1.370685605235794968e+00
1.362117553051362728e+00
1.373666287648390272e+00
1.372315161274241913e+00
1.379990130041207186e+00
1.371303691859815377e+00
1.367776130299487081e+00
1.372402397786658845e+00
1.373934283837357384e+00
1.369437774965347687e+00
1.371650578375701812e+00
1.373478206855505590e+00
1.368421084511365349e+00
1.369039066549379013e+00
1.379247818823003291e+00
1.372032773900387026e+00
1.372568859207615954e+00
1.372446078149561099e+00
1.385008402932227156e+00
1.372212500196810403e+00
1.381522925001714697e+00
1.381792352932464052e+00
1.378362408182377541e+00
1.366258025659861541e+00
1.366967582807170345e+00
1.370922651405849457e+00
1.357318762187353700e+00
1.374236063400229524e+00
1.369248988565543224e+00
1.374700919062715299e+00
1.365815062540543412e+00
1.370510948745980784e+00
1.390248427923044261e+00
1.375604877245295787e+00
1.366236243224238978e+00
1.384198740613223899e+00
1.359336836461229048e+00
1.358943562141581740e+00
1.378981007347768184e+00
1.357042141863147533e+00
1.370943232565890346e+00
1.374837516109643554e+00
1.369612585459978327e+00
1.371562058488382307e+00
1.376190800283788152e+00
1.380059187119983433e+00
1.371390742819071473e+00
1.372374097482775390e+00
1.372258038391412249e+00
1.377451905589234027e+00
1.373210145699050644e+00
1.381839484966198128e+00
1.379386569245518945e+00
1.359067521639284681e+00
1.369948193403253800e+00
1.379641728498467890e+00
1.374539820665971801e+00
1.370010801207507400e+00
1.371142148894467283e+00
1.362661333812206221e+00
1.379659048030590140e+00
1.364671980285722341e+00
1.365977909271503421e+00
1.390217209502013329e+00
1.374056968103283261e+00
1.368771710306846412e+00
1.371971622933036317e+00
1.360703032034176418e+00
1.361615361031476734e+00
1.372305727364245387e+00
1.365922754037110831e+00
1.361047049158859767e+00
1.373171203628642534e+00
1.379727454397437381e+00
1.373055056806983032e+00
1.364589857567888531e+00
1.378374654966665336e+00
1.364061008879065673e+00
1.382420909775861517e+00
1.376867894263947179e+00
1.377343441271897007e+00
1.361758739003546381e+00
1.368048424527846807e+00
1.364674698345539783e+00
1.361286622272718461e+00
1.366338436880800700e+00
1.369378671146802784e+00
1.386364867419056068e+00
1.375869793337429758e+00
1.367240287667262466e+00
1.366491291343539638e+00
1.375526198792268673e+00
1.384696926081952162e+00
1.368756126283976693e+00
1.373537617955867596e+00
1.374995354725825569e+00
1.378922594189676554e+00
1.371534446699894882e+00
1.361546946996067708e+00
1.369507284149644066e+00
1.378861352551257413e+00
1.369876288730521363e+00
1.361103775702514840e+00
1.389400999175252949e+00
1.373259210254696994e+00
1.369532933787442008e+00
1.373733188985353459e+00
1.372443359569641474e+00
1.374784076383898102e+00
1.366018864982568637e+00
1.375020084340903281e+00
1.368186300786645715e+00
1.371687515003763735e+00
1.378354612010374236e+00
1.370111633899620429e+00
1.377052432946230809e+00
1.368570792646384593e+00
1.359524761393960723e+00
1.361539164346476039e+00
1.366038795469920908e+00
1.368475200385705470e+00
1.383022444019143649e+00
1.383732642677864000e+00
1.365384555804940003e+00
1.365516767255902320e+00
1.368640030622386039e+00
1.387343103150166845e+00
1.383958808375582050e+00
1.371802553571727534e+00
1.380772554566274124e+00
1.364474458996386419e+00
1.355882588294327729e+00
1.376274306165157002e+00
1.374210806288412856e+00
1.369746625479797864e+00
1.376355809469815172e+00
1.379189968883770989e+00
1.362613230969382583e+00
1.372987152946726797e+00
1.380818924280844406e+00
1.371084537215290666e+00
1.378229849665534079e+00
1.371739489921689259e+00
1.387834513726736274e+00
1.387384782394218696e+00
1.380554312064199429e+00
1.359983601411739018e+00
1.367042260412398846e+00
1.382178111381164642e+00
1.377352556782923898e+00
1.378461225799071821e+00
1.375291686253073742e+00
1.381023732838787543e+00
1.374536198290764677e+00
1.387453047071314005e+00
1.362718073940302421e+00
1.368017410873929141e+00
1.376321132524268798e+00
1.374147307972443777e+00
1.378388530743894114e+00
1.373912985955903610e+00
1.378876156621750226e+00
1.369699063362466607e+00
1.368692759051073349e+00
1.370337944845871680e+00
1.376146628096185598e+00
1.377163841511236164e+00
1.377792850853536422e+00
1.380913648985077735e+00
1.360403485392649214e+00
1.363462200022869997e+00
1.376285515747902144e+00
1.366637703737417553e+00
1.372346371191497161e+00
1.376979797454948917e+00
1.369041115565001521e+00
1.378812918905554019e+00
1.364275490154206905e+00
1.376948120481326532e+00
1.368229319139472544e+00
1.388620532634980087e+00
1.367094033064326197e+00
1.374686893498988871e+00
1.380326065869565078e+00
1.387047132221755241e+00
1.381482739376149294e+00
1.367126977521922138e+00
1.376232073277659396e+00
1.363081062106459296e+00
1.381271361285111521e+00
1.366842040108195322e+00
1.369274973466007017e+00
1.368792586370909614e+00
1.377392654704516550e+00
1.364338693245872980e+00
1.375577370914347730e+00
1.373344461267530736e+00
1.383252299993385614e+00
1.379347035314705039e+00
1.367916298821220789e+00
1.359015611187224692e+00
1.366934803513108143e+00
1.375803761220353527e+00
1.359617761330026431e+00
1.361556856778545876e+00
1.376835477370443206e+00
1.381420720561468585e+00
1.369440469010833494e+00
1.379237717346638803e+00
1.380511789426340563e+00
1.381981871156028330e+00
1.377444583510158083e+00
1.366755079643896309e+00
1.373050150007121051e+00
1.385157650528687112e+00
1.359220021104072362e+00
1.361846216114187991e+00
1.377839265766495958e+00
1.368087098972291082e+00
1.373754547473558407e+00
1.374536242571823497e+00
1.366419372476992411e+00
1.358294883810311937e+00
1.371025343782563466e+00
1.369459843632045759e+00
1.368937852358885543e+00
1.370379859730938676e+00
1.355689330703041984e+00
1.385539342045384981e+00
1.372915089319641790e+00
1.384482438827540962e+00
1.371365337242989479e+00
1.359288665531464213e+00
1.365240074896925782e+00
1.374020179104752604e+00
1.369382202511255864e+00
1.360969539780409798e+00
1.370404013955002664e+00
1.384449283075098736e+00
1.360567602310552404e+00
1.367151397705306692e+00
1.366398264862690448e+00
1.367281952697901426e+00
1.379375798102304929e+00
1.376131363795474627e+00
1.378296419201574974e+00
1.374075707521453582e+00
1.373913496490686725e+00
1.379932331948169777e+00
1.371758346440725029e+00
1.372608206431400246e+00
1.380419713402551540e+00
1.369246013774384707e+00
1.360747030937139890e+00
1.379545554809468610e+00
1.371979764387307732e+00
1.374327358577790426e+00
1.371945708741596492e+00
1.377534614348732811e+00
1.376000495695619552e+00
1.367978780382611115e+00
1.372809907123447637e+00
1.373097551445642495e+00
1.361269135173642120e+00
1.367487968518358521e+00
1.376646516028880107e+00
1.369181235997321000e+00
1.365339132398644129e+00
1.366783805076803748e+00
1.371641585033595678e+00
1.379169253180705601e+00
1.369872823257079153e+00
1.365868614845990425e+00
1.371153734219401787e+00
1.367414219111546148e+00
1.366809138358947351e+00
1.375093349901957307e+00
1.373251318386133457e+00
1.373813223480271795e+00
1.372677038453135490e+00
1.377370807223784022e+00
1.372738024691462444e+00
1.379870284004824921e+00
1.378732475206744912e+00
1.371545094472290449e+00
1.385842951544766999e+00
1.370321815965845458e+00
1.373288278169748855e+00
1.372381879411012751e+00
1.373548683175499940e+00
1.371765198172942846e+00
1.363657671748834233e+00
1.373634387970273485e+00
1.371514165246681127e+00
1.385892166340640941e+00
1.369120129164220101e+00
1.376050496628134612e+00
1.381524769521676133e+00
1.377877208650445606e+00
1.358653784543448095e+00
1.371641353615502323e+00
1.374043213161616706e+00
1.377495359196038605e+00
1.376745654157185639e+00
1.365852664869068311e+00
1.373734126707458092e+00
1.365315625190623994e+00
1.365533704623976829e+00
1.382983679994399306e+00
1.379508709717405468e+00
1.374968570561072578e+00
1.369437051712358411e+00
1.374441832003586272e+00
1.364712079058854721e+00
1.381295365467148262e+00
1.354853518577356031e+00
1.366082213152972624e+00
1.363976384392049379e+00
1.379031405487922690e+00
1.374018231236661558e+00
1.369258499103287896e+00
1.367286257618043344e+00
1.375505700202676707e+00
1.364744778569876305e+00
1.368252533922058367e+00
1.381232506317570552e+00
1.376344619436070449e+00
1.370862675745434744e+00
1.367168676279598261e+00
1.390674196048232503e+00
1.381499515266253475e+00
1.379686442419472359e+00
1.366218958965953467e+00
1.359790925392163397e+00
1.370488111327474723e+00
1.377688643879803498e+00
1.362235759514580202e+00
1.374388821637108959e+00
1.377711046611666657e+00
1.387053983326201001e+00
1.376414638241575172e+00
1.370072805109117109e+00
1.371651601824656064e+00
1.368475200385705026e+00
1.369978290891863848e+00
1.370773435263027862e+00
1.374148598323721826e+00
1.373008398659058882e+00
1.374539043546111561e+00
1.360482617423837803e+00
1.375133843365299313e+00
1.356386511821195739e+00
1.375828284631423815e+00
1.373260441125965459e+00
1.365101877382937534e+00
1.364604189878317886e+00
1.371094311167632140e+00
1.354468356018663444e+00
1.368966749463319976e+00
1.378919350019547352e+00
1.363224496247849027e+00
1.374539043546111561e+00
1.378884868183882340e+00
1.380071401364401540e+00
1.383166839174584384e+00
1.370014982915932933e+00
1.378259075696773195e+00
1.362428749731886990e+00
1.372683937352280559e+00
1.369542594974864747e+00
1.375204244140295851e+00
1.375029418385568247e+00
1.366966429792177973e+00
1.354673953390254759e+00
1.363308467446099792e+00
1.361904621619846933e+00
1.369101977121821134e+00
1.365417699800729467e+00
1.367171842759801859e+00
1.361419878685538931e+00
1.363861383756967749e+00
1.374720835503983052e+00
1.379000988754974344e+00
1.379545588440556081e+00
1.375584211398185985e+00
1.371211663364900524e+00
1.360890642803626926e+00
1.365899299757694640e+00
1.377042098910861156e+00
1.358145355821929856e+00
1.361441360757617902e+00
1.380439289606385289e+00
1.367753904098869544e+00
1.369899252933532985e+00
1.375898569225993961e+00
1.384542922022994338e+00
1.374864137662191954e+00
1.377651817911137666e+00
1.385124127167465247e+00
1.377878945151488566e+00
1.381198808360858843e+00
1.373749643518694663e+00
1.372043925569456979e+00
1.374520083824318117e+00
1.373815518447500272e+00
1.367392273210856102e+00
1.361904621619846933e+00
1.359801894101406061e+00
1.377715912565940393e+00
1.373245210971876684e+00
1.372536472275760921e+00
1.364365916579305837e+00
1.361633158850911407e+00
1.367716842896604446e+00
1.367001668746791632e+00
1.362206534181037876e+00
1.373357100169036338e+00
1.363015423679172278e+00
1.372962438450173073e+00
1.372910862790065689e+00
1.367722298365930289e+00
1.370014982915932933e+00
1.382733641811003666e+00
1.371398602008701229e+00
1.377688853093571808e+00
1.362929096162670328e+00
1.378585204713895562e+00
1.374869931773573528e+00
1.379857071175514038e+00
1.366617912962232895e+00
1.370599376452147578e+00
1.379307157406535644e+00
1.382432532874536157e+00
1.376970746972597359e+00
1.364375732473604330e+00
1.362343645235880141e+00
1.366732515479001986e+00
1.359418652218729484e+00
1.391584567865965960e+00
1.373704756013390149e+00
1.362526558665573262e+00
1.365194407454794590e+00
1.380863129498275388e+00
1.374579813918435534e+00
1.378310223221731468e+00
1.385944758450985637e+00
1.383475031521656629e+00
1.382999498228595359e+00
1.373647094901485843e+00
1.364282789411950469e+00
1.359741695725012134e+00
1.377397290977712796e+00
1.377172639880500649e+00
1.368703496405429432e+00
1.362087938825566003e+00
1.364634097168936355e+00
1.362020408755287626e+00
1.383680515708239689e+00
1.369450983936608246e+00
1.369536398655602172e+00
1.372615537367295246e+00
1.363030842067567416e+00
1.366696897697780910e+00
1.366105810498137396e+00
1.369058089349184160e+00
1.374437992859307567e+00
1.373685009014489866e+00
1.367340114385398930e+00
1.376625563004458819e+00
1.358500149940490065e+00
1.377728503744737987e+00
1.370145608087199429e+00
1.359739835360584070e+00
1.379028491828363956e+00
1.365389913224711815e+00
1.368916152214920023e+00
1.362591245048002886e+00
1.369690486102548066e+00
1.382530922374483273e+00
1.370465198327309064e+00
1.381953366410948902e+00
1.371603450099821320e+00
1.360895353464052437e+00
1.371567667490559694e+00
1.375039662717961964e+00
1.370065661453331529e+00
1.376425672613207585e+00
1.368654998740415518e+00
1.370029303483785821e+00
1.367761507234369178e+00
1.377819758088058011e+00
1.357262729969655357e+00
1.372564958698380799e+00
1.365505014514887039e+00
1.386966836430526762e+00
1.357211307332501615e+00
1.365440357298295382e+00
1.372988560018237436e+00
1.358919490451116818e+00
1.373479857401269655e+00
1.362568235699701980e+00
1.377908473083590879e+00
1.374869931773573528e+00
1.381130986256138948e+00
1.368052544648402424e+00
1.371936504662992551e+00
1.372124364662320462e+00
1.368800912583573171e+00
1.363991246515158684e+00
1.377111262818660142e+00
1.376542107489241440e+00
1.364588623305112991e+00
1.375694443898274555e+00
1.380889157588187421e+00
1.379785675448449433e+00
1.376867894263947401e+00
1.366295096693234790e+00
1.379365666452566419e+00
1.371359081853769757e+00
1.362156566727501739e+00
1.370327859900951850e+00
1.368736637094625230e+00
1.366517056169857192e+00
1.386506981892756674e+00
1.387340185418447946e+00
1.378775239748157189e+00
1.371460794645215975e+00
1.369966128310706965e+00
1.367793762663480628e+00
1.356641591642534728e+00
1.382679670905537117e+00
1.362841612853958440e+00
1.364180299934415475e+00
1.373967857783003454e+00
1.377673933357941527e+00
1.368372808346136837e+00
1.371460224416895857e+00
1.378683184324359212e+00
1.384774456881900484e+00
1.369849617119985430e+00
1.357396150501007481e+00
1.378877499868467194e+00
1.378336643088294844e+00
1.353659873121335178e+00
1.357854928551764040e+00
1.375053009820129901e+00
1.370694938186528988e+00
1.364984359208729403e+00
1.374710930496507721e+00
1.372987152946726797e+00
1.370285908416393861e+00
1.383249942861368709e+00
1.366612686478796412e+00
1.364264537603910643e+00
1.371820052315850358e+00
1.379849383529712314e+00
1.361585028744678461e+00
1.364735047074482566e+00
1.373805427638558285e+00
1.358130792280144217e+00
1.380672674190451810e+00
1.372197279350265031e+00
1.367589558730458066e+00
1.372539041578050512e+00
1.377980399835438741e+00
1.371431710352929434e+00
1.365668760213763377e+00
1.363862509327221861e+00
1.359690448642976168e+00
1.371198844771734260e+00
1.378053325693310294e+00
1.362989262082138442e+00
1.374845750716655379e+00
1.379457661684077463e+00
1.366057278089969795e+00
1.372622052979314722e+00
1.366859543340974703e+00
1.365737086662557553e+00
1.362343645235879919e+00
1.375512536277633924e+00
1.377970211910006348e+00
1.389953194775033651e+00
1.373149301165921043e+00
1.364476921580214386e+00
1.366735377063318824e+00
1.373785993916329717e+00
1.367312093808756623e+00
1.376503540086612354e+00
1.370355069561584482e+00
1.362999548422583862e+00
1.362204858242480832e+00
1.367290024918789593e+00
1.373023108814752202e+00
1.388556792098520898e+00
1.364245983879259771e+00
1.370830903844158177e+00
1.383339161577831877e+00
1.374367320964402062e+00
1.363397598090740903e+00
1.360028865223208205e+00
1.357329941345116309e+00
1.389416159603092282e+00
1.385184175533781481e+00
1.356007224612318707e+00
1.375728526524424344e+00
1.379074347807376366e+00
1.366014395649324031e+00
1.361750410773873154e+00
1.375298195640199506e+00
1.378680742143720828e+00
1.373082777456358095e+00
1.367498222265096430e+00
1.377264372700056638e+00
1.366940672732147588e+00
1.369981005148902975e+00
1.365349336683341575e+00
1.375153700092483833e+00
1.365139305464586839e+00
1.370448296075043260e+00
1.379085064950109629e+00
1.371830650565697196e+00
1.382509575427462556e+00
1.366927225705742988e+00
1.369500983468484145e+00
1.371276400084800118e+00
1.364362520632385722e+00
1.368729148319691058e+00
1.363257040124261410e+00
1.375721092439098792e+00
1.369005638214623177e+00
1.371353741817822991e+00
1.367681336517889035e+00
1.382469184425615616e+00
1.365219005923315132e+00
1.378517938266304643e+00
1.380114206137658117e+00
1.373775871502398216e+00
1.372381243887251578e+00
1.376450598238117218e+00
1.378367272453715264e+00
1.385526338254645884e+00
1.382915857266823645e+00
1.369570208258442223e+00
1.367993857101586386e+00
1.375676919383439500e+00
1.365126204270969534e+00
1.376990401481942072e+00
1.363771743540768355e+00
1.367361860867027934e+00
1.356077348981514552e+00
1.365086056959392558e+00
1.386516055317104534e+00
1.374224979742924901e+00
1.367483261697090446e+00
1.368878416395561404e+00
1.370861310948551903e+00
1.371112808409919337e+00
1.372277766051610115e+00
1.379151330497495387e+00
1.372088906378889472e+00
1.370443756460038243e+00
1.383022932044127185e+00
1.358258286753651678e+00
1.370644661944234732e+00
1.374961268763504885e+00
1.371549218387726921e+00
1.367680599412381737e+00
1.370723448542717104e+00
1.366915552379506682e+00
1.370323408980456570e+00
1.372686803147153300e+00
1.371498529629395779e+00
1.369956038949052157e+00
1.361613964296835011e+00
1.379457661684077685e+00
1.374866907821490569e+00
1.369540746952276233e+00
1.367799243364857364e+00
1.365627058742126199e+00
1.369696579335295983e+00
1.367937071507173030e+00
1.370697558894240276e+00
1.369606816938879534e+00
1.375001762531355087e+00
1.373048020192894070e+00
1.373351156263833861e+00
1.373042852474354536e+00
1.377072059443912089e+00
1.368003924671941540e+00
1.391720574726074133e+00
1.376770579137560402e+00
1.370781782955714290e+00
1.371685242449168118e+00
1.372596117224055279e+00
1.366726698222935132e+00
1.371424345619049356e+00
1.370126159197110782e+00
1.365417083201212689e+00
1.365825551713884867e+00
1.356899186217148001e+00
1.357112789349649518e+00
1.355198819715097036e+00
1.373552722369288714e+00
1.386471218925665827e+00
1.362475269194314498e+00
1.355659496836146394e+00
1.369982760166531977e+00
1.380078824628482304e+00
1.371056260444269315e+00
1.370298210165417085e+00
1.370483923782199742e+00
1.366657396684650916e+00
1.358059792035628988e+00
1.376565469276872511e+00
1.366560749141473963e+00
1.366092278289556372e+00
1.367533271329183453e+00
1.366445817936481566e+00
1.376421869420658917e+00
1.363219940291816368e+00
1.371042785070617054e+00
1.367372027701981851e+00
1.364654176260209573e+00
1.363113997656162590e+00
1.360448115590736640e+00
1.378659024109674558e+00
1.359367704486688977e+00
1.372813744806920866e+00
1.381488501447312611e+00
1.370080138059446506e+00
1.373256756595471417e+00
1.364487382372426616e+00
1.383566622919937927e+00
1.382311240645444972e+00
1.365409121794850300e+00
1.364079239863389414e+00
1.377885408286880553e+00
1.372151627600584289e+00
1.376839460774427426e+00
1.373320084652670747e+00
1.371200676031932408e+00
1.374263923661167563e+00
1.382726568580026738e+00
1.383169687177685958e+00
1.375796892168848373e+00
1.353914838001340160e+00
1.371630170399333659e+00
1.375301203641402292e+00
1.367508142381438141e+00
1.361017497918007857e+00
1.374962966058033809e+00
1.374727693569337550e+00
1.370579246959169772e+00
1.371502361693685890e+00
1.369451519374140558e+00
1.363327902238343547e+00
1.372236556504254912e+00
1.373235288186482883e+00
1.374266361517790358e+00
1.374420123026141027e+00
1.377649206180189045e+00
1.366732257722770960e+00
1.369680803577006056e+00
1.368920379437121637e+00
1.376594617831131240e+00
1.371593612380179961e+00
1.371808373167541895e+00
1.366707929928099752e+00
1.358438325391196466e+00
1.355950567205746138e+00
1.372088906378889472e+00
1.368180046883964662e+00
1.374222224385774238e+00
1.372940961457426612e+00
1.367382073691674194e+00
1.361553951673577290e+00
1.380410379926609421e+00
1.358068266473343666e+00
1.374505329353660432e+00
1.366093454711162281e+00
1.373805394164928417e+00
1.373695588153958980e+00
1.372541461862159862e+00
1.371226411457014738e+00
1.387975660324120675e+00
1.356689563791269704e+00
1.366119605456936004e+00
1.355748659240164411e+00
1.369895042131638707e+00
1.363862509327221861e+00
1.365516657886892693e+00
1.384631127338577627e+00
1.373537241758477467e+00
1.376875237635447169e+00
1.373701137974813413e+00
1.369064992070636366e+00
1.365375251245435573e+00
1.378026617760424566e+00
1.375962449029196399e+00
1.377341285460229159e+00
1.367572752779424139e+00
1.369866148741092138e+00
1.382136003922186385e+00
1.372099339625338477e+00
1.373101683210607105e+00
1.366242035703958191e+00
1.384547256208941368e+00
1.370155469851962904e+00
1.377347910296427225e+00
1.376199150771368673e+00
1.370625752518523699e+00
1.376828495854234724e+00
1.367865497756027837e+00
1.371936475480055373e+00
1.375077610289158869e+00
1.369107054375407140e+00
1.375967168982707545e+00
1.381574763746237444e+00
1.369403770792501529e+00
1.367962313475667102e+00
1.373105371353936288e+00
1.368692493343552252e+00
1.373797540911940063e+00
1.364704844046414234e+00
1.356688918421820489e+00
1.379687112513592329e+00
1.369401372613352041e+00
1.365424091207370960e+00
1.359455927963713728e+00
1.361331438912666059e+00
1.376247459448989519e+00
1.363507569713374945e+00
1.374279567720098294e+00
1.370483923782199520e+00
1.374986054342734576e+00
1.386259663865649694e+00
1.368933560702139340e+00
1.383305800290873577e+00
1.371289120818404594e+00
1.377507584454719103e+00
1.368041723695332612e+00
1.371108359135394084e+00
1.359698566655811680e+00
1.374813240910854661e+00
1.372180920999633846e+00
1.371339120125261379e+00
1.374257975704886281e+00
1.357807607753100054e+00
1.361195629270423257e+00
1.356675803509940881e+00
1.368673646436049385e+00
1.367978584420316723e+00
1.365304140320576343e+00
1.375067436528950360e+00
1.367943164168235359e+00
1.358037265741818267e+00
1.377427883528584029e+00
1.376768543766828667e+00
1.372427522068204508e+00
1.372399268051050170e+00
1.368100289674250680e+00
1.367212295386180054e+00
1.371884152822048231e+00
1.373972502824964970e+00
1.377122954139940347e+00
1.369322782484054590e+00
1.361905602831848583e+00
1.367838429680383161e+00
1.365784358183789626e+00
1.365257441177236686e+00
1.367881505869622094e+00
1.381093022593445907e+00
1.380545438534339642e+00
1.365705433177539341e+00
1.365626994955634776e+00
1.387748127141178678e+00
1.377336705631228897e+00
1.375494952032209062e+00
1.366361283963164031e+00
1.378085456763022743e+00
1.358769118092234551e+00
1.376175174791043787e+00
1.368515275736245540e+00
1.367766686417106081e+00
1.362003660567933760e+00
1.365461036221061963e+00
1.361827792886214583e+00
1.389466165346990856e+00
1.369133534075566816e+00
1.383465029014772085e+00
1.383253467123692682e+00
1.362276400051116942e+00
1.381924137000206443e+00
1.370845413138463309e+00
1.375405236582350144e+00
1.366421669646333159e+00
1.363133059641277844e+00
1.372505246009395163e+00
1.373406841695206770e+00
1.374051493398180224e+00
1.371261440401788656e+00
1.366447938860307243e+00
1.365666075642480548e+00
1.360174397781975575e+00
1.390377057796397864e+00
1.376177472464181761e+00
1.367226588115058705e+00
1.371122942636069375e+00
1.370373109994132976e+00
1.380484127128158933e+00
1.385676990161242683e+00
1.381602355202742771e+00
1.371042785070617054e+00
1.388831392749366289e+00
1.381627749680283790e+00
1.359946123110659100e+00
1.371457479432013571e+00
1.363796576520805548e+00
1.364014779553837098e+00
1.374054256898733728e+00
1.366247890019513633e+00
1.383031507887664047e+00
1.349382480192338418e+00
1.371447120399166719e+00
1.365438066531600159e+00
1.364819229762712860e+00
1.367297142481135319e+00
1.375885114365426265e+00
1.373034063532765581e+00
1.375373439650089180e+00
1.370966056877770844e+00
1.367898527127362485e+00
1.372262850659653255e+00
1.368360550338541204e+00
1.362296446475777856e+00
1.383148958382823812e+00
1.373104476860092626e+00
1.361761116435065810e+00
1.388254590624787843e+00
1.373821690265550899e+00
1.370542563831607108e+00
1.378892462482917969e+00
1.359529859167392551e+00
1.373053030630867921e+00
1.357131462765032159e+00
1.363268869581142129e+00
1.371279142394055794e+00
1.360900297072829890e+00
1.375227822369725406e+00
1.377861197880233757e+00
1.375681272582848447e+00
1.382542483678640854e+00
1.361398825004424440e+00
1.375895496367471660e+00
1.364177842277385588e+00
1.370733287443819615e+00
1.377573810758878414e+00
1.367886174767491969e+00
1.368605422435950736e+00
1.372691058543720422e+00
1.376838579597413847e+00
1.362734666615140977e+00
1.365361631125336261e+00
1.363937439805448237e+00
1.367888892035979742e+00
1.384201448593069594e+00
1.365760349059548462e+00
1.379684417602572877e+00
1.370411410551692244e+00
1.363641841040110991e+00
1.360618898956421186e+00
1.370361311989720221e+00
1.374810099141182240e+00
1.375921903891903275e+00
1.366835747462265660e+00
1.355748661182180070e+00
1.364785369392542913e+00
1.371772362007866786e+00
1.375227822369725628e+00
1.376305331328075310e+00
1.368556045288900958e+00
1.374558365782072356e+00
1.371143643468609730e+00
1.379991802470035500e+00
1.374454129508737799e+00
1.373199938635918160e+00
1.371601770272510512e+00
1.368733331755900728e+00
1.369879570836928684e+00
1.378603780366165932e+00
1.371147907024126811e+00
1.374996225092795843e+00
1.364077089542988119e+00
1.368543449210705143e+00
1.373198821997959618e+00
1.373866983815911214e+00
1.375505133927479529e+00
1.368852544183080555e+00
1.373558315836869825e+00
1.374057042198419287e+00
1.367078959216928347e+00
1.357136757488461631e+00
1.363025727000572562e+00
1.362927338228325125e+00
1.369933040297651505e+00
1.365237934361761774e+00
1.372245260391229182e+00
1.386591768527129620e+00
1.384132527261756174e+00
1.364080938383532393e+00
1.374965737623532025e+00
1.380111673311959830e+00
1.371966267782075644e+00
1.370388500434222889e+00
1.364839048066747829e+00
1.361000588504855502e+00
1.366515234834815962e+00
1.363100429075456921e+00
1.375332963148757415e+00
1.370322275044858484e+00
1.371430033705215212e+00
1.369350199808651691e+00
1.371210873287755483e+00
1.363998101033632171e+00
1.359203197057551549e+00
1.370750806614637662e+00
1.372314212491534846e+00
1.371105411425761700e+00
1.379033489200970353e+00
1.373028359047959723e+00
1.369188165097033449e+00
1.376727108187112192e+00
1.363585467363594983e+00
1.357942777136556645e+00
1.352327484203534880e+00
1.371731165542421804e+00
1.365462668271808955e+00
1.362782633492307438e+00
1.374402051607019892e+00
1.365449830501415107e+00
1.378488427338242506e+00
1.350052219024684419e+00
1.365385834485059124e+00
1.362633047944176612e+00
1.367498621449095619e+00
1.380542281021310824e+00
1.381960255620393374e+00
1.368119772351767294e+00
1.370004439968511400e+00
1.357914365386510225e+00
1.370532401293515168e+00
1.375074981667744556e+00
1.361878164453108164e+00
1.361760761020596400e+00
1.379731324233222756e+00
1.361781888507075378e+00
1.372144232642251049e+00
1.362694464822425511e+00
1.365148005285973243e+00
1.360679917410887230e+00
1.383697902352777342e+00
1.385214108801326116e+00
1.365381870066775472e+00
1.364206312383511532e+00
1.367889402592760151e+00
1.354174619897563492e+00
1.368860451979722948e+00
1.379825395271855326e+00
1.364717738295214255e+00
1.360069981617785917e+00
1.365653348106087739e+00
1.370535744711865567e+00
1.378209333234986289e+00
1.378160396153716105e+00
1.372118595211023973e+00
1.368360711976212674e+00
1.372686926033301003e+00
1.366063292195502266e+00
1.369547868211796082e+00
1.381797514014328820e+00
1.388087062013034112e+00
1.366921304243151614e+00
1.361497164712714092e+00
1.355211639938830759e+00
1.368995849737431270e+00
1.374623429156369037e+00
1.382836213130233194e+00
1.364521126937416007e+00
1.376276256435329914e+00
1.379516933225447328e+00
1.374562011213347423e+00
1.375687239898123693e+00
1.385038932349002438e+00
1.369640808562505141e+00
1.372351732761701193e+00
1.370129009516923624e+00
1.365204698601907962e+00
1.357998637801886233e+00
1.366657396684650694e+00
1.377122954139940347e+00
1.373832272337376814e+00
1.368743431675429445e+00
1.363379067369840270e+00
1.370097172425756016e+00
1.377663569389282916e+00
1.364940857773490945e+00
1.363616983250464321e+00
1.371697741296769246e+00
1.375910039219259806e+00
1.358845915803402304e+00
1.374742804209987401e+00
1.370476428945950564e+00
1.372128483209535288e+00
1.378589282526941684e+00
1.393061230408648932e+00
1.386935335510393275e+00
1.377297110582897277e+00
1.374746084787284772e+00
1.379379296736597205e+00
1.372865085938819840e+00
1.374657748401597157e+00
1.361299471833606889e+00
1.356775460155504431e+00
1.373436123253968466e+00
1.363171492541925600e+00
1.359558855014033174e+00
1.368370838662579470e+00
1.369427804450709552e+00
1.368543563308593392e+00
1.377248861790423939e+00
1.356469878847338606e+00
1.373906598334063700e+00
1.378417860570320341e+00
1.361088345404400712e+00
1.366875173352081418e+00
1.365571522529263282e+00
1.370878012158231130e+00
1.367912822464051770e+00
1.381082158209476773e+00
1.364020199829093061e+00
1.372878021551216410e+00
1.370249198922663947e+00
1.378535153508518185e+00
1.373923872658344925e+00
1.372665079390286369e+00
1.370955383477405976e+00
1.370567148959322967e+00
1.369052394883503387e+00
1.371890108379351103e+00
1.367269283352046116e+00
1.366523126975845548e+00
1.364316346937106239e+00
1.378023924428032565e+00
1.369353840165085323e+00
1.362319940439276067e+00
1.363399079749636700e+00
1.369634994559357111e+00
1.380931584542738344e+00
1.366972532890213810e+00
1.366271964014128537e+00
1.384472228088649448e+00
1.381482733637430682e+00
1.367758847108468734e+00
1.360460035591809724e+00
1.360077465796627694e+00
1.376046286401592766e+00
1.376011277105114283e+00
1.352424233872868031e+00
1.373467376514521332e+00
1.375202525074767701e+00
1.373517543626549653e+00
1.385453529238442894e+00
1.358230700416168224e+00
1.350003645320251300e+00
1.365104114883162190e+00
1.372100445887953324e+00
1.356560986282592030e+00
1.362307626334136490e+00
1.369998444057026976e+00
1.381136223684273467e+00
1.371602871887443786e+00
1.381665905146648221e+00
1.376631774131507502e+00
1.368355130149393695e+00
1.382107947212574572e+00
1.372393730066072237e+00
1.380662524452989315e+00
1.373386062452515821e+00
1.366216824122553186e+00
1.367244812446618552e+00
1.371882582875435075e+00
1.365561901863113103e+00
1.374286053436128308e+00
1.379265597900449336e+00
1.380518782098695718e+00
1.379787877778808847e+00
1.370759785496652228e+00
1.376755554048162633e+00
1.364801335604203247e+00
1.388461695779902749e+00
1.364854365182851526e+00
1.363025727000572562e+00
1.370691767073522804e+00
1.371248746801456475e+00
1.373563887567840869e+00
1.362148755448936432e+00
1.372193726538281311e+00
1.374898968537582977e+00
1.371165471963364135e+00
1.389454471734661967e+00
1.364408577179367699e+00
1.365216639264584142e+00
1.365340874418022654e+00
1.364094857183498544e+00
1.361467711544950943e+00
1.369595073723115730e+00
1.387020353818847918e+00
1.359955252121094693e+00
1.374310169178182717e+00
1.358862701628001712e+00
1.356501197559444094e+00
1.358595689119242333e+00
1.375089984094293172e+00
1.373015888103967130e+00
1.374677372010494114e+00
1.382280635348180908e+00
1.367553498565083014e+00
1.377475682391448908e+00
1.374409490133287060e+00
1.367563371491675950e+00
1.369510842245598603e+00
1.373940516780667975e+00
1.380574128289729030e+00
1.366906850465852585e+00
1.374562157392779316e+00
1.373150748536557719e+00
1.360315541925257499e+00
1.376959540598464038e+00
1.374079565667740255e+00
1.372237091722614988e+00
1.378632740558080050e+00
1.370248561737575477e+00
1.369471303355715319e+00
1.370629366334543908e+00
1.368723041313200550e+00
1.369728324548405318e+00
1.384549773066220846e+00
1.371091789266069449e+00
1.375136073665232495e+00
1.356058107988464601e+00
1.369989196127250120e+00
1.366558953696916712e+00
1.369768746742388466e+00
1.369870904570346770e+00
1.370179551542649143e+00
1.364919265635638590e+00
1.361768197445174522e+00
1.387897808889091200e+00
1.362238756834888376e+00
1.364161439798538877e+00
1.373286756442519518e+00
1.362288598657326988e+00
1.372292283043111905e+00
1.375999431046090793e+00
1.372539774252858669e+00
1.372245260391229404e+00
1.362970678780007550e+00
1.370389412657851747e+00
1.364203886673832855e+00
1.376974000674802578e+00
1.381706462926807877e+00
1.369444130517484481e+00
1.372455928248302870e+00
1.361254953740658857e+00
1.373826783628147030e+00
1.377500086537274848e+00
1.380507472964660920e+00
1.364033603671400252e+00
1.363327902238343770e+00
1.367413518174514619e+00
1.377271458442547614e+00
1.370567148959322745e+00
1.378912517808909444e+00
1.361768491815218196e+00
1.371773359178782625e+00
1.380735515056824791e+00
1.373390667354193795e+00
1.373457152412191240e+00
1.363246937199915187e+00
1.377816956088264266e+00
1.377643135344556180e+00
1.368535488447951476e+00
1.361018114787184485e+00
1.365674315096623959e+00
1.353818452135330697e+00
1.352526899046822439e+00
1.371575449865174212e+00
1.366540638820867182e+00
1.370327963409051275e+00
1.377923981732397829e+00
1.379984360234698171e+00
1.368333479224078664e+00
1.377268150644476830e+00
1.364933310646803788e+00
1.371600110400642336e+00
1.371598106197454259e+00
1.378805659157014141e+00
1.361319921375145459e+00
1.366465092552661575e+00
1.367651144469485214e+00
1.368207376094272121e+00
1.355719651415548510e+00
1.371238710140557426e+00
1.369044364460996865e+00
1.364467562362665198e+00
1.372028972024458504e+00
1.367903622407890207e+00
1.368240026518860564e+00
1.369383006879435483e+00
1.369372881017344001e+00
1.382247196173121306e+00
1.365860976289455131e+00
1.363535410424780991e+00
1.376290211066989455e+00
1.373135499732205611e+00
1.364928614214964364e+00
1.373645508282148819e+00
1.363520898261088243e+00
1.368971330337114045e+00
1.356622322659035706e+00
1.376091006307867071e+00
1.376183936025672017e+00
1.379686050963123911e+00
1.380585299770235919e+00
1.374365472554881951e+00
1.372552464556023866e+00
1.370541431644961783e+00
1.377630967395150341e+00
1.367513557965983395e+00
1.367765605422709196e+00
1.369201305031641835e+00
1.375302007468979903e+00
1.370662817252098931e+00
1.375414926552863681e+00
1.371322042278246167e+00
1.366775666799669109e+00
1.359439826415334451e+00
1.365114048210124276e+00
1.363172705308911103e+00
1.377491715072828526e+00
1.376378583029620462e+00
1.369736353812487595e+00
1.368724258169053520e+00
1.373486743741267890e+00
1.366185829785970585e+00
1.373041474880188018e+00
1.367969853881715325e+00
1.362433171380517782e+00
1.360978662583639753e+00
1.372914199006658231e+00
1.366598674161488391e+00
1.370801045658590400e+00
1.381752744636337571e+00
1.371021416292111050e+00
1.363050524688551368e+00
1.368861711283459570e+00
1.372342122140634446e+00
1.368297761134481316e+00
1.356887600395505489e+00
1.368043126496903295e+00
1.371846860831672510e+00
1.363690266837559451e+00
1.369139049973819411e+00
1.375576895238247443e+00
1.366794481398267092e+00
1.365501741666597324e+00
1.374989652077057478e+00
1.372010542054405979e+00
1.373011993616726434e+00
1.361601776713826428e+00
1.372183752922231603e+00
1.360384515622468315e+00
1.363787398104702620e+00
1.364793933254048852e+00
1.383558756450083749e+00
1.364983199310706219e+00
1.380693589508424690e+00
1.366329428735531870e+00
1.366426553678379952e+00
1.358192551741453480e+00
1.371137604287054446e+00
1.373500403481098919e+00
1.380165991632379408e+00
1.366431363250619979e+00
1.358850303173285257e+00
1.385337362409483797e+00
1.368953795521122396e+00
1.367726721643346632e+00
1.365082378182898903e+00
1.371127261248717311e+00
1.368630790686891086e+00
1.370666462487287962e+00
1.383649936344067966e+00
1.367175278885064404e+00
1.369696212616657638e+00
1.363264452269981497e+00
1.381576782610326459e+00
1.376212700620501606e+00
1.366486759968375875e+00
1.355507674017032205e+00
1.372903404741074640e+00
1.353645928195187809e+00
1.362054290767132692e+00
1.363551966791504366e+00
1.354013922327327979e+00
1.366894369351441041e+00
1.379686050963123911e+00
1.355280388588701257e+00
1.373074277226941309e+00
1.375854360787712949e+00
1.374616368199864436e+00
1.380533847669498604e+00
1.359442910037922614e+00
1.354326502962537981e+00
1.370544191992651539e+00
1.367559292657729353e+00
1.360257551198704729e+00
1.364163583279673020e+00
1.368256060400704355e+00
1.377844200249867646e+00
1.365562727459452619e+00
1.371818218656866373e+00
1.373211500143590058e+00
1.367361628103049398e+00
1.370623936524770770e+00
1.368388278590453311e+00
1.363188389281104085e+00
1.366141538616875151e+00
1.373635257749443728e+00
1.362954797732242040e+00
1.364139594020659763e+00
1.372594950209137021e+00
1.374408328225453557e+00
1.370430066603235630e+00
1.373671026867158806e+00
1.368525335823696398e+00
1.374257627198582910e+00
1.374763988063621545e+00
1.365015997891916077e+00
1.368156100346295867e+00
1.369915283906097958e+00
1.374872380809816663e+00
1.362150205143435766e+00
1.361427353202115276e+00
1.370264636647819723e+00
1.360474802217010559e+00
1.370866863850818573e+00
1.376397480074569746e+00
1.360673494049537746e+00
1.367536153929463705e+00
1.374917716825814651e+00
1.377336393586454433e+00
1.368491641348377419e+00
1.366594682669740601e+00
1.365339714853705200e+00
1.358437305788154692e+00
1.369872730945218331e+00
1.374958870220633678e+00
1.368823357932069218e+00
1.363056830774199257e+00
1.375359045321040474e+00
1.374562304722590111e+00
1.378009635401473476e+00
1.369653361604439068e+00
1.374303787659022946e+00
1.373066845886842691e+00
1.368917229060550245e+00
1.371278926462674130e+00
1.378524410644220044e+00
1.371279058104303727e+00
1.357236133746397400e+00
1.369888317763623409e+00
1.377721396849464819e+00
1.375213070227477408e+00
1.372742026004508231e+00
1.387269099632911784e+00
1.380227122275211826e+00
1.355367379012025975e+00
1.370685359745160481e+00
1.373518132678490877e+00
1.365303212833949509e+00
1.365053015509453349e+00
1.360584266612867355e+00
1.368241647416552187e+00
1.356518105781419736e+00
1.363203168709434587e+00
1.368530529674957918e+00
1.361448435439912563e+00
1.359471232060947665e+00
1.374770032855834101e+00
1.371021416292111050e+00
1.347769767739464664e+00
1.360241006434585787e+00
1.364893171883129419e+00
1.369259050974591663e+00
1.367456184112495476e+00
1.355738615151908188e+00
1.365311528287701970e+00
1.369638251193888712e+00
1.372883958071203114e+00
1.366409680421421413e+00
1.382018481326173331e+00
1.377862956544929629e+00
1.369535314498499856e+00
1.375195090143321197e+00
1.361046747981814464e+00
1.371590660360227698e+00
1.372455599631876133e+00
1.369329923802717008e+00
1.375665043834744194e+00
1.369406984893893675e+00
1.362672859950367465e+00
1.362108110954011631e+00
1.377355973842923520e+00
1.367681090929079080e+00
1.375727775207397308e+00
1.378584775599914991e+00
1.373938718444117191e+00
1.376429295489883575e+00
1.368200872990340988e+00
1.356070277772570609e+00
1.346607276222188787e+00
1.372056311713496068e+00
1.363102073945376969e+00
1.372782698044048511e+00
1.365784575210738927e+00
1.364133521647367120e+00
1.359306641642695102e+00
1.359550240305001267e+00
1.359937482117512975e+00
1.369983427653921115e+00
1.371131621867713424e+00
1.367451032095540420e+00
1.372608962013029510e+00
1.368199939338196724e+00
1.368372431399557110e+00
1.363633076559026991e+00
1.368142657095145598e+00
1.365045613159299398e+00
1.365054122845297035e+00
1.366629406185673412e+00
1.371847102559648812e+00
1.372156043760554001e+00
1.351148802593079790e+00
1.374015863492489942e+00
1.377733966008613420e+00
1.369283304705173787e+00
1.383673032735740271e+00
1.363799846846468711e+00
1.369084090365491058e+00
1.353503062673653501e+00
1.353472802462215796e+00
1.366375129989843229e+00
1.374352625038347764e+00
1.369771397135814306e+00
1.376593791583835102e+00
1.369666633659123001e+00
1.373155080134440986e+00
1.369053501443036280e+00
1.366985028899754484e+00
1.377761798773789348e+00
1.371846553155025683e+00
1.383021353781940244e+00
1.356948269213254399e+00
1.372434533745122254e+00
1.374880990245364698e+00
1.370429632185572899e+00
1.374444709697622002e+00
1.370785585555739816e+00
1.381350361600140575e+00
1.372689814921239426e+00
1.361192333379989128e+00
1.358665916326830203e+00
1.367912972472115962e+00
1.359371211314158057e+00
1.370400592411585849e+00
1.362168015049280534e+00
1.364604505687537106e+00
1.370515399987918714e+00
1.377147569838076846e+00
1.370008634902243561e+00
1.367698076487493530e+00
1.371938646248149984e+00
1.366291598657213724e+00
1.366857048079361148e+00
1.361859077464163237e+00
1.377574490911684046e+00
1.371008073734315769e+00
1.377847021915095338e+00
1.362200943081461890e+00
1.367217882388934491e+00
1.369675517229647532e+00
1.361848949650396268e+00
1.376252862155722623e+00
1.377200893589230146e+00
1.373357638921328228e+00
1.370190369529802110e+00
1.371534975239654175e+00
1.378770156963208926e+00
1.351328126086521086e+00
1.382937714457767253e+00
1.372509056142932726e+00
1.371488030207634656e+00
1.382987655578046926e+00
1.361877401658548870e+00
1.373849067181897921e+00
1.366581948769702626e+00
1.380261765816881647e+00
1.358812867533615742e+00
1.359958702722041668e+00
1.376026484835882968e+00
1.375038260763229658e+00
1.371091789266069227e+00
1.372247919086585943e+00
1.364481547187338606e+00
1.367262467333236087e+00
1.369958820862102744e+00
1.358737876559777957e+00
1.367551418660218898e+00
1.370307321859574268e+00
1.354785872741070429e+00
1.355225987922518582e+00
1.364957150715799594e+00
1.361259673883975063e+00
1.363943936678035040e+00
1.365819558431127900e+00
1.374249074557660322e+00
1.348316384114462974e+00
1.366794676704708111e+00
1.367690590293797692e+00
1.375830427480381202e+00
1.370705346501094324e+00
1.363873232594283058e+00
1.358439088932621663e+00
1.362090527965688747e+00
1.367722698057600050e+00
1.375272367532707429e+00
1.376375766778123344e+00
1.372844544448219573e+00
1.372583808780441617e+00
1.367438590871164150e+00
1.365515270395227132e+00
1.366084614769621286e+00
1.370354651380671029e+00
1.367059509930538708e+00
1.360993935431322077e+00
1.365795605896761078e+00
1.378066833180311201e+00
1.370979873442836450e+00
1.376415162879800702e+00
1.372338574557192548e+00
1.359794672069425836e+00
1.373109637534262628e+00
1.370505177847484157e+00
1.368288926256612248e+00
1.373347357776996347e+00
1.377055818606928383e+00
1.370608995411369380e+00
1.375236150250421563e+00
1.366516783617578668e+00
1.376923889636592069e+00
1.376788302420556720e+00
1.368761344415591719e+00
1.376260053779564174e+00
1.368553770818000226e+00
1.366314193673447974e+00
1.387902588729221565e+00
1.363869556350190804e+00
1.373702366579978573e+00
1.366943217788435971e+00
1.359452011908781621e+00
1.374033733488775999e+00
1.369814335720854981e+00
1.373137301192373982e+00
1.371700170436707555e+00
1.381988269262496294e+00
1.366638592749151115e+00
1.362515415057693469e+00
1.370933496495684301e+00
1.370250602245282723e+00
1.366997708466858530e+00
1.366170206436324808e+00
1.369115674361925050e+00
1.354274150527559284e+00
1.359693104459299029e+00
1.380234579050258814e+00
1.371021381032817565e+00
1.360323600609326444e+00
1.373542201933618978e+00
1.359973229550420104e+00
1.372881313986554774e+00
1.365339714853704978e+00
1.369782543588265566e+00
1.368652591587571132e+00
1.374714040832924145e+00
1.381152070224623829e+00
1.371707667743408354e+00
1.349006985996126673e+00
1.359142040483442448e+00
1.363352020527689001e+00
1.376271341716300833e+00
1.358578018360963036e+00
1.374154809004063837e+00
1.370280303573799152e+00
1.357075499431899424e+00
1.361712753645557328e+00
1.360027606692368218e+00
1.370508574267312873e+00
1.358903421902610376e+00
1.367687837711424770e+00
1.378301358797636711e+00
1.362321128104450718e+00
1.363486588583124881e+00
1.364602786514645505e+00
1.373502631441241961e+00
1.381853641874734917e+00
1.376332290898419686e+00
1.362337134237203928e+00
1.355631842962539357e+00
1.367961606237498184e+00
1.368814963640584192e+00
1.372415891241597574e+00
1.359035883325215410e+00
1.362353568003805693e+00
1.364327248058239572e+00
1.370072380340669360e+00
1.361306417289586346e+00
1.373952141512875702e+00
1.367772958611843892e+00
1.378941965725679175e+00
1.375335704629565781e+00
1.371662328695100852e+00
1.376591296230147199e+00
1.374183725894533969e+00
1.372608990839156107e+00
1.371251115671830334e+00
1.369627711520273294e+00
1.375256879807278620e+00
1.364042792692434780e+00
1.363730324191567700e+00
1.356233536098909287e+00
1.373849176043044906e+00
1.357571020160611486e+00
1.364241619017924068e+00
1.372018006176345395e+00
1.366058057855821684e+00
1.367142357033197753e+00
1.371837490226671896e+00
1.358123111575989972e+00
1.370972814451338673e+00
1.365600139064054863e+00
1.371053150944851362e+00
1.360781409202794556e+00
1.377276998043467593e+00
1.365864264109963866e+00
1.378106663986000902e+00
1.364674167001494132e+00
1.362263075326835660e+00
1.370487914539292751e+00
1.368094625539171494e+00
1.358939028718328057e+00
1.375867708653655264e+00
1.375029941181936000e+00
1.370533331604114391e+00
1.359115550543664508e+00
1.366061724879031658e+00
1.372952894060758045e+00
1.375917951271895978e+00
1.360086841845679517e+00
1.363299579929743599e+00
1.374399896395619658e+00
1.378204802248064187e+00
1.372405475801191654e+00
1.373019221199886175e+00
1.357689541379381692e+00
1.364674167001494576e+00
1.366132845263338114e+00
1.368374301228327594e+00
1.369995138996541906e+00
1.376725552731745239e+00
1.379758584745625738e+00
1.361336183527735777e+00
1.361287353183702642e+00
1.360266164791030796e+00
1.371429841463145838e+00
1.362216564911834071e+00
1.365954814684069207e+00
1.357739342373258440e+00
1.375961942941840821e+00
1.373996813350494506e+00
1.365284962110407951e+00
1.362463063085198378e+00
1.381491850520826681e+00
1.372705790473114362e+00
1.366638592749151337e+00
1.359963051118125099e+00
1.367018858349819510e+00
1.361257671888596033e+00
1.368504405424014303e+00
1.375259769977782431e+00
1.347499486983773531e+00
1.361045108657189306e+00
1.381733130090192274e+00
1.365729419558016522e+00
1.365705069571651276e+00
1.363405823927097860e+00
1.363775414045897527e+00
1.365010549610958579e+00
1.375234256229820984e+00
1.359622240975762342e+00
1.357306314540723813e+00
1.385029464979106173e+00
1.375122841987098665e+00
1.371035511534591578e+00
1.375581038448905780e+00
1.378557994010449761e+00
1.371938646248150206e+00
1.358471563180995823e+00
1.371993442459459978e+00
1.371782998939411469e+00
1.364697118292798939e+00
1.365306784184700417e+00
1.366655735446465902e+00
1.376314466119952229e+00
1.383673337827158623e+00
1.370680026888356551e+00
1.354568663049412480e+00
1.369867434066771361e+00
1.366438319324323469e+00
1.373994016170901222e+00
1.375795371475236228e+00
1.368587261264293087e+00
1.371836250311891048e+00
1.356394252832074931e+00
1.349021060774090008e+00
1.381214259210403528e+00
1.367543965497647562e+00
1.365830220397234784e+00
1.369267725543571235e+00
1.363601268393122679e+00
1.373836344492429307e+00
1.361042255607046059e+00
1.370205369751524183e+00
1.365919737662998346e+00
1.383366588233079453e+00
1.365732550928739242e+00
1.359847754634018191e+00
1.365086962122684655e+00
1.373145980092327800e+00
1.368632362785880296e+00
1.369407235940677037e+00
1.349948132622299513e+00
1.367298647783648402e+00
1.363695553952017914e+00
1.370757876159825139e+00
1.370985884052669634e+00
1.363333375772211253e+00
1.373319939032839443e+00
1.366772693560445395e+00
1.364914885858844684e+00
1.377109969970597536e+00
1.372611762484378772e+00
1.362609191319649193e+00
1.366720130451305026e+00
1.361998409682968703e+00
1.377306330076926377e+00
1.351450987533443504e+00
1.367299181224831628e+00
1.363307960407082575e+00
1.368822490129826486e+00
1.369378273742879015e+00
1.353303946549743397e+00
1.371935863239288844e+00
1.368282773764470273e+00
1.375803228911191667e+00
1.361642531916332333e+00
1.371561776089121443e+00
1.372645728704751988e+00
1.371251277927690193e+00
1.375300675335185518e+00
1.366572813633718519e+00
1.378201103335385813e+00
1.359834398651911469e+00
1.356345448618318628e+00
1.362414031619515686e+00
1.365975375225955579e+00
1.369024463871551633e+00
1.368681958658240161e+00
1.355988768921309484e+00
1.359931232297534764e+00
1.381263580867594154e+00
1.359939696835832601e+00
1.368595194679559146e+00
1.368934686551105395e+00
1.364771816274153782e+00
1.358606416776004133e+00
1.367171422979047257e+00
1.360864568363823190e+00
1.369848075172531265e+00
1.385344069388596777e+00
1.370527180861721206e+00
1.370922539803461682e+00
1.367425829165455742e+00
1.358508587750242746e+00
1.354498798327492981e+00
1.379147272402691193e+00
1.372148398118806067e+00
1.389151445064246149e+00
1.369077459278930764e+00
1.373974095482381363e+00
1.370018016891817014e+00
1.357962941533163548e+00
1.371627507227371812e+00
1.368930321899353819e+00
1.369833928937689072e+00
1.375091809296532075e+00
1.365585261242341808e+00
1.353414418916387030e+00
1.365833446665423612e+00
1.366390055173642093e+00
1.367061670368740822e+00
1.363859391284423239e+00
1.378950956209646028e+00
1.365474676959915534e+00
1.368073265318771492e+00
1.362497894425671818e+00
1.368143996334498569e+00
1.365155129050553251e+00
1.361494155790134997e+00
1.358461576089192713e+00
1.357757392305130262e+00
1.373538315832844692e+00
1.367259337807709585e+00
1.356928914793000374e+00
1.357724395721379373e+00
1.371212902867370520e+00
1.367688359697045719e+00
1.371588413684207364e+00
1.373656202197905740e+00
1.359786084125681249e+00
1.364575515394098604e+00
1.361259007392001452e+00
1.369910098252708375e+00
1.369396116893627502e+00
1.352981731879151495e+00
1.355695207499803656e+00
1.372727917088162775e+00
1.379513534228988592e+00
1.354207281734069568e+00
1.376267588198783587e+00
1.382898118706527235e+00
1.373949868388724127e+00
1.358561195360810769e+00
1.377599962828979008e+00
1.356928757912354122e+00
1.374125863651954660e+00
1.364131397689022362e+00
1.362357391742111901e+00
1.367746971467482364e+00
1.378772771320516899e+00
1.363219011796718894e+00
1.374185465609413237e+00
1.359295895478170868e+00
1.375810297064791188e+00
1.363842737717845477e+00
1.366876541222131536e+00
1.360247639429800426e+00
1.360800370487897482e+00
1.376693170290847590e+00
1.369815142870574487e+00
1.364297597472001966e+00
1.367226357820820137e+00
1.366566116208133952e+00
1.366326193877716033e+00
1.375326507863257275e+00
1.367443584127919998e+00
1.358454930349539902e+00
1.368283147557654233e+00
1.368415151805581820e+00
1.356257868521961285e+00
1.371184733601462868e+00
1.369021757681754492e+00
1.358298577802129481e+00
1.381704513358177122e+00
1.358762451607397947e+00
1.362175514155120615e+00
1.369559052639920615e+00
1.373587029819882899e+00
1.363683204244613645e+00
1.360892448549405609e+00
1.370435576308449477e+00
1.371955831887261335e+00
1.362499379951915612e+00
1.376082726550814650e+00
1.365537076072688816e+00
1.374509246810956986e+00
1.366879861526918427e+00
1.372667583331983243e+00
1.374469862555047994e+00
1.362777211591935211e+00
1.356079179286443059e+00
1.367200689653204737e+00
1.371376876585101323e+00
1.366869603611497119e+00
1.371451151281233738e+00
1.367919109738033878e+00
1.366809525193212416e+00
1.367261764869715623e+00
1.360762634563628337e+00
1.373070725085544730e+00
1.366621951115891243e+00
1.371652032339157667e+00
1.366680931373540187e+00
1.362265777991358284e+00
1.370126704246504845e+00
1.373339408492286084e+00
1.360925557134682107e+00
1.365732550928739020e+00
1.375288696601041138e+00
1.363520465453419872e+00
1.362367593133625654e+00
1.378053610684546015e+00
1.364159703751337105e+00
1.366664475657736189e+00
1.361544425269752612e+00
1.369861067491258355e+00
1.361187507876694402e+00
1.368903678084227193e+00
1.371389119791449618e+00
1.368849606667809748e+00
1.381022139091452994e+00
1.365662833058116421e+00
1.373397869267456883e+00
1.361734008464099643e+00
1.369950252816665603e+00
1.370631402485696482e+00
1.367771893955276763e+00
1.364949533374428592e+00
1.365436734118417705e+00
1.357080072779732749e+00
1.378888428579310377e+00
1.368291328621196179e+00
1.366904803889494646e+00
1.356265553543476443e+00
1.361967123208732477e+00
1.372063906023700097e+00
1.363576099106530659e+00
1.369938349583180948e+00
1.377617413317721029e+00
1.371309746167808985e+00
1.367928724630618875e+00
1.368449608487494862e+00
1.356703335671721744e+00
1.369656958413206560e+00
1.373465154302573543e+00
1.361347830006814474e+00
1.368021265074797377e+00
1.366484680515643868e+00
1.363582446050662700e+00
1.366929783369732920e+00
1.363270020971774521e+00
1.362377561973117546e+00
1.370801523776581599e+00
1.369720881467643148e+00
1.359921041594983171e+00
1.353534656358872601e+00
1.367364908602708651e+00
1.378275128456479148e+00
1.364568190117225077e+00
1.366182962501617748e+00
1.356861711927121572e+00
1.367102426692057726e+00
1.361269463544504177e+00
1.372331923567259082e+00
1.366709898919680866e+00
1.348244296843913448e+00
1.364635236202551116e+00
1.381555731792885711e+00
1.370287385703266914e+00
1.364048580691883172e+00
1.377393591042959109e+00
1.353248510154833939e+00
1.357359642993940962e+00
1.369026099424197396e+00
1.362578666545057215e+00
1.357251360424351017e+00
1.369090067561833379e+00
1.362861752286460781e+00
1.360131266490480328e+00
1.362518385001273202e+00
1.364146768509899132e+00
1.372720585839553253e+00
1.373473042281712075e+00
1.365280470368154031e+00
1.367663572915358117e+00
1.359397981816049539e+00
1.375027180575032704e+00
1.383162036184795163e+00
1.366521888673120966e+00
1.363338746812625679e+00
1.369753357381542358e+00
1.365412929639717277e+00
1.361176226761346753e+00
1.367671088704260685e+00
1.376889134982742791e+00
1.362291574909150871e+00
1.381672068619569149e+00
1.371075515436467773e+00
1.374165367224114309e+00
1.383745533104697278e+00
1.358834423151964232e+00
1.357223645969937165e+00
1.365729016945012031e+00
1.356926734062150919e+00
1.364981437096790318e+00
1.364423682083888867e+00
1.358508981188113918e+00
1.369882828929590124e+00
1.369144183329098929e+00
1.362671323747903340e+00
1.361517779614253243e+00
1.379791466768375274e+00
1.365404774130544840e+00
1.373303425135474098e+00
1.368446835212720814e+00
1.377660538778326282e+00
1.366853463530799617e+00
1.370458846439001510e+00
1.364813986319520556e+00
1.366733287160550647e+00
1.366593393920857435e+00
1.351899311632132727e+00
1.370779965400331868e+00
1.357117323033411260e+00
1.375084034461456550e+00
1.360953449268660576e+00
1.361743787288721252e+00
1.376093241956629853e+00
1.385953050277582088e+00
1.353303900112620139e+00
1.355884409057766637e+00
1.375987362560427751e+00
1.367281123182076508e+00
1.380340774286232364e+00
1.377884837898139869e+00
1.375140948433790644e+00
1.375885148270224345e+00
1.381305734125070517e+00
1.373690431056970862e+00
1.364850194146822071e+00
1.377254597116547075e+00
1.354886343346564104e+00
1.370204167546824392e+00
1.356552345517042735e+00
1.361770394012612240e+00
1.361279373747484644e+00
1.367385432021781089e+00
1.376471723551545345e+00
1.366203169199884604e+00
1.373557931831252299e+00
1.372564389089352632e+00
1.371710057780668901e+00
1.384420651532497493e+00
1.359948279720615050e+00
1.376338586790284646e+00
1.345907237817240087e+00
1.368199051503511399e+00
1.356483561124076198e+00
1.361743850050810112e+00
1.363561026120670538e+00
1.365505219019275573e+00
1.373174384632461997e+00
1.360882258203756301e+00
1.362682025049433587e+00
1.362622186615165987e+00
1.364444076180457932e+00
1.368256814244981800e+00
1.375667875638683979e+00
1.377983755963639201e+00
1.359241302905029869e+00
1.380615432848346424e+00
1.364694836298975034e+00
1.372315686898382792e+00
1.372132331025269325e+00
1.362323337016176694e+00
1.357994323486824584e+00
1.367919109738034322e+00
1.367541831243757278e+00
1.361325685851781708e+00
1.351606483340766385e+00
1.357500720130838001e+00
1.371514149417832895e+00
1.367665145848555364e+00
1.358225108559324212e+00
1.378911984202532137e+00
1.363813003787255562e+00
1.363423512471021892e+00
1.382296882863222276e+00
1.354368618578854377e+00
1.370939254579540245e+00
1.354363937333837864e+00
1.366637631723820467e+00
1.348543400364682787e+00
1.375112470346879778e+00
1.365088177885187326e+00
1.366170206436324586e+00
1.367770819266759919e+00
1.361554341226473230e+00
1.369791834026361732e+00
1.360193878270130385e+00
1.379876713729536020e+00
1.370527393118573301e+00
1.362259733751525648e+00
1.375266150815423583e+00
1.370997582007499771e+00
1.368207190815139196e+00
1.344918912323551208e+00
1.362602898499726933e+00
1.369385804417307506e+00
1.370156006317982289e+00
1.349036406253677489e+00
1.361325685851781708e+00
1.362425053041113943e+00
1.367514701584337189e+00
1.363004567289886726e+00
1.369279880756529177e+00
1.348996896380359578e+00
1.350097080061798405e+00
1.363409973294093414e+00
1.365131493702714360e+00
1.366736228080985827e+00
1.365986477976876667e+00
1.363514676355292554e+00
1.381725474767013573e+00
1.378745913165068560e+00
1.369849684010023383e+00
1.360415912570681840e+00
1.357082905162004360e+00
1.361522568845194403e+00
1.368457037641558571e+00
1.361158228744607346e+00
1.375945945878463084e+00
1.369484613460095535e+00
1.371174403827465582e+00
1.381728453625803876e+00
1.374165367224114531e+00
1.363912782906383958e+00
1.362944172518623986e+00
1.367810856049216817e+00
1.347535281332084223e+00
1.365586159761336793e+00
1.359844943222356051e+00
1.355979381821572183e+00
1.366929512920018963e+00
1.356132491621234282e+00
1.346527120716482395e+00
1.375335037215846823e+00
1.371608140699293710e+00
1.361952423800347978e+00
1.373899156671705812e+00
1.360022598318594511e+00
1.375351751494518382e+00
1.376799502814160414e+00
1.364444176583488044e+00
1.362995791380890553e+00
1.362706570090966185e+00
1.364116001593201455e+00
1.377008269449598865e+00
1.348398754216793893e+00
1.367203478699790642e+00
1.357485249291316087e+00
1.361603830616392896e+00
1.373228452708215030e+00
1.370691276398970260e+00
1.355721900701336358e+00
1.360340872533407630e+00
1.367215702613359785e+00
1.374346513792738422e+00
1.371587109965550999e+00
1.356123048082106042e+00
1.363981092853552957e+00
1.352325125954482399e+00
1.371910586413514599e+00
1.374209986700730690e+00
1.360463362351006289e+00
1.372021065025851749e+00
1.377913748993210508e+00
1.367684889006079541e+00
1.371827016123267295e+00
1.374022331271352426e+00
1.367791970157489878e+00
1.364117425421911944e+00
1.377226617039333023e+00
1.367473681369862692e+00
1.370419398659652455e+00
1.363487820917195226e+00
1.377451860735291023e+00
1.370961535767923234e+00
1.369683632124837569e+00
1.359753306401489281e+00
1.364637963258157782e+00
1.364039256778827758e+00
1.364575692936518037e+00
1.370858320401327601e+00
1.372167009759108769e+00
1.355503361868150458e+00
1.368797129298364279e+00
1.367382535831678458e+00
1.375151402915857135e+00
1.361197958756126924e+00
1.365349394488033052e+00
1.372306660823445545e+00
1.371791647403876269e+00
1.365718716803726362e+00
1.362394473072060519e+00
1.366700983309118822e+00
1.361902965482939321e+00
1.358978412357077614e+00
1.376703460190282113e+00
1.367204025371980158e+00
1.361117749801187271e+00
1.370536282890371771e+00
1.361114819197277059e+00
1.361298859215690271e+00
1.361812397430085753e+00
1.365190878366522753e+00
1.372816903796401311e+00
1.384699310251455318e+00
1.364686663573904113e+00
1.367884803232046087e+00
1.364557726229032708e+00
1.364170672985977495e+00
1.369531611847054409e+00
1.348277600619702810e+00
1.360572714142632034e+00
1.359698349847950016e+00
1.351501633870630714e+00
1.374904515952792172e+00
1.366514910932537408e+00
1.365561061484932504e+00
1.360477016568355291e+00
1.363150397914332013e+00
1.364410195954147254e+00
1.359935506142856854e+00
1.359673754690896352e+00
1.353022134294578738e+00
1.368284478926779180e+00
1.356696473188828245e+00
1.366625761411965456e+00
1.363805743037194373e+00
1.369737309943156234e+00
1.355572184102129096e+00
1.369272337015926322e+00
1.366859862669542736e+00
1.362837644043085827e+00
1.358330165645335263e+00
1.370261531328733628e+00
1.358323213467595547e+00
1.376527603463461702e+00
1.365603886514712428e+00
1.359070004145789268e+00
1.368587249648394844e+00
1.363805506480554541e+00
1.375156428825868193e+00
1.362009269528014377e+00
1.375919955707323838e+00
1.371125390210298223e+00
1.359438022421540992e+00
1.351556780285558146e+00
1.362291574909151093e+00
1.368612198114469214e+00
1.375298477648113860e+00
1.359904981508919697e+00
1.371632048635954559e+00
1.359525728631827857e+00
1.366505525842421465e+00
1.373704390143550391e+00
1.348260978670013266e+00
1.366241050132730006e+00
1.354785652243434502e+00
1.371356619103740293e+00
1.370643599448520655e+00
1.362538349545213467e+00
1.366842029755103383e+00
1.362759246868733953e+00
1.353486809440536565e+00
1.372471526741916525e+00
1.381361422157448615e+00
1.361884381908627040e+00
1.351983321295842977e+00
1.373459569920790546e+00
1.351122318220078000e+00
1.368043734843522152e+00
1.372860722910681286e+00
1.378309584645612373e+00
1.359876227972880436e+00
1.367519289309395703e+00
1.367960357819215211e+00
1.384671212958262121e+00
1.369069437120235433e+00
1.366058703519025030e+00
1.359030861564448855e+00
1.374373806893902650e+00
1.375611845252809218e+00
1.358737286549298817e+00
1.374401737069818052e+00
1.363139523275939125e+00
1.374558765372043245e+00
1.363979291508297553e+00
1.340180268873829794e+00
1.352143677893962392e+00
1.373197564926431857e+00
1.370986820329500810e+00
1.371217725794346309e+00
1.362932401215187772e+00
1.358657081888003715e+00
1.368847293088749195e+00
1.364756629707487345e+00
1.373518728723710947e+00
1.368010384053927053e+00
1.352833164677852196e+00
1.374299741067429581e+00
1.355006368971997777e+00
1.359701064015145899e+00
1.369402382696303766e+00
1.355572792901649892e+00
1.363128277805564004e+00
1.367627036554122544e+00
1.360841267403608557e+00
1.368310530013086002e+00
1.377517939792566093e+00
1.361304811336171650e+00
1.372317279390581346e+00
1.381737258526434919e+00
1.359661728238854339e+00
1.376769058753622099e+00
1.378563335466004514e+00
1.364845623503543548e+00
1.365288008479067061e+00
1.346466766507185664e+00
1.350432027587494366e+00
1.367228722283612585e+00
1.366178590331649012e+00
1.369644631021247783e+00
1.366672770081733601e+00
1.362040716247198358e+00
1.364814460327735457e+00
1.360483533947201229e+00
1.369634478954562473e+00
1.374172070964237102e+00
1.366855604736064933e+00
1.363652285940428088e+00
1.356363434085407382e+00
1.369115866986021057e+00
1.357750379165564070e+00
1.364275430200858841e+00
1.374891075701176080e+00
1.360009526432703453e+00
1.365608910861024983e+00
1.356356500924204456e+00
1.370644732815204936e+00
1.365620178848481636e+00
1.364915877265651556e+00
1.368435110766913043e+00
1.369347571125967944e+00
1.364062831037577084e+00
1.367710607620173269e+00
1.364249579673647572e+00
1.365651845653426788e+00
1.364461846843005643e+00
1.357973718619835068e+00
1.363607808037236024e+00
1.371328179682227422e+00
1.366186162289970918e+00
1.354912678436674955e+00
1.355090815443729335e+00
1.368294429055167294e+00
1.375242768560702045e+00
1.372846073110778553e+00
1.359958478193180831e+00
1.367835799871709668e+00
1.368028823869098520e+00
1.356572107648335024e+00
1.368128208641782972e+00
1.368869155305182828e+00
1.354090471200492196e+00
1.372120971623889352e+00
1.366880696402384965e+00
1.357756858659876942e+00
1.364923443609354026e+00
1.370446708063954633e+00
1.375167295314348337e+00
1.356436996812879103e+00
1.373196249616715825e+00
1.373122537009615174e+00
1.371781334524677431e+00
1.365324038431182885e+00
1.360263228509030808e+00
1.370808029064832789e+00
1.365209001315714765e+00
1.367846154558410410e+00
1.357064319027784238e+00
1.353686820817154635e+00
1.359253779933642603e+00
1.364046964404772577e+00
1.369433313616670533e+00
1.365314629038121952e+00
1.379210950929204538e+00
1.357294985782667496e+00
1.366532810024769118e+00
1.362788722968820254e+00
1.368285822875335622e+00
1.364065584953626287e+00
1.378191530464973225e+00
1.370008791859762542e+00
1.368325065965438014e+00
1.371382291125315733e+00
1.359232595257614751e+00
1.363275689462450257e+00
1.345853867282538863e+00
1.360540403236535800e+00
1.363193374202063213e+00
1.364103756961568381e+00
1.365291559601340188e+00
1.357999360467498029e+00
1.366807071811525720e+00
1.361594762146342896e+00
1.349068044809131228e+00
1.355261338570560747e+00
1.380110719421264509e+00
1.355145009163702730e+00
1.343701051605899810e+00
1.357496786354275731e+00
1.362802954654136478e+00
1.359661740386887807e+00
1.367550647877897596e+00
1.355105525683026668e+00
1.365391242395346261e+00
1.379404943327831257e+00
1.368262034708142227e+00
1.372134801468975818e+00
1.375593193575563422e+00
1.374432177180777481e+00
1.366098679408452199e+00
1.349058949433427523e+00
1.365651843266891818e+00
1.354781398684913762e+00
1.354890985720915042e+00
1.353249511058906007e+00
1.371025584978569078e+00
1.369187973832353356e+00
1.357860826307781155e+00
1.356412247658309367e+00
1.353082942445021031e+00
1.364968975271839025e+00
1.365444110374371744e+00
1.363090867005284368e+00
1.363593810059579470e+00
1.364136844372073831e+00
1.368135631206308434e+00
1.363664678942768882e+00
1.366006995146448411e+00
1.377595926170148477e+00
1.368395478164365686e+00
1.348485561381445486e+00
1.355858213429294912e+00
1.350985064969135951e+00
1.359155436117000182e+00
1.374088294351109907e+00
1.365390531554488973e+00
1.365153879608074217e+00
1.359219393938791098e+00
1.372519827390851654e+00
1.344735415650008203e+00
1.379055203191130952e+00
1.371742496013323320e+00
1.358283712784589037e+00
1.371520306789844268e+00
1.382334272246050100e+00
1.373202894133100038e+00
1.371079715699101254e+00
1.350587206894281023e+00
1.373709399644233331e+00
1.359413092404608392e+00
1.364929217208446399e+00
1.362076691191626665e+00
1.362984038916551954e+00
1.353711610600454529e+00
1.366604654212374426e+00
1.354052094725356703e+00
1.373939730134404735e+00
1.363871369763540509e+00
1.364655862468174830e+00
1.366749361844023403e+00
1.379145041129986815e+00
1.374428565583842188e+00
1.357730993567979993e+00
1.356870427464503148e+00
1.366465361251192112e+00
1.360101864957670825e+00
1.353606401434223283e+00
1.358781413807938820e+00
1.361076926316466817e+00
1.365222541854586469e+00
1.346991063562302582e+00
1.370539663183657941e+00
1.370925482041571941e+00
1.368353352870510298e+00
1.360343901276233503e+00
1.370365295847118192e+00
1.365847486418120260e+00
1.372337802801064655e+00
1.359895295234661017e+00
1.360613956187582074e+00
1.372133193325409506e+00
1.363058365794828752e+00
1.359207634370438900e+00
1.359850205002709922e+00
1.366023956694153441e+00
1.378419489602784154e+00
1.356540205340049265e+00
1.357182904315616279e+00
1.364491325425281287e+00
1.372674737772071385e+00
1.357609369157531276e+00
1.348508387936243391e+00
1.368068648684296784e+00
1.359416620269512155e+00
1.358162378814160132e+00
1.356306599941085489e+00
1.360658867703396835e+00
1.367693778170120389e+00
1.365231250225946713e+00
1.369672684424955600e+00
1.377051060588387887e+00
1.361392905111550089e+00
1.356727353990664131e+00
1.354565451240152374e+00
1.369638719270547256e+00
1.364048525437882908e+00
1.360835587127921409e+00
1.367910755520799437e+00
1.368773238680688564e+00
1.373405352276349189e+00
1.367684889006079541e+00
1.370552778294412244e+00
1.372607998536356622e+00
1.356084021652425031e+00
1.364619258118005440e+00
1.366355052778382095e+00
1.357991894006940203e+00
1.365549261805959258e+00
1.355023243994679438e+00
1.364932863313184308e+00
1.370522962321741867e+00
1.368127407164209774e+00
1.358150320453980431e+00
1.363965975629721328e+00
1.353039338364131927e+00
1.372404688115232529e+00
1.371780729351009365e+00
1.370342687202236620e+00
1.366863874802369150e+00
1.359558467031752649e+00
1.375448119970433369e+00
1.369639087951820544e+00
1.363061612136500900e+00
1.357121451980364712e+00
1.369257364398906773e+00
1.372814914012793208e+00
1.375672275118522858e+00
1.364056104914489476e+00
1.368253329518362094e+00
1.359480129184845287e+00
1.360092140777901415e+00
1.363134730234938363e+00
1.358561452270728331e+00
1.363141987980487135e+00
1.369635747629740496e+00
1.361514326402620600e+00
1.360272062986354058e+00
1.374910415385537821e+00
1.352606218216994005e+00
1.367993682762072005e+00
1.367240842426099778e+00
1.373461503374489912e+00
1.351451635620699809e+00
1.377095605344822449e+00
1.357478659401874843e+00
1.372551521102823413e+00
1.370084146078611065e+00
1.361464937570019851e+00
1.360899672588621545e+00
1.367569524967328531e+00
1.355688200404249866e+00
1.353599037891991985e+00
1.357862052074393588e+00
1.362247674025314659e+00
1.370646874728812081e+00
1.366022173488203650e+00
1.341614829149802679e+00
1.366691532467063652e+00
1.347533931761683679e+00
1.372799995244429638e+00
1.353424362402742442e+00
1.366056164982437648e+00
1.364775670114999340e+00
1.357897421795129178e+00
1.371427031871517377e+00
1.362898554087245140e+00
1.346801413032356676e+00
1.351331217855727518e+00
1.365651070646268561e+00
1.358603770086007856e+00
1.363843620371408605e+00
1.359845369638143397e+00
1.352075486445495800e+00
1.374428180043479442e+00
1.356431522546977630e+00
1.360161228591579619e+00
1.355054788693359935e+00
1.358426921272763765e+00
1.369002162691209223e+00
1.374422131146514570e+00
1.365710847673947015e+00
1.361041861149410614e+00
1.360086711753812017e+00
1.353661748277459109e+00
1.362869229305464502e+00
1.344416507049037923e+00
1.353152543755630433e+00
1.350777367887899594e+00
1.369943780609358397e+00
1.355491470472993676e+00
1.362448359322556701e+00
1.372812909855630981e+00
1.358009972197858684e+00
1.357106339052810640e+00
1.353809250933443620e+00
1.366110308099260706e+00
1.348934412350088818e+00
1.354889100877219477e+00
1.356678642027117299e+00
1.355289689809294540e+00
1.369532947997688765e+00
1.353785627973916883e+00
1.360119152904804896e+00
1.367414840193127867e+00
1.354082949815204273e+00
1.369787026408710862e+00
1.376079980981095741e+00
1.356424807668521471e+00
1.365960745952774280e+00
1.366599676729377544e+00
1.375802112858811599e+00
1.355265789863812298e+00
1.370921500657172221e+00
1.372477265665927426e+00
1.373235355339851305e+00
1.358999653732468005e+00
1.374207155366525379e+00
1.371418798638330827e+00
1.356313509966114106e+00
1.361436569488754245e+00
1.353392112503454703e+00
1.367266387579278097e+00
1.369466643379658732e+00
1.360693761348074293e+00
1.358498465853731130e+00
1.362842090509850612e+00
1.368545740331804650e+00
1.370709602885906264e+00
1.364176643315251569e+00
1.347145469212254643e+00
1.366612685901332780e+00
1.366045782504555550e+00
1.356614261347257377e+00
1.353203425850441066e+00
1.364365743664424757e+00
1.368877963079340843e+00
1.353860968586576341e+00
1.368254536813108935e+00
1.360602890615272065e+00
1.376153164614903668e+00
1.358694782516239874e+00
1.365565868598306531e+00
1.361242921785087212e+00
1.366789340939378095e+00
1.358799577520030111e+00
1.375409626368583105e+00
1.368155005385378153e+00
1.361783391516877328e+00
1.359107489520994694e+00
1.368770437989649258e+00
1.360256280272085005e+00
1.365562139766737904e+00
1.368858162440899973e+00
1.376156284075379155e+00
1.356389299899469325e+00
1.372289757115437547e+00
1.360755429655352566e+00
1.368200333135002111e+00
1.356874343210686007e+00
1.368657405488186596e+00
1.363608874540823468e+00
1.356696129119116634e+00
1.358514595550407211e+00
1.353334827862769707e+00
1.354890985720914820e+00
1.366720971995845746e+00
1.352621524380402285e+00
1.377054832348935332e+00
1.361091393313406783e+00
1.361464467155757196e+00
1.369633096802222560e+00
1.367899902518080912e+00
1.353503107927807481e+00
1.376989873002050668e+00
1.368405004739992714e+00
1.371100614834033005e+00
1.366713430565039245e+00
1.357578362672812178e+00
1.359380969634585545e+00
1.355276195140075801e+00
1.363583235554691075e+00
1.363773180838471211e+00
1.359594620242076557e+00
1.365351337506305995e+00
1.364671077741670402e+00
1.363228922862407488e+00
1.370099205211312121e+00
1.355615020099939727e+00
1.370294367068686903e+00
1.359187148009520563e+00
1.355697379307257089e+00
1.353302714029437581e+00
1.348227543345100088e+00
1.366205682209890471e+00
1.356947152103916032e+00
1.359341791035488134e+00
1.364931432019845348e+00
1.357062132118905806e+00
1.362970821165411017e+00
1.367071622012455245e+00
1.357379660484476114e+00
1.370030820667168303e+00
1.371448131529453551e+00
1.355001890490435290e+00
1.377505309824816893e+00
1.356724310481622675e+00
1.362203312212367567e+00
1.365788532030598246e+00
1.358425967238572341e+00
1.352872209526827074e+00
1.345284835142868118e+00
1.347054682506662049e+00
1.361924559343439256e+00
1.361515323992995352e+00
1.367733223666673936e+00
1.366416103243308866e+00
1.356453496794614688e+00
1.366380794133204679e+00
1.358900876369111721e+00
1.346256767985310354e+00
1.357829305598807101e+00
1.344841076149674519e+00
1.356209586031755343e+00
1.363942949554135753e+00
1.358018177411324912e+00
1.362397313256391573e+00
1.360204985317891246e+00
1.344091390693439303e+00
1.360284041040697334e+00
1.351875680447661043e+00
1.366035395470801772e+00
1.343246150839513708e+00
1.351993371737408633e+00
1.366214244178416859e+00
1.358865863482256353e+00
1.361073237994913754e+00
1.368045097786426245e+00
1.355106651887237890e+00
1.368320805534751328e+00
1.358693628742834614e+00
1.354871784898626474e+00
1.366067630624956175e+00
1.344221583256945074e+00
1.359372465239786720e+00
1.352988238933958920e+00
1.359214194811293686e+00
1.362780766864768234e+00
1.351407815809875013e+00
1.356396875586372897e+00
1.364004839590041707e+00
1.367241973197747873e+00
1.362918465172633598e+00
1.355228117761375195e+00
1.353856084554547756e+00
1.361255271960976954e+00
1.366330887673206984e+00
1.362620584977411120e+00
1.359829484287250700e+00
1.367993652738828114e+00
1.352418802556614841e+00
1.363051252418209236e+00
1.355673908018704132e+00
1.371734161132637464e+00
1.370182093813516522e+00
1.362339716531740796e+00
1.371043641649093869e+00
1.366418883288072372e+00
1.360920435233318848e+00
1.367976755467946282e+00
1.362999009239592496e+00
1.362879582446909543e+00
1.350476641654358323e+00
1.368855354793287571e+00
1.364152084798387898e+00
1.365108715537362238e+00
1.364051251465554060e+00
1.362410303499692610e+00
1.360777554150294444e+00
1.365576021496089920e+00
1.379499368268624071e+00
1.365301810574174102e+00
1.359912835912583828e+00
1.351827921626137075e+00
1.351822672801011427e+00
1.367705874730656301e+00
1.358399472853927037e+00
1.355656048776422873e+00
1.357038484264116329e+00
1.359981989017434278e+00
1.347469803121375875e+00
1.350381491179223792e+00
1.366398869943364680e+00
1.363579307397299267e+00
1.354217123047622318e+00
1.367927368979720892e+00
1.356793468941456249e+00
1.361291071721263402e+00
1.350647017732706789e+00
1.362622637082112398e+00
1.352444693104937423e+00
1.363801375348399070e+00
1.357431314696764701e+00
1.352115026644085338e+00
1.342079329400257981e+00
1.367218716037094550e+00
1.358336527866942145e+00
1.359039383455596051e+00
1.364410638758655203e+00
1.374055622800759213e+00
1.358329618063583322e+00
1.356148274530973863e+00
1.362825237100510289e+00
1.359892761407624606e+00
1.364406175015209666e+00
1.356917094860477180e+00
1.372809256444850856e+00
1.352194259494954531e+00
1.346083812859645512e+00
1.354851163155341931e+00
1.354024015507083512e+00
1.356778810699666993e+00
1.354935228825853821e+00
1.364283804988250637e+00
1.360162030683614631e+00
1.357814765186698525e+00
1.364358820360141999e+00
1.358748209256340989e+00
1.362350086368596003e+00
1.353012701013575514e+00
1.359806075523493307e+00
1.343270694499728357e+00
1.357162101606041560e+00
1.359668526100736852e+00
1.355741261948712362e+00
1.359524212843679303e+00
1.353327431833525551e+00
1.361575237506869263e+00
1.370341645209352421e+00
1.358586369868897803e+00
1.350775937428775775e+00
1.356987194097295513e+00
1.364631544803516894e+00
1.347565354539143945e+00
1.365120436585582464e+00
1.344725969719255509e+00
1.352591778152580249e+00
1.346125894975958692e+00
1.358535057879985519e+00
1.348789004000668257e+00
1.368290641114772388e+00
1.360315559802112828e+00
1.354191142968712125e+00
1.360972533573120202e+00
1.353214836742667515e+00
1.348681185726718690e+00
1.357000668411026068e+00
1.359309700192999903e+00
1.359970896155663800e+00
1.353912261038408005e+00
1.356279153436207974e+00
1.348752918613406182e+00
1.347681369605145507e+00
1.346955299939245121e+00
1.352661406488778528e+00
1.356797143545283912e+00
1.351143267598012621e+00
1.348711851975864962e+00
1.352662455086607096e+00
1.354986286928353545e+00
1.349730577942843235e+00
1.364348406538637759e+00
1.350948478294527577e+00
1.350165181367272815e+00
1.369207838381821141e+00
1.362804492044195070e+00
1.350233822195338940e+00
1.362770147817009114e+00
1.350543442579900333e+00
1.348444579805614607e+00
1.356019106463897117e+00
1.356162210872156937e+00
1.358606179780409651e+00
1.368530226394252258e+00
1.347631805768229496e+00
1.353728802036553658e+00
1.344514493742236860e+00
1.353682793897844849e+00
1.346491433295120776e+00
1.356635614140495161e+00
1.348106547346550332e+00
1.347438293492694505e+00
1.348799247612652463e+00
1.354575755051859787e+00
1.354156956296780789e+00
1.336272862536628248e+00
1.353672808635913993e+00
1.370006549996771739e+00
1.342280418318966495e+00
1.346203609073681307e+00
1.359474100981343359e+00
1.338361892365734551e+00
1.342901367660268352e+00
1.349662681167650868e+00
1.348917538672081529e+00
1.337636827698380104e+00
1.342417203058767994e+00
1.346092053393833865e+00
1.358796033711632489e+00
1.350198218831649699e+00
1.341076609793275587e+00
1.346213385219133585e+00
1.342255073881566174e+00
1.350942195730770345e+00
1.357616262451342370e+00
1.338376838171848160e+00
1.344182822230497676e+00
1.334950218135975364e+00
1.353698575178880592e+00
1.345439407794338571e+00
1.351245842603508773e+00
1.348192808515296548e+00
1.348613806937459580e+00
1.343490571630946429e+00
1.344174362748308038e+00
1.350069910701809262e+00
1.345585908529750130e+00
1.342557498967690943e+00
1.336215545695778495e+00
1.331058090527126314e+00
1.335871198687472505e+00
1.331724169518527789e+00
1.345482267737785786e+00
1.344598535611696954e+00
1.353171393516370724e+00
1.347807845605202948e+00
1.337729157338235719e+00
1.343460084559856771e+00
1.352324596118614775e+00
1.332985733256606631e+00
1.354143001040718053e+00
1.346092625871073478e+00
1.345812986039101267e+00
1.325351466044751403e+00
1.339253210168526831e+00
1.338068492601754533e+00
1.345321317041187070e+00
1.328240597359863440e+00
1.332895329446049271e+00
1.353911009948500332e+00
1.338214973723352408e+00
1.328643381454865491e+00
1.346065628775128920e+00
1.334315882655969787e+00
1.341066386554463863e+00
1.345121334067748142e+00
1.334225516544501833e+00
1.328457470410430830e+00
1.338189131255322684e+00
1.329389702616644575e+00
1.343419221709969857e+00
1.331873592510846915e+00
1.332297409506370212e+00
1.337485824711899030e+00
1.340933041541659820e+00
1.333209761686664940e+00
1.331383013442570373e+00
1.345830860269594309e+00
1.315938090952324835e+00
1.340784128346014903e+00
1.330960927779714309e+00
1.358288771754222912e+00
1.336243185431986502e+00
1.327486860421975612e+00
1.336498862458661563e+00
1.323948523183240633e+00
1.323545207050928818e+00
1.324229548556612679e+00
1.328720536987895606e+00
1.317570549936788016e+00
1.336482524957461671e+00
1.344311134401996899e+00
1.329947518348062907e+00
1.333809108962563217e+00
1.325348620513463027e+00
1.331304150157071930e+00
1.328016958361325495e+00
1.321867605599326589e+00
1.331108489049046328e+00
1.316877938536337611e+00
1.319066809940268037e+00
1.317800650898536707e+00
1.321591410547958034e+00
1.321169891202281121e+00
1.324453531073624957e+00
1.326772965409070970e+00
1.319123706403183105e+00
1.314030475951069699e+00
1.326838531586590486e+00
1.328499723364824803e+00
1.324906154316471074e+00
1.334746081263646245e+00
1.308650276275829860e+00
1.318377941265816311e+00
1.306210419576526949e+00
1.320887346741518753e+00
1.315468945696375735e+00
1.319940800774273892e+00
1.313259397735346612e+00
1.321109933710113316e+00
1.321704683694345350e+00
1.300379595939554100e+00
1.315801303207973616e+00
1.313183095603686734e+00
1.306711851624915210e+00
1.325178522730393826e+00
1.302537052479630475e+00
1.304559111442259889e+00
1.295723988316946240e+00
1.305900037035451211e+00
1.308789228219438439e+00
1.309301732768084481e+00
1.308455370360644299e+00
1.298316126727852460e+00
1.299828698188235654e+00
1.311744680921049566e+00
1.295596651846591563e+00
1.308308318623974564e+00
1.297521522565120877e+00
1.297633259196782740e+00
1.290103415985794033e+00
1.298616963989032591e+00
1.314784055317256728e+00
1.308680158860556775e+00
1.295829443891308275e+00
1.291547155119481038e+00
1.288767899782902626e+00
1.300877639405719766e+00
1.288307414310698062e+00
1.297400764270710161e+00
1.300921948476485124e+00
1.290399382853831378e+00
1.307438600306352505e+00
1.297785920702647422e+00
1.288280211034575240e+00
1.290260619622768612e+00
1.290519883831955372e+00
1.302352435852528911e+00
1.292479224041043873e+00
1.288299598997057815e+00
1.281439188381705341e+00
1.281277945164083221e+00
1.288064858949938385e+00
1.283330612249026226e+00
1.285961216004155583e+00
1.286803671392844794e+00
1.280365254499816530e+00
1.268619165683195771e+00
1.284370312231712052e+00
1.271433953160656660e+00
1.261367382317977626e+00
1.262873112653046359e+00
1.283741329565237344e+00
1.278443903059833797e+00
1.262790065945534890e+00
1.284890368023764884e+00
1.260121195072731570e+00
1.275612650496694034e+00
1.270340059345825834e+00
1.260768888725186221e+00
1.273557376139076602e+00
1.246192337050427312e+00
1.256595142689533873e+00
1.276626324550193425e+00
1.258292836198307896e+00
1.269835917419936067e+00
1.264432817447926238e+00
1.258794855101923460e+00
1.255392976888961787e+00
1.251872039621968691e+00
1.265742670141090986e+00
1.250706572155798391e+00
1.250322547200237944e+00
1.254157263744401174e+00
1.257161159960219488e+00
1.241068516628064389e+00
1.252527193263000438e+00
1.244238439828177167e+00
1.240169233412037775e+00
1.249506091084343851e+00
1.244564252043885988e+00
1.240258832181521331e+00
1.252279276745518422e+00
1.234904240104500728e+00
1.249048177725878173e+00
1.239908502272363489e+00
1.237157255259074606e+00
1.233689396237352742e+00
1.228288594407946466e+00
1.234192248337676379e+00
1.223937475660075158e+00
1.233320572951109861e+00
1.228714147193534778e+00
1.225606918052668970e+00
1.222958158605814472e+00
1.220421881088969540e+00
1.231995858095330076e+00
1.221991328802334076e+00
1.220024839597427579e+00
1.214520954701655775e+00
1.213502436545492058e+00
1.207553978810376183e+00
1.210358390054214972e+00
1.211284768345972429e+00
1.199012625164901591e+00
1.194715081602119477e+00
1.217276475245263612e+00
1.197117080982295079e+00
1.188343250386059369e+00
1.198330804058230781e+00
1.195962082854948871e+00
1.195264653046401726e+00
1.209679059791894051e+00
1.197507193098063860e+00
1.188659292489637975e+00
1.195889207763301210e+00
1.169778690595834947e+00
1.184050152937276890e+00
1.180682143428540831e+00
1.180284819396704155e+00
1.176075529945584064e+00
1.179988867607862479e+00
1.187026906526472692e+00
1.194154654480948041e+00
1.183729409510214658e+00
1.171460246421915707e+00
1.174138816538936592e+00
1.159479972736464637e+00
1.170469349954686322e+00
1.177507189767060147e+00
1.172846683013127445e+00
1.159076806328613429e+00
1.160963783920757608e+00
1.158744788434440842e+00
1.166898143531831078e+00
1.166745647915361728e+00
1.153111774783827093e+00
1.154818222596012411e+00
1.162440042944430374e+00
1.147619677907497859e+00
1.158938216170421809e+00
1.139207988280441342e+00
1.136074992269334061e+00
1.138627199578492455e+00
1.136941959194330831e+00
1.136424760763735442e+00
1.152407802277854554e+00
1.130609767375493346e+00
1.140182759918290767e+00
1.134415892081149124e+00
1.125661312641946799e+00
1.135245870680123392e+00
1.124638213968688349e+00
1.137337867000646208e+00
1.123404861502926622e+00
1.125177674450789977e+00
1.121093553513808905e+00
1.119377119193662118e+00
1.117260184735618056e+00
1.113510822292577584e+00
1.121016764315519776e+00
1.112367673477586028e+00
1.100012240635756422e+00
1.104574352011923999e+00
1.101074813501420335e+00
1.091317846421073767e+00
1.104108290610709586e+00
1.092231215776501507e+00
1.097010822842143352e+00
1.106746679520390408e+00
1.080144426189006968e+00
1.085763152009365351e+00
1.081915537365024660e+00
1.086817725316997496e+00
1.081588726405497525e+00
1.084222339166653892e+00
1.065212293265602517e+00
1.075751442090931764e+00
1.065862251879045486e+00
1.070446781559449390e+00
1.055296909688339113e+00
1.072062622081542127e+00
1.072502691913519879e+00
1.071694388879502080e+00
1.059758925207045399e+00
1.052295618117643050e+00
1.060529656440538204e+00
1.059518869772817729e+00
1.062889034665807086e+00
1.038849398878052055e+00
1.045581295942218159e+00
1.050368448292476886e+00
1.041448975661761311e+00
1.050256990476428953e+00
1.050520741927606805e+00
1.016125345548743120e+00
1.027985902011356423e+00
1.024911048783562206e+00
1.021781932402250126e+00
1.030546681514729723e+00
1.021297435070873005e+00
1.004879139727428150e+00
1.011690433891285323e+00
1.016279422863372695e+00
1.020623302214717532e+00
1.004113570716427262e+00
1.003108489414044513e+00
1.003117922884919411e+00
9.970637772994174197e-01
9.804533105404416027e-01
9.809703167052443717e-01
9.887380153338350963e-01
9.872183052872792741e-01
9.844256483030390248e-01
9.795538915077524056e-01
9.891845409306931902e-01
9.777626010387544531e-01
9.732599213153780848e-01
9.700424697106615479e-01
9.723847337125771650e-01
9.657068613092677500e-01
9.602179770103711487e-01
9.558677657823481111e-01
9.677636136890132024e-01
9.583323927052884716e-01
9.523915123313436704e-01
9.506006009069980500e-01
9.424049849835979265e-01
9.448990148152996982e-01
9.404485300807974291e-01
9.407844622770552556e-01
9.330910965610370589e-01
9.317653927928571944e-01
9.320970656129562437e-01
9.338008151891036279e-01
9.113917173665110338e-01
9.083726162076933841e-01
9.072993185721102138e-01
9.020529195433775183e-01
8.952239702564540602e-01
9.022586554186490249e-01
8.991603809620423160e-01
9.008805580601499940e-01
8.787846720346950136e-01
8.738004620541383050e-01
8.785550986579966359e-01
8.739550907225990262e-01
8.667657479085089101e-01
8.672543130013021795e-01
8.820659911043685630e-01
8.593335817239379226e-01
8.600653122962488295e-01
8.617709997641697095e-01
8.563058210265176440e-01
8.596370601536772460e-01
8.432943465227304980e-01
8.433758759701009966e-01
8.394732847025609956e-01
8.386194100334963819e-01
8.388682480745301984e-01
8.344587053057267445e-01
8.431349727305798014e-01
8.163867981415260378e-01
8.221125604248694652e-01
8.235216930219411147e-01
8.188383520189873588e-01
8.067037722844971892e-01
8.072335480357590853e-01
8.086658665857110462e-01
7.857536744650212013e-01
7.852932163901144014e-01
7.804500545154455793e-01
7.887868093465447705e-01
7.926146287679753932e-01
7.872137163074390820e-01
7.665575370095891738e-01
7.603376883793210306e-01
7.732997079462596846e-01
7.752463934449128624e-01
7.689072197168128620e-01
7.581065872118836202e-01
7.598156155252747679e-01
7.570650673737437941e-01
7.499991076762031472e-01
7.539790763135277851e-01
7.529421753966392128e-01
7.348501157189369914e-01
7.467556171578177970e-01
7.455346356795339302e-01
7.311444333593173361e-01
7.338999560167405178e-01
7.382128575320702213e-01
7.232822474325858453e-01
7.182202232218073412e-01
7.200982538169098390e-01
7.249445868034528617e-01
7.118080089436708002e-01
7.120224335313402042e-01
7.111440252226037817e-01
6.977041964327507229e-01
6.901232812680857531e-01
6.903989180551484139e-01
6.924872054276010047e-01
6.860705657114785083e-01
6.824190049879989006e-01
6.801597199891669110e-01
6.841406594365965210e-01
6.688155191967581903e-01
6.766560835147982234e-01
6.609486361350241923e-01
6.630926138390079716e-01
6.601482563000770076e-01
6.437623881162490846e-01
6.573768420442567262e-01
6.507795910601174016e-01
6.324094090762653053e-01
6.431415229495907049e-01
6.417698620846059576e-01
6.318664453632933942e-01
6.304636833558848741e-01
6.345659145079851626e-01
6.409188666783284249e-01
6.254694026649868510e-01
6.259741761791510761e-01
6.127112341494196368e-01
6.075511048219482957e-01
6.031125116244401285e-01
6.052515674337751728e-01
5.966650133024111735e-01
5.990621883047854146e-01
6.062820423641187562e-01
5.896079994875079722e-01
5.826776547797446471e-01
5.813170960220490624e-01
5.783459001615761652e-01
5.799810992585269220e-01
5.787677779007905920e-01
5.755486900458441912e-01
5.708389491598424570e-01
5.619139913038755374e-01
5.496559443184788618e-01
5.514815600023944553e-01
5.515584372358316445e-01
5.520195828978210484e-01
5.333130386846505200e-01
5.339748919842339792e-01
5.231776141705689609e-01
5.473657769686852692e-01
5.268032790336800719e-01
5.336501985121366864e-01
5.243582215890296716e-01
5.153351552824128046e-01
5.208122788562690175e-01
5.145030554143534829e-01
5.096724192292182432e-01
5.083343450689383758e-01
5.115962702431633424e-01
4.976133925151446369e-01
4.998882942735329848e-01
4.992555133969041048e-01
4.908637096839592040e-01
4.879913298123468302e-01
4.900133492886181719e-01
4.852026785349484728e-01
4.842120386413709676e-01
4.846342946555508568e-01
4.780542771210657960e-01
4.568969117168918959e-01
4.608273469045486848e-01
4.758118272843247509e-01
4.551860948171417842e-01
4.548540970568041297e-01
4.508782076059463240e-01
4.531249990131224759e-01
4.460891252587045330e-01
4.408579024113908895e-01
4.461127895741525684e-01
4.423104447880134571e-01
4.348316065237039507e-01
4.458926212544477852e-01
4.338548209937520550e-01
4.295128147868727542e-01
4.292943999135881983e-01
4.191972450304832232e-01
4.039340469882491402e-01
4.185494205359311382e-01
4.179392060728164271e-01
4.212738252230702751e-01
4.007498014828701494e-01
3.993360942222375920e-01
3.953523326575362762e-01
3.919223176862287050e-01
3.921154835951108364e-01
3.836125684443474904e-01
3.749604527484146077e-01
3.814302739785456753e-01
3.872915745224733142e-01
3.733315884902955184e-01
3.689319016707344190e-01
3.704300011632228329e-01
3.733064261746759094e-01
3.728607557843240938e-01
3.630074560958794772e-01
3.600081245604639379e-01
3.647940105798288535e-01
3.563494860806181164e-01
3.493234773867394671e-01
3.528209910860030663e-01
3.495461807707722079e-01
3.443532379343207661e-01
3.304564529594179456e-01
3.445319104165966984e-01
3.359459991454349925e-01
3.308601156301971269e-01
3.395235380017798676e-01
3.319696604959183062e-01
3.181350781710581832e-01
3.243894073949755152e-01
3.145219389466455406e-01
3.231684826912858965e-01
3.088005962932119375e-01
3.113121567986874005e-01
3.067538088016671383e-01
3.042205821997566173e-01
3.014701587498281876e-01
3.013274716435030420e-01
3.045635396572600184e-01
2.974108321805714605e-01
2.823679479681064919e-01
2.921389770329371194e-01
2.920113046161451620e-01
2.871783950318563816e-01
2.931344307636792323e-01
2.742401164441140571e-01
2.831011867903035495e-01
2.726363694049332431e-01
2.818993500603270697e-01
2.706887677097138956e-01
2.656442150176299144e-01
2.700320587742714440e-01
2.740911057185334565e-01
2.609285002164201672e-01
2.617150500183687556e-01
2.484335794991888724e-01
2.535772162804146856e-01
2.500907327279638381e-01
2.558177200355040704e-01
2.386718349142364359e-01
2.416500667085208776e-01
2.389969332265761137e-01
2.396329186672893352e-01
2.398488958150205852e-01
2.332107934605111288e-01
2.319011823463462407e-01
2.324907772750323121e-01
2.252965167127950474e-01
2.325892065920758256e-01
2.263946087319093636e-01
2.206106923626257044e-01
2.147577716228160349e-01
2.236026748040062240e-01
2.196183383934739164e-01
2.154014950789136240e-01
2.128852411272180167e-01
2.072594254583728368e-01
1.958556497123330742e-01
2.060941928033507287e-01
2.085728748969235546e-01
2.074019559164166915e-01
1.952732618384585839e-01
2.100506245529084048e-01
2.013762795875282674e-01
2.004245462798465438e-01
1.921702333485182934e-01
1.966001175489572039e-01
1.890829466599524555e-01
1.864831402375662361e-01
1.866853728259633138e-01
1.814553928202502497e-01
1.752684125794064518e-01
1.814140737887507682e-01
1.770917188336334214e-01
1.853209169390923894e-01
1.700572135385688410e-01
1.856990223547432817e-01
1.774811048477384912e-01
1.743475696669227193e-01
1.741418018177723348e-01
1.606160514467834810e-01
1.657641929484997279e-01
1.528676852480726489e-01
1.651083697477025991e-01
1.592651639358113325e-01
1.539000724938071607e-01
1.532457066435627402e-01
1.629105666540482389e-01
1.598886844550873876e-01
1.483837326549730384e-01
1.540651209025350743e-01
1.548708273896315657e-01
1.440097522590440271e-01
1.493403944276082695e-01
1.492070658952320272e-01
1.408569874019123813e-01
1.344711750209776069e-01
1.467334050161706871e-01
1.441946705611233670e-01
1.464647922128135826e-01
1.449855122303142785e-01
1.390491669587119172e-01
1.364390231615425220e-01
1.320002088392874806e-01
1.282579300544485212e-01
1.269445395606241533e-01
1.296144124831939970e-01
1.237418652407835662e-01
1.301667805407648315e-01
1.261360146890063427e-01
1.232376906943329492e-01
1.274161428941188168e-01
1.216134318971330841e-01
1.206244828534495106e-01
1.202156612174402756e-01
1.292939392900299966e-01
1.154534272085102065e-01
1.131923823968284115e-01
1.131674437887508905e-01
1.136170545017351902e-01
1.100416744737109931e-01
1.170698500322043395e-01
1.126746611043134699e-01
1.110042727281882746e-01
1.170995321115222976e-01
1.129289966179267829e-01
1.132218300114825743e-01
1.078132001414757180e-01
1.102030584948263947e-01
1.180001431702985271e-01
1.040097840299557264e-01
1.051655537208331104e-01
1.080919928727104434e-01
1.072149285530247520e-01
1.049885854862423057e-01
1.008918011504861129e-01
9.627567271430055584e-02
1.044216873119229172e-01
1.004147947067243890e-01
9.663071462974248682e-02
9.467583217695919873e-02
8.979166819485237538e-02
9.672762532527644230e-02
9.247148838895226375e-02
9.147257889030506461e-02
9.102025828270736418e-02
9.664682120069931215e-02
9.530630822404043134e-02
9.225143442709644870e-02
8.561028273272440481e-02
9.421053241541875456e-02
8.869132887365183127e-02
8.736266900548481096e-02
9.418644176531501544e-02
8.264739634588008643e-02
7.531543773888460525e-02
7.450645033111184812e-02
7.589323356917114516e-02
8.407183306809302981e-02
7.813143767159069775e-02
8.724917502828963278e-02
7.621039261379045082e-02
6.712331821424959155e-02
7.388577354238570760e-02
7.594586243219435262e-02
7.838899216914642365e-02
7.410762767937438544e-02
7.791448799264404090e-02
7.550648721386722662e-02
7.316045366536043371e-02
6.131364149728225216e-02
7.753943688210147844e-02
7.230606730626788770e-02
7.562681139416092824e-02
8.058101293786894270e-02
7.182587945130916585e-02
6.850944778660993106e-02
6.560812155145689939e-02
6.848042211855570605e-02
6.603762734122964329e-02
6.862413530807232043e-02
7.539325719797120018e-02
6.423169047706540902e-02
6.689583314125838176e-02
6.109601630647049780e-02
6.667166039431379754e-02
6.429536398014935872e-02
5.605495989329010997e-02
6.598884736379258265e-02
6.150904765652320111e-02
6.674291259444127544e-02
5.634755838172739867e-02
6.112105317947800348e-02
6.799207818886079946e-02
6.341500664061694437e-02
6.070262019231876388e-02
6.736441497686468383e-02
5.875946810698166878e-02
6.383769763478092107e-02
6.659044451373757889e-02
6.110230842208367458e-02
7.017102509920386533e-02
4.902436511444750039e-02
5.576423570307909028e-02
6.236096496634429415e-02
6.703087346772186594e-02
5.383318892244198794e-02
5.769161359260447514e-02
5.747410082252948915e-02
5.971871928877743596e-02
5.363782663907402937e-02
4.507337718781741914e-02
4.873977635237677908e-02
4.580751273745641700e-02
5.198831295886194304e-02
4.926738456827653434e-02
4.587624345126062320e-02
4.714645815602210022e-02
5.581347646625371001e-02
5.143827101463161605e-02
5.740851084087018191e-02
5.590702267424852573e-02
5.748082223903623611e-02
5.120167209224991967e-02
5.371795098474109464e-02
5.089027352736096715e-02
4.445467080791543069e-02
5.363931140357131727e-02
4.827064560956656480e-02
5.411921720868938940e-02
5.079538217639355951e-02
4.028841084768232383e-02
5.660732723876541611e-02
5.231045853147230779e-02
4.930528477329160914e-02
5.181114200133401376e-02
4.662880933573568254e-02
4.736086755639613149e-02
5.016511915318767195e-02
5.426505943785475683e-02
4.468209028802622856e-02
4.554770012680978142e-02
4.168813787182014396e-02
4.249472781696670559e-02
5.280280153985573294e-02
4.365036523404763197e-02
4.468209028802622856e-02
4.367345343290353343e-02
3.508392010400213784e-02
4.564899687784694515e-02
5.160128375080293844e-02
4.360253895382736056e-02
5.003689405387111433e-02
4.528446760919586922e-02
4.517598396920804310e-02
4.412916453392253663e-02
4.821653531678744831e-02
4.629573209070883544e-02
5.194287045300999967e-02
5.130084415762031086e-02
3.990840597216633451e-02
3.125422928333589784e-02
3.888651451326465003e-02
4.455939166486155845e-02
3.681072563995842206e-02
4.305726347477752819e-02
4.586491591656367134e-02
4.837370252857176034e-02
4.669206848784040326e-02
4.557541758177063862e-02
3.813091917490928073e-02
4.549360961404928794e-02
3.520100081445654006e-02
4.700276146490005996e-02
3.582887156982104970e-02
3.663215082321400612e-02
3.959492089424963834e-02
3.461064307767947740e-02
4.106103820554302813e-02
4.043149773756121029e-02
3.981293527294611778e-02
4.310428395683937181e-02
3.928187551447360343e-02
3.936059108813628332e-02
3.461174523675308173e-02
3.069001573772673144e-02
3.668816057726726615e-02
4.319840752217460333e-02
4.298089078849345879e-02
4.302095913413459677e-02
4.477798014894845274e-02
4.524815384242574651e-02
3.364693145950406472e-02
4.240431880429117173e-02
3.913555742171918178e-02
3.480396897201655515e-02
4.026898946351886027e-02
4.321962270766420422e-02
4.445467080791544456e-02
3.862087607524010424e-02
3.671942602718784171e-02
4.009218158551255962e-02
4.231851609754859467e-02
2.804054062728795690e-02
3.408284225279760438e-02
4.263958810259832477e-02
3.650975206911172277e-02
3.387791374439363956e-02
4.997318754131128277e-02
3.016790705287432373e-02
3.892627278156858550e-02
3.695403540014494115e-02
3.861950206801129104e-02
3.869994955778162382e-02
3.942072845473842263e-02
4.865014187274616791e-02
3.875594087094187679e-02
4.228321228310932128e-02
3.591979090389908758e-02
4.412135137660434803e-02
4.799163995899239504e-02
3.958542721452772833e-02
3.844163996133854316e-02
4.533721755122331609e-02
3.536827952929577634e-02
4.199103201792773327e-02
3.710594606214806523e-02
3.666113086573637159e-02
4.290412509287755416e-02
3.051026001576044588e-02
4.197960428511401249e-02
2.942011643654102518e-02
3.464831793686145439e-02
3.831683531370496526e-02
3.154082701622316215e-02
3.714348673891902652e-02
3.734233901822441720e-02
4.668635196514949598e-02
5.022161501210276741e-02
3.809090234326355934e-02
3.353624156021139252e-02
4.299154666570564887e-02
3.687131189928227748e-02
3.286208988295176436e-02
3.616693163996697463e-02
5.296410618401165005e-02
3.651621120062981118e-02
3.762221555768007625e-02
5.072876378501135070e-02
4.004357502434041649e-02
4.036005560452696206e-02
4.665823347793739834e-02
4.973537369342262426e-02
3.737067681183043472e-02
4.042370455196136331e-02
4.152866508349633418e-02
4.268657578770095745e-02
4.078577053302415156e-02
3.568998805997570384e-02
3.817380156090215138e-02
4.320303280711801364e-02
4.975485065666406664e-02
5.161370813776751387e-02
3.090744772888841946e-02
4.193076454489289007e-02
4.196675530073512572e-02
4.754496226229385641e-02
3.823461956160116582e-02
3.649273091729443586e-02
4.728288497112973637e-02
4.288191099242571330e-02
4.279513846047772185e-02
4.388128299531688509e-02
4.193739160729483689e-02
4.412635551036724058e-02
4.640927183499798936e-02
4.324390690119139791e-02
4.755010509386435602e-02
4.397053526341163088e-02
3.899357223856734361e-02
5.809578191594498564e-02
4.975485065666406664e-02
4.119876007995176143e-02
4.282283090262313519e-02
5.379569206667289549e-02
3.762808479721701377e-02
4.752826036824454869e-02
4.258411367809468440e-02
5.097604123548167554e-02
4.720076640139792695e-02
4.047625258710688817e-02
5.889552729484098109e-02
4.996908354488376752e-02
5.338035986779800929e-02
5.255426031444782042e-02
4.372492040204348923e-02
5.783254849855914287e-02
4.939404611437780285e-02
4.670189062466015284e-02
4.753604160763776759e-02
5.090665812560800363e-02
4.801614249297003756e-02
4.706638796228633514e-02
4.884979595183344681e-02
5.475557228998683551e-02
5.280481477238735399e-02
5.214886859015539083e-02
6.057739883070508563e-02
6.149904943919917016e-02
4.397274700188897462e-02
5.407833182358312563e-02
5.304471673509826568e-02
5.917171027759552532e-02
5.401502023813039427e-02
5.272914461415225545e-02
5.544267527717056804e-02
5.881110842335064010e-02
6.006563668701957182e-02
6.388744644734095646e-02
5.603446314857203625e-02
4.949727513736108114e-02
5.541126880379986658e-02
5.734228701969447395e-02
4.965339299242760990e-02
6.453136755548653791e-02
6.129118508144672239e-02
5.222044013653873162e-02
5.869045757454167955e-02
6.752907554497716847e-02
5.968018994742978894e-02
6.484360886607803964e-02
6.083364792942649868e-02
6.238360997948728254e-02
5.858052494802456350e-02
5.515946929609152199e-02
6.741071304806675601e-02
6.190719396458747165e-02
6.467882998338435330e-02
6.647085713279247965e-02
6.320167601961203252e-02
7.221818445524992580e-02
6.622154245309488929e-02
5.983383980367479316e-02
6.442357175186244622e-02
7.114837623135451816e-02
7.055353909262851442e-02
6.837006920253278774e-02
6.847454989225128241e-02
5.988708395835479203e-02
7.081318522505564150e-02
7.466179037188183654e-02
7.149808785351098595e-02
7.599994035741991505e-02
7.628746703908632909e-02
7.832262134054936153e-02
7.754369553292388140e-02
7.014239282619512406e-02
6.412343337137481336e-02
7.776498227782674411e-02
6.988735238768845059e-02
6.771046780971774759e-02
7.804669024321481130e-02
7.803852241617277585e-02
8.207782918518348458e-02
7.342148250405593213e-02
7.862815282867625932e-02
8.815623188519440545e-02
7.237410711439669353e-02
8.313194739545974599e-02
8.038986497454017610e-02
7.586903702523806192e-02
8.517744437921952183e-02
8.441884534847053645e-02
9.010454200890655185e-02
8.516743337062997188e-02
8.978397797926153390e-02
8.669056367438356114e-02
8.959228800875515542e-02
9.534077042523335377e-02
9.094170015134492302e-02
9.061976181719907930e-02
8.436698402362774463e-02
1.032821104805981827e-01
9.981524084019473275e-02
8.658007768307500462e-02
8.869132887365181739e-02
9.047900383682140613e-02
9.659162687933105229e-02
8.844346708624210851e-02
9.951117788882617166e-02
9.354442883936986419e-02
9.836182651226538232e-02
9.404996046226329898e-02
9.915337831471748853e-02
1.060033908035288019e-01
9.669450796249515201e-02
9.928042179316030891e-02
1.012913711582022341e-01
9.925662983124373950e-02
1.073011403956289772e-01
1.026765018499218030e-01
1.061902644495943820e-01
1.091893490549993712e-01
1.081031567097989338e-01
1.060033435304041788e-01
1.106578047668195924e-01
1.107809019932880917e-01
1.097558760740329487e-01
1.195535416498211823e-01
1.206025056606647022e-01
1.115993616524084825e-01
1.189376197620841680e-01
1.228713373771247314e-01
1.262522170014336309e-01
1.173143307321389273e-01
1.275124423073763502e-01
1.144274106302272664e-01
1.180534220769265397e-01
1.195630954439997895e-01
1.228348961382400850e-01
1.237611736534665052e-01
1.253646113184088695e-01
1.312898230514243092e-01
1.290476807852000973e-01
1.367490406961208715e-01
1.286360570459945951e-01
1.382925409192582444e-01
1.314682135114851325e-01
1.350806481326451425e-01
1.320809414423896044e-01
1.419683835691480656e-01
1.389625020836436908e-01
1.308441025475967079e-01
1.456595808753407828e-01
1.484404199440281513e-01
1.432883110646875346e-01
1.472976951732934414e-01
1.514169422466944970e-01
1.476408460935856037e-01
1.548874128576215869e-01
1.449683022620602557e-01
1.452544535355853317e-01
1.531243204057104457e-01
1.577298275103098113e-01
1.550144015583515278e-01
1.535303532408819616e-01
1.531797013806598939e-01
1.613632289077688575e-01
1.608794470297362222e-01
1.596918533556650477e-01
1.641269366656346873e-01
1.666629232146778772e-01
1.711884753126988179e-01
1.685548799906869677e-01
1.687621224069398573e-01
1.682082403297829043e-01
1.766979815275432908e-01
1.785091473455176769e-01
1.774018523401954817e-01
1.709667557128894677e-01
1.835844131141286806e-01
1.811565194565989689e-01
1.900868681803356830e-01
1.857868783892818731e-01
1.863477501624070110e-01
1.948019659807171955e-01
1.991465289587269760e-01
1.878007630865322630e-01
1.972977498273056629e-01
1.998058098786488768e-01
1.971268975186580841e-01
2.048636708523729755e-01
2.039207725749554723e-01
2.002220866165837498e-01
2.029052309457782810e-01
2.019513511400137795e-01
2.089555314792888308e-01
2.086214621885811582e-01
2.050749784411701193e-01
2.131037760705070949e-01
2.196216141461151405e-01
2.143982030504547331e-01
2.196914121416479460e-01
2.217559671747263983e-01
2.253399952270546958e-01
2.221359211446977400e-01
2.277434548789194491e-01
2.245957005185612310e-01
2.327709241514280269e-01
2.422603154004631110e-01
2.358439721736259598e-01
2.327613342028875820e-01
2.390242588494396747e-01
2.467211394544883973e-01
2.475423904861026592e-01
2.419092548189444580e-01
2.504218083298820896e-01
2.540615258938700993e-01
2.462095389076891516e-01
2.633019128112735752e-01
2.557837616208467058e-01
2.523432162133573131e-01
2.607276470994548956e-01
2.689572569299396587e-01
2.673959134444667818e-01
2.639257353308770981e-01
2.709976853462834345e-01
2.712499425484328208e-01
2.784102273575523867e-01
2.734264984802529108e-01
2.910219851735196817e-01
2.898521895310668950e-01
2.848883441309998377e-01
2.967018336061287287e-01
2.987187038048617627e-01
2.954026654199042867e-01
2.908259994149726135e-01
3.067045494714809029e-01
2.997121519393496913e-01
2.948309797418555700e-01
3.043021134016185569e-01
2.998972775399458834e-01
3.188772660823074312e-01
3.109617369993602498e-01
3.188109098300922484e-01
3.208657049879750089e-01
3.284318440314292209e-01
3.315937279144282601e-01
3.218162723144139536e-01
3.320352473362649381e-01
3.324679101402112091e-01
3.255286057313088732e-01
3.319370404831801791e-01
3.341780926959880271e-01
3.381022858400623554e-01
3.529995700156736138e-01
3.514337560528357773e-01
3.452336420823863827e-01
3.492722671000820789e-01
3.515864695899019177e-01
3.642357653222843550e-01
3.667440454009940898e-01
3.645043214617099125e-01
3.655769991065083713e-01
3.737667974040235208e-01
3.816232474514337225e-01
3.790763190112311776e-01
3.796709173634995049e-01
3.794834074258575662e-01
3.871144528799429496e-01
3.914792266476985749e-01
3.959274793860182995e-01
3.944905262011700886e-01
4.132794854738032209e-01
4.060565346234544792e-01
4.061563953858903231e-01
4.139027909798087546e-01
4.083329211908097722e-01
4.140577693144299465e-01
4.147249830157307970e-01
4.192567910523521957e-01
4.195720951938661791e-01
4.234392708201808464e-01
4.377280996188106510e-01
4.396224313440361131e-01
4.375912552652971299e-01
4.477585000446235308e-01
4.442735548935038969e-01
4.468388930577028573e-01
4.462029903687095289e-01
4.517630103927149920e-01
4.570962457267119805e-01
4.556261141655526536e-01
4.620174017139408451e-01
4.682415962108743002e-01
4.699878732772107548e-01
4.596025913083869319e-01
4.706392205635003823e-01
4.639035765296092295e-01
4.761885858110198599e-01
4.795416654320657779e-01
4.773323475424846030e-01
4.916395367207793132e-01
4.991234851971362296e-01
5.043907309196683508e-01
4.941044286765438054e-01
5.074573259960497573e-01
5.025529763536188410e-01
5.028430322016969045e-01
5.097499426326135286e-01
5.086020695861643848e-01
5.212868189292455545e-01
5.208131149173386154e-01
5.286042229258854919e-01
5.350876154499268900e-01
5.368056720093384859e-01
5.398755343287524600e-01
5.474571829220272745e-01
5.451139973196941213e-01
5.426443988469302759e-01
5.424926901598661200e-01
5.520653258109941008e-01
5.567201313537094576e-01
5.619201607368606854e-01
5.716271782381026068e-01
5.616257376990070327e-01
5.813947473517567799e-01
5.720291482352349854e-01
5.783376181728746568e-01
5.879844027994813871e-01
5.715516421025610416e-01
5.835447176215584619e-01
5.970821890880512184e-01
6.001278656282871271e-01
6.026452749622885907e-01
5.991567025932502677e-01
6.165366911337143430e-01
6.031981577640711523e-01
6.105399272223117624e-01
6.207916462836868821e-01
6.259881187843054917e-01
6.267217814822096944e-01
6.218684157469557272e-01
6.368249879162877214e-01
6.337776671746156998e-01
6.519073915406753406e-01
6.374965647668024982e-01
6.412128621380590587e-01
6.454133573959532910e-01
6.514794229509108803e-01
6.546515572259752336e-01
6.581875817370632653e-01
6.638598502359802644e-01
6.696984394696460230e-01
6.744921537207454465e-01
6.702034218061064808e-01
6.882829677403126123e-01
6.803532853996225871e-01
6.840261304214527716e-01
6.956764562600046276e-01
6.909982945099434337e-01
6.906013680017094591e-01
6.979633369879203464e-01
7.054203027185856900e-01
7.159039033049473533e-01
7.028716342151871688e-01
7.190325724310553390e-01
7.181702463733879993e-01
7.242712023718334002e-01
7.155942991101410522e-01
7.200863029194923826e-01
7.270479300354960595e-01
7.286615110267282702e-01
7.337014309474250151e-01
7.396290547178806518e-01
7.580352165568762235e-01
7.581131999477302985e-01
7.607771530887658118e-01
7.628648755717246654e-01
7.600462217183381330e-01
7.720786210214199974e-01
7.746293027480860571e-01
7.802486678325240010e-01
7.779579065850928954e-01
7.807716981973170656e-01
7.859012858887889363e-01
7.861422687014011368e-01
8.049576984639776889e-01
7.922067118006611564e-01
8.053321760012958075e-01
7.997996733341914410e-01
7.979910747538917493e-01
8.144255695507643944e-01
8.115306166970202018e-01
8.121202399055291732e-01
8.166158055255153814e-01
8.188731479496726973e-01
8.226570169060616333e-01
8.313839772370167358e-01
8.362978071880680098e-01
8.252044943854930370e-01
8.360715236212646895e-01
8.498024296131339028e-01
8.538748747254767402e-01
8.548690196728566670e-01
8.552341675174809366e-01
8.648130439123437041e-01
8.654763065497207419e-01
8.620753796300616445e-01
8.647991610833652976e-01
8.616379800372726550e-01
8.696766756114867603e-01
8.688279569400642055e-01
8.648390795554362631e-01
8.772473887286961203e-01
8.808977512553676226e-01
8.883357840186956178e-01
8.979320762798912448e-01
9.003319831999180289e-01
8.909087852686266018e-01
9.036278209278051365e-01
9.028261432343953619e-01
9.066007157866100563e-01
9.113672837049989761e-01
9.208819542302770778e-01
9.155110712694827235e-01
9.168912198588843321e-01
9.177142929076865796e-01
9.222760982929314455e-01
9.339718726821145678e-01
9.255813004674011690e-01
9.346080538479829558e-01
9.385385842141902302e-01
9.284128318443148897e-01
9.455810809635496472e-01
9.551550601991670719e-01
9.453557247724166945e-01
9.618076326232478657e-01
9.505369062534535507e-01
9.654651345618018299e-01
9.616286448105895168e-01
9.614351271865841930e-01
9.598352897099765579e-01
9.795805011920034611e-01
9.764176533420385606e-01
9.730571289547036429e-01
9.701269247643720117e-01
9.833406226109379089e-01
9.903410886545058744e-01
9.931471970971532670e-01
9.893187886099490402e-01
9.985472468822598202e-01
9.784382949537554497e-01
1.022708433324403421e+00
9.990620251587031264e-01
1.002668721239836636e+00
1.014589450129931958e+00
9.990689578205436128e-01
1.018329950084345459e+00
1.015038798713973955e+00
1.022325814510938624e+00
1.025449727758488416e+00
1.033286678001283709e+00
1.015729515956239615e+00
1.039578039648408447e+00
1.032011792994760091e+00
1.044108094671337694e+00
1.036771601222518990e+00
1.044098606992831524e+00
1.042021195711982484e+00
1.040751098655903872e+00
1.061438282592654048e+00
1.063475350678188436e+00
1.061961174266284669e+00
1.039020499293260125e+00
1.065743739257400291e+00
1.071704604836910102e+00
1.070384107724012601e+00
1.072496113347341629e+00
1.063546113505590807e+00
1.079301025065529718e+00
1.087280459794854215e+00
1.086707980724814115e+00
1.078121686811496005e+00
1.085278358510740393e+00
1.084049181962326358e+00
1.095642673887886831e+00
1.097679207369561816e+00
1.093103568046801977e+00
1.098060437491483521e+00
1.104086290421820493e+00
1.106068475215739477e+00
1.107778990726518087e+00
1.102136248037820732e+00
1.104710611919627716e+00
1.111733788477022866e+00
1.114726270157893051e+00
1.123518916510765298e+00
1.111132082633009110e+00
1.119329928061568058e+00
1.120180321135168855e+00
1.108839048636930391e+00
1.123306253020734502e+00
1.122269057734805564e+00
1.132015852610058992e+00
1.127557993195845709e+00
1.117442962301869125e+00
1.136925765023862889e+00
1.141087628615238936e+00
1.127194950803492191e+00
1.138738947765602916e+00
1.124081052653130630e+00
1.133852110751461639e+00
1.138978833383118561e+00
1.145949158154077274e+00
1.152178596558795398e+00
1.159096027695542430e+00
1.146391166675510442e+00
1.139867491432193791e+00
1.155983256173885643e+00
1.153913480375246214e+00
1.162784483985138451e+00
1.169123988733978159e+00
1.169281815682274406e+00
1.172318071893217795e+00
1.169482828684811127e+00
1.163821566466009649e+00
1.175367700354923439e+00
1.179996584719167796e+00
1.172453483519887429e+00
1.192997927290002647e+00
1.167802549049144378e+00
1.184594496635853700e+00
1.173735015205487286e+00
1.192680550716194388e+00
1.180658067690974811e+00
1.182562028628951767e+00
1.191615387251105496e+00
1.196064012651665065e+00
1.194051022172523124e+00
1.195682389721719696e+00
1.202497468562983451e+00
1.202042820069962659e+00
1.199553389546028415e+00
1.205421352099461441e+00
1.200626735023701430e+00
1.206070779084925881e+00
1.215631911284374089e+00
1.206704447330245067e+00
1.212226102607556477e+00
1.208120375346630082e+00
1.204374939820183954e+00
1.219338391165494251e+00
1.211384325348108248e+00
1.214793451130507851e+00
1.209258436450329377e+00
1.213985626401945739e+00
1.221691969572320291e+00
1.228595103847201164e+00
1.215800671563282975e+00
1.217881133787029446e+00
1.231462097368389852e+00
1.226812347784604462e+00
1.231999472610319390e+00
1.250256201157246227e+00
1.233139733776398961e+00
1.226970552446637219e+00
1.242887713793301874e+00
1.234484323101258996e+00
1.224405191094793954e+00
1.236366968799921695e+00
1.230367130351662341e+00
1.226986490405282071e+00
1.249077413735420361e+00
1.227913433056633918e+00
1.236974620834467631e+00
1.255700853439234432e+00
1.253057260312202992e+00
1.244239921465513765e+00
1.259965001009910157e+00
1.251487005102935202e+00
1.243512379057273742e+00
1.244350228283067405e+00
1.249741644966872789e+00
1.242793459628154684e+00
1.257614185990461708e+00
1.242384307908440899e+00
1.249536334741675248e+00
1.247745515151617468e+00
1.246854455184542854e+00
1.259215328059271943e+00
1.260634714980612525e+00
1.265493147428885301e+00
1.271244294782109652e+00
1.269938772469020760e+00
1.258785392936381919e+00
1.255384888747222538e+00
1.278748757721613005e+00
1.260520077705217012e+00
1.272684541979621331e+00
1.277861818941406158e+00
1.278243541214038936e+00
1.268456738328277877e+00
1.276261781210987989e+00
1.279412776010275365e+00
1.280418871906578326e+00
1.278858223212663292e+00
1.259691927523018284e+00
1.286365651819652234e+00
1.266721422318605184e+00
1.278634981876643373e+00
1.285510840842253533e+00
1.264978736506293444e+00
1.280667728075396194e+00
1.292037905714637391e+00
1.282203065534684772e+00
1.286393169403080350e+00
1.287694270123529661e+00
1.280514868144447593e+00
1.271044828372907887e+00
1.283241567499314950e+00
1.291669352062157383e+00
1.277209596853506435e+00
1.282662471415066063e+00
1.291542574766212370e+00
1.296264127241741226e+00
1.290578655918122264e+00
1.298222801549824057e+00
1.298435226473649839e+00
1.281676551373159167e+00
1.294510888643307656e+00
1.302656773161954051e+00
1.289151176135195032e+00
1.289526400066051348e+00
1.296406019787006203e+00
1.307005207617619957e+00
1.304239149770067607e+00
1.286698704248351754e+00
1.279624863713991090e+00
1.311938489577014755e+00
1.302415724629584437e+00
1.311594208546875695e+00
1.306504469564198745e+00
1.299017897874719329e+00
1.293784128917865317e+00
1.311830176055057029e+00
1.317824635464567073e+00
1.306290770052869643e+00
1.294862576716881764e+00
1.303524227674204505e+00
1.311974310486725637e+00
1.302951452575826563e+00
1.296419279322109430e+00
1.301294296445520748e+00
1.308531074957365758e+00
1.304364690291231144e+00
1.319566047362807026e+00
1.302966881971270086e+00
1.302861969807391329e+00
1.308872935970446738e+00
1.297150498637620553e+00
1.308681185919864820e+00
1.312699187925462585e+00
1.311549750922814672e+00
1.306020248922085347e+00
1.308881480775121009e+00
1.312979735280295435e+00
1.299917710943838456e+00
1.308850972902055654e+00
1.306242624393424423e+00
1.305342795120464583e+00
1.305864895867725028e+00
1.317618129653060910e+00
1.309877157967657801e+00
1.317595872204163854e+00
1.318690810198288821e+00
1.304121228862959780e+00
1.315678940198248492e+00
1.322820406913006952e+00
1.312824998873646010e+00
1.312723426950590522e+00
1.308302750229151101e+00
1.330856222001913114e+00
1.313379815983500620e+00
1.293776309651230916e+00
1.308763942459307161e+00
1.315786290995094365e+00
1.312313981477135405e+00
1.320031056374554090e+00
1.318283080466097656e+00
1.314155318067528722e+00
1.314803868246294360e+00
1.326684836333706041e+00
1.329995791508772340e+00
1.320033544713827389e+00
1.306856262872613028e+00
1.325967804510334691e+00
1.309466741013715074e+00
1.318129488671608174e+00
1.320205134180640227e+00
1.327573063838486611e+00
1.327762408384538295e+00
1.319986783821637921e+00
1.319450494768834359e+00
1.305107014236365881e+00
1.325844550706084757e+00
1.322764615966272039e+00
1.333644414939379130e+00
1.320479075369979105e+00
1.324272459674877167e+00
1.320041428739529676e+00
1.314101032198773167e+00
1.330700055698654793e+00
1.311924544801444270e+00
1.304557879428735800e+00
1.341231689545737460e+00
1.329318404398485365e+00
1.320824980669315973e+00
1.330173961018747741e+00
1.323923189774335984e+00
1.322653609987649137e+00
1.317136801567883930e+00
1.325282634216461863e+00
1.318940568321234741e+00
1.315364567687523190e+00
1.321296947259364529e+00
1.339130366971149178e+00
1.324741198826911326e+00
1.333127824719502419e+00
1.319557482746119392e+00
1.316752855932451061e+00
1.328305115112949020e+00
1.327356002725325501e+00
1.319106693931507257e+00
1.328005356617893540e+00
1.321569853840038444e+00
1.315134531268998819e+00
1.309975387091629973e+00
1.316768343756753890e+00
1.327187013650265257e+00
1.326505742572279267e+00
1.315594778379638896e+00
1.325469336707384427e+00
1.316891857868618843e+00
1.347007336359169249e+00
1.322496330417965327e+00
1.333565613214972245e+00
1.326841917233406054e+00
1.317770729915609396e+00
1.334250666500391258e+00
1.310970487702287413e+00
1.316717124798080230e+00
1.313605602684544627e+00
1.322459371927930949e+00
1.325942205235873139e+00
1.314221458983932056e+00
1.312048334128317562e+00
1.324768166355839716e+00
1.326646526970426621e+00
1.318290794529125343e+00
1.311674841775213984e+00
1.341598022029716342e+00
1.324301689231113022e+00
1.318392984926393119e+00
1.309259471577450817e+00
1.313019481424940516e+00
1.321299960649201299e+00
1.325967804510334691e+00
1.321120502752602954e+00
1.320863057446554967e+00
1.315262983192009960e+00
1.316996791483341589e+00
1.318528650163641514e+00
1.308630525845790205e+00
1.321327107655250854e+00
1.320386314865338750e+00
1.320540130890287989e+00
1.313265257109276440e+00
1.327075479942369851e+00
1.326715998882699754e+00
1.325452804265810247e+00
1.310920213872321716e+00
1.308336111338840535e+00
1.307690996382932624e+00
1.317302024553246964e+00
1.320219429499246644e+00
1.311786511735699490e+00
1.320221786033244360e+00
1.311361173944608938e+00
1.316071722511641395e+00
1.300551697643873350e+00
1.313961621029630322e+00
1.317931622200714914e+00
1.311024105017659425e+00
1.301114819479634477e+00
1.317616605545469000e+00
1.315024736493338064e+00
1.308718571463330704e+00
1.303314175743781167e+00
1.310022845843584749e+00
1.318045019334750378e+00
1.315638859434616670e+00
1.313694348091482889e+00
1.330767843506864612e+00
1.306270343792168775e+00
1.303111354787220622e+00
1.316794053330859082e+00
1.308307474066850329e+00
1.305826072066380794e+00
1.308236968401580880e+00
1.315676824518643651e+00
1.320451919986372014e+00
1.313712226540551642e+00
1.316564037380949959e+00
1.305454968457555598e+00
1.298068541402750409e+00
1.297792297689354557e+00
1.310184417783233579e+00
1.294637954865328622e+00
1.309835073427261243e+00
1.304649812287883126e+00
1.309109757363840165e+00
1.313596644102735800e+00
1.296650918834480137e+00
1.299353467543073792e+00
1.292465935719227188e+00
1.302285120266402085e+00
1.320613203729711582e+00
1.288754536468484924e+00
1.311388169226779699e+00
1.297646947050452582e+00
1.295111201671677037e+00
1.299769504832751332e+00
1.293356553730899750e+00
1.270023913132228399e+00
1.297416288336162182e+00
1.284746411329219518e+00
1.296201702267592015e+00
1.297280226639621059e+00
1.281126373987693245e+00
1.297716026163268754e+00
1.297078622920527780e+00
1.285210299829781189e+00
1.302804160468206573e+00
1.287746415799704724e+00
1.285402021528394334e+00
1.293063549135540891e+00
1.309454960525064937e+00
1.286950547429322800e+00
1.281498330451281920e+00
1.283398891437097511e+00
1.290097269467516128e+00
1.284648594416088141e+00
1.280316969603052524e+00
1.282302162568399906e+00
1.294408628120368832e+00
1.281851948979877864e+00
1.281812564998232373e+00
1.267531558074712406e+00
1.268103202204546642e+00
1.271243090026568545e+00
1.275403632311908453e+00
1.279868879095855672e+00
1.261549795930504203e+00
1.261567561829816997e+00
1.270449327179353993e+00
1.279984784832080225e+00
1.269049525593961780e+00
1.259867181550073933e+00
1.261424165192661206e+00
1.249168925924365237e+00
1.280770505514982505e+00
1.281146729553670038e+00
1.263627870764306049e+00
1.257372169933300921e+00
1.258975203800048348e+00
1.265951901388696621e+00
1.261226991808214404e+00
1.257600504495998806e+00
1.265889931029863469e+00
1.270670505396611638e+00
1.245739114152088600e+00
1.246838254842493665e+00
1.257602405200176410e+00
1.244539479269246796e+00
1.260115404526519711e+00
1.252075101401849411e+00
1.249994241007023943e+00
1.258198314020739117e+00
1.237372778394340012e+00
1.247724797195181923e+00
1.236924855599130346e+00
1.241810969355493066e+00
1.243608976499893437e+00
1.231521884116603793e+00
1.249732184652760703e+00
1.233375460134941370e+00
1.230086023857276833e+00
1.247559920759849117e+00
1.231529379677663405e+00
1.243666603712678231e+00
1.237311151383927443e+00
1.222815002452820599e+00
1.227940899332691238e+00
1.223578794287873972e+00
1.223749987573993669e+00
1.230468993394087773e+00
1.224859234488503201e+00
1.221826701092071366e+00
1.215625574863603786e+00
1.217667923173717970e+00
1.232060586017317050e+00
1.207550316314734307e+00
1.214718595342491270e+00
1.213820923731896650e+00
1.202398953707939144e+00
1.225079537394984097e+00
1.195788500625988959e+00
1.204730351686927881e+00
1.216570011122808381e+00
1.201987184743031234e+00
1.202505604015835283e+00
1.192449182607832059e+00
1.195165507378274983e+00
1.202258721784659423e+00
1.183835177825084184e+00
1.196167782189554218e+00
1.190411317293151416e+00
1.190832917409124780e+00
1.191283121647445986e+00
1.184660963553338719e+00
1.185468327597259952e+00
1.191611023729705510e+00
1.172607351839987988e+00
1.174776443510801016e+00
1.175231768742244443e+00
1.172066209840742390e+00
1.160732228840217095e+00
1.170386366274112966e+00
1.166877262141581273e+00
1.161314006751298367e+00
1.163277000758639046e+00
1.161365740805180069e+00
1.151855474861853690e+00
1.161688593008953330e+00
1.157782118535702898e+00
1.149043235366910443e+00
1.147437691213438749e+00
1.150772713096668731e+00
1.149910636078524284e+00
1.138036281929094784e+00
1.144064843709982959e+00
1.139285304326774328e+00
1.127648170740731537e+00
1.128882441441242168e+00
1.125218932880718503e+00
1.119946585172751474e+00
1.116014876987896143e+00
1.118921511443891736e+00
1.115067910626298620e+00
1.120148536737790135e+00
1.110638103531930598e+00
1.115024728281614363e+00
1.122276511156006240e+00
1.111901076503186925e+00
1.112751468289696177e+00
1.111931322542889955e+00
1.101879019747441291e+00
1.091296443245661996e+00
1.101016292484440218e+00
1.083082333186648150e+00
1.084424937930393407e+00
1.071081787343464375e+00
1.078324695961675683e+00
1.075506886473426960e+00
1.077576817867212267e+00
1.074810557104914688e+00
1.084498510671331184e+00
1.066416822168570144e+00
1.056513531725423061e+00
1.060738376982151676e+00
1.070336486753123761e+00
1.063374331257592953e+00
1.053787191209775598e+00
1.057679246815020235e+00
1.059233014950949903e+00
1.056023887536565953e+00
1.034345014902193993e+00
1.044622310461498671e+00
1.029321463005234305e+00
1.028818023386461888e+00
1.036961644075511835e+00
1.034543176428527556e+00
1.024675799276368426e+00
1.016989962638915390e+00
1.018082203202461455e+00
1.018095014232826223e+00
1.018136040833204081e+00
1.006829779965892291e+00
1.012384910484253497e+00
1.006348122281817581e+00
1.005544781417914590e+00
9.827757043278761984e-01
9.959203296721279575e-01
9.935387825300171505e-01
9.866087215658351228e-01
9.772805347681142729e-01
9.645581736198810541e-01
9.694628882121412161e-01
9.731737827780306826e-01
9.560356544408172841e-01
9.582523749497411369e-01
9.642869462781887835e-01
9.638696680331945155e-01
9.510582670121900950e-01
9.559059257815069044e-01
9.348912493307492966e-01
9.383487719329950405e-01
9.193583036577519518e-01
9.337722219546733537e-01
9.266505974506187293e-01
9.202725906314139781e-01
9.204514400395276130e-01
9.127919200886459583e-01
9.168472529154922945e-01
9.123920038431956314e-01
9.080375266237773468e-01
9.183103327755827161e-01
8.964965149958326052e-01
8.872753598969540523e-01
8.889940758458839687e-01
8.798866175783679466e-01
8.861006267262835356e-01
8.662911912916235746e-01
8.675569352724390448e-01
8.702533559342914282e-01
8.758442102072129254e-01
8.658322719196158701e-01
8.546712411275971810e-01
8.514128320984324372e-01
8.567254921525959688e-01
8.291225525610927960e-01
8.359594468337385731e-01
8.320187864451539239e-01
8.453475293168943860e-01
8.190477065534473855e-01
8.187564456157321313e-01
8.245963562811837733e-01
8.054813028445251266e-01
8.061075134042691159e-01
8.086145154162323045e-01
7.931408879706681736e-01
7.887286118315223193e-01
7.827883419199668236e-01
7.855827078944276343e-01
7.784946938455794552e-01
7.699335688265374067e-01
7.655632567559961243e-01
7.522584208334527345e-01
7.663727422114268162e-01
7.546115196757414711e-01
7.482818537739956977e-01
7.355787896909032897e-01
7.409757988013579988e-01
7.457850068266386190e-01
7.302784651018086048e-01
7.271708502513647421e-01
7.301061610218735343e-01
7.289532073246238753e-01
7.231590724012574301e-01
7.137696137626611259e-01
7.088094974655542169e-01
7.071927785514395826e-01
7.075083919299828272e-01
6.969047143973069458e-01
6.980960195117925648e-01
6.821526689736489013e-01
6.812136945590560044e-01
6.838634544170911767e-01
6.690368352592780399e-01
6.658439655858855444e-01
6.680954227472762907e-01
6.581162082915790190e-01
6.481831005879351570e-01
6.574207985254768571e-01
6.407307512991370357e-01
6.456645281688923044e-01
6.410285870792624685e-01
6.278863909596354986e-01
6.346281011671175420e-01
6.154139318731143282e-01
6.157499358018216906e-01
6.087481712830057345e-01
6.189760860595209246e-01
6.020371217529209007e-01
5.924475274999336794e-01
5.933285626338474783e-01
5.970019164570394832e-01
5.917819107222670461e-01
5.888306226800732457e-01
5.791976619899937839e-01
5.767711453520929510e-01
5.671608751399593862e-01
5.570525823903793583e-01
5.508570446907007367e-01
5.504555470648571092e-01
5.390068999713155673e-01
5.483499039612406145e-01
5.432346337562481420e-01
5.249300269975094579e-01
5.253745662231988911e-01
5.313166666820221540e-01
5.184752499703022544e-01
5.195600182523180122e-01
5.111106368201572270e-01
5.143665667258984220e-01
5.037661711057710434e-01
4.975282451842306664e-01
4.867322276083106969e-01
4.877336393846579687e-01
4.901506839729450338e-01
4.736988855045045632e-01
4.830854339175177370e-01
4.709589438035156062e-01
4.710284011956010208e-01
4.540745372469420227e-01
4.420450513617355526e-01
4.493703387299431418e-01
4.506025189134805209e-01
4.463368798776364832e-01
4.513738053156564067e-01
4.331453622112156343e-01
4.334425723828996824e-01
4.267649165934133126e-01
4.236898312401589650e-01
4.145270305332253713e-01
4.050209147798431997e-01
4.204419123748275311e-01
3.999870378566674489e-01
4.047700867122887569e-01
3.905461518227539286e-01
3.935399949302237355e-01
3.901145441951790471e-01
3.807352337614763327e-01
3.848865219435042007e-01
3.810058266334201416e-01
3.641888974755471686e-01
3.758674276808858794e-01
3.630549955465852130e-01
3.556714684287101136e-01
3.448249623505306172e-01
3.450947353021664443e-01
3.372901607888454945e-01
3.423339127444491869e-01
3.467446929269166200e-01
3.286413190025410103e-01
3.298227119896649517e-01
3.319217616037726803e-01
3.216876551223350478e-01
3.194576772043496438e-01
3.199457202341308704e-01
3.031921113736429918e-01
3.015401990737784921e-01
3.054136507925764299e-01
2.965717002195708552e-01
2.904579926228689768e-01
2.794029926408534981e-01
2.875429239958985916e-01
2.869620317616893290e-01
2.785087717855491141e-01
2.772585908744077954e-01
2.751431290308249400e-01
2.691833677598334251e-01
2.599493921932025664e-01
2.590456963910944821e-01
2.547725931709491354e-01
2.541938265930855367e-01
2.489948369694060248e-01
2.474283138815990546e-01
2.435489828927482892e-01
2.386619012594667910e-01
2.420584342321777660e-01
2.310379946478504087e-01
2.280711800219777097e-01
2.282751609499985290e-01
2.181837528074662691e-01
2.258352721346303382e-01
2.152459888762403295e-01
2.194579865680320041e-01
2.136128134548707647e-01
2.141898948723621188e-01
2.053230652485556751e-01
2.026282419790972900e-01
2.009485424923445895e-01
1.963925520003567959e-01
2.027789638760348068e-01
1.912765484309128794e-01
1.777756229709132330e-01
1.777079920488287279e-01
1.663581067001040359e-01
1.816051553200779822e-01
1.738469045034057858e-01
1.756965526650778320e-01
1.653200575236300207e-01
1.645258493174036607e-01
1.530351468846566365e-01
1.579019854397772371e-01
1.622405554164809416e-01
1.539231562213015936e-01
1.681529358316287970e-01
1.484386723332296598e-01
1.501905385184355013e-01
1.464818259359363661e-01
1.498471820083095429e-01
1.480060421093849221e-01
1.383260354739551945e-01
1.405254542857705957e-01
1.300677612468398303e-01
1.366775111616402305e-01
1.245227300802239923e-01
1.242927170840823353e-01
1.231302847162679265e-01
1.153483029614906785e-01
1.216925601364915038e-01
1.191021787626799361e-01
1.093256236964764705e-01
1.181390293357333643e-01
1.158710700532276372e-01
1.172161574278095392e-01
1.171056779432899514e-01
1.086521388597022769e-01
1.025905078653640834e-01
1.063091693881562522e-01
1.049075738227560201e-01
1.014128239294714712e-01
9.812505063919617354e-02
9.370819780181040282e-02
9.943020010320417768e-02
9.674197295189454482e-02
8.813338931785028030e-02
8.751215965566137844e-02
7.975476663560250590e-02
8.348563205169426404e-02
8.887380713501677465e-02
8.352284859060395139e-02
7.377774879385486095e-02
8.778501043330280695e-02
7.817561698950382942e-02
7.803106084569398637e-02
7.347353068731761472e-02
7.442235405310325402e-02
7.765668963964886262e-02
7.590065396728087888e-02
7.325631553715782063e-02
7.591933531662607704e-02
6.852326450630975840e-02
5.765216272251327823e-02
6.560103916746333474e-02
6.527716817767968693e-02
5.756589431217632585e-02
6.164184898393797185e-02
5.308248784102404666e-02
5.916091578632733800e-02
5.442949989231708752e-02
5.607067047938864290e-02
6.089862560365806587e-02
4.844580140102341947e-02
6.172618665414771055e-02
4.772266279089944219e-02
5.804402986993045799e-02
4.880896657555207352e-02
4.881477662901162473e-02
4.593383553105978567e-02
4.324336625251670035e-02
3.664635152279901303e-02
4.564959585300763095e-02
4.533922232566117011e-02
5.455737168369775847e-02
4.242003377489067528e-02
3.536020966146659339e-02
4.388611138526686550e-02
4.184144900803245248e-02
3.643880550304989807e-02
3.746517452660239750e-02
3.816486463436619125e-02
3.492563130483275491e-02
3.942396328107756337e-02
3.836139715429040531e-02
3.451314382073204790e-02
3.356467969025087733e-02
3.023482801292133940e-02
3.047255695120143493e-02
2.869222253620968763e-02
2.072436167648283520e-02
2.592858849795317763e-02
3.283545844137010505e-02
2.424833237975696984e-02
2.845155162119454226e-02
2.810218889609988543e-02
3.056075684089541375e-02
1.998181723443531385e-02
2.306916235214128905e-02
2.978838553976439693e-02
2.645623031537317968e-02
2.989465668713936139e-02
2.189846231537744686e-02
3.568414166209032262e-02
2.640786676174615433e-02
3.077181334181577216e-02
1.385481383813453975e-02
1.171642021426441173e-02
1.673900589446097875e-02
2.456699347427838964e-02
2.115449767818123467e-02
1.744168751258811517e-02
2.033147850710520510e-02
2.384818890128061544e-02
1.045438154506940498e-02
1.885644250725401413e-02
1.719778448091427089e-02
1.736807257225913767e-02
2.166992906988944936e-02
1.958264941378822649e-02
1.532804671474677707e-02
1.296828903889812000e-02
1.600229289115032844e-02
2.039652369212030525e-02
1.428773583171943397e-02
1.908499075187862493e-02
1.618153207726230960e-02
2.005588521512276234e-02
1.853769692580079648e-02
1.586461539755070274e-02
3.333177167871763900e-03
1.682926872288509346e-02
1.408146271133023375e-02
1.751950481387013620e-02
1.518514582857558026e-02
1.196362588628091181e-02
1.536815965073701738e-02
1.714378283034538250e-02
1.639296033235912442e-02
1.308885742274308248e-02
1.195744358764203909e-02
2.015049055737313730e-03
1.331781184465991724e-02
8.558182857774309163e-03
3.058823267487242870e-03
1.254117634632653105e-02
7.802341732061521609e-03
7.804041651155939341e-03
1.434120469330837228e-02
1.062894216356131266e-02
1.512130420179419801e-02
9.074737793407866571e-03
1.072694578246796010e-02
1.096461848156627186e-02
9.658215319544863819e-04
9.349137436173814500e-03
3.878723646883909439e-03
1.332046132017491308e-02
3.838279662229561982e-03
1.253787143073734067e-02
4.917046160195054708e-03
1.741209862638936831e-02
1.531221698107054253e-02
4.101022384539879280e-03
6.752837747923304268e-03
1.558972965615445204e-02
-2.177332117448284310e-03
1.268288277715371934e-02
1.226003506937503942e-03
-1.383224787049481316e-03
1.531221698107054253e-02
1.324152726431120433e-02
5.146737986109893581e-03
2.277145734366781311e-03
1.542866265498629881e-02
1.464568921504152792e-02
1.010513573018074346e-02
1.143564480067746705e-02
-7.070276654932867988e-05
1.519717619527513261e-02
7.209474364716741621e-03
7.232414571849253224e-03
3.062060283129133548e-03
6.487125064442787747e-03
1.459194302379165920e-02
1.220059237003804156e-02
-3.981101256444078557e-03
3.849200178674715752e-03
2.823079920718769495e-03
9.398415353481950549e-03
-2.692332104376173041e-03
1.520487000734897093e-02
4.856771826677567724e-03
9.160923839350758671e-03
1.068193542751403810e-02
-1.155172271246033416e-02
1.096470604074549493e-02
2.286307372680028774e-03
6.818965079689301781e-03
1.270118697853672533e-02
4.651765219044516446e-03
3.858262938923524756e-03
1.777938763578160511e-03
2.838011900916182027e-03
3.894106834995150323e-03
6.699897060083643587e-03
1.118117615513151628e-02
4.519604471766426688e-04
1.227990650644278673e-03
4.113878230414536909e-03
2.821590850172931743e-03
1.139199986582567839e-02
3.346406312304857876e-03
9.286605355915784552e-03
9.110426566061896603e-03
1.022255356521206866e-02
2.544499001701471409e-03
1.516122956273020577e-03
1.250681479642857565e-02
9.388428241537672553e-03
4.868073328927909754e-03
2.047551738631255003e-03
4.627394207876446043e-03
1.043783864291547916e-02
1.723809717722060014e-02
1.227264984839017241e-03
8.577157461125304791e-03
3.331561091235352851e-03
7.751460217642253125e-03
5.918828395480016033e-03
9.744977409849188811e-04
3.571484070824803691e-03
3.080580330238336540e-03
3.335034416179502061e-03
1.122616234909250797e-02
-2.157428059887388748e-03
1.151889206524423469e-02
4.645093461190104647e-03
8.799700468068048440e-03
-8.592736022936085663e-04
8.049024517527716971e-03
3.894976070173028493e-03
7.136146901851391855e-04
8.366033761212275655e-03
1.465728292170824162e-02
4.469495053807597353e-04
1.041852010954119612e-02
3.597690595583521913e-03
6.204621874752245907e-03
1.781218929433938444e-03
8.628250283346039842e-03
4.358197657363454755e-03
2.808436715568504716e-03
8.594102234365312912e-03
1.151088759756052453e-02
9.614220324715266539e-03
1.052608389466064102e-02
1.358398648702633695e-02
3.338474084043374819e-03
3.354361877736414949e-03
9.566216546095299839e-03
2.286757229203407495e-03
7.134317563731288909e-04
-7.099804151679054820e-05
4.166218562660211136e-03
2.563924489388562638e-03
6.255564673619635682e-03
8.829658269736445630e-03
6.229188904656409766e-03
1.180925372904624397e-02
5.722191763065213183e-03
-1.126709993510818146e-03
7.515237230235256340e-03
-1.650384933830760948e-03
1.383304070172541693e-02
9.606727804910128801e-03
7.036390162363963426e-03
8.084502606293836671e-03
-1.124620092860355693e-03
2.026137510020234282e-03
5.920655591074847415e-03
1.013939472626010189e-02
-2.411711224738293923e-03
3.881803005406933658e-03
1.919143472624031653e-04
3.611489775595988320e-03
1.836002831000640794e-04
5.454430768581388332e-03
9.129580464366909495e-03
1.222779033329396414e-02
1.155055122757948742e-02
1.337654174692553752e-02
4.143560130206624254e-03
9.806188183469647865e-04
7.004445147669167461e-03
3.315928404040535508e-03
-2.968246466773218073e-03
5.734214308853878735e-03
4.649983453177508434e-03
6.226125540318090505e-03
6.448682664180624413e-03
1.097688156434160206e-02
9.082683746218882942e-03
3.341062105711529052e-03
-8.162597757887270905e-03
-1.117818152051513331e-03
-3.770533699767635721e-03
7.564745581250679855e-03
-8.658560814735875594e-04
1.235626750627917330e-03
4.503231707971986275e-04
8.827652810900718169e-03
1.123783482831184136e-02
1.512121295448524971e-03
6.497900896641899647e-03
-2.695854406061291061e-03
1.093884943504037748e-02
-2.966867119465508001e-03
1.506170254652081141e-03
5.968859371008465239e-03
5.173580012495506905e-03
5.446648759099017266e-03
-7.169133712201628569e-05
2.849303461357055069e-03
9.410684212909347160e-03
3.601023630785888871e-03
9.710745668346709367e-03
9.710823726975563452e-03
4.144620922067837783e-03
-7.951923056558414429e-05
4.118833589703952032e-03
7.771807162100803634e-03
5.438050380296132955e-03
3.067671077870668360e-03
1.023329517999418611e-02
7.298375088997178725e-03
1.369179309951696483e-02
7.141812362137973675e-04
4.641971266165844517e-03
1.242149834175060742e-03
4.947099810442276598e-03
5.460952525266516734e-03
-1.654020203881836730e-03
1.484305806188774939e-02
4.398180518141009930e-03
3.336688821330871350e-03
-5.979813316134133033e-04
2.028791000011231742e-03
3.355221300950832642e-03
2.829029284029387949e-03
1.495475226275100235e-03
6.706960975502015629e-03
1.247532336378009846e-03
3.312211291566428788e-03
-3.735117547196120484e-03
9.866561471001502812e-03
6.971522108114541587e-03
1.515709685541529426e-03
1.021164773527703969e-02
3.616629712895459790e-03
2.792246287626466445e-03
-4.269555604220203783e-03
3.321131747068446771e-03
1.126953852341668928e-02
4.110271360322188296e-03
3.608571603878047481e-03
1.255774113616486528e-03
4.144654080565452967e-03
1.434820876802875809e-02
1.018216315574638556e-02
6.255307046367901587e-03
8.538169069689441684e-03
-2.435129967092680963e-03
1.040234038012774996e-02
-5.310221649404342319e-03
-7.370009615732617952e-03
1.011829719666730056e-02
3.849200178674730497e-03
1.024667684679571138e-02
3.355166289496780852e-03
1.244587350054779992e-03
2.032540348812247096e-03
-3.281561413816242020e-04
4.390156510350608221e-03
-3.435475476150466070e-04
2.296100752545549017e-03
9.123207094558610439e-03
-4.817857758106345104e-03
2.023471609841121389e-03
-1.665674734301656390e-03
6.516702145974544169e-03
1.468052548868206859e-02
4.392513014792541991e-03
-1.115172570534737938e-03
1.518503115617664788e-03
6.243947861676185825e-03
-1.403050833944022649e-03
7.300596033311571725e-03
-4.268465425746309667e-03
1.017413054019123374e-02
-6.876341038604624929e-03
1.300221739981966516e-02
1.263066593009917228e-02
-5.868107549394797895e-03
4.657921471996002809e-03
3.327923525061090085e-03
7.403649896374836330e-03
3.078166955278135910e-03
7.588725836803276135e-03
6.244190328241898229e-03
5.479048853029505790e-03
1.517694294550218188e-03
7.266106099542095527e-03
1.375000743187701664e-02
3.070043538847455535e-03
1.434809439978568767e-02
9.168204497753988311e-03
-2.446338847965046429e-03
7.053157824203941210e-03
-1.121675480880100642e-03
2.576141590867325661e-03
9.193206558676189286e-03
9.915831515649070269e-03
8.868189661735501744e-03
2.015848612431413785e-04
2.023490952051419222e-03
-8.806087478490156120e-03
2.834044628413698221e-03
3.588789599204316155e-03
5.443736164576840238e-03
-2.969978954598104844e-03
1.773749237447860665e-03
2.827533932393081276e-03
9.897104016970690362e-04
-8.741548383903926037e-03
-7.189943010702522870e-05
-1.387937087746736855e-03
1.392727690056549776e-02
1.102911745735419766e-02
-3.338805245875373041e-04
4.953458699392904695e-03
-6.413691033013203292e-03
4.674513709775850873e-03
6.201370524671205239e-03
4.395547551817339193e-04
1.041578032143702752e-02
-4.822923032014117713e-03
1.761119204818215132e-03
3.614296822653378927e-03
1.496248627534912425e-03
1.072136313623422640e-02
1.302726266784401225e-02
4.931403923089824198e-03
-2.183044146855546257e-03
7.876559546477630500e-03
3.881803005406935392e-03
4.975783248813000700e-03
9.207082502359366025e-03
5.957863247153714903e-03
8.015030294676357345e-03
-1.137150832382272233e-03
9.403304006566241824e-03
5.218981932798641421e-03
1.498609464283771507e-03
2.022411724501496557e-03
3.621352174066170757e-03
4.622006373872760017e-04
4.655508141820057476e-03
-1.661729039683594762e-03
6.463857816678887647e-03
1.226142149130857173e-02
3.875525966361001527e-03
7.833305582204484752e-03
4.365010841205809768e-03
1.016874344525691039e-02
7.542759268386330096e-03
-3.517876227447086848e-03
7.376290118883539054e-03
6.516649914677078229e-03
5.961000860446098205e-03
2.052957414138711825e-03
-2.674542429873673355e-03
8.411130682953300852e-03
1.786406212643586048e-03
3.876704501341938364e-03
7.329258553328396077e-03
2.296550420469209864e-03
3.867430145646992556e-03
5.942426965560654653e-03
2.570699718615299285e-03
1.492744983855595576e-03
2.820846903817058205e-03
-1.386140568272322326e-03
9.783002032315471323e-04
8.571441185155114287e-03
3.083695874826755320e-03
-5.907798981375704354e-04
2.823958014581252115e-03
-7.127703949141533479e-05
1.271663908483311629e-02
-3.227425929561060849e-03
-5.613043006554263928e-03
1.350503821887699338e-02
9.672831816460324486e-03
5.697205417733597170e-03
3.662544486648812176e-03
-5.924888152585068178e-04
1.928775252895203671e-04
-7.197466278978788224e-05
1.522906525995661522e-02
9.261137622278642692e-03
7.586679864704451957e-03
7.091370625855606324e-04
6.479104558509354503e-03
4.659719908232520108e-03
4.683149272180461495e-03
5.967238347121320979e-03
1.229532543056456942e-02
1.511722290879402445e-03
7.269927670994025346e-04
-5.929639495545109291e-04
5.204945042418693442e-03
-9.529335256521736033e-03
-1.400430129734636263e-03
4.932518073537082992e-03
4.918223799603452240e-03
2.048094314006803068e-03
4.684353270751179764e-03
1.463010154331531934e-02
5.973651389544909311e-03
4.435457665087507925e-03
8.046413450213934365e-03
4.377586195670224965e-03
-2.689250123347715089e-03
4.646277969128306123e-03
1.204708903525478041e-02
-7.142734545062937089e-05
7.767527985285513532e-03
4.141708610174914089e-03
8.122954081320247349e-03
1.305683188654162448e-02
4.573217281544363858e-04
6.524769495813602556e-03
5.987708617434679345e-03
2.040048011904094499e-03
9.999964040404483653e-03
3.379276620362926895e-03
-7.211871672408384955e-03
2.296550420469210298e-03
7.043212890382504789e-03
1.251039282113636936e-03
-1.671878378058698402e-03
1.074925090289771505e-02
1.906174281976476606e-02
-1.660271721166286900e-03
1.770385712164206050e-03
-1.932831492617239190e-03
8.636012976007240508e-03
1.937442632965273831e-04
8.405841151686559848e-03
3.358697469434047955e-03
-1.904570554319217224e-03
2.583145799999658331e-03
2.314194512533008109e-03
3.119968312822096225e-03
6.260484771528756869e-03
1.050630046127515489e-02
2.593497513383932751e-03
2.859920530092428890e-03
7.051902044076390624e-03
7.066197889813529039e-03
5.214866255955081208e-03
1.074054923475428053e-02
1.230192294365612012e-02
6.494423397457739500e-03
-2.994457811262154091e-03
8.423745799996404035e-03
6.022707901029184831e-03
1.125556945851318748e-02
1.373621719482634104e-02
1.772714041899634040e-03
1.247396022574150023e-03
-3.293705153681683335e-04
1.518515377112271327e-03
-5.959508910352281702e-04
-1.392325453411797720e-03
7.214368569957609187e-04
-1.386151678352117930e-03
-5.957972288999905568e-04
7.060579086172856164e-03
6.308406224301553802e-03
6.842513509006665530e-03
6.255464343979443530e-03
2.848544831675071855e-03
1.427219349317393124e-02
-7.216634703128531347e-05
6.053206259350634062e-03
1.157192887671282949e-02
5.198108729269989778e-03
7.550870405143641183e-03
5.214646692680845706e-03
4.435457665087507058e-03
1.014209066386477509e-02
-1.384320921656059279e-03
5.204945042418695177e-03
3.372122787406327173e-03
1.099420909890544071e-02
9.649979792535205367e-03
1.235961621553997554e-03
-6.035241604668685565e-04
9.233261703798819123e-03
4.136587522903455508e-03
3.902394758234822153e-03
5.980002617552101357e-03
7.110803240671300339e-03
-1.132692448681055664e-03
1.059631454560174338e-02
6.810850495064488773e-03
-7.195612937178317041e-05
3.645385843488676159e-03
3.662574226383976273e-03
1.523756845773378875e-03
1.194312270523436963e-02
9.422522056976891103e-03
1.084055610307218219e-02
1.209809360732823878e-02
5.250672546863946119e-03
1.481728919877126419e-02
-1.653699119004610214e-03
8.655500404336300552e-03
3.122032722348280429e-03
1.107525943431944201e-02
6.811773076459380627e-03
9.780638691263509460e-03
6.041922390651092989e-03
8.949031621462171307e-03
6.514431137209998786e-03
5.199482885289563074e-03
7.043269386939841718e-03
1.284529979705950793e-02
-6.069063371111618407e-04
5.415913972615370685e-03
6.029115334981694982e-03
1.026032613329272425e-02
1.105030299776581411e-02
1.052922352065179847e-02
1.042692233947669668e-02
1.154433867303392494e-02
1.621552574355102083e-02
1.239800430954401261e-02
1.366649277125637704e-02
5.981532748685563540e-03
8.304744980675272947e-03
1.126450293489188181e-02
1.411092413637652331e-02
1.099993831463551980e-02
3.881971076958013866e-03
1.026310021047246307e-02
5.229857065934325790e-03
1.844050050253167455e-02
1.875713464946687087e-02
3.350821405898043396e-03
7.300654471632129355e-03
1.099649461086409617e-02
1.178125900978624178e-02
7.027165372590149853e-03
1.367737144189218844e-02
8.327193449459502697e-03
9.108101536656677821e-03
6.019509288459231472e-03
9.388428241537672553e-03
1.367022692876929298e-02
8.913604918997272697e-03
1.546113437250158130e-02
1.157798473533182271e-02
1.261736902116708178e-02
1.208066646624188570e-02
1.519306434446188528e-02
1.654062874926758714e-02
1.761811051055591978e-02
1.654500832558581866e-02
2.376565237007964571e-02
1.684353627702277201e-02
1.524921323780336312e-02
1.154930681674174245e-02
1.932020079354369174e-02
2.063672109748013531e-02
2.554343710893881500e-02
1.490161232128344587e-02
7.814635347753994335e-03
2.046004623973256970e-02
1.695809136301407866e-02
1.933499738505246174e-02
1.512936391718045295e-02
1.968840032409626545e-02
2.199853421975302148e-02
2.137926486033975976e-02
2.324836854722040283e-02
2.768532775657830958e-02
2.100482244490258638e-02
2.085842352602474553e-02
2.563796175104707947e-02
1.680446046406876281e-02
1.922115809004272535e-02
2.372171380045098865e-02
2.249393693222549381e-02
1.207894062902172341e-02
2.258499347257995893e-02
2.125249488354989322e-02
2.645598908222351886e-02
2.169936977726243804e-02
2.656037101370618825e-02
2.857092017343178247e-02
2.126355819729383589e-02
2.626920522825299670e-02
2.706099918441979071e-02
3.286150616936351493e-02
3.431814819162315455e-02
4.460541569998575928e-02
2.783221998676037659e-02
2.184746265625059011e-02
2.795650781309372279e-02
3.004039780094345385e-02
3.636636858784176446e-02
4.048174482624256054e-02
4.453866228433214086e-02
4.083996542709221467e-02
4.565890155599153927e-02
3.847551322484074610e-02
3.718065306075540866e-02
4.165830177381171090e-02
3.917260916869851756e-02
5.509010537430816118e-02
3.764303755807307805e-02
4.560599269304194125e-02
4.127414526974083203e-02
4.933403146030364284e-02
4.696831347410027752e-02
5.582482058066019076e-02
5.064736358992601856e-02
5.851900932646678100e-02
4.940699581648871908e-02
4.707559390788249726e-02
4.793199548051183673e-02
5.189862466924372031e-02
5.930367464638301722e-02
6.208967148460910884e-02
5.899826163000975593e-02
6.995888518416051860e-02
6.255329769407258489e-02
5.463041707442561207e-02
6.609675920048502240e-02
6.563765344299170301e-02
6.129134374294484267e-02
6.458065818394689850e-02
6.633954470376209056e-02
6.574024058334919374e-02
8.304991695906359384e-02
7.163059632005569499e-02
7.996138498421315188e-02
7.474932721779001255e-02
7.500192605892896935e-02
8.073915280043973686e-02
7.438583956975722278e-02
7.913211465891149821e-02
7.652300147000337671e-02
8.318941656661923978e-02
9.394244901751193366e-02
9.109124980736416077e-02
9.237142113047776271e-02
8.746442186312550215e-02
1.009847066246127023e-01
9.141214842315777134e-02
9.786970546125864368e-02
9.759707969681233330e-02
9.202797356302482024e-02
1.109047584445049667e-01
1.073972745233886666e-01
1.139882710291882234e-01
1.056189475030971936e-01
1.129055515596726900e-01
1.086552735460963454e-01
1.139767714699827239e-01
1.066491556127312085e-01
1.194205455797225784e-01
1.252040099944391194e-01
1.237284896680285601e-01
1.252860803728527983e-01
1.255779390515659177e-01
1.227659340726738046e-01
1.298854460830321522e-01
1.298631773199633299e-01
1.361488582087940213e-01
1.427655964178020653e-01
1.404378203386670854e-01
1.410223169778246077e-01
1.475104811281003625e-01
1.439425242099368063e-01
1.425842545223063029e-01
1.468357176422845634e-01
1.479834157030256447e-01
1.514392811192092070e-01
1.603604403048853322e-01
1.571771262941673297e-01
1.634806088285903625e-01
1.702823277326966922e-01
1.619310589102269105e-01
1.662207678562940827e-01
1.789745372837979187e-01
1.767561125067511063e-01
1.712552272589746294e-01
1.870867942088910718e-01
1.910925248176249813e-01
1.933077896471404045e-01
2.023759118331737439e-01
1.936659249412095440e-01
1.903529575190172074e-01
2.018802713620675704e-01
2.094870452154654616e-01
2.100001562759170326e-01
2.084363001906350266e-01
2.192495704662273670e-01
2.217383033631282752e-01
2.166506546056096438e-01
2.262993180891849643e-01
2.282283895095440218e-01
2.388306749409185858e-01
2.259977348882021564e-01
2.355698187296488832e-01
2.496333575183559139e-01
2.336407398470169428e-01
2.475676770390841108e-01
2.534890233352679600e-01
2.658034984867464479e-01
2.553189678219109360e-01
2.558436032900812118e-01
2.670309747487268348e-01
2.652226375837053451e-01
2.782911908562106795e-01
2.743346746176600348e-01
2.841439101603889794e-01
2.867866692099446113e-01
2.850427969287378516e-01
2.896212268657034072e-01
2.788912694508933199e-01
2.895968062808924048e-01
3.018325074470716851e-01
2.943761430063688289e-01
3.067577748824376060e-01
3.164489066116385474e-01
3.124922742351252669e-01
3.106023451647541567e-01
3.277252318665423991e-01
3.248486185453289266e-01
3.327795351392258683e-01
3.384539095353069627e-01
3.376974693539052663e-01
3.528007902162534903e-01
3.451336985237911659e-01
3.590270345707461952e-01
3.704564787954415239e-01
3.608657880994727840e-01
3.659970769929383749e-01
3.654014094680522184e-01
3.722082291833715417e-01
3.819095447158225021e-01
3.749575205939499334e-01
3.837243448666496359e-01
3.847237271951897131e-01
3.858642602059610405e-01
3.905421643646378449e-01
3.987307872635529327e-01
3.970685129994263596e-01
4.051670778439266929e-01
4.118041970291972387e-01
4.210675994748289686e-01
4.146111340050832594e-01
4.181268718550610330e-01
4.318667598447184508e-01
4.312566480096559629e-01
4.469294701356218980e-01
4.479178087338016034e-01
4.615405485615614589e-01
4.633047864637365176e-01
4.631625701459374245e-01
4.727309575343235926e-01
4.664266582868845656e-01
4.656953099915074334e-01
4.851696163841256459e-01
4.862978024246931708e-01
4.968147219820994720e-01
4.966985726351951791e-01
4.856255656105601393e-01
5.080912547741154306e-01
5.025329471396572378e-01
5.160169182059054505e-01
5.140978883630948904e-01
5.169480328255794399e-01
5.155170084068884107e-01
5.261407440549820125e-01
5.296288115502650884e-01
5.259527486516738515e-01
5.493178121457751306e-01
5.466337088496470153e-01
5.566452408178094169e-01
5.689425974680488718e-01
5.794148935777779785e-01
5.842902652803347863e-01
5.813472590190755795e-01
5.740965624518186150e-01
5.898135888752138456e-01
5.917662666343915800e-01
5.881688512858465057e-01
5.983404958188331957e-01
6.028436774978839230e-01
6.104481988964814976e-01
6.196825050679922731e-01
6.154908515382814249e-01
6.235097979253895195e-01
6.324446050673422359e-01
6.271535670263381768e-01
6.398695564025250748e-01
6.590056255082841208e-01
6.555468104971056142e-01
6.471775886096143848e-01
6.527735653602693144e-01
6.526314216811738289e-01
6.741997427384002206e-01
6.746807773684270204e-01
6.755223883774094107e-01
6.763323775138864180e-01
6.907369511564249720e-01
6.919719909182426854e-01
7.062727637437796746e-01
7.055356550292014584e-01
6.959803845148786472e-01
7.037439765206058295e-01
7.119415397967669978e-01
7.172967947408345202e-01
7.213528436350433726e-01
7.392145026963539145e-01
7.293453534800633520e-01
7.571822077906368298e-01
7.428834593205808634e-01
7.427814838311440626e-01
7.620847637921269735e-01
7.571243933929778791e-01
7.546669529394548492e-01
7.660618247226402833e-01
7.629223450316422461e-01
7.783858128877029214e-01
7.904096953935294545e-01
7.859090219384798903e-01
7.873295338307367830e-01
7.967399114795221671e-01
8.060257193688873389e-01
8.180398356822378148e-01
8.182169213237751038e-01
8.219583693560584825e-01
8.153407245367851885e-01
8.245892053586183490e-01
8.259390901901686455e-01
8.294024550645354710e-01
8.310997554544036214e-01
8.454537247257326582e-01
8.342689597837563698e-01
8.450107380399182189e-01
8.457687813366595586e-01
8.534919765912287737e-01
8.574641098512419957e-01
8.701000373787851627e-01
8.709791116122157506e-01
8.656473154328722108e-01
8.676462662419995864e-01
8.772212748386094550e-01
8.950883993577308795e-01
8.883749165090315536e-01
8.843295500068192316e-01
8.897509005422857831e-01
9.068451420765565318e-01
9.026600913913506163e-01
9.069150834201622491e-01
9.162323093447275468e-01
9.301733224030921399e-01
9.303047610075877438e-01
9.215879963684052711e-01
9.218223247804635534e-01
9.277192898785869835e-01
9.325519606198807709e-01
9.273841252356309628e-01
9.452620893974666982e-01
9.456902579940548170e-01
9.533791245209676246e-01
9.437353492501218133e-01
9.530769761574191534e-01
9.642381866973169791e-01
9.690934273452319614e-01
9.770123721663375171e-01
9.803080842807873063e-01
9.649194122705299081e-01
9.712151737675586149e-01
9.835004861933923648e-01
9.923597574890004047e-01
9.843896743033623276e-01
9.982241251790859859e-01
1.013515708742766863e+00
9.990194825513443178e-01
1.000623160174219928e+00
1.023450123741209694e+00
1.003261882323986720e+00
1.008639479169035180e+00
9.998283933572561510e-01
1.028440103302735498e+00
1.040538940682697922e+00
1.037131043757585136e+00
1.037857874223730326e+00
1.040095465265012953e+00
1.054525906499839571e+00
1.038509025804240649e+00
1.047195178819128270e+00
1.049255939232195400e+00
1.039326867981795077e+00
1.051859721916758028e+00
1.055261061049266980e+00
1.060800473845551650e+00
1.069763622236794998e+00
1.059979640295917180e+00
1.071379846010174441e+00
1.075899771829348150e+00
1.070947313023181025e+00
1.081214160037335725e+00
1.081150076595103426e+00
1.086761875232018948e+00
1.085835443870450279e+00
1.091865528914337080e+00
1.074778621398495115e+00
1.083972044000596879e+00
1.102333816956045043e+00
1.103651242591398463e+00
1.095474817634008335e+00
1.109748927129761586e+00
1.113453945461497563e+00
1.110548010000676156e+00
1.116310052612641268e+00
1.117820367382087676e+00
1.119696139221794118e+00
1.114706618767944857e+00
1.124755928183513110e+00
1.125979436177891868e+00
1.136559106468456370e+00
1.138140594837968145e+00
1.126914099503113054e+00
1.133860953924898274e+00
1.139054585080406801e+00
1.157306149117070193e+00
1.140692026870266940e+00
1.146440980878509430e+00
1.140520817124399233e+00
1.155158798430883316e+00
1.152320419986919919e+00
1.175747644684943083e+00
1.165051399781896757e+00
1.157035766459928894e+00
1.159157138709345114e+00
1.179123187133554795e+00
1.176053901346658437e+00
1.159216786898797702e+00
1.162529009605068886e+00
1.190135938277730565e+00
1.170019058231615006e+00
1.173183713481852575e+00
1.187296401351771502e+00
1.192436284830967308e+00
1.185285298172397139e+00
1.187543013156206140e+00
1.197225127650053844e+00
1.186830008353611854e+00
1.190740026818751796e+00
1.195085955252459087e+00
1.181470979284386935e+00
1.204851290726059565e+00
1.218478589338641394e+00
1.200079287774152625e+00
1.195364773089540700e+00
1.211012433368708008e+00
1.211972049464644208e+00
1.209712977742975593e+00
1.228741390119117316e+00
1.215003472157307085e+00
1.208717833864130675e+00
1.219283714728148116e+00
1.209957013659534564e+00
1.226595663115571444e+00
1.217412048123672763e+00
1.221940706847565172e+00
1.220263352042840754e+00
1.232243118129239035e+00
1.237709860228768610e+00
1.229002377887415065e+00
1.229369737451783795e+00
1.230439645523489611e+00
1.232532359439960201e+00
1.227672123656740721e+00
1.247005488504095760e+00
1.244167596222586880e+00
1.237436686865664326e+00
1.239012739812668018e+00
1.235672806917668787e+00
1.244652958696300438e+00
1.240015001301796760e+00
1.254555840166587277e+00
1.245080100287856650e+00
1.262357239229994876e+00
1.241852225363295092e+00
1.245278258133360128e+00
1.262579242805537127e+00
1.251912319908579763e+00
1.251514526247114789e+00
1.266788864473472609e+00
1.250854470258414342e+00
1.245185372039525395e+00
1.268556800730746170e+00
1.257070418197639539e+00
1.265694281186484416e+00
1.279032037351089501e+00
1.265263867028740163e+00
1.268056756891878356e+00
1.272591559954487250e+00
1.259154773029197427e+00
1.262771581398800302e+00
1.279718291821316134e+00
1.262192975926634819e+00
1.266822241994148390e+00
1.277033283758169935e+00
1.277941143660039192e+00
1.275630044519036277e+00
1.268363395638806290e+00
1.289514807246378014e+00
1.291692299081802942e+00
1.277840924753203877e+00
1.285242340012156648e+00
1.270709607900223803e+00
1.283794353272096123e+00
1.287234080501751032e+00
1.277379556177170139e+00
1.289359978131138895e+00
1.284409093827392656e+00
1.291058497970815733e+00
1.288397025484195435e+00
1.286656052135331851e+00
1.291160530415591312e+00
1.284590323186071137e+00
1.285978998760917147e+00
1.294536084499347206e+00
1.294294110349060833e+00
1.303337790650652916e+00
1.295591793979313344e+00
1.299709537133866943e+00
1.292237338151435599e+00
1.306071737266110810e+00
1.294630516982799850e+00
1.293545512579744594e+00
1.301661518100543313e+00
1.286078308184912533e+00
1.288203631550014716e+00
1.296071843226146880e+00
1.301186074947756621e+00
1.299329839762823458e+00
1.283021208559394610e+00
1.312905361513407421e+00
1.298429687289933687e+00
1.298835435864708510e+00
1.301061773089756901e+00
1.302678427687445462e+00
1.302280747570659702e+00
1.305774648330253251e+00
1.310855447595801859e+00
1.284789514054746729e+00
1.310458498376906089e+00
1.303634441893325002e+00
1.305260330926884427e+00
1.301829569136482290e+00
1.305523667138319466e+00
1.298987630234357260e+00
1.300698189458686427e+00
1.316293037138481337e+00
1.308434522857676363e+00
1.300517550270537726e+00
1.312904110126042578e+00
1.305115218871298222e+00
1.304431807863251747e+00
1.317150988861864214e+00
1.316219118314778669e+00
1.303669132749833759e+00
1.313966231998651590e+00
1.320762252135476045e+00
1.313069240135152027e+00
1.311793739787530111e+00
1.307447179120942771e+00
1.305155564243324795e+00
1.315242574197627246e+00
1.316659111670761106e+00
1.302107823518293461e+00
1.320673539911651151e+00
1.318918973185154497e+00
1.319087092237908321e+00
1.307387274385635845e+00
1.325099515832561803e+00
1.335988123543070394e+00
1.340301039309960363e+00
1.327845829883552042e+00
1.342401736376367616e+00
1.307951066513046268e+00
1.310904913783672798e+00
1.310113667883262334e+00
1.319311143320869295e+00
1.319055929809175298e+00
1.321292615212578569e+00
1.319652307994629181e+00
1.317064455353766927e+00
1.320950534988986513e+00
1.329466288092468806e+00
1.320620413379439473e+00
1.325293029742960815e+00
1.334647282960343739e+00
1.321864816948159049e+00
1.329197394731077786e+00
1.328765429073180293e+00
1.324786525089624467e+00
1.331963713995121479e+00
1.327870152211624299e+00
1.323671012978909101e+00
1.323771036194314243e+00
1.320312329836144549e+00
1.318852394454947063e+00
1.334738522857106480e+00
1.336160980012422561e+00
1.341968795061919684e+00
1.331251322057076303e+00
1.319889094876380620e+00
1.324223137527311245e+00
1.326383108403487165e+00
1.331157663000396063e+00
1.338634561362297859e+00
1.321066767139277731e+00
1.328730060968580595e+00
1.334112692084514773e+00
1.325942470577212262e+00
1.329733404839604782e+00
1.328575094722928673e+00
1.332135607762168883e+00
1.340784522087770325e+00
1.331698478218697357e+00
1.322947145007273617e+00
1.335095443120470238e+00
1.325859242973359553e+00
1.317578215451943979e+00
1.342854596808987777e+00
1.326182350990749770e+00
1.338525701453415540e+00
1.333126642102747228e+00
1.330158190893915737e+00
1.321580675764235879e+00
1.331601088004839450e+00
1.331975594378462358e+00
1.343160093093416663e+00
1.329456558095657215e+00
1.318825670310812326e+00
1.338967787474420357e+00
1.330439833530613569e+00
1.336969829649820252e+00
1.344528295109156169e+00
1.331065142956428637e+00
1.341026493443822742e+00
1.338284129172856440e+00
1.325986970961739564e+00
1.339862979940003251e+00
1.338942389594117266e+00
1.335907585394240815e+00
1.336254210119495411e+00
1.340658622293772417e+00
1.333654282076550235e+00
1.325140407641386631e+00
1.334096285622024647e+00
1.341228566969767444e+00
1.338641850406844025e+00
1.334998351447088671e+00
1.343069594640175168e+00
1.344960149801434968e+00
1.338580950925284840e+00
1.329380052462464157e+00
1.339182755837590832e+00
1.338668679353551605e+00
1.343484025395789150e+00
1.333923580750889570e+00
1.328917672971501984e+00
1.332752530226331666e+00
1.336517631759212676e+00
1.340275327221726487e+00
1.335006640971296843e+00
1.336528386171023319e+00
1.342090493441579824e+00
1.335253007349114007e+00
1.345311014444426467e+00
1.334710080798900300e+00
1.355366155587483634e+00
1.360043172790212695e+00
1.345949225574850416e+00
1.342443766161439234e+00
1.347894363879900803e+00
1.328501564619231745e+00
1.333031955435203031e+00
1.354285961233656632e+00
1.339476221428455016e+00
1.346809186832250926e+00
1.353031878336583116e+00
1.340381529303622088e+00
1.349123685025990449e+00
1.327765628352332250e+00
1.349973244498001268e+00
1.329033531618207364e+00
1.342572571472007370e+00
1.341099179988547219e+00
1.345977138208901858e+00
1.347119087806587956e+00
1.353746495269288586e+00
1.331517442562263787e+00
1.348529171928475767e+00
1.337320804206671321e+00
1.330611770362433166e+00
1.343478502089420212e+00
1.341429540500508555e+00
1.348516827748903912e+00
1.336237862489636719e+00
1.329723759457058119e+00
1.352176443790026550e+00
1.346580591680226480e+00
1.340573553268619600e+00
1.347068844786758479e+00
1.335005322646558135e+00
1.336534292908868382e+00
1.345652854896089767e+00
1.334459067071102290e+00
1.332325232406568638e+00
1.334911038527534455e+00
1.333651445064075736e+00
1.351029197657638070e+00
1.352053850518891487e+00
1.348835116065902007e+00
1.334200207812898276e+00
1.335531808421693167e+00
1.344414975640997545e+00
1.330382153218212737e+00
1.342954671636108710e+00
1.346069463257804966e+00
1.330532343478871615e+00
1.349565485174980983e+00
1.338559489289526061e+00
1.336988052526565163e+00
1.329295711369476773e+00
1.351509316103493896e+00
1.345855084698081905e+00
1.343710155438680109e+00
1.353897904229891536e+00
1.349367328533610300e+00
1.338691381037619310e+00
1.342251707322876797e+00
1.332230039601289828e+00
1.351426695624850183e+00
1.338398091066033357e+00
1.334907414650163160e+00
1.344868653959708782e+00
1.330885405915396058e+00
1.338660522362896010e+00
1.340027909371231729e+00
1.344952327666649738e+00
1.351501959472983350e+00
1.347068844786758923e+00
1.338016047630861793e+00
1.346519670001976587e+00
1.338970535608912105e+00
1.339035565948889506e+00
1.344027822214277190e+00
1.356886385993285149e+00
1.342000959436986829e+00
1.352290764435634562e+00
1.340991360297400847e+00
1.337337882750512907e+00
1.341568187186991556e+00
1.348048331644860598e+00
1.342085803830419088e+00
1.333477379932978879e+00
1.339098294136000789e+00
1.338651200070740011e+00
1.353505328556343645e+00
1.339268325398526471e+00
1.344851153590480797e+00
1.341968584547638788e+00
1.350087198761962703e+00
1.355011325143170797e+00
1.343536011059333291e+00
1.347955184741417289e+00
1.345046686634979283e+00
1.330455649876104429e+00
1.352764444565814461e+00
1.338130317970281924e+00
1.362062452504496868e+00
1.345139927605398800e+00
1.342471598134490129e+00
1.350872239647202599e+00
1.344466445768232488e+00
1.344725939612515520e+00
1.344794172412041355e+00
1.346735618310263227e+00
1.356850870870631720e+00
1.341940718855728853e+00
1.346898261154267917e+00
1.336092839290072831e+00
1.351219863123404030e+00
1.347225943000467385e+00
1.344758201972748424e+00
1.338482295553071078e+00
1.335173799351627277e+00
1.350127660094310622e+00
1.345604762608183291e+00
1.348542828168377339e+00
1.346700487116678113e+00
1.357223657402390593e+00
1.338203277097315347e+00
1.334539556530018434e+00
1.335627356852689962e+00
1.364391664394144277e+00
1.349908669786298532e+00
1.353497441853696692e+00
1.342004997811024447e+00
1.355286252753531429e+00
1.346958602998671317e+00
1.352247361866461661e+00
1.351817748290369270e+00
1.350758149947350439e+00
1.341659889618876500e+00
1.350952349804107611e+00
1.352028760031839916e+00
1.326245184442662151e+00
1.350295623929243405e+00
1.328960144347863581e+00
1.335342263416690711e+00
1.362723216941855275e+00
1.357087931690820426e+00
1.348298542148897772e+00
1.363259958385143467e+00
1.348444167210926192e+00
1.347450943047897809e+00
1.349085706369105075e+00
1.337778226963929118e+00
1.344262638135269805e+00
1.349488901608789204e+00
1.335821710498923176e+00
1.333760089335483290e+00
1.348319986249417735e+00
1.348234985049591383e+00
1.335190408530371631e+00
1.349913525207295573e+00
1.348947844340166791e+00
1.352120068046815726e+00
1.352535417461977030e+00
1.337600231783251603e+00
1.351309994647683199e+00
1.356777934930162521e+00
1.350235484187415791e+00
1.342988005340691071e+00
1.327654069297317774e+00
1.332950113126578628e+00
1.336888998214299296e+00
1.350820029710878334e+00
1.343606563129938536e+00
1.339496540295819882e+00
1.355871124207232326e+00
1.352121416242614726e+00
1.341420221370235311e+00
1.344716663063039608e+00
1.360433831298418328e+00
1.341390232980247843e+00
1.343574488041779036e+00
1.332503334935179362e+00
1.348415465877546682e+00
1.335347132885208010e+00
1.347505743783864895e+00
1.358668105838860551e+00
1.350057113358736238e+00
1.351776853068247908e+00
1.327769442145599887e+00
1.345929748082820510e+00
1.344268011479953229e+00
1.354138696759483951e+00
1.346024366632888380e+00
1.352299956624456678e+00
1.346181753803086245e+00
1.346462892741282724e+00
1.342165638741557920e+00
1.346162497271480740e+00
1.344741616228428693e+00
1.360545920809210774e+00
1.344720228185739552e+00
1.338609088140174652e+00
1.348870230947438964e+00
1.360799991379550766e+00
1.342576082485245070e+00
1.345139192875314249e+00
1.347110996813072781e+00
1.352586764901664962e+00
1.350860898374118380e+00
1.347937516426413351e+00
1.352104846523526804e+00
1.345113183799666379e+00
1.345937174129165248e+00
1.339065824381429515e+00
1.354109356401676401e+00
1.347954809768385998e+00
1.358013357205023475e+00
1.351333244031086123e+00
1.350109096691376243e+00
1.332320915764764413e+00
1.362599247102350919e+00
1.367315677057044043e+00
1.358677683023500338e+00
1.342386115479588637e+00
1.332693892682185410e+00
1.350451928225517184e+00
1.343639971168594016e+00
1.356847945149602719e+00
1.347672985491924269e+00
1.347820454618253283e+00
1.338396820336771320e+00
1.338747334570912217e+00
1.349221698288949556e+00
1.357738375828843047e+00
1.360206444542239268e+00
1.347652607023628102e+00
1.354933256673480635e+00
1.347642372561712598e+00
1.345677139565277347e+00
1.354467745938413348e+00
1.331706628693984706e+00
1.354630305677680280e+00
1.346126598197443291e+00
1.354608700279714917e+00
1.331690275866470818e+00
1.342522348587513958e+00
1.350364429373320130e+00
1.334629103390089666e+00
1.355382639008353429e+00
1.332230927695948530e+00
1.345452913437437115e+00
1.340398365471797471e+00
1.343724602923669575e+00
1.339825947756006608e+00
1.339115757322720590e+00
1.353722941250308009e+00
1.343085387281033771e+00
1.340046897915818880e+00
1.335187141371602770e+00
1.332050673613295766e+00
1.355934147677026136e+00
1.361517428811969577e+00
1.366897723594225234e+00
1.344978669819395067e+00
1.349383251984746623e+00
1.348038297715157263e+00
1.353098603898354124e+00
1.328232053997798534e+00
1.351959550034915303e+00
1.342189483486412094e+00
1.335197087373979352e+00
1.340432021323822775e+00
1.351226197848308885e+00
1.344581225335293118e+00
1.347996386183319517e+00
1.345901108552953529e+00
1.347112936575559194e+00
1.347830432316890370e+00
1.353521772680103874e+00
1.345753215302479155e+00
1.342251998983945649e+00
1.343045372973323603e+00
1.340128024862941247e+00
1.344279712783436720e+00
1.353593158276641173e+00
1.353473067491221649e+00
1.356163854701085691e+00
1.347609822932962498e+00
1.328214094572382153e+00
1.333211685350247588e+00
1.359842505653462208e+00
1.341299923466297006e+00
1.344841673234008717e+00
1.340025391048069503e+00
1.346032010318408689e+00
1.346034130229471826e+00
1.350842434227230493e+00
1.347185433837284174e+00
1.338417265641667742e+00
1.354907641457705481e+00
1.358544493353750493e+00
1.336448299876269452e+00
1.339426839968377303e+00
1.348848655885379166e+00
1.344920466527433911e+00
1.350245667308365149e+00
1.356433135795251266e+00
1.349197108574765824e+00
1.344166749716457776e+00
1.347190799146963824e+00
1.356047866312614980e+00
1.354283455490293164e+00
1.352639326213048498e+00
1.348740377144126201e+00
1.360425497255298044e+00
1.334639997778120257e+00
1.341806839851610311e+00
1.353095468435536297e+00
1.364354256891191719e+00
1.348353714530616365e+00
1.347861808876932299e+00
1.326174959544781151e+00
1.346828276238194233e+00
1.343890294592578805e+00
1.357828872363966433e+00
1.353286794308602436e+00
1.336165553017276464e+00
1.344809954857857370e+00
1.359161465171521810e+00
1.345893328128634048e+00
1.340633700673566464e+00
1.333216840688393301e+00
1.362425669080574941e+00
1.354294559077640070e+00
1.346642992893793300e+00
1.353324740724746622e+00
1.360996605758842293e+00
1.341253323552746179e+00
1.336906117047140130e+00
1.353018637931607371e+00
1.338688609427638010e+00
1.347328917070155674e+00
1.344289727772139065e+00
1.338953248478454094e+00
1.343486903664159016e+00
1.367516880387857237e+00
1.355513580823283881e+00
1.353452794570993989e+00
1.351370855891701916e+00
1.348551053595661076e+00
1.333476046038188922e+00
1.355609633236225298e+00
1.353059098917402503e+00
1.356504882326475370e+00
1.350952095223515226e+00
1.347872043770589556e+00
1.346422712403516631e+00
1.345510260621075593e+00
1.332770265707959867e+00
1.357657237404642281e+00
1.341834288065979042e+00
1.358134604845617543e+00
1.345451717967575567e+00
1.344294688386394654e+00
1.338239853445707395e+00
1.360119482460240059e+00
1.344511019082262226e+00
1.346277854778919592e+00
1.337973821875823699e+00
1.339684324905228152e+00
1.340092513836515176e+00
1.342656531408136455e+00
1.348575878131545114e+00
1.357473960062372420e+00
1.347737380043193767e+00
1.344706199775064226e+00
1.357889501160962409e+00
1.353225024003952282e+00
1.349757893131074082e+00
1.350440079498232526e+00
1.331146483821912918e+00
1.364463798639928838e+00
1.363060272462008893e+00
1.364111976558628925e+00
1.355758666211333452e+00
1.355570023355434861e+00
1.335448708816885155e+00
1.356221485786125891e+00
1.344583124721819178e+00
1.352347335369623815e+00
1.351058411785792668e+00
1.347987819032137491e+00
1.357457795554314783e+00
1.357709077413570276e+00
1.353386996920912244e+00
1.348123894784130750e+00
1.334556186058324379e+00
1.352175573374321482e+00
1.356502589279036997e+00
1.347724025415924398e+00
1.355113117819140456e+00
1.349175810960760780e+00
1.351699299880919192e+00
1.360425176805387881e+00
1.355074854642430493e+00
1.339908612820842393e+00
1.354326170986368316e+00
1.351980958884668960e+00
1.333748520970108986e+00
1.346303303135547136e+00
1.352478764484032814e+00
1.353201218656436167e+00
1.335653341686497964e+00
1.345626039318321698e+00
1.349951048059370828e+00
1.357646030733044018e+00
1.365758098226193429e+00
1.334919798072231378e+00
1.357398226804483299e+00
1.345307605500081660e+00
1.341952107443870723e+00
1.353859652043711614e+00
1.358220567327037331e+00
1.339710450264506525e+00
1.352430484635063879e+00
1.351121656109437685e+00
1.357106406791903863e+00
1.368953130896717996e+00
1.343374532841528524e+00
1.343749974521805335e+00
1.354909502988468573e+00
1.336998520430778825e+00
1.340438889716468518e+00
1.351474681713091819e+00
1.345948266021697481e+00
1.342881246608582213e+00
1.341149606223164925e+00
1.334546977414584834e+00
1.333478308239377297e+00
1.352799484135718489e+00
1.340432556866593794e+00
1.341802735282530801e+00
1.356410770037174363e+00
1.350546279264888572e+00
1.353202928093900859e+00
1.350817792064442191e+00
1.338504364965941607e+00
1.356151151784652509e+00
1.356058507580486738e+00
1.353320539671504008e+00
1.345778589174937645e+00
1.337436548317633145e+00
1.349378436702024064e+00
1.352949301708360919e+00
1.351069994432211985e+00
1.343437570000281855e+00
1.366543308231032094e+00
1.357410251710989613e+00
1.332592120355577947e+00
1.338981537358961527e+00
1.352067445224805375e+00
1.343440257573527363e+00
1.345846648728353356e+00
1.348516827748903912e+00
1.344522036482758365e+00
1.342265746291176676e+00
1.349520401539281877e+00
1.340694809173060831e+00
1.358777198847929135e+00
1.357791720297585103e+00
1.363087661938812589e+00
1.349443226784457384e+00
1.357377072099896775e+00
1.348928174788883494e+00
1.355562061556573106e+00
1.346828187117980802e+00
1.351194410879086982e+00
1.341149606223164481e+00
1.350738038616619674e+00
1.358395002595708334e+00
1.349152597440050227e+00
1.351708474756569522e+00
1.345327170621071211e+00
1.346843886881978314e+00
1.353687193674957268e+00
1.347319137279533452e+00
1.348625006352563549e+00
1.328728504315111358e+00
1.332504145261310669e+00
1.355172237107012734e+00
1.353681707803806589e+00
1.337626317143933985e+00
1.347319444718044323e+00
1.347872798722134613e+00
1.352447524728469741e+00
1.333214594368947514e+00
1.344538707617407569e+00
1.354192521461164089e+00
1.351410325934539802e+00
1.345083800728265944e+00
1.349108526828285415e+00
1.344239409340935776e+00
1.352703251963098596e+00
1.351630956469214828e+00
1.341680556051099593e+00
1.343984658824558087e+00
1.352149451630422217e+00
1.345495470332003674e+00
1.350698221649990094e+00
1.362697074927801566e+00
1.349559363925339817e+00
1.351298216940679309e+00
1.359376373002189275e+00
1.344914728902524059e+00
1.354297280575453843e+00
1.362271495673489374e+00
1.347169740193213006e+00
1.350316106724861687e+00
1.351392718448465535e+00
1.343695863333448814e+00
1.347413618440746808e+00
1.362880473357846123e+00
1.351765650923635098e+00
1.343814462598100778e+00
1.333664695411260537e+00
1.358669735104674370e+00
1.341773301513846217e+00
1.348726290438235109e+00
1.353405703927156090e+00
1.363126063013994083e+00
1.335818959400568939e+00
1.357547227098300890e+00
1.372289542330465295e+00
1.340720241837509930e+00
1.342777594395020646e+00
1.360713691599828135e+00
1.350193417656206263e+00
1.365620156156255760e+00
1.345439383632069497e+00
1.343313952736430616e+00
1.350552076932133749e+00
1.343268173834442747e+00
1.357438033060113458e+00
1.345056371300035414e+00
1.355253529046948957e+00
1.351531187768542530e+00
1.354442614678426082e+00
1.351358850894774255e+00
1.345088789127280249e+00
1.365723440203920447e+00
1.341688779246287044e+00
1.362934404581059189e+00
1.350885492018190082e+00
1.343410161543313608e+00
1.337982385289943288e+00
1.350368899638766385e+00
1.341338723959023760e+00
1.353858579794264827e+00
1.343074506295903969e+00
1.361738252475479083e+00
1.357699027941891234e+00
1.334205908412790631e+00
1.367371581500664401e+00
1.364572096686286651e+00
1.352946837097457333e+00
1.343588337334495675e+00
1.341061719195231428e+00
1.336448070074911953e+00
1.346684156862460124e+00
1.350364429373319686e+00
1.349846505661854490e+00
1.334548737093881776e+00
1.348031010720982525e+00
1.342152218749987913e+00
1.345114654595845449e+00
1.342876731362438791e+00
1.343701492920046814e+00
1.346489680482620521e+00
1.358093851420686837e+00
1.349689427130711161e+00
1.344894146421794723e+00
1.354550637753837439e+00
1.357131201089331274e+00
1.346871494753365095e+00
1.358160347825586145e+00
1.354959183680436885e+00
1.349285442878655594e+00
1.338668679353551605e+00
1.350994005498936446e+00
1.347213386288386383e+00
1.334575823272796669e+00
1.354703416946187788e+00
1.350436624738526659e+00
1.350704531448220669e+00
1.351418773041584087e+00
1.354397608671888520e+00
1.354771780389117275e+00
1.353405040575689222e+00
1.349080325077225417e+00
1.352514315722067151e+00
1.337818916467668373e+00
1.358776181708588604e+00
1.364787225255360781e+00
1.335824289159265543e+00
1.346991712308313716e+00
1.356391834230755933e+00
1.345491244453820512e+00
1.344692293674892625e+00
1.345814538884286815e+00
1.357511341942633232e+00
1.336105474907039348e+00
1.343500629583689765e+00
1.362241788748308480e+00
1.356646287806060114e+00
1.335561289651234551e+00
1.351872687654412708e+00
1.352692071047890243e+00
1.350475832105815677e+00
1.356859268443470823e+00
1.346006104927346181e+00
1.358771152164039320e+00
1.353789691066629386e+00
1.347442841339800967e+00
1.340613198474569057e+00
1.340063206887766034e+00
1.358177798148036075e+00
1.354959183680436663e+00
1.357620584864223767e+00
1.339821058102789619e+00
1.343418373966383195e+00
1.351107379466486735e+00
1.341265330446488990e+00
1.359918412105078689e+00
1.356845204413090089e+00
1.361048369592969154e+00
1.368470761202684072e+00
1.342786814296288878e+00
1.362904842772527436e+00
1.341170606933508536e+00
1.358672620841202772e+00
1.353257570747821159e+00
1.337120792954912263e+00
1.337283290389705614e+00
1.354810672144898254e+00
1.367161933212003300e+00
1.352258110665261359e+00
1.356144517771415314e+00
1.359733747377758650e+00
1.346030827199467206e+00
1.339943341999602300e+00
1.345541845937978431e+00
1.337569953707098636e+00
1.330774464129900858e+00
1.356409746752377687e+00
1.358807165984521115e+00
1.336554235650978528e+00
1.340815270538580961e+00
1.369284523222715766e+00
1.353096642383226023e+00
1.346729695006088079e+00
1.350659566168194381e+00
1.351364068528952522e+00
1.357037075337191645e+00
1.350608475254099217e+00
1.364125504545394829e+00
1.351774815415268227e+00
1.341066772604875723e+00
1.353198292849051798e+00
1.357566434361467511e+00
1.366033968421804135e+00
1.354237788220471694e+00
1.364910828059798575e+00
1.359189277543478180e+00
1.354502914980412642e+00
1.348232930393290285e+00
1.350715500082564358e+00
1.346718723849716470e+00
1.340487840047985824e+00
1.352033382328784672e+00
1.347002959292016300e+00
1.337277787503336590e+00
1.340772898132280178e+00
1.369689909289632634e+00
1.349583966942761171e+00
1.352380969412007472e+00
1.333391496385339936e+00
1.351296583136516238e+00
1.354306636613800574e+00
1.340845266107363098e+00
1.355984649850395574e+00
1.362520823368128076e+00
1.360092242131099249e+00
1.360127545467303189e+00
1.356037937051191911e+00
1.361717719155132844e+00
1.345142840589054645e+00
1.331412912078238309e+00
1.343309980429776784e+00
1.342355507664447556e+00
1.350323075477271928e+00
1.346228092858964054e+00
1.365054492568001265e+00
1.362723376067251690e+00
1.349476741229302057e+00
1.328968138574235347e+00
1.358483225412141282e+00
1.357822215915374775e+00
1.337373761478398704e+00
1.361925034259668488e+00
1.353301905419877604e+00
1.345994976240629137e+00
1.345484542443576181e+00
1.355473022982415454e+00
1.340910947278965759e+00
1.357697734472386175e+00
1.342786436383425430e+00
1.350189555790360263e+00
1.343373843287891889e+00
1.338130811422045818e+00
1.360625717893865216e+00
1.338970535608912327e+00
1.349888406233681115e+00
1.348845512532744317e+00
1.345983875634059190e+00
1.346497130545173393e+00
1.354381106357854803e+00
1.369725852195049498e+00
1.338475210104935309e+00
1.346567426267344381e+00
1.357324558013063731e+00
1.346410553224427931e+00
1.340230958395443261e+00
1.360023161717497597e+00
1.356445482064013275e+00
1.358434310224116537e+00
1.340003533869022156e+00
1.346257099135445667e+00
1.336990692912501277e+00
1.354601827159099381e+00
1.358729421965844564e+00
1.340214181502574098e+00
1.340624593353928917e+00
1.342797874302177785e+00
1.350010784020661658e+00
1.355521922594390416e+00
1.357653621924915566e+00
1.346136742547128451e+00
1.345149690560728528e+00
1.356794197028915905e+00
1.345569019623226614e+00
1.333478425564409653e+00
1.340840316725028902e+00
1.339099864141581886e+00
1.346439977362049678e+00
1.364666303561935745e+00
1.351141973045566935e+00
1.339599985536909177e+00
1.346869446793690805e+00
1.347192621742946628e+00
1.353290639848452992e+00
1.351959407274040625e+00
1.355611434448166230e+00
1.361761270417483738e+00
1.360410234655425876e+00
1.344593899258676561e+00
1.351846667445013361e+00
1.349756769723333250e+00
1.350254898237991608e+00
1.347033144282426154e+00
1.357394416664095216e+00
1.345560735938942765e+00
1.353227997440889618e+00
1.356798484353840095e+00
1.355013181363738717e+00
1.342135952108357566e+00
1.350597116031222678e+00
1.353626532451867703e+00
1.344322672651528272e+00
1.343269666451868405e+00
1.347937854274126490e+00
1.352978936900875118e+00
1.348966903159153796e+00
1.360989084969362883e+00
1.353740105854196463e+00
1.360147267888535572e+00
1.352354043437981268e+00
1.352959643634394915e+00
1.339535642607901034e+00
1.345899758473923402e+00
1.347862920124693664e+00
1.343420930061881569e+00
1.350885721823438690e+00
1.345765388697735876e+00
1.347251970433605672e+00
1.356767142988837938e+00
1.350384557531558727e+00
1.342583173254227269e+00
1.353116198046110830e+00
1.351536819168516645e+00
1.354858782521981109e+00
1.352340634464488156e+00
1.355663455967716313e+00
1.356625511400334494e+00
1.351904168679152418e+00
1.351704834787260445e+00
1.351445620370782752e+00
1.345046720139281282e+00
1.347122240526195780e+00
1.369955427749422583e+00
1.352708882872083906e+00
1.354558458719171021e+00
1.355120310613458390e+00
1.353679274995983617e+00
1.344543088558468158e+00
1.358129504618567074e+00
1.341455274542350251e+00
1.347579124981294507e+00
1.350914660539981549e+00
1.356467557267049262e+00
1.346748970111280030e+00
1.356677182419897765e+00
1.344481862457365562e+00
1.361840667575323849e+00
1.354335259639188216e+00
1.353078310661349315e+00
1.351802381265376551e+00
1.346070501453965340e+00
1.356355734244979683e+00
1.356188337698692292e+00
1.351150747204453717e+00
1.348184488438480599e+00
1.351712264559564947e+00
1.354735669786826469e+00
1.333211861798618392e+00
1.336130972909394865e+00
1.347155067833419206e+00
1.340525656340966210e+00
1.350725295039370222e+00
1.372895184595986251e+00
1.354761639654591177e+00
1.340517580992901969e+00
1.352826885385654876e+00
1.358276509762610385e+00
1.341249719105044313e+00
1.364995814151086950e+00
1.341256243260361414e+00
1.360097636637374929e+00
1.343041152768052582e+00
1.348163919225810359e+00
1.351315914253689687e+00
1.353936040019461773e+00
1.350588701835211181e+00
1.338253333885530028e+00
1.348548577426127437e+00
1.330321493134823063e+00
1.342206853783900922e+00
1.348149729069751279e+00
1.333309166882487906e+00
1.336201481690717507e+00
1.353742881062119707e+00
1.350622704215257430e+00
1.358672443141079489e+00
1.341498004753371109e+00
1.339877295046701056e+00
1.348184348728157733e+00
1.349259259844514336e+00
1.336670392383776385e+00
1.350680107155924681e+00
1.346194992252102818e+00
1.360114428565585509e+00
1.341164264510249504e+00
1.353799910943700668e+00
1.351197771557073990e+00
1.339517935440031060e+00
1.343889746616207415e+00
1.349651258209922711e+00
1.343164960436290967e+00
1.346798450786650170e+00
1.356007822177237809e+00
1.345350355836940848e+00
1.344778847185082560e+00
1.357822215915374775e+00
1.361505998363991443e+00
1.355256521585902929e+00
1.358027808514535195e+00
1.348087822862743534e+00
1.355358807410575350e+00
1.339230963556778509e+00
1.353961490152358005e+00
1.347295616750212810e+00
1.355531072921402291e+00
1.362805377181384836e+00
1.347423022634523848e+00
1.348121486837652760e+00
1.375025170179638101e+00
1.348828893025590725e+00
1.365866845022946974e+00
1.336485924999746944e+00
1.365848220288399695e+00
1.358393495060012723e+00
1.348122454870576803e+00
1.343942985518016497e+00
1.337826287860141683e+00
1.350596980850346185e+00
1.350002459513484521e+00
1.347636798159777438e+00
1.339929633800757358e+00
1.346363484362559371e+00
1.338196540610214980e+00
1.354891746667648667e+00
1.337415804661655772e+00
1.345565164003347025e+00
1.343044323770701043e+00
1.347813114125897993e+00
1.359232268591657355e+00
1.345261169655131317e+00
1.340936391576101894e+00
1.349011206887163583e+00
1.345408265543513116e+00
1.351303946741755579e+00
1.344782527330372401e+00
1.342819755023108019e+00
1.342873827114221763e+00
1.353876631930316154e+00
1.352296908446962709e+00
1.351032587305543098e+00
1.343797814245224487e+00
1.348470734684154237e+00
1.356420663142780203e+00
1.348642013292930431e+00
1.348021856008084551e+00
1.348313328976325387e+00
1.356865916179399667e+00
1.333218077861778594e+00
1.354844393721865048e+00
1.343746317114522526e+00
1.348047046441112506e+00
1.348258744627764516e+00
1.356782873760700614e+00
1.351979846419087083e+00
1.340944682059285187e+00
1.358204695455624611e+00
1.353330130741548842e+00
1.339863599948129869e+00
1.351154194645245221e+00
1.364562312116561760e+00
1.359437837164741758e+00
1.339688408747467641e+00
1.332838820032597571e+00
1.350531875632552836e+00
1.351611448099598656e+00
1.345784901171141579e+00
1.350458474358683603e+00
1.340052907237236690e+00
1.343097915491124006e+00
1.358186219955891838e+00
1.344679772578140531e+00
1.363233187065326701e+00
1.356641393080389113e+00
1.345159423383049946e+00
1.350682213038508328e+00
1.333389075804391810e+00
1.355577665527387454e+00
1.349841785916117143e+00
1.336561866833964052e+00
1.348278080318629835e+00
1.340798269779085006e+00
1.341249719105044091e+00
1.344150544365362743e+00
1.345211031327332218e+00
1.359954286261827461e+00
1.342795781526523013e+00
1.346653951043664366e+00
1.340774817080017778e+00
1.362766845024409923e+00
1.344950867304846698e+00
1.348712036080194077e+00
1.351646227774956799e+00
1.360578917457458514e+00
1.350203191773564626e+00
1.357566781149163404e+00
1.336924075320124583e+00
1.345185839250074622e+00
1.349255795297443328e+00
1.335410739795376278e+00
1.339984410183796326e+00
1.354246750562074997e+00
1.348224628622694210e+00
1.350457690172077507e+00
1.346484629480561690e+00
1.347379024634794753e+00
1.345469415439462857e+00
1.339719131391789997e+00
1.355956251375475707e+00
1.345963495115345188e+00
1.352051291551375378e+00
1.354953660359831114e+00
1.362704545195707384e+00
1.351884511001630429e+00
1.351189284970280235e+00
1.361373588592999173e+00
1.363841550108930267e+00
1.341587734871545923e+00
1.356182441521891491e+00
1.348921384804744772e+00
1.351615274727058669e+00
1.352041710652339468e+00
1.347199710526482797e+00
1.353506567197712673e+00
1.359978712841179549e+00
1.348384439492989584e+00
1.326729697397954988e+00
1.352978481570694447e+00
1.351045827421847312e+00
1.358791893722326893e+00
1.352462448762227432e+00
1.361241133100936196e+00
1.354563911351635230e+00
1.360139199026333401e+00
1.360582648334738742e+00
1.338215235251182245e+00
1.352613666577669127e+00
1.344626042455144610e+00
1.360952245362414104e+00
1.351012913760039513e+00
1.353235360679493793e+00
1.347335475560544227e+00
1.362612188447575923e+00
1.344438637994942232e+00
1.358344415505571501e+00
1.338713373898892334e+00
1.362018162017659684e+00
1.356082703542663248e+00
1.355579814889883883e+00
1.337142855958610044e+00
1.341419616201132037e+00
1.348883573399143332e+00
1.358013875897804201e+00
1.349884659085991645e+00
1.344181925744076134e+00
1.340371148993136474e+00
1.358362951156950382e+00
1.343219356170837653e+00
1.347654907129546942e+00
1.363120631921452164e+00
1.354779041240584458e+00
1.361864310204283557e+00
1.342122536567112112e+00
1.345459866152096007e+00
1.363198210521798126e+00
1.349669173035627390e+00
1.344088577559736208e+00
1.340245407823713819e+00
1.347857347495334146e+00
1.357909439795667916e+00
1.372679147074023831e+00
1.359028951648252770e+00
1.353662823860890319e+00
1.351223770949871117e+00
1.358453179947386458e+00
1.354188822008603577e+00
1.348034883934364769e+00
1.359618722525408385e+00
1.361998215442875360e+00
1.356494409532540857e+00
1.363936363045484157e+00
1.348388529073844433e+00
1.348455354610800683e+00
1.346401694327785226e+00
1.347387358299293680e+00
1.337434840829399674e+00
1.364750261916211516e+00
1.356475179732778980e+00
1.360281103363379485e+00
1.343462302109609707e+00
1.351319512689722169e+00
1.358424907713447150e+00
1.354171662501373996e+00
1.352514866842381869e+00
1.351836999007192786e+00
1.342572108022973110e+00
1.367324794406373556e+00
1.345697666115132085e+00
1.358337055057477150e+00
1.356357440110264267e+00
1.337872490997390695e+00
1.346513037121720879e+00
1.347059505303972893e+00
1.353562298019529431e+00
1.364619430758949425e+00
1.370269290197220657e+00
1.348556952408849652e+00
1.359136647310709822e+00
1.354318291369779992e+00
1.341906770792157477e+00
1.336979702996659247e+00
1.335295297512659962e+00
1.341522629707565750e+00
1.362788056176555074e+00
1.337713276409236318e+00
1.350234850888804017e+00
1.344050009413139124e+00
1.357005508495638724e+00
1.355109486924499951e+00
1.341790295297902169e+00
1.340236876754075102e+00
1.351441094453187830e+00
1.347410972971029297e+00
1.353875097950320683e+00
1.346438802377665001e+00
1.349247704380167834e+00
1.338578034052753996e+00
1.352740661674216582e+00
1.350342884550798317e+00
1.346916093354795896e+00
1.354128251374958625e+00
1.349007824571917258e+00
1.345235991208082460e+00
1.344052362840905790e+00
1.363746307011240111e+00
1.361285001374993531e+00
1.344131855718795121e+00
1.344662159924915334e+00
1.341612128801537684e+00
1.346373776060132199e+00
1.352840128810186338e+00
1.351899930439790953e+00
1.358631725235819543e+00
1.350665716707966979e+00
1.352856462702320739e+00
1.347223687963075900e+00
1.340832363873756039e+00
1.359640854220188766e+00
1.341214270650974649e+00
1.330565746283066897e+00
1.341899691643636316e+00
1.339537827207816889e+00
1.371269634803689241e+00
1.363214413781312917e+00
1.346087834168079755e+00
1.359236424933624399e+00
1.348778370624893030e+00
1.347154890749368228e+00
1.346526221810278479e+00
1.346902045364362754e+00
1.343960429918968913e+00
1.358276280076745168e+00
1.357611126268822188e+00
1.340055535937630493e+00
1.346363953561070748e+00
1.361275001221196490e+00
1.355507431441149935e+00
1.358455255861693134e+00
1.350551529898624592e+00
1.355465444353990412e+00
1.340111239375995744e+00
1.345103984765772198e+00
1.359450523184788651e+00
1.341456616177752359e+00
1.363142420065085458e+00
1.345771624419576096e+00
1.344297998679447215e+00
1.348034942315122109e+00
1.353744320399627554e+00
1.346614562616973210e+00
1.340911923977327946e+00
1.342012472424887859e+00
1.354040617984917594e+00
1.332853447413165693e+00
1.345641177880418038e+00
1.357642747607874734e+00
1.357283105808513968e+00
1.355875851661078935e+00
1.354292976101960200e+00
1.350810796090285537e+00
1.359420005383822794e+00
1.356826965389517969e+00
1.355366685856537190e+00
1.363002108343996710e+00
1.352775361405741394e+00
1.345679060144998829e+00
1.355895119244140412e+00
1.335126403957462182e+00
1.361775541407276302e+00
1.364677980041943295e+00
1.371984054539108877e+00
1.345107865510146716e+00
1.343680223177649902e+00
1.340947593408887029e+00
1.344277705402917134e+00
1.357805517462610467e+00
1.362624494858438062e+00
1.340017024588235461e+00
1.350393877345806848e+00
1.351526298071727084e+00
1.339899005177778601e+00
1.356546290880570105e+00
1.354318828809993880e+00
1.357872374726068143e+00
1.352042407646736111e+00
1.353918968651902199e+00
1.365244227502469210e+00
1.342576900355090919e+00
1.354234967568036518e+00
1.335766762600598678e+00
1.344969226796172812e+00
1.351242991431267804e+00
1.342697329368700343e+00
1.354707484923515226e+00
1.332028414627771884e+00
1.342009047137749933e+00
1.345765181283916645e+00
1.338717936855166935e+00
1.353648915474855441e+00
1.360868934568510991e+00
1.357382314178598781e+00
1.342744368669787969e+00
1.347014454297002617e+00
1.349134782338391680e+00
1.348490892382083084e+00
1.351677954952350769e+00
1.342852866627772368e+00
1.355202780100604354e+00
1.355796165846679724e+00
1.368049066251108892e+00
1.349985244789840166e+00
1.340006095049409707e+00
1.362417444866597771e+00
1.344066042936753469e+00
1.348629985849796542e+00
1.357496778367163870e+00
1.362320947558795625e+00
1.351559351652075414e+00
1.348262222362655249e+00
1.338346587283126610e+00
1.353903367255059109e+00
1.353887641337300662e+00
1.345421368047017951e+00
1.351514131190505896e+00
1.352631736080431191e+00
1.342019664525816225e+00
1.348538805431264587e+00
1.337433268882070703e+00
1.335417180439660401e+00
1.352956352617135538e+00
1.337508340394131467e+00
1.349129317806893713e+00
1.355248158772645484e+00
1.358122090367544610e+00
1.361004053860376262e+00
1.333567298379176647e+00
1.350894045981093194e+00
1.334964006034698114e+00
1.345707923341070478e+00
1.353993389645111067e+00
1.336861176438133958e+00
1.342379222669953132e+00
1.347886857369694935e+00
1.358831388221804604e+00
1.346202144410537427e+00
1.358418711334730578e+00
1.339361711410433253e+00
1.365549149610436830e+00
1.349208075975926402e+00
1.334225297388122122e+00
1.342051205491799459e+00
1.346405183749011858e+00
1.346518187650743270e+00
1.343162571273166961e+00
1.348102753160567602e+00
1.353213709485006522e+00
1.352163115098612201e+00
1.352845091793882792e+00
1.342344741776607009e+00
1.344854624534996379e+00
1.339204937543562846e+00
1.344773511655583231e+00
1.345789368756864501e+00
1.348173060921726840e+00
1.345428501503401764e+00
1.365371340987664883e+00
1.350096359866704399e+00
1.345774517851944463e+00
1.330018178075679458e+00
1.356945912357772288e+00
1.356863164398385502e+00
1.351349201524560506e+00
1.358928274566290728e+00
1.332222292915793194e+00
1.348632245779663563e+00
1.339823639184098525e+00
1.361047356693114496e+00
1.354703427110933056e+00
1.344423957862116659e+00
1.344910979478994850e+00
1.346717974160092757e+00
1.355902508765654657e+00
1.347472428715434933e+00
1.348401854666903876e+00
1.353460880357566953e+00
1.357655964344146371e+00
1.360136924670506176e+00
1.351364259207331164e+00
1.350900561845674863e+00
1.346220681510187589e+00
1.356712179060152623e+00
1.359118184715771172e+00
1.356736820760924278e+00
1.359062800501910750e+00
1.340859458887488032e+00
1.366504044488853431e+00
1.343941967493130329e+00
1.378043428595941977e+00
1.364811811412890430e+00
1.348609290129238136e+00
1.353383843734166092e+00
1.367363633122577582e+00
1.356244971356426632e+00
1.344651363907697572e+00
1.340125339829354001e+00
1.351680917393127457e+00
1.345396893593606702e+00
1.361820370314005713e+00
1.353421885051981910e+00
1.344086514196295878e+00
1.345119296280731680e+00
1.363119779241393825e+00
1.345291271455481441e+00
1.349907900286340112e+00
1.340042148949521783e+00
1.353848434902657161e+00
1.346430425149850896e+00
1.349428152618932009e+00
1.343809566036178182e+00
1.353590080326761091e+00
1.336319430635327876e+00
1.354654937565803463e+00
1.341755932029251364e+00
1.351275360125613778e+00
1.357275007802129840e+00
1.357848025278536763e+00
1.358828878316348909e+00
1.354080774621862382e+00
1.348748307725102125e+00
1.345462961599061202e+00
1.336150787740125301e+00
1.339327056389489012e+00
1.356629328159444148e+00
1.351826219806194329e+00
1.351841612116723379e+00
1.354053904415223109e+00
1.345484387091319123e+00
1.354580356630303406e+00
1.346402268180642237e+00
1.367591925012988874e+00
1.345773535556440192e+00
1.347115384350269007e+00
1.344977615549004302e+00
1.348327388424274798e+00
1.345732988709472888e+00
1.348050096680582843e+00
1.348474457246066072e+00
1.336357619813198339e+00
1.354964380033826243e+00
1.351059412587832353e+00
1.362557643036251598e+00
1.346174649084616703e+00
1.356896968905995093e+00
1.354565608301845359e+00
1.348092407641787283e+00
1.356852117301497129e+00
1.350456485174896137e+00
1.362960402084768319e+00
1.349703386732543864e+00
1.356289842321890315e+00
1.353234027011676277e+00
1.353615396948310012e+00
1.359330952946955051e+00
1.357611145199783209e+00
1.335984439569789517e+00
1.346586670293889121e+00
1.346918327665216353e+00
1.354885325078195368e+00
1.345712820906297624e+00
1.352189707903068028e+00
1.347963193667883974e+00
1.342545965732931945e+00
1.361495777805413754e+00
1.350071379147957495e+00
1.342512664586851701e+00
1.341169872993973167e+00
1.346306603240341015e+00
1.358046744177595633e+00
1.351733407596636516e+00
1.349824569258227580e+00
1.334687048684057631e+00
1.349871961424998101e+00
1.351021459221494414e+00
1.355365198686680150e+00
1.358610297092505803e+00
1.353974562294783190e+00
1.339664054758345380e+00
1.348566870292772002e+00
1.348316058820911767e+00
1.355877345066653472e+00
1.359930475323509302e+00
1.356444300953765225e+00
1.344143336514212583e+00
1.340083235512932180e+00
1.340014470032132143e+00
1.326040252648883477e+00
1.356660818671635349e+00
1.349839398516458733e+00
1.346974686786750919e+00
1.350104778917805781e+00
1.337371170352871674e+00
1.347452053549220263e+00
1.349182547488103401e+00
1.360359016965833945e+00
1.353079028775087567e+00
1.343315521102113497e+00
1.343698956281462964e+00
1.334051680866763956e+00
1.345790282659302228e+00
1.352289171833830794e+00
1.360122980174207852e+00
1.334493432687369419e+00
1.342149415383143918e+00
1.341502119173576535e+00
1.340461202357898784e+00
1.339387336038006193e+00
1.363290733312284564e+00
1.341905844892977262e+00
1.347393149297327453e+00
1.353992389348009695e+00
1.364281439631102488e+00
1.349668299796443982e+00
1.344543786049554157e+00
1.344708995708228993e+00
1.339195592925228162e+00
1.347310889762380892e+00
1.349681262374867075e+00
1.336554517019084898e+00
1.360639877037731038e+00
1.344389211298303577e+00
1.352634726430439915e+00
1.334495445627681631e+00
1.347384070493037989e+00
1.338084896832034243e+00
1.357525781935645215e+00
1.357124458342755968e+00
1.347356482737141814e+00
1.333487864495611630e+00
1.354828898647272073e+00
1.349221358713081909e+00
1.352246722038889848e+00
1.339751213834329269e+00
1.347269642073464668e+00
1.348157046961281136e+00
1.355552076664812811e+00
1.351363137840973838e+00
1.359725135867468460e+00
1.343271406310587279e+00
1.351771751035996338e+00
1.360039866621311822e+00
1.353135970194961901e+00
1.364199115124965278e+00
1.345345512871061633e+00
1.345954186724534596e+00
1.341154901624978191e+00
1.351300028376563267e+00
1.344466440553468090e+00
1.353590122802285300e+00
1.346903695510390131e+00
1.352700908047744344e+00
1.345885040258630205e+00
1.340153633371432118e+00
1.336064702696343920e+00
1.330070801767184951e+00
1.347557237647663442e+00
1.342816263736049898e+00
1.347516189825113120e+00
1.335418477918084212e+00
1.347633077480119290e+00
1.351533511977947910e+00
1.349694937306305187e+00
1.350009702618251595e+00
1.338654975275163528e+00
1.367255937442604541e+00
1.343777713948627328e+00
1.343743380082867978e+00
1.353383077336777429e+00
1.357451849564798696e+00
1.353316572831759990e+00
1.347858535667284752e+00
1.341580752965062073e+00
1.343551971480451579e+00
1.351591568036115021e+00
1.352635425473623920e+00
1.344021409978081838e+00
1.350807297449412525e+00
1.330932006769629750e+00
1.351991307814042642e+00
1.353837640166823064e+00
1.366306643993018488e+00
1.330491004239745756e+00
1.353208102798002521e+00
1.345048319217565513e+00
1.343563233322757844e+00
1.351567812802980662e+00
1.341121650831665679e+00
1.336791103621551402e+00
1.348638547004397559e+00
1.359119825615640709e+00
1.354966740230070910e+00
1.349766206016108860e+00
1.349447023652400546e+00
1.344616666529202531e+00
1.355067461633065573e+00
1.340764377977669231e+00
1.344367395520153607e+00
1.344239648975805279e+00
1.347428511693873343e+00
1.352952999092867037e+00
1.355505548657368831e+00
1.349914855652126544e+00
1.358095872952810090e+00
1.347492593289346896e+00
1.325178142409653814e+00
1.348202645722237580e+00
1.353010363453804654e+00
1.333763759483076683e+00
1.363903447945026048e+00
1.338748558163491476e+00
1.355461336524201421e+00
1.358070450379826433e+00
1.348530391055672295e+00
1.350496616969597996e+00
1.363735002888544434e+00
1.356452778674595017e+00
1.347408645259750015e+00
1.355973835998121046e+00
1.357478589986749640e+00
1.358871698446789900e+00
1.345164193038637102e+00
1.356796787071802957e+00
1.341616285237542394e+00
1.352445947406462956e+00
1.355211208447293592e+00
1.349197781376421545e+00
1.343433999343450092e+00
1.363672795243497271e+00
1.347343330156359764e+00
1.336875925590799818e+00
1.350784250644283979e+00
1.346317410274940896e+00
1.353886146156276338e+00
1.339719131391789997e+00
1.343685573558976998e+00
1.351509884342908974e+00
1.348916626946367936e+00
1.353508430001077345e+00
1.341364584956374673e+00
1.348245527055144111e+00
1.350130446482910251e+00
1.359971179147415388e+00
1.349853255840699706e+00
1.352153562144583265e+00
1.359459505719451622e+00
1.346059207994225293e+00
1.345175565342257906e+00
1.340234036380506533e+00
