3.26707,3.26247,3.27003,3.26707,3.27003,2.13795,2.14157,2.13663,2.14387,2.13828,1.03086,1.02428,1.02823,1.02757,1.02724,-51.88734,-4014.00000
3.26707,3.26938,3.27036,3.26806,3.26905,2.14124,2.13926,2.14222,2.14518,2.14025,1.02692,1.02659,1.02889,1.02626,1.02823,-51.47195,-4013.00000
3.26477,3.26773,3.26806,3.26905,3.26411,2.13795,2.14354,2.14617,2.14321,2.13926,1.02724,1.03185,1.02593,1.03020,1.03020,-51.03664,-4012.00000
3.26905,3.26510,3.26247,3.26773,3.26839,2.14288,2.13992,2.14518,2.13959,2.14354,1.03119,1.03053,1.02922,1.02922,1.02955,-51.03664,-4011.00000
3.26905,3.27234,3.26839,3.27201,3.27069,2.14058,2.14387,2.14157,2.14551,2.13795,1.03020,1.02856,1.03053,1.02724,1.02494,-51.27052,-4010.00000
3.27168,3.26773,3.26839,3.26872,3.26839,2.13959,2.13959,2.14025,2.14091,2.14058,1.02724,1.02724,1.02955,1.03119,1.02560,-51.27052,-4009.00000
3.26050,3.26707,3.27003,3.27036,3.26674,2.14058,2.14124,2.14124,2.13861,2.14354,1.03053,1.02988,1.02790,1.02593,1.02724,-51.47852,-4008.00000
3.26510,3.26938,3.26872,3.26970,3.26905,2.13861,2.13959,2.13861,2.13926,2.14387,1.02692,1.02955,1.02955,1.03053,1.02692,-51.47852,-4007.00000
3.26510,3.26576,3.26970,3.26740,3.26543,2.14387,2.14387,2.13466,2.14354,2.14058,1.03185,1.02856,1.03086,1.02724,1.03086,-51.79623,-4006.00000
3.27201,3.26806,3.26642,3.26773,3.26214,2.14584,2.14189,2.14650,2.14025,2.14091,1.03086,1.03020,1.03053,1.02692,1.03251,-51.42372,-4005.00000
3.26576,3.27266,3.26806,3.27135,3.26773,2.14749,2.14058,2.13400,2.14387,2.14025,1.02856,1.03316,1.03086,1.03284,1.02823,-51.42372,-4004.00000
3.26313,3.26477,3.26642,3.26707,3.26806,2.14124,2.14420,2.13959,2.13729,2.14584,1.02889,1.02988,1.03053,1.03152,1.02922,-51.42372,-4003.00000
3.26609,3.26510,3.27102,3.26938,3.26444,2.14222,2.13861,2.14288,2.14124,2.14025,1.03020,1.03185,1.03251,1.03053,1.03119,-51.75970,-4002.00000
3.26378,3.26905,3.26970,3.27234,3.26773,2.14124,2.14321,2.14058,2.14222,2.13926,1.02955,1.02823,1.03020,1.03086,1.02922,-51.75970,-4001.00000
3.26609,3.26806,3.26806,3.27036,3.26543,2.13959,2.14222,2.13959,2.14321,2.14189,1.03119,1.03251,1.02955,1.02724,1.03185,-51.37333,-4000.00000
3.26378,3.27036,3.26806,3.27168,3.26477,2.14486,2.14584,2.14584,2.14058,2.13992,1.03020,1.03086,1.02889,1.02593,1.02757,-51.77167,-3999.00000
3.27464,3.27003,3.26740,3.27595,3.26773,2.14387,2.14222,2.14222,2.14025,2.14321,1.03020,1.03119,1.02856,1.03020,1.02889,-51.77167,-3998.00000
3.26872,3.27760,3.27299,3.26970,3.26609,2.13926,2.14354,2.14354,2.14124,2.13926,1.02823,1.02593,1.02922,1.03251,1.03119,-51.77167,-3997.00000
3.27069,3.27102,3.27694,3.26543,3.27266,2.14354,2.13992,2.14222,2.14288,2.14814,1.02790,1.02922,1.02692,1.02330,1.02955,-52.66386,-3996.00000
3.27332,3.27036,3.27069,3.27069,3.27135,2.14025,2.14453,2.14551,2.13926,2.14683,1.02330,1.02724,1.02757,1.02692,1.02988,-52.66386,-3995.00000
3.26806,3.26806,3.27201,3.27530,3.27234,2.14979,2.14518,2.14617,2.14222,2.14387,1.02198,1.03119,1.03251,1.03251,1.02659,-52.50670,-3994.00000
3.27595,3.27299,3.27365,3.27694,3.27332,2.14979,2.14255,2.14453,2.14847,2.14584,1.02955,1.02889,1.02955,1.02330,1.03020,-52.50670,-3993.00000
3.27628,3.27595,3.27497,3.27266,3.27727,2.14716,2.14946,2.14551,2.14683,2.15045,1.02856,1.02856,1.02527,1.02790,1.03053,-52.37426,-3992.00000
3.27595,3.28023,3.27891,3.27891,3.27727,2.14683,2.14518,2.14782,2.14354,2.14880,1.02692,1.02396,1.02856,1.02724,1.02856,-52.37426,-3991.00000
3.27497,3.27661,3.27595,3.28056,3.27628,2.14584,2.14716,2.14617,2.14321,2.14617,1.02626,1.03152,1.02856,1.02955,1.03152,-52.50569,-3990.00000
3.27826,3.28220,3.27858,3.27595,3.27858,2.15012,2.14650,2.14782,2.14584,2.14584,1.03020,1.03185,1.02724,1.03053,1.02988,-52.50569,-3989.00000
3.28451,3.28319,3.27957,3.27990,3.28319,2.14518,2.14486,2.15110,2.14946,2.14650,1.02823,1.02823,1.03020,1.02823,1.02889,-52.24663,-3988.00000
3.27957,3.28089,3.27957,3.28977,3.28187,2.14979,2.14354,2.14946,2.15275,2.15275,1.03218,1.03152,1.03185,1.03218,1.03020,-52.24663,-3987.00000
3.28023,3.27530,3.28549,3.27924,3.28418,2.15176,2.14650,2.14584,2.14979,2.15341,1.03284,1.03086,1.02988,1.03053,1.03382,-52.28552,-3986.00000
3.27858,3.28319,3.28516,3.27760,3.27793,2.15406,2.14946,2.15439,2.14946,2.14979,1.03284,1.03284,1.02988,1.02988,1.02922,-52.28552,-3985.00000
3.28056,3.28187,3.28483,3.28154,3.28122,2.15045,2.14979,2.14716,2.15604,2.15406,1.02757,1.03349,1.03349,1.02922,1.02988,-52.01196,-3984.00000
3.28056,3.28253,3.28056,3.28418,3.28253,2.15110,2.15209,2.14847,2.15045,2.14847,1.03086,1.03251,1.02955,1.03020,1.02889,-52.01196,-3983.00000
3.28187,3.28286,3.28286,3.28582,3.28747,2.15143,2.15110,2.15012,2.15143,2.15176,1.02626,1.03284,1.03152,1.03284,1.03349,-51.23714,-3982.00000
3.28056,3.28845,3.28253,3.28812,3.28648,2.14650,2.15176,2.15045,2.15341,2.15143,1.03152,1.02988,1.02889,1.03481,1.02790,-51.23714,-3981.00000
3.28319,3.28911,3.28220,3.29075,3.28286,2.14979,2.15275,2.15308,2.14979,2.14847,1.03185,1.03251,1.02790,1.03514,1.03415,-51.26910,-3980.00000
3.28286,3.28187,3.28681,3.28385,3.28944,2.15604,2.15012,2.15505,2.15110,2.14913,1.02856,1.02955,1.02922,1.03514,1.03152,-51.26910,-3979.00000
3.27924,3.28714,3.28681,3.28220,3.28615,2.15078,2.14880,2.15078,2.15078,2.15176,1.02856,1.03645,1.03152,1.03349,1.02593,-51.32946,-3978.00000
3.28253,3.28549,3.28681,3.28418,3.28516,2.15176,2.15341,2.15505,2.14913,2.15505,1.03251,1.03152,1.03448,1.03053,1.03218,-51.32946,-3977.00000
3.28352,3.28385,3.28220,3.28154,3.28549,2.14946,2.15505,2.15308,2.15176,2.14979,1.02692,1.03086,1.03514,1.02724,1.02955,-51.21020,-3976.00000
3.28023,3.28549,3.28977,3.28483,3.28483,2.15078,2.15078,2.15110,2.15176,2.15275,1.03185,1.03053,1.03185,1.03382,1.03415,-51.18278,-3975.00000
3.28516,3.28714,3.28286,3.28418,3.28319,2.15439,2.14617,2.15242,2.14946,2.14979,1.03251,1.03086,1.03514,1.03284,1.03284,-51.18278,-3974.00000
3.28681,3.28154,3.28812,3.27891,3.28582,2.15406,2.14913,2.15341,2.15702,2.14880,1.03514,1.03086,1.02988,1.03251,1.03316,-51.18278,-3973.00000
3.28911,3.28187,3.28385,3.28056,3.28220,2.15374,2.15143,2.15143,2.15143,2.15275,1.03284,1.03612,1.03185,1.03448,1.03284,-51.32563,-3972.00000
3.28516,3.28187,3.28089,3.28385,3.28451,2.15045,2.15472,2.15209,2.14979,2.15341,1.03481,1.03382,1.03349,1.03185,1.03086,-51.32563,-3971.00000
3.28779,3.28977,3.28220,3.28549,3.28253,2.15571,2.15275,2.15308,2.15143,2.14716,1.03251,1.03415,1.03612,1.03448,1.03415,-51.06279,-3970.00000
3.28483,3.28319,3.28352,3.28352,3.28615,2.15012,2.15472,2.15012,2.15176,2.15637,1.03349,1.03777,1.03777,1.03185,1.03185,-51.10078,-3969.00000
3.28253,3.28911,3.29043,3.29043,3.28253,2.15275,2.15176,2.15735,2.14979,2.15308,1.03382,1.03481,1.03284,1.03185,1.03547,-51.10078,-3968.00000
3.28812,3.29010,3.28122,3.28714,3.28483,2.15406,2.14847,2.15275,2.15012,2.15110,1.03415,1.03185,1.03711,1.03284,1.03382,-51.10078,-3967.00000
3.28878,3.28286,3.28418,3.28582,3.29043,2.15078,2.15045,2.15308,2.15176,2.15472,1.03580,1.03020,1.03415,1.03448,1.03349,-51.28398,-3966.00000
3.28286,3.29207,3.28714,3.29043,3.28089,2.14880,2.15702,2.15505,2.15472,2.15275,1.03448,1.03349,1.03382,1.03349,1.03382,-51.28398,-3965.00000
3.28220,3.28747,3.28714,3.28286,3.29141,2.15176,2.15143,2.14913,2.15571,2.15308,1.03481,1.03284,1.03481,1.03580,1.03645,-51.35566,-3964.00000
3.28483,3.28549,3.28977,3.28681,3.28056,2.15176,2.15341,2.15110,2.15275,2.15110,1.03086,1.03284,1.03349,1.03218,1.03020,-51.37578,-3963.00000
3.28747,3.29075,3.29108,3.28681,3.29141,2.15110,2.15308,2.15637,2.15505,2.15472,1.03316,1.03119,1.03020,1.03086,1.03284,-51.37578,-3962.00000
3.28286,3.28812,3.28977,3.28944,3.29470,2.15143,2.15308,2.14847,2.15209,2.15439,1.03020,1.03185,1.03316,1.03152,1.03251,-51.37578,-3961.00000
3.28286,3.28418,3.28615,3.28779,3.28878,2.15374,2.15275,2.15571,2.15670,2.15341,1.03185,1.03481,1.03349,1.03382,1.03316,-51.53079,-3960.00000
3.29108,3.28747,3.29569,3.28681,3.29075,2.15735,2.15702,2.15439,2.15110,2.15110,1.03053,1.03251,1.02922,1.03020,1.03119,-51.53079,-3959.00000
3.29075,3.28845,3.29536,3.28549,3.29010,2.15308,2.15308,2.15308,2.15472,2.15735,1.03349,1.03284,1.03251,1.03218,1.02560,-51.78713,-3958.00000
3.28845,3.29010,3.28451,3.28845,3.29010,2.15275,2.15341,2.15406,2.15702,2.15308,1.03119,1.03284,1.03086,1.03481,1.02560,-51.78713,-3957.00000
3.28483,3.28911,3.28747,3.29339,3.29437,2.15406,2.15604,2.15735,2.15308,2.15834,1.03218,1.03185,1.03349,1.03020,1.03448,-51.20281,-3956.00000
3.28812,3.29273,3.28779,3.29108,3.28516,2.15538,2.15735,2.15242,2.15768,2.15308,1.03086,1.03086,1.03251,1.03284,1.03448,-51.20281,-3955.00000
3.29240,3.29503,3.29010,3.28878,3.29141,2.15538,2.15637,2.15505,2.15078,2.15571,1.03020,1.02988,1.03218,1.03382,1.03415,-51.42688,-3954.00000
3.29075,3.28911,3.28582,3.29043,3.28747,2.15308,2.15406,2.15571,2.15670,2.15637,1.03316,1.03086,1.02889,1.03645,1.03218,-51.69018,-3953.00000
3.29043,3.29207,3.29043,3.29306,3.29273,2.15505,2.15341,2.15538,2.15933,2.15275,1.03152,1.03448,1.03382,1.03382,1.03316,-51.69018,-3952.00000
3.29075,3.28747,3.28747,3.29339,3.29536,2.15834,2.15670,2.15735,2.15538,2.15670,1.03415,1.03251,1.03152,1.03316,1.03448,-51.69018,-3951.00000
3.28977,3.29174,3.28483,3.29404,3.29207,2.15834,2.15374,2.15538,2.15538,2.15768,1.03119,1.03053,1.03415,1.03086,1.03284,-51.75993,-3950.00000
3.28681,3.29404,3.29437,3.28812,3.29240,2.15867,2.15143,2.15406,2.15867,2.15604,1.03218,1.03020,1.03514,1.03580,1.02889,-51.75993,-3949.00000
3.29503,3.28681,3.29240,3.29339,3.29536,2.15374,2.15110,2.15735,2.15472,2.15176,1.03382,1.03415,1.03119,1.03284,1.03284,-51.56228,-3948.00000
3.28714,3.29207,3.28319,3.29141,3.29075,2.15308,2.15538,2.15966,2.15768,2.15834,1.03086,1.03316,1.03580,1.03284,1.03284,-51.56228,-3947.00000
3.29404,3.29207,3.28977,3.29075,3.29404,2.15966,2.15900,2.15670,2.15637,2.14913,1.03711,1.03020,1.03119,1.03547,1.03382,-51.83091,-3946.00000
3.28747,3.29569,3.29240,3.29207,3.29108,2.15801,2.15867,2.15900,2.15702,2.15900,1.03086,1.03349,1.03349,1.03185,1.03481,-51.83091,-3945.00000
3.29371,3.28681,3.29503,3.29108,3.29371,2.15341,2.15176,2.15538,2.15702,2.15472,1.03415,1.03218,1.03218,1.03645,1.03316,-51.81794,-3944.00000
3.29207,3.29339,3.29174,3.28812,3.28845,2.15571,2.15670,2.15045,2.15867,2.15604,1.03415,1.03316,1.03612,1.03185,1.03251,-51.33891,-3943.00000
3.29043,3.29766,3.29799,3.29108,3.29371,2.15735,2.15998,2.15242,2.15571,2.15834,1.03415,1.03152,1.03612,1.03218,1.02988,-51.33891,-3942.00000
3.29371,3.28648,3.29470,3.28878,3.29404,2.15439,2.15702,2.15439,2.15571,2.15867,1.03119,1.03119,1.03119,1.03843,1.03251,-51.33891,-3941.00000
3.29503,3.29339,3.29306,3.29174,3.30259,2.15735,2.15834,2.15768,2.15834,2.15439,1.02955,1.03053,1.03251,1.02988,1.03086,-51.07490,-3940.00000
3.29470,3.29635,3.29437,3.29766,3.29043,2.15933,2.15867,2.15505,2.15735,2.15900,1.02955,1.03020,1.02922,1.02988,1.02988,-51.07490,-3939.00000
3.28944,3.29667,3.29996,3.29339,3.29635,2.16130,2.16064,2.16097,2.15637,2.16064,1.03185,1.03777,1.03185,1.03481,1.03185,-51.55482,-3938.00000
3.29141,3.29339,3.29799,3.29569,3.29569,2.15834,2.15571,2.15275,2.15571,2.15505,1.03218,1.03316,1.03415,1.03448,1.03481,-51.55482,-3937.00000
3.29371,3.29371,3.29931,3.29602,3.29865,2.15867,2.15966,2.15505,2.16229,2.15571,1.03316,1.03415,1.03251,1.03415,1.03481,-51.22860,-3936.00000
3.28977,3.29931,3.29569,3.30062,3.29503,2.15702,2.15538,2.15867,2.16327,2.15637,1.03119,1.03284,1.03218,1.03349,1.02922,-51.22860,-3935.00000
3.29733,3.29240,3.29766,3.29865,3.29667,2.15966,2.15143,2.15867,2.15637,2.15702,1.03448,1.03415,1.03514,1.02757,1.03382,-51.40663,-3934.00000
3.29174,3.30062,3.29700,3.30358,3.29700,2.15670,2.16360,2.15538,2.16327,2.16196,1.03020,1.03152,1.03547,1.03810,1.03744,-51.40663,-3933.00000
3.29799,3.29306,3.29667,3.29470,3.29996,2.15900,2.16229,2.15735,2.15735,2.16097,1.03645,1.03284,1.03514,1.03218,1.03382,-51.74667,-3932.00000
3.29635,3.29799,3.30227,3.29240,3.29766,2.16196,2.16360,2.16097,2.15670,2.16196,1.03185,1.03218,1.03284,1.03580,1.03316,-51.74667,-3931.00000
3.29733,3.29865,3.29437,3.29371,3.29832,2.15472,2.16294,2.16327,2.15571,2.15933,1.03481,1.03119,1.03415,1.03382,1.03876,-50.89427,-3930.00000
3.30029,3.29898,3.30588,3.30029,3.30325,2.15834,2.15900,2.15670,2.16064,2.15702,1.03547,1.03481,1.03251,1.03349,1.03777,-50.89427,-3929.00000
3.30391,3.29667,3.29240,3.30128,3.30029,2.15801,2.15834,2.15933,2.16196,2.15801,1.03777,1.03678,1.03547,1.03908,1.03547,-51.27652,-3928.00000
3.29799,3.29996,3.30457,3.29996,3.30128,2.15571,2.16163,2.15867,2.15867,2.16294,1.03382,1.03547,1.03547,1.04073,1.03908,-51.27652,-3927.00000
3.30128,3.29569,3.30391,3.30128,3.29931,2.15867,2.16294,2.15637,2.15834,2.15538,1.03777,1.03645,1.03941,1.03678,1.03645,-51.25628,-3926.00000
3.29832,3.29799,3.29832,3.29898,3.29963,2.15702,2.16262,2.15702,2.16196,2.16229,1.03448,1.03744,1.03514,1.03580,1.03777,-51.25628,-3925.00000
3.30292,3.29536,3.29700,3.29865,3.29733,2.16393,2.16327,2.16196,2.15900,2.15933,1.03876,1.03908,1.03810,1.03843,1.03810,-51.04097,-3924.00000
3.30161,3.29898,3.29898,3.30325,3.29437,2.16360,2.16262,2.15966,2.16262,2.15900,1.03580,1.04533,1.03843,1.03580,1.04073,-51.04097,-3923.00000
3.29931,3.29766,3.30194,3.30292,3.30128,2.16294,2.16163,2.16031,2.16097,2.15768,1.03612,1.03810,1.03678,1.03711,1.03810,-51.28155,-3922.00000
3.30490,3.30161,3.29898,3.29832,3.29700,2.15998,2.16229,2.15735,2.16360,2.16097,1.03415,1.04040,1.03580,1.03415,1.03580,-51.28155,-3921.00000
3.30194,3.29832,3.30292,3.29700,3.29766,2.16327,2.16163,2.15966,2.16130,2.16360,1.03514,1.03974,1.03645,1.03645,1.03843,-51.22871,-3920.00000
3.30687,3.29404,3.30588,3.29700,3.29963,2.16590,2.16064,2.16492,2.16327,2.16393,1.03415,1.03514,1.03547,1.03941,1.03908,-51.22871,-3919.00000
3.29865,3.29733,3.29799,3.30161,3.29996,2.15998,2.16459,2.16130,2.15735,2.16327,1.03218,1.03580,1.03711,1.03711,1.03349,-50.72474,-3918.00000
3.29963,3.29766,3.29273,3.29996,3.29865,2.16097,2.16755,2.16327,2.15900,2.16360,1.03876,1.03876,1.03711,1.03678,1.03645,-50.72474,-3917.00000
3.29832,3.29898,3.30161,3.30128,3.29766,2.15900,2.16262,2.16262,2.16196,2.16163,1.03645,1.03645,1.03876,1.03744,1.03711,-50.43108,-3916.00000
3.30194,3.30325,3.29273,3.29569,3.30095,2.15966,2.16262,2.15900,2.15702,2.16031,1.03514,1.03382,1.03744,1.03711,1.03415,-50.43108,-3915.00000
3.29635,3.30062,3.30259,3.29306,3.29569,2.15933,2.16426,2.15867,2.15439,2.16064,1.03086,1.03678,1.03020,1.03547,1.02955,-50.48270,-3914.00000
3.29733,3.29536,3.30391,3.29898,3.29569,2.15768,2.15768,2.15538,2.16459,2.16031,1.03185,1.03382,1.03349,1.03481,1.03711,-50.48270,-3913.00000
3.29963,3.29536,3.30194,3.30062,3.30259,2.16097,2.15933,2.16163,2.15966,2.16327,1.03349,1.03448,1.03678,1.03547,1.03251,-50.89797,-3912.00000
3.29832,3.29832,3.29898,3.29635,3.29865,2.15735,2.16064,2.15801,2.15998,2.15571,1.03448,1.03448,1.03547,1.03810,1.03481,-50.89797,-3911.00000
3.29602,3.30095,3.29898,3.29898,3.30128,2.16262,2.16262,2.16196,2.16163,2.16492,1.03251,1.03547,1.03053,1.03382,1.03645,-50.78094,-3910.00000
3.30161,3.29931,3.29635,3.29963,3.30029,2.15900,2.16130,2.15604,2.15768,2.15867,1.03382,1.03185,1.03481,1.03481,1.03580,-50.78094,-3909.00000
3.30194,3.29700,3.29602,3.29799,3.29536,2.15900,2.15998,2.15900,2.15735,2.15867,1.03678,1.03251,1.03415,1.03580,1.03645,-50.74524,-3908.00000
3.29635,3.29404,3.29799,3.29667,3.29700,2.16459,2.15933,2.15801,2.16064,2.15867,1.03316,1.03086,1.03316,1.03481,1.03382,-50.74524,-3907.00000
3.29108,3.29503,3.29700,3.29536,3.30062,2.15702,2.15966,2.16097,2.15637,2.16097,1.03185,1.03382,1.03251,1.03481,1.02922,-50.73934,-3906.00000
3.29470,3.29635,3.29602,3.29766,3.30194,2.16097,2.15998,2.15867,2.16130,2.16229,1.02724,1.03185,1.02724,1.02988,1.03053,-50.73934,-3905.00000
3.30062,3.29635,3.30095,3.29470,3.29766,2.15637,2.15604,2.16163,2.15834,2.15702,1.02757,1.02823,1.03119,1.02790,1.02790,-49.96392,-3904.00000
3.30259,3.29733,3.29931,3.29273,3.30424,2.15900,2.15900,2.16163,2.15637,2.16130,1.02889,1.03020,1.03053,1.02692,1.02790,-49.96392,-3903.00000
3.29503,3.29339,3.29404,3.29635,3.29667,2.16294,2.15966,2.15505,2.15768,2.16130,1.02889,1.02790,1.03053,1.03185,1.02922,-49.79691,-3902.00000
3.29437,3.29733,3.29667,3.29667,3.30029,2.16262,2.15867,2.15801,2.16130,2.15867,1.03678,1.03415,1.03053,1.03678,1.03316,-49.79691,-3901.00000
3.29306,3.30227,3.29799,3.30358,3.29667,2.15439,2.16163,2.15966,2.16262,2.15998,1.03251,1.03020,1.02988,1.03481,1.03382,-49.87274,-3900.00000
3.29437,3.29437,3.29931,3.29470,3.29832,2.15538,2.16097,2.16064,2.15768,2.15735,1.03876,1.03711,1.03514,1.03382,1.03218,-49.87274,-3899.00000
3.29832,3.29536,3.29108,3.29799,3.29865,2.16130,2.15702,2.16130,2.16130,2.15998,1.03448,1.03481,1.03514,1.03349,1.03382,-49.39921,-3898.00000
3.29667,3.29865,3.29371,3.30062,3.29996,2.15801,2.16393,2.15604,2.16196,2.16689,1.03481,1.04007,1.03547,1.03810,1.03251,-49.39921,-3897.00000
3.29963,3.30391,3.30391,3.30062,3.29963,2.15374,2.15998,2.16262,2.16196,2.15900,1.03678,1.03612,1.03448,1.03218,1.03382,-47.35013,-3896.00000
3.30194,3.29865,3.29667,3.29832,3.29569,2.16426,2.16097,2.16196,2.16229,2.15900,1.03481,1.03185,1.03448,1.03415,1.03316,-47.35013,-3895.00000
3.29667,3.29240,3.30325,3.29010,3.29766,2.16031,2.15966,2.16064,2.16031,2.16393,1.03448,1.03053,1.03316,1.03382,1.03580,-45.17840,-3894.00000
3.29898,3.30029,3.29733,3.30227,3.30259,2.16623,2.16064,2.15966,2.16558,2.16459,1.03382,1.03218,1.03580,1.03514,1.03382,-45.17840,-3893.00000
3.30062,3.29799,3.29536,3.29898,3.30194,2.16031,2.15735,2.15867,2.15966,2.15801,1.03349,1.03481,1.03415,1.03415,1.02988,-45.75207,-3892.00000
3.29602,3.29963,3.30062,3.30490,3.30029,2.16229,2.16294,2.16031,2.16393,2.16229,1.03020,1.02889,1.03514,1.03481,1.03481,-45.75207,-3891.00000
3.29799,3.30095,3.29963,3.29700,3.30358,2.16327,2.16525,2.15966,2.16294,2.16590,1.03415,1.03843,1.03316,1.03678,1.03547,-46.33634,-3890.00000
3.29799,3.29996,3.29832,3.29733,3.29963,2.16393,2.16196,2.16590,2.16393,2.16360,1.03284,1.03020,1.03612,1.03645,1.03645,-46.33634,-3889.00000
3.30062,3.29963,3.30062,3.30523,3.30227,2.15900,2.15966,2.15735,2.16459,2.15966,1.03251,1.03185,1.03218,1.03316,1.03152,-47.76752,-3888.00000
3.29569,3.29865,3.30095,3.30029,3.29766,2.16327,2.15768,2.16130,2.16097,2.16262,1.02988,1.03119,1.03185,1.03415,1.02922,-48.25615,-3887.00000
3.30128,3.30095,3.30128,3.29963,3.30391,2.16130,2.16262,2.16492,2.16590,2.16558,1.02823,1.03251,1.03053,1.03185,1.02988,-48.25615,-3886.00000
3.30292,3.30391,3.30161,3.30128,3.30194,2.16294,2.16327,2.15933,2.15966,2.16459,1.03119,1.03119,1.02724,1.03119,1.02988,-48.25615,-3885.00000
3.30161,3.30062,3.30358,3.29898,3.30555,2.15933,2.16492,2.15933,2.16196,2.16294,1.03349,1.03284,1.03316,1.02988,1.03086,-49.50312,-3884.00000
3.30786,3.30161,3.30161,3.29832,3.29931,2.16130,2.16064,2.16393,2.16130,2.16163,1.03481,1.03645,1.03284,1.03119,1.03218,-50.30840,-3883.00000
3.30292,3.31049,3.30095,3.30358,3.30325,2.16262,2.15998,2.16031,2.15637,2.15998,1.03448,1.03251,1.03382,1.03415,1.03645,-50.30840,-3882.00000
3.30128,3.30588,3.30621,3.30555,3.29536,2.16492,2.15998,2.15900,2.16262,2.16196,1.03514,1.03481,1.03448,1.03645,1.03612,-50.30840,-3881.00000
3.29931,3.30194,3.30062,3.30128,3.30062,2.16229,2.16492,2.15768,2.16294,2.16788,1.03744,1.03580,1.03547,1.03284,1.03678,-50.27233,-3880.00000
3.30424,3.30095,3.30358,3.30227,3.29931,2.16163,2.16327,2.16689,2.16459,2.16623,1.03481,1.03481,1.03777,1.03547,1.03514,-50.27233,-3879.00000
3.30062,3.30128,3.30588,3.30523,3.30490,2.16393,2.16590,2.16525,2.16393,2.16393,1.03448,1.04139,1.03612,1.03908,1.03908,-50.60799,-3878.00000
3.30358,3.30786,3.30588,3.30161,3.30358,2.16163,2.16821,2.16590,2.16393,2.16689,1.03876,1.03415,1.03645,1.03777,1.03547,-50.60799,-3877.00000
3.30391,3.29931,3.30292,3.30391,3.30292,2.16360,2.16656,2.16492,2.16623,2.16393,1.03514,1.03316,1.03580,1.03415,1.03777,-50.93755,-3876.00000
3.30819,3.30227,3.30621,3.30786,3.30029,2.16656,2.16393,2.16196,2.16558,2.16196,1.04040,1.03514,1.03941,1.03678,1.03580,-50.93755,-3875.00000
3.31246,3.30029,3.30621,3.30687,3.30424,2.16097,2.16064,2.16492,2.16492,2.16229,1.03777,1.03711,1.03415,1.03415,1.03481,-50.51110,-3874.00000
3.30095,3.30950,3.30391,3.30095,3.30523,2.16097,2.16393,2.16623,2.16064,2.16590,1.03415,1.03580,1.03580,1.03711,1.03711,-50.51110,-3873.00000
3.30555,3.31148,3.30555,3.30819,3.30358,2.16393,2.16623,2.16130,2.16459,2.16656,1.03612,1.03941,1.03612,1.03678,1.03547,-51.39705,-3872.00000
3.30621,3.30654,3.30555,3.30259,3.30490,2.16558,2.16525,2.16590,2.16327,2.16755,1.03645,1.03547,1.03481,1.03185,1.03843,-51.39705,-3871.00000
3.30523,3.30325,3.30095,3.30786,3.30720,2.16229,2.16722,2.16327,2.15900,2.16590,1.03645,1.03711,1.03382,1.03284,1.03843,-51.80376,-3870.00000
3.30555,3.30786,3.30555,3.30687,3.30852,2.16492,2.16327,2.16656,2.16623,2.16459,1.03744,1.03053,1.03645,1.03678,1.03316,-51.80376,-3869.00000
3.29931,3.30687,3.30621,3.30227,3.30490,2.16623,2.16262,2.16163,2.16294,2.16656,1.03843,1.03481,1.03284,1.03481,1.03711,-51.68591,-3868.00000
3.30555,3.30555,3.31279,3.30490,3.30852,2.16426,2.16558,2.16262,2.16229,2.16854,1.03481,1.03744,1.03612,1.03908,1.03251,-51.68591,-3867.00000
3.30687,3.31213,3.31082,3.30523,3.31148,2.16919,2.16492,2.16755,2.16854,2.16492,1.03876,1.03711,1.03974,1.03777,1.03645,-51.60408,-3866.00000
3.30983,3.30687,3.30917,3.30588,3.30457,2.16426,2.16426,2.16327,2.16656,2.16097,1.03876,1.03974,1.04172,1.03185,1.03678,-51.53488,-3865.00000
3.30555,3.30523,3.30654,3.31115,3.30654,2.16590,2.16821,2.16229,2.16459,2.16525,1.03580,1.03843,1.03448,1.03612,1.03448,-51.53488,-3864.00000
3.30852,3.30621,3.30786,3.30457,3.30523,2.16492,2.16755,2.16623,2.16722,2.16459,1.03777,1.03448,1.03810,1.03711,1.03843,-51.53488,-3863.00000
3.30852,3.29963,3.30917,3.30621,3.30950,2.16558,2.16788,2.16722,2.16886,2.16525,1.03843,1.03415,1.03481,1.03580,1.03547,-51.41713,-3862.00000
3.30523,3.30884,3.30490,3.31312,3.30983,2.16755,2.16492,2.16163,2.16558,2.16558,1.03481,1.04106,1.03612,1.03810,1.03711,-51.41713,-3861.00000
3.30588,3.30687,3.30654,3.31115,3.31180,2.16525,2.16623,2.16722,2.16656,2.16919,1.03908,1.03974,1.03678,1.03941,1.03711,-51.43304,-3860.00000
3.30687,3.30555,3.30654,3.30852,3.30983,2.17281,2.16689,2.16755,2.16821,2.16755,1.03547,1.03876,1.03941,1.04106,1.03316,-51.43304,-3859.00000
3.30687,3.31082,3.31180,3.30457,3.31246,2.16459,2.16360,2.16919,2.16656,2.16919,1.03711,1.03645,1.03777,1.03843,1.03744,-52.04260,-3858.00000
3.31016,3.30786,3.30819,3.31148,3.31279,2.17084,2.16656,2.16886,2.16788,2.16393,1.03514,1.03876,1.03777,1.03448,1.03843,-52.04260,-3857.00000
3.30490,3.31444,3.30983,3.31378,3.30753,2.16689,2.16360,2.16656,2.16821,2.16821,1.03580,1.03711,1.03843,1.03711,1.03941,-51.50659,-3856.00000
3.31213,3.30786,3.31279,3.30720,3.31213,2.16886,2.17051,2.16821,2.16525,2.16952,1.03810,1.03843,1.03908,1.04040,1.03941,-51.50659,-3855.00000
3.30819,3.31049,3.31049,3.30884,3.31674,2.16360,2.16656,2.16985,2.16886,2.16590,1.03974,1.03744,1.03876,1.03777,1.03908,-51.42269,-3854.00000
3.31542,3.31213,3.31213,3.30720,3.30983,2.17150,2.17084,2.16886,2.16985,2.16788,1.04040,1.03514,1.03612,1.04172,1.03580,-51.42269,-3853.00000
3.31312,3.30917,3.31115,3.31575,3.31246,2.16854,2.17117,2.17117,2.17215,2.16623,1.03580,1.03711,1.03777,1.03744,1.03876,-51.61252,-3852.00000
3.31016,3.30852,3.31115,3.30884,3.31345,2.17183,2.16854,2.16656,2.17215,2.16886,1.03974,1.04139,1.03744,1.03678,1.03711,-51.61252,-3851.00000
3.31213,3.31279,3.31345,3.30720,3.31180,2.16919,2.17117,2.16492,2.16886,2.16886,1.04106,1.04040,1.03711,1.04040,1.04204,-51.69513,-3850.00000
3.30588,3.31476,3.31246,3.31180,3.31312,2.16459,2.16623,2.17248,2.17281,2.17084,1.03744,1.03843,1.03941,1.03876,1.03678,-51.69513,-3849.00000
3.31509,3.31082,3.30983,3.31180,3.31542,2.16656,2.17150,2.16821,2.16788,2.16886,1.03547,1.04172,1.03843,1.03711,1.04040,-51.92924,-3848.00000
3.31148,3.31312,3.31378,3.30917,3.30884,2.17117,2.16558,2.16952,2.16525,2.16590,1.03908,1.03974,1.03843,1.03941,1.03744,-51.92924,-3847.00000
3.30917,3.30654,3.30819,3.30950,3.31345,2.17248,2.16360,2.17084,2.16821,2.16985,1.03711,1.03415,1.04204,1.03810,1.04040,-51.40660,-3846.00000
3.30950,3.30621,3.31213,3.31476,3.31279,2.16722,2.16459,2.17117,2.16854,2.16788,1.03843,1.04303,1.03711,1.03876,1.03810,-51.40660,-3845.00000
3.31213,3.31213,3.31016,3.30786,3.30490,2.16722,2.16985,2.16689,2.16985,2.16623,1.03974,1.03876,1.03744,1.03843,1.03843,-51.36254,-3844.00000
3.31213,3.31345,3.31312,3.30852,3.30753,2.16854,2.17084,2.16854,2.16656,2.16985,1.03810,1.03547,1.03908,1.03777,1.03580,-51.22249,-3843.00000
3.31444,3.31378,3.31444,3.31115,3.30950,2.16919,2.17248,2.16985,2.16722,2.16854,1.03711,1.03415,1.03547,1.03612,1.03349,-51.22249,-3842.00000
3.31148,3.31542,3.31049,3.31279,3.31509,2.17183,2.16919,2.16854,2.16623,2.16656,1.03711,1.03448,1.04040,1.03612,1.03612,-51.22249,-3841.00000
3.31476,3.31049,3.30852,3.31115,3.31279,2.16821,2.16623,2.16788,2.17117,2.16952,1.03448,1.03810,1.03843,1.04106,1.03777,-51.14540,-3840.00000
3.30983,3.30555,3.30687,3.31444,3.31542,2.17511,2.17051,2.16393,2.17281,2.17183,1.03876,1.03876,1.03843,1.04007,1.03645,-51.14540,-3839.00000
3.31082,3.31016,3.31148,3.31180,3.31279,2.16788,2.17117,2.16525,2.16459,2.16327,1.03908,1.03744,1.03514,1.03810,1.03908,-50.65292,-3838.00000
3.31016,3.31049,3.31345,3.30753,3.30917,2.16656,2.16590,2.16919,2.17413,2.16854,1.03678,1.03711,1.03876,1.03843,1.03514,-50.65292,-3837.00000
3.31345,3.31115,3.30687,3.30687,3.31180,2.17314,2.17117,2.16985,2.16821,2.16327,1.04007,1.04040,1.03810,1.03843,1.03580,-50.12278,-3836.00000
3.31016,3.30588,3.31411,3.31016,3.31411,2.17183,2.16788,2.16294,2.16854,2.17018,1.03843,1.04139,1.03744,1.03711,1.03678,-50.12278,-3835.00000
3.31049,3.31378,3.31180,3.31016,3.31345,2.17248,2.17051,2.17051,2.16985,2.17117,1.04007,1.03580,1.03941,1.03876,1.04040,-49.33478,-3834.00000
3.31246,3.31148,3.31213,3.31444,3.31772,2.16393,2.17084,2.16821,2.17281,2.16919,1.03481,1.03744,1.03908,1.03843,1.04106,-49.33478,-3833.00000
3.30950,3.31312,3.31213,3.31213,3.31345,2.17018,2.17479,2.16821,2.16689,2.16952,1.04040,1.03547,1.03612,1.04040,1.04007,-48.34233,-3832.00000
3.31575,3.31049,3.31148,3.31345,3.30884,2.17051,2.16623,2.16788,2.16854,2.17215,1.03843,1.04237,1.03876,1.03941,1.03843,-48.34233,-3831.00000
3.31476,3.31476,3.31279,3.32233,3.30720,2.17215,2.17183,2.17544,2.17183,2.17479,1.03711,1.03876,1.03810,1.03810,1.03415,-46.25654,-3830.00000
3.31542,3.31279,3.31345,3.31345,3.30819,2.17183,2.17511,2.17314,2.16722,2.17413,1.04040,1.04106,1.03843,1.03974,1.03876,-46.49525,-3829.00000
3.31575,3.31542,3.31542,3.31904,3.30917,2.16492,2.17051,2.17248,2.17084,2.16886,1.04139,1.03645,1.03744,1.04007,1.03645,-46.49525,-3828.00000
3.31246,3.31246,3.32068,3.31838,3.31016,2.17248,2.17183,2.16558,2.16854,2.17051,1.04040,1.03678,1.03810,1.04007,1.03645,-46.49525,-3827.00000
3.31082,3.31904,3.31082,3.31444,3.31411,2.17577,2.17511,2.17511,2.17380,2.16689,1.03514,1.03876,1.04204,1.04007,1.04172,-47.18498,-3826.00000
3.31772,3.31345,3.32266,3.30720,3.31970,2.17051,2.17051,2.17051,2.16854,2.17314,1.04106,1.03645,1.03316,1.03810,1.03810,-47.18498,-3825.00000
3.31707,3.31970,3.31641,3.32003,3.31937,2.17051,2.17150,2.17511,2.17183,2.17018,1.03974,1.03908,1.03645,1.03876,1.04040,-47.67410,-3824.00000
3.31575,3.31476,3.31674,3.31641,3.31871,2.17479,2.16722,2.17479,2.17248,2.16886,1.04073,1.03876,1.03941,1.03974,1.03908,-47.67410,-3823.00000
3.31082,3.30523,3.31707,3.31246,3.31871,2.17051,2.17511,2.17051,2.17018,2.16689,1.03941,1.04139,1.04073,1.03810,1.03678,-48.45428,-3822.00000
3.31542,3.31476,3.31509,3.31608,3.31937,2.16919,2.17380,2.16952,2.16985,2.17281,1.04139,1.04073,1.03711,1.03777,1.04139,-48.45428,-3821.00000
3.31345,3.31805,3.31345,3.31805,3.31411,2.17643,2.17215,2.17610,2.16755,2.16886,1.03974,1.03876,1.03876,1.03349,1.04007,-49.07532,-3820.00000
3.31411,3.31937,3.31871,3.31345,3.31444,2.17150,2.17511,2.17215,2.17577,2.17610,1.04007,1.03941,1.04139,1.03941,1.03678,-49.07532,-3819.00000
3.32200,3.31641,3.31772,3.31970,3.31444,2.16952,2.17446,2.17742,2.17676,2.17150,1.04073,1.03580,1.03810,1.03810,1.04007,-49.32007,-3818.00000
3.31674,3.32036,3.31312,3.31246,3.32068,2.17150,2.17018,2.17479,2.17117,2.17183,1.03843,1.03678,1.03678,1.04172,1.03645,-49.32007,-3817.00000
3.31970,3.31180,3.31674,3.31641,3.31345,2.17150,2.16985,2.17479,2.17643,2.17413,1.03876,1.03777,1.03744,1.03908,1.03580,-50.25960,-3816.00000
3.31937,3.30786,3.32003,3.32299,3.32167,2.17018,2.17610,2.17446,2.17051,2.17248,1.03284,1.03876,1.03876,1.03908,1.03580,-50.25960,-3815.00000
3.32200,3.32068,3.32036,3.32332,3.32036,2.17314,2.17610,2.17544,2.17511,2.16788,1.03678,1.03415,1.03711,1.03612,1.03316,-50.11610,-3814.00000
3.32364,3.32200,3.31805,3.32628,3.32200,2.17511,2.17807,2.17709,2.17281,2.17215,1.03514,1.03514,1.03481,1.03448,1.03974,-50.11610,-3813.00000
3.31904,3.32529,3.31904,3.31707,3.31674,2.17117,2.18038,2.17446,2.17380,2.17183,1.03514,1.03777,1.03876,1.03974,1.03678,-50.15553,-3812.00000
3.32463,3.32167,3.31871,3.32463,3.32003,2.17643,2.17380,2.17150,2.17117,2.17742,1.03711,1.03876,1.03645,1.03810,1.03777,-50.15553,-3811.00000
3.31509,3.31970,3.31575,3.31970,3.31871,2.17939,2.17183,2.17446,2.17380,2.17380,1.03678,1.03612,1.03612,1.04007,1.03481,-50.74333,-3810.00000
3.32299,3.32364,3.32463,3.31641,3.32134,2.17610,2.17314,2.17775,2.17577,2.17314,1.03448,1.03415,1.03316,1.03777,1.03382,-50.74333,-3809.00000
3.32068,3.32430,3.32529,3.32134,3.32825,2.17084,2.17906,2.17610,2.17544,2.17807,1.03612,1.03448,1.03185,1.03580,1.03514,-50.51020,-3808.00000
3.32463,3.32562,3.32595,3.31805,3.32397,2.17643,2.17709,2.17873,2.17643,2.17511,1.04007,1.03415,1.03612,1.03645,1.03876,-50.51020,-3807.00000
3.32332,3.32332,3.32562,3.32266,3.32529,2.17775,2.17511,2.17511,2.17446,2.17939,1.03843,1.03843,1.03580,1.03481,1.03580,-50.77633,-3806.00000
3.31772,3.32825,3.32233,3.31871,3.32430,2.17479,2.17281,2.17840,2.17709,2.17676,1.03678,1.03645,1.03481,1.03284,1.03711,-50.77633,-3805.00000
3.32364,3.31937,3.32364,3.32332,3.32364,2.17807,2.17577,2.17807,2.17906,2.17248,1.03580,1.03547,1.03612,1.03514,1.03777,-50.92934,-3804.00000
3.32924,3.31805,3.32693,3.32332,3.32299,2.17709,2.17643,2.17775,2.17248,2.17939,1.03711,1.03843,1.03843,1.03876,1.03744,-50.87021,-3803.00000
3.32693,3.32036,3.32693,3.32825,3.32003,2.17972,2.17906,2.17446,2.17742,2.17511,1.03908,1.03415,1.03580,1.03415,1.03645,-50.87021,-3802.00000
3.32693,3.32759,3.32693,3.32595,3.32299,2.17972,2.17972,2.17380,2.18103,2.18301,1.03810,1.03580,1.03580,1.03645,1.03514,-50.87021,-3801.00000
3.32167,3.32299,3.32989,3.32134,3.32266,2.17807,2.17906,2.17676,2.17939,2.18038,1.03547,1.03744,1.03876,1.03514,1.03547,-50.65827,-3800.00000
3.31937,3.32101,3.33483,3.32496,3.32364,2.18005,2.17215,2.17775,2.17610,2.17248,1.03284,1.03415,1.03580,1.03843,1.03645,-50.65827,-3799.00000
3.32496,3.32496,3.32364,3.32430,3.32595,2.17906,2.17610,2.17347,2.18071,2.18038,1.03711,1.03843,1.03580,1.03678,1.03382,-50.71716,-3798.00000
3.32562,3.32134,3.32529,3.32397,3.32430,2.17807,2.18038,2.18005,2.17709,2.17807,1.03514,1.03481,1.03514,1.03678,1.03678,-50.71716,-3797.00000
3.32266,3.32364,3.33483,3.31904,3.32101,2.17742,2.18038,2.18202,2.17873,2.17807,1.03514,1.03645,1.03481,1.03744,1.03251,-50.97453,-3796.00000
3.32562,3.32989,3.32332,3.32299,3.32233,2.17643,2.17577,2.17413,2.17972,2.17906,1.03711,1.03711,1.03744,1.03547,1.03349,-50.97453,-3795.00000
3.32792,3.32463,3.32036,3.33154,3.32660,2.17577,2.17775,2.18005,2.17577,2.17742,1.03514,1.03678,1.03481,1.03481,1.03678,-51.37722,-3794.00000
3.32332,3.32003,3.32693,3.31937,3.32003,2.17807,2.17643,2.17544,2.17643,2.17676,1.03580,1.03481,1.03547,1.03744,1.03514,-51.37722,-3793.00000
3.32660,3.31970,3.32397,3.32693,3.32726,2.17742,2.17709,2.17479,2.17643,2.17906,1.03448,1.03514,1.03218,1.03382,1.03777,-51.22739,-3792.00000
3.32068,3.31542,3.32989,3.32266,3.32397,2.17742,2.17511,2.17972,2.18071,2.17906,1.03777,1.03547,1.03810,1.04040,1.03415,-51.22739,-3791.00000
3.32167,3.32200,3.31871,3.32266,3.32266,2.17380,2.17807,2.17544,2.17380,2.18005,1.03744,1.03415,1.03777,1.03678,1.03711,-51.59138,-3790.00000
3.32989,3.31970,3.32397,3.32167,3.32299,2.17446,2.17248,2.17840,2.17183,2.17380,1.03612,1.03908,1.03678,1.03185,1.03711,-51.59138,-3789.00000
3.32430,3.31838,3.32496,3.32036,3.32101,2.17906,2.17807,2.17775,2.17873,2.18005,1.03941,1.03415,1.03810,1.03316,1.03514,-51.26925,-3788.00000
3.32036,3.31772,3.31970,3.32233,3.33088,2.17972,2.17676,2.17380,2.17577,2.17511,1.03119,1.03744,1.03678,1.03547,1.03547,-51.26925,-3787.00000
3.32036,3.32299,3.32562,3.32167,3.32200,2.17742,2.17807,2.17511,2.17643,2.18038,1.03580,1.03711,1.03415,1.03547,1.03810,-51.60463,-3786.00000
3.32628,3.32036,3.31970,3.32200,3.32397,2.17709,2.17939,2.17775,2.17775,2.17347,1.03580,1.03843,1.03251,1.03481,1.02955,-51.60463,-3785.00000
3.32266,3.31575,3.32036,3.32397,3.32200,2.17511,2.17676,2.17183,2.17413,2.17939,1.03415,1.03580,1.03316,1.03415,1.03448,-51.25367,-3784.00000
3.32463,3.32529,3.32200,3.32266,3.31772,2.17709,2.17314,2.17479,2.17775,2.17840,1.03382,1.03580,1.03514,1.03415,1.03481,-51.25367,-3783.00000
3.32364,3.32101,3.31805,3.31575,3.32167,2.17972,2.17248,2.17873,2.17446,2.17709,1.03612,1.03415,1.03185,1.03448,1.03218,-51.52914,-3782.00000
3.32036,3.32562,3.32628,3.31674,3.32792,2.17479,2.17413,2.17610,2.17479,2.16985,1.03612,1.03086,1.03415,1.03415,1.03382,-51.52914,-3781.00000
3.32332,3.31904,3.32693,3.32693,3.31970,2.17676,2.17807,2.18038,2.17742,2.17446,1.03415,1.03382,1.03481,1.03382,1.03053,-51.40517,-3780.00000
3.32430,3.32101,3.32562,3.32463,3.32825,2.17972,2.17906,2.17446,2.17972,2.18169,1.03580,1.03053,1.02856,1.03415,1.03678,-51.40517,-3779.00000
3.32068,3.32364,3.32397,3.31871,3.32266,2.17709,2.18038,2.17643,2.17347,2.17544,1.03251,1.03580,1.02889,1.03316,1.03415,-51.58945,-3778.00000
3.32233,3.32759,3.32397,3.32825,3.32924,2.17709,2.17873,2.18136,2.17972,2.18005,1.03152,1.03119,1.03251,1.03053,1.03053,-51.58945,-3777.00000
3.32562,3.33187,3.32397,3.32628,3.32956,2.17906,2.17906,2.18038,2.17972,2.18005,1.03053,1.03119,1.03316,1.03415,1.03185,-51.25820,-3776.00000
3.32364,3.32595,3.32989,3.32924,3.32595,2.17610,2.17873,2.17939,2.18071,2.18202,1.03119,1.02955,1.03086,1.03349,1.03185,-51.57936,-3775.00000
3.32693,3.32364,3.32792,3.32397,3.32332,2.17807,2.18202,2.17906,2.17479,2.17544,1.03053,1.03777,1.03251,1.02659,1.03284,-51.57936,-3774.00000
3.32299,3.32858,3.32430,3.32266,3.32759,2.18235,2.17577,2.17807,2.17479,2.17446,1.03251,1.03382,1.03284,1.02955,1.03284,-51.57936,-3773.00000
3.32595,3.32332,3.32660,3.32595,3.32332,2.18038,2.17511,2.17643,2.17347,2.17577,1.03020,1.02955,1.02790,1.03053,1.03284,-51.42563,-3772.00000
3.32200,3.32299,3.32858,3.32134,3.32233,2.17643,2.17413,2.18235,2.17479,2.17906,1.03020,1.03119,1.03218,1.03185,1.02922,-51.42563,-3771.00000
3.32463,3.32562,3.32595,3.32660,3.32496,2.17511,2.17873,2.17775,2.17709,2.17742,1.02823,1.03218,1.03185,1.02856,1.02757,-51.37522,-3770.00000
3.32989,3.32299,3.32266,3.32200,3.32332,2.17873,2.17511,2.17479,2.18169,2.17742,1.03284,1.03481,1.02823,1.03316,1.03086,-51.85757,-3769.00000
3.32364,3.32233,3.31772,3.32430,3.32101,2.17248,2.17314,2.17446,2.17676,2.17380,1.03152,1.03185,1.03053,1.03316,1.03251,-51.85757,-3768.00000
3.32989,3.31674,3.32036,3.32792,3.32924,2.17939,2.17709,2.18071,2.17939,2.17577,1.02955,1.02922,1.03251,1.03218,1.02889,-51.85757,-3767.00000
3.32726,3.32693,3.33022,3.32134,3.32660,2.17873,2.17676,2.18465,2.17643,2.18103,1.03119,1.03415,1.03251,1.03119,1.03119,-51.90570,-3766.00000
3.32858,3.32595,3.32332,3.32989,3.32726,2.18367,2.18038,2.18005,2.18103,2.17544,1.03119,1.03020,1.03020,1.03251,1.02823,-51.90570,-3765.00000
3.32726,3.32924,3.32628,3.32858,3.32299,2.17840,2.18005,2.18071,2.18334,2.17544,1.03218,1.02988,1.03119,1.03119,1.03284,-51.72945,-3764.00000
3.32858,3.33483,3.32924,3.32825,3.33088,2.17807,2.18202,2.17840,2.18202,2.18268,1.03218,1.03185,1.03547,1.03415,1.03382,-51.72945,-3763.00000
3.33154,3.32693,3.33976,3.33022,3.33220,2.18432,2.18202,2.18268,2.18531,2.18432,1.03284,1.03382,1.03316,1.03514,1.03251,-51.70147,-3762.00000
3.33516,3.33220,3.33581,3.33680,3.32989,2.18465,2.18432,2.18202,2.18071,2.18367,1.03284,1.03284,1.03448,1.03251,1.03876,-51.70147,-3761.00000
3.33187,3.33812,3.33549,3.33088,3.33220,2.18202,2.18432,2.18301,2.18103,2.18564,1.03086,1.03218,1.03284,1.02757,1.03349,-51.25150,-3760.00000
3.32397,3.32891,3.32693,3.32891,3.33121,2.18498,2.18136,2.18005,2.17939,2.17939,1.02955,1.03053,1.03284,1.02757,1.03218,-51.25150,-3759.00000
3.33088,3.32726,3.32924,3.32430,3.32660,2.18202,2.17610,2.17807,2.18005,2.17939,1.02922,1.02988,1.03020,1.03185,1.02955,-51.31936,-3758.00000
3.32891,3.32496,3.32266,3.32595,3.32989,2.17939,2.18169,2.17775,2.18005,2.17775,1.03251,1.02889,1.03218,1.02856,1.03119,-51.54364,-3757.00000
3.32463,3.32463,3.32562,3.32496,3.32693,2.17610,2.17807,2.17939,2.17544,2.17840,1.03020,1.02988,1.03448,1.03086,1.03020,-51.54364,-3756.00000
3.31937,3.32430,3.32693,3.32660,3.32101,2.17544,2.17807,2.17939,2.17511,2.17643,1.02856,1.03218,1.03020,1.02692,1.02461,-51.54364,-3755.00000
3.32266,3.32266,3.32529,3.32397,3.32364,2.17281,2.17939,2.17643,2.17939,2.17314,1.02724,1.03185,1.02626,1.02823,1.02955,-51.64270,-3754.00000
3.32792,3.32463,3.32628,3.32332,3.32496,2.17807,2.17314,2.17544,2.17807,2.18005,1.02889,1.02626,1.03152,1.02955,1.03086,-51.64270,-3753.00000
3.32496,3.31970,3.32660,3.32825,3.32693,2.18103,2.17840,2.17873,2.17544,2.18071,1.03020,1.02856,1.02955,1.02428,1.02823,-51.11141,-3752.00000
3.32858,3.33055,3.32660,3.32595,3.32825,2.18038,2.17775,2.17807,2.18038,2.17873,1.03218,1.02659,1.02724,1.02692,1.02955,-51.11141,-3751.00000
3.32726,3.32628,3.32496,3.32825,3.32068,2.17775,2.18038,2.18169,2.18038,2.17972,1.02955,1.02988,1.03020,1.03086,1.02757,-51.50754,-3750.00000
3.33121,3.32397,3.32825,3.32595,3.32924,2.18367,2.17939,2.18071,2.17544,2.17643,1.03119,1.03218,1.02922,1.03119,1.02659,-51.50754,-3749.00000
3.32660,3.32529,3.32989,3.32759,3.33121,2.17807,2.18071,2.18301,2.18038,2.17807,1.03481,1.03316,1.02856,1.03284,1.03349,-51.62352,-3748.00000
3.33154,3.32364,3.32956,3.32562,3.32332,2.17709,2.17939,2.18268,2.17511,2.18169,1.02790,1.03185,1.03185,1.03020,1.03349,-51.62352,-3747.00000
3.32792,3.33055,3.32595,3.33220,3.32693,2.17807,2.17873,2.18169,2.17807,2.17939,1.03086,1.03086,1.02724,1.03251,1.02955,-51.89777,-3746.00000
3.33483,3.32956,3.32956,3.32956,3.33088,2.17840,2.18301,2.18169,2.17742,2.18663,1.03284,1.03481,1.03251,1.03514,1.03152,-51.89777,-3745.00000
3.33318,3.33220,3.33121,3.33483,3.32924,2.18071,2.18136,2.18235,2.17840,2.18202,1.03152,1.02856,1.03185,1.03119,1.02790,-52.12781,-3744.00000
3.32956,3.32825,3.33187,3.33417,3.32101,2.18761,2.18202,2.17709,2.18432,2.18498,1.02955,1.03185,1.03218,1.03415,1.02955,-52.12781,-3743.00000
3.32989,3.32825,3.32660,3.32299,3.33384,2.18103,2.18465,2.18169,2.18038,2.18367,1.03086,1.03316,1.03415,1.03448,1.03119,-51.75871,-3742.00000
3.33022,3.32628,3.32956,3.33318,3.32266,2.18169,2.18005,2.18202,2.17873,2.17807,1.03382,1.03382,1.02757,1.02955,1.03415,-51.75871,-3741.00000
3.33220,3.32858,3.33417,3.33088,3.33055,2.18136,2.18367,2.17906,2.18301,2.18827,1.03612,1.03251,1.03152,1.03382,1.03316,-52.13276,-3740.00000
3.32529,3.32858,3.32628,3.32956,3.33121,2.18071,2.17840,2.18268,2.18038,2.18103,1.03448,1.03284,1.03415,1.03481,1.03119,-52.13276,-3739.00000
3.32167,3.32496,3.32660,3.32167,3.32924,2.17972,2.17610,2.17676,2.17709,2.17972,1.03152,1.03086,1.03185,1.03547,1.03316,-52.27145,-3738.00000
3.33318,3.32529,3.32891,3.32595,3.33285,2.17807,2.17939,2.18005,2.18038,2.18235,1.03284,1.03119,1.03185,1.03580,1.03448,-52.27145,-3737.00000
3.32825,3.32693,3.32233,3.32726,3.32562,2.17840,2.17643,2.17742,2.18005,2.18136,1.03185,1.03251,1.03514,1.03218,1.03284,-52.03839,-3736.00000
3.32628,3.33088,3.32825,3.32660,3.32660,2.18071,2.18005,2.18465,2.17446,2.18169,1.03481,1.03251,1.03514,1.03251,1.03382,-52.03839,-3735.00000
3.33088,3.32299,3.32989,3.32463,3.33351,2.18367,2.17939,2.18301,2.17479,2.18038,1.03284,1.03284,1.03316,1.04007,1.03185,-51.73978,-3734.00000
3.33088,3.32956,3.33022,3.32825,3.33022,2.17676,2.18367,2.17972,2.18071,2.18071,1.03119,1.03119,1.03251,1.03415,1.03349,-51.73978,-3733.00000
3.33088,3.33088,3.32628,3.33351,3.32891,2.18235,2.18334,2.18235,2.17643,2.17840,1.03316,1.03251,1.03448,1.03185,1.03251,-51.59931,-3732.00000
3.32858,3.33154,3.32891,3.32989,3.32858,2.17906,2.18367,2.17676,2.17840,2.17775,1.03382,1.03415,1.03119,1.03119,1.03053,-51.59931,-3731.00000
3.32924,3.33088,3.33746,3.33088,3.32989,2.17807,2.18301,2.18103,2.17906,2.17873,1.03316,1.03119,1.03415,1.03152,1.03514,-51.59192,-3730.00000
3.32891,3.32792,3.33581,3.33417,3.32924,2.18498,2.18465,2.18071,2.18169,2.18630,1.03612,1.03481,1.03218,1.03349,1.03645,-51.59192,-3729.00000
3.33713,3.33285,3.33516,3.33680,3.33351,2.18136,2.17939,2.18071,2.18465,2.18630,1.03251,1.03415,1.03119,1.03711,1.03448,-51.36402,-3728.00000
3.33220,3.32266,3.33450,3.32628,3.33088,2.18597,2.18005,2.18103,2.18235,2.18005,1.03251,1.03580,1.03284,1.03448,1.03020,-51.36402,-3727.00000
3.33022,3.32825,3.33088,3.32956,3.32989,2.18136,2.17610,2.18038,2.18005,2.18038,1.03185,1.02922,1.02922,1.02856,1.03185,-51.13395,-3726.00000
3.32430,3.33154,3.32891,3.32924,3.32660,2.18301,2.18301,2.18334,2.17873,2.17906,1.03349,1.02626,1.02922,1.02922,1.03086,-51.13395,-3725.00000
3.32693,3.32529,3.32693,3.32332,3.32891,2.17972,2.18268,2.17972,2.18268,2.18334,1.03086,1.02889,1.02856,1.03086,1.03316,-51.36307,-3724.00000
3.32529,3.32825,3.32430,3.32299,3.32726,2.17775,2.17742,2.17807,2.18038,2.18103,1.03119,1.03020,1.02823,1.02889,1.02790,-51.36307,-3723.00000
3.32266,3.32463,3.32726,3.33121,3.32562,2.18038,2.17676,2.17544,2.18202,2.18169,1.03218,1.03316,1.02790,1.03185,1.03086,-51.49465,-3722.00000
3.32562,3.32233,3.32266,3.32529,3.33154,2.18005,2.18038,2.17709,2.18005,2.17511,1.02428,1.03086,1.02955,1.02724,1.03086,-51.49465,-3721.00000
3.32496,3.32003,3.32891,3.32167,3.32825,2.18301,2.17511,2.18103,2.17676,2.18268,1.02757,1.02823,1.02955,1.02922,1.03218,-51.41961,-3720.00000
3.33417,3.32430,3.32101,3.32660,3.32693,2.18103,2.17939,2.18136,2.17873,2.18301,1.02955,1.02626,1.02856,1.02955,1.03218,-51.41961,-3719.00000
3.32956,3.33187,3.32956,3.32825,3.32989,2.18498,2.18235,2.17939,2.18136,2.17544,1.02757,1.02889,1.02790,1.02955,1.03086,-50.90897,-3718.00000
3.32891,3.32660,3.32924,3.33154,3.32792,2.17972,2.17906,2.17972,2.17807,2.18038,1.02461,1.03284,1.03086,1.02856,1.03349,-51.14797,-3717.00000
3.33713,3.32792,3.33581,3.32628,3.32989,2.18202,2.18169,2.17840,2.18893,2.18334,1.02889,1.03053,1.03218,1.03185,1.03349,-51.14797,-3716.00000
3.33351,3.33746,3.33154,3.33252,3.33285,2.18038,2.17906,2.18761,2.18202,2.17807,1.03316,1.03744,1.02988,1.02988,1.03053,-51.14797,-3715.00000
3.32891,3.32924,3.33614,3.32924,3.33450,2.18432,2.17939,2.18663,2.18597,2.18005,1.03382,1.03053,1.03448,1.03448,1.03251,-51.28289,-3714.00000
3.33252,3.32891,3.32792,3.33647,3.33384,2.18597,2.18367,2.18531,2.18136,2.18597,1.03218,1.03218,1.03415,1.03547,1.03119,-51.28289,-3713.00000
3.33187,3.33121,3.32989,3.33285,3.33417,2.18071,2.18630,2.18103,2.18432,2.17840,1.03053,1.03612,1.03218,1.03382,1.03251,-51.36307,-3712.00000
3.32858,3.32956,3.33318,3.32332,3.32891,2.18202,2.18202,2.18202,2.17807,2.18038,1.03185,1.03251,1.03185,1.03349,1.03415,-51.36307,-3711.00000
3.33483,3.33121,3.33220,3.33384,3.33252,2.17972,2.18169,2.17873,2.18367,2.18367,1.03152,1.03349,1.03251,1.03349,1.03481,-51.36445,-3710.00000
3.33187,3.33384,3.33581,3.33220,3.33121,2.18498,2.18432,2.17873,2.18071,2.17840,1.03415,1.03218,1.03086,1.03316,1.03251,-51.36445,-3709.00000
3.33483,3.33187,3.33384,3.33022,3.33220,2.18399,2.17972,2.18235,2.18005,2.18169,1.03218,1.03152,1.03251,1.03349,1.03349,-51.05611,-3708.00000
3.33483,3.33220,3.33351,3.32858,3.33779,2.17742,2.18136,2.18531,2.18334,2.17840,1.02988,1.03053,1.03448,1.03119,1.03284,-51.05611,-3707.00000
3.33779,3.32825,3.33055,3.33384,3.33088,2.18169,2.18367,2.18367,2.18235,2.17972,1.03448,1.03152,1.03481,1.03382,1.03316,-50.95310,-3706.00000
3.33285,3.33121,3.33516,3.33285,3.33516,2.18005,2.18071,2.18301,2.17939,2.18268,1.03218,1.03185,1.03053,1.03185,1.03415,-50.95310,-3705.00000
3.33187,3.33516,3.33417,3.33450,3.33187,2.18399,2.18695,2.18202,2.18893,2.18038,1.02856,1.03547,1.03086,1.03415,1.03185,-51.08136,-3704.00000
3.33351,3.33252,3.33220,3.32858,3.33252,2.18794,2.18103,2.18005,2.18301,2.18367,1.03580,1.03185,1.02988,1.03711,1.03218,-51.08136,-3703.00000
3.32891,3.32792,3.33779,3.33220,3.33088,2.18005,2.18268,2.17972,2.18235,2.18893,1.03415,1.03481,1.03251,1.03284,1.03251,-51.26127,-3702.00000
3.33022,3.32693,3.32858,3.33022,3.33154,2.18038,2.17906,2.18071,2.18432,2.18268,1.03481,1.03218,1.03152,1.03448,1.03284,-51.37491,-3701.00000
3.33088,3.33022,3.32693,3.33022,3.32299,2.18136,2.18103,2.17775,2.17972,2.18136,1.03251,1.03152,1.03645,1.03284,1.03349,-51.37491,-3700.00000
3.32332,3.33022,3.32562,3.33154,3.32825,2.17479,2.17742,2.18038,2.18005,2.18038,1.03547,1.02988,1.03678,1.03020,1.03349,-51.57741,-3699.00000
3.33252,3.32792,3.33055,3.32430,3.32529,2.18169,2.18367,2.18334,2.18235,2.18038,1.03086,1.03251,1.03086,1.03645,1.03119,-51.57741,-3698.00000
3.33285,3.32167,3.32430,3.32956,3.32364,2.18334,2.18202,2.17511,2.18005,2.17479,1.02922,1.03218,1.03251,1.03119,1.03251,-51.61313,-3697.00000
3.32463,3.33088,3.32825,3.32529,3.32726,2.18235,2.17807,2.18071,2.17906,2.17807,1.03349,1.03415,1.03086,1.03251,1.03415,-51.61313,-3696.00000
3.32595,3.33187,3.32397,3.32200,3.32233,2.18038,2.18169,2.18136,2.17742,2.17709,1.03218,1.03185,1.03612,1.03119,1.03316,-51.22353,-3695.00000
3.32496,3.32628,3.32562,3.32891,3.32628,2.17873,2.17544,2.17840,2.17906,2.17643,1.03218,1.03547,1.03316,1.03119,1.03086,-51.22353,-3694.00000
3.32660,3.33220,3.31970,3.32332,3.33187,2.18268,2.17972,2.17676,2.18071,2.17709,1.02856,1.03448,1.03185,1.03415,1.02988,-51.29420,-3693.00000
3.32759,3.33549,3.32891,3.32726,3.33614,2.18103,2.18630,2.18367,2.18038,2.18268,1.03218,1.03053,1.02724,1.02988,1.03382,-51.29420,-3692.00000
3.33549,3.33943,3.33318,3.33877,3.33680,2.19189,2.18794,2.18235,2.18465,2.18465,1.03612,1.03580,1.03514,1.03119,1.03481,-51.27784,-3691.00000
3.33877,3.33318,3.33022,3.33746,3.33384,2.18564,2.18531,2.18531,2.18695,2.18991,1.03218,1.03481,1.03316,1.03152,1.03415,-51.27784,-3690.00000
3.33680,3.33581,3.33187,3.33680,3.33483,2.18334,2.18893,2.18432,2.18235,2.18432,1.03284,1.02856,1.03481,1.03152,1.03514,-51.19857,-3689.00000
3.33252,3.32726,3.33581,3.32858,3.33088,2.18038,2.18432,2.18235,2.18301,2.18301,1.03284,1.03185,1.03185,1.02757,1.02988,-51.19857,-3688.00000
3.32858,3.33220,3.33549,3.32956,3.33022,2.18202,2.19057,2.18136,2.18794,2.18169,1.03152,1.03152,1.03251,1.03316,1.02790,-51.68284,-3687.00000
3.33055,3.33285,3.33285,3.33252,3.33121,2.18268,2.17972,2.18564,2.18301,2.17906,1.03251,1.03086,1.02988,1.03481,1.03218,-51.68284,-3686.00000
3.33581,3.33154,3.32858,3.33318,3.32956,2.18235,2.18038,2.18005,2.17775,2.18399,1.03086,1.02856,1.03218,1.03218,1.03218,-51.70783,-3685.00000
3.33614,3.33121,3.33022,3.34009,3.32825,2.18136,2.18268,2.18399,2.18465,2.18235,1.03218,1.02823,1.03086,1.03349,1.03316,-51.70783,-3684.00000
3.34864,3.34404,3.34173,3.34305,3.34535,2.19222,2.18959,2.19156,2.19024,2.19024,1.02955,1.03119,1.03218,1.03316,1.02823,-51.92277,-3683.00000
3.33910,3.34535,3.34535,3.34173,3.34272,2.19024,2.18663,2.18630,2.19419,2.19255,1.02988,1.02889,1.03020,1.03185,1.02724,-51.26720,-3682.00000
3.33417,3.33516,3.33614,3.33187,3.33549,2.17873,2.18399,2.18695,2.18761,2.18268,1.03086,1.03152,1.02955,1.03053,1.02988,-51.52077,-3681.00000
3.33318,3.33055,3.33516,3.33483,3.33055,2.18169,2.18136,2.18597,2.18761,2.18202,1.03053,1.02724,1.02494,1.02955,1.03218,-51.52077,-3680.00000
3.32989,3.33746,3.33713,3.33746,3.32989,2.18597,2.18465,2.18432,2.18367,2.18005,1.02692,1.03218,1.02988,1.02823,1.02922,-51.50864,-3679.00000
3.33220,3.33516,3.33121,3.33252,3.33088,2.18367,2.18794,2.17775,2.18038,2.18334,1.02922,1.02757,1.02428,1.03119,1.03020,-51.50864,-3678.00000
3.33713,3.33581,3.33943,3.34206,3.33943,2.18695,2.18893,2.19123,2.18465,2.18103,1.02988,1.02922,1.03415,1.03251,1.02757,-51.04703,-3677.00000
3.33845,3.34206,3.34009,3.34305,3.34371,2.18926,2.18860,2.18794,2.18630,2.18663,1.03185,1.03448,1.03284,1.03185,1.03481,-51.58994,-3676.00000
3.33614,3.33779,3.33976,3.33845,3.34108,2.18926,2.18597,2.18794,2.18827,2.19386,1.03251,1.03185,1.02889,1.03119,1.03086,-51.58994,-3675.00000
3.34469,3.33812,3.34075,3.34009,3.33746,2.18761,2.18268,2.18827,2.18893,2.18564,1.03020,1.03119,1.02955,1.03316,1.02757,-51.42780,-3674.00000
3.33680,3.33252,3.33779,3.33614,3.33285,2.18235,2.18301,2.18663,2.18498,2.18663,1.02560,1.03251,1.02692,1.03119,1.03251,-51.42780,-3673.00000
3.33614,3.32989,3.33285,3.33483,3.32891,2.18432,2.18597,2.18367,2.18432,2.18860,1.03119,1.03119,1.02922,1.03020,1.03053,-51.15532,-3672.00000
3.33910,3.33779,3.33713,3.33483,3.33351,2.18663,2.18695,2.18531,2.18761,2.18432,1.02955,1.02823,1.03251,1.03119,1.02692,-51.15532,-3671.00000
3.33450,3.33746,3.33351,3.34173,3.33976,2.18794,2.19156,2.18991,2.18926,2.18103,1.02922,1.03086,1.02790,1.02856,1.02922,-51.23896,-3670.00000
3.34141,3.33713,3.33845,3.33384,3.33252,2.18926,2.18860,2.18860,2.18432,2.18531,1.03020,1.03284,1.02659,1.03251,1.03053,-51.23896,-3669.00000
3.33680,3.33450,3.34206,3.34173,3.34075,2.18268,2.18301,2.18432,2.18827,2.18531,1.03086,1.02823,1.02955,1.02988,1.02757,-50.14075,-3668.00000
3.33417,3.33318,3.33943,3.33483,3.33220,2.18531,2.18761,2.18103,2.18564,2.18959,1.02856,1.02988,1.02790,1.02823,1.03119,-50.14075,-3667.00000
3.33483,3.33384,3.33055,3.33581,3.33614,2.18893,2.17972,2.18695,2.18103,2.18399,1.03382,1.03119,1.03415,1.03053,1.03481,-49.93433,-3666.00000
3.33055,3.33121,3.33187,3.33055,3.33022,2.17939,2.18334,2.18564,2.18136,2.18169,1.02757,1.02856,1.02790,1.02396,1.03251,-49.93433,-3665.00000
3.33614,3.33285,3.33450,3.33647,3.33812,2.18169,2.18367,2.18367,2.18268,2.18169,1.02955,1.02790,1.03152,1.03218,1.02889,-50.06852,-3664.00000
3.33713,3.33910,3.33976,3.34042,3.33976,2.18531,2.18893,2.18959,2.18728,2.18432,1.03580,1.03415,1.03152,1.03349,1.03053,-50.06852,-3663.00000
3.34141,3.33976,3.34141,3.33318,3.34009,2.18695,2.18531,2.18959,2.19123,2.18301,1.03382,1.03053,1.03349,1.03612,1.03119,-50.81391,-3662.00000
3.33647,3.33877,3.33943,3.33845,3.33845,2.18597,2.18663,2.18367,2.18926,2.18991,1.03251,1.03185,1.03547,1.03218,1.03119,-50.81391,-3661.00000
3.33680,3.33351,3.33384,3.33384,3.33877,2.18399,2.18564,2.18827,2.18531,2.19024,1.03284,1.03481,1.03382,1.03119,1.03218,-51.20504,-3660.00000
3.34042,3.33614,3.33910,3.33943,3.33779,2.18860,2.18597,2.19090,2.18991,2.18827,1.03481,1.03053,1.03580,1.03481,1.03382,-51.20504,-3659.00000
3.33943,3.34239,3.33943,3.34535,3.33910,2.18268,2.18564,2.18301,2.19419,2.18663,1.03152,1.03316,1.03711,1.03448,1.03514,-50.97101,-3658.00000
3.33516,3.33549,3.33779,3.33384,3.33581,2.18597,2.18893,2.18071,2.18630,2.18465,1.03448,1.03514,1.03119,1.03316,1.03349,-50.97101,-3657.00000
3.33417,3.33614,3.33154,3.33746,3.33417,2.18432,2.18432,2.18761,2.18399,2.18959,1.03218,1.03316,1.03678,1.03514,1.03251,-50.94356,-3656.00000
3.32792,3.33647,3.33581,3.33713,3.32825,2.18761,2.18728,2.18465,2.18663,2.18728,1.03382,1.03251,1.03086,1.03251,1.03481,-50.94356,-3655.00000
3.33779,3.33384,3.34108,3.33351,3.33252,2.18498,2.18038,2.18728,2.18564,2.18367,1.03020,1.03284,1.03053,1.03119,1.03185,-51.26543,-3654.00000
3.33812,3.33088,3.33746,3.33647,3.33976,2.18202,2.18827,2.18597,2.18334,2.18860,1.03152,1.03678,1.03020,1.03251,1.02724,-51.26543,-3653.00000
3.33187,3.33746,3.33351,3.33877,3.33877,2.18991,2.18334,2.18761,2.18761,2.18663,1.02988,1.03251,1.03119,1.03020,1.03020,-51.42305,-3652.00000
3.33549,3.33845,3.33647,3.33549,3.33516,2.18334,2.18597,2.18893,2.18564,2.18695,1.03086,1.03316,1.03349,1.03316,1.02988,-51.44186,-3651.00000
3.33187,3.33713,3.33285,3.33680,3.33351,2.18926,2.18761,2.18564,2.18399,2.18564,1.03415,1.02955,1.03053,1.03152,1.02955,-51.44186,-3650.00000
3.33746,3.33845,3.33318,3.33154,3.33581,2.19156,2.18465,2.17939,2.18399,2.18367,1.03119,1.02955,1.03448,1.03119,1.03251,-51.44186,-3649.00000
3.32562,3.33022,3.33647,3.33943,3.32792,2.18235,2.18367,2.18268,2.18334,2.18695,1.02790,1.02856,1.03152,1.02856,1.03086,-51.46580,-3648.00000
3.32726,3.33318,3.33483,3.33417,3.33713,2.18169,2.18761,2.18531,2.18268,2.18531,1.03415,1.03185,1.02988,1.03020,1.02724,-51.46580,-3647.00000
3.33318,3.33877,3.33581,3.33877,3.33351,2.18169,2.18399,2.18334,2.18465,2.18071,1.02922,1.03152,1.02988,1.03020,1.03053,-51.33365,-3646.00000
3.33285,3.33943,3.33647,3.33285,3.33417,2.18038,2.17840,2.18268,2.18202,2.18827,1.03152,1.02889,1.02988,1.02889,1.03185,-51.33365,-3645.00000
3.33417,3.34075,3.33516,3.33976,3.33713,2.18926,2.18432,2.18465,2.18399,2.18728,1.02856,1.03020,1.02757,1.02988,1.02955,-51.63291,-3644.00000
3.33252,3.33483,3.34141,3.33910,3.33581,2.18794,2.18663,2.18465,2.18564,2.18531,1.03053,1.03218,1.02823,1.03053,1.03316,-51.63291,-3643.00000
3.34239,3.33845,3.33516,3.33647,3.34075,2.19024,2.18301,2.18531,2.19024,2.18893,1.03218,1.03086,1.03020,1.03119,1.03218,-51.85521,-3642.00000
3.34108,3.33746,3.33746,3.33877,3.34009,2.18399,2.18465,2.18695,2.18564,2.18432,1.03251,1.03481,1.03284,1.03053,1.02988,-51.85521,-3641.00000
3.34404,3.34305,3.34404,3.33384,3.34305,2.18728,2.19057,2.18367,2.19386,2.18630,1.03382,1.03448,1.03119,1.03547,1.03086,-52.39078,-3640.00000
3.33910,3.33779,3.33417,3.33943,3.34305,2.18531,2.18498,2.18893,2.18432,2.18728,1.03218,1.03349,1.02889,1.03316,1.02692,-52.39078,-3639.00000
3.33581,3.33910,3.33943,3.33713,3.33910,2.18926,2.18893,2.18531,2.18728,2.19057,1.03020,1.03448,1.03152,1.03020,1.03185,-52.53786,-3638.00000
3.34305,3.34042,3.33713,3.34437,3.33812,2.19386,2.18761,2.18367,2.18399,2.19024,1.03481,1.03251,1.03415,1.03086,1.03580,-52.53786,-3637.00000
3.34206,3.33976,3.34108,3.33680,3.34009,2.18531,2.18334,2.19255,2.18794,2.18367,1.03218,1.03284,1.03284,1.03612,1.03382,-51.67238,-3636.00000
3.34075,3.33812,3.33812,3.33187,3.34338,2.18893,2.18531,2.18630,2.18761,2.18367,1.03284,1.03185,1.03349,1.03316,1.03415,-51.67238,-3635.00000
3.33877,3.33483,3.33943,3.33910,3.33845,2.18399,2.18136,2.18695,2.18630,2.18531,1.03218,1.03349,1.03053,1.03481,1.03218,-51.09213,-3634.00000
3.33910,3.33450,3.33614,3.33351,3.33384,2.18432,2.18005,2.18202,2.18038,2.18531,1.03251,1.03251,1.03053,1.03152,1.03481,-51.09213,-3633.00000
3.33910,3.33647,3.34239,3.32989,3.33384,2.18334,2.18893,2.18827,2.18564,2.18367,1.03251,1.03119,1.03448,1.03152,1.03382,-51.39378,-3632.00000
3.33647,3.32792,3.33022,3.33417,3.33943,2.18630,2.18301,2.17840,2.18531,2.18531,1.03152,1.03185,1.03349,1.03020,1.03251,-51.54116,-3631.00000
3.33384,3.33417,3.32924,3.33713,3.33022,2.18564,2.18695,2.18597,2.18893,2.18432,1.03284,1.02823,1.02856,1.03185,1.03284,-51.54116,-3630.00000
3.33943,3.33910,3.33516,3.33450,3.33450,2.19090,2.18860,2.18301,2.18268,2.18432,1.02988,1.03053,1.03580,1.02922,1.03020,-51.54116,-3629.00000
3.33779,3.34272,3.33779,3.33351,3.33877,2.18498,2.18531,2.18564,2.18695,2.18432,1.02823,1.03349,1.03251,1.03152,1.02922,-51.20811,-3628.00000
3.33877,3.35193,3.34009,3.34108,3.34535,2.19353,2.19123,2.18761,2.18630,2.18498,1.02955,1.03185,1.03251,1.03152,1.03119,-51.16790,-3627.00000
3.33812,3.34404,3.33910,3.33845,3.34141,2.18465,2.18860,2.19057,2.18827,2.18926,1.03152,1.03218,1.03415,1.03448,1.03481,-51.16790,-3626.00000
3.34108,3.34338,3.34272,3.33877,3.34272,2.17972,2.18827,2.18663,2.18597,2.18959,1.02955,1.02988,1.03086,1.03119,1.03218,-50.94462,-3625.00000
3.33976,3.33549,3.33877,3.33976,3.33812,2.18663,2.19123,2.18827,2.18893,2.18630,1.03316,1.03415,1.03316,1.03349,1.03185,-50.94462,-3624.00000
3.34141,3.33713,3.33647,3.34371,3.33746,2.18597,2.19024,2.18728,2.18597,2.19057,1.03218,1.03053,1.03152,1.03020,1.03086,-51.33450,-3623.00000
3.33845,3.33483,3.34305,3.33647,3.33779,2.18465,2.18367,2.18663,2.19024,2.18827,1.02988,1.02856,1.02955,1.03284,1.02790,-51.69370,-3622.00000
3.33976,3.33483,3.33549,3.33154,3.33713,2.18695,2.18827,2.18301,2.18959,2.18399,1.03119,1.02659,1.03020,1.02823,1.02856,-51.57184,-3621.00000
3.34404,3.33647,3.33581,3.33680,3.33581,2.18663,2.18663,2.18728,2.18695,2.18663,1.03152,1.03251,1.03086,1.03152,1.03053,-51.57184,-3620.00000
3.33779,3.33351,3.33483,3.33516,3.33220,2.18827,2.18531,2.18597,2.18926,2.18959,1.02889,1.02955,1.03119,1.03053,1.03218,-51.69080,-3619.00000
3.33088,3.33680,3.33746,3.33812,3.33910,2.18663,2.18959,2.18202,2.18597,2.18860,1.03152,1.02659,1.02988,1.02988,1.02955,-51.63989,-3618.00000
3.34075,3.34371,3.34075,3.34502,3.34535,2.18794,2.18926,2.18498,2.18695,2.18761,1.03053,1.03218,1.02889,1.03218,1.03185,-51.63989,-3617.00000
3.34437,3.33516,3.34305,3.34141,3.34437,2.18926,2.18794,2.18564,2.18399,2.18498,1.03481,1.03119,1.02988,1.03251,1.03185,-51.63989,-3616.00000
3.34568,3.34338,3.33943,3.33976,3.34371,2.18695,2.18498,2.18926,2.18728,2.19189,1.02757,1.02955,1.03218,1.03086,1.03185,-51.26904,-3615.00000
3.34404,3.33845,3.34568,3.34404,3.34437,2.19320,2.18827,2.19024,2.19222,2.19057,1.03645,1.02856,1.03152,1.03284,1.03218,-51.26904,-3614.00000
3.34404,3.33877,3.34371,3.34733,3.34108,2.18794,2.18695,2.19024,2.18630,2.19255,1.03284,1.03284,1.02856,1.03086,1.02823,-51.11784,-3613.00000
3.34469,3.34601,3.33877,3.34371,3.33877,2.19255,2.18432,2.18268,2.19287,2.18761,1.03316,1.03119,1.03218,1.03152,1.03086,-51.23575,-3612.00000
3.34469,3.33680,3.34239,3.34272,3.34272,2.18663,2.19222,2.18498,2.19255,2.18531,1.03481,1.03481,1.03284,1.03251,1.02790,-51.23575,-3611.00000
3.34700,3.34206,3.34831,3.33845,3.34404,2.19320,2.19123,2.18794,2.18860,2.19287,1.03645,1.03481,1.03086,1.03349,1.03481,-51.76947,-3610.00000
3.34206,3.34437,3.33812,3.34042,3.33943,2.18728,2.19024,2.18794,2.18893,2.18959,1.03415,1.03547,1.03382,1.03645,1.03514,-51.76947,-3609.00000
3.33812,3.34272,3.34535,3.34075,3.34272,2.19386,2.18991,2.18498,2.18761,2.19057,1.03020,1.03415,1.03185,1.03744,1.03119,-51.77372,-3608.00000
3.34469,3.33713,3.34305,3.34141,3.33943,2.19090,2.18926,2.18827,2.19287,2.18959,1.03415,1.03448,1.03284,1.03481,1.03481,-51.77372,-3607.00000
3.34502,3.34009,3.33845,3.34733,3.34173,2.18893,2.18794,2.18926,2.18663,2.18728,1.02922,1.03415,1.03481,1.03185,1.03580,-51.81074,-3606.00000
3.34042,3.34108,3.34009,3.34042,3.34206,2.19320,2.18663,2.18695,2.18761,2.19222,1.03218,1.03415,1.03711,1.03580,1.02922,-51.81074,-3605.00000
3.33746,3.34535,3.33779,3.34108,3.33976,2.18991,2.17972,2.18432,2.18761,2.19189,1.03711,1.03152,1.03284,1.03119,1.02790,-51.23157,-3604.00000
3.33220,3.33746,3.34009,3.34042,3.34338,2.18761,2.18531,2.18564,2.18301,2.18630,1.03119,1.03481,1.03580,1.03284,1.03349,-51.23157,-3603.00000
3.33549,3.34371,3.33680,3.33680,3.34141,2.19320,2.18367,2.18531,2.18860,2.18663,1.03218,1.03053,1.03152,1.02955,1.03251,-50.84221,-3602.00000
3.33252,3.34009,3.34371,3.33910,3.34206,2.18959,2.18498,2.18695,2.18893,2.19090,1.03284,1.02922,1.02757,1.03218,1.03053,-50.84221,-3601.00000
3.34634,3.34469,3.34469,3.34206,3.33647,2.19156,2.19419,2.18531,2.18959,2.18465,1.03382,1.03415,1.03251,1.03152,1.03316,-50.90815,-3600.00000
3.33549,3.34173,3.34535,3.34930,3.34634,2.18728,2.19189,2.19287,2.19386,2.19518,1.03349,1.03349,1.03284,1.03218,1.03218,-50.90815,-3599.00000
3.35029,3.34535,3.34502,3.34502,3.34404,2.19057,2.18893,2.18926,2.19156,2.19024,1.03086,1.03086,1.03020,1.03448,1.03119,-51.09697,-3598.00000
3.34568,3.34765,3.34338,3.34535,3.34469,2.18991,2.19057,2.19156,2.18959,2.18926,1.03218,1.03284,1.02988,1.03218,1.02922,-51.09697,-3597.00000
3.34700,3.34568,3.34469,3.35029,3.34338,2.18794,2.19024,2.18761,2.19024,2.19156,1.03349,1.03086,1.03053,1.03152,1.02922,-51.86087,-3596.00000
3.34042,3.34864,3.34469,3.34108,3.34568,2.18860,2.19386,2.19024,2.18959,2.18794,1.03020,1.03020,1.03119,1.03382,1.03514,-51.86087,-3595.00000
3.34272,3.34305,3.34798,3.34700,3.34601,2.19057,2.18991,2.18893,2.18959,2.18663,1.03481,1.03218,1.03152,1.03152,1.03382,-51.21454,-3594.00000
3.34667,3.34765,3.34733,3.34897,3.34798,2.19222,2.18695,2.19452,2.19123,2.19057,1.03185,1.03251,1.03185,1.03119,1.02988,-51.21454,-3593.00000
3.34535,3.33910,3.34469,3.34667,3.34601,2.18597,2.18959,2.18695,2.18926,2.19057,1.02988,1.02757,1.03284,1.03547,1.03119,-51.42981,-3592.00000
3.34108,3.33976,3.34239,3.34042,3.34009,2.19123,2.18893,2.18498,2.18893,2.18893,1.03349,1.02988,1.02922,1.03284,1.03185,-51.42981,-3591.00000
3.34338,3.34634,3.33812,3.34108,3.34305,2.18959,2.18860,2.18959,2.18728,2.18761,1.03284,1.03119,1.03020,1.03349,1.03086,-50.95483,-3590.00000
3.34239,3.34305,3.33845,3.34272,3.34338,2.19156,2.18268,2.18893,2.18893,2.18860,1.02889,1.02988,1.03185,1.02889,1.02889,-50.95483,-3589.00000
3.34075,3.34272,3.34272,3.34305,3.34437,2.19123,2.18860,2.18663,2.18630,2.18301,1.03415,1.03218,1.02659,1.02823,1.02889,-51.05160,-3588.00000
3.34206,3.34437,3.34141,3.34371,3.33779,2.19057,2.19551,2.18991,2.18860,2.18959,1.02626,1.03119,1.02922,1.02692,1.02889,-51.05160,-3587.00000
3.34338,3.34239,3.33713,3.34206,3.34338,2.18893,2.18860,2.19189,2.18827,2.18663,1.02823,1.02692,1.02757,1.02692,1.02494,-51.27561,-3586.00000
3.33845,3.34535,3.33976,3.34009,3.33812,2.18893,2.19123,2.18663,2.18959,2.18663,1.02461,1.02692,1.02527,1.02955,1.02560,-51.27561,-3585.00000
3.34272,3.34141,3.34075,3.34469,3.33845,2.19255,2.18959,2.19123,2.19156,2.18761,1.02527,1.02659,1.02297,1.02790,1.02922,-51.76024,-3584.00000
3.34206,3.34173,3.34075,3.34075,3.34042,2.19024,2.18959,2.18498,2.19057,2.19123,1.02626,1.02823,1.02626,1.02560,1.02823,-51.18326,-3583.00000
3.34667,3.33976,3.34239,3.34173,3.34437,2.19255,2.18860,2.18564,2.19255,2.19156,1.03053,1.03020,1.02889,1.02626,1.02790,-51.18326,-3582.00000
3.33976,3.34535,3.34568,3.34502,3.33713,2.19024,2.19156,2.19156,2.19386,2.19024,1.03152,1.02724,1.02889,1.02527,1.02790,-51.18326,-3581.00000
3.33746,3.34404,3.34404,3.34042,3.34206,2.18695,2.18367,2.18860,2.19156,2.19090,1.02988,1.03152,1.02724,1.03251,1.02823,-51.60264,-3580.00000
3.34173,3.34568,3.34700,3.33976,3.34502,2.19320,2.19583,2.18860,2.18926,2.19090,1.02692,1.02724,1.02889,1.02790,1.02757,-51.26862,-3579.00000
3.34305,3.33976,3.33549,3.34272,3.34404,2.19189,2.18761,2.18991,2.18827,2.18630,1.02988,1.02922,1.02659,1.02494,1.02988,-51.26862,-3578.00000
3.33647,3.34371,3.34239,3.33746,3.34502,2.19024,2.18761,2.19189,2.18926,2.18893,1.02593,1.02593,1.02461,1.02527,1.02297,-51.26862,-3577.00000
3.34009,3.33910,3.33845,3.34239,3.34141,2.18761,2.19123,2.18926,2.19452,2.18959,1.03152,1.02724,1.02593,1.02626,1.02757,-51.55538,-3576.00000
3.34272,3.35127,3.34338,3.34141,3.34535,2.18991,2.19255,2.19386,2.18893,2.18893,1.02724,1.02724,1.02659,1.02593,1.02659,-51.55538,-3575.00000
3.35029,3.34075,3.34601,3.34469,3.34239,2.18959,2.18959,2.19090,2.18794,2.19189,1.02626,1.02692,1.02856,1.02428,1.02297,-51.38197,-3574.00000
3.34831,3.34601,3.34502,3.34239,3.34568,2.19222,2.19123,2.19057,2.19419,2.19222,1.02823,1.02757,1.03086,1.02922,1.02461,-51.38197,-3573.00000
3.35423,3.35029,3.34272,3.34305,3.34371,2.19123,2.19156,2.19156,2.19057,2.19255,1.02922,1.02922,1.02757,1.02922,1.02889,-51.68629,-3572.00000
3.34798,3.34765,3.35061,3.34239,3.35160,2.19814,2.19353,2.19518,2.19189,2.19649,1.02461,1.03020,1.02724,1.02955,1.02988,-51.68629,-3571.00000
3.34502,3.34963,3.34996,3.34930,3.34634,2.19090,2.19320,2.19024,2.19123,2.19156,1.02988,1.02692,1.02988,1.02626,1.02724,-51.57016,-3570.00000
3.35522,3.34897,3.34930,3.35127,3.34765,2.19287,2.19518,2.19353,2.19024,2.19386,1.02724,1.02692,1.02527,1.03086,1.02922,-51.57016,-3569.00000
3.34700,3.35226,3.34042,3.34897,3.34765,2.19287,2.19616,2.18794,2.18630,2.19287,1.02790,1.03020,1.02659,1.02823,1.02659,-51.61643,-3568.00000
3.34930,3.34371,3.34601,3.34338,3.35193,2.19485,2.19814,2.19485,2.19320,2.18959,1.02659,1.02692,1.02823,1.02593,1.02988,-51.61643,-3567.00000
3.34996,3.34206,3.34733,3.34338,3.35029,2.19386,2.19386,2.19748,2.19353,2.19287,1.02922,1.02955,1.02856,1.02724,1.02560,-51.69774,-3566.00000
3.34634,3.34733,3.34864,3.34502,3.34798,2.19024,2.19518,2.19386,2.19847,2.18827,1.03382,1.02659,1.03053,1.02724,1.02889,-51.69774,-3565.00000
3.34733,3.34700,3.34568,3.34535,3.34667,2.19452,2.19057,2.18991,2.19222,2.19551,1.02593,1.03020,1.02396,1.02692,1.02494,-51.42154,-3564.00000
3.34404,3.34897,3.35127,3.33812,3.34469,2.19287,2.19123,2.19386,2.19353,2.19024,1.02198,1.02724,1.02955,1.02856,1.02100,-51.42154,-3563.00000
3.34272,3.34601,3.34371,3.34864,3.33943,2.19255,2.19748,2.18926,2.19616,2.19156,1.02823,1.02659,1.02856,1.02494,1.02889,-51.95192,-3562.00000
3.34634,3.35193,3.35029,3.34535,3.35029,2.19090,2.19255,2.19189,2.19452,2.19518,1.02560,1.02724,1.02955,1.02889,1.02494,-51.95192,-3561.00000
3.34108,3.34963,3.34733,3.34667,3.34996,2.19518,2.19057,2.19386,2.19518,2.19057,1.02889,1.02790,1.03086,1.02922,1.03053,-51.52264,-3560.00000
3.34305,3.34733,3.34996,3.33779,3.35193,2.19156,2.19287,2.19189,2.19189,2.19057,1.03086,1.02823,1.02626,1.02724,1.02922,-51.52264,-3559.00000
3.34930,3.34897,3.35127,3.34733,3.35357,2.19682,2.19485,2.19518,2.19452,2.19419,1.02856,1.03020,1.02659,1.03086,1.02692,-51.54406,-3558.00000
3.34700,3.34765,3.34469,3.34108,3.34667,2.19255,2.19353,2.19419,2.19386,2.19682,1.02889,1.03152,1.03020,1.02790,1.02889,-51.54406,-3557.00000
3.34996,3.35094,3.34502,3.34667,3.34272,2.19090,2.19156,2.18827,2.19320,2.19583,1.02757,1.02922,1.02889,1.02922,1.03086,-51.46232,-3556.00000
3.35160,3.34798,3.34765,3.34996,3.34437,2.19320,2.19320,2.19518,2.18794,2.19386,1.02856,1.02790,1.02955,1.02659,1.03053,-51.46232,-3555.00000
3.34502,3.35325,3.34437,3.34864,3.34437,2.19222,2.19583,2.19353,2.19452,2.19156,1.02988,1.02396,1.03020,1.02396,1.02790,-51.33458,-3554.00000
3.35292,3.34634,3.34437,3.35456,3.34963,2.19222,2.19452,2.19024,2.19649,2.19156,1.02889,1.02692,1.02922,1.02659,1.03086,-51.33458,-3553.00000
3.35160,3.35226,3.35357,3.34963,3.35423,2.19452,2.19485,2.19353,2.19485,2.19057,1.02889,1.02790,1.02922,1.02823,1.02922,-50.96459,-3552.00000
3.35127,3.34700,3.35160,3.35127,3.35292,2.19320,2.19649,2.18827,2.19616,2.19781,1.03053,1.02527,1.03053,1.02856,1.02955,-50.96459,-3551.00000
3.34700,3.34996,3.34634,3.35423,3.35456,2.19518,2.19880,2.19024,2.19945,2.19320,1.03086,1.02988,1.03185,1.02889,1.03251,-50.93440,-3550.00000
3.34831,3.35127,3.35456,3.34535,3.34996,2.19287,2.19485,2.19452,2.19189,2.19551,1.03119,1.03218,1.03119,1.03053,1.03218,-50.93440,-3549.00000
3.35127,3.34798,3.35686,3.34700,3.35555,2.19616,2.19649,2.19485,2.19123,2.19715,1.02790,1.03020,1.03119,1.02988,1.03284,-50.88823,-3548.00000
3.35226,3.35029,3.34996,3.35029,3.35719,2.20044,2.19255,2.19978,2.19616,2.19222,1.03382,1.02922,1.03580,1.03185,1.02988,-50.88823,-3547.00000
3.35127,3.34897,3.35160,3.35094,3.35029,2.19518,2.18959,2.19287,2.19156,2.19551,1.02955,1.03020,1.02757,1.02692,1.03218,-50.50426,-3546.00000
3.34897,3.35423,3.34601,3.34996,3.34502,2.19748,2.19353,2.19419,2.19518,2.19189,1.03119,1.03382,1.03448,1.03020,1.03251,-50.50426,-3545.00000
3.34996,3.34272,3.35325,3.34897,3.35259,2.19682,2.19715,2.19781,2.19123,2.19222,1.03086,1.02955,1.03119,1.03382,1.02593,-50.57869,-3544.00000
3.34930,3.34897,3.34437,3.34437,3.34272,2.19419,2.19583,2.19386,2.20274,2.19057,1.02823,1.02856,1.02889,1.02955,1.02692,-50.57869,-3543.00000
3.35555,3.34601,3.34996,3.34667,3.34700,2.19320,2.19156,2.19123,2.19024,2.19156,1.03119,1.02889,1.02988,1.02757,1.02659,-50.68527,-3542.00000
3.34437,3.34798,3.35029,3.34831,3.34963,2.19287,2.19222,2.18893,2.19419,2.19518,1.02823,1.02724,1.02856,1.03218,1.03152,-50.68527,-3541.00000
3.34502,3.35127,3.34535,3.34700,3.35127,2.19222,2.18860,2.19189,2.19518,2.19320,1.02856,1.03119,1.03020,1.02692,1.02922,-50.40151,-3540.00000
3.35094,3.34963,3.34897,3.34765,3.34831,2.18959,2.19452,2.19255,2.19057,2.19649,1.02790,1.02692,1.02988,1.02955,1.02790,-50.55250,-3539.00000
3.34963,3.34502,3.34864,3.34963,3.35094,2.19024,2.19353,2.19485,2.19518,2.19682,1.03020,1.02988,1.02856,1.02922,1.03185,-50.55250,-3538.00000
3.34831,3.34765,3.34733,3.34173,3.34798,2.19156,2.19057,2.19419,2.19518,2.19715,1.03218,1.02692,1.02626,1.02988,1.02724,-50.55250,-3537.00000
3.35226,3.34634,3.35029,3.35390,3.34502,2.19419,2.19551,2.19715,2.18893,2.19485,1.03053,1.02823,1.03218,1.03053,1.02527,-50.47901,-3536.00000
3.35094,3.34831,3.35193,3.35094,3.35456,2.19452,2.19452,2.19649,2.19057,2.19057,1.02692,1.03251,1.03316,1.03086,1.02988,-50.47901,-3535.00000
3.35259,3.35226,3.34502,3.34765,3.35226,2.18860,2.19682,2.19682,2.19222,2.19189,1.03251,1.03020,1.03284,1.03086,1.03086,-50.26238,-3534.00000
3.35226,3.35127,3.34700,3.34996,3.35061,2.19320,2.19123,2.18893,2.19649,2.19485,1.03053,1.03251,1.03053,1.03284,1.03218,-50.26238,-3533.00000
3.35226,3.34469,3.34798,3.34897,3.34897,2.19485,2.19452,2.19583,2.19551,2.19222,1.03086,1.03119,1.03053,1.03251,1.02889,-49.26834,-3532.00000
3.35259,3.35127,3.35127,3.35029,3.34634,2.19518,2.19715,2.19880,2.19320,2.19386,1.02889,1.03218,1.03251,1.03415,1.03251,-49.26834,-3531.00000
3.35061,3.35029,3.35193,3.34700,3.34831,2.19255,2.18926,2.19485,2.19386,2.18959,1.03415,1.03382,1.03185,1.03218,1.03119,-48.98814,-3530.00000
3.34831,3.35259,3.34437,3.35226,3.34798,2.19024,2.19353,2.19386,2.19222,2.19386,1.02856,1.03053,1.03349,1.03481,1.03053,-48.98814,-3529.00000
3.34831,3.34897,3.34502,3.34469,3.34765,2.19649,2.19715,2.19616,2.19222,2.19518,1.02955,1.03316,1.03580,1.03218,1.03086,-48.68741,-3528.00000
3.34963,3.34765,3.35127,3.34897,3.35094,2.19255,2.19222,2.19419,2.19781,2.19222,1.03316,1.03284,1.03349,1.02988,1.02790,-48.68741,-3527.00000
3.35357,3.35061,3.34634,3.35423,3.35094,2.19682,2.19551,2.19781,2.19485,2.19781,1.03580,1.03316,1.03185,1.03284,1.03218,-46.68353,-3526.00000
3.34404,3.34765,3.34502,3.35456,3.35259,2.19123,2.19255,2.19156,2.19551,2.19518,1.02988,1.03316,1.03349,1.03514,1.03053,-46.68353,-3525.00000
3.35061,3.34996,3.35489,3.35292,3.34535,2.19452,2.19353,2.19616,2.19090,2.19353,1.02988,1.02757,1.02889,1.03349,1.03185,-44.13017,-3524.00000
3.35325,3.35259,3.35226,3.35653,3.35061,2.19616,2.19616,2.19715,2.19419,2.19583,1.03251,1.02955,1.02988,1.03251,1.03448,-44.13017,-3523.00000
3.34930,3.35719,3.35653,3.34765,3.35390,2.20011,2.19189,2.19682,2.19485,2.19419,1.03284,1.03448,1.03415,1.03152,1.03382,-44.16783,-3522.00000
3.35522,3.35390,3.35061,3.36015,3.35226,2.19419,2.19485,2.19715,2.19912,2.19616,1.03086,1.03284,1.03053,1.03020,1.03349,-44.16783,-3521.00000
3.35752,3.35489,3.34864,3.35653,3.35127,2.19452,2.19847,2.19583,2.19715,2.19419,1.03284,1.03218,1.03612,1.03119,1.03020,-45.10928,-3520.00000
3.34700,3.35160,3.35522,3.35029,3.35621,2.19320,2.19583,2.19583,2.19781,2.19518,1.03316,1.03415,1.03119,1.03185,1.03152,-45.10928,-3519.00000
3.35653,3.35621,3.35423,3.35127,3.35818,2.19748,2.19880,2.19616,2.19748,2.19880,1.02922,1.03251,1.03251,1.03316,1.03382,-46.11452,-3518.00000
3.35818,3.35160,3.35818,3.35653,3.35390,2.19847,2.19649,2.19978,2.19452,2.19682,1.03251,1.03284,1.03349,1.03316,1.02889,-46.11452,-3517.00000
3.35522,3.35259,3.35489,3.35292,3.35785,2.19682,2.19649,2.19781,2.19452,2.19583,1.03284,1.03185,1.03349,1.03349,1.03284,-47.07765,-3516.00000
3.35193,3.35390,3.35818,3.35456,3.35752,2.19912,2.19551,2.19880,2.19287,2.19452,1.03218,1.02988,1.03415,1.03218,1.03415,-47.07765,-3515.00000
3.35851,3.35752,3.35686,3.35489,3.35686,2.20044,2.19912,2.19518,2.19814,2.19978,1.02889,1.03251,1.03020,1.03218,1.03382,-48.16733,-3514.00000
3.35982,3.35785,3.35719,3.35423,3.35325,2.19649,2.19518,2.20143,2.19781,2.19978,1.03251,1.03481,1.03218,1.03152,1.03382,-48.16733,-3513.00000
3.35785,3.35752,3.35292,3.35653,3.35884,2.19814,2.19781,2.19912,2.19485,2.20011,1.03415,1.03086,1.03251,1.02988,1.03481,-48.13369,-3512.00000
3.35653,3.35522,3.35686,3.35555,3.35292,2.19814,2.19682,2.19847,2.20143,2.20011,1.03119,1.03580,1.03218,1.03152,1.03152,-48.13369,-3511.00000
3.34897,3.35226,3.35259,3.35094,3.35423,2.19551,2.19287,2.20077,2.19419,2.19518,1.03218,1.03284,1.03382,1.03152,1.03119,-48.94785,-3510.00000
3.35390,3.35160,3.36048,3.35555,3.35160,2.19814,2.19518,2.19814,2.19616,2.19616,1.03119,1.03415,1.03382,1.02955,1.02856,-48.94785,-3509.00000
3.35588,3.35621,3.34700,3.35226,3.35489,2.19847,2.19847,2.19649,2.19781,2.19287,1.02988,1.03415,1.03218,1.02988,1.02692,-49.40110,-3508.00000
3.35160,3.34798,3.34963,3.35489,3.34930,2.19485,2.19649,2.19090,2.19353,2.18794,1.02856,1.02955,1.02757,1.03119,1.03053,-49.40110,-3507.00000
3.35522,3.34798,3.35160,3.35193,3.34963,2.19419,2.18926,2.19485,2.19616,2.19583,1.03020,1.03251,1.03251,1.03185,1.03086,-50.15087,-3506.00000
3.34798,3.35226,3.35588,3.34996,3.34798,2.19748,2.19551,2.19583,2.19320,2.19518,1.03152,1.03086,1.02889,1.03218,1.03152,-50.15087,-3505.00000
3.35226,3.34765,3.34963,3.34338,3.35160,2.19583,2.19123,2.19452,2.19781,2.19419,1.03382,1.03251,1.03711,1.02988,1.02889,-50.38704,-3504.00000
3.35127,3.34733,3.34864,3.34963,3.34864,2.18991,2.19222,2.19320,2.19255,2.19452,1.02889,1.03185,1.02988,1.02988,1.02626,-50.38704,-3503.00000
3.34996,3.34996,3.34568,3.34338,3.35029,2.19287,2.19222,2.19386,2.19353,2.18926,1.02988,1.03086,1.02922,1.03086,1.02692,-50.08062,-3502.00000
3.35061,3.34930,3.35160,3.34831,3.34404,2.19189,2.19616,2.19057,2.19222,2.19189,1.02560,1.02889,1.02593,1.02988,1.03053,-50.08062,-3501.00000
3.34239,3.34733,3.34733,3.34930,3.35160,2.18728,2.19255,2.19287,2.19024,2.19189,1.03119,1.03152,1.02757,1.02626,1.02823,-50.60876,-3500.00000
3.34404,3.34700,3.35423,3.34601,3.34897,2.19386,2.18926,2.18926,2.19485,2.18827,1.02593,1.02593,1.02988,1.02692,1.02823,-50.60876,-3499.00000
3.34634,3.34864,3.34667,3.34568,3.34535,2.19452,2.19715,2.19255,2.19386,2.18959,1.02461,1.02856,1.02692,1.02363,1.03086,-50.40258,-3498.00000
3.34371,3.34634,3.35094,3.34667,3.34798,2.18860,2.19945,2.19419,2.19123,2.19320,1.02724,1.02560,1.02856,1.02626,1.02724,-50.40258,-3497.00000
3.34700,3.34272,3.34634,3.34502,3.34963,2.19287,2.19781,2.19189,2.18991,2.19682,1.02330,1.02724,1.02659,1.02955,1.02560,-50.40999,-3496.00000
3.34798,3.34798,3.34601,3.34864,3.34864,2.19847,2.19616,2.19189,2.19419,2.19090,1.02560,1.02626,1.02889,1.02659,1.02593,-50.40999,-3495.00000
3.34765,3.34897,3.35127,3.34502,3.35226,2.19090,2.19452,2.19419,2.19485,2.19189,1.02823,1.02757,1.02659,1.02428,1.02692,-50.09755,-3494.00000
3.34535,3.34733,3.34996,3.34437,3.35094,2.19748,2.19781,2.19386,2.19781,2.19748,1.02461,1.02527,1.02790,1.02692,1.02461,-50.09755,-3493.00000
3.35193,3.35127,3.34996,3.35127,3.34831,2.20011,2.19057,2.19287,2.19353,2.19353,1.02363,1.02593,1.02330,1.02560,1.02757,-50.30103,-3492.00000
3.35390,3.34765,3.35357,3.34700,3.35029,2.19912,2.19912,2.19945,2.19978,2.19320,1.02363,1.02527,1.02494,1.02560,1.02626,-50.30103,-3491.00000
3.35193,3.35226,3.35061,3.35029,3.35259,2.19748,2.19649,2.19551,2.19518,2.19649,1.02198,1.02659,1.02560,1.02461,1.02823,-50.45948,-3490.00000
3.34700,3.35160,3.35259,3.35456,3.35621,2.19682,2.19682,2.19419,2.19781,2.19682,1.02363,1.02593,1.02955,1.02856,1.02428,-50.45948,-3489.00000
3.35325,3.35785,3.35489,3.35423,3.35094,2.19551,2.19912,2.19485,2.19320,2.19847,1.02659,1.02494,1.02988,1.02823,1.02659,-50.03776,-3488.00000
3.35193,3.35588,3.34963,3.35325,3.35325,2.19485,2.19123,2.19715,2.19616,2.19715,1.03185,1.02823,1.03020,1.02823,1.02856,-50.03776,-3487.00000
3.35522,3.35456,3.35423,3.34930,3.35357,2.19518,2.19715,2.19781,2.19583,2.19682,1.02659,1.03086,1.02889,1.02988,1.02988,-49.81359,-3486.00000
3.35193,3.35029,3.35357,3.34864,3.35127,2.19616,2.19748,2.19320,2.19880,2.19419,1.03086,1.02527,1.03185,1.03251,1.02988,-49.81359,-3485.00000
3.34996,3.35917,3.35588,3.35522,3.35292,2.19748,2.19880,2.19255,2.19880,2.19945,1.03349,1.02856,1.03514,1.02988,1.03119,-50.09708,-3484.00000
3.35588,3.35357,3.35456,3.35588,3.35193,2.19320,2.19781,2.20011,2.20077,2.20077,1.03251,1.02757,1.03119,1.03349,1.03152,-50.09708,-3483.00000
3.35884,3.35456,3.35029,3.35259,3.35719,2.19814,2.19715,2.20044,2.19320,2.19748,1.02560,1.03580,1.03251,1.03086,1.02889,-50.14935,-3482.00000
3.35818,3.35653,3.35094,3.34930,3.35489,2.20110,2.19616,2.20077,2.19616,2.19814,1.03053,1.03218,1.03020,1.03316,1.03119,-50.14935,-3481.00000
3.35160,3.35325,3.34765,3.35061,3.35325,2.19057,2.19880,2.19616,2.20110,2.19847,1.03251,1.03053,1.03678,1.02856,1.03251,-50.23303,-3480.00000
3.35292,3.35555,3.34667,3.34996,3.35292,2.19945,2.19847,2.19945,2.19353,2.19616,1.03119,1.02955,1.03053,1.03349,1.02527,-50.23303,-3479.00000
3.34798,3.35029,3.35259,3.35357,3.35752,2.19452,2.19649,2.19814,2.19715,2.19880,1.02724,1.03185,1.02856,1.02724,1.02955,-49.93726,-3478.00000
3.35325,3.35555,3.34798,3.35653,3.35390,2.19287,2.19847,2.19649,2.19880,2.19452,1.02889,1.03251,1.03086,1.02428,1.02988,-49.93726,-3477.00000
3.35588,3.35292,3.35160,3.35325,3.35357,2.19945,2.20241,2.19419,2.19748,2.19583,1.02955,1.02757,1.03020,1.03251,1.02955,-49.30225,-3476.00000
3.35259,3.35029,3.35292,3.35160,3.35259,2.19682,2.19847,2.19682,2.19715,2.19583,1.02692,1.02955,1.02692,1.03284,1.02856,-49.30225,-3475.00000
3.34765,3.35357,3.34996,3.35555,3.36015,2.19353,2.19847,2.19551,2.19781,2.19583,1.02823,1.02790,1.02856,1.02724,1.02626,-47.78190,-3474.00000
3.34700,3.35127,3.34733,3.34897,3.34765,2.19847,2.19222,2.19518,2.19748,2.19978,1.03481,1.02856,1.02790,1.02889,1.03185,-47.78190,-3473.00000
3.35226,3.35292,3.35357,3.35884,3.35160,2.19781,2.19978,2.19518,2.19682,2.19847,1.02922,1.03086,1.02889,1.02922,1.02955,-47.02713,-3472.00000
3.34601,3.35489,3.34963,3.35851,3.35588,2.20044,2.19551,2.20176,2.19715,2.19715,1.03152,1.02560,1.02757,1.02955,1.03020,-47.02713,-3471.00000
3.35621,3.34733,3.35061,3.35193,3.35193,2.19682,2.20011,2.19682,2.19945,2.19682,1.02724,1.03053,1.02461,1.02823,1.02856,-48.31431,-3470.00000
3.35950,3.35029,3.34535,3.34700,3.34996,2.20241,2.20208,2.19452,2.19485,2.19485,1.03086,1.03251,1.02856,1.02889,1.02988,-48.31431,-3469.00000
3.34700,3.35094,3.35686,3.35884,3.35357,2.19649,2.19551,2.19682,2.19386,2.20044,1.03053,1.02856,1.02889,1.03251,1.03020,-48.54255,-3468.00000
3.34963,3.34798,3.35292,3.34765,3.34963,2.19649,2.19912,2.19649,2.19781,2.19123,1.02823,1.03284,1.03119,1.02922,1.03349,-48.54255,-3467.00000
3.35522,3.35621,3.35357,3.34930,3.35621,2.19781,2.19814,2.19814,2.19649,2.19616,1.03119,1.03284,1.03086,1.03020,1.03251,-48.96163,-3466.00000
3.35127,3.35884,3.35226,3.34831,3.35489,2.19748,2.19485,2.19814,2.20077,2.20011,1.03218,1.03349,1.03053,1.03382,1.03053,-48.96163,-3465.00000
3.35325,3.35061,3.35686,3.35588,3.35719,2.19320,2.20077,2.19715,2.19748,2.19682,1.03119,1.03382,1.03284,1.03119,1.03481,-49.52423,-3464.00000
3.35160,3.35029,3.35818,3.35061,3.34996,2.19616,2.19551,2.19945,2.19814,2.19847,1.03316,1.03415,1.03382,1.03382,1.03284,-49.52423,-3463.00000
3.35325,3.35390,3.35061,3.34963,3.34963,2.19649,2.19419,2.19880,2.19682,2.19912,1.02922,1.02988,1.03711,1.03678,1.03349,-49.65189,-3462.00000
3.34667,3.35423,3.34798,3.36048,3.35226,2.19616,2.19649,2.19847,2.19781,2.19978,1.03284,1.03152,1.03382,1.03514,1.03086,-49.65189,-3461.00000
3.35719,3.35423,3.35226,3.35127,3.35489,2.19649,2.19518,2.19287,2.19551,2.19912,1.03547,1.03481,1.03580,1.03382,1.03251,-50.11624,-3460.00000
3.35489,3.35390,3.35127,3.35456,3.34996,2.19255,2.19748,2.19649,2.19945,2.19485,1.03284,1.03316,1.03119,1.03086,1.03020,-50.11624,-3459.00000
3.36048,3.34634,3.35621,3.35160,3.35259,2.19748,2.19945,2.19912,2.19748,2.19518,1.03316,1.02790,1.03349,1.02790,1.03251,-50.12795,-3458.00000
3.35160,3.35061,3.35456,3.35029,3.35094,2.20307,2.19649,2.19880,2.19583,2.19485,1.03349,1.02988,1.03481,1.03481,1.03580,-50.12795,-3457.00000
3.35357,3.35357,3.35785,3.35357,3.35029,2.19551,2.19781,2.19847,2.19583,2.19485,1.02988,1.03415,1.03514,1.03349,1.03316,-50.12924,-3456.00000
3.35522,3.35686,3.35357,3.35489,3.35653,2.19583,2.19880,2.19485,2.19814,2.20044,1.02757,1.03053,1.03382,1.03185,1.03448,-50.12924,-3455.00000
3.35193,3.34963,3.35325,3.35390,3.35160,2.19682,2.19649,2.19880,2.19814,2.19945,1.03382,1.03185,1.03349,1.03284,1.02823,-50.58095,-3454.00000
3.35325,3.35292,3.35094,3.36015,3.35917,2.19320,2.20077,2.20011,2.19814,2.20176,1.02823,1.02988,1.03382,1.03580,1.03415,-50.26360,-3453.00000
3.35390,3.34996,3.35785,3.35325,3.35555,2.19880,2.19912,2.20044,2.19880,2.19748,1.03152,1.02922,1.02988,1.03020,1.03580,-50.26360,-3452.00000
3.35884,3.35127,3.35357,3.35094,3.36114,2.20044,2.19583,2.19649,2.19880,2.19551,1.03284,1.03185,1.03251,1.03284,1.03185,-50.26360,-3451.00000
3.35752,3.35884,3.35357,3.34963,3.35061,2.19912,2.19748,2.19781,2.19978,2.19814,1.03185,1.02922,1.03053,1.03284,1.03284,-50.78772,-3450.00000
3.35292,3.35259,3.35390,3.35357,3.36114,2.19814,2.20208,2.20373,2.20208,2.19682,1.03284,1.03284,1.03251,1.02988,1.02889,-50.78772,-3449.00000
3.36081,3.35719,3.35950,3.35522,3.34963,2.19781,2.19715,2.19485,2.19880,2.20044,1.03284,1.03251,1.03185,1.03448,1.03284,-51.37964,-3448.00000
3.35588,3.35522,3.35752,3.35423,3.35522,2.19452,2.20077,2.19880,2.19880,2.19912,1.03020,1.03349,1.03119,1.03185,1.03251,-51.37964,-3447.00000
3.35226,3.35851,3.35621,3.35719,3.35621,2.19847,2.19978,2.19386,2.19551,2.19880,1.02790,1.03382,1.03053,1.02922,1.03382,-51.24528,-3446.00000
3.35489,3.35686,3.35653,3.36015,3.35522,2.19978,2.19649,2.20176,2.20077,2.20274,1.03086,1.03284,1.03415,1.03119,1.03218,-51.24528,-3445.00000
3.35752,3.35555,3.36246,3.35653,3.35621,2.19452,2.20011,2.20208,2.19715,2.19945,1.03284,1.03645,1.03316,1.03251,1.03251,-51.41124,-3444.00000
3.34963,3.35851,3.35325,3.35686,3.35226,2.19847,2.19814,2.20143,2.19682,2.20110,1.03316,1.03284,1.02724,1.03086,1.03086,-51.41124,-3443.00000
3.35588,3.35686,3.35555,3.35950,3.35785,2.19616,2.19978,2.19551,2.19781,2.20044,1.03086,1.02889,1.03185,1.03119,1.02626,-51.31029,-3442.00000
3.35522,3.35555,3.35653,3.35456,3.35686,2.19945,2.19814,2.20011,2.19945,2.20307,1.03020,1.03218,1.03382,1.03086,1.03119,-51.31029,-3441.00000
3.35423,3.35917,3.35818,3.35522,3.36081,2.19847,2.20077,2.20307,2.19847,2.19945,1.02955,1.03152,1.03481,1.03941,1.02790,-51.42691,-3440.00000
3.35555,3.36180,3.35851,3.35785,3.35851,2.20044,2.19880,2.20110,2.19880,2.20011,1.03185,1.02955,1.03349,1.03284,1.03284,-51.42691,-3439.00000
3.35489,3.35489,3.35653,3.35884,3.35752,2.19880,2.19715,2.19978,2.20176,2.19978,1.03251,1.03119,1.03284,1.03284,1.03349,-51.19542,-3438.00000
3.35555,3.35982,3.35588,3.35357,3.35325,2.19715,2.20077,2.19090,2.19715,2.19748,1.03218,1.03152,1.03218,1.03119,1.03119,-51.19542,-3437.00000
3.35522,3.35555,3.35456,3.35785,3.35390,2.20011,2.19945,2.19452,2.20011,2.19715,1.03119,1.03349,1.03580,1.03481,1.03086,-51.35521,-3436.00000
3.34963,3.35522,3.35653,3.35193,3.35489,2.20044,2.20208,2.20208,2.19485,2.19748,1.03218,1.03053,1.03251,1.03514,1.03448,-51.35521,-3435.00000
3.35588,3.35522,3.35226,3.35818,3.35555,2.20636,2.19748,2.19649,2.19912,2.19682,1.03251,1.03251,1.03251,1.02889,1.03284,-51.16552,-3434.00000
3.35851,3.35522,3.35489,3.35357,3.35653,2.19814,2.19616,2.19945,2.19649,2.19715,1.03448,1.03251,1.03514,1.03415,1.03251,-51.16552,-3433.00000
3.35522,3.35292,3.35818,3.35917,3.35686,2.20406,2.20274,2.19847,2.19485,2.19880,1.03349,1.03876,1.03316,1.03382,1.03053,-51.08626,-3432.00000
3.36081,3.35653,3.35818,3.35061,3.35259,2.19649,2.20044,2.19649,2.19485,2.19748,1.03053,1.03481,1.03218,1.03020,1.03678,-51.08626,-3431.00000
3.35029,3.36015,3.35489,3.36311,3.35357,2.19978,2.20176,2.19748,2.19583,2.20307,1.03316,1.03514,1.03481,1.03053,1.03053,-50.58583,-3430.00000
3.35555,3.35950,3.35555,3.35917,3.35357,2.19978,2.20143,2.19978,2.19485,2.20241,1.03152,1.02889,1.03580,1.03316,1.02988,-50.58583,-3429.00000
3.35884,3.35522,3.35390,3.35752,3.35917,2.19748,2.20176,2.20439,2.19945,2.19551,1.02988,1.03382,1.03251,1.03448,1.03020,-50.69980,-3428.00000
3.36311,3.36180,3.35653,3.36114,3.35719,2.20472,2.19945,2.20143,2.20143,2.19978,1.03020,1.03020,1.03349,1.03415,1.02889,-50.69980,-3427.00000
3.35818,3.35621,3.35818,3.35851,3.35357,2.19880,2.19551,2.19715,2.20472,2.19978,1.03645,1.03284,1.03251,1.03119,1.03382,-51.59446,-3426.00000
3.35325,3.35752,3.36147,3.35588,3.35917,2.19682,2.20077,2.20241,2.19847,2.19781,1.03086,1.03415,1.03316,1.03251,1.03580,-51.59446,-3425.00000
3.35917,3.35785,3.35818,3.35719,3.35686,2.20340,2.19682,2.19978,2.20307,2.20143,1.03316,1.03678,1.03481,1.03481,1.03580,-51.41616,-3424.00000
3.36114,3.36278,3.35719,3.36213,3.36114,2.19847,2.19551,2.19649,2.19715,2.19978,1.03481,1.03251,1.03316,1.03316,1.03349,-51.41616,-3423.00000
3.35653,3.36015,3.35917,3.35621,3.35588,2.19452,2.20110,2.19978,2.20143,2.20044,1.03316,1.03612,1.03218,1.03481,1.03448,-51.34124,-3422.00000
3.35752,3.35950,3.35621,3.35851,3.35588,2.19880,2.19978,2.19748,2.20143,2.19748,1.03843,1.03547,1.03645,1.03448,1.03514,-51.34124,-3421.00000
3.35653,3.36147,3.35588,3.35917,3.35719,2.20143,2.20208,2.19682,2.20143,2.20274,1.03251,1.03547,1.03316,1.03284,1.03185,-50.97229,-3420.00000
3.36048,3.35653,3.35686,3.35719,3.35851,2.19880,2.19880,2.19748,2.19419,2.20208,1.03514,1.03382,1.03086,1.03316,1.03349,-50.97229,-3419.00000
3.35785,3.35982,3.36509,3.35160,3.35950,2.19814,2.20307,2.20537,2.19616,2.19649,1.03185,1.03580,1.03349,1.03185,1.03119,-50.87931,-3418.00000
3.35752,3.36114,3.35423,3.36015,3.36015,2.19945,2.19912,2.19485,2.19978,2.20077,1.02856,1.03448,1.03218,1.03349,1.03645,-50.97358,-3417.00000
3.35325,3.35785,3.36015,3.36048,3.35621,2.19715,2.19485,2.20077,2.19847,2.20208,1.03185,1.03481,1.03218,1.03316,1.03415,-50.97358,-3416.00000
3.36048,3.35785,3.36147,3.35884,3.35390,2.20143,2.20176,2.20340,2.19649,2.20143,1.03448,1.03218,1.03711,1.03185,1.03251,-50.97358,-3415.00000
3.35982,3.35752,3.35752,3.36344,3.35719,2.20077,2.19847,2.19583,2.19551,2.20143,1.03382,1.03547,1.03119,1.03382,1.03777,-50.62301,-3414.00000
3.35785,3.36311,3.35884,3.36015,3.36278,2.20406,2.19715,2.20176,2.20208,2.20208,1.02922,1.03645,1.03514,1.03580,1.03218,-50.62301,-3413.00000
3.35653,3.35818,3.35917,3.36015,3.35357,2.19945,2.20110,2.20011,2.20241,2.19945,1.03251,1.03349,1.03218,1.03119,1.03645,-50.97361,-3412.00000
3.35588,3.35982,3.35917,3.35785,3.36081,2.20307,2.20241,2.20110,2.20110,2.20406,1.03349,1.03185,1.03481,1.03316,1.03415,-50.97361,-3411.00000
3.35851,3.35719,3.35489,3.36509,3.35917,2.19880,2.19781,2.19781,2.20307,2.20176,1.03612,1.03185,1.03612,1.03448,1.03547,-51.35545,-3410.00000
3.35686,3.35588,3.36246,3.35785,3.36147,2.19978,2.19945,2.20504,2.19978,2.20110,1.03284,1.03152,1.03678,1.03349,1.03152,-51.35545,-3409.00000
3.36081,3.35719,3.35555,3.36213,3.35785,2.19912,2.20570,2.20110,2.19748,2.20208,1.03547,1.03382,1.03580,1.03284,1.03349,-51.65722,-3408.00000
3.36377,3.35752,3.35423,3.35621,3.35686,2.19945,2.20176,2.19715,2.20044,2.20077,1.03382,1.03678,1.03514,1.03152,1.03316,-51.65722,-3407.00000
3.36180,3.36410,3.35917,3.35752,3.35950,2.20176,2.19814,2.19847,2.20932,2.20373,1.03382,1.03514,1.03744,1.03316,1.03481,-51.43359,-3406.00000
3.36081,3.36213,3.36246,3.35851,3.36246,2.19847,2.20044,2.20241,2.20011,2.20406,1.03152,1.03349,1.03053,1.03251,1.03612,-51.43359,-3405.00000
3.36278,3.35555,3.36114,3.35917,3.36344,2.20373,2.19912,2.20011,2.19847,2.20208,1.03415,1.03448,1.03580,1.03316,1.03382,-51.95670,-3404.00000
3.35752,3.35950,3.35489,3.35851,3.36246,2.20077,2.20110,2.19945,2.19847,2.19978,1.03876,1.03514,1.03941,1.03152,1.03284,-51.95670,-3403.00000
3.35555,3.36015,3.36081,3.35950,3.35818,2.19847,2.20176,2.19880,2.19814,2.20011,1.03580,1.03547,1.03711,1.03547,1.03481,-51.81228,-3402.00000
3.35950,3.35851,3.36344,3.35982,3.36542,2.19419,2.19978,2.20504,2.20735,2.20406,1.03284,1.03514,1.03086,1.03448,1.03284,-51.81228,-3401.00000
3.36081,3.35950,3.36377,3.35456,3.36213,2.19945,2.19978,2.19682,2.19847,2.19978,1.03612,1.03316,1.03349,1.03218,1.03349,-52.02199,-3400.00000
3.35851,3.35785,3.35818,3.35621,3.35884,2.19715,2.19847,2.20110,2.20899,2.20143,1.03711,1.03316,1.03316,1.03448,1.03777,-52.02199,-3399.00000
3.36246,3.36476,3.35588,3.35785,3.35686,2.20340,2.19649,2.20504,2.20044,2.19978,1.03415,1.03415,1.03481,1.03645,1.03119,-52.15528,-3398.00000
3.36410,3.35357,3.36180,3.35456,3.35588,2.19682,2.20110,2.19781,2.19880,2.19814,1.03316,1.03251,1.03251,1.03119,1.03382,-52.15528,-3397.00000
3.36278,3.35686,3.35851,3.35950,3.35292,2.19649,2.19945,2.19978,2.19847,2.19715,1.03218,1.03382,1.03251,1.03349,1.03119,-51.96420,-3396.00000
3.35884,3.35917,3.35950,3.35982,3.35851,2.20110,2.19880,2.20208,2.19682,2.20044,1.03185,1.03316,1.03185,1.03251,1.03020,-51.96420,-3395.00000
3.35686,3.35851,3.36081,3.36081,3.35752,2.20504,2.20504,2.20077,2.19814,2.20373,1.03580,1.03185,1.03284,1.03481,1.03580,-51.89378,-3394.00000
3.36015,3.35950,3.35653,3.35588,3.36147,2.20176,2.20241,2.19616,2.20340,2.20044,1.03382,1.03645,1.03185,1.03251,1.02922,-51.89378,-3393.00000
3.36114,3.36311,3.35950,3.36114,3.35917,2.20340,2.19616,2.20077,2.20208,2.19978,1.03218,1.03284,1.03086,1.03053,1.03251,-51.61571,-3392.00000
3.35950,3.35884,3.36147,3.35785,3.36246,2.20077,2.19715,2.20636,2.19978,2.19978,1.03152,1.03415,1.03218,1.03382,1.03185,-51.61571,-3391.00000
3.35653,3.36246,3.35950,3.35423,3.35555,2.19814,2.19649,2.20110,2.19386,2.20241,1.03284,1.03580,1.03284,1.03119,1.03119,-51.35546,-3390.00000
3.36081,3.36246,3.36311,3.35390,3.36311,2.19847,2.19616,2.20110,2.19945,2.20176,1.02889,1.03349,1.03514,1.03448,1.03382,-51.35546,-3389.00000
3.35588,3.35818,3.35982,3.35325,3.36410,2.19682,2.20077,2.19978,2.20176,2.19847,1.03481,1.03481,1.03218,1.03349,1.03316,-51.11034,-3388.00000
3.35785,3.35325,3.36213,3.35884,3.35456,2.20110,2.19682,2.20307,2.20143,2.20044,1.03185,1.03119,1.03316,1.03448,1.02988,-51.11621,-3387.00000
3.36673,3.35884,3.35851,3.35292,3.35851,2.20274,2.20077,2.20044,2.19682,2.19419,1.03349,1.03119,1.03316,1.03415,1.03218,-51.11621,-3386.00000
3.36015,3.35588,3.35719,3.35851,3.36410,2.19814,2.20208,2.19814,2.20044,2.19847,1.03152,1.03382,1.03415,1.03119,1.03053,-51.11621,-3385.00000
3.35851,3.35752,3.35851,3.35950,3.35719,2.20077,2.20044,2.20406,2.19978,2.20110,1.03744,1.02988,1.02889,1.03185,1.03086,-51.58398,-3384.00000
3.35325,3.35851,3.35982,3.36147,3.35719,2.19945,2.19912,2.19978,2.20472,2.19978,1.03185,1.03481,1.03086,1.02955,1.03152,-51.58398,-3383.00000
3.35982,3.36147,3.36180,3.35555,3.35851,2.20307,2.20077,2.19748,2.20011,2.20077,1.03448,1.03251,1.03053,1.03284,1.03382,-51.65983,-3382.00000
3.36081,3.36048,3.36048,3.36213,3.35752,2.20110,2.20307,2.19649,2.20274,2.20044,1.03448,1.03284,1.02889,1.02922,1.02988,-51.65983,-3381.00000
3.35785,3.35950,3.36180,3.35818,3.36246,2.19814,2.20077,2.19715,2.20570,2.20208,1.02955,1.03481,1.03316,1.03218,1.03448,-51.48904,-3380.00000
3.36443,3.35752,3.36048,3.36640,3.35982,2.20176,2.20340,2.20044,2.20373,2.20044,1.02922,1.03020,1.03218,1.03020,1.02988,-51.87974,-3379.00000
3.36147,3.35719,3.35752,3.36574,3.36607,2.19880,2.20274,2.20274,2.20932,2.20011,1.03284,1.03349,1.03119,1.03316,1.03119,-51.87974,-3378.00000
3.36476,3.36607,3.36311,3.36410,3.36640,2.20208,2.20077,2.19649,2.20241,2.19880,1.02889,1.03415,1.03185,1.03316,1.03020,-51.87974,-3377.00000
3.35522,3.36213,3.36476,3.35851,3.37232,2.20044,2.20472,2.20241,2.20406,2.20340,1.02790,1.02922,1.03185,1.03415,1.03382,-51.54124,-3376.00000
3.35917,3.35950,3.35950,3.36706,3.36114,2.20110,2.20307,2.20340,2.20307,2.20340,1.03251,1.02922,1.03185,1.03481,1.03053,-51.54124,-3375.00000
3.36542,3.36081,3.36410,3.35423,3.36180,2.20570,2.19814,2.20241,2.20439,2.20143,1.03185,1.03382,1.03020,1.03678,1.03152,-51.32860,-3374.00000
3.35818,3.36213,3.36015,3.36706,3.35686,2.19880,2.19912,2.20143,2.20570,2.19814,1.02889,1.02757,1.03251,1.03020,1.03218,-51.32860,-3373.00000
3.35653,3.36048,3.36213,3.36180,3.36377,2.19814,2.19748,2.19748,2.20274,2.20439,1.02988,1.03152,1.03185,1.03481,1.03284,-51.57584,-3372.00000
3.36542,3.35818,3.36213,3.35950,3.35982,2.19715,2.19814,2.20373,2.20077,2.20077,1.03251,1.03119,1.03020,1.02922,1.02889,-51.57584,-3371.00000
3.36081,3.36015,3.36278,3.36015,3.35950,2.20208,2.20110,2.20077,2.20340,2.19847,1.03349,1.02922,1.03152,1.03152,1.02955,-51.84971,-3370.00000
3.36180,3.35588,3.36114,3.35884,3.35884,2.19583,2.19945,2.19912,2.19649,2.20110,1.03086,1.03119,1.03086,1.03020,1.03152,-51.84971,-3369.00000
3.35982,3.36015,3.35785,3.35818,3.35752,2.19945,2.20472,2.19847,2.20340,2.20011,1.03514,1.03284,1.03316,1.03152,1.02823,-51.86791,-3368.00000
3.36311,3.36278,3.35818,3.36048,3.36410,2.19945,2.20110,2.20077,2.20373,2.19320,1.03349,1.02955,1.02659,1.02955,1.03316,-51.86791,-3367.00000
3.36410,3.36246,3.35653,3.36180,3.35950,2.20011,2.19847,2.19814,2.20077,2.19945,1.03349,1.02988,1.03185,1.03349,1.03020,-51.02717,-3366.00000
3.35686,3.36048,3.35686,3.35884,3.36476,2.20143,2.19649,2.19945,2.19847,2.20143,1.02922,1.03086,1.03053,1.03185,1.03382,-51.02717,-3365.00000
3.36048,3.36048,3.35884,3.36344,3.35950,2.19945,2.20176,2.20340,2.19880,2.20077,1.02823,1.03020,1.03053,1.02988,1.02823,-50.92892,-3364.00000
3.36147,3.35686,3.36213,3.35851,3.36410,2.19945,2.20208,2.19583,2.19912,2.20044,1.02922,1.03152,1.02955,1.02955,1.03086,-50.92892,-3363.00000
3.36213,3.35851,3.36542,3.35982,3.35686,2.19945,2.19781,2.19912,2.19814,2.20208,1.03119,1.03284,1.03185,1.03218,1.02955,-50.93829,-3362.00000
3.36015,3.35917,3.35982,3.36246,3.36410,2.19847,2.19912,2.20143,2.20077,2.20143,1.03415,1.02922,1.03514,1.03612,1.02988,-50.93829,-3361.00000
3.35917,3.35851,3.36410,3.35423,3.36476,2.19814,2.19583,2.20373,2.20176,2.20208,1.03086,1.03053,1.03251,1.03251,1.02988,-51.08126,-3360.00000
3.36048,3.35653,3.36377,3.35719,3.35588,2.20110,2.20307,2.19847,2.19978,2.19814,1.03185,1.03152,1.03415,1.03251,1.03316,-50.76804,-3359.00000
3.36015,3.35917,3.35456,3.35621,3.35851,2.20176,2.19978,2.20077,2.19978,2.20439,1.02889,1.03185,1.03218,1.03251,1.02922,-50.76804,-3358.00000
3.36048,3.36015,3.35884,3.36213,3.36048,2.20274,2.20373,2.19715,2.20274,2.19945,1.03185,1.03152,1.03119,1.02823,1.03481,-50.76804,-3357.00000
3.35555,3.35555,3.36147,3.35555,3.35818,2.20472,2.20208,2.19847,2.19945,2.19518,1.03086,1.02856,1.03053,1.03284,1.03185,-51.27374,-3356.00000
3.35686,3.35884,3.35160,3.36311,3.35653,2.20011,2.19682,2.19452,2.19715,2.19649,1.03316,1.03218,1.03185,1.03152,1.03284,-51.27374,-3355.00000
3.35653,3.36048,3.36344,3.35292,3.36213,2.19978,2.19978,2.19847,2.19945,2.20044,1.03284,1.03218,1.02790,1.03119,1.03053,-51.24467,-3354.00000
3.36081,3.35785,3.36048,3.36114,3.35917,2.19912,2.20307,2.19814,2.20176,2.19978,1.03284,1.03284,1.03185,1.02988,1.03382,-51.24467,-3353.00000
3.35686,3.36048,3.36574,3.36081,3.35686,2.20504,2.20274,2.20504,2.20307,2.20307,1.03514,1.03152,1.03218,1.02922,1.03053,-51.33108,-3352.00000
3.36114,3.36180,3.36278,3.35917,3.36377,2.20011,2.20110,2.19912,2.20143,2.19781,1.02922,1.03251,1.03053,1.03251,1.03218,-51.33108,-3351.00000
3.36114,3.36213,3.35917,3.36443,3.36015,2.19781,2.19978,2.20406,2.20439,2.20274,1.03086,1.03349,1.03382,1.03020,1.03349,-50.92808,-3350.00000
3.36640,3.36147,3.35982,3.35785,3.36081,2.20406,2.20439,2.19781,2.20241,2.20208,1.03580,1.03218,1.03119,1.03119,1.03152,-50.92808,-3349.00000
3.36180,3.35160,3.36443,3.35982,3.36870,2.20011,2.20636,2.20110,2.20176,2.19682,1.03185,1.03152,1.03349,1.02856,1.02889,-51.01260,-3348.00000
3.36673,3.36147,3.36246,3.36147,3.36311,2.20208,2.20307,2.20208,2.20143,2.20110,1.02889,1.02988,1.03119,1.02856,1.03119,-51.01260,-3347.00000
3.36772,3.36081,3.36246,3.36344,3.36311,2.20307,2.20143,2.19978,2.20077,2.20472,1.03086,1.03185,1.02692,1.02790,1.03218,-51.15358,-3346.00000
3.36081,3.36311,3.36607,3.36607,3.36246,2.20274,2.20110,2.20504,2.20077,2.20208,1.03415,1.03086,1.02856,1.03119,1.03382,-51.15358,-3345.00000
3.36969,3.36476,3.36673,3.36574,3.36542,2.20044,2.20241,2.20439,2.20241,2.20307,1.03053,1.02790,1.03053,1.03185,1.03152,-51.04086,-3344.00000
3.36081,3.36640,3.36246,3.36278,3.36410,2.20340,2.20373,2.20406,2.20504,2.20241,1.02922,1.03218,1.03218,1.03086,1.03020,-51.04086,-3343.00000
3.36673,3.35785,3.36936,3.36114,3.36180,2.20603,2.20373,2.20669,2.19978,2.20702,1.02790,1.03382,1.02955,1.03185,1.03448,-51.04384,-3342.00000
3.36640,3.36213,3.36476,3.36476,3.36278,2.20011,2.21031,2.20307,2.20932,2.19978,1.02955,1.03086,1.03086,1.03251,1.02955,-51.04384,-3341.00000
3.36147,3.36311,3.36574,3.36476,3.36936,2.20537,2.20406,2.20439,2.20274,2.20570,1.02889,1.03251,1.03185,1.03218,1.03119,-50.98724,-3340.00000
3.36607,3.36509,3.35950,3.36870,3.36870,2.20735,2.20011,2.20636,2.20044,2.20504,1.03481,1.02856,1.03349,1.02988,1.03481,-50.98724,-3339.00000
3.36574,3.36114,3.36278,3.36607,3.36476,2.20735,2.20274,2.20176,2.20439,2.20340,1.03218,1.03053,1.03086,1.03251,1.03053,-50.90067,-3338.00000
3.36278,3.36542,3.36870,3.36542,3.36640,2.20570,2.20439,2.20735,2.20537,2.20439,1.03119,1.03612,1.03218,1.02955,1.03415,-50.90067,-3337.00000
3.36114,3.36180,3.36838,3.36377,3.36278,2.19945,2.20011,2.20373,2.20274,2.19978,1.03152,1.03251,1.02790,1.03218,1.02856,-51.13593,-3336.00000
3.36640,3.36311,3.36640,3.36903,3.37002,2.20439,2.20143,2.20208,2.20735,2.20472,1.03218,1.03020,1.03349,1.02988,1.03152,-51.13593,-3335.00000
3.36114,3.36673,3.36739,3.36443,3.36838,2.20241,2.20340,2.20406,2.20176,2.20735,1.03152,1.02823,1.02922,1.02856,1.03152,-51.13326,-3334.00000
3.36410,3.36278,3.36344,3.36114,3.36640,2.20504,2.20932,2.20208,2.20373,2.20472,1.03251,1.03086,1.03053,1.02988,1.03481,-51.13326,-3333.00000
3.36344,3.36509,3.36542,3.36213,3.36246,2.20406,2.20472,2.20636,2.20044,2.20110,1.02955,1.03053,1.03119,1.03448,1.02889,-51.11846,-3332.00000
3.36936,3.35982,3.37101,3.35917,3.36410,2.20439,2.20537,2.20077,2.19978,2.20373,1.03382,1.02955,1.02790,1.03349,1.03119,-51.11846,-3331.00000
3.36542,3.36213,3.36180,3.36311,3.36410,2.20011,2.20011,2.20768,2.20307,2.20307,1.03251,1.02955,1.02922,1.03448,1.03119,-51.28926,-3330.00000
3.36278,3.36476,3.35489,3.36278,3.36147,2.19847,2.20669,2.20077,2.19781,2.19781,1.03152,1.03218,1.03349,1.03218,1.03251,-51.28926,-3329.00000
3.36213,3.36706,3.36048,3.36542,3.36377,2.20011,2.20340,2.20636,2.20176,2.20307,1.03053,1.03152,1.03481,1.03053,1.02889,-51.11341,-3328.00000
3.36377,3.36509,3.36542,3.36739,3.36476,2.20241,2.20439,2.20274,2.20044,2.20636,1.02988,1.03251,1.02988,1.02988,1.03382,-51.14755,-3327.00000
3.36772,3.36344,3.36344,3.36180,3.36443,2.20636,2.20603,2.20307,2.20176,2.20340,1.03251,1.03119,1.03284,1.03020,1.03020,-51.14755,-3326.00000
3.36410,3.36015,3.36344,3.36344,3.36443,2.20274,2.20110,2.20044,2.19945,2.19880,1.03053,1.03218,1.03152,1.03218,1.03086,-51.14755,-3325.00000
3.36739,3.35785,3.36574,3.36311,3.36246,2.20274,2.20307,2.20439,2.20143,2.20274,1.03152,1.02692,1.03185,1.03218,1.02889,-51.29238,-3324.00000
3.36015,3.36377,3.35851,3.36114,3.36278,2.20340,2.20800,2.20241,2.19912,2.19715,1.03382,1.02988,1.02790,1.03382,1.02988,-51.29238,-3323.00000
3.36509,3.35884,3.35884,3.36048,3.36278,2.20044,2.20241,2.19945,2.19748,2.19715,1.03514,1.02988,1.03053,1.02988,1.03284,-50.91530,-3322.00000
3.36147,3.35950,3.36114,3.35884,3.35917,2.20340,2.19912,2.19616,2.20241,2.19945,1.02988,1.03185,1.02626,1.03349,1.03053,-50.91530,-3321.00000
3.35686,3.36081,3.35489,3.36180,3.36410,2.20077,2.20176,2.20504,2.20603,2.20044,1.02955,1.03218,1.03218,1.02856,1.03086,-50.88526,-3320.00000
3.36114,3.36048,3.35588,3.36509,3.36311,2.20077,2.20208,2.20077,2.19978,2.19978,1.03152,1.03152,1.03284,1.03382,1.03284,-50.88526,-3319.00000
3.36048,3.35982,3.35588,3.36081,3.36114,2.20011,2.19880,2.19748,2.20044,2.20373,1.03020,1.02889,1.03415,1.02955,1.03415,-50.67318,-3318.00000
3.36213,3.35982,3.36048,3.36344,3.36081,2.19649,2.19452,2.19880,2.19748,2.20011,1.03284,1.03251,1.03185,1.03086,1.02593,-50.67318,-3317.00000
3.36114,3.35950,3.36213,3.35555,3.35851,2.19616,2.19814,2.20143,2.19912,2.19978,1.03053,1.03086,1.03185,1.03119,1.03251,-50.49436,-3316.00000
3.36180,3.35653,3.36574,3.36476,3.36772,2.20340,2.20504,2.19781,2.20274,2.20208,1.03218,1.03612,1.03053,1.03481,1.03251,-50.78205,-3315.00000
3.36344,3.36377,3.36015,3.36278,3.36081,2.20208,2.20143,2.20241,2.20241,2.20373,1.02856,1.03053,1.03251,1.02988,1.02889,-50.78205,-3314.00000
3.36673,3.35719,3.35818,3.36772,3.36344,2.20241,2.19748,2.20307,2.20307,2.20143,1.03053,1.03218,1.03481,1.02988,1.03152,-50.78205,-3313.00000
3.36607,3.36542,3.36706,3.35851,3.36344,2.20044,2.20373,2.19945,2.20241,2.20307,1.03284,1.03349,1.03284,1.02757,1.03020,-50.80945,-3312.00000
3.36246,3.36213,3.36607,3.36542,3.36574,2.20537,2.20241,2.20537,2.20307,2.20044,1.03152,1.03053,1.03316,1.03053,1.03448,-50.80945,-3311.00000
3.36410,3.36739,3.36838,3.36081,3.36278,2.20439,2.20241,2.19978,2.20800,2.20044,1.03251,1.03284,1.03185,1.02955,1.03678,-50.83423,-3310.00000
3.35719,3.36476,3.36838,3.36476,3.36180,2.20110,2.20143,2.20011,2.20274,2.20077,1.03119,1.03645,1.03053,1.02955,1.02988,-50.83423,-3309.00000
3.36574,3.36147,3.36574,3.36213,3.36048,2.20636,2.20077,2.20439,2.19682,2.20603,1.03053,1.02889,1.02856,1.03020,1.02955,-50.96957,-3308.00000
3.36311,3.36180,3.36476,3.36344,3.36673,2.20373,2.20537,2.20176,2.20176,2.20537,1.03415,1.03349,1.03251,1.02988,1.03218,-50.96957,-3307.00000
3.36476,3.36344,3.37002,3.36246,3.36180,2.20603,2.20669,2.20570,2.20636,2.20373,1.03612,1.03382,1.03316,1.03284,1.03251,-50.95725,-3306.00000
3.37002,3.35982,3.36706,3.37002,3.36180,2.20077,2.20570,2.20603,2.20439,2.20274,1.02955,1.03218,1.02922,1.03119,1.03382,-50.95725,-3305.00000
3.36377,3.36640,3.36542,3.35884,3.36542,2.20340,2.20176,2.20274,2.20406,2.20636,1.03251,1.03185,1.03152,1.03284,1.03382,-50.71304,-3304.00000
3.36607,3.36344,3.36542,3.36607,3.36673,2.20472,2.20373,2.20636,2.20176,2.19748,1.03349,1.03251,1.03086,1.03349,1.03349,-50.71304,-3303.00000
3.36344,3.37265,3.36443,3.35719,3.36213,2.20044,2.20241,2.20603,2.20537,2.20702,1.03382,1.03349,1.02988,1.02988,1.02988,-50.76670,-3302.00000
3.36574,3.35851,3.36048,3.36772,3.36574,2.20241,2.20702,2.20669,2.20603,2.20603,1.03053,1.03053,1.03382,1.03612,1.03185,-50.76670,-3301.00000
3.36805,3.36311,3.36509,3.36410,3.36311,2.20472,2.20208,2.20439,2.20011,2.20307,1.03251,1.03053,1.03349,1.03251,1.03053,-50.89362,-3300.00000
3.36805,3.36443,3.36936,3.36377,3.36410,2.20110,2.20340,2.19880,2.20472,2.20274,1.03185,1.02922,1.03349,1.03284,1.03152,-50.89362,-3299.00000
3.36311,3.36772,3.35982,3.37002,3.36838,2.20636,2.20472,2.20833,2.20439,2.20340,1.03415,1.02988,1.03053,1.03218,1.03316,-51.02218,-3298.00000
3.36542,3.36048,3.35917,3.36246,3.36147,2.20143,2.20307,2.20274,2.20504,2.20077,1.03053,1.03284,1.03086,1.03218,1.02922,-51.02218,-3297.00000
3.36278,3.36574,3.36476,3.36344,3.36377,2.20274,2.19945,2.20176,2.20241,2.20176,1.03316,1.03020,1.03119,1.02988,1.03152,-51.01348,-3296.00000
3.36640,3.36640,3.36607,3.36410,3.36377,2.20307,2.20176,2.20899,2.20472,2.20340,1.03251,1.02889,1.03218,1.03020,1.03316,-51.01348,-3295.00000
3.36476,3.36542,3.36903,3.36673,3.37232,2.20800,2.20208,2.20702,2.20570,2.20603,1.03086,1.03284,1.03251,1.03119,1.03481,-50.99467,-3294.00000
3.36344,3.36805,3.36410,3.36180,3.36344,2.20208,2.20636,2.20537,2.20603,2.20800,1.03119,1.03251,1.03448,1.02955,1.02856,-51.03420,-3293.00000
3.36509,3.36838,3.36706,3.36476,3.36805,2.20537,2.20439,2.20472,2.20340,2.20504,1.02955,1.03316,1.02922,1.03185,1.03284,-51.03420,-3292.00000
3.36213,3.37134,3.36443,3.37134,3.36278,2.20274,2.20504,2.20274,2.20537,2.20274,1.02955,1.03481,1.03612,1.03251,1.03349,-50.86037,-3291.00000
3.36048,3.36673,3.36838,3.36344,3.36607,2.20669,2.20241,2.20143,2.20176,2.20176,1.02922,1.03185,1.03251,1.02955,1.03152,-50.86037,-3290.00000
3.36574,3.36377,3.36443,3.36772,3.36278,2.20669,2.20307,2.20340,2.20406,2.20340,1.02955,1.02988,1.02823,1.02922,1.03284,-50.86037,-3289.00000
3.36574,3.36739,3.37035,3.36377,3.36213,2.20472,2.20241,2.20702,2.20307,2.20208,1.03185,1.03349,1.02922,1.03218,1.03251,-50.91538,-3288.00000
3.36772,3.36509,3.36213,3.35719,3.36180,2.20768,2.20439,2.20340,2.20603,2.20176,1.02922,1.03284,1.02922,1.03316,1.03284,-50.91538,-3287.00000
3.36706,3.36246,3.36739,3.36772,3.36114,2.20504,2.20472,2.20307,2.20077,2.20735,1.02856,1.03251,1.03152,1.03053,1.03316,-50.90322,-3286.00000
3.36509,3.36903,3.36180,3.36706,3.36574,2.20406,2.20406,2.19945,2.20143,2.20406,1.02988,1.03020,1.03020,1.02955,1.03481,-50.90322,-3285.00000
3.36772,3.36180,3.36443,3.36443,3.36081,2.20340,2.20406,2.19715,2.20998,2.20504,1.03251,1.03185,1.03053,1.02922,1.03316,-50.91139,-3284.00000
3.36213,3.36805,3.36443,3.36673,3.36509,2.20636,2.20274,2.20340,2.20176,2.20472,1.03119,1.03316,1.03284,1.03218,1.02922,-50.91139,-3283.00000
3.36739,3.36542,3.36213,3.36936,3.36311,2.20472,2.19748,2.20603,2.20208,2.20077,1.03086,1.03119,1.03086,1.03119,1.03382,-50.81918,-3282.00000
3.36377,3.36114,3.36213,3.36180,3.36213,2.20373,2.20307,2.20472,2.20044,2.19715,1.02955,1.03185,1.03415,1.03547,1.02922,-50.81918,-3281.00000
3.35950,3.36542,3.36311,3.36673,3.35884,2.20439,2.20472,2.20077,2.20077,2.20176,1.03251,1.02922,1.03020,1.03119,1.02889,-51.02301,-3280.00000
3.36114,3.36377,3.36147,3.36607,3.36542,2.20143,2.20176,2.20307,2.20702,2.20077,1.03218,1.02856,1.02823,1.03316,1.03185,-51.02301,-3279.00000
3.36607,3.36048,3.36114,3.36772,3.36410,2.20077,2.19715,2.20439,2.20143,2.20439,1.02988,1.03152,1.03316,1.03086,1.02889,-51.08728,-3278.00000
3.36410,3.36147,3.36574,3.37101,3.36344,2.20504,2.20143,2.20702,2.20307,2.20340,1.03382,1.02922,1.02823,1.02955,1.03053,-51.08728,-3277.00000
3.36410,3.36015,3.36739,3.35851,3.36706,2.20208,2.20208,2.20176,2.20011,2.20439,1.02692,1.03316,1.03218,1.03284,1.03020,-51.34172,-3276.00000
3.36081,3.36509,3.36410,3.36081,3.36706,2.20176,2.20472,2.20110,2.19912,2.19945,1.03284,1.02889,1.03086,1.02856,1.03152,-51.34172,-3275.00000
3.36114,3.36344,3.35621,3.36213,3.36081,2.20274,2.20833,2.20110,2.20274,2.20044,1.02724,1.03053,1.02922,1.02757,1.03284,-51.56830,-3274.00000
3.36180,3.35752,3.36607,3.36542,3.36640,2.20241,2.19945,2.20077,2.20241,2.19847,1.02790,1.02988,1.02461,1.03020,1.02922,-51.56830,-3273.00000
3.36410,3.35785,3.36081,3.36574,3.36673,2.20274,2.20077,2.20406,2.20406,2.19847,1.02955,1.03020,1.03152,1.02823,1.03316,-51.72425,-3272.00000
3.35982,3.36213,3.35950,3.36147,3.36147,2.20537,2.19781,2.20011,2.20044,2.20208,1.03349,1.02988,1.02856,1.03119,1.02790,-51.72425,-3271.00000
3.35653,3.36509,3.36213,3.36246,3.36772,2.20274,2.19847,2.20176,2.20340,2.20570,1.02889,1.03086,1.03086,1.02823,1.02757,-51.38387,-3270.00000
3.36443,3.36640,3.36640,3.35917,3.36278,2.20406,2.20208,2.20274,2.20143,2.20373,1.03448,1.02988,1.02889,1.03119,1.02823,-51.38387,-3269.00000
3.36673,3.36180,3.36180,3.36344,3.35785,2.19715,2.19748,2.20208,2.20077,2.19978,1.03020,1.03218,1.03251,1.03020,1.03218,-50.97304,-3268.00000
3.36246,3.36640,3.36574,3.36607,3.36476,2.20669,2.20011,2.20669,2.19847,2.20143,1.02659,1.03020,1.03185,1.03415,1.02988,-50.52988,-3267.00000
3.36476,3.36410,3.36213,3.36838,3.36706,2.20636,2.20373,2.20208,2.20406,2.20044,1.03251,1.03119,1.03185,1.03349,1.02823,-50.52988,-3266.00000
3.36805,3.36476,3.36443,3.36377,3.36476,2.20636,2.20899,2.20307,2.20274,2.20768,1.03020,1.02988,1.03382,1.02856,1.03086,-50.33535,-3265.00000
3.36673,3.36640,3.36838,3.36180,3.37166,2.19978,2.20439,2.20504,2.20439,2.20899,1.02659,1.03185,1.03152,1.02724,1.02823,-50.33535,-3264.00000
3.36443,3.36509,3.36805,3.36936,3.36311,2.20965,2.20373,2.20932,2.20011,2.20537,1.02560,1.02823,1.03020,1.02988,1.02790,-50.33535,-3263.00000
3.36903,3.36969,3.36574,3.36081,3.36969,2.20603,2.20570,2.20406,2.20472,2.20669,1.02790,1.02724,1.03086,1.03053,1.02626,-50.36191,-3262.00000
3.36114,3.36542,3.36838,3.36278,3.36542,2.20406,2.20833,2.21129,2.20866,2.20768,1.03185,1.03185,1.03185,1.03415,1.02955,-50.36191,-3261.00000
3.37528,3.37035,3.36706,3.36574,3.36542,2.20504,2.20603,2.20044,2.20307,2.20570,1.03020,1.02955,1.02922,1.02560,1.02692,-50.38939,-3260.00000
3.36772,3.36213,3.36838,3.37101,3.36969,2.20669,2.20636,2.20472,2.20537,2.20537,1.03020,1.02856,1.02856,1.02823,1.02724,-50.38939,-3259.00000
3.37594,3.36772,3.37002,3.37002,3.37134,2.20176,2.20636,2.20373,2.20537,2.20537,1.02560,1.02955,1.03119,1.02988,1.02692,-50.24820,-3258.00000
3.37199,3.36640,3.37561,3.36772,3.36772,2.20373,2.20768,2.20669,2.20537,2.20373,1.02988,1.03251,1.03086,1.03020,1.03185,-50.20778,-3257.00000
3.36410,3.37068,3.37002,3.36706,3.36936,2.20669,2.20899,2.20241,2.20570,2.20472,1.02724,1.03349,1.03119,1.02955,1.02659,-50.20778,-3256.00000
3.36607,3.36542,3.36640,3.37298,3.37397,2.20965,2.20702,2.20932,2.20406,2.20472,1.03382,1.03284,1.03316,1.03284,1.02922,-50.20778,-3255.00000
3.36870,3.36739,3.36870,3.36739,3.37989,2.20735,2.20504,2.20340,2.20406,2.20833,1.03020,1.02988,1.02790,1.03086,1.02955,-50.47869,-3254.00000
3.37331,3.37660,3.36673,3.37101,3.37199,2.20669,2.20899,2.20669,2.20965,2.20340,1.03251,1.03185,1.02889,1.03020,1.03119,-50.47869,-3253.00000
3.36969,3.36805,3.36739,3.37331,3.37528,2.21031,2.20768,2.20504,2.20439,2.20636,1.03284,1.02823,1.03218,1.03185,1.03119,-50.24100,-3252.00000
3.36607,3.37166,3.37002,3.37068,3.36574,2.20373,2.20768,2.20768,2.20570,2.20702,1.03185,1.03086,1.03415,1.02988,1.02692,-50.24100,-3251.00000
3.37166,3.37166,3.37134,3.37594,3.37528,2.20800,2.20636,2.20768,2.20998,2.20899,1.03152,1.03251,1.03119,1.03448,1.03284,-50.53664,-3250.00000
3.37430,3.37923,3.37166,3.36870,3.37101,2.20669,2.20570,2.20768,2.20833,2.20965,1.03185,1.03251,1.03218,1.03020,1.03382,-50.53664,-3249.00000
3.37528,3.37199,3.37364,3.36640,3.36936,2.20998,2.21064,2.20735,2.20866,2.21064,1.03152,1.03415,1.02889,1.03119,1.03086,-50.29754,-3248.00000
3.37561,3.37397,3.36969,3.37166,3.37627,2.20768,2.20965,2.20735,2.21228,2.20537,1.03349,1.03514,1.03218,1.03382,1.02856,-50.29754,-3247.00000
3.37068,3.37166,3.37430,3.36969,3.36673,2.20669,2.20965,2.20735,2.21162,2.20603,1.02955,1.03251,1.02955,1.02955,1.03284,-50.43925,-3246.00000
3.37068,3.36772,3.37134,3.37265,3.36607,2.20439,2.20603,2.20866,2.21064,2.20702,1.03349,1.03119,1.03119,1.03316,1.03218,-50.64765,-3245.00000
3.37397,3.37430,3.37298,3.37035,3.37134,2.20307,2.21261,2.20669,2.21096,2.20735,1.03152,1.03185,1.03185,1.02724,1.03119,-50.64765,-3244.00000
3.37528,3.37660,3.37035,3.36640,3.37627,2.20472,2.20800,2.21294,2.20504,2.20833,1.03185,1.03251,1.03514,1.02823,1.03316,-50.64765,-3243.00000
3.36969,3.37693,3.37002,3.37890,3.37002,2.20800,2.20899,2.20603,2.21228,2.20998,1.03152,1.03514,1.03251,1.03448,1.03119,-50.90052,-3242.00000
3.37199,3.37035,3.37166,3.37068,3.37232,2.20833,2.20472,2.20932,2.21228,2.20636,1.03251,1.03316,1.03284,1.03481,1.03284,-50.90052,-3241.00000
3.37627,3.37232,3.37397,3.37430,3.37462,2.20241,2.20735,2.20636,2.20537,2.20439,1.02988,1.03119,1.03185,1.03316,1.02988,-51.06909,-3240.00000
3.37035,3.36936,3.36607,3.37495,3.37364,2.20702,2.20636,2.21031,2.20669,2.20110,1.03678,1.03020,1.03349,1.03580,1.03678,-51.06909,-3239.00000
3.37331,3.37199,3.36805,3.37594,3.37265,2.20932,2.20866,2.20439,2.20504,2.20932,1.03645,1.03119,1.03382,1.03514,1.03119,-50.66553,-3238.00000
3.37265,3.37166,3.36936,3.36706,3.37397,2.21162,2.21064,2.20899,2.20702,2.20340,1.03514,1.03251,1.03415,1.03481,1.03744,-50.66553,-3237.00000
3.36936,3.37561,3.37298,3.37068,3.37134,2.20570,2.20866,2.21064,2.20833,2.20965,1.03086,1.03086,1.03251,1.03415,1.03678,-50.83757,-3236.00000
3.37561,3.37298,3.37265,3.37430,3.36969,2.20340,2.20932,2.20636,2.20702,2.20472,1.03415,1.03152,1.03251,1.03218,1.03810,-50.83757,-3235.00000
3.37035,3.37035,3.36673,3.37430,3.37035,2.20768,2.20735,2.20669,2.20702,2.21064,1.03382,1.03481,1.03514,1.03152,1.03777,-50.88390,-3234.00000
3.37397,3.36805,3.37199,3.37035,3.37528,2.21096,2.20735,2.21096,2.20768,2.20636,1.03645,1.03382,1.03711,1.03547,1.03448,-50.88390,-3233.00000
3.37199,3.37101,3.37726,3.37791,3.37068,2.20932,2.20603,2.20735,2.20965,2.20669,1.03514,1.03612,1.03152,1.03086,1.03580,-50.91153,-3232.00000
3.37364,3.37002,3.36542,3.37364,3.37594,2.21162,2.20636,2.20932,2.20537,2.21228,1.03284,1.03382,1.03580,1.03481,1.03645,-50.91153,-3231.00000
3.37758,3.37232,3.36607,3.37265,3.37134,2.20735,2.20570,2.20504,2.20768,2.21031,1.03547,1.03711,1.03481,1.03547,1.03580,-50.97553,-3230.00000
3.36903,3.37495,3.36607,3.37068,3.37397,2.20800,2.20932,2.20768,2.20537,2.20406,1.03711,1.03316,1.03843,1.03777,1.03711,-50.97553,-3229.00000
3.36607,3.36805,3.37199,3.36772,3.37397,2.20636,2.20702,2.20702,2.20998,2.21064,1.03612,1.03316,1.03678,1.03514,1.03316,-51.04586,-3228.00000
3.37265,3.37035,3.37035,3.37462,3.36870,2.20932,2.21294,2.20603,2.20340,2.20241,1.03547,1.03481,1.03481,1.03382,1.03547,-51.04586,-3227.00000
3.37035,3.37265,3.36936,3.37002,3.36410,2.20702,2.20504,2.20768,2.20735,2.20636,1.03612,1.03547,1.03580,1.03777,1.03678,-50.65655,-3226.00000
3.36936,3.37068,3.36509,3.37035,3.37331,2.20800,2.20899,2.20537,2.20472,2.20768,1.03645,1.03612,1.03382,1.04007,1.03711,-50.65655,-3225.00000
3.36640,3.37002,3.37265,3.36870,3.36640,2.20735,2.20735,2.20603,2.19880,2.20241,1.03448,1.03415,1.03415,1.03251,1.03448,-50.81042,-3224.00000
3.36377,3.37101,3.37134,3.37002,3.36640,2.20307,2.20833,2.20636,2.20537,2.21031,1.03908,1.03744,1.03514,1.03645,1.03810,-50.81042,-3223.00000
3.36838,3.37134,3.36805,3.36838,3.37002,2.20241,2.21228,2.20603,2.20669,2.20636,1.03382,1.03580,1.03744,1.03744,1.03316,-50.53377,-3222.00000
3.36969,3.37495,3.36870,3.36838,3.37068,2.20800,2.20406,2.20537,2.20702,2.20768,1.03514,1.03382,1.03645,1.03284,1.03580,-50.53377,-3221.00000
3.37166,3.36509,3.37265,3.36772,3.36870,2.20669,2.20998,2.20241,2.20077,2.20768,1.03514,1.03580,1.02988,1.03678,1.03514,-50.29074,-3220.00000
3.36838,3.37265,3.36969,3.36903,3.36739,2.20537,2.20833,2.20504,2.20800,2.20702,1.03645,1.03678,1.03612,1.03777,1.03349,-50.29074,-3219.00000
3.37627,3.37693,3.37134,3.37232,3.37265,2.20932,2.20307,2.20603,2.20800,2.20998,1.03711,1.03711,1.03514,1.03580,1.03382,-49.81297,-3218.00000
3.37495,3.37758,3.37495,3.37166,3.37528,2.21031,2.20570,2.20768,2.20603,2.20965,1.03612,1.03711,1.03744,1.03612,1.03580,-49.23241,-3217.00000
3.37101,3.36673,3.36673,3.37134,3.37035,2.20800,2.20833,2.21031,2.21360,2.20406,1.03974,1.03612,1.03612,1.04073,1.03218,-49.23241,-3216.00000
3.37134,3.36969,3.37035,3.36936,3.37068,2.20866,2.20899,2.20768,2.20537,2.20998,1.03514,1.03119,1.03448,1.03580,1.03185,-49.23241,-3215.00000
3.37166,3.36344,3.37528,3.37101,3.37166,2.20735,2.20998,2.20570,2.20340,2.20866,1.03481,1.03415,1.03514,1.03415,1.02757,-48.09667,-3214.00000
3.36805,3.36936,3.37134,3.37430,3.36903,2.20603,2.20570,2.20965,2.21195,2.20570,1.03185,1.03152,1.03580,1.03448,1.03415,-48.09667,-3213.00000
3.37298,3.37495,3.36903,3.37627,3.37002,2.21524,2.20768,2.21096,2.20768,2.20800,1.03316,1.03251,1.03316,1.03547,1.03185,-47.24511,-3212.00000
3.37956,3.37890,3.37791,3.37726,3.37857,2.20965,2.20669,2.21096,2.20768,2.21064,1.03218,1.03580,1.03119,1.03481,1.03020,-47.24511,-3211.00000
3.37101,3.37397,3.37265,3.37528,3.37462,2.21064,2.21031,2.20702,2.20340,2.21392,1.03316,1.02988,1.03152,1.03119,1.03415,-47.31868,-3210.00000
3.38153,3.38054,3.37002,3.36969,3.37232,2.20965,2.20735,2.21228,2.20603,2.21129,1.03251,1.03251,1.02856,1.02626,1.03185,-47.31868,-3209.00000
3.37726,3.37166,3.37791,3.37561,3.37364,2.21064,2.20998,2.20899,2.21261,2.20702,1.03053,1.03382,1.03020,1.03086,1.02889,-47.89995,-3208.00000
3.37331,3.37331,3.37791,3.37298,3.37791,2.21195,2.21096,2.21425,2.20735,2.21162,1.03481,1.03086,1.03119,1.03119,1.03382,-47.89995,-3207.00000
3.38022,3.37890,3.38022,3.36739,3.38087,2.21228,2.20965,2.20965,2.20768,2.21129,1.03185,1.03053,1.03218,1.03152,1.03185,-48.37373,-3206.00000
3.37890,3.37989,3.37364,3.37594,3.36969,2.20472,2.20899,2.20998,2.21064,2.20735,1.03349,1.03415,1.03251,1.03777,1.03284,-48.37373,-3205.00000
3.37430,3.37430,3.38285,3.37298,3.37462,2.20636,2.21360,2.20768,2.21392,2.20702,1.03218,1.03580,1.03185,1.03284,1.03218,-49.16647,-3204.00000
3.37561,3.36607,3.37989,3.37758,3.37265,2.21557,2.20570,2.21129,2.20998,2.21096,1.03382,1.03349,1.03251,1.03645,1.03284,-49.16647,-3203.00000
3.37956,3.37265,3.37890,3.38285,3.37199,2.21261,2.21491,2.20768,2.20932,2.20998,1.03415,1.03481,1.03316,1.03316,1.03580,-49.48175,-3202.00000
3.37495,3.37890,3.37397,3.37462,3.37660,2.20669,2.20702,2.21162,2.21195,2.20965,1.03481,1.03152,1.03448,1.03678,1.03382,-49.48175,-3201.00000
3.37265,3.38022,3.37528,3.37726,3.37758,2.20998,2.20965,2.21096,2.21392,2.20833,1.03908,1.03152,1.03547,1.03349,1.03415,-49.67403,-3200.00000
3.37166,3.37298,3.37758,3.37232,3.37627,2.20899,2.20965,2.21129,2.20570,2.20800,1.03612,1.03086,1.03218,1.03908,1.03612,-49.67403,-3199.00000
3.37298,3.37068,3.37627,3.37693,3.37364,2.20768,2.20603,2.20472,2.20669,2.20833,1.03185,1.03218,1.03612,1.03185,1.03218,-49.22442,-3198.00000
3.36673,3.37561,3.37101,3.37956,3.37331,2.20899,2.20998,2.20439,2.21031,2.20866,1.03349,1.03316,1.03284,1.03678,1.03415,-49.22442,-3197.00000
3.37298,3.38186,3.37627,3.37364,3.37002,2.20965,2.20800,2.21031,2.20537,2.20800,1.03053,1.03580,1.03612,1.03185,1.03415,-49.45202,-3196.00000
3.37166,3.37232,3.37265,3.37594,3.37660,2.20998,2.20636,2.21392,2.21261,2.21195,1.03415,1.03645,1.03711,1.03251,1.03547,-49.73722,-3195.00000
3.37199,3.37824,3.37660,3.37824,3.37068,2.21162,2.21162,2.20800,2.21360,2.20965,1.03514,1.03612,1.02988,1.03580,1.03547,-49.73722,-3194.00000
3.37462,3.37199,3.37857,3.37199,3.37528,2.20570,2.20866,2.20965,2.20735,2.20998,1.03218,1.03744,1.03119,1.03744,1.03316,-49.73722,-3193.00000
3.37791,3.37660,3.37430,3.37430,3.37528,2.20504,2.21096,2.21096,2.21064,2.21162,1.03612,1.03580,1.03316,1.03843,1.03876,-50.00548,-3192.00000
3.37857,3.37068,3.37956,3.37528,3.37824,2.20833,2.20899,2.21064,2.20373,2.20669,1.03448,1.03415,1.03645,1.03612,1.03185,-50.00548,-3191.00000
3.37462,3.37824,3.37758,3.37101,3.37561,2.20669,2.21458,2.21096,2.20866,2.20669,1.03349,1.03218,1.03448,1.03514,1.03514,-49.95645,-3190.00000
3.37726,3.37495,3.37594,3.37068,3.37068,2.20932,2.21327,2.21162,2.20603,2.20537,1.03349,1.03547,1.03547,1.03547,1.03777,-49.95645,-3189.00000
3.37462,3.36903,3.37528,3.37561,3.37627,2.20768,2.21294,2.21392,2.21064,2.20669,1.03382,1.03645,1.03514,1.03678,1.03547,-49.81472,-3188.00000
3.37035,3.37364,3.37561,3.37495,3.37561,2.21096,2.20866,2.20768,2.20537,2.20702,1.03284,1.03612,1.03349,1.03580,1.03645,-49.81472,-3187.00000
3.37232,3.36739,3.37495,3.37660,3.37134,2.20636,2.20998,2.20998,2.21557,2.20833,1.03612,1.03185,1.03711,1.04106,1.03481,-50.13038,-3186.00000
3.37134,3.37298,3.37627,3.37364,3.37561,2.21031,2.20669,2.20735,2.20932,2.20800,1.03810,1.03382,1.03744,1.03711,1.03876,-50.13038,-3185.00000
3.37627,3.37331,3.37726,3.37430,3.37561,2.20899,2.20866,2.20800,2.21392,2.21129,1.03415,1.03185,1.03316,1.03481,1.03777,-50.29851,-3184.00000
3.37134,3.38087,3.37758,3.37199,3.38153,2.20899,2.21294,2.21064,2.21261,2.21327,1.03711,1.03678,1.03514,1.03580,1.03218,-50.29851,-3183.00000
3.37430,3.38054,3.37331,3.37923,3.37726,2.20866,2.21162,2.21162,2.21195,2.21261,1.03678,1.03908,1.03284,1.03448,1.03810,-50.52778,-3182.00000
3.37002,3.37627,3.37265,3.38120,3.37989,2.20998,2.21261,2.21064,2.21228,2.20932,1.03612,1.03514,1.03941,1.03843,1.03218,-50.52778,-3181.00000
3.37758,3.37627,3.38120,3.37726,3.37462,2.21294,2.21228,2.21688,2.21228,2.20800,1.03448,1.03349,1.03678,1.03777,1.03810,-50.74899,-3180.00000
3.37923,3.37364,3.37594,3.37758,3.37824,2.20965,2.21162,2.20439,2.21228,2.20833,1.03744,1.03580,1.03580,1.03612,1.03678,-50.31053,-3179.00000
3.37660,3.37364,3.37693,3.37660,3.37726,2.21096,2.21261,2.20965,2.21129,2.20833,1.03612,1.03612,1.03645,1.03744,1.03481,-50.31053,-3178.00000
3.37495,3.37857,3.37134,3.37660,3.37495,2.20866,2.20800,2.20504,2.20965,2.21031,1.03580,1.03777,1.04007,1.03612,1.03382,-50.31053,-3177.00000
3.37824,3.37528,3.37298,3.37693,3.37397,2.20702,2.20866,2.21261,2.20998,2.20932,1.03481,1.04040,1.03645,1.03514,1.03744,-50.73599,-3176.00000
3.37364,3.37660,3.37430,3.37331,3.38054,2.20866,2.21327,2.20768,2.21392,2.20735,1.03744,1.03415,1.03580,1.03645,1.03744,-50.73599,-3175.00000
3.37101,3.37857,3.36838,3.36969,3.37068,2.21064,2.20636,2.21031,2.21195,2.20932,1.03612,1.03612,1.03580,1.03711,1.03744,-50.77712,-3174.00000
3.37331,3.37528,3.37956,3.37758,3.37594,2.21392,2.21031,2.20932,2.21129,2.20800,1.03777,1.03777,1.03645,1.03218,1.03481,-50.77712,-3173.00000
3.37002,3.37726,3.37364,3.37693,3.37166,2.20504,2.20570,2.20636,2.20702,2.20570,1.03645,1.04073,1.04172,1.03810,1.03119,-50.81756,-3172.00000
3.37397,3.37199,3.37791,3.38219,3.37561,2.20932,2.20636,2.21162,2.20735,2.20866,1.04172,1.03612,1.03744,1.03481,1.03974,-50.81756,-3171.00000
3.37594,3.37726,3.37364,3.37758,3.37627,2.20735,2.20504,2.20998,2.20669,2.21096,1.03448,1.03908,1.03941,1.03744,1.03382,-50.11535,-3170.00000
3.37232,3.37857,3.37068,3.37989,3.37331,2.21458,2.20833,2.20439,2.20800,2.20899,1.04007,1.03612,1.03711,1.04073,1.03645,-50.11535,-3169.00000
3.37561,3.37791,3.36838,3.37298,3.37101,2.20800,2.20537,2.21129,2.20603,2.20998,1.03481,1.04040,1.03053,1.03645,1.03481,-50.01668,-3168.00000
3.37528,3.37035,3.37495,3.37364,3.37726,2.21294,2.20307,2.21228,2.20472,2.20965,1.04040,1.03678,1.03448,1.03941,1.03777,-50.01668,-3167.00000
3.37660,3.37331,3.37726,3.37298,3.37594,2.20735,2.21129,2.20833,2.21327,2.20570,1.03580,1.03810,1.03645,1.03645,1.03645,-49.59283,-3166.00000
3.37495,3.37035,3.37199,3.37561,3.37462,2.21162,2.21129,2.21129,2.20998,2.21360,1.03744,1.03711,1.03514,1.03580,1.03580,-49.59283,-3165.00000
3.37462,3.36706,3.37397,3.36706,3.37134,2.20899,2.20702,2.20899,2.20998,2.20866,1.03547,1.03777,1.03744,1.03415,1.03415,-48.86592,-3164.00000
3.37331,3.37528,3.37594,3.37726,3.37232,2.21031,2.20965,2.20965,2.21425,2.20965,1.03415,1.03645,1.03711,1.03645,1.03481,-48.86592,-3163.00000
3.36838,3.37561,3.37298,3.37331,3.37462,2.20406,2.20307,2.20866,2.20833,2.20669,1.03941,1.03152,1.03974,1.03711,1.03349,-47.08086,-3162.00000
3.37298,3.37660,3.37462,3.37824,3.37265,2.20833,2.20833,2.20866,2.20702,2.21129,1.03349,1.03777,1.03678,1.03974,1.04040,-47.08086,-3161.00000
3.37462,3.37561,3.37232,3.37101,3.36903,2.21031,2.20866,2.20537,2.20965,2.20636,1.03711,1.03843,1.03711,1.03547,1.03251,-44.98099,-3160.00000
3.37298,3.37561,3.37561,3.37397,3.37298,2.20735,2.20406,2.20735,2.20439,2.20899,1.03645,1.03777,1.03941,1.03810,1.03678,-45.09638,-3159.00000
3.36805,3.36903,3.37002,3.37462,3.37166,2.21064,2.20603,2.20504,2.20340,2.20702,1.03777,1.03711,1.03711,1.03612,1.03678,-45.09638,-3158.00000
3.37166,3.37199,3.37462,3.36772,3.37199,2.20241,2.20373,2.21195,2.20833,2.20800,1.03612,1.03843,1.03251,1.03481,1.03185,-45.09638,-3157.00000
3.37068,3.36739,3.36969,3.36936,3.37660,2.20899,2.20570,2.20866,2.20800,2.20800,1.03448,1.03843,1.03974,1.03645,1.03547,-46.13847,-3156.00000
3.37660,3.37232,3.37232,3.36640,3.37331,2.20669,2.20669,2.20735,2.20866,2.21294,1.03908,1.03876,1.03580,1.03218,1.03251,-46.13847,-3155.00000
3.37561,3.37791,3.37232,3.37199,3.37397,2.20768,2.20110,2.20472,2.20669,2.20603,1.03514,1.03514,1.03711,1.03711,1.03908,-47.52168,-3154.00000
3.37561,3.37035,3.37528,3.37364,3.37397,2.20504,2.20833,2.20768,2.20504,2.20768,1.03514,1.03612,1.03415,1.03645,1.03514,-47.52168,-3153.00000
3.37495,3.37495,3.37035,3.37495,3.37134,2.20833,2.20669,2.21656,2.21096,2.20504,1.03349,1.03415,1.03481,1.03876,1.03678,-48.57565,-3152.00000
3.37134,3.37101,3.36969,3.37594,3.37134,2.20932,2.20537,2.20998,2.20537,2.20735,1.03514,1.03612,1.03711,1.03415,1.03843,-48.57565,-3151.00000
3.36838,3.37956,3.37364,3.37068,3.36969,2.20537,2.21096,2.21195,2.20603,2.20899,1.04139,1.03547,1.03612,1.03514,1.03777,-49.19529,-3150.00000
3.37627,3.37594,3.37430,3.37726,3.37561,2.21031,2.20932,2.21162,2.21261,2.21195,1.03612,1.03481,1.03415,1.03711,1.03514,-49.19529,-3149.00000
3.37298,3.37364,3.37298,3.38054,3.37331,2.20603,2.20768,2.20274,2.20833,2.21031,1.03612,1.03678,1.03448,1.03547,1.03349,-49.75324,-3148.00000
3.37791,3.37397,3.37002,3.37364,3.37462,2.20899,2.21162,2.20768,2.20998,2.20965,1.03382,1.03645,1.03843,1.03251,1.03514,-49.75324,-3147.00000
3.37890,3.37989,3.37495,3.37495,3.37824,2.20472,2.21327,2.21031,2.20143,2.21031,1.03711,1.03941,1.03810,1.03711,1.03514,-50.23263,-3146.00000
3.37561,3.37627,3.37956,3.37791,3.37397,2.20735,2.20998,2.21129,2.21195,2.21195,1.03711,1.03580,1.03580,1.03316,1.03678,-50.23263,-3145.00000
3.38054,3.37791,3.37594,3.37627,3.37890,2.21096,2.20932,2.20274,2.21031,2.20833,1.03645,1.03382,1.03547,1.03810,1.03514,-49.89141,-3144.00000
3.37298,3.37594,3.38087,3.37199,3.37824,2.21129,2.21294,2.20669,2.21228,2.20899,1.03810,1.03612,1.03284,1.03481,1.03645,-49.89141,-3143.00000
3.37791,3.37561,3.37923,3.38022,3.37660,2.20833,2.20800,2.20735,2.20899,2.20866,1.03810,1.03580,1.04073,1.03908,1.03711,-50.43542,-3142.00000
3.36838,3.37561,3.37791,3.37923,3.38022,2.20932,2.21031,2.21228,2.21392,2.20932,1.03843,1.03744,1.03645,1.03349,1.03481,-50.43542,-3141.00000
3.37265,3.37660,3.37923,3.37528,3.38186,2.21294,2.20998,2.21294,2.21031,2.20373,1.03218,1.03645,1.03777,1.03514,1.03645,-51.08455,-3140.00000
3.37857,3.37956,3.37627,3.37923,3.37791,2.21162,2.21294,2.21096,2.20735,2.21261,1.03645,1.03580,1.03876,1.03777,1.03876,-51.08455,-3139.00000
3.37758,3.37890,3.37923,3.37989,3.37857,2.21031,2.21195,2.21162,2.21360,2.21327,1.03580,1.03481,1.04007,1.03843,1.03810,-51.81841,-3138.00000
3.37594,3.38252,3.37495,3.37956,3.38054,2.20932,2.21327,2.21064,2.20537,2.21162,1.03777,1.03514,1.03843,1.03711,1.03843,-51.81841,-3137.00000
3.37693,3.37758,3.37660,3.37726,3.38022,2.21294,2.21129,2.20899,2.20998,2.21458,1.03612,1.03744,1.03777,1.03876,1.03678,-51.36852,-3136.00000
3.37923,3.37462,3.37627,3.37660,3.37660,2.21458,2.21162,2.20570,2.21491,2.21195,1.03941,1.03777,1.03481,1.03777,1.03514,-51.36852,-3135.00000
3.37956,3.37660,3.37298,3.37561,3.38120,2.21129,2.21031,2.21458,2.20866,2.20866,1.03810,1.03612,1.03612,1.03810,1.03678,-50.80981,-3134.00000
3.37758,3.37693,3.37627,3.37364,3.37397,2.20998,2.21129,2.20899,2.21228,2.21557,1.03744,1.03514,1.03711,1.03908,1.03645,-50.80981,-3133.00000
3.37989,3.37693,3.38153,3.37561,3.38351,2.21129,2.21096,2.21129,2.21392,2.21294,1.04073,1.03514,1.03580,1.03810,1.03777,-50.89632,-3132.00000
3.37824,3.38120,3.38482,3.37726,3.38153,2.20998,2.21327,2.21557,2.21327,2.21031,1.04468,1.03876,1.03580,1.03974,1.03876,-50.89632,-3131.00000
3.37791,3.37791,3.37726,3.37199,3.38614,2.21656,2.21064,2.21031,2.21294,2.21425,1.03547,1.03974,1.04007,1.04073,1.03777,-50.49663,-3130.00000
3.38318,3.38712,3.37956,3.37857,3.37890,2.21294,2.20965,2.20833,2.21294,2.20932,1.03908,1.03974,1.04139,1.03810,1.03744,-50.49663,-3129.00000
3.38679,3.37824,3.38449,3.38120,3.38285,2.20998,2.21162,2.21590,2.21261,2.21162,1.03612,1.03941,1.03514,1.03843,1.03645,-50.70218,-3128.00000
3.38712,3.38252,3.37594,3.38416,3.37956,2.21360,2.21557,2.21491,2.21228,2.21688,1.03876,1.03514,1.03941,1.03547,1.03744,-50.70218,-3127.00000
3.37791,3.37956,3.38219,3.37791,3.38515,2.21392,2.21524,2.21031,2.21129,2.21294,1.03941,1.03678,1.03678,1.03974,1.03810,-50.53648,-3126.00000
3.37923,3.37627,3.38318,3.38416,3.37495,2.21425,2.21360,2.21721,2.20833,2.21491,1.04007,1.03711,1.03941,1.03941,1.03448,-50.53648,-3125.00000
3.37660,3.37594,3.38120,3.38153,3.37693,2.20998,2.21228,2.21064,2.21623,2.21261,1.03974,1.03678,1.03876,1.03547,1.03941,-50.74665,-3124.00000
3.37923,3.37758,3.37495,3.37758,3.38351,2.21096,2.21195,2.21195,2.21688,2.21228,1.03711,1.03514,1.03448,1.03711,1.03678,-50.74665,-3123.00000
3.38416,3.37890,3.37824,3.38877,3.38252,2.20998,2.21064,2.20899,2.21392,2.21392,1.03612,1.03908,1.03941,1.04106,1.03448,-50.86072,-3122.00000
3.37397,3.38351,3.38022,3.38383,3.38120,2.21031,2.21590,2.21064,2.20965,2.21392,1.03612,1.04073,1.04040,1.03415,1.04040,-50.75936,-3121.00000
3.37758,3.38054,3.38087,3.37693,3.37956,2.21294,2.21327,2.20866,2.21096,2.22116,1.03612,1.03744,1.03678,1.04007,1.03711,-50.75936,-3120.00000
3.37726,3.37791,3.37758,3.37989,3.37758,2.21458,2.21623,2.21524,2.21327,2.20636,1.03645,1.03612,1.03612,1.03612,1.03711,-50.75936,-3119.00000
3.38022,3.37594,3.38383,3.37956,3.38482,2.21327,2.21228,2.21294,2.21261,2.21129,1.03711,1.03810,1.03382,1.03547,1.03678,-50.78131,-3118.00000
3.38285,3.37956,3.37594,3.37956,3.38186,2.21195,2.21557,2.21721,2.21195,2.21327,1.03908,1.03547,1.03843,1.04139,1.03941,-50.78131,-3117.00000
3.38087,3.38351,3.38022,3.38318,3.38120,2.21623,2.21590,2.21623,2.21557,2.21228,1.03284,1.04007,1.03777,1.03876,1.03843,-50.67224,-3116.00000
3.38022,3.38054,3.38087,3.38186,3.38679,2.21228,2.21688,2.21228,2.21590,2.21820,1.03678,1.03711,1.03711,1.03974,1.03481,-50.67224,-3115.00000
3.37693,3.38054,3.38383,3.37758,3.38647,2.21623,2.21425,2.21327,2.21392,2.21524,1.03744,1.03711,1.03941,1.03481,1.03580,-50.48722,-3114.00000
3.37824,3.38416,3.38285,3.38120,3.38120,2.21853,2.21491,2.21261,2.21491,2.21524,1.03941,1.03612,1.03941,1.03810,1.03514,-50.48722,-3113.00000
3.37923,3.38515,3.37791,3.38252,3.38811,2.21458,2.21261,2.21129,2.20932,2.21228,1.03908,1.03810,1.03908,1.03678,1.03612,-50.48432,-3112.00000
3.38482,3.38120,3.38351,3.38449,3.38351,2.21327,2.21294,2.21261,2.21261,2.20866,1.03711,1.03612,1.03941,1.03349,1.03711,-50.48432,-3111.00000
3.38383,3.38351,3.37989,3.38515,3.38482,2.21294,2.21688,2.21096,2.21754,2.21195,1.03744,1.03645,1.03678,1.03777,1.03612,-50.64026,-3110.00000
3.38120,3.38614,3.38219,3.38285,3.37890,2.21064,2.21425,2.21228,2.21294,2.21096,1.03612,1.03777,1.03810,1.03876,1.04007,-50.64026,-3109.00000
3.37890,3.38219,3.37758,3.37989,3.38219,2.21524,2.21458,2.21458,2.20800,2.21425,1.03777,1.03514,1.03349,1.03711,1.03941,-50.53915,-3108.00000
3.38351,3.37430,3.37956,3.37956,3.38416,2.21031,2.21261,2.21425,2.21261,2.22050,1.03777,1.04073,1.03547,1.03777,1.03547,-49.98345,-3107.00000
3.38383,3.38054,3.37890,3.38054,3.38186,2.20932,2.20965,2.21491,2.20899,2.21261,1.03514,1.03580,1.04139,1.03777,1.04040,-49.98345,-3106.00000
3.37923,3.37791,3.38811,3.38054,3.39041,2.21129,2.21294,2.21392,2.21524,2.20932,1.04204,1.03580,1.04007,1.03645,1.04040,-49.98345,-3105.00000
3.38186,3.38219,3.38054,3.37627,3.37956,2.20965,2.21590,2.21064,2.21491,2.21590,1.03843,1.03974,1.03843,1.03678,1.03481,-50.13057,-3104.00000
3.37693,3.38844,3.37824,3.37890,3.38120,2.21360,2.21195,2.21392,2.21590,2.20768,1.03612,1.03777,1.03744,1.03448,1.03547,-50.13057,-3103.00000
3.37857,3.38745,3.38285,3.38252,3.37561,2.21458,2.21360,2.21425,2.20899,2.20669,1.03876,1.03382,1.03974,1.03645,1.03744,-50.59649,-3102.00000
3.37726,3.37857,3.38022,3.38087,3.37660,2.21195,2.21656,2.21195,2.21096,2.21491,1.04073,1.03777,1.03876,1.04172,1.03843,-50.59649,-3101.00000
3.38383,3.37923,3.38515,3.38186,3.37890,2.21458,2.21228,2.21327,2.21656,2.21096,1.03711,1.03612,1.04007,1.03481,1.03612,-50.49206,-3100.00000
3.38054,3.38219,3.37627,3.38219,3.37923,2.21853,2.21261,2.21688,2.21754,2.21491,1.03744,1.03876,1.04007,1.03678,1.03744,-50.49206,-3099.00000
3.38252,3.38054,3.38449,3.38219,3.37791,2.20965,2.21688,2.21458,2.21129,2.21458,1.03843,1.03843,1.03876,1.03612,1.03645,-51.16463,-3098.00000
3.37627,3.37956,3.37956,3.38482,3.37726,2.21129,2.21557,2.20833,2.21327,2.21294,1.03777,1.03777,1.03744,1.03612,1.03711,-51.16463,-3097.00000
3.38153,3.37824,3.37758,3.38647,3.38548,2.21392,2.21919,2.20998,2.20636,2.21096,1.03514,1.03711,1.03810,1.03711,1.03678,-51.04986,-3096.00000
3.37693,3.38153,3.37923,3.38087,3.38515,2.20800,2.21327,2.21623,2.21425,2.21261,1.03876,1.03645,1.04106,1.03843,1.03843,-51.04986,-3095.00000
3.38120,3.37956,3.37824,3.37890,3.38712,2.21064,2.21294,2.21129,2.21557,2.21524,1.04303,1.03481,1.03810,1.03711,1.03580,-50.94079,-3094.00000
3.37989,3.38120,3.37890,3.38416,3.37627,2.21392,2.21228,2.21360,2.21721,2.21656,1.03448,1.03744,1.03678,1.03185,1.03612,-50.94079,-3093.00000
3.38054,3.38219,3.37726,3.38318,3.37660,2.21031,2.21261,2.21228,2.21392,2.21623,1.03843,1.03448,1.03711,1.04073,1.03448,-51.35636,-3092.00000
3.38120,3.37397,3.37594,3.37956,3.37989,2.21392,2.21491,2.20998,2.21458,2.21195,1.03711,1.03580,1.03711,1.03547,1.03382,-51.35636,-3091.00000
3.38022,3.38054,3.38351,3.38153,3.38252,2.21129,2.21688,2.21557,2.20866,2.21096,1.03908,1.03843,1.03678,1.03580,1.04106,-51.38113,-3090.00000
3.38285,3.38482,3.38614,3.37956,3.37726,2.21096,2.20932,2.21425,2.21064,2.21228,1.03744,1.03547,1.03810,1.03876,1.03678,-51.38113,-3089.00000
3.37923,3.37890,3.38087,3.38285,3.38153,2.21360,2.20932,2.21064,2.21064,2.21590,1.03744,1.04139,1.03514,1.03744,1.03843,-51.36509,-3088.00000
3.38087,3.38186,3.37956,3.38219,3.37923,2.21425,2.21195,2.21524,2.21129,2.21491,1.03777,1.03547,1.03876,1.03645,1.03580,-51.36509,-3087.00000
3.37791,3.37857,3.38219,3.38285,3.37890,2.20965,2.21096,2.21360,2.21557,2.21491,1.03810,1.03645,1.03744,1.03744,1.04073,-51.66364,-3086.00000
3.37989,3.37528,3.37824,3.38416,3.38087,2.21261,2.21721,2.21392,2.21327,2.21327,1.03349,1.03744,1.03843,1.03908,1.03908,-51.66364,-3085.00000
3.37989,3.37627,3.38219,3.38186,3.38054,2.21688,2.20965,2.21623,2.21590,2.21228,1.03876,1.03711,1.03810,1.03843,1.03908,-52.10844,-3084.00000
3.37923,3.37956,3.37956,3.37989,3.38318,2.20636,2.21425,2.21360,2.21458,2.21360,1.03744,1.03810,1.03876,1.03744,1.04106,-52.10844,-3083.00000
3.37890,3.37989,3.38087,3.37923,3.37791,2.21458,2.21491,2.20932,2.21195,2.21228,1.03711,1.03612,1.03678,1.03612,1.03908,-51.59280,-3082.00000
3.38647,3.38548,3.37791,3.38383,3.38219,2.20998,2.21392,2.21360,2.21129,2.21458,1.03349,1.03744,1.03876,1.03415,1.03876,-51.59280,-3081.00000
3.38022,3.38318,3.37791,3.38186,3.38153,2.21656,2.21590,2.21458,2.20932,2.21425,1.03481,1.04073,1.03612,1.04073,1.03547,-51.11721,-3080.00000
3.38054,3.38548,3.38022,3.38745,3.37758,2.21162,2.21096,2.21129,2.21261,2.21064,1.04073,1.03843,1.03941,1.03678,1.03645,-51.11721,-3079.00000
3.38054,3.38153,3.38614,3.37989,3.37824,2.21031,2.21458,2.21228,2.21327,2.21031,1.03448,1.03316,1.03744,1.03810,1.03843,-51.10613,-3078.00000
3.38252,3.38186,3.37627,3.37890,3.37890,2.21294,2.21294,2.20899,2.21557,2.20866,1.03580,1.03876,1.03580,1.03711,1.03382,-51.10613,-3077.00000
3.38120,3.38647,3.38548,3.37791,3.38054,2.21721,2.21228,2.21392,2.21392,2.21590,1.03974,1.03974,1.03645,1.03678,1.03908,-51.14107,-3076.00000
3.38252,3.37890,3.38252,3.37857,3.38482,2.21162,2.21491,2.21294,2.21886,2.21064,1.03843,1.03941,1.03843,1.04007,1.03876,-51.14107,-3075.00000
3.37890,3.37923,3.38186,3.37989,3.38383,2.21294,2.21031,2.21360,2.21261,2.20998,1.04040,1.03678,1.03876,1.03941,1.03941,-51.37269,-3074.00000
3.38153,3.38087,3.38351,3.37890,3.38351,2.21557,2.21721,2.21228,2.21195,2.21392,1.03711,1.04172,1.03580,1.03711,1.03843,-51.37269,-3073.00000
3.38482,3.38285,3.37989,3.37857,3.38285,2.21261,2.21064,2.20998,2.21294,2.21360,1.03810,1.03678,1.03810,1.03744,1.03974,-51.07952,-3072.00000
3.38252,3.38186,3.38186,3.38087,3.38219,2.20702,2.21425,2.21129,2.21524,2.21425,1.04172,1.03711,1.04270,1.03481,1.03908,-51.07952,-3071.00000
3.37824,3.38186,3.37890,3.37956,3.38647,2.21392,2.20932,2.21392,2.21294,2.21590,1.03777,1.04336,1.03777,1.03645,1.03415,-51.05985,-3070.00000
3.38120,3.38120,3.38285,3.37956,3.38351,2.21031,2.21064,2.20669,2.21721,2.21129,1.03908,1.03580,1.04172,1.03711,1.03908,-51.05985,-3069.00000
3.37989,3.38449,3.38351,3.38548,3.38022,2.21524,2.21590,2.21623,2.21524,2.21491,1.04172,1.03744,1.03908,1.03777,1.03908,-51.54153,-3068.00000
3.38054,3.37857,3.38153,3.38679,3.38219,2.21261,2.21228,2.21425,2.20965,2.21261,1.04369,1.03908,1.04270,1.03711,1.03876,-51.54153,-3067.00000
3.37890,3.37726,3.38482,3.37791,3.38482,2.21162,2.21031,2.20932,2.21327,2.21360,1.03908,1.03941,1.03612,1.03744,1.03974,-52.04819,-3066.00000
3.37989,3.38679,3.38120,3.38153,3.38186,2.21392,2.21360,2.21294,2.21360,2.21327,1.04204,1.03777,1.03876,1.03777,1.03612,-52.04819,-3065.00000
3.38153,3.37956,3.38120,3.38186,3.38087,2.21392,2.21458,2.21360,2.21195,2.21425,1.03810,1.03645,1.03876,1.03908,1.03547,-51.76422,-3064.00000
3.38022,3.38515,3.38285,3.38022,3.37956,2.21261,2.21754,2.21294,2.21096,2.21360,1.03711,1.03908,1.03810,1.03514,1.03876,-51.76422,-3063.00000
3.38219,3.38877,3.38186,3.37956,3.38087,2.21261,2.21228,2.21294,2.21557,2.21392,1.04073,1.03876,1.03514,1.03777,1.03744,-50.82947,-3062.00000
3.38153,3.38120,3.38054,3.38054,3.38087,2.21524,2.21294,2.21787,2.21623,2.20768,1.03810,1.03908,1.03678,1.03810,1.03744,-50.82947,-3061.00000
3.38219,3.38614,3.37726,3.38285,3.38712,2.21360,2.20998,2.21491,2.21853,2.21294,1.03810,1.03481,1.03678,1.03843,1.03580,-50.74504,-3060.00000
3.38383,3.38449,3.38022,3.38647,3.38318,2.20800,2.21656,2.21656,2.21458,2.21162,1.03974,1.03810,1.04007,1.03941,1.03908,-50.74504,-3059.00000
3.38318,3.38679,3.39173,3.38219,3.38449,2.21688,2.21754,2.21458,2.21853,2.20965,1.03678,1.03974,1.03744,1.03514,1.03645,-50.94591,-3058.00000
3.38219,3.38679,3.38186,3.38482,3.38614,2.21458,2.21623,2.21064,2.21688,2.21754,1.03876,1.03941,1.03843,1.03810,1.04040,-50.85196,-3057.00000
3.38383,3.38548,3.38383,3.39074,3.38647,2.21623,2.21820,2.21557,2.21886,2.21787,1.03777,1.03711,1.03876,1.04237,1.03481,-50.85196,-3056.00000
3.38679,3.38647,3.38219,3.37857,3.38449,2.21656,2.21787,2.21228,2.21623,2.21524,1.03777,1.03777,1.03612,1.03645,1.03711,-51.36713,-3055.00000
3.38811,3.38647,3.38416,3.38416,3.38416,2.21327,2.21688,2.21984,2.21425,2.20998,1.04007,1.03711,1.03316,1.04303,1.03810,-51.36713,-3054.00000
3.38351,3.38877,3.38548,3.38482,3.38712,2.21688,2.21327,2.21656,2.21820,2.21721,1.03876,1.04073,1.03908,1.04007,1.04040,-51.36713,-3053.00000
3.38482,3.38219,3.38614,3.38614,3.38383,2.21458,2.21491,2.21195,2.21820,2.21557,1.03876,1.03876,1.03580,1.03777,1.03843,-51.23368,-3052.00000
3.38482,3.38975,3.38351,3.38943,3.38581,2.21754,2.21787,2.21590,2.21656,2.21754,1.03876,1.03645,1.03481,1.03514,1.03941,-51.23368,-3051.00000
3.38647,3.39271,3.38548,3.38614,3.38252,2.21656,2.21360,2.21491,2.21590,2.21919,1.03810,1.03843,1.04007,1.03777,1.03481,-51.38398,-3050.00000
3.38482,3.38581,3.38712,3.38581,3.38614,2.21754,2.21688,2.21392,2.21590,2.21656,1.03744,1.03876,1.03777,1.03678,1.03612,-51.38398,-3049.00000
3.38186,3.38647,3.38647,3.38712,3.38877,2.21392,2.21623,2.21623,2.21590,2.21688,1.03185,1.03876,1.03514,1.03744,1.03382,-51.59485,-3048.00000
3.38252,3.38351,3.38745,3.38581,3.38778,2.22083,2.21557,2.21425,2.21623,2.21721,1.03514,1.03119,1.03580,1.03448,1.03349,-51.59485,-3047.00000
3.38844,3.38285,3.37956,3.38219,3.39041,2.21984,2.21524,2.21294,2.21524,2.21195,1.03514,1.03185,1.03580,1.03876,1.03086,-51.15926,-3046.00000
3.38647,3.39041,3.38318,3.38844,3.38679,2.21392,2.21886,2.21524,2.21656,2.22116,1.03645,1.03251,1.03382,1.04139,1.03218,-51.15926,-3045.00000
3.39008,3.38548,3.38745,3.38877,3.39008,2.21392,2.21261,2.21688,2.21787,2.21458,1.03876,1.03547,1.03514,1.03744,1.04073,-51.44830,-3044.00000
3.38548,3.38975,3.38975,3.38416,3.38877,2.21162,2.21491,2.21327,2.21327,2.21557,1.03974,1.04040,1.03744,1.03448,1.03810,-51.44830,-3043.00000
3.39107,3.38449,3.38351,3.38351,3.38844,2.21557,2.21952,2.21524,2.21754,2.21228,1.03711,1.03908,1.03580,1.03941,1.03843,-51.52055,-3042.00000
3.38614,3.38515,3.38745,3.38844,3.39107,2.21392,2.22182,2.21656,2.21820,2.21590,1.03415,1.03612,1.03284,1.03876,1.03547,-51.52055,-3041.00000
3.38581,3.39239,3.38581,3.38712,3.38186,2.21623,2.21656,2.21557,2.21360,2.21228,1.03876,1.03777,1.03316,1.03843,1.03744,-51.59963,-3040.00000
3.38712,3.39173,3.38416,3.38318,3.38449,2.21327,2.21590,2.21984,2.21984,2.21656,1.03876,1.03711,1.03711,1.03645,1.03645,-51.59963,-3039.00000
3.39008,3.38482,3.38285,3.38712,3.38351,2.21721,2.21886,2.21261,2.21590,2.21590,1.04106,1.03941,1.03777,1.03876,1.03843,-51.45868,-3038.00000
3.38351,3.38482,3.38581,3.38581,3.38910,2.21590,2.21754,2.21721,2.21458,2.21195,1.03843,1.03777,1.03843,1.03678,1.03810,-51.45868,-3037.00000
3.39140,3.38383,3.38581,3.38614,3.38614,2.22116,2.21853,2.22280,2.21919,2.21688,1.03678,1.03974,1.03777,1.03908,1.03711,-51.79765,-3036.00000
3.38778,3.39008,3.38811,3.38383,3.38647,2.21623,2.21853,2.21754,2.21590,2.21623,1.04007,1.03876,1.04073,1.03876,1.03974,-51.79765,-3035.00000
3.38482,3.38647,3.38877,3.38186,3.38482,2.21425,2.21886,2.21919,2.21491,2.21754,1.04270,1.03777,1.04007,1.04073,1.03580,-51.92109,-3034.00000
3.38614,3.38120,3.38614,3.38416,3.38383,2.21623,2.21458,2.21458,2.21557,2.21392,1.03711,1.03941,1.03908,1.03777,1.04336,-51.92109,-3033.00000
3.37594,3.38383,3.38778,3.38383,3.38745,2.21984,2.21491,2.21754,2.21096,2.21524,1.03744,1.03876,1.04172,1.03612,1.04204,-51.99687,-3032.00000
3.38449,3.38581,3.38581,3.38153,3.38351,2.20998,2.21294,2.21721,2.21129,2.21952,1.03908,1.04204,1.03580,1.03941,1.04040,-51.99687,-3031.00000
3.38219,3.38515,3.38581,3.38647,3.38285,2.21129,2.20965,2.21327,2.21524,2.21524,1.03843,1.04303,1.03580,1.04007,1.04106,-51.71699,-3030.00000
3.38383,3.38153,3.38449,3.38383,3.38186,2.21195,2.20998,2.21656,2.21787,2.21623,1.03744,1.04270,1.04040,1.04007,1.03941,-51.56784,-3029.00000
3.38416,3.38647,3.38449,3.38614,3.37923,2.21327,2.21787,2.21360,2.21524,2.21327,1.04204,1.03974,1.03711,1.03908,1.03744,-51.56784,-3028.00000
3.38515,3.38153,3.38811,3.38581,3.38087,2.21392,2.21392,2.21392,2.21129,2.21853,1.04040,1.03941,1.03974,1.03941,1.04139,-51.56784,-3027.00000
3.37890,3.38778,3.38778,3.38219,3.38153,2.21195,2.21524,2.21623,2.21458,2.21096,1.03547,1.04106,1.04073,1.03941,1.03843,-51.26983,-3026.00000
3.37956,3.38219,3.38285,3.38054,3.38383,2.21557,2.21360,2.20965,2.21031,2.21129,1.03941,1.03711,1.03448,1.04106,1.04007,-51.26983,-3025.00000
3.38712,3.38975,3.38054,3.38120,3.38383,2.21294,2.21327,2.20932,2.20800,2.21458,1.03908,1.03711,1.03974,1.03941,1.03843,-51.46342,-3024.00000
3.38383,3.38844,3.37627,3.39041,3.38219,2.21360,2.21425,2.21327,2.21721,2.21261,1.03810,1.04303,1.03678,1.03810,1.03876,-51.46342,-3023.00000
3.38153,3.38120,3.38449,3.38811,3.37956,2.21458,2.21327,2.20899,2.21886,2.21195,1.03711,1.03876,1.03941,1.03547,1.04106,-51.47040,-3022.00000
3.37528,3.38581,3.38153,3.38252,3.37726,2.21458,2.21491,2.21294,2.21787,2.21327,1.03941,1.03744,1.03777,1.03645,1.03514,-51.43274,-3021.00000
3.38581,3.38416,3.38022,3.38087,3.38712,2.21096,2.21787,2.21458,2.21327,2.21787,1.03908,1.03810,1.04073,1.03777,1.03415,-51.43274,-3020.00000
3.37956,3.37561,3.39074,3.38318,3.38416,2.21590,2.21919,2.21261,2.21294,2.21360,1.03711,1.03645,1.03678,1.03974,1.03810,-51.43274,-3019.00000
3.38022,3.38383,3.37824,3.38515,3.39041,2.21524,2.21491,2.21392,2.21129,2.21327,1.04106,1.03810,1.03612,1.04204,1.03876,-51.65666,-3018.00000
3.37890,3.38153,3.38581,3.37693,3.38153,2.21557,2.21688,2.21524,2.21327,2.21228,1.03448,1.03876,1.03876,1.03711,1.04040,-51.65666,-3017.00000
3.38054,3.38285,3.38482,3.38087,3.38416,2.21064,2.21491,2.21327,2.21294,2.21557,1.03744,1.03908,1.04270,1.03908,1.03974,-51.50646,-3016.00000
3.37495,3.38120,3.37462,3.38482,3.38186,2.21491,2.21195,2.21623,2.20998,2.21458,1.03777,1.03744,1.03810,1.04237,1.03777,-51.18660,-3015.00000
3.38811,3.37791,3.38614,3.38383,3.37956,2.21261,2.21327,2.21327,2.21162,2.21458,1.04040,1.04303,1.03941,1.03974,1.03974,-51.25981,-3014.00000
3.37923,3.38351,3.38153,3.38054,3.38745,2.21129,2.21787,2.21590,2.21425,2.21524,1.04073,1.03843,1.04106,1.03876,1.03810,-51.25981,-3013.00000
3.38383,3.38120,3.38351,3.38318,3.38745,2.21327,2.21096,2.21392,2.21228,2.21261,1.04237,1.03744,1.04073,1.04073,1.04237,-51.25981,-3012.00000
3.38153,3.37923,3.38351,3.38153,3.38482,2.21129,2.21294,2.21162,2.21623,2.21360,1.03941,1.04106,1.03711,1.04139,1.04106,-51.19958,-3011.00000
3.37989,3.38515,3.38087,3.38351,3.38054,2.21195,2.21261,2.21524,2.21590,2.21294,1.03678,1.03678,1.04237,1.03711,1.03876,-51.19958,-3010.00000
3.37561,3.38285,3.37791,3.38877,3.38120,2.21294,2.21129,2.21392,2.20998,2.21261,1.04237,1.03974,1.04139,1.03941,1.03481,-50.93318,-3009.00000
3.38285,3.37561,3.38383,3.38482,3.38449,2.21195,2.21360,2.21162,2.20998,2.21688,1.04040,1.04040,1.04369,1.03941,1.03810,-50.93318,-3008.00000
3.38219,3.37726,3.38120,3.38153,3.37923,2.21195,2.21195,2.21327,2.21458,2.21261,1.03908,1.04073,1.04204,1.04040,1.03974,-51.45871,-3007.00000
3.37791,3.37660,3.38186,3.37989,3.38285,2.20768,2.21458,2.21064,2.21623,2.21261,1.04632,1.04172,1.04501,1.04106,1.04073,-51.22150,-3006.00000
3.38416,3.38153,3.37857,3.38219,3.38515,2.21392,2.21623,2.21853,2.21425,2.21360,1.03941,1.04139,1.04303,1.03810,1.04106,-51.22150,-3005.00000
3.37956,3.37956,3.38087,3.38351,3.37758,2.21294,2.21392,2.21392,2.21360,2.21294,1.04172,1.03908,1.03744,1.03941,1.03908,-51.22150,-3004.00000
3.37495,3.38219,3.38022,3.37956,3.38383,2.21458,2.21524,2.21458,2.21228,2.20866,1.04402,1.03908,1.04007,1.04204,1.03744,-51.13009,-3003.00000
3.38449,3.38022,3.37660,3.38252,3.38120,2.20636,2.21392,2.21031,2.21129,2.21590,1.04172,1.03876,1.04336,1.04040,1.04270,-51.13009,-3002.00000
3.38515,3.38219,3.38120,3.38186,3.37397,2.21491,2.21261,2.20965,2.21096,2.20833,1.04007,1.04369,1.04402,1.04204,1.04139,-51.02683,-3001.00000
3.38351,3.38515,3.37594,3.37758,3.37528,2.21491,2.21754,2.21096,2.21820,2.20833,1.04435,1.04172,1.04533,1.04336,1.04073,-51.02683,-3000.00000
3.37989,3.38153,3.38482,3.38252,3.38482,2.21425,2.21195,2.21031,2.21228,2.21360,1.04040,1.04402,1.03974,1.04073,1.04303,-51.36977,-2999.00000
3.38087,3.38186,3.38351,3.38186,3.37890,2.21031,2.21327,2.21162,2.21096,2.21327,1.04237,1.04172,1.04172,1.04237,1.04073,-51.36977,-2998.00000
3.38054,3.38383,3.38482,3.38614,3.38153,2.21261,2.21458,2.21853,2.21557,2.21590,1.04106,1.03908,1.04303,1.04204,1.04139,-50.92946,-2997.00000
3.38614,3.37923,3.38581,3.38087,3.38647,2.21458,2.21458,2.21688,2.21491,2.21096,1.03974,1.04303,1.04073,1.04270,1.04139,-50.92946,-2996.00000
3.38712,3.38087,3.38745,3.38153,3.38022,2.21129,2.21096,2.21327,2.21392,2.21524,1.04106,1.04106,1.04270,1.04007,1.04106,-50.74171,-2995.00000
3.38482,3.38087,3.38383,3.38614,3.38548,2.21656,2.21458,2.21425,2.20932,2.21853,1.04139,1.04237,1.04172,1.04172,1.04829,-50.74171,-2994.00000
3.38120,3.38778,3.38647,3.38647,3.38285,2.21392,2.21623,2.21162,2.21294,2.21820,1.04566,1.04731,1.04336,1.03908,1.04402,-51.32130,-2993.00000
3.38219,3.38844,3.38943,3.38219,3.38548,2.21590,2.21162,2.21261,2.21491,2.21261,1.04501,1.03843,1.04073,1.04665,1.04172,-51.32130,-2992.00000
3.38614,3.38712,3.38416,3.38679,3.38811,2.21590,2.21787,2.21721,2.21360,2.21327,1.04435,1.04106,1.04336,1.04139,1.04237,-51.66862,-2991.00000
3.38910,3.38351,3.38943,3.38745,3.38581,2.21688,2.21590,2.21820,2.21754,2.21721,1.04566,1.04435,1.04566,1.04435,1.04204,-51.66862,-2990.00000
3.38844,3.38614,3.38482,3.38877,3.38186,2.21491,2.21557,2.21623,2.21327,2.21721,1.04501,1.04303,1.04369,1.04435,1.04139,-51.59256,-2989.00000
3.38449,3.38745,3.39074,3.38877,3.38877,2.21458,2.21360,2.21557,2.21360,2.21458,1.04204,1.04303,1.04303,1.04632,1.04369,-51.59256,-2988.00000
3.38383,3.38120,3.38778,3.38679,3.39074,2.21688,2.21360,2.21787,2.21458,2.21952,1.04402,1.04106,1.03876,1.04040,1.04468,-51.68345,-2987.00000
3.39008,3.38745,3.39239,3.38318,3.38811,2.21688,2.21853,2.21524,2.21754,2.21425,1.04270,1.04106,1.04435,1.04435,1.04632,-51.68345,-2986.00000
3.38515,3.38318,3.38877,3.39271,3.38811,2.21491,2.21820,2.21886,2.21721,2.21195,1.04402,1.04336,1.04468,1.04204,1.04435,-51.41690,-2985.00000
3.39173,3.38877,3.38910,3.38416,3.38647,2.21623,2.21360,2.21623,2.21853,2.21886,1.04402,1.04040,1.04172,1.04237,1.04204,-51.41690,-2984.00000
3.38679,3.38877,3.38515,3.38844,3.39271,2.21458,2.21853,2.22050,2.21919,2.21656,1.04468,1.04468,1.04632,1.04073,1.04303,-51.40521,-2983.00000
3.39074,3.38811,3.38449,3.39008,3.39239,2.21919,2.21952,2.21787,2.21853,2.21721,1.04303,1.04073,1.04369,1.04402,1.04204,-51.40521,-2982.00000
3.38219,3.39370,3.38778,3.38679,3.38285,2.21491,2.21754,2.21458,2.22149,2.21754,1.04172,1.04501,1.04599,1.04073,1.04533,-51.45764,-2981.00000
3.38943,3.38844,3.39041,3.38778,3.38679,2.22149,2.21392,2.21557,2.21491,2.21656,1.04007,1.04336,1.04435,1.04797,1.04468,-51.45764,-2980.00000
3.38778,3.38416,3.39074,3.39206,3.38712,2.21820,2.22182,2.21787,2.21491,2.22116,1.04501,1.04665,1.04369,1.04237,1.04139,-51.33309,-2979.00000
3.39107,3.38581,3.39206,3.38943,3.39107,2.21853,2.22083,2.21886,2.21623,2.21590,1.04303,1.04566,1.04204,1.04501,1.04402,-51.42746,-2978.00000
3.38844,3.39469,3.39206,3.38877,3.38581,2.22116,2.21721,2.21360,2.22017,2.22248,1.04665,1.04237,1.04501,1.04435,1.04336,-51.42746,-2977.00000
3.39008,3.39567,3.38548,3.39403,3.39502,2.22050,2.21524,2.21919,2.21129,2.21787,1.04040,1.04139,1.04172,1.04435,1.04237,-51.22508,-2976.00000
3.38975,3.38811,3.39041,3.39271,3.38745,2.21721,2.21787,2.21491,2.21853,2.21787,1.04632,1.04435,1.04468,1.04533,1.04204,-51.22508,-2975.00000
3.38482,3.38844,3.39403,3.38482,3.39074,2.21886,2.21984,2.22083,2.21656,2.21787,1.04040,1.04468,1.04698,1.04007,1.04468,-51.22508,-2974.00000
3.39074,3.38811,3.38877,3.39239,3.39008,2.21524,2.21754,2.21984,2.20965,2.21557,1.04468,1.04566,1.04533,1.04303,1.04402,-51.17316,-2973.00000
3.38449,3.38581,3.39008,3.39041,3.38910,2.21688,2.21787,2.22248,2.21853,2.21721,1.04764,1.04402,1.04303,1.04237,1.04336,-50.98393,-2972.00000
3.39370,3.39469,3.38910,3.39041,3.39107,2.21984,2.22050,2.21590,2.21919,2.21360,1.04533,1.04533,1.04435,1.04829,1.04501,-50.98393,-2971.00000
3.39074,3.39765,3.38975,3.39107,3.38877,2.21491,2.21721,2.22050,2.21721,2.22083,1.04533,1.04501,1.04731,1.04369,1.04336,-50.98393,-2970.00000
3.39567,3.38811,3.39337,3.39239,3.38745,2.21787,2.22083,2.22379,2.22248,2.21524,1.04533,1.04468,1.04303,1.04468,1.04632,-50.93265,-2969.00000
3.39173,3.39206,3.38844,3.38844,3.39436,2.21754,2.21721,2.21952,2.21590,2.22445,1.04566,1.04599,1.04764,1.04435,1.04764,-50.93265,-2968.00000
3.39469,3.39173,3.39567,3.39239,3.40028,2.21919,2.21754,2.21853,2.21787,2.22445,1.04336,1.04270,1.04632,1.04599,1.04533,-50.75848,-2967.00000
3.38943,3.39370,3.39008,3.39502,3.39008,2.21656,2.22017,2.21919,2.21623,2.22412,1.04402,1.04632,1.04533,1.04336,1.04501,-50.75848,-2966.00000
3.38679,3.39271,3.39173,3.39239,3.39173,2.21754,2.21820,2.21623,2.22017,2.21590,1.04764,1.04829,1.04501,1.04566,1.04402,-50.59029,-2965.00000
3.39041,3.39666,3.38975,3.39403,3.39173,2.21886,2.21754,2.22248,2.21623,2.21623,1.04895,1.04533,1.04468,1.04336,1.04895,-50.59029,-2964.00000
3.39041,3.39107,3.39337,3.39008,3.39041,2.22116,2.22083,2.22116,2.21984,2.21656,1.04566,1.04501,1.04764,1.04369,1.04994,-51.10805,-2963.00000
3.39271,3.39041,3.39239,3.39765,3.39337,2.22149,2.21590,2.22182,2.22050,2.22215,1.04829,1.04402,1.04665,1.04303,1.04928,-51.10805,-2962.00000
3.39173,3.39041,3.39074,3.39798,3.39633,2.21952,2.21984,2.21952,2.22083,2.22215,1.04533,1.04632,1.04533,1.04731,1.04895,-51.29534,-2961.00000
3.39140,3.38943,3.39140,3.39370,3.39535,2.21952,2.21952,2.21754,2.22215,2.21721,1.04237,1.04764,1.04994,1.04862,1.04566,-51.29534,-2960.00000
3.39041,3.38712,3.39502,3.39041,3.39008,2.21787,2.21820,2.22412,2.21787,2.21919,1.04797,1.04501,1.04698,1.04895,1.04764,-51.73921,-2959.00000
3.38679,3.38745,3.39304,3.39436,3.38449,2.22215,2.22083,2.21886,2.22116,2.22050,1.04632,1.04994,1.04237,1.04731,1.04632,-51.73921,-2958.00000
3.39173,3.39107,3.39271,3.38778,3.38844,2.21853,2.22017,2.22083,2.21688,2.21952,1.05060,1.04665,1.04994,1.04731,1.04797,-52.08232,-2957.00000
3.38844,3.38647,3.38975,3.39107,3.38745,2.22182,2.22182,2.22182,2.21656,2.22280,1.04797,1.04501,1.04599,1.04829,1.05060,-52.08232,-2956.00000
3.39403,3.39633,3.38745,3.39502,3.39567,2.21820,2.21787,2.22050,2.22149,2.21820,1.04797,1.04764,1.04829,1.04632,1.04040,-51.69909,-2955.00000
3.38910,3.39140,3.39535,3.39337,3.39041,2.21557,2.21392,2.21590,2.21721,2.22017,1.04928,1.04336,1.04797,1.04829,1.04599,-51.69909,-2954.00000
3.39633,3.38943,3.39535,3.39337,3.38745,2.21656,2.22050,2.21952,2.21392,2.21787,1.04270,1.04764,1.04336,1.04797,1.04566,-51.53800,-2953.00000
3.38778,3.38647,3.39206,3.38778,3.38844,2.21886,2.22280,2.21886,2.22017,2.21721,1.04698,1.04731,1.04270,1.04829,1.04862,-51.53800,-2952.00000
3.38844,3.38416,3.39403,3.39008,3.39107,2.22050,2.22445,2.22116,2.21787,2.21656,1.04797,1.04731,1.04829,1.04435,1.04764,-51.40131,-2951.00000
3.39469,3.38943,3.39304,3.39403,3.38943,2.22017,2.22017,2.21557,2.21886,2.21688,1.04270,1.04632,1.04435,1.04566,1.04698,-51.40131,-2950.00000
3.39469,3.39239,3.39567,3.39436,3.38910,2.22280,2.22116,2.21688,2.22149,2.22083,1.04731,1.04829,1.04797,1.04829,1.05027,-51.29879,-2949.00000
3.39239,3.39699,3.39337,3.39041,3.39469,2.21327,2.21590,2.22511,2.21590,2.21919,1.04369,1.04369,1.04797,1.04566,1.04599,-51.29879,-2948.00000
3.39567,3.38943,3.39206,3.39633,3.39403,2.21754,2.22116,2.22346,2.21820,2.21886,1.04862,1.04764,1.04731,1.04336,1.04303,-51.49737,-2947.00000
3.39173,3.39206,3.38515,3.39370,3.38745,2.21656,2.22215,2.21952,2.22149,2.21721,1.04698,1.04797,1.04468,1.04829,1.04501,-51.49737,-2946.00000
3.39403,3.39107,3.40061,3.38679,3.39535,2.22116,2.21392,2.21984,2.21425,2.22050,1.04764,1.04402,1.04566,1.04468,1.04303,-51.44096,-2945.00000
3.39337,3.39699,3.39370,3.39304,3.39140,2.21984,2.21787,2.22215,2.21721,2.21688,1.04468,1.04599,1.04566,1.05191,1.04665,-51.44096,-2944.00000
3.39403,3.39732,3.39239,3.39567,3.38943,2.22149,2.22116,2.21919,2.22609,2.21787,1.04501,1.04764,1.04928,1.04665,1.04501,-51.72724,-2943.00000
3.39041,3.39469,3.39206,3.38844,3.39337,2.22807,2.22050,2.21984,2.22050,2.22280,1.04797,1.04402,1.04566,1.04829,1.04665,-51.72724,-2942.00000
3.39206,3.39239,3.38943,3.39304,3.39304,2.21886,2.21820,2.22379,2.21557,2.21787,1.04533,1.04501,1.04468,1.04336,1.04731,-51.71302,-2941.00000
3.39008,3.39370,3.39239,3.39206,3.39403,2.21392,2.21886,2.21721,2.22609,2.22346,1.04698,1.04632,1.04665,1.04402,1.04599,-51.71302,-2940.00000
3.38910,3.39436,3.39206,3.39206,3.39600,2.21919,2.22050,2.22050,2.22182,2.22116,1.04468,1.04764,1.05060,1.04698,1.04533,-51.06063,-2939.00000
3.38943,3.39041,3.38975,3.39403,3.38910,2.22149,2.22280,2.22248,2.21919,2.21754,1.05224,1.04764,1.04895,1.04895,1.04961,-51.06063,-2938.00000
3.39041,3.39140,3.38647,3.39929,3.38910,2.22149,2.22675,2.22215,2.21984,2.21721,1.04369,1.04303,1.04731,1.04731,1.04895,-51.23280,-2937.00000
3.39206,3.38712,3.39403,3.39041,3.39732,2.21787,2.21590,2.21984,2.22083,2.21820,1.04435,1.04599,1.04369,1.04566,1.04303,-51.23280,-2936.00000
3.38811,3.39140,3.39436,3.38515,3.38778,2.21524,2.21656,2.22215,2.21984,2.21886,1.04731,1.04566,1.04501,1.04665,1.04533,-51.11321,-2935.00000
3.39173,3.39436,3.38943,3.39107,3.39074,2.22116,2.22083,2.22050,2.21656,2.22182,1.05027,1.04895,1.04139,1.04928,1.04665,-51.11321,-2934.00000
3.39271,3.38975,3.39567,3.38548,3.39304,2.22149,2.21984,2.21919,2.22017,2.21853,1.04895,1.05060,1.04994,1.04632,1.04731,-51.09533,-2933.00000
3.39173,3.39107,3.39173,3.38910,3.39633,2.22182,2.22149,2.21886,2.22116,2.22050,1.04731,1.04501,1.04435,1.04533,1.04764,-51.09533,-2932.00000
3.38910,3.38811,3.38712,3.38778,3.39337,2.22116,2.21787,2.21984,2.21952,2.21853,1.04303,1.04698,1.04731,1.04402,1.04632,-51.29337,-2931.00000
3.38877,3.38910,3.39271,3.38745,3.38877,2.22083,2.21623,2.21886,2.22478,2.21656,1.04336,1.04402,1.04731,1.04829,1.04731,-51.29337,-2930.00000
3.39140,3.38975,3.39107,3.38778,3.38844,2.22182,2.21458,2.21754,2.22083,2.21590,1.04764,1.04862,1.04994,1.04961,1.04829,-51.34727,-2929.00000
3.39304,3.38482,3.39173,3.39239,3.39008,2.22215,2.21919,2.21590,2.21886,2.21952,1.04369,1.04665,1.04731,1.04632,1.04665,-51.34727,-2928.00000
3.38811,3.38975,3.38910,3.39074,3.39140,2.21458,2.21721,2.21787,2.21721,2.21984,1.04764,1.04829,1.04895,1.04698,1.04336,-51.14395,-2927.00000
3.39337,3.39271,3.39107,3.39271,3.39403,2.21623,2.21557,2.21754,2.22050,2.22017,1.05060,1.04665,1.04632,1.05125,1.04468,-51.14395,-2926.00000
3.39666,3.39370,3.38975,3.39436,3.39041,2.21623,2.21853,2.22280,2.22215,2.21754,1.04731,1.04501,1.05257,1.04928,1.05093,-51.14512,-2925.00000
3.38811,3.39469,3.39107,3.38778,3.38910,2.21656,2.21853,2.21919,2.21721,2.22346,1.04961,1.04928,1.04698,1.04862,1.04797,-51.14512,-2924.00000
3.38877,3.39173,3.38910,3.39370,3.39008,2.21984,2.21820,2.21886,2.21754,2.22248,1.04599,1.04829,1.04665,1.04764,1.05027,-51.13776,-2923.00000
3.39337,3.39173,3.38844,3.39008,3.38745,2.21886,2.20899,2.21787,2.21787,2.21853,1.04632,1.04895,1.05093,1.04665,1.04797,-51.13776,-2922.00000
3.38975,3.38811,3.38482,3.39239,3.38581,2.22083,2.21919,2.21392,2.22050,2.22313,1.04895,1.05290,1.04961,1.05027,1.04632,-51.00590,-2921.00000
3.39239,3.39008,3.39337,3.38877,3.38778,2.21590,2.21853,2.21524,2.21557,2.21886,1.04862,1.04895,1.04566,1.04731,1.04862,-51.00590,-2920.00000
3.39008,3.38811,3.38449,3.39074,3.39239,2.22182,2.21754,2.21524,2.21228,2.21590,1.04731,1.04665,1.04698,1.04665,1.05125,-51.22399,-2919.00000
3.39271,3.39173,3.39370,3.39140,3.38416,2.22050,2.21754,2.21952,2.21886,2.21656,1.04665,1.04566,1.04797,1.04829,1.04961,-51.22399,-2918.00000
3.38745,3.39041,3.39206,3.39173,3.38548,2.22511,2.21886,2.21886,2.21853,2.22149,1.04665,1.04797,1.04665,1.04961,1.04895,-51.25545,-2917.00000
3.38877,3.38482,3.39271,3.39370,3.39140,2.21984,2.21919,2.21688,2.22116,2.21590,1.04665,1.04665,1.04928,1.04632,1.04665,-51.25545,-2916.00000
3.38910,3.39403,3.39107,3.38614,3.39403,2.22017,2.22050,2.21458,2.21787,2.22083,1.04928,1.05093,1.04829,1.04829,1.05093,-50.77186,-2915.00000
3.39469,3.39436,3.39436,3.39337,3.38811,2.22313,2.21688,2.21787,2.21623,2.21886,1.04566,1.04501,1.05027,1.04961,1.04862,-50.77186,-2914.00000
3.38975,3.38975,3.38975,3.39436,3.39370,2.21886,2.21688,2.21984,2.21787,2.21919,1.04928,1.05191,1.04829,1.04928,1.05093,-51.11190,-2913.00000
3.39271,3.38877,3.39304,3.39008,3.39370,2.21590,2.22248,2.21590,2.22149,2.21886,1.05027,1.04895,1.04797,1.04994,1.04994,-51.11190,-2912.00000
3.39107,3.38811,3.39271,3.39929,3.39074,2.21787,2.22050,2.21656,2.22511,2.21886,1.05224,1.05224,1.05093,1.04764,1.04632,-50.56712,-2911.00000
3.38943,3.39403,3.38712,3.38844,3.38975,2.21623,2.21919,2.21195,2.22215,2.21754,1.05125,1.04928,1.05027,1.04961,1.04829,-50.56712,-2910.00000
3.39370,3.39535,3.39074,3.39337,3.38910,2.22248,2.21853,2.22445,2.22412,2.22182,1.05060,1.04895,1.04895,1.05191,1.05323,-50.22183,-2909.00000
3.39337,3.39304,3.39337,3.39337,3.39304,2.22017,2.22050,2.22017,2.21787,2.22280,1.04797,1.04994,1.04501,1.05125,1.05158,-49.83538,-2908.00000
3.39271,3.39008,3.39140,3.39600,3.39403,2.21721,2.21754,2.22346,2.21820,2.22346,1.04994,1.04632,1.04961,1.04862,1.04994,-49.83538,-2907.00000
3.39041,3.39535,3.39403,3.39107,3.39567,2.22149,2.21754,2.21425,2.22248,2.22346,1.04961,1.04895,1.04797,1.05290,1.05027,-49.83538,-2906.00000
3.39107,3.39403,3.39469,3.38844,3.38778,2.22050,2.21886,2.21754,2.21524,2.21491,1.04764,1.04961,1.04994,1.04632,1.05323,-48.76233,-2905.00000
3.39271,3.39567,3.39337,3.38877,3.39502,2.21952,2.21820,2.21721,2.22346,2.22675,1.04829,1.05224,1.04829,1.05125,1.05125,-48.76233,-2904.00000
3.38712,3.38943,3.38416,3.39863,3.39370,2.21688,2.22248,2.21952,2.21721,2.21919,1.04862,1.05191,1.04764,1.05093,1.05060,-48.60360,-2903.00000
3.39008,3.39502,3.39008,3.39008,3.39403,2.21919,2.22116,2.22050,2.22116,2.21557,1.05060,1.05191,1.05093,1.05290,1.05060,-48.60360,-2902.00000
3.38943,3.39008,3.39107,3.39403,3.38679,2.22412,2.21524,2.21886,2.22017,2.21919,1.04665,1.05158,1.05191,1.04862,1.05356,-48.30083,-2901.00000
3.38318,3.39271,3.39337,3.38844,3.38877,2.22412,2.22017,2.22182,2.21721,2.21491,1.04994,1.04895,1.04928,1.04797,1.05356,-48.30083,-2900.00000
3.38581,3.39173,3.38548,3.39173,3.39271,2.22017,2.21524,2.22182,2.21721,2.21590,1.04731,1.04632,1.04862,1.04731,1.05027,-45.44274,-2899.00000
3.38548,3.38745,3.39107,3.38778,3.38811,2.21688,2.21721,2.22182,2.21853,2.21721,1.05257,1.04829,1.04961,1.04862,1.05125,-45.44274,-2898.00000
3.38679,3.39304,3.39107,3.39206,3.39239,2.21754,2.21853,2.21952,2.22083,2.21656,1.04994,1.05060,1.04895,1.05290,1.05093,-45.20564,-2897.00000
3.39271,3.39074,3.38745,3.39107,3.39041,2.21984,2.21688,2.21820,2.21524,2.22149,1.04928,1.04797,1.05191,1.05224,1.05191,-45.20564,-2896.00000
3.38614,3.38383,3.38844,3.39107,3.38712,2.21853,2.21820,2.21787,2.21820,2.21820,1.04961,1.04928,1.05060,1.05027,1.04862,-45.93625,-2895.00000
3.39370,3.38745,3.39567,3.38614,3.39041,2.22379,2.21590,2.21623,2.21590,2.21392,1.04764,1.04797,1.04731,1.05093,1.04731,-45.93625,-2894.00000
3.39041,3.38910,3.38844,3.38975,3.39074,2.21623,2.22116,2.21984,2.21524,2.21984,1.04764,1.04764,1.05158,1.05093,1.04862,-46.65770,-2893.00000
3.38745,3.38548,3.38548,3.38778,3.38877,2.21360,2.21425,2.21425,2.21688,2.21754,1.05191,1.04994,1.04994,1.04632,1.05060,-46.65770,-2892.00000
3.39107,3.38877,3.38778,3.38712,3.39436,2.21360,2.21886,2.21656,2.21787,2.21952,1.05553,1.05027,1.04698,1.04797,1.05125,-46.94497,-2891.00000
3.39140,3.38712,3.38778,3.38679,3.39206,2.22083,2.21656,2.21787,2.21787,2.21886,1.04764,1.04895,1.04665,1.05356,1.04862,-46.94497,-2890.00000
3.39074,3.38844,3.38252,3.38351,3.38383,2.21853,2.21656,2.21952,2.21590,2.21952,1.04764,1.04928,1.05027,1.05125,1.05158,-47.50759,-2889.00000
3.38351,3.38975,3.39008,3.39239,3.39304,2.21524,2.21557,2.21491,2.21327,2.21721,1.05158,1.04797,1.04961,1.04895,1.04797,-47.50759,-2888.00000
3.38877,3.38219,3.38482,3.39206,3.38614,2.21524,2.22116,2.21754,2.21721,2.21787,1.04566,1.04665,1.04862,1.04862,1.04862,-48.02589,-2887.00000
3.38416,3.39008,3.38482,3.38975,3.38581,2.21688,2.21853,2.22346,2.21392,2.21590,1.04599,1.05027,1.04336,1.04501,1.04599,-48.44955,-2886.00000
3.38252,3.38614,3.39271,3.38844,3.38416,2.21919,2.21623,2.21820,2.20998,2.21392,1.04829,1.04599,1.04566,1.04698,1.04698,-48.44955,-2885.00000
3.38712,3.39008,3.38219,3.38712,3.38515,2.21327,2.21327,2.21656,2.20965,2.21656,1.04764,1.04599,1.04501,1.04862,1.04533,-48.44955,-2884.00000
3.38153,3.38581,3.38482,3.38910,3.38614,2.21754,2.21787,2.20965,2.21590,2.21623,1.04533,1.04369,1.04632,1.04698,1.04599,-48.95335,-2883.00000
3.38647,3.38778,3.38647,3.38285,3.38252,2.21853,2.21491,2.21656,2.21392,2.21491,1.04566,1.04994,1.05060,1.04862,1.04533,-48.95335,-2882.00000
3.38120,3.39041,3.38943,3.38416,3.38054,2.21820,2.22083,2.21688,2.21886,2.21491,1.04040,1.04797,1.04632,1.04402,1.04632,-49.20620,-2881.00000
3.38186,3.38383,3.38318,3.38383,3.38910,2.21787,2.21360,2.21294,2.21360,2.21688,1.04533,1.04665,1.04665,1.04895,1.04533,-49.20620,-2880.00000
3.38581,3.38811,3.38022,3.38416,3.38745,2.21688,2.21261,2.21623,2.21688,2.21458,1.04895,1.04698,1.04829,1.04797,1.04961,-50.31227,-2879.00000
3.38219,3.38844,3.38778,3.38679,3.38087,2.21064,2.21392,2.20899,2.21327,2.21557,1.04928,1.04665,1.04764,1.04797,1.04862,-50.31227,-2878.00000
3.38647,3.38351,3.38383,3.38712,3.39107,2.21721,2.21327,2.21656,2.21557,2.21360,1.04468,1.04829,1.04829,1.04764,1.04764,-50.67856,-2877.00000
3.38219,3.39436,3.38614,3.38712,3.38581,2.21458,2.21129,2.21360,2.20932,2.21853,1.04862,1.04336,1.05060,1.04632,1.04797,-50.67856,-2876.00000
3.38975,3.38120,3.38482,3.38252,3.38778,2.21162,2.21590,2.20965,2.21919,2.21820,1.04928,1.04731,1.04533,1.04632,1.04468,-50.78278,-2875.00000
3.38647,3.38449,3.38877,3.38844,3.38614,2.21392,2.21458,2.21360,2.21458,2.21820,1.04895,1.04402,1.05257,1.04994,1.04468,-50.78278,-2874.00000
3.38745,3.38548,3.38383,3.38548,3.38844,2.21590,2.21952,2.22182,2.21524,2.21458,1.04731,1.04797,1.04862,1.04665,1.04797,-50.37699,-2873.00000
3.39107,3.38252,3.39239,3.38515,3.39239,2.21195,2.21721,2.21195,2.21524,2.21524,1.04599,1.04764,1.04764,1.04665,1.04566,-50.37699,-2872.00000
3.38548,3.38548,3.38647,3.38975,3.39107,2.21886,2.21721,2.20998,2.21721,2.21228,1.04928,1.04829,1.05027,1.04501,1.05224,-50.67451,-2871.00000
3.38943,3.38778,3.38416,3.38449,3.38153,2.21656,2.21195,2.22083,2.21557,2.21195,1.05060,1.04961,1.04665,1.05093,1.04862,-50.67451,-2870.00000
3.39008,3.38910,3.38679,3.38647,3.38647,2.21458,2.21623,2.21491,2.21623,2.21524,1.04303,1.05027,1.04862,1.04829,1.04566,-50.39922,-2869.00000
3.38647,3.38581,3.38614,3.38745,3.38054,2.22017,2.21458,2.21327,2.21787,2.21754,1.04764,1.04698,1.05027,1.04632,1.04994,-50.39922,-2868.00000
3.38416,3.38745,3.38745,3.38712,3.38482,2.21557,2.21787,2.21656,2.21228,2.21656,1.04829,1.04862,1.04599,1.04797,1.04698,-50.42565,-2867.00000
3.39107,3.38219,3.39206,3.39140,3.39074,2.21623,2.21557,2.21820,2.22182,2.21261,1.04928,1.04369,1.04632,1.04797,1.04665,-50.42565,-2866.00000
3.38877,3.38778,3.38581,3.38679,3.39206,2.21984,2.21327,2.21557,2.21820,2.21557,1.04665,1.04895,1.04928,1.04797,1.04599,-50.54744,-2865.00000
3.38679,3.38910,3.39107,3.38614,3.38614,2.21491,2.21360,2.21754,2.21327,2.21392,1.04994,1.04468,1.04928,1.04797,1.05125,-50.54744,-2864.00000
3.38449,3.38416,3.39107,3.38548,3.38548,2.21557,2.21557,2.22116,2.21228,2.21688,1.04895,1.05125,1.05060,1.04566,1.04928,-50.78163,-2863.00000
3.39008,3.39469,3.39008,3.38285,3.38811,2.21458,2.21787,2.21524,2.21656,2.21557,1.05257,1.05027,1.04961,1.04599,1.05027,-50.78163,-2862.00000
3.39074,3.38252,3.38614,3.38614,3.39304,2.21327,2.21360,2.21590,2.22050,2.21754,1.05027,1.04994,1.04764,1.04665,1.04435,-50.55689,-2861.00000
3.39041,3.38416,3.39271,3.39206,3.38811,2.22083,2.21360,2.21557,2.21590,2.22050,1.04599,1.04862,1.04961,1.04862,1.04829,-50.55689,-2860.00000
3.38745,3.38943,3.39337,3.39008,3.39304,2.22149,2.21491,2.21656,2.22083,2.21787,1.04665,1.04533,1.04862,1.05125,1.04895,-50.02946,-2859.00000
3.38712,3.38910,3.39074,3.38679,3.38679,2.21524,2.22083,2.21425,2.21623,2.21688,1.04961,1.04895,1.05027,1.05027,1.04764,-50.02946,-2858.00000
3.38811,3.39239,3.38811,3.39173,3.38778,2.21656,2.21688,2.21524,2.22149,2.21392,1.04829,1.05027,1.05224,1.04764,1.05027,-49.52160,-2857.00000
3.39041,3.39403,3.38778,3.39304,3.38482,2.21919,2.21820,2.21524,2.21195,2.21656,1.04862,1.05060,1.04895,1.04501,1.04698,-49.52160,-2856.00000
3.38745,3.38745,3.39239,3.38943,3.38614,2.21524,2.22017,2.21853,2.21327,2.20998,1.04632,1.05158,1.04566,1.04764,1.05158,-49.69571,-2855.00000
3.39008,3.38416,3.38482,3.39008,3.38351,2.21721,2.21360,2.21261,2.21623,2.21820,1.04632,1.04632,1.04961,1.05356,1.05125,-49.69571,-2854.00000
3.38351,3.38811,3.38186,3.38745,3.39239,2.21590,2.21787,2.21886,2.21656,2.21524,1.04994,1.04435,1.05125,1.04665,1.04829,-49.42442,-2853.00000
3.39206,3.38745,3.39008,3.38844,3.38910,2.21820,2.21754,2.21458,2.21853,2.21787,1.04764,1.04994,1.04994,1.04632,1.04731,-49.42442,-2852.00000
3.39041,3.38778,3.39107,3.39008,3.39600,2.21853,2.21425,2.21623,2.21590,2.21491,1.04731,1.04764,1.04994,1.04862,1.04731,-49.16055,-2851.00000
3.39041,3.38482,3.39469,3.39074,3.39074,2.21853,2.21360,2.21754,2.21787,2.21820,1.05027,1.04829,1.04928,1.04994,1.05093,-49.16055,-2850.00000
3.39403,3.38811,3.39304,3.39041,3.38745,2.21656,2.21294,2.21754,2.21656,2.22083,1.04895,1.04632,1.04994,1.05060,1.04797,-49.03835,-2849.00000
3.38811,3.39008,3.39008,3.39403,3.38910,2.21294,2.21623,2.21491,2.21590,2.21721,1.05060,1.04862,1.04994,1.04994,1.04829,-49.03835,-2848.00000
3.39239,3.38745,3.39239,3.38351,3.38647,2.21919,2.21853,2.21919,2.21721,2.21754,1.05125,1.04533,1.04961,1.05224,1.04764,-47.19256,-2847.00000
3.39074,3.38679,3.39403,3.38943,3.39304,2.21590,2.21688,2.22017,2.22050,2.21886,1.05027,1.05027,1.04797,1.05027,1.04533,-47.19256,-2846.00000
3.38811,3.39041,3.38778,3.39271,3.38416,2.21688,2.21392,2.21984,2.21360,2.21557,1.04994,1.04797,1.04797,1.04731,1.05060,-45.02941,-2845.00000
3.39074,3.39041,3.38252,3.39074,3.39206,2.21360,2.21886,2.22050,2.21688,2.21919,1.04928,1.05060,1.04961,1.05224,1.05027,-45.02941,-2844.00000
3.38975,3.38778,3.39107,3.38679,3.39666,2.21590,2.21623,2.21853,2.21392,2.21623,1.04665,1.05290,1.04829,1.04829,1.04961,-43.74031,-2843.00000
3.39008,3.38877,3.39206,3.39239,3.38778,2.21919,2.21623,2.21425,2.21721,2.21491,1.04829,1.05060,1.04566,1.04994,1.04501,-43.74031,-2842.00000
3.39173,3.38910,3.39107,3.38975,3.39206,2.21557,2.22116,2.21392,2.22149,2.22017,1.05158,1.05323,1.05060,1.04764,1.04632,-45.15956,-2841.00000
3.38778,3.39600,3.38811,3.39502,3.38712,2.21524,2.21787,2.21820,2.21425,2.21886,1.04665,1.04468,1.04862,1.04961,1.05060,-45.15956,-2840.00000
3.39239,3.38877,3.38811,3.38647,3.38778,2.21327,2.21721,2.22379,2.21392,2.21524,1.04961,1.04829,1.04928,1.05257,1.05093,-45.79485,-2839.00000
3.39008,3.38910,3.38778,3.39304,3.38745,2.21590,2.21557,2.21524,2.21886,2.21952,1.04994,1.05125,1.05093,1.05125,1.05125,-45.79485,-2838.00000
3.39337,3.39502,3.38975,3.39239,3.38943,2.22149,2.21656,2.21590,2.21952,2.21721,1.05224,1.04928,1.04533,1.05257,1.05191,-47.40978,-2837.00000
3.38877,3.38844,3.39074,3.39600,3.38778,2.21557,2.21688,2.21360,2.21820,2.21721,1.05257,1.05093,1.04928,1.04994,1.04961,-47.40978,-2836.00000
3.38877,3.39173,3.38712,3.38778,3.38844,2.22182,2.21853,2.21524,2.22050,2.21952,1.04994,1.05257,1.05093,1.04994,1.05125,-48.06974,-2835.00000
3.39074,3.39239,3.38910,3.39107,3.38712,2.22083,2.21360,2.21294,2.21688,2.22050,1.04797,1.05060,1.05093,1.04829,1.05060,-48.06974,-2834.00000
3.38844,3.38975,3.38482,3.38910,3.38679,2.22017,2.21491,2.22116,2.21458,2.22182,1.04862,1.04632,1.05224,1.04994,1.04797,-49.22911,-2833.00000
3.38712,3.38712,3.39074,3.39337,3.39041,2.22248,2.21886,2.22050,2.21787,2.21590,1.05191,1.05060,1.04994,1.05027,1.04928,-49.22911,-2832.00000
3.38877,3.38943,3.38877,3.38943,3.39337,2.22083,2.21623,2.21688,2.21688,2.21590,1.04928,1.05093,1.04862,1.05093,1.05191,-49.57396,-2831.00000
3.39074,3.38910,3.39107,3.38647,3.39304,2.22116,2.21919,2.21656,2.21656,2.21557,1.05158,1.04961,1.04994,1.05191,1.05158,-50.15217,-2830.00000
3.38877,3.38351,3.39107,3.38910,3.39239,2.22149,2.21721,2.21491,2.21261,2.21688,1.05027,1.04895,1.05191,1.05356,1.05027,-50.15217,-2829.00000
3.39140,3.38647,3.39403,3.38877,3.38778,2.21688,2.21952,2.21952,2.21327,2.21820,1.04862,1.05027,1.05060,1.04764,1.05060,-50.15217,-2828.00000
3.39271,3.39271,3.38943,3.38679,3.38811,2.21820,2.21787,2.21162,2.21886,2.21688,1.04928,1.04797,1.05158,1.05191,1.04797,-50.57345,-2827.00000
3.39304,3.39831,3.38647,3.38581,3.38844,2.21820,2.21425,2.21590,2.21623,2.21721,1.05093,1.05125,1.04994,1.04829,1.05290,-50.57345,-2826.00000
3.38910,3.39041,3.39107,3.38745,3.39206,2.21524,2.22050,2.21590,2.22182,2.21952,1.04895,1.04994,1.05356,1.04764,1.05191,-50.55646,-2825.00000
3.38975,3.38877,3.39140,3.39140,3.39239,2.22050,2.22116,2.21787,2.21557,2.21392,1.05158,1.05323,1.05060,1.05224,1.04829,-51.06433,-2824.00000
3.38647,3.39173,3.39567,3.39239,3.39469,2.22017,2.21656,2.22083,2.21853,2.21557,1.05093,1.05224,1.04829,1.05093,1.05224,-51.06433,-2823.00000
3.38975,3.38877,3.39239,3.39041,3.38910,2.21820,2.21491,2.21721,2.22050,2.21524,1.05454,1.05290,1.05125,1.05257,1.05060,-50.58260,-2822.00000
3.39304,3.38943,3.38943,3.39271,3.38844,2.21787,2.21984,2.21787,2.22116,2.21886,1.05356,1.05454,1.04961,1.04829,1.05323,-50.58260,-2821.00000
3.38482,3.39206,3.39535,3.39271,3.38975,2.21853,2.22083,2.21228,2.21886,2.21853,1.04961,1.05191,1.05191,1.04961,1.05125,-50.58260,-2820.00000
3.38712,3.38975,3.39469,3.39107,3.38910,2.21787,2.22215,2.21853,2.21721,2.21754,1.05191,1.04961,1.05060,1.05290,1.04764,-50.74159,-2819.00000
3.39008,3.38383,3.38811,3.38712,3.38219,2.21919,2.22050,2.21952,2.21952,2.22544,1.05060,1.05125,1.04961,1.05421,1.05027,-50.74159,-2818.00000
3.39271,3.38515,3.39436,3.38975,3.38943,2.22182,2.21360,2.21557,2.21721,2.21787,1.04928,1.05125,1.04994,1.04797,1.04994,-51.02174,-2817.00000
3.38844,3.38778,3.38877,3.39436,3.39041,2.21491,2.22379,2.21656,2.21787,2.21853,1.04829,1.04961,1.05323,1.05454,1.05060,-51.24105,-2816.00000
3.38778,3.39304,3.38745,3.38647,3.39535,2.22017,2.21721,2.21984,2.21886,2.21919,1.05158,1.05093,1.05027,1.05060,1.05323,-51.24105,-2815.00000
3.38811,3.39502,3.39337,3.39239,3.39173,2.21721,2.21392,2.21919,2.22017,2.21952,1.05191,1.04994,1.04928,1.05191,1.05060,-51.04872,-2814.00000
3.38811,3.39436,3.38943,3.38943,3.39173,2.21458,2.21458,2.21984,2.21590,2.21557,1.05356,1.05323,1.05191,1.05158,1.05093,-51.04872,-2813.00000
3.39041,3.38910,3.39140,3.38482,3.38910,2.21557,2.21984,2.21853,2.21688,2.21721,1.05454,1.05060,1.05323,1.05125,1.05290,-51.04872,-2812.00000
3.39074,3.38745,3.38548,3.39206,3.38811,2.21820,2.21919,2.21853,2.21820,2.21721,1.05125,1.05158,1.04928,1.05027,1.04895,-50.75123,-2811.00000
3.39271,3.38120,3.39535,3.39535,3.39107,2.21623,2.22050,2.21656,2.22050,2.21820,1.05454,1.04961,1.05421,1.04829,1.04994,-50.75123,-2810.00000
3.39008,3.39633,3.38811,3.39666,3.38745,2.22017,2.21557,2.21886,2.22050,2.21886,1.05093,1.05290,1.05356,1.05257,1.05619,-50.99561,-2809.00000
3.39469,3.39173,3.38811,3.39436,3.39206,2.21458,2.21656,2.22083,2.21820,2.21919,1.05487,1.05290,1.05356,1.05093,1.05191,-50.99561,-2808.00000
3.38975,3.38778,3.39469,3.39304,3.39008,2.21787,2.21787,2.21623,2.22149,2.22017,1.05093,1.05191,1.05356,1.05389,1.04764,-51.04948,-2807.00000
3.39074,3.39206,3.39502,3.38975,3.39173,2.21425,2.22346,2.22017,2.21952,2.21853,1.04665,1.05224,1.05454,1.05356,1.05125,-51.04948,-2806.00000
3.38943,3.38943,3.38910,3.38482,3.38778,2.21853,2.21754,2.21425,2.21557,2.22017,1.04862,1.05586,1.05027,1.05356,1.05356,-51.10330,-2805.00000
3.39041,3.38614,3.39337,3.38614,3.39107,2.21919,2.22083,2.21853,2.21853,2.21853,1.04895,1.05356,1.05093,1.05060,1.05027,-51.10330,-2804.00000
3.38647,3.39600,3.38811,3.38416,3.38745,2.21919,2.21491,2.21820,2.22182,2.21853,1.05257,1.05454,1.05323,1.05191,1.05290,-51.17336,-2803.00000
3.38943,3.38482,3.38318,3.38943,3.38975,2.21787,2.21754,2.21853,2.22050,2.21524,1.05323,1.05125,1.05060,1.04698,1.05158,-51.17336,-2802.00000
3.38581,3.39436,3.38877,3.39469,3.38910,2.21524,2.21688,2.22149,2.22149,2.21754,1.05224,1.05389,1.04928,1.05158,1.04928,-51.01662,-2801.00000
3.39337,3.39074,3.38383,3.38943,3.38975,2.21458,2.21952,2.21919,2.21688,2.21919,1.05290,1.04895,1.05027,1.04994,1.05093,-51.01662,-2800.00000
3.39666,3.39041,3.38811,3.38482,3.39337,2.21787,2.21886,2.22412,2.21491,2.21919,1.05125,1.05191,1.05125,1.05356,1.05060,-51.42644,-2799.00000
3.39239,3.39107,3.38679,3.38910,3.39140,2.21491,2.22182,2.22050,2.21524,2.21623,1.05125,1.05257,1.05586,1.04862,1.05454,-51.42644,-2798.00000
3.38745,3.39469,3.39337,3.39173,3.39107,2.22017,2.21984,2.21721,2.22149,2.21590,1.05323,1.05224,1.05191,1.04862,1.05224,-51.39692,-2797.00000
3.38975,3.39271,3.39206,3.39107,3.38943,2.22248,2.21721,2.21787,2.21952,2.22017,1.05027,1.05553,1.04862,1.05290,1.05060,-51.39692,-2796.00000
3.38943,3.39074,3.39107,3.39206,3.39337,2.22050,2.21853,2.21886,2.22050,2.21853,1.05158,1.05389,1.04862,1.04895,1.05093,-50.91338,-2795.00000
3.39074,3.39535,3.39239,3.38712,3.39074,2.22280,2.22050,2.22017,2.22083,2.21853,1.05093,1.04764,1.05290,1.05158,1.05191,-50.91338,-2794.00000
3.39896,3.39304,3.39732,3.39337,3.38910,2.21820,2.21656,2.22050,2.21919,2.21853,1.04961,1.05290,1.05093,1.05027,1.04533,-50.99141,-2793.00000
3.39074,3.39041,3.39436,3.38844,3.38844,2.22017,2.22248,2.21787,2.21754,2.21952,1.04928,1.05060,1.04698,1.05323,1.04698,-50.99141,-2792.00000
3.38975,3.39337,3.39271,3.39271,3.39271,2.21952,2.22116,2.21787,2.22083,2.22182,1.05389,1.04797,1.05191,1.04961,1.04928,-51.33477,-2791.00000
3.39535,3.39074,3.39666,3.39304,3.39074,2.21656,2.21787,2.22149,2.22379,2.22017,1.04533,1.04994,1.05257,1.04994,1.05323,-51.33477,-2790.00000
3.39403,3.39765,3.38679,3.39469,3.39337,2.21491,2.22379,2.22478,2.22182,2.22017,1.05060,1.04632,1.05158,1.04961,1.05323,-51.42207,-2789.00000
3.39436,3.39271,3.39600,3.39008,3.39271,2.21952,2.21886,2.21754,2.22116,2.22445,1.04797,1.05158,1.04928,1.05389,1.05224,-51.42207,-2788.00000
3.39403,3.39239,3.39008,3.39370,3.39074,2.22412,2.21491,2.21820,2.21853,2.21656,1.04928,1.05356,1.05093,1.05454,1.05125,-51.23288,-2787.00000
3.39041,3.39831,3.38943,3.38975,3.39469,2.21952,2.21919,2.21458,2.22149,2.22017,1.05093,1.05093,1.05257,1.04961,1.05356,-51.23288,-2786.00000
3.39107,3.38943,3.39436,3.39370,3.38975,2.21360,2.22445,2.21952,2.22182,2.21886,1.04994,1.04928,1.05290,1.05027,1.05191,-51.33624,-2785.00000
3.39567,3.39173,3.39304,3.39206,3.39370,2.21952,2.22182,2.21919,2.21557,2.21590,1.05356,1.05224,1.05060,1.05323,1.05060,-51.33624,-2784.00000
3.39041,3.38943,3.39140,3.38778,3.39831,2.22248,2.21952,2.22182,2.22083,2.21886,1.05027,1.05257,1.05257,1.05093,1.04862,-50.96244,-2783.00000
3.39304,3.39469,3.39008,3.39206,3.39502,2.22050,2.21886,2.21919,2.22215,2.21787,1.05060,1.05060,1.05060,1.04961,1.04994,-51.13805,-2782.00000
3.39370,3.39041,3.39699,3.39008,3.40028,2.21919,2.22083,2.21952,2.22050,2.22313,1.04928,1.05224,1.04895,1.05060,1.04895,-51.13805,-2781.00000
3.39304,3.39929,3.39370,3.39535,3.39173,2.22017,2.21557,2.21721,2.21984,2.22346,1.05323,1.05027,1.05125,1.05257,1.04994,-51.13805,-2780.00000
3.39304,3.39173,3.39765,3.39173,3.39337,2.21754,2.22346,2.21984,2.22050,2.22116,1.04961,1.05257,1.05619,1.05093,1.05060,-51.53018,-2779.00000
3.39140,3.39337,3.39370,3.39107,3.39206,2.22050,2.21458,2.21853,2.22346,2.21721,1.04829,1.05191,1.05158,1.05224,1.05356,-51.53018,-2778.00000
3.38679,3.39831,3.39403,3.39041,3.39239,2.21984,2.21853,2.21458,2.22182,2.21919,1.05125,1.05290,1.04928,1.05191,1.05191,-51.45957,-2777.00000
3.39535,3.39206,3.38614,3.39008,3.39436,2.22149,2.21721,2.21952,2.22346,2.22248,1.05257,1.05158,1.05323,1.05520,1.05389,-51.45957,-2776.00000
3.39008,3.39074,3.39436,3.39140,3.39699,2.21820,2.22116,2.21721,2.22017,2.21820,1.04994,1.05027,1.05290,1.05191,1.04961,-51.30834,-2775.00000
3.39469,3.39271,3.39271,3.39206,3.39140,2.22182,2.22050,2.21952,2.21787,2.22083,1.05158,1.04961,1.05158,1.05849,1.05224,-51.30834,-2774.00000
3.39370,3.39633,3.39041,3.39535,3.39370,2.22182,2.22149,2.22017,2.22083,2.22215,1.05027,1.05323,1.05290,1.04928,1.05257,-51.25146,-2773.00000
3.39535,3.39107,3.39140,3.39337,3.39765,2.22050,2.21688,2.22313,2.21853,2.22116,1.04928,1.05060,1.05487,1.05125,1.05389,-51.25146,-2772.00000
3.38679,3.39403,3.39436,3.39140,3.39567,2.21623,2.22083,2.21984,2.22017,2.21688,1.05224,1.05323,1.04928,1.05027,1.04731,-51.30468,-2771.00000
3.39798,3.39107,3.38844,3.39502,3.38647,2.21688,2.21754,2.22248,2.22280,2.22511,1.05093,1.04895,1.05125,1.04994,1.05060,-51.30468,-2770.00000
3.39041,3.39403,3.39535,3.39765,3.39074,2.22248,2.22346,2.22182,2.21590,2.22017,1.05619,1.05421,1.05093,1.05224,1.05060,-51.27506,-2769.00000
3.39863,3.39403,3.40028,3.38614,3.39140,2.22017,2.21425,2.22116,2.22248,2.22182,1.05389,1.05356,1.05060,1.05191,1.05191,-51.27506,-2768.00000
3.39074,3.39337,3.39008,3.38975,3.39140,2.21886,2.22149,2.22083,2.21754,2.22017,1.05093,1.05027,1.05257,1.05224,1.05093,-51.50108,-2767.00000
3.39633,3.39567,3.39173,3.39173,3.39436,2.21327,2.22346,2.21984,2.21853,2.22313,1.05389,1.04862,1.05520,1.05158,1.05158,-51.50108,-2766.00000
3.39271,3.39502,3.39567,3.39304,3.39600,2.22609,2.21853,2.22248,2.21886,2.21688,1.05125,1.05356,1.05158,1.05158,1.05191,-51.47435,-2765.00000
3.39666,3.38811,3.39304,3.39074,3.39173,2.22050,2.21787,2.21853,2.22182,2.21853,1.04994,1.05356,1.05454,1.05224,1.05027,-51.47435,-2764.00000
3.39436,3.39403,3.39995,3.39469,3.39863,2.21919,2.22445,2.21984,2.21919,2.22017,1.05060,1.05224,1.05783,1.05125,1.05158,-51.29052,-2763.00000
3.39436,3.39600,3.39666,3.39173,3.39798,2.21820,2.22050,2.21557,2.22905,2.22215,1.04961,1.05323,1.05290,1.04928,1.05093,-51.93782,-2762.00000
3.39041,3.39469,3.39008,3.39436,3.39502,2.22248,2.22412,2.21886,2.21787,2.22149,1.04994,1.05454,1.05060,1.05027,1.05290,-51.93782,-2761.00000
3.39008,3.39567,3.39403,3.38679,3.39140,2.22346,2.22083,2.21984,2.21853,2.22116,1.05158,1.05356,1.05158,1.04829,1.05191,-51.93782,-2760.00000
3.39436,3.39436,3.39140,3.38877,3.39699,2.21787,2.22445,2.22149,2.21721,2.22083,1.05158,1.05356,1.05158,1.05027,1.04994,-51.47580,-2759.00000
3.39798,3.39370,3.39567,3.39765,3.39337,2.21754,2.21919,2.21853,2.21787,2.22215,1.04797,1.05257,1.05158,1.04895,1.05356,-51.47580,-2758.00000
3.39271,3.38943,3.39239,3.39304,3.39436,2.22248,2.21984,2.22379,2.21984,2.22116,1.05158,1.04928,1.05093,1.05158,1.05093,-51.52260,-2757.00000
3.39732,3.38844,3.39600,3.39403,3.39337,2.22050,2.22116,2.21919,2.21688,2.21524,1.05224,1.04928,1.05389,1.05290,1.04928,-51.78004,-2756.00000
3.40061,3.39403,3.39502,3.39370,3.39732,2.21820,2.22215,2.21952,2.21952,2.22313,1.04994,1.05093,1.04895,1.05652,1.05158,-51.78004,-2755.00000
3.39140,3.39666,3.39370,3.39140,3.39535,2.21984,2.22050,2.22346,2.21952,2.21820,1.05191,1.05487,1.05027,1.05093,1.05356,-51.78004,-2754.00000
3.39666,3.39699,3.40028,3.39140,3.39173,2.22116,2.22149,2.22050,2.22313,2.22280,1.04895,1.05158,1.05290,1.05093,1.05553,-51.17042,-2753.00000
3.39173,3.39863,3.39962,3.39831,3.39271,2.22149,2.21919,2.22280,2.22050,2.21952,1.05125,1.05323,1.05290,1.04665,1.05257,-51.17042,-2752.00000
3.39600,3.39239,3.40061,3.39600,3.39666,2.22050,2.21952,2.22182,2.22379,2.22149,1.05125,1.04764,1.04764,1.04895,1.05389,-51.53386,-2751.00000
3.39370,3.39633,3.39831,3.39107,3.39535,2.22313,2.22050,2.21754,2.22116,2.22313,1.05356,1.05093,1.05125,1.05060,1.05421,-51.53386,-2750.00000
3.39403,3.39074,3.39206,3.39271,3.39567,2.22083,2.21984,2.22346,2.21787,2.21952,1.05125,1.05323,1.04797,1.05060,1.05257,-51.56457,-2749.00000
3.39502,3.39337,3.39107,3.39173,3.39567,2.22511,2.21886,2.22215,2.22280,2.21952,1.05389,1.05421,1.05553,1.05323,1.05060,-51.56457,-2748.00000
3.39304,3.39666,3.39140,3.39567,3.39502,2.21952,2.22313,2.22379,2.21820,2.22050,1.05191,1.05421,1.05060,1.05290,1.05750,-51.14396,-2747.00000
3.38877,3.39502,3.39041,3.39798,3.39239,2.22346,2.22182,2.21952,2.21886,2.21787,1.05125,1.05290,1.05356,1.05257,1.05454,-51.14396,-2746.00000
3.39567,3.39140,3.39502,3.38778,3.39600,2.22083,2.22116,2.22248,2.22313,2.22050,1.05125,1.05093,1.05158,1.05027,1.05027,-50.88959,-2745.00000
3.39633,3.39633,3.39535,3.39403,3.39271,2.21984,2.21787,2.22182,2.22083,2.21886,1.05389,1.05257,1.05158,1.05093,1.05290,-50.88959,-2744.00000
3.39206,3.38910,3.39436,3.39929,3.39567,2.21688,2.22116,2.22083,2.21984,2.21820,1.05224,1.05093,1.05290,1.05290,1.05454,-51.34827,-2743.00000
3.39370,3.39337,3.39206,3.39600,3.39469,2.22050,2.21787,2.22379,2.21754,2.22083,1.05290,1.05093,1.05093,1.05290,1.05290,-51.34827,-2742.00000
3.39173,3.39107,3.39140,3.39140,3.39206,2.22149,2.21754,2.21952,2.22412,2.21919,1.04862,1.05158,1.05389,1.04928,1.05487,-50.81909,-2741.00000
3.39271,3.39436,3.39732,3.39337,3.39666,2.22248,2.21853,2.22379,2.21787,2.22215,1.05257,1.04994,1.04895,1.05389,1.05224,-50.81909,-2740.00000
3.39403,3.38581,3.38910,3.39567,3.40028,2.21754,2.21853,2.22083,2.22149,2.21886,1.05290,1.05323,1.05487,1.04994,1.05553,-50.86182,-2739.00000
3.39370,3.39337,3.39403,3.39831,3.39173,2.21919,2.21754,2.22017,2.22313,2.21919,1.05224,1.05060,1.05158,1.04862,1.05619,-50.86182,-2738.00000
3.39304,3.38975,3.39370,3.39041,3.39140,2.22017,2.21853,2.21984,2.21688,2.22478,1.05257,1.05356,1.05290,1.05323,1.05487,-51.00586,-2737.00000
3.39107,3.39370,3.39666,3.39140,3.39370,2.22248,2.22050,2.21721,2.22050,2.22017,1.05290,1.05421,1.05158,1.05421,1.04994,-51.00586,-2736.00000
3.39436,3.39765,3.39600,3.39107,3.39337,2.21853,2.22248,2.22083,2.22050,2.21820,1.05487,1.04928,1.05027,1.05191,1.05125,-51.00586,-2735.00000
3.39304,3.39469,3.38910,3.39666,3.39008,2.21820,2.21656,2.21787,2.21886,2.21853,1.05257,1.05060,1.05257,1.05323,1.05257,-51.07910,-2734.00000
3.38943,3.39041,3.39370,3.39535,3.39173,2.21984,2.21425,2.22116,2.22182,2.21787,1.05257,1.05191,1.05191,1.05257,1.05224,-51.07910,-2733.00000
3.39863,3.39798,3.39535,3.38614,3.39469,2.21952,2.22248,2.21557,2.22017,2.22116,1.05750,1.05158,1.05389,1.05224,1.05060,-51.07910,-2732.00000
3.39008,3.39732,3.38943,3.39271,3.39206,2.22215,2.22280,2.22083,2.22346,2.22083,1.05191,1.04862,1.05257,1.05454,1.05224,-51.33952,-2731.00000
3.39469,3.39304,3.38877,3.39337,3.39633,2.21853,2.22050,2.22313,2.22149,2.21984,1.05816,1.05290,1.04731,1.05520,1.04895,-51.33952,-2730.00000
3.39699,3.39304,3.39502,3.39140,3.39271,2.22116,2.22083,2.21952,2.21787,2.21721,1.04961,1.05619,1.05290,1.05487,1.05421,-51.28526,-2729.00000
3.39173,3.39600,3.39271,3.39074,3.39370,2.21919,2.21820,2.22017,2.21952,2.21787,1.05257,1.05421,1.05619,1.05224,1.05290,-51.28526,-2728.00000
3.39074,3.38877,3.39436,3.40094,3.39074,2.21820,2.21853,2.21886,2.21688,2.22609,1.05093,1.05224,1.04895,1.05323,1.05093,-51.23933,-2727.00000
3.39567,3.39567,3.39600,3.38975,3.39929,2.22017,2.21952,2.22116,2.22280,2.21656,1.05323,1.05060,1.05389,1.05487,1.05520,-51.23933,-2726.00000
3.39173,3.39337,3.38844,3.39239,3.39304,2.22116,2.22149,2.22083,2.21919,2.22412,1.05158,1.05356,1.05191,1.05027,1.05323,-51.61073,-2725.00000
3.39765,3.39535,3.39304,3.39666,3.38943,2.21952,2.22313,2.21853,2.22050,2.21754,1.05356,1.05224,1.05487,1.05487,1.05619,-51.61073,-2724.00000
3.39337,3.39699,3.39502,3.39896,3.39732,2.22050,2.22248,2.22116,2.21919,2.21984,1.05553,1.05915,1.05619,1.04895,1.05060,-51.13404,-2723.00000
3.39008,3.39436,3.39337,3.39765,3.39271,2.22708,2.22379,2.21721,2.21919,2.22412,1.05553,1.05487,1.05421,1.05487,1.05290,-51.13404,-2722.00000
3.39567,3.39140,3.39699,3.39041,3.39469,2.22248,2.22478,2.22280,2.21886,2.22313,1.05257,1.05257,1.05487,1.05125,1.05586,-51.46403,-2721.00000
3.40159,3.39337,3.39765,3.39600,3.39633,2.21952,2.22083,2.22642,2.21952,2.22017,1.04994,1.05487,1.05224,1.05027,1.05093,-51.46403,-2720.00000
3.39304,3.38844,3.39600,3.39304,3.39436,2.21984,2.22149,2.22083,2.21984,2.22182,1.05224,1.05125,1.05060,1.05356,1.04994,-51.12413,-2719.00000
3.39633,3.39304,3.39699,3.39502,3.39469,2.22182,2.21984,2.22346,2.22215,2.21919,1.05586,1.05060,1.05619,1.05060,1.05389,-51.12413,-2718.00000
3.38943,3.39502,3.39370,3.39765,3.39567,2.22412,2.21886,2.22116,2.21853,2.21984,1.05421,1.05454,1.05290,1.05323,1.05060,-51.21980,-2717.00000
3.39798,3.39633,3.39107,3.39765,3.38975,2.22248,2.21952,2.22017,2.21656,2.22116,1.04994,1.05487,1.05356,1.05224,1.05553,-51.21980,-2716.00000
3.39666,3.39666,3.39239,3.39502,3.39337,2.22280,2.22248,2.21984,2.22149,2.21754,1.05290,1.05158,1.05290,1.04928,1.05487,-51.12407,-2715.00000
3.40258,3.39403,3.39699,3.39732,3.39863,2.21886,2.21984,2.22149,2.22017,2.22280,1.05224,1.05389,1.05652,1.05619,1.05356,-51.49971,-2714.00000
3.40028,3.39567,3.39535,3.39699,3.39600,2.21952,2.22248,2.22248,2.22511,2.22017,1.05027,1.05652,1.04994,1.05060,1.05454,-51.49971,-2713.00000
3.39502,3.39567,3.39732,3.39436,3.39732,2.22182,2.22215,2.22215,2.22116,2.22774,1.05191,1.05652,1.05750,1.05290,1.04928,-51.49971,-2712.00000
3.39962,3.40159,3.39863,3.39896,3.39699,2.22379,2.21820,2.21656,2.22215,2.22807,1.05586,1.05093,1.05027,1.05520,1.05257,-51.85755,-2711.00000
3.39798,3.39798,3.39403,3.39140,3.39863,2.21820,2.21820,2.22083,2.22116,2.22116,1.05356,1.05356,1.05389,1.05323,1.05158,-51.85755,-2710.00000
3.39831,3.39831,3.39271,3.39403,3.39798,2.22346,2.21984,2.21886,2.22478,2.22149,1.05520,1.05323,1.05027,1.05389,1.05619,-51.61434,-2709.00000
3.39995,3.40159,3.39699,3.39765,3.39436,2.22083,2.22083,2.22280,2.22280,2.22248,1.05323,1.05093,1.05093,1.05093,1.05125,-51.61434,-2708.00000
3.39304,3.39206,3.39370,3.40324,3.40159,2.21919,2.22313,2.22511,2.22248,2.22577,1.05619,1.05257,1.05323,1.05750,1.05389,-52.23183,-2707.00000
3.39765,3.39732,3.39206,3.39995,3.39962,2.22412,2.22017,2.22280,2.22938,2.22412,1.05158,1.05487,1.05421,1.05586,1.05290,-52.23183,-2706.00000
3.39929,3.39567,3.39929,3.39502,3.39502,2.22280,2.22017,2.22346,2.22774,2.22478,1.05158,1.05389,1.05487,1.05356,1.05816,-52.58489,-2705.00000
3.39765,3.40423,3.39469,3.39469,3.39831,2.22445,2.22182,2.22182,2.22445,2.21919,1.05553,1.05652,1.05421,1.05619,1.05356,-52.58489,-2704.00000
3.40159,3.39863,3.39765,3.39896,3.39929,2.21919,2.22215,2.22248,2.22215,2.22346,1.05389,1.05323,1.05060,1.05421,1.05323,-51.98693,-2703.00000
3.39337,3.39732,3.39765,3.39831,3.39863,2.21952,2.21919,2.22149,2.22149,2.22116,1.05619,1.05586,1.05323,1.05454,1.05652,-51.98693,-2702.00000
3.39337,3.39765,3.39995,3.40291,3.39600,2.22346,2.22675,2.22017,2.22083,2.22050,1.05290,1.05356,1.05717,1.05356,1.05356,-51.89754,-2701.00000
3.40455,3.39765,3.39666,3.39502,3.39831,2.22379,2.22379,2.21984,2.22017,2.22544,1.05356,1.05717,1.05619,1.05553,1.05356,-51.89754,-2700.00000
3.39271,3.40258,3.39831,3.40192,3.40028,2.21919,2.22346,2.22741,2.22050,2.22741,1.05586,1.05487,1.05323,1.05717,1.05421,-52.13091,-2699.00000
3.39798,3.39699,3.39831,3.40390,3.39863,2.22938,2.22248,2.22182,2.22182,2.21919,1.05487,1.05717,1.05520,1.05356,1.05191,-52.13091,-2698.00000
3.39304,3.39206,3.39535,3.39699,3.39502,2.22215,2.21886,2.22544,2.22313,2.22116,1.05191,1.05454,1.05553,1.05125,1.05750,-51.60453,-2697.00000
3.39863,3.40094,3.39995,3.39271,3.40159,2.22346,2.21754,2.22149,2.22412,2.22116,1.05619,1.05454,1.05685,1.05191,1.05553,-51.60453,-2696.00000
3.40094,3.39633,3.39600,3.39831,3.40127,2.22478,2.22412,2.22445,2.22215,2.22017,1.05257,1.05356,1.05619,1.05290,1.05948,-51.54820,-2695.00000
3.39567,3.39831,3.39633,3.39206,3.40159,2.22445,2.22050,2.21787,2.22445,2.22017,1.05783,1.05454,1.05224,1.05356,1.05290,-51.54820,-2694.00000
3.39502,3.39765,3.39436,3.39863,3.39633,2.22017,2.21853,2.21787,2.22149,2.22412,1.05619,1.05323,1.05421,1.05487,1.05553,-51.30232,-2693.00000
3.39929,3.39666,3.39831,3.39436,3.39666,2.21919,2.22149,2.22642,2.21886,2.22215,1.05652,1.05191,1.05652,1.05389,1.05257,-51.30232,-2692.00000
3.39436,3.39502,3.39469,3.39666,3.39140,2.22313,2.22083,2.22412,2.21787,2.21952,1.05553,1.05389,1.05586,1.05356,1.05882,-51.48670,-2691.00000
3.39896,3.39239,3.39206,3.39732,3.39863,2.21721,2.22313,2.21952,2.21787,2.22215,1.05454,1.05652,1.05125,1.05882,1.05356,-51.48670,-2690.00000
3.39337,3.40061,3.39962,3.39765,3.39732,2.22642,2.21984,2.22116,2.22774,2.22215,1.05619,1.05652,1.05421,1.05356,1.05520,-51.36874,-2689.00000
3.39666,3.38778,3.39633,3.39666,3.39600,2.21886,2.22280,2.22478,2.21787,2.22050,1.05224,1.05586,1.05520,1.05652,1.05125,-51.36874,-2688.00000
3.39403,3.39239,3.39239,3.39469,3.39929,2.22017,2.21787,2.22182,2.22248,2.22280,1.05290,1.05191,1.05717,1.05257,1.04895,-51.58958,-2687.00000
3.39535,3.39469,3.39666,3.39831,3.39699,2.21853,2.22116,2.21952,2.21886,2.21754,1.05520,1.06079,1.05454,1.05290,1.05487,-51.58958,-2686.00000
3.40159,3.39403,3.39995,3.39929,3.39370,2.22182,2.21623,2.21853,2.22083,2.22050,1.05685,1.05257,1.05323,1.05553,1.05750,-51.64565,-2685.00000
3.39600,3.39765,3.39567,3.40028,3.39271,2.22182,2.21952,2.21886,2.22379,2.21984,1.05619,1.05487,1.05421,1.05586,1.05224,-51.64565,-2684.00000
3.39206,3.38745,3.39502,3.39271,3.39831,2.21656,2.22346,2.21984,2.21524,2.21557,1.05685,1.05652,1.05323,1.05553,1.05750,-52.13063,-2683.00000
3.39173,3.39140,3.39370,3.39502,3.39173,2.22412,2.21919,2.22313,2.21688,2.22050,1.05520,1.05323,1.05224,1.05882,1.05356,-52.13063,-2682.00000
3.39567,3.39699,3.39173,3.39666,3.39370,2.22182,2.22248,2.22083,2.21721,2.21984,1.05421,1.04994,1.05685,1.05717,1.05356,-51.54412,-2681.00000
3.39633,3.39173,3.40028,3.39469,3.39271,2.22116,2.21721,2.21688,2.22280,2.21853,1.05093,1.05487,1.05454,1.05191,1.05158,-51.54412,-2680.00000
3.39502,3.39370,3.39600,3.39765,3.39239,2.21787,2.22346,2.22050,2.22741,2.22182,1.05454,1.05619,1.05323,1.05224,1.05750,-51.55350,-2679.00000
3.39732,3.39798,3.39469,3.39863,3.39863,2.22379,2.22116,2.21853,2.22083,2.22346,1.05783,1.05652,1.05224,1.05915,1.05586,-51.55350,-2678.00000
3.39535,3.39370,3.39140,3.39008,3.39962,2.22017,2.21984,2.22445,2.21886,2.22182,1.05290,1.05849,1.05158,1.05454,1.05454,-51.55162,-2677.00000
3.39469,3.39633,3.39798,3.39896,3.39337,2.22313,2.22741,2.22313,2.22511,2.22215,1.05520,1.05389,1.05487,1.05619,1.05323,-51.55162,-2676.00000
3.40521,3.39831,3.40061,3.39831,3.39798,2.22083,2.22083,2.22050,2.22511,2.22280,1.05487,1.05717,1.05224,1.05685,1.05685,-51.35017,-2675.00000
3.39403,3.39863,3.39600,3.39633,3.38910,2.22511,2.22511,2.22182,2.22642,2.22609,1.05717,1.05553,1.05783,1.06079,1.05619,-51.35017,-2674.00000
3.39469,3.40192,3.40554,3.39633,3.39798,2.21820,2.22346,2.22017,2.22774,2.22248,1.05652,1.05586,1.05849,1.05487,1.05882,-51.68136,-2673.00000
3.39633,3.39535,3.39271,3.39666,3.40488,2.21590,2.21984,2.22083,2.22412,2.22642,1.05421,1.05586,1.04994,1.05191,1.05520,-51.68136,-2672.00000
3.39107,3.39337,3.39666,3.39633,3.40192,2.22116,2.21952,2.22313,2.22280,2.22379,1.06013,1.05356,1.05290,1.05619,1.05586,-51.64988,-2671.00000
3.40686,3.39995,3.39535,3.40554,3.39403,2.22511,2.22017,2.22379,2.22050,2.22609,1.05487,1.05191,1.05553,1.05257,1.05685,-52.04881,-2670.00000
3.39831,3.40159,3.39863,3.39633,3.39600,2.21952,2.22313,2.22478,2.22741,2.22083,1.05356,1.05454,1.05619,1.05652,1.05290,-52.04881,-2669.00000
3.39798,3.39699,3.39074,3.39633,3.40192,2.22248,2.22215,2.22478,2.22083,2.21919,1.05520,1.05191,1.05290,1.05553,1.05652,-52.04881,-2668.00000
3.39699,3.39896,3.39600,3.39765,3.39337,2.22544,2.22149,2.22215,2.21952,2.22609,1.05750,1.05750,1.05323,1.05487,1.05750,-51.79556,-2667.00000
3.39567,3.39896,3.40258,3.39962,3.39929,2.22346,2.22412,2.22313,2.22609,2.22050,1.05652,1.05652,1.05323,1.05652,1.05454,-51.79556,-2666.00000
3.39370,3.39798,3.40127,3.39370,3.40028,2.22280,2.22445,2.22248,2.22642,2.21787,1.05487,1.05619,1.05948,1.05421,1.05454,-51.85948,-2665.00000
3.40094,3.39600,3.39535,3.39436,3.39633,2.22577,2.22017,2.22083,2.22346,2.22083,1.05783,1.05948,1.05421,1.05290,1.05685,-51.85948,-2664.00000
3.39502,3.40127,3.40028,3.40357,3.39699,2.21787,2.22280,2.22116,2.22182,2.22379,1.05158,1.05356,1.05849,1.05389,1.05619,-51.51146,-2663.00000
3.39962,3.40094,3.40028,3.40127,3.40028,2.22050,2.22215,2.22544,2.22116,2.22379,1.05652,1.05619,1.05685,1.05257,1.05685,-51.51146,-2662.00000
3.39502,3.40028,3.39995,3.39995,3.40094,2.22511,2.22149,2.22478,2.22840,2.22379,1.05421,1.05619,1.05652,1.05586,1.05553,-51.63264,-2661.00000
3.40225,3.39995,3.40127,3.39863,3.39798,2.22149,2.22313,2.22412,2.22379,2.22050,1.05915,1.05717,1.05389,1.05750,1.05520,-51.63264,-2660.00000
3.39798,3.40192,3.39633,3.40554,3.39831,2.22083,2.22280,2.22511,2.22511,2.22116,1.05816,1.05783,1.05849,1.05454,1.05553,-52.41167,-2659.00000
3.39765,3.40883,3.40357,3.39140,3.40390,2.21820,2.22412,2.22116,2.22346,2.22445,1.05356,1.05356,1.05652,1.05619,1.05685,-52.41167,-2658.00000
3.40324,3.39798,3.39666,3.40225,3.40291,2.22412,2.21919,2.21754,2.21787,2.22116,1.05586,1.05783,1.05421,1.05783,1.06046,-51.91377,-2657.00000
3.39962,3.39929,3.39206,3.40028,3.40159,2.22017,2.21590,2.21886,2.22313,2.22050,1.05717,1.05849,1.05652,1.05586,1.05685,-51.91377,-2656.00000
3.39896,3.40061,3.39732,3.39962,3.39732,2.22445,2.22280,2.22083,2.21853,2.22215,1.05750,1.06079,1.05652,1.05652,1.05652,-51.51510,-2655.00000
3.39502,3.39633,3.39765,3.40192,3.40061,2.22083,2.22215,2.22840,2.22083,2.22313,1.05915,1.06112,1.05816,1.05652,1.05389,-51.51510,-2654.00000
3.39896,3.40159,3.39962,3.39831,3.40488,2.21820,2.22050,2.21952,2.21853,2.22379,1.05652,1.05356,1.05685,1.05652,1.06046,-51.73435,-2653.00000
3.39666,3.39995,3.39798,3.39666,3.40192,2.22577,2.22182,2.21984,2.22741,2.22215,1.05520,1.05093,1.05487,1.05619,1.05750,-51.73435,-2652.00000
3.39666,3.39863,3.39600,3.39600,3.39929,2.22280,2.22544,2.21952,2.22182,2.21886,1.05356,1.05224,1.06079,1.05717,1.05389,-51.48664,-2651.00000
3.39633,3.40061,3.40159,3.39896,3.40587,2.22544,2.21952,2.22182,2.23004,2.22083,1.05783,1.05553,1.06112,1.05553,1.05421,-51.48664,-2650.00000
3.40159,3.39206,3.39798,3.39962,3.40258,2.21557,2.22313,2.22083,2.21886,2.22182,1.05323,1.05290,1.05882,1.05816,1.04961,-51.35893,-2649.00000
3.39765,3.39929,3.39600,3.39699,3.39699,2.22478,2.22083,2.21820,2.22182,2.22544,1.05520,1.05586,1.05948,1.05553,1.05685,-51.35893,-2648.00000
3.40028,3.39929,3.40192,3.39666,3.40225,2.22313,2.21623,2.22313,2.22379,2.22642,1.06145,1.05224,1.05553,1.05981,1.05783,-51.39424,-2647.00000
3.39962,3.40653,3.39929,3.39502,3.40258,2.22280,2.22445,2.22248,2.21952,2.22577,1.05717,1.05619,1.05257,1.06178,1.06112,-51.39424,-2646.00000
3.39798,3.40390,3.39831,3.39502,3.39863,2.22544,2.22248,2.21656,2.22215,2.23136,1.05816,1.05783,1.05685,1.05783,1.05750,-51.24362,-2645.00000
3.39666,3.40291,3.40061,3.40258,3.40061,2.22182,2.22149,2.22050,2.22182,2.22248,1.05981,1.05619,1.05685,1.05487,1.05619,-51.24362,-2644.00000
3.39633,3.40455,3.39896,3.39929,3.39896,2.22280,2.21919,2.22083,2.22116,2.21919,1.05750,1.05553,1.05520,1.05421,1.06079,-51.32713,-2643.00000
3.39633,3.40061,3.39502,3.40127,3.40094,2.22313,2.22445,2.22379,2.22280,2.22412,1.05882,1.05981,1.06013,1.05619,1.05816,-51.32713,-2642.00000
3.39271,3.39798,3.39929,3.40127,3.39962,2.22182,2.22609,2.22577,2.22412,2.22215,1.05487,1.05981,1.05948,1.05487,1.05520,-50.84243,-2641.00000
3.39831,3.40357,3.39831,3.40127,3.40324,2.22478,2.22215,2.22511,2.22280,2.22050,1.05553,1.05981,1.05487,1.05750,1.05421,-50.84243,-2640.00000
3.39337,3.39929,3.40127,3.39535,3.40258,2.22379,2.22577,2.22609,2.22577,2.22346,1.06013,1.05750,1.05750,1.05882,1.05520,-51.58538,-2639.00000
3.40061,3.39995,3.40291,3.40028,3.40061,2.22346,2.22379,2.22478,2.22774,2.22313,1.05619,1.05849,1.05586,1.05520,1.05553,-51.58538,-2638.00000
3.40127,3.40061,3.39798,3.39798,3.40127,2.22346,2.22313,2.21754,2.22182,2.22248,1.05619,1.05356,1.06145,1.05586,1.05619,-51.53707,-2637.00000
3.39699,3.39863,3.39304,3.39765,3.40357,2.21787,2.22215,2.22511,2.22313,2.22346,1.06046,1.05586,1.05685,1.05948,1.05652,-51.53707,-2636.00000
3.40291,3.39666,3.39863,3.40094,3.40258,2.22708,2.22675,2.22741,2.21952,2.22280,1.05487,1.05520,1.05454,1.05783,1.05849,-50.98565,-2635.00000
3.39863,3.39863,3.39798,3.40423,3.40028,2.22511,2.22379,2.22346,2.22050,2.22774,1.05290,1.05487,1.05783,1.05783,1.05520,-50.98565,-2634.00000
3.39535,3.39831,3.39633,3.40291,3.40390,2.22609,2.22083,2.22248,2.22412,2.22478,1.05553,1.05948,1.05981,1.05685,1.05783,-51.27233,-2633.00000
3.39831,3.40357,3.39535,3.39633,3.40028,2.22313,2.21820,2.22478,2.22642,2.21754,1.05619,1.05520,1.05520,1.06013,1.05520,-51.27233,-2632.00000
3.39567,3.40061,3.39535,3.40357,3.39666,2.22149,2.21820,2.22905,2.22478,2.22379,1.05948,1.05750,1.05619,1.05685,1.05520,-51.52042,-2631.00000
3.39633,3.39962,3.40061,3.40258,3.39995,2.22313,2.22379,2.22379,2.22050,2.22346,1.05487,1.05652,1.05750,1.05816,1.05717,-51.52042,-2630.00000
3.39863,3.39831,3.40324,3.39831,3.39962,2.22478,2.22577,2.22478,2.22149,2.22280,1.05816,1.05882,1.05783,1.06244,1.05783,-51.68582,-2629.00000
3.40061,3.40028,3.39798,3.40028,3.40192,2.22050,2.22313,2.22083,2.22346,2.22905,1.05619,1.05586,1.05717,1.05750,1.05750,-51.68582,-2628.00000
3.39863,3.40324,3.40455,3.40028,3.40159,2.22412,2.22642,2.22741,2.22708,2.22544,1.05553,1.05652,1.05520,1.05685,1.05520,-51.13364,-2627.00000
3.39962,3.39896,3.40686,3.39831,3.40028,2.22544,2.22873,2.22248,2.22609,2.22280,1.05685,1.05586,1.06046,1.05652,1.05750,-51.13364,-2626.00000
3.39896,3.40357,3.40423,3.39798,3.40159,2.22050,2.22083,2.22346,2.22379,2.22182,1.05849,1.05685,1.05652,1.05520,1.05323,-50.92992,-2625.00000
3.40225,3.40554,3.40127,3.39567,3.39995,2.22445,2.22182,2.22445,2.22248,2.22642,1.05389,1.05652,1.06013,1.05915,1.05816,-50.92992,-2624.00000
3.40192,3.40094,3.40291,3.39798,3.40159,2.22116,2.22313,2.22280,2.22116,2.22083,1.05948,1.05619,1.05685,1.05717,1.05619,-50.99104,-2623.00000
3.40127,3.39765,3.40488,3.40357,3.40653,2.22609,2.22478,2.21590,2.22971,2.22708,1.05750,1.05389,1.05586,1.05882,1.05454,-50.99104,-2622.00000
3.40291,3.39403,3.40192,3.39732,3.40686,2.22313,2.22807,2.22544,2.22478,2.22182,1.05553,1.05421,1.05915,1.05981,1.05290,-51.63237,-2621.00000
3.39831,3.40357,3.39600,3.40324,3.39962,2.22083,2.22807,2.22248,2.22116,2.22248,1.05849,1.05816,1.05323,1.05816,1.05750,-51.63237,-2620.00000
3.39995,3.39962,3.40291,3.39962,3.40390,2.22511,2.22346,2.22741,2.22609,2.22708,1.05948,1.05685,1.06079,1.05586,1.05750,-51.31774,-2619.00000
3.39929,3.40061,3.40192,3.40159,3.39896,2.21984,2.22149,2.22873,2.22642,2.22544,1.05717,1.05750,1.05717,1.05586,1.06112,-51.31774,-2618.00000
3.39896,3.40357,3.40390,3.40324,3.39633,2.22478,2.22248,2.22544,2.21919,2.22280,1.05454,1.05619,1.05421,1.05750,1.05685,-51.39282,-2617.00000
3.40554,3.39699,3.39699,3.40159,3.40653,2.22577,2.22445,2.22280,2.22017,2.22346,1.05553,1.05619,1.05717,1.05421,1.05816,-51.39282,-2616.00000
3.39666,3.40094,3.40127,3.40127,3.40192,2.22083,2.22379,2.22313,2.23037,2.22280,1.05652,1.05586,1.05915,1.05882,1.05849,-51.18408,-2615.00000
3.40291,3.40357,3.39633,3.39567,3.40159,2.22609,2.22840,2.22149,2.22675,2.22445,1.05586,1.05356,1.05783,1.05586,1.05652,-51.18408,-2614.00000
3.39962,3.40357,3.40357,3.40061,3.40094,2.21952,2.22182,2.22544,2.22609,2.22511,1.05389,1.05586,1.05619,1.05882,1.05750,-50.65267,-2613.00000
3.40094,3.39600,3.40291,3.40061,3.40291,2.22905,2.22708,2.22116,2.22445,2.22050,1.05619,1.05619,1.05520,1.05783,1.05586,-50.65267,-2612.00000
3.39765,3.40258,3.40258,3.39370,3.40653,2.22511,2.22511,2.22412,2.22182,2.22215,1.05487,1.05191,1.05849,1.05619,1.05882,-50.64507,-2611.00000
3.40357,3.40028,3.39863,3.40127,3.40127,2.22346,2.22379,2.21754,2.22511,2.22577,1.05520,1.05915,1.05816,1.05849,1.05553,-50.64507,-2610.00000
3.39436,3.40291,3.40554,3.40028,3.40225,2.22873,2.22905,2.22577,2.22577,2.22379,1.06211,1.05520,1.05816,1.05882,1.05685,-50.90043,-2609.00000
3.40028,3.40225,3.40225,3.40390,3.40357,2.22280,2.22577,2.22445,2.22577,2.23037,1.05619,1.05520,1.05487,1.05553,1.05783,-50.90043,-2608.00000
3.40620,3.40127,3.40291,3.40324,3.40324,2.21984,2.22708,2.22774,2.22478,2.22675,1.05717,1.05652,1.05783,1.05750,1.05652,-50.48635,-2607.00000
3.40455,3.40587,3.40159,3.40094,3.39929,2.22774,2.22149,2.22675,2.23201,2.22544,1.06112,1.05849,1.05849,1.05520,1.05915,-50.48635,-2606.00000
3.40390,3.40324,3.40094,3.40192,3.39863,2.22478,2.22083,2.22445,2.22905,2.22346,1.05158,1.05619,1.05849,1.05389,1.05454,-50.68719,-2605.00000
3.40291,3.40258,3.40028,3.40291,3.40390,2.22182,2.22182,2.22938,2.22412,2.22708,1.05915,1.05816,1.06013,1.05685,1.06079,-50.68719,-2604.00000
3.40258,3.40587,3.39666,3.39962,3.40817,2.22708,2.22741,2.22379,2.22708,2.22642,1.05652,1.05421,1.05882,1.05356,1.05981,-50.95617,-2603.00000
3.40423,3.40423,3.39567,3.40258,3.40127,2.22280,2.22050,2.22248,2.22412,2.22182,1.06013,1.05224,1.06046,1.05849,1.05685,-50.95617,-2602.00000
3.40159,3.40028,3.39995,3.39337,3.40127,2.22840,2.22412,2.22083,2.23070,2.22313,1.06079,1.05619,1.05816,1.05685,1.05717,-51.13224,-2601.00000
3.39699,3.39732,3.40390,3.39929,3.39929,2.22609,2.22412,2.22741,2.22083,2.22675,1.05553,1.05816,1.05717,1.05717,1.05454,-51.13224,-2600.00000
3.39699,3.40028,3.39699,3.39863,3.40258,2.22280,2.22017,2.22248,2.22215,2.22412,1.05619,1.05652,1.05224,1.05586,1.05849,-51.06244,-2599.00000
3.39798,3.39633,3.39765,3.39633,3.39995,2.22083,2.22642,2.23037,2.21984,2.22116,1.05356,1.05816,1.05685,1.06013,1.05520,-51.06244,-2598.00000
3.39732,3.40094,3.40390,3.39436,3.39929,2.22675,2.22577,2.22609,2.22149,2.21524,1.05619,1.05816,1.05553,1.05882,1.05816,-51.29261,-2597.00000
3.39863,3.39896,3.39732,3.40061,3.39469,2.22215,2.22116,2.22346,2.22379,2.21919,1.05323,1.05520,1.05060,1.05619,1.06112,-51.29261,-2596.00000
3.39732,3.39567,3.39798,3.39600,3.40061,2.22577,2.21820,2.22346,2.22215,2.22182,1.05586,1.05553,1.06211,1.05717,1.05619,-50.84221,-2595.00000
3.39041,3.39600,3.39765,3.39436,3.39633,2.21952,2.22313,2.22017,2.22280,2.22346,1.05750,1.05685,1.05619,1.05750,1.05882,-50.84221,-2594.00000
3.39304,3.40291,3.39469,3.39699,3.39765,2.22544,2.22083,2.22346,2.22116,2.22313,1.05783,1.05717,1.05685,1.05915,1.05717,-51.00581,-2593.00000
3.39567,3.40357,3.39765,3.39567,3.39600,2.22577,2.22083,2.22577,2.22182,2.22412,1.05454,1.06079,1.05685,1.06145,1.06244,-51.00581,-2592.00000
3.39896,3.39436,3.39535,3.39600,3.39600,2.22774,2.21853,2.21820,2.21984,2.22215,1.06178,1.05685,1.05783,1.05553,1.05915,-51.35413,-2591.00000
3.39765,3.39337,3.39798,3.39535,3.39140,2.22182,2.22182,2.22050,2.21820,2.22609,1.05652,1.05981,1.06013,1.05915,1.05882,-50.97437,-2590.00000
3.39337,3.39600,3.39666,3.39929,3.39436,2.21754,2.22116,2.22280,2.21853,2.22445,1.05849,1.05882,1.05619,1.05652,1.05257,-50.97437,-2589.00000
3.39567,3.39436,3.40061,3.39074,3.39469,2.22017,2.22412,2.21984,2.22445,2.22116,1.06013,1.05849,1.05783,1.05882,1.05685,-50.97437,-2588.00000
3.39831,3.40291,3.39995,3.39633,3.39337,2.21952,2.22017,2.22116,2.22478,2.22182,1.05882,1.05619,1.05882,1.05717,1.05717,-50.40544,-2587.00000
3.39962,3.39798,3.39699,3.39469,3.40192,2.22774,2.22445,2.22708,2.22609,2.23267,1.06046,1.06441,1.05981,1.06046,1.05849,-50.36307,-2586.00000
3.39765,3.39863,3.40127,3.39535,3.39600,2.22149,2.22050,2.22215,2.21984,2.22149,1.06046,1.05849,1.06211,1.05981,1.05783,-50.36307,-2585.00000
3.39666,3.40159,3.39633,3.39798,3.40028,2.21984,2.22642,2.22313,2.21886,2.22149,1.05783,1.05849,1.05750,1.05948,1.05717,-50.36307,-2584.00000
3.40159,3.39896,3.39271,3.39929,3.39798,2.21919,2.22149,2.22445,2.22083,2.22248,1.06145,1.05882,1.06112,1.06145,1.05750,-50.06464,-2583.00000
3.40061,3.39896,3.40258,3.39304,3.40192,2.22215,2.22511,2.22412,2.22215,2.22346,1.05882,1.05652,1.06013,1.05849,1.05849,-50.06464,-2582.00000
3.39403,3.40127,3.39765,3.40028,3.40159,2.22511,2.22379,2.22577,2.22511,2.22577,1.05981,1.06145,1.05915,1.06211,1.05948,-49.68502,-2581.00000
3.40587,3.40192,3.40192,3.40127,3.39535,2.22017,2.22248,2.22182,2.22215,2.22445,1.06145,1.05717,1.05948,1.05849,1.05981,-49.68422,-2580.00000
3.39699,3.39732,3.39962,3.39831,3.40127,2.22313,2.22412,2.22017,2.22346,2.22445,1.05717,1.06342,1.05948,1.05915,1.05849,-49.68422,-2579.00000
3.39765,3.40061,3.39929,3.39896,3.39929,2.22642,2.22116,2.22379,2.22478,2.22215,1.05948,1.06013,1.06046,1.05882,1.05421,-49.68422,-2578.00000
3.39863,3.39633,3.40488,3.40061,3.40094,2.22577,2.22248,2.22248,2.22149,2.22149,1.05783,1.05915,1.05816,1.06342,1.06178,-49.04892,-2577.00000
3.39798,3.39732,3.39863,3.40752,3.39765,2.22412,2.22412,2.22577,2.22445,2.22445,1.05783,1.05816,1.06277,1.06013,1.05816,-49.04892,-2576.00000
3.39896,3.39567,3.39995,3.39535,3.40225,2.21853,2.22412,2.22609,2.22511,2.22346,1.05882,1.05915,1.06145,1.05882,1.06112,-46.17259,-2575.00000
3.40127,3.40258,3.40061,3.40324,3.39929,2.22412,2.22182,2.22577,2.22511,2.22379,1.05717,1.05915,1.06309,1.06013,1.06013,-46.17259,-2574.00000
3.39962,3.40784,3.39798,3.39370,3.39798,2.22609,2.22445,2.22544,2.22182,2.22675,1.06309,1.05948,1.05882,1.05981,1.05948,-44.53172,-2573.00000
3.39896,3.39370,3.39831,3.39502,3.39765,2.22511,2.22215,2.21787,2.22182,2.22215,1.05783,1.05816,1.05849,1.05948,1.05553,-44.53172,-2572.00000
3.39831,3.40159,3.39929,3.40028,3.40324,2.22346,2.22905,2.21984,2.22313,2.22248,1.05717,1.05849,1.05290,1.06046,1.05981,-45.48534,-2571.00000
3.39600,3.40587,3.39929,3.39732,3.39798,2.22609,2.22478,2.22511,2.22116,2.22280,1.05981,1.05685,1.05717,1.06112,1.05717,-45.48534,-2570.00000
3.40094,3.40061,3.39502,3.39962,3.39765,2.22050,2.22083,2.22280,2.22050,2.22544,1.05783,1.05520,1.05915,1.06013,1.06046,-46.75423,-2569.00000
3.40455,3.39633,3.39535,3.39962,3.40225,2.22083,2.21984,2.22379,2.22149,2.22083,1.05553,1.06079,1.05421,1.05553,1.05948,-46.75423,-2568.00000
3.39567,3.39863,3.39863,3.39831,3.39995,2.22577,2.22445,2.22346,2.21952,2.21820,1.05882,1.05915,1.05981,1.05750,1.05882,-47.59526,-2567.00000
3.39337,3.39896,3.39699,3.40192,3.40028,2.22609,2.22313,2.22182,2.22379,2.22609,1.05816,1.06112,1.06178,1.05685,1.05882,-47.59526,-2566.00000
3.39732,3.39535,3.40258,3.40192,3.39666,2.22050,2.22445,2.22741,2.22478,2.22050,1.05717,1.05685,1.05816,1.05948,1.05849,-48.34476,-2565.00000
3.39896,3.40094,3.40390,3.39929,3.40258,2.22182,2.22248,2.22478,2.22215,2.22116,1.05619,1.05652,1.05816,1.05783,1.05454,-48.34476,-2564.00000
3.40061,3.39469,3.40061,3.39699,3.40028,2.22445,2.22017,2.22478,2.22116,2.22248,1.05685,1.05783,1.05816,1.05586,1.05586,-49.31155,-2563.00000
3.40094,3.40357,3.39600,3.39535,3.39436,2.22313,2.22182,2.21984,2.22280,2.22280,1.05421,1.05816,1.05750,1.05783,1.05816,-49.31155,-2562.00000
3.39896,3.39666,3.40225,3.40061,3.39666,2.22280,2.22609,2.22313,2.22116,2.21754,1.05553,1.05783,1.05717,1.05685,1.05849,-49.56219,-2561.00000
3.40127,3.39567,3.40094,3.39403,3.40554,2.22938,2.22313,2.21952,2.22642,2.22313,1.05553,1.05652,1.05717,1.05948,1.05849,-49.56219,-2560.00000
3.39995,3.39863,3.40127,3.39798,3.39896,2.22840,2.22577,2.22642,2.22445,2.22346,1.05553,1.05783,1.05421,1.05685,1.05717,-49.64465,-2559.00000
3.40028,3.39502,3.40324,3.39896,3.39469,2.22412,2.22609,2.21754,2.22412,2.22412,1.05553,1.05816,1.06013,1.05750,1.05816,-49.64465,-2558.00000
3.39337,3.40159,3.39337,3.40357,3.40094,2.22445,2.22938,2.22182,2.22313,2.22412,1.05849,1.05619,1.05685,1.05717,1.05586,-49.93074,-2557.00000
3.39370,3.39600,3.39436,3.39502,3.39436,2.22083,2.22478,2.22840,2.22445,2.21952,1.05915,1.05586,1.05783,1.05882,1.05487,-49.93074,-2556.00000
3.40291,3.40127,3.39798,3.39699,3.40127,2.22215,2.22511,2.22478,2.22609,2.22412,1.05981,1.05915,1.05487,1.05619,1.06013,-50.20122,-2555.00000
3.39831,3.40291,3.39600,3.40554,3.39206,2.21886,2.22445,2.22017,2.22280,2.22215,1.05652,1.05619,1.05948,1.05816,1.05849,-50.53454,-2554.00000
3.39798,3.40028,3.39271,3.39798,3.39831,2.22215,2.22511,2.21952,2.21623,2.22577,1.05717,1.05586,1.05816,1.05421,1.05849,-50.53454,-2553.00000
3.39896,3.40192,3.39896,3.39896,3.39765,2.22149,2.21886,2.22478,2.21919,2.21886,1.05685,1.05816,1.05882,1.05981,1.05882,-50.53454,-2552.00000
3.39831,3.39074,3.40258,3.39765,3.39798,2.22083,2.22083,2.22116,2.22445,2.22346,1.05849,1.05717,1.05619,1.05915,1.05816,-50.88533,-2551.00000
3.39271,3.39140,3.39535,3.38844,3.39567,2.21919,2.22050,2.21919,2.21853,2.22379,1.05586,1.05717,1.05981,1.05619,1.05685,-50.88533,-2550.00000
3.39863,3.40061,3.39403,3.39962,3.39567,2.22017,2.22346,2.21984,2.21721,2.22182,1.05421,1.05915,1.05487,1.05652,1.05652,-50.87505,-2549.00000
3.39469,3.39271,3.39271,3.39140,3.39995,2.22050,2.22215,2.22050,2.22116,2.21590,1.05981,1.05849,1.06046,1.05981,1.05882,-50.87505,-2548.00000
3.39304,3.39337,3.39370,3.39502,3.40094,2.21524,2.22511,2.22248,2.21820,2.22280,1.05553,1.06211,1.05948,1.05520,1.06112,-50.71846,-2547.00000
3.39206,3.39666,3.39600,3.39271,3.39140,2.21787,2.22280,2.21886,2.22544,2.21754,1.05257,1.05553,1.05487,1.05717,1.06046,-50.71846,-2546.00000
3.39732,3.39732,3.39666,3.39896,3.39469,2.22017,2.22544,2.22248,2.22050,2.21984,1.05816,1.05487,1.05783,1.05948,1.05981,-50.29668,-2545.00000
3.40357,3.39502,3.39699,3.39765,3.39469,2.22248,2.22116,2.22149,2.22313,2.22346,1.05948,1.05948,1.05421,1.06277,1.05816,-50.29668,-2544.00000
3.39502,3.39765,3.38745,3.39107,3.39502,2.21952,2.21787,2.22149,2.21886,2.22083,1.05915,1.05882,1.05224,1.05948,1.05849,-50.84720,-2543.00000
3.39633,3.39304,3.39370,3.39600,3.39337,2.22149,2.22182,2.21886,2.22182,2.22116,1.05849,1.05685,1.05882,1.05356,1.05553,-50.84720,-2542.00000
3.39600,3.39633,3.39633,3.39798,3.39206,2.22511,2.22116,2.22149,2.22280,2.21721,1.05553,1.05750,1.05487,1.06013,1.05750,-51.06122,-2541.00000
3.39765,3.39600,3.39239,3.39074,3.39502,2.22116,2.21919,2.22083,2.22116,2.22182,1.06079,1.05816,1.06013,1.05816,1.05421,-51.06122,-2540.00000
3.40094,3.39370,3.39107,3.39798,3.39502,2.22083,2.22149,2.21458,2.22280,2.22116,1.05717,1.05981,1.05816,1.05553,1.05750,-50.77258,-2539.00000
3.39436,3.39173,3.39863,3.39633,3.39271,2.22280,2.21886,2.22544,2.22083,2.21984,1.05849,1.05685,1.05816,1.05652,1.05685,-50.77258,-2538.00000
3.38844,3.39173,3.39567,3.39666,3.39699,2.21688,2.22280,2.22346,2.22346,2.22379,1.05981,1.05981,1.05882,1.05882,1.05553,-50.57365,-2537.00000
3.39567,3.39863,3.39831,3.38548,3.39337,2.21984,2.21886,2.22017,2.21820,2.22050,1.05717,1.05685,1.05849,1.05652,1.06079,-50.90164,-2536.00000
3.39600,3.39600,3.39831,3.39600,3.39567,2.22083,2.22313,2.21919,2.21557,2.22313,1.05750,1.05553,1.05915,1.05487,1.05356,-50.90164,-2535.00000
3.39008,3.39271,3.39436,3.39206,3.40061,2.22412,2.22445,2.21787,2.21754,2.22412,1.05849,1.05685,1.05948,1.05882,1.05981,-50.90164,-2534.00000
3.39666,3.39732,3.39831,3.39831,3.39502,2.22412,2.21919,2.22017,2.22017,2.22083,1.05849,1.05389,1.05652,1.05356,1.05816,-50.77199,-2533.00000
3.39831,3.39765,3.39962,3.39896,3.40159,2.22149,2.22083,2.22445,2.22511,2.22149,1.05915,1.05652,1.05717,1.05882,1.05389,-50.77199,-2532.00000
3.39107,3.39732,3.39041,3.39666,3.39403,2.22083,2.22116,2.22050,2.22116,2.22215,1.05882,1.05520,1.05882,1.05619,1.05915,-50.51141,-2531.00000
3.40127,3.39074,3.39535,3.39798,3.39469,2.21984,2.22511,2.22280,2.22248,2.22182,1.05717,1.06013,1.05323,1.05520,1.05849,-50.51141,-2530.00000
3.39173,3.39831,3.39765,3.39995,3.39502,2.22083,2.22050,2.22445,2.22215,2.21984,1.05882,1.05619,1.05717,1.05586,1.05125,-50.06262,-2529.00000
3.39863,3.39699,3.40192,3.39633,3.39863,2.22379,2.21886,2.22248,2.22215,2.21623,1.06013,1.05652,1.05224,1.05586,1.05586,-50.06262,-2528.00000
3.39600,3.39699,3.39469,3.39502,3.39239,2.21984,2.22412,2.22708,2.21820,2.22511,1.05421,1.05586,1.05685,1.05915,1.05421,-49.74715,-2527.00000
3.40127,3.38943,3.39600,3.39535,3.39600,2.22083,2.22248,2.22215,2.21688,2.21984,1.06079,1.05586,1.05586,1.05948,1.05323,-49.74715,-2526.00000
3.39436,3.39403,3.40192,3.39337,3.39370,2.22675,2.22577,2.21787,2.21853,2.22083,1.05849,1.05882,1.05783,1.05685,1.05750,-50.11464,-2525.00000
3.39535,3.39699,3.40159,3.39699,3.39732,2.22050,2.22313,2.22609,2.22346,2.22248,1.06112,1.06013,1.05783,1.05783,1.06178,-50.11464,-2524.00000
3.39502,3.39600,3.40423,3.40094,3.39962,2.22577,2.22149,2.22675,2.22577,2.21787,1.05750,1.05685,1.05685,1.05948,1.05717,-48.86223,-2523.00000
3.40061,3.40258,3.39896,3.39600,3.40127,2.22544,2.22083,2.22116,2.22412,2.22313,1.06145,1.05389,1.05717,1.05981,1.05750,-46.48758,-2522.00000
3.39831,3.40225,3.40291,3.39502,3.39567,2.22083,2.22182,2.22313,2.22182,2.22609,1.05290,1.05816,1.06046,1.05750,1.06046,-46.48758,-2521.00000
3.39765,3.39831,3.39962,3.40324,3.39831,2.22346,2.22116,2.22412,2.22149,2.22675,1.05553,1.05882,1.05915,1.05948,1.05915,-46.48758,-2520.00000
3.40061,3.40192,3.40488,3.39666,3.39798,2.21853,2.22609,2.22017,2.22379,2.22412,1.05520,1.05717,1.06046,1.06046,1.06145,-45.55715,-2519.00000
3.40719,3.39863,3.39699,3.40127,3.39699,2.22478,2.22346,2.22346,2.22149,2.22642,1.05915,1.05553,1.05915,1.05882,1.05816,-45.55715,-2518.00000
3.39765,3.39995,3.40291,3.40061,3.39863,2.22182,2.22149,2.22511,2.22346,2.22346,1.05915,1.05981,1.05454,1.06013,1.05685,-46.12176,-2517.00000
3.39896,3.39863,3.40094,3.40324,3.40127,2.22609,2.22017,2.22609,2.22478,2.22379,1.05849,1.06244,1.05849,1.06112,1.05520,-46.12176,-2516.00000
3.39600,3.40258,3.39666,3.39436,3.39962,2.22149,2.22609,2.22478,2.22642,2.22445,1.05816,1.06046,1.06079,1.05783,1.05750,-46.85135,-2515.00000
3.39337,3.40094,3.40225,3.40192,3.39765,2.22445,2.22577,2.22379,2.22708,2.22412,1.05553,1.05882,1.05783,1.05981,1.05454,-46.85135,-2514.00000
3.40028,3.40159,3.40094,3.40455,3.40094,2.22215,2.22280,2.22280,2.22511,2.22642,1.05915,1.05981,1.05849,1.05882,1.06112,-47.86021,-2513.00000
3.40159,3.40094,3.40225,3.39633,3.40357,2.22083,2.22379,2.22313,2.22379,2.22675,1.05981,1.05652,1.05948,1.05981,1.05454,-47.86021,-2512.00000
3.40127,3.39765,3.39896,3.40521,3.39699,2.22248,2.22248,2.22478,2.22149,2.22379,1.06277,1.06178,1.05652,1.05717,1.06079,-48.59626,-2511.00000
3.39896,3.39765,3.40521,3.40028,3.39831,2.22577,2.22445,2.22215,2.22346,2.22280,1.05685,1.05487,1.06013,1.05915,1.05619,-48.59626,-2510.00000
3.39567,3.39666,3.40324,3.39567,3.39962,2.22149,2.22577,2.21557,2.22248,2.22544,1.05685,1.05652,1.06145,1.05652,1.06079,-48.73052,-2509.00000
3.40028,3.40291,3.39535,3.39863,3.39699,2.22609,2.22412,2.22215,2.22280,2.22379,1.06342,1.05882,1.05652,1.05652,1.05619,-48.73052,-2508.00000
3.40620,3.39765,3.40291,3.40423,3.40587,2.21919,2.22675,2.22642,2.22050,2.22577,1.05652,1.06145,1.05849,1.06211,1.06013,-49.41409,-2507.00000
3.39600,3.40357,3.39403,3.39896,3.39831,2.22708,2.22478,2.22511,2.22248,2.22905,1.06244,1.05816,1.06046,1.05717,1.06013,-49.41409,-2506.00000
3.40061,3.39831,3.39502,3.39633,3.40192,2.22149,2.22445,2.22313,2.22280,2.22346,1.06178,1.05882,1.05619,1.05652,1.06342,-49.59149,-2505.00000
3.39600,3.40258,3.39765,3.39962,3.40061,2.22248,2.22116,2.22215,2.22346,2.22182,1.06079,1.05750,1.05981,1.05717,1.05882,-49.59149,-2504.00000
3.39995,3.39666,3.39995,3.39567,3.39206,2.22478,2.22182,2.22609,2.22412,2.22017,1.06079,1.05849,1.05750,1.05948,1.05882,-50.16223,-2503.00000
3.40390,3.39469,3.40159,3.39765,3.39567,2.22248,2.22642,2.22379,2.22083,2.22511,1.05421,1.05816,1.05783,1.05750,1.06046,-50.16223,-2502.00000
3.39962,3.39600,3.39666,3.40291,3.39633,2.21820,2.22445,2.22511,2.21919,2.22116,1.06211,1.06013,1.06013,1.06145,1.06244,-50.13094,-2501.00000
3.40357,3.40423,3.40390,3.40028,3.40094,2.22215,2.22577,2.22774,2.22149,2.22708,1.05915,1.05783,1.05915,1.05981,1.05783,-50.13094,-2500.00000
3.39666,3.39995,3.40192,3.39337,3.39403,2.22215,2.22478,2.22741,2.22346,2.22905,1.05520,1.06079,1.05783,1.06211,1.05882,-50.41770,-2499.00000
3.40554,3.40028,3.40324,3.40028,3.39962,2.22248,2.22412,2.22116,2.22741,2.22182,1.05553,1.05685,1.05948,1.06046,1.06079,-50.41770,-2498.00000
3.39929,3.40390,3.39863,3.39929,3.39567,2.22215,2.21984,2.22609,2.22807,2.22774,1.05586,1.06046,1.05849,1.05849,1.06211,-51.11180,-2497.00000
3.40357,3.39535,3.39896,3.40094,3.39863,2.21820,2.22511,2.22280,2.22445,2.22807,1.06474,1.06046,1.05619,1.06277,1.05981,-51.11180,-2496.00000
3.39995,3.39469,3.39666,3.39535,3.39929,2.22116,2.22116,2.21820,2.22280,2.22379,1.05981,1.05915,1.05981,1.06046,1.05849,-51.28645,-2495.00000
3.39995,3.39995,3.39831,3.40225,3.39239,2.22313,2.22215,2.22313,2.22313,2.22445,1.05586,1.05981,1.05487,1.05783,1.05685,-51.28645,-2494.00000
3.39567,3.40225,3.39567,3.39995,3.40455,2.21952,2.22609,2.22445,2.22248,2.21984,1.05849,1.06112,1.06013,1.05717,1.05685,-50.94227,-2493.00000
3.39666,3.40291,3.39107,3.39732,3.40094,2.22083,2.22346,2.22873,2.22017,2.22248,1.05981,1.05783,1.06309,1.06112,1.05882,-50.94227,-2492.00000
3.39633,3.39831,3.40094,3.40390,3.39699,2.22379,2.22182,2.22248,2.22544,2.22248,1.05750,1.05816,1.06079,1.06277,1.06046,-51.38339,-2491.00000
3.39962,3.39732,3.39600,3.39600,3.40455,2.22313,2.22577,2.22182,2.21984,2.22741,1.05882,1.06112,1.06013,1.05717,1.06145,-51.38339,-2490.00000
3.39633,3.40028,3.39863,3.40192,3.39929,2.22017,2.22478,2.22708,2.22544,2.22379,1.06244,1.06112,1.05882,1.05750,1.05750,-51.34869,-2489.00000
3.40159,3.39732,3.39600,3.39863,3.39896,2.22083,2.22346,2.22346,2.22609,2.22280,1.05849,1.05981,1.05981,1.05981,1.06079,-51.34869,-2488.00000
3.39765,3.39929,3.39995,3.40192,3.39732,2.22149,2.22149,2.22248,2.22346,2.22445,1.06013,1.06244,1.05487,1.05816,1.06244,-51.57946,-2487.00000
3.40061,3.39896,3.40159,3.40061,3.40192,2.22675,2.22544,2.22445,2.22642,2.22313,1.05981,1.05882,1.05750,1.05685,1.05849,-51.57946,-2486.00000
3.40127,3.40455,3.40357,3.40554,3.40061,2.22313,2.22379,2.21984,2.22182,2.22280,1.05849,1.05783,1.05915,1.05586,1.06244,-52.35832,-2485.00000
3.39600,3.40127,3.40455,3.39600,3.40061,2.22248,2.22346,2.22280,2.22182,2.22609,1.06013,1.06145,1.06211,1.06046,1.05915,-52.35832,-2484.00000
3.39962,3.39666,3.39929,3.39765,3.39732,2.22675,2.22280,2.22149,2.22609,2.22642,1.05783,1.06145,1.06079,1.05915,1.06079,-51.77078,-2483.00000
3.39962,3.40159,3.39732,3.39732,3.40324,2.22280,2.22708,2.22675,2.22050,2.22577,1.06211,1.05816,1.05915,1.05849,1.06178,-51.77078,-2482.00000
3.39863,3.39896,3.39863,3.40094,3.40127,2.22379,2.22445,2.22248,2.22741,2.22741,1.06079,1.06441,1.06244,1.06079,1.05882,-51.32538,-2481.00000
3.39699,3.39666,3.40127,3.39896,3.40028,2.22412,2.22346,2.22083,2.21721,2.22774,1.06211,1.06178,1.06046,1.06112,1.05882,-51.32538,-2480.00000
3.39863,3.40390,3.40390,3.39732,3.40258,2.22182,2.22149,2.22346,2.22149,2.22149,1.06112,1.06145,1.05882,1.06145,1.06145,-51.14074,-2479.00000
3.39469,3.40521,3.40423,3.39995,3.39732,2.22577,2.22050,2.22412,2.23136,2.22116,1.05882,1.06244,1.05783,1.06079,1.05783,-51.14074,-2478.00000
3.39863,3.40061,3.40094,3.39896,3.39863,2.22346,2.22609,2.22182,2.22280,2.22511,1.05882,1.05685,1.05981,1.05717,1.05882,-50.92000,-2477.00000
3.39798,3.40028,3.39436,3.40455,3.39206,2.22675,2.22280,2.22017,2.22412,2.22609,1.05882,1.05685,1.06704,1.06013,1.05915,-50.92000,-2476.00000
3.40159,3.39896,3.40455,3.40225,3.40258,2.22478,2.22215,2.22280,2.22544,2.22412,1.05981,1.06309,1.06342,1.05816,1.05882,-51.55083,-2475.00000
3.40159,3.39633,3.40061,3.39732,3.40291,2.22445,2.22379,2.22313,2.22182,2.22412,1.06112,1.06342,1.06112,1.05948,1.06474,-51.23083,-2474.00000
3.39765,3.40258,3.40028,3.39666,3.40094,2.22544,2.22609,2.22642,2.22445,2.22280,1.06277,1.05981,1.06375,1.05750,1.05750,-51.23083,-2473.00000
3.39896,3.40916,3.39765,3.39929,3.40192,2.22774,2.22215,2.22577,2.22445,2.22609,1.06013,1.05882,1.06145,1.05981,1.05849,-51.23083,-2472.00000
3.40455,3.40127,3.39699,3.39863,3.40357,2.22840,2.22412,2.22873,2.22280,2.22774,1.06211,1.06309,1.05981,1.05783,1.05750,-51.30721,-2471.00000
3.39995,3.39831,3.39798,3.39863,3.40061,2.22478,2.22215,2.22511,2.22478,2.22675,1.06046,1.05981,1.06013,1.06046,1.05783,-51.30721,-2470.00000
3.40258,3.39798,3.40225,3.40127,3.39995,2.22412,2.22577,2.22544,2.22577,2.22116,1.05783,1.05882,1.05948,1.05948,1.06309,-51.75689,-2469.00000
3.40324,3.40192,3.40850,3.40028,3.40357,2.22083,2.22675,2.22807,2.22248,2.22379,1.05816,1.05619,1.05487,1.05981,1.06046,-51.75689,-2468.00000
3.39896,3.40357,3.40258,3.40817,3.40159,2.23004,2.22215,2.22708,2.22280,2.22445,1.05882,1.05981,1.05783,1.05717,1.06013,-51.97367,-2467.00000
3.40357,3.40324,3.40258,3.40324,3.40159,2.22577,2.22215,2.22215,2.22741,2.22149,1.06145,1.06375,1.06244,1.05948,1.06277,-51.97367,-2466.00000
3.40061,3.39896,3.40455,3.40554,3.40653,2.22708,2.22544,2.22577,2.22873,2.22609,1.05882,1.05981,1.06112,1.05948,1.05915,-51.66571,-2465.00000
3.40455,3.40192,3.40587,3.40291,3.40653,2.22313,2.21952,2.22248,2.22642,2.22248,1.05652,1.05816,1.06145,1.06145,1.05849,-51.66571,-2464.00000
3.41015,3.39995,3.39863,3.40159,3.39699,2.22379,2.22478,2.22642,2.22017,2.22116,1.06178,1.06277,1.05948,1.06112,1.06375,-51.75989,-2463.00000
3.40423,3.39896,3.40423,3.40127,3.40225,2.22313,2.22313,2.22412,2.22642,2.22182,1.05981,1.05717,1.05783,1.05816,1.06309,-51.75989,-2462.00000
3.39765,3.40324,3.40587,3.40028,3.40291,2.22248,2.22511,2.22675,2.22445,2.22642,1.05981,1.05882,1.05750,1.06112,1.05882,-51.86499,-2461.00000
3.40159,3.40061,3.40916,3.40324,3.40554,2.22280,2.22511,2.22313,2.22346,2.22313,1.05915,1.05981,1.05783,1.05816,1.05981,-51.86499,-2460.00000
3.39863,3.40159,3.39995,3.40423,3.40258,2.22609,2.22412,2.22478,2.22708,2.22478,1.05948,1.06211,1.05981,1.05915,1.05915,-51.78369,-2459.00000
3.40455,3.41080,3.40357,3.39962,3.40291,2.22248,2.22346,2.22609,2.22346,2.22182,1.06441,1.06079,1.06145,1.06046,1.06342,-51.78369,-2458.00000
3.40620,3.40521,3.39863,3.40291,3.40192,2.22544,2.22346,2.22017,2.22511,2.22248,1.05717,1.06046,1.06441,1.05981,1.06079,-52.07454,-2457.00000
3.40488,3.39633,3.40784,3.39995,3.40752,2.22083,2.22445,2.22280,2.22445,2.22708,1.06013,1.06046,1.06046,1.06277,1.06112,-52.07454,-2456.00000
3.40620,3.40192,3.40784,3.40587,3.40620,2.22807,2.22346,2.22412,2.22412,2.22017,1.06211,1.06342,1.06474,1.06309,1.05981,-51.82086,-2455.00000
3.40159,3.40127,3.40390,3.39863,3.40554,2.22642,2.22313,2.22938,2.22379,2.21952,1.06309,1.06145,1.05948,1.06145,1.05685,-51.82086,-2454.00000
3.40291,3.40554,3.40225,3.40554,3.40554,2.22083,2.21984,2.22577,2.22577,2.22577,1.06342,1.06309,1.06342,1.06277,1.05816,-51.45316,-2453.00000
3.40587,3.40916,3.40719,3.40357,3.40192,2.22346,2.22675,2.22609,2.22248,2.22215,1.06079,1.06441,1.06145,1.06079,1.06342,-51.45316,-2452.00000
3.40357,3.40127,3.39962,3.40719,3.40192,2.22873,2.22675,2.22478,2.23070,2.22971,1.06507,1.06244,1.06408,1.05652,1.06112,-51.66051,-2451.00000
3.40390,3.40258,3.40324,3.40686,3.40587,2.22708,2.23004,2.23004,2.22149,2.22478,1.06244,1.06112,1.06046,1.06441,1.06211,-51.66051,-2450.00000
3.40423,3.40127,3.40883,3.39995,3.40587,2.22609,2.21886,2.22412,2.22280,2.22445,1.06277,1.06408,1.06441,1.06145,1.06178,-51.67016,-2449.00000
3.40258,3.40291,3.39765,3.40916,3.40423,2.22905,2.22905,2.22609,2.22511,2.22511,1.06079,1.06342,1.05915,1.06145,1.06342,-51.67016,-2448.00000
3.40488,3.40258,3.40094,3.40225,3.40291,2.22149,2.22182,2.22905,2.22609,2.23201,1.05882,1.06244,1.06145,1.06178,1.06211,-51.56754,-2447.00000
3.40587,3.40390,3.40324,3.40784,3.40159,2.22346,2.22873,2.22445,2.22675,2.22774,1.06112,1.06013,1.05948,1.06013,1.06309,-51.56754,-2446.00000
3.40225,3.39929,3.40028,3.40488,3.40686,2.21919,2.22840,2.22577,2.23004,2.22774,1.05750,1.06244,1.05915,1.05915,1.06013,-51.48122,-2445.00000
3.40061,3.39765,3.40192,3.40455,3.39929,2.22412,2.22116,2.22741,2.22905,2.22149,1.05750,1.06013,1.05981,1.06211,1.06573,-51.48122,-2444.00000
3.40291,3.40324,3.40324,3.40357,3.39831,2.22412,2.22609,2.22774,2.22873,2.22840,1.06112,1.06112,1.06342,1.06178,1.06474,-51.36346,-2443.00000
3.40883,3.40159,3.40784,3.39929,3.40752,2.22511,2.22511,2.22478,2.22346,2.22478,1.05750,1.06408,1.06178,1.06013,1.05750,-51.27844,-2442.00000
3.40225,3.40620,3.40061,3.40916,3.40291,2.22807,2.22938,2.22412,2.22609,2.22511,1.05948,1.06244,1.06342,1.06112,1.06540,-51.27844,-2441.00000
3.40357,3.40653,3.40192,3.40587,3.41048,2.22577,2.22050,2.22083,2.22478,2.22708,1.06046,1.05849,1.06277,1.06638,1.06046,-51.27844,-2440.00000
3.40620,3.40752,3.40159,3.40225,3.40127,2.22478,2.22313,2.22379,2.22478,2.22478,1.05915,1.05981,1.06013,1.06046,1.06244,-52.15763,-2439.00000
3.40390,3.40390,3.40291,3.40192,3.40192,2.22905,2.22708,2.22445,2.22609,2.22774,1.06178,1.06474,1.05816,1.05849,1.05915,-52.15763,-2438.00000
3.40719,3.40587,3.40390,3.40423,3.40488,2.22873,2.22478,2.22609,2.22938,2.22544,1.06375,1.06244,1.06013,1.06079,1.06342,-52.07970,-2437.00000
3.40521,3.40488,3.40982,3.41048,3.40587,2.22609,2.22577,2.22346,2.22741,2.22182,1.06507,1.06178,1.05948,1.06244,1.05882,-52.07970,-2436.00000
3.40949,3.40455,3.40521,3.41080,3.40817,2.22346,2.22478,2.22116,2.22741,2.22248,1.06145,1.06112,1.06079,1.06277,1.05882,-51.73965,-2435.00000
3.40587,3.40192,3.39798,3.40258,3.40719,2.22609,2.22478,2.23201,2.22708,2.22642,1.05915,1.05948,1.06046,1.05948,1.06244,-52.11355,-2434.00000
3.41080,3.41113,3.40390,3.40521,3.40324,2.22741,2.23070,2.23037,2.22708,2.22445,1.06211,1.05849,1.06211,1.05750,1.06145,-52.11355,-2433.00000
3.40587,3.40324,3.40587,3.40061,3.40258,2.22840,2.22774,2.22511,2.22445,2.22840,1.05915,1.05816,1.05816,1.06112,1.06178,-52.11355,-2432.00000
3.40258,3.40127,3.40455,3.40094,3.40390,2.22774,2.22478,2.22577,2.22938,2.23004,1.05981,1.06013,1.05849,1.05981,1.05816,-52.15285,-2431.00000
3.40719,3.40521,3.40324,3.40390,3.40357,2.22708,2.23103,2.22544,2.22379,2.22642,1.05981,1.06046,1.05652,1.05981,1.05882,-52.15285,-2430.00000
3.40686,3.40390,3.40883,3.40752,3.41015,2.22873,2.22741,2.22905,2.22840,2.22905,1.06277,1.06178,1.06145,1.06211,1.06046,-51.93653,-2429.00000
3.40554,3.40061,3.41015,3.40028,3.40719,2.22609,2.22478,2.22905,2.22675,2.22938,1.06079,1.06178,1.06079,1.06211,1.06309,-51.93653,-2428.00000
3.40817,3.40686,3.41442,3.40225,3.40357,2.22577,2.22938,2.22708,2.22741,2.22642,1.06277,1.06178,1.05915,1.06277,1.06013,-51.56283,-2427.00000
3.40752,3.40850,3.40982,3.40850,3.39995,2.22642,2.22840,2.23563,2.23333,2.22905,1.05981,1.06046,1.06605,1.06046,1.06178,-51.56283,-2426.00000
3.40521,3.40587,3.40390,3.40587,3.40784,2.22708,2.22412,2.23004,2.22445,2.23234,1.06079,1.06474,1.05783,1.06408,1.06309,-51.24208,-2425.00000
3.40225,3.40554,3.40423,3.41278,3.40488,2.22807,2.22938,2.22642,2.22642,2.22379,1.05948,1.05783,1.06013,1.06211,1.05948,-51.24208,-2424.00000
3.41015,3.40686,3.40982,3.40883,3.40324,2.22609,2.23333,2.22149,2.22379,2.22873,1.06079,1.06244,1.06079,1.05619,1.06178,-51.44003,-2423.00000
3.40455,3.40686,3.40554,3.40653,3.40521,2.22478,2.22544,2.22577,2.22873,2.22313,1.05816,1.06178,1.05882,1.05717,1.06309,-51.44003,-2422.00000
3.40455,3.40949,3.40817,3.41212,3.40324,2.22708,2.22280,2.22774,2.22478,2.23004,1.06079,1.05948,1.06145,1.06441,1.05816,-51.04303,-2421.00000
3.40357,3.40817,3.40850,3.40258,3.40686,2.22873,2.22807,2.22774,2.22675,2.23300,1.06079,1.06309,1.06605,1.06046,1.05685,-51.04303,-2420.00000
3.40291,3.40620,3.40258,3.40357,3.40982,2.22873,2.23103,2.22971,2.22346,2.22379,1.06408,1.06013,1.06046,1.05652,1.05882,-50.61560,-2419.00000
3.40324,3.40752,3.40488,3.40817,3.40653,2.22840,2.22873,2.22642,2.22511,2.22807,1.06079,1.05783,1.05685,1.06079,1.06178,-50.61560,-2418.00000
3.40028,3.41048,3.39929,3.40916,3.40455,2.22642,2.22774,2.22708,2.22642,2.23037,1.05454,1.06342,1.05717,1.06178,1.05783,-50.63664,-2417.00000
3.40686,3.41245,3.40916,3.40587,3.40291,2.22708,2.22741,2.22741,2.22577,2.22708,1.05849,1.05685,1.05882,1.06178,1.05816,-50.63664,-2416.00000
3.40554,3.40719,3.40225,3.40357,3.40850,2.22938,2.22445,2.22379,2.22642,2.22971,1.05915,1.05882,1.06112,1.06375,1.06013,-50.74018,-2415.00000
3.40883,3.41113,3.40324,3.40488,3.40587,2.22544,2.22445,2.22544,2.22577,2.22905,1.05652,1.06079,1.06474,1.05915,1.06474,-50.74018,-2414.00000
3.40258,3.40127,3.40324,3.40554,3.41344,2.22609,2.23037,2.23103,2.22774,2.22511,1.06211,1.05981,1.06079,1.05816,1.05849,-50.68388,-2413.00000
3.40686,3.40159,3.40554,3.40752,3.41080,2.22280,2.22642,2.22379,2.22280,2.22642,1.05816,1.05816,1.05882,1.06013,1.06046,-50.68388,-2412.00000
3.40094,3.40817,3.40686,3.41113,3.40225,2.22280,2.23169,2.23070,2.22346,2.22807,1.06277,1.05652,1.06112,1.06013,1.06244,-50.88561,-2411.00000
3.39995,3.40488,3.40784,3.40587,3.40423,2.23037,2.22478,2.23037,2.22577,2.22280,1.05981,1.05915,1.05981,1.06277,1.05783,-50.88561,-2410.00000
3.40719,3.40423,3.40423,3.40554,3.39995,2.22577,2.22182,2.22544,2.22412,2.22412,1.06145,1.05948,1.05882,1.06145,1.05849,-51.06078,-2409.00000
3.40061,3.39929,3.40521,3.40521,3.40784,2.22544,2.22675,2.22445,2.22182,2.22840,1.05685,1.05948,1.05619,1.05619,1.06046,-51.06078,-2408.00000
3.40390,3.40192,3.39863,3.40159,3.40028,2.22577,2.23037,2.22544,2.22412,2.22478,1.05816,1.05750,1.06145,1.05882,1.05816,-51.17757,-2407.00000
3.40488,3.39535,3.40587,3.40324,3.40159,2.22478,2.22478,2.22478,2.22412,2.22182,1.06244,1.05816,1.06046,1.05750,1.06013,-51.17757,-2406.00000
3.40488,3.40028,3.40324,3.40357,3.39896,2.22149,2.22774,2.22642,2.22905,2.22346,1.05948,1.05882,1.05915,1.05915,1.06046,-51.37586,-2405.00000
3.40225,3.39962,3.40028,3.40488,3.40192,2.22313,2.22346,2.22149,2.22609,2.22873,1.06046,1.05948,1.05750,1.05882,1.05783,-51.37586,-2404.00000
3.40258,3.40390,3.40390,3.39666,3.40455,2.22149,2.22445,2.22116,2.22807,2.22741,1.05948,1.05915,1.05553,1.05849,1.06079,-51.24439,-2403.00000
3.40291,3.40061,3.40620,3.40127,3.40423,2.22215,2.22609,2.22675,2.22083,2.22280,1.05948,1.05849,1.05652,1.06079,1.05981,-51.24439,-2402.00000
3.40258,3.40587,3.40324,3.40127,3.39929,2.22149,2.22050,2.22840,2.22280,2.22544,1.05487,1.05816,1.06178,1.05652,1.05717,-51.57992,-2401.00000
3.40620,3.39929,3.40423,3.40554,3.40061,2.22280,2.23070,2.22840,2.23037,2.22971,1.05685,1.05586,1.05619,1.05652,1.05652,-51.57992,-2400.00000
3.39765,3.39633,3.40357,3.39863,3.39831,2.22445,2.22445,2.22445,2.22544,2.22379,1.05750,1.05586,1.05717,1.05717,1.05389,-51.60667,-2399.00000
3.39929,3.40159,3.40423,3.40455,3.39962,2.22182,2.22280,2.21853,2.22280,2.22116,1.05553,1.05619,1.06309,1.06013,1.05981,-51.60667,-2398.00000
3.40390,3.40127,3.40324,3.40061,3.40225,2.22050,2.22346,2.22313,2.22905,2.22379,1.05981,1.06079,1.05717,1.05948,1.05421,-51.71727,-2397.00000
3.39633,3.40390,3.40225,3.40094,3.40127,2.22445,2.22642,2.22379,2.22971,2.22445,1.05717,1.05750,1.05915,1.05652,1.06112,-51.71727,-2396.00000
3.40225,3.40949,3.39929,3.39765,3.40324,2.22544,2.21952,2.22412,2.22313,2.22412,1.05421,1.05783,1.05981,1.05750,1.05750,-52.06119,-2395.00000
3.40883,3.39896,3.40357,3.40127,3.40423,2.22017,2.22478,2.22675,2.22544,2.22248,1.06145,1.05915,1.06046,1.06079,1.05849,-52.06119,-2394.00000
3.39896,3.40159,3.39831,3.40291,3.39732,2.22774,2.22050,2.22116,2.22346,2.21952,1.05685,1.06079,1.05783,1.05685,1.05652,-52.24489,-2393.00000
3.40258,3.39798,3.40127,3.40521,3.39962,2.22215,2.22445,2.22445,2.22248,2.22017,1.06441,1.05816,1.05685,1.05915,1.05652,-52.24489,-2392.00000
3.40488,3.40127,3.40192,3.39765,3.40357,2.22478,2.22544,2.22215,2.22280,2.22708,1.06112,1.05882,1.05849,1.06046,1.05849,-52.32667,-2391.00000
3.40357,3.40455,3.39995,3.40127,3.39995,2.21656,2.22346,2.22577,2.22412,2.22675,1.05619,1.06079,1.05652,1.05783,1.05520,-52.32667,-2390.00000
3.39370,3.40094,3.40127,3.40390,3.40028,2.22544,2.22083,2.22478,2.22215,2.22379,1.05915,1.05750,1.05882,1.05356,1.06013,-51.96615,-2389.00000
3.40554,3.40094,3.40686,3.40620,3.39929,2.22642,2.22379,2.22675,2.22313,2.21984,1.06178,1.06079,1.06046,1.06079,1.05685,-51.96615,-2388.00000
3.40028,3.40620,3.39929,3.39962,3.40192,2.22248,2.22774,2.22182,2.22445,2.22544,1.06211,1.06046,1.05783,1.05882,1.06178,-52.17828,-2387.00000
3.40357,3.40061,3.40225,3.40192,3.40061,2.22807,2.21984,2.22215,2.22445,2.22445,1.05981,1.05619,1.05915,1.05948,1.06013,-52.17828,-2386.00000
3.39863,3.40455,3.40554,3.40061,3.41080,2.22346,2.22708,2.22280,2.22445,2.22478,1.06046,1.06112,1.05783,1.05948,1.05849,-51.65076,-2385.00000
3.39929,3.40390,3.40455,3.40225,3.40324,2.22445,2.21919,2.22478,2.22313,2.22774,1.06046,1.06145,1.05981,1.06277,1.05948,-51.65076,-2384.00000
3.39962,3.40291,3.40324,3.40159,3.40258,2.22149,2.22642,2.22642,2.22577,2.23004,1.05948,1.05849,1.05849,1.05948,1.05915,-51.41300,-2383.00000
3.40620,3.40094,3.40061,3.41113,3.39995,2.22412,2.22050,2.22313,2.22083,2.22741,1.05981,1.05717,1.05882,1.06145,1.05783,-51.41300,-2382.00000
3.40653,3.40455,3.40653,3.40028,3.39896,2.22313,2.22379,2.22280,2.23037,2.22774,1.05948,1.06013,1.05849,1.05750,1.05816,-51.39122,-2381.00000
3.40686,3.40357,3.40061,3.40192,3.40324,2.22873,2.22445,2.22544,2.22280,2.22642,1.06211,1.06211,1.06046,1.06046,1.06145,-51.39122,-2380.00000
3.40620,3.39666,3.40653,3.39995,3.40784,2.22774,2.22412,2.22807,2.22116,2.22577,1.05783,1.05981,1.06079,1.06441,1.05849,-51.43855,-2379.00000
3.40784,3.40192,3.40423,3.40620,3.40324,2.22379,2.22379,2.22412,2.22445,2.22905,1.06079,1.06178,1.05981,1.06342,1.06046,-51.43855,-2378.00000
3.39896,3.40258,3.39896,3.40225,3.40719,2.22280,2.22577,2.22708,2.23103,2.22642,1.05750,1.05981,1.05849,1.05948,1.06474,-51.11691,-2377.00000
3.40488,3.40192,3.40587,3.40554,3.40094,2.22642,2.22149,2.22313,2.22017,2.22182,1.06342,1.05882,1.06145,1.06145,1.06211,-51.11691,-2376.00000
3.40258,3.40061,3.40258,3.40587,3.40587,2.22412,2.22708,2.22412,2.22412,2.22609,1.05685,1.05717,1.06375,1.06178,1.06277,-51.62677,-2375.00000
3.40258,3.39600,3.40061,3.39929,3.40094,2.22577,2.22346,2.22544,2.22511,2.22873,1.05652,1.05948,1.05783,1.05685,1.06112,-51.62677,-2374.00000
3.40390,3.39962,3.40061,3.40127,3.39929,2.22675,2.22577,2.22379,2.22675,2.22083,1.06408,1.05783,1.05948,1.06079,1.05849,-52.15385,-2373.00000
3.40192,3.40192,3.40225,3.40357,3.40554,2.22675,2.22182,2.22971,2.22708,2.21919,1.05948,1.05948,1.05816,1.05816,1.05981,-52.15385,-2372.00000
3.40554,3.39765,3.40455,3.39831,3.39995,2.22149,2.22807,2.22412,2.21886,2.21754,1.05816,1.05619,1.05882,1.05783,1.05981,-52.10322,-2371.00000
3.40192,3.39600,3.39765,3.40225,3.40028,2.22050,2.22412,2.22412,2.22182,2.22577,1.05882,1.06046,1.05948,1.06046,1.05816,-52.10322,-2370.00000
3.40488,3.40488,3.39962,3.40094,3.40390,2.22873,2.22050,2.22379,2.22807,2.22511,1.06046,1.05586,1.05882,1.05948,1.05783,-52.12806,-2369.00000
3.39831,3.39732,3.39929,3.39600,3.40620,2.22642,2.22544,2.22280,2.22248,2.22313,1.05882,1.05685,1.05783,1.05948,1.05783,-52.12806,-2368.00000
3.40587,3.39929,3.39929,3.40028,3.40159,2.22116,2.22741,2.22774,2.21984,2.21952,1.05981,1.05915,1.05981,1.05948,1.05981,-52.30412,-2367.00000
3.39732,3.39798,3.40455,3.39732,3.40390,2.22511,2.22280,2.22445,2.22577,2.22478,1.06474,1.05750,1.06046,1.05915,1.05520,-52.30412,-2366.00000
3.39995,3.40192,3.39896,3.40094,3.40061,2.22938,2.22609,2.22412,2.21886,2.22905,1.05882,1.05849,1.06013,1.06079,1.05948,-51.99669,-2365.00000
3.40291,3.40061,3.39600,3.39929,3.39765,2.21787,2.22478,2.22478,2.22873,2.22248,1.06408,1.05948,1.06046,1.06079,1.06079,-51.99669,-2364.00000
3.39962,3.39831,3.40094,3.40159,3.40455,2.22050,2.22280,2.21952,2.22642,2.22412,1.05915,1.06211,1.05816,1.05915,1.06112,-51.67293,-2363.00000
3.39535,3.39995,3.39929,3.40061,3.40587,2.22379,2.22313,2.22708,2.22577,2.22280,1.05948,1.05882,1.06277,1.06112,1.05783,-51.67293,-2362.00000
3.39633,3.40620,3.40357,3.40061,3.39962,2.22215,2.22215,2.22280,2.22675,2.22873,1.05882,1.05520,1.05783,1.05915,1.05816,-52.08859,-2361.00000
3.39929,3.40324,3.40225,3.40390,3.40620,2.22511,2.22609,2.22445,2.22248,2.22116,1.05882,1.05849,1.06112,1.05849,1.05750,-52.08859,-2360.00000
3.40028,3.40028,3.39995,3.39995,3.39929,2.22412,2.22577,2.22445,2.22346,2.22215,1.05750,1.05454,1.05915,1.06211,1.05882,-51.52423,-2359.00000
3.39765,3.39600,3.40390,3.40324,3.40258,2.22313,2.22248,2.22050,2.22313,2.22050,1.05783,1.05849,1.05882,1.06013,1.06046,-51.52423,-2358.00000
3.40225,3.40291,3.39699,3.39995,3.40258,2.22379,2.22577,2.22215,2.22083,2.22445,1.05882,1.05652,1.05717,1.05816,1.05948,-52.04480,-2357.00000
3.40192,3.40686,3.39831,3.40028,3.40192,2.22445,2.22675,2.22478,2.22840,2.22215,1.06079,1.06046,1.05487,1.05224,1.05717,-52.04480,-2356.00000
3.39765,3.39535,3.39831,3.39896,3.39666,2.22346,2.22182,2.22445,2.22511,2.22280,1.05356,1.05652,1.05981,1.05915,1.05586,-51.63013,-2355.00000
3.40554,3.39929,3.40324,3.40324,3.40258,2.21984,2.22544,2.22083,2.22577,2.22149,1.05685,1.05981,1.05553,1.06112,1.05915,-51.63013,-2354.00000
3.39732,3.39962,3.39863,3.39896,3.40784,2.22313,2.22050,2.22248,2.22577,2.22708,1.05685,1.05389,1.05717,1.05882,1.05685,-51.61247,-2353.00000
3.40127,3.39436,3.39863,3.40094,3.39995,2.22609,2.22807,2.22544,2.22741,2.22445,1.05882,1.06046,1.05652,1.05553,1.05520,-51.61247,-2352.00000
3.40587,3.40159,3.40291,3.40554,3.40719,2.22050,2.22346,2.22149,2.21952,2.22017,1.06145,1.05717,1.05849,1.06211,1.05981,-52.13618,-2351.00000
3.40094,3.40258,3.40028,3.39896,3.39995,2.22248,2.22215,2.22511,2.22346,2.22379,1.05750,1.05882,1.06046,1.05948,1.05981,-52.13618,-2350.00000
3.40061,3.39863,3.40455,3.40324,3.39896,2.22280,2.22840,2.22083,2.21952,2.22248,1.06079,1.05750,1.05915,1.05783,1.05948,-52.09957,-2349.00000
3.40455,3.40094,3.40587,3.39863,3.40192,2.22642,2.22675,2.22445,2.22346,2.22609,1.05849,1.05783,1.06277,1.05816,1.05948,-52.09957,-2348.00000
3.40061,3.39962,3.40488,3.39469,3.40390,2.22313,2.22642,2.22445,2.22675,2.22938,1.05816,1.05981,1.06112,1.05981,1.06112,-51.58689,-2347.00000
3.39962,3.39929,3.40127,3.40455,3.40324,2.21919,2.22511,2.22017,2.22313,2.22708,1.05981,1.06178,1.06013,1.05553,1.05948,-51.58689,-2346.00000
3.40521,3.41048,3.40357,3.39962,3.40061,2.22280,2.22346,2.22215,2.22511,2.22215,1.05849,1.05882,1.06046,1.06145,1.05816,-51.68455,-2345.00000
3.40291,3.39962,3.40357,3.40225,3.40455,2.22280,2.22873,2.22280,2.22182,2.22248,1.05882,1.05717,1.06375,1.05783,1.05915,-51.68455,-2344.00000
3.40390,3.40324,3.40127,3.39831,3.40390,2.22313,2.22313,2.22642,2.22412,2.22050,1.05882,1.05849,1.06112,1.06079,1.05948,-51.53156,-2343.00000
3.40390,3.40258,3.39798,3.40587,3.40225,2.22774,2.22741,2.22577,2.22379,2.22215,1.06211,1.06079,1.05948,1.06112,1.05750,-51.83322,-2342.00000
3.40784,3.40061,3.40324,3.40455,3.40192,2.23004,2.22280,2.22248,2.22313,2.22609,1.05882,1.06013,1.05816,1.05685,1.05981,-51.83322,-2341.00000
3.40258,3.40850,3.40488,3.40554,3.39567,2.22544,2.22642,2.22313,2.22248,2.22313,1.06342,1.06112,1.06046,1.06013,1.05948,-51.83322,-2340.00000
3.40159,3.39995,3.39863,3.40357,3.40291,2.22478,2.22807,2.22642,2.22379,2.22313,1.05553,1.06079,1.05882,1.06145,1.06145,-51.69903,-2339.00000
3.39929,3.40291,3.39798,3.40192,3.40258,2.22478,2.22511,2.22182,2.22741,2.22511,1.05948,1.05981,1.05882,1.05981,1.06013,-51.69903,-2338.00000
3.40291,3.40094,3.40587,3.40653,3.39962,2.22807,2.22215,2.22215,2.22675,2.22478,1.06046,1.05948,1.05849,1.06244,1.05882,-52.00508,-2337.00000
3.39863,3.39995,3.40554,3.40192,3.40587,2.22642,2.22445,2.22313,2.22379,2.22675,1.05882,1.05882,1.06013,1.05948,1.06046,-52.00508,-2336.00000
3.40258,3.40357,3.40554,3.40719,3.40192,2.22478,2.22609,2.22609,2.22149,2.22280,1.05981,1.06112,1.06013,1.05849,1.05849,-51.10560,-2335.00000
3.40521,3.40390,3.40423,3.40587,3.39535,2.22741,2.22412,2.22577,2.22675,2.22609,1.05783,1.05717,1.06013,1.05981,1.05816,-51.10560,-2334.00000
3.39863,3.40028,3.40258,3.40455,3.40127,2.22642,2.22905,2.22609,2.22741,2.22346,1.06046,1.06112,1.05981,1.05948,1.05717,-51.08538,-2333.00000
3.40390,3.40390,3.40784,3.40061,3.40653,2.22313,2.22149,2.22675,2.22544,2.22412,1.05849,1.06013,1.05948,1.05981,1.06079,-51.08538,-2332.00000
3.40521,3.40159,3.39831,3.40686,3.39929,2.22445,2.22609,2.22511,2.22017,2.22182,1.06244,1.05816,1.06178,1.05981,1.06046,-51.05236,-2331.00000
3.40061,3.40653,3.39962,3.40587,3.40192,2.22379,2.22478,2.22609,2.23070,2.22248,1.05454,1.06013,1.05750,1.06046,1.05948,-51.47794,-2330.00000
3.39929,3.40357,3.40028,3.40850,3.39863,2.22971,2.22938,2.22412,2.22708,2.23004,1.05487,1.05915,1.06145,1.05882,1.05849,-51.47794,-2329.00000
3.40028,3.40390,3.40192,3.39995,3.39995,2.22675,2.22050,2.22379,2.21952,2.22577,1.06244,1.05816,1.05948,1.05750,1.06540,-51.47794,-2328.00000
3.40390,3.40028,3.40719,3.40324,3.40488,2.22215,2.22708,2.22708,2.22675,2.22313,1.05619,1.06474,1.05882,1.06079,1.05652,-51.71446,-2327.00000
3.40192,3.40587,3.40225,3.39896,3.40850,2.22609,2.22544,2.22708,2.22642,2.22971,1.06046,1.06079,1.06277,1.05915,1.05981,-51.71446,-2326.00000
3.41048,3.40390,3.40423,3.39831,3.40324,2.22478,2.22905,2.22346,2.22346,2.22412,1.05816,1.05948,1.06046,1.05816,1.05849,-51.83796,-2325.00000
3.40258,3.39929,3.40752,3.40061,3.40324,2.22577,2.22642,2.22609,2.22149,2.22511,1.05915,1.06408,1.05915,1.05816,1.05849,-51.83796,-2324.00000
3.40488,3.39863,3.40192,3.40258,3.40225,2.22708,2.22774,2.22149,2.22182,2.22280,1.06277,1.06013,1.05882,1.05981,1.06079,-51.74451,-2323.00000
3.40094,3.40390,3.40192,3.40521,3.39896,2.22938,2.22774,2.22577,2.22708,2.22774,1.05389,1.05882,1.06112,1.05981,1.06046,-51.74451,-2322.00000
3.40258,3.40488,3.40061,3.40521,3.40587,2.22642,2.22609,2.23037,2.22971,2.22708,1.05685,1.05981,1.05849,1.06112,1.06145,-51.84172,-2321.00000
3.40587,3.40488,3.40225,3.40291,3.39995,2.22511,2.22642,2.22116,2.22642,2.22971,1.05750,1.06145,1.05882,1.05816,1.05586,-51.84172,-2320.00000
3.40061,3.39995,3.39995,3.40324,3.40521,2.22379,2.22708,2.22609,2.22379,2.22708,1.05717,1.05882,1.06013,1.06046,1.05981,-52.04487,-2319.00000
3.40686,3.40521,3.39929,3.40883,3.40324,2.22379,2.22609,2.22050,2.23004,2.22083,1.06013,1.05750,1.05849,1.05948,1.05816,-52.04487,-2318.00000
3.40127,3.40423,3.39863,3.40357,3.40554,2.22511,2.22741,2.22642,2.22346,2.22741,1.05948,1.05948,1.05849,1.05882,1.05816,-51.69528,-2317.00000
3.39633,3.40324,3.40390,3.40357,3.40192,2.22445,2.22840,2.22478,2.23070,2.22346,1.05882,1.05750,1.06046,1.05685,1.05520,-51.69528,-2316.00000
3.40324,3.40258,3.40357,3.40258,3.40094,2.21952,2.23103,2.22708,2.22741,2.22905,1.05783,1.05915,1.05882,1.06277,1.05685,-51.61358,-2315.00000
3.40061,3.39863,3.40291,3.40587,3.40357,2.22708,2.22478,2.22379,2.22149,2.22412,1.06013,1.06046,1.05323,1.06145,1.05652,-51.61358,-2314.00000
3.40719,3.41080,3.40225,3.40423,3.40390,2.22774,2.22445,2.22741,2.22412,2.22807,1.05750,1.06013,1.05948,1.05948,1.05783,-51.09525,-2313.00000
3.39929,3.40291,3.40423,3.39962,3.40127,2.23136,2.22609,2.22412,2.22182,2.22412,1.05685,1.05882,1.05619,1.06112,1.05816,-51.09525,-2312.00000
3.40291,3.40127,3.40817,3.40061,3.39995,2.22708,2.22840,2.22050,2.22741,2.22182,1.05915,1.05685,1.06145,1.05356,1.05948,-51.45120,-2311.00000
3.40324,3.40291,3.40357,3.39896,3.40061,2.23037,2.22544,2.22840,2.22478,2.22873,1.05882,1.05750,1.05783,1.05685,1.05783,-51.45120,-2310.00000
3.40390,3.40455,3.40719,3.40159,3.40357,2.22182,2.22544,2.22675,2.22280,2.22116,1.05849,1.05882,1.05750,1.05685,1.06079,-51.80405,-2309.00000
3.40916,3.39732,3.40686,3.40455,3.39929,2.22149,2.22511,2.22675,2.22511,2.21886,1.05586,1.06178,1.06046,1.05948,1.05981,-51.80405,-2308.00000
3.40850,3.40159,3.40423,3.40225,3.40423,2.22182,2.22544,2.22708,2.22280,2.22577,1.05948,1.06244,1.05981,1.06046,1.05717,-51.90908,-2307.00000
3.40291,3.40225,3.40127,3.40225,3.40028,2.22280,2.22577,2.22445,2.22675,2.22379,1.05717,1.06178,1.05619,1.05717,1.05750,-51.90908,-2306.00000
3.40028,3.40817,3.40159,3.40324,3.40291,2.22149,2.22248,2.22642,2.22445,2.22642,1.05783,1.05849,1.05882,1.05783,1.06112,-51.70729,-2305.00000
3.39666,3.40620,3.39962,3.40324,3.40653,2.22379,2.22708,2.22741,2.22412,2.22544,1.05981,1.05783,1.05652,1.05586,1.05981,-51.70729,-2304.00000
3.40719,3.40390,3.40455,3.39995,3.40587,2.22478,2.22642,2.22544,2.23070,2.22248,1.05849,1.05750,1.05652,1.05520,1.05685,-51.25050,-2303.00000
3.39962,3.40291,3.40455,3.40653,3.40127,2.22905,2.22445,2.22577,2.22971,2.22642,1.05948,1.05652,1.05816,1.06013,1.05586,-51.52540,-2302.00000
3.40620,3.40291,3.40752,3.40784,3.40357,2.22609,2.22609,2.22280,2.22248,2.23070,1.06046,1.05915,1.05882,1.05685,1.05981,-51.52540,-2301.00000
3.40488,3.39962,3.40357,3.39995,3.40488,2.22445,2.22774,2.22379,2.22511,2.22149,1.05981,1.05750,1.06046,1.05948,1.05553,-51.52540,-2300.00000
3.40850,3.40291,3.40916,3.40883,3.40587,2.22182,2.22708,2.22577,2.22544,2.23103,1.05948,1.05652,1.05717,1.06079,1.05981,-51.05437,-2299.00000
3.40423,3.40455,3.40357,3.40587,3.40653,2.22938,2.22346,2.22215,2.22544,2.22511,1.06145,1.05717,1.05882,1.05783,1.05750,-51.05437,-2298.00000
3.40653,3.40324,3.40752,3.40258,3.40357,2.22280,2.22478,2.22215,2.22807,2.22577,1.05948,1.05816,1.05717,1.05948,1.05750,-51.06261,-2297.00000
3.40291,3.40225,3.40455,3.39962,3.40291,2.22577,2.22577,2.22741,2.22609,2.22511,1.05717,1.05685,1.05849,1.05619,1.05915,-51.06261,-2296.00000
3.40587,3.39567,3.40159,3.40258,3.40587,2.22182,2.22609,2.22346,2.22708,2.22642,1.05783,1.05619,1.05520,1.05948,1.05981,-51.06974,-2295.00000
3.40324,3.39831,3.40094,3.40423,3.40159,2.22083,2.22313,2.22938,2.22346,2.22741,1.05750,1.05356,1.05685,1.05685,1.05717,-51.06974,-2294.00000
3.40653,3.40587,3.40554,3.40192,3.40159,2.22511,2.22675,2.22412,2.22478,2.22182,1.05816,1.05948,1.05717,1.05816,1.05981,-51.39512,-2293.00000
3.40686,3.40620,3.40127,3.40719,3.40291,2.22938,2.22445,2.22741,2.22544,2.22675,1.05520,1.05750,1.05849,1.05553,1.05849,-51.39512,-2292.00000
3.40061,3.40357,3.40488,3.40159,3.40258,2.22478,2.22840,2.22774,2.23037,2.22149,1.05816,1.05652,1.06211,1.05717,1.06211,-51.23119,-2291.00000
3.40554,3.40324,3.39896,3.40719,3.39798,2.22478,2.22445,2.22182,2.22675,2.22840,1.05915,1.05849,1.05717,1.05783,1.05816,-51.23119,-2290.00000
3.39995,3.40258,3.40159,3.40127,3.40225,2.22675,2.22280,2.22478,2.22774,2.22346,1.06079,1.05816,1.05685,1.05849,1.05717,-51.35627,-2289.00000
3.40127,3.40258,3.40127,3.40291,3.40192,2.22379,2.22248,2.22116,2.22544,2.22182,1.05389,1.05520,1.06112,1.05619,1.05750,-51.35627,-2288.00000
3.40784,3.40324,3.40620,3.40291,3.40390,2.22445,2.22971,2.22708,2.22544,2.22478,1.06112,1.05553,1.05191,1.05553,1.05553,-51.37944,-2287.00000
3.40620,3.40291,3.40258,3.40423,3.39831,2.22511,2.22741,2.22577,2.22708,2.22116,1.05652,1.05816,1.05816,1.05783,1.05750,-51.37944,-2286.00000
3.40521,3.40127,3.40587,3.40817,3.40291,2.22577,2.22642,2.22840,2.22905,2.22675,1.06244,1.05586,1.05224,1.05717,1.05717,-51.21423,-2285.00000
3.40554,3.40554,3.39962,3.39995,3.40423,2.22149,2.22544,2.22215,2.22938,2.22741,1.05882,1.05783,1.05685,1.05586,1.05783,-51.21423,-2284.00000
3.40324,3.40061,3.40028,3.40620,3.40587,2.22708,2.22412,2.22313,2.22840,2.23136,1.05520,1.06013,1.05652,1.05750,1.05685,-51.29125,-2283.00000
3.40390,3.40225,3.40390,3.40554,3.40686,2.22346,2.22642,2.22445,2.22741,2.22182,1.05750,1.05619,1.05685,1.05750,1.05750,-51.29125,-2282.00000
3.40850,3.40061,3.40587,3.40554,3.40784,2.22577,2.22412,2.22741,2.22478,2.22675,1.05520,1.05685,1.05520,1.05882,1.05981,-50.95686,-2281.00000
3.40653,3.40719,3.40455,3.40653,3.40752,2.22609,2.22642,2.22609,2.22840,2.22445,1.05750,1.05816,1.05685,1.05849,1.05882,-50.95686,-2280.00000
3.40587,3.40850,3.40455,3.40587,3.40850,2.22478,2.22708,2.22511,2.22741,2.22346,1.05652,1.05553,1.06013,1.05685,1.05783,-51.52170,-2279.00000
3.40982,3.40620,3.40192,3.39929,3.40817,2.22708,2.22675,2.22873,2.22708,2.22577,1.05454,1.05652,1.05553,1.05619,1.05882,-51.52170,-2278.00000
3.40850,3.40653,3.40850,3.40324,3.40455,2.22938,2.22609,2.22905,2.22807,2.23037,1.05717,1.05257,1.05685,1.05750,1.06112,-51.54344,-2277.00000
3.40423,3.41146,3.40357,3.39929,3.40521,2.22280,2.22445,2.22938,2.22478,2.22938,1.05750,1.06013,1.05849,1.05783,1.06013,-51.54344,-2276.00000
3.40620,3.39995,3.40324,3.40784,3.41080,2.22182,2.22313,2.22577,2.22379,2.22642,1.05783,1.05454,1.05849,1.06013,1.05849,-51.36913,-2275.00000
3.40653,3.40357,3.39929,3.40357,3.40850,2.22675,2.23136,2.22708,2.23103,2.22840,1.06013,1.05882,1.05750,1.05619,1.05981,-51.36913,-2274.00000
3.40061,3.40488,3.40423,3.40916,3.40127,2.22511,2.22971,2.22741,2.22511,2.22971,1.06046,1.06178,1.05948,1.05389,1.05816,-51.29198,-2273.00000
3.40357,3.40686,3.40159,3.40521,3.40225,2.22774,2.22675,2.22215,2.22478,2.22445,1.05816,1.06013,1.05750,1.06112,1.05816,-51.29198,-2272.00000
3.40423,3.40686,3.40653,3.40455,3.40686,2.22577,2.22905,2.22609,2.22774,2.22379,1.05717,1.06342,1.05783,1.05783,1.05783,-51.26497,-2271.00000
3.40719,3.40653,3.40258,3.40521,3.41048,2.22544,2.22840,2.22609,2.22577,2.23169,1.06079,1.05652,1.05783,1.05915,1.05619,-51.26497,-2270.00000
3.40817,3.40225,3.40686,3.40752,3.40752,2.22971,2.22741,2.22511,2.22577,2.22346,1.05783,1.05750,1.05981,1.06244,1.06079,-50.67892,-2269.00000
3.40653,3.40357,3.40587,3.41179,3.40258,2.22675,2.22445,2.22971,2.22642,2.22544,1.05652,1.05685,1.05948,1.05849,1.05915,-50.67892,-2268.00000
3.39995,3.40686,3.40094,3.40982,3.40752,2.22642,2.22675,2.22445,2.22609,2.22544,1.05816,1.06244,1.05849,1.05553,1.05915,-50.04083,-2267.00000
3.41080,3.40192,3.41113,3.40390,3.40521,2.22313,2.22675,2.22346,2.22807,2.22873,1.05948,1.06178,1.06244,1.05783,1.05882,-50.26485,-2266.00000
3.40258,3.40817,3.40784,3.40028,3.40752,2.23234,2.22807,2.22971,2.22248,2.23037,1.06046,1.05981,1.05717,1.05882,1.05849,-50.26485,-2265.00000
3.40488,3.40817,3.39929,3.40784,3.40521,2.22708,2.22445,2.23037,2.23497,2.23169,1.05652,1.06178,1.05717,1.06145,1.06178,-50.26485,-2264.00000
3.40686,3.41015,3.40752,3.39896,3.40653,2.22741,2.23169,2.22280,2.22445,2.22445,1.05816,1.05685,1.05948,1.06145,1.06046,-50.26446,-2263.00000
3.41212,3.40784,3.40686,3.40916,3.40521,2.22609,2.22840,2.23103,2.22741,2.22807,1.06079,1.05882,1.06277,1.05882,1.06145,-50.26446,-2262.00000
3.41344,3.40686,3.40686,3.39929,3.40949,2.22741,2.22675,2.22840,2.22774,2.22873,1.05981,1.06046,1.05882,1.05783,1.06145,-50.07377,-2261.00000
3.40423,3.40817,3.40455,3.40982,3.40620,2.22017,2.22642,2.22577,2.22445,2.22938,1.06112,1.05915,1.06211,1.05783,1.06342,-50.07377,-2260.00000
3.40455,3.39929,3.40653,3.40521,3.40390,2.22445,2.22840,2.22873,2.22478,2.22741,1.05981,1.06145,1.05915,1.05783,1.06112,-49.93687,-2259.00000
3.41179,3.40324,3.40587,3.40916,3.40258,2.22478,2.22445,2.22379,2.22511,2.22313,1.06309,1.05816,1.06079,1.06112,1.06277,-49.93687,-2258.00000
3.40390,3.40521,3.40686,3.39929,3.40521,2.22577,2.22116,2.22379,2.23037,2.22807,1.06540,1.05783,1.06540,1.06013,1.06112,-49.87979,-2257.00000
3.40225,3.40488,3.40455,3.40258,3.40521,2.22445,2.22379,2.22642,2.22840,2.22807,1.05981,1.06046,1.06441,1.05915,1.06244,-49.87979,-2256.00000
3.40653,3.41146,3.40455,3.40291,3.40258,2.22938,2.22708,2.22675,2.22675,2.22840,1.06046,1.06079,1.06112,1.06013,1.06211,-49.98659,-2255.00000
3.40587,3.40127,3.40587,3.40686,3.40752,2.22971,2.22511,2.22642,2.22412,2.22807,1.06112,1.06244,1.06309,1.05849,1.06474,-49.98659,-2254.00000
3.40423,3.40357,3.40390,3.40850,3.40258,2.22116,2.22050,2.22873,2.22478,2.22642,1.06178,1.05948,1.06013,1.05816,1.06474,-49.94549,-2253.00000
3.40094,3.40653,3.40982,3.39765,3.40455,2.22840,2.22313,2.22774,2.22873,2.22642,1.05717,1.06013,1.05882,1.05619,1.06013,-49.94549,-2252.00000
3.40587,3.40423,3.41080,3.40817,3.40423,2.22083,2.22708,2.22971,2.22642,2.22313,1.05981,1.06244,1.05717,1.05981,1.06244,-50.38521,-2251.00000
3.40784,3.40653,3.40291,3.40028,3.40817,2.22642,2.22609,2.22248,2.22774,2.22741,1.06375,1.06013,1.06079,1.06211,1.05981,-50.38521,-2250.00000
3.40686,3.40455,3.40094,3.41048,3.40752,2.22642,2.22741,2.22708,2.22675,2.22741,1.05981,1.06112,1.06211,1.06211,1.06375,-50.51234,-2249.00000
3.40455,3.40620,3.41048,3.40653,3.40423,2.22708,2.22577,2.22577,2.23201,2.22478,1.06178,1.05882,1.05981,1.06079,1.05816,-50.51234,-2248.00000
3.40357,3.40916,3.40719,3.40784,3.40916,2.22379,2.22412,2.22511,2.22215,2.22807,1.05948,1.06046,1.06342,1.06046,1.06145,-50.43596,-2247.00000
3.40291,3.40324,3.40719,3.40258,3.40817,2.22215,2.22642,2.22280,2.22675,2.22971,1.06046,1.06441,1.05717,1.06079,1.05619,-50.43596,-2246.00000
3.41080,3.40620,3.40850,3.40554,3.40587,2.22840,2.23267,2.22511,2.22412,2.22478,1.06178,1.06046,1.06112,1.06046,1.06408,-50.88797,-2245.00000
3.40061,3.40521,3.40653,3.40883,3.40258,2.22478,2.22346,2.22313,2.22544,2.23037,1.06145,1.05783,1.06046,1.06013,1.06244,-50.88797,-2244.00000
3.40159,3.40587,3.40488,3.40159,3.41080,2.22478,2.22675,2.22280,2.22346,2.22708,1.05981,1.05717,1.05915,1.05882,1.05717,-50.98912,-2243.00000
3.40587,3.40324,3.40324,3.40488,3.40094,2.22840,2.22609,2.22478,2.22774,2.22379,1.06145,1.06046,1.05981,1.06046,1.06079,-50.98912,-2242.00000
3.40587,3.40423,3.40390,3.40752,3.40357,2.22577,2.22938,2.23004,2.22445,2.22313,1.05816,1.05783,1.05981,1.06079,1.05981,-51.08747,-2241.00000
3.40127,3.39995,3.39929,3.40521,3.40225,2.22905,2.22346,2.22577,2.22741,2.22873,1.05652,1.05750,1.06112,1.06145,1.06211,-51.08747,-2240.00000
3.40916,3.40488,3.40324,3.40620,3.40784,2.22379,2.23103,2.22774,2.22774,2.22675,1.05849,1.05981,1.06145,1.05981,1.05849,-51.27511,-2239.00000
3.40390,3.40455,3.40390,3.40587,3.40784,2.22774,2.22577,2.22577,2.22741,2.22544,1.06112,1.05849,1.05356,1.05882,1.06211,-51.27511,-2238.00000
3.40850,3.40817,3.40686,3.40291,3.40521,2.22873,2.22248,2.22445,2.22642,2.22544,1.05783,1.05783,1.05487,1.05454,1.05750,-51.36440,-2237.00000
3.40686,3.40653,3.40554,3.40521,3.40653,2.22478,2.23201,2.22609,2.22511,2.22478,1.05882,1.05487,1.05783,1.05783,1.05915,-51.36440,-2236.00000
3.40850,3.40423,3.40587,3.40061,3.41113,2.22313,2.22840,2.22675,2.22346,2.23136,1.05882,1.05849,1.05849,1.05685,1.06079,-51.24000,-2235.00000
3.40225,3.40653,3.40390,3.40324,3.40883,2.22971,2.22379,2.22807,2.22971,2.22675,1.05849,1.05652,1.05750,1.05685,1.05685,-51.24000,-2234.00000
3.40653,3.40324,3.40357,3.40324,3.40916,2.22905,2.23070,2.23169,2.22675,2.22675,1.06013,1.05619,1.05915,1.05421,1.05685,-50.89828,-2233.00000
3.40916,3.41080,3.40127,3.41376,3.41080,2.22774,2.22412,2.22840,2.22478,2.22379,1.06079,1.06112,1.05717,1.06013,1.05816,-50.89828,-2232.00000
3.40357,3.40127,3.40916,3.40587,3.40850,2.21984,2.22774,2.22609,2.22577,2.22412,1.06013,1.06013,1.05750,1.05882,1.05717,-51.10178,-2231.00000
3.40784,3.40521,3.40521,3.40719,3.40455,2.22248,2.22774,2.22609,2.22971,2.22807,1.05652,1.05915,1.05981,1.05915,1.05948,-51.10178,-2230.00000
3.40620,3.40719,3.41113,3.40554,3.40587,2.22609,2.22544,2.22873,2.22544,2.23267,1.05948,1.05882,1.06211,1.06079,1.05652,-50.74754,-2229.00000
3.40916,3.40949,3.41048,3.40752,3.40784,2.22807,2.22577,2.22412,2.22741,2.23004,1.06277,1.06178,1.06112,1.05981,1.06244,-50.74754,-2228.00000
3.40817,3.40159,3.40521,3.40488,3.40554,2.22609,2.22675,2.22544,2.22149,2.22215,1.06408,1.05981,1.05717,1.05882,1.05652,-51.06477,-2227.00000
3.40719,3.40719,3.40324,3.40192,3.40554,2.22609,2.23136,2.22412,2.22511,2.22511,1.05981,1.06211,1.06013,1.05652,1.05816,-51.06477,-2226.00000
3.40225,3.40291,3.40521,3.40258,3.40357,2.22675,2.22708,2.22346,2.22807,2.22708,1.05948,1.06013,1.05816,1.06309,1.06342,-50.34526,-2225.00000
3.39699,3.40850,3.40258,3.40159,3.40455,2.22642,2.22938,2.22478,2.22445,2.22609,1.05652,1.06309,1.05882,1.06046,1.05882,-50.34526,-2224.00000
3.40949,3.40653,3.40324,3.40455,3.40061,2.22313,2.22741,2.22511,2.22544,2.22642,1.05981,1.05553,1.05816,1.05652,1.06244,-50.18460,-2223.00000
3.40620,3.40423,3.40192,3.40455,3.40291,2.22544,2.22840,2.22478,2.22544,2.22313,1.06474,1.06046,1.05882,1.05882,1.06277,-50.18460,-2222.00000
3.40982,3.40653,3.40653,3.39929,3.40061,2.22807,2.22478,2.22346,2.22412,2.22840,1.05882,1.06309,1.06046,1.05915,1.06277,-49.86102,-2221.00000
3.40225,3.39567,3.40686,3.39863,3.40291,2.23004,2.22840,2.22149,2.22511,2.22577,1.06145,1.06342,1.06079,1.06112,1.05652,-49.86102,-2220.00000
3.40225,3.39863,3.40127,3.40324,3.39666,2.22248,2.21820,2.22248,2.22346,2.22379,1.06013,1.05981,1.05915,1.06013,1.06112,-49.52975,-2219.00000
3.39831,3.40192,3.39469,3.40258,3.40225,2.22379,2.22478,2.22412,2.21787,2.22511,1.05948,1.05816,1.06145,1.06046,1.05882,-49.52975,-2218.00000
3.40061,3.39732,3.39863,3.39995,3.40192,2.22149,2.22050,2.22478,2.22182,2.22280,1.05849,1.05915,1.05750,1.05948,1.05915,-49.17055,-2217.00000
3.40916,3.40225,3.40324,3.39962,3.39995,2.22248,2.22116,2.22675,2.22412,2.22346,1.06211,1.06013,1.05882,1.06145,1.05915,-49.17055,-2216.00000
3.39995,3.39929,3.40390,3.40159,3.40390,2.22412,2.22313,2.22445,2.22412,2.22445,1.06013,1.05948,1.05882,1.05750,1.05882,-48.78134,-2215.00000
3.40061,3.39896,3.40258,3.39929,3.40324,2.22313,2.21721,2.22412,2.22445,2.22412,1.06145,1.06013,1.05783,1.05981,1.05849,-48.78134,-2214.00000
3.40258,3.39765,3.39863,3.40455,3.40488,2.22445,2.22544,2.22511,2.22577,2.22050,1.05816,1.05553,1.06277,1.05948,1.06013,-48.34772,-2213.00000
3.40357,3.40127,3.39600,3.40028,3.39896,2.22017,2.22280,2.22248,2.22445,2.22807,1.06211,1.06145,1.05882,1.05586,1.05816,-48.34772,-2212.00000
3.40324,3.40357,3.39699,3.39798,3.40127,2.22642,2.23037,2.22248,2.22313,2.22412,1.06211,1.06540,1.05816,1.06277,1.06309,-45.64327,-2211.00000
3.40390,3.40521,3.40554,3.40488,3.40061,2.22675,2.22215,2.22445,2.22116,2.22609,1.06408,1.06013,1.06342,1.06112,1.06178,-45.64327,-2210.00000
3.39831,3.40357,3.40719,3.40225,3.40455,2.22741,2.22412,2.22642,2.22412,2.22215,1.06211,1.06145,1.06178,1.05915,1.06013,-44.09747,-2209.00000
3.40061,3.40686,3.39863,3.39666,3.40291,2.22346,2.22445,2.22642,2.22675,2.22642,1.06013,1.06474,1.06112,1.06375,1.06079,-44.09747,-2208.00000
3.40324,3.40390,3.40488,3.40225,3.40094,2.22215,2.22741,2.22412,2.22675,2.22445,1.06277,1.05816,1.05882,1.06145,1.06277,-44.68965,-2207.00000
3.40192,3.40521,3.40653,3.39831,3.40094,2.22346,2.22642,2.22313,2.22346,2.22445,1.05882,1.06046,1.05849,1.06178,1.06309,-44.68965,-2206.00000
3.40061,3.40291,3.39929,3.39765,3.40357,2.22215,2.21754,2.22807,2.22840,2.22675,1.05915,1.05948,1.06704,1.06211,1.06277,-45.69479,-2205.00000
3.40488,3.40620,3.40192,3.40653,3.40752,2.22478,2.22412,2.22642,2.22971,2.22544,1.05882,1.06013,1.06244,1.06046,1.05915,-46.21352,-2204.00000
3.40159,3.40094,3.40225,3.40291,3.40258,2.22511,2.22149,2.22412,2.22971,2.22511,1.05849,1.06342,1.06178,1.06013,1.06211,-46.21352,-2203.00000
3.40094,3.40752,3.40192,3.40554,3.39863,2.22379,2.22577,2.22609,2.22313,2.22149,1.05849,1.06079,1.05783,1.06046,1.05981,-46.21352,-2202.00000
3.39896,3.40192,3.40324,3.39962,3.40061,2.22412,2.22017,2.22379,2.22248,2.22971,1.05816,1.06145,1.06145,1.05915,1.06178,-47.15667,-2201.00000
3.40587,3.39896,3.39863,3.39831,3.40324,2.22642,2.22346,2.22478,2.22544,2.22412,1.06211,1.05816,1.06244,1.06112,1.06211,-47.95471,-2200.00000
3.40258,3.40521,3.40061,3.40061,3.40094,2.22280,2.22280,2.22116,2.22017,2.22774,1.06112,1.06178,1.06145,1.05816,1.05948,-47.95471,-2199.00000
3.40587,3.40192,3.40587,3.40653,3.40159,2.22577,2.22346,2.22511,2.22379,2.21952,1.05520,1.05981,1.05816,1.06046,1.05816,-47.95471,-2198.00000
3.39896,3.40225,3.40258,3.39929,3.40094,2.22346,2.22313,2.22774,2.22412,2.22379,1.05915,1.05783,1.05882,1.06046,1.05685,-48.43139,-2197.00000
3.40686,3.40258,3.40719,3.39732,3.40127,2.22642,2.22017,2.22116,2.22313,2.22609,1.05750,1.06013,1.05685,1.05849,1.06046,-48.43139,-2196.00000
3.39798,3.39863,3.40653,3.40752,3.39896,2.22346,2.22741,2.22511,2.22379,2.22577,1.05619,1.05750,1.05981,1.06046,1.05948,-49.34651,-2195.00000
3.40094,3.40291,3.40028,3.40488,3.39962,2.22675,2.22280,2.21984,2.22445,2.22149,1.05553,1.05454,1.05520,1.05652,1.05553,-49.34651,-2194.00000
3.40390,3.40258,3.40127,3.40094,3.40258,2.21886,2.22675,2.22346,2.22675,2.22511,1.05685,1.05520,1.05915,1.05750,1.05948,-50.49696,-2193.00000
3.40127,3.39863,3.40225,3.40192,3.40357,2.22215,2.22215,2.22609,2.22840,2.22478,1.06145,1.05915,1.06013,1.05948,1.05882,-50.49696,-2192.00000
3.40192,3.40455,3.40324,3.40455,3.40028,2.22248,2.22478,2.22577,2.22379,2.21952,1.05915,1.05421,1.05849,1.05849,1.05882,-50.49244,-2191.00000
3.39469,3.40390,3.40423,3.40324,3.39929,2.22379,2.22774,2.22215,2.22708,2.22346,1.05717,1.06112,1.06046,1.05948,1.06046,-50.49244,-2190.00000
3.39863,3.39962,3.40291,3.40587,3.39896,2.22609,2.22083,2.22215,2.22379,2.22116,1.05060,1.05783,1.06178,1.05915,1.06079,-51.17790,-2189.00000
3.40094,3.40258,3.40390,3.39732,3.40488,2.22511,2.22642,2.22248,2.22149,2.22938,1.06211,1.05619,1.06277,1.05816,1.05882,-51.17790,-2188.00000
3.40324,3.40521,3.40488,3.39863,3.40225,2.22379,2.22445,2.22544,2.22675,2.22938,1.05849,1.05849,1.05915,1.05586,1.05849,-51.12544,-2187.00000
3.40127,3.40061,3.40061,3.40127,3.40291,2.22379,2.22379,2.22346,2.22807,2.22675,1.06013,1.05750,1.05849,1.05882,1.05652,-51.12544,-2186.00000
3.40423,3.39896,3.40061,3.40225,3.39436,2.22050,2.22938,2.22840,2.22577,2.22313,1.05487,1.05520,1.05981,1.06046,1.05849,-50.85446,-2185.00000
3.40390,3.39896,3.40192,3.40061,3.40192,2.22577,2.22182,2.22938,2.22083,2.22577,1.05553,1.06145,1.05882,1.05849,1.06013,-50.85446,-2184.00000
3.40258,3.40686,3.40455,3.40159,3.40159,2.22116,2.22445,2.22050,2.22807,2.22050,1.05849,1.05586,1.05783,1.06507,1.05750,-50.89679,-2183.00000
3.39863,3.40061,3.39929,3.40423,3.40291,2.22577,2.22412,2.22083,2.22379,2.22083,1.06013,1.06046,1.05849,1.05685,1.05915,-50.89679,-2182.00000
3.40357,3.39929,3.39633,3.40390,3.40127,2.22313,2.22708,2.22313,2.22083,2.22215,1.05389,1.05750,1.06112,1.06079,1.06013,-51.13822,-2181.00000
3.39765,3.40620,3.40488,3.40127,3.39863,2.22346,2.22905,2.22577,2.22577,2.23037,1.05948,1.05981,1.05948,1.05553,1.06474,-51.13822,-2180.00000
3.40258,3.40554,3.40423,3.40159,3.40127,2.22248,2.22215,2.22215,2.21820,2.22544,1.05981,1.06178,1.06046,1.05783,1.05882,-51.28290,-2179.00000
3.40324,3.39798,3.40390,3.40094,3.39896,2.22280,2.22675,2.22577,2.22741,2.21984,1.05553,1.05750,1.05948,1.05981,1.06441,-51.28290,-2178.00000
3.39863,3.40390,3.40028,3.40127,3.40620,2.22379,2.22577,2.21919,2.22182,2.22280,1.05685,1.06013,1.05652,1.05750,1.05816,-51.31100,-2177.00000
3.40357,3.40061,3.40291,3.39896,3.39863,2.23070,2.22182,2.22346,2.22379,2.22182,1.05948,1.05750,1.05750,1.05849,1.05685,-51.31100,-2176.00000
3.40258,3.39732,3.40094,3.40390,3.39600,2.22346,2.22577,2.22149,2.22313,2.22149,1.05948,1.05487,1.06013,1.06112,1.06046,-52.01007,-2175.00000
3.40061,3.39765,3.39896,3.40127,3.39765,2.22478,2.22445,2.22445,2.22182,2.21853,1.06211,1.05915,1.05882,1.06046,1.05717,-52.01007,-2174.00000
3.39896,3.40159,3.39699,3.40094,3.40127,2.22313,2.21754,2.22215,2.22642,2.22116,1.05882,1.05717,1.06112,1.06046,1.05619,-52.23523,-2173.00000
3.40094,3.40061,3.40488,3.40258,3.39732,2.21952,2.22248,2.22544,2.22280,2.22313,1.06046,1.05783,1.05783,1.05816,1.05553,-52.23523,-2172.00000
3.40620,3.39831,3.39831,3.40159,3.40159,2.22346,2.22215,2.22379,2.22215,2.22511,1.06046,1.05948,1.05882,1.06112,1.05849,-51.84009,-2171.00000
3.39962,3.40028,3.40159,3.40653,3.39107,2.22642,2.22182,2.22379,2.22346,2.22215,1.05882,1.06178,1.05849,1.06013,1.05849,-51.25928,-2170.00000
3.39863,3.39995,3.40423,3.40258,3.40127,2.22445,2.22675,2.22149,2.22774,2.22313,1.05981,1.05750,1.06244,1.06046,1.06178,-51.25928,-2169.00000
3.40094,3.40455,3.40488,3.40192,3.40192,2.22017,2.22675,2.22050,2.22807,2.22544,1.06112,1.06046,1.05882,1.06342,1.05948,-51.25928,-2168.00000
3.39962,3.40159,3.40225,3.40324,3.40357,2.22478,2.22083,2.22017,2.22577,2.22478,1.06277,1.05915,1.05915,1.05948,1.05750,-51.49870,-2167.00000
3.40324,3.40521,3.40620,3.40159,3.40324,2.22511,2.23037,2.22840,2.22708,2.22478,1.06145,1.06441,1.06342,1.06244,1.06178,-50.88357,-2166.00000
3.40192,3.40225,3.40094,3.39995,3.40225,2.22379,2.22248,2.22708,2.22116,2.22609,1.06474,1.06211,1.06145,1.06342,1.05882,-50.88357,-2165.00000
3.40225,3.40324,3.40752,3.40357,3.40423,2.22511,2.22412,2.22478,2.22083,2.22511,1.06112,1.06244,1.05586,1.06211,1.06408,-50.88357,-2164.00000
3.40390,3.40258,3.40455,3.39831,3.40357,2.22511,2.22971,2.22675,2.22379,2.22741,1.06441,1.06145,1.06112,1.06046,1.06079,-51.30519,-2163.00000
3.40620,3.40390,3.40324,3.41179,3.40817,2.22445,2.22642,2.22445,2.22478,2.22511,1.06013,1.06573,1.06211,1.06112,1.06244,-51.30519,-2162.00000
3.40455,3.40357,3.40784,3.40554,3.40817,2.22609,2.23201,2.22346,2.22609,2.22708,1.06112,1.06046,1.05981,1.06309,1.05783,-51.15170,-2161.00000
3.40159,3.41113,3.41179,3.40587,3.40423,2.22741,2.23070,2.22873,2.22708,2.22642,1.05981,1.06112,1.06342,1.06046,1.06309,-51.15170,-2160.00000
3.40291,3.40653,3.40719,3.40883,3.40686,2.22346,2.22379,2.22840,2.22873,2.22675,1.06046,1.06375,1.05882,1.06408,1.06277,-50.95172,-2159.00000
3.40653,3.40587,3.41048,3.40488,3.40653,2.22807,2.22971,2.22544,2.22774,2.22280,1.05948,1.06079,1.06441,1.05981,1.05981,-50.95172,-2158.00000
3.40949,3.40455,3.40521,3.40455,3.41179,2.22478,2.22215,2.22675,2.22774,2.22741,1.06309,1.05849,1.06211,1.06112,1.05849,-50.11690,-2157.00000
3.41113,3.40521,3.40455,3.40620,3.40916,2.22905,2.22971,2.22873,2.22642,2.22774,1.06441,1.06342,1.06342,1.06112,1.06277,-50.11690,-2156.00000
3.40982,3.40094,3.41771,3.41409,3.41179,2.22609,2.22873,2.22905,2.23234,2.23004,1.06079,1.06079,1.06244,1.06277,1.06079,-50.17071,-2155.00000
3.40686,3.40949,3.41080,3.40587,3.40620,2.22511,2.22412,2.22642,2.22346,2.23234,1.06244,1.06309,1.05948,1.06145,1.05981,-50.17071,-2154.00000
3.41048,3.40357,3.41376,3.40390,3.41376,2.22609,2.22478,2.23333,2.22905,2.22544,1.06441,1.06309,1.06309,1.06244,1.06277,-49.47904,-2153.00000
3.40324,3.41311,3.40357,3.40817,3.40554,2.22905,2.23201,2.22873,2.22642,2.22774,1.06244,1.06211,1.06244,1.06112,1.06244,-49.47904,-2152.00000
3.40455,3.40850,3.40653,3.40291,3.40850,2.23103,2.22905,2.22840,2.22741,2.22774,1.06375,1.06079,1.06112,1.06342,1.06046,-48.43525,-2151.00000
3.40686,3.41113,3.40324,3.41015,3.40982,2.22971,2.22412,2.22445,2.22544,2.22840,1.06145,1.06211,1.05849,1.05816,1.06441,-48.43525,-2150.00000
3.40587,3.40686,3.40488,3.41113,3.40817,2.22774,2.23136,2.22642,2.22938,2.22445,1.06013,1.05816,1.06046,1.06145,1.06244,-47.73450,-2149.00000
3.41080,3.41278,3.40850,3.40357,3.40982,2.22675,2.23201,2.22840,2.22544,2.22478,1.05981,1.05783,1.06211,1.06178,1.05948,-47.73450,-2148.00000
3.40817,3.40521,3.40423,3.40752,3.40258,2.22774,2.22741,2.23201,2.22807,2.22412,1.06178,1.05915,1.06671,1.06375,1.06342,-45.34188,-2147.00000
3.40258,3.40752,3.40291,3.40521,3.41146,2.22807,2.22577,2.22741,2.22938,2.22708,1.06342,1.06079,1.05981,1.06277,1.06211,-45.34188,-2146.00000
3.40127,3.40587,3.41376,3.41048,3.40488,2.22544,2.22774,2.22774,2.22741,2.22741,1.06375,1.06342,1.05816,1.06178,1.06079,-46.39328,-2145.00000
3.40916,3.41146,3.40784,3.40850,3.40423,2.22642,2.22544,2.22708,2.22774,2.22741,1.05948,1.06013,1.06112,1.06178,1.05915,-46.39328,-2144.00000
3.40291,3.40719,3.40554,3.40850,3.40752,2.22642,2.22905,2.22083,2.22807,2.22642,1.05981,1.05882,1.06178,1.06079,1.05948,-47.33673,-2143.00000
3.40752,3.40653,3.40028,3.40258,3.40719,2.22741,2.22905,2.23037,2.22313,2.22807,1.05915,1.06342,1.05981,1.06309,1.05553,-47.33673,-2142.00000
3.40653,3.40982,3.40620,3.40390,3.41048,2.22609,2.22544,2.22675,2.23037,2.22511,1.05882,1.05915,1.06046,1.05816,1.06309,-48.02918,-2141.00000
3.40291,3.40554,3.40554,3.40982,3.40159,2.22807,2.22313,2.22708,2.22774,2.22609,1.06211,1.05750,1.06375,1.06046,1.05948,-48.02918,-2140.00000
3.40127,3.40653,3.40423,3.40258,3.40587,2.22116,2.22445,2.22938,2.22149,2.22083,1.06244,1.05717,1.06145,1.06145,1.06013,-48.36385,-2139.00000
3.40225,3.40784,3.40192,3.40752,3.40159,2.22116,2.22511,2.22215,2.22905,2.22511,1.06145,1.06145,1.06375,1.05882,1.05882,-48.36385,-2138.00000
3.40784,3.40061,3.39633,3.40587,3.39995,2.22445,2.22478,2.22280,2.22215,2.22379,1.06046,1.06309,1.06145,1.06046,1.05948,-49.49192,-2137.00000
3.41080,3.40291,3.40488,3.41113,3.39732,2.22083,2.22412,2.22280,2.22379,2.22215,1.05816,1.05948,1.06309,1.06112,1.06244,-49.49192,-2136.00000
3.39995,3.40127,3.40620,3.40850,3.40587,2.22511,2.22346,2.22280,2.22774,2.22445,1.05981,1.06112,1.06441,1.05948,1.05882,-49.52781,-2135.00000
3.40390,3.40127,3.40127,3.40127,3.40324,2.22840,2.22313,2.22445,2.22083,2.22708,1.05948,1.06244,1.06178,1.05981,1.06046,-49.52781,-2134.00000
3.40653,3.40225,3.40686,3.40291,3.41113,2.22280,2.21952,2.22182,2.22577,2.22544,1.05948,1.05915,1.06013,1.05783,1.05652,-49.82844,-2133.00000
3.40455,3.40686,3.40324,3.40324,3.40127,2.22609,2.22741,2.22412,2.22248,2.22346,1.05816,1.05783,1.06046,1.05816,1.06244,-49.82844,-2132.00000
3.40028,3.40127,3.40258,3.39863,3.39831,2.22412,2.22609,2.22346,2.22873,2.21688,1.06145,1.06375,1.06112,1.05882,1.06178,-50.13302,-2131.00000
3.40521,3.40686,3.40291,3.40159,3.40258,2.22379,2.22445,2.22017,2.22675,2.22478,1.05948,1.06013,1.06178,1.05652,1.06178,-50.13302,-2130.00000
3.39896,3.40061,3.40291,3.40390,3.40127,2.22083,2.22149,2.22445,2.22215,2.22544,1.06046,1.05816,1.06408,1.06277,1.05717,-51.20196,-2129.00000
3.40192,3.40324,3.40159,3.40423,3.39863,2.22971,2.22445,2.22840,2.22050,2.22346,1.05783,1.06178,1.05849,1.05981,1.05948,-51.20196,-2128.00000
3.39929,3.40159,3.40291,3.39765,3.40159,2.22774,2.22215,2.22577,2.22182,2.22215,1.05882,1.05915,1.06079,1.06046,1.05586,-51.09265,-2127.00000
3.39502,3.40094,3.39732,3.40291,3.40291,2.22642,2.22511,2.22774,2.22675,2.22313,1.06046,1.06013,1.05849,1.06244,1.06046,-51.09265,-2126.00000
3.40225,3.40719,3.40324,3.40094,3.40094,2.22609,2.22609,2.22577,2.22577,2.22511,1.05783,1.06145,1.05553,1.06309,1.06375,-51.28670,-2125.00000
3.39929,3.40357,3.40061,3.39896,3.39962,2.22280,2.22840,2.22149,2.22445,2.22346,1.06079,1.05915,1.05685,1.06013,1.05948,-51.28670,-2124.00000
3.40159,3.40521,3.40357,3.40423,3.40028,2.22708,2.22412,2.22050,2.22708,2.22577,1.06145,1.06178,1.06145,1.05586,1.06079,-50.92290,-2123.00000
3.40620,3.40686,3.39962,3.40258,3.40521,2.22445,2.22544,2.22511,2.22774,2.22346,1.06178,1.05750,1.06277,1.06145,1.05981,-50.92290,-2122.00000
3.39896,3.40521,3.40192,3.40324,3.40324,2.22379,2.22116,2.22346,2.22675,2.22445,1.06211,1.06277,1.06178,1.06013,1.05816,-51.10518,-2121.00000
3.39502,3.40817,3.40817,3.40390,3.40192,2.22675,2.22675,2.22313,2.22248,2.22741,1.06342,1.05849,1.06375,1.06079,1.06112,-51.10518,-2120.00000
3.40817,3.40719,3.40620,3.40455,3.40455,2.22511,2.22971,2.22873,2.23070,2.22642,1.06079,1.06408,1.06145,1.06211,1.05849,-50.90117,-2119.00000
3.40455,3.40620,3.39995,3.40094,3.40686,2.22050,2.21952,2.22346,2.21952,2.22938,1.06309,1.06145,1.06178,1.06013,1.05849,-50.90117,-2118.00000
3.39863,3.40455,3.40653,3.40521,3.40587,2.22280,2.22807,2.22708,2.23004,2.22379,1.05882,1.06046,1.05685,1.06277,1.05981,-51.57897,-2117.00000
3.40488,3.41146,3.40949,3.40752,3.40357,2.22412,2.22412,2.22544,2.22478,2.22544,1.06342,1.06309,1.06342,1.06441,1.06145,-51.57897,-2116.00000
3.40488,3.40291,3.39798,3.39863,3.40916,2.22675,2.22445,2.22412,2.22609,2.22609,1.06803,1.06474,1.06178,1.06309,1.06309,-51.55883,-2115.00000
3.40094,3.40686,3.40752,3.40587,3.40850,2.22379,2.22807,2.22412,2.22642,2.22873,1.06375,1.06145,1.06573,1.06145,1.06408,-51.55883,-2114.00000
3.40192,3.40850,3.40324,3.40324,3.40587,2.22478,2.22577,2.22511,2.22873,2.22478,1.06342,1.06112,1.06244,1.06178,1.06112,-51.15153,-2113.00000
3.40390,3.40324,3.40784,3.40653,3.40982,2.22511,2.23136,2.22774,2.22741,2.22511,1.06375,1.05915,1.06112,1.06441,1.06342,-51.15153,-2112.00000
3.40719,3.40192,3.40916,3.40521,3.40817,2.22215,2.22445,2.23070,2.23037,2.22412,1.06309,1.06342,1.05948,1.05915,1.06277,-50.71072,-2111.00000
3.40587,3.40488,3.40455,3.40357,3.41048,2.22840,2.23004,2.23169,2.22182,2.22807,1.06211,1.06441,1.06145,1.06408,1.06178,-50.71072,-2110.00000
3.40620,3.40916,3.40225,3.40883,3.40587,2.22708,2.23070,2.23103,2.22642,2.22708,1.06507,1.06277,1.06342,1.06046,1.06178,-50.41847,-2109.00000
3.40817,3.40620,3.40488,3.40390,3.40653,2.22511,2.23267,2.22708,2.23136,2.22708,1.06737,1.06277,1.06309,1.06211,1.05948,-50.41847,-2108.00000
3.40719,3.40390,3.40423,3.41080,3.40916,2.22609,2.22675,2.22445,2.22741,2.22675,1.06079,1.06309,1.06605,1.06112,1.06145,-50.55242,-2107.00000
3.40916,3.40752,3.41146,3.40850,3.41015,2.22544,2.22544,2.22873,2.23136,2.22379,1.06145,1.05915,1.06277,1.06145,1.05948,-50.55242,-2106.00000
3.41146,3.40982,3.40554,3.40653,3.40719,2.22774,2.22774,2.22544,2.23136,2.22609,1.06244,1.06277,1.06474,1.06046,1.06244,-51.26346,-2105.00000
3.41278,3.40653,3.40620,3.41080,3.40620,2.22708,2.22840,2.22774,2.22873,2.22445,1.06079,1.06507,1.06342,1.06079,1.05948,-51.26346,-2104.00000
3.41048,3.40455,3.40916,3.40817,3.40883,2.22412,2.22971,2.22379,2.22938,2.22248,1.05882,1.06342,1.06408,1.06211,1.05948,-51.38593,-2103.00000
3.40686,3.40817,3.40521,3.40686,3.40488,2.21952,2.22511,2.22412,2.22807,2.22971,1.06145,1.06638,1.06540,1.05948,1.06342,-51.54244,-2102.00000
3.41113,3.40653,3.40653,3.40455,3.40521,2.22708,2.22708,2.22840,2.22577,2.22741,1.05981,1.06309,1.06277,1.06309,1.06244,-51.54244,-2101.00000
3.40488,3.40587,3.41278,3.40192,3.40423,2.23169,2.22544,2.22149,2.22182,2.22905,1.06342,1.06244,1.06408,1.06375,1.06112,-51.54244,-2100.00000
3.41048,3.40752,3.40225,3.40686,3.40554,2.22741,2.22511,2.22577,2.22215,2.22675,1.05882,1.06474,1.06013,1.06112,1.05948,-51.93324,-2099.00000
3.40455,3.40521,3.40653,3.40488,3.40620,2.22412,2.22741,2.22807,2.22544,2.22577,1.06178,1.06408,1.06112,1.06277,1.06375,-51.93324,-2098.00000
3.40719,3.41015,3.40554,3.40949,3.40752,2.22478,2.22675,2.22280,2.22215,2.22807,1.06046,1.06145,1.06540,1.06507,1.06112,-52.11402,-2097.00000
3.41113,3.40225,3.40850,3.40653,3.40719,2.22642,2.23366,2.22544,2.22741,2.22642,1.06079,1.06211,1.05915,1.06211,1.06079,-52.11402,-2096.00000
3.40455,3.40686,3.40061,3.40916,3.41080,2.22511,2.22675,2.22609,2.22807,2.22642,1.06211,1.06309,1.06309,1.06408,1.06573,-51.73487,-2095.00000
3.40324,3.40061,3.40455,3.40752,3.40423,2.22642,2.22873,2.23201,2.23267,2.22544,1.06178,1.06112,1.06573,1.06375,1.06079,-51.07032,-2094.00000
3.40554,3.40521,3.40488,3.40488,3.41015,2.22708,2.23004,2.22840,2.22675,2.22741,1.06408,1.06277,1.06277,1.06112,1.06309,-51.07032,-2093.00000
3.40587,3.40521,3.40686,3.40620,3.40949,2.22675,2.22313,2.22511,2.23037,2.22807,1.06309,1.06079,1.06211,1.06211,1.06013,-51.07032,-2092.00000
3.40554,3.40554,3.40390,3.40653,3.40653,2.22642,2.22544,2.22182,2.22708,2.22675,1.06309,1.06277,1.06145,1.06046,1.05750,-50.91537,-2091.00000
3.40752,3.40127,3.40324,3.40488,3.40587,2.22346,2.22873,2.22609,2.22938,2.22445,1.06309,1.06178,1.06211,1.06474,1.06244,-50.91537,-2090.00000
3.40916,3.40587,3.40423,3.40521,3.40423,2.22741,2.22774,2.22642,2.22379,2.22577,1.05915,1.05783,1.05882,1.05915,1.06309,-51.08225,-2089.00000
3.40488,3.40291,3.39798,3.40455,3.40883,2.22938,2.22708,2.22412,2.22708,2.22971,1.05783,1.05816,1.06244,1.06375,1.05849,-51.08225,-2088.00000
3.40784,3.40521,3.40883,3.40752,3.41311,2.22774,2.22642,2.23201,2.23103,2.22807,1.06013,1.05816,1.06342,1.06342,1.05685,-51.06981,-2087.00000
3.40357,3.40423,3.40455,3.40455,3.40554,2.22840,2.22708,2.22840,2.22774,2.22840,1.06211,1.06046,1.05981,1.05981,1.06013,-51.06981,-2086.00000
3.40620,3.40488,3.40686,3.41113,3.40291,2.22840,2.22675,2.23037,2.22971,2.23037,1.05981,1.05849,1.05849,1.05948,1.06112,-51.41307,-2085.00000
3.40455,3.40949,3.40324,3.40850,3.40587,2.22544,2.22675,2.22840,2.22609,2.22873,1.06211,1.05717,1.05816,1.06277,1.05586,-51.41307,-2084.00000
3.40061,3.41048,3.40653,3.40488,3.39962,2.22938,2.22807,2.22313,2.22807,2.22840,1.06211,1.06079,1.06211,1.05981,1.06211,-50.95507,-2083.00000
3.40752,3.40653,3.40653,3.40719,3.40686,2.23169,2.22741,2.22774,2.22675,2.22577,1.06178,1.05750,1.05948,1.05816,1.06013,-50.95507,-2082.00000
3.40916,3.41113,3.41113,3.40752,3.41048,2.22313,2.22741,2.22807,2.22478,2.22708,1.06112,1.05882,1.06277,1.06046,1.06112,-50.71972,-2081.00000
3.40423,3.40488,3.40423,3.41344,3.40784,2.22642,2.22577,2.23333,2.22280,2.22708,1.05652,1.06441,1.05882,1.05586,1.06309,-50.71972,-2080.00000
3.41574,3.40094,3.40982,3.40686,3.40817,2.22609,2.22840,2.22938,2.22642,2.23333,1.06013,1.05849,1.06079,1.05816,1.06013,-51.40267,-2079.00000
3.40686,3.40554,3.40982,3.40982,3.40357,2.22905,2.22379,2.22840,2.22215,2.22840,1.05849,1.06145,1.05750,1.05652,1.06046,-51.40267,-2078.00000
3.41048,3.40554,3.40521,3.41080,3.40916,2.23004,2.22807,2.22478,2.22609,2.22938,1.06737,1.06277,1.05685,1.06079,1.06145,-51.27691,-2077.00000
3.40752,3.40587,3.40850,3.40686,3.40719,2.22971,2.22807,2.22675,2.22609,2.22248,1.05948,1.06046,1.06441,1.06112,1.05948,-51.27691,-2076.00000
3.40620,3.40850,3.40850,3.40916,3.40423,2.22412,2.22708,2.22840,2.22807,2.23103,1.06079,1.05915,1.06079,1.05849,1.06046,-50.87569,-2075.00000
3.40554,3.40390,3.40390,3.40653,3.40390,2.22116,2.23037,2.22577,2.22182,2.22379,1.05717,1.05948,1.06013,1.06013,1.05750,-50.87569,-2074.00000
3.40455,3.40488,3.40291,3.40883,3.40587,2.22642,2.22642,2.22873,2.22774,2.22478,1.06540,1.05981,1.06145,1.05882,1.05685,-51.52292,-2073.00000
3.40159,3.40324,3.40390,3.40455,3.40291,2.22478,2.22807,2.22774,2.22412,2.22807,1.05849,1.06079,1.05685,1.05882,1.05717,-51.52292,-2072.00000
3.40587,3.40719,3.41113,3.40554,3.41146,2.22609,2.22905,2.22511,2.22708,2.22873,1.06704,1.06145,1.05750,1.05882,1.06178,-51.31313,-2071.00000
3.40784,3.40455,3.40423,3.40061,3.40752,2.22478,2.22280,2.22511,2.23070,2.22840,1.06145,1.06244,1.06178,1.06375,1.06112,-51.31313,-2070.00000
3.40686,3.41146,3.40225,3.41080,3.40653,2.22412,2.22873,2.22577,2.22642,2.22116,1.06046,1.06013,1.06046,1.05685,1.06309,-51.50368,-2069.00000
3.40686,3.40061,3.41146,3.40587,3.40455,2.22511,2.22017,2.22182,2.22017,2.22873,1.06375,1.06309,1.06145,1.06145,1.05783,-51.50368,-2068.00000
3.40028,3.40521,3.40752,3.41015,3.40423,2.22511,2.23103,2.22313,2.22313,2.22544,1.06342,1.06277,1.06145,1.05849,1.05882,-51.39308,-2067.00000
3.40653,3.40488,3.40784,3.40423,3.40949,2.22938,2.22412,2.23037,2.22708,2.22675,1.05882,1.06211,1.06244,1.05882,1.06309,-51.39308,-2066.00000
3.40686,3.40850,3.40850,3.40357,3.40850,2.22642,2.22511,2.22478,2.22642,2.22873,1.06375,1.06474,1.05981,1.06375,1.05816,-51.89226,-2065.00000
3.40686,3.40620,3.40817,3.40784,3.40719,2.22741,2.22346,2.22708,2.22840,2.22807,1.06342,1.06211,1.05981,1.06013,1.05948,-51.89226,-2064.00000
3.40883,3.40455,3.41245,3.41015,3.40159,2.22642,2.22642,2.22577,2.22215,2.22905,1.06046,1.05948,1.06013,1.06145,1.05948,-51.51867,-2063.00000
3.40521,3.40488,3.40455,3.40916,3.41080,2.22938,2.22280,2.22938,2.22478,2.22609,1.05948,1.05915,1.06013,1.06046,1.05981,-51.51867,-2062.00000
3.40817,3.40390,3.40455,3.40916,3.40653,2.22511,2.22577,2.22577,2.22938,2.22642,1.06079,1.06079,1.05882,1.06145,1.06211,-51.23217,-2061.00000
3.40653,3.40620,3.40587,3.40653,3.40686,2.23366,2.22609,2.22609,2.22675,2.22675,1.05717,1.05586,1.06013,1.05948,1.05882,-50.90446,-2060.00000
3.40653,3.40784,3.40620,3.41245,3.40554,2.23037,2.22873,2.23070,2.22905,2.22675,1.06178,1.06079,1.05882,1.06277,1.05783,-50.90446,-2059.00000
3.40982,3.40817,3.41179,3.40291,3.40949,2.22346,2.22873,2.22774,2.22708,2.22971,1.05750,1.05882,1.06013,1.05685,1.05816,-50.90446,-2058.00000
3.41179,3.40324,3.40653,3.40719,3.40949,2.22938,2.22971,2.22708,2.22807,2.22609,1.06244,1.05750,1.06540,1.05981,1.06211,-51.28005,-2057.00000
3.40719,3.40653,3.41146,3.40719,3.40850,2.22544,2.22478,2.22708,2.22511,2.23267,1.06046,1.05783,1.06178,1.05783,1.05783,-51.28005,-2056.00000
3.40258,3.40719,3.40752,3.40784,3.41311,2.23103,2.22478,2.23201,2.22905,2.23070,1.05816,1.06079,1.06211,1.06178,1.05882,-51.34165,-2055.00000
3.40390,3.40817,3.40488,3.41245,3.40488,2.22511,2.22938,2.22412,2.23399,2.23333,1.06013,1.05981,1.06178,1.06211,1.05717,-51.34165,-2054.00000
3.41048,3.40686,3.40258,3.40883,3.41278,2.22642,2.22642,2.22807,2.23267,2.22313,1.05882,1.05882,1.06079,1.06079,1.06309,-50.62913,-2053.00000
3.40258,3.40028,3.41376,3.40784,3.40620,2.22642,2.22379,2.22445,2.22905,2.22741,1.05981,1.05882,1.05816,1.06342,1.05717,-50.62913,-2052.00000
3.40192,3.40817,3.40587,3.40488,3.39798,2.22149,2.22807,2.22215,2.22609,2.22807,1.06277,1.06079,1.05717,1.06244,1.06112,-50.92072,-2051.00000
3.40423,3.40455,3.41048,3.40554,3.40784,2.22873,2.22675,2.22642,2.22478,2.22511,1.06145,1.05783,1.05717,1.06046,1.05882,-50.92072,-2050.00000
3.40127,3.40883,3.40159,3.40817,3.40159,2.22445,2.23004,2.23004,2.22412,2.22905,1.06145,1.05915,1.06079,1.06178,1.06046,-51.13791,-2049.00000
3.40521,3.40784,3.40488,3.40719,3.40521,2.21952,2.23004,2.22544,2.22905,2.22346,1.06046,1.06244,1.05849,1.06145,1.05915,-51.13791,-2048.00000
3.40620,3.40324,3.40521,3.40883,3.40192,2.22511,2.22577,2.22280,2.22642,2.22675,1.06145,1.05816,1.06178,1.06244,1.05750,-50.74070,-2047.00000
3.40521,3.40719,3.40225,3.40521,3.40817,2.22280,2.22379,2.22445,2.22774,2.22379,1.06277,1.06309,1.06046,1.05948,1.05915,-50.74070,-2046.00000
3.41278,3.40390,3.40686,3.40620,3.40554,2.22675,2.23004,2.22708,2.23136,2.22511,1.06309,1.06145,1.06013,1.05981,1.06211,-50.68586,-2045.00000
3.39995,3.41113,3.40390,3.40423,3.40390,2.23070,2.22379,2.22445,2.22544,2.22511,1.05750,1.06211,1.06408,1.05915,1.06309,-50.68586,-2044.00000
3.39929,3.40587,3.40357,3.40719,3.40817,2.23004,2.22445,2.21984,2.22938,2.22774,1.05882,1.06112,1.05882,1.05948,1.06375,-51.20756,-2043.00000
3.40883,3.40521,3.40357,3.40488,3.40949,2.22280,2.22577,2.22511,2.22478,2.22248,1.05586,1.06112,1.05948,1.06244,1.06277,-51.20756,-2042.00000
3.40850,3.40390,3.40653,3.40324,3.40357,2.23103,2.22774,2.22511,2.22280,2.22017,1.06079,1.05948,1.06309,1.05849,1.05882,-51.20706,-2041.00000
3.40390,3.40982,3.40521,3.40094,3.40488,2.22577,2.22675,2.22511,2.22741,2.22149,1.06277,1.06079,1.05915,1.06244,1.06277,-51.20706,-2040.00000
3.40225,3.39831,3.41048,3.40949,3.40357,2.22149,2.22840,2.22807,2.22675,2.22609,1.05948,1.05849,1.06277,1.06342,1.06112,-50.71682,-2039.00000
3.40390,3.40784,3.40127,3.40521,3.40423,2.22215,2.22807,2.22017,2.22445,2.22511,1.06079,1.05948,1.05981,1.06375,1.06441,-50.71682,-2038.00000
3.40719,3.40258,3.40752,3.40258,3.40258,2.22280,2.22379,2.22741,2.22445,2.22577,1.06079,1.05685,1.05882,1.06013,1.05816,-51.14520,-2037.00000
3.40883,3.40620,3.40455,3.40324,3.40357,2.22675,2.22642,2.22478,2.22544,2.22478,1.05849,1.05948,1.06079,1.05816,1.06046,-51.14520,-2036.00000
3.40225,3.40587,3.40357,3.40686,3.40357,2.22708,2.22774,2.22149,2.22544,2.22774,1.06178,1.05948,1.05981,1.05849,1.05849,-51.34615,-2035.00000
3.40423,3.40455,3.40423,3.39699,3.40554,2.22609,2.22379,2.22511,2.22445,2.22379,1.05685,1.05356,1.05882,1.06046,1.05882,-51.34615,-2034.00000
3.40324,3.40061,3.40982,3.40521,3.40455,2.22346,2.22938,2.22741,2.22478,2.22445,1.05717,1.06013,1.05948,1.05849,1.05948,-51.09600,-2033.00000
3.40817,3.40357,3.40883,3.39995,3.40455,2.22511,2.22741,2.22675,2.22544,2.22708,1.06178,1.05454,1.05915,1.05948,1.05553,-51.09600,-2032.00000
3.40686,3.40850,3.40554,3.40291,3.40192,2.22873,2.22313,2.22873,2.22609,2.22741,1.05619,1.06013,1.06145,1.05981,1.06046,-50.94225,-2031.00000
3.40521,3.39962,3.40324,3.40488,3.40752,2.22280,2.22774,2.22412,2.22511,2.22873,1.05816,1.05981,1.06309,1.05849,1.05915,-50.94225,-2030.00000
3.40752,3.40324,3.40258,3.40521,3.40455,2.23004,2.22642,2.22840,2.22905,2.22905,1.05915,1.05553,1.05915,1.06277,1.05948,-51.44360,-2029.00000
3.40554,3.40225,3.40225,3.40159,3.40291,2.22544,2.22083,2.22083,2.22511,2.22379,1.05685,1.05849,1.05915,1.06112,1.06046,-51.44360,-2028.00000
3.40521,3.40620,3.40817,3.40291,3.40784,2.23037,2.22215,2.22412,2.22379,2.22741,1.06112,1.05981,1.05882,1.05948,1.06244,-51.52718,-2027.00000
3.40883,3.40554,3.40521,3.40521,3.40225,2.22544,2.22544,2.22873,2.22149,2.22544,1.05981,1.06178,1.05882,1.05882,1.06145,-51.52718,-2026.00000
3.40587,3.40357,3.40850,3.40653,3.40719,2.22577,2.22280,2.22675,2.22938,2.22511,1.06112,1.06013,1.06145,1.06540,1.06013,-51.40712,-2025.00000
3.40225,3.40719,3.40423,3.40324,3.40192,2.22544,2.22609,2.22873,2.22642,2.23070,1.06277,1.06112,1.06244,1.06046,1.05750,-51.40712,-2024.00000
3.40587,3.40488,3.39732,3.40752,3.40028,2.22741,2.22346,2.22544,2.22741,2.23103,1.05816,1.05849,1.05948,1.06408,1.05783,-51.18059,-2023.00000
3.40291,3.40949,3.40127,3.40357,3.40916,2.22708,2.22675,2.22445,2.22675,2.22544,1.06046,1.05915,1.06112,1.06178,1.05981,-51.18059,-2022.00000
3.39929,3.40094,3.40324,3.40916,3.40225,2.22050,2.22807,2.22248,2.22544,2.22083,1.05948,1.05948,1.06046,1.06375,1.06211,-51.43322,-2021.00000
3.40159,3.40488,3.41015,3.40225,3.40620,2.22346,2.22313,2.22412,2.22544,2.22774,1.06046,1.05981,1.06112,1.06145,1.06178,-51.43322,-2020.00000
3.40357,3.40521,3.40455,3.40455,3.40784,2.22577,2.22905,2.22511,2.22971,2.23103,1.06145,1.06013,1.06408,1.06375,1.06145,-51.51863,-2019.00000
3.39962,3.40620,3.40357,3.39831,3.40521,2.22642,2.23037,2.22774,2.22445,2.22412,1.06013,1.05981,1.06375,1.06211,1.05652,-51.51863,-2018.00000
3.40061,3.40653,3.40258,3.40653,3.40357,2.22116,2.22478,2.22873,2.22609,2.22642,1.06046,1.05783,1.06178,1.06046,1.05816,-51.84250,-2017.00000
3.39896,3.40883,3.39863,3.40653,3.39962,2.22445,2.22971,2.22412,2.22905,2.22379,1.05849,1.05750,1.06408,1.05685,1.05882,-51.84250,-2016.00000
3.40653,3.41015,3.40094,3.40159,3.40291,2.22905,2.22215,2.22675,2.22675,2.22511,1.05849,1.05816,1.05619,1.05981,1.06145,-52.26674,-2015.00000
3.40291,3.40225,3.40752,3.40423,3.40192,2.22313,2.22412,2.22313,2.22280,2.22840,1.06013,1.05981,1.06013,1.05816,1.06244,-52.26674,-2014.00000
3.40159,3.40291,3.40752,3.40225,3.40455,2.22938,2.22511,2.22905,2.22873,2.22412,1.05915,1.06112,1.06046,1.05948,1.06277,-51.91155,-2013.00000
3.40324,3.40423,3.40258,3.40587,3.40784,2.22807,2.22708,2.22577,2.22807,2.22873,1.05981,1.05717,1.05816,1.06013,1.05750,-51.91155,-2012.00000
3.40357,3.40488,3.40620,3.40324,3.40784,2.22313,2.22544,2.22609,2.22609,2.22215,1.05717,1.05816,1.05981,1.06112,1.06178,-51.29390,-2011.00000
3.40159,3.40357,3.40817,3.40850,3.40390,2.22609,2.22807,2.22741,2.22642,2.22313,1.05652,1.05981,1.05586,1.05750,1.05981,-51.29390,-2010.00000
3.40653,3.40127,3.40554,3.40225,3.40587,2.22905,2.22774,2.22774,2.22577,2.22807,1.06013,1.06375,1.06079,1.06309,1.05717,-51.69593,-2009.00000
3.40752,3.40423,3.40686,3.40390,3.40587,2.22313,2.22609,2.22971,2.22478,2.22577,1.05816,1.06178,1.05717,1.05915,1.05816,-51.69593,-2008.00000
3.40817,3.40554,3.41080,3.40883,3.40653,2.22971,2.22544,2.23136,2.22642,2.22741,1.05882,1.06112,1.05915,1.05882,1.05948,-51.55054,-2007.00000
3.40357,3.40982,3.40784,3.40784,3.40488,2.22642,2.22708,2.23169,2.22840,2.22478,1.05882,1.06046,1.06112,1.06145,1.05619,-51.55054,-2006.00000
3.40554,3.40423,3.40686,3.40521,3.40587,2.22873,2.22774,2.22445,2.23037,2.22938,1.05981,1.05520,1.05750,1.06145,1.05652,-51.25505,-2005.00000
3.40357,3.40653,3.40094,3.40982,3.40455,2.22938,2.22577,2.22050,2.23037,2.22577,1.05882,1.05882,1.06046,1.05882,1.05553,-51.25505,-2004.00000
3.41015,3.40883,3.40784,3.39929,3.40719,2.22807,2.22248,2.22445,2.22675,2.22741,1.06145,1.05783,1.05619,1.05882,1.06079,-51.20617,-2003.00000
3.40883,3.40982,3.40883,3.40686,3.40488,2.22971,2.22478,2.22609,2.22971,2.22873,1.05882,1.05882,1.05981,1.05750,1.06211,-51.20617,-2002.00000
3.40620,3.40686,3.40752,3.40817,3.41245,2.23234,2.23201,2.22774,2.22412,2.22609,1.06013,1.05783,1.06079,1.05981,1.05915,-51.22892,-2001.00000
3.40653,3.41015,3.41015,3.40521,3.40686,2.22708,2.22840,2.23070,2.23004,2.23070,1.05882,1.05915,1.05586,1.05816,1.05882,-51.22892,-2000.00000
3.40686,3.40817,3.41278,3.41311,3.40817,2.22873,2.22577,2.22807,2.23432,2.22774,1.05783,1.06046,1.05981,1.05553,1.05783,-51.70144,-1999.00000
3.40752,3.41113,3.41738,3.40521,3.41179,2.22774,2.22938,2.23070,2.22609,2.22544,1.05849,1.05750,1.05816,1.05750,1.05915,-51.70144,-1998.00000
3.40258,3.40653,3.40784,3.40817,3.40719,2.22708,2.22445,2.22741,2.23103,2.22971,1.05586,1.05948,1.05750,1.05717,1.05882,-51.52329,-1997.00000
3.40982,3.40916,3.40587,3.41048,3.41278,2.22544,2.22971,2.22478,2.22511,2.22017,1.05915,1.05783,1.05981,1.06178,1.05257,-51.52329,-1996.00000
3.40455,3.40620,3.41080,3.40817,3.40488,2.22511,2.23201,2.22675,2.22577,2.22346,1.05849,1.05783,1.05685,1.05882,1.06013,-52.15810,-1995.00000
3.41245,3.40784,3.40982,3.40390,3.41376,2.22346,2.22774,2.22346,2.22807,2.22445,1.05783,1.05816,1.05816,1.05849,1.05882,-52.21185,-1994.00000
3.40455,3.40850,3.40817,3.40587,3.41146,2.22774,2.22609,2.22971,2.22708,2.22741,1.05849,1.05685,1.05619,1.05816,1.06013,-52.21185,-1993.00000
3.40028,3.41146,3.40719,3.40686,3.40653,2.22248,2.22379,2.22840,2.23070,2.22577,1.05652,1.05619,1.05750,1.05685,1.05783,-52.21185,-1992.00000
3.40850,3.40554,3.40752,3.40488,3.40620,2.22445,2.22445,2.22840,2.22675,2.22741,1.05915,1.05882,1.05619,1.05652,1.05717,-51.84078,-1991.00000
3.41080,3.40982,3.40883,3.40850,3.40192,2.22675,2.23004,2.22313,2.22478,2.22544,1.05257,1.05487,1.05487,1.05553,1.05356,-51.84078,-1990.00000
3.40719,3.40784,3.40455,3.40883,3.40686,2.22248,2.22609,2.22215,2.22445,2.22511,1.05586,1.05816,1.05454,1.05717,1.05421,-51.82126,-1989.00000
3.40686,3.40521,3.40423,3.40949,3.40587,2.22741,2.22215,2.22840,2.22445,2.22346,1.05553,1.05421,1.05915,1.05191,1.05191,-51.82126,-1988.00000
3.40686,3.40653,3.40587,3.39995,3.40225,2.22379,2.23004,2.22708,2.23037,2.22609,1.05421,1.05849,1.05783,1.05685,1.05093,-52.05402,-1987.00000
3.41113,3.40455,3.40324,3.40587,3.40028,2.22511,2.22840,2.22445,2.22577,2.22511,1.05619,1.05619,1.06079,1.05520,1.05487,-52.05402,-1986.00000
3.40324,3.40159,3.40225,3.39896,3.40850,2.22577,2.22478,2.22642,2.22675,2.22511,1.05685,1.05816,1.05685,1.05882,1.05619,-52.24662,-1985.00000
3.40455,3.40061,3.40423,3.39567,3.40916,2.22280,2.22708,2.22182,2.22708,2.22873,1.05783,1.06145,1.05816,1.06178,1.05849,-52.24662,-1984.00000
3.39962,3.40653,3.40192,3.40554,3.40521,2.22149,2.22412,2.23201,2.22478,2.23201,1.05750,1.05454,1.05652,1.05586,1.05421,-51.88186,-1983.00000
3.40291,3.40291,3.39995,3.40916,3.39962,2.22577,2.22313,2.22511,2.22346,2.22642,1.06079,1.06079,1.05981,1.05915,1.05717,-51.88186,-1982.00000
3.40752,3.40225,3.40620,3.39863,3.40258,2.22544,2.21984,2.22149,2.22379,2.22182,1.05717,1.05652,1.05619,1.05981,1.06013,-51.66310,-1981.00000
3.40587,3.40061,3.40455,3.40159,3.40390,2.22412,2.22577,2.22873,2.22248,2.22609,1.05717,1.05882,1.05948,1.05816,1.06178,-51.66310,-1980.00000
3.39798,3.40159,3.40850,3.40521,3.40357,2.22642,2.22609,2.22149,2.22807,2.22774,1.05882,1.06145,1.05948,1.05849,1.05915,-51.82163,-1979.00000
3.40291,3.40324,3.40390,3.40554,3.40752,2.22248,2.22313,2.22215,2.22807,2.22544,1.05619,1.05717,1.05454,1.05685,1.05652,-51.82163,-1978.00000
3.40061,3.40390,3.40850,3.40258,3.39896,2.21820,2.22577,2.22840,2.22577,2.22182,1.06211,1.05619,1.05882,1.05454,1.06046,-52.22842,-1977.00000
3.40324,3.40061,3.40324,3.40521,3.39863,2.22708,2.21623,2.22609,2.22511,2.22511,1.05520,1.05454,1.05717,1.05520,1.05257,-52.22842,-1976.00000
3.40423,3.39896,3.40291,3.40291,3.40784,2.22248,2.22412,2.22313,2.22412,2.22511,1.05487,1.05619,1.05553,1.05619,1.05915,-52.37754,-1975.00000
3.40061,3.40883,3.39929,3.40521,3.39896,2.22182,2.22379,2.22511,2.22412,2.22873,1.05849,1.05717,1.05750,1.05849,1.05816,-52.37754,-1974.00000
3.40587,3.40455,3.40752,3.40949,3.39995,2.22149,2.22280,2.22116,2.22248,2.22577,1.05586,1.05849,1.05454,1.05619,1.05224,-52.52090,-1973.00000
3.40423,3.40554,3.40061,3.40784,3.41278,2.22708,2.22215,2.22248,2.21787,2.22478,1.05454,1.05783,1.05717,1.05652,1.05981,-52.11680,-1972.00000
3.40587,3.39896,3.39962,3.40061,3.40159,2.22511,2.22445,2.22873,2.22774,2.22741,1.06013,1.05685,1.05454,1.06079,1.06046,-52.11680,-1971.00000
3.40061,3.40850,3.40817,3.40127,3.40752,2.22379,2.22511,2.22050,2.22445,2.22478,1.05849,1.05849,1.05290,1.05421,1.05290,-52.11680,-1970.00000
3.40258,3.39798,3.40686,3.40423,3.40554,2.22971,2.22346,2.22873,2.22116,2.22544,1.06079,1.05750,1.05783,1.05816,1.05487,-51.98411,-1969.00000
3.39962,3.40324,3.40357,3.40982,3.40258,2.22741,2.23037,2.22478,2.22840,2.22511,1.05389,1.05750,1.05520,1.05685,1.05652,-51.98411,-1968.00000
3.40521,3.40883,3.40521,3.40949,3.40521,2.21952,2.22379,2.22577,2.23004,2.22544,1.05619,1.05619,1.05685,1.05290,1.05750,-51.78498,-1967.00000
3.39929,3.40554,3.40686,3.40192,3.40916,2.22346,2.22280,2.22642,2.22840,2.22971,1.05981,1.05619,1.05652,1.05520,1.05816,-51.78498,-1966.00000
3.40357,3.39798,3.40258,3.40488,3.39831,2.22412,2.22050,2.22445,2.22379,2.22807,1.05619,1.05685,1.05882,1.05093,1.05750,-52.10796,-1965.00000
3.41179,3.40554,3.40291,3.40686,3.39962,2.22511,2.22511,2.22774,2.22675,2.22807,1.06046,1.05586,1.05619,1.05652,1.05816,-52.10796,-1964.00000
3.40192,3.41015,3.40455,3.41080,3.41080,2.22248,2.22577,2.22577,2.22346,2.22083,1.05586,1.05487,1.05586,1.05685,1.05915,-51.48506,-1963.00000
3.40554,3.40817,3.40719,3.40258,3.40850,2.22708,2.22412,2.22577,2.22511,2.22478,1.06046,1.05619,1.05816,1.05619,1.05553,-51.48506,-1962.00000
3.40883,3.40620,3.40192,3.40850,3.40390,2.22577,2.22873,2.22412,2.22609,2.22741,1.05356,1.05060,1.05816,1.05783,1.05783,-51.78105,-1961.00000
3.40850,3.40916,3.40587,3.40850,3.40653,2.22905,2.22905,2.22873,2.22577,2.22182,1.05816,1.05487,1.05619,1.05783,1.05750,-51.65612,-1960.00000
3.40521,3.40521,3.41179,3.40390,3.40192,2.22708,2.22675,2.22774,2.22675,2.22544,1.06013,1.05619,1.05389,1.05290,1.05750,-51.65612,-1959.00000
3.40653,3.40916,3.40587,3.40620,3.40587,2.22478,2.22609,2.22708,2.22807,2.22741,1.05619,1.05356,1.05520,1.05586,1.05586,-51.65612,-1958.00000
3.40719,3.40488,3.40752,3.40752,3.40455,2.22248,2.22577,2.22840,2.22807,2.22609,1.05948,1.06211,1.05816,1.05849,1.05915,-51.86417,-1957.00000
3.40587,3.40620,3.40620,3.40192,3.40850,2.22840,2.22544,2.22905,2.22511,2.22609,1.06178,1.05948,1.06013,1.06375,1.06079,-52.16075,-1956.00000
3.40587,3.41212,3.40521,3.40521,3.41278,2.22675,2.22609,2.22544,2.22248,2.23103,1.05849,1.05849,1.05783,1.05685,1.05816,-52.16075,-1955.00000
3.40521,3.40850,3.40850,3.40817,3.40554,2.22905,2.22840,2.22544,2.23037,2.22544,1.05717,1.05783,1.06277,1.05882,1.05948,-52.16075,-1954.00000
3.40817,3.40028,3.40817,3.40686,3.40620,2.22938,2.22642,2.22577,2.22280,2.23037,1.06046,1.05849,1.05652,1.06013,1.05783,-51.72370,-1953.00000
3.41146,3.41179,3.40653,3.40784,3.40587,2.23004,2.22708,2.22577,2.22741,2.22609,1.06342,1.05783,1.05783,1.05915,1.06013,-51.72370,-1952.00000
3.41311,3.40225,3.41212,3.40653,3.40883,2.22873,2.22905,2.22675,2.22577,2.22807,1.05981,1.06309,1.05849,1.06178,1.05717,-51.58533,-1951.00000
3.40982,3.40949,3.40817,3.41146,3.40554,2.22741,2.22938,2.22708,2.22873,2.22840,1.05783,1.05981,1.05915,1.06178,1.05816,-51.40357,-1950.00000
3.40982,3.40620,3.40850,3.40752,3.40982,2.22577,2.22873,2.22774,2.22840,2.22873,1.05750,1.05619,1.06244,1.05553,1.06112,-51.40357,-1949.00000
3.40719,3.40653,3.41212,3.40455,3.40423,2.22971,2.22248,2.22642,2.22675,2.22544,1.05948,1.06013,1.05619,1.05783,1.05816,-51.40357,-1948.00000
3.41048,3.40423,3.40784,3.40620,3.41245,2.22840,2.23103,2.22577,2.22675,2.22379,1.05816,1.05783,1.05948,1.05849,1.06046,-51.77067,-1947.00000
3.40752,3.40455,3.41409,3.41113,3.41080,2.22642,2.22609,2.22642,2.22280,2.22840,1.05816,1.05948,1.05981,1.05981,1.05619,-51.77067,-1946.00000
3.40883,3.40521,3.40390,3.40488,3.40258,2.22840,2.23103,2.22807,2.22807,2.22511,1.06013,1.05882,1.06112,1.06046,1.05750,-52.38325,-1945.00000
3.41541,3.40752,3.40817,3.40817,3.40587,2.22412,2.22807,2.22544,2.22905,2.22840,1.05783,1.06013,1.06046,1.05882,1.06178,-52.38325,-1944.00000
3.40982,3.40587,3.40357,3.40686,3.40949,2.22215,2.22774,2.22313,2.22774,2.22313,1.06408,1.05948,1.05783,1.05619,1.05685,-52.16175,-1943.00000
3.40587,3.40719,3.40423,3.40719,3.40719,2.22346,2.22642,2.22642,2.22577,2.22050,1.05882,1.05520,1.05717,1.05882,1.06112,-52.16175,-1942.00000
3.40455,3.40488,3.41080,3.40159,3.40554,2.22149,2.22642,2.23004,2.22609,2.22642,1.05981,1.05487,1.05783,1.05717,1.06178,-52.17033,-1941.00000
3.40390,3.40817,3.40850,3.40061,3.40653,2.22182,2.22807,2.22642,2.22511,2.22478,1.05586,1.05553,1.05915,1.05685,1.05717,-52.17033,-1940.00000
3.40127,3.40192,3.39962,3.41245,3.40291,2.22149,2.22905,2.22544,2.22675,2.22511,1.05717,1.05948,1.05389,1.05783,1.05652,-51.70405,-1939.00000
3.40817,3.40488,3.40324,3.40390,3.40949,2.23004,2.23300,2.22642,2.22708,2.22346,1.05783,1.05981,1.05948,1.05948,1.05389,-51.70405,-1938.00000
3.40850,3.40357,3.40817,3.40291,3.40719,2.22412,2.22544,2.22642,2.22313,2.22050,1.05586,1.05882,1.05915,1.05816,1.05750,-51.57223,-1937.00000
3.40686,3.40455,3.40390,3.40554,3.40357,2.22116,2.22873,2.22873,2.22511,2.22544,1.06046,1.05849,1.05750,1.06211,1.06112,-51.57223,-1936.00000
3.41015,3.40620,3.40916,3.40291,3.40291,2.22050,2.22313,2.22116,2.22050,2.22708,1.05750,1.05619,1.05981,1.05783,1.05948,-51.58364,-1935.00000
3.40488,3.40850,3.40620,3.40521,3.40554,2.22511,2.22215,2.22741,2.22511,2.22412,1.05849,1.05389,1.05652,1.06013,1.05981,-51.58364,-1934.00000
3.40324,3.41212,3.40061,3.40949,3.40488,2.22445,2.22938,2.22642,2.22544,2.22017,1.05717,1.05981,1.05849,1.06079,1.05915,-52.23577,-1933.00000
3.40554,3.40488,3.40357,3.40159,3.40324,2.22544,2.22905,2.22807,2.22215,2.22577,1.05750,1.05290,1.05948,1.06112,1.05849,-52.23577,-1932.00000
3.40028,3.40291,3.40521,3.40192,3.40159,2.22445,2.22050,2.22412,2.22182,2.22609,1.05553,1.05783,1.05520,1.05717,1.05981,-52.06669,-1931.00000
3.40423,3.40291,3.40094,3.40357,3.40455,2.22116,2.21919,2.22116,2.22971,2.22412,1.05783,1.05652,1.05783,1.05981,1.05750,-52.06669,-1930.00000
3.40225,3.40488,3.40061,3.40719,3.39995,2.22642,2.22346,2.23103,2.22642,2.22675,1.05158,1.06013,1.06112,1.05652,1.05783,-51.98489,-1929.00000
3.39962,3.40357,3.40916,3.40225,3.40357,2.22346,2.22840,2.22215,2.22280,2.22544,1.05750,1.05685,1.05685,1.05915,1.05981,-51.98489,-1928.00000
3.40357,3.40094,3.40784,3.40554,3.40291,2.22445,2.22280,2.22544,2.22478,2.22873,1.05948,1.05586,1.05520,1.06046,1.05520,-51.85711,-1927.00000
3.40225,3.40587,3.40324,3.40291,3.40554,2.22379,2.22017,2.22445,2.22149,2.22478,1.05783,1.05586,1.05619,1.05553,1.05717,-51.85711,-1926.00000
3.40817,3.39962,3.41245,3.40587,3.40291,2.22083,2.22544,2.22873,2.22313,2.22577,1.05783,1.05816,1.05981,1.05816,1.06112,-51.54081,-1925.00000
3.40752,3.40094,3.40554,3.40587,3.40159,2.22807,2.22379,2.22511,2.22774,2.22642,1.05783,1.05948,1.05948,1.05750,1.06046,-51.54081,-1924.00000
3.40521,3.40620,3.40488,3.41048,3.40521,2.22642,2.22577,2.22708,2.22708,2.22280,1.05750,1.05520,1.05849,1.05586,1.05685,-51.12323,-1923.00000
3.41080,3.40883,3.40291,3.40258,3.40883,2.22478,2.22807,2.22675,2.22840,2.22445,1.05553,1.06244,1.05783,1.05586,1.05520,-51.12323,-1922.00000
3.40653,3.40423,3.40225,3.40982,3.40719,2.22708,2.22774,2.22708,2.22741,2.22873,1.05816,1.05652,1.05816,1.05685,1.05783,-51.65377,-1921.00000
3.41113,3.40423,3.40883,3.40982,3.40061,2.22577,2.22609,2.22511,2.22675,2.22938,1.05389,1.05652,1.05454,1.05421,1.05750,-51.65377,-1920.00000
3.40488,3.40752,3.41376,3.40554,3.41113,2.22544,2.22511,2.22609,2.22346,2.22478,1.05685,1.05652,1.05619,1.06013,1.05882,-51.86586,-1919.00000
3.40423,3.41212,3.40521,3.40817,3.41048,2.22544,2.23037,2.22840,2.22971,2.22905,1.05652,1.05783,1.05717,1.05948,1.05685,-51.86586,-1918.00000
3.40423,3.40192,3.40850,3.40982,3.40784,2.22675,2.22577,2.22905,2.22478,2.22873,1.05652,1.05619,1.05421,1.05685,1.05619,-52.05120,-1917.00000
3.40521,3.40423,3.40587,3.40620,3.40817,2.22412,2.22675,2.22248,2.22675,2.22971,1.05750,1.05849,1.05750,1.06145,1.05520,-52.05120,-1916.00000
3.40620,3.40357,3.40554,3.40587,3.40423,2.22905,2.22577,2.22774,2.22478,2.22675,1.05685,1.05816,1.05783,1.05619,1.05323,-51.86714,-1915.00000
3.40620,3.40455,3.40488,3.40423,3.40587,2.23004,2.22313,2.22379,2.23432,2.23070,1.05849,1.06277,1.05454,1.06013,1.05750,-51.86714,-1914.00000
3.40817,3.40949,3.41113,3.40521,3.40554,2.22116,2.22412,2.22609,2.22083,2.22675,1.05619,1.05619,1.05915,1.05586,1.05685,-51.78350,-1913.00000
3.40982,3.40850,3.40324,3.40488,3.40752,2.22280,2.22577,2.22609,2.22379,2.22708,1.05619,1.06046,1.05553,1.05619,1.05750,-51.78350,-1912.00000
3.40587,3.41344,3.40686,3.40094,3.40587,2.22445,2.22708,2.22971,2.23300,2.22544,1.05783,1.06277,1.06244,1.05652,1.05586,-51.98164,-1911.00000
3.40686,3.41015,3.40324,3.40784,3.40850,2.22807,2.22116,2.22577,2.23037,2.22807,1.05882,1.05717,1.06112,1.05816,1.05750,-51.69870,-1910.00000
3.40587,3.40949,3.40883,3.40587,3.40719,2.22741,2.22511,2.23136,2.23103,2.23136,1.06079,1.06046,1.05652,1.05981,1.05915,-51.69870,-1909.00000
3.40949,3.40488,3.41146,3.40423,3.40883,2.22642,2.22774,2.22445,2.22675,2.22938,1.05553,1.05487,1.05717,1.05882,1.05586,-51.69870,-1908.00000
3.40521,3.41048,3.41344,3.40159,3.41113,2.23004,2.22905,2.22774,2.22511,2.22577,1.05553,1.06211,1.05981,1.05685,1.05882,-51.80141,-1907.00000
3.41146,3.41245,3.40784,3.41245,3.40686,2.23136,2.23267,2.22675,2.23136,2.22675,1.05915,1.05717,1.05948,1.05849,1.05882,-51.80141,-1906.00000
3.40916,3.41409,3.41048,3.41278,3.40784,2.22873,2.22905,2.22544,2.22544,2.22905,1.05586,1.06244,1.05750,1.06013,1.05454,-51.92848,-1905.00000
3.40752,3.40982,3.41541,3.41442,3.40554,2.22807,2.23070,2.22905,2.23004,2.23366,1.05717,1.06013,1.05652,1.05619,1.05882,-51.92848,-1904.00000
3.41475,3.40949,3.40752,3.41048,3.41409,2.23136,2.22905,2.22577,2.22971,2.22971,1.05652,1.05553,1.06013,1.05981,1.05882,-52.26547,-1903.00000
3.41311,3.40883,3.41080,3.41015,3.40850,2.22938,2.23169,2.22379,2.22675,2.23465,1.05685,1.06112,1.05948,1.05586,1.05619,-52.26547,-1902.00000
3.41080,3.40817,3.41245,3.40686,3.40982,2.22445,2.22938,2.22511,2.22905,2.22708,1.05619,1.05915,1.05915,1.05750,1.06013,-52.78798,-1901.00000
3.40850,3.40883,3.41146,3.41245,3.40752,2.22807,2.22642,2.22807,2.22478,2.22938,1.06277,1.05553,1.05849,1.05816,1.05948,-52.78798,-1900.00000
3.41146,3.40817,3.40949,3.39995,3.41048,2.22774,2.22774,2.22873,2.22905,2.22675,1.05849,1.05783,1.05915,1.06046,1.05652,-52.69036,-1899.00000
3.40686,3.40587,3.40784,3.40916,3.40455,2.22840,2.23037,2.23136,2.22938,2.22577,1.05487,1.05849,1.05915,1.05849,1.05619,-52.69036,-1898.00000
3.40784,3.40324,3.40587,3.40883,3.40850,2.22675,2.22412,2.22609,2.22511,2.23103,1.05520,1.05915,1.05553,1.06046,1.05652,-52.01493,-1897.00000
3.41015,3.40817,3.40784,3.40883,3.41015,2.22609,2.23432,2.23070,2.22182,2.22807,1.05882,1.06112,1.05816,1.05783,1.05750,-52.01493,-1896.00000
3.39962,3.40982,3.41508,3.40488,3.41311,2.23070,2.22807,2.22807,2.22807,2.23201,1.05915,1.05750,1.05915,1.06277,1.06244,-51.79739,-1895.00000
3.40817,3.40357,3.40916,3.41015,3.41376,2.22083,2.23103,2.22774,2.23201,2.22741,1.06079,1.05323,1.05652,1.05882,1.06079,-51.79739,-1894.00000
3.40982,3.40423,3.41048,3.40883,3.40488,2.22938,2.23333,2.22938,2.22478,2.22708,1.05750,1.05816,1.06046,1.05882,1.06046,-51.59051,-1893.00000
3.41048,3.40850,3.40752,3.40949,3.40357,2.23103,2.22675,2.23070,2.22675,2.22544,1.05619,1.05750,1.05553,1.05586,1.05619,-51.59051,-1892.00000
3.40949,3.40752,3.41212,3.40192,3.39831,2.22609,2.22840,2.22412,2.22741,2.22905,1.05750,1.05454,1.05849,1.05849,1.05981,-51.46073,-1891.00000
3.40488,3.40883,3.40916,3.40127,3.40620,2.22873,2.22642,2.22280,2.22577,2.22807,1.05915,1.05619,1.05750,1.05619,1.05619,-51.46073,-1890.00000
3.40850,3.40061,3.40850,3.40455,3.40817,2.23070,2.22774,2.22379,2.22544,2.22577,1.05520,1.05553,1.05915,1.05619,1.05290,-51.78111,-1889.00000
3.40357,3.40324,3.40752,3.40225,3.40949,2.22544,2.22511,2.23136,2.22675,2.22840,1.06178,1.05454,1.05520,1.05717,1.05356,-51.78111,-1888.00000
3.40817,3.40850,3.40817,3.40719,3.40521,2.22182,2.22905,2.22511,2.22675,2.23103,1.05520,1.05586,1.05619,1.05816,1.05717,-51.36970,-1887.00000
3.40916,3.40423,3.40390,3.40390,3.40521,2.22412,2.22675,2.22741,2.23169,2.22609,1.05915,1.05520,1.05586,1.05750,1.05783,-51.36970,-1886.00000
3.40357,3.40291,3.40357,3.40225,3.40719,2.22346,2.22149,2.22313,2.22675,2.22774,1.05356,1.05586,1.05717,1.05487,1.05553,-51.91411,-1885.00000
3.40521,3.40390,3.40127,3.40752,3.40390,2.22445,2.22807,2.22873,2.22807,2.22577,1.05816,1.05553,1.05882,1.05849,1.05224,-51.91411,-1884.00000
3.40225,3.40686,3.40554,3.40521,3.40719,2.22478,2.22346,2.22412,2.22511,2.23136,1.05750,1.05487,1.05685,1.05454,1.05750,-52.06872,-1883.00000
3.40423,3.40686,3.40159,3.40587,3.40258,2.22675,2.22313,2.22478,2.22445,2.22971,1.05750,1.05816,1.05323,1.05717,1.05323,-52.06872,-1882.00000
3.40521,3.40686,3.40686,3.40620,3.40291,2.22149,2.22840,2.22642,2.22149,2.22873,1.05652,1.05389,1.05421,1.05652,1.05783,-52.15388,-1881.00000
3.40488,3.40028,3.40883,3.40949,3.39699,2.22280,2.22675,2.22478,2.22544,2.22708,1.05454,1.05356,1.05454,1.05323,1.05290,-52.15388,-1880.00000
3.40850,3.39962,3.40225,3.40061,3.41048,2.22445,2.22412,2.23103,2.22741,2.22905,1.05915,1.05586,1.05586,1.05454,1.05652,-51.64588,-1879.00000
3.40521,3.40817,3.40587,3.40752,3.40784,2.22675,2.22873,2.22379,2.22642,2.22774,1.05750,1.05816,1.05717,1.05553,1.05816,-51.64588,-1878.00000
3.40653,3.40554,3.40686,3.41146,3.40949,2.22741,2.23037,2.22905,2.23004,2.22445,1.05553,1.05586,1.05619,1.05652,1.05750,-51.74992,-1877.00000
3.40883,3.40817,3.40850,3.40455,3.41245,2.22873,2.22938,2.22741,2.22642,2.22708,1.05454,1.05948,1.05619,1.05849,1.05717,-51.74992,-1876.00000
3.41080,3.40982,3.40784,3.40752,3.40587,2.22873,2.23103,2.22938,2.23103,2.22807,1.05685,1.05882,1.05882,1.05553,1.05652,-51.65002,-1875.00000
3.40949,3.41311,3.40423,3.41212,3.40587,2.22873,2.23070,2.23169,2.22971,2.23169,1.05685,1.05454,1.05520,1.05948,1.05290,-51.65002,-1874.00000
3.41146,3.40455,3.41311,3.40784,3.40916,2.22511,2.22774,2.23070,2.22741,2.23234,1.05849,1.05717,1.05685,1.05948,1.05586,-51.55574,-1873.00000
3.40521,3.41245,3.40357,3.41409,3.41113,2.22938,2.22642,2.22938,2.23169,2.22741,1.05750,1.05421,1.06145,1.05520,1.05191,-51.55574,-1872.00000
3.41113,3.40521,3.41409,3.40784,3.40850,2.22708,2.22445,2.22280,2.22807,2.23136,1.05783,1.05290,1.05750,1.05323,1.05750,-51.79237,-1871.00000
3.40455,3.40949,3.41245,3.40719,3.40982,2.22478,2.22774,2.22642,2.22577,2.22971,1.05685,1.05553,1.05356,1.05454,1.05783,-51.71249,-1870.00000
3.40784,3.40817,3.40061,3.40587,3.40653,2.22840,2.22938,2.22873,2.23037,2.22708,1.05685,1.05685,1.05125,1.05717,1.05553,-51.71249,-1869.00000
3.40488,3.40488,3.40784,3.40455,3.41015,2.23037,2.22675,2.22609,2.23169,2.22346,1.05060,1.05619,1.05816,1.05421,1.05487,-51.71249,-1868.00000
3.40357,3.40028,3.40719,3.40817,3.40488,2.22445,2.22609,2.22577,2.22840,2.23300,1.05849,1.05816,1.05389,1.05915,1.05685,-51.89361,-1867.00000
3.39962,3.41080,3.40719,3.40883,3.40719,2.23169,2.22577,2.22412,2.22544,2.22511,1.05454,1.05356,1.05586,1.05487,1.05849,-51.89361,-1866.00000
3.40949,3.40752,3.40587,3.40916,3.40291,2.22346,2.22478,2.22248,2.22708,2.22248,1.05586,1.05421,1.05717,1.05093,1.05487,-51.28194,-1865.00000
3.40390,3.40587,3.40883,3.40488,3.40587,2.22313,2.22938,2.22445,2.22938,2.22478,1.05882,1.05356,1.05586,1.05948,1.05685,-51.28194,-1864.00000
3.40587,3.40291,3.40554,3.40455,3.40028,2.22280,2.22642,2.22248,2.22313,2.22149,1.05421,1.05520,1.05652,1.05520,1.05454,-51.43731,-1863.00000
3.40784,3.40094,3.40324,3.40127,3.40324,2.22642,2.22445,2.22741,2.22807,2.22412,1.05717,1.05586,1.05158,1.05356,1.05586,-51.43731,-1862.00000
3.40554,3.40719,3.40357,3.40291,3.40488,2.22248,2.22215,2.22708,2.22412,2.22379,1.05882,1.05520,1.05750,1.05783,1.05783,-51.55065,-1861.00000
3.40488,3.40225,3.40752,3.40587,3.40258,2.22642,2.22511,2.22280,2.22280,2.22577,1.05421,1.05224,1.05389,1.05586,1.05717,-51.55065,-1860.00000
3.40192,3.40192,3.40587,3.40192,3.40488,2.22905,2.22642,2.22445,2.22149,2.22807,1.05685,1.05356,1.05717,1.05783,1.05816,-51.45857,-1859.00000
3.40291,3.40225,3.40225,3.40521,3.40752,2.22017,2.22971,2.22642,2.22741,2.22313,1.05487,1.05356,1.05652,1.05750,1.05553,-51.45857,-1858.00000
3.40423,3.40784,3.40225,3.40127,3.40784,2.22379,2.22248,2.22642,2.22577,2.22544,1.05520,1.05717,1.05586,1.05652,1.05816,-51.12375,-1857.00000
3.40127,3.40587,3.40357,3.40949,3.39995,2.22708,2.22873,2.22478,2.22346,2.22675,1.05454,1.05586,1.05619,1.05717,1.05487,-51.12375,-1856.00000
3.39962,3.40620,3.40390,3.40587,3.40357,2.22346,2.22280,2.22445,2.22346,2.22017,1.05783,1.05685,1.05619,1.05487,1.05487,-50.73452,-1855.00000
3.40258,3.40390,3.40784,3.40390,3.40258,2.22379,2.22807,2.22478,2.22511,2.22609,1.05685,1.06046,1.05553,1.05816,1.05389,-50.73452,-1854.00000
3.40521,3.41278,3.40850,3.40554,3.40521,2.22511,2.22182,2.22280,2.22149,2.22675,1.05619,1.05619,1.05553,1.05685,1.05619,-50.11045,-1853.00000
3.40390,3.40061,3.40752,3.41311,3.39863,2.22577,2.22346,2.23037,2.22807,2.22215,1.05356,1.05553,1.05290,1.05652,1.05619,-50.11045,-1852.00000
3.40324,3.40192,3.40357,3.40784,3.40817,2.23234,2.22741,2.22379,2.22182,2.22873,1.05257,1.05915,1.05586,1.06145,1.05454,-49.88971,-1851.00000
3.40488,3.40159,3.40686,3.39962,3.40390,2.22478,2.23201,2.23004,2.22445,2.22412,1.05389,1.05717,1.05619,1.05685,1.05158,-49.88971,-1850.00000
3.40620,3.40752,3.40488,3.40916,3.40192,2.22609,2.22248,2.22938,2.22642,2.22741,1.05685,1.05816,1.05816,1.05520,1.05652,-48.11007,-1849.00000
3.40455,3.40357,3.40850,3.40061,3.41771,2.22379,2.22379,2.22116,2.22445,2.22609,1.05652,1.05882,1.05652,1.05750,1.05553,-48.11007,-1848.00000
3.40291,3.40752,3.40423,3.39896,3.40949,2.22544,2.23169,2.22379,2.22741,2.22840,1.05487,1.05750,1.05356,1.05783,1.05685,-45.40671,-1847.00000
3.40752,3.40686,3.41015,3.40620,3.40554,2.22412,2.22807,2.22511,2.22577,2.22182,1.06013,1.05816,1.05487,1.05685,1.05849,-45.40671,-1846.00000
3.40850,3.40752,3.40291,3.40488,3.40620,2.22741,2.22609,2.22313,2.22379,2.22346,1.05487,1.05520,1.05257,1.05717,1.05717,-46.22980,-1845.00000
3.40521,3.39699,3.40784,3.40258,3.40817,2.22248,2.22478,2.22182,2.22313,2.22609,1.05816,1.05948,1.05849,1.05882,1.05915,-46.22980,-1844.00000
3.40521,3.40620,3.40587,3.40455,3.40094,2.22741,2.23070,2.22511,2.22445,2.22544,1.05586,1.05520,1.05454,1.05981,1.05750,-47.32215,-1843.00000
3.40620,3.41048,3.39995,3.40488,3.40488,2.22642,2.22215,2.22609,2.22840,2.22774,1.05421,1.05619,1.05421,1.05915,1.05553,-47.32215,-1842.00000
3.40620,3.40455,3.40620,3.40620,3.40225,2.22873,2.22609,2.22313,2.22379,2.22971,1.05652,1.06046,1.05816,1.05685,1.05783,-48.52075,-1841.00000
3.40291,3.40455,3.40686,3.40587,3.40686,2.22379,2.22938,2.22544,2.22511,2.22215,1.05586,1.05750,1.05685,1.05356,1.05652,-48.52075,-1840.00000
3.40653,3.40357,3.40719,3.40488,3.40521,2.22215,2.22905,2.22478,2.22511,2.22807,1.05619,1.05750,1.05652,1.05619,1.05783,-49.26286,-1839.00000
3.40390,3.40455,3.40752,3.40916,3.41179,2.22478,2.22544,2.22248,2.22445,2.21787,1.05750,1.05520,1.05619,1.05619,1.05421,-49.26286,-1838.00000
3.40192,3.40488,3.40587,3.40488,3.40587,2.22873,2.21919,2.22478,2.22412,2.22445,1.05685,1.05750,1.05849,1.05717,1.05454,-50.05219,-1837.00000
3.41015,3.40784,3.40686,3.40850,3.40455,2.22412,2.22346,2.22741,2.22807,2.22741,1.05981,1.05652,1.05356,1.05849,1.05619,-50.05219,-1836.00000
3.40554,3.40620,3.40455,3.40719,3.40061,2.22675,2.22741,2.22708,2.23103,2.22840,1.05520,1.05619,1.05553,1.05750,1.05323,-50.51006,-1835.00000
3.39995,3.40719,3.40455,3.41442,3.40784,2.22807,2.22774,2.22577,2.22609,2.22412,1.05619,1.05586,1.05717,1.05487,1.05421,-50.51006,-1834.00000
3.40850,3.40686,3.40225,3.40752,3.41048,2.22708,2.22675,2.22708,2.22675,2.22609,1.05750,1.05356,1.05849,1.05685,1.05882,-50.77786,-1833.00000
3.40850,3.40587,3.40916,3.40390,3.40653,2.22280,2.22544,2.22741,2.22642,2.22708,1.05290,1.05454,1.05257,1.05356,1.05323,-50.77786,-1832.00000
3.40455,3.40390,3.40258,3.40916,3.40455,2.22478,2.22938,2.22642,2.22741,2.23070,1.05619,1.05652,1.05619,1.05421,1.05454,-51.55048,-1831.00000
3.40587,3.40554,3.40192,3.40620,3.40916,2.22280,2.22741,2.22445,2.22642,2.23136,1.05454,1.05553,1.05783,1.05356,1.05421,-51.65377,-1830.00000
3.40686,3.41048,3.40488,3.40719,3.40719,2.22182,2.22708,2.22313,2.22215,2.22905,1.05652,1.05290,1.05257,1.05750,1.05421,-51.65377,-1829.00000
3.40521,3.40455,3.40521,3.40587,3.40686,2.22873,2.22873,2.22313,2.22248,2.22873,1.05652,1.05487,1.05652,1.05389,1.05685,-51.65377,-1828.00000
3.40653,3.40554,3.40390,3.40653,3.40258,2.23366,2.22708,2.22807,2.22675,2.22280,1.05619,1.05356,1.05619,1.05520,1.05290,-51.61032,-1827.00000
3.41080,3.40192,3.40291,3.40357,3.40291,2.22478,2.22807,2.22182,2.22313,2.22544,1.05487,1.05356,1.05882,1.05816,1.05685,-51.61032,-1826.00000
3.40554,3.40423,3.40784,3.40620,3.40291,2.22215,2.22577,2.22971,2.22840,2.22280,1.05520,1.05553,1.05356,1.05356,1.05257,-51.63345,-1825.00000
3.40587,3.40817,3.40883,3.40258,3.39962,2.22708,2.22478,2.23169,2.22708,2.22609,1.05487,1.05389,1.05553,1.05421,1.05652,-51.63345,-1824.00000
3.41048,3.40752,3.39995,3.40752,3.40488,2.22642,2.22577,2.22478,2.22511,2.22445,1.05158,1.05717,1.05356,1.05586,1.05520,-51.64886,-1823.00000
3.41080,3.40521,3.40488,3.40817,3.40028,2.22544,2.23037,2.21919,2.22544,2.22642,1.05619,1.05717,1.05520,1.05323,1.05323,-51.64886,-1822.00000
3.40554,3.40324,3.40225,3.40291,3.40587,2.21984,2.22248,2.21590,2.22511,2.22182,1.05060,1.05454,1.06013,1.05750,1.05191,-51.61519,-1821.00000
3.40258,3.40028,3.41080,3.39929,3.40455,2.22511,2.22478,2.22642,2.22774,2.22675,1.05717,1.05717,1.05882,1.05421,1.05783,-51.61519,-1820.00000
3.40192,3.40653,3.40159,3.40916,3.40587,2.22642,2.22971,2.22609,2.22577,2.22675,1.05421,1.05257,1.05553,1.05191,1.05717,-51.09958,-1819.00000
3.39765,3.40061,3.39962,3.40719,3.40225,2.22544,2.22116,2.22642,2.22577,2.22280,1.05520,1.04994,1.05454,1.05454,1.05586,-51.09958,-1818.00000
3.40324,3.40094,3.40488,3.40423,3.40850,2.22577,2.22313,2.22445,2.22280,2.22280,1.05520,1.05421,1.05257,1.05158,1.05685,-50.92511,-1817.00000
3.40159,3.40357,3.40488,3.39962,3.40916,2.22478,2.22577,2.22774,2.22412,2.22577,1.05553,1.05224,1.05586,1.05882,1.05981,-50.92511,-1816.00000
3.40159,3.40225,3.39995,3.40390,3.40850,2.22248,2.22215,2.22412,2.21820,2.22675,1.05191,1.05816,1.05520,1.05487,1.05717,-51.21407,-1815.00000
3.40061,3.39765,3.40357,3.40521,3.39567,2.22511,2.22248,2.22412,2.22840,2.22840,1.05027,1.05454,1.05389,1.05553,1.05816,-51.21407,-1814.00000
3.39469,3.40324,3.40159,3.40357,3.40028,2.22544,2.22149,2.22346,2.22708,2.22840,1.05454,1.05158,1.05158,1.05356,1.05553,-50.97214,-1813.00000
3.40258,3.40192,3.39863,3.40324,3.40455,2.22511,2.22708,2.22346,2.22478,2.22149,1.05685,1.05750,1.05421,1.05454,1.05652,-50.97214,-1812.00000
3.40554,3.40916,3.40357,3.40390,3.40291,2.22577,2.22445,2.22379,2.22478,2.22511,1.05454,1.05586,1.05586,1.05915,1.05290,-51.16242,-1811.00000
3.40094,3.40192,3.40686,3.40357,3.40455,2.22478,2.22379,2.22609,2.22445,2.22412,1.05454,1.05290,1.05421,1.05356,1.05619,-51.25672,-1810.00000
3.40192,3.40390,3.40455,3.40620,3.40324,2.22577,2.22840,2.22116,2.22346,2.22675,1.05783,1.05421,1.05619,1.05257,1.05520,-51.25672,-1809.00000
3.40127,3.40587,3.39535,3.40324,3.40225,2.23070,2.22873,2.22905,2.22807,2.22708,1.05356,1.05356,1.05685,1.05454,1.05389,-51.25672,-1808.00000
3.40094,3.40521,3.40719,3.40324,3.40423,2.22511,2.22379,2.22938,2.22412,2.23070,1.05257,1.05685,1.05915,1.05717,1.05553,-50.95337,-1807.00000
3.40784,3.40883,3.40127,3.40094,3.40455,2.22577,2.23103,2.22313,2.22478,2.22412,1.05454,1.05520,1.05717,1.05586,1.05783,-50.95337,-1806.00000
3.40620,3.40455,3.40521,3.40390,3.40324,2.22346,2.22642,2.22807,2.22182,2.23333,1.05421,1.05520,1.05290,1.05586,1.05520,-50.77393,-1805.00000
3.40620,3.41146,3.40850,3.40423,3.40850,2.22938,2.22938,2.22774,2.22511,2.22215,1.05816,1.05915,1.05553,1.05685,1.05619,-50.77393,-1804.00000
3.40028,3.40916,3.40784,3.40521,3.41212,2.22577,2.22445,2.22642,2.22642,2.22544,1.05750,1.05389,1.05816,1.05816,1.05356,-50.74707,-1803.00000
3.40850,3.40554,3.40949,3.40817,3.40686,2.22609,2.22478,2.22840,2.22609,2.22708,1.05224,1.05389,1.05257,1.05586,1.05619,-50.74707,-1802.00000
3.40752,3.40686,3.40949,3.40719,3.40752,2.22873,2.22807,2.22609,2.22313,2.22642,1.05520,1.05586,1.05421,1.05652,1.05652,-50.23112,-1801.00000
3.41113,3.40883,3.40686,3.41080,3.41409,2.22609,2.22642,2.22642,2.23004,2.23037,1.05619,1.05487,1.05619,1.05619,1.05915,-50.23112,-1800.00000
3.41179,3.41245,3.40521,3.41409,3.41212,2.22741,2.22807,2.22642,2.23366,2.22938,1.05717,1.05553,1.05652,1.05685,1.05652,-50.36079,-1799.00000
3.41146,3.40850,3.41508,3.40883,3.41179,2.22938,2.22905,2.22971,2.23136,2.22938,1.05520,1.05882,1.05421,1.05652,1.05290,-50.36079,-1798.00000
3.41376,3.41212,3.40752,3.41179,3.41048,2.23037,2.22675,2.22478,2.22642,2.22840,1.05652,1.05553,1.06046,1.05520,1.05849,-49.24769,-1797.00000
3.41640,3.40817,3.41245,3.41245,3.40390,2.22971,2.23136,2.22807,2.23136,2.22905,1.05750,1.05783,1.05685,1.05389,1.05717,-49.24769,-1796.00000
3.41344,3.41574,3.40653,3.41311,3.40850,2.23366,2.23300,2.22971,2.22938,2.22774,1.05816,1.05257,1.05915,1.05816,1.05882,-47.13680,-1795.00000
3.41048,3.41870,3.41376,3.41409,3.41311,2.23103,2.23004,2.23004,2.22642,2.23037,1.05816,1.05685,1.05586,1.05520,1.05356,-47.13680,-1794.00000
3.41278,3.41113,3.41146,3.41080,3.41442,2.23530,2.23169,2.23530,2.23234,2.22774,1.05421,1.05224,1.05652,1.05389,1.05750,-45.51796,-1793.00000
3.41804,3.41278,3.41212,3.41245,3.40883,2.22971,2.23497,2.23037,2.23169,2.22938,1.05586,1.05685,1.05685,1.05553,1.05849,-45.51796,-1792.00000
3.41574,3.42034,3.41080,3.41771,3.41245,2.23234,2.22873,2.23169,2.22971,2.22971,1.05520,1.05750,1.05553,1.05520,1.05783,-46.06959,-1791.00000
3.40653,3.41409,3.41409,3.41738,3.41113,2.22905,2.22774,2.22840,2.23300,2.22905,1.05520,1.05586,1.05717,1.05816,1.05816,-46.06959,-1790.00000
3.40817,3.41475,3.40817,3.41146,3.41311,2.22905,2.22577,2.23037,2.22938,2.22577,1.05619,1.05290,1.05421,1.05652,1.05454,-47.24789,-1789.00000
3.41179,3.41409,3.41179,3.41672,3.40817,2.23366,2.22840,2.22938,2.23530,2.22807,1.06112,1.06046,1.05487,1.05553,1.05783,-47.24789,-1788.00000
3.40850,3.40752,3.40850,3.41080,3.40916,2.22708,2.22675,2.23070,2.23399,2.22412,1.05520,1.05652,1.06013,1.05619,1.05882,-48.00738,-1787.00000
3.40521,3.40653,3.41015,3.41344,3.41442,2.22675,2.22807,2.23267,2.22544,2.23169,1.05224,1.05389,1.05849,1.05685,1.05685,-48.00738,-1786.00000
3.41508,3.41212,3.41245,3.41113,3.40686,2.22445,2.23366,2.22577,2.23004,2.22642,1.05685,1.05685,1.05586,1.05750,1.05224,-48.35258,-1785.00000
3.41179,3.40982,3.41146,3.41409,3.41344,2.22905,2.22774,2.23366,2.23070,2.22577,1.05553,1.05981,1.05487,1.05685,1.05487,-48.35258,-1784.00000
3.40061,3.41179,3.41080,3.40719,3.40784,2.23070,2.22741,2.22840,2.22807,2.22971,1.05487,1.05520,1.05750,1.05389,1.05783,-48.78779,-1783.00000
3.40850,3.40488,3.41015,3.40488,3.41146,2.23103,2.22807,2.22642,2.23004,2.22708,1.05717,1.05816,1.05323,1.05520,1.05685,-48.78779,-1782.00000
3.40620,3.40455,3.40324,3.40850,3.40784,2.22807,2.22840,2.22807,2.22412,2.22708,1.05487,1.05619,1.05685,1.05389,1.05652,-49.34322,-1781.00000
3.40817,3.40587,3.41278,3.40686,3.40686,2.22905,2.22675,2.22905,2.23201,2.22412,1.05783,1.05619,1.05553,1.05685,1.05619,-49.34322,-1780.00000
3.41508,3.41015,3.41146,3.40752,3.40719,2.23333,2.22544,2.22873,2.22544,2.22971,1.05915,1.05586,1.05586,1.05717,1.05948,-50.14646,-1779.00000
3.41278,3.41640,3.41311,3.40554,3.40982,2.23169,2.23037,2.22412,2.23070,2.22807,1.05520,1.06079,1.05717,1.05389,1.05915,-50.14646,-1778.00000
3.40817,3.41278,3.41245,3.40423,3.40817,2.22642,2.22182,2.22905,2.23070,2.23300,1.05717,1.05816,1.05882,1.05586,1.05783,-50.63963,-1777.00000
3.41179,3.41376,3.40686,3.40488,3.41048,2.22741,2.23201,2.22741,2.22971,2.22807,1.06046,1.05290,1.05356,1.05421,1.05454,-50.63963,-1776.00000
3.40587,3.41442,3.41212,3.40784,3.41278,2.22807,2.22971,2.22642,2.23103,2.23136,1.05652,1.05816,1.05750,1.05520,1.05750,-50.71613,-1775.00000
3.40423,3.40850,3.40850,3.41278,3.41245,2.22774,2.22905,2.22708,2.22873,2.22577,1.05323,1.05323,1.05750,1.05685,1.05619,-50.71613,-1774.00000
3.40949,3.40784,3.40817,3.40752,3.41113,2.23070,2.22478,2.22478,2.22478,2.22840,1.05652,1.05882,1.05783,1.05717,1.05619,-50.74761,-1773.00000
3.40423,3.41475,3.40653,3.40784,3.41212,2.22971,2.22938,2.23070,2.22873,2.22741,1.05389,1.05816,1.05619,1.05750,1.05783,-50.74761,-1772.00000
3.40554,3.40982,3.40916,3.40521,3.41048,2.22807,2.23497,2.22840,2.22971,2.22938,1.05685,1.05356,1.05685,1.05619,1.05981,-50.46911,-1771.00000
3.41311,3.41179,3.41080,3.41245,3.41113,2.22807,2.22938,2.22774,2.23070,2.22905,1.05652,1.05783,1.05356,1.05586,1.05685,-50.46911,-1770.00000
3.40653,3.40982,3.41245,3.40949,3.40982,2.22609,2.22741,2.22478,2.22971,2.22971,1.05421,1.05520,1.05520,1.05487,1.06178,-50.85310,-1769.00000
3.40883,3.41179,3.40949,3.41048,3.41475,2.22478,2.22971,2.22971,2.22971,2.22971,1.05882,1.05685,1.05487,1.05454,1.05750,-50.85310,-1768.00000
3.40653,3.41245,3.40949,3.41212,3.40784,2.22478,2.22840,2.22642,2.22445,2.22280,1.05717,1.05783,1.05619,1.05717,1.05685,-51.03260,-1767.00000
3.40423,3.40686,3.40587,3.40949,3.41245,2.22840,2.22971,2.22478,2.22609,2.22511,1.05652,1.05750,1.05553,1.05981,1.04994,-51.03260,-1766.00000
3.40982,3.40390,3.41376,3.40686,3.40686,2.22215,2.22840,2.22478,2.22511,2.22642,1.05158,1.05553,1.05750,1.05356,1.05487,-51.52011,-1765.00000
3.40916,3.40949,3.40521,3.41080,3.40850,2.22478,2.22971,2.22544,2.22313,2.22248,1.05323,1.05717,1.05421,1.05421,1.05619,-51.71978,-1764.00000
3.40488,3.40719,3.40192,3.40784,3.41146,2.22478,2.22708,2.22971,2.22675,2.22873,1.05619,1.05553,1.05619,1.05060,1.05356,-51.71978,-1763.00000
3.41146,3.40949,3.39896,3.40817,3.40653,2.22544,2.22412,2.22346,2.22478,2.22675,1.05257,1.05586,1.05421,1.05553,1.05553,-51.71978,-1762.00000
3.39896,3.41015,3.40291,3.40225,3.40291,2.22478,2.22873,2.22708,2.22873,2.22741,1.05224,1.05356,1.05389,1.05553,1.05487,-51.36462,-1761.00000
3.40291,3.40324,3.40620,3.39929,3.40719,2.22873,2.22609,2.22478,2.22445,2.22577,1.05257,1.05520,1.05882,1.05421,1.05290,-51.36462,-1760.00000
3.40094,3.39798,3.40883,3.40225,3.40390,2.22215,2.22807,2.22807,2.22577,2.22215,1.05652,1.05487,1.05356,1.05421,1.05125,-52.10441,-1759.00000
3.40620,3.40061,3.39798,3.40752,3.40291,2.22905,2.22248,2.22511,2.22445,2.22511,1.05487,1.05586,1.05619,1.05619,1.05750,-52.10441,-1758.00000
3.40258,3.40423,3.40423,3.39962,3.40587,2.22577,2.22313,2.22346,2.22544,2.22182,1.05323,1.04928,1.05389,1.05487,1.05454,-52.13862,-1757.00000
3.39995,3.40488,3.40258,3.40159,3.40521,2.22313,2.22379,2.22215,2.22675,2.22412,1.05356,1.05191,1.05356,1.05323,1.05487,-52.13862,-1756.00000
3.40324,3.40291,3.40653,3.40390,3.40357,2.22248,2.22478,2.22609,2.22050,2.22280,1.05487,1.05257,1.05454,1.05389,1.05586,-51.99703,-1755.00000
3.40324,3.40258,3.40127,3.40653,3.39765,2.22313,2.22577,2.22511,2.22280,2.22182,1.05389,1.05553,1.05158,1.05454,1.05454,-51.99703,-1754.00000
3.40225,3.40587,3.40061,3.40357,3.40127,2.22215,2.22412,2.22577,2.22313,2.22445,1.05356,1.05290,1.05619,1.05125,1.05257,-51.81150,-1753.00000
3.40455,3.40455,3.40587,3.40587,3.40949,2.22280,2.22577,2.22083,2.22938,2.22478,1.05520,1.05487,1.05553,1.05060,1.05356,-51.26951,-1752.00000
3.40488,3.40817,3.40784,3.40357,3.41245,2.22379,2.22774,2.22478,2.22741,2.22478,1.05619,1.05750,1.05652,1.06013,1.05586,-51.26951,-1751.00000
3.41278,3.40883,3.41015,3.40324,3.41113,2.23267,2.22675,2.22675,2.22511,2.22840,1.05487,1.05619,1.05520,1.05421,1.05454,-51.26951,-1750.00000
3.41409,3.41245,3.40488,3.41311,3.40850,2.22873,2.23070,2.22215,2.23333,2.22544,1.05356,1.05586,1.05586,1.05454,1.05454,-51.41763,-1749.00000
3.40883,3.40916,3.41080,3.41080,3.41541,2.23136,2.22511,2.22774,2.23300,2.22807,1.05553,1.05520,1.05356,1.05454,1.05290,-51.41763,-1748.00000
3.41376,3.41179,3.41212,3.40752,3.41245,2.23333,2.22807,2.23169,2.22905,2.22774,1.05750,1.05816,1.05290,1.05553,1.05750,-51.41872,-1747.00000
3.41607,3.41278,3.41771,3.41344,3.41376,2.22905,2.22741,2.23037,2.23234,2.23432,1.05816,1.05849,1.06211,1.05685,1.05619,-51.41872,-1746.00000
3.41475,3.41771,3.41409,3.40949,3.41607,2.23201,2.22905,2.23103,2.22905,2.22807,1.05356,1.05586,1.05323,1.05882,1.05586,-51.40154,-1745.00000
3.41376,3.42166,3.41048,3.41607,3.41607,2.23004,2.23037,2.23004,2.22873,2.23563,1.05685,1.05685,1.05948,1.06046,1.05520,-51.40154,-1744.00000
3.41278,3.40521,3.41278,3.40982,3.41968,2.22807,2.23169,2.22708,2.22971,2.23300,1.05882,1.05356,1.06013,1.05652,1.05586,-51.68143,-1743.00000
3.41146,3.41311,3.41212,3.40784,3.41113,2.22577,2.22774,2.22774,2.22971,2.22840,1.05652,1.05652,1.05586,1.05783,1.05224,-51.68143,-1742.00000
3.41311,3.40653,3.40982,3.41508,3.41113,2.23169,2.22642,2.22017,2.22708,2.22774,1.05652,1.05389,1.05224,1.05520,1.05981,-51.77688,-1741.00000
3.40587,3.41179,3.41212,3.41146,3.41640,2.22642,2.22741,2.23201,2.22412,2.23234,1.05717,1.05652,1.05487,1.05882,1.05158,-51.52964,-1740.00000
3.41080,3.41113,3.41574,3.41113,3.41179,2.22905,2.23234,2.22938,2.23234,2.23037,1.05586,1.05290,1.05454,1.05685,1.05454,-51.52964,-1739.00000
3.40455,3.41409,3.41311,3.41048,3.40949,2.22840,2.22642,2.22938,2.22971,2.22840,1.05619,1.05915,1.05652,1.05520,1.05750,-51.52964,-1738.00000
3.40949,3.40916,3.41376,3.40982,3.40455,2.22544,2.23070,2.22741,2.22642,2.22971,1.05356,1.05323,1.05421,1.05586,1.05717,-51.92633,-1737.00000
3.41146,3.41475,3.41705,3.41179,3.41048,2.23004,2.23070,2.22938,2.22609,2.23037,1.05717,1.05520,1.05652,1.05619,1.05717,-51.92633,-1736.00000
3.40883,3.40916,3.41607,3.40817,3.40949,2.23399,2.22840,2.22346,2.22346,2.22938,1.05586,1.05882,1.05652,1.05158,1.05553,-52.10779,-1735.00000
3.41113,3.41376,3.41344,3.41442,3.40916,2.22938,2.22642,2.22741,2.22807,2.22971,1.05750,1.05652,1.05685,1.05356,1.05520,-52.10779,-1734.00000
3.40752,3.41146,3.40554,3.41245,3.41344,2.22577,2.22840,2.22971,2.22741,2.22938,1.05553,1.05487,1.05290,1.05816,1.05882,-51.79745,-1733.00000
3.40949,3.40916,3.41508,3.40423,3.41080,2.22280,2.22675,2.22807,2.22938,2.22971,1.05685,1.06079,1.05783,1.05685,1.05750,-51.79745,-1732.00000
3.40817,3.41245,3.40752,3.40752,3.41179,2.23004,2.22511,2.22905,2.22938,2.22840,1.05816,1.05750,1.05652,1.05685,1.05685,-51.45871,-1731.00000
3.41048,3.41607,3.41113,3.41212,3.40850,2.22971,2.23103,2.22971,2.23103,2.23103,1.05685,1.05948,1.05191,1.05389,1.05685,-51.45871,-1730.00000
3.41179,3.40949,3.41080,3.40719,3.41344,2.22313,2.22675,2.23169,2.22905,2.22478,1.05454,1.05652,1.05389,1.05849,1.05652,-51.24591,-1729.00000
3.41015,3.40784,3.41113,3.40850,3.40850,2.23037,2.22938,2.22741,2.22445,2.22642,1.05685,1.05323,1.05816,1.05717,1.05652,-51.24591,-1728.00000
3.40817,3.40949,3.41113,3.40916,3.41015,2.22675,2.22675,2.22609,2.22116,2.22905,1.05619,1.05586,1.05750,1.05717,1.05685,-51.40678,-1727.00000
3.40719,3.41113,3.41311,3.41409,3.41080,2.22873,2.22708,2.22807,2.22741,2.23037,1.05816,1.05652,1.05717,1.05421,1.05323,-51.66377,-1726.00000
3.40686,3.41376,3.40752,3.40982,3.40817,2.22971,2.23070,2.22511,2.22478,2.22741,1.05750,1.05421,1.05323,1.05750,1.05356,-51.66377,-1725.00000
3.41344,3.41113,3.41113,3.41146,3.40883,2.22675,2.22642,2.23136,2.22807,2.22280,1.05750,1.05619,1.05750,1.06046,1.05619,-51.66377,-1724.00000
3.40817,3.40883,3.40752,3.40817,3.40587,2.22741,2.22478,2.23004,2.22577,2.23070,1.05421,1.05816,1.05520,1.05487,1.05553,-51.95716,-1723.00000
3.40587,3.41015,3.40850,3.40719,3.40521,2.22708,2.22675,2.23037,2.22873,2.22840,1.05586,1.05717,1.05553,1.05685,1.05586,-51.95716,-1722.00000
3.41048,3.40587,3.41080,3.40686,3.40357,2.22840,2.22642,2.22873,2.22807,2.22609,1.05948,1.05685,1.05750,1.05520,1.05717,-52.03068,-1721.00000
3.40423,3.40850,3.41048,3.40357,3.40982,2.22708,2.22905,2.22083,2.22774,2.22642,1.05685,1.05520,1.05586,1.05619,1.06079,-52.03068,-1720.00000
3.40587,3.40817,3.40916,3.40686,3.40653,2.22873,2.22708,2.22083,2.22544,2.22971,1.05487,1.05717,1.05356,1.05191,1.05652,-52.18387,-1719.00000
3.41179,3.40916,3.41508,3.40883,3.40949,2.22807,2.22741,2.22873,2.22807,2.22346,1.05619,1.05520,1.05882,1.05685,1.05520,-52.18387,-1718.00000
3.41607,3.41113,3.40850,3.40752,3.41048,2.22971,2.22774,2.22511,2.22971,2.22511,1.05421,1.05586,1.05882,1.05487,1.05652,-52.37876,-1717.00000
3.41146,3.40686,3.41080,3.40982,3.41442,2.22675,2.22774,2.23300,2.22642,2.22708,1.05224,1.05257,1.05553,1.06112,1.05487,-52.37876,-1716.00000
3.40916,3.40488,3.41080,3.41179,3.40324,2.23070,2.22938,2.23234,2.23136,2.22971,1.05487,1.05882,1.05553,1.05421,1.05849,-52.75772,-1715.00000
3.41245,3.40916,3.41409,3.41048,3.41409,2.22971,2.22840,2.23037,2.22840,2.22873,1.05619,1.05685,1.05750,1.05586,1.05948,-52.75772,-1714.00000
3.40784,3.40324,3.40817,3.40817,3.41048,2.23004,2.23004,2.22675,2.22708,2.22741,1.05685,1.05882,1.05454,1.05421,1.05553,-52.43093,-1713.00000
3.41376,3.41048,3.41048,3.40817,3.40587,2.22379,2.22873,2.23201,2.22642,2.23432,1.05323,1.05619,1.05553,1.05421,1.05717,-52.43093,-1712.00000
3.40620,3.41903,3.41640,3.41376,3.41442,2.23169,2.23004,2.23037,2.23267,2.23267,1.05783,1.05652,1.05717,1.05717,1.05981,-52.80551,-1711.00000
3.40817,3.41212,3.41080,3.41212,3.40949,2.22938,2.23037,2.23070,2.22642,2.23136,1.05783,1.05454,1.05717,1.05586,1.05816,-52.80551,-1710.00000
3.41278,3.40982,3.41113,3.41245,3.40587,2.22971,2.23103,2.23300,2.22675,2.22774,1.05586,1.05750,1.05816,1.05948,1.05586,-52.27887,-1709.00000
3.40554,3.41048,3.41311,3.40982,3.41113,2.23333,2.22741,2.22577,2.23070,2.22675,1.05882,1.05421,1.05421,1.05421,1.05389,-52.27887,-1708.00000
3.41179,3.41541,3.41278,3.41771,3.41015,2.22905,2.22478,2.23333,2.23004,2.23333,1.05454,1.05553,1.05290,1.06013,1.05487,-52.40629,-1707.00000
3.42001,3.41311,3.40784,3.41179,3.41048,2.23136,2.22511,2.23070,2.23366,2.22840,1.05685,1.05553,1.05586,1.05487,1.05619,-52.40629,-1706.00000
3.41015,3.40686,3.41475,3.41048,3.41344,2.23103,2.22774,2.23169,2.22873,2.23103,1.05652,1.05389,1.05882,1.05652,1.05520,-52.36266,-1705.00000
3.41311,3.41080,3.41113,3.41015,3.41080,2.23267,2.22873,2.22938,2.22675,2.23629,1.05421,1.05290,1.05586,1.05652,1.05849,-52.36266,-1704.00000
3.41640,3.40982,3.40784,3.41113,3.40620,2.23103,2.22938,2.23169,2.22938,2.22840,1.05454,1.05487,1.05849,1.05487,1.05323,-51.99665,-1703.00000
3.41146,3.41146,3.41212,3.40521,3.41278,2.22083,2.23201,2.22511,2.22708,2.22905,1.05356,1.05586,1.05356,1.05553,1.05487,-51.99665,-1702.00000
3.41048,3.41409,3.41048,3.40752,3.40982,2.23004,2.22905,2.23234,2.22609,2.22708,1.05389,1.05520,1.05619,1.05158,1.05849,-52.15304,-1701.00000
3.40916,3.41146,3.40752,3.40784,3.41607,2.22577,2.23070,2.23070,2.22675,2.22774,1.05619,1.05685,1.05487,1.05421,1.05487,-52.15304,-1700.00000
3.41048,3.41376,3.41179,3.41311,3.41212,2.22774,2.23201,2.22840,2.23037,2.22971,1.05816,1.06013,1.05717,1.05454,1.05520,-52.20034,-1699.00000
3.40982,3.41409,3.40554,3.41870,3.40455,2.22478,2.23333,2.22971,2.22905,2.22741,1.05652,1.05586,1.05652,1.05257,1.05356,-52.20034,-1698.00000
3.40883,3.41640,3.40982,3.41048,3.40587,2.23037,2.23136,2.23136,2.23333,2.22774,1.05421,1.05356,1.05356,1.05323,1.05685,-52.33115,-1697.00000
3.40982,3.40620,3.41113,3.40916,3.41212,2.22807,2.22807,2.22478,2.22840,2.22873,1.05553,1.05257,1.05389,1.05586,1.05586,-52.33115,-1696.00000
3.41146,3.41179,3.41311,3.40982,3.41475,2.22577,2.22971,2.22445,2.23103,2.22445,1.05093,1.05685,1.06013,1.05356,1.05389,-52.00006,-1695.00000
3.40653,3.41212,3.40784,3.41311,3.41541,2.22708,2.22379,2.22938,2.22609,2.22379,1.05553,1.05487,1.05520,1.05454,1.05652,-52.00006,-1694.00000
3.41311,3.41113,3.41080,3.40949,3.40982,2.22544,2.23234,2.22675,2.22840,2.22675,1.05586,1.05619,1.05389,1.05389,1.05487,-52.28878,-1693.00000
3.41442,3.41475,3.41442,3.41146,3.41080,2.22807,2.22675,2.22478,2.22445,2.23103,1.05553,1.05454,1.05487,1.05619,1.05685,-52.11179,-1692.00000
3.40719,3.41311,3.41113,3.40982,3.40587,2.22675,2.23037,2.22741,2.22478,2.23136,1.05290,1.05487,1.05356,1.05454,1.05652,-52.11179,-1691.00000
3.41212,3.40521,3.40883,3.40686,3.41048,2.22873,2.22544,2.22577,2.23037,2.23136,1.05454,1.05389,1.04961,1.05717,1.05323,-52.11179,-1690.00000
3.41146,3.41015,3.41080,3.40719,3.41936,2.22478,2.23169,2.22774,2.23070,2.22905,1.05652,1.05717,1.05487,1.05356,1.05290,-51.87335,-1689.00000
3.41376,3.41179,3.40719,3.40752,3.41015,2.22971,2.22708,2.22741,2.23201,2.22840,1.05586,1.05487,1.05619,1.05685,1.05389,-51.87335,-1688.00000
3.40719,3.41179,3.40357,3.41212,3.40620,2.22445,2.22642,2.23300,2.22971,2.23169,1.05717,1.05717,1.05356,1.05586,1.05421,-51.53536,-1687.00000
3.40587,3.41146,3.40587,3.40817,3.40850,2.22708,2.22577,2.23103,2.22412,2.22807,1.05783,1.05717,1.05520,1.05783,1.05750,-51.53536,-1686.00000
3.40752,3.40719,3.41344,3.40982,3.41541,2.22873,2.22577,2.22577,2.22379,2.22675,1.05619,1.05619,1.05389,1.05717,1.05257,-52.32240,-1685.00000
3.40390,3.41278,3.40949,3.41508,3.41344,2.23037,2.23399,2.23169,2.22938,2.22873,1.05191,1.05323,1.05520,1.05685,1.05421,-52.32240,-1684.00000
3.41442,3.40653,3.40390,3.40653,3.40817,2.22577,2.22971,2.22971,2.22313,2.23103,1.05356,1.05783,1.05652,1.05553,1.05652,-52.58668,-1683.00000
3.41278,3.41245,3.40982,3.40784,3.40982,2.22511,2.23432,2.22544,2.22478,2.23004,1.05125,1.05290,1.05356,1.05356,1.05586,-52.58668,-1682.00000
3.41245,3.41048,3.41080,3.41146,3.41179,2.22873,2.22971,2.22840,2.22807,2.23169,1.05421,1.05619,1.05619,1.05356,1.05487,-52.35922,-1681.00000
3.40949,3.40488,3.40850,3.41574,3.41048,2.23070,2.22544,2.22544,2.22609,2.23300,1.05816,1.05356,1.05750,1.05257,1.05158,-52.35922,-1680.00000
3.41475,3.41311,3.40455,3.40949,3.41278,2.22938,2.22873,2.22511,2.23629,2.23201,1.05783,1.05652,1.05717,1.05356,1.05520,-52.13434,-1679.00000
3.41212,3.41179,3.41212,3.41376,3.40653,2.22873,2.22807,2.23432,2.23103,2.22905,1.05454,1.05356,1.05323,1.05586,1.05981,-52.13434,-1678.00000
3.40883,3.40949,3.41344,3.41508,3.41311,2.22741,2.22675,2.22840,2.22873,2.22675,1.05619,1.05454,1.05783,1.05389,1.05125,-51.83630,-1677.00000
3.41968,3.41607,3.41212,3.41048,3.40883,2.22840,2.23563,2.22807,2.22478,2.22445,1.05257,1.05290,1.05454,1.05685,1.05685,-51.83630,-1676.00000
3.41245,3.41212,3.41311,3.40784,3.41278,2.22741,2.22938,2.22873,2.23037,2.23004,1.05717,1.05586,1.05487,1.04994,1.05421,-51.50089,-1675.00000
3.41212,3.41245,3.41179,3.40784,3.41344,2.22708,2.23169,2.23201,2.23103,2.23004,1.05849,1.05717,1.05191,1.05158,1.05685,-51.50089,-1674.00000
3.41574,3.41574,3.41179,3.41113,3.41475,2.23103,2.22609,2.22577,2.23596,2.23136,1.05882,1.05553,1.05389,1.05487,1.05257,-51.10476,-1673.00000
3.41113,3.41048,3.41278,3.41212,3.40949,2.22478,2.22971,2.22971,2.22971,2.23169,1.05520,1.05487,1.05717,1.05454,1.05421,-51.10476,-1672.00000
3.41541,3.41146,3.41804,3.41048,3.41245,2.22840,2.22873,2.22708,2.22741,2.22873,1.05619,1.05125,1.05224,1.05520,1.05750,-51.17922,-1671.00000
3.40817,3.41113,3.40390,3.40949,3.41541,2.23103,2.22807,2.22807,2.22642,2.22938,1.05421,1.05619,1.05553,1.05553,1.05816,-51.17922,-1670.00000
3.41080,3.41278,3.41442,3.41080,3.41738,2.22642,2.22807,2.22609,2.23103,2.22741,1.05356,1.05421,1.05520,1.05750,1.05553,-51.46160,-1669.00000
3.41607,3.41475,3.40686,3.41311,3.41475,2.23201,2.22938,2.22511,2.23300,2.22544,1.05652,1.05685,1.05421,1.05553,1.05553,-51.46160,-1668.00000
3.41113,3.41771,3.41048,3.41574,3.40719,2.22971,2.22807,2.22642,2.23333,2.22741,1.05586,1.05421,1.05487,1.05454,1.05421,-52.18859,-1667.00000
3.41508,3.41475,3.41048,3.40949,3.41376,2.22873,2.23300,2.23037,2.23136,2.22873,1.05257,1.05389,1.05356,1.05290,1.05652,-52.18859,-1666.00000
3.41048,3.41344,3.41113,3.41048,3.41409,2.22807,2.23070,2.22840,2.22807,2.23037,1.05356,1.05520,1.05553,1.05783,1.05060,-51.95223,-1665.00000
3.41015,3.40686,3.40817,3.40653,3.40949,2.23201,2.22675,2.23136,2.22873,2.23300,1.05816,1.05454,1.05586,1.05323,1.05520,-51.95223,-1664.00000
3.41113,3.41113,3.41508,3.40719,3.41409,2.22544,2.22807,2.23070,2.22708,2.22609,1.05158,1.05421,1.05356,1.05520,1.05487,-51.52609,-1663.00000
3.41048,3.41311,3.41311,3.41113,3.40850,2.23136,2.23136,2.22609,2.22577,2.22642,1.05652,1.05849,1.05487,1.05520,1.05553,-51.52609,-1662.00000
3.41212,3.41146,3.41048,3.41080,3.40883,2.23201,2.23103,2.22938,2.23103,2.23070,1.05421,1.05290,1.05487,1.05290,1.05093,-51.70424,-1661.00000
3.41376,3.41245,3.40982,3.40883,3.40850,2.22642,2.22642,2.22675,2.22971,2.22708,1.05586,1.05750,1.05389,1.06046,1.05520,-51.70424,-1660.00000
3.41245,3.40982,3.40817,3.41212,3.40686,2.22511,2.22609,2.22445,2.22873,2.23103,1.05389,1.05191,1.05553,1.05750,1.05652,-51.52842,-1659.00000
3.40850,3.40916,3.40883,3.41212,3.40982,2.22215,2.22905,2.22609,2.22544,2.22478,1.05257,1.05520,1.05454,1.05093,1.05389,-51.52842,-1658.00000
3.41541,3.41311,3.40982,3.41508,3.40752,2.23234,2.22840,2.23169,2.22873,2.23037,1.05553,1.05389,1.05323,1.05586,1.05619,-51.48932,-1657.00000
3.40850,3.40488,3.40883,3.41048,3.40982,2.22873,2.23136,2.22873,2.22642,2.22313,1.05421,1.05421,1.05257,1.05421,1.05389,-51.48932,-1656.00000
3.40817,3.40686,3.40686,3.41376,3.40949,2.22675,2.22445,2.23136,2.22774,2.23201,1.05487,1.05421,1.05356,1.05421,1.05685,-51.36560,-1655.00000
3.40883,3.41376,3.41146,3.41113,3.40982,2.23234,2.22774,2.23037,2.22642,2.22840,1.05191,1.04862,1.05093,1.05027,1.05191,-51.21802,-1654.00000
3.41475,3.40653,3.41146,3.41015,3.41015,2.22971,2.22774,2.22609,2.22544,2.22445,1.05191,1.05093,1.05356,1.05060,1.05257,-51.21802,-1653.00000
3.41048,3.40587,3.40949,3.41212,3.41212,2.22840,2.22642,2.22708,2.22938,2.22577,1.05389,1.05454,1.05520,1.05454,1.05421,-51.21802,-1652.00000
3.40916,3.41080,3.40784,3.40488,3.41048,2.22708,2.22708,2.22807,2.22511,2.23300,1.05553,1.05027,1.05191,1.05093,1.05356,-51.14404,-1651.00000
3.40916,3.40752,3.40620,3.41212,3.40784,2.22511,2.22675,2.22313,2.22708,2.23136,1.05191,1.05421,1.05520,1.05158,1.04994,-51.14404,-1650.00000
3.40455,3.40817,3.41080,3.40390,3.40620,2.22840,2.23169,2.22577,2.22708,2.23037,1.04994,1.05125,1.05191,1.05093,1.05224,-51.39258,-1649.00000
3.40455,3.40587,3.40686,3.40752,3.41146,2.22807,2.22577,2.22642,2.22445,2.22675,1.05125,1.04862,1.05520,1.05454,1.05093,-51.39258,-1648.00000
3.40719,3.40587,3.40587,3.41015,3.40554,2.22642,2.22609,2.22938,2.22675,2.22577,1.05323,1.05224,1.05421,1.05158,1.04994,-51.98633,-1647.00000
3.41311,3.40390,3.40587,3.41113,3.40686,2.22938,2.23201,2.22313,2.22708,2.22445,1.05093,1.05191,1.05356,1.05158,1.05257,-51.98633,-1646.00000
3.41048,3.40686,3.40784,3.40850,3.40850,2.22609,2.22971,2.22807,2.22478,2.22346,1.05125,1.05586,1.05356,1.05125,1.05093,-52.14128,-1645.00000
3.40883,3.40752,3.40817,3.40883,3.40390,2.22840,2.23169,2.22741,2.22741,2.22840,1.05520,1.05125,1.05125,1.05356,1.05356,-52.14128,-1644.00000
3.40850,3.40752,3.40620,3.40982,3.40521,2.22708,2.22511,2.22577,2.23136,2.22445,1.05389,1.04862,1.04928,1.04928,1.04566,-51.96137,-1643.00000
3.40587,3.40653,3.41048,3.40916,3.40587,2.22938,2.22774,2.22840,2.22873,2.22478,1.05421,1.05389,1.05093,1.05224,1.05125,-51.96137,-1642.00000
3.39798,3.41080,3.40982,3.41376,3.40686,2.22577,2.22379,2.22379,2.22609,2.22346,1.05323,1.04928,1.05125,1.05553,1.05224,-51.94397,-1641.00000
3.40949,3.40982,3.40686,3.40949,3.41705,2.22445,2.22774,2.22807,2.22905,2.22873,1.05652,1.05158,1.05389,1.05027,1.05093,-51.94397,-1640.00000
3.41409,3.40587,3.40817,3.40784,3.40916,2.22708,2.22675,2.22971,2.23103,2.22544,1.04928,1.05290,1.04994,1.05224,1.05257,-51.54989,-1639.00000
3.40949,3.40817,3.41048,3.40949,3.41442,2.22708,2.23136,2.22905,2.22971,2.22741,1.05389,1.05224,1.05454,1.05389,1.05290,-51.54989,-1638.00000
3.41245,3.40521,3.40850,3.40587,3.40390,2.23070,2.22905,2.23399,2.23037,2.22708,1.05125,1.04829,1.05125,1.05060,1.05125,-51.12603,-1637.00000
3.41179,3.41278,3.40423,3.41179,3.40949,2.22971,2.22445,2.22905,2.22642,2.22807,1.05224,1.05158,1.05717,1.05553,1.05191,-51.12603,-1636.00000
3.41146,3.41113,3.41015,3.41048,3.41113,2.22873,2.22873,2.23004,2.23037,2.23267,1.05027,1.05027,1.05060,1.05421,1.05323,-51.37569,-1635.00000
3.40916,3.40455,3.41212,3.41015,3.41015,2.23234,2.23070,2.23201,2.23103,2.22938,1.05224,1.04961,1.05717,1.05224,1.05158,-51.37569,-1634.00000
3.41278,3.41672,3.41672,3.41146,3.40883,2.23201,2.22544,2.22577,2.22905,2.22675,1.05454,1.05060,1.05520,1.05520,1.05454,-51.62839,-1633.00000
3.41146,3.41179,3.41179,3.41048,3.41080,2.23103,2.22840,2.23201,2.23201,2.22938,1.05323,1.04961,1.05356,1.05257,1.05125,-51.92055,-1632.00000
3.41179,3.41607,3.41442,3.42001,3.41640,2.22511,2.23366,2.23136,2.23136,2.22609,1.05389,1.05454,1.05224,1.05717,1.04928,-51.92055,-1631.00000
3.41311,3.40982,3.41376,3.41409,3.41475,2.23399,2.23070,2.23004,2.23497,2.22938,1.05290,1.05290,1.05421,1.05487,1.05389,-51.92055,-1630.00000
3.41672,3.41574,3.40817,3.41607,3.41771,2.22873,2.23070,2.22971,2.23234,2.22807,1.05125,1.05652,1.05191,1.05717,1.05257,-51.41546,-1629.00000
3.40916,3.41113,3.41113,3.41607,3.40916,2.22840,2.23234,2.22807,2.23234,2.23333,1.04862,1.04994,1.05356,1.05553,1.05520,-51.41546,-1628.00000
3.41179,3.41080,3.41278,3.41344,3.41607,2.22708,2.22675,2.22873,2.23563,2.23563,1.05421,1.05685,1.05356,1.05421,1.05125,-51.37496,-1627.00000
3.41804,3.41344,3.41574,3.41442,3.41146,2.23234,2.22905,2.23662,2.22905,2.22708,1.05454,1.05290,1.05224,1.05290,1.05323,-51.37496,-1626.00000
3.41409,3.41870,3.41212,3.41705,3.40916,2.23234,2.22675,2.23300,2.22873,2.23333,1.05454,1.05520,1.05356,1.05553,1.05224,-51.56605,-1625.00000
3.40850,3.41344,3.41541,3.41080,3.41508,2.22873,2.22873,2.22609,2.23366,2.22971,1.05389,1.05421,1.05586,1.04928,1.05257,-50.85198,-1624.00000
3.42001,3.41048,3.41738,3.41672,3.41442,2.23267,2.23267,2.23432,2.23136,2.23399,1.05191,1.05060,1.05290,1.05257,1.05191,-50.85198,-1623.00000
3.40949,3.41672,3.42001,3.41475,3.41968,2.23234,2.23530,2.23300,2.23201,2.23267,1.05093,1.05454,1.05586,1.05487,1.05421,-50.85198,-1622.00000
3.41705,3.41903,3.41640,3.41376,3.41574,2.23432,2.23267,2.23267,2.23300,2.23201,1.05060,1.05257,1.05290,1.05224,1.05421,-51.03673,-1621.00000
3.41212,3.41409,3.41113,3.41475,3.41541,2.23070,2.23366,2.23530,2.23169,2.23037,1.05487,1.05257,1.05323,1.05750,1.05191,-51.03673,-1620.00000
3.41179,3.41508,3.41409,3.41870,3.41574,2.23300,2.22873,2.23629,2.23300,2.22971,1.05323,1.05421,1.05125,1.05356,1.05783,-51.32104,-1619.00000
3.41409,3.41212,3.42100,3.41968,3.41607,2.23004,2.22708,2.23300,2.23103,2.23300,1.05356,1.05454,1.05290,1.04928,1.05389,-51.32104,-1618.00000
3.41607,3.41804,3.41409,3.41376,3.41672,2.23201,2.23103,2.23169,2.23070,2.22971,1.05487,1.04994,1.05027,1.05487,1.05553,-51.37548,-1617.00000
3.40686,3.41179,3.40982,3.41278,3.41804,2.23300,2.22280,2.23136,2.22774,2.22873,1.05257,1.05290,1.05421,1.05191,1.05027,-51.37548,-1616.00000
3.41738,3.41146,3.41738,3.41574,3.41508,2.23201,2.22905,2.23037,2.22807,2.23136,1.05060,1.05158,1.05553,1.05356,1.05553,-50.79004,-1615.00000
3.41278,3.41376,3.41705,3.41574,3.41607,2.23037,2.23004,2.22807,2.23070,2.22807,1.05619,1.05487,1.05421,1.05060,1.05389,-50.79004,-1614.00000
3.41574,3.41245,3.41409,3.41837,3.41278,2.23070,2.22840,2.23037,2.23201,2.22807,1.05060,1.05487,1.05191,1.05421,1.05389,-51.15332,-1613.00000
3.41442,3.41278,3.41837,3.41113,3.41278,2.23201,2.23037,2.22774,2.22708,2.23234,1.05421,1.05520,1.05224,1.05323,1.05717,-51.15332,-1612.00000
3.41278,3.40752,3.41903,3.41245,3.41442,2.23070,2.22873,2.23234,2.23070,2.22840,1.05520,1.04928,1.05158,1.05290,1.04928,-50.92838,-1611.00000
3.41475,3.41640,3.41179,3.40883,3.41442,2.23004,2.23267,2.23300,2.23201,2.22807,1.05389,1.05257,1.04961,1.05421,1.05421,-50.92838,-1610.00000
3.41278,3.41212,3.41607,3.41048,3.41015,2.23103,2.23563,2.22708,2.23300,2.22873,1.05389,1.05389,1.04731,1.05553,1.05389,-51.20323,-1609.00000
3.41344,3.41048,3.41837,3.41738,3.41771,2.22577,2.22774,2.22577,2.23037,2.23267,1.05553,1.05323,1.05389,1.05421,1.05224,-51.20323,-1608.00000
3.41278,3.41804,3.40883,3.40817,3.41376,2.22840,2.23497,2.23004,2.22905,2.22642,1.05191,1.05224,1.05125,1.05125,1.05520,-51.09838,-1607.00000
3.40949,3.41146,3.40916,3.40620,3.41212,2.23136,2.23004,2.22741,2.22905,2.23103,1.05125,1.05685,1.05224,1.05257,1.05619,-51.09838,-1606.00000
3.40916,3.41640,3.41146,3.41311,3.41672,2.22675,2.23399,2.23530,2.23201,2.22971,1.05290,1.05619,1.05224,1.05421,1.05290,-51.66324,-1605.00000
3.41409,3.41409,3.41179,3.41080,3.41179,2.23004,2.22938,2.22971,2.22642,2.23037,1.05356,1.05060,1.05553,1.05520,1.05421,-51.66324,-1604.00000
3.41179,3.41475,3.41475,3.41475,3.41738,2.22840,2.23004,2.23004,2.23070,2.22642,1.05257,1.05356,1.05224,1.05520,1.05290,-52.01703,-1603.00000
3.41574,3.41508,3.40817,3.41738,3.40719,2.23399,2.22807,2.23432,2.23169,2.22708,1.05454,1.05290,1.05356,1.05421,1.05389,-52.01703,-1602.00000
3.41376,3.41640,3.41771,3.41278,3.41048,2.22905,2.22807,2.23267,2.22905,2.23399,1.05520,1.05520,1.05125,1.05553,1.05389,-52.27568,-1601.00000
3.41475,3.41903,3.41409,3.41607,3.41311,2.23563,2.22938,2.23333,2.22840,2.22840,1.05487,1.05487,1.05060,1.05685,1.05224,-52.27568,-1600.00000
3.41574,3.40916,3.41409,3.41640,3.41442,2.22905,2.22971,2.23037,2.23267,2.22774,1.05356,1.05520,1.05356,1.05487,1.05487,-52.09655,-1599.00000
3.41409,3.41344,3.41574,3.41508,3.41146,2.23234,2.23366,2.22905,2.23234,2.22511,1.05454,1.05520,1.05586,1.05356,1.05323,-52.09655,-1598.00000
3.41344,3.41212,3.41903,3.41212,3.41771,2.22905,2.23169,2.23201,2.22938,2.22807,1.05454,1.05487,1.05389,1.05619,1.05323,-52.05850,-1597.00000
3.41508,3.41508,3.41771,3.41903,3.41541,2.22873,2.23169,2.22642,2.22873,2.23432,1.05882,1.05619,1.05553,1.05191,1.05421,-52.05850,-1596.00000
3.41179,3.41442,3.41607,3.40949,3.41113,2.22544,2.23004,2.23136,2.23037,2.22938,1.05619,1.05487,1.05586,1.04961,1.05125,-52.57514,-1595.00000
3.41015,3.41607,3.41278,3.41607,3.41212,2.22511,2.23169,2.22642,2.23037,2.22774,1.05027,1.05323,1.05685,1.05257,1.05454,-52.57514,-1594.00000
3.41870,3.41541,3.40883,3.41607,3.41311,2.23103,2.23300,2.23169,2.22313,2.23103,1.05290,1.05685,1.05389,1.05421,1.05257,-52.11064,-1593.00000
3.41640,3.41048,3.41179,3.40719,3.41475,2.23497,2.23037,2.23201,2.22840,2.22675,1.05125,1.05652,1.05389,1.05520,1.05158,-52.11064,-1592.00000
3.41278,3.41376,3.41113,3.41376,3.41080,2.22708,2.23070,2.22840,2.23070,2.22938,1.05454,1.05586,1.05224,1.05290,1.05421,-51.81888,-1591.00000
3.41311,3.41212,3.41508,3.41968,3.41376,2.23267,2.23267,2.23201,2.22905,2.22741,1.05060,1.05257,1.05125,1.05191,1.05586,-51.81888,-1590.00000
3.41113,3.41015,3.41640,3.40883,3.41640,2.22741,2.22938,2.22840,2.22840,2.22807,1.05224,1.05257,1.05520,1.05060,1.05389,-52.06057,-1589.00000
3.41146,3.41508,3.41804,3.41212,3.41212,2.23070,2.23201,2.22873,2.23366,2.23037,1.05520,1.05027,1.05224,1.05421,1.05027,-52.06057,-1588.00000
3.41146,3.41508,3.40883,3.41212,3.41574,2.22708,2.23169,2.23103,2.23399,2.23399,1.05093,1.05224,1.05520,1.05619,1.05586,-51.78224,-1587.00000
3.40850,3.41475,3.41245,3.41344,3.41409,2.22741,2.22840,2.22905,2.23037,2.23267,1.05224,1.05191,1.05816,1.05191,1.05454,-51.78224,-1586.00000
3.41409,3.41179,3.41870,3.41212,3.41508,2.22873,2.23103,2.23070,2.22938,2.23399,1.05323,1.05323,1.04928,1.05323,1.04862,-51.79851,-1585.00000
3.41146,3.41442,3.41508,3.41574,3.40587,2.23399,2.23004,2.23234,2.23465,2.23136,1.05323,1.05619,1.05290,1.05553,1.05027,-51.79851,-1584.00000
3.41080,3.41804,3.40982,3.41409,3.41179,2.22675,2.22807,2.23136,2.23004,2.23169,1.05520,1.05553,1.05421,1.05125,1.05487,-51.75565,-1583.00000
3.41179,3.41870,3.41475,3.41113,3.41804,2.23070,2.23037,2.22544,2.22774,2.22807,1.05356,1.05257,1.05125,1.05421,1.05454,-51.75565,-1582.00000
3.41311,3.41311,3.41376,3.41870,3.41311,2.23300,2.23004,2.22774,2.23267,2.23234,1.05290,1.05323,1.05454,1.05158,1.05356,-51.73684,-1581.00000
3.41640,3.41015,3.41212,3.41409,3.41048,2.23300,2.23070,2.22774,2.22938,2.22905,1.05125,1.05323,1.05520,1.05125,1.05586,-51.73684,-1580.00000
3.41278,3.41376,3.40949,3.41113,3.41541,2.23103,2.22445,2.23201,2.22938,2.23530,1.05389,1.05191,1.05158,1.04928,1.05389,-52.22723,-1579.00000
3.41738,3.41705,3.40455,3.41968,3.41212,2.22412,2.23004,2.23037,2.23103,2.22741,1.05356,1.05257,1.04797,1.05093,1.04994,-52.22723,-1578.00000
3.41771,3.41376,3.40455,3.41376,3.40817,2.22938,2.23169,2.22741,2.22938,2.23004,1.05290,1.05356,1.05257,1.05224,1.05356,-51.86568,-1577.00000
3.41278,3.41212,3.41015,3.41311,3.41574,2.23300,2.23300,2.22445,2.22478,2.23267,1.05290,1.04961,1.05323,1.04895,1.05093,-51.86568,-1576.00000
3.41245,3.41048,3.40752,3.41146,3.41048,2.23004,2.22346,2.22577,2.22938,2.22478,1.05093,1.05257,1.05323,1.05520,1.05257,-52.44658,-1575.00000
3.40883,3.41541,3.40949,3.41080,3.41048,2.23399,2.22938,2.22840,2.22708,2.23169,1.04994,1.04961,1.05191,1.05257,1.05257,-52.44658,-1574.00000
3.41376,3.40883,3.41344,3.41113,3.41311,2.22609,2.23037,2.23267,2.22741,2.22971,1.05487,1.04994,1.05191,1.05060,1.05257,-51.97611,-1573.00000
3.41048,3.41113,3.41146,3.41212,3.41048,2.23465,2.23169,2.23103,2.23103,2.22905,1.04961,1.05191,1.05224,1.04994,1.05027,-51.15627,-1572.00000
3.41146,3.41015,3.40982,3.41672,3.41278,2.22774,2.23037,2.23004,2.22708,2.22873,1.04829,1.04928,1.05224,1.05125,1.04698,-51.15627,-1571.00000
3.41672,3.40817,3.40784,3.41344,3.41245,2.23399,2.22774,2.22774,2.22938,2.22873,1.05356,1.05027,1.05060,1.05093,1.05257,-50.91082,-1570.00000
3.40883,3.41278,3.41311,3.41179,3.40455,2.22840,2.22280,2.22544,2.22511,2.23037,1.05060,1.04961,1.05060,1.04961,1.05093,-50.91082,-1569.00000
3.40850,3.41212,3.41771,3.40916,3.41311,2.23300,2.22511,2.22840,2.23070,2.23037,1.05027,1.04566,1.05454,1.05060,1.04895,-50.91082,-1568.00000
3.40719,3.41146,3.40850,3.41113,3.41080,2.23004,2.22445,2.22807,2.23103,2.22840,1.05290,1.05158,1.05257,1.05027,1.05158,-50.80741,-1567.00000
3.41015,3.40620,3.40850,3.41409,3.41475,2.23037,2.22938,2.22116,2.22675,2.22840,1.04928,1.05060,1.05060,1.04961,1.05125,-50.80741,-1566.00000
3.41640,3.41212,3.41607,3.40949,3.40817,2.23004,2.22511,2.22675,2.22577,2.22642,1.05125,1.05027,1.05060,1.05224,1.05191,-51.28372,-1565.00000
3.41080,3.40686,3.40752,3.41508,3.40817,2.22938,2.22708,2.22971,2.23333,2.22938,1.04895,1.05290,1.05027,1.05158,1.05191,-51.28372,-1564.00000
3.40982,3.41278,3.41212,3.41015,3.40719,2.22609,2.22905,2.22807,2.23333,2.22708,1.04698,1.04895,1.05224,1.05093,1.05027,-51.45640,-1563.00000
3.41179,3.41508,3.41672,3.41048,3.41607,2.22215,2.23136,2.23201,2.23333,2.22873,1.05060,1.04994,1.05389,1.05323,1.04797,-51.45640,-1562.00000
3.40817,3.40455,3.41344,3.41048,3.40784,2.22017,2.22741,2.22642,2.23465,2.23103,1.05093,1.05125,1.04994,1.05290,1.05027,-51.76520,-1561.00000
3.41113,3.41146,3.40982,3.40784,3.41311,2.22873,2.22708,2.23267,2.23333,2.22445,1.04731,1.04797,1.05093,1.04632,1.04533,-51.76520,-1560.00000
3.41738,3.40850,3.40686,3.40719,3.41311,2.22577,2.22412,2.22642,2.22675,2.23103,1.05060,1.04632,1.04501,1.05060,1.04797,-51.43071,-1559.00000
3.41212,3.40719,3.41245,3.41344,3.40949,2.22741,2.23037,2.23136,2.22609,2.22609,1.04994,1.04928,1.05158,1.04928,1.04829,-51.43071,-1558.00000
3.40784,3.40686,3.40620,3.41738,3.40390,2.22182,2.22807,2.22774,2.22741,2.22774,1.04731,1.05191,1.04533,1.04797,1.04895,-51.03193,-1557.00000
3.41278,3.40982,3.40653,3.41080,3.40521,2.22971,2.22873,2.22642,2.22642,2.22774,1.05191,1.04895,1.05060,1.04731,1.04961,-51.03193,-1556.00000
3.40784,3.40982,3.41080,3.41344,3.40982,2.22905,2.22642,2.22774,2.22840,2.22938,1.04764,1.04468,1.05060,1.05060,1.04731,-51.33086,-1555.00000
3.41179,3.40817,3.40784,3.41212,3.41146,2.22840,2.22445,2.22248,2.23136,2.23037,1.04501,1.05060,1.04797,1.05191,1.04566,-51.33086,-1554.00000
3.41344,3.40817,3.41015,3.40916,3.40817,2.23399,2.22609,2.22873,2.23004,2.22741,1.05060,1.04994,1.04994,1.04961,1.04764,-51.29577,-1553.00000
3.41278,3.41212,3.40554,3.41146,3.40686,2.23070,2.23070,2.22741,2.22807,2.23004,1.04468,1.04501,1.04764,1.04961,1.04829,-51.29577,-1552.00000
3.40982,3.41311,3.40752,3.41179,3.40817,2.22873,2.22642,2.22971,2.22511,2.22642,1.04895,1.04468,1.04862,1.04994,1.04797,-51.67114,-1551.00000
3.41409,3.41113,3.41475,3.40817,3.41344,2.22971,2.22873,2.22379,2.22938,2.22807,1.04862,1.04599,1.04731,1.05027,1.04764,-51.67114,-1550.00000
3.41738,3.41837,3.41080,3.41508,3.41376,2.22807,2.22708,2.22577,2.22642,2.23004,1.04665,1.04698,1.04336,1.04961,1.04632,-51.37614,-1549.00000
3.41344,3.41574,3.41146,3.41640,3.40455,2.23300,2.22840,2.22478,2.22905,2.23070,1.05093,1.04632,1.04764,1.04632,1.04632,-51.37614,-1548.00000
3.41080,3.41672,3.41311,3.41212,3.41179,2.23037,2.23169,2.22675,2.23169,2.22577,1.04928,1.04336,1.04435,1.04829,1.05290,-51.21690,-1547.00000
3.41245,3.41278,3.41738,3.41278,3.41672,2.23267,2.22609,2.22741,2.22905,2.22938,1.04829,1.05125,1.04698,1.04533,1.04599,-51.21690,-1546.00000
3.41541,3.41672,3.41640,3.41409,3.41278,2.22971,2.22971,2.23234,2.23070,2.23530,1.04435,1.04665,1.04829,1.04435,1.04731,-51.06355,-1545.00000
3.41738,3.41672,3.41376,3.42199,3.41804,2.23234,2.22905,2.23070,2.23399,2.23169,1.04731,1.04895,1.04698,1.05060,1.04862,-51.06355,-1544.00000
3.41311,3.41870,3.41804,3.41837,3.41705,2.23169,2.22642,2.23234,2.23004,2.23004,1.04829,1.04961,1.04731,1.04698,1.04566,-50.80343,-1543.00000
3.41278,3.41376,3.41409,3.41048,3.42232,2.23234,2.23497,2.23201,2.22675,2.23234,1.04632,1.04862,1.04928,1.05093,1.04566,-50.52748,-1542.00000
3.41640,3.41376,3.42133,3.41212,3.41015,2.22873,2.22938,2.23201,2.23728,2.23629,1.04895,1.04402,1.04764,1.04599,1.04501,-50.52748,-1541.00000
3.42166,3.41672,3.41508,3.41311,3.41607,2.23596,2.23563,2.23004,2.23465,2.23201,1.04797,1.04566,1.04698,1.04895,1.05125,-50.52748,-1540.00000
3.41574,3.42001,3.41640,3.41574,3.42133,2.23169,2.23432,2.23234,2.23169,2.23432,1.04698,1.04566,1.04369,1.04632,1.04994,-50.15472,-1539.00000
3.41640,3.41837,3.41541,3.42034,3.41212,2.23563,2.23563,2.23530,2.23103,2.23432,1.04994,1.04665,1.04369,1.04369,1.04764,-50.15472,-1538.00000
3.41870,3.41804,3.41640,3.41837,3.41541,2.23530,2.22938,2.23530,2.23267,2.22905,1.04369,1.05093,1.04402,1.04369,1.04797,-50.17639,-1537.00000
3.41508,3.41442,3.42363,3.41574,3.41672,2.23596,2.23366,2.23497,2.23169,2.23399,1.04468,1.04270,1.04797,1.04501,1.04369,-50.17639,-1536.00000
3.42363,3.41278,3.42593,3.42067,3.41968,2.23333,2.23300,2.22971,2.23169,2.23300,1.04862,1.04435,1.04632,1.04599,1.04731,-49.41447,-1535.00000
3.40883,3.41804,3.41804,3.41574,3.41607,2.23465,2.23037,2.23169,2.23497,2.23761,1.04895,1.04402,1.04599,1.04895,1.04797,-49.41447,-1534.00000
3.41672,3.41903,3.41705,3.41574,3.41442,2.23465,2.23366,2.23432,2.22873,2.23037,1.04566,1.04369,1.04698,1.04764,1.04599,-48.88373,-1533.00000
3.41607,3.41672,3.41705,3.41640,3.42034,2.23070,2.23070,2.23530,2.23267,2.23432,1.04698,1.04764,1.05027,1.04204,1.04402,-48.88373,-1532.00000
3.42067,3.41837,3.41672,3.41903,3.41804,2.23432,2.23432,2.23530,2.23234,2.23169,1.04862,1.04402,1.04369,1.04862,1.04829,-46.39124,-1531.00000
3.41607,3.41442,3.41607,3.41048,3.41607,2.23497,2.23169,2.22774,2.23136,2.23399,1.04336,1.04501,1.04501,1.04435,1.04698,-46.39124,-1530.00000
3.41903,3.41442,3.41541,3.41672,3.41903,2.23563,2.23530,2.23201,2.23201,2.22905,1.04303,1.04402,1.04599,1.04468,1.04599,-44.83862,-1529.00000
3.42001,3.41574,3.42001,3.41607,3.41968,2.23201,2.23596,2.23070,2.23333,2.22774,1.04369,1.04501,1.04501,1.04237,1.04994,-44.83862,-1528.00000
3.41607,3.41376,3.41574,3.41607,3.41508,2.23300,2.23103,2.23070,2.22938,2.23004,1.04303,1.04501,1.04336,1.04599,1.04895,-43.24528,-1527.00000
3.41245,3.41409,3.42067,3.41574,3.41640,2.23136,2.23267,2.23530,2.23465,2.23399,1.04468,1.04435,1.04665,1.04632,1.04928,-43.24528,-1526.00000
3.41705,3.41376,3.41508,3.41705,3.42166,2.23169,2.23037,2.23497,2.23169,2.23300,1.04106,1.04501,1.04632,1.04829,1.04336,-44.61144,-1525.00000
3.42067,3.41607,3.41640,3.41409,3.41344,2.22873,2.22971,2.23728,2.22873,2.23234,1.04468,1.04895,1.04303,1.04632,1.04204,-44.61144,-1524.00000
3.41508,3.41705,3.41245,3.41607,3.42034,2.23070,2.23037,2.23399,2.23136,2.22840,1.04533,1.04336,1.04599,1.04961,1.04599,-45.49454,-1523.00000
3.41409,3.42199,3.42034,3.41705,3.41376,2.23530,2.23859,2.23267,2.23201,2.23530,1.04632,1.04764,1.04402,1.04435,1.04303,-45.49454,-1522.00000
3.41837,3.41903,3.41738,3.41804,3.41442,2.23037,2.23728,2.23366,2.23136,2.22873,1.04698,1.04040,1.04369,1.04435,1.04632,-46.82221,-1521.00000
3.42001,3.41508,3.41771,3.41640,3.41311,2.23497,2.23037,2.23103,2.23103,2.23234,1.04632,1.04533,1.04632,1.04369,1.04402,-46.82221,-1520.00000
3.41541,3.41837,3.41113,3.41837,3.41738,2.23169,2.22873,2.23234,2.23497,2.23136,1.04369,1.04369,1.04599,1.04533,1.04665,-47.33297,-1519.00000
3.42264,3.41640,3.41672,3.41738,3.41344,2.23366,2.23629,2.23333,2.23136,2.23629,1.04336,1.04468,1.04468,1.04468,1.04369,-47.33297,-1518.00000
3.41442,3.42100,3.41936,3.42067,3.41771,2.23234,2.23497,2.23399,2.22774,2.23399,1.04139,1.04435,1.04336,1.04336,1.04468,-48.04294,-1517.00000
3.41903,3.41837,3.41574,3.41376,3.41409,2.22675,2.22938,2.23563,2.22774,2.23234,1.04369,1.04468,1.04632,1.04533,1.04402,-48.04294,-1516.00000
3.42067,3.41640,3.42034,3.40817,3.41541,2.23201,2.23037,2.23662,2.23465,2.23103,1.04303,1.04501,1.04040,1.04468,1.04566,-48.63019,-1515.00000
3.42166,3.42001,3.41245,3.41607,3.41837,2.23695,2.22807,2.23333,2.23695,2.23333,1.04698,1.04599,1.04237,1.04369,1.04237,-48.63019,-1514.00000
3.41936,3.41837,3.41607,3.42001,3.41475,2.23761,2.23070,2.23037,2.23399,2.23070,1.04599,1.04139,1.04895,1.04435,1.04106,-49.05099,-1513.00000
3.41541,3.42034,3.41903,3.42297,3.41936,2.23925,2.23136,2.23958,2.23465,2.23596,1.04698,1.04402,1.04270,1.04369,1.04106,-49.05099,-1512.00000
3.42100,3.42034,3.41903,3.41738,3.41607,2.23037,2.23662,2.23497,2.23530,2.23432,1.04468,1.04139,1.04764,1.04336,1.04731,-49.38686,-1511.00000
3.42330,3.41738,3.41607,3.41574,3.41508,2.23596,2.23629,2.23300,2.23201,2.23169,1.04336,1.04797,1.04501,1.04303,1.04665,-49.33245,-1510.00000
3.41311,3.42001,3.42067,3.42232,3.41837,2.23234,2.23169,2.23234,2.23070,2.23234,1.04204,1.04566,1.04698,1.04566,1.04402,-49.33245,-1509.00000
3.41607,3.41771,3.42232,3.41870,3.41640,2.23366,2.22905,2.23399,2.23629,2.23432,1.04204,1.04369,1.04632,1.04797,1.04632,-49.33245,-1508.00000
3.41541,3.41738,3.42001,3.41607,3.41738,2.23662,2.23037,2.23629,2.23169,2.23432,1.04829,1.04731,1.04501,1.04599,1.04533,-49.83817,-1507.00000
3.42528,3.41705,3.41672,3.41870,3.41870,2.23300,2.23761,2.23234,2.23596,2.23103,1.04698,1.04566,1.04435,1.04501,1.04698,-49.83817,-1506.00000
3.41607,3.41574,3.41804,3.41344,3.41705,2.23432,2.23432,2.23399,2.23234,2.23728,1.04369,1.04336,1.04336,1.04139,1.04106,-49.48847,-1505.00000
3.41738,3.42330,3.42067,3.42166,3.42034,2.23563,2.23399,2.22971,2.23366,2.23234,1.04435,1.04501,1.04632,1.04435,1.04665,-49.48847,-1504.00000
3.41672,3.41837,3.41738,3.42133,3.42297,2.23234,2.22873,2.23169,2.23333,2.23366,1.04435,1.04139,1.04270,1.04336,1.04501,-49.64107,-1503.00000
3.41870,3.41903,3.41804,3.41804,3.41837,2.23399,2.22971,2.23728,2.23004,2.23497,1.04599,1.04829,1.04435,1.04204,1.03974,-49.64107,-1502.00000
3.42034,3.41771,3.42133,3.41837,3.41804,2.23432,2.23530,2.23300,2.23267,2.23497,1.04468,1.04369,1.04731,1.04402,1.04435,-50.24574,-1501.00000
3.42166,3.42330,3.41640,3.42034,3.42067,2.22873,2.23234,2.23267,2.24155,2.22971,1.04435,1.04797,1.04270,1.04073,1.04435,-50.24574,-1500.00000
3.41311,3.41968,3.41113,3.41804,3.41574,2.23399,2.22938,2.23432,2.23103,2.23563,1.04303,1.04336,1.04172,1.04336,1.04303,-50.84742,-1499.00000
3.41640,3.42100,3.41903,3.41442,3.42659,2.23432,2.23004,2.23530,2.23399,2.23070,1.03678,1.04566,1.04468,1.04468,1.04303,-50.84742,-1498.00000
3.41574,3.42100,3.41870,3.42429,3.41409,2.23695,2.23596,2.23366,2.23136,2.23201,1.04237,1.04172,1.04139,1.04369,1.04862,-51.01417,-1497.00000
3.40817,3.41278,3.40982,3.41442,3.41870,2.23169,2.23267,2.23333,2.23004,2.23267,1.04632,1.04270,1.04139,1.04533,1.04369,-51.01417,-1496.00000
3.41475,3.41640,3.41442,3.42067,3.41771,2.23761,2.23530,2.23761,2.22807,2.23300,1.04073,1.04468,1.04566,1.04237,1.03876,-50.74122,-1495.00000
3.41837,3.41311,3.41640,3.41574,3.42166,2.22938,2.23399,2.23004,2.23234,2.23333,1.04402,1.04139,1.03974,1.04237,1.04237,-50.74122,-1494.00000
3.42100,3.41837,3.41475,3.42232,3.41146,2.23136,2.23662,2.22938,2.23300,2.23563,1.04139,1.04204,1.04303,1.04303,1.04040,-51.06380,-1493.00000
3.41080,3.41113,3.41936,3.41475,3.41705,2.23300,2.22971,2.23662,2.23563,2.23070,1.04007,1.04172,1.04007,1.04237,1.04204,-51.06380,-1492.00000
3.41738,3.41936,3.41409,3.42297,3.41738,2.23662,2.23300,2.23596,2.23333,2.23234,1.03843,1.04073,1.04007,1.04303,1.04237,-50.43088,-1491.00000
3.41804,3.41870,3.41048,3.42034,3.41442,2.22873,2.23497,2.23037,2.23037,2.23201,1.04204,1.03941,1.04007,1.04468,1.03974,-50.43088,-1490.00000
3.41837,3.41903,3.41705,3.41837,3.42199,2.23267,2.23136,2.23399,2.23201,2.23629,1.04369,1.04204,1.04139,1.04204,1.04402,-50.17658,-1489.00000
3.41837,3.41771,3.42297,3.41672,3.41870,2.23399,2.23465,2.23662,2.23530,2.23201,1.04533,1.04303,1.04237,1.04501,1.04106,-50.17658,-1488.00000
3.41903,3.42067,3.41705,3.41738,3.42034,2.23267,2.23563,2.23333,2.23695,2.22905,1.04106,1.04599,1.04007,1.04172,1.04303,-50.15027,-1487.00000
3.42034,3.41640,3.41574,3.42001,3.41442,2.23366,2.22774,2.23267,2.24057,2.23366,1.04204,1.04303,1.03941,1.04073,1.04369,-50.15027,-1486.00000
3.41804,3.42100,3.42034,3.41475,3.41738,2.23497,2.23234,2.23695,2.23169,2.24057,1.04040,1.04172,1.04402,1.04435,1.04139,-50.11320,-1485.00000
3.42495,3.41607,3.41968,3.41837,3.41804,2.23432,2.23497,2.23267,2.23596,2.23563,1.04204,1.04501,1.03843,1.04172,1.03974,-50.11320,-1484.00000
3.42133,3.41640,3.42462,3.41804,3.41640,2.23432,2.23793,2.23925,2.23826,2.23662,1.04303,1.04237,1.04237,1.04336,1.03974,-49.73530,-1483.00000
3.41508,3.42330,3.42297,3.41903,3.42396,2.23399,2.23234,2.23234,2.23267,2.23497,1.04336,1.03941,1.03974,1.04336,1.04106,-49.73530,-1482.00000
3.42034,3.41804,3.42264,3.41738,3.41903,2.23366,2.23991,2.23070,2.23399,2.23596,1.04468,1.04139,1.04007,1.04632,1.04106,-48.72002,-1481.00000
3.42067,3.41738,3.42100,3.42034,3.41903,2.23859,2.23333,2.23530,2.23004,2.23497,1.04369,1.04040,1.04402,1.04040,1.04501,-48.72002,-1480.00000
3.41574,3.41804,3.42001,3.42626,3.42067,2.23497,2.23892,2.23497,2.23333,2.23563,1.03777,1.04501,1.04237,1.04139,1.04533,-46.19258,-1479.00000
3.42001,3.42100,3.41903,3.42001,3.41804,2.23465,2.23728,2.23070,2.23563,2.23234,1.04073,1.04303,1.03941,1.03876,1.04139,-46.19258,-1478.00000
3.41837,3.42297,3.41508,3.41705,3.41705,2.23201,2.23563,2.23399,2.23465,2.23103,1.03876,1.04303,1.04270,1.03941,1.04237,-43.95423,-1477.00000
3.41837,3.41705,3.42100,3.42199,3.42100,2.23300,2.23563,2.23333,2.23399,2.22938,1.04435,1.03678,1.04402,1.04007,1.04040,-43.95423,-1476.00000
3.42100,3.42001,3.42199,3.41870,3.41771,2.23497,2.23432,2.23497,2.23629,2.23037,1.04073,1.04237,1.03580,1.03974,1.04007,-44.69345,-1475.00000
3.41640,3.41080,3.41738,3.42034,3.41672,2.23465,2.23267,2.23596,2.23629,2.23465,1.04106,1.03974,1.04369,1.04303,1.04007,-44.69345,-1474.00000
3.42001,3.41672,3.41804,3.41475,3.41672,2.23004,2.23497,2.23629,2.23662,2.23596,1.04270,1.04270,1.03876,1.04040,1.03744,-45.57037,-1473.00000
3.41508,3.42034,3.41541,3.42034,3.42034,2.23267,2.23333,2.23432,2.23399,2.23432,1.03777,1.04402,1.03876,1.04303,1.04303,-45.57037,-1472.00000
3.41541,3.41837,3.42067,3.41968,3.42232,2.23465,2.23728,2.23037,2.23399,2.23892,1.03843,1.04303,1.04139,1.04007,1.04369,-46.49516,-1471.00000
3.41475,3.41738,3.41574,3.42199,3.42199,2.23267,2.23103,2.23399,2.23267,2.23432,1.03678,1.04007,1.04237,1.03843,1.04040,-46.49516,-1470.00000
3.42001,3.42100,3.41640,3.41344,3.42001,2.23333,2.23925,2.23695,2.23728,2.23399,1.04106,1.04106,1.03974,1.04007,1.04139,-47.34280,-1469.00000
3.41541,3.41936,3.42133,3.41771,3.41640,2.23267,2.23859,2.23892,2.23070,2.23300,1.03744,1.03941,1.04270,1.04501,1.04533,-47.80047,-1468.00000
3.42001,3.41311,3.42264,3.41738,3.42297,2.23201,2.23497,2.23662,2.23366,2.23530,1.03908,1.03908,1.04369,1.04040,1.04040,-47.80047,-1467.00000
3.41738,3.42067,3.42199,3.41607,3.41672,2.23695,2.23267,2.23136,2.23169,2.23333,1.04040,1.04336,1.04040,1.03941,1.03876,-47.80047,-1466.00000
3.41344,3.42199,3.41607,3.43153,3.42133,2.23497,2.23004,2.22774,2.23530,2.23826,1.03908,1.03843,1.04303,1.03843,1.04073,-48.61177,-1465.00000
3.41870,3.42166,3.41903,3.41771,3.41376,2.23201,2.23596,2.23333,2.23695,2.23695,1.04303,1.04435,1.04106,1.03974,1.04106,-48.61177,-1464.00000
3.42001,3.42264,3.41936,3.41968,3.41968,2.23563,2.23333,2.23497,2.23662,2.23530,1.04204,1.04040,1.04139,1.03612,1.04336,-48.91989,-1463.00000
3.42528,3.42001,3.41541,3.42528,3.41903,2.23596,2.24057,2.23432,2.23432,2.23399,1.04204,1.03843,1.04468,1.04106,1.04204,-48.91989,-1462.00000
3.42692,3.42429,3.41903,3.42133,3.42363,2.23695,2.23333,2.23728,2.23563,2.23596,1.03810,1.04007,1.04106,1.04106,1.04435,-49.59243,-1461.00000
3.42462,3.41837,3.42560,3.41376,3.42232,2.23432,2.23662,2.23728,2.23925,2.23201,1.04369,1.04172,1.03810,1.04073,1.03908,-49.59243,-1460.00000
3.42363,3.42232,3.42528,3.41968,3.41968,2.23300,2.23892,2.23530,2.23103,2.23728,1.04172,1.04172,1.03974,1.04204,1.03645,-49.33115,-1459.00000
3.42626,3.42166,3.42363,3.42067,3.42297,2.23530,2.23234,2.23892,2.23333,2.23497,1.04040,1.04106,1.04237,1.04139,1.04303,-49.33115,-1458.00000
3.42330,3.42133,3.42264,3.42429,3.42297,2.23859,2.23826,2.23497,2.23530,2.23136,1.04501,1.04303,1.03941,1.04336,1.04106,-49.40111,-1457.00000
3.41705,3.42067,3.42396,3.42199,3.42264,2.23629,2.23695,2.23695,2.23596,2.23234,1.03876,1.03810,1.03876,1.03974,1.03941,-49.40111,-1456.00000
3.42429,3.42297,3.41837,3.42133,3.42626,2.23596,2.23991,2.23399,2.23761,2.23432,1.04073,1.04139,1.03678,1.03941,1.04007,-50.03042,-1455.00000
3.42429,3.42100,3.41968,3.42593,3.42133,2.23662,2.24057,2.23695,2.23070,2.23530,1.03481,1.04172,1.04402,1.03711,1.04106,-50.03042,-1454.00000
3.41771,3.42396,3.42199,3.42166,3.41804,2.23662,2.23958,2.23728,2.23267,2.23761,1.03974,1.03645,1.04073,1.03941,1.03678,-50.09678,-1453.00000
3.42791,3.42297,3.41903,3.42462,3.41837,2.23497,2.23201,2.23136,2.23267,2.23267,1.03908,1.03876,1.03777,1.04501,1.03974,-50.09678,-1452.00000
3.41936,3.42330,3.42297,3.42034,3.42626,2.23366,2.23596,2.23563,2.23399,2.23465,1.03645,1.04040,1.04040,1.03810,1.03908,-50.08242,-1451.00000
3.42560,3.42593,3.42560,3.41837,3.41804,2.23793,2.23859,2.23234,2.23004,2.23596,1.03711,1.03908,1.03974,1.03744,1.03876,-50.08242,-1450.00000
3.41705,3.42560,3.42100,3.42100,3.42100,2.23596,2.23201,2.23859,2.23399,2.23695,1.03974,1.03843,1.03810,1.03547,1.04106,-50.41139,-1449.00000
3.41837,3.41837,3.42001,3.41409,3.42396,2.24320,2.23892,2.23300,2.23991,2.23761,1.04040,1.04106,1.03941,1.03843,1.04270,-50.41139,-1448.00000
3.41804,3.42363,3.42232,3.42199,3.42560,2.23662,2.23530,2.23399,2.23300,2.23465,1.04106,1.03843,1.04073,1.04040,1.03843,-50.53468,-1447.00000
3.42199,3.42232,3.42232,3.41968,3.42560,2.23169,2.23728,2.23761,2.23793,2.23695,1.04435,1.04073,1.04073,1.04270,1.04073,-50.53468,-1446.00000
3.42758,3.42166,3.42100,3.42034,3.42330,2.23563,2.23563,2.23662,2.23958,2.23629,1.03645,1.03777,1.04040,1.04073,1.04007,-50.06674,-1445.00000
3.42462,3.42429,3.42626,3.42495,3.42725,2.24155,2.23596,2.23432,2.23366,2.23201,1.04040,1.03777,1.04040,1.03974,1.03843,-50.06674,-1444.00000
3.42560,3.42791,3.43087,3.42232,3.42297,2.23826,2.23695,2.23267,2.23761,2.23563,1.03810,1.03876,1.04073,1.03908,1.04073,-50.44163,-1443.00000
3.42824,3.42001,3.42659,3.42528,3.42264,2.23201,2.24057,2.23530,2.23563,2.23399,1.04204,1.03876,1.03843,1.03678,1.03678,-50.44163,-1442.00000
3.42363,3.42725,3.42626,3.42462,3.43185,2.23596,2.23629,2.24024,2.23925,2.23695,1.04040,1.03777,1.03908,1.03612,1.03711,-50.18374,-1441.00000
3.42889,3.42659,3.42593,3.42232,3.42692,2.23728,2.23596,2.23465,2.23958,2.23432,1.03843,1.03876,1.03810,1.03777,1.03876,-50.18374,-1440.00000
3.42462,3.42495,3.42922,3.42495,3.42034,2.23991,2.23497,2.23695,2.23563,2.23596,1.03711,1.03908,1.03908,1.03941,1.03744,-50.53916,-1439.00000
3.43251,3.42363,3.42462,3.42133,3.42593,2.23465,2.23497,2.23530,2.23366,2.24089,1.03908,1.03678,1.03810,1.03974,1.04040,-50.53916,-1438.00000
3.41936,3.42856,3.42791,3.42100,3.42922,2.23530,2.24155,2.23925,2.24089,2.23596,1.03711,1.03908,1.03876,1.03810,1.03876,-50.57428,-1437.00000
3.42626,3.42297,3.42133,3.42856,3.42232,2.23399,2.24221,2.23728,2.24418,2.23662,1.03777,1.03843,1.03876,1.03810,1.04106,-50.57428,-1436.00000
3.42199,3.42363,3.42429,3.42692,3.42429,2.23728,2.22971,2.23497,2.23793,2.23892,1.03876,1.03481,1.04040,1.03777,1.03876,-50.31124,-1435.00000
3.42199,3.42462,3.42001,3.42593,3.42133,2.23596,2.23892,2.23629,2.23761,2.23432,1.04172,1.03612,1.04106,1.03612,1.03777,-50.31124,-1434.00000
3.42429,3.42133,3.41870,3.42100,3.42495,2.23629,2.23465,2.23662,2.23234,2.23826,1.03448,1.03316,1.03448,1.03316,1.03744,-50.29864,-1433.00000
3.42034,3.41771,3.42133,3.42429,3.42363,2.23399,2.23826,2.23563,2.23563,2.23497,1.04106,1.03744,1.03481,1.03711,1.04073,-50.29864,-1432.00000
3.42297,3.42495,3.42330,3.42264,3.42593,2.23333,2.23563,2.23497,2.23497,2.24155,1.03547,1.03678,1.03415,1.03645,1.03481,-50.36348,-1431.00000
3.42264,3.41870,3.41870,3.42462,3.42330,2.23300,2.23629,2.23234,2.23629,2.23497,1.04040,1.04040,1.03415,1.03547,1.03448,-50.36348,-1430.00000
3.42001,3.42363,3.41968,3.42100,3.41903,2.23892,2.23728,2.23300,2.23793,2.23366,1.03711,1.03382,1.03382,1.03349,1.03843,-50.20814,-1429.00000
3.42462,3.42100,3.42100,3.42330,3.42363,2.23267,2.23530,2.23530,2.23859,2.23103,1.03843,1.03777,1.03547,1.03678,1.03580,-50.20814,-1428.00000
3.41376,3.42133,3.41541,3.42297,3.41936,2.23399,2.23333,2.23695,2.23366,2.23399,1.03777,1.03415,1.03481,1.03284,1.03284,-50.13551,-1427.00000
3.42067,3.41804,3.42034,3.41640,3.42232,2.23399,2.23037,2.23859,2.23563,2.23465,1.03316,1.03020,1.03316,1.03382,1.03382,-50.13551,-1426.00000
3.42396,3.42100,3.42297,3.42199,3.42166,2.23300,2.22938,2.22971,2.23826,2.23958,1.03251,1.03185,1.03876,1.03185,1.03481,-49.85922,-1425.00000
3.41903,3.42166,3.41640,3.42659,3.42495,2.23761,2.23530,2.23300,2.23169,2.23169,1.03678,1.03448,1.03053,1.03448,1.03053,-49.85922,-1424.00000
3.42396,3.42034,3.42067,3.41771,3.42363,2.23399,2.23300,2.23399,2.23497,2.23596,1.03053,1.03086,1.03251,1.03514,1.03448,-49.79059,-1423.00000
3.42067,3.42264,3.42297,3.42462,3.42034,2.23695,2.23925,2.23399,2.23465,2.23432,1.02955,1.02955,1.03185,1.03284,1.02988,-49.79059,-1422.00000
3.42363,3.41607,3.41837,3.42100,3.42462,2.23497,2.23465,2.23761,2.23563,2.23432,1.02955,1.03316,1.03185,1.03349,1.03316,-49.99874,-1421.00000
3.42363,3.42034,3.42593,3.42560,3.42232,2.23399,2.23333,2.23333,2.23432,2.23761,1.02988,1.03020,1.02922,1.03316,1.03349,-49.99874,-1420.00000
3.42659,3.42133,3.42528,3.42133,3.42330,2.23530,2.23596,2.23333,2.22971,2.23366,1.02823,1.03152,1.03547,1.03185,1.03086,-50.29864,-1419.00000
3.42232,3.42692,3.42528,3.42495,3.41508,2.23497,2.23695,2.22938,2.23399,2.23169,1.02856,1.03119,1.03119,1.03251,1.03020,-50.29864,-1418.00000
3.42232,3.42067,3.41903,3.42133,3.41968,2.23465,2.23333,2.23267,2.23267,2.23366,1.02889,1.03448,1.03448,1.03119,1.03284,-50.71341,-1417.00000
3.41968,3.41705,3.41705,3.42100,3.41837,2.23728,2.23465,2.23070,2.23432,2.23662,1.02955,1.03218,1.03316,1.03382,1.03119,-50.71341,-1416.00000
3.42232,3.41804,3.41672,3.42199,3.42495,2.23399,2.23333,2.23530,2.23366,2.23300,1.02955,1.03218,1.03020,1.03053,1.02856,-50.85810,-1415.00000
3.42593,3.41640,3.42133,3.42067,3.42001,2.23629,2.23399,2.23958,2.23333,2.23432,1.03152,1.03020,1.03053,1.02988,1.03415,-50.74947,-1414.00000
3.41804,3.42396,3.41936,3.41771,3.42034,2.23136,2.23399,2.23596,2.23234,2.23761,1.02889,1.02593,1.03218,1.03152,1.03152,-50.74947,-1413.00000
3.42791,3.42166,3.42133,3.42297,3.42297,2.23465,2.23070,2.23596,2.23267,2.23728,1.03152,1.02790,1.03020,1.03053,1.02659,-50.74947,-1412.00000
3.42199,3.41541,3.41738,3.42133,3.42330,2.23399,2.23267,2.22905,2.23169,2.23695,1.03218,1.03514,1.02757,1.03185,1.02856,-50.90329,-1411.00000
3.41903,3.41936,3.42264,3.41672,3.42264,2.23892,2.23497,2.23465,2.23234,2.23201,1.03185,1.02626,1.03218,1.03316,1.03053,-50.90329,-1410.00000
3.42133,3.42593,3.41771,3.41903,3.42297,2.23169,2.23432,2.23234,2.23859,2.23399,1.02790,1.02692,1.02955,1.02889,1.02692,-50.77635,-1409.00000
3.41771,3.42067,3.42133,3.42330,3.42363,2.24155,2.22873,2.23070,2.23761,2.23004,1.02856,1.03053,1.03251,1.02692,1.03053,-50.77635,-1408.00000
3.41903,3.41475,3.41968,3.41870,3.41804,2.23169,2.23432,2.23399,2.23136,2.23432,1.02790,1.02790,1.03185,1.02692,1.02955,-50.56639,-1407.00000
3.41574,3.42100,3.41771,3.41705,3.41212,2.23300,2.23103,2.23234,2.23432,2.22971,1.02889,1.03218,1.02955,1.02856,1.03053,-50.56639,-1406.00000
3.41574,3.42232,3.42232,3.42363,3.41771,2.23596,2.23201,2.23300,2.23267,2.23234,1.03086,1.02626,1.02922,1.02757,1.03053,-50.34993,-1405.00000
3.41508,3.41705,3.41705,3.42264,3.41771,2.23497,2.23201,2.23267,2.23399,2.23432,1.02889,1.02889,1.02659,1.02889,1.02757,-50.34993,-1404.00000
3.41278,3.41968,3.41804,3.42232,3.41936,2.23300,2.23399,2.22774,2.23136,2.23136,1.02692,1.03020,1.02922,1.02889,1.02724,-50.52137,-1403.00000
3.42232,3.41541,3.42166,3.41245,3.41541,2.23169,2.23399,2.23497,2.23070,2.23070,1.02823,1.02823,1.02659,1.02823,1.03020,-50.52137,-1402.00000
3.41705,3.41278,3.42166,3.41936,3.41870,2.23662,2.23892,2.23793,2.23169,2.23136,1.02823,1.02626,1.03185,1.02790,1.02626,-50.83098,-1401.00000
3.42133,3.42396,3.41738,3.42067,3.41968,2.23333,2.23103,2.23432,2.23333,2.23136,1.02757,1.02757,1.02955,1.02724,1.02692,-50.83098,-1400.00000
3.42626,3.42067,3.42001,3.41508,3.41212,2.23465,2.23234,2.24024,2.23169,2.23300,1.02724,1.02988,1.02790,1.03053,1.02790,-50.44982,-1399.00000
3.41903,3.41870,3.42100,3.41672,3.42067,2.23399,2.23300,2.23497,2.23695,2.23399,1.02823,1.02823,1.02659,1.02988,1.02856,-50.44982,-1398.00000
3.42363,3.42330,3.42166,3.41640,3.41705,2.23399,2.23563,2.23169,2.23333,2.23859,1.02856,1.02494,1.02988,1.02724,1.02494,-50.69050,-1397.00000
3.42001,3.42232,3.42528,3.42100,3.41705,2.23399,2.23103,2.23234,2.23333,2.23136,1.02626,1.02823,1.02198,1.02856,1.02823,-50.69050,-1396.00000
3.42297,3.42166,3.41541,3.42232,3.42363,2.23300,2.23234,2.23300,2.22905,2.23267,1.02692,1.02988,1.02626,1.02988,1.03086,-50.55474,-1395.00000
3.42462,3.42429,3.42363,3.41968,3.42824,2.23662,2.23399,2.23695,2.23432,2.23267,1.02626,1.02527,1.02593,1.02659,1.02659,-50.55474,-1394.00000
3.42593,3.42100,3.41903,3.41705,3.41541,2.23399,2.23465,2.23728,2.23070,2.23004,1.02461,1.02790,1.02856,1.02889,1.02790,-50.54072,-1393.00000
3.42232,3.42001,3.42495,3.41837,3.42528,2.23300,2.23892,2.24155,2.22971,2.23399,1.02889,1.02692,1.02659,1.02823,1.03152,-50.54072,-1392.00000
3.42593,3.42330,3.42330,3.42199,3.42462,2.23530,2.23793,2.23596,2.23629,2.23695,1.02790,1.02823,1.02823,1.02527,1.02922,-50.53301,-1391.00000
3.42363,3.42034,3.42067,3.42330,3.42659,2.23432,2.23530,2.23662,2.23563,2.23826,1.02823,1.02626,1.02988,1.02823,1.02757,-51.08613,-1390.00000
3.42560,3.42133,3.41903,3.41804,3.41870,2.23530,2.23399,2.23530,2.23465,2.24188,1.02955,1.02823,1.02724,1.02560,1.02428,-51.08613,-1389.00000
3.42232,3.41508,3.42100,3.42363,3.42528,2.23563,2.23629,2.23892,2.23497,2.23629,1.02692,1.02659,1.02659,1.02757,1.02264,-51.08613,-1388.00000
3.42034,3.42264,3.42297,3.41541,3.42297,2.23366,2.23695,2.23530,2.23465,2.23432,1.02823,1.02790,1.02363,1.02724,1.02593,-51.04635,-1387.00000
3.41837,3.42297,3.42067,3.41541,3.41936,2.23432,2.23201,2.23728,2.23728,2.22873,1.02198,1.02428,1.02527,1.02396,1.02856,-51.04635,-1386.00000
3.41574,3.42626,3.41640,3.42034,3.41672,2.23629,2.22938,2.23399,2.23530,2.23432,1.02527,1.02889,1.02757,1.02988,1.02790,-50.64386,-1385.00000
3.42067,3.42495,3.42166,3.41804,3.42067,2.23465,2.23826,2.23497,2.23399,2.23497,1.02724,1.02988,1.02396,1.02692,1.02527,-50.64386,-1384.00000
3.41705,3.41837,3.41640,3.41508,3.41705,2.23563,2.23333,2.23333,2.23300,2.23563,1.02692,1.02593,1.02297,1.02461,1.02396,-50.31693,-1383.00000
3.42067,3.41409,3.41870,3.42166,3.41837,2.23070,2.23300,2.23333,2.23662,2.23267,1.02428,1.02396,1.02823,1.02527,1.02494,-50.31693,-1382.00000
3.41738,3.42001,3.42001,3.41968,3.40949,2.23530,2.23103,2.23300,2.23530,2.23267,1.02428,1.02264,1.02231,1.02692,1.02790,-50.45869,-1381.00000
3.42264,3.42034,3.41936,3.41738,3.41870,2.23925,2.23300,2.23267,2.22873,2.23201,1.02757,1.02560,1.02724,1.02494,1.02560,-50.45869,-1380.00000
3.41278,3.41738,3.42034,3.42067,3.42067,2.23300,2.23826,2.23793,2.23333,2.23037,1.02363,1.02264,1.02593,1.02659,1.02922,-50.56783,-1379.00000
3.41837,3.41574,3.41804,3.41870,3.41640,2.23234,2.23300,2.22938,2.23695,2.23103,1.02396,1.02757,1.02527,1.02428,1.02626,-50.56783,-1378.00000
3.42232,3.41903,3.41640,3.41311,3.41771,2.23300,2.23728,2.23563,2.23037,2.23366,1.02659,1.02560,1.02231,1.02527,1.02165,-50.04001,-1377.00000
3.41640,3.41837,3.41936,3.41771,3.41574,2.23004,2.23004,2.23629,2.23234,2.23629,1.02198,1.02297,1.02428,1.02198,1.02856,-50.04001,-1376.00000
3.41936,3.42001,3.42199,3.41837,3.41771,2.22873,2.23037,2.23399,2.23695,2.23399,1.02593,1.02363,1.02527,1.02330,1.02330,-49.97134,-1375.00000
3.42330,3.41113,3.41903,3.41409,3.42100,2.23234,2.23300,2.23596,2.23530,2.23596,1.02396,1.02593,1.02330,1.02494,1.02396,-49.97134,-1374.00000
3.41870,3.41738,3.42067,3.42264,3.41771,2.22675,2.23366,2.23432,2.23037,2.23070,1.02132,1.02264,1.02659,1.02396,1.02198,-50.58799,-1373.00000
3.41837,3.41771,3.41409,3.41541,3.42232,2.23234,2.23300,2.23169,2.23300,2.22971,1.02330,1.02100,1.02428,1.02428,1.02527,-50.58799,-1372.00000
3.41903,3.41640,3.41804,3.42133,3.41409,2.23037,2.23497,2.23399,2.23596,2.23201,1.02527,1.02692,1.02494,1.02560,1.02659,-50.96003,-1371.00000
3.42363,3.41870,3.42264,3.42100,3.41870,2.23399,2.23530,2.23300,2.23596,2.23399,1.02494,1.02461,1.02461,1.02692,1.02034,-50.96003,-1370.00000
3.42528,3.41442,3.42264,3.42264,3.41936,2.23300,2.23629,2.23793,2.23695,2.23333,1.02363,1.02264,1.02593,1.02593,1.02593,-50.74418,-1369.00000
3.42133,3.41705,3.42297,3.42067,3.42034,2.23300,2.23070,2.23497,2.23201,2.23465,1.02593,1.02198,1.02494,1.02461,1.02231,-50.74418,-1368.00000
3.42166,3.42133,3.41936,3.41771,3.42001,2.23136,2.23728,2.24089,2.23859,2.23563,1.02231,1.02363,1.02823,1.02461,1.02626,-51.06090,-1367.00000
3.42133,3.42462,3.42100,3.41245,3.41870,2.23136,2.23432,2.23432,2.23761,2.23432,1.02692,1.02034,1.02198,1.02823,1.02790,-51.06090,-1366.00000
3.41968,3.42133,3.41409,3.42593,3.41804,2.23530,2.23497,2.23267,2.23070,2.23497,1.01771,1.02363,1.02067,1.02198,1.02626,-51.49503,-1365.00000
3.41640,3.41936,3.41278,3.42001,3.41705,2.23333,2.22807,2.23103,2.23136,2.22938,1.02396,1.02264,1.02330,1.02461,1.02067,-51.31407,-1364.00000
3.42001,3.41409,3.41804,3.41870,3.41771,2.23497,2.23136,2.23366,2.22971,2.23333,1.02132,1.02264,1.02724,1.02067,1.02461,-51.31407,-1363.00000
3.41771,3.41048,3.41541,3.41870,3.41804,2.23662,2.23563,2.23267,2.22905,2.23366,1.02034,1.02067,1.02132,1.02198,1.02396,-51.31407,-1362.00000
3.41968,3.41376,3.41607,3.41278,3.41508,2.23070,2.23267,2.23432,2.23201,2.23201,1.02363,1.02067,1.02428,1.02330,1.02100,-51.07624,-1361.00000
3.41903,3.41409,3.41640,3.41705,3.41015,2.23300,2.23333,2.23793,2.23399,2.23497,1.02067,1.02198,1.02165,1.02264,1.02428,-51.07624,-1360.00000
3.41771,3.41640,3.42001,3.41409,3.41936,2.22577,2.23201,2.23300,2.23826,2.23497,1.02165,1.02165,1.02100,1.02067,1.01935,-51.40760,-1359.00000
3.41804,3.42034,3.41870,3.42199,3.42264,2.23563,2.23465,2.23662,2.23596,2.23399,1.01902,1.01935,1.02067,1.02560,1.02297,-51.40760,-1358.00000
3.41936,3.41837,3.41804,3.42100,3.42330,2.23234,2.23497,2.23070,2.23695,2.23300,1.02100,1.02001,1.01935,1.02396,1.01968,-50.86027,-1357.00000
3.42001,3.42067,3.41870,3.41738,3.41837,2.23333,2.23201,2.23761,2.23169,2.23629,1.02363,1.01935,1.02001,1.02363,1.01902,-50.86027,-1356.00000
3.42166,3.41738,3.41903,3.42133,3.41738,2.23629,2.23629,2.23629,2.23892,2.23859,1.02067,1.01771,1.02034,1.01738,1.01935,-50.90555,-1355.00000
3.42560,3.42330,3.42297,3.41475,3.41607,2.23497,2.24024,2.23399,2.23826,2.23169,1.01836,1.02132,1.01836,1.01771,1.01968,-50.90555,-1354.00000
3.42528,3.42330,3.41738,3.42133,3.42166,2.23728,2.23497,2.23169,2.23234,2.23169,1.01902,1.02198,1.02001,1.02165,1.02034,-50.96828,-1353.00000
3.41508,3.41113,3.42297,3.42133,3.41738,2.23497,2.23695,2.23201,2.23267,2.22905,1.02100,1.01705,1.01935,1.01804,1.01935,-50.96828,-1352.00000
3.42034,3.42297,3.42166,3.41936,3.41968,2.23300,2.23234,2.23596,2.23103,2.23761,1.01771,1.01672,1.02100,1.02067,1.01902,-50.75620,-1351.00000
3.42264,3.41574,3.41968,3.42034,3.42067,2.23234,2.23169,2.23366,2.23267,2.23662,1.01804,1.02067,1.01902,1.01672,1.02132,-50.75620,-1350.00000
3.42100,3.41738,3.41672,3.41508,3.41705,2.24057,2.23333,2.23728,2.23497,2.23333,1.01606,1.01804,1.01935,1.01639,1.01573,-50.46344,-1349.00000
3.41738,3.42232,3.42166,3.42001,3.41903,2.23892,2.23267,2.23432,2.23103,2.23695,1.01672,1.01705,1.01902,1.01705,1.01968,-50.46344,-1348.00000
3.42100,3.42889,3.41409,3.42791,3.41936,2.23201,2.23728,2.23333,2.22938,2.23432,1.01705,1.01705,1.01540,1.01869,1.01475,-50.13644,-1347.00000
3.41870,3.41541,3.42528,3.42166,3.42264,2.23563,2.23497,2.23596,2.23201,2.23596,1.01639,1.01573,1.01869,1.01573,1.01771,-50.13644,-1346.00000
3.42297,3.41968,3.41508,3.42001,3.41672,2.23465,2.23333,2.23465,2.23300,2.23761,1.01771,1.01442,1.01508,1.01540,1.01672,-50.01934,-1345.00000
3.41278,3.42001,3.42363,3.41771,3.41968,2.23991,2.23695,2.23169,2.23432,2.23728,1.01540,1.01244,1.01343,1.01902,1.01573,-50.01934,-1344.00000
3.42199,3.41475,3.42297,3.41376,3.42001,2.23136,2.23432,2.23333,2.23300,2.23300,1.01540,1.01508,1.01343,1.01639,1.01442,-49.78829,-1343.00000
3.41541,3.41508,3.41640,3.41968,3.42067,2.23399,2.23728,2.23136,2.23169,2.23169,1.01409,1.01376,1.01244,1.01343,1.01442,-49.78829,-1342.00000
3.41804,3.42264,3.42297,3.41771,3.41212,2.22938,2.23004,2.23136,2.23234,2.23136,1.01146,1.01639,1.01277,1.01080,1.01409,-49.60332,-1341.00000
3.41903,3.42166,3.41804,3.41607,3.42232,2.22873,2.23399,2.23728,2.23761,2.23234,1.01409,1.01508,1.01508,1.01211,1.01244,-49.60332,-1340.00000
3.41607,3.42034,3.41376,3.41936,3.41640,2.22971,2.23136,2.23695,2.23465,2.23169,1.01343,1.01277,1.01442,1.01277,1.01343,-49.48001,-1339.00000
3.41837,3.41640,3.41968,3.41640,3.42100,2.23169,2.23761,2.23201,2.23465,2.23333,1.01836,1.01573,1.01310,1.01442,1.01080,-49.48001,-1338.00000
3.41903,3.41870,3.42133,3.41771,3.42396,2.23333,2.23497,2.23761,2.22807,2.22905,1.01146,1.01146,1.01540,1.00981,1.01244,-49.54592,-1337.00000
3.41870,3.41870,3.41574,3.41870,3.41442,2.23596,2.23201,2.23728,2.23530,2.22774,1.01146,1.01376,1.01179,1.01014,1.01310,-49.54592,-1336.00000
3.41771,3.41903,3.42034,3.41442,3.42297,2.23234,2.23497,2.23169,2.23497,2.24024,1.01343,1.01179,1.01343,1.00915,1.01014,-49.86492,-1335.00000
3.42297,3.42330,3.42232,3.42133,3.42297,2.23563,2.23991,2.23596,2.23366,2.24057,1.00948,1.00883,1.01376,1.00948,1.01146,-49.86492,-1334.00000
3.42067,3.42100,3.43054,3.42133,3.42560,2.23629,2.23892,2.23333,2.23826,2.23563,1.00948,1.01409,1.00915,1.01310,1.01277,-49.96529,-1333.00000
3.42100,3.42264,3.42232,3.42067,3.42297,2.23366,2.23958,2.23465,2.23728,2.24057,1.01211,1.01277,1.00981,1.01409,1.01211,-49.96529,-1332.00000
3.42495,3.42692,3.42429,3.42889,3.43054,2.23497,2.22938,2.24155,2.23596,2.23761,1.01146,1.01310,1.00981,1.00883,1.01179,-49.91338,-1331.00000
3.41968,3.42330,3.42791,3.42297,3.42791,2.23728,2.23662,2.23333,2.24024,2.23070,1.01409,1.01014,1.00948,1.01146,1.00488,-49.91338,-1330.00000
3.43054,3.42528,3.42363,3.42791,3.42429,2.24254,2.23958,2.23563,2.23432,2.23761,1.01211,1.00883,1.01277,1.00915,1.01179,-50.02038,-1329.00000
3.42034,3.42495,3.42593,3.42001,3.42429,2.23432,2.23991,2.23958,2.23169,2.23399,1.00554,1.00850,1.00883,1.01310,1.01113,-50.02038,-1328.00000
3.42593,3.42462,3.41837,3.41738,3.42199,2.23629,2.23465,2.23826,2.23070,2.23399,1.00652,1.00883,1.01573,1.00751,1.00751,-49.59529,-1327.00000
3.42528,3.42495,3.42396,3.41968,3.41837,2.23201,2.23234,2.23530,2.23629,2.23300,1.01113,1.00915,1.00718,1.00587,1.00587,-49.59529,-1326.00000
3.42166,3.41837,3.42166,3.42429,3.42330,2.23037,2.23399,2.23497,2.23563,2.23728,1.00619,1.00455,1.01179,1.00587,1.00685,-49.61952,-1325.00000
3.42166,3.41508,3.42560,3.41278,3.41870,2.22971,2.23169,2.22511,2.23136,2.23037,1.00915,1.00850,1.00685,1.00883,1.01080,-49.61952,-1324.00000
3.41442,3.41640,3.41738,3.41640,3.42001,2.23563,2.23497,2.23267,2.23366,2.23497,1.00883,1.00850,1.00554,1.00718,1.00685,-50.35995,-1323.00000
3.41705,3.42199,3.41903,3.42001,3.41705,2.23234,2.23432,2.23201,2.23136,2.23267,1.00784,1.00455,1.00685,1.01113,1.00587,-50.35995,-1322.00000
3.41508,3.42264,3.41870,3.42264,3.41968,2.23300,2.23497,2.22807,2.23596,2.23004,1.01211,1.00751,1.00455,1.00554,1.00587,-50.22857,-1321.00000
3.41409,3.42001,3.41837,3.41508,3.41870,2.23234,2.23333,2.23530,2.23070,2.23267,1.00587,1.00817,1.00883,1.00619,1.00291,-50.22857,-1320.00000
3.41903,3.41968,3.42100,3.41804,3.42100,2.23201,2.23169,2.23333,2.23563,2.23300,1.00356,1.00422,1.00619,1.00652,1.00652,-50.39327,-1319.00000
3.41837,3.41541,3.42166,3.41968,3.41837,2.23201,2.22840,2.23366,2.23366,2.22938,1.00455,1.00521,1.00521,1.00159,1.00883,-49.94968,-1318.00000
3.41607,3.41771,3.41903,3.41541,3.41475,2.23596,2.23234,2.23366,2.23070,2.23695,1.00619,1.00784,1.00521,1.00192,1.00587,-49.94968,-1317.00000
3.41870,3.41705,3.41541,3.41607,3.41903,2.23267,2.23465,2.23366,2.23826,2.23366,1.00323,1.00291,1.00817,1.00323,1.00455,-49.94968,-1316.00000
3.41936,3.41903,3.41870,3.42067,3.41640,2.23563,2.23267,2.23300,2.23201,2.23530,1.00225,1.00521,1.00291,1.00554,1.00455,-49.73859,-1315.00000
3.41640,3.41508,3.41672,3.42100,3.42232,2.22971,2.23070,2.23201,2.23201,2.23300,1.00784,1.00093,1.00784,1.00356,1.00323,-49.73859,-1314.00000
3.42100,3.41804,3.41640,3.41870,3.42297,2.23169,2.23761,2.23103,2.23497,2.23596,1.00389,1.00291,1.00291,1.00258,1.00126,-49.66296,-1313.00000
3.41936,3.41640,3.41640,3.41837,3.41705,2.23399,2.22873,2.23629,2.23530,2.23465,1.00652,1.00126,1.00389,1.00389,1.00488,-49.66296,-1312.00000
3.41903,3.41475,3.41607,3.42396,3.41968,2.23530,2.23037,2.23333,2.23432,2.23136,1.00225,1.00225,1.00225,1.00192,1.00323,-49.68416,-1311.00000
3.42100,3.42199,3.41344,3.41311,3.41738,2.22938,2.23563,2.23530,2.23432,2.23234,0.99995,1.00027,1.00093,1.00323,1.00291,-49.68416,-1310.00000
3.42100,3.41475,3.41837,3.41705,3.42133,2.24024,2.23465,2.23169,2.23333,2.23300,0.99830,1.00060,1.00587,0.99995,1.00291,-50.21913,-1309.00000
3.41870,3.41738,3.42199,3.41442,3.42429,2.23300,2.23300,2.22774,2.23761,2.23333,1.00093,0.99896,1.00389,1.00258,0.99830,-50.21913,-1308.00000
3.41607,3.41376,3.42100,3.41870,3.41936,2.23201,2.22938,2.22971,2.23629,2.23234,0.99830,0.99764,0.99896,1.00060,1.00027,-50.02076,-1307.00000
3.41442,3.41409,3.41936,3.41968,3.42001,2.23530,2.23333,2.23366,2.23432,2.23201,0.99995,1.00422,1.00060,0.99797,1.00291,-50.02076,-1306.00000
3.42133,3.41508,3.42133,3.41870,3.41607,2.23300,2.23300,2.23793,2.22807,2.23695,1.00554,1.00093,0.99830,0.99830,0.99896,-50.23520,-1305.00000
3.41936,3.41640,3.41771,3.41508,3.42100,2.23432,2.23465,2.23169,2.23037,2.23432,1.00159,0.99929,0.99863,1.00126,0.99797,-50.43023,-1304.00000
3.41936,3.42034,3.41738,3.41376,3.41574,2.23366,2.22840,2.23070,2.23465,2.23530,1.00027,0.99666,0.99929,0.99929,1.00093,-50.43023,-1303.00000
3.41607,3.42001,3.41968,3.42001,3.41936,2.23563,2.23530,2.23432,2.23399,2.23629,0.99995,1.00060,0.99830,1.00225,1.00192,-50.33891,-1302.00000
3.41738,3.41903,3.41968,3.41738,3.41672,2.23399,2.23662,2.23530,2.23234,2.23497,1.00093,0.99896,0.99962,1.00258,0.99731,-50.33891,-1301.00000
3.42199,3.41903,3.42034,3.41804,3.41837,2.23234,2.23300,2.22938,2.23465,2.23596,0.99830,0.99896,0.99633,0.99731,0.99995,-50.33891,-1300.00000
3.40982,3.41574,3.41870,3.41640,3.42659,2.22873,2.22741,2.23793,2.23826,2.23169,1.00159,0.99896,0.99797,1.00027,0.99567,-50.64586,-1299.00000
3.42166,3.41903,3.41574,3.42034,3.41837,2.22873,2.23201,2.23399,2.23497,2.23267,0.99995,0.99731,0.99731,0.99896,0.99699,-50.64586,-1298.00000
3.42462,3.41508,3.41311,3.41837,3.41738,2.22938,2.23136,2.23037,2.23004,2.23563,0.99929,0.99435,1.00060,0.99666,0.99929,-50.71378,-1297.00000
3.41804,3.42330,3.41574,3.41640,3.41607,2.23333,2.23761,2.23267,2.23201,2.23728,1.00027,0.99797,1.00027,0.99764,0.99995,-50.71378,-1296.00000
3.41903,3.42264,3.41640,3.41607,3.41738,2.23629,2.23793,2.23432,2.23629,2.22971,0.99567,0.99534,0.99567,0.99995,0.99534,-50.51003,-1295.00000
3.41738,3.42528,3.41442,3.42100,3.42297,2.24024,2.23169,2.22774,2.23563,2.22971,0.99534,1.00027,0.99995,0.99764,0.99797,-50.51003,-1294.00000
3.42495,3.41968,3.41903,3.41936,3.41607,2.23465,2.23333,2.23695,2.23366,2.22873,0.99666,0.99633,1.00126,0.99863,0.99468,-50.40512,-1293.00000
3.42264,3.42462,3.42297,3.42593,3.42264,2.23728,2.23497,2.23333,2.23563,2.23497,0.99962,0.99501,0.99731,0.99370,0.99370,-50.40512,-1292.00000
3.42791,3.41738,3.42560,3.42297,3.41771,2.23530,2.23366,2.23267,2.23267,2.23432,0.99699,0.99271,0.99666,0.99370,0.99830,-50.58747,-1291.00000
3.41804,3.41672,3.41837,3.41672,3.41837,2.23925,2.23596,2.23366,2.23201,2.23399,0.99666,0.99370,0.99666,0.99501,0.99304,-50.58747,-1290.00000
3.42133,3.42166,3.41936,3.42100,3.42528,2.23892,2.23366,2.23465,2.23432,2.23728,0.99633,0.99600,0.99534,0.99403,0.99666,-50.22563,-1289.00000
3.41376,3.42067,3.42133,3.42330,3.42001,2.23826,2.23399,2.23333,2.23497,2.23333,0.99403,0.99238,0.99699,0.99534,0.99666,-50.22563,-1288.00000
3.42330,3.42133,3.42166,3.42264,3.42330,2.23366,2.23925,2.23761,2.23925,2.23530,0.99534,0.99534,0.99238,0.99567,0.99600,-50.16507,-1287.00000
3.42824,3.42034,3.42528,3.42166,3.42166,2.23563,2.23333,2.23859,2.23432,2.23925,0.99172,0.99238,0.99468,0.99666,0.99666,-50.16507,-1286.00000
3.42133,3.42396,3.42100,3.41936,3.41804,2.23530,2.23399,2.23366,2.23432,2.23596,0.99567,0.98942,0.99172,0.99337,0.99403,-49.92124,-1285.00000
3.41870,3.41442,3.42297,3.41738,3.41804,2.23300,2.23037,2.24122,2.23333,2.22905,0.98712,0.99205,0.99074,0.99797,0.99403,-49.92124,-1284.00000
3.42067,3.41607,3.42166,3.41640,3.42396,2.23629,2.23234,2.22905,2.23662,2.23169,0.99074,0.99041,0.99107,0.99304,0.99370,-50.17699,-1283.00000
3.41508,3.41968,3.41804,3.42330,3.41179,2.23366,2.23465,2.23629,2.23629,2.23366,0.99205,0.99107,0.99238,0.99172,0.98942,-50.17699,-1282.00000
3.42232,3.41870,3.41442,3.41409,3.41738,2.22807,2.23333,2.23465,2.23563,2.23333,0.99205,0.98909,0.99205,0.99041,0.99139,-50.07730,-1281.00000
3.41376,3.41771,3.41837,3.41804,3.42100,2.23958,2.23530,2.23333,2.23169,2.23267,0.98843,0.98909,0.98876,0.99041,0.99139,-50.07730,-1280.00000
3.41376,3.41409,3.41705,3.42067,3.41705,2.23169,2.23070,2.23366,2.23761,2.23037,0.99403,0.98811,0.99041,0.99008,0.99238,-49.90831,-1279.00000
3.41705,3.41409,3.41936,3.42034,3.41311,2.23037,2.22840,2.23234,2.23004,2.23399,0.98876,0.98942,0.98843,0.98679,0.99041,-49.90831,-1278.00000
3.41080,3.40982,3.41541,3.41278,3.41936,2.23201,2.23234,2.23596,2.22938,2.23300,0.98811,0.98778,0.98778,0.99041,0.98745,-50.40599,-1277.00000
3.41837,3.41640,3.41278,3.41771,3.41903,2.22905,2.22873,2.23201,2.23136,2.23333,0.98778,0.98811,0.98679,0.99074,0.99008,-50.40599,-1276.00000
3.41278,3.40817,3.41607,3.41541,3.41344,2.22938,2.23103,2.23103,2.23037,2.22774,0.99008,0.98811,0.98843,0.99008,0.98778,-50.34553,-1275.00000
3.41541,3.41672,3.41541,3.41837,3.41738,2.23004,2.23169,2.23432,2.23267,2.23267,0.98745,0.98613,0.98613,0.98580,0.98416,-50.34553,-1274.00000
3.41113,3.41541,3.41738,3.41245,3.41376,2.23366,2.23169,2.23300,2.23300,2.23267,0.98613,0.98811,0.98876,0.98679,0.98482,-50.53309,-1273.00000
3.41771,3.42034,3.41344,3.41574,3.41771,2.23234,2.23399,2.23169,2.22840,2.23037,0.98712,0.98317,0.99008,0.98679,0.98646,-50.53309,-1272.00000
3.41870,3.41870,3.41837,3.41804,3.41738,2.23432,2.23530,2.23267,2.23070,2.23333,0.98745,0.98416,0.98449,0.98679,0.98449,-50.50025,-1271.00000
3.42232,3.42100,3.42166,3.41311,3.42429,2.23300,2.23103,2.22905,2.23530,2.23465,0.98580,0.98449,0.98811,0.98416,0.98811,-50.50025,-1270.00000
3.41903,3.42067,3.41541,3.42166,3.41936,2.23662,2.23201,2.23300,2.23366,2.23563,0.98383,0.98942,0.98646,0.98843,0.98613,-50.18539,-1269.00000
3.41475,3.42495,3.41936,3.41936,3.41705,2.23103,2.23563,2.23596,2.23826,2.23432,0.98514,0.98482,0.98778,0.98449,0.98580,-50.18539,-1268.00000
3.41837,3.41508,3.41903,3.42199,3.41936,2.23563,2.23004,2.22971,2.23399,2.22971,0.98679,0.98679,0.98383,0.98317,0.98416,-49.92828,-1267.00000
3.41607,3.42133,3.42001,3.42264,3.41903,2.23136,2.23563,2.23497,2.23695,2.23530,0.98482,0.98251,0.98613,0.98350,0.98482,-49.92828,-1266.00000
3.41903,3.42593,3.42133,3.42166,3.41574,2.23465,2.23070,2.23432,2.23629,2.23333,0.98745,0.98449,0.98646,0.98251,0.98153,-49.84314,-1265.00000
3.42297,3.41705,3.41903,3.41936,3.41574,2.23234,2.23300,2.23695,2.23629,2.23563,0.98021,0.98482,0.98449,0.98416,0.98383,-49.84314,-1264.00000
3.42067,3.41968,3.41771,3.41705,3.42067,2.23366,2.23234,2.23366,2.23530,2.23234,0.97857,0.98251,0.98021,0.98416,0.98251,-49.62036,-1263.00000
3.41968,3.42528,3.42199,3.41541,3.41738,2.23530,2.23662,2.23169,2.23366,2.24024,0.97922,0.98087,0.98087,0.97955,0.98514,-49.62036,-1262.00000
3.41968,3.42232,3.41672,3.41968,3.41771,2.23366,2.23695,2.23300,2.23070,2.23826,0.98054,0.98383,0.97988,0.98186,0.97890,-50.50049,-1261.00000
3.41870,3.41837,3.42264,3.41705,3.42199,2.23004,2.23728,2.23169,2.23826,2.23366,0.98054,0.98482,0.97922,0.98021,0.98087,-50.50049,-1260.00000
3.42001,3.42626,3.42067,3.42495,3.42264,2.23563,2.23629,2.23201,2.23563,2.23563,0.97955,0.98317,0.97890,0.97857,0.97988,-50.25065,-1259.00000
3.41804,3.42133,3.41640,3.41705,3.42133,2.23399,2.23530,2.23563,2.23530,2.23563,0.97890,0.97561,0.98186,0.97857,0.98251,-50.25065,-1258.00000
3.42001,3.42001,3.41837,3.41738,3.41837,2.23695,2.23234,2.23530,2.23530,2.23333,0.97791,0.98153,0.97626,0.97922,0.97988,-50.05642,-1257.00000
3.42166,3.41804,3.42067,3.42363,3.42166,2.23761,2.23497,2.23761,2.23333,2.23497,0.97988,0.97922,0.97561,0.97659,0.98350,-50.05642,-1256.00000
3.41968,3.42429,3.41607,3.42462,3.42363,2.23695,2.23530,2.23234,2.23004,2.23728,0.98054,0.97396,0.97758,0.97857,0.97890,-50.29966,-1255.00000
3.41738,3.42330,3.42264,3.41113,3.41936,2.23399,2.23530,2.23333,2.22873,2.23366,0.98054,0.97363,0.97594,0.97462,0.97692,-50.29966,-1254.00000
3.41804,3.41409,3.42626,3.42363,3.41771,2.23793,2.22938,2.23629,2.23563,2.23169,0.97528,0.97692,0.97594,0.97692,0.97857,-50.63923,-1253.00000
3.42034,3.41409,3.41541,3.42232,3.41640,2.23267,2.23728,2.23563,2.22971,2.23333,0.97199,0.96969,0.97528,0.97232,0.97330,-50.63923,-1252.00000
3.42264,3.41804,3.42001,3.41541,3.42133,2.23432,2.23563,2.23596,2.23530,2.23169,0.97462,0.97692,0.97232,0.97232,0.97034,-51.36853,-1251.00000
3.41442,3.41672,3.41837,3.42429,3.41837,2.23925,2.23169,2.23465,2.23629,2.23596,0.96771,0.97363,0.97002,0.97166,0.97232,-51.36853,-1250.00000
3.42429,3.41968,3.41936,3.41968,3.41870,2.23596,2.23366,2.23300,2.23300,2.23070,0.96804,0.97232,0.97034,0.97265,0.96640,-51.02141,-1249.00000
3.42067,3.42560,3.41968,3.42692,3.42297,2.23136,2.23103,2.23169,2.23629,2.23169,0.97100,0.96771,0.97100,0.96870,0.96771,-51.02141,-1248.00000
3.42330,3.41870,3.42067,3.41705,3.41870,2.23103,2.23267,2.23004,2.23530,2.22971,0.96804,0.96969,0.97034,0.96771,0.96706,-50.65490,-1247.00000
3.41574,3.41837,3.41705,3.42297,3.41837,2.23991,2.23234,2.23333,2.23530,2.23300,0.96936,0.96673,0.96673,0.96377,0.96804,-50.65490,-1246.00000
3.41705,3.42001,3.41640,3.41508,3.42528,2.23399,2.23234,2.23793,2.23366,2.23300,0.96738,0.96804,0.97100,0.96640,0.96311,-50.45450,-1245.00000
3.41870,3.41640,3.41968,3.42166,3.41705,2.23596,2.23037,2.23103,2.23300,2.23333,0.96541,0.96870,0.97034,0.96804,0.96640,-50.45450,-1244.00000
3.42363,3.41672,3.42133,3.42133,3.41409,2.23826,2.22774,2.23793,2.23432,2.22675,0.96475,0.96410,0.96410,0.96969,0.96179,-50.44135,-1243.00000
3.42560,3.42034,3.42067,3.42330,3.42199,2.23465,2.23530,2.23629,2.23300,2.23596,0.96706,0.96311,0.96936,0.96804,0.96706,-50.44135,-1242.00000
3.42133,3.42199,3.42199,3.41607,3.41903,2.23925,2.23925,2.23662,2.23497,2.23563,0.96475,0.96508,0.96442,0.96508,0.96870,-50.25517,-1241.00000
3.42856,3.41837,3.42363,3.41771,3.41705,2.23662,2.23662,2.23530,2.23497,2.23267,0.96475,0.96146,0.96574,0.96344,0.96706,-50.25517,-1240.00000
3.41968,3.42166,3.42199,3.42330,3.42462,2.23563,2.23399,2.23497,2.23596,2.23892,0.96278,0.96541,0.96541,0.96673,0.96673,-50.59492,-1239.00000
3.41968,3.42166,3.41870,3.42297,3.41870,2.23267,2.23695,2.23695,2.23629,2.23695,0.96278,0.96245,0.96607,0.96706,0.96410,-50.59492,-1238.00000
3.42264,3.41870,3.42199,3.42363,3.42659,2.23662,2.23728,2.23629,2.23793,2.23465,0.96410,0.96442,0.96640,0.96870,0.96344,-50.79212,-1237.00000
3.42462,3.42528,3.41771,3.42133,3.42659,2.23761,2.23991,2.23761,2.23695,2.23497,0.96048,0.96245,0.96640,0.96245,0.96311,-50.44995,-1236.00000
3.42626,3.42067,3.42297,3.41771,3.42626,2.23728,2.23563,2.23728,2.23925,2.24320,0.95949,0.96870,0.96377,0.96410,0.96475,-50.44995,-1235.00000
3.42560,3.42067,3.42429,3.42067,3.42856,2.23761,2.23728,2.23596,2.23596,2.23333,0.95883,0.96015,0.95949,0.96541,0.96311,-50.44995,-1234.00000
3.42330,3.42528,3.42758,3.42100,3.42297,2.23267,2.23728,2.23267,2.24089,2.23629,0.96015,0.96311,0.96179,0.96212,0.95752,-50.30974,-1233.00000
3.42297,3.42429,3.41936,3.42363,3.42462,2.23169,2.23432,2.23793,2.23662,2.23695,0.96541,0.96146,0.96015,0.96377,0.96179,-50.30974,-1232.00000
3.42232,3.42232,3.42330,3.42067,3.42462,2.24024,2.23465,2.23859,2.23662,2.23497,0.95850,0.96048,0.96212,0.96245,0.95850,-49.95421,-1231.00000
3.42330,3.41968,3.42363,3.42856,3.41837,2.23432,2.23037,2.23662,2.23399,2.23530,0.96179,0.96015,0.96311,0.96114,0.96114,-49.93529,-1230.00000
3.41968,3.42264,3.42495,3.42330,3.42824,2.23497,2.23300,2.23563,2.23497,2.23629,0.95752,0.96245,0.95653,0.95785,0.95653,-49.93529,-1229.00000
3.42330,3.42363,3.42166,3.42528,3.42100,2.23728,2.23629,2.23399,2.23234,2.23300,0.95982,0.95752,0.96179,0.95785,0.96146,-49.93529,-1228.00000
3.42133,3.42133,3.42330,3.42133,3.41936,2.23563,2.23761,2.23761,2.23728,2.23563,0.96212,0.96048,0.95489,0.95785,0.95620,-50.29540,-1227.00000
3.42363,3.42528,3.41804,3.42264,3.42166,2.23465,2.23662,2.23530,2.23826,2.23432,0.95982,0.95587,0.95752,0.96048,0.95752,-50.29540,-1226.00000
3.42264,3.42429,3.42166,3.42462,3.42791,2.23958,2.23333,2.23563,2.23432,2.23629,0.95817,0.95719,0.96278,0.95850,0.96015,-50.28157,-1225.00000
3.41705,3.42396,3.42166,3.42429,3.42001,2.23465,2.23399,2.23004,2.23530,2.24122,0.95686,0.95949,0.95686,0.95982,0.95785,-50.28157,-1224.00000
3.42232,3.42232,3.42067,3.42626,3.41640,2.23662,2.23596,2.23563,2.23761,2.23695,0.96048,0.96114,0.96048,0.95554,0.95719,-50.04286,-1223.00000
3.42199,3.42166,3.41968,3.42758,3.42166,2.23695,2.23497,2.23991,2.23761,2.23399,0.95554,0.95225,0.95752,0.95521,0.95883,-50.04286,-1222.00000
3.41475,3.42528,3.41804,3.41870,3.42330,2.23563,2.23103,2.23465,2.23695,2.23497,0.95949,0.95620,0.95785,0.95916,0.95817,-49.75188,-1221.00000
3.42199,3.41837,3.42297,3.42593,3.42100,2.23958,2.23991,2.23497,2.23629,2.23563,0.95620,0.95456,0.95554,0.95554,0.96048,-49.75188,-1220.00000
3.42199,3.42462,3.41508,3.42034,3.41640,2.23169,2.23530,2.23366,2.23892,2.23465,0.95554,0.95489,0.95949,0.95390,0.95587,-49.36421,-1219.00000
3.42297,3.42001,3.42560,3.42232,3.42330,2.23530,2.23629,2.23366,2.23333,2.23728,0.95620,0.95620,0.95390,0.95390,0.95719,-49.36421,-1218.00000
3.42100,3.42166,3.42955,3.41738,3.42133,2.23958,2.24089,2.23596,2.23596,2.23432,0.95390,0.95620,0.95094,0.95324,0.95521,-49.13018,-1217.00000
3.42199,3.42297,3.42824,3.42199,3.41968,2.23761,2.23826,2.23366,2.23662,2.23563,0.95291,0.95127,0.95554,0.95423,0.95193,-49.13018,-1216.00000
3.42495,3.42725,3.42429,3.42692,3.42199,2.23859,2.23465,2.24024,2.23662,2.23300,0.95489,0.95390,0.95291,0.95752,0.95225,-49.64798,-1215.00000
3.42133,3.42429,3.41607,3.41968,3.42067,2.24089,2.23793,2.23728,2.23530,2.23629,0.95324,0.95456,0.95324,0.94897,0.95225,-49.64798,-1214.00000
3.42166,3.42232,3.41738,3.42133,3.42199,2.23563,2.23563,2.23103,2.23201,2.23366,0.95423,0.95061,0.95028,0.95028,0.95028,-49.95575,-1213.00000
3.42133,3.41672,3.42429,3.42199,3.42692,2.23596,2.23991,2.23826,2.23465,2.23793,0.95193,0.95390,0.95127,0.95291,0.95193,-49.95575,-1212.00000
3.42034,3.41968,3.41672,3.42166,3.41968,2.23465,2.23103,2.23826,2.23399,2.23103,0.95258,0.94962,0.95061,0.94864,0.95225,-49.34225,-1211.00000
3.42166,3.42133,3.42264,3.42330,3.41936,2.23465,2.23662,2.23399,2.23530,2.23793,0.94732,0.95160,0.95390,0.94633,0.94831,-49.34225,-1210.00000
3.41870,3.42297,3.42199,3.42034,3.41870,2.23629,2.23925,2.23267,2.23563,2.23629,0.95061,0.94962,0.94929,0.94995,0.94699,-48.94301,-1209.00000
3.42034,3.42100,3.41672,3.42330,3.42034,2.23070,2.23728,2.23695,2.23761,2.23596,0.94699,0.94568,0.94765,0.94798,0.94798,-48.94301,-1208.00000
3.41738,3.42199,3.42199,3.42791,3.42495,2.23169,2.23333,2.23793,2.23596,2.23432,0.94502,0.94666,0.94601,0.94666,0.95028,-48.71103,-1207.00000
3.41870,3.42001,3.42166,3.42264,3.42560,2.23596,2.23859,2.23925,2.23530,2.23728,0.94469,0.94633,0.94633,0.94568,0.94601,-48.71103,-1206.00000
3.42067,3.42264,3.42166,3.42199,3.42297,2.23662,2.23267,2.23728,2.23728,2.23432,0.94699,0.94699,0.94502,0.94469,0.94337,-47.04759,-1205.00000
3.42001,3.42100,3.42264,3.42133,3.41903,2.23629,2.23991,2.23070,2.23366,2.23728,0.94568,0.94239,0.94633,0.94732,0.94732,-47.04759,-1204.00000
3.42264,3.41771,3.42264,3.42330,3.42429,2.23925,2.23333,2.23333,2.24057,2.23432,0.93910,0.94436,0.94666,0.94370,0.94272,-44.35334,-1203.00000
3.42758,3.41705,3.42166,3.42100,3.42001,2.23761,2.23267,2.23695,2.23465,2.23728,0.94239,0.94074,0.93910,0.94305,0.93943,-44.35334,-1202.00000
3.42100,3.42166,3.42199,3.42297,3.41771,2.23695,2.23366,2.23892,2.23366,2.23399,0.94403,0.93877,0.93943,0.94633,0.94305,-44.72677,-1201.00000
3.41936,3.42001,3.42133,3.42264,3.42199,2.23432,2.23596,2.23793,2.23793,2.23333,0.94140,0.94173,0.94140,0.94173,0.93910,-44.72677,-1200.00000
3.42692,3.41903,3.42199,3.42396,3.42133,2.23563,2.23530,2.23728,2.23695,2.23925,0.94239,0.93680,0.94305,0.94041,0.94107,-46.19643,-1199.00000
3.41903,3.41837,3.41475,3.42593,3.41607,2.23530,2.23826,2.23958,2.23563,2.23793,0.93910,0.93811,0.93844,0.94140,0.93811,-46.19643,-1198.00000
3.41738,3.42133,3.42100,3.41640,3.42166,2.23267,2.23004,2.23432,2.23333,2.23267,0.93778,0.93713,0.93647,0.94041,0.93910,-47.05413,-1197.00000
3.41936,3.41640,3.42199,3.41936,3.41936,2.23728,2.23596,2.23399,2.23530,2.23465,0.93713,0.93943,0.94009,0.94074,0.93811,-47.05413,-1196.00000
3.42100,3.42100,3.42034,3.42593,3.41442,2.23728,2.23070,2.23629,2.23136,2.23662,0.93811,0.94074,0.93943,0.93680,0.93252,-47.50386,-1195.00000
3.42429,3.41903,3.41837,3.42001,3.41968,2.23432,2.23234,2.23859,2.23300,2.23793,0.93614,0.93647,0.93384,0.93384,0.93515,-47.50386,-1194.00000
3.42034,3.41738,3.42363,3.42297,3.42100,2.23136,2.23465,2.23497,2.23399,2.23103,0.93647,0.93614,0.93351,0.93252,0.93548,-48.30824,-1193.00000
3.42034,3.42462,3.41771,3.42199,3.41541,2.23662,2.23366,2.23530,2.23432,2.23991,0.93055,0.93252,0.93647,0.93614,0.93384,-48.30824,-1192.00000
3.42297,3.42100,3.42034,3.42166,3.41705,2.23267,2.23497,2.23695,2.23497,2.23596,0.93449,0.93778,0.93482,0.93548,0.93318,-48.54501,-1191.00000
3.41442,3.41903,3.42100,3.42001,3.41738,2.23859,2.23333,2.23563,2.23530,2.23596,0.93515,0.93417,0.93153,0.93219,0.93614,-48.54501,-1190.00000
3.42100,3.41903,3.41903,3.41705,3.41541,2.23201,2.23497,2.23169,2.23333,2.23070,0.93153,0.93252,0.93186,0.93548,0.93088,-49.21881,-1189.00000
3.41705,3.42100,3.41311,3.42001,3.42133,2.23826,2.23925,2.23563,2.23169,2.23563,0.93252,0.93417,0.93351,0.93153,0.93285,-49.21881,-1188.00000
3.42067,3.42067,3.41936,3.42264,3.42133,2.23497,2.23958,2.23563,2.23662,2.23465,0.93153,0.92989,0.93219,0.92923,0.92989,-49.61104,-1187.00000
3.42330,3.41804,3.42199,3.42034,3.41771,2.23136,2.23629,2.23432,2.23596,2.23267,0.93022,0.93022,0.93153,0.93285,0.93449,-49.61104,-1186.00000
3.42001,3.41640,3.42001,3.42166,3.41508,2.23497,2.23037,2.23497,2.23695,2.23728,0.93153,0.92956,0.93120,0.93318,0.92759,-50.12969,-1185.00000
3.41640,3.42133,3.41968,3.42429,3.42725,2.23563,2.23234,2.23497,2.22938,2.23629,0.92693,0.93252,0.92956,0.92627,0.92989,-50.39082,-1184.00000
3.41607,3.42166,3.42725,3.41640,3.41936,2.22905,2.23070,2.23234,2.22971,2.23925,0.92824,0.93120,0.92726,0.93088,0.92660,-50.39082,-1183.00000
3.41870,3.41837,3.42100,3.42429,3.42034,2.23497,2.22807,2.23366,2.23399,2.23169,0.92594,0.93219,0.92496,0.92890,0.92693,-50.39082,-1182.00000
3.41804,3.41541,3.42034,3.42067,3.42232,2.23333,2.23103,2.23037,2.22938,2.23103,0.92792,0.92496,0.92726,0.92989,0.92594,-50.18568,-1181.00000
3.41640,3.42166,3.41968,3.42232,3.42429,2.23267,2.23399,2.23432,2.23234,2.22971,0.92463,0.92792,0.92430,0.92726,0.92496,-50.18568,-1180.00000
3.41903,3.42100,3.41607,3.41607,3.41738,2.23728,2.23497,2.23234,2.23103,2.23037,0.92167,0.92364,0.92397,0.92594,0.92463,-50.84481,-1179.00000
3.41672,3.42001,3.41508,3.41640,3.41409,2.23300,2.23267,2.23662,2.23234,2.23333,0.92397,0.92528,0.92397,0.92134,0.92627,-50.84481,-1178.00000
3.41541,3.41903,3.42232,3.41837,3.42264,2.23695,2.23695,2.23432,2.22840,2.23892,0.92134,0.92594,0.92035,0.92430,0.92430,-51.34446,-1177.00000
3.41541,3.42100,3.41870,3.42001,3.41344,2.23300,2.23497,2.23300,2.23201,2.23136,0.92496,0.92397,0.92496,0.92463,0.92528,-51.34446,-1176.00000
3.41672,3.42199,3.41968,3.41968,3.42067,2.23103,2.24024,2.23333,2.23530,2.23563,0.92496,0.92232,0.92528,0.91904,0.92298,-51.27391,-1175.00000
3.41442,3.42100,3.42330,3.42100,3.41936,2.23136,2.23563,2.23596,2.23300,2.23432,0.91608,0.91640,0.92331,0.92397,0.91904,-51.27391,-1174.00000
3.42232,3.41738,3.42528,3.41607,3.42034,2.23596,2.23761,2.23892,2.23103,2.23925,0.92331,0.92068,0.92068,0.92167,0.92134,-51.19433,-1173.00000
3.42166,3.41903,3.42067,3.42330,3.41607,2.23267,2.23761,2.23267,2.23596,2.23070,0.91377,0.91772,0.92068,0.91904,0.92298,-50.57975,-1172.00000
3.41804,3.42034,3.41113,3.42100,3.42100,2.23695,2.23761,2.23399,2.23070,2.23826,0.92068,0.92134,0.92101,0.91904,0.91739,-50.57975,-1171.00000
3.42034,3.42264,3.41508,3.42166,3.42363,2.23432,2.23465,2.23497,2.23497,2.23662,0.91904,0.91871,0.91936,0.91673,0.91871,-50.57975,-1170.00000
3.42429,3.42330,3.42001,3.42199,3.42462,2.23695,2.23530,2.23497,2.23728,2.23399,0.91772,0.91969,0.91575,0.92068,0.91673,-50.77061,-1169.00000
3.41771,3.42034,3.42034,3.41607,3.42692,2.23596,2.23761,2.23892,2.23366,2.23695,0.91640,0.91542,0.91377,0.91344,0.91410,-50.77061,-1168.00000
3.42297,3.42133,3.42297,3.41936,3.42659,2.23629,2.23563,2.23596,2.23530,2.23267,0.91542,0.91608,0.91608,0.91739,0.91904,-50.65046,-1167.00000
3.42001,3.42528,3.42396,3.42297,3.42824,2.23892,2.23859,2.23991,2.23793,2.23695,0.91509,0.91739,0.91344,0.91904,0.91509,-50.65046,-1166.00000
3.42034,3.42067,3.42429,3.42593,3.41936,2.23563,2.23399,2.23761,2.23366,2.23563,0.91739,0.91542,0.91410,0.91509,0.91476,-50.37505,-1165.00000
3.42429,3.42396,3.42560,3.42922,3.42725,2.23728,2.23563,2.23925,2.24155,2.23793,0.91279,0.91476,0.91443,0.91443,0.91476,-50.37505,-1164.00000
3.42560,3.42955,3.42429,3.41903,3.42791,2.23432,2.23465,2.23793,2.23892,2.24287,0.91246,0.91640,0.91410,0.91509,0.91279,-50.19144,-1163.00000
3.42692,3.42528,3.42199,3.42692,3.42297,2.24057,2.23859,2.24254,2.23662,2.24024,0.91048,0.91180,0.91344,0.91213,0.91081,-50.19144,-1162.00000
3.42626,3.42363,3.42626,3.42232,3.42330,2.23695,2.23826,2.23925,2.24024,2.24089,0.91114,0.91312,0.91213,0.91509,0.90917,-49.59703,-1161.00000
3.42199,3.42199,3.42166,3.41903,3.42791,2.23925,2.23629,2.23793,2.24057,2.23728,0.91180,0.91180,0.91443,0.91180,0.91213,-49.59703,-1160.00000
3.42297,3.42067,3.42824,3.42758,3.42232,2.23530,2.23859,2.23925,2.23859,2.24024,0.91213,0.90588,0.91081,0.91048,0.91048,-48.93871,-1159.00000
3.42133,3.41804,3.42232,3.42429,3.42297,2.23958,2.24057,2.23662,2.23991,2.23629,0.91279,0.91114,0.91147,0.90983,0.90983,-48.93871,-1158.00000
3.42429,3.42396,3.41870,3.42528,3.42100,2.23465,2.24089,2.23793,2.23826,2.23859,0.90489,0.91213,0.90983,0.90292,0.90851,-47.92203,-1157.00000
3.42429,3.42396,3.42429,3.41870,3.42166,2.24057,2.23925,2.23859,2.23761,2.23695,0.90917,0.90884,0.90720,0.91180,0.90720,-47.92203,-1156.00000
3.42462,3.42067,3.42330,3.42626,3.42560,2.23826,2.24583,2.23432,2.23497,2.23530,0.90818,0.90884,0.91081,0.90720,0.90720,-47.18890,-1155.00000
3.42396,3.42593,3.42659,3.42396,3.42067,2.23662,2.23991,2.23530,2.23662,2.24089,0.90950,0.90752,0.90226,0.90785,0.90358,-47.18890,-1154.00000
3.42166,3.41442,3.42560,3.42922,3.41903,2.23925,2.23826,2.23201,2.23892,2.23366,0.90950,0.90292,0.90555,0.90720,0.90950,-44.44104,-1153.00000
3.42692,3.42297,3.42232,3.42692,3.42297,2.23958,2.24122,2.23826,2.23728,2.23695,0.90456,0.90391,0.90588,0.90654,0.90226,-44.44104,-1152.00000
3.42429,3.41936,3.42133,3.42626,3.42758,2.23169,2.24287,2.23892,2.23662,2.23859,0.90687,0.90160,0.90226,0.90424,0.90687,-44.74129,-1151.00000
3.42133,3.43054,3.42067,3.42725,3.41804,2.23629,2.24024,2.23695,2.23497,2.23793,0.90489,0.90029,0.90456,0.90391,0.90127,-44.74129,-1150.00000
3.42166,3.41475,3.42528,3.42166,3.41903,2.23892,2.23103,2.23465,2.23793,2.23629,0.90029,0.90160,0.90588,0.90292,0.90062,-44.53781,-1149.00000
3.41771,3.42034,3.42528,3.43021,3.42659,2.23695,2.23958,2.24089,2.23629,2.24122,0.90325,0.89996,0.90193,0.89864,0.90292,-44.53781,-1148.00000
3.42659,3.41870,3.42692,3.42396,3.41804,2.24254,2.23958,2.23793,2.23695,2.23859,0.90095,0.89766,0.89799,0.89799,0.89897,-45.67169,-1147.00000
3.42396,3.42495,3.42528,3.42330,3.42034,2.24254,2.23563,2.24024,2.23333,2.23629,0.89799,0.89568,0.90095,0.90325,0.90127,-45.67169,-1146.00000
3.41705,3.42429,3.42264,3.42626,3.42264,2.23728,2.23991,2.23925,2.23399,2.24089,0.89667,0.89634,0.89568,0.89831,0.89239,-46.27787,-1145.00000
3.41837,3.41640,3.42692,3.41903,3.41903,2.23859,2.23695,2.23892,2.24122,2.24418,0.89305,0.89404,0.89437,0.89667,0.89503,-46.27787,-1144.00000
3.42232,3.42363,3.42824,3.42232,3.42593,2.23695,2.23530,2.23399,2.23563,2.23728,0.89634,0.89601,0.89404,0.89733,0.89601,-47.01891,-1143.00000
3.42560,3.42133,3.42462,3.42692,3.41640,2.23399,2.23892,2.23432,2.24024,2.23859,0.89535,0.89535,0.89470,0.89601,0.89371,-47.37296,-1142.00000
3.42626,3.42560,3.42232,3.42396,3.42429,2.23925,2.23728,2.23563,2.23432,2.24155,0.89108,0.89404,0.89338,0.89272,0.89601,-47.37296,-1141.00000
3.42297,3.42100,3.42889,3.42330,3.42856,2.23958,2.23728,2.23958,2.23662,2.23563,0.89535,0.89075,0.89503,0.89470,0.89174,-47.37296,-1140.00000
3.42396,3.42133,3.42133,3.43021,3.41936,2.23695,2.23136,2.24155,2.24188,2.23366,0.88878,0.89108,0.89174,0.89141,0.89042,-48.21771,-1139.00000
3.42725,3.42067,3.42232,3.42232,3.42988,2.23728,2.23761,2.23859,2.23958,2.23991,0.88779,0.88911,0.89437,0.89141,0.88943,-48.21771,-1138.00000
3.42396,3.42462,3.42264,3.42363,3.42462,2.23662,2.23629,2.23826,2.23563,2.23925,0.89239,0.88976,0.89042,0.89075,0.89535,-48.88017,-1137.00000
3.42593,3.42363,3.41936,3.42034,3.42758,2.23530,2.24089,2.24089,2.23793,2.24089,0.88911,0.88976,0.88878,0.89207,0.88812,-48.96699,-1136.00000
3.42593,3.42791,3.42001,3.42495,3.42659,2.23596,2.24254,2.23925,2.23596,2.23728,0.89009,0.88976,0.88911,0.88911,0.88582,-48.96699,-1135.00000
3.42166,3.41903,3.42560,3.42429,3.42133,2.23399,2.23530,2.23629,2.23662,2.23399,0.89009,0.88680,0.89174,0.88878,0.89075,-48.96699,-1134.00000
3.42495,3.42232,3.42166,3.42560,3.42429,2.23925,2.23629,2.23925,2.24024,2.23859,0.88647,0.88450,0.88647,0.88647,0.88549,-49.44479,-1133.00000
3.42659,3.42363,3.42528,3.42264,3.42232,2.23596,2.23826,2.23399,2.23662,2.24155,0.88647,0.88582,0.89009,0.88647,0.88582,-49.44479,-1132.00000
3.42856,3.41968,3.42495,3.42297,3.42824,2.23629,2.23629,2.23991,2.23958,2.23465,0.88516,0.88351,0.88615,0.88615,0.88088,-49.76821,-1131.00000
3.42396,3.42758,3.41936,3.42626,3.42363,2.23728,2.24155,2.23859,2.24221,2.23793,0.88319,0.88220,0.88582,0.88549,0.88384,-49.76821,-1130.00000
3.42100,3.42232,3.41903,3.42626,3.42626,2.23497,2.24057,2.23695,2.23530,2.23136,0.88220,0.88220,0.88384,0.88154,0.88121,-50.09612,-1129.00000
3.42462,3.42001,3.42330,3.41771,3.42495,2.23695,2.23991,2.24155,2.23793,2.23629,0.88023,0.88253,0.88220,0.87990,0.88319,-50.27892,-1128.00000
3.42001,3.42396,3.42166,3.42692,3.42232,2.23991,2.23892,2.23596,2.23892,2.23892,0.87891,0.88319,0.87924,0.87825,0.88220,-50.27892,-1127.00000
3.42264,3.41968,3.42232,3.42560,3.42363,2.24287,2.23629,2.23991,2.23563,2.23432,0.87727,0.87694,0.88088,0.87792,0.88055,-50.27892,-1126.00000
3.41903,3.42232,3.42363,3.42232,3.42363,2.23793,2.23563,2.23793,2.23497,2.23761,0.87727,0.87562,0.87727,0.87463,0.87661,-50.60424,-1125.00000
3.42659,3.42001,3.42067,3.41837,3.41903,2.23695,2.23761,2.24024,2.23793,2.23366,0.87562,0.87463,0.87398,0.87727,0.87398,-50.60424,-1124.00000
3.41672,3.42264,3.41837,3.41968,3.42363,2.23662,2.23695,2.23596,2.23892,2.24155,0.87332,0.87365,0.87792,0.87529,0.87529,-50.94808,-1123.00000
3.41738,3.42264,3.42429,3.41771,3.42297,2.23267,2.23958,2.23563,2.23662,2.23662,0.87463,0.87430,0.87036,0.87463,0.87398,-50.94808,-1122.00000
3.42100,3.41738,3.42034,3.42462,3.42067,2.23629,2.23366,2.23859,2.23465,2.23629,0.86937,0.87299,0.87102,0.86575,0.87398,-50.76714,-1121.00000
3.42462,3.41903,3.42626,3.41870,3.42166,2.23596,2.23728,2.23958,2.23169,2.24089,0.87003,0.87365,0.87036,0.87299,0.87299,-50.76714,-1120.00000
3.41607,3.42034,3.42001,3.42264,3.42133,2.23695,2.23991,2.23497,2.24287,2.23761,0.87036,0.86937,0.86937,0.86970,0.87036,-50.81091,-1119.00000
3.41870,3.42166,3.42264,3.42560,3.42429,2.23530,2.23662,2.24353,2.23761,2.23662,0.87167,0.86904,0.86740,0.86937,0.86806,-51.12329,-1118.00000
3.42560,3.42264,3.42396,3.41771,3.42133,2.23465,2.24089,2.23530,2.23958,2.23596,0.86477,0.86773,0.86641,0.86575,0.86871,-51.12329,-1117.00000
3.42429,3.42528,3.41738,3.42429,3.42856,2.23695,2.24122,2.23826,2.23596,2.23629,0.87003,0.87003,0.86641,0.86838,0.86871,-51.12329,-1116.00000
3.42528,3.41771,3.41936,3.42330,3.41574,2.23465,2.23793,2.23859,2.23892,2.23629,0.86444,0.87102,0.86345,0.86575,0.86740,-50.93278,-1115.00000
3.42232,3.42593,3.42593,3.42166,3.41705,2.23596,2.24418,2.23399,2.23629,2.23793,0.86148,0.86411,0.86510,0.86378,0.86477,-50.93278,-1114.00000
3.42560,3.42495,3.42462,3.42528,3.42232,2.23497,2.23925,2.23695,2.23596,2.23728,0.86378,0.86378,0.86312,0.86641,0.86411,-50.59744,-1113.00000
3.42100,3.42297,3.42232,3.42396,3.41968,2.23629,2.24155,2.23793,2.23958,2.23958,0.86246,0.86049,0.86345,0.86378,0.86312,-50.59744,-1112.00000
3.42429,3.42297,3.42330,3.42758,3.42593,2.24057,2.23793,2.23826,2.23432,2.23530,0.86510,0.85852,0.86016,0.86181,0.86148,-49.92303,-1111.00000
3.42232,3.42429,3.42725,3.42363,3.42528,2.24024,2.23925,2.23991,2.23958,2.23728,0.86049,0.86246,0.85885,0.86016,0.86049,-49.92303,-1110.00000
3.42725,3.42495,3.42462,3.42725,3.42330,2.23761,2.24418,2.23530,2.24122,2.24155,0.85852,0.85819,0.86279,0.85950,0.85753,-49.74198,-1109.00000
3.42495,3.42232,3.42067,3.42001,3.42067,2.23925,2.23596,2.24188,2.23366,2.23761,0.86411,0.85753,0.85950,0.86214,0.86181,-49.74198,-1108.00000
3.42264,3.42363,3.42264,3.42922,3.42856,2.23991,2.24089,2.24089,2.24155,2.24122,0.85983,0.85720,0.85720,0.85950,0.85819,-50.10794,-1107.00000
3.42429,3.42429,3.42166,3.42659,3.41968,2.24221,2.23432,2.23991,2.23958,2.24057,0.85885,0.86345,0.85654,0.85852,0.85786,-50.10794,-1106.00000
3.42495,3.42363,3.42264,3.41672,3.42462,2.23925,2.24024,2.23399,2.23925,2.23991,0.85885,0.85885,0.85950,0.85786,0.85819,-50.55536,-1105.00000
3.41475,3.42495,3.42330,3.42067,3.41804,2.23596,2.23629,2.23859,2.23892,2.23004,0.85819,0.85490,0.85852,0.85523,0.86016,-50.55536,-1104.00000
3.42034,3.42264,3.42791,3.42264,3.42462,2.23596,2.23958,2.23826,2.23629,2.23563,0.85786,0.85523,0.85918,0.85227,0.85819,-50.77063,-1103.00000
3.41870,3.42100,3.42067,3.42100,3.42396,2.23596,2.23991,2.23563,2.23859,2.23596,0.85819,0.85622,0.85490,0.85326,0.85457,-50.77063,-1102.00000
3.42100,3.42396,3.42429,3.42133,3.42462,2.23432,2.24089,2.23892,2.23958,2.23333,0.85622,0.85589,0.85424,0.85260,0.85523,-50.39656,-1101.00000
3.42166,3.42166,3.42429,3.41771,3.41903,2.23267,2.23761,2.23629,2.23530,2.23793,0.85622,0.85358,0.85556,0.85622,0.85556,-50.39656,-1100.00000
3.42067,3.42363,3.41607,3.42297,3.42001,2.23892,2.23793,2.23432,2.23629,2.23465,0.85358,0.85293,0.85457,0.85326,0.85326,-50.45969,-1099.00000
3.42199,3.42001,3.42462,3.42001,3.42133,2.23563,2.23563,2.23629,2.23793,2.23793,0.85260,0.85556,0.85457,0.85095,0.85391,-50.45969,-1098.00000
3.41574,3.42659,3.41475,3.41640,3.41804,2.23991,2.23662,2.23333,2.23432,2.23563,0.84997,0.85128,0.85654,0.85095,0.85424,-50.01186,-1097.00000
3.41870,3.41903,3.42264,3.41672,3.42462,2.23793,2.24155,2.23432,2.23991,2.23530,0.85227,0.85194,0.84931,0.84635,0.85391,-50.01186,-1096.00000
3.41640,3.41870,3.41804,3.41837,3.42067,2.23563,2.23629,2.23859,2.23596,2.23859,0.84832,0.84733,0.84997,0.84931,0.84701,-50.56455,-1095.00000
3.41508,3.42067,3.41870,3.42199,3.42199,2.23629,2.23793,2.23300,2.23333,2.23300,0.84997,0.85062,0.84635,0.84865,0.84799,-50.56455,-1094.00000
3.42199,3.41771,3.41968,3.41903,3.42001,2.23563,2.23925,2.23136,2.23432,2.23465,0.84470,0.85293,0.84701,0.84536,0.85194,-50.64167,-1093.00000
3.41738,3.41738,3.42264,3.41870,3.41837,2.23465,2.23596,2.23234,2.23333,2.24353,0.84668,0.84635,0.84503,0.84799,0.85062,-50.64167,-1092.00000
3.41738,3.41903,3.42232,3.41903,3.41903,2.23563,2.23728,2.23037,2.24188,2.23958,0.84766,0.84635,0.84964,0.84569,0.84372,-50.75004,-1091.00000
3.41607,3.41541,3.41705,3.42100,3.41870,2.23728,2.23497,2.23432,2.23728,2.23399,0.84372,0.84701,0.84339,0.84240,0.84273,-50.75004,-1090.00000
3.41870,3.42264,3.41475,3.41409,3.41870,2.23662,2.23465,2.23201,2.23530,2.23169,0.84602,0.84141,0.84602,0.84635,0.84931,-51.09899,-1089.00000
3.42100,3.41837,3.41508,3.41837,3.41245,2.23695,2.23037,2.23201,2.23892,2.23070,0.83944,0.84306,0.84207,0.84405,0.84437,-51.09899,-1088.00000
3.41344,3.41475,3.41936,3.42232,3.41903,2.23234,2.23267,2.23662,2.23103,2.23267,0.84043,0.84109,0.84207,0.84372,0.84470,-50.85473,-1087.00000
3.42232,3.41903,3.41508,3.41936,3.41278,2.23958,2.23333,2.23465,2.23432,2.23991,0.84141,0.83977,0.83681,0.84141,0.84569,-50.85473,-1086.00000
3.41903,3.41870,3.41607,3.41804,3.41212,2.23201,2.23793,2.23497,2.23234,2.23432,0.83977,0.83714,0.83714,0.84207,0.84043,-50.68538,-1085.00000
3.41508,3.42001,3.41475,3.41278,3.41607,2.23859,2.23300,2.23925,2.23728,2.23136,0.83911,0.83944,0.84076,0.83878,0.83648,-50.68538,-1084.00000
3.41771,3.41771,3.42297,3.41541,3.41508,2.23629,2.23761,2.23695,2.23333,2.23859,0.83517,0.83615,0.83747,0.83681,0.84174,-50.67990,-1083.00000
3.41804,3.41705,3.41936,3.41409,3.41344,2.23432,2.23366,2.23103,2.23563,2.23399,0.83911,0.83878,0.83451,0.83385,0.83418,-50.67990,-1082.00000
3.41541,3.41870,3.41968,3.41607,3.41475,2.23366,2.23465,2.23432,2.23793,2.23530,0.83517,0.83418,0.83714,0.83352,0.83517,-51.08152,-1081.00000
3.41738,3.41574,3.41541,3.41870,3.41574,2.23366,2.23859,2.23761,2.23201,2.22807,0.83352,0.83845,0.83582,0.83648,0.83484,-51.08152,-1080.00000
3.41968,3.42100,3.41672,3.41640,3.41705,2.23267,2.23563,2.22971,2.23366,2.23497,0.83681,0.83615,0.83352,0.83286,0.83221,-51.20441,-1079.00000
3.41080,3.42396,3.42067,3.41771,3.42001,2.23103,2.23793,2.23333,2.23399,2.23497,0.83451,0.83089,0.83352,0.83221,0.82990,-51.20441,-1078.00000
3.41475,3.41442,3.41672,3.41541,3.41771,2.23333,2.23333,2.23136,2.23300,2.23234,0.82859,0.83253,0.83714,0.82990,0.83385,-50.87618,-1077.00000
3.41837,3.41541,3.41442,3.41837,3.41738,2.23530,2.23826,2.23761,2.23892,2.23497,0.82925,0.83352,0.83648,0.83286,0.82859,-50.87618,-1076.00000
3.41837,3.42133,3.41968,3.41672,3.41936,2.23695,2.23793,2.23925,2.23728,2.23695,0.83089,0.82530,0.83319,0.82694,0.82793,-51.14727,-1075.00000
3.41278,3.41870,3.42034,3.41738,3.41738,2.23432,2.23662,2.23596,2.24024,2.23563,0.82859,0.82760,0.82694,0.83056,0.82826,-51.01550,-1074.00000
3.42659,3.42297,3.42330,3.41640,3.41837,2.23728,2.23958,2.23563,2.23629,2.23366,0.82892,0.82530,0.82990,0.82530,0.82530,-51.01550,-1073.00000
3.42133,3.42166,3.42067,3.41541,3.41968,2.23103,2.23465,2.23530,2.23201,2.23432,0.82892,0.82727,0.82267,0.82596,0.82661,-51.01550,-1072.00000
3.41903,3.42199,3.41870,3.42330,3.42001,2.23399,2.23793,2.23399,2.23563,2.23465,0.82826,0.82365,0.82859,0.82464,0.82497,-51.86678,-1071.00000
3.42232,3.42396,3.41640,3.41837,3.41936,2.24057,2.23793,2.23563,2.23793,2.23925,0.82333,0.82431,0.82464,0.82497,0.82497,-51.86678,-1070.00000
3.41640,3.42593,3.41705,3.42528,3.42001,2.23596,2.23826,2.23958,2.23892,2.23991,0.82398,0.82069,0.82760,0.82530,0.82793,-51.87928,-1069.00000
3.41738,3.41837,3.42363,3.41903,3.42034,2.23267,2.23793,2.24221,2.23662,2.23991,0.81938,0.81971,0.82234,0.82135,0.82497,-51.87928,-1068.00000
3.42429,3.41607,3.42462,3.42297,3.42528,2.23958,2.23728,2.23728,2.23925,2.23333,0.81905,0.82036,0.82135,0.82431,0.82365,-51.94459,-1067.00000
3.41870,3.41968,3.42199,3.41968,3.41804,2.23793,2.24024,2.24057,2.24353,2.23728,0.82267,0.82234,0.82201,0.82201,0.81708,-51.94459,-1066.00000
3.42133,3.42462,3.42758,3.42034,3.42791,2.23826,2.23497,2.23728,2.23662,2.23662,0.81773,0.82004,0.81806,0.81708,0.81708,-51.61052,-1065.00000
3.42100,3.41804,3.42100,3.42363,3.42363,2.23563,2.23925,2.23761,2.23596,2.23925,0.81806,0.81214,0.81576,0.81773,0.81708,-51.40246,-1064.00000
3.41870,3.41837,3.41804,3.42330,3.41508,2.24057,2.23793,2.23728,2.23563,2.24188,0.81379,0.81412,0.81412,0.81642,0.81148,-51.40246,-1063.00000
3.42067,3.42232,3.42199,3.41968,3.42725,2.23432,2.23958,2.23793,2.23530,2.24024,0.81510,0.81346,0.81313,0.81280,0.81609,-51.40246,-1062.00000
3.41837,3.41870,3.42232,3.41344,3.41738,2.23497,2.23991,2.23695,2.23300,2.23563,0.81280,0.81477,0.81247,0.81116,0.81214,-50.94962,-1061.00000
3.42528,3.42067,3.41903,3.42166,3.41870,2.23892,2.23892,2.23991,2.24287,2.23662,0.81510,0.80721,0.80951,0.81148,0.81181,-50.94962,-1060.00000
3.42133,3.41672,3.42429,3.41903,3.42100,2.23399,2.23695,2.24057,2.23662,2.23695,0.80721,0.80984,0.81214,0.80885,0.81148,-50.98301,-1059.00000
3.41804,3.42330,3.42001,3.41903,3.42626,2.23925,2.23333,2.23958,2.23892,2.23826,0.81017,0.80721,0.81181,0.81116,0.81313,-50.98301,-1058.00000
3.42067,3.42396,3.42199,3.42396,3.42264,2.23596,2.23925,2.23728,2.24057,2.23761,0.80984,0.81148,0.80885,0.80984,0.80721,-50.53002,-1057.00000
3.42297,3.42330,3.42067,3.42133,3.42725,2.23629,2.23563,2.23958,2.23629,2.23366,0.80688,0.80787,0.80556,0.80885,0.80820,-50.53002,-1056.00000
3.41968,3.42232,3.42659,3.41936,3.42199,2.23728,2.23070,2.23629,2.23925,2.23629,0.81148,0.80820,0.80655,0.80918,0.80787,-50.14664,-1055.00000
3.42232,3.42758,3.41837,3.42659,3.42297,2.23793,2.23826,2.23761,2.23728,2.23530,0.80589,0.80852,0.80228,0.80688,0.80721,-50.14664,-1054.00000
3.42297,3.42232,3.42001,3.42001,3.42067,2.23991,2.23859,2.23761,2.23563,2.23761,0.80392,0.80359,0.80524,0.80392,0.80589,-50.46723,-1053.00000
3.42264,3.42034,3.42297,3.42133,3.42100,2.24122,2.23596,2.23201,2.23793,2.23169,0.80589,0.80655,0.80820,0.80458,0.80129,-50.46723,-1052.00000
3.42199,3.42396,3.42232,3.42396,3.42100,2.23497,2.23761,2.23728,2.23826,2.23333,0.80326,0.80721,0.80326,0.80425,0.80556,-50.44495,-1051.00000
3.41968,3.42725,3.42133,3.42166,3.41080,2.23793,2.23859,2.23662,2.24451,2.23728,0.80359,0.80524,0.79899,0.80195,0.80392,-50.44495,-1050.00000
3.42034,3.41903,3.41936,3.42692,3.42758,2.23892,2.23596,2.23563,2.23695,2.23826,0.80458,0.80458,0.80425,0.80162,0.80359,-50.89722,-1049.00000
3.41738,3.42593,3.42100,3.42560,3.41705,2.23530,2.23695,2.23925,2.23991,2.23859,0.80260,0.79668,0.79701,0.80326,0.79833,-50.89722,-1048.00000
3.41968,3.41837,3.41705,3.42232,3.42166,2.23465,2.23201,2.23761,2.23662,2.23991,0.79504,0.79997,0.80359,0.79964,0.79701,-50.44515,-1047.00000
3.41640,3.42067,3.42166,3.41968,3.42133,2.23629,2.23991,2.23399,2.23793,2.23793,0.79767,0.79734,0.80129,0.79833,0.79767,-50.44515,-1046.00000
3.41705,3.41968,3.42396,3.41936,3.42100,2.23432,2.23859,2.23169,2.23563,2.23563,0.79997,0.79668,0.79471,0.79405,0.79734,-50.92502,-1045.00000
3.41607,3.42297,3.42100,3.41738,3.41442,2.23234,2.23991,2.23530,2.23432,2.23629,0.79372,0.79471,0.79701,0.79537,0.79537,-50.92502,-1044.00000
3.42067,3.42396,3.42067,3.42133,3.41771,2.23399,2.23563,2.24057,2.23333,2.23465,0.79405,0.79800,0.79274,0.79438,0.79438,-50.88361,-1043.00000
3.42429,3.42264,3.42264,3.42133,3.41574,2.23497,2.23497,2.23103,2.23728,2.23596,0.78846,0.79175,0.79274,0.79043,0.79307,-50.88361,-1042.00000
3.41837,3.41607,3.42363,3.42034,3.41903,2.23267,2.23629,2.23497,2.23793,2.23530,0.78747,0.79109,0.79668,0.78813,0.79208,-51.40776,-1041.00000
3.41903,3.41936,3.42133,3.42001,3.41837,2.23629,2.23530,2.23530,2.23629,2.23958,0.78682,0.78780,0.79109,0.79043,0.78879,-51.40776,-1040.00000
3.42264,3.41968,3.41771,3.41738,3.42264,2.23629,2.23596,2.23563,2.23892,2.23366,0.78550,0.79011,0.78682,0.78846,0.78945,-51.84996,-1039.00000
3.42297,3.41903,3.42462,3.42363,3.41705,2.23826,2.23728,2.23662,2.23629,2.23201,0.78451,0.78320,0.78484,0.78978,0.79043,-51.84996,-1038.00000
3.42166,3.42199,3.42067,3.42330,3.42396,2.23497,2.23629,2.23728,2.23761,2.23629,0.78550,0.78715,0.78715,0.78419,0.78320,-51.30004,-1037.00000
3.42100,3.42330,3.42199,3.41672,3.42034,2.24254,2.23563,2.24057,2.24221,2.23366,0.78090,0.78386,0.78550,0.78517,0.78353,-51.30004,-1036.00000
3.42001,3.41376,3.42232,3.41903,3.42330,2.23201,2.23728,2.23432,2.23629,2.23300,0.78287,0.77991,0.78320,0.78188,0.77958,-51.23942,-1035.00000
3.42626,3.42264,3.42264,3.41837,3.41672,2.23530,2.23662,2.24057,2.23629,2.23432,0.78451,0.77794,0.78057,0.77859,0.77892,-51.23942,-1034.00000
3.41804,3.42133,3.42495,3.41968,3.42659,2.23596,2.23530,2.23399,2.23629,2.23497,0.78188,0.77662,0.78254,0.77892,0.77991,-50.87836,-1033.00000
3.41804,3.41738,3.41705,3.42166,3.42100,2.23432,2.23662,2.23465,2.23892,2.23563,0.78057,0.78024,0.77991,0.77958,0.77465,-50.87836,-1032.00000
3.41672,3.41607,3.42166,3.41771,3.42133,2.23728,2.23761,2.24024,2.23793,2.23366,0.78320,0.77662,0.77432,0.77794,0.77761,-50.83460,-1031.00000
3.41738,3.42133,3.42001,3.42034,3.41738,2.23695,2.23530,2.23859,2.23333,2.23563,0.77563,0.77366,0.77695,0.77563,0.77531,-50.83460,-1030.00000
3.41705,3.41837,3.42363,3.42133,3.41705,2.23892,2.23300,2.24254,2.23826,2.24089,0.77037,0.77202,0.77596,0.77333,0.77333,-50.84286,-1029.00000
3.41804,3.41837,3.42330,3.41409,3.42166,2.23826,2.23991,2.23793,2.23728,2.23925,0.77037,0.77037,0.77267,0.77037,0.77531,-50.84286,-1028.00000
3.41672,3.42067,3.41738,3.42297,3.41870,2.23826,2.23629,2.24089,2.23300,2.23530,0.76873,0.76873,0.77333,0.76971,0.76971,-51.21132,-1027.00000
3.41541,3.42462,3.41968,3.42396,3.41968,2.23399,2.23728,2.23892,2.23563,2.23892,0.76675,0.77037,0.76708,0.76840,0.77399,-50.97682,-1026.00000
3.41804,3.41903,3.41870,3.41936,3.41968,2.23695,2.23629,2.23991,2.23399,2.23465,0.77070,0.76675,0.76708,0.76774,0.76643,-50.97682,-1025.00000
3.41968,3.41837,3.42100,3.42034,3.41903,2.23826,2.23333,2.23563,2.23004,2.23991,0.76478,0.76873,0.76511,0.76445,0.76544,-50.97682,-1024.00000
3.42330,3.41903,3.42199,3.41968,3.41968,2.23728,2.23793,2.23958,2.24057,2.23991,0.76708,0.76412,0.76412,0.76577,0.76840,-50.88396,-1023.00000
3.42429,3.42034,3.42034,3.41903,3.42001,2.23629,2.24024,2.23859,2.23497,2.23629,0.76511,0.76083,0.76281,0.76445,0.76643,-50.88396,-1022.00000
3.42199,3.42166,3.41771,3.42100,3.41738,2.23826,2.23761,2.24089,2.23465,2.23662,0.76018,0.76346,0.75919,0.76083,0.75820,-51.51704,-1021.00000
3.42330,3.41968,3.42659,3.41936,3.42462,2.23695,2.23662,2.23629,2.23629,2.23366,0.75952,0.76018,0.75952,0.76116,0.76083,-51.51704,-1020.00000
3.41870,3.42232,3.41968,3.42133,3.42232,2.23695,2.23563,2.23563,2.23859,2.23728,0.75985,0.75820,0.75952,0.75787,0.75820,-51.66728,-1019.00000
3.42232,3.42067,3.41804,3.42429,3.42297,2.23728,2.23761,2.23563,2.23826,2.24057,0.76018,0.76050,0.75952,0.75590,0.75853,-51.66728,-1018.00000
3.42462,3.42396,3.41936,3.42001,3.41936,2.23169,2.23826,2.23826,2.23629,2.23991,0.75327,0.75426,0.75689,0.75524,0.75722,-51.53470,-1017.00000
3.42166,3.42363,3.42133,3.41837,3.41672,2.24188,2.23399,2.23629,2.23432,2.23991,0.75524,0.76050,0.75853,0.75294,0.75623,-51.53470,-1016.00000
3.42166,3.41968,3.42100,3.41574,3.41903,2.23497,2.23563,2.24057,2.23234,2.23366,0.75524,0.75327,0.75130,0.75919,0.75426,-51.66441,-1015.00000
3.41179,3.41968,3.42232,3.41837,3.42034,2.23793,2.23629,2.23366,2.23761,2.23563,0.75458,0.75130,0.75393,0.74932,0.75031,-51.11937,-1014.00000
3.42067,3.42626,3.42067,3.42429,3.42495,2.24155,2.23761,2.23761,2.23596,2.23300,0.74307,0.74669,0.74735,0.75064,0.74768,-51.11937,-1013.00000
3.41968,3.42330,3.42001,3.41804,3.41936,2.23497,2.24057,2.24155,2.23563,2.23201,0.74439,0.74998,0.74965,0.74702,0.74735,-51.11937,-1012.00000
3.41705,3.42034,3.41508,3.42429,3.41574,2.23530,2.23958,2.23826,2.23859,2.23465,0.74603,0.74472,0.74702,0.74570,0.74998,-51.57795,-1011.00000
3.42034,3.42264,3.41672,3.41837,3.42100,2.23333,2.23991,2.23925,2.23761,2.23662,0.74570,0.74932,0.74505,0.74472,0.74603,-51.57795,-1010.00000
3.41574,3.41705,3.41903,3.42067,3.41409,2.23695,2.23497,2.23662,2.23530,2.23859,0.74373,0.74274,0.74143,0.74011,0.74603,-51.51584,-1009.00000
3.41804,3.41738,3.42429,3.41541,3.42232,2.23366,2.23432,2.23136,2.23695,2.23859,0.74143,0.74176,0.74439,0.73978,0.74044,-51.51584,-1008.00000
3.41738,3.41804,3.40784,3.41738,3.42363,2.23136,2.23300,2.23826,2.23563,2.23563,0.73978,0.73847,0.74373,0.74176,0.74242,-51.41095,-1007.00000
3.41771,3.41475,3.42100,3.41541,3.41311,2.23399,2.23662,2.23333,2.23103,2.23333,0.73880,0.73288,0.73847,0.73814,0.74110,-51.41095,-1006.00000
3.41607,3.41409,3.41672,3.41409,3.41278,2.23596,2.23366,2.23267,2.23563,2.23333,0.73847,0.73880,0.73584,0.73617,0.73880,-50.97969,-1005.00000
3.41738,3.41344,3.41771,3.41903,3.41541,2.23399,2.23530,2.23629,2.23169,2.23465,0.73025,0.73715,0.73682,0.73551,0.73617,-50.97969,-1004.00000
3.41344,3.41804,3.41541,3.41574,3.42034,2.23596,2.23465,2.23793,2.23629,2.23629,0.73123,0.73189,0.73386,0.73057,0.73485,-51.14304,-1003.00000
3.40949,3.42001,3.41475,3.41837,3.41738,2.23728,2.23432,2.23103,2.23497,2.23728,0.73518,0.73485,0.73584,0.73156,0.73353,-51.14304,-1002.00000
3.41442,3.41113,3.41278,3.41738,3.41311,2.23333,2.23629,2.23596,2.23333,2.23662,0.73288,0.72761,0.73090,0.73189,0.73386,-51.08917,-1001.00000
3.41574,3.41574,3.41541,3.41508,3.41705,2.23728,2.23596,2.23070,2.23826,2.23695,0.72926,0.73057,0.73025,0.73057,0.73156,-50.64636,-1000.00000
3.41212,3.41409,3.41278,3.41936,3.41212,2.23563,2.23201,2.23596,2.23695,2.23695,0.72630,0.72531,0.72860,0.72729,0.72926,-50.64636,-999.00000
3.41705,3.41771,3.41409,3.41607,3.41409,2.23728,2.23169,2.23070,2.23267,2.23333,0.72926,0.72663,0.72202,0.72531,0.72893,-50.64636,-998.00000
3.42264,3.41640,3.42034,3.41344,3.41311,2.23530,2.23892,2.23465,2.23070,2.23136,0.72794,0.72465,0.72761,0.72334,0.72301,-50.96476,-997.00000
3.41870,3.41574,3.40817,3.40982,3.42264,2.23267,2.23169,2.23497,2.23530,2.23070,0.72202,0.72564,0.72334,0.72630,0.71939,-50.96476,-996.00000
3.41903,3.41541,3.41541,3.41475,3.41409,2.23136,2.23596,2.23465,2.23761,2.23465,0.72005,0.71775,0.72301,0.72729,0.72268,-50.81896,-995.00000
3.41640,3.41640,3.41278,3.41541,3.41475,2.22873,2.23267,2.23169,2.23037,2.23530,0.72729,0.72169,0.71873,0.72235,0.72169,-50.81896,-994.00000
3.41574,3.40982,3.41541,3.41442,3.41475,2.23333,2.23432,2.23563,2.23169,2.23103,0.72104,0.72137,0.72137,0.72137,0.71906,-50.85033,-993.00000
3.41771,3.41574,3.41442,3.41015,3.41212,2.23399,2.23761,2.23300,2.23432,2.23234,0.71643,0.71906,0.72465,0.72202,0.72137,-50.85033,-992.00000
3.41541,3.41212,3.42133,3.41640,3.41771,2.23530,2.23530,2.23432,2.23267,2.24024,0.71841,0.71577,0.72104,0.71775,0.71610,-51.36116,-991.00000
3.41672,3.41344,3.41804,3.41672,3.41771,2.23695,2.23169,2.23399,2.23662,2.23563,0.71380,0.71906,0.71676,0.71808,0.71347,-51.36116,-990.00000
3.41311,3.41245,3.42067,3.41672,3.41738,2.23169,2.23497,2.23300,2.23267,2.23201,0.71216,0.71413,0.71479,0.71512,0.71742,-51.10926,-989.00000
3.41870,3.42264,3.42067,3.41738,3.41804,2.23497,2.24057,2.24320,2.23695,2.23728,0.71281,0.71446,0.71479,0.71446,0.71117,-51.10926,-988.00000
3.41475,3.41672,3.42166,3.41640,3.41903,2.23530,2.24057,2.23662,2.23267,2.23530,0.70755,0.71479,0.71281,0.71479,0.71709,-51.64608,-987.00000
3.41804,3.41541,3.41837,3.41738,3.42297,2.23629,2.23826,2.23596,2.23629,2.23366,0.71249,0.71413,0.71643,0.71117,0.71249,-51.64608,-986.00000
3.42166,3.42396,3.41837,3.42067,3.42297,2.23629,2.23991,2.23662,2.23991,2.23300,0.70953,0.71249,0.71216,0.71183,0.71380,-51.39850,-985.00000
3.42593,3.42330,3.42133,3.41903,3.42462,2.23991,2.23826,2.23695,2.24385,2.23629,0.71281,0.71216,0.71150,0.71018,0.71084,-51.39850,-984.00000
3.42626,3.42330,3.42824,3.42528,3.42034,2.23892,2.23958,2.23728,2.23761,2.23892,0.70591,0.70788,0.70985,0.71018,0.70953,-51.59314,-983.00000
3.42133,3.42001,3.42232,3.42330,3.42001,2.23859,2.23958,2.23629,2.23991,2.24057,0.70722,0.70788,0.70492,0.70854,0.70689,-51.59314,-982.00000
3.41607,3.42297,3.41870,3.42001,3.42396,2.23925,2.23333,2.24024,2.23728,2.23826,0.70262,0.70854,0.70558,0.70689,0.70163,-51.52433,-981.00000
3.41705,3.42133,3.41936,3.41936,3.41870,2.23761,2.23695,2.23497,2.23695,2.23695,0.70360,0.70459,0.69999,0.70262,0.70525,-51.45567,-980.00000
3.41607,3.42199,3.42495,3.41376,3.41771,2.23761,2.23892,2.23859,2.24221,2.23662,0.70163,0.69900,0.70689,0.70196,0.70295,-51.45567,-979.00000
3.41968,3.42264,3.42659,3.42659,3.41968,2.24024,2.23563,2.23629,2.23991,2.24385,0.70064,0.69966,0.69999,0.69834,0.70328,-51.45567,-978.00000
3.42791,3.41607,3.42363,3.41968,3.43087,2.23826,2.23991,2.24024,2.24353,2.24089,0.70196,0.70032,0.69933,0.70064,0.70130,-51.89005,-977.00000
3.41738,3.41968,3.42856,3.42067,3.41344,2.23925,2.23793,2.23925,2.24089,2.23991,0.69867,0.69736,0.69834,0.70163,0.69966,-51.89005,-976.00000
3.41804,3.42001,3.41672,3.41936,3.41442,2.23761,2.23070,2.23629,2.23892,2.23497,0.69703,0.69768,0.70163,0.69966,0.69736,-51.71088,-975.00000
3.41738,3.42725,3.41936,3.42232,3.41968,2.23958,2.24024,2.23958,2.23530,2.23826,0.69275,0.69374,0.69538,0.69637,0.69867,-51.71088,-974.00000
3.41541,3.41903,3.42034,3.41508,3.42133,2.23925,2.23103,2.23629,2.23201,2.23432,0.69407,0.69538,0.69440,0.69374,0.69505,-51.81767,-973.00000
3.41968,3.41771,3.41903,3.41771,3.41705,2.23958,2.23662,2.23826,2.23892,2.23695,0.69505,0.69637,0.69407,0.69440,0.69176,-51.81767,-972.00000
3.41705,3.42166,3.41968,3.41804,3.41804,2.23497,2.23826,2.23563,2.23925,2.23267,0.69275,0.69176,0.69341,0.69111,0.69209,-51.91328,-971.00000
3.41475,3.41870,3.41738,3.41607,3.41968,2.23662,2.23728,2.24089,2.23300,2.23300,0.69275,0.68913,0.69176,0.69144,0.69604,-51.91328,-970.00000
3.42100,3.41903,3.41212,3.42396,3.42001,2.23596,2.23793,2.23991,2.23300,2.23563,0.69242,0.68880,0.69308,0.68946,0.68913,-51.62708,-969.00000
3.41541,3.41870,3.41870,3.41574,3.41442,2.23892,2.23662,2.24089,2.23892,2.23366,0.68946,0.68749,0.69407,0.68913,0.68387,-51.62708,-968.00000
3.41607,3.41870,3.41672,3.41409,3.42001,2.23596,2.23267,2.23300,2.23826,2.23432,0.68617,0.68716,0.68584,0.68979,0.68519,-51.36141,-967.00000
3.42232,3.42034,3.41475,3.41738,3.41311,2.23530,2.23991,2.24089,2.23925,2.23991,0.68552,0.68387,0.68354,0.68486,0.68519,-51.36141,-966.00000
3.41278,3.41738,3.41574,3.41508,3.41442,2.23958,2.23465,2.23399,2.23530,2.23267,0.68683,0.68552,0.68387,0.68552,0.67992,-51.18267,-965.00000
3.41146,3.40916,3.41672,3.40850,3.41738,2.22938,2.23728,2.23234,2.22938,2.23004,0.68552,0.68190,0.68387,0.68124,0.68190,-51.18267,-964.00000
3.41048,3.40686,3.41640,3.40752,3.41245,2.23497,2.23234,2.23399,2.23037,2.23596,0.67828,0.68288,0.68124,0.68321,0.67631,-51.17745,-963.00000
3.41508,3.41344,3.40982,3.40883,3.41738,2.23793,2.23136,2.22807,2.23136,2.23300,0.67894,0.67598,0.67828,0.68058,0.67927,-51.17745,-962.00000
3.41113,3.41113,3.41442,3.40916,3.41245,2.23300,2.23267,2.23530,2.23596,2.23169,0.67663,0.67992,0.67565,0.67696,0.67894,-51.24069,-961.00000
3.41376,3.41179,3.41212,3.41508,3.40949,2.23497,2.23333,2.23892,2.23497,2.23267,0.67499,0.67236,0.67367,0.67367,0.67894,-51.24069,-960.00000
3.41508,3.41672,3.41771,3.41672,3.41245,2.23563,2.23530,2.23465,2.23103,2.23399,0.67367,0.67532,0.67663,0.67828,0.67335,-51.21124,-959.00000
3.41541,3.41903,3.41409,3.41640,3.41541,2.23399,2.23465,2.23399,2.23958,2.23728,0.67071,0.67269,0.67269,0.67236,0.67137,-51.21124,-958.00000
3.41771,3.41705,3.41409,3.42100,3.41870,2.23497,2.23563,2.23530,2.23629,2.23497,0.66743,0.66907,0.66874,0.66973,0.66973,-51.24044,-957.00000
3.42133,3.41903,3.41738,3.41541,3.41640,2.24024,2.23629,2.23530,2.23892,2.23530,0.66611,0.66940,0.66940,0.67499,0.67203,-51.24044,-956.00000
3.41607,3.41146,3.41541,3.41146,3.41936,2.23497,2.23761,2.23629,2.23629,2.23103,0.66973,0.67170,0.66743,0.67006,0.66611,-51.40313,-955.00000
3.41442,3.41541,3.41409,3.41541,3.41442,2.23497,2.23004,2.23596,2.23925,2.23695,0.66808,0.66940,0.66512,0.66841,0.66348,-51.40313,-954.00000
3.41903,3.41936,3.41344,3.41903,3.42528,2.24089,2.24188,2.23070,2.23432,2.23761,0.65887,0.65953,0.66151,0.66644,0.66611,-51.56693,-953.00000
3.41968,3.41837,3.42067,3.41870,3.42593,2.23432,2.23925,2.23958,2.23596,2.23728,0.66183,0.66249,0.66282,0.66315,0.65822,-51.40432,-952.00000
3.41870,3.41804,3.41903,3.42100,3.41508,2.24057,2.23826,2.23530,2.23497,2.23793,0.66118,0.66315,0.65986,0.65920,0.66447,-51.40432,-951.00000
3.41968,3.42166,3.42199,3.41936,3.41936,2.23925,2.23563,2.23267,2.23925,2.23432,0.66183,0.66151,0.66019,0.66183,0.65822,-51.40432,-950.00000
3.41574,3.42067,3.41311,3.42100,3.41508,2.24320,2.23399,2.24155,2.23662,2.23662,0.66151,0.66183,0.66052,0.65460,0.65657,-51.69305,-949.00000
3.42133,3.41804,3.42232,3.42166,3.41936,2.23497,2.23859,2.23234,2.23761,2.23695,0.65559,0.65723,0.66216,0.65822,0.65920,-51.69305,-948.00000
3.41903,3.41442,3.42462,3.41409,3.42528,2.23892,2.24057,2.23761,2.23925,2.23793,0.66019,0.65098,0.65887,0.65460,0.65526,-51.49166,-947.00000
3.42232,3.41672,3.41245,3.41804,3.41968,2.23662,2.23826,2.23103,2.24122,2.23267,0.65559,0.65361,0.65887,0.65559,0.65789,-51.49166,-946.00000
3.42001,3.41212,3.41968,3.41311,3.41409,2.23728,2.23793,2.23465,2.23695,2.23497,0.65262,0.65624,0.65493,0.65394,0.65328,-51.53643,-945.00000
3.41344,3.41409,3.41113,3.41212,3.41311,2.23465,2.23465,2.23629,2.24089,2.23728,0.65361,0.65427,0.65460,0.65559,0.65460,-51.53643,-944.00000
3.41738,3.41212,3.41607,3.41376,3.41311,2.23399,2.23399,2.23465,2.23563,2.23432,0.65197,0.65328,0.65328,0.65295,0.65065,-51.46862,-943.00000
3.41508,3.41442,3.40850,3.41475,3.41607,2.23530,2.23136,2.23662,2.23465,2.22971,0.65230,0.65230,0.65230,0.65295,0.64966,-51.46862,-942.00000
3.41212,3.41179,3.41376,3.41278,3.41311,2.23662,2.23563,2.23497,2.23366,2.23695,0.64769,0.64835,0.65131,0.65230,0.64835,-51.49340,-941.00000
3.41442,3.41672,3.41541,3.41278,3.41738,2.23563,2.23465,2.23300,2.23859,2.23136,0.65230,0.64868,0.64638,0.65065,0.65197,-51.49340,-940.00000
3.41442,3.40784,3.41179,3.41705,3.41212,2.23399,2.23004,2.23136,2.23596,2.23432,0.64539,0.65032,0.65032,0.64868,0.64046,-51.07698,-939.00000
3.41607,3.41146,3.41311,3.40883,3.40850,2.23037,2.23728,2.23662,2.23366,2.23399,0.64111,0.64506,0.64506,0.64342,0.64703,-51.07698,-938.00000
3.40982,3.41376,3.41113,3.41574,3.41179,2.23201,2.23662,2.23267,2.23234,2.23300,0.64374,0.64506,0.64374,0.63848,0.64309,-51.31695,-937.00000
3.41179,3.41212,3.40883,3.40949,3.41179,2.23234,2.23234,2.22840,2.23366,2.23201,0.64177,0.64243,0.64046,0.64144,0.64572,-51.31695,-936.00000
3.41179,3.41442,3.41113,3.41048,3.40982,2.23070,2.23136,2.22971,2.23596,2.23563,0.63684,0.63980,0.64243,0.63881,0.64013,-51.30602,-935.00000
3.41048,3.40982,3.40916,3.41212,3.40653,2.23234,2.23497,2.23465,2.23267,2.22971,0.63782,0.63717,0.63717,0.63782,0.63914,-51.30602,-934.00000
3.40982,3.40982,3.41212,3.40850,3.41409,2.23596,2.23432,2.23169,2.23366,2.23695,0.63815,0.63881,0.64309,0.63947,0.63750,-50.89998,-933.00000
3.40719,3.42067,3.40817,3.41344,3.41146,2.23629,2.23629,2.23201,2.23826,2.23070,0.63454,0.63585,0.63552,0.63585,0.63388,-50.89998,-932.00000
3.41837,3.41015,3.41212,3.40949,3.41344,2.23300,2.23563,2.23563,2.23991,2.23234,0.63125,0.63585,0.63256,0.63421,0.63552,-50.95318,-931.00000
3.41344,3.41409,3.41245,3.41344,3.41738,2.23465,2.23465,2.23201,2.23662,2.23432,0.63454,0.63125,0.63454,0.63618,0.63158,-50.95318,-930.00000
3.40982,3.41311,3.41179,3.41146,3.41344,2.23662,2.23399,2.23793,2.23465,2.23563,0.63552,0.62993,0.63190,0.63289,0.62763,-50.81774,-929.00000
3.41837,3.40653,3.41212,3.41870,3.41080,2.23793,2.23432,2.23497,2.23300,2.23399,0.63125,0.62927,0.62763,0.63092,0.63026,-50.81774,-928.00000
3.41508,3.41048,3.41640,3.41376,3.41048,2.23563,2.23103,2.23300,2.23826,2.23695,0.62763,0.62598,0.62269,0.62730,0.62960,-50.35473,-927.00000
3.41048,3.41541,3.41442,3.41376,3.41475,2.23563,2.23728,2.23399,2.23629,2.23103,0.62730,0.62368,0.62467,0.62533,0.62960,-50.35473,-926.00000
3.41212,3.40982,3.41409,3.41442,3.40686,2.23465,2.23793,2.23432,2.23695,2.23530,0.62533,0.62467,0.62500,0.62730,0.62368,-50.45621,-925.00000
3.41705,3.41409,3.41738,3.41771,3.40850,2.23596,2.23103,2.23136,2.23859,2.23563,0.62664,0.62434,0.61908,0.61908,0.62335,-50.45621,-924.00000
3.41311,3.41146,3.41048,3.41409,3.41409,2.23465,2.23366,2.23530,2.23793,2.23826,0.61941,0.62105,0.61809,0.61973,0.62566,-50.40180,-923.00000
3.41245,3.41212,3.41442,3.41278,3.41771,2.23497,2.23761,2.23563,2.23563,2.23793,0.62105,0.61973,0.62335,0.62039,0.62171,-50.40180,-922.00000
3.41113,3.41738,3.40817,3.41146,3.41672,2.23366,2.23399,2.23465,2.23728,2.23859,0.61612,0.61743,0.61809,0.61809,0.61908,-50.47132,-921.00000
3.40982,3.41278,3.40850,3.40521,3.41344,2.23234,2.23399,2.23563,2.23530,2.23432,0.61809,0.62006,0.61776,0.61579,0.61973,-50.47132,-920.00000
3.41245,3.41376,3.41179,3.40916,3.41245,2.23267,2.23037,2.23530,2.23267,2.23136,0.61612,0.61776,0.61612,0.61645,0.61612,-50.56486,-919.00000
3.41804,3.41278,3.41080,3.40521,3.40982,2.23201,2.23267,2.23629,2.23826,2.23366,0.61414,0.61250,0.61250,0.61875,0.61316,-50.56486,-918.00000
3.40817,3.40423,3.40850,3.41015,3.41376,2.23497,2.23136,2.23826,2.23366,2.23728,0.60921,0.61579,0.61546,0.61151,0.61217,-51.00320,-917.00000
3.40850,3.41080,3.41212,3.40719,3.41212,2.23267,2.22807,2.23629,2.23892,2.23432,0.60954,0.61283,0.61118,0.60724,0.60954,-51.00320,-916.00000
3.41311,3.40916,3.41245,3.41080,3.41311,2.23267,2.23465,2.23497,2.23465,2.23267,0.60888,0.61020,0.60822,0.60691,0.60724,-51.23195,-915.00000
3.41113,3.40949,3.41574,3.41080,3.41475,2.23070,2.23070,2.23629,2.23958,2.23432,0.60395,0.60428,0.60724,0.61020,0.60362,-51.23195,-914.00000
3.41146,3.41376,3.41245,3.41179,3.41771,2.23497,2.23004,2.23399,2.23366,2.23629,0.60165,0.60033,0.60461,0.60428,0.60395,-50.93361,-913.00000
3.41311,3.40883,3.41344,3.41015,3.41607,2.23530,2.23300,2.23103,2.23662,2.23629,0.60099,0.60362,0.60296,0.60033,0.60132,-50.93361,-912.00000
3.40719,3.41936,3.41475,3.40752,3.40949,2.23793,2.23432,2.23826,2.23432,2.23859,0.59967,0.59770,0.59671,0.59605,0.60099,-50.85841,-911.00000
3.41113,3.41212,3.41672,3.41146,3.41475,2.23728,2.23563,2.23432,2.23662,2.23399,0.59605,0.60000,0.60428,0.59671,0.59441,-50.85841,-910.00000
3.41278,3.41672,3.41245,3.41212,3.41475,2.23859,2.23432,2.23563,2.23399,2.23761,0.59869,0.59737,0.59474,0.59836,0.59803,-51.21355,-909.00000
3.41607,3.41080,3.41344,3.41672,3.41442,2.23761,2.24089,2.23563,2.23629,2.23892,0.59737,0.58783,0.59572,0.59803,0.59507,-51.21355,-908.00000
3.41705,3.41640,3.41771,3.41146,3.41968,2.23366,2.23991,2.23596,2.24089,2.23728,0.59211,0.59309,0.59474,0.59079,0.59145,-50.45096,-907.00000
3.41804,3.41640,3.42232,3.41179,3.41640,2.23859,2.23695,2.23826,2.23859,2.23333,0.58915,0.59408,0.58849,0.59638,0.59211,-50.45096,-906.00000
3.41607,3.42100,3.41771,3.41672,3.42001,2.23991,2.23793,2.24320,2.24155,2.23695,0.59112,0.58487,0.59079,0.58915,0.58948,-50.09068,-905.00000
3.42363,3.42034,3.42001,3.42034,3.42001,2.23826,2.23892,2.23892,2.24089,2.23958,0.58783,0.59112,0.58948,0.58224,0.58553,-50.09068,-904.00000
3.41409,3.42297,3.42001,3.41607,3.42297,2.23563,2.24089,2.24385,2.23728,2.23530,0.58290,0.58586,0.58948,0.58980,0.58520,-50.39737,-903.00000
3.42001,3.41672,3.41607,3.41837,3.41804,2.23399,2.23563,2.23563,2.23958,2.23958,0.58421,0.58750,0.58224,0.58290,0.57796,-50.39737,-902.00000
3.41903,3.41640,3.42396,3.41837,3.41771,2.23662,2.23728,2.23991,2.24089,2.23728,0.58257,0.58487,0.58125,0.58586,0.58125,-50.50742,-901.00000
3.41837,3.41541,3.41508,3.41968,3.41903,2.23859,2.24287,2.23728,2.24155,2.23793,0.57961,0.58257,0.58290,0.58388,0.57862,-50.50742,-900.00000
3.41903,3.42001,3.42396,3.41837,3.41640,2.23695,2.24517,2.24024,2.24024,2.24122,0.57369,0.57599,0.57599,0.57994,0.57961,-51.01699,-899.00000
3.41508,3.41607,3.41738,3.41640,3.41541,2.23629,2.23826,2.23859,2.24057,2.23563,0.57402,0.57764,0.57928,0.58191,0.57402,-51.01699,-898.00000
3.42199,3.41113,3.41870,3.41640,3.41179,2.23859,2.23892,2.23826,2.23695,2.23925,0.57698,0.57468,0.57829,0.57435,0.57895,-50.73008,-897.00000
3.41344,3.41409,3.41344,3.41541,3.41212,2.23662,2.23596,2.23136,2.23958,2.23629,0.57369,0.57829,0.57270,0.57468,0.57204,-50.73008,-896.00000
3.41113,3.41113,3.41376,3.40949,3.41113,2.23826,2.23399,2.23399,2.23695,2.23530,0.57204,0.56843,0.57073,0.57237,0.57139,-50.61204,-895.00000
3.41442,3.41771,3.41344,3.41870,3.41278,2.23333,2.23136,2.23629,2.23432,2.23333,0.56777,0.56744,0.56974,0.56908,0.56908,-50.61204,-894.00000
3.41278,3.41442,3.40883,3.41212,3.41245,2.23169,2.23530,2.23333,2.23629,2.23267,0.56974,0.56974,0.56481,0.57204,0.56810,-50.38850,-893.00000
3.41113,3.41541,3.41278,3.41179,3.41278,2.23070,2.23267,2.23070,2.23826,2.23267,0.56514,0.56875,0.56645,0.56908,0.56448,-50.38850,-892.00000
3.40686,3.41080,3.40784,3.41574,3.41113,2.23169,2.23728,2.23728,2.23234,2.23958,0.56382,0.56448,0.56744,0.56448,0.55987,-50.50965,-891.00000
3.41409,3.41245,3.40587,3.41311,3.41048,2.23234,2.23728,2.23662,2.24057,2.23399,0.56185,0.56514,0.55922,0.56283,0.56481,-50.50965,-890.00000
3.41409,3.41442,3.41212,3.40982,3.41870,2.23497,2.23596,2.23695,2.23497,2.23892,0.55823,0.56251,0.56218,0.55691,0.55659,-50.50741,-889.00000
3.41311,3.40752,3.41541,3.40686,3.41442,2.23859,2.23267,2.23859,2.24122,2.23497,0.55790,0.55955,0.55856,0.55823,0.55889,-50.50741,-888.00000
3.41607,3.41409,3.40817,3.41409,3.41113,2.23465,2.23958,2.23465,2.23333,2.23136,0.55264,0.55527,0.55593,0.55297,0.55264,-50.72402,-887.00000
3.42330,3.41607,3.42034,3.41541,3.41804,2.23695,2.23300,2.24024,2.23892,2.23662,0.55395,0.55165,0.55395,0.55395,0.55165,-50.72402,-886.00000
3.41311,3.41672,3.41409,3.41179,3.41278,2.23728,2.23991,2.23497,2.23629,2.23596,0.55264,0.55264,0.55034,0.55691,0.54968,-51.34531,-885.00000
3.41574,3.40817,3.41278,3.40883,3.41968,2.23925,2.24089,2.23728,2.23399,2.23695,0.55132,0.54869,0.55165,0.55067,0.55034,-51.34531,-884.00000
3.41278,3.41409,3.41212,3.41541,3.41508,2.23300,2.24057,2.23991,2.24188,2.23793,0.54869,0.54902,0.54475,0.55067,0.54639,-51.03034,-883.00000
3.41771,3.42001,3.41376,3.41574,3.41640,2.23366,2.22938,2.23563,2.23629,2.24057,0.54277,0.54442,0.54836,0.54869,0.54409,-51.03034,-882.00000
3.42462,3.41442,3.41771,3.41048,3.41903,2.23859,2.24221,2.23695,2.23333,2.23662,0.54376,0.54409,0.54409,0.54606,0.54639,-51.01241,-881.00000
3.41804,3.41672,3.41705,3.41508,3.41245,2.23662,2.23662,2.23826,2.23793,2.24024,0.54014,0.54376,0.54540,0.54606,0.54113,-51.01241,-880.00000
3.41705,3.41837,3.42100,3.41870,3.42232,2.24089,2.23958,2.23925,2.23892,2.23892,0.54409,0.53915,0.54540,0.54310,0.54047,-50.62937,-879.00000
3.41475,3.42001,3.41705,3.42166,3.41574,2.24188,2.23695,2.24024,2.23859,2.24353,0.53685,0.53915,0.53718,0.53948,0.53751,-50.62937,-878.00000
3.41541,3.41245,3.42133,3.42396,3.41804,2.23892,2.24221,2.24057,2.24747,2.24155,0.53290,0.53981,0.53652,0.53784,0.53882,-50.66046,-877.00000
3.41475,3.41870,3.41640,3.42067,3.41968,2.23530,2.23958,2.24221,2.23761,2.23826,0.53554,0.53751,0.53784,0.54014,0.53389,-50.66046,-876.00000
3.41541,3.41508,3.41607,3.41640,3.41311,2.24287,2.23793,2.23695,2.23925,2.23596,0.52797,0.53093,0.53060,0.53290,0.53290,-50.21244,-875.00000
3.41705,3.41311,3.41245,3.41344,3.41311,2.23925,2.24122,2.24418,2.24089,2.23761,0.53258,0.53192,0.53258,0.53258,0.52962,-50.21244,-874.00000
3.41574,3.41475,3.40982,3.41442,3.40883,2.23826,2.23728,2.23695,2.23662,2.24188,0.53192,0.52896,0.53323,0.53290,0.53258,-50.22627,-873.00000
3.41245,3.41475,3.41344,3.41409,3.41574,2.23761,2.24057,2.23859,2.23629,2.23728,0.53093,0.52994,0.53258,0.53159,0.53323,-50.22627,-872.00000
3.40949,3.41278,3.41245,3.40916,3.41442,2.23596,2.23563,2.23826,2.23761,2.23662,0.53290,0.53422,0.52896,0.52994,0.52501,-50.04179,-871.00000
3.41607,3.41409,3.41442,3.42034,3.41409,2.23629,2.23761,2.23925,2.23530,2.23958,0.53093,0.53093,0.53027,0.52863,0.52567,-50.04179,-870.00000
3.41771,3.41212,3.41344,3.41409,3.41672,2.23662,2.23958,2.23662,2.23761,2.24188,0.52698,0.52863,0.52764,0.52863,0.52666,-50.26712,-869.00000
3.41903,3.41113,3.41475,3.41278,3.41146,2.23695,2.23826,2.23629,2.23991,2.23826,0.52830,0.52666,0.52994,0.52600,0.52534,-50.26712,-868.00000
3.41113,3.41442,3.40916,3.41212,3.41278,2.23530,2.23761,2.24057,2.23761,2.24057,0.52337,0.52271,0.52370,0.52435,0.52633,-49.72235,-867.00000
3.41442,3.40982,3.41541,3.41903,3.41442,2.23662,2.23859,2.24057,2.23662,2.23267,0.52337,0.52139,0.52337,0.52731,0.52271,-49.72235,-866.00000
3.40982,3.41475,3.41179,3.41311,3.41409,2.23563,2.23497,2.23925,2.24155,2.24024,0.51778,0.51778,0.52074,0.52468,0.51909,-48.91158,-865.00000
3.41344,3.41113,3.41212,3.41311,3.41245,2.23497,2.24122,2.23530,2.23563,2.23662,0.51514,0.52008,0.52008,0.51876,0.51745,-48.91158,-864.00000
3.41015,3.40817,3.41640,3.40949,3.41212,2.23563,2.23497,2.23629,2.23497,2.23563,0.51679,0.51580,0.52074,0.51218,0.52008,-48.17087,-863.00000
3.40817,3.40620,3.40587,3.40916,3.41278,2.23234,2.23596,2.23761,2.23793,2.23629,0.51120,0.51514,0.51745,0.51679,0.51580,-47.94236,-862.00000
3.40916,3.41113,3.40817,3.41146,3.41015,2.23695,2.23793,2.22938,2.23267,2.23596,0.51679,0.50758,0.51416,0.51482,0.51087,-47.94236,-861.00000
3.40817,3.40850,3.41278,3.41146,3.40883,2.23366,2.23991,2.23596,2.23563,2.24057,0.51021,0.51054,0.51218,0.51350,0.51613,-47.94236,-860.00000
3.41080,3.41541,3.40916,3.40423,3.41574,2.23629,2.23432,2.23892,2.23892,2.23695,0.51120,0.51251,0.51547,0.50889,0.51185,-46.54979,-859.00000
3.41048,3.41344,3.41146,3.40620,3.40127,2.23991,2.23629,2.23333,2.23563,2.23267,0.51416,0.51284,0.50593,0.50955,0.50725,-46.54979,-858.00000
3.40719,3.41015,3.41672,3.41080,3.40883,2.23892,2.23432,2.23366,2.23596,2.23793,0.50857,0.51317,0.51251,0.51087,0.50725,-44.78157,-857.00000
3.41179,3.41278,3.41015,3.41278,3.40883,2.24155,2.23629,2.23497,2.23399,2.23169,0.50857,0.50791,0.50824,0.50758,0.50791,-44.78157,-856.00000
3.40850,3.40784,3.41179,3.41738,3.40653,2.23728,2.23300,2.23859,2.23432,2.23169,0.50561,0.50659,0.50462,0.50297,0.50988,-44.43446,-855.00000
3.41640,3.41344,3.41376,3.40784,3.41344,2.23004,2.23530,2.23267,2.24057,2.23859,0.50725,0.50166,0.50363,0.50528,0.50199,-44.43446,-854.00000
3.41015,3.41409,3.40423,3.41146,3.40817,2.23629,2.23859,2.23892,2.23761,2.23761,0.50495,0.50561,0.50100,0.50528,0.50265,-45.02173,-853.00000
3.40620,3.41212,3.40488,3.40620,3.40883,2.22807,2.23761,2.23497,2.23662,2.23629,0.49870,0.50001,0.50067,0.49903,0.49738,-45.02173,-852.00000
3.40653,3.40883,3.41015,3.40587,3.41344,2.23563,2.23399,2.23761,2.23497,2.23793,0.49870,0.50100,0.49475,0.49771,0.49607,-46.48584,-851.00000
3.41508,3.41376,3.41541,3.40883,3.40883,2.23366,2.23695,2.23497,2.23826,2.23859,0.49475,0.49311,0.49804,0.49541,0.49969,-46.48584,-850.00000
3.40916,3.40850,3.41113,3.41048,3.40883,2.24024,2.23333,2.23465,2.23037,2.23333,0.49738,0.49278,0.49179,0.49212,0.49738,-47.30892,-849.00000
3.40850,3.41146,3.41212,3.40752,3.40982,2.23465,2.23563,2.23826,2.23333,2.23366,0.49508,0.49015,0.49278,0.49607,0.49146,-47.30892,-848.00000
3.40620,3.40390,3.41015,3.40554,3.40686,2.23037,2.23497,2.23695,2.23596,2.23497,0.49179,0.49179,0.49409,0.49278,0.48916,-48.35406,-847.00000
3.41015,3.40390,3.40554,3.41146,3.40291,2.23432,2.23563,2.23596,2.23596,2.23530,0.48850,0.48620,0.48785,0.48982,0.48916,-48.35406,-846.00000
3.41212,3.41508,3.41212,3.41212,3.41475,2.23793,2.23563,2.23695,2.23958,2.23399,0.48587,0.48620,0.48324,0.48719,0.48850,-49.09476,-845.00000
3.41311,3.40653,3.41212,3.40949,3.41113,2.22873,2.23629,2.23859,2.23563,2.24089,0.47995,0.48291,0.48587,0.48258,0.48653,-49.09476,-844.00000
3.40620,3.41245,3.40817,3.40620,3.40686,2.23695,2.23596,2.23399,2.23728,2.23366,0.48028,0.47995,0.48094,0.48094,0.48357,-49.26305,-843.00000
3.41048,3.41048,3.40982,3.41113,3.41212,2.23497,2.23333,2.23761,2.23925,2.23925,0.47962,0.48028,0.48094,0.47995,0.47962,-49.26305,-842.00000
3.40587,3.40620,3.41080,3.41146,3.40094,2.23662,2.23267,2.24188,2.23333,2.23761,0.47896,0.47995,0.47272,0.47831,0.48192,-49.34919,-841.00000
3.40291,3.40883,3.40521,3.40817,3.40587,2.23366,2.23563,2.23695,2.23695,2.23497,0.47962,0.47469,0.47995,0.47600,0.47732,-49.34919,-840.00000
3.40752,3.40850,3.40752,3.40949,3.41376,2.23662,2.23530,2.23465,2.23826,2.23465,0.47469,0.47173,0.47732,0.47633,0.47173,-49.47824,-839.00000
3.41278,3.40949,3.40686,3.41015,3.41146,2.23234,2.23432,2.23793,2.23333,2.24155,0.47107,0.47633,0.47041,0.47403,0.47239,-49.47824,-838.00000
3.40916,3.40192,3.40784,3.40291,3.41113,2.23333,2.23399,2.23695,2.23793,2.23530,0.47107,0.47173,0.47206,0.47239,0.47107,-49.56101,-837.00000
3.41113,3.41048,3.40258,3.41146,3.40620,2.23103,2.23695,2.23497,2.23563,2.23267,0.46712,0.47041,0.46844,0.46844,0.46647,-49.56101,-836.00000
3.41048,3.41048,3.40620,3.41080,3.40784,2.23399,2.23300,2.23695,2.23826,2.23465,0.46877,0.47206,0.47107,0.46910,0.46680,-49.81639,-835.00000
3.40587,3.40719,3.41344,3.41179,3.40982,2.24024,2.23793,2.23728,2.23399,2.23892,0.46943,0.46581,0.46482,0.46778,0.46778,-49.81639,-834.00000
3.40982,3.40982,3.41311,3.40686,3.41278,2.23267,2.23432,2.23596,2.23629,2.23761,0.46252,0.46515,0.46712,0.46581,0.46581,-49.97688,-833.00000
3.41475,3.40752,3.41048,3.41245,3.40850,2.23662,2.23761,2.23695,2.23826,2.23201,0.46318,0.45956,0.46186,0.45989,0.46285,-49.97688,-832.00000
3.41607,3.41311,3.40784,3.41179,3.40949,2.23530,2.24024,2.24188,2.23333,2.23662,0.46285,0.45890,0.45890,0.45495,0.45923,-50.28406,-831.00000
3.40982,3.40653,3.40752,3.41080,3.40916,2.23859,2.24089,2.23793,2.24057,2.22938,0.45857,0.45824,0.45989,0.45594,0.45759,-50.28406,-830.00000
3.40949,3.41015,3.41771,3.41113,3.41048,2.23201,2.23530,2.23826,2.23695,2.23399,0.46120,0.45792,0.45463,0.45364,0.45495,-50.69068,-829.00000
3.41311,3.41113,3.41048,3.41344,3.41146,2.23563,2.23432,2.23465,2.24089,2.23728,0.45561,0.45561,0.45594,0.45364,0.45693,-50.69068,-828.00000
3.41574,3.40653,3.41080,3.40488,3.41015,2.24221,2.23497,2.23662,2.23596,2.23695,0.45726,0.44772,0.45430,0.45331,0.45232,-50.58578,-827.00000
3.40784,3.40784,3.40653,3.41278,3.40784,2.23925,2.24024,2.24155,2.23761,2.23925,0.45101,0.45331,0.45364,0.45331,0.44805,-50.58578,-826.00000
3.40784,3.40850,3.40423,3.41015,3.40587,2.23925,2.23761,2.23925,2.23662,2.23793,0.45101,0.45134,0.45364,0.45660,0.44739,-50.22776,-825.00000
3.41179,3.40850,3.40719,3.41048,3.41146,2.23662,2.23793,2.24254,2.23892,2.23465,0.44871,0.44969,0.45101,0.44706,0.44805,-50.22776,-824.00000
3.41212,3.41508,3.41080,3.41179,3.41344,2.23662,2.23793,2.23761,2.23793,2.23695,0.44838,0.44542,0.44838,0.45167,0.44936,-50.50177,-823.00000
3.40686,3.41212,3.41080,3.40916,3.41245,2.23793,2.23728,2.23662,2.23793,2.23925,0.44706,0.44607,0.44706,0.45002,0.44871,-50.50177,-822.00000
3.40653,3.40916,3.40653,3.40850,3.40390,2.23728,2.24024,2.23695,2.23465,2.23530,0.43950,0.44213,0.44640,0.44969,0.44344,-50.52332,-821.00000
3.40423,3.41179,3.41311,3.40653,3.40883,2.23563,2.23300,2.23497,2.23826,2.23399,0.44081,0.44147,0.44443,0.44114,0.44114,-50.52332,-820.00000
3.40949,3.41113,3.40554,3.41080,3.40982,2.23728,2.23662,2.23925,2.23596,2.23695,0.43818,0.44114,0.43950,0.44443,0.44180,-50.24797,-819.00000
3.41311,3.41015,3.40620,3.41113,3.40949,2.24057,2.23991,2.23465,2.24089,2.23497,0.44081,0.43851,0.43456,0.44081,0.44147,-50.24797,-818.00000
3.41048,3.41607,3.41278,3.40784,3.41344,2.24188,2.23991,2.23629,2.23958,2.23201,0.43325,0.43851,0.43522,0.43456,0.43884,-50.36225,-817.00000
3.41409,3.40949,3.40949,3.41475,3.41245,2.23859,2.23793,2.23465,2.23333,2.23695,0.43785,0.43752,0.43489,0.43423,0.43719,-49.98434,-816.00000
3.40883,3.40817,3.41311,3.41311,3.41245,2.24155,2.23596,2.23662,2.23662,2.23629,0.43325,0.43456,0.43522,0.43193,0.43588,-49.98434,-815.00000
3.40752,3.41278,3.40225,3.41080,3.40521,2.23399,2.23399,2.23991,2.23892,2.23695,0.43818,0.43522,0.43160,0.42996,0.43423,-50.19301,-814.00000
3.41048,3.40719,3.40554,3.41080,3.40850,2.23925,2.23662,2.23530,2.23728,2.23728,0.43358,0.42963,0.43522,0.43358,0.42864,-50.19301,-813.00000
3.40850,3.41311,3.40916,3.40752,3.40653,2.23563,2.23859,2.23333,2.23497,2.23530,0.42930,0.42766,0.43259,0.43489,0.43193,-50.19301,-812.00000
3.40719,3.40620,3.40192,3.40521,3.40554,2.23366,2.23695,2.23530,2.23925,2.23497,0.42667,0.42470,0.42831,0.42766,0.42963,-49.48089,-811.00000
3.40982,3.40752,3.40949,3.41048,3.40291,2.23991,2.23629,2.23596,2.23728,2.23662,0.42864,0.42634,0.43127,0.42634,0.42798,-49.48089,-810.00000
3.40324,3.40587,3.40982,3.40982,3.40686,2.23728,2.23465,2.23497,2.23530,2.23497,0.42272,0.42470,0.42766,0.42634,0.42437,-49.30887,-809.00000
3.40719,3.41113,3.40916,3.41048,3.40423,2.23728,2.23366,2.23333,2.23629,2.23530,0.42733,0.42601,0.42667,0.42667,0.42798,-49.30887,-808.00000
3.41311,3.41048,3.40620,3.40752,3.40817,2.23432,2.23695,2.23991,2.23728,2.23399,0.42272,0.42667,0.42272,0.42634,0.42272,-48.81171,-807.00000
3.40752,3.40686,3.40949,3.40982,3.41113,2.24089,2.23497,2.23563,2.23497,2.23366,0.42174,0.42437,0.42239,0.42470,0.42798,-48.72441,-806.00000
3.40916,3.40719,3.40653,3.40916,3.41048,2.23761,2.23399,2.24057,2.23991,2.23300,0.42568,0.42108,0.42502,0.42141,0.42338,-48.72441,-805.00000
3.40423,3.40916,3.40686,3.41015,3.40752,2.23761,2.23662,2.23563,2.23596,2.24221,0.42141,0.42206,0.41910,0.41943,0.42470,-48.72441,-804.00000
3.41146,3.40752,3.40752,3.41080,3.41212,2.23662,2.23695,2.24155,2.23695,2.23793,0.42141,0.41943,0.41943,0.42009,0.42141,-47.89472,-803.00000
3.40258,3.41245,3.40883,3.41212,3.41080,2.23826,2.23629,2.23136,2.23958,2.23761,0.41647,0.41943,0.41910,0.41910,0.41976,-47.89472,-802.00000
3.40587,3.41278,3.41080,3.41113,3.40949,2.23563,2.23826,2.23925,2.23892,2.23793,0.41582,0.41779,0.41417,0.41614,0.41779,-47.11373,-801.00000
3.41409,3.41146,3.41113,3.41113,3.41344,2.24254,2.23662,2.23859,2.23728,2.24155,0.41417,0.41154,0.41384,0.41746,0.41713,-47.11373,-800.00000
3.41278,3.40784,3.40916,3.41245,3.40686,2.23991,2.23465,2.23793,2.23497,2.23662,0.41055,0.41384,0.40891,0.41187,0.41812,-46.33917,-799.00000
3.41113,3.40916,3.40620,3.40949,3.41640,2.23826,2.23629,2.23662,2.23662,2.23432,0.41483,0.41286,0.40957,0.41253,0.41154,-46.58614,-798.00000
3.41113,3.41080,3.40817,3.40883,3.40916,2.24418,2.23859,2.23859,2.23859,2.24057,0.40694,0.40792,0.40924,0.40825,0.41088,-46.58614,-797.00000
3.41212,3.40817,3.40982,3.40883,3.40916,2.23859,2.23991,2.23728,2.24320,2.23497,0.40759,0.40858,0.40661,0.40891,0.40628,-46.58614,-796.00000
3.40752,3.41080,3.41212,3.40916,3.40488,2.24089,2.24221,2.23267,2.23958,2.23366,0.40726,0.40924,0.40891,0.40825,0.40891,-47.71107,-795.00000
3.41409,3.40587,3.40883,3.41048,3.41508,2.23465,2.24320,2.23530,2.24024,2.24353,0.40661,0.40628,0.40398,0.40595,0.40661,-47.71107,-794.00000
3.41146,3.40916,3.40620,3.41442,3.41278,2.23793,2.23563,2.23695,2.24254,2.23793,0.40496,0.40661,0.40200,0.40134,0.40496,-47.92717,-793.00000
3.41508,3.40488,3.41541,3.41146,3.40719,2.23596,2.23793,2.23892,2.23925,2.24057,0.40266,0.40365,0.40562,0.40496,0.40595,-47.92717,-792.00000
3.41245,3.41146,3.41048,3.41146,3.40488,2.23826,2.23991,2.23530,2.23333,2.23695,0.40036,0.40233,0.40266,0.40365,0.39970,-48.14123,-791.00000
3.41344,3.41212,3.41311,3.40554,3.40225,2.23958,2.23629,2.23892,2.23728,2.23695,0.40036,0.40003,0.40167,0.40233,0.40134,-48.14123,-790.00000
3.40784,3.41015,3.41015,3.41048,3.41376,2.23662,2.23761,2.23925,2.23596,2.23793,0.40102,0.39904,0.40266,0.39970,0.39937,-48.33927,-789.00000
3.40488,3.41015,3.41080,3.40752,3.40916,2.23991,2.24024,2.23695,2.24188,2.24057,0.40167,0.39707,0.39575,0.39477,0.40036,-48.33927,-788.00000
3.41080,3.40817,3.41113,3.40817,3.41278,2.23925,2.23432,2.23958,2.23826,2.23793,0.39805,0.39970,0.40003,0.39740,0.39641,-48.76915,-787.00000
3.41015,3.41146,3.40554,3.41179,3.41080,2.24254,2.24089,2.23662,2.24024,2.23958,0.39805,0.39246,0.39477,0.40134,0.39641,-48.76915,-786.00000
3.40686,3.41048,3.40982,3.41080,3.40883,2.23399,2.23958,2.23761,2.23793,2.24451,0.39411,0.39246,0.39411,0.39805,0.39312,-48.61791,-785.00000
3.41409,3.41015,3.41607,3.41080,3.40949,2.23958,2.24122,2.23728,2.23497,2.23958,0.39082,0.39378,0.39608,0.39509,0.39608,-48.61791,-784.00000
3.40554,3.40554,3.40850,3.40916,3.40982,2.23958,2.23826,2.23793,2.24024,2.24188,0.38950,0.39345,0.39016,0.39740,0.39509,-49.62385,-783.00000
3.41080,3.40488,3.40850,3.41508,3.41015,2.24221,2.24221,2.23432,2.23925,2.23596,0.39049,0.39345,0.39049,0.39148,0.39148,-49.30490,-782.00000
3.41409,3.41376,3.40949,3.40554,3.40883,2.24057,2.24188,2.23892,2.24024,2.24320,0.38720,0.38654,0.38556,0.38950,0.38950,-49.30490,-781.00000
3.41376,3.41179,3.40883,3.41278,3.40423,2.23530,2.24418,2.24418,2.23958,2.24057,0.38885,0.38720,0.38950,0.38687,0.38556,-49.30490,-780.00000
3.40488,3.41146,3.41179,3.41311,3.40916,2.24287,2.24320,2.23991,2.23695,2.23761,0.38852,0.38260,0.38325,0.38523,0.38654,-49.32989,-779.00000
3.41541,3.41409,3.41376,3.41015,3.41113,2.24122,2.24057,2.23793,2.23958,2.24353,0.38260,0.38753,0.38391,0.38556,0.38128,-49.32989,-778.00000
3.40817,3.41409,3.40982,3.41080,3.41508,2.24221,2.24089,2.23826,2.23497,2.24024,0.37898,0.37701,0.38358,0.37964,0.38194,-50.19779,-777.00000
3.41344,3.41705,3.41179,3.41179,3.41048,2.23958,2.23859,2.23859,2.24057,2.24188,0.37602,0.37865,0.37997,0.37799,0.37503,-50.00328,-776.00000
3.41574,3.40916,3.41442,3.40784,3.41574,2.23728,2.24287,2.24221,2.24320,2.24089,0.38128,0.38161,0.37470,0.37832,0.38260,-50.00328,-775.00000
3.41146,3.41344,3.41409,3.41376,3.40850,2.23629,2.23925,2.24221,2.23991,2.24353,0.37437,0.37306,0.37503,0.37898,0.37306,-50.00328,-774.00000
3.40752,3.41311,3.41080,3.41574,3.41278,2.24287,2.24287,2.24681,2.24188,2.23333,0.37405,0.37372,0.36977,0.36911,0.37207,-50.22029,-773.00000
3.41080,3.41278,3.41541,3.41048,3.41179,2.24188,2.23925,2.24188,2.24353,2.24155,0.37240,0.37240,0.37174,0.37076,0.37635,-50.22029,-772.00000
3.41409,3.41212,3.41212,3.41080,3.41508,2.24254,2.23925,2.24155,2.24122,2.24418,0.37043,0.37240,0.36780,0.37010,0.37043,-50.13709,-771.00000
3.40949,3.41344,3.40916,3.41968,3.41080,2.24024,2.24122,2.24089,2.24418,2.24188,0.37010,0.36845,0.36911,0.36648,0.37010,-50.13709,-770.00000
3.40949,3.41179,3.41278,3.41048,3.41146,2.24122,2.23695,2.24385,2.24089,2.24418,0.36681,0.36648,0.36648,0.36812,0.36812,-50.52759,-769.00000
3.41015,3.41311,3.41146,3.40653,3.41376,2.24057,2.24320,2.23826,2.23859,2.24155,0.36582,0.36648,0.36747,0.36484,0.36615,-50.52759,-768.00000
3.41179,3.41278,3.41212,3.41409,3.41212,2.24024,2.23958,2.24188,2.23925,2.24385,0.36253,0.36023,0.36484,0.36780,0.36220,-50.35987,-767.00000
3.41245,3.41146,3.41936,3.41048,3.41080,2.24254,2.23991,2.24057,2.24418,2.24254,0.36089,0.36516,0.36352,0.36155,0.36220,-50.35987,-766.00000
3.40653,3.40982,3.40719,3.41113,3.40719,2.24155,2.24254,2.24122,2.23958,2.24089,0.35727,0.35727,0.36319,0.35957,0.35990,-49.99577,-765.00000
3.40817,3.40784,3.40455,3.40686,3.41146,2.23958,2.23892,2.23892,2.23793,2.24122,0.36023,0.36352,0.35661,0.35892,0.36089,-49.99577,-764.00000
3.40521,3.41442,3.40620,3.40982,3.41146,2.23761,2.24221,2.24024,2.23991,2.24221,0.35924,0.35826,0.35365,0.35464,0.36286,-50.02485,-763.00000
3.40423,3.40620,3.41113,3.40653,3.40587,2.24024,2.24057,2.23432,2.24550,2.24057,0.35563,0.35530,0.35563,0.35957,0.35596,-50.02485,-762.00000
3.40817,3.40554,3.40916,3.40916,3.40653,2.24057,2.24057,2.24057,2.23859,2.23563,0.35300,0.34938,0.35201,0.35398,0.35135,-50.32581,-761.00000
3.41048,3.40817,3.40916,3.41245,3.41080,2.23695,2.23563,2.24254,2.24155,2.23991,0.35464,0.35563,0.35464,0.35168,0.35102,-50.32581,-760.00000
3.40916,3.40817,3.41146,3.40192,3.40752,2.23761,2.23596,2.24122,2.24122,2.24155,0.34971,0.35464,0.35004,0.34740,0.35004,-50.24813,-759.00000
3.40883,3.40719,3.40587,3.40752,3.40653,2.23991,2.23728,2.23991,2.23695,2.23497,0.34806,0.35102,0.35267,0.35201,0.34740,-50.24813,-758.00000
3.40127,3.40094,3.40686,3.40719,3.40423,2.23859,2.23465,2.23892,2.23892,2.23826,0.34675,0.35234,0.34806,0.35168,0.35102,-49.66086,-757.00000
3.40390,3.39831,3.40653,3.40620,3.41179,2.23761,2.23695,2.23826,2.23826,2.23695,0.34938,0.34773,0.34675,0.34675,0.35069,-49.66086,-756.00000
3.40620,3.40192,3.40159,3.39863,3.40653,2.23465,2.23892,2.23991,2.23826,2.23629,0.34576,0.34773,0.35069,0.34609,0.34346,-49.60789,-755.00000
3.40455,3.40554,3.40291,3.40291,3.41080,2.23728,2.23662,2.23136,2.23497,2.23761,0.34181,0.34444,0.34510,0.34412,0.34773,-49.60789,-754.00000
3.40587,3.40357,3.40291,3.40324,3.40225,2.23695,2.23991,2.23267,2.23629,2.23563,0.34280,0.34346,0.33787,0.34412,0.34740,-49.99087,-753.00000
3.40028,3.40488,3.40554,3.40061,3.40291,2.23695,2.23826,2.23662,2.23695,2.23892,0.33951,0.34181,0.34017,0.34148,0.34543,-49.99087,-752.00000
3.40488,3.40159,3.40982,3.40291,3.40258,2.23925,2.23761,2.23366,2.23761,2.23793,0.34247,0.33885,0.33951,0.33885,0.34477,-50.29014,-751.00000
3.40094,3.39831,3.40686,3.40258,3.40324,2.23465,2.23629,2.24024,2.23925,2.23925,0.33523,0.33951,0.33951,0.33885,0.34083,-50.29014,-750.00000
3.40028,3.40028,3.39732,3.40192,3.39798,2.23497,2.23925,2.23563,2.23793,2.23892,0.33589,0.33556,0.33918,0.33951,0.33589,-50.56940,-749.00000
3.40324,3.40061,3.39995,3.40521,3.40423,2.23629,2.23761,2.24057,2.23432,2.23234,0.33885,0.33260,0.33458,0.33359,0.33162,-50.56940,-748.00000
3.40291,3.39863,3.40357,3.39732,3.40258,2.23530,2.23300,2.23300,2.23728,2.23793,0.33688,0.33260,0.33491,0.33129,0.33063,-50.71977,-747.00000
3.39732,3.40324,3.39995,3.40521,3.39469,2.23596,2.23695,2.23563,2.23859,2.23892,0.33491,0.33359,0.33162,0.32997,0.33392,-50.71977,-746.00000
3.40225,3.40324,3.39929,3.40225,3.40324,2.24155,2.23497,2.23958,2.23925,2.23761,0.32899,0.32997,0.32833,0.33063,0.33063,-50.52217,-745.00000
3.40127,3.39962,3.39995,3.40455,3.39995,2.23662,2.24122,2.23793,2.24320,2.24188,0.32800,0.33063,0.32931,0.32833,0.32734,-50.52217,-744.00000
3.40357,3.40620,3.40982,3.40390,3.39699,2.23629,2.23629,2.23662,2.23761,2.23991,0.32997,0.32372,0.32537,0.32734,0.32570,-50.91777,-743.00000
3.40127,3.40587,3.39666,3.39896,3.40653,2.24057,2.23958,2.23366,2.23465,2.24451,0.32241,0.32307,0.32570,0.32372,0.32405,-50.91777,-742.00000
3.40028,3.40752,3.40094,3.40686,3.40357,2.23728,2.23793,2.23662,2.23793,2.23629,0.32800,0.32504,0.32109,0.32241,0.32307,-50.72090,-741.00000
3.40653,3.40488,3.39929,3.40488,3.39995,2.24155,2.24122,2.23859,2.23793,2.23629,0.31517,0.31682,0.32274,0.32142,0.31747,-50.72090,-740.00000
3.39765,3.40291,3.39699,3.40653,3.39896,2.23234,2.23629,2.24024,2.23793,2.23497,0.32274,0.32241,0.31649,0.31879,0.31682,-50.20716,-739.00000
3.40423,3.40390,3.40061,3.39403,3.40488,2.23267,2.23793,2.23826,2.23366,2.23300,0.31682,0.31649,0.31616,0.31484,0.32011,-50.20716,-738.00000
3.39995,3.40554,3.40159,3.39929,3.40455,2.23695,2.23432,2.23234,2.23662,2.23728,0.32109,0.31320,0.31682,0.31715,0.32043,-50.09253,-737.00000
3.40587,3.40390,3.39633,3.40258,3.39535,2.23892,2.23826,2.24122,2.23728,2.23793,0.31550,0.31320,0.31649,0.31649,0.31715,-50.09253,-736.00000
3.40258,3.39732,3.40225,3.39995,3.39929,2.23563,2.23958,2.23925,2.23399,2.23793,0.31221,0.31155,0.31320,0.30958,0.30826,-50.08285,-735.00000
3.40225,3.39567,3.39995,3.40488,3.40192,2.23695,2.24024,2.23497,2.23892,2.23695,0.30892,0.30892,0.30892,0.30530,0.31287,-50.08285,-734.00000
3.40324,3.39962,3.40521,3.40127,3.40686,2.23629,2.23859,2.23991,2.23596,2.23793,0.30662,0.31451,0.30958,0.30826,0.30859,-50.07151,-733.00000
3.39929,3.40225,3.40225,3.39732,3.40817,2.23530,2.23892,2.23826,2.23925,2.23201,0.30695,0.30728,0.31057,0.30925,0.30859,-50.07151,-732.00000
3.40094,3.39929,3.40127,3.39896,3.40061,2.23761,2.23925,2.23300,2.23991,2.23761,0.30399,0.30728,0.30695,0.30761,0.30596,-50.15998,-731.00000
3.39995,3.40291,3.40225,3.40423,3.40258,2.23859,2.23662,2.24385,2.23333,2.23300,0.30399,0.29906,0.30169,0.30465,0.30530,-50.15998,-730.00000
3.39699,3.40061,3.40225,3.40028,3.40159,2.23234,2.23530,2.23530,2.23728,2.23991,0.30432,0.30465,0.30498,0.30070,0.30530,-50.04806,-729.00000
3.40291,3.40488,3.39732,3.39929,3.40192,2.24155,2.24024,2.24221,2.23728,2.23497,0.30498,0.30629,0.29840,0.30333,0.30761,-50.04806,-728.00000
3.40324,3.40982,3.40587,3.39929,3.40258,2.23563,2.23892,2.24024,2.23695,2.23991,0.30366,0.30366,0.30399,0.30629,0.29708,-50.00437,-727.00000
3.40291,3.40127,3.40291,3.40587,3.40094,2.23958,2.23563,2.23695,2.24024,2.23991,0.30465,0.29741,0.30169,0.29675,0.30136,-50.00437,-726.00000
3.40423,3.40620,3.40521,3.40752,3.39929,2.23596,2.23366,2.23826,2.23728,2.23629,0.29741,0.29577,0.29807,0.29774,0.29346,-49.75063,-725.00000
3.40324,3.39798,3.40159,3.39995,3.40521,2.23695,2.23826,2.24122,2.24089,2.23465,0.29675,0.29412,0.29938,0.29314,0.29840,-49.75063,-724.00000
3.39863,3.40324,3.40028,3.40521,3.39765,2.24221,2.24122,2.23826,2.23695,2.24024,0.29708,0.29577,0.29346,0.29248,0.29346,-50.36761,-723.00000
3.39962,3.39666,3.39666,3.39929,3.40061,2.23826,2.23793,2.23465,2.23629,2.23859,0.29083,0.29379,0.29642,0.29807,0.29346,-50.36761,-722.00000
3.39863,3.39798,3.39831,3.39403,3.40094,2.24089,2.23563,2.23761,2.23925,2.23859,0.29314,0.29050,0.29182,0.29083,0.29248,-50.31994,-721.00000
3.39995,3.39337,3.39962,3.39962,3.39896,2.23859,2.24122,2.23662,2.23563,2.23563,0.28985,0.28524,0.29050,0.29083,0.29281,-50.31994,-720.00000
3.39239,3.39567,3.39666,3.39831,3.40028,2.23793,2.23761,2.23563,2.23826,2.24057,0.29116,0.28787,0.28754,0.29149,0.28853,-50.25236,-719.00000
3.39271,3.39995,3.39995,3.39896,3.39929,2.24385,2.23958,2.23925,2.23761,2.23761,0.29149,0.28689,0.28952,0.28919,0.28754,-50.25236,-718.00000
3.39863,3.39929,3.40159,3.40192,3.40028,2.23333,2.23793,2.23497,2.23465,2.23596,0.28590,0.28689,0.28952,0.28425,0.28228,-50.37169,-717.00000
3.39206,3.39436,3.39633,3.39567,3.39535,2.23530,2.24024,2.23629,2.23300,2.23563,0.28393,0.28491,0.28064,0.27998,0.28425,-50.37169,-716.00000
3.39567,3.39666,3.39896,3.39535,3.39929,2.23399,2.23399,2.23234,2.23201,2.23662,0.28327,0.28623,0.28689,0.28064,0.28458,-50.20873,-715.00000
3.39699,3.39567,3.39403,3.40258,3.39699,2.23662,2.23465,2.23695,2.24024,2.23465,0.28458,0.28294,0.27965,0.28458,0.27998,-50.20873,-714.00000
3.39633,3.39699,3.39962,3.39962,3.39929,2.23234,2.23629,2.23563,2.23530,2.23333,0.28031,0.27801,0.28162,0.27965,0.28129,-50.00243,-713.00000
3.39798,3.40192,3.39732,3.39765,3.40127,2.23267,2.23761,2.24353,2.23695,2.23826,0.27932,0.27899,0.27833,0.28031,0.27932,-50.00243,-712.00000
3.39502,3.39896,3.39831,3.40127,3.39041,2.23300,2.23497,2.23958,2.23366,2.23859,0.27603,0.27406,0.27833,0.27669,0.27669,-50.14811,-711.00000
3.39666,3.39962,3.40192,3.39929,3.39469,2.23695,2.23892,2.23366,2.23728,2.23859,0.27801,0.27439,0.27801,0.27439,0.27439,-50.14811,-710.00000
3.39633,3.39074,3.39469,3.39436,3.39798,2.23695,2.24122,2.23530,2.23662,2.23530,0.27340,0.26978,0.27373,0.27439,0.27735,-50.48774,-709.00000
3.39962,3.39567,3.39666,3.39732,3.39469,2.23892,2.23859,2.23366,2.23728,2.23596,0.27340,0.27274,0.27439,0.26913,0.27406,-50.50582,-708.00000
3.39798,3.39896,3.39699,3.39699,3.40225,2.23958,2.23728,2.23563,2.23728,2.23399,0.27044,0.27077,0.27274,0.26847,0.26649,-50.50582,-707.00000
3.39535,3.39304,3.39370,3.39666,3.40127,2.24024,2.23399,2.23530,2.23432,2.24122,0.27077,0.26715,0.26814,0.26847,0.27044,-50.50582,-706.00000
3.39403,3.39831,3.39699,3.40061,3.39403,2.23925,2.23695,2.23366,2.23728,2.23695,0.27110,0.26847,0.26945,0.26781,0.26847,-50.14841,-705.00000
3.39567,3.39370,3.39600,3.39765,3.40028,2.23629,2.23399,2.23728,2.23333,2.23563,0.26485,0.26485,0.26551,0.26748,0.26715,-50.14841,-704.00000
3.39370,3.39732,3.39304,3.39469,3.39403,2.23596,2.23267,2.23366,2.23530,2.23366,0.26781,0.26584,0.26485,0.26847,0.26748,-50.51398,-703.00000
3.40061,3.39271,3.39633,3.39896,3.39962,2.23399,2.23169,2.23728,2.23859,2.23958,0.26748,0.26880,0.26584,0.26682,0.26781,-50.51398,-702.00000
3.39962,3.40127,3.39502,3.39765,3.38943,2.23234,2.23465,2.23497,2.23629,2.23465,0.26584,0.26222,0.26057,0.26781,0.26617,-50.61609,-701.00000
3.39370,3.39469,3.39239,3.39567,3.39206,2.23432,2.23563,2.23497,2.24057,2.23563,0.26156,0.26551,0.26452,0.26353,0.26288,-50.62069,-700.00000
3.39173,3.39074,3.39633,3.39403,3.39107,2.23530,2.23596,2.23826,2.23695,2.23366,0.26288,0.26584,0.26485,0.26222,0.26321,-50.62069,-699.00000
3.39239,3.39436,3.40127,3.39436,3.39469,2.23267,2.23497,2.23465,2.23596,2.23563,0.26419,0.26189,0.26288,0.26386,0.26255,-50.61073,-698.00000
3.39699,3.39600,3.39403,3.38877,3.40127,2.23530,2.23662,2.23596,2.23267,2.23563,0.26288,0.26288,0.26518,0.25630,0.26090,-50.61073,-697.00000
3.39798,3.39535,3.39699,3.39337,3.39140,2.23563,2.23432,2.23596,2.23201,2.23826,0.26222,0.25992,0.25761,0.26584,0.26123,-50.61073,-696.00000
3.39699,3.39304,3.39699,3.38943,3.39535,2.23695,2.23563,2.23695,2.23234,2.23793,0.25136,0.25728,0.25630,0.26288,0.25728,-50.67734,-695.00000
3.39929,3.39436,3.39567,3.39600,3.39929,2.23530,2.23662,2.23826,2.24024,2.23201,0.26025,0.26057,0.25992,0.26057,0.25531,-50.67734,-694.00000
3.39403,3.39666,3.39107,3.39765,3.39173,2.23432,2.23629,2.23925,2.23728,2.24024,0.25827,0.25992,0.25696,0.25761,0.25926,-50.72337,-693.00000
3.39008,3.39436,3.39304,3.39765,3.38975,2.23103,2.23169,2.23629,2.23234,2.23662,0.25400,0.25761,0.25202,0.25893,0.25992,-50.72337,-692.00000
3.39666,3.39469,3.39206,3.39502,3.38844,2.24057,2.24089,2.22938,2.23399,2.23695,0.25334,0.25597,0.25334,0.25465,0.25794,-50.55712,-691.00000
3.39469,3.39140,3.38877,3.39304,3.39403,2.23366,2.23826,2.23793,2.23596,2.23859,0.25564,0.25169,0.25531,0.25301,0.25564,-50.55712,-690.00000
3.38910,3.39567,3.38910,3.39271,3.39239,2.23465,2.23596,2.23958,2.23793,2.23629,0.25400,0.25136,0.25564,0.24972,0.25531,-50.51627,-689.00000
3.39600,3.39337,3.39337,3.39140,3.39896,2.23267,2.23793,2.23399,2.23728,2.23761,0.25202,0.25334,0.25268,0.24939,0.25202,-50.51627,-688.00000
3.39107,3.39502,3.39798,3.39304,3.39206,2.23662,2.23366,2.23793,2.23004,2.23530,0.24643,0.24512,0.25202,0.25202,0.25334,-50.92360,-687.00000
3.39107,3.39370,3.40159,3.39567,3.39173,2.23728,2.23958,2.23826,2.23859,2.23793,0.24972,0.25005,0.25005,0.24840,0.24709,-50.92360,-686.00000
3.38679,3.39567,3.39008,3.39239,3.39600,2.23169,2.23267,2.23465,2.23859,2.23728,0.24742,0.25104,0.24150,0.24314,0.24248,-50.74594,-685.00000
3.39699,3.40061,3.39206,3.38778,3.39896,2.24057,2.23958,2.23728,2.23695,2.23892,0.24479,0.24446,0.24709,0.24577,0.24314,-50.74594,-684.00000
3.39107,3.39567,3.39271,3.39370,3.39567,2.23300,2.23629,2.23728,2.23859,2.23695,0.24709,0.24117,0.24676,0.24544,0.24643,-50.60635,-683.00000
3.39370,3.38844,3.38778,3.39173,3.39699,2.23761,2.23432,2.23662,2.23793,2.23695,0.24347,0.23854,0.24281,0.23985,0.24084,-50.60635,-682.00000
3.39436,3.39370,3.39633,3.39140,3.39041,2.23826,2.23465,2.23991,2.23925,2.23300,0.23985,0.23920,0.24150,0.24248,0.24183,-50.96575,-681.00000
3.39929,3.39436,3.39337,3.39535,3.39962,2.23826,2.23267,2.23497,2.23761,2.23629,0.23985,0.23656,0.24183,0.24084,0.23558,-50.96575,-680.00000
3.39370,3.39173,3.39173,3.39633,3.38811,2.23530,2.24089,2.23234,2.23728,2.23497,0.23624,0.23525,0.23130,0.23525,0.23854,-50.71871,-679.00000
3.39074,3.39206,3.39041,3.39896,3.39140,2.23596,2.23728,2.23892,2.23859,2.23497,0.23722,0.23459,0.23360,0.23755,0.23624,-50.71871,-678.00000
3.39271,3.39239,3.39765,3.39896,3.39370,2.23662,2.24122,2.24024,2.23761,2.23925,0.23525,0.23229,0.23525,0.23887,0.23360,-50.41729,-677.00000
3.39370,3.39699,3.39271,3.39600,3.39173,2.23761,2.23497,2.23826,2.23530,2.24155,0.23393,0.23097,0.22933,0.23459,0.23920,-50.41729,-676.00000
3.39863,3.39600,3.39633,3.39304,3.39206,2.24024,2.23695,2.23629,2.23826,2.23892,0.23064,0.22966,0.22735,0.23360,0.23163,-50.78112,-675.00000
3.39206,3.39206,3.39469,3.39140,3.39633,2.23629,2.23761,2.24024,2.24122,2.23728,0.22801,0.22999,0.23196,0.23097,0.22900,-50.78112,-674.00000
3.39962,3.38844,3.39304,3.39995,3.38844,2.23991,2.23662,2.23793,2.23432,2.23826,0.23032,0.23163,0.22900,0.22966,0.23295,-50.26847,-673.00000
3.38679,3.39206,3.39469,3.39502,3.39206,2.24089,2.23629,2.23497,2.23793,2.23826,0.22933,0.22900,0.22670,0.22933,0.22933,-50.26687,-672.00000
3.39403,3.38975,3.39206,3.39535,3.39107,2.23662,2.23662,2.23826,2.23530,2.23300,0.22834,0.23032,0.22505,0.22735,0.22505,-50.26687,-671.00000
3.39041,3.39469,3.39337,3.39370,3.39666,2.23958,2.23859,2.23530,2.23497,2.23563,0.22472,0.23295,0.22867,0.22439,0.22867,-50.26687,-670.00000
3.39666,3.39699,3.38943,3.39271,3.39436,2.23695,2.23892,2.23958,2.24155,2.23596,0.22439,0.22637,0.22538,0.22604,0.22801,-50.40741,-669.00000
3.39074,3.39798,3.38745,3.38910,3.39403,2.23596,2.23695,2.24122,2.23826,2.24089,0.22209,0.22012,0.22439,0.22176,0.22604,-50.40741,-668.00000
3.38877,3.39304,3.39502,3.39337,3.39074,2.23530,2.23497,2.23563,2.24583,2.24188,0.22242,0.22407,0.22341,0.22472,0.22472,-50.01444,-667.00000
3.39239,3.38877,3.39206,3.39403,3.39304,2.23826,2.23892,2.23596,2.23859,2.23761,0.22439,0.22439,0.22768,0.21880,0.22176,-50.01444,-666.00000
3.38975,3.38877,3.39666,3.39271,3.39469,2.23432,2.23892,2.24057,2.23728,2.23366,0.22045,0.22308,0.22176,0.21847,0.22111,-49.96894,-665.00000
3.39304,3.38285,3.39239,3.39929,3.39041,2.24089,2.23892,2.23695,2.23695,2.23596,0.21979,0.21946,0.21979,0.22439,0.21815,-49.96894,-664.00000
3.39008,3.39469,3.39666,3.38943,3.39370,2.23662,2.23826,2.23793,2.23958,2.24024,0.22209,0.22472,0.21946,0.21880,0.21519,-49.92395,-663.00000
3.39271,3.38745,3.39008,3.38877,3.39469,2.23728,2.23793,2.24320,2.23465,2.23333,0.21683,0.21519,0.21124,0.21617,0.21584,-49.92395,-662.00000
3.39206,3.39535,3.38811,3.39304,3.39041,2.23629,2.24057,2.23991,2.23695,2.23728,0.21880,0.21815,0.21749,0.22176,0.21749,-50.17879,-661.00000
3.39041,3.39041,3.39502,3.39535,3.38877,2.23958,2.23465,2.23925,2.24024,2.23465,0.21255,0.21519,0.21551,0.22308,0.21716,-50.17879,-660.00000
3.38679,3.39008,3.39173,3.39074,3.38975,2.24155,2.23695,2.23563,2.23629,2.23761,0.21650,0.21420,0.21288,0.21815,0.21255,-50.19407,-659.00000
3.38811,3.39798,3.38745,3.38910,3.38778,2.23793,2.24155,2.24089,2.24155,2.23662,0.21255,0.20894,0.20894,0.21288,0.21453,-50.19407,-658.00000
3.39436,3.39140,3.38811,3.38844,3.39173,2.23991,2.23662,2.23629,2.23563,2.23826,0.21321,0.21058,0.20927,0.21190,0.20927,-50.19123,-657.00000
3.38778,3.38910,3.39271,3.39304,3.39469,2.23530,2.23530,2.23497,2.24024,2.23925,0.21716,0.20729,0.20992,0.21058,0.21091,-50.19123,-656.00000
3.38778,3.38943,3.39469,3.39140,3.39008,2.23925,2.23728,2.23695,2.23958,2.23695,0.20762,0.20959,0.21091,0.21025,0.20598,-50.82410,-655.00000
3.39633,3.39008,3.39074,3.38679,3.39008,2.24122,2.23728,2.23563,2.24089,2.23530,0.20959,0.20828,0.21058,0.20795,0.20335,-50.82410,-654.00000
3.39633,3.39370,3.38679,3.39271,3.39140,2.24451,2.24057,2.23530,2.23497,2.23333,0.20598,0.20499,0.20795,0.20762,0.20861,-50.11320,-653.00000
3.39239,3.38416,3.39041,3.39074,3.39173,2.23761,2.23497,2.23793,2.23497,2.23530,0.20236,0.20466,0.20532,0.20335,0.20335,-49.88667,-652.00000
3.38581,3.38943,3.39403,3.39370,3.38844,2.23859,2.23925,2.24451,2.23662,2.23465,0.20367,0.20104,0.20269,0.20696,0.20203,-49.88667,-651.00000
3.38943,3.39140,3.39008,3.39107,3.38844,2.23432,2.23629,2.23432,2.23497,2.23399,0.20565,0.20236,0.20071,0.20236,0.20367,-49.88667,-650.00000
3.39633,3.38745,3.39337,3.39600,3.38548,2.24089,2.23761,2.23497,2.23695,2.23859,0.20170,0.20071,0.20400,0.20038,0.20203,-49.98629,-649.00000
3.39239,3.38844,3.38778,3.38943,3.38844,2.23333,2.23958,2.23826,2.23399,2.23267,0.20466,0.19940,0.19874,0.19907,0.20236,-49.98629,-648.00000
3.38910,3.38581,3.38614,3.39271,3.39041,2.23267,2.23859,2.23629,2.23596,2.23728,0.19907,0.19710,0.19973,0.20038,0.20203,-50.15362,-647.00000
3.38943,3.38877,3.38877,3.38581,3.39140,2.23958,2.23103,2.23629,2.23399,2.24155,0.19446,0.19742,0.19578,0.19545,0.19381,-50.15362,-646.00000
3.38647,3.38482,3.39041,3.38351,3.38975,2.23596,2.24188,2.23234,2.23629,2.23300,0.19348,0.19545,0.19775,0.19710,0.19611,-50.21146,-645.00000
3.38285,3.38712,3.38383,3.38877,3.38614,2.23399,2.23662,2.23234,2.23465,2.23629,0.19446,0.19446,0.19841,0.19479,0.19348,-50.21146,-644.00000
3.38120,3.38515,3.38679,3.38581,3.38087,2.23399,2.23432,2.23465,2.23201,2.23563,0.19019,0.19545,0.19644,0.19315,0.19479,-50.56253,-643.00000
3.38285,3.38351,3.38811,3.38647,3.38482,2.23399,2.23563,2.23366,2.24024,2.23465,0.19414,0.19150,0.19118,0.19512,0.19545,-50.56253,-642.00000
3.38449,3.38219,3.38449,3.38515,3.38482,2.23465,2.23234,2.23432,2.23465,2.23530,0.19019,0.19446,0.19315,0.18822,0.19578,-50.23504,-641.00000
3.38087,3.38022,3.38318,3.38910,3.38910,2.23234,2.23201,2.23695,2.23103,2.23497,0.19118,0.19052,0.19479,0.19348,0.18920,-50.23504,-640.00000
3.38482,3.38252,3.38153,3.38285,3.38318,2.23925,2.23497,2.23662,2.23991,2.23300,0.19282,0.19249,0.19150,0.19150,0.19216,-50.32271,-639.00000
3.38482,3.38482,3.38285,3.38416,3.38548,2.23169,2.23169,2.23366,2.23300,2.23432,0.19249,0.19381,0.18920,0.18756,0.18822,-50.32271,-638.00000
3.38186,3.38318,3.38548,3.38482,3.38482,2.23201,2.23103,2.23201,2.23793,2.23596,0.18920,0.18723,0.19052,0.18526,0.18822,-49.78871,-637.00000
3.39140,3.38120,3.39041,3.38449,3.38416,2.23662,2.23465,2.23465,2.23333,2.23761,0.18558,0.18723,0.18723,0.19118,0.18756,-49.78871,-636.00000
3.37857,3.38515,3.38548,3.39008,3.38449,2.22971,2.23399,2.23826,2.23695,2.23399,0.18361,0.18624,0.18690,0.18723,0.18624,-50.24814,-635.00000
3.38515,3.38548,3.38087,3.39074,3.38811,2.23497,2.23695,2.23530,2.23596,2.23925,0.18887,0.18295,0.18493,0.18624,0.18526,-49.92942,-634.00000
3.38515,3.38811,3.39436,3.39271,3.38745,2.23826,2.23958,2.23695,2.24024,2.23662,0.18295,0.18262,0.18526,0.18460,0.18558,-49.92942,-633.00000
3.38679,3.38614,3.38679,3.38679,3.38745,2.23497,2.23169,2.23366,2.23695,2.23958,0.18394,0.18493,0.18131,0.18328,0.18295,-49.92942,-632.00000
3.39765,3.38252,3.39206,3.38449,3.38449,2.23136,2.23761,2.23859,2.23695,2.24024,0.17868,0.18460,0.18065,0.18032,0.18493,-50.08967,-631.00000
3.38351,3.38482,3.37693,3.38877,3.39107,2.23728,2.24024,2.23892,2.23563,2.24320,0.18098,0.18427,0.17638,0.18164,0.17769,-50.08967,-630.00000
3.38383,3.38219,3.39403,3.38515,3.38351,2.23695,2.23695,2.23465,2.23662,2.23563,0.17769,0.17835,0.18262,0.17638,0.18131,-51.03634,-629.00000
3.38318,3.38811,3.38383,3.38482,3.38548,2.23958,2.23662,2.23728,2.24024,2.23497,0.17769,0.18032,0.17670,0.17802,0.17703,-51.03634,-628.00000
3.38910,3.38416,3.37923,3.38679,3.38022,2.23201,2.23497,2.23793,2.23530,2.23333,0.17572,0.17605,0.17835,0.17901,0.17506,-51.02130,-627.00000
3.38449,3.38482,3.37989,3.38351,3.38252,2.23267,2.24089,2.23629,2.23629,2.23629,0.17868,0.17769,0.16914,0.17572,0.17177,-51.02130,-626.00000
3.38416,3.37791,3.38351,3.38482,3.38515,2.23300,2.23432,2.23596,2.23793,2.23333,0.17539,0.17440,0.17769,0.17835,0.17440,-51.03405,-625.00000
3.38351,3.38054,3.38811,3.38318,3.38482,2.23563,2.23234,2.23366,2.23070,2.23037,0.17177,0.16749,0.17013,0.17407,0.17276,-51.03405,-624.00000
3.37956,3.37989,3.37397,3.38745,3.38186,2.23826,2.23695,2.23497,2.23432,2.23728,0.17045,0.17078,0.17309,0.16980,0.17210,-51.19881,-623.00000
3.37430,3.37660,3.37660,3.37758,3.38318,2.23432,2.23596,2.23530,2.23629,2.23497,0.17342,0.17309,0.17210,0.17210,0.17013,-51.19881,-622.00000
3.37824,3.38153,3.38087,3.37660,3.38219,2.23366,2.23399,2.23497,2.23629,2.23465,0.17638,0.16684,0.16881,0.16782,0.16980,-51.31516,-621.00000
3.37495,3.37791,3.38186,3.37627,3.38482,2.23465,2.23728,2.23629,2.24057,2.23530,0.16947,0.17111,0.16782,0.16749,0.17210,-51.31516,-620.00000
3.37857,3.37989,3.37693,3.38285,3.37298,2.23596,2.23793,2.23432,2.23596,2.23333,0.16585,0.16782,0.16815,0.16421,0.16651,-51.96727,-619.00000
3.38318,3.37528,3.38022,3.38285,3.37857,2.23267,2.23563,2.23596,2.23366,2.23234,0.16618,0.16618,0.16914,0.16717,0.16815,-51.96727,-618.00000
3.38383,3.38351,3.37890,3.37956,3.38318,2.23662,2.23267,2.23399,2.23695,2.23366,0.16618,0.16256,0.16684,0.16092,0.16519,-52.23599,-617.00000
3.37923,3.38515,3.38153,3.38351,3.37758,2.23169,2.23497,2.23563,2.23169,2.23695,0.16223,0.16289,0.16651,0.16322,0.16618,-52.23599,-616.00000
3.38351,3.37824,3.37956,3.37627,3.38252,2.23399,2.23136,2.23497,2.23662,2.23530,0.16585,0.16388,0.16519,0.16289,0.16388,-51.79502,-615.00000
3.37594,3.38153,3.37956,3.37824,3.37726,2.23465,2.23399,2.23662,2.23300,2.23728,0.15960,0.16190,0.16322,0.16157,0.16092,-51.79502,-614.00000
3.38581,3.37594,3.37857,3.38219,3.37495,2.23136,2.23234,2.23793,2.23267,2.23333,0.16190,0.16486,0.16190,0.16519,0.15829,-51.36432,-613.00000
3.37726,3.37627,3.37989,3.37923,3.37758,2.23629,2.23267,2.24024,2.23201,2.23497,0.16289,0.16125,0.16223,0.16289,0.16453,-51.36432,-612.00000
3.37397,3.37660,3.37495,3.38153,3.38153,2.23761,2.23761,2.23530,2.23300,2.23497,0.16157,0.16059,0.15993,0.15927,0.15960,-50.89002,-611.00000
3.38351,3.38515,3.38054,3.37989,3.37758,2.23596,2.23530,2.23169,2.23596,2.23267,0.15467,0.15796,0.15960,0.15861,0.15730,-50.89002,-610.00000
3.38022,3.37594,3.37495,3.37824,3.37857,2.23366,2.23859,2.23662,2.23662,2.23333,0.15927,0.15993,0.15861,0.16026,0.15533,-50.56405,-609.00000
3.37890,3.38054,3.37824,3.37627,3.37890,2.23925,2.23793,2.23728,2.24057,2.23103,0.15796,0.15894,0.15960,0.16059,0.15993,-50.56405,-608.00000
3.38449,3.37627,3.37726,3.37791,3.37890,2.22905,2.23136,2.23432,2.23793,2.23432,0.15763,0.16453,0.16157,0.16157,0.15697,-50.29628,-607.00000
3.37923,3.37627,3.37495,3.38153,3.38186,2.23826,2.23103,2.23234,2.23136,2.23267,0.15401,0.15631,0.16256,0.16223,0.16322,-50.29628,-606.00000
3.38186,3.37923,3.37923,3.37726,3.37791,2.23826,2.23497,2.23432,2.23399,2.23497,0.16190,0.15861,0.15533,0.16552,0.15894,-50.59628,-605.00000
3.38120,3.37923,3.37824,3.38252,3.37726,2.23432,2.23793,2.23399,2.23925,2.23563,0.16026,0.16092,0.16092,0.16059,0.15861,-50.59628,-604.00000
3.37890,3.37726,3.37430,3.38087,3.38581,2.23497,2.23695,2.23366,2.23497,2.23333,0.16092,0.16388,0.16421,0.15993,0.16059,-50.61237,-603.00000
3.38087,3.37627,3.37791,3.37989,3.38449,2.23300,2.23497,2.23629,2.23695,2.23037,0.16355,0.16223,0.16125,0.16190,0.16486,-50.61237,-602.00000
3.38219,3.37923,3.37890,3.38153,3.37857,2.23563,2.23267,2.23497,2.23366,2.23300,0.16289,0.15894,0.15434,0.16421,0.15960,-50.33337,-601.00000
3.37989,3.38120,3.38153,3.38416,3.37989,2.23399,2.23103,2.23530,2.23596,2.23826,0.15796,0.16190,0.16157,0.15993,0.15960,-50.33337,-600.00000
3.37660,3.37726,3.38219,3.37660,3.38120,2.23399,2.23629,2.23695,2.23333,2.23234,0.15401,0.15697,0.16388,0.15434,0.15993,-50.30037,-599.00000
3.37956,3.37824,3.38120,3.37824,3.38022,2.23662,2.23596,2.23037,2.23432,2.23201,0.15368,0.15631,0.15467,0.15368,0.15368,-50.30037,-598.00000
3.37561,3.38054,3.37890,3.38219,3.38153,2.23399,2.23793,2.23892,2.22938,2.23333,0.15269,0.15730,0.15401,0.15763,0.15335,-50.08143,-597.00000
3.37857,3.37331,3.37199,3.38087,3.37923,2.23169,2.24122,2.22741,2.22905,2.23432,0.15302,0.15368,0.15204,0.14875,0.15171,-50.08143,-596.00000
3.37989,3.37726,3.38252,3.37462,3.37660,2.23563,2.23201,2.23267,2.23530,2.23629,0.14875,0.15039,0.15302,0.14809,0.14776,-51.33684,-595.00000
3.38022,3.38285,3.38219,3.37528,3.38778,2.23399,2.23366,2.23596,2.23662,2.23432,0.15072,0.15138,0.15237,0.14710,0.14941,-51.33684,-594.00000
3.37890,3.37397,3.37693,3.38285,3.37726,2.23662,2.23201,2.23530,2.23826,2.23432,0.14381,0.14941,0.14842,0.14381,0.14414,-51.58296,-593.00000
3.38087,3.38153,3.37693,3.38351,3.38186,2.23793,2.23037,2.23662,2.23728,2.23662,0.14579,0.14645,0.14480,0.14414,0.14842,-51.58296,-592.00000
3.37758,3.37824,3.37495,3.37890,3.37890,2.23629,2.23563,2.23662,2.23629,2.23432,0.14447,0.14480,0.14151,0.14118,0.14546,-50.83558,-591.00000
3.37956,3.37890,3.38087,3.38318,3.37923,2.23859,2.23465,2.23761,2.23728,2.23728,0.14250,0.14513,0.14250,0.14447,0.14480,-50.83558,-590.00000
3.38383,3.38022,3.38120,3.38087,3.37495,2.23432,2.23662,2.23465,2.23530,2.23497,0.13987,0.13954,0.14184,0.13691,0.14085,-50.75562,-589.00000
3.38515,3.37627,3.37726,3.38054,3.38252,2.23497,2.23859,2.23563,2.23793,2.23793,0.13691,0.13493,0.13789,0.13789,0.14052,-50.75562,-588.00000
3.37495,3.37923,3.38022,3.37265,3.38022,2.23761,2.23201,2.24057,2.24320,2.23300,0.13559,0.13855,0.13855,0.13756,0.13855,-50.72347,-587.00000
3.37923,3.37890,3.37561,3.37495,3.37824,2.23958,2.23662,2.23432,2.23662,2.24057,0.13822,0.13395,0.13132,0.13822,0.13493,-50.72347,-586.00000
3.37890,3.37397,3.38186,3.38022,3.38022,2.24024,2.23596,2.23333,2.23563,2.23629,0.13493,0.13066,0.13756,0.13756,0.13230,-50.85666,-585.00000
3.37430,3.37758,3.37824,3.37462,3.37693,2.23563,2.23892,2.23991,2.23300,2.23497,0.13526,0.13197,0.13362,0.13066,0.13066,-50.85666,-584.00000
3.37890,3.38054,3.37956,3.37594,3.37265,2.24057,2.23169,2.23530,2.23629,2.23596,0.13197,0.13033,0.13362,0.13000,0.13164,-51.03009,-583.00000
3.37857,3.37758,3.37824,3.37857,3.36838,2.23761,2.23399,2.23497,2.23728,2.23399,0.12901,0.13099,0.13395,0.13263,0.13099,-51.03009,-582.00000
3.38054,3.37331,3.37824,3.37791,3.38285,2.23629,2.23859,2.23859,2.23925,2.23629,0.12836,0.13263,0.13033,0.12901,0.13000,-51.04480,-581.00000
3.37758,3.37660,3.37364,3.38022,3.37528,2.23300,2.23563,2.24122,2.23859,2.23826,0.12901,0.12572,0.12737,0.12967,0.12836,-51.04480,-580.00000
3.37462,3.37857,3.37857,3.37660,3.37726,2.23530,2.23497,2.23596,2.23563,2.23201,0.12309,0.12901,0.12540,0.13033,0.12836,-50.81047,-579.00000
3.37594,3.37791,3.37791,3.37923,3.37890,2.23563,2.23892,2.23793,2.23826,2.23432,0.12507,0.12605,0.12638,0.12737,0.12572,-50.81047,-578.00000
3.37824,3.37890,3.37594,3.37331,3.38449,2.23761,2.23399,2.23958,2.23366,2.24385,0.12408,0.12507,0.12605,0.12572,0.12342,-51.28575,-577.00000
3.37824,3.37495,3.37693,3.37758,3.37035,2.23662,2.24188,2.23695,2.23563,2.23958,0.12244,0.12178,0.12079,0.12276,0.12276,-51.28575,-576.00000
3.37824,3.37627,3.37035,3.37331,3.37758,2.23695,2.23728,2.24221,2.24024,2.23826,0.12408,0.12474,0.12342,0.12309,0.12507,-51.52774,-575.00000
3.37364,3.37726,3.37495,3.37660,3.37298,2.23859,2.24089,2.23629,2.23793,2.23596,0.12441,0.12342,0.12309,0.12441,0.12178,-51.52774,-574.00000
3.37068,3.37397,3.37758,3.37397,3.37693,2.23793,2.23991,2.23958,2.23728,2.23234,0.12013,0.12211,0.12112,0.12309,0.12474,-51.54258,-573.00000
3.37495,3.38120,3.37594,3.37594,3.37693,2.24188,2.24451,2.24024,2.24122,2.24155,0.11882,0.11750,0.12178,0.12079,0.11783,-51.54258,-572.00000
3.37791,3.37101,3.37035,3.37430,3.37956,2.23925,2.23892,2.24089,2.23465,2.23793,0.11750,0.11980,0.12112,0.11980,0.12441,-51.66315,-571.00000
3.37331,3.37693,3.37561,3.37758,3.37660,2.23695,2.23826,2.24089,2.24155,2.23432,0.11882,0.11948,0.12211,0.11980,0.12013,-51.66315,-570.00000
3.37528,3.37726,3.37660,3.37726,3.38054,2.23728,2.23826,2.23695,2.23695,2.23728,0.11652,0.12079,0.11652,0.11783,0.12046,-52.07394,-569.00000
3.37298,3.37594,3.37232,3.37298,3.37265,2.24320,2.23728,2.23596,2.23826,2.23793,0.11652,0.11684,0.12211,0.11948,0.11553,-52.07394,-568.00000
3.37857,3.38186,3.37199,3.37199,3.37265,2.24747,2.23958,2.24057,2.23826,2.23530,0.11717,0.11619,0.11454,0.11619,0.11783,-51.56980,-567.00000
3.37726,3.36772,3.37495,3.38087,3.37561,2.23892,2.24024,2.24122,2.24550,2.24024,0.11355,0.11816,0.11652,0.11553,0.11619,-51.56980,-566.00000
3.37528,3.37627,3.37430,3.37166,3.38219,2.24287,2.23991,2.23859,2.24517,2.23662,0.11652,0.11454,0.11520,0.11553,0.11849,-51.41112,-565.00000
3.37890,3.37265,3.37528,3.37265,3.37495,2.23530,2.24024,2.23629,2.23728,2.24221,0.11882,0.11652,0.11421,0.11125,0.11652,-51.41112,-564.00000
3.37923,3.37331,3.38054,3.37791,3.37364,2.23793,2.24188,2.24188,2.23958,2.24287,0.11224,0.11783,0.11619,0.11520,0.11388,-50.74055,-563.00000
3.37364,3.37495,3.37397,3.38318,3.37331,2.23892,2.24024,2.23859,2.23859,2.23761,0.11421,0.11652,0.11191,0.11520,0.11421,-50.74055,-562.00000
3.37594,3.37594,3.37627,3.37232,3.37495,2.24089,2.23793,2.24122,2.24155,2.24122,0.11290,0.11224,0.11487,0.11355,0.11027,-50.25281,-561.00000
3.37397,3.37462,3.37561,3.37265,3.37791,2.24057,2.23793,2.24122,2.23991,2.24155,0.11290,0.11092,0.11125,0.11652,0.11158,-50.25281,-560.00000
3.36969,3.37298,3.37068,3.37035,3.37364,2.23497,2.23826,2.24287,2.23925,2.24057,0.11158,0.11421,0.11290,0.11487,0.11290,-50.10018,-559.00000
3.37758,3.37561,3.37331,3.37298,3.36838,2.23333,2.24057,2.23826,2.24089,2.23958,0.11487,0.10731,0.11323,0.11059,0.10763,-50.10018,-558.00000
3.38087,3.37923,3.37660,3.37364,3.37397,2.24122,2.23563,2.24221,2.24320,2.24024,0.11092,0.10566,0.10731,0.11092,0.10698,-50.38580,-557.00000
3.37462,3.37791,3.37462,3.38186,3.37430,2.23695,2.23596,2.23596,2.23991,2.23761,0.10665,0.11191,0.10829,0.10928,0.10533,-50.38580,-556.00000
3.37199,3.37364,3.37397,3.37232,3.37397,2.23859,2.23991,2.23530,2.23958,2.23596,0.10632,0.10796,0.10994,0.10895,0.10994,-50.33207,-555.00000
3.36640,3.36870,3.37298,3.37035,3.37594,2.24155,2.23793,2.23497,2.24089,2.23826,0.11191,0.10467,0.10928,0.10665,0.10731,-50.33207,-554.00000
3.37397,3.37035,3.37791,3.37561,3.37364,2.23991,2.23859,2.23859,2.23826,2.23530,0.10731,0.10796,0.10632,0.10698,0.10698,-50.88707,-553.00000
3.37397,3.37298,3.37495,3.36870,3.37134,2.24089,2.23662,2.23695,2.23793,2.23826,0.10336,0.10763,0.10829,0.10829,0.10698,-50.88707,-552.00000
3.37923,3.37134,3.37068,3.36805,3.37890,2.23859,2.24024,2.23333,2.23497,2.24089,0.10500,0.10599,0.10566,0.10599,0.10566,-50.68253,-551.00000
3.37134,3.36936,3.37002,3.37430,3.37594,2.23662,2.23826,2.23826,2.23958,2.23793,0.10402,0.10566,0.10204,0.10665,0.10336,-50.68253,-550.00000
3.37331,3.36969,3.37232,3.37035,3.37199,2.24353,2.23991,2.23530,2.23826,2.23925,0.10139,0.10402,0.10500,0.10895,0.10533,-51.08002,-549.00000
3.37824,3.37134,3.37397,3.37462,3.37397,2.23662,2.24320,2.23958,2.24287,2.24188,0.10237,0.10435,0.10369,0.10435,0.10073,-51.08002,-548.00000
3.36640,3.37495,3.37002,3.37857,3.37199,2.23497,2.23859,2.23530,2.24155,2.23728,0.10336,0.10270,0.10435,0.10435,0.10402,-50.80627,-547.00000
3.37134,3.37068,3.36706,3.37166,3.36344,2.23958,2.24024,2.23958,2.23728,2.23925,0.10533,0.10303,0.10106,0.10171,0.10106,-50.80627,-546.00000
3.37397,3.37298,3.36838,3.37035,3.37232,2.23629,2.24057,2.23662,2.24024,2.24616,0.10007,0.10106,0.10270,0.10303,0.10106,-51.07463,-545.00000
3.37232,3.37462,3.37068,3.37627,3.37462,2.24188,2.24155,2.23497,2.23761,2.23826,0.10171,0.10336,0.10139,0.10467,0.09908,-51.07463,-544.00000
3.36969,3.36739,3.37232,3.36936,3.37495,2.24155,2.24089,2.23925,2.23859,2.23826,0.09941,0.09875,0.10040,0.10303,0.10007,-50.89708,-543.00000
3.37002,3.37134,3.36969,3.37265,3.37134,2.23530,2.24320,2.23958,2.24155,2.23300,0.09941,0.09875,0.09974,0.10139,0.09941,-50.89708,-542.00000
3.37265,3.37035,3.37166,3.37134,3.36969,2.23826,2.24122,2.24057,2.23991,2.23728,0.09974,0.09810,0.09843,0.09711,0.09744,-50.66316,-541.00000
3.36739,3.36542,3.37232,3.36607,3.37824,2.23892,2.24353,2.24221,2.23991,2.23465,0.09875,0.09711,0.09612,0.09579,0.09744,-50.66316,-540.00000
3.36903,3.36805,3.36936,3.37134,3.37331,2.23925,2.24385,2.23958,2.24747,2.23958,0.09612,0.09415,0.09810,0.09547,0.09547,-50.82296,-539.00000
3.37364,3.36410,3.37430,3.36607,3.37199,2.24221,2.24122,2.24188,2.24320,2.24155,0.09612,0.09678,0.09547,0.09316,0.09711,-50.82296,-538.00000
3.36870,3.36311,3.37166,3.36772,3.36706,2.23563,2.23695,2.23432,2.23925,2.24024,0.09612,0.09415,0.09448,0.09744,0.09316,-51.32664,-537.00000
3.36542,3.37002,3.37265,3.36410,3.36246,2.23728,2.23761,2.23596,2.24353,2.24155,0.08955,0.09448,0.09349,0.09547,0.09185,-51.32664,-536.00000
3.36870,3.36246,3.36772,3.36574,3.37199,2.23991,2.24254,2.24122,2.24024,2.23695,0.09481,0.09514,0.08856,0.08987,0.09218,-51.05370,-535.00000
3.37068,3.36772,3.37134,3.36542,3.37068,2.23991,2.23497,2.23958,2.23662,2.23563,0.09053,0.09283,0.09020,0.09218,0.09349,-51.05370,-534.00000
3.36969,3.36838,3.36542,3.36311,3.36607,2.23826,2.23826,2.23826,2.23925,2.23859,0.09020,0.09119,0.08757,0.09053,0.09020,-51.01496,-533.00000
3.37002,3.37134,3.36476,3.36509,3.36805,2.24089,2.24188,2.23497,2.24254,2.24024,0.08856,0.08823,0.09349,0.09251,0.09283,-51.01496,-532.00000
3.36311,3.36640,3.36509,3.36509,3.37134,2.23662,2.23958,2.24122,2.23793,2.23991,0.08922,0.08626,0.09053,0.09086,0.09119,-51.19748,-531.00000
3.36344,3.36344,3.36772,3.36607,3.35982,2.23629,2.23695,2.24089,2.24024,2.23991,0.09152,0.08955,0.08790,0.08955,0.08889,-51.19748,-530.00000
3.36936,3.36509,3.36114,3.36574,3.36574,2.23826,2.24188,2.23432,2.24188,2.23728,0.08823,0.09020,0.08691,0.08987,0.08922,-50.53302,-529.00000
3.36739,3.36443,3.36838,3.37265,3.36805,2.24089,2.23826,2.24714,2.24155,2.23892,0.08922,0.09316,0.08494,0.08428,0.08560,-50.53302,-528.00000
3.36574,3.37002,3.36542,3.36509,3.36509,2.23793,2.23761,2.23662,2.23465,2.24221,0.08790,0.08987,0.08658,0.08790,0.08658,-50.33256,-527.00000
3.36838,3.36640,3.36805,3.36542,3.37068,2.23925,2.24254,2.24155,2.24320,2.24024,0.08362,0.08790,0.08264,0.08757,0.08691,-50.33256,-526.00000
3.36410,3.36838,3.36246,3.36772,3.36213,2.24122,2.23695,2.23991,2.23859,2.23629,0.08987,0.08527,0.08724,0.08560,0.08724,-50.46422,-525.00000
3.36640,3.37002,3.36838,3.36969,3.37101,2.23892,2.23728,2.24057,2.23991,2.24122,0.08560,0.08461,0.08691,0.08198,0.08889,-50.46422,-524.00000
3.36805,3.36706,3.36673,3.36410,3.37134,2.24287,2.23728,2.23826,2.23728,2.24155,0.08264,0.08231,0.08231,0.08428,0.08001,-50.39086,-523.00000
3.36311,3.37002,3.36805,3.36377,3.36936,2.23563,2.24024,2.24057,2.24188,2.24122,0.08494,0.08428,0.08034,0.07935,0.07770,-50.39086,-522.00000
3.36607,3.36509,3.36574,3.36509,3.36706,2.24221,2.24287,2.24484,2.23991,2.24254,0.08461,0.08297,0.08428,0.08658,0.08461,-50.13688,-521.00000
3.36377,3.36772,3.37298,3.36870,3.36706,2.24385,2.23629,2.23826,2.23892,2.23991,0.08395,0.08494,0.08297,0.08165,0.08034,-50.13688,-520.00000
3.36706,3.36246,3.37035,3.36377,3.36180,2.23892,2.23596,2.24057,2.23695,2.24089,0.08132,0.08231,0.07836,0.08066,0.08395,-50.16775,-519.00000
3.36213,3.36936,3.36344,3.36377,3.36213,2.23925,2.23892,2.23695,2.23859,2.24287,0.08330,0.08428,0.08428,0.08066,0.07935,-50.16775,-518.00000
3.36410,3.36805,3.36278,3.36344,3.36246,2.23892,2.24155,2.24550,2.23793,2.24057,0.08330,0.08297,0.08395,0.07935,0.07705,-50.00278,-517.00000
3.36607,3.36640,3.36443,3.36443,3.36015,2.23859,2.24353,2.24024,2.23563,2.23859,0.08001,0.08099,0.08330,0.08001,0.07902,-50.00278,-516.00000
3.36015,3.36246,3.36838,3.36739,3.36377,2.23728,2.23399,2.23629,2.23925,2.23958,0.08066,0.08001,0.07738,0.08001,0.07770,-49.41592,-515.00000
3.35982,3.36673,3.36542,3.36706,3.36607,2.23761,2.24089,2.24024,2.23826,2.23530,0.07902,0.07902,0.07606,0.07902,0.07968,-49.41592,-514.00000
3.36246,3.35719,3.36673,3.36081,3.36476,2.23596,2.23826,2.23761,2.24024,2.23563,0.07770,0.07639,0.08001,0.07902,0.07705,-49.28184,-513.00000
3.36015,3.36739,3.36443,3.36278,3.36377,2.23761,2.23991,2.23826,2.24122,2.24254,0.07902,0.07836,0.07803,0.07672,0.07606,-49.28184,-512.00000
3.36015,3.36081,3.36114,3.36870,3.35653,2.23761,2.24024,2.24089,2.23300,2.23662,0.07803,0.07672,0.07409,0.07310,0.07705,-48.27122,-511.00000
3.35489,3.36278,3.36015,3.35621,3.36147,2.24484,2.24155,2.24057,2.23596,2.23596,0.07343,0.07507,0.07376,0.07803,0.07573,-48.27122,-510.00000
3.36048,3.35818,3.36081,3.36410,3.35884,2.24089,2.23366,2.23761,2.24188,2.23695,0.07474,0.07211,0.07474,0.07277,0.07178,-47.75862,-509.00000
3.36147,3.35719,3.35851,3.36311,3.36048,2.24024,2.24188,2.24024,2.23629,2.24155,0.07738,0.07836,0.07409,0.07902,0.07474,-47.75862,-508.00000
3.36246,3.35884,3.36870,3.36114,3.35719,2.23892,2.23793,2.24484,2.23925,2.24155,0.07343,0.07442,0.07343,0.07277,0.07310,-44.57345,-507.00000
3.36443,3.35884,3.35851,3.36213,3.35423,2.23596,2.24155,2.23958,2.23399,2.23859,0.07507,0.07310,0.07573,0.07310,0.07573,-44.57345,-506.00000
3.35785,3.35752,3.35621,3.36278,3.35950,2.24024,2.23530,2.23892,2.24024,2.24024,0.07409,0.07113,0.07211,0.07178,0.07014,-43.26056,-505.00000
3.35621,3.36015,3.35917,3.35522,3.35653,2.24089,2.23925,2.23530,2.24057,2.23958,0.07211,0.07507,0.07211,0.07211,0.07409,-43.26056,-504.00000
3.35621,3.35555,3.35785,3.35851,3.35489,2.24089,2.24122,2.23925,2.24024,2.23991,0.07277,0.07080,0.06915,0.07080,0.06784,-42.95658,-503.00000
3.35950,3.35752,3.35752,3.35719,3.36147,2.23761,2.24057,2.24024,2.23761,2.23793,0.07113,0.07211,0.07409,0.06882,0.07442,-42.95658,-502.00000
3.35950,3.35259,3.35489,3.36015,3.35950,2.23761,2.24385,2.24353,2.24188,2.23695,0.07113,0.07047,0.07211,0.06915,0.06850,-44.79658,-501.00000
3.35259,3.36246,3.35851,3.35423,3.35653,2.23399,2.23991,2.24024,2.23793,2.23892,0.06850,0.06915,0.06981,0.07244,0.06882,-44.79658,-500.00000
3.35917,3.35719,3.35292,3.35588,3.35193,2.23793,2.23662,2.23728,2.24057,2.23991,0.06817,0.06850,0.06948,0.06915,0.07244,-46.40735,-499.00000
3.35522,3.35818,3.35357,3.35193,3.35719,2.23793,2.23728,2.23958,2.23826,2.23958,0.06488,0.06882,0.06751,0.06915,0.07277,-47.29891,-498.00000
3.35785,3.35588,3.35522,3.35950,3.35489,2.23596,2.23991,2.24320,2.24221,2.23859,0.06554,0.06850,0.06586,0.06422,0.06850,-47.29891,-497.00000
3.35653,3.35686,3.35752,3.36081,3.35653,2.23728,2.23728,2.23761,2.24024,2.24188,0.06192,0.06718,0.06751,0.06389,0.06488,-47.29891,-496.00000
3.36114,3.35522,3.35785,3.35522,3.35917,2.24122,2.24188,2.24287,2.23793,2.23761,0.06488,0.06718,0.06586,0.06685,0.06751,-48.36366,-495.00000
3.35160,3.35226,3.35950,3.36114,3.35160,2.23892,2.23465,2.23563,2.24122,2.24155,0.06619,0.06652,0.06751,0.06685,0.06521,-48.36366,-494.00000
3.35555,3.35588,3.35423,3.36213,3.35555,2.23793,2.23826,2.23399,2.24188,2.23958,0.06619,0.06619,0.06619,0.06784,0.06784,-48.93678,-493.00000
3.35917,3.35423,3.35653,3.35686,3.35456,2.23892,2.23991,2.23925,2.24155,2.24188,0.06422,0.06751,0.06619,0.06455,0.06850,-48.93678,-492.00000
3.35555,3.35588,3.35456,3.35818,3.35588,2.23596,2.23530,2.24583,2.24089,2.24254,0.06619,0.06554,0.06784,0.06652,0.06718,-49.19516,-491.00000
3.35226,3.35029,3.35950,3.35259,3.35193,2.24057,2.23991,2.24024,2.23793,2.24024,0.06060,0.06093,0.06356,0.06619,0.06554,-49.19516,-490.00000
3.35785,3.35390,3.36114,3.35950,3.35325,2.24451,2.23793,2.23465,2.24418,2.24287,0.06225,0.06488,0.06652,0.06554,0.06652,-49.50087,-489.00000
3.35061,3.35226,3.35653,3.35357,3.35423,2.23859,2.23958,2.23596,2.24089,2.23958,0.06027,0.06554,0.05731,0.06192,0.06455,-49.50087,-488.00000
3.35653,3.34996,3.34963,3.34897,3.35160,2.24221,2.23925,2.24024,2.23300,2.24287,0.05764,0.06422,0.06258,0.06159,0.05929,-49.65423,-487.00000
3.35555,3.35160,3.35686,3.35127,3.35588,2.23925,2.23859,2.24057,2.23497,2.24254,0.06323,0.06422,0.06323,0.06258,0.05896,-49.84598,-486.00000
3.35259,3.35357,3.35160,3.35653,3.35719,2.23892,2.24024,2.23859,2.24155,2.23892,0.06225,0.06159,0.06225,0.06258,0.06258,-49.84598,-485.00000
3.35390,3.35489,3.35160,3.35292,3.34930,2.23892,2.24517,2.24057,2.24221,2.24353,0.05962,0.05863,0.06027,0.05929,0.06455,-49.84598,-484.00000
3.35423,3.35588,3.35160,3.35292,3.35193,2.23958,2.23596,2.23991,2.23629,2.24353,0.06093,0.06126,0.06093,0.05764,0.05929,-50.01939,-483.00000
3.35127,3.35193,3.35555,3.35489,3.35292,2.23892,2.23728,2.23892,2.24024,2.24024,0.06619,0.05896,0.06422,0.05994,0.05600,-50.01939,-482.00000
3.35029,3.35588,3.35522,3.35653,3.35127,2.23892,2.23859,2.24221,2.23728,2.23728,0.05567,0.06126,0.05994,0.06389,0.05994,-49.99340,-481.00000
3.35193,3.35061,3.35423,3.35193,3.35029,2.24188,2.24353,2.24024,2.24484,2.23892,0.05501,0.05797,0.05863,0.05962,0.05962,-49.99340,-480.00000
3.35325,3.34930,3.34864,3.35226,3.35555,2.24155,2.24221,2.24221,2.24089,2.23925,0.05994,0.05830,0.05797,0.05830,0.05896,-50.12743,-479.00000
3.35226,3.35588,3.34700,3.35259,3.34535,2.23629,2.24057,2.23695,2.23958,2.24155,0.05665,0.05830,0.05797,0.05797,0.05665,-50.12743,-478.00000
3.34338,3.35489,3.35653,3.35193,3.35357,2.24089,2.24221,2.24385,2.24089,2.23892,0.05501,0.05896,0.06093,0.05896,0.05698,-49.97102,-477.00000
3.34864,3.35292,3.34996,3.35193,3.34765,2.24024,2.24057,2.23892,2.23793,2.24418,0.05896,0.06060,0.05698,0.05402,0.05534,-49.97102,-476.00000
3.34535,3.35061,3.34831,3.35061,3.35357,2.23793,2.24089,2.24221,2.24024,2.24089,0.05731,0.05896,0.05797,0.05896,0.05863,-49.92534,-475.00000
3.34502,3.35029,3.35292,3.34765,3.34996,2.23925,2.23728,2.24254,2.23793,2.23892,0.05863,0.05501,0.05534,0.05600,0.05962,-49.92534,-474.00000
3.34798,3.35127,3.35259,3.34930,3.35160,2.23925,2.23497,2.23826,2.23629,2.23728,0.05435,0.05501,0.05764,0.05764,0.05830,-49.78747,-473.00000
3.35029,3.34963,3.34305,3.35226,3.34305,2.24221,2.23826,2.24024,2.23563,2.24122,0.05830,0.05468,0.05633,0.05633,0.05764,-49.78747,-472.00000
3.35193,3.34568,3.34700,3.34864,3.34963,2.23925,2.24057,2.24254,2.24188,2.23728,0.05139,0.05633,0.05501,0.05304,0.05435,-49.64998,-471.00000
3.34634,3.34535,3.34996,3.34963,3.35259,2.24024,2.23991,2.23695,2.24089,2.23793,0.05106,0.05501,0.05501,0.05337,0.05402,-49.58273,-470.00000
3.34601,3.34831,3.35390,3.34502,3.34437,2.23761,2.24353,2.23826,2.24024,2.23793,0.05534,0.05962,0.05633,0.05369,0.05468,-49.58273,-469.00000
3.34930,3.34963,3.34601,3.34437,3.34864,2.23497,2.23892,2.23662,2.23892,2.23728,0.05501,0.05534,0.05633,0.05501,0.05008,-49.58273,-468.00000
3.34765,3.34469,3.34930,3.34634,3.35160,2.24024,2.23793,2.23662,2.24057,2.24155,0.05106,0.05534,0.05041,0.05369,0.05106,-49.30678,-467.00000
3.34733,3.34404,3.34963,3.34733,3.34700,2.23596,2.23728,2.23761,2.23826,2.23826,0.05369,0.05041,0.05172,0.05172,0.05665,-49.30678,-466.00000
3.34897,3.34502,3.34798,3.34996,3.34897,2.23465,2.24057,2.24451,2.24616,2.23925,0.05402,0.05172,0.05271,0.05567,0.05139,-49.18467,-465.00000
3.35094,3.34535,3.34535,3.34502,3.34535,2.23925,2.24418,2.23695,2.23530,2.24122,0.05139,0.05731,0.05337,0.05468,0.05073,-49.18467,-464.00000
3.34996,3.34568,3.34733,3.35226,3.34042,2.23793,2.24024,2.23925,2.24024,2.24122,0.05271,0.05041,0.05369,0.05304,0.05106,-49.25462,-463.00000
3.34568,3.34601,3.34568,3.34272,3.34535,2.23465,2.24385,2.24155,2.23958,2.23826,0.05172,0.04745,0.05271,0.05271,0.04942,-49.25462,-462.00000
3.33976,3.34963,3.34831,3.34371,3.33779,2.23859,2.24221,2.23596,2.23629,2.23629,0.05205,0.05402,0.05172,0.05172,0.04777,-48.74624,-461.00000
3.34667,3.33812,3.34141,3.34831,3.34173,2.23629,2.23761,2.23563,2.23530,2.23333,0.05172,0.05238,0.05041,0.05205,0.04876,-48.74624,-460.00000
3.34173,3.34404,3.34141,3.34206,3.34305,2.23761,2.23925,2.23859,2.24089,2.23366,0.04679,0.04876,0.04777,0.04745,0.05172,-48.24294,-459.00000
3.34700,3.34404,3.34173,3.34206,3.33845,2.23629,2.23432,2.23695,2.24254,2.23399,0.05106,0.04843,0.04975,0.05139,0.05139,-48.24294,-458.00000
3.34206,3.34075,3.34667,3.33910,3.34404,2.23563,2.23563,2.23662,2.23497,2.23465,0.04843,0.04942,0.04909,0.04909,0.04745,-47.05942,-457.00000
3.33845,3.33877,3.34535,3.34338,3.34437,2.23629,2.23662,2.23563,2.23596,2.23596,0.04712,0.04712,0.04843,0.05073,0.04942,-47.05942,-456.00000
3.34141,3.34108,3.33976,3.33910,3.34239,2.23761,2.23728,2.23596,2.23497,2.23958,0.04810,0.05008,0.04876,0.04843,0.05337,-44.50446,-455.00000
3.34601,3.33647,3.34075,3.34239,3.34108,2.24122,2.23662,2.24221,2.23662,2.23859,0.04909,0.04843,0.05139,0.04514,0.04745,-44.50446,-454.00000
3.34634,3.33910,3.34502,3.34009,3.33746,2.23563,2.23859,2.23826,2.23662,2.23662,0.05041,0.05008,0.04580,0.04679,0.04712,-44.55245,-453.00000
3.33779,3.34305,3.33779,3.33614,3.34437,2.23859,2.23629,2.23925,2.23629,2.23892,0.04876,0.05271,0.04876,0.04745,0.04712,-44.55245,-452.00000
3.33845,3.34075,3.34009,3.34042,3.34437,2.23629,2.23563,2.23629,2.23761,2.23497,0.04909,0.04646,0.04942,0.04745,0.04547,-44.84486,-451.00000
3.33516,3.33910,3.34108,3.33746,3.34239,2.23662,2.23925,2.23793,2.23761,2.24122,0.05106,0.04712,0.04646,0.04712,0.04350,-44.84486,-450.00000
3.34075,3.34108,3.33746,3.33713,3.33812,2.23267,2.23530,2.23728,2.23136,2.23629,0.04383,0.04514,0.05073,0.04679,0.04613,-46.22633,-449.00000
3.33845,3.33647,3.34239,3.33845,3.33812,2.23991,2.23991,2.24024,2.23892,2.23728,0.04613,0.04909,0.05008,0.04745,0.04547,-46.22633,-448.00000
3.33779,3.33549,3.33450,3.34009,3.33779,2.23530,2.23629,2.23728,2.23596,2.23826,0.04449,0.04810,0.04942,0.04580,0.04810,-46.74203,-447.00000
3.33154,3.32825,3.33943,3.34206,3.33647,2.23793,2.23366,2.23892,2.24057,2.24155,0.04613,0.04646,0.04613,0.04580,0.04087,-47.36904,-446.00000
3.33845,3.34502,3.33812,3.34173,3.34206,2.23761,2.23859,2.23958,2.23991,2.23563,0.04679,0.04317,0.04547,0.04251,0.04777,-47.36904,-445.00000
3.33812,3.33976,3.34075,3.33154,3.34206,2.24024,2.23563,2.24122,2.23662,2.23629,0.04284,0.04120,0.04185,0.04876,0.04777,-47.36904,-444.00000
3.34206,3.33384,3.33614,3.33647,3.33516,2.24254,2.23497,2.23530,2.23366,2.23793,0.04317,0.04284,0.04350,0.04416,0.04942,-48.57155,-443.00000
3.34009,3.33252,3.33483,3.33877,3.34141,2.24057,2.23892,2.23826,2.23629,2.23859,0.04416,0.04613,0.04350,0.04317,0.04284,-48.57155,-442.00000
3.33121,3.33746,3.33516,3.33812,3.33976,2.24254,2.23793,2.23662,2.23596,2.23925,0.04514,0.04087,0.04350,0.04251,0.04416,-49.25929,-441.00000
3.34108,3.34338,3.33121,3.33976,3.33943,2.23958,2.23300,2.23497,2.23530,2.23958,0.04383,0.04054,0.04843,0.04317,0.04712,-49.25929,-440.00000
3.33713,3.32989,3.34042,3.33384,3.34272,2.23728,2.23925,2.23432,2.23695,2.23629,0.04416,0.04284,0.04218,0.04284,0.04481,-49.09603,-439.00000
3.33318,3.33417,3.33483,3.33351,3.33022,2.23826,2.23728,2.23497,2.24221,2.23695,0.04580,0.04547,0.04021,0.04317,0.04251,-49.09603,-438.00000
3.33450,3.33055,3.34108,3.33285,3.33713,2.23530,2.24057,2.23991,2.23826,2.23465,0.04481,0.04449,0.04416,0.04251,0.04350,-49.16786,-437.00000
3.33351,3.33812,3.33154,3.33121,3.33647,2.23563,2.23563,2.23826,2.24122,2.24089,0.04317,0.04120,0.04021,0.04153,0.04251,-49.16786,-436.00000
3.33351,3.33647,3.33351,3.33450,3.33877,2.23596,2.23399,2.23103,2.23465,2.24254,0.03824,0.04185,0.04120,0.04185,0.03988,-49.62916,-435.00000
3.33680,3.33943,3.33450,3.34141,3.33746,2.23991,2.23826,2.23761,2.23859,2.23925,0.03922,0.04383,0.04054,0.03988,0.04383,-49.62916,-434.00000
3.33351,3.33877,3.33384,3.33680,3.33647,2.23596,2.23465,2.23793,2.23761,2.23991,0.04153,0.04153,0.04481,0.04054,0.03626,-50.31755,-433.00000
3.33318,3.33845,3.34075,3.33384,3.33450,2.23793,2.23859,2.24418,2.23432,2.23695,0.03758,0.04251,0.04120,0.04054,0.04218,-50.31755,-432.00000
3.33845,3.33187,3.33614,3.33581,3.33746,2.24155,2.23662,2.24089,2.24089,2.24024,0.03889,0.04284,0.04021,0.04350,0.03758,-50.58605,-431.00000
3.33285,3.33121,3.33483,3.33384,3.33417,2.23497,2.23530,2.23925,2.23892,2.24089,0.04021,0.04317,0.04054,0.04153,0.03857,-50.58605,-430.00000
3.33877,3.33351,3.34141,3.33384,3.34009,2.24024,2.24287,2.24024,2.23991,2.23958,0.04185,0.03791,0.04120,0.04120,0.03857,-50.52416,-429.00000
3.32989,3.34141,3.33121,3.33351,3.33713,2.23958,2.23892,2.23826,2.24057,2.24254,0.03824,0.03955,0.03758,0.03955,0.03692,-50.52416,-428.00000
3.34108,3.33516,3.33614,3.32726,3.33910,2.23826,2.24122,2.23925,2.24155,2.23925,0.03659,0.03824,0.04087,0.03593,0.03626,-51.02490,-427.00000
3.32891,3.33384,3.33121,3.33516,3.33614,2.23728,2.24057,2.24155,2.24057,2.23465,0.03988,0.04449,0.03857,0.03922,0.03692,-51.02490,-426.00000
3.33417,3.33154,3.33384,3.33252,3.33285,2.24155,2.23728,2.24188,2.24616,2.23629,0.03659,0.03857,0.03955,0.04054,0.03857,-50.94531,-425.00000
3.33647,3.33450,3.33022,3.33022,3.33549,2.23925,2.23695,2.23826,2.24353,2.23826,0.04087,0.04054,0.03889,0.03824,0.03692,-50.94531,-424.00000
3.33680,3.33845,3.33779,3.33351,3.33417,2.24024,2.24385,2.24122,2.24024,2.24221,0.03626,0.03593,0.03626,0.04021,0.03561,-50.65950,-423.00000
3.33187,3.33088,3.33351,3.32891,3.33910,2.23629,2.24451,2.24221,2.24418,2.23859,0.03725,0.03692,0.03857,0.03889,0.03824,-50.65950,-422.00000
3.33187,3.33680,3.33483,3.33022,3.32858,2.23793,2.23629,2.23859,2.24024,2.23892,0.04054,0.03363,0.03725,0.03528,0.03626,-50.70660,-421.00000
3.33088,3.32956,3.33252,3.33285,3.33417,2.23859,2.23859,2.24385,2.23991,2.23925,0.03692,0.03429,0.03791,0.03659,0.03495,-50.70660,-420.00000
3.33483,3.33220,3.33055,3.33285,3.33549,2.23958,2.24024,2.24024,2.23826,2.24221,0.03725,0.03429,0.03955,0.03593,0.03758,-51.14164,-419.00000
3.33384,3.33055,3.33351,3.33121,3.33154,2.24978,2.24155,2.24353,2.23530,2.23991,0.03626,0.03297,0.03330,0.03626,0.03462,-51.14164,-418.00000
3.33285,3.33549,3.33384,3.33812,3.33680,2.24057,2.23958,2.23728,2.23958,2.23958,0.03495,0.03429,0.03363,0.03528,0.03495,-51.18264,-417.00000
3.33220,3.33351,3.33318,3.33055,3.33680,2.23991,2.23793,2.23925,2.24221,2.23662,0.03462,0.03232,0.03692,0.03561,0.03857,-51.18264,-416.00000
3.32989,3.32825,3.33252,3.33647,3.32891,2.24320,2.24451,2.24583,2.24287,2.24188,0.03462,0.03462,0.03133,0.03297,0.03692,-51.14162,-415.00000
3.33220,3.33351,3.33220,3.33285,3.32858,2.24155,2.24057,2.23925,2.23925,2.24221,0.03462,0.03626,0.03330,0.03889,0.03330,-51.14162,-414.00000
3.33088,3.33450,3.33252,3.33779,3.33154,2.24122,2.23925,2.24418,2.24024,2.24024,0.03528,0.04120,0.03692,0.03626,0.03297,-51.10776,-413.00000
3.33516,3.33647,3.33812,3.33187,3.33483,2.23892,2.23892,2.24155,2.23991,2.24024,0.03528,0.03857,0.03626,0.03495,0.03626,-51.10776,-412.00000
3.33220,3.33680,3.33450,3.33121,3.33252,2.23761,2.23892,2.24649,2.24254,2.24484,0.03791,0.03166,0.03330,0.03758,0.03593,-50.68479,-411.00000
3.33812,3.33384,3.33812,3.33121,3.32759,2.24024,2.24221,2.24418,2.24747,2.24122,0.03363,0.03429,0.03659,0.03593,0.03232,-50.68479,-410.00000
3.33483,3.32759,3.33055,3.33450,3.33549,2.23958,2.24353,2.23695,2.23629,2.24353,0.03922,0.03495,0.03561,0.03495,0.03330,-50.63557,-409.00000
3.33614,3.33055,3.33220,3.33614,3.33516,2.23728,2.24649,2.24024,2.24484,2.24320,0.03593,0.03330,0.03561,0.03593,0.03363,-50.63557,-408.00000
3.33154,3.33154,3.33450,3.33516,3.33450,2.23958,2.24583,2.24484,2.24879,2.24353,0.03495,0.03659,0.03561,0.03857,0.03265,-50.85991,-407.00000
3.33318,3.33746,3.33220,3.33351,3.33417,2.24057,2.24681,2.24188,2.24155,2.24616,0.03133,0.03067,0.03396,0.03330,0.03330,-50.85991,-406.00000
3.33154,3.33088,3.33088,3.33187,3.33943,2.24583,2.24122,2.24155,2.24846,2.24451,0.03297,0.03495,0.03593,0.03396,0.03363,-51.34476,-405.00000
3.32693,3.33483,3.32989,3.33318,3.33088,2.23892,2.24484,2.24221,2.24057,2.24418,0.03265,0.03199,0.02771,0.03232,0.03462,-51.34476,-404.00000
3.33351,3.33121,3.33845,3.33154,3.34009,2.24451,2.24418,2.24188,2.24320,2.24320,0.03528,0.03659,0.03363,0.03363,0.03199,-51.60451,-403.00000
3.32693,3.34173,3.32792,3.33318,3.33450,2.24385,2.24287,2.24616,2.24320,2.24550,0.03462,0.03659,0.03462,0.03034,0.03396,-51.60451,-402.00000
3.32924,3.33022,3.33384,3.32891,3.33450,2.24155,2.24254,2.24024,2.23761,2.24714,0.03199,0.02903,0.03758,0.03429,0.03265,-51.60841,-401.00000
3.33220,3.33055,3.33285,3.33022,3.33483,2.24550,2.24385,2.24714,2.24221,2.24221,0.03363,0.03330,0.03133,0.03659,0.03462,-51.60841,-400.00000
3.33417,3.32792,3.33285,3.32891,3.33483,2.24451,2.23793,2.24254,2.24353,2.24714,0.03363,0.03232,0.03659,0.03232,0.02837,-51.53777,-399.00000
3.32430,3.32956,3.33812,3.33318,3.33121,2.24057,2.24385,2.24155,2.24287,2.24057,0.03297,0.03429,0.03396,0.03330,0.02936,-51.53777,-398.00000
3.32595,3.33812,3.32595,3.33220,3.32825,2.24418,2.24385,2.24188,2.24221,2.24616,0.03330,0.03232,0.02804,0.03034,0.03067,-51.29862,-397.00000
3.33220,3.33187,3.32562,3.32759,3.33121,2.24155,2.23662,2.24353,2.24122,2.24353,0.03363,0.03528,0.03232,0.03265,0.03330,-51.29862,-396.00000
3.32825,3.32989,3.32562,3.33549,3.32989,2.24057,2.24122,2.24254,2.24155,2.24221,0.02870,0.03232,0.03199,0.03265,0.03265,-51.01386,-395.00000
3.32792,3.32759,3.33318,3.32858,3.33022,2.24155,2.24155,2.23925,2.24583,2.24024,0.02672,0.03100,0.02870,0.03363,0.03232,-51.01386,-394.00000
3.32003,3.32825,3.32430,3.32463,3.32726,2.23991,2.24451,2.24089,2.24484,2.24057,0.02903,0.03100,0.03199,0.03001,0.02640,-51.07141,-393.00000
3.32726,3.32956,3.32726,3.32792,3.31970,2.24155,2.24024,2.23925,2.23695,2.23793,0.03297,0.03100,0.03034,0.03001,0.03396,-51.07141,-392.00000
3.32924,3.32101,3.32068,3.32595,3.32595,2.24385,2.24089,2.24418,2.24616,2.24024,0.02870,0.02870,0.02705,0.03133,0.02672,-51.17326,-391.00000
3.32891,3.32101,3.32266,3.32956,3.32233,2.24221,2.24418,2.23991,2.24089,2.24122,0.02640,0.02771,0.03265,0.02968,0.02968,-51.17326,-390.00000
3.32397,3.32101,3.32134,3.31904,3.32003,2.24188,2.24353,2.23366,2.23761,2.23958,0.02903,0.02672,0.03133,0.02738,0.03067,-51.47065,-389.00000
3.31707,3.31772,3.32167,3.32167,3.32397,2.23925,2.23859,2.23859,2.23859,2.24122,0.02771,0.03232,0.03001,0.03034,0.02574,-51.47065,-388.00000
3.32068,3.32068,3.32858,3.31937,3.32003,2.24057,2.24353,2.23432,2.24451,2.23892,0.03265,0.03034,0.03100,0.03133,0.02903,-51.40687,-387.00000
3.32068,3.32036,3.32266,3.32167,3.31707,2.23267,2.23892,2.23859,2.23629,2.23925,0.03297,0.03001,0.02968,0.02870,0.03001,-51.40687,-386.00000
3.31970,3.32496,3.32101,3.31772,3.31608,2.24320,2.24089,2.24418,2.23958,2.23925,0.03199,0.03001,0.03001,0.02936,0.03199,-51.42945,-385.00000
3.32299,3.32003,3.31575,3.32332,3.31904,2.23629,2.23991,2.23596,2.23826,2.24024,0.02607,0.02738,0.02804,0.02804,0.02903,-51.42945,-384.00000
3.32101,3.31641,3.32364,3.31608,3.31674,2.23991,2.23991,2.23892,2.24155,2.23826,0.02968,0.02903,0.02968,0.02640,0.02936,-51.74561,-383.00000
3.32233,3.32200,3.31970,3.31444,3.31871,2.23662,2.23695,2.23991,2.23629,2.23991,0.03133,0.02870,0.03100,0.02738,0.02968,-51.74561,-382.00000
3.31740,3.31345,3.31838,3.32003,3.31805,2.23958,2.23761,2.23662,2.23333,2.24024,0.02771,0.02738,0.02771,0.02936,0.02771,-52.58301,-381.00000
3.32167,3.31970,3.31641,3.32167,3.32134,2.23695,2.23728,2.23563,2.23662,2.23892,0.02574,0.02804,0.02968,0.02936,0.02936,-52.58301,-380.00000
3.31707,3.31871,3.31838,3.31740,3.31641,2.23662,2.23925,2.23793,2.23695,2.23925,0.02738,0.02541,0.02705,0.02344,0.02837,-52.31445,-379.00000
3.31904,3.31904,3.32463,3.31509,3.31970,2.24320,2.23629,2.23629,2.23497,2.23432,0.02936,0.02409,0.02903,0.02870,0.03001,-52.31445,-378.00000
3.32233,3.31937,3.31674,3.32003,3.31345,2.23859,2.23925,2.23432,2.23859,2.23399,0.02607,0.02738,0.02968,0.02311,0.02574,-52.07682,-377.00000
3.31838,3.32299,3.31476,3.31312,3.31674,2.23728,2.24287,2.23991,2.23629,2.23958,0.02837,0.02705,0.02672,0.02607,0.02541,-52.07682,-376.00000
3.31312,3.31740,3.31608,3.31476,3.31805,2.23662,2.23991,2.23530,2.24057,2.23892,0.02640,0.02738,0.02541,0.02968,0.02409,-51.78657,-375.00000
3.31411,3.31608,3.31411,3.31970,3.31312,2.23333,2.23596,2.23793,2.23530,2.23793,0.02936,0.02771,0.03100,0.02640,0.02672,-51.78657,-374.00000
3.31542,3.32101,3.31904,3.31608,3.31707,2.23761,2.23892,2.23333,2.24057,2.23695,0.02574,0.02640,0.02640,0.02870,0.02705,-51.71188,-373.00000
3.31838,3.31707,3.31904,3.31378,3.31904,2.23662,2.23859,2.23991,2.24057,2.23695,0.02640,0.02245,0.02837,0.02640,0.02541,-51.71188,-372.00000
3.31772,3.31542,3.32332,3.31575,3.31213,2.24089,2.24254,2.23695,2.23826,2.23728,0.02837,0.02837,0.02475,0.02574,0.02475,-51.45375,-371.00000
3.31674,3.32233,3.31411,3.31148,3.31411,2.23793,2.23695,2.23892,2.23695,2.24089,0.02574,0.02311,0.02475,0.02212,0.02541,-51.45375,-370.00000
3.30786,3.31904,3.31575,3.31871,3.31575,2.24320,2.23695,2.23366,2.23596,2.23761,0.02607,0.02771,0.02837,0.02771,0.02738,-51.59417,-369.00000
3.31575,3.31476,3.31312,3.32068,3.32068,2.23662,2.23925,2.23728,2.23662,2.23958,0.02409,0.02738,0.02738,0.02672,0.02738,-51.59417,-368.00000
3.31871,3.31115,3.31608,3.31772,3.31444,2.24155,2.23728,2.23793,2.23695,2.23530,0.02607,0.02146,0.02376,0.02903,0.02475,-51.42411,-367.00000
3.31937,3.31838,3.31575,3.31345,3.31707,2.23761,2.24155,2.23596,2.24024,2.24089,0.02607,0.02541,0.02574,0.02804,0.02738,-51.42411,-366.00000
3.31246,3.31509,3.31937,3.31674,3.31740,2.24024,2.23465,2.23530,2.23103,2.23728,0.02837,0.02245,0.02607,0.02409,0.02475,-50.93150,-365.00000
3.31509,3.31049,3.31805,3.31345,3.31772,2.23497,2.23596,2.24089,2.24188,2.23695,0.02738,0.02278,0.02344,0.02541,0.02607,-50.93150,-364.00000
3.31411,3.31444,3.31411,3.31575,3.31542,2.24024,2.23859,2.23761,2.23859,2.23695,0.02376,0.02376,0.02541,0.02245,0.02409,-51.27204,-363.00000
3.31345,3.31312,3.31444,3.31674,3.31970,2.24122,2.23859,2.24385,2.23925,2.24155,0.02541,0.02541,0.02376,0.02376,0.02574,-51.27204,-362.00000
3.31148,3.31312,3.31641,3.31180,3.31970,2.23793,2.24221,2.23728,2.24122,2.23859,0.02475,0.02672,0.02311,0.02179,0.02245,-51.46977,-361.00000
3.31378,3.31411,3.31279,3.31312,3.31740,2.24155,2.23991,2.23563,2.23695,2.23826,0.02475,0.02475,0.02541,0.02442,0.02574,-51.46977,-360.00000
3.31148,3.31444,3.31312,3.31904,3.30687,2.24385,2.23793,2.24089,2.23793,2.23563,0.02574,0.02409,0.02771,0.01916,0.02541,-51.55439,-359.00000
3.31476,3.31805,3.30490,3.31213,3.31016,2.23728,2.23925,2.24122,2.23728,2.23662,0.02574,0.02113,0.02344,0.02475,0.02376,-51.55439,-358.00000
3.31279,3.30950,3.31509,3.31049,3.30884,2.23958,2.23826,2.23761,2.23497,2.23958,0.02574,0.02015,0.02278,0.02574,0.02344,-51.78659,-357.00000
3.30753,3.31772,3.31246,3.31049,3.30621,2.23859,2.23925,2.23728,2.23761,2.23695,0.02442,0.02311,0.02475,0.01982,0.02442,-51.78659,-356.00000
3.31411,3.30852,3.31707,3.30753,3.31082,2.23892,2.23662,2.23366,2.23761,2.23662,0.02508,0.02113,0.02278,0.02344,0.02080,-52.07485,-355.00000
3.31279,3.30555,3.30753,3.31476,3.31411,2.23859,2.24155,2.23958,2.23728,2.23497,0.02179,0.02113,0.02048,0.02344,0.02146,-52.07485,-354.00000
3.30983,3.31279,3.31312,3.30917,3.30852,2.24089,2.23563,2.23826,2.23465,2.23826,0.02146,0.01850,0.02409,0.02376,0.02245,-51.68271,-353.00000
3.30852,3.30490,3.31345,3.30983,3.31082,2.23399,2.23004,2.23070,2.23662,2.23662,0.02278,0.02048,0.02179,0.02015,0.01916,-51.68271,-352.00000
3.30884,3.31049,3.31148,3.30884,3.30917,2.23530,2.23662,2.23826,2.23958,2.24155,0.01850,0.02245,0.02212,0.02376,0.02212,-51.42780,-351.00000
3.30884,3.30852,3.31148,3.30753,3.31180,2.24057,2.23958,2.23333,2.23596,2.23465,0.02048,0.02245,0.02080,0.02080,0.02146,-51.46944,-350.00000
3.30917,3.31509,3.30588,3.31082,3.31279,2.24024,2.24089,2.24188,2.23695,2.23497,0.01916,0.02607,0.01916,0.01982,0.01949,-51.46944,-349.00000
3.30819,3.31608,3.30983,3.30983,3.30325,2.23892,2.23432,2.23728,2.23399,2.23925,0.02080,0.02113,0.02146,0.02179,0.01883,-51.46944,-348.00000
3.31213,3.30523,3.31213,3.30621,3.30917,2.23958,2.23991,2.23826,2.23793,2.23497,0.02574,0.02278,0.02113,0.02311,0.01883,-51.43861,-347.00000
3.30884,3.30884,3.31148,3.31016,3.30852,2.23925,2.23826,2.23761,2.24024,2.23695,0.01752,0.02376,0.02245,0.02212,0.02015,-51.43861,-346.00000
3.30424,3.31115,3.31213,3.31411,3.30424,2.23695,2.23432,2.23793,2.23563,2.23991,0.02442,0.02113,0.02015,0.01916,0.02048,-51.17717,-345.00000
3.31148,3.31049,3.30786,3.30917,3.30786,2.23761,2.23958,2.23892,2.23333,2.24155,0.02146,0.01883,0.01949,0.02409,0.02080,-51.17717,-344.00000
3.31115,3.30753,3.30555,3.30950,3.30819,2.23432,2.23958,2.23333,2.23530,2.23826,0.02048,0.01916,0.01752,0.01982,0.02179,-51.45210,-343.00000
3.31115,3.31180,3.31180,3.30654,3.30292,2.24057,2.23662,2.23859,2.23793,2.23826,0.02508,0.02442,0.02179,0.01982,0.02508,-51.45210,-342.00000
3.30786,3.30917,3.30753,3.30687,3.30983,2.23563,2.23267,2.23530,2.23991,2.24057,0.02048,0.01916,0.02311,0.01883,0.02080,-51.50029,-341.00000
3.30424,3.31378,3.30588,3.31246,3.31115,2.23793,2.23859,2.24221,2.23530,2.23366,0.01883,0.01784,0.02113,0.01587,0.02245,-51.50029,-340.00000
3.30819,3.31378,3.30753,3.31213,3.30654,2.23826,2.23859,2.24221,2.24254,2.23859,0.01784,0.01554,0.01686,0.01653,0.02311,-51.65612,-339.00000
3.31115,3.30786,3.30720,3.31213,3.31016,2.23859,2.23662,2.23892,2.23826,2.24122,0.01982,0.02245,0.02278,0.01883,0.02212,-51.30428,-338.00000
3.31213,3.30523,3.31345,3.30523,3.30786,2.23432,2.23892,2.23826,2.24024,2.24122,0.02113,0.01752,0.01883,0.01620,0.02015,-51.30428,-337.00000
3.30753,3.31016,3.29996,3.30917,3.30687,2.23793,2.23761,2.23662,2.24089,2.23793,0.01817,0.01982,0.02607,0.02048,0.01719,-51.30428,-336.00000
3.30259,3.30523,3.30950,3.30325,3.30588,2.24320,2.23497,2.24188,2.24122,2.24221,0.01686,0.02080,0.01916,0.01719,0.01620,-51.38872,-335.00000
3.30654,3.30325,3.30983,3.30194,3.30259,2.23793,2.24287,2.23793,2.23333,2.24089,0.01752,0.01850,0.02080,0.01686,0.02015,-51.38872,-334.00000
3.30227,3.30325,3.30523,3.30227,3.30588,2.24057,2.23991,2.23958,2.24057,2.23728,0.02080,0.01883,0.01949,0.01817,0.01521,-50.97790,-333.00000
3.29865,3.30259,3.30161,3.30457,3.29799,2.24451,2.23892,2.23728,2.23826,2.23991,0.01982,0.01784,0.01686,0.01784,0.01784,-50.97790,-332.00000
3.29931,3.30227,3.29733,3.30621,3.30325,2.23925,2.23596,2.23465,2.23859,2.23991,0.02212,0.02179,0.01916,0.02015,0.01423,-51.35506,-331.00000
3.30490,3.29799,3.30424,3.29602,3.29306,2.23761,2.23826,2.23695,2.23530,2.23695,0.01620,0.01817,0.01883,0.01784,0.01784,-51.35506,-330.00000
3.29536,3.29536,3.30062,3.30161,3.29569,2.23925,2.23761,2.23465,2.23629,2.23563,0.01653,0.01784,0.01686,0.01686,0.01456,-50.99940,-329.00000
3.29865,3.29602,3.30128,3.29832,3.29306,2.23695,2.23169,2.23530,2.23859,2.23728,0.01850,0.01883,0.02146,0.01784,0.01686,-50.99940,-328.00000
3.29963,3.30029,3.29766,3.29240,3.29503,2.23432,2.23432,2.23136,2.23366,2.23169,0.02179,0.02245,0.02245,0.01949,0.01817,-51.25709,-327.00000
3.29832,3.29371,3.29503,3.30095,3.29766,2.23169,2.23399,2.23136,2.23497,2.23662,0.01488,0.01653,0.02048,0.01883,0.01817,-52.17432,-326.00000
3.29339,3.30227,3.29569,3.29602,3.29569,2.23662,2.23563,2.23662,2.23596,2.23826,0.01982,0.01982,0.01521,0.02113,0.02015,-52.17432,-325.00000
3.29503,3.29404,3.29931,3.29207,3.29240,2.23004,2.23761,2.23695,2.23793,2.23530,0.01554,0.01620,0.01719,0.01719,0.01752,-51.85645,-324.00000
3.29306,3.29733,3.29404,3.29898,3.29141,2.23399,2.23399,2.23267,2.23333,2.23728,0.01620,0.02015,0.01686,0.01784,0.01521,-51.85645,-323.00000
3.29273,3.29404,3.29240,3.29832,3.29108,2.23859,2.23892,2.23333,2.23366,2.23925,0.01488,0.02015,0.01587,0.02015,0.01488,-51.85645,-322.00000
3.29108,3.29503,3.29503,3.29240,3.28977,2.23103,2.23530,2.23497,2.23432,2.23234,0.01521,0.01587,0.01620,0.01949,0.01784,-51.67383,-321.00000
3.29766,3.29371,3.29700,3.29766,3.29437,2.24024,2.23333,2.23004,2.23366,2.23761,0.01883,0.01291,0.01620,0.01850,0.01390,-51.67383,-320.00000
3.29207,3.28812,3.29437,3.29174,3.29174,2.23169,2.23300,2.23728,2.23563,2.23662,0.02048,0.01521,0.01488,0.01784,0.02146,-51.49186,-319.00000
3.29306,3.29043,3.29569,3.28714,3.29306,2.23563,2.22971,2.23530,2.23662,2.23333,0.01488,0.02015,0.01423,0.01620,0.01620,-51.49186,-318.00000
3.28911,3.29437,3.29240,3.29339,3.29306,2.23761,2.23761,2.23300,2.23728,2.23695,0.01817,0.01554,0.01719,0.01521,0.01719,-51.29731,-317.00000
3.28779,3.29010,3.28911,3.28779,3.29207,2.23136,2.23234,2.23925,2.23497,2.23497,0.01456,0.01686,0.01719,0.01719,0.01752,-51.29731,-316.00000
3.28747,3.28977,3.28977,3.28516,3.29108,2.23530,2.23793,2.23234,2.23333,2.23793,0.01521,0.01390,0.01423,0.01620,0.01916,-51.67379,-315.00000
3.28747,3.29306,3.28483,3.28944,3.28845,2.23136,2.23465,2.23234,2.23366,2.23169,0.01784,0.01554,0.01587,0.01719,0.01883,-51.63832,-314.00000
3.28714,3.29108,3.28615,3.28779,3.28418,2.23037,2.22313,2.23399,2.23037,2.23201,0.01653,0.01784,0.01521,0.01686,0.01653,-51.63832,-313.00000
3.28878,3.28483,3.28516,3.28812,3.29010,2.23497,2.23070,2.23530,2.23399,2.23333,0.01258,0.01357,0.01127,0.01653,0.01653,-51.63832,-312.00000
3.28681,3.29010,3.28681,3.28845,3.28418,2.23497,2.23761,2.23333,2.23300,2.23465,0.01488,0.01324,0.01850,0.01456,0.01719,-51.93206,-311.00000
3.28483,3.28483,3.28549,3.28286,3.28352,2.22938,2.23169,2.22840,2.23267,2.23201,0.01554,0.01390,0.01488,0.01752,0.01554,-51.93206,-310.00000
3.28549,3.28089,3.28714,3.28253,3.28779,2.23432,2.23267,2.23530,2.23793,2.22971,0.01554,0.01686,0.01850,0.01160,0.01784,-52.04976,-309.00000
3.28516,3.28253,3.28681,3.28154,3.28681,2.23037,2.23070,2.23432,2.23201,2.23497,0.01752,0.01817,0.01653,0.01719,0.01653,-52.04976,-308.00000
3.28582,3.28220,3.28714,3.28648,3.28648,2.23497,2.23761,2.23497,2.23070,2.23465,0.01423,0.01554,0.01488,0.01620,0.01620,-52.41468,-307.00000
3.28122,3.28319,3.28944,3.28089,3.28385,2.23662,2.23169,2.23070,2.23300,2.23169,0.01752,0.01390,0.01554,0.01554,0.01521,-52.41468,-306.00000
3.28286,3.28747,3.28352,3.28878,3.28154,2.23432,2.23366,2.23333,2.23530,2.23004,0.01587,0.01357,0.01587,0.01752,0.01850,-51.93531,-305.00000
3.28483,3.28220,3.28549,3.28385,3.28845,2.23037,2.23070,2.23333,2.23793,2.23169,0.01620,0.01094,0.01719,0.01521,0.01324,-51.45134,-304.00000
3.28352,3.28977,3.28187,3.28681,3.28220,2.23859,2.23234,2.23333,2.22971,2.23103,0.01488,0.01686,0.01192,0.01554,0.01258,-51.45134,-303.00000
3.28648,3.28615,3.28385,3.28779,3.28812,2.23333,2.23267,2.23465,2.23497,2.23465,0.01423,0.01028,0.01554,0.01456,0.01456,-51.45134,-302.00000
3.28845,3.29306,3.28582,3.28615,3.28319,2.23530,2.23037,2.23169,2.23958,2.23037,0.01686,0.01521,0.01094,0.01160,0.01127,-51.77973,-301.00000
3.28648,3.28911,3.28845,3.28747,3.29010,2.23432,2.23958,2.23497,2.23761,2.22905,0.01324,0.01291,0.01225,0.01719,0.01225,-51.77973,-300.00000
3.28056,3.29174,3.28451,3.28253,3.28648,2.23596,2.24155,2.23596,2.23103,2.23267,0.01258,0.01225,0.01488,0.01620,0.01850,-52.30140,-299.00000
3.28451,3.28845,3.28911,3.28549,3.28779,2.23596,2.23629,2.23563,2.23530,2.23136,0.01291,0.01488,0.01390,0.01192,0.01456,-52.30140,-298.00000
3.28681,3.28418,3.28089,3.28418,3.28681,2.24188,2.23399,2.23728,2.23728,2.23958,0.01686,0.01719,0.01291,0.01883,0.01160,-51.82072,-297.00000
3.28681,3.28779,3.28615,3.28977,3.28122,2.24188,2.23859,2.23859,2.24122,2.23267,0.01324,0.01521,0.01686,0.01390,0.01357,-51.92508,-296.00000
3.28681,3.28483,3.28681,3.28845,3.28977,2.24155,2.24057,2.23629,2.23991,2.23761,0.01324,0.01686,0.01258,0.01620,0.01620,-51.92508,-295.00000
3.28845,3.29010,3.28648,3.28418,3.28747,2.23761,2.24089,2.23859,2.24254,2.23859,0.01061,0.01258,0.01324,0.01620,0.01192,-51.92508,-294.00000
3.28977,3.28714,3.28911,3.28516,3.28615,2.24024,2.23892,2.23761,2.23366,2.23925,0.00962,0.01390,0.01357,0.00995,0.01192,-51.19224,-293.00000
3.28747,3.28944,3.28747,3.29108,3.28516,2.23497,2.23826,2.23793,2.23662,2.23761,0.01817,0.01456,0.01192,0.01225,0.01192,-51.19224,-292.00000
3.28878,3.28615,3.29075,3.28845,3.29108,2.23695,2.24221,2.23728,2.23958,2.24057,0.01521,0.01324,0.01521,0.01587,0.01521,-50.98526,-291.00000
3.28516,3.28977,3.28187,3.28747,3.28747,2.24057,2.23892,2.24583,2.23497,2.23596,0.01423,0.01390,0.01521,0.01423,0.01160,-50.97259,-290.00000
3.28779,3.27826,3.28253,3.28648,3.28516,2.23958,2.23432,2.23925,2.24057,2.23530,0.01028,0.01324,0.01061,0.01456,0.01225,-50.97259,-289.00000
3.28483,3.29043,3.28319,3.28582,3.29273,2.23991,2.24089,2.23530,2.23695,2.23892,0.01521,0.01291,0.01390,0.01258,0.01653,-50.97259,-288.00000
3.28648,3.28154,3.28286,3.28154,3.27990,2.23596,2.23695,2.23958,2.23695,2.23761,0.01192,0.01028,0.00962,0.01324,0.01554,-50.90393,-287.00000
3.27957,3.28451,3.28089,3.28648,3.27694,2.23596,2.23563,2.23761,2.24221,2.24155,0.01061,0.01686,0.01587,0.01357,0.01160,-50.90393,-286.00000
3.28451,3.28187,3.28089,3.27891,3.28220,2.23399,2.23497,2.23859,2.23761,2.23366,0.01456,0.01061,0.01291,0.01192,0.01653,-50.69702,-285.00000
3.28023,3.27793,3.27530,3.27760,3.28187,2.23366,2.23563,2.23695,2.23563,2.23530,0.01423,0.01061,0.01456,0.01028,0.01554,-50.69702,-284.00000
3.27858,3.27727,3.28122,3.27266,3.28418,2.23399,2.23596,2.23333,2.23201,2.23399,0.01488,0.01225,0.01127,0.01258,0.01488,-51.29476,-283.00000
3.28056,3.27858,3.28122,3.28089,3.28549,2.23925,2.23728,2.23728,2.23432,2.23563,0.01587,0.01225,0.01258,0.01258,0.01258,-51.29476,-282.00000
3.28286,3.27891,3.28286,3.28220,3.28187,2.23761,2.24484,2.22971,2.23761,2.23793,0.01488,0.01554,0.01061,0.01423,0.01258,-51.11708,-281.00000
3.28154,3.28154,3.27990,3.27595,3.27760,2.23563,2.23399,2.23333,2.23958,2.23728,0.00929,0.01291,0.01225,0.01061,0.01291,-51.11708,-280.00000
3.27793,3.27858,3.28549,3.27990,3.27924,2.24221,2.23892,2.23958,2.23728,2.23596,0.00896,0.01291,0.01357,0.01160,0.01324,-51.29322,-279.00000
3.27957,3.27760,3.27727,3.27858,3.28483,2.23728,2.23925,2.23695,2.24188,2.23859,0.01324,0.01094,0.01423,0.01192,0.01094,-51.14372,-278.00000
3.27332,3.27858,3.27398,3.27595,3.27562,2.23859,2.23366,2.23530,2.23563,2.23925,0.01094,0.01160,0.01061,0.01127,0.00995,-51.14372,-277.00000
3.27464,3.27398,3.28056,3.27464,3.28056,2.23991,2.23728,2.23497,2.23859,2.23793,0.01521,0.01324,0.00929,0.01225,0.01521,-51.14372,-276.00000
3.27694,3.27464,3.27266,3.27562,3.28418,2.24024,2.23465,2.23169,2.23596,2.23136,0.01028,0.00995,0.01094,0.00995,0.00995,-51.45584,-275.00000
3.27562,3.27398,3.26938,3.27102,3.27760,2.23793,2.23465,2.23662,2.23037,2.23629,0.01324,0.01094,0.01291,0.01258,0.01291,-51.45584,-274.00000
3.27102,3.27497,3.26970,3.27036,3.27398,2.23662,2.23629,2.23563,2.23300,2.23300,0.00995,0.01160,0.01423,0.01488,0.00864,-51.31724,-273.00000
3.27069,3.26872,3.27826,3.27530,3.27003,2.23399,2.23432,2.23432,2.23530,2.23234,0.01488,0.01225,0.00896,0.01291,0.01094,-51.31724,-272.00000
3.27530,3.26477,3.27332,3.26970,3.27135,2.23267,2.23695,2.23234,2.23662,2.22905,0.01488,0.01061,0.01357,0.01094,0.01028,-51.41039,-271.00000
3.27201,3.27266,3.26905,3.27036,3.26642,2.23136,2.23070,2.23333,2.23037,2.23399,0.01028,0.01094,0.01192,0.01423,0.00864,-51.41039,-270.00000
3.26773,3.26214,3.26938,3.27201,3.27266,2.23530,2.23267,2.22609,2.22938,2.23629,0.01258,0.01127,0.01127,0.01094,0.01094,-51.50829,-269.00000
3.27234,3.27398,3.27003,3.27003,3.27135,2.23563,2.23859,2.23465,2.23662,2.23761,0.00535,0.01357,0.01291,0.01028,0.01160,-51.50829,-268.00000
3.27168,3.26938,3.27332,3.26773,3.27431,2.23925,2.23695,2.23563,2.23497,2.23103,0.01225,0.01061,0.00831,0.01061,0.00896,-51.37337,-267.00000
3.27858,3.26905,3.27365,3.26609,3.27266,2.23432,2.23958,2.23563,2.23366,2.23169,0.01456,0.01127,0.01488,0.01127,0.00864,-51.37337,-266.00000
3.27201,3.27398,3.27102,3.27135,3.27661,2.23695,2.24024,2.23761,2.23695,2.23497,0.01324,0.01456,0.01390,0.01160,0.00962,-51.78960,-265.00000
3.27135,3.27234,3.27628,3.28122,3.27398,2.23826,2.23662,2.23662,2.24057,2.24155,0.01094,0.01258,0.00831,0.01127,0.01423,-51.78960,-264.00000
3.27135,3.27332,3.27299,3.27431,3.27595,2.23399,2.23465,2.23892,2.23826,2.23892,0.01225,0.01028,0.01291,0.01225,0.01094,-51.74483,-263.00000
3.28056,3.27431,3.27398,3.27234,3.27201,2.23662,2.23958,2.23991,2.24188,2.23563,0.00962,0.01160,0.00995,0.00765,0.01127,-51.74483,-262.00000
3.27431,3.27595,3.27102,3.27102,3.27234,2.24024,2.23662,2.23958,2.23991,2.23793,0.01160,0.01291,0.00864,0.01258,0.00633,-51.59290,-261.00000
3.27003,3.27168,3.27332,3.27365,3.26905,2.23761,2.23399,2.23267,2.24024,2.24484,0.01127,0.01192,0.01192,0.00765,0.01324,-51.59290,-260.00000
3.26872,3.27464,3.26839,3.27102,3.27299,2.23596,2.23530,2.23761,2.23596,2.23793,0.01521,0.00436,0.01061,0.01258,0.00831,-52.04664,-259.00000
3.26543,3.26609,3.26576,3.26707,3.26806,2.23465,2.23563,2.23728,2.23892,2.23497,0.00962,0.00929,0.00864,0.01423,0.01028,-52.04664,-258.00000
3.27201,3.26576,3.26707,3.26576,3.26642,2.23267,2.23662,2.23366,2.23201,2.23728,0.00962,0.00962,0.00600,0.00831,0.00732,-51.81364,-257.00000
3.26543,3.26411,3.26313,3.26477,3.26839,2.23596,2.23169,2.23037,2.23563,2.23793,0.01028,0.00929,0.01028,0.01192,0.00929,-51.81364,-256.00000
3.25918,3.26378,3.26773,3.25885,3.26313,2.23333,2.23432,2.23234,2.23793,2.23761,0.01521,0.01225,0.00699,0.00962,0.01192,-51.95454,-255.00000
3.26707,3.25951,3.26411,3.26115,3.26017,2.23497,2.23596,2.23465,2.23497,2.23497,0.00962,0.00798,0.01028,0.00896,0.01061,-51.95454,-254.00000
3.26346,3.27299,3.26444,3.26280,3.26181,2.23333,2.23629,2.23629,2.23892,2.23366,0.01061,0.01160,0.00995,0.01192,0.01390,-51.60902,-253.00000
3.26543,3.26543,3.26839,3.26346,3.27069,2.23826,2.23596,2.23892,2.23892,2.23432,0.00962,0.01061,0.00765,0.01160,0.00765,-51.60902,-252.00000
3.26444,3.26970,3.26477,3.26740,3.26148,2.24287,2.24089,2.23366,2.23826,2.23596,0.01357,0.01127,0.00929,0.01291,0.00995,-51.71721,-251.00000
3.26872,3.26378,3.26839,3.26674,3.26740,2.24057,2.23629,2.23892,2.24155,2.23892,0.01028,0.01160,0.00798,0.01094,0.01192,-52.08719,-250.00000
3.26115,3.26642,3.26938,3.26543,3.26444,2.23859,2.23465,2.23596,2.24089,2.24418,0.01028,0.01160,0.00896,0.00831,0.00896,-52.08719,-249.00000
3.26674,3.26411,3.26642,3.26642,3.26642,2.23991,2.23366,2.23826,2.23629,2.24221,0.01061,0.00798,0.00831,0.01061,0.01160,-52.08719,-248.00000
3.26477,3.26674,3.26674,3.26313,3.26378,2.24122,2.24024,2.22938,2.23925,2.23662,0.00929,0.00568,0.01390,0.01094,0.01160,-51.90415,-247.00000
3.26773,3.26839,3.26050,3.26740,3.26444,2.24089,2.23859,2.23497,2.24024,2.23596,0.01357,0.00929,0.01160,0.01028,0.01094,-51.90415,-246.00000
3.26411,3.26707,3.26346,3.25984,3.26378,2.23629,2.23662,2.24188,2.23629,2.24089,0.01127,0.00732,0.00798,0.01028,0.01061,-51.80817,-245.00000
3.26313,3.26543,3.26411,3.26378,3.26477,2.23695,2.24024,2.23662,2.23728,2.24089,0.01456,0.01390,0.01357,0.00962,0.00962,-51.80817,-244.00000
3.26050,3.26378,3.26313,3.26017,3.26707,2.24385,2.23728,2.23925,2.24155,2.24024,0.00962,0.00436,0.00798,0.00765,0.01258,-51.61560,-243.00000
3.26017,3.26214,3.26477,3.26148,3.25786,2.24122,2.23695,2.24221,2.23695,2.23925,0.00864,0.01258,0.01160,0.01192,0.00732,-51.09986,-242.00000
3.25984,3.25852,3.26280,3.26115,3.26247,2.23629,2.23991,2.23859,2.23399,2.23826,0.01127,0.00995,0.01127,0.00798,0.01061,-51.09986,-241.00000
3.26214,3.26313,3.26017,3.25688,3.26313,2.23695,2.23991,2.23695,2.23728,2.23925,0.01357,0.00929,0.01324,0.01028,0.01192,-51.09986,-240.00000
3.25589,3.25688,3.25523,3.25852,3.25721,2.23826,2.23892,2.24155,2.23761,2.23695,0.00831,0.00962,0.01521,0.00864,0.01028,-50.99203,-239.00000
3.26082,3.26313,3.25655,3.25622,3.26082,2.23629,2.23728,2.24188,2.23465,2.23399,0.00929,0.00633,0.00864,0.01061,0.01094,-50.99203,-238.00000
3.25457,3.25951,3.25885,3.25457,3.25819,2.24122,2.23201,2.23530,2.23958,2.23234,0.00896,0.01028,0.01225,0.00962,0.01192,-50.84853,-237.00000
3.25260,3.25753,3.26543,3.25523,3.25556,2.23958,2.24089,2.23333,2.23333,2.23662,0.00732,0.00699,0.00699,0.01225,0.01127,-50.84853,-236.00000
3.26181,3.25655,3.26082,3.25589,3.25688,2.23925,2.23563,2.23892,2.24188,2.23958,0.00929,0.01225,0.00798,0.00732,0.01127,-50.95468,-235.00000
3.25392,3.25721,3.25523,3.25523,3.25194,2.23596,2.23399,2.23629,2.23695,2.23728,0.00896,0.00798,0.00962,0.00831,0.00337,-50.95468,-234.00000
3.25885,3.25589,3.26214,3.25556,3.25918,2.23892,2.23826,2.23201,2.23563,2.23826,0.00864,0.01324,0.01192,0.00929,0.00995,-51.24518,-233.00000
3.25490,3.25786,3.25490,3.25918,3.25392,2.23629,2.23728,2.23333,2.23793,2.23793,0.00831,0.01225,0.00831,0.01160,0.00929,-51.24518,-232.00000
3.25852,3.25490,3.25885,3.25523,3.26017,2.23662,2.23333,2.23695,2.23925,2.23629,0.01061,0.01423,0.01094,0.00699,0.00666,-51.21749,-231.00000
3.25523,3.25852,3.24931,3.25852,3.25721,2.23563,2.23563,2.23892,2.23267,2.23728,0.00929,0.00962,0.00765,0.00929,0.00699,-51.21749,-230.00000
3.25984,3.25260,3.25161,3.25589,3.25753,2.23432,2.23695,2.23859,2.23859,2.23366,0.00831,0.01192,0.01061,0.00929,0.01291,-50.85072,-229.00000
3.24602,3.25425,3.25260,3.25359,3.25293,2.23399,2.23662,2.23892,2.23596,2.23497,0.01028,0.01225,0.00831,0.00864,0.00765,-50.85072,-228.00000
3.25523,3.25523,3.25753,3.25063,3.26082,2.23497,2.23958,2.23925,2.24418,2.23761,0.00896,0.01160,0.00929,0.00929,0.01160,-51.09449,-227.00000
3.24833,3.25326,3.25392,3.25786,3.25556,2.24057,2.23596,2.23070,2.23892,2.23596,0.01061,0.00995,0.01160,0.00962,0.01291,-51.09449,-226.00000
3.25326,3.25194,3.25096,3.25589,3.25359,2.24418,2.23793,2.24385,2.23432,2.23892,0.00798,0.00929,0.01127,0.00633,0.01094,-51.20492,-225.00000
3.25556,3.25589,3.25457,3.25260,3.25326,2.23793,2.23728,2.23465,2.23991,2.24155,0.01028,0.01028,0.00765,0.00600,0.00896,-51.20492,-224.00000
3.26115,3.25260,3.25194,3.25425,3.25359,2.23826,2.24254,2.23991,2.24451,2.23695,0.00633,0.00896,0.00962,0.00600,0.00699,-51.03603,-223.00000
3.25096,3.25063,3.25194,3.25819,3.25622,2.23892,2.23991,2.23925,2.24089,2.24057,0.00568,0.00962,0.00765,0.00962,0.01094,-51.03603,-222.00000
3.25063,3.25655,3.25721,3.25951,3.25326,2.23958,2.23958,2.23925,2.23728,2.24221,0.00864,0.00699,0.00896,0.00831,0.01094,-51.32708,-221.00000
3.25622,3.25721,3.25918,3.25227,3.25392,2.23728,2.24155,2.24089,2.24089,2.23892,0.00798,0.00995,0.00896,0.00765,0.00864,-51.32708,-220.00000
3.25852,3.25523,3.26181,3.24898,3.25556,2.24418,2.24122,2.24089,2.23859,2.23530,0.00337,0.00732,0.00732,0.01160,0.00502,-51.33882,-219.00000
3.25688,3.25688,3.25293,3.25260,3.24997,2.24024,2.23925,2.23793,2.24057,2.24122,0.00798,0.00831,0.00600,0.00535,0.00633,-51.33882,-218.00000
3.25392,3.25425,3.25260,3.24997,3.26214,2.23366,2.23826,2.23629,2.24287,2.23958,0.00798,0.00896,0.01258,0.01160,0.00633,-51.32223,-217.00000
3.25129,3.25194,3.25951,3.25063,3.25918,2.24057,2.24221,2.23991,2.24122,2.23563,0.00765,0.00798,0.01192,0.00831,0.00831,-51.32223,-216.00000
3.25161,3.25490,3.25161,3.25490,3.25129,2.23596,2.23958,2.24057,2.24254,2.24320,0.00929,0.01094,0.00699,0.01028,0.01127,-51.27863,-215.00000
3.25293,3.25293,3.25425,3.25194,3.25227,2.23925,2.24221,2.23925,2.23859,2.24287,0.00864,0.00995,0.00896,0.00765,0.00732,-51.27863,-214.00000
3.25721,3.25457,3.25194,3.25260,3.25227,2.23958,2.23859,2.23761,2.23826,2.24451,0.00831,0.00995,0.00864,0.01127,0.00962,-51.08516,-213.00000
3.25392,3.25786,3.25392,3.25753,3.24898,2.23991,2.24221,2.24451,2.23662,2.24188,0.00732,0.00962,0.01094,0.00831,0.00535,-51.08516,-212.00000
3.24734,3.24701,3.25063,3.25227,3.25096,2.24188,2.24024,2.24353,2.24057,2.23826,0.00732,0.01225,0.01094,0.00831,0.00962,-50.71205,-211.00000
3.24865,3.24602,3.25425,3.24438,3.25392,2.23695,2.23925,2.23859,2.23859,2.23826,0.00896,0.00864,0.01225,0.00502,0.00699,-50.71205,-210.00000
3.25721,3.25030,3.24865,3.24931,3.24997,2.24155,2.23793,2.24287,2.23958,2.23826,0.00699,0.00798,0.01028,0.00699,0.00798,-50.75628,-209.00000
3.25392,3.25655,3.24931,3.24931,3.24865,2.23695,2.24057,2.24287,2.24155,2.23761,0.00765,0.01094,0.00798,0.00798,0.00896,-50.75628,-208.00000
3.25161,3.25293,3.25260,3.24997,3.25129,2.23728,2.23859,2.23662,2.23695,2.24221,0.00765,0.00765,0.01028,0.00929,0.00864,-50.91597,-207.00000
3.24372,3.25885,3.25129,3.25227,3.24537,2.23761,2.23991,2.23761,2.23958,2.24155,0.00995,0.00600,0.00962,0.00896,0.00798,-50.91597,-206.00000
3.25129,3.24931,3.24701,3.24931,3.24800,2.24517,2.23925,2.24024,2.23859,2.24089,0.00633,0.01192,0.00502,0.00436,0.00699,-51.23727,-205.00000
3.24898,3.25063,3.25030,3.25425,3.24833,2.23662,2.24122,2.23662,2.23695,2.23629,0.00929,0.01028,0.00633,0.01390,0.00666,-51.23727,-204.00000
3.24997,3.24504,3.24273,3.24405,3.24142,2.23793,2.23662,2.24320,2.23728,2.24649,0.01061,0.00831,0.00864,0.00633,0.00502,-51.20896,-203.00000
3.24767,3.24306,3.24602,3.24898,3.25655,2.23728,2.23826,2.24221,2.24188,2.23728,0.00666,0.00765,0.00929,0.00831,0.01258,-51.20896,-202.00000
3.24898,3.24569,3.24537,3.24405,3.25063,2.23892,2.24057,2.24517,2.23662,2.24122,0.00535,0.00995,0.00469,0.00436,0.00666,-51.32355,-201.00000
3.24405,3.24767,3.24471,3.24898,3.24306,2.23925,2.23761,2.24353,2.24155,2.23892,0.01094,0.00798,0.00732,0.00995,0.00929,-51.32355,-200.00000
3.24569,3.25063,3.24471,3.24701,3.24372,2.23728,2.23991,2.23728,2.23958,2.23761,0.00962,0.00962,0.00962,0.00995,0.00831,-51.51713,-199.00000
3.24504,3.24537,3.24569,3.24931,3.24701,2.24122,2.23432,2.24155,2.23793,2.23596,0.00896,0.00962,0.00469,0.01094,0.01061,-51.51713,-198.00000
3.24537,3.24405,3.24208,3.25227,3.23945,2.24057,2.24024,2.24024,2.23596,2.23432,0.00666,0.00469,0.00864,0.00666,0.00600,-51.76663,-197.00000
3.24076,3.25096,3.24142,3.24273,3.24372,2.24089,2.23662,2.24353,2.23596,2.23859,0.00896,0.01160,0.00896,0.00831,0.00896,-51.76663,-196.00000
3.24306,3.24142,3.24405,3.24668,3.24208,2.23497,2.23826,2.24024,2.23563,2.23728,0.00699,0.00370,0.01192,0.00962,0.00535,-51.59768,-195.00000
3.23846,3.24372,3.24339,3.23912,3.24701,2.23826,2.24057,2.23991,2.23826,2.23892,0.00239,0.01357,0.00831,0.00831,0.00633,-51.59768,-194.00000
3.23714,3.24602,3.24504,3.24010,3.24208,2.23695,2.24254,2.24122,2.24287,2.24484,0.00798,0.00831,0.01192,0.00699,0.00765,-51.55340,-193.00000
3.24109,3.24241,3.23813,3.24372,3.24175,2.24057,2.24254,2.23925,2.23958,2.23465,0.01028,0.01192,0.00896,0.00831,0.00896,-51.55340,-192.00000
3.24273,3.23977,3.24438,3.23846,3.24537,2.23695,2.23728,2.23695,2.24057,2.24155,0.00633,0.00765,0.00798,0.00600,0.00864,-51.62154,-191.00000
3.24537,3.23945,3.23945,3.24109,3.24010,2.23695,2.23563,2.23201,2.23530,2.23234,0.00732,0.00469,0.00765,0.00798,0.00896,-51.62154,-190.00000
3.24405,3.24175,3.24109,3.24701,3.24339,2.23958,2.24024,2.24024,2.23991,2.24089,0.00568,0.00732,0.00304,0.00337,0.00666,-50.80108,-189.00000
3.23945,3.23977,3.24208,3.24109,3.24339,2.23859,2.24353,2.23596,2.23925,2.23826,0.00929,0.00370,0.00732,0.00600,0.00732,-50.80108,-188.00000
3.23879,3.24142,3.24668,3.23780,3.24175,2.23859,2.23793,2.23629,2.24024,2.23793,0.00535,0.00403,0.00633,0.00535,0.00798,-50.57637,-187.00000
3.24438,3.23616,3.24175,3.24273,3.24208,2.23892,2.23991,2.24353,2.24057,2.23958,0.00798,0.00798,0.00864,0.00798,0.00502,-50.57637,-186.00000
3.24142,3.24043,3.24372,3.23813,3.24010,2.24451,2.24287,2.23892,2.24221,2.23958,0.00995,0.00568,0.00699,0.00502,0.00535,-51.49264,-185.00000
3.23977,3.23287,3.24043,3.23879,3.24537,2.23892,2.23859,2.24320,2.23761,2.23761,0.00831,0.00699,0.00864,0.00962,0.00600,-51.49264,-184.00000
3.23912,3.24273,3.24010,3.24438,3.23846,2.23958,2.23925,2.23761,2.24649,2.24385,0.00929,0.00929,0.01061,0.00535,0.00633,-50.69399,-183.00000
3.23714,3.23945,3.24438,3.24208,3.23649,2.24155,2.23629,2.24024,2.24221,2.24122,0.00633,0.00469,0.00633,0.00798,0.00929,-50.69399,-182.00000
3.23912,3.24339,3.24010,3.23945,3.24372,2.24353,2.23826,2.24089,2.24418,2.24024,0.00798,0.00732,0.00666,0.00765,0.00568,-50.82562,-181.00000
3.24109,3.23714,3.23747,3.24076,3.23517,2.24320,2.23892,2.24353,2.24254,2.23958,0.00272,0.00831,0.00370,0.00732,0.00995,-50.82562,-180.00000
3.23550,3.24043,3.23912,3.23912,3.23945,2.24484,2.24681,2.24385,2.24122,2.24254,0.00831,0.00535,0.00502,0.00436,0.01061,-50.12561,-179.00000
3.24010,3.24241,3.24372,3.23945,3.24010,2.23991,2.24188,2.24287,2.24221,2.24418,0.00535,0.00633,0.00436,0.00600,0.00666,-50.12561,-178.00000
3.23945,3.23221,3.23747,3.24175,3.23813,2.24122,2.23728,2.24089,2.23925,2.24057,0.00403,0.00798,0.00502,0.00535,0.01094,-49.67846,-177.00000
3.23352,3.23681,3.23747,3.23813,3.23550,2.23925,2.24221,2.23892,2.24122,2.23728,0.00666,0.00568,0.00436,0.01028,0.00633,-49.67846,-176.00000
3.23583,3.23254,3.23583,3.23385,3.23583,2.23826,2.23826,2.23826,2.23892,2.24254,0.00666,0.00370,0.00535,0.00239,0.00831,-48.55843,-175.00000
3.23320,3.23418,3.23418,3.23188,3.23780,2.23596,2.23991,2.23497,2.23761,2.23892,0.00568,0.00798,0.00732,0.00699,0.00864,-48.55843,-174.00000
3.23122,3.23320,3.22991,3.22793,3.23616,2.23859,2.23728,2.23432,2.23793,2.23793,0.00699,0.00798,0.00535,0.00732,0.00765,-45.63563,-173.00000
3.22136,3.22662,3.22859,3.22859,3.23287,2.23333,2.24221,2.23761,2.23695,2.23267,0.00600,0.00206,0.00600,0.00929,0.00502,-45.68092,-172.00000
3.22695,3.22399,3.22662,3.22629,3.22859,2.23596,2.23563,2.23892,2.23432,2.23136,0.00469,0.00798,0.00699,0.00666,0.00666,-45.68092,-171.00000
3.22892,3.22662,3.22925,3.23385,3.23418,2.23761,2.23629,2.23793,2.23826,2.23169,0.00765,0.00600,0.00798,0.00502,0.00765,-45.68092,-170.00000
3.22859,3.22596,3.22168,3.22925,3.22530,2.23300,2.23728,2.23958,2.23728,2.23695,0.00864,0.00732,0.00962,0.00272,0.00798,-46.81625,-169.00000
3.23056,3.23024,3.22695,3.22728,3.22399,2.23629,2.23563,2.24089,2.23530,2.23596,0.00403,0.00831,0.00403,0.00699,0.00962,-46.81625,-168.00000
3.23221,3.22859,3.22728,3.22497,3.22958,2.23563,2.23432,2.23892,2.23497,2.23859,0.00765,0.00765,0.00699,0.00502,0.00864,-46.90907,-167.00000
3.22728,3.23089,3.22497,3.23254,3.22760,2.24287,2.24287,2.24089,2.23596,2.23793,0.00666,0.00502,0.00469,0.00600,0.00732,-46.90907,-166.00000
3.23188,3.22826,3.23089,3.23089,3.22728,2.23826,2.23991,2.24024,2.23563,2.23826,0.00469,0.00699,0.00732,0.00502,0.00765,-47.54876,-165.00000
3.23352,3.23155,3.23352,3.22958,3.23517,2.23728,2.23662,2.23465,2.23399,2.23399,0.00370,0.00896,0.00535,0.00502,0.00831,-47.54876,-164.00000
3.22793,3.22432,3.22793,3.22826,3.22695,2.23991,2.24155,2.23629,2.23596,2.23399,0.00864,0.00666,0.00370,0.00732,0.00864,-48.59859,-163.00000
3.22497,3.22037,3.22892,3.22629,3.22793,2.23958,2.23629,2.23497,2.23662,2.23465,0.00732,0.00568,0.00831,0.00666,0.00173,-48.59859,-162.00000
3.22168,3.22662,3.22662,3.22497,3.22333,2.24353,2.23366,2.23662,2.23793,2.23662,0.00666,0.00272,0.00831,0.00239,0.00732,-49.51983,-161.00000
3.23122,3.22136,3.23122,3.22596,3.23221,2.23793,2.23859,2.23497,2.24484,2.23267,0.00337,0.00732,0.00798,0.00403,0.00699,-49.51983,-160.00000
3.22892,3.22300,3.22958,3.22760,3.21807,2.23662,2.23793,2.24089,2.23596,2.23761,0.00436,0.01094,0.00502,0.00633,0.00600,-49.63594,-159.00000
3.22991,3.22629,3.22464,3.22662,3.22793,2.23793,2.24089,2.23530,2.23728,2.23892,0.00732,0.00765,0.00568,0.00206,0.00370,-49.63594,-158.00000
3.22300,3.22366,3.22892,3.22267,3.22760,2.23728,2.23991,2.23530,2.23991,2.23859,0.00831,0.00798,0.00962,0.00929,0.00502,-49.84030,-157.00000
3.22826,3.22925,3.22530,3.22629,3.22530,2.23892,2.23497,2.23596,2.23662,2.23728,0.00600,0.00074,0.00666,0.00239,0.00304,-49.84030,-156.00000
3.22596,3.22892,3.22432,3.22037,3.22300,2.24155,2.24155,2.24057,2.23761,2.23991,0.00633,0.00502,0.00304,0.00633,0.00206,-50.07908,-155.00000
3.22103,3.22366,3.22497,3.22793,3.22530,2.23859,2.24024,2.23530,2.23728,2.24057,0.00699,0.00436,0.00370,0.00831,0.00798,-50.07908,-154.00000
3.22497,3.22300,3.22432,3.22136,3.22136,2.23497,2.24057,2.23761,2.24089,2.23596,0.00370,0.00864,0.00864,0.00666,0.00666,-50.12271,-153.00000
3.22530,3.22958,3.22399,3.22201,3.22136,2.23958,2.24155,2.23761,2.23662,2.23958,0.00765,0.00502,0.00370,0.00535,0.00502,-50.12271,-152.00000
3.21971,3.22629,3.21215,3.22399,3.22826,2.23958,2.23958,2.23629,2.23892,2.24089,0.00436,0.00732,0.00337,0.00896,0.00699,-50.79795,-151.00000
3.22596,3.22300,3.22267,3.21708,3.22695,2.23859,2.23695,2.24320,2.23958,2.23497,0.00403,0.00732,0.00272,0.00666,0.00502,-50.79795,-150.00000
3.22136,3.22234,3.22168,3.22004,3.22530,2.23925,2.23892,2.23826,2.23793,2.24287,0.00633,0.00633,0.00732,0.00633,0.00008,-50.39199,-149.00000
3.22333,3.22399,3.22399,3.22300,3.22136,2.23859,2.23629,2.24122,2.23826,2.24155,0.00239,0.00864,0.00666,0.00765,0.00699,-50.39199,-148.00000
3.21872,3.22432,3.22168,3.22136,3.22399,2.24385,2.23465,2.24583,2.23826,2.23793,0.00469,0.00403,0.00633,0.00633,0.00370,-50.54128,-147.00000
3.22399,3.22530,3.22168,3.21905,3.22103,2.23563,2.23728,2.23925,2.24188,2.23662,0.00600,0.00633,0.00436,0.00535,0.00535,-50.54128,-146.00000
3.22234,3.22728,3.22662,3.22168,3.21872,2.23991,2.23991,2.23662,2.24057,2.24155,0.00600,0.00502,0.01127,0.00765,0.00272,-50.69288,-145.00000
3.22695,3.22596,3.22267,3.22004,3.22563,2.24221,2.24122,2.24320,2.24188,2.23925,0.00798,0.00074,0.00600,0.00370,0.00633,-50.69288,-144.00000
3.22201,3.22760,3.22136,3.22234,3.22201,2.24089,2.24057,2.24353,2.23761,2.23859,0.00502,0.00535,0.00535,0.00337,0.00864,-50.68816,-143.00000
3.22201,3.22629,3.22037,3.22629,3.22563,2.23761,2.24188,2.24221,2.23826,2.23662,0.00765,0.00535,0.00337,0.00732,0.00436,-50.95682,-142.00000
3.22168,3.21905,3.22070,3.21971,3.22464,2.24254,2.23728,2.23991,2.24122,2.24550,0.00765,0.00568,0.00304,0.00535,0.00568,-50.95682,-141.00000
3.21840,3.22070,3.22530,3.21807,3.22333,2.23793,2.24024,2.24221,2.24155,2.24221,0.00600,0.00732,0.00206,0.00699,0.00600,-50.95682,-140.00000
3.21642,3.22234,3.21872,3.21938,3.22497,2.24418,2.24155,2.24221,2.24353,2.24287,0.00962,0.00633,0.00370,0.00502,0.00765,-50.83645,-139.00000
3.21675,3.22300,3.22103,3.22234,3.21872,2.23662,2.24484,2.24320,2.24418,2.24583,0.00600,0.00568,0.00370,0.00535,0.00370,-50.83645,-138.00000
3.22760,3.22267,3.21840,3.22366,3.21807,2.24057,2.23958,2.24155,2.24188,2.23991,0.00568,0.00568,0.00600,0.00535,0.00929,-51.22332,-137.00000
3.22037,3.22432,3.22136,3.22432,3.21938,2.24089,2.24254,2.24221,2.24320,2.23399,0.00502,0.00469,0.00436,0.00502,0.00732,-51.22332,-136.00000
3.22497,3.21544,3.22366,3.21938,3.22267,2.24550,2.24254,2.24353,2.24451,2.24385,0.01258,0.00699,0.00403,0.00502,0.00633,-50.48189,-135.00000
3.22103,3.21017,3.21905,3.22234,3.22399,2.24155,2.24385,2.24089,2.24813,2.24451,0.00403,0.00831,0.00206,0.00502,0.00732,-50.48189,-134.00000
3.22399,3.21379,3.21675,3.22136,3.21840,2.24024,2.24451,2.24550,2.24353,2.23793,0.00995,0.00765,0.00370,0.00929,0.00732,-49.55954,-133.00000
3.21971,3.21971,3.21642,3.22037,3.21872,2.24122,2.24155,2.24320,2.24320,2.24320,0.00864,0.00896,0.00929,0.00831,0.00765,-49.55954,-132.00000
3.21609,3.22070,3.22004,3.21971,3.21675,2.24155,2.23958,2.23991,2.24287,2.24681,0.00568,0.00502,0.00864,0.00304,0.00732,-49.35317,-131.00000
3.21609,3.21642,3.21774,3.21741,3.21840,2.24024,2.23892,2.23793,2.23991,2.24451,0.00633,0.00633,0.01028,0.00732,0.00436,-49.35317,-130.00000
3.21478,3.21642,3.21412,3.21248,3.21412,2.24089,2.24089,2.23958,2.24616,2.23728,0.00304,0.00699,0.00699,0.00535,0.00765,-46.64560,-129.00000
3.21445,3.21642,3.21445,3.22234,3.21642,2.24320,2.23892,2.23662,2.24122,2.24155,0.00633,0.00568,0.00864,0.00633,0.01094,-46.64560,-128.00000
3.21149,3.21774,3.21938,3.21248,3.21544,2.24517,2.24385,2.24517,2.23761,2.24221,0.00568,0.00436,0.00929,0.00568,0.00469,-45.97663,-127.00000
3.21149,3.21576,3.21248,3.21412,3.21741,2.24353,2.24418,2.24155,2.23859,2.23761,0.00568,0.00831,0.00732,0.00502,0.00765,-45.97663,-126.00000
3.22070,3.21708,3.21379,3.21412,3.21774,2.23925,2.23925,2.23925,2.24122,2.23958,0.00831,0.00896,0.00699,0.00633,0.00403,-44.66313,-125.00000
3.21149,3.21346,3.21642,3.21511,3.21741,2.24122,2.24155,2.24254,2.24221,2.24122,0.00732,0.00568,0.00633,0.00765,0.00370,-44.66313,-124.00000
3.21642,3.21511,3.21083,3.21708,3.21478,2.24188,2.24320,2.24221,2.24418,2.24385,0.00666,0.00304,0.00568,0.00272,0.00502,-45.33694,-123.00000
3.21445,3.21083,3.21445,3.21478,3.21576,2.24057,2.24320,2.24517,2.24122,2.23958,0.00600,0.00535,0.00831,0.00633,0.00535,-45.33694,-122.00000
3.20984,3.21872,3.21083,3.21248,3.21182,2.24188,2.24353,2.24517,2.23761,2.23892,0.00239,0.00699,0.00337,0.00864,0.00370,-46.59507,-121.00000
3.21083,3.21280,3.21840,3.21544,3.21215,2.23991,2.24221,2.23793,2.24353,2.24254,0.00699,0.00403,0.00568,0.00337,0.00008,-47.49730,-120.00000
3.20951,3.21576,3.21445,3.21445,3.21576,2.24089,2.23662,2.24616,2.23892,2.23991,0.00370,0.00600,0.00666,0.00502,0.00041,-47.49730,-119.00000
3.21412,3.21182,3.21511,3.21215,3.21149,2.24320,2.24385,2.24385,2.23958,2.24089,0.00633,0.00370,0.00633,0.00600,0.00469,-47.49730,-118.00000
3.21280,3.20919,3.21609,3.21675,3.20984,2.24353,2.24188,2.24385,2.24221,2.23925,0.00370,0.00633,0.00633,0.00502,0.00370,-47.87418,-117.00000
3.21149,3.21050,3.21182,3.21116,3.20886,2.23859,2.24385,2.24846,2.24287,2.24122,0.00403,0.00732,0.00469,0.00502,0.00304,-48.35166,-116.00000
3.21149,3.20984,3.20590,3.21017,3.20458,2.24583,2.24188,2.24155,2.24089,2.24188,0.00206,0.00765,0.00666,0.00337,0.00370,-48.35166,-115.00000
3.20623,3.21215,3.21379,3.21149,3.21412,2.24155,2.24221,2.24287,2.24353,2.24287,0.00535,0.00600,0.00798,0.00568,0.00337,-48.35166,-114.00000
3.20655,3.20590,3.21379,3.21215,3.21544,2.24155,2.24089,2.24418,2.23991,2.24155,0.00666,0.00929,0.00633,-0.00057,0.00798,-48.99226,-113.00000
3.21050,3.21511,3.20853,3.21149,3.21346,2.24024,2.23793,2.24155,2.24155,2.24616,0.00666,0.00403,0.00436,0.00699,0.00633,-48.99226,-112.00000
3.20951,3.20688,3.21149,3.21280,3.20688,2.24188,2.24057,2.24287,2.24320,2.24089,0.00370,0.00337,0.00732,0.00732,0.00469,-49.34445,-111.00000
3.21248,3.21379,3.20853,3.21445,3.20919,2.24287,2.24287,2.24188,2.24188,2.24287,0.00568,0.00666,0.00666,0.00600,0.00469,-49.34445,-110.00000
3.20919,3.21116,3.21116,3.20623,3.21313,2.24089,2.24188,2.24254,2.24188,2.24353,0.00633,0.00173,0.00600,0.00469,0.00633,-49.47345,-109.00000
3.21017,3.20524,3.20458,3.20787,3.20721,2.24287,2.23695,2.23859,2.24122,2.24649,0.00239,0.00699,0.00304,0.00929,0.00469,-49.47345,-108.00000
3.21083,3.20754,3.21116,3.21280,3.21215,2.24484,2.24418,2.24813,2.24155,2.24418,0.00502,0.00403,0.00535,0.00370,0.00600,-49.83126,-107.00000
3.21313,3.21017,3.21050,3.21313,3.20294,2.24320,2.24583,2.24221,2.24451,2.24846,0.00535,0.00272,0.00469,0.00962,0.00831,-49.83126,-106.00000
3.20820,3.21379,3.20820,3.20886,3.20787,2.25043,2.24254,2.24353,2.24320,2.24385,0.00568,0.00633,0.00370,0.00633,0.00633,-50.63132,-105.00000
3.20590,3.21280,3.21149,3.20721,3.20787,2.24484,2.24517,2.24583,2.24188,2.24287,0.00535,0.00469,0.00403,0.00074,0.00502,-50.63132,-104.00000
3.20688,3.20886,3.20886,3.20919,3.21149,2.24122,2.24122,2.24451,2.24451,2.24221,0.00502,0.00699,0.00436,0.00699,0.00239,-50.82615,-103.00000
3.21182,3.21050,3.21182,3.20392,3.20820,2.24747,2.24385,2.24188,2.24155,2.24057,0.00666,0.00173,0.00535,0.00436,0.00535,-50.82615,-102.00000
3.19998,3.20096,3.19998,3.19866,3.19965,2.23596,2.23728,2.23432,2.23892,2.24024,0.00732,0.00337,0.00699,0.00436,0.00337,-50.64517,-101.00000
3.20590,3.20886,3.20820,3.20754,3.20688,2.24813,2.24287,2.24681,2.24484,2.24451,0.00403,0.00732,0.00600,0.00600,0.00206,-50.64517,-100.00000
3.20951,3.21050,3.20919,3.20425,3.20590,2.24188,2.24451,2.24089,2.24221,2.24385,0.00403,0.00568,0.00502,0.00732,0.00436,-50.60752,-99.00000
3.20590,3.20919,3.20195,3.20754,3.20557,2.24254,2.24057,2.24747,2.24484,2.24320,0.00502,0.00403,0.00765,0.00699,0.00074,-50.91608,-98.00000
3.20853,3.20195,3.21050,3.20294,3.20853,2.24484,2.24681,2.24583,2.24484,2.24089,0.00436,0.00370,0.00469,0.00600,0.00041,-50.91608,-97.00000
3.20524,3.20590,3.20919,3.20294,3.20951,2.24385,2.24057,2.24320,2.24517,2.24484,0.00173,0.00568,0.00206,0.00469,0.00469,-50.91608,-96.00000
3.21116,3.20425,3.20524,3.20195,3.20294,2.24517,2.24155,2.24583,2.24122,2.24221,0.00666,0.00272,-0.00025,0.00337,0.00699,-50.64653,-95.00000
3.20195,3.20951,3.20557,3.20063,3.20327,2.23991,2.24484,2.24780,2.23991,2.24681,0.00403,0.00568,0.00962,0.00666,0.00370,-50.64653,-94.00000
3.20096,3.20294,3.20820,3.20787,3.19899,2.24649,2.25043,2.24353,2.24057,2.23728,0.00140,0.00502,0.00239,0.00633,0.00831,-50.64912,-93.00000
3.20359,3.20096,3.21149,3.20557,3.20919,2.24550,2.24451,2.24385,2.23892,2.24418,0.00502,0.00206,0.00633,0.00600,0.00272,-50.64912,-92.00000
3.20195,3.19833,3.20195,3.20458,3.20261,2.24287,2.24385,2.24550,2.24254,2.24649,0.00370,0.00633,0.00403,0.00962,0.00568,-50.98776,-91.00000
3.19866,3.19965,3.20425,3.20491,3.20491,2.23826,2.23695,2.24583,2.24024,2.24353,0.00502,0.00502,0.00732,0.00337,0.00600,-50.98776,-90.00000
3.20228,3.20425,3.19965,3.20359,3.19866,2.24385,2.24155,2.23728,2.24714,2.24385,0.00337,0.00272,0.00568,0.00864,0.00600,-51.10447,-89.00000
3.20655,3.19735,3.19274,3.20096,3.19899,2.24517,2.24221,2.24583,2.24122,2.24221,0.00666,0.00633,0.00403,0.00173,0.00568,-51.10447,-88.00000
3.20063,3.20491,3.20129,3.19998,3.19866,2.24714,2.23859,2.24385,2.24320,2.24353,0.00436,0.00831,0.00469,0.00896,0.00107,-51.23436,-87.00000
3.19998,3.20425,3.19471,3.20557,3.19603,2.24287,2.24024,2.24353,2.23991,2.24714,0.00666,0.00798,0.00600,0.00831,0.00798,-51.23436,-86.00000
3.19965,3.19866,3.19800,3.19965,3.20096,2.24287,2.24517,2.23991,2.24583,2.23563,0.00633,0.00370,0.00436,0.00239,0.00370,-51.25422,-85.00000
3.19570,3.19998,3.20261,3.19932,3.19603,2.24517,2.24122,2.24254,2.24813,2.24155,0.00337,0.00568,0.00370,0.00272,0.00436,-51.25422,-84.00000
3.20031,3.20031,3.19702,3.20162,3.19833,2.24287,2.23925,2.24451,2.24385,2.24550,0.00568,0.00568,0.00568,0.00633,0.00896,-51.22677,-83.00000
3.19636,3.20063,3.19603,3.20458,3.19439,2.24155,2.24517,2.24254,2.24517,2.23761,0.00239,0.00337,0.00798,0.00765,0.00666,-51.22677,-82.00000
3.19767,3.19735,3.19636,3.19570,3.19307,2.24188,2.24155,2.23925,2.24385,2.24024,0.00831,0.00535,0.00436,0.00304,0.00666,-51.43959,-81.00000
3.19669,3.20261,3.20031,3.19702,3.19998,2.23958,2.24320,2.23991,2.24517,2.24221,0.00699,0.00568,0.00568,0.00502,0.00600,-51.43959,-80.00000
3.19373,3.19570,3.19143,3.19406,3.19767,2.24451,2.24024,2.23958,2.23530,2.24287,0.00568,0.00370,0.00436,0.00732,0.00337,-51.43173,-79.00000
3.19767,3.19800,3.19340,3.19767,3.19077,2.23892,2.24649,2.24385,2.24057,2.24484,0.00864,0.00929,0.00633,0.00436,0.00535,-51.37604,-78.00000
3.19866,3.19998,3.19800,3.20031,3.20031,2.24287,2.24320,2.24418,2.24320,2.24254,0.00239,0.00239,0.00304,0.00436,0.00633,-51.37604,-77.00000
3.19537,3.19603,3.19406,3.19636,3.20096,2.24418,2.24089,2.24188,2.24385,2.24122,0.00403,0.00436,0.00600,0.00403,0.00239,-51.37604,-76.00000
3.19077,3.19406,3.19307,3.19603,3.19636,2.23958,2.23826,2.24385,2.24418,2.24254,0.00831,0.00403,0.00337,0.00568,-0.00090,-51.27869,-75.00000
3.20557,3.19603,3.19669,3.19702,3.19406,2.23793,2.24287,2.24155,2.24385,2.24221,0.00304,0.01028,0.00370,0.00173,0.00206,-51.27869,-74.00000
3.19373,3.19373,3.18978,3.19636,3.19110,2.24221,2.24353,2.24714,2.24320,2.24780,0.00600,0.00502,0.00469,0.00568,0.00600,-51.33911,-73.00000
3.20129,3.19735,3.19274,3.19570,3.19570,2.24057,2.24353,2.24089,2.24385,2.24353,0.00600,0.00502,0.00633,0.00239,0.01094,-51.65934,-72.00000
3.20294,3.18814,3.19669,3.19570,3.19702,2.24385,2.24221,2.24353,2.24385,2.24057,0.00337,0.00304,0.00173,0.00239,0.00436,-51.65934,-71.00000
3.19702,3.19570,3.19340,3.19504,3.19011,2.23662,2.24451,2.24353,2.24353,2.24287,0.00535,0.00469,0.00337,0.00502,0.00436,-51.65934,-70.00000
3.19077,3.19570,3.19471,3.19537,3.20031,2.24254,2.23958,2.24188,2.23826,2.24155,0.00140,0.00633,0.00568,0.00107,0.00600,-51.33735,-69.00000
3.19767,3.19373,3.19077,3.19340,3.19537,2.23859,2.23892,2.24024,2.24254,2.24714,0.00008,0.00666,0.00370,0.00798,0.00239,-51.33735,-68.00000
3.19439,3.19471,3.19340,3.19274,3.19143,2.24254,2.24188,2.24385,2.23958,2.24385,0.00337,0.00304,0.00304,0.00896,0.00502,-51.27080,-67.00000
3.19175,3.18912,3.19175,3.18715,3.19373,2.24057,2.23925,2.23892,2.24353,2.24155,0.00304,0.00798,0.00633,0.00173,0.00337,-51.27080,-66.00000
3.19307,3.18715,3.19373,3.18287,3.19175,2.24451,2.24155,2.24089,2.23958,2.24451,0.00173,0.00206,0.00370,0.00699,0.00502,-51.38431,-65.00000
3.18748,3.19175,3.19110,3.19143,3.19241,2.23892,2.24221,2.24517,2.24188,2.24089,0.00403,0.00403,0.00502,0.00502,0.00403,-51.38431,-64.00000
3.19833,3.19307,3.19143,3.19373,3.18978,2.24320,2.23530,2.23925,2.24188,2.23859,0.00568,0.00436,0.00337,0.00765,0.00403,-51.03518,-63.00000
3.18518,3.19767,3.18879,3.19110,3.18583,2.23826,2.24813,2.24155,2.24024,2.24451,0.00666,0.00568,0.00798,0.00600,0.00633,-51.03518,-62.00000
3.18847,3.18616,3.19669,3.18583,3.18814,2.24122,2.24385,2.24418,2.24089,2.24221,0.00272,0.00403,0.00337,0.00699,0.00370,-50.80893,-61.00000
3.18649,3.18485,3.18879,3.18978,3.18814,2.24747,2.24484,2.24287,2.23991,2.23925,0.00502,0.00535,0.00173,0.00140,0.00436,-50.80893,-60.00000
3.19077,3.18550,3.18814,3.18682,3.18847,2.24122,2.23958,2.24418,2.23991,2.24155,0.00140,0.00436,0.00666,0.00502,0.00304,-50.82737,-59.00000
3.19241,3.19077,3.18814,3.18320,3.18649,2.24221,2.24122,2.23892,2.24385,2.23925,0.00436,0.00140,0.00403,0.00370,0.00699,-50.82737,-58.00000
3.18649,3.18781,3.18748,3.18978,3.18847,2.24221,2.24385,2.24155,2.24287,2.24418,0.00272,0.00272,0.00370,0.00370,0.00173,-50.88850,-57.00000
3.18978,3.18781,3.19044,3.18550,3.18847,2.24089,2.24089,2.23859,2.24057,2.24188,0.00272,0.00074,0.00666,0.00370,0.00370,-50.88850,-56.00000
3.17958,3.18518,3.19175,3.19175,3.18748,2.24550,2.24024,2.23695,2.24221,2.24221,0.00370,0.00502,0.00370,0.00403,0.00403,-50.92436,-55.00000
3.18814,3.18024,3.19241,3.18814,3.19340,2.24122,2.24385,2.24353,2.24155,2.24320,0.00535,-0.00025,0.00568,0.00337,0.00337,-50.92436,-54.00000
3.18649,3.18386,3.18452,3.18748,3.18715,2.24024,2.24188,2.23991,2.24484,2.23892,0.00633,0.00502,0.00008,0.00074,-0.00057,-51.07685,-53.00000
3.18452,3.18748,3.18748,3.18715,3.19143,2.24451,2.24418,2.24254,2.24320,2.24188,0.00798,0.00436,0.00337,0.00436,0.00403,-51.07685,-52.00000
3.18649,3.18550,3.18912,3.18912,3.19044,2.24484,2.24550,2.24418,2.23958,2.24320,0.00765,0.00337,0.00699,0.00469,0.00436,-51.45032,-51.00000
3.18748,3.19110,3.19208,3.18518,3.18583,2.24484,2.24155,2.24089,2.24385,2.24418,0.00436,0.00337,0.00469,0.00173,0.00304,-51.45032,-50.00000
3.18485,3.18616,3.17893,3.18518,3.18814,2.24024,2.24155,2.24122,2.24188,2.24649,0.00107,0.00239,0.00469,-0.00057,0.00568,-51.79208,-49.00000
3.18748,3.18616,3.18485,3.18912,3.18386,2.24122,2.24254,2.24385,2.24451,2.24122,0.00732,0.00206,0.00272,0.00469,0.00633,-51.79208,-48.00000
3.17991,3.18320,3.18254,3.18320,3.18222,2.24122,2.24155,2.24024,2.23859,2.24188,0.00370,0.00666,0.00535,0.00239,0.00502,-51.91900,-47.00000
3.18518,3.18189,3.17893,3.18320,3.18386,2.24155,2.24385,2.24254,2.24418,2.23826,0.00600,0.00600,0.00403,0.00107,0.00107,-51.91900,-46.00000
3.18353,3.17958,3.18550,3.18419,3.18419,2.24451,2.24353,2.24616,2.23629,2.24287,0.00272,0.00337,0.00272,0.00469,0.00732,-51.66996,-45.00000
3.18485,3.18583,3.18452,3.17893,3.18847,2.24583,2.24122,2.23728,2.23991,2.24353,0.00831,0.00502,0.00173,0.00239,0.00502,-51.66996,-44.00000
3.18123,3.17991,3.18222,3.18353,3.18419,2.24057,2.24353,2.24517,2.23859,2.24254,0.00140,0.00600,0.00304,0.00370,0.00304,-51.65042,-43.00000
3.18682,3.18879,3.18222,3.18386,3.18419,2.23761,2.24122,2.24418,2.23859,2.24484,0.00502,-0.00222,0.00436,0.00272,0.00239,-51.65042,-42.00000
3.18222,3.18649,3.18254,3.18419,3.18386,2.24846,2.24583,2.24089,2.24649,2.24418,0.00568,0.00074,0.00370,0.00304,0.00074,-51.32326,-41.00000
3.18550,3.18320,3.18715,3.18518,3.18353,2.24254,2.24122,2.24978,2.24649,2.24681,0.00535,0.00370,0.00041,0.00568,0.00732,-51.32326,-40.00000
3.18353,3.18781,3.18682,3.18978,3.18879,2.24550,2.24747,2.24583,2.24714,2.24649,0.00436,0.00370,0.00732,0.00600,0.00370,-50.77312,-39.00000
3.18287,3.19241,3.18879,3.18222,3.18682,2.24517,2.24649,2.24550,2.23991,2.24747,0.00370,0.00929,0.00272,0.00272,0.00502,-50.77312,-38.00000
3.18945,3.18814,3.18814,3.18978,3.18485,2.24813,2.24912,2.24747,2.24089,2.24451,0.00140,0.00666,0.00403,0.00535,0.00568,-50.52355,-37.00000
3.18386,3.18748,3.18156,3.18649,3.18452,2.24945,2.24747,2.24649,2.24813,2.24583,0.00798,0.00765,0.00272,0.00337,0.00337,-50.52355,-36.00000
3.18156,3.18649,3.18320,3.18123,3.18649,2.24385,2.24418,2.24714,2.24945,2.24353,0.00337,0.00600,0.00765,0.00633,0.00469,-50.52355,-35.00000
3.18748,3.18649,3.18781,3.18649,3.18057,2.24418,2.24385,2.24550,2.24353,2.24747,0.00370,0.00436,0.00206,0.00074,0.00600,-51.04077,-34.00000
3.18649,3.18879,3.18814,3.18123,3.18616,2.24254,2.24353,2.24583,2.24681,2.24188,0.00436,0.00370,0.00370,0.00272,0.00206,-51.04077,-33.00000
3.18189,3.18550,3.19011,3.18485,3.18715,2.24616,2.24188,2.24418,2.24550,2.24945,0.00633,0.00502,0.00140,0.00370,0.00600,-51.04077,-32.00000
3.18452,3.18156,3.18616,3.18518,3.18682,2.24451,2.24583,2.25043,2.24945,2.24747,0.00831,0.00370,0.00337,0.00896,0.00239,-51.04077,-31.00000
3.18222,3.18024,3.18222,3.18485,3.18222,2.24616,2.24714,2.24385,2.24879,2.24649,0.00370,0.00535,0.00337,0.00864,0.00535,-51.04077,-30.00000
3.18550,3.18682,3.18781,3.18090,3.18583,2.24221,2.24813,2.24320,2.24714,2.24353,0.00436,0.00502,0.00337,0.00304,0.00896,-51.04077,-29.00000
3.17662,3.18123,3.18386,3.18024,3.18222,2.24320,2.24517,2.24418,2.24188,2.24550,0.00699,0.00370,0.00304,0.00633,0.00600,-50.86474,-28.00000
3.18419,3.18386,3.18518,3.17991,3.18090,2.24287,2.24747,2.24714,2.24221,2.24155,0.00436,0.00502,0.00370,0.00666,0.00337,-50.86474,-27.00000
3.17695,3.18222,3.17630,3.17991,3.17958,2.24287,2.24550,2.24550,2.24418,2.24583,0.00666,0.00403,0.00535,0.00074,0.00272,-51.08431,-26.00000
3.18485,3.17827,3.17958,3.18616,3.18057,2.24418,2.24418,2.24517,2.24649,2.24978,0.00107,0.00568,0.00469,0.00272,0.00304,-51.08431,-25.00000
3.18123,3.18518,3.18287,3.18386,3.18550,2.24418,2.24122,2.24714,2.24780,2.24451,0.00370,0.00535,0.00535,0.00337,0.00140,-51.01910,-24.00000
3.17893,3.17498,3.17926,3.17564,3.18254,2.24583,2.24550,2.24846,2.24649,2.24846,0.00304,0.00568,0.00469,0.00403,0.00173,-50.90401,-23.00000
3.18024,3.18057,3.17564,3.18485,3.18024,2.24681,2.24122,2.24188,2.24616,2.24484,0.00535,0.00502,0.00403,0.00140,0.00337,-50.90401,-22.00000
3.18090,3.18254,3.17893,3.17958,3.18353,2.24484,2.24550,2.24451,2.24780,2.24517,0.00337,0.00798,0.00304,0.00206,0.00535,-50.90401,-21.00000
3.17662,3.17827,3.17827,3.18090,3.17728,2.24583,2.24451,2.24320,2.24254,2.24846,0.00600,0.00173,0.00699,0.00403,0.00502,-50.91192,-20.00000
3.17926,3.17893,3.17432,3.18057,3.17958,2.24155,2.24681,2.24879,2.24287,2.24418,0.00502,0.00272,0.00633,0.00633,0.00436,-50.91192,-19.00000
3.17991,3.18222,3.18222,3.17794,3.18254,2.23925,2.24320,2.24517,2.24714,2.24484,0.00798,0.00337,0.00304,0.00436,0.00436,-51.27689,-18.00000
3.17597,3.17662,3.17958,3.17794,3.17860,2.24550,2.24912,2.24254,2.24484,2.24385,0.00666,0.00206,0.00173,0.00074,0.00370,-51.27689,-17.00000
3.17728,3.17991,3.17136,3.18254,3.17334,2.24583,2.24385,2.23991,2.24583,2.24254,0.00403,0.00469,0.00502,0.00535,0.00568,-51.81806,-16.00000
3.17564,3.17432,3.17268,3.17597,3.17564,2.24385,2.24122,2.24254,2.24978,2.24254,0.00008,0.00502,0.00206,0.00699,0.00403,-51.81806,-15.00000
3.17893,3.17926,3.16873,3.17498,3.18320,2.24122,2.23958,2.24353,2.24451,2.24221,-0.00123,0.00469,0.00535,0.00272,0.00502,-51.46920,-14.00000
3.17005,3.17958,3.17005,3.17662,3.17926,2.24057,2.24418,2.24484,2.24583,2.24550,0.00666,0.00140,0.00633,0.00173,0.00370,-51.46920,-13.00000
3.17498,3.17794,3.17301,3.17662,3.17235,2.23925,2.24353,2.24155,2.24320,2.24780,0.00469,0.00337,0.00337,0.00535,0.00831,-51.12432,-12.00000
3.17728,3.17662,3.17761,3.17827,3.17301,2.24418,2.24385,2.24484,2.24320,2.24287,0.00535,0.00469,0.00206,0.00337,0.00337,-51.12432,-11.00000
3.17399,3.17662,3.17432,3.17399,3.17695,2.24320,2.24188,2.24418,2.24418,2.24484,0.00337,0.00600,0.00535,0.00436,0.00272,-51.54219,-10.00000
3.17070,3.17498,3.17728,3.17103,3.17662,2.24484,2.24550,2.24353,2.24254,2.24451,0.00403,0.00535,0.00239,0.00337,0.00173,-51.54219,-9.00000
3.17827,3.17893,3.17893,3.17564,3.17399,2.24879,2.23826,2.24385,2.24846,2.24385,0.00600,0.00206,0.00403,0.00568,0.00568,-51.40410,-8.00000
3.16939,3.17366,3.17728,3.17564,3.17597,2.24287,2.24451,2.24024,2.24517,2.24846,0.00173,0.00370,0.00600,0.00436,0.00041,-51.40410,-7.00000
3.17465,3.17564,3.17662,3.17334,3.17169,2.24254,2.24221,2.24385,2.24550,2.24616,0.00732,0.00173,0.00239,0.00239,0.00469,-51.87682,-6.00000
3.17399,3.17728,3.17136,3.17662,3.16972,2.24681,2.24221,2.24517,2.24057,2.24385,0.00436,0.00699,0.00436,0.00173,0.00403,-51.87682,-5.00000
3.17794,3.17432,3.17301,3.16906,3.17432,2.24484,2.24320,2.24287,2.24353,2.25010,0.00304,0.00732,0.00831,0.00272,0.00239,-51.37003,-4.00000
3.17794,3.17103,3.17235,3.17399,3.17301,2.24550,2.24813,2.23793,2.24188,2.24221,0.00370,0.00568,0.00337,0.00469,0.00666,-51.37003,-3.00000
3.17235,3.17827,3.17399,3.17498,3.18287,2.24451,2.24550,2.24287,2.24583,2.24385,0.00403,0.00370,0.00831,0.00370,0.00732,-51.68321,-2.00000
3.17038,3.17432,3.17531,3.17465,3.17103,2.23991,2.24484,2.24484,2.24649,2.24616,0.00370,0.00535,0.00206,0.00600,0.00403,-51.25398,-1.00000
3.17432,3.17630,3.16939,3.17136,3.17926,2.24616,2.24747,2.24583,2.24912,2.24780,0.00304,0.00436,0.00633,0.00535,0.00436,-51.25398,0.00000
3.17366,3.17103,3.17498,3.17827,3.17301,2.24813,2.24517,2.24517,2.24813,2.24747,0.00304,0.00140,-0.00090,0.00337,0.00173,-51.18592,1.00000
3.17794,3.17662,3.16906,3.17301,3.17103,2.24747,2.24879,2.24780,2.24846,2.24517,0.00502,0.00304,0.00304,0.00469,0.00206,-51.18592,2.00000
3.17893,3.17827,3.17301,3.17235,3.17268,2.24978,2.24649,2.24254,2.24221,2.24649,0.00206,0.00600,0.00831,0.00304,0.00469,-51.18592,3.00000
3.16742,3.17169,3.17794,3.16972,3.17794,2.24583,2.24550,2.24583,2.24681,2.24122,0.00502,0.00140,0.00370,0.00173,0.00469,-51.09009,4.00000
3.16643,3.16742,3.17531,3.16676,3.17366,2.24747,2.24451,2.24254,2.24714,2.24254,0.00370,0.00568,0.00469,0.00173,0.00370,-51.09009,5.00000
3.16709,3.17958,3.17070,3.17235,3.17136,2.24287,2.24484,2.24353,2.24484,2.24122,0.00074,0.00502,0.00239,0.00107,0.00337,-50.77393,6.00000
3.17169,3.16478,3.16906,3.16840,3.16972,2.24616,2.24254,2.24714,2.25010,2.24780,0.00370,0.00304,0.00173,0.00337,0.00732,-50.77393,7.00000
3.17005,3.17038,3.17761,3.17103,3.17038,2.24681,2.24747,2.24780,2.24813,2.24122,0.00633,0.00272,0.00239,0.00370,0.00436,-50.41179,8.00000
3.17366,3.17662,3.18090,3.17268,3.16873,2.24418,2.24747,2.24122,2.24649,2.24616,0.00436,0.00041,0.00206,0.00272,0.00074,-50.41179,9.00000
3.16676,3.16774,3.17695,3.17301,3.16511,2.24024,2.24879,2.24649,2.24385,2.24978,0.00272,0.00140,0.00370,0.00929,0.00239,-50.69933,10.00000
3.16347,3.16906,3.17169,3.17169,3.16972,2.24813,2.24583,2.24517,2.24714,2.24583,0.00370,0.00633,0.00535,0.00699,0.00568,-50.69933,11.00000
3.16972,3.16511,3.16906,3.17169,3.16906,2.24616,2.24484,2.24418,2.24945,2.24681,0.00337,0.00107,0.00864,0.00107,-0.00090,-50.88289,12.00000
3.17432,3.17070,3.17103,3.17301,3.17005,2.24517,2.24550,2.24353,2.24813,2.24912,0.00173,0.00568,0.00206,0.00206,0.00502,-50.88289,13.00000
3.16774,3.17202,3.17070,3.17005,3.17334,2.24747,2.24353,2.25010,2.24320,2.24089,0.00370,0.00502,0.00502,0.00337,0.00206,-50.79692,14.00000
3.16577,3.16807,3.16610,3.16676,3.16972,2.24879,2.24616,2.24484,2.24353,2.24320,0.00239,0.00107,0.00535,0.00633,0.00403,-50.79692,15.00000
3.16972,3.16511,3.18090,3.16676,3.16972,2.24188,2.24583,2.24550,2.24418,2.24517,-0.00057,0.00666,0.00436,0.00337,-0.00025,-50.72008,16.00000
3.16478,3.16676,3.16840,3.16577,3.17005,2.24583,2.25274,2.24780,2.24550,2.24747,0.00239,0.00600,0.00272,-0.00057,0.00041,-50.72008,17.00000
3.16807,3.16873,3.16873,3.16906,3.17531,2.24155,2.24385,2.24418,2.24188,2.24155,0.00337,0.00535,0.00403,0.00041,0.00272,-50.73396,18.00000
3.16610,3.16676,3.17564,3.16643,3.16544,2.24254,2.24057,2.24385,2.24649,2.24254,0.00469,0.00633,0.00436,0.00370,0.00502,-50.73396,19.00000
3.16478,3.16840,3.16774,3.16380,3.16643,2.24583,2.24517,2.24681,2.24616,2.23761,0.00370,0.00239,0.00337,0.00436,0.00272,-50.82297,20.00000
3.17399,3.16577,3.16478,3.16643,3.16544,2.24188,2.24122,2.24451,2.24747,2.24616,0.00568,0.00633,0.00008,0.00370,0.00469,-51.21596,21.00000
3.16610,3.16643,3.16709,3.16511,3.17070,2.24320,2.24780,2.24484,2.24418,2.24616,0.00304,0.00206,0.00666,0.00272,0.00535,-51.21596,22.00000
3.16380,3.16906,3.17070,3.17169,3.16577,2.24780,2.24353,2.24945,2.24517,2.25010,0.00370,0.00469,0.00173,0.00272,0.00798,-51.21596,23.00000
3.16643,3.16972,3.16742,3.16577,3.16906,2.24517,2.24583,2.24024,2.24649,2.24287,0.00502,0.00502,0.00173,0.00272,0.00239,-51.47308,24.00000
3.15919,3.16939,3.16380,3.16577,3.17136,2.24583,2.24813,2.24649,2.24780,2.23859,0.00074,0.00568,0.00239,-0.00057,0.00370,-51.89025,25.00000
3.16709,3.16051,3.16051,3.16347,3.16478,2.24681,2.24714,2.24978,2.24681,2.24780,0.00173,0.00403,0.00600,0.00732,0.00600,-51.89025,26.00000
3.16380,3.16610,3.16248,3.16248,3.16577,2.24155,2.24320,2.24484,2.24254,2.24681,0.00239,0.00337,0.00403,0.00436,0.00206,-51.89025,27.00000
3.16281,3.16380,3.17038,3.16347,3.16018,2.24583,2.24583,2.24221,2.24681,2.24978,-0.00025,0.00403,0.00272,-0.00123,0.00337,-51.82007,28.00000
3.17169,3.16150,3.16215,3.16643,3.16840,2.24550,2.24649,2.24418,2.24649,2.24451,0.00107,0.00140,0.00239,0.00206,0.00436,-51.82007,29.00000
3.16511,3.15886,3.16478,3.16314,3.16084,2.24451,2.24616,2.24649,2.24484,2.24846,0.00140,0.00206,0.00272,0.00272,0.00535,-51.32080,30.00000
3.16807,3.16478,3.16215,3.16840,3.16380,2.24155,2.23958,2.24155,2.24583,2.24320,0.00370,0.00337,-0.00123,0.00337,0.00469,-51.32080,31.00000
3.16215,3.16215,3.16314,3.16544,3.16709,2.24221,2.24221,2.24353,2.24320,2.23991,0.00370,0.00831,-0.00057,0.00666,0.00436,-51.06282,32.00000
3.16413,3.16676,3.16413,3.17136,3.15952,2.24024,2.24714,2.24418,2.24583,2.24385,0.00568,0.00600,0.00370,0.00206,0.00600,-51.06282,33.00000
3.15689,3.16446,3.16380,3.16478,3.16446,2.24451,2.24254,2.24254,2.24550,2.24649,0.00502,0.00436,0.00403,0.00239,0.00272,-50.93153,34.00000
3.16018,3.16577,3.16610,3.15886,3.16347,2.24681,2.24320,2.24418,2.24287,2.24287,0.00272,0.00568,0.00304,0.00239,0.00304,-50.93153,35.00000
3.16150,3.16281,3.16610,3.15985,3.16084,2.24649,2.23530,2.24780,2.24385,2.24616,0.00074,0.00535,0.00502,0.00041,0.00272,-50.92050,36.00000
3.16478,3.15426,3.16182,3.16511,3.16084,2.24681,2.24451,2.24583,2.24089,2.24385,0.00403,0.00008,0.00469,0.00304,0.00765,-50.92050,37.00000
3.15886,3.15919,3.16380,3.15788,3.16150,2.24517,2.24155,2.24550,2.24681,2.24484,0.00502,-0.00025,0.00074,0.00469,0.00272,-51.14264,38.00000
3.16347,3.15031,3.15919,3.16314,3.15886,2.24254,2.24517,2.24846,2.24221,2.24320,0.00173,0.00502,0.00140,0.00239,0.00403,-51.14264,39.00000
3.16347,3.15853,3.15952,3.15557,3.16150,2.24681,2.24089,2.23991,2.24583,2.24024,0.00403,0.00568,0.00304,0.00337,0.00304,-51.22563,40.00000
3.15722,3.16051,3.16182,3.16117,3.15788,2.24089,2.24978,2.24155,2.24451,2.24583,0.00239,0.00765,0.00304,0.00469,0.00239,-51.22563,41.00000
3.16150,3.15788,3.16248,3.15656,3.15689,2.24221,2.24320,2.24681,2.24813,2.24353,0.00239,0.00370,0.00469,0.00272,0.00337,-51.73343,42.00000
3.16577,3.15952,3.15360,3.16314,3.16281,2.24024,2.24024,2.24287,2.24583,2.24024,0.00502,0.00403,0.00469,0.00370,0.00370,-51.73343,43.00000
3.16051,3.16281,3.16051,3.15919,3.16446,2.24089,2.24155,2.23958,2.24155,2.24681,0.00436,0.00337,0.00370,0.00272,0.00304,-51.76271,44.00000
3.16347,3.16018,3.16084,3.15853,3.16511,2.24517,2.24550,2.24057,2.24550,2.24287,0.00206,0.00239,0.00633,0.00173,0.00173,-51.76271,45.00000
3.15985,3.15327,3.16281,3.15525,3.16182,2.24813,2.24681,2.24846,2.24747,2.24385,0.00304,0.00206,0.00008,0.00436,0.00206,-51.88803,46.00000
3.15656,3.16709,3.16281,3.16084,3.16117,2.24320,2.24780,2.24451,2.24287,2.24418,0.00074,0.00370,0.00206,0.00008,0.00337,-51.88803,47.00000
3.16150,3.16544,3.15656,3.15689,3.16478,2.24155,2.24616,2.24846,2.24517,2.24418,0.00403,0.00206,0.00272,0.00107,0.00239,-52.17340,48.00000
3.15886,3.15952,3.15919,3.16182,3.15788,2.24287,2.24813,2.24517,2.24385,2.24418,0.00173,0.00041,0.00107,0.00272,0.00436,-52.17340,49.00000
3.16084,3.16215,3.15952,3.15985,3.16117,2.24550,2.25010,2.24813,2.24813,2.24747,0.00600,0.00633,0.00370,0.00370,0.00074,-51.98767,50.00000
3.15919,3.15853,3.16117,3.16610,3.16314,2.24681,2.24879,2.24583,2.25043,2.24583,0.00272,0.00831,0.00436,0.00140,-0.00025,-51.98767,51.00000
3.15853,3.15952,3.15525,3.15788,3.15689,2.24846,2.24681,2.24221,2.24550,2.24517,0.00173,-0.00057,0.00633,-0.00025,0.00502,-52.10148,52.00000
3.16018,3.15656,3.16182,3.15722,3.15985,2.24155,2.23991,2.24484,2.24681,2.24517,0.00403,-0.00090,0.00074,0.00502,0.00633,-52.10148,53.00000
3.15689,3.16150,3.15919,3.15656,3.15755,2.24451,2.24287,2.24385,2.24583,2.24550,0.00600,0.00600,0.00469,0.00436,0.00337,-52.07807,54.00000
3.16248,3.16182,3.16117,3.15525,3.16643,2.24155,2.24714,2.24945,2.24583,2.24451,0.00337,0.00502,0.00304,0.00074,0.00140,-52.07807,55.00000
3.16150,3.16347,3.16248,3.15360,3.15853,2.24353,2.24583,2.24418,2.24484,2.24517,0.00568,0.00140,0.00272,0.00304,0.00666,-51.96644,56.00000
3.15853,3.16347,3.15393,3.16084,3.15590,2.24813,2.24221,2.24287,2.24320,2.24418,0.00173,0.00633,0.00469,0.00173,0.00633,-51.96644,57.00000
3.15426,3.15557,3.15163,3.15722,3.15656,2.24978,2.24649,2.24681,2.24122,2.24484,0.00502,0.00535,0.00272,0.00502,0.00502,-51.55347,58.00000
3.16117,3.15426,3.16051,3.15393,3.16215,2.24287,2.24451,2.24451,2.24418,2.24221,0.00074,0.00206,0.00304,0.00304,0.00304,-51.55347,59.00000
3.15788,3.16051,3.16051,3.15985,3.15656,2.24714,2.24287,2.24122,2.24254,2.24221,0.00173,0.00370,0.00074,0.00502,0.00107,-51.60368,60.00000
3.15623,3.15360,3.15557,3.15623,3.16314,2.24451,2.24912,2.24681,2.23958,2.24484,0.00239,0.00568,0.00568,0.00304,0.00304,-51.60368,61.00000
3.15919,3.15557,3.15788,3.15229,3.15689,2.24155,2.24089,2.24320,2.24649,2.24287,0.00600,0.00107,0.00469,0.00337,0.00272,-51.33768,62.00000
3.15590,3.15459,3.15557,3.16051,3.15722,2.24385,2.24714,2.24287,2.23892,2.24089,0.00074,0.00140,0.00600,0.00206,0.00403,-51.33768,63.00000
3.15525,3.16150,3.15919,3.15689,3.15788,2.24353,2.24550,2.24024,2.23859,2.24681,0.00239,0.00370,0.00337,0.00403,0.00206,-51.25799,64.00000
3.15294,3.14867,3.15722,3.15788,3.15130,2.24254,2.24451,2.24057,2.24385,2.24385,-0.00057,0.00535,0.00107,0.00008,0.00140,-51.25799,65.00000
3.15360,3.15689,3.16150,3.16051,3.15525,2.23925,2.24089,2.24550,2.24550,2.24385,0.00535,-0.00057,0.00041,0.00206,0.00239,-51.25207,66.00000
3.15031,3.15525,3.15952,3.15294,3.16084,2.24254,2.24550,2.24418,2.24188,2.24353,0.00568,0.00206,0.00304,0.00403,0.00502,-51.25207,67.00000
3.15689,3.15525,3.15689,3.15360,3.15360,2.24353,2.24089,2.24188,2.24583,2.24747,0.00370,0.00173,0.00107,0.00074,0.00666,-51.20744,68.00000
3.16117,3.15327,3.15656,3.15163,3.15196,2.24583,2.24320,2.24616,2.24089,2.24057,0.00337,0.00140,0.00074,0.00239,0.00107,-51.20744,69.00000
3.15130,3.15360,3.15294,3.15821,3.15426,2.24353,2.24254,2.23925,2.24583,2.24385,0.00107,0.00469,0.00272,0.00173,0.00304,-51.30789,70.00000
3.15590,3.15130,3.15229,3.14768,3.15557,2.24385,2.23925,2.24451,2.24254,2.24517,0.00041,0.00502,0.00337,-0.00025,0.00304,-51.30789,71.00000
3.15755,3.15557,3.15492,3.15196,3.15755,2.24221,2.24583,2.24320,2.24813,2.24517,0.00600,0.00337,0.00370,0.00535,0.00469,-51.51320,72.00000
3.15557,3.15557,3.14801,3.15229,3.15097,2.24550,2.24155,2.24221,2.24155,2.24287,0.00535,0.00041,0.00239,0.00502,0.00403,-51.51320,73.00000
3.15163,3.15097,3.15919,3.15064,3.15294,2.24155,2.24550,2.24188,2.24714,2.24089,0.00403,0.00041,0.00107,0.00272,0.00041,-51.46453,74.00000
3.14900,3.15557,3.15590,3.15393,3.15031,2.24353,2.24385,2.24155,2.24583,2.24221,-0.00025,0.00140,-0.00156,0.00041,0.00337,-51.46453,75.00000
3.15294,3.15426,3.15327,3.15229,3.15130,2.24353,2.24353,2.24155,2.24122,2.24517,0.00403,0.00337,0.00436,0.00568,0.00600,-51.38814,76.00000
3.15294,3.14998,3.15064,3.15492,3.15261,2.23925,2.23793,2.24089,2.23859,2.24583,0.00403,0.00337,0.00502,-0.00057,0.00469,-51.38814,77.00000
3.15261,3.15557,3.15590,3.15196,3.14834,2.24188,2.24057,2.24385,2.24188,2.24254,0.00206,0.00337,0.00436,0.00666,0.00041,-51.43161,78.00000
3.14998,3.15097,3.14867,3.15755,3.15623,2.24254,2.24122,2.24089,2.23892,2.24155,0.00370,0.00469,0.00041,0.00370,0.00732,-51.43161,79.00000
3.14834,3.15261,3.15426,3.14933,3.15229,2.24122,2.24385,2.24320,2.24221,2.24089,0.00140,0.00272,0.00469,0.00666,0.00206,-51.77635,80.00000
3.15525,3.15130,3.15097,3.15459,3.14998,2.24287,2.24254,2.24287,2.24451,2.24089,0.00272,0.00502,0.00436,0.00370,0.00436,-51.25096,81.00000
3.15426,3.15229,3.14998,3.14998,3.15590,2.24320,2.24353,2.24254,2.24221,2.24484,0.00436,0.00107,0.00502,0.00370,0.00568,-51.25096,82.00000
3.15426,3.15393,3.15031,3.15492,3.15130,2.24681,2.24385,2.24517,2.24353,2.24188,0.00633,0.00436,0.00074,0.00206,0.00337,-51.25096,83.00000
3.15590,3.15163,3.15130,3.15163,3.14965,2.24287,2.23826,2.24254,2.23925,2.24649,0.00304,0.00633,0.00436,0.00239,0.00140,-51.37922,84.00000
3.14998,3.15031,3.15031,3.15393,3.15064,2.24353,2.24484,2.24616,2.24254,2.24254,0.00272,0.00436,0.00107,0.00600,0.00008,-51.37922,85.00000
3.15196,3.15360,3.14768,3.15163,3.14867,2.24188,2.24287,2.24122,2.24583,2.24451,0.00502,0.00206,0.00502,0.00239,0.00140,-51.73491,86.00000
3.15031,3.14867,3.15097,3.14998,3.15130,2.24155,2.23958,2.24320,2.24451,2.24418,0.00600,0.00403,0.00469,0.00469,0.00502,-51.73491,87.00000
3.15360,3.15788,3.15130,3.15163,3.15294,2.24254,2.24353,2.23925,2.24188,2.24747,0.00041,0.00173,0.00239,0.00436,0.00239,-51.74417,88.00000
3.15426,3.15294,3.15788,3.15261,3.15360,2.24418,2.24451,2.24024,2.24649,2.24780,0.00370,0.00403,0.00568,0.00502,0.00502,-51.74417,89.00000
3.15261,3.14439,3.15393,3.14998,3.15196,2.24451,2.24484,2.24353,2.23958,2.23859,0.00370,0.00272,0.00173,0.00568,0.00008,-50.96096,90.00000
3.15163,3.15031,3.14933,3.15229,3.15196,2.24846,2.24550,2.24484,2.24583,2.24484,0.00469,0.00107,0.00140,0.00304,0.00041,-50.96096,91.00000
3.15557,3.14965,3.15459,3.15097,3.15327,2.24122,2.24517,2.24747,2.24484,2.24155,0.00173,0.00272,0.00239,0.00502,0.00304,-50.63738,92.00000
3.15031,3.15360,3.15525,3.14933,3.15196,2.24616,2.23991,2.24385,2.24550,2.24254,0.00370,0.00140,0.00304,0.00239,0.00600,-50.63738,93.00000
3.15229,3.15557,3.15557,3.14801,3.15557,2.24451,2.24122,2.24484,2.24287,2.24681,0.00370,0.00403,0.00633,0.00239,0.00272,-50.06197,94.00000
3.15031,3.14735,3.14998,3.14933,3.15426,2.24221,2.24254,2.24353,2.24616,2.24747,0.00502,0.00140,0.00304,0.00206,0.00272,-50.06197,95.00000
3.15163,3.15525,3.15821,3.15393,3.14801,2.24780,2.24681,2.24714,2.24780,2.24912,0.00502,0.00074,0.00370,0.00304,0.00206,-50.66143,96.00000
3.14669,3.15327,3.15294,3.15426,3.15229,2.24517,2.24353,2.24320,2.24912,2.24418,0.00074,0.00337,0.00272,0.00699,0.00403,-50.66143,97.00000
3.15163,3.15525,3.15590,3.15229,3.15360,2.24385,2.24681,2.24221,2.24122,2.25010,0.00732,0.00337,0.00272,0.00502,0.00370,-51.08060,98.00000
3.14571,3.14998,3.15459,3.15163,3.15393,2.24714,2.24451,2.24616,2.24418,2.24385,0.00535,0.00403,0.00272,0.00107,0.00304,-51.08060,99.00000
3.14867,3.14801,3.15130,3.15525,3.15426,2.24747,2.24385,2.24681,2.24385,2.24221,0.00568,0.00765,0.00206,0.00272,0.00765,-50.60159,100.00000
3.15360,3.15788,3.15064,3.15294,3.15393,2.24747,2.24616,2.24188,2.24879,2.25076,-0.00057,0.00436,0.00535,0.00239,0.00074,-50.60159,101.00000
3.15163,3.15557,3.15261,3.15492,3.15229,2.24714,2.24385,2.24353,2.24385,2.24484,0.00370,0.00403,0.00272,0.00272,0.00304,-50.68914,102.00000
3.15557,3.14735,3.15492,3.14867,3.15459,2.23925,2.24517,2.25010,2.24780,2.24616,0.00272,0.00436,0.00469,0.00206,0.00633,-50.68914,103.00000
3.15097,3.15886,3.15525,3.15261,3.15229,2.24681,2.24649,2.24583,2.24385,2.24912,0.00140,0.00107,0.00370,0.00436,0.00239,-50.69543,104.00000
3.14834,3.15623,3.15426,3.15426,3.15327,2.24978,2.24714,2.24451,2.24747,2.24583,0.00074,0.00239,0.00206,-0.00222,0.00370,-50.69543,105.00000
3.15031,3.15163,3.14998,3.15229,3.15229,2.24385,2.24583,2.24714,2.24714,2.24188,0.00304,0.00370,0.00469,0.00206,0.00107,-50.01603,106.00000
3.15656,3.15196,3.14933,3.15261,3.15459,2.24484,2.24320,2.24616,2.24221,2.24681,0.00206,0.00140,0.00469,0.00666,0.00008,-50.02208,107.00000
3.15064,3.15689,3.15097,3.14933,3.15525,2.24320,2.24057,2.24616,2.24945,2.24714,0.00206,0.00403,0.00041,0.00304,0.00403,-50.02208,108.00000
3.15722,3.15196,3.14669,3.15261,3.15459,2.24583,2.25043,2.24484,2.24681,2.24353,0.00107,0.00469,0.00403,0.00337,0.00304,-50.02208,109.00000
3.15064,3.15294,3.15261,3.15163,3.15360,2.24254,2.24517,2.24550,2.24287,2.24714,-0.00057,0.00337,0.00304,0.00272,0.00239,-49.70873,110.00000
3.15755,3.14669,3.15064,3.15097,3.15788,2.24320,2.24714,2.24287,2.24484,2.24287,0.00107,0.00502,0.00107,0.00699,0.00206,-49.70873,111.00000
3.15393,3.15722,3.15557,3.15163,3.15590,2.25109,2.24550,2.24418,2.24780,2.24945,0.00403,0.00469,0.00140,0.00008,0.00469,-49.20523,112.00000
3.15525,3.15031,3.15196,3.15459,3.15064,2.24780,2.24320,2.24287,2.24583,2.24583,0.00304,0.00403,0.00469,0.00436,0.00304,-49.20523,113.00000
3.14998,3.15919,3.14538,3.15130,3.15393,2.24879,2.24583,2.24287,2.24583,2.24616,0.00535,0.00140,0.00370,0.00173,0.00436,-48.12413,114.00000
3.15393,3.15163,3.15557,3.14768,3.15097,2.24912,2.24583,2.24550,2.24550,2.24451,0.00140,0.00403,0.00568,0.00304,0.00206,-48.12413,115.00000
3.14637,3.15426,3.14669,3.15064,3.15886,2.24451,2.24385,2.24550,2.24681,2.24747,0.00140,0.00469,-0.00025,0.00600,0.00469,-45.91250,116.00000
3.15492,3.14834,3.15294,3.15327,3.15327,2.24254,2.24517,2.24945,2.24320,2.24221,0.00535,0.00502,0.00173,0.00403,0.00666,-46.58490,117.00000
3.15064,3.15163,3.15360,3.15327,3.14965,2.24681,2.24747,2.24451,2.24681,2.24320,-0.00090,0.00600,0.00403,0.00140,0.00337,-46.58490,118.00000
3.14472,3.15327,3.15656,3.15327,3.15623,2.25109,2.24550,2.24649,2.24879,2.24287,0.00502,0.00600,0.00239,0.00206,-0.00025,-46.58490,119.00000
3.15557,3.15492,3.15590,3.15196,3.15755,2.24451,2.24616,2.24681,2.24813,2.24517,0.00699,0.00732,0.00798,0.00239,0.00074,-46.77274,120.00000
3.14965,3.15459,3.15097,3.15557,3.15327,2.24385,2.24550,2.24583,2.24385,2.24945,0.00436,0.00140,0.00173,0.00206,0.00568,-46.77274,121.00000
3.14571,3.15623,3.15656,3.15360,3.15492,2.24320,2.24747,2.24747,2.24517,2.24583,0.00239,0.00337,0.00633,0.00041,0.00502,-47.95266,122.00000
3.15886,3.15097,3.15130,3.15689,3.15064,2.24550,2.24550,2.24550,2.24813,2.24616,0.00535,0.00370,0.00337,0.00337,0.00107,-47.95266,123.00000
3.15196,3.15327,3.15294,3.15656,3.15097,2.24254,2.24484,2.24155,2.24681,2.24616,0.00140,0.00074,0.00239,-0.00090,0.00535,-48.97040,124.00000
3.15722,3.15130,3.15525,3.15492,3.15064,2.24681,2.24616,2.24681,2.25208,2.24747,0.00469,0.00239,0.00436,0.00304,0.00370,-48.97040,125.00000
3.15656,3.15261,3.15722,3.15064,3.15689,2.25142,2.24846,2.24550,2.24945,2.24846,0.00272,0.00074,0.00436,0.00239,0.00239,-49.42753,126.00000
3.15163,3.15426,3.15590,3.15196,3.14768,2.24978,2.24254,2.24681,2.24616,2.24813,-0.00321,0.00272,0.00370,0.00403,0.00304,-49.42753,127.00000
3.15459,3.15130,3.15590,3.15360,3.15788,2.24813,2.24320,2.24846,2.24649,2.24616,0.00403,0.00535,0.00140,0.00206,0.00173,-49.53860,128.00000
3.15031,3.15360,3.15689,3.15130,3.15360,2.24945,2.24550,2.24649,2.24616,2.25306,0.00239,0.00337,0.00502,0.00436,0.00403,-49.53860,129.00000
3.15590,3.15459,3.15853,3.15590,3.15426,2.24714,2.25142,2.24813,2.24747,2.24846,0.00370,0.00370,0.00633,0.00239,0.00370,-49.76076,130.00000
3.15163,3.16051,3.15130,3.15393,3.14834,2.24550,2.24747,2.24945,2.24978,2.24385,0.00502,0.00107,0.00535,0.00206,0.00600,-49.76076,131.00000
3.14801,3.15492,3.15031,3.15229,3.15229,2.24385,2.24780,2.24385,2.25339,2.24353,0.00337,0.00304,0.00074,0.00370,0.00469,-49.92026,132.00000
3.15525,3.15196,3.15097,3.15031,3.15492,2.24879,2.24649,2.24583,2.24517,2.24846,0.00666,0.00107,0.00239,0.00568,0.00304,-49.92026,133.00000
3.15327,3.15229,3.15426,3.15097,3.15590,2.24583,2.25142,2.24616,2.24714,2.24681,0.00173,0.00239,0.00600,0.00337,0.00206,-50.11448,134.00000
3.15590,3.15327,3.15064,3.15492,3.15294,2.24978,2.24912,2.24879,2.24320,2.25175,0.00600,0.00239,0.00107,0.00304,0.00074,-50.11448,135.00000
3.15327,3.15229,3.15261,3.15525,3.15557,2.25076,2.24846,2.24681,2.24879,2.24649,0.00337,0.00370,0.00041,0.00436,-0.00090,-50.13817,136.00000
3.14998,3.14900,3.15196,3.15229,3.15656,2.25142,2.24813,2.24780,2.24780,2.24945,0.00304,0.00272,0.00436,0.00436,0.00107,-50.13817,137.00000
3.15426,3.15459,3.15459,3.15031,3.15261,2.24945,2.24681,2.24714,2.24681,2.25372,0.00370,0.00074,-0.00189,0.00403,0.00173,-50.65364,138.00000
3.15755,3.15261,3.15788,3.15557,3.16084,2.24583,2.24353,2.24747,2.24616,2.24879,0.00008,0.00633,0.00041,0.00436,0.00272,-50.65364,139.00000
3.15294,3.15327,3.15426,3.15426,3.14965,2.24879,2.24254,2.24780,2.24550,2.25043,0.00370,0.00403,0.00403,0.00239,0.00304,-50.88660,140.00000
3.14867,3.15492,3.15755,3.15130,3.15623,2.24681,2.24484,2.24484,2.25142,2.24846,0.00403,0.00370,0.00239,0.00074,0.00140,-50.88660,141.00000
3.15459,3.15097,3.15196,3.15097,3.15459,2.24945,2.24681,2.25043,2.24813,2.24550,-0.00025,0.00074,0.00206,0.00436,0.00337,-50.96705,142.00000
3.14834,3.15229,3.15590,3.15821,3.15985,2.24681,2.24846,2.24747,2.24846,2.24846,0.00206,-0.00025,0.00469,0.00535,0.00436,-50.96705,143.00000
3.14867,3.15327,3.14472,3.15393,3.15426,2.24583,2.24978,2.24550,2.24747,2.24649,0.00206,0.00337,0.00173,0.00633,0.00469,-50.41195,144.00000
3.15590,3.15294,3.15261,3.15656,3.15327,2.25142,2.24649,2.24418,2.25372,2.25306,0.00173,0.00140,0.00173,0.00304,0.00600,-50.41195,145.00000
3.15327,3.15623,3.15492,3.15590,3.15590,2.24879,2.25109,2.24912,2.24550,2.24451,0.00568,0.00173,0.00074,0.00074,0.00173,-50.34137,146.00000
3.15294,3.15557,3.15656,3.15294,3.15722,2.24978,2.24616,2.24813,2.24813,2.24780,0.00041,0.00041,0.00403,0.00831,0.00600,-50.34137,147.00000
3.15261,3.14998,3.15853,3.15557,3.15327,2.24714,2.24484,2.24846,2.25076,2.24912,0.00798,0.00370,0.00436,0.00206,0.00272,-50.51078,148.00000
3.15788,3.15755,3.15525,3.14998,3.14965,2.24945,2.24780,2.25274,2.24813,2.24945,0.00107,0.00337,0.00173,0.00107,0.00535,-50.51078,149.00000
3.15590,3.15722,3.15130,3.15327,3.15031,2.24517,2.24747,2.24780,2.24879,2.24714,0.00272,0.00633,0.00140,0.00272,0.00436,-50.58466,150.00000
3.14998,3.15557,3.15360,3.15656,3.15294,2.24714,2.25010,2.24780,2.25109,2.24780,0.00535,0.00436,-0.00222,0.00304,0.00568,-50.58466,151.00000
3.15853,3.15557,3.15853,3.15557,3.15722,2.24714,2.24747,2.24747,2.24846,2.24583,0.00436,0.00008,0.00436,0.00272,0.00337,-50.96269,152.00000
3.16314,3.15656,3.15261,3.15656,3.15426,2.24616,2.25109,2.24879,2.25109,2.24418,0.00304,0.00666,0.00370,0.00008,-0.00025,-50.96269,153.00000
3.15656,3.15327,3.16117,3.15130,3.16117,2.24978,2.24550,2.24550,2.24550,2.25076,-0.00123,0.00337,0.00140,0.00272,0.00173,-51.04707,154.00000
3.15919,3.15426,3.15656,3.15229,3.15130,2.24057,2.24681,2.24912,2.24550,2.24714,0.00041,0.00469,0.00173,0.00239,0.00107,-51.04707,155.00000
3.15031,3.15623,3.15722,3.15163,3.15590,2.24714,2.24517,2.24517,2.25076,2.24287,0.00272,0.00469,0.00436,0.00502,0.00272,-50.87708,156.00000
3.15327,3.15031,3.15196,3.15853,3.15360,2.24846,2.24780,2.24418,2.24616,2.25306,0.00206,0.00568,0.00107,-0.00189,0.00502,-50.87708,157.00000
3.15788,3.15196,3.15886,3.15985,3.15722,2.24978,2.24550,2.24517,2.25142,2.25339,0.00272,0.00337,0.00469,0.00337,0.00272,-50.78817,158.00000
3.15557,3.15821,3.15294,3.15525,3.15196,2.24287,2.25142,2.24418,2.24879,2.24747,0.00337,0.00370,0.00074,0.00403,0.00469,-50.78817,159.00000
3.15525,3.15196,3.15393,3.15393,3.15952,2.24978,2.25010,2.24978,2.24320,2.24681,0.00074,0.00272,0.00535,-0.00025,0.00633,-50.51080,160.00000
3.14965,3.15722,3.15492,3.15327,3.15623,2.24681,2.24780,2.24583,2.24583,2.24846,0.00633,0.00666,0.00272,0.00206,0.00140,-50.51080,161.00000
3.15623,3.15294,3.14998,3.15426,3.15426,2.25241,2.25076,2.25109,2.24714,2.24879,0.00140,0.00206,0.00337,0.00206,0.00041,-50.34867,162.00000
3.15459,3.15163,3.15985,3.15261,3.15525,2.24616,2.24912,2.24912,2.24978,2.24616,0.00041,0.00469,0.00074,0.00140,0.00502,-50.34867,163.00000
3.15393,3.15952,3.15426,3.15821,3.15525,2.24780,2.24978,2.25208,2.24517,2.25208,0.00140,0.00206,0.00173,0.00074,0.00403,-49.72301,164.00000
3.15426,3.15722,3.15557,3.15064,3.15492,2.25471,2.24912,2.24747,2.25109,2.25109,0.00272,0.00304,0.00370,-0.00025,0.00304,-49.72301,165.00000
3.15919,3.15689,3.15886,3.15623,3.15557,2.25109,2.24813,2.24978,2.25175,2.25175,0.00239,0.00272,0.00107,0.00370,0.00600,-47.99405,166.00000
3.15722,3.15492,3.15722,3.15623,3.15821,2.24583,2.24747,2.24583,2.25701,2.25372,-0.00057,0.00337,0.00535,0.00568,0.00403,-47.99405,167.00000
3.15821,3.16150,3.15623,3.15393,3.15985,2.25241,2.24813,2.24978,2.25274,2.24714,0.00469,0.00633,0.00403,0.00633,0.00370,-45.85345,168.00000
3.15952,3.15821,3.15689,3.15623,3.15821,2.24813,2.24714,2.24846,2.24945,2.24945,0.00535,0.00272,0.00370,0.00469,0.00469,-45.85345,169.00000
3.15459,3.16182,3.15393,3.15886,3.15360,2.25109,2.24714,2.24714,2.25010,2.25504,0.00173,0.00107,0.00370,0.00140,-0.00156,-46.30139,170.00000
3.15656,3.15886,3.16018,3.15952,3.15985,2.24846,2.24978,2.25109,2.25372,2.25076,0.00831,0.00337,0.00337,0.00239,0.00304,-46.30139,171.00000
3.15919,3.15788,3.15788,3.15525,3.15426,2.25306,2.24978,2.24747,2.25142,2.24221,0.00633,0.00173,-0.00090,0.00008,0.00107,-47.10620,172.00000
3.15755,3.16380,3.15294,3.15393,3.15919,2.24550,2.25372,2.24681,2.25701,2.25438,0.00337,0.00337,0.00337,0.00173,0.00666,-47.10620,173.00000
3.15656,3.16248,3.15229,3.15886,3.15886,2.25076,2.25339,2.25175,2.25109,2.24978,0.00041,0.00074,0.00568,0.00140,0.00206,-47.97803,174.00000
3.15755,3.15229,3.16182,3.15525,3.15525,2.25208,2.25109,2.24945,2.25043,2.25010,0.00239,-0.00090,0.00173,0.00107,0.00502,-47.97803,175.00000
3.16347,3.15853,3.15557,3.15557,3.15886,2.24978,2.24978,2.25570,2.24846,2.24912,0.00239,-0.00123,0.00239,0.00239,0.00370,-48.60807,176.00000
3.15985,3.16314,3.16215,3.15821,3.16150,2.25076,2.25109,2.24912,2.25010,2.24879,0.00206,0.00239,0.00272,0.00765,-0.00057,-48.60807,177.00000
3.16117,3.16577,3.15590,3.15788,3.15623,2.25043,2.25043,2.24747,2.25208,2.25208,0.00107,0.00041,0.00272,-0.00090,0.00370,-49.44477,178.00000
3.16478,3.16051,3.15919,3.15525,3.16215,2.25241,2.25471,2.25306,2.25504,2.25339,-0.00025,0.00798,0.00304,0.00008,0.00272,-49.44477,179.00000
3.15821,3.16314,3.16051,3.15525,3.16018,2.25339,2.25405,2.25109,2.25274,2.24714,0.00535,0.00403,0.00272,0.00239,0.00140,-49.42314,180.00000
3.15788,3.16314,3.16248,3.15853,3.16182,2.25076,2.25701,2.25570,2.25372,2.25208,0.00469,0.00140,0.00206,0.00173,0.00337,-49.42314,181.00000
3.15426,3.16281,3.15557,3.16314,3.15755,2.25537,2.25471,2.25504,2.25471,2.25866,0.00337,0.00337,0.00272,0.00173,0.00304,-49.83841,182.00000
3.15919,3.16478,3.15656,3.16281,3.16117,2.25602,2.25274,2.25866,2.24912,2.25109,0.00469,0.00370,0.00337,0.00140,-0.00255,-49.83841,183.00000
3.16084,3.16413,3.16511,3.16873,3.16084,2.25306,2.25471,2.25471,2.25405,2.25668,0.00272,0.00370,0.00008,0.00370,0.00633,-49.96877,184.00000
3.16709,3.16215,3.16117,3.16150,3.16117,2.25043,2.25208,2.24978,2.25701,2.25602,0.00304,0.00304,0.00304,0.00436,0.00337,-49.96877,185.00000
3.15886,3.16478,3.16676,3.15985,3.15919,2.25339,2.25734,2.25339,2.25175,2.25109,0.00337,0.00041,0.00370,0.00107,0.00666,-50.03289,186.00000
3.16215,3.16248,3.16084,3.16150,3.15886,2.25372,2.25570,2.25076,2.25306,2.25306,0.00140,0.00272,0.00502,0.00173,0.00633,-50.03289,187.00000
3.15952,3.16051,3.16314,3.15985,3.16182,2.25372,2.25142,2.25405,2.25339,2.25076,0.00272,0.00568,0.00173,0.00502,0.00304,-50.31001,188.00000
3.16084,3.16018,3.15656,3.16018,3.16446,2.25274,2.25339,2.25142,2.25701,2.24978,0.00469,0.00633,0.00173,0.00041,0.00107,-50.31001,189.00000
3.15985,3.16413,3.15788,3.16446,3.16215,2.25043,2.25537,2.24945,2.25306,2.25438,-0.00025,0.00304,0.00502,0.00074,0.00239,-50.15785,190.00000
3.16084,3.16413,3.16215,3.15853,3.15821,2.25767,2.24780,2.24945,2.25076,2.25504,0.00568,0.00074,0.00304,0.00107,0.00239,-50.15785,191.00000
3.16215,3.15426,3.15689,3.15952,3.16347,2.25175,2.25208,2.25076,2.25241,2.25274,0.00502,-0.00057,0.00272,0.00600,0.00041,-50.88160,192.00000
3.15623,3.16084,3.15985,3.16182,3.15623,2.25405,2.25076,2.25405,2.25241,2.25306,0.00173,0.00765,0.00107,0.00370,0.00436,-50.88160,193.00000
3.16314,3.15919,3.16281,3.16544,3.16347,2.25306,2.25076,2.25076,2.25142,2.24978,0.00074,0.00239,0.00107,0.00502,0.00008,-50.62517,194.00000
3.16215,3.15821,3.16281,3.16051,3.16117,2.25043,2.25537,2.25142,2.25372,2.25142,0.00304,0.00370,0.00239,0.00272,0.00600,-50.62517,195.00000
3.16478,3.16150,3.16150,3.15590,3.16314,2.25076,2.25010,2.25438,2.24846,2.25010,0.00206,0.00568,0.00008,0.00502,0.00666,-50.96365,196.00000
3.15886,3.16413,3.16347,3.16182,3.16380,2.25241,2.25339,2.25504,2.24747,2.25372,0.00370,-0.00090,0.00074,0.00008,0.00272,-50.96365,197.00000
3.15623,3.15919,3.16182,3.15853,3.15689,2.25274,2.24813,2.24945,2.25109,2.24681,0.00140,0.00008,0.00239,0.00502,0.00206,-51.33742,198.00000
3.16018,3.16215,3.16182,3.15689,3.15360,2.25372,2.25010,2.25076,2.25175,2.25076,0.00140,-0.00189,0.00239,0.00140,0.00041,-51.33742,199.00000
3.16117,3.15919,3.15853,3.15788,3.15821,2.24879,2.25438,2.24846,2.24649,2.24912,0.00041,-0.00025,0.00140,0.00173,0.00337,-51.90073,200.00000
3.15985,3.16150,3.16150,3.15163,3.16051,2.24385,2.24846,2.24879,2.25109,2.24484,0.00436,0.00107,-0.00288,0.00239,0.00206,-51.90073,201.00000
3.15393,3.15985,3.15492,3.15623,3.15590,2.24978,2.24978,2.24978,2.24451,2.24550,0.00239,0.00041,-0.00025,0.00140,0.00140,-51.61709,202.00000
3.15590,3.15689,3.15722,3.16281,3.16544,2.25471,2.25208,2.24846,2.24517,2.24978,0.00370,0.00107,0.00502,0.00272,0.00600,-51.61709,203.00000
3.15459,3.15919,3.15952,3.15590,3.15163,2.24681,2.25142,2.24813,2.24813,2.24912,0.00337,0.00140,0.00304,-0.00057,0.00403,-51.07643,204.00000
3.15590,3.15656,3.15557,3.15788,3.15064,2.24747,2.25076,2.24912,2.24912,2.24879,0.00107,0.00370,0.00173,0.00502,0.00272,-51.07643,205.00000
3.15952,3.15360,3.15952,3.15886,3.15853,2.25405,2.24879,2.25241,2.25076,2.24681,0.00337,0.00337,-0.00057,0.00140,0.00206,-51.11801,206.00000
3.15952,3.15623,3.15590,3.15689,3.15393,2.24385,2.24550,2.25043,2.24747,2.24681,0.00008,0.00304,0.00173,0.00370,0.00206,-51.11801,207.00000
3.15557,3.15459,3.15689,3.15360,3.15426,2.24813,2.24747,2.24451,2.24978,2.24451,0.00370,0.00403,0.00008,-0.00090,0.00140,-51.19130,208.00000
3.16347,3.15985,3.15590,3.15985,3.15623,2.24912,2.25142,2.24681,2.24879,2.24616,0.00304,0.00107,-0.00057,0.00272,0.00239,-51.19130,209.00000
3.15689,3.16248,3.16018,3.15590,3.15722,2.24780,2.24912,2.25274,2.24550,2.24550,0.00074,0.00568,0.00403,0.00140,0.00272,-50.72747,210.00000
3.14834,3.15919,3.15886,3.16117,3.15196,2.24681,2.24681,2.24813,2.24649,2.24320,0.00074,0.00239,-0.00189,0.00633,0.00337,-50.72747,211.00000
3.15426,3.15393,3.15722,3.15886,3.15031,2.24320,2.24747,2.24912,2.24517,2.25109,0.00074,0.00502,0.00370,0.00436,0.00173,-50.61682,212.00000
3.15590,3.16018,3.15689,3.15557,3.15590,2.24780,2.24846,2.25372,2.24287,2.24846,0.00140,0.00008,0.00140,-0.00090,0.00535,-50.61682,213.00000
3.15459,3.15886,3.15722,3.15656,3.15853,2.24780,2.24813,2.25043,2.24978,2.24681,0.00666,0.00239,-0.00025,0.00140,0.00239,-51.15665,214.00000
3.15952,3.16544,3.15689,3.15623,3.16446,2.24714,2.24451,2.24780,2.25241,2.24879,0.00370,0.00107,0.00370,0.00535,-0.00255,-51.15665,215.00000
3.15689,3.15788,3.16051,3.15656,3.15656,2.24747,2.24912,2.24846,2.24616,2.24517,-0.00025,0.00272,0.00206,0.00173,-0.00123,-51.49864,216.00000
3.16018,3.15623,3.15459,3.15557,3.15459,2.24813,2.24912,2.24550,2.25306,2.24385,0.00304,0.00502,0.00370,0.00568,0.00239,-51.49864,217.00000
3.16182,3.16018,3.16182,3.15525,3.15755,2.24616,2.25109,2.24846,2.24846,2.25043,0.00239,-0.00025,0.00337,0.00239,0.00074,-51.08699,218.00000
3.15952,3.15722,3.15755,3.16084,3.15689,2.24649,2.24813,2.24484,2.25109,2.24681,0.00008,-0.00123,0.00173,0.00107,0.00140,-51.08699,219.00000
3.16544,3.15623,3.15327,3.16182,3.15985,2.24517,2.25175,2.24681,2.24846,2.24714,0.00370,0.00272,0.00008,0.00469,0.00436,-51.09575,220.00000
3.16182,3.16117,3.16018,3.15919,3.15722,2.24747,2.24320,2.24616,2.25274,2.24616,0.00370,0.00304,0.00008,0.00041,-0.00025,-51.09575,221.00000
3.15755,3.15689,3.15985,3.16347,3.15853,2.25438,2.24649,2.24813,2.24517,2.24780,0.00436,0.00074,0.00107,0.00074,0.00074,-50.86559,222.00000
3.16117,3.16215,3.16314,3.16051,3.16314,2.24846,2.24517,2.24583,2.25043,2.24846,0.00239,0.00337,-0.00025,0.00239,0.00337,-50.86559,223.00000
3.15788,3.16018,3.15985,3.16248,3.16051,2.25175,2.24681,2.24780,2.24813,2.25339,0.00239,0.00535,0.00140,0.00107,0.00107,-50.77075,224.00000
3.16478,3.16150,3.16215,3.16051,3.16117,2.24945,2.24945,2.24747,2.24616,2.25076,0.00272,0.00370,0.00107,0.00041,0.00239,-50.77075,225.00000
3.15853,3.16314,3.15985,3.16215,3.16281,2.24879,2.24714,2.25043,2.24846,2.24945,-0.00057,0.00436,0.00107,-0.00090,0.00337,-50.97933,226.00000
3.15459,3.16051,3.15722,3.15853,3.16248,2.25208,2.24484,2.24517,2.25241,2.25043,-0.00255,0.00272,0.00107,0.00337,0.00502,-50.97933,227.00000
3.15985,3.16117,3.16347,3.15821,3.15689,2.25635,2.24583,2.25010,2.24780,2.25043,0.00370,0.00272,0.00140,-0.00090,0.00370,-51.13954,228.00000
3.15853,3.16084,3.16577,3.15557,3.15788,2.24681,2.24681,2.24978,2.24418,2.24550,0.00469,-0.00025,0.00041,0.00239,0.00502,-51.13954,229.00000
3.16314,3.16478,3.16478,3.16117,3.16117,2.24813,2.24813,2.24912,2.24780,2.24418,0.00370,-0.00090,0.00272,0.00436,0.00008,-50.82805,230.00000
3.16314,3.16018,3.16413,3.15623,3.15623,2.24747,2.24879,2.24583,2.25142,2.25175,0.00436,0.00272,0.00403,0.00239,0.00140,-50.82805,231.00000
3.16117,3.15853,3.16117,3.16314,3.15064,2.25241,2.25076,2.24945,2.24418,2.24813,0.00107,0.00074,0.00304,0.00370,0.00140,-50.82710,232.00000
3.15853,3.15492,3.16182,3.15492,3.16380,2.24649,2.24978,2.24945,2.25142,2.24846,0.00403,0.00041,0.00206,0.00568,0.00370,-50.82710,233.00000
3.15492,3.16117,3.15952,3.16117,3.16084,2.24649,2.24254,2.24287,2.24978,2.24681,0.00337,0.00436,0.00074,0.00107,0.00173,-50.58070,234.00000
3.15821,3.15689,3.16478,3.16150,3.16347,2.24320,2.24912,2.24846,2.25339,2.24879,0.00469,-0.00025,0.00173,0.00173,0.00074,-50.58070,235.00000
3.15788,3.15788,3.16314,3.15788,3.15821,2.24813,2.24747,2.24583,2.24583,2.24649,0.00403,0.00107,-0.00025,0.00272,0.00206,-51.30184,236.00000
3.16117,3.16906,3.15886,3.15294,3.15886,2.24649,2.24418,2.24451,2.24945,2.25010,0.00239,0.00074,0.00436,-0.00123,0.00206,-51.30184,237.00000
3.15919,3.15853,3.15755,3.15919,3.15821,2.24484,2.25306,2.24484,2.24320,2.24747,0.00370,-0.00189,0.00041,0.00304,0.00041,-51.19504,238.00000
3.16380,3.15821,3.16643,3.16150,3.16380,2.24912,2.24714,2.24945,2.24945,2.24616,-0.00189,0.00469,0.00337,-0.00057,0.00502,-51.19504,239.00000
3.16281,3.15821,3.16413,3.15525,3.16281,2.24780,2.24287,2.25043,2.24846,2.24517,0.00272,0.00633,-0.00222,0.00107,0.00403,-51.08641,240.00000
3.16446,3.16215,3.16051,3.16446,3.15788,2.25076,2.24945,2.24583,2.24451,2.24945,0.00173,0.00272,0.00535,0.00008,0.00272,-51.08641,241.00000
3.15985,3.16643,3.16840,3.15294,3.16182,2.24780,2.24879,2.24616,2.25076,2.24780,-0.00057,0.00502,0.00272,0.00403,0.00304,-51.43391,242.00000
3.16643,3.16511,3.16051,3.16117,3.16215,2.24616,2.25010,2.25043,2.24681,2.25274,0.00008,0.00535,0.00173,0.00173,-0.00123,-51.43391,243.00000
3.15590,3.15821,3.16544,3.15886,3.16215,2.24912,2.24846,2.25043,2.24484,2.25142,-0.00025,0.00107,0.00304,0.00568,0.00403,-51.68511,244.00000
3.16709,3.16446,3.16413,3.16248,3.16544,2.24846,2.24813,2.24418,2.24912,2.25109,-0.00025,-0.00090,0.00140,0.00370,0.00568,-51.68511,245.00000
3.16544,3.16643,3.16446,3.16182,3.16215,2.25010,2.24550,2.24912,2.24747,2.24813,0.00140,0.00403,0.00074,0.00173,0.00337,-51.59378,246.00000
3.16676,3.16413,3.16380,3.16742,3.16182,2.24681,2.25471,2.25043,2.24846,2.24681,0.00304,0.00239,0.00041,-0.00090,0.00173,-51.59378,247.00000
3.16150,3.16018,3.15985,3.15985,3.16314,2.24649,2.24945,2.24780,2.24747,2.24813,0.00173,0.00173,0.00535,0.00140,0.00140,-51.62242,248.00000
3.15656,3.16807,3.16676,3.16774,3.16215,2.24714,2.24747,2.24846,2.24945,2.24714,0.00337,-0.00025,0.00140,0.00436,0.00074,-51.62242,249.00000
3.15886,3.16742,3.16840,3.16248,3.16281,2.24780,2.25175,2.25010,2.24912,2.24747,0.00041,0.00272,0.00074,-0.00222,0.00107,-51.35830,250.00000
3.16215,3.15985,3.16840,3.17070,3.16643,2.24583,2.24879,2.25306,2.25175,2.24517,0.00403,-0.00025,0.00304,0.00337,0.00272,-51.35830,251.00000
3.16018,3.16610,3.16939,3.16182,3.16051,2.24583,2.25043,2.24978,2.24418,2.24978,0.00272,0.00107,0.00436,0.00403,0.00107,-51.37917,252.00000
3.16314,3.16281,3.16643,3.16347,3.16972,2.24484,2.25043,2.25043,2.24550,2.25241,0.00107,0.00140,0.00173,-0.00057,0.00337,-51.37917,253.00000
3.16248,3.16314,3.16709,3.16972,3.16774,2.25241,2.24681,2.24714,2.23925,2.24747,0.00206,0.00469,-0.00156,0.00403,0.00633,-51.13754,254.00000
3.16511,3.16281,3.16215,3.16774,3.17005,2.25339,2.25109,2.24813,2.24879,2.24616,-0.00189,0.00074,0.00272,0.00206,0.00304,-51.13754,255.00000
3.16972,3.16972,3.15919,3.16380,3.16774,2.24747,2.25043,2.24879,2.24583,2.24879,0.00370,-0.00025,-0.00123,0.00140,0.00403,-51.47776,256.00000
3.16873,3.16248,3.16380,3.16807,3.16281,2.25175,2.24879,2.24879,2.24649,2.25109,0.00239,0.00239,0.00272,0.00140,0.00337,-51.47776,257.00000
3.16446,3.16643,3.16676,3.17070,3.16511,2.24747,2.24780,2.24681,2.24583,2.24583,0.00074,0.00535,0.00304,0.00403,0.00337,-51.77294,258.00000
3.16742,3.16873,3.16380,3.16676,3.16478,2.24517,2.24320,2.24353,2.24517,2.24879,0.00568,-0.00025,-0.00025,0.00304,0.00535,-51.77294,259.00000
3.16643,3.17038,3.16742,3.16807,3.16478,2.24945,2.25010,2.24517,2.24714,2.24912,0.00469,0.00008,0.00008,0.00239,-0.00123,-51.38541,260.00000
3.16873,3.16939,3.16314,3.16610,3.16774,2.25076,2.24451,2.24945,2.25306,2.24583,0.00699,0.00272,0.00041,-0.00057,0.00206,-51.38541,261.00000
3.16774,3.16774,3.17202,3.16413,3.16742,2.25010,2.25142,2.24714,2.24681,2.24879,0.00041,0.00206,0.00403,0.00140,0.00074,-51.31586,262.00000
3.16610,3.16676,3.17070,3.17136,3.16478,2.24846,2.25043,2.24649,2.24385,2.25109,0.00206,0.00403,0.00436,0.00370,0.00008,-51.31586,263.00000
3.16807,3.16314,3.16643,3.16511,3.16577,2.24649,2.24846,2.24550,2.25076,2.25142,0.00337,0.00304,0.00074,-0.00057,0.00370,-50.94072,264.00000
3.16774,3.17038,3.16840,3.16150,3.17136,2.24879,2.24879,2.24714,2.24978,2.25043,0.00239,0.00337,0.00337,0.00041,0.00239,-50.94072,265.00000
3.16643,3.17070,3.16577,3.16314,3.17103,2.24681,2.24583,2.24616,2.24320,2.24912,0.00535,0.00633,0.00173,0.00074,-0.00222,-50.93313,266.00000
3.16413,3.16676,3.16774,3.16906,3.16807,2.24188,2.24484,2.24813,2.24714,2.24550,0.00337,0.00469,0.00337,0.00107,0.00206,-50.93313,267.00000
3.16281,3.16939,3.16248,3.16873,3.16906,2.24714,2.24517,2.24616,2.24879,2.25010,0.00008,0.00403,-0.00025,0.00206,0.00140,-50.80438,268.00000
3.16840,3.16742,3.17498,3.16577,3.15985,2.25274,2.24747,2.24714,2.25043,2.24747,0.00699,0.00239,0.00173,0.00239,0.00304,-50.80438,269.00000
3.16610,3.16939,3.16577,3.16215,3.16807,2.24385,2.24747,2.24287,2.24353,2.24583,0.00272,0.00239,0.00173,0.00272,0.00008,-50.59159,270.00000
3.16018,3.16906,3.17235,3.16610,3.16281,2.24451,2.24681,2.24583,2.24057,2.24353,0.00272,0.00173,0.00304,0.00568,0.00633,-50.59159,271.00000
3.16972,3.16577,3.16182,3.16643,3.17136,2.24188,2.25208,2.24912,2.25010,2.25109,0.00239,0.00107,0.00272,0.00206,0.00272,-50.36835,272.00000
3.16544,3.16774,3.17136,3.17202,3.16972,2.24649,2.24649,2.24978,2.24517,2.24978,-0.00189,0.00666,0.00239,0.00370,0.00304,-50.36835,273.00000
3.16906,3.16906,3.17202,3.16610,3.16972,2.24649,2.25010,2.24813,2.25142,2.24780,0.00140,0.00403,0.00239,0.00173,0.00403,-50.49622,274.00000
3.16972,3.16807,3.16610,3.17038,3.17662,2.25076,2.24550,2.24978,2.24846,2.24616,0.00403,0.00272,0.00239,0.00502,0.00206,-50.49622,275.00000
3.16643,3.16972,3.17005,3.16873,3.17366,2.25274,2.24945,2.24681,2.24616,2.25142,0.00436,0.00666,-0.00123,0.00140,0.00008,-50.87932,276.00000
3.16511,3.17169,3.17235,3.16939,3.17038,2.24846,2.24681,2.24780,2.24616,2.24714,0.00107,0.00272,0.00239,0.00008,0.00206,-50.87932,277.00000
3.17136,3.17334,3.17498,3.17334,3.16906,2.24912,2.24846,2.25241,2.24813,2.24846,0.00107,0.00337,0.00074,0.00337,0.00469,-50.63829,278.00000
3.17301,3.17334,3.17597,3.17761,3.17366,2.24616,2.25241,2.25372,2.24978,2.24616,0.00568,-0.00025,0.00107,0.00337,0.00272,-50.63829,279.00000
3.16939,3.17268,3.17103,3.16610,3.16643,2.24649,2.24879,2.25208,2.25043,2.24846,0.00436,-0.00189,-0.00025,0.00831,0.00074,-50.92683,280.00000
3.17005,3.17399,3.17761,3.17432,3.17103,2.25241,2.25076,2.24616,2.24879,2.24879,-0.00090,0.00239,-0.00057,0.00370,0.00107,-50.92683,281.00000
3.17268,3.16478,3.17958,3.17235,3.17399,2.25109,2.25372,2.24978,2.24583,2.25175,-0.00025,0.00008,0.00107,0.00403,0.00173,-50.94504,282.00000
3.17366,3.17564,3.17235,3.17202,3.17531,2.24945,2.25043,2.25175,2.24780,2.24846,0.00107,0.00041,0.00107,-0.00057,0.00074,-50.72931,283.00000
3.17597,3.16873,3.17958,3.17169,3.17531,2.25471,2.25142,2.24879,2.24879,2.25109,0.00008,0.00370,0.00403,0.00107,0.00107,-50.72931,284.00000
3.17334,3.17531,3.17465,3.17301,3.17893,2.24846,2.24813,2.24813,2.24978,2.24780,0.00041,-0.00090,0.00272,-0.00189,0.00403,-50.72931,285.00000
3.17893,3.17070,3.17268,3.16774,3.17070,2.25076,2.24879,2.24879,2.24945,2.25175,0.00436,0.00304,0.00206,0.00074,0.00337,-51.05424,286.00000
3.17169,3.17728,3.17268,3.16577,3.17399,2.25438,2.24780,2.25175,2.24780,2.25175,0.00272,0.00173,0.00239,0.00469,0.00008,-51.05424,287.00000
3.17860,3.17432,3.17860,3.17268,3.17268,2.24517,2.25043,2.25109,2.24813,2.25175,-0.00189,0.00107,0.00239,0.00239,0.00140,-51.27412,288.00000
3.17531,3.17038,3.17465,3.17235,3.17564,2.24517,2.24681,2.24583,2.24846,2.24846,0.00699,0.00370,0.00370,-0.00025,0.00008,-51.27412,289.00000
3.18024,3.17432,3.17827,3.17169,3.17235,2.24912,2.24912,2.24649,2.25010,2.24583,0.00304,-0.00189,0.00206,0.00370,0.00173,-51.23515,290.00000
3.17531,3.17334,3.18090,3.17630,3.17662,2.24846,2.24912,2.24780,2.24879,2.24550,0.00008,0.00173,0.00403,-0.00255,0.00107,-51.23515,291.00000
3.16544,3.17958,3.17136,3.17334,3.17761,2.24517,2.24912,2.25339,2.24747,2.24846,0.00337,0.00140,0.00173,0.00074,-0.00156,-51.75117,292.00000
3.17761,3.17399,3.16709,3.17136,3.17695,2.24978,2.24978,2.25274,2.24320,2.24846,0.00008,0.00140,0.00272,0.00535,0.00370,-51.75117,293.00000
3.17827,3.17926,3.17761,3.17235,3.17498,2.24945,2.25043,2.24978,2.24649,2.24879,0.00206,0.00568,0.00272,0.00173,0.00140,-51.75827,294.00000
3.17761,3.17005,3.18386,3.17827,3.17926,2.25043,2.24978,2.24846,2.25142,2.24616,0.00074,0.00074,0.00337,0.00041,0.00272,-51.75827,295.00000
3.17630,3.17531,3.18287,3.17432,3.17662,2.25010,2.24649,2.24451,2.24780,2.24714,0.00666,0.00304,0.00600,0.00469,0.00304,-51.36423,296.00000
3.17432,3.17827,3.17630,3.17630,3.17399,2.24649,2.25208,2.25438,2.24879,2.24813,0.00239,0.00008,0.00272,0.00272,-0.00057,-51.36423,297.00000
3.17334,3.18452,3.18254,3.17301,3.17794,2.25010,2.24846,2.25109,2.24451,2.25142,0.00239,-0.00025,0.00535,0.00535,0.00206,-51.31965,298.00000
3.17465,3.17761,3.17926,3.17597,3.17991,2.24879,2.24879,2.24912,2.25175,2.24945,0.00041,0.00272,0.00107,0.00008,0.00008,-51.31965,299.00000
3.17564,3.17926,3.17564,3.18485,3.17761,2.24714,2.25372,2.25043,2.24583,2.24649,0.00272,0.00206,0.00337,-0.00090,0.00140,-51.74565,300.00000
3.17794,3.17695,3.18189,3.17695,3.17794,2.25076,2.24517,2.25175,2.24846,2.25142,-0.00090,0.00403,0.00074,0.00502,0.00535,-51.74565,301.00000
3.17926,3.17761,3.18024,3.17827,3.17597,2.24978,2.25142,2.24945,2.24550,2.25076,0.00173,0.00206,-0.00189,0.00798,0.00008,-51.49254,302.00000
3.18057,3.18024,3.17465,3.18222,3.17991,2.24550,2.24747,2.24813,2.24714,2.24846,0.00107,0.00008,0.00304,0.00239,0.00469,-51.49254,303.00000
3.18485,3.18189,3.18090,3.17695,3.18090,2.24846,2.24780,2.24451,2.25208,2.24945,0.00600,0.00535,0.00633,0.00272,0.00173,-51.28800,304.00000
3.17695,3.17893,3.17728,3.17860,3.17761,2.25109,2.25208,2.24616,2.24517,2.25274,0.00272,0.00403,0.00074,0.00469,-0.00025,-51.28800,305.00000
3.18090,3.17498,3.18320,3.17827,3.17728,2.25109,2.24550,2.24385,2.25241,2.24945,0.00206,0.00173,0.00206,0.00206,0.00436,-51.17930,306.00000
3.17662,3.18090,3.17926,3.17827,3.17630,2.24978,2.24780,2.24879,2.24846,2.24813,0.00107,0.00074,0.00304,0.00370,0.00140,-51.17930,307.00000
3.17926,3.17958,3.17728,3.17662,3.18353,2.25043,2.24583,2.24912,2.24747,2.24912,0.00272,0.00206,0.00173,0.00502,0.00173,-51.20450,308.00000
3.17761,3.17564,3.17958,3.17991,3.18616,2.24912,2.24780,2.25010,2.24879,2.24649,0.00107,0.00041,0.00206,0.00600,-0.00057,-51.20450,309.00000
3.17531,3.17531,3.17958,3.18057,3.17564,2.24846,2.25208,2.25076,2.24747,2.24846,0.00107,0.00140,0.00272,-0.00025,0.00370,-51.53216,310.00000
3.17564,3.18649,3.18024,3.18024,3.18057,2.25010,2.25010,2.24681,2.24550,2.24945,-0.00025,0.00041,0.00041,0.00041,0.00041,-51.53216,311.00000
3.17465,3.17926,3.17597,3.17893,3.17761,2.24320,2.24418,2.24418,2.24747,2.24747,0.00173,0.00403,0.00304,0.00107,0.00568,-51.46903,312.00000
3.17597,3.18090,3.17926,3.18156,3.17432,2.24978,2.24846,2.25010,2.25241,2.25142,0.00107,0.00041,0.00568,0.00173,-0.00090,-51.46903,313.00000
3.18057,3.17630,3.17926,3.18090,3.18189,2.25076,2.25241,2.25306,2.24353,2.24550,-0.00222,0.00107,0.00436,0.00436,0.00469,-52.07962,314.00000
3.18682,3.17827,3.18879,3.17597,3.18254,2.24978,2.25043,2.25142,2.24945,2.24978,0.00107,0.00140,0.00041,0.00140,0.00469,-52.07962,315.00000
3.17794,3.18090,3.18057,3.17827,3.18550,2.24978,2.24879,2.24484,2.24978,2.24912,-0.00025,-0.00025,0.00568,-0.00156,0.00239,-51.76727,316.00000
3.18879,3.18189,3.18090,3.17662,3.18320,2.24846,2.24813,2.24912,2.25076,2.24451,0.00008,0.00337,0.00008,0.00008,-0.00025,-51.24491,317.00000
3.18090,3.18057,3.17728,3.18452,3.17926,2.24484,2.24813,2.24681,2.24945,2.24057,-0.00222,0.00469,-0.00222,0.00107,0.00304,-51.24491,318.00000
3.18222,3.18057,3.18057,3.18550,3.17958,2.24978,2.25109,2.24714,2.25372,2.24451,0.00272,0.00173,0.00206,0.00041,-0.00090,-51.51028,319.00000
3.17926,3.17827,3.17991,3.17893,3.18518,2.24649,2.24879,2.24879,2.24945,2.24813,0.00633,0.00107,0.00173,-0.00057,0.00370,-51.51028,320.00000
3.18254,3.18583,3.18649,3.18287,3.17432,2.25043,2.24616,2.24484,2.24649,2.24747,0.00469,-0.00321,0.00370,0.00370,0.00041,-51.51028,321.00000
3.17926,3.18320,3.18419,3.18189,3.18386,2.24714,2.24714,2.25076,2.24714,2.24912,0.00041,0.00074,0.00140,-0.00156,-0.00057,-51.39911,322.00000
3.18090,3.17860,3.18649,3.17630,3.17662,2.25076,2.24353,2.24780,2.24879,2.24780,0.00173,0.00403,0.00008,0.00173,0.00337,-51.39911,323.00000
3.18847,3.17958,3.18814,3.18419,3.18419,2.24681,2.24287,2.24945,2.25109,2.24616,0.00008,0.00502,0.00107,0.00173,-0.00321,-51.23059,324.00000
3.17958,3.18550,3.18419,3.18353,3.18814,2.24747,2.24846,2.24649,2.25076,2.24681,0.00304,-0.00189,-0.00057,0.00140,-0.00123,-51.23059,325.00000
3.18485,3.18189,3.17991,3.18024,3.18320,2.25208,2.24681,2.25175,2.24681,2.24353,0.00337,-0.00321,0.00304,0.00041,0.00436,-51.39656,326.00000
3.18090,3.18353,3.18386,3.18353,3.18090,2.24287,2.24846,2.24714,2.24912,2.24681,0.00239,-0.00123,0.00140,0.00272,0.00107,-51.39656,327.00000
3.18814,3.18847,3.18156,3.17958,3.18945,2.24451,2.24846,2.25076,2.24780,2.25306,-0.00025,0.00469,0.00272,0.00272,0.00074,-51.23052,328.00000
3.18287,3.18419,3.18254,3.17827,3.18485,2.24451,2.24583,2.24418,2.25010,2.24846,0.00535,0.00436,0.00403,0.00370,-0.00025,-51.23052,329.00000
3.18254,3.18419,3.17958,3.18189,3.17860,2.24846,2.25175,2.25208,2.24714,2.24945,0.00140,0.00206,0.00370,0.00107,0.00272,-50.96032,330.00000
3.17926,3.18781,3.18222,3.18847,3.18550,2.24813,2.25043,2.25076,2.24945,2.24484,-0.00090,0.00173,0.00206,0.00272,0.00008,-50.96032,331.00000
3.18057,3.18090,3.18583,3.19274,3.18814,2.24747,2.24714,2.24681,2.24681,2.24583,0.00140,0.00370,0.00008,-0.00025,0.00403,-51.21476,332.00000
3.18814,3.18682,3.18715,3.18287,3.17860,2.24714,2.24681,2.25010,2.24978,2.24517,0.00272,0.00436,0.00206,0.00239,0.00403,-51.21476,333.00000
3.18748,3.18189,3.18386,3.18847,3.18090,2.25043,2.24813,2.24649,2.24681,2.25010,-0.00090,0.00403,0.00239,0.00633,0.00140,-51.27371,334.00000
3.18452,3.18748,3.19110,3.18682,3.18189,2.24550,2.24616,2.24484,2.24780,2.24780,0.00272,0.00436,0.00140,0.00239,0.00272,-51.27371,335.00000
3.18518,3.18518,3.18847,3.18090,3.18879,2.23925,2.24747,2.24879,2.24747,2.25010,0.00008,0.00337,0.00008,0.00173,0.00239,-51.09491,336.00000
3.18419,3.18353,3.18386,3.18748,3.18649,2.24747,2.24649,2.24681,2.25175,2.24846,-0.00189,0.00469,0.00436,0.00304,0.00239,-51.09491,337.00000
3.18649,3.18616,3.18616,3.18419,3.18353,2.24254,2.24583,2.24550,2.24517,2.24287,0.00206,0.00008,0.00239,0.00173,-0.00156,-51.07987,338.00000
3.18879,3.18649,3.19077,3.19175,3.18583,2.24681,2.24484,2.25109,2.24912,2.24747,-0.00090,-0.00090,0.00041,0.00041,0.00337,-51.07987,339.00000
3.19175,3.18320,3.18485,3.18452,3.18583,2.25109,2.24649,2.25142,2.25010,2.24418,0.00173,0.00502,0.00140,-0.00025,0.00140,-51.37096,340.00000
3.18715,3.18287,3.18485,3.18748,3.19340,2.24550,2.24517,2.24616,2.24649,2.24649,0.00239,-0.00123,0.00272,0.00173,0.00041,-51.37096,341.00000
3.18814,3.18386,3.18649,3.18583,3.18254,2.24945,2.24385,2.24879,2.24681,2.24780,0.00633,-0.00025,0.00502,0.00173,-0.00025,-51.11254,342.00000
3.18814,3.18748,3.18682,3.18254,3.19077,2.24681,2.24681,2.24978,2.24681,2.25142,-0.00025,0.00403,0.00107,-0.00057,0.00304,-51.11254,343.00000
3.19143,3.19077,3.18879,3.19208,3.18847,2.24320,2.24616,2.24418,2.24057,2.24978,0.00436,0.00140,0.00239,0.00304,-0.00057,-50.84423,344.00000
3.18912,3.18583,3.19570,3.18748,3.18583,2.24517,2.24254,2.24912,2.24813,2.24945,0.00206,0.00041,-0.00057,0.00239,0.00337,-50.84423,345.00000
3.18485,3.18945,3.18715,3.18978,3.19241,2.25043,2.24747,2.25241,2.24780,2.24451,0.00140,0.00008,-0.00025,0.00403,-0.00123,-51.35384,346.00000
3.19110,3.19406,3.18945,3.19241,3.19175,2.24550,2.24813,2.24978,2.24089,2.24418,0.00337,-0.00057,0.00173,0.00041,0.00173,-51.35384,347.00000
3.19011,3.19471,3.19208,3.18847,3.19208,2.24583,2.24550,2.25142,2.24583,2.24846,0.00469,0.00239,0.00272,0.00272,0.00272,-51.10438,348.00000
3.18945,3.19307,3.19373,3.18978,3.19274,2.25010,2.25010,2.24747,2.24747,2.24583,0.00206,0.00173,0.00140,0.00568,0.00304,-51.10438,349.00000
3.19077,3.19340,3.18978,3.19077,3.18748,2.24747,2.24550,2.24517,2.25241,2.24747,0.00140,0.00337,0.00272,0.00469,-0.00222,-51.49960,350.00000
3.18452,3.19439,3.19307,3.18814,3.19208,2.25010,2.24550,2.24978,2.24649,2.25043,0.00568,0.00239,0.00008,0.00173,0.00337,-51.49960,351.00000
3.19406,3.19340,3.19175,3.19340,3.19439,2.24583,2.24681,2.24517,2.24813,2.24451,0.00074,0.00370,0.00403,0.00337,0.00633,-51.67193,352.00000
3.19735,3.19143,3.19603,3.19636,3.19866,2.25109,2.24714,2.25175,2.24649,2.24978,-0.00025,0.00436,0.00074,0.00173,0.00173,-51.67193,353.00000
3.19011,3.19406,3.18912,3.19537,3.19110,2.24747,2.24649,2.24912,2.25076,2.24649,0.00140,0.00370,0.00337,0.00403,0.00436,-51.26599,354.00000
3.19537,3.19570,3.19636,3.19735,3.19636,2.24714,2.24813,2.24714,2.25076,2.24813,0.00140,0.00173,0.00239,-0.00057,0.00304,-51.26599,355.00000
3.19702,3.19800,3.20327,3.19866,3.19866,2.24846,2.25010,2.25241,2.25043,2.24978,0.00304,0.00173,0.00008,0.00272,0.00502,-51.20044,356.00000
3.19833,3.19800,3.19833,3.19537,3.19340,2.24681,2.24747,2.24879,2.25010,2.24813,0.00469,0.00370,0.00403,0.00206,0.00272,-51.20044,357.00000
3.19373,3.19669,3.19767,3.20031,3.19636,2.24649,2.24945,2.24649,2.24912,2.24978,0.00436,0.00337,0.00107,0.00403,0.00041,-51.22021,358.00000
3.19932,3.19767,3.20063,3.20031,3.20129,2.24813,2.24780,2.24583,2.24846,2.24616,0.00370,-0.00025,-0.00090,0.00206,-0.00255,-51.22021,359.00000
3.19406,3.20294,3.19143,3.19965,3.19307,2.25010,2.24550,2.25175,2.24714,2.24912,-0.00255,0.00041,-0.00057,0.00666,0.00107,-51.38965,360.00000
3.20096,3.20063,3.19932,3.19175,3.19932,2.24945,2.24945,2.25010,2.25142,2.24912,0.00502,0.00272,0.00008,0.00074,0.00074,-51.38965,361.00000
3.20162,3.20031,3.19636,3.19998,3.19504,2.25010,2.24846,2.24484,2.24879,2.24747,0.00370,0.00041,0.00436,0.00173,0.00337,-51.31543,362.00000
3.19669,3.20031,3.19800,3.19965,3.19800,2.25635,2.24879,2.24879,2.24681,2.24879,0.00008,0.00206,0.00436,0.00140,-0.00025,-51.31543,363.00000
3.20261,3.20063,3.19998,3.19636,3.20359,2.24681,2.24978,2.24846,2.24945,2.25076,-0.00255,0.00370,0.00337,0.00239,0.00239,-51.37337,364.00000
3.19965,3.20853,3.20031,3.20590,3.19932,2.25471,2.25010,2.25339,2.24813,2.24912,0.00370,0.00436,0.00403,0.00337,0.00140,-51.37337,365.00000
3.20359,3.19767,3.20096,3.20228,3.20228,2.25142,2.24912,2.24846,2.24550,2.25241,0.00041,0.00173,0.00403,0.00403,-0.00025,-51.06532,366.00000
3.20425,3.20491,3.20590,3.19866,3.20655,2.24583,2.24846,2.25109,2.24912,2.24879,0.00469,0.00173,0.00107,0.00436,0.00304,-51.06532,367.00000
3.20195,3.20261,3.20754,3.20129,3.19866,2.24714,2.24945,2.24978,2.25175,2.24912,-0.00025,-0.00123,0.00502,-0.00123,0.00502,-50.64185,368.00000
3.19669,3.20655,3.20721,3.20359,3.19998,2.25241,2.24550,2.24879,2.24813,2.25175,0.00337,0.00140,0.00403,0.00140,0.00272,-50.64185,369.00000
3.20228,3.19965,3.20557,3.20129,3.20721,2.24978,2.24681,2.24780,2.24780,2.24451,0.00304,0.00140,0.00041,0.00206,0.00304,-50.88526,370.00000
3.20688,3.20096,3.20392,3.20392,3.20425,2.24879,2.24978,2.24813,2.24813,2.24813,0.00272,0.00140,0.00206,-0.00057,0.00140,-50.88526,371.00000
3.19998,3.20228,3.20162,3.19998,3.20524,2.24780,2.25241,2.25241,2.24846,2.24945,-0.00025,0.00272,0.00304,0.00173,0.00239,-51.55860,372.00000
3.20458,3.20031,3.19965,3.20228,3.20129,2.24451,2.25109,2.25405,2.25010,2.24846,0.00370,0.00239,0.00403,0.00370,-0.00123,-51.55860,373.00000
3.20261,3.20721,3.19833,3.20491,3.20392,2.24780,2.24517,2.25076,2.25043,2.24747,0.00304,0.00568,-0.00090,0.00074,0.00337,-51.09603,374.00000
3.20491,3.20754,3.20359,3.20096,3.20228,2.25306,2.24813,2.25241,2.25142,2.24846,0.00502,0.00173,0.00436,0.00864,0.00239,-51.09603,375.00000
3.20688,3.19932,3.20458,3.20491,3.20261,2.24714,2.24945,2.24649,2.24780,2.25274,0.00568,0.00633,-0.00057,0.00304,0.00107,-51.15712,376.00000
3.20590,3.21248,3.20754,3.20261,3.20919,2.24846,2.24813,2.24484,2.24583,2.25010,0.00469,0.00304,0.00403,0.00041,0.00239,-51.15712,377.00000
3.20162,3.20688,3.20984,3.20655,3.20491,2.25372,2.25076,2.24550,2.24616,2.25241,0.00041,0.00173,0.00699,0.00370,0.00173,-51.44524,378.00000
3.20261,3.20919,3.20294,3.20623,3.20392,2.25043,2.24681,2.24484,2.24714,2.24681,0.00239,0.00239,0.00337,0.00107,0.00502,-51.17183,379.00000
3.20491,3.20787,3.20392,3.20524,3.21313,2.25208,2.24517,2.24418,2.24714,2.25339,0.00239,0.00239,0.00469,0.00173,0.00107,-51.17183,380.00000
3.20721,3.20688,3.20162,3.21149,3.20425,2.24945,2.24813,2.24780,2.24649,2.24616,0.00107,0.00239,0.00206,0.00206,0.00107,-51.17183,381.00000
3.20359,3.20951,3.20655,3.20294,3.20327,2.25142,2.24747,2.25043,2.24978,2.24945,0.00469,-0.00090,0.00107,0.00239,-0.00123,-51.26299,382.00000
3.20951,3.20458,3.20787,3.20294,3.20557,2.25010,2.24879,2.24912,2.25471,2.25142,0.00304,0.00370,0.00272,0.00206,0.00600,-51.26299,383.00000
3.21149,3.20261,3.21149,3.20294,3.20853,2.24945,2.24616,2.24484,2.24681,2.25372,0.00304,0.00502,0.00403,0.00074,-0.00090,-50.73457,384.00000
3.20886,3.20458,3.20721,3.20623,3.20688,2.24780,2.24681,2.24813,2.24353,2.24385,0.00173,0.00370,0.00403,0.00206,-0.00288,-50.73457,385.00000
3.20195,3.20820,3.20392,3.20228,3.20721,2.24616,2.25043,2.25306,2.24681,2.24879,0.00535,0.00304,0.00107,0.00272,0.00206,-50.89336,386.00000
3.20327,3.20491,3.20787,3.20984,3.20886,2.25175,2.24649,2.24320,2.24846,2.24879,0.00304,0.00436,0.00239,-0.00025,0.00074,-50.89336,387.00000
3.20327,3.20853,3.21083,3.20853,3.20754,2.24517,2.24484,2.25043,2.24912,2.24747,0.00173,0.00337,-0.00090,0.00206,0.00107,-51.02038,388.00000
3.20524,3.20820,3.20524,3.20820,3.20886,2.24978,2.24714,2.25109,2.25010,2.24517,-0.00156,0.00107,0.00239,0.00206,0.00239,-51.02038,389.00000
3.20919,3.20984,3.20688,3.20688,3.21905,2.24780,2.24846,2.24747,2.24846,2.24945,0.00239,0.00403,0.00041,0.00337,0.00173,-50.66560,390.00000
3.20557,3.21215,3.21050,3.21280,3.21280,2.25109,2.24978,2.24583,2.24978,2.25241,0.00403,0.00206,0.00370,0.00272,0.00206,-50.66560,391.00000
3.21215,3.20327,3.20458,3.21017,3.21017,2.25142,2.24714,2.25043,2.24978,2.24714,0.00502,0.00337,0.00074,0.00206,0.00403,-51.23312,392.00000
3.21017,3.20754,3.21609,3.21182,3.20853,2.24912,2.25175,2.25076,2.24912,2.24714,0.00337,0.00239,0.00272,-0.00090,0.00140,-51.23312,393.00000
3.20984,3.20820,3.21609,3.21149,3.21313,2.24945,2.25043,2.24583,2.24945,2.25339,0.00304,0.00140,0.00568,0.00008,-0.00123,-50.93927,394.00000
3.20721,3.20919,3.20919,3.21116,3.21511,2.25043,2.24879,2.25208,2.24550,2.24780,-0.00057,0.00140,-0.00156,0.00535,0.00107,-50.93927,395.00000
3.20951,3.21248,3.21116,3.21938,3.20754,2.24714,2.24747,2.25076,2.24846,2.25241,0.00370,-0.00090,0.00502,0.00469,0.00337,-50.81824,396.00000
3.21412,3.21116,3.21215,3.21576,3.21774,2.24681,2.24945,2.25076,2.24780,2.24879,0.00173,0.00732,0.00370,0.00239,-0.00123,-50.63175,397.00000
3.21313,3.21346,3.21379,3.21511,3.21708,2.24846,2.25076,2.24978,2.24714,2.25010,0.00008,0.00107,-0.00090,-0.00189,-0.00156,-50.63175,398.00000
3.21379,3.21609,3.21544,3.20886,3.20984,2.24616,2.24879,2.25076,2.24517,2.24484,0.00107,0.00107,0.00107,0.00699,0.00633,-50.63175,399.00000
3.21346,3.21675,3.21576,3.21412,3.21609,2.25043,2.25142,2.24846,2.25208,2.25602,0.00074,0.00337,0.00173,0.00107,0.00666,-50.95177,400.00000
3.21215,3.21379,3.22267,3.21971,3.21576,2.25175,2.25241,2.24714,2.24813,2.24978,0.00041,0.00600,0.00304,0.00107,0.00469,-50.95177,401.00000
3.21215,3.21346,3.21478,3.21544,3.21379,2.24879,2.25471,2.24780,2.24780,2.24484,-0.00057,0.00239,0.00403,0.00502,0.00370,-50.74356,402.00000
3.21412,3.21544,3.21478,3.21511,3.21642,2.24550,2.24649,2.25142,2.25208,2.24813,0.00600,0.00206,0.00403,0.00502,0.00140,-50.74356,403.00000
3.21872,3.21544,3.21412,3.21412,3.21708,2.24912,2.25175,2.25010,2.24780,2.24879,0.00272,0.00272,-0.00189,0.00436,0.00206,-50.52826,404.00000
3.22103,3.21215,3.21905,3.21544,3.21642,2.25076,2.25109,2.25076,2.24912,2.24846,0.00074,-0.00025,-0.00025,0.00535,0.00074,-50.52826,405.00000
3.21511,3.21872,3.21675,3.21971,3.21149,2.25142,2.25175,2.24846,2.25010,2.24616,0.00239,0.00239,0.00337,0.00206,0.00272,-49.89970,406.00000
3.21905,3.22103,3.22563,3.22037,3.21807,2.25010,2.25076,2.25274,2.24385,2.25537,-0.00057,0.00041,0.00140,0.00107,0.00436,-49.89970,407.00000
3.21971,3.21971,3.21609,3.21840,3.21905,2.24616,2.24978,2.25010,2.25043,2.24550,0.00107,0.00403,-0.00123,-0.00025,-0.00090,-49.45299,408.00000
3.21840,3.22103,3.22136,3.21511,3.21741,2.25241,2.24846,2.25142,2.24813,2.25043,0.00732,-0.00025,0.00337,0.00206,0.00140,-49.45299,409.00000
3.21346,3.22004,3.22399,3.21840,3.21905,2.25339,2.24912,2.25175,2.24912,2.25274,0.00239,0.00272,0.00304,0.00206,0.00239,-48.34464,410.00000
3.21872,3.22333,3.21971,3.21774,3.22070,2.24780,2.24978,2.25043,2.25339,2.24813,0.00272,0.00107,-0.00025,0.00239,0.00370,-48.34464,411.00000
3.22399,3.22399,3.21938,3.21938,3.22004,2.24846,2.25142,2.24813,2.25142,2.24714,0.00041,0.00436,-0.00025,0.00337,0.00568,-47.55202,412.00000
3.22530,3.22168,3.21872,3.21807,3.22432,2.25602,2.24813,2.24681,2.25010,2.25635,0.00403,0.00272,0.00041,0.00107,0.00140,-47.55202,413.00000
3.22103,3.22366,3.21708,3.22629,3.22070,2.25306,2.25010,2.25109,2.25109,2.25010,0.00041,0.00304,0.00337,0.00732,0.00140,-45.35369,414.00000
3.22234,3.22399,3.21872,3.22070,3.22497,2.24846,2.25043,2.25471,2.25274,2.25076,0.00008,0.00502,0.00173,0.00107,0.00798,-45.35369,415.00000
3.22201,3.21872,3.21905,3.22399,3.22234,2.25274,2.25306,2.24879,2.24714,2.25043,-0.00386,0.00535,0.00008,0.00239,0.00074,-43.38684,416.00000
3.22168,3.22366,3.22136,3.22563,3.22629,2.25043,2.24714,2.24747,2.24978,2.25076,0.00074,0.00074,0.00041,0.00140,0.00337,-43.38684,417.00000
3.22037,3.22168,3.22070,3.21938,3.22300,2.24945,2.24813,2.25076,2.25010,2.25471,0.00304,-0.00025,0.00272,0.00239,0.00600,-44.41935,418.00000
3.22662,3.22793,3.22563,3.22070,3.22596,2.25241,2.25109,2.24846,2.24583,2.25142,-0.00222,0.00370,0.00239,0.00140,-0.00288,-44.41935,419.00000
3.22497,3.22333,3.22399,3.22300,3.21774,2.25274,2.25175,2.25010,2.25175,2.25241,-0.00025,0.00041,0.00568,0.00403,0.00272,-45.72944,420.00000
3.22958,3.22530,3.22004,3.22662,3.22333,2.25109,2.24418,2.25208,2.24879,2.25241,0.00107,0.00666,0.00403,0.00436,0.00074,-45.72944,421.00000
3.22168,3.22464,3.22300,3.22399,3.22234,2.24550,2.25274,2.24879,2.25405,2.24879,0.00272,0.00765,0.00140,0.00074,0.00502,-47.39384,422.00000
3.22826,3.22366,3.23056,3.23122,3.22464,2.25142,2.24714,2.25668,2.25668,2.25043,0.00337,0.00239,0.00041,-0.00123,0.00008,-47.39384,423.00000
3.22760,3.22530,3.21872,3.22432,3.22760,2.25241,2.25142,2.24320,2.25010,2.24813,0.00074,0.00041,-0.00025,0.00272,0.00206,-48.44648,424.00000
3.22070,3.22103,3.22103,3.21872,3.22728,2.24945,2.25471,2.24846,2.25109,2.24945,0.00765,0.00403,0.00535,0.00074,0.00173,-48.44648,425.00000
3.23155,3.22596,3.22629,3.23188,3.22892,2.25208,2.24780,2.25010,2.24681,2.25043,-0.00057,0.00370,0.00370,0.00436,0.00600,-48.39791,426.00000
3.22333,3.23056,3.22300,3.22300,3.22662,2.25175,2.24649,2.24879,2.24681,2.24978,0.00403,0.00699,0.00403,0.00140,0.00403,-48.39791,427.00000
3.23122,3.22037,3.22793,3.22596,3.22629,2.25274,2.25043,2.25142,2.25274,2.25142,0.00041,0.00074,0.00206,0.00337,0.00568,-48.68455,428.00000
3.22760,3.22892,3.22596,3.23024,3.22892,2.24945,2.24517,2.24385,2.25109,2.25175,0.00206,0.00206,0.00206,0.00469,0.00469,-48.68455,429.00000
3.22793,3.23451,3.23024,3.22859,3.22925,2.25274,2.24484,2.24681,2.25537,2.24912,0.00272,0.00272,-0.00156,0.00502,0.00337,-49.60155,430.00000
3.22629,3.22859,3.22958,3.23024,3.22333,2.24813,2.25142,2.24484,2.24813,2.24846,-0.00189,0.00370,0.00140,0.00239,0.00403,-49.60155,431.00000
3.22958,3.22695,3.23056,3.22629,3.23221,2.25109,2.25010,2.25043,2.24813,2.25208,0.00206,0.00239,0.00239,0.00074,0.00239,-49.40884,432.00000
3.22103,3.22991,3.22859,3.22399,3.22991,2.24616,2.24846,2.24813,2.25043,2.24616,0.00436,0.00535,0.00337,0.00633,0.00239,-49.40884,433.00000
3.22728,3.23024,3.22234,3.22760,3.23024,2.25438,2.24912,2.25010,2.25142,2.24978,0.00239,0.00535,0.00107,-0.00057,-0.00090,-50.25857,434.00000
3.23056,3.23451,3.23221,3.23056,3.22399,2.25241,2.25043,2.25570,2.24945,2.25175,-0.00090,0.00436,0.00239,0.00469,0.00239,-50.25857,435.00000
3.22760,3.23155,3.23089,3.22958,3.22892,2.24616,2.25471,2.24681,2.25175,2.25274,0.00272,0.00436,-0.00090,0.00173,0.00107,-50.66229,436.00000
3.23583,3.22859,3.22662,3.22991,3.22892,2.25109,2.24813,2.24846,2.24978,2.24484,0.00173,0.00107,0.00239,-0.00189,0.00041,-50.66229,437.00000
3.23024,3.23221,3.22760,3.22563,3.23320,2.24978,2.25109,2.24813,2.24978,2.25142,0.00436,0.00337,0.00107,0.00337,0.00107,-51.01119,438.00000
3.23780,3.23385,3.22925,3.22859,3.22695,2.24912,2.25043,2.24912,2.24714,2.25306,0.00239,-0.00255,0.00107,0.00403,0.00107,-51.01119,439.00000
3.23056,3.23287,3.22991,3.23089,3.22793,2.24714,2.24945,2.24978,2.24780,2.24780,0.00272,0.00239,0.00436,0.00206,-0.00090,-50.97035,440.00000
3.22958,3.23089,3.22892,3.23155,3.22760,2.25010,2.25142,2.24945,2.24681,2.25438,0.00107,0.00008,0.00206,0.00436,0.00535,-50.97035,441.00000
3.23122,3.23813,3.22859,3.22464,3.23188,2.25471,2.24780,2.25372,2.25010,2.24714,0.00337,0.00304,-0.00025,0.00074,0.00206,-50.90243,442.00000
3.22859,3.23221,3.23681,3.22728,3.22826,2.24747,2.24945,2.24912,2.25438,2.25339,-0.00025,0.00304,0.00206,0.00140,0.00206,-50.90243,443.00000
3.23517,3.24043,3.23714,3.23254,3.23451,2.24978,2.25306,2.25010,2.25142,2.25208,0.00304,-0.00189,0.00140,0.00337,0.00469,-51.21848,444.00000
3.23352,3.23451,3.23550,3.23320,3.23385,2.24879,2.25339,2.25241,2.24747,2.24451,0.00272,-0.00123,0.00239,0.00272,0.00272,-51.03530,445.00000
3.23024,3.23649,3.23024,3.23714,3.23649,2.25175,2.25043,2.24945,2.24714,2.25208,-0.00025,0.00206,0.00206,0.00206,0.00173,-51.03530,446.00000
3.23287,3.23451,3.23221,3.23649,3.23352,2.25043,2.25010,2.25241,2.24385,2.24846,0.00304,0.00140,0.00370,0.00272,0.00173,-51.03530,447.00000
3.23352,3.23517,3.23352,3.23385,3.23846,2.24978,2.25076,2.25306,2.24879,2.24747,0.00074,0.00337,0.00239,0.00272,0.00206,-51.18011,448.00000
3.23484,3.23780,3.23385,3.23254,3.23550,2.25372,2.25570,2.25306,2.25241,2.24714,-0.00057,0.00008,0.00008,0.00469,0.00568,-51.18011,449.00000
3.23681,3.23780,3.23221,3.23385,3.24175,2.25175,2.25405,2.24945,2.24747,2.24714,-0.00156,0.00272,0.00272,0.00008,-0.00123,-51.24084,450.00000
3.23583,3.23977,3.24438,3.23977,3.23846,2.25043,2.24912,2.25438,2.24912,2.24846,0.00535,0.00469,-0.00025,0.00107,0.00502,-51.24084,451.00000
3.23912,3.24076,3.23681,3.23813,3.23747,2.25043,2.25602,2.24780,2.24813,2.25241,0.00173,0.00403,0.00107,-0.00057,0.00041,-50.92488,452.00000
3.23451,3.23484,3.23385,3.24175,3.23583,2.25306,2.24583,2.24813,2.25043,2.25175,0.00304,0.00140,0.00074,0.00206,0.00206,-50.92488,453.00000
3.23517,3.24043,3.23879,3.24241,3.23846,2.25010,2.24978,2.24945,2.25142,2.24846,0.00107,-0.00025,-0.00025,-0.00057,0.00239,-50.94862,454.00000
3.24208,3.23846,3.23912,3.24109,3.24010,2.25208,2.24747,2.24846,2.24945,2.24714,0.00403,0.00140,0.00600,0.00272,0.00206,-50.94862,455.00000
3.23418,3.23780,3.23780,3.24010,3.23221,2.25142,2.25010,2.24681,2.25504,2.25339,0.00173,0.00502,0.00173,0.00239,0.00206,-50.61939,456.00000
3.23846,3.24043,3.24306,3.23780,3.23385,2.25208,2.24879,2.25010,2.25306,2.24583,0.00272,0.00666,0.00206,0.00173,0.00403,-50.61939,457.00000
3.24076,3.24043,3.23813,3.23484,3.23846,2.24813,2.24714,2.24945,2.24978,2.24517,-0.00255,0.00239,0.00272,0.00239,0.00502,-50.39177,458.00000
3.23912,3.23945,3.23879,3.23418,3.24208,2.24846,2.24517,2.25438,2.24945,2.25109,0.00403,0.00436,0.00107,0.00239,0.00502,-50.39177,459.00000
3.24208,3.24602,3.24175,3.24306,3.23879,2.24550,2.24714,2.25504,2.24945,2.25109,0.00239,0.00304,0.00502,0.00272,0.00732,-50.56717,460.00000
3.23616,3.24175,3.24109,3.24208,3.23945,2.25208,2.24912,2.25109,2.25142,2.24583,0.00041,-0.00255,0.00206,-0.00025,0.00370,-50.56717,461.00000
3.24208,3.23747,3.24142,3.23846,3.23747,2.24780,2.24780,2.25076,2.25241,2.25241,0.00337,-0.00255,0.00041,0.00008,0.00568,-50.05259,462.00000
3.24339,3.24339,3.23977,3.24076,3.23747,2.24879,2.25767,2.25241,2.24945,2.24747,0.00041,0.00502,0.00107,0.00173,0.00041,-50.05259,463.00000
3.24043,3.24208,3.24241,3.24372,3.24438,2.25274,2.25043,2.24945,2.24879,2.24681,0.00272,0.00140,0.00272,0.00469,0.00041,-49.45889,464.00000
3.23681,3.24142,3.24208,3.24241,3.24734,2.24912,2.24583,2.24879,2.24780,2.24846,0.00633,0.00535,-0.00090,0.00173,0.00403,-49.45889,465.00000
3.24767,3.23912,3.23714,3.24010,3.23945,2.24912,2.24747,2.25208,2.25306,2.25109,0.00107,0.00370,0.00239,0.00403,0.00304,-48.65944,466.00000
3.24175,3.24306,3.24405,3.24273,3.24372,2.24945,2.24780,2.25372,2.25109,2.25372,0.00173,0.00469,0.00337,0.00403,0.00008,-48.65944,467.00000
3.24241,3.24635,3.23813,3.24208,3.24734,2.25010,2.25109,2.25339,2.24978,2.24747,0.00337,0.00403,-0.00025,0.00337,0.00403,-46.01710,468.00000
3.24208,3.23846,3.24043,3.23912,3.24668,2.25043,2.25142,2.25076,2.25142,2.25043,-0.00090,0.00304,0.00469,0.00140,0.00403,-46.01710,469.00000
3.24372,3.24800,3.24273,3.24471,3.23649,2.24912,2.24254,2.25076,2.24879,2.25306,0.00272,0.00272,0.00107,0.00239,0.00008,-46.27052,470.00000
3.24043,3.24142,3.24537,3.24602,3.24208,2.25109,2.24550,2.25372,2.24978,2.24747,0.00074,0.00206,0.00370,0.00535,0.00469,-46.27052,471.00000
3.24537,3.24767,3.23945,3.24405,3.24306,2.25372,2.25076,2.25208,2.25208,2.24583,0.00008,0.00304,0.00173,0.00173,0.00337,-47.83432,472.00000
3.24602,3.24372,3.24537,3.24471,3.24076,2.24517,2.25043,2.24649,2.24912,2.24813,0.00041,0.00239,0.00239,0.00272,0.00140,-47.83432,473.00000
3.24175,3.24306,3.24372,3.23813,3.24109,2.24813,2.24122,2.24978,2.24813,2.25306,0.00239,0.00206,0.00600,-0.00025,0.00140,-48.23883,474.00000
3.24273,3.23649,3.24339,3.24471,3.24142,2.24978,2.25306,2.24846,2.25109,2.25076,0.00337,0.00304,0.00239,0.00206,0.00337,-48.23883,475.00000
3.24306,3.24800,3.24208,3.24208,3.23977,2.24978,2.25109,2.24649,2.25109,2.25109,0.00173,-0.00057,0.00272,0.00304,0.00535,-48.36527,476.00000
3.23747,3.24635,3.24471,3.24241,3.23879,2.25010,2.24616,2.24879,2.24846,2.24484,0.00272,0.00337,0.00666,0.00502,0.00173,-48.36527,477.00000
3.24635,3.24142,3.24734,3.24306,3.24767,2.24879,2.24945,2.25274,2.24451,2.24945,0.00272,0.00469,0.00272,-0.00025,0.00666,-48.88902,478.00000
3.24569,3.24898,3.24471,3.24208,3.25194,2.25076,2.24912,2.24780,2.25076,2.25142,-0.00189,0.00370,0.00206,0.00107,0.00140,-48.88902,479.00000
3.24471,3.24142,3.24865,3.24076,3.24602,2.24616,2.24846,2.24451,2.24945,2.25010,0.00239,0.00173,0.00272,0.00272,0.00436,-49.31143,480.00000
3.24372,3.25030,3.25260,3.24734,3.24405,2.24517,2.25372,2.24978,2.24945,2.24583,-0.00057,0.00502,0.00436,0.00304,0.00107,-49.31143,481.00000
3.24537,3.25096,3.24405,3.24898,3.25096,2.24978,2.24978,2.24879,2.24780,2.24912,0.00469,0.00304,-0.00123,0.00469,0.00436,-49.66140,482.00000
3.24339,3.24833,3.24931,3.24964,3.24997,2.25043,2.24813,2.24681,2.24714,2.25010,0.00403,0.00502,0.00272,-0.00123,0.00140,-49.66140,483.00000
3.24767,3.25392,3.25030,3.24800,3.24504,2.25175,2.24780,2.24747,2.24879,2.24484,0.00568,0.00370,0.00206,-0.00025,0.00272,-49.87843,484.00000
3.24964,3.25096,3.25227,3.24964,3.24997,2.24681,2.25010,2.24649,2.25241,2.24550,0.00633,0.00469,0.00436,0.00107,0.00337,-49.87843,485.00000
3.25161,3.26082,3.25457,3.25260,3.25293,2.25109,2.24649,2.24451,2.24912,2.25339,-0.00057,0.00304,0.00436,0.00469,0.00337,-49.91570,486.00000
3.25326,3.24800,3.24865,3.25425,3.25490,2.24780,2.25043,2.24616,2.25043,2.24451,0.00337,0.00173,0.00502,0.00436,0.00436,-49.91570,487.00000
3.24668,3.24701,3.24997,3.24569,3.25753,2.24780,2.25175,2.24912,2.25109,2.24747,0.00502,0.00666,0.00304,0.00304,0.00173,-50.07401,488.00000
3.25688,3.25721,3.25096,3.25063,3.25490,2.24813,2.25076,2.25043,2.24714,2.24846,0.00337,0.00535,0.00699,0.00535,0.00403,-50.07401,489.00000
3.25194,3.25227,3.24800,3.25161,3.25392,2.24583,2.25010,2.24714,2.25109,2.25010,0.00008,0.00239,0.00568,0.00535,0.00699,-50.12421,490.00000
3.25523,3.25227,3.25161,3.24471,3.25030,2.24912,2.25076,2.24681,2.24517,2.24813,0.00403,0.00370,0.00929,0.00074,0.00272,-50.12421,491.00000
3.25359,3.25227,3.25951,3.25523,3.25688,2.24714,2.25043,2.25076,2.25306,2.24912,0.00535,0.00469,0.00337,0.00206,0.00304,-50.37577,492.00000
3.25457,3.24833,3.25425,3.25622,3.25622,2.24879,2.25010,2.24978,2.25109,2.24879,0.00239,0.00403,0.00732,0.00041,0.00469,-50.37577,493.00000
3.25918,3.25359,3.25622,3.25359,3.25589,2.24846,2.25010,2.25010,2.24846,2.24912,0.00370,0.00107,0.00600,0.00370,0.00600,-51.24173,494.00000
3.25786,3.25589,3.25556,3.25622,3.26280,2.24912,2.25306,2.25010,2.24681,2.24681,0.00370,0.00304,0.00041,0.00173,0.00173,-51.24173,495.00000
3.25721,3.25589,3.25293,3.25852,3.25194,2.24747,2.24879,2.25438,2.25306,2.24681,0.00239,0.00469,0.00502,0.00337,0.00568,-51.16310,496.00000
3.25326,3.25589,3.26214,3.26017,3.26050,2.25372,2.25405,2.25570,2.24747,2.24583,0.00370,0.00272,0.00206,0.00337,0.00239,-51.16310,497.00000
3.25655,3.25194,3.26017,3.25688,3.25721,2.24879,2.24714,2.24813,2.24714,2.24813,0.00502,0.00337,0.00074,0.00436,0.00140,-51.20184,498.00000
3.25227,3.26247,3.25918,3.25359,3.25359,2.24714,2.25076,2.24912,2.24747,2.24681,0.00206,0.00239,0.00436,0.00370,0.00272,-51.20184,499.00000
3.26050,3.26214,3.25721,3.25918,3.25688,2.25043,2.25010,2.24846,2.24550,2.25142,0.00107,0.00403,0.00732,0.00568,0.00041,-51.14790,500.00000
3.25819,3.26148,3.25885,3.25326,3.25918,2.25076,2.24945,2.24418,2.24418,2.24813,0.00600,0.00304,0.00074,0.00337,0.00535,-51.14790,501.00000
3.26017,3.25819,3.25951,3.26378,3.25359,2.25043,2.25010,2.24649,2.24945,2.24747,0.00403,0.00272,0.00337,0.00239,0.00436,-50.95895,502.00000
3.26148,3.25622,3.26247,3.25951,3.26313,2.24418,2.25010,2.24945,2.24747,2.24681,0.00436,0.00239,0.00370,0.00239,0.00469,-50.95895,503.00000
3.26115,3.25326,3.25819,3.25457,3.25786,2.24846,2.24747,2.24681,2.25372,2.24879,0.00337,0.00272,0.00337,0.00304,0.00633,-51.24314,504.00000
3.25819,3.26148,3.25753,3.26082,3.25852,2.25306,2.24945,2.25043,2.24879,2.25109,0.00699,0.00008,0.00272,0.00272,0.00666,-51.24314,505.00000
3.25885,3.26181,3.25753,3.26082,3.26576,2.25076,2.24353,2.24912,2.25175,2.25668,0.00403,0.00008,0.00502,0.00568,0.00272,-51.39029,506.00000
3.26148,3.25753,3.26411,3.25753,3.26707,2.25537,2.24649,2.25142,2.25076,2.25010,0.00370,0.00469,0.00140,0.00337,0.00173,-51.39029,507.00000
3.27003,3.26181,3.26477,3.25951,3.25622,2.25274,2.25043,2.25142,2.25010,2.24846,0.00535,0.00568,0.00469,0.00436,0.00403,-51.20355,508.00000
3.26017,3.25984,3.25885,3.25918,3.26148,2.24517,2.25504,2.25109,2.25010,2.25306,0.00008,0.00403,0.00502,0.00304,0.00798,-51.20355,509.00000
3.26082,3.26477,3.26378,3.26543,3.26346,2.24846,2.25043,2.24550,2.25471,2.25274,0.00370,0.00666,0.00370,0.00337,0.00304,-51.42086,510.00000
3.26346,3.26148,3.26181,3.26411,3.26214,2.25010,2.25076,2.25208,2.24879,2.24945,0.00206,0.00272,0.00173,0.00568,0.00633,-51.42086,511.00000
3.26576,3.26214,3.26280,3.26872,3.26346,2.25537,2.24912,2.24978,2.24945,2.25306,0.00633,0.00304,0.00304,0.00107,0.00140,-51.68780,512.00000
3.26247,3.26707,3.26378,3.26247,3.26313,2.25274,2.24978,2.24912,2.25833,2.25142,0.00600,0.00074,0.00206,0.00502,0.00600,-51.68780,513.00000
3.26740,3.26444,3.26543,3.26280,3.26510,2.24978,2.25208,2.25142,2.24912,2.24912,0.00272,0.00403,0.00535,0.00568,0.00140,-51.66719,514.00000
3.26740,3.26674,3.26740,3.26642,3.26773,2.25142,2.25274,2.24978,2.25109,2.24846,0.00370,0.00666,0.00469,0.00502,0.00140,-51.66719,515.00000
3.26576,3.26378,3.26806,3.26444,3.26543,2.25175,2.24945,2.24813,2.24879,2.24912,0.00206,0.01028,0.00370,0.00337,0.00140,-51.57533,516.00000
3.26510,3.26313,3.26674,3.26444,3.26346,2.25274,2.25109,2.24813,2.25405,2.25274,0.00107,0.00272,0.00370,0.00074,0.00436,-51.57533,517.00000
3.26378,3.26970,3.26148,3.26740,3.26543,2.25142,2.25668,2.24747,2.25076,2.25109,0.00436,0.00436,0.00469,0.00239,0.00502,-51.96330,518.00000
3.26642,3.26609,3.26576,3.26477,3.26247,2.25043,2.24846,2.25109,2.24747,2.24945,0.00239,0.00469,0.00239,0.00041,0.00337,-51.96330,519.00000
3.26609,3.26707,3.26938,3.26346,3.26280,2.24714,2.24747,2.24714,2.25405,2.24616,0.00239,0.00272,0.00337,0.00107,0.00206,-52.18452,520.00000
3.26609,3.26477,3.26773,3.26938,3.26740,2.24583,2.24912,2.25043,2.24945,2.24846,-0.00090,0.00206,0.00272,0.00173,0.00568,-52.18452,521.00000
3.26938,3.26642,3.26839,3.26773,3.27299,2.25241,2.25109,2.25405,2.25208,2.25438,0.00107,0.00535,0.00304,0.00272,0.00304,-51.64189,522.00000
3.27003,3.26707,3.26543,3.26609,3.26510,2.25635,2.24879,2.24780,2.25208,2.25175,0.00206,0.00436,0.00502,0.00272,0.00535,-51.64189,523.00000
3.26970,3.26872,3.27168,3.27003,3.27168,2.24978,2.25306,2.25241,2.25142,2.25602,0.00535,0.00337,0.00666,0.00173,0.00337,-51.44941,524.00000
3.26444,3.26674,3.27332,3.26773,3.27201,2.25142,2.24978,2.25109,2.25208,2.24879,-0.00025,0.00370,0.00074,0.00798,0.00600,-51.44941,525.00000
3.27299,3.27003,3.27234,3.26905,3.26839,2.25339,2.24616,2.24714,2.25010,2.25142,0.00239,0.00041,0.00502,0.00206,0.00469,-51.73125,526.00000
3.26609,3.27562,3.26872,3.27069,3.26839,2.24813,2.25208,2.24517,2.25076,2.25076,0.00107,0.00140,0.00732,0.00304,0.00008,-51.73125,527.00000
3.26477,3.26346,3.27102,3.26609,3.26970,2.24583,2.25438,2.25274,2.24978,2.25076,0.00140,0.00206,0.00206,0.00798,0.00436,-51.68639,528.00000
3.27595,3.26938,3.27398,3.26576,3.27398,2.25043,2.24780,2.24813,2.25241,2.25339,0.00469,0.00403,-0.00255,0.00568,0.00107,-51.68639,529.00000
3.27858,3.27102,3.26707,3.27365,3.27497,2.25274,2.24912,2.24780,2.24846,2.24747,0.00469,0.00535,0.00173,0.00600,0.00436,-51.92179,530.00000
3.27628,3.27069,3.27069,3.27168,3.26740,2.25208,2.24484,2.25109,2.25010,2.25241,-0.00222,-0.00255,0.00666,0.00535,0.00239,-51.92179,531.00000
3.27069,3.27431,3.26905,3.26839,3.27431,2.25208,2.25274,2.24945,2.25142,2.24813,0.00633,0.00370,0.00469,0.00370,0.00666,-51.62787,532.00000
3.27266,3.27530,3.27201,3.26674,3.27201,2.25241,2.25076,2.25010,2.25405,2.25405,0.00666,0.00732,0.00403,0.00008,-0.00025,-51.62787,533.00000
3.27431,3.27299,3.27365,3.27431,3.27299,2.25109,2.24978,2.24912,2.25175,2.24879,0.00074,0.00206,0.00436,0.00272,0.00600,-51.78675,534.00000
3.27398,3.27266,3.27069,3.27826,3.27201,2.25010,2.25405,2.24813,2.25142,2.24714,0.00370,0.00633,0.00600,0.00041,0.00337,-51.78675,535.00000
3.27069,3.27497,3.27530,3.27003,3.27595,2.25043,2.25274,2.24846,2.25208,2.24780,0.00831,0.00173,0.00469,0.00206,0.00568,-51.93661,536.00000
3.27069,3.27168,3.27431,3.27299,3.27332,2.24649,2.24813,2.25010,2.25076,2.24747,0.00370,0.00403,0.00666,0.00666,0.00337,-51.93661,537.00000
3.27135,3.27365,3.27431,3.28220,3.27003,2.25635,2.24550,2.25109,2.25076,2.25471,0.00502,0.00074,0.00469,0.00469,0.00633,-51.91444,538.00000
3.27036,3.28023,3.28056,3.27727,3.27628,2.25306,2.24714,2.24714,2.25109,2.25274,0.00600,0.00403,0.00502,0.00008,0.00239,-51.91444,539.00000
3.27266,3.27431,3.28056,3.28056,3.28286,2.25241,2.25076,2.24945,2.25076,2.25339,0.00699,0.00304,0.00436,0.00633,0.00337,-51.82317,540.00000
3.28220,3.27299,3.27661,3.27497,3.27858,2.24681,2.25306,2.25076,2.25372,2.24484,0.00272,0.00568,0.00337,0.00469,0.00831,-51.82317,541.00000
3.27760,3.27793,3.27530,3.27266,3.27957,2.24912,2.24978,2.25438,2.25076,2.25175,0.00403,0.00436,0.00239,0.00666,0.00272,-51.66955,542.00000
3.27365,3.27793,3.28385,3.27826,3.28220,2.25471,2.24912,2.25306,2.25109,2.24813,0.00008,0.00206,0.00370,0.00765,0.00304,-51.66955,543.00000
3.28023,3.27562,3.27694,3.28023,3.28220,2.25208,2.24681,2.24978,2.25076,2.25438,0.00600,0.00765,0.00568,0.00239,0.00535,-51.49226,544.00000
3.27793,3.27793,3.28220,3.27365,3.27562,2.25142,2.25438,2.24879,2.25142,2.25076,0.00436,0.00304,0.00272,0.00699,0.00502,-51.49226,545.00000
3.27595,3.27530,3.27924,3.27628,3.27727,2.25339,2.25208,2.24714,2.24681,2.25109,0.00633,0.00535,0.00633,0.00535,0.00666,-51.61496,546.00000
3.28385,3.28253,3.27497,3.28253,3.28286,2.25339,2.24912,2.25274,2.25043,2.24780,0.00469,0.00535,0.00732,0.00502,0.00403,-51.61496,547.00000
3.28023,3.28286,3.27990,3.28714,3.27924,2.25372,2.24945,2.25339,2.24879,2.24583,0.00568,0.00995,0.00568,0.00831,0.00239,-51.82046,548.00000
3.28187,3.28023,3.28549,3.28023,3.27760,2.25306,2.25274,2.25405,2.25306,2.25306,0.00502,0.00403,0.00239,0.00074,0.00798,-51.82046,549.00000
3.27826,3.28089,3.28483,3.27793,3.28352,2.24813,2.24780,2.24649,2.25306,2.25208,0.00962,0.00633,0.00436,0.00436,0.00831,-51.81422,550.00000
3.28582,3.28023,3.27661,3.28483,3.28253,2.25405,2.24780,2.25602,2.25339,2.25405,0.00600,0.00239,0.00732,0.00896,0.00403,-51.81422,551.00000
3.28220,3.28516,3.28747,3.28779,3.28220,2.25306,2.24813,2.24813,2.24747,2.25142,0.00107,0.00403,0.00633,0.00272,0.00403,-51.70590,552.00000
3.28878,3.28253,3.28385,3.28615,3.28812,2.24616,2.25142,2.25306,2.24945,2.24912,0.00535,0.00140,0.00962,0.00008,0.00732,-51.70590,553.00000
3.28714,3.28582,3.28878,3.28845,3.28615,2.24978,2.25306,2.25405,2.25438,2.24978,0.00239,0.00403,0.00469,0.00337,0.00370,-51.35862,554.00000
3.28681,3.28648,3.27924,3.28187,3.28319,2.24978,2.25931,2.25306,2.25274,2.25043,0.00765,0.00173,0.00732,0.00666,0.00699,-51.35862,555.00000
3.28319,3.28483,3.28516,3.28319,3.28483,2.25372,2.24879,2.25306,2.24879,2.25109,0.00633,0.00798,0.00699,0.00436,0.00436,-51.55842,556.00000
3.28582,3.28418,3.28023,3.28418,3.28122,2.25274,2.25537,2.25109,2.25142,2.25076,0.00272,0.00337,0.00206,0.00436,0.00436,-51.55842,557.00000
3.28451,3.28944,3.28615,3.29108,3.28220,2.25306,2.25734,2.24649,2.25668,2.25438,0.00535,0.00337,0.00732,0.00535,0.00765,-51.18380,558.00000
3.28483,3.29174,3.28944,3.28253,3.28812,2.25076,2.25504,2.25274,2.25504,2.25142,0.00732,0.00502,0.00502,0.00568,0.00929,-51.18380,559.00000
3.28220,3.29174,3.28812,3.28878,3.28286,2.25208,2.25076,2.25471,2.25405,2.24978,0.00633,0.00666,0.00600,0.00568,0.00568,-51.09682,560.00000
3.28286,3.28582,3.28714,3.28648,3.28483,2.24517,2.24780,2.25339,2.25306,2.25372,0.00403,0.00699,0.00436,0.00469,0.00633,-51.09682,561.00000
3.28812,3.29075,3.28878,3.29141,3.28516,2.25734,2.25537,2.25833,2.25635,2.25208,0.00600,0.00502,0.00896,0.00535,0.00502,-51.36109,562.00000
3.29207,3.29404,3.28681,3.28747,3.29371,2.25142,2.25635,2.24846,2.24846,2.25372,0.00633,0.00107,0.00469,0.00765,0.00337,-51.36109,563.00000
3.29075,3.28944,3.28911,3.29174,3.29339,2.24978,2.25438,2.25504,2.25109,2.25076,0.00666,0.00272,0.00535,0.00666,0.00568,-51.54379,564.00000
3.28582,3.29569,3.29108,3.29240,3.29207,2.25471,2.25405,2.24813,2.25241,2.25175,0.00633,0.00633,0.00403,0.00107,0.00469,-51.69000,565.00000
3.28944,3.29174,3.29240,3.28549,3.29075,2.25602,2.25109,2.25076,2.25241,2.24978,0.00732,0.00436,0.00436,0.00206,0.00502,-51.69000,566.00000
3.29371,3.28944,3.29075,3.29503,3.29010,2.24978,2.25175,2.25438,2.24879,2.25109,0.00272,0.00469,0.00568,0.00864,0.00666,-51.69000,567.00000
3.29437,3.29667,3.29306,3.29207,3.29437,2.24879,2.25701,2.25372,2.25602,2.25010,0.00633,0.00765,0.00206,0.00304,0.00732,-52.13741,568.00000
3.29667,3.29141,3.29602,3.29470,3.28714,2.25438,2.25438,2.25043,2.25471,2.25570,0.00370,0.00633,0.00239,0.00633,0.00469,-52.13741,569.00000
3.29733,3.29700,3.29963,3.29404,3.29931,2.25076,2.25306,2.25602,2.25076,2.25142,0.00436,0.00798,0.00732,0.00666,0.00502,-52.23711,570.00000
3.29306,3.29339,3.29240,3.29404,3.29240,2.24714,2.24649,2.25142,2.25076,2.25339,0.00666,0.00732,0.00502,0.00633,0.00633,-52.23711,571.00000
3.29602,3.29569,3.29240,3.29174,3.29273,2.25076,2.25076,2.24681,2.25734,2.24583,0.00370,0.00929,0.00896,0.00568,0.00600,-51.94877,572.00000
3.29371,3.29273,3.29174,3.29339,3.29371,2.25306,2.25306,2.25274,2.25668,2.25142,0.00633,0.00568,0.00666,0.00798,0.00896,-51.94877,573.00000
3.29108,3.29898,3.29470,3.28681,3.29207,2.25274,2.25372,2.25109,2.25175,2.25175,0.00633,0.00436,0.00962,0.00732,0.00666,-51.73212,574.00000
3.29470,3.28878,3.29240,3.29437,3.28911,2.24681,2.24780,2.25175,2.24813,2.24912,0.00831,0.00864,0.00831,0.00831,0.00568,-51.73212,575.00000
3.29273,3.29339,3.29108,3.28714,3.29569,2.25537,2.24714,2.25438,2.25043,2.25306,0.00239,0.00666,0.00666,0.00633,0.00633,-51.53723,576.00000
3.29174,3.29569,3.29043,3.29536,3.29700,2.24879,2.24912,2.24681,2.25142,2.24978,0.00633,0.00765,0.00304,0.00831,0.00798,-51.53723,577.00000
3.29075,3.29141,3.29306,3.29700,3.29273,2.25339,2.25274,2.24681,2.24945,2.24945,0.00436,0.00699,0.01061,0.00864,0.00798,-51.84839,578.00000
3.29240,3.29075,3.29141,3.29503,3.29339,2.25208,2.25043,2.25339,2.25274,2.24912,0.00633,0.00896,0.00732,0.00535,0.00732,-51.84839,579.00000
3.29339,3.29240,3.29437,3.29536,3.29700,2.25372,2.25668,2.25241,2.25339,2.24978,0.00633,0.00831,0.01160,0.00798,0.00239,-51.73519,580.00000
3.29569,3.29503,3.29437,3.29766,3.29306,2.25339,2.24188,2.24747,2.25043,2.24978,0.00535,0.00666,0.00633,0.00732,0.00535,-51.73519,581.00000
3.29273,3.29043,3.29700,3.29602,3.29141,2.25208,2.25076,2.25306,2.24287,2.25142,0.00798,0.01192,0.00666,0.00929,0.00699,-51.77528,582.00000
3.29371,3.29108,3.29799,3.29536,3.29602,2.25306,2.25109,2.24879,2.25208,2.25306,0.00600,0.00568,0.00633,0.00765,0.00502,-51.77528,583.00000
3.29240,3.28977,3.29766,3.29602,3.29700,2.25109,2.25010,2.25043,2.25142,2.24879,0.00666,0.00666,0.00798,0.00337,0.00864,-51.22096,584.00000
3.29865,3.29635,3.29635,3.29898,3.29963,2.25438,2.25241,2.25438,2.25109,2.25175,0.00798,0.00666,0.00699,0.00831,0.00535,-51.22096,585.00000
3.29963,3.29569,3.29602,3.30161,3.29667,2.25504,2.25372,2.25372,2.24879,2.25109,0.00831,0.00831,0.00633,0.00535,0.00633,-51.10206,586.00000
3.29667,3.29635,3.28977,3.29240,3.29371,2.25241,2.25306,2.25438,2.24978,2.24879,0.00699,0.00469,0.00502,0.00699,0.00699,-51.10206,587.00000
3.29207,3.29635,3.29536,3.29503,3.29536,2.24747,2.25043,2.24550,2.24780,2.24747,0.00469,0.00337,0.00633,0.00568,0.00469,-51.61524,588.00000
3.29306,3.29339,3.29996,3.29865,3.29766,2.25306,2.24945,2.24879,2.25471,2.24945,0.00502,0.00239,0.00929,0.00732,0.00469,-51.61524,589.00000
3.29536,3.29635,3.29898,3.29602,3.29766,2.24978,2.25076,2.24747,2.24155,2.25339,0.00600,0.00568,0.00633,0.00732,0.00633,-51.84017,590.00000
3.29273,3.29898,3.29635,3.29667,3.29536,2.24780,2.24945,2.25076,2.25175,2.25010,0.00732,0.00864,0.00732,0.00732,0.00502,-51.84017,591.00000
3.29404,3.30095,3.29470,3.29273,3.29700,2.24780,2.24879,2.24978,2.25109,2.25010,0.00633,0.00798,0.00831,0.00995,0.00535,-51.83551,592.00000
3.29339,3.29799,3.29865,3.29700,3.29536,2.25076,2.25405,2.25405,2.24550,2.24747,0.00864,0.01094,0.00699,0.00962,0.00337,-51.83551,593.00000
3.29240,3.29799,3.29799,3.29700,3.28911,2.24945,2.24813,2.24714,2.24517,2.25175,0.00798,0.00600,0.00864,0.00469,0.00798,-51.82751,594.00000
3.29931,3.29470,3.29832,3.29339,3.30095,2.24945,2.25076,2.24879,2.25339,2.25339,0.00929,0.01028,0.00666,0.00568,0.00568,-51.82751,595.00000
3.29963,3.29635,3.29700,3.30457,3.30358,2.25043,2.24747,2.24978,2.24813,2.25339,0.00535,0.00864,0.00535,0.00666,0.00929,-51.94588,596.00000
3.29963,3.29996,3.30029,3.30095,3.29766,2.24484,2.24517,2.25109,2.24945,2.24912,0.00568,0.00436,0.00469,0.00798,0.00831,-51.94588,597.00000
3.29635,3.29898,3.29963,3.29799,3.30029,2.24978,2.24846,2.25142,2.24616,2.24846,0.00732,0.00798,0.00962,0.00633,0.01192,-52.79139,598.00000
3.30259,3.30161,3.29996,3.29339,3.30259,2.25109,2.24320,2.25043,2.24681,2.24747,0.00699,0.00831,0.00699,0.00765,0.00798,-52.79139,599.00000
3.30161,3.29700,3.30227,3.30259,3.30062,2.25339,2.24978,2.24978,2.24649,2.24846,0.00633,0.00600,0.00633,0.00633,0.00699,-52.92864,600.00000
3.30227,3.29404,3.29996,3.29931,3.30391,2.25175,2.24879,2.24945,2.24550,2.25010,0.00962,0.00765,0.00732,0.00831,0.00896,-52.92864,601.00000
3.29799,3.29602,3.29766,3.30523,3.30062,2.25076,2.24978,2.25076,2.25306,2.24780,0.00732,0.00535,0.01127,0.00666,0.00535,-52.90783,602.00000
3.30259,3.29865,3.29996,3.30490,3.30194,2.25274,2.24912,2.24681,2.25043,2.24254,0.00600,0.00831,0.00732,0.00666,0.00896,-52.90783,603.00000
3.29799,3.29865,3.29865,3.30523,3.29931,2.24550,2.24846,2.24780,2.24649,2.24484,0.00962,0.00666,0.01456,0.01061,0.00896,-52.88745,604.00000
3.29733,3.30325,3.29569,3.29766,3.30029,2.24978,2.24649,2.24254,2.24385,2.25076,0.00765,0.00633,0.00929,0.00798,0.00666,-52.88745,605.00000
3.29963,3.29700,3.29700,3.29865,3.29963,2.24517,2.24813,2.25274,2.25109,2.24583,0.00798,0.00831,0.01127,0.00864,0.00699,-52.66064,606.00000
3.29963,3.30457,3.30424,3.29898,3.29996,2.24912,2.24616,2.24616,2.24451,2.25372,0.00502,0.00831,0.00732,0.00962,0.00929,-52.66064,607.00000
3.29865,3.30259,3.29963,3.29963,3.30128,2.24221,2.24616,2.25043,2.24846,2.25109,0.01324,0.01192,0.00831,0.01192,0.00666,-51.92024,608.00000
3.30424,3.29733,3.30194,3.30194,3.30621,2.25142,2.24550,2.24912,2.24780,2.25076,0.00699,0.00502,0.01061,0.00798,0.00962,-51.92024,609.00000
3.29503,3.29339,3.30128,3.29865,3.30095,2.24879,2.24813,2.24978,2.24714,2.24879,0.00337,0.00995,0.00633,0.00765,0.00929,-51.89051,610.00000
3.29766,3.29865,3.30062,3.30523,3.30588,2.24780,2.24714,2.24978,2.25010,2.24649,0.00732,0.00831,0.00600,0.00732,0.00765,-51.89051,611.00000
3.30227,3.30161,3.30588,3.30292,3.30424,2.24649,2.24912,2.24747,2.24846,2.24780,0.00962,0.00831,0.01390,0.00436,0.00699,-52.32968,612.00000
3.30424,3.30161,3.30227,3.30720,3.30194,2.24912,2.25142,2.25306,2.24780,2.24484,0.00831,0.00568,0.00633,0.00666,0.01094,-52.32968,613.00000
3.30391,3.30128,3.30786,3.30292,3.30062,2.24945,2.25010,2.25208,2.24978,2.25010,0.00929,0.01094,0.00666,0.00929,0.00962,-52.18463,614.00000
3.30523,3.30358,3.30753,3.30983,3.30391,2.24846,2.24320,2.25043,2.24879,2.24780,0.01094,0.00962,0.00929,0.01127,0.00568,-52.18463,615.00000
3.30325,3.30852,3.29832,3.30786,3.30588,2.25109,2.24846,2.25109,2.25043,2.24418,0.01061,0.00896,0.01094,0.00896,0.00798,-51.83077,616.00000
3.30457,3.30983,3.30128,3.30523,3.31016,2.25537,2.24681,2.24780,2.24747,2.25109,0.00929,0.01291,0.00995,0.00502,0.00765,-51.83077,617.00000
3.31082,3.30523,3.31345,3.30720,3.30983,2.25438,2.24616,2.24418,2.25175,2.25306,0.00666,0.00995,0.00929,0.00995,0.01160,-51.75599,618.00000
3.30555,3.30523,3.30687,3.30621,3.31180,2.25142,2.24714,2.25208,2.25504,2.25175,0.00929,0.01192,0.00896,0.00962,0.01061,-51.75599,619.00000
3.31082,3.30654,3.31115,3.30687,3.30457,2.25010,2.24681,2.24353,2.25306,2.24517,0.01324,0.01028,0.01258,0.00962,0.00831,-51.74195,620.00000
3.30424,3.31279,3.30819,3.31115,3.31049,2.25208,2.25010,2.24649,2.24813,2.24912,0.01061,0.01160,0.00929,0.01160,0.01160,-51.74195,621.00000
3.31312,3.30950,3.30852,3.30621,3.30588,2.24945,2.24912,2.25142,2.24813,2.24517,0.00502,0.00666,0.01028,0.01127,0.00699,-51.77816,622.00000
3.30720,3.30490,3.30555,3.30621,3.31115,2.24846,2.24846,2.24780,2.24517,2.24846,0.00699,0.01291,0.00633,0.00995,0.00633,-51.77816,623.00000
3.31049,3.31213,3.31049,3.30819,3.30983,2.24780,2.25372,2.25142,2.25076,2.24879,0.01357,0.00995,0.00864,0.01061,0.00896,-51.62652,624.00000
3.31115,3.31180,3.30917,3.31246,3.31444,2.25208,2.24320,2.25175,2.25142,2.25175,0.01028,0.00798,0.01258,0.01225,0.01028,-51.62652,625.00000
3.31575,3.30621,3.31312,3.30786,3.30917,2.25010,2.24978,2.25504,2.25175,2.24879,0.01160,0.00995,0.01258,0.01028,0.00633,-51.68656,626.00000
3.31509,3.30884,3.30358,3.30852,3.31148,2.24978,2.25208,2.25010,2.25208,2.24813,0.01094,0.00962,0.00798,0.01324,0.00896,-51.68656,627.00000
3.31378,3.31345,3.31411,3.31180,3.31345,2.25142,2.24945,2.25010,2.24846,2.25372,0.01160,0.01028,0.01061,0.01061,0.01061,-52.05211,628.00000
3.31641,3.31312,3.30819,3.31476,3.31016,2.25109,2.24846,2.25109,2.24747,2.24945,0.01192,0.00831,0.00995,0.00962,0.01028,-52.05211,629.00000
3.31542,3.31312,3.30654,3.31378,3.31509,2.25043,2.24714,2.24879,2.24879,2.25043,0.01225,0.00600,0.01094,0.01291,0.01160,-51.92634,630.00000
3.31082,3.31115,3.31148,3.31937,3.31707,2.24714,2.24616,2.24879,2.24714,2.24846,0.01094,0.00962,0.00633,0.00962,0.01094,-51.92634,631.00000
3.31476,3.31115,3.31279,3.30950,3.31378,2.24879,2.24813,2.24879,2.24813,2.24550,0.01456,0.01160,0.01258,0.01291,0.00765,-52.04269,632.00000
3.30786,3.31082,3.31016,3.31509,3.30852,2.25208,2.25076,2.24978,2.24846,2.24583,0.01094,0.00962,0.01192,0.01094,0.01357,-52.04269,633.00000
3.31115,3.31444,3.31378,3.31049,3.30753,2.24813,2.24978,2.24945,2.24912,2.25043,0.01061,0.00962,0.01291,0.00929,0.00896,-51.85659,634.00000
3.31016,3.31509,3.31674,3.31805,3.31246,2.24550,2.24846,2.24747,2.24649,2.24978,0.01160,0.00929,0.01061,0.00962,0.01225,-51.85659,635.00000
3.31312,3.31180,3.31246,3.31082,3.31345,2.24846,2.24747,2.24747,2.24813,2.24879,0.00929,0.00831,0.01258,0.01258,0.00962,-52.04013,636.00000
3.31180,3.31411,3.31641,3.31148,3.31707,2.25076,2.24681,2.24879,2.24945,2.24747,0.01258,0.01324,0.01225,0.00896,0.00995,-52.04013,637.00000
3.31805,3.31213,3.30523,3.31772,3.31871,2.24912,2.25043,2.24813,2.24747,2.24320,0.01258,0.01192,0.01094,0.01225,0.01192,-52.21295,638.00000
3.31444,3.31805,3.31444,3.32003,3.31509,2.24714,2.24714,2.24451,2.25142,2.25208,0.01357,0.00962,0.00995,0.01291,0.01357,-52.21295,639.00000
3.31707,3.31608,3.30983,3.31608,3.31575,2.24385,2.24616,2.25010,2.25076,2.25372,0.01127,0.01127,0.01061,0.01456,0.01127,-51.78292,640.00000
3.32003,3.31476,3.31674,3.31378,3.31378,2.24418,2.24780,2.24681,2.24583,2.24912,0.01225,0.01719,0.00962,0.01587,0.01225,-51.78292,641.00000
3.31148,3.32101,3.31707,3.31674,3.32068,2.24912,2.24846,2.24747,2.24616,2.24747,0.01258,0.00995,0.00962,0.01127,0.01094,-51.34649,642.00000
3.31740,3.31476,3.31148,3.31444,3.30917,2.25076,2.24912,2.25109,2.25339,2.24649,0.01127,0.01127,0.01291,0.01258,0.01423,-51.34649,643.00000
3.32134,3.31674,3.31838,3.31772,3.31575,2.24583,2.25010,2.24978,2.25142,2.24649,0.01160,0.01357,0.01127,0.01258,0.01291,-51.14180,644.00000
3.31246,3.32101,3.31740,3.31970,3.31904,2.25109,2.24451,2.24945,2.24747,2.24681,0.01258,0.01192,0.01390,0.01291,0.01456,-51.14180,645.00000
3.32101,3.31378,3.31904,3.31937,3.31608,2.24418,2.24681,2.24813,2.24649,2.25175,0.01456,0.01653,0.01094,0.01258,0.01225,-51.25111,646.00000
3.32364,3.31904,3.32036,3.31444,3.31707,2.24846,2.25800,2.24813,2.24649,2.24320,0.01587,0.01291,0.01291,0.01324,0.01423,-51.61370,647.00000
3.32134,3.32397,3.31937,3.31772,3.32036,2.25109,2.25142,2.24221,2.24451,2.25010,0.01554,0.01127,0.01423,0.01357,0.01357,-51.61370,648.00000
3.31641,3.32068,3.31608,3.31904,3.31740,2.24813,2.24912,2.24714,2.24879,2.25339,0.01587,0.01488,0.01258,0.01456,0.01456,-51.61370,649.00000
3.31970,3.31378,3.31411,3.32200,3.31871,2.25142,2.24616,2.25208,2.25274,2.25043,0.01258,0.01488,0.01850,0.01752,0.01225,-51.87007,650.00000
3.32364,3.32233,3.31871,3.32496,3.32463,2.25010,2.24879,2.24780,2.25306,2.25372,0.01258,0.01357,0.01686,0.01554,0.01258,-51.87007,651.00000
3.32266,3.32233,3.32430,3.32496,3.32167,2.24583,2.24846,2.24912,2.24714,2.24813,0.01521,0.01291,0.01423,0.00962,0.01357,-51.61781,652.00000
3.32266,3.32529,3.33154,3.32496,3.32397,2.24583,2.25043,2.25109,2.25274,2.24451,0.01225,0.01127,0.01554,0.00995,0.01291,-51.61781,653.00000
3.32167,3.32660,3.32003,3.32003,3.32332,2.24681,2.24517,2.25109,2.24879,2.24517,0.01423,0.01390,0.01160,0.01456,0.01160,-51.60263,654.00000
3.32266,3.32463,3.32430,3.32266,3.31970,2.24649,2.25372,2.25241,2.25537,2.24846,0.01653,0.00666,0.01587,0.01488,0.01357,-51.60263,655.00000
3.32299,3.32430,3.32200,3.32134,3.32562,2.25142,2.24912,2.25175,2.24879,2.25306,0.01850,0.01653,0.01554,0.01423,0.01587,-51.50136,656.00000
3.32693,3.32397,3.32562,3.32891,3.32364,2.24813,2.25010,2.25602,2.25076,2.25043,0.01160,0.01817,0.01817,0.01423,0.01390,-51.50136,657.00000
3.32266,3.32726,3.32299,3.32529,3.32101,2.24912,2.24747,2.25109,2.24846,2.25043,0.01488,0.01390,0.01357,0.01686,0.01390,-51.66985,658.00000
3.32200,3.32397,3.32200,3.32266,3.32726,2.24780,2.24780,2.25142,2.24780,2.25570,0.01258,0.01488,0.01554,0.01620,0.01160,-51.66985,659.00000
3.32332,3.32233,3.32759,3.32858,3.32496,2.24978,2.24846,2.24846,2.24681,2.24846,0.01521,0.01587,0.01258,0.01225,0.01488,-51.30366,660.00000
3.32529,3.32496,3.32529,3.32463,3.32332,2.25241,2.25306,2.24912,2.25241,2.24945,0.01324,0.01324,0.01291,0.01686,0.01850,-51.30366,661.00000
3.31937,3.33187,3.32101,3.32660,3.32496,2.25076,2.25504,2.24780,2.24616,2.24780,0.01258,0.01324,0.01752,0.01456,0.01521,-51.66175,662.00000
3.32562,3.32595,3.32496,3.32430,3.32332,2.24912,2.24879,2.24978,2.24714,2.24747,0.01554,0.01784,0.01258,0.01488,0.01488,-51.66175,663.00000
3.32397,3.32858,3.33088,3.32463,3.32792,2.24780,2.24649,2.24846,2.24945,2.25043,0.01423,0.01686,0.01949,0.01620,0.01587,-51.63355,664.00000
3.33055,3.32332,3.32463,3.33055,3.32726,2.24813,2.25142,2.25241,2.25306,2.25043,0.01817,0.01225,0.01554,0.01719,0.01390,-51.63355,665.00000
3.32529,3.32397,3.32891,3.32233,3.32562,2.24846,2.25306,2.24583,2.24813,2.24912,0.01554,0.01719,0.01686,0.01587,0.01719,-51.94841,666.00000
3.32595,3.32956,3.32759,3.32397,3.32858,2.25208,2.24912,2.24879,2.25570,2.25010,0.01456,0.01784,0.01521,0.01686,0.01423,-51.94841,667.00000
3.32759,3.32825,3.32660,3.33121,3.32036,2.24681,2.25241,2.25241,2.25142,2.25109,0.01225,0.01817,0.01587,0.01258,0.01554,-51.81163,668.00000
3.32595,3.32825,3.32364,3.32792,3.32463,2.25438,2.24813,2.24418,2.25142,2.25109,0.01620,0.01587,0.01423,0.01357,0.01686,-51.81163,669.00000
3.33220,3.32956,3.33088,3.32924,3.32956,2.25109,2.24681,2.24846,2.24780,2.25076,0.01291,0.01620,0.02146,0.01784,0.01488,-51.79369,670.00000
3.32200,3.32924,3.33055,3.32858,3.32595,2.25043,2.24747,2.25208,2.24813,2.25306,0.01784,0.01456,0.01686,0.01784,0.01653,-51.79369,671.00000
3.33121,3.32825,3.33252,3.33055,3.32759,2.24945,2.25010,2.24517,2.24846,2.25175,0.01488,0.01521,0.01719,0.01686,0.02146,-51.98030,672.00000
3.33351,3.32299,3.32989,3.32726,3.32924,2.25010,2.24846,2.25142,2.24747,2.24813,0.01488,0.02080,0.01488,0.01554,0.01423,-51.98030,673.00000
3.32529,3.33055,3.32924,3.32924,3.32825,2.24681,2.25372,2.25471,2.24517,2.24813,0.01752,0.01620,0.01784,0.01719,0.02080,-52.65158,674.00000
3.33351,3.33121,3.32924,3.32529,3.33285,2.25076,2.24747,2.25109,2.24714,2.24418,0.01653,0.01390,0.01521,0.01949,0.01456,-52.65158,675.00000
3.32660,3.32660,3.32858,3.33252,3.33088,2.24583,2.25142,2.25142,2.25076,2.25043,0.01752,0.01817,0.01554,0.01949,0.01456,-52.41713,676.00000
3.32989,3.33285,3.32825,3.33285,3.33351,2.24945,2.25043,2.24583,2.25372,2.24583,0.01160,0.01752,0.01817,0.01752,0.01916,-52.41713,677.00000
3.33252,3.33022,3.33516,3.33417,3.32660,2.25241,2.24649,2.25175,2.24714,2.24714,0.01423,0.01752,0.01719,0.01521,0.01817,-52.21038,678.00000
3.33779,3.33384,3.32989,3.33220,3.33351,2.24912,2.25076,2.25010,2.24813,2.25274,0.01883,0.01620,0.01653,0.01192,0.01456,-52.21038,679.00000
3.33285,3.33022,3.33647,3.33154,3.32693,2.25010,2.24912,2.24879,2.24912,2.24945,0.01850,0.01488,0.02344,0.01686,0.01620,-51.85282,680.00000
3.32891,3.33154,3.33516,3.32792,3.33318,2.25274,2.24945,2.25010,2.25076,2.25010,0.01916,0.01390,0.01883,0.01587,0.01883,-51.85282,681.00000
3.32726,3.33845,3.33121,3.33910,3.33483,2.25306,2.25142,2.25175,2.25306,2.24813,0.01850,0.02080,0.01686,0.02113,0.01784,-51.80162,682.00000
3.34173,3.33812,3.33812,3.33647,3.33022,2.24714,2.24846,2.25076,2.25175,2.25438,0.01423,0.01784,0.01423,0.01587,0.01752,-51.80162,683.00000
3.33516,3.33845,3.33220,3.33088,3.33614,2.25142,2.24813,2.24945,2.24780,2.24583,0.01784,0.01752,0.02245,0.02015,0.01686,-51.53637,684.00000
3.33384,3.33187,3.33483,3.33483,3.33483,2.25076,2.25405,2.25306,2.24879,2.25142,0.01949,0.01784,0.01587,0.02080,0.01982,-51.53637,685.00000
3.33614,3.33483,3.32792,3.33779,3.33154,2.25010,2.24616,2.25438,2.25043,2.25339,0.01488,0.01817,0.01456,0.01817,0.01784,-51.01285,686.00000
3.33154,3.33220,3.33581,3.33088,3.34009,2.24912,2.24945,2.24945,2.24780,2.25109,0.01949,0.01784,0.01850,0.01916,0.02113,-51.01285,687.00000
3.33516,3.32956,3.33549,3.33220,3.33581,2.24747,2.24780,2.24780,2.24681,2.25010,0.01949,0.02048,0.01949,0.01949,0.02048,-50.72243,688.00000
3.33384,3.33516,3.33943,3.33450,3.33351,2.24912,2.25438,2.24978,2.25339,2.25043,0.02146,0.01949,0.01719,0.01883,0.02146,-50.72243,689.00000
3.33351,3.34239,3.33088,3.33943,3.33581,2.24978,2.24978,2.25405,2.24616,2.24780,0.02278,0.01916,0.02179,0.02080,0.02080,-51.09686,690.00000
3.33614,3.33910,3.33647,3.33647,3.33187,2.24813,2.24385,2.24681,2.24780,2.24846,0.02475,0.01916,0.01916,0.01982,0.02179,-51.09686,691.00000
3.33845,3.33351,3.32628,3.33647,3.33647,2.25142,2.25142,2.25241,2.24813,2.24714,0.02278,0.02113,0.01883,0.01784,0.02146,-51.15604,692.00000
3.33614,3.33680,3.32759,3.33285,3.33483,2.25175,2.25142,2.25109,2.25076,2.24616,0.02113,0.01752,0.01949,0.01817,0.02179,-51.15604,693.00000
3.33483,3.34173,3.33417,3.33943,3.33088,2.24879,2.25076,2.25274,2.25109,2.24912,0.01653,0.01949,0.02048,0.02080,0.02212,-51.39407,694.00000
3.33252,3.33746,3.33285,3.33252,3.33746,2.24879,2.25274,2.24813,2.24681,2.24813,0.02015,0.01949,0.01883,0.02015,0.02245,-51.39407,695.00000
3.33746,3.33549,3.33680,3.33483,3.33417,2.24747,2.24879,2.24747,2.24747,2.25142,0.02278,0.01949,0.02278,0.02015,0.01916,-51.09214,696.00000
3.34206,3.34141,3.33812,3.34141,3.33549,2.25043,2.24583,2.24945,2.24978,2.25175,0.02344,0.02311,0.02278,0.02245,0.01850,-51.09214,697.00000
3.33680,3.33647,3.34700,3.33549,3.34371,2.24320,2.24846,2.24912,2.24912,2.24649,0.02113,0.02080,0.01784,0.01784,0.02080,-51.04548,698.00000
3.33647,3.33351,3.34173,3.33845,3.33450,2.25043,2.24945,2.24813,2.25043,2.24780,0.01850,0.02146,0.02146,0.02245,0.02376,-51.04548,699.00000
3.33713,3.34173,3.34173,3.33417,3.33483,2.24550,2.24616,2.25306,2.25076,2.25076,0.02179,0.02245,0.02442,0.02475,0.02245,-51.43103,700.00000
3.33976,3.34075,3.33877,3.34371,3.34371,2.24517,2.25175,2.25043,2.24517,2.24780,0.02245,0.02179,0.02146,0.02376,0.01719,-51.43103,701.00000
3.34009,3.33384,3.33516,3.34173,3.33746,2.25142,2.25372,2.24813,2.25175,2.24945,0.02245,0.02179,0.02574,0.02113,0.02048,-51.42603,702.00000
3.34469,3.33845,3.33845,3.33877,3.34272,2.24681,2.25175,2.25142,2.25208,2.25010,0.02048,0.02376,0.02738,0.01850,0.02344,-51.42603,703.00000
3.34634,3.34239,3.33845,3.34272,3.34535,2.25175,2.24616,2.24879,2.24714,2.24912,0.02179,0.02344,0.02541,0.02113,0.02179,-51.30713,704.00000
3.34338,3.33779,3.34338,3.34502,3.33812,2.25010,2.24681,2.25372,2.25208,2.25010,0.02113,0.02179,0.02344,0.02113,0.02245,-51.30713,705.00000
3.33055,3.34108,3.33779,3.33910,3.34141,2.24649,2.25109,2.24649,2.25142,2.25438,0.01883,0.02541,0.02837,0.02278,0.02311,-51.44759,706.00000
3.33877,3.34700,3.34338,3.34206,3.33910,2.24681,2.24780,2.24747,2.25142,2.25109,0.02508,0.01916,0.02311,0.02080,0.02607,-51.44759,707.00000
3.34141,3.33779,3.34108,3.34108,3.34141,2.25471,2.24747,2.24945,2.24978,2.25010,0.02113,0.02574,0.02179,0.02179,0.02771,-51.79677,708.00000
3.34272,3.34075,3.34831,3.34206,3.34338,2.25142,2.24353,2.25010,2.24945,2.25142,0.02344,0.02376,0.02409,0.02311,0.02212,-51.79677,709.00000
3.34075,3.34141,3.33976,3.34437,3.34469,2.24978,2.25076,2.25208,2.24879,2.25109,0.02278,0.02442,0.02344,0.02804,0.02212,-51.64218,710.00000
3.34535,3.34733,3.33647,3.35029,3.34042,2.25076,2.24912,2.25570,2.24714,2.25010,0.02903,0.02245,0.02541,0.02409,0.02508,-51.64218,711.00000
3.34305,3.34700,3.34141,3.34206,3.34568,2.24846,2.24978,2.25010,2.25076,2.24780,0.02311,0.02541,0.02705,0.02541,0.02541,-51.65794,712.00000
3.34009,3.34305,3.34338,3.34371,3.34272,2.25109,2.24978,2.25241,2.24681,2.24780,0.02640,0.02541,0.02672,0.02705,0.02640,-51.65794,713.00000
3.34535,3.34075,3.34798,3.34601,3.34897,2.24780,2.25109,2.24912,2.25241,2.24616,0.02574,0.02541,0.02640,0.03133,0.02245,-51.44709,714.00000
3.34535,3.34502,3.34173,3.34371,3.34469,2.25208,2.25241,2.24912,2.25241,2.25010,0.02672,0.02672,0.02179,0.02541,0.02409,-51.44709,715.00000
3.34141,3.34634,3.34239,3.34469,3.34535,2.24846,2.25274,2.25109,2.24616,2.24879,0.02508,0.02442,0.02738,0.02574,0.02311,-51.33745,716.00000
3.34437,3.34634,3.34667,3.34239,3.34009,2.25175,2.25109,2.24517,2.24879,2.25109,0.02409,0.02903,0.02212,0.02278,0.02738,-51.33745,717.00000
3.33845,3.33943,3.34963,3.34535,3.34700,2.24550,2.25076,2.25043,2.24747,2.24747,0.02311,0.02837,0.02607,0.02475,0.02804,-51.23506,718.00000
3.34765,3.34733,3.34075,3.34338,3.34469,2.24747,2.24846,2.25076,2.25241,2.24978,0.02409,0.02409,0.02607,0.02574,0.02903,-51.23506,719.00000
3.34437,3.34765,3.35094,3.34469,3.34535,2.25274,2.24747,2.24813,2.25043,2.24517,0.02607,0.02376,0.02607,0.02409,0.02278,-51.13587,720.00000
3.34601,3.34404,3.34765,3.34469,3.34437,2.24978,2.24780,2.24978,2.24780,2.25010,0.02442,0.02936,0.02837,0.02771,0.02640,-50.64820,721.00000
3.34042,3.34667,3.34996,3.34535,3.34601,2.25339,2.25142,2.24912,2.24846,2.25208,0.03067,0.02804,0.02541,0.02870,0.02705,-50.64820,722.00000
3.34338,3.34404,3.35160,3.34601,3.34667,2.25175,2.25043,2.24945,2.24978,2.25109,0.02771,0.02936,0.02738,0.02607,0.03232,-50.64820,723.00000
3.34733,3.34568,3.35061,3.34996,3.34502,2.25076,2.25043,2.24616,2.25175,2.24649,0.02870,0.02936,0.03100,0.02738,0.02607,-50.59489,724.00000
3.34667,3.35390,3.35029,3.34601,3.34700,2.25043,2.24879,2.24747,2.24813,2.24780,0.03034,0.02607,0.02771,0.02870,0.02771,-50.59489,725.00000
3.34634,3.34864,3.35489,3.34502,3.34700,2.25372,2.25537,2.25306,2.24846,2.24550,0.02607,0.02607,0.02771,0.02771,0.02771,-50.42589,726.00000
3.34469,3.35325,3.35193,3.35061,3.34108,2.25109,2.25010,2.25076,2.24780,2.25306,0.02672,0.02804,0.02936,0.03133,0.02968,-50.42589,727.00000
3.35226,3.34469,3.35357,3.35292,3.34864,2.25109,2.25241,2.25241,2.24813,2.25372,0.03232,0.03034,0.02738,0.03067,0.02903,-50.66967,728.00000
3.34798,3.34108,3.35423,3.34700,3.35094,2.24978,2.24846,2.25306,2.25208,2.25076,0.03297,0.03100,0.03199,0.03034,0.02837,-50.66967,729.00000
3.34634,3.34930,3.34765,3.34700,3.34733,2.24879,2.25076,2.24780,2.24681,2.25142,0.03166,0.03001,0.02442,0.03034,0.02705,-50.75406,730.00000
3.34963,3.35193,3.35226,3.34864,3.34963,2.24747,2.25339,2.25109,2.25109,2.25208,0.02903,0.03001,0.02508,0.02804,0.02936,-50.75406,731.00000
3.34601,3.35621,3.35094,3.34700,3.34831,2.25339,2.25208,2.25274,2.24978,2.24550,0.03265,0.02968,0.02640,0.02968,0.02936,-50.06651,732.00000
3.35423,3.34897,3.35193,3.35029,3.35160,2.24714,2.25438,2.25076,2.25142,2.24945,0.03067,0.03067,0.03100,0.02936,0.03001,-50.06651,733.00000
3.35226,3.34667,3.34700,3.35357,3.34634,2.24846,2.25241,2.25274,2.24550,2.25241,0.03199,0.03001,0.02837,0.03199,0.03034,-50.35521,734.00000
3.35851,3.35390,3.34930,3.35357,3.35357,2.25274,2.25175,2.25438,2.25142,2.25438,0.03265,0.03199,0.02475,0.03297,0.03067,-50.35521,735.00000
3.35292,3.35325,3.35357,3.35292,3.35029,2.24945,2.25076,2.25241,2.25537,2.25109,0.03001,0.03067,0.03166,0.03396,0.03462,-50.20263,736.00000
3.35259,3.35061,3.35489,3.35621,3.34963,2.24649,2.24649,2.25241,2.25438,2.25306,0.03593,0.03067,0.03265,0.03001,0.02738,-50.20263,737.00000
3.35357,3.34733,3.35127,3.35061,3.35357,2.25010,2.25175,2.24912,2.24846,2.25109,0.03232,0.02903,0.03001,0.03297,0.03232,-49.59798,738.00000
3.35193,3.35851,3.35259,3.35357,3.34733,2.25274,2.24747,2.25274,2.24912,2.24780,0.03528,0.03396,0.03001,0.02640,0.03133,-49.59798,739.00000
3.35851,3.34798,3.35259,3.35029,3.35621,2.25142,2.24945,2.24681,2.24879,2.24945,0.03001,0.03166,0.03955,0.03232,0.03034,-48.23784,740.00000
3.35456,3.35390,3.35292,3.34864,3.35917,2.24945,2.25570,2.24912,2.25537,2.25142,0.03133,0.03265,0.03396,0.03232,0.02968,-48.23784,741.00000
3.35752,3.35423,3.35357,3.36213,3.35456,2.24879,2.25175,2.25175,2.25076,2.24649,0.02936,0.03495,0.03363,0.02968,0.03067,-46.61169,742.00000
3.35390,3.35555,3.35127,3.34930,3.35259,2.25010,2.25438,2.25142,2.25208,2.25175,0.03363,0.03133,0.03561,0.02804,0.02936,-46.61169,743.00000
3.34963,3.35621,3.35259,3.35357,3.34963,2.25043,2.24714,2.24846,2.24879,2.24780,0.03265,0.03593,0.03330,0.03593,0.03166,-44.67960,744.00000
3.35884,3.35325,3.35818,3.35456,3.35292,2.24780,2.25076,2.25043,2.24583,2.25142,0.03396,0.03100,0.03363,0.03462,0.03495,-44.67960,745.00000
3.35094,3.35621,3.35094,3.35686,3.35621,2.25043,2.25109,2.25010,2.24747,2.25043,0.03528,0.03232,0.03199,0.03889,0.02936,-45.19981,746.00000
3.35226,3.35193,3.35390,3.35555,3.35555,2.24780,2.25142,2.24912,2.24945,2.24780,0.03363,0.03659,0.03330,0.03100,0.03166,-45.19981,747.00000
3.35094,3.35785,3.35259,3.35653,3.35456,2.25241,2.24945,2.24912,2.25405,2.24616,0.03100,0.03659,0.03429,0.03100,0.03363,-45.82657,748.00000
3.35423,3.35325,3.35719,3.35456,3.35522,2.24780,2.25142,2.24780,2.24649,2.24879,0.03528,0.03593,0.03593,0.03330,0.03330,-45.82657,749.00000
3.35029,3.34996,3.35752,3.35061,3.35588,2.25142,2.24583,2.25438,2.24978,2.25241,0.03232,0.03330,0.03001,0.03297,0.03330,-46.77500,750.00000
3.35390,3.36180,3.35423,3.35884,3.34831,2.25372,2.24813,2.25701,2.25109,2.24747,0.03100,0.03396,0.03758,0.03396,0.03034,-46.77500,751.00000
3.35456,3.35160,3.36673,3.35259,3.35456,2.24747,2.24484,2.24978,2.24879,2.25010,0.04021,0.03495,0.03626,0.03495,0.02870,-47.42683,752.00000
3.35588,3.35752,3.35719,3.35621,3.35226,2.24912,2.24912,2.25043,2.24583,2.25076,0.03166,0.03363,0.03561,0.03692,0.03462,-47.42683,753.00000
3.35719,3.35522,3.35917,3.35686,3.35719,2.24714,2.24813,2.24583,2.24747,2.25800,0.03692,0.03495,0.03692,0.03659,0.03922,-48.04204,754.00000
3.35522,3.35357,3.35226,3.36278,3.35226,2.24879,2.25175,2.24451,2.24484,2.25010,0.03462,0.03561,0.03857,0.03396,0.03692,-48.04204,755.00000
3.36114,3.35719,3.35752,3.35325,3.35686,2.25010,2.25175,2.24945,2.24846,2.24714,0.03659,0.03495,0.04021,0.03495,0.03824,-48.63447,756.00000
3.35456,3.35719,3.35226,3.35555,3.36048,2.24649,2.25208,2.24846,2.25537,2.25372,0.03791,0.04218,0.03758,0.03725,0.03988,-48.63447,757.00000
3.35456,3.35851,3.36476,3.35522,3.35456,2.25175,2.24978,2.24517,2.25043,2.24978,0.04153,0.03659,0.03659,0.03889,0.03725,-49.38099,758.00000
3.35325,3.35588,3.35785,3.35785,3.35982,2.25339,2.25010,2.25109,2.25010,2.25142,0.03824,0.03791,0.03824,0.03857,0.03824,-49.38099,759.00000
3.36114,3.36015,3.35752,3.35719,3.35917,2.24978,2.24912,2.24649,2.24945,2.25208,0.03758,0.03758,0.03659,0.03462,0.03725,-49.60197,760.00000
3.35950,3.36147,3.36476,3.35390,3.35719,2.25208,2.25109,2.25010,2.25010,2.25043,0.04054,0.03791,0.03857,0.04054,0.04251,-49.60197,761.00000
3.36015,3.35917,3.35851,3.36180,3.35884,2.24945,2.24879,2.25010,2.24846,2.24912,0.03857,0.03758,0.03758,0.03725,0.03593,-49.91369,762.00000
3.36410,3.35686,3.36180,3.35884,3.35588,2.24945,2.25208,2.25076,2.24879,2.24978,0.03758,0.03758,0.03857,0.03692,0.03824,-49.91369,763.00000
3.35950,3.35982,3.36278,3.36048,3.36344,2.24747,2.25208,2.25306,2.25109,2.24813,0.03791,0.03725,0.03922,0.04218,0.04120,-50.11661,764.00000
3.36114,3.36509,3.35719,3.36509,3.35818,2.24714,2.24780,2.24846,2.25208,2.24681,0.04185,0.04021,0.03955,0.04153,0.03791,-50.11661,765.00000
3.36476,3.36114,3.36147,3.36114,3.36048,2.24813,2.25405,2.25010,2.25471,2.24780,0.04120,0.03725,0.04054,0.03988,0.04383,-50.21771,766.00000
3.36278,3.36081,3.36443,3.36607,3.36213,2.24681,2.25306,2.25241,2.25142,2.25076,0.03922,0.03692,0.03955,0.04120,0.04054,-50.21771,767.00000
3.36311,3.35752,3.36081,3.36574,3.36015,2.24681,2.25471,2.24484,2.25306,2.24846,0.04054,0.03692,0.04350,0.04021,0.04021,-50.25582,768.00000
3.36015,3.36114,3.36213,3.36936,3.36048,2.24484,2.24649,2.24616,2.25372,2.24945,0.04251,0.04120,0.04054,0.04218,0.04251,-50.25582,769.00000
3.36147,3.36147,3.35686,3.35818,3.36509,2.25109,2.24978,2.24353,2.25109,2.24813,0.03857,0.04284,0.03857,0.04185,0.03889,-50.39516,770.00000
3.35851,3.35917,3.35686,3.36476,3.35982,2.24945,2.24912,2.24945,2.24484,2.24484,0.04317,0.04449,0.04185,0.04251,0.04120,-50.39516,771.00000
3.36476,3.35917,3.36772,3.35884,3.36114,2.24583,2.25109,2.24320,2.24747,2.25109,0.03857,0.04284,0.04449,0.04383,0.04416,-50.46038,772.00000
3.36213,3.35653,3.36476,3.36114,3.36640,2.24517,2.24879,2.24846,2.24945,2.24879,0.04251,0.03955,0.04350,0.04317,0.04317,-50.46038,773.00000
3.36180,3.36772,3.36180,3.36081,3.36048,2.24780,2.24517,2.25142,2.25076,2.25274,0.04185,0.04547,0.04284,0.04449,0.04350,-50.74474,774.00000
3.35851,3.36180,3.37101,3.36246,3.36607,2.24583,2.25043,2.24550,2.25010,2.24879,0.04284,0.04317,0.04547,0.04416,0.04153,-50.74474,775.00000
3.36509,3.36015,3.35621,3.36476,3.36476,2.24813,2.24583,2.25372,2.25734,2.24912,0.04745,0.04481,0.04481,0.04153,0.04284,-50.70971,776.00000
3.36278,3.35917,3.36509,3.36114,3.35752,2.24780,2.24583,2.25405,2.25208,2.25043,0.04613,0.04613,0.04317,0.04942,0.04449,-50.70971,777.00000
3.35785,3.36147,3.35982,3.36147,3.36410,2.24714,2.24747,2.25076,2.24616,2.25109,0.04909,0.04679,0.04613,0.04712,0.04251,-50.59521,778.00000
3.36443,3.35752,3.36081,3.36838,3.36015,2.24681,2.25142,2.25175,2.25274,2.24714,0.04481,0.04481,0.04613,0.04514,0.04712,-50.48470,779.00000
3.36607,3.36509,3.36706,3.36213,3.36246,2.24813,2.25010,2.24912,2.24912,2.25076,0.04547,0.04646,0.04646,0.04909,0.04449,-50.48470,780.00000
3.35982,3.36246,3.36213,3.36147,3.36542,2.24945,2.24550,2.24747,2.24879,2.24681,0.04646,0.04745,0.05041,0.04449,0.04580,-50.48470,781.00000
3.36476,3.36542,3.35785,3.36673,3.36048,2.24813,2.25109,2.25175,2.25043,2.25010,0.04481,0.04712,0.04514,0.04679,0.04481,-50.09527,782.00000
3.36574,3.36377,3.36246,3.36344,3.36410,2.24945,2.24879,2.24418,2.24583,2.24681,0.04646,0.04416,0.04975,0.04646,0.04843,-50.09527,783.00000
3.36509,3.36213,3.37035,3.36870,3.36278,2.25175,2.24912,2.24550,2.24517,2.24681,0.04942,0.04646,0.04679,0.04810,0.05073,-50.28161,784.00000
3.36180,3.36246,3.36640,3.36640,3.36443,2.24813,2.24681,2.24517,2.24418,2.24912,0.04383,0.05106,0.04843,0.04745,0.04745,-50.28161,785.00000
3.36410,3.36213,3.36772,3.36509,3.36147,2.24583,2.25142,2.25010,2.24879,2.25142,0.04810,0.04975,0.04975,0.04514,0.05008,-50.43188,786.00000
3.37134,3.36640,3.36476,3.35752,3.36640,2.24912,2.24780,2.24550,2.25043,2.24780,0.04745,0.05369,0.05205,0.04843,0.04876,-50.43188,787.00000
3.36443,3.36542,3.36213,3.36706,3.35950,2.24747,2.24681,2.24846,2.24747,2.25241,0.04580,0.05139,0.05238,0.04975,0.05008,-50.16260,788.00000
3.36903,3.36673,3.36805,3.36081,3.36213,2.24945,2.24550,2.24550,2.24978,2.24879,0.04481,0.04745,0.05073,0.05238,0.05172,-50.16260,789.00000
3.36936,3.36443,3.36706,3.36311,3.36246,2.24879,2.24583,2.24879,2.24155,2.25010,0.05304,0.04942,0.05041,0.04843,0.05041,-49.94238,790.00000
3.36739,3.36870,3.36180,3.37331,3.36838,2.24385,2.25208,2.24912,2.24912,2.24550,0.05041,0.04876,0.05106,0.04909,0.04909,-49.94238,791.00000
3.37035,3.36640,3.37101,3.36739,3.37232,2.24747,2.24747,2.24616,2.24912,2.25043,0.05172,0.05205,0.05008,0.05205,0.05435,-50.13411,792.00000
3.37101,3.37364,3.36870,3.36673,3.35884,2.24846,2.24155,2.24616,2.24714,2.24780,0.04975,0.05567,0.05271,0.05073,0.05402,-50.13411,793.00000
3.36574,3.36673,3.36936,3.36673,3.36607,2.24813,2.24813,2.25010,2.24912,2.25076,0.05139,0.04712,0.05271,0.05238,0.05435,-49.47580,794.00000
3.37002,3.37430,3.37101,3.36081,3.37166,2.24945,2.25306,2.24879,2.24649,2.24780,0.05468,0.05633,0.05106,0.05238,0.05205,-49.47580,795.00000
3.37660,3.37166,3.37528,3.36673,3.37265,2.25010,2.25372,2.24945,2.24188,2.24945,0.05402,0.05534,0.05369,0.05073,0.05402,-49.32827,796.00000
3.37134,3.36936,3.37298,3.37462,3.36969,2.25043,2.24879,2.25142,2.24780,2.24978,0.05731,0.05304,0.05797,0.05698,0.05633,-49.32827,797.00000
3.37002,3.37134,3.37199,3.37035,3.36574,2.24813,2.24879,2.24681,2.25043,2.24846,0.05534,0.05041,0.05567,0.05468,0.05369,-46.97894,798.00000
3.37298,3.37232,3.37364,3.37331,3.36903,2.24846,2.24583,2.24846,2.24813,2.24846,0.05205,0.05567,0.05534,0.05567,0.05633,-46.97894,799.00000
3.37528,3.37397,3.36640,3.37364,3.37364,2.24879,2.24879,2.24912,2.25208,2.24813,0.05402,0.05205,0.05665,0.05731,0.05534,-47.21773,800.00000
3.37101,3.37035,3.37495,3.36969,3.37265,2.24714,2.25175,2.24846,2.25043,2.25175,0.05797,0.05271,0.05600,0.05698,0.05863,-47.21773,801.00000
3.37035,3.37265,3.37068,3.37101,3.36903,2.25142,2.25438,2.24912,2.25208,2.24978,0.05929,0.05402,0.05830,0.05633,0.05764,-47.33461,802.00000
3.37693,3.37265,3.37232,3.37035,3.37430,2.25109,2.24221,2.25076,2.25241,2.25208,0.05534,0.05304,0.05435,0.05764,0.05929,-47.89755,803.00000
3.37199,3.37199,3.37758,3.36870,3.37134,2.25306,2.24780,2.25142,2.24912,2.25076,0.06225,0.05994,0.05863,0.05962,0.05501,-47.89755,804.00000
3.37791,3.37232,3.37364,3.37462,3.37627,2.25043,2.24978,2.25043,2.25274,2.25043,0.05830,0.06027,0.06060,0.05731,0.05994,-47.89755,805.00000
3.37923,3.37397,3.37430,3.37397,3.37528,2.25043,2.25372,2.25142,2.25274,2.25109,0.05896,0.05665,0.05797,0.06027,0.05962,-48.91249,806.00000
3.37265,3.37528,3.37956,3.37430,3.36805,2.25043,2.25010,2.25372,2.24912,2.24846,0.06192,0.05863,0.05501,0.05731,0.06159,-48.91249,807.00000
3.37134,3.37495,3.37561,3.36969,3.37693,2.24912,2.25043,2.25339,2.24945,2.24846,0.06159,0.06323,0.06027,0.05830,0.05698,-49.60703,808.00000
3.37364,3.36903,3.37298,3.37331,3.37627,2.24846,2.24681,2.25241,2.24879,2.24451,0.06159,0.06389,0.05896,0.05929,0.06027,-49.60703,809.00000
3.37199,3.37758,3.37397,3.37397,3.36772,2.25010,2.24813,2.25372,2.24846,2.24714,0.05402,0.06126,0.05698,0.06159,0.06422,-49.17324,810.00000
3.37561,3.37232,3.37101,3.37199,3.38186,2.25175,2.25010,2.24681,2.25274,2.24714,0.05929,0.06159,0.05863,0.05633,0.06093,-49.17324,811.00000
3.37364,3.37495,3.36772,3.37134,3.37134,2.25241,2.24813,2.24714,2.24681,2.25471,0.06290,0.05830,0.06323,0.06126,0.06554,-49.72877,812.00000
3.37923,3.37660,3.37923,3.37232,3.38318,2.24879,2.25142,2.25010,2.24681,2.24616,0.06192,0.06290,0.06060,0.06159,0.06027,-49.72877,813.00000
3.37199,3.37726,3.37528,3.37627,3.37726,2.25142,2.24484,2.24780,2.24846,2.24813,0.06225,0.06718,0.06225,0.06323,0.06389,-50.22608,814.00000
3.37594,3.37660,3.37824,3.37923,3.37693,2.25076,2.24616,2.24747,2.25076,2.24912,0.06126,0.06455,0.06455,0.06126,0.06685,-50.22608,815.00000
3.37462,3.37462,3.37101,3.37627,3.38087,2.24945,2.24714,2.24912,2.25142,2.25504,0.06389,0.06422,0.06586,0.06258,0.06323,-50.55111,816.00000
3.37397,3.37364,3.37561,3.37693,3.37857,2.24616,2.24813,2.24550,2.24813,2.25010,0.06521,0.06784,0.06488,0.06323,0.06093,-50.55111,817.00000
3.37462,3.37824,3.37693,3.37693,3.37923,2.24583,2.24846,2.24649,2.24616,2.24912,0.06718,0.06751,0.06718,0.06554,0.06850,-50.56435,818.00000
3.37495,3.38285,3.38087,3.37561,3.37166,2.24813,2.24978,2.25208,2.24649,2.25339,0.06685,0.06685,0.06422,0.06817,0.06290,-50.56435,819.00000
3.37791,3.37495,3.37693,3.38383,3.37397,2.25175,2.25306,2.25372,2.25208,2.24912,0.06817,0.06882,0.07113,0.06751,0.06652,-50.76197,820.00000
3.37627,3.37726,3.38120,3.37660,3.37857,2.24813,2.24978,2.25142,2.25010,2.24846,0.06488,0.06356,0.06915,0.06389,0.07014,-50.76197,821.00000
3.37824,3.37989,3.38054,3.37890,3.38351,2.24945,2.24879,2.25175,2.24649,2.25274,0.07310,0.06554,0.06981,0.06784,0.07113,-50.48682,822.00000
3.37989,3.37824,3.38383,3.38120,3.37594,2.25010,2.25175,2.25241,2.24649,2.25372,0.07178,0.06685,0.06554,0.06652,0.06981,-50.48682,823.00000
3.37726,3.37462,3.37956,3.37923,3.37693,2.25175,2.24912,2.25076,2.25010,2.25109,0.06817,0.06948,0.07080,0.07343,0.07014,-51.12208,824.00000
3.37660,3.38022,3.37758,3.37857,3.37758,2.24945,2.24780,2.25438,2.25043,2.24747,0.07113,0.06850,0.07146,0.06784,0.06981,-51.12208,825.00000
3.37758,3.38054,3.38186,3.37495,3.37890,2.25109,2.24912,2.25043,2.24780,2.24681,0.07178,0.06488,0.07146,0.07146,0.07146,-51.51465,826.00000
3.37890,3.38482,3.37989,3.37758,3.37824,2.24616,2.25043,2.24846,2.24912,2.25043,0.07442,0.06915,0.07211,0.06915,0.07178,-51.51465,827.00000
3.37726,3.37890,3.38022,3.38186,3.37627,2.24912,2.25405,2.24747,2.24780,2.25010,0.07474,0.07146,0.07376,0.06915,0.07178,-51.70801,828.00000
3.38318,3.37693,3.38712,3.38153,3.38482,2.24616,2.25208,2.24912,2.24945,2.25076,0.07343,0.07211,0.07409,0.07244,0.07244,-51.70801,829.00000
3.37791,3.38416,3.37857,3.38153,3.37890,2.25274,2.25274,2.25372,2.25241,2.25537,0.07146,0.07376,0.07343,0.07376,0.07080,-51.22168,830.00000
3.37758,3.37660,3.38153,3.38022,3.37824,2.25175,2.24780,2.24945,2.25339,2.25043,0.07343,0.07507,0.07573,0.07146,0.07474,-51.22168,831.00000
3.37660,3.38153,3.38679,3.37890,3.38318,2.25208,2.24945,2.25208,2.25043,2.24945,0.07507,0.07310,0.07211,0.07080,0.07047,-51.39225,832.00000
3.38252,3.38351,3.38252,3.38054,3.38416,2.25142,2.25109,2.24714,2.25109,2.24714,0.07310,0.07047,0.07343,0.07376,0.07836,-51.39225,833.00000
3.38186,3.37857,3.38054,3.38383,3.38285,2.25306,2.25274,2.25208,2.25010,2.25405,0.07672,0.07277,0.07343,0.07573,0.07080,-51.37576,834.00000
3.38153,3.38778,3.37890,3.38647,3.38351,2.24945,2.25010,2.25010,2.25274,2.25076,0.07080,0.07606,0.07836,0.07474,0.07277,-51.37576,835.00000
3.38252,3.38219,3.37495,3.38120,3.37989,2.25372,2.25076,2.24879,2.24912,2.25175,0.07409,0.07869,0.07738,0.07540,0.07738,-51.31756,836.00000
3.38449,3.38186,3.38252,3.38153,3.38351,2.24813,2.25274,2.25175,2.24879,2.24813,0.07178,0.07738,0.07310,0.07738,0.07968,-51.31756,837.00000
3.38054,3.38482,3.38811,3.37857,3.38285,2.25208,2.25010,2.24912,2.24780,2.24945,0.07442,0.07705,0.07770,0.07968,0.08034,-51.32108,838.00000
3.37956,3.38153,3.38416,3.38285,3.38745,2.24978,2.25570,2.25175,2.24780,2.24517,0.08001,0.07409,0.07474,0.07507,0.08330,-51.32108,839.00000
3.38778,3.38416,3.39173,3.38022,3.38811,2.25142,2.25076,2.25602,2.24912,2.25175,0.07770,0.07705,0.07836,0.07639,0.07836,-51.29251,840.00000
3.39140,3.38120,3.38943,3.38548,3.38022,2.25010,2.25175,2.25372,2.25438,2.25043,0.08066,0.07770,0.07639,0.07705,0.07902,-51.29251,841.00000
3.38943,3.38482,3.38252,3.38778,3.38844,2.25274,2.25570,2.25372,2.25076,2.25043,0.08034,0.08165,0.08099,0.08428,0.08034,-51.36786,842.00000
3.38647,3.38647,3.38515,3.38153,3.38778,2.25109,2.25142,2.25142,2.25208,2.25570,0.08034,0.07869,0.08066,0.08001,0.07770,-51.36786,843.00000
3.38383,3.38449,3.38910,3.38811,3.38351,2.25175,2.25142,2.24978,2.25241,2.24879,0.08132,0.08099,0.08165,0.08034,0.08264,-51.46854,844.00000
3.38647,3.38745,3.38581,3.39074,3.38910,2.25208,2.25043,2.24714,2.24616,2.24813,0.08198,0.08165,0.08428,0.08527,0.08395,-51.46854,845.00000
3.38548,3.39041,3.38252,3.38910,3.38877,2.24978,2.24813,2.24978,2.24879,2.24780,0.08001,0.08231,0.08099,0.08297,0.08428,-51.56659,846.00000
3.39041,3.38285,3.38318,3.38351,3.39074,2.25405,2.24879,2.25109,2.25010,2.25043,0.08461,0.08132,0.08428,0.08527,0.08362,-51.56659,847.00000
3.38548,3.38844,3.38416,3.38811,3.39337,2.25109,2.25668,2.25241,2.24879,2.25142,0.08560,0.08264,0.08527,0.08231,0.08264,-51.96888,848.00000
3.39337,3.38383,3.38844,3.38877,3.38482,2.25208,2.25175,2.25438,2.24681,2.25274,0.08132,0.08395,0.08428,0.08198,0.08198,-52.18172,849.00000
3.39206,3.38548,3.38252,3.38877,3.38548,2.24846,2.25438,2.25372,2.24879,2.24780,0.08231,0.08658,0.08198,0.08626,0.08264,-52.18172,850.00000
3.39469,3.39107,3.39041,3.38877,3.39469,2.24978,2.24846,2.24813,2.25372,2.25076,0.08724,0.08560,0.08691,0.08658,0.08593,-52.18172,851.00000
3.38712,3.38416,3.38416,3.39008,3.38482,2.24945,2.25701,2.25405,2.25043,2.24846,0.08626,0.08790,0.08560,0.08527,0.08626,-51.69374,852.00000
3.39633,3.38679,3.38975,3.39337,3.38712,2.25274,2.25372,2.24978,2.25208,2.25537,0.08626,0.08461,0.08757,0.08593,0.08626,-51.69374,853.00000
3.38482,3.38975,3.39206,3.39074,3.38745,2.24780,2.25306,2.25043,2.25570,2.25438,0.09053,0.08724,0.08658,0.08658,0.08922,-51.15032,854.00000
3.39206,3.39107,3.38778,3.38778,3.38614,2.25076,2.25372,2.25471,2.24978,2.25537,0.08724,0.08560,0.09020,0.08560,0.08790,-51.39351,855.00000
3.39337,3.38449,3.38745,3.38712,3.39239,2.25570,2.25076,2.25241,2.25339,2.24780,0.09185,0.08856,0.08790,0.08757,0.08922,-51.39351,856.00000
3.38679,3.39107,3.39140,3.39041,3.38482,2.25043,2.24978,2.24747,2.24978,2.24945,0.08790,0.09579,0.08955,0.08658,0.08856,-51.39351,857.00000
3.39173,3.38844,3.38614,3.39206,3.39567,2.25306,2.25339,2.25010,2.25241,2.24747,0.08856,0.09251,0.08955,0.08790,0.08889,-50.99736,858.00000
3.38548,3.38581,3.38844,3.38712,3.38581,2.25504,2.25339,2.25043,2.24813,2.25274,0.08987,0.08987,0.08757,0.09185,0.09086,-50.99736,859.00000
3.39107,3.39403,3.38778,3.39173,3.38778,2.25076,2.24879,2.24912,2.25010,2.24879,0.08922,0.09251,0.09185,0.09382,0.09382,-51.26224,860.00000
3.39600,3.38910,3.39074,3.39271,3.38679,2.25306,2.25043,2.25372,2.25241,2.24583,0.09349,0.09514,0.09152,0.09448,0.08987,-51.26224,861.00000
3.38811,3.39140,3.38285,3.39041,3.39436,2.25109,2.25208,2.25142,2.25142,2.24846,0.09283,0.08856,0.09349,0.09349,0.09218,-51.21584,862.00000
3.38647,3.38548,3.39239,3.38943,3.39074,2.24912,2.25208,2.25010,2.25504,2.24912,0.08856,0.09448,0.09349,0.09415,0.09612,-51.21584,863.00000
3.39535,3.39008,3.39107,3.38975,3.39206,2.25109,2.24846,2.25438,2.25767,2.25142,0.09514,0.09316,0.09612,0.09415,0.09382,-50.67547,864.00000
3.38811,3.38844,3.39304,3.39206,3.38679,2.24813,2.25043,2.25274,2.25471,2.25208,0.09843,0.09481,0.09645,0.09744,0.09547,-50.67547,865.00000
3.39469,3.38679,3.38975,3.38712,3.39173,2.24879,2.25208,2.24616,2.25076,2.25339,0.09645,0.09678,0.09777,0.09514,0.09843,-51.31783,866.00000
3.38943,3.38943,3.38877,3.39008,3.39008,2.25339,2.25142,2.24649,2.24714,2.24945,0.09843,0.09941,0.09875,0.09941,0.10204,-51.31783,867.00000
3.38548,3.39239,3.39206,3.39140,3.39239,2.25339,2.24945,2.25109,2.25076,2.25274,0.10500,0.09810,0.09678,0.10040,0.10402,-51.58330,868.00000
3.38679,3.39535,3.39041,3.38219,3.39074,2.24616,2.24649,2.25175,2.25438,2.25043,0.09843,0.10402,0.10073,0.09744,0.10204,-51.58330,869.00000
3.38877,3.39271,3.38647,3.38975,3.39173,2.24418,2.24813,2.24780,2.25241,2.25372,0.09908,0.09612,0.10237,0.09908,0.10073,-51.52754,870.00000
3.38679,3.38712,3.39206,3.39436,3.39008,2.24649,2.25339,2.24517,2.25372,2.24681,0.09974,0.10073,0.10073,0.10204,0.09744,-51.52754,871.00000
3.39370,3.39206,3.38811,3.39173,3.39271,2.25076,2.25076,2.24583,2.24747,2.25241,0.10632,0.10106,0.10237,0.09941,0.09744,-51.37318,872.00000
3.38877,3.38449,3.38614,3.38910,3.39107,2.24681,2.24945,2.24813,2.24649,2.24780,0.10040,0.09843,0.10237,0.10369,0.10040,-51.37318,873.00000
3.38910,3.39370,3.38778,3.38844,3.39041,2.24649,2.24879,2.24649,2.24550,2.24385,0.10632,0.10139,0.10435,0.10270,0.10566,-50.87964,874.00000
3.39008,3.39041,3.38548,3.39008,3.38811,2.24912,2.24747,2.24912,2.24616,2.24681,0.10270,0.10566,0.10204,0.10435,0.09974,-50.95427,875.00000
3.39239,3.39008,3.38416,3.38647,3.38877,2.24846,2.25010,2.24681,2.24879,2.24879,0.10467,0.10467,0.10336,0.10171,0.10139,-50.95427,876.00000
3.38712,3.39074,3.38877,3.38811,3.38943,2.25043,2.24583,2.24616,2.24747,2.24846,0.10435,0.10369,0.10533,0.10467,0.10731,-50.95427,877.00000
3.38614,3.38910,3.38548,3.38614,3.38877,2.24780,2.24846,2.24649,2.25109,2.24418,0.10731,0.10763,0.10599,0.10731,0.10435,-51.46463,878.00000
3.38679,3.39107,3.39140,3.38548,3.39502,2.24879,2.24616,2.25076,2.24879,2.24912,0.10402,0.10139,0.10533,0.10731,0.10369,-51.46463,879.00000
3.38581,3.39370,3.38943,3.39107,3.39041,2.24879,2.24846,2.24945,2.24813,2.24681,0.10270,0.10994,0.10961,0.10994,0.10994,-51.21731,880.00000
3.39567,3.39107,3.39107,3.39206,3.39074,2.24747,2.24813,2.24945,2.24945,2.24649,0.11191,0.10961,0.10500,0.10895,0.10665,-51.21731,881.00000
3.39041,3.38449,3.39863,3.39239,3.38778,2.24583,2.24846,2.24616,2.24616,2.24813,0.11092,0.10928,0.10500,0.11059,0.11125,-51.33725,882.00000
3.38515,3.38877,3.39239,3.39107,3.38647,2.24583,2.24846,2.24846,2.24846,2.25208,0.11027,0.11027,0.11257,0.10698,0.10566,-51.33725,883.00000
3.39107,3.38778,3.39239,3.38975,3.39469,2.24912,2.24616,2.24353,2.24353,2.25010,0.10928,0.11059,0.11158,0.11520,0.11487,-51.34235,884.00000
3.39041,3.38383,3.39140,3.39502,3.39403,2.24978,2.24254,2.24813,2.25142,2.24681,0.11553,0.11224,0.11355,0.11323,0.11290,-51.34235,885.00000
3.39567,3.39863,3.39403,3.39600,3.39271,2.24813,2.25142,2.24945,2.24714,2.25010,0.11421,0.11454,0.11355,0.11717,0.11586,-51.22205,886.00000
3.39206,3.39304,3.39239,3.39436,3.38647,2.24978,2.24813,2.25208,2.24714,2.24945,0.11520,0.11454,0.11520,0.11816,0.11553,-51.22205,887.00000
3.39074,3.39469,3.39502,3.38910,3.38581,2.24714,2.24747,2.25208,2.24681,2.25109,0.11717,0.11652,0.11750,0.11783,0.11553,-50.72681,888.00000
3.39535,3.38712,3.39304,3.39074,3.39436,2.24583,2.24550,2.24978,2.25010,2.24846,0.11816,0.12145,0.11652,0.11750,0.11586,-51.32601,889.00000
3.39535,3.39271,3.39403,3.39370,3.38778,2.24912,2.24879,2.25241,2.25142,2.24649,0.11849,0.11816,0.11783,0.11652,0.11783,-51.32601,890.00000
3.38975,3.39436,3.38975,3.39041,3.38943,2.24714,2.24780,2.24550,2.24846,2.24714,0.11915,0.12013,0.11882,0.11323,0.12145,-51.32601,891.00000
3.39798,3.39271,3.38482,3.39206,3.38679,2.24320,2.24583,2.24353,2.25175,2.24813,0.12013,0.11849,0.11849,0.12079,0.11684,-51.67990,892.00000
3.39107,3.39271,3.39271,3.39173,3.39469,2.24418,2.24550,2.24681,2.24780,2.24649,0.12013,0.12375,0.12178,0.12079,0.12276,-51.67990,893.00000
3.39304,3.39337,3.39239,3.39041,3.39633,2.25010,2.24714,2.24714,2.24714,2.24747,0.12145,0.12276,0.11816,0.12145,0.12540,-51.38524,894.00000
3.39732,3.39633,3.38844,3.39140,3.39666,2.24385,2.24550,2.25208,2.25339,2.24813,0.12836,0.12868,0.12276,0.12013,0.12737,-51.38524,895.00000
3.39567,3.39699,3.39863,3.39831,3.39535,2.24517,2.24747,2.24846,2.25241,2.24813,0.12276,0.12408,0.12572,0.12605,0.12507,-51.53384,896.00000
3.39567,3.39567,3.40061,3.39798,3.39929,2.24879,2.24912,2.24681,2.24747,2.24583,0.12474,0.12836,0.12770,0.12474,0.12276,-51.53384,897.00000
3.39995,3.39074,3.40094,3.39699,3.39929,2.24780,2.25043,2.25142,2.25306,2.24649,0.12572,0.12704,0.12605,0.12836,0.12638,-51.41481,898.00000
3.39699,3.39732,3.40061,3.39929,3.39929,2.25339,2.25142,2.25208,2.24681,2.25208,0.12375,0.12836,0.12309,0.12737,0.12638,-51.41481,899.00000
3.39929,3.40028,3.40127,3.40094,3.39962,2.25537,2.25208,2.24681,2.25142,2.24714,0.12868,0.12671,0.12770,0.12737,0.12704,-51.06691,900.00000
3.39995,3.40127,3.40291,3.40225,3.39239,2.25076,2.24813,2.24747,2.24912,2.25043,0.13099,0.12770,0.13132,0.12868,0.12967,-51.06691,901.00000
3.40587,3.39239,3.39929,3.40094,3.39798,2.25043,2.25175,2.25241,2.24385,2.25241,0.12967,0.13000,0.12934,0.13296,0.12803,-51.17677,902.00000
3.39863,3.39732,3.39863,3.39962,3.39929,2.24649,2.24813,2.24550,2.25372,2.25142,0.13033,0.12934,0.13460,0.13493,0.13197,-51.17677,903.00000
3.40192,3.40258,3.39633,3.39699,3.40061,2.25010,2.25076,2.25537,2.24616,2.25043,0.13460,0.13724,0.13691,0.13625,0.13000,-51.37696,904.00000
3.40324,3.39798,3.39732,3.39798,3.40127,2.25043,2.24747,2.24451,2.25175,2.25504,0.13526,0.13329,0.13954,0.13197,0.13329,-51.37696,905.00000
3.39732,3.39831,3.40225,3.40258,3.40061,2.25010,2.24813,2.24846,2.24912,2.25109,0.13855,0.13855,0.13428,0.13493,0.13592,-51.36556,906.00000
3.39765,3.40324,3.40225,3.40455,3.39699,2.25274,2.25076,2.25076,2.24780,2.25076,0.13789,0.13724,0.14118,0.13921,0.13493,-51.36556,907.00000
3.40719,3.39535,3.39896,3.39699,3.39863,2.25043,2.25043,2.24879,2.25635,2.25109,0.14118,0.14480,0.13855,0.14052,0.13822,-51.11708,908.00000
3.40159,3.40192,3.39699,3.40357,3.40094,2.25043,2.25142,2.24813,2.24945,2.25109,0.14151,0.13954,0.14151,0.13888,0.14480,-51.11708,909.00000
3.40488,3.40390,3.40587,3.40390,3.40719,2.24879,2.25241,2.25076,2.25504,2.24813,0.13954,0.14151,0.14217,0.14316,0.14283,-51.00025,910.00000
3.40094,3.39666,3.39831,3.39798,3.39831,2.25372,2.25043,2.25339,2.25076,2.24912,0.13888,0.14480,0.14513,0.13954,0.13921,-51.00025,911.00000
3.40061,3.39732,3.40028,3.39798,3.40390,2.25471,2.24879,2.25010,2.24714,2.24945,0.14414,0.14414,0.14316,0.14316,0.14710,-51.10303,912.00000
3.40225,3.40357,3.40850,3.40159,3.40455,2.25043,2.24714,2.24846,2.24846,2.25405,0.14381,0.14414,0.14283,0.14217,0.15006,-51.10303,913.00000
3.40127,3.40258,3.40061,3.40719,3.39863,2.24780,2.24583,2.25241,2.25109,2.24879,0.14381,0.14020,0.14842,0.14612,0.14645,-51.13086,914.00000
3.40653,3.40390,3.40357,3.40554,3.40423,2.25010,2.25010,2.25076,2.24978,2.24583,0.14579,0.14645,0.14612,0.14579,0.14809,-51.13086,915.00000
3.40127,3.40587,3.40455,3.40357,3.40094,2.25043,2.24616,2.25602,2.25076,2.24912,0.15072,0.14776,0.14348,0.15072,0.15039,-51.10384,916.00000
3.40390,3.39929,3.40324,3.40752,3.40554,2.25241,2.24714,2.24747,2.25142,2.24681,0.14579,0.15171,0.14677,0.15204,0.14677,-51.10384,917.00000
3.40653,3.40390,3.39896,3.40719,3.40620,2.25043,2.25306,2.24912,2.24813,2.24945,0.14941,0.14776,0.15006,0.14677,0.15006,-51.40972,918.00000
3.39863,3.40488,3.39929,3.40094,3.40817,2.24714,2.24846,2.24714,2.25043,2.24945,0.15105,0.14908,0.15171,0.15269,0.15171,-51.40972,919.00000
3.40258,3.40488,3.39863,3.40423,3.40817,2.25142,2.24978,2.24978,2.25274,2.24714,0.15269,0.15237,0.15237,0.15302,0.15237,-51.83500,920.00000
3.40554,3.40488,3.40455,3.40784,3.40554,2.25010,2.25339,2.25109,2.24780,2.25570,0.15565,0.15237,0.15105,0.15565,0.15072,-51.83500,921.00000
3.40752,3.40554,3.40784,3.40916,3.40686,2.25109,2.25438,2.24879,2.25175,2.24714,0.15631,0.15598,0.15796,0.15533,0.15368,-51.73277,922.00000
3.40357,3.40883,3.40587,3.40455,3.40686,2.25504,2.25076,2.25306,2.25076,2.24714,0.15565,0.15467,0.15960,0.15631,0.15598,-51.73277,923.00000
3.40488,3.40850,3.40455,3.40587,3.40653,2.24978,2.24550,2.24846,2.24945,2.24813,0.15861,0.15894,0.15565,0.15565,0.15894,-51.91853,924.00000
3.40752,3.40455,3.40587,3.40291,3.40554,2.25339,2.25175,2.24879,2.25043,2.25010,0.15927,0.15796,0.16026,0.16157,0.15829,-51.91853,925.00000
3.41113,3.40686,3.40817,3.40719,3.41278,2.25274,2.25274,2.24616,2.25175,2.24681,0.16157,0.16092,0.16125,0.16157,0.16059,-51.52967,926.00000
3.40850,3.41179,3.40719,3.40916,3.40225,2.25438,2.25208,2.24813,2.24813,2.24780,0.16388,0.16223,0.16355,0.16421,0.16223,-51.52967,927.00000
3.40850,3.39863,3.40554,3.41113,3.40850,2.25504,2.25142,2.24945,2.25274,2.25405,0.16651,0.16157,0.16717,0.16585,0.16388,-51.78638,928.00000
3.41015,3.39929,3.40850,3.41080,3.40982,2.25241,2.24747,2.24780,2.25339,2.25142,0.16256,0.16519,0.16651,0.16585,0.16388,-51.78638,929.00000
3.40949,3.41048,3.41015,3.40916,3.40883,2.25339,2.25471,2.25010,2.25241,2.24714,0.16618,0.16651,0.16355,0.16947,0.16355,-51.53272,930.00000
3.40488,3.40390,3.41048,3.40587,3.40817,2.24945,2.24978,2.25142,2.25043,2.25043,0.16223,0.16782,0.16815,0.16421,0.16618,-51.53272,931.00000
3.41048,3.40521,3.40390,3.40982,3.40258,2.25076,2.25010,2.24879,2.24780,2.25175,0.16388,0.16486,0.16914,0.16749,0.16881,-51.18132,932.00000
3.40390,3.41146,3.41015,3.41015,3.40883,2.25208,2.24912,2.25306,2.25175,2.25208,0.16947,0.16881,0.16782,0.16782,0.16980,-51.18132,933.00000
3.41278,3.40949,3.41245,3.40850,3.41113,2.25274,2.25043,2.24978,2.25339,2.25438,0.17144,0.17243,0.17539,0.16914,0.16782,-51.12771,934.00000
3.40390,3.40817,3.41146,3.41344,3.41278,2.25076,2.25109,2.25010,2.25306,2.25734,0.17078,0.17078,0.17111,0.17276,0.17111,-51.12771,935.00000
3.40916,3.40719,3.41113,3.40916,3.41541,2.25109,2.25208,2.25471,2.24616,2.25504,0.17078,0.17605,0.17111,0.17342,0.17177,-50.84458,936.00000
3.41442,3.40455,3.40916,3.40916,3.40949,2.25241,2.24978,2.24714,2.25306,2.24978,0.17440,0.17473,0.17276,0.17013,0.17473,-50.84458,937.00000
3.40916,3.40982,3.41048,3.41508,3.41015,2.24912,2.24945,2.25175,2.25142,2.25635,0.17506,0.17440,0.17506,0.17769,0.17769,-50.70628,938.00000
3.40521,3.41015,3.41080,3.41015,3.40916,2.25076,2.25208,2.24978,2.25109,2.25076,0.17539,0.17769,0.17473,0.17605,0.17769,-50.70628,939.00000
3.41080,3.41344,3.40455,3.40817,3.41113,2.25043,2.25142,2.24978,2.24681,2.24846,0.17934,0.17802,0.17868,0.17670,0.17572,-50.18603,940.00000
3.41311,3.40817,3.40817,3.41048,3.41574,2.25109,2.24813,2.25043,2.25306,2.25306,0.18328,0.17638,0.17802,0.17802,0.18032,-50.18603,941.00000
3.40620,3.40982,3.41376,3.40784,3.40784,2.24813,2.24780,2.25010,2.25175,2.25504,0.17901,0.17802,0.18328,0.17670,0.18460,-50.22005,942.00000
3.40620,3.41508,3.41080,3.41080,3.40949,2.24945,2.25241,2.25405,2.25142,2.25109,0.18361,0.18427,0.18197,0.17901,0.18065,-50.22005,943.00000
3.40620,3.40587,3.40784,3.40719,3.40587,2.24978,2.24780,2.24846,2.25438,2.25076,0.18295,0.18230,0.18197,0.18262,0.18262,-50.26226,944.00000
3.40784,3.40752,3.40258,3.40390,3.41113,2.24616,2.25602,2.25306,2.25043,2.25010,0.18328,0.18230,0.18789,0.18690,0.19019,-50.56384,945.00000
3.40554,3.40982,3.41574,3.40686,3.40916,2.25076,2.25208,2.24813,2.25208,2.24616,0.18591,0.18887,0.18493,0.18920,0.18789,-50.56384,946.00000
3.40521,3.41179,3.40784,3.40225,3.40883,2.24978,2.25339,2.25241,2.24813,2.24945,0.18822,0.19052,0.19019,0.19150,0.18887,-50.56384,947.00000
3.40521,3.40587,3.40883,3.40850,3.40752,2.25208,2.25043,2.24780,2.25109,2.24813,0.19150,0.18822,0.19085,0.18854,0.19282,-50.82511,948.00000
3.41146,3.40817,3.40686,3.41278,3.40916,2.24451,2.24912,2.24912,2.25010,2.25142,0.19150,0.18789,0.19216,0.19348,0.19019,-50.82511,949.00000
3.40291,3.40653,3.41409,3.40949,3.40752,2.24747,2.24813,2.24649,2.24945,2.25405,0.19282,0.19446,0.18854,0.19282,0.19381,-50.44753,950.00000
3.41113,3.41541,3.40916,3.41015,3.40455,2.24846,2.24879,2.24681,2.25076,2.25076,0.19381,0.19315,0.19841,0.19578,0.19315,-50.44753,951.00000
3.40587,3.41048,3.40488,3.40357,3.40423,2.24978,2.24747,2.24353,2.24978,2.25175,0.19414,0.19677,0.19940,0.19479,0.19742,-50.71177,952.00000
3.41409,3.40817,3.40752,3.41311,3.40521,2.25306,2.24978,2.24747,2.25274,2.24978,0.20038,0.20137,0.20006,0.19907,0.19414,-50.71177,953.00000
3.40620,3.41080,3.40357,3.41179,3.41179,2.24912,2.24517,2.24583,2.24649,2.24254,0.19907,0.20038,0.20006,0.20203,0.19808,-50.79027,954.00000
3.40850,3.40719,3.41376,3.40455,3.40423,2.24879,2.24649,2.24484,2.24879,2.24780,0.19841,0.19677,0.19874,0.20302,0.20236,-50.79027,955.00000
3.41113,3.40817,3.41080,3.40686,3.40554,2.24978,2.24649,2.24681,2.24747,2.24813,0.20400,0.20532,0.20006,0.20236,0.20302,-51.39110,956.00000
3.40686,3.40784,3.40225,3.41376,3.40357,2.24418,2.24978,2.24846,2.25109,2.24846,0.20433,0.20631,0.19973,0.20269,0.20696,-51.39110,957.00000
3.41212,3.40817,3.41113,3.40390,3.40521,2.24813,2.24583,2.24747,2.24747,2.25306,0.20663,0.20565,0.20532,0.20631,0.20400,-51.32616,958.00000
3.40653,3.40982,3.40784,3.40620,3.40982,2.24978,2.24978,2.24681,2.24813,2.24616,0.20663,0.21124,0.21157,0.20894,0.20006,-51.32616,959.00000
3.40784,3.41179,3.40949,3.41048,3.40949,2.24517,2.24846,2.24714,2.24780,2.24879,0.20861,0.20828,0.20828,0.20631,0.20861,-51.48632,960.00000
3.41015,3.40719,3.40521,3.40719,3.40916,2.24813,2.24978,2.25208,2.24484,2.24451,0.20861,0.20894,0.20992,0.20598,0.20466,-51.48632,961.00000
3.40587,3.40949,3.40719,3.41376,3.40719,2.24681,2.25043,2.25010,2.24780,2.24451,0.21058,0.20598,0.21255,0.20828,0.20762,-51.26920,962.00000
3.40784,3.41311,3.40587,3.41048,3.41179,2.24912,2.24287,2.24681,2.24813,2.24813,0.21025,0.21058,0.21288,0.21223,0.21255,-51.26920,963.00000
3.40916,3.40850,3.41607,3.41376,3.41146,2.25570,2.24385,2.24451,2.24912,2.24550,0.20729,0.21617,0.21288,0.20927,0.20894,-51.77061,964.00000
3.40653,3.40521,3.40719,3.40587,3.41146,2.24978,2.24813,2.24517,2.24747,2.25076,0.21519,0.21288,0.21124,0.21683,0.21288,-51.77061,965.00000
3.41442,3.41475,3.40850,3.41475,3.41672,2.25043,2.24813,2.24813,2.24550,2.24649,0.21551,0.21157,0.21782,0.21157,0.21354,-51.83633,966.00000
3.40982,3.41146,3.40949,3.41245,3.41146,2.24583,2.24879,2.25109,2.24649,2.24418,0.21683,0.21716,0.21453,0.21683,0.21255,-51.83633,967.00000
3.41113,3.41278,3.40949,3.41705,3.41837,2.25175,2.24451,2.25076,2.25010,2.25076,0.22209,0.21617,0.21749,0.22111,0.21880,-51.74343,968.00000
3.41409,3.41212,3.40916,3.41278,3.40686,2.24978,2.24714,2.24978,2.24681,2.24813,0.21815,0.21880,0.21584,0.21880,0.21913,-51.74343,969.00000
3.41640,3.41278,3.41278,3.41015,3.41541,2.25010,2.25274,2.24681,2.25010,2.25274,0.21979,0.22143,0.22275,0.21979,0.21716,-52.11281,970.00000
3.41113,3.41672,3.41475,3.41048,3.41048,2.24879,2.24649,2.24846,2.24451,2.24912,0.22045,0.22374,0.22045,0.21749,0.22045,-52.11281,971.00000
3.41311,3.41113,3.41311,3.41771,3.41574,2.24747,2.24714,2.24681,2.24714,2.25208,0.22012,0.22308,0.22341,0.22374,0.22407,-51.64942,972.00000
3.40982,3.41245,3.41607,3.41442,3.41409,2.24287,2.24978,2.24714,2.24780,2.25109,0.22374,0.22374,0.22275,0.22505,0.22407,-51.64942,973.00000
3.41048,3.41245,3.42067,3.40521,3.41179,2.25043,2.25010,2.24681,2.24978,2.24714,0.23163,0.22768,0.22900,0.22341,0.23295,-51.58627,974.00000
3.41311,3.41903,3.41442,3.41376,3.41442,2.24188,2.25339,2.25109,2.25109,2.24978,0.23064,0.22933,0.22637,0.22768,0.22966,-51.58627,975.00000
3.41804,3.41870,3.41080,3.41738,3.41015,2.24714,2.25175,2.25142,2.25175,2.24912,0.23097,0.23064,0.23064,0.23097,0.22867,-50.99566,976.00000
3.41837,3.41442,3.41113,3.41278,3.41574,2.25043,2.25076,2.25372,2.24451,2.25142,0.23295,0.23360,0.23262,0.23328,0.23328,-50.99566,977.00000
3.41607,3.41278,3.41574,3.41442,3.41771,2.24945,2.25109,2.24912,2.24978,2.25109,0.23591,0.23393,0.23196,0.23525,0.23591,-51.02185,978.00000
3.42034,3.41376,3.41640,3.41245,3.41344,2.24945,2.24649,2.24649,2.24879,2.25109,0.23854,0.23328,0.23393,0.23426,0.23492,-51.48364,979.00000
3.41738,3.41146,3.41672,3.41541,3.41672,2.25274,2.24747,2.24813,2.25372,2.24681,0.24051,0.24183,0.23952,0.23525,0.24150,-51.48364,980.00000
3.41903,3.42001,3.41672,3.41508,3.41771,2.25635,2.25175,2.24484,2.25043,2.25043,0.23920,0.23755,0.24347,0.24084,0.24380,-51.48364,981.00000
3.41179,3.41212,3.41179,3.41475,3.41508,2.24846,2.24780,2.24879,2.24879,2.25208,0.24051,0.23985,0.23952,0.24216,0.23788,-51.50667,982.00000
3.42495,3.41705,3.41870,3.42001,3.41936,2.25372,2.24747,2.25109,2.25372,2.24978,0.24512,0.24051,0.24216,0.24479,0.24117,-51.50667,983.00000
3.42100,3.42330,3.42001,3.41804,3.41705,2.24550,2.24912,2.24780,2.24846,2.24912,0.24281,0.24544,0.24479,0.24281,0.24479,-51.50087,984.00000
3.42232,3.42166,3.41903,3.42199,3.42166,2.25274,2.24616,2.25076,2.24616,2.25175,0.24676,0.24775,0.24314,0.24512,0.24709,-51.50087,985.00000
3.41936,3.42264,3.42264,3.42001,3.41771,2.25043,2.24813,2.24747,2.25208,2.25109,0.24775,0.24446,0.24873,0.25202,0.25005,-51.25448,986.00000
3.42133,3.41738,3.42199,3.41837,3.41738,2.25537,2.25175,2.25504,2.24945,2.25076,0.25169,0.24939,0.25202,0.24873,0.25038,-51.25448,987.00000
3.41607,3.42034,3.42166,3.41903,3.41903,2.25306,2.24813,2.24813,2.24846,2.25208,0.25696,0.25202,0.25268,0.24906,0.24873,-51.34739,988.00000
3.42133,3.41705,3.42297,3.42264,3.42001,2.25306,2.25405,2.24846,2.25175,2.25175,0.25597,0.25728,0.25367,0.25202,0.25432,-50.94872,989.00000
3.41936,3.42495,3.41936,3.41738,3.41771,2.25076,2.25043,2.24945,2.25043,2.25175,0.25367,0.25400,0.25597,0.25827,0.25564,-50.94872,990.00000
3.42067,3.41870,3.42232,3.41804,3.42034,2.25175,2.25109,2.24780,2.25241,2.25208,0.25794,0.25926,0.25728,0.25794,0.25465,-50.94872,991.00000
3.42100,3.42791,3.41640,3.42034,3.42166,2.25043,2.25274,2.24912,2.25208,2.25471,0.25761,0.25696,0.25860,0.25926,0.25696,-51.12401,992.00000
3.41968,3.42462,3.41771,3.41574,3.42199,2.25109,2.25241,2.24912,2.24583,2.25241,0.25728,0.25827,0.26715,0.25860,0.25926,-51.12401,993.00000
3.42232,3.41771,3.41870,3.42001,3.41837,2.24780,2.25109,2.25372,2.25142,2.25306,0.25992,0.26057,0.26025,0.26255,0.26255,-50.97883,994.00000
3.42067,3.41804,3.42593,3.41771,3.41738,2.25372,2.25438,2.25109,2.24846,2.25142,0.25926,0.25959,0.26255,0.26123,0.26288,-50.97883,995.00000
3.41442,3.42199,3.42232,3.41640,3.41541,2.25175,2.24813,2.25537,2.24846,2.25043,0.26321,0.26255,0.26189,0.26189,0.26419,-51.25151,996.00000
3.41870,3.42429,3.41672,3.41804,3.42396,2.24945,2.25109,2.25438,2.25010,2.25109,0.25926,0.26913,0.26452,0.26189,0.26518,-51.25151,997.00000
3.41903,3.42462,3.42462,3.41936,3.42462,2.24879,2.24978,2.24649,2.24945,2.24780,0.26518,0.26419,0.26419,0.26781,0.26584,-51.16312,998.00000
3.42363,3.42462,3.41344,3.41968,3.41870,2.24649,2.24945,2.25405,2.25208,2.24945,0.26748,0.26847,0.26386,0.26945,0.26485,-51.16312,999.00000
3.42034,3.41968,3.42199,3.41705,3.42626,2.25372,2.24649,2.25306,2.25208,2.25043,0.26518,0.26485,0.26321,0.26518,0.26682,-51.17743,1000.00000
3.41870,3.41541,3.41968,3.41936,3.41179,2.24879,2.25241,2.25537,2.25208,2.24912,0.27011,0.27011,0.27077,0.27077,0.27176,-51.17743,1001.00000
3.42297,3.42330,3.41936,3.41541,3.42133,2.25109,2.25241,2.25339,2.24912,2.25241,0.27274,0.26748,0.27077,0.27241,0.27307,-51.03235,1002.00000
3.41640,3.42232,3.42330,3.42133,3.42133,2.24451,2.24945,2.24681,2.24649,2.25405,0.27439,0.27011,0.26978,0.27373,0.27406,-51.03235,1003.00000
3.42264,3.41903,3.41442,3.42528,3.42001,2.25076,2.25241,2.24912,2.25339,2.24978,0.27241,0.27439,0.27669,0.27965,0.27669,-50.98934,1004.00000
3.42166,3.42396,3.43284,3.41738,3.41771,2.24978,2.24616,2.25010,2.25339,2.24978,0.27373,0.27965,0.27274,0.27373,0.27636,-50.98934,1005.00000
3.42199,3.41705,3.41870,3.42429,3.42034,2.24813,2.25109,2.24714,2.25076,2.25274,0.27570,0.27505,0.27801,0.27472,0.28129,-50.65630,1006.00000
3.42232,3.42297,3.42067,3.41968,3.41936,2.24912,2.25504,2.25241,2.25537,2.25142,0.27965,0.27603,0.27603,0.27801,0.27702,-50.65630,1007.00000
3.42560,3.42659,3.41771,3.42528,3.42100,2.25142,2.24846,2.25010,2.25241,2.24912,0.27570,0.27669,0.27833,0.28458,0.28064,-51.13903,1008.00000
3.42495,3.42067,3.42889,3.41837,3.42528,2.25109,2.25175,2.25274,2.25175,2.24813,0.28097,0.28524,0.27965,0.27866,0.28590,-51.13903,1009.00000
3.42659,3.42429,3.42330,3.41968,3.42264,2.25372,2.25010,2.24780,2.24780,2.25405,0.28524,0.28360,0.27866,0.27866,0.28064,-50.45011,1010.00000
3.42528,3.42560,3.42560,3.42429,3.42955,2.25142,2.25109,2.24616,2.25339,2.25208,0.28261,0.28689,0.28853,0.28261,0.28754,-50.45011,1011.00000
3.42264,3.42560,3.42100,3.42593,3.42922,2.24616,2.25635,2.25142,2.25208,2.24649,0.28853,0.28656,0.29083,0.28393,0.28623,-50.47748,1012.00000
3.42659,3.42495,3.42626,3.42166,3.42232,2.24912,2.25109,2.25602,2.25208,2.25109,0.28656,0.29182,0.28722,0.28524,0.29182,-50.47748,1013.00000
3.42889,3.42297,3.42232,3.42232,3.42791,2.25208,2.25208,2.25076,2.25208,2.25339,0.29018,0.28985,0.29149,0.29050,0.29050,-50.72685,1014.00000
3.42297,3.42725,3.41508,3.42758,3.42232,2.24912,2.25635,2.25043,2.25010,2.24846,0.29248,0.29610,0.29248,0.29116,0.29018,-50.51712,1015.00000
3.42232,3.42659,3.42692,3.42528,3.41968,2.25010,2.24780,2.25504,2.25076,2.25339,0.29774,0.29478,0.29478,0.29083,0.29018,-50.51712,1016.00000
3.42626,3.42889,3.42297,3.42396,3.42363,2.25241,2.25142,2.25241,2.24813,2.25241,0.29511,0.29412,0.29346,0.29050,0.29511,-50.51712,1017.00000
3.42067,3.42264,3.42659,3.42659,3.43087,2.25076,2.25635,2.25208,2.25668,2.25043,0.29741,0.29873,0.29577,0.29840,0.30202,-50.61981,1018.00000
3.43021,3.42593,3.42264,3.42889,3.42955,2.25274,2.24484,2.25471,2.25405,2.25109,0.29708,0.29971,0.29807,0.29906,0.29708,-50.61981,1019.00000
3.42330,3.42330,3.42692,3.42988,3.42001,2.25109,2.25109,2.24912,2.24517,2.25372,0.30070,0.30300,0.30103,0.29741,0.29938,-51.23026,1020.00000
3.42199,3.43087,3.42988,3.42988,3.42330,2.25109,2.25405,2.25175,2.25142,2.25635,0.30366,0.30366,0.29840,0.29971,0.30465,-51.23026,1021.00000
3.42560,3.42462,3.42429,3.42725,3.42495,2.25866,2.25405,2.25438,2.25405,2.25602,0.30202,0.30498,0.30695,0.30761,0.30432,-51.77395,1022.00000
3.42560,3.42659,3.42955,3.42758,3.42824,2.24616,2.25010,2.25241,2.25208,2.25109,0.30662,0.31155,0.31155,0.30498,0.30695,-51.77395,1023.00000
3.42824,3.42396,3.42791,3.42396,3.42692,2.25570,2.25142,2.25668,2.25043,2.25274,0.30399,0.30892,0.31057,0.30563,0.30859,-51.50165,1024.00000
3.43317,3.42692,3.43218,3.42297,3.42922,2.25208,2.25339,2.24846,2.24846,2.25438,0.31024,0.30991,0.30761,0.31155,0.31057,-51.50165,1025.00000
3.42725,3.42791,3.42495,3.42560,3.42659,2.24846,2.25076,2.25339,2.25471,2.25109,0.31122,0.31484,0.31090,0.31254,0.31188,-51.27616,1026.00000
3.42659,3.43251,3.42232,3.42725,3.42495,2.25602,2.25208,2.25175,2.25602,2.25306,0.31122,0.31616,0.31418,0.31221,0.31386,-51.27616,1027.00000
3.42100,3.43021,3.42429,3.42593,3.42758,2.25208,2.25274,2.25109,2.24747,2.25635,0.31747,0.31945,0.31517,0.31517,0.31682,-51.31790,1028.00000
3.42560,3.42659,3.42889,3.43021,3.42856,2.25142,2.25635,2.25339,2.25339,2.24945,0.31550,0.31484,0.31616,0.31846,0.31583,-51.31790,1029.00000
3.43021,3.42363,3.42856,3.42922,3.42396,2.25372,2.25208,2.25241,2.25471,2.24945,0.31945,0.31912,0.31813,0.32142,0.32339,-51.13739,1030.00000
3.42791,3.42791,3.42889,3.42856,3.42856,2.25767,2.24649,2.24747,2.25010,2.25142,0.32109,0.32405,0.31945,0.32109,0.32175,-51.13739,1031.00000
3.43153,3.42758,3.43021,3.42330,3.42593,2.25241,2.24780,2.25339,2.24945,2.24945,0.32109,0.32109,0.32504,0.32438,0.32405,-51.65507,1032.00000
3.42955,3.42462,3.43021,3.43218,3.43087,2.25043,2.24616,2.25241,2.25997,2.25504,0.32570,0.32635,0.32734,0.32734,0.32668,-51.65507,1033.00000
3.42791,3.42824,3.42889,3.42462,3.42824,2.25570,2.25076,2.25471,2.24945,2.25076,0.32866,0.32668,0.33260,0.32833,0.32734,-51.21080,1034.00000
3.42462,3.43087,3.43481,3.43054,3.42133,2.25274,2.25602,2.25142,2.25076,2.25306,0.33030,0.33458,0.32635,0.33096,0.33227,-51.21080,1035.00000
3.42791,3.43317,3.43054,3.42922,3.43087,2.25274,2.25306,2.25109,2.24649,2.25701,0.33129,0.32964,0.32997,0.33096,0.33589,-50.90811,1036.00000
3.43350,3.43218,3.43350,3.43087,3.42889,2.24846,2.25010,2.25635,2.25175,2.25175,0.33425,0.33359,0.33491,0.33260,0.33688,-50.90811,1037.00000
3.42758,3.42791,3.43514,3.43284,3.42593,2.25010,2.24978,2.25306,2.24714,2.25274,0.33655,0.33491,0.33227,0.33260,0.33688,-50.77793,1038.00000
3.42988,3.42758,3.42758,3.42001,3.43153,2.24681,2.25372,2.24912,2.25241,2.25570,0.33721,0.33918,0.33787,0.34017,0.33984,-50.77793,1039.00000
3.42593,3.43054,3.43120,3.42758,3.42626,2.25010,2.25635,2.24813,2.25372,2.24846,0.33951,0.33984,0.33556,0.33458,0.34313,-50.46166,1040.00000
3.42692,3.42889,3.42429,3.43120,3.43317,2.25010,2.25043,2.24484,2.25339,2.24813,0.34115,0.33523,0.33819,0.33918,0.34017,-50.66747,1041.00000
3.42725,3.42429,3.43054,3.43481,3.42429,2.25241,2.25010,2.25339,2.25142,2.25142,0.33984,0.33787,0.33819,0.34050,0.34214,-50.66747,1042.00000
3.43251,3.43153,3.43021,3.42593,3.42758,2.25208,2.24945,2.24945,2.25109,2.25339,0.34642,0.34181,0.34346,0.34543,0.33885,-50.66747,1043.00000
3.42758,3.42396,3.42626,3.42856,3.42626,2.24978,2.25372,2.24517,2.25043,2.25241,0.34510,0.34444,0.34280,0.34510,0.34477,-50.57519,1044.00000
3.42692,3.42889,3.42692,3.43416,3.43383,2.25241,2.25010,2.25537,2.25142,2.25241,0.35069,0.34905,0.34971,0.35069,0.34708,-51.18587,1045.00000
3.42824,3.43185,3.42758,3.42626,3.42462,2.24846,2.25372,2.25405,2.25076,2.25109,0.34675,0.34905,0.35135,0.34708,0.35102,-51.18587,1046.00000
3.42626,3.43449,3.42988,3.42692,3.42264,2.25043,2.25241,2.24780,2.25109,2.24747,0.34773,0.34839,0.34773,0.35102,0.35234,-51.18587,1047.00000
3.43218,3.42856,3.42528,3.42692,3.43054,2.25306,2.25109,2.25274,2.25274,2.25635,0.35332,0.35300,0.35300,0.34938,0.35069,-50.91428,1048.00000
3.42988,3.42725,3.42495,3.42791,3.42528,2.25109,2.25109,2.25372,2.24813,2.25767,0.35135,0.35069,0.35267,0.35628,0.35497,-50.91428,1049.00000
3.42462,3.42922,3.42856,3.43547,3.42462,2.25438,2.24879,2.25010,2.25635,2.24978,0.35596,0.35596,0.35234,0.35398,0.35300,-51.06036,1050.00000
3.42856,3.42922,3.42824,3.42889,3.43153,2.25241,2.24846,2.25405,2.25208,2.25372,0.34938,0.35628,0.36155,0.35365,0.35201,-51.06036,1051.00000
3.43087,3.43449,3.43284,3.42560,3.42560,2.25043,2.25274,2.25537,2.25241,2.25076,0.35793,0.35924,0.35661,0.35530,0.36023,-51.38725,1052.00000
3.43054,3.43087,3.42988,3.42856,3.43087,2.25010,2.25274,2.25339,2.25010,2.25241,0.36056,0.36319,0.36089,0.35826,0.35924,-51.38725,1053.00000
3.43120,3.43185,3.42791,3.42922,3.43284,2.25109,2.25109,2.24945,2.25142,2.25043,0.36089,0.36188,0.35727,0.35957,0.36319,-51.17548,1054.00000
3.42626,3.42791,3.43120,3.43251,3.42955,2.24945,2.24780,2.25043,2.25372,2.25076,0.36418,0.36714,0.36451,0.36122,0.36155,-51.17548,1055.00000
3.43054,3.43054,3.43185,3.43120,3.43218,2.24747,2.25405,2.25076,2.25635,2.25208,0.36484,0.35957,0.36615,0.36615,0.36714,-50.11471,1056.00000
3.43054,3.43251,3.43284,3.42692,3.43153,2.25306,2.24945,2.25043,2.25142,2.24714,0.36549,0.36845,0.36418,0.36812,0.36780,-50.11471,1057.00000
3.43580,3.43021,3.43087,3.43251,3.43383,2.25274,2.25076,2.24978,2.25109,2.25109,0.36681,0.36648,0.37108,0.36681,0.36747,-49.74281,1058.00000
3.43514,3.43317,3.43416,3.42758,3.43383,2.25208,2.24978,2.25833,2.24846,2.24846,0.36812,0.37108,0.37174,0.36812,0.37306,-49.74281,1059.00000
3.43416,3.43021,3.43153,3.42856,3.43679,2.25175,2.25010,2.25109,2.25076,2.25175,0.37174,0.36977,0.37174,0.37240,0.37372,-48.94801,1060.00000
3.43185,3.43185,3.43185,3.43153,3.43185,2.25241,2.25438,2.25504,2.25602,2.25570,0.37470,0.37437,0.37339,0.37536,0.37602,-48.94801,1061.00000
3.43679,3.43514,3.43218,3.43185,3.43185,2.25241,2.25109,2.24912,2.25043,2.25372,0.37668,0.37733,0.38128,0.37372,0.37503,-48.00310,1062.00000
3.43185,3.43087,3.43087,3.42922,3.43712,2.25274,2.24945,2.25405,2.25602,2.24945,0.37931,0.37799,0.37174,0.37931,0.38062,-46.99393,1063.00000
3.42692,3.43514,3.43021,3.43054,3.43481,2.25635,2.25306,2.25570,2.25504,2.25438,0.37437,0.37701,0.37668,0.37766,0.37470,-46.99393,1064.00000
3.43120,3.43054,3.43218,3.43153,3.43251,2.24747,2.25043,2.25043,2.25405,2.25175,0.37964,0.38325,0.37997,0.37733,0.38062,-46.99393,1065.00000
3.42889,3.43547,3.43317,3.43449,3.43514,2.25339,2.25076,2.25109,2.25109,2.25570,0.38227,0.37898,0.38227,0.38227,0.37964,-46.30975,1066.00000
3.43284,3.42988,3.42922,3.43350,3.43481,2.25208,2.25471,2.25339,2.25504,2.24978,0.38260,0.38424,0.37832,0.38062,0.37997,-46.30975,1067.00000
3.43416,3.43087,3.43383,3.43284,3.43251,2.24813,2.25274,2.24879,2.25504,2.25175,0.38424,0.38457,0.38391,0.38556,0.38720,-46.63163,1068.00000
3.43120,3.43383,3.42988,3.43547,3.43481,2.25537,2.25241,2.25339,2.24978,2.25306,0.38917,0.38490,0.38819,0.38950,0.38983,-46.63163,1069.00000
3.43547,3.43021,3.43646,3.42692,3.43317,2.25767,2.24978,2.25339,2.25109,2.25175,0.39213,0.38819,0.39279,0.38852,0.38687,-47.10989,1070.00000
3.43613,3.43185,3.43449,3.42626,3.43383,2.25306,2.25175,2.25570,2.25142,2.25372,0.38753,0.38852,0.39016,0.38621,0.38720,-48.21323,1071.00000
3.43317,3.43745,3.43120,3.43153,3.43153,2.25109,2.25438,2.25109,2.25076,2.25537,0.39115,0.39082,0.39345,0.39444,0.39279,-48.21323,1072.00000
3.42824,3.42824,3.43350,3.43547,3.42988,2.24879,2.24945,2.25438,2.25701,2.25339,0.39707,0.39345,0.39181,0.39312,0.38917,-48.21323,1073.00000
3.43449,3.43646,3.43745,3.43153,3.42692,2.25010,2.24978,2.25043,2.25208,2.24945,0.39641,0.39148,0.39871,0.39937,0.39477,-48.68675,1074.00000
3.43350,3.43153,3.43185,3.43383,3.43481,2.25306,2.24846,2.25043,2.25405,2.25076,0.39740,0.40003,0.39740,0.39641,0.40036,-48.68675,1075.00000
3.43449,3.43481,3.42692,3.42626,3.43153,2.25734,2.25142,2.25010,2.24978,2.25142,0.40036,0.40332,0.40036,0.39707,0.39575,-49.31819,1076.00000
3.42988,3.43087,3.42955,3.43218,3.43284,2.25010,2.25076,2.24879,2.25043,2.24912,0.40036,0.40266,0.40167,0.40003,0.40430,-49.31819,1077.00000
3.43547,3.43317,3.43580,3.42889,3.43284,2.25372,2.25339,2.25372,2.25208,2.24945,0.40595,0.40759,0.40858,0.40496,0.40036,-50.13953,1078.00000
3.42889,3.42528,3.43087,3.43251,3.43317,2.25274,2.25208,2.25010,2.25635,2.25274,0.40365,0.40562,0.40398,0.40990,0.40957,-50.13953,1079.00000
3.43317,3.43712,3.43185,3.42922,3.42955,2.25306,2.25142,2.25339,2.25208,2.25043,0.40726,0.40694,0.40430,0.40595,0.40792,-50.02304,1080.00000
3.43712,3.43120,3.43481,3.42889,3.43251,2.25602,2.25043,2.24978,2.25043,2.25208,0.41220,0.41121,0.41154,0.40891,0.40957,-50.06093,1081.00000
3.43087,3.43547,3.43251,3.43317,3.43284,2.24879,2.25208,2.25010,2.24714,2.25241,0.41187,0.41055,0.41154,0.41253,0.41154,-50.06093,1082.00000
3.43350,3.43317,3.43087,3.43185,3.43350,2.24813,2.24879,2.24714,2.25175,2.25274,0.41450,0.41055,0.41022,0.40825,0.41286,-50.06093,1083.00000
3.43087,3.43580,3.43942,3.43547,3.43613,2.25043,2.25339,2.25241,2.25043,2.25208,0.41384,0.41647,0.41187,0.41088,0.41614,-50.41009,1084.00000
3.43481,3.43054,3.43021,3.43350,3.43416,2.25208,2.25043,2.25570,2.25339,2.24649,0.41549,0.41516,0.41154,0.41121,0.41384,-50.41009,1085.00000
3.43350,3.43251,3.43481,3.43185,3.44271,2.25175,2.24649,2.24714,2.24879,2.25076,0.41549,0.41483,0.42174,0.41483,0.41483,-50.03576,1086.00000
3.43449,3.43120,3.43153,3.43153,3.44073,2.24681,2.25043,2.25306,2.25241,2.25767,0.41878,0.41910,0.41713,0.41845,0.42009,-50.03576,1087.00000
3.43021,3.43580,3.43350,3.43317,3.43317,2.24780,2.24846,2.24945,2.25175,2.25372,0.42075,0.42009,0.42042,0.42338,0.42108,-50.27775,1088.00000
3.43383,3.43449,3.43547,3.43416,3.43153,2.25274,2.25043,2.25142,2.25010,2.25438,0.42502,0.42404,0.42042,0.42042,0.42535,-50.27775,1089.00000
3.43514,3.43580,3.43251,3.43646,3.43218,2.25241,2.25405,2.25438,2.24846,2.24846,0.42437,0.41878,0.42437,0.42502,0.42535,-50.85085,1090.00000
3.43514,3.43317,3.42758,3.43449,3.43810,2.24912,2.25602,2.24780,2.25175,2.24912,0.43062,0.43029,0.42437,0.42404,0.42535,-50.85085,1091.00000
3.43514,3.43284,3.43481,3.43514,3.43251,2.25570,2.24945,2.25405,2.25043,2.25175,0.42601,0.43095,0.42831,0.42766,0.42897,-51.00018,1092.00000
3.43547,3.43843,3.42692,3.43514,3.43481,2.25076,2.25241,2.25339,2.25142,2.25010,0.43423,0.43193,0.42634,0.42766,0.42535,-51.00018,1093.00000
3.43777,3.43547,3.43613,3.43350,3.42988,2.24780,2.25208,2.25175,2.25339,2.24978,0.42831,0.43095,0.42864,0.43226,0.43193,-50.51379,1094.00000
3.43449,3.43777,3.43185,3.43909,3.43481,2.25076,2.24978,2.25372,2.25043,2.25438,0.43423,0.43226,0.43391,0.43095,0.43358,-51.00008,1095.00000
3.43284,3.43580,3.43185,3.43383,3.43975,2.25339,2.24451,2.24583,2.25175,2.24616,0.43785,0.43588,0.43654,0.43588,0.43522,-51.00008,1096.00000
3.43481,3.43679,3.44041,3.42988,3.43514,2.24813,2.25438,2.24583,2.25142,2.25537,0.43950,0.43391,0.43719,0.43785,0.43917,-51.00008,1097.00000
3.43514,3.43153,3.43975,3.43317,3.43416,2.25175,2.25076,2.24879,2.25931,2.25076,0.43950,0.44114,0.43687,0.44213,0.43950,-50.59836,1098.00000
3.42988,3.43580,3.43613,3.43843,3.44106,2.25076,2.24978,2.25274,2.25142,2.25635,0.43917,0.43983,0.43983,0.43687,0.44147,-50.59836,1099.00000
3.43416,3.43383,3.43679,3.43284,3.43646,2.25537,2.24879,2.25438,2.25537,2.25142,0.44180,0.44443,0.44246,0.44410,0.44640,-50.01154,1100.00000
3.44041,3.43481,3.43481,3.43810,3.43251,2.25241,2.25405,2.25142,2.25208,2.25175,0.44311,0.44147,0.44311,0.44509,0.43950,-50.01154,1101.00000
3.43646,3.43153,3.42922,3.43909,3.43317,2.24780,2.25109,2.25175,2.25471,2.25142,0.44476,0.45002,0.44706,0.44542,0.44542,-50.46830,1102.00000
3.43185,3.43054,3.43777,3.43810,3.43514,2.25142,2.24846,2.25043,2.25635,2.24714,0.44936,0.45134,0.44575,0.45035,0.45199,-50.46830,1103.00000
3.43120,3.43613,3.43514,3.43547,3.43646,2.24912,2.25208,2.25372,2.25274,2.25043,0.44936,0.44739,0.44838,0.45134,0.45035,-50.65074,1104.00000
3.43712,3.43777,3.43054,3.43646,3.43054,2.25372,2.25043,2.24780,2.25208,2.25537,0.45199,0.45265,0.45068,0.44607,0.45035,-50.65074,1105.00000
3.43383,3.43317,3.43449,3.43416,3.43251,2.24846,2.25241,2.25109,2.24879,2.25076,0.45134,0.45331,0.45298,0.45232,0.44969,-51.38272,1106.00000
3.43843,3.42889,3.43514,3.43317,3.43646,2.25142,2.25306,2.25306,2.25241,2.25076,0.45298,0.45463,0.45167,0.45397,0.45463,-51.38272,1107.00000
3.43350,3.43383,3.43481,3.43449,3.43646,2.24879,2.25109,2.25208,2.25076,2.24846,0.45824,0.45726,0.45463,0.45660,0.45364,-50.76394,1108.00000
3.43021,3.43909,3.43810,3.43383,3.43942,2.25076,2.25339,2.25142,2.25043,2.25635,0.45101,0.46088,0.45660,0.45792,0.45660,-50.76394,1109.00000
3.44238,3.43580,3.43514,3.43481,3.43185,2.25274,2.25372,2.25438,2.25504,2.25043,0.45857,0.45660,0.45693,0.46022,0.45857,-49.90871,1110.00000
3.43613,3.43646,3.44139,3.43514,3.43745,2.25010,2.25175,2.25274,2.25339,2.25142,0.46285,0.46022,0.46285,0.46219,0.46482,-49.90871,1111.00000
3.43777,3.44172,3.43613,3.44139,3.43120,2.25602,2.25175,2.25504,2.24912,2.25241,0.46416,0.46581,0.46318,0.46647,0.45857,-49.33041,1112.00000
3.43613,3.43975,3.43975,3.44468,3.43843,2.25109,2.25142,2.25339,2.25076,2.24978,0.46614,0.46219,0.46482,0.46581,0.45956,-49.33041,1113.00000
3.43712,3.43942,3.43580,3.43547,3.43942,2.24846,2.25043,2.25043,2.25076,2.25866,0.46318,0.46581,0.46219,0.46712,0.46712,-48.52334,1114.00000
3.43843,3.44172,3.43876,3.43712,3.43810,2.25175,2.24879,2.25010,2.24846,2.25208,0.46976,0.47140,0.46712,0.46680,0.46745,-48.52334,1115.00000
3.44238,3.44304,3.44008,3.43646,3.43843,2.25635,2.25372,2.25109,2.25142,2.25306,0.47173,0.47272,0.47008,0.46976,0.47041,-46.71412,1116.00000
3.43777,3.43909,3.43843,3.43810,3.43745,2.24945,2.25208,2.25010,2.25306,2.25109,0.47304,0.47041,0.47206,0.47140,0.47008,-44.83578,1117.00000
3.43547,3.43514,3.43646,3.43843,3.43942,2.25142,2.25471,2.25306,2.25734,2.25405,0.47140,0.47535,0.47107,0.46844,0.47436,-44.83578,1118.00000
3.43514,3.44402,3.43481,3.43646,3.44172,2.25405,2.25438,2.24583,2.25142,2.25306,0.46976,0.47239,0.47633,0.47403,0.47272,-44.83578,1119.00000
3.44369,3.43449,3.44073,3.43679,3.43876,2.24780,2.25043,2.25274,2.25438,2.25372,0.47864,0.47469,0.47469,0.48160,0.47502,-44.55198,1120.00000
3.43646,3.44501,3.44205,3.43843,3.43777,2.24747,2.25241,2.25405,2.25570,2.25504,0.47600,0.48028,0.48192,0.47436,0.47568,-44.55198,1121.00000
3.43251,3.43646,3.43547,3.44205,3.43021,2.25668,2.24912,2.24813,2.25208,2.25142,0.47568,0.47699,0.48028,0.48225,0.48061,-45.24006,1122.00000
3.43909,3.43745,3.43547,3.43975,3.43745,2.25010,2.24978,2.25010,2.25339,2.25142,0.48028,0.47995,0.48094,0.48094,0.48258,-46.50769,1123.00000
3.44008,3.43975,3.44073,3.43843,3.44139,2.25043,2.24978,2.24912,2.24978,2.25175,0.47864,0.48521,0.48390,0.48719,0.48390,-46.50769,1124.00000
3.44008,3.43975,3.43909,3.44501,3.44205,2.25372,2.25043,2.25109,2.24912,2.25438,0.48719,0.48719,0.48489,0.48521,0.48390,-46.50769,1125.00000
3.43449,3.44041,3.43876,3.43942,3.43580,2.25306,2.25833,2.25504,2.25306,2.25043,0.48620,0.48521,0.48653,0.48489,0.48456,-46.97681,1126.00000
3.44008,3.44139,3.43383,3.43810,3.43745,2.25010,2.25043,2.25504,2.25405,2.25010,0.48850,0.48127,0.48554,0.48719,0.49377,-46.97681,1127.00000
3.43876,3.43975,3.43449,3.44106,3.43810,2.25306,2.25109,2.25405,2.25208,2.24846,0.49015,0.48785,0.49048,0.48850,0.48817,-47.92920,1128.00000
3.43613,3.44106,3.43745,3.43909,3.44205,2.25043,2.25043,2.25274,2.25438,2.25471,0.49574,0.49179,0.49212,0.49377,0.49409,-47.92920,1129.00000
3.43975,3.43547,3.43909,3.43975,3.44172,2.25208,2.25109,2.24978,2.25339,2.25241,0.49673,0.49344,0.49771,0.49212,0.49475,-48.37370,1130.00000
3.43679,3.44041,3.44271,3.43580,3.43843,2.25800,2.25241,2.25043,2.25208,2.24945,0.49936,0.49541,0.49541,0.49344,0.49607,-48.37370,1131.00000
3.43876,3.43580,3.43843,3.43843,3.44238,2.24978,2.25405,2.25800,2.25274,2.25010,0.49771,0.49442,0.49738,0.49541,0.49903,-49.09321,1132.00000
3.44534,3.44534,3.43646,3.43745,3.43942,2.24978,2.25504,2.24945,2.25043,2.25339,0.49837,0.50034,0.49903,0.49837,0.50166,-49.09321,1133.00000
3.43514,3.43514,3.43745,3.43810,3.43712,2.25109,2.25241,2.25274,2.25208,2.25142,0.49640,0.49673,0.50429,0.49771,0.49969,-49.62171,1134.00000
3.43843,3.43153,3.44008,3.43810,3.43975,2.25175,2.25438,2.25208,2.25504,2.24945,0.50265,0.50265,0.50363,0.50199,0.50528,-49.62171,1135.00000
3.43810,3.43843,3.43449,3.44073,3.43810,2.25142,2.25010,2.25635,2.25274,2.25372,0.50265,0.50955,0.50626,0.50626,0.50528,-50.07007,1136.00000
3.43745,3.43843,3.43580,3.43547,3.43251,2.25471,2.24780,2.24780,2.25109,2.24879,0.51218,0.50692,0.50330,0.50561,0.50824,-50.07007,1137.00000
3.43514,3.43679,3.43613,3.43679,3.43745,2.25372,2.25471,2.25306,2.25306,2.25109,0.51087,0.51317,0.51054,0.50857,0.50889,-50.23552,1138.00000
3.43942,3.43777,3.44041,3.43745,3.43975,2.25274,2.24912,2.25405,2.25241,2.25241,0.51087,0.51284,0.51284,0.51120,0.51185,-50.23552,1139.00000
3.43185,3.43514,3.43777,3.43054,3.43580,2.25175,2.25208,2.25076,2.25043,2.24813,0.51153,0.51350,0.50955,0.51284,0.51218,-50.17980,1140.00000
3.43547,3.43350,3.43876,3.43547,3.43613,2.25043,2.25109,2.25175,2.25372,2.24912,0.50824,0.51514,0.51482,0.51482,0.51646,-50.17980,1141.00000
3.43416,3.43251,3.43712,3.43777,3.44205,2.25602,2.25306,2.25043,2.25208,2.24846,0.51350,0.51449,0.51416,0.51646,0.51745,-50.53328,1142.00000
3.43745,3.43975,3.43317,3.43613,3.43909,2.24780,2.25142,2.24649,2.25175,2.24747,0.51876,0.51810,0.51942,0.51810,0.51909,-50.53328,1143.00000
3.43613,3.43646,3.43153,3.43317,3.44073,2.25306,2.24846,2.25372,2.24583,2.25010,0.52008,0.51810,0.51909,0.52271,0.51646,-51.29139,1144.00000
3.43317,3.43745,3.43284,3.43185,3.43679,2.25076,2.24846,2.25635,2.24484,2.24649,0.52402,0.52271,0.52205,0.52271,0.52041,-51.29139,1145.00000
3.43580,3.43416,3.43712,3.43449,3.43777,2.24616,2.25208,2.24945,2.24846,2.24681,0.52172,0.52370,0.52435,0.52435,0.52304,-51.42733,1146.00000
3.43843,3.44369,3.43580,3.44041,3.44008,2.25438,2.25076,2.25208,2.25076,2.25372,0.52731,0.52929,0.52501,0.52435,0.52139,-51.42733,1147.00000
3.43679,3.43054,3.43679,3.43777,3.44073,2.25405,2.25043,2.25142,2.25010,2.25274,0.53126,0.53455,0.52600,0.52896,0.53027,-51.68723,1148.00000
3.43843,3.44435,3.44501,3.44501,3.44402,2.24550,2.25372,2.25602,2.25602,2.25602,0.53554,0.52863,0.52929,0.53225,0.53586,-51.68723,1149.00000
3.44172,3.43942,3.44304,3.43843,3.44139,2.24945,2.24879,2.25043,2.25339,2.25142,0.53126,0.53323,0.53356,0.53290,0.53258,-51.78726,1150.00000
3.43712,3.44402,3.44205,3.43942,3.44369,2.25142,2.25109,2.25372,2.25339,2.25208,0.53751,0.53554,0.53685,0.54047,0.53290,-51.78726,1151.00000
3.44073,3.44073,3.43120,3.44567,3.43975,2.24978,2.25438,2.25175,2.25208,2.25109,0.53685,0.54113,0.53817,0.53948,0.53817,-51.66188,1152.00000
3.43810,3.44106,3.44435,3.43876,3.44041,2.25010,2.25142,2.25175,2.25372,2.25076,0.53850,0.54146,0.54047,0.54080,0.53948,-51.66188,1153.00000
3.43646,3.44041,3.44073,3.44139,3.44172,2.25504,2.24912,2.25010,2.25142,2.25339,0.54639,0.53817,0.53817,0.54211,0.54803,-51.96892,1154.00000
3.44172,3.44139,3.44008,3.44402,3.44238,2.24945,2.24978,2.25142,2.24978,2.25504,0.54409,0.54639,0.54310,0.54343,0.54376,-51.96892,1155.00000
3.43580,3.43810,3.44665,3.44008,3.44205,2.25306,2.25175,2.25438,2.24978,2.25109,0.54869,0.54705,0.54639,0.54705,0.54869,-51.90669,1156.00000
3.44073,3.44139,3.44205,3.43942,3.44369,2.25635,2.25372,2.25438,2.25010,2.25076,0.54968,0.55001,0.55001,0.55034,0.54705,-51.90669,1157.00000
3.44337,3.44665,3.44468,3.43975,3.44205,2.25208,2.24978,2.25898,2.25372,2.25471,0.55330,0.55428,0.55264,0.54968,0.54869,-51.29717,1158.00000
3.43679,3.44205,3.44271,3.43876,3.44797,2.25274,2.25109,2.24846,2.25142,2.25010,0.55659,0.55691,0.55790,0.55297,0.55593,-51.29717,1159.00000
3.43909,3.44238,3.44106,3.44172,3.44304,2.25109,2.25833,2.25438,2.25405,2.25471,0.55626,0.55691,0.55527,0.55626,0.55987,-51.30261,1160.00000
3.44665,3.43876,3.43843,3.44205,3.44567,2.25306,2.25339,2.25175,2.25142,2.24780,0.55659,0.55856,0.56086,0.56283,0.56152,-50.88956,1161.00000
3.44238,3.44172,3.43810,3.44468,3.44271,2.24813,2.25274,2.25537,2.25438,2.25076,0.56678,0.56218,0.56251,0.55790,0.56020,-50.88956,1162.00000
3.44205,3.44041,3.43745,3.44172,3.44172,2.25504,2.25800,2.25010,2.25241,2.25175,0.56283,0.56382,0.56119,0.55856,0.56349,-51.02110,1163.00000
3.44468,3.44402,3.44139,3.43777,3.44238,2.25997,2.25306,2.25241,2.25504,2.25471,0.56382,0.56612,0.56612,0.56744,0.56744,-51.02110,1164.00000
3.43745,3.44731,3.43843,3.44205,3.44205,2.25076,2.25306,2.25339,2.25043,2.25602,0.57007,0.56875,0.56941,0.57007,0.56875,-51.02110,1165.00000
3.44402,3.43777,3.44041,3.43942,3.44468,2.25372,2.25142,2.25274,2.25504,2.25241,0.56843,0.56974,0.57204,0.56678,0.56744,-50.81745,1166.00000
3.44106,3.44106,3.44106,3.43777,3.44567,2.24813,2.25142,2.25109,2.25339,2.25306,0.57007,0.57139,0.57336,0.57665,0.57336,-50.81745,1167.00000
3.43942,3.44172,3.44205,3.43580,3.43909,2.25602,2.25142,2.25306,2.25372,2.25109,0.57172,0.57435,0.57336,0.57599,0.57829,-50.92746,1168.00000
3.44139,3.44008,3.44106,3.44468,3.44665,2.25208,2.25142,2.25274,2.25109,2.25175,0.57599,0.57698,0.57500,0.57139,0.57764,-50.92746,1169.00000
3.43909,3.44402,3.44172,3.44567,3.43745,2.25471,2.25208,2.25109,2.24978,2.25866,0.57270,0.57500,0.57764,0.57796,0.57994,-50.92267,1170.00000
3.44304,3.44041,3.44797,3.44468,3.44830,2.25306,2.25438,2.25109,2.25635,2.25602,0.58092,0.58092,0.57961,0.57698,0.57928,-50.92267,1171.00000
3.44567,3.44698,3.44534,3.44929,3.44863,2.25504,2.25767,2.25372,2.25537,2.25175,0.58060,0.58323,0.58060,0.58323,0.57928,-51.02852,1172.00000
3.44567,3.44567,3.44337,3.44600,3.44797,2.25372,2.24879,2.25142,2.25931,2.25010,0.58027,0.58553,0.58717,0.58257,0.57862,-51.02852,1173.00000
3.44304,3.44863,3.44534,3.44238,3.44139,2.25306,2.25471,2.25800,2.25504,2.25405,0.58323,0.58158,0.58454,0.58717,0.58454,-50.86797,1174.00000
3.44600,3.44337,3.44435,3.44271,3.44567,2.25405,2.25175,2.25405,2.25306,2.25372,0.58191,0.58191,0.58158,0.58553,0.57862,-50.86797,1175.00000
3.44830,3.44304,3.44731,3.44435,3.44764,2.26096,2.25964,2.25109,2.25010,2.25306,0.58092,0.58750,0.58882,0.59046,0.58586,-50.68444,1176.00000
3.44633,3.44304,3.44271,3.44369,3.44665,2.25767,2.25537,2.25372,2.25372,2.25471,0.58684,0.58454,0.58652,0.58619,0.58257,-50.68444,1177.00000
3.44139,3.44238,3.44534,3.43810,3.44304,2.26194,2.25109,2.25043,2.25175,2.25306,0.58684,0.58849,0.58783,0.58586,0.58684,-50.74764,1178.00000
3.44468,3.44402,3.44633,3.45060,3.44402,2.25800,2.25208,2.25734,2.25438,2.25800,0.58717,0.58915,0.58816,0.58388,0.58487,-50.74764,1179.00000
3.45093,3.44633,3.44205,3.44139,3.44633,2.25668,2.25372,2.25833,2.25668,2.25537,0.58980,0.58586,0.58652,0.58553,0.58454,-51.20155,1180.00000
3.44435,3.44172,3.44731,3.44041,3.44698,2.25306,2.25142,2.25635,2.25833,2.25076,0.58948,0.59079,0.58849,0.58684,0.58882,-51.20155,1181.00000
3.44205,3.44633,3.44172,3.44468,3.45027,2.25504,2.25372,2.25504,2.25734,2.25602,0.58948,0.58652,0.58882,0.58980,0.58553,-51.63437,1182.00000
3.43975,3.44205,3.44205,3.44304,3.44238,2.25635,2.25339,2.25109,2.25504,2.25734,0.59276,0.59013,0.58882,0.59145,0.59145,-51.63437,1183.00000
3.44600,3.44633,3.44567,3.44501,3.44600,2.25602,2.25306,2.25438,2.25635,2.25241,0.58717,0.58948,0.59211,0.58980,0.59178,-51.38092,1184.00000
3.44534,3.44929,3.44468,3.44468,3.44435,2.25306,2.25306,2.25010,2.25339,2.25438,0.58980,0.59540,0.58882,0.59704,0.59375,-51.38092,1185.00000
3.44172,3.44764,3.44534,3.44304,3.44172,2.25438,2.25734,2.25109,2.25306,2.25274,0.59375,0.58980,0.59770,0.59638,0.59375,-51.56677,1186.00000
3.44600,3.44764,3.44369,3.44863,3.44304,2.25537,2.25602,2.25635,2.25405,2.24945,0.59737,0.59441,0.59178,0.59605,0.59540,-51.56677,1187.00000
3.44896,3.44435,3.44402,3.44764,3.44073,2.25274,2.25076,2.25043,2.25274,2.25537,0.59671,0.59013,0.59112,0.59375,0.59737,-51.71997,1188.00000
3.44337,3.44830,3.44600,3.44008,3.44041,2.25537,2.25241,2.25866,2.25438,2.24780,0.59803,0.60033,0.59605,0.59803,0.59638,-51.90185,1189.00000
3.44139,3.44304,3.44961,3.44369,3.44468,2.25833,2.24945,2.25537,2.25339,2.25570,0.59770,0.59803,0.60033,0.59901,0.59934,-51.90185,1190.00000
3.44402,3.43975,3.44172,3.44468,3.44139,2.25767,2.25076,2.25010,2.25471,2.25635,0.59474,0.60165,0.60362,0.60099,0.60230,-51.90185,1191.00000
3.44172,3.43679,3.43876,3.44534,3.44106,2.25109,2.24846,2.25241,2.25306,2.24978,0.60428,0.60165,0.60362,0.60428,0.59803,-51.48926,1192.00000
3.44106,3.43613,3.44106,3.44139,3.43712,2.24879,2.25570,2.24945,2.24780,2.25109,0.60329,0.60526,0.60000,0.60362,0.59836,-51.48926,1193.00000
3.44106,3.43843,3.44041,3.44172,3.43514,2.24945,2.25043,2.25043,2.25076,2.25076,0.60526,0.60165,0.60362,0.60625,0.60165,-51.21419,1194.00000
3.44008,3.44008,3.44008,3.44139,3.43942,2.25109,2.25372,2.25537,2.25109,2.24879,0.60329,0.60658,0.60230,0.60263,0.60493,-51.21419,1195.00000
3.43679,3.44369,3.44205,3.43843,3.44534,2.25175,2.25208,2.25109,2.24912,2.25438,0.60395,0.60526,0.60362,0.60428,0.60888,-51.19358,1196.00000
3.44468,3.44633,3.43712,3.44172,3.43909,2.25142,2.24780,2.25076,2.24517,2.25339,0.60691,0.60987,0.60296,0.60855,0.60888,-51.19358,1197.00000
3.44205,3.43646,3.44073,3.43646,3.44008,2.25043,2.25010,2.24550,2.24780,2.25175,0.60888,0.60987,0.61020,0.60987,0.60789,-51.14240,1198.00000
3.44567,3.44139,3.44271,3.43975,3.43843,2.24681,2.25043,2.25175,2.25438,2.25306,0.60625,0.60855,0.61020,0.60987,0.60888,-51.14240,1199.00000
3.44139,3.44271,3.44337,3.44238,3.44172,2.25043,2.25208,2.24780,2.24813,2.25175,0.61020,0.61184,0.60789,0.61151,0.61118,-51.32312,1200.00000
3.44238,3.44238,3.44304,3.43679,3.44008,2.24550,2.25208,2.24879,2.24714,2.24681,0.60855,0.60987,0.61250,0.61414,0.61513,-51.32312,1201.00000
3.44271,3.43712,3.43679,3.44337,3.43942,2.24681,2.25043,2.25471,2.25010,2.25274,0.61414,0.61645,0.61381,0.61283,0.61447,-50.85116,1202.00000
3.43679,3.43876,3.43975,3.44041,3.44238,2.24945,2.25076,2.24978,2.25537,2.25405,0.61776,0.61710,0.61250,0.61842,0.61875,-50.85116,1203.00000
3.43679,3.44271,3.44304,3.43975,3.43679,2.25142,2.25339,2.24879,2.25109,2.24879,0.61710,0.61908,0.61579,0.61349,0.61842,-51.32102,1204.00000
3.43843,3.43942,3.43679,3.44435,3.44271,2.25043,2.25109,2.24945,2.24978,2.24747,0.61612,0.62039,0.61908,0.62335,0.61908,-51.32102,1205.00000
3.43712,3.43712,3.43547,3.44567,3.44073,2.25076,2.24747,2.24813,2.25043,2.25274,0.61973,0.62368,0.62171,0.62302,0.61809,-51.57404,1206.00000
3.43876,3.44271,3.44238,3.43810,3.44337,2.24780,2.25142,2.24912,2.25010,2.25043,0.62072,0.61875,0.62006,0.62204,0.62631,-51.57404,1207.00000
3.44205,3.44073,3.44369,3.44797,3.43679,2.24879,2.25438,2.24978,2.24846,2.24780,0.62368,0.62368,0.62434,0.61875,0.62039,-51.64506,1208.00000
3.43975,3.44600,3.43679,3.44106,3.43514,2.24649,2.25142,2.25010,2.25010,2.25043,0.62829,0.62269,0.62500,0.62434,0.62862,-51.64506,1209.00000
3.44402,3.44337,3.43547,3.44534,3.44008,2.24978,2.24846,2.24813,2.25241,2.25339,0.62598,0.62598,0.62829,0.62927,0.62335,-51.27249,1210.00000
3.44468,3.44238,3.44600,3.43942,3.44139,2.25142,2.24945,2.24550,2.25241,2.24813,0.62927,0.62927,0.62894,0.62631,0.62631,-51.27249,1211.00000
3.43909,3.44139,3.44172,3.44139,3.44172,2.25438,2.25109,2.24945,2.25241,2.25043,0.62862,0.63092,0.62960,0.63256,0.62927,-51.19989,1212.00000
3.44304,3.44139,3.44172,3.44665,3.44106,2.24780,2.25142,2.25339,2.25043,2.25175,0.63256,0.62993,0.63454,0.63158,0.62796,-51.12870,1213.00000
3.43975,3.44369,3.44797,3.44139,3.44205,2.25372,2.25043,2.25438,2.24879,2.24846,0.63388,0.63388,0.63585,0.63355,0.63848,-51.12870,1214.00000
3.43942,3.43909,3.44337,3.44929,3.43942,2.25734,2.25109,2.25274,2.25471,2.25635,0.63421,0.63750,0.63388,0.63322,0.63190,-51.60696,1215.00000
3.44633,3.44139,3.43810,3.44369,3.44139,2.24912,2.25043,2.24945,2.25208,2.25043,0.64046,0.63914,0.63914,0.64013,0.63881,-51.60696,1216.00000
3.44008,3.44337,3.43843,3.44304,3.44600,2.25306,2.25241,2.25504,2.25142,2.25010,0.63552,0.63782,0.63815,0.63618,0.63552,-51.60696,1217.00000
3.44106,3.43876,3.44337,3.44435,3.44041,2.25142,2.24879,2.24912,2.25274,2.25043,0.64177,0.64407,0.64046,0.63914,0.64309,-51.39032,1218.00000
3.44238,3.44139,3.44008,3.44402,3.43449,2.24517,2.25471,2.25076,2.25175,2.25504,0.64802,0.64309,0.64309,0.64111,0.64144,-51.39032,1219.00000
3.44830,3.44238,3.44567,3.44106,3.44600,2.25339,2.25372,2.24978,2.25274,2.24813,0.64440,0.64966,0.64506,0.64013,0.64276,-51.86112,1220.00000
3.44501,3.44633,3.44600,3.44501,3.44534,2.25109,2.24714,2.24945,2.24846,2.25241,0.65197,0.64736,0.64572,0.64309,0.64473,-52.05455,1221.00000
3.44304,3.44567,3.43975,3.44369,3.44139,2.25142,2.25372,2.25306,2.25010,2.25208,0.64736,0.64572,0.64638,0.65032,0.64835,-52.05455,1222.00000
3.44205,3.44238,3.44337,3.44600,3.44139,2.25241,2.24945,2.25274,2.25438,2.25306,0.64407,0.64736,0.64934,0.64835,0.64966,-52.05455,1223.00000
3.44172,3.44501,3.44468,3.44205,3.44567,2.25043,2.24813,2.25306,2.24747,2.24583,0.65032,0.65526,0.65230,0.65361,0.64901,-51.54874,1224.00000
3.44304,3.44304,3.43975,3.44600,3.44172,2.25076,2.25043,2.25800,2.25175,2.25208,0.65328,0.65230,0.65328,0.65526,0.65920,-51.54874,1225.00000
3.43942,3.44501,3.43909,3.44304,3.44073,2.25306,2.25274,2.25306,2.25076,2.24945,0.65131,0.65230,0.65328,0.65328,0.65098,-51.28803,1226.00000
3.44534,3.44402,3.44534,3.44369,3.43909,2.25109,2.24978,2.25306,2.24780,2.25306,0.65493,0.65361,0.65493,0.65295,0.65657,-51.28803,1227.00000
3.44205,3.44238,3.43942,3.43909,3.44600,2.24747,2.25537,2.24879,2.25142,2.25570,0.65427,0.65526,0.65690,0.65394,0.65427,-50.83101,1228.00000
3.43876,3.43679,3.44567,3.44435,3.44172,2.25208,2.24879,2.25306,2.25372,2.24747,0.65559,0.65789,0.65624,0.65624,0.65789,-50.83101,1229.00000
3.44008,3.44337,3.44041,3.43942,3.44369,2.25010,2.24188,2.25372,2.25372,2.25339,0.65953,0.65789,0.65986,0.65986,0.66019,-50.92510,1230.00000
3.44041,3.44402,3.43777,3.44402,3.43942,2.24616,2.25241,2.24879,2.24978,2.24846,0.66578,0.66249,0.66183,0.66348,0.66545,-50.92510,1231.00000
3.44041,3.44139,3.43843,3.43712,3.43810,2.25010,2.24846,2.24879,2.24912,2.24550,0.66216,0.65855,0.66118,0.66447,0.65953,-50.98457,1232.00000
3.44139,3.44830,3.44567,3.44172,3.44008,2.24813,2.24846,2.24945,2.24912,2.25010,0.66315,0.66447,0.66874,0.66677,0.66447,-50.98457,1233.00000
3.43547,3.43843,3.43810,3.44369,3.44238,2.24714,2.25142,2.25471,2.25109,2.25010,0.66775,0.66644,0.66348,0.66151,0.66710,-51.21465,1234.00000
3.43975,3.44337,3.44008,3.43975,3.44172,2.24780,2.24385,2.24978,2.24681,2.24418,0.66249,0.67071,0.67039,0.67006,0.66545,-51.21465,1235.00000
3.44073,3.44073,3.43580,3.43646,3.44304,2.24813,2.24649,2.25043,2.25109,2.25043,0.66710,0.66775,0.67039,0.67071,0.66512,-51.46732,1236.00000
3.43712,3.44139,3.44665,3.43580,3.44369,2.25076,2.25076,2.25043,2.25043,2.24747,0.66677,0.66907,0.66808,0.66907,0.66874,-51.46732,1237.00000
3.44172,3.43975,3.43777,3.43712,3.43679,2.24714,2.24912,2.24747,2.24912,2.25405,0.66545,0.66808,0.66940,0.66775,0.67104,-50.82359,1238.00000
3.44139,3.43810,3.43679,3.43942,3.44205,2.24714,2.25043,2.24681,2.24978,2.24780,0.67039,0.67137,0.66874,0.67532,0.67598,-50.82359,1239.00000
3.43745,3.43975,3.43745,3.43646,3.44468,2.24714,2.24813,2.24583,2.24353,2.25076,0.67466,0.67170,0.67400,0.67104,0.66743,-51.30752,1240.00000
3.44008,3.43547,3.43909,3.43646,3.43613,2.24879,2.24616,2.24978,2.24714,2.24484,0.67663,0.67433,0.67137,0.66940,0.67400,-51.97194,1241.00000
3.44172,3.44106,3.43679,3.43942,3.44501,2.24978,2.25010,2.25438,2.24616,2.24780,0.67203,0.67565,0.67302,0.67729,0.67729,-51.97194,1242.00000
3.43942,3.44041,3.44501,3.44139,3.43745,2.24649,2.24681,2.24846,2.24813,2.25043,0.67762,0.67565,0.67565,0.67466,0.67959,-51.97194,1243.00000
3.43942,3.44008,3.44172,3.43909,3.43646,2.25339,2.24714,2.25043,2.25142,2.24945,0.67861,0.67663,0.68190,0.68058,0.67499,-51.73943,1244.00000
3.44106,3.44139,3.43876,3.44369,3.43646,2.25504,2.24912,2.24912,2.25142,2.25142,0.67795,0.67729,0.67499,0.68321,0.67992,-51.73943,1245.00000
3.44205,3.44238,3.44271,3.44073,3.44369,2.25241,2.25175,2.24879,2.25208,2.25010,0.68025,0.68256,0.68091,0.68519,0.68321,-51.12870,1246.00000
3.43876,3.44238,3.44304,3.44304,3.44304,2.25010,2.25372,2.24978,2.25635,2.24714,0.68519,0.68486,0.68256,0.68584,0.68453,-51.12870,1247.00000
3.43942,3.43712,3.44172,3.44337,3.43810,2.24879,2.24978,2.24583,2.24550,2.24879,0.68552,0.68519,0.68749,0.68848,0.68453,-51.47512,1248.00000
3.44172,3.44698,3.43777,3.44205,3.44337,2.25076,2.25274,2.25405,2.25504,2.24978,0.68913,0.68880,0.68815,0.68584,0.68650,-51.47512,1249.00000
3.43843,3.44435,3.45027,3.44435,3.44567,2.24747,2.25306,2.25076,2.25109,2.24879,0.68979,0.69176,0.69275,0.69209,0.69078,-51.55633,1250.00000
3.44468,3.45093,3.44369,3.44534,3.43942,2.24714,2.25109,2.24945,2.25274,2.25274,0.69012,0.69538,0.69472,0.69176,0.68913,-51.55633,1251.00000
3.44797,3.44731,3.44304,3.44567,3.44567,2.25142,2.25076,2.24813,2.25076,2.24484,0.69275,0.69637,0.69374,0.69111,0.69111,-50.64205,1252.00000
3.44402,3.44501,3.44073,3.44501,3.44501,2.25241,2.25109,2.24813,2.25208,2.25274,0.69308,0.69144,0.69505,0.69242,0.69736,-50.64205,1253.00000
3.44106,3.44402,3.43777,3.44238,3.44501,2.24945,2.25043,2.24846,2.25241,2.25241,0.69703,0.69703,0.69571,0.69571,0.69308,-50.84307,1254.00000
3.44600,3.44073,3.44106,3.43942,3.44929,2.25405,2.25175,2.25537,2.25372,2.24517,0.69768,0.70032,0.69604,0.69900,0.70032,-50.84307,1255.00000
3.44304,3.44369,3.44435,3.44008,3.44929,2.24418,2.24978,2.24879,2.24978,2.24879,0.69801,0.70130,0.70064,0.70097,0.70163,-50.52787,1256.00000
3.44863,3.44731,3.44435,3.45126,3.45323,2.25010,2.25010,2.25471,2.25668,2.25537,0.70426,0.70262,0.70229,0.70130,0.70492,-50.52787,1257.00000
3.44468,3.44567,3.45257,3.44402,3.44402,2.25241,2.25537,2.25306,2.24978,2.25438,0.69900,0.70393,0.70393,0.70591,0.70459,-50.37958,1258.00000
3.44238,3.44896,3.44304,3.44501,3.44929,2.24945,2.25076,2.25537,2.25997,2.25602,0.70755,0.70426,0.70393,0.70393,0.70360,-50.37958,1259.00000
3.44896,3.44468,3.44797,3.44534,3.44929,2.25010,2.24616,2.25306,2.25306,2.25339,0.70393,0.70624,0.71117,0.70591,0.70920,-50.30676,1260.00000
3.45027,3.44731,3.44665,3.44797,3.44402,2.25241,2.25274,2.25734,2.25208,2.25504,0.70722,0.70887,0.71380,0.71051,0.71084,-50.30676,1261.00000
3.44008,3.44402,3.44994,3.44863,3.44665,2.25241,2.25438,2.24846,2.25175,2.25602,0.70887,0.71018,0.71117,0.71216,0.71281,-50.32495,1262.00000
3.44172,3.44271,3.45159,3.44797,3.44205,2.25010,2.25109,2.24714,2.25076,2.25109,0.70953,0.71117,0.71216,0.70953,0.71249,-50.32495,1263.00000
3.45060,3.44698,3.44501,3.44731,3.44435,2.24780,2.25142,2.25043,2.25076,2.24813,0.71610,0.71281,0.71446,0.71545,0.71117,-51.12647,1264.00000
3.44797,3.44797,3.44534,3.44665,3.44567,2.25274,2.25043,2.25076,2.25043,2.25405,0.71775,0.71413,0.71841,0.71512,0.71775,-51.12647,1265.00000
3.44961,3.44633,3.44304,3.44172,3.44501,2.25142,2.25076,2.24780,2.24879,2.25208,0.72137,0.72038,0.71906,0.71808,0.72071,-50.35710,1266.00000
3.44402,3.44501,3.45027,3.44369,3.44994,2.25339,2.24945,2.25109,2.24550,2.24978,0.71939,0.71972,0.71841,0.72071,0.71906,-50.35710,1267.00000
3.44304,3.44863,3.45093,3.44172,3.44863,2.25405,2.25504,2.24813,2.25241,2.24945,0.72400,0.72301,0.72597,0.72071,0.72071,-51.18859,1268.00000
3.44304,3.44731,3.44435,3.45323,3.44402,2.25175,2.25043,2.25142,2.25438,2.25405,0.72334,0.72433,0.72564,0.72005,0.72465,-51.18859,1269.00000
3.44764,3.44337,3.44830,3.45455,3.44698,2.25175,2.25504,2.25142,2.25010,2.25537,0.72301,0.72433,0.72433,0.72301,0.72630,-50.45059,1270.00000
3.44764,3.45356,3.44764,3.44665,3.45093,2.25142,2.25241,2.25372,2.24780,2.25010,0.72729,0.72465,0.72827,0.73090,0.72860,-50.45059,1271.00000
3.45257,3.45323,3.44698,3.44896,3.44534,2.25438,2.25438,2.25405,2.25274,2.25372,0.73057,0.72761,0.72597,0.72729,0.72860,-50.51849,1272.00000
3.44961,3.44731,3.44731,3.44567,3.44797,2.25175,2.25405,2.25241,2.24945,2.25208,0.72761,0.73123,0.73222,0.72992,0.73090,-50.51849,1273.00000
3.45455,3.44731,3.44698,3.44731,3.44764,2.25010,2.25142,2.25175,2.25931,2.25438,0.73321,0.72959,0.73255,0.73222,0.73485,-50.68909,1274.00000
3.44896,3.44369,3.44567,3.45455,3.45192,2.25537,2.25931,2.24978,2.25241,2.25504,0.73321,0.73255,0.73321,0.73419,0.73584,-50.68909,1275.00000
3.44435,3.44633,3.44961,3.44665,3.44764,2.25570,2.25175,2.25405,2.25109,2.25339,0.73649,0.73748,0.73485,0.73353,0.73386,-50.76213,1276.00000
3.45126,3.44633,3.44764,3.44896,3.44830,2.25931,2.24912,2.24813,2.25438,2.25274,0.73551,0.73781,0.73649,0.73913,0.73880,-50.76213,1277.00000
3.45356,3.44633,3.44764,3.45257,3.43942,2.25076,2.25602,2.25076,2.25537,2.25306,0.74077,0.74307,0.74110,0.74110,0.74274,-50.91010,1278.00000
3.44764,3.44731,3.44337,3.44797,3.44764,2.25339,2.25372,2.25274,2.24912,2.25635,0.74340,0.74373,0.74044,0.74077,0.74143,-50.91010,1279.00000
3.44633,3.44830,3.44929,3.44929,3.44731,2.25339,2.25306,2.25274,2.24879,2.25076,0.74209,0.74011,0.74603,0.74373,0.74538,-51.09013,1280.00000
3.44863,3.44567,3.45323,3.45126,3.44073,2.24714,2.25010,2.25208,2.25043,2.25570,0.74636,0.74472,0.74242,0.74110,0.74307,-51.09013,1281.00000
3.44863,3.44764,3.44797,3.44600,3.44534,2.25109,2.25010,2.25372,2.25306,2.25175,0.74669,0.74866,0.74735,0.74570,0.74406,-51.20364,1282.00000
3.44698,3.44369,3.44633,3.44600,3.44369,2.25208,2.24846,2.25076,2.24945,2.25076,0.75195,0.74768,0.75327,0.75458,0.74801,-51.20364,1283.00000
3.44731,3.44797,3.44994,3.45093,3.44863,2.25372,2.25043,2.25438,2.25339,2.25208,0.75294,0.74932,0.75064,0.75327,0.75228,-51.48440,1284.00000
3.44337,3.44863,3.44304,3.44863,3.44600,2.24846,2.25043,2.25142,2.25438,2.25208,0.75689,0.74899,0.75294,0.75426,0.75162,-51.48440,1285.00000
3.45027,3.45356,3.45027,3.45257,3.44369,2.25504,2.25635,2.25208,2.25208,2.24978,0.75787,0.75590,0.75228,0.75820,0.75985,-50.93426,1286.00000
3.45027,3.45422,3.44698,3.44896,3.44797,2.25241,2.25175,2.25241,2.24978,2.25306,0.76083,0.75689,0.76346,0.75656,0.75952,-50.93426,1287.00000
3.44929,3.45257,3.44830,3.44501,3.44764,2.25668,2.25208,2.25635,2.24747,2.25241,0.76050,0.75952,0.76182,0.76379,0.76445,-50.89139,1288.00000
3.44764,3.45323,3.44731,3.45323,3.45257,2.25504,2.25076,2.25274,2.25504,2.25372,0.76149,0.76149,0.76478,0.76445,0.76544,-50.89139,1289.00000
3.44501,3.45060,3.44731,3.45060,3.45356,2.25668,2.25241,2.25043,2.25208,2.25274,0.76577,0.76314,0.76610,0.75886,0.76610,-50.80748,1290.00000
3.44764,3.44896,3.44534,3.44797,3.44567,2.24945,2.25142,2.25537,2.25142,2.25043,0.76511,0.76577,0.76708,0.76643,0.76774,-50.80748,1291.00000
3.44896,3.45060,3.44961,3.44994,3.44929,2.25175,2.25076,2.25208,2.25701,2.25010,0.76610,0.76708,0.77070,0.76971,0.77004,-50.82152,1292.00000
3.44633,3.45126,3.44665,3.44961,3.44369,2.25306,2.25339,2.25010,2.25241,2.25010,0.76643,0.77267,0.77235,0.76906,0.77333,-50.82152,1293.00000
3.44929,3.44994,3.44896,3.45126,3.45488,2.25142,2.25306,2.25701,2.25372,2.25372,0.77235,0.77235,0.77629,0.77531,0.77629,-51.70491,1294.00000
3.45323,3.43909,3.44994,3.44435,3.44764,2.25405,2.25372,2.25109,2.24879,2.25570,0.77037,0.77103,0.77761,0.77728,0.77465,-51.70491,1295.00000
3.44961,3.44896,3.44961,3.44896,3.44929,2.25471,2.25339,2.25372,2.25274,2.25339,0.77827,0.77695,0.77859,0.77596,0.77498,-51.36610,1296.00000
3.45027,3.44501,3.44468,3.44929,3.44271,2.25208,2.24846,2.25471,2.25306,2.25043,0.77596,0.78188,0.78188,0.77958,0.78057,-51.36610,1297.00000
3.45027,3.44633,3.44961,3.44929,3.44665,2.25405,2.25175,2.25471,2.25175,2.24846,0.78353,0.77958,0.77794,0.78386,0.77432,-51.37297,1298.00000
3.44369,3.44402,3.44435,3.44501,3.44172,2.25175,2.25274,2.25109,2.25306,2.24912,0.78090,0.78155,0.78090,0.78386,0.77925,-51.37297,1299.00000
3.45225,3.44731,3.44764,3.44797,3.44731,2.25142,2.25274,2.25471,2.24945,2.24945,0.78353,0.78320,0.77991,0.78254,0.78780,-51.60542,1300.00000
3.44830,3.44534,3.45257,3.44369,3.44929,2.24978,2.24879,2.24945,2.25405,2.25372,0.78221,0.78616,0.78517,0.78188,0.78583,-51.60542,1301.00000
3.45060,3.44600,3.45192,3.44435,3.44896,2.25109,2.25208,2.25109,2.25175,2.25010,0.78682,0.78682,0.78550,0.78813,0.78583,-51.36976,1302.00000
3.44731,3.44830,3.44797,3.44731,3.44961,2.25339,2.24714,2.25471,2.25372,2.25504,0.78879,0.78649,0.79175,0.78846,0.78616,-51.36976,1303.00000
3.44534,3.45685,3.44337,3.44665,3.44994,2.25076,2.24945,2.24714,2.25274,2.25339,0.79076,0.78780,0.78747,0.78945,0.79043,-51.02222,1304.00000
3.44896,3.45554,3.44468,3.44797,3.44896,2.25372,2.25274,2.24879,2.25208,2.25208,0.78879,0.79208,0.79340,0.79570,0.79241,-51.02222,1305.00000
3.44534,3.45060,3.45159,3.44567,3.45323,2.25471,2.25142,2.25734,2.25504,2.25405,0.79340,0.79405,0.79537,0.79274,0.79043,-51.32113,1306.00000
3.45323,3.45027,3.45060,3.44961,3.44633,2.25109,2.25833,2.25208,2.25175,2.24879,0.79340,0.79800,0.79109,0.79570,0.79537,-51.32113,1307.00000
3.44830,3.44961,3.44731,3.44929,3.44567,2.25142,2.25504,2.25274,2.25175,2.25570,0.79471,0.79471,0.79603,0.79307,0.79603,-51.20302,1308.00000
3.44994,3.45126,3.44534,3.45257,3.44961,2.25339,2.25931,2.25306,2.25471,2.25241,0.79701,0.79570,0.79603,0.80030,0.79537,-51.20302,1309.00000
3.44731,3.45586,3.45356,3.44797,3.45323,2.25241,2.25537,2.25570,2.25306,2.25471,0.79570,0.80195,0.79997,0.79833,0.79866,-50.73203,1310.00000
3.44698,3.45290,3.45455,3.44764,3.44896,2.25076,2.25175,2.25438,2.25339,2.25405,0.80293,0.80359,0.79964,0.79833,0.79471,-50.73203,1311.00000
3.45422,3.45290,3.45225,3.44994,3.45126,2.25175,2.25438,2.25635,2.25208,2.25635,0.80129,0.79997,0.80063,0.80096,0.79997,-50.56614,1312.00000
3.45060,3.44764,3.45027,3.45027,3.45356,2.25537,2.25043,2.25175,2.25635,2.25339,0.80063,0.80425,0.79866,0.79833,0.80392,-50.56614,1313.00000
3.45027,3.45027,3.45060,3.44961,3.45290,2.25241,2.25241,2.25010,2.25438,2.25438,0.80524,0.80392,0.80228,0.80458,0.80589,-50.17235,1314.00000
3.45422,3.45554,3.45521,3.45652,3.44665,2.25438,2.25010,2.25602,2.25043,2.25142,0.80524,0.80589,0.80491,0.80556,0.80260,-50.17235,1315.00000
3.44896,3.45225,3.44929,3.45126,3.45192,2.25537,2.25800,2.25142,2.25043,2.25208,0.80293,0.80984,0.80524,0.80688,0.80787,-50.61132,1316.00000
3.45356,3.45455,3.45554,3.45323,3.45422,2.25438,2.25504,2.24649,2.25635,2.25274,0.81017,0.80852,0.81017,0.80524,0.80754,-50.61132,1317.00000
3.44665,3.45060,3.45225,3.45126,3.44633,2.25339,2.25076,2.25438,2.25438,2.25405,0.80688,0.80852,0.81116,0.80754,0.80721,-51.39550,1318.00000
3.45159,3.45389,3.45356,3.45225,3.45060,2.25537,2.25438,2.25241,2.25471,2.25734,0.80951,0.81313,0.81181,0.80918,0.81017,-51.39550,1319.00000
3.45586,3.45422,3.44896,3.44961,3.45290,2.24879,2.25043,2.25570,2.25372,2.25504,0.80787,0.81313,0.81247,0.80688,0.81543,-51.81412,1320.00000
3.45093,3.45257,3.45192,3.45257,3.44994,2.25306,2.24978,2.25438,2.26063,2.25602,0.81050,0.81346,0.81214,0.81412,0.81083,-51.81412,1321.00000
3.44797,3.45685,3.45323,3.45455,3.45290,2.25734,2.25142,2.25800,2.25438,2.24879,0.81313,0.81642,0.81576,0.80984,0.81181,-51.15570,1322.00000
3.45159,3.45323,3.45192,3.45422,3.44797,2.25306,2.25274,2.25668,2.25635,2.25504,0.81412,0.81247,0.81543,0.81346,0.81675,-51.15570,1323.00000
3.45422,3.45060,3.45323,3.45356,3.44698,2.25438,2.25274,2.25208,2.25701,2.25372,0.82004,0.81773,0.81346,0.81773,0.81839,-50.88928,1324.00000
3.44764,3.45652,3.45356,3.45389,3.45554,2.25668,2.25931,2.25109,2.25504,2.25668,0.82036,0.81872,0.81642,0.82069,0.81642,-50.88928,1325.00000
3.45126,3.44929,3.45488,3.45126,3.44764,2.25241,2.25010,2.25306,2.25471,2.25142,0.81971,0.81839,0.81806,0.82300,0.81740,-50.79793,1326.00000
3.45422,3.44961,3.45422,3.44797,3.45422,2.25471,2.25471,2.25142,2.24846,2.25701,0.81839,0.82234,0.82201,0.82365,0.81806,-50.79793,1327.00000
3.44929,3.45817,3.44830,3.45554,3.46310,2.25306,2.25438,2.25339,2.25372,2.25208,0.82300,0.82036,0.82201,0.82201,0.82135,-50.65077,1328.00000
3.44731,3.44961,3.44929,3.45389,3.45225,2.25339,2.25570,2.24550,2.25142,2.25109,0.82365,0.82563,0.81872,0.82201,0.82497,-50.65077,1329.00000
3.45323,3.45027,3.44665,3.45554,3.45225,2.25142,2.25767,2.25602,2.25339,2.24978,0.82497,0.82793,0.82102,0.82036,0.82464,-50.81796,1330.00000
3.45784,3.44797,3.45619,3.45060,3.45290,2.25175,2.25306,2.25010,2.25537,2.25274,0.82497,0.82694,0.82300,0.82892,0.82497,-50.81796,1331.00000
3.45192,3.45126,3.45225,3.44896,3.45751,2.25339,2.25405,2.25142,2.25635,2.25570,0.82793,0.83023,0.82760,0.82727,0.82661,-50.31093,1332.00000
3.44929,3.45455,3.44435,3.45290,3.45389,2.25701,2.25438,2.25635,2.25602,2.25339,0.83056,0.82596,0.82760,0.82793,0.83056,-50.31093,1333.00000
3.45455,3.45027,3.45389,3.45192,3.45060,2.25504,2.25010,2.25274,2.25339,2.25109,0.82859,0.82497,0.82826,0.82826,0.82925,-50.52630,1334.00000
3.45488,3.45159,3.44994,3.45323,3.44961,2.25635,2.25734,2.25241,2.25241,2.25109,0.83023,0.83517,0.83056,0.83319,0.82793,-50.52339,1335.00000
3.44468,3.45389,3.44929,3.45225,3.45192,2.25175,2.25306,2.25602,2.25570,2.25504,0.83221,0.83451,0.83385,0.83188,0.83484,-50.52339,1336.00000
3.45126,3.45192,3.45422,3.44994,3.46146,2.25668,2.25405,2.25504,2.25602,2.25668,0.83648,0.83615,0.83155,0.83451,0.83286,-50.52339,1337.00000
3.45554,3.45389,3.45257,3.45323,3.45882,2.25241,2.25306,2.25471,2.25504,2.25175,0.83714,0.83484,0.83253,0.83517,0.83780,-50.62399,1338.00000
3.45685,3.45225,3.45389,3.45751,3.45389,2.25010,2.25208,2.25570,2.25274,2.25734,0.83517,0.83813,0.83944,0.83582,0.83845,-50.62399,1339.00000
3.44994,3.45521,3.45554,3.45948,3.45257,2.25010,2.25734,2.25241,2.25438,2.24978,0.83911,0.84076,0.83747,0.83977,0.83944,-50.12465,1340.00000
3.45290,3.45948,3.45356,3.45488,3.45225,2.25602,2.25767,2.25602,2.25208,2.25635,0.84273,0.84701,0.84306,0.83681,0.83977,-50.12465,1341.00000
3.45225,3.45323,3.44961,3.45554,3.44830,2.25833,2.25504,2.25570,2.25274,2.25767,0.83944,0.84339,0.83977,0.84207,0.84010,-49.99033,1342.00000
3.45685,3.45389,3.45521,3.45257,3.45784,2.25767,2.25339,2.25635,2.25142,2.25866,0.84668,0.84174,0.84109,0.84043,0.84306,-49.99033,1343.00000
3.45455,3.45488,3.45389,3.45521,3.45652,2.25306,2.25076,2.25570,2.25800,2.25767,0.84141,0.84602,0.84273,0.84405,0.84339,-50.21165,1344.00000
3.45126,3.45455,3.45257,3.45554,3.45257,2.25274,2.25635,2.25734,2.25471,2.25208,0.84766,0.84569,0.84898,0.84668,0.84405,-50.21165,1345.00000
3.45586,3.45554,3.45257,3.45751,3.45455,2.25438,2.25866,2.25701,2.25898,2.25306,0.84701,0.84668,0.84931,0.84437,0.84997,-49.99462,1346.00000
3.45652,3.45586,3.45455,3.45817,3.45027,2.25471,2.25701,2.25833,2.25537,2.25734,0.84766,0.84799,0.84997,0.84503,0.84832,-49.99462,1347.00000
3.45619,3.44797,3.45751,3.45652,3.45554,2.25602,2.25405,2.25964,2.25274,2.25504,0.85030,0.84964,0.84536,0.85293,0.84766,-49.81249,1348.00000
3.45126,3.45981,3.45915,3.45586,3.45685,2.25306,2.25668,2.25043,2.25504,2.25570,0.85030,0.85227,0.84503,0.85556,0.85062,-49.81249,1349.00000
3.45817,3.45850,3.45685,3.45586,3.45521,2.25537,2.25537,2.25405,2.25471,2.25898,0.85358,0.85556,0.85227,0.84832,0.85128,-50.21679,1350.00000
3.46080,3.45455,3.45389,3.45521,3.45685,2.25175,2.25866,2.26063,2.25800,2.25734,0.85457,0.85260,0.84766,0.85161,0.85260,-50.21679,1351.00000
3.45290,3.45718,3.45356,3.45718,3.45455,2.25668,2.25537,2.25997,2.25668,2.25504,0.85161,0.85556,0.85457,0.85227,0.85490,-50.39518,1352.00000
3.45554,3.45257,3.45521,3.45159,3.45718,2.25306,2.25405,2.25537,2.25602,2.26096,0.85819,0.85457,0.85819,0.85589,0.85227,-50.39518,1353.00000
3.45652,3.45323,3.45882,3.45159,3.45323,2.25997,2.25866,2.25570,2.25602,2.25734,0.85950,0.85852,0.85654,0.85490,0.85852,-50.24067,1354.00000
3.45586,3.45619,3.45850,3.45422,3.45488,2.25866,2.25635,2.25076,2.25964,2.25504,0.85589,0.85950,0.85852,0.86049,0.85391,-50.24067,1355.00000
3.45554,3.45619,3.46178,3.45718,3.45915,2.25734,2.25734,2.25701,2.25898,2.25537,0.85819,0.86049,0.85786,0.86444,0.85983,-50.28089,1356.00000
3.46014,3.45257,3.45159,3.45488,3.45981,2.25208,2.25800,2.26030,2.25635,2.25898,0.85918,0.86279,0.86148,0.86016,0.86016,-50.28089,1357.00000
3.45981,3.45784,3.45652,3.45455,3.45455,2.25767,2.25405,2.25175,2.25109,2.24912,0.86049,0.85786,0.86148,0.86148,0.85885,-50.42977,1358.00000
3.45027,3.45882,3.45323,3.45323,3.45126,2.25635,2.25438,2.25339,2.26162,2.25931,0.86378,0.86082,0.86542,0.86082,0.86148,-50.42977,1359.00000
3.45159,3.46277,3.45652,3.46080,3.45652,2.25734,2.25372,2.25438,2.25997,2.25208,0.86575,0.86477,0.86608,0.86542,0.86411,-50.31256,1360.00000
3.45554,3.45586,3.45718,3.45356,3.45554,2.25833,2.26260,2.25537,2.25471,2.25668,0.86279,0.86575,0.86542,0.86444,0.86773,-50.31256,1361.00000
3.45981,3.45389,3.45619,3.45685,3.45652,2.25767,2.25570,2.25964,2.25997,2.26063,0.86575,0.86674,0.86477,0.86871,0.86312,-50.22139,1362.00000
3.45685,3.45323,3.45290,3.45784,3.45159,2.25734,2.25405,2.25734,2.25833,2.25570,0.86806,0.86740,0.86904,0.86937,0.86806,-50.22139,1363.00000
3.45225,3.45126,3.45817,3.45948,3.45718,2.25504,2.25405,2.25602,2.25635,2.25734,0.86838,0.87069,0.86707,0.87134,0.87332,-49.89206,1364.00000
3.45225,3.45948,3.45192,3.45389,3.46014,2.25866,2.25833,2.25043,2.25570,2.25372,0.87233,0.87003,0.87003,0.87266,0.86608,-49.89206,1365.00000
3.46146,3.45652,3.45521,3.46014,3.45422,2.25405,2.25274,2.25602,2.25372,2.26096,0.86641,0.87167,0.87134,0.87134,0.87332,-49.89712,1366.00000
3.45882,3.45488,3.45882,3.45488,3.46146,2.25504,2.25076,2.25208,2.25734,2.25635,0.87233,0.87003,0.87167,0.87036,0.87365,-49.89712,1367.00000
3.45981,3.45652,3.45323,3.45751,3.45718,2.25701,2.25635,2.26096,2.25635,2.26129,0.87661,0.87266,0.87200,0.87134,0.87529,-49.32106,1368.00000
3.45718,3.45784,3.45257,3.45521,3.45652,2.25964,2.25833,2.25635,2.25668,2.24780,0.87562,0.87496,0.87595,0.87365,0.87430,-49.32106,1369.00000
3.45356,3.45257,3.44863,3.45422,3.44929,2.25142,2.25339,2.25635,2.25734,2.25570,0.87496,0.87727,0.87463,0.88023,0.87759,-49.34067,1370.00000
3.45850,3.45060,3.45455,3.45652,3.45290,2.25208,2.25570,2.25602,2.25635,2.25306,0.87825,0.87595,0.87694,0.87661,0.87430,-49.34067,1371.00000
3.45488,3.45554,3.45685,3.45488,3.45488,2.26260,2.25241,2.24912,2.25241,2.25438,0.87858,0.87628,0.88220,0.87727,0.87562,-48.67340,1372.00000
3.45225,3.45586,3.45685,3.45159,3.45488,2.25537,2.25175,2.25602,2.25208,2.25438,0.88351,0.88055,0.87727,0.87661,0.87825,-48.67340,1373.00000
3.45488,3.45652,3.45093,3.45882,3.46047,2.25405,2.25964,2.25405,2.25405,2.25570,0.88615,0.88253,0.88516,0.88154,0.88417,-47.07133,1374.00000
3.46014,3.44830,3.45882,3.45323,3.45554,2.25274,2.25701,2.25504,2.25339,2.24978,0.88121,0.88121,0.88253,0.88121,0.88088,-47.07133,1375.00000
3.45521,3.44961,3.45948,3.45521,3.45554,2.25635,2.25734,2.25635,2.25964,2.25438,0.87957,0.87990,0.88647,0.88121,0.88582,-44.21292,1376.00000
3.45554,3.45586,3.45323,3.45192,3.45586,2.25504,2.25274,2.25964,2.25306,2.25471,0.88483,0.88483,0.88384,0.88549,0.88549,-44.21292,1377.00000
3.45422,3.45685,3.45455,3.44994,3.45225,2.25734,2.25997,2.24681,2.24780,2.25241,0.88121,0.88384,0.88779,0.88746,0.88549,-45.77899,1378.00000
3.45159,3.45488,3.45751,3.44961,3.44633,2.25570,2.25109,2.25668,2.25372,2.25241,0.88713,0.88680,0.89075,0.88713,0.88384,-45.77899,1379.00000
3.45192,3.45586,3.45455,3.45356,3.45389,2.25274,2.25405,2.25767,2.25372,2.25274,0.88549,0.88779,0.88549,0.88615,0.88647,-46.27616,1380.00000
3.45192,3.45389,3.45290,3.45488,3.45521,2.25208,2.26129,2.25405,2.25537,2.25208,0.88746,0.89108,0.88582,0.88647,0.88713,-46.27616,1381.00000
3.45257,3.45192,3.45422,3.45915,3.45554,2.25800,2.25668,2.26194,2.25537,2.25339,0.88845,0.88615,0.88911,0.88845,0.89174,-46.81106,1382.00000
3.45554,3.45652,3.45422,3.45159,3.45389,2.25471,2.25306,2.25109,2.25142,2.25668,0.88779,0.89503,0.89009,0.89207,0.88779,-46.81106,1383.00000
3.45225,3.45290,3.45159,3.45882,3.45685,2.25405,2.25241,2.25208,2.25570,2.25767,0.89239,0.89338,0.88878,0.88911,0.89141,-47.55015,1384.00000
3.45850,3.45126,3.46014,3.45554,3.45257,2.25668,2.25800,2.26063,2.25635,2.24846,0.89535,0.89371,0.89207,0.89207,0.88845,-47.55015,1385.00000
3.46146,3.45257,3.45257,3.45981,3.45126,2.25668,2.25537,2.25537,2.25339,2.25602,0.89009,0.89305,0.89272,0.89108,0.89141,-48.71670,1386.00000
3.45850,3.45784,3.45323,3.45882,3.45422,2.26359,2.25537,2.25175,2.25833,2.25405,0.89272,0.89042,0.89305,0.89568,0.89371,-48.71670,1387.00000
3.45225,3.45257,3.45652,3.46113,3.45915,2.25668,2.25471,2.25504,2.25274,2.25964,0.89667,0.89141,0.89371,0.89568,0.89174,-49.01751,1388.00000
3.45093,3.45915,3.45290,3.45751,3.45126,2.25208,2.25504,2.25866,2.26063,2.25537,0.89535,0.89568,0.89503,0.89371,0.89503,-49.01751,1389.00000
3.45586,3.45619,3.45093,3.45126,3.45257,2.25175,2.25339,2.25537,2.25602,2.25964,0.89535,0.89568,0.89831,0.89766,0.89239,-49.74703,1390.00000
3.45455,3.45521,3.45422,3.45389,3.45323,2.25076,2.25208,2.25142,2.25471,2.25537,0.89963,0.89700,0.89799,0.89766,0.89470,-49.74703,1391.00000
3.45784,3.45619,3.45784,3.45718,3.45751,2.25438,2.25635,2.25438,2.25438,2.25405,0.89864,0.89733,0.89503,0.89930,0.89568,-49.63929,1392.00000
3.45455,3.45554,3.45455,3.44698,3.45488,2.25306,2.25602,2.25931,2.25570,2.25602,0.90095,0.89864,0.89766,0.90127,0.89831,-49.63929,1393.00000
3.45619,3.45718,3.45455,3.45389,3.45159,2.25668,2.25241,2.25570,2.25701,2.25701,0.89996,0.90160,0.89897,0.89766,0.90029,-49.97763,1394.00000
3.45192,3.45225,3.45586,3.45488,3.45126,2.25274,2.25471,2.25471,2.25504,2.25701,0.90621,0.90029,0.90095,0.89930,0.89831,-49.97763,1395.00000
3.45718,3.44994,3.45850,3.45619,3.45455,2.25306,2.25471,2.25800,2.25734,2.25405,0.90193,0.90160,0.90029,0.90029,0.90160,-49.87278,1396.00000
3.45257,3.44830,3.45685,3.45915,3.45290,2.25833,2.25537,2.25142,2.25109,2.25570,0.89831,0.89864,0.90193,0.90785,0.89897,-49.87278,1397.00000
3.46146,3.45817,3.45323,3.45356,3.45882,2.25537,2.25767,2.25471,2.25438,2.25339,0.90522,0.90654,0.90062,0.90292,0.90555,-49.80451,1398.00000
3.45554,3.45751,3.45817,3.45751,3.45554,2.25438,2.25668,2.25438,2.25241,2.25274,0.90424,0.90456,0.90259,0.90062,0.90325,-49.80451,1399.00000
3.45784,3.45323,3.45488,3.45915,3.45948,2.25570,2.25668,2.25537,2.25635,2.25438,0.90917,0.90950,0.90621,0.90325,0.90752,-49.65320,1400.00000
3.45850,3.46014,3.45718,3.45521,3.45554,2.25734,2.25438,2.25306,2.25833,2.25570,0.90588,0.90720,0.90555,0.90720,0.90358,-49.65320,1401.00000
3.45685,3.45652,3.45225,3.45422,3.45619,2.25602,2.25767,2.25306,2.25471,2.25767,0.90654,0.90555,0.90720,0.90785,0.91114,-49.67277,1402.00000
3.45323,3.45751,3.46146,3.45521,3.45685,2.25438,2.25668,2.25964,2.25372,2.25076,0.90621,0.91114,0.90851,0.90950,0.90983,-49.67277,1403.00000
3.45290,3.45126,3.45257,3.46113,3.46014,2.25570,2.26293,2.25570,2.25833,2.25898,0.90752,0.90950,0.90785,0.91180,0.91114,-49.84370,1404.00000
3.45225,3.45850,3.45389,3.46014,3.45554,2.25504,2.25767,2.25306,2.25570,2.25800,0.91081,0.91147,0.90983,0.91016,0.91048,-49.83720,1405.00000
3.45521,3.45751,3.45290,3.46047,3.45685,2.25866,2.25471,2.25043,2.25504,2.25767,0.90851,0.91377,0.90983,0.90917,0.91147,-49.83720,1406.00000
3.45948,3.46014,3.45323,3.45389,3.45882,2.25767,2.25306,2.25339,2.25964,2.25767,0.91443,0.91608,0.91114,0.91542,0.91180,-49.83720,1407.00000
3.45389,3.45027,3.46014,3.45422,3.45356,2.26096,2.25372,2.25701,2.25043,2.25306,0.91213,0.91608,0.91542,0.91410,0.91344,-49.70104,1408.00000
3.45554,3.45915,3.45323,3.45323,3.46113,2.25635,2.25734,2.25767,2.25800,2.25767,0.91542,0.91838,0.91706,0.91476,0.91608,-49.70104,1409.00000
3.45323,3.45784,3.45521,3.45882,3.45093,2.25537,2.25405,2.25800,2.25471,2.25734,0.91312,0.91476,0.91871,0.91542,0.91476,-49.94392,1410.00000
3.45817,3.45784,3.45126,3.45093,3.45356,2.25866,2.25241,2.25537,2.25175,2.25241,0.91936,0.91443,0.91772,0.91640,0.92068,-49.94392,1411.00000
3.45521,3.45356,3.45619,3.46146,3.45586,2.25570,2.25668,2.25701,2.25537,2.25734,0.92068,0.91805,0.91608,0.92200,0.91904,-49.53293,1412.00000
3.45060,3.45586,3.45784,3.45422,3.45685,2.25537,2.25339,2.25438,2.25964,2.25274,0.92002,0.91871,0.92035,0.91969,0.92068,-49.47703,1413.00000
3.45850,3.45389,3.45619,3.45619,3.45915,2.25438,2.25471,2.25339,2.25767,2.25537,0.92200,0.92101,0.92232,0.91904,0.92002,-49.47703,1414.00000
3.45521,3.45619,3.45257,3.46244,3.45521,2.25142,2.25964,2.25405,2.25372,2.25438,0.91969,0.92331,0.92035,0.91904,0.91838,-49.47703,1415.00000
3.46014,3.45915,3.45882,3.45356,3.46014,2.25471,2.25898,2.25043,2.25701,2.25537,0.92200,0.92167,0.92364,0.92496,0.92068,-48.60806,1416.00000
3.45718,3.45981,3.45323,3.45159,3.45521,2.25866,2.25734,2.25438,2.25438,2.25635,0.92331,0.92232,0.92364,0.92726,0.92528,-48.60806,1417.00000
3.45389,3.45521,3.45652,3.45488,3.45981,2.25438,2.25931,2.25208,2.25537,2.25537,0.92430,0.92627,0.92528,0.92561,0.92594,-48.38845,1418.00000
3.45685,3.45455,3.45192,3.45389,3.45718,2.25767,2.25635,2.26030,2.25668,2.25800,0.92660,0.92331,0.92923,0.92496,0.92792,-47.25571,1419.00000
3.45718,3.46047,3.45159,3.45948,3.45521,2.25866,2.25602,2.25800,2.25339,2.25438,0.92430,0.92693,0.92660,0.93022,0.92627,-47.25571,1420.00000
3.46178,3.45948,3.45619,3.45718,3.45850,2.25241,2.25635,2.25537,2.25274,2.26194,0.92824,0.92693,0.93515,0.92528,0.92956,-47.25571,1421.00000
3.45554,3.45817,3.45751,3.45554,3.45915,2.25537,2.25668,2.25438,2.25570,2.25767,0.92660,0.92824,0.93219,0.92857,0.93022,-46.73655,1422.00000
3.46310,3.46277,3.45455,3.46047,3.45850,2.25602,2.25635,2.25898,2.25602,2.25635,0.93186,0.92890,0.92857,0.92857,0.92660,-46.73655,1423.00000
3.45882,3.46277,3.45948,3.45619,3.45257,2.25602,2.25471,2.25833,2.25734,2.25668,0.93581,0.92792,0.93055,0.92627,0.93088,-46.63296,1424.00000
3.45225,3.45389,3.46310,3.46113,3.45422,2.25602,2.25800,2.25668,2.25602,2.25471,0.93482,0.93088,0.93548,0.93022,0.93088,-46.63296,1425.00000
3.45915,3.45586,3.46211,3.45586,3.45981,2.26063,2.25471,2.25504,2.25800,2.25734,0.93285,0.93318,0.93120,0.93186,0.92923,-47.64300,1426.00000
3.46080,3.46376,3.46178,3.46211,3.45521,2.25833,2.25537,2.25866,2.25734,2.25800,0.93351,0.93252,0.93417,0.92989,0.93417,-47.64300,1427.00000
3.46014,3.45521,3.45652,3.45257,3.45915,2.25964,2.25964,2.25734,2.25405,2.25997,0.93745,0.93614,0.93548,0.93384,0.93351,-48.04130,1428.00000
3.45817,3.45948,3.45652,3.46277,3.45685,2.25602,2.25800,2.25931,2.25964,2.25142,0.93943,0.93976,0.93614,0.93778,0.93647,-48.04130,1429.00000
3.46014,3.46113,3.46343,3.45751,3.46047,2.25635,2.25734,2.25734,2.25866,2.25767,0.93647,0.93647,0.93910,0.93417,0.93515,-48.53469,1430.00000
3.46080,3.45981,3.45784,3.45882,3.45817,2.25175,2.26129,2.25701,2.25898,2.25602,0.93548,0.93614,0.93745,0.93647,0.93811,-48.53469,1431.00000
3.45521,3.46409,3.45685,3.46211,3.45225,2.25372,2.25471,2.25800,2.25537,2.25602,0.93680,0.93614,0.93680,0.93647,0.93515,-48.24513,1432.00000
3.45652,3.45751,3.45521,3.46178,3.46343,2.25833,2.25668,2.25668,2.25602,2.25602,0.93811,0.93811,0.94107,0.94009,0.93976,-48.24513,1433.00000
3.45850,3.45192,3.45521,3.46343,3.45257,2.25931,2.26129,2.25635,2.26162,2.25504,0.93976,0.93943,0.93680,0.93515,0.94272,-48.66245,1434.00000
3.45554,3.45718,3.45882,3.45323,3.45521,2.25537,2.25372,2.25339,2.26162,2.25208,0.94173,0.94074,0.93647,0.93976,0.94041,-48.66245,1435.00000
3.45850,3.45882,3.45948,3.45948,3.46047,2.25635,2.25109,2.25734,2.25833,2.25898,0.94107,0.93713,0.94140,0.93811,0.94370,-48.64769,1436.00000
3.46047,3.46047,3.45619,3.46113,3.46113,2.25339,2.25504,2.25438,2.25734,2.25438,0.94107,0.93614,0.94370,0.94206,0.94206,-48.64769,1437.00000
3.45850,3.45882,3.45159,3.45784,3.45488,2.25833,2.25306,2.25767,2.25701,2.25898,0.94009,0.94370,0.93976,0.93910,0.94107,-48.90966,1438.00000
3.46507,3.45257,3.45817,3.45685,3.45685,2.25537,2.25931,2.25372,2.25570,2.26260,0.94601,0.94206,0.94107,0.94107,0.94272,-48.90966,1439.00000
3.46178,3.45323,3.45323,3.45882,3.45455,2.25701,2.25635,2.25833,2.25241,2.25866,0.94173,0.94173,0.94074,0.94370,0.94469,-49.23079,1440.00000
3.45915,3.45422,3.46244,3.45422,3.45455,2.25405,2.25241,2.25635,2.25734,2.25570,0.94601,0.94305,0.94601,0.94009,0.94436,-49.23079,1441.00000
3.45652,3.45257,3.45652,3.46211,3.45521,2.25372,2.25602,2.25734,2.25372,2.25833,0.94469,0.94403,0.94798,0.94370,0.94469,-49.87782,1442.00000
3.46244,3.45784,3.45981,3.45652,3.45356,2.25537,2.25537,2.25701,2.25537,2.25866,0.94370,0.94666,0.94469,0.94436,0.94206,-49.87782,1443.00000
3.45751,3.45257,3.45685,3.45882,3.45225,2.25931,2.25274,2.25372,2.25372,2.25372,0.94272,0.94798,0.94107,0.94666,0.94239,-49.87297,1444.00000
3.45619,3.45948,3.45356,3.45554,3.45850,2.25833,2.25833,2.25372,2.25109,2.25800,0.94535,0.94502,0.94436,0.94666,0.94337,-49.87297,1445.00000
3.45093,3.46178,3.45685,3.45882,3.45817,2.25306,2.25471,2.25175,2.25866,2.25570,0.94568,0.94666,0.94798,0.94633,0.94831,-49.82742,1446.00000
3.45948,3.45619,3.45422,3.45356,3.45290,2.25208,2.25635,2.25767,2.25471,2.25504,0.94765,0.94995,0.94403,0.94929,0.94305,-49.82742,1447.00000
3.45619,3.45422,3.45521,3.45751,3.45521,2.25471,2.25339,2.25668,2.25438,2.25767,0.94699,0.94469,0.94272,0.94502,0.94732,-49.92238,1448.00000
3.45652,3.45882,3.45488,3.46047,3.45290,2.25339,2.25241,2.25372,2.25043,2.25438,0.94469,0.94864,0.94370,0.94568,0.94699,-49.92238,1449.00000
3.45323,3.44863,3.45521,3.45389,3.45718,2.25471,2.25833,2.25701,2.25504,2.25800,0.94798,0.94962,0.95028,0.94436,0.95127,-49.70737,1450.00000
3.45784,3.45784,3.45554,3.45521,3.45718,2.25274,2.25701,2.25767,2.24813,2.25537,0.95061,0.94699,0.94568,0.94962,0.94864,-49.70737,1451.00000
3.45455,3.46211,3.45882,3.45981,3.45850,2.25405,2.25438,2.25438,2.25372,2.25504,0.94765,0.94864,0.94699,0.94929,0.94929,-50.08974,1452.00000
3.45915,3.45652,3.45718,3.45882,3.45619,2.25405,2.25701,2.25372,2.25570,2.25635,0.95258,0.94864,0.95225,0.94568,0.94897,-50.08974,1453.00000
3.44961,3.46178,3.45619,3.45257,3.45685,2.26063,2.25668,2.25668,2.25471,2.25339,0.94995,0.95094,0.94831,0.95324,0.95061,-50.26002,1454.00000
3.45586,3.46146,3.45389,3.45455,3.45192,2.25274,2.25274,2.25734,2.25471,2.26194,0.95225,0.95094,0.95160,0.94929,0.94897,-50.26002,1455.00000
3.45521,3.45060,3.45257,3.45784,3.45455,2.25866,2.25504,2.25504,2.25405,2.25274,0.94897,0.95390,0.95291,0.95489,0.94995,-49.96339,1456.00000
3.45751,3.45290,3.45554,3.45257,3.45915,2.25931,2.25635,2.25800,2.25208,2.25405,0.95225,0.95620,0.95357,0.95225,0.94962,-49.96339,1457.00000
3.45652,3.45521,3.45027,3.45751,3.45751,2.25471,2.25570,2.25405,2.25734,2.25833,0.95423,0.95127,0.95653,0.95456,0.95061,-50.33367,1458.00000
3.46376,3.45225,3.45323,3.45784,3.46113,2.25438,2.25504,2.25471,2.25241,2.25504,0.95620,0.95554,0.95423,0.95653,0.95456,-50.03527,1459.00000
3.45685,3.45422,3.45323,3.45126,3.45882,2.25010,2.25898,2.25635,2.25635,2.25274,0.95883,0.95620,0.95390,0.94962,0.95620,-50.03527,1460.00000
3.45619,3.45323,3.45685,3.45751,3.45159,2.25537,2.25602,2.25372,2.25767,2.25438,0.95587,0.95752,0.95456,0.95456,0.95554,-50.03527,1461.00000
3.45290,3.45619,3.45126,3.45455,3.45751,2.25405,2.25471,2.25175,2.25339,2.25504,0.95653,0.95554,0.95225,0.95521,0.95521,-50.37345,1462.00000
3.45323,3.45685,3.45455,3.45192,3.45751,2.24945,2.25471,2.25668,2.25997,2.25438,0.95653,0.95423,0.95817,0.95785,0.95489,-50.37345,1463.00000
3.45257,3.45389,3.45060,3.45192,3.45948,2.25602,2.25208,2.25602,2.25438,2.25306,0.95620,0.95883,0.95752,0.95423,0.95686,-50.45893,1464.00000
3.45882,3.45586,3.46047,3.45685,3.45586,2.25471,2.25833,2.25635,2.25734,2.25701,0.95785,0.95883,0.95686,0.95653,0.95949,-50.45569,1465.00000
3.45685,3.46014,3.45060,3.45192,3.45521,2.25734,2.25701,2.25635,2.25602,2.25339,0.95916,0.95785,0.96048,0.95949,0.95883,-50.45569,1466.00000
3.45060,3.45817,3.45488,3.45619,3.45356,2.25306,2.25833,2.25570,2.25043,2.25471,0.95949,0.96212,0.95817,0.95752,0.95324,-50.45569,1467.00000
3.45817,3.44896,3.45586,3.45784,3.45948,2.25208,2.25274,2.25208,2.25076,2.25208,0.95883,0.96048,0.96081,0.95620,0.95620,-51.50822,1468.00000
3.45521,3.45422,3.45685,3.45718,3.45882,2.25504,2.25438,2.25208,2.25734,2.25438,0.95982,0.95653,0.95719,0.96245,0.96114,-51.50822,1469.00000
3.45422,3.45257,3.46376,3.45027,3.45356,2.25635,2.25306,2.25570,2.25175,2.25570,0.95752,0.95817,0.95785,0.95916,0.95883,-51.38146,1470.00000
3.45981,3.45389,3.45257,3.45850,3.45586,2.25504,2.25405,2.25570,2.25043,2.25438,0.96048,0.96179,0.96442,0.96081,0.96179,-51.38146,1471.00000
3.45619,3.45554,3.45718,3.45521,3.45915,2.25504,2.25438,2.25010,2.25602,2.25010,0.96410,0.95850,0.96377,0.95916,0.96278,-51.42878,1472.00000
3.46409,3.45159,3.45586,3.45586,3.45455,2.25306,2.25602,2.25504,2.25076,2.25372,0.96344,0.96475,0.95982,0.95982,0.96377,-50.96229,1473.00000
3.45027,3.45718,3.45225,3.45060,3.45323,2.25372,2.25241,2.25668,2.25274,2.25438,0.96048,0.96311,0.96344,0.96311,0.96377,-50.96229,1474.00000
3.45915,3.45455,3.46211,3.45586,3.45948,2.25602,2.26030,2.25471,2.25208,2.25734,0.96048,0.95817,0.96245,0.96475,0.96179,-50.96229,1475.00000
3.45093,3.45652,3.44830,3.45619,3.45586,2.25504,2.25668,2.25701,2.25372,2.25339,0.96607,0.96245,0.96574,0.96311,0.96410,-50.55852,1476.00000
3.45225,3.45948,3.45685,3.46047,3.45685,2.25602,2.25142,2.24879,2.25043,2.25076,0.96673,0.96179,0.96607,0.96377,0.96508,-50.55852,1477.00000
3.45554,3.45554,3.45356,3.45718,3.45882,2.25800,2.25602,2.25076,2.25274,2.25372,0.96410,0.96410,0.96771,0.96541,0.96508,-50.15750,1478.00000
3.45817,3.45685,3.45586,3.45554,3.45521,2.25274,2.25339,2.25372,2.25142,2.25471,0.96969,0.96607,0.96673,0.96607,0.96607,-50.41587,1479.00000
3.45652,3.45850,3.45455,3.45290,3.45323,2.25306,2.25635,2.25142,2.25668,2.25076,0.96574,0.97265,0.96607,0.96936,0.96311,-50.41587,1480.00000
3.45784,3.45554,3.45290,3.45356,3.45521,2.25767,2.25274,2.25043,2.25339,2.25010,0.96640,0.96344,0.96344,0.96706,0.96607,-50.41587,1481.00000
3.45751,3.45554,3.45455,3.44896,3.45619,2.25306,2.25405,2.25306,2.25274,2.25372,0.96936,0.96870,0.96706,0.96771,0.96969,-50.08845,1482.00000
3.45257,3.45850,3.44896,3.45718,3.45192,2.25471,2.25043,2.25537,2.25142,2.25635,0.97133,0.96640,0.96804,0.96936,0.97067,-50.08845,1483.00000
3.45257,3.45619,3.45323,3.45225,3.44994,2.25241,2.25635,2.25306,2.25339,2.25208,0.96936,0.96870,0.97199,0.97166,0.96936,-50.72628,1484.00000
3.45751,3.45290,3.45619,3.45356,3.45257,2.25043,2.25471,2.25866,2.25241,2.25964,0.96804,0.96903,0.97396,0.97363,0.97133,-50.72628,1485.00000
3.44961,3.45455,3.45027,3.45554,3.45126,2.25142,2.25734,2.25175,2.25471,2.25602,0.97429,0.96738,0.96903,0.97298,0.97330,-50.37677,1486.00000
3.45356,3.45619,3.45389,3.45521,3.45521,2.25898,2.25175,2.25372,2.25339,2.25010,0.97199,0.97067,0.97232,0.96870,0.97034,-50.37677,1487.00000
3.45554,3.45192,3.45290,3.45323,3.45882,2.25175,2.25438,2.25438,2.25372,2.25734,0.97034,0.97199,0.96870,0.97265,0.97100,-50.51159,1488.00000
3.45685,3.45159,3.45784,3.45817,3.45389,2.25306,2.25306,2.25438,2.25274,2.25635,0.97034,0.97330,0.97462,0.96804,0.97166,-50.51159,1489.00000
3.46178,3.45915,3.45060,3.45915,3.45192,2.25010,2.25537,2.25635,2.25701,2.25471,0.97067,0.97396,0.97429,0.97199,0.97265,-50.67147,1490.00000
3.45685,3.45652,3.45159,3.45619,3.45751,2.25570,2.25274,2.25668,2.25339,2.25241,0.97626,0.97626,0.97232,0.97429,0.97561,-50.67147,1491.00000
3.45685,3.45882,3.45521,3.45225,3.45619,2.25668,2.25701,2.25142,2.25668,2.25668,0.97692,0.97429,0.97659,0.97528,0.97298,-50.46229,1492.00000
3.45192,3.45389,3.45060,3.45521,3.45488,2.25241,2.25833,2.25570,2.25142,2.25504,0.97330,0.97626,0.97265,0.97626,0.97528,-50.46229,1493.00000
3.45586,3.46080,3.45422,3.45257,3.45225,2.25504,2.25241,2.25405,2.25438,2.25767,0.97758,0.97626,0.97429,0.97330,0.97528,-50.50351,1494.00000
3.45159,3.45882,3.45323,3.45751,3.45455,2.25274,2.25734,2.25241,2.25570,2.25339,0.98054,0.97692,0.97692,0.97758,0.97692,-50.50351,1495.00000
3.45389,3.45751,3.46047,3.45554,3.45455,2.25405,2.25241,2.25602,2.25438,2.25635,0.97725,0.97561,0.97462,0.97791,0.97791,-50.69212,1496.00000
3.46376,3.44698,3.45718,3.45521,3.45323,2.25602,2.25537,2.25866,2.25274,2.25570,0.98120,0.97922,0.97725,0.97659,0.98153,-50.69212,1497.00000
3.45422,3.45554,3.45981,3.45554,3.45619,2.25076,2.26096,2.25504,2.25602,2.25800,0.97955,0.98153,0.97922,0.97429,0.98087,-50.41747,1498.00000
3.45915,3.45619,3.45521,3.45652,3.45488,2.25142,2.25241,2.25043,2.25339,2.25274,0.98449,0.97955,0.97857,0.97824,0.97791,-50.41747,1499.00000
3.45521,3.46178,3.45257,3.45290,3.45455,2.25142,2.25405,2.25306,2.25668,2.25734,0.97890,0.97692,0.97659,0.97890,0.97890,-50.55175,1500.00000
3.45948,3.45488,3.45422,3.45751,3.45652,2.25339,2.25537,2.24879,2.25306,2.25701,0.98251,0.98087,0.97890,0.97791,0.98021,-50.55175,1501.00000
3.45850,3.45685,3.45948,3.45323,3.45652,2.25833,2.25306,2.25274,2.25438,2.25208,0.98120,0.98350,0.97857,0.97988,0.98153,-50.52571,1502.00000
3.45521,3.46014,3.45389,3.45882,3.45389,2.25405,2.25964,2.25800,2.25668,2.25635,0.97955,0.97890,0.97988,0.98218,0.98054,-50.52571,1503.00000
3.45718,3.45751,3.45422,3.45619,3.45455,2.25306,2.25668,2.25833,2.24945,2.25537,0.98350,0.98284,0.98449,0.98284,0.98218,-50.61252,1504.00000
3.45389,3.45257,3.45652,3.45685,3.45455,2.25504,2.24945,2.24912,2.25109,2.25372,0.97922,0.98613,0.98054,0.98218,0.98120,-50.61252,1505.00000
3.45882,3.45554,3.45981,3.46277,3.45948,2.25537,2.25635,2.25372,2.25504,2.25405,0.98547,0.98350,0.98350,0.98153,0.98449,-50.97801,1506.00000
3.46080,3.45192,3.45290,3.45521,3.45685,2.25734,2.25734,2.25076,2.25372,2.25635,0.98284,0.97955,0.98416,0.98251,0.98646,-50.97801,1507.00000
3.45652,3.45652,3.45356,3.45521,3.46146,2.25076,2.24945,2.25438,2.25701,2.25800,0.98646,0.98778,0.98087,0.98218,0.97955,-50.52668,1508.00000
3.45521,3.45422,3.45882,3.45455,3.45356,2.25306,2.25306,2.25306,2.25142,2.25898,0.98021,0.98383,0.98613,0.98087,0.98449,-50.52668,1509.00000
3.45619,3.45257,3.45389,3.45882,3.45356,2.25997,2.25339,2.25668,2.25734,2.25471,0.98383,0.98482,0.98482,0.98251,0.98416,-50.80848,1510.00000
3.45192,3.45981,3.45718,3.45323,3.45817,2.25570,2.25537,2.25274,2.25866,2.25833,0.98843,0.98712,0.98284,0.98547,0.98383,-50.80848,1511.00000
3.45981,3.46178,3.45290,3.45718,3.45685,2.25701,2.25438,2.25800,2.25767,2.25570,0.98514,0.98317,0.98449,0.98482,0.98679,-50.94914,1512.00000
3.45586,3.45619,3.45718,3.46178,3.45718,2.25866,2.25438,2.25241,2.25964,2.25734,0.98482,0.98646,0.98811,0.98613,0.98482,-50.94914,1513.00000
3.46376,3.45718,3.46376,3.45521,3.45718,2.25931,2.25339,2.25602,2.25471,2.25405,0.98514,0.98482,0.98712,0.98646,0.98712,-51.36355,1514.00000
3.45586,3.46047,3.45784,3.46639,3.45422,2.25537,2.25668,2.25800,2.25734,2.25734,0.98580,0.98514,0.98416,0.99107,0.98843,-51.36355,1515.00000
3.46047,3.45652,3.46113,3.45488,3.46047,2.25405,2.25570,2.25668,2.25471,2.25471,0.98679,0.99172,0.99139,0.98646,0.99139,-50.91717,1516.00000
3.45850,3.46146,3.46080,3.45685,3.45718,2.25372,2.25471,2.25767,2.25701,2.25635,0.98745,0.98975,0.98909,0.98580,0.98942,-50.91717,1517.00000
3.45915,3.45850,3.45619,3.45718,3.46014,2.25767,2.25570,2.25570,2.25438,2.25734,0.98843,0.99008,0.99139,0.99403,0.99107,-51.13717,1518.00000
3.46507,3.45521,3.45915,3.46113,3.45619,2.26063,2.25306,2.25570,2.25602,2.25537,0.99501,0.99008,0.99205,0.99304,0.99139,-51.10642,1519.00000
3.46211,3.45652,3.45882,3.45751,3.46047,2.25471,2.25570,2.25602,2.25964,2.25668,0.99304,0.99304,0.98975,0.98909,0.99271,-51.10642,1520.00000
3.46014,3.46507,3.45948,3.46277,3.46474,2.26063,2.25701,2.25372,2.26030,2.25833,0.98942,0.99304,0.99567,0.99041,0.98942,-51.10642,1521.00000
3.46014,3.46014,3.46080,3.46047,3.46244,2.26096,2.25866,2.25964,2.25504,2.25931,0.99205,0.99633,0.98745,0.99337,0.99041,-51.02407,1522.00000
3.46113,3.46211,3.46474,3.46146,3.46869,2.25833,2.25438,2.25964,2.26260,2.25767,0.99107,0.99370,0.99468,0.99041,0.99304,-51.02407,1523.00000
3.46277,3.46113,3.46047,3.45882,3.46507,2.25931,2.25931,2.25866,2.25800,2.25570,0.99699,0.99764,0.99468,0.99435,0.99863,-51.58603,1524.00000
3.46178,3.46343,3.46738,3.46211,3.46507,2.25635,2.25898,2.25866,2.25504,2.25668,0.99370,0.99271,0.99172,0.99830,0.99337,-51.58603,1525.00000
3.46705,3.46146,3.46474,3.46310,3.46244,2.25800,2.25931,2.26194,2.25833,2.25602,0.99304,0.99304,0.99699,0.99271,0.99534,-51.34544,1526.00000
3.46178,3.46474,3.46836,3.46409,3.46770,2.26030,2.25931,2.26194,2.25964,2.25635,0.99797,0.99797,0.99567,0.99830,0.99600,-51.34544,1527.00000
3.46146,3.46573,3.46606,3.46277,3.46409,2.26260,2.26326,2.26392,2.25635,2.25800,0.99666,0.99666,0.99797,0.99666,0.99633,-51.39338,1528.00000
3.46014,3.46803,3.46047,3.46244,3.46902,2.25898,2.25931,2.26129,2.25997,2.25997,0.99797,0.99731,0.99435,0.99633,0.99699,-51.39338,1529.00000
3.46211,3.46442,3.47066,3.46376,3.46178,2.26096,2.26293,2.26063,2.26129,2.26129,0.99896,0.99403,0.99238,0.99830,0.99370,-51.31466,1530.00000
3.46770,3.46705,3.46770,3.46639,3.46146,2.26293,2.26293,2.26194,2.26260,2.25997,0.99764,0.99501,0.99995,0.99666,0.99435,-51.31466,1531.00000
3.46376,3.46540,3.46573,3.46540,3.46836,2.25964,2.25997,2.25997,2.26227,2.26129,0.99731,0.99962,0.99731,0.99764,0.99731,-50.86505,1532.00000
3.47297,3.46474,3.46409,3.46639,3.46540,2.25931,2.25734,2.26951,2.26162,2.26589,0.99600,1.00093,1.00192,0.99797,0.99633,-50.86505,1533.00000
3.46639,3.46343,3.46507,3.46376,3.46376,2.26293,2.26227,2.26162,2.25866,2.26227,0.99929,1.00060,0.99666,0.99995,0.99501,-51.02917,1534.00000
3.47560,3.46573,3.46540,3.46836,3.47165,2.26030,2.25898,2.25734,2.26030,2.26194,0.99699,0.99830,0.99995,0.99797,1.00027,-51.02917,1535.00000
3.46277,3.46244,3.46507,3.46705,3.46705,2.26293,2.26227,2.26326,2.26129,2.26359,0.99830,0.99962,1.00323,0.99962,0.99962,-51.68709,1536.00000
3.46836,3.46376,3.46639,3.46573,3.46639,2.26063,2.26227,2.26326,2.25734,2.26063,0.99995,0.99896,0.99929,1.00192,1.00060,-51.77740,1537.00000
3.46606,3.46935,3.46310,3.46343,3.46803,2.26096,2.26326,2.25964,2.26326,2.26162,0.99995,1.00060,1.00126,0.99863,0.99830,-51.77740,1538.00000
3.46047,3.46178,3.46968,3.47066,3.46968,2.25866,2.26194,2.26359,2.26096,2.26260,1.00060,1.00093,1.00323,1.00126,1.00060,-51.77740,1539.00000
3.46409,3.46672,3.46606,3.46442,3.46409,2.26260,2.26721,2.25734,2.26260,2.26490,1.00027,1.00258,0.99929,1.00126,0.99863,-51.58044,1540.00000
3.46409,3.46672,3.46211,3.46672,3.46376,2.26030,2.25833,2.25931,2.25471,2.26063,1.00685,0.99896,1.00455,0.99929,0.99995,-51.58044,1541.00000
3.46244,3.47066,3.46047,3.46409,3.46376,2.25767,2.25602,2.26260,2.26425,2.26063,0.99995,1.00225,0.99962,1.00521,0.99731,-51.84139,1542.00000
3.46606,3.46540,3.46211,3.46770,3.46343,2.25931,2.26227,2.25898,2.26096,2.26063,1.00225,1.00060,1.00126,1.00258,1.00389,-51.84139,1543.00000
3.47330,3.46770,3.46672,3.46770,3.46409,2.25537,2.25767,2.25504,2.25800,2.25701,1.00192,1.00192,1.00389,0.99863,0.99962,-51.55148,1544.00000
3.46113,3.46738,3.46146,3.46376,3.46146,2.26030,2.25997,2.25800,2.25866,2.26523,1.00652,1.00291,0.99995,1.00389,1.00126,-51.55148,1545.00000
3.46540,3.46113,3.46573,3.46310,3.46080,2.25898,2.26326,2.25931,2.25931,2.25800,1.00225,1.00422,1.00192,1.00422,1.00389,-51.52586,1546.00000
3.46606,3.46573,3.45882,3.46606,3.46014,2.25964,2.25668,2.25767,2.25701,2.25931,1.00323,1.00883,1.00389,1.00323,0.99830,-51.52586,1547.00000
3.46442,3.46442,3.46869,3.46507,3.46310,2.26063,2.25997,2.26030,2.26194,2.26096,1.00455,1.00488,1.00685,1.00652,1.00192,-51.63573,1548.00000
3.46573,3.46277,3.46869,3.46507,3.46277,2.26194,2.25767,2.25701,2.25898,2.26227,1.00356,1.00554,1.00652,1.00521,1.00554,-51.63573,1549.00000
3.46869,3.46770,3.46376,3.47034,3.46310,2.26293,2.26227,2.26162,2.26326,2.25997,1.00883,1.00685,1.00488,1.00356,1.00422,-51.33625,1550.00000
3.46836,3.46376,3.46935,3.46310,3.46770,2.26425,2.25997,2.26392,2.26162,2.26227,1.00554,1.00323,1.00883,1.00587,1.00554,-51.33625,1551.00000
3.46409,3.46540,3.46935,3.47165,3.46770,2.26096,2.25734,2.26260,2.26227,2.25767,1.00652,1.00850,1.00619,1.00915,1.00685,-51.26519,1552.00000
3.46540,3.46869,3.46474,3.46573,3.46540,2.25997,2.26260,2.25964,2.26194,2.26359,1.00488,1.00751,1.00422,1.01211,1.00389,-51.26519,1553.00000
3.46639,3.46902,3.46376,3.46803,3.46869,2.26063,2.26622,2.26162,2.26589,2.26096,1.00685,1.00751,1.01080,1.00817,1.00981,-51.01110,1554.00000
3.46376,3.47132,3.46705,3.46803,3.46869,2.26490,2.26227,2.26030,2.25898,2.26392,1.00915,1.00915,1.00817,1.00389,1.00685,-51.01110,1555.00000
3.46968,3.46343,3.46540,3.46738,3.46738,2.26392,2.26162,2.26425,2.25866,2.26227,1.00981,1.01047,1.00948,1.00948,1.01080,-50.75707,1556.00000
3.46968,3.47066,3.46968,3.47066,3.46507,2.26458,2.26523,2.25767,2.26030,2.26096,1.01047,1.01179,1.01047,1.00817,1.00850,-50.75707,1557.00000
3.46080,3.46803,3.46738,3.46376,3.47362,2.26227,2.26556,2.26293,2.26194,2.25931,1.01014,1.00915,1.00652,1.00751,1.01146,-50.88069,1558.00000
3.46376,3.46540,3.46738,3.46968,3.46705,2.26260,2.26096,2.26326,2.25964,2.26096,1.00981,1.01113,1.00981,1.00981,1.01113,-50.88069,1559.00000
3.46474,3.46968,3.46639,3.46672,3.46442,2.26425,2.26129,2.26030,2.26063,2.26096,1.01080,1.00817,1.00981,1.00718,1.01211,-50.78895,1560.00000
3.46507,3.46474,3.46507,3.46507,3.46672,2.26490,2.26096,2.25964,2.26194,2.26129,1.00685,1.00751,1.00784,1.00948,1.00817,-50.78895,1561.00000
3.46409,3.46113,3.46507,3.45554,3.46573,2.26194,2.26425,2.25931,2.26786,2.25997,1.00619,1.01047,1.01211,1.00554,1.00915,-50.80266,1562.00000
3.46442,3.46178,3.45915,3.45981,3.46113,2.25997,2.25898,2.26425,2.25800,2.25800,1.01113,1.01277,1.00915,1.00948,1.01277,-50.80266,1563.00000
3.46376,3.46968,3.46409,3.46244,3.46244,2.26260,2.25866,2.26392,2.26030,2.26622,1.00915,1.00915,1.01179,1.01277,1.01113,-50.83784,1564.00000
3.46606,3.46606,3.46409,3.46442,3.46935,2.25997,2.25833,2.25767,2.25668,2.26129,1.01442,1.01146,1.01047,1.01376,1.00948,-50.83784,1565.00000
3.46474,3.47099,3.46606,3.46540,3.46409,2.26162,2.26359,2.26129,2.26326,2.25734,1.00850,1.01146,1.00915,1.01047,1.01343,-51.26494,1566.00000
3.46902,3.46606,3.46672,3.46474,3.46310,2.25602,2.26227,2.25866,2.25898,2.26326,1.01343,1.01211,1.01113,1.00850,1.01014,-51.26494,1567.00000
3.46639,3.46639,3.46376,3.46113,3.46474,2.25898,2.25668,2.25504,2.25833,2.25898,1.01409,1.00850,1.01508,1.01409,1.01014,-51.45690,1568.00000
3.46474,3.46672,3.45685,3.46178,3.46178,2.25767,2.25931,2.25997,2.25931,2.25800,1.01014,1.01277,1.00619,1.01080,1.01146,-51.45690,1569.00000
3.46178,3.46639,3.46672,3.46343,3.45554,2.26129,2.25931,2.25405,2.25734,2.25833,1.01014,1.01343,1.01080,1.01277,1.01442,-51.64510,1570.00000
3.45915,3.46178,3.45784,3.46606,3.45455,2.25898,2.25800,2.26227,2.25635,2.25405,1.01343,1.01211,1.01179,1.01179,1.01113,-51.64510,1571.00000
3.46573,3.45784,3.46146,3.45521,3.45882,2.25931,2.25602,2.25767,2.25800,2.25537,1.01343,1.01047,1.01179,1.01146,1.01277,-51.63058,1572.00000
3.45784,3.46376,3.45784,3.46178,3.46146,2.26063,2.25471,2.25866,2.25339,2.25767,1.00652,1.01277,1.01343,1.01014,1.00883,-51.63058,1573.00000
3.46244,3.45521,3.45718,3.45488,3.46507,2.25471,2.25701,2.25405,2.25109,2.25931,1.00883,1.00981,1.00948,1.00948,1.01179,-51.39305,1574.00000
3.45455,3.45751,3.45784,3.45619,3.45685,2.25602,2.25570,2.25602,2.25734,2.25339,1.00981,1.01146,1.00652,1.01113,1.01211,-51.39305,1575.00000
3.45126,3.45751,3.45586,3.45850,3.45948,2.25800,2.25734,2.25668,2.25931,2.25142,1.01014,1.01244,1.01047,1.01310,1.01277,-51.32746,1576.00000
3.45784,3.45751,3.45619,3.45554,3.45586,2.25274,2.25339,2.25537,2.25767,2.25372,1.01573,1.01080,1.01343,1.01211,1.00915,-51.32746,1577.00000
3.45323,3.45488,3.45521,3.45850,3.45915,2.25504,2.25635,2.26030,2.25109,2.25635,1.01244,1.01573,1.01113,1.00883,1.01540,-50.86707,1578.00000
3.44961,3.45455,3.45586,3.45323,3.45685,2.25306,2.25602,2.25208,2.25372,2.25306,1.01376,1.01146,1.01475,1.00948,1.01343,-50.86707,1579.00000
3.45586,3.45817,3.45488,3.45389,3.46146,2.25866,2.25405,2.25537,2.25274,2.25767,1.01508,1.01508,1.01244,1.01475,1.01409,-50.53410,1580.00000
3.45718,3.45784,3.45455,3.45225,3.45455,2.25438,2.26162,2.24945,2.25241,2.25504,1.01211,1.01310,1.01277,1.01211,1.00850,-50.53410,1581.00000
3.45257,3.45981,3.45784,3.45619,3.45619,2.25175,2.25339,2.25635,2.25602,2.25175,1.01442,1.01179,1.01146,1.01343,1.01540,-50.70112,1582.00000
3.45323,3.45784,3.46080,3.45915,3.46113,2.25339,2.25274,2.24813,2.25668,2.25635,1.01606,1.01244,1.00948,1.01376,1.01179,-50.70112,1583.00000
3.45455,3.45652,3.45225,3.46014,3.45554,2.25800,2.25504,2.25339,2.25471,2.25405,1.01475,1.01310,1.01376,1.01310,1.01310,-50.92640,1584.00000
3.45455,3.45685,3.45290,3.45784,3.45225,2.25767,2.25767,2.25504,2.25668,2.25635,1.01606,1.01475,1.01310,1.01771,1.01902,-50.92640,1585.00000
3.45554,3.45389,3.46113,3.45586,3.45915,2.25570,2.25602,2.25504,2.25208,2.25504,1.01705,1.01179,1.01442,1.01409,1.01211,-51.13518,1586.00000
3.46211,3.45586,3.45323,3.45455,3.45521,2.25339,2.25438,2.25274,2.25208,2.25701,1.01343,1.01080,1.01672,1.01705,1.01508,-51.13518,1587.00000
3.45685,3.45850,3.45817,3.45225,3.46211,2.25602,2.25668,2.25668,2.25405,2.25438,1.01705,1.01869,1.01277,1.01738,1.01639,-51.20112,1588.00000
3.45389,3.45784,3.45619,3.45290,3.45751,2.25241,2.25142,2.25208,2.25701,2.25602,1.01409,1.01968,1.01836,1.01277,1.01639,-51.20112,1589.00000
3.45323,3.45784,3.45751,3.45455,3.45685,2.25175,2.25866,2.25537,2.25241,2.25767,1.01376,1.01771,1.01836,1.01409,1.01508,-50.77959,1590.00000
3.45751,3.45718,3.45652,3.45192,3.45455,2.25931,2.25602,2.25898,2.25701,2.25471,1.01409,1.02231,1.01771,1.01573,1.01639,-50.77959,1591.00000
3.45850,3.45554,3.45619,3.45257,3.45521,2.26030,2.25274,2.25767,2.25471,2.25471,1.01869,1.01935,1.02198,1.01376,1.01606,-50.87617,1592.00000
3.45290,3.45554,3.45619,3.45554,3.45554,2.25767,2.25372,2.25800,2.25570,2.25372,1.02067,1.01836,1.01738,1.01310,1.01738,-50.87617,1593.00000
3.45948,3.46376,3.45784,3.45882,3.45850,2.25471,2.25833,2.25208,2.25175,2.25537,1.01738,1.01771,1.01639,1.01705,1.01771,-51.43698,1594.00000
3.45751,3.46047,3.46409,3.45521,3.46080,2.25602,2.25537,2.25734,2.25701,2.25635,1.01836,1.01672,1.01935,1.01968,1.02132,-51.43698,1595.00000
3.45685,3.46146,3.45850,3.45619,3.45948,2.25997,2.25734,2.25339,2.25372,2.25898,1.01935,1.01968,1.02067,1.01935,1.01771,-51.34698,1596.00000
3.45290,3.45586,3.45192,3.45619,3.45685,2.25306,2.25767,2.25241,2.25274,2.25504,1.02001,1.02034,1.02067,1.02067,1.02198,-51.34698,1597.00000
3.46047,3.45389,3.45784,3.46014,3.45882,2.25833,2.25866,2.25274,2.25405,2.25142,1.01738,1.02067,1.01869,1.02001,1.01968,-51.25932,1598.00000
3.45882,3.46211,3.45192,3.45290,3.45882,2.25602,2.25372,2.25635,2.25372,2.25471,1.02132,1.02001,1.01902,1.02330,1.02001,-51.25932,1599.00000
3.45257,3.45225,3.45981,3.45290,3.45784,2.25800,2.25602,2.24945,2.25241,2.25339,1.01968,1.02034,1.01573,1.01968,1.01836,-51.18948,1600.00000
3.45619,3.45422,3.45685,3.45521,3.45751,2.25964,2.25668,2.25602,2.25668,2.25504,1.01738,1.01836,1.01771,1.01869,1.02001,-51.18948,1601.00000
3.46244,3.45882,3.46014,3.45488,3.45356,2.25471,2.25570,2.25109,2.25208,2.25570,1.01902,1.01902,1.01968,1.02067,1.01672,-51.88836,1602.00000
3.45784,3.45718,3.45652,3.46047,3.45948,2.24879,2.25471,2.25701,2.25570,2.25537,1.02198,1.01738,1.01738,1.02198,1.01738,-51.88836,1603.00000
3.45455,3.45257,3.45850,3.45718,3.46211,2.25438,2.25241,2.25537,2.25241,2.26162,1.01639,1.02001,1.02067,1.02100,1.01968,-51.65279,1604.00000
3.45784,3.45619,3.45586,3.45356,3.45981,2.25274,2.25537,2.25537,2.25274,2.25405,1.01968,1.01771,1.01804,1.02165,1.02100,-51.65279,1605.00000
3.45652,3.46146,3.45784,3.45817,3.45422,2.25076,2.26096,2.25635,2.25898,2.25537,1.01672,1.01573,1.01869,1.01409,1.01968,-51.80010,1606.00000
3.45915,3.46014,3.45159,3.45619,3.45751,2.25537,2.25701,2.25274,2.25405,2.25471,1.01409,1.02198,1.01376,1.01836,1.01836,-51.80010,1607.00000
3.45159,3.45652,3.45948,3.45586,3.46146,2.25931,2.25635,2.25833,2.25504,2.25142,1.01869,1.01771,1.01540,1.01540,1.02067,-51.37585,1608.00000
3.45784,3.45685,3.45784,3.45652,3.46211,2.25668,2.25701,2.25701,2.25504,2.25405,1.01639,1.01738,1.01836,1.01771,1.01804,-51.37585,1609.00000
3.45718,3.45554,3.45850,3.45586,3.45521,2.25471,2.25241,2.25109,2.25241,2.25537,1.01639,1.02165,1.01935,1.02396,1.01771,-50.94653,1610.00000
3.45455,3.45554,3.45619,3.45751,3.45323,2.25372,2.25405,2.25076,2.25701,2.25734,1.02001,1.02034,1.01672,1.01738,1.01804,-50.94653,1611.00000
3.45652,3.45948,3.45850,3.45685,3.45784,2.25241,2.25931,2.25800,2.25175,2.24978,1.01836,1.02067,1.01902,1.02100,1.01672,-50.21924,1612.00000
3.45915,3.45751,3.45225,3.45323,3.45356,2.25537,2.25241,2.25306,2.25471,2.25471,1.02165,1.02231,1.02001,1.01902,1.02034,-50.21924,1613.00000
3.45718,3.46343,3.45751,3.45882,3.45718,2.25339,2.25438,2.25504,2.26293,2.24912,1.01902,1.01672,1.01606,1.01935,1.02363,-50.66862,1614.00000
3.46080,3.46014,3.46047,3.45257,3.45817,2.25833,2.25602,2.25471,2.25405,2.25734,1.02297,1.02231,1.02034,1.01705,1.02198,-50.66862,1615.00000
3.45882,3.45389,3.45257,3.45718,3.45422,2.25471,2.25504,2.25602,2.25635,2.25043,1.02231,1.02461,1.02165,1.02264,1.02494,-50.72407,1616.00000
3.45488,3.45257,3.45915,3.45817,3.45323,2.25635,2.25602,2.25767,2.25701,2.25635,1.02132,1.02264,1.02593,1.02231,1.02560,-50.72407,1617.00000
3.45685,3.45685,3.45389,3.46211,3.45554,2.25931,2.25898,2.25964,2.25931,2.25734,1.02330,1.02100,1.02165,1.02461,1.02428,-50.78544,1618.00000
3.45652,3.45554,3.45718,3.45389,3.45290,2.26096,2.25208,2.25306,2.25504,2.25734,1.02626,1.02067,1.02067,1.01968,1.02626,-50.78544,1619.00000
3.45882,3.46178,3.45915,3.45554,3.45619,2.25372,2.25635,2.25635,2.25931,2.25833,1.02396,1.02297,1.02231,1.02198,1.02100,-50.72383,1620.00000
3.45948,3.45784,3.46178,3.45192,3.45850,2.25274,2.25570,2.25767,2.25701,2.25405,1.02297,1.02165,1.02659,1.02626,1.02363,-50.72383,1621.00000
3.45422,3.45948,3.46080,3.45619,3.45554,2.25800,2.25734,2.25964,2.25537,2.25602,1.02132,1.02428,1.02494,1.02264,1.02461,-51.09453,1622.00000
3.46540,3.45948,3.45981,3.45948,3.46146,2.25800,2.25898,2.25570,2.25701,2.25833,1.02297,1.02560,1.02757,1.02626,1.02001,-51.09453,1623.00000
3.45981,3.46178,3.46277,3.46113,3.45784,2.25635,2.25142,2.25734,2.25471,2.25734,1.02527,1.02363,1.02593,1.02527,1.02692,-51.34492,1624.00000
3.45751,3.45521,3.46211,3.46047,3.46211,2.25800,2.25767,2.25668,2.25602,2.25931,1.02494,1.02659,1.02692,1.02231,1.02659,-51.34492,1625.00000
3.46146,3.45488,3.46310,3.45521,3.45850,2.25504,2.25635,2.25701,2.25602,2.25602,1.02626,1.02724,1.02494,1.02790,1.02363,-51.38327,1626.00000
3.45685,3.46211,3.45718,3.45619,3.46474,2.25570,2.25635,2.25866,2.25438,2.25438,1.02494,1.02790,1.02724,1.02363,1.03053,-51.38327,1627.00000
3.45915,3.45850,3.45422,3.45619,3.45915,2.25471,2.25898,2.25372,2.25208,2.25175,1.03020,1.02790,1.02428,1.02757,1.02330,-51.37628,1628.00000
3.45751,3.46343,3.45554,3.45915,3.45455,2.25438,2.25504,2.26194,2.25964,2.25570,1.02692,1.02363,1.02889,1.02626,1.03086,-51.37628,1629.00000
3.46080,3.46277,3.46277,3.46277,3.46047,2.25668,2.25964,2.26162,2.25800,2.25635,1.02823,1.02724,1.02363,1.02955,1.02790,-50.56758,1630.00000
3.45981,3.45751,3.46310,3.46080,3.45685,2.25504,2.25570,2.25109,2.25800,2.25635,1.02790,1.02922,1.02790,1.02757,1.02889,-50.84714,1631.00000
3.46014,3.45290,3.46080,3.45817,3.45981,2.25964,2.25767,2.25701,2.25898,2.25208,1.02560,1.03053,1.03119,1.02692,1.02922,-50.84714,1632.00000
3.46047,3.45488,3.45882,3.46277,3.45882,2.25438,2.25405,2.25471,2.25570,2.25898,1.03053,1.02889,1.02823,1.02955,1.02922,-50.84714,1633.00000
3.45850,3.46113,3.45817,3.46146,3.46376,2.25767,2.25537,2.26030,2.25405,2.25767,1.02922,1.02988,1.03053,1.02724,1.03218,-51.07420,1634.00000
3.46540,3.46113,3.45521,3.46113,3.45915,2.25504,2.25866,2.25668,2.26129,2.25635,1.03086,1.02955,1.02889,1.03053,1.03481,-51.07420,1635.00000
3.46507,3.46573,3.45751,3.45784,3.46277,2.25833,2.25109,2.25668,2.25537,2.25800,1.03053,1.02724,1.03218,1.03053,1.02856,-51.52180,1636.00000
3.46014,3.45981,3.46244,3.45817,3.45817,2.25537,2.25339,2.25734,2.25734,2.25701,1.03284,1.02889,1.03053,1.02922,1.03086,-51.52180,1637.00000
3.46146,3.46211,3.45981,3.46178,3.46409,2.25800,2.25866,2.25208,2.25570,2.25668,1.02856,1.02757,1.03020,1.03020,1.03152,-51.04383,1638.00000
3.46211,3.46178,3.46080,3.45685,3.46244,2.25405,2.25701,2.26030,2.25570,2.26129,1.03086,1.03152,1.03053,1.02757,1.03053,-51.04383,1639.00000
3.46244,3.46047,3.46047,3.46113,3.46080,2.25800,2.25438,2.25964,2.25734,2.25833,1.03251,1.03415,1.03086,1.02988,1.03119,-50.88632,1640.00000
3.46310,3.46935,3.45586,3.46672,3.46507,2.25504,2.25570,2.25866,2.26260,2.25734,1.03086,1.03514,1.03119,1.03251,1.02955,-50.88632,1641.00000
3.46047,3.45882,3.46014,3.46376,3.45685,2.25668,2.25800,2.25405,2.25701,2.25800,1.03448,1.03185,1.03020,1.02988,1.03185,-50.91314,1642.00000
3.46343,3.45850,3.46540,3.45948,3.46178,2.25537,2.25602,2.25800,2.25964,2.25931,1.03415,1.03086,1.02790,1.02922,1.03284,-50.91314,1643.00000
3.45751,3.46310,3.46343,3.46244,3.46178,2.25898,2.25602,2.25833,2.26260,2.25931,1.03218,1.03152,1.03053,1.02955,1.03448,-50.81384,1644.00000
3.46573,3.45586,3.46409,3.46310,3.46310,2.25964,2.25504,2.26326,2.25504,2.26194,1.02823,1.03514,1.03251,1.03514,1.02790,-50.81384,1645.00000
3.46277,3.46211,3.46672,3.46014,3.46080,2.25635,2.25602,2.25833,2.25833,2.25504,1.02560,1.03251,1.03251,1.03086,1.03349,-50.91040,1646.00000
3.46277,3.46474,3.46277,3.46178,3.46178,2.25438,2.26293,2.26129,2.25800,2.25898,1.03382,1.03086,1.03086,1.03251,1.03251,-50.91040,1647.00000
3.46310,3.46277,3.46507,3.45948,3.46376,2.25010,2.25898,2.25997,2.26162,2.26194,1.03251,1.03284,1.03152,1.03251,1.03448,-50.48812,1648.00000
3.46474,3.46178,3.46178,3.45915,3.46836,2.25833,2.25767,2.25767,2.25931,2.25833,1.03218,1.03119,1.03086,1.03053,1.03218,-50.48812,1649.00000
3.46343,3.46178,3.46014,3.46409,3.45488,2.25767,2.25537,2.26063,2.25931,2.25833,1.03119,1.03580,1.03284,1.03053,1.03284,-50.08290,1650.00000
3.46968,3.46474,3.46047,3.46178,3.46376,2.25866,2.26162,2.25635,2.25964,2.25306,1.03316,1.03316,1.03251,1.02626,1.03612,-50.08290,1651.00000
3.46244,3.45850,3.46409,3.45981,3.46639,2.25800,2.25471,2.25800,2.25701,2.25734,1.03119,1.03251,1.03481,1.02889,1.03349,-50.48658,1652.00000
3.46409,3.46146,3.46376,3.46178,3.45257,2.25800,2.25767,2.26162,2.25438,2.25931,1.03382,1.03218,1.02922,1.03185,1.03448,-50.48658,1653.00000
3.46376,3.45751,3.46146,3.45948,3.46573,2.25734,2.25635,2.25405,2.25866,2.25833,1.03415,1.03415,1.03251,1.03514,1.03547,-49.74008,1654.00000
3.45455,3.45948,3.45389,3.46178,3.46573,2.25866,2.25241,2.26129,2.25471,2.25602,1.03218,1.03415,1.03251,1.03152,1.03349,-49.74008,1655.00000
3.46146,3.45850,3.46705,3.45948,3.45981,2.25767,2.25866,2.25405,2.25438,2.25635,1.03382,1.03382,1.03316,1.03185,1.03152,-49.68023,1656.00000
3.46442,3.46014,3.46211,3.46146,3.46606,2.25602,2.25570,2.26063,2.25734,2.25964,1.03711,1.03316,1.03284,1.02988,1.03481,-49.68023,1657.00000
3.46080,3.45981,3.46277,3.46376,3.45685,2.25997,2.25668,2.26162,2.25438,2.26030,1.03382,1.03415,1.03448,1.03547,1.03448,-47.97204,1658.00000
3.46573,3.45915,3.46244,3.47001,3.46573,2.25800,2.25833,2.25602,2.25504,2.25537,1.03612,1.03119,1.03284,1.03086,1.03514,-47.97204,1659.00000
3.45422,3.46573,3.45817,3.45652,3.45817,2.25734,2.25767,2.25833,2.25602,2.25833,1.03284,1.03744,1.03580,1.02988,1.03284,-46.72420,1660.00000
3.46113,3.45422,3.46376,3.46014,3.46146,2.25898,2.25866,2.25602,2.26096,2.25471,1.03251,1.03382,1.03481,1.03415,1.03547,-46.72420,1661.00000
3.46343,3.45981,3.46014,3.46442,3.46540,2.25635,2.25800,2.25898,2.25504,2.25306,1.03481,1.02856,1.03448,1.03152,1.03514,-44.14100,1662.00000
3.45948,3.46474,3.46474,3.46639,3.46244,2.25668,2.25734,2.25635,2.25372,2.25866,1.03415,1.03744,1.03547,1.03612,1.03941,-44.97909,1663.00000
3.46606,3.45652,3.46442,3.45981,3.46409,2.25306,2.25964,2.25339,2.25833,2.25504,1.03612,1.03020,1.03514,1.03810,1.03580,-44.97909,1664.00000
3.46376,3.45685,3.46310,3.46244,3.45915,2.25997,2.25471,2.25833,2.26129,2.25964,1.03547,1.03185,1.03678,1.03316,1.03415,-44.97909,1665.00000
3.46310,3.45882,3.46146,3.46409,3.46178,2.25570,2.25701,2.25668,2.25668,2.26030,1.03382,1.03711,1.03744,1.03349,1.03349,-46.28164,1666.00000
3.46343,3.46474,3.45948,3.46606,3.46113,2.25537,2.25767,2.26030,2.25668,2.25570,1.03908,1.04007,1.03547,1.03678,1.03908,-46.28164,1667.00000
3.46474,3.45619,3.46343,3.46080,3.46343,2.25898,2.25898,2.25306,2.25866,2.25931,1.03580,1.03711,1.03711,1.03777,1.03514,-47.23138,1668.00000
3.45652,3.46540,3.46277,3.46178,3.46507,2.26227,2.25734,2.25734,2.25931,2.25438,1.03810,1.03481,1.03580,1.03448,1.03612,-47.23138,1669.00000
3.46409,3.45817,3.46080,3.46113,3.46343,2.25701,2.26227,2.25241,2.25537,2.25635,1.03777,1.03645,1.03349,1.03448,1.03514,-47.72619,1670.00000
3.45948,3.45981,3.46211,3.46047,3.46672,2.25504,2.26359,2.25602,2.25734,2.25734,1.03284,1.03941,1.03777,1.03711,1.03612,-47.72619,1671.00000
3.46146,3.46442,3.46738,3.46606,3.45981,2.25570,2.25635,2.25635,2.25635,2.25701,1.03810,1.03415,1.03481,1.03218,1.03514,-47.99585,1672.00000
3.46014,3.46277,3.45948,3.46047,3.46080,2.25668,2.25142,2.25405,2.25997,2.25537,1.03349,1.03415,1.03678,1.03612,1.03612,-47.99585,1673.00000
3.46705,3.46474,3.46573,3.46146,3.45817,2.25570,2.25635,2.26063,2.25668,2.25701,1.03711,1.03448,1.03251,1.03382,1.03612,-48.54508,1674.00000
3.46178,3.45652,3.46146,3.45915,3.46178,2.25635,2.25866,2.25438,2.25767,2.25602,1.03777,1.03481,1.02922,1.03448,1.03382,-48.54508,1675.00000
3.45882,3.46178,3.46211,3.46080,3.46376,2.25635,2.25537,2.25833,2.25898,2.25438,1.03448,1.03580,1.03481,1.03744,1.03514,-48.53852,1676.00000
3.46014,3.46113,3.46376,3.45915,3.45948,2.25668,2.25997,2.25898,2.25175,2.26556,1.03580,1.03744,1.03514,1.03316,1.03777,-48.53852,1677.00000
3.46146,3.46113,3.45981,3.46442,3.46310,2.25537,2.25800,2.26194,2.25701,2.25175,1.03777,1.03251,1.03678,1.03514,1.03415,-48.83525,1678.00000
3.46606,3.46113,3.46540,3.46244,3.45882,2.25898,2.25372,2.25372,2.25898,2.25504,1.03711,1.03218,1.03218,1.03843,1.03645,-48.83525,1679.00000
3.45948,3.46047,3.46211,3.46146,3.46146,2.25701,2.25668,2.25701,2.25668,2.25866,1.03514,1.03349,1.03415,1.03481,1.03547,-49.20397,1680.00000
3.46672,3.46113,3.46310,3.45586,3.46146,2.25767,2.25504,2.25668,2.25372,2.25602,1.03514,1.03349,1.03711,1.03547,1.03053,-49.20397,1681.00000
3.46047,3.45981,3.46277,3.46211,3.46705,2.25734,2.26063,2.25898,2.26194,2.25997,1.03284,1.03251,1.03251,1.03152,1.03645,-49.55232,1682.00000
3.46606,3.45915,3.45586,3.45915,3.46573,2.25898,2.25866,2.25997,2.25537,2.25668,1.03711,1.03547,1.03481,1.03547,1.03612,-49.55232,1683.00000
3.45948,3.46409,3.46178,3.45422,3.46244,2.25602,2.25866,2.26063,2.25898,2.25668,1.03448,1.03284,1.03514,1.03415,1.03448,-49.71782,1684.00000
3.46146,3.46146,3.46507,3.46277,3.45521,2.26194,2.25635,2.25405,2.25964,2.25438,1.03612,1.03481,1.03448,1.03514,1.03218,-49.71782,1685.00000
3.45948,3.46343,3.45817,3.46146,3.46277,2.25701,2.25537,2.25241,2.25570,2.25438,1.03514,1.03316,1.04073,1.03152,1.03316,-50.18460,1686.00000
3.45751,3.46310,3.45981,3.45784,3.46014,2.25964,2.25504,2.25668,2.25438,2.25734,1.03645,1.03514,1.03349,1.03612,1.03284,-50.18460,1687.00000
3.46113,3.45915,3.46211,3.45192,3.45652,2.25274,2.25471,2.25833,2.25833,2.25504,1.03744,1.03415,1.03448,1.03777,1.03349,-50.36395,1688.00000
3.46211,3.45751,3.45488,3.45521,3.46442,2.25306,2.25504,2.25438,2.25734,2.25701,1.03481,1.03382,1.03349,1.03481,1.03580,-50.39400,1689.00000
3.46080,3.45882,3.46211,3.46244,3.45948,2.25504,2.25438,2.25668,2.25537,2.25438,1.03251,1.03547,1.03218,1.03218,1.03612,-50.39400,1690.00000
3.46343,3.46047,3.45784,3.45521,3.45619,2.26227,2.25635,2.25438,2.25833,2.25635,1.03053,1.03349,1.03547,1.03612,1.03284,-50.39400,1691.00000
3.45948,3.46244,3.45488,3.46113,3.45586,2.25866,2.25602,2.25866,2.25504,2.25405,1.03119,1.03448,1.03744,1.03185,1.03547,-50.67934,1692.00000
3.45882,3.46047,3.46113,3.46047,3.45751,2.25010,2.25274,2.25866,2.25372,2.25800,1.03316,1.03580,1.03777,1.03218,1.03580,-50.67934,1693.00000
3.46442,3.45915,3.46146,3.46540,3.45323,2.26063,2.25471,2.25274,2.25537,2.25767,1.03580,1.03678,1.03349,1.03349,1.03415,-50.34221,1694.00000
3.46442,3.46211,3.46146,3.46310,3.46376,2.25668,2.25471,2.25767,2.25438,2.25471,1.03481,1.03612,1.03547,1.03843,1.03744,-50.34221,1695.00000
3.46113,3.46244,3.46146,3.45948,3.46540,2.25701,2.25570,2.26030,2.25504,2.25964,1.03514,1.03448,1.03514,1.03777,1.03612,-50.40881,1696.00000
3.46113,3.45521,3.46178,3.46442,3.46277,2.25372,2.25701,2.25866,2.25866,2.25866,1.03448,1.03744,1.03974,1.03678,1.03744,-50.40881,1697.00000
3.46310,3.45981,3.46507,3.46014,3.45981,2.26063,2.25964,2.25339,2.26392,2.25833,1.03382,1.03580,1.03777,1.03580,1.03448,-50.61108,1698.00000
3.46474,3.46310,3.45652,3.46672,3.46244,2.25767,2.25997,2.26063,2.26096,2.25833,1.03481,1.03514,1.03580,1.03514,1.03645,-50.61108,1699.00000
3.45948,3.45882,3.46310,3.46442,3.45784,2.25372,2.25668,2.25668,2.25734,2.25767,1.03908,1.03908,1.03744,1.03810,1.03645,-50.34879,1700.00000
3.46014,3.46277,3.46277,3.46409,3.45751,2.25866,2.25635,2.25767,2.25570,2.26194,1.03612,1.03645,1.03448,1.03744,1.03711,-50.34879,1701.00000
3.45948,3.45784,3.46047,3.45784,3.45850,2.25570,2.25339,2.25997,2.25800,2.25898,1.03744,1.03908,1.03382,1.03645,1.03810,-50.04373,1702.00000
3.46474,3.45981,3.46080,3.46376,3.46146,2.25537,2.25734,2.26030,2.25767,2.26063,1.03843,1.03448,1.03481,1.03612,1.03612,-50.04373,1703.00000
3.46146,3.46277,3.46146,3.46310,3.46146,2.25635,2.25833,2.25734,2.26162,2.25668,1.03382,1.03941,1.03810,1.03908,1.03645,-49.96893,1704.00000
3.46244,3.46244,3.45981,3.46507,3.45817,2.25833,2.25602,2.25668,2.25504,2.25471,1.03941,1.04073,1.03580,1.03843,1.03843,-49.96893,1705.00000
3.46310,3.46639,3.45882,3.46244,3.46376,2.26063,2.26162,2.25866,2.25701,2.25438,1.04007,1.04303,1.03711,1.03547,1.03810,-49.39986,1706.00000
3.45882,3.46014,3.46047,3.46047,3.45850,2.25405,2.25306,2.25306,2.25306,2.25734,1.03678,1.03448,1.03744,1.03481,1.03711,-49.39986,1707.00000
3.45915,3.46146,3.46639,3.46146,3.45850,2.25438,2.25931,2.25833,2.25405,2.26096,1.03612,1.03908,1.03810,1.03810,1.03876,-48.66078,1708.00000
3.46080,3.46014,3.46113,3.45948,3.46376,2.26030,2.25734,2.25931,2.25701,2.25866,1.04007,1.04007,1.03744,1.03876,1.03612,-48.66078,1709.00000
3.46376,3.46277,3.46343,3.46343,3.46474,2.25800,2.25767,2.25997,2.25833,2.25898,1.03481,1.03580,1.04040,1.04007,1.03876,-45.86174,1710.00000
3.46540,3.45882,3.45817,3.46803,3.45817,2.25109,2.26392,2.25701,2.25931,2.25635,1.03810,1.03810,1.04073,1.03777,1.04073,-45.86174,1711.00000
3.46211,3.46047,3.46573,3.45850,3.45948,2.25635,2.25438,2.26260,2.25570,2.25471,1.03908,1.03547,1.03514,1.03876,1.03941,-44.01200,1712.00000
3.46639,3.46047,3.46080,3.46310,3.46244,2.25471,2.25537,2.25898,2.25734,2.25833,1.03876,1.03974,1.03908,1.03547,1.04237,-44.01200,1713.00000
3.45882,3.46803,3.46672,3.46902,3.46047,2.26030,2.25898,2.25964,2.25405,2.26162,1.03974,1.03645,1.04073,1.03908,1.03580,-45.18280,1714.00000
3.46803,3.46376,3.46146,3.46244,3.46211,2.25833,2.25898,2.26129,2.26194,2.25898,1.04172,1.03678,1.03744,1.04237,1.03941,-45.18280,1715.00000
3.46869,3.45718,3.46705,3.46113,3.46244,2.25701,2.26030,2.25800,2.25635,2.25767,1.03810,1.03941,1.03908,1.04501,1.03777,-46.53951,1716.00000
3.46540,3.46146,3.46244,3.46310,3.46606,2.26096,2.25767,2.25866,2.25898,2.25635,1.03974,1.04007,1.04435,1.04172,1.04040,-46.53951,1717.00000
3.46705,3.46047,3.46277,3.46178,3.45817,2.25668,2.25931,2.25701,2.25635,2.26063,1.03711,1.03547,1.03876,1.04237,1.03908,-47.15753,1718.00000
3.46770,3.46178,3.46606,3.46376,3.46606,2.25800,2.26063,2.25570,2.25734,2.25668,1.04204,1.03810,1.04303,1.04139,1.04007,-47.15753,1719.00000
3.45685,3.45981,3.46409,3.45586,3.46178,2.25701,2.25602,2.25898,2.25701,2.25438,1.04402,1.04007,1.04073,1.04204,1.03908,-48.39148,1720.00000
3.46606,3.46146,3.46540,3.46507,3.46343,2.25602,2.25931,2.25635,2.25570,2.25734,1.03777,1.03941,1.04369,1.03876,1.03908,-48.39148,1721.00000
3.46409,3.45948,3.46047,3.45817,3.46146,2.25997,2.25833,2.26293,2.26030,2.26129,1.03810,1.04336,1.04336,1.04599,1.03974,-48.82999,1722.00000
3.46474,3.46277,3.46244,3.46836,3.46211,2.26293,2.25964,2.25964,2.25833,2.25602,1.03974,1.04040,1.04007,1.03974,1.04073,-49.26720,1723.00000
3.46770,3.46376,3.46573,3.46540,3.46639,2.25767,2.26063,2.25339,2.25734,2.25964,1.04040,1.04139,1.04204,1.03941,1.04501,-49.26720,1724.00000
3.46803,3.46639,3.46869,3.46474,3.46409,2.26260,2.25997,2.25997,2.25866,2.25833,1.04007,1.04270,1.04007,1.03777,1.04073,-49.26720,1725.00000
3.46935,3.46770,3.46869,3.46507,3.46211,2.26194,2.26030,2.25866,2.25866,2.25898,1.03777,1.04204,1.04435,1.04204,1.03678,-49.85652,1726.00000
3.46770,3.46343,3.46705,3.45850,3.47001,2.25997,2.25767,2.25734,2.25898,2.25471,1.04237,1.04172,1.04139,1.03876,1.04270,-49.85652,1727.00000
3.46376,3.46540,3.46573,3.45817,3.46672,2.25339,2.25767,2.25833,2.25931,2.25800,1.04073,1.04237,1.04336,1.03941,1.04533,-49.88807,1728.00000
3.46474,3.46803,3.46836,3.46705,3.46047,2.25701,2.25833,2.26194,2.25701,2.25570,1.03974,1.03580,1.04501,1.04073,1.04106,-49.88807,1729.00000
3.46442,3.46376,3.46343,3.46442,3.46573,2.26096,2.25866,2.26096,2.25274,2.25997,1.04303,1.03908,1.03843,1.04139,1.03777,-50.08326,1730.00000
3.45652,3.46244,3.45784,3.46178,3.46573,2.25800,2.25931,2.26162,2.25964,2.25701,1.04402,1.04204,1.04369,1.04402,1.04632,-49.85205,1731.00000
3.45784,3.45915,3.46277,3.46540,3.46211,2.26227,2.25635,2.26359,2.25833,2.26326,1.03876,1.04007,1.04566,1.04040,1.04533,-49.85205,1732.00000
3.46442,3.46047,3.46770,3.46080,3.46080,2.25898,2.25931,2.25833,2.25537,2.25931,1.03876,1.04237,1.04007,1.04303,1.04172,-49.85205,1733.00000
3.46376,3.46343,3.46376,3.45718,3.47066,2.26194,2.25866,2.25734,2.25405,2.25734,1.04139,1.04501,1.04402,1.04073,1.04237,-50.37988,1734.00000
3.46244,3.46277,3.46738,3.46146,3.46376,2.25570,2.25339,2.26063,2.25964,2.25701,1.04139,1.04336,1.03941,1.04303,1.04468,-50.37988,1735.00000
3.46178,3.46540,3.46310,3.45751,3.46672,2.25701,2.25405,2.25964,2.26293,2.25602,1.04402,1.04270,1.04204,1.04336,1.03876,-50.05957,1736.00000
3.46836,3.46047,3.46507,3.46211,3.46507,2.25734,2.25767,2.25537,2.25372,2.26359,1.04106,1.03843,1.03941,1.04106,1.03974,-50.05957,1737.00000
3.46277,3.45915,3.46277,3.46113,3.45652,2.25767,2.25833,2.25504,2.25570,2.26260,1.04007,1.04172,1.04204,1.03843,1.04237,-50.56380,1738.00000
3.46146,3.46211,3.45521,3.46474,3.46211,2.25537,2.26194,2.25767,2.25570,2.25405,1.04303,1.04073,1.04040,1.04172,1.03876,-50.56380,1739.00000
3.46146,3.46639,3.45751,3.45652,3.46409,2.25997,2.25668,2.25898,2.25471,2.25767,1.04139,1.04139,1.04270,1.04040,1.04402,-50.88694,1740.00000
3.46376,3.46277,3.46409,3.46343,3.46376,2.25438,2.25833,2.25701,2.25997,2.25734,1.04139,1.04533,1.04303,1.04599,1.03876,-50.88694,1741.00000
3.45915,3.46409,3.46409,3.46310,3.46376,2.25570,2.25635,2.25504,2.25833,2.25570,1.04402,1.04172,1.04073,1.04270,1.04172,-51.11050,1742.00000
3.46146,3.46178,3.46343,3.46047,3.46442,2.25734,2.25438,2.26162,2.25405,2.25372,1.04007,1.03908,1.04566,1.03974,1.04106,-51.11050,1743.00000
3.46146,3.46672,3.46540,3.45981,3.45817,2.25898,2.25701,2.26129,2.26260,2.25767,1.04204,1.04435,1.03810,1.03908,1.04336,-51.22698,1744.00000
3.45915,3.45948,3.46146,3.45817,3.46343,2.25734,2.25898,2.26096,2.25635,2.25898,1.03974,1.04139,1.04139,1.03843,1.04040,-51.22698,1745.00000
3.46474,3.46442,3.46244,3.46277,3.46244,2.25833,2.25504,2.25964,2.25734,2.25898,1.04073,1.04040,1.04007,1.03876,1.04402,-50.90588,1746.00000
3.45455,3.46705,3.45817,3.46014,3.46310,2.25701,2.26293,2.25866,2.25635,2.25602,1.04468,1.03974,1.04172,1.03974,1.03974,-50.90588,1747.00000
3.46277,3.46080,3.46244,3.46606,3.46178,2.25800,2.25800,2.25800,2.25800,2.25833,1.04204,1.04303,1.04106,1.03974,1.03974,-50.88875,1748.00000
3.45784,3.46211,3.46606,3.46047,3.45850,2.25570,2.25931,2.25537,2.25438,2.25866,1.04040,1.03908,1.04106,1.04172,1.04139,-50.88875,1749.00000
3.46047,3.46014,3.46211,3.46113,3.46080,2.25372,2.25800,2.26096,2.25767,2.25964,1.04073,1.03941,1.04270,1.04139,1.04073,-50.94895,1750.00000
3.46770,3.46343,3.46738,3.45554,3.46277,2.25537,2.25800,2.25668,2.26129,2.25734,1.04237,1.03941,1.04501,1.04139,1.04402,-50.94895,1751.00000
3.46178,3.46178,3.46573,3.46705,3.46540,2.25668,2.25800,2.25405,2.25668,2.25701,1.04139,1.04369,1.04435,1.04172,1.04040,-50.49917,1752.00000
3.46014,3.46146,3.46343,3.46409,3.46244,2.26063,2.25767,2.26162,2.26490,2.26293,1.04106,1.04040,1.04369,1.04073,1.04270,-50.49917,1753.00000
3.46639,3.46343,3.46376,3.45784,3.46540,2.25997,2.25997,2.25767,2.26030,2.25898,1.04139,1.04270,1.04073,1.04270,1.04040,-50.46461,1754.00000
3.45981,3.45948,3.46178,3.46836,3.46047,2.25602,2.26227,2.25931,2.25800,2.25898,1.04468,1.04402,1.04007,1.03810,1.04336,-50.46461,1755.00000
3.46113,3.46047,3.46146,3.46474,3.46310,2.25405,2.25471,2.26063,2.25931,2.25833,1.03974,1.04468,1.04402,1.04336,1.04402,-50.91847,1756.00000
3.46244,3.46113,3.46442,3.46080,3.46376,2.25931,2.25898,2.25931,2.25504,2.25405,1.04468,1.04073,1.04336,1.04106,1.04336,-50.91847,1757.00000
3.46047,3.46146,3.46277,3.46310,3.46211,2.25537,2.25701,2.26293,2.25405,2.25405,1.04533,1.04533,1.04303,1.04402,1.03876,-51.27800,1758.00000
3.46014,3.46211,3.46442,3.46442,3.46606,2.25734,2.25866,2.25504,2.25701,2.25635,1.04533,1.04139,1.04040,1.04237,1.04303,-51.27800,1759.00000
3.46146,3.45718,3.46409,3.46080,3.46014,2.25635,2.25504,2.25734,2.25701,2.25537,1.04764,1.04040,1.04204,1.04303,1.04599,-50.64367,1760.00000
3.46080,3.46376,3.46080,3.45981,3.46211,2.25964,2.25602,2.25964,2.25898,2.26194,1.04172,1.04402,1.04501,1.04073,1.03876,-50.64367,1761.00000
3.46277,3.46113,3.46178,3.46211,3.46474,2.26030,2.26162,2.26490,2.25471,2.25405,1.04106,1.04139,1.04336,1.04204,1.04468,-50.53328,1762.00000
3.46146,3.46178,3.46474,3.46277,3.46080,2.25570,2.25931,2.25898,2.25800,2.25734,1.04237,1.04040,1.04040,1.04435,1.03843,-50.53328,1763.00000
3.46113,3.46442,3.46409,3.46080,3.46474,2.25734,2.25274,2.25800,2.25866,2.25701,1.04303,1.04435,1.04106,1.04106,1.04270,-50.52642,1764.00000
3.46738,3.46178,3.46047,3.46507,3.46442,2.25438,2.25602,2.25833,2.25668,2.25833,1.04007,1.03908,1.04303,1.04303,1.04369,-50.52642,1765.00000
3.46113,3.46376,3.45948,3.46409,3.45784,2.25602,2.25537,2.25701,2.25471,2.25800,1.03974,1.04237,1.04336,1.04336,1.04007,-50.57393,1766.00000
3.46639,3.46442,3.46211,3.46014,3.46376,2.25898,2.25734,2.25570,2.25438,2.25866,1.04040,1.04073,1.04533,1.04632,1.03974,-50.57393,1767.00000
3.46146,3.45948,3.46606,3.45652,3.46507,2.26063,2.25668,2.25241,2.25767,2.25931,1.04237,1.03974,1.04303,1.04007,1.04533,-50.59909,1768.00000
3.45981,3.46507,3.46310,3.46376,3.46047,2.25734,2.25898,2.25800,2.25241,2.25668,1.04204,1.04303,1.04303,1.04237,1.03908,-50.42055,1769.00000
3.46442,3.46014,3.45652,3.45685,3.45915,2.25866,2.25964,2.26425,2.25800,2.25668,1.03876,1.04172,1.04237,1.03974,1.04468,-50.42055,1770.00000
3.45850,3.46672,3.46606,3.46442,3.45586,2.25898,2.25866,2.25734,2.25866,2.26063,1.04139,1.04237,1.04106,1.04204,1.03810,-50.42055,1771.00000
3.46047,3.46540,3.46113,3.45751,3.46113,2.25833,2.26129,2.25504,2.25602,2.25438,1.03876,1.03876,1.04435,1.03810,1.03876,-50.02321,1772.00000
3.46310,3.45850,3.46047,3.46310,3.46211,2.25438,2.26162,2.26030,2.25734,2.25931,1.04336,1.04204,1.03974,1.04204,1.04007,-50.02321,1773.00000
3.45817,3.46540,3.46803,3.45554,3.46047,2.25701,2.25833,2.26096,2.25734,2.25635,1.04303,1.04336,1.04303,1.04007,1.04270,-50.29054,1774.00000
3.46672,3.45850,3.46409,3.45850,3.46113,2.26162,2.25734,2.25800,2.25438,2.25800,1.03941,1.04073,1.04336,1.04369,1.04040,-50.29054,1775.00000
3.45422,3.46244,3.46277,3.45257,3.45948,2.25866,2.25668,2.25570,2.25964,2.25635,1.03974,1.04040,1.04303,1.04402,1.04402,-49.98210,1776.00000
3.45882,3.46178,3.45784,3.46310,3.46310,2.26227,2.26227,2.26030,2.26063,2.25701,1.04303,1.04040,1.04402,1.04270,1.04566,-49.98210,1777.00000
3.46178,3.46178,3.45850,3.46409,3.45488,2.25931,2.25931,2.25570,2.25537,2.25898,1.04435,1.04106,1.04369,1.04073,1.04303,-50.59679,1778.00000
3.46310,3.45784,3.46343,3.46178,3.46014,2.25800,2.25668,2.25898,2.25898,2.25931,1.04237,1.04632,1.04501,1.04073,1.04468,-50.59679,1779.00000
3.46211,3.45981,3.46146,3.45554,3.46014,2.25570,2.25833,2.25701,2.25734,2.25471,1.04468,1.04468,1.04566,1.04566,1.04435,-50.39623,1780.00000
3.46507,3.45882,3.46047,3.46211,3.46540,2.25767,2.25504,2.26063,2.26425,2.26063,1.04533,1.04369,1.04270,1.04270,1.04665,-50.39623,1781.00000
3.46376,3.46014,3.46277,3.45981,3.46146,2.25339,2.25668,2.25438,2.25964,2.25931,1.04632,1.04402,1.04501,1.04336,1.04829,-50.29834,1782.00000
3.46244,3.46047,3.46178,3.45751,3.45784,2.25602,2.25898,2.25898,2.25800,2.26129,1.04566,1.04468,1.04599,1.04204,1.04336,-50.29834,1783.00000
3.45948,3.45850,3.46277,3.46047,3.46376,2.25372,2.25931,2.25109,2.25767,2.25997,1.04303,1.04566,1.04961,1.04862,1.04862,-50.40071,1784.00000
3.46146,3.46540,3.46244,3.46540,3.45948,2.26063,2.25964,2.25997,2.25668,2.25866,1.04764,1.05093,1.04468,1.04237,1.04369,-50.40071,1785.00000
3.46606,3.46146,3.45850,3.46277,3.46211,2.25372,2.25504,2.25800,2.25767,2.25767,1.04928,1.04468,1.04533,1.04599,1.04764,-50.49501,1786.00000
3.46146,3.46770,3.46146,3.46080,3.46277,2.25504,2.25800,2.25537,2.25537,2.25767,1.04566,1.05027,1.04303,1.04501,1.04632,-50.49501,1787.00000
3.45784,3.45817,3.45652,3.46803,3.46146,2.25405,2.25241,2.26194,2.25471,2.25767,1.04336,1.04468,1.04073,1.04402,1.04764,-50.51067,1788.00000
3.46639,3.45882,3.46803,3.46244,3.46474,2.25504,2.25701,2.25964,2.26359,2.26490,1.04665,1.04533,1.04632,1.04501,1.04599,-50.51067,1789.00000
3.45784,3.45981,3.46540,3.46211,3.46343,2.25767,2.25701,2.25997,2.25898,2.26030,1.04172,1.04731,1.04698,1.04665,1.04533,-50.28022,1790.00000
3.45948,3.45718,3.46738,3.46014,3.46770,2.25964,2.25635,2.25997,2.25504,2.25931,1.04698,1.04468,1.04402,1.04961,1.04632,-49.74574,1791.00000
3.46014,3.46244,3.46277,3.46178,3.46080,2.25898,2.25800,2.26063,2.26096,2.25537,1.04764,1.04665,1.04270,1.04599,1.04237,-49.74574,1792.00000
3.46211,3.46343,3.46211,3.45619,3.46343,2.25504,2.25537,2.25734,2.25405,2.25800,1.05060,1.04402,1.04961,1.04829,1.04270,-49.74574,1793.00000
3.45850,3.46014,3.46343,3.46409,3.46310,2.26030,2.25931,2.25898,2.25372,2.25471,1.04764,1.04895,1.04895,1.04468,1.04698,-50.29924,1794.00000
3.45915,3.46474,3.46178,3.46211,3.45850,2.25602,2.25964,2.25997,2.26096,2.25570,1.04829,1.04829,1.04566,1.04632,1.04829,-50.29924,1795.00000
3.46211,3.46639,3.46507,3.46705,3.45586,2.25471,2.25504,2.26260,2.25931,2.25964,1.04994,1.04829,1.04665,1.04797,1.04566,-50.29715,1796.00000
3.46540,3.46080,3.46639,3.45948,3.45850,2.25635,2.25833,2.26096,2.26063,2.25997,1.04862,1.04961,1.04862,1.04862,1.05290,-50.29715,1797.00000
3.45850,3.46606,3.45586,3.45882,3.45850,2.25471,2.25800,2.25866,2.25734,2.25833,1.04928,1.04895,1.04895,1.05060,1.04829,-51.05585,1798.00000
3.46047,3.46047,3.45915,3.46409,3.46014,2.25767,2.26063,2.25866,2.25668,2.25504,1.04928,1.05027,1.04928,1.05060,1.05093,-51.05585,1799.00000
3.45751,3.46376,3.46211,3.45948,3.45882,2.25668,2.25668,2.25668,2.25372,2.25734,1.04994,1.04994,1.04731,1.04928,1.04994,-51.13684,1800.00000
3.46310,3.46047,3.46573,3.46376,3.45981,2.25898,2.25701,2.25668,2.25701,2.25701,1.05060,1.04829,1.05093,1.04961,1.04829,-51.13684,1801.00000
3.46540,3.46507,3.46442,3.45948,3.45915,2.25537,2.26162,2.25471,2.25898,2.25438,1.04862,1.05191,1.05093,1.04764,1.05125,-51.04924,1802.00000
3.46277,3.46244,3.46113,3.46277,3.46047,2.25208,2.25701,2.25668,2.25602,2.25734,1.05191,1.04994,1.05191,1.05257,1.04994,-51.04924,1803.00000
3.46047,3.45948,3.45915,3.46146,3.46244,2.25898,2.25602,2.25701,2.25898,2.25767,1.05060,1.04895,1.04829,1.04435,1.05027,-51.41726,1804.00000
3.46211,3.46178,3.45882,3.46902,3.46244,2.25570,2.25800,2.26162,2.25767,2.25701,1.04533,1.05290,1.04928,1.04928,1.05093,-51.41726,1805.00000
3.45652,3.45817,3.45652,3.46540,3.46310,2.25964,2.25866,2.25602,2.26129,2.25833,1.04764,1.04829,1.04895,1.04632,1.04402,-51.35825,1806.00000
3.46146,3.46113,3.46014,3.46738,3.46606,2.25964,2.25734,2.25602,2.25866,2.25931,1.04632,1.04698,1.04501,1.04665,1.04731,-51.35825,1807.00000
3.46409,3.46409,3.46343,3.46409,3.46047,2.25372,2.25800,2.25701,2.26063,2.26523,1.04698,1.04862,1.04402,1.04731,1.04764,-50.91039,1808.00000
3.45981,3.46376,3.45521,3.45751,3.46573,2.25701,2.26392,2.25208,2.25767,2.25931,1.04139,1.04599,1.04369,1.04961,1.04599,-50.91039,1809.00000
3.45784,3.46047,3.46507,3.46639,3.46080,2.25833,2.25898,2.25504,2.25866,2.25767,1.04303,1.04402,1.04139,1.04303,1.04928,-50.86897,1810.00000
3.45619,3.46738,3.46047,3.46244,3.46244,2.25997,2.25570,2.25635,2.25635,2.25898,1.04665,1.04435,1.04698,1.04303,1.04533,-50.86897,1811.00000
3.46540,3.46014,3.46639,3.46573,3.45850,2.26326,2.26523,2.25306,2.25833,2.25537,1.04599,1.04665,1.04270,1.04336,1.04599,-50.98296,1812.00000
3.46014,3.46573,3.46606,3.46343,3.46409,2.25964,2.25931,2.25898,2.25898,2.25931,1.04139,1.04797,1.04204,1.04468,1.03974,-50.98296,1813.00000
3.45817,3.45850,3.45850,3.45981,3.46310,2.25635,2.25570,2.25931,2.26129,2.25602,1.04829,1.04501,1.04764,1.04533,1.04369,-51.44144,1814.00000
3.46409,3.46047,3.46080,3.46507,3.46507,2.25964,2.25734,2.25931,2.25701,2.25964,1.04632,1.04468,1.04566,1.04172,1.04599,-51.44144,1815.00000
3.46277,3.46310,3.46474,3.46738,3.45784,2.25471,2.25898,2.25931,2.25734,2.26063,1.04599,1.04303,1.03908,1.04501,1.04369,-51.41832,1816.00000
3.46376,3.45915,3.46573,3.46738,3.46277,2.25372,2.25931,2.25635,2.25866,2.25800,1.04862,1.04895,1.04501,1.04566,1.04336,-51.41832,1817.00000
3.46277,3.45718,3.47034,3.46211,3.46705,2.26096,2.26162,2.25602,2.25734,2.26096,1.04270,1.04336,1.04270,1.04369,1.04599,-51.00414,1818.00000
3.46376,3.46146,3.46343,3.46277,3.46376,2.25964,2.26030,2.25866,2.25800,2.25208,1.04797,1.04501,1.04764,1.04731,1.04270,-51.00414,1819.00000
3.45915,3.45817,3.46540,3.46080,3.45882,2.25800,2.25438,2.25668,2.26194,2.25734,1.04566,1.04566,1.04501,1.04632,1.04303,-51.06656,1820.00000
3.46047,3.45685,3.46606,3.46014,3.46211,2.25668,2.25668,2.25602,2.25438,2.26063,1.04994,1.04599,1.04402,1.04764,1.04862,-51.06656,1821.00000
3.46442,3.45948,3.46047,3.45948,3.46080,2.25208,2.25898,2.25734,2.25964,2.25767,1.04501,1.04533,1.04599,1.04501,1.04336,-50.47992,1822.00000
3.46310,3.45685,3.46474,3.46146,3.46310,2.25964,2.26194,2.25767,2.25537,2.25800,1.04764,1.04468,1.04698,1.04303,1.04731,-50.47992,1823.00000
3.47034,3.45850,3.46277,3.46376,3.46080,2.25800,2.25800,2.25537,2.25734,2.25898,1.04533,1.04731,1.04731,1.04698,1.04172,-50.74638,1824.00000
3.46014,3.46869,3.45915,3.46310,3.46113,2.25339,2.26096,2.25570,2.25142,2.25635,1.04336,1.04698,1.04632,1.04369,1.04501,-50.74638,1825.00000
3.46047,3.46376,3.46047,3.46047,3.46376,2.25537,2.25833,2.25701,2.25668,2.25537,1.04501,1.04698,1.04533,1.04797,1.04632,-51.00214,1826.00000
3.46047,3.46146,3.46310,3.46277,3.46178,2.25833,2.25997,2.25471,2.25701,2.25833,1.04928,1.04369,1.04632,1.04698,1.04731,-51.00214,1827.00000
3.45981,3.46343,3.46211,3.46409,3.46442,2.25537,2.25734,2.25931,2.25734,2.25635,1.04797,1.04402,1.04829,1.04797,1.04599,-50.71855,1828.00000
3.46080,3.45817,3.46047,3.46343,3.46178,2.25800,2.25964,2.25471,2.25997,2.25800,1.04764,1.04698,1.04961,1.05093,1.04632,-50.71855,1829.00000
3.46310,3.46146,3.46113,3.45784,3.45850,2.25438,2.25175,2.25537,2.26063,2.25931,1.04731,1.04797,1.04862,1.04698,1.04829,-50.82409,1830.00000
3.46474,3.46178,3.45948,3.46211,3.46146,2.25701,2.26359,2.25866,2.25964,2.26030,1.04994,1.05093,1.04731,1.04895,1.05093,-50.82409,1831.00000
3.45915,3.46244,3.45718,3.46178,3.46113,2.25175,2.25570,2.26030,2.25898,2.25767,1.04698,1.04994,1.04665,1.04994,1.04731,-50.53474,1832.00000
3.46343,3.45685,3.46080,3.46014,3.46211,2.25701,2.25866,2.25372,2.26030,2.25668,1.04928,1.05224,1.04961,1.04468,1.04961,-50.53474,1833.00000
3.45784,3.46672,3.45948,3.46080,3.46672,2.25800,2.25339,2.25668,2.25504,2.25570,1.05093,1.04895,1.05027,1.04698,1.04566,-50.92127,1834.00000
3.46080,3.46178,3.45159,3.46540,3.46606,2.25734,2.25438,2.25504,2.25602,2.25471,1.04764,1.04204,1.04599,1.05323,1.05158,-50.77857,1835.00000
3.46244,3.46080,3.45652,3.46047,3.45882,2.25800,2.25635,2.25767,2.25898,2.25668,1.04632,1.04829,1.04829,1.05027,1.05027,-50.77857,1836.00000
3.45586,3.45784,3.46277,3.46113,3.46178,2.25833,2.25701,2.25339,2.25142,2.25635,1.04764,1.05093,1.05125,1.04797,1.04862,-50.77857,1837.00000
3.46014,3.46211,3.46113,3.45751,3.46442,2.25898,2.25471,2.25504,2.25372,2.25471,1.04797,1.04829,1.04731,1.04665,1.04928,-51.04476,1838.00000
3.46047,3.46310,3.45850,3.45882,3.46277,2.25570,2.25537,2.25537,2.25241,2.25866,1.04961,1.04665,1.04895,1.05060,1.05421,-51.04476,1839.00000
3.46935,3.45521,3.45817,3.46146,3.45586,2.25635,2.25570,2.25537,2.25800,2.25668,1.04829,1.04533,1.05158,1.04994,1.04961,-50.86252,1840.00000
3.46244,3.45817,3.46277,3.46014,3.46080,2.25570,2.25997,2.25537,2.25306,2.25339,1.05191,1.05191,1.05290,1.05191,1.04862,-50.86252,1841.00000
3.46211,3.46540,3.46540,3.45981,3.46376,2.26162,2.25372,2.25668,2.26030,2.25602,1.05158,1.04961,1.05421,1.05257,1.04632,-51.18537,1842.00000
3.46146,3.46442,3.46047,3.46343,3.45850,2.25734,2.25372,2.25602,2.26194,2.26030,1.05191,1.05619,1.04928,1.05454,1.05125,-51.18537,1843.00000
3.46606,3.47428,3.46376,3.46211,3.46442,2.26096,2.26063,2.26063,2.25767,2.25964,1.05027,1.05290,1.04994,1.04829,1.04862,-50.96277,1844.00000
3.45882,3.46146,3.46540,3.46803,3.46442,2.25635,2.25504,2.25931,2.26063,2.26194,1.05060,1.05323,1.04764,1.05060,1.04994,-50.96277,1845.00000
3.45981,3.46409,3.45981,3.46442,3.46376,2.25438,2.25570,2.25964,2.25898,2.25701,1.05060,1.04994,1.04961,1.05125,1.05125,-50.73299,1846.00000
3.46178,3.45784,3.46507,3.46474,3.45817,2.25570,2.25767,2.26030,2.25701,2.25438,1.05060,1.04895,1.05224,1.04928,1.05191,-50.58795,1847.00000
3.46146,3.46146,3.46146,3.45784,3.46409,2.25405,2.25504,2.25339,2.26129,2.25701,1.05257,1.05027,1.05224,1.05356,1.05093,-50.58795,1848.00000
3.46310,3.46047,3.46310,3.46047,3.46178,2.25635,2.25898,2.25537,2.25372,2.25241,1.04698,1.05421,1.04928,1.05158,1.05356,-50.58795,1849.00000
3.46376,3.46146,3.45784,3.46113,3.46080,2.25668,2.25635,2.25997,2.25866,2.25405,1.04468,1.05060,1.05027,1.04731,1.04895,-50.67191,1850.00000
3.45784,3.46573,3.45915,3.45817,3.46277,2.25668,2.25931,2.25800,2.25931,2.25800,1.04829,1.04797,1.05060,1.04797,1.04797,-50.67191,1851.00000
3.45948,3.45422,3.45981,3.46310,3.46146,2.25668,2.25964,2.25833,2.26129,2.25931,1.04764,1.04632,1.04994,1.04895,1.04797,-51.09247,1852.00000
3.45981,3.46277,3.46376,3.45915,3.46310,2.25602,2.25635,2.25504,2.25635,2.25734,1.05060,1.04698,1.04862,1.05191,1.05191,-50.93665,1853.00000
3.46442,3.46705,3.46277,3.46244,3.46376,2.26162,2.25109,2.25635,2.26425,2.25898,1.05060,1.04599,1.04435,1.04731,1.04797,-50.93665,1854.00000
3.45981,3.46836,3.46277,3.46178,3.46211,2.25734,2.26096,2.25866,2.26227,2.25964,1.04862,1.05027,1.05060,1.04928,1.04928,-50.93665,1855.00000
3.46014,3.46573,3.46047,3.46935,3.46178,2.25800,2.26359,2.26030,2.25866,2.25833,1.04797,1.04994,1.04928,1.04961,1.05158,-51.04598,1856.00000
3.46738,3.46343,3.46244,3.47034,3.46474,2.26260,2.25504,2.26030,2.25635,2.25833,1.04797,1.04928,1.04599,1.05027,1.04797,-51.04598,1857.00000
3.46705,3.46277,3.45882,3.46968,3.46409,2.25701,2.25570,2.25964,2.25668,2.25833,1.04797,1.05060,1.04566,1.05158,1.05060,-51.16119,1858.00000
3.46277,3.46409,3.46507,3.46540,3.46902,2.26622,2.25964,2.26359,2.25800,2.26162,1.04797,1.04895,1.04698,1.04270,1.05323,-51.16119,1859.00000
3.46770,3.46014,3.46540,3.45915,3.46442,2.25866,2.25800,2.26260,2.25997,2.25964,1.05290,1.04961,1.05191,1.04895,1.04829,-50.70902,1860.00000
3.46343,3.46113,3.46540,3.46178,3.46573,2.26162,2.26523,2.25701,2.26096,2.26063,1.04961,1.05158,1.05093,1.04698,1.04764,-50.70902,1861.00000
3.46376,3.46113,3.46507,3.46409,3.46639,2.25931,2.25964,2.25734,2.25866,2.26063,1.05060,1.04862,1.04994,1.04599,1.04632,-50.88772,1862.00000
3.46639,3.46770,3.46146,3.46376,3.46738,2.25997,2.25833,2.25964,2.25997,2.26129,1.04797,1.04862,1.04566,1.04928,1.04961,-50.88772,1863.00000
3.46343,3.46474,3.46639,3.46770,3.46540,2.26227,2.25866,2.25898,2.26194,2.26326,1.05191,1.04862,1.04862,1.05060,1.04961,-51.10125,1864.00000
3.46639,3.46507,3.46672,3.46442,3.46705,2.26260,2.26260,2.26063,2.25767,2.25602,1.04731,1.04797,1.04961,1.04961,1.04764,-51.10125,1865.00000
3.47001,3.46409,3.46770,3.46770,3.46803,2.25997,2.26096,2.25866,2.25570,2.26293,1.04928,1.04895,1.04599,1.05060,1.04928,-50.71301,1866.00000
3.46968,3.46672,3.47001,3.46738,3.46902,2.26063,2.25701,2.25931,2.26030,2.25833,1.04895,1.04829,1.05356,1.05224,1.04994,-50.71301,1867.00000
3.46442,3.46672,3.46376,3.46310,3.46376,2.26030,2.25800,2.25866,2.26260,2.26063,1.05060,1.04928,1.05027,1.04895,1.04797,-50.92456,1868.00000
3.46738,3.46211,3.46705,3.46244,3.46836,2.25833,2.25767,2.25931,2.25767,2.25997,1.05060,1.04928,1.04895,1.04895,1.04928,-50.92456,1869.00000
3.46738,3.46803,3.46211,3.46540,3.46836,2.25964,2.25537,2.26589,2.26359,2.25833,1.05125,1.04797,1.05191,1.05027,1.05027,-50.65055,1870.00000
3.46935,3.46770,3.46902,3.46836,3.46573,2.26359,2.26063,2.26096,2.25767,2.26227,1.04829,1.04994,1.04632,1.05093,1.05356,-50.65055,1871.00000
3.46244,3.46639,3.47099,3.45981,3.46738,2.25734,2.26227,2.25931,2.26260,2.26293,1.04731,1.04862,1.04928,1.04797,1.04928,-51.10265,1872.00000
3.46705,3.46310,3.46672,3.47264,3.47066,2.25997,2.26063,2.26260,2.26227,2.26490,1.04764,1.04961,1.04862,1.04468,1.04566,-51.10265,1873.00000
3.46770,3.46968,3.46507,3.46310,3.46573,2.26359,2.25668,2.25931,2.26260,2.26425,1.04895,1.05060,1.05125,1.04961,1.04731,-50.73673,1874.00000
3.46738,3.46803,3.46836,3.46573,3.46573,2.26326,2.25997,2.26260,2.26326,2.26129,1.04928,1.04533,1.04994,1.04994,1.04994,-50.73673,1875.00000
3.46639,3.46836,3.46540,3.47132,3.46277,2.26162,2.25964,2.25866,2.25372,2.26392,1.05125,1.05356,1.04895,1.04764,1.04764,-50.97780,1876.00000
3.47066,3.46573,3.47231,3.46902,3.46442,2.26063,2.25734,2.26162,2.25964,2.26293,1.04270,1.04797,1.04533,1.04764,1.04895,-50.97780,1877.00000
3.46672,3.46573,3.46047,3.46968,3.46738,2.26260,2.26129,2.26490,2.26030,2.26030,1.04994,1.04764,1.05158,1.04632,1.05060,-51.05063,1878.00000
3.46869,3.46935,3.46902,3.46672,3.46803,2.26194,2.25800,2.25734,2.25471,2.26392,1.04665,1.04533,1.04435,1.04731,1.04731,-51.05063,1879.00000
3.47066,3.47362,3.46705,3.46672,3.46672,2.26260,2.25997,2.26129,2.25898,2.26458,1.04599,1.04797,1.04895,1.05191,1.05060,-50.93642,1880.00000
3.46902,3.46902,3.46639,3.47165,3.47034,2.25997,2.26260,2.25833,2.25997,2.26490,1.04533,1.04961,1.04632,1.05060,1.04402,-50.93642,1881.00000
3.46902,3.47034,3.46738,3.46836,3.46770,2.26293,2.26458,2.25701,2.25800,2.26293,1.04862,1.04829,1.05224,1.04632,1.04928,-51.05560,1882.00000
3.46869,3.46968,3.47132,3.47691,3.47362,2.25833,2.26227,2.25997,2.26194,2.26260,1.04204,1.04994,1.04829,1.05060,1.04928,-51.05560,1883.00000
3.46672,3.46507,3.46968,3.46935,3.46639,2.26260,2.25964,2.26293,2.26227,2.25800,1.04895,1.04797,1.04994,1.04764,1.05060,-50.91858,1884.00000
3.46803,3.46639,3.46474,3.46540,3.46474,2.26063,2.26129,2.25734,2.26326,2.25800,1.04764,1.04698,1.05027,1.04698,1.04566,-50.91858,1885.00000
3.46705,3.46869,3.46803,3.47099,3.46770,2.25931,2.25997,2.26556,2.25997,2.25537,1.04994,1.04731,1.04665,1.04829,1.04698,-50.77189,1886.00000
3.46968,3.46409,3.46869,3.47001,3.47066,2.26260,2.25964,2.26326,2.25866,2.26819,1.04797,1.05027,1.04533,1.04961,1.04797,-51.08263,1887.00000
3.46113,3.46770,3.47330,3.46540,3.46738,2.25931,2.25833,2.26162,2.26326,2.26129,1.04599,1.05027,1.04928,1.04764,1.05158,-51.08263,1888.00000
3.46935,3.46869,3.46310,3.47231,3.46672,2.26194,2.26194,2.26030,2.25833,2.26326,1.04797,1.04895,1.04829,1.05060,1.04961,-51.08263,1889.00000
3.46573,3.46672,3.46705,3.47132,3.47066,2.25964,2.25964,2.25668,2.25701,2.26293,1.04961,1.04961,1.04994,1.04698,1.05125,-51.31420,1890.00000
3.46409,3.46211,3.46738,3.46442,3.46639,2.26063,2.25931,2.25833,2.26194,2.25898,1.05060,1.04797,1.04731,1.04994,1.04698,-51.31420,1891.00000
3.46738,3.46738,3.46869,3.46540,3.47034,2.25570,2.26129,2.25997,2.25964,2.25800,1.04698,1.04829,1.04764,1.05060,1.04797,-51.16096,1892.00000
3.46672,3.46869,3.46935,3.47066,3.47231,2.26885,2.26293,2.25767,2.26096,2.26260,1.04731,1.04862,1.04994,1.04994,1.04829,-51.16096,1893.00000
3.46573,3.46705,3.46639,3.45882,3.46738,2.25701,2.26260,2.26194,2.26359,2.26162,1.05093,1.04764,1.04665,1.05158,1.05224,-51.23459,1894.00000
3.46606,3.47132,3.47132,3.46376,3.46606,2.26260,2.26194,2.25800,2.26162,2.26688,1.04928,1.04764,1.04994,1.05027,1.04961,-51.23459,1895.00000
3.46178,3.46902,3.46442,3.46869,3.46836,2.26458,2.26096,2.25668,2.25997,2.26063,1.04895,1.04731,1.04764,1.04961,1.04862,-51.14044,1896.00000
3.46672,3.46540,3.47001,3.46606,3.46803,2.26227,2.26096,2.26293,2.26359,2.25997,1.04698,1.04797,1.04731,1.04731,1.04764,-51.14044,1897.00000
3.46968,3.46935,3.46968,3.46770,3.46705,2.25537,2.25767,2.25898,2.26326,2.26129,1.05125,1.04797,1.04764,1.04632,1.04928,-51.38367,1898.00000
3.46672,3.46376,3.47034,3.47297,3.46606,2.26030,2.26129,2.26227,2.25602,2.25734,1.04862,1.05323,1.04731,1.04895,1.05224,-51.38367,1899.00000
3.46902,3.46343,3.46705,3.46606,3.46343,2.26458,2.26162,2.25701,2.25964,2.26359,1.05027,1.05093,1.05257,1.04961,1.05027,-51.56698,1900.00000
3.46738,3.46211,3.47198,3.46376,3.46770,2.26030,2.25964,2.26162,2.26293,2.26260,1.04566,1.05191,1.05290,1.04862,1.05158,-51.56698,1901.00000
3.47658,3.46442,3.47132,3.46047,3.47034,2.26227,2.26227,2.26622,2.26622,2.25833,1.04961,1.04797,1.04731,1.04632,1.04895,-50.90793,1902.00000
3.46310,3.46376,3.46968,3.46738,3.46639,2.25701,2.26194,2.25931,2.25800,2.26063,1.04994,1.04764,1.04928,1.04599,1.04895,-50.90793,1903.00000
3.46244,3.46705,3.46968,3.46639,3.46705,2.26162,2.25734,2.26425,2.25964,2.26688,1.05060,1.04895,1.04566,1.04764,1.04797,-50.78595,1904.00000
3.47001,3.47132,3.46343,3.46705,3.46869,2.25931,2.26063,2.25504,2.25997,2.26162,1.04829,1.05093,1.05191,1.04994,1.04862,-50.78595,1905.00000
3.46803,3.46803,3.46672,3.46540,3.46442,2.26425,2.26129,2.26194,2.26194,2.26458,1.04928,1.05027,1.04961,1.04402,1.04665,-50.69812,1906.00000
3.46211,3.46639,3.46146,3.46540,3.46442,2.25866,2.26589,2.26260,2.26359,2.25866,1.04862,1.04731,1.04797,1.04797,1.04829,-50.69812,1907.00000
3.47001,3.46606,3.47001,3.47297,3.47034,2.25668,2.25997,2.26260,2.25964,2.26162,1.04928,1.04533,1.04994,1.04928,1.05093,-50.42147,1908.00000
3.46935,3.46573,3.46770,3.47198,3.46639,2.26162,2.26030,2.26359,2.26194,2.25668,1.04764,1.04632,1.04665,1.04764,1.04797,-50.42147,1909.00000
3.46902,3.46705,3.47198,3.46770,3.47165,2.26359,2.26425,2.25701,2.26260,2.26293,1.04731,1.04862,1.05224,1.04895,1.04566,-51.19569,1910.00000
3.46606,3.47132,3.46409,3.46836,3.46672,2.26326,2.26490,2.26030,2.26260,2.26096,1.05093,1.04731,1.05027,1.04994,1.04797,-51.19569,1911.00000
3.46442,3.47264,3.46869,3.46869,3.47264,2.26096,2.26129,2.26162,2.26622,2.25997,1.04797,1.04501,1.04862,1.04731,1.05027,-51.36191,1912.00000
3.46836,3.46606,3.46836,3.47066,3.46639,2.26227,2.25898,2.25997,2.25898,2.26063,1.05027,1.04764,1.04961,1.05191,1.05060,-51.36191,1913.00000
3.46540,3.46803,3.46968,3.47231,3.46672,2.26227,2.26260,2.26063,2.26063,2.25964,1.04797,1.04797,1.05125,1.04731,1.05323,-51.62734,1914.00000
3.47231,3.46639,3.47099,3.46869,3.46902,2.26523,2.25800,2.26326,2.26490,2.26260,1.05027,1.04731,1.05060,1.04632,1.04566,-51.62734,1915.00000
3.46935,3.47034,3.46442,3.46178,3.47330,2.26392,2.26490,2.26293,2.26063,2.26129,1.05553,1.04566,1.04665,1.05520,1.04468,-51.49668,1916.00000
3.46869,3.46836,3.46474,3.46803,3.46738,2.25800,2.25701,2.26129,2.25866,2.26293,1.04829,1.05191,1.04764,1.04731,1.05093,-51.49668,1917.00000
3.46409,3.46606,3.46869,3.47231,3.46507,2.25898,2.25701,2.26359,2.25898,2.26260,1.05158,1.04862,1.05191,1.05224,1.04928,-51.64394,1918.00000
3.46770,3.47001,3.46540,3.46474,3.46343,2.25668,2.25997,2.26030,2.26162,2.25668,1.05125,1.04797,1.04764,1.04994,1.04928,-51.64394,1919.00000
3.47132,3.46902,3.47132,3.46902,3.46836,2.26392,2.26162,2.26359,2.26425,2.26096,1.04895,1.04994,1.05027,1.05158,1.04698,-51.52728,1920.00000
3.47034,3.46310,3.46836,3.46442,3.46869,2.25931,2.26721,2.26227,2.25964,2.26458,1.04829,1.04961,1.04994,1.05027,1.04961,-51.52728,1921.00000
3.46902,3.46442,3.47034,3.47395,3.46968,2.26721,2.25833,2.26458,2.25800,2.26260,1.04862,1.05257,1.04895,1.05060,1.04928,-51.70178,1922.00000
3.47099,3.46935,3.46869,3.46573,3.46902,2.25866,2.26260,2.26458,2.26293,2.25898,1.05125,1.05191,1.05158,1.04698,1.05224,-51.70178,1923.00000
3.47330,3.46672,3.46409,3.46474,3.46705,2.26392,2.25701,2.26293,2.26458,2.26194,1.04731,1.04928,1.05060,1.05191,1.05093,-51.40958,1924.00000
3.47066,3.46738,3.46606,3.47066,3.46376,2.25898,2.25898,2.26129,2.25964,2.26030,1.05487,1.05125,1.04764,1.04895,1.05125,-51.40958,1925.00000
3.46902,3.47231,3.46869,3.46968,3.46968,2.26030,2.26622,2.26063,2.25866,2.25964,1.04797,1.04994,1.04829,1.04895,1.05060,-51.59402,1926.00000
3.46573,3.47001,3.46211,3.46902,3.46442,2.26326,2.25602,2.26227,2.25602,2.25964,1.05389,1.05224,1.04665,1.05224,1.04895,-51.68280,1927.00000
3.46672,3.46507,3.46474,3.46343,3.46639,2.26359,2.26129,2.26293,2.26030,2.26490,1.05027,1.05290,1.04928,1.04829,1.05323,-51.68280,1928.00000
3.46935,3.46639,3.46705,3.46803,3.46902,2.25931,2.25866,2.26293,2.26326,2.26096,1.04797,1.04862,1.04632,1.05257,1.05290,-51.68280,1929.00000
3.46902,3.46507,3.46507,3.45850,3.46935,2.25997,2.25701,2.26293,2.26359,2.25997,1.04698,1.04895,1.05027,1.04731,1.05125,-51.17232,1930.00000
3.46935,3.47132,3.46442,3.47593,3.46935,2.26194,2.26556,2.26096,2.25635,2.25997,1.05125,1.05093,1.04764,1.05290,1.05158,-51.17232,1931.00000
3.46672,3.46606,3.47099,3.46836,3.46836,2.26096,2.26425,2.26096,2.26030,2.26490,1.04961,1.05027,1.05520,1.05060,1.04665,-51.29750,1932.00000
3.46244,3.46770,3.46343,3.46606,3.47132,2.26490,2.26063,2.26162,2.26162,2.26984,1.05027,1.05093,1.04928,1.04895,1.04994,-51.29750,1933.00000
3.47001,3.46507,3.47231,3.46507,3.46770,2.25931,2.25800,2.26293,2.26227,2.26425,1.05158,1.05060,1.04895,1.05093,1.05487,-51.00986,1934.00000
3.46343,3.47264,3.46409,3.46442,3.46540,2.26227,2.26293,2.25964,2.26622,2.25866,1.05027,1.05158,1.04862,1.05421,1.04994,-51.00986,1935.00000
3.47099,3.47231,3.46770,3.46178,3.46770,2.26063,2.25898,2.25931,2.26326,2.25833,1.05158,1.04829,1.05060,1.05093,1.05093,-50.73183,1936.00000
3.46836,3.46540,3.46902,3.47165,3.46935,2.26227,2.26523,2.26392,2.26129,2.26227,1.04862,1.05356,1.05224,1.04665,1.04895,-50.73183,1937.00000
3.46836,3.46474,3.47034,3.46869,3.46935,2.25833,2.25964,2.25537,2.26194,2.26326,1.04961,1.04961,1.04961,1.05158,1.04895,-50.47812,1938.00000
3.46376,3.46507,3.46836,3.46770,3.46770,2.26260,2.26096,2.26129,2.26227,2.26162,1.05125,1.04731,1.05224,1.05093,1.05093,-50.47812,1939.00000
3.47264,3.46803,3.46244,3.47264,3.46869,2.26129,2.26326,2.26293,2.26523,2.26096,1.05191,1.05093,1.05158,1.05224,1.04764,-50.35781,1940.00000
3.47034,3.46738,3.46573,3.46672,3.46770,2.26194,2.26063,2.25964,2.26063,2.26392,1.05224,1.05093,1.04994,1.04895,1.05323,-50.35781,1941.00000
3.46343,3.46343,3.46442,3.47034,3.46277,2.26260,2.26359,2.26326,2.26162,2.25438,1.05060,1.05454,1.05093,1.04895,1.05454,-50.72519,1942.00000
3.46606,3.46836,3.46639,3.46244,3.46803,2.26425,2.26227,2.26162,2.25964,2.25931,1.05323,1.04829,1.05060,1.05257,1.05454,-50.72519,1943.00000
3.47034,3.46606,3.46540,3.46442,3.46705,2.26096,2.25701,2.26293,2.25800,2.26392,1.04895,1.04829,1.04829,1.04895,1.05356,-50.77318,1944.00000
3.46606,3.46211,3.47001,3.47132,3.47297,2.26392,2.26194,2.26096,2.26063,2.26359,1.04928,1.05158,1.05060,1.05093,1.04928,-50.77318,1945.00000
3.46935,3.46705,3.46836,3.46639,3.46639,2.25997,2.25438,2.25997,2.26359,2.26194,1.05191,1.05125,1.05060,1.04994,1.05125,-50.31363,1946.00000
3.46869,3.46672,3.46803,3.47066,3.46376,2.26096,2.26326,2.26293,2.26063,2.26129,1.04994,1.05257,1.05027,1.05125,1.05158,-50.31363,1947.00000
3.46606,3.46178,3.46277,3.46146,3.46343,2.26260,2.25701,2.25602,2.26359,2.26030,1.04928,1.04731,1.05125,1.04731,1.04961,-50.23838,1948.00000
3.46442,3.46409,3.46738,3.46639,3.47198,2.25767,2.26162,2.26227,2.26260,2.26490,1.04961,1.05257,1.05060,1.04862,1.05224,-50.23838,1949.00000
3.46705,3.46606,3.47066,3.46968,3.46606,2.26096,2.25734,2.26030,2.26194,2.26260,1.04632,1.05060,1.05125,1.05224,1.05487,-50.51699,1950.00000
3.46836,3.47461,3.47099,3.46738,3.46639,2.26359,2.26194,2.26227,2.26260,2.25734,1.05060,1.05093,1.05389,1.05224,1.05191,-50.51699,1951.00000
3.46573,3.46244,3.46540,3.46507,3.46540,2.26359,2.26227,2.26096,2.26063,2.25734,1.05093,1.05093,1.05158,1.05027,1.05421,-50.36745,1952.00000
3.47066,3.46606,3.46705,3.47001,3.46836,2.26096,2.25997,2.25866,2.25668,2.25405,1.04797,1.05257,1.05060,1.04895,1.05290,-50.36745,1953.00000
3.47066,3.46540,3.46639,3.46639,3.46310,2.25866,2.26293,2.26030,2.25701,2.25833,1.04928,1.05060,1.04961,1.05093,1.05093,-50.03012,1954.00000
3.46409,3.46310,3.46507,3.46409,3.46442,2.26063,2.26030,2.25964,2.25833,2.26227,1.04994,1.05093,1.05093,1.04895,1.05027,-50.03012,1955.00000
3.47099,3.46014,3.46639,3.46869,3.46738,2.26260,2.25833,2.25898,2.25898,2.26260,1.05224,1.04797,1.04928,1.05027,1.04961,-49.50413,1956.00000
3.46606,3.47165,3.47034,3.46277,3.46474,2.25701,2.25602,2.26359,2.25997,2.26425,1.05257,1.05356,1.04895,1.05356,1.05290,-49.50413,1957.00000
3.46803,3.46869,3.46738,3.46474,3.46935,2.26392,2.25898,2.26129,2.25997,2.26227,1.05060,1.05224,1.05125,1.05093,1.04928,-48.69449,1958.00000
3.46705,3.46540,3.45948,3.46606,3.46639,2.25800,2.26162,2.25997,2.26129,2.25997,1.05323,1.05158,1.05224,1.05257,1.05224,-48.69449,1959.00000
3.46211,3.47593,3.46606,3.46705,3.46474,2.26063,2.26227,2.26293,2.25997,2.26490,1.05553,1.05356,1.04961,1.05323,1.05125,-47.87477,1960.00000
3.46672,3.46474,3.46935,3.46113,3.46606,2.26359,2.26425,2.26194,2.26030,2.26063,1.05389,1.05158,1.05191,1.05125,1.04731,-47.87477,1961.00000
3.46178,3.47099,3.46935,3.46606,3.46705,2.26096,2.26096,2.25997,2.26129,2.25898,1.05158,1.05224,1.05224,1.05060,1.05421,-46.34523,1962.00000
3.46474,3.46409,3.47066,3.47034,3.46968,2.26392,2.26260,2.25767,2.26063,2.26162,1.04895,1.05027,1.04862,1.05027,1.05191,-46.34523,1963.00000
3.46803,3.46343,3.46770,3.45882,3.46803,2.26129,2.26162,2.25701,2.25898,2.26063,1.04961,1.04961,1.05257,1.05191,1.05323,-46.14259,1964.00000
3.45915,3.46672,3.46836,3.46935,3.47165,2.26194,2.25997,2.26096,2.26359,2.25997,1.05027,1.05257,1.05389,1.05027,1.05224,-46.72852,1965.00000
3.46540,3.46507,3.46803,3.46770,3.46770,2.25997,2.26359,2.25898,2.26425,2.26260,1.05290,1.05158,1.05389,1.05421,1.05257,-46.72852,1966.00000
3.46507,3.46343,3.46869,3.46935,3.46672,2.26293,2.26293,2.25931,2.26096,2.26293,1.04994,1.05290,1.05257,1.04961,1.05389,-46.72852,1967.00000
3.46968,3.46540,3.46409,3.46639,3.46968,2.26194,2.25866,2.25800,2.25734,2.26129,1.05257,1.05093,1.05158,1.05093,1.05454,-48.06478,1968.00000
3.47034,3.46507,3.47165,3.46573,3.46606,2.26227,2.26030,2.26326,2.26490,2.26425,1.04829,1.05125,1.05487,1.05487,1.05093,-48.06478,1969.00000
3.46803,3.46902,3.46672,3.46869,3.46080,2.26622,2.25997,2.26030,2.25734,2.26458,1.05356,1.05093,1.05290,1.05685,1.05323,-48.76845,1970.00000
3.46376,3.46573,3.46146,3.46968,3.46244,2.25635,2.26392,2.25767,2.26162,2.26392,1.05191,1.05060,1.05816,1.04961,1.05454,-48.76845,1971.00000
3.46935,3.46639,3.47264,3.46343,3.46803,2.25767,2.25866,2.26096,2.26523,2.26194,1.05389,1.05158,1.05356,1.05520,1.05224,-49.71933,1972.00000
3.47099,3.46211,3.46507,3.46672,3.46935,2.26589,2.26030,2.26293,2.25734,2.26096,1.05158,1.05224,1.05389,1.05257,1.04928,-49.71933,1973.00000
3.46705,3.46836,3.46902,3.46770,3.46540,2.26293,2.25701,2.25471,2.25668,2.25734,1.05257,1.05421,1.05290,1.05487,1.04961,-50.12864,1974.00000
3.47099,3.46869,3.46902,3.46672,3.46738,2.26359,2.26030,2.26063,2.26293,2.25767,1.05093,1.05093,1.05257,1.05421,1.05060,-50.74982,1975.00000
3.47066,3.46902,3.47034,3.46738,3.47066,2.26063,2.26260,2.26326,2.25602,2.26227,1.05060,1.05191,1.05060,1.05619,1.05224,-50.74982,1976.00000
3.47099,3.46376,3.46738,3.46507,3.46803,2.26030,2.26556,2.26523,2.25537,2.26523,1.05093,1.05125,1.05224,1.05060,1.05125,-50.74982,1977.00000
3.46409,3.46836,3.46935,3.46343,3.47034,2.26227,2.26754,2.26096,2.26030,2.26162,1.05093,1.05257,1.05553,1.05356,1.05783,-50.40548,1978.00000
3.46836,3.46376,3.47330,3.47362,3.46968,2.26096,2.26490,2.26227,2.25866,2.26392,1.04862,1.05125,1.05356,1.04599,1.05389,-50.40548,1979.00000
3.46902,3.46738,3.47066,3.46803,3.46803,2.26425,2.25635,2.25964,2.26425,2.26063,1.05060,1.04764,1.05323,1.05224,1.04928,-50.54701,1980.00000
3.46968,3.46573,3.47034,3.46738,3.46836,2.26326,2.26458,2.26523,2.25833,2.26227,1.05421,1.05125,1.05125,1.05060,1.04994,-50.54701,1981.00000
3.46869,3.47198,3.47527,3.46738,3.46803,2.26227,2.26392,2.26359,2.25997,2.26359,1.05421,1.05125,1.05553,1.05060,1.05389,-50.35979,1982.00000
3.47132,3.46770,3.46672,3.46738,3.46902,2.25833,2.25964,2.26326,2.26194,2.26293,1.05060,1.05125,1.05323,1.05191,1.05257,-50.35979,1983.00000
3.47264,3.46902,3.46639,3.47066,3.47099,2.26030,2.25833,2.25734,2.26490,2.26063,1.05060,1.04698,1.04895,1.05389,1.05060,-51.29292,1984.00000
3.46507,3.46869,3.46606,3.47264,3.47001,2.25833,2.26260,2.26589,2.26227,2.26458,1.04764,1.05191,1.05158,1.05125,1.04764,-51.29292,1985.00000
3.46770,3.46442,3.47132,3.47099,3.47132,2.26162,2.25866,2.26227,2.26326,2.25866,1.04928,1.04895,1.05060,1.04928,1.04928,-51.02796,1986.00000
3.47198,3.46639,3.46902,3.46968,3.46573,2.26227,2.26162,2.26458,2.26622,2.26359,1.04928,1.05421,1.05158,1.05290,1.05027,-51.02796,1987.00000
3.46869,3.47264,3.47132,3.46902,3.47658,2.26227,2.25964,2.26589,2.26293,2.27017,1.05093,1.04764,1.04994,1.05323,1.05093,-50.65438,1988.00000
3.46968,3.46803,3.46968,3.47428,3.46803,2.26425,2.25898,2.26326,2.26458,2.25997,1.04862,1.04797,1.05125,1.05553,1.05093,-50.65438,1989.00000
3.47198,3.46672,3.46738,3.46935,3.46540,2.26162,2.26655,2.26096,2.26359,2.26326,1.05421,1.05257,1.05389,1.05158,1.05125,-50.68365,1990.00000
3.47264,3.47757,3.46935,3.46803,3.46968,2.26162,2.26425,2.25898,2.26063,2.25898,1.05224,1.05060,1.04928,1.04994,1.05323,-50.68365,1991.00000
3.46935,3.47231,3.47034,3.46902,3.47132,2.26754,2.25767,2.26392,2.26326,2.26260,1.05158,1.05158,1.04862,1.05323,1.04961,-50.90173,1992.00000
3.46310,3.46935,3.46770,3.46803,3.47066,2.26260,2.26260,2.26556,2.26425,2.26030,1.05027,1.05027,1.05060,1.04862,1.05060,-50.90173,1993.00000
3.46869,3.47395,3.47297,3.46902,3.47198,2.26359,2.26688,2.26326,2.25997,2.26458,1.04961,1.05060,1.05060,1.04665,1.04961,-51.28312,1994.00000
3.47165,3.47461,3.47165,3.47099,3.47001,2.27148,2.26260,2.26622,2.26490,2.26490,1.04665,1.04336,1.04797,1.05356,1.04731,-51.28312,1995.00000
3.47461,3.47034,3.47099,3.46869,3.47165,2.26194,2.26260,2.26523,2.26523,2.26392,1.05158,1.04862,1.05257,1.04961,1.05421,-51.05561,1996.00000
3.47264,3.47626,3.46836,3.47001,3.47724,2.26293,2.26589,2.26162,2.26227,2.26096,1.04994,1.05158,1.04764,1.05158,1.05158,-51.05561,1997.00000
3.46836,3.47001,3.46442,3.47724,3.47494,2.26030,2.26326,2.26063,2.26655,2.26030,1.04961,1.05224,1.04895,1.05060,1.05093,-50.73792,1998.00000
3.47395,3.46770,3.46869,3.47297,3.46836,2.26260,2.26458,2.26293,2.25997,2.26655,1.05093,1.05125,1.04797,1.04994,1.04928,-50.73792,1999.00000
3.47099,3.46738,3.46836,3.46836,3.46869,2.26326,2.26129,2.26425,2.26293,2.26425,1.04994,1.05257,1.05257,1.05060,1.05224,-50.40894,2000.00000
3.47362,3.47198,3.46672,3.47001,3.46968,2.26688,2.26260,2.26622,2.25997,2.26260,1.05224,1.05224,1.04895,1.05125,1.05191,-50.40894,2001.00000
3.46573,3.46705,3.46935,3.46902,3.46869,2.26622,2.25898,2.26458,2.26162,2.26622,1.04731,1.05290,1.04895,1.04797,1.05224,-49.50928,2002.00000
3.46507,3.46770,3.47066,3.47198,3.46935,2.26523,2.25898,2.26490,2.26425,2.26227,1.05093,1.04928,1.05191,1.04961,1.05290,-48.62468,2003.00000
3.47001,3.47626,3.47428,3.46803,3.47297,2.26655,2.26194,2.26194,2.26359,2.25964,1.04731,1.05060,1.04862,1.05290,1.04994,-48.62468,2004.00000
3.46803,3.47231,3.46836,3.47198,3.47001,2.26194,2.26458,2.26096,2.26227,2.26096,1.05323,1.05158,1.05093,1.04961,1.05421,-48.62468,2005.00000
3.46705,3.47132,3.47198,3.47330,3.46836,2.25931,2.25931,2.26129,2.26359,2.26359,1.05158,1.05191,1.05323,1.05125,1.04698,-46.80773,2006.00000
3.47099,3.46902,3.46672,3.47231,3.46803,2.26063,2.26589,2.26030,2.25964,2.26293,1.05290,1.05717,1.05224,1.04566,1.05356,-46.80773,2007.00000
3.46968,3.47658,3.47231,3.46606,3.46836,2.26622,2.25964,2.25997,2.26556,2.25898,1.05060,1.04994,1.05027,1.05356,1.05224,-44.49454,2008.00000
3.47626,3.46540,3.47362,3.47066,3.47626,2.26392,2.26425,2.26655,2.26096,2.25997,1.05323,1.05191,1.04994,1.05158,1.04895,-44.49454,2009.00000
3.47132,3.46803,3.47034,3.47001,3.47231,2.26392,2.26293,2.26754,2.26260,2.26359,1.05290,1.05356,1.04994,1.05027,1.05191,-45.37592,2010.00000
3.46902,3.47099,3.46836,3.46803,3.46935,2.26490,2.26688,2.26227,2.26523,2.26425,1.05093,1.05093,1.05027,1.05421,1.04961,-45.37592,2011.00000
3.46474,3.46935,3.47165,3.47461,3.47231,2.26260,2.26260,2.26359,2.26458,2.26129,1.05257,1.05356,1.05389,1.05389,1.05356,-46.74801,2012.00000
3.46803,3.46935,3.47461,3.46409,3.47362,2.26589,2.26194,2.26852,2.26260,2.26194,1.05257,1.05323,1.05060,1.04994,1.05257,-46.74801,2013.00000
3.47198,3.47691,3.47330,3.47066,3.46902,2.25964,2.26063,2.26556,2.26326,2.25866,1.04961,1.05224,1.05257,1.05487,1.05093,-47.25909,2014.00000
3.46968,3.46442,3.47066,3.47330,3.46573,2.26260,2.26425,2.26359,2.26458,2.26227,1.05454,1.04928,1.05027,1.05125,1.05454,-47.25909,2015.00000
3.47066,3.47264,3.47527,3.47198,3.47362,2.26425,2.26260,2.26458,2.26030,2.26655,1.05224,1.05290,1.05060,1.05389,1.05553,-47.36543,2016.00000
3.47362,3.47362,3.47066,3.47757,3.47198,2.26425,2.26293,2.26096,2.25898,2.26063,1.05356,1.04994,1.04994,1.05191,1.05685,-47.36543,2017.00000
3.47231,3.46902,3.47297,3.46770,3.47297,2.26326,2.26589,2.26425,2.26721,2.26227,1.05224,1.05224,1.05421,1.05224,1.05454,-48.18340,2018.00000
3.47001,3.47034,3.46803,3.46672,3.47165,2.26589,2.26326,2.26655,2.26523,2.26622,1.04599,1.05356,1.05290,1.05224,1.05520,-48.18340,2019.00000
3.46803,3.47757,3.46869,3.47395,3.46968,2.26556,2.26063,2.26096,2.26852,2.26688,1.05224,1.05520,1.05125,1.05421,1.05257,-48.32181,2020.00000
3.47001,3.47165,3.47626,3.46836,3.47494,2.26063,2.26260,2.26129,2.25997,2.26030,1.05389,1.05454,1.05290,1.05389,1.05520,-48.32181,2021.00000
3.47231,3.47395,3.47297,3.46606,3.46343,2.26129,2.26227,2.26293,2.26260,2.26392,1.05356,1.05421,1.05224,1.05454,1.05093,-49.04397,2022.00000
3.47099,3.47132,3.46836,3.47034,3.47330,2.26458,2.26819,2.26819,2.26885,2.26622,1.05290,1.05191,1.05125,1.05389,1.05191,-49.04397,2023.00000
3.47132,3.47395,3.46770,3.46442,3.47330,2.26326,2.26194,2.26852,2.26458,2.26622,1.04994,1.05389,1.05323,1.05389,1.05389,-49.11850,2024.00000
3.47297,3.47165,3.47461,3.48152,3.46902,2.26392,2.26458,2.26425,2.26162,2.26490,1.05125,1.05191,1.05454,1.05421,1.05060,-49.11850,2025.00000
3.47066,3.46672,3.47691,3.46902,3.47297,2.26885,2.26162,2.26655,2.26260,2.26194,1.05487,1.04599,1.05290,1.05389,1.05487,-48.82965,2026.00000
3.46968,3.47626,3.46836,3.47132,3.47231,2.27017,2.26359,2.26260,2.26030,2.26589,1.05027,1.05685,1.05356,1.05158,1.04829,-49.24418,2027.00000
3.47001,3.47297,3.46836,3.47198,3.47297,2.26293,2.26458,2.26326,2.26392,2.26293,1.05158,1.05520,1.04797,1.05290,1.04862,-49.24418,2028.00000
3.46310,3.47395,3.46639,3.47231,3.46738,2.26194,2.25931,2.26425,2.26162,2.26425,1.05027,1.05356,1.05093,1.05323,1.05750,-49.24418,2029.00000
3.47593,3.46540,3.47198,3.46968,3.47626,2.26490,2.26227,2.26425,2.26490,2.26490,1.05158,1.05323,1.05356,1.05487,1.05487,-48.86624,2030.00000
3.47428,3.47297,3.47099,3.47527,3.47593,2.26260,2.26458,2.26819,2.26556,2.26162,1.05389,1.05093,1.05421,1.05421,1.05389,-48.86624,2031.00000
3.47330,3.47297,3.47626,3.47165,3.47527,2.26425,2.26293,2.25866,2.26293,2.26162,1.05586,1.05158,1.05060,1.05060,1.05586,-49.23928,2032.00000
3.46770,3.47198,3.46968,3.47034,3.47066,2.26227,2.26162,2.26556,2.26655,2.26392,1.05487,1.05717,1.05257,1.05290,1.05125,-49.23928,2033.00000
3.47231,3.47066,3.46869,3.47494,3.47494,2.26260,2.26622,2.26523,2.26162,2.26523,1.05224,1.05191,1.05750,1.04829,1.05586,-49.49773,2034.00000
3.47132,3.47527,3.46770,3.47297,3.47132,2.26490,2.25800,2.26655,2.26786,2.26096,1.05421,1.05093,1.05224,1.05257,1.05421,-49.49773,2035.00000
3.47494,3.46935,3.46902,3.47231,3.47001,2.26688,2.26129,2.26227,2.25964,2.26063,1.05027,1.05093,1.05060,1.05389,1.05191,-49.37870,2036.00000
3.47362,3.46770,3.46935,3.46968,3.47231,2.26458,2.26359,2.26754,2.26162,2.26425,1.05191,1.04928,1.05125,1.04928,1.04961,-49.90481,2037.00000
3.46803,3.47132,3.47494,3.47428,3.47658,2.26392,2.26326,2.26655,2.26786,2.26589,1.05323,1.05158,1.05389,1.04961,1.05323,-49.90481,2038.00000
3.47395,3.46902,3.47198,3.47132,3.47066,2.26227,2.26359,2.27214,2.26688,2.26096,1.05421,1.05487,1.05520,1.05125,1.05125,-49.28550,2039.00000
3.47034,3.47658,3.47231,3.46935,3.47132,2.26392,2.26589,2.26490,2.26490,2.26227,1.05093,1.05290,1.05158,1.05619,1.05389,-49.28550,2040.00000
3.47395,3.47132,3.47165,3.47264,3.47165,2.26359,2.26655,2.26162,2.26458,2.26326,1.05060,1.05421,1.05717,1.05093,1.05421,-49.28550,2041.00000
3.47691,3.47527,3.46935,3.47395,3.47593,2.26227,2.25964,2.26227,2.26030,2.26227,1.05158,1.05520,1.05421,1.04928,1.05323,-49.17699,2042.00000
3.47165,3.46968,3.47034,3.47066,3.47527,2.26754,2.26721,2.26721,2.26458,2.26688,1.05125,1.05224,1.05356,1.04862,1.05257,-49.17699,2043.00000
3.47527,3.47362,3.47132,3.47264,3.46540,2.26523,2.26227,2.26162,2.26162,2.26096,1.05093,1.05027,1.05125,1.05454,1.05323,-49.61246,2044.00000
3.47987,3.47790,3.47099,3.47001,3.47066,2.25964,2.26490,2.26392,2.26490,2.26260,1.05454,1.05323,1.05520,1.05224,1.05356,-49.61246,2045.00000
3.47034,3.47231,3.47165,3.47231,3.47494,2.26162,2.26786,2.26425,2.26425,2.26227,1.05191,1.05290,1.05191,1.05553,1.05323,-49.55609,2046.00000
3.46639,3.47494,3.47494,3.47593,3.47231,2.26523,2.26622,2.26162,2.26622,2.25898,1.05323,1.05356,1.05158,1.05191,1.04829,-49.32320,2047.00000
3.47560,3.47264,3.47264,3.47297,3.47297,2.26359,2.26754,2.26359,2.26392,2.27017,1.05125,1.05125,1.05191,1.05323,1.05158,-49.32320,2048.00000
3.46935,3.46705,3.46902,3.47132,3.47264,2.26194,2.26523,2.26556,2.26293,2.25800,1.05290,1.05224,1.05027,1.04928,1.05323,-49.32320,2049.00000
3.47264,3.47330,3.46968,3.47132,3.46836,2.26260,2.26458,2.26096,2.26359,2.25964,1.05323,1.05224,1.05093,1.05323,1.05191,-49.50974,2050.00000
3.46935,3.46869,3.47461,3.47001,3.47099,2.26655,2.26688,2.26589,2.26425,2.26721,1.05290,1.05224,1.05323,1.05060,1.05060,-49.50974,2051.00000
3.47099,3.47560,3.46770,3.47264,3.46474,2.26523,2.26260,2.26293,2.26194,2.26490,1.05224,1.05454,1.05389,1.05323,1.05224,-49.66990,2052.00000
3.46968,3.46902,3.47395,3.47297,3.47198,2.26162,2.26293,2.26458,2.26293,2.26326,1.04994,1.05323,1.05125,1.05323,1.04994,-49.66990,2053.00000
3.46968,3.47527,3.47428,3.47099,3.47264,2.26063,2.25964,2.26786,2.26162,2.26490,1.05224,1.05060,1.05093,1.05125,1.04764,-49.73111,2054.00000
3.47198,3.47066,3.47001,3.47428,3.47001,2.26392,2.26688,2.26622,2.26096,2.26030,1.05421,1.05454,1.05257,1.05389,1.05224,-49.73111,2055.00000
3.47099,3.46869,3.47066,3.47297,3.47264,2.26260,2.26326,2.25833,2.26359,2.26721,1.05323,1.05257,1.05158,1.05093,1.05356,-49.97536,2056.00000
3.46968,3.47066,3.47132,3.47264,3.47231,2.26458,2.26194,2.25964,2.26458,2.26162,1.04961,1.05619,1.04961,1.05356,1.04961,-49.97536,2057.00000
3.47757,3.47099,3.46902,3.47560,3.47297,2.26063,2.26392,2.26227,2.26523,2.26754,1.05257,1.05125,1.05356,1.05323,1.05356,-49.72478,2058.00000
3.47428,3.47034,3.46803,3.47560,3.47922,2.26556,2.26162,2.26227,2.26326,2.26786,1.04961,1.05224,1.05290,1.05060,1.05224,-49.72478,2059.00000
3.47362,3.47658,3.46935,3.47658,3.47231,2.26392,2.26359,2.26589,2.26096,2.26030,1.05750,1.05125,1.05290,1.05553,1.05717,-49.96464,2060.00000
3.47165,3.47099,3.47461,3.47034,3.47034,2.26162,2.26490,2.26326,2.26162,2.26688,1.05356,1.05257,1.05652,1.05619,1.05520,-49.96464,2061.00000
3.47231,3.47264,3.46738,3.47165,3.47626,2.26425,2.26622,2.26688,2.26227,2.26556,1.05454,1.05158,1.05093,1.05487,1.05158,-49.82994,2062.00000
3.47626,3.47889,3.47001,3.47099,3.47560,2.26458,2.26458,2.26655,2.26293,2.27017,1.05257,1.05652,1.05257,1.05125,1.05290,-49.82994,2063.00000
3.47099,3.47330,3.47297,3.47362,3.47099,2.26293,2.25898,2.26063,2.26688,2.26721,1.05224,1.05454,1.05323,1.05454,1.05125,-50.14379,2064.00000
3.47165,3.47099,3.47001,3.47297,3.46244,2.26096,2.26194,2.26030,2.26129,2.25898,1.05454,1.04829,1.05553,1.05191,1.05915,-50.14379,2065.00000
3.47099,3.47231,3.47297,3.47560,3.47823,2.26392,2.25898,2.26162,2.26293,2.26556,1.05125,1.05389,1.05356,1.05356,1.05619,-50.57437,2066.00000
3.46803,3.47428,3.47132,3.46672,3.46770,2.25866,2.26063,2.26162,2.26227,2.26688,1.05586,1.05060,1.05487,1.05356,1.05224,-50.57437,2067.00000
3.46869,3.47330,3.46770,3.47264,3.47001,2.26754,2.26326,2.26030,2.26326,2.26260,1.05323,1.05454,1.05685,1.05421,1.05652,-50.31781,2068.00000
3.46902,3.46803,3.47297,3.47099,3.47626,2.26194,2.25964,2.26392,2.26523,2.26490,1.05553,1.05224,1.05290,1.05224,1.05553,-50.31781,2069.00000
3.46902,3.46738,3.47231,3.46902,3.46869,2.26129,2.26589,2.26622,2.26326,2.26096,1.05323,1.05290,1.05487,1.05125,1.05487,-50.27698,2070.00000
3.46277,3.46474,3.46869,3.46606,3.47165,2.25931,2.26194,2.25833,2.26096,2.25964,1.05356,1.04994,1.05520,1.05520,1.05487,-50.27698,2071.00000
3.47001,3.46738,3.46606,3.47330,3.46738,2.26162,2.26030,2.26425,2.26458,2.25635,1.05750,1.04928,1.05356,1.05158,1.05257,-50.72176,2072.00000
3.46573,3.47593,3.46409,3.46968,3.47198,2.26162,2.25570,2.25898,2.25931,2.26227,1.05125,1.05520,1.05356,1.05356,1.05323,-50.91900,2073.00000
3.47001,3.46869,3.46803,3.46507,3.46902,2.26129,2.26490,2.26096,2.25964,2.25964,1.05421,1.05356,1.05257,1.05257,1.05158,-50.91900,2074.00000
3.46672,3.46738,3.47132,3.46310,3.46442,2.25898,2.26326,2.26030,2.25931,2.26721,1.05290,1.05454,1.05290,1.05060,1.05125,-50.91900,2075.00000
3.46705,3.47461,3.47001,3.46836,3.46705,2.26063,2.25734,2.26359,2.26096,2.26162,1.05158,1.05257,1.05454,1.05191,1.05717,-51.15303,2076.00000
3.46343,3.46869,3.46738,3.46606,3.46738,2.26194,2.26589,2.26227,2.25767,2.25997,1.05060,1.05619,1.05290,1.05323,1.05421,-51.15303,2077.00000
3.46770,3.45915,3.46705,3.46606,3.46705,2.25866,2.26359,2.26030,2.26030,2.26260,1.05619,1.05487,1.05224,1.05586,1.05389,-51.04701,2078.00000
3.46738,3.46836,3.46639,3.47099,3.46573,2.25898,2.26096,2.26063,2.25833,2.25800,1.05290,1.05158,1.05553,1.05553,1.05487,-51.04701,2079.00000
3.46672,3.46474,3.46507,3.46639,3.46211,2.26162,2.25767,2.25866,2.26490,2.26129,1.05487,1.05553,1.05290,1.05389,1.05421,-51.01376,2080.00000
3.47395,3.46738,3.46507,3.46606,3.47264,2.26458,2.25668,2.26556,2.25734,2.26359,1.05652,1.05421,1.05389,1.05816,1.05356,-51.01376,2081.00000
3.46606,3.46573,3.46705,3.46869,3.46705,2.26162,2.26490,2.25668,2.26425,2.25931,1.05586,1.05553,1.05224,1.05356,1.05586,-51.43593,2082.00000
3.46869,3.46803,3.47560,3.46770,3.47264,2.26260,2.26260,2.26063,2.26063,2.26293,1.05520,1.05356,1.05619,1.05717,1.05356,-51.43593,2083.00000
3.47034,3.47297,3.47099,3.46968,3.46902,2.26194,2.26096,2.26392,2.26129,2.26260,1.05158,1.05224,1.05520,1.05750,1.05685,-51.24212,2084.00000
3.46474,3.46639,3.46968,3.46770,3.47034,2.25997,2.25964,2.26523,2.26260,2.26129,1.05389,1.05553,1.05191,1.05487,1.05652,-51.24212,2085.00000
3.46935,3.47099,3.46935,3.46836,3.46146,2.25964,2.26425,2.26458,2.25964,2.26458,1.05224,1.05685,1.05191,1.05421,1.05586,-51.05432,2086.00000
3.46836,3.46770,3.46836,3.47231,3.47034,2.26194,2.26359,2.26063,2.26063,2.25635,1.05356,1.05652,1.05389,1.05421,1.05158,-51.05432,2087.00000
3.47034,3.47034,3.47264,3.47165,3.46836,2.26359,2.26359,2.26655,2.26490,2.26293,1.05586,1.05553,1.05487,1.05421,1.05487,-50.93562,2088.00000
3.47593,3.46968,3.48119,3.47099,3.47889,2.26885,2.26523,2.26655,2.26655,2.25734,1.05389,1.05520,1.05389,1.05125,1.05783,-50.93562,2089.00000
3.47001,3.47198,3.46836,3.46639,3.47001,2.25997,2.26194,2.26194,2.25866,2.26589,1.04895,1.05224,1.05520,1.05816,1.05323,-50.70025,2090.00000
3.46836,3.47231,3.47231,3.47527,3.46902,2.26260,2.26688,2.26326,2.26129,2.26458,1.05257,1.05290,1.05586,1.05586,1.05158,-50.70025,2091.00000
3.47428,3.47198,3.47066,3.47461,3.46968,2.26589,2.26293,2.26227,2.26260,2.26260,1.05356,1.05323,1.05421,1.05356,1.05290,-50.42614,2092.00000
3.46935,3.46968,3.46968,3.47198,3.46935,2.26194,2.26458,2.26425,2.26819,2.26458,1.05356,1.05487,1.05290,1.05290,1.05619,-50.56892,2093.00000
3.46869,3.47297,3.47198,3.47066,3.46409,2.26754,2.26260,2.26293,2.26392,2.26786,1.05224,1.05224,1.05290,1.05158,1.05421,-50.56892,2094.00000
3.47034,3.47066,3.47231,3.46968,3.46803,2.26458,2.26655,2.26523,2.25964,2.26523,1.05454,1.05257,1.04994,1.05257,1.05454,-50.47531,2095.00000
3.46869,3.46968,3.47034,3.47132,3.46672,2.26688,2.25635,2.26194,2.25964,2.26129,1.05191,1.05257,1.05191,1.05158,1.05093,-50.47531,2096.00000
3.46935,3.46507,3.47099,3.47001,3.46146,2.26359,2.26392,2.26260,2.25767,2.25997,1.05224,1.05454,1.04994,1.05060,1.05454,-51.22508,2097.00000
3.47428,3.47231,3.46869,3.46639,3.47001,2.26392,2.26458,2.26655,2.26326,2.26523,1.05750,1.05257,1.05553,1.05224,1.05191,-51.22508,2098.00000
3.46705,3.46803,3.46869,3.46409,3.47001,2.26260,2.26589,2.26227,2.26655,2.26359,1.05191,1.05257,1.05224,1.05454,1.05290,-51.05760,2099.00000
3.46639,3.46869,3.47395,3.47001,3.46968,2.26852,2.26392,2.26162,2.26260,2.25866,1.05093,1.04994,1.05191,1.05224,1.04961,-51.05760,2100.00000
3.46902,3.47066,3.46902,3.47264,3.47428,2.26227,2.26819,2.26063,2.26063,2.26392,1.05323,1.05586,1.05191,1.05520,1.05553,-51.43424,2101.00000
3.47165,3.47856,3.46540,3.47790,3.46836,2.26885,2.26622,2.26326,2.26556,2.26425,1.05158,1.05060,1.05356,1.05125,1.05027,-51.43424,2102.00000
3.46738,3.47362,3.46803,3.46935,3.47165,2.26655,2.26293,2.26589,2.26194,2.26721,1.05389,1.05323,1.05125,1.05487,1.05125,-51.97178,2103.00000
3.46902,3.46869,3.46770,3.47231,3.46902,2.26425,2.26458,2.26688,2.26063,2.26129,1.05356,1.05389,1.05356,1.05290,1.05060,-51.97178,2104.00000
3.46836,3.47099,3.47560,3.47231,3.47428,2.26293,2.26260,2.26458,2.26030,2.26227,1.05257,1.04764,1.05421,1.05389,1.05257,-51.05085,2105.00000
3.47001,3.46869,3.46869,3.46639,3.47132,2.26326,2.26589,2.26556,2.26194,2.26425,1.05290,1.05389,1.05125,1.04895,1.05191,-50.92518,2106.00000
3.46869,3.47428,3.46902,3.46672,3.47461,2.26589,2.26819,2.26359,2.25833,2.26523,1.05356,1.05191,1.05323,1.04731,1.05553,-50.92518,2107.00000
3.46836,3.47593,3.47330,3.46902,3.47099,2.26227,2.26392,2.26392,2.26425,2.25833,1.05027,1.05323,1.05356,1.05323,1.05421,-50.92518,2108.00000
3.47165,3.46639,3.47099,3.47099,3.47132,2.26490,2.26326,2.26129,2.26951,2.26425,1.05487,1.05717,1.05257,1.05257,1.05290,-50.78768,2109.00000
3.47165,3.47527,3.46540,3.47461,3.46770,2.26359,2.26392,2.26326,2.26556,2.26523,1.05487,1.05158,1.05323,1.05454,1.05520,-50.78768,2110.00000
3.47099,3.47231,3.47494,3.46968,3.47198,2.26984,2.26227,2.26326,2.26260,2.26852,1.04961,1.05389,1.05093,1.05125,1.05356,-50.62766,2111.00000
3.47001,3.47593,3.46869,3.47330,3.47494,2.26984,2.26227,2.26260,2.26885,2.26589,1.05717,1.05158,1.05553,1.05520,1.05553,-50.62766,2112.00000
3.47165,3.47790,3.47297,3.47658,3.47461,2.26293,2.26556,2.26523,2.26392,2.26359,1.05224,1.05454,1.05586,1.05389,1.05191,-50.54377,2113.00000
3.47527,3.47165,3.47297,3.47165,3.47658,2.26721,2.26556,2.26852,2.26293,2.26293,1.05421,1.05125,1.05421,1.05421,1.04797,-50.54377,2114.00000
3.47428,3.47362,3.47330,3.47264,3.46902,2.26589,2.26326,2.25866,2.26589,2.26721,1.05454,1.05553,1.05257,1.05454,1.05290,-50.21603,2115.00000
3.47264,3.47330,3.47330,3.46442,3.47428,2.26655,2.26359,2.26392,2.26918,2.26852,1.05224,1.05257,1.05060,1.05454,1.05356,-50.21603,2116.00000
3.48086,3.47560,3.47395,3.48218,3.47494,2.26194,2.26293,2.26260,2.26589,2.26786,1.05323,1.05323,1.05619,1.04797,1.05060,-50.09844,2117.00000
3.47724,3.47691,3.47724,3.47560,3.47231,2.26688,2.26885,2.26622,2.26622,2.26293,1.05487,1.05520,1.05487,1.05487,1.05093,-50.09844,2118.00000
3.47231,3.47264,3.47494,3.46803,3.47099,2.27247,2.26063,2.26721,2.26063,2.26655,1.05553,1.05454,1.05224,1.05158,1.04961,-49.87683,2119.00000
3.47001,3.47330,3.47790,3.47724,3.47757,2.26984,2.26359,2.26918,2.26786,2.26227,1.05389,1.05553,1.05717,1.05652,1.04928,-49.87683,2120.00000
3.47066,3.47428,3.47231,3.47691,3.47362,2.26293,2.26260,2.26786,2.26622,2.26754,1.05158,1.05125,1.05421,1.05520,1.05323,-50.29712,2121.00000
3.47001,3.47132,3.47494,3.47428,3.47527,2.26589,2.26096,2.26786,2.26852,2.26458,1.05356,1.05323,1.05257,1.05717,1.05027,-50.29712,2122.00000
3.47231,3.47231,3.47593,3.47658,3.47724,2.26951,2.26819,2.26260,2.26622,2.27378,1.05520,1.05389,1.05158,1.05356,1.05652,-50.47152,2123.00000
3.47297,3.47889,3.47527,3.47165,3.47626,2.26655,2.26951,2.26589,2.26589,2.26786,1.05520,1.05356,1.05224,1.05553,1.05290,-50.47152,2124.00000
3.47658,3.47099,3.47428,3.47790,3.47395,2.26819,2.26293,2.26918,2.26556,2.26392,1.05520,1.05290,1.05191,1.05685,1.05421,-50.98817,2125.00000
3.47889,3.47264,3.47428,3.47066,3.47395,2.26655,2.25997,2.26721,2.25866,2.27017,1.05323,1.05421,1.05389,1.05257,1.05389,-50.98817,2126.00000
3.47330,3.47198,3.47494,3.47691,3.47691,2.26129,2.26951,2.26721,2.26622,2.26490,1.05290,1.04928,1.05685,1.05356,1.05421,-51.31796,2127.00000
3.47823,3.47560,3.47198,3.46869,3.47560,2.26655,2.26523,2.26918,2.27050,2.26721,1.05389,1.05060,1.05027,1.05553,1.05553,-51.31796,2128.00000
3.47001,3.47724,3.47330,3.47099,3.47658,2.26589,2.26688,2.26129,2.26490,2.26556,1.05158,1.05586,1.05652,1.05093,1.05125,-51.23509,2129.00000
3.47099,3.47560,3.47987,3.47527,3.47001,2.26260,2.26096,2.26754,2.26754,2.26326,1.05224,1.05421,1.05652,1.05685,1.05323,-51.23509,2130.00000
3.47823,3.47724,3.47757,3.47099,3.47362,2.26819,2.26918,2.26589,2.26688,2.26754,1.05389,1.05356,1.04994,1.05323,1.05323,-51.01545,2131.00000
3.47165,3.47658,3.47757,3.47264,3.47231,2.26293,2.27214,2.26786,2.26490,2.26490,1.05224,1.05882,1.05158,1.05257,1.05520,-51.01545,2132.00000
3.47034,3.47658,3.47428,3.47264,3.47527,2.26425,2.26556,2.26326,2.26951,2.26951,1.05356,1.05356,1.05356,1.05060,1.05389,-50.98621,2133.00000
3.46836,3.47395,3.47001,3.46968,3.46836,2.26852,2.26227,2.26622,2.26622,2.26556,1.05290,1.05158,1.05652,1.05125,1.05290,-50.98621,2134.00000
3.46803,3.47264,3.46902,3.46836,3.46770,2.26458,2.26030,2.26688,2.26523,2.26425,1.05389,1.05027,1.05421,1.05717,1.05290,-50.54517,2135.00000
3.47560,3.46770,3.47099,3.46705,3.46902,2.26063,2.26063,2.26655,2.25931,2.26194,1.05027,1.04862,1.05454,1.05487,1.05060,-50.54517,2136.00000
3.47066,3.47132,3.47658,3.46902,3.47297,2.26162,2.26326,2.26490,2.26162,2.25931,1.05389,1.05060,1.05323,1.05421,1.04829,-50.48063,2137.00000
3.46935,3.46902,3.46836,3.47099,3.47034,2.26359,2.25931,2.26819,2.25833,2.26326,1.05060,1.05421,1.05389,1.05454,1.05652,-50.90636,2138.00000
3.47264,3.47231,3.46573,3.46474,3.46836,2.26293,2.26260,2.25964,2.26458,2.26392,1.05685,1.05487,1.05421,1.05553,1.04928,-50.90636,2139.00000
3.47001,3.47362,3.47132,3.47066,3.47034,2.26490,2.26622,2.26260,2.26030,2.26326,1.05816,1.05224,1.05158,1.05323,1.05389,-50.90636,2140.00000
3.47198,3.47066,3.46770,3.47428,3.47297,2.26227,2.26655,2.26458,2.26227,2.26162,1.05093,1.05158,1.05290,1.05717,1.05290,-50.72794,2141.00000
3.47198,3.46836,3.47461,3.47626,3.46935,2.26260,2.26260,2.26194,2.26227,2.26556,1.05553,1.05685,1.05093,1.05257,1.05389,-50.72794,2142.00000
3.47330,3.47658,3.46869,3.47264,3.46738,2.26523,2.25997,2.25997,2.26951,2.26162,1.05520,1.05487,1.05553,1.05323,1.05356,-50.83360,2143.00000
3.47823,3.47461,3.47395,3.46935,3.47527,2.26326,2.26425,2.26096,2.26458,2.26392,1.05257,1.05487,1.05257,1.05520,1.05257,-50.83360,2144.00000
3.46672,3.46935,3.47001,3.47297,3.47560,2.26589,2.26589,2.26458,2.26490,2.26523,1.05290,1.05454,1.05454,1.05290,1.05454,-50.62735,2145.00000
3.47691,3.47494,3.47132,3.47362,3.47560,2.26194,2.26260,2.26819,2.26589,2.26392,1.05356,1.05125,1.05356,1.05027,1.05389,-50.62735,2146.00000
3.47099,3.47099,3.47132,3.47231,3.47626,2.26063,2.25964,2.26096,2.25898,2.26227,1.05487,1.05323,1.05685,1.04961,1.04994,-50.39219,2147.00000
3.47231,3.47132,3.47231,3.46935,3.47198,2.26260,2.26194,2.26786,2.25997,2.26293,1.05586,1.05224,1.05685,1.05356,1.05356,-50.39219,2148.00000
3.46968,3.47198,3.46902,3.47264,3.47132,2.26392,2.25833,2.26523,2.25964,2.26490,1.05487,1.05389,1.05323,1.05553,1.05224,-50.72695,2149.00000
3.47330,3.47165,3.47494,3.46902,3.46968,2.26359,2.26326,2.25767,2.26260,2.26293,1.05849,1.05290,1.05915,1.05586,1.05323,-50.72695,2150.00000
3.46902,3.47593,3.46869,3.46639,3.46935,2.26063,2.25570,2.26556,2.26227,2.25898,1.05586,1.05520,1.05356,1.05191,1.05454,-50.74017,2151.00000
3.46639,3.47527,3.47626,3.46770,3.47297,2.26227,2.26030,2.26523,2.26589,2.26490,1.05652,1.05421,1.05454,1.05553,1.05257,-50.74017,2152.00000
3.46836,3.46869,3.46672,3.47198,3.46803,2.26392,2.25964,2.26490,2.26096,2.26523,1.05520,1.05454,1.05553,1.05750,1.05520,-50.54228,2153.00000
3.47626,3.47297,3.46935,3.46738,3.46968,2.26260,2.26392,2.26227,2.26951,2.26458,1.05125,1.05421,1.05685,1.05356,1.05093,-50.54228,2154.00000
3.47198,3.47560,3.47165,3.46803,3.47428,2.26589,2.26523,2.26063,2.26392,2.26556,1.05553,1.05553,1.05323,1.05816,1.05290,-49.97252,2155.00000
3.47066,3.47165,3.46738,3.47330,3.46836,2.26425,2.25931,2.26293,2.26129,2.26523,1.05125,1.05224,1.05454,1.05586,1.05290,-49.97252,2156.00000
3.47362,3.47297,3.46474,3.47198,3.47034,2.26425,2.26227,2.26359,2.26293,2.26359,1.05257,1.05290,1.05224,1.05257,1.05356,-50.21117,2157.00000
3.46606,3.47264,3.46672,3.47297,3.47034,2.26129,2.26063,2.26523,2.26293,2.26194,1.05619,1.05487,1.05158,1.05290,1.05323,-50.21117,2158.00000
3.47001,3.47001,3.47231,3.47198,3.47560,2.26425,2.26951,2.26129,2.26458,2.26688,1.05290,1.05257,1.05553,1.05487,1.05257,-50.11311,2159.00000
3.46902,3.47099,3.47264,3.47264,3.47428,2.26359,2.26260,2.26293,2.25734,2.26063,1.05487,1.05257,1.05421,1.05421,1.05553,-50.11311,2160.00000
3.47428,3.47428,3.47132,3.47593,3.47593,2.26162,2.26260,2.26129,2.26096,2.26260,1.05454,1.05290,1.05454,1.05356,1.04994,-50.10959,2161.00000
3.47231,3.46902,3.46902,3.47691,3.47494,2.26721,2.26556,2.26721,2.26556,2.26227,1.05356,1.05323,1.05290,1.05356,1.05356,-50.10959,2162.00000
3.47658,3.47494,3.47001,3.47231,3.47001,2.26260,2.26293,2.26359,2.26096,2.26721,1.05421,1.05125,1.05191,1.05487,1.05454,-50.72410,2163.00000
3.47658,3.46968,3.47264,3.47066,3.47527,2.26655,2.26622,2.26260,2.26063,2.26030,1.05060,1.05323,1.05454,1.05093,1.05356,-50.72410,2164.00000
3.46968,3.46639,3.47428,3.47461,3.47198,2.26326,2.26194,2.26885,2.26359,2.26458,1.05191,1.05389,1.05356,1.05191,1.05257,-50.29393,2165.00000
3.47034,3.47593,3.47297,3.47626,3.46968,2.26589,2.26129,2.25833,2.26359,2.26523,1.05224,1.05191,1.04698,1.05257,1.05783,-50.29393,2166.00000
3.47231,3.47790,3.46606,3.47560,3.46935,2.26622,2.26162,2.26425,2.26096,2.26425,1.05158,1.05356,1.05290,1.04961,1.05290,-50.40917,2167.00000
3.46836,3.47297,3.47428,3.47099,3.46902,2.26589,2.26458,2.26556,2.26260,2.26425,1.05158,1.05356,1.05421,1.05224,1.05356,-50.40917,2168.00000
3.47297,3.47560,3.47066,3.47889,3.47362,2.26622,2.26030,2.26260,2.26359,2.26425,1.05389,1.05487,1.05356,1.05323,1.05093,-50.21093,2169.00000
3.47461,3.46935,3.47856,3.47297,3.47494,2.26096,2.26885,2.26490,2.26359,2.26063,1.04961,1.05158,1.05553,1.05389,1.05060,-50.21093,2170.00000
3.46639,3.47494,3.46902,3.46705,3.47560,2.26096,2.25997,2.26425,2.26458,2.25997,1.05454,1.05553,1.05060,1.05158,1.05060,-50.07226,2171.00000
3.47330,3.47231,3.47658,3.47691,3.47428,2.25602,2.26359,2.26359,2.26523,2.25964,1.04797,1.05520,1.05389,1.05619,1.05125,-50.07226,2172.00000
3.47297,3.47099,3.46869,3.46902,3.47034,2.26589,2.26392,2.26359,2.25964,2.26458,1.05356,1.05290,1.05454,1.05027,1.04928,-49.87728,2173.00000
3.47658,3.46968,3.47066,3.46803,3.47395,2.25767,2.25767,2.26622,2.25997,2.26392,1.05158,1.05191,1.05323,1.05356,1.05421,-49.87728,2174.00000
3.47165,3.47395,3.47231,3.47034,3.46935,2.25931,2.26655,2.25635,2.25866,2.26326,1.05290,1.04994,1.05323,1.05027,1.05027,-49.89703,2175.00000
3.47001,3.46573,3.47099,3.47231,3.47001,2.26655,2.26096,2.26359,2.26458,2.26260,1.05783,1.05356,1.05060,1.05257,1.05586,-49.89703,2176.00000
3.46770,3.46935,3.47132,3.47165,3.47362,2.26194,2.26129,2.26523,2.26260,2.26819,1.05454,1.05224,1.05421,1.05421,1.05060,-50.15433,2177.00000
3.46573,3.47231,3.47527,3.47001,3.46803,2.26754,2.26490,2.25866,2.26359,2.26162,1.05454,1.05553,1.05487,1.05323,1.05158,-50.15433,2178.00000
3.47461,3.47001,3.47560,3.47593,3.46902,2.26589,2.25931,2.26227,2.26260,2.26589,1.05158,1.04895,1.05290,1.05389,1.05487,-50.19241,2179.00000
3.46770,3.46902,3.46968,3.47198,3.46935,2.26162,2.26063,2.26293,2.26293,2.25964,1.05520,1.04928,1.05586,1.05487,1.05323,-50.19241,2180.00000
3.46672,3.47066,3.46705,3.47626,3.46639,2.26227,2.26523,2.26425,2.25898,2.26622,1.05323,1.05191,1.05191,1.05356,1.05619,-50.16896,2181.00000
3.47001,3.47461,3.47264,3.47165,3.47099,2.26194,2.26523,2.25898,2.26260,2.26260,1.05520,1.05093,1.05224,1.04895,1.05191,-50.16896,2182.00000
3.47165,3.47034,3.47428,3.47231,3.47330,2.26622,2.26162,2.26655,2.26293,2.26227,1.05356,1.05290,1.05553,1.05158,1.05454,-50.81577,2183.00000
3.47527,3.47264,3.47330,3.46738,3.46770,2.25734,2.26523,2.26523,2.26063,2.26786,1.05389,1.05454,1.05487,1.05093,1.05619,-50.81577,2184.00000
3.47362,3.46902,3.46639,3.46935,3.46705,2.26260,2.26523,2.26293,2.26556,2.26951,1.05356,1.05389,1.05487,1.05093,1.05454,-50.58616,2185.00000
3.47297,3.47066,3.46672,3.46803,3.46902,2.26392,2.26030,2.25570,2.26030,2.26293,1.05323,1.05323,1.05323,1.05290,1.05290,-50.58616,2186.00000
3.47231,3.47099,3.47494,3.46705,3.46836,2.25767,2.26194,2.26260,2.26392,2.26162,1.05454,1.05060,1.04928,1.05323,1.05685,-50.30451,2187.00000
3.47165,3.46869,3.46573,3.46803,3.47297,2.25931,2.26885,2.26786,2.26425,2.26326,1.05027,1.05027,1.05586,1.05224,1.05191,-50.30451,2188.00000
3.47593,3.47034,3.47099,3.46507,3.47560,2.26359,2.26293,2.26425,2.26392,2.26622,1.05027,1.05717,1.05356,1.05487,1.05191,-50.74012,2189.00000
3.47264,3.47264,3.46639,3.47395,3.46639,2.26096,2.25931,2.26326,2.26392,2.26194,1.05191,1.05783,1.05454,1.05487,1.05224,-50.74012,2190.00000
3.46902,3.47297,3.47264,3.46902,3.46606,2.26458,2.26227,2.25997,2.26096,2.25997,1.05323,1.05093,1.05356,1.05520,1.05454,-50.73918,2191.00000
3.47757,3.47001,3.46968,3.47198,3.47362,2.25997,2.25997,2.26063,2.26326,2.26194,1.05224,1.05125,1.05586,1.05224,1.05060,-50.73918,2192.00000
3.46770,3.46705,3.46770,3.46902,3.46869,2.26392,2.25866,2.26227,2.26162,2.26260,1.05290,1.05520,1.05750,1.04994,1.05191,-50.29096,2193.00000
3.46968,3.47066,3.46935,3.47198,3.46935,2.26556,2.26096,2.25866,2.26819,2.26194,1.05224,1.05257,1.05257,1.05454,1.05158,-50.29096,2194.00000
3.47691,3.47362,3.46869,3.46836,3.46968,2.26063,2.26392,2.26425,2.26293,2.25898,1.05027,1.05257,1.05191,1.05257,1.05027,-50.49508,2195.00000
3.46672,3.47593,3.47099,3.47132,3.46705,2.25964,2.26359,2.25931,2.26754,2.26293,1.05356,1.05093,1.05553,1.05093,1.05553,-50.49508,2196.00000
3.46869,3.47231,3.46672,3.46902,3.46211,2.26523,2.25997,2.26129,2.26162,2.25931,1.05520,1.05421,1.05487,1.05290,1.05421,-50.45864,2197.00000
3.47066,3.47658,3.47362,3.47198,3.46869,2.26293,2.26260,2.26293,2.25964,2.26293,1.05060,1.05323,1.05553,1.05191,1.05093,-50.45864,2198.00000
3.47231,3.46869,3.47593,3.46310,3.47362,2.26392,2.26260,2.26326,2.25997,2.25734,1.05717,1.05290,1.05421,1.05027,1.05125,-50.82659,2199.00000
3.47560,3.47330,3.46705,3.46869,3.46770,2.26425,2.26063,2.26589,2.26425,2.26556,1.05224,1.04829,1.05191,1.04928,1.05224,-50.82659,2200.00000
3.48053,3.47297,3.47132,3.47231,3.46935,2.26293,2.26392,2.26688,2.26655,2.26392,1.05750,1.05421,1.05356,1.04829,1.05158,-50.58524,2201.00000
3.47198,3.47362,3.46705,3.47132,3.46474,2.26293,2.26293,2.26622,2.26096,2.26458,1.05290,1.05290,1.05027,1.05257,1.05158,-50.58524,2202.00000
3.47593,3.46672,3.46869,3.47395,3.47066,2.25767,2.26260,2.26326,2.26293,2.26260,1.05487,1.05191,1.04928,1.05158,1.04994,-50.44550,2203.00000
3.46869,3.46770,3.47264,3.46376,3.47132,2.26852,2.25931,2.26129,2.26359,2.26392,1.05224,1.05093,1.05060,1.05224,1.05454,-50.44550,2204.00000
3.46869,3.47066,3.47560,3.46935,3.47132,2.26162,2.26030,2.26523,2.26458,2.26852,1.05421,1.05619,1.05125,1.05060,1.05125,-50.24166,2205.00000
3.47132,3.47231,3.47494,3.46606,3.47198,2.26030,2.26293,2.26885,2.26655,2.26359,1.05356,1.05125,1.04764,1.05224,1.05191,-50.24166,2206.00000
3.46968,3.47264,3.47593,3.46968,3.47560,2.26622,2.27050,2.26162,2.26227,2.26556,1.05027,1.05191,1.05060,1.05125,1.05191,-49.92999,2207.00000
3.47757,3.46442,3.47198,3.47165,3.47626,2.26721,2.26227,2.26721,2.26162,2.26490,1.05125,1.05356,1.05093,1.04994,1.05389,-49.92999,2208.00000
3.46935,3.47132,3.46869,3.47428,3.47461,2.26589,2.26359,2.26260,2.27050,2.26260,1.05027,1.05125,1.05257,1.05323,1.05027,-49.35925,2209.00000
3.47330,3.47297,3.47132,3.46902,3.47066,2.26227,2.26326,2.26162,2.26721,2.26392,1.05093,1.05323,1.05290,1.05027,1.05093,-49.35925,2210.00000
3.47099,3.46869,3.47132,3.46442,3.47395,2.26194,2.26458,2.26162,2.26260,2.26490,1.05093,1.04961,1.05060,1.05356,1.05389,-49.97160,2211.00000
3.47560,3.47626,3.47001,3.47001,3.46573,2.26458,2.26819,2.26293,2.25997,2.25833,1.05158,1.05816,1.04797,1.05389,1.05389,-49.97160,2212.00000
3.46869,3.46968,3.46968,3.47001,3.47066,2.26721,2.26293,2.26293,2.26227,2.26688,1.05224,1.05454,1.05323,1.05356,1.05553,-50.16173,2213.00000
3.46902,3.47231,3.46738,3.46639,3.47560,2.26556,2.26490,2.26589,2.26458,2.26194,1.05257,1.05257,1.05191,1.05553,1.05158,-50.16173,2214.00000
3.46770,3.47198,3.46639,3.46803,3.47790,2.26162,2.26359,2.26655,2.26852,2.26655,1.05389,1.05027,1.05290,1.05158,1.05454,-50.48380,2215.00000
3.47527,3.47165,3.47132,3.47099,3.47428,2.26162,2.26162,2.26194,2.26260,2.26425,1.05389,1.05158,1.05356,1.05421,1.05750,-50.48380,2216.00000
3.46869,3.47428,3.46442,3.47066,3.46672,2.26458,2.26490,2.26556,2.26490,2.26096,1.05191,1.05652,1.05487,1.05685,1.05356,-50.28835,2217.00000
3.47198,3.47461,3.46968,3.47658,3.47560,2.26589,2.26326,2.26622,2.26227,2.26096,1.05717,1.05125,1.05356,1.05356,1.05027,-50.28835,2218.00000
3.46770,3.47790,3.47034,3.47034,3.47330,2.26260,2.26293,2.25997,2.26490,2.26063,1.05323,1.05191,1.05191,1.05224,1.05619,-50.82537,2219.00000
3.47264,3.47297,3.47494,3.46935,3.47527,2.26721,2.26622,2.26754,2.26063,2.26786,1.05389,1.05717,1.05487,1.05652,1.05389,-50.82537,2220.00000
3.47034,3.47066,3.47461,3.46705,3.47626,2.26392,2.26458,2.26655,2.26162,2.26194,1.04994,1.05783,1.05224,1.05224,1.05060,-50.49654,2221.00000
3.47297,3.47395,3.46902,3.47593,3.47132,2.26162,2.26425,2.27115,2.26260,2.26622,1.05389,1.05487,1.05454,1.05191,1.05290,-50.49654,2222.00000
3.47066,3.46902,3.46935,3.47231,3.47165,2.25931,2.26162,2.26589,2.26885,2.26425,1.05520,1.05619,1.05520,1.05586,1.05421,-50.43682,2223.00000
3.47165,3.47231,3.47362,3.47132,3.47099,2.26162,2.26392,2.26260,2.26490,2.26129,1.05487,1.05257,1.05323,1.05125,1.05652,-50.43682,2224.00000
3.47034,3.46869,3.46836,3.47461,3.46672,2.26162,2.26425,2.26096,2.26458,2.26655,1.05520,1.05224,1.05487,1.05487,1.05027,-50.10892,2225.00000
3.46738,3.47428,3.46836,3.47889,3.47066,2.26523,2.26458,2.26655,2.26885,2.26359,1.05685,1.05454,1.05323,1.05389,1.05586,-50.10892,2226.00000
3.46803,3.47099,3.47165,3.48218,3.47165,2.26556,2.25964,2.26359,2.26819,2.26556,1.04797,1.05224,1.04895,1.05717,1.05421,-50.38674,2227.00000
3.47264,3.47198,3.47527,3.46738,3.47099,2.26260,2.26359,2.26162,2.26556,2.25898,1.04994,1.05454,1.04764,1.05421,1.05290,-50.38674,2228.00000
3.47165,3.46573,3.47034,3.46935,3.47395,2.26293,2.26096,2.26622,2.26425,2.26589,1.05125,1.05224,1.05454,1.05257,1.05389,-50.25946,2229.00000
3.47066,3.47264,3.47395,3.47165,3.47066,2.26490,2.26556,2.26523,2.26754,2.26622,1.04994,1.05652,1.05389,1.05224,1.05356,-50.25946,2230.00000
3.47330,3.47165,3.47198,3.46968,3.47330,2.26129,2.26293,2.26227,2.26359,2.26326,1.05257,1.05323,1.05586,1.05290,1.05290,-49.93371,2231.00000
3.46968,3.47198,3.47066,3.47494,3.47297,2.26688,2.26359,2.26721,2.25898,2.26194,1.05290,1.05586,1.05257,1.05093,1.05191,-49.93371,2232.00000
3.47823,3.46935,3.47395,3.47034,3.47198,2.25898,2.26885,2.26293,2.26984,2.26425,1.05421,1.05027,1.05520,1.05356,1.05257,-49.80281,2233.00000
3.46902,3.46968,3.46770,3.47132,3.47231,2.26359,2.26622,2.25931,2.26392,2.26688,1.05290,1.05454,1.05454,1.05421,1.05356,-49.80281,2234.00000
3.47066,3.47198,3.47001,3.47691,3.47297,2.26030,2.26754,2.26523,2.26359,2.25964,1.05356,1.05356,1.05323,1.05487,1.05290,-49.61952,2235.00000
3.47494,3.47395,3.47231,3.47691,3.47231,2.26458,2.26589,2.26655,2.26721,2.26260,1.05257,1.05520,1.05389,1.05389,1.05553,-49.61952,2236.00000
3.47626,3.46474,3.47560,3.47198,3.47165,2.26260,2.26589,2.26556,2.26359,2.26655,1.05487,1.05685,1.05257,1.05290,1.05389,-49.53313,2237.00000
3.46672,3.47593,3.47297,3.47362,3.47395,2.26293,2.26326,2.26819,2.26622,2.26194,1.05421,1.05750,1.05454,1.05586,1.05487,-49.53313,2238.00000
3.47066,3.47395,3.46211,3.47297,3.47165,2.26523,2.26293,2.26622,2.26721,2.26425,1.05257,1.05520,1.05454,1.05487,1.05652,-49.57808,2239.00000
3.46803,3.46902,3.47264,3.46573,3.47823,2.26458,2.26984,2.26786,2.26260,2.26392,1.05421,1.05191,1.05487,1.05520,1.05125,-49.57808,2240.00000
3.47297,3.47231,3.47198,3.47165,3.47066,2.26622,2.26293,2.26655,2.26622,2.26096,1.05750,1.05487,1.05487,1.05224,1.05586,-49.67803,2241.00000
3.47264,3.47264,3.47198,3.47362,3.47132,2.26293,2.26359,2.26556,2.26458,2.26556,1.05454,1.05191,1.05125,1.05421,1.05125,-49.67803,2242.00000
3.47231,3.47494,3.47099,3.47428,3.47165,2.26556,2.26918,2.26293,2.26885,2.26556,1.05487,1.05125,1.05224,1.05191,1.05487,-49.39473,2243.00000
3.47132,3.46935,3.47362,3.47001,3.47428,2.25997,2.26622,2.26359,2.26655,2.26063,1.05191,1.05487,1.05586,1.05717,1.05060,-49.39473,2244.00000
3.47428,3.46935,3.47658,3.47527,3.46770,2.26359,2.26359,2.25833,2.26754,2.26458,1.05586,1.05093,1.05290,1.05849,1.05454,-49.75273,2245.00000
3.47626,3.47132,3.47297,3.47165,3.47330,2.26556,2.25997,2.26622,2.26786,2.26293,1.05323,1.04961,1.05454,1.05356,1.05290,-49.75273,2246.00000
3.47856,3.47099,3.46836,3.46869,3.47034,2.26688,2.26392,2.26688,2.26852,2.26556,1.05158,1.05191,1.05783,1.05487,1.05356,-49.32897,2247.00000
3.46935,3.47362,3.47099,3.47461,3.46803,2.26425,2.26129,2.26655,2.26589,2.26030,1.04994,1.05290,1.05586,1.05323,1.05356,-49.32897,2248.00000
3.47593,3.47362,3.47297,3.47132,3.46935,2.25898,2.26129,2.26326,2.26688,2.25833,1.05421,1.05487,1.05224,1.05652,1.05915,-48.41170,2249.00000
3.47395,3.46869,3.46935,3.46836,3.47362,2.26063,2.26754,2.26227,2.26227,2.26425,1.05520,1.05553,1.05586,1.05356,1.05093,-48.41170,2250.00000
3.47165,3.46935,3.47231,3.46803,3.47132,2.26885,2.26392,2.26852,2.26326,2.26556,1.05158,1.05520,1.05520,1.05717,1.05487,-47.55441,2251.00000
3.47494,3.46968,3.47099,3.46540,3.47527,2.27082,2.26556,2.26589,2.26523,2.26260,1.05421,1.05356,1.05158,1.05125,1.05323,-47.55441,2252.00000
3.47297,3.47099,3.47494,3.46836,3.47231,2.26622,2.26556,2.26227,2.26359,2.26129,1.05060,1.05454,1.05619,1.05487,1.05125,-44.84259,2253.00000
3.46935,3.47264,3.47198,3.47264,3.47330,2.26129,2.26918,2.26918,2.26786,2.26162,1.05158,1.04994,1.05553,1.05356,1.05619,-44.84259,2254.00000
3.47034,3.47264,3.46705,3.47362,3.47527,2.26425,2.26129,2.26458,2.26359,2.25997,1.05389,1.05093,1.05093,1.05224,1.05454,-44.14799,2255.00000
3.47494,3.47066,3.46803,3.46869,3.46902,2.25964,2.26523,2.26129,2.26194,2.26622,1.04797,1.05323,1.05421,1.05421,1.05158,-44.14799,2256.00000
3.46836,3.47461,3.47330,3.47362,3.46968,2.26227,2.26721,2.26194,2.26194,2.26162,1.04994,1.05389,1.04797,1.05191,1.05454,-44.19274,2257.00000
3.47395,3.47362,3.46968,3.47330,3.46639,2.26096,2.26523,2.26589,2.26490,2.26392,1.05125,1.05027,1.05454,1.05389,1.05290,-44.19274,2258.00000
3.47560,3.47362,3.47165,3.47231,3.46968,2.25898,2.26622,2.26425,2.26655,2.26523,1.04994,1.05586,1.05487,1.05158,1.04961,-44.93057,2259.00000
3.46606,3.47428,3.47264,3.46606,3.46869,2.26392,2.26425,2.25997,2.26129,2.26425,1.05191,1.05191,1.04764,1.05454,1.05191,-44.93057,2260.00000
3.47132,3.47001,3.47099,3.46803,3.47428,2.26129,2.26227,2.26326,2.26688,2.26096,1.05125,1.04665,1.04599,1.05060,1.04928,-45.52338,2261.00000
3.47034,3.47527,3.47231,3.47132,3.46836,2.26063,2.26458,2.26754,2.26359,2.26293,1.05257,1.05224,1.05783,1.05257,1.05290,-45.52338,2262.00000
3.46639,3.47231,3.47034,3.46935,3.47034,2.25898,2.26490,2.26227,2.26293,2.26458,1.05158,1.05191,1.04862,1.04961,1.04928,-46.46383,2263.00000
3.47560,3.46738,3.46968,3.46935,3.46836,2.26293,2.26490,2.25931,2.26458,2.26556,1.05191,1.05685,1.05553,1.05323,1.05093,-46.46383,2264.00000
3.47001,3.46836,3.46869,3.47198,3.47099,2.26754,2.26490,2.26194,2.26392,2.26194,1.05290,1.05224,1.05191,1.05224,1.05389,-46.88572,2265.00000
3.47132,3.46935,3.46836,3.46902,3.47297,2.26359,2.26885,2.26392,2.26490,2.26425,1.05520,1.05487,1.05487,1.05520,1.05421,-46.88572,2266.00000
3.47165,3.47034,3.47922,3.46738,3.47165,2.26030,2.26162,2.26655,2.26096,2.26721,1.05520,1.05389,1.05783,1.05816,1.05356,-47.19790,2267.00000
3.47198,3.46540,3.47198,3.46705,3.47001,2.26293,2.26129,2.26194,2.26359,2.26392,1.05619,1.05882,1.05816,1.05323,1.05783,-47.19790,2268.00000
3.46869,3.47165,3.47428,3.47231,3.47001,2.25964,2.26194,2.26392,2.25964,2.26425,1.05685,1.05487,1.05421,1.05750,1.05619,-47.66481,2269.00000
3.47066,3.46770,3.47099,3.47527,3.47658,2.26260,2.26589,2.27050,2.26754,2.26227,1.05619,1.05257,1.05619,1.05487,1.05125,-47.72381,2270.00000
3.47099,3.46869,3.47461,3.47066,3.47330,2.26392,2.26688,2.26688,2.26096,2.26556,1.05520,1.05553,1.05586,1.05454,1.05553,-47.72381,2271.00000
3.47001,3.46639,3.46770,3.47001,3.46968,2.26063,2.26293,2.26293,2.26852,2.26162,1.05421,1.05553,1.05389,1.05389,1.05027,-47.72381,2272.00000
3.46836,3.46902,3.47034,3.47593,3.47034,2.26162,2.26721,2.26326,2.26688,2.26556,1.05323,1.05454,1.05125,1.05224,1.05356,-48.45487,2273.00000
3.46836,3.46540,3.46803,3.46902,3.47165,2.26523,2.26392,2.26359,2.26359,2.26260,1.05290,1.05520,1.04829,1.05323,1.05356,-48.45487,2274.00000
3.47165,3.47264,3.46639,3.46869,3.47297,2.26096,2.26194,2.26227,2.26359,2.26523,1.05454,1.05060,1.05191,1.05487,1.05356,-48.85923,2275.00000
3.47297,3.46738,3.46770,3.46869,3.47034,2.26589,2.26918,2.26556,2.26359,2.26162,1.05224,1.05158,1.05093,1.05257,1.05060,-48.85923,2276.00000
3.46672,3.46672,3.47066,3.47395,3.46211,2.26260,2.26162,2.26556,2.26556,2.26227,1.05520,1.05454,1.05323,1.05224,1.04961,-49.35993,2277.00000
3.46803,3.46803,3.46770,3.46770,3.47461,2.26556,2.26622,2.26359,2.26556,2.26589,1.05125,1.05257,1.05586,1.05224,1.05060,-49.52609,2278.00000
3.47560,3.46902,3.47560,3.46376,3.47132,2.26425,2.26063,2.25931,2.26326,2.25833,1.05290,1.05224,1.04797,1.04994,1.05224,-49.52609,2279.00000
3.46507,3.46902,3.47034,3.47461,3.47231,2.26063,2.26754,2.26721,2.26030,2.26227,1.05191,1.05290,1.05093,1.05454,1.04829,-49.52609,2280.00000
3.46474,3.47132,3.47527,3.47132,3.47066,2.26293,2.26523,2.26260,2.26622,2.26392,1.05125,1.04764,1.05060,1.05158,1.04895,-49.52293,2281.00000
3.46705,3.47066,3.47297,3.47132,3.46014,2.26655,2.26359,2.26194,2.26622,2.26490,1.04994,1.05158,1.05356,1.04895,1.04797,-49.59080,2282.00000
3.46672,3.46935,3.47461,3.46738,3.47494,2.26721,2.26556,2.26030,2.26490,2.26622,1.05356,1.05191,1.05191,1.05224,1.05224,-49.59080,2283.00000
3.46672,3.46803,3.46474,3.47198,3.47395,2.26129,2.26688,2.26162,2.26589,2.25964,1.05520,1.05027,1.05158,1.04862,1.05290,-49.59080,2284.00000
3.47165,3.46738,3.46902,3.46738,3.46672,2.26359,2.26984,2.26063,2.25800,2.26425,1.05487,1.05257,1.05060,1.05652,1.05191,-49.47330,2285.00000
3.47165,3.47231,3.46738,3.47362,3.46836,2.26490,2.26490,2.26227,2.26096,2.25734,1.05257,1.05290,1.04665,1.05257,1.05191,-49.47330,2286.00000
3.47264,3.46836,3.47264,3.46869,3.47297,2.26490,2.26490,2.26458,2.26260,2.26162,1.05060,1.05158,1.05389,1.05257,1.05356,-49.79047,2287.00000
3.46836,3.47790,3.46672,3.46836,3.46935,2.25931,2.26392,2.25964,2.26359,2.26293,1.04829,1.05323,1.05290,1.05093,1.05290,-49.79047,2288.00000
3.47823,3.46672,3.47066,3.47494,3.47297,2.26293,2.26951,2.26392,2.26326,2.26227,1.05191,1.04994,1.05224,1.05257,1.05027,-49.93355,2289.00000
3.46672,3.47527,3.46902,3.47658,3.47231,2.26392,2.26622,2.26786,2.26556,2.26523,1.05454,1.05487,1.05323,1.05224,1.05093,-49.93355,2290.00000
3.47001,3.47001,3.47330,3.47395,3.46705,2.25997,2.26392,2.26063,2.26655,2.26359,1.05290,1.05060,1.05290,1.05389,1.05060,-49.84991,2291.00000
3.47461,3.48020,3.47198,3.46343,3.47231,2.26754,2.26458,2.26063,2.26030,2.26754,1.05224,1.05619,1.05191,1.05586,1.05454,-49.84991,2292.00000
3.47428,3.47297,3.47691,3.47362,3.47362,2.26852,2.26819,2.25734,2.26556,2.26786,1.05125,1.05553,1.05619,1.05454,1.05553,-49.18054,2293.00000
3.47264,3.47626,3.46869,3.47428,3.47330,2.26458,2.26622,2.26162,2.26392,2.26326,1.05257,1.05487,1.05356,1.05389,1.05356,-49.18054,2294.00000
3.48086,3.47198,3.47034,3.48152,3.47066,2.26293,2.26359,2.26819,2.26227,2.26359,1.05487,1.05158,1.05158,1.05356,1.05224,-49.42928,2295.00000
3.47428,3.47362,3.47658,3.47757,3.47362,2.26589,2.26589,2.26984,2.26951,2.26227,1.05125,1.05487,1.05586,1.05421,1.05783,-49.42928,2296.00000
3.47198,3.47889,3.47330,3.47297,3.47626,2.26688,2.26326,2.26392,2.26754,2.26655,1.05257,1.05520,1.05454,1.05290,1.05487,-49.01079,2297.00000
3.47494,3.47330,3.47362,3.47264,3.48119,2.26293,2.26326,2.26194,2.27082,2.26885,1.05487,1.05685,1.05816,1.05224,1.05553,-49.01079,2298.00000
3.47790,3.47494,3.47691,3.47560,3.47428,2.26260,2.26260,2.26326,2.26556,2.26392,1.05224,1.05356,1.05356,1.05257,1.05586,-48.73669,2299.00000
3.47395,3.47494,3.47099,3.47461,3.47856,2.26359,2.26688,2.26458,2.26260,2.26326,1.05421,1.05224,1.05717,1.05323,1.05520,-48.73669,2300.00000
3.47527,3.47231,3.47494,3.47626,3.47494,2.26984,2.26490,2.26392,2.26490,2.26852,1.05323,1.05685,1.05750,1.05093,1.05191,-47.73038,2301.00000
3.47527,3.47790,3.47231,3.47560,3.47231,2.26754,2.26721,2.26852,2.26392,2.26458,1.05586,1.05027,1.05257,1.05520,1.05421,-47.73038,2302.00000
3.47066,3.47560,3.47527,3.47165,3.47757,2.26556,2.25833,2.26589,2.26194,2.26458,1.05454,1.05619,1.05816,1.05060,1.05389,-45.24148,2303.00000
3.47626,3.47231,3.47691,3.47922,3.46869,2.26392,2.26688,2.26655,2.26162,2.26556,1.05750,1.05158,1.05323,1.05487,1.05356,-45.24148,2304.00000
3.47362,3.47889,3.47132,3.47330,3.47330,2.26622,2.26852,2.26556,2.26425,2.26885,1.05520,1.05290,1.05652,1.05586,1.05487,-45.51906,2305.00000
3.47790,3.47362,3.47757,3.47691,3.47757,2.25800,2.26490,2.26721,2.26852,2.26589,1.05454,1.05323,1.05389,1.05553,1.04994,-45.51906,2306.00000
3.47297,3.47264,3.47297,3.47461,3.47560,2.26754,2.26326,2.26162,2.26819,2.26490,1.05389,1.05389,1.05290,1.05520,1.05553,-45.83269,2307.00000
3.47395,3.47066,3.47527,3.47395,3.47527,2.26918,2.26852,2.26589,2.26227,2.27181,1.05191,1.05487,1.05487,1.05060,1.05520,-45.83269,2308.00000
3.47461,3.47626,3.47823,3.47428,3.47724,2.26786,2.27115,2.26984,2.26129,2.26885,1.05750,1.05257,1.05421,1.05487,1.05520,-46.70584,2309.00000
3.47823,3.47626,3.47823,3.47790,3.47691,2.26392,2.26754,2.26392,2.27181,2.26754,1.05323,1.05060,1.05487,1.05389,1.05652,-46.70584,2310.00000
3.47790,3.47658,3.47330,3.47330,3.48119,2.26458,2.27017,2.26622,2.26556,2.26490,1.05093,1.05421,1.05191,1.05158,1.05257,-46.92336,2311.00000
3.47264,3.47691,3.47626,3.48020,3.47560,2.26885,2.26819,2.26490,2.26754,2.26819,1.05323,1.05356,1.05356,1.05093,1.05487,-47.68686,2312.00000
3.47724,3.47691,3.47823,3.47724,3.47560,2.26885,2.26951,2.26655,2.26786,2.26984,1.05389,1.05586,1.05882,1.05389,1.05356,-47.68686,2313.00000
3.47099,3.47132,3.47494,3.47264,3.47362,2.27148,2.26655,2.26556,2.25833,2.26984,1.05553,1.05487,1.05323,1.05520,1.05652,-47.68686,2314.00000
3.48251,3.47987,3.48020,3.47593,3.47395,2.26721,2.26655,2.26754,2.26655,2.26786,1.05421,1.05356,1.05586,1.05356,1.05356,-47.90778,2315.00000
3.47955,3.47461,3.47790,3.47231,3.48218,2.26655,2.26622,2.26392,2.26852,2.26622,1.05224,1.05586,1.05191,1.05454,1.05224,-47.90778,2316.00000
3.47198,3.48053,3.47494,3.47955,3.47066,2.27017,2.26556,2.26918,2.26194,2.26655,1.04994,1.05257,1.05290,1.05619,1.05454,-47.72302,2317.00000
3.47691,3.47626,3.47790,3.47658,3.47527,2.26326,2.26918,2.26523,2.26655,2.26688,1.05487,1.05356,1.05454,1.04961,1.05290,-47.72302,2318.00000
3.47066,3.47757,3.47593,3.47560,3.48119,2.27050,2.26622,2.27082,2.26359,2.26655,1.05257,1.05487,1.05652,1.05553,1.05520,-47.79517,2319.00000
3.47198,3.47099,3.47955,3.48119,3.47691,2.27017,2.26786,2.27017,2.26425,2.26819,1.05389,1.05421,1.05487,1.05487,1.05290,-47.79517,2320.00000
3.47560,3.47034,3.47922,3.47724,3.47987,2.27313,2.26951,2.26721,2.26622,2.27148,1.05158,1.05257,1.05093,1.05421,1.05421,-48.09880,2321.00000
3.47264,3.47724,3.47626,3.47724,3.47560,2.26556,2.26688,2.27017,2.26655,2.26688,1.05323,1.04961,1.05520,1.05290,1.05454,-48.09880,2322.00000
3.48251,3.47593,3.47691,3.47066,3.47955,2.26754,2.26458,2.27313,2.26984,2.27115,1.05323,1.05619,1.04895,1.05323,1.05520,-48.29633,2323.00000
3.47823,3.47691,3.47658,3.47955,3.47362,2.26622,2.27050,2.26458,2.26984,2.26918,1.05060,1.05125,1.05553,1.05125,1.05158,-48.29633,2324.00000
3.47461,3.47922,3.47362,3.47922,3.47362,2.26918,2.26852,2.26819,2.27346,2.27181,1.04961,1.05421,1.05224,1.05685,1.05421,-48.67054,2325.00000
3.47790,3.47560,3.48415,3.47461,3.47889,2.26490,2.26786,2.26688,2.26688,2.26852,1.05487,1.05356,1.04961,1.05093,1.05191,-48.67054,2326.00000
3.47626,3.47658,3.47691,3.48119,3.47428,2.27115,2.26622,2.26523,2.26589,2.26194,1.05125,1.05421,1.05421,1.05158,1.05323,-49.05835,2327.00000
3.48349,3.47922,3.48283,3.48349,3.47790,2.26655,2.27411,2.26885,2.27181,2.26852,1.05389,1.05191,1.05257,1.05323,1.05652,-49.05835,2328.00000
3.46639,3.48382,3.47494,3.47724,3.47889,2.26458,2.26819,2.26589,2.26622,2.26951,1.05290,1.05060,1.04566,1.05520,1.05685,-49.25993,2329.00000
3.47099,3.47395,3.47922,3.47264,3.48020,2.26589,2.26786,2.27017,2.26655,2.26754,1.05257,1.04895,1.04895,1.05257,1.05191,-49.25993,2330.00000
3.48020,3.48349,3.47428,3.48283,3.48053,2.26655,2.26293,2.27017,2.26852,2.26721,1.05158,1.05421,1.05421,1.04928,1.05191,-49.83702,2331.00000
3.48119,3.47922,3.47362,3.47724,3.47922,2.26786,2.26754,2.27346,2.26622,2.26852,1.05487,1.05323,1.05224,1.04994,1.05323,-49.83702,2332.00000
3.48053,3.48086,3.48020,3.48086,3.48218,2.27181,2.26918,2.26819,2.26918,2.26786,1.05290,1.05191,1.05125,1.05093,1.05125,-49.70255,2333.00000
3.48152,3.47691,3.47527,3.48053,3.47066,2.26556,2.27378,2.26655,2.26984,2.27477,1.05454,1.05158,1.05520,1.05389,1.05487,-49.70255,2334.00000
3.47297,3.47626,3.48251,3.48185,3.47658,2.27280,2.26392,2.26918,2.26721,2.26951,1.05125,1.05487,1.05520,1.05290,1.05454,-49.35248,2335.00000
3.47790,3.48185,3.47330,3.48152,3.47461,2.26984,2.27378,2.27017,2.26523,2.27148,1.05125,1.05421,1.05093,1.05389,1.05093,-49.35248,2336.00000
3.48152,3.48283,3.47823,3.48053,3.47987,2.26655,2.27214,2.26655,2.26852,2.26721,1.05224,1.05191,1.05454,1.05158,1.05323,-49.35022,2337.00000
3.48547,3.47856,3.47790,3.48612,3.48218,2.27181,2.26754,2.26852,2.26852,2.27017,1.05191,1.05586,1.05191,1.05125,1.05158,-49.35022,2338.00000
3.48086,3.47297,3.47593,3.47691,3.47724,2.26721,2.27050,2.26951,2.26490,2.27017,1.05553,1.05224,1.05125,1.05257,1.05257,-48.87020,2339.00000
3.47790,3.48283,3.47428,3.48053,3.47198,2.27181,2.27214,2.26688,2.26885,2.26819,1.05717,1.05323,1.05356,1.05389,1.05224,-48.87020,2340.00000
3.48316,3.47658,3.48086,3.48185,3.47889,2.27346,2.26984,2.26786,2.27214,2.26786,1.05487,1.05257,1.05421,1.05553,1.05257,-49.03521,2341.00000
3.47494,3.47987,3.48152,3.47527,3.47757,2.26721,2.26852,2.26688,2.26458,2.26852,1.05323,1.04994,1.05454,1.05224,1.05454,-49.03521,2342.00000
3.47626,3.47461,3.48448,3.48119,3.47856,2.27280,2.27082,2.27378,2.26852,2.26819,1.05454,1.05257,1.05421,1.05290,1.05356,-49.34379,2343.00000
3.47922,3.47691,3.48316,3.47922,3.48020,2.26918,2.26819,2.27050,2.26951,2.26655,1.05356,1.05027,1.05290,1.05224,1.05257,-49.34379,2344.00000
3.47823,3.48612,3.47527,3.48283,3.47757,2.26721,2.27050,2.26589,2.26754,2.27050,1.05191,1.05421,1.05454,1.05454,1.05915,-49.42255,2345.00000
3.48316,3.47658,3.47658,3.47889,3.47987,2.26786,2.27115,2.26556,2.26852,2.26556,1.05553,1.04862,1.05421,1.05158,1.05619,-49.42255,2346.00000
3.47757,3.48415,3.47691,3.48086,3.48053,2.26951,2.26754,2.27247,2.26885,2.26819,1.05586,1.05257,1.05520,1.05093,1.05093,-49.63131,2347.00000
3.48185,3.47823,3.47593,3.47955,3.47724,2.27214,2.26754,2.26885,2.27214,2.26819,1.05060,1.05520,1.05356,1.05290,1.05257,-49.63131,2348.00000
3.47955,3.47297,3.47955,3.48152,3.48218,2.26852,2.26523,2.26688,2.26918,2.26885,1.05356,1.04764,1.05224,1.04994,1.05586,-49.82419,2349.00000
3.47889,3.47724,3.47922,3.48053,3.47560,2.26951,2.26556,2.27214,2.27214,2.26556,1.05389,1.05125,1.05421,1.05093,1.05191,-49.82419,2350.00000
3.47527,3.47658,3.47691,3.47856,3.47987,2.26951,2.26392,2.26754,2.26786,2.26786,1.05290,1.05093,1.05454,1.05487,1.04961,-49.22850,2351.00000
3.47757,3.47428,3.48053,3.46935,3.47560,2.26918,2.26885,2.26918,2.26852,2.26819,1.05323,1.05290,1.05191,1.05257,1.04862,-49.22850,2352.00000
3.47987,3.47330,3.47691,3.47724,3.47856,2.26326,2.26852,2.26852,2.26589,2.27082,1.05093,1.05520,1.05356,1.05158,1.05224,-49.74771,2353.00000
3.47527,3.48119,3.47790,3.47527,3.47790,2.26655,2.26885,2.26951,2.26885,2.26688,1.05454,1.04961,1.04994,1.04895,1.05257,-49.74771,2354.00000
3.47955,3.48053,3.47527,3.47099,3.48053,2.26425,2.26458,2.26885,2.26425,2.26688,1.05454,1.05191,1.04862,1.04928,1.04829,-50.42914,2355.00000
3.48185,3.48053,3.47395,3.47231,3.47527,2.26655,2.26721,2.26622,2.26655,2.26293,1.05389,1.05125,1.05454,1.05389,1.05125,-50.42914,2356.00000
3.47362,3.47165,3.47955,3.47527,3.47264,2.26984,2.26359,2.26754,2.27017,2.26622,1.05158,1.05093,1.04829,1.05389,1.05323,-50.16565,2357.00000
3.47626,3.47527,3.47823,3.47626,3.47198,2.26458,2.26425,2.26622,2.26523,2.26293,1.05323,1.05454,1.05356,1.05191,1.05224,-50.16565,2358.00000
3.47560,3.47724,3.47987,3.47527,3.47691,2.26556,2.26754,2.27017,2.26951,2.26490,1.05389,1.04895,1.05454,1.04961,1.05257,-49.89884,2359.00000
3.47889,3.47461,3.48349,3.47922,3.47560,2.26392,2.26951,2.26721,2.26852,2.26458,1.05290,1.05323,1.05060,1.05125,1.05487,-49.89884,2360.00000
3.47461,3.47297,3.47790,3.47560,3.47395,2.25866,2.26326,2.26754,2.26425,2.26359,1.05224,1.05060,1.05060,1.05356,1.04928,-49.79910,2361.00000
3.47757,3.47395,3.47362,3.47297,3.47527,2.26918,2.26721,2.26392,2.26688,2.26589,1.05060,1.05323,1.05191,1.05389,1.05191,-49.79910,2362.00000
3.47297,3.47165,3.47658,3.47955,3.47527,2.26326,2.26425,2.26754,2.26754,2.26490,1.05191,1.05093,1.05586,1.05323,1.05454,-49.72121,2363.00000
3.47132,3.47297,3.47132,3.47691,3.47231,2.26622,2.26852,2.26556,2.26655,2.26688,1.05027,1.05290,1.05125,1.05191,1.05356,-49.92319,2364.00000
3.48251,3.47165,3.48086,3.47362,3.47132,2.26490,2.26392,2.26622,2.26688,2.26622,1.05027,1.05027,1.05356,1.05060,1.05454,-49.92319,2365.00000
3.47658,3.47494,3.47461,3.48020,3.47231,2.26359,2.26688,2.26622,2.26096,2.26326,1.05093,1.05191,1.05191,1.05290,1.05158,-49.92319,2366.00000
3.47560,3.47889,3.47132,3.47658,3.47330,2.26096,2.26688,2.26359,2.26754,2.26392,1.05487,1.05158,1.05125,1.05191,1.04895,-49.93414,2367.00000
3.47593,3.47264,3.47066,3.47494,3.47165,2.26293,2.26754,2.26622,2.26392,2.26490,1.04961,1.04665,1.05125,1.04994,1.05158,-49.93414,2368.00000
3.47198,3.47165,3.47757,3.47231,3.47001,2.26458,2.25668,2.26523,2.26194,2.26458,1.05323,1.05487,1.04895,1.05356,1.05060,-49.75427,2369.00000
3.47198,3.47297,3.47330,3.47395,3.47198,2.26326,2.25964,2.26556,2.26162,2.26458,1.05356,1.05389,1.05487,1.05224,1.05125,-49.75427,2370.00000
3.47955,3.47198,3.46738,3.47889,3.46902,2.27082,2.26162,2.26326,2.26063,2.26063,1.05323,1.05060,1.05421,1.05619,1.04928,-49.89152,2371.00000
3.47264,3.47560,3.47264,3.47066,3.47066,2.26425,2.26293,2.26490,2.26260,2.26359,1.05717,1.04994,1.05158,1.05060,1.04994,-49.89152,2372.00000
3.47330,3.47362,3.47001,3.47428,3.47691,2.26490,2.26392,2.25931,2.26622,2.26721,1.05158,1.05356,1.05158,1.05389,1.04961,-50.03347,2373.00000
3.47034,3.46935,3.47198,3.46869,3.47461,2.26359,2.26655,2.26096,2.26589,2.26293,1.05125,1.05323,1.05323,1.05224,1.05093,-50.03347,2374.00000
3.47428,3.47593,3.47297,3.47132,3.47362,2.26458,2.25964,2.26622,2.26063,2.26589,1.05257,1.04895,1.04862,1.04928,1.05060,-49.89862,2375.00000
3.46935,3.47034,3.46968,3.47297,3.46606,2.26392,2.26786,2.26556,2.26260,2.26326,1.05125,1.05093,1.05487,1.05191,1.05454,-49.89862,2376.00000
3.46836,3.46968,3.47527,3.47330,3.46803,2.26194,2.25931,2.25866,2.26688,2.26359,1.05191,1.04829,1.04533,1.05027,1.05257,-50.18957,2377.00000
3.46770,3.47099,3.46902,3.47330,3.47001,2.26260,2.26425,2.26392,2.26721,2.26162,1.05191,1.04961,1.05060,1.04994,1.05060,-50.18957,2378.00000
3.46869,3.47362,3.47264,3.47198,3.47395,2.26458,2.26721,2.26688,2.26688,2.26721,1.05125,1.05389,1.05356,1.05158,1.05356,-50.32658,2379.00000
3.47066,3.47099,3.47593,3.46442,3.47856,2.26786,2.25997,2.26227,2.26556,2.26918,1.05586,1.04862,1.05125,1.05093,1.05158,-50.32658,2380.00000
3.47395,3.46935,3.47461,3.47198,3.47066,2.26425,2.26293,2.26260,2.26260,2.26721,1.05454,1.05027,1.05323,1.05356,1.05158,-50.11030,2381.00000
3.47395,3.47001,3.46902,3.47560,3.47790,2.26556,2.26721,2.26490,2.26490,2.26326,1.05224,1.05158,1.05125,1.04797,1.05290,-50.11030,2382.00000
3.47264,3.47099,3.47823,3.47001,3.47165,2.26293,2.26754,2.26688,2.26194,2.26852,1.04895,1.04994,1.04961,1.05257,1.05125,-50.29651,2383.00000
3.47034,3.47626,3.46902,3.46836,3.47724,2.26688,2.26260,2.26458,2.26063,2.26458,1.05125,1.05158,1.05027,1.04895,1.05454,-49.97632,2384.00000
3.47691,3.46738,3.47034,3.46968,3.47395,2.26721,2.25898,2.26556,2.25668,2.26129,1.05060,1.04961,1.05290,1.05027,1.05421,-49.97632,2385.00000
3.46738,3.47297,3.47099,3.46902,3.47428,2.26425,2.26129,2.26458,2.26490,2.26293,1.05389,1.05158,1.05191,1.05224,1.05389,-49.97632,2386.00000
3.46738,3.47461,3.46869,3.47362,3.46968,2.26918,2.26819,2.25997,2.26425,2.26523,1.04698,1.05191,1.05323,1.04862,1.05290,-50.77360,2387.00000
3.47395,3.47198,3.47132,3.46803,3.47132,2.26260,2.26293,2.26293,2.26227,2.26392,1.05421,1.05191,1.04862,1.05652,1.05093,-50.77360,2388.00000
3.47034,3.47099,3.47198,3.47527,3.47001,2.26129,2.26852,2.26096,2.26622,2.26162,1.05224,1.05191,1.05158,1.04698,1.05257,-51.14073,2389.00000
3.47198,3.46836,3.46474,3.47658,3.46639,2.26129,2.26162,2.26490,2.26622,2.26293,1.05224,1.05224,1.04961,1.04994,1.05487,-50.57169,2390.00000
3.47297,3.47527,3.47001,3.47001,3.46474,2.26260,2.26293,2.26359,2.26260,2.26425,1.04961,1.05454,1.05389,1.04895,1.05356,-50.57169,2391.00000
3.47231,3.46935,3.47231,3.47691,3.46902,2.26425,2.26458,2.26326,2.26030,2.26162,1.05224,1.05191,1.05158,1.04764,1.05323,-50.57169,2392.00000
3.47395,3.46935,3.46935,3.47099,3.47001,2.26655,2.26589,2.25931,2.26326,2.26852,1.05158,1.05652,1.05093,1.05454,1.05356,-50.52924,2393.00000
3.47198,3.47560,3.47034,3.47724,3.47034,2.26227,2.26458,2.26622,2.26786,2.26227,1.05323,1.05586,1.05093,1.05421,1.05323,-50.52924,2394.00000
3.46606,3.47198,3.46869,3.47034,3.47198,2.26030,2.26227,2.26786,2.26129,2.26490,1.05060,1.05520,1.05257,1.05125,1.05257,-50.12984,2395.00000
3.47395,3.47362,3.47001,3.47297,3.47494,2.26458,2.26293,2.26392,2.26129,2.26359,1.05389,1.05257,1.05125,1.05158,1.05027,-50.12984,2396.00000
3.47527,3.47165,3.47691,3.47297,3.47691,2.26162,2.25931,2.26260,2.26063,2.26425,1.05454,1.05224,1.05421,1.05224,1.05323,-50.11586,2397.00000
3.47034,3.46935,3.46902,3.46869,3.47593,2.26688,2.26556,2.26556,2.26030,2.26622,1.05520,1.05158,1.05125,1.05586,1.05125,-50.11586,2398.00000
3.46738,3.47198,3.47330,3.47626,3.47165,2.26721,2.26622,2.26425,2.26392,2.26392,1.05224,1.05093,1.05125,1.05323,1.04599,-50.20908,2399.00000
3.46770,3.47527,3.46606,3.47198,3.46902,2.26688,2.26194,2.26030,2.26260,2.26655,1.05224,1.04928,1.05421,1.04895,1.05060,-50.20908,2400.00000
3.46836,3.47231,3.46869,3.47527,3.47099,2.26194,2.26425,2.26458,2.26655,2.26293,1.05093,1.05421,1.04961,1.05323,1.05421,-50.01731,2401.00000
3.47593,3.47132,3.47264,3.47099,3.47264,2.26194,2.25964,2.26096,2.25997,2.26458,1.05323,1.04829,1.05454,1.05323,1.05060,-50.01731,2402.00000
3.47494,3.47066,3.47198,3.47132,3.47264,2.26227,2.26951,2.26589,2.26194,2.26227,1.05421,1.05060,1.05191,1.05389,1.05125,-50.30777,2403.00000
3.47231,3.47461,3.47165,3.47231,3.47034,2.26227,2.26589,2.25898,2.26622,2.26326,1.04862,1.04928,1.05257,1.05586,1.04862,-50.30777,2404.00000
3.47066,3.47231,3.47790,3.47165,3.46869,2.26655,2.26786,2.26227,2.26227,2.26589,1.05191,1.05060,1.04961,1.05290,1.04829,-50.30283,2405.00000
3.47099,3.46770,3.46672,3.47527,3.47362,2.26293,2.26096,2.26260,2.26392,2.26688,1.04632,1.05027,1.05389,1.05125,1.05125,-50.30283,2406.00000
3.46639,3.47691,3.47132,3.47626,3.47198,2.26918,2.26162,2.26622,2.26194,2.26129,1.05027,1.05290,1.05421,1.05389,1.05158,-50.08796,2407.00000
3.47264,3.46672,3.47001,3.46803,3.47428,2.26458,2.26523,2.26129,2.26819,2.26688,1.04961,1.05389,1.04862,1.05290,1.05487,-50.08796,2408.00000
3.47099,3.47560,3.47330,3.47264,3.46507,2.26490,2.25964,2.26359,2.26260,2.26425,1.05027,1.04797,1.05257,1.04731,1.05027,-49.79171,2409.00000
3.46639,3.47066,3.46705,3.46902,3.47494,2.26556,2.27050,2.26425,2.26359,2.26754,1.05060,1.05027,1.05224,1.05389,1.05323,-49.79171,2410.00000
3.47231,3.47198,3.47494,3.47198,3.47034,2.26227,2.26458,2.26523,2.26392,2.26523,1.05125,1.05257,1.05158,1.05158,1.05060,-49.48354,2411.00000
3.47231,3.47198,3.47527,3.47264,3.47461,2.26819,2.25898,2.26490,2.26556,2.26063,1.05224,1.05356,1.05191,1.05323,1.04895,-49.48354,2412.00000
3.47461,3.46935,3.47297,3.46836,3.47034,2.26096,2.26458,2.26523,2.26523,2.26326,1.05093,1.04928,1.04961,1.05060,1.05389,-50.03981,2413.00000
3.47231,3.47099,3.47165,3.47494,3.46803,2.26523,2.26622,2.26293,2.26293,2.26556,1.05224,1.05356,1.04731,1.05356,1.04994,-49.79053,2414.00000
3.47001,3.47231,3.47297,3.47099,3.47034,2.26326,2.26359,2.26227,2.26392,2.26786,1.04829,1.05125,1.05093,1.04862,1.05191,-49.79053,2415.00000
3.46902,3.47658,3.47658,3.47494,3.47330,2.26392,2.26819,2.26655,2.26194,2.26688,1.05027,1.05553,1.04994,1.05027,1.05290,-49.79053,2416.00000
3.47527,3.47461,3.47297,3.46935,3.47494,2.26392,2.26655,2.26260,2.26096,2.26490,1.04764,1.05257,1.05158,1.05158,1.04928,-50.06055,2417.00000
3.47264,3.47395,3.47790,3.46902,3.47362,2.26688,2.26688,2.26293,2.26556,2.27017,1.05290,1.05290,1.05093,1.05323,1.04928,-50.06055,2418.00000
3.47395,3.46935,3.47330,3.47428,3.47264,2.26096,2.26425,2.26359,2.26227,2.26622,1.05290,1.05158,1.05158,1.05290,1.05027,-50.16732,2419.00000
3.46770,3.47132,3.46869,3.46968,3.47494,2.26721,2.26326,2.26425,2.26359,2.26096,1.04994,1.05323,1.04862,1.04928,1.04862,-50.16732,2420.00000
3.47165,3.47593,3.47297,3.47165,3.47560,2.26260,2.26721,2.26490,2.26655,2.26129,1.04797,1.05191,1.04764,1.04862,1.05093,-50.04807,2421.00000
3.47165,3.47494,3.47165,3.47362,3.47658,2.26194,2.26490,2.26458,2.26392,2.26293,1.05093,1.04731,1.05125,1.05257,1.04994,-50.04807,2422.00000
3.47330,3.47231,3.47593,3.47790,3.47428,2.26852,2.26326,2.26754,2.26589,2.26392,1.05158,1.05191,1.05060,1.04731,1.04797,-50.22573,2423.00000
3.47987,3.47593,3.46869,3.47593,3.47001,2.26359,2.26458,2.26688,2.26359,2.26589,1.05257,1.05027,1.05389,1.05257,1.04829,-50.22573,2424.00000
3.47658,3.47560,3.47560,3.47264,3.47428,2.26260,2.26194,2.26458,2.26523,2.26589,1.05060,1.05257,1.05191,1.04829,1.04994,-49.94053,2425.00000
3.47527,3.47198,3.47264,3.47856,3.46968,2.26622,2.26359,2.26227,2.26458,2.26063,1.05224,1.05323,1.04797,1.05125,1.04895,-49.94053,2426.00000
3.47395,3.47132,3.47724,3.46968,3.47428,2.26556,2.27115,2.26622,2.26096,2.26589,1.05224,1.05060,1.05356,1.04764,1.05191,-49.83014,2427.00000
3.47790,3.47527,3.47626,3.47626,3.47724,2.26918,2.25898,2.26490,2.26589,2.26589,1.05125,1.04895,1.05257,1.05356,1.05323,-49.83014,2428.00000
3.47724,3.46968,3.47297,3.47297,3.47362,2.26556,2.26786,2.26194,2.26754,2.26030,1.05619,1.05191,1.05421,1.05389,1.05191,-50.27576,2429.00000
3.47889,3.47658,3.47527,3.47724,3.47428,2.26984,2.26392,2.26885,2.26688,2.26721,1.04764,1.04797,1.05290,1.04797,1.04895,-50.27576,2430.00000
3.47165,3.48086,3.46836,3.47626,3.47165,2.26852,2.26885,2.26655,2.26227,2.26786,1.04961,1.05421,1.05125,1.04862,1.05093,-50.72746,2431.00000
3.47099,3.47330,3.47198,3.47362,3.47034,2.26260,2.26293,2.27148,2.26260,2.26359,1.05027,1.05060,1.04961,1.05027,1.05257,-50.30431,2432.00000
3.47198,3.47264,3.47034,3.47560,3.48218,2.26655,2.26326,2.26194,2.26326,2.26490,1.04829,1.05290,1.05027,1.04731,1.05323,-50.30431,2433.00000
3.47264,3.47593,3.47560,3.47198,3.47658,2.26293,2.26162,2.26392,2.26392,2.26458,1.05421,1.05290,1.05520,1.05060,1.04895,-50.30431,2434.00000
3.47527,3.46968,3.47527,3.47165,3.47001,2.26589,2.26655,2.26523,2.26096,2.26786,1.05421,1.04928,1.04928,1.04829,1.05093,-50.37377,2435.00000
3.47658,3.47165,3.47132,3.46902,3.47560,2.26754,2.26556,2.27017,2.26556,2.26260,1.05191,1.05454,1.05224,1.04862,1.04764,-50.37377,2436.00000
3.47066,3.47691,3.46935,3.47330,3.47330,2.26754,2.26589,2.26359,2.26655,2.26326,1.05060,1.05093,1.05158,1.05356,1.05290,-50.24267,2437.00000
3.47264,3.47066,3.46540,3.47428,3.47626,2.26293,2.26885,2.26293,2.26129,2.26260,1.04895,1.05125,1.04994,1.05093,1.05290,-50.24267,2438.00000
3.47724,3.47494,3.47691,3.47297,3.47658,2.26326,2.26359,2.26293,2.26589,2.26359,1.04764,1.05224,1.04862,1.05389,1.04797,-50.43685,2439.00000
3.47330,3.47231,3.47297,3.47198,3.47034,2.26754,2.26622,2.26721,2.26490,2.26260,1.04829,1.05027,1.04928,1.05323,1.05356,-50.43685,2440.00000
3.47560,3.47428,3.46803,3.47198,3.47001,2.26589,2.26326,2.26030,2.26392,2.26556,1.05027,1.05125,1.05191,1.05093,1.04928,-50.32378,2441.00000
3.47165,3.47428,3.47461,3.47297,3.47461,2.27017,2.26162,2.26425,2.26425,2.25931,1.05323,1.05191,1.05093,1.05389,1.05027,-50.32378,2442.00000
3.46902,3.47231,3.47626,3.47034,3.47790,2.26260,2.27017,2.26622,2.26392,2.26589,1.05257,1.05257,1.05191,1.05356,1.05290,-50.68786,2443.00000
3.47757,3.47165,3.47593,3.47922,3.47395,2.26885,2.26227,2.26688,2.26326,2.26688,1.05060,1.05454,1.04862,1.05257,1.05060,-50.68786,2444.00000
3.47066,3.47593,3.47066,3.46935,3.47494,2.26194,2.26490,2.26490,2.26162,2.26425,1.04961,1.05389,1.05257,1.05454,1.05125,-50.68318,2445.00000
3.47724,3.46968,3.47330,3.47527,3.47691,2.26359,2.26392,2.26523,2.26655,2.26885,1.05224,1.04862,1.05027,1.05060,1.04764,-50.68318,2446.00000
3.47428,3.47264,3.47922,3.47362,3.47691,2.26819,2.26458,2.26655,2.26392,2.26655,1.05421,1.05257,1.05323,1.04862,1.05257,-50.91932,2447.00000
3.47395,3.47165,3.47264,3.47198,3.47461,2.26523,2.26359,2.26425,2.26260,2.26556,1.05421,1.05125,1.04994,1.05093,1.05158,-50.91932,2448.00000
3.47034,3.47790,3.47231,3.47724,3.47330,2.26359,2.27181,2.26326,2.26523,2.26359,1.05290,1.05454,1.05093,1.04895,1.05356,-51.02304,2449.00000
3.47494,3.47922,3.47428,3.47560,3.47527,2.26425,2.26425,2.26458,2.26260,2.26688,1.05487,1.05290,1.05389,1.05487,1.05290,-51.02304,2450.00000
3.47461,3.47395,3.47330,3.47198,3.47691,2.26523,2.26326,2.26425,2.26162,2.26819,1.05191,1.05421,1.05257,1.05323,1.05290,-51.14264,2451.00000
3.47132,3.47297,3.47626,3.48119,3.47034,2.26556,2.26655,2.26458,2.26194,2.26392,1.05586,1.05356,1.04961,1.05060,1.04994,-51.14264,2452.00000
3.46869,3.47198,3.47593,3.47461,3.47264,2.26392,2.26162,2.26458,2.26425,2.26589,1.05158,1.04764,1.05652,1.05224,1.05619,-51.49418,2453.00000
3.47494,3.47395,3.47330,3.47593,3.47132,2.26622,2.26819,2.26458,2.26490,2.26293,1.05158,1.05060,1.05323,1.05356,1.05224,-51.49418,2454.00000
3.47691,3.47922,3.47626,3.47823,3.47034,2.26786,2.26458,2.26326,2.26260,2.26194,1.05191,1.05027,1.05487,1.05323,1.05849,-51.89619,2455.00000
3.47494,3.48251,3.47297,3.46803,3.47165,2.26688,2.27115,2.26819,2.26326,2.26786,1.05553,1.05027,1.05093,1.05060,1.05454,-51.89619,2456.00000
3.47264,3.47560,3.47626,3.47362,3.47231,2.26556,2.26754,2.26852,2.26852,2.26490,1.05158,1.05093,1.05060,1.05093,1.04764,-51.96888,2457.00000
3.47790,3.47527,3.46803,3.47527,3.47099,2.26721,2.26490,2.26721,2.26063,2.26589,1.05389,1.05323,1.04862,1.05520,1.05093,-51.96888,2458.00000
3.47198,3.47132,3.47428,3.47494,3.47987,2.26326,2.26721,2.26655,2.26392,2.26458,1.05290,1.05224,1.05158,1.05586,1.05060,-51.67066,2459.00000
3.47395,3.47165,3.47198,3.47428,3.48218,2.26622,2.26688,2.26523,2.26260,2.26194,1.04928,1.05257,1.04928,1.05454,1.05060,-51.67066,2460.00000
3.47593,3.47724,3.47231,3.47362,3.47231,2.27082,2.26622,2.26194,2.26293,2.26721,1.05783,1.05060,1.04994,1.05158,1.05290,-51.75505,2461.00000
3.47428,3.47658,3.47724,3.47626,3.47297,2.26425,2.25997,2.26556,2.26096,2.26458,1.05487,1.05224,1.04994,1.05093,1.05323,-51.75505,2462.00000
3.47362,3.47593,3.46803,3.47132,3.47066,2.26227,2.26129,2.26556,2.26655,2.26786,1.05060,1.05389,1.05257,1.05093,1.04994,-51.84874,2463.00000
3.46935,3.47626,3.47001,3.47757,3.47132,2.26458,2.26523,2.26622,2.26458,2.26556,1.05421,1.05257,1.05257,1.04862,1.05158,-51.84874,2464.00000
3.47527,3.47658,3.47461,3.47593,3.47461,2.26786,2.26622,2.26194,2.26129,2.26688,1.04994,1.05093,1.05257,1.05257,1.04895,-51.86075,2465.00000
3.47395,3.47691,3.47724,3.47593,3.47395,2.26819,2.26162,2.26655,2.26622,2.26162,1.04665,1.05290,1.05027,1.05060,1.04961,-51.86075,2466.00000
3.47955,3.47330,3.47330,3.47691,3.47724,2.26655,2.26523,2.26852,2.26425,2.26523,1.04797,1.04731,1.05027,1.05454,1.05454,-51.62461,2467.00000
3.47955,3.47297,3.47132,3.47889,3.46935,2.26688,2.26556,2.26392,2.26918,2.26556,1.05158,1.05093,1.05487,1.05027,1.05224,-51.62461,2468.00000
3.47461,3.47099,3.47461,3.47362,3.46935,2.26721,2.27050,2.26819,2.26786,2.26622,1.05356,1.04829,1.05125,1.05125,1.05060,-51.54206,2469.00000
3.47593,3.48119,3.47658,3.46705,3.47724,2.26556,2.26326,2.26589,2.26425,2.26260,1.05093,1.05060,1.05125,1.05454,1.05027,-51.54206,2470.00000
3.47757,3.47297,3.47428,3.47395,3.47461,2.26786,2.26622,2.26359,2.26688,2.26359,1.04994,1.05389,1.05323,1.04698,1.04895,-51.28032,2471.00000
3.47395,3.47362,3.47757,3.47297,3.47198,2.26721,2.26984,2.26523,2.26852,2.26392,1.05125,1.05027,1.05191,1.04895,1.05093,-51.28032,2472.00000
3.46639,3.47330,3.46738,3.47297,3.47099,2.26589,2.26063,2.26622,2.26786,2.26392,1.05060,1.04961,1.05356,1.04829,1.05158,-51.24417,2473.00000
3.47231,3.48086,3.47658,3.47362,3.47658,2.26556,2.26030,2.26392,2.27017,2.26721,1.04764,1.05224,1.05027,1.05323,1.05027,-51.24417,2474.00000
3.47494,3.47987,3.47099,3.47066,3.47790,2.27050,2.26260,2.26688,2.26819,2.26392,1.05158,1.05158,1.04862,1.05454,1.05158,-51.07033,2475.00000
3.47362,3.47362,3.47001,3.47001,3.47428,2.26556,2.26786,2.26326,2.26819,2.26458,1.05191,1.05487,1.04994,1.05323,1.05389,-51.07033,2476.00000
3.47231,3.47001,3.47231,3.47790,3.47395,2.26688,2.26589,2.26359,2.26721,2.26688,1.04994,1.05257,1.04895,1.05323,1.05224,-50.51987,2477.00000
3.47395,3.47461,3.47593,3.47922,3.47132,2.26852,2.26655,2.26260,2.26721,2.26129,1.05257,1.05093,1.04862,1.04928,1.05027,-50.51987,2478.00000
3.46902,3.47066,3.47330,3.47395,3.46738,2.25997,2.26556,2.26721,2.26227,2.26589,1.05224,1.04961,1.05257,1.05158,1.05257,-50.70303,2479.00000
3.47362,3.47362,3.47264,3.46836,3.47165,2.26523,2.26063,2.26162,2.26194,2.26293,1.04764,1.05191,1.05060,1.05191,1.05125,-50.70303,2480.00000
3.47461,3.47362,3.47198,3.46836,3.47428,2.26260,2.26721,2.26523,2.26655,2.26392,1.04994,1.05027,1.05125,1.04797,1.05323,-50.79583,2481.00000
3.47099,3.47461,3.47165,3.47330,3.47165,2.26688,2.26622,2.26458,2.26392,2.26425,1.04994,1.05125,1.05224,1.05027,1.04895,-50.79583,2482.00000
3.47297,3.47231,3.47527,3.47066,3.46902,2.26458,2.25997,2.26260,2.26162,2.26754,1.05158,1.05454,1.05454,1.04961,1.04862,-50.69332,2483.00000
3.47099,3.47198,3.46869,3.47231,3.47658,2.26359,2.26425,2.26326,2.26688,2.26622,1.04961,1.05257,1.05158,1.04994,1.05389,-50.69332,2484.00000
3.47034,3.47461,3.47362,3.46902,3.47658,2.26655,2.26458,2.26227,2.26622,2.26490,1.04961,1.05520,1.05191,1.05158,1.04862,-51.00583,2485.00000
3.47198,3.47330,3.47626,3.47658,3.47428,2.26819,2.26688,2.26852,2.26523,2.26589,1.05191,1.05257,1.05093,1.05257,1.05060,-51.00583,2486.00000
3.47724,3.47231,3.47658,3.47034,3.47231,2.26260,2.26425,2.26523,2.26786,2.26622,1.05125,1.05290,1.05487,1.04895,1.05257,-51.24510,2487.00000
3.47198,3.47001,3.47461,3.47560,3.47560,2.26721,2.26721,2.26589,2.26589,2.27017,1.05191,1.05191,1.05356,1.05257,1.05027,-51.24510,2488.00000
3.47823,3.47527,3.47132,3.47955,3.47297,2.27148,2.26852,2.26392,2.26556,2.26425,1.05191,1.05520,1.05027,1.04764,1.05421,-51.38996,2489.00000
3.47198,3.47066,3.47066,3.47330,3.47889,2.26721,2.26819,2.26984,2.26392,2.26819,1.04731,1.05093,1.04731,1.05158,1.05685,-51.38996,2490.00000
3.47461,3.47198,3.47757,3.47231,3.47034,2.27214,2.26162,2.26030,2.26556,2.26754,1.04731,1.05191,1.05389,1.05093,1.05027,-51.83647,2491.00000
3.47099,3.47297,3.47527,3.47494,3.47790,2.26885,2.26392,2.26359,2.26162,2.26194,1.04895,1.04731,1.05027,1.05125,1.05093,-51.83647,2492.00000
3.47626,3.47362,3.47527,3.47395,3.47165,2.26786,2.26852,2.26359,2.26392,2.27082,1.04764,1.05323,1.05290,1.05158,1.05224,-51.41149,2493.00000
3.48086,3.47889,3.47691,3.47395,3.47461,2.26819,2.26458,2.26754,2.26490,2.26392,1.04862,1.05421,1.04994,1.05224,1.05125,-51.41149,2494.00000
3.47461,3.47428,3.47823,3.47231,3.47724,2.26392,2.26819,2.26885,2.26655,2.26260,1.05060,1.05158,1.04698,1.05027,1.05421,-51.28767,2495.00000
3.47428,3.47034,3.47362,3.48218,3.47658,2.26786,2.26293,2.27050,2.26721,2.25997,1.04928,1.05389,1.05224,1.05421,1.05257,-51.28767,2496.00000
3.47922,3.47626,3.47066,3.47626,3.47066,2.26754,2.26721,2.26589,2.26819,2.26556,1.05060,1.05027,1.05027,1.04994,1.04895,-50.85682,2497.00000
3.47790,3.47790,3.47724,3.47527,3.47593,2.26918,2.26885,2.26754,2.26293,2.26688,1.04895,1.05389,1.05421,1.05717,1.04994,-50.85682,2498.00000
3.47428,3.48152,3.47922,3.47593,3.47757,2.26622,2.27017,2.27247,2.26523,2.26754,1.05224,1.04895,1.05060,1.05093,1.05389,-50.76978,2499.00000
3.47560,3.47987,3.47428,3.47757,3.47231,2.26819,2.26490,2.27115,2.26786,2.26622,1.05356,1.04928,1.05389,1.05520,1.05224,-50.76978,2500.00000
3.47362,3.47231,3.47593,3.47658,3.47165,2.26951,2.26688,2.26655,2.26556,2.26951,1.05389,1.05652,1.05125,1.05553,1.05158,-50.42855,2501.00000
3.47757,3.46738,3.47691,3.47264,3.47790,2.26622,2.27082,2.26622,2.27181,2.26721,1.05158,1.05125,1.05093,1.05158,1.05093,-50.42855,2502.00000
3.47428,3.47626,3.47428,3.48251,3.48053,2.26885,2.26589,2.26622,2.26688,2.26984,1.05191,1.05257,1.05356,1.05290,1.04961,-50.57053,2503.00000
3.48020,3.48053,3.47428,3.48119,3.47034,2.26852,2.26688,2.27148,2.26951,2.26490,1.05060,1.05323,1.05093,1.04862,1.05158,-50.57053,2504.00000
3.47691,3.47757,3.47922,3.47955,3.47626,2.26721,2.26655,2.26490,2.26359,2.26622,1.05290,1.05158,1.05224,1.05685,1.05093,-50.07762,2505.00000
3.48119,3.47527,3.47231,3.47297,3.47461,2.26754,2.26556,2.26622,2.26754,2.26589,1.05323,1.04731,1.05323,1.05191,1.05290,-50.07762,2506.00000
3.47428,3.47395,3.47264,3.48020,3.47231,2.26326,2.26556,2.26885,2.26622,2.26490,1.05290,1.05652,1.05191,1.05520,1.05389,-49.90201,2507.00000
3.47428,3.46738,3.47297,3.47856,3.47264,2.26688,2.26622,2.26589,2.26260,2.26589,1.04895,1.05356,1.05389,1.05125,1.05356,-49.90201,2508.00000
3.47724,3.47790,3.47823,3.47823,3.47362,2.26655,2.26622,2.27017,2.26490,2.26885,1.05290,1.05158,1.05520,1.04928,1.05224,-49.88584,2509.00000
3.47626,3.47724,3.47527,3.47856,3.47724,2.26885,2.27017,2.26819,2.27247,2.26523,1.05290,1.05553,1.04928,1.05421,1.05421,-49.88584,2510.00000
3.47626,3.47757,3.47362,3.47494,3.47658,2.26852,2.26655,2.26754,2.26392,2.26918,1.05060,1.05257,1.05125,1.05093,1.05191,-49.73998,2511.00000
3.47527,3.47593,3.47362,3.47527,3.47297,2.27247,2.26754,2.26326,2.26425,2.27017,1.05290,1.05290,1.05421,1.05454,1.05454,-49.73998,2512.00000
3.47428,3.47922,3.47987,3.47165,3.47461,2.26490,2.26425,2.26523,2.26063,2.26425,1.04862,1.05553,1.05487,1.05191,1.05356,-49.90478,2513.00000
3.46738,3.47527,3.47132,3.47527,3.47626,2.27017,2.27050,2.26227,2.26655,2.26688,1.05224,1.05158,1.05060,1.05191,1.05093,-49.90478,2514.00000
3.47395,3.48086,3.47264,3.47790,3.47428,2.26556,2.26622,2.26589,2.26622,2.26556,1.05027,1.05487,1.05125,1.05191,1.05290,-50.17089,2515.00000
3.48020,3.47527,3.47560,3.47001,3.47527,2.26918,2.26786,2.26392,2.26589,2.26622,1.05125,1.05093,1.05454,1.05389,1.05060,-50.17089,2516.00000
3.47593,3.47297,3.47757,3.47395,3.47428,2.26786,2.26490,2.26589,2.26359,2.26260,1.05224,1.05191,1.05323,1.05257,1.05356,-49.89257,2517.00000
3.47395,3.47428,3.47790,3.47066,3.47001,2.26786,2.26260,2.26556,2.26819,2.26425,1.05125,1.05323,1.05290,1.05257,1.04994,-49.89257,2518.00000
3.47593,3.47066,3.47527,3.46672,3.47560,2.26721,2.26655,2.26556,2.26754,2.26786,1.05257,1.05389,1.05323,1.05158,1.04862,-49.75911,2519.00000
3.47757,3.46968,3.47461,3.47757,3.47395,2.26490,2.26326,2.26523,2.26819,2.26523,1.05323,1.05191,1.05224,1.05125,1.05125,-50.80620,2520.00000
3.47330,3.47461,3.47626,3.46836,3.47264,2.26786,2.26392,2.26425,2.26425,2.26392,1.05290,1.05257,1.05224,1.05191,1.05520,-50.80620,2521.00000
3.47165,3.47231,3.47428,3.47428,3.47560,2.26556,2.26425,2.25964,2.26392,2.25931,1.05586,1.05224,1.05685,1.05323,1.04994,-50.91996,2522.00000
3.47231,3.47626,3.47264,3.47165,3.47527,2.26622,2.26655,2.26490,2.26786,2.26392,1.05257,1.05191,1.05191,1.05224,1.05125,-50.91996,2523.00000
3.47494,3.46803,3.47362,3.47658,3.46935,2.25931,2.26458,2.26852,2.26490,2.26425,1.04764,1.05389,1.05389,1.05421,1.05224,-50.91996,2524.00000
3.47658,3.47527,3.47560,3.47165,3.47198,2.26359,2.26194,2.26425,2.26194,2.26359,1.05257,1.05060,1.05454,1.05224,1.05257,-50.48472,2525.00000
3.47494,3.47560,3.46935,3.47264,3.47165,2.26392,2.26425,2.26655,2.26556,2.26425,1.04961,1.05487,1.05060,1.05224,1.04994,-50.48472,2526.00000
3.47494,3.47560,3.47362,3.47132,3.47330,2.26688,2.26819,2.26622,2.26425,2.26162,1.04994,1.05257,1.05454,1.04928,1.05520,-50.10180,2527.00000
3.46738,3.47461,3.46836,3.46968,3.46803,2.26326,2.26458,2.26458,2.26589,2.26754,1.04994,1.05060,1.05257,1.05191,1.04862,-50.10180,2528.00000
3.47198,3.47231,3.47362,3.47330,3.47264,2.26260,2.26260,2.26129,2.26194,2.26754,1.05454,1.05323,1.05027,1.05125,1.05224,-49.96044,2529.00000
3.47198,3.46902,3.47691,3.47889,3.47165,2.26951,2.26786,2.26622,2.26490,2.26293,1.04961,1.05191,1.05060,1.04797,1.05257,-49.96044,2530.00000
3.47560,3.47330,3.47034,3.47626,3.47001,2.26721,2.26129,2.26622,2.26885,2.26984,1.05356,1.05356,1.05685,1.05060,1.04961,-49.74576,2531.00000
3.47231,3.47494,3.47494,3.47757,3.46935,2.26622,2.26260,2.26721,2.26490,2.26425,1.05027,1.05191,1.05257,1.05158,1.04797,-49.74576,2532.00000
3.46705,3.47231,3.46803,3.47395,3.47428,2.26162,2.26227,2.26063,2.26162,2.26721,1.05553,1.05421,1.05421,1.05323,1.04994,-49.31293,2533.00000
3.47626,3.46869,3.47494,3.47395,3.47165,2.26490,2.26688,2.26490,2.26326,2.26260,1.05093,1.05421,1.05060,1.05093,1.05191,-49.31293,2534.00000
3.47527,3.47560,3.46968,3.47395,3.47560,2.26655,2.26425,2.26359,2.26556,2.26490,1.05224,1.05027,1.05093,1.05060,1.05191,-49.70309,2535.00000
3.47626,3.47362,3.47658,3.47395,3.47362,2.26556,2.26688,2.26852,2.26819,2.26819,1.05323,1.05421,1.05125,1.05356,1.05389,-49.70309,2536.00000
3.47428,3.47198,3.47362,3.47198,3.46935,2.26392,2.26523,2.26655,2.26458,2.26425,1.04829,1.04961,1.05224,1.05224,1.05093,-50.08038,2537.00000
3.47198,3.47198,3.47132,3.47330,3.47560,2.26326,2.26458,2.26490,2.26721,2.26556,1.04994,1.05389,1.05125,1.05060,1.05158,-50.08038,2538.00000
3.48053,3.47428,3.47395,3.47362,3.47658,2.26589,2.25997,2.26096,2.26260,2.26260,1.04994,1.05224,1.05158,1.04895,1.05421,-49.58321,2539.00000
3.47428,3.48119,3.47428,3.47691,3.47362,2.26326,2.26490,2.26425,2.26523,2.26458,1.04994,1.05356,1.05027,1.05158,1.04731,-49.58321,2540.00000
3.47856,3.47165,3.47560,3.47231,3.47297,2.26425,2.26852,2.26293,2.26556,2.26326,1.05191,1.05191,1.04665,1.05093,1.05323,-49.36244,2541.00000
3.46540,3.47658,3.47066,3.46968,3.47066,2.26392,2.26786,2.25931,2.26622,2.26392,1.05158,1.05125,1.04994,1.05454,1.04928,-49.36244,2542.00000
3.47297,3.46935,3.47428,3.47297,3.46409,2.26293,2.26293,2.26030,2.26129,2.26589,1.05290,1.05224,1.05389,1.05257,1.05158,-49.71656,2543.00000
3.47297,3.46902,3.46935,3.47362,3.47231,2.26326,2.26425,2.26030,2.26589,2.26754,1.04928,1.05060,1.04895,1.05356,1.05323,-49.71656,2544.00000
3.47461,3.47330,3.47395,3.47264,3.47132,2.26688,2.26458,2.26819,2.26556,2.26293,1.05290,1.05356,1.05158,1.05027,1.05093,-49.97380,2545.00000
3.47626,3.47922,3.47461,3.46902,3.47297,2.26556,2.26819,2.26359,2.26425,2.26523,1.05125,1.05454,1.05619,1.05257,1.05421,-49.97380,2546.00000
3.47626,3.47790,3.47165,3.47297,3.47428,2.26063,2.26523,2.26490,2.26162,2.26458,1.04928,1.05125,1.05125,1.05356,1.04994,-49.66352,2547.00000
3.47001,3.47757,3.47362,3.47428,3.47527,2.26326,2.26227,2.26622,2.26523,2.26260,1.05323,1.05257,1.05093,1.04764,1.04994,-49.66352,2548.00000
3.47461,3.47165,3.47626,3.47034,3.47330,2.26293,2.26227,2.26589,2.26260,2.26622,1.05257,1.05158,1.04994,1.04994,1.04994,-49.43063,2549.00000
3.47790,3.47428,3.47066,3.48086,3.47165,2.26688,2.26458,2.26688,2.26852,2.26589,1.05356,1.05323,1.05290,1.05290,1.05421,-49.43063,2550.00000
3.47362,3.47330,3.47297,3.47297,3.47922,2.26359,2.26721,2.26293,2.26688,2.26490,1.04961,1.04764,1.05093,1.05224,1.05224,-48.89776,2551.00000
3.47428,3.47362,3.47330,3.47099,3.47527,2.26556,2.26589,2.26194,2.26490,2.26688,1.05093,1.05093,1.04928,1.05158,1.05290,-48.89776,2552.00000
3.47165,3.46902,3.47165,3.47198,3.47691,2.26194,2.26326,2.26260,2.26589,2.26688,1.05158,1.05125,1.05454,1.04961,1.05191,-46.69356,2553.00000
3.47264,3.47297,3.47395,3.46606,3.47560,2.26359,2.26556,2.26754,2.26063,2.26425,1.04928,1.05290,1.05191,1.05093,1.05191,-46.69356,2554.00000
3.47330,3.47428,3.47395,3.47362,3.47626,2.26622,2.26293,2.26129,2.26556,2.26490,1.05421,1.05125,1.05224,1.04994,1.05257,-44.31752,2555.00000
3.47001,3.47428,3.47297,3.47231,3.47658,2.26425,2.26194,2.26392,2.26359,2.26556,1.05290,1.05290,1.04895,1.05224,1.05158,-44.31752,2556.00000
3.47626,3.47001,3.47658,3.46803,3.47264,2.26194,2.26622,2.26096,2.26852,2.25964,1.05389,1.05060,1.05027,1.05356,1.05093,-44.84775,2557.00000
3.47034,3.47395,3.47626,3.47790,3.47395,2.26688,2.26523,2.26819,2.26030,2.26523,1.05421,1.05060,1.05093,1.05421,1.04994,-44.84775,2558.00000
3.46935,3.47034,3.47889,3.47165,3.46902,2.26458,2.26589,2.26721,2.26359,2.26293,1.05257,1.05257,1.05125,1.05060,1.05093,-45.29563,2559.00000
3.47264,3.47626,3.47395,3.47231,3.47856,2.26458,2.26162,2.26392,2.26293,2.26326,1.05060,1.05356,1.05191,1.05158,1.04994,-46.04833,2560.00000
3.47987,3.47527,3.47856,3.47691,3.47626,2.26490,2.26655,2.26490,2.26721,2.26260,1.05125,1.05060,1.05323,1.05191,1.05027,-46.04833,2561.00000
3.47527,3.48086,3.47658,3.47198,3.47955,2.26589,2.26523,2.26260,2.26556,2.26326,1.04862,1.05158,1.05224,1.04994,1.04797,-46.04833,2562.00000
3.47527,3.47494,3.47132,3.48020,3.47461,2.26622,2.26194,2.26655,2.27082,2.26523,1.05257,1.05125,1.05224,1.04895,1.05421,-46.84960,2563.00000
3.47428,3.47297,3.47165,3.47757,3.47231,2.26490,2.26754,2.26490,2.26458,2.26523,1.04928,1.05125,1.05224,1.05191,1.05093,-46.84960,2564.00000
3.47362,3.47132,3.47593,3.47823,3.48185,2.26819,2.27181,2.26392,2.26425,2.26392,1.05093,1.05060,1.05257,1.05421,1.05389,-47.65722,2565.00000
3.47691,3.47560,3.47527,3.47198,3.47724,2.26293,2.26326,2.26425,2.26523,2.26162,1.05290,1.04928,1.05191,1.05290,1.05356,-47.65722,2566.00000
3.47231,3.47428,3.47856,3.47560,3.47132,2.26556,2.26786,2.26786,2.26918,2.26984,1.05060,1.04797,1.04665,1.05257,1.05224,-48.20377,2567.00000
3.47691,3.47395,3.47461,3.48316,3.47330,2.26425,2.26096,2.26721,2.26655,2.26622,1.05027,1.05125,1.05027,1.04994,1.05027,-48.20377,2568.00000
3.47494,3.47494,3.47790,3.47987,3.47264,2.26523,2.26556,2.26622,2.26721,2.26951,1.05060,1.04928,1.05027,1.05224,1.05224,-48.78787,2569.00000
3.47264,3.47231,3.47527,3.47297,3.47132,2.26754,2.26392,2.26359,2.26721,2.26655,1.05191,1.04994,1.04797,1.05224,1.05060,-48.78787,2570.00000
3.47099,3.48086,3.47066,3.47297,3.47593,2.26227,2.26523,2.26622,2.26688,2.26918,1.05060,1.04862,1.05093,1.05290,1.05093,-49.60532,2571.00000
3.47428,3.47658,3.47527,3.47823,3.48185,2.26721,2.26293,2.26425,2.26490,2.26556,1.05158,1.05027,1.05454,1.05027,1.04862,-49.60532,2572.00000
3.46803,3.46770,3.47362,3.47099,3.47330,2.26523,2.26556,2.26819,2.26688,2.25800,1.05158,1.04862,1.04797,1.05060,1.05027,-50.14704,2573.00000
3.46672,3.47527,3.47066,3.47297,3.47264,2.26260,2.26721,2.26523,2.26458,2.26326,1.04829,1.04829,1.05125,1.05487,1.05158,-50.14704,2574.00000
3.46738,3.46738,3.47132,3.46935,3.46836,2.26359,2.26721,2.26359,2.26359,2.26655,1.05027,1.04928,1.05027,1.05125,1.04928,-50.37797,2575.00000
3.46770,3.46705,3.47428,3.46573,3.47132,2.26227,2.26227,2.26293,2.26162,2.26523,1.04698,1.04928,1.05060,1.04961,1.05421,-50.49775,2576.00000
3.47362,3.47165,3.47231,3.46935,3.46738,2.26425,2.26260,2.26490,2.26162,2.26293,1.04895,1.04665,1.04862,1.05224,1.05257,-50.49775,2577.00000
3.46705,3.47593,3.47165,3.47626,3.46935,2.25997,2.26194,2.26490,2.26162,2.26326,1.04994,1.05158,1.05389,1.05093,1.04862,-50.15280,2578.00000
3.46968,3.46705,3.46343,3.47264,3.47428,2.26030,2.26622,2.26129,2.25866,2.26556,1.05093,1.05652,1.05290,1.05224,1.05586,-50.15280,2579.00000
3.47593,3.47560,3.46968,3.46836,3.47165,2.26194,2.26523,2.26655,2.26326,2.25997,1.05356,1.05389,1.05060,1.04895,1.05685,-50.15280,2580.00000
3.47198,3.47330,3.47198,3.47198,3.47691,2.27082,2.26754,2.25833,2.26458,2.25997,1.05027,1.04994,1.05224,1.05290,1.05191,-50.24835,2581.00000
3.47560,3.47132,3.46409,3.46869,3.47264,2.26655,2.26721,2.26194,2.26392,2.26490,1.04895,1.04764,1.05191,1.05027,1.05125,-50.24835,2582.00000
3.47691,3.47330,3.47362,3.47034,3.46968,2.26359,2.26589,2.26293,2.26293,2.26458,1.05125,1.05060,1.04961,1.05586,1.05125,-50.12488,2583.00000
3.47231,3.47395,3.46606,3.47428,3.47099,2.26425,2.26359,2.26523,2.26096,2.26392,1.05290,1.04698,1.05389,1.05290,1.04994,-50.12488,2584.00000
3.47198,3.47132,3.46738,3.47823,3.47330,2.26194,2.26260,2.26490,2.26096,2.26918,1.04797,1.04994,1.05093,1.04961,1.04961,-50.83520,2585.00000
3.47330,3.46968,3.47066,3.47362,3.46902,2.26523,2.26425,2.25931,2.26425,2.26260,1.05093,1.05389,1.05027,1.05454,1.05158,-50.83520,2586.00000
3.47001,3.47560,3.47264,3.47264,3.47362,2.26458,2.26063,2.25866,2.26293,2.26063,1.05191,1.05027,1.05191,1.05191,1.05257,-50.44124,2587.00000
3.47297,3.47461,3.47395,3.47527,3.47626,2.26490,2.26523,2.26622,2.26852,2.26984,1.05257,1.05158,1.04994,1.05125,1.05290,-50.44124,2588.00000
3.46902,3.46770,3.46540,3.46244,3.46869,2.25668,2.26063,2.26162,2.25964,2.26162,1.04862,1.04862,1.04961,1.05224,1.04829,-50.60666,2589.00000
3.47330,3.47856,3.48020,3.47560,3.47330,2.26523,2.26589,2.26490,2.26721,2.26425,1.04928,1.05060,1.04961,1.05389,1.05027,-50.60666,2590.00000
3.47626,3.47560,3.47790,3.47922,3.47297,2.26786,2.26490,2.26819,2.26194,2.26819,1.05389,1.05454,1.05158,1.04961,1.05125,-50.50373,2591.00000
3.47626,3.47428,3.47395,3.47790,3.47264,2.26392,2.26425,2.26786,2.26326,2.27050,1.05191,1.05158,1.05060,1.05421,1.05125,-50.50373,2592.00000
3.48119,3.47724,3.47593,3.47494,3.47757,2.27050,2.26852,2.26655,2.26721,2.26622,1.05389,1.05027,1.05125,1.05454,1.05125,-50.46603,2593.00000
3.47626,3.47757,3.47691,3.47428,3.47757,2.26885,2.26754,2.26392,2.26721,2.26162,1.05191,1.05060,1.05454,1.05257,1.04928,-50.46603,2594.00000
3.47626,3.47132,3.47658,3.47790,3.47362,2.26885,2.26589,2.26622,2.26523,2.27181,1.04928,1.04731,1.05224,1.04731,1.05389,-50.31231,2595.00000
3.47461,3.47691,3.47001,3.47757,3.47165,2.26556,2.26129,2.26589,2.26293,2.26984,1.05224,1.05093,1.04994,1.05093,1.05290,-50.31231,2596.00000
3.47593,3.47264,3.47922,3.47955,3.47362,2.26589,2.26392,2.26162,2.26359,2.26556,1.04862,1.05421,1.05257,1.05224,1.04764,-49.52787,2597.00000
3.47823,3.47658,3.47593,3.48086,3.48119,2.26786,2.26885,2.26523,2.26392,2.26622,1.05060,1.04928,1.04566,1.05224,1.05027,-49.52787,2598.00000
3.46902,3.47691,3.47494,3.47593,3.47987,2.26819,2.26326,2.26129,2.26655,2.26260,1.04994,1.05421,1.05060,1.05060,1.04994,-49.18883,2599.00000
3.47790,3.47527,3.47165,3.47626,3.47494,2.26885,2.26885,2.26688,2.26655,2.26392,1.04829,1.04961,1.05093,1.05158,1.05158,-49.18883,2600.00000
3.47395,3.47297,3.47330,3.47955,3.47428,2.26063,2.26425,2.26425,2.26556,2.26852,1.05224,1.05125,1.05060,1.04961,1.05487,-48.64216,2601.00000
3.47165,3.47395,3.47132,3.47658,3.47198,2.26688,2.26589,2.25964,2.26622,2.26819,1.05060,1.05224,1.04862,1.05356,1.04961,-48.64216,2602.00000
3.47001,3.47395,3.47560,3.47297,3.47527,2.26951,2.26885,2.26326,2.26918,2.26589,1.05125,1.05027,1.04994,1.05586,1.05454,-47.82361,2603.00000
3.47132,3.47823,3.47856,3.47527,3.47626,2.26293,2.26227,2.26819,2.26655,2.26556,1.05093,1.05257,1.05093,1.04829,1.04928,-47.82361,2604.00000
3.47560,3.47264,3.46803,3.47362,3.47823,2.26490,2.26688,2.26194,2.26293,2.26260,1.05356,1.05356,1.05093,1.04895,1.04731,-45.03996,2605.00000
3.47527,3.47626,3.47658,3.47560,3.47658,2.26425,2.26227,2.26754,2.26951,2.26359,1.05356,1.05520,1.04895,1.05027,1.05191,-45.03996,2606.00000
3.47099,3.47165,3.47428,3.47593,3.47527,2.26096,2.26425,2.26523,2.26523,2.26293,1.05093,1.05027,1.04994,1.05356,1.05257,-44.26818,2607.00000
3.47494,3.46968,3.47560,3.47395,3.46474,2.25997,2.26490,2.26655,2.26129,2.26984,1.04501,1.05125,1.04862,1.05191,1.05290,-44.26818,2608.00000
3.47198,3.47428,3.47264,3.47461,3.48053,2.26523,2.26359,2.27214,2.26655,2.26293,1.05356,1.05224,1.04961,1.05323,1.05224,-44.90437,2609.00000
3.47066,3.47691,3.47428,3.46869,3.48086,2.26162,2.26852,2.26688,2.25997,2.26359,1.05093,1.05257,1.05224,1.04961,1.04994,-44.90437,2610.00000
3.47395,3.47626,3.47527,3.47165,3.47395,2.26786,2.26162,2.26162,2.26227,2.26622,1.05191,1.05290,1.05093,1.04632,1.05093,-45.86724,2611.00000
3.47066,3.47560,3.47395,3.47790,3.47428,2.26786,2.26359,2.26655,2.26490,2.26589,1.05060,1.05389,1.05257,1.05191,1.05224,-45.86724,2612.00000
3.47790,3.47264,3.48152,3.47626,3.47001,2.26162,2.26293,2.26129,2.26754,2.26194,1.05027,1.04961,1.04829,1.05323,1.05257,-46.52054,2613.00000
3.47560,3.47362,3.47560,3.47428,3.47527,2.25767,2.26556,2.26326,2.26819,2.26852,1.05158,1.05290,1.05125,1.05158,1.04665,-46.52054,2614.00000
3.47395,3.46902,3.47494,3.47724,3.47428,2.26490,2.26655,2.27082,2.26359,2.26819,1.05027,1.05027,1.05224,1.05191,1.05257,-47.41018,2615.00000
3.47593,3.47428,3.47362,3.47527,3.47823,2.26162,2.26589,2.26885,2.26260,2.26293,1.04764,1.05290,1.05060,1.05290,1.04632,-47.41018,2616.00000
3.47560,3.47428,3.47428,3.47395,3.47790,2.25964,2.26852,2.26260,2.27115,2.26885,1.04665,1.05356,1.05158,1.05356,1.04895,-48.00653,2617.00000
3.47264,3.47231,3.47198,3.47691,3.47330,2.26194,2.26490,2.26885,2.26129,2.26359,1.04994,1.05027,1.05586,1.05356,1.04895,-48.00653,2618.00000
3.46836,3.47494,3.47823,3.47066,3.47428,2.26622,2.26260,2.26359,2.26622,2.26556,1.04862,1.05454,1.05060,1.05027,1.04862,-48.44966,2619.00000
3.47691,3.47165,3.47560,3.47165,3.47494,2.26326,2.26589,2.26622,2.26227,2.26490,1.05125,1.04895,1.05093,1.04895,1.05027,-48.44966,2620.00000
3.47527,3.47823,3.47165,3.46968,3.47330,2.26392,2.26523,2.26490,2.26556,2.26589,1.04961,1.04731,1.05027,1.04764,1.04698,-48.91110,2621.00000
3.47691,3.47626,3.47001,3.48053,3.47395,2.26425,2.26425,2.26490,2.26523,2.27313,1.05027,1.04797,1.05060,1.05158,1.05125,-48.91110,2622.00000
3.47461,3.47889,3.47330,3.47428,3.47165,2.26556,2.26425,2.26918,2.26260,2.26754,1.05060,1.05586,1.05191,1.05060,1.05093,-49.35870,2623.00000
3.46935,3.47560,3.47198,3.47560,3.46935,2.26622,2.26589,2.26852,2.26688,2.26260,1.05060,1.04994,1.05257,1.05421,1.05191,-49.35870,2624.00000
3.47231,3.47297,3.47132,3.47297,3.47461,2.26096,2.26194,2.26260,2.26523,2.26458,1.04928,1.04961,1.04895,1.05323,1.05093,-50.14701,2625.00000
3.47428,3.47099,3.47264,3.47165,3.47461,2.26425,2.26490,2.26556,2.26425,2.26260,1.04797,1.04928,1.05356,1.05158,1.04829,-50.14701,2626.00000
3.47001,3.46968,3.47099,3.47066,3.47691,2.26096,2.26523,2.26655,2.27017,2.26227,1.05257,1.05158,1.05191,1.04994,1.05060,-49.97919,2627.00000
3.47264,3.47231,3.46869,3.47922,3.46836,2.26359,2.26162,2.26786,2.26655,2.26425,1.05158,1.05060,1.05158,1.05356,1.05158,-49.97919,2628.00000
3.47132,3.46738,3.47461,3.47001,3.47231,2.26194,2.26326,2.26162,2.26392,2.26063,1.05060,1.04533,1.05224,1.04829,1.05224,-50.34746,2629.00000
3.47330,3.47593,3.47297,3.46935,3.47626,2.26096,2.26523,2.26359,2.26556,2.26589,1.05093,1.05060,1.05093,1.05520,1.05191,-50.34746,2630.00000
3.47099,3.47428,3.47297,3.47823,3.47198,2.26523,2.26754,2.26425,2.26458,2.26490,1.05125,1.04501,1.05125,1.05060,1.04928,-50.58808,2631.00000
3.47494,3.47395,3.47658,3.47461,3.47889,2.26392,2.26260,2.26326,2.26655,2.26523,1.05027,1.05125,1.04928,1.04928,1.04961,-50.58808,2632.00000
3.47362,3.46639,3.46902,3.47395,3.47362,2.26490,2.26293,2.26556,2.26490,2.26754,1.04961,1.05191,1.05060,1.04928,1.05027,-51.04961,2633.00000
3.47856,3.47330,3.47823,3.47330,3.46968,2.26194,2.25898,2.26885,2.26622,2.26326,1.05290,1.05158,1.05290,1.05027,1.05389,-51.04961,2634.00000
3.47330,3.47461,3.47099,3.47658,3.47889,2.26754,2.26523,2.26754,2.26688,2.26490,1.05224,1.04994,1.05191,1.05323,1.05191,-50.87064,2635.00000
3.47132,3.47593,3.47527,3.47330,3.48152,2.26359,2.26129,2.26392,2.26852,2.26260,1.05389,1.04829,1.04994,1.05257,1.05027,-50.87064,2636.00000
3.47823,3.47264,3.47428,3.47856,3.47297,2.26490,2.26490,2.26556,2.26589,2.26260,1.05454,1.05125,1.04698,1.05060,1.04829,-50.60158,2637.00000
3.47165,3.47231,3.47560,3.47132,3.47527,2.26556,2.26523,2.26688,2.26359,2.26063,1.04829,1.04961,1.04895,1.05027,1.05027,-50.60158,2638.00000
3.47494,3.47297,3.47132,3.47297,3.47362,2.26458,2.26622,2.26786,2.26326,2.26194,1.05191,1.05191,1.04829,1.05093,1.05191,-50.70216,2639.00000
3.47527,3.47165,3.46738,3.47823,3.47132,2.26589,2.26589,2.26523,2.27313,2.26490,1.05093,1.05224,1.05257,1.05323,1.05093,-50.70216,2640.00000
3.46738,3.47790,3.46869,3.47428,3.47626,2.26490,2.26326,2.26293,2.26589,2.26523,1.04928,1.05027,1.04895,1.04994,1.04764,-50.04819,2641.00000
3.47231,3.47428,3.46836,3.47494,3.47790,2.26622,2.26194,2.26227,2.26162,2.26523,1.05060,1.04961,1.05158,1.05421,1.04994,-50.04819,2642.00000
3.47428,3.47264,3.47691,3.47527,3.47001,2.26490,2.26162,2.26162,2.26392,2.26688,1.05060,1.05421,1.05093,1.05093,1.05323,-50.23557,2643.00000
3.47593,3.47297,3.47593,3.47198,3.47724,2.26490,2.26754,2.25964,2.26326,2.26655,1.05257,1.04829,1.05224,1.05191,1.05027,-50.23557,2644.00000
3.47724,3.47461,3.47955,3.47560,3.47658,2.26194,2.26622,2.26556,2.26293,2.26852,1.04961,1.05125,1.05290,1.05093,1.05093,-50.45165,2645.00000
3.47494,3.47724,3.47790,3.47231,3.47231,2.26556,2.26359,2.26589,2.26458,2.26490,1.04533,1.04764,1.05520,1.05093,1.05027,-50.45165,2646.00000
3.47691,3.47198,3.47658,3.46803,3.47428,2.26655,2.26194,2.26754,2.26852,2.26293,1.05191,1.05060,1.05290,1.05487,1.05060,-50.29133,2647.00000
3.47362,3.47362,3.48086,3.47889,3.47428,2.26162,2.26589,2.26819,2.26951,2.26622,1.04994,1.04994,1.05060,1.05389,1.04895,-50.29133,2648.00000
3.46836,3.47362,3.47626,3.47922,3.47823,2.26688,2.26194,2.26589,2.26721,2.26754,1.05093,1.05586,1.04895,1.05323,1.05060,-50.47905,2649.00000
3.47757,3.47034,3.47165,3.47264,3.47264,2.26589,2.26984,2.26918,2.26688,2.26556,1.05323,1.05421,1.04961,1.05290,1.04797,-50.47905,2650.00000
3.48185,3.47889,3.47198,3.48152,3.47593,2.26852,2.26392,2.26293,2.26918,2.26556,1.04994,1.05257,1.04797,1.04698,1.05158,-50.61071,2651.00000
3.47856,3.47790,3.47790,3.47527,3.47889,2.27181,2.26326,2.26819,2.26490,2.26754,1.05191,1.05125,1.05191,1.04994,1.04994,-50.61071,2652.00000
3.48349,3.48020,3.48086,3.46968,3.47823,2.26786,2.26885,2.26622,2.27050,2.26951,1.04994,1.05454,1.05125,1.05290,1.04797,-50.53898,2653.00000
3.47560,3.47790,3.47330,3.48152,3.47856,2.26556,2.26458,2.26425,2.26754,2.26655,1.04895,1.05060,1.04961,1.04928,1.05224,-50.53898,2654.00000
3.47297,3.47757,3.47889,3.48119,3.47922,2.26425,2.26622,2.27050,2.26885,2.26490,1.04797,1.05290,1.05093,1.05027,1.04829,-50.75157,2655.00000
3.47527,3.47790,3.47724,3.47297,3.48251,2.26359,2.26359,2.26655,2.26655,2.26951,1.05323,1.05158,1.04895,1.05158,1.05027,-50.75157,2656.00000
3.47560,3.47527,3.47889,3.47889,3.48020,2.26885,2.26129,2.26852,2.26523,2.26359,1.05093,1.04566,1.04994,1.04829,1.05125,-50.21459,2657.00000
3.47165,3.48053,3.47264,3.48086,3.47856,2.26918,2.26951,2.26655,2.26885,2.26754,1.04797,1.05191,1.04994,1.04862,1.04961,-50.21459,2658.00000
3.47362,3.48349,3.47626,3.48349,3.47560,2.26260,2.26885,2.26918,2.26918,2.26819,1.04928,1.05191,1.05027,1.05257,1.04797,-49.99006,2659.00000
3.47395,3.47362,3.47856,3.47461,3.47231,2.26951,2.26918,2.26392,2.26490,2.26984,1.04928,1.04895,1.04862,1.05191,1.05027,-49.99006,2660.00000
3.47724,3.48119,3.46935,3.47922,3.47922,2.26655,2.26786,2.26425,2.26326,2.26984,1.05027,1.04928,1.05027,1.04435,1.05487,-50.11870,2661.00000
3.48152,3.47922,3.47691,3.47395,3.48119,2.26852,2.26721,2.26655,2.26852,2.26556,1.05191,1.04862,1.04731,1.04599,1.04862,-50.11870,2662.00000
3.47757,3.47955,3.47198,3.47461,3.47198,2.26852,2.26655,2.26754,2.26819,2.27247,1.05158,1.05158,1.04862,1.04895,1.05060,-50.03844,2663.00000
3.47395,3.47231,3.47790,3.48020,3.47823,2.26490,2.26129,2.26819,2.26293,2.26786,1.05093,1.04862,1.04928,1.05257,1.05060,-50.03844,2664.00000
3.47395,3.47593,3.47757,3.47461,3.46803,2.26622,2.26523,2.26260,2.26458,2.26786,1.04862,1.05191,1.05158,1.04829,1.04829,-49.61222,2665.00000
3.47066,3.47362,3.47856,3.47428,3.47527,2.26490,2.26688,2.26326,2.26326,2.26556,1.04731,1.05027,1.04764,1.04961,1.05158,-49.61222,2666.00000
3.47198,3.47987,3.46968,3.46968,3.47560,2.26655,2.26688,2.26721,2.25931,2.25866,1.04797,1.04895,1.04764,1.04829,1.05027,-50.10443,2667.00000
3.47264,3.46968,3.47362,3.47066,3.47330,2.26425,2.26589,2.26392,2.26030,2.26458,1.04764,1.04862,1.04994,1.04961,1.04928,-50.10443,2668.00000
3.47395,3.47790,3.47428,3.47626,3.47165,2.26293,2.26786,2.26556,2.25866,2.26458,1.04895,1.04797,1.05060,1.05323,1.05158,-50.42119,2669.00000
3.47626,3.47034,3.47560,3.47560,3.47362,2.26622,2.26425,2.26754,2.26754,2.26754,1.05093,1.05093,1.05093,1.05027,1.05027,-50.42119,2670.00000
3.47362,3.47099,3.47461,3.47428,3.47395,2.26194,2.26425,2.26326,2.26589,2.26458,1.05060,1.05257,1.05060,1.05125,1.04764,-50.51028,2671.00000
3.47527,3.46573,3.46705,3.47297,3.47757,2.26688,2.26227,2.26194,2.26326,2.26227,1.05027,1.05060,1.04994,1.05060,1.04862,-50.51028,2672.00000
3.47297,3.47691,3.47461,3.47362,3.47593,2.26458,2.26819,2.26655,2.26194,2.26425,1.05290,1.05290,1.04895,1.04764,1.05027,-50.46063,2673.00000
3.47034,3.47395,3.47527,3.47889,3.47198,2.26162,2.26523,2.26260,2.26326,2.26359,1.04895,1.05125,1.04928,1.04994,1.05290,-50.46063,2674.00000
3.47461,3.47198,3.47034,3.47099,3.47001,2.26523,2.26490,2.27082,2.26951,2.26754,1.05158,1.04764,1.05093,1.04731,1.04797,-50.10526,2675.00000
3.47626,3.47198,3.47856,3.47593,3.46639,2.26655,2.26326,2.26392,2.26523,2.27082,1.04961,1.05093,1.05093,1.05060,1.05060,-50.10526,2676.00000
3.47527,3.46869,3.47428,3.47362,3.47658,2.26688,2.26688,2.26326,2.26589,2.25833,1.05093,1.04994,1.04895,1.04928,1.04994,-50.26712,2677.00000
3.47527,3.47461,3.47231,3.48020,3.47330,2.26293,2.26293,2.26392,2.26326,2.26688,1.05093,1.05125,1.05356,1.05125,1.05060,-50.26712,2678.00000
3.47198,3.47560,3.47461,3.47691,3.47724,2.26622,2.26194,2.26523,2.26688,2.26819,1.05027,1.04961,1.05389,1.05027,1.04961,-50.58986,2679.00000
3.47593,3.48053,3.47330,3.47724,3.47231,2.26129,2.26523,2.26490,2.26589,2.26458,1.04829,1.05125,1.05224,1.04829,1.04895,-50.58986,2680.00000
3.47922,3.47066,3.46705,3.47395,3.47264,2.26490,2.26425,2.26096,2.26326,2.26655,1.05060,1.04928,1.05125,1.04665,1.04599,-49.91310,2681.00000
3.47132,3.47362,3.47494,3.47132,3.47198,2.26655,2.26918,2.26194,2.26622,2.26721,1.04961,1.04994,1.04961,1.05323,1.05323,-49.91310,2682.00000
3.47099,3.47165,3.47165,3.46968,3.47066,2.26359,2.26622,2.26885,2.26622,2.26523,1.04764,1.04764,1.04994,1.04599,1.05027,-50.03809,2683.00000
3.47132,3.47099,3.47066,3.47330,3.47034,2.26852,2.26655,2.26260,2.26786,2.26359,1.04895,1.05125,1.05158,1.05224,1.05125,-50.03809,2684.00000
3.47362,3.46902,3.47987,3.47066,3.47494,2.26754,2.26655,2.26688,2.26162,2.26754,1.04829,1.04731,1.04797,1.05191,1.04895,-50.42090,2685.00000
3.47034,3.47297,3.47856,3.47691,3.48119,2.26227,2.26655,2.26359,2.26819,2.26721,1.05389,1.05027,1.04764,1.05027,1.05257,-50.42090,2686.00000
3.47362,3.47823,3.46968,3.47691,3.47527,2.26688,2.26458,2.26885,2.26918,2.26819,1.05093,1.05158,1.04961,1.05158,1.04961,-50.66146,2687.00000
3.47461,3.47001,3.47922,3.47099,3.47231,2.26260,2.26523,2.26556,2.26392,2.26721,1.04895,1.04994,1.05224,1.04895,1.05356,-50.66146,2688.00000
3.47198,3.46869,3.47560,3.47428,3.47691,2.27017,2.26326,2.26589,2.26754,2.26589,1.05093,1.05257,1.04698,1.05389,1.04895,-51.31825,2689.00000
3.47724,3.47132,3.47626,3.47658,3.47724,2.27017,2.26556,2.26326,2.26392,2.26655,1.04862,1.05093,1.05125,1.04994,1.04994,-51.31825,2690.00000
3.46836,3.47428,3.47297,3.47626,3.47362,2.26622,2.26490,2.26688,2.26688,2.26786,1.05257,1.04994,1.05027,1.05323,1.05027,-51.36061,2691.00000
3.47593,3.47461,3.47099,3.47527,3.47198,2.26392,2.26490,2.26523,2.26589,2.26786,1.04731,1.04862,1.05356,1.04961,1.04797,-51.36061,2692.00000
3.47297,3.47231,3.46968,3.47001,3.46968,2.26392,2.27017,2.26425,2.26458,2.26392,1.04829,1.04665,1.05191,1.05027,1.05060,-51.30583,2693.00000
3.47066,3.47461,3.47330,3.47395,3.47297,2.26589,2.26589,2.26721,2.26458,2.26556,1.04961,1.04533,1.04731,1.04829,1.04533,-51.30583,2694.00000
3.47395,3.47494,3.47724,3.47790,3.47330,2.27017,2.26458,2.26589,2.26655,2.26622,1.05125,1.05060,1.05356,1.04961,1.04928,-51.38651,2695.00000
3.47001,3.47724,3.47198,3.47198,3.47494,2.26490,2.26359,2.26162,2.26458,2.26326,1.05027,1.05257,1.05027,1.05421,1.05027,-51.38651,2696.00000
3.47034,3.47856,3.47066,3.47428,3.47560,2.25931,2.26359,2.26458,2.26490,2.26688,1.05191,1.04994,1.05257,1.05257,1.05158,-51.34100,2697.00000
3.47527,3.46738,3.47691,3.47395,3.47264,2.26490,2.26490,2.26688,2.26589,2.26523,1.05027,1.05027,1.04632,1.04994,1.05356,-51.34100,2698.00000
3.47527,3.47132,3.47132,3.47198,3.47494,2.26951,2.26754,2.26194,2.26260,2.26589,1.05093,1.05060,1.04566,1.05125,1.05421,-51.29928,2699.00000
3.47198,3.47395,3.46770,3.47264,3.47461,2.26359,2.26523,2.26918,2.26556,2.26523,1.04928,1.05093,1.04961,1.04862,1.04928,-51.29928,2700.00000
3.47165,3.47691,3.47330,3.47330,3.47527,2.26754,2.26458,2.26096,2.26392,2.26425,1.05027,1.05125,1.05158,1.05224,1.04961,-51.18682,2701.00000
3.47165,3.47034,3.47527,3.47494,3.47922,2.26523,2.26622,2.26490,2.26622,2.26425,1.04895,1.04928,1.05191,1.04961,1.04764,-51.18682,2702.00000
3.47231,3.47395,3.46770,3.47231,3.47264,2.26556,2.26556,2.26754,2.26129,2.27082,1.04862,1.05323,1.05224,1.04797,1.05356,-51.10046,2703.00000
3.47626,3.47691,3.48020,3.47494,3.47297,2.26819,2.26754,2.26523,2.26162,2.26359,1.04994,1.04665,1.05093,1.04895,1.05158,-51.31469,2704.00000
3.47132,3.47593,3.47165,3.47330,3.47362,2.26523,2.26458,2.26589,2.26819,2.26655,1.04731,1.05060,1.04994,1.04862,1.04928,-51.31469,2705.00000
3.47461,3.47395,3.47198,3.47560,3.47132,2.26885,2.26819,2.26392,2.26589,2.26852,1.04797,1.05093,1.05125,1.05060,1.04895,-51.31469,2706.00000
3.47330,3.47461,3.47362,3.47494,3.46902,2.26556,2.26786,2.26392,2.26162,2.26392,1.05060,1.04829,1.05093,1.05027,1.04829,-51.12711,2707.00000
3.47691,3.47527,3.47593,3.47626,3.47198,2.25964,2.26984,2.26162,2.26425,2.26490,1.05027,1.05257,1.05290,1.05027,1.04829,-51.12711,2708.00000
3.47297,3.47691,3.47560,3.47856,3.47330,2.26260,2.26392,2.25898,2.26162,2.26425,1.04862,1.05421,1.05191,1.05191,1.04797,-51.25759,2709.00000
3.47626,3.47790,3.47001,3.47494,3.47527,2.26622,2.26359,2.26556,2.26490,2.26326,1.04961,1.04895,1.05060,1.04895,1.05093,-51.25759,2710.00000
3.47593,3.47527,3.47461,3.48152,3.47395,2.26589,2.26655,2.26754,2.26655,2.26918,1.05158,1.05027,1.05027,1.05125,1.05191,-50.93931,2711.00000
3.48020,3.47362,3.47264,3.47626,3.47626,2.26655,2.26326,2.26918,2.26786,2.26392,1.05060,1.05158,1.05060,1.04961,1.05093,-50.93931,2712.00000
3.47034,3.47461,3.47132,3.47461,3.47823,2.27082,2.26918,2.26819,2.26852,2.26359,1.05027,1.05027,1.04994,1.05323,1.05093,-51.56045,2713.00000
3.47691,3.47757,3.47757,3.47297,3.47955,2.26852,2.26425,2.26260,2.26622,2.26589,1.04797,1.04731,1.05158,1.05158,1.04928,-51.20957,2714.00000
3.47297,3.46935,3.48053,3.47658,3.47198,2.26030,2.26392,2.26260,2.26162,2.26359,1.04862,1.04928,1.05356,1.04994,1.04599,-51.20957,2715.00000
3.47099,3.47494,3.47034,3.47297,3.47724,2.26523,2.26688,2.26458,2.26096,2.26194,1.05027,1.04764,1.05027,1.05027,1.04928,-51.20957,2716.00000
3.47724,3.47395,3.47724,3.47658,3.47724,2.26721,2.26293,2.26030,2.26655,2.26786,1.04829,1.05454,1.05093,1.05158,1.04862,-51.07982,2717.00000
3.47823,3.47560,3.47691,3.47626,3.47593,2.26392,2.26326,2.26458,2.26425,2.26589,1.05421,1.05389,1.05290,1.05257,1.05060,-51.07982,2718.00000
3.47132,3.47626,3.47560,3.47395,3.47593,2.26918,2.26556,2.26392,2.26425,2.26885,1.04928,1.05257,1.05060,1.04895,1.05257,-51.09911,2719.00000
3.47297,3.47231,3.47395,3.47428,3.47099,2.26162,2.26589,2.26392,2.26359,2.27050,1.04994,1.05290,1.05060,1.04862,1.04928,-51.09911,2720.00000
3.47132,3.47231,3.47461,3.46902,3.48283,2.26655,2.26622,2.26260,2.26819,2.26523,1.05290,1.04928,1.04961,1.05454,1.04961,-51.20637,2721.00000
3.47231,3.47691,3.47461,3.47790,3.47494,2.26359,2.26260,2.26227,2.26490,2.26523,1.05027,1.05027,1.05158,1.05323,1.05093,-51.20637,2722.00000
3.47691,3.47560,3.47856,3.47395,3.47362,2.26721,2.26885,2.26786,2.26688,2.26622,1.05421,1.05948,1.05093,1.05158,1.04928,-51.25184,2723.00000
3.47593,3.47362,3.47593,3.47297,3.47527,2.26490,2.26721,2.26754,2.26852,2.26688,1.05224,1.05421,1.05520,1.05586,1.05158,-51.25184,2724.00000
3.47428,3.47461,3.47395,3.47099,3.47231,2.26688,2.26721,2.26162,2.26293,2.26326,1.05093,1.04994,1.05158,1.05257,1.05224,-51.51653,2725.00000
3.47461,3.47494,3.47461,3.47790,3.47428,2.25833,2.26523,2.26721,2.26951,2.26227,1.05586,1.05586,1.05553,1.05224,1.05520,-51.51653,2726.00000
3.47955,3.47560,3.47593,3.47461,3.47330,2.25997,2.26162,2.26458,2.26655,2.26655,1.05783,1.05191,1.05389,1.05553,1.05356,-51.03218,2727.00000
3.47560,3.47527,3.47922,3.47790,3.47691,2.26392,2.26162,2.26490,2.26293,2.26589,1.05619,1.05224,1.05421,1.05750,1.05191,-51.03218,2728.00000
3.47527,3.48086,3.47922,3.47757,3.47231,2.27050,2.26556,2.26392,2.26490,2.26721,1.05356,1.05454,1.05421,1.05454,1.05224,-51.22034,2729.00000
3.48020,3.47593,3.47362,3.47264,3.47658,2.26688,2.26655,2.26458,2.26819,2.26490,1.05421,1.05158,1.05224,1.05323,1.05421,-51.22034,2730.00000
3.47165,3.47889,3.48251,3.47428,3.47987,2.26425,2.26458,2.26852,2.26556,2.27181,1.05323,1.05553,1.05389,1.05191,1.05553,-50.77776,2731.00000
3.47034,3.47297,3.47889,3.47395,3.48020,2.26885,2.25997,2.26984,2.26721,2.26359,1.05060,1.05652,1.05553,1.05750,1.05520,-50.77776,2732.00000
3.47856,3.48119,3.47297,3.47560,3.47626,2.26786,2.27181,2.26984,2.26655,2.27050,1.05191,1.05586,1.05520,1.05389,1.05882,-50.84077,2733.00000
3.47626,3.48218,3.47922,3.47626,3.47955,2.27181,2.26523,2.26622,2.26951,2.26655,1.05619,1.05948,1.05323,1.05619,1.05356,-50.84077,2734.00000
3.47922,3.47823,3.47428,3.47922,3.47593,2.26655,2.26589,2.26852,2.26754,2.26622,1.05356,1.05356,1.05323,1.05717,1.05454,-50.89905,2735.00000
3.47889,3.47461,3.48481,3.48053,3.47593,2.27017,2.26392,2.26458,2.26786,2.26655,1.05717,1.05421,1.05454,1.05454,1.05389,-50.89905,2736.00000
3.47823,3.47461,3.48579,3.47856,3.48251,2.26688,2.26589,2.27050,2.26885,2.26655,1.05389,1.05652,1.05586,1.05685,1.05882,-50.79956,2737.00000
3.48415,3.47823,3.47231,3.48053,3.48382,2.26589,2.26984,2.26984,2.27214,2.27247,1.05816,1.05685,1.05915,1.05454,1.05454,-50.79956,2738.00000
3.47889,3.47626,3.47889,3.48020,3.47987,2.27313,2.26951,2.26359,2.26918,2.26918,1.05717,1.05487,1.05685,1.05783,1.05685,-51.09457,2739.00000
3.48020,3.47757,3.48251,3.47889,3.47987,2.26688,2.26918,2.26951,2.26786,2.26819,1.05783,1.05685,1.05652,1.05652,1.05520,-51.09457,2740.00000
3.48152,3.47626,3.47593,3.48316,3.47823,2.27115,2.27082,2.27181,2.26786,2.27181,1.05586,1.05586,1.05619,1.05520,1.05783,-50.96246,2741.00000
3.48053,3.47856,3.47790,3.48086,3.48086,2.26819,2.26852,2.26655,2.26589,2.27082,1.05783,1.05586,1.05783,1.05454,1.05750,-50.96246,2742.00000
3.48251,3.47922,3.48382,3.47955,3.48119,2.26721,2.26688,2.26589,2.26918,2.27082,1.05981,1.05981,1.05619,1.05356,1.05948,-50.37634,2743.00000
3.47922,3.47889,3.48053,3.48316,3.47987,2.26951,2.26688,2.27181,2.26786,2.26490,1.05948,1.06178,1.05619,1.05685,1.05915,-50.37634,2744.00000
3.47428,3.48152,3.47691,3.47626,3.47856,2.26721,2.26556,2.26655,2.26918,2.26721,1.05849,1.05685,1.05586,1.05750,1.05553,-50.52108,2745.00000
3.47626,3.47757,3.47691,3.47955,3.47560,2.26918,2.26951,2.26786,2.26589,2.26786,1.05685,1.05849,1.05783,1.05783,1.05783,-50.52108,2746.00000
3.47527,3.47626,3.47658,3.48119,3.47889,2.26951,2.26326,2.26622,2.26523,2.26786,1.05948,1.05915,1.05652,1.05882,1.05717,-51.07981,2747.00000
3.47626,3.48053,3.47955,3.47922,3.48218,2.27050,2.26688,2.26655,2.26688,2.26392,1.06211,1.05520,1.05586,1.05652,1.05816,-51.24721,2748.00000
3.47757,3.48349,3.47494,3.48382,3.46902,2.27017,2.26490,2.26984,2.26918,2.26852,1.06112,1.06112,1.05553,1.05948,1.05882,-51.24721,2749.00000
3.48086,3.47987,3.47428,3.47626,3.48086,2.26786,2.26655,2.26918,2.26951,2.27280,1.05685,1.05520,1.05750,1.05816,1.05849,-51.24721,2750.00000
3.48119,3.47987,3.47560,3.48119,3.47593,2.26754,2.26655,2.27214,2.26918,2.27280,1.05849,1.05652,1.05783,1.05685,1.05158,-51.43043,2751.00000
3.47889,3.47099,3.48349,3.47987,3.47889,2.26852,2.26622,2.26688,2.26556,2.26754,1.05717,1.05783,1.05454,1.05553,1.05487,-51.31658,2752.00000
3.48053,3.48152,3.47790,3.48020,3.47494,2.26819,2.26721,2.26885,2.27313,2.27148,1.05520,1.05553,1.05783,1.05750,1.05553,-51.31658,2753.00000
3.47823,3.47987,3.47658,3.47527,3.48547,2.26984,2.27017,2.26589,2.26490,2.27017,1.05553,1.05257,1.05487,1.05553,1.05717,-51.31658,2754.00000
3.47790,3.47527,3.47856,3.47922,3.47362,2.27181,2.26984,2.26556,2.26589,2.26786,1.05125,1.05389,1.05158,1.05093,1.05125,-51.17232,2755.00000
3.48481,3.48349,3.47922,3.47757,3.47691,2.27050,2.26984,2.26754,2.26984,2.27115,1.05586,1.05356,1.05191,1.05619,1.05882,-51.62139,2756.00000
3.48185,3.47889,3.48152,3.47626,3.47560,2.26984,2.26819,2.26655,2.27050,2.26984,1.05553,1.04994,1.05389,1.05191,1.05421,-51.62139,2757.00000
3.48119,3.47922,3.47757,3.47757,3.48415,2.26918,2.26984,2.26458,2.26655,2.26786,1.04928,1.05586,1.05290,1.05191,1.04764,-51.62139,2758.00000
3.47790,3.48678,3.47856,3.48251,3.47757,2.26392,2.26918,2.26885,2.26918,2.26490,1.05257,1.05191,1.05125,1.05060,1.05389,-51.51387,2759.00000
3.47955,3.47461,3.47724,3.47955,3.48218,2.26786,2.26885,2.26622,2.27148,2.26458,1.05125,1.04994,1.05158,1.05389,1.05421,-51.51387,2760.00000
3.48349,3.47593,3.48349,3.47724,3.47757,2.26490,2.26162,2.26688,2.26885,2.27017,1.05553,1.05027,1.05586,1.05290,1.05224,-51.26478,2761.00000
3.48119,3.48382,3.47428,3.47856,3.48415,2.26490,2.26655,2.26819,2.26556,2.26655,1.05060,1.05158,1.05520,1.05060,1.05356,-51.26478,2762.00000
3.47889,3.47626,3.48119,3.47790,3.48086,2.26425,2.26786,2.26523,2.27050,2.26984,1.05158,1.05520,1.05027,1.05125,1.05356,-51.25171,2763.00000
3.47461,3.47264,3.47790,3.47724,3.48086,2.27115,2.27017,2.26392,2.27017,2.26293,1.05356,1.05487,1.05093,1.05257,1.05224,-51.25171,2764.00000
3.48152,3.47691,3.47856,3.47691,3.48251,2.26556,2.26556,2.26951,2.26688,2.26260,1.05158,1.05323,1.04961,1.05093,1.05421,-51.18116,2765.00000
3.47330,3.47790,3.48415,3.48251,3.47691,2.26819,2.26786,2.26359,2.26754,2.26885,1.05454,1.04698,1.05224,1.05093,1.05389,-51.18116,2766.00000
3.47527,3.47757,3.47461,3.48086,3.47494,2.26819,2.27280,2.26786,2.26655,2.26589,1.05027,1.05027,1.04928,1.05421,1.05290,-52.00000,2767.00000
3.47494,3.47428,3.47790,3.47922,3.47494,2.26589,2.26622,2.26326,2.26589,2.26852,1.05520,1.05290,1.05454,1.05323,1.05257,-52.00000,2768.00000
3.48514,3.47297,3.47264,3.48086,3.47626,2.26622,2.26523,2.26589,2.26819,2.26096,1.05454,1.05125,1.05356,1.05093,1.05027,-51.97136,2769.00000
3.47593,3.47593,3.47889,3.47593,3.47691,2.26721,2.26918,2.27082,2.26622,2.26721,1.05290,1.05027,1.05060,1.04928,1.04994,-51.97136,2770.00000
3.47724,3.48020,3.48185,3.47823,3.47330,2.26852,2.27115,2.26819,2.26458,2.26852,1.05421,1.05224,1.04764,1.05060,1.05060,-51.60070,2771.00000
3.47593,3.47461,3.47527,3.47922,3.47560,2.26754,2.26918,2.26589,2.26622,2.26490,1.05224,1.05257,1.05553,1.05158,1.05257,-51.60070,2772.00000
3.47922,3.47461,3.47362,3.47593,3.48349,2.26721,2.26556,2.26556,2.26194,2.26951,1.05093,1.05454,1.05290,1.05060,1.05421,-52.16251,2773.00000
3.47987,3.47691,3.48053,3.48119,3.47132,2.26852,2.26885,2.26852,2.26984,2.26688,1.04928,1.05027,1.04862,1.04895,1.05224,-52.16251,2774.00000
3.47757,3.48020,3.47560,3.48020,3.47922,2.26951,2.27510,2.27115,2.27280,2.27017,1.05290,1.04862,1.04764,1.05290,1.04961,-52.14805,2775.00000
3.47428,3.47593,3.47395,3.47691,3.48020,2.26260,2.26655,2.26754,2.26688,2.25964,1.04895,1.05125,1.05389,1.05389,1.05487,-52.14805,2776.00000
3.47757,3.47626,3.47724,3.47724,3.48119,2.26425,2.26458,2.26754,2.26688,2.26523,1.05027,1.04829,1.04731,1.05027,1.04994,-51.55573,2777.00000
3.47626,3.48086,3.47658,3.47856,3.48020,2.26326,2.26622,2.26392,2.26260,2.26885,1.04895,1.04928,1.04994,1.05093,1.05224,-51.55573,2778.00000
3.47494,3.47691,3.47461,3.48218,3.47658,2.26819,2.26721,2.26754,2.26754,2.26721,1.05125,1.05389,1.05224,1.04895,1.04928,-51.03553,2779.00000
3.47560,3.47889,3.47066,3.48086,3.48382,2.26589,2.27115,2.26951,2.26458,2.26721,1.05257,1.04994,1.05224,1.05027,1.05093,-51.03553,2780.00000
3.47428,3.47790,3.47823,3.47790,3.47856,2.26721,2.26721,2.26852,2.26260,2.26885,1.05093,1.04895,1.05356,1.05093,1.04895,-51.34302,2781.00000
3.47955,3.47626,3.47691,3.47461,3.47362,2.26458,2.27017,2.27115,2.26556,2.26721,1.04994,1.04566,1.04632,1.04764,1.04961,-51.34302,2782.00000
3.47560,3.47494,3.48382,3.47658,3.47987,2.26556,2.26885,2.27017,2.26326,2.26786,1.05125,1.05158,1.04764,1.05224,1.05093,-51.76286,2783.00000
3.47724,3.47823,3.47955,3.48119,3.47757,2.26721,2.26556,2.26786,2.27280,2.26852,1.05224,1.05093,1.05027,1.04797,1.05290,-51.76286,2784.00000
3.48086,3.48119,3.48020,3.48152,3.47593,2.26490,2.26754,2.26293,2.26885,2.26359,1.04994,1.04994,1.04961,1.05290,1.05027,-51.97277,2785.00000
3.47889,3.48086,3.47428,3.48218,3.48678,2.27050,2.26458,2.26852,2.26754,2.26754,1.04369,1.04895,1.04895,1.04994,1.05158,-51.97277,2786.00000
3.47757,3.47527,3.48119,3.47955,3.47428,2.26819,2.26688,2.26655,2.26655,2.26359,1.05125,1.04829,1.04698,1.04895,1.05027,-51.98412,2787.00000
3.47527,3.48152,3.48316,3.48086,3.47691,2.26721,2.26984,2.26819,2.26655,2.26589,1.04599,1.05027,1.05356,1.04895,1.04961,-51.98412,2788.00000
3.47264,3.47889,3.48251,3.48251,3.48152,2.26688,2.26951,2.26951,2.26721,2.26655,1.04632,1.05224,1.05257,1.05290,1.04764,-51.59456,2789.00000
3.47757,3.47658,3.47987,3.47757,3.47198,2.26754,2.26852,2.26754,2.26655,2.26951,1.04797,1.04994,1.04829,1.04797,1.04599,-51.59456,2790.00000
3.47823,3.48448,3.48020,3.47428,3.47691,2.26458,2.26852,2.26688,2.26885,2.26852,1.04994,1.04994,1.04994,1.04764,1.04829,-51.74012,2791.00000
3.47297,3.47757,3.47889,3.47856,3.47955,2.26754,2.26852,2.26556,2.26523,2.26425,1.05060,1.05125,1.04829,1.04829,1.04698,-51.74012,2792.00000
3.47362,3.48415,3.47626,3.47987,3.47790,2.26556,2.26918,2.26754,2.26786,2.26885,1.04731,1.04829,1.04665,1.04764,1.04599,-51.63046,2793.00000
3.48185,3.47856,3.48020,3.48152,3.48086,2.26688,2.27214,2.26885,2.26359,2.26984,1.05093,1.04632,1.05093,1.04961,1.04599,-51.63046,2794.00000
3.47560,3.48349,3.46902,3.47494,3.47757,2.26754,2.27115,2.26852,2.26425,2.26655,1.04468,1.04862,1.05125,1.04829,1.05060,-51.02512,2795.00000
3.47362,3.47560,3.48152,3.47658,3.48020,2.27346,2.26589,2.26523,2.26754,2.26819,1.04764,1.04797,1.04501,1.04764,1.05093,-51.02512,2796.00000
3.47757,3.47922,3.47790,3.48514,3.48020,2.26754,2.26951,2.26589,2.26688,2.26688,1.04665,1.04764,1.04566,1.04468,1.04468,-51.49234,2797.00000
3.47790,3.47955,3.48152,3.48020,3.47823,2.26984,2.26951,2.26688,2.26786,2.26951,1.04928,1.04698,1.04764,1.04402,1.04961,-51.49234,2798.00000
3.47428,3.47987,3.47264,3.47593,3.47428,2.26655,2.26786,2.26392,2.27082,2.26754,1.04698,1.04731,1.04501,1.04501,1.04566,-51.18044,2799.00000
3.47922,3.47757,3.47724,3.47461,3.47922,2.26951,2.26655,2.26490,2.26951,2.26622,1.04533,1.04698,1.05027,1.04764,1.04797,-51.18044,2800.00000
3.47626,3.47658,3.47987,3.48349,3.47724,2.26622,2.26786,2.26523,2.26589,2.26786,1.04566,1.05125,1.04928,1.04764,1.05027,-51.23129,2801.00000
3.48152,3.47691,3.48020,3.47658,3.48119,2.27148,2.26523,2.26786,2.26951,2.26622,1.05093,1.04731,1.05060,1.04599,1.04895,-51.23129,2802.00000
3.48020,3.47757,3.47922,3.47593,3.47560,2.26754,2.26754,2.26523,2.26918,2.27148,1.04533,1.05027,1.04928,1.04599,1.04829,-51.25706,2803.00000
3.47626,3.47757,3.48185,3.47626,3.47724,2.26918,2.27115,2.27181,2.26754,2.27082,1.04731,1.04928,1.04994,1.04895,1.04698,-51.25706,2804.00000
3.47955,3.48382,3.47330,3.48612,3.48020,2.26622,2.27082,2.27181,2.26951,2.26754,1.04797,1.04698,1.04829,1.04928,1.04862,-51.54117,2805.00000
3.47724,3.47987,3.47362,3.47626,3.48382,2.26129,2.26490,2.26622,2.26951,2.26786,1.04994,1.05224,1.05027,1.04797,1.05093,-51.54117,2806.00000
3.47922,3.47955,3.47922,3.47922,3.47658,2.26622,2.27050,2.26622,2.27017,2.26786,1.04599,1.04994,1.04764,1.05060,1.04961,-51.60199,2807.00000
3.47987,3.47856,3.48020,3.47395,3.47066,2.26885,2.26754,2.26523,2.26885,2.26425,1.04961,1.04764,1.05093,1.04895,1.05224,-51.60199,2808.00000
3.48251,3.47198,3.47790,3.47691,3.47527,2.26885,2.26523,2.26655,2.26622,2.27050,1.04665,1.04895,1.05257,1.05421,1.05125,-51.61812,2809.00000
3.48251,3.48152,3.47691,3.47527,3.47790,2.27115,2.26786,2.26589,2.26458,2.26425,1.04862,1.04797,1.05158,1.04632,1.05027,-51.61812,2810.00000
3.47889,3.47658,3.48053,3.47691,3.47823,2.26951,2.26359,2.26786,2.26721,2.26786,1.04862,1.05060,1.04501,1.05224,1.05125,-50.88669,2811.00000
3.47626,3.47856,3.48152,3.47856,3.47560,2.27050,2.26622,2.26885,2.26918,2.26655,1.04797,1.05487,1.05191,1.04599,1.04928,-50.88669,2812.00000
3.48349,3.48152,3.47757,3.48152,3.48185,2.26425,2.26326,2.27214,2.27017,2.26490,1.05060,1.04862,1.04961,1.05093,1.04797,-51.16242,2813.00000
3.47330,3.48086,3.47955,3.47724,3.48086,2.26754,2.27082,2.26786,2.26622,2.26852,1.04862,1.05553,1.04994,1.05027,1.04928,-51.16242,2814.00000
3.47165,3.47856,3.48053,3.48152,3.47461,2.26688,2.27082,2.27181,2.26293,2.26293,1.04731,1.04829,1.04895,1.05191,1.04895,-51.10698,2815.00000
3.47790,3.47987,3.47593,3.48218,3.47922,2.26885,2.26655,2.26819,2.26819,2.26392,1.04961,1.04731,1.05093,1.05027,1.04797,-51.10698,2816.00000
3.47922,3.47461,3.48119,3.47658,3.48086,2.26885,2.27247,2.26984,2.27050,2.26786,1.04829,1.04862,1.04764,1.04994,1.05027,-51.01142,2817.00000
3.47889,3.47593,3.47626,3.47955,3.48152,2.27609,2.26655,2.26754,2.27247,2.26556,1.04994,1.05125,1.04632,1.04731,1.05158,-51.01142,2818.00000
3.48777,3.47264,3.47658,3.47889,3.47395,2.27247,2.26721,2.26688,2.27313,2.25997,1.05093,1.05060,1.05158,1.04928,1.04895,-51.44251,2819.00000
3.48020,3.47626,3.47922,3.47428,3.47461,2.26819,2.26589,2.26556,2.26326,2.26194,1.04895,1.05191,1.04632,1.05224,1.05125,-51.44251,2820.00000
3.47099,3.47428,3.47823,3.47987,3.47362,2.26655,2.27313,2.26622,2.26622,2.26293,1.05323,1.04435,1.04731,1.04994,1.04961,-50.88518,2821.00000
3.47724,3.47527,3.47987,3.47264,3.47922,2.26688,2.26688,2.26721,2.26786,2.26721,1.05191,1.05125,1.05027,1.04797,1.04698,-50.88518,2822.00000
3.47494,3.48020,3.47461,3.47691,3.47757,2.26392,2.26754,2.26951,2.26984,2.26688,1.04994,1.05060,1.04994,1.05060,1.05191,-50.62104,2823.00000
3.47987,3.47889,3.47494,3.47527,3.47297,2.26655,2.26721,2.26458,2.26425,2.26918,1.04829,1.04632,1.05257,1.04994,1.04829,-50.62104,2824.00000
3.47691,3.47691,3.47264,3.47626,3.48152,2.26622,2.26688,2.26326,2.27115,2.26326,1.05158,1.04797,1.04862,1.05191,1.04895,-50.34567,2825.00000
3.47757,3.47626,3.47560,3.47626,3.47231,2.26885,2.26786,2.26688,2.27181,2.26951,1.04829,1.04764,1.05356,1.05125,1.04928,-50.34567,2826.00000
3.47955,3.47757,3.47560,3.47297,3.47987,2.26392,2.26589,2.25964,2.26260,2.26326,1.04994,1.04797,1.04829,1.05158,1.05093,-50.46157,2827.00000
3.47823,3.47658,3.47066,3.47593,3.47231,2.26589,2.26786,2.27050,2.26589,2.27148,1.04797,1.05487,1.04731,1.05060,1.04895,-50.46157,2828.00000
3.47889,3.47395,3.47856,3.47889,3.47757,2.26622,2.26786,2.26786,2.26622,2.26754,1.05093,1.05553,1.04862,1.05027,1.05125,-50.85133,2829.00000
3.47889,3.47461,3.47198,3.47987,3.48251,2.26918,2.26589,2.26490,2.27280,2.26819,1.04862,1.04862,1.05060,1.04895,1.05125,-50.85133,2830.00000
3.47593,3.47823,3.47889,3.47987,3.47658,2.26490,2.25833,2.26721,2.26523,2.27115,1.05027,1.04731,1.04994,1.05421,1.04895,-51.30974,2831.00000
3.47889,3.47395,3.48053,3.47757,3.47560,2.26655,2.26951,2.26392,2.26260,2.26556,1.05356,1.04994,1.05158,1.05619,1.05060,-51.30974,2832.00000
3.47560,3.47691,3.47922,3.47626,3.47560,2.26688,2.26458,2.26293,2.26129,2.26425,1.05191,1.04895,1.05257,1.05093,1.04599,-51.03918,2833.00000
3.47297,3.47198,3.47297,3.47922,3.47297,2.26754,2.26984,2.27115,2.26260,2.26984,1.05323,1.05520,1.04862,1.05191,1.04994,-51.03918,2834.00000
3.47461,3.47593,3.48283,3.46968,3.47955,2.26622,2.26984,2.26721,2.26490,2.26359,1.05323,1.05093,1.05158,1.04862,1.04731,-50.80346,2835.00000
3.47593,3.48119,3.47757,3.47823,3.48053,2.26655,2.26688,2.26951,2.26754,2.26359,1.04731,1.05323,1.05125,1.05060,1.05356,-50.80346,2836.00000
3.47658,3.47527,3.47494,3.48251,3.47560,2.26918,2.26458,2.26819,2.26425,2.26523,1.05060,1.05224,1.05290,1.04961,1.04599,-50.75374,2837.00000
3.48283,3.47198,3.48053,3.47790,3.48020,2.26194,2.26951,2.26622,2.26458,2.26326,1.04895,1.04895,1.04599,1.05158,1.05257,-50.75374,2838.00000
3.47724,3.47724,3.47889,3.48218,3.47658,2.26918,2.27050,2.27082,2.26951,2.26852,1.04862,1.04829,1.04829,1.04731,1.05158,-50.40809,2839.00000
3.47560,3.47297,3.47626,3.47856,3.47856,2.26622,2.27148,2.26260,2.26918,2.26754,1.05224,1.04731,1.04665,1.05224,1.05356,-50.40809,2840.00000
3.47691,3.47987,3.47593,3.47922,3.47790,2.26721,2.26589,2.26852,2.26458,2.26885,1.05290,1.04928,1.04994,1.04961,1.05125,-50.47226,2841.00000
3.47922,3.47593,3.47297,3.47428,3.48053,2.26392,2.26754,2.26622,2.26885,2.26852,1.04862,1.05389,1.05125,1.05060,1.05027,-50.47226,2842.00000
3.47955,3.47955,3.48185,3.47461,3.48382,2.26293,2.26490,2.26754,2.26885,2.26622,1.04895,1.04764,1.04862,1.04764,1.04665,-50.01699,2843.00000
3.47395,3.47987,3.47658,3.47889,3.47527,2.26589,2.26622,2.26655,2.26819,2.26392,1.05125,1.04731,1.05158,1.04895,1.05125,-50.01699,2844.00000
3.47658,3.48185,3.47099,3.47856,3.47823,2.27017,2.26556,2.26819,2.26425,2.27346,1.04698,1.04829,1.04895,1.05224,1.04928,-49.95924,2845.00000
3.47658,3.47264,3.47264,3.47626,3.47527,2.26754,2.26655,2.26359,2.26458,2.26523,1.05060,1.04895,1.05191,1.04797,1.04994,-49.95924,2846.00000
3.47658,3.47757,3.47593,3.47823,3.47593,2.27050,2.26688,2.26754,2.26556,2.26852,1.04829,1.05093,1.05060,1.04797,1.04895,-49.38689,2847.00000
3.47987,3.47626,3.47955,3.47790,3.48251,2.27017,2.26359,2.27115,2.26754,2.26786,1.04632,1.04895,1.04928,1.04797,1.04961,-49.38689,2848.00000
3.47461,3.47231,3.47856,3.48086,3.48251,2.26523,2.26819,2.26754,2.26754,2.26523,1.04797,1.04829,1.04632,1.05158,1.05093,-48.23872,2849.00000
3.47362,3.47560,3.47790,3.47461,3.47626,2.26425,2.26688,2.26885,2.26392,2.26885,1.04797,1.05224,1.05158,1.04994,1.04994,-48.23872,2850.00000
3.47724,3.47428,3.47428,3.47362,3.47823,2.26951,2.26556,2.26951,2.26984,2.26688,1.04928,1.05158,1.04797,1.04961,1.04797,-47.39515,2851.00000
3.47757,3.47593,3.47724,3.47395,3.47757,2.26425,2.27214,2.26885,2.26786,2.26359,1.05060,1.05093,1.05027,1.04731,1.05060,-47.39515,2852.00000
3.47231,3.47856,3.47823,3.47461,3.47691,2.27247,2.27115,2.26622,2.26984,2.26556,1.04797,1.04829,1.04665,1.05093,1.04862,-46.80022,2853.00000
3.47198,3.48547,3.48448,3.47461,3.48020,2.26819,2.26918,2.26754,2.26819,2.26688,1.05454,1.05125,1.05191,1.04862,1.04599,-46.80022,2854.00000
3.47823,3.47856,3.48185,3.48349,3.48020,2.26490,2.26754,2.26885,2.26984,2.27181,1.04961,1.04698,1.04336,1.05027,1.04895,-47.57384,2855.00000
3.47560,3.47593,3.47790,3.48152,3.47790,2.27017,2.27313,2.27313,2.26852,2.27181,1.05224,1.04698,1.04698,1.05158,1.05027,-47.57384,2856.00000
3.47889,3.47987,3.48185,3.47626,3.48152,2.26622,2.26490,2.26754,2.26392,2.26852,1.04862,1.05257,1.05323,1.05257,1.04928,-48.18399,2857.00000
3.47165,3.47757,3.48415,3.47724,3.47955,2.26754,2.26721,2.27115,2.27082,2.27017,1.04928,1.05158,1.04961,1.04599,1.05323,-48.18399,2858.00000
3.47724,3.47264,3.47987,3.47593,3.47527,2.26786,2.26918,2.27050,2.27082,2.26786,1.04961,1.05224,1.04961,1.04994,1.04994,-48.47195,2859.00000
3.47823,3.47724,3.47658,3.47987,3.47987,2.26852,2.27510,2.26754,2.26392,2.26458,1.05027,1.05027,1.05257,1.05125,1.05093,-48.47195,2860.00000
3.48152,3.48251,3.47593,3.47626,3.47593,2.26951,2.27148,2.26523,2.26984,2.26786,1.04797,1.05421,1.05158,1.04797,1.05027,-49.19451,2861.00000
3.47724,3.47757,3.48711,3.48185,3.47922,2.26622,2.26523,2.26655,2.27313,2.26490,1.05027,1.04961,1.04928,1.05125,1.05027,-49.19451,2862.00000
3.47428,3.47856,3.47922,3.47691,3.48283,2.26786,2.27115,2.26688,2.26523,2.26918,1.05191,1.05224,1.04698,1.05060,1.04928,-49.68111,2863.00000
3.47955,3.48711,3.47987,3.47297,3.48251,2.26721,2.26260,2.26721,2.26786,2.27148,1.05093,1.05060,1.05027,1.05093,1.05060,-49.68111,2864.00000
3.47724,3.47790,3.47691,3.47922,3.48086,2.27313,2.26984,2.27050,2.26885,2.26556,1.05257,1.05060,1.04731,1.04829,1.05257,-49.70114,2865.00000
3.47724,3.47494,3.47593,3.47658,3.47790,2.27444,2.26918,2.27247,2.27148,2.26885,1.05060,1.04994,1.04928,1.05027,1.05323,-49.70114,2866.00000
3.47658,3.47987,3.48119,3.48185,3.47987,2.26655,2.26852,2.27313,2.27477,2.26655,1.04895,1.05060,1.05224,1.05158,1.05224,-49.36619,2867.00000
3.48086,3.48481,3.47626,3.47527,3.48481,2.26984,2.27115,2.27115,2.27017,2.26425,1.05093,1.05125,1.04698,1.05257,1.04632,-49.36619,2868.00000
3.47494,3.48547,3.47593,3.47626,3.47527,2.26721,2.27214,2.26984,2.26819,2.26490,1.04731,1.04698,1.04895,1.04928,1.04829,-49.23566,2869.00000
3.48185,3.48448,3.47724,3.48053,3.47724,2.26754,2.26589,2.26458,2.26622,2.26721,1.04928,1.04994,1.05191,1.05125,1.05027,-49.23566,2870.00000
3.47823,3.47691,3.47461,3.47790,3.48251,2.26721,2.26721,2.27313,2.27148,2.26852,1.05224,1.04994,1.05093,1.04994,1.04698,-49.49858,2871.00000
3.47297,3.47955,3.48349,3.47790,3.48218,2.27280,2.26786,2.26326,2.26786,2.26589,1.05454,1.05027,1.05060,1.04731,1.04632,-49.49858,2872.00000
3.48514,3.47987,3.47593,3.48185,3.48119,2.27017,2.26425,2.26655,2.26688,2.26984,1.04829,1.04928,1.05060,1.04829,1.05323,-49.55016,2873.00000
3.47264,3.48744,3.47757,3.47856,3.48086,2.26819,2.27017,2.26754,2.27148,2.27214,1.04961,1.04928,1.05389,1.05060,1.05093,-49.55016,2874.00000
3.47790,3.47724,3.47494,3.47856,3.47691,2.26556,2.26688,2.27082,2.26852,2.26885,1.04829,1.04829,1.05421,1.05060,1.05027,-49.96378,2875.00000
3.48020,3.47527,3.47724,3.48053,3.47593,2.26786,2.26260,2.26918,2.26819,2.27017,1.05224,1.04797,1.05158,1.05224,1.05290,-50.57644,2876.00000
3.47724,3.47987,3.47889,3.47658,3.47724,2.26721,2.26951,2.26786,2.27148,2.26326,1.04895,1.05356,1.04862,1.05257,1.05060,-50.57644,2877.00000
3.47691,3.47757,3.47790,3.47626,3.48086,2.26819,2.26786,2.26852,2.27115,2.26786,1.04829,1.04895,1.04895,1.04928,1.05125,-50.57644,2878.00000
3.48119,3.48119,3.46935,3.47790,3.47724,2.26754,2.26918,2.26425,2.27082,2.26786,1.05060,1.04961,1.04829,1.05093,1.05060,-50.31268,2879.00000
3.47658,3.47297,3.48185,3.47987,3.47889,2.27082,2.26852,2.26786,2.26754,2.26523,1.05191,1.04994,1.05060,1.05257,1.05060,-50.31268,2880.00000
3.47889,3.47724,3.47297,3.48316,3.48119,2.26721,2.27378,2.27181,2.26589,2.26458,1.05323,1.04862,1.04533,1.05454,1.04895,-50.16125,2881.00000
3.47757,3.47527,3.47560,3.47856,3.47560,2.26786,2.27017,2.27017,2.26523,2.26754,1.05290,1.04895,1.05191,1.05027,1.05125,-50.16125,2882.00000
3.47461,3.48283,3.47264,3.47395,3.47889,2.26490,2.26786,2.26622,2.26918,2.26688,1.05224,1.04928,1.05389,1.04862,1.05027,-50.35815,2883.00000
3.48119,3.47560,3.48020,3.48283,3.47757,2.26523,2.26819,2.26589,2.26852,2.26754,1.04632,1.05323,1.05356,1.04928,1.05191,-50.35815,2884.00000
3.48218,3.47330,3.47922,3.47362,3.48185,2.26622,2.26721,2.26852,2.26490,2.26490,1.05125,1.04994,1.04994,1.05290,1.04895,-50.39502,2885.00000
3.47461,3.47757,3.47494,3.47823,3.47560,2.26951,2.27017,2.26984,2.26490,2.26951,1.05027,1.05290,1.05158,1.04928,1.05224,-50.39502,2886.00000
3.47560,3.48974,3.47922,3.47593,3.47955,2.26260,2.26655,2.26655,2.26622,2.27017,1.05158,1.04731,1.05158,1.05027,1.05158,-49.73437,2887.00000
3.47856,3.47987,3.47593,3.47889,3.47922,2.27214,2.26622,2.26852,2.26885,2.26754,1.04764,1.04862,1.05323,1.05158,1.04961,-49.73437,2888.00000
3.47724,3.48053,3.47724,3.47889,3.47658,2.26688,2.26984,2.27115,2.27214,2.27247,1.04928,1.05257,1.05158,1.05290,1.05027,-50.16797,2889.00000
3.47691,3.48152,3.47856,3.48218,3.48218,2.26852,2.27148,2.27214,2.26490,2.26786,1.05290,1.04862,1.05487,1.04862,1.04928,-50.16797,2890.00000
3.48086,3.47593,3.47428,3.47955,3.47922,2.26523,2.26622,2.26852,2.26655,2.26852,1.05093,1.05093,1.04994,1.05027,1.05520,-49.91667,2891.00000
3.47987,3.48119,3.47494,3.47724,3.48086,2.26655,2.27280,2.27115,2.27017,2.26984,1.05060,1.05323,1.04928,1.04961,1.05158,-49.91667,2892.00000
3.47889,3.48086,3.48053,3.47626,3.47691,2.26984,2.26918,2.26786,2.26754,2.27148,1.05290,1.05586,1.04961,1.05323,1.05290,-49.05252,2893.00000
3.47889,3.48185,3.48316,3.47955,3.47823,2.27050,2.27148,2.26490,2.27280,2.26754,1.05520,1.05158,1.05158,1.04862,1.04895,-49.05252,2894.00000
3.47527,3.48086,3.48218,3.48349,3.48020,2.27313,2.26786,2.26655,2.27082,2.27082,1.05158,1.05421,1.05257,1.05619,1.05224,-46.60467,2895.00000
3.47626,3.47428,3.47593,3.47395,3.47856,2.27247,2.26852,2.27017,2.26786,2.27082,1.04994,1.05027,1.05290,1.05356,1.05389,-46.60467,2896.00000
3.48251,3.47823,3.48053,3.47362,3.47757,2.26819,2.26819,2.26754,2.26951,2.26918,1.05125,1.05060,1.05520,1.05093,1.05158,-45.42362,2897.00000
3.48185,3.47658,3.47395,3.47955,3.48316,2.26819,2.26622,2.26622,2.26721,2.27280,1.05389,1.05191,1.05224,1.04994,1.05257,-45.42362,2898.00000
3.47856,3.47889,3.47560,3.47724,3.47790,2.26918,2.27411,2.27115,2.26918,2.26918,1.05224,1.05191,1.04961,1.05224,1.05191,-45.56074,2899.00000
3.48316,3.47856,3.47593,3.48020,3.47889,2.26589,2.26589,2.26754,2.26392,2.26951,1.05421,1.05619,1.05093,1.05454,1.05027,-45.56074,2900.00000
3.47856,3.47757,3.47757,3.47724,3.48119,2.27148,2.27115,2.26359,2.26852,2.27082,1.04895,1.05060,1.05257,1.05158,1.05553,-46.30644,2901.00000
3.47724,3.47922,3.48185,3.47593,3.48152,2.26622,2.26885,2.26622,2.26458,2.26819,1.05158,1.05389,1.04961,1.04928,1.05093,-46.30644,2902.00000
3.47593,3.46935,3.47922,3.48086,3.48514,2.27050,2.26721,2.26754,2.26786,2.26951,1.05093,1.05158,1.05191,1.05158,1.05454,-46.91914,2903.00000
3.47757,3.47461,3.47560,3.47922,3.47264,2.26786,2.27017,2.26589,2.26885,2.27280,1.04928,1.04862,1.05257,1.05454,1.05356,-46.91914,2904.00000
3.48119,3.47823,3.48119,3.47724,3.47922,2.26458,2.26984,2.26754,2.26951,2.26655,1.05093,1.05158,1.05125,1.05060,1.04829,-47.62383,2905.00000
3.48020,3.48218,3.47362,3.47724,3.48251,2.26918,2.26721,2.26754,2.26754,2.27181,1.04895,1.05093,1.05060,1.05060,1.05060,-47.62383,2906.00000
3.47264,3.48415,3.47066,3.47132,3.47757,2.26556,2.26556,2.26490,2.26359,2.26655,1.05158,1.05257,1.05224,1.05290,1.05224,-48.29870,2907.00000
3.47428,3.47757,3.47922,3.47889,3.47626,2.27115,2.26458,2.26721,2.26786,2.26885,1.04994,1.05191,1.04928,1.04862,1.05027,-48.29870,2908.00000
3.47790,3.47165,3.47922,3.47889,3.48711,2.26951,2.26556,2.26655,2.26786,2.26458,1.05027,1.05158,1.05093,1.04764,1.05290,-49.17667,2909.00000
3.47987,3.48349,3.48020,3.47955,3.47790,2.26688,2.26918,2.26721,2.27050,2.26951,1.04862,1.04928,1.05060,1.05191,1.05093,-49.17667,2910.00000
3.47658,3.47691,3.47724,3.48020,3.47724,2.26984,2.26425,2.26786,2.26819,2.27017,1.05158,1.05290,1.05191,1.05125,1.05389,-49.40066,2911.00000
3.47593,3.47527,3.47790,3.48185,3.47198,2.27082,2.26852,2.26951,2.26819,2.27082,1.05454,1.04764,1.04468,1.04862,1.04862,-49.40066,2912.00000
3.48218,3.48020,3.47889,3.47461,3.47955,2.26392,2.26326,2.26655,2.26721,2.26293,1.04928,1.05027,1.05060,1.04862,1.05323,-49.54347,2913.00000
3.47362,3.47823,3.47955,3.47790,3.48251,2.26359,2.26523,2.26819,2.26984,2.26589,1.04961,1.05093,1.05158,1.05125,1.05027,-49.61752,2914.00000
3.48020,3.47658,3.47527,3.47757,3.47987,2.26622,2.26458,2.26918,2.26523,2.26852,1.05060,1.04994,1.04961,1.04994,1.05060,-49.61752,2915.00000
3.47494,3.47757,3.47790,3.47955,3.47790,2.26655,2.26721,2.26819,2.26655,2.26721,1.04928,1.05125,1.05323,1.05093,1.04961,-49.61752,2916.00000
3.47593,3.47494,3.47790,3.47560,3.47955,2.26293,2.26918,2.27148,2.26359,2.26556,1.04764,1.04994,1.05191,1.05224,1.05125,-49.62783,2917.00000
3.48415,3.47132,3.47626,3.47823,3.47757,2.26852,2.26984,2.26951,2.26589,2.26688,1.05290,1.05323,1.05389,1.05027,1.05060,-49.62783,2918.00000
3.47691,3.47856,3.47757,3.48119,3.47560,2.27017,2.26786,2.26721,2.26721,2.27017,1.05027,1.05257,1.05454,1.05290,1.05421,-50.05787,2919.00000
3.47165,3.48218,3.48020,3.47889,3.48547,2.26425,2.26523,2.27148,2.26819,2.26523,1.05060,1.05093,1.04994,1.05421,1.05027,-50.05787,2920.00000
3.47494,3.47395,3.48086,3.47987,3.47691,2.27181,2.26556,2.26885,2.26688,2.26359,1.05093,1.04435,1.04599,1.04632,1.05454,-49.88396,2921.00000
3.48152,3.47889,3.47856,3.47922,3.48053,2.26721,2.26721,2.26326,2.26918,2.26655,1.05027,1.05454,1.05421,1.05027,1.05125,-49.88396,2922.00000
3.48020,3.47889,3.47922,3.48119,3.47757,2.26918,2.26523,2.26984,2.26589,2.26392,1.05093,1.05257,1.04829,1.05093,1.05323,-50.41743,2923.00000
3.47560,3.47922,3.47330,3.47724,3.47987,2.26786,2.26721,2.26754,2.26721,2.26885,1.05027,1.05158,1.05027,1.05027,1.04928,-50.41743,2924.00000
3.48086,3.47626,3.47691,3.47757,3.47691,2.26589,2.26951,2.27214,2.26622,2.26227,1.04731,1.04994,1.05125,1.05125,1.04928,-50.52406,2925.00000
3.47757,3.47790,3.47987,3.47330,3.48020,2.26918,2.26852,2.26721,2.27148,2.26458,1.05389,1.05093,1.05224,1.05224,1.05191,-50.52406,2926.00000
3.47198,3.48152,3.47494,3.47626,3.47461,2.26458,2.26754,2.26754,2.27017,2.26589,1.05224,1.05224,1.05027,1.04895,1.05389,-50.37216,2927.00000
3.47955,3.47428,3.47724,3.47626,3.47823,2.26688,2.26326,2.26721,2.27050,2.25997,1.04632,1.04994,1.04961,1.05389,1.04994,-50.37216,2928.00000
3.48020,3.48251,3.47395,3.47724,3.47823,2.26918,2.26688,2.26754,2.26589,2.26721,1.05158,1.05389,1.04829,1.04895,1.04928,-50.21393,2929.00000
3.47461,3.48053,3.47560,3.47955,3.47790,2.26490,2.26556,2.26523,2.26688,2.26786,1.04895,1.04862,1.04994,1.05487,1.05224,-50.21393,2930.00000
3.47461,3.47757,3.47757,3.47428,3.47658,2.27017,2.26589,2.27082,2.26589,2.27050,1.05027,1.04961,1.04665,1.04797,1.04895,-50.18982,2931.00000
3.48316,3.47527,3.48251,3.48711,3.47461,2.26754,2.26819,2.26326,2.26885,2.26359,1.04764,1.04731,1.05191,1.05060,1.04895,-50.18982,2932.00000
3.47527,3.47428,3.48020,3.47461,3.47987,2.26129,2.27050,2.27050,2.26754,2.26589,1.04928,1.04994,1.05191,1.05158,1.04895,-50.79061,2933.00000
3.47889,3.47593,3.48053,3.47889,3.47264,2.26655,2.26425,2.26754,2.26754,2.26458,1.05027,1.05191,1.04731,1.04994,1.04961,-50.79061,2934.00000
3.47922,3.47132,3.47889,3.48711,3.47658,2.27017,2.26786,2.26819,2.26392,2.26556,1.05125,1.05158,1.04961,1.04599,1.05027,-51.01373,2935.00000
3.47428,3.48514,3.47889,3.46869,3.48152,2.26523,2.26819,2.26556,2.26852,2.26293,1.04895,1.05158,1.04895,1.05093,1.05093,-51.01373,2936.00000
3.48086,3.47889,3.47889,3.47527,3.48185,2.26721,2.26194,2.26622,2.27017,2.26293,1.04764,1.05125,1.04698,1.05257,1.04895,-50.71000,2937.00000
3.47790,3.47461,3.47889,3.47724,3.48053,2.26556,2.26194,2.26490,2.26984,2.26951,1.05060,1.05224,1.05158,1.05290,1.05158,-50.51565,2938.00000
3.47527,3.47527,3.48020,3.47527,3.48053,2.26556,2.26490,2.26063,2.26852,2.26589,1.04994,1.05158,1.05125,1.05158,1.05191,-50.51565,2939.00000
3.47198,3.47757,3.47658,3.47527,3.47658,2.26589,2.26293,2.27411,2.26392,2.26754,1.05093,1.04895,1.05290,1.05158,1.05323,-50.51565,2940.00000
3.48119,3.47823,3.47132,3.47823,3.47461,2.26556,2.26819,2.26754,2.26852,2.26622,1.05027,1.05257,1.04994,1.04698,1.04994,-50.20379,2941.00000
3.47724,3.47494,3.47494,3.47856,3.47987,2.26852,2.26129,2.26359,2.26688,2.26622,1.05224,1.05290,1.05323,1.05027,1.04928,-50.20379,2942.00000
3.47823,3.47264,3.47955,3.47593,3.47395,2.26721,2.26951,2.26786,2.26556,2.26458,1.05093,1.05224,1.05093,1.04895,1.05093,-50.09354,2943.00000
3.48218,3.47527,3.47691,3.47658,3.48251,2.26688,2.26227,2.27050,2.26162,2.26293,1.05125,1.04895,1.04895,1.05125,1.05224,-50.09354,2944.00000
3.47395,3.47231,3.47494,3.47889,3.47724,2.26918,2.26490,2.26622,2.26523,2.26918,1.05257,1.05191,1.05224,1.05421,1.04895,-50.37161,2945.00000
3.48251,3.47330,3.47494,3.47527,3.47593,2.27115,2.26392,2.27017,2.26852,2.26392,1.05060,1.04994,1.05093,1.05290,1.05290,-50.37161,2946.00000
3.47790,3.47560,3.47856,3.47428,3.47198,2.27017,2.26589,2.27082,2.26918,2.26754,1.05224,1.04829,1.05224,1.05158,1.05191,-50.18752,2947.00000
3.47165,3.48382,3.47757,3.47494,3.47626,2.26655,2.26951,2.26688,2.26622,2.26951,1.05060,1.04764,1.05093,1.05389,1.05586,-50.18752,2948.00000
3.47593,3.47461,3.48053,3.48119,3.47461,2.26918,2.26819,2.26852,2.26622,2.26655,1.05224,1.05257,1.04895,1.04961,1.05257,-50.79396,2949.00000
3.47034,3.47757,3.48349,3.47428,3.47626,2.26490,2.26984,2.26458,2.26655,2.26589,1.05125,1.05421,1.05356,1.04994,1.05520,-50.79396,2950.00000
3.47823,3.47527,3.47889,3.47889,3.48020,2.26885,2.26951,2.26425,2.26721,2.26556,1.05158,1.05125,1.04928,1.05093,1.04566,-50.80274,2951.00000
3.47790,3.47658,3.47560,3.48086,3.47856,2.26326,2.26754,2.26754,2.26523,2.26754,1.04994,1.05191,1.05158,1.04731,1.04764,-50.80274,2952.00000
3.48152,3.47724,3.47856,3.47757,3.47757,2.26852,2.26622,2.27148,2.26589,2.26984,1.04797,1.05323,1.05191,1.05356,1.05125,-50.81185,2953.00000
3.47330,3.48020,3.47856,3.47395,3.47330,2.26754,2.26951,2.26951,2.26589,2.27346,1.05257,1.04994,1.04764,1.05027,1.05125,-50.81185,2954.00000
3.47428,3.47461,3.47658,3.47757,3.47987,2.26688,2.27214,2.26458,2.26359,2.26589,1.05191,1.05191,1.04829,1.04895,1.04829,-50.71051,2955.00000
3.47527,3.47691,3.47560,3.47691,3.47264,2.26688,2.27148,2.26852,2.26721,2.26819,1.05290,1.04961,1.04862,1.04829,1.05224,-50.71051,2956.00000
3.47987,3.47691,3.48020,3.47527,3.48053,2.27050,2.26556,2.26490,2.26523,2.26885,1.04862,1.04797,1.05027,1.04961,1.05389,-50.17582,2957.00000
3.47724,3.47428,3.47428,3.47658,3.48218,2.26458,2.26425,2.26194,2.27017,2.26819,1.04994,1.05027,1.05158,1.04665,1.05027,-50.17582,2958.00000
3.48152,3.47461,3.47823,3.48020,3.47658,2.27017,2.26655,2.26984,2.27050,2.26918,1.04533,1.05125,1.05060,1.04862,1.05619,-50.48017,2959.00000
3.48152,3.47922,3.47231,3.47527,3.47955,2.26622,2.26589,2.26786,2.26918,2.27017,1.04928,1.05323,1.04731,1.04961,1.04797,-50.48017,2960.00000
3.48251,3.48251,3.47757,3.47790,3.47658,2.26754,2.27082,2.26852,2.26721,2.26359,1.04961,1.05125,1.04731,1.05191,1.05191,-50.24362,2961.00000
3.47626,3.47297,3.48152,3.47658,3.47461,2.26194,2.27082,2.26852,2.26622,2.26984,1.04599,1.05027,1.05060,1.04599,1.04501,-50.24362,2962.00000
3.48053,3.48119,3.47428,3.47691,3.47856,2.27017,2.26918,2.27017,2.26786,2.27082,1.05027,1.04862,1.05060,1.04862,1.05027,-49.97524,2963.00000
3.47987,3.48020,3.47790,3.47461,3.48514,2.27050,2.26721,2.26359,2.26819,2.26984,1.05093,1.05125,1.04928,1.04895,1.04928,-49.97524,2964.00000
3.47264,3.47626,3.47790,3.47494,3.47889,2.26951,2.26556,2.26556,2.26392,2.26556,1.05027,1.05027,1.05027,1.05125,1.05060,-50.14300,2965.00000
3.47658,3.47658,3.47757,3.47724,3.48185,2.27148,2.26458,2.26589,2.26885,2.26490,1.05093,1.05158,1.05257,1.05027,1.04829,-50.14300,2966.00000
3.48218,3.47297,3.47856,3.47823,3.47428,2.26754,2.26326,2.26490,2.26786,2.26951,1.04961,1.04994,1.04764,1.04665,1.04797,-50.52339,2967.00000
3.47461,3.48086,3.47724,3.47955,3.47362,2.26260,2.26786,2.26523,2.26984,2.26721,1.05257,1.05290,1.05125,1.04895,1.04797,-50.52339,2968.00000
3.47560,3.47889,3.47560,3.47593,3.48283,2.27050,2.26918,2.26490,2.26194,2.26622,1.05027,1.05257,1.05191,1.04665,1.04994,-51.01136,2969.00000
3.47593,3.48086,3.47658,3.47658,3.47790,2.27378,2.26655,2.26622,2.25931,2.26589,1.05356,1.05257,1.05158,1.04895,1.05027,-51.01136,2970.00000
3.48185,3.47724,3.48218,3.47724,3.48053,2.26852,2.27050,2.26951,2.26918,2.27082,1.05060,1.05421,1.05224,1.04895,1.05158,-50.59937,2971.00000
3.47395,3.47790,3.47461,3.47527,3.47626,2.27280,2.26951,2.27444,2.26556,2.26852,1.04928,1.04961,1.04829,1.04928,1.04764,-50.59937,2972.00000
3.47362,3.48053,3.47889,3.47823,3.47658,2.26655,2.26688,2.26721,2.26852,2.26918,1.04731,1.05158,1.05257,1.05060,1.04862,-50.77881,2973.00000
3.47757,3.47626,3.47560,3.47922,3.48020,2.26458,2.26556,2.27115,2.27115,2.26622,1.05060,1.04731,1.04895,1.04797,1.05060,-50.77881,2974.00000
3.47330,3.47856,3.47856,3.47724,3.46869,2.26622,2.26688,2.26622,2.26754,2.26655,1.04829,1.05125,1.04994,1.04961,1.04829,-50.85612,2975.00000
3.48283,3.48185,3.47691,3.47428,3.48053,2.26688,2.26326,2.27050,2.26688,2.26721,1.05060,1.04566,1.04797,1.05323,1.05027,-50.85612,2976.00000
3.47527,3.48415,3.48053,3.47461,3.48053,2.26260,2.26622,2.27214,2.26326,2.26688,1.04994,1.05125,1.04928,1.05060,1.05093,-50.88325,2977.00000
3.47823,3.47856,3.47362,3.47790,3.47691,2.26326,2.26918,2.27017,2.26754,2.27050,1.05224,1.05257,1.05027,1.05323,1.05093,-50.88325,2978.00000
3.47955,3.47757,3.47132,3.47987,3.47527,2.26589,2.26852,2.27247,2.26951,2.26786,1.04797,1.05158,1.04994,1.05224,1.04928,-50.51071,2979.00000
3.47823,3.48547,3.47132,3.47922,3.48053,2.26523,2.27115,2.26852,2.26721,2.26425,1.05257,1.05027,1.04961,1.04994,1.04895,-50.51071,2980.00000
3.48020,3.47593,3.47330,3.47955,3.47395,2.26984,2.26819,2.27017,2.26754,2.26556,1.04797,1.05257,1.05191,1.05257,1.04928,-50.21026,2981.00000
3.48053,3.47494,3.47955,3.47757,3.47691,2.26556,2.26655,2.26852,2.27477,2.26754,1.04895,1.05290,1.05224,1.04862,1.05093,-50.21026,2982.00000
3.48119,3.47658,3.47658,3.48119,3.47823,2.26425,2.26852,2.26490,2.26819,2.26688,1.04468,1.04895,1.04797,1.04797,1.04566,-49.67794,2983.00000
3.48152,3.47790,3.48119,3.47461,3.47856,2.27050,2.26885,2.26951,2.26688,2.27280,1.04895,1.04764,1.05060,1.04994,1.05125,-49.67794,2984.00000
3.47593,3.48316,3.47889,3.47395,3.47987,2.26754,2.26194,2.26951,2.26490,2.27050,1.05093,1.04928,1.05093,1.05060,1.05158,-50.28985,2985.00000
3.47494,3.47790,3.48086,3.48119,3.47527,2.26523,2.27017,2.26655,2.26622,2.26622,1.04961,1.04961,1.04895,1.04862,1.05191,-51.38464,2986.00000
3.47593,3.47626,3.47494,3.47691,3.47593,2.26688,2.26688,2.26260,2.26754,2.27017,1.04994,1.04961,1.05323,1.05257,1.04994,-51.38464,2987.00000
3.47593,3.47593,3.47757,3.48020,3.48481,2.26786,2.26688,2.27148,2.27017,2.26721,1.05093,1.05060,1.05125,1.05290,1.04895,-51.38464,2988.00000
3.47823,3.47066,3.47724,3.47593,3.47428,2.26589,2.26786,2.26458,2.26655,2.27017,1.04895,1.05191,1.05060,1.05158,1.05389,-50.95564,2989.00000
3.47264,3.47757,3.47856,3.47823,3.47527,2.26885,2.26260,2.26458,2.26721,2.26721,1.04829,1.04994,1.05191,1.04928,1.05257,-50.95564,2990.00000
3.47626,3.47330,3.47428,3.48020,3.47823,2.26951,2.27050,2.26425,2.26523,2.27115,1.04928,1.04698,1.04731,1.05158,1.04994,-50.59478,2991.00000
3.47198,3.47823,3.47593,3.47922,3.47297,2.26392,2.26819,2.27115,2.26523,2.26951,1.05290,1.04895,1.05224,1.05257,1.04698,-50.59478,2992.00000
3.47527,3.48020,3.47362,3.48251,3.47889,2.26786,2.27148,2.26984,2.27017,2.26852,1.05224,1.05224,1.05553,1.05060,1.04895,-50.74320,2993.00000
3.47790,3.47889,3.48086,3.47823,3.47987,2.26885,2.26490,2.26589,2.26786,2.26655,1.04797,1.05224,1.04665,1.05027,1.05290,-50.74320,2994.00000
3.48152,3.47987,3.48185,3.47395,3.47626,2.26984,2.26852,2.26458,2.26786,2.26589,1.04994,1.05224,1.05158,1.04961,1.05060,-50.86005,2995.00000
3.47691,3.47494,3.47889,3.48152,3.47395,2.26918,2.26688,2.27214,2.26754,2.26721,1.05257,1.05224,1.05191,1.05323,1.05290,-50.86005,2996.00000
3.47362,3.48119,3.47889,3.48283,3.48020,2.26852,2.26458,2.26721,2.26556,2.26918,1.04797,1.04994,1.05125,1.04797,1.05158,-50.91516,2997.00000
3.47724,3.47297,3.47691,3.48218,3.48349,2.26852,2.26819,2.26885,2.27148,2.26655,1.04862,1.05356,1.05224,1.05389,1.05158,-50.91516,2998.00000
3.48053,3.48316,3.47987,3.47395,3.47955,2.26458,2.26655,2.27050,2.26589,2.26556,1.05093,1.05191,1.05389,1.05093,1.04994,-50.75985,2999.00000
3.48020,3.47691,3.48316,3.48086,3.47987,2.26326,2.27050,2.26918,2.26951,2.26885,1.04895,1.05093,1.05389,1.05158,1.04632,-50.75985,3000.00000
3.47724,3.48481,3.47724,3.48119,3.48283,2.26918,2.27115,2.27050,2.26655,2.26622,1.04632,1.05093,1.05027,1.05191,1.05257,-50.87115,3001.00000
3.47626,3.48251,3.47527,3.48053,3.48053,2.26852,2.26655,2.26852,2.26589,2.27148,1.04994,1.05125,1.05060,1.05158,1.04764,-50.87115,3002.00000
3.47691,3.47165,3.47987,3.47626,3.47757,2.27280,2.27115,2.27115,2.26523,2.27082,1.04928,1.05060,1.05158,1.05027,1.04961,-51.43200,3003.00000
3.48086,3.48152,3.47724,3.47428,3.47790,2.26819,2.26786,2.26786,2.26786,2.26655,1.05257,1.05323,1.04895,1.04764,1.05125,-51.43200,3004.00000
3.47658,3.48185,3.48020,3.48086,3.47823,2.26885,2.26918,2.26688,2.26918,2.26786,1.05421,1.05191,1.04895,1.05191,1.05060,-51.07999,3005.00000
3.47757,3.48119,3.47593,3.47658,3.48152,2.26786,2.27346,2.26885,2.26984,2.27313,1.05257,1.04797,1.05257,1.05125,1.05454,-51.07999,3006.00000
3.47428,3.48185,3.47658,3.48185,3.47823,2.26622,2.26786,2.27411,2.26655,2.26490,1.05060,1.05224,1.05060,1.05158,1.05586,-50.87462,3007.00000
3.48086,3.48316,3.48251,3.48119,3.47264,2.27050,2.27181,2.26885,2.26458,2.26556,1.05356,1.05093,1.05158,1.05290,1.05257,-50.87462,3008.00000
3.48218,3.47987,3.48152,3.48448,3.48349,2.26951,2.27082,2.26754,2.27378,2.26458,1.05421,1.05224,1.05125,1.05060,1.05257,-50.87279,3009.00000
3.48152,3.47922,3.47790,3.47757,3.48547,2.27082,2.26754,2.26918,2.27411,2.26885,1.05060,1.05060,1.05553,1.04994,1.05224,-50.87279,3010.00000
3.47790,3.47790,3.47527,3.47889,3.48020,2.27082,2.27082,2.26819,2.27477,2.26786,1.05093,1.04994,1.05125,1.05191,1.04862,-51.59098,3011.00000
3.48251,3.47823,3.47823,3.48514,3.48349,2.27181,2.26688,2.26819,2.27148,2.26951,1.05191,1.05257,1.05257,1.04994,1.05553,-51.59098,3012.00000
3.48316,3.48119,3.48020,3.48875,3.47461,2.26754,2.27346,2.26523,2.26984,2.27082,1.05257,1.04994,1.05060,1.05224,1.05323,-51.39431,3013.00000
3.47560,3.48218,3.48316,3.48283,3.48119,2.27017,2.26655,2.27148,2.26918,2.26786,1.04829,1.05093,1.04731,1.04632,1.05158,-51.39431,3014.00000
3.47889,3.47560,3.48382,3.48251,3.48283,2.26918,2.27050,2.27082,2.27378,2.27444,1.05125,1.04862,1.04862,1.05356,1.04994,-52.11932,3015.00000
3.47889,3.48020,3.48218,3.48481,3.48612,2.27050,2.26589,2.26984,2.27346,2.26359,1.04961,1.05389,1.04632,1.05093,1.05027,-52.11932,3016.00000
3.48316,3.47823,3.47889,3.48152,3.48218,2.27181,2.27181,2.26951,2.26819,2.26589,1.04698,1.04928,1.04797,1.04797,1.04632,-51.85721,3017.00000
3.48283,3.48185,3.48218,3.47922,3.48448,2.27214,2.26918,2.26951,2.27346,2.27313,1.04599,1.04829,1.04764,1.05257,1.04566,-51.85721,3018.00000
3.47823,3.48316,3.48678,3.48086,3.47987,2.26984,2.27346,2.27576,2.26984,2.26622,1.04665,1.04731,1.05290,1.04731,1.04862,-52.27004,3019.00000
3.48448,3.48152,3.48251,3.48547,3.47922,2.26819,2.27313,2.27444,2.26293,2.26754,1.04994,1.04797,1.05191,1.04895,1.05290,-52.27004,3020.00000
3.47626,3.47922,3.48020,3.47593,3.48283,2.27017,2.27214,2.26523,2.27050,2.26490,1.05290,1.04895,1.05125,1.04928,1.05191,-52.07977,3021.00000
3.48481,3.47560,3.48382,3.47691,3.47955,2.27214,2.26721,2.26852,2.26786,2.26721,1.04895,1.04764,1.04994,1.04797,1.04731,-52.07977,3022.00000
3.47461,3.47757,3.47922,3.48612,3.48481,2.27082,2.26918,2.27247,2.26819,2.26721,1.04797,1.04533,1.04533,1.04994,1.04468,-52.14498,3023.00000
3.48020,3.48514,3.48119,3.48283,3.48251,2.27082,2.27115,2.26786,2.27346,2.26293,1.04994,1.04829,1.04994,1.05027,1.04928,-52.14498,3024.00000
3.48152,3.47856,3.47724,3.48349,3.48251,2.26885,2.26754,2.26951,2.26984,2.27214,1.04764,1.04797,1.05125,1.04797,1.04829,-51.37139,3025.00000
3.48152,3.48448,3.47757,3.47691,3.47658,2.26721,2.26754,2.26754,2.27148,2.27181,1.04764,1.05027,1.04862,1.05487,1.04829,-51.37139,3026.00000
3.47428,3.47724,3.47955,3.47955,3.47757,2.26852,2.26359,2.26918,2.26754,2.27017,1.04632,1.04501,1.04599,1.04632,1.05257,-51.38138,3027.00000
3.48119,3.47955,3.47691,3.47560,3.48185,2.26786,2.27181,2.27214,2.26852,2.26622,1.04994,1.05191,1.04665,1.04895,1.05060,-51.38138,3028.00000
3.47856,3.47658,3.48152,3.47626,3.48119,2.26786,2.26786,2.26885,2.27017,2.26688,1.04665,1.04501,1.05060,1.04829,1.04731,-50.88837,3029.00000
3.47790,3.48218,3.47691,3.47889,3.47889,2.26556,2.26786,2.27050,2.26786,2.26951,1.04731,1.04829,1.04829,1.05027,1.04599,-50.88837,3030.00000
3.47626,3.47757,3.48711,3.48251,3.48316,2.27017,2.26721,2.26951,2.26458,2.26227,1.04698,1.04829,1.04237,1.04994,1.05093,-51.02356,3031.00000
3.47330,3.47626,3.47922,3.47955,3.47889,2.26688,2.26523,2.26589,2.26458,2.26819,1.05158,1.04895,1.04829,1.05191,1.04764,-51.02356,3032.00000
3.47955,3.48349,3.47823,3.47626,3.47658,2.27082,2.27050,2.26622,2.27017,2.26754,1.05191,1.05060,1.04829,1.05191,1.04829,-51.12997,3033.00000
3.47987,3.48020,3.47494,3.47955,3.47198,2.26786,2.26688,2.27181,2.27050,2.26819,1.04994,1.05158,1.05093,1.04994,1.05290,-51.12997,3034.00000
3.48020,3.48251,3.47494,3.47757,3.47790,2.26260,2.27050,2.26786,2.27017,2.26622,1.04862,1.05191,1.05191,1.04764,1.04501,-50.95839,3035.00000
3.48283,3.48152,3.47428,3.47757,3.47658,2.26622,2.26885,2.26490,2.26786,2.27148,1.04698,1.04862,1.05125,1.04895,1.05191,-50.95839,3036.00000
3.47922,3.48349,3.47757,3.48283,3.47922,2.27017,2.26786,2.26655,2.26688,2.26721,1.05290,1.04928,1.05060,1.05224,1.04829,-51.57643,3037.00000
3.48086,3.48152,3.47955,3.48349,3.48579,2.26951,2.26852,2.26490,2.26622,2.26589,1.04961,1.05224,1.05093,1.04797,1.05257,-51.57643,3038.00000
3.47987,3.47987,3.47691,3.48152,3.47987,2.26622,2.26622,2.27017,2.26721,2.26490,1.04895,1.05454,1.05060,1.04797,1.05323,-51.72966,3039.00000
3.48448,3.48053,3.47955,3.47987,3.47593,2.27082,2.26852,2.26852,2.27115,2.27115,1.05520,1.04862,1.05290,1.05093,1.04764,-51.72966,3040.00000
3.48316,3.48119,3.47362,3.48020,3.48481,2.27740,2.26721,2.26326,2.27115,2.26721,1.05158,1.04928,1.05290,1.05257,1.04961,-51.12869,3041.00000
3.48316,3.47922,3.48283,3.48053,3.47757,2.27050,2.26951,2.27181,2.26918,2.26786,1.04665,1.04862,1.05553,1.04764,1.04994,-51.12869,3042.00000
3.48086,3.48152,3.48251,3.47889,3.48908,2.26951,2.26885,2.26951,2.26984,2.26523,1.04961,1.04961,1.04764,1.04665,1.05323,-51.19192,3043.00000
3.48020,3.47790,3.48415,3.47461,3.48415,2.27313,2.26490,2.26951,2.27017,2.26655,1.05125,1.04764,1.05257,1.04895,1.04928,-51.19192,3044.00000
3.47922,3.47889,3.47987,3.47889,3.47494,2.26852,2.26819,2.26622,2.26688,2.27247,1.04895,1.04862,1.05158,1.05093,1.05125,-51.25197,3045.00000
3.48579,3.47987,3.47757,3.48053,3.47658,2.26984,2.27477,2.27115,2.26721,2.26622,1.04829,1.05060,1.05191,1.04829,1.04961,-51.25197,3046.00000
3.47494,3.47494,3.48086,3.48218,3.47823,2.26984,2.27115,2.26490,2.27017,2.26655,1.04698,1.05389,1.05356,1.05290,1.05027,-51.25782,3047.00000
3.48020,3.47823,3.47395,3.48185,3.47889,2.26984,2.26622,2.26589,2.27181,2.26688,1.05290,1.04829,1.05158,1.05224,1.04731,-51.25782,3048.00000
3.48119,3.47823,3.48053,3.47658,3.48152,2.26523,2.26458,2.26754,2.26425,2.26688,1.05125,1.04928,1.04829,1.04961,1.05060,-51.47169,3049.00000
3.47922,3.47757,3.47560,3.47593,3.47790,2.26162,2.27280,2.26885,2.26754,2.26754,1.04961,1.04698,1.04928,1.05027,1.04928,-51.47169,3050.00000
3.48053,3.47691,3.47987,3.47757,3.47395,2.26688,2.27050,2.26425,2.26523,2.27050,1.05356,1.05520,1.05191,1.04961,1.04829,-51.20411,3051.00000
3.47593,3.47461,3.47264,3.47922,3.48053,2.26523,2.26096,2.26260,2.26688,2.26688,1.05158,1.04764,1.05323,1.04895,1.04961,-51.67188,3052.00000
3.47626,3.48119,3.47658,3.47889,3.47922,2.26260,2.26556,2.26490,2.26885,2.26589,1.04895,1.05454,1.05027,1.05356,1.04764,-51.67188,3053.00000
3.48086,3.48218,3.47987,3.46770,3.47724,2.26984,2.27346,2.26655,2.26129,2.26885,1.05093,1.05093,1.05389,1.05323,1.05421,-51.67188,3054.00000
3.47297,3.47297,3.47231,3.47955,3.47165,2.26523,2.26490,2.26754,2.26162,2.26885,1.04862,1.04928,1.04599,1.05323,1.05060,-51.22038,3055.00000
3.47527,3.48612,3.47297,3.47987,3.47494,2.26589,2.26392,2.26951,2.26392,2.26458,1.05553,1.04994,1.04928,1.05290,1.05257,-51.22038,3056.00000
3.47889,3.47593,3.47494,3.47560,3.47132,2.26458,2.26984,2.26688,2.26392,2.26721,1.04862,1.05257,1.05027,1.05290,1.04632,-51.05773,3057.00000
3.47527,3.47955,3.48251,3.47658,3.47889,2.26754,2.26918,2.26556,2.26556,2.26194,1.05093,1.05454,1.05158,1.04928,1.05323,-50.71654,3058.00000
3.47132,3.47790,3.48152,3.47494,3.48415,2.26326,2.26326,2.26786,2.26721,2.26852,1.04895,1.04862,1.05125,1.04994,1.05191,-50.71654,3059.00000
3.48283,3.47593,3.48415,3.48086,3.48218,2.26918,2.26490,2.26754,2.26819,2.26490,1.04862,1.05027,1.04928,1.05093,1.05323,-50.71654,3060.00000
3.47428,3.48316,3.47856,3.47856,3.48152,2.26359,2.26918,2.26754,2.26951,2.26721,1.04928,1.04994,1.04797,1.04928,1.05224,-50.56884,3061.00000
3.48185,3.47527,3.47823,3.47658,3.47560,2.26984,2.26392,2.26754,2.26622,2.26688,1.04895,1.05224,1.05060,1.05125,1.04797,-50.56884,3062.00000
3.47856,3.48415,3.48711,3.47691,3.47955,2.27346,2.26622,2.26852,2.26918,2.26984,1.05257,1.04994,1.04797,1.05553,1.04862,-50.76985,3063.00000
3.48218,3.48316,3.48086,3.47593,3.47626,2.27115,2.26819,2.26786,2.26688,2.26425,1.05224,1.05421,1.05191,1.05290,1.05027,-50.76985,3064.00000
3.47856,3.48415,3.47889,3.47889,3.48020,2.26786,2.26984,2.26523,2.26458,2.26688,1.04764,1.05060,1.05093,1.05323,1.05421,-50.87456,3065.00000
3.48119,3.47691,3.47395,3.48152,3.47757,2.26688,2.26754,2.27050,2.26885,2.26786,1.05356,1.05125,1.05060,1.05158,1.05060,-50.87456,3066.00000
3.47724,3.47428,3.47757,3.47955,3.48053,2.26918,2.26819,2.26754,2.26293,2.26523,1.05454,1.05290,1.05125,1.05454,1.05257,-51.25362,3067.00000
3.47626,3.48020,3.48185,3.47856,3.48119,2.26984,2.27082,2.26819,2.26951,2.26885,1.05191,1.05224,1.05125,1.04994,1.05323,-51.25362,3068.00000
3.48251,3.47724,3.47790,3.47790,3.48086,2.26688,2.26786,2.26655,2.26622,2.26885,1.05783,1.05454,1.05060,1.05454,1.05191,-51.37611,3069.00000
3.47560,3.47823,3.47724,3.47691,3.47987,2.26754,2.26458,2.26425,2.26852,2.26655,1.05816,1.05224,1.05586,1.05750,1.05389,-51.37611,3070.00000
3.47955,3.47297,3.47955,3.47264,3.47626,2.26721,2.27214,2.26984,2.26556,2.26819,1.05750,1.05421,1.05915,1.05454,1.05915,-51.70028,3071.00000
3.47987,3.47790,3.47823,3.47691,3.47658,2.26359,2.26556,2.26523,2.27115,2.26523,1.05487,1.05849,1.05619,1.05619,1.05816,-51.70028,3072.00000
3.47428,3.47395,3.47922,3.48251,3.47823,2.27280,2.26918,2.27247,2.26655,2.26523,1.05586,1.05849,1.05389,1.05652,1.05685,-51.26861,3073.00000
3.48086,3.47395,3.48020,3.47691,3.47527,2.27115,2.26490,2.26786,2.26754,2.27247,1.05619,1.05520,1.05750,1.05750,1.05816,-51.26861,3074.00000
3.48218,3.48185,3.48283,3.47889,3.47823,2.27214,2.26721,2.26984,2.27050,2.26523,1.05520,1.05520,1.05685,1.05783,1.05816,-51.39099,3075.00000
3.47790,3.47922,3.47922,3.48020,3.47461,2.26918,2.26819,2.26786,2.27082,2.27214,1.05619,1.05619,1.05685,1.06013,1.05586,-51.39099,3076.00000
3.48283,3.47955,3.47593,3.47724,3.47560,2.27050,2.26688,2.26819,2.26490,2.27115,1.06145,1.05783,1.05125,1.05783,1.05816,-51.53117,3077.00000
3.47461,3.47856,3.48251,3.47724,3.47461,2.26721,2.26622,2.26458,2.27082,2.26819,1.06112,1.05750,1.05553,1.05849,1.05948,-51.53117,3078.00000
3.48316,3.47987,3.47823,3.47757,3.48053,2.26688,2.26622,2.26293,2.26885,2.26819,1.05652,1.06211,1.05652,1.05750,1.06013,-51.20144,3079.00000
3.47658,3.48152,3.47889,3.47987,3.48316,2.26688,2.26655,2.26688,2.26786,2.26819,1.05520,1.05783,1.06112,1.05487,1.05849,-51.20144,3080.00000
3.47955,3.47889,3.47724,3.48612,3.47593,2.26819,2.26754,2.26885,2.27050,2.26754,1.05849,1.05290,1.05586,1.05323,1.05750,-51.69452,3081.00000
3.47691,3.48415,3.48678,3.47856,3.47757,2.26885,2.26885,2.26622,2.26918,2.26458,1.05619,1.05619,1.05619,1.05717,1.05717,-51.69452,3082.00000
3.48020,3.48119,3.48053,3.47955,3.47658,2.26655,2.26885,2.26918,2.26688,2.26951,1.05783,1.05717,1.05882,1.05981,1.06013,-51.24361,3083.00000
3.47856,3.47889,3.48251,3.47955,3.47987,2.26918,2.26326,2.26721,2.26984,2.26655,1.05915,1.05750,1.05421,1.06309,1.05685,-51.24361,3084.00000
3.48185,3.48283,3.47757,3.48152,3.48316,2.26786,2.26622,2.26819,2.26885,2.26622,1.05421,1.05948,1.05191,1.05750,1.05553,-50.87465,3085.00000
3.47362,3.47889,3.47856,3.47889,3.47395,2.26556,2.26194,2.26852,2.27378,2.26655,1.05652,1.05619,1.05586,1.05356,1.05948,-50.87465,3086.00000
3.47198,3.47790,3.47889,3.47658,3.48020,2.26688,2.26523,2.27148,2.26260,2.26589,1.05619,1.05717,1.05685,1.05454,1.05750,-50.61565,3087.00000
3.47034,3.47790,3.47922,3.47922,3.47658,2.27050,2.26359,2.26293,2.26885,2.26425,1.06046,1.05750,1.06079,1.05586,1.05816,-50.61565,3088.00000
3.48547,3.47955,3.47494,3.47395,3.47955,2.26688,2.26721,2.27017,2.26918,2.26293,1.05586,1.05487,1.05487,1.05750,1.05586,-50.41043,3089.00000
3.48020,3.47593,3.47724,3.47560,3.48053,2.26688,2.26918,2.27115,2.27247,2.27115,1.05816,1.05356,1.05717,1.05685,1.05520,-50.41043,3090.00000
3.47757,3.48185,3.48053,3.47790,3.47889,2.26852,2.27082,2.26655,2.26918,2.26655,1.05981,1.05487,1.05619,1.05553,1.05257,-50.28013,3091.00000
3.48152,3.47856,3.48020,3.48645,3.47889,2.26852,2.26852,2.27082,2.27148,2.26786,1.05750,1.05652,1.05454,1.05882,1.05652,-50.28013,3092.00000
3.48053,3.48514,3.47691,3.47987,3.48316,2.26490,2.27313,2.26490,2.26392,2.26819,1.05619,1.05915,1.05619,1.05652,1.05487,-50.65550,3093.00000
3.47856,3.47856,3.48514,3.47889,3.47823,2.26556,2.26885,2.27411,2.26622,2.26721,1.05685,1.05750,1.05652,1.05454,1.05717,-50.65550,3094.00000
3.47593,3.48251,3.47626,3.47724,3.47593,2.26490,2.26951,2.27115,2.26688,2.26885,1.05783,1.05586,1.06013,1.05421,1.05882,-50.41422,3095.00000
3.48612,3.47264,3.47987,3.47593,3.47987,2.26556,2.27247,2.26885,2.27115,2.27050,1.05981,1.05257,1.05882,1.05685,1.05586,-50.41422,3096.00000
3.48185,3.47987,3.47691,3.48579,3.47593,2.26885,2.26490,2.26754,2.26819,2.27280,1.05586,1.05619,1.05816,1.05717,1.05454,-50.74652,3097.00000
3.48481,3.47527,3.48053,3.48086,3.47987,2.26754,2.26918,2.26984,2.26984,2.26951,1.05520,1.05685,1.05948,1.05619,1.05586,-50.74652,3098.00000
3.47955,3.47856,3.47658,3.48053,3.47823,2.26721,2.27017,2.26523,2.26984,2.26688,1.05882,1.05685,1.05948,1.05487,1.05553,-50.27144,3099.00000
3.48218,3.48053,3.47626,3.47658,3.47889,2.27280,2.26425,2.26688,2.26885,2.27346,1.05915,1.05487,1.06013,1.05652,1.05586,-50.27144,3100.00000
3.47955,3.47922,3.48415,3.47066,3.47658,2.26754,2.26523,2.26819,2.26918,2.26655,1.06178,1.05816,1.05717,1.05948,1.05915,-51.15753,3101.00000
3.48415,3.47922,3.48382,3.48020,3.47527,2.27050,2.26721,2.26622,2.27313,2.26589,1.05882,1.05915,1.05750,1.05685,1.05685,-51.15753,3102.00000
3.47955,3.47856,3.47724,3.47856,3.48349,2.27017,2.27148,2.26819,2.26490,2.27017,1.06112,1.05915,1.05717,1.06013,1.05783,-51.79545,3103.00000
3.48086,3.47987,3.47955,3.48119,3.48020,2.27082,2.27115,2.26754,2.27017,2.26556,1.05882,1.06013,1.06211,1.05685,1.06079,-51.79545,3104.00000
3.47560,3.47790,3.47823,3.48119,3.48119,2.26951,2.26918,2.26819,2.27017,2.26622,1.06046,1.06178,1.05553,1.05948,1.05816,-51.94566,3105.00000
3.47724,3.48218,3.48349,3.48020,3.47790,2.27115,2.26786,2.27082,2.26688,2.26589,1.05981,1.06013,1.06244,1.05717,1.06013,-51.94566,3106.00000
3.47691,3.48251,3.47922,3.48185,3.47527,2.27313,2.26754,2.26885,2.26688,2.26786,1.05750,1.05619,1.06145,1.05816,1.05783,-51.95303,3107.00000
3.48251,3.47560,3.47691,3.48777,3.48612,2.26786,2.26359,2.26754,2.27082,2.26490,1.05750,1.06046,1.05948,1.06112,1.05717,-51.95303,3108.00000
3.47757,3.48218,3.47856,3.48020,3.48119,2.27082,2.27115,2.26819,2.26425,2.26951,1.05717,1.06145,1.05849,1.06342,1.05981,-51.53314,3109.00000
3.48218,3.48185,3.48218,3.47658,3.47987,2.27050,2.26556,2.27050,2.26227,2.26162,1.05948,1.05882,1.06178,1.05981,1.06112,-51.53314,3110.00000
3.47658,3.48119,3.48185,3.48514,3.47955,2.26622,2.26786,2.26819,2.26721,2.26655,1.06079,1.05915,1.06046,1.05948,1.05750,-51.99540,3111.00000
3.47658,3.48349,3.47955,3.48251,3.48152,2.26786,2.27082,2.27148,2.26984,2.26984,1.06046,1.05685,1.06013,1.05948,1.06277,-51.76809,3112.00000
3.48053,3.48086,3.47856,3.47593,3.47856,2.27017,2.27181,2.27181,2.27115,2.26786,1.05915,1.05750,1.05816,1.06507,1.06178,-51.76809,3113.00000
3.48316,3.47955,3.48316,3.48349,3.47790,2.26523,2.27115,2.26885,2.26458,2.26326,1.06309,1.05915,1.05816,1.06441,1.06277,-51.76809,3114.00000
3.48020,3.48086,3.47856,3.48316,3.48119,2.26885,2.26984,2.26688,2.26556,2.26721,1.06342,1.06112,1.06277,1.05981,1.06540,-52.15529,3115.00000
3.48152,3.48349,3.48316,3.48283,3.47593,2.26490,2.26918,2.26688,2.26622,2.26852,1.05981,1.05981,1.06079,1.05915,1.05882,-52.15529,3116.00000
3.47922,3.47461,3.48218,3.48218,3.47955,2.27082,2.26293,2.27017,2.26786,2.26359,1.05948,1.06277,1.05981,1.06244,1.05849,-52.31088,3117.00000
3.47987,3.48382,3.48086,3.48185,3.48152,2.27313,2.27181,2.26688,2.27082,2.26951,1.06211,1.06112,1.06079,1.06211,1.05915,-52.31088,3118.00000
3.48185,3.47691,3.47823,3.48843,3.47823,2.26655,2.26556,2.26852,2.27444,2.26786,1.05948,1.06277,1.06079,1.06046,1.06244,-51.96377,3119.00000
3.47922,3.48053,3.47955,3.48514,3.48020,2.26589,2.26786,2.26786,2.26885,2.27050,1.06013,1.06309,1.05981,1.06145,1.06342,-51.96377,3120.00000
3.48119,3.47889,3.48316,3.47856,3.48316,2.27247,2.26556,2.26885,2.27247,2.26984,1.06342,1.05915,1.06244,1.06342,1.05882,-51.81211,3121.00000
3.47987,3.48020,3.47856,3.47757,3.47428,2.26885,2.26589,2.27280,2.26984,2.27148,1.06441,1.05652,1.06013,1.06277,1.06309,-51.81211,3122.00000
3.48382,3.48020,3.48185,3.48218,3.48744,2.27510,2.27050,2.26852,2.27115,2.26918,1.06046,1.06244,1.06441,1.06178,1.06079,-52.00234,3123.00000
3.47658,3.48020,3.48152,3.47922,3.48415,2.27115,2.26918,2.26951,2.26951,2.26655,1.06079,1.06342,1.06112,1.06013,1.06441,-51.95501,3124.00000
3.48711,3.47889,3.48415,3.48579,3.47790,2.27378,2.27148,2.26655,2.26852,2.26326,1.05915,1.06211,1.05816,1.06079,1.06178,-51.95501,3125.00000
3.47560,3.47527,3.47889,3.48086,3.47691,2.26984,2.26819,2.26852,2.26852,2.27082,1.06046,1.06079,1.06211,1.06112,1.05948,-51.95501,3126.00000
3.47724,3.47823,3.48382,3.47987,3.48448,2.26885,2.26918,2.26622,2.26622,2.26885,1.05981,1.06079,1.06013,1.05750,1.05948,-52.07808,3127.00000
3.48218,3.48514,3.48152,3.47823,3.48152,2.26754,2.26490,2.26556,2.27247,2.26984,1.05750,1.06211,1.05948,1.05981,1.05685,-52.07808,3128.00000
3.47823,3.47626,3.47955,3.48185,3.48579,2.26523,2.27017,2.26490,2.26523,2.27115,1.05882,1.05750,1.05849,1.05685,1.05553,-52.12432,3129.00000
3.47955,3.48415,3.48053,3.47658,3.47856,2.27214,2.26622,2.26293,2.26885,2.26819,1.06013,1.05948,1.05816,1.05981,1.05948,-52.12432,3130.00000
3.48119,3.47987,3.47757,3.48086,3.48053,2.27017,2.26852,2.26852,2.26885,2.27543,1.05652,1.05816,1.05882,1.06277,1.05717,-52.03308,3131.00000
3.47527,3.47461,3.48251,3.48119,3.47165,2.26721,2.27214,2.26622,2.26523,2.26655,1.05915,1.05619,1.05783,1.05652,1.05553,-52.03308,3132.00000
3.47987,3.48316,3.47922,3.48020,3.48053,2.27247,2.26721,2.27181,2.27050,2.26885,1.06309,1.05553,1.05816,1.05553,1.05586,-52.17895,3133.00000
3.48119,3.48053,3.47823,3.47889,3.47955,2.27181,2.27082,2.26984,2.26918,2.26589,1.05717,1.06013,1.05882,1.05783,1.06145,-52.17895,3134.00000
3.48415,3.47922,3.47165,3.47955,3.47987,2.27148,2.27115,2.26622,2.26721,2.26754,1.05487,1.05685,1.05520,1.05487,1.05816,-51.82210,3135.00000
3.47856,3.48251,3.48152,3.48316,3.48711,2.26918,2.27017,2.26589,2.26951,2.26885,1.05816,1.05816,1.05619,1.05882,1.05783,-51.82210,3136.00000
3.47691,3.48086,3.48251,3.48547,3.47955,2.27017,2.26655,2.26786,2.26819,2.26819,1.05816,1.05685,1.05948,1.05750,1.05915,-51.50933,3137.00000
3.48382,3.47658,3.48185,3.48086,3.48119,2.26852,2.26655,2.27444,2.26556,2.26326,1.05619,1.05685,1.05882,1.05750,1.05454,-51.50933,3138.00000
3.47494,3.48020,3.47823,3.47823,3.48678,2.26951,2.26885,2.27017,2.26688,2.27181,1.06046,1.05356,1.05389,1.05849,1.05948,-51.64261,3139.00000
3.48514,3.48415,3.48152,3.48283,3.48086,2.27280,2.27543,2.27346,2.27115,2.26951,1.05290,1.05750,1.05553,1.05750,1.05421,-51.64261,3140.00000
3.48579,3.47922,3.48547,3.47724,3.48448,2.27050,2.26622,2.26490,2.27050,2.26786,1.05421,1.05421,1.05619,1.05981,1.05389,-51.90074,3141.00000
3.47922,3.48349,3.48185,3.47987,3.48316,2.26918,2.26951,2.26885,2.27050,2.27214,1.05224,1.05093,1.05882,1.05586,1.05750,-51.90074,3142.00000
3.48119,3.48415,3.47823,3.48283,3.48251,2.27313,2.26918,2.26819,2.27017,2.26754,1.05421,1.05454,1.05553,1.05882,1.05652,-51.11416,3143.00000
3.48481,3.48382,3.47724,3.47658,3.48152,2.27115,2.27017,2.26754,2.26622,2.26918,1.05750,1.05553,1.05619,1.05553,1.05586,-51.11416,3144.00000
3.47955,3.48251,3.47527,3.47889,3.47395,2.27411,2.27148,2.27115,2.27181,2.27346,1.05125,1.05454,1.05652,1.05520,1.05520,-49.96966,3145.00000
3.48251,3.48448,3.47790,3.48645,3.48119,2.26984,2.26918,2.27115,2.26852,2.27017,1.05586,1.05454,1.05323,1.05421,1.05191,-48.95927,3146.00000
3.48382,3.47757,3.48612,3.48283,3.48053,2.27378,2.26951,2.26819,2.27082,2.27609,1.05421,1.05586,1.05816,1.05421,1.05224,-48.95927,3147.00000
3.47922,3.47889,3.48119,3.47955,3.47955,2.26885,2.26819,2.27214,2.26918,2.27017,1.05093,1.05290,1.05553,1.05454,1.05586,-48.95927,3148.00000
3.48053,3.48185,3.48283,3.48415,3.48316,2.27017,2.26984,2.26655,2.27115,2.27181,1.05224,1.05487,1.05619,1.05553,1.05224,-48.12291,3149.00000
3.48579,3.48415,3.48020,3.48251,3.48645,2.26688,2.26688,2.26754,2.26655,2.27017,1.05487,1.05257,1.05224,1.05520,1.05158,-48.12291,3150.00000
3.48415,3.48185,3.48316,3.47922,3.47889,2.27017,2.26819,2.26918,2.26885,2.27444,1.05224,1.04994,1.05553,1.05060,1.05454,-46.35277,3151.00000
3.48152,3.47823,3.48185,3.48349,3.47757,2.26392,2.27082,2.27280,2.26655,2.26688,1.05125,1.05454,1.05125,1.05125,1.05257,-47.10628,3152.00000
3.48382,3.48185,3.47889,3.48382,3.47987,2.26786,2.26786,2.27017,2.26786,2.27214,1.05356,1.05487,1.05027,1.04895,1.05224,-47.10628,3153.00000
3.48283,3.47757,3.48053,3.48349,3.48185,2.27017,2.26721,2.27806,2.26852,2.27115,1.05421,1.05356,1.05290,1.05356,1.05454,-47.10628,3154.00000
3.48645,3.48843,3.48020,3.48185,3.48152,2.26392,2.27247,2.26490,2.26786,2.26754,1.05520,1.05586,1.05685,1.05191,1.05224,-47.92111,3155.00000
3.48481,3.48218,3.47955,3.48547,3.48349,2.27411,2.27444,2.27181,2.27148,2.26852,1.05257,1.05191,1.05125,1.05257,1.05520,-47.92111,3156.00000
3.48152,3.47823,3.48283,3.48481,3.48251,2.26984,2.26852,2.26885,2.27148,2.27378,1.05421,1.05323,1.04895,1.05586,1.05224,-48.93960,3157.00000
3.47856,3.48053,3.48119,3.47724,3.48119,2.26984,2.26786,2.27214,2.26293,2.26688,1.05224,1.05290,1.05125,1.04599,1.05356,-48.93960,3158.00000
3.48316,3.48218,3.48053,3.48119,3.48612,2.26951,2.27050,2.26951,2.26984,2.26852,1.04994,1.05125,1.05158,1.04665,1.05389,-49.71624,3159.00000
3.48152,3.48020,3.48251,3.48185,3.48185,2.27181,2.27214,2.27017,2.26786,2.26589,1.04961,1.05323,1.05060,1.05027,1.05389,-49.71624,3160.00000
3.47856,3.47856,3.47691,3.47889,3.48053,2.26556,2.26786,2.26425,2.26819,2.26260,1.05290,1.05093,1.04895,1.05125,1.05060,-50.08915,3161.00000
3.48514,3.48349,3.48448,3.48218,3.47823,2.27082,2.26951,2.26589,2.26885,2.26490,1.05356,1.05125,1.05093,1.05454,1.05257,-50.08915,3162.00000
3.48053,3.47955,3.47560,3.47987,3.47527,2.26786,2.27378,2.27444,2.27313,2.26918,1.05191,1.05158,1.05356,1.05060,1.04928,-50.59654,3163.00000
3.48218,3.48448,3.47757,3.47790,3.48251,2.26655,2.27181,2.27411,2.26786,2.26852,1.04994,1.05224,1.05093,1.05060,1.05158,-50.59654,3164.00000
3.47724,3.48086,3.48448,3.48645,3.47987,2.26786,2.27050,2.27017,2.27181,2.26721,1.05060,1.05027,1.05356,1.04829,1.05093,-50.56696,3165.00000
3.48218,3.48547,3.48547,3.48547,3.48020,2.26984,2.26819,2.26655,2.27115,2.27050,1.05257,1.04994,1.04928,1.05389,1.05093,-50.56696,3166.00000
3.47987,3.48514,3.47724,3.48251,3.48448,2.26622,2.26852,2.26326,2.27313,2.26721,1.05158,1.04961,1.04829,1.05125,1.04895,-50.71164,3167.00000
3.48185,3.48053,3.47823,3.48218,3.48251,2.26556,2.27181,2.26786,2.26984,2.26655,1.04928,1.05257,1.05060,1.04632,1.05224,-50.71164,3168.00000
3.48119,3.48415,3.47626,3.48086,3.48086,2.27181,2.27346,2.26819,2.26523,2.27017,1.05356,1.04862,1.05323,1.04895,1.05257,-50.81622,3169.00000
3.47691,3.48053,3.48053,3.48579,3.48119,2.26984,2.27017,2.27148,2.26754,2.26819,1.04994,1.04994,1.04994,1.05093,1.04895,-50.81622,3170.00000
3.47658,3.48119,3.47691,3.48514,3.47790,2.26260,2.26885,2.26951,2.26721,2.26951,1.05027,1.05454,1.05323,1.05093,1.05290,-50.75736,3171.00000
3.47856,3.48251,3.48415,3.47658,3.47658,2.26754,2.27050,2.26918,2.26951,2.27017,1.05389,1.04895,1.05224,1.05323,1.05093,-50.75736,3172.00000
3.48152,3.47724,3.48448,3.47724,3.48119,2.26622,2.26951,2.26885,2.26622,2.26819,1.05125,1.05060,1.04961,1.05224,1.05125,-50.54234,3173.00000
3.47593,3.47790,3.47922,3.48152,3.47593,2.26984,2.26688,2.26885,2.27247,2.27017,1.05257,1.05125,1.05257,1.05125,1.05290,-50.54234,3174.00000
3.47987,3.47757,3.48218,3.47856,3.48547,2.26984,2.27346,2.27050,2.26688,2.26721,1.04994,1.05652,1.04928,1.04928,1.05323,-50.87751,3175.00000
3.47724,3.47823,3.48020,3.47461,3.48053,2.26425,2.26951,2.26392,2.26786,2.26885,1.04961,1.05257,1.05158,1.05191,1.04829,-50.87751,3176.00000
3.47955,3.48678,3.48020,3.47691,3.47691,2.27050,2.27082,2.27082,2.27148,2.26852,1.05553,1.05125,1.05093,1.05290,1.05257,-50.95936,3177.00000
3.47823,3.48744,3.47856,3.47922,3.47691,2.26852,2.26852,2.27050,2.26951,2.27378,1.05389,1.05125,1.04632,1.05356,1.05060,-50.95936,3178.00000
3.48218,3.48086,3.47922,3.48283,3.47494,2.26918,2.26951,2.26819,2.26852,2.27050,1.05224,1.05290,1.05323,1.04961,1.05224,-51.31014,3179.00000
3.48481,3.47428,3.47593,3.47297,3.47724,2.26984,2.26918,2.27148,2.26786,2.26918,1.04895,1.04994,1.04533,1.04797,1.05060,-51.31014,3180.00000
3.47856,3.47593,3.47395,3.48415,3.48349,2.26852,2.26425,2.26984,2.26819,2.27280,1.05224,1.05093,1.05454,1.05356,1.05125,-51.48215,3181.00000
3.48251,3.47461,3.47987,3.48086,3.48053,2.26589,2.27082,2.26721,2.27247,2.26425,1.05060,1.05389,1.04994,1.05520,1.05257,-51.48215,3182.00000
3.47955,3.47757,3.47428,3.47955,3.48382,2.26688,2.26754,2.27050,2.27017,2.27115,1.05060,1.05125,1.05125,1.04402,1.04731,-51.61147,3183.00000
3.48283,3.48086,3.48382,3.48053,3.48152,2.26951,2.27050,2.27148,2.26589,2.26721,1.04764,1.04731,1.05060,1.05093,1.04961,-51.61147,3184.00000
3.48053,3.48119,3.47560,3.48711,3.47724,2.26885,2.27313,2.26688,2.26885,2.27181,1.05158,1.04895,1.04764,1.05060,1.04797,-51.46331,3185.00000
3.48218,3.48020,3.47889,3.47955,3.48415,2.27181,2.27181,2.27378,2.27148,2.27280,1.05027,1.05060,1.05093,1.05093,1.04994,-51.46331,3186.00000
3.47922,3.48119,3.48514,3.47889,3.48152,2.26852,2.27609,2.26918,2.27247,2.27017,1.04797,1.05257,1.04829,1.05060,1.05323,-51.31083,3187.00000
3.48283,3.48185,3.47691,3.47823,3.48382,2.27017,2.26885,2.27115,2.27082,2.27247,1.04731,1.05027,1.05553,1.04994,1.04961,-51.31083,3188.00000
3.48382,3.47856,3.48053,3.48448,3.47889,2.26556,2.27115,2.26655,2.27082,2.26556,1.05093,1.04731,1.04928,1.04665,1.04829,-51.18476,3189.00000
3.48514,3.48316,3.48152,3.48415,3.48481,2.26984,2.26918,2.26951,2.27247,2.26984,1.05060,1.04961,1.05125,1.04599,1.04731,-51.18476,3190.00000
3.47856,3.47757,3.48218,3.48349,3.48185,2.27247,2.26688,2.26951,2.26754,2.26951,1.05191,1.04829,1.05224,1.04994,1.04862,-51.36113,3191.00000
3.47823,3.47757,3.48218,3.48218,3.48119,2.27017,2.27050,2.27773,2.26984,2.26852,1.04928,1.04994,1.04928,1.04829,1.04665,-51.11087,3192.00000
3.48283,3.47987,3.48251,3.48119,3.48316,2.26786,2.26918,2.26951,2.26721,2.27247,1.04501,1.04928,1.04961,1.04435,1.04797,-51.11087,3193.00000
3.48283,3.48547,3.48547,3.47955,3.47856,2.27214,2.26721,2.27017,2.26786,2.26754,1.04764,1.04764,1.04829,1.04862,1.04764,-51.11087,3194.00000
3.48053,3.48349,3.48119,3.48514,3.48283,2.27313,2.26852,2.27115,2.26688,2.26951,1.04895,1.04928,1.04994,1.04994,1.04797,-50.73732,3195.00000
3.48086,3.47889,3.48678,3.47987,3.48020,2.27115,2.27017,2.26984,2.27181,2.27050,1.04928,1.05027,1.04139,1.04665,1.04566,-48.88022,3196.00000
3.48020,3.48119,3.48119,3.48382,3.47757,2.27017,2.27148,2.26655,2.26951,2.26786,1.04797,1.04928,1.04895,1.04797,1.04665,-48.88022,3197.00000
3.47823,3.48251,3.48218,3.48382,3.47593,2.27115,2.26918,2.27444,2.27050,2.27017,1.04829,1.04895,1.04632,1.05125,1.05257,-48.88022,3198.00000
3.48349,3.47856,3.48020,3.47658,3.48382,2.26852,2.26326,2.26655,2.26819,2.27115,1.04731,1.05191,1.04862,1.05027,1.05027,-47.05459,3199.00000
3.47922,3.48547,3.47856,3.47889,3.47428,2.26951,2.27050,2.26819,2.26819,2.26589,1.04961,1.05323,1.05158,1.04994,1.04632,-47.05459,3200.00000
3.48218,3.47987,3.48514,3.48382,3.48349,2.26852,2.26655,2.26852,2.26622,2.27313,1.04566,1.04961,1.04764,1.05158,1.04994,-46.54225,3201.00000
3.47724,3.48020,3.47724,3.48152,3.48415,2.27378,2.26786,2.27378,2.27050,2.26885,1.05060,1.04994,1.05158,1.04764,1.04961,-46.54225,3202.00000
3.47790,3.47889,3.47757,3.48152,3.47757,2.27181,2.26918,2.26951,2.27148,2.26984,1.05191,1.04862,1.05060,1.04797,1.04731,-46.85499,3203.00000
3.47724,3.48711,3.48415,3.48218,3.47691,2.27214,2.26260,2.26852,2.26786,2.27115,1.04731,1.05027,1.04928,1.04994,1.04731,-46.85499,3204.00000
3.48481,3.47889,3.48349,3.47560,3.48086,2.27214,2.26951,2.26951,2.26721,2.27115,1.04961,1.05389,1.04994,1.04961,1.04797,-48.07423,3205.00000
3.48744,3.47823,3.47823,3.48053,3.48415,2.26754,2.27148,2.27050,2.26786,2.27017,1.04829,1.05060,1.05027,1.05060,1.04797,-48.07423,3206.00000
3.48382,3.47593,3.47823,3.47856,3.47955,2.26754,2.26688,2.26984,2.27115,2.27050,1.04928,1.04862,1.05060,1.04862,1.04632,-48.54851,3207.00000
3.48119,3.48415,3.47790,3.47724,3.47790,2.26951,2.26293,2.26819,2.27082,2.26688,1.05093,1.05060,1.04862,1.05027,1.04698,-48.54851,3208.00000
3.48579,3.47658,3.48251,3.47856,3.48251,2.26918,2.27017,2.26754,2.27181,2.27247,1.05158,1.04895,1.05060,1.04928,1.04928,-48.91841,3209.00000
3.48251,3.47889,3.48086,3.48185,3.48349,2.27444,2.26918,2.26326,2.26754,2.26786,1.05191,1.05125,1.04632,1.04928,1.04665,-48.91841,3210.00000
3.47691,3.47658,3.48086,3.47527,3.47757,2.27082,2.26885,2.26721,2.26622,2.27082,1.05125,1.04928,1.05125,1.04632,1.04961,-49.77047,3211.00000
3.47691,3.48283,3.48283,3.47658,3.48382,2.26852,2.26852,2.27082,2.26786,2.26490,1.04961,1.05158,1.04994,1.04797,1.04829,-49.77047,3212.00000
3.48283,3.48053,3.48053,3.47922,3.47790,2.27050,2.27050,2.26819,2.26819,2.26819,1.04829,1.04928,1.04731,1.04764,1.05323,-50.13344,3213.00000
3.47922,3.47889,3.48053,3.48119,3.48251,2.26852,2.27280,2.27082,2.26918,2.27444,1.05125,1.04797,1.05158,1.04961,1.04698,-50.13344,3214.00000
3.47593,3.48053,3.47428,3.47691,3.48086,2.26885,2.26918,2.26688,2.27378,2.27115,1.05125,1.04533,1.04468,1.05257,1.04764,-50.77093,3215.00000
3.48053,3.48579,3.47560,3.47724,3.47198,2.26984,2.27181,2.27477,2.27444,2.26819,1.04994,1.04862,1.04862,1.05158,1.04797,-50.77093,3216.00000
3.47691,3.47626,3.48547,3.47922,3.47757,2.26458,2.27017,2.27280,2.26951,2.27148,1.04895,1.04797,1.04961,1.04895,1.05060,-51.03804,3217.00000
3.47691,3.48020,3.48020,3.47889,3.48283,2.26984,2.26786,2.26260,2.26786,2.26523,1.05323,1.05027,1.05224,1.04994,1.04632,-51.16891,3218.00000
3.48251,3.48185,3.48086,3.47823,3.47823,2.26655,2.26721,2.27082,2.26984,2.27148,1.04862,1.04928,1.05027,1.04797,1.04895,-51.16891,3219.00000
3.48020,3.48119,3.48251,3.47955,3.48185,2.26918,2.26655,2.26918,2.27214,2.27082,1.04829,1.05191,1.04698,1.04829,1.05125,-51.16891,3220.00000
3.47494,3.48251,3.48415,3.47856,3.48119,2.27017,2.26984,2.26721,2.26819,2.26951,1.04961,1.04994,1.04731,1.04698,1.04862,-51.41079,3221.00000
3.48349,3.47395,3.48020,3.48251,3.48053,2.26984,2.27050,2.26655,2.27247,2.27082,1.04862,1.04698,1.04994,1.04961,1.04797,-51.41079,3222.00000
3.47922,3.47395,3.48415,3.47658,3.47922,2.26326,2.26556,2.26490,2.27050,2.27214,1.05224,1.05356,1.05093,1.04928,1.04928,-51.15537,3223.00000
3.48448,3.47231,3.48251,3.47626,3.48547,2.27181,2.27280,2.26951,2.26885,2.26523,1.04895,1.05060,1.04764,1.04895,1.05191,-51.15537,3224.00000
3.47264,3.48448,3.47593,3.48152,3.47790,2.26852,2.26655,2.26984,2.26819,2.26819,1.04994,1.05093,1.05487,1.04632,1.05191,-51.40501,3225.00000
3.47527,3.47987,3.47955,3.47955,3.47757,2.26622,2.26984,2.26852,2.27148,2.26951,1.04928,1.04829,1.05158,1.05257,1.04632,-51.40501,3226.00000
3.47856,3.47593,3.48185,3.48020,3.47626,2.26951,2.26852,2.26359,2.26425,2.26951,1.04862,1.05027,1.04698,1.05191,1.05191,-51.83511,3227.00000
3.48152,3.47560,3.47691,3.47955,3.47790,2.27017,2.26523,2.26885,2.27017,2.26655,1.05027,1.04928,1.05125,1.04599,1.05027,-51.83511,3228.00000
3.47757,3.47757,3.47987,3.48020,3.48349,2.26754,2.26819,2.26885,2.27247,2.26589,1.04829,1.04961,1.04994,1.04961,1.04829,-51.57009,3229.00000
3.47658,3.48053,3.48119,3.48481,3.48283,2.26622,2.27050,2.26458,2.26819,2.26556,1.04764,1.04566,1.04632,1.04698,1.05027,-51.57009,3230.00000
3.48283,3.48020,3.47724,3.47658,3.46968,2.26819,2.26490,2.27181,2.26162,2.26622,1.04665,1.04533,1.04829,1.05158,1.05257,-51.56268,3231.00000
3.47658,3.47330,3.48053,3.47691,3.48579,2.26885,2.26819,2.26721,2.26589,2.27280,1.04928,1.04402,1.04961,1.04994,1.04862,-51.56268,3232.00000
3.47691,3.47823,3.47691,3.48086,3.47790,2.26852,2.26951,2.26721,2.26655,2.26326,1.04895,1.04862,1.04797,1.04994,1.04994,-51.96464,3233.00000
3.48218,3.47527,3.47856,3.47922,3.47987,2.26490,2.26984,2.27313,2.27115,2.26786,1.04829,1.04797,1.05257,1.05158,1.05125,-51.96464,3234.00000
3.48119,3.48053,3.47856,3.47889,3.47330,2.26754,2.26589,2.26458,2.26162,2.26852,1.04599,1.05060,1.04665,1.04698,1.04764,-52.16425,3235.00000
3.47955,3.47626,3.47955,3.47494,3.48218,2.26490,2.26622,2.26556,2.26918,2.27148,1.04599,1.04632,1.05027,1.04402,1.04895,-52.16425,3236.00000
3.48415,3.48218,3.47593,3.47922,3.47922,2.27280,2.27148,2.27181,2.27017,2.26622,1.04961,1.04764,1.04731,1.04862,1.04632,-51.38749,3237.00000
3.47856,3.47922,3.48053,3.47527,3.48020,2.26819,2.26655,2.26819,2.26786,2.26786,1.05093,1.04797,1.04829,1.05093,1.04533,-51.38749,3238.00000
3.47724,3.47987,3.47757,3.48415,3.48086,2.26425,2.27050,2.26721,2.26721,2.26984,1.04961,1.04731,1.04895,1.05224,1.04829,-51.38561,3239.00000
3.47593,3.47889,3.47362,3.47231,3.47955,2.26786,2.26754,2.26655,2.26786,2.26786,1.04797,1.05027,1.04566,1.04599,1.04928,-51.38561,3240.00000
3.48283,3.47856,3.47757,3.47987,3.48086,2.26951,2.27247,2.26556,2.26523,2.26490,1.04994,1.04764,1.04533,1.04698,1.04928,-51.43155,3241.00000
3.48053,3.47658,3.48251,3.47856,3.47757,2.26129,2.26622,2.26786,2.26885,2.26984,1.04632,1.04797,1.04961,1.04961,1.04829,-51.43155,3242.00000
3.48119,3.48119,3.47922,3.48086,3.47724,2.26852,2.27050,2.27313,2.26523,2.26392,1.05027,1.04566,1.04698,1.04632,1.04731,-51.32709,3243.00000
3.48185,3.47362,3.47560,3.47626,3.47955,2.26786,2.26556,2.27017,2.26918,2.26194,1.04731,1.04731,1.04501,1.04435,1.04665,-51.72945,3244.00000
3.48053,3.47658,3.47889,3.47790,3.48547,2.27017,2.26556,2.27346,2.27082,2.26556,1.04862,1.04895,1.04698,1.04895,1.04698,-51.72945,3245.00000
3.47560,3.47757,3.47987,3.48185,3.48218,2.27082,2.27247,2.27082,2.26655,2.26984,1.04895,1.04895,1.05257,1.04895,1.04698,-51.72945,3246.00000
3.48086,3.48119,3.47823,3.48349,3.47264,2.26523,2.26490,2.26162,2.26951,2.27247,1.04862,1.05125,1.04698,1.04862,1.04928,-51.19040,3247.00000
3.47856,3.47856,3.48152,3.47626,3.48283,2.27181,2.26819,2.26556,2.26556,2.26392,1.04665,1.05027,1.04994,1.04369,1.04862,-51.19040,3248.00000
3.48020,3.47691,3.47691,3.48020,3.48119,2.26622,2.26786,2.26556,2.27148,2.27082,1.04369,1.04961,1.04928,1.04928,1.05093,-51.15819,3249.00000
3.48020,3.47987,3.47560,3.48349,3.47987,2.26786,2.26523,2.26918,2.26688,2.26556,1.04764,1.05027,1.04797,1.04862,1.04961,-51.15819,3250.00000
3.48251,3.48349,3.48152,3.47823,3.48053,2.26523,2.26754,2.26622,2.26754,2.26852,1.05027,1.04501,1.04895,1.04698,1.04928,-52.27766,3251.00000
3.47691,3.47922,3.47494,3.47922,3.48349,2.26984,2.26622,2.27214,2.27346,2.27280,1.04994,1.04928,1.04829,1.04829,1.04829,-52.27766,3252.00000
3.48020,3.47691,3.48283,3.47691,3.47790,2.26852,2.26523,2.26622,2.26786,2.26786,1.04533,1.04303,1.04862,1.04731,1.05060,-52.46570,3253.00000
3.47494,3.47494,3.48218,3.47395,3.47626,2.27115,2.26622,2.26260,2.26293,2.26260,1.04797,1.04862,1.05093,1.04632,1.04829,-52.46570,3254.00000
3.47428,3.47658,3.47264,3.47757,3.48020,2.27017,2.26622,2.26359,2.26392,2.26688,1.04665,1.04599,1.04994,1.04698,1.04961,-52.27531,3255.00000
3.47889,3.47626,3.47428,3.47823,3.48185,2.26490,2.26589,2.26655,2.27214,2.26490,1.04764,1.04665,1.04862,1.04665,1.04764,-52.27531,3256.00000
3.47658,3.48349,3.47034,3.48053,3.47658,2.26786,2.26490,2.27050,2.27050,2.26852,1.04895,1.04566,1.04994,1.04533,1.04928,-52.06538,3257.00000
3.48218,3.47362,3.47198,3.47922,3.47165,2.26754,2.26984,2.26194,2.26655,2.26655,1.04599,1.04895,1.04698,1.04764,1.04731,-52.06538,3258.00000
3.47593,3.47889,3.47362,3.47264,3.47231,2.26786,2.26688,2.26556,2.26129,2.26885,1.04961,1.04797,1.04829,1.05093,1.04764,-51.98402,3259.00000
3.47626,3.47461,3.47461,3.47593,3.47856,2.26260,2.26754,2.26458,2.26194,2.26721,1.04731,1.04731,1.04928,1.04731,1.05158,-51.98402,3260.00000
3.47231,3.48119,3.47691,3.47658,3.47724,2.26622,2.26754,2.26425,2.26688,2.26490,1.05060,1.05158,1.04402,1.04961,1.05290,-51.81259,3261.00000
3.46902,3.47231,3.47658,3.47626,3.47757,2.26523,2.26260,2.26458,2.26260,2.26622,1.04994,1.04797,1.05158,1.04698,1.04632,-51.81259,3262.00000
3.47856,3.47955,3.47757,3.47264,3.47658,2.27082,2.26819,2.26622,2.26754,2.26655,1.04928,1.05093,1.04566,1.04994,1.05093,-51.83014,3263.00000
3.47987,3.47658,3.47198,3.47395,3.47922,2.26918,2.26721,2.26523,2.26819,2.27017,1.04994,1.04599,1.05060,1.05027,1.04698,-51.83014,3264.00000
3.47922,3.47527,3.47626,3.47856,3.47395,2.27050,2.27148,2.26556,2.26458,2.26852,1.05158,1.05093,1.04797,1.05224,1.04797,-51.73604,3265.00000
3.47494,3.47955,3.47757,3.48086,3.48119,2.26885,2.26490,2.26655,2.26622,2.26458,1.05224,1.04731,1.04369,1.04895,1.04928,-51.73604,3266.00000
3.47658,3.48185,3.47790,3.48119,3.48218,2.26655,2.26721,2.26819,2.26688,2.26754,1.05158,1.04106,1.04336,1.04632,1.04862,-51.93536,3267.00000
3.47889,3.48020,3.47724,3.47922,3.47395,2.26688,2.26984,2.26951,2.26721,2.26852,1.05191,1.05257,1.04862,1.04928,1.04764,-51.93536,3268.00000
3.47823,3.47922,3.47856,3.48382,3.47922,2.26490,2.26852,2.27313,2.26754,2.26918,1.04994,1.04764,1.04994,1.04862,1.04764,-52.37097,3269.00000
3.47889,3.47461,3.47461,3.47724,3.47922,2.26392,2.26523,2.26721,2.26852,2.26556,1.04731,1.04797,1.05060,1.05290,1.04994,-52.37097,3270.00000
3.47724,3.48218,3.48185,3.47955,3.48086,2.27313,2.26458,2.26721,2.27247,2.26984,1.04895,1.05125,1.04698,1.04895,1.05125,-52.65486,3271.00000
3.47955,3.48119,3.47231,3.48185,3.47626,2.26688,2.26754,2.26754,2.26819,2.26984,1.05027,1.04961,1.04895,1.05027,1.05093,-52.65486,3272.00000
3.48185,3.47889,3.48053,3.47790,3.47691,2.26786,2.27050,2.26589,2.27017,2.26918,1.05060,1.04829,1.04862,1.05224,1.04928,-52.87180,3273.00000
3.48777,3.48415,3.48283,3.48218,3.47658,2.26852,2.27247,2.26786,2.26852,2.26951,1.04994,1.05060,1.04731,1.04862,1.04862,-52.87180,3274.00000
3.48119,3.48119,3.48020,3.48481,3.47724,2.26951,2.26852,2.26655,2.27050,2.26622,1.04994,1.05290,1.04829,1.05125,1.04994,-52.91551,3275.00000
3.47922,3.47626,3.47922,3.48382,3.47856,2.27082,2.26852,2.26721,2.26918,2.26786,1.05158,1.04829,1.04994,1.04994,1.04928,-52.91551,3276.00000
3.47724,3.48053,3.47922,3.48251,3.47790,2.26819,2.27378,2.26951,2.26622,2.27181,1.05257,1.04829,1.04961,1.05027,1.05093,-52.82909,3277.00000
3.48448,3.48481,3.48316,3.48448,3.48514,2.26984,2.26918,2.26458,2.27346,2.27280,1.04994,1.05191,1.05027,1.04698,1.05027,-52.82909,3278.00000
3.47987,3.47889,3.48020,3.48218,3.48283,2.27411,2.26819,2.27050,2.27444,2.26754,1.05093,1.04895,1.05257,1.05323,1.05290,-52.99608,3279.00000
3.48218,3.48152,3.47856,3.48086,3.47856,2.26852,2.26885,2.26622,2.27050,2.27050,1.05586,1.04928,1.04731,1.04402,1.04698,-52.99608,3280.00000
3.48218,3.48579,3.48349,3.47658,3.48119,2.26556,2.27017,2.26951,2.27017,2.27346,1.04961,1.05191,1.04731,1.05158,1.05323,-52.71191,3281.00000
3.47987,3.48053,3.48448,3.47724,3.48316,2.26819,2.26655,2.27346,2.26951,2.26786,1.04961,1.05027,1.05421,1.04994,1.05290,-52.71191,3282.00000
3.47889,3.48744,3.48316,3.48218,3.47987,2.27017,2.26984,2.27017,2.27050,2.27082,1.05158,1.05125,1.05158,1.05060,1.04829,-52.49967,3283.00000
3.48152,3.48382,3.48152,3.48514,3.47987,2.27082,2.27148,2.26688,2.27082,2.27148,1.05027,1.05158,1.05224,1.04862,1.04764,-52.49967,3284.00000
3.48678,3.47987,3.48086,3.48349,3.48020,2.26918,2.27477,2.26721,2.27017,2.27115,1.04961,1.05257,1.04764,1.04961,1.04764,-52.38748,3285.00000
3.48448,3.48316,3.47626,3.48448,3.47856,2.27050,2.27214,2.26589,2.26556,2.27543,1.04895,1.05224,1.04928,1.04928,1.04928,-52.38748,3286.00000
3.47922,3.48283,3.48415,3.48678,3.48251,2.27543,2.26918,2.26326,2.26754,2.27017,1.04862,1.04829,1.04994,1.05027,1.05125,-52.10435,3287.00000
3.48481,3.48119,3.48514,3.47922,3.48020,2.26984,2.26786,2.26589,2.27082,2.27050,1.05060,1.05389,1.04829,1.05356,1.05060,-52.10435,3288.00000
3.48119,3.48316,3.48185,3.48579,3.48119,2.27280,2.27148,2.27181,2.27017,2.26786,1.04829,1.05027,1.05158,1.05356,1.05487,-51.50218,3289.00000
3.47823,3.48645,3.48251,3.48152,3.48415,2.27050,2.26786,2.27082,2.26688,2.26918,1.05060,1.04895,1.04895,1.04895,1.04994,-51.50218,3290.00000
3.48316,3.48053,3.48185,3.48251,3.47494,2.26754,2.26490,2.26951,2.27609,2.27411,1.05224,1.04928,1.05027,1.05257,1.05158,-52.23355,3291.00000
3.48086,3.48185,3.48185,3.47527,3.48185,2.26754,2.26951,2.27017,2.27247,2.27543,1.04928,1.05158,1.04731,1.05125,1.04632,-52.23355,3292.00000
3.48316,3.48645,3.48514,3.48152,3.48251,2.26721,2.26622,2.27181,2.27082,2.26819,1.04928,1.04928,1.04862,1.04928,1.04829,-52.46722,3293.00000
3.47889,3.48020,3.47691,3.47790,3.48579,2.26819,2.27050,2.26786,2.27411,2.27050,1.05158,1.05323,1.05323,1.05093,1.04764,-52.46722,3294.00000
3.48218,3.47823,3.48810,3.48119,3.47823,2.26490,2.26721,2.26852,2.27247,2.27214,1.04764,1.04895,1.05257,1.05093,1.04961,-52.37073,3295.00000
3.48382,3.48777,3.47593,3.48053,3.48251,2.26458,2.26984,2.26721,2.26984,2.26918,1.05125,1.05487,1.04994,1.05421,1.05060,-52.37073,3296.00000
3.48218,3.48086,3.47987,3.47889,3.48382,2.26721,2.27280,2.27115,2.26918,2.27181,1.05356,1.04764,1.05158,1.05191,1.04895,-52.49194,3297.00000
3.48514,3.48514,3.48316,3.47856,3.48349,2.27313,2.26951,2.26951,2.27050,2.26655,1.05027,1.04862,1.05093,1.05093,1.05224,-52.49194,3298.00000
3.48053,3.48349,3.48415,3.48415,3.48185,2.26885,2.27148,2.27148,2.27247,2.27148,1.04862,1.04961,1.04994,1.05224,1.04895,-52.49788,3299.00000
3.48119,3.47823,3.48349,3.48678,3.48086,2.27378,2.27082,2.26655,2.27477,2.27050,1.04928,1.04632,1.04895,1.04994,1.05191,-52.49788,3300.00000
3.48119,3.47987,3.48119,3.47922,3.48086,2.27444,2.26918,2.26885,2.26721,2.26786,1.05323,1.05158,1.04928,1.05158,1.05093,-52.08518,3301.00000
3.48020,3.48283,3.47987,3.48316,3.48119,2.27082,2.27280,2.27115,2.26852,2.26754,1.05454,1.05586,1.04862,1.05060,1.04665,-52.08518,3302.00000
3.47955,3.48283,3.48382,3.48086,3.48020,2.27247,2.27181,2.26852,2.27017,2.26326,1.05257,1.05125,1.05125,1.04829,1.04928,-51.94025,3303.00000
3.48152,3.47724,3.47790,3.48218,3.48152,2.27313,2.27247,2.27017,2.26885,2.26589,1.05224,1.04961,1.04797,1.04994,1.04895,-51.94025,3304.00000
3.48086,3.48349,3.48119,3.48415,3.47987,2.26885,2.26688,2.27181,2.26885,2.26951,1.05191,1.04797,1.05125,1.05191,1.04829,-52.09754,3305.00000
3.48547,3.47987,3.48251,3.48514,3.47856,2.26852,2.26852,2.26721,2.26819,2.27017,1.05158,1.05125,1.05027,1.04829,1.04632,-52.09754,3306.00000
3.48053,3.48415,3.47395,3.47823,3.47922,2.27280,2.26984,2.26984,2.26819,2.26984,1.04928,1.05125,1.04632,1.04928,1.04829,-51.73690,3307.00000
3.47856,3.47691,3.48020,3.48053,3.47987,2.26556,2.27017,2.27313,2.26655,2.26622,1.04764,1.04994,1.05093,1.04698,1.04698,-51.73690,3308.00000
3.47395,3.47626,3.47823,3.48283,3.47889,2.27050,2.26721,2.26852,2.26918,2.26852,1.04336,1.04994,1.04533,1.04698,1.05093,-51.93918,3309.00000
3.47987,3.48481,3.48053,3.47955,3.47955,2.26786,2.26589,2.27050,2.26688,2.26918,1.04632,1.05224,1.04797,1.04895,1.04961,-51.93918,3310.00000
3.47955,3.47823,3.48152,3.48316,3.48020,2.27214,2.27017,2.26721,2.26458,2.26984,1.05125,1.05125,1.04599,1.04829,1.04797,-51.63133,3311.00000
3.47823,3.47527,3.47987,3.47757,3.47626,2.26622,2.26622,2.27082,2.27280,2.27148,1.04994,1.04731,1.04797,1.04994,1.04895,-51.63133,3312.00000
3.47823,3.47560,3.48086,3.47658,3.47757,2.27082,2.27214,2.26622,2.27017,2.26721,1.05257,1.04566,1.05257,1.04961,1.04764,-51.83951,3313.00000
3.47987,3.47889,3.47264,3.47790,3.47955,2.26951,2.27247,2.26754,2.26885,2.26589,1.04895,1.05027,1.04632,1.05125,1.04829,-51.83951,3314.00000
3.47987,3.48086,3.47757,3.47527,3.47297,2.26556,2.27148,2.27115,2.27148,2.26425,1.05060,1.04994,1.04731,1.04698,1.04961,-52.25010,3315.00000
3.47955,3.48218,3.47658,3.47823,3.48415,2.26490,2.26622,2.27214,2.27148,2.26819,1.04928,1.04764,1.04961,1.04468,1.05060,-52.25010,3316.00000
3.47757,3.48119,3.47987,3.47593,3.48086,2.26786,2.26688,2.26655,2.26819,2.26655,1.05027,1.04895,1.04731,1.04731,1.05257,-51.77513,3317.00000
3.47955,3.47987,3.47823,3.48382,3.48053,2.27017,2.26622,2.27017,2.26885,2.27115,1.05125,1.05158,1.04895,1.04829,1.04895,-51.77513,3318.00000
3.47428,3.47757,3.47066,3.47955,3.47790,2.26984,2.26721,2.26918,2.26721,2.26721,1.05125,1.05290,1.04698,1.05060,1.04862,-51.73518,3319.00000
3.47889,3.48119,3.47922,3.48283,3.47757,2.26721,2.27280,2.26589,2.26852,2.26227,1.04862,1.04862,1.05191,1.04961,1.05257,-51.59787,3320.00000
3.48119,3.48119,3.47955,3.48119,3.48119,2.26819,2.27017,2.26293,2.26951,2.26754,1.05191,1.04797,1.05060,1.05060,1.05191,-51.59787,3321.00000
3.47691,3.48119,3.47790,3.48514,3.47955,2.26688,2.26490,2.27115,2.26951,2.26721,1.04862,1.05323,1.04961,1.05158,1.05421,-51.70327,3322.00000
3.48218,3.47626,3.47757,3.47955,3.48218,2.26359,2.26918,2.27082,2.26721,2.26556,1.05191,1.04895,1.05290,1.05125,1.04961,-51.70327,3323.00000
3.47889,3.48547,3.48020,3.47856,3.47626,2.26984,2.26688,2.27115,2.27214,2.26754,1.05060,1.04961,1.05027,1.05027,1.04928,-51.70327,3324.00000
3.48251,3.47790,3.48086,3.47724,3.47889,2.26622,2.26885,2.26885,2.26984,2.26951,1.04764,1.04862,1.05027,1.04994,1.05027,-51.79306,3325.00000
3.47494,3.48119,3.47955,3.47889,3.47922,2.26721,2.26523,2.26589,2.26852,2.26918,1.05323,1.05290,1.05060,1.05158,1.05060,-51.79306,3326.00000
3.47922,3.47658,3.47823,3.48086,3.48053,2.27017,2.27115,2.26819,2.26786,2.27115,1.04961,1.05125,1.04928,1.04994,1.05290,-51.97011,3327.00000
3.48053,3.48612,3.48185,3.47823,3.47724,2.26458,2.26951,2.26786,2.26458,2.26918,1.04797,1.05093,1.04797,1.04698,1.04961,-51.97011,3328.00000
3.48185,3.48119,3.47691,3.48086,3.48185,2.27082,2.27017,2.26754,2.26490,2.26885,1.05060,1.05191,1.05027,1.05060,1.05093,-51.76100,3329.00000
3.48218,3.47724,3.47593,3.47955,3.48119,2.26819,2.26918,2.26688,2.26622,2.26688,1.05158,1.05356,1.04797,1.04533,1.04928,-51.76100,3330.00000
3.47724,3.47955,3.47461,3.47658,3.47395,2.27115,2.26721,2.26754,2.27017,2.26425,1.04961,1.04731,1.05027,1.04928,1.04928,-51.97641,3331.00000
3.47691,3.48349,3.48382,3.47955,3.47724,2.26951,2.26852,2.27017,2.26918,2.26819,1.04928,1.04764,1.04928,1.05027,1.05191,-51.97641,3332.00000
3.48777,3.47560,3.47626,3.47362,3.48283,2.26885,2.26819,2.26951,2.26622,2.26622,1.05093,1.04665,1.05125,1.04764,1.04862,-51.70172,3333.00000
3.47922,3.48152,3.47987,3.47527,3.47757,2.26622,2.27050,2.26458,2.26523,2.26589,1.04862,1.05257,1.05060,1.05290,1.05027,-51.70172,3334.00000
3.47461,3.47757,3.48053,3.47889,3.48283,2.27214,2.26852,2.26622,2.27346,2.26918,1.04731,1.05421,1.04895,1.04961,1.05060,-51.89132,3335.00000
3.47757,3.48086,3.47856,3.48283,3.48119,2.26885,2.26655,2.26688,2.27477,2.27017,1.04731,1.05224,1.05060,1.04566,1.04928,-51.89132,3336.00000
3.48119,3.47955,3.47987,3.47658,3.47428,2.26425,2.26786,2.26984,2.27148,2.26918,1.04731,1.05191,1.04698,1.05191,1.04862,-51.61407,3337.00000
3.47593,3.47461,3.47757,3.47757,3.47198,2.27510,2.26819,2.27247,2.27181,2.26852,1.05093,1.05191,1.05290,1.05027,1.04731,-51.61407,3338.00000
3.47889,3.48053,3.47198,3.47658,3.47691,2.27050,2.26458,2.27148,2.26786,2.27280,1.04895,1.05027,1.05323,1.05257,1.05158,-52.24466,3339.00000
3.47790,3.47757,3.47889,3.47527,3.47527,2.26918,2.26622,2.27017,2.26786,2.26688,1.04994,1.05060,1.05027,1.04895,1.04928,-52.24466,3340.00000
3.47724,3.47593,3.48382,3.47560,3.48053,2.26227,2.26458,2.27214,2.27017,2.26490,1.05027,1.04599,1.04862,1.04797,1.04928,-52.32489,3341.00000
3.47658,3.47955,3.47922,3.48251,3.48020,2.27082,2.26523,2.27247,2.27050,2.27115,1.04961,1.04994,1.04994,1.05257,1.04961,-52.32489,3342.00000
3.48316,3.48185,3.48283,3.47691,3.48218,2.26622,2.26819,2.26392,2.26951,2.26918,1.04994,1.04961,1.04928,1.05027,1.05191,-52.13424,3343.00000
3.47856,3.47560,3.48053,3.48086,3.47724,2.26754,2.26951,2.26754,2.27050,2.27247,1.04961,1.05191,1.04928,1.05093,1.04994,-52.13424,3344.00000
3.48053,3.48283,3.48086,3.48020,3.47922,2.26786,2.27017,2.26951,2.26885,2.26819,1.04764,1.04797,1.04994,1.05027,1.05125,-52.03155,3345.00000
3.47955,3.47889,3.47922,3.48251,3.48382,2.27082,2.26556,2.27050,2.26852,2.27576,1.04994,1.05125,1.04632,1.04928,1.04797,-52.03155,3346.00000
3.47790,3.47922,3.48152,3.48382,3.47856,2.27017,2.27017,2.26918,2.27148,2.26885,1.04829,1.04961,1.04797,1.04928,1.04862,-52.14701,3347.00000
3.47823,3.48185,3.47593,3.47724,3.47922,2.26918,2.27214,2.26754,2.26622,2.26721,1.04928,1.04961,1.05125,1.04797,1.04961,-52.14701,3348.00000
3.48678,3.47823,3.47987,3.48316,3.48382,2.26819,2.27115,2.26589,2.26589,2.26786,1.04797,1.04435,1.05060,1.04764,1.04895,-52.02053,3349.00000
3.47658,3.47527,3.48448,3.48020,3.47461,2.27115,2.27181,2.26852,2.27082,2.27050,1.04566,1.05027,1.04862,1.04928,1.04665,-52.02053,3350.00000
3.48283,3.48448,3.47198,3.47658,3.48382,2.26819,2.27181,2.26951,2.26852,2.26852,1.04961,1.04698,1.05224,1.05093,1.04797,-52.64097,3351.00000
3.47889,3.48448,3.47593,3.47691,3.47889,2.26754,2.26688,2.27346,2.26786,2.27280,1.04862,1.04698,1.04829,1.05191,1.04961,-52.64097,3352.00000
3.48086,3.48119,3.48185,3.48349,3.48185,2.26951,2.26918,2.26984,2.26852,2.27050,1.04994,1.04994,1.04961,1.05257,1.04862,-52.32380,3353.00000
3.48053,3.47856,3.47856,3.47560,3.47691,2.26622,2.27082,2.26260,2.26852,2.27411,1.04632,1.04961,1.04731,1.04797,1.04961,-52.32380,3354.00000
3.47823,3.47987,3.47987,3.47790,3.47790,2.26523,2.27050,2.27082,2.26721,2.26852,1.05027,1.05027,1.05093,1.05191,1.04764,-52.04236,3355.00000
3.48349,3.48020,3.48020,3.47724,3.48119,2.26984,2.26951,2.26885,2.26786,2.27115,1.04829,1.04731,1.05125,1.04566,1.04895,-52.04236,3356.00000
3.48415,3.47922,3.47823,3.47922,3.47889,2.26490,2.27017,2.27411,2.26655,2.26852,1.05158,1.04862,1.04928,1.04632,1.04665,-51.71639,3357.00000
3.48251,3.48185,3.47922,3.48086,3.48218,2.26721,2.27247,2.26786,2.27082,2.26918,1.04797,1.04698,1.05158,1.04928,1.04895,-51.71639,3358.00000
3.47955,3.47790,3.48152,3.48316,3.48316,2.27313,2.26951,2.26622,2.27280,2.27115,1.05158,1.04829,1.05060,1.04994,1.04961,-51.54140,3359.00000
3.48283,3.47889,3.47428,3.48251,3.48415,2.27017,2.27017,2.26918,2.27115,2.27181,1.05224,1.04994,1.04928,1.04961,1.04895,-51.54140,3360.00000
3.48185,3.48349,3.48349,3.48283,3.48119,2.26885,2.26523,2.27148,2.27181,2.27115,1.05027,1.04797,1.05093,1.05389,1.04895,-51.47844,3361.00000
3.48251,3.48218,3.48514,3.47790,3.47987,2.27181,2.26852,2.27017,2.27082,2.27247,1.05093,1.05191,1.05027,1.04961,1.04895,-51.47844,3362.00000
3.48349,3.47823,3.48316,3.48251,3.48481,2.26852,2.26951,2.26490,2.27050,2.26984,1.05224,1.04895,1.04895,1.04961,1.05060,-51.84012,3363.00000
3.48448,3.47889,3.47955,3.48119,3.48349,2.27050,2.26655,2.27181,2.26984,2.27082,1.04895,1.04994,1.05421,1.05257,1.05125,-51.84012,3364.00000
3.48053,3.48152,3.48218,3.47691,3.48119,2.27082,2.27082,2.26819,2.27050,2.27411,1.04895,1.04632,1.05060,1.04829,1.05027,-51.96568,3365.00000
3.47922,3.48415,3.48053,3.47593,3.48415,2.26918,2.27576,2.26655,2.26984,2.27510,1.04862,1.05158,1.05125,1.04961,1.05487,-51.96568,3366.00000
3.47856,3.48020,3.48119,3.48514,3.48218,2.27313,2.27050,2.27707,2.27411,2.26688,1.05027,1.04928,1.04797,1.04961,1.05027,-52.28702,3367.00000
3.47856,3.48579,3.48053,3.48152,3.48316,2.26721,2.26655,2.26918,2.26786,2.27017,1.04928,1.04928,1.05257,1.05191,1.04797,-52.24245,3368.00000
3.48053,3.48152,3.47757,3.48316,3.48251,2.26918,2.27115,2.26754,2.27148,2.26885,1.04928,1.04698,1.04797,1.05323,1.05290,-52.24245,3369.00000
3.48382,3.48514,3.48415,3.48481,3.47626,2.26721,2.27050,2.26984,2.26918,2.26819,1.05027,1.05027,1.05093,1.04895,1.04731,-52.24245,3370.00000
3.48481,3.48152,3.47987,3.48185,3.48349,2.26852,2.27181,2.27510,2.27214,2.27017,1.05323,1.04895,1.05093,1.04764,1.05191,-52.20460,3371.00000
3.47297,3.48514,3.48349,3.47889,3.47856,2.27082,2.27378,2.26918,2.27214,2.27050,1.05060,1.04994,1.05191,1.05323,1.04994,-52.20460,3372.00000
3.47955,3.47823,3.48382,3.48086,3.48086,2.27017,2.26786,2.26918,2.26852,2.27378,1.05389,1.04928,1.05060,1.05257,1.04961,-51.85059,3373.00000
3.47889,3.48645,3.48086,3.47757,3.47658,2.27280,2.26918,2.26984,2.27017,2.27346,1.05027,1.04829,1.05158,1.05224,1.04797,-51.85059,3374.00000
3.47856,3.48645,3.48744,3.48053,3.47691,2.26655,2.27576,2.26885,2.26786,2.26754,1.05290,1.05257,1.05060,1.04928,1.04829,-51.80176,3375.00000
3.47626,3.48415,3.47823,3.48612,3.47955,2.26786,2.26688,2.26556,2.26918,2.26721,1.04994,1.05027,1.04994,1.04895,1.05027,-51.80176,3376.00000
3.48612,3.48218,3.48612,3.48185,3.48481,2.27115,2.26523,2.26984,2.27214,2.27115,1.05060,1.04961,1.05421,1.05356,1.05093,-52.38770,3377.00000
3.48283,3.47889,3.48119,3.48020,3.48875,2.26951,2.27148,2.26984,2.27148,2.27082,1.05125,1.05257,1.05290,1.05290,1.04961,-52.38770,3378.00000
3.48251,3.47494,3.48185,3.48152,3.48283,2.26096,2.26819,2.26852,2.27082,2.27050,1.04994,1.05421,1.05323,1.05027,1.05290,-51.94662,3379.00000
3.48053,3.47494,3.47987,3.47593,3.47987,2.26786,2.27181,2.27017,2.26918,2.26819,1.05389,1.05389,1.05158,1.05060,1.05454,-51.94662,3380.00000
3.47626,3.48514,3.47757,3.47922,3.48316,2.26885,2.26392,2.26260,2.27378,2.26655,1.05224,1.05323,1.05060,1.04632,1.05027,-51.86252,3381.00000
3.48316,3.47790,3.47527,3.47494,3.48349,2.27313,2.26918,2.26786,2.27247,2.27115,1.05520,1.05125,1.04961,1.05093,1.05224,-51.86252,3382.00000
3.48086,3.48744,3.48152,3.48415,3.48152,2.26754,2.26885,2.27576,2.27017,2.26885,1.04961,1.04994,1.05191,1.04928,1.05158,-51.72020,3383.00000
3.48053,3.48185,3.48382,3.48645,3.48579,2.26984,2.27017,2.26984,2.26622,2.27017,1.04928,1.05224,1.05093,1.05158,1.05060,-51.72020,3384.00000
3.47889,3.48711,3.47724,3.47987,3.48086,2.27082,2.27017,2.26885,2.27247,2.27247,1.05323,1.05257,1.04961,1.05257,1.05093,-51.63182,3385.00000
3.48020,3.48579,3.47691,3.47889,3.48119,2.26951,2.27214,2.26951,2.26918,2.26984,1.04928,1.05421,1.05290,1.05158,1.05520,-51.63182,3386.00000
3.47560,3.48119,3.47724,3.48547,3.48053,2.26786,2.26721,2.26951,2.26721,2.26655,1.05356,1.05060,1.05685,1.05323,1.05224,-51.50618,3387.00000
3.48744,3.48579,3.47955,3.48316,3.48612,2.26622,2.27444,2.27444,2.27444,2.26754,1.05454,1.04961,1.05191,1.05027,1.05191,-51.50618,3388.00000
3.47790,3.48119,3.48119,3.47823,3.48415,2.26819,2.27280,2.27082,2.26622,2.27050,1.05125,1.05224,1.04862,1.05027,1.05323,-52.10926,3389.00000
3.48645,3.47626,3.48382,3.48053,3.47593,2.26359,2.26984,2.27313,2.27017,2.27214,1.05224,1.05125,1.05257,1.05027,1.04895,-52.10926,3390.00000
3.48218,3.48053,3.48086,3.48415,3.48283,2.26786,2.27148,2.27082,2.26819,2.26984,1.05290,1.04994,1.05158,1.05093,1.04961,-52.65455,3391.00000
3.48547,3.48152,3.47691,3.48053,3.47856,2.26458,2.26885,2.26786,2.26622,2.26852,1.05389,1.05060,1.05652,1.04994,1.05323,-52.65455,3392.00000
3.47658,3.47823,3.48349,3.47823,3.48382,2.26754,2.26951,2.26754,2.26786,2.27313,1.05027,1.05619,1.05356,1.04994,1.05158,-52.66162,3393.00000
3.47790,3.47955,3.47856,3.48185,3.48152,2.27115,2.27280,2.27181,2.27510,2.26951,1.05093,1.05027,1.05356,1.04764,1.05323,-52.66162,3394.00000
3.48382,3.48514,3.48645,3.47856,3.47955,2.26425,2.26885,2.27411,2.26721,2.27115,1.05093,1.05093,1.05323,1.05553,1.05323,-52.57194,3395.00000
3.47856,3.47955,3.47856,3.48415,3.48283,2.26885,2.26622,2.27181,2.27050,2.27017,1.05224,1.04928,1.04731,1.05093,1.04862,-52.57194,3396.00000
3.48514,3.48218,3.48053,3.48251,3.48152,2.27346,2.27378,2.27247,2.27050,2.27082,1.04895,1.05191,1.05257,1.05060,1.04797,-52.44380,3397.00000
3.48119,3.48415,3.47297,3.48152,3.48349,2.27543,2.27181,2.27444,2.26458,2.27017,1.04764,1.05158,1.04632,1.04994,1.04928,-52.81898,3398.00000
3.48316,3.48481,3.48251,3.47889,3.47494,2.27247,2.27017,2.27115,2.27115,2.27313,1.04928,1.05158,1.04928,1.05356,1.05093,-52.81898,3399.00000
3.48086,3.47987,3.48514,3.48053,3.48547,2.27576,2.26721,2.27148,2.26819,2.27181,1.05421,1.04797,1.05093,1.04698,1.05093,-52.81898,3400.00000
3.48020,3.48316,3.48251,3.47724,3.47757,2.26984,2.27148,2.27017,2.26688,2.27082,1.04895,1.04994,1.05027,1.04928,1.04928,-52.90471,3401.00000
3.48185,3.48283,3.47691,3.48316,3.48283,2.26786,2.27313,2.26885,2.26458,2.27017,1.04797,1.04862,1.04961,1.04994,1.05093,-52.90471,3402.00000
3.48283,3.48119,3.47790,3.47461,3.48349,2.26721,2.26721,2.26951,2.26754,2.27082,1.05093,1.04731,1.05060,1.05224,1.05421,-52.52729,3403.00000
3.47955,3.48612,3.48415,3.48053,3.48448,2.26852,2.27280,2.27247,2.27247,2.26786,1.04895,1.04994,1.04829,1.05323,1.04928,-52.52729,3404.00000
3.48744,3.47922,3.48251,3.48777,3.47922,2.26556,2.27214,2.26622,2.27115,2.26819,1.05060,1.05093,1.05125,1.05553,1.04698,-52.33753,3405.00000
3.48645,3.47626,3.48579,3.48086,3.47955,2.26885,2.27181,2.27510,2.26786,2.27050,1.04961,1.05158,1.04928,1.04599,1.04764,-52.08244,3406.00000
3.47955,3.48415,3.47889,3.48579,3.47790,2.26885,2.26951,2.26721,2.27148,2.27181,1.05093,1.04829,1.05224,1.04862,1.05027,-52.08244,3407.00000
3.48382,3.47987,3.48415,3.48218,3.48448,2.27181,2.27148,2.27576,2.27050,2.27214,1.04632,1.04961,1.04961,1.05356,1.05158,-52.08244,3408.00000
3.47593,3.48481,3.48086,3.48185,3.48810,2.26885,2.26721,2.26852,2.27214,2.27017,1.04895,1.04731,1.04928,1.05158,1.04961,-52.04259,3409.00000
3.48481,3.48349,3.48514,3.48119,3.48283,2.26425,2.26984,2.27181,2.26688,2.26754,1.04895,1.05027,1.05158,1.04895,1.04599,-52.04259,3410.00000
3.47922,3.47593,3.48415,3.48316,3.47922,2.27082,2.26819,2.26655,2.26984,2.27181,1.05125,1.04994,1.04797,1.04764,1.04829,-52.57267,3411.00000
3.47198,3.48185,3.47395,3.47987,3.47889,2.27017,2.26622,2.26655,2.26359,2.26984,1.05027,1.04961,1.04501,1.05027,1.04731,-52.57267,3412.00000
3.48086,3.47724,3.48086,3.47955,3.48086,2.26786,2.26721,2.26688,2.26490,2.26852,1.04994,1.04895,1.04665,1.05060,1.05060,-52.26036,3413.00000
3.47527,3.47823,3.47955,3.48119,3.48218,2.26622,2.26655,2.26523,2.26918,2.26754,1.05027,1.04994,1.05125,1.04665,1.05093,-52.22956,3414.00000
3.47889,3.47593,3.48119,3.47593,3.47395,2.26885,2.26458,2.26688,2.26162,2.27082,1.04731,1.05257,1.05158,1.04928,1.04829,-52.22956,3415.00000
3.47626,3.48185,3.47823,3.48086,3.47856,2.26721,2.26918,2.26622,2.27313,2.26260,1.04961,1.05158,1.04994,1.05060,1.05027,-52.22956,3416.00000
3.48185,3.48152,3.47724,3.48053,3.47856,2.27181,2.26885,2.26951,2.26688,2.26754,1.05257,1.05290,1.05619,1.04862,1.05158,-51.94699,3417.00000
3.47889,3.48053,3.48415,3.48119,3.47593,2.26688,2.27214,2.26951,2.27214,2.27082,1.04895,1.04862,1.05158,1.05027,1.05454,-51.94699,3418.00000
3.47560,3.48579,3.47922,3.48711,3.48152,2.27247,2.26688,2.27346,2.26852,2.26556,1.05158,1.04994,1.05389,1.05027,1.04961,-51.99623,3419.00000
3.47987,3.48053,3.48152,3.48349,3.48579,2.26589,2.26951,2.26819,2.26918,2.27378,1.05060,1.04829,1.05158,1.05125,1.05619,-51.67587,3420.00000
3.47757,3.47987,3.47560,3.47757,3.48086,2.26721,2.27313,2.26885,2.26260,2.26754,1.05158,1.05290,1.05290,1.05389,1.05356,-51.67587,3421.00000
3.47494,3.47527,3.48316,3.47593,3.47856,2.27115,2.26688,2.26786,2.26918,2.26425,1.05060,1.05290,1.04862,1.05125,1.05224,-51.67587,3422.00000
3.48020,3.47823,3.47494,3.48119,3.48283,2.26885,2.26885,2.26359,2.26885,2.26655,1.05093,1.05027,1.05125,1.04829,1.05520,-51.52090,3423.00000
3.47428,3.48152,3.47987,3.48382,3.47724,2.26918,2.26819,2.26951,2.27280,2.26688,1.04994,1.04994,1.05060,1.04961,1.04829,-51.52090,3424.00000
3.47987,3.48053,3.47823,3.48349,3.48283,2.26885,2.26984,2.26688,2.26721,2.26589,1.05290,1.05158,1.04961,1.05027,1.04895,-51.71706,3425.00000
3.48316,3.47330,3.47790,3.48481,3.47856,2.27017,2.26852,2.26523,2.26984,2.27115,1.04961,1.04533,1.04961,1.05356,1.05290,-51.71706,3426.00000
3.48185,3.48415,3.48020,3.48283,3.47987,2.27017,2.26852,2.26819,2.26852,2.26030,1.04764,1.05553,1.04895,1.04961,1.05224,-51.74203,3427.00000
3.48251,3.48316,3.47757,3.48185,3.47560,2.26918,2.27017,2.26688,2.26754,2.27082,1.05356,1.04731,1.05093,1.05323,1.04928,-51.74203,3428.00000
3.48514,3.48349,3.47626,3.48612,3.48251,2.27214,2.26885,2.26523,2.26425,2.27017,1.05257,1.04533,1.04731,1.04961,1.04961,-51.85634,3429.00000
3.47790,3.47987,3.47987,3.47757,3.48152,2.26688,2.27148,2.26622,2.27115,2.27247,1.05257,1.05224,1.04764,1.05125,1.05158,-51.71282,3430.00000
3.48514,3.48316,3.48316,3.48251,3.48415,2.26688,2.26589,2.26786,2.26951,2.27346,1.05027,1.04895,1.04731,1.05619,1.04994,-51.71282,3431.00000
3.48481,3.47527,3.48547,3.47856,3.47790,2.26293,2.26754,2.26786,2.26622,2.26688,1.05323,1.05125,1.05224,1.04994,1.05060,-51.71282,3432.00000
3.47955,3.47658,3.48119,3.47856,3.48119,2.26754,2.27280,2.26951,2.26819,2.27214,1.05027,1.04665,1.04862,1.04961,1.05356,-51.20048,3433.00000
3.48283,3.47955,3.48053,3.47428,3.47724,2.27346,2.26819,2.27214,2.27115,2.27346,1.05191,1.04928,1.05158,1.04862,1.04928,-51.20048,3434.00000
3.48316,3.48185,3.47724,3.48415,3.47724,2.26885,2.26655,2.26392,2.26852,2.27247,1.04895,1.05191,1.05093,1.04928,1.05191,-51.09654,3435.00000
3.48251,3.48283,3.47428,3.48152,3.47955,2.26392,2.26688,2.26885,2.26688,2.26918,1.05257,1.05093,1.04895,1.05060,1.05060,-51.09654,3436.00000
3.48086,3.48415,3.47330,3.47560,3.48119,2.27214,2.26918,2.26852,2.27181,2.27082,1.04862,1.04994,1.05191,1.05454,1.04994,-50.96377,3437.00000
3.47757,3.48251,3.48053,3.48218,3.47856,2.26918,2.27181,2.27082,2.26819,2.26918,1.05125,1.04895,1.04698,1.04994,1.04731,-50.96377,3438.00000
3.48218,3.48579,3.48415,3.48448,3.47658,2.27017,2.27346,2.27247,2.27115,2.26984,1.05224,1.05125,1.04797,1.05487,1.04928,-50.73855,3439.00000
3.48152,3.48218,3.48020,3.47889,3.47889,2.26951,2.26786,2.26556,2.27115,2.27313,1.04928,1.05191,1.04829,1.05125,1.04797,-50.73855,3440.00000
3.48316,3.48119,3.48645,3.48152,3.48481,2.26655,2.27675,2.27017,2.26589,2.26556,1.04928,1.05060,1.05257,1.05389,1.04731,-50.20428,3441.00000
3.48316,3.48908,3.48448,3.47691,3.48283,2.26622,2.26852,2.27280,2.27017,2.27181,1.05027,1.04797,1.05027,1.05060,1.04665,-50.20428,3442.00000
3.47955,3.48251,3.48218,3.48316,3.48020,2.26951,2.26951,2.27444,2.26984,2.27477,1.05224,1.05060,1.04731,1.05093,1.04797,-48.10982,3443.00000
3.48185,3.47922,3.48020,3.47494,3.48020,2.26490,2.26951,2.27181,2.27181,2.26885,1.05125,1.04994,1.04895,1.05027,1.05093,-48.10982,3444.00000
3.48152,3.48283,3.47856,3.48185,3.47922,2.26392,2.26951,2.27247,2.27247,2.26984,1.04928,1.04862,1.04829,1.05158,1.04797,-47.67705,3445.00000
3.48185,3.47987,3.47987,3.47856,3.48185,2.26688,2.26984,2.27181,2.27247,2.27148,1.05257,1.04665,1.04895,1.05093,1.05027,-47.67705,3446.00000
3.48053,3.48218,3.47823,3.48415,3.48218,2.27148,2.26721,2.27082,2.26556,2.26786,1.04928,1.05191,1.05158,1.05553,1.04895,-47.69453,3447.00000
3.48185,3.48283,3.47889,3.48711,3.47889,2.26589,2.27017,2.27214,2.27115,2.27017,1.05027,1.04797,1.04829,1.04797,1.04797,-47.69453,3448.00000
3.47757,3.48119,3.48382,3.48448,3.47987,2.27543,2.26951,2.26951,2.26786,2.26655,1.04895,1.05158,1.04862,1.04764,1.04797,-48.82761,3449.00000
3.47856,3.48251,3.48251,3.48152,3.48316,2.26852,2.27148,2.26819,2.26852,2.26786,1.05290,1.04829,1.05060,1.05027,1.05027,-48.82761,3450.00000
3.47889,3.48185,3.48086,3.48547,3.48349,2.25997,2.27411,2.27181,2.27181,2.27214,1.04994,1.05093,1.04895,1.04829,1.05389,-50.09894,3451.00000
3.48185,3.48481,3.48218,3.48218,3.48185,2.26359,2.26885,2.26852,2.26622,2.27181,1.04862,1.05060,1.04731,1.05125,1.05060,-50.76095,3452.00000
3.47987,3.48547,3.47922,3.48810,3.47955,2.26688,2.26754,2.27378,2.26951,2.26688,1.04829,1.05060,1.05093,1.05224,1.05027,-50.76095,3453.00000
3.47922,3.48843,3.47724,3.47823,3.48448,2.27017,2.26754,2.26655,2.27378,2.26885,1.05027,1.05191,1.05093,1.04928,1.05257,-50.76095,3454.00000
3.48020,3.48152,3.48152,3.48316,3.47658,2.26622,2.26951,2.27576,2.26589,2.27050,1.05060,1.05027,1.04994,1.05257,1.05191,-50.87839,3455.00000
3.48283,3.48481,3.48579,3.48316,3.49007,2.26819,2.27181,2.27247,2.26885,2.27082,1.05158,1.05093,1.04797,1.04501,1.04895,-50.87839,3456.00000
3.48448,3.47922,3.47823,3.48086,3.48579,2.26984,2.27082,2.26786,2.26819,2.27148,1.04797,1.05191,1.05093,1.05027,1.05093,-51.02505,3457.00000
3.47658,3.48152,3.48218,3.48283,3.47955,2.27017,2.27313,2.27280,2.26754,2.27148,1.05323,1.05257,1.05191,1.04764,1.05224,-51.02505,3458.00000
3.48448,3.48678,3.48086,3.47889,3.48579,2.26721,2.27181,2.27411,2.26622,2.27378,1.05093,1.04862,1.04764,1.05224,1.04566,-51.40602,3459.00000
3.48481,3.48283,3.47856,3.47987,3.48481,2.27280,2.26688,2.26786,2.27148,2.27510,1.04632,1.05060,1.04895,1.04994,1.04698,-51.40602,3460.00000
3.48218,3.48349,3.47955,3.48218,3.47922,2.26852,2.26556,2.26655,2.27346,2.27082,1.04994,1.04665,1.04731,1.04566,1.05125,-51.62094,3461.00000
3.48415,3.48152,3.47889,3.47922,3.48382,2.26852,2.26754,2.26819,2.26786,2.27247,1.04829,1.04797,1.05224,1.04501,1.04994,-51.62094,3462.00000
3.48053,3.48547,3.47724,3.48020,3.47987,2.27214,2.27115,2.26458,2.27181,2.27148,1.04599,1.04632,1.05224,1.05125,1.04665,-51.54612,3463.00000
3.48086,3.48711,3.48053,3.48251,3.48547,2.27214,2.27082,2.27050,2.26458,2.26852,1.05125,1.04698,1.04862,1.04829,1.04895,-51.76317,3464.00000
3.47922,3.48086,3.48547,3.47691,3.48152,2.27444,2.26359,2.27378,2.26819,2.27148,1.04961,1.04632,1.05060,1.05290,1.04928,-51.76317,3465.00000
3.47757,3.48316,3.47856,3.48579,3.47889,2.26819,2.26786,2.26918,2.26984,2.26556,1.05520,1.05093,1.04961,1.04698,1.05093,-51.76317,3466.00000
3.47691,3.48382,3.47757,3.48152,3.48053,2.27082,2.26951,2.26951,2.27050,2.27247,1.05060,1.05027,1.05027,1.05060,1.04829,-51.70767,3467.00000
3.48020,3.48020,3.47922,3.48053,3.48448,2.27082,2.27050,2.26819,2.26984,2.27247,1.05191,1.04829,1.04895,1.05027,1.04731,-51.70767,3468.00000
3.47955,3.47724,3.48020,3.47823,3.48218,2.26754,2.26786,2.26984,2.26786,2.26984,1.04928,1.05191,1.04797,1.05027,1.04928,-51.71788,3469.00000
3.48316,3.47922,3.48678,3.48316,3.47987,2.26918,2.26688,2.27510,2.26918,2.27050,1.04994,1.05191,1.04764,1.05290,1.04764,-51.71788,3470.00000
3.47922,3.48547,3.48020,3.48744,3.48152,2.26721,2.26852,2.26688,2.26951,2.27280,1.04862,1.04862,1.04862,1.05224,1.04764,-51.74746,3471.00000
3.47856,3.48481,3.48349,3.48382,3.47593,2.27181,2.27313,2.27609,2.27346,2.26852,1.04862,1.04961,1.04895,1.04797,1.04994,-51.74746,3472.00000
3.48251,3.48218,3.48711,3.49139,3.48251,2.27148,2.26984,2.27280,2.27280,2.26885,1.05060,1.04731,1.04895,1.05027,1.04961,-51.24798,3473.00000
3.47889,3.48349,3.48448,3.48218,3.47922,2.27411,2.27280,2.26819,2.26688,2.26885,1.04895,1.04994,1.05257,1.04698,1.05224,-51.24798,3474.00000
3.48185,3.48974,3.48415,3.48448,3.48283,2.26918,2.27609,2.26819,2.26918,2.27115,1.05027,1.04764,1.04797,1.04665,1.05421,-51.37561,3475.00000
3.47593,3.48152,3.48185,3.48744,3.48481,2.26819,2.26885,2.27477,2.27214,2.26688,1.04994,1.04994,1.05191,1.04961,1.05257,-51.37561,3476.00000
3.48283,3.48251,3.48415,3.48415,3.48119,2.26918,2.27313,2.26885,2.27313,2.27115,1.05257,1.04862,1.05257,1.04731,1.04895,-51.09285,3477.00000
3.48448,3.48711,3.48185,3.48185,3.48152,2.27773,2.27313,2.27082,2.26754,2.27378,1.05027,1.04928,1.04961,1.04731,1.04764,-51.09285,3478.00000
3.48843,3.48448,3.48251,3.48547,3.48086,2.26951,2.27642,2.26885,2.27378,2.27510,1.05093,1.04632,1.05093,1.05224,1.05389,-50.96294,3479.00000
3.48415,3.48316,3.48152,3.48415,3.48382,2.27543,2.27082,2.26885,2.26918,2.27115,1.05060,1.04829,1.04829,1.05356,1.05224,-50.96294,3480.00000
3.48349,3.48744,3.48645,3.48251,3.48283,2.26819,2.27247,2.26819,2.26688,2.27082,1.05125,1.04994,1.05125,1.04961,1.04862,-50.38155,3481.00000
3.47922,3.48251,3.48185,3.48579,3.48251,2.27346,2.27148,2.26984,2.27082,2.26523,1.05093,1.05093,1.04862,1.05191,1.04731,-50.38155,3482.00000
3.48053,3.48251,3.48711,3.48349,3.48349,2.27115,2.27609,2.27444,2.26918,2.26754,1.04829,1.04895,1.04895,1.04829,1.05093,-50.92982,3483.00000
3.48810,3.48053,3.48218,3.48810,3.48086,2.27115,2.27181,2.26655,2.27378,2.26918,1.05257,1.04895,1.05586,1.04928,1.04829,-50.92982,3484.00000
3.47330,3.48777,3.47987,3.48086,3.48514,2.27247,2.26951,2.26819,2.27148,2.27411,1.04895,1.05093,1.05257,1.04994,1.04632,-50.45061,3485.00000
3.48349,3.48185,3.48218,3.48053,3.48152,2.26852,2.27411,2.27280,2.26984,2.26852,1.05027,1.05027,1.05191,1.04862,1.05060,-50.45061,3486.00000
3.48283,3.47658,3.48152,3.48086,3.48382,2.27214,2.26655,2.26786,2.27082,2.26819,1.05060,1.05257,1.05125,1.05027,1.05257,-49.39546,3487.00000
3.48152,3.48481,3.48218,3.48843,3.48711,2.27378,2.27444,2.26721,2.26984,2.26622,1.04928,1.04829,1.05093,1.05093,1.05257,-49.39546,3488.00000
3.48349,3.48053,3.48612,3.48119,3.48612,2.26819,2.27017,2.27181,2.26819,2.26885,1.04797,1.04994,1.04665,1.04961,1.05125,-47.20439,3489.00000
3.48843,3.47823,3.48316,3.48283,3.48744,2.27313,2.27082,2.27082,2.26885,2.26951,1.04961,1.04994,1.05027,1.04994,1.04895,-47.20439,3490.00000
3.48316,3.48283,3.47658,3.48612,3.48481,2.27247,2.27378,2.27148,2.27280,2.27214,1.05191,1.04764,1.04994,1.04928,1.05027,-47.75378,3491.00000
3.48185,3.47856,3.48086,3.48283,3.48119,2.27017,2.27050,2.26885,2.26885,2.27082,1.05093,1.05290,1.05257,1.04862,1.05257,-47.75378,3492.00000
3.48053,3.48185,3.48349,3.48843,3.48711,2.27214,2.26918,2.27115,2.27017,2.27378,1.04698,1.05191,1.05027,1.05093,1.04797,-48.27140,3493.00000
3.47856,3.47955,3.48185,3.48020,3.48020,2.26786,2.26754,2.27313,2.26918,2.26786,1.04632,1.04994,1.05060,1.05323,1.04895,-48.27140,3494.00000
3.48711,3.48645,3.47790,3.48316,3.48349,2.26688,2.26655,2.26885,2.27214,2.26951,1.05027,1.05290,1.04797,1.04829,1.05356,-48.77761,3495.00000
3.48152,3.48349,3.48579,3.47658,3.47757,2.26819,2.27115,2.26852,2.26951,2.27346,1.04928,1.04928,1.05224,1.04895,1.04599,-48.77761,3496.00000
3.48810,3.48382,3.47823,3.48316,3.48020,2.27477,2.26984,2.26984,2.26984,2.27181,1.04994,1.04994,1.04928,1.04599,1.04797,-49.18833,3497.00000
3.48316,3.48053,3.48020,3.47757,3.48251,2.27017,2.27477,2.27050,2.26918,2.27642,1.04797,1.05290,1.05060,1.04797,1.05060,-49.18833,3498.00000
3.48645,3.48349,3.48185,3.48514,3.48086,2.27017,2.27280,2.26786,2.27411,2.26819,1.04895,1.05060,1.05027,1.04797,1.04961,-49.75348,3499.00000
3.48448,3.47757,3.48053,3.48020,3.47987,2.27050,2.27214,2.27411,2.27346,2.27773,1.05158,1.05027,1.05093,1.05290,1.05093,-50.18559,3500.00000
3.48481,3.48382,3.48185,3.48119,3.48612,2.27214,2.27115,2.27378,2.26951,2.27017,1.05191,1.05125,1.04928,1.04895,1.04895,-50.18559,3501.00000
3.48119,3.48218,3.47823,3.48316,3.48645,2.27082,2.27148,2.27181,2.26984,2.26918,1.04829,1.04665,1.04961,1.05191,1.04764,-50.18559,3502.00000
3.48514,3.47626,3.48415,3.48349,3.48514,2.27543,2.27280,2.26918,2.27444,2.26951,1.04829,1.04632,1.05158,1.04994,1.05125,-50.92451,3503.00000
3.48481,3.48382,3.48152,3.48415,3.48316,2.26819,2.26721,2.26852,2.26984,2.26984,1.04764,1.04994,1.04829,1.05290,1.05125,-50.92451,3504.00000
3.48382,3.47922,3.48086,3.48547,3.47955,2.26786,2.27313,2.27148,2.27214,2.27313,1.04961,1.04731,1.05158,1.05421,1.05224,-51.44479,3505.00000
3.48152,3.48382,3.48020,3.48283,3.48415,2.26589,2.27050,2.27214,2.26721,2.27082,1.04928,1.04665,1.04961,1.05093,1.04764,-51.44479,3506.00000
3.48119,3.48349,3.48448,3.48415,3.48185,2.26885,2.27017,2.26951,2.27082,2.26819,1.04895,1.04895,1.04764,1.04665,1.05323,-52.03904,3507.00000
3.48415,3.48152,3.47757,3.48283,3.48349,2.27280,2.26425,2.27017,2.26918,2.26984,1.04501,1.04895,1.04928,1.04994,1.05356,-52.03904,3508.00000
3.48514,3.48645,3.48251,3.48612,3.48579,2.27082,2.27082,2.26918,2.26490,2.26721,1.05093,1.05158,1.05323,1.04961,1.04501,-52.20571,3509.00000
3.48579,3.48218,3.48941,3.48251,3.47889,2.26984,2.27247,2.26819,2.26984,2.26852,1.04764,1.05224,1.05093,1.04533,1.04665,-52.20571,3510.00000
3.48020,3.48053,3.48185,3.48349,3.48481,2.27576,2.27247,2.26951,2.27181,2.27247,1.04928,1.05027,1.04994,1.04829,1.04994,-52.17523,3511.00000
3.48020,3.48185,3.48711,3.48645,3.48053,2.27247,2.26885,2.27346,2.27214,2.27017,1.04533,1.04895,1.05257,1.05158,1.05224,-52.17523,3512.00000
3.48218,3.48185,3.48349,3.48316,3.48251,2.27017,2.27740,2.26852,2.27280,2.27477,1.04797,1.04895,1.05093,1.05454,1.04566,-52.22977,3513.00000
3.47955,3.48349,3.47955,3.48218,3.48645,2.27181,2.27247,2.27280,2.27082,2.26852,1.04994,1.04731,1.04994,1.05093,1.05191,-52.22977,3514.00000
3.47987,3.48415,3.48119,3.48547,3.48119,2.27378,2.26951,2.26984,2.27510,2.27050,1.05060,1.05027,1.05421,1.05027,1.05093,-52.09687,3515.00000
3.48218,3.48382,3.48086,3.48349,3.47922,2.26786,2.26754,2.27707,2.27444,2.27247,1.05454,1.04994,1.05125,1.05093,1.04829,-52.09687,3516.00000
3.48185,3.48382,3.48251,3.47987,3.48974,2.26655,2.27181,2.27280,2.26951,2.27280,1.04829,1.05487,1.05257,1.05027,1.05125,-52.38587,3517.00000
3.48579,3.48382,3.47889,3.48185,3.48251,2.26885,2.26688,2.26852,2.27017,2.26885,1.04895,1.05027,1.04665,1.05158,1.04961,-51.85913,3518.00000
3.48218,3.48020,3.48744,3.48810,3.47922,2.26589,2.26984,2.27510,2.27313,2.27082,1.04665,1.04829,1.05356,1.05027,1.05421,-51.85913,3519.00000
3.48316,3.48251,3.48152,3.48316,3.49040,2.26852,2.27477,2.27017,2.26852,2.26951,1.05421,1.04895,1.04961,1.05060,1.04895,-51.85913,3520.00000
3.48119,3.48349,3.48218,3.48119,3.48349,2.26655,2.26819,2.26754,2.27050,2.27280,1.04994,1.04994,1.04961,1.05125,1.05191,-52.09880,3521.00000
3.48448,3.48251,3.48152,3.48415,3.48053,2.26885,2.26688,2.27115,2.27280,2.27115,1.05125,1.05224,1.05093,1.05158,1.04862,-52.09880,3522.00000
3.48251,3.48579,3.48316,3.48481,3.48481,2.27642,2.26984,2.26918,2.26951,2.27115,1.04665,1.05290,1.05158,1.04829,1.04599,-51.65799,3523.00000
3.48086,3.48053,3.48053,3.48448,3.48020,2.26819,2.26721,2.26885,2.26622,2.26556,1.04764,1.04764,1.04961,1.05027,1.05125,-51.65799,3524.00000
3.48251,3.48218,3.48908,3.48086,3.48053,2.27214,2.26622,2.26819,2.27280,2.26852,1.05125,1.04632,1.04928,1.04764,1.05454,-51.76450,3525.00000
3.47823,3.48547,3.48218,3.47987,3.48711,2.26885,2.26556,2.26819,2.27411,2.26951,1.04698,1.05257,1.04994,1.05093,1.05158,-51.76450,3526.00000
3.48119,3.47987,3.48020,3.47428,3.48678,2.27247,2.27082,2.26786,2.26918,2.26688,1.04994,1.04994,1.05060,1.05060,1.05060,-52.14151,3527.00000
3.47889,3.48316,3.47593,3.47922,3.47922,2.26721,2.26523,2.26852,2.26688,2.27082,1.05158,1.04961,1.05027,1.04862,1.05454,-52.14151,3528.00000
3.48316,3.48119,3.48053,3.48645,3.48152,2.27082,2.27181,2.26819,2.27214,2.26885,1.05093,1.04862,1.04994,1.04698,1.05356,-52.33425,3529.00000
3.48086,3.48020,3.48283,3.48711,3.48020,2.27050,2.27017,2.26819,2.26754,2.27115,1.05060,1.04862,1.05158,1.05191,1.04862,-52.33425,3530.00000
3.48382,3.48152,3.48119,3.48612,3.47856,2.27214,2.26984,2.27675,2.27247,2.27148,1.04928,1.04994,1.05093,1.04961,1.05191,-51.95818,3531.00000
3.48119,3.47922,3.48514,3.48547,3.47823,2.27247,2.26754,2.27346,2.27115,2.26984,1.05224,1.05027,1.05257,1.04895,1.04566,-51.95818,3532.00000
3.48283,3.47987,3.48086,3.48547,3.48185,2.27444,2.27313,2.27642,2.27247,2.27477,1.05323,1.04698,1.05158,1.05060,1.05125,-52.12577,3533.00000
3.48349,3.48481,3.48678,3.48316,3.48777,2.27148,2.27115,2.27214,2.27115,2.27378,1.04895,1.04994,1.04862,1.04797,1.05027,-52.12577,3534.00000
3.48579,3.48448,3.48448,3.48119,3.48382,2.27280,2.26852,2.27214,2.27280,2.27247,1.04928,1.04994,1.05027,1.04895,1.05027,-52.03892,3535.00000
3.48283,3.48711,3.48514,3.48349,3.47856,2.26754,2.26918,2.26885,2.27148,2.26655,1.04698,1.05125,1.05027,1.05356,1.04862,-52.03892,3536.00000
3.48382,3.48579,3.48251,3.48316,3.48415,2.27411,2.26819,2.26984,2.26786,2.26984,1.05060,1.04961,1.04829,1.04895,1.04862,-52.18936,3537.00000
3.48053,3.48448,3.47823,3.48316,3.47823,2.27050,2.26984,2.27181,2.27247,2.26885,1.04961,1.04961,1.04731,1.05290,1.04797,-52.02272,3538.00000
3.47724,3.48579,3.48119,3.48316,3.48283,2.27181,2.26984,2.27214,2.27214,2.26918,1.05060,1.05027,1.04895,1.04961,1.04895,-52.02272,3539.00000
3.48448,3.47955,3.48777,3.48053,3.48579,2.26589,2.27609,2.26819,2.26819,2.27017,1.04961,1.04764,1.04369,1.04731,1.04632,-52.02272,3540.00000
3.48349,3.48645,3.48843,3.47856,3.48316,2.27050,2.26852,2.27115,2.26951,2.27115,1.04895,1.04961,1.04632,1.04435,1.05060,-52.72381,3541.00000
3.48119,3.48119,3.49040,3.48645,3.48382,2.27214,2.26490,2.27017,2.26852,2.27214,1.05027,1.04829,1.05027,1.04895,1.04698,-52.72381,3542.00000
3.48415,3.48514,3.48481,3.48547,3.48547,2.27411,2.27477,2.27017,2.26951,2.27050,1.04468,1.04797,1.04994,1.04829,1.04435,-52.75174,3543.00000
3.48612,3.48678,3.48152,3.48251,3.48218,2.27346,2.27214,2.27444,2.27346,2.26819,1.04862,1.04928,1.04829,1.05125,1.04632,-52.68411,3544.00000
3.48547,3.48645,3.48579,3.48711,3.48777,2.26359,2.27247,2.26984,2.27346,2.26918,1.04731,1.05224,1.04862,1.05125,1.04731,-52.68411,3545.00000
3.48481,3.48119,3.48810,3.48645,3.48382,2.26984,2.27115,2.27148,2.27313,2.26984,1.04698,1.04797,1.04862,1.04961,1.04961,-52.68411,3546.00000
3.49270,3.48974,3.48119,3.48448,3.48349,2.26951,2.26786,2.26951,2.27346,2.27050,1.04829,1.04731,1.04994,1.05125,1.04632,-52.71226,3547.00000
3.48316,3.48974,3.48448,3.48481,3.48481,2.26819,2.27411,2.27148,2.27313,2.27082,1.04435,1.04895,1.04731,1.05027,1.05356,-52.71226,3548.00000
3.47987,3.48316,3.48612,3.48579,3.48481,2.26984,2.26819,2.27510,2.26984,2.26852,1.04928,1.04895,1.04829,1.04994,1.04698,-52.36318,3549.00000
3.48810,3.48547,3.48251,3.48316,3.48744,2.27082,2.27346,2.27115,2.27181,2.27017,1.04994,1.04599,1.04994,1.05027,1.05093,-52.36318,3550.00000
3.48481,3.48711,3.48481,3.48941,3.47987,2.26721,2.27214,2.26918,2.27346,2.27115,1.04501,1.04665,1.04797,1.04435,1.05027,-52.50970,3551.00000
3.48645,3.48086,3.48086,3.48645,3.48316,2.27017,2.27017,2.26721,2.27148,2.27115,1.04829,1.04961,1.04961,1.05224,1.05060,-52.50970,3552.00000
3.48481,3.48711,3.48481,3.48382,3.48645,2.27411,2.27050,2.26918,2.26918,2.27313,1.04961,1.04862,1.05060,1.04731,1.04665,-51.94820,3553.00000
3.47922,3.48349,3.48645,3.48086,3.47790,2.27576,2.26852,2.27115,2.26918,2.26721,1.04764,1.05421,1.04599,1.05224,1.04895,-51.94820,3554.00000
3.48448,3.48349,3.48415,3.48875,3.48448,2.27378,2.26786,2.27148,2.27280,2.27280,1.05158,1.05290,1.04862,1.04829,1.04698,-52.03122,3555.00000
3.48251,3.48251,3.48086,3.48514,3.48645,2.27444,2.27740,2.27313,2.27050,2.26622,1.04961,1.04961,1.05158,1.05487,1.04961,-52.21515,3556.00000
3.48185,3.48251,3.48579,3.48316,3.48612,2.27806,2.27181,2.27050,2.27050,2.27280,1.04961,1.05158,1.05224,1.05027,1.05093,-52.21515,3557.00000
3.48579,3.48481,3.48382,3.48349,3.48514,2.27543,2.26819,2.26786,2.27214,2.26918,1.04961,1.05290,1.05027,1.04928,1.05027,-52.21515,3558.00000
3.48415,3.48711,3.47922,3.48415,3.48086,2.27050,2.27017,2.27148,2.27082,2.27510,1.05125,1.04862,1.05158,1.05191,1.04862,-51.72416,3559.00000
3.47823,3.48941,3.48547,3.48579,3.48744,2.26819,2.27247,2.27543,2.26786,2.27411,1.05553,1.04731,1.05027,1.04994,1.05191,-51.72416,3560.00000
3.48053,3.48612,3.48448,3.48481,3.48283,2.26951,2.27115,2.27510,2.27675,2.26885,1.05356,1.05125,1.05191,1.04928,1.05454,-51.80374,3561.00000
3.47955,3.48481,3.48448,3.48349,3.48415,2.27378,2.27247,2.27247,2.26622,2.27346,1.05421,1.04829,1.04797,1.04961,1.05389,-51.80374,3562.00000
3.48612,3.47691,3.48514,3.48448,3.48119,2.27280,2.27148,2.27806,2.26951,2.26984,1.04928,1.05125,1.05125,1.05060,1.05060,-51.96909,3563.00000
3.48645,3.48579,3.48711,3.48283,3.48316,2.27082,2.26754,2.26819,2.27280,2.26589,1.05027,1.05158,1.04961,1.05093,1.04961,-51.96909,3564.00000
3.48086,3.48448,3.48349,3.48415,3.48612,2.27148,2.27082,2.26754,2.26819,2.27280,1.05224,1.05290,1.05093,1.05323,1.04698,-51.98005,3565.00000
3.48218,3.48645,3.48349,3.48251,3.48579,2.27313,2.26951,2.26885,2.27346,2.27082,1.05158,1.05027,1.05224,1.05125,1.04928,-51.98005,3566.00000
3.48316,3.48678,3.48579,3.48382,3.48612,2.27378,2.27082,2.27148,2.26984,2.27477,1.04994,1.05323,1.05158,1.05487,1.05093,-52.23149,3567.00000
3.48218,3.48875,3.48382,3.48283,3.48283,2.27444,2.27477,2.27050,2.27444,2.27148,1.05093,1.04961,1.05158,1.05125,1.05191,-51.80016,3568.00000
3.48349,3.48382,3.48711,3.48547,3.48711,2.27543,2.26951,2.27346,2.27148,2.26688,1.04862,1.05027,1.05060,1.04961,1.05257,-51.80016,3569.00000
3.48218,3.48645,3.48645,3.48777,3.48382,2.27181,2.27707,2.27346,2.27411,2.26622,1.05652,1.05093,1.04862,1.04862,1.04764,-51.80016,3570.00000
3.48283,3.48547,3.48152,3.48645,3.48612,2.27313,2.26819,2.27313,2.27050,2.26984,1.04895,1.05093,1.05487,1.05224,1.04961,-51.85440,3571.00000
3.48547,3.48218,3.48251,3.48744,3.48218,2.26852,2.27115,2.26589,2.27576,2.27181,1.05356,1.05323,1.05060,1.04961,1.05093,-51.85440,3572.00000
3.48415,3.47987,3.48612,3.48448,3.48218,2.27115,2.27181,2.26918,2.27378,2.26951,1.05158,1.04928,1.05421,1.05323,1.05224,-52.27305,3573.00000
3.48711,3.48185,3.48283,3.48086,3.48316,2.26490,2.27477,2.27115,2.27247,2.27017,1.04698,1.05224,1.05487,1.05290,1.05158,-52.27305,3574.00000
3.47987,3.48185,3.48119,3.48251,3.48547,2.27477,2.27411,2.27082,2.27346,2.26885,1.05224,1.04928,1.05356,1.05027,1.05356,-52.22989,3575.00000
3.48020,3.48448,3.47790,3.48251,3.48152,2.26885,2.27543,2.27444,2.26951,2.27346,1.05191,1.05224,1.05487,1.05389,1.05060,-52.16530,3576.00000
3.47790,3.48579,3.48547,3.48053,3.48251,2.27082,2.26819,2.27017,2.26786,2.27017,1.05356,1.04994,1.04994,1.04994,1.05060,-52.16530,3577.00000
3.48382,3.48415,3.48251,3.48251,3.48645,2.27082,2.26721,2.26918,2.27313,2.27082,1.05454,1.04994,1.05093,1.04632,1.05191,-52.16530,3578.00000
3.48843,3.48415,3.48119,3.47922,3.48514,2.27050,2.27346,2.27017,2.27181,2.27576,1.05027,1.04994,1.05290,1.04928,1.05060,-52.18409,3579.00000
3.48251,3.48481,3.47658,3.48349,3.48020,2.27181,2.27510,2.26786,2.26819,2.27017,1.05158,1.05290,1.05224,1.05356,1.04928,-52.18409,3580.00000
3.48744,3.48316,3.47856,3.47889,3.48415,2.27115,2.26984,2.26556,2.27050,2.27444,1.04731,1.04895,1.05125,1.05060,1.05060,-52.13477,3581.00000
3.48152,3.48382,3.47658,3.48185,3.47823,2.26622,2.26754,2.27082,2.26523,2.26754,1.05027,1.05389,1.05356,1.05191,1.05027,-52.13477,3582.00000
3.48053,3.48283,3.48020,3.48448,3.48481,2.27148,2.27609,2.27247,2.27280,2.27050,1.05060,1.04895,1.04994,1.05454,1.04468,-52.31674,3583.00000
3.48316,3.47724,3.48119,3.48053,3.48875,2.27214,2.27378,2.26852,2.27050,2.26852,1.05323,1.05060,1.05027,1.05027,1.04731,-52.55035,3584.00000
3.48612,3.48020,3.48547,3.48053,3.48448,2.26951,2.27642,2.26688,2.26984,2.26984,1.04961,1.04928,1.05257,1.05421,1.05060,-52.55035,3585.00000
3.48579,3.48349,3.48283,3.48251,3.48678,2.27017,2.27017,2.27181,2.27444,2.27214,1.04928,1.05060,1.04961,1.05191,1.04698,-52.55035,3586.00000
3.48908,3.47987,3.48744,3.48678,3.47626,2.27346,2.27346,2.27115,2.27411,2.26622,1.04895,1.05158,1.05356,1.05060,1.05093,-52.43917,3587.00000
3.48744,3.48218,3.48316,3.48579,3.48152,2.27017,2.26918,2.27082,2.27214,2.26885,1.05191,1.05027,1.05093,1.04895,1.04928,-52.43917,3588.00000
3.48053,3.48218,3.48382,3.48349,3.47889,2.27214,2.26852,2.27313,2.27050,2.27148,1.05356,1.04895,1.04862,1.05125,1.05191,-52.01023,3589.00000
3.48283,3.48086,3.48579,3.48185,3.48251,2.26852,2.27477,2.27017,2.27050,2.27214,1.05060,1.05191,1.05125,1.04797,1.04895,-52.01023,3590.00000
3.48579,3.48547,3.47626,3.48382,3.47724,2.27313,2.26754,2.27247,2.26918,2.27017,1.05125,1.04501,1.05191,1.05323,1.04797,-52.16860,3591.00000
3.47724,3.48547,3.48086,3.47856,3.48612,2.26951,2.27313,2.27115,2.27214,2.27214,1.05224,1.05257,1.05356,1.05125,1.04961,-52.16860,3592.00000
3.47724,3.48382,3.47922,3.48547,3.48152,2.26852,2.27082,2.26754,2.26786,2.26556,1.05487,1.05191,1.05257,1.05224,1.04829,-52.12607,3593.00000
3.48020,3.48283,3.48612,3.48481,3.48053,2.26786,2.27444,2.27148,2.27181,2.26852,1.05520,1.05125,1.05323,1.05125,1.05158,-52.12607,3594.00000
3.47691,3.48711,3.48086,3.47395,3.48481,2.27214,2.26819,2.26754,2.27082,2.26655,1.05323,1.04895,1.05060,1.04994,1.05060,-52.25234,3595.00000
3.48218,3.48579,3.48251,3.48086,3.48382,2.27247,2.26918,2.27115,2.26754,2.26458,1.05323,1.04961,1.05158,1.05290,1.04895,-52.25234,3596.00000
3.48020,3.48283,3.47691,3.48612,3.47856,2.27148,2.26852,2.27017,2.26688,2.26984,1.05060,1.04764,1.05060,1.04961,1.05191,-52.12168,3597.00000
3.48086,3.48283,3.48316,3.48020,3.48218,2.27378,2.26819,2.26458,2.27050,2.27247,1.05125,1.05158,1.05027,1.04895,1.04895,-52.12168,3598.00000
3.48448,3.47724,3.47922,3.48481,3.47856,2.27017,2.27115,2.27148,2.26392,2.26786,1.04928,1.05125,1.04829,1.05356,1.05389,-51.99225,3599.00000
3.48251,3.47658,3.48251,3.47856,3.47823,2.27181,2.26918,2.27148,2.26885,2.26688,1.05027,1.05586,1.04994,1.04994,1.04862,-51.99225,3600.00000
3.47790,3.48020,3.48086,3.48448,3.47922,2.26984,2.26589,2.27444,2.27115,2.27082,1.05191,1.04928,1.05389,1.05027,1.05093,-51.89457,3601.00000
3.48185,3.47823,3.48152,3.48283,3.48382,2.26852,2.27017,2.27017,2.26556,2.27247,1.05619,1.05093,1.05093,1.04961,1.04994,-51.89457,3602.00000
3.48349,3.48382,3.47955,3.48579,3.47955,2.26951,2.27115,2.26885,2.27082,2.26819,1.04468,1.05093,1.05158,1.05421,1.05060,-51.63252,3603.00000
3.48481,3.48678,3.48218,3.48283,3.48810,2.27181,2.26984,2.27477,2.27346,2.26951,1.05060,1.05027,1.05191,1.04764,1.05224,-51.63252,3604.00000
3.48283,3.48579,3.48612,3.48251,3.48316,2.27411,2.26852,2.27050,2.27280,2.27181,1.05027,1.04961,1.05454,1.04895,1.05027,-51.57337,3605.00000
3.48349,3.48481,3.48283,3.48415,3.48612,2.27082,2.27115,2.26754,2.26984,2.27313,1.04961,1.04895,1.04895,1.05093,1.05454,-51.57337,3606.00000
3.48448,3.48974,3.48645,3.48251,3.48218,2.26852,2.27346,2.26721,2.26951,2.26852,1.04665,1.05323,1.04961,1.05520,1.05356,-51.86760,3607.00000
3.48382,3.48053,3.48448,3.47955,3.48711,2.26721,2.27148,2.27411,2.26885,2.27050,1.04961,1.04994,1.05027,1.04994,1.05290,-51.86760,3608.00000
3.48481,3.49040,3.48218,3.48283,3.49237,2.27411,2.26951,2.27181,2.27148,2.27050,1.05356,1.04928,1.05191,1.05093,1.04994,-52.50483,3609.00000
3.48251,3.48185,3.48283,3.48678,3.48678,2.26984,2.26951,2.26754,2.27477,2.27082,1.04994,1.04928,1.05093,1.05093,1.05224,-52.50483,3610.00000
3.48645,3.48777,3.48481,3.48711,3.48612,2.27609,2.27411,2.27115,2.26885,2.27214,1.05093,1.05487,1.05060,1.05290,1.05652,-52.83525,3611.00000
3.48251,3.48251,3.48185,3.48349,3.48612,2.27082,2.27082,2.27378,2.27214,2.27378,1.04862,1.05191,1.05093,1.05520,1.05060,-52.83525,3612.00000
3.48251,3.48415,3.48744,3.48481,3.49007,2.27346,2.27017,2.26688,2.27543,2.27017,1.05060,1.04994,1.05257,1.04797,1.05290,-52.44518,3613.00000
3.48547,3.48283,3.48678,3.48152,3.48612,2.27181,2.27444,2.27313,2.26819,2.26984,1.05323,1.05191,1.05125,1.05191,1.05093,-52.44518,3614.00000
3.48448,3.48579,3.48218,3.48777,3.48645,2.27411,2.27938,2.27247,2.27543,2.27444,1.04797,1.05191,1.04961,1.04961,1.05257,-52.15095,3615.00000
3.48547,3.49007,3.48810,3.48579,3.48415,2.26589,2.27411,2.27181,2.26688,2.27543,1.05389,1.05191,1.05158,1.04994,1.05356,-52.15095,3616.00000
3.48678,3.48711,3.48645,3.48777,3.48612,2.27313,2.27280,2.26918,2.27642,2.27346,1.05027,1.05454,1.05224,1.05027,1.05356,-51.76926,3617.00000
3.48415,3.48941,3.48777,3.48349,3.48875,2.27148,2.27378,2.27444,2.27247,2.27148,1.04994,1.05421,1.05323,1.04928,1.05093,-51.76926,3618.00000
3.48251,3.48744,3.48612,3.48974,3.48547,2.27280,2.27444,2.28003,2.26984,2.27477,1.04895,1.05454,1.05093,1.05487,1.05257,-52.28953,3619.00000
3.49007,3.48251,3.48185,3.48744,3.48678,2.27510,2.27148,2.27280,2.27082,2.27082,1.05356,1.05323,1.04994,1.04895,1.05158,-52.28953,3620.00000
3.48514,3.48744,3.48579,3.48448,3.49237,2.27017,2.27050,2.28069,2.27675,2.26951,1.05323,1.05356,1.04764,1.04961,1.05356,-52.34829,3621.00000
3.48645,3.48711,3.48579,3.48875,3.48678,2.27082,2.26951,2.27609,2.27313,2.27444,1.05191,1.05454,1.05158,1.05257,1.05257,-52.34829,3622.00000
3.49073,3.49139,3.49336,3.48908,3.48251,2.27642,2.27148,2.27280,2.27247,2.26754,1.05224,1.05257,1.05125,1.05224,1.04994,-51.75921,3623.00000
3.48415,3.48349,3.48777,3.48283,3.48349,2.27675,2.27477,2.27247,2.27214,2.27346,1.05224,1.04797,1.05125,1.05093,1.05224,-51.75921,3624.00000
3.48251,3.48777,3.48579,3.48382,3.48514,2.27181,2.27050,2.27444,2.27148,2.27181,1.05520,1.04961,1.04928,1.05027,1.04797,-52.14123,3625.00000
3.48349,3.48316,3.48810,3.48415,3.48711,2.27148,2.27378,2.27642,2.27543,2.27411,1.05454,1.05158,1.05356,1.04994,1.04994,-52.14123,3626.00000
3.48645,3.47823,3.48382,3.48579,3.48547,2.27477,2.27247,2.26951,2.27280,2.27444,1.05158,1.05060,1.05191,1.05290,1.04928,-51.79207,3627.00000
3.48316,3.48349,3.48810,3.48514,3.48612,2.26984,2.26984,2.27346,2.27214,2.27773,1.05158,1.05158,1.04928,1.04797,1.05257,-51.94992,3628.00000
3.48744,3.48612,3.48349,3.48612,3.48612,2.27313,2.27411,2.27280,2.26852,2.26984,1.05060,1.05520,1.04862,1.04895,1.04994,-51.94992,3629.00000
3.48349,3.48382,3.48612,3.48711,3.48086,2.27444,2.27214,2.27017,2.27017,2.27280,1.04994,1.04797,1.04829,1.05060,1.05224,-51.94992,3630.00000
3.48316,3.48448,3.48711,3.48415,3.48086,2.27576,2.27346,2.27148,2.26984,2.27148,1.05191,1.04928,1.04994,1.05454,1.05191,-51.85333,3631.00000
3.48349,3.48218,3.48349,3.48744,3.48777,2.27181,2.27181,2.26951,2.27148,2.27477,1.04829,1.05158,1.05191,1.05224,1.04895,-51.85333,3632.00000
3.48711,3.48020,3.48547,3.48382,3.48810,2.27050,2.27115,2.27444,2.27214,2.26918,1.05454,1.05224,1.05323,1.05619,1.05027,-52.28699,3633.00000
3.48053,3.48612,3.48514,3.48349,3.47987,2.27214,2.27148,2.26918,2.27082,2.27346,1.04829,1.05191,1.04928,1.05454,1.04895,-52.28699,3634.00000
3.48251,3.48448,3.48645,3.48283,3.48349,2.27773,2.26918,2.26885,2.27477,2.27280,1.05060,1.05257,1.04961,1.05356,1.04928,-53.16691,3635.00000
3.48415,3.48316,3.48316,3.47658,3.49171,2.27543,2.26819,2.27082,2.26984,2.27247,1.05257,1.04928,1.05257,1.04566,1.04764,-53.16691,3636.00000
3.48843,3.48382,3.48349,3.48645,3.47856,2.26458,2.27017,2.27313,2.27050,2.27543,1.04862,1.04895,1.05060,1.05093,1.04961,-53.00971,3637.00000
3.48678,3.48448,3.48711,3.48843,3.48185,2.27609,2.27148,2.26918,2.27148,2.26458,1.04895,1.05290,1.05125,1.04862,1.05093,-53.00971,3638.00000
3.48448,3.48612,3.48316,3.48744,3.48843,2.26984,2.27510,2.27082,2.27444,2.27280,1.05060,1.05356,1.05060,1.04961,1.05027,-52.78772,3639.00000
3.48283,3.48283,3.48119,3.48481,3.48481,2.27839,2.27181,2.27280,2.27444,2.26951,1.05454,1.04829,1.05027,1.05027,1.04632,-52.78772,3640.00000
3.47987,3.48843,3.48645,3.48744,3.49073,2.27082,2.27181,2.27148,2.27346,2.27115,1.05356,1.05290,1.04994,1.05027,1.05093,-52.22958,3641.00000
3.48744,3.48843,3.48283,3.48678,3.48941,2.27280,2.26819,2.27411,2.26951,2.27773,1.05191,1.05257,1.04797,1.05093,1.05389,-52.22958,3642.00000
3.48415,3.47790,3.48744,3.48875,3.48579,2.26885,2.27181,2.27444,2.27378,2.27609,1.05060,1.05060,1.05158,1.05027,1.05257,-53.13189,3643.00000
3.47889,3.48481,3.48481,3.48382,3.48810,2.27148,2.26918,2.27017,2.27082,2.26786,1.04797,1.04928,1.05093,1.05257,1.04961,-53.13189,3644.00000
3.48119,3.48678,3.48415,3.48777,3.48612,2.27214,2.27082,2.27050,2.27082,2.27214,1.04797,1.05158,1.05027,1.05520,1.05323,-52.58109,3645.00000
3.48711,3.48810,3.48678,3.48251,3.48481,2.26852,2.27115,2.26918,2.27115,2.27543,1.05224,1.05389,1.05421,1.04829,1.05125,-52.58109,3646.00000
3.48777,3.48547,3.48481,3.49073,3.48514,2.27082,2.27444,2.26951,2.27280,2.26786,1.04731,1.05224,1.05290,1.04829,1.05060,-52.65335,3647.00000
3.48974,3.48514,3.48448,3.48481,3.48448,2.27346,2.27050,2.27148,2.27115,2.27148,1.05158,1.04961,1.05553,1.04928,1.04797,-52.65335,3648.00000
3.48349,3.48843,3.48547,3.48678,3.47922,2.27346,2.26589,2.27214,2.26951,2.27050,1.04829,1.05224,1.05191,1.05125,1.05158,-52.74058,3649.00000
3.48185,3.48744,3.48316,3.48218,3.48678,2.26885,2.27247,2.27247,2.27543,2.27247,1.05093,1.05158,1.05027,1.04928,1.04961,-52.74058,3650.00000
3.48481,3.48514,3.47922,3.48020,3.48645,2.27609,2.27214,2.26984,2.27148,2.27313,1.05290,1.05158,1.05454,1.05093,1.05158,-52.53831,3651.00000
3.48053,3.48514,3.49237,3.47955,3.48547,2.27740,2.27082,2.27148,2.27082,2.27082,1.04928,1.04928,1.05454,1.05060,1.04599,-52.53831,3652.00000
3.48974,3.48185,3.48316,3.48810,3.48316,2.27313,2.26984,2.27247,2.27181,2.26984,1.04928,1.05125,1.05356,1.05356,1.04928,-52.42300,3653.00000
3.48415,3.48711,3.48382,3.48448,3.48251,2.27247,2.26852,2.27839,2.27609,2.27707,1.05158,1.04961,1.05224,1.04797,1.04895,-52.42300,3654.00000
3.48810,3.48349,3.48349,3.47987,3.48843,2.27017,2.27050,2.26885,2.27411,2.27444,1.04829,1.04797,1.05652,1.05257,1.04895,-52.21755,3655.00000
3.48974,3.48119,3.48875,3.48514,3.48316,2.27280,2.26819,2.26852,2.27115,2.27444,1.04698,1.05389,1.04797,1.05125,1.04764,-52.21755,3656.00000
3.48514,3.48448,3.48316,3.48481,3.47889,2.26490,2.27444,2.26951,2.26918,2.27378,1.04369,1.04764,1.05158,1.05158,1.04698,-52.69256,3657.00000
3.48514,3.48251,3.49007,3.48185,3.48678,2.27313,2.27280,2.27181,2.27181,2.27115,1.04797,1.04764,1.04928,1.05553,1.04961,-52.69256,3658.00000
3.48283,3.48875,3.49007,3.47461,3.48612,2.26754,2.27280,2.26918,2.27115,2.27444,1.04895,1.05191,1.05060,1.05257,1.05356,-52.21984,3659.00000
3.47889,3.48711,3.48251,3.48711,3.48218,2.27378,2.26721,2.27181,2.26885,2.27214,1.05421,1.05257,1.05290,1.05060,1.04928,-52.21984,3660.00000
3.48777,3.48152,3.48612,3.48218,3.48514,2.27148,2.27181,2.27247,2.26885,2.26885,1.04764,1.04928,1.04994,1.05257,1.04829,-52.04793,3661.00000
3.47987,3.48415,3.48316,3.48547,3.48547,2.27181,2.26984,2.27313,2.27510,2.27082,1.04961,1.04764,1.05060,1.04928,1.05257,-52.04793,3662.00000
3.48547,3.47626,3.48777,3.48316,3.48020,2.27214,2.27346,2.26819,2.27017,2.27280,1.05191,1.05027,1.04895,1.05389,1.05093,-52.19699,3663.00000
3.47955,3.48579,3.48415,3.48152,3.48481,2.27115,2.27082,2.27017,2.26786,2.27115,1.05323,1.05224,1.05224,1.04862,1.05158,-52.19699,3664.00000
3.48612,3.48283,3.48448,3.48316,3.48514,2.26918,2.27411,2.27082,2.27214,2.26819,1.05060,1.05290,1.04698,1.04862,1.04501,-52.67397,3665.00000
3.47987,3.48875,3.48218,3.48316,3.48415,2.27214,2.27050,2.27477,2.26721,2.27313,1.05093,1.05060,1.05158,1.05093,1.05125,-52.67397,3666.00000
3.48448,3.48152,3.48843,3.48645,3.48678,2.26885,2.27115,2.26951,2.27148,2.27214,1.05191,1.05224,1.05027,1.05093,1.04895,-52.40276,3667.00000
3.48678,3.48579,3.48020,3.47955,3.48612,2.26984,2.26819,2.26885,2.27247,2.26688,1.05125,1.05191,1.04994,1.04862,1.05093,-52.40276,3668.00000
3.48415,3.48810,3.48514,3.47987,3.48579,2.26885,2.27181,2.27017,2.27378,2.27642,1.05191,1.04928,1.04862,1.04862,1.04961,-52.36519,3669.00000
3.48612,3.48448,3.48251,3.47757,3.48711,2.27642,2.27050,2.26786,2.26885,2.26951,1.05389,1.05027,1.05125,1.04928,1.04928,-52.36519,3670.00000
3.48053,3.48547,3.48152,3.48974,3.48283,2.27148,2.27181,2.26918,2.27181,2.27181,1.05093,1.05323,1.05027,1.05224,1.05060,-52.43617,3671.00000
3.48086,3.48119,3.48448,3.48218,3.48020,2.26951,2.26819,2.26425,2.26852,2.27280,1.04961,1.05191,1.04961,1.04895,1.04566,-52.43617,3672.00000
3.48152,3.47593,3.48283,3.48579,3.48185,2.26819,2.27346,2.27378,2.27181,2.26885,1.05323,1.05191,1.05224,1.05421,1.04468,-52.00985,3673.00000
3.48645,3.48448,3.48251,3.48711,3.47724,2.26721,2.26984,2.27181,2.26918,2.27214,1.05093,1.05027,1.05125,1.05487,1.05290,-52.00985,3674.00000
3.48152,3.47955,3.48086,3.48415,3.48382,2.26819,2.26786,2.26786,2.26622,2.27510,1.05290,1.05158,1.05191,1.04928,1.05586,-51.88678,3675.00000
3.48152,3.48283,3.48645,3.48382,3.48086,2.26786,2.27017,2.27181,2.26918,2.27050,1.05125,1.04895,1.04829,1.05125,1.05125,-51.88678,3676.00000
3.47626,3.47922,3.48777,3.48053,3.48316,2.27082,2.26951,2.26885,2.27082,2.27247,1.04994,1.05060,1.05093,1.04895,1.04764,-52.43624,3677.00000
3.48908,3.48185,3.48448,3.48349,3.48612,2.27050,2.27017,2.27576,2.27313,2.27082,1.05060,1.05421,1.05421,1.05224,1.04829,-52.43624,3678.00000
3.48974,3.48349,3.48119,3.48744,3.47922,2.27313,2.27247,2.27313,2.26951,2.26984,1.05191,1.05257,1.05454,1.04994,1.05224,-52.31915,3679.00000
3.48316,3.48481,3.48119,3.48251,3.48711,2.27017,2.27378,2.27510,2.26852,2.27411,1.05093,1.05454,1.05060,1.05356,1.05290,-52.31915,3680.00000
3.48579,3.48415,3.47987,3.48152,3.48415,2.27017,2.26786,2.27378,2.27411,2.26918,1.05060,1.04698,1.05323,1.05093,1.05027,-52.20690,3681.00000
3.48678,3.47922,3.48251,3.48579,3.47987,2.27280,2.26951,2.26458,2.27444,2.27050,1.05257,1.05158,1.05454,1.05454,1.05027,-52.20690,3682.00000
3.48119,3.48119,3.48744,3.48283,3.48579,2.27082,2.27017,2.26951,2.27017,2.27247,1.05323,1.05257,1.05125,1.04994,1.05060,-52.36645,3683.00000
3.48612,3.48547,3.48645,3.48053,3.48152,2.27148,2.26984,2.26918,2.26951,2.27050,1.05027,1.04961,1.05125,1.04599,1.05454,-52.06754,3684.00000
3.48645,3.48020,3.48941,3.48678,3.48514,2.27181,2.27247,2.26984,2.26819,2.26885,1.04928,1.05421,1.05224,1.05093,1.05125,-52.06754,3685.00000
3.48119,3.48579,3.48316,3.48579,3.48020,2.27378,2.26425,2.26918,2.27181,2.27313,1.05389,1.04994,1.05093,1.04797,1.05389,-52.06754,3686.00000
3.47626,3.48086,3.48185,3.48908,3.48119,2.27444,2.27444,2.27444,2.27181,2.26984,1.05027,1.05027,1.05158,1.04994,1.05093,-51.92035,3687.00000
3.48316,3.48251,3.48283,3.48053,3.48448,2.27346,2.26951,2.27773,2.27148,2.27214,1.04599,1.04797,1.04928,1.05158,1.05060,-51.92035,3688.00000
3.48086,3.48777,3.48415,3.48119,3.48612,2.27148,2.26819,2.26984,2.27115,2.27214,1.05290,1.05093,1.05487,1.05125,1.05093,-52.11194,3689.00000
3.48612,3.48316,3.49106,3.48283,3.48843,2.27346,2.26951,2.26490,2.27280,2.27378,1.05027,1.04731,1.04862,1.05290,1.04797,-52.11194,3690.00000
3.48579,3.48612,3.49007,3.48185,3.48711,2.27115,2.27017,2.27214,2.26721,2.27017,1.04599,1.05257,1.04994,1.04961,1.05093,-51.93693,3691.00000
3.48678,3.48316,3.48382,3.48579,3.47889,2.27346,2.26984,2.27148,2.27181,2.26688,1.05125,1.04829,1.04895,1.04402,1.04829,-51.93693,3692.00000
3.48349,3.48448,3.48448,3.48448,3.49007,2.27477,2.27082,2.26984,2.27411,2.27378,1.04961,1.05290,1.05158,1.05093,1.04895,-51.94396,3693.00000
3.48645,3.48382,3.48645,3.48448,3.48810,2.27477,2.27050,2.27115,2.27148,2.26984,1.04797,1.04895,1.04862,1.05060,1.04698,-51.94396,3694.00000
3.48316,3.48251,3.47527,3.48777,3.48415,2.27247,2.27313,2.27181,2.27115,2.27115,1.04797,1.04829,1.05257,1.05389,1.05060,-52.35229,3695.00000
3.48382,3.48349,3.48119,3.48678,3.48448,2.27280,2.27115,2.27082,2.26951,2.27313,1.04862,1.04533,1.05093,1.04665,1.05125,-52.35229,3696.00000
3.47922,3.48185,3.47823,3.48316,3.48908,2.27280,2.27181,2.27050,2.26885,2.26721,1.04994,1.05060,1.04994,1.05323,1.04797,-52.23714,3697.00000
3.47955,3.48810,3.48481,3.47922,3.48843,2.27115,2.26754,2.27411,2.27082,2.27872,1.04928,1.04895,1.05191,1.04895,1.05093,-52.43706,3698.00000
3.48711,3.48711,3.48579,3.48744,3.49040,2.27280,2.27280,2.27115,2.26721,2.26951,1.05158,1.05093,1.05158,1.04764,1.04698,-52.43706,3699.00000
3.48744,3.48678,3.48875,3.48711,3.48514,2.27148,2.27017,2.27181,2.27280,2.26885,1.04698,1.05093,1.04994,1.04994,1.04764,-52.43706,3700.00000
3.49171,3.48579,3.48020,3.48448,3.48974,2.27214,2.27148,2.27247,2.26918,2.26523,1.04994,1.04961,1.04862,1.04994,1.04961,-52.15531,3701.00000
3.48316,3.48612,3.48349,3.48020,3.48645,2.27477,2.27444,2.27148,2.27510,2.27346,1.04599,1.04829,1.04599,1.04862,1.04928,-52.15531,3702.00000
3.48547,3.47889,3.48974,3.48382,3.48974,2.27050,2.27214,2.27050,2.27115,2.27280,1.04698,1.05027,1.04764,1.04961,1.04698,-52.35159,3703.00000
3.48316,3.48612,3.48645,3.48448,3.48810,2.27313,2.26688,2.26655,2.26918,2.27378,1.04829,1.04764,1.04369,1.05125,1.04632,-52.35159,3704.00000
3.48875,3.48086,3.48382,3.48744,3.48810,2.26984,2.27082,2.27346,2.27313,2.27214,1.05093,1.05257,1.05454,1.04731,1.04961,-52.13576,3705.00000
3.48514,3.49303,3.48020,3.48283,3.48053,2.27082,2.27115,2.26852,2.26984,2.26885,1.04994,1.05027,1.04599,1.04895,1.04599,-52.13576,3706.00000
3.48349,3.48218,3.48382,3.48020,3.48514,2.26984,2.26885,2.27576,2.27050,2.26688,1.04797,1.04829,1.04731,1.04961,1.05290,-51.87306,3707.00000
3.48481,3.48711,3.48678,3.48283,3.49237,2.27444,2.27082,2.27773,2.27280,2.27082,1.04994,1.04961,1.04797,1.04862,1.05290,-51.87306,3708.00000
3.48152,3.48382,3.48152,3.48514,3.48382,2.27411,2.27280,2.26885,2.27017,2.27378,1.04698,1.04533,1.05093,1.05191,1.05191,-51.80860,3709.00000
3.48251,3.48612,3.48514,3.48316,3.48382,2.27247,2.27707,2.26523,2.27247,2.27214,1.04829,1.05093,1.05125,1.04994,1.04895,-51.80860,3710.00000
3.48547,3.48481,3.48382,3.48415,3.48612,2.27346,2.27247,2.27082,2.26885,2.27280,1.05158,1.04994,1.04632,1.04665,1.05093,-52.18392,3711.00000
3.48678,3.48251,3.48645,3.48349,3.48119,2.27346,2.27411,2.26984,2.26786,2.27148,1.05027,1.04632,1.04764,1.04698,1.04797,-52.18392,3712.00000
3.48185,3.48645,3.48185,3.48711,3.47626,2.26688,2.26688,2.27082,2.27050,2.26918,1.04961,1.04895,1.05257,1.04994,1.05158,-52.51552,3713.00000
3.48612,3.48547,3.48678,3.48612,3.48645,2.27082,2.26786,2.27378,2.27346,2.27576,1.05191,1.04797,1.05356,1.05158,1.05125,-52.51552,3714.00000
3.48678,3.47955,3.48875,3.48119,3.48645,2.27280,2.26885,2.27477,2.27082,2.27247,1.05257,1.05125,1.04797,1.05093,1.04665,-52.19459,3715.00000
3.48382,3.48349,3.48612,3.48316,3.48547,2.27181,2.26819,2.27082,2.27378,2.27082,1.04731,1.04764,1.04829,1.04928,1.04862,-52.19459,3716.00000
3.48152,3.48843,3.48579,3.48481,3.48382,2.27313,2.26786,2.27346,2.26786,2.27280,1.04731,1.05224,1.04895,1.05158,1.04829,-51.83904,3717.00000
3.48152,3.48448,3.48415,3.48448,3.48119,2.27017,2.27378,2.27280,2.27346,2.27444,1.05093,1.04862,1.04665,1.04797,1.05093,-51.83904,3718.00000
3.48119,3.48086,3.48185,3.48316,3.47823,2.26655,2.26622,2.27247,2.27905,2.27214,1.04731,1.05290,1.04961,1.05257,1.05191,-51.49946,3719.00000
3.48119,3.48283,3.48547,3.47922,3.48218,2.27247,2.27082,2.27017,2.26819,2.27115,1.04928,1.05093,1.04862,1.04928,1.05060,-51.49946,3720.00000
3.48579,3.48481,3.48579,3.47987,3.48579,2.27148,2.27346,2.27115,2.26918,2.26622,1.04829,1.05224,1.05093,1.04632,1.04829,-51.62790,3721.00000
3.48678,3.48283,3.48678,3.48382,3.47955,2.26951,2.27214,2.26918,2.27510,2.27740,1.05389,1.04928,1.04665,1.04632,1.04797,-51.62790,3722.00000
3.48579,3.48349,3.48316,3.48875,3.48251,2.26688,2.26721,2.26984,2.27346,2.27115,1.05027,1.04797,1.05125,1.05060,1.05060,-52.01625,3723.00000
3.48612,3.48481,3.48086,3.48349,3.48251,2.27247,2.27214,2.27214,2.26523,2.26951,1.04961,1.05027,1.04829,1.05093,1.04566,-52.01625,3724.00000
3.48744,3.48382,3.48974,3.48777,3.48612,2.27378,2.26852,2.26918,2.27313,2.27181,1.04961,1.05191,1.04764,1.04566,1.05257,-51.80966,3725.00000
3.48547,3.48415,3.48448,3.47658,3.49040,2.27247,2.27115,2.27378,2.27017,2.27214,1.05125,1.04862,1.04994,1.05454,1.04764,-51.80966,3726.00000
3.48711,3.49435,3.48316,3.48645,3.48612,2.27181,2.27378,2.27050,2.26951,2.26885,1.04829,1.04862,1.04895,1.04961,1.04928,-51.33177,3727.00000
3.48711,3.48415,3.48908,3.48875,3.48415,2.27247,2.27411,2.27346,2.27017,2.27181,1.05027,1.05290,1.05323,1.05125,1.04764,-51.33177,3728.00000
3.48481,3.48185,3.48382,3.48218,3.48514,2.27313,2.26754,2.27082,2.27510,2.27247,1.04862,1.05158,1.05093,1.05454,1.04468,-50.46630,3729.00000
3.48382,3.48744,3.48481,3.48086,3.48579,2.27378,2.27313,2.27642,2.26918,2.27543,1.04994,1.05093,1.04829,1.05389,1.05323,-50.46630,3730.00000
3.48349,3.48316,3.48711,3.48579,3.49040,2.27280,2.27675,2.27609,2.26951,2.27642,1.04961,1.05323,1.04994,1.04994,1.05356,-48.33821,3731.00000
3.48218,3.48579,3.48810,3.49073,3.48514,2.27115,2.27477,2.27346,2.27280,2.27510,1.05389,1.05652,1.04797,1.05158,1.04797,-48.33821,3732.00000
3.48843,3.48579,3.48152,3.48547,3.48251,2.27214,2.26754,2.26951,2.27313,2.27214,1.05520,1.04566,1.05158,1.04862,1.04895,-48.00347,3733.00000
3.49237,3.48086,3.48283,3.49106,3.48349,2.27346,2.27148,2.27444,2.27050,2.27576,1.05093,1.05093,1.05125,1.05027,1.05257,-48.00347,3734.00000
3.48415,3.48415,3.48974,3.48612,3.48382,2.27411,2.27411,2.27181,2.26984,2.26918,1.04928,1.04895,1.05093,1.05257,1.05093,-48.42321,3735.00000
3.48316,3.49171,3.48448,3.48908,3.49040,2.27313,2.27346,2.27609,2.27510,2.27214,1.04862,1.04994,1.05093,1.04862,1.04895,-48.42321,3736.00000
3.48579,3.48711,3.48382,3.49106,3.49204,2.27707,2.27148,2.26984,2.27017,2.27444,1.05257,1.04862,1.05290,1.05158,1.05389,-49.74796,3737.00000
3.49040,3.48843,3.48744,3.49106,3.48415,2.27378,2.27148,2.27280,2.27675,2.27675,1.04829,1.04829,1.05027,1.04994,1.04994,-49.74796,3738.00000
3.48843,3.48547,3.48908,3.49040,3.48645,2.27313,2.26918,2.27773,2.27411,2.27017,1.05290,1.05158,1.04731,1.05125,1.05158,-50.28119,3739.00000
3.49040,3.47987,3.48218,3.48744,3.48777,2.27050,2.27346,2.27115,2.27675,2.27181,1.04961,1.05125,1.05125,1.04698,1.05093,-50.28119,3740.00000
3.48218,3.48645,3.49139,3.48645,3.48645,2.27214,2.26754,2.27017,2.27707,2.27247,1.04994,1.05125,1.05060,1.05323,1.05454,-50.90686,3741.00000
3.48843,3.48678,3.48251,3.48875,3.48843,2.27543,2.27411,2.27346,2.27181,2.27378,1.04731,1.04862,1.05191,1.05125,1.04928,-50.90686,3742.00000
3.48744,3.48415,3.49040,3.48448,3.48547,2.26688,2.27280,2.27148,2.27543,2.27050,1.04928,1.04764,1.05224,1.04632,1.04862,-51.03915,3743.00000
3.48711,3.49040,3.48941,3.48316,3.48547,2.27346,2.27082,2.27444,2.27378,2.26984,1.05027,1.05027,1.05093,1.05093,1.05356,-51.03915,3744.00000
3.48119,3.48908,3.48415,3.48349,3.49007,2.27181,2.27214,2.27444,2.27510,2.27148,1.04994,1.05290,1.05060,1.05257,1.05027,-51.34543,3745.00000
3.48349,3.48382,3.48481,3.48744,3.49467,2.26984,2.27181,2.27378,2.27346,2.27214,1.04961,1.04698,1.05158,1.04698,1.05060,-51.34543,3746.00000
3.48875,3.49171,3.49139,3.48777,3.48744,2.27115,2.27346,2.27082,2.27050,2.27839,1.04994,1.05060,1.05093,1.04829,1.05060,-51.29897,3747.00000
3.48645,3.48448,3.48941,3.48185,3.49467,2.26721,2.26918,2.27839,2.27773,2.26655,1.04698,1.04961,1.05487,1.05290,1.04533,-51.29897,3748.00000
3.48678,3.48875,3.48744,3.48645,3.48974,2.26754,2.27346,2.27740,2.27115,2.27017,1.05224,1.05191,1.05421,1.05520,1.05487,-51.60329,3749.00000
3.48415,3.48941,3.48777,3.48547,3.48448,2.27115,2.26984,2.27148,2.27214,2.27609,1.05257,1.05191,1.05257,1.04994,1.05389,-51.60329,3750.00000
3.48612,3.48547,3.48744,3.48579,3.48645,2.27214,2.27510,2.27510,2.27444,2.27378,1.04961,1.04895,1.05553,1.04599,1.04895,-52.03565,3751.00000
3.48086,3.49040,3.48481,3.48711,3.48777,2.27082,2.27280,2.27411,2.27148,2.27609,1.05356,1.05060,1.05027,1.04928,1.04994,-52.03565,3752.00000
3.48086,3.48777,3.48974,3.49106,3.48744,2.27642,2.27642,2.27510,2.27346,2.27707,1.05421,1.05027,1.05060,1.05389,1.05191,-52.27507,3753.00000
3.48415,3.48382,3.48251,3.48349,3.48875,2.27148,2.27773,2.26918,2.27576,2.27247,1.05093,1.04994,1.05191,1.05158,1.05093,-52.27507,3754.00000
3.48843,3.48678,3.48612,3.48415,3.47790,2.27740,2.27214,2.27148,2.27346,2.26951,1.04829,1.05191,1.04698,1.05060,1.05257,-51.50695,3755.00000
3.48875,3.48908,3.48448,3.48810,3.48316,2.27050,2.27280,2.27477,2.26918,2.27576,1.05257,1.05125,1.04895,1.05027,1.05224,-51.50695,3756.00000
3.48283,3.48251,3.49402,3.48875,3.48382,2.26852,2.27510,2.27444,2.27115,2.27181,1.04764,1.04731,1.04895,1.04698,1.04862,-52.13419,3757.00000
3.48415,3.48185,3.48777,3.48974,3.48382,2.27740,2.27346,2.27444,2.27609,2.27115,1.05060,1.04961,1.04928,1.05191,1.04895,-52.13419,3758.00000
3.48678,3.48744,3.48579,3.48514,3.49303,2.27181,2.26984,2.27675,2.27313,2.27280,1.04862,1.05060,1.04928,1.05060,1.04829,-52.01361,3759.00000
3.48711,3.49007,3.49007,3.48448,3.48744,2.27378,2.27346,2.26490,2.26984,2.27017,1.04895,1.04961,1.05027,1.04862,1.04928,-52.01361,3760.00000
3.47955,3.49106,3.48711,3.49139,3.48053,2.27444,2.27477,2.27148,2.27050,2.27510,1.05060,1.05060,1.04862,1.04928,1.05191,-51.82744,3761.00000
3.48744,3.48711,3.48448,3.48349,3.49106,2.26852,2.26984,2.27773,2.27017,2.27313,1.04829,1.04862,1.04501,1.04665,1.04665,-51.82744,3762.00000
3.48810,3.48251,3.49204,3.48645,3.48152,2.27346,2.27609,2.27346,2.27378,2.27148,1.05027,1.04665,1.04764,1.04797,1.04961,-51.68053,3763.00000
3.48514,3.48875,3.48119,3.49139,3.49237,2.27115,2.27378,2.27214,2.27280,2.27214,1.04731,1.04961,1.05060,1.04928,1.04764,-51.68053,3764.00000
3.48547,3.48185,3.48678,3.48547,3.48875,2.27181,2.27411,2.27148,2.27675,2.27444,1.04599,1.04731,1.04829,1.04731,1.04599,-51.46541,3765.00000
3.48843,3.49040,3.48612,3.48711,3.48415,2.27017,2.26754,2.27510,2.26918,2.26754,1.04698,1.05191,1.04928,1.04599,1.04599,-51.46541,3766.00000
3.48349,3.48547,3.48218,3.48251,3.48481,2.26984,2.27017,2.27378,2.27444,2.27378,1.04994,1.04468,1.04632,1.04468,1.04994,-51.78097,3767.00000
3.48382,3.48053,3.48283,3.49073,3.48908,2.26885,2.27181,2.27050,2.27378,2.27609,1.04994,1.04764,1.04928,1.05158,1.04764,-51.78097,3768.00000
3.48908,3.48448,3.48711,3.49007,3.48119,2.27280,2.27247,2.27543,2.27444,2.27576,1.05290,1.04961,1.05158,1.05191,1.04895,-51.62514,3769.00000
3.48810,3.48547,3.48481,3.48382,3.48810,2.27707,2.27707,2.27378,2.27477,2.27313,1.04731,1.04764,1.04698,1.04895,1.05093,-51.62514,3770.00000
3.48579,3.48415,3.48711,3.48448,3.48152,2.27839,2.27214,2.27082,2.27017,2.26852,1.04632,1.04566,1.04895,1.04862,1.04994,-51.28851,3771.00000
3.48415,3.48349,3.48481,3.48514,3.48974,2.27082,2.27115,2.27576,2.27378,2.27477,1.05158,1.04961,1.05158,1.05191,1.04862,-51.28851,3772.00000
3.48810,3.48283,3.49500,3.48020,3.48711,2.27082,2.27082,2.27346,2.27675,2.27214,1.04928,1.04698,1.04895,1.04632,1.04501,-50.72391,3773.00000
3.49007,3.48251,3.48941,3.48283,3.48283,2.27017,2.27050,2.26688,2.27346,2.27444,1.05224,1.04928,1.04764,1.05158,1.04895,-50.72391,3774.00000
3.48612,3.48514,3.48185,3.48810,3.48547,2.27411,2.26984,2.27050,2.27214,2.26721,1.04928,1.04632,1.05191,1.05257,1.04698,-49.28632,3775.00000
3.48185,3.48251,3.49073,3.48283,3.48382,2.27082,2.26852,2.27280,2.27378,2.27477,1.04994,1.04665,1.05356,1.05224,1.04698,-49.28632,3776.00000
3.48777,3.48251,3.48711,3.48448,3.48382,2.27280,2.27609,2.27707,2.27773,2.27017,1.04829,1.04928,1.05093,1.04829,1.05125,-47.21953,3777.00000
3.48481,3.48612,3.48481,3.48481,3.48514,2.27050,2.26984,2.27148,2.27214,2.27477,1.05027,1.04797,1.04928,1.04862,1.04994,-47.21953,3778.00000
3.49007,3.48020,3.48744,3.48119,3.48711,2.27247,2.27247,2.27444,2.27181,2.27148,1.04566,1.05125,1.05093,1.04829,1.04895,-47.07376,3779.00000
3.48678,3.48547,3.48251,3.47987,3.48579,2.27050,2.27378,2.26852,2.27214,2.27280,1.04797,1.05125,1.04566,1.04994,1.04994,-47.07376,3780.00000
3.48678,3.48645,3.48053,3.48612,3.48547,2.26984,2.27082,2.27214,2.27247,2.26721,1.05027,1.05191,1.05586,1.05158,1.05093,-47.80015,3781.00000
3.48612,3.48283,3.48185,3.48185,3.49303,2.27115,2.27477,2.27247,2.27543,2.27543,1.04632,1.05389,1.04994,1.04665,1.04764,-47.80015,3782.00000
3.48514,3.48251,3.48744,3.48744,3.48382,2.27313,2.28069,2.27050,2.27214,2.27148,1.04961,1.05553,1.04665,1.05027,1.05125,-48.69294,3783.00000
3.48645,3.48810,3.48777,3.48579,3.48415,2.26918,2.27346,2.26885,2.27214,2.26721,1.05027,1.05125,1.05125,1.04829,1.04895,-48.69294,3784.00000
3.48283,3.48810,3.48941,3.48382,3.48152,2.27148,2.27115,2.27115,2.26951,2.27444,1.04862,1.04928,1.04928,1.05027,1.04829,-49.85128,3785.00000
3.48349,3.48941,3.48382,3.49040,3.48810,2.26688,2.26819,2.27280,2.27280,2.27181,1.05487,1.05586,1.05191,1.04895,1.05027,-49.85128,3786.00000
3.48974,3.48349,3.48481,3.48316,3.48744,2.27411,2.27280,2.27017,2.27444,2.27444,1.05093,1.04599,1.05027,1.05323,1.04961,-50.87091,3787.00000
3.48875,3.48612,3.48843,3.48448,3.48810,2.27313,2.26918,2.27675,2.27017,2.27313,1.05093,1.05158,1.05027,1.05158,1.05356,-50.87091,3788.00000
3.48185,3.48645,3.48744,3.48645,3.48744,2.27346,2.27444,2.27313,2.27510,2.27214,1.04928,1.05191,1.04928,1.05323,1.05290,-50.93379,3789.00000
3.48547,3.48777,3.48875,3.48514,3.48645,2.27280,2.27609,2.26622,2.26852,2.26622,1.05487,1.04961,1.05421,1.05125,1.05125,-50.93379,3790.00000
3.48251,3.48777,3.48810,3.48547,3.48711,2.27082,2.27313,2.27214,2.27148,2.27609,1.04731,1.05323,1.05191,1.05158,1.05191,-51.00339,3791.00000
3.48514,3.48382,3.48547,3.48415,3.48514,2.26951,2.27346,2.27609,2.27148,2.27675,1.05125,1.05356,1.05125,1.05093,1.05093,-51.00339,3792.00000
3.48251,3.49073,3.49139,3.48941,3.48382,2.27181,2.27543,2.27477,2.27280,2.27247,1.04797,1.04895,1.05290,1.05060,1.05389,-50.71613,3793.00000
3.48579,3.48547,3.48974,3.48119,3.48415,2.27411,2.27247,2.27115,2.27214,2.27280,1.05224,1.05224,1.05027,1.05093,1.04928,-50.71613,3794.00000
3.49171,3.48547,3.48908,3.48415,3.48612,2.27082,2.27740,2.27214,2.27477,2.27082,1.05290,1.05093,1.05125,1.05224,1.05520,-50.96244,3795.00000
3.48152,3.48283,3.48514,3.48744,3.48612,2.27017,2.26589,2.27707,2.27214,2.27017,1.05158,1.05060,1.05093,1.05389,1.05290,-50.96244,3796.00000
3.48448,3.48843,3.48579,3.48415,3.48481,2.27411,2.27050,2.27115,2.27510,2.27017,1.04928,1.05191,1.04533,1.05224,1.05421,-51.05016,3797.00000
3.48777,3.48843,3.48316,3.48645,3.48547,2.27444,2.27411,2.27313,2.27313,2.27115,1.05191,1.05520,1.05060,1.05257,1.05060,-51.05016,3798.00000
3.48349,3.48810,3.49139,3.48415,3.48810,2.27411,2.27247,2.26984,2.27938,2.27576,1.04961,1.05257,1.05454,1.05158,1.05356,-51.10050,3799.00000
3.48744,3.48843,3.48678,3.48678,3.49303,2.27280,2.27280,2.26490,2.27280,2.27017,1.05060,1.04731,1.05125,1.04829,1.05158,-51.10050,3800.00000
3.48283,3.48711,3.48316,3.48547,3.49040,2.27707,2.27280,2.27477,2.27411,2.27181,1.05290,1.04895,1.05487,1.05224,1.05356,-51.60443,3801.00000
3.48579,3.48678,3.49007,3.49040,3.49171,2.26721,2.27346,2.27313,2.27510,2.27576,1.05093,1.05224,1.05027,1.04731,1.05093,-51.60443,3802.00000
3.48283,3.48974,3.48612,3.48415,3.48514,2.27313,2.27280,2.26951,2.27346,2.27675,1.04961,1.05060,1.05356,1.05224,1.05060,-51.35771,3803.00000
3.48711,3.48481,3.48744,3.48251,3.48645,2.27115,2.27082,2.27411,2.27740,2.26622,1.05290,1.05290,1.05158,1.05454,1.05290,-51.35771,3804.00000
3.48612,3.48579,3.48908,3.48843,3.48810,2.26819,2.27115,2.27247,2.27411,2.27313,1.04928,1.05093,1.05356,1.05191,1.05060,-51.57246,3805.00000
3.48547,3.48875,3.48547,3.48711,3.48843,2.27148,2.27181,2.26984,2.27115,2.27280,1.05027,1.05158,1.05027,1.05553,1.05093,-51.57246,3806.00000
3.49073,3.48875,3.48777,3.48547,3.49204,2.27148,2.27214,2.27148,2.27214,2.27313,1.05125,1.05257,1.05356,1.05060,1.05093,-51.72864,3807.00000
3.48514,3.48349,3.48514,3.48974,3.48481,2.27280,2.27017,2.27642,2.28003,2.27082,1.05323,1.05191,1.05093,1.04994,1.05093,-51.72864,3808.00000
3.48777,3.48579,3.48645,3.48777,3.48547,2.27609,2.27740,2.26918,2.27576,2.26951,1.05093,1.05290,1.04928,1.05553,1.05158,-51.82300,3809.00000
3.48579,3.48843,3.48711,3.48678,3.48481,2.27609,2.27313,2.27346,2.27510,2.27280,1.05356,1.05027,1.05060,1.05224,1.05454,-51.82300,3810.00000
3.48777,3.49040,3.48547,3.48612,3.49204,2.27247,2.27576,2.27148,2.28267,2.27543,1.04895,1.05158,1.04994,1.05191,1.05125,-52.03076,3811.00000
3.48415,3.48908,3.49040,3.48415,3.48711,2.27313,2.28003,2.27806,2.27971,2.27115,1.05257,1.04895,1.05125,1.05158,1.05093,-52.03076,3812.00000
3.48415,3.48777,3.48843,3.48678,3.49336,2.27280,2.27543,2.27050,2.27905,2.27806,1.05125,1.05093,1.05356,1.05027,1.05093,-52.10254,3813.00000
3.48875,3.48547,3.49073,3.48514,3.48283,2.27017,2.27510,2.27313,2.26984,2.27642,1.05093,1.04961,1.05158,1.05389,1.05257,-52.10254,3814.00000
3.48481,3.48777,3.48777,3.48547,3.49139,2.27346,2.27214,2.27477,2.27477,2.27543,1.05125,1.04928,1.05224,1.05652,1.05224,-52.39942,3815.00000
3.48908,3.49139,3.49073,3.48908,3.48283,2.27247,2.27378,2.27609,2.27280,2.27806,1.05290,1.05191,1.04928,1.05158,1.04829,-52.39942,3816.00000
3.49171,3.49270,3.48283,3.48744,3.49139,2.27214,2.27214,2.26622,2.27050,2.27477,1.05224,1.04895,1.05290,1.05027,1.05027,-52.19857,3817.00000
3.48678,3.48448,3.48843,3.48382,3.49040,2.27346,2.27181,2.27477,2.27642,2.28036,1.05125,1.05257,1.05125,1.04829,1.05158,-52.19857,3818.00000
3.48579,3.48678,3.49171,3.49139,3.48941,2.27247,2.27313,2.27050,2.27444,2.27313,1.05158,1.05290,1.05027,1.05290,1.04829,-52.17535,3819.00000
3.48875,3.49073,3.48283,3.49106,3.49007,2.27181,2.27181,2.27082,2.27543,2.27280,1.05191,1.05323,1.05027,1.05027,1.04829,-52.17535,3820.00000
3.49007,3.49007,3.48645,3.49336,3.48843,2.27115,2.27214,2.27280,2.27609,2.27477,1.05323,1.05027,1.05060,1.05060,1.05257,-52.49678,3821.00000
3.48645,3.48908,3.48316,3.48415,3.48711,2.27444,2.27444,2.27576,2.27050,2.27247,1.04994,1.05027,1.05027,1.04829,1.05257,-52.49678,3822.00000
3.48251,3.49007,3.48744,3.48612,3.49336,2.26984,2.27543,2.26786,2.27510,2.27247,1.05027,1.04895,1.05421,1.05027,1.04961,-52.70293,3823.00000
3.49073,3.48020,3.48579,3.48349,3.49040,2.27214,2.27082,2.27411,2.27050,2.27050,1.04994,1.05060,1.05125,1.05060,1.05421,-52.70293,3824.00000
3.48547,3.48843,3.48481,3.48481,3.48645,2.27313,2.27115,2.26622,2.27082,2.27280,1.04895,1.04895,1.05125,1.04994,1.04665,-52.70528,3825.00000
3.48744,3.48579,3.48382,3.48316,3.48316,2.27280,2.26951,2.27675,2.27280,2.27017,1.04961,1.04797,1.05093,1.05224,1.05093,-52.70528,3826.00000
3.48218,3.48843,3.48514,3.48711,3.48645,2.27444,2.27444,2.27050,2.26984,2.27411,1.04994,1.05553,1.04862,1.04862,1.05093,-52.34551,3827.00000
3.48514,3.48810,3.48744,3.48514,3.48645,2.27378,2.27543,2.26885,2.27214,2.27115,1.05191,1.04895,1.05093,1.05224,1.05027,-52.34551,3828.00000
3.49204,3.48283,3.48579,3.48349,3.48810,2.27609,2.28003,2.27675,2.27115,2.27214,1.05060,1.05158,1.05290,1.05421,1.04862,-52.28470,3829.00000
3.48481,3.48744,3.48843,3.48941,3.48382,2.27609,2.27346,2.27313,2.27444,2.27115,1.05191,1.05421,1.05224,1.04895,1.04961,-52.28470,3830.00000
3.48349,3.48514,3.48711,3.48941,3.48119,2.27181,2.27115,2.27378,2.27411,2.27576,1.05125,1.05093,1.05093,1.04994,1.04994,-52.08303,3831.00000
3.48514,3.48415,3.48810,3.48349,3.48481,2.27280,2.27082,2.26885,2.27543,2.27115,1.05191,1.04895,1.05093,1.04928,1.04961,-52.08303,3832.00000
3.48349,3.48777,3.49171,3.48382,3.48875,2.26688,2.27378,2.27313,2.27115,2.27181,1.05257,1.05290,1.05158,1.05060,1.05093,-52.20249,3833.00000
3.48744,3.48843,3.48579,3.48645,3.48547,2.27115,2.27148,2.27313,2.27148,2.27609,1.05290,1.05224,1.04961,1.05224,1.04764,-52.20249,3834.00000
3.48185,3.48612,3.48711,3.48843,3.49040,2.26721,2.27411,2.27477,2.27214,2.26754,1.04961,1.04928,1.05093,1.05323,1.04797,-52.18284,3835.00000
3.48415,3.48514,3.48218,3.48908,3.48185,2.27214,2.27510,2.26984,2.27642,2.27543,1.05125,1.05224,1.05224,1.04994,1.05060,-52.18284,3836.00000
3.48481,3.48711,3.48415,3.48382,3.48777,2.27050,2.27510,2.27247,2.27378,2.27411,1.05224,1.04862,1.05356,1.05158,1.04961,-52.37808,3837.00000
3.48612,3.48316,3.48810,3.48382,3.48711,2.27378,2.26984,2.27444,2.27181,2.27806,1.05060,1.05027,1.05027,1.04961,1.05356,-52.22341,3838.00000
3.49007,3.48481,3.48415,3.48974,3.48349,2.27214,2.27017,2.27115,2.26918,2.27115,1.05060,1.05454,1.04665,1.05191,1.04961,-52.22341,3839.00000
3.48843,3.48744,3.48119,3.48579,3.49073,2.26885,2.27510,2.26655,2.27378,2.27017,1.05027,1.05027,1.05125,1.05454,1.05323,-52.22341,3840.00000
3.48612,3.48382,3.48053,3.48645,3.48283,2.27411,2.27017,2.27510,2.27247,2.27115,1.05224,1.05421,1.04961,1.05290,1.05224,-52.78273,3841.00000
3.48415,3.48843,3.48810,3.48875,3.47955,2.26885,2.27313,2.27017,2.27115,2.26984,1.04994,1.05323,1.05586,1.04961,1.04895,-52.78273,3842.00000
3.48316,3.49204,3.48481,3.48020,3.48810,2.27017,2.27609,2.26852,2.27247,2.26885,1.05191,1.05421,1.04994,1.04961,1.05060,-52.67709,3843.00000
3.49270,3.48382,3.48645,3.48678,3.48349,2.26852,2.27181,2.27115,2.27214,2.27477,1.05487,1.04928,1.05224,1.05389,1.05257,-52.67709,3844.00000
3.48382,3.48514,3.48020,3.48185,3.48645,2.27477,2.27411,2.27050,2.26754,2.27247,1.05060,1.05290,1.05191,1.05323,1.05060,-52.18675,3845.00000
3.48777,3.48777,3.48283,3.48777,3.48645,2.27017,2.26819,2.26885,2.27313,2.27510,1.05356,1.04764,1.05093,1.05323,1.04829,-52.18675,3846.00000
3.48448,3.48514,3.49204,3.48777,3.48579,2.27411,2.27346,2.27017,2.27313,2.27806,1.05093,1.05356,1.05060,1.05290,1.04829,-52.38394,3847.00000
3.48579,3.48711,3.48875,3.48053,3.48875,2.27247,2.27346,2.27346,2.27773,2.27543,1.04829,1.05060,1.05027,1.05093,1.05125,-52.38394,3848.00000
3.48908,3.48119,3.48481,3.48514,3.48185,2.27444,2.27510,2.26918,2.26984,2.27444,1.05060,1.05257,1.05027,1.05060,1.05257,-52.79372,3849.00000
3.48744,3.48349,3.49007,3.48251,3.48514,2.26951,2.27050,2.27181,2.27444,2.27642,1.05257,1.05224,1.05224,1.05389,1.05290,-52.79372,3850.00000
3.48744,3.49007,3.48448,3.48645,3.48382,2.27346,2.27181,2.27806,2.27247,2.26918,1.05093,1.04994,1.05224,1.05224,1.04632,-52.53793,3851.00000
3.48875,3.48053,3.48448,3.48777,3.48612,2.27313,2.27280,2.26951,2.27082,2.27839,1.04928,1.05290,1.05356,1.05191,1.05454,-52.53793,3852.00000
3.48415,3.48185,3.48645,3.48612,3.48448,2.27050,2.26786,2.26885,2.27510,2.27280,1.05520,1.04928,1.05158,1.05421,1.04961,-52.56435,3853.00000
3.48843,3.48744,3.48119,3.49007,3.48974,2.27115,2.26918,2.27313,2.27280,2.26852,1.05158,1.05454,1.05060,1.05125,1.05125,-52.56435,3854.00000
3.48908,3.48678,3.48908,3.48777,3.49171,2.27510,2.27740,2.26951,2.26786,2.27082,1.05257,1.05027,1.05421,1.05290,1.05093,-53.05071,3855.00000
3.48415,3.48349,3.48283,3.48810,3.48316,2.27576,2.27050,2.27576,2.27247,2.26951,1.05356,1.05454,1.05487,1.05158,1.05257,-53.05071,3856.00000
3.48612,3.48086,3.49106,3.48678,3.48974,2.26458,2.27082,2.27378,2.27247,2.27148,1.05158,1.05454,1.04928,1.05191,1.04961,-53.08036,3857.00000
3.48875,3.48382,3.48547,3.47724,3.48678,2.27115,2.27082,2.26951,2.27642,2.27181,1.05421,1.05553,1.05257,1.05487,1.05125,-53.08036,3858.00000
3.48810,3.49139,3.48185,3.48547,3.48481,2.27510,2.27313,2.27675,2.27543,2.26786,1.05356,1.05060,1.05224,1.05454,1.04961,-53.01549,3859.00000
3.48678,3.48810,3.48875,3.49204,3.48645,2.26984,2.27181,2.27280,2.27115,2.27050,1.05191,1.04994,1.05849,1.05389,1.05520,-53.01549,3860.00000
3.48612,3.48579,3.48579,3.48875,3.48908,2.27017,2.26754,2.27181,2.26523,2.27576,1.05290,1.05290,1.05323,1.05224,1.05389,-52.89900,3861.00000
3.48711,3.48218,3.48777,3.49007,3.48777,2.27017,2.27181,2.27642,2.27017,2.27378,1.05224,1.05290,1.05323,1.05389,1.05224,-52.89900,3862.00000
3.48514,3.48547,3.48941,3.48678,3.49270,2.27181,2.27773,2.27411,2.27313,2.27280,1.05290,1.05619,1.05520,1.05158,1.05191,-52.78065,3863.00000
3.49073,3.48448,3.48777,3.48579,3.48283,2.27346,2.27313,2.27017,2.27477,2.26918,1.05158,1.05717,1.05323,1.05454,1.05717,-52.78065,3864.00000
3.48645,3.48119,3.48579,3.49500,3.48349,2.27214,2.27707,2.27214,2.27017,2.27280,1.05421,1.05257,1.05389,1.05356,1.05158,-52.93612,3865.00000
3.48612,3.48316,3.49237,3.48448,3.48941,2.27313,2.27148,2.27313,2.27543,2.27115,1.05652,1.05553,1.05093,1.05257,1.05487,-52.93612,3866.00000
3.48974,3.48514,3.48777,3.48941,3.49040,2.26786,2.26885,2.27115,2.26490,2.27115,1.05290,1.05125,1.05356,1.05060,1.05323,-52.33665,3867.00000
3.48382,3.48612,3.49007,3.48349,3.48843,2.26885,2.27214,2.27576,2.27050,2.27313,1.05421,1.05257,1.05421,1.04961,1.05652,-52.33665,3868.00000
3.48448,3.48612,3.48218,3.48448,3.48843,2.27115,2.26984,2.27280,2.27378,2.27181,1.05454,1.05356,1.05093,1.05027,1.05454,-52.26414,3869.00000
3.48316,3.48678,3.47757,3.48908,3.49007,2.27181,2.26984,2.27346,2.27806,2.27510,1.05356,1.05257,1.05487,1.05685,1.05520,-52.26414,3870.00000
3.48481,3.48316,3.48283,3.48119,3.48678,2.27477,2.27576,2.26852,2.27017,2.27806,1.05421,1.05553,1.05454,1.05191,1.05356,-52.14257,3871.00000
3.48777,3.48349,3.48843,3.48514,3.48777,2.27543,2.27510,2.27543,2.26918,2.26951,1.05191,1.05125,1.05257,1.04928,1.04961,-52.14257,3872.00000
3.48251,3.49106,3.48711,3.48481,3.48744,2.27181,2.27115,2.27115,2.27017,2.27707,1.05454,1.05389,1.05454,1.05389,1.05487,-51.89062,3873.00000
3.48777,3.48283,3.49139,3.48547,3.49237,2.27181,2.27115,2.27214,2.27181,2.27214,1.05224,1.05158,1.05191,1.05224,1.05125,-51.89062,3874.00000
3.48941,3.48316,3.48711,3.48941,3.48810,2.26589,2.27411,2.27378,2.27378,2.27411,1.05027,1.04961,1.05191,1.05421,1.05191,-52.42740,3875.00000
3.48810,3.48875,3.48810,3.49040,3.48481,2.27247,2.26984,2.27214,2.27378,2.27378,1.05454,1.05389,1.05487,1.05027,1.05158,-52.42740,3876.00000
3.48283,3.49073,3.48349,3.48612,3.48053,2.27675,2.27642,2.27017,2.27115,2.27148,1.05421,1.04797,1.04928,1.05356,1.05191,-52.44672,3877.00000
3.48316,3.48645,3.48678,3.48415,3.48711,2.27082,2.27313,2.27050,2.27082,2.27543,1.05421,1.05421,1.05717,1.05323,1.04961,-52.44672,3878.00000
3.48283,3.48678,3.48547,3.48547,3.49139,2.27378,2.27313,2.27543,2.27280,2.26786,1.05487,1.05257,1.05257,1.05487,1.05717,-52.52633,3879.00000
3.48251,3.49073,3.49402,3.48514,3.48579,2.27050,2.27115,2.27148,2.27280,2.26688,1.05290,1.05224,1.05356,1.05389,1.05125,-52.52633,3880.00000
3.48645,3.48711,3.48547,3.48744,3.48185,2.27247,2.27543,2.26918,2.27313,2.27082,1.04961,1.05421,1.05224,1.04895,1.05520,-52.85121,3881.00000
3.48777,3.49763,3.48974,3.49106,3.48875,2.27411,2.27346,2.27773,2.27247,2.27346,1.04961,1.05520,1.05323,1.05520,1.04862,-52.85121,3882.00000
3.48152,3.48415,3.48810,3.48678,3.48349,2.27477,2.27477,2.27247,2.27247,2.27346,1.05487,1.05487,1.04797,1.05421,1.05323,-52.37932,3883.00000
3.49040,3.47955,3.48711,3.48152,3.48810,2.27510,2.27675,2.27181,2.27247,2.27543,1.05421,1.05323,1.05290,1.05421,1.05323,-52.37932,3884.00000
3.48678,3.48514,3.48875,3.48810,3.48744,2.27247,2.27444,2.27576,2.27115,2.26984,1.04764,1.04994,1.05389,1.05093,1.05421,-52.18029,3885.00000
3.48678,3.49106,3.48875,3.48875,3.49171,2.27444,2.27181,2.27444,2.27444,2.26918,1.04961,1.05125,1.05158,1.05487,1.05290,-52.18029,3886.00000
3.48941,3.48612,3.48810,3.49270,3.48645,2.27773,2.27510,2.27313,2.27115,2.27346,1.05356,1.05257,1.05586,1.04829,1.05487,-52.65633,3887.00000
3.49402,3.48711,3.48941,3.49270,3.48875,2.27247,2.27313,2.27576,2.27280,2.27642,1.05224,1.05389,1.05454,1.05421,1.05454,-52.65633,3888.00000
3.48843,3.48547,3.49171,3.49040,3.48974,2.27148,2.27477,2.27214,2.27411,2.27280,1.05356,1.05125,1.05191,1.05060,1.05356,-52.69048,3889.00000
3.48711,3.49106,3.49500,3.48777,3.48448,2.27938,2.27609,2.26819,2.27510,2.27050,1.05421,1.05487,1.04994,1.05290,1.05389,-52.69048,3890.00000
3.49007,3.49073,3.48810,3.48744,3.49270,2.27444,2.27609,2.27543,2.27214,2.27609,1.05093,1.05290,1.05093,1.05520,1.05191,-52.56677,3891.00000
3.48941,3.48678,3.49139,3.49369,3.48941,2.27247,2.27444,2.27543,2.27609,2.27510,1.05257,1.05816,1.05060,1.05389,1.05158,-52.50382,3892.00000
3.48941,3.48744,3.49139,3.49270,3.48678,2.27642,2.27313,2.27247,2.27378,2.27346,1.05323,1.05027,1.04994,1.05421,1.05685,-52.50382,3893.00000
3.49171,3.48448,3.48645,3.49007,3.49007,2.27247,2.27280,2.27444,2.27346,2.27411,1.05553,1.04994,1.05356,1.04928,1.05191,-52.50382,3894.00000
3.49665,3.48481,3.49040,3.49270,3.49171,2.27477,2.27313,2.27247,2.27707,2.27115,1.05323,1.05093,1.05191,1.05257,1.05125,-52.51557,3895.00000
3.48316,3.49303,3.47987,3.49171,3.48711,2.27280,2.27378,2.27477,2.27411,2.26918,1.05421,1.04895,1.05257,1.05553,1.05093,-52.51557,3896.00000
3.48908,3.49270,3.49106,3.49270,3.49204,2.27181,2.27609,2.27543,2.27214,2.27247,1.05060,1.05191,1.05356,1.05093,1.05619,-52.52014,3897.00000
3.49204,3.48349,3.48612,3.49303,3.49467,2.27576,2.27313,2.27707,2.27543,2.27872,1.05191,1.05356,1.05290,1.05224,1.05027,-52.52014,3898.00000
3.48777,3.48777,3.48645,3.48547,3.49106,2.27675,2.26984,2.27510,2.27214,2.27280,1.05487,1.05224,1.05093,1.05389,1.05158,-52.59155,3899.00000
3.48514,3.48777,3.48777,3.48777,3.48777,2.27905,2.27609,2.27378,2.27642,2.27346,1.05224,1.05257,1.05191,1.05553,1.05454,-52.35596,3900.00000
3.48908,3.48908,3.49237,3.48908,3.48645,2.27576,2.27247,2.27609,2.26819,2.27115,1.05125,1.05421,1.05454,1.05224,1.05060,-52.35596,3901.00000
3.48547,3.48678,3.49336,3.48875,3.49139,2.27115,2.27543,2.27247,2.27378,2.26918,1.05356,1.05191,1.05158,1.05027,1.05158,-52.35596,3902.00000
3.48415,3.48514,3.49073,3.48645,3.48514,2.27214,2.27214,2.27181,2.27346,2.27477,1.05323,1.05158,1.04764,1.04797,1.05125,-52.52116,3903.00000
3.48645,3.48908,3.48875,3.48612,3.49106,2.27280,2.27313,2.27247,2.27740,2.27148,1.04829,1.05323,1.05421,1.04961,1.05356,-52.26183,3904.00000
3.48119,3.48645,3.49040,3.48777,3.48415,2.27477,2.27214,2.27247,2.27510,2.27148,1.05224,1.05356,1.04961,1.05389,1.05191,-52.26183,3905.00000
3.48678,3.48547,3.48185,3.48382,3.48481,2.26951,2.27017,2.27576,2.27247,2.27280,1.05257,1.05389,1.05191,1.04994,1.05125,-52.26183,3906.00000
3.49402,3.48152,3.48678,3.48875,3.48251,2.26819,2.27543,2.27510,2.27181,2.27477,1.05060,1.05224,1.04961,1.05191,1.04731,-52.12475,3907.00000
3.48382,3.48678,3.48843,3.48678,3.48744,2.27247,2.27411,2.27346,2.27740,2.27115,1.05191,1.04994,1.05389,1.04928,1.05356,-52.12475,3908.00000
3.48678,3.48711,3.48382,3.48908,3.48251,2.27115,2.27115,2.27346,2.27280,2.27806,1.05224,1.05191,1.05323,1.05487,1.05060,-52.24007,3909.00000
3.49007,3.48941,3.48547,3.48908,3.48612,2.27280,2.28201,2.27543,2.27280,2.27050,1.05421,1.05290,1.05323,1.05356,1.04961,-52.24007,3910.00000
3.48810,3.48810,3.48810,3.48875,3.48777,2.27214,2.27050,2.27346,2.27280,2.27477,1.05191,1.05323,1.05356,1.05389,1.05586,-52.31369,3911.00000
3.48579,3.49040,3.48744,3.48744,3.49139,2.27280,2.27411,2.27576,2.27378,2.27411,1.05093,1.05060,1.05257,1.05454,1.05191,-52.31369,3912.00000
3.49007,3.48382,3.48875,3.49171,3.48481,2.27642,2.26951,2.27543,2.27477,2.27313,1.05093,1.05553,1.05652,1.05520,1.05685,-51.91681,3913.00000
3.48875,3.48744,3.48777,3.48711,3.49435,2.27313,2.28069,2.27444,2.28003,2.27280,1.05323,1.05389,1.05191,1.05290,1.05454,-51.91681,3914.00000
3.48744,3.49270,3.49402,3.49040,3.48678,2.27346,2.27675,2.27280,2.27510,2.27313,1.05290,1.05487,1.04994,1.04928,1.05356,-51.82312,3915.00000
3.48711,3.48711,3.48612,3.49007,3.49040,2.27346,2.27313,2.27247,2.27214,2.27576,1.05421,1.05224,1.05389,1.05421,1.05356,-51.82312,3916.00000
3.49139,3.49171,3.49007,3.49040,3.48349,2.27050,2.27346,2.27543,2.27017,2.27510,1.05487,1.05487,1.05783,1.05586,1.05093,-51.65649,3917.00000
3.48744,3.48875,3.49007,3.48875,3.49303,2.27148,2.27675,2.27576,2.27346,2.27576,1.05356,1.05191,1.05224,1.05750,1.04928,-51.65649,3918.00000
3.48777,3.49171,3.48744,3.48678,3.48415,2.27050,2.27115,2.26918,2.27017,2.27740,1.05323,1.05257,1.04994,1.05553,1.05520,-51.66097,3919.00000
3.48974,3.49040,3.48843,3.48678,3.48645,2.27477,2.27313,2.27313,2.27543,2.26951,1.05586,1.05323,1.05323,1.05290,1.05356,-51.66097,3920.00000
3.48744,3.48941,3.48744,3.49073,3.48810,2.27247,2.27214,2.27576,2.27444,2.27839,1.05060,1.05421,1.04928,1.05224,1.05454,-52.15386,3921.00000
3.48711,3.48908,3.48711,3.48612,3.48875,2.27444,2.27411,2.26951,2.27346,2.26951,1.05224,1.05290,1.05257,1.05619,1.05125,-52.34899,3922.00000
3.48744,3.49073,3.48941,3.48514,3.49139,2.27905,2.27346,2.27740,2.27675,2.27214,1.04994,1.04797,1.05158,1.05290,1.05290,-52.34899,3923.00000
3.48514,3.48678,3.48678,3.48514,3.48711,2.27017,2.27313,2.27609,2.27576,2.27280,1.05389,1.05191,1.05191,1.05093,1.05158,-52.34899,3924.00000
3.48382,3.48875,3.48251,3.48415,3.48810,2.27477,2.27378,2.27609,2.27181,2.26852,1.05487,1.05027,1.05158,1.05125,1.05158,-52.43351,3925.00000
3.48612,3.49171,3.48711,3.48744,3.48415,2.27543,2.27346,2.27477,2.27115,2.27707,1.04994,1.05356,1.05290,1.05060,1.05454,-52.02599,3926.00000
3.48448,3.49369,3.49171,3.48415,3.48678,2.27378,2.27378,2.27082,2.27017,2.27378,1.05158,1.04994,1.04928,1.04862,1.05290,-52.02599,3927.00000
3.48974,3.48612,3.48579,3.48810,3.48908,2.27543,2.27181,2.26984,2.27214,2.27576,1.05421,1.05093,1.04928,1.05125,1.04994,-52.02599,3928.00000
3.48810,3.48547,3.49106,3.48448,3.47987,2.27313,2.27444,2.26984,2.27411,2.27346,1.05125,1.05093,1.05290,1.05060,1.05158,-52.21329,3929.00000
3.48579,3.48612,3.48481,3.47987,3.48777,2.26622,2.27247,2.27280,2.27378,2.27378,1.05257,1.04994,1.05224,1.05487,1.05257,-52.21329,3930.00000
3.48777,3.48645,3.48547,3.48415,3.48941,2.27905,2.27247,2.27082,2.27181,2.27477,1.04862,1.04862,1.05093,1.05060,1.04797,-52.70599,3931.00000
3.49007,3.47889,3.48612,3.48218,3.48448,2.27378,2.27477,2.27017,2.27346,2.27609,1.04994,1.04797,1.04797,1.05125,1.05224,-52.70599,3932.00000
3.48283,3.48645,3.48678,3.48152,3.48744,2.27675,2.27181,2.27411,2.26852,2.27181,1.05158,1.04764,1.05060,1.04862,1.04961,-52.07581,3933.00000
3.48843,3.48579,3.48579,3.48481,3.48612,2.27346,2.26819,2.27181,2.27181,2.27444,1.04566,1.04731,1.05224,1.04764,1.04829,-52.07581,3934.00000
3.48547,3.47955,3.48678,3.48711,3.48185,2.26655,2.26392,2.26984,2.26556,2.27214,1.04829,1.04764,1.05290,1.05027,1.04862,-52.24162,3935.00000
3.48547,3.48908,3.48053,3.48349,3.48612,2.27115,2.27280,2.27411,2.26951,2.27346,1.04829,1.05158,1.04829,1.05356,1.05421,-52.24162,3936.00000
3.48086,3.48579,3.48448,3.48349,3.48218,2.27247,2.27214,2.27280,2.27148,2.27247,1.04994,1.04961,1.04928,1.04797,1.05093,-51.82319,3937.00000
3.49040,3.48547,3.47987,3.48349,3.48349,2.27082,2.27642,2.27082,2.27214,2.27411,1.04862,1.05125,1.05158,1.04895,1.05027,-51.82319,3938.00000
3.48448,3.48415,3.48185,3.48678,3.48612,2.27082,2.27017,2.27280,2.27148,2.27082,1.04698,1.04698,1.04797,1.05093,1.04895,-51.55726,3939.00000
3.49040,3.48185,3.48316,3.48448,3.48448,2.26754,2.27313,2.27017,2.27313,2.27444,1.04961,1.05224,1.04501,1.05257,1.04895,-51.55726,3940.00000
3.48448,3.48349,3.48448,3.48579,3.48119,2.27050,2.27082,2.27411,2.27313,2.26721,1.04665,1.05093,1.05060,1.05158,1.05553,-51.77710,3941.00000
3.48349,3.48645,3.48119,3.48316,3.48086,2.26425,2.27247,2.26721,2.27181,2.27313,1.04632,1.04698,1.05060,1.04928,1.04797,-51.77710,3942.00000
3.47593,3.48415,3.48349,3.48678,3.48678,2.26885,2.26984,2.27017,2.27082,2.27050,1.05389,1.05093,1.04895,1.04994,1.05125,-51.95459,3943.00000
3.48316,3.48481,3.48316,3.48415,3.48645,2.27543,2.27181,2.27477,2.27247,2.27378,1.04928,1.05125,1.04797,1.04994,1.04862,-51.95459,3944.00000
3.48283,3.47889,3.48481,3.48579,3.47987,2.26951,2.27050,2.27378,2.26852,2.27115,1.04435,1.04994,1.05125,1.04895,1.04994,-52.25846,3945.00000
3.48645,3.48908,3.48349,3.48448,3.48711,2.27510,2.27313,2.27050,2.27017,2.27477,1.04928,1.04665,1.05060,1.04994,1.04961,-52.25846,3946.00000
3.48382,3.48547,3.47823,3.48251,3.48514,2.27378,2.27378,2.27050,2.27444,2.27247,1.05027,1.05027,1.04994,1.05619,1.05257,-52.30642,3947.00000
3.48020,3.48349,3.48251,3.47856,3.48185,2.26622,2.27148,2.27082,2.27378,2.27017,1.04435,1.04994,1.04829,1.04994,1.05125,-52.30642,3948.00000
3.48547,3.48579,3.47856,3.48349,3.48941,2.27050,2.26589,2.27214,2.27082,2.27050,1.04994,1.05224,1.04928,1.05093,1.05125,-52.56789,3949.00000
3.48283,3.47955,3.48382,3.47889,3.48744,2.26819,2.26655,2.27609,2.26918,2.27510,1.04961,1.05224,1.04501,1.05290,1.04994,-52.56789,3950.00000
3.48283,3.48382,3.48251,3.48382,3.48448,2.27247,2.26721,2.27411,2.27313,2.27148,1.04862,1.04698,1.04698,1.04829,1.04895,-52.55503,3951.00000
3.48152,3.48547,3.48678,3.48349,3.47823,2.26951,2.26918,2.26786,2.26885,2.27115,1.05093,1.05224,1.04928,1.05191,1.04829,-52.55503,3952.00000
3.48579,3.48711,3.48579,3.47823,3.48612,2.27247,2.27181,2.27017,2.27181,2.26852,1.05224,1.04994,1.05027,1.05158,1.04994,-52.84593,3953.00000
3.48744,3.47823,3.48448,3.48283,3.48645,2.27214,2.27017,2.27148,2.27576,2.27313,1.04961,1.05125,1.04665,1.04829,1.04928,-52.84593,3954.00000
3.48415,3.48119,3.48711,3.48316,3.48185,2.27411,2.27050,2.27411,2.27050,2.26951,1.05290,1.05454,1.05093,1.04797,1.05290,-52.42951,3955.00000
3.48810,3.48415,3.48185,3.48875,3.48645,2.27411,2.27938,2.27115,2.27378,2.26951,1.04731,1.04731,1.04862,1.05257,1.04829,-52.33257,3956.00000
3.48645,3.48349,3.48941,3.48678,3.48744,2.27050,2.26885,2.26754,2.27148,2.26523,1.05060,1.05027,1.05060,1.04895,1.05125,-52.33257,3957.00000
3.47560,3.48185,3.48612,3.48086,3.48086,2.27017,2.27017,2.26918,2.27247,2.27148,1.04895,1.04928,1.04599,1.05323,1.04797,-52.33257,3958.00000
3.48645,3.49073,3.48251,3.48810,3.48349,2.27115,2.27411,2.27148,2.27346,2.27477,1.04994,1.05060,1.05060,1.05093,1.04928,-52.41279,3959.00000
3.48415,3.49007,3.48185,3.48875,3.48579,2.26984,2.27017,2.26951,2.27740,2.27115,1.05323,1.05060,1.05323,1.04665,1.04599,-52.41279,3960.00000
3.48020,3.48053,3.48020,3.48908,3.48547,2.26918,2.27214,2.27050,2.27444,2.27017,1.04895,1.05224,1.04928,1.04994,1.05224,-52.40768,3961.00000
3.48020,3.48218,3.48711,3.47889,3.47823,2.27313,2.27609,2.27115,2.27050,2.27082,1.04961,1.05060,1.04928,1.04599,1.04994,-52.40768,3962.00000
3.48678,3.48020,3.48218,3.48678,3.47856,2.27477,2.27148,2.26984,2.27346,2.27214,1.04533,1.05093,1.05027,1.04599,1.04599,-52.18780,3963.00000
3.48020,3.48481,3.48448,3.48382,3.48875,2.26819,2.26852,2.27378,2.27214,2.27346,1.05257,1.05487,1.04928,1.05060,1.04599,-52.18780,3964.00000
3.48612,3.48382,3.48481,3.48382,3.48612,2.26984,2.27181,2.27148,2.27378,2.27313,1.04895,1.04895,1.04961,1.05027,1.05060,-52.27885,3965.00000
3.48744,3.48053,3.48251,3.48974,3.48875,2.27214,2.27477,2.27214,2.27510,2.27378,1.04961,1.04731,1.05191,1.04829,1.04632,-52.27885,3966.00000
3.48382,3.48283,3.48349,3.48185,3.48777,2.27477,2.26786,2.27280,2.27050,2.27346,1.04862,1.04961,1.04862,1.04928,1.05191,-52.52346,3967.00000
3.48744,3.48645,3.48810,3.48547,3.48875,2.27642,2.27313,2.27346,2.27115,2.27543,1.05191,1.04961,1.04698,1.05060,1.04764,-52.59540,3968.00000
3.48744,3.48316,3.48481,3.48547,3.48744,2.27543,2.27148,2.27115,2.27247,2.27148,1.05027,1.04533,1.05125,1.05224,1.05356,-52.59540,3969.00000
3.48843,3.48152,3.48579,3.48053,3.48875,2.27378,2.26852,2.27247,2.27510,2.27411,1.05060,1.05257,1.04928,1.04895,1.04797,-52.59540,3970.00000
3.48316,3.48448,3.48251,3.48744,3.48119,2.27181,2.27444,2.27346,2.26951,2.27477,1.05027,1.05093,1.05027,1.04961,1.04797,-52.73775,3971.00000
3.48481,3.49402,3.48382,3.48415,3.48645,2.27181,2.27444,2.27346,2.27411,2.27609,1.05257,1.05125,1.04895,1.04829,1.05356,-52.73775,3972.00000
3.48843,3.48448,3.48251,3.49040,3.48612,2.27346,2.27543,2.27543,2.27675,2.27017,1.04994,1.05027,1.05224,1.04928,1.05191,-52.11976,3973.00000
3.49007,3.48251,3.48612,3.48514,3.48316,2.27346,2.27247,2.27378,2.27477,2.27181,1.05158,1.05224,1.05027,1.05060,1.05125,-52.11976,3974.00000
3.48382,3.48810,3.48316,3.48678,3.48579,2.27214,2.27576,2.27214,2.26786,2.26721,1.04961,1.04797,1.05093,1.05027,1.05389,-52.31161,3975.00000
3.48941,3.48382,3.48711,3.48547,3.48875,2.27247,2.26622,2.27181,2.26984,2.27181,1.05257,1.05027,1.05257,1.04764,1.05191,-52.31161,3976.00000
3.48349,3.48448,3.48579,3.48316,3.49040,2.27148,2.27346,2.27378,2.27050,2.27214,1.04961,1.04566,1.05224,1.05191,1.04928,-51.98867,3977.00000
3.48612,3.48645,3.49171,3.49139,3.49336,2.27444,2.27346,2.27411,2.27082,2.27609,1.05027,1.04895,1.05158,1.04731,1.04961,-51.98867,3978.00000
3.48481,3.48481,3.48283,3.48481,3.48185,2.27313,2.27378,2.28003,2.27247,2.27280,1.05060,1.05290,1.05027,1.05158,1.05125,-52.07936,3979.00000
3.48448,3.48612,3.48152,3.48349,3.48579,2.27609,2.26984,2.27510,2.27543,2.27247,1.04961,1.05191,1.05158,1.04928,1.04829,-52.05844,3980.00000
3.48974,3.48448,3.48875,3.49040,3.48941,2.27346,2.27280,2.27477,2.27017,2.27214,1.04928,1.04961,1.05191,1.05125,1.04862,-52.05844,3981.00000
3.48843,3.48941,3.48251,3.48316,3.48678,2.27181,2.27082,2.27378,2.27017,2.26885,1.04994,1.04862,1.04928,1.05125,1.04994,-52.05844,3982.00000
3.48481,3.48481,3.48020,3.48283,3.48678,2.27214,2.27971,2.27247,2.27872,2.27181,1.04797,1.05158,1.04895,1.05224,1.04862,-52.02496,3983.00000
3.48185,3.48218,3.48514,3.48645,3.48612,2.27148,2.27444,2.26885,2.26984,2.27115,1.05060,1.05158,1.04665,1.04928,1.04829,-52.02496,3984.00000
3.48744,3.48678,3.48579,3.48941,3.48185,2.26852,2.27444,2.27675,2.27181,2.27477,1.05158,1.05093,1.05125,1.05389,1.05060,-52.36072,3985.00000
3.48382,3.48810,3.49237,3.48119,3.48908,2.27707,2.27543,2.27576,2.26918,2.27247,1.04665,1.04764,1.05093,1.05027,1.05060,-52.36072,3986.00000
3.48908,3.48514,3.48678,3.48777,3.49435,2.27378,2.27280,2.27247,2.26885,2.27510,1.05027,1.04829,1.05093,1.04829,1.05191,-52.44132,3987.00000
3.48711,3.48612,3.48711,3.48283,3.48678,2.27247,2.26984,2.26918,2.27181,2.27082,1.04501,1.04994,1.04764,1.04731,1.05158,-52.44132,3988.00000
3.48547,3.48875,3.48415,3.48152,3.48875,2.27313,2.26721,2.27148,2.27313,2.27346,1.05060,1.05191,1.04632,1.05191,1.04698,-52.51948,3989.00000
3.48349,3.48645,3.48119,3.48744,3.48645,2.26984,2.27050,2.27378,2.27148,2.27280,1.04961,1.04829,1.04928,1.04829,1.04665,-52.51948,3990.00000
3.48645,3.48810,3.48678,3.48711,3.48579,2.26819,2.27017,2.27510,2.27247,2.27115,1.04797,1.04961,1.05060,1.04632,1.05027,-52.50159,3991.00000
3.48711,3.49007,3.48218,3.48547,3.48941,2.27082,2.27346,2.27181,2.27050,2.27313,1.04665,1.04928,1.05257,1.05093,1.05093,-52.50159,3992.00000
3.48941,3.48086,3.48908,3.48645,3.48678,2.27378,2.27181,2.27115,2.27905,2.26622,1.04829,1.04862,1.04599,1.04928,1.05158,-52.62150,3993.00000
3.48678,3.49171,3.48711,3.49106,3.48514,2.27576,2.27313,2.27378,2.27378,2.27115,1.04797,1.05093,1.04797,1.04994,1.04994,-52.62150,3994.00000
3.48547,3.48415,3.48908,3.48843,3.48514,2.26852,2.27214,2.27280,2.26984,2.26951,1.05158,1.05027,1.04928,1.05290,1.04698,-52.31408,3995.00000
3.49204,3.48744,3.48152,3.48283,3.48777,2.28003,2.27378,2.27247,2.26754,2.27576,1.04961,1.05290,1.04994,1.04928,1.05060,-52.31408,3996.00000
3.48777,3.48711,3.48514,3.49040,3.49040,2.27181,2.27214,2.26819,2.27378,2.27642,1.04665,1.05290,1.04895,1.05060,1.04797,-52.29793,3997.00000
3.48547,3.48974,3.48481,3.48711,3.48843,2.27214,2.27148,2.27938,2.27839,2.27444,1.04928,1.04665,1.04599,1.05454,1.04731,-52.29793,3998.00000
3.48316,3.48744,3.48744,3.49040,3.48448,2.27148,2.27313,2.27115,2.27115,2.27576,1.05125,1.05224,1.05125,1.04994,1.04599,-51.68657,3999.00000
3.48777,3.48908,3.48645,3.48382,3.49106,2.27313,2.27378,2.27214,2.27346,2.27247,1.05027,1.05191,1.05093,1.05060,1.05257,-51.68657,4000.00000
3.48448,3.48777,3.48810,3.48645,3.49007,2.27247,2.27510,2.27115,2.27280,2.27346,1.05060,1.04961,1.04829,1.04895,1.05191,-51.73962,4001.00000
3.48810,3.49139,3.48481,3.48612,3.49467,2.27346,2.27050,2.26918,2.27444,2.27115,1.05290,1.04829,1.04829,1.05290,1.05093,-51.73962,4002.00000
3.49073,3.48908,3.48020,3.48349,3.48514,2.27675,2.27378,2.27214,2.27543,2.27313,1.04961,1.04632,1.04501,1.05158,1.05224,-52.11189,4003.00000
3.49402,3.48908,3.48941,3.48711,3.49204,2.27477,2.27642,2.27181,2.27115,2.27411,1.04764,1.05093,1.05290,1.05093,1.05027,-52.11189,4004.00000
3.48941,3.48251,3.48185,3.48875,3.48744,2.27773,2.27017,2.27806,2.27477,2.27378,1.05290,1.04994,1.04829,1.04895,1.05356,-51.90760,4005.00000
3.48514,3.48678,3.48283,3.48514,3.48744,2.27148,2.27214,2.27444,2.27346,2.27346,1.04961,1.04961,1.04961,1.04632,1.04895,-51.90760,4006.00000
3.48711,3.48875,3.48086,3.48744,3.48547,2.27214,2.26918,2.27411,2.27082,2.27510,1.05027,1.04632,1.04994,1.05224,1.04928,-51.80396,4007.00000
3.48711,3.49106,3.48119,3.48744,3.48974,2.27543,2.27576,2.27773,2.27280,2.27148,1.04698,1.04599,1.04961,1.04895,1.05027,-51.80396,4008.00000
3.48481,3.48744,3.48382,3.48908,3.48744,2.27905,2.27477,2.27082,2.27313,2.27313,1.04862,1.05060,1.04665,1.05125,1.04698,-51.35564,4009.00000
3.48974,3.48645,3.48251,3.49040,3.48678,2.27115,2.27477,2.27378,2.27247,2.27477,1.05191,1.04862,1.04862,1.05158,1.05224,-51.35564,4010.00000
3.48941,3.48908,3.48547,3.48941,3.48481,2.27444,2.27280,2.27313,2.27477,2.26721,1.04928,1.05257,1.04829,1.04928,1.04829,-49.78234,4011.00000
3.49139,3.49106,3.48810,3.48349,3.48908,2.27609,2.26885,2.27444,2.27214,2.27543,1.04862,1.04895,1.05060,1.05125,1.04928,-49.78234,4012.00000
3.48547,3.48908,3.48777,3.48810,3.49106,2.27115,2.27707,2.27576,2.27181,2.27411,1.04961,1.05125,1.04764,1.04928,1.05323,-48.39005,4013.00000
3.48514,3.48514,3.48810,3.49073,3.48579,2.27247,2.27839,2.27148,2.27543,2.26984,1.04961,1.04961,1.04599,1.05093,1.05093,-48.39005,4014.00000
