0.76281,0.77103,0.76215,0.76939,0.76478,0.31550,0.31188,0.31550,0.31353,0.31155,0.08889,0.09086,0.09020,0.08987,0.08856,-55.94770,-4014.00000
0.76840,0.76807,0.75722,0.76445,0.77465,0.31254,0.30991,0.31386,0.31254,0.31418,0.09020,0.08823,0.08922,0.08987,0.09020,-55.94770,-4013.00000
0.76939,0.76873,0.77366,0.77235,0.77399,0.31122,0.31188,0.31057,0.31057,0.31090,0.09251,0.09086,0.09218,0.09086,0.09086,-55.38352,-4012.00000
0.76971,0.76379,0.77037,0.77103,0.76675,0.31254,0.30859,0.30892,0.30925,0.31451,0.08955,0.09152,0.08856,0.09086,0.08955,-55.38352,-4011.00000
0.76643,0.76873,0.76741,0.76774,0.77037,0.31221,0.31090,0.31418,0.31386,0.31024,0.08724,0.08856,0.09185,0.09152,0.09283,-55.94615,-4010.00000
0.77037,0.76971,0.77037,0.76610,0.77136,0.31418,0.31188,0.30958,0.30892,0.30925,0.09152,0.08889,0.08889,0.09020,0.08955,-55.94615,-4009.00000
0.76346,0.77070,0.76281,0.76445,0.76478,0.31024,0.30794,0.31254,0.31451,0.31484,0.08987,0.09053,0.08856,0.09053,0.08889,-55.97112,-4008.00000
0.77103,0.76379,0.77333,0.76741,0.76939,0.31813,0.31780,0.31090,0.31254,0.31320,0.08757,0.08922,0.08790,0.08987,0.08955,-55.97112,-4007.00000
0.77070,0.76840,0.76873,0.77037,0.77202,0.31320,0.31451,0.31517,0.31583,0.31287,0.09415,0.08757,0.08856,0.08724,0.09251,-55.93722,-4006.00000
0.76741,0.77169,0.77103,0.76906,0.76939,0.31221,0.31024,0.31122,0.30892,0.30629,0.08823,0.08527,0.08955,0.09251,0.08724,-55.93722,-4005.00000
0.77169,0.76939,0.77399,0.76643,0.77235,0.31583,0.30859,0.31155,0.30958,0.30859,0.09218,0.09316,0.09053,0.09053,0.08922,-55.18541,-4004.00000
0.76873,0.76478,0.77399,0.77531,0.76774,0.31188,0.31188,0.31254,0.30991,0.31517,0.08790,0.08955,0.08955,0.09053,0.09119,-55.18541,-4003.00000
0.76182,0.77037,0.77103,0.76807,0.76610,0.31682,0.31221,0.31090,0.31287,0.31287,0.09086,0.09349,0.08658,0.09152,0.08889,-55.26604,-4002.00000
0.76116,0.76577,0.76774,0.76971,0.77300,0.31024,0.31320,0.31024,0.31057,0.31484,0.09086,0.08987,0.08757,0.09119,0.09283,-55.26604,-4001.00000
0.76412,0.77267,0.76971,0.76906,0.76708,0.31188,0.31221,0.30925,0.31090,0.30991,0.08724,0.08823,0.08987,0.08987,0.09382,-55.75802,-4000.00000
0.76840,0.76379,0.76873,0.76840,0.76840,0.30892,0.31386,0.31517,0.30958,0.31090,0.08757,0.08955,0.09053,0.08922,0.08922,-55.75802,-3999.00000
0.76675,0.77136,0.77004,0.77037,0.77498,0.31221,0.31418,0.30859,0.31057,0.31155,0.09053,0.08527,0.08823,0.08593,0.08889,-56.12364,-3998.00000
0.77070,0.76939,0.76840,0.76708,0.76873,0.31188,0.31122,0.30859,0.31484,0.31418,0.08987,0.09349,0.09349,0.08560,0.09086,-56.12364,-3997.00000
0.76643,0.77432,0.76840,0.76577,0.76445,0.31155,0.31090,0.31682,0.31024,0.31682,0.09218,0.09251,0.08922,0.08790,0.08987,-55.61553,-3996.00000
0.76708,0.76478,0.76708,0.77235,0.76708,0.31221,0.31386,0.31122,0.30958,0.31287,0.09251,0.08889,0.09020,0.08790,0.08856,-55.61553,-3995.00000
0.76675,0.76807,0.76840,0.77465,0.76675,0.31221,0.31122,0.31155,0.31287,0.31254,0.08757,0.09152,0.08955,0.09448,0.09218,-55.38101,-3994.00000
0.77267,0.76906,0.77103,0.77070,0.76544,0.30991,0.31188,0.30826,0.31386,0.31418,0.09020,0.08922,0.08626,0.09119,0.08691,-55.38101,-3993.00000
0.76478,0.76675,0.76906,0.77169,0.77103,0.31451,0.30859,0.31057,0.31221,0.31024,0.09119,0.09020,0.08987,0.09020,0.08494,-55.16853,-3992.00000
0.77202,0.76840,0.75919,0.77333,0.76971,0.30794,0.31484,0.31287,0.31517,0.31353,0.08889,0.09086,0.08922,0.09152,0.08856,-55.16853,-3991.00000
0.77103,0.76906,0.77169,0.77267,0.76971,0.31221,0.31287,0.31320,0.31386,0.31057,0.09020,0.09218,0.08955,0.09316,0.09283,-55.58720,-3990.00000
0.76610,0.77070,0.77136,0.77169,0.76741,0.30958,0.31122,0.31386,0.31649,0.30958,0.09119,0.08724,0.08955,0.09119,0.09053,-55.58720,-3989.00000
0.76708,0.76708,0.76971,0.77235,0.76675,0.31649,0.31122,0.30859,0.31320,0.31221,0.09251,0.08593,0.08955,0.08823,0.09020,-55.83559,-3988.00000
0.76577,0.76610,0.77465,0.76511,0.77136,0.31451,0.31846,0.30925,0.30892,0.31682,0.08922,0.08856,0.09119,0.09086,0.08724,-55.83559,-3987.00000
0.76906,0.77004,0.76971,0.77169,0.77202,0.31122,0.31122,0.31057,0.31616,0.31287,0.09086,0.08922,0.09152,0.09020,0.08691,-55.43000,-3986.00000
0.76873,0.76149,0.76873,0.77070,0.76873,0.31386,0.30761,0.31254,0.31353,0.31155,0.08626,0.08823,0.09185,0.09119,0.09053,-55.43000,-3985.00000
0.77103,0.76774,0.76577,0.76182,0.76577,0.31024,0.31155,0.31254,0.31155,0.31550,0.08593,0.09020,0.09349,0.08987,0.08955,-56.03043,-3984.00000
0.76807,0.76215,0.77004,0.76708,0.76445,0.31320,0.31188,0.31484,0.31254,0.31254,0.08922,0.08823,0.08987,0.09020,0.09152,-56.03043,-3983.00000
0.76906,0.76610,0.76379,0.76445,0.76577,0.30991,0.30958,0.31057,0.31221,0.31320,0.08922,0.08987,0.09316,0.09349,0.09251,-55.71541,-3982.00000
0.76807,0.76807,0.76971,0.76708,0.76807,0.31484,0.31221,0.31090,0.30958,0.31122,0.08593,0.09020,0.09514,0.08691,0.09316,-55.71541,-3981.00000
0.76807,0.77136,0.76577,0.76906,0.76939,0.30728,0.31418,0.31550,0.31122,0.31287,0.08955,0.09152,0.08955,0.09053,0.09349,-55.95829,-3980.00000
0.76445,0.76182,0.76906,0.77235,0.76675,0.31155,0.31418,0.30826,0.30958,0.31616,0.09349,0.08560,0.08987,0.08955,0.08922,-55.95829,-3979.00000
0.76445,0.76577,0.76807,0.76807,0.76873,0.30826,0.31024,0.31221,0.31451,0.31287,0.09086,0.08823,0.08790,0.08955,0.08691,-56.12612,-3978.00000
0.76544,0.76445,0.76774,0.76379,0.76544,0.31122,0.31155,0.31320,0.31484,0.31254,0.08987,0.09185,0.08757,0.09053,0.09119,-56.12612,-3977.00000
0.76445,0.76511,0.77169,0.76610,0.77366,0.31188,0.31451,0.31024,0.31287,0.31583,0.08889,0.09086,0.09185,0.09020,0.08658,-56.36140,-3976.00000
0.76511,0.76939,0.76873,0.76643,0.76807,0.31221,0.31188,0.30794,0.31057,0.31188,0.09349,0.09152,0.08922,0.08823,0.08757,-56.36140,-3975.00000
0.77333,0.76511,0.77300,0.77004,0.76774,0.31221,0.31451,0.30925,0.31254,0.30892,0.08955,0.08790,0.09218,0.09119,0.09251,-55.50248,-3974.00000
0.77169,0.76840,0.76643,0.76906,0.77267,0.31287,0.31155,0.30892,0.31057,0.31386,0.09152,0.08856,0.08987,0.09382,0.09481,-55.50248,-3973.00000
0.76873,0.76840,0.76643,0.76478,0.76971,0.31188,0.31451,0.31386,0.31254,0.30794,0.08724,0.09218,0.09020,0.08955,0.08790,-55.25368,-3972.00000
0.77596,0.76774,0.76939,0.76511,0.76412,0.31813,0.31090,0.31155,0.31024,0.31155,0.08922,0.09283,0.09020,0.08691,0.09316,-55.25368,-3971.00000
0.77004,0.76939,0.76939,0.76577,0.77136,0.31484,0.31090,0.30958,0.31122,0.31122,0.09152,0.08987,0.09020,0.09218,0.08955,-54.80213,-3970.00000
0.76445,0.77235,0.77004,0.76610,0.76971,0.31057,0.31320,0.31353,0.31715,0.31353,0.09119,0.09119,0.09316,0.09053,0.09349,-54.80213,-3969.00000
0.77366,0.76379,0.76577,0.76314,0.76741,0.31320,0.31155,0.31122,0.30925,0.31122,0.08724,0.08987,0.09119,0.08922,0.09251,-54.82294,-3968.00000
0.77267,0.77136,0.76346,0.76708,0.77169,0.31353,0.31320,0.30761,0.30892,0.31550,0.09086,0.09086,0.09053,0.09086,0.08922,-54.82294,-3967.00000
0.77202,0.76807,0.77070,0.76412,0.76610,0.31353,0.31484,0.31024,0.31517,0.31024,0.08856,0.08955,0.08724,0.08823,0.09218,-55.80258,-3966.00000
0.77629,0.77169,0.77169,0.76741,0.76708,0.31583,0.31155,0.31682,0.31024,0.30761,0.08823,0.09349,0.09415,0.09119,0.08593,-55.80258,-3965.00000
0.77070,0.76873,0.76675,0.76906,0.76675,0.31254,0.31287,0.31353,0.31287,0.31517,0.08856,0.09119,0.08626,0.09119,0.09086,-55.93596,-3964.00000
0.76675,0.76774,0.76906,0.77498,0.77070,0.30925,0.31616,0.31254,0.30728,0.30958,0.09218,0.09415,0.08757,0.09152,0.08987,-55.93596,-3963.00000
0.76873,0.77037,0.76971,0.77267,0.77004,0.31057,0.31221,0.31287,0.31188,0.31090,0.09251,0.09185,0.09053,0.08856,0.09119,-55.98068,-3962.00000
0.76741,0.76708,0.76708,0.76807,0.76906,0.31353,0.31353,0.31451,0.31188,0.30859,0.08494,0.09185,0.08823,0.09218,0.09119,-55.98068,-3961.00000
0.77037,0.76248,0.76873,0.76939,0.76906,0.31451,0.30958,0.31155,0.31090,0.30728,0.08823,0.08593,0.09152,0.09020,0.09645,-55.67588,-3960.00000
0.76971,0.77498,0.76741,0.76840,0.77103,0.31386,0.31320,0.30563,0.31254,0.31155,0.09218,0.09349,0.09086,0.08790,0.08856,-55.67588,-3959.00000
0.76215,0.77366,0.76511,0.76445,0.77103,0.31484,0.30991,0.31287,0.31221,0.31122,0.09020,0.09020,0.08691,0.09251,0.09218,-55.74566,-3958.00000
0.76511,0.76708,0.76050,0.77070,0.76412,0.31484,0.31188,0.30498,0.31353,0.31320,0.08889,0.09218,0.08856,0.08823,0.08757,-55.74566,-3957.00000
0.77300,0.76379,0.77103,0.76544,0.76807,0.31287,0.31024,0.30925,0.30794,0.31386,0.09119,0.09053,0.08987,0.08724,0.08691,-55.60720,-3956.00000
0.77004,0.77004,0.76544,0.76708,0.77267,0.30991,0.31715,0.31024,0.31155,0.31386,0.09218,0.08987,0.09086,0.09218,0.08922,-55.60720,-3955.00000
0.76939,0.76774,0.76971,0.77267,0.76675,0.31451,0.31583,0.31057,0.31451,0.30991,0.09053,0.09185,0.09251,0.08987,0.09020,-56.34608,-3954.00000
0.76906,0.76445,0.76840,0.76971,0.76873,0.31616,0.31320,0.31024,0.31024,0.30794,0.08955,0.09152,0.09053,0.08889,0.09514,-56.34608,-3953.00000
0.76643,0.76939,0.76939,0.77202,0.76610,0.31320,0.31122,0.31221,0.31287,0.31386,0.08955,0.08856,0.08691,0.08330,0.09152,-55.56318,-3952.00000
0.76807,0.76248,0.76412,0.76774,0.77103,0.31386,0.31155,0.30826,0.31484,0.31122,0.08856,0.08856,0.09415,0.08724,0.08494,-55.56318,-3951.00000
0.76971,0.76741,0.76906,0.76149,0.76412,0.31254,0.31155,0.31550,0.31353,0.31057,0.08593,0.08724,0.08790,0.08856,0.09251,-55.71372,-3950.00000
0.76379,0.76478,0.77366,0.76774,0.76840,0.31024,0.30662,0.31057,0.30958,0.31484,0.09119,0.08757,0.09218,0.08823,0.09086,-55.71372,-3949.00000
0.76182,0.76971,0.76577,0.76939,0.76610,0.31090,0.30695,0.30925,0.31188,0.31024,0.08987,0.08593,0.09119,0.08823,0.09119,-55.18840,-3948.00000
0.76281,0.76610,0.76807,0.76807,0.76577,0.30892,0.31221,0.30794,0.31122,0.31221,0.08593,0.08724,0.08790,0.08889,0.08790,-55.18840,-3947.00000
0.76807,0.76544,0.76445,0.76281,0.76544,0.31122,0.31287,0.31320,0.30991,0.31090,0.09086,0.08955,0.08955,0.09086,0.09119,-55.75826,-3946.00000
0.76050,0.76379,0.76478,0.76971,0.76610,0.31057,0.31090,0.30925,0.30761,0.31254,0.09086,0.08987,0.09382,0.09086,0.08856,-55.75826,-3945.00000
0.76511,0.76445,0.76215,0.76248,0.76708,0.31090,0.30925,0.31155,0.30892,0.31057,0.09119,0.08856,0.09119,0.09053,0.09119,-55.96995,-3944.00000
0.77037,0.76906,0.76248,0.76050,0.77004,0.30925,0.31320,0.31188,0.31287,0.31155,0.08955,0.09020,0.08658,0.08790,0.09020,-55.96995,-3943.00000
0.76610,0.76116,0.76544,0.76774,0.76873,0.31155,0.31550,0.31386,0.31024,0.30728,0.09020,0.09415,0.08823,0.08955,0.08955,-55.67052,-3942.00000
0.76248,0.76939,0.76807,0.76544,0.76873,0.31484,0.30859,0.31254,0.31024,0.31320,0.08724,0.08856,0.08658,0.08823,0.09020,-55.67052,-3941.00000
0.76643,0.76478,0.76675,0.76412,0.76708,0.30925,0.31057,0.31550,0.30465,0.31155,0.08889,0.09382,0.08724,0.08987,0.09218,-56.04571,-3940.00000
0.76511,0.77235,0.77136,0.77037,0.76314,0.31024,0.30498,0.31090,0.31221,0.31090,0.09053,0.09349,0.08691,0.09316,0.08757,-56.04571,-3939.00000
0.76478,0.76379,0.76939,0.76873,0.76906,0.31122,0.30859,0.31254,0.30892,0.31122,0.09053,0.09020,0.09053,0.09086,0.08889,-55.83780,-3938.00000
0.76906,0.77103,0.76840,0.76412,0.76708,0.31090,0.30958,0.30662,0.31418,0.31320,0.08987,0.08955,0.09152,0.08724,0.09251,-55.83780,-3937.00000
0.76840,0.77070,0.77300,0.76906,0.76511,0.31057,0.30826,0.31813,0.31254,0.31024,0.08823,0.08593,0.09152,0.09086,0.09448,-55.44575,-3936.00000
0.76741,0.76774,0.76840,0.77169,0.76675,0.31353,0.31583,0.30728,0.31287,0.31188,0.09185,0.08856,0.08691,0.09119,0.08922,-55.44575,-3935.00000
0.76906,0.77103,0.76445,0.76478,0.76708,0.30958,0.31221,0.31287,0.31451,0.30892,0.09053,0.08987,0.08527,0.08724,0.09251,-55.69163,-3934.00000
0.76971,0.76840,0.76807,0.76478,0.76610,0.31090,0.31386,0.31155,0.31155,0.31221,0.08889,0.08823,0.08889,0.09152,0.09119,-55.69163,-3933.00000
0.76906,0.76939,0.76346,0.77235,0.76675,0.31057,0.31090,0.31155,0.31155,0.31122,0.08626,0.08889,0.08626,0.08955,0.08790,-56.42980,-3932.00000
0.76248,0.76774,0.77432,0.76807,0.76248,0.31188,0.31386,0.31254,0.30958,0.31122,0.08987,0.09086,0.08889,0.08823,0.08922,-56.42980,-3931.00000
0.76741,0.77070,0.76873,0.76939,0.76116,0.31386,0.31122,0.31254,0.30826,0.30794,0.08955,0.08494,0.08922,0.08922,0.08757,-55.64166,-3930.00000
0.76741,0.77399,0.76675,0.76544,0.76906,0.31188,0.31320,0.30958,0.31484,0.30925,0.09218,0.08626,0.08658,0.08955,0.08560,-55.64166,-3929.00000
0.76610,0.76050,0.76643,0.77037,0.76708,0.31287,0.31057,0.31320,0.31024,0.31254,0.08691,0.08987,0.08593,0.08790,0.08856,-55.75540,-3928.00000
0.76741,0.76643,0.76939,0.76478,0.76478,0.30925,0.30859,0.31155,0.31221,0.31188,0.08987,0.09053,0.09020,0.08987,0.09020,-55.75540,-3927.00000
0.76346,0.76675,0.76906,0.76577,0.77136,0.31188,0.30991,0.31155,0.31188,0.30333,0.08922,0.09020,0.08987,0.09251,0.08922,-56.19801,-3926.00000
0.76281,0.76675,0.76675,0.76840,0.76873,0.31353,0.31320,0.31287,0.31418,0.31353,0.09053,0.09053,0.08856,0.08560,0.08494,-56.19801,-3925.00000
0.76182,0.77004,0.77103,0.76314,0.76577,0.31418,0.30695,0.31188,0.31386,0.31254,0.08823,0.08165,0.09020,0.08823,0.08922,-56.22889,-3924.00000
0.76774,0.77399,0.76741,0.76182,0.76807,0.30958,0.31188,0.31090,0.30794,0.31024,0.09218,0.08658,0.09053,0.08593,0.09086,-56.22889,-3923.00000
0.77004,0.76708,0.76971,0.77037,0.76478,0.31221,0.30925,0.30826,0.31254,0.31057,0.08987,0.08955,0.09119,0.08757,0.08922,-56.11005,-3922.00000
0.76741,0.76511,0.77004,0.76675,0.76675,0.31320,0.31122,0.31320,0.31188,0.30958,0.08757,0.08856,0.09218,0.08757,0.09020,-56.11005,-3921.00000
0.76610,0.76412,0.76906,0.76281,0.76478,0.31024,0.30826,0.30826,0.30958,0.30695,0.09020,0.08955,0.08889,0.08987,0.08527,-56.12143,-3920.00000
0.76774,0.76577,0.76544,0.77169,0.76116,0.31122,0.31451,0.31386,0.31287,0.30958,0.09086,0.08790,0.09415,0.09020,0.09218,-56.12143,-3919.00000
0.76708,0.77267,0.76873,0.76774,0.76873,0.31057,0.30892,0.30826,0.31057,0.31057,0.09185,0.08823,0.08922,0.08889,0.08856,-56.22966,-3918.00000
0.76906,0.77563,0.76708,0.76379,0.77004,0.30925,0.31024,0.31122,0.31616,0.31024,0.08856,0.09283,0.09053,0.08823,0.08987,-56.22966,-3917.00000
0.76643,0.76708,0.76643,0.76807,0.76445,0.30991,0.31024,0.30991,0.31024,0.31320,0.08724,0.09218,0.08593,0.08987,0.08987,-56.25936,-3916.00000
0.76182,0.75623,0.76971,0.77366,0.76643,0.30794,0.31090,0.31057,0.30859,0.31155,0.09579,0.08922,0.09152,0.08987,0.09086,-56.25936,-3915.00000
0.76873,0.76971,0.76873,0.76478,0.76873,0.31254,0.31155,0.31254,0.31386,0.31057,0.08823,0.09185,0.08724,0.09020,0.09283,-55.21952,-3914.00000
0.75919,0.76379,0.76741,0.76906,0.77333,0.31287,0.31057,0.30958,0.31024,0.30859,0.08955,0.09218,0.09251,0.08823,0.09086,-55.21952,-3913.00000
0.76906,0.77202,0.76281,0.76248,0.76544,0.31155,0.30794,0.31024,0.31221,0.31418,0.08823,0.09119,0.08658,0.09251,0.08757,-55.50283,-3912.00000
0.76741,0.76971,0.76774,0.76346,0.76248,0.31188,0.30892,0.31320,0.31122,0.31221,0.08922,0.09316,0.08790,0.09481,0.08955,-55.50283,-3911.00000
0.76873,0.76610,0.76346,0.76511,0.76939,0.31155,0.31057,0.30794,0.31122,0.30761,0.08856,0.09448,0.09119,0.08823,0.08856,-55.55171,-3910.00000
0.76478,0.75656,0.76445,0.77037,0.76346,0.31090,0.30859,0.31353,0.31188,0.30925,0.08823,0.08955,0.08757,0.09020,0.08955,-55.55171,-3909.00000
0.75952,0.76807,0.76412,0.77070,0.75853,0.30958,0.31057,0.30794,0.31221,0.31320,0.09020,0.08856,0.09283,0.08889,0.08856,-55.41746,-3908.00000
0.77202,0.76149,0.76906,0.76675,0.76116,0.30695,0.31057,0.31188,0.31057,0.30925,0.08922,0.09053,0.08823,0.09020,0.09086,-55.41746,-3907.00000
0.76478,0.76215,0.76741,0.76675,0.76840,0.31353,0.31320,0.31287,0.30925,0.31024,0.08856,0.09152,0.08889,0.09020,0.09185,-55.89476,-3906.00000
0.77169,0.77169,0.76544,0.76445,0.77004,0.30794,0.30958,0.31254,0.31320,0.31024,0.09218,0.08461,0.09152,0.09053,0.08626,-55.89476,-3905.00000
0.76741,0.77037,0.76971,0.77169,0.77136,0.31451,0.31583,0.30958,0.31057,0.31451,0.09251,0.09185,0.08724,0.09086,0.08560,-55.61096,-3904.00000
0.76675,0.77300,0.76906,0.76840,0.77070,0.30991,0.31484,0.31155,0.31254,0.31353,0.08757,0.08955,0.08987,0.08955,0.08922,-55.61096,-3903.00000
0.76511,0.76708,0.76807,0.76840,0.76971,0.31254,0.31122,0.31386,0.31090,0.31254,0.08724,0.08790,0.08889,0.08823,0.08757,-55.26642,-3902.00000
0.76478,0.76610,0.76939,0.76511,0.77300,0.31024,0.31320,0.30826,0.30859,0.30958,0.08889,0.09086,0.09053,0.09218,0.08955,-55.26642,-3901.00000
0.76807,0.77300,0.76248,0.77070,0.77202,0.31024,0.31057,0.31024,0.30925,0.31057,0.09415,0.08889,0.08757,0.09119,0.09086,-55.94864,-3900.00000
0.76840,0.76708,0.76939,0.76379,0.76741,0.31024,0.30892,0.31090,0.31386,0.31254,0.08856,0.08823,0.08987,0.09020,0.08691,-55.94864,-3899.00000
0.77169,0.76248,0.76840,0.76939,0.77070,0.31024,0.31320,0.31484,0.31550,0.31353,0.09316,0.08955,0.08889,0.09185,0.09185,-55.47188,-3898.00000
0.76906,0.76906,0.77695,0.77037,0.76971,0.31649,0.30826,0.31057,0.31221,0.31122,0.09283,0.09053,0.08790,0.09020,0.08691,-55.47188,-3897.00000
0.76971,0.76610,0.76906,0.76774,0.76774,0.31353,0.31024,0.30892,0.31484,0.31122,0.09218,0.09251,0.09053,0.08757,0.08955,-56.11729,-3896.00000
0.76675,0.76774,0.76610,0.76610,0.76939,0.31254,0.31386,0.31418,0.31122,0.31386,0.08987,0.09349,0.08724,0.08658,0.09119,-56.11729,-3895.00000
0.76675,0.76840,0.76741,0.77333,0.76708,0.31024,0.30892,0.31024,0.31024,0.30859,0.08922,0.08856,0.09152,0.09119,0.09119,-55.42925,-3894.00000
0.76840,0.76577,0.76412,0.77004,0.76675,0.30859,0.31090,0.30563,0.31451,0.31320,0.08922,0.08330,0.09218,0.09053,0.08922,-55.42925,-3893.00000
0.76807,0.76215,0.76807,0.76544,0.76445,0.31353,0.30892,0.30958,0.31320,0.31057,0.09053,0.09020,0.08691,0.08889,0.08790,-54.75320,-3892.00000
0.76544,0.76511,0.76675,0.76511,0.77531,0.31550,0.31221,0.31090,0.31287,0.30892,0.09152,0.08790,0.08823,0.09086,0.08691,-54.75320,-3891.00000
0.76412,0.76346,0.76215,0.76840,0.76149,0.31616,0.31386,0.31254,0.30925,0.31122,0.08856,0.08955,0.08691,0.08856,0.09020,-55.31605,-3890.00000
0.77366,0.76840,0.76511,0.76577,0.76478,0.31386,0.31090,0.30991,0.31155,0.31221,0.08856,0.08823,0.08856,0.08593,0.08626,-55.31605,-3889.00000
0.76577,0.76840,0.77235,0.76873,0.76511,0.31254,0.31090,0.31484,0.30958,0.31057,0.09086,0.09020,0.09251,0.08922,0.09053,-55.32404,-3888.00000
0.76807,0.76873,0.77169,0.76741,0.77037,0.30794,0.31057,0.30695,0.31090,0.31221,0.09119,0.08823,0.08889,0.09119,0.08922,-55.32404,-3887.00000
0.76708,0.77235,0.76445,0.76379,0.76873,0.30991,0.31517,0.31188,0.31451,0.31353,0.09185,0.09086,0.09612,0.08593,0.08724,-55.11563,-3886.00000
0.76906,0.77004,0.76873,0.76873,0.76610,0.30991,0.31386,0.31188,0.31583,0.30794,0.09119,0.09514,0.09251,0.08922,0.09283,-55.11563,-3885.00000
0.77070,0.76939,0.77136,0.77103,0.76544,0.31057,0.31386,0.30925,0.31386,0.31090,0.08922,0.08757,0.08856,0.08987,0.08856,-55.23848,-3884.00000
0.76412,0.76708,0.76774,0.76774,0.76478,0.31122,0.31287,0.31057,0.31287,0.31090,0.09053,0.08856,0.08955,0.09053,0.09218,-55.23848,-3883.00000
0.76314,0.77136,0.76182,0.76412,0.76708,0.30826,0.31386,0.31122,0.31451,0.30925,0.08658,0.09086,0.08955,0.09086,0.08691,-55.09239,-3882.00000
0.76577,0.76544,0.76314,0.77037,0.77728,0.31353,0.31386,0.31155,0.30925,0.31155,0.08724,0.08955,0.09152,0.08593,0.08922,-55.09239,-3881.00000
0.75886,0.76577,0.76248,0.76412,0.76906,0.31188,0.31090,0.31353,0.30925,0.30925,0.08955,0.09251,0.08691,0.08658,0.08856,-55.50762,-3880.00000
0.76478,0.76610,0.76577,0.76610,0.76873,0.31418,0.31320,0.30892,0.31188,0.31320,0.08955,0.09152,0.08856,0.08691,0.09349,-55.50762,-3879.00000
0.76379,0.76445,0.76906,0.76445,0.75787,0.31090,0.31484,0.30662,0.31122,0.31320,0.08757,0.09119,0.08922,0.09152,0.08823,-54.63857,-3878.00000
0.77004,0.76544,0.77136,0.76675,0.76577,0.31221,0.31188,0.30859,0.31418,0.30892,0.09020,0.09119,0.09316,0.09218,0.08823,-54.63857,-3877.00000
0.76643,0.76248,0.76248,0.76478,0.77070,0.31221,0.30859,0.30695,0.31287,0.31550,0.08691,0.09185,0.09185,0.09020,0.08922,-54.89009,-3876.00000
0.76478,0.75787,0.76314,0.76675,0.76281,0.30925,0.31353,0.31057,0.30892,0.31484,0.08461,0.08987,0.08593,0.08560,0.08823,-54.89009,-3875.00000
0.75919,0.76939,0.77136,0.76708,0.76544,0.31155,0.30991,0.31254,0.30991,0.30892,0.09382,0.08922,0.08856,0.09086,0.09382,-55.58958,-3874.00000
0.76577,0.76281,0.76478,0.76445,0.76807,0.30761,0.30991,0.31057,0.31155,0.30761,0.09020,0.08955,0.08724,0.09020,0.08757,-55.58958,-3873.00000
0.76577,0.76412,0.76511,0.76708,0.76971,0.31155,0.30925,0.31155,0.31353,0.31386,0.08856,0.09053,0.09020,0.09020,0.08823,-55.09703,-3872.00000
0.77169,0.76708,0.76116,0.77235,0.76248,0.31418,0.30991,0.31616,0.31254,0.31155,0.09185,0.08790,0.08823,0.09152,0.08922,-55.09703,-3871.00000
0.76840,0.76379,0.76379,0.77136,0.76379,0.31057,0.31024,0.30892,0.30859,0.31649,0.09086,0.09119,0.08691,0.09185,0.09119,-56.17889,-3870.00000
0.76643,0.76675,0.77037,0.76281,0.76379,0.31090,0.31090,0.31451,0.31188,0.31057,0.08823,0.08724,0.08987,0.08790,0.08889,-56.17889,-3869.00000
0.76544,0.76708,0.76840,0.75754,0.76281,0.31155,0.31418,0.31254,0.31090,0.31155,0.08658,0.09020,0.08691,0.08757,0.08757,-56.00692,-3868.00000
0.76412,0.77300,0.76050,0.76675,0.76314,0.31353,0.31024,0.31254,0.30794,0.30892,0.09053,0.08790,0.08658,0.09086,0.08790,-56.00692,-3867.00000
0.76182,0.76774,0.76018,0.76643,0.76544,0.31024,0.30925,0.31451,0.30794,0.30563,0.09218,0.08889,0.08955,0.08658,0.09152,-55.31303,-3866.00000
0.77202,0.76116,0.76577,0.76807,0.77169,0.31188,0.30563,0.31122,0.31122,0.30530,0.08955,0.09152,0.08922,0.09382,0.08955,-55.31303,-3865.00000
0.76774,0.76643,0.76478,0.76741,0.76018,0.31418,0.30596,0.30892,0.31090,0.30761,0.08856,0.08955,0.09349,0.09020,0.08922,-55.41531,-3864.00000
0.76412,0.76873,0.76511,0.77070,0.76281,0.31024,0.31090,0.31353,0.31122,0.30925,0.09119,0.09152,0.08593,0.08823,0.08264,-55.41531,-3863.00000
0.77169,0.76281,0.76314,0.76643,0.76346,0.30991,0.31188,0.30695,0.31517,0.31057,0.08823,0.08856,0.09152,0.08823,0.08889,-55.30775,-3862.00000
0.76445,0.76840,0.76741,0.76610,0.76248,0.30761,0.30892,0.31451,0.31221,0.30991,0.08955,0.08922,0.09053,0.08658,0.08823,-55.30775,-3861.00000
0.76116,0.76971,0.76741,0.75853,0.76675,0.31320,0.30991,0.31320,0.31122,0.30892,0.09053,0.08560,0.08987,0.09020,0.09086,-55.47614,-3860.00000
0.76840,0.76577,0.76708,0.76511,0.76346,0.30629,0.30629,0.31254,0.30662,0.31386,0.08724,0.08724,0.08494,0.08724,0.09020,-55.47614,-3859.00000
0.76774,0.75952,0.76708,0.76346,0.77235,0.31122,0.31155,0.30859,0.31057,0.30761,0.08856,0.08658,0.09086,0.08987,0.08922,-55.77518,-3858.00000
0.76412,0.76577,0.76741,0.76511,0.75787,0.31057,0.30826,0.31254,0.30794,0.31353,0.08658,0.08823,0.09086,0.08626,0.09448,-55.77518,-3857.00000
0.76379,0.76906,0.76971,0.76182,0.76906,0.31155,0.31057,0.31024,0.30958,0.30695,0.08823,0.09020,0.08823,0.08757,0.08724,-55.57558,-3856.00000
0.77004,0.76083,0.76643,0.76215,0.77202,0.31155,0.31057,0.30761,0.31122,0.30892,0.09053,0.08987,0.08757,0.08987,0.08987,-55.57558,-3855.00000
0.76346,0.76774,0.76971,0.76248,0.76873,0.31517,0.31254,0.31418,0.31122,0.30826,0.08790,0.08856,0.08658,0.09119,0.08823,-55.26093,-3854.00000
0.76807,0.76544,0.76248,0.77169,0.76643,0.31221,0.31221,0.30892,0.31122,0.30826,0.08856,0.09020,0.09053,0.08922,0.08658,-55.26093,-3853.00000
0.76873,0.76643,0.75985,0.76675,0.76412,0.31221,0.30991,0.31155,0.31616,0.31090,0.09020,0.09283,0.09218,0.08987,0.09316,-56.05088,-3852.00000
0.76971,0.77136,0.76774,0.76610,0.77629,0.31320,0.31320,0.31188,0.30892,0.31122,0.08823,0.08790,0.08987,0.08856,0.08922,-56.05088,-3851.00000
0.76643,0.76741,0.76643,0.76478,0.77004,0.31221,0.31320,0.31254,0.31287,0.31353,0.09053,0.08823,0.08987,0.09053,0.09251,-56.18462,-3850.00000
0.76939,0.76675,0.76412,0.76643,0.77267,0.31122,0.30925,0.30530,0.31846,0.31122,0.08889,0.08560,0.08987,0.08823,0.09316,-56.18462,-3849.00000
0.76412,0.77169,0.77366,0.76807,0.76741,0.31254,0.31221,0.31221,0.30826,0.31418,0.08987,0.08889,0.08658,0.08757,0.08889,-55.79983,-3848.00000
0.76840,0.77267,0.76182,0.76577,0.76643,0.31254,0.30826,0.31188,0.30859,0.30958,0.09218,0.08955,0.09119,0.08987,0.09020,-55.79983,-3847.00000
0.77070,0.76149,0.76873,0.76610,0.76445,0.30958,0.31122,0.31484,0.31188,0.30728,0.08560,0.08889,0.08658,0.09020,0.09283,-55.64161,-3846.00000
0.77300,0.75985,0.76807,0.76840,0.76478,0.31287,0.31320,0.31221,0.31517,0.31287,0.08922,0.08560,0.09086,0.08724,0.08757,-55.64161,-3845.00000
0.76675,0.77070,0.76643,0.76445,0.76544,0.31188,0.31090,0.31320,0.31484,0.31155,0.08889,0.08889,0.09152,0.08658,0.08889,-55.44532,-3844.00000
0.76774,0.76182,0.76577,0.76906,0.76511,0.31057,0.30958,0.31386,0.31254,0.30892,0.08494,0.08724,0.08790,0.08856,0.09185,-55.44532,-3843.00000
0.76774,0.76412,0.76379,0.76741,0.76840,0.31221,0.31418,0.31254,0.31550,0.31418,0.09415,0.08626,0.08856,0.08823,0.09119,-55.26905,-3842.00000
0.76412,0.76412,0.76281,0.76050,0.76511,0.31221,0.31122,0.31024,0.31155,0.31024,0.08856,0.09185,0.08626,0.09020,0.08560,-55.26905,-3841.00000
0.76050,0.76939,0.77004,0.76379,0.76840,0.31090,0.30958,0.30859,0.30925,0.31122,0.08922,0.08691,0.09020,0.08889,0.08395,-54.80493,-3840.00000
0.76774,0.76643,0.76643,0.76675,0.76478,0.30892,0.30958,0.30892,0.31287,0.30859,0.08987,0.08922,0.09218,0.08889,0.09481,-54.80493,-3839.00000
0.76675,0.76445,0.76939,0.76511,0.76544,0.30892,0.31090,0.31090,0.31188,0.30991,0.09053,0.08823,0.09086,0.08691,0.09382,-55.75696,-3838.00000
0.76248,0.76346,0.76445,0.76083,0.77070,0.31024,0.30991,0.30826,0.30892,0.30629,0.08593,0.09119,0.09382,0.08889,0.08790,-55.75696,-3837.00000
0.76939,0.76346,0.76873,0.76281,0.77070,0.31122,0.31090,0.31287,0.31090,0.31090,0.08823,0.08955,0.09185,0.09086,0.08955,-56.41608,-3836.00000
0.76643,0.76314,0.76215,0.76182,0.77103,0.31221,0.31024,0.30826,0.30892,0.30991,0.08658,0.09053,0.08922,0.08856,0.08658,-56.41608,-3835.00000
0.76314,0.75919,0.76708,0.76675,0.76314,0.31715,0.30991,0.31057,0.31353,0.31122,0.08856,0.08757,0.08823,0.08922,0.08987,-55.92288,-3834.00000
0.75985,0.76906,0.76083,0.76577,0.76807,0.30761,0.31254,0.30892,0.30958,0.30629,0.09119,0.08724,0.08790,0.08955,0.08955,-55.92288,-3833.00000
0.76445,0.76708,0.76445,0.76281,0.76314,0.31583,0.31287,0.31024,0.31155,0.31221,0.08889,0.08987,0.09152,0.08856,0.09086,-56.63332,-3832.00000
0.76741,0.76544,0.76807,0.76083,0.76478,0.31155,0.31517,0.30826,0.31057,0.31715,0.08987,0.08889,0.08757,0.08626,0.09218,-56.63332,-3831.00000
0.76741,0.76346,0.76346,0.76314,0.76445,0.31517,0.31287,0.31024,0.31122,0.30892,0.08823,0.08856,0.09218,0.08889,0.09119,-56.49293,-3830.00000
0.76675,0.76445,0.76445,0.76182,0.76610,0.31583,0.30794,0.31353,0.31155,0.30892,0.08560,0.08593,0.08823,0.09086,0.08658,-56.49293,-3829.00000
0.76445,0.77136,0.76314,0.76314,0.77235,0.31353,0.31287,0.31057,0.31155,0.31090,0.08823,0.08757,0.08658,0.08889,0.09020,-56.19324,-3828.00000
0.76116,0.75853,0.76215,0.76083,0.76971,0.30892,0.31320,0.30530,0.31221,0.30662,0.09185,0.08856,0.08922,0.09086,0.09020,-56.19324,-3827.00000
0.76675,0.76774,0.76511,0.76478,0.76346,0.31155,0.30826,0.31221,0.31057,0.31353,0.08790,0.08922,0.08856,0.08823,0.08790,-56.07514,-3826.00000
0.76906,0.76379,0.76379,0.76708,0.76281,0.31320,0.31155,0.31287,0.30794,0.30695,0.09119,0.08823,0.09053,0.08527,0.08955,-56.07514,-3825.00000
0.76675,0.77103,0.76577,0.76116,0.76346,0.31386,0.31451,0.31353,0.31386,0.30859,0.08856,0.09086,0.08724,0.08560,0.08889,-55.73044,-3824.00000
0.76577,0.76807,0.77037,0.76675,0.76018,0.30728,0.31122,0.31188,0.30826,0.30958,0.08658,0.08823,0.09185,0.08790,0.08856,-55.73044,-3823.00000
0.76412,0.76577,0.76544,0.76281,0.76577,0.31221,0.31090,0.30465,0.31386,0.31122,0.08922,0.08889,0.08790,0.09185,0.09152,-55.39940,-3822.00000
0.76116,0.76149,0.76708,0.76544,0.76149,0.31024,0.31484,0.30892,0.31287,0.31320,0.09119,0.08823,0.09152,0.08823,0.08658,-55.39940,-3821.00000
0.76511,0.76708,0.76116,0.76577,0.76643,0.30991,0.31188,0.31287,0.31155,0.31057,0.09053,0.08593,0.08626,0.08955,0.08691,-55.36083,-3820.00000
0.76807,0.76116,0.76774,0.76314,0.76610,0.31517,0.31254,0.31221,0.31386,0.31418,0.09020,0.09020,0.08856,0.09119,0.08626,-55.36083,-3819.00000
0.76840,0.76741,0.76971,0.76050,0.76281,0.30892,0.30662,0.31517,0.30925,0.31188,0.08724,0.08823,0.08922,0.08461,0.09316,-55.38794,-3818.00000
0.76544,0.76314,0.76741,0.76050,0.76314,0.30991,0.31221,0.30761,0.31418,0.31484,0.08922,0.08724,0.08856,0.08856,0.09053,-55.38794,-3817.00000
0.75919,0.76215,0.76248,0.76445,0.75886,0.31320,0.30958,0.31451,0.31155,0.31155,0.09053,0.09119,0.09086,0.09119,0.08922,-55.97766,-3816.00000
0.76182,0.76643,0.76511,0.76018,0.76149,0.31155,0.30892,0.31188,0.30991,0.30991,0.09053,0.09283,0.08889,0.08790,0.08593,-55.97766,-3815.00000
0.75919,0.76281,0.76379,0.76379,0.76840,0.30958,0.30530,0.31386,0.30596,0.30991,0.08823,0.09185,0.08724,0.09053,0.09152,-56.00885,-3814.00000
0.76577,0.76314,0.76741,0.77399,0.76412,0.30498,0.30826,0.30498,0.30432,0.31024,0.08856,0.08626,0.08494,0.09053,0.09086,-56.00885,-3813.00000
0.76445,0.76314,0.77037,0.76281,0.76018,0.31747,0.30662,0.31287,0.31188,0.31122,0.08987,0.08560,0.09218,0.09020,0.08724,-55.92191,-3812.00000
0.76708,0.76346,0.76807,0.76314,0.77037,0.31188,0.31254,0.30958,0.31353,0.31254,0.09119,0.08593,0.08724,0.09152,0.08626,-55.92191,-3811.00000
0.76511,0.76741,0.76544,0.76643,0.76741,0.31221,0.30958,0.31057,0.30925,0.31353,0.08658,0.08362,0.08987,0.09185,0.08757,-56.09328,-3810.00000
0.75952,0.76281,0.76544,0.76215,0.76643,0.31090,0.31254,0.30892,0.30794,0.30596,0.08790,0.08922,0.08757,0.08889,0.08395,-56.09328,-3809.00000
0.76379,0.75623,0.76544,0.76643,0.76577,0.30728,0.31122,0.30794,0.31024,0.30925,0.08691,0.08790,0.08987,0.09119,0.08724,-55.68336,-3808.00000
0.75853,0.76577,0.76577,0.76544,0.76215,0.31090,0.31254,0.31320,0.30662,0.30892,0.08955,0.08724,0.08922,0.08461,0.08955,-55.68336,-3807.00000
0.76182,0.76610,0.76906,0.76215,0.76346,0.30892,0.31254,0.30991,0.31155,0.31155,0.09020,0.09053,0.08461,0.08955,0.08527,-55.25867,-3806.00000
0.76215,0.76346,0.76379,0.76610,0.76478,0.31616,0.30563,0.30892,0.30794,0.30991,0.08823,0.09349,0.08658,0.08626,0.08987,-55.25867,-3805.00000
0.76018,0.77004,0.76379,0.76182,0.76149,0.31188,0.31221,0.31024,0.31122,0.31287,0.08856,0.08757,0.08823,0.08790,0.09086,-55.94721,-3804.00000
0.76314,0.77004,0.76379,0.75820,0.76708,0.31024,0.31024,0.30991,0.31155,0.31682,0.08790,0.09053,0.09185,0.08856,0.08955,-55.94721,-3803.00000
0.76478,0.76840,0.76577,0.76544,0.76741,0.30958,0.30530,0.31353,0.31386,0.30958,0.08297,0.08724,0.08987,0.08987,0.08790,-56.72360,-3802.00000
0.76741,0.76248,0.76708,0.77103,0.77235,0.31320,0.31221,0.31122,0.30695,0.30728,0.08889,0.08955,0.08691,0.08823,0.09053,-56.72360,-3801.00000
0.77235,0.76412,0.76643,0.77169,0.76544,0.30826,0.31517,0.30958,0.30530,0.30859,0.09053,0.09020,0.08757,0.09053,0.08658,-56.55516,-3800.00000
0.76610,0.76577,0.76939,0.76379,0.76346,0.31122,0.31122,0.30859,0.31451,0.31418,0.09218,0.08658,0.08889,0.09119,0.08757,-56.55516,-3799.00000
0.75919,0.76971,0.76939,0.76708,0.76379,0.30794,0.30761,0.31254,0.30991,0.30761,0.09349,0.08593,0.08889,0.08691,0.09152,-56.01684,-3798.00000
0.76643,0.76741,0.76281,0.76971,0.76346,0.30991,0.31418,0.30892,0.31386,0.31122,0.08790,0.09218,0.08922,0.08757,0.08955,-56.01684,-3797.00000
0.76643,0.76379,0.77267,0.76215,0.77103,0.30991,0.30892,0.31287,0.30662,0.30728,0.08955,0.08856,0.08626,0.08856,0.08757,-55.55969,-3796.00000
0.76643,0.76314,0.76050,0.76873,0.76807,0.31057,0.31616,0.30991,0.31517,0.31320,0.09020,0.08987,0.08889,0.08987,0.08823,-55.55969,-3795.00000
0.76379,0.76215,0.76610,0.76018,0.76412,0.31484,0.30761,0.31418,0.31057,0.31057,0.08856,0.08823,0.09119,0.08724,0.08955,-53.75885,-3794.00000
0.76149,0.76873,0.76741,0.76774,0.76774,0.30925,0.31221,0.30958,0.31188,0.31386,0.08790,0.09218,0.08987,0.09152,0.08527,-53.75885,-3793.00000
0.76248,0.76445,0.76708,0.76182,0.76281,0.31024,0.31122,0.30958,0.31122,0.30925,0.08922,0.08790,0.08955,0.09251,0.09645,-52.86819,-3792.00000
0.76840,0.76741,0.76314,0.76544,0.76149,0.31057,0.31188,0.31057,0.31320,0.31221,0.08987,0.08987,0.09020,0.09152,0.09415,-52.86819,-3791.00000
0.76807,0.76346,0.76314,0.76643,0.76807,0.31090,0.31418,0.31287,0.30794,0.30991,0.09251,0.09382,0.09415,0.08955,0.08691,-51.81496,-3790.00000
0.76478,0.77070,0.76511,0.76346,0.76248,0.31122,0.30892,0.30695,0.31090,0.30958,0.08823,0.08724,0.09218,0.08955,0.09185,-51.81496,-3789.00000
0.76610,0.76511,0.76971,0.76544,0.76577,0.30892,0.30596,0.30794,0.30728,0.31122,0.09152,0.08691,0.08856,0.08823,0.09316,-51.72047,-3788.00000
0.76971,0.76774,0.76675,0.76149,0.76346,0.30892,0.31057,0.30892,0.31484,0.31386,0.09152,0.08987,0.08889,0.08922,0.08790,-51.72047,-3787.00000
0.76116,0.77136,0.76379,0.76708,0.77070,0.30794,0.30958,0.31057,0.31057,0.31122,0.08691,0.09283,0.08889,0.09349,0.09251,-52.50818,-3786.00000
0.76478,0.77300,0.76379,0.76741,0.76939,0.31254,0.31254,0.31254,0.30925,0.31155,0.08724,0.09316,0.09086,0.09119,0.09448,-52.50818,-3785.00000
0.76281,0.76708,0.76412,0.76873,0.76281,0.30958,0.31221,0.31122,0.30958,0.31386,0.09185,0.09086,0.09119,0.09152,0.08955,-54.04218,-3784.00000
0.76741,0.77300,0.76610,0.76346,0.76708,0.30925,0.31451,0.30892,0.31616,0.30695,0.08922,0.08823,0.09086,0.09382,0.09053,-54.04218,-3783.00000
0.76675,0.76708,0.76708,0.76873,0.76807,0.31155,0.31057,0.31451,0.31188,0.31386,0.09053,0.09152,0.08955,0.08955,0.09185,-53.74960,-3782.00000
0.76741,0.77169,0.76939,0.77333,0.76577,0.30563,0.31780,0.31320,0.30596,0.31616,0.08790,0.09349,0.08790,0.09382,0.08955,-53.74960,-3781.00000
0.76610,0.76412,0.76511,0.76478,0.76675,0.30859,0.31122,0.30991,0.31978,0.31221,0.08987,0.08856,0.09086,0.08856,0.09053,-54.37480,-3780.00000
0.76544,0.76840,0.76708,0.76906,0.76708,0.31254,0.31418,0.31254,0.31287,0.31517,0.09053,0.08987,0.08823,0.09152,0.08757,-54.37480,-3779.00000
0.76708,0.76906,0.76412,0.76741,0.76807,0.31451,0.31978,0.31386,0.31155,0.31188,0.09218,0.08823,0.09185,0.08626,0.08856,-55.35635,-3778.00000
0.77169,0.76083,0.76544,0.77037,0.76873,0.31221,0.31057,0.31484,0.31155,0.31057,0.08856,0.08987,0.09020,0.08987,0.08856,-55.35635,-3777.00000
0.76445,0.77333,0.76445,0.76379,0.76971,0.30530,0.31090,0.30859,0.31221,0.31682,0.08922,0.09053,0.09020,0.09020,0.08955,-56.55513,-3776.00000
0.77563,0.76182,0.76807,0.76708,0.76774,0.31188,0.31254,0.31188,0.31221,0.31024,0.09283,0.09218,0.08955,0.09152,0.08987,-56.55513,-3775.00000
0.76741,0.76774,0.76906,0.76741,0.76708,0.30892,0.30892,0.31024,0.31057,0.30794,0.09086,0.09152,0.09185,0.09152,0.08856,-55.13791,-3774.00000
0.76939,0.76741,0.76412,0.77103,0.76774,0.30892,0.31386,0.31451,0.31451,0.31418,0.08922,0.08987,0.09152,0.08856,0.08955,-55.13791,-3773.00000
0.76445,0.77399,0.76544,0.76379,0.76807,0.31386,0.30991,0.30892,0.30761,0.31024,0.09086,0.08856,0.09218,0.09185,0.08955,-55.43761,-3772.00000
0.77136,0.76346,0.75886,0.76577,0.77169,0.31320,0.31024,0.31287,0.31320,0.30892,0.08362,0.08922,0.09119,0.08560,0.09152,-55.43761,-3771.00000
0.76675,0.76643,0.76346,0.76478,0.76478,0.30958,0.31122,0.31024,0.31221,0.31090,0.09185,0.08790,0.08922,0.08955,0.08593,-55.26763,-3770.00000
0.77432,0.76445,0.77136,0.76610,0.77333,0.31221,0.31583,0.30925,0.31122,0.31287,0.08922,0.08889,0.09053,0.09382,0.08790,-55.26763,-3769.00000
0.76643,0.76610,0.77169,0.76314,0.76774,0.31484,0.30826,0.30728,0.31386,0.31583,0.09119,0.09020,0.08955,0.08922,0.09020,-55.41458,-3768.00000
0.76708,0.76643,0.76281,0.76840,0.77235,0.31320,0.31287,0.30859,0.31221,0.31090,0.08724,0.08987,0.08922,0.08757,0.09053,-55.41458,-3767.00000
0.76675,0.76083,0.76577,0.77037,0.76675,0.31057,0.31155,0.31451,0.30958,0.31353,0.09086,0.08922,0.08955,0.08626,0.09086,-55.81520,-3766.00000
0.77169,0.76708,0.76774,0.77300,0.77892,0.31386,0.31090,0.31254,0.30859,0.30728,0.09185,0.08724,0.09152,0.08856,0.08889,-55.81520,-3765.00000
0.76610,0.76610,0.77004,0.76774,0.76577,0.31484,0.31320,0.31024,0.31780,0.31221,0.09283,0.08856,0.08724,0.09086,0.08724,-56.09119,-3764.00000
0.77202,0.76215,0.76906,0.76445,0.76050,0.31155,0.31057,0.31254,0.31320,0.31024,0.09251,0.08757,0.09020,0.08922,0.08889,-56.09119,-3763.00000
0.76346,0.76314,0.76314,0.76544,0.76314,0.31254,0.31155,0.31320,0.31386,0.31057,0.08724,0.08560,0.08790,0.08823,0.08856,-56.39765,-3762.00000
0.76873,0.77136,0.76840,0.76906,0.76281,0.30859,0.31386,0.31024,0.30695,0.30826,0.08823,0.08461,0.09152,0.09218,0.09053,-56.39765,-3761.00000
0.76281,0.76840,0.76314,0.75820,0.77004,0.31221,0.31287,0.30925,0.31024,0.30925,0.08987,0.08724,0.09020,0.08922,0.08757,-55.31308,-3760.00000
0.76675,0.76708,0.76643,0.76708,0.76807,0.30563,0.31188,0.31057,0.31386,0.30695,0.08724,0.09185,0.09020,0.08790,0.08626,-55.31308,-3759.00000
0.76708,0.76708,0.76445,0.76412,0.76939,0.31320,0.30991,0.31287,0.31057,0.31517,0.08724,0.08658,0.09152,0.09119,0.08955,-55.20293,-3758.00000
0.76577,0.76445,0.76346,0.76379,0.76610,0.30892,0.31057,0.30958,0.31090,0.31451,0.08889,0.08889,0.08757,0.08691,0.08494,-55.20293,-3757.00000
0.76610,0.76544,0.76675,0.76248,0.76906,0.31221,0.30728,0.30991,0.31122,0.30925,0.08823,0.08362,0.09152,0.09020,0.08593,-55.71914,-3756.00000
0.76873,0.76182,0.76050,0.76939,0.76741,0.30728,0.30859,0.30991,0.31024,0.31386,0.08790,0.08790,0.08955,0.09119,0.09152,-55.71914,-3755.00000
0.77004,0.76149,0.76675,0.77267,0.76643,0.31090,0.30925,0.31188,0.31418,0.31254,0.08560,0.08955,0.08428,0.08790,0.08823,-56.11396,-3754.00000
0.76083,0.76116,0.76577,0.76346,0.76215,0.30859,0.30794,0.30925,0.31583,0.30892,0.08757,0.08856,0.08790,0.08922,0.08922,-56.11396,-3753.00000
0.76511,0.76511,0.76774,0.76708,0.76248,0.30958,0.31090,0.31024,0.31024,0.31813,0.08724,0.08724,0.08527,0.09020,0.08955,-55.09067,-3752.00000
0.76248,0.76445,0.76149,0.77004,0.76774,0.31188,0.31221,0.30794,0.30958,0.31320,0.08560,0.08922,0.09349,0.08461,0.08626,-55.09067,-3751.00000
0.76873,0.76412,0.76906,0.76379,0.77169,0.30958,0.31155,0.31254,0.31024,0.31057,0.08593,0.08330,0.08823,0.08922,0.08494,-55.57024,-3750.00000
0.76281,0.76741,0.77037,0.76675,0.76182,0.31484,0.31451,0.30925,0.31057,0.30794,0.09086,0.09185,0.08823,0.08691,0.08790,-55.57024,-3749.00000
0.76379,0.76182,0.75985,0.76379,0.76971,0.30728,0.31386,0.30958,0.30826,0.30958,0.08922,0.08494,0.08593,0.08757,0.08691,-55.79293,-3748.00000
0.75820,0.76675,0.76050,0.76379,0.76248,0.30925,0.31057,0.30958,0.30859,0.31386,0.08955,0.08823,0.09053,0.08889,0.08494,-55.79293,-3747.00000
0.76018,0.76281,0.76807,0.76643,0.76675,0.30892,0.31155,0.30958,0.31057,0.31155,0.09086,0.08395,0.08724,0.08790,0.08757,-55.38182,-3746.00000
0.76610,0.76248,0.76445,0.76741,0.76478,0.30958,0.31155,0.30925,0.30859,0.31188,0.08790,0.08823,0.09053,0.08889,0.08790,-55.38182,-3745.00000
0.76281,0.77169,0.76577,0.76511,0.76478,0.31221,0.31090,0.31188,0.31057,0.30925,0.08987,0.08922,0.08691,0.08658,0.08626,-54.69774,-3744.00000
0.76906,0.76610,0.76281,0.76346,0.76774,0.31287,0.30695,0.30925,0.31090,0.30695,0.08527,0.08560,0.08955,0.09152,0.08494,-54.69774,-3743.00000
0.76906,0.76083,0.76741,0.76215,0.76346,0.30991,0.30695,0.30991,0.31090,0.31090,0.08691,0.08987,0.08987,0.09119,0.08724,-55.53491,-3742.00000
0.77136,0.76314,0.76873,0.77070,0.76643,0.30826,0.30826,0.31254,0.30761,0.31090,0.09086,0.08626,0.08955,0.08691,0.08987,-55.53491,-3741.00000
0.76544,0.76379,0.76412,0.76577,0.76478,0.30925,0.31090,0.31188,0.31155,0.31418,0.08922,0.08560,0.08922,0.08889,0.09152,-55.45300,-3740.00000
0.76314,0.76412,0.76478,0.76478,0.76083,0.31386,0.31287,0.31122,0.31353,0.31057,0.08955,0.08987,0.08494,0.08593,0.08461,-55.45300,-3739.00000
0.76708,0.76577,0.76478,0.76610,0.76610,0.31057,0.30958,0.31155,0.31090,0.31122,0.08593,0.08527,0.08856,0.09020,0.08790,-55.42914,-3738.00000
0.76610,0.76248,0.76840,0.76346,0.76412,0.31386,0.31221,0.31254,0.31221,0.30794,0.08428,0.08856,0.08823,0.08330,0.08691,-55.42914,-3737.00000
0.77070,0.75623,0.76346,0.77103,0.76149,0.31024,0.30892,0.31155,0.31024,0.31254,0.08757,0.08922,0.08987,0.08856,0.08823,-55.86154,-3736.00000
0.76281,0.76346,0.76511,0.76577,0.76511,0.31122,0.31418,0.31057,0.31254,0.31418,0.09218,0.09316,0.08658,0.08889,0.08461,-55.86154,-3735.00000
0.76544,0.77202,0.76675,0.76774,0.77366,0.30859,0.30826,0.31090,0.31649,0.31188,0.08955,0.08724,0.08823,0.08560,0.08790,-55.20860,-3734.00000
0.76741,0.76577,0.76314,0.76610,0.76643,0.30859,0.30892,0.31484,0.30761,0.31320,0.08856,0.08658,0.08757,0.08856,0.08889,-55.20860,-3733.00000
0.76379,0.76050,0.76149,0.77004,0.76379,0.31583,0.31353,0.31386,0.30991,0.31090,0.08757,0.08658,0.09053,0.09086,0.08560,-54.88457,-3732.00000
0.76873,0.76248,0.76248,0.76412,0.76971,0.31616,0.31188,0.31353,0.31254,0.31188,0.08593,0.08955,0.08757,0.08428,0.08428,-54.88457,-3731.00000
0.76281,0.76116,0.76379,0.77267,0.75820,0.31057,0.31057,0.31254,0.31287,0.30925,0.08987,0.09086,0.08724,0.08461,0.09053,-55.01553,-3730.00000
0.75886,0.76544,0.76215,0.76182,0.76643,0.31254,0.31254,0.31254,0.31386,0.30925,0.09251,0.08790,0.09218,0.09218,0.08757,-55.01553,-3729.00000
0.76675,0.76675,0.76610,0.76708,0.76971,0.31122,0.30958,0.31386,0.30826,0.31057,0.09283,0.08757,0.08757,0.08790,0.08757,-55.53023,-3728.00000
0.76807,0.76708,0.76116,0.76314,0.77202,0.30991,0.31090,0.31155,0.31550,0.31057,0.08724,0.08790,0.09119,0.08626,0.09020,-55.53023,-3727.00000
0.76675,0.76050,0.76511,0.76346,0.77202,0.30695,0.31122,0.30859,0.30826,0.30892,0.09020,0.09185,0.08757,0.08691,0.08987,-55.51169,-3726.00000
0.76445,0.75787,0.76741,0.76610,0.76840,0.30892,0.31155,0.31254,0.30794,0.30761,0.08955,0.08856,0.08494,0.08691,0.08461,-55.51169,-3725.00000
0.76116,0.76215,0.77004,0.76412,0.76971,0.31221,0.30892,0.31320,0.30892,0.30958,0.08955,0.09152,0.08724,0.08922,0.08724,-54.87499,-3724.00000
0.76610,0.76314,0.76248,0.76577,0.76643,0.31188,0.31221,0.30662,0.30859,0.30859,0.08461,0.08691,0.08823,0.09119,0.08856,-54.87499,-3723.00000
0.76445,0.76577,0.76939,0.76708,0.76379,0.31254,0.31320,0.30958,0.30695,0.30991,0.08790,0.08593,0.08790,0.08757,0.08658,-55.06689,-3722.00000
0.76511,0.76346,0.76610,0.76248,0.76018,0.31287,0.31122,0.31287,0.30892,0.30794,0.08987,0.08823,0.08724,0.08461,0.08790,-55.06689,-3721.00000
0.75985,0.76478,0.76741,0.76412,0.76314,0.31024,0.30892,0.31155,0.30991,0.30892,0.08593,0.09218,0.08922,0.08790,0.08856,-54.65014,-3720.00000
0.76708,0.76840,0.75853,0.75458,0.77300,0.30596,0.31090,0.31320,0.31057,0.30991,0.08724,0.08856,0.08757,0.08691,0.08987,-54.65014,-3719.00000
0.76182,0.75787,0.75787,0.76083,0.76215,0.31418,0.31221,0.31122,0.30695,0.30728,0.08757,0.08889,0.08823,0.08856,0.08658,-55.08630,-3718.00000
0.76675,0.76346,0.76215,0.76478,0.76445,0.31155,0.31057,0.31221,0.30892,0.31155,0.08626,0.08626,0.09119,0.08757,0.09119,-55.08630,-3717.00000
0.75623,0.76248,0.76314,0.76610,0.76215,0.30761,0.31353,0.31122,0.30761,0.30892,0.08823,0.09086,0.09382,0.08724,0.08922,-55.10663,-3716.00000
0.76149,0.76412,0.76116,0.76116,0.76577,0.31090,0.30629,0.31287,0.30761,0.30958,0.08856,0.09415,0.08922,0.08757,0.08757,-55.10663,-3715.00000
0.75919,0.76379,0.76774,0.76577,0.76675,0.31024,0.30826,0.30563,0.30991,0.31155,0.08922,0.08856,0.09020,0.08856,0.08494,-55.08749,-3714.00000
0.76577,0.76643,0.76478,0.76346,0.76741,0.30892,0.31057,0.31287,0.31122,0.31090,0.08922,0.09020,0.08494,0.09086,0.08724,-55.08749,-3713.00000
0.76018,0.76840,0.76314,0.76610,0.76511,0.31057,0.31024,0.30958,0.31484,0.31090,0.08856,0.08757,0.08691,0.08889,0.09119,-54.77763,-3712.00000
0.76149,0.76873,0.76906,0.76182,0.76511,0.30991,0.30991,0.31287,0.30859,0.31122,0.09152,0.09086,0.09053,0.08823,0.08790,-54.77763,-3711.00000
0.76215,0.76379,0.76445,0.76906,0.76840,0.31287,0.31057,0.31057,0.31122,0.30826,0.08560,0.08823,0.08856,0.09020,0.09349,-55.77749,-3710.00000
0.77070,0.76445,0.76774,0.76281,0.76643,0.31155,0.31353,0.31024,0.31122,0.30991,0.08790,0.09119,0.08724,0.09020,0.08823,-55.77749,-3709.00000
0.76774,0.76840,0.76708,0.76445,0.76116,0.31484,0.31418,0.31418,0.30761,0.31517,0.09152,0.09086,0.08955,0.08856,0.08823,-56.28474,-3708.00000
0.76971,0.76215,0.76379,0.77169,0.76643,0.30728,0.31155,0.31517,0.30991,0.31155,0.09053,0.09185,0.09020,0.08955,0.09185,-56.28474,-3707.00000
0.76248,0.76741,0.76971,0.77103,0.76248,0.31090,0.31188,0.31090,0.30859,0.31155,0.09152,0.08593,0.08658,0.08790,0.09152,-55.46659,-3706.00000
0.76708,0.77235,0.76478,0.76215,0.76182,0.31057,0.30629,0.31090,0.31090,0.31254,0.08889,0.09152,0.09020,0.08658,0.09283,-55.46659,-3705.00000
0.76445,0.76445,0.76971,0.75985,0.76675,0.30662,0.30958,0.31155,0.31221,0.31122,0.08658,0.08922,0.08922,0.09119,0.08987,-55.53603,-3704.00000
0.76708,0.76445,0.76643,0.76116,0.76511,0.31320,0.30925,0.31122,0.31057,0.31320,0.08691,0.08922,0.09053,0.09020,0.09185,-55.53603,-3703.00000
0.76445,0.77267,0.76116,0.76346,0.76939,0.30958,0.31320,0.31484,0.31090,0.31090,0.09086,0.09020,0.08856,0.09382,0.08856,-56.30073,-3702.00000
0.76675,0.77103,0.76807,0.76511,0.77596,0.31287,0.30826,0.30794,0.31155,0.31221,0.08790,0.08790,0.08790,0.08691,0.08724,-56.30073,-3701.00000
0.75919,0.76774,0.76083,0.76610,0.76610,0.31451,0.30498,0.30761,0.30925,0.31221,0.09119,0.08658,0.09119,0.08823,0.08724,-55.61374,-3700.00000
0.76116,0.76675,0.76577,0.77004,0.77103,0.31188,0.30826,0.31780,0.31484,0.31221,0.08856,0.08856,0.08790,0.08724,0.08889,-55.61374,-3699.00000
0.76445,0.76544,0.76873,0.76708,0.76577,0.30958,0.31057,0.31353,0.31517,0.31418,0.09053,0.08823,0.08823,0.09152,0.09283,-56.27855,-3698.00000
0.76511,0.77070,0.76708,0.76774,0.76840,0.31287,0.31287,0.31682,0.31451,0.31484,0.08856,0.08823,0.08658,0.08428,0.09152,-56.27855,-3697.00000
0.77070,0.76840,0.76939,0.75853,0.76478,0.30892,0.31188,0.31287,0.31122,0.31122,0.08790,0.08856,0.08823,0.08955,0.08987,-55.53430,-3696.00000
0.76577,0.76248,0.76577,0.76215,0.76379,0.31057,0.31451,0.30859,0.31353,0.31221,0.09415,0.08987,0.09645,0.08691,0.08691,-55.53430,-3695.00000
0.76445,0.76281,0.76379,0.76544,0.76445,0.31484,0.30761,0.30958,0.30958,0.31057,0.08823,0.08790,0.09053,0.08691,0.09086,-55.41851,-3694.00000
0.76050,0.76314,0.76248,0.76149,0.76675,0.30563,0.30794,0.31287,0.31254,0.31090,0.09020,0.09086,0.09020,0.08658,0.08461,-55.41851,-3693.00000
0.76445,0.75689,0.76675,0.76215,0.75820,0.31517,0.30892,0.31155,0.31024,0.31221,0.08955,0.08428,0.08856,0.08823,0.08626,-55.31912,-3692.00000
0.76412,0.76675,0.76610,0.76346,0.76379,0.31024,0.31254,0.31254,0.30991,0.31122,0.08593,0.08856,0.08461,0.09218,0.09349,-55.31912,-3691.00000
0.77037,0.77169,0.76511,0.76774,0.76215,0.31221,0.31057,0.31024,0.31155,0.31122,0.08790,0.08823,0.08626,0.08724,0.08823,-54.96181,-3690.00000
0.76083,0.76445,0.76577,0.76873,0.76774,0.30892,0.31122,0.31057,0.31353,0.31188,0.08757,0.08790,0.08889,0.09119,0.09119,-54.96181,-3689.00000
0.76445,0.76281,0.76445,0.76116,0.76281,0.30991,0.30761,0.30958,0.31484,0.30728,0.08889,0.08626,0.08987,0.08658,0.08691,-54.39985,-3688.00000
0.76478,0.76577,0.76511,0.75952,0.76248,0.30859,0.31287,0.30991,0.30826,0.30991,0.08691,0.09020,0.08856,0.08823,0.08494,-54.39985,-3687.00000
0.75458,0.76248,0.76741,0.75787,0.75919,0.31188,0.31616,0.30695,0.30958,0.30859,0.09349,0.08922,0.08922,0.08626,0.09185,-53.44504,-3686.00000
0.75754,0.76840,0.76774,0.76314,0.76675,0.30794,0.30991,0.31155,0.31122,0.30695,0.08922,0.08461,0.08823,0.09020,0.08461,-53.44504,-3685.00000
0.76182,0.76346,0.76018,0.76182,0.76511,0.31287,0.31122,0.31353,0.31287,0.31221,0.08724,0.09119,0.08560,0.09185,0.08757,-52.17906,-3684.00000
0.75886,0.76116,0.76018,0.76083,0.76412,0.30859,0.31155,0.30498,0.30761,0.31254,0.08494,0.08724,0.08889,0.08856,0.08856,-52.17906,-3683.00000
0.76281,0.76248,0.76182,0.76412,0.76116,0.31353,0.30596,0.31024,0.31386,0.31287,0.09053,0.08724,0.08560,0.08691,0.09152,-52.48846,-3682.00000
0.76083,0.76182,0.76577,0.76281,0.76511,0.30991,0.31122,0.31320,0.31122,0.30498,0.09316,0.08987,0.08889,0.08691,0.09283,-52.48846,-3681.00000
0.76050,0.76215,0.76116,0.76050,0.75754,0.30794,0.31451,0.30892,0.30925,0.30859,0.08987,0.08593,0.08823,0.09119,0.09053,-54.37411,-3680.00000
0.76314,0.77267,0.76346,0.76511,0.76445,0.31090,0.31353,0.31057,0.30925,0.30859,0.08987,0.09053,0.08922,0.08889,0.09185,-54.37411,-3679.00000
0.76018,0.76577,0.76741,0.76149,0.76314,0.31057,0.31254,0.31254,0.31287,0.31024,0.09053,0.08955,0.09119,0.08757,0.08790,-54.41850,-3678.00000
0.76346,0.76544,0.76511,0.76478,0.76675,0.30761,0.31122,0.31090,0.31188,0.31320,0.08691,0.08757,0.09185,0.08560,0.08626,-54.41850,-3677.00000
0.76314,0.76346,0.76445,0.76675,0.76281,0.30695,0.31254,0.31517,0.30333,0.30991,0.08922,0.08955,0.08922,0.08823,0.09053,-54.66531,-3676.00000
0.76314,0.76248,0.76873,0.76346,0.76116,0.30794,0.30991,0.30892,0.31484,0.31024,0.09119,0.08691,0.08955,0.08593,0.09251,-54.66531,-3675.00000
0.76610,0.76215,0.76610,0.76083,0.75919,0.30892,0.30859,0.31353,0.30826,0.30794,0.09053,0.08856,0.09152,0.08658,0.08330,-54.61537,-3674.00000
0.76314,0.76314,0.75853,0.76675,0.76215,0.31353,0.31353,0.31090,0.30958,0.30991,0.08955,0.09119,0.08790,0.09053,0.08560,-54.61537,-3673.00000
0.76281,0.76643,0.76379,0.76544,0.76774,0.30728,0.31057,0.30859,0.31024,0.31024,0.09020,0.08757,0.08691,0.08955,0.08889,-55.81110,-3672.00000
0.76215,0.76379,0.77004,0.75820,0.76643,0.31024,0.31353,0.30530,0.31451,0.31024,0.08428,0.08658,0.09316,0.08987,0.08724,-55.81110,-3671.00000
0.76544,0.76511,0.76774,0.76873,0.76774,0.31583,0.31188,0.31122,0.31122,0.30826,0.08560,0.08987,0.08757,0.08856,0.08757,-55.87186,-3670.00000
0.76050,0.76774,0.76577,0.76182,0.76511,0.30991,0.31418,0.31122,0.31090,0.30991,0.08691,0.08987,0.08987,0.08658,0.09185,-55.87186,-3669.00000
0.77366,0.75820,0.76346,0.76083,0.77070,0.31122,0.31451,0.31353,0.31122,0.30761,0.08856,0.08922,0.08724,0.09020,0.08790,-55.53359,-3668.00000
0.76379,0.76182,0.76083,0.76018,0.76281,0.30991,0.31221,0.31386,0.30991,0.31122,0.09053,0.09020,0.08790,0.08757,0.09086,-55.53359,-3667.00000
0.76346,0.76412,0.76478,0.76149,0.76774,0.30991,0.31155,0.30826,0.31583,0.30695,0.08823,0.09349,0.08823,0.08757,0.08889,-55.14228,-3666.00000
0.76478,0.76281,0.76741,0.76906,0.76215,0.30925,0.30892,0.30728,0.30958,0.31024,0.08527,0.09086,0.08724,0.08790,0.08790,-55.14228,-3665.00000
0.75985,0.75886,0.76182,0.76379,0.76248,0.31287,0.30728,0.30695,0.30563,0.31221,0.09152,0.08527,0.08889,0.08889,0.09316,-55.70346,-3664.00000
0.75952,0.76379,0.76675,0.76379,0.76544,0.30662,0.30958,0.30826,0.31353,0.30859,0.08461,0.09086,0.09415,0.09020,0.08987,-55.70346,-3663.00000
0.76412,0.75985,0.76478,0.75754,0.76149,0.31122,0.30892,0.30629,0.31090,0.31057,0.09152,0.09086,0.08691,0.08889,0.08593,-56.07683,-3662.00000
0.76511,0.76215,0.75623,0.76478,0.76050,0.31024,0.30859,0.30958,0.31122,0.31188,0.09053,0.08889,0.08527,0.09086,0.09020,-56.07683,-3661.00000
0.76379,0.76478,0.76741,0.76149,0.76346,0.31451,0.31155,0.31353,0.30596,0.30991,0.08790,0.09086,0.08987,0.08856,0.08395,-56.16342,-3660.00000
0.76643,0.76182,0.76511,0.76149,0.76149,0.30794,0.31090,0.30892,0.30826,0.31024,0.08757,0.09020,0.08987,0.08658,0.09448,-56.16342,-3659.00000
0.76215,0.76544,0.76511,0.76610,0.76149,0.31155,0.31057,0.31122,0.31484,0.31386,0.08922,0.08724,0.08955,0.08626,0.09152,-56.22136,-3658.00000
0.76379,0.75985,0.76116,0.76840,0.76182,0.30892,0.31353,0.30695,0.30826,0.30695,0.08955,0.08790,0.09119,0.08889,0.09086,-56.22136,-3657.00000
0.76478,0.76182,0.76379,0.75820,0.76083,0.31057,0.30794,0.31024,0.30498,0.31353,0.08691,0.08593,0.08955,0.08987,0.08724,-55.37874,-3656.00000
0.76314,0.76149,0.76412,0.76544,0.75853,0.31517,0.30826,0.31386,0.31221,0.31155,0.08790,0.09086,0.08790,0.08856,0.09053,-55.37874,-3655.00000
0.76083,0.76379,0.75985,0.76083,0.76018,0.30826,0.30925,0.30728,0.31024,0.31090,0.08922,0.08922,0.08724,0.08691,0.09053,-55.33097,-3654.00000
0.76445,0.75886,0.76412,0.76346,0.75952,0.30958,0.30662,0.30662,0.30563,0.30991,0.08658,0.08790,0.08955,0.09119,0.09053,-55.33097,-3653.00000
0.76314,0.76346,0.76412,0.75722,0.76116,0.31320,0.31254,0.30826,0.31320,0.30859,0.09086,0.08757,0.08790,0.09020,0.08757,-55.39498,-3652.00000
0.75952,0.76215,0.75754,0.76511,0.76314,0.30859,0.30892,0.30530,0.31221,0.31484,0.08724,0.08724,0.08494,0.08593,0.08955,-55.39498,-3651.00000
0.76610,0.76346,0.76314,0.76610,0.75952,0.31024,0.31188,0.30991,0.30662,0.31090,0.08955,0.08527,0.08922,0.08955,0.09053,-54.66038,-3650.00000
0.76281,0.75524,0.76281,0.76182,0.76445,0.31188,0.31024,0.31221,0.30892,0.31122,0.08626,0.08461,0.09086,0.08987,0.08757,-54.66038,-3649.00000
0.76807,0.76412,0.75458,0.76544,0.76840,0.30695,0.31024,0.30826,0.30991,0.30761,0.08691,0.08856,0.08823,0.08626,0.08922,-56.49767,-3648.00000
0.76708,0.76346,0.76643,0.76182,0.76116,0.31451,0.31221,0.30826,0.30761,0.30432,0.08691,0.09086,0.08626,0.08790,0.08527,-56.49767,-3647.00000
0.76939,0.76873,0.76478,0.76544,0.76412,0.31090,0.31188,0.30728,0.31090,0.31221,0.08691,0.08428,0.08889,0.08889,0.08428,-55.74151,-3646.00000
0.76840,0.76083,0.77202,0.76610,0.76478,0.30563,0.31287,0.31057,0.31122,0.30859,0.08889,0.08889,0.08593,0.09283,0.08987,-55.74151,-3645.00000
0.76610,0.76116,0.76577,0.76643,0.76675,0.30925,0.30826,0.31353,0.30892,0.31188,0.08922,0.08757,0.08790,0.09020,0.08691,-54.98501,-3644.00000
0.75952,0.76610,0.76083,0.76314,0.76018,0.31254,0.31188,0.30892,0.30859,0.31287,0.08626,0.08527,0.09086,0.08856,0.08889,-54.98501,-3643.00000
0.76675,0.76741,0.76511,0.76478,0.76182,0.31057,0.31090,0.31155,0.31024,0.31155,0.09020,0.08790,0.08691,0.08955,0.08691,-55.48079,-3642.00000
0.76544,0.76741,0.76708,0.76610,0.76050,0.31155,0.30826,0.30761,0.30859,0.31418,0.08757,0.08724,0.09119,0.09152,0.09218,-55.48079,-3641.00000
0.76708,0.76906,0.75524,0.76412,0.76379,0.31155,0.30991,0.31221,0.31155,0.30958,0.08823,0.08724,0.08987,0.08724,0.08955,-55.36246,-3640.00000
0.76643,0.76412,0.76346,0.76511,0.76807,0.30958,0.31320,0.30958,0.30925,0.31090,0.08955,0.09053,0.08691,0.09152,0.08889,-55.36246,-3639.00000
0.76840,0.76314,0.76050,0.75623,0.76379,0.31254,0.30826,0.31024,0.30563,0.31320,0.09053,0.08889,0.08889,0.08626,0.09119,-55.64510,-3638.00000
0.76412,0.76511,0.75787,0.76610,0.76577,0.31188,0.30991,0.30432,0.30596,0.30958,0.08691,0.08922,0.08724,0.08593,0.08724,-55.64510,-3637.00000
0.76346,0.76774,0.77004,0.76610,0.76840,0.31024,0.31155,0.30958,0.31122,0.30761,0.08790,0.09020,0.08955,0.08922,0.08757,-56.40165,-3636.00000
0.76248,0.77004,0.76248,0.76050,0.76346,0.30728,0.30794,0.30991,0.30563,0.31188,0.08757,0.09053,0.08691,0.08658,0.08889,-56.40165,-3635.00000
0.76807,0.76314,0.76577,0.76939,0.76116,0.31386,0.30991,0.31221,0.30892,0.30925,0.08790,0.08856,0.08691,0.09218,0.08724,-56.21596,-3634.00000
0.76018,0.76643,0.76116,0.76511,0.76281,0.31090,0.31188,0.30859,0.30826,0.31090,0.08560,0.08856,0.08955,0.08955,0.08560,-56.21596,-3633.00000
0.76182,0.75787,0.76511,0.76445,0.76643,0.31024,0.31057,0.31418,0.31254,0.30794,0.09020,0.09119,0.08560,0.08724,0.08823,-55.56648,-3632.00000
0.76412,0.76939,0.76379,0.76840,0.75919,0.30728,0.30333,0.30892,0.31188,0.31057,0.08691,0.08658,0.08757,0.08790,0.08856,-55.56648,-3631.00000
0.76018,0.76083,0.76643,0.76248,0.76774,0.30958,0.31221,0.30629,0.31484,0.30991,0.08527,0.08461,0.08856,0.08955,0.09152,-55.44681,-3630.00000
0.76018,0.76314,0.76346,0.76906,0.76610,0.30662,0.31320,0.30761,0.30629,0.30859,0.09086,0.09020,0.08856,0.09152,0.08955,-55.44681,-3629.00000
0.76774,0.76643,0.76314,0.76774,0.76675,0.30728,0.31057,0.31747,0.30761,0.31221,0.08560,0.09020,0.08560,0.08395,0.08691,-55.19655,-3628.00000
0.76182,0.76577,0.76445,0.76478,0.76741,0.30958,0.30892,0.31320,0.31320,0.30991,0.08527,0.08955,0.08593,0.09020,0.08823,-55.19655,-3627.00000
0.76083,0.76939,0.75919,0.76412,0.76478,0.31090,0.31353,0.31090,0.31155,0.30859,0.08658,0.08691,0.09185,0.08691,0.08691,-55.35706,-3626.00000
0.76577,0.76248,0.76643,0.76478,0.76215,0.31090,0.31155,0.30925,0.31057,0.31155,0.08395,0.08757,0.08856,0.08757,0.09020,-55.35706,-3625.00000
0.76314,0.76182,0.76281,0.76577,0.76083,0.31024,0.31090,0.30958,0.31353,0.31057,0.08560,0.09251,0.08856,0.09119,0.08757,-54.83918,-3624.00000
0.75853,0.76149,0.76643,0.76412,0.76248,0.30826,0.31155,0.31287,0.30826,0.30794,0.08856,0.08560,0.08987,0.09053,0.08428,-54.83918,-3623.00000
0.76511,0.76708,0.76083,0.76610,0.76018,0.31024,0.31090,0.30892,0.31090,0.31320,0.08922,0.08790,0.08987,0.08955,0.08691,-55.76431,-3622.00000
0.76083,0.75393,0.76445,0.75985,0.76050,0.30892,0.31353,0.30794,0.31221,0.31188,0.08889,0.08987,0.08955,0.09020,0.08362,-55.76431,-3621.00000
0.75689,0.76314,0.76675,0.75952,0.76116,0.30629,0.31353,0.30498,0.31057,0.31122,0.09218,0.08856,0.09152,0.08922,0.08527,-56.64925,-3620.00000
0.76083,0.76741,0.76379,0.75853,0.76643,0.30662,0.30399,0.31287,0.31188,0.30925,0.08494,0.08494,0.08724,0.09053,0.08889,-56.64925,-3619.00000
0.76478,0.76379,0.76346,0.76346,0.75557,0.30991,0.30596,0.31221,0.30892,0.30892,0.08626,0.08823,0.08856,0.08428,0.08724,-56.39591,-3618.00000
0.75985,0.75919,0.76083,0.75458,0.76018,0.31090,0.31221,0.31057,0.30925,0.30826,0.08889,0.09316,0.08691,0.08955,0.08955,-56.39591,-3617.00000
0.76149,0.75524,0.76939,0.76083,0.75886,0.30826,0.30925,0.30958,0.30728,0.30958,0.08955,0.08987,0.08922,0.08922,0.08658,-56.09346,-3616.00000
0.76116,0.76281,0.76182,0.76675,0.76018,0.31057,0.30596,0.30892,0.30892,0.31057,0.08790,0.09020,0.08889,0.08297,0.09251,-56.09346,-3615.00000
0.76182,0.76478,0.76643,0.76018,0.76610,0.31517,0.30991,0.31320,0.31024,0.31320,0.08658,0.08955,0.08889,0.08724,0.09020,-56.20835,-3614.00000
0.76544,0.75853,0.76050,0.76873,0.75689,0.30892,0.31484,0.30695,0.30826,0.30892,0.08955,0.08922,0.08724,0.08889,0.08922,-56.20835,-3613.00000
0.75952,0.76248,0.76412,0.76281,0.75952,0.31254,0.31090,0.31155,0.31188,0.30794,0.08395,0.08987,0.08955,0.08724,0.08955,-55.85076,-3612.00000
0.76149,0.76675,0.76182,0.76215,0.76906,0.30563,0.31221,0.30432,0.30958,0.31221,0.08757,0.08823,0.08922,0.08823,0.08527,-55.85076,-3611.00000
0.76478,0.76675,0.76445,0.76346,0.76346,0.30662,0.31287,0.30859,0.31090,0.31024,0.08987,0.08987,0.08527,0.08757,0.08494,-56.00643,-3610.00000
0.76478,0.76346,0.76248,0.76445,0.75820,0.31188,0.31484,0.30859,0.31090,0.30925,0.08593,0.08626,0.08922,0.08560,0.08691,-56.00643,-3609.00000
0.76544,0.76544,0.76577,0.76708,0.76643,0.30958,0.31024,0.30826,0.31353,0.31155,0.09185,0.08428,0.09053,0.09053,0.09119,-55.89628,-3608.00000
0.76610,0.76346,0.76478,0.76412,0.76314,0.31188,0.31254,0.30859,0.30958,0.30958,0.08691,0.08987,0.08823,0.08691,0.08790,-55.89628,-3607.00000
0.76675,0.76511,0.76577,0.76083,0.76643,0.31418,0.31418,0.31484,0.31287,0.31057,0.08790,0.08922,0.09053,0.08889,0.08691,-55.60683,-3606.00000
0.76610,0.75689,0.76610,0.76445,0.76346,0.31155,0.31484,0.30465,0.31188,0.31057,0.08987,0.08955,0.08658,0.08297,0.08823,-55.60683,-3605.00000
0.76215,0.76577,0.75919,0.76346,0.76939,0.31353,0.31583,0.31287,0.31583,0.31320,0.08823,0.08593,0.08757,0.08955,0.09020,-55.16914,-3604.00000
0.76643,0.76445,0.76248,0.76971,0.76412,0.30892,0.31122,0.31090,0.31057,0.31254,0.08724,0.09152,0.08889,0.09218,0.08955,-55.16914,-3603.00000
0.76577,0.76281,0.76906,0.76939,0.76215,0.30728,0.31287,0.30761,0.31320,0.30794,0.08724,0.08691,0.08626,0.08724,0.08658,-55.51670,-3602.00000
0.76445,0.76643,0.75985,0.76379,0.76248,0.30925,0.31155,0.30892,0.31320,0.31024,0.09086,0.08560,0.08955,0.08626,0.08757,-55.51670,-3601.00000
0.75853,0.76018,0.75754,0.76050,0.75919,0.31254,0.31386,0.30728,0.30662,0.30761,0.08658,0.08856,0.08790,0.08987,0.08823,-55.57085,-3600.00000
0.76939,0.77235,0.76412,0.75820,0.75952,0.31221,0.30991,0.30728,0.31320,0.30859,0.08889,0.08889,0.09020,0.08691,0.09053,-55.57085,-3599.00000
0.76511,0.76116,0.76018,0.76149,0.76610,0.30958,0.31287,0.31287,0.30662,0.31090,0.08889,0.08626,0.08889,0.08362,0.08724,-56.27908,-3598.00000
0.75590,0.76774,0.77037,0.76248,0.76215,0.30465,0.30859,0.30958,0.30991,0.31024,0.08330,0.08856,0.08691,0.08658,0.08724,-56.27908,-3597.00000
0.76807,0.76018,0.76445,0.76544,0.76182,0.30991,0.30498,0.31386,0.31122,0.31353,0.08626,0.08757,0.08691,0.08823,0.08823,-56.30604,-3596.00000
0.76610,0.76675,0.76116,0.76412,0.76577,0.30563,0.31057,0.30629,0.31024,0.31090,0.08922,0.08987,0.08757,0.09119,0.08987,-56.30604,-3595.00000
0.76840,0.76116,0.76412,0.76708,0.76182,0.30629,0.30991,0.30728,0.31122,0.30728,0.08757,0.08987,0.08922,0.08823,0.08658,-56.32929,-3594.00000
0.76675,0.76675,0.75985,0.76215,0.76116,0.31320,0.31122,0.31254,0.30465,0.30794,0.08889,0.08856,0.08593,0.09053,0.08790,-56.32929,-3593.00000
0.76643,0.76741,0.75787,0.76906,0.76840,0.30958,0.30925,0.30761,0.31188,0.30794,0.08955,0.08889,0.08889,0.08856,0.08889,-56.09922,-3592.00000
0.76281,0.75722,0.76643,0.76445,0.76215,0.30958,0.31090,0.31188,0.31188,0.31221,0.09086,0.08626,0.08987,0.08987,0.09086,-56.09922,-3591.00000
0.76281,0.75754,0.76478,0.76281,0.76346,0.31122,0.31024,0.31090,0.31057,0.31484,0.08757,0.08955,0.09053,0.08922,0.09251,-55.72539,-3590.00000
0.76610,0.75820,0.76511,0.76610,0.76116,0.30892,0.30563,0.30859,0.31057,0.31254,0.08757,0.08691,0.08461,0.08724,0.08856,-55.72539,-3589.00000
0.76116,0.76314,0.77267,0.75754,0.75919,0.30859,0.30991,0.30892,0.30892,0.31122,0.08790,0.09020,0.08856,0.08856,0.08626,-55.97793,-3588.00000
0.76807,0.76610,0.76643,0.76445,0.76741,0.31287,0.30958,0.30892,0.31353,0.31188,0.08856,0.09086,0.09119,0.08856,0.08790,-55.97793,-3587.00000
0.76906,0.76610,0.76643,0.76741,0.76346,0.30826,0.30662,0.30695,0.31550,0.31057,0.08922,0.08691,0.09283,0.09251,0.09283,-55.62324,-3586.00000
0.77004,0.76478,0.76511,0.76807,0.76050,0.30530,0.30761,0.31221,0.31057,0.30859,0.08922,0.09251,0.08889,0.09218,0.09152,-55.62324,-3585.00000
0.76346,0.76314,0.76840,0.75853,0.75985,0.30925,0.30761,0.31484,0.30925,0.31287,0.08922,0.08889,0.09218,0.08955,0.09185,-56.18809,-3584.00000
0.77300,0.76708,0.76314,0.76445,0.76544,0.31024,0.31583,0.30925,0.31122,0.30794,0.08724,0.08790,0.09119,0.09053,0.08724,-56.18809,-3583.00000
0.76807,0.76577,0.76840,0.76314,0.76708,0.31221,0.31024,0.31090,0.31155,0.31122,0.08922,0.09251,0.08889,0.09152,0.08560,-56.51689,-3582.00000
0.76379,0.76149,0.76741,0.76149,0.76116,0.30925,0.30761,0.31155,0.30892,0.31188,0.09020,0.08626,0.08889,0.08494,0.08856,-56.51689,-3581.00000
0.76412,0.76083,0.76116,0.76906,0.76708,0.30958,0.31122,0.31353,0.30300,0.30826,0.09218,0.08658,0.08922,0.08856,0.09119,-56.52749,-3580.00000
0.76248,0.76314,0.76314,0.76741,0.76511,0.31616,0.31386,0.31090,0.31057,0.30925,0.08922,0.08856,0.08856,0.08757,0.08395,-56.52749,-3579.00000
0.76577,0.76281,0.76149,0.76873,0.76182,0.31254,0.30728,0.31287,0.30794,0.31122,0.09218,0.09053,0.08889,0.08724,0.08856,-56.51082,-3578.00000
0.76643,0.76708,0.76116,0.76116,0.76346,0.30892,0.30794,0.30530,0.30859,0.30991,0.08922,0.09185,0.08856,0.08658,0.08922,-56.51082,-3577.00000
0.76379,0.76379,0.76412,0.76708,0.76577,0.31155,0.31024,0.31024,0.31024,0.30794,0.08922,0.09119,0.08790,0.09185,0.08889,-56.42435,-3576.00000
0.76511,0.76643,0.75426,0.76445,0.75952,0.30728,0.31090,0.31155,0.31122,0.31122,0.09020,0.08889,0.09218,0.08362,0.09349,-56.42435,-3575.00000
0.76314,0.76774,0.75985,0.76215,0.76314,0.31090,0.30761,0.31583,0.30925,0.31090,0.08757,0.08889,0.09020,0.08790,0.08889,-55.21169,-3574.00000
0.76675,0.76544,0.76741,0.76248,0.75754,0.31024,0.30695,0.31090,0.30925,0.30826,0.09185,0.09053,0.09185,0.08790,0.09020,-55.21169,-3573.00000
0.76248,0.76412,0.76544,0.76116,0.76248,0.31287,0.31386,0.31155,0.31090,0.30399,0.09152,0.08691,0.09053,0.08955,0.09119,-55.68202,-3572.00000
0.76116,0.76478,0.76873,0.75524,0.75886,0.30859,0.30991,0.31057,0.30958,0.30728,0.08823,0.09152,0.09316,0.09086,0.09053,-55.68202,-3571.00000
0.76182,0.76346,0.76083,0.76445,0.76478,0.30892,0.30826,0.31188,0.31287,0.30892,0.08691,0.09053,0.08856,0.09086,0.08658,-55.34101,-3570.00000
0.76149,0.75886,0.75754,0.76610,0.76248,0.31155,0.31122,0.30958,0.30925,0.31418,0.08593,0.08987,0.09218,0.08922,0.09053,-55.34101,-3569.00000
0.76577,0.76478,0.76018,0.75820,0.76281,0.31254,0.30859,0.31090,0.31254,0.31057,0.09053,0.08955,0.08889,0.09283,0.08658,-55.66367,-3568.00000
0.76149,0.76281,0.76643,0.75820,0.76018,0.31024,0.30695,0.30728,0.31024,0.31024,0.09086,0.08757,0.09218,0.09119,0.08494,-55.66367,-3567.00000
0.76149,0.76149,0.76675,0.76182,0.76248,0.30563,0.31024,0.30826,0.31090,0.30925,0.08757,0.08790,0.08856,0.09086,0.08856,-55.74931,-3566.00000
0.76577,0.76873,0.76248,0.76445,0.75853,0.31320,0.31122,0.30958,0.30991,0.30794,0.09053,0.08987,0.08560,0.08658,0.09316,-55.74931,-3565.00000
0.76346,0.76018,0.76379,0.75557,0.75886,0.31254,0.30991,0.30991,0.30761,0.31254,0.08790,0.08823,0.09119,0.08987,0.08856,-55.14028,-3564.00000
0.76314,0.76248,0.76610,0.76050,0.76906,0.30695,0.31090,0.31287,0.30596,0.30695,0.08889,0.08790,0.08856,0.08560,0.08987,-55.14028,-3563.00000
0.75853,0.76050,0.76577,0.76182,0.75919,0.31090,0.31122,0.30794,0.31386,0.30892,0.08757,0.08889,0.08757,0.08889,0.08593,-55.05549,-3562.00000
0.76215,0.76050,0.76544,0.75985,0.75952,0.31090,0.30958,0.31122,0.31090,0.30892,0.08889,0.08691,0.08922,0.08955,0.09020,-55.05549,-3561.00000
0.76050,0.77037,0.76314,0.76215,0.76478,0.30629,0.30892,0.31254,0.30859,0.31418,0.08757,0.08823,0.08658,0.08626,0.09185,-54.69816,-3560.00000
0.76314,0.77004,0.75853,0.76346,0.76774,0.31649,0.31122,0.30958,0.30498,0.31057,0.08790,0.09119,0.08724,0.08889,0.09020,-54.69816,-3559.00000
0.75886,0.77235,0.77169,0.76149,0.76018,0.31287,0.30958,0.30925,0.31090,0.30859,0.09053,0.09086,0.09020,0.08922,0.08856,-55.39107,-3558.00000
0.76346,0.76083,0.76774,0.76379,0.76379,0.30794,0.31122,0.30859,0.30662,0.30794,0.08757,0.09251,0.08889,0.08757,0.08626,-55.39107,-3557.00000
0.76774,0.76083,0.76379,0.76675,0.76116,0.30826,0.31616,0.30991,0.31287,0.31122,0.09053,0.08889,0.08658,0.08724,0.08724,-55.96214,-3556.00000
0.75754,0.77037,0.76577,0.76577,0.76379,0.31320,0.31155,0.31254,0.30695,0.31024,0.08955,0.08494,0.08724,0.09251,0.08790,-55.96214,-3555.00000
0.76643,0.76445,0.76248,0.76840,0.76412,0.30892,0.31287,0.30662,0.30892,0.31287,0.08955,0.09053,0.09020,0.08955,0.08889,-55.85704,-3554.00000
0.77202,0.76412,0.76577,0.76050,0.76774,0.31188,0.30728,0.31090,0.31090,0.31353,0.08889,0.09185,0.09152,0.08823,0.08955,-55.85704,-3553.00000
0.76281,0.75787,0.76182,0.75952,0.76774,0.30991,0.30958,0.30958,0.31221,0.31221,0.08922,0.08987,0.09053,0.08955,0.09020,-55.77276,-3552.00000
0.76971,0.75919,0.77037,0.76050,0.76215,0.31517,0.31122,0.31122,0.30958,0.31353,0.08856,0.08790,0.09185,0.08593,0.08658,-55.77276,-3551.00000
0.76675,0.76182,0.76971,0.77004,0.76018,0.31188,0.30991,0.31386,0.30530,0.31418,0.09152,0.08955,0.08955,0.08691,0.08955,-56.19204,-3550.00000
0.76248,0.75919,0.76412,0.76741,0.76445,0.31254,0.31386,0.31254,0.31320,0.31024,0.08955,0.09283,0.08987,0.09020,0.09316,-56.19204,-3549.00000
0.76281,0.76346,0.76544,0.76873,0.76577,0.31320,0.31715,0.31090,0.30761,0.30662,0.08987,0.09448,0.08823,0.09119,0.08691,-56.62630,-3548.00000
0.76215,0.76577,0.76544,0.77004,0.76379,0.31715,0.31057,0.31287,0.30925,0.31090,0.09119,0.08889,0.09053,0.08790,0.08461,-56.62630,-3547.00000
0.75754,0.77169,0.77004,0.76478,0.76511,0.31090,0.31155,0.30859,0.31057,0.31155,0.08856,0.08955,0.08757,0.08955,0.08987,-56.12565,-3546.00000
0.76050,0.76971,0.76116,0.76346,0.77037,0.31320,0.30794,0.31353,0.31155,0.31320,0.08626,0.08757,0.09053,0.08494,0.08987,-56.12565,-3545.00000
0.76346,0.76774,0.76379,0.76182,0.76478,0.31353,0.31090,0.31090,0.31287,0.31221,0.08823,0.08922,0.09053,0.08724,0.08658,-55.88753,-3544.00000
0.76610,0.75952,0.77103,0.76083,0.76346,0.30892,0.30728,0.31254,0.31024,0.30432,0.08823,0.08691,0.08987,0.09251,0.08757,-55.88753,-3543.00000
0.76412,0.76873,0.75689,0.76314,0.76346,0.31188,0.30925,0.31484,0.31188,0.31320,0.08889,0.08560,0.09020,0.08823,0.09020,-55.94670,-3542.00000
0.76215,0.76708,0.76675,0.76083,0.76248,0.30761,0.31287,0.31320,0.31583,0.31221,0.08955,0.08658,0.09218,0.08856,0.08955,-55.94670,-3541.00000
0.76149,0.76116,0.76018,0.76215,0.76412,0.31122,0.30761,0.31418,0.31287,0.30728,0.08856,0.08626,0.08757,0.08724,0.08757,-56.07149,-3540.00000
0.76412,0.76478,0.76544,0.76412,0.76018,0.31451,0.30728,0.30629,0.31057,0.31550,0.08823,0.08823,0.08757,0.08790,0.08922,-56.07149,-3539.00000
0.76182,0.76511,0.76215,0.76807,0.76050,0.31418,0.30991,0.30925,0.31254,0.30859,0.09382,0.09185,0.09086,0.08823,0.08823,-56.57579,-3538.00000
0.76643,0.76018,0.76774,0.76215,0.76083,0.31057,0.30892,0.31122,0.30925,0.30958,0.08658,0.08757,0.08658,0.08856,0.08955,-56.57579,-3537.00000
0.76346,0.76215,0.75689,0.76445,0.77267,0.30925,0.31254,0.31057,0.30728,0.31221,0.08527,0.08691,0.08658,0.08757,0.08823,-55.93926,-3536.00000
0.77103,0.76050,0.76050,0.77136,0.75458,0.30695,0.30925,0.30794,0.31418,0.30728,0.08823,0.09119,0.09185,0.08889,0.08658,-55.93926,-3535.00000
0.76149,0.77004,0.77070,0.75820,0.76445,0.31254,0.31024,0.30728,0.31221,0.31155,0.08823,0.09053,0.09382,0.08428,0.08823,-55.81143,-3534.00000
0.76346,0.76675,0.76116,0.76314,0.76346,0.31221,0.31188,0.30892,0.31057,0.30892,0.08856,0.08757,0.08757,0.08955,0.08823,-55.81143,-3533.00000
0.76116,0.75820,0.76544,0.76248,0.76248,0.31353,0.31024,0.31122,0.30991,0.30728,0.09185,0.08955,0.09020,0.08922,0.09316,-55.00532,-3532.00000
0.76643,0.76708,0.76412,0.76248,0.75919,0.31057,0.30925,0.30728,0.31122,0.31715,0.08922,0.08987,0.09119,0.09152,0.09020,-55.00532,-3531.00000
0.76511,0.75820,0.76511,0.75820,0.76215,0.31287,0.30925,0.31122,0.31024,0.30530,0.08790,0.08658,0.08691,0.08955,0.08856,-55.32004,-3530.00000
0.76840,0.76083,0.76412,0.76675,0.75985,0.30991,0.31024,0.31320,0.31122,0.31583,0.08724,0.08593,0.08691,0.08955,0.08856,-55.32004,-3529.00000
0.75426,0.76412,0.76116,0.76346,0.76577,0.31090,0.31221,0.31221,0.30925,0.31320,0.08691,0.08757,0.08626,0.08955,0.08889,-55.61657,-3528.00000
0.76741,0.76281,0.76314,0.76346,0.75754,0.31254,0.30728,0.30991,0.31221,0.30826,0.08823,0.08757,0.08955,0.08856,0.09579,-55.61657,-3527.00000
0.76182,0.76050,0.76149,0.76643,0.77037,0.30629,0.30794,0.31682,0.31155,0.31221,0.08955,0.08757,0.08823,0.08593,0.08856,-55.18133,-3526.00000
0.77004,0.76182,0.76577,0.76346,0.76445,0.31057,0.30892,0.30958,0.31024,0.30333,0.08527,0.08757,0.09086,0.08790,0.08955,-55.18133,-3525.00000
0.77333,0.76182,0.76215,0.76939,0.76807,0.30925,0.30859,0.31287,0.30761,0.31451,0.08823,0.09020,0.08527,0.08691,0.08527,-54.76840,-3524.00000
0.75722,0.76346,0.76577,0.76346,0.75985,0.31122,0.31188,0.31057,0.30761,0.30958,0.08987,0.08527,0.08691,0.09283,0.08724,-54.76840,-3523.00000
0.76675,0.76281,0.76248,0.76083,0.75393,0.31057,0.30432,0.31649,0.30958,0.31188,0.09086,0.08757,0.08856,0.08757,0.08987,-55.14787,-3522.00000
0.76610,0.77136,0.76445,0.76445,0.76281,0.31057,0.30859,0.31254,0.31155,0.30761,0.08593,0.08461,0.08757,0.08922,0.08691,-55.14787,-3521.00000
0.76478,0.75853,0.76610,0.76314,0.75820,0.30892,0.31024,0.31221,0.30991,0.31122,0.08823,0.08724,0.09152,0.08691,0.08757,-56.11886,-3520.00000
0.75919,0.76807,0.76050,0.76149,0.75985,0.30695,0.30826,0.31978,0.31024,0.30333,0.08823,0.08856,0.09020,0.09086,0.08856,-56.11886,-3519.00000
0.76478,0.76182,0.76643,0.76643,0.75952,0.30432,0.31057,0.30794,0.30991,0.31057,0.08889,0.09382,0.08823,0.08955,0.09119,-55.99644,-3518.00000
0.75919,0.76182,0.75787,0.76018,0.76544,0.31386,0.30728,0.30859,0.31155,0.30662,0.08856,0.08593,0.09020,0.08790,0.08494,-55.99644,-3517.00000
0.76149,0.76346,0.76346,0.76083,0.76182,0.31155,0.30794,0.30761,0.30826,0.31418,0.08823,0.08658,0.09152,0.08823,0.08691,-55.81316,-3516.00000
0.75722,0.76774,0.76675,0.76281,0.76149,0.31155,0.31057,0.30826,0.31386,0.31583,0.08922,0.08856,0.09020,0.08362,0.09086,-55.81316,-3515.00000
0.76807,0.75722,0.75722,0.76018,0.75623,0.31057,0.31386,0.31122,0.30794,0.31221,0.09119,0.08922,0.09086,0.08790,0.09086,-55.93881,-3514.00000
0.75754,0.76149,0.75985,0.76511,0.76379,0.31155,0.30826,0.30925,0.30596,0.30991,0.08856,0.08889,0.08790,0.08527,0.08889,-55.93881,-3513.00000
0.75919,0.76116,0.75689,0.76083,0.76116,0.30892,0.30399,0.30991,0.31090,0.31155,0.08560,0.08955,0.08856,0.08922,0.08823,-55.31071,-3512.00000
0.75952,0.75985,0.76511,0.76939,0.76478,0.31320,0.31057,0.31057,0.31122,0.31254,0.09053,0.08987,0.09053,0.09283,0.08987,-55.31071,-3511.00000
0.76215,0.76116,0.76544,0.75985,0.76083,0.31122,0.30826,0.30794,0.30892,0.31353,0.08560,0.08560,0.08593,0.08461,0.08823,-55.66561,-3510.00000
0.76412,0.76116,0.76083,0.75952,0.75820,0.31155,0.31221,0.30794,0.30826,0.30761,0.08724,0.09053,0.08527,0.08889,0.08922,-55.66561,-3509.00000
0.76511,0.76544,0.76478,0.76248,0.76445,0.30991,0.31517,0.31090,0.31188,0.30794,0.08922,0.08691,0.08330,0.08658,0.08955,-54.79814,-3508.00000
0.75590,0.76741,0.75722,0.76577,0.76807,0.30826,0.30695,0.31057,0.31188,0.30892,0.08987,0.08527,0.08955,0.09020,0.08889,-54.79814,-3507.00000
0.76215,0.76544,0.76445,0.76544,0.76478,0.30826,0.31188,0.30761,0.30432,0.31188,0.08691,0.08626,0.08955,0.08626,0.08790,-54.97231,-3506.00000
0.76577,0.75952,0.76018,0.75952,0.75820,0.31122,0.31188,0.30728,0.31517,0.30761,0.09020,0.09053,0.08987,0.09020,0.08856,-54.97231,-3505.00000
0.76511,0.76149,0.75787,0.76346,0.76182,0.30695,0.31386,0.31155,0.31090,0.30761,0.08823,0.08922,0.09185,0.08856,0.08889,-55.53303,-3504.00000
0.76445,0.76445,0.76939,0.76412,0.76577,0.30991,0.30958,0.30892,0.30761,0.30465,0.08757,0.09053,0.08790,0.08560,0.08297,-55.53303,-3503.00000
0.76511,0.76379,0.76314,0.76741,0.76018,0.30958,0.30958,0.31254,0.31353,0.31057,0.08757,0.09119,0.09251,0.09020,0.08527,-55.79142,-3502.00000
0.76774,0.75787,0.76906,0.76412,0.76281,0.30892,0.31254,0.30695,0.31057,0.31024,0.09218,0.08889,0.09382,0.09185,0.08593,-55.79142,-3501.00000
0.76149,0.76445,0.76675,0.76116,0.76018,0.31122,0.31122,0.31155,0.31024,0.31221,0.08922,0.09053,0.08955,0.08658,0.08823,-56.67012,-3500.00000
0.76478,0.76018,0.76314,0.77037,0.76445,0.31254,0.30991,0.30925,0.31188,0.31550,0.09053,0.08757,0.08724,0.09152,0.09316,-56.67012,-3499.00000
0.76149,0.76511,0.76445,0.76248,0.76248,0.31122,0.31320,0.30794,0.31057,0.30695,0.08922,0.08987,0.08955,0.08987,0.08955,-56.36729,-3498.00000
0.76412,0.75985,0.76182,0.75886,0.76281,0.30826,0.30761,0.31057,0.31024,0.30695,0.08889,0.09086,0.08856,0.08724,0.09053,-56.36729,-3497.00000
0.75985,0.76412,0.76248,0.76018,0.76346,0.31254,0.30958,0.31024,0.30892,0.30728,0.08658,0.08987,0.08922,0.09579,0.09020,-56.27935,-3496.00000
0.76774,0.76116,0.76083,0.76741,0.75952,0.31287,0.31221,0.30794,0.31353,0.31155,0.08626,0.09053,0.08889,0.08724,0.09020,-56.27935,-3495.00000
0.75458,0.76083,0.76346,0.75623,0.76149,0.30728,0.31353,0.30728,0.30859,0.30826,0.09086,0.08790,0.09152,0.09251,0.08724,-56.39895,-3494.00000
0.76149,0.76116,0.76840,0.76412,0.76544,0.31386,0.31057,0.30629,0.30761,0.30761,0.09020,0.08922,0.08790,0.08823,0.09152,-56.39895,-3493.00000
0.76577,0.76544,0.76774,0.75820,0.75754,0.30794,0.30826,0.31287,0.30925,0.31386,0.08790,0.08889,0.08955,0.09020,0.09020,-56.31471,-3492.00000
0.76445,0.76018,0.76346,0.76248,0.76840,0.30991,0.30826,0.31155,0.30662,0.30958,0.08691,0.09086,0.09185,0.08889,0.08922,-56.31471,-3491.00000
0.75919,0.76182,0.76412,0.76248,0.76643,0.31616,0.30925,0.30826,0.31024,0.30629,0.08889,0.08823,0.08889,0.08922,0.08790,-56.04066,-3490.00000
0.76379,0.76281,0.76050,0.76412,0.76281,0.31155,0.30958,0.30925,0.30958,0.30794,0.08823,0.08856,0.08790,0.08889,0.08658,-56.04066,-3489.00000
0.76281,0.76610,0.76445,0.75985,0.76478,0.30826,0.31024,0.30794,0.30859,0.30892,0.08790,0.08987,0.09053,0.09053,0.09053,-56.70929,-3488.00000
0.75722,0.76544,0.76248,0.76215,0.76346,0.31188,0.31287,0.30728,0.30629,0.31090,0.09349,0.08790,0.09086,0.08724,0.08658,-56.70929,-3487.00000
0.76774,0.76610,0.75985,0.76182,0.75623,0.30794,0.31057,0.31188,0.30958,0.30794,0.09053,0.09152,0.09119,0.08823,0.08987,-56.01090,-3486.00000
0.76050,0.76346,0.75886,0.76346,0.76149,0.31057,0.30826,0.31188,0.30794,0.31353,0.08856,0.09119,0.09020,0.08626,0.08889,-56.01090,-3485.00000
0.76412,0.76346,0.76774,0.76412,0.75886,0.31484,0.31090,0.30794,0.31155,0.30662,0.09316,0.08823,0.08626,0.08724,0.08790,-56.20125,-3484.00000
0.76412,0.75952,0.76182,0.76314,0.76281,0.31155,0.30695,0.31320,0.31188,0.31024,0.08724,0.08856,0.08856,0.08823,0.08856,-56.20125,-3483.00000
0.76643,0.75985,0.76511,0.76083,0.76708,0.30794,0.31155,0.31155,0.30596,0.31024,0.09053,0.08856,0.08856,0.08757,0.09053,-55.65189,-3482.00000
0.76544,0.75458,0.76610,0.76248,0.76182,0.31057,0.31090,0.30695,0.31057,0.30465,0.08856,0.09251,0.09020,0.08724,0.08889,-55.65189,-3481.00000
0.75623,0.76379,0.76281,0.76182,0.76314,0.30826,0.31024,0.30892,0.31090,0.31221,0.08757,0.08757,0.09053,0.08691,0.08428,-55.66042,-3480.00000
0.76248,0.76544,0.76248,0.76544,0.76018,0.30530,0.31254,0.31287,0.31353,0.31188,0.09086,0.09020,0.08626,0.08856,0.08560,-55.66042,-3479.00000
0.76018,0.76741,0.75853,0.76412,0.76478,0.31188,0.31287,0.30925,0.31451,0.30991,0.08823,0.08856,0.08790,0.08790,0.08790,-56.71937,-3478.00000
0.76511,0.76412,0.77300,0.75919,0.76149,0.31122,0.30892,0.30432,0.31090,0.30728,0.08560,0.08856,0.09119,0.08626,0.08922,-56.71937,-3477.00000
0.75952,0.76083,0.76281,0.76379,0.76215,0.30826,0.30991,0.30662,0.31550,0.31320,0.09053,0.08823,0.08889,0.08724,0.08494,-55.93537,-3476.00000
0.76445,0.76577,0.75689,0.76182,0.76939,0.31090,0.30859,0.31188,0.31221,0.30794,0.08823,0.08757,0.08922,0.08922,0.08987,-55.93537,-3475.00000
0.75952,0.76083,0.76281,0.75623,0.76083,0.30629,0.31155,0.31418,0.30892,0.31386,0.08987,0.08955,0.09283,0.09020,0.08889,-55.54337,-3474.00000
0.76346,0.76281,0.76643,0.76412,0.76215,0.30826,0.31024,0.30695,0.30695,0.30859,0.09086,0.08691,0.08823,0.08790,0.08593,-55.54337,-3473.00000
0.75656,0.76116,0.75985,0.76018,0.75886,0.30826,0.30859,0.30892,0.30958,0.31057,0.08658,0.09020,0.08922,0.08856,0.08889,-54.76143,-3472.00000
0.75853,0.75820,0.76018,0.76182,0.76741,0.30826,0.30991,0.30958,0.30761,0.31090,0.09020,0.08527,0.09086,0.08922,0.08724,-54.76143,-3471.00000
0.75656,0.76018,0.76083,0.76741,0.76643,0.31386,0.30991,0.31057,0.30794,0.31221,0.08560,0.08790,0.08724,0.08987,0.08560,-55.53745,-3470.00000
0.76412,0.76248,0.75820,0.76511,0.76182,0.31057,0.31122,0.30267,0.31090,0.31024,0.08823,0.08889,0.09119,0.08955,0.09053,-55.53745,-3469.00000
0.76741,0.76445,0.76807,0.76511,0.76018,0.31122,0.31287,0.31451,0.30958,0.31155,0.08757,0.08987,0.08593,0.08757,0.09053,-55.82293,-3468.00000
0.76643,0.76741,0.75853,0.76445,0.76182,0.30925,0.31057,0.31287,0.31090,0.31057,0.08823,0.09053,0.08987,0.08626,0.08691,-55.82293,-3467.00000
0.76708,0.76478,0.76445,0.76314,0.76511,0.30892,0.31451,0.31155,0.31024,0.31682,0.08757,0.08757,0.08724,0.08658,0.08691,-55.46762,-3466.00000
0.76248,0.76544,0.76116,0.76314,0.76083,0.31024,0.30465,0.31024,0.31287,0.30794,0.08362,0.08889,0.08823,0.08823,0.08823,-55.46762,-3465.00000
0.76445,0.76248,0.76050,0.76379,0.76182,0.30991,0.30563,0.30695,0.31221,0.30925,0.08955,0.08691,0.08856,0.08658,0.08626,-56.36418,-3464.00000
0.75162,0.76511,0.76379,0.75985,0.76610,0.30991,0.30991,0.31155,0.30991,0.31484,0.08724,0.08560,0.09053,0.08593,0.08593,-56.36418,-3463.00000
0.76314,0.76346,0.76182,0.77004,0.76675,0.30728,0.30465,0.30892,0.31221,0.31287,0.08724,0.08428,0.09020,0.09020,0.08987,-56.08980,-3462.00000
0.75722,0.76840,0.76643,0.76840,0.76939,0.30761,0.30761,0.30892,0.31451,0.30859,0.08724,0.08527,0.08955,0.08527,0.08790,-56.08980,-3461.00000
0.76182,0.76248,0.75919,0.76314,0.76412,0.30728,0.31122,0.31024,0.31287,0.31386,0.08626,0.08691,0.08527,0.08658,0.09086,-55.85740,-3460.00000
0.76182,0.76445,0.76741,0.76050,0.76511,0.30925,0.31155,0.30958,0.31287,0.30826,0.08724,0.08823,0.08823,0.09053,0.08790,-55.85740,-3459.00000
0.76149,0.76018,0.76445,0.76346,0.76248,0.31057,0.30958,0.30761,0.31155,0.31057,0.08823,0.08560,0.08757,0.08955,0.08889,-56.68358,-3458.00000
0.76248,0.76281,0.75754,0.75919,0.75689,0.30761,0.30859,0.31024,0.30695,0.31155,0.08757,0.08955,0.08856,0.08593,0.09119,-56.68358,-3457.00000
0.76873,0.75985,0.75952,0.76281,0.75952,0.31057,0.30958,0.31057,0.30761,0.30958,0.08658,0.08626,0.08724,0.08922,0.08823,-56.03222,-3456.00000
0.76149,0.76346,0.76149,0.75985,0.76511,0.30892,0.30794,0.30892,0.30794,0.30662,0.09119,0.08955,0.08823,0.08856,0.08724,-56.03222,-3455.00000
0.76314,0.76050,0.76182,0.76873,0.75919,0.31451,0.30695,0.31122,0.30892,0.31090,0.09053,0.08922,0.08395,0.09086,0.08724,-56.07519,-3454.00000
0.76445,0.75689,0.76873,0.76379,0.76939,0.31517,0.30892,0.31451,0.31320,0.31155,0.08823,0.08724,0.09185,0.08691,0.08691,-56.07519,-3453.00000
0.75722,0.75952,0.76511,0.76610,0.76248,0.30991,0.31155,0.30695,0.31024,0.31287,0.08823,0.08856,0.08987,0.08757,0.09020,-56.05273,-3452.00000
0.76643,0.76248,0.76445,0.75853,0.76182,0.30991,0.30925,0.31451,0.30892,0.31320,0.09020,0.08724,0.09316,0.08889,0.08461,-56.05273,-3451.00000
0.76412,0.75985,0.76610,0.76083,0.76314,0.30596,0.31287,0.30991,0.31155,0.31057,0.09119,0.08395,0.09020,0.08658,0.08428,-57.03760,-3450.00000
0.76379,0.76445,0.75952,0.75919,0.76346,0.30925,0.30925,0.30728,0.31122,0.31090,0.08889,0.08593,0.08922,0.08658,0.09053,-57.03760,-3449.00000
0.76379,0.76708,0.76544,0.76281,0.76149,0.31418,0.31057,0.31320,0.31188,0.30925,0.09053,0.08757,0.08889,0.08922,0.09020,-55.85034,-3448.00000
0.76971,0.76346,0.75886,0.76906,0.76314,0.31155,0.30826,0.31057,0.31024,0.31320,0.08395,0.08691,0.08987,0.08757,0.08527,-55.85034,-3447.00000
0.77103,0.76445,0.76445,0.76511,0.76116,0.31451,0.31155,0.30859,0.30892,0.31024,0.08362,0.08560,0.09020,0.09448,0.09152,-55.02722,-3446.00000
0.77037,0.76610,0.76149,0.76840,0.76511,0.30629,0.30596,0.31320,0.31353,0.30859,0.08428,0.09349,0.08757,0.08757,0.08856,-55.02722,-3445.00000
0.75722,0.75919,0.76445,0.76281,0.76412,0.31122,0.31221,0.30958,0.31418,0.31583,0.08757,0.08922,0.08922,0.08790,0.08593,-55.65326,-3444.00000
0.76281,0.76116,0.76248,0.77103,0.76807,0.31353,0.31353,0.31057,0.31221,0.30498,0.08330,0.08922,0.09053,0.08428,0.08790,-55.65326,-3443.00000
0.75886,0.76281,0.76182,0.76774,0.76149,0.31320,0.31188,0.31057,0.30794,0.31155,0.08889,0.09185,0.08856,0.08494,0.08691,-55.82224,-3442.00000
0.75623,0.76379,0.76741,0.76314,0.76939,0.30892,0.30892,0.30991,0.30958,0.31386,0.08790,0.08955,0.08757,0.08856,0.08987,-55.82224,-3441.00000
0.76215,0.76018,0.77070,0.76018,0.76116,0.31353,0.31188,0.30728,0.31024,0.31057,0.08461,0.08757,0.08790,0.08856,0.08922,-55.69188,-3440.00000
0.76873,0.76577,0.75689,0.76610,0.76511,0.30859,0.31057,0.31188,0.30662,0.31353,0.08790,0.09382,0.08724,0.08790,0.08987,-55.69188,-3439.00000
0.75919,0.76215,0.75491,0.76116,0.76018,0.30958,0.31122,0.30826,0.30563,0.30794,0.08790,0.08593,0.08790,0.08527,0.08823,-56.30785,-3438.00000
0.76149,0.76346,0.75886,0.76281,0.76314,0.30991,0.31418,0.30530,0.31221,0.30761,0.08856,0.08889,0.08757,0.08691,0.08593,-56.30785,-3437.00000
0.76840,0.76215,0.76478,0.76116,0.76314,0.30859,0.30794,0.30925,0.31287,0.30958,0.09119,0.08790,0.09086,0.08987,0.08527,-56.21057,-3436.00000
0.76314,0.76149,0.76412,0.76577,0.76610,0.31057,0.31155,0.30859,0.31155,0.30761,0.08955,0.08856,0.09119,0.08790,0.08987,-56.21057,-3435.00000
0.75590,0.76741,0.76116,0.76412,0.76445,0.31320,0.30892,0.30761,0.31221,0.30826,0.08790,0.08889,0.08823,0.08922,0.08724,-55.80060,-3434.00000
0.76412,0.76281,0.75754,0.75985,0.76248,0.31122,0.31057,0.31024,0.31090,0.30859,0.09119,0.09053,0.08691,0.08955,0.08922,-55.80060,-3433.00000
0.75689,0.76018,0.76116,0.75722,0.76281,0.31057,0.30991,0.30728,0.31418,0.31090,0.08428,0.08724,0.09020,0.09053,0.08527,-56.23282,-3432.00000
0.76314,0.76149,0.76511,0.76281,0.75656,0.30925,0.31122,0.31155,0.31024,0.30695,0.08757,0.08823,0.08757,0.08757,0.08626,-56.23282,-3431.00000
0.75985,0.76018,0.76379,0.76083,0.76083,0.30826,0.30629,0.31090,0.31155,0.30333,0.08757,0.08428,0.08560,0.09185,0.08461,-55.66524,-3430.00000
0.76741,0.75919,0.76182,0.76083,0.76215,0.31155,0.30596,0.31287,0.30728,0.30859,0.08790,0.08724,0.08560,0.08955,0.09053,-55.66524,-3429.00000
0.76675,0.75787,0.76708,0.76018,0.75886,0.30761,0.30794,0.30892,0.31090,0.31254,0.09020,0.08889,0.08658,0.08757,0.08593,-55.47910,-3428.00000
0.76248,0.76018,0.75491,0.76248,0.76511,0.30826,0.30728,0.30794,0.30563,0.30366,0.08823,0.09086,0.08593,0.08823,0.08691,-55.47910,-3427.00000
0.76412,0.76018,0.76248,0.76445,0.75656,0.31090,0.30859,0.30695,0.30925,0.30892,0.09086,0.08856,0.08889,0.08823,0.08922,-55.40068,-3426.00000
0.76478,0.76215,0.76544,0.76050,0.76281,0.30333,0.30958,0.31122,0.31287,0.31057,0.08987,0.08987,0.08691,0.09086,0.08922,-55.40068,-3425.00000
0.76610,0.76412,0.75557,0.75820,0.76050,0.30662,0.31024,0.31090,0.30892,0.31024,0.08724,0.08658,0.08823,0.08823,0.08790,-55.42495,-3424.00000
0.76840,0.75656,0.76708,0.76182,0.75952,0.31122,0.30662,0.30925,0.31287,0.31320,0.08889,0.09119,0.08724,0.08626,0.08987,-55.42495,-3423.00000
0.76018,0.76248,0.76412,0.76445,0.75853,0.30958,0.30925,0.30991,0.31155,0.31024,0.08987,0.08691,0.08856,0.08494,0.09020,-55.83015,-3422.00000
0.76050,0.76544,0.76478,0.76544,0.76050,0.30432,0.30629,0.30695,0.31254,0.30662,0.08757,0.08823,0.08856,0.08790,0.08691,-55.83015,-3421.00000
0.76182,0.76083,0.76379,0.76741,0.76083,0.31353,0.31484,0.31057,0.30859,0.30925,0.08691,0.08757,0.08757,0.08955,0.08626,-56.78226,-3420.00000
0.76379,0.76741,0.75787,0.76116,0.76478,0.31353,0.31024,0.30826,0.30925,0.30925,0.08922,0.08856,0.09086,0.09185,0.08658,-56.78226,-3419.00000
0.75623,0.76346,0.76018,0.75886,0.75656,0.31057,0.31122,0.31090,0.31122,0.30925,0.08987,0.08626,0.08691,0.08626,0.08395,-55.81545,-3418.00000
0.76018,0.75853,0.76050,0.76050,0.76478,0.31090,0.30761,0.31517,0.31024,0.30859,0.08560,0.08955,0.09053,0.09218,0.08790,-55.81545,-3417.00000
0.76840,0.76478,0.76412,0.76314,0.76314,0.30761,0.30530,0.30695,0.30728,0.30662,0.09086,0.08691,0.08724,0.08790,0.08658,-55.20509,-3416.00000
0.75820,0.76314,0.76643,0.76412,0.75985,0.31090,0.30728,0.31188,0.31090,0.31320,0.08823,0.08724,0.08757,0.08856,0.08527,-55.20509,-3415.00000
0.75656,0.75458,0.76511,0.75985,0.76248,0.31188,0.30991,0.31090,0.31418,0.31221,0.08922,0.08987,0.08790,0.08297,0.08889,-55.43946,-3414.00000
0.76610,0.75623,0.75458,0.76906,0.76050,0.31057,0.30761,0.30695,0.31122,0.30892,0.09053,0.08823,0.08527,0.08724,0.08922,-55.43946,-3413.00000
0.75985,0.75491,0.76346,0.76708,0.76577,0.30333,0.30859,0.30794,0.30794,0.30925,0.08593,0.08790,0.08626,0.09152,0.08428,-55.31983,-3412.00000
0.76116,0.76379,0.75787,0.76774,0.76379,0.30596,0.30530,0.30892,0.31155,0.30958,0.09119,0.09185,0.08856,0.08724,0.08955,-55.31983,-3411.00000
0.76412,0.76248,0.76050,0.75064,0.76116,0.30859,0.30991,0.30826,0.30794,0.31221,0.08823,0.08823,0.08658,0.08626,0.08593,-55.67505,-3410.00000
0.75919,0.76314,0.75590,0.76412,0.76379,0.31715,0.31057,0.31254,0.30695,0.30991,0.08560,0.09053,0.08757,0.08757,0.09283,-55.67505,-3409.00000
0.76018,0.75820,0.76643,0.76412,0.76346,0.30859,0.30629,0.30761,0.30761,0.30794,0.08626,0.08527,0.08823,0.09086,0.08889,-56.67297,-3408.00000
0.75985,0.76182,0.76149,0.76215,0.76412,0.30826,0.30859,0.30695,0.30925,0.31188,0.08757,0.08297,0.08889,0.08790,0.08889,-56.67297,-3407.00000
0.76741,0.76379,0.75919,0.75952,0.75952,0.31024,0.31155,0.31155,0.30826,0.30563,0.08691,0.08691,0.08757,0.09152,0.08757,-56.20026,-3406.00000
0.76050,0.76182,0.76807,0.76379,0.76116,0.31057,0.30925,0.30925,0.30629,0.31386,0.08626,0.08362,0.08955,0.08757,0.08955,-56.20026,-3405.00000
0.75458,0.75360,0.76215,0.76149,0.75524,0.30991,0.31057,0.31418,0.30728,0.30826,0.08922,0.08691,0.08724,0.08461,0.09283,-55.71732,-3404.00000
0.76116,0.76248,0.76182,0.76412,0.75952,0.31122,0.30859,0.30629,0.31155,0.31254,0.08889,0.09053,0.08724,0.08823,0.08790,-55.71732,-3403.00000
0.76840,0.76708,0.76741,0.76281,0.75985,0.30761,0.31287,0.30826,0.31090,0.30925,0.08757,0.08757,0.08691,0.08395,0.08889,-55.77370,-3402.00000
0.75590,0.76083,0.76149,0.76281,0.76149,0.30530,0.31057,0.31122,0.30892,0.31024,0.08889,0.08658,0.08823,0.08856,0.09086,-55.77370,-3401.00000
0.76379,0.75886,0.76445,0.76116,0.76346,0.31254,0.30925,0.30892,0.31254,0.30859,0.08724,0.08823,0.09185,0.08198,0.08955,-55.48695,-3400.00000
0.76511,0.76346,0.76116,0.76544,0.76379,0.31254,0.30925,0.30695,0.31057,0.30925,0.08987,0.08922,0.08922,0.08724,0.08823,-55.48695,-3399.00000
0.76379,0.76116,0.75787,0.75754,0.76083,0.30958,0.31057,0.30925,0.31122,0.31057,0.08691,0.08757,0.08658,0.08264,0.08658,-55.58039,-3398.00000
0.76314,0.76281,0.76149,0.76281,0.76083,0.31451,0.31386,0.30826,0.30826,0.30859,0.08757,0.08461,0.08691,0.08527,0.08461,-55.58039,-3397.00000
0.75590,0.77202,0.76774,0.75886,0.76018,0.30399,0.30826,0.30761,0.30925,0.30366,0.08955,0.09086,0.08527,0.08626,0.09020,-55.05826,-3396.00000
0.76281,0.75754,0.75524,0.76511,0.75360,0.31287,0.30761,0.31484,0.30859,0.30925,0.08922,0.08987,0.08691,0.08658,0.08658,-55.05826,-3395.00000
0.76346,0.76116,0.75623,0.76018,0.75952,0.31090,0.30826,0.31188,0.30498,0.31484,0.08626,0.08889,0.08757,0.08626,0.08691,-54.57747,-3394.00000
0.76149,0.76314,0.75754,0.75919,0.76182,0.30958,0.30662,0.30892,0.30991,0.31057,0.09119,0.08461,0.09152,0.08593,0.08955,-54.57747,-3393.00000
0.76018,0.76445,0.75820,0.76083,0.76840,0.31090,0.30991,0.31122,0.31024,0.30826,0.08724,0.08889,0.08658,0.09086,0.08330,-53.91959,-3392.00000
0.76116,0.75623,0.76215,0.76511,0.76018,0.30530,0.31353,0.31287,0.30432,0.30300,0.08757,0.08987,0.09020,0.08856,0.08658,-53.91959,-3391.00000
0.76741,0.76248,0.75952,0.76116,0.75919,0.30859,0.31188,0.30892,0.30761,0.30826,0.08823,0.08658,0.08922,0.09086,0.08922,-53.18782,-3390.00000
0.76050,0.75919,0.76478,0.76346,0.75689,0.31353,0.30925,0.31254,0.30530,0.31320,0.09086,0.08757,0.08987,0.08527,0.08955,-53.18782,-3389.00000
0.76544,0.76314,0.76445,0.75787,0.75393,0.30432,0.30925,0.30859,0.30596,0.30794,0.08823,0.08626,0.08658,0.09053,0.08593,-52.21891,-3388.00000
0.75491,0.76050,0.75722,0.76346,0.76511,0.30958,0.31155,0.30465,0.30859,0.30662,0.08790,0.08922,0.08626,0.08856,0.08823,-52.21891,-3387.00000
0.76807,0.76149,0.76379,0.76511,0.75985,0.31188,0.30530,0.31122,0.30892,0.30892,0.08691,0.08790,0.08757,0.09251,0.08790,-53.42147,-3386.00000
0.75754,0.76018,0.76445,0.76807,0.76215,0.31155,0.30333,0.30596,0.31122,0.31090,0.08922,0.08922,0.09020,0.08658,0.08626,-53.42147,-3385.00000
0.75360,0.76281,0.76182,0.75787,0.75820,0.31122,0.31024,0.31024,0.30498,0.30892,0.08658,0.08790,0.08560,0.09053,0.09053,-54.37187,-3384.00000
0.75754,0.75787,0.76149,0.76708,0.75853,0.30202,0.30859,0.31221,0.31188,0.31057,0.08889,0.08955,0.09119,0.08757,0.08955,-54.37187,-3383.00000
0.76050,0.76774,0.76050,0.76643,0.76379,0.30695,0.31188,0.30826,0.30761,0.30629,0.08593,0.08626,0.09053,0.08757,0.08626,-54.55654,-3382.00000
0.76281,0.75623,0.75952,0.76083,0.75886,0.31057,0.30728,0.30991,0.31353,0.30728,0.08856,0.08823,0.08461,0.09020,0.08626,-54.55654,-3381.00000
0.76675,0.75919,0.75820,0.76149,0.76215,0.30728,0.31320,0.31221,0.30728,0.30465,0.08922,0.08428,0.08494,0.08823,0.08922,-55.31294,-3380.00000
0.75458,0.75524,0.75722,0.75886,0.75985,0.30826,0.30991,0.30859,0.30958,0.30826,0.08428,0.08461,0.08922,0.08461,0.09020,-55.31294,-3379.00000
0.75787,0.76116,0.75754,0.75426,0.75985,0.30925,0.31057,0.31155,0.31254,0.30761,0.08889,0.08593,0.09119,0.08724,0.08922,-55.25168,-3378.00000
0.76182,0.76379,0.75590,0.76314,0.75754,0.30892,0.31057,0.30991,0.30530,0.30794,0.08593,0.08362,0.09086,0.08856,0.08757,-55.25168,-3377.00000
0.75754,0.76807,0.75919,0.75886,0.76675,0.30925,0.30892,0.30629,0.30826,0.30892,0.08987,0.08856,0.08691,0.08626,0.09251,-55.25035,-3376.00000
0.75590,0.75228,0.76248,0.75623,0.75623,0.30859,0.31090,0.31057,0.30826,0.30300,0.08428,0.08889,0.08823,0.08527,0.08955,-55.25035,-3375.00000
0.76248,0.75524,0.75689,0.75853,0.75524,0.30859,0.30794,0.31122,0.30563,0.30103,0.08428,0.08527,0.09316,0.08626,0.08987,-55.06902,-3374.00000
0.76314,0.75853,0.75853,0.76083,0.75557,0.30563,0.31155,0.31418,0.31155,0.31024,0.08757,0.09152,0.08757,0.09119,0.08889,-55.06902,-3373.00000
0.75787,0.76050,0.75952,0.75952,0.75985,0.31188,0.31122,0.30596,0.31024,0.30563,0.09020,0.09053,0.09316,0.09020,0.08790,-54.96127,-3372.00000
0.75886,0.75985,0.76445,0.75853,0.76511,0.31221,0.30925,0.31024,0.30728,0.30563,0.08691,0.08823,0.08955,0.08987,0.08922,-54.96127,-3371.00000
0.76182,0.75820,0.75754,0.75919,0.76314,0.30333,0.30498,0.30695,0.30925,0.30991,0.08724,0.08658,0.08724,0.08823,0.08527,-55.43230,-3370.00000
0.75656,0.76149,0.75886,0.76018,0.75952,0.31320,0.31122,0.30563,0.30925,0.30432,0.08658,0.08395,0.09218,0.08757,0.08724,-55.43230,-3369.00000
0.76873,0.75689,0.76248,0.75820,0.76412,0.31057,0.30761,0.30892,0.31155,0.31221,0.08790,0.09053,0.08724,0.08658,0.08494,-56.11459,-3368.00000
0.76412,0.75886,0.76116,0.76248,0.75689,0.30563,0.31418,0.31155,0.30991,0.31418,0.08494,0.09086,0.08691,0.08691,0.08560,-56.11459,-3367.00000
0.75820,0.76445,0.76281,0.75491,0.75754,0.31024,0.30432,0.30859,0.30563,0.30761,0.08757,0.09086,0.08560,0.09218,0.08757,-56.38249,-3366.00000
0.75853,0.75656,0.75886,0.76116,0.75656,0.30794,0.30728,0.31155,0.30662,0.31057,0.09185,0.08527,0.09251,0.09020,0.08823,-56.38249,-3365.00000
0.75853,0.76018,0.75886,0.75919,0.75524,0.30761,0.30925,0.31287,0.31320,0.30826,0.08889,0.08461,0.08724,0.08362,0.08560,-55.74007,-3364.00000
0.75820,0.76445,0.76116,0.76807,0.76248,0.31221,0.30465,0.31122,0.30925,0.30761,0.08626,0.08395,0.08330,0.08987,0.08560,-55.74007,-3363.00000
0.76116,0.76379,0.75985,0.76643,0.75722,0.31024,0.31451,0.30826,0.31386,0.31287,0.09152,0.08889,0.08626,0.08790,0.08527,-55.43107,-3362.00000
0.76149,0.76149,0.76675,0.75985,0.75590,0.31122,0.31024,0.30761,0.31155,0.30925,0.08527,0.09185,0.08987,0.08724,0.08724,-55.43107,-3361.00000
0.76248,0.76610,0.76544,0.76149,0.76281,0.30662,0.30465,0.31155,0.30563,0.30662,0.08790,0.08889,0.08593,0.08987,0.08691,-55.94063,-3360.00000
0.75886,0.75787,0.75952,0.76116,0.76281,0.30925,0.30794,0.31320,0.30794,0.30596,0.08362,0.08757,0.08658,0.09152,0.08823,-55.94063,-3359.00000
0.76215,0.76083,0.76346,0.75754,0.76116,0.31254,0.30695,0.30925,0.30925,0.30794,0.08593,0.09053,0.08790,0.08922,0.08658,-55.81211,-3358.00000
0.75261,0.76083,0.75919,0.75952,0.75787,0.30892,0.30695,0.30662,0.30892,0.30826,0.08856,0.09251,0.08922,0.08922,0.08856,-55.81211,-3357.00000
0.75985,0.75919,0.76346,0.76346,0.75557,0.30892,0.31090,0.30465,0.30826,0.30399,0.08658,0.08461,0.08856,0.08823,0.08922,-55.40606,-3356.00000
0.75886,0.75689,0.76149,0.76215,0.75623,0.30794,0.31090,0.31188,0.30728,0.30761,0.09020,0.08527,0.08987,0.08823,0.08889,-55.40606,-3355.00000
0.76314,0.76314,0.75426,0.75985,0.75985,0.31122,0.31287,0.31155,0.31024,0.31090,0.08987,0.08330,0.09382,0.08790,0.08790,-55.00283,-3354.00000
0.76018,0.75360,0.75689,0.75853,0.75722,0.31320,0.30695,0.30728,0.30498,0.30530,0.08428,0.09020,0.08955,0.08856,0.08658,-55.00283,-3353.00000
0.76379,0.76050,0.75689,0.76511,0.75919,0.31353,0.30794,0.30662,0.30596,0.31122,0.09053,0.08790,0.08823,0.08724,0.09185,-55.05757,-3352.00000
0.75787,0.75985,0.76248,0.75491,0.75754,0.30794,0.30629,0.30629,0.30925,0.30794,0.08626,0.08790,0.08461,0.08889,0.08724,-55.05757,-3351.00000
0.76511,0.76215,0.75524,0.75787,0.75689,0.30596,0.30728,0.31484,0.31057,0.30498,0.08691,0.08790,0.08757,0.08757,0.08922,-55.82224,-3350.00000
0.75787,0.75853,0.75327,0.76281,0.76083,0.30662,0.30958,0.30925,0.30991,0.30925,0.08362,0.08395,0.09020,0.08494,0.08922,-55.82224,-3349.00000
0.75524,0.76445,0.75886,0.75623,0.75722,0.31024,0.30925,0.30826,0.30925,0.30892,0.08790,0.08889,0.08527,0.08955,0.09053,-55.03026,-3348.00000
0.76478,0.76182,0.76248,0.75952,0.75985,0.31090,0.30761,0.30794,0.31287,0.30761,0.09283,0.08757,0.08658,0.09020,0.08987,-55.03026,-3347.00000
0.75985,0.76379,0.75985,0.75820,0.75985,0.31024,0.31024,0.31287,0.30728,0.30892,0.08987,0.08889,0.08757,0.09218,0.08626,-55.33495,-3346.00000
0.75458,0.75952,0.76379,0.76281,0.76050,0.30925,0.30432,0.30958,0.31747,0.30761,0.08691,0.08724,0.08790,0.08527,0.08823,-55.33495,-3345.00000
0.76116,0.76248,0.75787,0.76050,0.76050,0.30728,0.30794,0.31221,0.30596,0.30761,0.08757,0.09086,0.08593,0.08428,0.08922,-56.13672,-3344.00000
0.76478,0.76018,0.75886,0.75820,0.76248,0.31057,0.30826,0.30728,0.30728,0.30728,0.09053,0.08757,0.08922,0.08955,0.09119,-56.13672,-3343.00000
0.76281,0.76511,0.75590,0.76445,0.76577,0.30826,0.30563,0.30794,0.30826,0.31155,0.08527,0.09218,0.08955,0.09119,0.08922,-56.29590,-3342.00000
0.75853,0.76314,0.76281,0.76544,0.76149,0.30925,0.30925,0.30958,0.31188,0.30498,0.09218,0.08823,0.08823,0.08856,0.08922,-56.29590,-3341.00000
0.76116,0.75754,0.75524,0.75689,0.76116,0.30366,0.31188,0.30826,0.30958,0.30563,0.08461,0.08658,0.08889,0.08790,0.08922,-55.31836,-3340.00000
0.76215,0.75458,0.76149,0.76478,0.75985,0.30991,0.31024,0.30695,0.30826,0.30596,0.08724,0.08922,0.09053,0.08724,0.08823,-55.31836,-3339.00000
0.76281,0.75689,0.76281,0.76478,0.76379,0.30991,0.31320,0.31090,0.30695,0.31155,0.08856,0.08757,0.08889,0.08987,0.09119,-55.80127,-3338.00000
0.76149,0.75985,0.76544,0.75393,0.76215,0.31320,0.31418,0.30859,0.31024,0.30761,0.08889,0.09086,0.08856,0.08856,0.09119,-55.80127,-3337.00000
0.76511,0.75623,0.75853,0.76182,0.75853,0.31221,0.30662,0.30728,0.31386,0.30892,0.09053,0.08724,0.08527,0.08724,0.08691,-55.92310,-3336.00000
0.76478,0.75919,0.76182,0.76149,0.75919,0.31188,0.31155,0.31122,0.30826,0.30596,0.08889,0.08922,0.08987,0.08823,0.08823,-55.92310,-3335.00000
0.75623,0.75952,0.76511,0.75952,0.76018,0.31122,0.30761,0.31221,0.31122,0.31057,0.08658,0.08724,0.08658,0.08658,0.08626,-55.77161,-3334.00000
0.76116,0.76314,0.75656,0.76182,0.76018,0.30859,0.31057,0.31550,0.30629,0.31254,0.08593,0.08922,0.08823,0.08757,0.08658,-55.77161,-3333.00000
0.75820,0.76314,0.76083,0.76281,0.75985,0.31353,0.30794,0.30826,0.31090,0.31122,0.08856,0.08922,0.08757,0.08955,0.08560,-55.64948,-3332.00000
0.75261,0.75524,0.76281,0.76018,0.75919,0.30432,0.30794,0.30892,0.30892,0.30629,0.09053,0.08922,0.08691,0.08823,0.08889,-55.64948,-3331.00000
0.75722,0.76018,0.76544,0.75623,0.76182,0.30728,0.31090,0.30662,0.30761,0.30695,0.08527,0.08658,0.08790,0.08823,0.08724,-55.62991,-3330.00000
0.75524,0.75853,0.75458,0.75820,0.75393,0.31517,0.30892,0.31090,0.31287,0.30728,0.08428,0.09119,0.08790,0.08823,0.08560,-55.62991,-3329.00000
0.76050,0.75820,0.75919,0.76379,0.76018,0.31188,0.30826,0.30958,0.30958,0.30892,0.08395,0.08823,0.09152,0.08724,0.08658,-55.74220,-3328.00000
0.75754,0.76050,0.75754,0.75228,0.76511,0.30728,0.30892,0.30925,0.31024,0.30958,0.08658,0.08691,0.08691,0.08889,0.08494,-55.74220,-3327.00000
0.76018,0.75820,0.75787,0.76215,0.76314,0.30794,0.30202,0.31057,0.30925,0.30596,0.08724,0.08560,0.08658,0.09086,0.08987,-55.16602,-3326.00000
0.75557,0.76182,0.75985,0.76116,0.75689,0.30530,0.30563,0.31155,0.31024,0.31024,0.08626,0.08560,0.08856,0.09119,0.08626,-55.16602,-3325.00000
0.75952,0.76083,0.75919,0.75623,0.75261,0.30958,0.30728,0.30629,0.30859,0.31155,0.08297,0.08658,0.08691,0.08856,0.08955,-55.70069,-3324.00000
0.75853,0.76412,0.76281,0.75458,0.76182,0.31122,0.30662,0.30432,0.30333,0.30596,0.08922,0.08889,0.09053,0.08856,0.08691,-55.70069,-3323.00000
0.76182,0.75787,0.75393,0.76116,0.75919,0.30826,0.30925,0.30465,0.30892,0.30826,0.08593,0.08330,0.09086,0.08395,0.08593,-55.60913,-3322.00000
0.76346,0.76445,0.76050,0.75689,0.75820,0.31353,0.30794,0.30892,0.31188,0.31024,0.09119,0.08724,0.08724,0.09020,0.08626,-55.60913,-3321.00000
0.76281,0.76314,0.75787,0.75656,0.76544,0.30826,0.30761,0.30498,0.30761,0.30892,0.09053,0.08757,0.08757,0.08889,0.08856,-55.16785,-3320.00000
0.76840,0.75853,0.75820,0.75919,0.76708,0.31057,0.30596,0.31188,0.31287,0.31057,0.08691,0.08922,0.08691,0.09119,0.08757,-55.16785,-3319.00000
0.76248,0.75656,0.75952,0.75919,0.75656,0.30761,0.30695,0.30859,0.30662,0.30530,0.08560,0.08856,0.08790,0.09053,0.08757,-55.46967,-3318.00000
0.75722,0.75985,0.76215,0.76610,0.76083,0.30761,0.30695,0.30761,0.30925,0.30629,0.08724,0.08987,0.09086,0.08494,0.09053,-55.46967,-3317.00000
0.75919,0.75952,0.75787,0.75787,0.75886,0.30991,0.30300,0.30695,0.31090,0.30991,0.08626,0.08790,0.08658,0.08955,0.08593,-55.33981,-3316.00000
0.75722,0.76018,0.76050,0.76610,0.76083,0.30629,0.30728,0.31024,0.30399,0.31287,0.08132,0.08889,0.08527,0.09086,0.08955,-55.33981,-3315.00000
0.75656,0.75919,0.76643,0.76577,0.75754,0.30859,0.30859,0.30366,0.30925,0.30892,0.08658,0.08658,0.08691,0.08823,0.08823,-55.43114,-3314.00000
0.76379,0.76050,0.76215,0.75722,0.75919,0.30695,0.30728,0.30629,0.31024,0.30892,0.08691,0.08724,0.08428,0.08626,0.08757,-55.43114,-3313.00000
0.75820,0.75985,0.76083,0.76083,0.76281,0.31122,0.31320,0.31090,0.30859,0.30958,0.08724,0.08889,0.08889,0.08527,0.08889,-55.41576,-3312.00000
0.76248,0.75820,0.75886,0.76643,0.75656,0.31024,0.30267,0.31254,0.30530,0.30563,0.09152,0.08428,0.08626,0.08823,0.08790,-55.41576,-3311.00000
0.76248,0.75787,0.75952,0.76215,0.75590,0.30761,0.31418,0.30695,0.30629,0.30991,0.08955,0.08757,0.08626,0.08724,0.08889,-55.67907,-3310.00000
0.76379,0.75919,0.76215,0.76412,0.76182,0.30596,0.30859,0.30991,0.30859,0.30892,0.08527,0.08560,0.09020,0.08593,0.08922,-55.67907,-3309.00000
0.75886,0.76116,0.76314,0.76610,0.76182,0.31254,0.30728,0.30498,0.31188,0.31155,0.08593,0.08626,0.08395,0.08856,0.08724,-56.10614,-3308.00000
0.76478,0.76248,0.75985,0.76840,0.75820,0.30958,0.30991,0.30761,0.30826,0.31024,0.09053,0.08856,0.08593,0.08527,0.09152,-56.10614,-3307.00000
0.75458,0.75656,0.76412,0.75853,0.75754,0.31024,0.30695,0.30892,0.30826,0.30826,0.08593,0.08724,0.09185,0.08889,0.08593,-56.35873,-3306.00000
0.75754,0.75952,0.76445,0.75524,0.75557,0.30695,0.30958,0.30958,0.30991,0.30892,0.08593,0.08724,0.08856,0.09119,0.08823,-56.35873,-3305.00000
0.76379,0.75919,0.76577,0.75689,0.75985,0.30859,0.31090,0.31188,0.30662,0.30925,0.08987,0.09152,0.08691,0.08658,0.08724,-56.13591,-3304.00000
0.76182,0.75656,0.76149,0.76083,0.75853,0.30859,0.30892,0.30794,0.30695,0.30530,0.08626,0.08922,0.09086,0.08560,0.09152,-56.13591,-3303.00000
0.75491,0.76840,0.75919,0.76478,0.75952,0.31254,0.30629,0.31221,0.30892,0.31155,0.09020,0.09119,0.08922,0.08823,0.08494,-56.05868,-3302.00000
0.76215,0.75656,0.76050,0.76116,0.76248,0.31188,0.30695,0.30925,0.31122,0.30629,0.08658,0.08889,0.08724,0.08856,0.08691,-56.05868,-3301.00000
0.75853,0.75919,0.75952,0.76741,0.76873,0.30859,0.31090,0.31155,0.30695,0.31386,0.08626,0.08527,0.08922,0.08330,0.08724,-55.62944,-3300.00000
0.75952,0.75820,0.76281,0.75590,0.76182,0.31024,0.30892,0.31386,0.30695,0.30826,0.08922,0.08823,0.08724,0.08790,0.08560,-55.62944,-3299.00000
0.75590,0.75853,0.76577,0.75787,0.75294,0.30892,0.30892,0.31155,0.30629,0.31024,0.09020,0.08889,0.08658,0.08362,0.08593,-55.96413,-3298.00000
0.76281,0.76281,0.76511,0.75656,0.75985,0.31024,0.30662,0.30695,0.30333,0.30728,0.08856,0.08955,0.09020,0.08955,0.08889,-55.96413,-3297.00000
0.75919,0.75952,0.75294,0.75886,0.75656,0.30695,0.30794,0.30826,0.30892,0.30662,0.08658,0.08593,0.08922,0.08757,0.08461,-55.59437,-3296.00000
0.75952,0.76149,0.75787,0.76445,0.75491,0.30892,0.31221,0.30794,0.30991,0.31024,0.08691,0.08823,0.09053,0.08593,0.08889,-55.59437,-3295.00000
0.76083,0.77004,0.75294,0.75491,0.76248,0.30399,0.31024,0.31155,0.31221,0.31386,0.08922,0.08724,0.09020,0.08658,0.08264,-55.16291,-3294.00000
0.76248,0.75294,0.75426,0.76215,0.76083,0.30366,0.30826,0.30695,0.31090,0.31155,0.08790,0.08691,0.08494,0.08658,0.08790,-55.16291,-3293.00000
0.75853,0.76050,0.75458,0.75787,0.76018,0.30859,0.30695,0.30662,0.30958,0.30925,0.08955,0.08757,0.08691,0.08658,0.08658,-55.13761,-3292.00000
0.76314,0.75919,0.75656,0.75689,0.75261,0.30859,0.30958,0.30958,0.30991,0.30530,0.08823,0.08658,0.08395,0.08823,0.08593,-55.13761,-3291.00000
0.75524,0.76281,0.75064,0.76050,0.76478,0.30761,0.30563,0.31221,0.30991,0.31155,0.08494,0.08560,0.08461,0.08724,0.09020,-53.94331,-3290.00000
0.75919,0.75722,0.75590,0.76018,0.76018,0.31386,0.30794,0.31353,0.30629,0.30629,0.08790,0.08856,0.08658,0.08856,0.08823,-53.94331,-3289.00000
0.75491,0.75689,0.76018,0.75689,0.75952,0.31320,0.30530,0.30530,0.30530,0.30859,0.08691,0.08494,0.08362,0.08264,0.08922,-52.45261,-3288.00000
0.75952,0.75656,0.76314,0.75623,0.75524,0.30629,0.30925,0.31090,0.30399,0.30826,0.08757,0.08922,0.08823,0.08856,0.08593,-52.45261,-3287.00000
0.75722,0.75952,0.75722,0.75393,0.75426,0.30728,0.30662,0.30761,0.30892,0.30991,0.08790,0.08593,0.08955,0.08823,0.08494,-52.19555,-3286.00000
0.75919,0.75787,0.75524,0.76050,0.76182,0.30794,0.30728,0.30103,0.30925,0.30695,0.08691,0.08757,0.08560,0.08527,0.08724,-52.19555,-3285.00000
0.76050,0.75820,0.75327,0.75524,0.75919,0.30432,0.30958,0.30892,0.31254,0.30991,0.09020,0.08757,0.09119,0.08626,0.08724,-54.02014,-3284.00000
0.75393,0.75853,0.75426,0.75722,0.75952,0.30925,0.30629,0.31386,0.30859,0.30958,0.08461,0.08790,0.08856,0.08362,0.08757,-54.02014,-3283.00000
0.76412,0.76346,0.75426,0.76018,0.75886,0.30728,0.30728,0.30629,0.30826,0.30859,0.08494,0.08691,0.08527,0.08198,0.08987,-54.32696,-3282.00000
0.75919,0.75853,0.76149,0.76708,0.76050,0.30826,0.31057,0.31024,0.30399,0.30991,0.08987,0.08658,0.08790,0.08889,0.08658,-54.32696,-3281.00000
0.76445,0.75787,0.76215,0.75689,0.75886,0.30794,0.30892,0.30925,0.30826,0.30892,0.09053,0.08658,0.08626,0.08691,0.08823,-54.70987,-3280.00000
0.76379,0.76741,0.75886,0.75623,0.76083,0.30859,0.30958,0.31057,0.30925,0.30991,0.08856,0.08889,0.08626,0.08856,0.08724,-54.70987,-3279.00000
0.75985,0.75623,0.75458,0.75919,0.75754,0.31057,0.31024,0.31090,0.30958,0.30925,0.08757,0.08527,0.08987,0.08757,0.08593,-55.54585,-3278.00000
0.76511,0.75656,0.76116,0.76412,0.76182,0.30925,0.30563,0.30662,0.30826,0.31057,0.08987,0.08757,0.08987,0.08494,0.08823,-55.54585,-3277.00000
0.75261,0.76346,0.75722,0.76149,0.76445,0.30432,0.30629,0.30892,0.30662,0.30695,0.08724,0.09053,0.09020,0.08264,0.08889,-55.91502,-3276.00000
0.76675,0.76643,0.76215,0.75754,0.76643,0.31090,0.30662,0.30826,0.30925,0.31090,0.08889,0.08757,0.08593,0.08955,0.08757,-55.91502,-3275.00000
0.76050,0.76577,0.76445,0.76182,0.75820,0.30629,0.30826,0.30728,0.30432,0.31024,0.08494,0.08987,0.08724,0.08922,0.08724,-55.99462,-3274.00000
0.75985,0.75853,0.76116,0.76248,0.75952,0.30794,0.31155,0.30991,0.30629,0.31024,0.08658,0.08987,0.08790,0.08691,0.08626,-55.99462,-3273.00000
0.75919,0.76445,0.76643,0.75919,0.75623,0.31155,0.31155,0.30958,0.30925,0.31057,0.08889,0.08461,0.08527,0.08658,0.08626,-55.19457,-3272.00000
0.75754,0.76379,0.76083,0.76116,0.76248,0.31550,0.30925,0.31254,0.30695,0.30596,0.08757,0.08560,0.08889,0.08889,0.08757,-55.19457,-3271.00000
0.76083,0.76083,0.76018,0.76379,0.76248,0.31386,0.30794,0.30859,0.30563,0.31024,0.08560,0.08757,0.08955,0.09020,0.08691,-55.36096,-3270.00000
0.76708,0.76379,0.75557,0.76511,0.76577,0.31090,0.31320,0.30958,0.31057,0.30892,0.08593,0.08428,0.08823,0.08823,0.08658,-55.36096,-3269.00000
0.76314,0.76248,0.75985,0.76511,0.76050,0.31057,0.31057,0.31057,0.30695,0.31386,0.08823,0.08724,0.09086,0.08626,0.08691,-55.42218,-3268.00000
0.75919,0.76511,0.76379,0.76050,0.76083,0.31353,0.31090,0.30662,0.31320,0.31221,0.08790,0.08494,0.08922,0.08593,0.08889,-55.42218,-3267.00000
0.76675,0.76445,0.75754,0.76346,0.76116,0.31517,0.31155,0.31057,0.30991,0.31188,0.08395,0.09053,0.08691,0.08823,0.08626,-55.53091,-3266.00000
0.76346,0.76215,0.75985,0.76675,0.76050,0.30794,0.30629,0.30695,0.31155,0.30859,0.08330,0.08790,0.08691,0.08626,0.08724,-55.53091,-3265.00000
0.76149,0.75820,0.76577,0.76083,0.75656,0.31451,0.30958,0.30498,0.30892,0.30498,0.08757,0.08790,0.08757,0.08922,0.08757,-55.68782,-3264.00000
0.76281,0.76050,0.75623,0.76215,0.75722,0.31188,0.31090,0.30695,0.31451,0.30596,0.09053,0.08889,0.08922,0.08691,0.08955,-55.68782,-3263.00000
0.75590,0.76182,0.75557,0.76610,0.75524,0.30498,0.31353,0.30826,0.31188,0.30892,0.08955,0.08856,0.08691,0.08395,0.08658,-55.78580,-3262.00000
0.75886,0.75787,0.75754,0.75656,0.76675,0.30761,0.30695,0.30925,0.31057,0.30465,0.08790,0.09185,0.08461,0.08724,0.08593,-55.78580,-3261.00000
0.76050,0.75689,0.76116,0.75853,0.76478,0.31090,0.30662,0.31090,0.31320,0.31484,0.08297,0.08691,0.08757,0.08691,0.08428,-54.94124,-3260.00000
0.76182,0.75952,0.76116,0.76116,0.76478,0.31155,0.30991,0.31057,0.30662,0.30761,0.08823,0.08987,0.08724,0.08724,0.08593,-54.94124,-3259.00000
0.76116,0.76281,0.76083,0.76675,0.75919,0.31353,0.30859,0.30794,0.30728,0.30826,0.08691,0.08955,0.08527,0.08724,0.08461,-55.72990,-3258.00000
0.76346,0.76314,0.75393,0.76379,0.76346,0.30695,0.30761,0.30958,0.30728,0.31188,0.08757,0.08856,0.08658,0.08560,0.08395,-55.72990,-3257.00000
0.76182,0.75590,0.76346,0.75985,0.75722,0.30333,0.30761,0.30892,0.31418,0.30728,0.08823,0.08987,0.09020,0.08658,0.08790,-55.84835,-3256.00000
0.76314,0.76215,0.75623,0.75952,0.76478,0.30958,0.30432,0.31024,0.30498,0.31024,0.08527,0.08856,0.09119,0.08691,0.08790,-55.84835,-3255.00000
0.76050,0.75491,0.76544,0.75623,0.75623,0.31090,0.31057,0.30728,0.31057,0.31221,0.08922,0.08626,0.08626,0.08823,0.08593,-55.83189,-3254.00000
0.76445,0.75787,0.75886,0.76248,0.75919,0.30991,0.31057,0.30826,0.31221,0.30761,0.09251,0.08790,0.08955,0.08428,0.08626,-55.83189,-3253.00000
0.75919,0.75985,0.76018,0.76248,0.75985,0.30596,0.30728,0.30695,0.30761,0.31057,0.08658,0.08494,0.08757,0.08626,0.08724,-55.89690,-3252.00000
0.76643,0.75853,0.75820,0.76445,0.75952,0.31221,0.31024,0.31122,0.30826,0.30892,0.08889,0.08395,0.08889,0.08593,0.08658,-55.89690,-3251.00000
0.76050,0.76018,0.76050,0.75853,0.76050,0.30892,0.30563,0.30728,0.30695,0.31024,0.08691,0.08626,0.08823,0.08889,0.09086,-55.43869,-3250.00000
0.75919,0.75886,0.76050,0.76182,0.75853,0.30563,0.30925,0.30892,0.30728,0.30761,0.08461,0.08922,0.08658,0.08461,0.08494,-55.43869,-3249.00000
0.75393,0.75886,0.76050,0.75557,0.75031,0.30596,0.30925,0.31024,0.30465,0.30925,0.08626,0.08856,0.08494,0.08560,0.09020,-55.75401,-3248.00000
0.76379,0.75919,0.75590,0.75656,0.75985,0.31386,0.31188,0.30695,0.30695,0.30925,0.08889,0.08593,0.08593,0.08691,0.08889,-55.75401,-3247.00000
0.75919,0.75853,0.75886,0.75656,0.75820,0.30563,0.30892,0.31155,0.30991,0.30563,0.08691,0.08790,0.08856,0.08823,0.08724,-55.96050,-3246.00000
0.75590,0.75623,0.75491,0.75754,0.76346,0.30892,0.30859,0.30695,0.30761,0.30728,0.08658,0.08856,0.08889,0.08494,0.08757,-55.96050,-3245.00000
0.75360,0.76018,0.75820,0.75656,0.76412,0.30892,0.30958,0.30629,0.31122,0.30596,0.09053,0.08527,0.08856,0.09086,0.08790,-56.39090,-3244.00000
0.75952,0.75458,0.75524,0.76018,0.75985,0.30794,0.30859,0.30629,0.31254,0.30892,0.08626,0.08922,0.08494,0.09053,0.08691,-56.39090,-3243.00000
0.75787,0.75294,0.76807,0.75557,0.75162,0.31386,0.30794,0.31122,0.30498,0.30596,0.08297,0.08593,0.08560,0.08593,0.08428,-55.30726,-3242.00000
0.76346,0.75426,0.76083,0.75261,0.76149,0.31188,0.31254,0.31155,0.30991,0.30761,0.08823,0.08790,0.08889,0.08461,0.08461,-55.30726,-3241.00000
0.75853,0.76215,0.75853,0.76050,0.76116,0.30826,0.31024,0.30662,0.31057,0.30991,0.08757,0.08395,0.08395,0.08987,0.08757,-55.66144,-3240.00000
0.75754,0.76182,0.75919,0.75557,0.75458,0.31122,0.30662,0.31122,0.30629,0.30465,0.08856,0.08691,0.08461,0.08593,0.08494,-55.66144,-3239.00000
0.75820,0.75722,0.75689,0.76050,0.75787,0.30859,0.31024,0.31122,0.31155,0.30925,0.08626,0.08527,0.08461,0.08626,0.08593,-56.25846,-3238.00000
0.75491,0.75458,0.75919,0.76412,0.76149,0.30958,0.30826,0.31155,0.31057,0.31254,0.09086,0.08724,0.08395,0.08494,0.08297,-56.25846,-3237.00000
0.75623,0.75689,0.76478,0.76116,0.75064,0.30596,0.30761,0.30695,0.31155,0.30662,0.08626,0.08593,0.08757,0.08658,0.08264,-55.55599,-3236.00000
0.76478,0.76675,0.75656,0.76248,0.75064,0.30267,0.30300,0.30958,0.31155,0.30662,0.08955,0.08527,0.08757,0.08264,0.08823,-55.55599,-3235.00000
0.75853,0.76182,0.76116,0.75689,0.75985,0.30662,0.30859,0.31287,0.30925,0.30794,0.08395,0.08889,0.08922,0.08593,0.08691,-55.92741,-3234.00000
0.76083,0.76149,0.76182,0.75820,0.75656,0.30530,0.30826,0.31418,0.31451,0.31024,0.08790,0.08527,0.08691,0.08527,0.08560,-55.92741,-3233.00000
0.76346,0.75656,0.75820,0.75886,0.75590,0.30991,0.30892,0.31024,0.30629,0.31320,0.08593,0.08626,0.08691,0.08757,0.08626,-55.79818,-3232.00000
0.75886,0.76149,0.75886,0.75623,0.76314,0.30925,0.31583,0.30728,0.30925,0.30925,0.08724,0.08691,0.08724,0.08527,0.08658,-55.79818,-3231.00000
0.75491,0.75656,0.76248,0.76116,0.75656,0.30958,0.31090,0.30925,0.30892,0.30925,0.08691,0.08461,0.08132,0.08560,0.08362,-55.87272,-3230.00000
0.75952,0.75919,0.75919,0.75491,0.75754,0.30958,0.30826,0.31057,0.30596,0.31386,0.08428,0.08987,0.08593,0.08889,0.08461,-55.87272,-3229.00000
0.76314,0.76412,0.75623,0.76281,0.76346,0.30991,0.30761,0.31057,0.30695,0.30859,0.08560,0.08790,0.08724,0.08527,0.08889,-55.84408,-3228.00000
0.75689,0.75491,0.76478,0.75491,0.75722,0.30596,0.30826,0.30695,0.30892,0.30826,0.08823,0.08428,0.08330,0.08560,0.08658,-55.84408,-3227.00000
0.76050,0.76248,0.75590,0.75820,0.75952,0.30826,0.31254,0.30695,0.30662,0.31287,0.08658,0.08955,0.08757,0.08560,0.08823,-56.47673,-3226.00000
0.76281,0.76116,0.76478,0.75919,0.75557,0.31057,0.31024,0.30892,0.30300,0.30794,0.08691,0.09119,0.08626,0.09020,0.08757,-56.47673,-3225.00000
0.75886,0.76412,0.76248,0.75689,0.75162,0.31024,0.30958,0.30826,0.30958,0.31188,0.08955,0.09218,0.08790,0.08691,0.08856,-56.00936,-3224.00000
0.75853,0.76182,0.76149,0.76018,0.76248,0.30794,0.30662,0.30794,0.30925,0.30859,0.08889,0.09020,0.08691,0.08823,0.08856,-56.00936,-3223.00000
0.75919,0.75754,0.76018,0.75886,0.75820,0.30728,0.30695,0.30629,0.31090,0.30563,0.08922,0.08987,0.08593,0.08330,0.08165,-55.57304,-3222.00000
0.75952,0.75458,0.75952,0.75853,0.75853,0.30892,0.31418,0.30859,0.31188,0.30498,0.08297,0.09086,0.08626,0.08264,0.09020,-55.57304,-3221.00000
0.75820,0.75853,0.75952,0.75228,0.75689,0.30925,0.31057,0.30629,0.30991,0.30728,0.08955,0.08593,0.08658,0.08264,0.08757,-55.34267,-3220.00000
0.75130,0.76511,0.75426,0.75689,0.75261,0.31287,0.30826,0.31122,0.31057,0.30761,0.08823,0.08362,0.08626,0.09020,0.08658,-55.34267,-3219.00000
0.75722,0.76050,0.75524,0.75491,0.75130,0.30958,0.30859,0.30728,0.30958,0.30958,0.08823,0.08560,0.08922,0.08626,0.08297,-56.21626,-3218.00000
0.75195,0.75557,0.75886,0.75623,0.75491,0.30695,0.30991,0.31649,0.30333,0.31155,0.08593,0.08922,0.08626,0.08790,0.08658,-56.21626,-3217.00000
0.75722,0.76182,0.76511,0.75689,0.74965,0.30300,0.30695,0.30530,0.30761,0.30958,0.09053,0.08626,0.08724,0.08987,0.08560,-56.34787,-3216.00000
0.75689,0.75787,0.75820,0.75722,0.75458,0.30794,0.30465,0.30925,0.30563,0.30794,0.08593,0.09020,0.08560,0.08790,0.08231,-56.34787,-3215.00000
0.75458,0.75952,0.75491,0.75754,0.76018,0.30958,0.30333,0.30794,0.30761,0.30662,0.08987,0.08691,0.08658,0.08527,0.08790,-56.12560,-3214.00000
0.75919,0.75722,0.75524,0.75426,0.75853,0.30892,0.30563,0.31057,0.30498,0.30695,0.08691,0.08790,0.08560,0.08593,0.08560,-56.12560,-3213.00000
0.75722,0.75228,0.75886,0.75985,0.75886,0.30859,0.30991,0.30761,0.30300,0.30728,0.08461,0.08790,0.08330,0.08691,0.08593,-55.75811,-3212.00000
0.76281,0.75985,0.75722,0.75656,0.76149,0.30596,0.30794,0.30695,0.31155,0.31057,0.08922,0.08823,0.08658,0.08428,0.08626,-55.75811,-3211.00000
0.75031,0.75261,0.75952,0.76379,0.75656,0.30432,0.30794,0.30794,0.31024,0.30991,0.08593,0.08691,0.08757,0.08889,0.08494,-56.16763,-3210.00000
0.76116,0.75820,0.75820,0.76050,0.75557,0.31024,0.30794,0.30761,0.30794,0.30892,0.08593,0.08461,0.08527,0.08362,0.08330,-56.16763,-3209.00000
0.75689,0.75754,0.76149,0.75426,0.75787,0.30761,0.30728,0.30728,0.31155,0.30958,0.08560,0.08626,0.08757,0.08494,0.08658,-55.75227,-3208.00000
0.75491,0.75656,0.76379,0.75985,0.75886,0.31122,0.31451,0.30366,0.30728,0.30859,0.08560,0.08428,0.08724,0.08691,0.08691,-55.75227,-3207.00000
0.75261,0.75590,0.75722,0.75787,0.75623,0.30892,0.31024,0.30629,0.31320,0.30629,0.08823,0.08823,0.08955,0.08593,0.09020,-55.80338,-3206.00000
0.75327,0.75820,0.75524,0.76215,0.75919,0.30761,0.30794,0.30892,0.30958,0.30728,0.08658,0.08626,0.08527,0.08757,0.08593,-55.80338,-3205.00000
0.75557,0.75393,0.75557,0.76116,0.75360,0.30695,0.30859,0.31122,0.30728,0.31024,0.08494,0.08987,0.08626,0.08461,0.08527,-55.38460,-3204.00000
0.76083,0.75656,0.76182,0.75590,0.76018,0.30662,0.30826,0.30530,0.30826,0.30399,0.08494,0.08823,0.08658,0.08428,0.08593,-55.38460,-3203.00000
0.75853,0.76248,0.76050,0.75985,0.75820,0.30761,0.30794,0.30794,0.31057,0.30695,0.08691,0.08362,0.08593,0.08560,0.08428,-55.67814,-3202.00000
0.75656,0.76018,0.75458,0.76149,0.75689,0.30859,0.30465,0.30662,0.30794,0.30892,0.09020,0.08790,0.08165,0.08461,0.08626,-55.67814,-3201.00000
0.75623,0.76248,0.76544,0.75754,0.75590,0.30826,0.30826,0.30695,0.30892,0.30925,0.08626,0.08790,0.08724,0.08593,0.08691,-55.61495,-3200.00000
0.75426,0.75787,0.75820,0.76018,0.76182,0.31320,0.30333,0.30530,0.30859,0.30892,0.08231,0.08494,0.08922,0.08626,0.08461,-55.61495,-3199.00000
0.75787,0.75524,0.75130,0.75853,0.75557,0.30761,0.30794,0.30892,0.30925,0.31024,0.08560,0.08724,0.08593,0.08494,0.08658,-55.43687,-3198.00000
0.76050,0.75393,0.76018,0.75787,0.76281,0.30958,0.30958,0.31057,0.30695,0.30859,0.08724,0.08330,0.08757,0.08691,0.08724,-55.43687,-3197.00000
0.75458,0.75557,0.75458,0.75919,0.75985,0.30892,0.30695,0.30530,0.31221,0.30826,0.08691,0.08889,0.08428,0.08658,0.08362,-55.04509,-3196.00000
0.75294,0.76116,0.75754,0.75524,0.75820,0.30530,0.31221,0.31386,0.31024,0.31024,0.08461,0.08527,0.08724,0.08658,0.08494,-55.04509,-3195.00000
0.75853,0.75919,0.76050,0.75787,0.75689,0.30563,0.30728,0.30695,0.30892,0.30991,0.08461,0.08724,0.08527,0.08461,0.08593,-55.20077,-3194.00000
0.75524,0.76083,0.75130,0.75327,0.76248,0.30695,0.30859,0.30300,0.30629,0.30826,0.08428,0.08626,0.08823,0.08658,0.08691,-55.20077,-3193.00000
0.75985,0.75393,0.76281,0.75524,0.75689,0.31254,0.31057,0.30958,0.30498,0.30728,0.08395,0.08132,0.08198,0.08757,0.08132,-56.36259,-3192.00000
0.75919,0.75656,0.76050,0.75919,0.75754,0.30498,0.30662,0.31122,0.30695,0.30958,0.08658,0.08428,0.08231,0.08527,0.08165,-56.36259,-3191.00000
0.76215,0.75722,0.76116,0.76018,0.75458,0.30432,0.30629,0.30563,0.31155,0.30728,0.08395,0.08461,0.08593,0.08724,0.08560,-55.62514,-3190.00000
0.75722,0.75787,0.75623,0.75952,0.76379,0.30662,0.30826,0.30794,0.30596,0.30826,0.08494,0.08362,0.08856,0.08658,0.08198,-55.62514,-3189.00000
0.74998,0.75689,0.75393,0.76182,0.75886,0.30728,0.30662,0.30596,0.30366,0.30958,0.08757,0.08461,0.08527,0.08922,0.08757,-55.56160,-3188.00000
0.76116,0.76379,0.76083,0.76478,0.75952,0.30563,0.30859,0.30826,0.31024,0.31057,0.08724,0.08658,0.08494,0.08955,0.08428,-55.56160,-3187.00000
0.75426,0.76643,0.75689,0.75754,0.76379,0.30925,0.30991,0.30563,0.30596,0.31386,0.08362,0.08362,0.08593,0.08593,0.08856,-55.43705,-3186.00000
0.76018,0.76050,0.75426,0.75557,0.75919,0.30958,0.30629,0.30530,0.30366,0.30399,0.08362,0.08823,0.08494,0.08494,0.08593,-55.43705,-3185.00000
0.75689,0.76116,0.76083,0.76314,0.75985,0.31090,0.30794,0.31057,0.30892,0.30991,0.08428,0.08461,0.08691,0.08527,0.08494,-55.00124,-3184.00000
0.75722,0.76149,0.76116,0.75656,0.75820,0.30695,0.30859,0.30826,0.31024,0.31024,0.08626,0.08461,0.08461,0.08034,0.08560,-55.00124,-3183.00000
0.75590,0.76149,0.75754,0.75787,0.76050,0.30563,0.30695,0.31254,0.31122,0.31254,0.08724,0.08593,0.08527,0.08264,0.08395,-54.95179,-3182.00000
0.75557,0.75754,0.75656,0.75886,0.74998,0.31090,0.30530,0.30826,0.30596,0.30892,0.08889,0.08691,0.08593,0.08461,0.08955,-54.95179,-3181.00000
0.76281,0.75886,0.76379,0.75656,0.75853,0.30859,0.30958,0.30794,0.30859,0.30826,0.08856,0.08593,0.08626,0.08461,0.09152,-55.69611,-3180.00000
0.76083,0.76281,0.76346,0.76281,0.75919,0.30794,0.31090,0.31221,0.31254,0.30169,0.08658,0.08922,0.08494,0.08626,0.08790,-55.69611,-3179.00000
0.76116,0.75919,0.76412,0.75919,0.76050,0.31188,0.31024,0.30333,0.30629,0.30826,0.08362,0.08691,0.08494,0.08658,0.08362,-56.75431,-3178.00000
0.75393,0.76906,0.76379,0.76248,0.75919,0.30563,0.30695,0.30826,0.30169,0.30794,0.08823,0.08757,0.08362,0.08264,0.08757,-56.75431,-3177.00000
0.76445,0.75327,0.75820,0.75491,0.75985,0.30662,0.30498,0.30761,0.30991,0.31024,0.08066,0.08198,0.08428,0.08658,0.08658,-56.26289,-3176.00000
0.75919,0.76149,0.75919,0.76248,0.76248,0.30629,0.30892,0.31090,0.30695,0.31024,0.08691,0.08560,0.08428,0.08494,0.08626,-56.26289,-3175.00000
0.75590,0.75919,0.75491,0.76215,0.75985,0.30925,0.30958,0.30892,0.30267,0.30662,0.08724,0.08297,0.08790,0.08461,0.08691,-56.23936,-3174.00000
0.76083,0.75919,0.75162,0.75590,0.76281,0.30892,0.31320,0.30826,0.30695,0.30958,0.08790,0.08626,0.08593,0.08691,0.08691,-56.23936,-3173.00000
0.76379,0.76116,0.75426,0.76281,0.76511,0.30629,0.31122,0.31057,0.30925,0.31221,0.08658,0.08560,0.08691,0.08626,0.08626,-56.30083,-3172.00000
0.75557,0.76248,0.75754,0.75491,0.76149,0.31122,0.30859,0.30432,0.30859,0.30761,0.08658,0.08461,0.08593,0.08494,0.08395,-56.30083,-3171.00000
0.75656,0.75952,0.75853,0.75886,0.76083,0.30761,0.30859,0.30629,0.30958,0.30629,0.08922,0.08560,0.08823,0.08428,0.08560,-55.67239,-3170.00000
0.75426,0.76314,0.75590,0.75754,0.76445,0.30399,0.30695,0.30629,0.30826,0.31057,0.08724,0.08790,0.08593,0.08691,0.08626,-55.67239,-3169.00000
0.76248,0.75590,0.75327,0.76182,0.75886,0.30498,0.31024,0.30530,0.30794,0.30958,0.08658,0.08264,0.08461,0.08593,0.08461,-55.49000,-3168.00000
0.75787,0.75952,0.75754,0.75886,0.76182,0.31155,0.30728,0.30892,0.31090,0.31188,0.08527,0.08560,0.08724,0.08658,0.08428,-55.49000,-3167.00000
0.75557,0.76083,0.76050,0.75853,0.76018,0.31188,0.30695,0.30202,0.31122,0.31057,0.08922,0.08264,0.08593,0.08856,0.08494,-55.40125,-3166.00000
0.76050,0.76050,0.75787,0.75853,0.75689,0.31254,0.30728,0.31057,0.30695,0.31254,0.08856,0.09020,0.08395,0.08560,0.08823,-55.40125,-3165.00000
0.75820,0.75952,0.76215,0.75722,0.76248,0.30859,0.30794,0.30794,0.30695,0.30662,0.08823,0.08461,0.08560,0.08527,0.08362,-55.69379,-3164.00000
0.75426,0.75130,0.76511,0.75985,0.75853,0.30662,0.31122,0.31155,0.30695,0.30958,0.08658,0.08593,0.08461,0.08494,0.08560,-55.69379,-3163.00000
0.75557,0.75393,0.76083,0.75524,0.75393,0.30826,0.30826,0.31155,0.31122,0.30333,0.08297,0.08428,0.08593,0.09053,0.08362,-55.90842,-3162.00000
0.76445,0.76379,0.75754,0.75754,0.75491,0.30761,0.30761,0.30629,0.31484,0.30991,0.08362,0.08428,0.08297,0.08494,0.08527,-55.90842,-3161.00000
0.76050,0.76083,0.76050,0.76018,0.75689,0.30826,0.30366,0.30530,0.31122,0.30629,0.08494,0.08626,0.08494,0.08724,0.08593,-56.39903,-3160.00000
0.75952,0.76248,0.76116,0.75590,0.76314,0.30859,0.30794,0.30596,0.30925,0.30925,0.08494,0.08428,0.08955,0.08297,0.08658,-56.39903,-3159.00000
0.76050,0.76116,0.75952,0.76314,0.76182,0.30826,0.31155,0.31517,0.31090,0.30267,0.08560,0.08691,0.08461,0.08099,0.08823,-55.91680,-3158.00000
0.76314,0.75787,0.75327,0.76478,0.75360,0.30596,0.30892,0.31353,0.30662,0.30761,0.08560,0.08560,0.09086,0.08757,0.08560,-55.91680,-3157.00000
0.75590,0.76050,0.76050,0.76675,0.75228,0.30925,0.30596,0.31122,0.30859,0.30662,0.08856,0.08395,0.08264,0.08889,0.08494,-56.73526,-3156.00000
0.75919,0.75458,0.76314,0.75952,0.76149,0.31024,0.30629,0.30498,0.30859,0.30498,0.08461,0.08461,0.09119,0.08494,0.08691,-56.73526,-3155.00000
0.75590,0.75327,0.75820,0.75557,0.76215,0.31188,0.30662,0.30794,0.31155,0.30728,0.08395,0.08724,0.08428,0.08560,0.08823,-55.98237,-3154.00000
0.75787,0.76248,0.76248,0.75458,0.76215,0.30761,0.30695,0.30629,0.30629,0.30826,0.08527,0.08593,0.08362,0.08198,0.08757,-55.98237,-3153.00000
0.75162,0.75754,0.75787,0.75130,0.75985,0.31090,0.30530,0.30629,0.30695,0.30925,0.08330,0.08856,0.08724,0.08757,0.08560,-55.72312,-3152.00000
0.75656,0.75820,0.75919,0.75689,0.75623,0.30695,0.31221,0.30794,0.30925,0.30925,0.08658,0.08626,0.08494,0.08593,0.08922,-55.72312,-3151.00000
0.76116,0.75458,0.75393,0.76149,0.76116,0.30399,0.30826,0.30728,0.31057,0.31320,0.08165,0.08362,0.08724,0.08264,0.08395,-56.68236,-3150.00000
0.75557,0.75524,0.75722,0.75426,0.75952,0.31024,0.30530,0.31024,0.30662,0.30728,0.08494,0.08527,0.08691,0.08626,0.08560,-56.68236,-3149.00000
0.75524,0.76412,0.75228,0.75722,0.75722,0.30629,0.30728,0.31320,0.30530,0.30267,0.08593,0.08691,0.08494,0.08593,0.08560,-55.95837,-3148.00000
0.75393,0.75294,0.75524,0.75524,0.75689,0.30530,0.30432,0.30563,0.30794,0.30794,0.08461,0.08297,0.08132,0.08198,0.08527,-55.95837,-3147.00000
0.75689,0.75656,0.75722,0.76018,0.76281,0.30695,0.30728,0.30859,0.30629,0.31090,0.08593,0.08626,0.08264,0.08560,0.08691,-56.22870,-3146.00000
0.75491,0.75787,0.76116,0.75919,0.75754,0.30826,0.30695,0.31649,0.31122,0.31024,0.08494,0.08658,0.08691,0.08231,0.08428,-56.22870,-3145.00000
0.76379,0.76050,0.75689,0.75656,0.76050,0.31287,0.30794,0.30859,0.31188,0.31122,0.08264,0.08922,0.08987,0.08856,0.08889,-56.37118,-3144.00000
0.76149,0.75524,0.75491,0.76083,0.76050,0.31057,0.30761,0.30498,0.30596,0.31057,0.08231,0.08724,0.08593,0.08362,0.08593,-56.37118,-3143.00000
0.75623,0.76050,0.75393,0.75393,0.75985,0.31057,0.31122,0.30662,0.30958,0.30662,0.08560,0.08395,0.08428,0.08395,0.08626,-55.93706,-3142.00000
0.75886,0.75491,0.75228,0.75853,0.75590,0.30794,0.30695,0.31188,0.30399,0.30267,0.09152,0.08626,0.08527,0.08330,0.08395,-55.93706,-3141.00000
0.75327,0.75952,0.75820,0.75590,0.75689,0.30629,0.30892,0.30563,0.30662,0.30596,0.08428,0.08264,0.08757,0.08790,0.08889,-55.73464,-3140.00000
0.75130,0.75458,0.75524,0.75590,0.76248,0.30728,0.30596,0.31090,0.30728,0.30728,0.08165,0.08428,0.08987,0.08099,0.08922,-55.73464,-3139.00000
0.75393,0.75656,0.75985,0.75491,0.75952,0.30333,0.30465,0.30892,0.30629,0.30563,0.08494,0.08955,0.08790,0.08560,0.08856,-55.96058,-3138.00000
0.75327,0.75919,0.75886,0.75557,0.75656,0.30695,0.31057,0.30695,0.30695,0.30991,0.08066,0.08395,0.08362,0.08724,0.08626,-55.96058,-3137.00000
0.76050,0.74866,0.75722,0.75557,0.75360,0.31386,0.30530,0.31221,0.30826,0.31024,0.08724,0.08658,0.08724,0.08395,0.08889,-55.64875,-3136.00000
0.76346,0.75294,0.75754,0.75524,0.75820,0.30728,0.30596,0.30826,0.30202,0.30728,0.08428,0.08955,0.08461,0.08362,0.08428,-55.64875,-3135.00000
0.75656,0.76346,0.75689,0.75491,0.75853,0.30958,0.31254,0.30596,0.30596,0.30596,0.08395,0.08330,0.08395,0.08461,0.09152,-56.19351,-3134.00000
0.75952,0.75360,0.76116,0.76149,0.76346,0.30794,0.30794,0.30859,0.31122,0.30530,0.08691,0.08527,0.08790,0.08428,0.08790,-56.19351,-3133.00000
0.76182,0.74932,0.76412,0.75294,0.76083,0.30859,0.31024,0.30794,0.30794,0.30826,0.09086,0.08527,0.08724,0.08527,0.08724,-55.99227,-3132.00000
0.75393,0.76215,0.75228,0.76379,0.75787,0.30826,0.30892,0.30761,0.30826,0.31090,0.08691,0.08560,0.08856,0.08658,0.08757,-55.99227,-3131.00000
0.75458,0.75952,0.76577,0.75590,0.76379,0.30629,0.31057,0.30794,0.30925,0.30629,0.08790,0.08527,0.08593,0.08790,0.08790,-55.05912,-3130.00000
0.75754,0.76182,0.75722,0.76149,0.76215,0.30662,0.31155,0.31090,0.31090,0.30662,0.08494,0.08856,0.08724,0.08724,0.09119,-55.05912,-3129.00000
0.76116,0.75656,0.75754,0.76116,0.76149,0.30662,0.30300,0.31024,0.30826,0.30925,0.08955,0.09020,0.08527,0.08790,0.08922,-55.68630,-3128.00000
0.75985,0.76478,0.75919,0.75886,0.76182,0.30826,0.30761,0.31057,0.30892,0.30695,0.08823,0.08560,0.08527,0.08658,0.08198,-55.68630,-3127.00000
0.75491,0.76182,0.75228,0.75886,0.76511,0.31221,0.30728,0.31188,0.30695,0.30662,0.08593,0.08955,0.08724,0.08626,0.08691,-55.19422,-3126.00000
0.75722,0.75689,0.76248,0.76215,0.76149,0.30859,0.30629,0.30432,0.31287,0.30794,0.08658,0.08889,0.08330,0.08757,0.08494,-55.19422,-3125.00000
0.75820,0.75754,0.76050,0.76050,0.76018,0.30892,0.30892,0.30892,0.31122,0.31155,0.08428,0.08593,0.09086,0.08889,0.08790,-55.37299,-3124.00000
0.76050,0.75886,0.75228,0.76083,0.75656,0.31090,0.31155,0.30826,0.30794,0.30794,0.08691,0.09086,0.08922,0.08527,0.08724,-55.37299,-3123.00000
0.75952,0.75952,0.76281,0.76116,0.75787,0.30925,0.31057,0.30333,0.30826,0.31090,0.08527,0.08231,0.08560,0.08757,0.08922,-55.49167,-3122.00000
0.75886,0.75952,0.75590,0.76018,0.76675,0.31057,0.30366,0.31090,0.31451,0.30958,0.08626,0.08527,0.09020,0.08132,0.08626,-55.49167,-3121.00000
0.75491,0.76018,0.75656,0.76248,0.75722,0.30498,0.30728,0.30498,0.31188,0.31221,0.08790,0.08494,0.08790,0.08889,0.08264,-54.97972,-3120.00000
0.75722,0.76412,0.75754,0.76478,0.75360,0.30794,0.31122,0.31155,0.30826,0.30892,0.08691,0.08724,0.08428,0.08560,0.08658,-54.97972,-3119.00000
0.76116,0.76511,0.76116,0.76018,0.75952,0.30728,0.31024,0.30728,0.31418,0.30826,0.08658,0.08560,0.08790,0.08823,0.08724,-54.89220,-3118.00000
0.75886,0.76182,0.75722,0.76445,0.75985,0.30826,0.31188,0.31353,0.30892,0.31188,0.08593,0.08955,0.08823,0.08724,0.08724,-54.89220,-3117.00000
0.76083,0.76412,0.75985,0.76215,0.75689,0.30563,0.30925,0.30629,0.30794,0.30794,0.08790,0.08658,0.08757,0.08987,0.08527,-54.97784,-3116.00000
0.76018,0.75491,0.75623,0.75754,0.75886,0.30366,0.30958,0.31484,0.31122,0.30629,0.08922,0.08428,0.08428,0.08560,0.08790,-54.97784,-3115.00000
0.75754,0.76018,0.75919,0.75689,0.75360,0.30794,0.30662,0.30859,0.30826,0.31057,0.08626,0.08724,0.08560,0.08494,0.08955,-54.99624,-3114.00000
0.75853,0.75393,0.75919,0.76050,0.75656,0.31090,0.31057,0.30826,0.30662,0.30958,0.08856,0.08856,0.08823,0.08790,0.08395,-54.99624,-3113.00000
0.76248,0.75327,0.76610,0.76248,0.75985,0.31287,0.30465,0.30991,0.31090,0.30925,0.08757,0.08889,0.08428,0.08494,0.08724,-55.57674,-3112.00000
0.76149,0.76643,0.76478,0.75919,0.76149,0.30761,0.30794,0.31353,0.30892,0.30728,0.08658,0.08494,0.08724,0.08593,0.08198,-55.57674,-3111.00000
0.76018,0.75689,0.75458,0.75853,0.75656,0.31221,0.30629,0.30991,0.30958,0.30761,0.08757,0.08428,0.08987,0.08461,0.08724,-56.22831,-3110.00000
0.76182,0.75952,0.75787,0.75952,0.76018,0.30728,0.30859,0.30892,0.31122,0.31122,0.08626,0.08593,0.08527,0.08823,0.08626,-56.22831,-3109.00000
0.75327,0.76083,0.76346,0.75853,0.75754,0.30892,0.30596,0.31057,0.30596,0.31024,0.08461,0.08790,0.08428,0.08856,0.08560,-55.49208,-3108.00000
0.76412,0.75787,0.75393,0.76116,0.75787,0.31090,0.31254,0.30826,0.31254,0.30958,0.08658,0.08494,0.08823,0.08691,0.08757,-55.49208,-3107.00000
0.76478,0.76807,0.75689,0.76248,0.76215,0.30563,0.30761,0.30991,0.30991,0.31122,0.08658,0.08362,0.08889,0.08922,0.08658,-54.86762,-3106.00000
0.75623,0.75985,0.76314,0.75886,0.76018,0.30925,0.30925,0.30596,0.30925,0.30629,0.08856,0.09086,0.08724,0.08955,0.08823,-54.86762,-3105.00000
0.76149,0.76577,0.76149,0.76675,0.75524,0.30892,0.31057,0.31155,0.31320,0.31024,0.08297,0.08790,0.08264,0.08691,0.08757,-54.41379,-3104.00000
0.75689,0.76314,0.75919,0.75162,0.76083,0.31320,0.30794,0.31188,0.31024,0.30859,0.08955,0.08922,0.08560,0.08527,0.08955,-54.41379,-3103.00000
0.76643,0.75656,0.76018,0.75722,0.75820,0.30991,0.31024,0.30465,0.30629,0.30859,0.08494,0.08922,0.08823,0.08527,0.08823,-54.92662,-3102.00000
0.75557,0.76314,0.76050,0.75886,0.75952,0.30991,0.31155,0.30991,0.31024,0.30826,0.08691,0.08790,0.08889,0.08593,0.08626,-54.92662,-3101.00000
0.76050,0.75820,0.76478,0.76412,0.76182,0.30596,0.30826,0.30925,0.31188,0.30826,0.08889,0.08823,0.08264,0.08987,0.08691,-54.95110,-3100.00000
0.75294,0.76577,0.75787,0.75853,0.76248,0.31122,0.30432,0.31287,0.31057,0.31057,0.08658,0.08593,0.08757,0.08658,0.08395,-54.95110,-3099.00000
0.75919,0.75919,0.76708,0.76215,0.75557,0.30761,0.30859,0.30695,0.31155,0.30761,0.08724,0.08691,0.08856,0.08823,0.08757,-54.76559,-3098.00000
0.75919,0.75491,0.75722,0.75985,0.75853,0.30892,0.30596,0.31024,0.30794,0.31024,0.08428,0.08987,0.08823,0.08691,0.08494,-54.76559,-3097.00000
0.75130,0.76314,0.75820,0.75820,0.75557,0.30432,0.30925,0.30530,0.30761,0.30761,0.08461,0.08856,0.08658,0.08626,0.08790,-55.04393,-3096.00000
0.75952,0.75919,0.76182,0.76018,0.75985,0.30826,0.30728,0.30563,0.30728,0.30596,0.08658,0.08461,0.08593,0.08922,0.08724,-55.04393,-3095.00000
0.76281,0.75787,0.76412,0.75820,0.75820,0.30662,0.30826,0.30695,0.30794,0.31057,0.08626,0.08560,0.08461,0.08757,0.08527,-55.08056,-3094.00000
0.76445,0.76346,0.75524,0.76083,0.75689,0.31090,0.30958,0.30498,0.31221,0.30826,0.08790,0.08691,0.08823,0.08724,0.08461,-55.08056,-3093.00000
0.75754,0.75557,0.76577,0.75623,0.76445,0.30859,0.30794,0.31155,0.31057,0.30498,0.08922,0.08691,0.08593,0.08593,0.08757,-55.48461,-3092.00000
0.76445,0.76182,0.75952,0.75590,0.76018,0.30892,0.30794,0.30892,0.30892,0.31155,0.08593,0.09086,0.08724,0.08955,0.08658,-55.48461,-3091.00000
0.76248,0.74998,0.75952,0.76116,0.75689,0.30892,0.31320,0.30728,0.31155,0.30958,0.08626,0.08560,0.08889,0.08593,0.08757,-55.86242,-3090.00000
0.76314,0.75689,0.75952,0.76149,0.75985,0.30761,0.30794,0.30662,0.30794,0.31221,0.08691,0.08461,0.08626,0.08527,0.08593,-55.86242,-3089.00000
0.76116,0.76281,0.75985,0.76511,0.75722,0.30958,0.30958,0.30563,0.30991,0.30563,0.08099,0.08264,0.08560,0.08922,0.08856,-56.00006,-3088.00000
0.76577,0.75590,0.76083,0.75919,0.75623,0.30826,0.30333,0.30892,0.30958,0.30629,0.08724,0.08691,0.08362,0.08593,0.08527,-56.00006,-3087.00000
0.76346,0.75853,0.75722,0.76346,0.75557,0.30859,0.30662,0.30794,0.31188,0.30859,0.08922,0.08724,0.08560,0.08428,0.08395,-55.87601,-3086.00000
0.76215,0.75952,0.76675,0.75820,0.76314,0.31057,0.31122,0.30892,0.30563,0.30498,0.08987,0.08527,0.08691,0.08099,0.08757,-55.87601,-3085.00000
0.75919,0.75656,0.75886,0.75919,0.75097,0.30728,0.30498,0.31155,0.30892,0.30991,0.09119,0.08362,0.08856,0.08330,0.09020,-56.44142,-3084.00000
0.76050,0.75656,0.76379,0.75919,0.75853,0.30991,0.30728,0.30728,0.30958,0.30925,0.08757,0.08987,0.08823,0.08790,0.08560,-56.44142,-3083.00000
0.76281,0.75985,0.75524,0.75952,0.75722,0.30530,0.30695,0.30662,0.31024,0.31057,0.08527,0.08231,0.08658,0.08823,0.08790,-56.22364,-3082.00000
0.75853,0.76412,0.76281,0.75590,0.76445,0.30859,0.31090,0.30892,0.30728,0.31057,0.08856,0.08198,0.08428,0.08757,0.08593,-56.22364,-3081.00000
0.75656,0.76610,0.75722,0.75426,0.76215,0.30662,0.31024,0.30761,0.31188,0.30859,0.08889,0.08691,0.08560,0.08560,0.08428,-56.03174,-3080.00000
0.75557,0.76281,0.75985,0.75820,0.75393,0.30925,0.30925,0.30826,0.31254,0.31155,0.08494,0.08527,0.08691,0.08494,0.08626,-56.03174,-3079.00000
0.75919,0.75426,0.75820,0.76050,0.76675,0.31122,0.30991,0.30991,0.31320,0.30662,0.09086,0.08691,0.08461,0.08330,0.08560,-56.29956,-3078.00000
0.76281,0.75919,0.75393,0.75524,0.75886,0.30333,0.30596,0.31024,0.30498,0.30892,0.09020,0.08560,0.08593,0.08428,0.09053,-56.29956,-3077.00000
0.75294,0.75952,0.75162,0.76149,0.75820,0.31353,0.30333,0.30794,0.30695,0.31024,0.08494,0.08626,0.08856,0.09053,0.08297,-55.64246,-3076.00000
0.75557,0.75360,0.75853,0.75458,0.75130,0.30629,0.30826,0.30202,0.30267,0.30794,0.08626,0.08593,0.08494,0.08395,0.08757,-55.64246,-3075.00000
0.75327,0.76412,0.74899,0.75590,0.75689,0.30695,0.31090,0.30794,0.30432,0.30465,0.08856,0.08724,0.08297,0.08626,0.08889,-55.86078,-3074.00000
0.75754,0.75097,0.75952,0.75754,0.75491,0.30333,0.30432,0.30991,0.30662,0.30333,0.08593,0.08494,0.08461,0.08428,0.08330,-55.86078,-3073.00000
0.76083,0.75195,0.75754,0.75820,0.76050,0.30399,0.30728,0.30991,0.30596,0.30465,0.08560,0.08527,0.08889,0.09020,0.08823,-56.48264,-3072.00000
0.75886,0.75952,0.75162,0.75327,0.75393,0.31386,0.30958,0.30530,0.30794,0.31287,0.08362,0.08823,0.08560,0.08658,0.08691,-56.48264,-3071.00000
0.75458,0.75195,0.75031,0.76215,0.76083,0.30399,0.30596,0.30695,0.30826,0.31057,0.08560,0.08724,0.08856,0.09251,0.08790,-56.34190,-3070.00000
0.75820,0.75557,0.75590,0.75820,0.76182,0.30826,0.30892,0.30859,0.30629,0.30662,0.09152,0.09086,0.08593,0.08165,0.08856,-56.34190,-3069.00000
0.75623,0.75689,0.75590,0.75557,0.75557,0.31320,0.30794,0.30991,0.30596,0.30399,0.08165,0.08593,0.08626,0.08560,0.08297,-56.23980,-3068.00000
0.75393,0.75985,0.75820,0.76050,0.75689,0.30991,0.31386,0.30695,0.30761,0.31715,0.08724,0.08494,0.08527,0.08724,0.08428,-56.23980,-3067.00000
0.75787,0.75393,0.75787,0.75985,0.75130,0.31090,0.30958,0.30465,0.31122,0.30958,0.08922,0.08724,0.08922,0.08461,0.08593,-56.12527,-3066.00000
0.75952,0.75754,0.76248,0.75853,0.76281,0.30728,0.30596,0.31024,0.30761,0.31550,0.08757,0.08823,0.08691,0.08626,0.08494,-56.12527,-3065.00000
0.75524,0.76018,0.76445,0.75491,0.75820,0.30465,0.30958,0.31090,0.30728,0.30925,0.08823,0.08494,0.08330,0.08658,0.08955,-55.50160,-3064.00000
0.75919,0.75491,0.76544,0.75754,0.76018,0.30892,0.30794,0.31057,0.30728,0.30728,0.08790,0.08560,0.08658,0.08626,0.08593,-55.50160,-3063.00000
0.76116,0.75491,0.76018,0.75919,0.75886,0.30925,0.30399,0.30794,0.31122,0.30728,0.08494,0.08658,0.08757,0.08494,0.08922,-55.62434,-3062.00000
0.75590,0.75919,0.75458,0.75623,0.76116,0.30662,0.30563,0.31122,0.30695,0.30892,0.08856,0.08691,0.08658,0.08527,0.08790,-55.62434,-3061.00000
0.75623,0.75426,0.75261,0.76281,0.75656,0.30596,0.30629,0.30761,0.30925,0.31188,0.08856,0.08560,0.08955,0.08527,0.08757,-55.62467,-3060.00000
0.75952,0.75689,0.75952,0.76445,0.75656,0.30958,0.31155,0.30530,0.30925,0.31254,0.08264,0.08823,0.08658,0.08395,0.08461,-55.62467,-3059.00000
0.75853,0.75886,0.75228,0.75524,0.76314,0.31155,0.30761,0.30859,0.30958,0.30826,0.08560,0.08527,0.08560,0.08165,0.08231,-55.82503,-3058.00000
0.75590,0.75919,0.75656,0.75426,0.75656,0.30465,0.30794,0.30629,0.30991,0.30596,0.08428,0.08428,0.08724,0.08691,0.08330,-55.82503,-3057.00000
0.75623,0.75294,0.75985,0.76149,0.75952,0.30728,0.30958,0.30925,0.30859,0.30892,0.08658,0.08395,0.08494,0.08691,0.08823,-55.87882,-3056.00000
0.75886,0.75557,0.75656,0.75524,0.75491,0.31386,0.30629,0.30794,0.30925,0.30596,0.08560,0.08593,0.08560,0.08724,0.08527,-55.87882,-3055.00000
0.75787,0.75393,0.76083,0.75393,0.75458,0.30530,0.30432,0.30530,0.30958,0.30728,0.08461,0.08560,0.08527,0.08527,0.08626,-56.00094,-3054.00000
0.75919,0.76050,0.75491,0.75820,0.75557,0.31517,0.30794,0.30530,0.30761,0.30892,0.08395,0.08428,0.08626,0.08494,0.08494,-56.00094,-3053.00000
0.75458,0.74899,0.75524,0.76083,0.75886,0.31024,0.30498,0.31024,0.30761,0.31320,0.08658,0.08724,0.08626,0.08790,0.08593,-56.47459,-3052.00000
0.75656,0.75689,0.75656,0.75590,0.76215,0.30037,0.30925,0.30826,0.30300,0.30826,0.08362,0.08691,0.08428,0.08198,0.08066,-56.47459,-3051.00000
0.75820,0.75426,0.75985,0.75656,0.75524,0.30859,0.30892,0.31353,0.31287,0.30761,0.08198,0.08757,0.08428,0.08527,0.08691,-56.04247,-3050.00000
0.75623,0.75886,0.75754,0.76050,0.75656,0.31451,0.31024,0.30662,0.30925,0.30596,0.08494,0.08889,0.08428,0.08626,0.08691,-56.04247,-3049.00000
0.76083,0.76050,0.75919,0.75458,0.76314,0.30695,0.31024,0.30826,0.30333,0.30629,0.09053,0.08724,0.09020,0.08626,0.08461,-55.95092,-3048.00000
0.76379,0.75689,0.75491,0.75787,0.76741,0.30794,0.31122,0.31024,0.30662,0.30859,0.08658,0.08724,0.08955,0.08823,0.08395,-55.95092,-3047.00000
0.75952,0.75689,0.75853,0.75985,0.75064,0.30695,0.31287,0.30728,0.30662,0.30892,0.08461,0.08395,0.08527,0.08593,0.08297,-56.22253,-3046.00000
0.75952,0.75853,0.75491,0.76445,0.76116,0.30826,0.30498,0.30629,0.30695,0.31122,0.08691,0.08560,0.08691,0.08527,0.08889,-56.22253,-3045.00000
0.76182,0.75327,0.76018,0.75985,0.76116,0.30859,0.30958,0.30794,0.31155,0.30892,0.08856,0.08691,0.08428,0.08626,0.08066,-55.99213,-3044.00000
0.75656,0.75162,0.76050,0.76182,0.75886,0.30563,0.30794,0.31122,0.30794,0.31484,0.08461,0.08527,0.08691,0.08593,0.08691,-55.99213,-3043.00000
0.75524,0.75458,0.76018,0.76018,0.75919,0.30530,0.30498,0.30202,0.30761,0.30991,0.08428,0.08658,0.07935,0.08231,0.08724,-55.23239,-3042.00000
0.75722,0.75590,0.75919,0.76445,0.75689,0.31155,0.30695,0.30234,0.31616,0.30662,0.08593,0.08264,0.08395,0.08658,0.08626,-55.23239,-3041.00000
0.75130,0.76182,0.75722,0.75689,0.75787,0.30826,0.30530,0.30596,0.30432,0.30826,0.08231,0.08362,0.08626,0.08691,0.08527,-55.03319,-3040.00000
0.75557,0.75524,0.76511,0.75952,0.75393,0.30859,0.30892,0.30826,0.30958,0.31057,0.08527,0.08395,0.08658,0.08856,0.08560,-55.03319,-3039.00000
0.75820,0.75787,0.75327,0.75557,0.75853,0.30530,0.31122,0.30662,0.30596,0.30202,0.08395,0.08724,0.08889,0.08593,0.08461,-55.71239,-3038.00000
0.76018,0.75787,0.76248,0.76116,0.75393,0.30728,0.30925,0.30662,0.31155,0.30826,0.08362,0.08461,0.08691,0.08428,0.08626,-55.71239,-3037.00000
0.75919,0.76610,0.75623,0.75458,0.75985,0.30629,0.31057,0.30826,0.30728,0.31451,0.08527,0.08691,0.08395,0.08724,0.08658,-55.86889,-3036.00000
0.75919,0.75722,0.76083,0.76149,0.75491,0.30859,0.30629,0.30826,0.30662,0.30892,0.08560,0.08593,0.08494,0.08395,0.08461,-55.86889,-3035.00000
0.75623,0.76050,0.75919,0.75722,0.75689,0.30892,0.30794,0.30892,0.30202,0.30859,0.08330,0.08362,0.08264,0.08790,0.08165,-55.99109,-3034.00000
0.75722,0.75787,0.75557,0.75754,0.75426,0.30958,0.30925,0.31155,0.30695,0.30892,0.08362,0.08330,0.08626,0.08198,0.08461,-55.99109,-3033.00000
0.75031,0.75820,0.76018,0.76018,0.75985,0.30892,0.30596,0.30958,0.30925,0.30366,0.08560,0.08856,0.08724,0.08593,0.08395,-55.94232,-3032.00000
0.75327,0.75985,0.75787,0.76182,0.75228,0.30432,0.30728,0.30530,0.30826,0.30136,0.08395,0.08264,0.08560,0.08560,0.08527,-55.94232,-3031.00000
0.75458,0.75754,0.75722,0.75787,0.75458,0.30662,0.30761,0.30728,0.30629,0.30892,0.08823,0.08494,0.08198,0.08658,0.08626,-56.05222,-3030.00000
0.75820,0.75689,0.75754,0.75557,0.74834,0.30958,0.30761,0.30761,0.31155,0.30826,0.08362,0.08494,0.08823,0.08527,0.08757,-56.05222,-3029.00000
0.76149,0.76083,0.75787,0.75820,0.75327,0.30695,0.30958,0.30728,0.31155,0.30465,0.08297,0.08330,0.08461,0.08823,0.08593,-56.62474,-3028.00000
0.76050,0.74998,0.75656,0.75886,0.75031,0.30662,0.30004,0.31057,0.30958,0.30432,0.08593,0.08330,0.08461,0.08790,0.08395,-56.62474,-3027.00000
0.75985,0.75162,0.75623,0.76346,0.76182,0.30004,0.30432,0.30859,0.30826,0.31057,0.07902,0.08626,0.08691,0.08297,0.08494,-55.92956,-3026.00000
0.75919,0.76314,0.75458,0.75524,0.75228,0.30826,0.30629,0.30761,0.30761,0.30892,0.08658,0.08395,0.08527,0.08362,0.08691,-55.92956,-3025.00000
0.75853,0.76050,0.75722,0.75820,0.74965,0.30794,0.30761,0.30662,0.30563,0.30596,0.08461,0.08362,0.08461,0.08231,0.08626,-55.44281,-3024.00000
0.75853,0.75590,0.75360,0.76149,0.75820,0.30333,0.31122,0.30761,0.30892,0.30826,0.08691,0.08494,0.08922,0.08560,0.08955,-55.44281,-3023.00000
0.75820,0.75985,0.76544,0.75656,0.76083,0.30794,0.30826,0.30366,0.30563,0.31024,0.08922,0.08461,0.08330,0.08264,0.08757,-55.17746,-3022.00000
0.76149,0.75886,0.75360,0.76215,0.75919,0.30794,0.30794,0.30530,0.30925,0.30826,0.08297,0.08165,0.08691,0.08494,0.08560,-55.17746,-3021.00000
0.75656,0.75656,0.76116,0.75853,0.75689,0.30695,0.30498,0.30859,0.30859,0.31057,0.08560,0.08297,0.08362,0.08593,0.08757,-55.45494,-3020.00000
0.75228,0.75952,0.75787,0.75722,0.75853,0.30728,0.30596,0.30498,0.31122,0.30794,0.08626,0.08395,0.08724,0.08264,0.08626,-55.45494,-3019.00000
0.75228,0.75689,0.75426,0.75754,0.74998,0.30333,0.30563,0.30399,0.30794,0.30596,0.08395,0.08494,0.08330,0.08330,0.08099,-55.25677,-3018.00000
0.75853,0.76379,0.75656,0.75886,0.75557,0.30991,0.30662,0.31057,0.30728,0.30892,0.08330,0.08132,0.08593,0.08724,0.08724,-55.25677,-3017.00000
0.75985,0.75360,0.75689,0.75623,0.75294,0.30695,0.31090,0.30991,0.30859,0.30432,0.08527,0.08658,0.08658,0.08362,0.08560,-54.69137,-3016.00000
0.75886,0.75491,0.75458,0.76018,0.75524,0.30794,0.30662,0.30925,0.30596,0.31320,0.08658,0.08823,0.08955,0.08231,0.08691,-54.69137,-3015.00000
0.75820,0.75557,0.75886,0.75689,0.75228,0.31122,0.30826,0.30465,0.30958,0.30761,0.08494,0.08691,0.08198,0.08395,0.08889,-55.14110,-3014.00000
0.76149,0.75162,0.75952,0.75623,0.76050,0.30728,0.30563,0.30991,0.30826,0.31221,0.08724,0.08757,0.08757,0.08395,0.08395,-55.14110,-3013.00000
0.75458,0.76182,0.76116,0.75985,0.76050,0.30958,0.30432,0.30629,0.30662,0.30695,0.08527,0.08428,0.08658,0.08626,0.08593,-55.40746,-3012.00000
0.75261,0.76018,0.76149,0.75853,0.76807,0.31155,0.31155,0.30958,0.30859,0.30629,0.08395,0.08757,0.08823,0.08560,0.08856,-55.40746,-3011.00000
0.76018,0.76116,0.75458,0.75458,0.76412,0.30892,0.30892,0.31221,0.31155,0.30563,0.08790,0.08626,0.08724,0.08593,0.08198,-55.69934,-3010.00000
0.76215,0.75722,0.75458,0.76050,0.75557,0.30892,0.30728,0.30728,0.30794,0.30662,0.08297,0.08593,0.08626,0.08593,0.08428,-55.69934,-3009.00000
0.75919,0.75360,0.75294,0.76018,0.75590,0.30563,0.30761,0.30925,0.31320,0.30465,0.08658,0.08560,0.08790,0.08658,0.08691,-55.70611,-3008.00000
0.76215,0.75985,0.75886,0.76281,0.75886,0.30629,0.30498,0.31090,0.30794,0.30629,0.08297,0.08494,0.08330,0.08330,0.08724,-55.70611,-3007.00000
0.76511,0.76116,0.75491,0.75557,0.75327,0.30991,0.30859,0.30596,0.30761,0.30530,0.08527,0.08560,0.08165,0.08362,0.08856,-55.76077,-3006.00000
0.75952,0.75985,0.75623,0.75853,0.75623,0.30498,0.30728,0.30925,0.30695,0.31122,0.08724,0.08494,0.08724,0.08428,0.08428,-55.76077,-3005.00000
0.75656,0.75524,0.75557,0.75557,0.75689,0.30695,0.30892,0.30925,0.30991,0.30498,0.08527,0.08527,0.08593,0.08099,0.08856,-55.64894,-3004.00000
0.76083,0.75656,0.75985,0.76149,0.74965,0.30925,0.30695,0.30399,0.30498,0.31287,0.08922,0.08626,0.07935,0.08527,0.08757,-55.64894,-3003.00000
0.75360,0.75623,0.75952,0.75360,0.75491,0.30629,0.30761,0.30859,0.31451,0.30925,0.08264,0.08395,0.08330,0.08987,0.08165,-55.43433,-3002.00000
0.75787,0.75393,0.75853,0.76050,0.75261,0.30432,0.31090,0.31287,0.30563,0.31024,0.08691,0.08593,0.08790,0.08593,0.08330,-55.43433,-3001.00000
0.75623,0.75557,0.75557,0.75228,0.75327,0.30761,0.30826,0.30991,0.30892,0.30991,0.08757,0.08560,0.08691,0.08330,0.08593,-56.09363,-3000.00000
0.74899,0.76083,0.74965,0.75787,0.75985,0.30826,0.30859,0.30925,0.30366,0.30991,0.08362,0.08428,0.08494,0.08790,0.08757,-56.09363,-2999.00000
0.75754,0.75327,0.75524,0.75426,0.75787,0.31287,0.30958,0.30333,0.31024,0.30925,0.08395,0.08428,0.08691,0.08691,0.08593,-55.69330,-2998.00000
0.75886,0.76346,0.75590,0.75853,0.75853,0.30794,0.30498,0.30432,0.30761,0.30695,0.08395,0.08330,0.08165,0.08757,0.08691,-55.69330,-2997.00000
0.75919,0.75590,0.75820,0.75557,0.76018,0.30892,0.30498,0.31254,0.30300,0.30399,0.08856,0.08395,0.08527,0.08691,0.08626,-55.38815,-2996.00000
0.75458,0.75491,0.75393,0.75656,0.75162,0.30728,0.30695,0.30432,0.30563,0.31122,0.09119,0.08757,0.08889,0.08330,0.08527,-55.38815,-2995.00000
0.75524,0.75886,0.75689,0.76116,0.75886,0.30432,0.30892,0.30366,0.31090,0.30695,0.08560,0.08724,0.08626,0.08691,0.08527,-54.82054,-2994.00000
0.75919,0.76050,0.75426,0.75130,0.75853,0.31057,0.31024,0.31057,0.30695,0.30728,0.08790,0.09086,0.08330,0.08461,0.08691,-54.82054,-2993.00000
0.75294,0.76116,0.75952,0.75722,0.75130,0.30892,0.30859,0.31418,0.31221,0.30596,0.08691,0.08691,0.08428,0.08264,0.08593,-54.10461,-2992.00000
0.76083,0.76215,0.76050,0.75952,0.75787,0.30465,0.31090,0.31254,0.30826,0.31221,0.08658,0.08362,0.08560,0.08494,0.08757,-54.10461,-2991.00000
0.75656,0.75195,0.76248,0.75820,0.76018,0.30892,0.30530,0.30629,0.30728,0.31090,0.08428,0.08395,0.08362,0.08757,0.08395,-52.51129,-2990.00000
0.76018,0.75754,0.75491,0.76346,0.76314,0.30761,0.30859,0.30596,0.30794,0.30366,0.08494,0.08362,0.08889,0.08428,0.08560,-52.51129,-2989.00000
0.75294,0.75853,0.75886,0.75754,0.76511,0.31254,0.30958,0.30958,0.30892,0.30794,0.08527,0.08132,0.08691,0.08724,0.08560,-51.45096,-2988.00000
0.75393,0.76182,0.75919,0.75557,0.75689,0.30662,0.30498,0.30892,0.30695,0.30629,0.08757,0.08494,0.08527,0.08757,0.08461,-51.45096,-2987.00000
0.75689,0.76018,0.75820,0.76083,0.76215,0.30530,0.30596,0.31122,0.30859,0.30596,0.08658,0.08428,0.08757,0.08922,0.08527,-52.83974,-2986.00000
0.75952,0.75656,0.76577,0.75754,0.75952,0.30859,0.30629,0.30432,0.31155,0.30958,0.08790,0.08658,0.08691,0.08691,0.08790,-52.83974,-2985.00000
0.76050,0.75327,0.76379,0.75590,0.76018,0.30892,0.30530,0.30794,0.30399,0.31221,0.08790,0.08362,0.08658,0.08757,0.08691,-53.65375,-2984.00000
0.75886,0.76116,0.76018,0.75952,0.75952,0.30662,0.30826,0.30892,0.31024,0.30826,0.08856,0.08626,0.08790,0.08527,0.08790,-53.65375,-2983.00000
0.75754,0.75722,0.76182,0.75820,0.75327,0.30563,0.30761,0.30794,0.30991,0.30530,0.08823,0.08593,0.08889,0.08922,0.08362,-54.61496,-2982.00000
0.76346,0.75393,0.75162,0.76083,0.75393,0.30892,0.30859,0.30728,0.30596,0.30695,0.08856,0.08527,0.08724,0.08362,0.08724,-54.61496,-2981.00000
0.76050,0.75689,0.75820,0.75656,0.75557,0.30892,0.30991,0.31221,0.30728,0.31024,0.08691,0.08362,0.08658,0.08395,0.08658,-55.43736,-2980.00000
0.75952,0.75524,0.76445,0.75656,0.75557,0.30958,0.31221,0.30728,0.30629,0.30695,0.08330,0.08757,0.08626,0.08560,0.08691,-55.43736,-2979.00000
0.75557,0.76050,0.75557,0.75689,0.76248,0.30925,0.30859,0.30563,0.30629,0.30662,0.08527,0.08461,0.08395,0.08658,0.08658,-55.37249,-2978.00000
0.75820,0.76018,0.75491,0.75722,0.75754,0.31583,0.30925,0.30662,0.30925,0.31122,0.08691,0.08593,0.09053,0.08593,0.08527,-55.37249,-2977.00000
0.75360,0.75491,0.76445,0.76083,0.76149,0.30366,0.30728,0.31090,0.31024,0.30925,0.08132,0.08691,0.08560,0.08724,0.08297,-55.74289,-2976.00000
0.76215,0.75623,0.75590,0.76050,0.75689,0.30826,0.30728,0.30892,0.31057,0.31188,0.08593,0.08658,0.08757,0.08593,0.08823,-55.74289,-2975.00000
0.75886,0.75458,0.75524,0.76018,0.75919,0.30761,0.30695,0.30695,0.31090,0.30761,0.08428,0.08593,0.08626,0.08362,0.08527,-55.04674,-2974.00000
0.75327,0.75787,0.75623,0.75327,0.75722,0.31024,0.30530,0.30728,0.30761,0.30794,0.08560,0.09020,0.08527,0.08362,0.08658,-55.04674,-2973.00000
0.75952,0.75327,0.75623,0.75261,0.75195,0.30761,0.30432,0.30596,0.30958,0.30826,0.08889,0.08461,0.08461,0.08593,0.08757,-55.52141,-2972.00000
0.75130,0.75623,0.75820,0.75195,0.75754,0.31122,0.30958,0.30695,0.30859,0.30695,0.08527,0.08823,0.08494,0.08362,0.08823,-55.52141,-2971.00000
0.75754,0.76314,0.75886,0.75689,0.75754,0.30695,0.30465,0.30892,0.30202,0.31090,0.08560,0.08724,0.08494,0.08593,0.08527,-55.88082,-2970.00000
0.75261,0.75623,0.75919,0.75853,0.75787,0.30629,0.31188,0.30826,0.30728,0.30662,0.08626,0.08790,0.08395,0.08856,0.08428,-55.88082,-2969.00000
0.76346,0.75491,0.75360,0.75820,0.75623,0.30596,0.30366,0.30892,0.30925,0.30662,0.08527,0.08626,0.08560,0.08757,0.08132,-55.46238,-2968.00000
0.76215,0.75162,0.76314,0.75524,0.75656,0.31221,0.30695,0.30695,0.30892,0.30563,0.08527,0.08395,0.08494,0.08691,0.08626,-55.46238,-2967.00000
0.76643,0.75393,0.76116,0.75820,0.75590,0.31353,0.30695,0.30695,0.30234,0.30761,0.08165,0.08297,0.08658,0.08395,0.08560,-55.91723,-2966.00000
0.75623,0.75787,0.76544,0.76412,0.75820,0.30432,0.30662,0.31320,0.30728,0.30728,0.08724,0.08626,0.08461,0.08198,0.08691,-55.91723,-2965.00000
0.75886,0.75787,0.75886,0.75952,0.75754,0.31024,0.30728,0.30794,0.30662,0.31057,0.08264,0.08461,0.08461,0.08198,0.08823,-55.40979,-2964.00000
0.75360,0.74932,0.75360,0.76346,0.75524,0.30826,0.31057,0.30596,0.30761,0.30794,0.08362,0.08724,0.08691,0.08658,0.08428,-55.40979,-2963.00000
0.76116,0.75097,0.75886,0.75722,0.76018,0.30596,0.30695,0.30629,0.30892,0.30859,0.08165,0.08165,0.08297,0.08527,0.08198,-55.69562,-2962.00000
0.75952,0.75787,0.75886,0.76018,0.75787,0.30991,0.30563,0.30399,0.31221,0.30728,0.08658,0.08198,0.08593,0.08494,0.08724,-55.69562,-2961.00000
0.75919,0.75491,0.75294,0.75952,0.76018,0.30366,0.30859,0.30958,0.30892,0.30761,0.09152,0.08297,0.08330,0.08658,0.08757,-55.47964,-2960.00000
0.74932,0.75491,0.76182,0.75853,0.76018,0.30794,0.30728,0.30629,0.30629,0.30465,0.08790,0.08724,0.08428,0.08527,0.08461,-55.47964,-2959.00000
0.76050,0.75985,0.75426,0.75261,0.75426,0.30498,0.30629,0.30794,0.30695,0.30728,0.08889,0.08626,0.08593,0.08165,0.08823,-55.19832,-2958.00000
0.75426,0.76412,0.76708,0.75393,0.75623,0.30662,0.30432,0.31057,0.30498,0.30991,0.08395,0.08461,0.08626,0.08264,0.08494,-55.19832,-2957.00000
0.75491,0.76083,0.75787,0.75919,0.75656,0.30794,0.30794,0.30859,0.31122,0.30695,0.08527,0.08889,0.08757,0.08691,0.08527,-55.15531,-2956.00000
0.75952,0.74998,0.75130,0.75853,0.75426,0.31287,0.30925,0.30892,0.30432,0.30333,0.08724,0.08955,0.08330,0.08494,0.08593,-55.15531,-2955.00000
0.76018,0.75064,0.75064,0.76083,0.76182,0.30563,0.30761,0.30925,0.30596,0.30695,0.08362,0.08461,0.08494,0.08955,0.08297,-55.04836,-2954.00000
0.75689,0.75722,0.76314,0.75754,0.75228,0.30530,0.30399,0.30859,0.30794,0.30892,0.08494,0.08428,0.08560,0.08560,0.08658,-55.04836,-2953.00000
0.75524,0.76116,0.76018,0.76182,0.75722,0.30728,0.30925,0.30629,0.30761,0.31090,0.08428,0.08428,0.08593,0.08231,0.08330,-55.69801,-2952.00000
0.75853,0.76478,0.75754,0.75952,0.75787,0.31221,0.30794,0.30826,0.30629,0.30728,0.08889,0.08330,0.08494,0.08461,0.08494,-55.69801,-2951.00000
0.76577,0.75393,0.75820,0.76050,0.75754,0.30991,0.30958,0.30925,0.30826,0.30925,0.08297,0.08461,0.08593,0.08461,0.08494,-55.97889,-2950.00000
0.75787,0.75919,0.75985,0.75195,0.75524,0.30761,0.30399,0.31287,0.30925,0.31024,0.08527,0.08297,0.08034,0.08790,0.08494,-55.97889,-2949.00000
0.76116,0.75426,0.75820,0.76248,0.75919,0.31024,0.31418,0.30892,0.30498,0.30859,0.08626,0.08626,0.08099,0.08527,0.08593,-55.70429,-2948.00000
0.75426,0.75426,0.75820,0.76379,0.75853,0.30366,0.30892,0.30826,0.30892,0.30794,0.08132,0.08658,0.08658,0.08428,0.08560,-55.70429,-2947.00000
0.75623,0.75360,0.75360,0.75853,0.75491,0.30859,0.30498,0.31155,0.30991,0.30892,0.08395,0.08461,0.08395,0.08823,0.08560,-55.73789,-2946.00000
0.75952,0.75524,0.75787,0.76116,0.76116,0.30826,0.30892,0.30662,0.30958,0.31188,0.08395,0.08494,0.08922,0.08560,0.08330,-55.73789,-2945.00000
0.75623,0.75787,0.75557,0.75557,0.75491,0.30629,0.30498,0.30892,0.31122,0.30925,0.08461,0.08231,0.08461,0.08626,0.08724,-56.41875,-2944.00000
0.75590,0.75360,0.75426,0.75426,0.76149,0.30596,0.30267,0.30826,0.30662,0.31188,0.08658,0.09086,0.08428,0.08330,0.08494,-56.41875,-2943.00000
0.75886,0.75393,0.76774,0.75327,0.75393,0.30366,0.30794,0.30892,0.30629,0.31122,0.08428,0.08626,0.08198,0.08593,0.08297,-55.73135,-2942.00000
0.75754,0.75524,0.75458,0.75787,0.75623,0.31057,0.31155,0.30366,0.30826,0.30399,0.08922,0.08461,0.08593,0.08066,0.08264,-55.73135,-2941.00000
0.75195,0.75754,0.75985,0.75722,0.75787,0.30859,0.30465,0.30728,0.30794,0.30662,0.08330,0.08428,0.08593,0.08527,0.08724,-56.24214,-2940.00000
0.75393,0.75491,0.75623,0.75623,0.75623,0.30530,0.31024,0.30498,0.30498,0.30794,0.08527,0.08691,0.08395,0.08527,0.08198,-56.24214,-2939.00000
0.76346,0.75754,0.75722,0.75886,0.75458,0.30826,0.30728,0.31057,0.30596,0.30596,0.08757,0.08395,0.08691,0.08757,0.08560,-56.07517,-2938.00000
0.75919,0.76215,0.75228,0.75754,0.75557,0.30695,0.31057,0.31122,0.31057,0.31122,0.08494,0.08889,0.08987,0.08297,0.08527,-56.07517,-2937.00000
0.75820,0.75985,0.75524,0.75327,0.75787,0.30596,0.31155,0.30892,0.30333,0.30563,0.08362,0.08626,0.08823,0.08724,0.08494,-56.34325,-2936.00000
0.75524,0.76018,0.75195,0.75919,0.76116,0.30794,0.30629,0.30925,0.31386,0.30695,0.08330,0.08461,0.08527,0.08527,0.08264,-56.34325,-2935.00000
0.75162,0.75985,0.76281,0.75853,0.75754,0.31254,0.30695,0.30859,0.31122,0.30826,0.08461,0.08658,0.08527,0.08494,0.08330,-56.03051,-2934.00000
0.75689,0.75590,0.75491,0.75130,0.75623,0.30728,0.30728,0.30563,0.30925,0.30892,0.08198,0.08757,0.08330,0.08428,0.08527,-56.03051,-2933.00000
0.75754,0.75722,0.75985,0.75031,0.75294,0.30169,0.30728,0.30530,0.30465,0.30629,0.08362,0.08626,0.08362,0.08494,0.08593,-55.66662,-2932.00000
0.75919,0.75985,0.75623,0.75656,0.75557,0.31320,0.30695,0.30432,0.30530,0.30695,0.08428,0.08330,0.08494,0.08724,0.08461,-55.66662,-2931.00000
0.75491,0.75064,0.75524,0.75985,0.75754,0.30629,0.30859,0.30794,0.30859,0.30826,0.08593,0.08428,0.08790,0.08724,0.08395,-55.89239,-2930.00000
0.75952,0.75458,0.75820,0.76248,0.75064,0.30761,0.30300,0.30958,0.30958,0.30432,0.08691,0.08790,0.08593,0.08527,0.08264,-55.89239,-2929.00000
0.75754,0.76215,0.75754,0.75228,0.75393,0.30728,0.30498,0.30728,0.30267,0.30563,0.08658,0.08461,0.08560,0.08362,0.08626,-55.51211,-2928.00000
0.75557,0.75590,0.75524,0.75228,0.75426,0.30826,0.30695,0.30761,0.31090,0.31090,0.08658,0.08691,0.07935,0.08297,0.08297,-55.51211,-2927.00000
0.75261,0.75623,0.75064,0.75787,0.75787,0.30662,0.30892,0.30991,0.30991,0.30794,0.08461,0.08395,0.08691,0.08658,0.08889,-55.83711,-2926.00000
0.75590,0.76083,0.76182,0.75261,0.75689,0.30859,0.30892,0.31024,0.31320,0.31024,0.08560,0.08461,0.08428,0.08658,0.08428,-55.83711,-2925.00000
0.75952,0.75853,0.75195,0.75491,0.75820,0.30629,0.30794,0.30761,0.30662,0.30859,0.08691,0.08856,0.08856,0.08231,0.08297,-55.63340,-2924.00000
0.75590,0.75491,0.76544,0.75327,0.75557,0.31057,0.30728,0.30695,0.30695,0.30859,0.08330,0.08330,0.08428,0.08757,0.08231,-55.63340,-2923.00000
0.75722,0.75985,0.75294,0.75458,0.75985,0.30794,0.30794,0.30958,0.30925,0.30728,0.08922,0.08527,0.08132,0.08264,0.08330,-55.76348,-2922.00000
0.75524,0.75393,0.75656,0.76116,0.75689,0.31188,0.30662,0.30333,0.30596,0.31024,0.08494,0.08395,0.08724,0.08626,0.08428,-55.76348,-2921.00000
0.76149,0.75754,0.75656,0.75195,0.75722,0.30629,0.30728,0.30695,0.30563,0.30794,0.08626,0.08461,0.08691,0.08889,0.08165,-55.94570,-2920.00000
0.75787,0.75952,0.76248,0.76083,0.75656,0.30662,0.30958,0.30728,0.30629,0.31287,0.08626,0.08724,0.08527,0.08428,0.08165,-55.94570,-2919.00000
0.75393,0.76314,0.75623,0.75952,0.76018,0.30958,0.30728,0.30991,0.30958,0.30465,0.08527,0.08099,0.08297,0.08494,0.08395,-55.47041,-2918.00000
0.75393,0.75919,0.75722,0.75097,0.75557,0.31090,0.30662,0.30991,0.30892,0.30728,0.08691,0.08264,0.08297,0.08593,0.08461,-55.47041,-2917.00000
0.75985,0.76116,0.76182,0.75656,0.75623,0.30563,0.30761,0.30728,0.30892,0.31057,0.08362,0.08527,0.08593,0.08494,0.08428,-55.24497,-2916.00000
0.75261,0.75458,0.75491,0.75327,0.76083,0.31057,0.30991,0.30563,0.30859,0.31122,0.08428,0.08527,0.08560,0.08494,0.08461,-55.24497,-2915.00000
0.75590,0.75557,0.75853,0.75623,0.75458,0.30826,0.30169,0.30826,0.30728,0.31057,0.08593,0.08362,0.08330,0.08626,0.08264,-54.94670,-2914.00000
0.75557,0.75853,0.76050,0.75426,0.75820,0.30761,0.30761,0.30662,0.30892,0.30695,0.08691,0.08724,0.08560,0.08593,0.08691,-54.94670,-2913.00000
0.75491,0.75787,0.75491,0.75886,0.75820,0.30859,0.30563,0.31353,0.31221,0.31057,0.08856,0.08658,0.08626,0.08231,0.08494,-55.34200,-2912.00000
0.75393,0.75360,0.75590,0.75557,0.75426,0.30695,0.30728,0.30794,0.30629,0.30695,0.08132,0.08395,0.08231,0.08461,0.08757,-55.34200,-2911.00000
0.75458,0.75491,0.75853,0.75886,0.75820,0.31155,0.30892,0.31320,0.30629,0.30859,0.08395,0.08626,0.08198,0.08395,0.08395,-55.60801,-2910.00000
0.75689,0.75130,0.75722,0.75787,0.76182,0.30695,0.30629,0.30399,0.30596,0.30892,0.08297,0.08428,0.08330,0.08494,0.08560,-55.60801,-2909.00000
0.76018,0.75195,0.75228,0.75754,0.75754,0.30958,0.30892,0.30563,0.30629,0.30958,0.07968,0.08724,0.08889,0.08297,0.08560,-56.19268,-2908.00000
0.75754,0.75162,0.74801,0.75952,0.76215,0.31057,0.30925,0.30366,0.30596,0.30892,0.08593,0.08395,0.08330,0.08362,0.08428,-56.19268,-2907.00000
0.75985,0.75557,0.75195,0.75952,0.75327,0.30662,0.30695,0.30399,0.30563,0.30958,0.08330,0.08560,0.08889,0.08658,0.08593,-56.38003,-2906.00000
0.75491,0.75491,0.75952,0.75261,0.75886,0.30794,0.30695,0.30728,0.30563,0.30794,0.08724,0.08691,0.09020,0.08264,0.08691,-56.38003,-2905.00000
0.75327,0.75228,0.75952,0.75130,0.75952,0.30728,0.30498,0.31090,0.30761,0.30563,0.08362,0.08856,0.08527,0.08724,0.08757,-56.04402,-2904.00000
0.75754,0.75820,0.75787,0.75261,0.75623,0.30826,0.30399,0.30465,0.30498,0.30596,0.08527,0.08034,0.08001,0.08362,0.08560,-56.04402,-2903.00000
0.75491,0.75491,0.75985,0.75097,0.75393,0.31122,0.30629,0.30728,0.30794,0.30432,0.08691,0.08527,0.08494,0.08494,0.08856,-55.68314,-2902.00000
0.75656,0.75360,0.75689,0.75426,0.75623,0.31353,0.30563,0.31024,0.30991,0.30662,0.08724,0.08494,0.08560,0.08231,0.08757,-55.68314,-2901.00000
0.75656,0.74866,0.75393,0.75656,0.75327,0.30761,0.30695,0.30826,0.31057,0.30498,0.08527,0.08658,0.08461,0.08856,0.08626,-56.08376,-2900.00000
0.75261,0.75590,0.75919,0.75952,0.75722,0.30695,0.30925,0.30629,0.30629,0.30892,0.08691,0.08395,0.08362,0.08724,0.08757,-56.08376,-2899.00000
0.75722,0.75557,0.76018,0.75656,0.75820,0.30761,0.30563,0.31090,0.30465,0.30596,0.08560,0.08724,0.08132,0.08856,0.08790,-55.68592,-2898.00000
0.75886,0.75031,0.75722,0.75031,0.75327,0.30859,0.31386,0.30794,0.30958,0.30563,0.08724,0.08823,0.08626,0.08527,0.08428,-55.68592,-2897.00000
0.75919,0.75327,0.75524,0.76314,0.75393,0.30728,0.30300,0.30662,0.30958,0.31122,0.08461,0.09185,0.08823,0.08691,0.08264,-55.49921,-2896.00000
0.74965,0.75952,0.75491,0.75787,0.74899,0.30892,0.30695,0.31090,0.31122,0.31320,0.08461,0.08560,0.08757,0.08132,0.08757,-55.49921,-2895.00000
0.75031,0.75952,0.75656,0.75623,0.75623,0.30629,0.30958,0.30563,0.30728,0.30958,0.08461,0.08362,0.08264,0.08987,0.08593,-55.42295,-2894.00000
0.75656,0.75689,0.75130,0.75656,0.74998,0.30761,0.30794,0.30958,0.30498,0.30892,0.08165,0.08560,0.08593,0.08823,0.08922,-55.42295,-2893.00000
0.75524,0.75952,0.75524,0.75393,0.75820,0.30596,0.31122,0.30662,0.30563,0.30695,0.08395,0.08395,0.08428,0.08330,0.08527,-55.38725,-2892.00000
0.75458,0.75985,0.75820,0.75656,0.75787,0.30629,0.30826,0.30728,0.30366,0.30530,0.08922,0.08757,0.08264,0.08034,0.08231,-55.38725,-2891.00000
0.75787,0.75458,0.75919,0.75623,0.75787,0.30530,0.30859,0.30826,0.30958,0.30761,0.08198,0.07902,0.08658,0.08790,0.08626,-53.30398,-2890.00000
0.75656,0.75952,0.75754,0.75360,0.74932,0.30267,0.30826,0.30859,0.31024,0.30925,0.08724,0.08527,0.08724,0.08856,0.08658,-53.30398,-2889.00000
0.75919,0.75853,0.75919,0.75228,0.76050,0.30925,0.30530,0.30794,0.31254,0.30629,0.08790,0.08757,0.08593,0.08560,0.08428,-52.81166,-2888.00000
0.75360,0.76050,0.75327,0.75130,0.75393,0.30366,0.30432,0.30530,0.30695,0.30563,0.08494,0.08428,0.08790,0.08428,0.08034,-52.81166,-2887.00000
0.75458,0.75590,0.75360,0.75886,0.75524,0.30826,0.30761,0.30991,0.30629,0.30728,0.08428,0.08461,0.08889,0.08658,0.08132,-51.32526,-2886.00000
0.75294,0.76215,0.75557,0.75689,0.75426,0.31155,0.30465,0.30991,0.30728,0.30563,0.08395,0.08297,0.08264,0.08560,0.08264,-51.32526,-2885.00000
0.75820,0.76511,0.75491,0.75130,0.75722,0.30991,0.30465,0.30991,0.30662,0.30662,0.08494,0.09053,0.08494,0.08691,0.08823,-52.23734,-2884.00000
0.75590,0.76281,0.75985,0.75162,0.75656,0.30465,0.31122,0.30563,0.30498,0.31090,0.08330,0.08461,0.08428,0.08560,0.08626,-52.23734,-2883.00000
0.75952,0.75820,0.75228,0.75656,0.76412,0.30794,0.30761,0.30366,0.30826,0.31024,0.08560,0.08527,0.08560,0.08790,0.08428,-53.95802,-2882.00000
0.75064,0.75162,0.76083,0.75064,0.75919,0.30432,0.31090,0.30859,0.30958,0.30892,0.08494,0.08494,0.08691,0.08264,0.08461,-53.95802,-2881.00000
0.75162,0.75722,0.75985,0.75952,0.75754,0.30826,0.31090,0.30991,0.31090,0.30530,0.08691,0.08593,0.08428,0.08395,0.08362,-54.59864,-2880.00000
0.75952,0.75557,0.76215,0.75327,0.75689,0.30662,0.30695,0.30958,0.30366,0.30333,0.08231,0.08297,0.08626,0.08593,0.08691,-54.59864,-2879.00000
0.75853,0.75656,0.75557,0.75458,0.76050,0.30728,0.30662,0.30498,0.30859,0.30596,0.08823,0.08527,0.08560,0.08527,0.08593,-54.83350,-2878.00000
0.75919,0.75886,0.76116,0.75458,0.75393,0.30925,0.30761,0.30761,0.31287,0.30925,0.08757,0.08626,0.08626,0.08593,0.08494,-54.83350,-2877.00000
0.75360,0.74669,0.75722,0.75064,0.75327,0.30465,0.30399,0.31517,0.30991,0.31221,0.08593,0.08132,0.08428,0.08330,0.08560,-55.28540,-2876.00000
0.76116,0.75689,0.75689,0.75327,0.75228,0.30859,0.30596,0.30925,0.30761,0.30629,0.08626,0.08494,0.08527,0.07968,0.08527,-55.28540,-2875.00000
0.75327,0.76149,0.75623,0.75228,0.75985,0.30761,0.31057,0.30892,0.30991,0.30596,0.08658,0.08428,0.08428,0.08198,0.08593,-55.68225,-2874.00000
0.75327,0.75031,0.75426,0.75689,0.75952,0.30728,0.31024,0.30596,0.30695,0.30300,0.08757,0.08362,0.08560,0.08198,0.08264,-55.68225,-2873.00000
0.75162,0.75458,0.76116,0.74965,0.75853,0.30794,0.30695,0.30563,0.30267,0.30826,0.08527,0.08461,0.08626,0.08362,0.08494,-55.92218,-2872.00000
0.75228,0.75031,0.75130,0.76116,0.75886,0.30695,0.30761,0.30826,0.30695,0.30826,0.08658,0.08593,0.08823,0.08395,0.08395,-55.92218,-2871.00000
0.75327,0.75228,0.75426,0.76018,0.75524,0.30267,0.30629,0.30629,0.31583,0.30991,0.08593,0.08658,0.08560,0.08461,0.08494,-56.90396,-2870.00000
0.75426,0.75952,0.75820,0.75327,0.75426,0.30925,0.30728,0.30826,0.30761,0.30695,0.08757,0.08362,0.08658,0.08034,0.08691,-56.90396,-2869.00000
0.75458,0.75458,0.75031,0.75689,0.75458,0.30794,0.30991,0.30826,0.30366,0.30826,0.08001,0.08362,0.08790,0.08395,0.08231,-55.83479,-2868.00000
0.75656,0.75689,0.75426,0.75952,0.76116,0.31122,0.30728,0.30826,0.30498,0.30333,0.08527,0.08395,0.09086,0.08297,0.08231,-55.83479,-2867.00000
0.75261,0.75524,0.75294,0.75656,0.75952,0.30695,0.31090,0.30662,0.30432,0.30629,0.08428,0.08593,0.08560,0.08527,0.08362,-55.44425,-2866.00000
0.75623,0.75360,0.75130,0.75458,0.75787,0.30925,0.30300,0.30596,0.30728,0.30465,0.08494,0.08330,0.08560,0.08527,0.08428,-55.44425,-2865.00000
0.74866,0.75426,0.75820,0.75327,0.75919,0.30925,0.30498,0.30892,0.30728,0.30563,0.08626,0.08626,0.08494,0.08724,0.08626,-55.19527,-2864.00000
0.75294,0.75820,0.75458,0.75195,0.76215,0.30826,0.30728,0.30892,0.31090,0.30498,0.08724,0.08658,0.08461,0.08658,0.08691,-55.19527,-2863.00000
0.75261,0.76116,0.76116,0.75228,0.75787,0.30695,0.31221,0.31024,0.30859,0.30826,0.08856,0.08724,0.08757,0.08428,0.08626,-55.14890,-2862.00000
0.75491,0.75623,0.75064,0.75919,0.75458,0.30826,0.30629,0.30432,0.30267,0.30925,0.08362,0.08691,0.08626,0.08626,0.08593,-55.14890,-2861.00000
0.76149,0.75590,0.75195,0.75754,0.75557,0.30596,0.31155,0.30662,0.30728,0.31188,0.08626,0.08790,0.08461,0.08856,0.08395,-54.97924,-2860.00000
0.75886,0.74603,0.75952,0.75722,0.75426,0.30432,0.30498,0.30695,0.30925,0.30563,0.08724,0.08461,0.08231,0.07935,0.08066,-54.97924,-2859.00000
0.74965,0.75524,0.75754,0.75524,0.75590,0.30826,0.30530,0.30465,0.30432,0.30465,0.08527,0.08560,0.08626,0.08428,0.08428,-55.69519,-2858.00000
0.75327,0.75491,0.75491,0.75524,0.75656,0.30366,0.30399,0.31155,0.30465,0.30761,0.08757,0.08132,0.08757,0.08461,0.08066,-55.69519,-2857.00000
0.76182,0.75886,0.75722,0.75524,0.75787,0.30629,0.30530,0.30761,0.30563,0.30333,0.08658,0.08691,0.08658,0.08626,0.08494,-55.83099,-2856.00000
0.75853,0.75754,0.75590,0.75360,0.75689,0.31090,0.31122,0.30925,0.30366,0.30399,0.08066,0.09086,0.08231,0.08658,0.08494,-55.83099,-2855.00000
0.75557,0.75754,0.76215,0.75689,0.75393,0.31221,0.31057,0.30662,0.30563,0.31188,0.08593,0.08724,0.08395,0.08626,0.08593,-56.03561,-2854.00000
0.75294,0.75524,0.75886,0.75656,0.75820,0.31057,0.30892,0.30563,0.30991,0.31122,0.08757,0.08297,0.08823,0.08691,0.08527,-56.03561,-2853.00000
0.76083,0.75590,0.76083,0.75393,0.75195,0.30530,0.30234,0.30399,0.30629,0.30432,0.08527,0.08461,0.08428,0.08494,0.08428,-55.50316,-2852.00000
0.74998,0.76149,0.75754,0.75623,0.75524,0.30794,0.30498,0.30530,0.30761,0.30728,0.08593,0.08231,0.08428,0.08757,0.08757,-55.50316,-2851.00000
0.75294,0.75919,0.75261,0.75458,0.75327,0.31418,0.31287,0.30563,0.30728,0.30530,0.08593,0.08330,0.08362,0.08593,0.08626,-55.57873,-2850.00000
0.76018,0.75491,0.75491,0.75919,0.75656,0.30925,0.30859,0.30563,0.30629,0.30202,0.08330,0.08165,0.08428,0.08658,0.08658,-55.57873,-2849.00000
0.74998,0.76182,0.75853,0.75458,0.75327,0.30958,0.30925,0.30892,0.31057,0.30925,0.08132,0.08593,0.08428,0.08362,0.08691,-55.00372,-2848.00000
0.75754,0.75491,0.75985,0.75458,0.75458,0.31122,0.30629,0.30925,0.31583,0.30794,0.08724,0.08757,0.08494,0.08626,0.08724,-55.00372,-2847.00000
0.75853,0.75162,0.75491,0.75590,0.75689,0.30859,0.30958,0.30399,0.30662,0.30596,0.08297,0.08297,0.08527,0.08560,0.08658,-54.69668,-2846.00000
0.75393,0.76182,0.75393,0.75491,0.75426,0.30662,0.30728,0.30958,0.30563,0.30991,0.08658,0.08724,0.08362,0.08461,0.08593,-54.69668,-2845.00000
0.75162,0.75886,0.75689,0.75261,0.76050,0.30761,0.30761,0.31550,0.30695,0.31024,0.08757,0.08428,0.08560,0.08527,0.08724,-55.68086,-2844.00000
0.75689,0.75097,0.76182,0.75656,0.75294,0.30728,0.31057,0.30892,0.30991,0.30530,0.08527,0.08165,0.08395,0.08165,0.08823,-55.68086,-2843.00000
0.75754,0.75261,0.75722,0.75689,0.75952,0.30399,0.30761,0.30596,0.31287,0.30892,0.08198,0.08165,0.08461,0.08297,0.08560,-55.79453,-2842.00000
0.75919,0.75689,0.75426,0.75919,0.76215,0.30761,0.31090,0.30859,0.30859,0.30859,0.08330,0.08790,0.08395,0.08593,0.08560,-55.79453,-2841.00000
0.75426,0.75886,0.75985,0.76116,0.75590,0.30892,0.30267,0.30662,0.30596,0.31057,0.08297,0.08231,0.08823,0.08066,0.08527,-55.84160,-2840.00000
0.76018,0.76018,0.75853,0.75886,0.75162,0.30859,0.30530,0.30333,0.30761,0.30662,0.08330,0.08330,0.08691,0.08790,0.08264,-55.84160,-2839.00000
0.75590,0.75360,0.75656,0.75656,0.75590,0.30991,0.31386,0.30761,0.31024,0.30596,0.08297,0.08428,0.08593,0.08593,0.08461,-56.17031,-2838.00000
0.76478,0.75590,0.75656,0.76083,0.75754,0.30629,0.31024,0.30991,0.30794,0.30695,0.08362,0.08658,0.08527,0.08560,0.08494,-56.17031,-2837.00000
0.75327,0.76083,0.75360,0.75919,0.75853,0.30728,0.30267,0.30958,0.30530,0.30629,0.08593,0.08856,0.08362,0.08198,0.08330,-55.90498,-2836.00000
0.75754,0.75590,0.75787,0.75787,0.75722,0.30432,0.30826,0.30728,0.30892,0.30925,0.08132,0.08198,0.08560,0.08691,0.08330,-55.90498,-2835.00000
0.75853,0.75853,0.75393,0.75754,0.76050,0.30794,0.30761,0.30991,0.30958,0.30991,0.08494,0.08362,0.08626,0.08395,0.08362,-55.76011,-2834.00000
0.75689,0.75623,0.75952,0.75261,0.75393,0.30761,0.31024,0.31090,0.30366,0.30596,0.08494,0.08560,0.08626,0.08494,0.08330,-55.76011,-2833.00000
0.75031,0.76050,0.74998,0.75360,0.75261,0.30498,0.30794,0.30892,0.30432,0.30761,0.08494,0.08297,0.08494,0.08395,0.08724,-55.24089,-2832.00000
0.75327,0.75656,0.75722,0.75031,0.75722,0.31090,0.30629,0.30695,0.30596,0.30892,0.08428,0.08527,0.08198,0.08527,0.08790,-55.24089,-2831.00000
0.75393,0.75590,0.75656,0.75722,0.74998,0.30530,0.30662,0.30662,0.30958,0.30267,0.08626,0.08362,0.08494,0.08362,0.08691,-55.53793,-2830.00000
0.75393,0.75722,0.75689,0.75623,0.76248,0.30465,0.30761,0.30761,0.30958,0.30695,0.08297,0.08330,0.08593,0.08461,0.08231,-55.53793,-2829.00000
0.75919,0.75590,0.75689,0.74472,0.75426,0.30662,0.30662,0.30728,0.30728,0.30300,0.08165,0.08231,0.08099,0.08362,0.08757,-55.76457,-2828.00000
0.75162,0.75853,0.75294,0.75097,0.75853,0.31024,0.30662,0.30958,0.30629,0.30728,0.08494,0.08461,0.08330,0.08198,0.08691,-55.76457,-2827.00000
0.75360,0.75195,0.75919,0.75097,0.75754,0.30695,0.31320,0.30432,0.30563,0.30892,0.08428,0.08494,0.08593,0.08691,0.08362,-55.28951,-2826.00000
0.75261,0.75853,0.76018,0.75524,0.75327,0.30596,0.30629,0.30498,0.30695,0.30925,0.08395,0.08593,0.08494,0.08560,0.08362,-55.28951,-2825.00000
0.75294,0.75491,0.75820,0.75787,0.75886,0.30892,0.30859,0.30530,0.30596,0.30859,0.08494,0.08362,0.08691,0.08560,0.08297,-55.35960,-2824.00000
0.75031,0.75491,0.75491,0.75524,0.75623,0.30498,0.30366,0.30728,0.30925,0.30629,0.08330,0.08461,0.08724,0.08461,0.08330,-55.35960,-2823.00000
0.75524,0.76248,0.75458,0.75557,0.76050,0.30859,0.30432,0.30991,0.30728,0.30695,0.08593,0.08527,0.08494,0.08461,0.08626,-55.90246,-2822.00000
0.75919,0.75097,0.75787,0.75623,0.75787,0.30925,0.30794,0.31353,0.30859,0.30925,0.08658,0.08757,0.08691,0.08658,0.08527,-55.90246,-2821.00000
0.75590,0.75524,0.75524,0.75162,0.75524,0.31057,0.31155,0.30826,0.30629,0.30826,0.08757,0.08330,0.08593,0.08461,0.08527,-55.93218,-2820.00000
0.75919,0.75327,0.75228,0.76182,0.75985,0.30432,0.30629,0.30991,0.30826,0.30794,0.08231,0.08395,0.08362,0.08757,0.08593,-55.93218,-2819.00000
0.75787,0.75623,0.75623,0.75360,0.74932,0.30695,0.30728,0.30465,0.31155,0.30728,0.08297,0.08626,0.08691,0.08889,0.08198,-55.47342,-2818.00000
0.76149,0.75689,0.76149,0.75689,0.75590,0.30399,0.30234,0.30892,0.30695,0.30629,0.08494,0.08461,0.08593,0.08362,0.08395,-55.47342,-2817.00000
0.75491,0.75754,0.75393,0.75623,0.75754,0.30892,0.30596,0.30859,0.30892,0.30826,0.08889,0.08527,0.08132,0.08494,0.08560,-55.52235,-2816.00000
0.75294,0.75754,0.76379,0.76050,0.75787,0.30859,0.30925,0.31188,0.30267,0.30794,0.08461,0.08494,0.08724,0.08297,0.08330,-55.52235,-2815.00000
0.76018,0.75623,0.76018,0.75590,0.75524,0.30498,0.30892,0.30761,0.31090,0.31254,0.08165,0.08593,0.08231,0.08658,0.08527,-55.77631,-2814.00000
0.75820,0.75787,0.75623,0.75294,0.75623,0.30728,0.30596,0.30465,0.30892,0.30498,0.08494,0.08527,0.08922,0.08198,0.08231,-55.77631,-2813.00000
0.75261,0.75656,0.75754,0.76018,0.75623,0.31057,0.30925,0.30892,0.30465,0.30629,0.08001,0.08395,0.08198,0.08691,0.08757,-55.56882,-2812.00000
0.75754,0.75754,0.75130,0.75426,0.75327,0.30695,0.30300,0.30563,0.30826,0.30728,0.08198,0.08395,0.08527,0.08428,0.08823,-55.56882,-2811.00000
0.75524,0.75754,0.75787,0.75393,0.75360,0.30958,0.30826,0.30859,0.30925,0.30826,0.08494,0.08297,0.08330,0.08658,0.08691,-55.89232,-2810.00000
0.76643,0.75458,0.75754,0.75820,0.75426,0.30695,0.30695,0.30991,0.30728,0.31122,0.08626,0.08297,0.08757,0.08560,0.08001,-55.89232,-2809.00000
0.75590,0.75689,0.75195,0.75623,0.75524,0.30366,0.30859,0.30958,0.31188,0.30662,0.08691,0.08626,0.08231,0.08626,0.08461,-56.05651,-2808.00000
0.75623,0.75623,0.75557,0.74932,0.75162,0.30728,0.30859,0.30629,0.30728,0.30695,0.08626,0.09020,0.08330,0.08494,0.08461,-56.05651,-2807.00000
0.75590,0.75327,0.75458,0.75524,0.75787,0.30530,0.30991,0.30333,0.30892,0.30662,0.08560,0.08823,0.08658,0.08001,0.08428,-55.92132,-2806.00000
0.75162,0.75130,0.75491,0.75393,0.76116,0.30958,0.31221,0.31122,0.30794,0.31090,0.08527,0.08428,0.08395,0.08724,0.08395,-55.92132,-2805.00000
0.75294,0.75985,0.76182,0.75426,0.75787,0.30925,0.31024,0.30761,0.31090,0.30761,0.08330,0.08264,0.08593,0.08494,0.08658,-55.83420,-2804.00000
0.76248,0.75393,0.75393,0.76182,0.75228,0.30333,0.30530,0.30498,0.30794,0.30563,0.08626,0.08362,0.08330,0.08593,0.08527,-55.83420,-2803.00000
0.75294,0.76116,0.75327,0.75820,0.75426,0.30761,0.30366,0.31188,0.30794,0.30728,0.08428,0.08264,0.08395,0.08724,0.08560,-55.99327,-2802.00000
0.75261,0.75130,0.75787,0.75491,0.75656,0.30530,0.31122,0.30629,0.30892,0.30267,0.08626,0.08297,0.08527,0.08395,0.08034,-55.99327,-2801.00000
0.75491,0.75754,0.75787,0.74932,0.75360,0.30925,0.30794,0.30958,0.30629,0.30662,0.08461,0.08461,0.08297,0.08297,0.08264,-56.17535,-2800.00000
0.75689,0.75623,0.75656,0.75952,0.75491,0.30761,0.30859,0.31024,0.31090,0.30892,0.08198,0.08658,0.08428,0.08527,0.08395,-56.17535,-2799.00000
0.75393,0.75393,0.75491,0.76018,0.75623,0.30695,0.31287,0.30728,0.30662,0.31122,0.08560,0.08922,0.08461,0.08593,0.08560,-55.90506,-2798.00000
0.75557,0.76281,0.75458,0.75623,0.75820,0.30498,0.31188,0.30563,0.30728,0.30070,0.08395,0.08099,0.08658,0.08658,0.08132,-55.90506,-2797.00000
0.74965,0.74735,0.75656,0.75689,0.76018,0.30498,0.30794,0.30498,0.30530,0.30761,0.08658,0.08494,0.08527,0.08560,0.08527,-55.82362,-2796.00000
0.75722,0.75097,0.75097,0.75130,0.75886,0.30794,0.30629,0.30958,0.30530,0.30596,0.08362,0.08231,0.08527,0.08461,0.08626,-55.82362,-2795.00000
0.75557,0.75623,0.75689,0.75623,0.74768,0.31353,0.30234,0.30958,0.30728,0.30432,0.08527,0.08362,0.08066,0.08428,0.08395,-55.37275,-2794.00000
0.75689,0.76018,0.75458,0.75524,0.75656,0.30761,0.30366,0.30432,0.30695,0.30629,0.07935,0.08198,0.08362,0.08165,0.08691,-55.37275,-2793.00000
0.75820,0.75426,0.75524,0.75195,0.75491,0.30498,0.30530,0.30728,0.30563,0.31024,0.08362,0.08264,0.08165,0.08922,0.08527,-55.86020,-2792.00000
0.75228,0.75590,0.75886,0.75590,0.75031,0.30563,0.30563,0.30958,0.30826,0.30925,0.08626,0.08330,0.08626,0.08494,0.08527,-55.86020,-2791.00000
0.75426,0.75162,0.76314,0.75557,0.75787,0.30399,0.30761,0.30892,0.31057,0.30596,0.08165,0.08330,0.08297,0.08165,0.08231,-56.13078,-2790.00000
0.75754,0.75557,0.75426,0.75820,0.75590,0.30794,0.30596,0.30333,0.30892,0.30695,0.08593,0.08264,0.08593,0.08757,0.08560,-56.13078,-2789.00000
0.75886,0.75623,0.75426,0.75722,0.75952,0.30596,0.30530,0.30925,0.30794,0.30892,0.08330,0.08231,0.08494,0.08395,0.08527,-55.82906,-2788.00000
0.75327,0.75491,0.75689,0.75985,0.76116,0.31057,0.30465,0.31122,0.30892,0.30498,0.08823,0.08428,0.07869,0.08593,0.08198,-55.82906,-2787.00000
0.75952,0.75294,0.75064,0.75919,0.75524,0.30465,0.30892,0.30892,0.30925,0.30498,0.08428,0.08560,0.08362,0.08889,0.08099,-54.89695,-2786.00000
0.75261,0.74735,0.75656,0.76248,0.74866,0.30629,0.30826,0.30794,0.30530,0.30267,0.08165,0.08494,0.08395,0.08231,0.08099,-54.89695,-2785.00000
0.75590,0.75261,0.75393,0.75426,0.75787,0.30761,0.30498,0.30662,0.30465,0.30596,0.08527,0.08330,0.08790,0.08461,0.08297,-54.96557,-2784.00000
0.75623,0.75853,0.75261,0.75722,0.74899,0.30826,0.31024,0.30859,0.30859,0.30761,0.08724,0.08297,0.08494,0.08198,0.08889,-54.96557,-2783.00000
0.75623,0.74702,0.75031,0.75162,0.75393,0.30892,0.30794,0.30465,0.30629,0.30202,0.08428,0.08560,0.08362,0.08231,0.08264,-55.48083,-2782.00000
0.75623,0.75130,0.75327,0.75426,0.75426,0.30794,0.31024,0.31024,0.30794,0.30728,0.08922,0.08889,0.08461,0.08231,0.08626,-55.48083,-2781.00000
0.75261,0.75853,0.75787,0.75524,0.75426,0.30695,0.30695,0.30662,0.30826,0.30695,0.08461,0.08691,0.08593,0.08297,0.08165,-56.46600,-2780.00000
0.75656,0.75261,0.75426,0.75524,0.75360,0.30366,0.30695,0.30596,0.30761,0.30892,0.07803,0.08428,0.08527,0.08428,0.08231,-56.46600,-2779.00000
0.75886,0.75458,0.75426,0.75623,0.75491,0.30563,0.30925,0.30465,0.30498,0.30892,0.08494,0.08922,0.08428,0.08494,0.08428,-56.12851,-2778.00000
0.75294,0.75557,0.75491,0.75162,0.75524,0.31320,0.30530,0.30958,0.30958,0.30826,0.08527,0.08362,0.08297,0.08264,0.08066,-56.12851,-2777.00000
0.74965,0.75623,0.75195,0.75162,0.75458,0.30662,0.30761,0.31090,0.30530,0.31188,0.08691,0.08330,0.08790,0.08658,0.08297,-56.30644,-2776.00000
0.75261,0.74899,0.75656,0.75130,0.75722,0.31024,0.30465,0.30728,0.31057,0.30892,0.08395,0.08856,0.08362,0.08395,0.08691,-56.30644,-2775.00000
0.75031,0.75787,0.75360,0.75130,0.75787,0.30465,0.30596,0.30859,0.30563,0.30859,0.08297,0.08395,0.08428,0.08198,0.08395,-56.19521,-2774.00000
0.75853,0.75261,0.75195,0.75590,0.76116,0.30925,0.30465,0.30563,0.30498,0.30859,0.08330,0.08198,0.08132,0.08362,0.08626,-56.19521,-2773.00000
0.75491,0.75426,0.75261,0.75393,0.75623,0.30465,0.30794,0.30629,0.30695,0.30465,0.08527,0.08297,0.08362,0.08560,0.08428,-55.63179,-2772.00000
0.75327,0.75195,0.75754,0.75261,0.75853,0.30563,0.31188,0.30859,0.30925,0.30465,0.08198,0.08428,0.08428,0.08395,0.08724,-55.63179,-2771.00000
0.75130,0.75228,0.75360,0.76314,0.75261,0.30892,0.30366,0.30761,0.30728,0.30530,0.08231,0.08231,0.08362,0.08362,0.08494,-55.37205,-2770.00000
0.75656,0.75327,0.74899,0.75360,0.75491,0.30563,0.30563,0.30399,0.30958,0.30563,0.08494,0.08231,0.08494,0.08626,0.08165,-55.37205,-2769.00000
0.75656,0.75426,0.74998,0.75031,0.75787,0.30432,0.31057,0.30530,0.30202,0.30563,0.08987,0.08593,0.08165,0.08626,0.08527,-55.72313,-2768.00000
0.75426,0.75820,0.75754,0.75656,0.75195,0.31122,0.30465,0.30333,0.30366,0.30202,0.08330,0.08231,0.08428,0.08757,0.08560,-55.72313,-2767.00000
0.75195,0.75754,0.74932,0.75130,0.74702,0.30794,0.30629,0.30300,0.30070,0.30826,0.08626,0.08856,0.08593,0.08823,0.08922,-56.76293,-2766.00000
0.75557,0.75623,0.75162,0.74965,0.75458,0.30136,0.30596,0.30859,0.30267,0.30103,0.08658,0.08428,0.08461,0.08231,0.08395,-56.76293,-2765.00000
0.75327,0.74801,0.74834,0.75590,0.75623,0.30629,0.30366,0.31090,0.30728,0.30695,0.08362,0.08330,0.08461,0.08264,0.08330,-55.87170,-2764.00000
0.75064,0.74735,0.75623,0.75360,0.75064,0.30004,0.30761,0.30465,0.30366,0.30662,0.08428,0.08297,0.08626,0.08165,0.08198,-55.87170,-2763.00000
0.74538,0.75130,0.75031,0.75294,0.75162,0.30498,0.30399,0.30859,0.30300,0.30596,0.08428,0.08757,0.08132,0.07836,0.08395,-55.85089,-2762.00000
0.75130,0.75228,0.74340,0.74899,0.75393,0.30432,0.30530,0.30234,0.30991,0.30234,0.08395,0.08658,0.08231,0.08297,0.08428,-55.85089,-2761.00000
0.75294,0.75261,0.75228,0.75557,0.75458,0.30695,0.30202,0.30465,0.31616,0.30859,0.08330,0.08593,0.08428,0.08691,0.08494,-55.70621,-2760.00000
0.75787,0.75426,0.75360,0.75524,0.75031,0.30366,0.30892,0.30465,0.30991,0.30662,0.08362,0.08264,0.08264,0.08099,0.08823,-55.70621,-2759.00000
0.75458,0.75820,0.75623,0.75228,0.74768,0.30695,0.30662,0.30662,0.30695,0.30596,0.08395,0.08494,0.08165,0.08066,0.08527,-55.90242,-2758.00000
0.74932,0.75754,0.75031,0.75327,0.74570,0.31122,0.31024,0.30300,0.30333,0.30399,0.08231,0.08395,0.08724,0.08264,0.08395,-55.90242,-2757.00000
0.75195,0.74603,0.75458,0.75393,0.75294,0.31024,0.30530,0.30794,0.30695,0.30399,0.08034,0.08757,0.08494,0.08527,0.08395,-55.62943,-2756.00000
0.75426,0.75722,0.75524,0.75491,0.75524,0.30991,0.30859,0.30596,0.30629,0.30892,0.08066,0.08165,0.08198,0.08132,0.08428,-55.62943,-2755.00000
0.75261,0.75360,0.75623,0.75393,0.75458,0.31024,0.30761,0.30629,0.30728,0.30399,0.08395,0.08034,0.08494,0.08165,0.08691,-55.55153,-2754.00000
0.75952,0.75886,0.75064,0.75294,0.75458,0.31221,0.30563,0.30596,0.30859,0.30892,0.08330,0.08428,0.08165,0.08362,0.08593,-55.55153,-2753.00000
0.74834,0.75458,0.75557,0.75294,0.75360,0.30563,0.30596,0.31254,0.30892,0.30826,0.08395,0.08593,0.08428,0.08264,0.08691,-56.12293,-2752.00000
0.75853,0.75590,0.75097,0.75985,0.75360,0.30826,0.30695,0.31057,0.30629,0.31024,0.08330,0.08494,0.08198,0.08395,0.08626,-56.12293,-2751.00000
0.75754,0.75590,0.75261,0.75195,0.75656,0.30958,0.30563,0.31057,0.30629,0.30432,0.08461,0.08297,0.08362,0.08165,0.08527,-55.57123,-2750.00000
0.74669,0.75426,0.75097,0.75754,0.75820,0.30695,0.30728,0.30728,0.30596,0.30794,0.08297,0.08231,0.08330,0.08461,0.08297,-55.57123,-2749.00000
0.75853,0.75228,0.74801,0.75623,0.74570,0.30629,0.30728,0.30958,0.30432,0.30925,0.08099,0.08560,0.08330,0.08790,0.07803,-55.84714,-2748.00000
0.74965,0.75524,0.75426,0.75393,0.75360,0.30234,0.30662,0.30662,0.31057,0.30629,0.08593,0.08034,0.08560,0.08461,0.08527,-55.84714,-2747.00000
0.76116,0.76018,0.74965,0.74834,0.75524,0.30761,0.30596,0.30596,0.30530,0.31024,0.08658,0.08560,0.08198,0.08395,0.08330,-55.49681,-2746.00000
0.74801,0.74965,0.75162,0.75162,0.75722,0.30333,0.30958,0.30991,0.30761,0.30695,0.08428,0.08099,0.08428,0.08198,0.08691,-55.49681,-2745.00000
0.75195,0.75097,0.75853,0.75228,0.75327,0.30892,0.30498,0.30629,0.30892,0.30695,0.08231,0.08395,0.08362,0.08231,0.08658,-55.70983,-2744.00000
0.75590,0.74965,0.76116,0.75228,0.75590,0.30432,0.30695,0.30234,0.30826,0.30070,0.08264,0.08034,0.08297,0.08560,0.08362,-55.70983,-2743.00000
0.75491,0.74834,0.74735,0.75557,0.74801,0.30728,0.31155,0.30728,0.30399,0.30859,0.08165,0.08264,0.08428,0.08494,0.08626,-56.26068,-2742.00000
0.75557,0.75426,0.75261,0.75886,0.75919,0.30695,0.30728,0.30432,0.31057,0.31320,0.08231,0.08297,0.08362,0.08264,0.08330,-56.26068,-2741.00000
0.75426,0.75195,0.75294,0.75590,0.75261,0.30563,0.30629,0.30991,0.30465,0.30794,0.08330,0.08165,0.08330,0.08428,0.08428,-55.60592,-2740.00000
0.75656,0.75162,0.75557,0.75064,0.75689,0.30728,0.30596,0.30432,0.31057,0.30465,0.08757,0.08395,0.08362,0.08757,0.08297,-55.60592,-2739.00000
0.75195,0.76050,0.74998,0.75426,0.74866,0.30728,0.30366,0.30465,0.29675,0.30498,0.08593,0.08330,0.08330,0.08626,0.08461,-55.61790,-2738.00000
0.74834,0.75820,0.75754,0.75393,0.75656,0.30498,0.30695,0.31287,0.30432,0.30728,0.08395,0.08757,0.08099,0.08066,0.08362,-55.61790,-2737.00000
0.75228,0.75590,0.75228,0.75458,0.75491,0.30498,0.30563,0.30563,0.30465,0.30333,0.08395,0.08428,0.08066,0.08494,0.08264,-55.31628,-2736.00000
0.75491,0.76182,0.74307,0.75261,0.74669,0.30596,0.30629,0.30728,0.31122,0.30695,0.08428,0.08231,0.08428,0.08297,0.08593,-55.31628,-2735.00000
0.75722,0.75261,0.75590,0.75557,0.75689,0.30991,0.30366,0.30794,0.30234,0.30563,0.08527,0.08494,0.08461,0.08362,0.08165,-55.94671,-2734.00000
0.74932,0.75393,0.75261,0.75557,0.75689,0.30629,0.30991,0.30366,0.30465,0.30925,0.08297,0.08362,0.08428,0.08527,0.08132,-55.94671,-2733.00000
0.75491,0.75162,0.75623,0.75064,0.75853,0.31090,0.30728,0.30695,0.30432,0.31090,0.08132,0.08330,0.08461,0.08165,0.08428,-56.34494,-2732.00000
0.75524,0.75327,0.75327,0.76050,0.75919,0.30498,0.30498,0.30267,0.30826,0.30892,0.08362,0.08428,0.08658,0.08297,0.08165,-56.34494,-2731.00000
0.75689,0.75458,0.75557,0.75689,0.75524,0.30629,0.30498,0.30498,0.30794,0.30662,0.08626,0.08560,0.08330,0.08264,0.08461,-56.06309,-2730.00000
0.75722,0.76018,0.75557,0.75458,0.75886,0.30958,0.31122,0.30859,0.31024,0.30662,0.08362,0.08593,0.08330,0.08856,0.08395,-56.06309,-2729.00000
0.75787,0.75623,0.75228,0.75097,0.75393,0.31287,0.30498,0.30761,0.30794,0.30169,0.08198,0.08527,0.08428,0.08658,0.08691,-55.52911,-2728.00000
0.74735,0.75590,0.75524,0.75228,0.75590,0.31287,0.30234,0.30563,0.30728,0.30662,0.08395,0.08593,0.08362,0.08626,0.08461,-55.52911,-2727.00000
0.75097,0.75787,0.75491,0.75820,0.75689,0.31024,0.30695,0.31024,0.30859,0.30925,0.08231,0.08330,0.08560,0.08757,0.08362,-56.22403,-2726.00000
0.75557,0.75097,0.75228,0.75458,0.74899,0.30563,0.30728,0.30728,0.30794,0.30596,0.08264,0.08297,0.08231,0.08264,0.08099,-56.22403,-2725.00000
0.75491,0.75327,0.75952,0.75886,0.75820,0.30695,0.31188,0.30794,0.30662,0.30761,0.08132,0.08198,0.08593,0.08132,0.08362,-55.87813,-2724.00000
0.76083,0.75130,0.75886,0.75261,0.75162,0.30563,0.30596,0.30695,0.30728,0.30103,0.08428,0.08593,0.08527,0.08527,0.08264,-55.87813,-2723.00000
0.74505,0.75623,0.75064,0.75754,0.76281,0.31155,0.30498,0.30794,0.30695,0.30596,0.08626,0.08001,0.08034,0.08790,0.08691,-55.95908,-2722.00000
0.75623,0.75393,0.75064,0.75491,0.75294,0.30991,0.30596,0.30530,0.30925,0.30794,0.08066,0.08823,0.08132,0.08165,0.08362,-55.95908,-2721.00000
0.75787,0.74932,0.75557,0.75261,0.75097,0.30761,0.30596,0.31155,0.31024,0.30596,0.08231,0.08527,0.08691,0.08395,0.08560,-56.10942,-2720.00000
0.75393,0.75886,0.75689,0.74998,0.75228,0.31024,0.30761,0.30991,0.30169,0.30103,0.08099,0.08264,0.08494,0.08395,0.08560,-56.10942,-2719.00000
0.75656,0.75162,0.75722,0.75722,0.74998,0.30596,0.30859,0.30267,0.30761,0.30563,0.08297,0.08231,0.08165,0.08034,0.08395,-55.76956,-2718.00000
0.75820,0.75393,0.75623,0.74965,0.75360,0.30695,0.30958,0.30859,0.30596,0.30234,0.08461,0.08395,0.08494,0.08626,0.08395,-55.76956,-2717.00000
0.73978,0.75360,0.76116,0.75426,0.75162,0.30859,0.30629,0.30563,0.30662,0.30662,0.08757,0.08757,0.08527,0.08330,0.08264,-56.03907,-2716.00000
0.75787,0.75656,0.75261,0.75097,0.75195,0.30563,0.30958,0.30530,0.30629,0.30728,0.08494,0.08330,0.08330,0.08461,0.08330,-56.03907,-2715.00000
0.75261,0.75261,0.75524,0.75491,0.75787,0.30629,0.30465,0.30596,0.30596,0.30925,0.08198,0.08658,0.08494,0.08461,0.08264,-56.51075,-2714.00000
0.75261,0.75426,0.75064,0.74768,0.75491,0.30530,0.30695,0.30366,0.31057,0.30563,0.08494,0.08428,0.08362,0.08362,0.08691,-56.51075,-2713.00000
0.75294,0.75458,0.75689,0.74834,0.75754,0.30366,0.30892,0.30991,0.30826,0.31254,0.08165,0.08297,0.08395,0.08362,0.08099,-55.99463,-2712.00000
0.75393,0.74899,0.74834,0.75360,0.75623,0.30432,0.30234,0.30333,0.30136,0.30958,0.08231,0.08198,0.08198,0.08264,0.08231,-55.99463,-2711.00000
0.74768,0.75491,0.75064,0.74998,0.75590,0.30333,0.30925,0.30202,0.30267,0.30794,0.07968,0.08395,0.08395,0.08165,0.08691,-55.06275,-2710.00000
0.74603,0.75393,0.75261,0.74801,0.75294,0.30662,0.30432,0.30925,0.30432,0.30432,0.08297,0.08494,0.08297,0.08560,0.08264,-55.06275,-2709.00000
0.74866,0.75228,0.75097,0.74801,0.75886,0.30596,0.30432,0.30399,0.30465,0.31122,0.07902,0.08362,0.08560,0.08198,0.08231,-55.45129,-2708.00000
0.75557,0.75162,0.75327,0.75722,0.75820,0.30826,0.30596,0.30563,0.30596,0.30596,0.08264,0.08297,0.08626,0.08527,0.08395,-55.45129,-2707.00000
0.75656,0.75228,0.75524,0.75524,0.75590,0.30267,0.30761,0.30662,0.30761,0.30859,0.08560,0.08330,0.07968,0.08494,0.08395,-56.59283,-2706.00000
0.75097,0.75162,0.75590,0.75853,0.75557,0.30366,0.30629,0.30662,0.30629,0.30629,0.08461,0.08330,0.08066,0.08461,0.07935,-56.59283,-2705.00000
0.74702,0.75557,0.75557,0.75130,0.75722,0.30662,0.30826,0.30859,0.30333,0.30432,0.08494,0.07902,0.08066,0.08658,0.08362,-55.55960,-2704.00000
0.75130,0.75261,0.75820,0.75491,0.75261,0.30662,0.30202,0.30530,0.30596,0.30563,0.08198,0.08330,0.08560,0.08001,0.08593,-55.55960,-2703.00000
0.75458,0.74965,0.75327,0.74538,0.75228,0.30267,0.30563,0.30662,0.30432,0.30925,0.08034,0.08297,0.08362,0.08066,0.08198,-55.13576,-2702.00000
0.75722,0.75064,0.75228,0.75097,0.75985,0.30004,0.30794,0.31090,0.30267,0.30695,0.07836,0.08362,0.08560,0.08297,0.08527,-55.13576,-2701.00000
0.74866,0.75031,0.75656,0.75754,0.75327,0.30465,0.30761,0.30432,0.30695,0.30728,0.08330,0.07968,0.08034,0.08297,0.08297,-55.32423,-2700.00000
0.74998,0.75327,0.75590,0.74735,0.76116,0.31287,0.30530,0.30596,0.30794,0.30596,0.08198,0.08001,0.08099,0.07902,0.08330,-55.32423,-2699.00000
0.75228,0.75853,0.75623,0.75261,0.75491,0.30695,0.30530,0.30859,0.30695,0.30399,0.08757,0.08099,0.08099,0.08330,0.08494,-55.46729,-2698.00000
0.75820,0.75031,0.75195,0.75360,0.75162,0.30070,0.30892,0.30563,0.30465,0.29938,0.08428,0.08099,0.08362,0.08099,0.08560,-55.46729,-2697.00000
0.75327,0.75689,0.75130,0.75623,0.74899,0.30892,0.30794,0.30596,0.30563,0.30826,0.08724,0.08823,0.08165,0.08165,0.08330,-55.84400,-2696.00000
0.75261,0.75130,0.75097,0.75162,0.74801,0.30498,0.30563,0.30070,0.29971,0.30629,0.08231,0.08165,0.08132,0.08132,0.08198,-55.84400,-2695.00000
0.76018,0.74899,0.75524,0.75031,0.75064,0.30826,0.30333,0.30991,0.30530,0.30629,0.08099,0.08691,0.08231,0.07935,0.08461,-56.01770,-2694.00000
0.75919,0.74834,0.75261,0.75031,0.74932,0.30629,0.30234,0.30530,0.30991,0.30728,0.08790,0.08362,0.08560,0.08494,0.08198,-56.01770,-2693.00000
0.75623,0.75130,0.75656,0.75722,0.75261,0.31090,0.30695,0.30498,0.30333,0.30498,0.08724,0.08395,0.08691,0.08198,0.08593,-56.02399,-2692.00000
0.75656,0.74998,0.75787,0.75097,0.74768,0.30629,0.30366,0.30662,0.30234,0.30629,0.07902,0.08691,0.08560,0.08428,0.08132,-56.02399,-2691.00000
0.75722,0.75623,0.75524,0.75162,0.74899,0.30465,0.30596,0.30432,0.31155,0.30761,0.08165,0.08330,0.08461,0.08165,0.08527,-56.08084,-2690.00000
0.75426,0.75130,0.74932,0.75557,0.75195,0.31188,0.30859,0.30530,0.30202,0.30629,0.08165,0.08395,0.08691,0.08658,0.08330,-56.08084,-2689.00000
0.75162,0.75097,0.74998,0.75130,0.75162,0.30859,0.30761,0.30728,0.30399,0.30530,0.08560,0.08560,0.07869,0.08626,0.08428,-56.07021,-2688.00000
0.74965,0.76083,0.74439,0.74899,0.74998,0.30530,0.30563,0.30794,0.31090,0.30366,0.08724,0.08757,0.08494,0.07968,0.08593,-56.07021,-2687.00000
0.75491,0.75360,0.74834,0.76116,0.76083,0.30728,0.30596,0.31122,0.29840,0.30530,0.08494,0.08658,0.08001,0.08428,0.08297,-55.50336,-2686.00000
0.75031,0.75491,0.74801,0.75754,0.75623,0.30070,0.30662,0.30300,0.30629,0.30366,0.08593,0.08428,0.08658,0.08264,0.08658,-55.50336,-2685.00000
0.75327,0.74570,0.75393,0.74636,0.75130,0.31155,0.30629,0.30629,0.30498,0.30892,0.08330,0.08428,0.08198,0.08395,0.08198,-55.39817,-2684.00000
0.75195,0.76182,0.75426,0.75294,0.74669,0.30925,0.30169,0.30596,0.30794,0.30892,0.08527,0.08461,0.08362,0.08527,0.08395,-55.39817,-2683.00000
0.75557,0.75393,0.75261,0.74768,0.75393,0.30925,0.30859,0.30498,0.30958,0.30695,0.08099,0.08527,0.08461,0.08395,0.08428,-55.96324,-2682.00000
0.75722,0.76116,0.74866,0.75458,0.74965,0.30728,0.30728,0.30629,0.30728,0.30794,0.08362,0.08165,0.08001,0.08428,0.08165,-55.96324,-2681.00000
0.75162,0.75722,0.76116,0.74768,0.75064,0.31024,0.30794,0.30925,0.30465,0.30728,0.08231,0.08395,0.08362,0.08165,0.08428,-55.60369,-2680.00000
0.75656,0.74866,0.76182,0.75787,0.75689,0.30366,0.30991,0.30925,0.30826,0.30728,0.08099,0.08231,0.08066,0.08428,0.08395,-55.60369,-2679.00000
0.75360,0.75195,0.75261,0.75985,0.75228,0.30892,0.31188,0.30530,0.30596,0.30498,0.08264,0.07968,0.07968,0.08198,0.08231,-55.15780,-2678.00000
0.74735,0.75064,0.75656,0.74899,0.75097,0.30563,0.30958,0.30300,0.30366,0.30794,0.08527,0.07968,0.08231,0.08362,0.08132,-55.15780,-2677.00000
0.75524,0.74274,0.74998,0.75754,0.75064,0.30366,0.30958,0.30794,0.30958,0.30925,0.08264,0.08395,0.07902,0.08264,0.08264,-54.78105,-2676.00000
0.75722,0.75524,0.75524,0.75524,0.75722,0.30695,0.30728,0.30103,0.30596,0.30826,0.08132,0.07935,0.08198,0.08428,0.08231,-54.78105,-2675.00000
0.75360,0.76083,0.75195,0.75787,0.75722,0.30366,0.30596,0.30629,0.30826,0.30465,0.08165,0.08691,0.07968,0.07836,0.08198,-55.07363,-2674.00000
0.75162,0.75458,0.75228,0.75064,0.75623,0.30728,0.30432,0.30498,0.30465,0.30596,0.08231,0.08264,0.08362,0.08034,0.08297,-55.07363,-2673.00000
0.75130,0.75294,0.75557,0.75195,0.76281,0.30695,0.30826,0.30662,0.30859,0.30892,0.08099,0.07803,0.08231,0.07639,0.08264,-55.32002,-2672.00000
0.75195,0.75360,0.75853,0.74505,0.75952,0.30662,0.30662,0.30465,0.31122,0.30794,0.08198,0.08198,0.08330,0.08231,0.08395,-55.32002,-2671.00000
0.75524,0.74965,0.75327,0.75722,0.75689,0.30596,0.30596,0.30333,0.30530,0.30563,0.08461,0.08165,0.08626,0.08132,0.08198,-54.73520,-2670.00000
0.75458,0.75327,0.75590,0.75195,0.74669,0.31221,0.30695,0.30465,0.30695,0.30498,0.08066,0.08231,0.07935,0.08165,0.08099,-54.73520,-2669.00000
0.75360,0.74932,0.75393,0.75327,0.75360,0.30728,0.30432,0.30728,0.30530,0.30629,0.08231,0.08297,0.08330,0.08428,0.08099,-55.74163,-2668.00000
0.75458,0.75426,0.74965,0.75458,0.75491,0.30366,0.30530,0.30925,0.30498,0.30925,0.08066,0.07770,0.08231,0.08330,0.08231,-55.74163,-2667.00000
0.75722,0.75327,0.75393,0.74899,0.74866,0.30530,0.30695,0.30662,0.30563,0.30498,0.08034,0.08330,0.08264,0.08132,0.08001,-56.01290,-2666.00000
0.75426,0.74768,0.75064,0.75590,0.74866,0.30465,0.30629,0.30629,0.31057,0.30925,0.08395,0.08132,0.08198,0.08132,0.08066,-56.01290,-2665.00000
0.75228,0.75754,0.75722,0.75393,0.75064,0.30925,0.30629,0.30662,0.30662,0.30498,0.07935,0.07836,0.08428,0.07770,0.08132,-55.25255,-2664.00000
0.75952,0.75130,0.74866,0.74834,0.74932,0.30267,0.30234,0.30366,0.30662,0.30103,0.08231,0.08231,0.08099,0.08362,0.08034,-55.25255,-2663.00000
0.75327,0.75458,0.74899,0.74801,0.74965,0.30366,0.30432,0.30662,0.30761,0.30530,0.08165,0.08527,0.08066,0.08527,0.08198,-54.71123,-2662.00000
0.75393,0.74735,0.74768,0.74834,0.74768,0.30234,0.29938,0.30004,0.30432,0.30465,0.08626,0.08231,0.08099,0.08198,0.08231,-54.71123,-2661.00000
0.74768,0.75195,0.75524,0.75294,0.74801,0.29938,0.30859,0.30761,0.30498,0.30991,0.08724,0.08066,0.08461,0.08330,0.07902,-55.81021,-2660.00000
0.74866,0.75031,0.75294,0.75656,0.75393,0.30859,0.30629,0.30366,0.30629,0.30892,0.08362,0.08626,0.08330,0.08428,0.08658,-55.81021,-2659.00000
0.75557,0.74834,0.75261,0.75557,0.75491,0.30728,0.30498,0.30761,0.30563,0.30794,0.08264,0.08395,0.08264,0.08099,0.08461,-55.24153,-2658.00000
0.74932,0.74998,0.75722,0.75031,0.75162,0.30662,0.30596,0.30333,0.30202,0.30432,0.08099,0.08231,0.08231,0.08362,0.08461,-55.24153,-2657.00000
0.75491,0.75228,0.75458,0.75031,0.75820,0.30925,0.30530,0.30695,0.30662,0.30662,0.08198,0.08066,0.08297,0.07902,0.08165,-55.41373,-2656.00000
0.75524,0.75557,0.74834,0.75426,0.75294,0.30892,0.30267,0.30432,0.30563,0.31122,0.07935,0.08560,0.08231,0.08757,0.08362,-55.41373,-2655.00000
0.75228,0.75261,0.74834,0.75327,0.75787,0.30892,0.30465,0.30530,0.30234,0.30498,0.08264,0.08626,0.08165,0.08362,0.08198,-55.76839,-2654.00000
0.75195,0.75557,0.75228,0.76412,0.74932,0.30695,0.30859,0.30465,0.30728,0.30300,0.08395,0.08461,0.08560,0.08132,0.08297,-55.76839,-2653.00000
0.75491,0.75228,0.75820,0.74636,0.75294,0.30563,0.30695,0.30629,0.30432,0.30432,0.08395,0.08264,0.08428,0.08428,0.08658,-55.45011,-2652.00000
0.75031,0.74998,0.75689,0.74768,0.75689,0.30695,0.30202,0.30530,0.30037,0.30530,0.08461,0.08724,0.08001,0.08560,0.08428,-55.45011,-2651.00000
0.74834,0.74801,0.75064,0.75787,0.75557,0.30958,0.30892,0.30892,0.30563,0.30629,0.08626,0.08494,0.08626,0.08856,0.08198,-55.69869,-2650.00000
0.75689,0.75722,0.75261,0.74669,0.75228,0.30563,0.30399,0.30859,0.30432,0.30530,0.08626,0.08560,0.08362,0.08198,0.08330,-55.69869,-2649.00000
0.75261,0.75195,0.75261,0.75393,0.75590,0.30925,0.30892,0.30761,0.31122,0.30728,0.08395,0.08264,0.08428,0.08034,0.08757,-55.89866,-2648.00000
0.74801,0.75130,0.74932,0.75590,0.75524,0.30629,0.30695,0.30958,0.30794,0.30728,0.08362,0.08560,0.08527,0.08231,0.08330,-55.89866,-2647.00000
0.74702,0.74570,0.75130,0.75557,0.75754,0.30596,0.30892,0.30465,0.30695,0.30794,0.08297,0.08099,0.07968,0.08198,0.08395,-55.87658,-2646.00000
0.75491,0.75689,0.74998,0.75623,0.75064,0.30728,0.30629,0.30958,0.30498,0.30498,0.08231,0.08428,0.08297,0.08001,0.08231,-55.87658,-2645.00000
0.75656,0.75656,0.75327,0.75458,0.75064,0.30761,0.31057,0.30794,0.30498,0.30596,0.08132,0.08823,0.08527,0.08264,0.08264,-55.57745,-2644.00000
0.75327,0.74538,0.75097,0.74801,0.74801,0.30695,0.30958,0.30662,0.30629,0.30366,0.08527,0.08132,0.08264,0.08494,0.08165,-55.57745,-2643.00000
0.76083,0.75162,0.74834,0.75656,0.75360,0.30596,0.30695,0.30596,0.30596,0.30629,0.08658,0.08461,0.08428,0.08132,0.08626,-55.34244,-2642.00000
0.74899,0.75097,0.75426,0.75130,0.74866,0.31353,0.31090,0.30728,0.30629,0.30530,0.08428,0.08297,0.08428,0.08034,0.08264,-55.34244,-2641.00000
0.75689,0.75393,0.74998,0.74932,0.75195,0.30662,0.30596,0.30465,0.30498,0.30563,0.08461,0.08231,0.08198,0.08362,0.08362,-55.30549,-2640.00000
0.75261,0.75393,0.75327,0.74965,0.75754,0.30169,0.31057,0.31024,0.30629,0.30465,0.08132,0.08362,0.08395,0.07968,0.08165,-55.30549,-2639.00000
0.75360,0.75195,0.74899,0.75524,0.75228,0.30761,0.30662,0.30498,0.30366,0.30267,0.08362,0.08198,0.08132,0.08494,0.08297,-55.60685,-2638.00000
0.74965,0.74998,0.74965,0.75195,0.76346,0.30826,0.30366,0.30366,0.30761,0.30596,0.08494,0.08066,0.08198,0.08330,0.07738,-55.60685,-2637.00000
0.75327,0.75195,0.75491,0.74570,0.75064,0.30859,0.30563,0.30530,0.31024,0.30892,0.08494,0.08626,0.08066,0.07902,0.08165,-55.67452,-2636.00000
0.75458,0.75524,0.74505,0.74603,0.75360,0.30991,0.29906,0.30662,0.30826,0.30234,0.08231,0.08198,0.08099,0.08691,0.08198,-55.67452,-2635.00000
0.75985,0.75360,0.75458,0.75393,0.74965,0.30563,0.30563,0.30629,0.30333,0.30300,0.08099,0.08395,0.08461,0.08034,0.08165,-56.36265,-2634.00000
0.75722,0.74735,0.75491,0.74899,0.75195,0.29971,0.30925,0.30366,0.30563,0.30728,0.08231,0.08428,0.08264,0.08461,0.08165,-56.36265,-2633.00000
0.74866,0.74899,0.75162,0.75162,0.75754,0.30530,0.30563,0.30695,0.30399,0.30432,0.08132,0.08231,0.08790,0.08494,0.08297,-55.92302,-2632.00000
0.74834,0.75524,0.74801,0.74801,0.75261,0.30662,0.30202,0.30695,0.30728,0.30432,0.08198,0.07902,0.08461,0.08362,0.08066,-55.92302,-2631.00000
0.75162,0.75393,0.75656,0.75162,0.74702,0.30695,0.30300,0.30695,0.30596,0.30070,0.08165,0.08264,0.08034,0.08330,0.08330,-55.25888,-2630.00000
0.74570,0.74636,0.75097,0.74965,0.75097,0.30761,0.30366,0.30498,0.30267,0.30662,0.08527,0.08428,0.08428,0.08428,0.08395,-55.25888,-2629.00000
0.74603,0.75031,0.75228,0.75130,0.74735,0.30728,0.30596,0.30794,0.30728,0.30596,0.08165,0.08231,0.08330,0.08724,0.08001,-55.29301,-2628.00000
0.74866,0.75294,0.74932,0.74669,0.75360,0.30761,0.30530,0.30859,0.30333,0.31090,0.08330,0.08461,0.08889,0.08001,0.08330,-55.29301,-2627.00000
0.75623,0.75261,0.75064,0.75031,0.75130,0.30465,0.30563,0.30366,0.30465,0.30859,0.08297,0.08001,0.08132,0.08494,0.08330,-55.20266,-2626.00000
0.75130,0.75360,0.75491,0.75590,0.75162,0.30399,0.30695,0.30695,0.30892,0.31122,0.08034,0.08428,0.08001,0.08330,0.08330,-55.20266,-2625.00000
0.74965,0.75130,0.74801,0.75261,0.75327,0.30037,0.30333,0.30465,0.30465,0.30432,0.08428,0.08264,0.08198,0.08691,0.08626,-55.41383,-2624.00000
0.74768,0.75590,0.75195,0.74899,0.75886,0.30399,0.30004,0.30596,0.30267,0.30399,0.08560,0.08264,0.08362,0.08461,0.08198,-55.41383,-2623.00000
0.75294,0.74998,0.75590,0.75064,0.75919,0.30925,0.30563,0.30103,0.30399,0.30333,0.08264,0.08330,0.08066,0.08395,0.08428,-55.65613,-2622.00000
0.75590,0.74768,0.75064,0.74801,0.75393,0.30366,0.30465,0.30530,0.30498,0.30432,0.08132,0.08461,0.08132,0.08198,0.08001,-55.65613,-2621.00000
0.75130,0.75261,0.74998,0.75458,0.74768,0.30596,0.30267,0.30300,0.30761,0.30794,0.08362,0.08099,0.08165,0.08330,0.08395,-56.30219,-2620.00000
0.75491,0.75031,0.74965,0.75820,0.74899,0.30826,0.30333,0.30958,0.30333,0.30169,0.08231,0.08494,0.08494,0.08198,0.08362,-56.30219,-2619.00000
0.75458,0.75261,0.75458,0.75261,0.74768,0.30794,0.30662,0.30366,0.31090,0.30892,0.08494,0.08297,0.08593,0.08330,0.07902,-56.33469,-2618.00000
0.75064,0.75228,0.75261,0.75294,0.74209,0.30432,0.30333,0.30761,0.30366,0.30498,0.08461,0.08231,0.08066,0.08658,0.08428,-56.33469,-2617.00000
0.75195,0.74965,0.74735,0.74965,0.75031,0.30333,0.30596,0.30563,0.30465,0.30333,0.08494,0.08066,0.07803,0.08198,0.08066,-55.38170,-2616.00000
0.75228,0.74899,0.74373,0.75195,0.74406,0.30892,0.30794,0.30530,0.30629,0.30794,0.08231,0.08626,0.08461,0.08395,0.08330,-55.38170,-2615.00000
0.74373,0.74801,0.74866,0.74669,0.75228,0.30563,0.30596,0.30300,0.30629,0.30892,0.08395,0.08165,0.08362,0.08461,0.08198,-55.86468,-2614.00000
0.75853,0.74603,0.75491,0.75097,0.75228,0.30695,0.30892,0.30465,0.30892,0.30169,0.08099,0.08099,0.08461,0.08494,0.08066,-55.86468,-2613.00000
0.74899,0.75064,0.75195,0.75458,0.74866,0.31122,0.30991,0.30267,0.30596,0.30728,0.08790,0.08264,0.08724,0.08231,0.08428,-55.41769,-2612.00000
0.75327,0.75130,0.74834,0.74340,0.75097,0.30103,0.30498,0.30728,0.30234,0.30399,0.08297,0.08560,0.08626,0.08330,0.08001,-55.41769,-2611.00000
0.75097,0.75360,0.75195,0.75458,0.75294,0.31122,0.30629,0.30662,0.30366,0.30826,0.08231,0.08297,0.08593,0.08494,0.08297,-55.47008,-2610.00000
0.75228,0.75393,0.74965,0.75130,0.74702,0.30859,0.30629,0.30662,0.30826,0.30333,0.08593,0.08395,0.08395,0.08231,0.08330,-55.47008,-2609.00000
0.75656,0.75162,0.74899,0.74768,0.75853,0.30465,0.30794,0.30202,0.30728,0.30366,0.07935,0.08428,0.08198,0.08132,0.08099,-55.98455,-2608.00000
0.75261,0.75327,0.76050,0.75656,0.75130,0.30333,0.29840,0.30695,0.30202,0.30267,0.08691,0.08165,0.08198,0.08461,0.08395,-55.98455,-2607.00000
0.75952,0.74340,0.75426,0.74899,0.75195,0.30596,0.30794,0.30761,0.30629,0.30794,0.08264,0.08428,0.08395,0.08198,0.08165,-56.41024,-2606.00000
0.75064,0.75623,0.74834,0.75031,0.75458,0.30728,0.30366,0.30826,0.30859,0.30794,0.08461,0.08034,0.08395,0.08626,0.08494,-56.41024,-2605.00000
0.74899,0.75393,0.74768,0.75031,0.75458,0.30563,0.30695,0.30826,0.30662,0.30859,0.08593,0.08198,0.08099,0.08297,0.08330,-55.36821,-2604.00000
0.75590,0.75261,0.75393,0.75130,0.74965,0.30530,0.30498,0.30991,0.30530,0.30498,0.08132,0.08428,0.08297,0.08099,0.08198,-55.36821,-2603.00000
0.75327,0.74834,0.74702,0.75294,0.75754,0.30234,0.31024,0.30662,0.30826,0.30432,0.08330,0.08034,0.08066,0.08297,0.08362,-54.24172,-2602.00000
0.75064,0.74998,0.75261,0.74998,0.74932,0.30991,0.30333,0.30267,0.30991,0.30761,0.08395,0.08165,0.08461,0.08132,0.08231,-54.24172,-2601.00000
0.74834,0.75031,0.75722,0.74834,0.75064,0.30563,0.30498,0.30432,0.30925,0.30662,0.08198,0.08560,0.08066,0.08593,0.08264,-53.35133,-2600.00000
0.75162,0.75162,0.75261,0.75524,0.75393,0.31090,0.31057,0.30892,0.30859,0.30563,0.07935,0.08428,0.08790,0.08264,0.07935,-53.35133,-2599.00000
0.75097,0.75722,0.74899,0.75426,0.75195,0.30925,0.30267,0.30596,0.30629,0.30794,0.08066,0.07803,0.08264,0.08198,0.08132,-52.58387,-2598.00000
0.75327,0.75228,0.75360,0.74834,0.74932,0.30629,0.30629,0.30498,0.30465,0.30432,0.08297,0.08362,0.08099,0.08066,0.08724,-52.58387,-2597.00000
0.75689,0.75360,0.75689,0.75426,0.75557,0.30366,0.30695,0.30465,0.30662,0.30728,0.08362,0.08494,0.08560,0.08001,0.08165,-53.20844,-2596.00000
0.75590,0.75360,0.75458,0.75130,0.75820,0.30925,0.30859,0.30859,0.30695,0.30432,0.08330,0.08626,0.08198,0.08527,0.08330,-53.20844,-2595.00000
0.75426,0.75524,0.74932,0.75689,0.74866,0.30662,0.30892,0.30662,0.31221,0.30892,0.08461,0.08527,0.08231,0.08362,0.08527,-53.30344,-2594.00000
0.75294,0.75491,0.75162,0.75162,0.75557,0.30826,0.30202,0.30662,0.30596,0.30596,0.08330,0.08527,0.08330,0.08395,0.08461,-53.30344,-2593.00000
0.75162,0.75130,0.75393,0.75491,0.74899,0.30563,0.30662,0.30826,0.30498,0.30498,0.08132,0.08066,0.08330,0.08066,0.08264,-54.60582,-2592.00000
0.74932,0.75294,0.74636,0.75097,0.75656,0.30103,0.30629,0.30267,0.30596,0.30695,0.08560,0.08428,0.08494,0.08593,0.08198,-54.60582,-2591.00000
0.75426,0.75623,0.75360,0.75393,0.75327,0.30629,0.30498,0.30728,0.30892,0.30859,0.08560,0.08395,0.08231,0.07968,0.08428,-55.09100,-2590.00000
0.74965,0.74834,0.74932,0.75919,0.74472,0.30794,0.30498,0.31155,0.30530,0.30991,0.08527,0.08461,0.08297,0.08297,0.08362,-55.09100,-2589.00000
0.75722,0.75590,0.74998,0.75130,0.75426,0.30234,0.30596,0.30728,0.30563,0.30037,0.08428,0.08297,0.08395,0.08264,0.08198,-55.41659,-2588.00000
0.74768,0.75294,0.74834,0.75426,0.75162,0.30333,0.30563,0.30728,0.30596,0.30333,0.08560,0.08527,0.08165,0.08297,0.08165,-55.41659,-2587.00000
0.75458,0.75327,0.75327,0.75162,0.74768,0.30596,0.30892,0.30465,0.30794,0.31024,0.08099,0.08066,0.08428,0.08034,0.08823,-56.08476,-2586.00000
0.75458,0.75458,0.75722,0.75820,0.75162,0.30728,0.30465,0.30498,0.30037,0.30629,0.08395,0.08165,0.08395,0.08330,0.08428,-56.08476,-2585.00000
0.75228,0.74669,0.74439,0.75426,0.75327,0.30202,0.30662,0.30432,0.30530,0.30826,0.08461,0.08527,0.08001,0.08165,0.08297,-56.08193,-2584.00000
0.74998,0.74768,0.74965,0.75228,0.74932,0.30826,0.30465,0.30498,0.30563,0.30465,0.08264,0.08066,0.08527,0.08264,0.08593,-56.08193,-2583.00000
0.75228,0.75458,0.75458,0.75261,0.75787,0.30399,0.30629,0.30465,0.30662,0.30563,0.08066,0.08297,0.08165,0.07869,0.08099,-55.93403,-2582.00000
0.75458,0.75130,0.74242,0.76018,0.75393,0.30399,0.30432,0.30728,0.30498,0.30202,0.08198,0.08395,0.07968,0.08264,0.08099,-55.93403,-2581.00000
0.75557,0.75426,0.74965,0.75162,0.74866,0.30761,0.30629,0.30366,0.30794,0.30530,0.08264,0.08231,0.08362,0.08165,0.08494,-55.55491,-2580.00000
0.75524,0.74801,0.75360,0.75623,0.74998,0.30202,0.30530,0.30366,0.30004,0.30662,0.08264,0.08362,0.07968,0.08297,0.08132,-55.55491,-2579.00000
0.75360,0.75064,0.75162,0.75458,0.74998,0.30761,0.30530,0.30465,0.30432,0.30267,0.08165,0.08494,0.08527,0.08231,0.08297,-55.62902,-2578.00000
0.75031,0.74768,0.75886,0.74702,0.74735,0.30465,0.30300,0.30728,0.30465,0.30859,0.08330,0.08034,0.08231,0.08428,0.08297,-55.62902,-2577.00000
0.75195,0.75294,0.75097,0.74834,0.74242,0.30794,0.30925,0.30728,0.30530,0.30530,0.08264,0.08231,0.08099,0.08494,0.08297,-55.55132,-2576.00000
0.75261,0.74768,0.75360,0.75261,0.74768,0.30596,0.30432,0.30432,0.30826,0.30662,0.08264,0.07869,0.08132,0.07935,0.08231,-55.55132,-2575.00000
0.75360,0.75195,0.75130,0.75130,0.74340,0.30202,0.30596,0.30662,0.30629,0.30892,0.08231,0.08165,0.07803,0.08066,0.08297,-55.98123,-2574.00000
0.75689,0.74406,0.74570,0.74866,0.75162,0.30859,0.30563,0.30563,0.30761,0.30596,0.08231,0.08527,0.08461,0.08494,0.08099,-55.98123,-2573.00000
0.75294,0.75393,0.75130,0.75360,0.75491,0.30498,0.30530,0.30892,0.30563,0.30333,0.08724,0.08231,0.08034,0.08198,0.08297,-56.54042,-2572.00000
0.75393,0.75360,0.75491,0.75064,0.74965,0.30169,0.30958,0.30399,0.30629,0.30498,0.08494,0.08297,0.08297,0.08428,0.08001,-56.54042,-2571.00000
0.75393,0.74998,0.75393,0.75261,0.75360,0.30662,0.30432,0.30826,0.30991,0.30432,0.07935,0.08264,0.08593,0.08330,0.08099,-55.78486,-2570.00000
0.75031,0.75294,0.75623,0.74965,0.73946,0.30432,0.30333,0.30892,0.30366,0.30498,0.08297,0.08099,0.08198,0.08626,0.08198,-55.78486,-2569.00000
0.74866,0.75656,0.75360,0.74801,0.75097,0.30267,0.30103,0.30794,0.31057,0.30432,0.08231,0.08428,0.08165,0.08428,0.08330,-55.71469,-2568.00000
0.74965,0.75261,0.75426,0.75623,0.74768,0.30892,0.30366,0.30202,0.30498,0.30761,0.08198,0.08395,0.08132,0.08001,0.07803,-55.71469,-2567.00000
0.74636,0.74834,0.74669,0.75261,0.75261,0.30202,0.30859,0.30728,0.30629,0.30530,0.07968,0.08461,0.08527,0.07935,0.08165,-55.57463,-2566.00000
0.75031,0.75064,0.74866,0.75623,0.74866,0.30958,0.30465,0.31024,0.30596,0.30794,0.08428,0.08066,0.08001,0.07935,0.08132,-55.57463,-2565.00000
0.75130,0.75294,0.75031,0.75360,0.75360,0.30432,0.30892,0.30366,0.30267,0.30530,0.08231,0.08165,0.08626,0.08231,0.08231,-55.60226,-2564.00000
0.74570,0.74998,0.74735,0.75656,0.74735,0.30333,0.30662,0.30366,0.30662,0.30695,0.08132,0.07968,0.07935,0.08198,0.08297,-55.60226,-2563.00000
0.74899,0.75064,0.75130,0.75360,0.75294,0.31057,0.30761,0.30432,0.30794,0.31024,0.08330,0.07803,0.08428,0.08297,0.08494,-55.55992,-2562.00000
0.75294,0.76018,0.75491,0.74998,0.75261,0.30103,0.30432,0.30958,0.30695,0.30530,0.08330,0.08231,0.08461,0.07902,0.08066,-55.55992,-2561.00000
0.75360,0.74669,0.74768,0.75393,0.74702,0.30333,0.30596,0.30859,0.30366,0.30465,0.08297,0.08264,0.08231,0.08231,0.08297,-55.06512,-2560.00000
0.75327,0.75294,0.75031,0.75458,0.75064,0.30530,0.31024,0.30202,0.30695,0.30728,0.08132,0.08330,0.08428,0.08395,0.08066,-55.06512,-2559.00000
0.75722,0.74439,0.75426,0.75261,0.75097,0.30563,0.30761,0.30530,0.30695,0.31188,0.08198,0.08297,0.08165,0.08264,0.08034,-55.29135,-2558.00000
0.74768,0.75294,0.74768,0.75557,0.75228,0.30399,0.30234,0.30563,0.30629,0.30234,0.07738,0.08330,0.08231,0.08099,0.08034,-55.29135,-2557.00000
0.75195,0.75590,0.74735,0.74538,0.75130,0.30267,0.30465,0.30794,0.30399,0.30662,0.08198,0.08330,0.08297,0.08165,0.08362,-55.13102,-2556.00000
0.75130,0.74998,0.75458,0.74603,0.74866,0.29938,0.30530,0.30826,0.30662,0.30267,0.08428,0.08198,0.08264,0.08264,0.08494,-55.13102,-2555.00000
0.75228,0.75524,0.75097,0.75064,0.75458,0.30761,0.30267,0.30563,0.31254,0.30695,0.08165,0.08034,0.08593,0.08330,0.08461,-54.98250,-2554.00000
0.75294,0.74735,0.75458,0.75689,0.74801,0.30366,0.30629,0.30761,0.30958,0.30498,0.08362,0.08494,0.08494,0.08034,0.08198,-54.98250,-2553.00000
0.74965,0.75557,0.76116,0.75327,0.75656,0.30465,0.30432,0.30333,0.30728,0.30267,0.08198,0.08461,0.08691,0.08297,0.08889,-55.71635,-2552.00000
0.75590,0.74570,0.75130,0.74932,0.75393,0.30300,0.30662,0.30333,0.30399,0.30794,0.08527,0.08132,0.08560,0.08132,0.08001,-55.71635,-2551.00000
0.75294,0.75557,0.75458,0.75261,0.74965,0.30267,0.30629,0.30925,0.30465,0.30991,0.08132,0.08198,0.08494,0.08264,0.08132,-55.21169,-2550.00000
0.75261,0.75919,0.75458,0.75294,0.75228,0.30399,0.30761,0.30563,0.30629,0.31188,0.08132,0.08395,0.08198,0.08264,0.08362,-55.21169,-2549.00000
0.75097,0.74866,0.75393,0.75524,0.75393,0.30629,0.30333,0.31057,0.30498,0.31057,0.08231,0.08395,0.08428,0.08034,0.07869,-55.23280,-2548.00000
0.74965,0.75360,0.75261,0.74636,0.74998,0.31090,0.30465,0.30629,0.30629,0.30695,0.08198,0.08132,0.08395,0.08231,0.08165,-55.23280,-2547.00000
0.74735,0.74998,0.75491,0.75656,0.74899,0.30728,0.30563,0.30859,0.30695,0.30596,0.08034,0.07902,0.07902,0.07770,0.08560,-54.96015,-2546.00000
0.74965,0.75031,0.75261,0.75590,0.75722,0.30761,0.30366,0.30300,0.30695,0.30202,0.08165,0.08165,0.08362,0.08231,0.08264,-54.96015,-2545.00000
0.74834,0.74932,0.74801,0.75162,0.74998,0.30958,0.30629,0.30432,0.31122,0.30530,0.08231,0.08198,0.07869,0.08428,0.08560,-55.65146,-2544.00000
0.75886,0.75130,0.74538,0.74801,0.75228,0.30563,0.30399,0.30728,0.30761,0.30004,0.08066,0.08231,0.08198,0.08395,0.08264,-55.65146,-2543.00000
0.74110,0.74899,0.75722,0.75097,0.75360,0.30202,0.30761,0.30629,0.30629,0.30333,0.08428,0.08231,0.08165,0.08231,0.07935,-55.18413,-2542.00000
0.74801,0.75097,0.75393,0.75754,0.74373,0.30629,0.30465,0.30498,0.30267,0.30333,0.08099,0.08264,0.08198,0.08034,0.08395,-55.18413,-2541.00000
0.74834,0.74899,0.74735,0.74998,0.74636,0.30629,0.30695,0.30498,0.30432,0.30662,0.08428,0.08001,0.08428,0.08395,0.08099,-54.93337,-2540.00000
0.75130,0.74801,0.74735,0.74899,0.74669,0.30202,0.30169,0.30399,0.30432,0.31024,0.08527,0.08099,0.08165,0.08198,0.08099,-54.93337,-2539.00000
0.74834,0.74834,0.74669,0.75162,0.74669,0.30366,0.30892,0.30136,0.30202,0.30366,0.08165,0.08034,0.08330,0.08099,0.08001,-55.46473,-2538.00000
0.75261,0.74702,0.75228,0.74702,0.74570,0.30366,0.30695,0.31122,0.30728,0.30530,0.07968,0.08034,0.08198,0.08395,0.08132,-55.46473,-2537.00000
0.75491,0.74965,0.75162,0.74899,0.75261,0.30234,0.30695,0.30366,0.30728,0.30695,0.08001,0.08362,0.07902,0.08461,0.08132,-55.74750,-2536.00000
0.75031,0.75458,0.75228,0.75162,0.75787,0.30596,0.30728,0.30695,0.30498,0.30794,0.08034,0.08461,0.08297,0.08231,0.08264,-55.74750,-2535.00000
0.75195,0.75590,0.74735,0.74899,0.75162,0.30004,0.30563,0.30925,0.30399,0.30399,0.07902,0.07836,0.08001,0.08066,0.08231,-55.00754,-2534.00000
0.74965,0.74570,0.74669,0.75360,0.74899,0.30728,0.30695,0.30761,0.30958,0.30596,0.08297,0.08099,0.08264,0.08330,0.08034,-55.00754,-2533.00000
0.75590,0.75689,0.74702,0.75426,0.74932,0.30432,0.30202,0.30728,0.30728,0.30432,0.08231,0.08297,0.08494,0.08395,0.08428,-55.10875,-2532.00000
0.74932,0.74603,0.75031,0.75327,0.74340,0.30794,0.31024,0.30596,0.30925,0.30728,0.07968,0.08231,0.08198,0.08494,0.08560,-55.10875,-2531.00000
0.75919,0.75195,0.75064,0.74406,0.74932,0.30300,0.30498,0.30432,0.30432,0.30267,0.08330,0.08099,0.07738,0.08297,0.08099,-54.57098,-2530.00000
0.75031,0.75327,0.74801,0.75130,0.74702,0.30366,0.30596,0.30563,0.30530,0.30629,0.08428,0.08034,0.07869,0.08264,0.08362,-54.57098,-2529.00000
0.75820,0.74735,0.74636,0.75064,0.75458,0.30794,0.30695,0.30826,0.30892,0.30695,0.08099,0.08297,0.08231,0.08034,0.07902,-55.04428,-2528.00000
0.75557,0.75590,0.74702,0.74932,0.74735,0.30530,0.30333,0.30202,0.30859,0.30037,0.08560,0.08132,0.08066,0.08165,0.08066,-55.04428,-2527.00000
0.75064,0.74998,0.75491,0.74570,0.75787,0.30563,0.30596,0.31090,0.30234,0.30892,0.08494,0.08132,0.08066,0.08362,0.08626,-56.02067,-2526.00000
0.75426,0.74768,0.74899,0.75294,0.74965,0.30695,0.30498,0.30794,0.30366,0.30333,0.08428,0.08099,0.08494,0.08132,0.08297,-56.02067,-2525.00000
0.75195,0.75195,0.74834,0.75031,0.75261,0.30333,0.30169,0.30826,0.30596,0.30498,0.07836,0.08132,0.08395,0.08691,0.08297,-56.12801,-2524.00000
0.74834,0.75064,0.74702,0.75689,0.74768,0.30399,0.31024,0.30629,0.30234,0.30300,0.08264,0.08428,0.08132,0.08099,0.08362,-56.12801,-2523.00000
0.75064,0.75064,0.75557,0.75228,0.75097,0.30267,0.30136,0.30596,0.30169,0.30563,0.08494,0.08330,0.07869,0.08034,0.07803,-56.35990,-2522.00000
0.74965,0.74669,0.75393,0.75557,0.75228,0.30399,0.31024,0.30958,0.30728,0.30629,0.08428,0.08132,0.08428,0.07869,0.08395,-56.35990,-2521.00000
0.75491,0.75787,0.74735,0.75031,0.74965,0.30530,0.30399,0.30366,0.30662,0.30629,0.08066,0.08658,0.08165,0.08461,0.08165,-55.92898,-2520.00000
0.75656,0.74735,0.75623,0.75130,0.75162,0.30103,0.30267,0.30695,0.30925,0.30202,0.08330,0.08264,0.08231,0.08198,0.08132,-55.92898,-2519.00000
0.75689,0.75261,0.75195,0.74998,0.75294,0.31024,0.30596,0.30563,0.30333,0.30465,0.08428,0.08099,0.08165,0.08428,0.07836,-55.74037,-2518.00000
0.75195,0.74866,0.75919,0.75294,0.75064,0.30629,0.30662,0.30596,0.30629,0.30465,0.08330,0.08001,0.08165,0.08132,0.08001,-55.74037,-2517.00000
0.74932,0.76018,0.74866,0.74899,0.75623,0.30465,0.30399,0.30794,0.30761,0.30662,0.08165,0.08198,0.08231,0.08527,0.08034,-55.79255,-2516.00000
0.74538,0.74735,0.74866,0.75162,0.75162,0.30432,0.30629,0.30794,0.30432,0.30432,0.07935,0.08132,0.08034,0.08132,0.08198,-55.79255,-2515.00000
0.75327,0.75064,0.74866,0.75031,0.74932,0.30366,0.30136,0.31122,0.30399,0.30794,0.07803,0.08198,0.08362,0.08099,0.07705,-56.20194,-2514.00000
0.75458,0.75590,0.74603,0.75261,0.74866,0.30662,0.30695,0.30629,0.30300,0.30596,0.07935,0.07968,0.08231,0.08395,0.08066,-56.20194,-2513.00000
0.75064,0.75228,0.74768,0.75689,0.75228,0.31024,0.30728,0.30234,0.30892,0.30892,0.08593,0.08362,0.08099,0.08132,0.08099,-56.13564,-2512.00000
0.74505,0.75162,0.75360,0.75327,0.75458,0.30958,0.30794,0.30629,0.30695,0.30596,0.08593,0.08165,0.08362,0.08165,0.08297,-56.13564,-2511.00000
0.74702,0.75689,0.74702,0.74735,0.74834,0.30432,0.30892,0.30695,0.30596,0.30925,0.08132,0.08362,0.08066,0.08428,0.08198,-56.66889,-2510.00000
0.74669,0.74965,0.75097,0.75491,0.74801,0.30892,0.29971,0.30794,0.30596,0.30333,0.08198,0.08395,0.08066,0.08494,0.08395,-56.66889,-2509.00000
0.74702,0.75261,0.75524,0.74702,0.74834,0.30794,0.30136,0.30761,0.30794,0.30004,0.08395,0.08428,0.08165,0.08264,0.08034,-55.57077,-2508.00000
0.74932,0.74834,0.75458,0.75360,0.74998,0.30563,0.30300,0.30202,0.30399,0.30629,0.08231,0.08066,0.08066,0.07935,0.08362,-55.57077,-2507.00000
0.74998,0.75261,0.75064,0.74998,0.74998,0.30234,0.30399,0.30859,0.30859,0.30432,0.08198,0.08461,0.08231,0.08395,0.08198,-55.14623,-2506.00000
0.75162,0.74702,0.74636,0.74932,0.75228,0.30629,0.30596,0.30037,0.30892,0.30169,0.08132,0.08330,0.08066,0.07836,0.08099,-55.14623,-2505.00000
0.75031,0.75557,0.74340,0.74998,0.75162,0.30958,0.30991,0.30629,0.30366,0.30333,0.08264,0.08165,0.08264,0.08165,0.08066,-54.16491,-2504.00000
0.75228,0.74834,0.75689,0.74702,0.75162,0.30925,0.30300,0.30596,0.30695,0.30300,0.08395,0.08034,0.08231,0.07968,0.08264,-54.16491,-2503.00000
0.74965,0.75261,0.75360,0.75294,0.75524,0.31024,0.29938,0.30234,0.30596,0.30103,0.08362,0.08362,0.08264,0.08330,0.08198,-51.88714,-2502.00000
0.75360,0.74866,0.74570,0.75130,0.75228,0.30596,0.30629,0.30103,0.30629,0.30596,0.08264,0.07869,0.08231,0.08527,0.07968,-51.88714,-2501.00000
0.74965,0.75754,0.75557,0.75360,0.74866,0.31122,0.30465,0.30366,0.30498,0.30728,0.08264,0.08428,0.08330,0.08264,0.08461,-52.50363,-2500.00000
0.74768,0.74834,0.74702,0.74669,0.74866,0.30202,0.30859,0.30498,0.30333,0.30596,0.08362,0.08198,0.08264,0.07902,0.08724,-52.50363,-2499.00000
0.75228,0.75064,0.75327,0.74834,0.74965,0.30267,0.30761,0.30498,0.30596,0.30629,0.08264,0.08362,0.08395,0.08066,0.08330,-53.01695,-2498.00000
0.74899,0.75294,0.74702,0.75097,0.74702,0.30530,0.30432,0.30596,0.30300,0.30728,0.07935,0.08297,0.08362,0.08099,0.08231,-53.01695,-2497.00000
0.74636,0.74570,0.74932,0.74998,0.75458,0.30728,0.30498,0.30563,0.30136,0.30399,0.08165,0.08231,0.08395,0.08165,0.08428,-54.20623,-2496.00000
0.74768,0.75590,0.74373,0.74373,0.75294,0.30498,0.30728,0.31090,0.30892,0.30169,0.08362,0.08198,0.08297,0.08198,0.08362,-54.20623,-2495.00000
0.75524,0.75491,0.74932,0.75360,0.75524,0.31122,0.30530,0.30629,0.30761,0.30728,0.08132,0.08395,0.08132,0.08066,0.07935,-55.19882,-2494.00000
0.75097,0.74340,0.75393,0.75130,0.75426,0.30794,0.30563,0.30234,0.30826,0.30695,0.08034,0.08034,0.08297,0.08034,0.08132,-55.19882,-2493.00000
0.75195,0.75097,0.75031,0.74669,0.75426,0.30136,0.30563,0.30629,0.30366,0.30530,0.08034,0.08099,0.07836,0.07968,0.08001,-55.20439,-2492.00000
0.74669,0.75031,0.75820,0.74965,0.75097,0.30563,0.30695,0.30892,0.30629,0.30662,0.07803,0.08395,0.08034,0.08395,0.08395,-55.20439,-2491.00000
0.75097,0.74538,0.75360,0.75064,0.75294,0.30794,0.30761,0.30234,0.30794,0.30399,0.08428,0.08001,0.08001,0.08560,0.08231,-55.36098,-2490.00000
0.75656,0.75426,0.75130,0.75130,0.75524,0.30859,0.30892,0.30399,0.30761,0.30267,0.08494,0.07836,0.08132,0.08034,0.07968,-55.36098,-2489.00000
0.75327,0.75294,0.75458,0.74735,0.75130,0.30629,0.30300,0.30991,0.30596,0.30070,0.08330,0.08395,0.07836,0.08165,0.07869,-55.33674,-2488.00000
0.74406,0.75557,0.75426,0.74768,0.75327,0.30169,0.30662,0.30267,0.30234,0.30596,0.08001,0.08494,0.08297,0.08198,0.08395,-55.33674,-2487.00000
0.74735,0.74866,0.75327,0.74406,0.75162,0.30629,0.30629,0.30695,0.30629,0.30366,0.07902,0.08165,0.08165,0.08461,0.07869,-55.64200,-2486.00000
0.75162,0.75261,0.74636,0.74899,0.75097,0.30958,0.30432,0.30728,0.30530,0.30234,0.07935,0.08330,0.07474,0.08297,0.08066,-55.64200,-2485.00000
0.74899,0.75162,0.74998,0.74636,0.74603,0.30629,0.30629,0.30432,0.30596,0.30695,0.08034,0.07770,0.07869,0.08297,0.08461,-54.94258,-2484.00000
0.75195,0.75294,0.74768,0.75458,0.74077,0.30234,0.30498,0.30465,0.30465,0.30596,0.07639,0.08132,0.08198,0.08034,0.07968,-54.94258,-2483.00000
0.75590,0.74998,0.74899,0.74373,0.75162,0.30530,0.30267,0.30530,0.30629,0.30399,0.07738,0.07836,0.08132,0.08165,0.08198,-55.24229,-2482.00000
0.75228,0.75294,0.75623,0.74406,0.75426,0.31024,0.30530,0.30333,0.30695,0.30234,0.08034,0.08198,0.08034,0.07902,0.08132,-55.24229,-2481.00000
0.75557,0.74834,0.74505,0.75130,0.74801,0.30300,0.30728,0.30333,0.30596,0.30991,0.08231,0.08066,0.08264,0.08066,0.07639,-55.20415,-2480.00000
0.74702,0.75130,0.74702,0.74768,0.75228,0.30465,0.30234,0.30662,0.30662,0.30333,0.08034,0.07968,0.08395,0.07869,0.08001,-55.20415,-2479.00000
0.74998,0.75228,0.75064,0.74965,0.74866,0.30892,0.30004,0.30530,0.30432,0.30662,0.08099,0.07935,0.08165,0.08330,0.07836,-55.24368,-2478.00000
0.75195,0.74636,0.74834,0.75130,0.74899,0.30070,0.30498,0.30333,0.30958,0.30892,0.08264,0.08132,0.07902,0.08330,0.08099,-55.24368,-2477.00000
0.75491,0.74801,0.74932,0.75261,0.74603,0.30366,0.30333,0.30596,0.30991,0.30662,0.08034,0.08066,0.08066,0.08099,0.07968,-55.16090,-2476.00000
0.75195,0.74899,0.74570,0.75031,0.75294,0.30366,0.30892,0.30761,0.30794,0.30596,0.08231,0.08330,0.07770,0.07935,0.08165,-55.16090,-2475.00000
0.74307,0.75590,0.74998,0.74735,0.75195,0.30267,0.30695,0.30465,0.30202,0.30991,0.08264,0.07902,0.08231,0.08297,0.08231,-55.55164,-2474.00000
0.75195,0.74866,0.74768,0.75426,0.74834,0.30366,0.30958,0.30234,0.30432,0.30728,0.08066,0.07902,0.08198,0.07672,0.08132,-55.55164,-2473.00000
0.75261,0.74505,0.74406,0.74702,0.74965,0.30596,0.30465,0.30465,0.30399,0.30761,0.07836,0.07869,0.08099,0.08001,0.08527,-55.20746,-2472.00000
0.74932,0.75393,0.74735,0.74899,0.74965,0.30300,0.30826,0.30925,0.30695,0.30267,0.08132,0.08099,0.08231,0.08428,0.08264,-55.20746,-2471.00000
0.75162,0.75130,0.75458,0.74209,0.74505,0.30103,0.30728,0.30958,0.30498,0.30366,0.08165,0.08165,0.08066,0.07770,0.08066,-55.58469,-2470.00000
0.75228,0.74669,0.75195,0.75393,0.74505,0.30662,0.30202,0.30432,0.30761,0.30399,0.07803,0.08231,0.08264,0.07770,0.07705,-55.58469,-2469.00000
0.75195,0.74307,0.74735,0.75162,0.75261,0.30596,0.30498,0.30333,0.30202,0.30761,0.07935,0.07935,0.08297,0.07738,0.07639,-55.81236,-2468.00000
0.75458,0.75360,0.74998,0.75327,0.75426,0.30629,0.30465,0.30432,0.30629,0.30432,0.08297,0.07935,0.08231,0.08099,0.07935,-55.81236,-2467.00000
0.74932,0.74998,0.74998,0.74570,0.75064,0.30662,0.30465,0.30267,0.30465,0.31155,0.07869,0.08165,0.08264,0.07935,0.08330,-55.53313,-2466.00000
0.74801,0.75097,0.75491,0.75722,0.75162,0.30563,0.30366,0.30366,0.30596,0.30432,0.08001,0.08297,0.08264,0.07968,0.08198,-55.53313,-2465.00000
0.75360,0.75426,0.75130,0.74965,0.75064,0.30629,0.30366,0.30794,0.30629,0.30761,0.08132,0.08034,0.07968,0.08001,0.08362,-55.89401,-2464.00000
0.74801,0.74932,0.75195,0.74932,0.75162,0.30991,0.30695,0.30530,0.30136,0.30794,0.08231,0.08330,0.08099,0.08001,0.08099,-55.89401,-2463.00000
0.74538,0.75064,0.75064,0.74307,0.75393,0.30366,0.30662,0.30728,0.30234,0.30629,0.08132,0.07770,0.08231,0.07935,0.07770,-55.50560,-2462.00000
0.75195,0.75130,0.75097,0.75162,0.75458,0.30498,0.30399,0.30728,0.30629,0.30498,0.07803,0.07738,0.08099,0.07803,0.08001,-55.50560,-2461.00000
0.74899,0.74735,0.74439,0.74899,0.75360,0.30399,0.30662,0.30563,0.30695,0.30695,0.07968,0.08330,0.08165,0.07869,0.08001,-55.53600,-2460.00000
0.74636,0.74242,0.74834,0.75294,0.74340,0.30530,0.30399,0.30530,0.30530,0.30662,0.07803,0.08461,0.08132,0.07770,0.07902,-55.53600,-2459.00000
0.75195,0.74899,0.75261,0.74932,0.74834,0.30859,0.30596,0.30662,0.30234,0.30300,0.08362,0.07770,0.07968,0.08099,0.08001,-55.75872,-2458.00000
0.74143,0.74472,0.74866,0.74538,0.75031,0.30826,0.30695,0.30267,0.30596,0.30530,0.07836,0.08461,0.08362,0.07968,0.08132,-55.75872,-2457.00000
0.74636,0.74899,0.74538,0.74735,0.74702,0.30432,0.30826,0.30202,0.30465,0.30530,0.08165,0.07968,0.08099,0.07902,0.08330,-55.95065,-2456.00000
0.75064,0.74801,0.74899,0.74932,0.74768,0.30826,0.30629,0.30563,0.30662,0.30432,0.07639,0.08395,0.07474,0.08330,0.07902,-55.95065,-2455.00000
0.74603,0.74735,0.74866,0.74965,0.74965,0.30629,0.30761,0.30300,0.30333,0.30892,0.08099,0.08231,0.08099,0.08264,0.08198,-56.05882,-2454.00000
0.75426,0.74965,0.74965,0.75162,0.74472,0.30596,0.30958,0.30498,0.30399,0.30563,0.08395,0.08099,0.07902,0.07968,0.08001,-56.05882,-2453.00000
0.74603,0.74834,0.74932,0.74340,0.74603,0.30859,0.30859,0.30859,0.31155,0.30662,0.08034,0.08099,0.07968,0.08330,0.08165,-56.27648,-2452.00000
0.74570,0.74801,0.74866,0.75327,0.74899,0.30991,0.30596,0.30530,0.30794,0.30695,0.08099,0.08231,0.08001,0.08132,0.08428,-56.27648,-2451.00000
0.75327,0.75162,0.74636,0.74735,0.75294,0.30202,0.30728,0.30629,0.30366,0.29906,0.08099,0.08034,0.08362,0.08428,0.08757,-55.68707,-2450.00000
0.74998,0.74866,0.74636,0.74998,0.74439,0.30629,0.30563,0.30399,0.30498,0.30596,0.07902,0.07902,0.08165,0.08198,0.08231,-55.68707,-2449.00000
0.75162,0.74735,0.75261,0.75491,0.74340,0.30498,0.30498,0.30432,0.30300,0.30629,0.08494,0.07803,0.08231,0.07968,0.08132,-55.73416,-2448.00000
0.75360,0.74768,0.74505,0.74965,0.75195,0.31155,0.30366,0.30267,0.30432,0.30465,0.08330,0.08099,0.07770,0.08297,0.08066,-55.73416,-2447.00000
0.75228,0.74834,0.74998,0.75064,0.74801,0.30596,0.30826,0.30399,0.30695,0.30563,0.08132,0.08264,0.07639,0.08362,0.08198,-55.00819,-2446.00000
0.74834,0.74998,0.75294,0.74307,0.74768,0.30202,0.30037,0.30596,0.30300,0.30070,0.08297,0.08297,0.08066,0.08001,0.08132,-55.00819,-2445.00000
0.75228,0.74702,0.75294,0.75064,0.74866,0.30399,0.30202,0.30563,0.30366,0.30498,0.07935,0.07935,0.07968,0.08461,0.08001,-55.60712,-2444.00000
0.74472,0.75130,0.74735,0.75557,0.74866,0.30333,0.30465,0.30794,0.30662,0.30530,0.08231,0.08099,0.07968,0.08132,0.07770,-55.60712,-2443.00000
0.74801,0.75130,0.73978,0.74538,0.75426,0.30563,0.30465,0.30695,0.29774,0.30695,0.08034,0.07968,0.08132,0.08330,0.08395,-56.46811,-2442.00000
0.74801,0.75162,0.74603,0.74998,0.74505,0.30465,0.30761,0.30563,0.29906,0.30234,0.07935,0.08165,0.08527,0.07968,0.08297,-56.46811,-2441.00000
0.74932,0.74702,0.74866,0.74242,0.74735,0.30432,0.30202,0.30432,0.30234,0.30596,0.08034,0.08066,0.08001,0.07902,0.08527,-56.08806,-2440.00000
0.74176,0.74373,0.74834,0.74932,0.75031,0.30234,0.30366,0.30826,0.30530,0.31024,0.07935,0.08066,0.08066,0.07836,0.08527,-56.08806,-2439.00000
0.74735,0.74801,0.75130,0.74406,0.75327,0.30070,0.30070,0.30826,0.30761,0.30432,0.08527,0.07672,0.08066,0.08001,0.07968,-56.43758,-2438.00000
0.74735,0.75327,0.74932,0.74801,0.75327,0.30136,0.30530,0.30596,0.30366,0.30498,0.08034,0.07770,0.07869,0.08264,0.08362,-56.43758,-2437.00000
0.75195,0.74866,0.74669,0.74735,0.74932,0.30037,0.30465,0.30169,0.30794,0.30366,0.08362,0.08362,0.08034,0.08297,0.08132,-56.94682,-2436.00000
0.75590,0.75195,0.74965,0.74965,0.74603,0.30498,0.30498,0.30629,0.30399,0.30596,0.08034,0.08099,0.08362,0.07935,0.08034,-56.94682,-2435.00000
0.75261,0.74735,0.74768,0.74307,0.74702,0.30530,0.30563,0.30366,0.30498,0.30037,0.08395,0.08034,0.08395,0.07935,0.08132,-56.49343,-2434.00000
0.74110,0.74899,0.74538,0.74636,0.75162,0.30432,0.30234,0.30563,0.30530,0.30300,0.07738,0.08165,0.07803,0.08034,0.08428,-56.49343,-2433.00000
0.74866,0.74603,0.74866,0.75294,0.75031,0.30596,0.30728,0.30629,0.30366,0.30202,0.07935,0.08132,0.08198,0.08330,0.07836,-56.44252,-2432.00000
0.74669,0.74866,0.75426,0.75130,0.74768,0.30202,0.30465,0.30794,0.30399,0.30465,0.08165,0.08330,0.08494,0.08198,0.07935,-56.44252,-2431.00000
0.75162,0.74834,0.75853,0.75195,0.74801,0.30695,0.30465,0.29642,0.30366,0.30629,0.08066,0.08066,0.08264,0.08165,0.08264,-55.86530,-2430.00000
0.74768,0.75064,0.74801,0.74801,0.75130,0.30399,0.30629,0.30563,0.30103,0.30530,0.08132,0.07869,0.08066,0.07935,0.08264,-55.86530,-2429.00000
0.75261,0.74768,0.74373,0.74538,0.74439,0.30695,0.30300,0.30465,0.30530,0.30333,0.08165,0.08198,0.07869,0.07869,0.07770,-56.20169,-2428.00000
0.75031,0.74768,0.75393,0.75031,0.74472,0.30859,0.30794,0.30530,0.30432,0.30695,0.07803,0.08165,0.08066,0.08132,0.07803,-56.20169,-2427.00000
0.74570,0.75195,0.75393,0.75162,0.74538,0.30596,0.30498,0.30399,0.30596,0.30465,0.07869,0.08165,0.08066,0.08395,0.07935,-55.85475,-2426.00000
0.75458,0.74702,0.74998,0.75458,0.74834,0.30070,0.30498,0.30234,0.30465,0.30267,0.08297,0.08165,0.08066,0.07803,0.07770,-55.85475,-2425.00000
0.74899,0.74998,0.75327,0.74768,0.74274,0.30366,0.30794,0.30826,0.30826,0.30695,0.08099,0.08066,0.07935,0.08330,0.08165,-55.61292,-2424.00000
0.74669,0.75228,0.75524,0.74373,0.74735,0.30629,0.30004,0.30136,0.30399,0.30136,0.07836,0.08395,0.08099,0.08165,0.08297,-55.61292,-2423.00000
0.74998,0.74307,0.75162,0.75557,0.74636,0.30596,0.30498,0.30859,0.30530,0.30563,0.08264,0.08132,0.08066,0.08165,0.08099,-55.92902,-2422.00000
0.74373,0.75064,0.74866,0.74866,0.74735,0.30728,0.30169,0.30761,0.30629,0.30465,0.08297,0.08034,0.08395,0.08165,0.07803,-55.92902,-2421.00000
0.74932,0.74932,0.75097,0.75261,0.74932,0.30202,0.30794,0.30596,0.30761,0.30761,0.08066,0.07705,0.08297,0.07836,0.08001,-55.65494,-2420.00000
0.74472,0.74603,0.74932,0.74801,0.74274,0.30728,0.30498,0.30662,0.30333,0.30399,0.08362,0.07902,0.08132,0.07540,0.07869,-55.65494,-2419.00000
0.74406,0.74702,0.74702,0.74801,0.75031,0.30563,0.30169,0.30202,0.30432,0.30070,0.08066,0.07803,0.08034,0.08034,0.08691,-56.42854,-2418.00000
0.74735,0.74603,0.74373,0.74472,0.75524,0.30563,0.30629,0.30695,0.30498,0.30465,0.08099,0.08264,0.08264,0.08264,0.08001,-56.42854,-2417.00000
0.75853,0.75097,0.74866,0.74636,0.75228,0.30465,0.30563,0.30333,0.30629,0.30366,0.08461,0.08001,0.08264,0.08231,0.08165,-55.94865,-2416.00000
0.74702,0.75426,0.74932,0.75130,0.74702,0.30794,0.30563,0.30169,0.29840,0.30267,0.08001,0.08165,0.07869,0.07836,0.08099,-55.94865,-2415.00000
0.75097,0.75261,0.75327,0.74472,0.75097,0.30103,0.30366,0.30728,0.30103,0.30563,0.08198,0.07935,0.07803,0.08330,0.08001,-56.03096,-2414.00000
0.75097,0.74932,0.75031,0.75393,0.74538,0.30629,0.30465,0.30333,0.30399,0.30432,0.07902,0.08231,0.07442,0.07573,0.07573,-56.03096,-2413.00000
0.75097,0.73946,0.75195,0.75162,0.74702,0.30662,0.30366,0.30695,0.30366,0.30202,0.08132,0.07869,0.07968,0.08034,0.07770,-55.53257,-2412.00000
0.74834,0.74932,0.75294,0.74768,0.74702,0.30826,0.30958,0.30169,0.30530,0.30662,0.07573,0.08297,0.08198,0.08264,0.07902,-55.53257,-2411.00000
0.75327,0.74801,0.75031,0.74439,0.75261,0.30432,0.30826,0.30958,0.30333,0.30629,0.08264,0.08494,0.08001,0.07540,0.08066,-55.17840,-2410.00000
0.75162,0.74899,0.75294,0.75195,0.75097,0.30728,0.30530,0.30925,0.30662,0.30761,0.07770,0.08001,0.07902,0.08264,0.07474,-55.17840,-2409.00000
0.75656,0.75130,0.75130,0.74834,0.75853,0.30728,0.30300,0.30761,0.30695,0.30234,0.08099,0.08297,0.07770,0.07968,0.07705,-55.64584,-2408.00000
0.75261,0.74998,0.75327,0.74965,0.74768,0.30629,0.30465,0.30826,0.30530,0.30399,0.08001,0.08099,0.08297,0.08264,0.08264,-55.64584,-2407.00000
0.75426,0.75064,0.75261,0.74866,0.74965,0.30399,0.30859,0.30925,0.30530,0.30629,0.07968,0.08034,0.08034,0.07672,0.08001,-55.92106,-2406.00000
0.75195,0.75064,0.74899,0.75228,0.75327,0.30794,0.30662,0.30629,0.30234,0.30399,0.08132,0.08231,0.08231,0.07803,0.07968,-55.92106,-2405.00000
0.74702,0.75458,0.74899,0.76116,0.75031,0.30761,0.30596,0.30794,0.30202,0.30202,0.08362,0.08001,0.08198,0.07836,0.08066,-55.57528,-2404.00000
0.75097,0.74702,0.75294,0.75195,0.75426,0.30596,0.30794,0.30498,0.30892,0.30794,0.08132,0.08461,0.07935,0.07968,0.07803,-55.57528,-2403.00000
0.74636,0.75458,0.75458,0.74965,0.74998,0.30794,0.30794,0.30563,0.30728,0.30629,0.08428,0.08034,0.07968,0.08099,0.08165,-55.91508,-2402.00000
0.75031,0.75491,0.75360,0.74570,0.74866,0.30925,0.30991,0.30761,0.30366,0.30366,0.08034,0.08132,0.08066,0.08527,0.07803,-55.91508,-2401.00000
0.75623,0.75294,0.75195,0.75162,0.74636,0.30465,0.30366,0.30563,0.30333,0.30596,0.08198,0.07968,0.08231,0.07573,0.08001,-55.74807,-2400.00000
0.75754,0.75162,0.75820,0.75294,0.75524,0.30892,0.30432,0.29938,0.30761,0.30629,0.07935,0.08165,0.08330,0.08297,0.08330,-55.74807,-2399.00000
0.74768,0.74866,0.75689,0.75228,0.74932,0.30596,0.30432,0.30136,0.30761,0.30629,0.07606,0.07935,0.08034,0.07968,0.08198,-55.32276,-2398.00000
0.74834,0.75162,0.76050,0.75557,0.75261,0.30432,0.30202,0.30234,0.30925,0.30136,0.08132,0.08066,0.07968,0.08066,0.08034,-55.32276,-2397.00000
0.75458,0.75294,0.75623,0.75031,0.74899,0.30432,0.30761,0.30662,0.30925,0.30925,0.07705,0.08132,0.08330,0.07705,0.08099,-55.82789,-2396.00000
0.75656,0.75590,0.74866,0.74636,0.75524,0.30859,0.30399,0.30794,0.30991,0.30399,0.08198,0.07803,0.08001,0.07935,0.07968,-55.82789,-2395.00000
0.75031,0.75754,0.74965,0.74866,0.74932,0.30728,0.30695,0.30563,0.30498,0.30761,0.08297,0.08198,0.07606,0.07968,0.07869,-54.73767,-2394.00000
0.74965,0.75097,0.75689,0.75327,0.74735,0.31057,0.30794,0.30629,0.30300,0.30465,0.08461,0.08165,0.07738,0.08165,0.08231,-54.73767,-2393.00000
0.75426,0.74866,0.74965,0.75886,0.74505,0.30300,0.30432,0.30761,0.30629,0.30761,0.07935,0.07935,0.08165,0.08066,0.08132,-55.29364,-2392.00000
0.75426,0.74932,0.74702,0.75327,0.75886,0.30498,0.30563,0.30728,0.30563,0.30366,0.07836,0.07738,0.08626,0.07902,0.07705,-55.29364,-2391.00000
0.75360,0.75162,0.75985,0.75031,0.75261,0.30892,0.30366,0.30629,0.30465,0.30695,0.08330,0.08165,0.08428,0.08001,0.07639,-55.44711,-2390.00000
0.74998,0.74538,0.75689,0.75393,0.75195,0.30530,0.30761,0.30629,0.30300,0.30596,0.08001,0.07639,0.08132,0.07803,0.08198,-55.44711,-2389.00000
0.75590,0.74735,0.75162,0.74274,0.75064,0.30333,0.30399,0.30267,0.30826,0.30629,0.08034,0.08264,0.07803,0.08099,0.08231,-55.98528,-2388.00000
0.74965,0.74768,0.75557,0.75656,0.75064,0.30202,0.30432,0.30695,0.30498,0.30465,0.08001,0.07935,0.08066,0.08066,0.08034,-55.98528,-2387.00000
0.75294,0.74801,0.75557,0.75590,0.75327,0.30366,0.30925,0.30498,0.30530,0.30103,0.07902,0.07968,0.08099,0.08099,0.07869,-56.38863,-2386.00000
0.74274,0.74834,0.75294,0.74735,0.75722,0.31090,0.30629,0.30432,0.30103,0.30333,0.08034,0.08264,0.08099,0.07738,0.08428,-56.38863,-2385.00000
0.75130,0.74932,0.75360,0.75458,0.75228,0.30563,0.30333,0.30629,0.30629,0.30629,0.07705,0.07935,0.08198,0.07803,0.07935,-55.37938,-2384.00000
0.74998,0.74373,0.74866,0.75130,0.75195,0.31221,0.30530,0.30202,0.30596,0.30761,0.07869,0.07968,0.07902,0.08165,0.07902,-55.37938,-2383.00000
0.75524,0.75919,0.74998,0.75426,0.75195,0.30498,0.30530,0.30136,0.30103,0.30136,0.08066,0.08231,0.08231,0.08099,0.08001,-55.40697,-2382.00000
0.74702,0.75393,0.74866,0.75360,0.74932,0.30629,0.30629,0.30498,0.30826,0.30794,0.08395,0.07738,0.07968,0.08034,0.07770,-55.40697,-2381.00000
0.75393,0.75130,0.75393,0.75294,0.75130,0.30498,0.30432,0.30136,0.30761,0.30596,0.07869,0.07869,0.07902,0.07968,0.08099,-55.53308,-2380.00000
0.75064,0.74932,0.74735,0.74932,0.74373,0.30267,0.30695,0.30169,0.30563,0.30333,0.08099,0.08198,0.08264,0.08099,0.07738,-55.53308,-2379.00000
0.74538,0.74932,0.74636,0.74965,0.75426,0.30366,0.30629,0.30563,0.30300,0.30399,0.07968,0.07540,0.08034,0.07738,0.07836,-54.59027,-2378.00000
0.74801,0.74834,0.75130,0.75228,0.74965,0.30662,0.30761,0.30465,0.30267,0.30892,0.08132,0.07705,0.07968,0.07836,0.07639,-54.59027,-2377.00000
0.74702,0.74768,0.74801,0.75130,0.74801,0.30530,0.30300,0.30399,0.30136,0.30530,0.07803,0.08132,0.08264,0.07935,0.08099,-56.18185,-2376.00000
0.75360,0.74866,0.74801,0.74636,0.74834,0.29938,0.30826,0.30695,0.30695,0.30596,0.07409,0.08132,0.07836,0.07836,0.07738,-56.18185,-2375.00000
0.74932,0.75294,0.75360,0.74801,0.75656,0.30728,0.30366,0.30826,0.31122,0.30498,0.07935,0.07836,0.08264,0.08066,0.08001,-55.85216,-2374.00000
0.75754,0.75064,0.75458,0.74834,0.74866,0.30761,0.30892,0.29938,0.30037,0.30465,0.08165,0.07770,0.08165,0.08198,0.08198,-55.85216,-2373.00000
0.75360,0.75360,0.74636,0.74834,0.75031,0.30596,0.30530,0.30761,0.30662,0.30695,0.07803,0.07968,0.07869,0.08297,0.08297,-56.49541,-2372.00000
0.74998,0.75130,0.74866,0.75130,0.74702,0.30070,0.30103,0.30629,0.30596,0.30563,0.08165,0.07902,0.07869,0.07836,0.07738,-56.49541,-2371.00000
0.74768,0.74669,0.75722,0.75064,0.75031,0.30267,0.30498,0.30662,0.30366,0.30333,0.07705,0.08066,0.07770,0.08297,0.07738,-55.37417,-2370.00000
0.74768,0.74801,0.74472,0.75360,0.75228,0.30498,0.30794,0.30498,0.30103,0.30794,0.08297,0.07803,0.07836,0.07968,0.07770,-55.37417,-2369.00000
0.75426,0.75294,0.75261,0.74307,0.74998,0.30432,0.30333,0.30728,0.30794,0.30596,0.08099,0.07869,0.08297,0.08132,0.07836,-55.08211,-2368.00000
0.74866,0.75393,0.74932,0.75426,0.74998,0.30892,0.30333,0.29971,0.30662,0.30465,0.07409,0.08099,0.08099,0.08099,0.08231,-55.08211,-2367.00000
0.74209,0.75195,0.74603,0.75097,0.74702,0.30333,0.30695,0.30761,0.31024,0.30333,0.07935,0.07869,0.08198,0.07540,0.08066,-55.24369,-2366.00000
0.75261,0.74570,0.74669,0.74735,0.74801,0.30465,0.30530,0.30826,0.30728,0.30366,0.07705,0.08198,0.08099,0.07935,0.07902,-55.24369,-2365.00000
0.74866,0.74801,0.75031,0.75393,0.74505,0.30399,0.30465,0.30695,0.30563,0.30366,0.07738,0.07836,0.08132,0.08132,0.07968,-55.16335,-2364.00000
0.75097,0.75097,0.74735,0.74866,0.74636,0.30596,0.30728,0.30300,0.30004,0.30662,0.08034,0.08034,0.07606,0.07935,0.08264,-55.16335,-2363.00000
0.75064,0.74932,0.75031,0.75426,0.74932,0.30958,0.30333,0.30498,0.30563,0.30432,0.07935,0.08034,0.08165,0.07935,0.08132,-55.28675,-2362.00000
0.74636,0.74439,0.74965,0.74538,0.74932,0.30234,0.30234,0.30530,0.30826,0.30333,0.08264,0.07935,0.08066,0.07902,0.07935,-55.28675,-2361.00000
0.74570,0.75097,0.75524,0.74899,0.75327,0.30498,0.30399,0.30596,0.30004,0.30498,0.08264,0.08066,0.07869,0.08395,0.08264,-55.44855,-2360.00000
0.74866,0.75195,0.75393,0.75195,0.74702,0.30169,0.30530,0.30530,0.30563,0.30662,0.08362,0.08099,0.07902,0.07935,0.08034,-55.44855,-2359.00000
0.74801,0.74801,0.74538,0.74702,0.74735,0.30234,0.30234,0.30563,0.30629,0.30761,0.08034,0.07869,0.08264,0.07968,0.07770,-56.68668,-2358.00000
0.74834,0.75064,0.74932,0.74702,0.75360,0.30432,0.30432,0.30300,0.30563,0.30498,0.08099,0.08001,0.08165,0.07672,0.08099,-56.68668,-2357.00000
0.74965,0.75261,0.74965,0.74899,0.74143,0.30234,0.31057,0.30037,0.30530,0.30563,0.07836,0.08330,0.07672,0.08034,0.08165,-56.36824,-2356.00000
0.74538,0.74669,0.75491,0.75261,0.74965,0.30366,0.30958,0.30267,0.30629,0.30563,0.08001,0.07968,0.08132,0.08066,0.08066,-56.36824,-2355.00000
0.74472,0.74866,0.75261,0.74899,0.74636,0.30563,0.30761,0.30728,0.30761,0.30563,0.07705,0.07968,0.08034,0.08099,0.07869,-56.81449,-2354.00000
0.75130,0.74702,0.74669,0.74998,0.74735,0.30728,0.30103,0.30530,0.30333,0.31155,0.08066,0.08132,0.08001,0.08099,0.08132,-56.81449,-2353.00000
0.74801,0.74340,0.74768,0.74998,0.75031,0.30563,0.30794,0.30333,0.30695,0.30498,0.07935,0.07836,0.07869,0.08132,0.08099,-56.17336,-2352.00000
0.74834,0.75195,0.74801,0.74439,0.75162,0.30366,0.30169,0.30596,0.30103,0.30563,0.08034,0.07639,0.08001,0.08231,0.07935,-56.17336,-2351.00000
0.74274,0.74899,0.75458,0.74965,0.75458,0.30234,0.29971,0.30728,0.30366,0.30958,0.08165,0.08034,0.08001,0.08066,0.08066,-56.17506,-2350.00000
0.75228,0.75393,0.75327,0.74406,0.74932,0.30826,0.30761,0.30563,0.30267,0.30432,0.07770,0.07836,0.08198,0.07935,0.07836,-56.17506,-2349.00000
0.74636,0.74932,0.74899,0.74998,0.74274,0.30662,0.30695,0.30662,0.30563,0.30629,0.08132,0.07803,0.07606,0.08165,0.08198,-55.56067,-2348.00000
0.74570,0.74866,0.74998,0.75097,0.75097,0.30037,0.29906,0.30629,0.30399,0.30530,0.07770,0.07770,0.07803,0.07639,0.07770,-55.56067,-2347.00000
0.74538,0.74932,0.74274,0.74702,0.74834,0.30498,0.30136,0.30169,0.30136,0.30465,0.07869,0.07705,0.07935,0.08165,0.07803,-55.61237,-2346.00000
0.75360,0.74242,0.74932,0.74801,0.74669,0.30300,0.30136,0.30399,0.30530,0.30761,0.08198,0.08132,0.08297,0.07902,0.08198,-55.61237,-2345.00000
0.74603,0.75426,0.74538,0.74932,0.74702,0.30498,0.30234,0.30234,0.30399,0.30892,0.07902,0.07803,0.08198,0.08066,0.08198,-56.25589,-2344.00000
0.74998,0.75754,0.75261,0.74735,0.74899,0.30563,0.30498,0.30202,0.30300,0.30432,0.07902,0.08099,0.07770,0.08165,0.08001,-56.25589,-2343.00000
0.74603,0.74669,0.75097,0.74538,0.74965,0.30794,0.30366,0.30761,0.30399,0.30070,0.07836,0.08066,0.07935,0.08001,0.07935,-55.69630,-2342.00000
0.74899,0.74570,0.75130,0.74998,0.74834,0.30004,0.30530,0.30958,0.30498,0.30498,0.07606,0.07738,0.07935,0.07968,0.08034,-55.69630,-2341.00000
0.75195,0.74143,0.74669,0.74603,0.75228,0.30530,0.30103,0.30925,0.30859,0.30202,0.08001,0.08198,0.07606,0.08066,0.07935,-56.38331,-2340.00000
0.75294,0.74866,0.75097,0.74866,0.74636,0.30859,0.30530,0.30563,0.30267,0.30300,0.07738,0.08066,0.08001,0.07672,0.07376,-56.38331,-2339.00000
0.74932,0.75294,0.74669,0.75261,0.74340,0.30103,0.30399,0.30366,0.30300,0.30300,0.07803,0.08330,0.08066,0.07902,0.07869,-55.90650,-2338.00000
0.75064,0.75261,0.75130,0.74669,0.74603,0.30169,0.30366,0.30465,0.30925,0.30432,0.07968,0.08034,0.07968,0.07672,0.07705,-55.90650,-2337.00000
0.74603,0.74209,0.75294,0.74636,0.74899,0.30399,0.30037,0.30629,0.30366,0.30859,0.07770,0.07836,0.08165,0.08034,0.08034,-56.03919,-2336.00000
0.74669,0.75294,0.74899,0.74373,0.75195,0.30333,0.30366,0.30695,0.30563,0.30432,0.07935,0.08034,0.07869,0.08132,0.08099,-56.03919,-2335.00000
0.74932,0.74603,0.74669,0.75426,0.74998,0.30300,0.30563,0.30794,0.30202,0.30465,0.08066,0.07968,0.07836,0.07935,0.07935,-56.49127,-2334.00000
0.74307,0.74570,0.74472,0.74899,0.74702,0.30267,0.30761,0.30761,0.30465,0.30629,0.08034,0.07869,0.08001,0.07540,0.07902,-56.49127,-2333.00000
0.75064,0.74505,0.74669,0.74669,0.74538,0.30498,0.30465,0.30596,0.30432,0.30399,0.07869,0.07902,0.07639,0.07639,0.07935,-55.66995,-2332.00000
0.75195,0.75327,0.74866,0.75327,0.74669,0.30728,0.31188,0.30399,0.30892,0.30300,0.08165,0.07869,0.07672,0.07573,0.07836,-55.66995,-2331.00000
0.74505,0.74373,0.74866,0.75097,0.75393,0.30563,0.30530,0.30070,0.30761,0.30465,0.07507,0.08001,0.08198,0.07803,0.07803,-55.47170,-2330.00000
0.74702,0.75064,0.74801,0.74735,0.74669,0.30530,0.30169,0.30465,0.30267,0.30826,0.08165,0.08165,0.08165,0.08132,0.08132,-55.47170,-2329.00000
0.74702,0.74998,0.75294,0.74866,0.74242,0.30662,0.30498,0.30859,0.30465,0.30300,0.07968,0.07770,0.08264,0.08165,0.08297,-55.87305,-2328.00000
0.75426,0.74406,0.74834,0.74899,0.74505,0.30498,0.30563,0.30563,0.31090,0.30530,0.07836,0.08132,0.07869,0.07474,0.08001,-55.87305,-2327.00000
0.74373,0.74801,0.75491,0.74998,0.74406,0.30662,0.30202,0.30333,0.30432,0.30333,0.07836,0.07836,0.07869,0.07902,0.07935,-56.33252,-2326.00000
0.74439,0.74340,0.75162,0.74834,0.74866,0.30596,0.30267,0.30234,0.30563,0.30070,0.07836,0.07770,0.07869,0.07803,0.07902,-56.33252,-2325.00000
0.74472,0.74570,0.74932,0.74406,0.74801,0.30728,0.30399,0.30300,0.30234,0.30399,0.08034,0.07902,0.07968,0.07836,0.08001,-56.66236,-2324.00000
0.74044,0.74932,0.74834,0.74472,0.74603,0.30234,0.30202,0.30530,0.30366,0.30892,0.07902,0.07968,0.07968,0.07869,0.07474,-56.66236,-2323.00000
0.74472,0.74866,0.74340,0.74110,0.75261,0.30366,0.30530,0.30695,0.30498,0.30662,0.07803,0.07836,0.07968,0.07573,0.07869,-56.49280,-2322.00000
0.74538,0.74603,0.74768,0.74636,0.74932,0.30563,0.30563,0.30629,0.30169,0.30530,0.08330,0.07770,0.07869,0.07705,0.07902,-56.49280,-2321.00000
0.74439,0.74570,0.74570,0.74143,0.74768,0.30300,0.30465,0.30432,0.30300,0.30366,0.07803,0.08034,0.07836,0.08198,0.07869,-56.64972,-2320.00000
0.74538,0.74505,0.74472,0.74702,0.74866,0.30629,0.30498,0.30103,0.30761,0.30399,0.07935,0.08066,0.07836,0.08066,0.07869,-56.64972,-2319.00000
0.74735,0.74899,0.74932,0.74735,0.74274,0.30432,0.30333,0.30333,0.30432,0.30563,0.08198,0.08132,0.07869,0.07902,0.07705,-55.98355,-2318.00000
0.74439,0.74866,0.74702,0.74538,0.74011,0.30300,0.30333,0.30300,0.30169,0.30662,0.07770,0.08001,0.08034,0.08198,0.08001,-55.98355,-2317.00000
0.74570,0.75064,0.74768,0.74406,0.74801,0.30432,0.30563,0.30300,0.30202,0.30004,0.07803,0.07836,0.07836,0.08231,0.07869,-56.37312,-2316.00000
0.74011,0.74866,0.74768,0.75097,0.74899,0.30465,0.29971,0.30728,0.30629,0.30563,0.07836,0.07935,0.07672,0.08001,0.07803,-56.37312,-2315.00000
0.74899,0.74373,0.74176,0.74373,0.74965,0.30037,0.30267,0.30234,0.30070,0.30465,0.07968,0.07639,0.07606,0.07869,0.08001,-55.98197,-2314.00000
0.74406,0.74801,0.74998,0.74472,0.74866,0.30563,0.30432,0.30498,0.30498,0.30366,0.07869,0.08231,0.08198,0.07968,0.07639,-55.98197,-2313.00000
0.74570,0.75162,0.74636,0.74735,0.75162,0.30629,0.30300,0.30300,0.30366,0.30596,0.08165,0.08264,0.08001,0.08066,0.07902,-55.64724,-2312.00000
0.74307,0.74801,0.74636,0.75294,0.75130,0.30300,0.30662,0.30234,0.30202,0.30662,0.07803,0.07935,0.07803,0.07705,0.07672,-55.64724,-2311.00000
0.74439,0.75130,0.74603,0.74340,0.74307,0.30432,0.30761,0.30596,0.30399,0.30432,0.07968,0.07770,0.08132,0.08034,0.08099,-56.36610,-2310.00000
0.75458,0.74570,0.74866,0.74406,0.75097,0.30366,0.30859,0.30695,0.30037,0.30333,0.07573,0.07968,0.07738,0.07836,0.07770,-56.36610,-2309.00000
0.74899,0.74636,0.74998,0.74505,0.74899,0.30366,0.30892,0.30202,0.30991,0.30629,0.07803,0.07803,0.07968,0.08034,0.08297,-56.52778,-2308.00000
0.74932,0.74965,0.74866,0.74603,0.74932,0.30366,0.30169,0.30267,0.30432,0.30498,0.07803,0.08066,0.08099,0.07869,0.07836,-56.52778,-2307.00000
0.74242,0.74570,0.74669,0.74538,0.74801,0.30234,0.30662,0.30333,0.29938,0.30399,0.07968,0.08066,0.07738,0.08428,0.07770,-55.64182,-2306.00000
0.74702,0.74209,0.74538,0.74932,0.74998,0.30498,0.29675,0.31024,0.30202,0.30629,0.07705,0.07738,0.07968,0.08198,0.07770,-55.64182,-2305.00000
0.74899,0.74735,0.74735,0.74439,0.74011,0.30695,0.30432,0.30629,0.30037,0.30530,0.07803,0.07869,0.07803,0.07935,0.08198,-55.70909,-2304.00000
0.74801,0.75195,0.74373,0.74998,0.74274,0.30300,0.30530,0.30530,0.30465,0.30465,0.07902,0.07869,0.07869,0.07770,0.08132,-55.70909,-2303.00000
0.74636,0.74702,0.74669,0.74768,0.74965,0.30465,0.30103,0.30958,0.30432,0.30695,0.08001,0.08165,0.07738,0.08099,0.07606,-55.67925,-2302.00000
0.74472,0.75064,0.74998,0.75294,0.74899,0.30629,0.31221,0.30103,0.30366,0.30070,0.07935,0.07606,0.08001,0.08034,0.08034,-55.67925,-2301.00000
0.74702,0.74768,0.74011,0.74538,0.74439,0.30465,0.30465,0.30267,0.30103,0.30366,0.08099,0.08034,0.08001,0.07738,0.08099,-55.24929,-2300.00000
0.75195,0.74373,0.74307,0.74669,0.75754,0.30728,0.30300,0.30432,0.30300,0.29906,0.07540,0.07968,0.07705,0.07409,0.07968,-55.24929,-2299.00000
0.74801,0.74834,0.75031,0.74636,0.74768,0.30662,0.30761,0.30399,0.30432,0.30629,0.07968,0.08297,0.07672,0.07738,0.08099,-55.31019,-2298.00000
0.74406,0.74932,0.74965,0.75031,0.74866,0.30333,0.30695,0.31024,0.30465,0.30399,0.08001,0.07606,0.07803,0.07902,0.07836,-55.31019,-2297.00000
0.75031,0.74998,0.74866,0.73978,0.74472,0.31024,0.30662,0.30498,0.30366,0.30563,0.07770,0.08001,0.08001,0.07869,0.08165,-55.50910,-2296.00000
0.74570,0.74439,0.74899,0.75294,0.75524,0.30432,0.30432,0.30267,0.30695,0.30530,0.08264,0.08099,0.07573,0.07803,0.07639,-55.50910,-2295.00000
0.74768,0.74801,0.74965,0.74439,0.74998,0.30925,0.30366,0.30300,0.30925,0.30070,0.07803,0.08099,0.08362,0.08034,0.07474,-56.28238,-2294.00000
0.74538,0.75261,0.74768,0.74998,0.74570,0.30761,0.30432,0.30267,0.30234,0.30728,0.07803,0.08231,0.07672,0.08099,0.07968,-56.28238,-2293.00000
0.74406,0.74834,0.74932,0.74143,0.75064,0.30267,0.30267,0.30859,0.30563,0.30629,0.08132,0.08001,0.08034,0.07968,0.07573,-56.79109,-2292.00000
0.75031,0.74242,0.74768,0.74801,0.74472,0.30202,0.30267,0.30728,0.30267,0.30728,0.07803,0.08001,0.07968,0.07836,0.07836,-56.79109,-2291.00000
0.74505,0.75491,0.74801,0.74538,0.74998,0.30234,0.30498,0.30761,0.30530,0.30169,0.07869,0.08198,0.07573,0.07902,0.07803,-55.99320,-2290.00000
0.75130,0.74209,0.74538,0.75031,0.75195,0.30662,0.30202,0.30826,0.30629,0.30530,0.08034,0.07738,0.07836,0.08034,0.07869,-55.99320,-2289.00000
0.74866,0.74768,0.74768,0.74998,0.74406,0.30826,0.30136,0.30925,0.30202,0.30596,0.07803,0.08330,0.07705,0.07770,0.08165,-55.42580,-2288.00000
0.74735,0.74899,0.74702,0.75195,0.74274,0.30300,0.30728,0.30596,0.30728,0.30596,0.07968,0.07869,0.07968,0.07935,0.08066,-55.42580,-2287.00000
0.74472,0.74768,0.75656,0.74768,0.74472,0.30498,0.30399,0.30794,0.30300,0.30004,0.07738,0.08001,0.07770,0.07935,0.08132,-55.71583,-2286.00000
0.74538,0.74472,0.75294,0.74735,0.74965,0.30234,0.30234,0.30563,0.30037,0.30728,0.07869,0.07803,0.07836,0.07968,0.07902,-55.71583,-2285.00000
0.74472,0.74603,0.75195,0.75130,0.75327,0.30629,0.30399,0.30234,0.30333,0.30432,0.07935,0.08132,0.08165,0.08001,0.08034,-56.15870,-2284.00000
0.75393,0.74373,0.74242,0.74998,0.75294,0.30662,0.30234,0.30300,0.30432,0.31090,0.07803,0.08132,0.07902,0.08395,0.07770,-56.15870,-2283.00000
0.74801,0.74340,0.74702,0.74965,0.74176,0.30432,0.30366,0.30432,0.30333,0.30563,0.07770,0.07573,0.07869,0.08297,0.07935,-56.56568,-2282.00000
0.74176,0.74505,0.74735,0.74570,0.74242,0.30432,0.30629,0.30530,0.30530,0.30432,0.07672,0.07902,0.07902,0.07836,0.07770,-56.56568,-2281.00000
0.74209,0.74340,0.75228,0.75360,0.74932,0.30234,0.30234,0.30004,0.30103,0.30234,0.07869,0.07902,0.07935,0.07803,0.07836,-55.80725,-2280.00000
0.74801,0.74176,0.74472,0.74570,0.74899,0.30267,0.30169,0.30596,0.30136,0.30202,0.07738,0.07770,0.08330,0.07540,0.08527,-55.80725,-2279.00000
0.74307,0.75360,0.75064,0.74044,0.74176,0.30958,0.30563,0.30432,0.30366,0.31155,0.08297,0.07639,0.07672,0.07573,0.08066,-55.73810,-2278.00000
0.74899,0.74472,0.74702,0.74768,0.74538,0.30333,0.30399,0.30399,0.30366,0.30629,0.08001,0.07803,0.07869,0.08099,0.07705,-55.73810,-2277.00000
0.74373,0.75064,0.75195,0.74801,0.74439,0.30432,0.30695,0.30202,0.30333,0.30169,0.07836,0.07770,0.07770,0.07573,0.07770,-55.91837,-2276.00000
0.74340,0.74505,0.74340,0.74044,0.74373,0.30629,0.30234,0.30465,0.30267,0.30267,0.07573,0.07902,0.07639,0.08034,0.08198,-55.91837,-2275.00000
0.74340,0.74538,0.74538,0.74373,0.74439,0.30267,0.30662,0.30925,0.31024,0.30859,0.07639,0.08001,0.07474,0.07606,0.07770,-56.05733,-2274.00000
0.75590,0.74373,0.74242,0.75261,0.74538,0.30498,0.30794,0.30530,0.30465,0.30103,0.08231,0.07738,0.08099,0.07507,0.07606,-56.05733,-2273.00000
0.75228,0.74768,0.74307,0.74044,0.74669,0.30432,0.30629,0.30399,0.30267,0.30465,0.07343,0.08001,0.08132,0.07705,0.08099,-55.57749,-2272.00000
0.74636,0.74965,0.74899,0.74242,0.74603,0.30596,0.30728,0.30662,0.30070,0.30366,0.08165,0.08198,0.07869,0.07606,0.07803,-55.57749,-2271.00000
0.74899,0.74373,0.74834,0.74472,0.74505,0.30333,0.30432,0.30169,0.30563,0.30530,0.07770,0.07803,0.07869,0.07705,0.07705,-55.72820,-2270.00000
0.74834,0.75162,0.75031,0.74307,0.75031,0.30333,0.30530,0.29938,0.30563,0.30530,0.08034,0.07474,0.07672,0.07672,0.07672,-55.72820,-2269.00000
0.74932,0.74472,0.74538,0.74143,0.75130,0.30234,0.30662,0.30267,0.30761,0.30070,0.07869,0.07902,0.07672,0.07869,0.08264,-55.63510,-2268.00000
0.74077,0.74439,0.74965,0.73847,0.74669,0.30070,0.30859,0.30366,0.30300,0.30859,0.07770,0.07770,0.07902,0.07770,0.08231,-55.63510,-2267.00000
0.74735,0.75130,0.74998,0.75228,0.74636,0.30662,0.30596,0.30662,0.30432,0.30925,0.07639,0.07540,0.07310,0.08001,0.08066,-55.38591,-2266.00000
0.74570,0.74636,0.75195,0.74768,0.74406,0.30662,0.30563,0.30202,0.30563,0.30563,0.08264,0.07705,0.07770,0.08165,0.07738,-55.38591,-2265.00000
0.75064,0.74373,0.74439,0.74307,0.75360,0.30234,0.30498,0.30136,0.30662,0.30300,0.08099,0.08001,0.07935,0.07968,0.07902,-55.74227,-2264.00000
0.74834,0.74932,0.75360,0.74538,0.74669,0.30234,0.30859,0.30267,0.30234,0.29807,0.07902,0.07935,0.07869,0.07705,0.07869,-55.74227,-2263.00000
0.74472,0.75064,0.74801,0.74899,0.74242,0.29840,0.30202,0.30596,0.30399,0.30629,0.08066,0.08034,0.07869,0.07968,0.08165,-55.78129,-2262.00000
0.75097,0.74143,0.74768,0.74998,0.74603,0.30498,0.30761,0.30465,0.30629,0.30695,0.07836,0.07705,0.08461,0.08001,0.07968,-55.78129,-2261.00000
0.75195,0.74636,0.74636,0.75327,0.75590,0.30563,0.30498,0.30662,0.30629,0.30826,0.08165,0.07573,0.07836,0.08231,0.07968,-55.91555,-2260.00000
0.74636,0.74965,0.75294,0.74768,0.74505,0.30728,0.30267,0.30136,0.30859,0.30695,0.08362,0.07770,0.07770,0.07836,0.07935,-55.91555,-2259.00000
0.74998,0.74768,0.74603,0.74570,0.74801,0.30465,0.30596,0.30728,0.30859,0.30465,0.07803,0.07738,0.07803,0.07639,0.07902,-55.53590,-2258.00000
0.74834,0.74011,0.74570,0.75097,0.75261,0.30234,0.30399,0.30136,0.30300,0.30234,0.07869,0.07935,0.08001,0.07935,0.08001,-55.53590,-2257.00000
0.74505,0.74998,0.74669,0.74998,0.75031,0.30761,0.30498,0.30629,0.30333,0.30399,0.07770,0.07672,0.07836,0.07639,0.07738,-55.35584,-2256.00000
0.74538,0.75228,0.75097,0.74768,0.74801,0.30629,0.30432,0.30399,0.30596,0.30465,0.07639,0.07803,0.07540,0.07672,0.07803,-55.35584,-2255.00000
0.74998,0.74768,0.74899,0.75228,0.75294,0.30202,0.30333,0.30432,0.30103,0.30925,0.07738,0.07770,0.08001,0.07606,0.07705,-55.94940,-2254.00000
0.74932,0.74965,0.75393,0.74538,0.75031,0.30267,0.30366,0.30530,0.30267,0.30366,0.07639,0.07803,0.07639,0.07705,0.07770,-55.94940,-2253.00000
0.75097,0.74899,0.74899,0.74801,0.74834,0.30465,0.30596,0.30267,0.30695,0.30794,0.07935,0.07639,0.07540,0.07573,0.07738,-55.87265,-2252.00000
0.74636,0.75031,0.74538,0.74505,0.74866,0.30399,0.30399,0.30498,0.30366,0.30465,0.07869,0.07770,0.07803,0.07409,0.07902,-55.87265,-2251.00000
0.74176,0.74505,0.74899,0.75327,0.74768,0.30300,0.30465,0.30465,0.30333,0.30498,0.07409,0.08099,0.07540,0.07738,0.07310,-55.96367,-2250.00000
0.74899,0.75491,0.74307,0.74998,0.75557,0.30925,0.30432,0.30300,0.30202,0.30563,0.07836,0.07409,0.07507,0.08198,0.07606,-55.96367,-2249.00000
0.74702,0.74965,0.75557,0.75228,0.74866,0.30826,0.30629,0.30596,0.30037,0.30859,0.08001,0.07639,0.07376,0.07705,0.07639,-56.04580,-2248.00000
0.74570,0.74373,0.74702,0.74866,0.74077,0.30234,0.30498,0.30234,0.30300,0.30234,0.07869,0.07836,0.07573,0.07639,0.07935,-56.04580,-2247.00000
0.75656,0.74768,0.74702,0.74143,0.74965,0.30169,0.30498,0.30333,0.30366,0.30596,0.07902,0.07540,0.07705,0.07507,0.07442,-56.19429,-2246.00000
0.74998,0.75130,0.74538,0.74505,0.74735,0.30267,0.30432,0.30761,0.30465,0.29906,0.07376,0.07803,0.07409,0.07409,0.07211,-56.19429,-2245.00000
0.74899,0.74505,0.75162,0.74077,0.75031,0.30695,0.30498,0.30333,0.30761,0.30563,0.07935,0.08132,0.07935,0.07573,0.07836,-56.47605,-2244.00000
0.74636,0.74636,0.74866,0.75426,0.74866,0.30859,0.30563,0.30563,0.30498,0.30169,0.07639,0.07935,0.07770,0.07803,0.07705,-56.47605,-2243.00000
0.74044,0.75130,0.74406,0.74801,0.74603,0.30399,0.30169,0.30399,0.30169,0.30432,0.07409,0.08198,0.07869,0.07540,0.07442,-55.82103,-2242.00000
0.74866,0.74307,0.75261,0.75031,0.75590,0.30563,0.30234,0.30366,0.30234,0.30432,0.07639,0.07573,0.07770,0.07803,0.07343,-55.82103,-2241.00000
0.75162,0.75031,0.74472,0.75261,0.74472,0.30300,0.30530,0.30695,0.30629,0.30366,0.07770,0.08001,0.07803,0.07803,0.08066,-56.09411,-2240.00000
0.75294,0.74702,0.74768,0.74801,0.74603,0.29675,0.30859,0.30234,0.31090,0.31090,0.07968,0.07738,0.07705,0.07705,0.07442,-56.09411,-2239.00000
0.74735,0.75261,0.75097,0.73847,0.74932,0.30267,0.30925,0.30958,0.29938,0.30465,0.08034,0.07639,0.07770,0.08165,0.07639,-55.94256,-2238.00000
0.75623,0.74735,0.74768,0.74209,0.75064,0.30498,0.30300,0.30563,0.30202,0.30432,0.07573,0.07836,0.07738,0.07803,0.07902,-55.94256,-2237.00000
0.75327,0.74340,0.74768,0.74735,0.74998,0.30432,0.30662,0.30728,0.30366,0.30563,0.07869,0.07902,0.07277,0.07935,0.07770,-56.14511,-2236.00000
0.74636,0.74439,0.74242,0.74603,0.74702,0.30465,0.30465,0.30596,0.30267,0.30563,0.07705,0.08099,0.07507,0.07573,0.07705,-56.14511,-2235.00000
0.74077,0.75228,0.74998,0.74735,0.74669,0.30761,0.30267,0.29708,0.30498,0.30366,0.07803,0.07540,0.07507,0.07606,0.07968,-56.16093,-2234.00000
0.74834,0.73781,0.75064,0.74702,0.74965,0.30761,0.30136,0.30596,0.30530,0.30136,0.07211,0.07474,0.07310,0.07770,0.07836,-56.16093,-2233.00000
0.74307,0.74636,0.75031,0.74702,0.74669,0.30465,0.30234,0.30399,0.30234,0.30563,0.07968,0.07836,0.08066,0.07902,0.07507,-56.23965,-2232.00000
0.74932,0.74768,0.74932,0.74636,0.74439,0.30169,0.30070,0.30662,0.30432,0.30596,0.07507,0.07869,0.07442,0.07935,0.08066,-56.23965,-2231.00000
0.75228,0.74834,0.74932,0.74274,0.75031,0.30202,0.30103,0.30695,0.29873,0.30366,0.07507,0.07672,0.07573,0.07606,0.07803,-55.92988,-2230.00000
0.75162,0.74274,0.75162,0.75491,0.74603,0.30234,0.30498,0.30530,0.30530,0.30267,0.07606,0.07705,0.07376,0.07738,0.07968,-55.92988,-2229.00000
0.74702,0.74011,0.74669,0.74044,0.73814,0.30629,0.30629,0.30399,0.30300,0.30366,0.07770,0.07968,0.07639,0.07705,0.07705,-56.26572,-2228.00000
0.74702,0.75031,0.75097,0.75130,0.74406,0.30070,0.30465,0.30498,0.30695,0.30300,0.07705,0.08066,0.07409,0.07540,0.07507,-56.26572,-2227.00000
0.74768,0.74274,0.74834,0.74866,0.74242,0.30366,0.30530,0.30465,0.30465,0.30300,0.07935,0.07803,0.07507,0.07836,0.07770,-55.30327,-2226.00000
0.74242,0.75097,0.74274,0.74242,0.74570,0.30662,0.30596,0.30399,0.30234,0.30662,0.07573,0.07869,0.07211,0.07639,0.07310,-55.30327,-2225.00000
0.74965,0.74373,0.74570,0.74998,0.74866,0.30498,0.30399,0.30333,0.30728,0.30498,0.07968,0.07442,0.07573,0.07902,0.07836,-55.11013,-2224.00000
0.74834,0.74768,0.74636,0.74406,0.74538,0.30432,0.30169,0.30662,0.30399,0.30366,0.07672,0.07705,0.07803,0.07606,0.07573,-55.11013,-2223.00000
0.74439,0.74899,0.75195,0.74538,0.74899,0.30267,0.30530,0.30629,0.30366,0.30629,0.07770,0.07639,0.07409,0.07869,0.07573,-54.13221,-2222.00000
0.74669,0.74570,0.74669,0.74998,0.75261,0.30300,0.30037,0.30498,0.30662,0.30695,0.07672,0.07606,0.07836,0.07606,0.07573,-54.13221,-2221.00000
0.74472,0.74834,0.74998,0.74143,0.75097,0.30037,0.30498,0.30695,0.30563,0.30695,0.07705,0.08001,0.07836,0.08165,0.07442,-53.55781,-2220.00000
0.74209,0.74899,0.74866,0.74998,0.74373,0.30563,0.30826,0.30596,0.30267,0.30465,0.07573,0.07738,0.07672,0.07705,0.07770,-53.55781,-2219.00000
0.74932,0.75228,0.74176,0.74603,0.74702,0.30399,0.30826,0.30629,0.30136,0.30300,0.07705,0.07376,0.07639,0.07573,0.07770,-53.68564,-2218.00000
0.74176,0.74603,0.75064,0.74176,0.74209,0.30399,0.30432,0.30596,0.30234,0.30202,0.07672,0.07442,0.08001,0.07573,0.07705,-53.68564,-2217.00000
0.74801,0.74044,0.74406,0.73715,0.74603,0.30234,0.30267,0.30103,0.30695,0.30662,0.08165,0.07836,0.07935,0.07540,0.07968,-53.60307,-2216.00000
0.74932,0.74307,0.74636,0.74340,0.75195,0.30498,0.30234,0.30728,0.30234,0.30234,0.07902,0.07935,0.07803,0.07803,0.07540,-53.60307,-2215.00000
0.74768,0.73913,0.74965,0.75031,0.73978,0.30794,0.30103,0.30563,0.30300,0.30366,0.07540,0.07639,0.07803,0.07869,0.08165,-52.00417,-2214.00000
0.74143,0.74603,0.74899,0.74406,0.74735,0.30498,0.30465,0.30432,0.30300,0.30728,0.07935,0.07639,0.07935,0.07836,0.07343,-52.00417,-2213.00000
0.74274,0.74636,0.74505,0.74603,0.74044,0.30498,0.30596,0.30695,0.30596,0.30761,0.07705,0.08132,0.07968,0.07770,0.08099,-54.75453,-2212.00000
0.74307,0.75097,0.74702,0.74866,0.74538,0.30728,0.30662,0.30826,0.30234,0.30267,0.07573,0.07705,0.07310,0.07540,0.07573,-54.75453,-2211.00000
0.73518,0.74735,0.74274,0.74965,0.74965,0.30333,0.30629,0.30596,0.30958,0.30629,0.07738,0.07606,0.07738,0.07672,0.07770,-54.87482,-2210.00000
0.74603,0.74209,0.74702,0.74143,0.73649,0.30202,0.30530,0.30103,0.30629,0.30465,0.07770,0.07803,0.07770,0.08066,0.07869,-54.87482,-2209.00000
0.74603,0.73946,0.74834,0.74834,0.75031,0.30202,0.30202,0.30695,0.30498,0.30695,0.07507,0.07738,0.08099,0.07606,0.07770,-55.04483,-2208.00000
0.74505,0.75064,0.74307,0.74965,0.73978,0.30629,0.30333,0.30629,0.30037,0.30826,0.07672,0.07409,0.07705,0.07770,0.07902,-55.04483,-2207.00000
0.74505,0.73913,0.74472,0.74143,0.74242,0.30366,0.30136,0.30596,0.30563,0.30530,0.07869,0.07672,0.07935,0.07770,0.07738,-55.78658,-2206.00000
0.74077,0.74274,0.74998,0.74176,0.74472,0.30300,0.30136,0.30169,0.30366,0.30465,0.07836,0.07803,0.07738,0.07705,0.07770,-55.78658,-2205.00000
0.74603,0.75031,0.74077,0.74932,0.74801,0.30596,0.30432,0.30234,0.30596,0.30465,0.08034,0.07310,0.07902,0.07869,0.07376,-55.76926,-2204.00000
0.74834,0.73847,0.74538,0.74307,0.74899,0.29873,0.30629,0.30202,0.30465,0.30366,0.07442,0.07836,0.07869,0.07803,0.07376,-55.76926,-2203.00000
0.74932,0.74932,0.74735,0.74143,0.74472,0.30202,0.30399,0.30333,0.30432,0.30530,0.07639,0.07869,0.07836,0.07606,0.07869,-55.49938,-2202.00000
0.75031,0.73880,0.74965,0.74439,0.75031,0.29938,0.30432,0.30366,0.30366,0.30202,0.07409,0.07343,0.07442,0.07573,0.07968,-55.49938,-2201.00000
0.74669,0.75228,0.74242,0.74505,0.74472,0.30629,0.30103,0.30234,0.30465,0.30103,0.07770,0.07672,0.07705,0.07803,0.07770,-55.82830,-2200.00000
0.74636,0.74834,0.74998,0.74143,0.74735,0.30530,0.30662,0.30103,0.30432,0.30366,0.07770,0.07442,0.07770,0.08001,0.07935,-55.82830,-2199.00000
0.74801,0.75031,0.74143,0.74735,0.74669,0.30728,0.30629,0.30333,0.30530,0.30399,0.07935,0.07376,0.07836,0.07442,0.07573,-55.49960,-2198.00000
0.74011,0.74505,0.74011,0.74274,0.74242,0.30333,0.29840,0.30202,0.30103,0.30596,0.07902,0.08066,0.07507,0.07507,0.07573,-55.49960,-2197.00000
0.74242,0.73880,0.74472,0.75261,0.73946,0.30629,0.30004,0.30202,0.30563,0.30991,0.07803,0.07803,0.07573,0.07968,0.07507,-55.89921,-2196.00000
0.74209,0.74274,0.73978,0.75097,0.74077,0.30333,0.30004,0.30267,0.30596,0.30333,0.07639,0.07639,0.08132,0.07310,0.07705,-55.89921,-2195.00000
0.74570,0.74603,0.74077,0.73814,0.74702,0.30300,0.30333,0.30333,0.30366,0.30498,0.07507,0.07705,0.07409,0.07935,0.07836,-55.52529,-2194.00000
0.74801,0.74472,0.74603,0.74669,0.74340,0.30826,0.29741,0.31122,0.29938,0.30300,0.07639,0.07442,0.07705,0.07639,0.07836,-55.52529,-2193.00000
0.74538,0.74866,0.74603,0.74538,0.74373,0.30563,0.30366,0.30794,0.30498,0.30169,0.07902,0.08066,0.07409,0.08001,0.07507,-55.85835,-2192.00000
0.74472,0.74834,0.74998,0.74472,0.74406,0.29906,0.30794,0.30563,0.30728,0.30563,0.07540,0.07705,0.07507,0.07474,0.07606,-55.85835,-2191.00000
0.74570,0.74077,0.74801,0.74472,0.74472,0.30498,0.30596,0.30465,0.30432,0.30202,0.07869,0.07376,0.08001,0.07770,0.07343,-56.89890,-2190.00000
0.75524,0.73715,0.74406,0.74801,0.74538,0.30530,0.30695,0.30662,0.30498,0.30498,0.07606,0.07606,0.07705,0.07442,0.07442,-56.89890,-2189.00000
0.74636,0.75327,0.74307,0.74538,0.74801,0.30432,0.30465,0.30333,0.30103,0.30629,0.07606,0.07836,0.07672,0.07902,0.07540,-55.56859,-2188.00000
0.75031,0.74932,0.74209,0.74143,0.74735,0.30432,0.30695,0.30530,0.30333,0.30498,0.08034,0.07277,0.07376,0.07474,0.07639,-55.56859,-2187.00000
0.74570,0.74307,0.74965,0.74373,0.74669,0.30234,0.30366,0.30300,0.30169,0.30498,0.07705,0.07606,0.07606,0.07803,0.07606,-55.24767,-2186.00000
0.74768,0.74340,0.74538,0.74866,0.73978,0.30399,0.30662,0.30662,0.30465,0.30662,0.07606,0.08001,0.07507,0.07606,0.07606,-55.24767,-2185.00000
0.74702,0.74242,0.74242,0.74735,0.75195,0.30530,0.30333,0.30136,0.30300,0.30234,0.07770,0.07770,0.07442,0.07376,0.07507,-55.02618,-2184.00000
0.74998,0.74044,0.75031,0.74439,0.75130,0.30333,0.30333,0.30103,0.30596,0.30037,0.07474,0.07540,0.07639,0.07968,0.07639,-55.02618,-2183.00000
0.74209,0.75031,0.74373,0.74899,0.74669,0.30794,0.30399,0.31024,0.30892,0.30136,0.07573,0.07968,0.08034,0.07146,0.07770,-54.87637,-2182.00000
0.74209,0.74834,0.74209,0.74209,0.74603,0.30432,0.30267,0.30070,0.30202,0.30728,0.07606,0.07277,0.07836,0.07343,0.07803,-54.87637,-2181.00000
0.74899,0.73748,0.74439,0.74669,0.75162,0.30465,0.30465,0.30136,0.30366,0.30234,0.07376,0.07606,0.08066,0.07507,0.08264,-55.30928,-2180.00000
0.73715,0.74209,0.74669,0.74274,0.74538,0.30794,0.30596,0.30037,0.30366,0.30300,0.07770,0.07803,0.07573,0.07376,0.07540,-55.30928,-2179.00000
0.74702,0.74439,0.74538,0.74373,0.74866,0.30530,0.30202,0.30432,0.30432,0.30169,0.08001,0.07639,0.07474,0.08132,0.07376,-55.59409,-2178.00000
0.74472,0.74505,0.74702,0.74932,0.74570,0.30169,0.30070,0.30498,0.30892,0.30136,0.07376,0.07738,0.07836,0.07343,0.07639,-55.59409,-2177.00000
0.74735,0.74209,0.75228,0.74834,0.74702,0.30892,0.30629,0.30037,0.30070,0.30234,0.07968,0.07672,0.07770,0.07573,0.07803,-56.36882,-2176.00000
0.74176,0.75130,0.74735,0.74472,0.74669,0.30761,0.30530,0.30432,0.30234,0.30136,0.07573,0.07310,0.07540,0.07409,0.07540,-56.36882,-2175.00000
0.74735,0.74801,0.74866,0.74373,0.75162,0.30366,0.30366,0.30761,0.30202,0.30794,0.07672,0.07343,0.07672,0.07113,0.07705,-56.05306,-2174.00000
0.73946,0.74801,0.74801,0.74570,0.74307,0.30366,0.30136,0.30333,0.30267,0.30234,0.07540,0.07573,0.07672,0.07474,0.07705,-56.05306,-2173.00000
0.74406,0.74406,0.75097,0.74965,0.74669,0.30070,0.30103,0.30169,0.30037,0.30629,0.07639,0.07705,0.07606,0.07672,0.07442,-56.01237,-2172.00000
0.74077,0.74373,0.75426,0.75722,0.74801,0.30333,0.30465,0.30399,0.30498,0.30300,0.07343,0.07540,0.07540,0.07902,0.07474,-56.01237,-2171.00000
0.74274,0.74636,0.74866,0.74768,0.74801,0.30695,0.30432,0.30366,0.30333,0.30596,0.07639,0.07409,0.07705,0.07672,0.07672,-56.01888,-2170.00000
0.74998,0.74603,0.75228,0.74735,0.74209,0.30300,0.30333,0.30333,0.30169,0.30826,0.07442,0.07507,0.07803,0.07705,0.07836,-56.01888,-2169.00000
0.74472,0.74373,0.75195,0.74011,0.74110,0.29873,0.30629,0.30169,0.30629,0.30629,0.07836,0.07540,0.07376,0.07672,0.07606,-56.31022,-2168.00000
0.74439,0.74340,0.74406,0.75458,0.74472,0.30136,0.30267,0.30728,0.30333,0.29906,0.07376,0.07507,0.07474,0.07639,0.07573,-56.31022,-2167.00000
0.74570,0.74077,0.74538,0.75228,0.74669,0.30498,0.30366,0.30399,0.30333,0.30366,0.07639,0.07935,0.07639,0.07770,0.07540,-56.44857,-2166.00000
0.74307,0.74636,0.73880,0.74538,0.74242,0.30465,0.30366,0.30859,0.30366,0.30761,0.07376,0.07409,0.07573,0.07507,0.07409,-56.44857,-2165.00000
0.74735,0.74866,0.74866,0.74209,0.74636,0.30103,0.30465,0.30169,0.30136,0.30202,0.07935,0.07639,0.07507,0.07836,0.07935,-56.08805,-2164.00000
0.74110,0.75228,0.73781,0.74439,0.74505,0.30563,0.30498,0.30498,0.29971,0.30596,0.08034,0.07672,0.07770,0.07803,0.07705,-56.08805,-2163.00000
0.75360,0.74406,0.74472,0.74636,0.74735,0.30563,0.30465,0.30530,0.30563,0.30366,0.07902,0.07606,0.08034,0.07376,0.07770,-56.29598,-2162.00000
0.74505,0.73946,0.74603,0.73814,0.74669,0.30399,0.30826,0.30202,0.30267,0.30333,0.07639,0.07738,0.08099,0.07507,0.07672,-56.29598,-2161.00000
0.74603,0.74636,0.74373,0.74242,0.74570,0.30169,0.30432,0.30136,0.30530,0.30728,0.07770,0.07705,0.07803,0.08066,0.07836,-56.28520,-2160.00000
0.75228,0.74834,0.74340,0.74373,0.75130,0.30728,0.30432,0.30037,0.30267,0.30333,0.07738,0.07540,0.07639,0.07705,0.07639,-56.28520,-2159.00000
0.75130,0.74274,0.74307,0.74373,0.74866,0.30234,0.30629,0.30366,0.30695,0.30300,0.07738,0.07968,0.07770,0.07442,0.07705,-55.74270,-2158.00000
0.74439,0.75064,0.74538,0.73946,0.74834,0.30563,0.30629,0.30498,0.29938,0.30563,0.07277,0.07902,0.07770,0.07836,0.07738,-55.74270,-2157.00000
0.74373,0.75886,0.74176,0.74209,0.74439,0.30234,0.30169,0.30596,0.30267,0.30202,0.07606,0.07606,0.07705,0.07540,0.07902,-56.18434,-2156.00000
0.74472,0.74834,0.74669,0.74242,0.74603,0.30169,0.30169,0.29840,0.30728,0.30202,0.07705,0.07803,0.07343,0.07343,0.08034,-56.18434,-2155.00000
0.74505,0.75195,0.74307,0.74801,0.74340,0.30366,0.30267,0.30399,0.30333,0.29708,0.07803,0.07738,0.07836,0.07409,0.07803,-55.99256,-2154.00000
0.74439,0.74406,0.74834,0.74340,0.75162,0.30399,0.30695,0.30169,0.30333,0.30563,0.07376,0.07770,0.07738,0.07507,0.07573,-55.99256,-2153.00000
0.74702,0.74209,0.74143,0.74965,0.74834,0.30465,0.30399,0.30432,0.30300,0.30136,0.07507,0.07672,0.07770,0.07770,0.07277,-56.03339,-2152.00000
0.74538,0.74669,0.74373,0.74307,0.75228,0.30234,0.30399,0.30333,0.30498,0.30267,0.07540,0.07836,0.07442,0.07639,0.07935,-56.03339,-2151.00000
0.74735,0.74899,0.74242,0.74603,0.74834,0.30267,0.30234,0.30859,0.30267,0.30366,0.07310,0.07606,0.08066,0.07770,0.07738,-56.04160,-2150.00000
0.74307,0.74866,0.74439,0.73978,0.73978,0.30366,0.30300,0.29873,0.30859,0.30530,0.07507,0.07803,0.07639,0.07277,0.07770,-56.04160,-2149.00000
0.75360,0.74472,0.74735,0.74439,0.75360,0.30234,0.30662,0.30498,0.30530,0.30037,0.07803,0.07968,0.07277,0.07573,0.07902,-55.80156,-2148.00000
0.74340,0.74274,0.74439,0.74505,0.74274,0.30103,0.30563,0.30366,0.30234,0.30596,0.07277,0.07803,0.07803,0.07474,0.07573,-55.80156,-2147.00000
0.74570,0.74603,0.74932,0.74406,0.74373,0.30267,0.30004,0.30366,0.30662,0.30300,0.07442,0.07770,0.07376,0.07770,0.07639,-56.20644,-2146.00000
0.74866,0.74176,0.74866,0.74373,0.74373,0.30366,0.30169,0.30695,0.30070,0.30826,0.07836,0.07639,0.07770,0.07770,0.07277,-56.20644,-2145.00000
0.74570,0.74998,0.73946,0.74340,0.74834,0.30366,0.30366,0.30202,0.30169,0.30202,0.07738,0.07639,0.07869,0.07738,0.07770,-56.25508,-2144.00000
0.74011,0.74801,0.74176,0.74570,0.75097,0.30662,0.30004,0.30202,0.30169,0.30432,0.07343,0.07639,0.07672,0.07672,0.07705,-56.25508,-2143.00000
0.73814,0.74044,0.74932,0.74866,0.73847,0.30300,0.30300,0.30136,0.30202,0.30892,0.08001,0.07606,0.07935,0.07376,0.07935,-56.61875,-2142.00000
0.74669,0.74669,0.74439,0.74603,0.74998,0.30366,0.30136,0.29807,0.30498,0.30695,0.07639,0.07836,0.07606,0.07705,0.07738,-56.61875,-2141.00000
0.74505,0.74636,0.74373,0.74801,0.74439,0.30333,0.30498,0.30267,0.30498,0.30234,0.07836,0.07507,0.07738,0.07442,0.07474,-56.50518,-2140.00000
0.74570,0.74242,0.74274,0.74801,0.75228,0.30596,0.30037,0.30695,0.30103,0.30103,0.07573,0.07474,0.07606,0.07705,0.07080,-56.50518,-2139.00000
0.74538,0.74406,0.74998,0.75097,0.74505,0.30300,0.30465,0.30234,0.30136,0.30629,0.07738,0.07672,0.07540,0.07770,0.08231,-55.63540,-2138.00000
0.74834,0.74472,0.74866,0.74899,0.74439,0.30202,0.30530,0.30267,0.30399,0.30728,0.07738,0.07803,0.07474,0.07606,0.07606,-55.63540,-2137.00000
0.74932,0.73946,0.74932,0.74768,0.74834,0.31090,0.30234,0.30333,0.30432,0.30498,0.07507,0.07968,0.07540,0.07639,0.07836,-56.03547,-2136.00000
0.74439,0.74636,0.74801,0.74899,0.74669,0.30662,0.30202,0.30267,0.30596,0.30695,0.07935,0.07507,0.07442,0.07672,0.08001,-56.21598,-2135.00000
0.74636,0.73978,0.74307,0.75689,0.73946,0.30366,0.30728,0.30366,0.30925,0.30892,0.07573,0.07442,0.07770,0.07573,0.07836,-56.21598,-2134.00000
0.75064,0.74077,0.74603,0.74209,0.74242,0.30267,0.30267,0.30037,0.30629,0.30333,0.08034,0.07902,0.07672,0.07738,0.07343,-56.03768,-2133.00000
0.74603,0.75458,0.74538,0.73978,0.74965,0.30300,0.30136,0.30234,0.30169,0.30300,0.07442,0.07705,0.08132,0.07738,0.07738,-56.03768,-2132.00000
0.75162,0.75458,0.74538,0.74570,0.74669,0.30234,0.30530,0.30300,0.30465,0.30695,0.07836,0.07770,0.07409,0.07968,0.07442,-55.91923,-2131.00000
0.74340,0.75623,0.74965,0.74538,0.74472,0.30004,0.30202,0.30399,0.30498,0.30399,0.07474,0.07376,0.07803,0.07803,0.07409,-55.91923,-2130.00000
0.74176,0.74965,0.75294,0.74439,0.75031,0.30366,0.30070,0.30169,0.30629,0.30004,0.07770,0.08001,0.07606,0.07540,0.07540,-56.08217,-2129.00000
0.74439,0.74439,0.74965,0.75064,0.74866,0.30004,0.30695,0.30267,0.30761,0.30498,0.07343,0.07869,0.08132,0.07474,0.07540,-56.08217,-2128.00000
0.74702,0.73946,0.74834,0.74801,0.73781,0.30234,0.30728,0.30267,0.30366,0.30761,0.07770,0.07935,0.07573,0.07409,0.07672,-56.02693,-2127.00000
0.74834,0.73715,0.73518,0.74768,0.74735,0.30202,0.30596,0.30563,0.30103,0.30695,0.07442,0.07738,0.07836,0.07869,0.07573,-56.02693,-2126.00000
0.74866,0.74834,0.74899,0.74570,0.74340,0.30267,0.30498,0.30530,0.30399,0.30169,0.07376,0.07507,0.08034,0.07672,0.07606,-55.83817,-2125.00000
0.75195,0.74274,0.74768,0.74472,0.74077,0.30629,0.30530,0.30925,0.30234,0.30300,0.07507,0.07705,0.07705,0.07442,0.07705,-55.83817,-2124.00000
0.75031,0.74603,0.75064,0.74768,0.74866,0.30037,0.30859,0.30530,0.30563,0.30761,0.07705,0.07672,0.07573,0.07442,0.07869,-56.65444,-2123.00000
0.74110,0.73880,0.74472,0.74209,0.74866,0.30761,0.30761,0.29873,0.30596,0.30465,0.07935,0.07935,0.07639,0.07639,0.07968,-56.65444,-2122.00000
0.74176,0.74044,0.74636,0.74274,0.74702,0.30498,0.30070,0.30629,0.30498,0.30004,0.07343,0.07540,0.07672,0.07540,0.07639,-55.81257,-2121.00000
0.74274,0.74505,0.73913,0.74143,0.74834,0.30202,0.30300,0.30070,0.30366,0.30432,0.07474,0.07474,0.07770,0.07705,0.07803,-55.81257,-2120.00000
0.74801,0.74735,0.73518,0.74439,0.74834,0.30169,0.29971,0.30004,0.30267,0.30103,0.07409,0.07770,0.07540,0.07869,0.07803,-54.97660,-2119.00000
0.74636,0.74472,0.74044,0.74044,0.74307,0.30103,0.30366,0.30136,0.29906,0.30202,0.07277,0.07474,0.07705,0.07211,0.07409,-54.97660,-2118.00000
0.74702,0.74439,0.74603,0.74209,0.74373,0.30234,0.30399,0.30498,0.30498,0.30267,0.07442,0.07474,0.07606,0.07507,0.07606,-52.55910,-2117.00000
0.74373,0.74176,0.74866,0.74143,0.74110,0.30169,0.30366,0.30202,0.30530,0.30300,0.07606,0.07902,0.07738,0.07639,0.07639,-52.55910,-2116.00000
0.74242,0.74669,0.73715,0.73551,0.73781,0.29807,0.30794,0.30794,0.30432,0.30136,0.07836,0.07672,0.07507,0.07573,0.07244,-52.65406,-2115.00000
0.74110,0.74406,0.75130,0.74340,0.74801,0.30465,0.30169,0.30169,0.30859,0.30465,0.07277,0.07507,0.07376,0.06915,0.08066,-52.65406,-2114.00000
0.75031,0.74505,0.74603,0.74373,0.74636,0.30498,0.30432,0.30728,0.30366,0.29971,0.07639,0.07902,0.07474,0.07869,0.07606,-53.18982,-2113.00000
0.74077,0.74439,0.75031,0.74505,0.74406,0.30399,0.30300,0.30695,0.30169,0.30958,0.07639,0.07310,0.07705,0.07770,0.07836,-53.18982,-2112.00000
0.74538,0.74965,0.74570,0.74176,0.74505,0.30136,0.30629,0.30399,0.31122,0.30432,0.07869,0.07803,0.07672,0.07770,0.07606,-54.00458,-2111.00000
0.75130,0.74209,0.74636,0.74834,0.75064,0.30366,0.30826,0.30629,0.30498,0.30530,0.07146,0.07376,0.07606,0.07343,0.07935,-54.00458,-2110.00000
0.74735,0.74801,0.74834,0.74538,0.74307,0.30662,0.30300,0.30498,0.30333,0.30300,0.07902,0.07935,0.07705,0.07836,0.07376,-54.42172,-2109.00000
0.75162,0.74603,0.75064,0.75097,0.74768,0.30826,0.30662,0.30859,0.30202,0.30465,0.07738,0.07738,0.07573,0.07409,0.07606,-54.42172,-2108.00000
0.74768,0.74669,0.74768,0.75130,0.74373,0.30695,0.30267,0.30761,0.29971,0.30267,0.07803,0.07507,0.07869,0.07507,0.08034,-54.00285,-2107.00000
0.74768,0.74307,0.74176,0.74702,0.74866,0.30169,0.30563,0.30563,0.30399,0.30004,0.07540,0.07507,0.07343,0.08132,0.07836,-54.00285,-2106.00000
0.74669,0.74768,0.74439,0.75097,0.74735,0.30432,0.30563,0.30300,0.30563,0.30596,0.07606,0.07573,0.07639,0.07606,0.07606,-55.45846,-2105.00000
0.74636,0.75064,0.74702,0.74834,0.74932,0.30267,0.30629,0.30300,0.30136,0.30629,0.07705,0.07705,0.07935,0.07672,0.07573,-55.45846,-2104.00000
0.74636,0.74538,0.75097,0.75393,0.74538,0.30498,0.30169,0.30432,0.30136,0.30333,0.07705,0.07738,0.07935,0.07442,0.07935,-55.49534,-2103.00000
0.74735,0.74340,0.74472,0.74899,0.74439,0.30859,0.30596,0.30136,0.30037,0.30333,0.07803,0.07672,0.07474,0.07507,0.07803,-55.49534,-2102.00000
0.74636,0.74307,0.75294,0.74439,0.74899,0.29938,0.30530,0.30300,0.30037,0.30399,0.07803,0.07442,0.07968,0.07968,0.07869,-55.19396,-2101.00000
0.74603,0.74538,0.75031,0.74209,0.75064,0.30662,0.30202,0.30300,0.30234,0.30794,0.07738,0.07507,0.07442,0.07869,0.07639,-55.19396,-2100.00000
0.74866,0.74570,0.74735,0.74603,0.74307,0.30498,0.30465,0.30267,0.30202,0.30136,0.07442,0.07705,0.07738,0.07409,0.07277,-55.72442,-2099.00000
0.74603,0.74373,0.74834,0.74932,0.74834,0.30629,0.30366,0.30366,0.30037,0.30530,0.07606,0.07639,0.07639,0.07507,0.07738,-55.72442,-2098.00000
0.74307,0.74932,0.74801,0.74176,0.73715,0.30103,0.30465,0.30530,0.30169,0.30925,0.08165,0.07770,0.07540,0.07770,0.07376,-55.29385,-2097.00000
0.74570,0.74636,0.74834,0.74570,0.74110,0.30267,0.30136,0.30498,0.30300,0.30300,0.07606,0.07672,0.07474,0.08001,0.07507,-55.29385,-2096.00000
0.74538,0.74801,0.74143,0.74472,0.74538,0.30366,0.29906,0.30202,0.29971,0.30498,0.07639,0.07902,0.07968,0.07836,0.07540,-56.06734,-2095.00000
0.74472,0.74899,0.74932,0.74735,0.74044,0.30695,0.30465,0.30695,0.30267,0.30103,0.07573,0.07310,0.07738,0.07507,0.07507,-56.06734,-2094.00000
0.74406,0.74603,0.74077,0.74176,0.74406,0.30761,0.29708,0.30267,0.30695,0.30234,0.07770,0.07540,0.07507,0.07672,0.07409,-55.20896,-2093.00000
0.74899,0.74439,0.73518,0.75097,0.74669,0.30399,0.30826,0.30695,0.30169,0.30202,0.07705,0.07442,0.07442,0.07639,0.07803,-55.20896,-2092.00000
0.74209,0.75031,0.74274,0.74801,0.74110,0.30432,0.30596,0.30596,0.30465,0.30498,0.07573,0.07573,0.07343,0.07442,0.07639,-55.87596,-2091.00000
0.74801,0.74636,0.74538,0.74570,0.74801,0.30629,0.30530,0.30859,0.30234,0.30399,0.07705,0.07902,0.07507,0.07738,0.07540,-55.87596,-2090.00000
0.75360,0.74176,0.74965,0.74669,0.74538,0.30070,0.30333,0.29774,0.30234,0.30234,0.07770,0.07639,0.07442,0.07507,0.07507,-55.95068,-2089.00000
0.74505,0.75031,0.74274,0.74735,0.74077,0.30596,0.30267,0.30070,0.29774,0.30202,0.07639,0.07606,0.07310,0.07442,0.07639,-55.95068,-2088.00000
0.74472,0.74570,0.74636,0.74209,0.74768,0.30399,0.30728,0.30399,0.30103,0.30366,0.07869,0.07672,0.07606,0.07573,0.07343,-55.69262,-2087.00000
0.74669,0.74176,0.74636,0.74899,0.74373,0.30498,0.30333,0.30563,0.30004,0.30432,0.07409,0.07540,0.07376,0.07244,0.07277,-55.69262,-2086.00000
0.74998,0.74340,0.74373,0.74899,0.74439,0.29938,0.30530,0.30103,0.30366,0.30267,0.07803,0.07277,0.07409,0.07705,0.07902,-56.44494,-2085.00000
0.74866,0.74472,0.74373,0.75327,0.74242,0.30465,0.30826,0.30629,0.29774,0.30596,0.07738,0.07310,0.07573,0.07672,0.07770,-56.44494,-2084.00000
0.74340,0.74077,0.74735,0.74373,0.74472,0.30662,0.30333,0.30498,0.30366,0.30103,0.07902,0.07376,0.07080,0.07606,0.07606,-56.06671,-2083.00000
0.74768,0.73584,0.74636,0.74439,0.74209,0.30103,0.30070,0.30366,0.30465,0.30267,0.07540,0.07244,0.07507,0.07507,0.07376,-56.06671,-2082.00000
0.74932,0.74636,0.74603,0.74768,0.74011,0.30366,0.30267,0.29938,0.30136,0.30300,0.07409,0.07409,0.07540,0.07573,0.07343,-55.68472,-2081.00000
0.74636,0.74143,0.74702,0.74538,0.74143,0.30169,0.29807,0.30432,0.30596,0.30563,0.07803,0.07540,0.07836,0.07606,0.07442,-55.68472,-2080.00000
0.74242,0.74570,0.75097,0.74965,0.74965,0.30300,0.30004,0.30103,0.30399,0.30465,0.07770,0.07442,0.07178,0.07178,0.07409,-55.32283,-2079.00000
0.74472,0.74702,0.74768,0.74340,0.74669,0.30859,0.30530,0.30563,0.30695,0.30399,0.07244,0.07474,0.07507,0.07540,0.07244,-55.32283,-2078.00000
0.74340,0.74702,0.74866,0.74735,0.74866,0.30300,0.30267,0.30399,0.30498,0.30333,0.07672,0.07672,0.07606,0.07474,0.07409,-54.73417,-2077.00000
0.74472,0.74636,0.74307,0.74866,0.74077,0.30300,0.30399,0.30070,0.30300,0.30333,0.07902,0.07442,0.07178,0.07113,0.07705,-54.73417,-2076.00000
0.74209,0.74702,0.74636,0.74866,0.74406,0.29906,0.30070,0.30465,0.30498,0.30103,0.07606,0.07376,0.07376,0.07376,0.07540,-54.80361,-2075.00000
0.74603,0.74011,0.74406,0.74768,0.74998,0.30267,0.30366,0.30366,0.30169,0.30596,0.07277,0.07113,0.07902,0.07770,0.07244,-54.80361,-2074.00000
0.74603,0.74439,0.74570,0.74702,0.75360,0.30136,0.30300,0.30234,0.30169,0.29873,0.07869,0.07244,0.07573,0.07803,0.07606,-54.57954,-2073.00000
0.74702,0.74439,0.74274,0.74242,0.74603,0.30498,0.30136,0.30004,0.30333,0.30202,0.07540,0.07836,0.07113,0.07540,0.07507,-54.57954,-2072.00000
0.74373,0.74176,0.74406,0.73913,0.74603,0.30498,0.30662,0.30498,0.30498,0.30432,0.07540,0.07738,0.07770,0.07639,0.07113,-55.70041,-2071.00000
0.74044,0.74702,0.74242,0.74242,0.74373,0.30662,0.30103,0.30103,0.30596,0.30794,0.07869,0.07343,0.07540,0.07211,0.07770,-55.70041,-2070.00000
0.74505,0.74603,0.74603,0.74768,0.74340,0.30333,0.30267,0.30300,0.30300,0.30300,0.07573,0.07639,0.07310,0.07376,0.07343,-55.55284,-2069.00000
0.73649,0.75064,0.75064,0.74505,0.74406,0.30596,0.30432,0.30070,0.30267,0.30136,0.07705,0.07770,0.07442,0.07639,0.07277,-55.55284,-2068.00000
0.74472,0.74044,0.74472,0.74209,0.74965,0.30465,0.29840,0.30563,0.30432,0.30563,0.07606,0.07376,0.07770,0.07902,0.07803,-54.94683,-2067.00000
0.73978,0.74242,0.74603,0.74373,0.74538,0.30300,0.29741,0.29642,0.30202,0.30169,0.07409,0.07409,0.07474,0.07573,0.07573,-54.94683,-2066.00000
0.73880,0.74406,0.74636,0.74242,0.74209,0.30399,0.30267,0.30267,0.30761,0.30662,0.08034,0.07803,0.07573,0.07080,0.07310,-55.36160,-2065.00000
0.73880,0.74603,0.74570,0.74570,0.74176,0.30202,0.30169,0.30267,0.30530,0.30366,0.07474,0.07376,0.07672,0.07409,0.07310,-55.36160,-2064.00000
0.74636,0.73748,0.74176,0.73946,0.74110,0.30333,0.30859,0.30234,0.30728,0.30300,0.07409,0.07573,0.07474,0.07507,0.07244,-55.17348,-2063.00000
0.74209,0.74603,0.74143,0.74472,0.74538,0.29971,0.30366,0.30530,0.30202,0.30432,0.07409,0.07409,0.07507,0.07047,0.07211,-55.17348,-2062.00000
0.74472,0.73452,0.74899,0.73880,0.74044,0.30399,0.30498,0.30629,0.30662,0.30169,0.07442,0.07474,0.07672,0.07442,0.07606,-54.95002,-2061.00000
0.74472,0.73946,0.74439,0.74307,0.74702,0.30728,0.30498,0.30333,0.30202,0.30563,0.07409,0.07705,0.07540,0.07836,0.07146,-54.95002,-2060.00000
0.74340,0.74603,0.74110,0.74242,0.73847,0.30366,0.30432,0.30596,0.30563,0.30530,0.07705,0.07343,0.07211,0.07474,0.07277,-55.29239,-2059.00000
0.74636,0.74472,0.73781,0.73847,0.74209,0.30563,0.30234,0.30300,0.30563,0.30366,0.07507,0.07639,0.07211,0.07178,0.07540,-55.29239,-2058.00000
0.74834,0.74242,0.73946,0.74340,0.74406,0.30300,0.30136,0.30103,0.30530,0.30399,0.07705,0.07540,0.07639,0.07409,0.07803,-55.53926,-2057.00000
0.74143,0.74636,0.74209,0.74110,0.74669,0.30300,0.30399,0.29938,0.29807,0.30103,0.07540,0.07409,0.07442,0.07606,0.07672,-55.53926,-2056.00000
0.74373,0.74176,0.74373,0.74307,0.74044,0.30366,0.30103,0.30136,0.30004,0.30399,0.07442,0.07573,0.07738,0.07705,0.07507,-56.33897,-2055.00000
0.75064,0.73847,0.73715,0.74242,0.74636,0.30234,0.30136,0.30004,0.30530,0.30169,0.07442,0.07902,0.07540,0.07573,0.07606,-56.33897,-2054.00000
0.74143,0.74439,0.73814,0.74340,0.74110,0.29938,0.30136,0.30465,0.30333,0.30169,0.07573,0.07738,0.07277,0.07705,0.07277,-56.52642,-2053.00000
0.73913,0.74538,0.74044,0.74209,0.74702,0.30202,0.30300,0.30498,0.30366,0.30136,0.07310,0.07409,0.07672,0.07146,0.07869,-56.52642,-2052.00000
0.73682,0.74603,0.74209,0.74242,0.74472,0.30136,0.30596,0.30300,0.30202,0.30300,0.07540,0.07376,0.07310,0.07409,0.07442,-56.01223,-2051.00000
0.73913,0.73913,0.74011,0.74307,0.74340,0.30103,0.30037,0.30103,0.30037,0.30563,0.07409,0.07178,0.07376,0.07573,0.07540,-56.01223,-2050.00000
0.74899,0.74834,0.74011,0.73814,0.74143,0.30136,0.30037,0.30366,0.30530,0.30465,0.07672,0.07178,0.07244,0.07705,0.07409,-56.33375,-2049.00000
0.74143,0.74143,0.74274,0.74603,0.74307,0.30004,0.30169,0.30563,0.30695,0.30169,0.07442,0.07573,0.07343,0.07178,0.07540,-56.33375,-2048.00000
0.74406,0.74176,0.74834,0.74340,0.74110,0.30563,0.30333,0.30695,0.30169,0.30498,0.07474,0.07606,0.07442,0.07343,0.07376,-55.82068,-2047.00000
0.74965,0.74801,0.73419,0.74110,0.74603,0.30399,0.30169,0.30728,0.30366,0.30366,0.06751,0.07803,0.07705,0.07442,0.07738,-55.82068,-2046.00000
0.74472,0.74899,0.74077,0.74143,0.73913,0.30728,0.30399,0.30070,0.30695,0.29873,0.07310,0.07244,0.07606,0.07409,0.07014,-56.26483,-2045.00000
0.74538,0.73946,0.74603,0.74077,0.74669,0.30300,0.30728,0.30136,0.30234,0.30070,0.07672,0.07803,0.07606,0.07310,0.07211,-56.26483,-2044.00000
0.74143,0.74143,0.74242,0.74176,0.75064,0.29906,0.30202,0.30202,0.30333,0.30300,0.07146,0.07080,0.07277,0.07211,0.07442,-56.20615,-2043.00000
0.74899,0.74932,0.74439,0.74176,0.73978,0.30629,0.30563,0.30530,0.30267,0.30267,0.07310,0.07409,0.07244,0.07310,0.07442,-56.20615,-2042.00000
0.74735,0.74505,0.74209,0.73847,0.74307,0.30169,0.30432,0.30136,0.30465,0.30695,0.07113,0.07573,0.07211,0.07113,0.07113,-55.17583,-2041.00000
0.74603,0.73946,0.74406,0.74307,0.73814,0.30169,0.30366,0.30366,0.30596,0.30498,0.07277,0.07244,0.07770,0.07442,0.07343,-55.17583,-2040.00000
0.74373,0.74636,0.74538,0.74570,0.74603,0.30530,0.30399,0.30333,0.30103,0.30169,0.07178,0.07507,0.07738,0.07014,0.07738,-54.37991,-2039.00000
0.74669,0.74735,0.74702,0.74274,0.74373,0.30596,0.30432,0.29938,0.30498,0.30037,0.07244,0.07244,0.07770,0.07409,0.07474,-54.37991,-2038.00000
0.74801,0.74439,0.74505,0.74439,0.74110,0.30530,0.29938,0.30103,0.30202,0.29840,0.07705,0.07573,0.07474,0.07474,0.07310,-54.88038,-2037.00000
0.74373,0.74307,0.74011,0.74011,0.73847,0.30563,0.30169,0.30432,0.30465,0.30202,0.07277,0.07113,0.07540,0.07178,0.07573,-54.88038,-2036.00000
0.73847,0.73978,0.73814,0.74570,0.74044,0.30432,0.30202,0.30037,0.30103,0.30366,0.07080,0.07014,0.07409,0.07244,0.07146,-55.66529,-2035.00000
0.74307,0.73814,0.74077,0.74538,0.74044,0.29675,0.30333,0.30234,0.30267,0.30892,0.07244,0.07507,0.07409,0.07507,0.07277,-55.66529,-2034.00000
0.73847,0.74242,0.74373,0.74274,0.73617,0.30728,0.30300,0.30563,0.30300,0.30234,0.07310,0.07836,0.07442,0.07310,0.07540,-55.49378,-2033.00000
0.74735,0.73584,0.74472,0.74176,0.74669,0.30234,0.30399,0.30596,0.30530,0.30498,0.07672,0.07902,0.07310,0.07672,0.07409,-55.49378,-2032.00000
0.74011,0.74505,0.74044,0.73978,0.74209,0.30004,0.30366,0.30004,0.30136,0.29938,0.07968,0.07606,0.07672,0.07244,0.07474,-55.54474,-2031.00000
0.74406,0.74176,0.74472,0.74636,0.73978,0.30004,0.30234,0.30300,0.30169,0.30399,0.07738,0.07902,0.07770,0.07409,0.07738,-55.54474,-2030.00000
0.73814,0.74373,0.74242,0.74274,0.73880,0.30070,0.30070,0.30432,0.30826,0.30004,0.07080,0.07639,0.07442,0.07178,0.07310,-55.32120,-2029.00000
0.74011,0.73715,0.74603,0.73978,0.74373,0.30300,0.29971,0.29938,0.30399,0.30103,0.07573,0.07869,0.07705,0.07606,0.07409,-55.32120,-2028.00000
0.74044,0.74406,0.74439,0.73649,0.74636,0.30432,0.30234,0.29741,0.30169,0.29807,0.07540,0.07639,0.07639,0.07211,0.07244,-55.98824,-2027.00000
0.74307,0.74439,0.73978,0.74242,0.73913,0.30794,0.30202,0.30629,0.29971,0.30596,0.07376,0.07639,0.07146,0.07639,0.07474,-55.98824,-2026.00000
0.74274,0.74209,0.73649,0.74011,0.74373,0.30465,0.30169,0.30498,0.30300,0.30333,0.07540,0.07606,0.07310,0.07606,0.07705,-56.26560,-2025.00000
0.74209,0.74472,0.74242,0.73880,0.74439,0.30202,0.30662,0.30136,0.30004,0.30432,0.07573,0.07672,0.07310,0.07277,0.07244,-56.26560,-2024.00000
0.74866,0.74044,0.73978,0.74669,0.74176,0.30530,0.30465,0.30037,0.30300,0.30004,0.07672,0.07146,0.07047,0.07705,0.07277,-56.12597,-2023.00000
0.74472,0.74209,0.73781,0.74834,0.74242,0.30333,0.30695,0.30300,0.30596,0.30465,0.07869,0.07507,0.07705,0.07409,0.07277,-56.12597,-2022.00000
0.73913,0.74439,0.74538,0.75031,0.74570,0.30333,0.30662,0.30169,0.30070,0.30695,0.07803,0.07573,0.07672,0.07540,0.07409,-55.32861,-2021.00000
0.74505,0.74373,0.74768,0.74340,0.73913,0.30366,0.30267,0.30432,0.30399,0.30070,0.07573,0.07343,0.07113,0.07507,0.07376,-55.32861,-2020.00000
0.74340,0.74735,0.74077,0.74176,0.74439,0.30530,0.30234,0.30070,0.30202,0.30234,0.07540,0.07573,0.07376,0.07376,0.07507,-55.65259,-2019.00000
0.74965,0.74570,0.74866,0.73913,0.74044,0.30202,0.30136,0.29906,0.30530,0.30465,0.07442,0.07442,0.07606,0.07376,0.07606,-55.65259,-2018.00000
0.74603,0.74209,0.74439,0.75162,0.74209,0.30563,0.30103,0.30399,0.30432,0.30169,0.07244,0.07474,0.07409,0.07343,0.07639,-55.53381,-2017.00000
0.74340,0.73847,0.74702,0.74110,0.74143,0.30530,0.30333,0.30202,0.30136,0.30300,0.07310,0.07507,0.07573,0.07211,0.07540,-55.53381,-2016.00000
0.74472,0.74406,0.74669,0.74439,0.73946,0.30596,0.30070,0.30629,0.30498,0.30596,0.07244,0.07047,0.07474,0.07507,0.07639,-55.92853,-2015.00000
0.74110,0.74044,0.74505,0.74340,0.73946,0.30070,0.30399,0.30399,0.30103,0.30366,0.07639,0.07113,0.07540,0.08198,0.07474,-55.92853,-2014.00000
0.74307,0.73946,0.74242,0.73649,0.74209,0.30366,0.30596,0.30136,0.30399,0.30136,0.07146,0.07474,0.07738,0.07409,0.07573,-56.67276,-2013.00000
0.74373,0.74209,0.74505,0.74735,0.74373,0.30629,0.30399,0.30432,0.29971,0.29906,0.07442,0.07376,0.07277,0.07080,0.07178,-56.67276,-2012.00000
0.74603,0.75228,0.74176,0.74373,0.73748,0.30169,0.30366,0.30465,0.29873,0.30498,0.07113,0.07836,0.07442,0.07409,0.07540,-56.50777,-2011.00000
0.74406,0.74472,0.74340,0.74834,0.74866,0.30037,0.29741,0.30169,0.30333,0.30202,0.07113,0.07310,0.07573,0.07442,0.07803,-56.50777,-2010.00000
0.74077,0.74406,0.74538,0.74735,0.74340,0.30004,0.30300,0.30695,0.30530,0.30037,0.07146,0.07540,0.07705,0.06981,0.07409,-56.22752,-2009.00000
0.74834,0.74044,0.74044,0.73748,0.74176,0.30530,0.30563,0.29873,0.29675,0.30234,0.07277,0.07376,0.07705,0.07738,0.07474,-56.22752,-2008.00000
0.74669,0.74044,0.74538,0.74110,0.74373,0.30498,0.30136,0.30399,0.30300,0.30465,0.07507,0.07343,0.07442,0.07343,0.07343,-55.51366,-2007.00000
0.74307,0.74340,0.74505,0.74538,0.74274,0.30136,0.30037,0.30498,0.30070,0.30202,0.07705,0.07705,0.07606,0.07573,0.07705,-55.51366,-2006.00000
0.74011,0.74636,0.74472,0.73946,0.74143,0.29971,0.30037,0.30004,0.30300,0.30070,0.07507,0.07573,0.07244,0.07409,0.07836,-55.72070,-2005.00000
0.74307,0.74439,0.74176,0.73880,0.74406,0.30794,0.29971,0.30432,0.29971,0.30366,0.06981,0.07639,0.07310,0.07080,0.07310,-55.72070,-2004.00000
0.73913,0.74209,0.74373,0.73682,0.74176,0.30267,0.30695,0.30366,0.30267,0.30169,0.07310,0.07178,0.07211,0.07672,0.07244,-56.54199,-2003.00000
0.74209,0.75162,0.73814,0.74834,0.74702,0.30761,0.30037,0.30530,0.30136,0.30136,0.07310,0.07178,0.07146,0.07442,0.07211,-56.54199,-2002.00000
0.73452,0.74505,0.74274,0.74110,0.73353,0.30037,0.30333,0.30596,0.30563,0.30070,0.07113,0.07442,0.07178,0.07573,0.07113,-56.31543,-2001.00000
0.74373,0.74472,0.74209,0.74176,0.73978,0.30498,0.30662,0.30333,0.30004,0.30300,0.07409,0.06915,0.07639,0.07146,0.07343,-56.31543,-2000.00000
0.74176,0.74439,0.74570,0.74340,0.74242,0.30300,0.30202,0.30465,0.30333,0.30432,0.07113,0.07080,0.07507,0.06981,0.07047,-56.14355,-1999.00000
0.74472,0.73978,0.74044,0.74373,0.74242,0.30366,0.30333,0.30103,0.30366,0.30498,0.07507,0.07277,0.07376,0.07573,0.07343,-56.14355,-1998.00000
0.73551,0.73913,0.74406,0.74702,0.74011,0.29840,0.30202,0.30136,0.30596,0.30037,0.07244,0.07113,0.07244,0.07442,0.07606,-55.66943,-1997.00000
0.74242,0.73880,0.74209,0.74176,0.74307,0.30399,0.30169,0.30498,0.30728,0.29774,0.07146,0.07639,0.07113,0.07376,0.07573,-55.66943,-1996.00000
0.73847,0.73419,0.73978,0.74669,0.74044,0.30629,0.30267,0.30333,0.30169,0.30399,0.07343,0.07244,0.07409,0.07540,0.07277,-55.96460,-1995.00000
0.73617,0.74044,0.73913,0.74274,0.73946,0.30563,0.30333,0.30070,0.30498,0.30037,0.07211,0.06850,0.07146,0.07343,0.07540,-55.96460,-1994.00000
0.74899,0.74011,0.74439,0.74932,0.74209,0.30432,0.30136,0.30563,0.30530,0.30103,0.06850,0.07474,0.07442,0.07244,0.07376,-55.67761,-1993.00000
0.73748,0.74176,0.74274,0.73452,0.73814,0.30169,0.30629,0.30136,0.30234,0.30366,0.07113,0.07540,0.07211,0.07277,0.07507,-55.67761,-1992.00000
0.74702,0.74932,0.74274,0.74505,0.73715,0.30103,0.30136,0.30267,0.30563,0.30004,0.07080,0.07573,0.07178,0.07014,0.07409,-55.71967,-1991.00000
0.74209,0.74143,0.74373,0.74932,0.74176,0.30399,0.30004,0.29840,0.30629,0.30136,0.07244,0.07244,0.07705,0.07409,0.07507,-55.71967,-1990.00000
0.74570,0.74603,0.74242,0.74899,0.74439,0.29938,0.30300,0.30070,0.30695,0.30234,0.07113,0.06981,0.07343,0.07639,0.07343,-55.58932,-1989.00000
0.74570,0.74307,0.74439,0.73814,0.74702,0.30366,0.30432,0.30004,0.30267,0.30662,0.07869,0.07244,0.07080,0.07639,0.07310,-55.58932,-1988.00000
0.74768,0.73748,0.74636,0.73946,0.75064,0.29906,0.30136,0.30300,0.30267,0.30202,0.07343,0.07244,0.07211,0.07146,0.07409,-55.83421,-1987.00000
0.75064,0.74636,0.74801,0.74702,0.75031,0.30136,0.30136,0.30300,0.30662,0.30267,0.07277,0.07343,0.07113,0.07376,0.07639,-55.83421,-1986.00000
0.74702,0.74143,0.75261,0.74505,0.74242,0.30169,0.30399,0.29708,0.30432,0.30070,0.07277,0.07376,0.07113,0.07573,0.07277,-56.25939,-1985.00000
0.74340,0.74505,0.75031,0.74143,0.75491,0.30333,0.29906,0.30070,0.30169,0.30465,0.07442,0.07474,0.06981,0.07211,0.07376,-56.25939,-1984.00000
0.74439,0.74110,0.74307,0.74406,0.74570,0.29840,0.30432,0.30234,0.30498,0.30432,0.07080,0.07409,0.07146,0.07047,0.07047,-55.48565,-1983.00000
0.74866,0.74274,0.74209,0.73617,0.74538,0.30267,0.30761,0.30366,0.30892,0.30728,0.07442,0.07244,0.07244,0.07540,0.07573,-55.48565,-1982.00000
0.74866,0.74242,0.74603,0.73814,0.74570,0.30333,0.30169,0.30300,0.30169,0.29642,0.07277,0.07178,0.07146,0.07474,0.07211,-55.18912,-1981.00000
0.73748,0.74044,0.73419,0.74242,0.74603,0.29938,0.30267,0.30004,0.30366,0.30498,0.07474,0.07277,0.07080,0.07178,0.07080,-55.18912,-1980.00000
0.73946,0.74538,0.74406,0.74472,0.73847,0.30234,0.30169,0.30432,0.30234,0.30037,0.07540,0.07211,0.07047,0.07211,0.07047,-55.57063,-1979.00000
0.74176,0.74077,0.74044,0.74044,0.74242,0.30103,0.30070,0.29708,0.29971,0.30037,0.06751,0.06784,0.07080,0.07310,0.07047,-55.57063,-1978.00000
0.74702,0.74242,0.74077,0.74538,0.74669,0.30202,0.29774,0.29544,0.30333,0.29906,0.07211,0.07277,0.07277,0.07343,0.06784,-55.11686,-1977.00000
0.74209,0.74373,0.74834,0.74274,0.73781,0.30333,0.30563,0.30300,0.30366,0.30169,0.07277,0.07474,0.07244,0.07113,0.07211,-55.11686,-1976.00000
0.73617,0.74932,0.74866,0.73978,0.73551,0.30037,0.30596,0.30399,0.30004,0.30136,0.07474,0.07409,0.07047,0.07343,0.06784,-55.39046,-1975.00000
0.74603,0.74735,0.74472,0.73913,0.74472,0.30465,0.30136,0.30530,0.30136,0.30399,0.07277,0.07047,0.07178,0.07047,0.07277,-55.39046,-1974.00000
0.74570,0.74472,0.73781,0.74439,0.73748,0.30399,0.30300,0.30300,0.30004,0.30300,0.07507,0.06948,0.07442,0.07277,0.07244,-55.39543,-1973.00000
0.74274,0.74307,0.74242,0.75064,0.73781,0.29675,0.30267,0.30432,0.30695,0.30399,0.07310,0.07244,0.07277,0.07540,0.07080,-55.39543,-1972.00000
0.74570,0.74603,0.74439,0.74735,0.74307,0.30629,0.30465,0.30366,0.30267,0.30103,0.07178,0.07376,0.07442,0.07047,0.07573,-54.74605,-1971.00000
0.74472,0.74373,0.73847,0.74472,0.73814,0.31024,0.30103,0.30465,0.29708,0.29938,0.07014,0.07442,0.07474,0.07277,0.07540,-54.74605,-1970.00000
0.74274,0.74274,0.74570,0.74603,0.74011,0.30300,0.30432,0.30498,0.30037,0.30399,0.07113,0.07277,0.07409,0.07211,0.07178,-55.26365,-1969.00000
0.74439,0.74209,0.74077,0.74274,0.75162,0.30267,0.30267,0.30958,0.29971,0.30629,0.07211,0.07211,0.07178,0.07409,0.07211,-55.26365,-1968.00000
0.74110,0.74176,0.74570,0.73748,0.74801,0.30432,0.30366,0.30399,0.29906,0.30004,0.07376,0.07047,0.07146,0.07211,0.07310,-54.96337,-1967.00000
0.74636,0.74373,0.74406,0.74274,0.74406,0.30465,0.30202,0.29938,0.30169,0.30958,0.07277,0.07178,0.07178,0.07178,0.07277,-54.96337,-1966.00000
0.74735,0.74176,0.74340,0.74538,0.74866,0.30432,0.30498,0.30300,0.30136,0.30596,0.07310,0.07146,0.07409,0.07113,0.07277,-54.92309,-1965.00000
0.74472,0.74570,0.74899,0.74406,0.74834,0.30530,0.30070,0.30432,0.30234,0.30432,0.07146,0.07211,0.07047,0.07343,0.07014,-54.92309,-1964.00000
0.74669,0.74209,0.74801,0.74110,0.74801,0.30498,0.30037,0.30366,0.30202,0.30695,0.07244,0.07178,0.07178,0.07178,0.07211,-54.92737,-1963.00000
0.74143,0.74538,0.74801,0.74176,0.74932,0.30432,0.30498,0.30300,0.30465,0.30695,0.07310,0.07211,0.06882,0.06882,0.07507,-54.92737,-1962.00000
0.74406,0.73551,0.74274,0.74209,0.74439,0.29741,0.30465,0.30004,0.30037,0.30103,0.07113,0.07178,0.06882,0.07211,0.07047,-55.45196,-1961.00000
0.74570,0.74998,0.74636,0.74176,0.74077,0.30103,0.30399,0.30202,0.30202,0.30366,0.07507,0.07113,0.07178,0.07047,0.07310,-55.45196,-1960.00000
0.74439,0.74669,0.74209,0.73847,0.74307,0.30169,0.30695,0.30958,0.30169,0.29906,0.06850,0.07080,0.07474,0.07146,0.06652,-56.00479,-1959.00000
0.74735,0.73913,0.74044,0.74011,0.74406,0.30530,0.30629,0.30070,0.30432,0.30366,0.07442,0.07146,0.07014,0.07244,0.07606,-56.00479,-1958.00000
0.75228,0.73814,0.73880,0.74702,0.74603,0.30728,0.30267,0.30399,0.29938,0.30366,0.07211,0.07080,0.07047,0.06948,0.07211,-57.07710,-1957.00000
0.73946,0.74538,0.74669,0.74373,0.74439,0.30596,0.30366,0.30333,0.30399,0.30202,0.06981,0.07442,0.07705,0.07474,0.07178,-57.07710,-1956.00000
0.73781,0.74636,0.74669,0.74702,0.74472,0.30563,0.29938,0.30465,0.30070,0.30563,0.07047,0.07178,0.07442,0.07211,0.07442,-56.29246,-1955.00000
0.73880,0.74932,0.74406,0.74866,0.74209,0.30267,0.29906,0.30399,0.30826,0.30136,0.07211,0.07343,0.07178,0.07146,0.07014,-56.29246,-1954.00000
0.74044,0.74044,0.74472,0.74110,0.73880,0.30399,0.30004,0.30465,0.29971,0.30202,0.07146,0.07113,0.07211,0.07376,0.07310,-56.30541,-1953.00000
0.74340,0.74472,0.74636,0.74538,0.74801,0.30333,0.30761,0.30530,0.30629,0.30103,0.07507,0.07014,0.07146,0.06817,0.07080,-56.30541,-1952.00000
0.74735,0.74077,0.73847,0.74340,0.74011,0.30892,0.30563,0.30695,0.30300,0.30695,0.07113,0.07244,0.07244,0.07540,0.07047,-56.65124,-1951.00000
0.74702,0.74373,0.73781,0.74472,0.74669,0.30925,0.30530,0.30465,0.30366,0.30399,0.07178,0.07146,0.07376,0.06850,0.06981,-56.65124,-1950.00000
0.74307,0.74176,0.74866,0.74932,0.74340,0.30563,0.30662,0.30498,0.30169,0.30761,0.06882,0.07047,0.07277,0.07310,0.07211,-55.99652,-1949.00000
0.73946,0.74439,0.74406,0.74439,0.74274,0.29971,0.30399,0.30333,0.30333,0.30794,0.07244,0.07244,0.07014,0.07343,0.07178,-55.99652,-1948.00000
0.75162,0.73946,0.73880,0.74505,0.74669,0.30300,0.30267,0.30794,0.30300,0.29873,0.06981,0.07211,0.06882,0.06817,0.07343,-56.19406,-1947.00000
0.73913,0.75130,0.74801,0.75097,0.74669,0.30333,0.30366,0.29971,0.30399,0.30202,0.07146,0.07211,0.06882,0.07113,0.06981,-56.19406,-1946.00000
0.74735,0.73946,0.75360,0.74209,0.74307,0.30629,0.30333,0.30300,0.30465,0.30629,0.07343,0.07146,0.07507,0.07113,0.07146,-55.72154,-1945.00000
0.74932,0.74274,0.74834,0.74439,0.74505,0.30399,0.30234,0.30333,0.30267,0.30498,0.07080,0.07146,0.07277,0.07014,0.07310,-55.72154,-1944.00000
0.74735,0.74636,0.74340,0.74702,0.74472,0.30925,0.30103,0.30267,0.30169,0.29774,0.07277,0.07310,0.06817,0.07474,0.07409,-55.89056,-1943.00000
0.74406,0.74768,0.74209,0.73978,0.74834,0.30563,0.30498,0.30169,0.30070,0.30432,0.06948,0.06948,0.07474,0.06685,0.06751,-55.89056,-1942.00000
0.74340,0.74603,0.73978,0.74110,0.74768,0.30563,0.30399,0.30136,0.30530,0.30037,0.07178,0.06915,0.07178,0.07014,0.07343,-56.07516,-1941.00000
0.74505,0.74538,0.74932,0.74505,0.74274,0.29971,0.30136,0.30761,0.30794,0.30103,0.06915,0.06915,0.06915,0.07211,0.07277,-56.07516,-1940.00000
0.74406,0.74538,0.74340,0.73748,0.74044,0.30169,0.30761,0.30070,0.30596,0.30366,0.07014,0.07113,0.07080,0.07080,0.06685,-56.01854,-1939.00000
0.74077,0.74077,0.74669,0.74406,0.74669,0.30169,0.30267,0.30267,0.30563,0.30366,0.07211,0.06981,0.07113,0.07409,0.07014,-56.01854,-1938.00000
0.74044,0.74373,0.74768,0.74044,0.74439,0.30629,0.30169,0.30136,0.30333,0.30366,0.06751,0.07178,0.06817,0.07442,0.07211,-55.71679,-1937.00000
0.74143,0.74011,0.74505,0.74110,0.73847,0.29938,0.30202,0.30037,0.30892,0.30498,0.07178,0.07080,0.06817,0.07146,0.07409,-55.71679,-1936.00000
0.74570,0.74242,0.74866,0.73814,0.74077,0.30136,0.30399,0.30432,0.30399,0.30563,0.06850,0.07244,0.07277,0.07113,0.07277,-55.58056,-1935.00000
0.74505,0.74406,0.74932,0.74636,0.74538,0.29544,0.30794,0.30859,0.30333,0.30004,0.06915,0.07178,0.06981,0.06882,0.07277,-55.58056,-1934.00000
0.75130,0.74242,0.74176,0.74570,0.74209,0.30695,0.30333,0.29938,0.30333,0.30892,0.07178,0.06981,0.07146,0.07310,0.07178,-56.10327,-1933.00000
0.74472,0.74570,0.73946,0.74932,0.74998,0.30267,0.30432,0.30432,0.30234,0.29971,0.07277,0.07047,0.07014,0.07113,0.07178,-56.10327,-1932.00000
0.73715,0.74176,0.74406,0.74110,0.74340,0.30037,0.30300,0.30234,0.30070,0.30004,0.07442,0.07409,0.07244,0.07113,0.07343,-56.34509,-1931.00000
0.74242,0.74439,0.73946,0.73880,0.74702,0.30169,0.30761,0.30234,0.30234,0.30366,0.07606,0.07146,0.07442,0.07540,0.07146,-56.34509,-1930.00000
0.75294,0.74998,0.74735,0.74801,0.74505,0.30202,0.30333,0.30366,0.30300,0.30794,0.07047,0.07211,0.07080,0.06817,0.07113,-55.98260,-1929.00000
0.74340,0.74176,0.74274,0.74044,0.75294,0.30366,0.30103,0.30695,0.30498,0.29971,0.07047,0.07310,0.07146,0.07211,0.06981,-55.98260,-1928.00000
0.73847,0.74735,0.74011,0.74538,0.74209,0.30366,0.30103,0.30333,0.30267,0.30333,0.07244,0.06685,0.07244,0.07244,0.07146,-55.33505,-1927.00000
0.73880,0.74242,0.74439,0.74307,0.74735,0.30234,0.30103,0.30267,0.30596,0.30991,0.06915,0.06554,0.07113,0.07080,0.06882,-55.33505,-1926.00000
0.74209,0.74570,0.74603,0.73847,0.73682,0.29938,0.30169,0.29873,0.29906,0.30333,0.07014,0.07080,0.06619,0.07014,0.07178,-55.63139,-1925.00000
0.74801,0.74209,0.73978,0.73880,0.73649,0.30300,0.30004,0.29478,0.30596,0.30202,0.06784,0.07047,0.07277,0.07178,0.07376,-55.63139,-1924.00000
0.74472,0.74340,0.74176,0.74570,0.74077,0.30465,0.30234,0.30333,0.30202,0.30794,0.07409,0.06817,0.06850,0.07080,0.06586,-56.16775,-1923.00000
0.74373,0.74209,0.73978,0.74636,0.74373,0.30366,0.30300,0.30004,0.30530,0.30794,0.07146,0.06850,0.07113,0.06915,0.06915,-56.16775,-1922.00000
0.74439,0.74209,0.73880,0.74866,0.74143,0.30563,0.30333,0.30169,0.30300,0.30498,0.07080,0.06981,0.07113,0.06981,0.07211,-55.48133,-1921.00000
0.74011,0.74242,0.74110,0.74307,0.74011,0.29741,0.30202,0.30004,0.30530,0.30399,0.07178,0.07047,0.07047,0.07310,0.07080,-55.48133,-1920.00000
0.74439,0.74143,0.74636,0.74472,0.74274,0.30267,0.30004,0.30037,0.30498,0.30202,0.07277,0.07277,0.07014,0.07244,0.07277,-55.16010,-1919.00000
0.74406,0.74702,0.74176,0.74439,0.74274,0.30267,0.30103,0.30629,0.29840,0.30366,0.06850,0.07146,0.07244,0.06948,0.07047,-55.16010,-1918.00000
0.74768,0.75393,0.74077,0.74702,0.74077,0.30267,0.30070,0.30333,0.30300,0.29807,0.07244,0.07540,0.06948,0.07211,0.06882,-56.64499,-1917.00000
0.74439,0.74307,0.74570,0.74011,0.74965,0.30300,0.30432,0.30202,0.30169,0.30136,0.06882,0.07113,0.07113,0.06850,0.07113,-56.64499,-1916.00000
0.74472,0.74110,0.74636,0.73946,0.74209,0.30498,0.30465,0.30300,0.30629,0.30498,0.07178,0.06784,0.07014,0.06948,0.06948,-56.12767,-1915.00000
0.73913,0.74307,0.74439,0.74406,0.74307,0.30202,0.30202,0.30267,0.29873,0.30136,0.07277,0.07047,0.07080,0.07146,0.06685,-56.12767,-1914.00000
0.74702,0.73617,0.74176,0.74340,0.74110,0.29807,0.30695,0.30070,0.30333,0.30103,0.07080,0.07080,0.07113,0.07080,0.06948,-55.23180,-1913.00000
0.74570,0.74044,0.73584,0.74373,0.73814,0.30300,0.29840,0.30465,0.30202,0.30333,0.07474,0.07014,0.07211,0.07014,0.06817,-55.23180,-1912.00000
0.74044,0.73814,0.74669,0.74505,0.74242,0.30465,0.30103,0.30563,0.30794,0.29938,0.06981,0.07211,0.06817,0.07178,0.07409,-54.82782,-1911.00000
0.73946,0.73814,0.74242,0.73847,0.74636,0.30103,0.30333,0.30432,0.29971,0.30432,0.06915,0.07573,0.06850,0.07277,0.06981,-54.82782,-1910.00000
0.74406,0.73880,0.74472,0.73781,0.74373,0.30103,0.30136,0.30103,0.30103,0.30136,0.07080,0.06751,0.07178,0.07047,0.07146,-55.19223,-1909.00000
0.74570,0.73913,0.74538,0.74669,0.74307,0.30136,0.29610,0.30234,0.30563,0.30333,0.07244,0.06619,0.07047,0.06685,0.07343,-55.19223,-1908.00000
0.74274,0.73880,0.73978,0.73880,0.74110,0.29938,0.30004,0.30004,0.30333,0.30136,0.07244,0.06981,0.07047,0.06882,0.07014,-55.98967,-1907.00000
0.74307,0.73321,0.73913,0.73880,0.74669,0.30432,0.30399,0.30267,0.30399,0.30432,0.07211,0.07343,0.06817,0.06751,0.07343,-55.98967,-1906.00000
0.74406,0.74801,0.74439,0.73913,0.74603,0.30103,0.30234,0.30070,0.30103,0.30202,0.07310,0.07178,0.07047,0.07277,0.06850,-55.42403,-1905.00000
0.74439,0.74373,0.73913,0.74636,0.74505,0.30465,0.30136,0.30465,0.30136,0.29840,0.07409,0.07409,0.07211,0.06948,0.07146,-55.42403,-1904.00000
0.73913,0.73518,0.74274,0.74176,0.74340,0.30103,0.30399,0.30794,0.30202,0.30300,0.06685,0.07014,0.06981,0.07047,0.07014,-55.12901,-1903.00000
0.74373,0.74176,0.74044,0.73880,0.74932,0.30169,0.30004,0.30366,0.30498,0.30103,0.07178,0.06915,0.07014,0.06784,0.07014,-55.12901,-1902.00000
0.73584,0.73485,0.73748,0.74242,0.73682,0.30267,0.30596,0.29906,0.30202,0.30366,0.07146,0.07113,0.07178,0.07178,0.07080,-55.51861,-1901.00000
0.74110,0.74077,0.74373,0.74439,0.74242,0.30004,0.30037,0.30399,0.30366,0.29873,0.07146,0.06817,0.06784,0.07047,0.07080,-55.51861,-1900.00000
0.73978,0.73682,0.73913,0.74538,0.74439,0.30563,0.30103,0.30202,0.30432,0.30432,0.07047,0.06850,0.07014,0.06981,0.07310,-55.36428,-1899.00000
0.74899,0.74439,0.74274,0.73946,0.75064,0.30169,0.30202,0.30300,0.30563,0.30037,0.07080,0.07211,0.07507,0.06817,0.06915,-55.36428,-1898.00000
0.74636,0.73715,0.74209,0.74242,0.74011,0.30366,0.30399,0.30037,0.30432,0.30498,0.07244,0.07244,0.06948,0.07178,0.07310,-54.87697,-1897.00000
0.74110,0.74209,0.74834,0.73880,0.74472,0.30300,0.30333,0.30695,0.29906,0.30432,0.06850,0.07080,0.07211,0.07014,0.06981,-54.87697,-1896.00000
0.74406,0.74274,0.74209,0.74011,0.73946,0.30267,0.29840,0.29938,0.30234,0.30169,0.07376,0.07014,0.07047,0.06751,0.06882,-55.11182,-1895.00000
0.73880,0.73946,0.74472,0.74801,0.74110,0.30136,0.30432,0.30070,0.30366,0.30004,0.07146,0.06948,0.07211,0.06817,0.07277,-55.11182,-1894.00000
0.73847,0.74110,0.74110,0.73847,0.74899,0.30004,0.30498,0.30498,0.30399,0.30267,0.06915,0.06751,0.06948,0.07113,0.06652,-55.70533,-1893.00000
0.73946,0.74307,0.74505,0.74110,0.74373,0.30202,0.30366,0.29938,0.30728,0.30300,0.07211,0.07277,0.06882,0.07113,0.06652,-55.70533,-1892.00000
0.74176,0.73715,0.74110,0.74505,0.74702,0.30202,0.30563,0.30629,0.30136,0.30004,0.07376,0.06718,0.07178,0.06718,0.07113,-55.20130,-1891.00000
0.74570,0.74899,0.74801,0.73814,0.73682,0.30037,0.30004,0.30530,0.30333,0.30169,0.06850,0.07080,0.06948,0.07178,0.07047,-55.20130,-1890.00000
0.74143,0.74472,0.74406,0.74340,0.74373,0.30366,0.30004,0.30136,0.30465,0.30498,0.06488,0.06751,0.06817,0.07409,0.06817,-55.25690,-1889.00000
0.74307,0.73978,0.74373,0.73847,0.74242,0.30333,0.29774,0.30070,0.30432,0.29971,0.07080,0.07080,0.06685,0.07080,0.06882,-55.25690,-1888.00000
0.75064,0.74406,0.74209,0.75097,0.74143,0.30498,0.30070,0.30070,0.30333,0.30432,0.07442,0.07014,0.07113,0.07146,0.07178,-55.89505,-1887.00000
0.74209,0.74373,0.74110,0.73880,0.73617,0.30399,0.30399,0.30004,0.30530,0.30366,0.06948,0.06882,0.06915,0.06652,0.06948,-55.89505,-1886.00000
0.74242,0.74044,0.74242,0.73814,0.74143,0.30234,0.30267,0.30169,0.29971,0.30596,0.07178,0.07047,0.06718,0.06948,0.07244,-56.87087,-1885.00000
0.74570,0.74110,0.74143,0.73978,0.73814,0.30136,0.30399,0.30333,0.30136,0.30169,0.06784,0.06850,0.07376,0.07343,0.07310,-56.87087,-1884.00000
0.73485,0.74077,0.74472,0.73617,0.74505,0.30563,0.29840,0.30300,0.30103,0.30366,0.06751,0.06915,0.06718,0.06948,0.06948,-55.52039,-1883.00000
0.74505,0.74011,0.73551,0.74242,0.74176,0.29971,0.30136,0.30399,0.30366,0.30103,0.06586,0.07047,0.06751,0.07244,0.06817,-55.52039,-1882.00000
0.74472,0.74439,0.73748,0.73781,0.74242,0.30103,0.30366,0.29938,0.30103,0.30465,0.07014,0.06981,0.06784,0.06981,0.07244,-55.34320,-1881.00000
0.74340,0.74538,0.74570,0.74011,0.74274,0.30103,0.30596,0.30103,0.30432,0.30300,0.06882,0.06586,0.06290,0.06948,0.07113,-55.34320,-1880.00000
0.74702,0.74011,0.74242,0.74242,0.73946,0.30498,0.30465,0.30300,0.29906,0.30202,0.07080,0.07080,0.06915,0.06586,0.07014,-55.38645,-1879.00000
0.74044,0.74636,0.74406,0.74406,0.74077,0.30629,0.29708,0.30465,0.30432,0.30300,0.06915,0.06882,0.06882,0.06817,0.06784,-55.38645,-1878.00000
0.74274,0.74143,0.74505,0.73748,0.74143,0.29971,0.30004,0.30465,0.30399,0.30530,0.07310,0.07244,0.06882,0.06784,0.06948,-55.58873,-1877.00000
0.74702,0.74340,0.73880,0.74472,0.74011,0.29971,0.30234,0.30202,0.30103,0.30169,0.06751,0.07178,0.07146,0.06784,0.06915,-55.58873,-1876.00000
0.74274,0.74570,0.74932,0.74011,0.73748,0.30136,0.30136,0.29873,0.30070,0.30300,0.07178,0.07047,0.07014,0.07080,0.06718,-55.63372,-1875.00000
0.73880,0.74242,0.74505,0.74406,0.74373,0.30300,0.30070,0.29971,0.30399,0.30530,0.06751,0.07080,0.07014,0.07047,0.06521,-55.63372,-1874.00000
0.74899,0.73715,0.73978,0.74011,0.74011,0.30530,0.30465,0.30300,0.30432,0.30300,0.06948,0.07014,0.06488,0.06718,0.06948,-56.42282,-1873.00000
0.74176,0.74570,0.74143,0.74209,0.73682,0.30563,0.30399,0.29971,0.30202,0.30070,0.07014,0.06981,0.06850,0.07080,0.06850,-56.42282,-1872.00000
0.73847,0.74044,0.74636,0.73814,0.74209,0.30432,0.30169,0.30267,0.30136,0.30761,0.07014,0.06915,0.07113,0.06652,0.07080,-55.74803,-1871.00000
0.74636,0.74702,0.74209,0.74044,0.74110,0.30004,0.30498,0.30070,0.30629,0.30629,0.07047,0.07047,0.06718,0.06751,0.06850,-55.74803,-1870.00000
0.74011,0.74143,0.74373,0.74044,0.74702,0.30070,0.30004,0.30629,0.30892,0.30794,0.07178,0.06751,0.07047,0.07244,0.06915,-55.87694,-1869.00000
0.74143,0.74538,0.74209,0.74472,0.74669,0.29840,0.30202,0.30596,0.29971,0.30925,0.06685,0.07244,0.06718,0.06554,0.07310,-55.87694,-1868.00000
0.74538,0.74472,0.74011,0.74143,0.73946,0.30366,0.30300,0.30498,0.30300,0.30202,0.06882,0.06850,0.07606,0.06586,0.07014,-55.52392,-1867.00000
0.73913,0.74603,0.74538,0.73847,0.74110,0.30399,0.30202,0.30300,0.30267,0.30333,0.07080,0.06850,0.06915,0.07080,0.07080,-55.52392,-1866.00000
0.74176,0.74011,0.74274,0.74077,0.74702,0.30070,0.30037,0.30333,0.30498,0.30234,0.06685,0.06882,0.06817,0.06751,0.07014,-55.79663,-1865.00000
0.74242,0.74143,0.74011,0.74866,0.74077,0.30037,0.30333,0.29873,0.30563,0.30596,0.06652,0.06652,0.06784,0.07080,0.06882,-55.79663,-1864.00000
0.74307,0.74439,0.73551,0.74307,0.73978,0.30136,0.29971,0.29774,0.29906,0.30202,0.07146,0.06981,0.06882,0.07047,0.06817,-55.98181,-1863.00000
0.74209,0.74439,0.74242,0.74472,0.74077,0.30366,0.30333,0.29938,0.30629,0.30103,0.06882,0.06981,0.06882,0.07080,0.06915,-55.98181,-1862.00000
0.74242,0.74077,0.74242,0.73847,0.74143,0.29840,0.30267,0.30366,0.30004,0.30037,0.06915,0.07014,0.06685,0.06455,0.07113,-56.32831,-1861.00000
0.73814,0.74603,0.74110,0.74340,0.73978,0.29840,0.30859,0.30300,0.30267,0.30432,0.07080,0.07113,0.07080,0.06981,0.06751,-56.32831,-1860.00000
0.74307,0.74406,0.74044,0.74143,0.74143,0.30366,0.30267,0.30070,0.30004,0.30103,0.06784,0.06488,0.07244,0.06817,0.06915,-55.66171,-1859.00000
0.74899,0.74373,0.73913,0.73682,0.73978,0.30432,0.30267,0.30530,0.30037,0.30070,0.06685,0.07146,0.06784,0.07146,0.06521,-55.66171,-1858.00000
0.74702,0.73584,0.74340,0.74274,0.74439,0.30300,0.30103,0.30267,0.29577,0.30004,0.06751,0.07080,0.07113,0.06751,0.06981,-54.58867,-1857.00000
0.74011,0.74439,0.73649,0.73288,0.74570,0.29906,0.30530,0.30563,0.30103,0.30399,0.06817,0.06685,0.06751,0.07080,0.06586,-54.58867,-1856.00000
0.74044,0.73847,0.74472,0.74603,0.74307,0.30530,0.29906,0.30267,0.29938,0.30267,0.07014,0.07113,0.07080,0.06586,0.06652,-55.09951,-1855.00000
0.73946,0.74176,0.74406,0.74011,0.74011,0.30530,0.30136,0.30662,0.30432,0.30070,0.07014,0.06981,0.06521,0.06586,0.07146,-55.09951,-1854.00000
0.73847,0.74472,0.73880,0.73748,0.73584,0.30300,0.30202,0.30037,0.30234,0.30300,0.07014,0.06521,0.07113,0.06948,0.06685,-55.66011,-1853.00000
0.74110,0.74307,0.73978,0.74439,0.74077,0.30596,0.30333,0.30169,0.29971,0.30432,0.06981,0.06586,0.06850,0.06422,0.06850,-55.66011,-1852.00000
0.73584,0.74110,0.75130,0.73880,0.73715,0.30399,0.30300,0.30399,0.30267,0.30530,0.07047,0.06882,0.06718,0.06685,0.06850,-55.75486,-1851.00000
0.74373,0.74472,0.74274,0.74143,0.74538,0.30202,0.30300,0.30695,0.30267,0.30103,0.07047,0.06850,0.07047,0.06290,0.07014,-55.75486,-1850.00000
0.74505,0.74472,0.74077,0.74538,0.73946,0.30333,0.29906,0.30202,0.30563,0.30103,0.06619,0.06718,0.06422,0.06948,0.06389,-56.18553,-1849.00000
0.74340,0.74044,0.74077,0.74274,0.74176,0.30070,0.30202,0.29873,0.30136,0.30530,0.06981,0.06981,0.06751,0.06586,0.06850,-56.18553,-1848.00000
0.74011,0.73288,0.73880,0.73847,0.74209,0.30037,0.30596,0.30267,0.30465,0.30300,0.06521,0.06685,0.06422,0.06455,0.06652,-55.82226,-1847.00000
0.73551,0.74636,0.74274,0.74340,0.74472,0.29873,0.30530,0.30070,0.30202,0.30300,0.06685,0.06323,0.07014,0.06718,0.07080,-55.82226,-1846.00000
0.74472,0.74242,0.74274,0.74274,0.74340,0.30399,0.30234,0.30629,0.30300,0.30728,0.06685,0.06718,0.06619,0.06521,0.06554,-55.73828,-1845.00000
0.74242,0.74505,0.73946,0.73847,0.74209,0.30465,0.30070,0.29938,0.30234,0.29675,0.06882,0.06422,0.06850,0.06521,0.07178,-55.73828,-1844.00000
0.74801,0.74669,0.74768,0.74439,0.74307,0.30136,0.30070,0.30333,0.30202,0.30300,0.06554,0.06685,0.06554,0.06093,0.06389,-55.99902,-1843.00000
0.73814,0.74636,0.74538,0.74373,0.74505,0.29971,0.30103,0.30004,0.30596,0.30695,0.06586,0.06718,0.06718,0.06718,0.07014,-55.99902,-1842.00000
0.74406,0.74340,0.74801,0.74406,0.74439,0.30465,0.30004,0.30695,0.30366,0.30728,0.06422,0.06488,0.06356,0.06981,0.07277,-55.53613,-1841.00000
0.74439,0.74538,0.74735,0.73913,0.74801,0.30761,0.30563,0.30202,0.30070,0.30432,0.06948,0.06619,0.06521,0.06981,0.06685,-55.53613,-1840.00000
0.75097,0.74768,0.74340,0.73913,0.74340,0.30432,0.30103,0.30596,0.30300,0.30202,0.06915,0.06586,0.06784,0.06784,0.06554,-55.50977,-1839.00000
0.74044,0.75130,0.74340,0.74209,0.74505,0.30596,0.30465,0.30465,0.30267,0.30300,0.06652,0.06981,0.06784,0.06882,0.06882,-55.50977,-1838.00000
0.74932,0.74603,0.75097,0.74603,0.74702,0.30300,0.30300,0.30103,0.30892,0.30728,0.06652,0.06586,0.06554,0.06455,0.06586,-54.14648,-1837.00000
0.74998,0.74242,0.74570,0.74110,0.74669,0.30004,0.30202,0.30333,0.30234,0.30794,0.06521,0.06882,0.06389,0.06652,0.06488,-54.14648,-1836.00000
0.75064,0.74965,0.74274,0.74570,0.74143,0.30399,0.30465,0.30333,0.30300,0.29840,0.06488,0.06455,0.06586,0.07080,0.06718,-54.18506,-1835.00000
0.74406,0.73419,0.74603,0.74603,0.74570,0.30465,0.29938,0.30530,0.30070,0.30761,0.06882,0.06652,0.06751,0.06850,0.06554,-54.18506,-1834.00000
0.74209,0.74472,0.73715,0.73847,0.74439,0.30333,0.30826,0.30169,0.30333,0.30234,0.06586,0.06422,0.06751,0.06718,0.06685,-53.38892,-1833.00000
0.74505,0.74209,0.74570,0.74768,0.74834,0.30695,0.30202,0.30596,0.30695,0.30333,0.06817,0.06915,0.06751,0.06784,0.06981,-53.38892,-1832.00000
0.74110,0.74011,0.74406,0.73978,0.74406,0.29478,0.30498,0.30465,0.30267,0.30070,0.06981,0.06817,0.06619,0.06554,0.06784,-51.96790,-1831.00000
0.74274,0.74702,0.74340,0.74439,0.74011,0.30366,0.29971,0.30432,0.30070,0.30136,0.06488,0.06784,0.06685,0.06948,0.06915,-51.96790,-1830.00000
0.74143,0.74866,0.74307,0.74538,0.74406,0.30037,0.30399,0.30234,0.30169,0.30728,0.06554,0.06554,0.06882,0.06882,0.07014,-52.52203,-1829.00000
0.74932,0.74932,0.73649,0.74077,0.74965,0.30234,0.30498,0.30070,0.30004,0.30169,0.06192,0.06488,0.06093,0.06126,0.06685,-52.52203,-1828.00000
0.74834,0.73880,0.74505,0.74044,0.74176,0.30202,0.30300,0.30465,0.30596,0.30300,0.06554,0.06290,0.06784,0.06652,0.06290,-54.21756,-1827.00000
0.73649,0.73814,0.73847,0.73913,0.74472,0.30169,0.30169,0.30300,0.30662,0.30202,0.06554,0.06389,0.06093,0.06554,0.07047,-54.21756,-1826.00000
0.74570,0.73715,0.74044,0.73946,0.74373,0.30530,0.30103,0.30333,0.30366,0.30169,0.06850,0.06817,0.06356,0.06652,0.06586,-55.05800,-1825.00000
0.74176,0.74274,0.74274,0.74340,0.74307,0.30826,0.30267,0.29938,0.30234,0.30629,0.06290,0.06389,0.06652,0.06718,0.06389,-55.05800,-1824.00000
0.74143,0.74373,0.74077,0.74406,0.74406,0.30563,0.30794,0.30563,0.30399,0.29971,0.06652,0.06619,0.06455,0.06685,0.06652,-55.64179,-1823.00000
0.73814,0.74242,0.74044,0.74636,0.74570,0.30202,0.30498,0.30136,0.30070,0.30333,0.06422,0.06751,0.06323,0.06652,0.06554,-55.64179,-1822.00000
0.74702,0.74044,0.74044,0.73946,0.74307,0.30596,0.30267,0.29938,0.30070,0.30004,0.06422,0.06652,0.06488,0.06652,0.06718,-55.54795,-1821.00000
0.74373,0.73880,0.74077,0.74505,0.74077,0.30563,0.30103,0.30432,0.30629,0.30202,0.06389,0.06521,0.06323,0.06225,0.06685,-55.54795,-1820.00000
0.74603,0.74176,0.74735,0.74636,0.73584,0.30234,0.30530,0.30202,0.30530,0.30169,0.06948,0.07014,0.06422,0.06422,0.06521,-54.94194,-1819.00000
0.73880,0.74439,0.73781,0.74209,0.73946,0.30234,0.30070,0.30070,0.30234,0.30662,0.06652,0.06685,0.06225,0.06718,0.06422,-54.94194,-1818.00000
0.74176,0.74373,0.74209,0.73978,0.73847,0.30300,0.30465,0.30399,0.29807,0.29971,0.06685,0.06422,0.06784,0.06488,0.06784,-55.31521,-1817.00000
0.74274,0.73682,0.74899,0.73978,0.73814,0.30267,0.30037,0.30267,0.30596,0.30136,0.06685,0.06685,0.06521,0.06586,0.06488,-55.31521,-1816.00000
0.74340,0.73518,0.74176,0.74406,0.74176,0.30333,0.29840,0.29873,0.30300,0.30136,0.06882,0.06225,0.06159,0.06586,0.06455,-55.89979,-1815.00000
0.74176,0.73978,0.73946,0.74176,0.74011,0.30399,0.29971,0.30629,0.30432,0.30103,0.06389,0.06554,0.06619,0.06619,0.06422,-55.89979,-1814.00000
0.74834,0.73551,0.74439,0.73847,0.75130,0.30859,0.30530,0.30202,0.29971,0.29971,0.06192,0.06652,0.06290,0.06817,0.06554,-56.06269,-1813.00000
0.73847,0.73946,0.74439,0.73946,0.73781,0.30596,0.30267,0.30530,0.30366,0.30366,0.07014,0.06652,0.06323,0.06751,0.06521,-56.06269,-1812.00000
0.74110,0.74505,0.74242,0.74669,0.73847,0.30267,0.30103,0.29840,0.29906,0.30136,0.06652,0.06455,0.06422,0.06521,0.06488,-55.93662,-1811.00000
0.74274,0.73913,0.74801,0.73978,0.73748,0.29840,0.30432,0.30629,0.30037,0.30070,0.06521,0.06586,0.06619,0.06784,0.06619,-55.93662,-1810.00000
0.74340,0.74472,0.74011,0.74044,0.74110,0.30563,0.30695,0.30794,0.30465,0.30070,0.06685,0.06192,0.06652,0.06521,0.06784,-55.28520,-1809.00000
0.74406,0.73978,0.74176,0.73913,0.74176,0.29873,0.29971,0.29577,0.30333,0.30234,0.06455,0.06455,0.06586,0.06521,0.06126,-55.28520,-1808.00000
0.74340,0.74044,0.73913,0.73551,0.74538,0.29938,0.29840,0.30465,0.30366,0.30892,0.06619,0.06619,0.06685,0.06981,0.06488,-55.06936,-1807.00000
0.74439,0.74242,0.73222,0.73978,0.73946,0.30465,0.29906,0.30300,0.30498,0.30202,0.06488,0.06126,0.06521,0.06356,0.06586,-55.06936,-1806.00000
0.74242,0.74242,0.73386,0.74472,0.74472,0.30465,0.30432,0.30169,0.30169,0.30136,0.06488,0.06521,0.06948,0.06422,0.06652,-55.25196,-1805.00000
0.73946,0.74406,0.73682,0.74242,0.73814,0.30136,0.30267,0.30399,0.30103,0.30234,0.06455,0.06817,0.06751,0.06586,0.06751,-55.25196,-1804.00000
0.74110,0.74044,0.74044,0.74274,0.74176,0.30070,0.30563,0.29807,0.29708,0.30300,0.06356,0.06323,0.06652,0.06488,0.06093,-55.76075,-1803.00000
0.74077,0.73748,0.73913,0.74307,0.74044,0.30070,0.30070,0.30300,0.30300,0.30399,0.06192,0.06521,0.06521,0.06422,0.05797,-55.76075,-1802.00000
0.73978,0.74505,0.74209,0.73913,0.74044,0.30070,0.30399,0.30070,0.30136,0.30333,0.06718,0.06882,0.06751,0.06422,0.06488,-55.76367,-1801.00000
0.73617,0.74307,0.74538,0.74011,0.74636,0.30333,0.30333,0.30234,0.30202,0.30103,0.06422,0.06422,0.06389,0.06488,0.06685,-55.76367,-1800.00000
0.73913,0.74011,0.74439,0.73978,0.73682,0.29938,0.30662,0.30103,0.30596,0.30728,0.06225,0.06323,0.06422,0.06323,0.06389,-55.17432,-1799.00000
0.74472,0.74011,0.74176,0.74044,0.74373,0.30169,0.30169,0.30037,0.30103,0.30530,0.06225,0.06718,0.06619,0.06290,0.06652,-55.17432,-1798.00000
0.74439,0.74011,0.74110,0.74176,0.74373,0.30465,0.30202,0.30169,0.30004,0.30070,0.06422,0.06422,0.06455,0.06356,0.06521,-55.55591,-1797.00000
0.73978,0.74307,0.74570,0.74340,0.74176,0.30300,0.30333,0.30530,0.29544,0.30103,0.06422,0.06619,0.06323,0.06850,0.06422,-55.55591,-1796.00000
0.73748,0.73847,0.74274,0.73880,0.73617,0.30366,0.30530,0.30234,0.30169,0.30202,0.06817,0.06488,0.06488,0.06488,0.06356,-55.42688,-1795.00000
0.73682,0.74274,0.74143,0.74373,0.74143,0.30662,0.30366,0.30596,0.29807,0.30267,0.06225,0.06619,0.06488,0.05929,0.06685,-55.42688,-1794.00000
0.74538,0.74373,0.73715,0.73814,0.74044,0.30333,0.30070,0.30234,0.30958,0.30037,0.06027,0.06258,0.06192,0.06488,0.06323,-55.46002,-1793.00000
0.73946,0.74834,0.74011,0.74242,0.73847,0.30103,0.29971,0.30136,0.30333,0.29971,0.06685,0.06817,0.06290,0.06784,0.06258,-55.46002,-1792.00000
0.73913,0.73946,0.74176,0.73781,0.74044,0.30004,0.30728,0.30333,0.30136,0.30267,0.06027,0.06323,0.06258,0.06586,0.06586,-55.13235,-1791.00000
0.73617,0.73814,0.73682,0.74406,0.74274,0.30596,0.30399,0.30136,0.30070,0.29346,0.06290,0.06126,0.06389,0.05962,0.06290,-55.13235,-1790.00000
0.73946,0.74176,0.74110,0.74242,0.74044,0.30169,0.30103,0.30530,0.30202,0.30136,0.06323,0.05994,0.06422,0.06159,0.06258,-55.58620,-1789.00000
0.74011,0.73518,0.74110,0.74603,0.74077,0.30234,0.30136,0.30333,0.30465,0.30465,0.06422,0.06356,0.06389,0.06060,0.06159,-55.58620,-1788.00000
0.74603,0.74570,0.74110,0.73913,0.74505,0.30465,0.30136,0.29807,0.30333,0.29807,0.06389,0.06159,0.06126,0.06290,0.06554,-55.68372,-1787.00000
0.73682,0.74373,0.73617,0.74176,0.73847,0.30070,0.29741,0.30103,0.30136,0.30267,0.06455,0.06389,0.06159,0.06389,0.06455,-55.68372,-1786.00000
0.73649,0.74176,0.74834,0.74143,0.73913,0.29938,0.30333,0.30333,0.30267,0.30103,0.06290,0.06258,0.06192,0.06521,0.06290,-55.82770,-1785.00000
0.74274,0.73847,0.74077,0.74603,0.73649,0.29938,0.29971,0.30103,0.30234,0.30004,0.06455,0.06323,0.06225,0.06422,0.06290,-55.82770,-1784.00000
0.74143,0.74143,0.73880,0.73748,0.74077,0.30267,0.30498,0.30662,0.29906,0.30366,0.06356,0.06521,0.06323,0.06488,0.06093,-56.10721,-1783.00000
0.74965,0.74176,0.74340,0.74176,0.74110,0.29840,0.30169,0.29577,0.30103,0.30202,0.06323,0.06389,0.06323,0.06093,0.05929,-56.10721,-1782.00000
0.74538,0.73682,0.74735,0.74702,0.73880,0.30103,0.30103,0.29741,0.30530,0.29544,0.06093,0.06258,0.06225,0.06751,0.06225,-56.06874,-1781.00000
0.73518,0.74077,0.74406,0.74110,0.74472,0.30136,0.29741,0.30300,0.29938,0.30169,0.06290,0.05863,0.06225,0.06422,0.05896,-56.06874,-1780.00000
0.74242,0.73847,0.74340,0.74669,0.74242,0.30169,0.30267,0.30004,0.30136,0.30202,0.06488,0.06126,0.06060,0.06192,0.06060,-55.51728,-1779.00000
0.73518,0.74044,0.74834,0.73748,0.74077,0.30399,0.30333,0.30761,0.29906,0.30103,0.06422,0.06290,0.06093,0.06060,0.06258,-55.51728,-1778.00000
0.74406,0.74077,0.73978,0.74044,0.73847,0.30004,0.29840,0.30037,0.30004,0.30563,0.06027,0.06290,0.06027,0.05994,0.05962,-56.01059,-1777.00000
0.73978,0.74110,0.74570,0.74209,0.74373,0.30070,0.30530,0.29971,0.30530,0.30399,0.06225,0.06159,0.06290,0.05994,0.06126,-56.01059,-1776.00000
0.74011,0.74143,0.73617,0.73880,0.74472,0.29741,0.29971,0.30202,0.30432,0.30234,0.06093,0.06323,0.06060,0.06192,0.06027,-55.26848,-1775.00000
0.74176,0.73682,0.74307,0.74636,0.73814,0.30728,0.30169,0.30300,0.29840,0.29642,0.06093,0.06323,0.05962,0.05863,0.06258,-55.26848,-1774.00000
0.74011,0.74636,0.73913,0.74505,0.74143,0.29675,0.29938,0.30333,0.29971,0.30333,0.06290,0.06192,0.06225,0.05962,0.06159,-54.98531,-1773.00000
0.73814,0.73682,0.73386,0.73715,0.73781,0.30004,0.30366,0.29675,0.30366,0.29906,0.06258,0.06126,0.05896,0.05929,0.06356,-54.98531,-1772.00000
0.74143,0.73189,0.74439,0.74077,0.74439,0.30136,0.30432,0.30333,0.30070,0.29840,0.05830,0.06290,0.06060,0.06159,0.06192,-55.21483,-1771.00000
0.74636,0.74505,0.73551,0.73781,0.73584,0.29971,0.30530,0.30596,0.30366,0.30202,0.06356,0.06126,0.06225,0.06027,0.06323,-55.21483,-1770.00000
0.74209,0.73485,0.74439,0.73978,0.73353,0.29610,0.30267,0.30169,0.30103,0.29708,0.06027,0.06126,0.06356,0.05600,0.06060,-55.61278,-1769.00000
0.73682,0.73913,0.74044,0.73913,0.74439,0.30070,0.30333,0.30399,0.30004,0.30037,0.06093,0.05994,0.06159,0.06225,0.05929,-55.61278,-1768.00000
0.74242,0.74077,0.73353,0.73419,0.74768,0.30728,0.30530,0.30333,0.30366,0.30465,0.05567,0.06060,0.06027,0.05633,0.05830,-55.80200,-1767.00000
0.73682,0.74570,0.74143,0.74603,0.74373,0.30563,0.29971,0.30136,0.30234,0.30136,0.06225,0.05830,0.05962,0.05797,0.06225,-55.80200,-1766.00000
0.74011,0.74077,0.74439,0.73913,0.73847,0.30267,0.30202,0.30366,0.30465,0.30629,0.06258,0.06323,0.06027,0.06060,0.06060,-56.29211,-1765.00000
0.74242,0.74110,0.73880,0.74373,0.74209,0.30103,0.30399,0.29774,0.30695,0.30859,0.05994,0.06290,0.06060,0.05698,0.06060,-56.29211,-1764.00000
0.73847,0.74077,0.74340,0.73978,0.74176,0.30202,0.30103,0.30136,0.30333,0.30695,0.05764,0.06126,0.05863,0.05994,0.06027,-55.60699,-1763.00000
0.73649,0.74011,0.75393,0.74110,0.73748,0.29938,0.29971,0.30432,0.30399,0.30136,0.06027,0.06060,0.05962,0.06258,0.05994,-55.60699,-1762.00000
0.74011,0.74340,0.74044,0.74472,0.73847,0.29741,0.30103,0.30234,0.30234,0.30662,0.05962,0.06093,0.06521,0.05962,0.05863,-56.28494,-1761.00000
0.73485,0.74538,0.73682,0.74340,0.74143,0.30234,0.30070,0.30070,0.30037,0.30662,0.06225,0.06323,0.05830,0.06126,0.05764,-56.28494,-1760.00000
0.73880,0.73485,0.74077,0.74307,0.73913,0.30103,0.30169,0.30267,0.30465,0.30300,0.06060,0.05896,0.06093,0.06126,0.05962,-55.83778,-1759.00000
0.73353,0.73715,0.74307,0.73617,0.74209,0.30465,0.30267,0.30103,0.30399,0.30103,0.05830,0.05929,0.05929,0.05665,0.06126,-55.83778,-1758.00000
0.74307,0.73946,0.73748,0.74242,0.73880,0.30399,0.30465,0.30498,0.30234,0.30070,0.05731,0.05994,0.05994,0.06027,0.05731,-55.41645,-1757.00000
0.74143,0.74538,0.74077,0.75294,0.74603,0.29807,0.30202,0.30563,0.30169,0.30136,0.05929,0.05929,0.06422,0.05863,0.05896,-55.41645,-1756.00000
0.74077,0.74209,0.74570,0.74143,0.74011,0.29807,0.30366,0.30465,0.30202,0.30728,0.05501,0.06192,0.05698,0.05764,0.05863,-54.88596,-1755.00000
0.74439,0.74143,0.74110,0.74242,0.73946,0.30070,0.30399,0.30169,0.30169,0.30300,0.05863,0.06521,0.05633,0.05929,0.05929,-54.88596,-1754.00000
0.73781,0.74439,0.73847,0.73748,0.74077,0.30366,0.29741,0.30629,0.30563,0.29938,0.05567,0.05896,0.05797,0.05929,0.05962,-55.20177,-1753.00000
0.74274,0.74044,0.74176,0.73748,0.74077,0.30202,0.30366,0.29938,0.30498,0.30300,0.05863,0.05896,0.06060,0.05731,0.06093,-55.20177,-1752.00000
0.74340,0.74538,0.73781,0.74209,0.73584,0.30267,0.29873,0.30267,0.30070,0.30399,0.06093,0.05929,0.06027,0.05929,0.05600,-55.92120,-1751.00000
0.73321,0.73814,0.73847,0.74077,0.74110,0.29906,0.30267,0.30202,0.30563,0.30202,0.05994,0.06126,0.06060,0.05994,0.05863,-55.92120,-1750.00000
0.74472,0.73847,0.74242,0.74077,0.73584,0.30267,0.30432,0.30234,0.30859,0.30103,0.06093,0.05994,0.05797,0.05994,0.05863,-55.64126,-1749.00000
0.73748,0.74406,0.73946,0.74044,0.74472,0.30300,0.30234,0.30432,0.30070,0.30366,0.05600,0.05863,0.05994,0.05797,0.05929,-55.64126,-1748.00000
0.73485,0.73584,0.73715,0.73880,0.74373,0.30202,0.30202,0.30202,0.30366,0.30070,0.05731,0.06258,0.05830,0.05633,0.05304,-55.22786,-1747.00000
0.74011,0.74110,0.73715,0.74077,0.74077,0.30399,0.30070,0.30234,0.29906,0.29840,0.05665,0.05633,0.05929,0.05633,0.05962,-55.22786,-1746.00000
0.74570,0.73847,0.73814,0.74702,0.73814,0.30267,0.29906,0.30300,0.30202,0.30366,0.05698,0.05764,0.06159,0.05896,0.05929,-54.72086,-1745.00000
0.74044,0.74242,0.73814,0.73715,0.73814,0.30465,0.30399,0.30267,0.29807,0.29873,0.05994,0.05896,0.05994,0.05994,0.05863,-54.72086,-1744.00000
0.74110,0.74406,0.74176,0.73946,0.74143,0.30267,0.29971,0.30300,0.30004,0.30070,0.05830,0.05534,0.05830,0.05962,0.05929,-53.50545,-1743.00000
0.74209,0.74406,0.73814,0.74110,0.74307,0.30300,0.30958,0.29971,0.30300,0.30629,0.05337,0.05567,0.05435,0.05633,0.05435,-53.50545,-1742.00000
0.73748,0.74274,0.73913,0.74110,0.74340,0.30004,0.29873,0.30300,0.30333,0.30300,0.05633,0.05567,0.05402,0.05468,0.05764,-53.93290,-1741.00000
0.73781,0.74373,0.74176,0.73255,0.74307,0.30826,0.30136,0.30366,0.30004,0.30037,0.05863,0.05994,0.05863,0.05764,0.05994,-53.93290,-1740.00000
0.73748,0.73452,0.74242,0.74176,0.74077,0.30004,0.30300,0.30498,0.30169,0.30004,0.05830,0.05896,0.05534,0.05929,0.05830,-52.27163,-1739.00000
0.74340,0.74110,0.74242,0.73847,0.73781,0.30169,0.30300,0.30498,0.30563,0.30662,0.05962,0.05929,0.05600,0.05633,0.05764,-52.27163,-1738.00000
0.73057,0.73814,0.74143,0.74242,0.73913,0.29938,0.29774,0.30202,0.30037,0.30267,0.05764,0.05665,0.05962,0.05830,0.05994,-52.36384,-1737.00000
0.73781,0.74373,0.73715,0.73485,0.73913,0.30169,0.30333,0.30234,0.30234,0.30267,0.05665,0.05698,0.05731,0.05731,0.05665,-52.36384,-1736.00000
0.73386,0.74077,0.74110,0.74143,0.73781,0.30004,0.30136,0.30169,0.30432,0.30202,0.05764,0.05830,0.05731,0.05501,0.05863,-52.81278,-1735.00000
0.73814,0.73353,0.74340,0.73978,0.74077,0.30366,0.30300,0.29873,0.30169,0.30070,0.05534,0.05929,0.05764,0.06027,0.05994,-52.81278,-1734.00000
0.73880,0.73880,0.73913,0.73814,0.73748,0.30267,0.30234,0.30070,0.30169,0.30465,0.06126,0.05830,0.05501,0.05698,0.05830,-53.93813,-1733.00000
0.73452,0.74406,0.73321,0.74077,0.73814,0.29807,0.30202,0.30070,0.30300,0.30530,0.05830,0.05896,0.05534,0.05830,0.05337,-53.93813,-1732.00000
0.73518,0.74143,0.74242,0.74307,0.73156,0.29610,0.30333,0.29873,0.29906,0.30300,0.05830,0.05468,0.05863,0.05501,0.05633,-54.51301,-1731.00000
0.74077,0.73814,0.74340,0.73847,0.74307,0.30432,0.30530,0.30234,0.30103,0.30662,0.05369,0.05402,0.05435,0.05731,0.05797,-54.51301,-1730.00000
0.73978,0.74636,0.73978,0.73748,0.74472,0.30169,0.30103,0.30300,0.30037,0.30399,0.05534,0.05797,0.05698,0.05501,0.05633,-54.69059,-1729.00000
0.74242,0.73880,0.74077,0.74143,0.74702,0.30103,0.30300,0.29708,0.30300,0.30234,0.05534,0.05929,0.05435,0.05665,0.05665,-54.69059,-1728.00000
0.74242,0.74340,0.74242,0.74307,0.74439,0.30267,0.30136,0.29906,0.30333,0.29938,0.05567,0.05731,0.05435,0.05830,0.05567,-55.23104,-1727.00000
0.73748,0.74307,0.74439,0.73814,0.74439,0.30267,0.29971,0.30498,0.30366,0.30563,0.05929,0.05633,0.05567,0.05929,0.05402,-55.23104,-1726.00000
0.73978,0.74110,0.74702,0.74603,0.74274,0.30300,0.30136,0.30366,0.30465,0.30465,0.05764,0.05337,0.05468,0.05600,0.05633,-55.46464,-1725.00000
0.73946,0.74143,0.74044,0.74209,0.74077,0.30267,0.30399,0.30366,0.30530,0.30070,0.05369,0.05534,0.05764,0.05731,0.05929,-55.46464,-1724.00000
0.74011,0.74472,0.74077,0.74011,0.74176,0.30234,0.30563,0.29938,0.30366,0.30333,0.05665,0.05797,0.05994,0.05731,0.05402,-55.47158,-1723.00000
0.73781,0.74307,0.74340,0.74965,0.73978,0.30498,0.30300,0.30169,0.30267,0.30399,0.05698,0.05863,0.05764,0.05534,0.05567,-55.47158,-1722.00000
0.74176,0.74373,0.74242,0.74439,0.73913,0.30103,0.30333,0.29807,0.30103,0.30202,0.05369,0.05073,0.05567,0.05271,0.05435,-55.32124,-1721.00000
0.74044,0.73584,0.73847,0.74274,0.74274,0.30070,0.30432,0.29544,0.30530,0.30234,0.05534,0.05534,0.05468,0.05665,0.05830,-55.32124,-1720.00000
0.74110,0.73946,0.73419,0.74242,0.73781,0.30300,0.30004,0.30234,0.30037,0.29741,0.05665,0.05501,0.05830,0.05534,0.05369,-56.16892,-1719.00000
0.73978,0.73946,0.73321,0.73880,0.74176,0.30333,0.30136,0.30629,0.30498,0.30169,0.05468,0.05402,0.05534,0.05402,0.05337,-56.16892,-1718.00000
0.73452,0.74242,0.74011,0.73978,0.73057,0.30465,0.30103,0.30169,0.30234,0.30004,0.05633,0.05172,0.05435,0.05764,0.05633,-55.84081,-1717.00000
0.73518,0.74209,0.73847,0.73419,0.74570,0.30234,0.30070,0.30267,0.29774,0.30300,0.04942,0.05402,0.05567,0.05468,0.05106,-55.84081,-1716.00000
0.74373,0.73978,0.73781,0.73781,0.73617,0.29971,0.30399,0.29906,0.29840,0.30300,0.05337,0.05468,0.05304,0.05139,0.05567,-56.08202,-1715.00000
0.74044,0.74242,0.73847,0.73748,0.74373,0.29873,0.30563,0.30103,0.30004,0.30004,0.05534,0.05468,0.05534,0.05369,0.05369,-56.08202,-1714.00000
0.73880,0.73715,0.74110,0.74176,0.73386,0.30267,0.30333,0.30465,0.30234,0.30465,0.05139,0.05534,0.05041,0.05106,0.05567,-55.68261,-1713.00000
0.73222,0.74274,0.73814,0.74143,0.73584,0.30004,0.30070,0.30169,0.30530,0.30136,0.05698,0.05402,0.05238,0.05073,0.05534,-55.68261,-1712.00000
0.73518,0.74406,0.73748,0.73551,0.73814,0.30103,0.30300,0.30136,0.29906,0.30432,0.05271,0.05665,0.05304,0.05073,0.05369,-55.33154,-1711.00000
0.74439,0.74307,0.73419,0.74472,0.74242,0.30234,0.30300,0.30399,0.29741,0.29840,0.05534,0.05698,0.05271,0.05008,0.05139,-55.33154,-1710.00000
0.74439,0.74011,0.73880,0.74176,0.73748,0.30202,0.30103,0.30136,0.30629,0.29906,0.05271,0.05271,0.05073,0.05238,0.05106,-55.80054,-1709.00000
0.73353,0.73649,0.73288,0.73748,0.74176,0.30202,0.30432,0.30234,0.30169,0.30432,0.05600,0.05369,0.05139,0.05501,0.04942,-55.80054,-1708.00000
0.74011,0.74669,0.73978,0.74735,0.74274,0.30267,0.30432,0.30234,0.30103,0.30333,0.05698,0.05337,0.05238,0.05106,0.05369,-56.01550,-1707.00000
0.74505,0.73847,0.74011,0.74077,0.73814,0.30037,0.30366,0.29708,0.29840,0.29774,0.04909,0.05665,0.05534,0.05041,0.05304,-56.01550,-1706.00000
0.73913,0.74274,0.74110,0.73946,0.74274,0.29971,0.29840,0.30136,0.30169,0.30465,0.05238,0.05073,0.05008,0.04876,0.05337,-55.61273,-1705.00000
0.73748,0.74143,0.74274,0.73946,0.74209,0.30366,0.29642,0.30136,0.30103,0.30267,0.05501,0.05731,0.05271,0.04876,0.04942,-55.61273,-1704.00000
0.73518,0.74077,0.74143,0.74340,0.74077,0.30629,0.30300,0.29971,0.30202,0.30202,0.05106,0.05238,0.05435,0.05139,0.05205,-55.81418,-1703.00000
0.73781,0.73617,0.74373,0.73781,0.73551,0.30399,0.30202,0.30004,0.30234,0.30333,0.05106,0.05534,0.04843,0.05567,0.05139,-55.81418,-1702.00000
0.73682,0.73946,0.74011,0.74110,0.73748,0.30037,0.30070,0.29675,0.30234,0.30169,0.05106,0.05106,0.04745,0.05205,0.04942,-55.20445,-1701.00000
0.73682,0.74044,0.74077,0.73649,0.73584,0.30202,0.30530,0.30037,0.29906,0.30333,0.04942,0.05238,0.04876,0.05600,0.05041,-55.20445,-1700.00000
0.73880,0.74209,0.73584,0.73617,0.74077,0.30103,0.30004,0.30530,0.30333,0.30432,0.05337,0.05172,0.05205,0.04777,0.04876,-55.50994,-1699.00000
0.73946,0.73386,0.73913,0.73781,0.74373,0.30037,0.30596,0.29840,0.30366,0.30399,0.05238,0.05139,0.04975,0.05008,0.05008,-55.50994,-1698.00000
0.73880,0.73978,0.73452,0.73584,0.73748,0.30202,0.30300,0.30333,0.30366,0.30103,0.04613,0.05238,0.05304,0.05008,0.04876,-55.80185,-1697.00000
0.73649,0.73847,0.73913,0.73847,0.73715,0.29774,0.30234,0.30103,0.30103,0.30530,0.04876,0.05304,0.05073,0.05337,0.04909,-55.80185,-1696.00000
0.73748,0.73649,0.73617,0.73913,0.74176,0.30333,0.30267,0.30300,0.30234,0.30267,0.04975,0.05304,0.05073,0.05073,0.05041,-56.42631,-1695.00000
0.74406,0.73913,0.74044,0.73617,0.74373,0.30366,0.30399,0.29774,0.29807,0.29708,0.05205,0.05271,0.05205,0.04975,0.05008,-56.42631,-1694.00000
0.74768,0.74373,0.73649,0.73913,0.73584,0.30300,0.29906,0.29906,0.29675,0.30695,0.05139,0.05139,0.04843,0.05238,0.05271,-56.74099,-1693.00000
0.74044,0.74110,0.74209,0.73880,0.73485,0.30136,0.30004,0.29938,0.30465,0.29906,0.04712,0.04942,0.04942,0.04843,0.04909,-56.74099,-1692.00000
0.74044,0.73978,0.73649,0.73649,0.73946,0.29971,0.30070,0.29741,0.30300,0.29971,0.04876,0.05172,0.04810,0.05106,0.04646,-56.35633,-1691.00000
0.74340,0.73255,0.74603,0.73847,0.73715,0.29577,0.30004,0.30234,0.30333,0.30136,0.05172,0.04876,0.05106,0.05041,0.04876,-56.35633,-1690.00000
0.73913,0.73584,0.73748,0.73781,0.74011,0.30070,0.30300,0.30070,0.30103,0.29610,0.04876,0.04909,0.04547,0.05139,0.05073,-55.83198,-1689.00000
0.73880,0.72893,0.73419,0.73123,0.73880,0.30465,0.29774,0.29938,0.30267,0.30234,0.05172,0.05106,0.05041,0.05008,0.04810,-55.83198,-1688.00000
0.74011,0.74209,0.73847,0.74110,0.74110,0.29971,0.29873,0.30004,0.30070,0.29906,0.04909,0.04679,0.04975,0.04679,0.04777,-55.81394,-1687.00000
0.74077,0.74603,0.74011,0.73880,0.74209,0.29840,0.30004,0.30070,0.30300,0.30300,0.04975,0.04876,0.04777,0.05008,0.04777,-55.81394,-1686.00000
0.73946,0.74209,0.73452,0.74570,0.74044,0.30234,0.30004,0.29971,0.30366,0.30169,0.04580,0.05008,0.04843,0.04745,0.04942,-55.68773,-1685.00000
0.74011,0.73748,0.73255,0.74439,0.73913,0.30169,0.30136,0.30498,0.30070,0.30070,0.05205,0.04646,0.05205,0.04942,0.05008,-55.68773,-1684.00000
0.73584,0.73123,0.73419,0.73978,0.73748,0.30136,0.29906,0.29873,0.30267,0.30300,0.04580,0.04745,0.04810,0.04745,0.04613,-55.48303,-1683.00000
0.73748,0.73682,0.74373,0.74143,0.73913,0.30070,0.30300,0.30004,0.30563,0.30070,0.04876,0.04646,0.04613,0.04942,0.04613,-55.48303,-1682.00000
0.73584,0.73913,0.73682,0.73649,0.73649,0.29971,0.29873,0.30399,0.29971,0.30267,0.04416,0.04580,0.04613,0.04514,0.04514,-56.28643,-1681.00000
0.74011,0.73386,0.73518,0.73682,0.73847,0.30267,0.30004,0.29938,0.30169,0.30202,0.04777,0.04613,0.04613,0.04942,0.04777,-56.28643,-1680.00000
0.73978,0.74242,0.73781,0.74176,0.73913,0.30070,0.30498,0.29971,0.30333,0.29906,0.04810,0.04810,0.04449,0.04876,0.04547,-56.06558,-1679.00000
0.73255,0.74077,0.73518,0.73649,0.74176,0.30169,0.30202,0.30267,0.30530,0.29840,0.04580,0.04547,0.04745,0.04646,0.04810,-56.06558,-1678.00000
0.73847,0.74077,0.73715,0.74340,0.73419,0.30432,0.30267,0.29840,0.30037,0.30136,0.04383,0.04712,0.04810,0.04350,0.04909,-56.17488,-1677.00000
0.73715,0.74176,0.74538,0.74603,0.73715,0.29873,0.30202,0.30004,0.29906,0.30037,0.04580,0.04843,0.04679,0.04547,0.04416,-56.17488,-1676.00000
0.73847,0.74077,0.73682,0.73814,0.73978,0.30267,0.29873,0.30300,0.30366,0.30267,0.04416,0.04547,0.04876,0.04481,0.04383,-55.47025,-1675.00000
0.74209,0.73946,0.74044,0.74373,0.73485,0.30498,0.30267,0.30037,0.29807,0.30465,0.04481,0.04646,0.04613,0.04547,0.04350,-55.47025,-1674.00000
0.73715,0.73814,0.74209,0.74044,0.73485,0.30267,0.30300,0.29840,0.30202,0.30234,0.04317,0.04712,0.04416,0.04317,0.04547,-55.44753,-1673.00000
0.74110,0.73880,0.73748,0.73485,0.74307,0.30629,0.30136,0.29938,0.30202,0.30366,0.04712,0.04449,0.04547,0.04679,0.04580,-55.44753,-1672.00000
0.73847,0.74077,0.74011,0.74603,0.73452,0.30267,0.29807,0.30267,0.30103,0.29577,0.04646,0.04646,0.04481,0.04810,0.04317,-55.62904,-1671.00000
0.73847,0.73847,0.74242,0.73847,0.74044,0.30103,0.30070,0.30695,0.30234,0.30563,0.04350,0.04350,0.04712,0.04449,0.04350,-55.62904,-1670.00000
0.73880,0.73913,0.73288,0.73880,0.73649,0.30267,0.30070,0.30465,0.29906,0.30004,0.04284,0.04350,0.04810,0.04416,0.04810,-55.27546,-1669.00000
0.74406,0.74373,0.74044,0.73814,0.73847,0.30004,0.30234,0.29906,0.30234,0.30037,0.04383,0.05041,0.04383,0.04481,0.04547,-55.27546,-1668.00000
0.73584,0.73946,0.73452,0.74274,0.73617,0.30366,0.29971,0.30136,0.30037,0.29741,0.04547,0.04481,0.04777,0.04514,0.04120,-55.77982,-1667.00000
0.73715,0.73913,0.74077,0.74209,0.74735,0.30300,0.30333,0.29938,0.30103,0.29971,0.04218,0.04481,0.04514,0.04284,0.04481,-55.77982,-1666.00000
0.74274,0.73781,0.74373,0.74340,0.74307,0.30070,0.30432,0.30004,0.30202,0.30169,0.04580,0.04449,0.04218,0.04383,0.04317,-56.30544,-1665.00000
0.73946,0.74077,0.74143,0.73649,0.74439,0.30432,0.30169,0.30070,0.29807,0.30169,0.04153,0.04613,0.04547,0.04284,0.04218,-56.30544,-1664.00000
0.74406,0.73913,0.73913,0.74077,0.74340,0.30432,0.30136,0.30202,0.30136,0.30300,0.04054,0.04284,0.04416,0.04613,0.04317,-55.61854,-1663.00000
0.73617,0.73518,0.73978,0.74307,0.74077,0.30333,0.30234,0.30432,0.30169,0.29873,0.04416,0.04185,0.04383,0.04350,0.04514,-55.61854,-1662.00000
0.74044,0.73584,0.74702,0.73814,0.74505,0.30465,0.30103,0.30267,0.30169,0.30037,0.04284,0.03955,0.04547,0.04120,0.04350,-56.49335,-1661.00000
0.74274,0.73748,0.74373,0.74077,0.73748,0.30103,0.29840,0.30234,0.29873,0.29774,0.04383,0.04514,0.04021,0.04153,0.04481,-56.49335,-1660.00000
0.74077,0.74603,0.74505,0.73682,0.74209,0.30465,0.30399,0.29741,0.30366,0.30103,0.03955,0.04284,0.04185,0.04481,0.04383,-56.49619,-1659.00000
0.74176,0.74176,0.73551,0.73814,0.73781,0.30629,0.30399,0.30070,0.29708,0.30037,0.04218,0.04087,0.04087,0.04153,0.04185,-56.49619,-1658.00000
0.73617,0.74011,0.74176,0.73978,0.74143,0.30234,0.30399,0.30366,0.29906,0.30234,0.04218,0.03889,0.03955,0.04021,0.03955,-55.98003,-1657.00000
0.73946,0.73485,0.73452,0.74340,0.72926,0.29774,0.29807,0.30202,0.30070,0.30037,0.03922,0.04185,0.04218,0.04054,0.04054,-55.98003,-1656.00000
0.73617,0.73880,0.74011,0.73288,0.73748,0.30070,0.29807,0.29840,0.29577,0.30202,0.04317,0.04580,0.03955,0.04087,0.04317,-56.28591,-1655.00000
0.73649,0.73781,0.73222,0.73649,0.74044,0.30432,0.30300,0.30202,0.30234,0.30234,0.04153,0.04514,0.04087,0.04153,0.04481,-56.28591,-1654.00000
0.73353,0.74143,0.73814,0.73452,0.73321,0.30070,0.30234,0.29873,0.29807,0.30728,0.03988,0.03955,0.04153,0.03988,0.03955,-56.28749,-1653.00000
0.74176,0.74307,0.73255,0.73880,0.73946,0.29807,0.30267,0.30070,0.30103,0.30465,0.04251,0.04218,0.03725,0.04218,0.04317,-56.28749,-1652.00000
0.73551,0.73847,0.73946,0.74242,0.73847,0.30761,0.30103,0.30498,0.29971,0.30267,0.04218,0.04153,0.04185,0.03988,0.04054,-55.73163,-1651.00000
0.74176,0.73715,0.73617,0.74242,0.73913,0.30070,0.30103,0.30465,0.30136,0.30037,0.04087,0.04021,0.04021,0.04087,0.04021,-55.73163,-1650.00000
0.74077,0.73978,0.74472,0.74603,0.74570,0.30004,0.30300,0.30530,0.30169,0.30399,0.03889,0.04153,0.03988,0.04120,0.04021,-55.08994,-1649.00000
0.74110,0.73386,0.74011,0.73814,0.74209,0.30267,0.29906,0.29610,0.30103,0.30596,0.03857,0.04185,0.03988,0.03889,0.04054,-55.08994,-1648.00000
0.74143,0.73682,0.74209,0.74274,0.73913,0.30399,0.30169,0.30202,0.29971,0.30103,0.04317,0.03824,0.04120,0.03725,0.04218,-54.66167,-1647.00000
0.73617,0.74735,0.73781,0.74801,0.74439,0.30169,0.30300,0.29840,0.30136,0.30465,0.03857,0.03922,0.04021,0.03758,0.03889,-54.66167,-1646.00000
0.74209,0.73880,0.73847,0.74538,0.73946,0.29774,0.30234,0.30300,0.30070,0.30859,0.04054,0.03988,0.03988,0.03889,0.03988,-55.56326,-1645.00000
0.73946,0.73715,0.74044,0.73452,0.73715,0.30103,0.29906,0.29938,0.29774,0.30234,0.03988,0.03955,0.04021,0.03922,0.03791,-55.56326,-1644.00000
0.74143,0.73847,0.74176,0.73715,0.73551,0.29938,0.30004,0.30136,0.30202,0.30037,0.03857,0.03824,0.03692,0.03889,0.03725,-55.41346,-1643.00000
0.73946,0.73419,0.74340,0.73978,0.73649,0.30629,0.30202,0.30300,0.30070,0.29906,0.04087,0.03988,0.03791,0.03626,0.03857,-55.41346,-1642.00000
0.73715,0.73814,0.74011,0.73715,0.73222,0.30563,0.30465,0.29971,0.29840,0.30267,0.03824,0.04021,0.03692,0.03824,0.04218,-55.90742,-1641.00000
0.73781,0.74110,0.74505,0.73485,0.73715,0.29971,0.30629,0.30103,0.29774,0.30004,0.04087,0.04350,0.03824,0.04449,0.03889,-55.90742,-1640.00000
0.73978,0.73880,0.73551,0.73814,0.74242,0.30234,0.30070,0.29971,0.30169,0.30267,0.03725,0.03791,0.03955,0.03889,0.03659,-55.65634,-1639.00000
0.73748,0.73551,0.73649,0.73386,0.74373,0.30300,0.30202,0.29971,0.29445,0.30333,0.03561,0.03922,0.04054,0.03955,0.03889,-55.65634,-1638.00000
0.73617,0.73617,0.74110,0.73452,0.73715,0.29577,0.30234,0.30300,0.30070,0.30399,0.03593,0.03396,0.04054,0.03626,0.04021,-56.51714,-1637.00000
0.73781,0.73617,0.73682,0.73584,0.74373,0.29938,0.30366,0.30037,0.30070,0.30300,0.03791,0.03561,0.03659,0.03857,0.03462,-56.51714,-1636.00000
0.73781,0.73847,0.73485,0.73715,0.73584,0.30300,0.30300,0.29807,0.30103,0.30366,0.03824,0.03561,0.03725,0.03955,0.03922,-56.25173,-1635.00000
0.73617,0.73419,0.74209,0.73617,0.73551,0.30103,0.30037,0.30004,0.29741,0.30399,0.03692,0.03626,0.03396,0.03791,0.03297,-56.25173,-1634.00000
0.73946,0.74044,0.72761,0.73649,0.73682,0.30202,0.30366,0.30103,0.30004,0.30103,0.03692,0.03758,0.04153,0.03593,0.03561,-56.28993,-1633.00000
0.73551,0.73353,0.73847,0.74011,0.74603,0.29741,0.30202,0.30202,0.30267,0.29708,0.03889,0.03429,0.03889,0.03429,0.03626,-56.28993,-1632.00000
0.74077,0.73913,0.73946,0.73946,0.73551,0.30037,0.29577,0.29149,0.30004,0.29774,0.03396,0.04087,0.03593,0.03330,0.04054,-55.46430,-1631.00000
0.73255,0.73288,0.73978,0.74110,0.73913,0.30136,0.30169,0.30234,0.30530,0.30103,0.03593,0.03593,0.03889,0.03396,0.03791,-55.46430,-1630.00000
0.73913,0.73748,0.74044,0.73946,0.74110,0.30333,0.29906,0.29906,0.30432,0.29675,0.03692,0.04054,0.03593,0.03593,0.03495,-55.76194,-1629.00000
0.73946,0.73321,0.74242,0.73913,0.73485,0.30103,0.29445,0.30563,0.30300,0.30300,0.03857,0.03528,0.03561,0.03561,0.03396,-55.76194,-1628.00000
0.73781,0.73649,0.73880,0.73551,0.74209,0.30563,0.29873,0.30530,0.30366,0.31024,0.03659,0.04054,0.03363,0.03462,0.03429,-55.85704,-1627.00000
0.73748,0.73288,0.73847,0.74472,0.73321,0.30267,0.29873,0.29840,0.30004,0.30103,0.03528,0.03659,0.03363,0.02804,0.02870,-55.85704,-1626.00000
0.74274,0.73485,0.73386,0.73913,0.73682,0.30037,0.30136,0.30070,0.30234,0.29938,0.03495,0.03330,0.03297,0.03232,0.03791,-55.66534,-1625.00000
0.73715,0.74274,0.74110,0.73748,0.73946,0.30267,0.29807,0.30662,0.29741,0.30300,0.03199,0.03528,0.03166,0.03330,0.03528,-55.66534,-1624.00000
0.73386,0.74110,0.73781,0.73748,0.73781,0.30530,0.29906,0.30267,0.30267,0.30169,0.03166,0.03561,0.03593,0.03265,0.03330,-55.43277,-1623.00000
0.73419,0.73682,0.73814,0.73781,0.73584,0.29577,0.30103,0.30333,0.30037,0.29938,0.02968,0.03528,0.03429,0.03725,0.03495,-55.43277,-1622.00000
0.73913,0.73123,0.73715,0.73781,0.73452,0.30070,0.30169,0.30037,0.30169,0.29906,0.03495,0.03232,0.02903,0.03396,0.03199,-55.39216,-1621.00000
0.73518,0.73880,0.73946,0.73814,0.74636,0.29971,0.30267,0.30004,0.30070,0.30202,0.03429,0.03659,0.03100,0.03429,0.03791,-55.39216,-1620.00000
0.74077,0.74274,0.74011,0.73649,0.73419,0.29971,0.30136,0.29906,0.29873,0.30202,0.03166,0.03725,0.03725,0.03363,0.03133,-55.24491,-1619.00000
0.74011,0.73386,0.73748,0.73419,0.74373,0.29708,0.29906,0.30234,0.29938,0.29971,0.03593,0.03396,0.03429,0.03758,0.03330,-55.24491,-1618.00000
0.73781,0.74143,0.73880,0.73353,0.74077,0.30037,0.30267,0.29741,0.30234,0.30037,0.03495,0.03330,0.03297,0.03100,0.03429,-55.51552,-1617.00000
0.73617,0.73682,0.73748,0.73946,0.73649,0.30399,0.29708,0.29971,0.30070,0.29774,0.03199,0.03265,0.03034,0.03199,0.03297,-55.51552,-1616.00000
0.73419,0.73978,0.73617,0.74307,0.74242,0.29938,0.29873,0.30070,0.30333,0.30070,0.03429,0.02968,0.02936,0.02804,0.03166,-55.32612,-1615.00000
0.73386,0.74011,0.73880,0.72860,0.73584,0.30695,0.30728,0.30070,0.30037,0.30333,0.03067,0.03166,0.03001,0.03265,0.03297,-55.32612,-1614.00000
0.73946,0.74011,0.73946,0.73781,0.73255,0.30366,0.30234,0.29642,0.29906,0.30202,0.03396,0.03100,0.03100,0.02640,0.03265,-55.11179,-1613.00000
0.73419,0.73452,0.73946,0.73353,0.72992,0.30037,0.30202,0.30794,0.29873,0.30070,0.03001,0.03199,0.02936,0.02903,0.03495,-55.11179,-1612.00000
0.73715,0.74307,0.73617,0.73913,0.74011,0.30103,0.29544,0.30103,0.30267,0.29938,0.03363,0.03067,0.03199,0.02903,0.02837,-55.17797,-1611.00000
0.73518,0.73551,0.73617,0.73781,0.73551,0.29906,0.29938,0.30202,0.30169,0.30432,0.02640,0.03265,0.03100,0.02968,0.03067,-55.17797,-1610.00000
0.73551,0.73518,0.73682,0.73584,0.74242,0.29938,0.29906,0.30366,0.29938,0.30399,0.02705,0.02936,0.02738,0.03067,0.03166,-55.07189,-1609.00000
0.73518,0.73485,0.74143,0.74143,0.72893,0.30169,0.29642,0.30234,0.30267,0.30136,0.02738,0.02968,0.02804,0.03133,0.02837,-55.07189,-1608.00000
0.74110,0.73649,0.73715,0.73781,0.74603,0.30070,0.30366,0.29873,0.30563,0.30004,0.03232,0.02968,0.02640,0.03330,0.03199,-56.04181,-1607.00000
0.73419,0.74176,0.73847,0.73617,0.74242,0.29708,0.29971,0.30037,0.30465,0.30267,0.02903,0.02870,0.02903,0.02607,0.03001,-56.04181,-1606.00000
0.73649,0.73452,0.73551,0.74373,0.73913,0.30037,0.30432,0.30169,0.30267,0.30465,0.02672,0.02738,0.02837,0.03232,0.02640,-55.44278,-1605.00000
0.73978,0.73321,0.73288,0.73288,0.73748,0.30267,0.30498,0.30366,0.30563,0.30366,0.03166,0.03363,0.02837,0.02968,0.03166,-55.44278,-1604.00000
0.74044,0.73978,0.73748,0.74044,0.73748,0.29906,0.30234,0.30202,0.30333,0.30366,0.03034,0.03034,0.02771,0.03001,0.03034,-56.13692,-1603.00000
0.73715,0.73584,0.73781,0.74143,0.73649,0.30234,0.30136,0.30103,0.30202,0.30267,0.02968,0.02738,0.03232,0.02936,0.03067,-56.13692,-1602.00000
0.74143,0.73617,0.73880,0.74110,0.74735,0.29544,0.30432,0.30103,0.30300,0.30169,0.02837,0.02837,0.02903,0.02903,0.02837,-55.61729,-1601.00000
0.74209,0.73781,0.74044,0.73255,0.73649,0.30202,0.30234,0.29906,0.30169,0.29873,0.02179,0.03166,0.02442,0.02245,0.02607,-55.61729,-1600.00000
0.73452,0.73847,0.72992,0.74242,0.73452,0.30070,0.29840,0.29708,0.30169,0.30202,0.03330,0.03001,0.02771,0.02376,0.02640,-55.71880,-1599.00000
0.73419,0.73617,0.74176,0.73880,0.73617,0.29840,0.30070,0.30070,0.30366,0.29873,0.03133,0.02804,0.02607,0.02870,0.02607,-55.71880,-1598.00000
0.73880,0.73781,0.72465,0.73551,0.73386,0.29971,0.30037,0.30070,0.30399,0.30202,0.02705,0.03034,0.02541,0.02475,0.02508,-55.32766,-1597.00000
0.73485,0.74011,0.73913,0.73715,0.73682,0.29840,0.30465,0.30037,0.30202,0.29807,0.02574,0.02245,0.03034,0.03100,0.02738,-55.32766,-1596.00000
0.73682,0.74274,0.74011,0.73255,0.72959,0.30267,0.30103,0.30300,0.30300,0.30103,0.02574,0.02738,0.02245,0.02344,0.02705,-56.54323,-1595.00000
0.73649,0.74044,0.74209,0.73913,0.74011,0.30136,0.30004,0.30070,0.30234,0.30662,0.02475,0.02837,0.02804,0.02738,0.02804,-56.54323,-1594.00000
0.73452,0.74110,0.73353,0.74044,0.73880,0.30234,0.30169,0.29675,0.29873,0.30234,0.02541,0.02475,0.02672,0.02837,0.02968,-55.81556,-1593.00000
0.73781,0.74143,0.73814,0.73715,0.74209,0.29840,0.30333,0.30366,0.30103,0.29511,0.02771,0.02574,0.02344,0.02212,0.02607,-55.81556,-1592.00000
0.73419,0.73814,0.73485,0.73814,0.74274,0.30202,0.30070,0.30563,0.30267,0.29873,0.02870,0.02705,0.02541,0.02738,0.02409,-55.40778,-1591.00000
0.73715,0.73913,0.73814,0.73485,0.73452,0.30103,0.30366,0.29774,0.30136,0.30300,0.02968,0.02640,0.02475,0.02508,0.02771,-55.40778,-1590.00000
0.73748,0.73419,0.74242,0.73847,0.73682,0.30300,0.30136,0.30728,0.30333,0.29906,0.02475,0.02771,0.02344,0.02278,0.02738,-56.32205,-1589.00000
0.73518,0.73847,0.73814,0.73452,0.73617,0.30103,0.30169,0.30070,0.30267,0.30234,0.02146,0.02705,0.02771,0.02146,0.02607,-56.32205,-1588.00000
0.73288,0.73880,0.73814,0.73255,0.73584,0.29938,0.30037,0.30004,0.29708,0.30169,0.02738,0.02311,0.02640,0.02475,0.01982,-56.59853,-1587.00000
0.73748,0.73913,0.73946,0.73978,0.72729,0.30234,0.30234,0.30333,0.30136,0.30037,0.02640,0.02475,0.02146,0.02508,0.02409,-56.59853,-1586.00000
0.74143,0.73913,0.73880,0.73485,0.73518,0.30103,0.30366,0.30300,0.30300,0.29840,0.02409,0.02574,0.02475,0.02113,0.02278,-57.19819,-1585.00000
0.74077,0.73748,0.73682,0.73649,0.73452,0.30202,0.30695,0.30432,0.29741,0.30070,0.02212,0.02245,0.02574,0.02245,0.02048,-57.19819,-1584.00000
0.73551,0.73288,0.73847,0.73649,0.73551,0.29840,0.30103,0.29774,0.30103,0.30498,0.02015,0.02541,0.02541,0.02541,0.02278,-56.62400,-1583.00000
0.73978,0.74176,0.73715,0.73913,0.73617,0.29379,0.30629,0.30300,0.30169,0.30300,0.02409,0.02113,0.02344,0.02212,0.02442,-56.62400,-1582.00000
0.73288,0.73946,0.73913,0.73781,0.73978,0.30202,0.30399,0.30629,0.29971,0.30103,0.02179,0.02508,0.02146,0.02146,0.02179,-56.07811,-1581.00000
0.73649,0.73847,0.73715,0.73847,0.73978,0.30037,0.29807,0.30530,0.30037,0.29971,0.02376,0.02442,0.01817,0.02212,0.02179,-56.07811,-1580.00000
0.73222,0.73682,0.73880,0.73715,0.73814,0.30103,0.29938,0.30169,0.29675,0.29971,0.02475,0.02311,0.01949,0.02278,0.02442,-55.38281,-1579.00000
0.73781,0.74011,0.74011,0.73353,0.74406,0.30333,0.30136,0.30399,0.29708,0.29938,0.02442,0.02113,0.02212,0.02344,0.02015,-55.38281,-1578.00000
0.74274,0.73288,0.74143,0.73715,0.73617,0.30136,0.30498,0.30169,0.30103,0.30267,0.02146,0.02508,0.02113,0.02376,0.02048,-55.62353,-1577.00000
0.73452,0.74406,0.73485,0.73222,0.73715,0.30333,0.29971,0.30629,0.29938,0.30300,0.02245,0.02311,0.01949,0.02080,0.02048,-55.62353,-1576.00000
0.73781,0.73518,0.73847,0.74011,0.73452,0.30563,0.30300,0.30629,0.29675,0.30070,0.02376,0.02015,0.02376,0.01982,0.02146,-55.59741,-1575.00000
0.74406,0.74373,0.73946,0.73880,0.73748,0.29906,0.30333,0.30399,0.30234,0.30366,0.02179,0.02146,0.01949,0.02080,0.02048,-55.59741,-1574.00000
0.74209,0.73913,0.73617,0.73715,0.74176,0.29741,0.30234,0.29971,0.29741,0.29807,0.02278,0.01982,0.02048,0.01883,0.02015,-56.00183,-1573.00000
0.73551,0.73419,0.73682,0.73617,0.73222,0.30169,0.30530,0.30300,0.29807,0.30070,0.02113,0.01719,0.02048,0.02311,0.02146,-56.00183,-1572.00000
0.73551,0.73057,0.73781,0.73781,0.73880,0.30004,0.30300,0.30070,0.30103,0.29610,0.02146,0.02344,0.01817,0.01883,0.02015,-55.21527,-1571.00000
0.74176,0.73946,0.73617,0.73978,0.73485,0.30300,0.30366,0.30202,0.30925,0.30267,0.01719,0.02113,0.02212,0.01719,0.01916,-55.21527,-1570.00000
0.73584,0.73617,0.73485,0.73156,0.74143,0.29971,0.30300,0.30070,0.30103,0.30004,0.01883,0.02048,0.02146,0.02311,0.01916,-55.51291,-1569.00000
0.73781,0.73978,0.72926,0.73847,0.73419,0.30267,0.29708,0.30366,0.30004,0.30070,0.01752,0.01916,0.02048,0.02212,0.01521,-55.51291,-1568.00000
0.73386,0.73584,0.73321,0.73551,0.73781,0.29938,0.29774,0.30070,0.29708,0.30004,0.01982,0.01817,0.01587,0.02015,0.01883,-56.01573,-1567.00000
0.73025,0.73551,0.73748,0.73715,0.73649,0.29938,0.30399,0.30070,0.30399,0.30070,0.01949,0.01752,0.01949,0.01982,0.01554,-56.01573,-1566.00000
0.73715,0.73913,0.73321,0.74340,0.73551,0.30103,0.29971,0.30136,0.30728,0.29675,0.01653,0.01850,0.01324,0.01719,0.01719,-56.05474,-1565.00000
0.74077,0.73814,0.73715,0.73485,0.73057,0.29412,0.29906,0.30037,0.29971,0.29906,0.02344,0.01850,0.01883,0.01324,0.01916,-56.05474,-1564.00000
0.73946,0.73913,0.73781,0.73584,0.73748,0.30202,0.29807,0.30267,0.29906,0.30399,0.01850,0.01916,0.01916,0.02113,0.01719,-56.48196,-1563.00000
0.73649,0.73748,0.73518,0.73715,0.73814,0.30234,0.29774,0.29807,0.30465,0.30300,0.01554,0.01916,0.01949,0.01390,0.01719,-56.48196,-1562.00000
0.73617,0.73452,0.73913,0.73485,0.73715,0.29971,0.29610,0.30202,0.29840,0.30070,0.01916,0.01817,0.01521,0.01521,0.01817,-56.43434,-1561.00000
0.73485,0.73485,0.73978,0.73353,0.73978,0.30234,0.29906,0.30530,0.29610,0.30004,0.01784,0.02048,0.01752,0.01817,0.01620,-56.43434,-1560.00000
0.73189,0.74077,0.74044,0.73847,0.73386,0.30169,0.30596,0.30169,0.30169,0.30004,0.01554,0.01949,0.01390,0.01258,0.01554,-55.93690,-1559.00000
0.73682,0.73978,0.74143,0.73386,0.73584,0.30300,0.29807,0.30202,0.30070,0.30169,0.01752,0.01982,0.01752,0.01686,0.01357,-55.93690,-1558.00000
0.73617,0.73584,0.74176,0.74011,0.73715,0.30498,0.30333,0.29873,0.30169,0.30103,0.01521,0.01258,0.01554,0.01653,0.01620,-56.13251,-1557.00000
0.73649,0.74077,0.74209,0.73321,0.73584,0.30267,0.29840,0.30300,0.30333,0.30136,0.01357,0.01357,0.01653,0.01488,0.01949,-56.13251,-1556.00000
0.73156,0.74011,0.73847,0.73847,0.73321,0.29873,0.30498,0.30366,0.30037,0.29906,0.01850,0.01752,0.01521,0.01554,0.01784,-55.90317,-1555.00000
0.73452,0.73353,0.73584,0.73946,0.74406,0.30563,0.29840,0.29938,0.30267,0.30037,0.01719,0.01949,0.01686,0.01554,0.01686,-55.90317,-1554.00000
0.73649,0.73617,0.74176,0.74011,0.73025,0.29807,0.30234,0.30004,0.30136,0.29906,0.01587,0.01357,0.01521,0.01686,0.01423,-56.29631,-1553.00000
0.73814,0.73123,0.73880,0.73452,0.73913,0.29807,0.30300,0.30136,0.30530,0.29544,0.01160,0.01784,0.01258,0.01653,0.01686,-56.29631,-1552.00000
0.73781,0.73057,0.73485,0.73255,0.73748,0.29938,0.30136,0.30169,0.30629,0.30432,0.01488,0.01620,0.01620,0.01291,0.01324,-56.28780,-1551.00000
0.73978,0.73880,0.74011,0.73584,0.74274,0.29873,0.30103,0.30333,0.29642,0.30103,0.01554,0.01817,0.01357,0.01258,0.01817,-56.28780,-1550.00000
0.74274,0.74373,0.74538,0.73255,0.73781,0.30037,0.30070,0.29774,0.30037,0.30169,0.01521,0.01225,0.01521,0.01817,0.02048,-55.81480,-1549.00000
0.73321,0.74274,0.73913,0.73617,0.73715,0.29938,0.29938,0.30169,0.30037,0.30169,0.01324,0.01554,0.01620,0.01390,0.01258,-55.81480,-1548.00000
0.73847,0.73584,0.73847,0.73518,0.73781,0.30267,0.30004,0.29971,0.30202,0.30563,0.01324,0.01719,0.01225,0.01357,0.01324,-55.52703,-1547.00000
0.73682,0.74176,0.73814,0.73255,0.74242,0.30004,0.30465,0.29840,0.30596,0.30037,0.01423,0.01488,0.01390,0.01028,0.01423,-55.52703,-1546.00000
0.74011,0.73781,0.73715,0.73880,0.73682,0.30004,0.30399,0.29938,0.30662,0.29807,0.01094,0.01587,0.01620,0.00929,0.01653,-55.82260,-1545.00000
0.73156,0.73946,0.73978,0.73025,0.73222,0.30103,0.29840,0.30070,0.30202,0.30267,0.01554,0.01620,0.01258,0.01192,0.01817,-55.82260,-1544.00000
0.73057,0.73452,0.73847,0.73617,0.73452,0.30070,0.30596,0.29938,0.30498,0.30169,0.01061,0.01390,0.01192,0.01258,0.01127,-55.38200,-1543.00000
0.73617,0.72696,0.73123,0.73485,0.73353,0.30399,0.30070,0.30070,0.30103,0.29577,0.01423,0.01225,0.01291,0.01620,0.01061,-55.38200,-1542.00000
0.73748,0.72959,0.74044,0.73321,0.73386,0.29840,0.30300,0.29807,0.30103,0.29544,0.01192,0.01291,0.01423,0.01192,0.01225,-56.00155,-1541.00000
0.73485,0.73123,0.73814,0.73518,0.73518,0.30300,0.30037,0.30037,0.29938,0.30037,0.01390,0.01587,0.01554,0.01456,0.01291,-56.00155,-1540.00000
0.74044,0.72992,0.73321,0.73452,0.73321,0.29873,0.30366,0.30169,0.29938,0.29840,0.01686,0.01225,0.01291,0.01061,0.01390,-55.73027,-1539.00000
0.73946,0.73781,0.73946,0.73682,0.73584,0.30300,0.30136,0.30596,0.29577,0.29708,0.01094,0.01160,0.01160,0.01225,0.01258,-55.73027,-1538.00000
0.73584,0.74077,0.73682,0.73880,0.74044,0.29906,0.29774,0.30234,0.30530,0.29906,0.01456,0.01127,0.00831,0.01160,0.01258,-55.44082,-1537.00000
0.73814,0.73649,0.73682,0.74077,0.72959,0.29610,0.30596,0.30366,0.30070,0.30333,0.01488,0.01258,0.01225,0.01028,0.01061,-55.44082,-1536.00000
0.73584,0.74011,0.73189,0.73847,0.73814,0.30465,0.29840,0.29675,0.30300,0.29938,0.01061,0.01225,0.01094,0.01390,0.01061,-55.79170,-1535.00000
0.73649,0.73715,0.73946,0.73090,0.73748,0.30333,0.30366,0.30563,0.30629,0.29774,0.01127,0.01291,0.00765,0.01127,0.01258,-55.79170,-1534.00000
0.73452,0.73518,0.73551,0.73025,0.73847,0.30004,0.30498,0.30202,0.30300,0.30037,0.00666,0.01324,0.00929,0.01160,0.01127,-56.10142,-1533.00000
0.73386,0.72433,0.73880,0.73913,0.73617,0.30366,0.30333,0.30465,0.30070,0.30202,0.01390,0.01423,0.01225,0.01061,0.01061,-56.10142,-1532.00000
0.74044,0.73123,0.73847,0.73847,0.73321,0.30004,0.30234,0.29807,0.30333,0.29741,0.00995,0.00403,0.01225,0.01192,0.01357,-56.07805,-1531.00000
0.73518,0.73518,0.73255,0.73353,0.74077,0.30234,0.30103,0.30432,0.29971,0.29675,0.01192,0.00995,0.01291,0.01127,0.01225,-56.07805,-1530.00000
0.73353,0.73419,0.74340,0.73321,0.72893,0.30169,0.29906,0.30169,0.30070,0.30070,0.00896,0.01160,0.00995,0.00666,0.00699,-55.70748,-1529.00000
0.73781,0.72235,0.73617,0.73715,0.73715,0.30366,0.30070,0.29873,0.30530,0.29873,0.01423,0.01192,0.00929,0.01160,0.00896,-55.70748,-1528.00000
0.72926,0.73649,0.73485,0.72893,0.73452,0.30103,0.30037,0.30202,0.29774,0.30267,0.01258,0.01094,0.00896,0.01423,0.00831,-55.85179,-1527.00000
0.72860,0.73090,0.73156,0.73781,0.74011,0.29873,0.29938,0.29906,0.29807,0.30004,0.01061,0.00666,0.01028,0.00568,0.01061,-55.85179,-1526.00000
0.74143,0.73649,0.73452,0.73025,0.73946,0.30366,0.29774,0.29741,0.30136,0.30136,0.01127,0.00929,0.00896,0.00962,0.00864,-55.91173,-1525.00000
0.73649,0.73781,0.73715,0.73551,0.73288,0.30366,0.29873,0.30202,0.30070,0.30333,0.00765,0.00896,0.00568,0.01291,0.00929,-55.91173,-1524.00000
0.73452,0.73321,0.74307,0.72992,0.72827,0.30202,0.30070,0.30136,0.30333,0.30103,0.00831,0.00831,0.00896,0.00831,0.00896,-55.66339,-1523.00000
0.73682,0.73518,0.73321,0.74143,0.73090,0.30629,0.30136,0.30037,0.30037,0.30169,0.00962,0.01028,0.00962,0.00568,0.01061,-55.66339,-1522.00000
0.74077,0.73913,0.73748,0.73452,0.73946,0.29675,0.29774,0.29774,0.30366,0.30169,0.00864,0.01094,0.01225,0.00699,0.00798,-55.34146,-1521.00000
0.73617,0.73518,0.73288,0.73682,0.73781,0.29971,0.29445,0.30136,0.29675,0.29774,0.00568,0.00896,0.00831,0.00568,0.00896,-55.34146,-1520.00000
0.73913,0.73485,0.73255,0.73617,0.73847,0.30333,0.30136,0.30037,0.30234,0.30629,0.01094,0.00502,0.00666,0.00732,0.00995,-55.77864,-1519.00000
0.73025,0.73518,0.73288,0.73353,0.73090,0.30169,0.30267,0.30136,0.30366,0.30169,0.00699,0.00535,0.00995,0.00995,0.01127,-55.77864,-1518.00000
0.73649,0.73880,0.73748,0.73485,0.73617,0.29938,0.30202,0.30300,0.30399,0.29774,0.01160,0.00633,0.01357,0.00962,0.00864,-56.07047,-1517.00000
0.73288,0.73682,0.73649,0.73123,0.73189,0.29840,0.29840,0.30267,0.30333,0.30202,0.00962,0.00896,0.00732,0.00929,0.00929,-56.07047,-1516.00000
0.73880,0.73255,0.73518,0.73222,0.73485,0.30234,0.29610,0.30530,0.30037,0.30629,0.00666,0.00732,0.00962,0.00568,0.00666,-55.80135,-1515.00000
0.73946,0.73682,0.73485,0.73946,0.73518,0.29741,0.30300,0.30432,0.30037,0.30267,0.00699,0.00732,0.00699,0.00699,0.00962,-55.80135,-1514.00000
0.73222,0.73255,0.74011,0.73518,0.73584,0.30465,0.30530,0.30300,0.29708,0.30169,0.00864,0.00633,0.00929,0.00666,0.00896,-55.55448,-1513.00000
0.73847,0.73814,0.74011,0.74340,0.73222,0.29971,0.30300,0.30103,0.29675,0.30300,0.00436,0.00732,0.01127,0.00239,0.00568,-55.55448,-1512.00000
0.74274,0.74505,0.73189,0.73518,0.74077,0.30300,0.29906,0.30169,0.30037,0.30300,0.00864,0.00929,0.00765,0.00239,0.00798,-55.94375,-1511.00000
0.73222,0.73452,0.73485,0.73814,0.73353,0.30202,0.30004,0.30169,0.29906,0.30333,0.00600,0.00469,0.00666,0.00929,0.00239,-55.94375,-1510.00000
0.73321,0.73978,0.74176,0.73485,0.73452,0.29938,0.29741,0.30432,0.30530,0.30465,0.00798,0.01028,0.00798,0.00436,0.00798,-55.61347,-1509.00000
0.73946,0.73649,0.73419,0.73584,0.73485,0.30103,0.29840,0.30300,0.30366,0.30728,0.00732,0.00633,0.00403,0.00600,0.00502,-55.61347,-1508.00000
0.74077,0.73649,0.73353,0.73485,0.73090,0.30234,0.30070,0.30070,0.29610,0.29807,0.00568,0.00732,0.00633,0.00502,0.00666,-55.74619,-1507.00000
0.73551,0.73222,0.73123,0.73288,0.72597,0.29642,0.30103,0.29906,0.30136,0.30234,0.00206,0.00469,0.00370,0.00304,0.00962,-55.74619,-1506.00000
0.73781,0.73255,0.73386,0.73485,0.72893,0.29938,0.30366,0.29938,0.30004,0.29807,0.00502,0.00732,0.00535,0.00864,0.00962,-56.20317,-1505.00000
0.73551,0.74044,0.73321,0.73485,0.73649,0.30037,0.30300,0.30465,0.29873,0.30103,0.00436,0.00896,0.00568,0.00896,0.00535,-56.20317,-1504.00000
0.73025,0.74011,0.73978,0.73617,0.72926,0.29906,0.30728,0.30070,0.30037,0.30103,0.00337,0.00600,0.00304,0.00633,0.00666,-55.72854,-1503.00000
0.73518,0.73288,0.73386,0.73353,0.73255,0.30465,0.29774,0.30202,0.29807,0.29807,0.00666,0.00600,0.00600,0.00798,0.00633,-55.72854,-1502.00000
0.73321,0.73189,0.73386,0.73353,0.73781,0.30169,0.29741,0.30267,0.29774,0.30070,0.00469,0.00633,0.00732,0.00929,0.00436,-56.20656,-1501.00000
0.74011,0.73781,0.73485,0.73419,0.73551,0.30366,0.30037,0.29511,0.30234,0.30103,0.00535,0.00272,0.00568,0.00535,0.00206,-56.20656,-1500.00000
0.73781,0.73617,0.74044,0.73617,0.72959,0.29971,0.30333,0.30169,0.29840,0.29774,0.00765,0.00206,0.00272,0.00600,0.00600,-57.39039,-1499.00000
0.73847,0.73781,0.73649,0.73715,0.73748,0.29840,0.29774,0.29873,0.30267,0.29610,0.00568,0.00535,0.00633,0.00600,0.00568,-57.39039,-1498.00000
0.73321,0.73386,0.73386,0.73485,0.73551,0.30202,0.30103,0.29807,0.29938,0.29873,0.00403,0.00469,0.00568,0.00469,0.00436,-57.39392,-1497.00000
0.73551,0.73814,0.73288,0.73419,0.73584,0.30169,0.30070,0.30136,0.30202,0.30202,0.00600,0.00600,0.00239,0.00337,0.00864,-57.39392,-1496.00000
0.73386,0.73386,0.73090,0.73485,0.74044,0.30136,0.30169,0.30399,0.29971,0.30432,0.00732,0.00403,0.00831,0.00403,0.00732,-56.21893,-1495.00000
0.74110,0.73386,0.73946,0.73452,0.73353,0.30136,0.29807,0.29741,0.29708,0.30366,0.00239,0.01028,0.00502,0.00272,0.00403,-56.21893,-1494.00000
0.73452,0.74373,0.74044,0.73123,0.73386,0.30037,0.30596,0.29511,0.29610,0.30070,0.00535,0.00370,0.00370,0.00337,0.00041,-55.78281,-1493.00000
0.72696,0.73682,0.73551,0.73485,0.73649,0.30596,0.30596,0.30498,0.30070,0.30070,0.00502,0.00436,0.00107,0.00304,0.00436,-55.78281,-1492.00000
0.72959,0.73649,0.73913,0.74077,0.73321,0.29906,0.30300,0.29774,0.30004,0.30103,0.00436,0.00699,0.00436,0.00272,0.00436,-54.90801,-1491.00000
0.73485,0.73518,0.73649,0.73551,0.74077,0.30234,0.29971,0.29741,0.29774,0.30234,0.00337,0.00535,0.00206,0.00633,0.00140,-54.90801,-1490.00000
0.73419,0.73321,0.73913,0.73649,0.73715,0.30234,0.30498,0.30432,0.30530,0.30004,0.00370,0.00436,0.00337,0.00403,0.00469,-56.05264,-1489.00000
0.73353,0.73978,0.74110,0.74242,0.73156,0.30136,0.30037,0.29938,0.30169,0.29906,0.00469,0.00140,0.00337,0.00337,0.00502,-56.05264,-1488.00000
0.73485,0.73814,0.73748,0.73649,0.72827,0.30563,0.30202,0.29807,0.29938,0.30070,0.00239,0.00272,0.00272,0.00304,0.00633,-55.92915,-1487.00000
0.73452,0.74143,0.72992,0.73946,0.73880,0.30070,0.30136,0.30070,0.30004,0.30629,-0.00189,0.00666,0.00370,0.00633,0.00370,-55.92915,-1486.00000
0.73617,0.73551,0.73057,0.73781,0.73353,0.29675,0.29906,0.30333,0.30103,0.30234,0.00337,0.00765,0.00041,0.00239,0.00272,-55.30344,-1485.00000
0.73485,0.73419,0.74110,0.73814,0.73617,0.29840,0.30136,0.30004,0.30136,0.30004,0.00436,0.00206,0.00502,0.00140,0.00864,-55.30344,-1484.00000
0.74209,0.73189,0.73419,0.73551,0.73189,0.30070,0.30004,0.29840,0.30169,0.30103,0.00206,0.00831,0.00502,0.00568,0.00304,-55.42028,-1483.00000
0.73551,0.73551,0.73880,0.73485,0.73353,0.30202,0.29774,0.30826,0.30004,0.29873,0.00600,0.00403,0.00337,0.00436,0.00173,-55.42028,-1482.00000
0.73189,0.73551,0.73485,0.73649,0.73255,0.30234,0.29577,0.30333,0.29906,0.30037,0.00074,0.00107,-0.00025,0.00107,0.00239,-55.55438,-1481.00000
0.73485,0.73485,0.73288,0.73288,0.73649,0.30103,0.29971,0.29971,0.30267,0.30300,0.00765,0.00107,0.00041,0.00107,0.00568,-55.55438,-1480.00000
0.72926,0.73748,0.73386,0.73090,0.73584,0.30070,0.30234,0.30037,0.30103,0.30202,0.00403,0.00469,-0.00025,0.00074,0.00337,-56.25375,-1479.00000
0.73946,0.73946,0.73321,0.73682,0.73781,0.30432,0.29807,0.30169,0.29873,0.29938,0.00469,0.00469,-0.00123,0.00206,0.00535,-56.25375,-1478.00000
0.73682,0.73814,0.73715,0.73748,0.73715,0.30432,0.30070,0.29708,0.30202,0.30169,0.00206,0.00206,0.00239,0.00436,0.00304,-56.11516,-1477.00000
0.73255,0.73649,0.73715,0.73419,0.73913,0.29971,0.29906,0.30136,0.30202,0.30103,0.00337,0.00337,0.00469,0.00304,-0.00123,-56.11516,-1476.00000
0.73123,0.73551,0.73584,0.73617,0.73353,0.29938,0.29840,0.29840,0.29938,0.30432,0.00206,0.00107,0.00140,0.00206,0.00140,-55.55758,-1475.00000
0.73913,0.73715,0.73584,0.73123,0.73485,0.30169,0.30234,0.29675,0.30366,0.30070,0.00502,0.00041,0.00008,-0.00123,0.00173,-55.55758,-1474.00000
0.73189,0.73123,0.73419,0.73715,0.73025,0.29840,0.30070,0.29708,0.29610,0.30169,0.00666,-0.00255,0.00173,0.00600,0.00502,-55.61082,-1473.00000
0.73715,0.73189,0.73057,0.73748,0.73057,0.29741,0.30103,0.29906,0.30300,0.30169,-0.00123,0.00140,-0.00189,0.00239,0.00173,-55.61082,-1472.00000
0.72992,0.73814,0.73617,0.73386,0.73913,0.29807,0.29938,0.29807,0.30267,0.30103,0.00272,0.00041,0.00107,0.00206,0.00239,-55.38109,-1471.00000
0.73386,0.73781,0.73913,0.73386,0.73814,0.30070,0.29971,0.30366,0.29840,0.30037,-0.00222,0.00535,0.00008,0.00074,0.00502,-55.38109,-1470.00000
0.73255,0.73386,0.73353,0.72597,0.73321,0.30037,0.30366,0.30037,0.30333,0.29840,0.00140,0.00304,0.00041,0.00041,0.00304,-55.19787,-1469.00000
0.72992,0.74011,0.73682,0.73946,0.73748,0.29840,0.30004,0.29906,0.30037,0.30563,0.00633,0.00272,0.00206,0.00272,0.00140,-55.19787,-1468.00000
0.73321,0.73255,0.72992,0.73189,0.73156,0.29774,0.29741,0.30794,0.29840,0.29544,0.00008,0.00436,0.00107,-0.00057,0.00535,-55.87774,-1467.00000
0.73682,0.73649,0.72729,0.73781,0.73748,0.29807,0.30234,0.30465,0.30432,0.30267,-0.00123,0.00535,0.00272,0.00370,0.00239,-55.87774,-1466.00000
0.73485,0.73255,0.73156,0.73321,0.74011,0.29971,0.29741,0.29971,0.29906,0.29971,0.00666,0.00173,0.00831,0.00074,0.00370,-53.25137,-1465.00000
0.73156,0.72729,0.73189,0.72827,0.73617,0.30399,0.30004,0.30432,0.29675,0.30202,-0.00255,0.00272,0.00600,0.00206,0.00107,-53.25137,-1464.00000
0.73090,0.72992,0.73485,0.73682,0.73452,0.29938,0.29708,0.30234,0.30004,0.30202,0.00370,0.00469,0.00337,0.00436,0.00140,-52.09444,-1463.00000
0.73222,0.73386,0.73485,0.73090,0.72926,0.29840,0.29971,0.29840,0.30267,0.29511,0.00337,-0.00057,0.00239,0.00436,0.00041,-52.09444,-1462.00000
0.73222,0.73386,0.72071,0.73255,0.73715,0.30070,0.30136,0.30333,0.29807,0.30169,0.00008,0.00173,-0.00057,0.00206,0.00304,-53.22007,-1461.00000
0.73584,0.73419,0.72992,0.73156,0.72794,0.29938,0.30333,0.30070,0.30596,0.30432,0.00239,-0.00025,0.00370,0.00107,-0.00025,-53.22007,-1460.00000
0.73551,0.72860,0.73156,0.73255,0.73189,0.30629,0.30563,0.29938,0.29840,0.30202,0.00403,0.00074,0.00469,0.00173,0.00272,-53.78289,-1459.00000
0.73452,0.73090,0.73057,0.72827,0.73353,0.30267,0.29610,0.29675,0.29445,0.29873,0.00370,0.00304,0.00107,0.00041,0.00239,-53.78289,-1458.00000
0.73090,0.73321,0.73386,0.73617,0.73025,0.30169,0.29971,0.30202,0.29840,0.29840,0.00370,0.00008,0.00041,0.00041,0.00272,-53.82260,-1457.00000
0.73485,0.73419,0.73584,0.72860,0.73518,0.30169,0.29281,0.30333,0.29807,0.30202,0.00173,0.00436,-0.00123,0.00272,0.00107,-53.82260,-1456.00000
0.73057,0.73156,0.73156,0.73715,0.72729,0.29906,0.30234,0.30004,0.29971,0.30530,0.00206,0.00304,-0.00025,0.00304,-0.00025,-55.07536,-1455.00000
0.73353,0.73584,0.73518,0.73288,0.73353,0.29938,0.30103,0.29675,0.30004,0.29873,-0.00057,0.00206,-0.00057,0.00041,0.00239,-55.07536,-1454.00000
0.73452,0.72992,0.73452,0.73353,0.73123,0.29906,0.29906,0.30004,0.29971,0.30267,0.00633,-0.00057,0.00304,0.00337,0.00469,-55.17928,-1453.00000
0.72992,0.73682,0.73649,0.72794,0.72992,0.30202,0.30136,0.29906,0.29873,0.30234,0.00107,0.00206,0.00008,0.00041,0.00600,-55.17928,-1452.00000
0.73551,0.73123,0.73288,0.72729,0.73419,0.29840,0.30136,0.30037,0.29741,0.29774,-0.00090,0.00239,-0.00189,-0.00123,0.00008,-55.40702,-1451.00000
0.72794,0.73222,0.73090,0.73090,0.73288,0.30103,0.29906,0.30070,0.30070,0.29741,0.00206,-0.00025,0.00107,0.00206,0.00403,-55.40702,-1450.00000
0.73255,0.72893,0.73255,0.72959,0.72926,0.30070,0.30103,0.30498,0.30432,0.29873,0.00041,0.00304,-0.00090,0.00304,-0.00025,-55.55996,-1449.00000
0.72367,0.73649,0.73057,0.73353,0.73189,0.29873,0.29906,0.29741,0.30103,0.30103,0.00008,0.00436,0.00173,-0.00090,0.00239,-55.55996,-1448.00000
0.73288,0.73353,0.73748,0.72531,0.72827,0.30530,0.29873,0.30267,0.30037,0.29807,0.00107,-0.00025,-0.00025,0.00239,0.00041,-57.20869,-1447.00000
0.73057,0.73880,0.72696,0.73386,0.72926,0.30234,0.30037,0.29873,0.30267,0.29840,0.00107,0.00239,0.00173,0.00008,0.00041,-57.20869,-1446.00000
0.73156,0.73025,0.73090,0.73386,0.73025,0.30366,0.30103,0.30037,0.29774,0.29511,-0.00255,0.00403,0.00140,0.00337,0.00304,-56.38267,-1445.00000
0.73321,0.73321,0.72498,0.72794,0.73551,0.29708,0.29675,0.30202,0.29840,0.30070,0.00140,0.00272,-0.00156,0.00140,0.00041,-56.38267,-1444.00000
0.72860,0.73617,0.73288,0.73617,0.73222,0.30037,0.30169,0.29906,0.29610,0.30037,0.00173,0.00173,0.00107,0.00074,-0.00057,-55.98674,-1443.00000
0.73025,0.72334,0.72893,0.73288,0.72663,0.30432,0.30267,0.29577,0.29971,0.29544,-0.00189,0.00370,-0.00057,0.00074,0.00370,-55.98674,-1442.00000
0.73452,0.72268,0.73156,0.73353,0.73189,0.29544,0.30234,0.29774,0.29938,0.29642,0.00469,-0.00057,0.00074,-0.00452,0.00074,-55.85470,-1441.00000
0.72992,0.72992,0.73057,0.73353,0.72696,0.29971,0.30103,0.29445,0.30202,0.30169,0.00304,0.00140,-0.00255,-0.00025,-0.00189,-55.85470,-1440.00000
0.73025,0.73123,0.72959,0.72794,0.72630,0.30037,0.29906,0.30202,0.29708,0.29873,0.00535,0.00403,0.00074,-0.00025,-0.00090,-55.00499,-1439.00000
0.72465,0.73551,0.72959,0.73025,0.72498,0.30300,0.29873,0.30465,0.29774,0.29873,0.00140,0.00272,0.00436,0.00041,0.00074,-55.00499,-1438.00000
0.72367,0.72959,0.72959,0.72531,0.73353,0.29807,0.30202,0.30004,0.29577,0.29906,0.00074,-0.00025,0.00239,0.00206,0.00041,-55.25640,-1437.00000
0.73123,0.73123,0.73156,0.72301,0.73649,0.29774,0.29544,0.29577,0.29938,0.30234,0.00008,0.00008,0.00173,0.00239,0.00173,-55.25640,-1436.00000
0.72597,0.72597,0.73123,0.73255,0.72301,0.30530,0.30169,0.30037,0.29642,0.29938,0.00008,-0.00057,0.00239,-0.00222,-0.00288,-55.41140,-1435.00000
0.72992,0.73321,0.72959,0.72696,0.73485,0.30070,0.30333,0.29906,0.29741,0.30004,-0.00090,0.00173,0.00107,0.00206,0.00370,-55.41140,-1434.00000
0.72992,0.72761,0.72992,0.73156,0.73485,0.30267,0.29971,0.29873,0.29938,0.29971,0.00041,-0.00419,0.00107,0.00436,0.00272,-55.84047,-1433.00000
0.73156,0.73288,0.73682,0.73386,0.73090,0.30169,0.30070,0.30136,0.30037,0.29840,0.00041,0.00337,-0.00123,0.00403,0.00107,-55.84047,-1432.00000
0.72794,0.73288,0.72860,0.73321,0.72860,0.30037,0.29741,0.30004,0.29741,0.30004,-0.00123,0.00206,-0.00025,0.00239,-0.00386,-55.70588,-1431.00000
0.73551,0.72729,0.72761,0.72498,0.73288,0.30202,0.30004,0.29511,0.29840,0.30465,0.00173,0.00206,-0.00288,0.00272,0.00008,-55.70588,-1430.00000
0.72926,0.73156,0.73025,0.73156,0.72959,0.30136,0.29906,0.30202,0.30465,0.29873,-0.00255,0.00107,0.00337,0.00140,0.00370,-55.69718,-1429.00000
0.73189,0.72498,0.73090,0.72663,0.72663,0.30300,0.30169,0.30004,0.29938,0.30662,0.00041,0.00502,0.00140,0.00337,-0.00090,-55.69718,-1428.00000
0.72761,0.73584,0.73222,0.73649,0.73288,0.29544,0.30662,0.30530,0.30202,0.29840,0.00272,-0.00057,0.00041,-0.00189,0.00107,-55.34126,-1427.00000
0.73386,0.73189,0.73090,0.73288,0.73222,0.30465,0.30563,0.30136,0.29840,0.30169,0.00008,0.00436,-0.00123,-0.00025,0.00140,-55.34126,-1426.00000
0.73321,0.72729,0.73419,0.73189,0.73485,0.30267,0.30103,0.30202,0.29675,0.29938,0.00041,0.00304,0.00469,0.00041,0.00239,-55.31956,-1425.00000
0.73123,0.73419,0.72531,0.73386,0.73649,0.30432,0.30234,0.30202,0.30136,0.29840,-0.00090,0.00206,-0.00057,-0.00156,0.00239,-55.31956,-1424.00000
0.73649,0.73025,0.72992,0.73649,0.73814,0.30399,0.30333,0.30202,0.30267,0.30300,0.00008,0.00107,0.00041,0.00304,0.00074,-55.63829,-1423.00000
0.73189,0.73452,0.72860,0.73518,0.73321,0.30399,0.30234,0.30169,0.30169,0.30498,-0.00090,0.00173,-0.00123,0.00074,0.00370,-55.63829,-1422.00000
0.72992,0.73057,0.72959,0.73452,0.73452,0.30465,0.30366,0.30530,0.29840,0.30004,0.00337,0.00173,-0.00057,0.00337,-0.00485,-55.71221,-1421.00000
0.73617,0.73419,0.73386,0.73321,0.73123,0.30202,0.30004,0.29938,0.30037,0.30070,0.00008,0.00600,-0.00090,0.00239,0.00008,-55.71221,-1420.00000
0.73452,0.73123,0.73353,0.73255,0.72761,0.30202,0.29840,0.30037,0.29807,0.30070,-0.00057,-0.00025,0.00304,0.00304,0.00107,-55.77603,-1419.00000
0.73255,0.73715,0.73485,0.73090,0.73452,0.30202,0.30004,0.29873,0.29938,0.30300,-0.00025,0.00041,0.00173,0.00074,-0.00090,-55.77603,-1418.00000
0.73485,0.73682,0.73288,0.72959,0.73814,0.29938,0.29774,0.30267,0.29906,0.30136,0.00074,-0.00222,0.00337,0.00140,0.00074,-55.32210,-1417.00000
0.72860,0.72696,0.73781,0.73452,0.73057,0.30333,0.29906,0.30300,0.30070,0.29971,0.00041,-0.00189,-0.00025,0.00140,-0.00156,-55.32210,-1416.00000
0.73288,0.72860,0.73288,0.73156,0.73617,0.29938,0.30629,0.30004,0.30103,0.30037,0.00370,0.00239,0.00206,0.00074,0.00041,-55.10978,-1415.00000
0.73649,0.73584,0.72597,0.73978,0.73419,0.29807,0.29807,0.30037,0.29906,0.30070,0.00370,0.00140,-0.00156,0.00140,0.00502,-55.10978,-1414.00000
0.73781,0.72992,0.72729,0.72597,0.72860,0.29577,0.29708,0.30333,0.30103,0.29741,-0.00025,-0.00025,0.00008,-0.00255,0.00140,-54.81075,-1413.00000
0.73057,0.73189,0.73321,0.73551,0.73255,0.30432,0.30103,0.29774,0.29906,0.29807,-0.00584,-0.00090,0.00173,0.00239,0.00107,-54.81075,-1412.00000
0.72597,0.73189,0.72696,0.73485,0.73715,0.30136,0.29938,0.30826,0.30004,0.29511,-0.00288,0.00140,0.00140,-0.00123,0.00008,-55.20323,-1411.00000
0.73452,0.73156,0.73156,0.73880,0.73386,0.30202,0.29971,0.29774,0.30267,0.29938,0.00206,0.00173,-0.00123,0.00008,0.00140,-55.20323,-1410.00000
0.73156,0.73123,0.72729,0.73584,0.73715,0.29642,0.30070,0.30432,0.29873,0.30234,0.00107,0.00206,-0.00321,0.00140,0.00041,-56.05376,-1409.00000
0.72400,0.72926,0.72893,0.72729,0.73255,0.30136,0.29938,0.29741,0.29774,0.29906,0.00304,0.00337,0.00436,0.00173,0.00008,-56.05376,-1408.00000
0.73255,0.73617,0.73025,0.73321,0.73419,0.29906,0.29642,0.30267,0.30103,0.29741,-0.00156,-0.00485,0.00140,-0.00123,0.00239,-56.48879,-1407.00000
0.72794,0.73222,0.73090,0.73057,0.73353,0.29642,0.30333,0.29774,0.29642,0.30202,0.00403,0.00074,0.00041,0.00239,-0.00025,-56.48879,-1406.00000
0.72827,0.72597,0.72926,0.73156,0.72926,0.29774,0.29741,0.30169,0.30103,0.30169,0.00469,0.00041,-0.00189,-0.00057,0.00337,-56.65748,-1405.00000
0.73057,0.72893,0.72498,0.72597,0.72367,0.30498,0.29675,0.29807,0.30728,0.30070,-0.00090,0.00107,0.00074,-0.00057,0.00206,-56.65748,-1404.00000
0.72169,0.72564,0.73255,0.73485,0.73057,0.30136,0.30070,0.30004,0.29675,0.30432,-0.00255,0.00107,0.00107,0.00041,0.00173,-56.00696,-1403.00000
0.72893,0.73518,0.72531,0.72104,0.73518,0.29807,0.30629,0.30366,0.30103,0.29774,0.00107,0.00173,0.00239,-0.00255,-0.00255,-56.00696,-1402.00000
0.73321,0.73419,0.73485,0.72367,0.72893,0.30169,0.29873,0.30004,0.29938,0.30202,-0.00090,-0.00090,-0.00025,0.00337,0.00206,-55.39118,-1401.00000
0.73649,0.73584,0.73057,0.72860,0.73288,0.29741,0.30070,0.29873,0.30202,0.30267,-0.00255,-0.00156,0.00206,0.00436,0.00041,-55.39118,-1400.00000
0.73156,0.73386,0.72597,0.72597,0.73156,0.29741,0.30267,0.30234,0.30366,0.30267,0.00173,0.00304,-0.00025,-0.00025,-0.00123,-55.30545,-1399.00000
0.73123,0.73222,0.73649,0.73222,0.72235,0.29938,0.30004,0.29741,0.30004,0.29938,0.00436,-0.00090,0.00699,-0.00255,-0.00123,-55.30545,-1398.00000
0.72663,0.72860,0.73090,0.72959,0.72926,0.30465,0.30432,0.29511,0.30070,0.30333,-0.00288,-0.00057,-0.00255,0.00337,0.00008,-55.36513,-1397.00000
0.72827,0.73189,0.72860,0.72893,0.72761,0.30037,0.29873,0.30103,0.30234,0.30432,0.00140,0.00074,0.00535,0.00732,0.00173,-55.36513,-1396.00000
0.72959,0.73386,0.72531,0.73057,0.73386,0.30333,0.30004,0.30136,0.30103,0.30432,-0.00156,-0.00255,-0.00288,0.00008,-0.00189,-55.12885,-1395.00000
0.72597,0.72926,0.73123,0.72334,0.72729,0.30070,0.29774,0.29774,0.29610,0.30037,-0.00090,0.00370,-0.00090,0.00008,0.00041,-55.12885,-1394.00000
0.73353,0.72564,0.72959,0.72630,0.72893,0.30366,0.29544,0.29741,0.30300,0.29938,0.00337,-0.00090,0.00173,0.00469,0.00239,-54.34421,-1393.00000
0.72729,0.72465,0.72334,0.72893,0.73025,0.29346,0.29873,0.30169,0.30202,0.30037,0.00074,-0.00255,-0.00090,-0.00090,-0.00321,-54.34421,-1392.00000
0.72564,0.72959,0.72761,0.72630,0.72630,0.29971,0.29840,0.29610,0.30037,0.29774,0.00370,0.00272,0.00304,-0.00025,0.00206,-55.27025,-1391.00000
0.72761,0.72400,0.72465,0.73123,0.73353,0.29741,0.30004,0.30004,0.29774,0.30103,0.00173,0.00074,-0.00222,-0.00288,0.00074,-55.27025,-1390.00000
0.72696,0.73156,0.73025,0.72630,0.73222,0.30333,0.29873,0.29873,0.29610,0.29774,0.00304,-0.00222,0.00107,0.00370,-0.00025,-55.76501,-1389.00000
0.72729,0.73057,0.71775,0.72827,0.72301,0.30202,0.30037,0.30202,0.30530,0.30070,0.00041,0.00173,-0.00189,0.00107,-0.00025,-55.76501,-1388.00000
0.72169,0.73057,0.72663,0.72959,0.72926,0.29807,0.30037,0.29873,0.30662,0.30103,0.00008,-0.00057,0.00272,-0.00156,-0.00123,-56.20526,-1387.00000
0.73025,0.73255,0.72597,0.73025,0.72761,0.30103,0.30103,0.30070,0.29675,0.29610,-0.00156,-0.00123,-0.00288,-0.00156,0.00041,-56.20526,-1386.00000
0.72597,0.73485,0.72761,0.72794,0.72400,0.30136,0.29873,0.30267,0.30169,0.30563,-0.00255,-0.00057,0.00206,0.00008,0.00107,-55.85409,-1385.00000
0.73156,0.73025,0.72729,0.73025,0.73255,0.30366,0.30234,0.30004,0.29807,0.30300,0.00074,-0.00222,-0.00057,0.00140,0.00239,-55.85409,-1384.00000
0.72992,0.73518,0.72794,0.73090,0.72696,0.30300,0.29873,0.30300,0.30004,0.29774,-0.00222,-0.00025,0.00074,-0.00025,0.00008,-55.70048,-1383.00000
0.72926,0.72663,0.73255,0.72531,0.73057,0.29906,0.30267,0.29478,0.29938,0.30267,-0.00025,-0.00156,-0.00090,0.00370,-0.00156,-55.70048,-1382.00000
0.72893,0.73123,0.72564,0.72531,0.72794,0.30629,0.30465,0.30037,0.30169,0.29741,0.00436,0.00140,-0.00123,-0.00189,0.00074,-56.29018,-1381.00000
0.72465,0.72827,0.72137,0.72564,0.72531,0.29906,0.29906,0.30136,0.30234,0.30103,0.00008,0.00173,0.00074,0.00140,0.00173,-56.29018,-1380.00000
0.73222,0.72202,0.73025,0.72334,0.72860,0.29873,0.29708,0.30103,0.30136,0.29708,0.00041,0.00239,-0.00255,-0.00090,-0.00057,-55.50837,-1379.00000
0.72696,0.72992,0.72531,0.73090,0.72827,0.29938,0.30037,0.29675,0.30004,0.30202,0.00074,-0.00057,0.00239,-0.00123,-0.00123,-55.50837,-1378.00000
0.72729,0.72794,0.72564,0.73057,0.72597,0.30300,0.29938,0.30267,0.30037,0.30136,-0.00156,0.00041,-0.00057,0.00173,0.00535,-55.20536,-1377.00000
0.72893,0.72893,0.72268,0.72959,0.72268,0.29938,0.30070,0.30267,0.30004,0.30070,-0.00321,-0.00288,-0.00255,-0.00189,0.00107,-55.20536,-1376.00000
0.73025,0.72893,0.72400,0.72926,0.72235,0.29544,0.29379,0.30432,0.29675,0.30629,0.00140,-0.00057,0.00206,0.00206,0.00370,-55.76186,-1375.00000
0.73025,0.72696,0.72992,0.72465,0.72433,0.30333,0.30169,0.30136,0.29938,0.30234,-0.00090,0.00173,0.00008,-0.00189,0.00304,-55.76186,-1374.00000
0.73057,0.71972,0.73386,0.72663,0.72761,0.30432,0.30103,0.29807,0.30136,0.29807,-0.00057,-0.00288,0.00008,-0.00156,-0.00419,-55.46882,-1373.00000
0.71906,0.72630,0.72104,0.71939,0.72794,0.30202,0.30103,0.30136,0.29971,0.30103,0.00074,0.00107,-0.00090,0.00337,-0.00222,-55.46882,-1372.00000
0.72630,0.72465,0.72235,0.72696,0.72367,0.30300,0.30037,0.30267,0.30070,0.29741,0.00502,-0.00452,0.00041,-0.00288,-0.00222,-54.85355,-1371.00000
0.72794,0.72926,0.72498,0.72334,0.72433,0.29971,0.30399,0.30300,0.29774,0.29741,-0.00025,-0.00057,-0.00057,-0.00123,0.00008,-54.85355,-1370.00000
0.72630,0.71873,0.72465,0.72696,0.72531,0.30070,0.30169,0.29938,0.29708,0.30070,-0.00156,-0.00189,-0.00222,0.00074,0.00107,-54.12111,-1369.00000
0.72038,0.72367,0.71873,0.72992,0.72893,0.30498,0.29971,0.30333,0.30070,0.30169,0.00140,-0.00123,-0.00123,-0.00419,0.00502,-54.12111,-1368.00000
0.72860,0.72794,0.72433,0.72663,0.72794,0.30662,0.29938,0.29807,0.29971,0.30103,0.00206,-0.00156,0.00436,-0.00255,0.00008,-53.70606,-1367.00000
0.72169,0.72400,0.72400,0.72597,0.72564,0.30004,0.30202,0.30300,0.30169,0.29906,0.00074,0.00074,-0.00057,-0.00025,0.00436,-53.70606,-1366.00000
0.72992,0.72597,0.72860,0.72696,0.72268,0.29807,0.29774,0.29774,0.30103,0.29873,-0.00025,-0.00057,0.00140,-0.00156,-0.00189,-53.59864,-1365.00000
0.72663,0.72564,0.72235,0.72794,0.72400,0.30234,0.30530,0.30037,0.29544,0.30037,-0.00156,-0.00123,-0.00057,0.00074,-0.00057,-53.59864,-1364.00000
0.72400,0.72235,0.72926,0.72498,0.72104,0.30004,0.29971,0.30070,0.29741,0.29906,0.00272,0.00008,-0.00090,0.00173,-0.00057,-53.83789,-1363.00000
0.72137,0.72367,0.72663,0.73123,0.72301,0.30169,0.29971,0.29840,0.30169,0.29906,-0.00025,0.00173,0.00074,0.00403,0.00370,-53.83789,-1362.00000
0.72729,0.72334,0.72038,0.72498,0.72038,0.30530,0.29445,0.30070,0.30004,0.29708,0.00337,0.00272,-0.00057,-0.00057,-0.00419,-55.25879,-1361.00000
0.72827,0.72268,0.71676,0.72169,0.72630,0.29906,0.30202,0.30136,0.29840,0.29938,0.00436,-0.00057,0.00140,0.00107,-0.00025,-55.25879,-1360.00000
0.72202,0.72696,0.73025,0.71841,0.72235,0.30465,0.29938,0.29774,0.29774,0.29971,-0.00353,-0.00255,0.00173,0.00008,0.00403,-54.86084,-1359.00000
0.72169,0.72169,0.72400,0.72268,0.72202,0.29610,0.30432,0.30103,0.29938,0.29807,0.00206,-0.00321,0.00140,0.00140,-0.00255,-54.86084,-1358.00000
0.72498,0.72169,0.71906,0.72564,0.72860,0.29873,0.30300,0.30103,0.29906,0.30103,0.00140,-0.00057,0.00008,0.00173,0.00239,-55.03784,-1357.00000
0.72301,0.72498,0.72005,0.73386,0.71939,0.29938,0.30366,0.30366,0.29610,0.29873,-0.00288,-0.00025,-0.00189,-0.00057,-0.00156,-55.03784,-1356.00000
0.71709,0.73057,0.72137,0.72564,0.71939,0.30202,0.30333,0.30399,0.29938,0.30004,0.00337,-0.00255,0.00173,0.00469,0.00041,-55.91736,-1355.00000
0.72564,0.72301,0.72465,0.72301,0.71808,0.29873,0.30267,0.30234,0.30070,0.29906,-0.00057,-0.00123,-0.00123,-0.00090,-0.00123,-55.91736,-1354.00000
0.72301,0.72334,0.72696,0.72400,0.72202,0.29708,0.29873,0.29840,0.30136,0.29807,0.00337,-0.00057,0.00140,-0.00288,0.00206,-55.80536,-1353.00000
0.72169,0.72630,0.72498,0.72334,0.72038,0.29873,0.30202,0.30267,0.30169,0.29873,0.00074,-0.00156,0.00304,-0.00025,0.00008,-55.80536,-1352.00000
0.72104,0.72465,0.72235,0.71873,0.72597,0.30004,0.30530,0.29938,0.29873,0.29906,0.00173,-0.00057,-0.00090,0.00272,0.00370,-55.74448,-1351.00000
0.71413,0.72465,0.72893,0.72597,0.72334,0.29906,0.30103,0.30300,0.29511,0.29906,0.00008,-0.00057,-0.00057,-0.00090,-0.00057,-55.74448,-1350.00000
0.71479,0.72038,0.72334,0.72893,0.72630,0.29774,0.29906,0.29840,0.30037,0.30202,-0.00057,-0.00123,-0.00090,-0.00156,0.00239,-54.84978,-1349.00000
0.72005,0.71873,0.72038,0.71742,0.72498,0.30498,0.30267,0.30333,0.30103,0.30004,-0.00025,-0.00025,0.00206,-0.00090,-0.00025,-54.84978,-1348.00000
0.71939,0.72400,0.71643,0.72169,0.72367,0.30629,0.29610,0.29906,0.30333,0.29807,-0.00288,0.00272,-0.00025,0.00173,0.00107,-55.19588,-1347.00000
0.71906,0.71643,0.72465,0.72169,0.72202,0.29971,0.30136,0.30169,0.29544,0.29906,-0.00222,-0.00057,0.00074,0.00041,-0.00222,-55.19588,-1346.00000
0.71643,0.71742,0.72663,0.72137,0.71808,0.29840,0.29807,0.29675,0.30234,0.30202,-0.00419,0.00206,-0.00090,-0.00090,-0.00123,-55.32011,-1345.00000
0.72169,0.71380,0.71808,0.72301,0.71610,0.29807,0.30432,0.30103,0.29873,0.30267,0.00041,0.00041,0.00173,0.00074,-0.00123,-55.32011,-1344.00000
0.71808,0.72301,0.72202,0.71906,0.72104,0.29906,0.30037,0.30202,0.29741,0.29478,-0.00090,0.00041,0.00140,-0.00419,-0.00353,-55.31386,-1343.00000
0.72071,0.72301,0.72005,0.72827,0.71808,0.29840,0.29906,0.30202,0.29642,0.30333,0.00074,0.00140,-0.00090,0.00173,0.00173,-55.31386,-1342.00000
0.71939,0.71775,0.71742,0.72597,0.72235,0.30103,0.29971,0.29741,0.30202,0.30169,0.00041,0.00008,-0.00123,0.00272,0.00107,-55.89424,-1341.00000
0.72433,0.72400,0.72400,0.72400,0.71709,0.30103,0.30004,0.29675,0.30004,0.29774,0.00041,-0.00090,0.00008,0.00173,0.00107,-55.89424,-1340.00000
0.71808,0.72038,0.72367,0.72169,0.72169,0.29840,0.29741,0.30136,0.30169,0.29675,0.00074,-0.00025,0.00074,-0.00156,0.00206,-55.67905,-1339.00000
0.72202,0.72235,0.72498,0.72169,0.72531,0.29708,0.30037,0.30070,0.29741,0.30169,0.00239,-0.00123,-0.00090,0.00107,-0.00156,-55.67905,-1338.00000
0.71939,0.72104,0.71972,0.71709,0.72498,0.29445,0.30267,0.29511,0.29675,0.30004,-0.00025,0.00074,0.00272,0.00140,-0.00057,-56.25994,-1337.00000
0.72169,0.72564,0.71643,0.72531,0.72169,0.30070,0.29774,0.29774,0.29840,0.29741,-0.00321,0.00140,0.00337,0.00272,-0.00353,-56.25994,-1336.00000
0.71808,0.72235,0.71906,0.72038,0.71084,0.30136,0.30037,0.30136,0.30070,0.30202,-0.00255,-0.00123,0.00239,0.00633,0.00272,-55.87411,-1335.00000
0.72465,0.72564,0.71939,0.72071,0.72827,0.29774,0.29774,0.29938,0.30267,0.30333,0.00173,-0.00518,-0.00090,-0.00386,-0.00057,-55.87411,-1334.00000
0.72334,0.71512,0.72235,0.72334,0.71775,0.29511,0.30037,0.29938,0.29906,0.30037,-0.00321,0.00173,-0.00288,0.00239,-0.00057,-55.97905,-1333.00000
0.72729,0.71610,0.71873,0.72630,0.72137,0.30267,0.30169,0.30004,0.29610,0.29577,0.00502,0.00008,-0.00090,-0.00090,0.00173,-55.97905,-1332.00000
0.71380,0.72137,0.72301,0.71939,0.72202,0.29971,0.29971,0.30136,0.30037,0.30004,-0.00255,-0.00025,0.00107,0.00272,-0.00419,-55.11111,-1331.00000
0.72235,0.71380,0.71545,0.72104,0.72104,0.30333,0.30070,0.30333,0.29873,0.29971,0.00239,-0.00353,-0.00090,-0.00123,-0.00419,-55.11111,-1330.00000
0.71479,0.71906,0.71775,0.72071,0.72268,0.30070,0.30103,0.30103,0.29971,0.29840,0.00272,0.00074,0.00173,-0.00156,-0.00255,-55.94178,-1329.00000
0.72202,0.71742,0.71676,0.72498,0.72137,0.29840,0.29774,0.29675,0.30169,0.29675,-0.00090,0.00304,0.00074,0.00436,0.00074,-55.94178,-1328.00000
0.71709,0.71446,0.71873,0.71643,0.72005,0.29873,0.30004,0.30169,0.29807,0.29511,0.00436,0.00008,0.00107,0.00074,-0.00189,-56.88935,-1327.00000
0.71742,0.71742,0.71545,0.71841,0.71841,0.30037,0.29445,0.30136,0.30004,0.29774,0.00041,0.00074,-0.00025,0.00272,-0.00025,-56.88935,-1326.00000
0.71150,0.72268,0.71643,0.72137,0.71676,0.30037,0.29971,0.29807,0.29741,0.29511,-0.00321,0.00206,0.00107,0.00074,0.00008,-56.78940,-1325.00000
0.72202,0.71808,0.72169,0.71972,0.71479,0.29577,0.29675,0.29675,0.29840,0.29906,0.00370,0.00107,0.00502,0.00206,0.00107,-56.78940,-1324.00000
0.71347,0.71479,0.71545,0.71676,0.71709,0.30267,0.29840,0.29807,0.29906,0.29840,0.00304,0.00140,-0.00123,0.00041,0.00107,-56.15593,-1323.00000
0.71479,0.71446,0.71281,0.72104,0.72367,0.30234,0.30267,0.29906,0.30070,0.29873,0.00074,0.00008,0.00173,-0.00255,0.00107,-56.15593,-1322.00000
0.71709,0.71643,0.71512,0.71873,0.71643,0.30234,0.29511,0.29906,0.30695,0.29741,-0.00057,-0.00057,-0.00025,0.00140,-0.00090,-56.38851,-1321.00000
0.71281,0.72038,0.72268,0.71051,0.71742,0.30004,0.30103,0.30234,0.30004,0.30432,0.00140,0.00140,0.00140,0.00008,0.00535,-56.38851,-1320.00000
0.71446,0.71775,0.71413,0.71906,0.71446,0.29807,0.29938,0.29971,0.29478,0.29675,0.00272,0.00107,-0.00025,0.00272,0.00272,-55.90910,-1319.00000
0.72137,0.71380,0.72005,0.71643,0.71314,0.30136,0.30202,0.29906,0.29642,0.29741,0.00074,-0.00189,-0.00189,-0.00090,0.00107,-55.90910,-1318.00000
0.71643,0.71676,0.71446,0.71281,0.72235,0.30267,0.29840,0.29741,0.29610,0.30103,0.00041,0.00041,0.00008,0.00535,0.00041,-55.60348,-1317.00000
0.71873,0.71906,0.72169,0.71216,0.71808,0.30103,0.30070,0.30234,0.29807,0.29938,-0.00321,-0.00222,-0.00386,0.00173,-0.00189,-55.60348,-1316.00000
0.71808,0.71676,0.71972,0.72005,0.72235,0.29840,0.29873,0.29774,0.30399,0.30136,0.00107,0.00272,-0.00156,0.00107,0.00041,-55.47019,-1315.00000
0.71643,0.71051,0.71150,0.71709,0.71347,0.29971,0.29873,0.29642,0.29577,0.30169,0.00173,-0.00386,0.00074,-0.00090,0.00206,-55.47019,-1314.00000
0.71676,0.71939,0.72169,0.72104,0.71446,0.30037,0.29774,0.29511,0.30004,0.29412,-0.00255,-0.00123,0.00041,-0.00222,-0.00189,-55.96264,-1313.00000
0.71610,0.71380,0.71610,0.71512,0.71150,0.30037,0.29774,0.29544,0.29642,0.29708,-0.00189,-0.00321,-0.00321,0.00370,0.00272,-55.96264,-1312.00000
0.71512,0.71446,0.71577,0.71545,0.71347,0.29642,0.29840,0.29544,0.30366,0.30366,0.00304,-0.00156,-0.00123,0.00140,-0.00057,-56.47497,-1311.00000
0.71841,0.71413,0.71512,0.71183,0.72071,0.30037,0.29610,0.30136,0.29971,0.30432,0.00272,0.00041,-0.00057,0.00008,0.00206,-56.47497,-1310.00000
0.71742,0.71084,0.70788,0.71808,0.71183,0.29906,0.29642,0.29873,0.29840,0.29774,-0.00057,-0.00090,-0.00025,0.00173,0.00239,-55.62518,-1309.00000
0.71183,0.71018,0.71512,0.71512,0.71610,0.30037,0.30300,0.29642,0.30202,0.30169,0.00337,-0.00222,0.00502,-0.00288,0.00502,-55.62518,-1308.00000
0.71709,0.71610,0.71479,0.70985,0.71577,0.29511,0.29840,0.29708,0.29675,0.29610,-0.00255,0.00074,-0.00156,-0.00156,0.00041,-55.99130,-1307.00000
0.71577,0.71018,0.71216,0.71643,0.70854,0.30103,0.29938,0.29708,0.29938,0.30037,0.00337,-0.00090,-0.00025,0.00140,0.00041,-55.99130,-1306.00000
0.71380,0.71446,0.71347,0.71577,0.71249,0.30202,0.29971,0.29642,0.30169,0.30333,-0.00255,-0.00222,0.00008,-0.00025,-0.00090,-55.45171,-1305.00000
0.70920,0.71676,0.71281,0.71183,0.71479,0.29577,0.29807,0.29971,0.30037,0.29708,0.00140,0.00107,0.00403,-0.00222,0.00041,-55.45171,-1304.00000
0.71117,0.71873,0.71084,0.71150,0.71709,0.30004,0.29774,0.30103,0.30267,0.30004,-0.00123,0.00568,-0.00057,-0.00057,0.00074,-56.36599,-1303.00000
0.71281,0.71314,0.71347,0.71643,0.71479,0.30234,0.29741,0.30037,0.29873,0.30103,0.00008,0.00304,0.00008,0.00337,-0.00025,-56.36599,-1302.00000
0.71610,0.71643,0.71347,0.71314,0.70887,0.29971,0.29873,0.29774,0.30004,0.30234,-0.00189,-0.00090,0.00008,0.00173,0.00041,-56.40321,-1301.00000
0.71347,0.71380,0.71676,0.71314,0.71577,0.29807,0.29906,0.30300,0.30004,0.30333,-0.00189,-0.00222,0.00008,0.00140,0.00041,-56.40321,-1300.00000
0.71577,0.71347,0.71150,0.71380,0.71446,0.30169,0.29741,0.30169,0.30267,0.29840,0.00008,-0.00156,-0.00189,0.00337,0.00041,-56.18500,-1299.00000
0.71051,0.71676,0.71545,0.71643,0.71643,0.29248,0.29379,0.29938,0.30103,0.30333,-0.00123,-0.00090,-0.00057,0.00107,0.00008,-56.18500,-1298.00000
0.71281,0.70821,0.70920,0.71380,0.71314,0.30169,0.29675,0.29708,0.30070,0.30136,-0.00156,0.00107,-0.00288,0.00008,-0.00025,-56.35910,-1297.00000
0.71610,0.70525,0.72005,0.71216,0.71380,0.30169,0.29840,0.30103,0.29511,0.30004,-0.00222,-0.00123,-0.00123,0.00173,0.00074,-56.35910,-1296.00000
0.71413,0.70887,0.71577,0.71446,0.71512,0.29906,0.30498,0.30465,0.29840,0.29642,-0.00156,-0.00057,0.00140,0.00173,-0.00189,-55.84068,-1295.00000
0.71150,0.71150,0.70920,0.71446,0.71216,0.30366,0.29906,0.29807,0.29906,0.30037,0.00173,-0.00189,-0.00025,-0.00123,0.00107,-55.84068,-1294.00000
0.70558,0.71446,0.70755,0.71249,0.70426,0.29774,0.29938,0.29610,0.30267,0.29807,0.00074,-0.00485,-0.00222,-0.00189,-0.00057,-55.87200,-1293.00000
0.71347,0.71117,0.70525,0.71610,0.71249,0.29938,0.30004,0.29971,0.30070,0.30136,0.00173,0.00041,-0.00419,-0.00189,0.00239,-55.87200,-1292.00000
0.71018,0.70755,0.71117,0.71018,0.70722,0.29577,0.29675,0.30333,0.29379,0.30366,0.00140,-0.00156,0.00337,0.00469,0.00304,-55.77047,-1291.00000
0.70854,0.71281,0.71183,0.70328,0.71084,0.30465,0.30169,0.29642,0.30136,0.30070,-0.00090,0.00074,-0.00025,-0.00452,0.00008,-55.77047,-1290.00000
0.70360,0.71216,0.70854,0.71446,0.70492,0.29840,0.30136,0.30004,0.29906,0.30333,0.00337,0.00403,-0.00123,0.00502,-0.00386,-55.41698,-1289.00000
0.70492,0.70755,0.71380,0.71018,0.70887,0.29938,0.30037,0.29807,0.30070,0.30169,0.00107,0.00140,-0.00025,0.00041,0.00206,-55.41698,-1288.00000
0.70953,0.71084,0.70755,0.71051,0.70624,0.30037,0.29281,0.30004,0.30103,0.30234,-0.00222,-0.00156,0.00173,-0.00452,0.00074,-55.78954,-1287.00000
0.70755,0.71051,0.70525,0.71545,0.70558,0.29906,0.29840,0.29873,0.29774,0.29840,0.00173,-0.00156,0.00041,0.00107,0.00173,-55.78954,-1286.00000
0.70722,0.70788,0.70920,0.71413,0.70656,0.29873,0.29971,0.30234,0.30267,0.29873,0.00173,-0.00189,0.00074,0.00041,0.00272,-55.80737,-1285.00000
0.71512,0.70624,0.70656,0.71281,0.71051,0.30136,0.29971,0.29906,0.29840,0.29675,0.00206,0.00074,0.00008,0.00173,0.00107,-55.80737,-1284.00000
0.70788,0.70722,0.71446,0.70887,0.70591,0.29906,0.30234,0.30169,0.29577,0.30103,0.00206,0.00337,-0.00321,-0.00057,0.00107,-55.66736,-1283.00000
0.71841,0.71512,0.70755,0.70624,0.71183,0.29741,0.29412,0.30070,0.29840,0.29938,0.00074,0.00403,-0.00156,-0.00057,-0.00353,-55.66736,-1282.00000
0.70755,0.70788,0.70492,0.70854,0.71643,0.29873,0.30103,0.30234,0.29971,0.29971,0.00074,0.00107,-0.00288,0.00370,-0.00057,-55.55096,-1281.00000
0.71249,0.70887,0.70656,0.71643,0.71117,0.29708,0.30136,0.29971,0.29938,0.30103,0.00436,0.00436,0.00370,0.00140,-0.00090,-55.55096,-1280.00000
0.70591,0.70525,0.71512,0.70229,0.70854,0.30563,0.30070,0.29840,0.29774,0.29741,-0.00057,-0.00090,0.00008,-0.00485,-0.00255,-55.94687,-1279.00000
0.70426,0.70558,0.71512,0.70722,0.71380,0.29971,0.29938,0.30563,0.30300,0.30103,0.00107,0.00008,0.00173,0.00008,0.00041,-55.94687,-1278.00000
0.70920,0.70492,0.71018,0.70788,0.70985,0.29577,0.29938,0.30234,0.29938,0.29938,0.00074,0.00041,0.00107,0.00041,0.00436,-55.12920,-1277.00000
0.71512,0.71446,0.71084,0.71084,0.71051,0.30169,0.29708,0.29971,0.29938,0.29741,-0.00090,-0.00025,-0.00255,0.00239,-0.00057,-55.12920,-1276.00000
0.71314,0.70788,0.70755,0.70328,0.70393,0.30004,0.29511,0.29774,0.29708,0.30169,0.00206,0.00173,-0.00156,-0.00255,0.00502,-56.00454,-1275.00000
0.71249,0.71051,0.70689,0.70920,0.70920,0.30169,0.30267,0.29938,0.29741,0.30004,0.00041,0.00041,-0.00057,0.00041,0.00304,-56.00454,-1274.00000
0.71117,0.71873,0.70328,0.70558,0.70722,0.30136,0.29840,0.29478,0.29774,0.29708,0.00337,0.00403,-0.00222,0.00041,0.00272,-55.72688,-1273.00000
0.70624,0.70656,0.70525,0.71183,0.70459,0.30465,0.30070,0.29807,0.29807,0.29840,0.00239,0.00140,0.00074,0.00008,0.00206,-55.72688,-1272.00000
0.70591,0.70953,0.70262,0.70887,0.70591,0.29741,0.30563,0.29971,0.29478,0.30432,-0.00123,0.00403,-0.00025,0.00107,-0.00025,-55.41959,-1271.00000
0.70887,0.70130,0.70953,0.70097,0.71249,0.29675,0.30037,0.29873,0.30070,0.29610,0.00008,-0.00321,0.00107,0.00107,-0.00057,-55.41959,-1270.00000
0.70032,0.70525,0.70755,0.70459,0.70130,0.29182,0.29971,0.30004,0.29544,0.29741,0.00041,0.00140,0.00140,0.00206,0.00140,-55.42708,-1269.00000
0.70624,0.70492,0.70656,0.70558,0.70591,0.30070,0.30004,0.30432,0.29544,0.29938,0.00272,-0.00090,0.00239,-0.00025,0.00008,-55.42708,-1268.00000
0.70788,0.70492,0.71249,0.70525,0.70229,0.29840,0.29774,0.29873,0.30103,0.29478,-0.00057,0.00074,0.00239,0.00074,-0.00189,-55.83610,-1267.00000
0.70196,0.70953,0.69900,0.70295,0.69999,0.29873,0.29840,0.29840,0.30169,0.30234,0.00173,0.00272,0.00206,0.00140,0.00008,-55.83610,-1266.00000
0.69933,0.70328,0.69966,0.70426,0.70262,0.30103,0.29807,0.30136,0.30169,0.29544,-0.00090,0.00008,-0.00189,0.00008,0.00140,-55.90877,-1265.00000
0.70459,0.70064,0.70097,0.70854,0.70196,0.30202,0.29774,0.30465,0.29774,0.30004,-0.00189,-0.00386,0.00008,-0.00025,-0.00419,-55.90877,-1264.00000
0.70821,0.70492,0.71051,0.70920,0.69768,0.30169,0.30169,0.30103,0.29741,0.29577,0.00008,0.00041,0.00074,-0.00090,-0.00156,-56.36259,-1263.00000
0.70328,0.70689,0.69999,0.70492,0.70426,0.29873,0.30267,0.30333,0.29971,0.30136,0.00370,0.00074,0.00173,0.00206,0.00370,-56.36259,-1262.00000
0.70821,0.70229,0.70689,0.70624,0.70854,0.29807,0.29544,0.30070,0.30596,0.29971,0.00074,0.00140,0.00173,0.00107,-0.00057,-55.67397,-1261.00000
0.70459,0.69933,0.70591,0.70887,0.70821,0.30169,0.30169,0.29971,0.30037,0.29971,-0.00057,-0.00090,0.00074,-0.00057,-0.00189,-55.67397,-1260.00000
0.70788,0.70426,0.70426,0.70459,0.71249,0.30267,0.29938,0.30366,0.30399,0.29741,0.00140,-0.00386,-0.00386,0.00140,0.00173,-55.75935,-1259.00000
0.70689,0.70459,0.70656,0.70328,0.70459,0.30333,0.29840,0.29708,0.29642,0.29971,-0.00090,-0.00090,0.00403,0.00107,-0.00057,-55.75935,-1258.00000
0.70985,0.70788,0.70656,0.70262,0.70032,0.30202,0.29971,0.29840,0.29938,0.30004,0.00304,-0.00090,-0.00090,-0.00222,0.00239,-55.79715,-1257.00000
0.70591,0.70821,0.70821,0.70196,0.71150,0.30004,0.29840,0.29741,0.29741,0.29774,0.00206,-0.00255,0.00239,0.00107,-0.00288,-55.79715,-1256.00000
0.70459,0.70163,0.70262,0.70558,0.70689,0.29906,0.30004,0.29971,0.30136,0.29708,0.00140,-0.00288,0.00074,0.00041,0.00140,-55.61586,-1255.00000
0.70426,0.70426,0.70558,0.70360,0.70163,0.30169,0.29906,0.30136,0.30366,0.30169,-0.00090,-0.00222,0.00600,0.00008,-0.00156,-55.61586,-1254.00000
0.70130,0.69933,0.70755,0.70821,0.69966,0.29938,0.29906,0.29774,0.30465,0.30234,-0.00090,-0.00123,0.00041,-0.00090,0.00206,-56.04279,-1253.00000
0.70097,0.70788,0.70525,0.70624,0.70064,0.30366,0.30202,0.30037,0.30267,0.30103,-0.00090,0.00370,-0.00156,0.00239,0.00074,-56.04279,-1252.00000
0.70492,0.70393,0.69768,0.70492,0.70130,0.30070,0.29708,0.29774,0.30530,0.30103,-0.00025,0.00107,0.00304,-0.00123,-0.00156,-56.00235,-1251.00000
0.70196,0.70032,0.70656,0.70262,0.69900,0.30169,0.29971,0.29675,0.30070,0.30004,0.00239,0.00173,0.00239,0.00272,0.00041,-56.00235,-1250.00000
0.70459,0.70064,0.70328,0.70295,0.69374,0.30267,0.29873,0.29544,0.30070,0.30103,-0.00288,0.00436,-0.00222,0.00436,0.00239,-55.96260,-1249.00000
0.69900,0.70163,0.69933,0.70262,0.69144,0.30465,0.30004,0.30169,0.29774,0.29971,-0.00057,-0.00057,0.00074,0.00074,-0.00156,-55.96260,-1248.00000
0.70755,0.70032,0.69834,0.70130,0.70097,0.29873,0.29971,0.30333,0.30366,0.29840,0.00041,0.00107,0.00107,0.00173,-0.00123,-55.71568,-1247.00000
0.70032,0.70492,0.69736,0.69604,0.69834,0.30498,0.30234,0.30202,0.30004,0.29840,0.00008,0.00140,0.00272,0.00173,0.00239,-55.71568,-1246.00000
0.69834,0.70295,0.69768,0.70064,0.70328,0.29642,0.30169,0.30070,0.30004,0.30234,0.00403,0.00041,0.00337,0.00173,0.00074,-56.60296,-1245.00000
0.69933,0.70196,0.69538,0.70163,0.70492,0.29741,0.29840,0.29807,0.29840,0.30300,0.00173,0.00272,-0.00123,-0.00353,-0.00189,-56.60296,-1244.00000
0.69440,0.70295,0.69571,0.70262,0.69670,0.30136,0.30037,0.30267,0.30070,0.30004,0.00008,0.00140,-0.00025,-0.00222,-0.00189,-55.64767,-1243.00000
0.69538,0.69900,0.70196,0.70459,0.70328,0.30169,0.30399,0.30234,0.30070,0.30267,0.00337,0.00732,-0.00156,-0.00222,-0.00090,-55.64767,-1242.00000
0.69670,0.69571,0.70360,0.69900,0.70558,0.30234,0.30037,0.29971,0.30037,0.29544,-0.00156,-0.00090,-0.00452,0.00107,-0.00288,-55.64854,-1241.00000
0.70130,0.69966,0.69768,0.69637,0.70262,0.30366,0.30037,0.29774,0.29873,0.30366,-0.00123,0.00272,-0.00255,-0.00222,-0.00123,-55.64854,-1240.00000
0.69966,0.70558,0.70525,0.70163,0.70295,0.30596,0.30202,0.30596,0.29906,0.30333,0.00041,-0.00255,0.00107,0.00074,-0.00057,-55.08745,-1239.00000
0.69670,0.69900,0.69801,0.69604,0.70328,0.30366,0.30103,0.30234,0.29708,0.30234,-0.00090,0.00074,0.00140,-0.00288,0.00436,-55.08745,-1238.00000
0.69637,0.70360,0.69933,0.69966,0.69834,0.29971,0.30004,0.29938,0.29873,0.30070,0.00370,0.00272,-0.00025,-0.00255,0.00502,-55.21951,-1237.00000
0.69900,0.69242,0.69670,0.69768,0.69571,0.29971,0.30234,0.30267,0.29807,0.29873,-0.00189,0.00140,-0.00025,0.00107,0.00074,-55.21951,-1236.00000
0.70097,0.69768,0.69867,0.69242,0.69209,0.29938,0.30498,0.29938,0.29741,0.30004,-0.00353,-0.00025,-0.00123,0.00140,0.00107,-55.09511,-1235.00000
0.70097,0.69440,0.69440,0.69571,0.69703,0.29938,0.29971,0.30234,0.30037,0.30333,-0.00321,-0.00156,0.00206,0.00107,0.00107,-55.09511,-1234.00000
0.69538,0.69440,0.69999,0.69670,0.69571,0.30070,0.30004,0.30267,0.30070,0.29906,0.00206,0.00568,0.00600,-0.00123,0.00008,-55.84345,-1233.00000
0.69900,0.69341,0.69308,0.69308,0.70032,0.29906,0.29873,0.30267,0.30432,0.30037,-0.00353,0.00107,-0.00222,-0.00025,0.00304,-55.84345,-1232.00000
0.70163,0.69801,0.69440,0.69341,0.69571,0.30300,0.29938,0.30202,0.30004,0.30629,0.00337,-0.00090,0.00008,0.00041,0.00403,-55.94907,-1231.00000
0.68848,0.69538,0.69637,0.69242,0.69505,0.30136,0.30432,0.29708,0.29774,0.30136,-0.00156,-0.00090,0.00107,-0.00222,0.00272,-55.94907,-1230.00000
0.69538,0.69176,0.69440,0.69604,0.69801,0.30070,0.29873,0.29774,0.30202,0.30070,0.00239,-0.00090,0.00008,-0.00057,-0.00222,-57.01506,-1229.00000
0.69209,0.69538,0.68716,0.69341,0.69111,0.30004,0.30202,0.29971,0.30267,0.29807,-0.00025,-0.00123,-0.00288,-0.00025,0.00041,-57.01506,-1228.00000
0.69242,0.69144,0.68946,0.69176,0.69637,0.30004,0.30202,0.29840,0.29873,0.30037,0.00140,-0.00189,-0.00222,-0.00156,-0.00222,-56.21505,-1227.00000
0.69505,0.69472,0.69768,0.69242,0.69900,0.30169,0.30103,0.30169,0.29938,0.30103,0.00074,-0.00419,0.00041,-0.00321,-0.00090,-56.21505,-1226.00000
0.68716,0.69472,0.69472,0.68683,0.68782,0.29642,0.29938,0.30004,0.30037,0.29938,0.00469,-0.00123,0.00206,0.00041,0.00107,-55.81993,-1225.00000
0.69144,0.69768,0.68190,0.69012,0.69078,0.30267,0.30202,0.30267,0.29807,0.29971,0.00140,0.00173,0.00436,0.00337,-0.00255,-55.81993,-1224.00000
0.68552,0.69209,0.68979,0.68979,0.68848,0.29971,0.30399,0.30267,0.30004,0.29971,0.00107,-0.00386,0.00337,-0.00057,0.00074,-55.72735,-1223.00000
0.68946,0.68486,0.69012,0.68387,0.68913,0.29675,0.29610,0.29708,0.30300,0.29938,-0.00419,-0.00156,0.00173,-0.00222,0.00173,-55.72735,-1222.00000
0.68453,0.68190,0.68519,0.69242,0.68256,0.29840,0.29807,0.29610,0.30300,0.29346,-0.00090,-0.00222,0.00074,0.00041,0.00041,-56.41836,-1221.00000
0.68552,0.69440,0.68420,0.69209,0.68946,0.29544,0.29741,0.30103,0.29938,0.29807,0.00041,0.00008,-0.00057,0.00403,-0.00123,-56.41836,-1220.00000
0.68552,0.68354,0.69144,0.68848,0.68749,0.30169,0.29511,0.29906,0.30103,0.29971,0.00140,0.00370,-0.00057,-0.00518,0.00008,-56.29756,-1219.00000
0.68190,0.68749,0.68091,0.68288,0.69242,0.29938,0.29741,0.30070,0.29906,0.30103,0.00568,-0.00057,-0.00090,-0.00025,-0.00222,-56.29756,-1218.00000
0.68354,0.68584,0.68716,0.68683,0.68880,0.30070,0.29708,0.30070,0.30004,0.29610,-0.00156,0.00337,-0.00156,-0.00090,0.00272,-56.30064,-1217.00000
0.68288,0.68190,0.68683,0.68815,0.67992,0.30103,0.30202,0.30366,0.29873,0.29741,-0.00057,0.00008,0.00173,-0.00090,-0.00025,-56.30064,-1216.00000
0.67795,0.69111,0.68683,0.67729,0.69374,0.29741,0.29511,0.30498,0.29906,0.30103,0.00239,-0.00123,0.00008,0.00206,0.00206,-56.10686,-1215.00000
0.68979,0.67992,0.68683,0.68091,0.68486,0.30136,0.30300,0.30037,0.29577,0.30004,0.00008,0.00140,0.00074,0.00173,0.00403,-56.10686,-1214.00000
0.68091,0.68223,0.68453,0.68387,0.68716,0.29971,0.29642,0.30136,0.29906,0.29906,0.00469,0.00107,0.00304,0.00140,-0.00321,-55.87325,-1213.00000
0.68025,0.68683,0.68486,0.68946,0.68683,0.29610,0.30070,0.29971,0.29971,0.29807,0.00337,0.00337,0.00206,0.00041,-0.00255,-55.87325,-1212.00000
0.68025,0.68782,0.68190,0.68354,0.68848,0.30004,0.30399,0.30366,0.29741,0.30136,0.00107,-0.00057,-0.00222,0.00041,-0.00222,-56.48887,-1211.00000
0.68486,0.68420,0.67927,0.68453,0.68584,0.29741,0.30037,0.30004,0.30333,0.29807,-0.00255,-0.00386,-0.00156,0.00337,0.00173,-56.48887,-1210.00000
0.68782,0.68025,0.67927,0.68749,0.68946,0.29906,0.29938,0.29906,0.29708,0.30103,-0.00057,0.00140,0.00436,-0.00090,0.00107,-56.80157,-1209.00000
0.67992,0.68321,0.68650,0.68124,0.67565,0.29938,0.30004,0.30004,0.29906,0.29840,0.00074,-0.00025,-0.00123,-0.00288,0.00107,-56.80157,-1208.00000
0.68025,0.68519,0.68552,0.67861,0.68552,0.29807,0.29708,0.30202,0.29774,0.29840,0.00535,0.00041,-0.00222,-0.00321,0.00206,-56.15469,-1207.00000
0.68058,0.67927,0.68387,0.68420,0.68256,0.30136,0.29708,0.30136,0.29873,0.30333,-0.00025,0.00074,-0.00551,0.00041,0.00107,-56.15469,-1206.00000
0.67795,0.67992,0.67927,0.67992,0.68387,0.29445,0.29741,0.29906,0.29873,0.30070,0.00140,0.00074,-0.00057,0.00107,-0.00255,-55.13301,-1205.00000
0.67959,0.68321,0.68420,0.68223,0.67927,0.30366,0.30037,0.29642,0.30136,0.29807,-0.00025,0.00107,0.00074,0.00206,-0.00156,-55.13301,-1204.00000
0.68683,0.68190,0.68091,0.68321,0.67959,0.30136,0.30234,0.29281,0.29971,0.29873,-0.00189,0.00107,-0.00156,0.00140,-0.00057,-55.27158,-1203.00000
0.68058,0.67565,0.67762,0.67598,0.68058,0.30136,0.29642,0.29741,0.29807,0.29971,-0.00090,0.00436,-0.00321,0.00173,0.00304,-55.27158,-1202.00000
0.67959,0.68157,0.67598,0.68091,0.68486,0.30103,0.30136,0.29873,0.30103,0.29774,0.00107,-0.00419,0.00008,0.00272,0.00206,-55.39214,-1201.00000
0.68256,0.68091,0.67631,0.67631,0.67861,0.30202,0.30103,0.29741,0.30136,0.29906,-0.00353,-0.00288,-0.00090,-0.00025,-0.00189,-55.39214,-1200.00000
0.67927,0.68190,0.67433,0.67828,0.67762,0.29840,0.29840,0.29971,0.29840,0.29840,0.00140,-0.00090,0.00074,0.00107,0.00107,-55.33035,-1199.00000
0.67729,0.67959,0.67400,0.67828,0.67663,0.29741,0.30465,0.29873,0.29774,0.29840,-0.00025,-0.00156,0.00074,0.00008,-0.00189,-55.33035,-1198.00000
0.67466,0.67927,0.67367,0.67367,0.67631,0.29741,0.30300,0.30333,0.29873,0.30234,0.00272,-0.00255,0.00206,0.00107,0.00173,-55.52406,-1197.00000
0.67861,0.67400,0.67696,0.68124,0.67631,0.30234,0.29511,0.29938,0.29346,0.30070,0.00173,-0.00189,-0.00090,0.00041,0.00206,-55.52406,-1196.00000
0.67433,0.67729,0.67795,0.67828,0.68058,0.30202,0.29971,0.29873,0.30300,0.30070,0.00074,0.00239,-0.00057,-0.00156,0.00239,-55.14728,-1195.00000
0.67137,0.66808,0.67729,0.67203,0.66841,0.30103,0.29478,0.30267,0.30136,0.30366,0.00173,0.00272,-0.00090,0.00140,-0.00222,-55.14728,-1194.00000
0.67367,0.67631,0.67631,0.67433,0.67071,0.29938,0.29774,0.29906,0.30004,0.30333,0.00239,-0.00123,-0.00189,-0.00025,0.00272,-55.62052,-1193.00000
0.67598,0.67433,0.67433,0.67367,0.67959,0.30004,0.29971,0.30300,0.30004,0.29741,0.00239,-0.00057,-0.00189,-0.00156,0.00173,-55.62052,-1192.00000
0.67532,0.67104,0.67663,0.67335,0.67367,0.29971,0.29840,0.29938,0.29906,0.29741,-0.00025,-0.00025,-0.00123,-0.00321,0.00074,-55.51045,-1191.00000
0.67927,0.66743,0.67367,0.67565,0.67137,0.29741,0.29840,0.29642,0.29774,0.30234,0.00041,-0.00189,0.00337,0.00107,0.00008,-55.51045,-1190.00000
0.67466,0.67302,0.67663,0.67170,0.67203,0.29906,0.29741,0.30234,0.30004,0.29675,-0.00090,0.00008,-0.00222,0.00041,-0.00353,-55.47251,-1189.00000
0.66841,0.67104,0.67598,0.66775,0.67104,0.29971,0.29873,0.29708,0.30136,0.29840,0.00272,0.00140,0.00206,-0.00090,0.00173,-55.47251,-1188.00000
0.66841,0.67532,0.66414,0.67104,0.67663,0.29938,0.30169,0.29873,0.29906,0.29511,-0.00025,-0.00025,-0.00189,-0.00090,0.00239,-54.83098,-1187.00000
0.66644,0.66677,0.67335,0.66808,0.66545,0.29873,0.29248,0.29314,0.29708,0.29971,0.00337,0.00403,0.00107,0.00107,-0.00090,-54.83098,-1186.00000
0.66644,0.67170,0.66644,0.66874,0.66775,0.30103,0.29938,0.29971,0.29544,0.30103,0.00272,0.00239,0.00337,-0.00222,0.00272,-55.78219,-1185.00000
0.66545,0.67039,0.66512,0.66677,0.66874,0.29741,0.29906,0.29577,0.29840,0.30333,0.00140,0.00239,0.00206,0.00436,0.00107,-55.78219,-1184.00000
0.66381,0.66447,0.67137,0.66808,0.66677,0.29807,0.30037,0.30103,0.29445,0.29971,-0.00485,0.00074,0.00502,-0.00090,-0.00025,-55.67674,-1183.00000
0.66545,0.66841,0.66907,0.66907,0.66677,0.29708,0.29774,0.30234,0.29642,0.29675,0.00272,0.00074,0.00041,0.00206,0.00107,-55.67674,-1182.00000
0.66973,0.67039,0.66447,0.66085,0.66578,0.29544,0.29938,0.29577,0.30300,0.29675,0.00206,-0.00156,-0.00189,-0.00123,-0.00156,-55.37011,-1181.00000
0.66940,0.66743,0.66808,0.66940,0.66315,0.29938,0.29708,0.29544,0.29807,0.30070,0.00074,-0.00222,0.00304,-0.00057,-0.00189,-55.37011,-1180.00000
0.66841,0.66743,0.66808,0.67104,0.66841,0.30103,0.29379,0.30103,0.29840,0.29642,0.00206,-0.00090,-0.00123,-0.00222,-0.00156,-55.64160,-1179.00000
0.66348,0.66907,0.66841,0.65789,0.66151,0.29906,0.29807,0.29544,0.29807,0.30103,-0.00123,-0.00156,0.00272,-0.00222,0.00107,-55.64160,-1178.00000
0.66775,0.66118,0.67433,0.67137,0.66019,0.29873,0.30070,0.29610,0.30136,0.29807,0.00469,0.00008,-0.00156,0.00173,0.00107,-55.95312,-1177.00000
0.66282,0.66907,0.66677,0.66973,0.66052,0.29511,0.29642,0.30169,0.29873,0.29577,0.00206,0.00436,0.00008,0.00140,0.00436,-55.95312,-1176.00000
0.66414,0.66512,0.66249,0.66381,0.66052,0.29873,0.29412,0.29774,0.29708,0.29906,-0.00452,0.00272,-0.00156,-0.00090,-0.00123,-55.33496,-1175.00000
0.65887,0.66249,0.66479,0.66545,0.65986,0.29445,0.30136,0.29708,0.29741,0.29741,-0.00353,0.00239,-0.00090,0.00140,0.00041,-55.33496,-1174.00000
0.66183,0.65591,0.66249,0.66183,0.65789,0.30070,0.29708,0.29906,0.29708,0.29938,0.00107,-0.00156,0.00304,-0.00255,-0.00321,-55.90967,-1173.00000
0.65887,0.66743,0.66183,0.66545,0.65657,0.30070,0.29938,0.29971,0.29577,0.30037,-0.00057,-0.00189,0.00304,0.00041,0.00140,-55.90967,-1172.00000
0.65657,0.65986,0.65624,0.66414,0.66315,0.29938,0.29412,0.30234,0.30136,0.29938,-0.00123,0.00239,0.00008,0.00107,-0.00057,-56.06519,-1171.00000
0.66841,0.65920,0.66644,0.66743,0.65789,0.30202,0.29511,0.29971,0.29478,0.30465,-0.00321,0.00140,-0.00156,0.00041,0.00107,-56.06519,-1170.00000
0.66348,0.65822,0.66151,0.66447,0.65493,0.29478,0.30202,0.30202,0.30169,0.29642,0.00272,0.00008,0.00140,0.00239,0.00239,-56.07947,-1169.00000
0.66085,0.66282,0.65789,0.65855,0.65822,0.29807,0.29248,0.30169,0.29675,0.29840,-0.00189,0.00008,0.00074,0.00140,-0.00025,-56.07947,-1168.00000
0.66249,0.66052,0.65295,0.65394,0.65723,0.30267,0.29544,0.29544,0.29938,0.29774,0.00041,-0.00353,0.00239,-0.00025,-0.00090,-56.65546,-1167.00000
0.65295,0.66052,0.65789,0.65361,0.65690,0.29478,0.29741,0.29873,0.29610,0.30202,-0.00090,0.00304,-0.00057,0.00337,-0.00353,-56.65546,-1166.00000
0.65624,0.65624,0.66216,0.65789,0.65427,0.29906,0.29873,0.29544,0.29807,0.30202,0.00337,0.00272,-0.00156,-0.00156,-0.00189,-56.17685,-1165.00000
0.65427,0.65328,0.64868,0.65065,0.65591,0.29807,0.30202,0.29971,0.29149,0.29774,-0.00353,0.00337,0.00008,0.00107,-0.00025,-56.17685,-1164.00000
0.64342,0.65624,0.65723,0.65460,0.65789,0.29873,0.29741,0.30169,0.30070,0.29708,0.00107,0.00173,0.00107,0.00239,0.00206,-55.78130,-1163.00000
0.64934,0.65164,0.65295,0.65361,0.65526,0.29938,0.29642,0.29774,0.29971,0.29642,0.00041,-0.00189,-0.00090,-0.00156,-0.00321,-55.78130,-1162.00000
0.65394,0.65920,0.65690,0.65131,0.65262,0.29642,0.30004,0.29675,0.29610,0.30432,0.00272,-0.00025,0.00107,0.00107,0.00239,-56.25735,-1161.00000
0.64999,0.65460,0.65526,0.64638,0.64605,0.29873,0.29511,0.30234,0.29774,0.29971,0.00206,0.00107,0.00074,0.00041,-0.00222,-56.25735,-1160.00000
0.65131,0.65361,0.65032,0.65197,0.65855,0.29642,0.30070,0.30202,0.30202,0.30432,0.00140,-0.00321,0.00107,0.00074,0.00008,-55.49928,-1159.00000
0.65526,0.64999,0.64572,0.65559,0.65394,0.30070,0.29774,0.29971,0.30037,0.30103,-0.00452,0.00140,0.00206,0.00140,-0.00123,-55.49928,-1158.00000
0.64374,0.64276,0.65098,0.65328,0.65032,0.30004,0.30004,0.29642,0.29610,0.29906,0.00732,-0.00123,-0.00057,0.00107,-0.00123,-56.07972,-1157.00000
0.64506,0.65526,0.65197,0.65262,0.65131,0.29708,0.29379,0.29708,0.29938,0.29840,0.00370,0.00239,0.00206,0.00074,0.00206,-56.07972,-1156.00000
0.64901,0.64605,0.64868,0.65131,0.64966,0.29675,0.30004,0.29873,0.30366,0.30169,0.00272,-0.00057,0.00337,0.00206,0.00239,-55.35187,-1155.00000
0.64802,0.64670,0.65065,0.64111,0.65164,0.30169,0.29774,0.30037,0.30037,0.30004,0.00041,0.00107,0.00074,-0.00057,0.00074,-55.35187,-1154.00000
0.64506,0.64670,0.64473,0.64605,0.64309,0.29906,0.29807,0.29774,0.29938,0.30169,-0.00288,-0.00090,-0.00090,0.00239,0.00600,-54.87076,-1153.00000
0.65164,0.64111,0.65197,0.64802,0.64934,0.29807,0.29971,0.29971,0.29708,0.29511,0.00173,-0.00386,-0.00025,-0.00288,-0.00123,-54.87076,-1152.00000
0.64868,0.65394,0.65295,0.64473,0.64605,0.29938,0.30103,0.30234,0.29478,0.30103,0.00041,-0.00025,0.00107,0.00074,0.00008,-54.83040,-1151.00000
0.64243,0.64670,0.65131,0.63848,0.64473,0.30366,0.30465,0.30037,0.29741,0.30300,-0.00189,0.00173,0.00173,0.00041,-0.00025,-54.83040,-1150.00000
0.64670,0.64638,0.64309,0.64309,0.64473,0.29840,0.30004,0.29346,0.29346,0.29938,0.00008,-0.00255,0.00074,0.00206,-0.00222,-55.57682,-1149.00000
0.64473,0.64440,0.64078,0.64473,0.64407,0.29840,0.29906,0.29610,0.30169,0.30563,0.00304,0.00206,-0.00025,0.00370,-0.00057,-55.57682,-1148.00000
0.64473,0.64934,0.64177,0.63782,0.64210,0.29807,0.30037,0.29971,0.29346,0.30563,-0.00288,-0.00090,0.00041,0.00370,0.00173,-56.21370,-1147.00000
0.63585,0.64374,0.64210,0.64243,0.64144,0.30037,0.29314,0.29610,0.29938,0.30300,0.00173,0.00041,-0.00057,-0.00156,0.00337,-56.21370,-1146.00000
0.63947,0.64736,0.64966,0.64473,0.64342,0.29610,0.29708,0.29675,0.30136,0.29938,0.00107,0.00239,-0.00090,0.00107,0.00008,-55.88761,-1145.00000
0.64966,0.63947,0.64506,0.64177,0.63782,0.29610,0.29971,0.30169,0.30136,0.29708,0.00272,-0.00353,0.00272,-0.00057,-0.00090,-55.88761,-1144.00000
0.63980,0.63881,0.64539,0.63848,0.63421,0.29774,0.29577,0.29741,0.30432,0.30004,0.00272,0.00272,-0.00288,-0.00057,0.00140,-55.71969,-1143.00000
0.64276,0.64440,0.64276,0.63684,0.63914,0.29906,0.30399,0.29840,0.29840,0.29840,0.00469,-0.00057,0.00041,-0.00057,0.00074,-55.71969,-1142.00000
0.64013,0.63947,0.63585,0.63782,0.64046,0.30004,0.29840,0.30399,0.29708,0.29577,0.00436,0.00074,0.00173,-0.00222,0.00041,-55.37937,-1141.00000
0.63947,0.64309,0.63947,0.63519,0.63717,0.29741,0.30103,0.29971,0.29873,0.30169,0.00304,0.00107,-0.00123,-0.00222,-0.00025,-55.37937,-1140.00000
0.63322,0.64111,0.63651,0.63684,0.63980,0.29675,0.29642,0.29873,0.29971,0.30070,-0.00123,0.00041,0.00436,-0.00057,0.00041,-55.93187,-1139.00000
0.63980,0.63585,0.63651,0.63158,0.63322,0.30498,0.29642,0.30432,0.29544,0.29840,0.00041,-0.00156,0.00337,0.00173,-0.00156,-55.93187,-1138.00000
0.63618,0.63717,0.63059,0.63190,0.63486,0.29708,0.30267,0.29873,0.30136,0.29642,0.00074,-0.00025,0.00140,0.00206,0.00370,-55.78820,-1137.00000
0.63454,0.63552,0.63486,0.63914,0.63322,0.29840,0.30004,0.30070,0.30234,0.30169,-0.00123,0.00173,0.00074,-0.00025,-0.00189,-55.78820,-1136.00000
0.63355,0.64111,0.63092,0.63486,0.63947,0.30004,0.29774,0.30234,0.30267,0.29675,0.00502,0.00041,0.00107,-0.00288,-0.00123,-55.14996,-1135.00000
0.62829,0.63355,0.63190,0.63026,0.63552,0.29840,0.30103,0.30070,0.30267,0.29873,0.00173,-0.00222,-0.00057,0.00107,0.00370,-55.14996,-1134.00000
0.63848,0.62862,0.63322,0.63256,0.63815,0.29938,0.29511,0.29840,0.29544,0.30103,0.00107,-0.00025,0.00304,0.00173,-0.00222,-55.25076,-1133.00000
0.63223,0.62566,0.63585,0.63256,0.63815,0.30103,0.30136,0.29544,0.30333,0.29971,0.00173,0.00469,0.00206,0.00173,0.00337,-55.25076,-1132.00000
0.63388,0.63289,0.63190,0.62697,0.62927,0.29741,0.29807,0.29807,0.29741,0.29840,-0.00057,-0.00025,0.00173,-0.00025,-0.00222,-55.77235,-1131.00000
0.63618,0.62763,0.62763,0.63223,0.62927,0.30202,0.29840,0.29840,0.29577,0.29741,-0.00057,0.00041,0.00239,-0.00288,-0.00123,-55.77235,-1130.00000
0.62763,0.63388,0.62763,0.62927,0.62598,0.29906,0.29675,0.29774,0.30366,0.30037,-0.00025,-0.00123,0.00239,0.00206,-0.00025,-55.95747,-1129.00000
0.63158,0.62763,0.62467,0.62927,0.62862,0.30004,0.30070,0.30037,0.30004,0.29741,0.00469,-0.00452,0.00074,0.00239,0.00304,-55.95747,-1128.00000
0.62434,0.62862,0.62730,0.62368,0.62894,0.30432,0.30695,0.29840,0.29642,0.29840,0.00107,-0.00123,0.00107,0.00206,-0.00123,-55.75217,-1127.00000
0.62204,0.62598,0.62368,0.62664,0.62039,0.30136,0.30070,0.30267,0.30004,0.29971,-0.00057,-0.00057,0.00436,-0.00090,0.00337,-55.75217,-1126.00000
0.62927,0.62730,0.62269,0.62730,0.61809,0.29971,0.30103,0.30103,0.29938,0.29675,0.00272,0.00173,0.00008,0.00041,0.00107,-56.27696,-1125.00000
0.62302,0.62467,0.62105,0.62434,0.62993,0.30103,0.29577,0.29971,0.30202,0.29938,-0.00090,-0.00288,0.00469,-0.00222,0.00074,-56.27696,-1124.00000
0.62796,0.62927,0.61973,0.62237,0.62138,0.29906,0.30037,0.29544,0.29971,0.29741,0.00107,0.00370,0.00173,-0.00025,0.00239,-56.50030,-1123.00000
0.62500,0.63026,0.62039,0.63059,0.62598,0.30596,0.29807,0.29708,0.29511,0.30103,0.00239,-0.00025,-0.00025,-0.00057,-0.00189,-56.50030,-1122.00000
0.62631,0.61908,0.62467,0.62204,0.62401,0.29412,0.29412,0.29511,0.30169,0.29938,-0.00025,0.00008,0.00206,0.00206,0.00173,-55.45962,-1121.00000
0.62730,0.63026,0.62072,0.62302,0.62829,0.29906,0.29807,0.29807,0.30399,0.29938,-0.00156,0.00008,0.00173,-0.00189,0.00272,-55.45962,-1120.00000
0.62598,0.61677,0.62467,0.62204,0.62664,0.30169,0.29840,0.30103,0.30070,0.29938,-0.00156,0.00008,0.00239,-0.00222,0.00272,-55.76448,-1119.00000
0.61973,0.62829,0.62467,0.62006,0.61941,0.29708,0.30234,0.29741,0.30169,0.29807,-0.00025,-0.00222,0.00337,-0.00156,0.00041,-55.76448,-1118.00000
0.61875,0.62204,0.61316,0.62368,0.62368,0.30136,0.30465,0.29774,0.29675,0.30070,0.00041,0.00041,-0.00419,0.00074,-0.00090,-55.97306,-1117.00000
0.62039,0.61875,0.62072,0.61973,0.61973,0.30136,0.30103,0.29873,0.29873,0.30300,-0.00156,0.00041,0.00008,0.00008,-0.00025,-55.97306,-1116.00000
0.61809,0.61447,0.61645,0.61513,0.61776,0.30037,0.30234,0.29938,0.29906,0.30530,-0.00321,0.00304,0.00041,-0.00222,0.00041,-55.89913,-1115.00000
0.62105,0.61612,0.61151,0.61776,0.61447,0.29971,0.29971,0.30234,0.29610,0.29840,-0.00485,-0.00025,0.00337,-0.00090,0.00008,-55.89913,-1114.00000
0.61710,0.62105,0.61776,0.61480,0.62138,0.29774,0.29840,0.29807,0.30037,0.29840,-0.00090,0.00041,0.00173,-0.00353,0.00074,-55.60581,-1113.00000
0.61151,0.61743,0.61973,0.61316,0.61546,0.29840,0.30004,0.29971,0.30136,0.29938,0.00107,0.00008,-0.00057,0.00337,-0.00025,-55.60581,-1112.00000
0.61447,0.61579,0.61184,0.60724,0.61250,0.30037,0.29642,0.30037,0.29642,0.29906,0.00239,0.00206,0.00041,0.00041,0.00239,-56.05242,-1111.00000
0.60724,0.61316,0.60757,0.60724,0.61020,0.29478,0.29971,0.30004,0.30136,0.29938,-0.00090,0.00041,-0.00057,0.00107,0.00206,-56.05242,-1110.00000
0.60691,0.60855,0.61743,0.60296,0.61710,0.29642,0.29840,0.29906,0.30070,0.29971,-0.00025,0.00173,0.00206,0.00140,-0.00025,-55.37240,-1109.00000
0.60921,0.61250,0.61217,0.60230,0.61414,0.30004,0.29840,0.29642,0.30070,0.29478,-0.00189,-0.00057,0.00041,0.00206,-0.00222,-55.37240,-1108.00000
0.60428,0.61316,0.61151,0.60691,0.61250,0.30037,0.30530,0.29544,0.30004,0.30300,0.00041,-0.00321,0.00403,0.00206,0.00140,-55.60368,-1107.00000
0.60757,0.60230,0.60658,0.60921,0.60658,0.29873,0.29675,0.29807,0.29445,0.29708,0.00107,-0.00090,-0.00156,0.00041,0.00173,-55.60368,-1106.00000
0.60165,0.60526,0.60954,0.61217,0.61020,0.29807,0.30004,0.29577,0.29938,0.29873,0.00173,0.00074,-0.00090,0.00272,0.00041,-56.01961,-1105.00000
0.60559,0.60855,0.61151,0.60461,0.59901,0.29577,0.30300,0.29906,0.30300,0.30136,0.00272,0.00041,0.00107,0.00272,0.00074,-56.01961,-1104.00000
0.60625,0.60329,0.60658,0.60592,0.60493,0.29675,0.29741,0.30103,0.29906,0.29610,0.00206,-0.00025,-0.00189,-0.00353,0.00272,-56.44487,-1103.00000
0.60822,0.59836,0.60428,0.60000,0.60691,0.29840,0.29675,0.30004,0.29281,0.29906,-0.00156,0.00041,-0.00156,-0.00123,-0.00255,-56.44487,-1102.00000
0.60691,0.60362,0.60165,0.60197,0.60625,0.30202,0.29511,0.29807,0.29314,0.30004,-0.00189,0.00370,-0.00288,-0.00288,0.00272,-56.56472,-1101.00000
0.60263,0.60559,0.60362,0.60296,0.60033,0.29708,0.29971,0.29774,0.30234,0.29675,0.00173,0.00008,-0.00452,0.00008,-0.00025,-56.56472,-1100.00000
0.59967,0.60362,0.59737,0.59934,0.60329,0.30333,0.30103,0.30037,0.29708,0.30103,0.00436,0.00074,0.00206,0.00074,-0.00123,-56.06068,-1099.00000
0.60066,0.60263,0.60296,0.60099,0.60033,0.29840,0.29971,0.30103,0.29807,0.29741,0.00337,-0.00090,0.00173,0.00403,0.00107,-56.06068,-1098.00000
0.59869,0.60165,0.60428,0.59770,0.59737,0.30202,0.30103,0.30103,0.29642,0.29971,0.00074,-0.00025,-0.00156,0.00239,-0.00090,-56.01862,-1097.00000
0.59540,0.60000,0.59605,0.60000,0.59967,0.29840,0.30070,0.29971,0.29708,0.30169,-0.00189,-0.00123,0.00206,0.00403,-0.00123,-56.01862,-1096.00000
0.59770,0.59638,0.59112,0.59704,0.59671,0.29708,0.29873,0.29807,0.29938,0.29379,0.00173,-0.00057,0.00337,0.00107,-0.00156,-55.96341,-1095.00000
0.59474,0.59803,0.59704,0.59408,0.59276,0.29971,0.29938,0.30333,0.29938,0.29774,0.00206,0.00107,0.00074,-0.00123,0.00206,-55.96341,-1094.00000
0.59244,0.60033,0.59540,0.58717,0.59145,0.30399,0.30070,0.29807,0.29741,0.29938,-0.00123,-0.00123,0.00008,-0.00090,0.00239,-55.78688,-1093.00000
0.59145,0.59408,0.59211,0.59869,0.59079,0.29971,0.29774,0.30136,0.29610,0.29642,-0.00156,0.00140,-0.00123,-0.00090,0.00403,-55.78688,-1092.00000
0.59474,0.59309,0.59276,0.59013,0.59572,0.30004,0.29577,0.30399,0.29774,0.30037,-0.00452,-0.00156,-0.00255,0.00337,-0.00189,-54.85877,-1091.00000
0.58915,0.59375,0.59474,0.58783,0.59276,0.29938,0.29906,0.29544,0.30070,0.29511,0.00239,0.00140,-0.00189,-0.00288,0.00370,-54.85877,-1090.00000
0.59178,0.59737,0.59211,0.58948,0.59145,0.29642,0.30103,0.30530,0.29938,0.30103,-0.00419,-0.00222,0.00041,-0.00025,0.00173,-55.01972,-1089.00000
0.59178,0.58783,0.58717,0.58487,0.58816,0.29906,0.29675,0.30202,0.30267,0.30037,0.00074,-0.00025,0.00239,0.00206,-0.00156,-55.01972,-1088.00000
0.59145,0.58619,0.58421,0.59145,0.58388,0.30037,0.29610,0.30004,0.29741,0.29840,-0.00057,0.00008,0.00239,-0.00025,0.00008,-55.95712,-1087.00000
0.58520,0.58684,0.58191,0.59046,0.58783,0.30070,0.29938,0.30103,0.29906,0.29774,0.00140,0.00107,-0.00255,-0.00189,0.00272,-55.95712,-1086.00000
0.58323,0.59079,0.58487,0.58158,0.59079,0.30136,0.30037,0.29938,0.29840,0.29708,-0.00025,0.00008,0.00041,0.00074,0.00074,-53.81596,-1085.00000
0.58750,0.58619,0.58092,0.58191,0.58980,0.29642,0.29478,0.29807,0.30037,0.29840,0.00206,0.00074,-0.00025,0.00107,-0.00025,-53.81596,-1084.00000
0.58092,0.58388,0.58717,0.58388,0.58191,0.30070,0.29642,0.29511,0.29741,0.30103,0.00008,-0.00123,0.00436,0.00239,0.00041,-52.59890,-1083.00000
0.58060,0.58586,0.58224,0.58323,0.58290,0.29807,0.29642,0.29774,0.29642,0.29577,-0.00123,-0.00255,0.00008,0.00206,-0.00255,-52.59890,-1082.00000
0.57796,0.58323,0.57632,0.58257,0.58323,0.29642,0.29675,0.29708,0.29840,0.29675,0.00008,0.00140,0.00008,-0.00255,-0.00090,-53.18177,-1081.00000
0.58060,0.58125,0.58323,0.58487,0.58520,0.30202,0.30234,0.29873,0.29577,0.30169,0.00008,0.00041,-0.00090,0.00074,0.00206,-53.18177,-1080.00000
0.57731,0.57599,0.57237,0.57994,0.58323,0.30070,0.29478,0.29938,0.30202,0.29741,0.00008,-0.00222,0.00304,-0.00353,0.00008,-53.81745,-1079.00000
0.57204,0.57829,0.57961,0.57829,0.57237,0.30103,0.30070,0.29445,0.30333,0.30004,-0.00156,0.00469,0.00239,0.00008,-0.00189,-53.81745,-1078.00000
0.57895,0.58191,0.57731,0.57599,0.57204,0.29675,0.29675,0.29938,0.29642,0.29445,0.00074,0.00403,0.00107,0.00436,0.00403,-54.68216,-1077.00000
0.57665,0.57303,0.57796,0.57829,0.57566,0.29346,0.30037,0.29610,0.29675,0.30399,0.00140,-0.00123,0.00173,-0.00057,-0.00255,-54.68216,-1076.00000
0.56974,0.57369,0.57599,0.57533,0.57862,0.29642,0.29478,0.29906,0.29577,0.29873,0.00008,0.00074,-0.00057,0.00008,-0.00386,-55.35134,-1075.00000
0.57566,0.57237,0.57303,0.57665,0.57040,0.30202,0.30103,0.29741,0.30169,0.30300,-0.00057,0.00206,-0.00189,0.00436,0.00206,-55.35134,-1074.00000
0.57533,0.57402,0.56974,0.56843,0.57040,0.29906,0.29741,0.30169,0.30136,0.29642,0.00239,0.00041,-0.00025,-0.00123,0.00008,-54.58485,-1073.00000
0.57040,0.57599,0.57369,0.57336,0.56908,0.29610,0.30037,0.29906,0.30136,0.29577,0.00403,-0.00025,-0.00057,0.00173,-0.00090,-54.58485,-1072.00000
0.57533,0.56875,0.56481,0.57829,0.57336,0.29741,0.29971,0.30037,0.29642,0.29346,0.00436,0.00140,0.00008,0.00173,0.00140,-54.77289,-1071.00000
0.56612,0.57237,0.57139,0.56810,0.56843,0.30202,0.29873,0.29807,0.30136,0.30004,0.00008,-0.00090,-0.00090,0.00041,0.00107,-54.77289,-1070.00000
0.56908,0.56514,0.57303,0.56777,0.56711,0.29182,0.30300,0.29577,0.29938,0.29840,0.00239,-0.00288,-0.00419,-0.00123,0.00107,-55.52121,-1069.00000
0.56547,0.56185,0.56514,0.56283,0.56645,0.30004,0.30070,0.29906,0.30103,0.29840,0.00206,0.00041,0.00074,-0.00156,0.00173,-55.52121,-1068.00000
0.56053,0.56843,0.57139,0.56777,0.56908,0.29577,0.29708,0.29906,0.29807,0.30037,0.00173,-0.00255,-0.00321,0.00041,-0.00090,-56.04430,-1067.00000
0.56711,0.56283,0.56514,0.56251,0.56481,0.29873,0.29938,0.30037,0.30037,0.29346,0.00074,0.00041,-0.00386,-0.00156,-0.00057,-56.04430,-1066.00000
0.56941,0.56316,0.56810,0.56053,0.56152,0.29346,0.29774,0.29906,0.30103,0.30037,0.00140,0.00206,0.00239,-0.00189,0.00008,-56.30584,-1065.00000
0.55889,0.56020,0.56382,0.55659,0.56316,0.29511,0.30498,0.30037,0.30103,0.30136,0.00337,-0.00255,-0.00090,0.00041,-0.00189,-56.30584,-1064.00000
0.56020,0.56152,0.56678,0.55691,0.55626,0.30300,0.30300,0.30070,0.29708,0.30498,0.00074,0.00008,0.00239,-0.00288,0.00568,-56.21688,-1063.00000
0.55527,0.56053,0.55297,0.56382,0.56053,0.29971,0.30037,0.29610,0.30037,0.29807,0.00140,-0.00386,0.00272,0.00107,0.00140,-56.21688,-1062.00000
0.55987,0.56612,0.55856,0.56448,0.56283,0.29379,0.29741,0.29675,0.29807,0.29445,0.00008,0.00370,0.00173,0.00337,-0.00123,-56.53374,-1061.00000
0.55823,0.55922,0.55987,0.56316,0.56185,0.30202,0.29938,0.30202,0.29610,0.29642,-0.00025,0.00107,0.00140,0.00140,0.00107,-56.53374,-1060.00000
0.55231,0.55922,0.55757,0.55889,0.56283,0.30234,0.29807,0.29840,0.29511,0.29807,0.00041,0.00041,0.00041,0.00041,0.00107,-55.90847,-1059.00000
0.55691,0.54968,0.55494,0.55856,0.55395,0.29873,0.29971,0.30267,0.29807,0.29873,-0.00189,0.00140,0.00074,-0.00419,0.00568,-55.90847,-1058.00000
0.55494,0.55626,0.55231,0.55889,0.55691,0.30004,0.30103,0.30136,0.29840,0.29873,0.00140,-0.00123,0.00173,-0.00156,0.00304,-55.53724,-1057.00000
0.55724,0.55790,0.55659,0.56185,0.55264,0.29906,0.29708,0.30234,0.30136,0.29774,-0.00156,0.00403,-0.00057,0.00041,0.00041,-55.53724,-1056.00000
0.55494,0.55231,0.55099,0.55560,0.55626,0.30103,0.29577,0.30103,0.29675,0.30234,0.00008,-0.00156,0.00436,-0.00649,0.00173,-54.95124,-1055.00000
0.55264,0.55428,0.54540,0.55395,0.55297,0.30498,0.29873,0.29906,0.30234,0.30070,0.00337,-0.00321,-0.00189,0.00074,0.00140,-54.95124,-1054.00000
0.54672,0.55691,0.55395,0.55428,0.55593,0.29774,0.29873,0.30234,0.29938,0.29971,-0.00123,0.00074,-0.00057,0.00074,0.00008,-54.76322,-1053.00000
0.55198,0.55198,0.55659,0.55494,0.55099,0.30366,0.29708,0.29938,0.29412,0.29708,-0.00255,0.00008,-0.00123,0.00041,0.00502,-54.76322,-1052.00000
0.54771,0.55264,0.54606,0.54310,0.55001,0.29906,0.29511,0.30202,0.29741,0.29675,0.00008,0.00206,0.00206,-0.00386,0.00173,-54.62770,-1051.00000
0.54573,0.53685,0.54902,0.55560,0.54014,0.29675,0.29971,0.29873,0.29873,0.29906,-0.00090,0.00173,0.00041,-0.00025,0.00304,-54.62770,-1050.00000
0.54836,0.54475,0.54968,0.54442,0.53817,0.30103,0.29708,0.30399,0.29873,0.29906,0.00140,0.00008,-0.00321,-0.00123,0.00304,-55.38514,-1049.00000
0.55067,0.54475,0.54475,0.54277,0.54869,0.29774,0.29774,0.29741,0.30037,0.29971,-0.00156,-0.00222,0.00304,-0.00123,0.00239,-55.38514,-1048.00000
0.54803,0.53915,0.54672,0.54442,0.54475,0.30103,0.30169,0.29314,0.29840,0.29478,0.00239,0.00008,0.00107,0.00008,-0.00057,-55.60273,-1047.00000
0.53850,0.53981,0.54080,0.54277,0.54376,0.30399,0.29774,0.30037,0.29544,0.29478,0.00337,0.00107,-0.00057,-0.00090,0.00008,-55.60273,-1046.00000
0.54244,0.54606,0.53784,0.54639,0.53751,0.29675,0.30498,0.30004,0.30366,0.30202,0.00107,0.00173,0.00436,0.00074,-0.00057,-55.20615,-1045.00000
0.54179,0.54211,0.54442,0.53948,0.53422,0.29577,0.29807,0.30202,0.30432,0.29938,-0.00090,0.00403,-0.00222,-0.00156,-0.00123,-55.20615,-1044.00000
0.54310,0.53422,0.53850,0.53882,0.53619,0.29511,0.29675,0.29281,0.29906,0.29906,0.00304,-0.00090,0.00140,0.00173,-0.00156,-55.82085,-1043.00000
0.54146,0.53850,0.53093,0.53554,0.53356,0.29544,0.29741,0.30432,0.29774,0.29675,0.00107,-0.00057,0.00206,0.00074,-0.00156,-55.82085,-1042.00000
0.53981,0.53488,0.53751,0.53784,0.53455,0.29610,0.30103,0.30103,0.30004,0.29642,-0.00189,0.00107,0.00074,0.00041,0.00403,-55.65945,-1041.00000
0.53784,0.53586,0.53225,0.53586,0.53784,0.29971,0.29938,0.29610,0.29906,0.30234,-0.00123,0.00008,0.00074,0.00008,-0.00321,-55.65945,-1040.00000
0.54179,0.53356,0.53784,0.53159,0.53751,0.30366,0.29807,0.29906,0.30300,0.30333,-0.00090,0.00074,-0.00321,0.00008,0.00008,-56.16957,-1039.00000
0.53159,0.53784,0.53159,0.53126,0.53455,0.29642,0.29544,0.29840,0.30366,0.29675,0.00041,-0.00025,0.00008,-0.00090,-0.00156,-56.16957,-1038.00000
0.53554,0.52962,0.53488,0.53652,0.52238,0.30070,0.30333,0.29906,0.29610,0.30169,0.00008,0.00008,0.00140,0.00074,0.00304,-55.43586,-1037.00000
0.52666,0.53192,0.52896,0.52534,0.52797,0.29971,0.29478,0.29807,0.29478,0.30234,-0.00156,0.00206,0.00239,0.00206,-0.00123,-55.43586,-1036.00000
0.52633,0.53159,0.53455,0.53290,0.52567,0.29840,0.29642,0.30070,0.29610,0.29971,0.00206,0.00272,-0.00090,0.00041,0.00173,-55.91129,-1035.00000
0.52205,0.52731,0.52731,0.52534,0.52863,0.29840,0.29971,0.29741,0.29873,0.29840,0.00008,0.00239,0.00008,0.00304,0.00272,-55.91129,-1034.00000
0.52830,0.52534,0.52468,0.52666,0.52402,0.29610,0.30465,0.29544,0.30300,0.29708,0.00008,0.00239,-0.00156,0.00041,-0.00090,-55.50203,-1033.00000
0.52633,0.52370,0.52337,0.51909,0.52304,0.29675,0.29675,0.29708,0.29708,0.29675,0.00173,-0.00025,0.00140,0.00206,0.00239,-55.50203,-1032.00000
0.52106,0.52271,0.51646,0.52172,0.52271,0.30136,0.29938,0.30202,0.30004,0.29642,-0.00025,0.00140,-0.00090,-0.00057,0.00008,-54.91166,-1031.00000
0.52008,0.52139,0.52008,0.52238,0.52238,0.29741,0.29807,0.30234,0.29807,0.29906,0.00041,-0.00123,0.00370,0.00107,0.00140,-54.91166,-1030.00000
0.52172,0.51975,0.51778,0.52402,0.52041,0.29840,0.29675,0.30070,0.29281,0.29840,0.00008,-0.00321,0.00140,0.00272,0.00173,-55.68337,-1029.00000
0.51909,0.52041,0.51646,0.52304,0.51646,0.29774,0.29248,0.29675,0.30037,0.29807,0.00074,0.00239,-0.00025,-0.00123,0.00107,-55.68337,-1028.00000
0.51679,0.51416,0.51778,0.51317,0.51547,0.29774,0.30234,0.29938,0.30070,0.29412,0.00337,-0.00057,0.00107,0.00074,-0.00386,-56.12293,-1027.00000
0.51218,0.51778,0.51712,0.51909,0.51547,0.29971,0.30004,0.29971,0.30169,0.30037,0.00239,0.00206,-0.00123,-0.00156,-0.00222,-56.12293,-1026.00000
0.51745,0.51679,0.51021,0.50824,0.51580,0.29774,0.29544,0.29314,0.29610,0.29642,-0.00123,-0.00025,0.00272,0.00140,-0.00025,-55.59076,-1025.00000
0.51416,0.51087,0.51153,0.51350,0.50922,0.29971,0.29873,0.30103,0.30070,0.30234,0.00173,0.00041,-0.00090,-0.00386,-0.00156,-55.59076,-1024.00000
0.51153,0.50265,0.50824,0.50561,0.50725,0.29511,0.29577,0.29971,0.29741,0.30234,0.00469,-0.00025,-0.00090,-0.00156,-0.00123,-55.49558,-1023.00000
0.51153,0.51317,0.50725,0.50429,0.50528,0.29708,0.30004,0.29971,0.30103,0.30202,-0.00057,0.00074,0.00403,0.00107,-0.00288,-55.49558,-1022.00000
0.50462,0.50626,0.50462,0.50265,0.50725,0.29708,0.29708,0.29807,0.29840,0.30136,0.00239,0.00206,-0.00090,-0.00288,-0.00321,-56.85912,-1021.00000
0.50659,0.50462,0.50857,0.51284,0.50889,0.29708,0.30004,0.29840,0.29807,0.29642,0.00206,0.00041,-0.00353,0.00041,0.00206,-56.85912,-1020.00000
0.51218,0.51087,0.50363,0.51185,0.50330,0.30037,0.29938,0.29412,0.29938,0.29840,0.00140,0.00107,0.00008,0.00173,0.00041,-56.39343,-1019.00000
0.50593,0.50330,0.50922,0.50561,0.50561,0.29807,0.30300,0.29906,0.29642,0.29873,0.00436,-0.00090,0.00403,0.00008,-0.00222,-56.39343,-1018.00000
0.50462,0.50889,0.50528,0.50330,0.51021,0.29642,0.30234,0.30399,0.30169,0.29445,-0.00057,-0.00025,0.00337,-0.00025,0.00107,-56.15570,-1017.00000
0.49771,0.49738,0.50100,0.50462,0.49705,0.29478,0.30037,0.29708,0.29807,0.29906,-0.00025,-0.00123,0.00008,0.00074,-0.00156,-56.15570,-1016.00000
0.49804,0.50692,0.50001,0.50265,0.50067,0.29873,0.29708,0.29906,0.29708,0.29642,0.00173,0.00140,0.00074,0.00041,-0.00353,-55.51193,-1015.00000
0.50330,0.49771,0.49936,0.50166,0.49936,0.29807,0.29610,0.29610,0.29840,0.29906,0.00107,-0.00156,-0.00156,-0.00189,0.00436,-55.51193,-1014.00000
0.49574,0.50133,0.49475,0.49673,0.50133,0.29675,0.30037,0.30070,0.30103,0.29642,0.00173,0.00140,-0.00025,-0.00156,-0.00025,-55.56847,-1013.00000
0.49574,0.49673,0.49377,0.50133,0.49870,0.29741,0.29642,0.30169,0.29774,0.29379,0.00107,0.00173,-0.00156,-0.00090,0.00403,-55.56847,-1012.00000
0.49936,0.49574,0.49278,0.49508,0.49771,0.29906,0.29511,0.30103,0.29971,0.29610,-0.00156,0.00107,-0.00090,0.00206,-0.00189,-55.48199,-1011.00000
0.49311,0.49048,0.49146,0.50100,0.49311,0.29938,0.29971,0.29906,0.29774,0.29840,0.00206,0.00074,0.00041,-0.00321,-0.00321,-55.48199,-1010.00000
0.49508,0.49113,0.49607,0.49081,0.48752,0.30037,0.29511,0.30103,0.29675,0.30267,-0.00025,-0.00189,-0.00123,0.00107,0.00206,-56.38845,-1009.00000
0.49179,0.49409,0.48883,0.49377,0.49541,0.29544,0.30103,0.29741,0.30399,0.29511,0.00140,-0.00057,-0.00057,-0.00584,0.00074,-56.38845,-1008.00000
0.49541,0.49179,0.49344,0.48357,0.49837,0.29807,0.29840,0.29807,0.29083,0.29675,0.00239,-0.00025,0.00206,0.00140,0.00008,-55.83583,-1007.00000
0.49146,0.48653,0.49015,0.49179,0.49705,0.29675,0.29675,0.29840,0.29774,0.30004,-0.00288,0.00206,0.00107,0.00107,0.00008,-55.83583,-1006.00000
0.48587,0.49705,0.48785,0.48489,0.48653,0.29642,0.29971,0.29675,0.30070,0.29741,0.00041,0.00403,-0.00123,-0.00222,-0.00255,-55.60834,-1005.00000
0.48390,0.48554,0.48785,0.48719,0.48554,0.29478,0.29346,0.29873,0.29708,0.29906,-0.00189,0.00304,-0.00025,-0.00057,0.00140,-55.60834,-1004.00000
0.49212,0.48850,0.49113,0.48719,0.47831,0.29577,0.29774,0.29774,0.29873,0.30004,0.00272,-0.00025,-0.00189,-0.00189,-0.00057,-55.49948,-1003.00000
0.48719,0.48587,0.48686,0.48817,0.48390,0.29906,0.29906,0.29642,0.29610,0.30103,0.00173,0.00206,-0.00090,0.00173,-0.00386,-55.49948,-1002.00000
0.48949,0.48456,0.48456,0.48752,0.48850,0.30004,0.30037,0.29938,0.29774,0.30169,0.00239,0.00206,0.00173,-0.00255,0.00041,-55.68920,-1001.00000
0.47864,0.48357,0.48620,0.47962,0.47995,0.29873,0.29445,0.30465,0.29708,0.30037,0.00304,0.00436,0.00140,0.00140,-0.00123,-55.68920,-1000.00000
0.48752,0.47995,0.48390,0.47535,0.48423,0.30267,0.30070,0.29642,0.30267,0.30103,0.00074,0.00304,-0.00189,-0.00057,0.00008,-56.09411,-999.00000
0.47896,0.48192,0.47864,0.48225,0.48225,0.30070,0.30136,0.29708,0.30103,0.29346,0.00206,0.00008,0.00107,-0.00353,0.00107,-56.09411,-998.00000
0.48291,0.47831,0.47995,0.48554,0.48225,0.30300,0.29774,0.30136,0.30136,0.29938,-0.00189,-0.00156,0.00041,0.00436,-0.00123,-55.22479,-997.00000
0.47535,0.47831,0.47831,0.47041,0.48456,0.30004,0.30136,0.30103,0.29906,0.30267,0.00436,0.00107,0.00107,0.00337,0.00074,-55.22479,-996.00000
0.47436,0.47568,0.47403,0.47568,0.46943,0.29906,0.30267,0.30070,0.29938,0.30004,0.00469,-0.00156,0.00272,0.00173,-0.00123,-55.56161,-995.00000
0.47140,0.47272,0.47732,0.47239,0.47568,0.29708,0.29938,0.29445,0.29642,0.30202,0.00304,-0.00485,0.00041,0.00140,0.00008,-55.56161,-994.00000
0.47436,0.47765,0.47436,0.47370,0.47929,0.29971,0.30103,0.29873,0.29577,0.30103,0.00436,0.00008,-0.00189,0.00239,0.00107,-54.87797,-993.00000
0.47041,0.46745,0.46647,0.46384,0.47272,0.29774,0.29544,0.29971,0.29577,0.29971,-0.00123,0.00074,-0.00025,0.00074,0.00074,-54.87797,-992.00000
0.47041,0.47074,0.47272,0.47206,0.46416,0.29445,0.29873,0.30103,0.29511,0.29577,0.00304,0.00304,0.00304,-0.00025,0.00074,-54.69973,-991.00000
0.47140,0.46877,0.46745,0.46614,0.47206,0.29774,0.29971,0.30366,0.29873,0.29774,-0.00255,0.00041,0.00041,0.00074,0.00074,-54.69973,-990.00000
0.46680,0.46811,0.46778,0.46449,0.46647,0.29873,0.30037,0.29971,0.29577,0.29281,0.00140,0.00140,-0.00156,-0.00123,0.00502,-54.09303,-989.00000
0.46647,0.46515,0.46745,0.46647,0.47568,0.29610,0.29938,0.29938,0.30300,0.29544,-0.00057,0.00008,0.00041,0.00239,0.00008,-54.09303,-988.00000
0.46680,0.46055,0.46745,0.46614,0.47239,0.29807,0.29741,0.29938,0.29675,0.29346,0.00074,0.00008,0.00206,-0.00057,-0.00123,-53.58216,-987.00000
0.46252,0.46285,0.46449,0.46219,0.46384,0.30004,0.29708,0.30300,0.29478,0.30004,0.00074,0.00337,-0.00057,0.00008,-0.00090,-53.58216,-986.00000
0.46219,0.46416,0.46186,0.46680,0.46614,0.29741,0.30037,0.29577,0.30103,0.29906,0.00272,0.00107,0.00008,0.00008,0.00074,-54.43756,-985.00000
0.46219,0.46318,0.46285,0.46614,0.45792,0.29708,0.30202,0.29741,0.29840,0.29971,0.00239,0.00107,0.00107,0.00140,0.00074,-54.43756,-984.00000
0.46416,0.45331,0.46384,0.46581,0.45561,0.30202,0.29971,0.30070,0.30333,0.29741,0.00041,0.00041,0.00272,0.00041,0.00074,-55.37796,-983.00000
0.45923,0.46252,0.46088,0.45561,0.45627,0.29971,0.29478,0.29840,0.29906,0.30136,-0.00090,0.00107,-0.00090,0.00041,-0.00452,-55.37796,-982.00000
0.45857,0.45923,0.46482,0.45956,0.46088,0.30234,0.29577,0.29774,0.30596,0.30004,0.00304,0.00041,0.00041,-0.00090,0.00140,-55.65041,-981.00000
0.45232,0.45331,0.45759,0.44838,0.45923,0.29774,0.30333,0.30004,0.30103,0.29774,0.00041,0.00173,-0.00288,0.00041,0.00074,-55.65041,-980.00000
0.45627,0.45792,0.45397,0.45792,0.44903,0.29708,0.29840,0.29840,0.30103,0.29774,0.00041,0.00239,-0.00255,-0.00025,0.00304,-56.01856,-979.00000
0.45561,0.45528,0.45265,0.45101,0.44969,0.29840,0.30004,0.30136,0.29938,0.29906,0.00403,-0.00025,-0.00025,-0.00025,0.00337,-56.01856,-978.00000
0.45167,0.45199,0.45232,0.45331,0.44673,0.29938,0.29840,0.29938,0.29675,0.29840,0.00239,0.00140,-0.00057,-0.00222,-0.00123,-56.16358,-977.00000
0.45035,0.45660,0.44739,0.44936,0.44969,0.30004,0.29741,0.29906,0.29577,0.29938,-0.00156,0.00370,0.00008,-0.00090,0.00568,-56.16358,-976.00000
0.45134,0.45265,0.44180,0.45561,0.45265,0.29906,0.29741,0.30300,0.29971,0.29412,0.00107,-0.00386,0.00272,0.00074,0.00272,-56.29468,-975.00000
0.44903,0.44969,0.44838,0.44180,0.44871,0.29445,0.29445,0.29873,0.29906,0.29873,0.00436,0.00008,-0.00123,0.00041,-0.00156,-56.29468,-974.00000
0.44114,0.44509,0.44640,0.44509,0.44377,0.29774,0.29807,0.29840,0.29741,0.29182,-0.00025,0.00304,0.00107,0.00008,-0.00255,-55.58875,-973.00000
0.44180,0.44739,0.43423,0.44081,0.44542,0.29741,0.30004,0.29873,0.29544,0.29873,0.00206,0.00074,-0.00090,-0.00123,0.00008,-55.58875,-972.00000
0.44410,0.44443,0.43851,0.44772,0.44279,0.29840,0.29971,0.30234,0.30004,0.29906,0.00008,0.00107,0.00272,-0.00090,0.00107,-55.08685,-971.00000
0.44114,0.44311,0.43654,0.43752,0.43950,0.30037,0.30103,0.29774,0.29675,0.29938,-0.00321,-0.00090,0.00206,-0.00057,-0.00321,-55.08685,-970.00000
0.43884,0.43127,0.44048,0.43785,0.43983,0.29511,0.29741,0.29642,0.29741,0.30234,-0.00123,0.00074,-0.00123,0.00272,0.00272,-55.36325,-969.00000
0.43489,0.42996,0.43127,0.43391,0.43621,0.29610,0.30103,0.30070,0.29938,0.29478,0.00436,-0.00156,0.00041,-0.00156,0.00074,-55.36325,-968.00000
0.43358,0.43160,0.43325,0.42930,0.43160,0.30103,0.29906,0.29873,0.29873,0.29741,-0.00123,-0.00123,0.00403,0.00107,-0.00057,-55.47948,-967.00000
0.43095,0.43358,0.43489,0.43358,0.42864,0.30070,0.29642,0.30333,0.29906,0.30070,-0.00057,-0.00156,-0.00123,0.00304,-0.00255,-55.47948,-966.00000
0.43654,0.42733,0.43325,0.42963,0.43062,0.30004,0.29971,0.30169,0.29938,0.29906,-0.00057,0.00074,0.00107,-0.00090,0.00107,-55.52050,-965.00000
0.42831,0.43160,0.43259,0.42930,0.43588,0.29511,0.29544,0.29873,0.29675,0.29840,0.00272,0.00041,-0.00123,0.00074,-0.00189,-55.52050,-964.00000
0.42634,0.42042,0.43226,0.43226,0.42996,0.29906,0.29708,0.30267,0.29971,0.29544,-0.00189,0.00173,0.00403,-0.00057,-0.00057,-56.20996,-963.00000
0.42601,0.42535,0.42338,0.42733,0.42108,0.29577,0.29807,0.29445,0.30070,0.29511,0.00107,-0.00090,0.00173,-0.00090,0.00008,-56.20996,-962.00000
0.42864,0.42338,0.42601,0.42930,0.42667,0.30103,0.29577,0.29971,0.29840,0.29741,0.00041,-0.00321,-0.00090,0.00041,-0.00090,-55.65381,-961.00000
0.42667,0.42535,0.42535,0.42338,0.42766,0.29741,0.29741,0.29873,0.29708,0.30202,-0.00156,-0.00025,0.00074,0.00206,0.00206,-55.65381,-960.00000
0.41746,0.42239,0.41943,0.42141,0.42437,0.29873,0.29445,0.29445,0.29906,0.30004,0.00074,-0.00090,0.00304,-0.00025,-0.00090,-55.56860,-959.00000
0.42338,0.42239,0.42371,0.42470,0.42206,0.29873,0.29906,0.29708,0.29971,0.29412,0.00140,-0.00090,0.00008,0.00173,-0.00025,-55.56860,-958.00000
0.41713,0.41878,0.42042,0.42470,0.41253,0.30267,0.29346,0.29906,0.29708,0.29971,-0.00189,-0.00156,0.00370,0.00041,-0.00156,-56.00696,-957.00000
0.42437,0.41713,0.41483,0.41713,0.41976,0.29840,0.29577,0.29873,0.29675,0.29774,-0.00353,-0.00123,-0.00025,-0.00321,-0.00419,-56.00696,-956.00000
0.41943,0.42272,0.41154,0.42042,0.41910,0.30202,0.30432,0.29511,0.30234,0.29840,0.00107,0.00008,0.00206,-0.00288,0.00074,-55.82086,-955.00000
0.41746,0.42272,0.41910,0.41779,0.41220,0.29774,0.29906,0.29840,0.29642,0.29840,0.00041,0.00140,0.00140,0.00337,0.00074,-55.82086,-954.00000
0.41647,0.41582,0.41647,0.42108,0.40825,0.29741,0.30366,0.30004,0.29906,0.30037,0.00173,-0.00057,0.00140,0.00008,0.00206,-55.64236,-953.00000
0.41516,0.41220,0.42108,0.41351,0.41614,0.29675,0.29741,0.30136,0.29675,0.30234,-0.00255,0.00272,-0.00222,0.00008,0.00107,-55.64236,-952.00000
0.42338,0.41022,0.41483,0.41845,0.41417,0.29741,0.30103,0.29840,0.29511,0.29774,-0.00090,0.00304,-0.00321,-0.00353,0.00008,-55.76064,-951.00000
0.41154,0.41154,0.41088,0.41516,0.41417,0.29675,0.29281,0.29708,0.30432,0.29873,-0.00025,0.00337,0.00173,0.00074,0.00107,-55.76064,-950.00000
0.40562,0.41154,0.41614,0.40858,0.41450,0.29741,0.30136,0.29938,0.29577,0.30103,-0.00090,0.00041,0.00666,0.00074,0.00337,-56.58637,-949.00000
0.40924,0.40661,0.40891,0.41647,0.40726,0.30136,0.29577,0.29708,0.30267,0.29741,-0.00090,-0.00189,-0.00123,0.00173,0.00008,-56.58637,-948.00000
0.40365,0.41055,0.40529,0.40562,0.41088,0.29840,0.29938,0.29577,0.29807,0.29971,0.00008,-0.00156,-0.00222,-0.00090,0.00008,-55.73703,-947.00000
0.40398,0.40365,0.40858,0.40694,0.40694,0.29708,0.29577,0.29873,0.29774,0.29840,-0.00123,-0.00057,0.00140,0.00041,-0.00189,-55.73703,-946.00000
0.40463,0.40759,0.40332,0.40299,0.40496,0.29412,0.29544,0.29873,0.29938,0.29708,0.00239,-0.00156,-0.00156,0.00370,-0.00222,-55.73717,-945.00000
0.40332,0.40562,0.40365,0.40529,0.39871,0.29774,0.30103,0.29675,0.30169,0.29511,-0.00222,0.00239,0.00074,-0.00222,0.00041,-55.73717,-944.00000
0.40299,0.40990,0.40003,0.40529,0.40200,0.30037,0.29807,0.30037,0.29938,0.29774,0.00272,0.00337,0.00173,-0.00090,0.00074,-55.70062,-943.00000
0.40102,0.40332,0.39707,0.40036,0.39279,0.29741,0.30070,0.30070,0.29675,0.30070,-0.00255,-0.00156,-0.00090,0.00140,-0.00025,-55.70062,-942.00000
0.39542,0.39904,0.40134,0.39805,0.40036,0.30004,0.29379,0.30103,0.30037,0.29478,0.00502,0.00074,-0.00288,-0.00057,0.00436,-55.93136,-941.00000
0.39115,0.39674,0.39740,0.40562,0.40102,0.29675,0.30333,0.30300,0.29873,0.29708,0.00008,-0.00156,0.00074,0.00008,-0.00189,-55.93136,-940.00000
0.39378,0.39904,0.39246,0.39937,0.39444,0.29642,0.29807,0.29544,0.30037,0.29314,-0.00222,0.00140,-0.00057,0.00041,-0.00156,-55.41929,-939.00000
0.39378,0.39312,0.40003,0.39608,0.39213,0.29873,0.30004,0.30004,0.29938,0.29840,-0.00090,-0.00090,-0.00090,0.00041,-0.00321,-55.41929,-938.00000
0.39279,0.39378,0.39575,0.39970,0.39608,0.30037,0.29807,0.29642,0.29873,0.29840,0.00666,0.00008,0.00074,0.00173,0.00107,-55.57586,-937.00000
0.39049,0.39444,0.39279,0.39608,0.39740,0.29511,0.29774,0.29544,0.30070,0.29445,0.00173,0.00041,0.00239,0.00008,0.00008,-55.57586,-936.00000
0.39181,0.39378,0.39213,0.39049,0.38950,0.30202,0.29708,0.29511,0.29774,0.29642,0.00502,0.00140,-0.00090,0.00173,-0.00057,-55.73959,-935.00000
0.39148,0.38852,0.39773,0.38885,0.39148,0.30169,0.29971,0.30136,0.29379,0.29511,0.00008,-0.00156,-0.00025,0.00337,0.00272,-55.73959,-934.00000
0.38687,0.38983,0.39148,0.38589,0.39411,0.30037,0.29840,0.29642,0.29971,0.29774,0.00107,-0.00222,-0.00123,0.00600,-0.00551,-55.28435,-933.00000
0.38457,0.38589,0.38654,0.38325,0.39181,0.30136,0.30004,0.29873,0.29741,0.29741,-0.00222,0.00173,-0.00025,0.00173,-0.00419,-55.28435,-932.00000
0.38293,0.38621,0.38852,0.38819,0.38687,0.29675,0.29906,0.29741,0.30004,0.29741,-0.00255,0.00206,-0.00123,-0.00057,0.00107,-56.02352,-931.00000
0.38654,0.38391,0.38720,0.38885,0.38523,0.29741,0.30169,0.30037,0.30202,0.29906,-0.00156,-0.00057,-0.00452,-0.00255,-0.00090,-56.02352,-930.00000
0.38293,0.38786,0.39082,0.38457,0.38917,0.30399,0.29675,0.29774,0.29873,0.29807,-0.00090,0.00041,0.00403,0.00239,0.00140,-56.45658,-929.00000
0.38293,0.37668,0.38720,0.38029,0.37964,0.30234,0.29708,0.30234,0.29248,0.29938,0.00272,-0.00386,-0.00090,0.00008,0.00337,-56.45658,-928.00000
0.37997,0.38457,0.38457,0.38062,0.38293,0.29774,0.30300,0.30234,0.29675,0.29807,0.00206,-0.00255,0.00206,-0.00090,0.00041,-55.83327,-927.00000
0.38029,0.37799,0.38589,0.37997,0.38095,0.29938,0.29840,0.30169,0.29971,0.30037,0.00140,0.00008,0.00173,-0.00090,-0.00189,-55.83327,-926.00000
0.37470,0.38293,0.37569,0.37701,0.37766,0.30103,0.29774,0.29610,0.30004,0.29577,-0.00156,-0.00123,-0.00057,-0.00353,-0.00288,-56.46156,-925.00000
0.38589,0.37766,0.37832,0.37766,0.37174,0.30103,0.29971,0.30037,0.30004,0.30234,0.00008,-0.00156,-0.00156,0.00140,0.00239,-56.46156,-924.00000
0.37898,0.37865,0.37503,0.37273,0.37931,0.29840,0.29642,0.29642,0.30136,0.29873,-0.00189,-0.00156,0.00107,-0.00025,0.00206,-56.12629,-923.00000
0.37306,0.37437,0.37733,0.37865,0.37602,0.29906,0.29774,0.29675,0.29807,0.30103,0.00403,0.00337,-0.00057,0.00239,-0.00452,-56.12629,-922.00000
0.37372,0.36747,0.37733,0.37668,0.37273,0.29346,0.29873,0.29577,0.29873,0.30103,0.00304,0.00304,-0.00189,-0.00057,0.00600,-56.20523,-921.00000
0.37437,0.37437,0.37569,0.37964,0.37207,0.29971,0.29873,0.29840,0.30070,0.29741,-0.00057,0.00337,0.00074,-0.00255,0.00041,-56.20523,-920.00000
0.36812,0.36451,0.37306,0.36747,0.37569,0.29873,0.30070,0.29708,0.29774,0.29840,-0.00255,0.00140,-0.00025,0.00272,0.00008,-55.40730,-919.00000
0.36516,0.37503,0.36911,0.37108,0.36812,0.30070,0.29873,0.29708,0.30234,0.30234,0.00008,-0.00156,-0.00189,-0.00025,0.00074,-55.40730,-918.00000
0.37207,0.37503,0.37207,0.37141,0.36582,0.29971,0.30004,0.29708,0.29675,0.29741,-0.00123,0.00107,0.00436,0.00041,-0.00025,-55.88969,-917.00000
0.37141,0.36582,0.36089,0.36878,0.37240,0.29938,0.29873,0.30300,0.29807,0.29741,-0.00123,0.00173,0.00074,0.00107,0.00337,-55.88969,-916.00000
0.35957,0.36615,0.36023,0.36385,0.36648,0.29840,0.30037,0.29971,0.29379,0.29511,0.00107,0.00370,-0.00617,-0.00222,0.00173,-55.97707,-915.00000
0.36253,0.36089,0.36714,0.36780,0.36220,0.29971,0.29741,0.29807,0.29741,0.29281,0.00074,0.00206,0.00041,0.00074,0.00140,-55.97707,-914.00000
0.35694,0.36878,0.35990,0.36352,0.35727,0.29511,0.29445,0.29971,0.29610,0.29675,-0.00090,-0.00090,0.00008,0.00074,-0.00156,-55.78639,-913.00000
0.36286,0.35957,0.36418,0.35760,0.35990,0.29840,0.29281,0.29741,0.29642,0.29873,0.00107,-0.00057,-0.00353,0.00173,0.00074,-55.78639,-912.00000
0.35596,0.36385,0.35859,0.36253,0.36023,0.30037,0.30037,0.30070,0.29511,0.30037,0.00074,0.00272,0.00140,0.00041,-0.00222,-56.38929,-911.00000
0.36385,0.35464,0.36155,0.35990,0.36220,0.30070,0.29445,0.29708,0.29610,0.30136,-0.00189,-0.00025,0.00403,-0.00057,0.00008,-56.38929,-910.00000
0.35267,0.35957,0.36352,0.36516,0.35563,0.29610,0.30037,0.29971,0.29906,0.29774,0.00337,0.00173,0.00140,0.00008,-0.00123,-56.83722,-909.00000
0.35957,0.35596,0.35267,0.35727,0.36056,0.29938,0.29807,0.30300,0.30103,0.29938,0.00008,-0.00025,0.00370,0.00173,-0.00090,-56.83722,-908.00000
0.35727,0.35365,0.35727,0.35727,0.35596,0.30070,0.29774,0.30070,0.30004,0.29511,0.00173,-0.00255,0.00239,0.00173,-0.00353,-55.88443,-907.00000
0.35826,0.35530,0.35168,0.35201,0.35694,0.30037,0.29642,0.29675,0.29774,0.29741,0.00107,-0.00255,-0.00321,0.00107,0.00107,-55.88443,-906.00000
0.35332,0.35234,0.35267,0.34905,0.35596,0.29708,0.29774,0.29511,0.29675,0.30004,-0.00025,0.00041,0.00074,0.00140,0.00173,-56.31136,-905.00000
0.34609,0.35102,0.35563,0.34773,0.35530,0.29412,0.29807,0.30234,0.29906,0.30037,0.00173,-0.00353,0.00239,-0.00057,0.00074,-56.31136,-904.00000
0.35201,0.34839,0.34773,0.35365,0.34872,0.29741,0.29938,0.29544,0.29478,0.30465,0.00008,0.00272,-0.00123,-0.00025,0.00206,-56.50040,-903.00000
0.35661,0.34675,0.34576,0.35102,0.34675,0.29741,0.29577,0.29741,0.29577,0.29774,-0.00156,0.00041,0.00206,-0.00321,0.00173,-56.50040,-902.00000
0.35135,0.34050,0.34773,0.34938,0.34872,0.29642,0.29906,0.30037,0.29971,0.29577,-0.00057,0.00206,0.00107,0.00074,0.00173,-56.48995,-901.00000
0.34708,0.34444,0.34050,0.34444,0.34379,0.29971,0.29577,0.29445,0.29807,0.29906,-0.00288,0.00173,0.00041,0.00041,0.00436,-56.48995,-900.00000
0.34379,0.34576,0.34872,0.34609,0.33787,0.29577,0.29511,0.29445,0.30432,0.29445,0.00008,0.00173,-0.00189,0.00173,-0.00156,-55.74986,-899.00000
0.34477,0.34412,0.34050,0.34115,0.34543,0.30070,0.30037,0.29642,0.29708,0.30037,-0.00090,-0.00025,0.00140,0.00206,0.00173,-55.74986,-898.00000
0.34708,0.34181,0.33885,0.34313,0.34675,0.29807,0.29215,0.29478,0.29741,0.29610,0.00304,0.00173,0.00304,0.00272,-0.00255,-56.10979,-897.00000
0.34609,0.34247,0.33458,0.34510,0.33984,0.29971,0.29577,0.30004,0.29314,0.29938,0.00074,0.00008,0.00272,-0.00452,0.00074,-56.10979,-896.00000
0.33787,0.33885,0.34642,0.33326,0.34444,0.29642,0.29971,0.29610,0.29840,0.29774,-0.00057,0.00370,-0.00123,-0.00189,0.00370,-55.15206,-895.00000
0.34083,0.33918,0.33918,0.33721,0.34148,0.29675,0.29807,0.29544,0.29807,0.29379,-0.00321,-0.00156,-0.00255,0.00140,-0.00090,-55.15206,-894.00000
0.33491,0.34214,0.33458,0.34214,0.33293,0.29906,0.29708,0.29675,0.30070,0.29445,-0.00156,0.00140,0.00206,-0.00189,0.00074,-56.26500,-893.00000
0.34181,0.34050,0.33951,0.33754,0.33293,0.29642,0.29642,0.29577,0.30004,0.29774,0.00173,0.00239,0.00041,-0.00255,-0.00025,-56.26500,-892.00000
0.34017,0.33063,0.33162,0.33260,0.33787,0.29741,0.29840,0.29708,0.29774,0.29873,0.00337,-0.00057,0.00140,0.00074,0.00206,-55.72771,-891.00000
0.33195,0.33655,0.33326,0.32833,0.33326,0.29511,0.29873,0.29906,0.29544,0.30103,-0.00025,0.00140,-0.00156,0.00074,-0.00156,-55.72771,-890.00000
0.33030,0.32767,0.33787,0.32734,0.32931,0.29840,0.29741,0.29511,0.29544,0.30070,-0.00189,0.00107,-0.00321,-0.00090,-0.00057,-55.53964,-889.00000
0.32931,0.32931,0.32570,0.33030,0.33227,0.29708,0.30070,0.30004,0.29544,0.29675,-0.00057,-0.00057,0.00140,0.00140,-0.00123,-55.53964,-888.00000
0.33326,0.33293,0.33523,0.33260,0.33162,0.29807,0.29248,0.29708,0.29774,0.29906,0.00272,0.00008,-0.00090,-0.00090,0.00140,-55.69462,-887.00000
0.32537,0.32800,0.32997,0.32537,0.32964,0.29577,0.29906,0.29906,0.30004,0.29906,-0.00090,-0.00189,-0.00386,0.00436,0.00370,-55.69462,-886.00000
0.32931,0.32603,0.33096,0.32175,0.32438,0.29741,0.29445,0.29741,0.30070,0.29478,0.00140,0.00107,0.00041,-0.00025,0.00370,-56.42397,-885.00000
0.32405,0.32405,0.32603,0.32800,0.32241,0.30267,0.29675,0.29840,0.29971,0.29840,0.00173,0.00107,-0.00057,0.00008,0.00173,-56.42397,-884.00000
0.32866,0.32603,0.32668,0.32274,0.32471,0.29675,0.29807,0.29741,0.29642,0.30004,0.00436,0.00008,0.00140,-0.00025,0.00502,-56.00740,-883.00000
0.32307,0.32635,0.31715,0.32372,0.32471,0.29741,0.29840,0.30070,0.29938,0.29346,-0.00255,-0.00222,0.00239,0.00304,0.00173,-56.00740,-882.00000
0.32405,0.32307,0.32339,0.32603,0.32241,0.29938,0.29544,0.29642,0.29774,0.29577,0.00041,0.00041,-0.00025,0.00008,0.00107,-55.58182,-881.00000
0.32241,0.31978,0.32537,0.32208,0.32076,0.29938,0.29642,0.29708,0.29938,0.29675,0.00140,0.00304,0.00074,0.00074,-0.00025,-55.58182,-880.00000
0.32175,0.31978,0.32142,0.32274,0.31846,0.30169,0.29642,0.29873,0.29248,0.29511,0.00337,0.00041,-0.00025,-0.00090,0.00239,-55.74013,-879.00000
0.31780,0.31912,0.31715,0.31945,0.31945,0.29774,0.29938,0.29774,0.29873,0.29577,0.00337,-0.00057,0.00140,0.00008,0.00272,-55.74013,-878.00000
0.31155,0.31484,0.31254,0.32109,0.32109,0.29840,0.29873,0.29708,0.29971,0.29741,-0.00057,0.00206,-0.00057,0.00074,0.00206,-56.18794,-877.00000
0.31846,0.31682,0.31846,0.31879,0.31649,0.30070,0.29248,0.29478,0.29774,0.29610,0.00140,0.00173,-0.00057,-0.00222,-0.00025,-56.18794,-876.00000
0.32208,0.30991,0.31517,0.31484,0.31254,0.29873,0.29412,0.29642,0.29544,0.29708,-0.00156,0.00173,-0.00189,0.00502,-0.00353,-55.21311,-875.00000
0.31649,0.31221,0.31353,0.31616,0.31122,0.29741,0.30037,0.29971,0.29511,0.29708,0.00272,0.00436,0.00140,-0.00255,-0.00025,-55.21311,-874.00000
0.31287,0.31320,0.31090,0.31155,0.32109,0.29807,0.30037,0.29774,0.30103,0.29610,-0.00123,-0.00090,0.00140,-0.00057,0.00173,-55.41417,-873.00000
0.30826,0.30925,0.31090,0.31353,0.30629,0.29281,0.29642,0.30103,0.30234,0.29478,-0.00025,0.00041,-0.00353,-0.00123,-0.00057,-55.41417,-872.00000
0.31649,0.30761,0.30695,0.31649,0.31287,0.29544,0.29906,0.29938,0.29840,0.29511,0.00008,0.00074,-0.00025,-0.00090,-0.00123,-55.60015,-871.00000
0.30794,0.30761,0.30629,0.30925,0.31122,0.29741,0.30004,0.29642,0.29741,0.29379,-0.00057,0.00239,0.00041,0.00074,-0.00025,-55.60015,-870.00000
0.31024,0.30498,0.30826,0.30826,0.31451,0.28952,0.29807,0.29675,0.29577,0.29741,0.00008,0.00140,-0.00189,0.00239,0.00337,-55.80789,-869.00000
0.30826,0.30892,0.30366,0.30991,0.30563,0.29708,0.29577,0.29511,0.29840,0.29873,0.00173,-0.00156,-0.00222,-0.00090,0.00173,-55.80789,-868.00000
0.30629,0.30399,0.30695,0.30103,0.29577,0.29445,0.29577,0.29445,0.30136,0.29412,0.00469,-0.00090,-0.00288,0.00074,0.00107,-55.01820,-867.00000
0.30728,0.30169,0.30498,0.30267,0.30662,0.29971,0.29346,0.29873,0.29906,0.29971,0.00239,0.00041,-0.00123,-0.00156,0.00173,-55.01820,-866.00000
0.30859,0.30169,0.30629,0.30761,0.30037,0.29971,0.30037,0.30070,0.30070,0.30103,-0.00255,-0.00057,0.00008,0.00239,0.00107,-55.41682,-865.00000
0.30202,0.30958,0.29906,0.30300,0.30629,0.29610,0.29642,0.29938,0.29379,0.30004,-0.00189,0.00436,0.00008,0.00140,0.00041,-55.41682,-864.00000
0.30530,0.29873,0.30498,0.30070,0.29807,0.29807,0.29741,0.29807,0.29610,0.29807,0.00074,0.00107,-0.00353,0.00140,0.00041,-55.12296,-863.00000
0.30333,0.29511,0.30366,0.30761,0.29840,0.29807,0.29906,0.29774,0.29906,0.29741,0.00337,-0.00189,0.00041,-0.00025,-0.00090,-55.12296,-862.00000
0.30300,0.29840,0.29840,0.29774,0.30103,0.29971,0.29840,0.30070,0.29577,0.30136,0.00041,0.00337,-0.00321,0.00206,-0.00386,-55.17867,-861.00000
0.29675,0.30202,0.29741,0.29675,0.29873,0.29610,0.29938,0.29840,0.29412,0.29248,0.00107,0.00370,-0.00025,-0.00057,0.00206,-55.17867,-860.00000
0.29445,0.29938,0.30070,0.29544,0.29412,0.30004,0.29544,0.29774,0.30169,0.29971,-0.00123,0.00272,0.00107,0.00107,0.00074,-55.05515,-859.00000
0.29346,0.29478,0.29675,0.29741,0.29478,0.29346,0.29346,0.29445,0.29642,0.29511,-0.00057,-0.00189,-0.00025,0.00173,-0.00222,-55.05515,-858.00000
0.29610,0.29412,0.30037,0.29281,0.29445,0.29807,0.29511,0.29906,0.29610,0.29478,0.00041,0.00008,-0.00288,-0.00090,0.00008,-55.92601,-857.00000
0.29873,0.29182,0.29938,0.29445,0.28820,0.30004,0.29708,0.29708,0.29412,0.29774,-0.00156,0.00568,0.00337,-0.00321,0.00008,-55.92601,-856.00000
0.28787,0.29314,0.29774,0.29807,0.29018,0.29774,0.29610,0.29610,0.29708,0.30070,-0.00123,-0.00288,-0.00090,-0.00025,-0.00156,-55.88781,-855.00000
0.29610,0.29478,0.28853,0.28623,0.29346,0.30103,0.29544,0.29675,0.29675,0.29478,-0.00485,-0.00189,-0.00025,0.00140,0.00370,-55.88781,-854.00000
0.29346,0.29050,0.29412,0.29182,0.29577,0.29906,0.29577,0.29642,0.29248,0.29938,-0.00057,-0.00255,-0.00090,-0.00321,0.00107,-56.31793,-853.00000
0.28524,0.28294,0.28919,0.28623,0.29577,0.29938,0.29971,0.29840,0.29544,0.29840,0.00074,-0.00288,0.00008,0.00008,-0.00025,-56.31793,-852.00000
0.28590,0.29281,0.28557,0.28524,0.29116,0.29741,0.29511,0.30432,0.29938,0.29840,-0.00057,-0.00222,0.00074,-0.00255,-0.00222,-56.06180,-851.00000
0.28952,0.28590,0.28722,0.29346,0.28623,0.29248,0.29379,0.29346,0.29873,0.29577,-0.00057,-0.00255,-0.00189,0.00008,-0.00255,-56.06180,-850.00000
0.28195,0.28524,0.29050,0.28557,0.29050,0.29708,0.29445,0.29708,0.29906,0.29281,0.00008,0.00337,0.00107,0.00074,0.00107,-56.56850,-849.00000
0.28985,0.28458,0.28754,0.28097,0.28064,0.29577,0.29675,0.30037,0.29675,0.29544,0.00304,-0.00025,0.00272,-0.00090,0.00173,-56.56850,-848.00000
0.28458,0.28524,0.27866,0.28031,0.28623,0.29840,0.29873,0.29314,0.29741,0.29708,0.00206,0.00370,-0.00288,0.00107,0.00173,-56.60456,-847.00000
0.28393,0.28491,0.28689,0.28722,0.28524,0.29840,0.30136,0.29346,0.29149,0.29610,0.00074,0.00173,-0.00057,-0.00222,-0.00189,-56.60456,-846.00000
0.28623,0.28129,0.28261,0.28689,0.27833,0.29511,0.29642,0.29774,0.29642,0.29577,0.00041,-0.00222,0.00206,0.00008,0.00140,-56.35892,-845.00000
0.27932,0.28557,0.28097,0.27932,0.27735,0.29577,0.29774,0.29807,0.29840,0.29215,0.00074,-0.00025,0.00041,-0.00057,0.00074,-56.35892,-844.00000
0.28557,0.27965,0.28557,0.28294,0.28129,0.29840,0.29807,0.29840,0.30103,0.30465,-0.00057,0.00272,0.00140,0.00173,-0.00617,-56.39235,-843.00000
0.27636,0.27899,0.28097,0.27735,0.27801,0.29840,0.29511,0.29577,0.29906,0.29642,-0.00156,-0.00353,0.00272,0.00173,-0.00025,-56.39235,-842.00000
0.28393,0.28097,0.28129,0.28524,0.28064,0.29840,0.29314,0.29478,0.29544,0.29610,0.00140,0.00041,0.00206,0.00008,-0.00025,-55.93543,-841.00000
0.27932,0.28064,0.28162,0.27439,0.27735,0.29412,0.29642,0.29708,0.29807,0.29511,0.00206,-0.00123,-0.00156,0.00008,-0.00057,-55.93543,-840.00000
0.27899,0.27241,0.28031,0.27570,0.28031,0.29708,0.29182,0.29610,0.29445,0.29774,0.00206,-0.00057,-0.00222,0.00107,-0.00090,-56.39057,-839.00000
0.27998,0.27406,0.27833,0.27603,0.28294,0.29971,0.29971,0.29741,0.30103,0.29708,-0.00288,0.00074,0.00140,0.00272,-0.00025,-56.39057,-838.00000
0.27373,0.27702,0.27833,0.27439,0.27373,0.29445,0.29840,0.29708,0.29412,0.29642,-0.00057,-0.00321,0.00403,0.00173,0.00239,-55.91257,-837.00000
0.27011,0.27570,0.27702,0.27899,0.27373,0.29610,0.29774,0.29774,0.29840,0.29577,-0.00189,0.00140,0.00140,0.00239,0.00074,-55.91257,-836.00000
0.27077,0.27011,0.27340,0.27176,0.27373,0.29478,0.29314,0.29774,0.29478,0.29708,0.00173,0.00008,0.00206,-0.00156,-0.00255,-56.50853,-835.00000
0.27044,0.27110,0.27077,0.27143,0.27011,0.29577,0.29840,0.29708,0.29642,0.29708,-0.00222,-0.00025,0.00239,0.00140,-0.00090,-56.50853,-834.00000
0.26945,0.26617,0.27274,0.26222,0.27077,0.29511,0.29281,0.29807,0.29708,0.29938,0.00206,-0.00025,0.00041,-0.00419,-0.00189,-56.66735,-833.00000
0.26715,0.27044,0.27669,0.26452,0.26518,0.29642,0.30169,0.29774,0.30136,0.29675,-0.00189,-0.00123,0.00041,0.00206,0.00041,-56.66735,-832.00000
0.26649,0.26814,0.26452,0.26649,0.26781,0.29708,0.29544,0.30037,0.29675,0.29675,0.00206,-0.00288,0.00041,-0.00025,0.00239,-55.89227,-831.00000
0.26649,0.27011,0.26880,0.26255,0.26880,0.29938,0.29445,0.29741,0.29610,0.29675,0.00008,-0.00222,0.00239,-0.00288,-0.00156,-55.89227,-830.00000
0.26748,0.25992,0.26814,0.26518,0.26847,0.29938,0.29478,0.29215,0.29675,0.29708,0.00304,0.00173,0.00469,0.00502,-0.00123,-55.54623,-829.00000
0.26321,0.26090,0.26781,0.26189,0.26189,0.29906,0.29708,0.29577,0.30267,0.29445,0.00107,0.00140,-0.00255,-0.00090,0.00107,-55.54623,-828.00000
0.26649,0.26814,0.26715,0.26584,0.26518,0.29774,0.29774,0.29873,0.29938,0.29642,0.00041,-0.00222,0.00173,-0.00222,-0.00255,-55.90544,-827.00000
0.25926,0.26913,0.26189,0.26189,0.27011,0.29840,0.29642,0.29741,0.30004,0.29840,-0.00222,0.00403,-0.00321,0.00008,-0.00156,-55.90544,-826.00000
0.26584,0.26189,0.26288,0.25827,0.26353,0.29774,0.30037,0.29215,0.29511,0.29642,0.00337,-0.00090,0.00041,0.00041,0.00107,-56.08504,-825.00000
0.25959,0.26189,0.25597,0.26222,0.26057,0.29642,0.29774,0.29610,0.29642,0.29741,0.00008,0.00008,-0.00090,0.00272,-0.00419,-56.08504,-824.00000
0.25630,0.26551,0.25992,0.25827,0.25663,0.29675,0.29708,0.29774,0.29708,0.29774,-0.00123,0.00272,-0.00123,0.00239,-0.00123,-55.95024,-823.00000
0.25531,0.25860,0.25334,0.26057,0.25696,0.29906,0.29610,0.29807,0.29412,0.29610,-0.00222,-0.00025,-0.00321,-0.00025,0.00107,-55.95024,-822.00000
0.26255,0.25728,0.26715,0.26288,0.25827,0.30202,0.29281,0.29840,0.29840,0.29741,0.00008,-0.00025,-0.00025,-0.00156,0.00074,-55.32863,-821.00000
0.26123,0.25926,0.25071,0.26255,0.25794,0.29840,0.30267,0.29840,0.29577,0.29741,0.00173,-0.00288,-0.00255,-0.00123,-0.00189,-55.32863,-820.00000
0.25761,0.25728,0.25169,0.26057,0.25498,0.30004,0.29938,0.29675,0.29971,0.30103,0.00173,0.00041,0.00173,0.00008,0.00041,-56.01881,-819.00000
0.25663,0.25071,0.25926,0.25465,0.25531,0.29577,0.29577,0.29445,0.29544,0.30333,-0.00189,0.00239,-0.00189,0.00041,0.00502,-56.01881,-818.00000
0.25564,0.25959,0.25465,0.25860,0.25235,0.30169,0.30234,0.29906,0.29642,0.29774,-0.00123,0.00008,-0.00485,-0.00123,-0.00288,-56.29310,-817.00000
0.25432,0.25235,0.25465,0.25827,0.24775,0.30004,0.29906,0.29511,0.29708,0.29840,-0.00090,0.00304,-0.00123,0.00008,-0.00222,-56.29310,-816.00000
0.25992,0.25564,0.25498,0.25400,0.25334,0.29346,0.30103,0.29840,0.29774,0.29938,0.00008,0.00041,-0.00090,0.00370,0.00140,-56.17389,-815.00000
0.25400,0.26057,0.25202,0.25498,0.25235,0.29938,0.29708,0.29577,0.29708,0.29610,0.00633,0.00008,0.00239,0.00272,0.00107,-56.17389,-814.00000
0.24544,0.25301,0.25334,0.24939,0.25038,0.29873,0.30037,0.29642,0.29281,0.30037,-0.00025,-0.00057,0.00173,-0.00222,-0.00189,-56.55618,-813.00000
0.25334,0.24972,0.25104,0.25696,0.25038,0.29807,0.29511,0.30070,0.30498,0.29708,-0.00123,-0.00057,0.00272,0.00403,0.00008,-56.55618,-812.00000
0.25268,0.24939,0.24380,0.25367,0.24906,0.29610,0.29971,0.29478,0.29346,0.29675,-0.00156,-0.00025,-0.00123,-0.00222,0.00008,-56.83522,-811.00000
0.24775,0.25169,0.25038,0.25169,0.24709,0.29642,0.29807,0.29511,0.29675,0.29741,0.00074,-0.00156,-0.00057,0.00239,0.00173,-56.83522,-810.00000
0.25334,0.25235,0.25202,0.24512,0.24742,0.29741,0.29774,0.29708,0.30103,0.30103,0.00272,-0.00156,0.00107,0.00107,-0.00156,-56.83314,-809.00000
0.24314,0.24676,0.25235,0.24643,0.24873,0.29610,0.29873,0.29971,0.29708,0.29511,-0.00156,0.00239,0.00074,0.00140,0.00173,-56.83314,-808.00000
0.24972,0.24216,0.25367,0.25268,0.24216,0.29610,0.29610,0.30037,0.29708,0.29675,0.00041,0.00206,0.00304,0.00272,-0.00123,-56.81745,-807.00000
0.23985,0.24347,0.24248,0.24643,0.25071,0.30037,0.29379,0.30070,0.29610,0.29610,-0.00123,0.00107,0.00041,0.00107,-0.00156,-56.81745,-806.00000
0.25005,0.24413,0.24248,0.24808,0.24216,0.29741,0.29675,0.29741,0.29511,0.29511,0.00173,0.00272,0.00008,-0.00123,-0.00353,-56.51663,-805.00000
0.24840,0.24610,0.24544,0.24347,0.24775,0.30037,0.29741,0.29840,0.29741,0.29445,-0.00419,-0.00584,-0.00222,0.00140,-0.00123,-56.51663,-804.00000
0.24216,0.24150,0.24544,0.24479,0.24117,0.29445,0.29478,0.29577,0.29412,0.29577,-0.00057,-0.00189,-0.00156,0.00008,0.00239,-55.95607,-803.00000
0.24742,0.24150,0.24347,0.24183,0.24742,0.29544,0.29511,0.29807,0.29281,0.29314,-0.00057,-0.00321,-0.00321,0.00008,-0.00057,-55.95607,-802.00000
0.24051,0.24577,0.23755,0.24051,0.23920,0.30037,0.29708,0.29708,0.29610,0.29511,-0.00090,0.00173,-0.00189,0.00041,0.00568,-55.86622,-801.00000
0.24216,0.23788,0.24281,0.24906,0.24183,0.29478,0.29807,0.29018,0.29906,0.29675,-0.00025,-0.00288,0.00140,-0.00156,0.00206,-55.86622,-800.00000
0.23821,0.24051,0.23591,0.24183,0.24117,0.29610,0.29774,0.29610,0.29511,0.29346,0.00041,0.00370,-0.00090,-0.00222,0.00173,-55.04493,-799.00000
0.23525,0.24446,0.23689,0.23591,0.24281,0.29675,0.29642,0.29807,0.29314,0.29840,-0.00222,-0.00090,0.00206,-0.00123,0.00272,-55.04493,-798.00000
0.24479,0.23262,0.23426,0.24084,0.23525,0.29873,0.29544,0.30004,0.29675,0.29642,0.00239,0.00337,0.00140,-0.00090,0.00173,-54.85401,-797.00000
0.24117,0.24248,0.23985,0.23689,0.24248,0.29642,0.29906,0.29577,0.29511,0.29840,-0.00090,0.00008,0.00107,-0.00057,0.00206,-54.85401,-796.00000
0.24051,0.24150,0.23952,0.24051,0.23426,0.29774,0.29774,0.29675,0.29379,0.29675,-0.00025,-0.00288,-0.00353,-0.00025,0.00239,-55.36646,-795.00000
0.23130,0.24676,0.23887,0.23393,0.23952,0.29840,0.29675,0.29610,0.29873,0.30004,0.00140,0.00403,0.00173,-0.00025,0.00173,-55.36646,-794.00000
0.23591,0.23624,0.23525,0.23854,0.23459,0.29478,0.29708,0.29840,0.29906,0.29577,0.00370,0.00403,-0.00222,-0.00090,-0.00156,-55.64710,-793.00000
0.23196,0.23130,0.23459,0.23525,0.23821,0.29642,0.30234,0.29741,0.29478,0.29116,0.00337,-0.00057,-0.00222,-0.00321,0.00403,-55.64710,-792.00000
0.23064,0.23624,0.23262,0.23328,0.23393,0.29610,0.30037,0.29577,0.29807,0.29577,0.00041,-0.00025,-0.00025,0.00074,-0.00025,-55.55548,-791.00000
0.22966,0.23459,0.23492,0.23295,0.23393,0.29478,0.29511,0.29577,0.29840,0.29675,-0.00090,0.00041,0.00502,0.00008,0.00041,-55.55548,-790.00000
0.23064,0.23360,0.23328,0.23360,0.23722,0.29610,0.29971,0.29708,0.29544,0.29511,0.00008,0.00107,-0.00123,0.00304,0.00206,-55.30460,-789.00000
0.23328,0.22900,0.23295,0.23558,0.23295,0.29708,0.29577,0.29544,0.29412,0.29149,0.00074,0.00469,0.00140,0.00107,0.00008,-55.30460,-788.00000
0.22176,0.23262,0.22999,0.23064,0.22933,0.29577,0.29971,0.30037,0.29906,0.29445,0.00107,0.00041,0.00008,0.00206,-0.00321,-55.79927,-787.00000
0.23459,0.23360,0.23854,0.22900,0.23755,0.29906,0.29807,0.29610,0.29577,0.29478,0.00469,0.00107,-0.00255,0.00008,0.00140,-55.79927,-786.00000
0.22637,0.22900,0.23722,0.23722,0.23624,0.29938,0.29577,0.29774,0.29478,0.30300,-0.00156,-0.00255,0.00304,0.00272,-0.00123,-55.60471,-785.00000
0.23295,0.22867,0.22966,0.22900,0.22966,0.29478,0.29708,0.29610,0.29642,0.29083,-0.00090,-0.00189,-0.00057,-0.00386,0.00074,-55.60471,-784.00000
0.23163,0.22999,0.22933,0.22439,0.23328,0.29675,0.30037,0.29774,0.30300,0.29642,0.00370,0.00107,-0.00321,0.00041,-0.00123,-55.87365,-783.00000
0.22768,0.23196,0.22472,0.23032,0.22637,0.29642,0.29511,0.29577,0.29379,0.29577,-0.00123,-0.00057,0.00008,0.00173,-0.00485,-55.87365,-782.00000
0.23163,0.22439,0.22472,0.22768,0.22143,0.30037,0.29346,0.29346,0.29610,0.30037,-0.00025,-0.00255,0.00074,0.00173,-0.00057,-54.94610,-781.00000
0.23064,0.22735,0.22735,0.22966,0.22768,0.29840,0.30202,0.29346,0.29906,0.29708,0.00140,0.00140,0.00041,0.00304,0.00140,-54.94610,-780.00000
0.22834,0.22308,0.22374,0.22966,0.22571,0.29281,0.29445,0.29807,0.29873,0.29445,-0.00057,-0.00090,0.00041,-0.00025,-0.00025,-55.35391,-779.00000
0.22308,0.22604,0.22176,0.23064,0.22143,0.29379,0.29412,0.29445,0.29675,0.29807,-0.00321,0.00403,0.00041,0.00074,-0.00123,-55.35391,-778.00000
0.22801,0.22374,0.22012,0.22834,0.22505,0.29544,0.29412,0.30037,0.29642,0.29445,0.00107,0.00173,0.00041,0.00568,0.00074,-55.08174,-777.00000
0.22143,0.22538,0.21716,0.22538,0.22407,0.29807,0.29675,0.29314,0.29708,0.29511,0.00173,-0.00189,0.00074,0.00140,0.00008,-55.08174,-776.00000
0.22374,0.21979,0.22439,0.22505,0.22768,0.29642,0.29116,0.29938,0.29610,0.29544,0.00041,0.00107,0.00041,0.00008,-0.00156,-55.55845,-775.00000
0.21946,0.21847,0.22505,0.21913,0.22209,0.29577,0.29412,0.29577,0.29642,0.29807,0.00041,0.00173,0.00469,-0.00123,-0.00189,-55.55845,-774.00000
0.22374,0.22505,0.22900,0.22670,0.22078,0.29478,0.29478,0.30037,0.29906,0.29642,-0.00057,-0.00090,0.00206,0.00173,-0.00057,-55.15471,-773.00000
0.21913,0.22703,0.22407,0.21880,0.22407,0.29642,0.29675,0.29642,0.29873,0.29873,0.00206,-0.00123,0.00403,0.00239,0.00074,-55.15471,-772.00000
0.22505,0.22176,0.22472,0.22308,0.22407,0.30070,0.30037,0.29610,0.29741,0.29675,-0.00057,0.00272,0.00140,-0.00222,-0.00156,-54.63790,-771.00000
0.22538,0.21979,0.22505,0.21486,0.21880,0.29741,0.29478,0.29938,0.30004,0.29478,0.00436,-0.00025,0.00041,-0.00189,-0.00123,-54.63790,-770.00000
0.22045,0.21782,0.22374,0.22111,0.21716,0.29511,0.29248,0.29708,0.29774,0.29577,-0.00452,0.00337,-0.00025,-0.00452,0.00239,-54.24522,-769.00000
0.22176,0.22143,0.22045,0.21453,0.22111,0.29938,0.29741,0.29544,0.29379,0.30004,0.00074,-0.00156,0.00272,-0.00156,-0.00288,-54.24522,-768.00000
0.21584,0.21288,0.22768,0.21486,0.22275,0.30004,0.29873,0.29445,0.29741,0.29708,0.00173,-0.00057,0.00337,0.00173,0.00173,-54.39068,-767.00000
0.22242,0.20861,0.22209,0.21815,0.22505,0.30234,0.29741,0.29807,0.29774,0.29642,-0.00189,-0.00255,0.00370,-0.00255,-0.00321,-54.39068,-766.00000
0.21815,0.22176,0.21847,0.21782,0.21683,0.30366,0.29971,0.29807,0.29774,0.29840,-0.00255,-0.00090,0.00041,0.00403,-0.00025,-55.04446,-765.00000
0.21519,0.21913,0.21617,0.21749,0.21387,0.29938,0.30202,0.29873,0.29938,0.29577,0.00304,-0.00189,0.00239,-0.00288,0.00206,-55.04446,-764.00000
0.21880,0.21025,0.21453,0.21551,0.21584,0.29971,0.29577,0.29544,0.29478,0.29577,0.00206,0.00272,-0.00057,0.00140,0.00173,-55.14430,-763.00000
0.21683,0.21847,0.21321,0.21420,0.22078,0.30234,0.29807,0.29708,0.29675,0.30037,-0.00156,-0.00057,0.00140,0.00041,0.00206,-55.14430,-762.00000
0.22242,0.21617,0.21124,0.21650,0.22111,0.29544,0.29610,0.29478,0.29642,0.30004,0.00272,0.00239,-0.00288,0.00469,0.00140,-56.16834,-761.00000
0.21486,0.21486,0.21749,0.21683,0.21519,0.30004,0.30202,0.29281,0.29478,0.29971,0.00239,-0.00090,-0.00156,-0.00419,0.00304,-56.16834,-760.00000
0.21584,0.21815,0.21815,0.21584,0.21255,0.29906,0.29281,0.29938,0.30136,0.29807,0.00502,-0.00222,-0.00057,0.00239,0.00403,-55.80390,-759.00000
0.21453,0.21584,0.21025,0.21420,0.21683,0.29577,0.30202,0.29774,0.29445,0.30037,-0.00156,0.00173,0.00074,0.00173,0.00469,-55.80390,-758.00000
0.21716,0.21420,0.21157,0.21124,0.20927,0.29610,0.29412,0.30037,0.29906,0.29741,-0.00123,-0.00123,-0.00025,-0.00156,0.00008,-56.83261,-757.00000
0.20729,0.21255,0.21453,0.21782,0.21716,0.29610,0.29379,0.29774,0.29807,0.29873,0.00140,-0.00156,-0.00090,0.00370,-0.00386,-56.83261,-756.00000
0.20795,0.21025,0.21387,0.21584,0.21223,0.29478,0.29807,0.29675,0.29774,0.30136,-0.00090,0.00107,0.00107,-0.00025,0.00304,-57.03935,-755.00000
0.21157,0.21190,0.21453,0.20400,0.20663,0.29840,0.29971,0.30136,0.29412,0.29675,-0.00353,0.00337,0.00107,0.00041,-0.00090,-57.03935,-754.00000
0.21223,0.21058,0.21321,0.21551,0.20729,0.29412,0.29741,0.29971,0.29873,0.29544,0.00008,-0.00025,0.00074,-0.00288,-0.00090,-55.85610,-753.00000
0.20861,0.21255,0.20466,0.20828,0.20894,0.29478,0.29741,0.29971,0.29675,0.30267,0.00206,0.00041,0.00008,-0.00321,-0.00057,-55.85610,-752.00000
0.21124,0.20532,0.21025,0.20762,0.21453,0.29675,0.29511,0.29412,0.29544,0.29642,0.00304,0.00173,0.00436,-0.00156,-0.00353,-55.07649,-751.00000
0.20762,0.20532,0.20959,0.20466,0.20762,0.29774,0.29610,0.29314,0.29675,0.29445,-0.00025,0.00403,0.00140,0.00173,0.00403,-55.07649,-750.00000
0.20598,0.21453,0.20894,0.20565,0.20565,0.29642,0.29774,0.29807,0.29314,0.29379,-0.00419,0.00074,0.00206,-0.00123,0.00370,-55.87321,-749.00000
0.21190,0.20433,0.21091,0.21321,0.21025,0.29807,0.30004,0.29577,0.29906,0.29248,-0.00419,-0.00123,-0.00321,-0.00518,0.00403,-55.87321,-748.00000
0.21091,0.20663,0.20466,0.21058,0.21157,0.29840,0.29741,0.29675,0.29774,0.30136,0.00173,0.00272,0.00107,-0.00156,0.00107,-56.15926,-747.00000
0.20828,0.20433,0.20367,0.20959,0.20729,0.29511,0.29577,0.29642,0.30333,0.29840,-0.00255,0.00074,0.00107,0.00107,-0.00090,-56.15926,-746.00000
0.20433,0.20466,0.21157,0.20894,0.20203,0.29675,0.29906,0.30136,0.29807,0.30037,-0.00189,0.00074,0.00041,-0.00222,0.00140,-55.54057,-745.00000
0.20236,0.20433,0.21387,0.20598,0.21288,0.30004,0.29873,0.29741,0.29610,0.29807,0.00206,0.00107,-0.00222,0.00074,-0.00090,-55.54057,-744.00000
0.20762,0.20861,0.20499,0.21157,0.20959,0.29840,0.29906,0.29642,0.29774,0.29971,-0.00025,0.00107,0.00008,-0.00123,0.00370,-55.60476,-743.00000
0.21124,0.20828,0.20795,0.21091,0.20992,0.30202,0.30267,0.30070,0.29478,0.29478,-0.00090,-0.00255,-0.00090,0.00304,0.00107,-55.60476,-742.00000
0.19644,0.20959,0.20433,0.20795,0.20236,0.30202,0.30037,0.29971,0.29675,0.30136,0.00304,-0.00025,0.00074,-0.00288,0.00041,-55.84925,-741.00000
0.21157,0.20992,0.20696,0.20104,0.20696,0.29938,0.29642,0.29971,0.29774,0.30234,-0.00222,0.00239,-0.00222,0.00272,0.00107,-55.84925,-740.00000
0.20400,0.20762,0.20302,0.20927,0.20696,0.29938,0.29675,0.29577,0.30004,0.29577,-0.00485,0.00502,-0.00288,-0.00057,0.00074,-54.80695,-739.00000
0.20367,0.20565,0.20598,0.20203,0.20466,0.29906,0.29741,0.29445,0.30037,0.29610,0.00403,-0.00156,-0.00321,0.00041,0.00041,-54.80695,-738.00000
0.20071,0.20532,0.19677,0.20269,0.19907,0.30169,0.29774,0.29478,0.29577,0.30202,-0.00123,0.00008,-0.00288,-0.00025,0.00173,-55.20865,-737.00000
0.19874,0.20367,0.20038,0.20071,0.20631,0.29511,0.29938,0.29346,0.29642,0.29544,0.00107,0.00469,0.00140,0.00074,0.00304,-55.20865,-736.00000
0.20795,0.20302,0.20137,0.20203,0.19907,0.29774,0.29741,0.29577,0.29642,0.29182,0.00469,0.00008,0.00074,0.00272,0.00272,-55.89534,-735.00000
0.20532,0.19973,0.19644,0.20400,0.20038,0.29215,0.29478,0.29971,0.30004,0.29708,0.00041,-0.00090,-0.00288,0.00107,0.00008,-55.89534,-734.00000
0.20532,0.20137,0.19907,0.19874,0.20137,0.29675,0.29741,0.29774,0.29642,0.30234,-0.00057,-0.00123,0.00041,-0.00025,0.00370,-56.18742,-733.00000
0.20499,0.19710,0.20269,0.20170,0.19940,0.29610,0.29807,0.29116,0.29445,0.29248,0.00074,-0.00057,0.00140,-0.00222,0.00041,-56.18742,-732.00000
0.19973,0.19940,0.20367,0.19578,0.19841,0.30300,0.29906,0.29610,0.29478,0.29314,0.00239,0.00173,0.00074,0.00239,0.00140,-55.88668,-731.00000
0.19742,0.19973,0.20170,0.19710,0.19512,0.29544,0.29281,0.29478,0.29642,0.29675,-0.00057,-0.00025,0.00074,-0.00222,0.00008,-55.88668,-730.00000
0.20137,0.19644,0.20137,0.19282,0.19808,0.29708,0.29314,0.29544,0.29379,0.29610,0.00304,0.00074,0.00041,0.00173,-0.00123,-55.48240,-729.00000
0.20400,0.19874,0.20203,0.19907,0.19808,0.29675,0.29840,0.29675,0.29708,0.29971,-0.00189,0.00008,0.00107,-0.00386,0.00403,-55.48240,-728.00000
0.19446,0.20137,0.19907,0.19118,0.20137,0.29050,0.29379,0.29971,0.29116,0.29511,-0.00189,-0.00090,0.00041,-0.00025,-0.00057,-55.67821,-727.00000
0.19381,0.20006,0.19742,0.19742,0.19479,0.29873,0.29675,0.29774,0.29642,0.29642,-0.00025,-0.00123,0.00008,-0.00189,-0.00353,-55.67821,-726.00000
0.19446,0.19742,0.20170,0.19150,0.19907,0.29741,0.30004,0.29412,0.29577,0.29346,0.00008,-0.00123,-0.00222,0.00107,-0.00090,-55.25610,-725.00000
0.19578,0.19742,0.20104,0.20104,0.19677,0.29412,0.29873,0.29675,0.29906,0.29314,0.00008,0.00370,0.00403,0.00008,0.00272,-55.25610,-724.00000
0.19578,0.19644,0.19742,0.19414,0.19479,0.29379,0.29971,0.29544,0.29577,0.29511,0.00403,-0.00255,-0.00156,0.00107,0.00600,-55.16223,-723.00000
0.20203,0.19512,0.20203,0.19578,0.19414,0.29774,0.30037,0.29774,0.29610,0.30037,-0.00156,0.00272,-0.00189,-0.00255,-0.00255,-55.16223,-722.00000
0.19677,0.19479,0.19742,0.19183,0.19841,0.29116,0.29708,0.29675,0.29906,0.29346,0.00173,-0.00090,0.00008,0.00173,0.00304,-54.21197,-721.00000
0.19512,0.19381,0.20071,0.19446,0.19611,0.29642,0.29971,0.29708,0.29314,0.29577,0.00008,0.00140,-0.00025,0.00008,-0.00189,-54.21197,-720.00000
0.19545,0.19512,0.19512,0.19742,0.19249,0.29741,0.29807,0.29873,0.29577,0.29741,0.00008,0.00107,0.00239,0.00206,0.00140,-52.51858,-719.00000
0.19808,0.19808,0.19710,0.19907,0.19348,0.29971,0.29873,0.30037,0.29511,0.30070,0.00239,0.00272,-0.00288,0.00041,-0.00452,-52.51858,-718.00000
0.19315,0.19216,0.19841,0.19677,0.20203,0.29741,0.29675,0.29478,0.29708,0.29807,-0.00321,0.00173,-0.00551,0.00140,-0.00090,-54.77248,-717.00000
0.19644,0.20104,0.19512,0.19940,0.19249,0.30037,0.29840,0.29873,0.30070,0.29445,-0.00321,0.00008,0.00206,-0.00090,0.00140,-54.77248,-716.00000
0.19216,0.19183,0.19742,0.19019,0.19381,0.29708,0.29807,0.29544,0.29577,0.29642,-0.00156,0.00140,-0.00057,0.00206,0.00370,-55.54053,-715.00000
0.19414,0.19874,0.19644,0.19545,0.19216,0.29642,0.30004,0.29511,0.30169,0.30103,-0.00288,-0.00025,-0.00321,0.00041,-0.00090,-55.54053,-714.00000
0.19874,0.19249,0.19216,0.19479,0.19578,0.29544,0.30498,0.29445,0.30169,0.29807,0.00008,-0.00025,0.00008,0.00140,-0.00057,-55.58033,-713.00000
0.19414,0.19085,0.19545,0.19150,0.18953,0.30004,0.30103,0.29741,0.29938,0.29938,-0.00321,0.00008,0.00041,0.00337,-0.00057,-55.58033,-712.00000
0.19249,0.18953,0.19381,0.19446,0.19446,0.29577,0.29544,0.30333,0.29708,0.29906,-0.00090,-0.00057,0.00239,0.00140,-0.00156,-55.35608,-711.00000
0.19085,0.19150,0.19118,0.19315,0.19381,0.29379,0.29807,0.29577,0.29445,0.30563,0.00272,0.00140,0.00173,0.00074,-0.00419,-55.35608,-710.00000
0.18953,0.19150,0.19479,0.19315,0.19381,0.29281,0.29840,0.29544,0.29642,0.29873,0.00008,-0.00025,-0.00090,0.00107,0.00140,-55.18048,-709.00000
0.19150,0.19644,0.18427,0.19512,0.19085,0.29445,0.29708,0.29807,0.29379,0.29412,-0.00189,-0.00123,-0.00353,0.00239,0.00041,-55.18048,-708.00000
0.19315,0.18822,0.18822,0.19282,0.18953,0.30037,0.29642,0.29675,0.29511,0.29774,0.00173,-0.00288,0.00502,0.00140,0.00206,-55.13174,-707.00000
0.19052,0.19216,0.19578,0.19085,0.19249,0.29938,0.29544,0.29938,0.29774,0.29873,0.00041,0.00008,0.00370,-0.00288,-0.00090,-55.13174,-706.00000
0.19348,0.19808,0.19216,0.18526,0.19446,0.29610,0.29445,0.29314,0.29708,0.29314,0.00107,0.00173,-0.00222,0.00107,0.00107,-55.62007,-705.00000
0.19019,0.19085,0.19677,0.19019,0.18854,0.29379,0.29445,0.29412,0.29675,0.29873,-0.00156,-0.00321,-0.00025,0.00107,-0.00353,-55.62007,-704.00000
0.19512,0.19381,0.19052,0.18986,0.18789,0.29577,0.29445,0.29708,0.29445,0.29511,-0.00189,-0.00255,-0.00189,0.00272,-0.00057,-55.12205,-703.00000
0.19841,0.18558,0.19052,0.19019,0.18361,0.30169,0.30037,0.29642,0.29873,0.29840,0.00074,-0.00255,-0.00057,-0.00090,0.00173,-55.12205,-702.00000
0.18756,0.18953,0.18591,0.18657,0.19315,0.29412,0.29873,0.29675,0.29675,0.29741,0.00074,0.00173,0.00140,0.00074,0.00337,-55.94725,-701.00000
0.18854,0.19381,0.18756,0.18953,0.18756,0.29544,0.29445,0.29577,0.29807,0.29314,-0.00057,-0.00189,-0.00090,-0.00025,0.00107,-55.94725,-700.00000
0.18953,0.19019,0.18756,0.18953,0.19183,0.29708,0.29873,0.29774,0.29807,0.30267,-0.00090,0.00008,0.00074,0.00107,0.00074,-56.14013,-699.00000
0.19052,0.19150,0.19052,0.18328,0.18854,0.29873,0.29675,0.29478,0.29708,0.29478,0.00107,-0.00222,-0.00123,-0.00321,-0.00353,-56.14013,-698.00000
0.18591,0.18657,0.18657,0.18986,0.18690,0.29511,0.29807,0.29577,0.29610,0.29774,0.00041,0.00206,-0.00025,-0.00025,0.00107,-55.53100,-697.00000
0.18624,0.18657,0.18427,0.18986,0.18887,0.29675,0.30070,0.29478,0.29577,0.29675,0.00041,-0.00156,0.00107,-0.00189,0.00008,-55.53100,-696.00000
0.18361,0.19118,0.18526,0.18953,0.18558,0.29642,0.29774,0.29281,0.29379,0.29544,0.00107,0.00008,-0.00123,-0.00025,0.00403,-55.87585,-695.00000
0.18361,0.19249,0.19019,0.18262,0.18756,0.30103,0.30037,0.29511,0.29840,0.29511,-0.00288,0.00041,0.00370,-0.00057,0.00337,-55.87585,-694.00000
0.18591,0.18854,0.18624,0.18657,0.18624,0.29610,0.29873,0.29741,0.29577,0.29577,-0.00222,0.00206,-0.00321,-0.00189,0.00074,-56.10443,-693.00000
0.18624,0.18887,0.18723,0.19118,0.18854,0.29741,0.29577,0.29215,0.29412,0.29379,0.00370,-0.00025,-0.00090,-0.00057,0.00008,-56.10443,-692.00000
0.18328,0.18920,0.18920,0.18887,0.18624,0.29642,0.29675,0.29971,0.29346,0.29116,0.00140,-0.00025,0.00140,-0.00123,0.00041,-56.45798,-691.00000
0.19446,0.18690,0.18427,0.18986,0.18460,0.29248,0.29675,0.29708,0.29840,0.29610,-0.00123,-0.00255,0.00041,0.00107,-0.00090,-56.45798,-690.00000
0.18230,0.18328,0.18558,0.18854,0.18394,0.29544,0.29642,0.29840,0.30037,0.29774,0.00304,-0.00057,0.00272,0.00041,0.00206,-56.25633,-689.00000
0.18164,0.18690,0.18657,0.18262,0.18756,0.29642,0.29642,0.29675,0.29906,0.29774,-0.00419,-0.00419,0.00239,0.00140,-0.00057,-56.25633,-688.00000
0.19019,0.18953,0.18756,0.19052,0.18624,0.29412,0.29346,0.29840,0.29938,0.30169,0.00206,0.00074,0.00107,0.00107,-0.00090,-55.73803,-687.00000
0.17835,0.18624,0.17999,0.19249,0.18526,0.29807,0.29511,0.29445,0.29642,0.29938,0.00140,-0.00189,-0.00057,0.00140,0.00008,-55.73803,-686.00000
0.18953,0.19216,0.17572,0.18887,0.17999,0.29971,0.29807,0.30070,0.29544,0.29971,0.00107,0.00140,0.00107,0.00041,-0.00025,-56.21862,-685.00000
0.18526,0.18262,0.18065,0.18295,0.18723,0.29741,0.30103,0.30070,0.29873,0.29873,0.00370,0.00173,0.00107,-0.00057,0.00008,-56.21862,-684.00000
0.18591,0.18624,0.18361,0.18427,0.18986,0.29577,0.29741,0.29248,0.29906,0.29971,0.00765,0.00041,-0.00189,0.00074,-0.00353,-56.41986,-683.00000
0.18098,0.18953,0.18526,0.18624,0.18953,0.29379,0.30070,0.29873,0.29215,0.29445,0.00239,0.00074,-0.00321,0.00206,0.00173,-56.41986,-682.00000
0.19085,0.18591,0.18230,0.18295,0.19052,0.29741,0.29873,0.29840,0.29873,0.29544,-0.00189,-0.00123,0.00206,-0.00386,0.00008,-55.57321,-681.00000
0.18887,0.18460,0.18032,0.18690,0.18723,0.29642,0.29642,0.29642,0.29248,0.29642,0.00074,0.00074,0.00304,0.00502,-0.00057,-55.57321,-680.00000
0.18756,0.18394,0.18460,0.18427,0.18920,0.29708,0.29774,0.29445,0.29544,0.29642,-0.00057,-0.00156,0.00107,0.00436,-0.00222,-55.18651,-679.00000
0.18065,0.18723,0.18230,0.18558,0.18361,0.29116,0.29906,0.29445,0.29873,0.30004,0.00239,-0.00025,0.00008,-0.00123,-0.00090,-55.18651,-678.00000
0.18657,0.18164,0.18460,0.18460,0.18230,0.29511,0.29511,0.29412,0.29182,0.29577,0.00041,-0.00255,-0.00025,-0.00057,0.00041,-55.28857,-677.00000
0.18065,0.18460,0.17868,0.18230,0.18131,0.29379,0.29379,0.29248,0.29741,0.29314,0.00173,-0.00386,-0.00419,0.00140,0.00304,-55.28857,-676.00000
0.18098,0.18197,0.18460,0.18657,0.18854,0.29116,0.29215,0.29248,0.30070,0.29675,-0.00090,-0.00419,-0.00090,-0.00057,-0.00386,-55.92065,-675.00000
0.18230,0.18394,0.18262,0.18789,0.18164,0.29774,0.29445,0.29445,0.29544,0.29642,-0.00057,0.00107,0.00008,0.00239,0.00272,-55.92065,-674.00000
0.18361,0.18427,0.18032,0.18230,0.18690,0.29248,0.30070,0.29938,0.29248,0.29412,0.00173,-0.00222,0.00206,-0.00255,0.00107,-55.68738,-673.00000
0.19019,0.18032,0.17736,0.18328,0.18295,0.29741,0.29741,0.29544,0.29675,0.29544,-0.00090,0.00140,0.00173,-0.00518,-0.00222,-55.68738,-672.00000
0.18427,0.18361,0.18624,0.17572,0.17999,0.29346,0.29314,0.29379,0.29840,0.29544,0.00206,0.00304,0.00272,0.00304,0.00140,-55.71966,-671.00000
0.18460,0.18986,0.17999,0.18493,0.18098,0.29577,0.29083,0.29182,0.30004,0.29873,-0.00090,-0.00255,-0.00255,0.00041,0.00107,-55.71966,-670.00000
0.18591,0.18032,0.18032,0.18394,0.17572,0.29478,0.30037,0.29478,0.30004,0.29511,-0.00057,-0.00123,-0.00090,0.00107,0.00074,-55.65768,-669.00000
0.17703,0.17769,0.17605,0.18591,0.18657,0.30037,0.29807,0.29610,0.29906,0.29577,0.00535,0.00239,-0.00189,0.00140,-0.00288,-55.65768,-668.00000
0.18230,0.19183,0.17802,0.18558,0.18164,0.30070,0.29741,0.29741,0.29149,0.29642,-0.00419,-0.00156,-0.00255,0.00140,-0.00123,-55.85619,-667.00000
0.18361,0.18526,0.18460,0.18394,0.18493,0.29873,0.29314,0.29610,0.29873,0.29610,-0.00025,0.00304,0.00074,0.00074,-0.00025,-55.85619,-666.00000
0.18558,0.18131,0.18723,0.18657,0.18131,0.29478,0.29379,0.29675,0.29511,0.29610,0.00206,0.00173,-0.00189,-0.00189,-0.00288,-55.86266,-665.00000
0.18164,0.18624,0.18789,0.17835,0.18328,0.29906,0.29840,0.29577,0.29807,0.29741,0.00272,-0.00057,0.00074,0.00107,-0.00255,-55.86266,-664.00000
0.18854,0.17309,0.17802,0.18427,0.18558,0.29873,0.29741,0.29511,0.29807,0.29577,0.00206,0.00074,0.00272,0.00008,0.00074,-55.41180,-663.00000
0.18295,0.18328,0.18262,0.18164,0.18262,0.29248,0.29774,0.29807,0.29642,0.29642,0.00074,0.00074,-0.00025,-0.00419,0.00041,-55.41180,-662.00000
0.18098,0.17769,0.18526,0.18427,0.18526,0.29379,0.29840,0.29840,0.29840,0.29577,0.00403,0.00337,0.00008,0.00041,0.00107,-55.55746,-661.00000
0.18230,0.18460,0.18854,0.18197,0.18295,0.29577,0.29248,0.29511,0.29412,0.29642,-0.00057,0.00304,0.00008,-0.00156,0.00206,-55.55746,-660.00000
0.18295,0.18098,0.17802,0.18591,0.18065,0.29675,0.29675,0.29083,0.29379,0.29708,-0.00156,-0.00255,-0.00321,-0.00123,0.00041,-56.61174,-659.00000
0.18295,0.18262,0.18164,0.18295,0.18460,0.29807,0.29511,0.29412,0.29642,0.29708,-0.00156,-0.00189,-0.00057,0.00272,-0.00255,-56.61174,-658.00000
0.17835,0.18131,0.17901,0.17999,0.18164,0.29346,0.29741,0.29379,0.29774,0.29346,-0.00123,0.00140,-0.00057,0.00008,0.00107,-56.21358,-657.00000
0.18526,0.18197,0.17638,0.18756,0.18032,0.29938,0.29379,0.29774,0.29938,0.29511,-0.00255,0.00272,-0.00057,-0.00025,-0.00090,-56.21358,-656.00000
0.17934,0.17934,0.18328,0.17769,0.17934,0.29445,0.29577,0.29314,0.30169,0.29675,-0.00156,-0.00025,-0.00057,-0.00255,0.00140,-56.84214,-655.00000
0.18822,0.18131,0.18098,0.18460,0.18920,0.29445,0.29544,0.29906,0.29642,0.29642,-0.00222,0.00304,-0.00189,0.00436,0.00008,-56.84214,-654.00000
0.17736,0.18591,0.18394,0.18065,0.18460,0.29840,0.29544,0.30070,0.29971,0.29642,-0.00156,-0.00123,0.00074,-0.00025,0.00041,-56.23845,-653.00000
0.18558,0.18460,0.18460,0.18460,0.18131,0.29906,0.29675,0.29116,0.29346,0.29774,-0.00222,0.00370,-0.00222,0.00041,0.00206,-56.23845,-652.00000
0.18328,0.17999,0.18558,0.18723,0.17934,0.29741,0.29971,0.29807,0.29675,0.29577,0.00008,-0.00123,-0.00321,-0.00321,0.00140,-56.51522,-651.00000
0.18558,0.17210,0.17802,0.18098,0.18164,0.29708,0.29445,0.29445,0.29642,0.29807,-0.00057,0.00173,-0.00321,0.00008,-0.00025,-56.51522,-650.00000
0.17901,0.18262,0.18098,0.18558,0.17802,0.29314,0.29379,0.29774,0.29577,0.29906,-0.00090,-0.00189,-0.00222,0.00107,0.00074,-55.90165,-649.00000
0.17769,0.18526,0.18164,0.18493,0.18493,0.29018,0.29774,0.29906,0.29544,0.29511,-0.00057,-0.00222,0.00107,-0.00025,-0.00057,-55.90165,-648.00000
0.18098,0.18131,0.17999,0.19052,0.17835,0.29577,0.29610,0.30070,0.29741,0.29281,0.00239,-0.00156,0.00403,0.00008,-0.00057,-55.35561,-647.00000
0.18065,0.18427,0.18591,0.18394,0.18493,0.29741,0.29412,0.29478,0.29478,0.29610,0.00107,0.00173,0.00107,0.00304,0.00272,-55.35561,-646.00000
0.18098,0.18164,0.18361,0.18295,0.18361,0.29149,0.29346,0.29906,0.30070,0.29544,-0.00123,0.00272,0.00535,-0.00123,0.00206,-55.30232,-645.00000
0.17802,0.18591,0.18295,0.17966,0.18164,0.29445,0.29478,0.30004,0.30267,0.29675,0.00272,0.00206,0.00041,-0.00025,-0.00025,-55.30232,-644.00000
0.17605,0.18098,0.18427,0.18098,0.18756,0.29642,0.29478,0.29807,0.29445,0.29412,-0.00255,0.00074,0.00140,-0.00255,0.00107,-55.08036,-643.00000
0.17868,0.17605,0.18723,0.18493,0.18164,0.29906,0.29840,0.29873,0.29708,0.29873,0.00140,0.00140,0.00008,0.00436,-0.00090,-55.08036,-642.00000
0.18098,0.18065,0.18394,0.18098,0.18295,0.29741,0.29511,0.29807,0.29708,0.30037,-0.00156,0.00304,0.00041,-0.00255,0.00140,-55.42836,-641.00000
0.18493,0.17934,0.18361,0.18032,0.18723,0.29873,0.29807,0.29511,0.29511,0.29741,0.00008,0.00008,0.00337,-0.00156,-0.00485,-55.42836,-640.00000
0.17276,0.18164,0.17769,0.18822,0.18394,0.29675,0.29445,0.29708,0.29544,0.29774,0.00041,0.00304,-0.00255,-0.00025,-0.00057,-55.07990,-639.00000
0.17835,0.18032,0.17769,0.18295,0.17999,0.29774,0.29873,0.29642,0.29741,0.29675,-0.00419,-0.00255,0.00107,-0.00090,0.00206,-55.07990,-638.00000
0.18262,0.17934,0.18295,0.18230,0.18065,0.29675,0.29346,0.29248,0.29577,0.30103,0.00337,0.00008,0.00206,0.00107,0.00206,-56.78556,-637.00000
0.18032,0.17835,0.19052,0.18756,0.17769,0.29774,0.29544,0.29478,0.29807,0.29478,-0.00090,0.00008,0.00173,-0.00321,-0.00288,-56.78556,-636.00000
0.18756,0.18526,0.18328,0.17999,0.19052,0.29774,0.30070,0.29346,0.29741,0.29807,0.00041,0.00140,0.00041,0.00107,0.00140,-56.28096,-635.00000
0.18328,0.18394,0.18361,0.18098,0.18328,0.29314,0.29445,0.29840,0.29544,0.29544,0.00436,0.00008,0.00074,-0.00419,0.00173,-56.28096,-634.00000
0.18756,0.18723,0.17440,0.17572,0.18591,0.29906,0.29248,0.29610,0.29182,0.29610,0.00173,-0.00123,-0.00255,0.00140,0.00140,-54.99107,-633.00000
0.18131,0.17999,0.17868,0.18098,0.18098,0.29281,0.29478,0.29741,0.29873,0.29346,-0.00419,0.00107,0.00370,0.00239,0.00008,-54.99107,-632.00000
0.18032,0.18065,0.18591,0.18262,0.18460,0.29577,0.29642,0.29708,0.29675,0.29840,0.00140,-0.00353,0.00041,-0.00189,-0.00222,-53.17424,-631.00000
0.17769,0.18591,0.18262,0.18493,0.18197,0.29741,0.29741,0.29511,0.29610,0.29774,-0.00123,-0.00123,-0.00090,0.00074,0.00140,-53.17424,-630.00000
0.17999,0.18131,0.18526,0.17934,0.17670,0.29281,0.29281,0.29412,0.29708,0.29577,0.00074,-0.00025,-0.00090,-0.00057,0.00436,-53.84542,-629.00000
0.18262,0.18526,0.17802,0.18887,0.18526,0.29478,0.29478,0.29511,0.29741,0.29577,0.00337,0.00041,0.00140,0.00107,0.00041,-53.84542,-628.00000
0.18131,0.18657,0.18131,0.17638,0.18558,0.30004,0.29445,0.29840,0.29741,0.29412,0.00140,0.00008,-0.00025,0.00074,-0.00156,-54.45445,-627.00000
0.18098,0.18690,0.18328,0.18262,0.17934,0.29314,0.29445,0.29544,0.29906,0.29807,0.00008,0.00107,-0.00025,0.00173,-0.00057,-54.45445,-626.00000
0.18295,0.17934,0.18394,0.18098,0.18164,0.29248,0.29544,0.29741,0.29445,0.29149,0.00304,-0.00025,0.00206,-0.00156,-0.00057,-54.70281,-625.00000
0.18164,0.18690,0.18493,0.18131,0.18591,0.29610,0.29840,0.29314,0.29642,0.29807,-0.00090,0.00008,0.00337,0.00173,0.00370,-54.70281,-624.00000
0.18624,0.18756,0.18328,0.17999,0.18657,0.29675,0.29807,0.30004,0.29840,0.29873,-0.00123,-0.00288,-0.00353,0.00008,0.00206,-55.44467,-623.00000
0.18657,0.17835,0.18887,0.18328,0.18591,0.29346,0.29412,0.29807,0.29445,0.29281,0.00239,0.00107,0.00107,0.00041,0.00173,-55.44467,-622.00000
0.18164,0.18098,0.17638,0.18723,0.17703,0.29642,0.29511,0.29610,0.29840,0.29675,-0.00288,-0.00123,-0.00156,0.00304,-0.00057,-55.65446,-621.00000
0.17966,0.18657,0.18032,0.18427,0.19085,0.29741,0.29807,0.29577,0.29577,0.29314,0.00535,-0.00057,-0.00025,0.00008,-0.00090,-55.65446,-620.00000
0.18328,0.18361,0.18690,0.18230,0.18230,0.29544,0.29412,0.29412,0.29314,0.29642,-0.00156,0.00140,0.00107,0.00206,-0.00025,-55.80819,-619.00000
0.18657,0.18624,0.18460,0.18230,0.18295,0.29708,0.29412,0.29708,0.29379,0.30070,0.00140,0.00074,-0.00222,-0.00156,0.00008,-55.80819,-618.00000
0.18131,0.18854,0.17934,0.18558,0.18526,0.29412,0.29610,0.29971,0.29642,0.29774,0.00304,-0.00189,0.00107,0.00140,0.00107,-55.78984,-617.00000
0.17901,0.18328,0.18854,0.18098,0.18854,0.29379,0.29774,0.28985,0.29840,0.29807,-0.00057,0.00173,-0.00255,0.00173,-0.00386,-55.78984,-616.00000
0.19019,0.18394,0.18230,0.18723,0.18558,0.29281,0.29314,0.29544,0.29346,0.29610,-0.00057,0.00206,0.00008,0.00502,-0.00222,-55.47548,-615.00000
0.18262,0.18526,0.17572,0.17934,0.18920,0.29675,0.29478,0.29314,0.29577,0.29478,0.00206,-0.00156,-0.00255,-0.00025,0.00370,-55.47548,-614.00000
0.18427,0.17934,0.18526,0.18591,0.19183,0.29938,0.29412,0.29708,0.29544,0.29544,-0.00025,0.00041,0.00074,0.00239,0.00041,-56.00923,-613.00000
0.18690,0.17835,0.17999,0.18558,0.18230,0.29708,0.29675,0.29741,0.29840,0.29610,-0.00090,-0.00189,-0.00189,0.00107,0.00370,-56.00923,-612.00000
0.18328,0.18295,0.18558,0.18657,0.18624,0.29840,0.29346,0.29610,0.29346,0.29149,0.00206,-0.00288,0.00041,0.00403,-0.00156,-56.04416,-611.00000
0.18887,0.18756,0.18591,0.18558,0.18197,0.29445,0.29741,0.29807,0.29445,0.29379,0.00041,0.00107,0.00272,0.00140,0.00206,-56.04416,-610.00000
0.18427,0.18854,0.18493,0.18756,0.17934,0.29708,0.29675,0.30465,0.30103,0.29544,-0.00353,0.00304,0.00041,0.00337,-0.00321,-57.06017,-609.00000
0.18262,0.18262,0.18690,0.18723,0.18328,0.29511,0.30333,0.29445,0.29774,0.29840,0.00173,0.00206,0.00041,-0.00057,0.00403,-57.06017,-608.00000
0.19150,0.18262,0.18098,0.18164,0.19282,0.29807,0.30070,0.29708,0.29708,0.30004,0.00008,0.00173,-0.00090,0.00272,0.00140,-56.23516,-607.00000
0.18394,0.18493,0.18032,0.18591,0.18493,0.29577,0.29708,0.29873,0.29741,0.29708,0.00206,-0.00222,0.00140,0.00041,-0.00090,-56.23516,-606.00000
0.18230,0.18361,0.18262,0.18295,0.18854,0.29708,0.29610,0.29149,0.29544,0.29577,0.00107,0.00140,-0.00156,0.00008,-0.00156,-55.99112,-605.00000
0.18986,0.18657,0.18591,0.18427,0.18493,0.29544,0.29610,0.29906,0.29248,0.29708,0.00140,-0.00222,-0.00156,0.00074,0.00107,-55.99112,-604.00000
0.18032,0.18098,0.18427,0.18756,0.18032,0.29840,0.29840,0.29577,0.29412,0.29511,-0.00025,-0.00189,-0.00123,0.00304,0.00041,-55.99112,-603.00000
0.18262,0.18493,0.18756,0.18032,0.18789,0.29708,0.29675,0.29610,0.29774,0.29281,0.00173,0.00107,-0.00057,-0.00025,0.00107,-55.99112,-602.00000
0.19052,0.19249,0.18887,0.18262,0.18822,0.30037,0.29610,0.29642,0.29478,0.29412,0.00140,0.00272,0.00337,0.00140,0.00074,-55.99112,-601.00000
0.18526,0.18262,0.18756,0.18328,0.18920,0.29346,0.29675,0.30070,0.29577,0.29774,-0.00123,-0.00222,-0.00485,0.00173,0.00173,-55.99112,-600.00000
0.18558,0.19085,0.18986,0.18690,0.19019,0.29840,0.29445,0.29116,0.29379,0.29215,0.00107,0.00074,-0.00485,-0.00222,-0.00123,-55.99112,-599.00000
0.18624,0.18493,0.19019,0.19446,0.18164,0.29610,0.29840,0.29182,0.29281,0.29182,0.00173,0.00074,0.00239,0.00041,0.00173,-56.64302,-598.00000
0.18789,0.18624,0.18624,0.18690,0.19019,0.29807,0.29346,0.29906,0.29741,0.29675,-0.00090,0.00107,0.00239,-0.00057,-0.00452,-56.64302,-597.00000
0.18361,0.18558,0.18789,0.18558,0.19249,0.29741,0.29182,0.29412,0.30070,0.29675,0.00140,0.00074,-0.00123,-0.00057,-0.00090,-55.77756,-596.00000
0.19446,0.18723,0.18657,0.18723,0.18723,0.29248,0.29675,0.29610,0.29642,0.29642,0.00074,0.00272,-0.00090,-0.00123,0.00272,-55.77756,-595.00000
0.18723,0.19118,0.18756,0.19150,0.18887,0.29511,0.29708,0.29708,0.29281,0.29412,0.00041,0.00140,-0.00353,0.00173,-0.00156,-56.17247,-594.00000
0.18854,0.18624,0.19118,0.18624,0.18723,0.29642,0.29971,0.30070,0.29708,0.29642,0.00337,0.00239,0.00140,-0.00090,-0.00288,-56.17247,-593.00000
0.18822,0.18361,0.19183,0.19019,0.18723,0.29807,0.29445,0.29774,0.29610,0.29741,0.00074,0.00304,0.00107,-0.00123,0.00107,-55.70098,-592.00000
0.18756,0.18723,0.19019,0.19183,0.18986,0.29314,0.29412,0.29741,0.29610,0.29281,0.00239,0.00041,0.00074,-0.00090,-0.00090,-55.70098,-591.00000
0.19446,0.18394,0.19052,0.18986,0.18953,0.29610,0.29577,0.29971,0.29642,0.29445,-0.00090,0.00239,0.00173,-0.00057,0.00206,-56.15371,-590.00000
0.18854,0.19183,0.18591,0.19381,0.19381,0.29577,0.29445,0.29577,0.29478,0.29774,-0.00025,0.00239,-0.00123,-0.00123,0.00140,-56.15371,-589.00000
0.18822,0.19216,0.18493,0.18920,0.18723,0.30169,0.29708,0.29938,0.29511,0.29577,0.00041,-0.00090,-0.00123,-0.00255,0.00337,-55.71602,-588.00000
0.19085,0.18920,0.19348,0.19282,0.18822,0.29445,0.29840,0.29774,0.29906,0.29642,-0.00452,-0.00518,0.00074,0.00041,-0.00386,-55.71602,-587.00000
0.19348,0.18756,0.18493,0.19315,0.18887,0.29642,0.29938,0.29412,0.29807,0.29642,0.00074,0.00041,0.00074,0.00206,-0.00057,-55.71934,-586.00000
0.18690,0.19282,0.19512,0.19282,0.18953,0.29511,0.29379,0.29873,0.29610,0.29577,-0.00189,-0.00255,-0.00156,0.00337,0.00074,-55.71934,-585.00000
0.19019,0.18723,0.19348,0.19545,0.18854,0.29610,0.29478,0.29642,0.29642,0.29281,-0.00386,-0.00189,0.00239,0.00107,0.00041,-56.49736,-584.00000
0.18986,0.18920,0.19118,0.19446,0.19545,0.29774,0.29149,0.29379,0.29675,0.29445,0.00206,0.00107,0.00173,-0.00057,0.00370,-56.49736,-583.00000
0.18526,0.18986,0.19446,0.19019,0.19216,0.29971,0.29774,0.29741,0.29675,0.29741,0.00074,-0.00255,0.00337,-0.00255,0.00041,-55.81704,-582.00000
0.19150,0.19085,0.19150,0.19249,0.19052,0.29577,0.29642,0.29642,0.29478,0.29675,0.00239,0.00206,-0.00057,0.00074,-0.00123,-55.81704,-581.00000
0.19216,0.19677,0.18986,0.19249,0.18986,0.29807,0.29511,0.29544,0.29642,0.29445,-0.00156,-0.00288,-0.00288,-0.00156,0.00008,-56.20930,-580.00000
0.18920,0.19644,0.18756,0.19611,0.20006,0.29642,0.29642,0.29544,0.29544,0.29478,-0.00419,0.00370,-0.00090,0.00008,0.00107,-56.20930,-579.00000
0.19216,0.19446,0.19414,0.19118,0.18986,0.29577,0.29938,0.29346,0.29642,0.29577,0.00272,-0.00255,0.00107,0.00206,-0.00419,-56.01481,-578.00000
0.19710,0.19052,0.19150,0.19446,0.19052,0.29610,0.29938,0.29741,0.29412,0.30103,0.00074,0.00337,0.00206,-0.00189,0.00008,-56.01481,-577.00000
0.19446,0.19381,0.19282,0.19479,0.19742,0.29774,0.29412,0.29807,0.29412,0.29281,-0.00419,0.00008,-0.00123,0.00008,0.00140,-56.25936,-576.00000
0.19512,0.19545,0.18920,0.19512,0.19381,0.29840,0.29248,0.29708,0.29511,0.29610,0.00206,-0.00025,0.00370,-0.00321,-0.00189,-56.25936,-575.00000
0.19742,0.19150,0.19644,0.19183,0.19216,0.29610,0.29544,0.30070,0.29544,0.29412,0.00140,0.00140,0.00272,0.00206,0.00074,-55.34403,-574.00000
0.19381,0.19381,0.19381,0.19381,0.19545,0.29708,0.29708,0.29314,0.29281,0.28853,-0.00419,0.00041,0.00107,-0.00156,0.00337,-55.34403,-573.00000
0.19973,0.19545,0.18953,0.19282,0.19973,0.29938,0.29346,0.29412,0.29807,0.29478,0.00074,0.00041,0.00107,-0.00090,0.00008,-55.29897,-572.00000
0.19677,0.19710,0.19446,0.19150,0.19907,0.29281,0.29412,0.29577,0.29708,0.29741,-0.00189,0.00140,0.00107,0.00107,-0.00288,-55.29897,-571.00000
0.19216,0.19907,0.19545,0.19479,0.19216,0.29314,0.29741,0.29281,0.29346,0.29610,0.00304,-0.00156,0.00304,-0.00386,-0.00584,-55.94538,-570.00000
0.19348,0.19742,0.19710,0.19479,0.19841,0.29083,0.29708,0.29149,0.29379,0.29675,0.00337,0.00535,0.00140,-0.00353,-0.00222,-55.94538,-569.00000
0.19742,0.19512,0.19808,0.19644,0.20137,0.29215,0.29577,0.29314,0.29807,0.29445,0.00272,-0.00222,-0.00189,0.00107,-0.00123,-56.28568,-568.00000
0.19052,0.19742,0.19381,0.19381,0.19578,0.29577,0.29610,0.29281,0.29478,0.29314,-0.00025,0.00074,-0.00255,-0.00025,0.00206,-56.28568,-567.00000
0.19644,0.19216,0.19085,0.19479,0.19183,0.29215,0.29248,0.29346,0.29807,0.29544,0.00140,-0.00255,0.00041,0.00337,0.00502,-55.45485,-566.00000
0.19644,0.19414,0.19874,0.19216,0.20203,0.29544,0.29971,0.29478,0.29577,0.29281,-0.00123,-0.00057,0.00074,0.00140,-0.00255,-55.45485,-565.00000
0.19710,0.19973,0.19282,0.19841,0.19479,0.29873,0.29445,0.29906,0.29050,0.29938,0.00107,0.00436,0.00173,-0.00288,-0.00189,-56.11610,-564.00000
0.20236,0.19644,0.19644,0.19512,0.19381,0.29478,0.29445,0.29642,0.29708,0.29445,-0.00025,-0.00025,0.00173,0.00304,0.00074,-56.11610,-563.00000
0.20038,0.20104,0.19545,0.19710,0.20006,0.29675,0.29642,0.29741,0.29642,0.29741,-0.00090,0.00041,0.00140,0.00008,0.00304,-55.87543,-562.00000
0.19545,0.19940,0.19611,0.19578,0.20203,0.29610,0.29577,0.30267,0.29478,0.29445,0.00535,0.00041,0.00173,-0.00057,0.00041,-55.87543,-561.00000
0.20170,0.19940,0.19578,0.19183,0.19611,0.29281,0.29412,0.29840,0.29708,0.29577,0.00107,0.00008,0.00173,-0.00386,0.00337,-56.29953,-560.00000
0.19545,0.20269,0.19578,0.19874,0.19479,0.29511,0.29248,0.29314,0.29642,0.29379,0.00403,-0.00025,-0.00123,-0.00189,0.00008,-56.29953,-559.00000
0.20729,0.19742,0.19907,0.19973,0.19841,0.29840,0.29511,0.29478,0.29708,0.29741,-0.00090,0.00173,0.00041,-0.00156,0.00304,-55.63512,-558.00000
0.20071,0.20170,0.19808,0.20335,0.19710,0.29478,0.29314,0.29971,0.29840,0.29149,0.00304,0.00008,0.00041,-0.00025,-0.00189,-55.63512,-557.00000
0.20006,0.19973,0.20367,0.20302,0.19315,0.29741,0.29412,0.29642,0.29675,0.29675,-0.00189,0.00370,0.00206,-0.00123,0.00239,-56.05730,-556.00000
0.19808,0.20598,0.19742,0.20203,0.20367,0.29675,0.29675,0.29577,0.29741,0.30004,0.00107,0.00008,0.00272,0.00239,0.00074,-56.05730,-555.00000
0.19973,0.19973,0.20565,0.20433,0.19973,0.29577,0.29741,0.29577,0.29610,0.29412,-0.00090,0.00041,0.00041,0.00107,0.00272,-55.64340,-554.00000
0.20302,0.20006,0.19841,0.20663,0.19874,0.29642,0.29642,0.29116,0.29774,0.30103,0.00008,0.00304,0.00173,0.00403,0.00304,-55.64340,-553.00000
0.20433,0.20269,0.20532,0.20104,0.20335,0.29314,0.29971,0.29971,0.30004,0.29511,-0.00189,-0.00255,-0.00123,-0.00156,-0.00090,-55.90031,-552.00000
0.20598,0.19940,0.20236,0.20433,0.20532,0.29938,0.29445,0.29642,0.29642,0.30070,-0.00057,-0.00090,0.00041,-0.00189,0.00239,-55.90031,-551.00000
0.20565,0.20466,0.20137,0.19940,0.20598,0.30136,0.29610,0.29544,0.29774,0.29807,-0.00025,-0.00057,0.00008,-0.00057,-0.00057,-55.29635,-550.00000
0.20203,0.20729,0.19940,0.19973,0.20236,0.29314,0.29412,0.29642,0.29281,0.29478,0.00239,0.00272,0.00107,-0.00156,-0.00123,-55.29635,-549.00000
0.20203,0.20071,0.20302,0.20071,0.20532,0.29807,0.29445,0.29774,0.29610,0.29774,0.00008,0.00239,-0.00025,0.00041,0.00140,-55.70726,-548.00000
0.20631,0.20565,0.20302,0.20532,0.19874,0.29938,0.29840,0.29182,0.29708,0.29577,-0.00123,0.00206,-0.00156,-0.00189,0.00272,-55.70726,-547.00000
0.20959,0.20269,0.21025,0.20696,0.20236,0.29675,0.29971,0.29412,0.29642,0.30004,0.00008,0.00337,-0.00123,0.00008,0.00502,-55.64904,-546.00000
0.20598,0.20269,0.20335,0.20861,0.20663,0.29314,0.29346,0.29346,0.29906,0.29610,0.00041,0.00107,0.00337,0.00008,-0.00123,-55.64904,-545.00000
0.20828,0.19907,0.20236,0.20828,0.20861,0.29018,0.29675,0.29018,0.29412,0.29511,0.00239,0.00436,-0.00222,-0.00090,-0.00189,-55.23175,-544.00000
0.20795,0.20335,0.20631,0.19611,0.20565,0.29346,0.29314,0.29314,0.29314,0.29675,-0.00156,0.00206,-0.00156,-0.00386,-0.00123,-55.23175,-543.00000
0.20663,0.20828,0.20433,0.20631,0.20367,0.29445,0.29379,0.29774,0.29840,0.29938,0.00370,-0.00156,0.00140,-0.00419,-0.00123,-55.13296,-542.00000
0.21025,0.20565,0.20729,0.20894,0.20302,0.29379,0.29379,0.29741,0.29708,0.29511,0.00074,-0.00025,0.00206,0.00041,-0.00025,-55.13296,-541.00000
0.20696,0.21157,0.21058,0.20302,0.20269,0.29544,0.29511,0.29971,0.29412,0.29840,0.00008,0.00140,-0.00057,0.00074,0.00140,-56.18953,-540.00000
0.20367,0.20170,0.21288,0.20631,0.20828,0.29938,0.29708,0.29544,0.29478,0.29675,0.00403,-0.00156,-0.00090,-0.00222,-0.00025,-56.18953,-539.00000
0.21223,0.20696,0.20795,0.20861,0.20663,0.29610,0.29116,0.29149,0.30037,0.29314,0.00140,-0.00321,0.00272,0.00041,0.00107,-55.89506,-538.00000
0.20598,0.20729,0.21223,0.20992,0.21519,0.29642,0.30004,0.29741,0.29018,0.29412,0.00206,0.00206,-0.00288,0.00173,0.00107,-55.89506,-537.00000
0.20663,0.20696,0.21223,0.20663,0.21420,0.29774,0.29511,0.29544,0.29544,0.29741,-0.00288,-0.00156,-0.00025,-0.00222,0.00272,-56.05788,-536.00000
0.20795,0.20828,0.20992,0.21058,0.21124,0.29511,0.29445,0.29511,0.29840,0.29741,0.00074,-0.00288,0.00206,0.00436,0.00140,-56.05788,-535.00000
0.21288,0.21847,0.21420,0.20927,0.20466,0.29511,0.29708,0.29577,0.29610,0.30202,0.00041,0.00107,-0.00057,0.00041,-0.00321,-55.84388,-534.00000
0.21288,0.21058,0.21157,0.21058,0.20696,0.29281,0.29215,0.29445,0.29379,0.29544,-0.00123,0.00272,0.00008,-0.00156,-0.00123,-55.84388,-533.00000
0.21288,0.21453,0.21716,0.20927,0.21420,0.29642,0.29346,0.29938,0.29577,0.29774,0.00107,-0.00288,0.00041,-0.00485,-0.00189,-55.80524,-532.00000
0.21354,0.21453,0.21124,0.21782,0.20762,0.29281,0.29873,0.29379,0.29215,0.29511,-0.00123,0.00173,0.00074,0.00140,-0.00255,-55.80524,-531.00000
0.20959,0.21354,0.21223,0.21288,0.21190,0.30004,0.29708,0.29379,0.29379,0.29708,0.00173,0.00239,0.00041,0.00173,0.00074,-56.04227,-530.00000
0.21124,0.21420,0.22012,0.20696,0.21486,0.29346,0.29610,0.29445,0.29379,0.30103,0.00107,-0.00090,0.00140,0.00206,0.00140,-56.04227,-529.00000
0.21453,0.20795,0.21716,0.21453,0.21190,0.29379,0.29248,0.29478,0.30037,0.29478,-0.00222,0.00206,0.00304,0.00074,-0.00090,-55.10121,-528.00000
0.21387,0.22143,0.21387,0.21979,0.21716,0.29215,0.29708,0.29281,0.29741,0.29412,0.00436,0.00074,-0.00156,-0.00090,0.00337,-55.10121,-527.00000
0.21025,0.21782,0.21551,0.21782,0.21453,0.29774,0.29741,0.28952,0.29215,0.29215,0.00107,-0.00123,-0.00156,-0.00222,-0.00057,-55.63410,-526.00000
0.22143,0.21190,0.22374,0.21880,0.21420,0.29248,0.29741,0.29314,0.29840,0.29741,0.00008,-0.00025,-0.00123,0.00107,0.00370,-55.63410,-525.00000
0.20696,0.21749,0.22143,0.21124,0.21749,0.29149,0.29445,0.29807,0.29018,0.29873,0.00173,-0.00189,-0.00025,-0.00025,-0.00321,-56.78922,-524.00000
0.21321,0.21551,0.21650,0.21880,0.21354,0.29577,0.30037,0.29379,0.29610,0.29741,-0.00025,0.00535,0.00206,0.00272,-0.00222,-56.78922,-523.00000
0.21650,0.21617,0.21255,0.21913,0.21782,0.29215,0.29182,0.29215,0.29577,0.29642,0.00041,0.00140,0.00304,0.00107,0.00107,-56.44393,-522.00000
0.21617,0.22242,0.21913,0.21782,0.22143,0.29314,0.29741,0.29741,0.29215,0.29018,0.00173,-0.00123,0.00107,0.00074,0.00272,-56.44393,-521.00000
0.21880,0.22209,0.21519,0.21551,0.22045,0.29873,0.29544,0.29675,0.29610,0.29248,0.00206,-0.00090,0.00272,0.00140,-0.00189,-56.16142,-520.00000
0.21979,0.21946,0.22111,0.22012,0.21486,0.29544,0.29412,0.29379,0.29215,0.29083,0.00206,0.00140,0.00272,0.00041,0.00074,-56.16142,-519.00000
0.21815,0.22111,0.21749,0.22111,0.21716,0.29116,0.29708,0.29412,0.29642,0.29149,-0.00189,0.00008,0.00173,0.00403,0.00173,-56.89418,-518.00000
0.21387,0.21913,0.22407,0.21716,0.21815,0.29281,0.29281,0.29379,0.29511,0.29675,-0.00057,0.00008,-0.00321,-0.00025,0.00107,-56.89418,-517.00000
0.22045,0.22111,0.21683,0.21551,0.21782,0.30004,0.29412,0.29346,0.29018,0.29248,-0.00156,-0.00123,-0.00419,0.00140,-0.00123,-55.92756,-516.00000
0.22176,0.21782,0.21650,0.22439,0.22538,0.29281,0.29149,0.29379,0.29906,0.29445,0.00041,0.00041,0.00272,-0.00288,0.00469,-55.92756,-515.00000
0.22472,0.22111,0.22012,0.22341,0.22111,0.29675,0.29610,0.29642,0.29379,0.29741,0.00008,-0.00123,-0.00025,-0.00057,0.00173,-55.92032,-514.00000
0.22078,0.21551,0.22439,0.22571,0.22439,0.29478,0.29314,0.29248,0.29873,0.29412,0.00074,0.00074,0.00206,-0.00452,0.00337,-55.92032,-513.00000
0.22571,0.21913,0.22341,0.21815,0.22209,0.30004,0.29544,0.29248,0.29281,0.29774,-0.00189,-0.00057,-0.00255,0.00107,0.00041,-55.88253,-512.00000
0.23064,0.22768,0.22078,0.23097,0.22670,0.29544,0.29774,0.29610,0.29938,0.29774,-0.00123,-0.00189,-0.00321,0.00041,-0.00090,-55.88253,-511.00000
0.22341,0.22505,0.22407,0.22999,0.22407,0.29577,0.29314,0.29314,0.29281,0.29478,-0.00057,-0.00025,-0.00386,-0.00123,-0.00156,-56.49107,-510.00000
0.22341,0.22834,0.22078,0.22505,0.22703,0.29445,0.29248,0.29511,0.29708,0.29379,-0.00255,0.00008,-0.00288,0.00074,0.00074,-56.49107,-509.00000
0.22801,0.22341,0.21716,0.22341,0.22900,0.29807,0.29774,0.29248,0.29774,0.29116,-0.00090,0.00107,0.00272,-0.00222,0.00173,-55.93108,-508.00000
0.22999,0.22143,0.22637,0.22703,0.22209,0.29149,0.28919,0.29116,0.29379,0.29215,0.00272,0.00041,0.00107,0.00239,0.00008,-55.93108,-507.00000
0.22999,0.23163,0.22538,0.23163,0.22571,0.29314,0.29149,0.29314,0.29379,0.29346,0.00173,0.00140,-0.00255,0.00206,0.00140,-55.94894,-506.00000
0.22966,0.22966,0.22768,0.22933,0.22867,0.30004,0.29346,0.29346,0.29610,0.29379,0.00074,-0.00386,-0.00222,0.00206,0.00206,-55.94894,-505.00000
0.23032,0.23328,0.22703,0.23229,0.22374,0.29445,0.29675,0.29149,0.29610,0.29642,-0.00123,0.00337,0.00041,0.00173,0.00337,-56.10923,-504.00000
0.21880,0.22834,0.22505,0.22768,0.22801,0.29314,0.29346,0.29412,0.29906,0.29149,-0.00222,-0.00156,0.00041,-0.00353,-0.00123,-56.10923,-503.00000
0.22604,0.23295,0.23229,0.23328,0.22900,0.29774,0.29379,0.29675,0.29379,0.29116,0.00074,-0.00123,-0.00090,-0.00025,-0.00090,-55.81097,-502.00000
0.22768,0.23262,0.23328,0.22735,0.23624,0.29314,0.29675,0.29445,0.29610,0.29346,0.00008,-0.00156,0.00074,0.00272,-0.00057,-55.81097,-501.00000
0.23656,0.22966,0.23064,0.22571,0.23689,0.29544,0.29675,0.29379,0.29215,0.29642,-0.00025,-0.00057,-0.00090,0.00239,0.00074,-55.92794,-500.00000
0.22867,0.23097,0.22604,0.22900,0.23360,0.29215,0.29675,0.29215,0.29412,0.29511,0.00239,-0.00189,-0.00090,0.00107,-0.00189,-55.92794,-499.00000
0.22637,0.23525,0.23426,0.23229,0.23525,0.29741,0.29642,0.29774,0.29938,0.29182,-0.00025,-0.00025,0.00370,-0.00123,0.00173,-56.32579,-498.00000
0.23689,0.23130,0.23624,0.23130,0.23426,0.29346,0.29412,0.29018,0.29018,0.29281,0.00074,0.00008,-0.00189,-0.00025,0.00535,-56.32579,-497.00000
0.22834,0.23492,0.23788,0.22670,0.22900,0.29050,0.28886,0.29478,0.29906,0.29544,0.00239,0.00041,0.00008,0.00008,0.00403,-55.63848,-496.00000
0.23459,0.22999,0.23591,0.23328,0.23328,0.29511,0.29577,0.29708,0.30004,0.29445,0.00304,0.00041,-0.00255,-0.00288,-0.00288,-55.63848,-495.00000
0.22867,0.23196,0.23887,0.23591,0.23624,0.29281,0.29906,0.29248,0.29215,0.29412,0.00041,0.00206,-0.00353,-0.00156,-0.00189,-55.60733,-494.00000
0.23920,0.23393,0.23426,0.24183,0.23624,0.29741,0.29544,0.29412,0.29346,0.29610,0.00041,-0.00222,0.00502,-0.00057,-0.00255,-55.60733,-493.00000
0.24248,0.23591,0.22999,0.23821,0.23459,0.29445,0.29149,0.29215,0.29083,0.29675,0.00107,0.00140,-0.00123,0.00239,0.00239,-56.08003,-492.00000
0.24347,0.23656,0.23985,0.24577,0.23952,0.29281,0.29478,0.29182,0.29741,0.29807,0.00206,-0.00255,0.00074,0.00074,-0.00090,-56.08003,-491.00000
0.23887,0.24216,0.23887,0.24183,0.23689,0.29708,0.29577,0.29281,0.29610,0.29577,0.00074,0.00337,-0.00057,-0.00222,0.00173,-55.33005,-490.00000
0.23952,0.24150,0.24051,0.23985,0.23985,0.29938,0.29412,0.29577,0.29906,0.29215,-0.00090,-0.00025,0.00272,-0.00222,-0.00025,-55.33005,-489.00000
0.23295,0.24084,0.23952,0.23854,0.23952,0.29018,0.29511,0.29215,0.29873,0.29314,-0.00189,0.00041,0.00370,0.00008,0.00304,-55.63866,-488.00000
0.23722,0.24808,0.24446,0.24216,0.24380,0.29346,0.28919,0.29774,0.29182,0.29544,0.00008,0.00074,0.00337,-0.00156,0.00173,-55.63866,-487.00000
0.24479,0.24051,0.24610,0.23788,0.24018,0.29346,0.29544,0.28919,0.29050,0.29379,0.00041,0.00469,-0.00123,-0.00123,0.00107,-55.66113,-486.00000
0.24380,0.24018,0.24117,0.24939,0.24479,0.29840,0.29577,0.29412,0.29379,0.29478,-0.00321,0.00272,-0.00123,0.00074,-0.00025,-55.66113,-485.00000
0.24512,0.24018,0.24577,0.24413,0.24840,0.29971,0.29379,0.29248,0.29840,0.29610,-0.00090,-0.00025,0.00008,0.00272,-0.00057,-55.12793,-484.00000
0.24413,0.24150,0.23952,0.24150,0.24150,0.29840,0.29314,0.29478,0.29675,0.29248,0.00140,-0.00288,0.00041,0.00041,0.00239,-55.12793,-483.00000
0.24479,0.24577,0.25136,0.25202,0.24676,0.29577,0.29577,0.29346,0.29412,0.29675,-0.00222,0.00074,0.00272,0.00008,0.00041,-55.41064,-482.00000
0.24610,0.24577,0.24873,0.24676,0.24512,0.29379,0.29511,0.29807,0.29116,0.29412,0.00337,-0.00090,-0.00419,0.00469,0.00239,-55.41064,-481.00000
0.25465,0.24709,0.25268,0.24939,0.24610,0.29544,0.30004,0.29577,0.30004,0.29149,-0.00222,0.00107,-0.00123,0.00239,-0.00156,-55.86694,-480.00000
0.25301,0.25104,0.25005,0.24577,0.24544,0.29577,0.29675,0.30004,0.29741,0.29314,-0.00057,-0.00090,0.00272,0.00206,-0.00156,-55.86694,-479.00000
0.24808,0.24446,0.25136,0.25268,0.25136,0.29182,0.29873,0.29642,0.30070,0.29346,-0.00222,0.00239,0.00107,0.00272,-0.00090,-55.88513,-478.00000
0.25597,0.25136,0.24939,0.24544,0.25235,0.29511,0.29675,0.29741,0.29774,0.29379,0.00074,-0.00123,0.00469,0.00041,-0.00255,-55.88513,-477.00000
0.25202,0.24972,0.24939,0.24709,0.24939,0.29478,0.29511,0.30004,0.29675,0.29511,0.00272,-0.00123,0.00206,-0.00057,0.00074,-55.87469,-476.00000
0.25136,0.25202,0.25169,0.25498,0.25071,0.29544,0.29511,0.29511,0.29182,0.29281,0.00041,0.00074,-0.00090,0.00107,-0.00222,-55.87469,-475.00000
0.25136,0.25827,0.24446,0.25071,0.25202,0.29741,0.29741,0.28919,0.29610,0.29379,0.00107,-0.00288,0.00008,0.00107,0.00041,-55.53256,-474.00000
0.25597,0.25400,0.25104,0.25104,0.25498,0.29577,0.30070,0.29478,0.29675,0.29412,0.00370,0.00074,-0.00156,-0.00090,0.00239,-55.53256,-473.00000
0.25268,0.25038,0.25630,0.25400,0.25235,0.29610,0.29544,0.30103,0.29642,0.29840,0.00173,-0.00156,-0.00189,-0.00025,0.00041,-55.99382,-472.00000
0.26189,0.25301,0.25794,0.25334,0.26025,0.29445,0.29610,0.29840,0.29642,0.29412,0.00107,-0.00025,0.00074,0.00008,0.00041,-55.99382,-471.00000
0.25498,0.25761,0.25696,0.25432,0.25235,0.29478,0.29116,0.29642,0.29379,0.29675,0.00074,0.00074,-0.00057,0.00008,-0.00123,-56.44662,-470.00000
0.25959,0.25005,0.25367,0.25334,0.25531,0.29807,0.29215,0.29445,0.29741,0.29675,-0.00025,0.00304,-0.00485,0.00370,0.00370,-56.44662,-469.00000
0.25301,0.25597,0.25696,0.25992,0.26090,0.29379,0.29610,0.30366,0.29346,0.29445,-0.00255,0.00041,0.00370,-0.00255,-0.00123,-56.35075,-468.00000
0.25334,0.26123,0.25728,0.26222,0.25959,0.29445,0.29544,0.28952,0.29938,0.29083,0.00272,0.00107,0.00337,-0.00255,0.00074,-56.35075,-467.00000
0.25465,0.26189,0.26123,0.26255,0.25794,0.29050,0.30267,0.29412,0.29478,0.29807,0.00206,-0.00156,0.00337,-0.00156,0.00074,-56.27840,-466.00000
0.25367,0.26057,0.26123,0.26255,0.26353,0.29248,0.29511,0.29544,0.29346,0.29149,0.00403,0.00008,-0.00123,-0.00025,0.00140,-56.27840,-465.00000
0.26288,0.25728,0.26189,0.26715,0.26353,0.29741,0.29445,0.29544,0.29182,0.29445,0.00304,-0.00189,-0.00222,0.00074,0.00436,-55.93705,-464.00000
0.26189,0.26485,0.25860,0.26518,0.26419,0.29544,0.29215,0.29215,0.29281,0.29182,-0.00025,0.00041,-0.00090,-0.00057,-0.00452,-55.93705,-463.00000
0.26485,0.25761,0.26255,0.25926,0.26452,0.29675,0.29675,0.29544,0.29412,0.29412,0.00304,0.00074,-0.00288,0.00239,0.00008,-55.85671,-462.00000
0.26551,0.26353,0.26551,0.26518,0.26222,0.29642,0.29642,0.30004,0.29281,0.30004,0.00041,-0.00025,-0.00222,0.00370,0.00107,-55.85671,-461.00000
0.26847,0.26090,0.27209,0.26551,0.26353,0.29642,0.29577,0.30136,0.29774,0.29412,0.00535,-0.00255,0.00206,0.00173,-0.00090,-55.58949,-460.00000
0.27011,0.26189,0.26913,0.26353,0.26222,0.29610,0.29577,0.29577,0.29314,0.29610,-0.00057,-0.00156,-0.00025,0.00370,0.00173,-55.58949,-459.00000
0.26682,0.26781,0.26551,0.26682,0.27241,0.29182,0.29314,0.29840,0.29478,0.29478,-0.00057,0.00206,0.00008,-0.00321,0.00239,-55.38996,-458.00000
0.26748,0.26649,0.27110,0.26649,0.27110,0.29642,0.29248,0.29346,0.29511,0.29445,-0.00156,0.00206,-0.00057,-0.00189,-0.00156,-55.38996,-457.00000
0.26584,0.26880,0.26682,0.26814,0.26386,0.29314,0.29445,0.28919,0.29577,0.29511,0.00074,0.00239,0.00403,-0.00057,0.00239,-56.13980,-456.00000
0.26814,0.26945,0.27505,0.26551,0.27110,0.29610,0.29412,0.29478,0.29445,0.29511,0.00107,0.00337,0.00107,-0.00090,0.00173,-56.13980,-455.00000
0.26682,0.27274,0.27241,0.26880,0.26288,0.29478,0.29807,0.29314,0.29379,0.30004,0.00074,0.00239,-0.00090,0.00337,-0.00090,-56.14119,-454.00000
0.27011,0.26748,0.27801,0.27143,0.27274,0.29544,0.29281,0.29445,0.29544,0.30103,0.00337,0.00008,-0.00452,0.00008,0.00206,-56.14119,-453.00000
0.27209,0.26715,0.27143,0.27702,0.27603,0.29708,0.29314,0.29577,0.29346,0.29675,-0.00090,0.00107,-0.00189,0.00337,0.00074,-55.96610,-452.00000
0.27077,0.27570,0.27669,0.27110,0.27603,0.29116,0.29248,0.29675,0.29281,0.29248,-0.00353,0.00074,0.00173,0.00107,0.00173,-55.96610,-451.00000
0.27537,0.27537,0.27044,0.28097,0.27965,0.29346,0.29774,0.29774,0.29281,0.29412,-0.00025,0.00008,-0.00255,-0.00025,0.00008,-55.67836,-450.00000
0.27176,0.27143,0.27505,0.27472,0.27472,0.29511,0.29675,0.29281,0.29445,0.29577,0.00304,-0.00025,-0.00025,-0.00255,0.00041,-55.67836,-449.00000
0.27801,0.27899,0.27241,0.28393,0.27340,0.29544,0.29906,0.29050,0.29511,0.29938,-0.00025,-0.00025,0.00008,0.00041,0.00008,-55.86897,-448.00000
0.27735,0.27570,0.27669,0.27702,0.28129,0.29445,0.29873,0.29412,0.29412,0.29215,0.00140,-0.00123,0.00337,0.00272,0.00041,-55.86897,-447.00000
0.27932,0.27669,0.28031,0.27768,0.27110,0.29346,0.29215,0.29642,0.29511,0.29412,-0.00255,0.00074,0.00008,0.00173,0.00173,-55.46622,-446.00000
0.27373,0.28754,0.27768,0.28031,0.27801,0.29840,0.29314,0.29544,0.29248,0.29741,-0.00123,0.00041,0.00140,-0.00057,0.00008,-55.46622,-445.00000
0.28031,0.28064,0.27735,0.27899,0.27833,0.29314,0.29971,0.29511,0.29971,0.29610,0.00436,0.00041,0.00337,-0.00222,0.00173,-55.84835,-444.00000
0.28294,0.27965,0.28360,0.27833,0.28031,0.29445,0.29281,0.29248,0.29445,0.29610,0.00008,-0.00025,-0.00057,-0.00123,-0.00518,-55.84835,-443.00000
0.27998,0.28129,0.28623,0.28294,0.28162,0.29708,0.29577,0.30103,0.29379,0.29610,-0.00288,0.00041,0.00041,0.00140,-0.00255,-55.72935,-442.00000
0.28590,0.28162,0.28393,0.27965,0.28425,0.29281,0.29577,0.29577,0.29840,0.29642,0.00041,-0.00222,-0.00057,0.00107,-0.00025,-55.72935,-441.00000
0.29050,0.28031,0.28919,0.28557,0.28557,0.29412,0.29149,0.29840,0.29906,0.29971,-0.00090,0.00239,0.00403,0.00074,0.00239,-55.68938,-440.00000
0.28754,0.28590,0.28327,0.28031,0.27965,0.29906,0.29675,0.29577,0.29807,0.29478,-0.00025,-0.00090,-0.00025,-0.00189,0.00140,-55.68938,-439.00000
0.28129,0.28129,0.28689,0.28360,0.28162,0.29610,0.29314,0.29478,0.29445,0.29741,0.00107,-0.00353,0.00272,0.00239,0.00074,-55.20797,-438.00000
0.28623,0.28820,0.28590,0.28458,0.28656,0.29314,0.29412,0.29248,0.29314,0.29544,0.00535,0.00041,-0.00123,-0.00255,-0.00025,-55.20797,-437.00000
0.28228,0.28853,0.28919,0.28425,0.28754,0.29544,0.29774,0.29544,0.29281,0.29577,0.00173,-0.00222,0.00008,0.00041,0.00206,-55.29442,-436.00000
0.28623,0.29281,0.29445,0.28623,0.29182,0.29379,0.28985,0.29412,0.29610,0.29675,-0.00321,0.00041,-0.00057,-0.00353,0.00304,-55.29442,-435.00000
0.28491,0.29018,0.29281,0.28886,0.28754,0.29346,0.29215,0.29379,0.29577,0.29511,0.00272,0.00173,0.00140,0.00304,-0.00025,-55.28149,-434.00000
0.29544,0.28886,0.29346,0.29116,0.29445,0.29412,0.29346,0.28919,0.29379,0.29346,0.00140,0.00008,-0.00156,-0.00057,-0.00123,-55.28149,-433.00000
0.29511,0.29215,0.29379,0.29281,0.28985,0.29478,0.29511,0.29511,0.29281,0.29412,-0.00156,0.00140,-0.00123,0.00370,-0.00222,-55.43859,-432.00000
0.29478,0.28952,0.29445,0.29018,0.29281,0.29248,0.29149,0.29544,0.29610,0.29346,0.00304,-0.00090,0.00403,-0.00222,-0.00485,-55.43859,-431.00000
0.28722,0.29018,0.28985,0.29116,0.29050,0.29478,0.29478,0.29050,0.29511,0.29346,0.00173,0.00041,-0.00057,0.00107,-0.00057,-55.59772,-430.00000
0.29445,0.29314,0.29741,0.29379,0.29445,0.29050,0.29478,0.29938,0.29149,0.29511,0.00140,0.00140,-0.00123,0.00173,0.00107,-55.59772,-429.00000
0.29412,0.30366,0.29412,0.29642,0.28656,0.29774,0.29412,0.29708,0.29906,0.29741,0.00140,-0.00123,-0.00222,-0.00025,-0.00123,-55.19388,-428.00000
0.29938,0.29642,0.30366,0.29577,0.29708,0.29412,0.29938,0.29774,0.29807,0.29412,0.00140,-0.00321,0.00206,0.00239,0.00337,-55.19388,-427.00000
0.29379,0.29873,0.30366,0.29314,0.29774,0.29511,0.29873,0.29708,0.29478,0.29774,-0.00123,0.00239,0.00173,-0.00288,0.00107,-55.23122,-426.00000
0.30103,0.29544,0.29511,0.29971,0.30530,0.29379,0.29873,0.29116,0.30103,0.29610,-0.00025,-0.00025,0.00107,-0.00057,0.00304,-55.23122,-425.00000
0.30234,0.30103,0.30761,0.30859,0.30136,0.30465,0.29774,0.29840,0.29741,0.29873,-0.00025,-0.00156,0.00107,-0.00123,-0.00025,-56.76844,-424.00000
0.30892,0.30399,0.30333,0.30300,0.30202,0.29873,0.29807,0.29708,0.29675,0.29774,0.00272,-0.00090,-0.00090,-0.00222,-0.00025,-56.76844,-423.00000
0.30267,0.30300,0.30333,0.30366,0.30958,0.29741,0.29544,0.29511,0.29642,0.29938,-0.00057,0.00107,-0.00025,-0.00156,0.00008,-56.09662,-422.00000
0.30958,0.30234,0.30432,0.30892,0.29741,0.29675,0.29379,0.29577,0.29314,0.29807,-0.00156,0.00239,0.00008,-0.00288,0.00140,-56.09662,-421.00000
0.31057,0.30826,0.30399,0.30432,0.31287,0.29478,0.29774,0.29708,0.29511,0.29182,0.00008,-0.00386,0.00403,-0.00156,0.00008,-56.22458,-420.00000
0.31188,0.30234,0.31057,0.30530,0.30300,0.29379,0.28919,0.29675,0.29314,0.29478,-0.00090,0.00041,0.00107,0.00370,-0.00025,-56.22458,-419.00000
0.30498,0.30530,0.30794,0.31649,0.30399,0.29149,0.29314,0.29741,0.29215,0.29544,-0.00057,0.00074,0.00041,0.00107,0.00173,-55.84178,-418.00000
0.30563,0.30728,0.30892,0.31583,0.30859,0.29544,0.29741,0.29018,0.29675,0.29215,-0.00025,-0.00551,0.00206,0.00140,0.00173,-55.84178,-417.00000
0.31353,0.31090,0.31155,0.31386,0.30563,0.29774,0.29741,0.29511,0.29379,0.29083,-0.00123,-0.00222,-0.00353,0.00107,-0.00485,-55.79199,-416.00000
0.30662,0.31122,0.31320,0.31122,0.30892,0.29018,0.29708,0.30169,0.29675,0.29478,-0.00090,-0.00353,0.00041,0.00206,0.00239,-55.79199,-415.00000
0.30859,0.30892,0.31090,0.31057,0.31418,0.29346,0.29379,0.29281,0.29478,0.29379,0.00041,0.00304,0.00173,-0.00123,-0.00189,-55.47900,-414.00000
0.31254,0.31484,0.31221,0.31550,0.31155,0.29149,0.30037,0.29511,0.29281,0.29116,0.00272,0.00074,-0.00123,-0.00057,-0.00025,-55.47900,-413.00000
0.31155,0.31912,0.31451,0.31155,0.31386,0.29182,0.29478,0.29281,0.29708,0.30004,-0.00057,-0.00222,0.00140,0.00436,-0.00057,-55.39087,-412.00000
0.31747,0.31353,0.31846,0.31155,0.31813,0.29544,0.29642,0.29314,0.28919,0.29445,-0.00189,0.00074,0.00140,0.00041,0.00206,-55.39087,-411.00000
0.31879,0.31386,0.31846,0.31715,0.31616,0.30004,0.29478,0.29018,0.29873,0.29412,0.00074,0.00107,-0.00057,0.00206,-0.00222,-55.14905,-410.00000
0.31484,0.32043,0.32109,0.31912,0.32011,0.29314,0.29379,0.29379,0.29412,0.29478,0.00008,-0.00057,0.00008,0.00140,0.00206,-55.14905,-409.00000
0.31945,0.32076,0.31912,0.31912,0.32635,0.29807,0.29511,0.29478,0.29544,0.29741,0.00535,0.00140,-0.00057,-0.00090,-0.00156,-55.35529,-408.00000
0.32997,0.32142,0.32307,0.32734,0.32471,0.29281,0.29642,0.28985,0.29544,0.29906,-0.00156,-0.00288,-0.00321,0.00206,-0.00090,-55.35529,-407.00000
0.32307,0.32537,0.32208,0.32109,0.32011,0.29774,0.29741,0.29675,0.29346,0.29577,-0.00123,0.00041,0.00272,0.00074,-0.00090,-55.79044,-406.00000
0.32668,0.32570,0.32076,0.32307,0.32438,0.29642,0.29511,0.29346,0.29379,0.29379,0.00370,0.00140,-0.00386,0.00403,-0.00025,-55.79044,-405.00000
0.32142,0.32701,0.32307,0.32899,0.32537,0.29675,0.29314,0.29379,0.29544,0.29708,0.00107,-0.00189,-0.00156,0.00568,-0.00288,-55.15840,-404.00000
0.32734,0.32931,0.32372,0.32438,0.32734,0.29840,0.29708,0.29642,0.29577,0.29314,-0.00156,-0.00452,0.00206,-0.00123,0.00272,-55.15840,-403.00000
0.32011,0.32866,0.32471,0.32931,0.31945,0.29281,0.29675,0.29478,0.29116,0.30037,0.00337,0.00140,-0.00123,-0.00156,0.00173,-55.37461,-402.00000
0.32339,0.32241,0.32931,0.31682,0.33096,0.29807,0.29807,0.29281,0.29511,0.29511,-0.00025,0.00173,0.00074,0.00173,0.00206,-55.37461,-401.00000
0.33458,0.32504,0.32668,0.33195,0.32931,0.29938,0.29577,0.29248,0.29577,0.29050,-0.00156,0.00272,-0.00025,-0.00090,-0.00222,-55.22637,-400.00000
0.32964,0.32570,0.32734,0.33195,0.32899,0.29807,0.29774,0.29544,0.29314,0.29741,0.00041,0.00140,0.00140,0.00041,0.00337,-55.22637,-399.00000
0.33556,0.33491,0.33096,0.33556,0.33227,0.29445,0.29708,0.29708,0.29675,0.29215,-0.00386,-0.00025,-0.00485,-0.00189,0.00107,-55.33047,-398.00000
0.33162,0.33491,0.33622,0.33195,0.33096,0.29314,0.29478,0.30136,0.29379,0.29478,-0.00025,-0.00057,0.00008,0.00239,-0.00025,-55.33047,-397.00000
0.33260,0.33655,0.33260,0.33359,0.33458,0.29544,0.29544,0.29675,0.29511,0.29445,-0.00057,-0.00156,-0.00156,-0.00255,0.00041,-55.45576,-396.00000
0.33655,0.33556,0.32866,0.33195,0.33425,0.29379,0.29511,0.29018,0.29314,0.29478,0.00206,0.00206,0.00140,0.00304,0.00206,-55.45576,-395.00000
0.32734,0.33721,0.33392,0.33523,0.33754,0.29478,0.29050,0.29281,0.29511,0.29116,0.00337,-0.00156,-0.00090,-0.00353,-0.00090,-55.55747,-394.00000
0.33984,0.33195,0.33655,0.33326,0.34412,0.29610,0.29445,0.29741,0.29478,0.29314,-0.00090,-0.00255,-0.00090,-0.00057,0.00600,-55.55747,-393.00000
0.33523,0.33491,0.33293,0.33852,0.33918,0.29774,0.29478,0.29346,0.29642,0.29610,-0.00288,0.00173,0.00304,0.00600,0.00304,-55.89153,-392.00000
0.34050,0.33754,0.33491,0.34740,0.34576,0.29248,0.29544,0.29149,0.29577,0.29708,0.00370,0.00370,-0.00288,0.00008,-0.00419,-55.89153,-391.00000
0.34477,0.33918,0.34017,0.34247,0.33655,0.29741,0.29478,0.29708,0.29050,0.29215,0.00568,0.00008,0.00074,0.00272,-0.00156,-56.37350,-390.00000
0.34543,0.34148,0.34313,0.34083,0.34017,0.29149,0.29577,0.29478,0.29083,0.29511,0.00272,0.00041,0.00173,-0.00025,-0.00452,-56.37350,-389.00000
0.34017,0.34313,0.33721,0.34839,0.34115,0.29774,0.29116,0.29610,0.29642,0.29807,-0.00386,0.00074,-0.00156,-0.00057,0.00074,-55.34739,-388.00000
0.35102,0.34576,0.34181,0.34115,0.34444,0.29610,0.29642,0.29346,0.29544,0.29577,0.00370,0.00239,0.00173,0.00304,0.00140,-55.34739,-387.00000
0.34280,0.34773,0.34675,0.34806,0.34510,0.29906,0.29149,0.29774,0.29807,0.29346,-0.00222,0.00173,0.00074,-0.00255,0.00535,-55.19567,-386.00000
0.34905,0.34872,0.34379,0.34379,0.34740,0.30070,0.29741,0.29774,0.29182,0.29774,0.00173,-0.00057,0.00107,-0.00321,0.00107,-55.19567,-385.00000
0.34280,0.34346,0.34444,0.34971,0.35004,0.29675,0.29642,0.29741,0.29445,0.29610,-0.00057,-0.00255,0.00107,0.00107,0.00370,-55.65692,-384.00000
0.35431,0.34214,0.35332,0.34346,0.34543,0.29741,0.29577,0.29346,0.29741,0.29774,-0.00057,0.00173,0.00337,0.00140,0.00008,-55.65692,-383.00000
0.35004,0.35201,0.34543,0.35004,0.34872,0.29807,0.29445,0.29314,0.29050,0.29610,-0.00057,0.00008,0.00337,0.00041,0.00337,-55.17953,-382.00000
0.35234,0.35135,0.34905,0.35234,0.35069,0.29379,0.29314,0.29379,0.29544,0.29708,-0.00288,-0.00222,0.00304,-0.00222,0.00140,-55.17953,-381.00000
0.35201,0.34675,0.34806,0.35201,0.34773,0.29610,0.29577,0.29248,0.29675,0.29412,0.00008,0.00008,0.00239,0.00008,-0.00222,-55.34123,-380.00000
0.35596,0.35596,0.35957,0.34839,0.34708,0.29281,0.29412,0.29478,0.29511,0.29281,0.00140,0.00041,-0.00025,-0.00025,-0.00288,-55.34123,-379.00000
0.35135,0.35530,0.35892,0.35892,0.35596,0.28689,0.29314,0.29610,0.29379,0.29314,0.00041,0.00239,-0.00123,0.00304,0.00173,-55.39522,-378.00000
0.35497,0.35530,0.34971,0.35530,0.35530,0.29314,0.29577,0.29215,0.29906,0.29314,-0.00090,0.00008,0.00107,0.00304,-0.00057,-55.39522,-377.00000
0.35727,0.35069,0.35398,0.36286,0.35530,0.29577,0.29248,0.29182,0.29774,0.29577,0.00239,0.00140,-0.00222,-0.00255,-0.00123,-56.17417,-376.00000
0.35859,0.35924,0.35892,0.35201,0.35892,0.29610,0.28787,0.29906,0.29511,0.29774,-0.00156,0.00239,0.00337,0.00041,-0.00288,-56.17417,-375.00000
0.35563,0.35924,0.35365,0.35464,0.35365,0.29774,0.29511,0.29708,0.29577,0.29511,0.00206,-0.00090,-0.00025,-0.00485,0.00074,-55.55779,-374.00000
0.36253,0.36089,0.36188,0.36681,0.35431,0.29511,0.29610,0.29379,0.29314,0.29182,0.00206,-0.00057,-0.00123,0.00041,0.00107,-55.55779,-373.00000
0.36418,0.36286,0.36681,0.35826,0.35892,0.29807,0.29182,0.29478,0.29050,0.29149,0.00041,-0.00222,0.00239,-0.00321,-0.00025,-55.85507,-372.00000
0.35694,0.36582,0.36253,0.35760,0.36516,0.29445,0.29511,0.29741,0.29215,0.29708,0.00041,0.00239,-0.00156,0.00206,0.00107,-55.85507,-371.00000
0.36845,0.35957,0.35957,0.36352,0.36549,0.29675,0.29215,0.29379,0.29774,0.29511,0.00107,-0.00123,-0.00321,-0.00123,0.00239,-55.91826,-370.00000
0.36747,0.36220,0.36681,0.36714,0.35826,0.29412,0.29412,0.29379,0.29149,0.29412,-0.00386,-0.00025,0.00206,-0.00189,0.00074,-55.91826,-369.00000
0.36385,0.36615,0.36549,0.36977,0.36484,0.29445,0.29642,0.29774,0.29741,0.29379,-0.00123,0.00107,-0.00156,-0.00025,0.00239,-55.33462,-368.00000
0.36812,0.36122,0.37207,0.36352,0.35990,0.29840,0.29741,0.29050,0.29445,0.29610,0.00272,0.00272,0.00041,-0.00419,0.00107,-55.33462,-367.00000
0.36878,0.36582,0.37240,0.37898,0.36780,0.29675,0.29544,0.30004,0.29116,0.29478,0.00008,0.00239,0.00239,-0.00321,-0.00255,-55.55549,-366.00000
0.37405,0.37437,0.37076,0.36780,0.37635,0.29281,0.29741,0.29346,0.29445,0.29577,0.00272,-0.00057,-0.00288,-0.00189,-0.00189,-55.55549,-365.00000
0.37536,0.36714,0.37536,0.37503,0.37602,0.29478,0.29478,0.29346,0.29906,0.29642,-0.00123,0.00239,-0.00025,0.00107,0.00239,-55.06290,-364.00000
0.37207,0.37372,0.37207,0.37733,0.37010,0.29840,0.29873,0.29248,0.29511,0.29577,0.00173,0.00173,-0.00189,0.00206,-0.00057,-55.06290,-363.00000
0.37766,0.37372,0.37273,0.37701,0.37602,0.29116,0.29741,0.29379,0.29478,0.29741,-0.00156,0.00206,0.00107,0.00239,0.00107,-52.77559,-362.00000
0.37931,0.37569,0.37701,0.37733,0.37799,0.29577,0.29412,0.29906,0.29577,0.29478,0.00107,0.00041,0.00140,0.00304,-0.00025,-52.77559,-361.00000
0.37668,0.37668,0.37174,0.36878,0.37569,0.29379,0.29610,0.29675,0.29873,0.29807,0.00008,-0.00222,0.00074,0.00074,0.00502,-51.95908,-360.00000
0.38029,0.37273,0.37470,0.37799,0.38424,0.29675,0.29346,0.29445,0.29445,0.29445,0.00370,0.00008,0.00041,-0.00518,0.00074,-51.95908,-359.00000
0.37931,0.38621,0.37766,0.37931,0.38161,0.29511,0.30004,0.29938,0.29971,0.29511,-0.00156,-0.00025,0.00140,-0.00025,0.00041,-52.76177,-358.00000
0.37635,0.37865,0.38227,0.37635,0.37832,0.29445,0.29511,0.29281,0.29906,0.29938,0.00008,-0.00090,0.00074,0.00140,-0.00156,-52.76177,-357.00000
0.38720,0.37306,0.38490,0.38424,0.38293,0.29248,0.29708,0.29445,0.29610,0.29708,0.00239,0.00502,-0.00025,0.00140,0.00173,-53.77102,-356.00000
0.37832,0.38029,0.37964,0.38556,0.38424,0.29511,0.29511,0.29511,0.29445,0.29511,0.00041,0.00008,0.00239,0.00140,0.00008,-53.77102,-355.00000
0.38786,0.38260,0.39148,0.38589,0.38852,0.29511,0.29346,0.29511,0.29741,0.29511,-0.00025,-0.00123,-0.00255,0.00008,0.00206,-54.49537,-354.00000
0.38391,0.37931,0.38950,0.39049,0.38621,0.29610,0.29511,0.29610,0.30070,0.29314,0.00370,0.00140,-0.00090,0.00173,0.00239,-54.49537,-353.00000
0.38194,0.38885,0.38885,0.38654,0.39279,0.29412,0.29248,0.29412,0.29314,0.29971,0.00041,0.00041,-0.00123,-0.00025,0.00370,-55.63636,-352.00000
0.38654,0.38917,0.38621,0.38983,0.38358,0.29840,0.29182,0.30037,0.29314,0.29215,-0.00156,-0.00321,-0.00025,0.00107,-0.00321,-55.63636,-351.00000
0.38260,0.38819,0.39740,0.38654,0.38950,0.29577,0.29774,0.29215,0.29412,0.29708,0.00074,-0.00057,-0.00156,0.00074,-0.00222,-56.63898,-350.00000
0.39016,0.39575,0.38490,0.39279,0.39378,0.29281,0.29544,0.29281,0.29741,0.29807,-0.00222,-0.00090,-0.00222,-0.00057,0.00436,-56.63898,-349.00000
0.39148,0.39345,0.39674,0.39542,0.39312,0.29314,0.29346,0.29248,0.29610,0.29971,-0.00156,0.00239,0.00206,0.00140,-0.00123,-56.03678,-348.00000
0.39213,0.40069,0.39542,0.40069,0.39444,0.29248,0.29906,0.29215,0.29149,0.29379,0.00206,-0.00156,0.00173,0.00272,0.00008,-56.03678,-347.00000
0.39805,0.39148,0.39871,0.39575,0.39740,0.29511,0.29445,0.29544,0.29149,0.29675,0.00173,0.00140,0.00140,-0.00386,-0.00090,-56.34602,-346.00000
0.39575,0.39641,0.39970,0.39542,0.39148,0.29445,0.29281,0.29346,0.29774,0.29346,0.00239,0.00140,0.00041,0.00107,-0.00123,-56.34602,-345.00000
0.39575,0.40266,0.40332,0.39707,0.40102,0.29971,0.29314,0.29708,0.29511,0.29642,0.00206,0.00008,0.00173,-0.00156,-0.00156,-56.43229,-344.00000
0.40003,0.40759,0.40233,0.39970,0.39773,0.29873,0.29248,0.29445,0.28919,0.29774,0.00107,0.00272,-0.00025,0.00107,0.00304,-56.43229,-343.00000
0.40299,0.40299,0.40167,0.40266,0.40661,0.29807,0.29873,0.29511,0.29807,0.29906,-0.00123,0.00403,0.00272,0.00107,-0.00255,-56.16780,-342.00000
0.40496,0.40398,0.40858,0.40759,0.40233,0.29346,0.29281,0.29675,0.29445,0.29445,0.00370,0.00239,-0.00156,-0.00485,0.00008,-56.16780,-341.00000
0.40365,0.40529,0.40299,0.40858,0.40562,0.29610,0.29511,0.29577,0.29281,0.29511,0.00403,0.00008,-0.00123,-0.00156,0.00041,-56.26994,-340.00000
0.40595,0.40365,0.40924,0.40957,0.39970,0.29379,0.29445,0.29511,0.29478,0.29379,0.00140,-0.00123,-0.00025,-0.00255,-0.00353,-56.26994,-339.00000
0.40891,0.41055,0.41253,0.40792,0.40990,0.29478,0.29610,0.29642,0.29708,0.29642,0.00107,0.00107,-0.00419,-0.00057,0.00107,-56.07442,-338.00000
0.41055,0.40496,0.40891,0.41549,0.40562,0.29675,0.29379,0.29774,0.29314,0.29675,0.00041,0.00140,0.00074,-0.00189,-0.00255,-56.07442,-337.00000
0.40694,0.41088,0.40628,0.41286,0.41154,0.29379,0.29346,0.29215,0.29346,0.29610,-0.00255,0.00206,-0.00025,0.00008,-0.00090,-56.04502,-336.00000
0.41220,0.41976,0.40924,0.40825,0.41253,0.29248,0.29511,0.29478,0.29050,0.29675,0.00041,-0.00255,0.00041,0.00600,0.00337,-56.04502,-335.00000
0.40858,0.41154,0.41055,0.41220,0.40595,0.29346,0.29478,0.29675,0.29675,0.29116,0.00041,0.00074,-0.00025,0.00272,-0.00222,-55.59331,-334.00000
0.41351,0.41483,0.41055,0.41154,0.41187,0.29675,0.29642,0.29511,0.29478,0.29445,0.00140,0.00370,0.00403,-0.00222,0.00304,-55.59331,-333.00000
0.41417,0.41318,0.41088,0.40694,0.40957,0.29675,0.29840,0.29445,0.29314,0.29248,0.00568,0.00074,-0.00222,0.00469,0.00041,-55.23806,-332.00000
0.41680,0.40957,0.41845,0.41878,0.40694,0.29478,0.29642,0.29971,0.29149,0.28886,0.00272,-0.00090,-0.00025,0.00107,0.00272,-55.23806,-331.00000
0.41351,0.41878,0.41318,0.41549,0.41154,0.29873,0.29642,0.29577,0.29083,0.29675,0.00041,-0.00386,-0.00156,-0.00255,0.00074,-55.94667,-330.00000
0.42009,0.41943,0.41384,0.41943,0.41450,0.29577,0.29577,0.29610,0.29182,0.29182,-0.00156,0.00272,0.00272,0.00469,-0.00189,-55.94667,-329.00000
0.41943,0.41549,0.41812,0.41516,0.42437,0.29544,0.29149,0.29807,0.28952,0.29149,-0.00222,0.00337,-0.00288,-0.00156,0.00140,-55.40986,-328.00000
0.41910,0.42141,0.42108,0.42009,0.42206,0.29478,0.29281,0.29412,0.29807,0.29083,0.00206,-0.00288,0.00107,0.00403,-0.00452,-55.40986,-327.00000
0.41713,0.41779,0.42733,0.42108,0.42371,0.29379,0.29412,0.29281,0.29807,0.29083,-0.00321,-0.00189,-0.00123,0.00008,0.00041,-55.31479,-326.00000
0.42437,0.42798,0.42404,0.41812,0.42766,0.29445,0.29577,0.29314,0.29149,0.29445,0.00239,-0.00090,-0.00189,0.00041,0.00107,-55.31479,-325.00000
0.42272,0.43358,0.42667,0.42733,0.42700,0.29116,0.29215,0.29314,0.29248,0.29478,-0.00057,-0.00156,-0.00156,0.00008,0.00008,-55.01091,-324.00000
0.42963,0.42272,0.42239,0.42667,0.42996,0.29314,0.29182,0.29511,0.29741,0.29412,-0.00189,0.00140,-0.00057,-0.00025,0.00173,-55.01091,-323.00000
0.43095,0.42766,0.42831,0.43358,0.42634,0.29379,0.29708,0.29675,0.29412,0.29182,-0.00518,-0.00518,0.00041,0.00008,0.00140,-55.42294,-322.00000
0.42897,0.43358,0.42042,0.43522,0.43127,0.29511,0.29445,0.29215,0.29840,0.29708,-0.00025,0.00008,-0.00189,-0.00025,0.00008,-55.42294,-321.00000
0.43029,0.42831,0.42996,0.42798,0.42404,0.29050,0.29215,0.29610,0.29379,0.29642,-0.00057,-0.00156,-0.00156,0.00272,0.00074,-55.42143,-320.00000
0.43259,0.43029,0.42470,0.43193,0.42798,0.29478,0.29281,0.29708,0.29116,0.29544,0.00074,-0.00057,0.00272,0.00239,0.00173,-55.42143,-319.00000
0.43160,0.43226,0.43785,0.42766,0.43062,0.29215,0.29577,0.29281,0.29182,0.29511,0.00206,0.00304,-0.00123,0.00074,0.00173,-54.68581,-318.00000
0.43423,0.43489,0.43423,0.43489,0.43950,0.29379,0.29050,0.29511,0.29083,0.29215,0.00140,-0.00057,-0.00090,-0.00419,0.00008,-54.68581,-317.00000
0.43391,0.42996,0.43193,0.44213,0.43621,0.29412,0.29741,0.29248,0.29708,0.29248,0.00107,0.00008,-0.00321,0.00140,-0.00189,-55.11146,-316.00000
0.44147,0.43654,0.43456,0.43687,0.43950,0.29083,0.29445,0.29314,0.29412,0.29314,-0.00025,-0.00090,0.00041,0.00074,0.00370,-55.11146,-315.00000
0.43654,0.44048,0.43884,0.44246,0.43950,0.29346,0.29577,0.29840,0.29708,0.29281,0.00140,0.00239,0.00107,-0.00189,-0.00321,-55.39997,-314.00000
0.43292,0.43325,0.43785,0.43423,0.43160,0.29314,0.29314,0.29281,0.29314,0.29741,-0.00025,-0.00189,0.00008,0.00041,0.00206,-55.39997,-313.00000
0.43818,0.43292,0.44081,0.44147,0.43884,0.28985,0.29675,0.29379,0.29314,0.29610,-0.00288,-0.00156,0.00008,-0.00057,0.00041,-55.28055,-312.00000
0.43687,0.43687,0.43358,0.44476,0.44213,0.29346,0.29511,0.29083,0.29610,0.28985,0.00272,0.00535,0.00272,-0.00057,0.00272,-55.28055,-311.00000
0.43818,0.44344,0.44081,0.44015,0.44509,0.29215,0.29774,0.29642,0.29050,0.29412,-0.00025,-0.00353,-0.00123,-0.00222,0.00272,-55.37221,-310.00000
0.44739,0.44640,0.43917,0.44673,0.44772,0.29511,0.29478,0.29248,0.29478,0.29478,-0.00025,0.00140,-0.00123,0.00074,-0.00222,-55.37221,-309.00000
0.44311,0.44706,0.44377,0.44607,0.44640,0.29445,0.29412,0.29379,0.29346,0.29708,-0.00025,0.00074,0.00535,0.00008,-0.00156,-55.39362,-308.00000
0.44344,0.44673,0.44838,0.44739,0.44607,0.29577,0.29379,0.29346,0.29050,0.28820,0.00206,0.00370,0.00206,0.00008,0.00239,-55.39362,-307.00000
0.45660,0.45002,0.44344,0.44903,0.44838,0.29346,0.29182,0.29314,0.29675,0.29445,0.00140,-0.00288,-0.00222,-0.00025,0.00304,-55.64847,-306.00000
0.44673,0.45035,0.44772,0.45002,0.44542,0.29182,0.29182,0.29544,0.29577,0.29314,0.00140,0.00337,0.00403,0.00337,0.00173,-55.64847,-305.00000
0.45035,0.45265,0.45101,0.44673,0.45232,0.29215,0.29346,0.29478,0.29445,0.29675,0.00206,-0.00090,0.00008,-0.00189,-0.00123,-56.15431,-304.00000
0.44936,0.45331,0.45331,0.45298,0.45068,0.29116,0.29906,0.29281,0.29412,0.29544,0.00008,-0.00057,-0.00123,-0.00123,0.00074,-56.15431,-303.00000
0.45101,0.45463,0.45331,0.45759,0.45561,0.29511,0.29182,0.29281,0.29675,0.29379,0.00206,-0.00057,-0.00156,0.00107,0.00140,-55.86280,-302.00000
0.45495,0.45792,0.46055,0.45956,0.45528,0.29281,0.29445,0.29610,0.29314,0.29248,0.00041,0.00008,0.00074,0.00041,-0.00025,-55.86280,-301.00000
0.45693,0.45956,0.45693,0.45430,0.45594,0.29314,0.29577,0.29478,0.29149,0.29314,0.00239,-0.00156,0.00173,0.00140,0.00008,-55.77076,-300.00000
0.45857,0.46416,0.45528,0.46055,0.45792,0.29774,0.29906,0.28985,0.29050,0.29577,0.00107,0.00206,0.00173,0.00206,0.00173,-55.77076,-299.00000
0.46186,0.45660,0.45890,0.45693,0.46614,0.29577,0.29544,0.29577,0.29511,0.29412,0.00304,-0.00090,-0.00321,-0.00123,0.00337,-55.26087,-298.00000
0.45660,0.45594,0.46285,0.46384,0.46055,0.29412,0.30037,0.29314,0.29478,0.29379,0.00469,0.00304,0.00041,0.00206,-0.00222,-55.26087,-297.00000
0.45890,0.45463,0.46482,0.45989,0.45693,0.29116,0.29018,0.29708,0.29741,0.29610,0.00008,0.00041,-0.00123,0.00074,-0.00057,-55.60407,-296.00000
0.46120,0.45857,0.46219,0.46384,0.45528,0.29182,0.29379,0.29248,0.29577,0.29314,0.00337,0.00074,-0.00156,0.00140,0.00140,-55.60407,-295.00000
0.46581,0.46482,0.46416,0.46088,0.46581,0.29971,0.29346,0.29215,0.29215,0.29215,-0.00255,0.00173,0.00370,-0.00025,0.00074,-55.69022,-294.00000
0.46581,0.46844,0.45792,0.46614,0.46844,0.29610,0.29314,0.29610,0.29577,0.29314,-0.00090,-0.00353,0.00304,0.00074,-0.00057,-55.69022,-293.00000
0.46548,0.45890,0.46318,0.46449,0.46811,0.29478,0.29314,0.29083,0.29774,0.29774,-0.00189,0.00041,0.00304,-0.00057,0.00008,-56.15321,-292.00000
0.46548,0.46680,0.47140,0.46219,0.46351,0.29708,0.29248,0.29149,0.29840,0.29248,0.00074,0.00140,0.00272,0.00140,0.00074,-56.15321,-291.00000
0.47403,0.46581,0.47239,0.47140,0.47041,0.29083,0.29314,0.29149,0.29774,0.29412,-0.00025,0.00074,-0.00057,-0.00222,-0.00090,-55.30317,-290.00000
0.46976,0.47008,0.47140,0.46811,0.47140,0.29445,0.29314,0.29577,0.29478,0.29281,-0.00156,-0.00090,-0.00156,0.00107,-0.00025,-55.30317,-289.00000
0.47041,0.47436,0.47304,0.46482,0.47107,0.29511,0.29511,0.29642,0.29149,0.29642,-0.00025,-0.00090,-0.00288,-0.00123,0.00074,-55.82785,-288.00000
0.47633,0.47765,0.47008,0.46943,0.47304,0.29774,0.29741,0.29281,0.28919,0.29445,0.00304,-0.00452,-0.00255,0.00074,-0.00255,-55.82785,-287.00000
0.47304,0.47206,0.47896,0.47798,0.47666,0.29314,0.29445,0.29314,0.29445,0.29873,0.00107,0.00140,-0.00189,-0.00025,-0.00123,-55.29918,-286.00000
0.48160,0.47535,0.47666,0.47469,0.46384,0.29281,0.29478,0.29511,0.29642,0.29478,0.00074,0.00107,-0.00189,0.00140,-0.00288,-55.29918,-285.00000
0.47633,0.47962,0.47666,0.47929,0.47107,0.29577,0.29478,0.29050,0.29412,0.29379,-0.00353,0.00206,-0.00255,-0.00123,0.00074,-55.84783,-284.00000
0.48028,0.47633,0.47469,0.47699,0.47206,0.28985,0.29577,0.29412,0.29281,0.29807,0.00107,0.00304,-0.00025,0.00239,0.00008,-55.84783,-283.00000
0.47666,0.47962,0.48160,0.47896,0.48752,0.29346,0.28722,0.29083,0.29346,0.29346,-0.00025,0.00074,0.00107,0.00206,0.00239,-56.97665,-282.00000
0.47831,0.47403,0.47929,0.47929,0.47666,0.29445,0.29807,0.29116,0.29642,0.29248,0.00140,-0.00156,0.00272,0.00041,-0.00222,-56.97665,-281.00000
0.48423,0.48028,0.47798,0.47798,0.48127,0.29610,0.28787,0.29478,0.29314,0.29281,0.00206,0.00008,0.00239,0.00041,0.00239,-56.90141,-280.00000
0.47995,0.48291,0.47568,0.48258,0.47929,0.29182,0.29412,0.30037,0.29445,0.29445,-0.00156,0.00008,-0.00123,-0.00189,-0.00189,-56.90141,-279.00000
0.48587,0.48324,0.48291,0.48291,0.48357,0.29807,0.29281,0.29577,0.29675,0.29215,0.00041,0.00008,-0.00123,0.00173,0.00272,-56.28274,-278.00000
0.48719,0.48192,0.48390,0.48521,0.48291,0.29445,0.29511,0.29346,0.29182,0.28886,0.00041,-0.00386,-0.00288,0.00008,-0.00090,-56.28274,-277.00000
0.48192,0.48686,0.48850,0.48489,0.48752,0.29577,0.29807,0.29314,0.29379,0.29577,0.00107,0.00206,-0.00057,0.00074,0.00107,-55.69508,-276.00000
0.49048,0.48423,0.49081,0.49113,0.49245,0.28787,0.29018,0.29215,0.29741,0.29248,-0.00057,0.00074,0.00535,0.00140,-0.00189,-55.69508,-275.00000
0.48949,0.48949,0.48620,0.49113,0.48653,0.29741,0.29741,0.29050,0.29642,0.29906,0.00008,0.00140,-0.00255,0.00008,0.00173,-55.60145,-274.00000
0.48817,0.49179,0.50265,0.49409,0.49705,0.29379,0.29708,0.29610,0.29445,0.29379,0.00107,-0.00123,0.00107,0.00008,0.00107,-55.60145,-273.00000
0.49541,0.49442,0.49081,0.48489,0.48850,0.29248,0.29050,0.29544,0.29346,0.29346,-0.00025,-0.00321,0.00206,-0.00156,0.00041,-55.36420,-272.00000
0.49738,0.49804,0.49015,0.49969,0.50100,0.29445,0.29248,0.29906,0.29412,0.29412,0.00272,-0.00025,0.00206,-0.00123,-0.00057,-55.36420,-271.00000
0.49442,0.49574,0.49705,0.49837,0.49837,0.29314,0.29379,0.29708,0.29642,0.29314,0.00107,-0.00025,0.00140,-0.00025,0.00107,-54.06394,-270.00000
0.50133,0.50067,0.49607,0.50034,0.49508,0.29675,0.29577,0.29675,0.29807,0.29248,0.00107,-0.00419,-0.00057,-0.00057,0.00008,-54.06394,-269.00000
0.50528,0.49903,0.49870,0.50692,0.49969,0.29215,0.29281,0.29215,0.29346,0.29215,-0.00090,-0.00222,0.00173,0.00502,-0.00025,-52.65209,-268.00000
0.50199,0.50100,0.50133,0.49607,0.50330,0.29610,0.29708,0.29314,0.29577,0.29511,0.00239,0.00008,-0.00025,0.00403,-0.00419,-52.65209,-267.00000
0.50626,0.49870,0.50067,0.50297,0.50528,0.29379,0.29314,0.29774,0.29281,0.29379,0.00272,0.00041,-0.00189,0.00008,-0.00189,-53.12536,-266.00000
0.50363,0.50265,0.49936,0.50232,0.50922,0.28820,0.29577,0.29840,0.29412,0.29346,0.00337,0.00008,-0.00123,-0.00353,-0.00156,-53.12536,-265.00000
0.50429,0.50561,0.50067,0.50363,0.49837,0.29182,0.29577,0.29544,0.29642,0.29182,-0.00353,0.00107,-0.00057,-0.00123,-0.00452,-53.72577,-264.00000
0.50396,0.50593,0.50593,0.50199,0.50659,0.29248,0.29445,0.29478,0.29412,0.29412,0.00041,0.00140,0.00206,-0.00057,0.00304,-53.72577,-263.00000
0.50824,0.50922,0.50889,0.51646,0.50561,0.29215,0.29149,0.29544,0.29248,0.29346,0.00370,0.00272,-0.00452,0.00272,-0.00123,-54.55087,-262.00000
0.50034,0.51514,0.50889,0.50659,0.50593,0.29840,0.29379,0.29379,0.29314,0.29215,-0.00057,0.00239,0.00074,-0.00090,0.00304,-54.55087,-261.00000
0.50758,0.51613,0.51317,0.50166,0.50429,0.29281,0.29478,0.28919,0.29379,0.29050,0.00041,-0.00057,0.00206,0.00041,-0.00353,-54.76567,-260.00000
0.51580,0.50462,0.51514,0.51416,0.50988,0.29248,0.29577,0.29346,0.29248,0.29149,-0.00090,0.00173,-0.00288,0.00535,-0.00386,-54.76567,-259.00000
0.51087,0.51218,0.50758,0.50495,0.51087,0.29281,0.29577,0.29149,0.29642,0.29445,0.00107,0.00272,0.00041,0.00304,0.00337,-55.84719,-258.00000
0.51416,0.51218,0.51416,0.51383,0.51745,0.29478,0.29675,0.29346,0.29774,0.29478,-0.00025,0.00140,-0.00123,0.00239,-0.00353,-55.84719,-257.00000
0.51679,0.51021,0.52304,0.51317,0.51942,0.29314,0.29412,0.29346,0.29346,0.29708,0.00272,0.00304,0.00173,0.00041,-0.00057,-55.43092,-256.00000
0.51087,0.51482,0.51646,0.51350,0.51284,0.29511,0.29412,0.29116,0.29412,0.29577,-0.00057,-0.00025,-0.00156,-0.00057,0.00272,-55.43092,-255.00000
0.51876,0.50659,0.51942,0.51843,0.51646,0.29412,0.29149,0.29675,0.29116,0.29281,-0.00090,0.00008,0.00041,-0.00025,0.00008,-55.40589,-254.00000
0.51843,0.52139,0.52074,0.51120,0.52139,0.29840,0.29807,0.29281,0.29807,0.29215,0.00272,-0.00090,0.00239,-0.00090,0.00041,-55.40589,-253.00000
0.51876,0.52008,0.52304,0.52205,0.51975,0.29412,0.29675,0.29314,0.29412,0.29511,0.00239,-0.00090,0.00206,-0.00123,0.00041,-55.80597,-252.00000
0.52402,0.52534,0.52238,0.52830,0.52271,0.29938,0.29314,0.29478,0.29807,0.29182,-0.00057,-0.00090,-0.00123,0.00370,-0.00156,-55.80597,-251.00000
0.51975,0.52402,0.52271,0.52008,0.52370,0.29346,0.29478,0.29445,0.29544,0.29379,-0.00189,0.00074,0.00140,0.00173,0.00008,-55.29801,-250.00000
0.52633,0.52271,0.52633,0.53027,0.52271,0.29774,0.29083,0.29379,0.29544,0.29182,0.00206,0.00107,0.00008,-0.00222,-0.00255,-55.29801,-249.00000
0.52698,0.52205,0.52402,0.52962,0.52402,0.29610,0.29215,0.29478,0.29478,0.29346,-0.00353,-0.00255,0.00206,-0.00353,0.00107,-55.81062,-248.00000
0.52008,0.52370,0.52501,0.52633,0.52929,0.29248,0.29478,0.29050,0.29248,0.29675,0.00140,-0.00057,-0.00288,-0.00090,0.00272,-55.81062,-247.00000
0.52863,0.52468,0.52764,0.52633,0.52731,0.29248,0.29050,0.29149,0.29511,0.29971,-0.00123,0.00173,-0.00222,0.00008,0.00272,-55.06840,-246.00000
0.53422,0.52764,0.52304,0.52764,0.52797,0.29149,0.29445,0.29050,0.29774,0.29346,0.00304,0.00041,0.00272,0.00239,0.00272,-55.06840,-245.00000
0.53027,0.53685,0.52929,0.52698,0.53192,0.29478,0.29314,0.29379,0.29182,0.29314,0.00074,-0.00057,0.00502,-0.00123,-0.00156,-54.61184,-244.00000
0.52731,0.52666,0.53751,0.52698,0.52698,0.29478,0.29248,0.29346,0.29281,0.29642,0.00140,-0.00057,0.00074,-0.00123,0.00206,-54.61184,-243.00000
0.53356,0.53093,0.53455,0.53685,0.52896,0.29412,0.29248,0.29379,0.29281,0.29379,-0.00485,0.00206,-0.00090,0.00436,0.00502,-55.59449,-242.00000
0.53356,0.53554,0.53060,0.53093,0.53389,0.29116,0.29248,0.29379,0.29708,0.29281,0.00074,0.00173,-0.00353,0.00173,0.00041,-55.59449,-241.00000
0.53290,0.53093,0.53718,0.53290,0.53422,0.29149,0.29445,0.29083,0.29610,0.29708,-0.00156,0.00304,-0.00222,0.00107,-0.00090,-55.89783,-240.00000
0.53751,0.53422,0.53751,0.53521,0.54014,0.29642,0.29412,0.29610,0.29610,0.29346,-0.00025,0.00008,-0.00353,0.00008,-0.00321,-55.89783,-239.00000
0.53948,0.53225,0.54179,0.54047,0.53159,0.29248,0.29840,0.29281,0.29577,0.29708,-0.00156,0.00272,-0.00156,0.00239,0.00107,-55.51483,-238.00000
0.53850,0.53784,0.53948,0.53422,0.54080,0.29478,0.29642,0.29840,0.29215,0.29346,-0.00025,0.00074,0.00140,0.00107,-0.00189,-55.51483,-237.00000
0.54244,0.54047,0.53586,0.54738,0.54475,0.29642,0.29675,0.29281,0.29675,0.29050,0.00140,-0.00025,-0.00255,0.00239,0.00008,-56.33408,-236.00000
0.54047,0.54507,0.54705,0.53882,0.54705,0.29412,0.29873,0.29314,0.29642,0.29445,-0.00057,0.00239,-0.00123,-0.00090,-0.00025,-56.33408,-235.00000
0.54047,0.54507,0.54047,0.54672,0.53882,0.29379,0.29544,0.29314,0.29248,0.29412,0.00239,0.00074,-0.00156,0.00041,-0.00189,-56.11382,-234.00000
0.54738,0.53882,0.53258,0.54409,0.53948,0.29642,0.29248,0.29281,0.29445,0.29412,-0.00386,0.00337,0.00535,-0.00288,-0.00090,-56.11382,-233.00000
0.54244,0.54869,0.54343,0.54014,0.55001,0.28919,0.29215,0.29708,0.29346,0.29971,-0.00057,-0.00189,-0.00025,0.00107,-0.00123,-55.67165,-232.00000
0.54310,0.54442,0.53850,0.53882,0.54705,0.29314,0.29577,0.29774,0.29544,0.29610,0.00041,-0.00090,0.00272,-0.00057,0.00074,-55.67165,-231.00000
0.54409,0.54573,0.54672,0.54475,0.54738,0.29478,0.29511,0.29182,0.28985,0.29544,0.00041,-0.00057,0.00239,-0.00025,0.00272,-55.15516,-230.00000
0.54113,0.54310,0.55428,0.54738,0.54573,0.29610,0.29675,0.29741,0.29675,0.29544,-0.00156,-0.00419,-0.00189,-0.00189,0.00272,-55.15516,-229.00000
0.54869,0.55034,0.54540,0.55395,0.54771,0.29149,0.29642,0.29774,0.29840,0.29248,-0.00321,0.00173,0.00140,0.00140,0.00239,-55.13129,-228.00000
0.55034,0.55198,0.54705,0.55067,0.55165,0.29445,0.29511,0.29314,0.29445,0.29116,0.00008,0.00008,0.00008,-0.00025,-0.00255,-55.13129,-227.00000
0.54540,0.55428,0.54803,0.54705,0.55198,0.29577,0.29478,0.29445,0.29182,0.29445,0.00304,-0.00156,-0.00025,0.00206,-0.00321,-55.15354,-226.00000
0.55231,0.54902,0.55099,0.54869,0.54672,0.29215,0.29379,0.29050,0.29149,0.29182,0.00074,0.00074,0.00370,-0.00715,0.00173,-55.15354,-225.00000
0.54672,0.55560,0.54935,0.55823,0.54672,0.29281,0.29675,0.28985,0.29281,0.29577,0.00074,-0.00156,0.00304,-0.00025,0.00041,-55.60167,-224.00000
0.55428,0.55363,0.54836,0.55428,0.55198,0.29116,0.29577,0.28853,0.29248,0.28985,0.00173,0.00008,-0.00353,-0.00057,-0.00189,-55.60167,-223.00000
0.55823,0.55527,0.55889,0.55099,0.55067,0.29149,0.28985,0.29149,0.29478,0.29018,-0.00189,0.00074,-0.00025,-0.00123,0.00304,-56.06011,-222.00000
0.55363,0.55363,0.55428,0.55856,0.55231,0.29083,0.28985,0.29281,0.29281,0.30004,0.00140,0.00041,-0.00189,0.00206,-0.00090,-56.06011,-221.00000
0.55330,0.55165,0.55264,0.55889,0.55823,0.29149,0.29182,0.29248,0.29544,0.29478,0.00304,0.00370,-0.00156,-0.00222,-0.00255,-56.46267,-220.00000
0.56020,0.55856,0.55987,0.55231,0.55922,0.29346,0.29346,0.29445,0.29116,0.29675,-0.00255,-0.00123,-0.00189,0.00041,0.00239,-56.46267,-219.00000
0.55691,0.55691,0.55724,0.55494,0.56119,0.29577,0.29050,0.29050,0.29149,0.29544,-0.00057,0.00206,0.00074,-0.00025,-0.00025,-56.20497,-218.00000
0.55527,0.56053,0.56448,0.55724,0.56316,0.29314,0.29445,0.29116,0.29544,0.29445,0.00041,-0.00222,-0.00156,0.00074,0.00041,-56.20497,-217.00000
0.56448,0.56283,0.55955,0.56645,0.56185,0.29346,0.29379,0.29478,0.29281,0.29281,0.00140,0.00337,-0.00452,-0.00090,-0.00025,-56.55707,-216.00000
0.55889,0.57007,0.56415,0.56382,0.56843,0.29445,0.29412,0.28952,0.29544,0.29610,-0.00025,0.00206,0.00370,0.00107,0.00008,-56.55707,-215.00000
0.56415,0.56316,0.56020,0.56218,0.56119,0.29281,0.29774,0.29083,0.29346,0.29610,-0.00057,0.00140,0.00107,0.00140,0.00008,-56.46213,-214.00000
0.56251,0.56875,0.55560,0.56612,0.56316,0.29379,0.29511,0.29642,0.29741,0.29511,0.00107,0.00436,0.00272,0.00436,0.00272,-56.46213,-213.00000
0.56645,0.56316,0.56744,0.56777,0.56218,0.29511,0.29708,0.29511,0.29149,0.29248,0.00239,0.00074,0.00173,0.00074,0.00206,-56.15099,-212.00000
0.56908,0.57040,0.57106,0.57468,0.56810,0.29544,0.29412,0.29379,0.29708,0.29083,0.00074,-0.00222,0.00304,-0.00057,-0.00057,-56.15099,-211.00000
0.57237,0.56645,0.56020,0.56382,0.56843,0.29840,0.29281,0.29511,0.29610,0.29544,-0.00025,0.00140,-0.00123,0.00074,0.00272,-56.27374,-210.00000
0.56283,0.57303,0.56777,0.56415,0.56382,0.29149,0.29379,0.29346,0.29379,0.29149,0.00140,0.00272,0.00403,-0.00156,0.00173,-56.27374,-209.00000
0.57172,0.56908,0.56547,0.57336,0.56908,0.29248,0.28985,0.29050,0.29642,0.29544,0.00041,0.00239,0.00107,0.00173,0.00173,-56.04458,-208.00000
0.56908,0.57237,0.57533,0.57007,0.56974,0.29281,0.29412,0.29248,0.29675,0.29478,0.00370,0.00041,0.00173,-0.00288,0.00107,-56.04458,-207.00000
0.57764,0.57533,0.56382,0.56843,0.57172,0.28952,0.28853,0.29675,0.29149,0.29215,0.00008,0.00173,-0.00222,-0.00123,-0.00025,-56.44514,-206.00000
0.57073,0.56711,0.57665,0.57270,0.56974,0.29478,0.29050,0.29281,0.29675,0.29642,0.00140,0.00239,-0.00288,-0.00518,0.00304,-56.44514,-205.00000
0.57468,0.57566,0.58125,0.57139,0.57698,0.29116,0.29412,0.29248,0.29379,0.29248,-0.00288,-0.00025,0.00633,-0.00057,-0.00025,-56.17423,-204.00000
0.57731,0.56941,0.57895,0.57040,0.57632,0.29346,0.29412,0.29938,0.29675,0.29346,0.00173,0.00140,0.00403,-0.00057,0.00173,-56.17423,-203.00000
0.57928,0.57862,0.58060,0.57961,0.57435,0.29379,0.29050,0.29248,0.29675,0.29018,0.00107,0.00008,0.00074,0.00074,-0.00090,-56.05342,-202.00000
0.57402,0.57796,0.57698,0.57764,0.57764,0.29445,0.29544,0.29445,0.29248,0.29346,0.00107,0.00600,0.00041,-0.00090,0.00074,-56.05342,-201.00000
0.57566,0.58125,0.57731,0.57369,0.58060,0.29149,0.29050,0.29116,0.29873,0.29314,0.00173,0.00206,-0.00156,-0.00025,0.00140,-55.71470,-200.00000
0.57829,0.57764,0.57829,0.57895,0.57796,0.29445,0.29281,0.29445,0.29708,0.29083,0.00568,0.00337,-0.00156,0.00206,-0.00123,-55.71470,-199.00000
0.58454,0.57862,0.58191,0.57731,0.57500,0.29281,0.29610,0.29346,0.29544,0.29445,-0.00288,0.00272,0.00008,-0.00025,0.00074,-55.47942,-198.00000
0.58027,0.57764,0.58323,0.58323,0.58158,0.29675,0.28919,0.29215,0.28985,0.29412,-0.00452,-0.00025,-0.00090,0.00239,-0.00123,-55.47942,-197.00000
0.57796,0.57895,0.58125,0.57829,0.57632,0.29445,0.29708,0.29215,0.29182,0.29445,0.00272,0.00107,0.00140,0.00041,0.00304,-55.20065,-196.00000
0.57862,0.58421,0.58684,0.58454,0.58388,0.29116,0.29215,0.29412,0.29511,0.29840,-0.00156,-0.00321,0.00206,0.00041,0.00041,-55.20065,-195.00000
0.58224,0.57895,0.58619,0.58224,0.58257,0.29314,0.29050,0.29050,0.29511,0.29478,-0.00057,-0.00090,-0.00156,-0.00386,0.00074,-55.69114,-194.00000
0.58520,0.58323,0.58323,0.58257,0.58619,0.29182,0.29774,0.29346,0.28689,0.29281,-0.00025,0.00008,0.00041,0.00041,0.00239,-55.69114,-193.00000
0.58191,0.59046,0.58060,0.57994,0.58520,0.29873,0.29774,0.29544,0.29215,0.29281,0.00239,0.00206,0.00008,0.00107,-0.00255,-55.91930,-192.00000
0.58224,0.58750,0.58816,0.58619,0.58224,0.29610,0.29182,0.29544,0.29215,0.29379,0.00041,0.00041,-0.00156,0.00041,-0.00025,-55.91930,-191.00000
0.58980,0.58388,0.58356,0.58948,0.58158,0.29708,0.29741,0.29445,0.29314,0.29445,0.00008,-0.00222,0.00304,0.00140,0.00370,-55.58416,-190.00000
0.58948,0.59309,0.58454,0.58882,0.58323,0.29149,0.29346,0.29050,0.29050,0.29248,-0.00288,-0.00551,-0.00090,0.00074,-0.00090,-55.58416,-189.00000
0.58652,0.58948,0.59244,0.58816,0.59046,0.29248,0.29478,0.29281,0.29248,0.29083,-0.00057,-0.00222,0.00107,0.00107,-0.00321,-54.94296,-188.00000
0.58684,0.59079,0.59276,0.59671,0.59244,0.29083,0.29577,0.29215,0.29478,0.29281,-0.00255,-0.00288,0.00140,0.00239,0.00206,-54.94296,-187.00000
0.59276,0.59671,0.59013,0.59145,0.59309,0.29642,0.29511,0.29116,0.29281,0.29511,0.00206,0.00140,-0.00222,0.00008,0.00107,-55.51836,-186.00000
0.59572,0.59211,0.59013,0.59276,0.59836,0.29050,0.29149,0.29182,0.29281,0.29281,0.00272,-0.00156,-0.00057,0.00206,-0.00156,-55.51836,-185.00000
0.59540,0.59309,0.59211,0.59342,0.59178,0.29445,0.29445,0.29248,0.29478,0.29610,-0.00189,0.00140,0.00107,-0.00156,-0.00123,-55.91836,-184.00000
0.59474,0.59704,0.59671,0.59244,0.59638,0.29314,0.29281,0.29248,0.29412,0.29774,-0.00025,0.00041,0.00008,0.00206,0.00304,-55.91836,-183.00000
0.59967,0.59770,0.59869,0.58619,0.59375,0.29774,0.28886,0.29182,0.29642,0.29018,-0.00057,0.00107,0.00206,-0.00255,0.00568,-56.35029,-182.00000
0.59046,0.59540,0.59572,0.59737,0.59408,0.29445,0.29215,0.29478,0.29445,0.29708,0.00304,0.00074,0.00272,-0.00452,-0.00123,-56.35029,-181.00000
0.60066,0.60263,0.59079,0.59803,0.59342,0.29577,0.29346,0.29314,0.29708,0.28985,-0.00255,0.00502,0.00107,0.00206,0.00074,-55.43345,-180.00000
0.59375,0.59836,0.60066,0.59934,0.59507,0.29741,0.29478,0.29741,0.29511,0.29314,-0.00255,-0.00255,0.00403,0.00239,0.00008,-55.43345,-179.00000
0.59737,0.60099,0.59901,0.60395,0.59408,0.29445,0.29379,0.29116,0.29610,0.29774,-0.00321,0.00370,0.00107,-0.00090,-0.00025,-55.74895,-178.00000
0.60132,0.60263,0.60757,0.60197,0.59704,0.29379,0.29248,0.29445,0.29281,0.28919,0.00272,0.00041,-0.00025,0.00304,-0.00189,-55.74895,-177.00000
0.60691,0.60099,0.60230,0.60197,0.60757,0.29675,0.29642,0.29577,0.29116,0.29314,0.00074,0.00041,-0.00025,-0.00090,-0.00353,-55.47457,-176.00000
0.60197,0.60461,0.60329,0.60461,0.59967,0.28952,0.29379,0.29050,0.29741,0.29445,0.00502,-0.00288,-0.00419,-0.00123,0.00074,-55.47457,-175.00000
0.60658,0.60033,0.60461,0.59605,0.61020,0.29445,0.29642,0.28886,0.29215,0.29478,-0.00189,-0.00025,-0.00189,0.00008,-0.00090,-56.31883,-174.00000
0.60724,0.60033,0.60428,0.60691,0.60296,0.29346,0.29708,0.29412,0.29478,0.29873,-0.00090,0.00239,0.00272,-0.00189,0.00107,-56.31883,-173.00000
0.60888,0.60395,0.60099,0.60197,0.60691,0.29346,0.29544,0.29445,0.29445,0.29050,-0.00156,-0.00156,-0.00353,0.00370,-0.00222,-56.14281,-172.00000
0.61645,0.61151,0.59803,0.60954,0.60822,0.29314,0.29149,0.29807,0.29379,0.29412,0.00107,-0.00123,-0.00222,0.00436,-0.00255,-56.14281,-171.00000
0.60559,0.60625,0.60987,0.60461,0.60921,0.29741,0.29610,0.29149,0.29379,0.29281,0.00272,0.00370,0.00140,-0.00090,0.00173,-55.57873,-170.00000
0.61250,0.60822,0.61151,0.61941,0.60625,0.29741,0.29675,0.29215,0.29544,0.29116,-0.00123,0.00370,0.00206,0.00008,0.00140,-55.57873,-169.00000
0.60789,0.60855,0.60526,0.61809,0.61217,0.29544,0.29215,0.29215,0.29412,0.29544,-0.00025,-0.00255,0.00403,-0.00123,0.00633,-56.16583,-168.00000
0.60822,0.61020,0.60592,0.61480,0.61053,0.29840,0.29248,0.29774,0.29182,0.29478,-0.00057,0.00535,-0.00156,-0.00090,0.00041,-56.16583,-167.00000
0.60888,0.61743,0.61053,0.60888,0.61283,0.29281,0.29708,0.29215,0.29445,0.29248,0.00173,-0.00090,0.00074,0.00107,0.00173,-55.60000,-166.00000
0.61217,0.61645,0.60691,0.60395,0.61546,0.29314,0.29379,0.29281,0.30202,0.29708,0.00107,-0.00057,0.00140,-0.00090,0.00074,-55.60000,-165.00000
0.60954,0.61283,0.62006,0.60987,0.60855,0.29675,0.29873,0.29675,0.28853,0.29182,-0.00255,0.00140,0.00140,0.00008,-0.00156,-56.10811,-164.00000
0.62138,0.61875,0.61184,0.61349,0.61217,0.29675,0.29182,0.29379,0.29314,0.29445,0.00041,-0.00321,0.00008,0.00074,-0.00288,-56.10811,-163.00000
0.60987,0.61283,0.61447,0.61842,0.61579,0.29248,0.29906,0.29906,0.29215,0.29018,-0.00090,0.00008,0.00304,0.00173,0.00206,-55.60288,-162.00000
0.61710,0.61480,0.61809,0.61743,0.61908,0.29379,0.29412,0.29577,0.29281,0.29610,0.00107,0.00140,-0.00123,-0.00057,-0.00222,-55.60288,-161.00000
0.61053,0.61776,0.61184,0.62039,0.60888,0.29577,0.29346,0.29478,0.29741,0.29379,0.00337,-0.00025,-0.00288,0.00272,0.00041,-55.38933,-160.00000
0.62039,0.61743,0.61414,0.61118,0.62072,0.29182,0.29149,0.29774,0.29478,0.29544,-0.00156,0.00008,-0.00255,0.00008,0.00304,-55.38933,-159.00000
0.61809,0.61941,0.62006,0.61381,0.61743,0.29346,0.29708,0.29412,0.29149,0.29807,-0.00090,-0.00123,-0.00123,-0.00386,0.00041,-55.04818,-158.00000
0.61908,0.61612,0.62072,0.61776,0.61513,0.29675,0.29149,0.29281,0.29182,0.29379,0.00436,-0.00452,-0.00090,0.00206,0.00041,-55.04818,-157.00000
0.61250,0.62006,0.61250,0.61546,0.62269,0.28886,0.29314,0.29281,0.29083,0.29215,0.00304,0.00107,0.00074,-0.00057,-0.00057,-54.91423,-156.00000
0.61677,0.61743,0.61973,0.61316,0.62269,0.29675,0.28820,0.29281,0.29544,0.29478,-0.00419,0.00008,0.00239,-0.00189,-0.00189,-54.91423,-155.00000
0.61776,0.61546,0.61645,0.62631,0.61875,0.29215,0.29346,0.29741,0.29741,0.29018,-0.00123,0.00008,0.00568,0.00008,0.00272,-55.35995,-154.00000
0.62072,0.62171,0.62072,0.62467,0.62302,0.29182,0.29314,0.29281,0.29445,0.29050,0.00008,0.00140,0.00008,0.00206,-0.00255,-55.35995,-153.00000
0.62401,0.62138,0.62006,0.62368,0.62039,0.29511,0.29116,0.29346,0.29544,0.29149,-0.00222,0.00041,0.00370,-0.00090,0.00107,-55.17509,-152.00000
0.62500,0.62335,0.63059,0.62467,0.62204,0.29281,0.29182,0.29215,0.29544,0.29215,0.00337,0.00107,0.00206,0.00173,0.00074,-55.17509,-151.00000
0.61941,0.62467,0.61875,0.62697,0.62269,0.29708,0.29346,0.29149,0.29314,0.30070,-0.00485,0.00008,0.00107,-0.00090,0.00173,-55.56850,-150.00000
0.62467,0.62204,0.62598,0.62500,0.62566,0.29281,0.29314,0.29116,0.29445,0.28985,-0.00156,0.00173,0.00041,0.00041,-0.00025,-55.56850,-149.00000
0.62697,0.62434,0.62467,0.62467,0.62335,0.29215,0.29149,0.29379,0.29182,0.29774,-0.00288,-0.00255,0.00008,0.00206,0.00107,-55.69929,-148.00000
0.62960,0.62039,0.61973,0.62862,0.62763,0.29610,0.29445,0.29215,0.28820,0.28952,0.00074,-0.00025,-0.00123,0.00535,-0.00057,-55.69929,-147.00000
0.63125,0.62302,0.63026,0.62664,0.62566,0.29215,0.29116,0.29544,0.28985,0.29215,-0.00222,-0.00090,-0.00090,-0.00025,-0.00090,-55.62064,-146.00000
0.63158,0.62368,0.63026,0.62697,0.63158,0.29544,0.29050,0.29215,0.29215,0.29050,-0.00321,0.00239,-0.00222,-0.00189,-0.00025,-55.62064,-145.00000
0.62763,0.62631,0.62598,0.62862,0.62566,0.29610,0.29182,0.29215,0.29314,0.29346,-0.00255,-0.00123,0.00008,0.00206,0.00008,-55.80837,-144.00000
0.62302,0.63125,0.63092,0.62960,0.62862,0.28623,0.29379,0.29346,0.29412,0.29445,0.00206,-0.00222,0.00140,0.00173,0.00074,-55.80837,-143.00000
0.63190,0.62862,0.62894,0.62598,0.62434,0.29314,0.29478,0.29281,0.29182,0.29445,-0.00057,0.00041,-0.00090,-0.00057,0.00304,-55.19422,-142.00000
0.62796,0.62598,0.62993,0.62697,0.62566,0.29642,0.29116,0.29610,0.29248,0.29478,-0.00057,-0.00123,0.00107,0.00008,-0.00123,-55.19422,-141.00000
0.62960,0.63026,0.62927,0.62796,0.63223,0.29379,0.29478,0.29445,0.29840,0.29248,-0.00057,0.00008,-0.00353,0.00173,-0.00057,-55.64643,-140.00000
0.62664,0.62829,0.62533,0.62862,0.63454,0.29379,0.29248,0.28985,0.29083,0.29281,0.00370,0.00272,0.00074,0.00074,0.00107,-55.64643,-139.00000
0.63322,0.63026,0.63454,0.63355,0.63684,0.29445,0.28985,0.29938,0.29281,0.29445,-0.00025,-0.00090,0.00074,0.00206,-0.00386,-55.41355,-138.00000
0.63059,0.63815,0.63618,0.63092,0.62960,0.29379,0.29182,0.29708,0.28886,0.29511,-0.00090,0.00074,0.00304,-0.00255,0.00239,-55.41355,-137.00000
0.62960,0.63421,0.63026,0.62730,0.62960,0.29149,0.29314,0.29281,0.29577,0.29281,-0.00090,0.00107,0.00008,0.00370,-0.00222,-54.98705,-136.00000
0.63717,0.63092,0.63092,0.63585,0.63881,0.29840,0.29281,0.29412,0.29281,0.29149,0.00041,-0.00025,-0.00255,-0.00222,-0.00288,-54.98705,-135.00000
0.63355,0.63618,0.63750,0.63980,0.64046,0.29314,0.29215,0.29379,0.29642,0.29412,0.00239,0.00304,-0.00123,0.00403,0.00173,-55.44030,-134.00000
0.63552,0.63815,0.64210,0.63454,0.64144,0.29018,0.28952,0.29511,0.29248,0.29412,0.00074,0.00633,-0.00156,-0.00156,0.00074,-55.44030,-133.00000
0.63782,0.63651,0.64046,0.64506,0.63947,0.29379,0.29281,0.29149,0.29182,0.29412,0.00173,0.00008,-0.00353,-0.00025,0.00337,-55.93548,-132.00000
0.64111,0.63486,0.64144,0.63980,0.64309,0.29610,0.29642,0.29741,0.29445,0.29478,-0.00189,0.00041,0.00173,0.00370,-0.00057,-55.93548,-131.00000
0.64177,0.64013,0.64177,0.64506,0.64309,0.29642,0.29577,0.29182,0.29149,0.29577,-0.00321,0.00008,0.00074,0.00074,0.00239,-55.97067,-130.00000
0.64342,0.64111,0.63848,0.64177,0.64177,0.30004,0.29774,0.29346,0.29577,0.29314,0.00074,-0.00057,-0.00222,-0.00189,0.00008,-55.97067,-129.00000
0.64276,0.63914,0.63782,0.64572,0.63717,0.29412,0.29379,0.29577,0.29445,0.29445,-0.00057,0.00304,-0.00189,0.00041,0.00239,-55.81248,-128.00000
0.63980,0.63881,0.64276,0.64473,0.64769,0.29511,0.29346,0.29215,0.29346,0.30300,0.00370,-0.00156,0.00272,0.00173,0.00239,-55.81248,-127.00000
0.64243,0.63980,0.64802,0.64309,0.64046,0.29412,0.29642,0.29281,0.29281,0.29018,-0.00189,-0.00255,0.00107,0.00008,0.00239,-55.40136,-126.00000
0.64342,0.63782,0.64736,0.65460,0.64572,0.29248,0.29346,0.29511,0.28919,0.29478,0.00008,0.00041,-0.00025,0.00107,0.00370,-55.40136,-125.00000
0.64539,0.64276,0.63881,0.64769,0.64374,0.29083,0.29281,0.29248,0.29412,0.29314,-0.00123,-0.00123,0.00041,-0.00123,-0.00485,-55.95263,-124.00000
0.64210,0.64802,0.64572,0.63717,0.64670,0.29478,0.29511,0.29281,0.29511,0.29873,0.00239,0.00107,-0.00057,-0.00025,-0.00090,-55.95263,-123.00000
0.64374,0.64539,0.64835,0.64670,0.64670,0.29215,0.29215,0.29642,0.29346,0.29379,0.00074,-0.00123,0.00140,0.00140,0.00173,-55.98901,-122.00000
0.65164,0.64374,0.64013,0.64572,0.64999,0.29281,0.29544,0.29116,0.29314,0.29149,-0.00123,-0.00353,0.00239,0.00337,-0.00156,-55.98901,-121.00000
0.64407,0.64901,0.64539,0.64342,0.64342,0.29478,0.29675,0.29116,0.29445,0.29610,-0.00353,0.00008,0.00239,0.00041,-0.00288,-55.90710,-120.00000
0.64638,0.64605,0.64243,0.65460,0.64309,0.29741,0.29083,0.29708,0.29412,0.29314,-0.00057,-0.00025,0.00107,0.00041,0.00140,-55.90710,-119.00000
0.64999,0.65032,0.65164,0.64572,0.64309,0.29445,0.29577,0.29281,0.29642,0.29741,0.00173,0.00074,0.00173,0.00041,-0.00222,-56.18597,-118.00000
0.64670,0.64539,0.65032,0.65361,0.64539,0.29314,0.29314,0.29281,0.29346,0.29346,0.00074,0.00699,0.00206,0.00008,-0.00222,-56.18597,-117.00000
0.63980,0.64736,0.65164,0.65230,0.64901,0.29379,0.29610,0.29412,0.29050,0.29840,-0.00353,0.00041,0.00074,0.00206,0.00370,-55.52219,-116.00000
0.65197,0.64736,0.65197,0.65164,0.65361,0.29906,0.29577,0.29248,0.29412,0.28985,0.00074,0.00272,0.00008,0.00041,-0.00222,-55.52219,-115.00000
0.65164,0.64802,0.65131,0.65065,0.65032,0.29346,0.29149,0.29544,0.29445,0.29511,-0.00288,-0.00057,0.00107,-0.00222,0.00074,-55.16588,-114.00000
0.65164,0.64802,0.64802,0.65460,0.64605,0.29478,0.29445,0.29116,0.29248,0.29215,-0.00123,0.00107,-0.00123,-0.00090,0.00469,-55.16588,-113.00000
0.65131,0.65460,0.64473,0.64966,0.65131,0.29314,0.28985,0.29708,0.29379,0.29314,0.00107,0.00304,-0.00222,-0.00156,0.00041,-55.25140,-112.00000
0.65493,0.65723,0.65065,0.65065,0.65328,0.29281,0.29050,0.29182,0.29182,0.28985,0.00041,0.00370,-0.00485,0.00370,0.00041,-55.25140,-111.00000
0.64901,0.64769,0.64868,0.65394,0.64605,0.29149,0.29511,0.29511,0.29840,0.29248,-0.00353,-0.00123,0.00206,0.00206,-0.00090,-55.72873,-110.00000
0.65262,0.64999,0.65032,0.65361,0.64966,0.29215,0.29083,0.29314,0.29544,0.29314,-0.00025,0.00173,0.00239,0.00173,0.00041,-55.72873,-109.00000
0.65690,0.65591,0.64539,0.65361,0.65624,0.29281,0.29050,0.29379,0.29314,0.29379,-0.00321,0.00206,-0.00025,0.00304,-0.00025,-55.45958,-108.00000
0.64736,0.65328,0.65098,0.65559,0.65493,0.29215,0.29050,0.29281,0.29478,0.29346,0.00107,-0.00057,0.00173,0.00008,-0.00025,-55.45958,-107.00000
0.65065,0.65591,0.65065,0.65098,0.65197,0.29379,0.29478,0.28886,0.29215,0.29544,-0.00025,-0.00057,0.00008,0.00304,-0.00386,-55.85235,-106.00000
0.65493,0.65822,0.65295,0.65526,0.66019,0.29642,0.29346,0.29215,0.29478,0.29149,0.00140,0.00041,0.00272,0.00502,-0.00321,-55.85235,-105.00000
0.65164,0.65591,0.64934,0.65756,0.65690,0.29281,0.29511,0.29379,0.29478,0.29346,-0.00189,0.00107,0.00041,0.00107,-0.00090,-55.27237,-104.00000
0.65427,0.65065,0.65526,0.65197,0.66118,0.29182,0.29314,0.29346,0.29149,0.29281,0.00337,-0.00222,-0.00255,0.00436,0.00140,-55.27237,-103.00000
0.65098,0.66019,0.65230,0.65822,0.65855,0.29248,0.29281,0.28754,0.29642,0.29511,-0.00288,-0.00189,0.00206,-0.00123,0.00008,-55.03120,-102.00000
0.65657,0.66512,0.65591,0.65822,0.65295,0.29215,0.29412,0.29314,0.29379,0.29314,-0.00189,0.00107,0.00041,0.00140,-0.00189,-55.03120,-101.00000
0.65953,0.65559,0.65723,0.65591,0.65559,0.29050,0.29511,0.29149,0.29346,0.29182,-0.00025,-0.00123,0.00041,-0.00123,-0.00321,-55.67478,-100.00000
0.65855,0.65591,0.65328,0.66052,0.64966,0.29281,0.29314,0.29412,0.29083,0.29478,-0.00123,0.00304,0.00272,-0.00090,-0.00222,-55.67478,-99.00000
0.65789,0.65690,0.65986,0.65493,0.65295,0.29445,0.29478,0.29412,0.29577,0.29182,0.00239,0.00272,0.00008,0.00041,-0.00189,-54.82958,-98.00000
0.65361,0.64966,0.65986,0.65953,0.66348,0.29149,0.29577,0.28985,0.29149,0.29478,0.00173,0.00041,0.00206,0.00074,0.00239,-54.82958,-97.00000
0.66249,0.66249,0.65526,0.66183,0.65986,0.29675,0.29379,0.29281,0.28820,0.29412,0.00041,-0.00057,0.00370,-0.00156,0.00173,-56.22094,-96.00000
0.65855,0.65855,0.65953,0.65822,0.66414,0.29215,0.29248,0.29182,0.29478,0.29478,-0.00025,0.00074,0.00239,0.00008,-0.00025,-56.22094,-95.00000
0.66808,0.65855,0.66052,0.66282,0.66414,0.29281,0.29478,0.29116,0.28952,0.29215,-0.00057,0.00008,0.00436,0.00173,0.00008,-56.24524,-94.00000
0.65591,0.65953,0.67104,0.66479,0.65526,0.29346,0.29577,0.28985,0.29511,0.29544,0.00041,0.00041,0.00206,-0.00090,0.00041,-56.24524,-93.00000
0.66151,0.65789,0.65953,0.66447,0.66578,0.29938,0.29642,0.29478,0.29840,0.29412,0.00041,-0.00386,0.00272,-0.00025,0.00403,-56.13043,-92.00000
0.66183,0.66479,0.65855,0.66315,0.66907,0.29511,0.29544,0.29445,0.29642,0.29379,-0.00025,0.00140,0.00304,0.00008,-0.00123,-56.13043,-91.00000
0.66216,0.66151,0.66151,0.66414,0.65855,0.29807,0.29675,0.29182,0.28853,0.29248,-0.00189,0.00008,0.00337,-0.00025,0.00173,-55.84842,-90.00000
0.66183,0.66315,0.65624,0.66249,0.66743,0.29675,0.29675,0.29511,0.29577,0.29281,-0.00025,0.00206,0.00140,-0.00057,-0.00189,-55.84842,-89.00000
0.66249,0.66249,0.66019,0.66085,0.66743,0.29708,0.29314,0.29379,0.29675,0.29379,0.00041,0.00337,-0.00321,0.00107,0.00173,-55.90272,-88.00000
0.66282,0.66216,0.66249,0.66940,0.66545,0.29314,0.29182,0.29610,0.29281,0.29050,-0.00090,-0.00156,-0.00057,-0.00090,-0.00485,-55.90272,-87.00000
0.66282,0.66743,0.66512,0.66710,0.66710,0.29675,0.29215,0.29248,0.29248,0.28820,0.00239,0.00140,-0.00057,0.00008,-0.00025,-56.65498,-86.00000
0.66249,0.66183,0.66644,0.66545,0.66282,0.29511,0.29577,0.29248,0.29346,0.29708,-0.00419,0.00239,0.00173,0.00239,-0.00255,-56.65498,-85.00000
0.66644,0.67170,0.66512,0.66282,0.66249,0.29182,0.29281,0.29182,0.29050,0.29741,0.00206,0.00173,0.00370,-0.00288,-0.00485,-56.07651,-84.00000
0.66118,0.66414,0.66710,0.66808,0.66611,0.29445,0.29182,0.29149,0.29083,0.29379,0.00173,0.00304,-0.00255,-0.00189,0.00206,-56.07651,-83.00000
0.66710,0.67039,0.66447,0.66710,0.66743,0.29675,0.29281,0.29511,0.28952,0.29281,-0.00156,0.00008,0.00041,-0.00025,0.00568,-56.59783,-82.00000
0.66052,0.66775,0.66348,0.66578,0.66447,0.28886,0.29379,0.29412,0.29511,0.29215,-0.00288,-0.00189,-0.00025,0.00272,0.00239,-56.59783,-81.00000
0.66808,0.65953,0.65887,0.66743,0.67006,0.29314,0.29248,0.28853,0.29116,0.29116,0.00008,0.00206,0.00272,0.00370,0.00403,-56.59725,-80.00000
0.66249,0.66479,0.66775,0.66578,0.67006,0.28754,0.29050,0.28787,0.29182,0.29182,-0.00452,0.00008,-0.00353,-0.00057,0.00008,-56.59725,-79.00000
0.66578,0.67236,0.66710,0.66907,0.66808,0.29116,0.29544,0.28623,0.29182,0.29083,0.00107,0.00173,0.00074,0.00239,0.00041,-56.78007,-78.00000
0.66775,0.66644,0.66907,0.67400,0.67170,0.29050,0.29511,0.29807,0.29182,0.29083,0.00140,0.00173,-0.00090,-0.00025,-0.00485,-56.78007,-77.00000
0.67236,0.66940,0.66578,0.67598,0.66019,0.29050,0.29314,0.29511,0.29379,0.28820,-0.00288,-0.00156,0.00304,0.00074,0.00173,-56.31484,-76.00000
0.66841,0.66414,0.66808,0.66414,0.67071,0.28919,0.29379,0.29018,0.29675,0.29577,-0.00353,-0.00123,0.00008,0.00041,-0.00255,-56.31484,-75.00000
0.67433,0.67170,0.67039,0.66710,0.66973,0.29018,0.29675,0.29412,0.28919,0.29346,0.00008,-0.00090,0.00008,0.00403,-0.00485,-56.22139,-74.00000
0.66808,0.67335,0.66775,0.66940,0.66710,0.29083,0.29281,0.29281,0.29544,0.29215,-0.00025,0.00107,0.00304,-0.00156,0.00140,-56.22139,-73.00000
0.66545,0.67565,0.66940,0.67006,0.66907,0.29149,0.29741,0.29478,0.29281,0.29149,-0.00156,0.00041,0.00206,0.00074,0.00140,-56.01597,-72.00000
0.67006,0.67236,0.66644,0.66743,0.66973,0.29281,0.29182,0.29346,0.29938,0.29412,0.00140,0.00008,0.00337,-0.00025,0.00107,-56.01597,-71.00000
0.67565,0.67302,0.67828,0.67104,0.67335,0.29346,0.29314,0.29314,0.29675,0.29511,-0.00057,-0.00090,-0.00090,-0.00025,-0.00156,-57.12664,-70.00000
0.67499,0.66808,0.67433,0.67006,0.66940,0.29675,0.29511,0.28985,0.29182,0.29412,0.00173,0.00008,0.00403,-0.00255,0.00140,-57.12664,-69.00000
0.67532,0.67400,0.67137,0.67335,0.67631,0.29478,0.29314,0.28886,0.28919,0.29577,-0.00057,-0.00321,0.00074,-0.00025,-0.00025,-56.96176,-68.00000
0.68223,0.66874,0.67598,0.67433,0.67006,0.29215,0.29050,0.29281,0.28787,0.28722,0.00337,0.00173,-0.00025,0.00107,0.00041,-56.96176,-67.00000
0.67006,0.67828,0.67598,0.67499,0.67302,0.29478,0.29577,0.29149,0.29149,0.29083,0.00008,-0.00057,-0.00353,0.00008,0.00337,-56.30803,-66.00000
0.67532,0.66907,0.67137,0.68091,0.67598,0.29314,0.29642,0.29544,0.29281,0.29873,0.00041,0.00370,-0.00057,-0.00025,0.00140,-56.30803,-65.00000
0.67104,0.67992,0.67992,0.67565,0.67499,0.29149,0.29511,0.29116,0.29314,0.29741,0.00206,0.00008,-0.00123,0.00008,-0.00321,-55.50753,-64.00000
0.67762,0.67696,0.67499,0.67433,0.67927,0.29182,0.29412,0.29412,0.29314,0.29544,-0.00288,-0.00123,-0.00025,0.00008,0.00041,-55.50753,-63.00000
0.67795,0.67729,0.67400,0.67565,0.67598,0.29248,0.29314,0.29379,0.29215,0.30004,-0.00255,-0.00189,-0.00222,0.00370,0.00337,-55.49546,-62.00000
0.67729,0.67762,0.67565,0.67565,0.67466,0.29511,0.29182,0.28919,0.29708,0.29346,0.00008,-0.00025,0.00173,0.00239,0.00107,-55.49546,-61.00000
0.67565,0.67466,0.67762,0.68124,0.67466,0.29248,0.29182,0.29281,0.28919,0.29873,-0.00025,0.00041,0.00074,0.00008,-0.00222,-55.81414,-60.00000
0.67729,0.67894,0.67894,0.67236,0.67729,0.29445,0.29215,0.29346,0.29445,0.29281,0.00337,0.00140,0.00206,0.00074,-0.00123,-55.81414,-59.00000
0.67861,0.67894,0.68091,0.67927,0.67400,0.29083,0.29083,0.29050,0.28853,0.29248,-0.00057,0.00206,-0.00222,-0.00123,-0.00025,-56.00521,-58.00000
0.67104,0.67762,0.68387,0.68321,0.67006,0.29149,0.29445,0.29314,0.28787,0.29083,0.00173,0.00074,-0.00123,0.00008,0.00041,-56.00521,-57.00000
0.68025,0.68584,0.67959,0.67992,0.68190,0.29248,0.29478,0.29445,0.29346,0.29281,-0.00025,0.00337,0.00074,-0.00057,0.00041,-55.63933,-56.00000
0.68354,0.68025,0.67959,0.67729,0.67992,0.29610,0.29675,0.29445,0.29248,0.29314,-0.00090,-0.00288,0.00140,0.00239,0.00370,-55.63933,-55.00000
0.67992,0.67466,0.67959,0.68223,0.68124,0.29346,0.29346,0.29314,0.29346,0.29083,0.00074,0.00206,-0.00189,0.00403,0.00008,-55.91292,-54.00000
0.67696,0.67466,0.68650,0.68913,0.68420,0.29116,0.28787,0.28985,0.29511,0.29149,-0.00123,-0.00090,0.00107,0.00140,-0.00452,-55.91292,-53.00000
0.67828,0.67828,0.68354,0.68420,0.67992,0.29215,0.29083,0.28623,0.29610,0.29412,-0.00321,-0.00255,0.00173,0.00140,0.00436,-55.44670,-52.00000
0.68617,0.67861,0.67828,0.68025,0.68124,0.29544,0.29346,0.29215,0.29544,0.28919,0.00107,0.00304,0.00107,-0.00551,0.00370,-55.44670,-51.00000
0.68650,0.67861,0.67466,0.67894,0.67795,0.29050,0.28985,0.29083,0.29379,0.29478,-0.00255,0.00140,0.00140,0.00140,-0.00452,-55.59200,-50.00000
0.68354,0.68650,0.67828,0.68486,0.68420,0.29314,0.28886,0.29215,0.29116,0.29346,-0.00090,0.00107,-0.00156,0.00107,-0.00090,-55.59200,-49.00000
0.68420,0.67894,0.68354,0.68091,0.67696,0.29610,0.29314,0.29182,0.29182,0.29018,0.00304,-0.00255,0.00239,-0.00090,0.00107,-55.91856,-48.00000
0.68354,0.68256,0.68288,0.67894,0.68157,0.29215,0.29248,0.29149,0.29379,0.29577,-0.00025,0.00206,0.00107,-0.00057,-0.00222,-55.91856,-47.00000
0.67631,0.68453,0.68157,0.68815,0.67959,0.29511,0.28985,0.29215,0.29544,0.29314,0.00140,0.00239,0.00304,-0.00025,-0.00057,-56.39190,-46.00000
0.67729,0.67631,0.68552,0.68288,0.68453,0.29248,0.29215,0.28985,0.29314,0.29281,-0.00321,0.00206,0.00173,0.00008,-0.00189,-56.39190,-45.00000
0.68354,0.68453,0.68256,0.67959,0.68913,0.29412,0.29412,0.28919,0.29577,0.29379,-0.00386,0.00140,0.00107,0.00041,-0.00025,-56.47720,-44.00000
0.68584,0.68354,0.68354,0.68387,0.68354,0.29281,0.29478,0.29314,0.29314,0.29083,0.00041,-0.00057,-0.00123,0.00008,0.00206,-56.47720,-43.00000
0.68617,0.68190,0.67927,0.67959,0.67795,0.29050,0.29281,0.29412,0.29675,0.29346,0.00173,0.00041,-0.00123,-0.00321,0.00074,-56.08040,-42.00000
0.68321,0.68058,0.67992,0.68157,0.68288,0.29379,0.29412,0.29478,0.29807,0.28952,0.00370,0.00436,0.00140,-0.00057,-0.00025,-56.08040,-41.00000
0.68190,0.68716,0.69012,0.68584,0.68519,0.29149,0.29248,0.29412,0.29379,0.29675,-0.00025,0.00633,0.00272,0.00074,-0.00156,-55.97965,-40.00000
0.68486,0.68519,0.68321,0.68288,0.68124,0.29412,0.29610,0.29314,0.29544,0.29248,0.00206,0.00436,-0.00057,-0.00025,-0.00123,-55.97965,-39.00000
0.67927,0.68815,0.67959,0.68848,0.67927,0.29379,0.29577,0.29314,0.29544,0.29182,-0.00123,-0.00057,-0.00189,0.00140,0.00173,-56.08065,-38.00000
0.67598,0.67992,0.68453,0.67992,0.68486,0.29412,0.29215,0.29083,0.29182,0.29182,-0.00156,0.00304,0.00008,0.00107,0.00173,-56.08065,-37.00000
0.68486,0.67861,0.68124,0.68190,0.68552,0.29379,0.28623,0.29675,0.29149,0.28689,-0.00386,0.00107,0.00206,0.00140,0.00535,-55.91630,-36.00000
0.68387,0.67762,0.67959,0.68288,0.67894,0.29182,0.29577,0.29379,0.29379,0.29116,0.00140,0.00074,0.00074,-0.00222,-0.00353,-55.91630,-35.00000
0.68683,0.68584,0.68190,0.68420,0.68288,0.29182,0.29018,0.29083,0.29445,0.29281,0.00107,-0.00189,0.00107,0.00140,0.00502,-55.66567,-34.00000
0.67992,0.68617,0.68749,0.68913,0.68683,0.28820,0.29018,0.29544,0.29906,0.28886,-0.00222,0.00304,0.00041,-0.00123,0.00239,-55.66567,-33.00000
0.68124,0.68552,0.68617,0.68782,0.68519,0.29379,0.29314,0.29675,0.29248,0.29248,0.00107,0.00206,-0.00057,0.00074,-0.00025,-55.43537,-32.00000
0.68420,0.68815,0.67927,0.69440,0.68256,0.29577,0.29314,0.28754,0.29149,0.29412,0.00140,0.00041,-0.00156,-0.00057,-0.00617,-55.43537,-31.00000
0.67992,0.68913,0.67927,0.68552,0.68617,0.28754,0.28919,0.29149,0.29050,0.29149,0.00107,0.00107,0.00272,0.00206,-0.00025,-56.09659,-30.00000
0.68519,0.68321,0.67927,0.69045,0.68552,0.29116,0.28853,0.28886,0.28787,0.29346,0.00206,-0.00057,0.00272,-0.00419,-0.00090,-56.09659,-29.00000
0.69078,0.68782,0.69078,0.68519,0.68519,0.29544,0.29248,0.28952,0.29708,0.29018,0.00041,-0.00321,0.00206,0.00206,-0.00025,-55.87544,-28.00000
0.69209,0.68617,0.69111,0.68354,0.69078,0.29281,0.29050,0.29281,0.28787,0.28820,0.00140,0.00140,0.00074,0.00008,-0.00321,-55.87544,-27.00000
0.68519,0.69374,0.68946,0.68683,0.68420,0.29314,0.29281,0.29379,0.29149,0.29346,-0.00090,0.00107,0.00173,-0.00452,0.00568,-56.04807,-26.00000
0.68058,0.68584,0.68880,0.68913,0.68256,0.29083,0.29379,0.29708,0.29346,0.28919,0.00107,0.00272,0.00337,-0.00057,-0.00156,-56.04807,-25.00000
0.68650,0.69341,0.68913,0.68617,0.68716,0.29577,0.29083,0.29544,0.29708,0.29379,0.00436,0.00140,-0.00057,0.00304,0.00074,-55.77794,-24.00000
0.69505,0.68321,0.68716,0.69275,0.68223,0.29675,0.29018,0.28952,0.29346,0.28919,0.00107,0.00304,0.00041,-0.00090,0.00173,-55.77794,-23.00000
0.68749,0.69933,0.68584,0.68288,0.68091,0.29215,0.28985,0.29577,0.29314,0.29478,0.00272,0.00107,-0.00090,0.00403,-0.00255,-55.07891,-22.00000
0.69209,0.68387,0.69209,0.69209,0.69111,0.29281,0.29248,0.29149,0.29610,0.29379,0.00140,-0.00123,0.00272,-0.00057,0.00041,-55.07891,-21.00000
0.68848,0.69176,0.69144,0.69012,0.68617,0.29314,0.29577,0.28754,0.28886,0.29478,0.00074,0.00074,0.00272,0.00074,0.00272,-55.59854,-20.00000
0.68815,0.69045,0.68782,0.69045,0.69242,0.29445,0.29083,0.29050,0.29577,0.29346,0.00304,0.00074,0.00041,0.00206,-0.00156,-55.59854,-19.00000
0.68650,0.69012,0.68617,0.68979,0.69407,0.29412,0.29346,0.29281,0.28491,0.29314,-0.00057,0.00140,0.00041,0.00568,0.00272,-55.25777,-18.00000
0.69637,0.68880,0.69407,0.69209,0.69144,0.29281,0.29610,0.29248,0.29182,0.29675,0.00107,-0.00025,-0.00057,-0.00123,-0.00090,-55.25777,-17.00000
0.68979,0.68913,0.68913,0.69999,0.69374,0.29314,0.29281,0.29182,0.29478,0.29182,-0.00090,-0.00123,-0.00090,0.00140,0.00140,-55.07029,-16.00000
0.68749,0.68552,0.68716,0.68552,0.68749,0.28952,0.29478,0.29281,0.29248,0.29149,0.00173,0.00041,-0.00156,-0.00025,0.00008,-55.07029,-15.00000
0.69012,0.68848,0.68617,0.68552,0.69012,0.29248,0.29642,0.29083,0.29511,0.29445,-0.00057,-0.00057,0.00074,0.00107,0.00008,-55.48680,-14.00000
0.69637,0.69242,0.68650,0.68683,0.68716,0.29511,0.29248,0.29248,0.29314,0.29281,0.00206,-0.00057,0.00074,0.00469,-0.00321,-55.48680,-13.00000
0.68420,0.69144,0.68650,0.69111,0.69144,0.28820,0.28820,0.29511,0.29478,0.29379,0.00041,0.00008,-0.00156,0.00041,-0.00090,-56.06616,-12.00000
0.69341,0.69111,0.69176,0.68716,0.69703,0.29281,0.29215,0.28886,0.29149,0.29445,-0.00123,-0.00025,0.00535,-0.00025,-0.00353,-56.06616,-11.00000
0.68880,0.68716,0.68979,0.69144,0.69341,0.29281,0.29379,0.29314,0.28787,0.29050,0.00370,0.00107,0.00272,0.00469,0.00041,-55.26452,-10.00000
0.69078,0.68584,0.69440,0.68815,0.69472,0.29281,0.29314,0.29346,0.29511,0.29478,0.00239,0.00107,0.00469,0.00337,0.00239,-55.26452,-9.00000
0.69144,0.69407,0.69144,0.68913,0.69275,0.29149,0.29346,0.29281,0.28722,0.29314,-0.00090,-0.00090,0.00337,0.00206,0.00173,-56.25775,-8.00000
0.69407,0.69111,0.69407,0.69176,0.69275,0.29314,0.29215,0.28985,0.29281,0.28985,0.00272,0.00337,0.00206,0.00041,0.00140,-56.25775,-7.00000
0.69144,0.68815,0.68979,0.69242,0.69374,0.28952,0.29116,0.29116,0.29281,0.29281,0.00239,0.00140,0.00370,0.00041,0.00403,-56.14645,-6.00000
0.68913,0.69078,0.69242,0.69275,0.69209,0.29412,0.29281,0.29511,0.29248,0.29018,-0.00518,0.00206,0.00239,-0.00222,-0.00057,-56.14645,-5.00000
0.69045,0.69538,0.69538,0.69209,0.68880,0.29708,0.29116,0.29116,0.29511,0.28886,0.00239,0.00337,-0.00156,-0.00090,-0.00156,-54.46727,-4.00000
0.69012,0.68979,0.69505,0.69242,0.69176,0.29511,0.29116,0.29116,0.29182,0.29116,0.00107,-0.00057,-0.00353,-0.00057,-0.00452,-54.46727,-3.00000
0.68979,0.69374,0.69801,0.68354,0.68979,0.29281,0.29281,0.29182,0.29215,0.29281,0.00337,-0.00222,-0.00189,0.00173,0.00041,-54.67504,-2.00000
0.69933,0.69834,0.69176,0.69571,0.69440,0.29544,0.29182,0.29807,0.29379,0.29577,0.00107,0.00107,-0.00057,-0.00025,-0.00057,-54.67504,-1.00000
0.69242,0.69933,0.69209,0.69045,0.69341,0.29642,0.29642,0.29379,0.29544,0.29314,-0.00189,0.00107,-0.00090,-0.00123,0.00107,-53.24572,0.00000
0.69472,0.69407,0.69176,0.69242,0.69275,0.29182,0.29642,0.29379,0.29445,0.29445,0.00206,-0.00189,-0.00321,-0.00189,-0.00156,-53.24572,1.00000
0.69374,0.69242,0.69275,0.69440,0.69670,0.29149,0.28919,0.28985,0.28886,0.29116,0.00173,-0.00025,0.00107,0.00206,-0.00090,-53.05597,2.00000
0.69933,0.69045,0.69144,0.69571,0.69867,0.29314,0.29182,0.29412,0.29182,0.29215,-0.00189,0.00206,-0.00090,0.00107,0.00008,-53.05597,3.00000
0.69966,0.69144,0.68880,0.69341,0.69341,0.29215,0.29412,0.29346,0.29083,0.28886,-0.00189,0.00239,-0.00156,0.00140,0.00304,-53.35171,4.00000
0.70097,0.69867,0.69703,0.69538,0.69538,0.29511,0.29050,0.29248,0.29281,0.28820,0.00206,0.00173,0.00140,0.00239,-0.00123,-53.35171,5.00000
0.69308,0.69472,0.69604,0.69736,0.69670,0.28853,0.29215,0.28853,0.29478,0.29314,0.00140,-0.00156,0.00140,0.00173,0.00041,-54.21004,6.00000
0.69736,0.69966,0.70360,0.69407,0.69505,0.29281,0.29642,0.29544,0.29511,0.29577,0.00206,-0.00057,-0.00025,0.00008,-0.00255,-54.21004,7.00000
0.69670,0.69407,0.69801,0.69801,0.69308,0.29379,0.28985,0.29215,0.29642,0.29577,-0.00255,-0.00222,-0.00321,0.00041,0.00008,-54.49760,8.00000
0.70097,0.69604,0.69538,0.69341,0.69571,0.29116,0.28886,0.29741,0.28919,0.29577,-0.00057,-0.00090,0.00074,0.00173,-0.00123,-54.49760,9.00000
0.69768,0.69900,0.69703,0.70163,0.69341,0.29149,0.29412,0.29281,0.29314,0.29116,0.00074,0.00173,0.00008,0.00041,0.00041,-55.47634,10.00000
0.69768,0.69604,0.70097,0.69801,0.69407,0.29346,0.29379,0.29215,0.29346,0.29445,0.00272,0.00206,0.00206,0.00074,-0.00025,-55.47634,11.00000
0.69275,0.70426,0.69144,0.69374,0.70196,0.29149,0.29577,0.29412,0.29445,0.29281,-0.00057,0.00535,0.00074,0.00008,0.00074,-55.32362,12.00000
0.69900,0.69571,0.70097,0.70097,0.69505,0.29346,0.29577,0.29610,0.29018,0.29610,0.00370,0.00436,0.00206,-0.00123,0.00107,-55.32362,13.00000
0.70393,0.69144,0.69834,0.70393,0.70032,0.29642,0.29642,0.29741,0.28985,0.29774,-0.00057,0.00272,0.00074,-0.00189,-0.00123,-54.89814,14.00000
0.69209,0.69308,0.70130,0.69703,0.69736,0.29182,0.29445,0.28952,0.29215,0.28919,0.00008,-0.00123,0.00206,0.00173,0.00239,-54.89814,15.00000
0.69604,0.70262,0.70262,0.69374,0.69768,0.28919,0.29281,0.29642,0.29215,0.29083,-0.00123,0.00041,0.00140,-0.00419,0.00140,-55.10288,16.00000
0.69933,0.70163,0.69571,0.69768,0.69736,0.29248,0.29642,0.29807,0.29116,0.29544,0.00173,0.00173,0.00041,-0.00189,-0.00353,-55.10288,17.00000
0.69670,0.69703,0.69472,0.70393,0.69867,0.29544,0.29675,0.29248,0.29741,0.29412,-0.00288,0.00041,-0.00156,-0.00090,0.00041,-54.87077,18.00000
0.69801,0.69801,0.69407,0.69867,0.69834,0.29215,0.28689,0.29346,0.29675,0.29314,-0.00321,0.00041,0.00107,-0.00123,0.00173,-54.87077,19.00000
0.70295,0.69768,0.69440,0.69637,0.69670,0.28985,0.29116,0.29314,0.28919,0.28886,-0.00321,-0.00321,-0.00288,0.00337,-0.00090,-55.77035,20.00000
0.69604,0.69999,0.69966,0.69472,0.70097,0.29116,0.29018,0.29346,0.29116,0.29182,-0.00353,0.00206,0.00074,-0.00025,-0.00123,-55.77035,21.00000
0.69144,0.70032,0.69768,0.70064,0.69867,0.29083,0.28754,0.29346,0.29642,0.29577,-0.00090,0.00008,-0.00025,0.00272,0.00140,-55.62443,22.00000
0.70032,0.69538,0.70295,0.69867,0.69801,0.29511,0.29478,0.29215,0.29215,0.29149,-0.00189,-0.00090,0.00107,0.00008,-0.00189,-55.62443,23.00000
0.69834,0.69834,0.70163,0.70064,0.70229,0.29281,0.29281,0.29577,0.28722,0.29281,-0.00057,-0.00057,-0.00123,0.00140,0.00008,-55.80782,24.00000
0.69505,0.69966,0.70130,0.69440,0.70788,0.28853,0.29544,0.29215,0.29182,0.29083,0.00074,0.00272,0.00107,0.00008,-0.00090,-55.80782,25.00000
0.70064,0.70426,0.69999,0.70196,0.70295,0.29511,0.29346,0.29675,0.29215,0.29281,0.00173,-0.00025,-0.00222,0.00633,0.00041,-55.76036,26.00000
0.70229,0.70229,0.69933,0.69703,0.69834,0.29379,0.29346,0.29346,0.29281,0.29314,-0.00255,-0.00156,-0.00321,0.00041,0.00074,-55.76036,27.00000
0.69768,0.70558,0.69801,0.69703,0.70459,0.29281,0.29314,0.29642,0.29215,0.29346,0.00239,0.00008,0.00304,-0.00090,-0.00123,-56.14190,28.00000
0.69834,0.71018,0.70064,0.69308,0.70163,0.29577,0.29379,0.28919,0.29741,0.29248,-0.00090,-0.00090,0.00008,0.00074,0.00403,-56.14190,29.00000
0.70163,0.70064,0.70854,0.69604,0.70295,0.29281,0.29346,0.29116,0.28919,0.29511,0.00436,-0.00123,-0.00025,0.00304,-0.00025,-55.52700,30.00000
0.70163,0.69999,0.70426,0.69440,0.69538,0.28985,0.29379,0.28853,0.29116,0.29182,0.00304,0.00173,0.00403,-0.00123,-0.00123,-55.52700,31.00000
0.70163,0.69999,0.69900,0.70097,0.70689,0.29675,0.29675,0.29314,0.29346,0.29149,0.00206,-0.00123,0.00370,0.00173,0.00107,-55.58577,32.00000
0.70130,0.70130,0.69801,0.69966,0.69966,0.29050,0.29346,0.29346,0.29116,0.29248,-0.00025,0.00272,-0.00123,0.00239,0.00107,-55.58577,33.00000
0.69703,0.69801,0.70459,0.69407,0.70722,0.29149,0.29018,0.29116,0.29314,0.29346,-0.00255,-0.00321,-0.00288,0.00304,0.00041,-55.28312,34.00000
0.70130,0.69933,0.71084,0.70229,0.70328,0.29314,0.29281,0.29642,0.29412,0.30004,0.00239,-0.00189,0.00008,0.00107,0.00140,-55.28312,35.00000
0.70426,0.70591,0.69867,0.70624,0.69604,0.29610,0.29281,0.29445,0.29346,0.29412,0.00173,0.00535,-0.00288,0.00304,-0.00090,-56.14254,36.00000
0.70064,0.70163,0.71018,0.70097,0.70295,0.29281,0.29379,0.29544,0.29149,0.29215,-0.00353,0.00107,0.00239,0.00502,0.00206,-56.14254,37.00000
0.70229,0.70393,0.70229,0.70032,0.69999,0.29314,0.28886,0.29840,0.29018,0.29610,0.00173,-0.00057,0.00107,-0.00321,-0.00090,-55.79344,38.00000
0.70196,0.70097,0.69999,0.70591,0.70262,0.29149,0.29248,0.29511,0.28886,0.29544,-0.00255,0.00074,-0.00123,0.00173,0.00041,-55.79344,39.00000
0.70328,0.70196,0.70295,0.70032,0.70525,0.29083,0.29379,0.28853,0.29149,0.29412,-0.00025,-0.00156,-0.00386,0.00304,-0.00057,-55.98510,40.00000
0.70525,0.69703,0.70229,0.70064,0.70130,0.29149,0.30037,0.29018,0.28919,0.29050,-0.00057,0.00173,0.00041,0.00206,0.00107,-55.98510,41.00000
0.70196,0.70525,0.70130,0.70064,0.70591,0.29708,0.28722,0.28754,0.29116,0.29248,-0.00123,-0.00156,-0.00386,-0.00156,-0.00025,-56.09558,42.00000
0.70130,0.70360,0.69999,0.70360,0.69933,0.29577,0.29149,0.29182,0.29379,0.29215,0.00436,0.00173,0.00337,-0.00222,0.00074,-56.09558,43.00000
0.69933,0.70130,0.70393,0.70558,0.69966,0.29840,0.29215,0.29379,0.28853,0.29314,0.00173,0.00239,-0.00123,0.00107,0.00403,-55.99457,44.00000
0.69867,0.70360,0.70755,0.70722,0.70229,0.29971,0.29511,0.29018,0.28656,0.29215,-0.00255,0.00239,0.00239,-0.00353,0.00370,-55.99457,45.00000
0.70459,0.70525,0.70492,0.69637,0.70262,0.29379,0.29248,0.29018,0.29248,0.29610,0.00074,0.00436,0.00008,0.00140,0.00074,-55.91476,46.00000
0.70229,0.70459,0.70525,0.70295,0.70393,0.29346,0.29544,0.29215,0.29116,0.29379,-0.00222,-0.00189,-0.00255,-0.00321,0.00074,-55.91476,47.00000
0.71018,0.70262,0.70656,0.70097,0.70624,0.29050,0.29281,0.29511,0.29281,0.29478,0.00173,0.00107,0.00272,0.00206,0.00074,-55.62340,48.00000
0.70163,0.70130,0.70558,0.70032,0.70492,0.29050,0.29215,0.29281,0.29083,0.29018,0.00272,0.00041,-0.00057,0.00074,0.00008,-55.62340,49.00000
0.70262,0.70262,0.70459,0.70722,0.69670,0.29116,0.29149,0.29248,0.29083,0.29346,0.00074,-0.00057,0.00239,-0.00123,0.00107,-55.58025,50.00000
0.70492,0.70328,0.70591,0.69900,0.70525,0.29050,0.29018,0.29281,0.28985,0.29116,-0.00255,0.00140,0.00107,0.00403,0.00239,-55.58025,51.00000
0.70130,0.70755,0.69933,0.70525,0.70624,0.29346,0.30004,0.29182,0.29445,0.29215,0.00403,-0.00222,-0.00057,-0.00222,-0.00222,-55.68563,52.00000
0.70097,0.70097,0.70295,0.70854,0.70328,0.29708,0.29314,0.29149,0.29215,0.29379,0.00502,0.00239,0.00403,-0.00090,-0.00321,-55.68563,53.00000
0.70328,0.70393,0.70656,0.70854,0.69768,0.29083,0.29116,0.29445,0.29314,0.29281,0.00107,-0.00288,0.00173,0.00337,-0.00123,-55.94096,54.00000
0.70887,0.70591,0.70295,0.70656,0.71183,0.28985,0.29610,0.29314,0.29281,0.29610,0.00272,0.00074,0.00206,-0.00090,-0.00386,-55.94096,55.00000
0.70229,0.70722,0.70985,0.70426,0.69999,0.29511,0.29478,0.29675,0.28952,0.29544,0.00140,-0.00386,-0.00189,-0.00057,0.00074,-55.54861,56.00000
0.70426,0.70525,0.70525,0.70426,0.69801,0.29116,0.29182,0.28952,0.29511,0.29182,0.00041,0.00107,0.00041,-0.00321,0.00370,-55.54861,57.00000
0.70689,0.69867,0.70097,0.70393,0.70295,0.29215,0.28952,0.29018,0.29248,0.29314,0.00206,0.00107,0.00239,0.00074,-0.00419,-56.28505,58.00000
0.70525,0.70525,0.70229,0.70656,0.70196,0.28656,0.29116,0.29083,0.29314,0.29938,0.00173,-0.00057,-0.00057,-0.00123,-0.00189,-56.28505,59.00000
0.69538,0.70426,0.70525,0.69637,0.70788,0.29314,0.29445,0.29346,0.29018,0.28754,0.00304,0.00370,0.00239,-0.00321,-0.00353,-55.92573,60.00000
0.70360,0.70755,0.70591,0.70360,0.70163,0.28787,0.29314,0.28952,0.29544,0.28985,0.00107,-0.00222,-0.00353,-0.00090,0.00041,-55.92573,61.00000
0.70262,0.70689,0.69999,0.69999,0.70328,0.29215,0.29511,0.29182,0.29314,0.28886,0.00469,-0.00353,-0.00156,0.00074,0.00304,-55.95847,62.00000
0.70459,0.70525,0.70295,0.70163,0.70624,0.28952,0.29708,0.28656,0.29314,0.29379,0.00173,0.00107,0.00239,-0.00419,-0.00255,-55.95847,63.00000
0.70032,0.70459,0.70426,0.70492,0.69867,0.29050,0.29050,0.28919,0.28787,0.29149,0.00140,0.00107,0.00074,-0.00189,-0.00222,-56.36302,64.00000
0.69966,0.70360,0.70360,0.69867,0.70097,0.29018,0.29083,0.29149,0.29116,0.29544,-0.00123,0.00206,-0.00255,-0.00090,0.00239,-56.36302,65.00000
0.70525,0.70722,0.70196,0.70262,0.70328,0.29248,0.29083,0.29116,0.29149,0.29445,0.00206,-0.00321,-0.00386,0.00239,-0.00057,-55.55456,66.00000
0.70163,0.70097,0.70525,0.70064,0.70722,0.29083,0.29544,0.28952,0.29379,0.29412,0.00041,0.00008,-0.00090,0.00041,0.00403,-55.55456,67.00000
0.70525,0.69768,0.70262,0.70196,0.70328,0.29116,0.29248,0.29182,0.29248,0.29149,0.00239,0.00173,-0.00025,-0.00123,0.00535,-55.74115,68.00000
0.70558,0.70196,0.69801,0.70360,0.70295,0.29215,0.29116,0.29412,0.29018,0.29511,0.00107,-0.00255,0.00272,0.00304,0.00008,-55.74115,69.00000
0.70459,0.70887,0.70722,0.70492,0.69703,0.28656,0.29445,0.29281,0.29412,0.28919,0.00173,-0.00222,0.00008,-0.00025,-0.00255,-55.93454,70.00000
0.70295,0.69407,0.69571,0.70130,0.70130,0.29412,0.29346,0.29577,0.29050,0.29116,-0.00025,-0.00288,0.00140,-0.00025,0.00107,-55.93454,71.00000
0.69834,0.69670,0.71018,0.69834,0.70426,0.29314,0.28787,0.29018,0.29149,0.29149,-0.00123,-0.00057,-0.00090,-0.00025,-0.00156,-55.73338,72.00000
0.70328,0.70360,0.70097,0.69999,0.70229,0.29018,0.29149,0.29248,0.29412,0.29149,0.00074,-0.00419,0.00008,0.00206,-0.00090,-55.73338,73.00000
0.69900,0.70295,0.70328,0.69505,0.69834,0.29083,0.29314,0.29083,0.29083,0.28754,0.00272,0.00107,0.00502,-0.00419,0.00041,-55.87939,74.00000
0.70558,0.70624,0.70393,0.70097,0.69966,0.28820,0.29511,0.29050,0.29445,0.28985,-0.00156,0.00074,-0.00057,-0.00255,-0.00090,-55.87939,75.00000
0.70821,0.69736,0.70722,0.70196,0.70196,0.28919,0.29544,0.29708,0.29116,0.29314,-0.00057,0.00173,0.00074,0.00074,0.00272,-55.30786,76.00000
0.70591,0.70755,0.71018,0.70722,0.70689,0.29445,0.28985,0.28689,0.29577,0.29445,0.00304,0.00041,-0.00189,-0.00189,-0.00025,-55.30786,77.00000
0.70591,0.70064,0.70196,0.70196,0.70624,0.28853,0.29577,0.29544,0.29116,0.29116,0.00304,0.00008,0.00008,0.00140,-0.00255,-55.45178,78.00000
0.70262,0.70558,0.71117,0.70656,0.70393,0.29610,0.29544,0.29248,0.29478,0.29083,0.00272,0.00041,0.00074,0.00206,0.00206,-55.45178,79.00000
0.70656,0.70229,0.69933,0.70492,0.71183,0.29610,0.29314,0.29182,0.29379,0.28919,0.00140,-0.00156,-0.00025,0.00140,-0.00485,-55.31622,80.00000
0.70426,0.70426,0.70722,0.70097,0.70492,0.29050,0.29050,0.29215,0.29478,0.29281,0.00370,-0.00090,0.00041,0.00041,0.00041,-55.31622,81.00000
0.69736,0.70492,0.69867,0.70755,0.70689,0.29281,0.28754,0.29314,0.29478,0.29248,0.00041,0.00008,0.00502,0.00107,0.00272,-56.28360,82.00000
0.70953,0.70624,0.70130,0.70953,0.70722,0.29018,0.29741,0.29281,0.29478,0.28985,-0.00353,-0.00288,-0.00288,0.00272,-0.00353,-56.28360,83.00000
0.70525,0.69999,0.71084,0.70722,0.70262,0.29083,0.29675,0.29116,0.29215,0.29544,-0.00288,0.00173,-0.00156,0.00502,-0.00090,-55.98116,84.00000
0.69834,0.70295,0.70854,0.70821,0.70426,0.29412,0.29610,0.29182,0.29544,0.29314,0.00370,-0.00156,-0.00123,-0.00057,-0.00288,-55.98116,85.00000
0.70097,0.70295,0.70656,0.70426,0.70591,0.29182,0.29642,0.29544,0.29215,0.28985,0.00041,0.00074,0.00469,0.00239,0.00008,-55.88364,86.00000
0.70064,0.71084,0.70722,0.70591,0.70525,0.29346,0.29445,0.29412,0.29248,0.29116,-0.00189,-0.00025,0.00173,0.00008,0.00008,-55.88364,87.00000
0.70591,0.70229,0.70525,0.70393,0.70887,0.29215,0.29215,0.29215,0.29314,0.29281,-0.00189,0.00304,-0.00025,-0.00025,-0.00288,-55.48577,88.00000
0.70328,0.70525,0.70920,0.70854,0.70328,0.29248,0.29577,0.29346,0.29412,0.29314,0.00173,0.00140,-0.00025,-0.00222,-0.00123,-55.48577,89.00000
0.70459,0.70426,0.70854,0.71084,0.70032,0.29675,0.29314,0.29281,0.28985,0.29018,0.00041,-0.00090,0.00304,0.00140,-0.00025,-52.59884,90.00000
0.69933,0.70130,0.70360,0.70953,0.70821,0.28985,0.28820,0.29248,0.29050,0.29083,-0.00025,-0.00156,0.00206,0.00074,-0.00025,-52.59884,91.00000
0.70492,0.70624,0.70953,0.70360,0.70295,0.29906,0.29445,0.29248,0.29083,0.29478,0.00403,-0.00025,-0.00090,0.00107,0.00239,-52.08555,92.00000
0.70920,0.70492,0.70492,0.70295,0.70755,0.29281,0.29741,0.29018,0.29346,0.29248,0.00107,0.00206,-0.00255,0.00140,-0.00189,-52.08555,93.00000
0.70130,0.70426,0.69966,0.70130,0.70953,0.29050,0.29642,0.29182,0.29182,0.29642,-0.00255,0.00337,0.00107,0.00140,0.00239,-51.89483,94.00000
0.70558,0.70459,0.70722,0.70525,0.70591,0.29412,0.29248,0.29182,0.29215,0.29050,0.00173,-0.00321,-0.00288,0.00041,-0.00090,-51.89483,95.00000
0.70656,0.70624,0.70328,0.70163,0.70393,0.29149,0.29577,0.29544,0.28985,0.29938,0.00206,-0.00255,-0.00025,-0.00321,0.00140,-53.82827,96.00000
0.70295,0.70492,0.69933,0.70229,0.70558,0.29478,0.29149,0.29412,0.29116,0.29445,-0.00156,0.00140,0.00239,0.00535,-0.00189,-53.82827,97.00000
0.70032,0.70328,0.70591,0.70229,0.70656,0.29281,0.28458,0.29281,0.29314,0.29314,0.00272,-0.00255,-0.00255,0.00337,-0.00288,-54.07966,98.00000
0.70624,0.70097,0.70032,0.70689,0.71018,0.28886,0.29182,0.29445,0.29083,0.29248,0.00074,0.00239,-0.00123,0.00370,-0.00156,-54.07966,99.00000
0.69999,0.70953,0.70064,0.70229,0.69801,0.29544,0.29083,0.29248,0.29248,0.29149,0.00074,0.00337,-0.00057,0.00206,0.00008,-55.12089,100.00000
0.70360,0.70130,0.70459,0.70722,0.70492,0.29149,0.29445,0.29281,0.29050,0.29511,0.00041,0.00206,-0.00090,0.00041,-0.00255,-55.12089,101.00000
0.70328,0.70624,0.70525,0.70097,0.70920,0.29379,0.29445,0.29445,0.29741,0.29379,-0.00123,0.00337,0.00173,0.00074,0.00107,-54.70400,102.00000
0.70328,0.70196,0.70525,0.70755,0.70788,0.29314,0.29445,0.29149,0.29544,0.29577,0.00239,0.00403,0.00173,0.00008,-0.00156,-54.70400,103.00000
0.70624,0.71018,0.70920,0.70591,0.70887,0.29050,0.29281,0.29116,0.29281,0.29544,0.00272,0.00272,-0.00123,0.00140,0.00206,-54.55415,104.00000
0.70722,0.70328,0.70032,0.70295,0.71216,0.28919,0.29182,0.29642,0.29215,0.29774,0.00041,-0.00025,-0.00025,-0.00057,-0.00057,-54.55415,105.00000
0.70591,0.70328,0.70722,0.70624,0.70624,0.29445,0.29346,0.29346,0.29281,0.29215,0.00074,0.00008,0.00074,-0.00090,-0.00189,-55.08225,106.00000
0.71051,0.70328,0.70656,0.70459,0.70097,0.28754,0.29281,0.29478,0.29774,0.28623,-0.00255,-0.00025,-0.00057,0.00074,-0.00222,-55.08225,107.00000
0.70920,0.71018,0.70426,0.71018,0.70163,0.29083,0.28919,0.29215,0.28787,0.29379,-0.00288,0.00239,0.00140,0.00140,-0.00025,-55.04845,108.00000
0.70591,0.70229,0.70689,0.70064,0.70295,0.29248,0.29478,0.29248,0.29346,0.29248,0.00107,0.00272,0.00304,-0.00123,-0.00090,-55.04845,109.00000
0.69736,0.70360,0.71314,0.69900,0.70393,0.29050,0.29215,0.28952,0.29281,0.29215,-0.00090,-0.00057,0.00041,-0.00255,0.00272,-55.65655,110.00000
0.70525,0.70953,0.70097,0.69538,0.70097,0.29281,0.29149,0.29182,0.29445,0.29346,0.00140,0.00304,0.00173,-0.00123,0.00239,-55.65655,111.00000
0.70229,0.70656,0.70032,0.70393,0.70229,0.30037,0.29215,0.29116,0.28985,0.29346,0.00008,0.00272,0.00074,-0.00123,-0.00025,-55.93130,112.00000
0.70262,0.70558,0.70624,0.70328,0.70656,0.29116,0.29412,0.29281,0.28919,0.28722,0.00041,0.00107,0.00041,0.00008,0.00074,-55.93130,113.00000
0.70689,0.70492,0.69867,0.70887,0.71183,0.29314,0.29379,0.28886,0.29412,0.29182,0.00107,0.00140,0.00206,-0.00123,-0.00156,-56.16878,114.00000
0.70722,0.70689,0.70130,0.70525,0.70887,0.29938,0.28820,0.28524,0.28557,0.29215,0.00206,-0.00288,-0.00057,-0.00255,-0.00222,-56.16878,115.00000
0.70229,0.70624,0.69966,0.71018,0.70459,0.28952,0.28820,0.28952,0.28952,0.29149,-0.00321,0.00370,0.00173,0.00173,0.00239,-56.08976,116.00000
0.70525,0.70130,0.70328,0.70064,0.69999,0.29412,0.29018,0.29083,0.29314,0.28919,-0.00123,-0.00321,0.00041,0.00173,-0.00057,-56.08976,117.00000
0.70689,0.69768,0.70722,0.70393,0.71018,0.29511,0.29182,0.29248,0.29314,0.29083,0.00469,0.00008,0.00008,-0.00090,-0.00025,-55.40572,118.00000
0.70689,0.70393,0.71018,0.70492,0.70064,0.28919,0.29018,0.29346,0.28787,0.28458,0.00107,-0.00222,0.00304,0.00502,-0.00189,-55.40572,119.00000
0.70920,0.70360,0.70788,0.70393,0.70689,0.29478,0.28919,0.29412,0.29346,0.29281,0.00239,0.00041,-0.00255,0.00140,-0.00090,-55.52757,120.00000
0.70788,0.70624,0.70854,0.70788,0.71413,0.29215,0.28820,0.28722,0.29346,0.29083,-0.00090,0.00502,-0.00255,-0.00025,0.00239,-55.52757,121.00000
0.70591,0.69966,0.70558,0.70854,0.70591,0.29215,0.28787,0.28886,0.28886,0.29610,0.00173,0.00436,-0.00057,0.00206,0.00107,-55.70080,122.00000
0.70854,0.70821,0.70360,0.70426,0.71249,0.29708,0.28919,0.29412,0.29215,0.29182,0.00140,-0.00288,-0.00518,0.00173,-0.00123,-55.70080,123.00000
0.70689,0.70492,0.70920,0.70722,0.70295,0.28820,0.29445,0.29346,0.28886,0.29116,-0.00057,-0.00222,0.00074,0.00206,-0.00156,-55.95587,124.00000
0.70591,0.70624,0.70920,0.70229,0.70920,0.29248,0.29050,0.29610,0.29314,0.29478,-0.00025,-0.00222,0.00140,-0.00156,0.00272,-55.95587,125.00000
0.70196,0.70459,0.70656,0.70755,0.71051,0.29478,0.29248,0.29511,0.29544,0.29379,0.00206,0.00041,-0.00222,-0.00090,-0.00419,-55.59268,126.00000
0.70492,0.70130,0.70459,0.70788,0.70459,0.28689,0.28853,0.29511,0.28886,0.29215,-0.00090,0.00041,0.00041,-0.00123,0.00370,-55.59268,127.00000
0.70624,0.71018,0.70492,0.70887,0.70558,0.29182,0.29642,0.29215,0.28754,0.29149,-0.00485,0.00206,-0.00321,-0.00485,0.00403,-55.44038,128.00000
0.70854,0.70064,0.70591,0.70492,0.70525,0.29412,0.29116,0.29248,0.29215,0.29610,0.00140,0.00008,-0.00025,0.00140,-0.00025,-55.44038,129.00000
0.70360,0.71281,0.70656,0.70591,0.70854,0.29281,0.29018,0.29182,0.28853,0.29774,0.00173,-0.00090,0.00173,0.00239,0.00272,-55.37644,130.00000
0.70393,0.70558,0.71150,0.70459,0.70492,0.29281,0.29116,0.29281,0.29248,0.28985,-0.00090,-0.00584,0.00272,0.00041,0.00140,-55.37644,131.00000
0.71380,0.70558,0.70032,0.69801,0.70821,0.29281,0.29906,0.29577,0.29018,0.29083,-0.00156,-0.00189,0.00206,0.00239,0.00074,-55.41039,132.00000
0.70689,0.70196,0.70492,0.70459,0.70953,0.29741,0.29116,0.29149,0.29379,0.29149,0.00173,0.00074,-0.00123,0.00436,0.00041,-55.41039,133.00000
0.70624,0.70755,0.70821,0.70459,0.70064,0.29281,0.29116,0.29346,0.29478,0.29149,0.00337,0.00633,0.00535,0.00272,-0.00189,-55.18078,134.00000
0.70755,0.71216,0.70492,0.70426,0.70656,0.29215,0.28787,0.28985,0.29116,0.28656,0.00107,0.00337,0.00041,0.00140,0.00239,-55.18078,135.00000
0.70459,0.70722,0.70656,0.70328,0.71347,0.29478,0.29314,0.29116,0.28754,0.29215,0.00173,0.00173,0.00041,0.00436,0.00239,-55.51031,136.00000
0.70591,0.71051,0.70887,0.70328,0.70130,0.29675,0.29314,0.28919,0.29511,0.29544,0.00041,0.00304,-0.00288,0.00370,0.00107,-55.51031,137.00000
0.70295,0.70788,0.70459,0.70985,0.70821,0.29018,0.28425,0.29511,0.29018,0.29412,0.00140,0.00173,-0.00288,-0.00025,-0.00255,-55.84598,138.00000
0.70953,0.70656,0.70525,0.70689,0.70656,0.29018,0.29050,0.29248,0.29215,0.29116,-0.00025,0.00173,0.00074,0.00107,0.00173,-55.84598,139.00000
0.70459,0.70360,0.70656,0.71117,0.70459,0.29314,0.29281,0.29544,0.29149,0.29248,-0.00156,0.00239,0.00074,-0.00123,0.00008,-55.63295,140.00000
0.71018,0.70558,0.70525,0.70689,0.71084,0.29215,0.29511,0.29116,0.29314,0.29248,0.00041,0.00041,0.00173,0.00041,-0.00057,-55.63295,141.00000
0.71051,0.70624,0.70624,0.70854,0.71183,0.28820,0.29248,0.28886,0.29215,0.29412,0.00074,-0.00123,-0.00255,0.00239,0.00337,-55.96833,142.00000
0.70295,0.71347,0.70360,0.69801,0.70426,0.29346,0.29379,0.29577,0.29478,0.29215,-0.00353,0.00008,0.00436,-0.00025,0.00074,-55.96833,143.00000
0.70426,0.70426,0.71249,0.70689,0.70887,0.29116,0.29478,0.29018,0.29018,0.29182,-0.00321,0.00173,-0.00057,0.00140,0.00041,-55.74784,144.00000
0.70624,0.70426,0.70229,0.70656,0.70788,0.29182,0.29083,0.28820,0.28985,0.29346,-0.00057,-0.00255,-0.00025,0.00074,-0.00123,-55.74784,145.00000
0.70229,0.70985,0.71314,0.70591,0.70854,0.29050,0.29149,0.28886,0.29281,0.29511,0.00107,-0.00189,-0.00584,0.00008,0.00173,-55.49599,146.00000
0.70328,0.70821,0.71413,0.70624,0.71018,0.29478,0.29149,0.29050,0.29445,0.29314,0.00074,-0.00057,0.00074,0.00140,-0.00288,-55.49599,147.00000
0.71117,0.70492,0.71380,0.70624,0.71051,0.28952,0.29379,0.29379,0.29412,0.29577,0.00008,0.00041,0.00041,0.00206,0.00008,-55.74604,148.00000
0.70920,0.70492,0.70887,0.70985,0.70229,0.29379,0.29577,0.29346,0.29412,0.29379,-0.00189,0.00239,-0.00123,-0.00057,-0.00057,-55.74604,149.00000
0.70624,0.71347,0.70624,0.70393,0.71216,0.28623,0.29215,0.29314,0.29412,0.29445,-0.00057,-0.00353,0.00206,0.00239,0.00140,-55.66111,150.00000
0.70624,0.70689,0.71150,0.70624,0.71018,0.29741,0.28985,0.29281,0.29281,0.29478,0.00041,-0.00189,0.00239,-0.00025,0.00074,-55.66111,151.00000
0.70130,0.71380,0.70887,0.71051,0.70032,0.29346,0.29018,0.29379,0.29346,0.28952,0.00304,-0.00321,0.00239,0.00436,0.00140,-55.16210,152.00000
0.71084,0.70920,0.70722,0.70393,0.70624,0.29149,0.28952,0.29215,0.29083,0.29248,-0.00452,0.00008,-0.00025,-0.00090,0.00140,-55.16210,153.00000
0.70689,0.69900,0.71413,0.70558,0.71413,0.29281,0.29182,0.29182,0.29215,0.29281,0.00140,-0.00222,-0.00025,0.00041,-0.00057,-56.13329,154.00000
0.70295,0.70196,0.71183,0.71183,0.70953,0.29182,0.29248,0.28853,0.28985,0.29182,0.00239,-0.00189,0.00173,0.00272,-0.00025,-56.13329,155.00000
0.71347,0.70426,0.71183,0.71117,0.70393,0.29642,0.29379,0.29215,0.29116,0.29018,0.00041,0.00107,-0.00123,-0.00189,-0.00123,-56.48706,156.00000
0.71018,0.70591,0.70492,0.70821,0.70360,0.29906,0.29412,0.29346,0.29018,0.29314,0.00008,-0.00386,0.00008,-0.00025,0.00370,-56.48706,157.00000
0.71051,0.70624,0.70854,0.70196,0.71018,0.29675,0.29478,0.29346,0.29478,0.29478,0.00206,-0.00025,0.00140,-0.00090,0.00239,-56.30749,158.00000
0.70558,0.71380,0.70624,0.70722,0.70821,0.29248,0.29412,0.29807,0.29642,0.29314,0.00206,0.00008,-0.00090,-0.00090,-0.00025,-56.30749,159.00000
0.71216,0.70755,0.70459,0.70163,0.70689,0.29478,0.28919,0.29050,0.29412,0.29281,-0.00255,-0.00189,0.00041,-0.00386,-0.00090,-55.54632,160.00000
0.70624,0.70229,0.71117,0.70262,0.71018,0.29050,0.29511,0.29182,0.29314,0.29346,0.00272,0.00074,-0.00156,-0.00025,0.00403,-55.54632,161.00000
0.71051,0.70295,0.70393,0.70689,0.70689,0.28853,0.29675,0.29544,0.29050,0.29182,0.00041,0.00041,0.00272,-0.00156,0.00304,-55.53439,162.00000
0.70920,0.70393,0.71249,0.70656,0.70755,0.28952,0.28853,0.29215,0.29610,0.29149,0.00041,-0.00189,0.00074,0.00304,0.00041,-55.53439,163.00000
0.70262,0.70097,0.70459,0.70985,0.69999,0.29445,0.28952,0.29708,0.28754,0.29215,0.00239,0.00140,0.00107,0.00074,0.00041,-54.98155,164.00000
0.71249,0.70722,0.70295,0.70163,0.70262,0.29149,0.29248,0.29050,0.29050,0.29346,-0.00189,-0.00156,-0.00057,0.00206,0.00173,-54.98155,165.00000
0.70328,0.70426,0.70262,0.70920,0.70492,0.28919,0.29149,0.29182,0.28985,0.29149,-0.00025,0.00107,-0.00025,0.00008,0.00008,-56.11382,166.00000
0.71150,0.70328,0.70656,0.70887,0.70689,0.28985,0.28754,0.28754,0.29314,0.29149,-0.00222,-0.00353,0.00239,-0.00189,0.00140,-56.11382,167.00000
0.70328,0.70426,0.70558,0.70229,0.70492,0.29379,0.29281,0.29314,0.29018,0.28952,0.00074,0.00206,0.00107,-0.00189,0.00272,-56.17215,168.00000
0.70558,0.71150,0.70328,0.70426,0.70656,0.29445,0.29149,0.29478,0.29116,0.29248,-0.00025,0.00370,-0.00189,-0.00222,0.00272,-56.17215,169.00000
0.70393,0.70854,0.70295,0.70492,0.70130,0.29116,0.29412,0.29281,0.29281,0.29511,0.00107,0.00041,0.00304,0.00008,-0.00025,-56.30140,170.00000
0.70854,0.70360,0.70064,0.71314,0.71018,0.29544,0.28557,0.29149,0.29083,0.28952,0.00008,-0.00123,-0.00353,0.00107,0.00008,-56.30140,171.00000
0.69801,0.70953,0.71150,0.70722,0.70887,0.28919,0.29248,0.29182,0.29642,0.28820,0.00436,0.00008,0.00239,-0.00025,-0.00123,-56.37824,172.00000
0.70426,0.70689,0.70426,0.70525,0.71018,0.29083,0.29116,0.28689,0.29511,0.29314,-0.00156,-0.00255,0.00206,0.00502,-0.00386,-56.37824,173.00000
0.70656,0.70064,0.70459,0.70032,0.70689,0.29379,0.29281,0.29182,0.29215,0.29248,0.00140,0.00074,-0.00123,0.00041,-0.00025,-56.28482,174.00000
0.70755,0.70229,0.71084,0.70525,0.70755,0.28886,0.29445,0.29116,0.29182,0.29412,-0.00025,0.00074,0.00206,-0.00189,0.00173,-56.28482,175.00000
0.70722,0.70360,0.70229,0.70426,0.70459,0.29083,0.28985,0.29182,0.29149,0.29050,0.00436,0.00206,0.00008,0.00041,0.00074,-56.94856,176.00000
0.70196,0.70492,0.70262,0.71281,0.70328,0.29018,0.29544,0.28919,0.29577,0.29149,-0.00189,0.00008,-0.00189,0.00008,0.00008,-56.94856,177.00000
0.70295,0.70130,0.70393,0.70393,0.71051,0.28689,0.29412,0.29281,0.28952,0.28689,-0.00025,0.00041,0.00173,0.00239,-0.00057,-56.59684,178.00000
0.70492,0.70722,0.69999,0.71150,0.70426,0.28886,0.29281,0.29544,0.29182,0.29314,0.00304,0.00239,0.00140,-0.00025,0.00370,-56.59684,179.00000
0.70360,0.70360,0.70426,0.70558,0.69966,0.29182,0.29412,0.28886,0.29412,0.28787,0.00173,0.00272,0.00107,0.00272,0.00008,-56.27694,180.00000
0.70064,0.70163,0.70722,0.70525,0.70624,0.28985,0.29544,0.28985,0.29018,0.28820,0.00304,0.00140,0.00370,-0.00386,0.00008,-56.27694,181.00000
0.69472,0.70229,0.70130,0.70953,0.70887,0.29215,0.29412,0.29116,0.29478,0.28886,0.00107,0.00502,0.00173,-0.00090,-0.00386,-55.79960,182.00000
0.70722,0.70328,0.70262,0.69966,0.70064,0.28820,0.28886,0.29018,0.29248,0.29215,0.00370,-0.00057,-0.00090,0.00107,0.00041,-55.79960,183.00000
0.70196,0.70492,0.70788,0.69999,0.70591,0.28820,0.29248,0.28919,0.29412,0.28722,-0.00025,-0.00222,0.00041,0.00140,-0.00090,-55.62685,184.00000
0.70656,0.70591,0.70558,0.70920,0.70722,0.29379,0.29577,0.29018,0.29314,0.29083,0.00041,0.00107,-0.00255,0.00173,-0.00057,-55.62685,185.00000
0.70821,0.70722,0.70492,0.70360,0.70492,0.28952,0.28820,0.29314,0.29314,0.28623,0.00535,-0.00123,-0.00156,-0.00090,0.00008,-56.11665,186.00000
0.70788,0.70360,0.70032,0.70689,0.70393,0.29050,0.28656,0.28557,0.28754,0.29346,0.00206,-0.00321,0.00008,0.00370,-0.00025,-56.11665,187.00000
0.70591,0.70393,0.70097,0.70591,0.69670,0.29346,0.29116,0.29511,0.29215,0.29050,-0.00321,-0.00090,0.00140,0.00107,0.00107,-56.13205,188.00000
0.70492,0.70360,0.70426,0.70788,0.70426,0.29149,0.28919,0.28689,0.28853,0.28820,0.00206,-0.00156,0.00140,-0.00255,-0.00222,-56.13205,189.00000
0.71084,0.69900,0.69867,0.70064,0.70788,0.29083,0.28985,0.29281,0.29314,0.29083,0.00074,-0.00255,-0.00255,-0.00123,0.00206,-55.44396,190.00000
0.71446,0.70064,0.70656,0.69736,0.70459,0.29182,0.29018,0.29083,0.29281,0.29182,0.00666,-0.00255,-0.00156,-0.00057,0.00370,-55.44396,191.00000
0.70328,0.70097,0.70097,0.70032,0.70426,0.29182,0.29281,0.29149,0.29215,0.28919,0.00798,0.00206,0.00370,0.00239,-0.00518,-56.01788,192.00000
0.69801,0.70295,0.69966,0.69933,0.69933,0.28853,0.28722,0.28656,0.28919,0.28689,-0.00057,-0.00222,0.00173,-0.00090,0.00107,-56.01788,193.00000
0.70229,0.70229,0.70459,0.70558,0.69933,0.29248,0.29116,0.29379,0.28985,0.28722,0.00074,0.00074,0.00140,-0.00025,-0.00057,-56.14859,194.00000
0.70130,0.70656,0.69933,0.70163,0.69966,0.29215,0.29050,0.28656,0.29182,0.29050,0.00140,0.00107,0.00140,0.00173,-0.00025,-56.14859,195.00000
0.69867,0.70262,0.70064,0.70262,0.69670,0.28985,0.28919,0.29412,0.29182,0.28656,-0.00025,0.00370,0.00206,0.00206,0.00173,-54.92976,196.00000
0.70426,0.69867,0.69736,0.70064,0.70064,0.28656,0.28787,0.29281,0.28853,0.28754,-0.00123,-0.00025,0.00173,0.00074,0.00272,-54.92976,197.00000
0.70295,0.69736,0.70130,0.70097,0.69900,0.29116,0.28919,0.28590,0.29248,0.29346,0.00206,0.00008,0.00173,0.00173,0.00041,-55.28471,198.00000
0.70525,0.70426,0.70393,0.69571,0.69834,0.28689,0.28754,0.29577,0.29215,0.29577,-0.00156,-0.00090,-0.00090,-0.00189,-0.00123,-55.28471,199.00000
0.70328,0.70229,0.70459,0.69407,0.70229,0.29511,0.28919,0.28623,0.29544,0.28919,0.00008,-0.00090,0.00074,0.00337,-0.00156,-55.43044,200.00000
0.70295,0.70393,0.69867,0.69966,0.70196,0.29050,0.28985,0.28886,0.29018,0.28820,0.00140,0.00140,-0.00386,-0.00288,-0.00189,-55.43044,201.00000
0.70755,0.70130,0.70689,0.70229,0.69703,0.29281,0.29445,0.29412,0.29149,0.29346,0.00173,-0.00025,0.00239,-0.00057,0.00206,-54.77577,202.00000
0.70393,0.70492,0.70196,0.70689,0.70591,0.29248,0.28985,0.28952,0.28458,0.29248,0.00008,-0.00025,0.00107,-0.00090,0.00272,-54.77577,203.00000
0.69966,0.70163,0.70295,0.70262,0.70985,0.28656,0.29248,0.29116,0.28853,0.28820,0.00304,0.00107,-0.00025,-0.00189,0.00008,-55.58368,204.00000
0.70492,0.70854,0.70426,0.70295,0.69538,0.28590,0.29248,0.28787,0.29182,0.29182,0.00041,0.00074,0.00074,-0.00353,0.00436,-55.58368,205.00000
0.70624,0.69867,0.69703,0.70492,0.71446,0.29379,0.28919,0.29281,0.29281,0.29050,-0.00288,-0.00057,0.00140,-0.00057,0.00337,-55.43344,206.00000
0.70426,0.69472,0.70854,0.70328,0.69670,0.29412,0.28985,0.29182,0.28985,0.28853,0.00206,-0.00025,0.00337,-0.00025,-0.00123,-55.43344,207.00000
0.69966,0.69966,0.70262,0.70492,0.70130,0.29741,0.29379,0.29248,0.29149,0.28853,-0.00025,0.00008,-0.00321,0.00272,-0.00222,-55.39739,208.00000
0.70953,0.70459,0.70064,0.70624,0.70262,0.29182,0.28820,0.29182,0.29346,0.29511,0.00074,0.00008,0.00041,-0.00057,0.00140,-55.39739,209.00000
0.70393,0.70360,0.70426,0.69933,0.70064,0.29116,0.29182,0.28853,0.28853,0.28985,0.00272,0.00272,-0.00222,0.00304,0.00173,-55.35250,210.00000
0.70262,0.70426,0.70591,0.69966,0.70130,0.28919,0.29215,0.29807,0.29314,0.29182,-0.00156,0.00107,0.00337,0.00074,-0.00025,-55.35250,211.00000
0.70689,0.69768,0.70295,0.70360,0.70393,0.29379,0.29018,0.28886,0.29215,0.28952,-0.00156,-0.00156,0.00041,0.00008,-0.00025,-55.80125,212.00000
0.70360,0.70097,0.70262,0.70722,0.70788,0.28919,0.29248,0.29083,0.29248,0.29248,0.00206,0.00535,0.00304,-0.00057,-0.00288,-55.80125,213.00000
0.70459,0.70064,0.70295,0.69637,0.70755,0.28853,0.29314,0.29182,0.29149,0.29248,0.00041,0.00041,-0.00057,0.00239,0.00008,-55.95971,214.00000
0.70656,0.70689,0.70426,0.70426,0.70624,0.29281,0.29182,0.29182,0.29149,0.29050,0.00304,-0.00156,-0.00090,-0.00419,-0.00025,-55.95971,215.00000
0.70920,0.70328,0.70558,0.70229,0.71084,0.29346,0.29478,0.29478,0.29116,0.29511,0.00008,0.00074,-0.00057,0.00140,-0.00551,-55.91687,216.00000
0.70985,0.69703,0.70689,0.69966,0.69966,0.29314,0.29314,0.28952,0.29314,0.29577,-0.00025,-0.00090,0.00041,-0.00288,0.00041,-55.91687,217.00000
0.70229,0.70821,0.70262,0.69440,0.70163,0.29281,0.29445,0.29412,0.29281,0.29083,0.00304,0.00173,0.00107,0.00107,-0.00025,-55.83441,218.00000
0.69834,0.70196,0.70788,0.69933,0.70788,0.29314,0.28985,0.29215,0.29018,0.29018,0.00041,0.00008,0.00337,0.00173,-0.00025,-55.83441,219.00000
0.69966,0.70393,0.70788,0.69604,0.71281,0.29149,0.29215,0.29248,0.29248,0.29248,0.00239,0.00173,0.00173,-0.00090,0.00568,-56.23996,220.00000
0.70755,0.70360,0.70064,0.70163,0.69900,0.29083,0.29642,0.29215,0.29281,0.29149,0.00074,0.00337,-0.00090,0.00008,0.00239,-56.23996,221.00000
0.70525,0.70295,0.69900,0.70097,0.69900,0.29116,0.29050,0.29215,0.29018,0.29116,0.00074,0.00107,-0.00090,-0.00057,-0.00090,-56.66734,222.00000
0.70032,0.70163,0.70525,0.70920,0.70525,0.29248,0.29346,0.29281,0.28820,0.28952,0.00107,-0.00222,-0.00222,-0.00025,0.00140,-56.66734,223.00000
0.70064,0.70064,0.70196,0.70196,0.70196,0.28952,0.28787,0.29149,0.29116,0.29050,0.00272,0.00074,0.00008,0.00074,0.00107,-56.10223,224.00000
0.70032,0.70854,0.69670,0.69604,0.70525,0.29281,0.28787,0.28985,0.29083,0.29116,0.00041,0.00107,0.00239,-0.00189,0.00304,-56.10223,225.00000
0.70130,0.70130,0.70229,0.70229,0.70064,0.29116,0.29544,0.28985,0.28853,0.29050,0.00239,0.00041,-0.00057,0.00239,0.00173,-56.37387,226.00000
0.70393,0.69933,0.70097,0.69999,0.69670,0.29050,0.28952,0.28919,0.28952,0.29149,0.00041,-0.00025,-0.00353,0.00239,-0.00156,-56.37387,227.00000
0.70262,0.69538,0.70032,0.70262,0.70360,0.28919,0.29018,0.28787,0.29149,0.28886,0.00568,0.00173,0.00008,0.00173,-0.00255,-56.48039,228.00000
0.69374,0.70492,0.69604,0.70163,0.70097,0.29018,0.29215,0.29478,0.29018,0.29281,0.00239,0.00008,0.00074,-0.00452,-0.00189,-56.48039,229.00000
0.69670,0.69900,0.69604,0.70525,0.69768,0.29215,0.29478,0.28919,0.29346,0.28689,0.00107,-0.00353,0.00074,-0.00189,-0.00156,-56.53121,230.00000
0.69900,0.70262,0.69999,0.69538,0.69670,0.29511,0.29642,0.29050,0.28919,0.28886,0.00206,0.00074,-0.00485,0.00107,-0.00222,-56.53121,231.00000
0.70130,0.70624,0.70558,0.70163,0.69703,0.29577,0.29346,0.29379,0.29182,0.29577,-0.00057,0.00107,-0.00288,0.00107,0.00041,-55.96580,232.00000
0.70032,0.69966,0.69999,0.70393,0.70130,0.28886,0.28919,0.29215,0.28853,0.28919,-0.00057,0.00107,0.00008,-0.00090,0.00008,-55.96580,233.00000
0.70262,0.69374,0.69736,0.69867,0.70196,0.29478,0.29642,0.29281,0.29182,0.29478,0.00173,0.00140,0.00074,-0.00156,0.00206,-55.61962,234.00000
0.69867,0.70295,0.69867,0.70262,0.70064,0.29050,0.29281,0.29215,0.29379,0.29182,-0.00057,-0.00025,-0.00057,0.00304,-0.00156,-55.61962,235.00000
0.69472,0.69933,0.70130,0.69834,0.69999,0.29083,0.28853,0.29412,0.29215,0.28722,-0.00123,0.00041,0.00140,0.00206,0.00206,-55.86645,236.00000
0.69604,0.70163,0.69867,0.68880,0.69736,0.29379,0.29248,0.28754,0.29182,0.29215,0.00008,-0.00057,0.00206,-0.00189,0.00074,-55.86645,237.00000
0.70262,0.70130,0.69505,0.70229,0.70064,0.29248,0.29379,0.29116,0.29215,0.29083,0.00107,0.00272,-0.00255,0.00173,-0.00057,-55.54553,238.00000
0.69604,0.69966,0.70163,0.69505,0.70624,0.28754,0.28754,0.28985,0.28952,0.28886,0.00008,0.00008,0.00272,0.00074,-0.00222,-55.54553,239.00000
0.70032,0.69966,0.69078,0.69604,0.70130,0.29149,0.29281,0.28886,0.29018,0.29248,-0.00057,-0.00057,-0.00156,0.00074,0.00272,-56.18341,240.00000
0.69538,0.69440,0.70130,0.70328,0.69440,0.29412,0.29511,0.28952,0.29116,0.29379,0.00272,0.00107,0.00008,0.00173,-0.00419,-56.18341,241.00000
0.69703,0.69768,0.69801,0.69966,0.70032,0.29445,0.28787,0.28952,0.29116,0.29412,-0.00123,-0.00057,0.00140,-0.00189,-0.00090,-56.29239,242.00000
0.69736,0.69374,0.70426,0.70130,0.69999,0.28853,0.28985,0.29248,0.29445,0.28787,-0.00025,-0.00189,-0.00123,-0.00189,0.00074,-56.29239,243.00000
0.70295,0.69801,0.69834,0.70032,0.69703,0.29050,0.28952,0.28820,0.28952,0.29182,-0.00090,-0.00123,-0.00156,-0.00156,0.00173,-56.36885,244.00000
0.69966,0.69440,0.68716,0.69670,0.69538,0.28985,0.28754,0.28853,0.29248,0.29116,0.00041,-0.00025,-0.00189,0.00568,0.00041,-56.36885,245.00000
0.69801,0.69604,0.69538,0.69670,0.69966,0.29083,0.29050,0.28722,0.29083,0.29281,0.00074,0.00337,0.00568,0.00074,0.00206,-55.96030,246.00000
0.70525,0.69242,0.69374,0.70755,0.69834,0.29379,0.29018,0.29544,0.28853,0.28820,-0.00353,-0.00189,0.00173,-0.00452,-0.00123,-55.96030,247.00000
0.69801,0.69144,0.69966,0.69867,0.69900,0.28952,0.29215,0.28787,0.28853,0.28985,0.00140,-0.00156,-0.00156,0.00008,0.00140,-56.07097,248.00000
0.69538,0.69867,0.69999,0.69637,0.69801,0.28919,0.28952,0.29445,0.29149,0.28820,-0.00222,-0.00090,-0.00222,0.00173,0.00140,-56.07097,249.00000
0.70130,0.69571,0.69078,0.69703,0.69275,0.29050,0.29083,0.29018,0.29511,0.29083,-0.00419,0.00272,0.00074,-0.00288,0.00370,-56.25326,250.00000
0.70032,0.69966,0.70360,0.69637,0.69176,0.29314,0.28985,0.28919,0.28787,0.29248,0.00173,-0.00025,0.00239,-0.00156,-0.00255,-56.25326,251.00000
0.69999,0.69834,0.69670,0.69933,0.69144,0.28985,0.29149,0.29412,0.28656,0.28820,0.00206,-0.00156,0.00272,-0.00025,-0.00025,-55.75847,252.00000
0.70591,0.69834,0.70163,0.69966,0.70130,0.29478,0.29248,0.29248,0.29018,0.29314,-0.00123,0.00304,-0.00222,0.00436,0.00140,-55.75847,253.00000
0.69999,0.69900,0.69670,0.70196,0.69670,0.28557,0.29873,0.28985,0.29314,0.29018,0.00107,-0.00288,0.00107,-0.00025,0.00074,-55.75033,254.00000
0.69801,0.69768,0.69768,0.69801,0.70360,0.29149,0.28886,0.29346,0.28689,0.29281,0.00140,-0.00057,0.00173,0.00304,0.00206,-55.75033,255.00000
0.69242,0.69538,0.70064,0.68683,0.69736,0.28919,0.28886,0.28952,0.29314,0.28787,-0.00288,0.00337,0.00008,-0.00057,0.00206,-56.27848,256.00000
0.69440,0.69768,0.69440,0.69670,0.69900,0.28985,0.28754,0.28853,0.29149,0.29182,0.00041,0.00041,0.00074,0.00140,0.00074,-56.27848,257.00000
0.69637,0.69472,0.69538,0.69571,0.69900,0.29083,0.29379,0.28985,0.29083,0.28886,0.00140,0.00140,-0.00386,0.00074,0.00074,-55.99325,258.00000
0.69604,0.70196,0.69900,0.70032,0.69801,0.29050,0.29215,0.29281,0.29116,0.29215,0.00173,-0.00090,0.00239,0.00239,-0.00386,-55.99325,259.00000
0.69078,0.69571,0.69768,0.69341,0.69078,0.29478,0.28754,0.29314,0.29215,0.29642,0.00206,-0.00386,-0.00288,-0.00025,-0.00189,-56.08012,260.00000
0.69736,0.70130,0.69308,0.69571,0.69670,0.28623,0.28886,0.28952,0.29182,0.28722,0.00206,-0.00321,0.00239,0.00107,0.00666,-56.08012,261.00000
0.69407,0.69571,0.69768,0.69472,0.69571,0.29544,0.29116,0.29116,0.28985,0.29379,0.00239,-0.00090,-0.00057,0.00041,0.00140,-55.82326,262.00000
0.69045,0.70360,0.69571,0.69933,0.69341,0.29511,0.28623,0.28754,0.29412,0.28919,0.00272,-0.00025,-0.00353,-0.00123,-0.00353,-55.82326,263.00000
0.69571,0.69604,0.69703,0.69505,0.69440,0.29182,0.28886,0.28787,0.29248,0.28590,0.00239,0.00074,-0.00090,-0.00156,0.00206,-56.07569,264.00000
0.70064,0.69637,0.69867,0.69407,0.69538,0.29149,0.28985,0.29050,0.28787,0.29281,-0.00353,0.00272,0.00206,0.00041,0.00041,-56.07569,265.00000
0.69966,0.69209,0.69670,0.69242,0.69242,0.29018,0.28820,0.29050,0.28754,0.28919,0.00140,0.00502,0.00008,-0.00025,-0.00156,-55.75513,266.00000
0.69867,0.69966,0.69209,0.69242,0.69374,0.28590,0.29018,0.29149,0.29116,0.28985,0.00502,-0.00156,0.00173,0.00304,0.00239,-55.75513,267.00000
0.69900,0.69111,0.69670,0.69834,0.69999,0.28689,0.28919,0.29149,0.29050,0.29445,-0.00189,-0.00057,0.00008,0.00173,-0.00090,-56.48352,268.00000
0.69703,0.69736,0.69604,0.69604,0.69670,0.29149,0.29116,0.29050,0.28853,0.28886,0.00140,0.00337,0.00041,-0.00123,0.00074,-56.48352,269.00000
0.69440,0.69604,0.69801,0.69374,0.69341,0.28985,0.29215,0.28985,0.29281,0.28787,0.00206,-0.00222,-0.00057,-0.00156,-0.00156,-56.00787,270.00000
0.69374,0.69505,0.69472,0.69703,0.69341,0.29281,0.28754,0.29215,0.29412,0.29149,-0.00057,-0.00025,0.00304,0.00272,-0.00025,-56.00787,271.00000
0.68848,0.69933,0.69768,0.69933,0.69012,0.29511,0.28689,0.29314,0.29248,0.29116,-0.00025,-0.00156,-0.00288,-0.00090,0.00140,-56.13138,272.00000
0.68683,0.69242,0.69703,0.69012,0.69900,0.28952,0.28623,0.29050,0.29050,0.29281,-0.00222,0.00008,-0.00485,0.00041,-0.00156,-56.13138,273.00000
0.69867,0.69012,0.69242,0.69834,0.69440,0.28853,0.29149,0.29610,0.29149,0.29083,-0.00189,0.00337,-0.00025,-0.00222,0.00370,-56.39821,274.00000
0.69341,0.69670,0.69407,0.69407,0.69999,0.29215,0.28985,0.28985,0.29083,0.28919,0.00535,0.00173,-0.00090,0.00272,-0.00288,-56.39821,275.00000
0.69505,0.69736,0.69604,0.69801,0.69440,0.29149,0.29083,0.28820,0.29248,0.29050,-0.00090,0.00041,0.00107,-0.00222,0.00041,-56.49256,276.00000
0.69637,0.69538,0.69341,0.69111,0.69736,0.29116,0.28886,0.29314,0.29149,0.29215,-0.00156,0.00173,0.00304,0.00469,-0.00321,-56.49256,277.00000
0.69736,0.70032,0.69637,0.69045,0.69308,0.29018,0.28722,0.29346,0.29314,0.28754,-0.00090,-0.00057,0.00074,0.00008,-0.00321,-56.20282,278.00000
0.69472,0.69242,0.69341,0.69900,0.68617,0.29445,0.29314,0.28557,0.29248,0.29248,0.00173,0.00107,0.00008,-0.00057,0.00568,-56.20282,279.00000
0.69440,0.69538,0.69341,0.69538,0.69176,0.29182,0.29050,0.29050,0.29281,0.29116,0.00206,-0.00189,-0.00189,-0.00123,0.00074,-56.01645,280.00000
0.69209,0.69933,0.69176,0.69538,0.69768,0.28820,0.29215,0.29149,0.28952,0.29050,-0.00057,0.00173,-0.00090,0.00074,0.00239,-56.01645,281.00000
0.69209,0.70032,0.69275,0.69045,0.69308,0.29182,0.29379,0.29314,0.28853,0.29478,-0.00123,0.00304,0.00272,0.00370,0.00337,-56.87053,282.00000
0.69966,0.69012,0.69407,0.69472,0.69176,0.29281,0.28491,0.29248,0.28985,0.29116,-0.00025,0.00008,-0.00025,0.00469,-0.00090,-56.87053,283.00000
0.69440,0.69505,0.69275,0.69604,0.69670,0.29215,0.28919,0.28985,0.28985,0.28689,0.00272,0.00041,-0.00682,0.00239,0.00272,-56.42355,284.00000
0.69144,0.69703,0.69209,0.68683,0.69209,0.28590,0.29050,0.29050,0.28787,0.29248,0.00337,0.00239,0.00370,0.00041,0.00008,-56.42355,285.00000
0.68683,0.69275,0.69341,0.69670,0.69176,0.29281,0.29511,0.29018,0.29050,0.29182,-0.00057,-0.00057,-0.00090,0.00074,-0.00649,-56.28306,286.00000
0.69209,0.69472,0.69407,0.69571,0.68749,0.29215,0.29050,0.29182,0.29116,0.29248,-0.00057,-0.00288,0.00107,0.00272,-0.00584,-56.28306,287.00000
0.68617,0.69407,0.69111,0.69472,0.69736,0.29116,0.29215,0.28952,0.29083,0.29314,0.00074,-0.00353,-0.00025,-0.00123,0.00173,-55.57561,288.00000
0.69078,0.68979,0.69275,0.69242,0.69966,0.29412,0.28985,0.29083,0.28820,0.29248,0.00074,0.00041,-0.00222,-0.00189,-0.00090,-55.57561,289.00000
0.69045,0.68880,0.68946,0.68815,0.69242,0.29182,0.29018,0.29018,0.29478,0.28853,0.00173,-0.00156,0.00304,0.00140,-0.00057,-55.60275,290.00000
0.69275,0.69111,0.69703,0.69144,0.69045,0.29050,0.28919,0.29215,0.28820,0.29577,0.00008,-0.00123,-0.00057,-0.00057,0.00041,-55.60275,291.00000
0.68880,0.69012,0.69341,0.69736,0.69209,0.29314,0.28722,0.28853,0.28820,0.29511,-0.00222,-0.00156,0.00173,0.00436,0.00370,-55.87022,292.00000
0.69867,0.68815,0.69078,0.68716,0.68486,0.29182,0.29346,0.28919,0.28820,0.28919,-0.00189,-0.00189,-0.00025,-0.00255,0.00107,-55.87022,293.00000
0.68650,0.68782,0.68650,0.69670,0.69045,0.28919,0.29215,0.28952,0.28985,0.29346,0.00239,-0.00057,0.00173,0.00370,-0.00123,-55.91607,294.00000
0.68979,0.68288,0.68584,0.69440,0.68749,0.29281,0.28853,0.29018,0.28952,0.28919,-0.00123,0.00304,-0.00222,0.00140,-0.00123,-55.91607,295.00000
0.68124,0.69637,0.69440,0.68650,0.68979,0.29281,0.28787,0.28754,0.28919,0.29478,0.00074,0.00206,-0.00419,0.00239,-0.00057,-56.01712,296.00000
0.68782,0.69275,0.68617,0.69308,0.68815,0.29314,0.28919,0.28590,0.29281,0.28952,0.00008,-0.00090,0.00206,-0.00288,0.00272,-56.01712,297.00000
0.68519,0.68946,0.68716,0.69111,0.69111,0.28919,0.28853,0.28919,0.28853,0.29281,-0.00025,0.00107,0.00469,-0.00189,0.00008,-56.33131,298.00000
0.68519,0.68815,0.69045,0.68880,0.68946,0.28886,0.29116,0.28919,0.28919,0.28557,-0.00123,0.00304,0.00041,-0.00057,0.00041,-56.33131,299.00000
0.68354,0.68913,0.68683,0.69374,0.69078,0.29149,0.29050,0.29248,0.29346,0.29215,0.00206,0.00206,0.00107,0.00206,0.00173,-55.73402,300.00000
0.68880,0.68584,0.69308,0.68946,0.68321,0.29083,0.28820,0.29050,0.28722,0.28557,-0.00353,-0.00353,-0.00025,0.00107,0.00337,-55.73402,301.00000
0.68321,0.69144,0.68979,0.68321,0.69440,0.29577,0.28952,0.29182,0.29018,0.29182,0.00239,-0.00057,-0.00057,-0.00353,0.00008,-55.81623,302.00000
0.68552,0.69012,0.68716,0.68880,0.68815,0.29149,0.28985,0.28952,0.28952,0.29018,0.00206,-0.00485,0.00732,0.00403,0.00008,-55.81623,303.00000
0.68848,0.68815,0.69045,0.68256,0.68617,0.29116,0.28919,0.29018,0.29050,0.29018,0.00206,-0.00156,0.00107,-0.00156,-0.00353,-56.15274,304.00000
0.69012,0.69407,0.68815,0.69012,0.68979,0.29346,0.29018,0.28689,0.29018,0.29149,-0.00255,0.00074,-0.00057,-0.00156,0.00041,-56.15274,305.00000
0.69308,0.69176,0.68782,0.68354,0.69045,0.28656,0.28689,0.29050,0.28754,0.29149,-0.00255,0.00206,0.00008,0.00502,0.00140,-56.04268,306.00000
0.69242,0.69078,0.69045,0.68552,0.69209,0.28886,0.29050,0.29379,0.29314,0.29083,0.00304,-0.00025,0.00206,-0.00057,-0.00057,-56.04268,307.00000
0.68650,0.68157,0.68486,0.69374,0.68124,0.29018,0.29018,0.29149,0.29379,0.29018,-0.00025,0.00107,0.00370,-0.00025,-0.00025,-55.64829,308.00000
0.69242,0.69242,0.68749,0.68782,0.69440,0.29544,0.29116,0.29248,0.29083,0.29149,0.00107,0.00107,0.00403,0.00304,-0.00123,-55.64829,309.00000
0.69144,0.68519,0.68486,0.68749,0.68979,0.29610,0.29281,0.29215,0.29083,0.29149,0.00239,0.00206,-0.00156,0.00600,0.00337,-55.81243,310.00000
0.69341,0.67959,0.68223,0.69078,0.68913,0.29182,0.29018,0.29248,0.28886,0.28754,-0.00288,0.00140,-0.00025,0.00403,-0.00057,-55.81243,311.00000
0.67927,0.69176,0.68749,0.68880,0.68880,0.29182,0.29116,0.28886,0.29018,0.29478,0.00140,0.00206,0.00008,-0.00123,0.00140,-55.66012,312.00000
0.68848,0.68749,0.68749,0.68749,0.68946,0.29116,0.29149,0.28524,0.29182,0.28656,0.00008,-0.00222,-0.00189,-0.00353,-0.00189,-55.66012,313.00000
0.68420,0.68486,0.68946,0.68354,0.68749,0.28985,0.28820,0.28689,0.29083,0.29314,-0.00057,0.00304,0.00107,0.00008,0.00107,-55.99901,314.00000
0.68584,0.69045,0.68979,0.68519,0.67927,0.28919,0.28886,0.29379,0.29050,0.29346,-0.00156,-0.00189,0.00370,0.00272,-0.00057,-55.99901,315.00000
0.68387,0.68552,0.68749,0.68091,0.68749,0.28820,0.29445,0.29281,0.29149,0.29182,0.00074,0.00272,-0.00288,0.00173,0.00239,-56.08788,316.00000
0.68157,0.68486,0.68486,0.68782,0.68321,0.28985,0.29182,0.29083,0.29248,0.28952,-0.00025,-0.00057,-0.00321,-0.00255,0.00173,-56.08788,317.00000
0.67795,0.67696,0.68288,0.68157,0.68880,0.29149,0.28754,0.29346,0.28919,0.28886,0.00337,0.00041,-0.00057,-0.00090,0.00272,-55.91748,318.00000
0.68453,0.68288,0.68058,0.68321,0.68453,0.29281,0.29314,0.29182,0.29050,0.29116,-0.00386,0.00337,0.00239,0.00436,0.00206,-55.91748,319.00000
0.68223,0.68256,0.68387,0.68354,0.68420,0.28820,0.28820,0.29149,0.29511,0.29018,0.00337,-0.00025,0.00008,-0.00222,0.00107,-55.93481,320.00000
0.68617,0.68716,0.68157,0.69045,0.68519,0.29314,0.29182,0.29116,0.29018,0.29018,0.00140,0.00107,0.00337,-0.00057,-0.00353,-55.93481,321.00000
0.68223,0.68519,0.68091,0.68321,0.68354,0.28853,0.29544,0.29281,0.29182,0.29248,0.00304,0.00074,-0.00156,0.00140,-0.00255,-55.69690,322.00000
0.68124,0.68519,0.68190,0.68124,0.67861,0.28820,0.29610,0.29116,0.29215,0.28557,0.00041,0.00173,0.00008,0.00107,-0.00255,-55.69690,323.00000
0.68519,0.68387,0.68256,0.68716,0.68683,0.28853,0.29182,0.29018,0.29083,0.29149,0.00008,0.00206,-0.00123,0.00041,0.00041,-55.28009,324.00000
0.68256,0.68913,0.68058,0.68519,0.68979,0.29215,0.29478,0.29314,0.29149,0.29149,-0.00156,0.00140,-0.00090,0.00008,0.00140,-55.28009,325.00000
0.68058,0.68749,0.68124,0.67828,0.69209,0.29215,0.29182,0.29248,0.29018,0.28985,-0.00025,0.00239,0.00041,-0.00057,-0.00090,-55.54288,326.00000
0.68288,0.68190,0.67795,0.68387,0.67927,0.29050,0.29182,0.29050,0.29544,0.29182,-0.00025,0.00140,-0.00123,0.00206,0.00140,-55.54288,327.00000
0.68288,0.68190,0.67861,0.68288,0.68223,0.28952,0.29116,0.29182,0.29018,0.29116,-0.00452,0.00041,-0.00222,-0.00123,0.00008,-56.05513,328.00000
0.68321,0.67828,0.68091,0.68486,0.68486,0.28853,0.28985,0.29083,0.29478,0.29248,0.00074,-0.00090,0.00140,0.00239,-0.00090,-56.05513,329.00000
0.68190,0.68288,0.68453,0.68354,0.68650,0.29083,0.29281,0.29478,0.28985,0.28820,0.00337,0.00074,0.00107,-0.00057,0.00304,-56.06467,330.00000
0.67927,0.68025,0.68782,0.67795,0.67861,0.29215,0.29083,0.29445,0.29511,0.29149,-0.00255,0.00140,-0.00025,0.00370,-0.00090,-56.06467,331.00000
0.68716,0.68552,0.68815,0.67729,0.68124,0.29314,0.29215,0.28656,0.29182,0.28919,0.00304,0.00436,-0.00090,0.00074,0.00304,-55.93761,332.00000
0.68223,0.67959,0.68091,0.68650,0.68058,0.29083,0.29149,0.29412,0.29182,0.29379,-0.00123,0.00337,0.00041,0.00206,-0.00090,-55.93761,333.00000
0.67565,0.67729,0.68387,0.67729,0.67861,0.28985,0.28820,0.29018,0.28952,0.28886,-0.00156,-0.00189,0.00304,-0.00386,0.00304,-55.56890,334.00000
0.68124,0.67565,0.67729,0.67959,0.67795,0.28787,0.29346,0.28820,0.29379,0.29346,-0.00321,-0.00189,0.00469,0.00239,-0.00222,-55.56890,335.00000
0.67466,0.67762,0.68321,0.67696,0.67927,0.28886,0.29248,0.29018,0.28853,0.29708,-0.00123,0.00272,0.00107,0.00008,-0.00057,-55.58963,336.00000
0.67466,0.68025,0.68058,0.67927,0.67565,0.29445,0.29116,0.29544,0.29116,0.28952,-0.00025,-0.00057,-0.00057,0.00008,0.00041,-55.58963,337.00000
0.68256,0.68223,0.67861,0.67894,0.67499,0.29149,0.29149,0.28853,0.29050,0.29314,-0.00156,-0.00255,0.00173,0.00107,-0.00090,-55.40956,338.00000
0.67039,0.67433,0.67466,0.67828,0.67598,0.29346,0.28722,0.29182,0.28689,0.29149,0.00206,-0.00123,0.00008,0.00436,-0.00090,-55.40956,339.00000
0.67400,0.67729,0.68091,0.67729,0.67663,0.28689,0.28919,0.28919,0.29642,0.29116,-0.00123,0.00074,0.00173,0.00041,0.00074,-55.45136,340.00000
0.67499,0.67696,0.67631,0.68124,0.67762,0.29248,0.29116,0.29018,0.28787,0.28985,-0.00189,0.00140,0.00173,0.00074,-0.00189,-55.45136,341.00000
0.67828,0.67631,0.67828,0.67302,0.66808,0.28853,0.28985,0.28787,0.28985,0.28623,0.00107,0.00206,0.00140,0.00206,-0.00057,-55.83115,342.00000
0.67071,0.67137,0.67367,0.67302,0.67170,0.29050,0.28590,0.28656,0.29116,0.28689,-0.00485,-0.00025,-0.00090,0.00107,0.00206,-55.83115,343.00000
0.67861,0.67795,0.67039,0.67729,0.67499,0.28985,0.29018,0.28722,0.29018,0.28985,-0.00123,0.00107,0.00140,-0.00222,-0.00090,-55.69145,344.00000
0.67598,0.67532,0.67795,0.67335,0.67663,0.28985,0.29083,0.29281,0.28425,0.28820,-0.00025,0.00272,-0.00025,-0.00288,0.00041,-55.69145,345.00000
0.67236,0.67433,0.67532,0.67269,0.67696,0.28787,0.28754,0.29412,0.29018,0.28919,-0.00090,0.00206,0.00173,-0.00189,0.00469,-55.09914,346.00000
0.67367,0.67400,0.68091,0.67104,0.67598,0.29018,0.29445,0.29116,0.28853,0.28919,0.00304,-0.00321,0.00041,0.00403,-0.00189,-55.09914,347.00000
0.67170,0.67663,0.67236,0.67565,0.67499,0.29050,0.29281,0.29248,0.28754,0.28656,0.00206,-0.00057,-0.00123,-0.00025,-0.00123,-56.13356,348.00000
0.67400,0.67992,0.67532,0.67598,0.67696,0.29116,0.28919,0.29215,0.28853,0.29577,0.00272,-0.00057,0.00337,0.00008,-0.00057,-56.13356,349.00000
0.67137,0.67203,0.67631,0.67631,0.67137,0.29050,0.29083,0.28952,0.29182,0.29116,0.00140,0.00173,0.00337,0.00074,-0.00156,-55.99402,350.00000
0.67532,0.67598,0.67400,0.67499,0.68321,0.29018,0.29412,0.28754,0.29018,0.29215,0.00403,-0.00255,-0.00156,0.00107,0.00140,-55.99402,351.00000
0.67663,0.67302,0.67828,0.67762,0.67269,0.29675,0.29149,0.28985,0.29116,0.29083,0.00173,-0.00057,-0.00518,0.00140,0.00041,-56.01947,352.00000
0.67663,0.67071,0.67565,0.67466,0.67729,0.29478,0.28886,0.29412,0.28952,0.29149,0.00206,0.00239,0.00173,0.00403,0.00173,-56.01947,353.00000
0.67598,0.66775,0.67729,0.67598,0.67367,0.29511,0.29149,0.29050,0.29182,0.28820,-0.00123,-0.00123,-0.00025,-0.00090,0.00074,-54.73581,354.00000
0.67762,0.67367,0.67203,0.67367,0.67861,0.29346,0.29445,0.29083,0.29314,0.29018,0.00173,0.00008,0.00107,-0.00123,0.00041,-54.73581,355.00000
0.67828,0.67203,0.68223,0.67729,0.67565,0.29314,0.29445,0.29248,0.29116,0.28754,0.00140,0.00403,0.00107,0.00008,0.00140,-53.13451,356.00000
0.67499,0.67762,0.67828,0.67203,0.67762,0.29083,0.29116,0.29281,0.29182,0.29050,-0.00222,-0.00156,0.00107,0.00008,0.00107,-53.13451,357.00000
0.67236,0.67532,0.67335,0.66940,0.67433,0.29149,0.29116,0.29182,0.29149,0.29149,-0.00025,-0.00057,0.00304,0.00535,0.00304,-52.24596,358.00000
0.66841,0.66874,0.66808,0.68124,0.66907,0.29149,0.28787,0.29018,0.29083,0.28985,0.00074,-0.00419,0.00107,0.00173,0.00074,-52.24596,359.00000
0.66545,0.66907,0.66940,0.66841,0.66381,0.29215,0.28919,0.29610,0.29050,0.28722,-0.00123,0.00239,0.00107,-0.00222,0.00041,-52.40716,360.00000
0.66907,0.66611,0.67039,0.67631,0.66775,0.28820,0.29116,0.29511,0.29018,0.28689,0.00008,-0.00255,0.00173,0.00140,0.00239,-52.40716,361.00000
0.66447,0.66973,0.67203,0.66940,0.66940,0.29248,0.29215,0.28787,0.29083,0.29281,0.00173,-0.00090,-0.00156,0.00140,-0.00419,-53.75973,362.00000
0.66381,0.66907,0.65887,0.66743,0.66775,0.28722,0.29182,0.29149,0.29215,0.28623,0.00008,0.00337,-0.00189,-0.00156,-0.00222,-53.75973,363.00000
0.66940,0.66414,0.66381,0.66249,0.66743,0.29149,0.28853,0.28952,0.29248,0.29248,-0.00123,0.00041,0.00304,0.00337,0.00107,-54.72899,364.00000
0.66545,0.66710,0.66216,0.66973,0.67170,0.29182,0.28754,0.29281,0.28820,0.28853,-0.00057,-0.00255,-0.00584,-0.00222,-0.00057,-54.72899,365.00000
0.66578,0.66052,0.66677,0.66907,0.66249,0.28985,0.29445,0.28820,0.28853,0.29215,-0.00518,-0.00025,0.00074,0.00272,0.00272,-54.87426,366.00000
0.66381,0.66644,0.65887,0.66677,0.66677,0.28853,0.28886,0.28952,0.29050,0.28557,-0.00090,0.00008,-0.00156,-0.00288,-0.00057,-54.87426,367.00000
0.65657,0.66151,0.65559,0.66348,0.66644,0.28294,0.28985,0.28952,0.29642,0.28787,0.00304,-0.00057,-0.00288,0.00206,-0.00353,-55.59387,368.00000
0.66644,0.66578,0.66249,0.66447,0.66019,0.28557,0.29116,0.29116,0.29314,0.29215,0.00008,-0.00057,-0.00057,0.00008,-0.00123,-55.59387,369.00000
0.66249,0.65460,0.66019,0.65986,0.65723,0.29050,0.28754,0.29083,0.29149,0.29215,0.00074,-0.00090,-0.00419,0.00140,-0.00156,-55.96100,370.00000
0.65822,0.66414,0.66348,0.66118,0.66414,0.29116,0.28754,0.28689,0.29018,0.28722,0.00008,-0.00025,0.00140,0.00337,-0.00288,-55.96100,371.00000
0.66479,0.66052,0.66249,0.67039,0.66348,0.28919,0.28623,0.28623,0.28787,0.29248,-0.00288,-0.00222,-0.00090,-0.00353,0.00074,-56.09573,372.00000
0.66216,0.66775,0.66611,0.66907,0.66677,0.29182,0.28853,0.28524,0.28952,0.28820,-0.00090,0.00140,0.00370,-0.00189,-0.00090,-56.09573,373.00000
0.66249,0.66973,0.66381,0.66381,0.66907,0.29083,0.28754,0.29083,0.29050,0.29379,0.00107,0.00337,-0.00255,0.00206,-0.00222,-56.19240,374.00000
0.66414,0.65855,0.66216,0.66775,0.65591,0.28985,0.28623,0.28985,0.29708,0.28985,0.00107,-0.00222,-0.00189,0.00041,0.00206,-56.19240,375.00000
0.65986,0.65855,0.66282,0.66216,0.66348,0.29544,0.29281,0.28853,0.28952,0.28820,-0.00288,0.00074,-0.00255,-0.00057,-0.00090,-55.75733,376.00000
0.66677,0.66216,0.65789,0.66545,0.66841,0.29215,0.29116,0.29050,0.28985,0.29116,-0.00156,0.00436,0.00107,0.00206,0.00206,-55.75733,377.00000
0.66052,0.66282,0.65887,0.65887,0.66381,0.28787,0.28886,0.28787,0.28557,0.29149,0.00107,-0.00255,-0.00255,0.00304,-0.00025,-55.28589,378.00000
0.66414,0.65756,0.66808,0.65887,0.66282,0.29346,0.29083,0.29018,0.29215,0.28919,0.00173,0.00173,0.00239,-0.00156,0.00173,-55.28589,379.00000
0.66151,0.66973,0.66479,0.66052,0.65822,0.29281,0.28820,0.28919,0.29018,0.29149,-0.00288,0.00074,0.00107,0.00535,-0.00156,-55.05994,380.00000
0.65756,0.66118,0.65789,0.65986,0.66249,0.29412,0.29248,0.28886,0.29018,0.28689,0.00008,-0.00123,-0.00156,-0.00353,-0.00090,-55.05994,381.00000
0.66151,0.65361,0.66479,0.65723,0.66019,0.28689,0.29215,0.29281,0.28985,0.29083,-0.00156,0.00041,-0.00025,0.00304,0.00074,-55.13007,382.00000
0.65855,0.65887,0.65690,0.66315,0.66151,0.29215,0.29182,0.28656,0.28919,0.29149,0.00107,0.00600,-0.00321,-0.00189,-0.00025,-55.13007,383.00000
0.65591,0.66118,0.66019,0.65460,0.65822,0.28722,0.29182,0.28787,0.29215,0.28985,-0.00189,0.00239,0.00173,0.00304,0.00074,-55.47031,384.00000
0.65559,0.65986,0.65591,0.65887,0.65723,0.28425,0.29511,0.29116,0.28722,0.28754,0.00107,0.00107,0.00304,0.00008,0.00041,-55.47031,385.00000
0.65920,0.65624,0.65526,0.65131,0.65887,0.28853,0.29511,0.29083,0.29544,0.29182,0.00140,-0.00222,0.00436,-0.00518,0.00272,-55.18388,386.00000
0.65361,0.65032,0.65953,0.65756,0.65032,0.28360,0.28952,0.29149,0.28820,0.29050,0.00173,0.00140,0.00173,0.00107,0.00239,-55.18388,387.00000
0.64999,0.65690,0.65460,0.65559,0.65197,0.28919,0.29116,0.28524,0.28919,0.28590,0.00008,-0.00123,0.00239,-0.00255,0.00140,-55.29458,388.00000
0.65427,0.65032,0.65756,0.65493,0.65789,0.28623,0.29412,0.29116,0.29018,0.29379,-0.00156,0.00173,-0.00123,0.00140,-0.00255,-55.29458,389.00000
0.65295,0.64703,0.65855,0.64966,0.65657,0.29445,0.28557,0.28853,0.29149,0.29314,0.00074,0.00041,0.00304,-0.00025,-0.00288,-55.58186,390.00000
0.65920,0.65559,0.65460,0.64374,0.64934,0.28524,0.29050,0.28853,0.28754,0.29642,0.00403,-0.00123,0.00140,0.00272,-0.00057,-55.58186,391.00000
0.64440,0.64934,0.65197,0.65197,0.65098,0.29281,0.28886,0.28787,0.29379,0.28623,0.00272,-0.00222,0.00074,0.00403,-0.00057,-54.70743,392.00000
0.65460,0.64769,0.64868,0.65559,0.64440,0.28754,0.29149,0.29314,0.29445,0.28820,-0.00025,-0.00288,-0.00551,0.00074,0.00140,-54.70743,393.00000
0.65295,0.65295,0.65295,0.64802,0.64506,0.28985,0.29708,0.29577,0.28919,0.29314,0.00107,0.00140,0.00239,-0.00123,0.00041,-54.83663,394.00000
0.64802,0.64473,0.65460,0.65624,0.64934,0.29182,0.28820,0.28985,0.29116,0.29116,-0.00025,-0.00090,0.00140,0.00140,0.00436,-54.83663,395.00000
0.65098,0.64374,0.64802,0.64703,0.65295,0.28886,0.29215,0.29083,0.28787,0.29281,-0.00025,0.00140,-0.00189,-0.00288,0.00206,-55.11363,396.00000
0.64539,0.64473,0.65032,0.64966,0.64539,0.29018,0.29116,0.29314,0.28327,0.28952,0.00041,-0.00288,-0.00419,-0.00025,0.00173,-55.11363,397.00000
0.64835,0.64999,0.65131,0.64802,0.64144,0.28853,0.28952,0.29083,0.28722,0.29445,0.00140,0.00041,0.00140,-0.00321,0.00074,-55.77703,398.00000
0.64144,0.64703,0.64901,0.64374,0.64670,0.28919,0.28886,0.28952,0.28985,0.29050,-0.00025,0.00074,0.00173,0.00107,0.00041,-55.77703,399.00000
0.64835,0.65098,0.64802,0.64703,0.64736,0.29182,0.29346,0.28853,0.29116,0.28853,0.00173,0.00206,-0.00057,-0.00123,0.00074,-55.32260,400.00000
0.64506,0.64473,0.64539,0.64835,0.64638,0.29050,0.28722,0.29248,0.28623,0.29018,0.00107,0.00272,0.00074,0.00074,0.00272,-55.32260,401.00000
0.64013,0.64342,0.64473,0.64046,0.64736,0.29281,0.28952,0.28853,0.28919,0.29314,0.00304,-0.00485,-0.00189,-0.00025,-0.00025,-55.08561,402.00000
0.64046,0.64473,0.64243,0.64638,0.64078,0.29281,0.28787,0.29050,0.28787,0.29018,0.00074,-0.00321,0.00107,0.00008,0.00041,-55.08561,403.00000
0.64440,0.64868,0.64407,0.64670,0.64506,0.28853,0.28952,0.29083,0.28754,0.28853,0.00173,-0.00156,-0.00288,-0.00288,-0.00156,-55.59701,404.00000
0.64769,0.63651,0.64506,0.64276,0.63782,0.28952,0.28656,0.28820,0.28919,0.29544,-0.00156,-0.00189,0.00107,0.00074,0.00041,-55.59701,405.00000
0.64013,0.64407,0.64046,0.64572,0.64374,0.28952,0.28623,0.28985,0.29083,0.29182,0.00370,-0.00189,-0.00123,0.00206,-0.00090,-55.26432,406.00000
0.64605,0.63914,0.63585,0.64210,0.64342,0.29050,0.29149,0.28886,0.29346,0.29050,0.00403,0.00041,0.00041,0.00041,-0.00057,-55.26432,407.00000
0.64243,0.63618,0.63947,0.64276,0.64736,0.29215,0.28820,0.29050,0.29182,0.29215,-0.00156,0.00206,0.00436,-0.00123,0.00272,-55.80111,408.00000
0.63815,0.63486,0.62763,0.64210,0.63782,0.29314,0.29346,0.29412,0.29050,0.28820,-0.00025,-0.00025,-0.00518,-0.00123,-0.00156,-55.80111,409.00000
0.64177,0.63125,0.64046,0.63717,0.63914,0.29182,0.29182,0.28754,0.29116,0.29379,0.00502,0.00074,0.00008,0.00337,-0.00123,-56.09635,410.00000
0.63125,0.63552,0.63223,0.63914,0.63815,0.28722,0.29182,0.29050,0.28623,0.28985,0.00272,0.00041,0.00239,-0.00025,0.00304,-56.09635,411.00000
0.63717,0.63815,0.63782,0.63684,0.63256,0.29281,0.28919,0.28919,0.28820,0.29182,-0.00419,0.00074,0.00272,0.00173,-0.00025,-56.55404,412.00000
0.63684,0.63256,0.63388,0.64078,0.63782,0.28722,0.29248,0.28985,0.29379,0.29050,-0.00189,0.00041,0.00206,0.00107,0.00272,-56.55404,413.00000
0.63421,0.63651,0.63980,0.63388,0.63454,0.29050,0.29445,0.29083,0.28985,0.28919,0.00041,0.00140,0.00008,-0.00090,0.00041,-56.76823,414.00000
0.63223,0.63355,0.63388,0.63322,0.63552,0.28820,0.29379,0.28886,0.28985,0.29840,-0.00025,0.00173,-0.00025,-0.00057,0.00107,-56.76823,415.00000
0.63486,0.62763,0.63486,0.63059,0.63256,0.28820,0.29314,0.29116,0.28985,0.28919,-0.00584,0.00272,0.00272,-0.00321,-0.00025,-56.04525,416.00000
0.63092,0.63585,0.62401,0.63355,0.63717,0.28722,0.28754,0.28853,0.28722,0.29215,0.00436,0.00173,0.00107,0.00337,0.00107,-56.04525,417.00000
0.62598,0.63223,0.62796,0.63618,0.63717,0.29083,0.29215,0.29182,0.28952,0.29281,-0.00090,-0.00156,0.00008,0.00206,-0.00057,-55.59098,418.00000
0.62730,0.63454,0.63190,0.63256,0.63026,0.28524,0.28952,0.28952,0.28985,0.29281,0.00074,0.00041,0.00107,0.00041,0.00239,-55.59098,419.00000
0.63158,0.62960,0.63092,0.63322,0.62894,0.29248,0.28689,0.29050,0.29116,0.28952,-0.00288,0.00206,-0.00090,0.00074,0.00074,-55.45907,420.00000
0.62862,0.62730,0.63486,0.63454,0.62730,0.28787,0.28754,0.28820,0.28886,0.28820,0.00074,-0.00057,0.00107,0.00239,0.00041,-55.45907,421.00000
0.62566,0.62302,0.62664,0.62894,0.62763,0.29248,0.29478,0.28952,0.28787,0.29445,0.00272,-0.00123,0.00140,-0.00353,-0.00255,-56.40385,422.00000
0.62269,0.63256,0.62500,0.62894,0.62829,0.29083,0.29018,0.29215,0.29083,0.28754,0.00074,0.00272,-0.00123,-0.00090,-0.00156,-56.40385,423.00000
0.63158,0.62664,0.62138,0.62598,0.62631,0.28886,0.28557,0.29018,0.29379,0.29018,0.00469,0.00041,0.00008,-0.00057,0.00041,-55.66286,424.00000
0.62697,0.62335,0.62927,0.62467,0.61941,0.29314,0.29314,0.28754,0.28919,0.29314,-0.00255,0.00074,-0.00123,-0.00288,-0.00156,-55.66286,425.00000
0.62566,0.62302,0.62269,0.63256,0.62335,0.28820,0.29083,0.29116,0.28952,0.29083,0.00008,0.00107,0.00008,0.00272,-0.00123,-55.96376,426.00000
0.62401,0.62467,0.62598,0.62237,0.62730,0.29215,0.28853,0.29182,0.29050,0.28754,0.00008,-0.00123,-0.00090,-0.00025,-0.00123,-55.96376,427.00000
0.62730,0.62039,0.62204,0.61677,0.62368,0.28623,0.28919,0.29083,0.28820,0.28853,0.00272,0.00140,0.00337,0.00107,-0.00255,-56.45600,428.00000
0.61480,0.62467,0.61809,0.61842,0.62171,0.29050,0.28952,0.28524,0.29018,0.28886,0.00173,-0.00025,-0.00057,0.00140,-0.00057,-56.45600,429.00000
0.61776,0.62302,0.62171,0.62204,0.62204,0.29281,0.28820,0.29182,0.29346,0.28491,-0.00156,-0.00090,-0.00255,-0.00025,-0.00189,-56.25778,430.00000
0.62566,0.62500,0.62631,0.62204,0.62335,0.29215,0.28820,0.29083,0.29083,0.29346,-0.00057,0.00173,0.00008,0.00206,0.00107,-56.25778,431.00000
0.61973,0.61579,0.62467,0.62368,0.61875,0.29314,0.28787,0.29149,0.28820,0.28623,-0.00156,-0.00189,-0.00156,0.00107,-0.00057,-55.73387,432.00000
0.61645,0.62138,0.62566,0.62500,0.62039,0.28853,0.29346,0.29412,0.28656,0.29018,-0.00057,-0.00189,-0.00123,0.00206,-0.00025,-55.73387,433.00000
0.62566,0.61941,0.61941,0.62664,0.61645,0.29215,0.28985,0.29050,0.29018,0.28623,-0.00090,0.00337,0.00008,0.00074,-0.00255,-56.13354,434.00000
0.62598,0.61710,0.61776,0.61875,0.61941,0.29018,0.29478,0.29281,0.29346,0.28689,-0.00057,-0.00025,0.00008,-0.00025,-0.00255,-56.13354,435.00000
0.61579,0.61809,0.61184,0.62401,0.61875,0.29412,0.28952,0.29050,0.29774,0.29412,-0.00057,0.00206,-0.00189,-0.00057,-0.00123,-56.17956,436.00000
0.61381,0.62302,0.61908,0.62335,0.61875,0.29050,0.29577,0.29083,0.29281,0.28919,-0.00090,0.00600,0.00107,0.00008,0.00239,-56.17956,437.00000
0.61480,0.62006,0.61908,0.62072,0.61053,0.29412,0.29248,0.29149,0.28985,0.28722,0.00173,0.00140,0.00140,-0.00255,0.00041,-55.59955,438.00000
0.62368,0.61645,0.61908,0.61151,0.61612,0.28952,0.29379,0.29281,0.29083,0.29018,0.00173,0.00239,-0.00025,0.00140,-0.00353,-55.59955,439.00000
0.61612,0.62072,0.61480,0.61381,0.61217,0.29083,0.28820,0.28623,0.29346,0.29149,-0.00025,-0.00189,0.00107,0.00173,-0.00156,-55.18259,440.00000
0.61217,0.61546,0.61381,0.61217,0.61546,0.28985,0.29018,0.29281,0.29478,0.28820,-0.00123,0.00107,-0.00123,0.00041,-0.00025,-55.18259,441.00000
0.61151,0.60888,0.61217,0.60855,0.61217,0.28754,0.29018,0.28985,0.28689,0.29116,-0.00321,-0.00189,0.00568,0.00140,0.00337,-55.50145,442.00000
0.61414,0.61217,0.61151,0.60822,0.61217,0.28919,0.28754,0.29215,0.28820,0.28853,-0.00222,0.00304,-0.00090,-0.00156,0.00107,-55.50145,443.00000
0.61053,0.60592,0.61151,0.61480,0.60263,0.28524,0.28689,0.28787,0.29314,0.28985,0.00041,-0.00123,-0.00189,0.00074,-0.00025,-55.84643,444.00000
0.61053,0.61349,0.60954,0.61447,0.60921,0.29281,0.28754,0.28787,0.28985,0.29215,0.00140,0.00107,-0.00025,0.00107,0.00140,-55.84643,445.00000
0.60230,0.60625,0.60789,0.61217,0.61283,0.28787,0.29083,0.28985,0.28886,0.29215,0.00107,0.00337,-0.00123,0.00140,0.00272,-55.60388,446.00000
0.60954,0.60954,0.60855,0.60921,0.61677,0.29281,0.28853,0.29182,0.29346,0.29215,-0.00156,0.00008,0.00008,0.00140,-0.00090,-55.60388,447.00000
0.60724,0.61085,0.60395,0.60066,0.61053,0.28886,0.29215,0.28952,0.29149,0.29215,0.00206,0.00107,-0.00057,0.00107,-0.00057,-53.99823,448.00000
0.60197,0.60066,0.60099,0.60165,0.60132,0.28820,0.29116,0.28327,0.28787,0.29248,0.00370,-0.00222,-0.00123,-0.00156,0.00140,-53.99823,449.00000
0.60592,0.60625,0.59901,0.60822,0.60526,0.29478,0.29248,0.29379,0.29149,0.28886,-0.00156,0.00107,0.00041,0.00370,-0.00123,-53.46396,450.00000
0.60954,0.60197,0.60822,0.60691,0.60165,0.29018,0.28985,0.29149,0.29281,0.29116,0.00008,-0.00123,-0.00156,0.00041,-0.00090,-53.46396,451.00000
0.59671,0.60230,0.60263,0.60461,0.60724,0.28820,0.29050,0.28985,0.29018,0.28754,0.00140,-0.00156,0.00403,-0.00288,-0.00353,-53.65581,452.00000
0.60329,0.60099,0.59309,0.60592,0.60132,0.29215,0.29116,0.28952,0.29018,0.29149,-0.00419,-0.00156,-0.00123,-0.00386,0.00074,-53.65581,453.00000
0.60230,0.60000,0.60066,0.60033,0.59737,0.28952,0.29149,0.29083,0.29248,0.28985,0.00173,-0.00057,0.00107,-0.00025,-0.00189,-54.21072,454.00000
0.60066,0.60165,0.60658,0.60000,0.59572,0.29379,0.29083,0.29577,0.28919,0.28853,-0.00090,0.00140,-0.00090,0.00239,-0.00025,-54.21072,455.00000
0.59244,0.60230,0.60362,0.60099,0.60033,0.28952,0.28919,0.28524,0.28787,0.28754,0.00008,-0.00222,-0.00025,-0.00090,-0.00090,-55.19862,456.00000
0.60066,0.60066,0.60230,0.59901,0.59638,0.29116,0.29018,0.29281,0.29346,0.28952,-0.00321,0.00173,0.00206,0.00074,0.00272,-55.19862,457.00000
0.59737,0.60000,0.59605,0.60000,0.59474,0.29182,0.29050,0.29248,0.29083,0.28985,0.00272,-0.00057,-0.00288,-0.00156,-0.00189,-55.85126,458.00000
0.59309,0.59276,0.59737,0.59375,0.59638,0.29182,0.28787,0.28787,0.29182,0.28952,-0.00288,-0.00189,0.00272,-0.00123,0.00239,-55.85126,459.00000
0.59671,0.59375,0.59869,0.58783,0.59145,0.29445,0.28919,0.28491,0.29018,0.28853,-0.00057,0.00502,-0.00057,0.00140,-0.00222,-55.32798,460.00000
0.59342,0.59605,0.58980,0.58783,0.58849,0.29215,0.29346,0.29083,0.29346,0.28557,-0.00057,0.00272,-0.00255,-0.00025,-0.00156,-55.32798,461.00000
0.58980,0.59276,0.59474,0.59704,0.59211,0.28985,0.29116,0.29577,0.29281,0.29281,0.00008,0.00074,-0.00156,0.00140,0.00074,-55.73772,462.00000
0.58487,0.59737,0.58980,0.58882,0.58652,0.29215,0.28919,0.29116,0.29083,0.28919,0.00173,0.00074,-0.00057,0.00107,-0.00090,-55.73772,463.00000
0.59342,0.58915,0.58750,0.58882,0.59276,0.29050,0.29182,0.29018,0.29248,0.29281,0.00239,0.00206,0.00370,0.00272,0.00008,-55.73263,464.00000
0.58882,0.58750,0.58750,0.58849,0.58454,0.28787,0.29412,0.29248,0.29083,0.29412,0.00206,-0.00222,-0.00288,-0.00156,-0.00386,-55.73263,465.00000
0.58980,0.58816,0.58356,0.58750,0.58816,0.28787,0.28820,0.28985,0.29050,0.28952,-0.00189,-0.00189,0.00206,-0.00123,-0.00025,-55.16368,466.00000
0.58783,0.58750,0.58816,0.57994,0.58520,0.29248,0.29281,0.29215,0.28491,0.28919,-0.00386,-0.00123,0.00272,0.00239,0.00140,-55.16368,467.00000
0.58060,0.58454,0.58191,0.58290,0.58684,0.28985,0.28853,0.28886,0.28952,0.29346,-0.00321,0.00173,-0.00025,-0.00189,0.00008,-55.49688,468.00000
0.58652,0.58158,0.58092,0.58356,0.57928,0.29149,0.28820,0.28886,0.28853,0.29248,0.00206,-0.00123,0.00041,0.00239,-0.00189,-55.49688,469.00000
0.58323,0.58257,0.57764,0.58224,0.58323,0.29215,0.28952,0.28590,0.29281,0.28853,-0.00123,-0.00090,0.00239,0.00568,0.00041,-55.36807,470.00000
0.57764,0.57731,0.57994,0.58652,0.57895,0.29182,0.28919,0.29050,0.28820,0.28754,0.00173,0.00041,0.00239,0.00041,0.00041,-55.36807,471.00000
0.57961,0.57862,0.57994,0.57994,0.57994,0.29577,0.29314,0.29116,0.28491,0.28524,0.00107,0.00074,-0.00156,-0.00025,0.00436,-55.88472,472.00000
0.57731,0.57665,0.58191,0.57665,0.58684,0.29248,0.29083,0.29215,0.29248,0.29050,-0.00156,0.00206,0.00074,0.00008,-0.00353,-55.88472,473.00000
0.56875,0.57994,0.57402,0.57468,0.57665,0.28228,0.28919,0.29083,0.29215,0.28952,-0.00222,0.00107,-0.00156,-0.00123,-0.00255,-55.84031,474.00000
0.57599,0.57237,0.57698,0.57632,0.57895,0.29116,0.28985,0.28656,0.29346,0.28919,0.00074,-0.00090,-0.00189,0.00074,0.00008,-55.84031,475.00000
0.57533,0.57829,0.57303,0.57764,0.57204,0.29050,0.28886,0.28853,0.28952,0.29083,0.00304,0.00107,0.00074,-0.00090,0.00272,-55.44213,476.00000
0.57533,0.57369,0.57829,0.57862,0.57435,0.29281,0.29379,0.29445,0.29018,0.29314,0.00041,0.00469,0.00008,0.00272,0.00008,-55.44213,477.00000
0.56843,0.56777,0.57369,0.57204,0.56744,0.29018,0.29050,0.28952,0.28722,0.28985,0.00206,0.00304,0.00074,-0.00189,0.00041,-56.06091,478.00000
0.57336,0.57566,0.57007,0.57369,0.56514,0.28590,0.28689,0.28656,0.28952,0.28754,-0.00057,-0.00057,-0.00090,0.00107,-0.00057,-56.06091,479.00000
0.57139,0.56974,0.56678,0.57040,0.57204,0.28985,0.28689,0.28458,0.28754,0.28985,-0.00156,-0.00025,0.00206,-0.00090,0.00074,-56.03094,480.00000
0.56777,0.57007,0.56645,0.56941,0.56612,0.28689,0.29050,0.29215,0.28952,0.29018,0.00041,0.00140,-0.00025,0.00535,0.00568,-56.03094,481.00000
0.56382,0.56678,0.56744,0.57007,0.56777,0.28886,0.29116,0.29018,0.29116,0.29281,0.00272,0.00140,-0.00123,0.00107,0.00008,-56.18442,482.00000
0.56843,0.56612,0.56678,0.56711,0.56448,0.28985,0.29281,0.28919,0.28689,0.28754,0.00206,0.00140,0.00140,0.00206,-0.00222,-56.18442,483.00000
0.56810,0.56349,0.56908,0.56612,0.56382,0.28787,0.28886,0.28623,0.28623,0.28491,-0.00847,-0.00156,0.00337,0.00370,-0.00189,-56.12443,484.00000
0.56547,0.56283,0.56777,0.56448,0.56382,0.28886,0.29050,0.28820,0.29018,0.29083,0.00140,-0.00419,-0.00123,0.00107,-0.00025,-56.12443,485.00000
0.55987,0.56514,0.56645,0.56974,0.55922,0.28820,0.29379,0.28754,0.28722,0.28853,-0.00025,-0.00222,-0.00419,0.00074,0.00140,-55.40597,486.00000
0.56316,0.56316,0.56185,0.55889,0.56218,0.28952,0.29116,0.28985,0.28985,0.29215,-0.00025,0.00272,0.00008,0.00008,0.00140,-55.40597,487.00000
0.55494,0.56218,0.55593,0.55494,0.56218,0.29182,0.28919,0.29149,0.28985,0.28754,-0.00123,0.00041,0.00535,0.00173,0.00041,-55.15660,488.00000
0.55955,0.55790,0.54639,0.55790,0.55198,0.28722,0.28985,0.28919,0.29215,0.28853,0.00107,0.00173,0.00173,0.00272,0.00206,-55.15660,489.00000
0.55593,0.56283,0.55494,0.55724,0.55593,0.29050,0.29050,0.29215,0.28557,0.28360,-0.00025,-0.00090,-0.00189,0.00041,0.00304,-55.80828,490.00000
0.54968,0.55067,0.54968,0.54672,0.56185,0.28722,0.29116,0.29050,0.28985,0.28722,-0.00057,-0.00288,0.00502,0.00337,0.00206,-55.80828,491.00000
0.55527,0.55428,0.55461,0.54869,0.56185,0.28557,0.29018,0.28919,0.28952,0.29149,0.00107,0.00074,0.00337,0.00272,-0.00419,-55.95101,492.00000
0.54968,0.54803,0.55264,0.55198,0.54738,0.29182,0.29248,0.28623,0.28952,0.29149,-0.00321,0.00074,0.00140,0.00337,-0.00057,-55.95101,493.00000
0.55034,0.55001,0.54902,0.54803,0.55264,0.29018,0.28820,0.28787,0.28754,0.29478,0.00008,0.00272,0.00239,0.00370,-0.00090,-55.79289,494.00000
0.54902,0.54705,0.54836,0.55231,0.54409,0.29018,0.28853,0.28952,0.28886,0.28557,-0.00090,-0.00321,0.00206,0.00107,0.00304,-55.79289,495.00000
0.55001,0.54211,0.55297,0.54409,0.54507,0.28820,0.28820,0.28820,0.28656,0.28919,0.00074,0.00502,0.00206,0.00008,0.00041,-56.38766,496.00000
0.54738,0.54211,0.53850,0.53948,0.54968,0.28853,0.28623,0.29018,0.28590,0.28820,0.00337,-0.00288,0.00436,-0.00222,0.00173,-56.38766,497.00000
0.54113,0.54442,0.54705,0.53882,0.54310,0.28590,0.28886,0.28820,0.29379,0.29116,-0.00123,-0.00090,-0.00288,0.00008,-0.00025,-55.64256,498.00000
0.55099,0.53850,0.54343,0.54869,0.54343,0.29050,0.28985,0.28952,0.28985,0.29149,-0.00156,0.00041,0.00041,-0.00090,0.00107,-55.64256,499.00000
0.54409,0.53718,0.54935,0.54310,0.53751,0.28722,0.29018,0.29248,0.28886,0.28853,0.00074,-0.00090,-0.00025,0.00041,0.00370,-55.12353,500.00000
0.54573,0.54113,0.54014,0.54376,0.54277,0.28689,0.28656,0.28590,0.28952,0.28985,0.00107,0.00107,-0.00090,0.00041,-0.00222,-55.12353,501.00000
0.53882,0.54277,0.53915,0.53751,0.54771,0.28623,0.29018,0.28886,0.28952,0.28557,0.00074,0.00272,0.00140,-0.00222,0.00206,-55.23999,502.00000
0.53948,0.54507,0.53389,0.54080,0.54376,0.29281,0.28886,0.28886,0.28722,0.29050,0.00370,0.00272,0.00140,-0.00156,0.00403,-55.23999,503.00000
0.54179,0.54047,0.53258,0.53488,0.53685,0.29116,0.29774,0.29445,0.28524,0.28722,0.00074,-0.00057,-0.00025,0.00107,0.00206,-55.93054,504.00000
0.53126,0.54047,0.53554,0.54080,0.53258,0.28689,0.29215,0.28524,0.29182,0.28820,-0.00025,-0.00025,-0.00123,-0.00025,0.00041,-55.93054,505.00000
0.53356,0.53192,0.54211,0.52534,0.52698,0.29412,0.28557,0.28919,0.28689,0.28820,-0.00123,0.00140,-0.00321,0.00107,-0.00025,-55.21869,506.00000
0.52929,0.52764,0.53488,0.53784,0.52600,0.28952,0.29248,0.29215,0.29018,0.28097,-0.00123,-0.00057,0.00173,0.00041,0.00041,-55.21869,507.00000
0.52962,0.53389,0.53093,0.53652,0.53389,0.29083,0.29018,0.29642,0.29018,0.28787,0.00206,0.00337,0.00008,-0.00288,0.00107,-55.51950,508.00000
0.53192,0.53323,0.52896,0.53093,0.52534,0.28754,0.28689,0.28985,0.29083,0.28787,0.00173,0.00041,0.00041,0.00074,0.00107,-55.51950,509.00000
0.52994,0.52863,0.52435,0.53192,0.53126,0.28491,0.29050,0.28985,0.28820,0.29182,0.00140,-0.00090,-0.00057,0.00206,-0.00386,-55.58446,510.00000
0.52666,0.52698,0.52600,0.51909,0.52896,0.29149,0.28754,0.29116,0.28919,0.28754,0.00337,0.00041,-0.00189,0.00370,-0.00025,-55.58446,511.00000
0.52370,0.52074,0.52008,0.52205,0.52304,0.28919,0.28853,0.29346,0.29281,0.29050,0.00206,0.00239,-0.00321,0.00074,-0.00156,-55.97826,512.00000
0.52205,0.51745,0.52106,0.52402,0.52041,0.29182,0.28689,0.29215,0.28754,0.28919,0.00370,0.00239,0.00107,-0.00288,-0.00386,-55.97826,513.00000
0.52501,0.51021,0.52600,0.51416,0.51514,0.29314,0.28853,0.29314,0.29182,0.29314,-0.00386,-0.00123,0.00107,-0.00025,0.00140,-55.73083,514.00000
0.52271,0.51876,0.51712,0.51942,0.52172,0.28722,0.28853,0.28754,0.28656,0.29182,0.00008,0.00074,-0.00090,-0.00222,-0.00090,-55.73083,515.00000
0.51646,0.51876,0.52139,0.51876,0.51712,0.29445,0.29149,0.29149,0.28787,0.28623,-0.00090,0.00008,0.00107,-0.00090,-0.00485,-55.85370,516.00000
0.52008,0.51679,0.51810,0.51317,0.51547,0.29116,0.29412,0.29248,0.28787,0.28853,-0.00156,0.00074,0.00140,-0.00156,-0.00156,-55.85370,517.00000
0.50659,0.50889,0.51482,0.50955,0.51745,0.28985,0.28919,0.29018,0.29116,0.28656,-0.00123,0.00140,0.00173,0.00107,0.00173,-56.00790,518.00000
0.51383,0.50758,0.51679,0.51317,0.51153,0.28754,0.29182,0.29708,0.28919,0.28919,0.00272,0.00041,-0.00156,0.00304,-0.00090,-56.00790,519.00000
0.50824,0.51153,0.50988,0.51054,0.50889,0.28689,0.28557,0.28754,0.29314,0.28886,0.00041,0.00041,0.00403,0.00173,0.00074,-55.75542,520.00000
0.50396,0.50429,0.50561,0.50791,0.51185,0.28919,0.28985,0.29478,0.29281,0.28886,-0.00025,0.00074,0.00074,0.00469,0.00107,-55.75542,521.00000
0.50199,0.51054,0.49936,0.50396,0.50265,0.29083,0.28919,0.29281,0.29050,0.28820,0.00370,-0.00123,0.00074,0.00107,0.00008,-55.90261,522.00000
0.50889,0.51087,0.49969,0.50758,0.49837,0.28787,0.29018,0.29314,0.28754,0.28689,0.00041,-0.00123,0.00436,0.00304,-0.00222,-55.90261,523.00000
0.50067,0.50659,0.50922,0.50100,0.50330,0.28590,0.28985,0.28985,0.29018,0.28853,0.00008,0.00008,0.00140,0.00041,-0.00123,-56.07631,524.00000
0.50593,0.50232,0.50528,0.50824,0.50626,0.29281,0.29149,0.28985,0.28754,0.28787,-0.00123,-0.00255,-0.00090,-0.00057,-0.00025,-56.07631,525.00000
0.50100,0.49311,0.49113,0.50297,0.49969,0.29346,0.29379,0.28985,0.29149,0.29116,0.00173,0.00107,-0.00452,0.00140,-0.00189,-56.09968,526.00000
0.49804,0.50495,0.50166,0.50330,0.49278,0.28656,0.29182,0.28853,0.29083,0.29314,0.00272,-0.00156,-0.00090,-0.00156,-0.00255,-56.09968,527.00000
0.50001,0.50396,0.49771,0.49738,0.50791,0.28722,0.29314,0.28820,0.28689,0.29412,0.00107,0.00107,0.00074,0.00206,0.00436,-56.59232,528.00000
0.50297,0.49870,0.49607,0.49936,0.49541,0.28853,0.29050,0.28393,0.29018,0.28689,0.00074,-0.00090,-0.00156,-0.00025,0.00008,-56.59232,529.00000
0.49179,0.49640,0.49738,0.49607,0.49377,0.29018,0.29314,0.28820,0.28787,0.29478,-0.00222,0.00074,-0.00386,-0.00090,-0.00156,-56.07936,530.00000
0.49377,0.50166,0.49311,0.48850,0.49640,0.29248,0.28820,0.28853,0.28722,0.28952,0.00074,0.00272,0.00173,0.00173,0.00041,-56.07936,531.00000
0.49344,0.49245,0.49409,0.49607,0.49574,0.29412,0.28754,0.28754,0.29182,0.29248,-0.00123,0.00140,-0.00222,-0.00222,0.00206,-55.56410,532.00000
0.48554,0.48785,0.49212,0.48949,0.48850,0.29149,0.29018,0.28557,0.28787,0.28689,-0.00321,-0.00057,-0.00419,-0.00123,-0.00090,-55.56410,533.00000
0.48785,0.49475,0.48324,0.48390,0.48620,0.28656,0.29083,0.29281,0.28853,0.29050,-0.00123,0.00008,0.00074,-0.00090,0.00304,-55.02082,534.00000
0.48752,0.48324,0.48160,0.49015,0.48752,0.29314,0.28722,0.29050,0.28524,0.28853,0.00173,-0.00222,0.00107,0.00337,0.00370,-55.02082,535.00000
0.48258,0.47864,0.48883,0.48719,0.48357,0.29050,0.29050,0.29018,0.28722,0.28491,0.00206,-0.00222,-0.00090,0.00074,0.00140,-55.56705,536.00000
0.48620,0.48127,0.48949,0.47896,0.48752,0.28985,0.29577,0.28590,0.29050,0.28919,-0.00222,-0.00057,0.00239,0.00173,0.00239,-55.56705,537.00000
0.48160,0.47370,0.48587,0.48390,0.48324,0.29050,0.28656,0.28985,0.29182,0.28952,-0.00222,0.00337,0.00436,0.00074,0.00206,-55.51790,538.00000
0.48357,0.48160,0.47962,0.47962,0.48686,0.28919,0.29050,0.28787,0.29018,0.29314,0.00107,0.00206,-0.00025,-0.00123,0.00173,-55.51790,539.00000
0.47864,0.48160,0.47962,0.48192,0.48357,0.29445,0.29445,0.29018,0.29478,0.28590,-0.00156,0.00272,0.00107,-0.00321,0.00337,-56.04752,540.00000
0.47699,0.47633,0.47732,0.47798,0.47469,0.28787,0.28820,0.29083,0.28787,0.28820,0.00239,0.00272,0.00140,0.00337,0.00206,-56.04752,541.00000
0.47502,0.47403,0.47633,0.47568,0.47107,0.29215,0.28787,0.29149,0.29149,0.29149,-0.00189,0.00008,0.00272,-0.00189,0.00041,-55.63851,542.00000
0.47765,0.47469,0.47633,0.47370,0.47896,0.28853,0.28820,0.28985,0.28886,0.28919,-0.00222,-0.00222,-0.00123,-0.00156,-0.00057,-55.63851,543.00000
0.47239,0.47633,0.47370,0.47206,0.47239,0.29083,0.28820,0.29248,0.28853,0.29149,0.00173,-0.00156,-0.00386,-0.00057,0.00107,-55.11173,544.00000
0.47600,0.47436,0.47107,0.47403,0.47107,0.28689,0.28985,0.29248,0.29346,0.28919,0.00206,0.00041,0.00206,0.00304,-0.00189,-55.11173,545.00000
0.47041,0.47469,0.47041,0.46844,0.46910,0.28360,0.28952,0.28952,0.29478,0.29116,0.00074,-0.00353,0.00074,-0.00057,0.00370,-55.40499,546.00000
0.46844,0.46186,0.46614,0.46548,0.47403,0.28952,0.28623,0.29281,0.29445,0.29412,0.00107,0.00173,0.00140,0.00304,0.00140,-55.40499,547.00000
0.46778,0.47173,0.46351,0.46384,0.46910,0.28590,0.28952,0.29116,0.29248,0.29116,-0.00189,0.00107,-0.00123,-0.00222,0.00041,-55.70298,548.00000
0.46285,0.46055,0.46022,0.46712,0.46680,0.29149,0.28952,0.29314,0.28787,0.28853,0.00008,0.00107,-0.00090,0.00107,0.00074,-55.70298,549.00000
0.46515,0.46120,0.45956,0.45989,0.46548,0.28919,0.28952,0.28952,0.29050,0.29346,-0.00123,0.00041,0.00107,0.00337,0.00074,-55.12200,550.00000
0.46449,0.45989,0.45693,0.45726,0.46055,0.29083,0.28853,0.29182,0.28524,0.29478,-0.00057,0.00140,-0.00025,-0.00090,-0.00123,-55.12200,551.00000
0.45792,0.45364,0.45397,0.46285,0.45693,0.29215,0.28853,0.28853,0.28952,0.28656,0.00008,0.00370,0.00206,-0.00255,-0.00123,-55.49557,552.00000
0.45693,0.45561,0.45430,0.45495,0.45101,0.29412,0.28886,0.28820,0.29083,0.28754,0.00304,-0.00090,0.00140,0.00272,0.00140,-55.49557,553.00000
0.45923,0.45495,0.45463,0.46022,0.45594,0.28656,0.28754,0.29281,0.29379,0.28952,0.00008,0.00008,-0.00025,0.00436,0.00173,-55.62132,554.00000
0.45232,0.45364,0.45627,0.44871,0.45495,0.28393,0.29050,0.28919,0.28820,0.29116,-0.00156,-0.00025,-0.00090,-0.00025,-0.00189,-55.62132,555.00000
0.45199,0.45134,0.45002,0.44410,0.45364,0.29050,0.29116,0.29149,0.28952,0.28623,0.00304,-0.00025,-0.00419,0.00074,0.00140,-56.18957,556.00000
0.44673,0.45167,0.44739,0.44739,0.45495,0.28557,0.29182,0.28754,0.29281,0.29281,-0.00057,0.00436,-0.00288,0.00140,-0.00123,-56.18957,557.00000
0.44279,0.45364,0.44903,0.44410,0.44838,0.28261,0.29116,0.29182,0.28820,0.28820,-0.00057,-0.00156,0.00337,-0.00025,0.00107,-56.32965,558.00000
0.44344,0.44805,0.44805,0.44311,0.44180,0.28919,0.28722,0.29215,0.29248,0.29248,0.00041,0.00206,0.00140,-0.00090,-0.00123,-56.32965,559.00000
0.44147,0.44114,0.44147,0.44542,0.43654,0.29281,0.29149,0.28722,0.28524,0.28458,0.00436,0.00239,-0.00057,-0.00189,0.00568,-55.75760,560.00000
0.43785,0.43917,0.44311,0.44279,0.43687,0.29116,0.29116,0.29050,0.28853,0.28919,-0.00222,0.00633,-0.00090,-0.00485,-0.00353,-55.75760,561.00000
0.43325,0.44081,0.43522,0.43785,0.43522,0.28590,0.29314,0.28425,0.28689,0.28787,-0.00090,-0.00057,-0.00057,0.00107,-0.00353,-55.31288,562.00000
0.43983,0.44015,0.43588,0.43654,0.43588,0.29149,0.28952,0.28820,0.28722,0.29083,-0.00189,0.00041,0.00239,-0.00025,0.00206,-55.31288,563.00000
0.43358,0.43851,0.43358,0.43785,0.43127,0.28590,0.28886,0.29050,0.28853,0.28919,-0.00123,-0.00123,-0.00090,-0.00189,0.00304,-55.62031,564.00000
0.42634,0.43095,0.42733,0.42864,0.43325,0.28820,0.29116,0.29281,0.28458,0.28656,-0.00189,0.00239,-0.00057,-0.00222,-0.00156,-55.62031,565.00000
0.43127,0.43193,0.43127,0.43358,0.42930,0.29083,0.28952,0.28952,0.28985,0.28557,-0.00025,-0.00222,0.00304,0.00173,-0.00090,-55.45664,566.00000
0.43160,0.42667,0.43193,0.42535,0.42568,0.28820,0.29149,0.29116,0.28952,0.28656,-0.00057,-0.00090,0.00074,0.00041,-0.00025,-55.45664,567.00000
0.42634,0.41943,0.43325,0.42568,0.42963,0.28886,0.29281,0.28886,0.29083,0.29083,-0.00090,0.00041,-0.00222,0.00041,-0.00222,-56.27324,568.00000
0.42798,0.42371,0.42075,0.42798,0.42502,0.29018,0.28689,0.29215,0.28853,0.28754,0.00074,-0.00222,-0.00222,0.00107,-0.00452,-56.27324,569.00000
0.42897,0.42239,0.43095,0.42864,0.42601,0.28952,0.29018,0.28886,0.29018,0.29314,-0.00090,0.00304,0.00173,0.00370,0.00074,-56.28359,570.00000
0.41647,0.41878,0.41976,0.41417,0.41055,0.29149,0.29215,0.28458,0.28524,0.28689,-0.00386,-0.00189,0.00239,0.00272,0.00041,-56.28359,571.00000
0.41910,0.41746,0.40529,0.41779,0.41878,0.29018,0.28590,0.28491,0.29182,0.28754,0.00535,-0.00222,-0.00353,-0.00288,-0.00255,-56.58906,572.00000
0.41318,0.40628,0.41713,0.41417,0.41187,0.28886,0.28886,0.28820,0.29248,0.28557,-0.00452,-0.00123,0.00008,0.00041,0.00173,-56.58906,573.00000
0.41450,0.41088,0.41417,0.40759,0.41582,0.28623,0.28524,0.28754,0.28360,0.28787,-0.00584,-0.00123,0.00008,-0.00288,-0.00025,-56.14609,574.00000
0.40858,0.41483,0.40792,0.40858,0.41680,0.29412,0.29116,0.28689,0.28458,0.29215,0.00041,-0.00189,0.00140,0.00140,0.00074,-56.14609,575.00000
0.40924,0.40759,0.40430,0.40825,0.40792,0.29511,0.28722,0.29116,0.28754,0.29149,0.00304,0.00107,0.00206,-0.00025,0.00370,-56.19561,576.00000
0.40332,0.40792,0.40792,0.40694,0.40003,0.28754,0.29018,0.28754,0.28853,0.29215,0.00041,-0.00025,-0.00123,0.00008,-0.00255,-56.19561,577.00000
0.40463,0.40134,0.40102,0.40463,0.40430,0.29248,0.28886,0.28919,0.28590,0.28787,-0.00025,-0.00025,-0.00057,0.00041,0.00107,-55.85415,578.00000
0.39542,0.41088,0.39082,0.40233,0.40069,0.28787,0.28985,0.28820,0.28853,0.28754,0.00041,0.00206,0.00041,-0.00156,-0.00057,-55.85415,579.00000
0.39937,0.40792,0.39740,0.40365,0.39773,0.28590,0.29083,0.29050,0.28919,0.28985,-0.00025,-0.00123,0.00041,-0.00189,-0.00353,-55.84944,580.00000
0.39805,0.39575,0.39970,0.39312,0.40299,0.29412,0.28787,0.28919,0.29346,0.28886,-0.00452,-0.00025,-0.00057,0.00272,0.00403,-55.84944,581.00000
0.39707,0.39904,0.39707,0.40036,0.39674,0.28919,0.29116,0.29149,0.29018,0.29182,-0.00321,0.00041,0.00008,0.00206,-0.00090,-56.00577,582.00000
0.39509,0.39444,0.39312,0.40003,0.39773,0.29281,0.28689,0.28787,0.28952,0.28623,-0.00353,0.00239,0.00074,-0.00189,-0.00123,-56.00577,583.00000
0.38885,0.39904,0.38885,0.39707,0.39805,0.29182,0.28853,0.28853,0.28722,0.29018,-0.00288,0.00107,-0.00025,-0.00025,0.00272,-56.72359,584.00000
0.39181,0.38095,0.39016,0.38424,0.39411,0.28853,0.29248,0.29018,0.28689,0.29511,-0.00057,-0.00156,0.00436,-0.00156,0.00074,-56.72359,585.00000
0.39148,0.38589,0.38720,0.39082,0.38556,0.29018,0.28656,0.28853,0.28919,0.28722,-0.00156,-0.00057,-0.00090,0.00206,0.00173,-56.27683,586.00000
0.38852,0.38753,0.38621,0.38424,0.39181,0.28820,0.29281,0.28458,0.28886,0.28754,-0.00288,-0.00452,0.00041,0.00173,0.00272,-56.27683,587.00000
0.38490,0.38523,0.39016,0.38457,0.38457,0.29116,0.29248,0.28820,0.28886,0.29182,0.00239,0.00140,-0.00025,0.00206,-0.00222,-55.91918,588.00000
0.37569,0.38621,0.38391,0.37931,0.37898,0.28886,0.29379,0.28853,0.28985,0.29116,-0.00057,-0.00156,-0.00419,-0.00090,-0.00123,-55.91918,589.00000
0.38358,0.38161,0.37997,0.37733,0.38457,0.29314,0.29050,0.29182,0.29248,0.29116,0.00107,-0.00057,-0.00222,0.00008,-0.00025,-56.14562,590.00000
0.37668,0.37602,0.37733,0.37470,0.38095,0.28919,0.29149,0.29281,0.28689,0.29050,-0.00123,0.00239,-0.00025,-0.00123,0.00074,-56.14562,591.00000
0.37733,0.37997,0.37733,0.37766,0.37306,0.28985,0.28787,0.29248,0.29116,0.28919,0.00173,-0.00189,-0.00090,0.00272,-0.00288,-55.46539,592.00000
0.37372,0.36780,0.38128,0.37339,0.37076,0.29314,0.28985,0.29412,0.28689,0.28952,0.00436,-0.00386,-0.00025,0.00041,-0.00419,-55.46539,593.00000
0.37076,0.37733,0.37470,0.37569,0.37372,0.29314,0.29215,0.28524,0.28820,0.28754,0.00107,0.00304,0.00041,0.00041,0.00304,-55.94070,594.00000
0.37470,0.36648,0.36714,0.36681,0.36944,0.28985,0.28689,0.29215,0.28754,0.28689,-0.00189,-0.00090,0.00008,0.00206,0.00272,-55.94070,595.00000
0.36582,0.37076,0.36286,0.36484,0.36780,0.28656,0.28787,0.29018,0.29314,0.28787,0.00173,-0.00222,-0.00123,0.00107,0.00041,-55.45326,596.00000
0.36681,0.36451,0.37240,0.36451,0.36220,0.28886,0.28820,0.28952,0.29116,0.28656,0.00337,0.00074,0.00140,0.00008,-0.00485,-55.45326,597.00000
0.36747,0.36582,0.37207,0.36582,0.36286,0.28722,0.29281,0.29281,0.28787,0.28919,-0.00057,-0.00090,-0.00353,0.00107,0.00107,-55.75886,598.00000
0.35760,0.36352,0.36089,0.36418,0.35530,0.28820,0.28886,0.28853,0.29116,0.28754,0.00272,-0.00189,0.00008,0.00107,0.00239,-55.75886,599.00000
0.35892,0.37076,0.35990,0.36615,0.35892,0.28754,0.28656,0.29116,0.28886,0.28754,0.00403,-0.00090,0.00370,-0.00452,0.00206,-56.96390,600.00000
0.35826,0.36122,0.36253,0.36484,0.36253,0.29511,0.29511,0.28952,0.29149,0.29182,0.00107,0.00304,0.00107,-0.00189,0.00041,-56.96390,601.00000
0.35530,0.35497,0.35727,0.35990,0.35596,0.28754,0.29050,0.28952,0.29149,0.29083,0.00370,-0.00189,0.00107,0.00337,0.00008,-56.79006,602.00000
0.35332,0.35497,0.35596,0.35267,0.35332,0.29050,0.28787,0.29281,0.28952,0.29182,-0.00090,0.00206,0.00107,0.00008,0.00239,-56.79006,603.00000
0.35760,0.35497,0.35365,0.35036,0.34839,0.28886,0.28689,0.28557,0.29149,0.29149,0.00272,-0.00353,0.00074,-0.00584,0.00239,-55.56544,604.00000
0.34905,0.35267,0.35332,0.34510,0.35267,0.29314,0.28689,0.29412,0.28919,0.28722,0.00074,-0.00057,0.00436,0.00304,0.00107,-55.56544,605.00000
0.35135,0.34872,0.34740,0.34905,0.34576,0.28919,0.29314,0.29314,0.28919,0.28557,0.00008,0.00239,-0.00222,0.00206,-0.00090,-56.22754,606.00000
0.35201,0.34642,0.34839,0.34477,0.34708,0.28787,0.29018,0.28919,0.28722,0.28590,0.00008,-0.00057,0.00370,-0.00057,0.00074,-56.22754,607.00000
0.34576,0.35431,0.34576,0.35036,0.34773,0.29050,0.28590,0.29018,0.28886,0.29050,-0.00189,0.00272,-0.00025,0.00107,0.00041,-55.97022,608.00000
0.34412,0.34379,0.34247,0.34181,0.33688,0.28952,0.28985,0.28754,0.28787,0.29346,0.00008,-0.00090,-0.00123,-0.00189,-0.00222,-55.97022,609.00000
0.34313,0.33655,0.33885,0.34543,0.34280,0.28689,0.28590,0.28689,0.28952,0.28853,0.00206,0.00041,0.00337,-0.00057,-0.00057,-55.45337,610.00000
0.33754,0.33655,0.33326,0.33326,0.33556,0.28853,0.28787,0.28919,0.28820,0.28820,0.00041,-0.00156,0.00337,0.00074,0.00008,-55.45337,611.00000
0.33063,0.33359,0.33951,0.33063,0.33491,0.29346,0.29083,0.28886,0.29149,0.28754,0.00436,-0.00321,0.00107,-0.00189,0.00107,-55.47083,612.00000
0.33458,0.33655,0.32964,0.33523,0.32866,0.28623,0.28952,0.29116,0.28590,0.29018,-0.00189,-0.00288,0.00239,-0.00321,0.00239,-55.47083,613.00000
0.33227,0.33260,0.32931,0.33260,0.34115,0.28886,0.28787,0.28787,0.28656,0.28689,0.00206,-0.00025,-0.00353,0.00206,0.00107,-55.59186,614.00000
0.33359,0.32899,0.33556,0.32372,0.32471,0.29577,0.28623,0.29083,0.29149,0.29248,0.00041,-0.00452,-0.00288,-0.00123,0.00140,-55.59186,615.00000
0.33030,0.32504,0.32208,0.32767,0.32701,0.28722,0.29116,0.28557,0.28985,0.28787,0.00107,-0.00156,-0.00189,-0.00123,0.00272,-55.43509,616.00000
0.32570,0.32964,0.32964,0.32142,0.32570,0.28754,0.29018,0.28787,0.28787,0.29018,-0.00090,0.00337,0.00107,-0.00057,-0.00189,-55.43509,617.00000
0.32537,0.32964,0.32405,0.33129,0.32241,0.28985,0.28722,0.28919,0.28327,0.28820,-0.00156,0.00041,0.00008,-0.00123,-0.00090,-55.96706,618.00000
0.32241,0.32734,0.32438,0.31912,0.31912,0.29083,0.29281,0.28754,0.28886,0.29050,0.00272,0.00107,0.00008,-0.00090,0.00436,-55.96706,619.00000
0.32471,0.31649,0.31780,0.32504,0.31550,0.28820,0.28853,0.28853,0.28491,0.28820,0.00107,0.00008,0.00041,0.00041,-0.00189,-56.44788,620.00000
0.31715,0.32043,0.31813,0.31846,0.31451,0.28425,0.28327,0.28524,0.28754,0.28952,-0.00189,0.00074,0.00107,-0.00255,-0.00255,-56.44788,621.00000
0.31813,0.31813,0.31451,0.30695,0.31353,0.28557,0.28853,0.28524,0.29379,0.28820,-0.00123,-0.00189,-0.00123,-0.00123,0.00140,-56.35138,622.00000
0.31550,0.31320,0.31912,0.31287,0.31287,0.28458,0.28886,0.28524,0.28458,0.28360,0.00304,0.00173,-0.00255,0.00107,0.00140,-56.35138,623.00000
0.31122,0.30925,0.30662,0.30958,0.30958,0.28787,0.28754,0.28524,0.28853,0.28656,-0.00057,0.00206,0.00403,0.00140,0.00008,-56.83292,624.00000
0.30366,0.30958,0.30826,0.30728,0.30399,0.29281,0.28787,0.29281,0.28524,0.28919,0.00502,-0.00025,-0.00090,0.00304,-0.00090,-56.83292,625.00000
0.30794,0.30892,0.30399,0.30892,0.30794,0.28754,0.29018,0.28853,0.28557,0.29182,-0.00123,0.00008,-0.00090,-0.00156,0.00041,-57.06880,626.00000
0.30432,0.30234,0.30399,0.30859,0.30037,0.28425,0.28360,0.28853,0.28952,0.28787,0.00107,-0.00255,0.00140,0.00041,-0.00025,-57.06880,627.00000
0.30695,0.30695,0.29938,0.30103,0.30892,0.28985,0.28919,0.29215,0.28590,0.28952,0.00272,0.00008,0.00140,0.00107,0.00074,-56.65452,628.00000
0.30728,0.30498,0.30366,0.30728,0.29873,0.29149,0.29182,0.28590,0.28787,0.28886,0.00107,0.00173,-0.00090,-0.00321,0.00041,-56.65452,629.00000
0.30432,0.30366,0.29445,0.30234,0.30267,0.28787,0.28722,0.29083,0.28754,0.29018,0.00304,-0.00057,0.00173,-0.00255,0.00206,-57.00158,630.00000
0.29741,0.29774,0.30465,0.30859,0.29478,0.29018,0.29018,0.29346,0.28853,0.28294,-0.00255,-0.00090,-0.00189,0.00041,-0.00057,-57.00158,631.00000
0.28623,0.29412,0.29873,0.29314,0.29412,0.28623,0.28722,0.29281,0.28590,0.28623,0.00041,0.00304,-0.00025,-0.00025,0.00074,-56.38897,632.00000
0.29906,0.29708,0.29050,0.29774,0.29116,0.29346,0.28952,0.28623,0.29149,0.28919,0.00304,-0.00156,-0.00090,0.00239,-0.00288,-56.38897,633.00000
0.28787,0.29346,0.29379,0.28689,0.29050,0.28722,0.28754,0.28952,0.28820,0.28590,-0.00057,0.00041,0.00173,-0.00090,0.00041,-56.10220,634.00000
0.28689,0.28985,0.28952,0.28590,0.29314,0.28754,0.28787,0.28787,0.28886,0.28425,-0.00222,0.00370,0.00107,-0.00025,-0.00090,-56.10220,635.00000
0.28425,0.28623,0.29248,0.29149,0.28820,0.28524,0.29412,0.28886,0.28590,0.28425,-0.00123,-0.00189,-0.00189,0.00206,0.00041,-55.98079,636.00000
0.28228,0.28787,0.28360,0.28524,0.28491,0.28754,0.28656,0.28787,0.28722,0.28557,0.00206,-0.00025,-0.00123,-0.00189,-0.00353,-55.98079,637.00000
0.28327,0.28754,0.28360,0.28195,0.28689,0.29182,0.28656,0.28886,0.28886,0.28590,-0.00321,0.00008,-0.00156,-0.00156,-0.00090,-55.78825,638.00000
0.28393,0.27899,0.28491,0.28031,0.28689,0.29248,0.28787,0.29050,0.28656,0.29182,0.00173,0.00008,0.00304,-0.00255,-0.00025,-55.78825,639.00000
0.28195,0.27801,0.28754,0.28458,0.27998,0.28952,0.28754,0.28590,0.28952,0.28886,-0.00156,0.00074,0.00272,0.00206,0.00502,-55.65047,640.00000
0.27998,0.28557,0.27866,0.28425,0.28162,0.28228,0.28491,0.28524,0.28787,0.29050,0.00272,0.00173,0.00173,0.00206,0.00074,-55.65047,641.00000
0.28360,0.27570,0.27406,0.27735,0.28031,0.28458,0.28689,0.28754,0.28524,0.28722,0.00107,0.00074,0.00041,0.00041,-0.00025,-55.68656,642.00000
0.27768,0.27537,0.27472,0.28195,0.27241,0.28294,0.28195,0.28656,0.28754,0.28524,-0.00321,-0.00222,0.00568,0.00206,-0.00025,-55.68656,643.00000
0.27669,0.27110,0.27044,0.27373,0.27044,0.28261,0.28886,0.28886,0.28623,0.28228,-0.00025,-0.00288,0.00304,0.00370,0.00502,-55.50930,644.00000
0.26945,0.27505,0.27241,0.27735,0.27472,0.28886,0.28656,0.29182,0.28524,0.28754,-0.00090,0.00140,0.00008,0.00107,-0.00090,-55.50930,645.00000
0.26485,0.26452,0.27176,0.27373,0.27044,0.28787,0.29050,0.28820,0.28491,0.28393,0.00272,-0.00057,0.00107,-0.00156,0.00304,-54.93971,646.00000
0.26715,0.26518,0.26847,0.27241,0.27274,0.28458,0.28524,0.29281,0.28952,0.28590,0.00173,0.00041,-0.00156,-0.00090,0.00206,-54.93971,647.00000
0.27044,0.26189,0.27011,0.26880,0.27011,0.29018,0.28656,0.28886,0.29281,0.28820,0.00239,0.00107,0.00206,0.00337,0.00272,-55.29456,648.00000
0.26748,0.26452,0.25728,0.26222,0.25860,0.28919,0.28754,0.28722,0.28623,0.28886,-0.00321,0.00041,-0.00057,-0.00057,-0.00288,-55.29456,649.00000
0.26123,0.26123,0.26288,0.26189,0.26288,0.28458,0.28886,0.28261,0.28919,0.29215,-0.00255,-0.00419,0.00074,-0.00025,-0.00189,-55.33039,650.00000
0.26321,0.25827,0.26748,0.26189,0.26090,0.28886,0.29083,0.28491,0.28886,0.28754,0.00206,0.00304,-0.00288,-0.00255,0.00107,-55.33039,651.00000
0.25761,0.25465,0.25893,0.26090,0.25367,0.28689,0.29050,0.28425,0.28919,0.28754,-0.00255,-0.00255,-0.00090,-0.00255,0.00469,-56.62027,652.00000
0.26123,0.25334,0.25235,0.25432,0.25794,0.28787,0.29314,0.28787,0.28590,0.28689,-0.00025,-0.00090,0.00370,0.00074,0.00206,-56.62027,653.00000
0.25564,0.25794,0.25728,0.26156,0.25564,0.28393,0.28886,0.28754,0.28524,0.28722,0.00107,-0.00222,-0.00090,-0.00321,0.00074,-55.80525,654.00000
0.25367,0.25400,0.25728,0.25400,0.25005,0.28820,0.28590,0.28557,0.29182,0.28491,0.00272,-0.00090,0.00304,-0.00255,0.00041,-55.80525,655.00000
0.24873,0.24840,0.25498,0.26057,0.25400,0.29149,0.28689,0.28524,0.28360,0.28754,0.00074,0.00107,0.00107,-0.00288,-0.00189,-55.57597,656.00000
0.25136,0.25038,0.24150,0.24840,0.24775,0.29050,0.28425,0.28886,0.29149,0.29248,0.00436,0.00140,0.00074,-0.00156,0.00272,-55.57597,657.00000
0.24775,0.24610,0.24610,0.25005,0.24873,0.29083,0.28886,0.28294,0.28985,0.28820,-0.00123,-0.00057,-0.00090,0.00206,0.00107,-55.97402,658.00000
0.23887,0.24347,0.24183,0.24281,0.24314,0.29083,0.29050,0.28919,0.29018,0.28952,0.00008,-0.00353,0.00041,0.00041,-0.00156,-55.97402,659.00000
0.24873,0.23952,0.24742,0.24413,0.24577,0.28952,0.28886,0.28787,0.28886,0.28689,-0.00321,-0.00123,0.00206,0.00304,0.00107,-55.98506,660.00000
0.24248,0.24643,0.23393,0.23952,0.24084,0.29050,0.28656,0.28557,0.28820,0.28656,-0.00025,-0.00123,0.00140,0.00008,-0.00057,-55.98506,661.00000
0.23722,0.24084,0.23459,0.24018,0.23854,0.29149,0.28557,0.28952,0.28787,0.28985,0.00107,0.00469,-0.00025,0.00140,0.00206,-56.62046,662.00000
0.23952,0.23459,0.23755,0.23163,0.23952,0.29083,0.28853,0.28754,0.29050,0.28425,0.00272,-0.00025,0.00337,0.00041,0.00568,-56.62046,663.00000
0.23262,0.23360,0.22867,0.23262,0.23689,0.28787,0.28820,0.29248,0.29050,0.28985,0.00041,-0.00321,-0.00222,0.00173,-0.00025,-55.94451,664.00000
0.23689,0.23492,0.23229,0.23393,0.23064,0.28393,0.29116,0.28623,0.29281,0.28754,-0.00025,-0.00222,-0.00386,-0.00156,-0.00057,-55.94451,665.00000
0.22933,0.23064,0.23032,0.23656,0.23360,0.29018,0.28820,0.28195,0.28590,0.29116,0.00173,0.00008,0.00370,0.00239,-0.00156,-56.19247,666.00000
0.22999,0.22670,0.23393,0.22735,0.23459,0.28952,0.29050,0.28425,0.28886,0.28590,0.00074,-0.00057,-0.00090,-0.00353,0.00370,-56.19247,667.00000
0.22867,0.23854,0.23262,0.22407,0.23097,0.28853,0.29116,0.29314,0.28689,0.29083,0.00041,0.00239,0.00008,0.00304,-0.00090,-57.07573,668.00000
0.22735,0.22604,0.23032,0.22670,0.22966,0.28722,0.28656,0.28524,0.28820,0.29248,-0.00123,-0.00025,0.00600,0.00272,0.00041,-57.07573,669.00000
0.22045,0.22045,0.22439,0.22735,0.22308,0.29050,0.29018,0.29346,0.29083,0.29050,0.00304,-0.00123,0.00436,-0.00025,0.00107,-56.01833,670.00000
0.22308,0.21683,0.22472,0.22439,0.21519,0.28722,0.28853,0.28524,0.28820,0.29018,0.00337,-0.00222,0.00008,0.00041,0.00206,-56.01833,671.00000
0.22209,0.21782,0.21683,0.22012,0.21782,0.28754,0.28590,0.28853,0.28919,0.29018,-0.00255,0.00304,-0.00321,0.00140,-0.00321,-56.04383,672.00000
0.21815,0.22176,0.22176,0.21913,0.21453,0.28886,0.28656,0.28886,0.29083,0.29116,0.00140,-0.00025,-0.00123,-0.00222,0.00107,-56.04383,673.00000
0.21387,0.22078,0.21420,0.21584,0.21782,0.28656,0.28722,0.29412,0.29116,0.29018,-0.00156,0.00008,0.00041,-0.00156,-0.00255,-55.82953,674.00000
0.22078,0.21354,0.21354,0.21617,0.21749,0.28853,0.28524,0.29116,0.28919,0.28425,-0.00057,0.00041,0.00074,0.00107,0.00008,-55.82953,675.00000
0.21453,0.21157,0.21617,0.21255,0.21223,0.29149,0.28722,0.28886,0.28656,0.28458,-0.00057,0.00337,0.00140,-0.00156,0.00272,-56.85031,676.00000
0.21058,0.21683,0.21288,0.20367,0.21617,0.28787,0.28590,0.28952,0.28458,0.28623,-0.00255,0.00600,0.00239,-0.00321,-0.00057,-56.85031,677.00000
0.21420,0.20696,0.21025,0.21190,0.20795,0.28985,0.29248,0.28064,0.28853,0.29149,0.00239,-0.00123,0.00272,-0.00255,0.00041,-56.37682,678.00000
0.21124,0.21124,0.20532,0.21288,0.21190,0.28820,0.28754,0.29445,0.29281,0.28524,0.00304,-0.00025,-0.00123,0.00107,-0.00156,-56.37682,679.00000
0.20598,0.20762,0.21058,0.21387,0.21025,0.29116,0.29248,0.28722,0.29248,0.28886,0.00041,-0.00025,0.00041,0.00239,0.00206,-56.15716,680.00000
0.20532,0.20795,0.20762,0.20499,0.20729,0.28853,0.28722,0.28031,0.28327,0.27998,0.00008,-0.00025,0.00239,-0.00156,0.00206,-56.15716,681.00000
0.19907,0.20170,0.20466,0.20861,0.20236,0.29050,0.28853,0.29050,0.29083,0.28754,0.00107,0.00173,0.00436,0.00337,-0.00090,-56.41110,682.00000
0.20663,0.20335,0.19775,0.20631,0.20631,0.28853,0.29018,0.28886,0.28820,0.28590,-0.00452,0.00041,-0.00222,0.00239,0.00239,-56.41110,683.00000
0.20006,0.20696,0.20006,0.20367,0.20071,0.28754,0.28722,0.28656,0.28787,0.29182,0.00008,0.00206,-0.00090,0.00239,-0.00025,-56.76756,684.00000
0.19446,0.20367,0.19710,0.20038,0.19446,0.28722,0.28886,0.28853,0.28787,0.28853,-0.00353,-0.00321,-0.00156,-0.00025,-0.00057,-56.76756,685.00000
0.19381,0.19578,0.19479,0.19940,0.20137,0.28689,0.28491,0.28787,0.28754,0.28656,-0.00222,0.00535,0.00206,0.00206,0.00140,-57.08739,686.00000
0.19150,0.19545,0.19677,0.19874,0.20335,0.28425,0.28787,0.28985,0.29281,0.28689,-0.00090,0.00107,-0.00156,-0.00255,0.00008,-57.08739,687.00000
0.19446,0.18361,0.19578,0.19085,0.19907,0.28458,0.29379,0.28853,0.29314,0.28689,0.00008,0.00041,-0.00255,0.00173,-0.00255,-56.42944,688.00000
0.19545,0.19710,0.19973,0.18591,0.19381,0.28754,0.28886,0.28590,0.28820,0.28886,0.00008,-0.00090,-0.00090,-0.00156,-0.00057,-56.42944,689.00000
0.18789,0.18723,0.18822,0.18526,0.19381,0.29083,0.29018,0.28787,0.29412,0.29050,-0.00189,0.00074,-0.00025,-0.00386,0.00008,-56.18591,690.00000
0.18756,0.18986,0.19578,0.18657,0.18591,0.28787,0.28393,0.29083,0.28623,0.28820,0.00272,-0.00419,-0.00123,0.00140,-0.00321,-56.18591,691.00000
0.18822,0.19118,0.19348,0.17966,0.19249,0.28722,0.28689,0.28985,0.28754,0.28754,0.00008,-0.00255,-0.00025,-0.00057,0.00272,-55.58807,692.00000
0.18756,0.18986,0.18295,0.18657,0.19150,0.28458,0.28425,0.29346,0.28853,0.29149,0.00074,0.00107,0.00008,0.00436,-0.00090,-55.58807,693.00000
0.18854,0.18558,0.18657,0.18065,0.17966,0.28557,0.29149,0.29215,0.28820,0.28425,0.00173,0.00008,0.00304,-0.00222,0.00008,-55.47958,694.00000
0.18756,0.18394,0.17901,0.18526,0.18460,0.28722,0.28820,0.29281,0.29116,0.28689,-0.00090,0.00074,0.00140,-0.00288,-0.00419,-55.47958,695.00000
0.17934,0.17901,0.18361,0.17802,0.17999,0.28754,0.28886,0.29182,0.28853,0.28820,-0.00255,-0.00189,0.00041,0.00173,0.00206,-56.30424,696.00000
0.18262,0.18131,0.17802,0.18230,0.17670,0.28787,0.28722,0.28820,0.29083,0.28820,0.00337,-0.00123,0.00304,-0.00353,-0.00189,-56.30424,697.00000
0.18098,0.18098,0.18460,0.17835,0.17769,0.29018,0.28491,0.28787,0.28853,0.28985,0.00206,0.00140,0.00173,-0.00419,-0.00057,-55.57644,698.00000
0.18065,0.17934,0.17901,0.17440,0.17835,0.28985,0.28985,0.28853,0.28952,0.29412,0.00074,-0.00255,-0.00123,-0.00090,-0.00189,-55.57644,699.00000
0.17440,0.18098,0.17638,0.17572,0.17374,0.28722,0.28393,0.28524,0.28722,0.28952,0.00272,-0.00222,-0.00222,-0.00090,0.00140,-55.25892,700.00000
0.17309,0.17309,0.17013,0.17868,0.17078,0.28886,0.29050,0.29412,0.28722,0.28623,-0.00090,-0.00222,0.00008,-0.00288,-0.00715,-55.25892,701.00000
0.16881,0.17638,0.16519,0.17144,0.17210,0.28590,0.28985,0.28754,0.28985,0.28393,-0.00321,0.00239,0.00206,0.00206,0.00008,-55.71052,702.00000
0.16552,0.16717,0.17309,0.17572,0.16684,0.28623,0.28689,0.29116,0.29248,0.28689,-0.00025,-0.00189,-0.00123,0.00173,0.00008,-55.71052,703.00000
0.17111,0.16947,0.17013,0.16651,0.16914,0.28590,0.28787,0.28952,0.28524,0.28919,0.00008,0.00074,0.00272,0.00206,0.00074,-55.70438,704.00000
0.17210,0.16388,0.16717,0.17243,0.16618,0.28425,0.29182,0.28623,0.28754,0.29083,-0.00090,-0.00057,-0.00156,0.00173,0.00074,-55.70438,705.00000
0.16355,0.16421,0.16519,0.17111,0.16881,0.28722,0.29083,0.28689,0.28754,0.28919,-0.00123,-0.00025,0.00239,-0.00222,0.00272,-56.01625,706.00000
0.15894,0.16782,0.16717,0.16388,0.16289,0.28985,0.28919,0.28820,0.29445,0.28787,-0.00057,0.00140,-0.00057,0.00272,0.00140,-56.01625,707.00000
0.16717,0.16157,0.16421,0.16092,0.16322,0.29018,0.28952,0.28985,0.28952,0.28689,-0.00156,0.00304,-0.00189,-0.00057,-0.00090,-56.61652,708.00000
0.15631,0.15927,0.15960,0.16092,0.15664,0.28557,0.28656,0.28754,0.29083,0.28524,0.00140,0.00008,-0.00255,0.00272,0.00173,-56.61652,709.00000
0.16125,0.15894,0.16092,0.15467,0.15500,0.28886,0.28820,0.28557,0.28919,0.29116,0.00008,0.00074,0.00272,0.00173,-0.00288,-56.19889,710.00000
0.16092,0.16059,0.15796,0.16026,0.15763,0.28425,0.28820,0.29018,0.28985,0.28722,-0.00025,0.00370,-0.00156,0.00304,-0.00057,-56.19889,711.00000
0.15697,0.15269,0.15335,0.15171,0.15697,0.29248,0.28623,0.28623,0.28656,0.28393,-0.00222,0.00140,0.00008,0.00304,-0.00057,-55.90706,712.00000
0.15993,0.15697,0.15664,0.15237,0.15237,0.28722,0.28590,0.28820,0.29281,0.28754,0.00173,-0.00189,-0.00518,0.00041,0.00173,-55.90706,713.00000
0.15664,0.15467,0.14776,0.15138,0.15434,0.29149,0.28689,0.29116,0.28458,0.28820,0.00206,-0.00156,0.00206,-0.00090,-0.00123,-54.07902,714.00000
0.14973,0.15006,0.15467,0.15829,0.14480,0.29083,0.29050,0.28590,0.28754,0.28590,0.00140,0.00206,0.00436,-0.00025,-0.00189,-54.07902,715.00000
0.15105,0.14908,0.15467,0.15171,0.14579,0.28524,0.28327,0.29050,0.28820,0.28985,0.00337,-0.00090,0.00502,-0.00321,-0.00090,-52.16646,716.00000
0.15237,0.15335,0.15500,0.15039,0.15335,0.29215,0.29215,0.28919,0.29281,0.28952,0.00337,-0.00189,0.00206,0.00436,-0.00090,-52.16646,717.00000
0.15171,0.14842,0.15072,0.15368,0.15368,0.28656,0.28623,0.28787,0.28722,0.28656,0.00107,0.00436,-0.00123,-0.00123,-0.00255,-51.37132,718.00000
0.14875,0.14710,0.15039,0.14546,0.15533,0.28754,0.28754,0.28919,0.28689,0.28656,0.00107,0.00074,0.00140,-0.00255,0.00403,-51.37132,719.00000
0.14513,0.14809,0.13954,0.14941,0.14677,0.28952,0.29215,0.28820,0.28820,0.28820,0.00206,0.00041,0.00140,0.00436,0.00272,-52.34337,720.00000
0.13691,0.14513,0.14316,0.14020,0.14480,0.28952,0.29445,0.29445,0.28787,0.28623,0.00239,0.00337,0.00502,0.00140,-0.00255,-52.34337,721.00000
0.14447,0.14381,0.14579,0.14381,0.14447,0.28886,0.28985,0.28853,0.29149,0.28722,-0.00090,0.00239,-0.00189,0.00239,0.00272,-53.73272,722.00000
0.14184,0.14381,0.14316,0.14480,0.14020,0.28853,0.28623,0.28985,0.28919,0.28886,0.00469,-0.00057,0.00074,0.00206,0.00041,-53.73272,723.00000
0.14118,0.14217,0.14283,0.14217,0.14118,0.29050,0.28853,0.29050,0.28787,0.29215,0.00337,0.00140,-0.00123,-0.00288,0.00239,-54.61294,724.00000
0.13987,0.14447,0.14118,0.13954,0.13756,0.28952,0.28656,0.28590,0.29182,0.28952,0.00008,-0.00353,0.00206,0.00272,0.00041,-54.61294,725.00000
0.14217,0.13921,0.14316,0.13756,0.14414,0.28853,0.28853,0.28853,0.28787,0.28656,0.00272,0.00041,-0.00353,-0.00025,-0.00090,-54.75276,726.00000
0.13691,0.13921,0.13592,0.13526,0.13756,0.28787,0.28195,0.28952,0.28722,0.29149,-0.00123,-0.00090,-0.00057,-0.00025,-0.00025,-54.75276,727.00000
0.14151,0.13822,0.14020,0.13592,0.13789,0.29314,0.28425,0.28886,0.28557,0.28458,-0.00090,0.00107,0.00304,-0.00255,-0.00057,-55.32072,728.00000
0.13658,0.13987,0.13724,0.13658,0.13395,0.28754,0.28458,0.29149,0.28689,0.28656,0.00041,0.00008,-0.00156,-0.00189,0.00107,-55.32072,729.00000
0.13888,0.12934,0.13691,0.12967,0.13460,0.28656,0.28754,0.28491,0.28985,0.29215,-0.00057,0.00337,0.00041,0.00206,0.00041,-55.89034,730.00000
0.13099,0.13066,0.12868,0.13691,0.13099,0.29083,0.29346,0.28689,0.28360,0.28458,0.00107,0.00107,-0.00025,0.00206,0.00008,-55.89034,731.00000
0.13855,0.13132,0.13099,0.13164,0.13132,0.28985,0.28689,0.28820,0.28820,0.29018,-0.00123,-0.00057,0.00206,-0.00123,0.00272,-55.45493,732.00000
0.12309,0.13263,0.12671,0.13263,0.13000,0.29116,0.28820,0.29182,0.28820,0.28590,0.00436,0.00008,-0.00123,0.00074,0.00074,-55.45493,733.00000
0.13493,0.13066,0.12638,0.12737,0.13329,0.28623,0.28656,0.28722,0.28722,0.28656,0.00206,0.00140,0.00008,0.00403,-0.00090,-55.74749,734.00000
0.13033,0.12178,0.13132,0.12276,0.12572,0.28787,0.28656,0.28952,0.29412,0.28557,-0.00222,0.00041,0.00173,0.00008,0.00041,-55.74749,735.00000
0.12540,0.13099,0.12704,0.12934,0.12178,0.28952,0.28590,0.28656,0.28787,0.28919,0.00041,0.00502,-0.00222,-0.00222,0.00008,-56.38693,736.00000
0.12244,0.12342,0.12671,0.12967,0.12145,0.28524,0.28853,0.28919,0.28557,0.28393,-0.00057,-0.00123,0.00074,0.00206,-0.00025,-56.38693,737.00000
0.13066,0.12276,0.13164,0.12112,0.12901,0.28689,0.28919,0.28722,0.28853,0.28820,-0.00156,-0.00156,-0.00222,-0.00090,-0.00321,-57.21202,738.00000
0.12638,0.11619,0.12276,0.12145,0.12276,0.28754,0.29182,0.29149,0.28787,0.28590,-0.00057,0.00272,-0.00189,-0.00090,0.00535,-57.21202,739.00000
0.11783,0.12737,0.12507,0.12244,0.11948,0.28524,0.29149,0.28393,0.28689,0.28458,0.00173,0.00008,0.00074,-0.00156,0.00008,-56.18902,740.00000
0.11980,0.12375,0.11684,0.12178,0.11027,0.28458,0.28886,0.28985,0.29083,0.28557,0.00008,-0.00025,-0.00025,0.00008,-0.00189,-56.18902,741.00000
0.12276,0.12079,0.11355,0.12408,0.11717,0.28722,0.28623,0.28656,0.28754,0.28853,0.00535,-0.00156,-0.00156,0.00074,0.00107,-56.44412,742.00000
0.11421,0.11849,0.12145,0.11915,0.11849,0.28393,0.29314,0.28820,0.28360,0.29018,0.00272,-0.00353,0.00403,0.00206,0.00239,-56.44412,743.00000
0.11849,0.11487,0.11454,0.11520,0.11388,0.28853,0.28820,0.28853,0.28919,0.28985,0.00041,0.00206,-0.00156,-0.00123,-0.00090,-55.81727,744.00000
0.10467,0.11092,0.10731,0.11487,0.11586,0.28754,0.29149,0.28689,0.28754,0.29149,0.00041,-0.00057,0.00041,0.00502,0.00041,-55.81727,745.00000
0.11059,0.11454,0.11553,0.11619,0.11355,0.28656,0.28952,0.28722,0.28787,0.28787,-0.00222,-0.00189,-0.00255,-0.00123,-0.00090,-56.09223,746.00000
0.11421,0.10862,0.11323,0.10698,0.11421,0.29248,0.28425,0.29149,0.28952,0.28754,0.00008,0.00403,0.00206,-0.00321,-0.00025,-56.09223,747.00000
0.12079,0.11355,0.10731,0.11717,0.10928,0.28491,0.28656,0.28853,0.28557,0.28985,-0.00025,0.00041,0.00140,-0.00025,0.00403,-55.90744,748.00000
0.11257,0.11421,0.11553,0.10632,0.11290,0.28754,0.29050,0.28656,0.29412,0.29050,-0.00025,-0.00321,-0.00288,0.00107,-0.00222,-55.90744,749.00000
0.11421,0.11059,0.11224,0.10796,0.10796,0.28689,0.28754,0.28787,0.28689,0.28425,-0.00288,0.00107,0.00206,0.00041,0.00074,-55.50255,750.00000
0.10336,0.10731,0.10796,0.11027,0.10665,0.28425,0.28491,0.28820,0.28820,0.28393,0.00140,-0.00123,0.00304,0.00107,-0.00321,-55.50255,751.00000
0.10204,0.10665,0.11027,0.10895,0.10435,0.28919,0.28820,0.28820,0.28557,0.29215,0.00337,-0.00386,-0.00485,0.00074,-0.00485,-55.98614,752.00000
0.10402,0.11290,0.11059,0.10928,0.10665,0.28919,0.28623,0.29116,0.28853,0.29182,-0.00255,0.00041,0.00206,-0.00057,-0.00288,-55.98614,753.00000
0.10402,0.10040,0.10467,0.10467,0.10796,0.28491,0.29149,0.28656,0.29248,0.28754,0.00041,0.00008,0.00239,-0.00156,0.00074,-55.61758,754.00000
0.10237,0.10204,0.10698,0.10599,0.11257,0.28623,0.28952,0.28919,0.28754,0.29149,-0.00057,-0.00321,0.00239,-0.00123,0.00107,-55.61758,755.00000
0.10270,0.10435,0.10106,0.09941,0.11027,0.29281,0.29149,0.28623,0.28853,0.28557,0.00008,0.00140,-0.00025,-0.00156,0.00403,-55.48213,756.00000
0.10435,0.09941,0.11158,0.10763,0.10500,0.28656,0.29149,0.28886,0.28360,0.28524,0.00008,-0.00057,-0.00025,-0.00057,-0.00025,-55.48213,757.00000
0.10665,0.10369,0.10402,0.09579,0.10763,0.28820,0.28458,0.28853,0.28886,0.28886,-0.00255,0.00008,0.00239,0.00008,-0.00025,-55.73179,758.00000
0.09579,0.10435,0.09547,0.09349,0.10369,0.28754,0.28689,0.29018,0.28722,0.29018,0.00140,0.00272,-0.00057,-0.00255,0.00304,-55.73179,759.00000
0.09810,0.10106,0.09645,0.09678,0.09941,0.28787,0.28820,0.28689,0.28294,0.28919,0.00074,-0.00189,-0.00189,0.00239,0.00173,-55.71013,760.00000
0.09744,0.10106,0.09974,0.10073,0.10106,0.28458,0.28689,0.29314,0.28952,0.28393,-0.00222,0.00041,-0.00321,0.00206,0.00041,-55.71013,761.00000
0.09645,0.09908,0.09843,0.10040,0.10139,0.28853,0.28853,0.28952,0.28952,0.28754,-0.00123,0.00304,-0.00057,0.00140,0.00239,-55.89462,762.00000
0.09875,0.10007,0.10040,0.09908,0.09711,0.29182,0.29050,0.28919,0.28985,0.29248,0.00239,-0.00222,0.00173,-0.00025,0.00337,-55.89462,763.00000
0.09514,0.10204,0.09316,0.09711,0.08724,0.28689,0.29215,0.28327,0.29215,0.28919,-0.00353,0.00107,0.00041,0.00008,0.00272,-55.60112,764.00000
0.09579,0.09547,0.09908,0.09678,0.09810,0.28458,0.28853,0.28853,0.29018,0.28557,-0.00353,0.00107,0.00173,0.00337,0.00173,-55.60112,765.00000
0.09645,0.09218,0.09448,0.09053,0.09448,0.28689,0.29149,0.28689,0.28886,0.28261,0.00502,-0.00156,0.00272,-0.00025,0.00008,-55.23464,766.00000
0.08987,0.09448,0.09349,0.09283,0.09119,0.29248,0.28393,0.28623,0.28919,0.28919,0.00304,0.00140,0.00206,-0.00123,0.00436,-55.23464,767.00000
0.09053,0.09020,0.09514,0.09020,0.09152,0.28393,0.28623,0.29018,0.29182,0.28985,-0.00025,0.00074,-0.00255,-0.00353,-0.00123,-56.13539,768.00000
0.08922,0.09382,0.09349,0.08856,0.09415,0.28853,0.28787,0.28820,0.28722,0.28886,0.00074,-0.00386,0.00008,-0.00090,0.00074,-56.13539,769.00000
0.09777,0.08757,0.08922,0.08922,0.09579,0.28952,0.29116,0.28853,0.28524,0.28853,0.00239,-0.00025,-0.00057,0.00239,0.00041,-55.92658,770.00000
0.09086,0.09579,0.08856,0.08823,0.08790,0.28820,0.28853,0.28590,0.28886,0.28623,0.00008,-0.00255,-0.00222,0.00535,0.00239,-55.92658,771.00000
0.08889,0.08724,0.09448,0.08757,0.09514,0.28886,0.28952,0.28524,0.29149,0.28853,0.00337,-0.00255,0.00074,0.00074,-0.00189,-56.61319,772.00000
0.08691,0.08856,0.09152,0.09349,0.09152,0.28919,0.28689,0.28985,0.28754,0.28787,0.00107,0.00008,-0.00025,-0.00090,-0.00025,-56.61319,773.00000
0.09020,0.08198,0.09020,0.08955,0.09086,0.28919,0.28886,0.29050,0.28228,0.28919,-0.00189,-0.00123,-0.00025,-0.00057,-0.00255,-55.99214,774.00000
0.08823,0.08626,0.08691,0.08494,0.09251,0.28754,0.29149,0.28656,0.28491,0.28491,-0.00123,0.00041,0.00304,0.00370,0.00107,-55.99214,775.00000
0.08362,0.08922,0.08560,0.08691,0.09119,0.28919,0.28623,0.28623,0.28754,0.28689,0.00140,-0.00419,0.00008,0.00008,-0.00025,-55.90623,776.00000
0.09086,0.08494,0.08658,0.08560,0.08889,0.28425,0.29083,0.28722,0.28491,0.28656,0.00041,0.00008,0.00140,-0.00025,0.00206,-55.90623,777.00000
0.08165,0.08593,0.08099,0.08231,0.08231,0.28952,0.28623,0.29018,0.28722,0.28919,0.00239,-0.00057,0.00008,0.00008,-0.00057,-55.85595,778.00000
0.08066,0.08626,0.08099,0.08297,0.07902,0.28722,0.29018,0.28491,0.28722,0.29050,0.00337,0.00008,0.00107,0.00206,-0.00255,-55.85595,779.00000
0.08264,0.08395,0.08527,0.07474,0.07869,0.29083,0.28853,0.28689,0.28261,0.28590,0.00107,-0.00386,-0.00156,0.00074,0.00403,-56.15063,780.00000
0.08527,0.07902,0.08066,0.08231,0.08099,0.28820,0.28656,0.29050,0.28952,0.28853,0.00304,-0.00090,0.00107,0.00107,-0.00222,-56.15063,781.00000
0.08330,0.08066,0.08132,0.08132,0.08428,0.28656,0.28722,0.28820,0.28722,0.28524,0.00107,0.00074,-0.00090,-0.00255,0.00272,-56.23449,782.00000
0.07639,0.08231,0.07869,0.08132,0.08165,0.28623,0.28590,0.28393,0.28919,0.29018,-0.00057,-0.00025,0.00304,0.00140,-0.00189,-56.23449,783.00000
0.07803,0.07705,0.08330,0.08231,0.07836,0.28886,0.28656,0.28393,0.28656,0.28787,-0.00090,0.00403,0.00140,0.00173,0.00041,-56.72076,784.00000
0.08297,0.07705,0.07474,0.08198,0.07705,0.28393,0.28689,0.28820,0.28425,0.29314,-0.00025,-0.00090,0.00074,-0.00156,0.00436,-56.72076,785.00000
0.07935,0.07277,0.07474,0.07770,0.08034,0.28952,0.29445,0.28623,0.28590,0.28722,0.00337,0.00337,-0.00025,0.00074,0.00206,-55.95315,786.00000
0.07606,0.07869,0.07803,0.07573,0.07376,0.28919,0.28952,0.28886,0.28656,0.28689,0.00272,0.00074,0.00008,-0.00025,0.00041,-55.95315,787.00000
0.07869,0.07935,0.07211,0.07935,0.07738,0.28425,0.28689,0.29050,0.28787,0.28524,0.00206,0.00107,0.00173,-0.00156,-0.00189,-55.64015,788.00000
0.07376,0.07705,0.07672,0.07343,0.07113,0.28689,0.28491,0.28425,0.28722,0.28853,0.00206,0.00074,0.00206,0.00041,0.00239,-55.64015,789.00000
0.07080,0.06948,0.07606,0.07507,0.07474,0.28228,0.28952,0.28656,0.28853,0.28689,-0.00222,0.00272,0.00074,-0.00222,0.00173,-55.36158,790.00000
0.07573,0.07376,0.07080,0.07639,0.07014,0.28491,0.29248,0.28064,0.28623,0.28327,-0.00123,0.00206,-0.00025,0.00272,-0.00123,-55.36158,791.00000
0.07113,0.07310,0.07277,0.07014,0.07146,0.28820,0.28656,0.28820,0.28886,0.28360,-0.00222,0.00008,0.00304,-0.00025,0.00041,-55.40784,792.00000
0.06981,0.07507,0.06882,0.07244,0.06784,0.28722,0.28787,0.29083,0.28722,0.28985,0.00140,0.00206,0.00074,-0.00025,0.00008,-55.40784,793.00000
0.07442,0.07442,0.06915,0.07540,0.07606,0.28425,0.28557,0.28853,0.28425,0.28787,-0.00057,0.00206,-0.00123,0.00502,0.00008,-55.63605,794.00000
0.07047,0.07244,0.07474,0.07146,0.07376,0.28689,0.28820,0.28754,0.28656,0.29050,0.00140,0.00008,0.00107,0.00337,-0.00025,-55.63605,795.00000
0.07113,0.06850,0.07244,0.06554,0.07442,0.28952,0.28524,0.28656,0.28787,0.28656,-0.00353,0.00239,0.00074,-0.00617,-0.00123,-55.01285,796.00000
0.07409,0.07014,0.06784,0.07080,0.06422,0.28557,0.28820,0.28590,0.28656,0.28787,0.00173,0.00206,0.00239,-0.00353,0.00239,-55.01285,797.00000
0.07277,0.06981,0.07343,0.06948,0.07178,0.28623,0.28228,0.28689,0.28656,0.28524,-0.00123,0.00074,-0.00189,-0.00156,0.00173,-55.15779,798.00000
0.07178,0.06882,0.07178,0.07113,0.06093,0.28820,0.28491,0.28754,0.28919,0.28458,-0.00156,-0.00156,-0.00123,-0.00025,-0.00123,-55.15779,799.00000
0.06488,0.06915,0.06850,0.06389,0.06619,0.28524,0.28787,0.28360,0.28952,0.28787,0.00107,0.00041,0.00206,-0.00123,-0.00057,-55.38895,800.00000
0.06356,0.07080,0.06751,0.06356,0.06554,0.28623,0.28853,0.29018,0.28623,0.28689,-0.00386,0.00107,-0.00189,0.00107,-0.00025,-55.38895,801.00000
0.06488,0.06323,0.06619,0.06389,0.06521,0.28985,0.29215,0.28524,0.29149,0.28820,0.00272,0.00107,0.00107,0.00107,0.00304,-54.31313,802.00000
0.07014,0.07113,0.06751,0.07047,0.06323,0.28623,0.28425,0.28754,0.28853,0.29379,0.00206,0.00140,0.00304,0.00304,-0.00123,-54.31313,803.00000
0.06290,0.07014,0.06652,0.06290,0.07014,0.28787,0.28919,0.28722,0.28853,0.28656,-0.00123,0.00107,-0.00222,-0.00222,-0.00189,-53.29670,804.00000
0.06422,0.06455,0.07014,0.06356,0.06554,0.28919,0.28623,0.28886,0.28425,0.28820,-0.00189,0.00074,-0.00025,-0.00123,0.00239,-53.29670,805.00000
0.07080,0.06685,0.06882,0.05600,0.06290,0.28985,0.28327,0.28491,0.28557,0.28393,-0.00189,-0.00321,0.00008,0.00272,0.00272,-52.61515,806.00000
0.06521,0.06981,0.05962,0.06290,0.06455,0.28689,0.28557,0.28820,0.28919,0.28722,-0.00123,0.00008,0.00041,-0.00288,-0.00222,-52.61515,807.00000
0.05994,0.06225,0.06060,0.06290,0.06126,0.28722,0.28458,0.29018,0.28820,0.28557,0.00206,0.00436,0.00140,0.00041,0.00436,-53.97359,808.00000
0.06290,0.06521,0.06685,0.06323,0.06422,0.28425,0.28524,0.28557,0.28360,0.28689,-0.00255,0.00403,0.00008,0.00206,-0.00255,-53.97359,809.00000
0.06126,0.05534,0.06126,0.06159,0.05994,0.28195,0.28097,0.28491,0.28623,0.28853,0.00074,0.00107,-0.00090,0.00370,-0.00156,-55.00437,810.00000
0.06126,0.06521,0.06060,0.06389,0.06389,0.28886,0.28261,0.29083,0.28820,0.28722,0.00140,-0.00090,-0.00156,0.00272,-0.00025,-55.00437,811.00000
0.06027,0.05994,0.05633,0.06027,0.06225,0.28787,0.28524,0.28689,0.28425,0.28228,0.00272,0.00436,0.00041,0.00140,0.00041,-55.90551,812.00000
0.05929,0.05830,0.05369,0.05863,0.06455,0.28656,0.28919,0.29083,0.28886,0.28754,0.00074,-0.00025,-0.00025,-0.00057,0.00206,-55.90551,813.00000
0.05633,0.06356,0.06060,0.06685,0.05962,0.28656,0.28656,0.29248,0.28787,0.28787,-0.00189,-0.00321,0.00041,-0.00123,0.00206,-55.84094,814.00000
0.06159,0.05567,0.05962,0.05994,0.05698,0.28952,0.28754,0.28524,0.28623,0.28327,-0.00123,-0.00090,-0.00123,-0.00090,-0.00090,-55.84094,815.00000
0.05567,0.05764,0.06027,0.05402,0.06060,0.28886,0.28195,0.28820,0.28787,0.28557,-0.00090,-0.00090,0.00107,-0.00025,0.00074,-55.78180,816.00000
0.05863,0.05830,0.06027,0.06192,0.05731,0.29018,0.28754,0.28656,0.28689,0.28425,0.00041,-0.00123,0.00008,-0.00025,0.00206,-55.78180,817.00000
0.05863,0.05830,0.05402,0.05665,0.05863,0.28590,0.28689,0.28524,0.28360,0.28754,-0.00156,-0.00189,0.00699,0.00041,0.00074,-57.04861,818.00000
0.05830,0.06027,0.05929,0.05863,0.05567,0.28590,0.28425,0.28722,0.28393,0.28754,-0.00057,0.00370,0.00041,-0.00025,-0.00353,-57.04861,819.00000
0.05369,0.06356,0.06060,0.05600,0.05633,0.28820,0.28820,0.28425,0.28458,0.28623,-0.00189,-0.00025,-0.00025,-0.00025,0.00140,-57.07655,820.00000
0.05041,0.05501,0.05994,0.06290,0.05600,0.28458,0.28425,0.28491,0.28458,0.28425,0.00206,0.00008,-0.00386,0.00140,0.00074,-57.07655,821.00000
0.05468,0.05962,0.06126,0.06060,0.05501,0.28787,0.28689,0.28458,0.29018,0.28623,0.00304,0.00140,-0.00025,-0.00057,-0.00353,-56.11884,822.00000
0.05567,0.05863,0.05369,0.05337,0.05863,0.28425,0.28820,0.28985,0.28853,0.28623,-0.00057,-0.00057,0.00107,0.00568,0.00074,-56.11884,823.00000
0.05764,0.05962,0.05304,0.05304,0.05337,0.28590,0.28919,0.28524,0.28886,0.28656,0.00732,0.00107,0.00436,0.00107,-0.00025,-56.04282,824.00000
0.05337,0.05501,0.05501,0.05929,0.05008,0.28985,0.29018,0.29050,0.28261,0.28557,0.00206,-0.00090,-0.00156,0.00206,-0.00353,-56.04282,825.00000
0.05962,0.05172,0.05041,0.05600,0.05567,0.28393,0.28294,0.28623,0.28919,0.28524,-0.00288,-0.00321,-0.00288,-0.00025,0.00370,-56.40520,826.00000
0.05863,0.05402,0.05041,0.05665,0.04613,0.28656,0.28820,0.28787,0.28491,0.29116,-0.00025,0.00107,0.00008,-0.00288,0.00140,-56.40520,827.00000
0.05435,0.05271,0.05665,0.05172,0.05271,0.28524,0.28754,0.28689,0.28195,0.28162,-0.00419,-0.00156,-0.00156,0.00041,-0.00255,-56.10299,828.00000
0.05994,0.05962,0.05238,0.05665,0.05205,0.29116,0.28524,0.28853,0.28985,0.28162,-0.00419,-0.00255,0.00008,0.00173,0.00337,-56.10299,829.00000
0.05600,0.05304,0.05238,0.05731,0.05041,0.28261,0.28557,0.28754,0.28557,0.28557,-0.00222,-0.00222,0.00370,0.00304,-0.00353,-55.89817,830.00000
0.05567,0.05435,0.05238,0.05304,0.05304,0.28656,0.29018,0.28656,0.28393,0.28919,-0.00353,0.00206,-0.00222,-0.00189,0.00140,-55.89817,831.00000
0.05041,0.05041,0.05008,0.05172,0.05600,0.28261,0.28623,0.28458,0.28557,0.28787,-0.00057,0.00272,0.00041,0.00008,-0.00156,-55.84948,832.00000
0.05567,0.04810,0.05073,0.05139,0.05435,0.28886,0.28787,0.28393,0.28754,0.28590,-0.00189,0.00008,0.00337,-0.00090,-0.00353,-55.84948,833.00000
0.05008,0.05205,0.05172,0.04218,0.06258,0.28919,0.29346,0.28590,0.28425,0.28458,-0.00025,0.00041,-0.00189,0.00140,0.00107,-56.39886,834.00000
0.05534,0.05797,0.05501,0.05304,0.04876,0.28919,0.28425,0.28458,0.28458,0.28722,-0.00025,0.00206,-0.00255,0.00173,0.00074,-56.39886,835.00000
0.04777,0.05764,0.05369,0.05304,0.05665,0.28294,0.29018,0.28623,0.28820,0.29083,-0.00090,0.00041,0.00008,-0.00156,-0.00156,-56.21213,836.00000
0.05304,0.05271,0.05106,0.05501,0.05139,0.28360,0.28722,0.28689,0.28689,0.28590,-0.00057,0.00140,0.00239,-0.00057,-0.00255,-56.21213,837.00000
0.05106,0.05041,0.04975,0.05172,0.04712,0.28787,0.28425,0.28524,0.28491,0.29050,0.00074,-0.00025,0.00239,0.00304,0.00239,-55.51573,838.00000
0.04810,0.04843,0.05304,0.05435,0.05073,0.28853,0.28820,0.28952,0.28919,0.28557,-0.00255,0.00239,0.00107,0.00107,0.00041,-55.51573,839.00000
0.05008,0.05106,0.04218,0.04777,0.05369,0.28722,0.28787,0.28097,0.28623,0.28425,-0.00025,0.00041,-0.00057,-0.00156,0.00107,-56.04888,840.00000
0.04810,0.05402,0.05435,0.04942,0.05073,0.28458,0.28195,0.28919,0.29149,0.28853,-0.00321,0.00008,0.00074,0.00469,0.00173,-56.04888,841.00000
0.04942,0.05238,0.04843,0.04679,0.04909,0.28590,0.28458,0.28129,0.29149,0.28129,-0.00255,-0.00222,0.00206,0.00173,0.00107,-56.64505,842.00000
0.04547,0.04580,0.04975,0.04580,0.05238,0.28524,0.28886,0.28458,0.28557,0.28393,0.00008,0.00107,0.00403,-0.00222,-0.00057,-56.64505,843.00000
0.04745,0.04909,0.04745,0.04942,0.04909,0.28919,0.28656,0.28886,0.28952,0.28458,0.00041,0.00173,-0.00156,-0.00288,0.00008,-56.44264,844.00000
0.04251,0.05008,0.05600,0.04876,0.04810,0.28623,0.28228,0.28623,0.28524,0.28623,-0.00025,-0.00057,-0.00518,0.00535,0.00206,-56.44264,845.00000
0.04712,0.04745,0.04777,0.04580,0.04712,0.28919,0.28820,0.28458,0.28689,0.28689,-0.00452,-0.00321,0.00107,0.00304,-0.00222,-56.24866,846.00000
0.04777,0.04712,0.04942,0.04745,0.05041,0.28524,0.28327,0.28853,0.28590,0.28689,0.00173,0.00304,0.00173,-0.00321,-0.00057,-56.24866,847.00000
0.05271,0.04449,0.04383,0.04580,0.04251,0.28820,0.28656,0.28952,0.28820,0.28787,0.00304,-0.00156,0.00008,0.00140,0.00074,-55.57062,848.00000
0.04843,0.04777,0.04580,0.04514,0.04909,0.28590,0.28754,0.28524,0.28886,0.28722,-0.00288,-0.00025,0.00173,-0.00025,0.00140,-55.57062,849.00000
0.04449,0.04416,0.04942,0.04909,0.04251,0.28656,0.28689,0.28985,0.28623,0.28623,-0.00255,-0.00386,-0.00255,-0.00255,-0.00321,-55.50992,850.00000
0.04777,0.04712,0.04383,0.04284,0.04909,0.28327,0.28754,0.29050,0.28722,0.28886,0.00403,0.00272,0.00008,-0.00057,0.00239,-55.50992,851.00000
0.04021,0.04317,0.04810,0.04383,0.04449,0.28754,0.28919,0.28656,0.28557,0.28886,0.00074,-0.00222,-0.00321,0.00140,0.00403,-55.65291,852.00000
0.04317,0.05172,0.04712,0.04317,0.04580,0.28754,0.28787,0.28557,0.28656,0.28458,0.00272,-0.00057,0.00304,-0.00222,-0.00057,-55.65291,853.00000
0.04481,0.04350,0.04547,0.04745,0.04481,0.28952,0.28656,0.28853,0.29050,0.28590,0.00107,0.00272,-0.00222,0.00041,0.00107,-56.11259,854.00000
0.04087,0.05008,0.04777,0.04843,0.04646,0.28524,0.28985,0.28524,0.28722,0.28722,0.00041,0.00206,0.00370,0.00140,-0.00090,-56.11259,855.00000
0.03988,0.04975,0.04481,0.04613,0.05008,0.28919,0.28886,0.28853,0.28458,0.29018,-0.00057,0.00074,0.00173,0.00140,-0.00288,-55.85170,856.00000
0.03692,0.04613,0.03297,0.04876,0.04383,0.28985,0.29083,0.28656,0.29018,0.28557,0.00140,0.00074,0.00304,0.00140,0.00206,-55.85170,857.00000
0.03988,0.04975,0.04416,0.04317,0.04185,0.28393,0.28919,0.28985,0.28656,0.28919,-0.00288,0.00140,0.00370,-0.00025,0.00074,-55.98493,858.00000
0.04251,0.04284,0.04416,0.04449,0.04481,0.28985,0.28590,0.28952,0.28524,0.28557,0.00107,-0.00189,-0.00189,0.00173,0.00041,-55.98493,859.00000
0.04284,0.04153,0.04153,0.04383,0.04383,0.28754,0.28425,0.28820,0.28722,0.28557,0.00140,0.00074,0.00140,-0.00255,0.00140,-56.06620,860.00000
0.04481,0.04350,0.04218,0.04909,0.04153,0.29182,0.28820,0.29018,0.28393,0.28129,-0.00222,0.00074,0.00107,0.00041,0.00206,-56.06620,861.00000
0.04251,0.04547,0.04218,0.04317,0.04317,0.28393,0.28820,0.29149,0.29050,0.28919,-0.00025,0.00107,-0.00123,-0.00123,0.00173,-56.58046,862.00000
0.04613,0.04153,0.04185,0.04481,0.04087,0.29050,0.28787,0.28656,0.28820,0.28458,0.00041,-0.00090,0.00272,-0.00353,0.00008,-56.58046,863.00000
0.03955,0.04120,0.04547,0.04054,0.04449,0.29149,0.28524,0.28754,0.28458,0.28853,-0.00123,0.00008,0.00041,-0.00025,0.00140,-56.45918,864.00000
0.04317,0.04153,0.04481,0.04087,0.04383,0.28393,0.28623,0.28425,0.28360,0.28557,0.00272,0.00008,0.00239,0.00074,0.00140,-56.45918,865.00000
0.04646,0.03988,0.04383,0.04383,0.04284,0.29018,0.28360,0.28820,0.29149,0.28689,0.00008,-0.00123,-0.00189,0.00041,0.00107,-56.79404,866.00000
0.04350,0.04120,0.04120,0.04317,0.04021,0.28623,0.28656,0.28820,0.28097,0.28623,0.00074,-0.00189,0.00107,0.00140,-0.00156,-56.79404,867.00000
0.03922,0.03955,0.03922,0.04514,0.04054,0.28919,0.28491,0.28590,0.28853,0.28952,0.00239,-0.00057,0.00140,-0.00123,-0.00025,-56.24370,868.00000
0.03791,0.04185,0.03462,0.03889,0.03561,0.28524,0.28393,0.29083,0.28787,0.28886,0.00206,-0.00189,-0.00057,0.00206,-0.00123,-56.24370,869.00000
0.04054,0.04218,0.04481,0.04054,0.03988,0.28689,0.28722,0.28458,0.28590,0.28985,-0.00321,-0.00189,0.00239,-0.00222,-0.00025,-56.22976,870.00000
0.03988,0.04021,0.04777,0.03725,0.03857,0.28919,0.28754,0.28820,0.29018,0.28557,0.00436,-0.00090,-0.00156,-0.00156,0.00173,-56.22976,871.00000
0.04251,0.03725,0.04153,0.03725,0.04153,0.28853,0.28754,0.28754,0.28919,0.28689,-0.00057,0.00140,0.00074,-0.00057,-0.00189,-55.56361,872.00000
0.03462,0.04383,0.04153,0.04284,0.03462,0.29083,0.28952,0.28689,0.29248,0.28787,0.00107,-0.00189,0.00436,-0.00452,0.00502,-55.56361,873.00000
0.04054,0.03495,0.03857,0.04547,0.03824,0.28590,0.28360,0.28656,0.28360,0.28722,0.00074,0.00140,0.00206,0.00107,-0.00090,-56.09479,874.00000
0.03922,0.03692,0.03791,0.03330,0.04712,0.28853,0.28853,0.28524,0.28425,0.28590,0.00074,0.00239,0.00107,0.00008,-0.00222,-56.09479,875.00000
0.03692,0.04021,0.04547,0.03824,0.04449,0.28787,0.28853,0.28623,0.28919,0.28656,-0.00419,0.00304,0.00041,-0.00025,0.00008,-56.31156,876.00000
0.04120,0.04087,0.03758,0.04120,0.04185,0.28820,0.28557,0.28327,0.28754,0.29149,0.00206,0.00041,0.00239,0.00173,0.00008,-56.31156,877.00000
0.03330,0.03857,0.04580,0.03495,0.03561,0.28557,0.28689,0.28787,0.29018,0.28985,-0.00090,0.00173,-0.00288,0.00239,0.00206,-56.06105,878.00000
0.03922,0.04021,0.03889,0.03495,0.03889,0.28952,0.29083,0.28491,0.28985,0.28722,-0.00156,0.00206,0.00074,0.00239,0.00206,-56.06105,879.00000
0.03429,0.03561,0.03922,0.04153,0.04087,0.28557,0.28689,0.28557,0.28524,0.28656,0.00008,0.00074,0.00535,0.00239,0.00304,-56.08473,880.00000
0.03528,0.03791,0.04416,0.03199,0.03758,0.28491,0.28590,0.28524,0.28820,0.28656,0.00239,-0.00123,-0.00025,0.00140,0.00469,-56.08473,881.00000
0.03955,0.03396,0.03791,0.03857,0.03955,0.28623,0.28853,0.28919,0.28853,0.28491,0.00173,0.00107,0.00140,-0.00255,0.00239,-55.98182,882.00000
0.03758,0.04054,0.03692,0.03857,0.03396,0.28491,0.28886,0.28557,0.28590,0.28458,-0.00353,-0.00123,0.00140,0.00008,0.00337,-55.98182,883.00000
0.03725,0.03889,0.03100,0.03495,0.04054,0.28557,0.28787,0.28656,0.28458,0.29149,0.00041,0.00008,-0.00156,0.00272,0.00337,-55.95478,884.00000
0.03363,0.03988,0.04087,0.03363,0.03889,0.28722,0.28985,0.28524,0.28195,0.28294,0.00140,0.00074,-0.00090,0.00304,-0.00222,-55.95478,885.00000
0.03495,0.03791,0.03462,0.03462,0.03922,0.28458,0.28820,0.29149,0.28886,0.28919,0.00074,0.00304,0.00107,-0.00353,0.00206,-56.62729,886.00000
0.03857,0.02903,0.03462,0.04284,0.04021,0.28853,0.28787,0.28656,0.28623,0.29116,0.00239,-0.00057,-0.00057,-0.00123,-0.00255,-56.62729,887.00000
0.04120,0.04054,0.03330,0.04054,0.03922,0.28557,0.28491,0.28557,0.28754,0.28228,0.00041,-0.00057,-0.00353,-0.00123,-0.00156,-56.74382,888.00000
0.03462,0.03495,0.04054,0.03692,0.03725,0.28623,0.28853,0.28458,0.28623,0.28952,0.00107,0.00272,0.00074,0.00535,0.00107,-56.74382,889.00000
0.03396,0.03659,0.03725,0.03857,0.03889,0.28557,0.28557,0.28787,0.29182,0.28952,0.00140,0.00140,0.00074,-0.00090,-0.00057,-56.51644,890.00000
0.03100,0.03824,0.03824,0.03429,0.03692,0.28623,0.28820,0.28820,0.28952,0.28557,-0.00057,0.00173,0.00041,0.00107,0.00370,-56.51644,891.00000
0.03462,0.03067,0.04021,0.03462,0.03495,0.28557,0.28820,0.28722,0.28985,0.28294,-0.00156,0.00008,0.00173,0.00173,0.00140,-56.82756,892.00000
0.03593,0.03528,0.03692,0.03593,0.02837,0.28787,0.28689,0.29379,0.28722,0.28656,-0.00025,0.00107,0.00008,0.00041,0.00140,-56.82756,893.00000
0.03758,0.03725,0.03593,0.03462,0.03725,0.28458,0.28261,0.28623,0.28524,0.28294,-0.00255,0.00074,0.00173,0.00140,0.00239,-56.13350,894.00000
0.03330,0.03133,0.03692,0.03495,0.03922,0.28557,0.28820,0.28886,0.28952,0.28458,0.00008,-0.00090,0.00272,-0.00189,0.00140,-56.13350,895.00000
0.02903,0.03758,0.03922,0.03528,0.03100,0.28294,0.29018,0.28425,0.28623,0.28919,-0.00419,-0.00123,-0.00189,0.00107,0.00008,-55.46421,896.00000
0.03330,0.03297,0.03166,0.03297,0.03067,0.28360,0.28491,0.28261,0.28787,0.28919,0.00272,0.00107,-0.00321,0.00041,-0.00321,-55.46421,897.00000
0.03495,0.03495,0.04251,0.03100,0.03232,0.28623,0.28491,0.28557,0.28491,0.28590,0.00304,-0.00090,-0.00025,0.00107,-0.00156,-56.10857,898.00000
0.03166,0.03791,0.03922,0.03265,0.03528,0.28491,0.28590,0.28689,0.28820,0.28722,0.00140,0.00436,0.00041,0.00041,-0.00057,-56.10857,899.00000
0.03462,0.03297,0.03922,0.03561,0.03824,0.28327,0.28458,0.28689,0.28524,0.28787,0.00140,-0.00090,-0.00090,0.00206,0.00304,-56.14999,900.00000
0.03067,0.03561,0.03824,0.03659,0.03528,0.28458,0.28425,0.28393,0.28853,0.28853,0.00107,-0.00057,0.00239,0.00074,-0.00222,-56.14999,901.00000
0.03593,0.03232,0.03396,0.03133,0.03659,0.28853,0.28722,0.28656,0.28524,0.28458,-0.00156,0.00074,0.00041,0.00765,0.00041,-55.61406,902.00000
0.03166,0.03725,0.03791,0.02903,0.03199,0.28919,0.28985,0.29149,0.28689,0.28524,0.00074,0.00304,0.00304,-0.00057,-0.00057,-55.61406,903.00000
0.03758,0.03495,0.03199,0.03100,0.02607,0.28458,0.28820,0.28294,0.29050,0.28557,-0.00057,0.00008,-0.00288,-0.00123,-0.00321,-55.87343,904.00000
0.03659,0.03528,0.03265,0.02936,0.03100,0.28524,0.28689,0.28393,0.28491,0.28590,0.00206,0.00008,-0.00288,-0.00025,-0.00156,-55.87343,905.00000
0.03626,0.03363,0.03330,0.02837,0.03232,0.28689,0.28787,0.29018,0.28886,0.28557,-0.00025,-0.00353,0.00403,-0.00189,0.00304,-55.87373,906.00000
0.03001,0.03330,0.03001,0.03232,0.03429,0.28754,0.28754,0.28919,0.28425,0.27965,0.00370,-0.00156,-0.00156,0.00370,-0.00255,-55.87373,907.00000
0.03462,0.03363,0.03725,0.03889,0.03232,0.28623,0.28623,0.29018,0.28590,0.28524,0.00041,0.00041,-0.00123,-0.00057,0.00074,-55.57114,908.00000
0.02968,0.03561,0.03232,0.03857,0.03857,0.28590,0.28524,0.28590,0.29149,0.28853,-0.00386,0.00140,0.00107,0.00272,-0.00156,-55.57114,909.00000
0.03297,0.03725,0.03561,0.03166,0.03232,0.28590,0.28952,0.28853,0.28985,0.28557,-0.00123,0.00370,0.00008,0.00107,0.00041,-55.73235,910.00000
0.02903,0.03462,0.03528,0.03528,0.03593,0.28919,0.28623,0.28524,0.28886,0.28820,-0.00057,0.00206,-0.00222,0.00239,0.00239,-55.73235,911.00000
0.03265,0.02936,0.03199,0.03330,0.03857,0.28754,0.28360,0.28590,0.28656,0.28754,-0.00057,-0.00057,-0.00222,-0.00452,0.00074,-56.20114,912.00000
0.03561,0.03626,0.03429,0.02968,0.03495,0.28754,0.28985,0.28853,0.28294,0.28557,0.00239,-0.00025,0.00041,0.00041,0.00304,-56.20114,913.00000
0.03067,0.03297,0.03857,0.02903,0.03067,0.28853,0.28623,0.28590,0.28689,0.28820,0.00074,-0.00255,-0.00057,0.00041,0.00041,-56.37938,914.00000
0.03791,0.03265,0.03462,0.03758,0.02804,0.28656,0.28261,0.28425,0.28458,0.28656,-0.00189,-0.00485,-0.00255,-0.00255,0.00206,-56.37938,915.00000
0.03363,0.02640,0.03495,0.02804,0.03363,0.28294,0.29412,0.28327,0.28393,0.28787,0.00370,-0.00189,0.00173,-0.00123,-0.00123,-55.41137,916.00000
0.03297,0.03330,0.03133,0.02837,0.03297,0.28754,0.28557,0.28919,0.28656,0.28656,-0.00189,-0.00057,0.00107,0.00370,-0.00156,-55.41137,917.00000
0.02936,0.03495,0.03100,0.03067,0.03067,0.28754,0.29018,0.28327,0.28590,0.28722,-0.00123,0.00107,0.00074,-0.00386,0.00173,-56.17492,918.00000
0.03199,0.03166,0.02903,0.03396,0.03265,0.28491,0.28557,0.28360,0.29215,0.28689,-0.00255,-0.00123,0.00403,0.00107,-0.00419,-56.17492,919.00000
0.03330,0.03495,0.03001,0.03133,0.03561,0.28393,0.29116,0.28524,0.28656,0.28656,0.00107,0.00008,0.00008,-0.00025,0.00074,-56.45904,920.00000
0.03265,0.03265,0.02870,0.03528,0.03363,0.28754,0.28754,0.28820,0.28491,0.28557,0.00173,-0.00353,-0.00123,0.00107,0.00140,-56.45904,921.00000
0.03396,0.03199,0.03034,0.02837,0.02837,0.28590,0.28393,0.28853,0.28754,0.28557,0.00008,-0.00090,0.00403,0.00535,0.00107,-55.82962,922.00000
0.03133,0.03330,0.02936,0.03330,0.03067,0.28820,0.28754,0.28886,0.28689,0.27998,0.00173,-0.00123,0.00140,-0.00123,-0.00222,-55.82962,923.00000
0.02968,0.03199,0.03363,0.03067,0.03561,0.28853,0.28425,0.29182,0.28689,0.28787,0.00206,0.00008,-0.00025,0.00173,0.00337,-55.48317,924.00000
0.03330,0.03429,0.02936,0.03495,0.02870,0.28689,0.28294,0.28327,0.28919,0.28853,0.00337,0.00140,0.00337,0.00206,-0.00090,-55.48317,925.00000
0.03265,0.03034,0.03561,0.03396,0.03100,0.28557,0.28557,0.28491,0.29083,0.28886,0.00239,-0.00189,-0.00123,0.00370,0.00008,-55.98865,926.00000
0.02672,0.03363,0.03824,0.03199,0.02903,0.28722,0.28919,0.28524,0.28590,0.28524,0.00304,0.00140,0.00173,0.00239,0.00140,-55.98865,927.00000
0.03396,0.03232,0.02870,0.03199,0.03396,0.28064,0.28722,0.28787,0.29050,0.28524,-0.00057,0.00041,-0.00288,0.00272,0.00239,-56.09247,928.00000
0.03561,0.03363,0.02936,0.03166,0.03363,0.28360,0.28623,0.28294,0.28754,0.28524,-0.00057,0.00041,0.00206,0.00074,-0.00090,-56.09247,929.00000
0.02640,0.03034,0.03297,0.03396,0.02541,0.29149,0.28458,0.28754,0.28393,0.28623,0.00206,0.00140,0.00008,-0.00189,-0.00057,-56.65952,930.00000
0.02804,0.02640,0.03166,0.03166,0.02903,0.28820,0.28491,0.27932,0.28097,0.28393,0.00239,0.00173,0.00074,0.00107,-0.00222,-56.65952,931.00000
0.03199,0.03297,0.03166,0.02705,0.02738,0.28820,0.28623,0.28557,0.28491,0.29018,-0.00090,0.00173,0.00107,-0.00321,-0.00288,-56.57927,932.00000
0.03889,0.03034,0.03166,0.02968,0.02870,0.28754,0.28787,0.28886,0.28294,0.29018,-0.00222,0.00206,-0.00255,0.00107,0.00074,-56.57927,933.00000
0.03166,0.03297,0.03297,0.03166,0.02738,0.28590,0.28722,0.28590,0.28294,0.28820,-0.00156,0.00074,-0.00090,0.00074,0.00008,-56.44393,934.00000
0.03232,0.03528,0.02409,0.03067,0.02705,0.28228,0.28722,0.28656,0.28524,0.28853,0.00173,-0.00288,-0.00321,-0.00156,-0.00255,-56.44393,935.00000
0.03396,0.02607,0.02837,0.02508,0.03528,0.28491,0.28919,0.28425,0.28985,0.28524,-0.00025,0.00008,-0.00025,0.00140,-0.00025,-55.71464,936.00000
0.02705,0.02936,0.02574,0.02738,0.03067,0.28722,0.28228,0.29116,0.28853,0.28820,-0.00090,-0.00090,0.00041,0.00304,-0.00255,-55.71464,937.00000
0.03133,0.03100,0.02804,0.03001,0.03495,0.28458,0.28722,0.28458,0.28853,0.28985,-0.00090,0.00304,-0.00419,0.00568,0.00173,-56.54384,938.00000
0.02705,0.03100,0.02968,0.03100,0.02870,0.28820,0.28820,0.28393,0.29182,0.28886,0.00074,0.00469,-0.00025,-0.00090,0.00304,-56.54384,939.00000
0.03363,0.02640,0.02574,0.02837,0.03232,0.28524,0.28524,0.28722,0.28820,0.28360,0.00008,0.00041,0.00074,-0.00090,0.00107,-55.97700,940.00000
0.03100,0.02738,0.03528,0.02311,0.02804,0.28129,0.28853,0.28129,0.29050,0.28524,0.00173,-0.00090,0.00107,0.00107,0.00140,-55.97700,941.00000
0.02804,0.02475,0.03265,0.02771,0.02870,0.28754,0.28623,0.28623,0.28491,0.28689,-0.00189,0.00239,-0.00353,-0.00057,-0.00057,-56.26731,942.00000
0.03067,0.02870,0.02837,0.03462,0.02804,0.28491,0.28820,0.28425,0.28754,0.28491,0.00008,-0.00090,0.00008,-0.00025,0.00074,-56.26731,943.00000
0.03034,0.03462,0.03166,0.03166,0.02607,0.28754,0.28623,0.28722,0.28886,0.28952,0.00337,0.00008,-0.00123,0.00041,-0.00321,-56.37340,944.00000
0.02672,0.02804,0.03232,0.02968,0.02936,0.28590,0.29083,0.28985,0.28722,0.28261,0.00206,0.00008,-0.00156,-0.00156,0.00304,-56.37340,945.00000
0.02837,0.03232,0.03067,0.02837,0.02837,0.28722,0.28162,0.28524,0.28952,0.28656,0.00304,-0.00255,0.00041,0.00074,0.00239,-56.46795,946.00000
0.02936,0.02607,0.03199,0.03396,0.02705,0.28524,0.28886,0.28656,0.28590,0.29281,-0.00353,-0.00025,0.00337,-0.00057,-0.00189,-56.46795,947.00000
0.03001,0.02574,0.03034,0.03199,0.03265,0.28820,0.28689,0.28557,0.28787,0.28689,-0.00090,-0.00156,0.00173,0.00107,0.00107,-56.73739,948.00000
0.02508,0.02508,0.02212,0.03429,0.02442,0.28853,0.28820,0.28853,0.29116,0.28722,0.00008,0.00074,0.00173,0.00206,0.00403,-56.73739,949.00000
0.02574,0.03166,0.02442,0.02409,0.02903,0.28557,0.28952,0.28228,0.28557,0.28524,0.00173,0.00107,-0.00057,0.00008,-0.00255,-56.06157,950.00000
0.02771,0.03034,0.03265,0.03133,0.03297,0.28162,0.28787,0.28623,0.29083,0.28557,-0.00025,0.00239,0.00140,-0.00321,-0.00090,-56.06157,951.00000
0.02804,0.02804,0.03067,0.02804,0.02771,0.28557,0.28919,0.28722,0.28722,0.28129,0.00304,0.00239,0.00008,0.00206,-0.00321,-56.12160,952.00000
0.02508,0.03001,0.03034,0.02376,0.03001,0.28458,0.28656,0.28722,0.28886,0.28557,0.00206,-0.00255,-0.00255,-0.00123,0.00140,-56.12160,953.00000
0.03626,0.03067,0.02574,0.02672,0.03462,0.28623,0.28985,0.28952,0.28787,0.28656,0.00074,0.00600,0.00239,0.00304,-0.00222,-55.49000,954.00000
0.02936,0.02640,0.03199,0.03034,0.02771,0.28623,0.29018,0.28754,0.28722,0.28195,0.00239,0.00140,0.00206,-0.00057,0.00173,-55.49000,955.00000
0.02968,0.03001,0.02475,0.03034,0.02475,0.28327,0.28557,0.28754,0.28886,0.28228,0.00206,-0.00156,-0.00123,-0.00123,-0.00025,-55.72596,956.00000
0.02903,0.02771,0.03429,0.03034,0.02409,0.28557,0.28722,0.28458,0.28656,0.28228,0.00304,-0.00025,-0.00189,0.00041,0.00008,-55.72596,957.00000
0.02672,0.03001,0.02672,0.02870,0.02409,0.28623,0.28327,0.28689,0.28754,0.28294,0.00304,-0.00288,-0.00288,-0.00189,0.00008,-56.02460,958.00000
0.02936,0.03100,0.02344,0.03100,0.02475,0.28787,0.29018,0.28590,0.28590,0.28327,0.00173,-0.00321,-0.00419,0.00140,0.00206,-56.02460,959.00000
0.02738,0.02640,0.02508,0.02936,0.03626,0.28162,0.28754,0.28623,0.28985,0.28623,0.00173,0.00337,0.00173,0.00041,0.00239,-55.30478,960.00000
0.02968,0.02640,0.02672,0.02903,0.03001,0.28360,0.28952,0.29083,0.28985,0.28524,0.00041,0.00304,-0.00057,0.00370,-0.00057,-55.30478,961.00000
0.02311,0.02870,0.02936,0.02442,0.02804,0.28393,0.28327,0.28590,0.28425,0.29248,0.00173,0.00239,0.00140,-0.00090,0.00272,-55.32817,962.00000
0.02409,0.03265,0.02936,0.03034,0.02936,0.28886,0.29314,0.28689,0.28656,0.28656,-0.00123,0.00041,0.00140,0.00272,0.00272,-55.32817,963.00000
0.02574,0.02574,0.02968,0.02837,0.02442,0.28327,0.28689,0.29182,0.28557,0.29050,-0.00288,0.00173,0.00304,0.00370,-0.00025,-55.07864,964.00000
0.03166,0.02705,0.02903,0.02771,0.03133,0.28425,0.28623,0.28886,0.29050,0.28952,-0.00386,-0.00584,0.00041,0.00239,0.00206,-55.07864,965.00000
0.02442,0.02705,0.02837,0.02541,0.03001,0.28787,0.28656,0.28228,0.28689,0.28623,0.00140,0.00206,0.00074,-0.00025,0.00074,-56.06715,966.00000
0.03199,0.02936,0.02607,0.03363,0.02442,0.28754,0.28557,0.29116,0.28919,0.28425,-0.00156,0.00173,-0.00025,-0.00025,-0.00222,-56.06715,967.00000
0.03133,0.02640,0.02278,0.02771,0.03100,0.29083,0.28886,0.28787,0.28425,0.28754,0.00535,-0.00156,-0.00057,0.00173,0.00239,-56.64930,968.00000
0.02837,0.02870,0.02672,0.02672,0.02903,0.29116,0.28886,0.29018,0.28853,0.28722,0.00173,0.00041,-0.00189,0.00074,-0.00255,-56.64930,969.00000
0.02672,0.02936,0.02968,0.03034,0.02705,0.28195,0.29018,0.28886,0.29346,0.29215,-0.00321,-0.00386,-0.00222,-0.00156,0.00074,-56.74750,970.00000
0.02672,0.02936,0.02903,0.02212,0.02936,0.29083,0.28491,0.28458,0.29675,0.28985,-0.00156,0.00041,-0.00321,-0.00057,-0.00025,-56.74750,971.00000
0.03297,0.02574,0.02278,0.02837,0.02508,0.29248,0.28886,0.28590,0.28524,0.28820,0.00173,-0.00090,-0.00025,-0.00321,-0.00057,-56.45969,972.00000
0.02574,0.03100,0.02837,0.02672,0.03034,0.28722,0.28919,0.28689,0.28919,0.28787,0.00173,0.00074,0.00337,0.00370,-0.00057,-56.45969,973.00000
0.03330,0.03199,0.03001,0.02804,0.03265,0.29149,0.28557,0.29116,0.28689,0.28491,0.00272,-0.00156,0.00041,0.00041,0.00107,-56.06432,974.00000
0.02705,0.03462,0.03199,0.02607,0.03199,0.28722,0.28952,0.28557,0.28689,0.28952,-0.00156,0.00206,0.00272,-0.00025,0.00041,-56.06432,975.00000
0.02311,0.03034,0.02475,0.03001,0.02771,0.28722,0.28919,0.28590,0.28919,0.29083,-0.00321,0.00469,0.00140,0.00041,0.00304,-56.68694,976.00000
0.02640,0.03034,0.03067,0.03265,0.03067,0.28689,0.28557,0.29018,0.28787,0.28327,0.00008,0.00173,0.00041,0.00107,-0.00123,-56.68694,977.00000
0.01949,0.02574,0.02672,0.03067,0.02804,0.28623,0.28360,0.28491,0.28491,0.28458,0.00107,0.00074,-0.00025,0.00206,0.00173,-55.53585,978.00000
0.02508,0.02903,0.02968,0.02968,0.02541,0.28623,0.28393,0.29050,0.29149,0.28754,0.00337,-0.00025,0.00337,-0.00057,0.00041,-55.53585,979.00000
0.03001,0.02672,0.03199,0.02903,0.02968,0.28754,0.28952,0.28590,0.28393,0.28162,-0.00222,0.00173,-0.00057,0.00206,0.00206,-55.87584,980.00000
0.02903,0.02344,0.03133,0.03297,0.02672,0.28689,0.28557,0.28294,0.27998,0.28590,0.00107,0.00107,-0.00123,-0.00156,0.00304,-55.87584,981.00000
0.02903,0.02541,0.02442,0.03034,0.02245,0.28261,0.28425,0.28689,0.28787,0.28327,0.00304,-0.00025,0.00008,-0.00156,-0.00025,-55.63323,982.00000
0.03363,0.03232,0.02541,0.02475,0.02508,0.28360,0.29083,0.28820,0.28952,0.28557,-0.00321,-0.00025,0.00041,0.00272,-0.00189,-55.63323,983.00000
0.03199,0.02409,0.03100,0.02475,0.02409,0.28722,0.28623,0.28656,0.27998,0.28458,0.00041,-0.00353,0.00074,0.00041,0.00107,-56.24679,984.00000
0.02771,0.02870,0.02442,0.02574,0.02837,0.28623,0.28722,0.29215,0.28557,0.28261,0.00074,0.00008,-0.00025,-0.00025,-0.00156,-56.24679,985.00000
0.02278,0.03100,0.02640,0.02048,0.03133,0.28557,0.27998,0.28524,0.28886,0.28787,0.00008,-0.00288,-0.00090,-0.00222,0.00272,-56.09947,986.00000
0.02245,0.02804,0.02508,0.02936,0.02738,0.28754,0.28557,0.28623,0.28261,0.28656,0.00436,-0.00090,0.00107,0.00304,0.00206,-56.09947,987.00000
0.03001,0.03001,0.02870,0.02475,0.02245,0.28360,0.28722,0.28886,0.28524,0.28985,0.00107,-0.00156,-0.00025,-0.00189,0.00173,-56.60442,988.00000
0.02804,0.02738,0.02179,0.02804,0.02968,0.28557,0.28820,0.28195,0.28656,0.28524,-0.00090,0.00107,0.00272,0.00173,-0.00090,-56.60442,989.00000
0.02376,0.02672,0.02508,0.02738,0.02672,0.28820,0.28754,0.28590,0.28425,0.28754,0.00173,-0.00057,-0.00156,0.00304,-0.00419,-56.58590,990.00000
0.03067,0.03001,0.02771,0.02705,0.02771,0.28162,0.28393,0.28557,0.28491,0.28294,0.00041,0.00041,0.00436,0.00008,-0.00057,-56.58590,991.00000
0.02080,0.02607,0.02409,0.02804,0.02771,0.28853,0.28689,0.28327,0.28754,0.28656,0.00173,0.00239,0.00041,0.00403,-0.00222,-56.88426,992.00000
0.03001,0.02607,0.02870,0.02607,0.03067,0.28590,0.28722,0.28524,0.28985,0.28689,0.00107,0.00107,0.00239,-0.00057,-0.00321,-56.88426,993.00000
0.02113,0.02771,0.03034,0.02640,0.03166,0.29149,0.28623,0.28261,0.28524,0.28985,0.00107,-0.00156,-0.00288,0.00173,0.00140,-56.34984,994.00000
0.03067,0.02541,0.02903,0.03100,0.02311,0.28393,0.28425,0.28261,0.28524,0.28393,0.00206,0.00173,0.00008,0.00041,-0.00419,-56.34984,995.00000
0.03297,0.02508,0.02574,0.02870,0.02442,0.29215,0.28524,0.28425,0.28458,0.28952,-0.00255,-0.00025,0.00140,0.00272,-0.00057,-56.80773,996.00000
0.02607,0.02738,0.03067,0.02475,0.02574,0.28919,0.28886,0.29018,0.28754,0.28162,-0.00156,0.00173,0.00173,0.00107,0.00304,-56.80773,997.00000
0.02903,0.02903,0.02607,0.02640,0.03133,0.28754,0.28754,0.28722,0.28722,0.28327,0.00074,0.00107,-0.00025,0.00041,0.00239,-56.53619,998.00000
0.03034,0.02804,0.03396,0.02574,0.02705,0.28458,0.28261,0.28952,0.29018,0.28623,-0.00156,0.00337,-0.00222,-0.00123,0.00173,-56.53619,999.00000
0.02475,0.02640,0.02837,0.03363,0.02804,0.28458,0.28064,0.28491,0.28754,0.28754,0.00337,0.00074,0.00206,0.00140,-0.00057,-56.31985,1000.00000
0.02804,0.03232,0.02278,0.02968,0.03330,0.29215,0.28425,0.28590,0.28722,0.28228,0.00074,0.00403,0.00074,0.00107,0.00173,-56.31985,1001.00000
0.02672,0.03363,0.02640,0.02738,0.03133,0.29018,0.28689,0.28458,0.28557,0.28985,0.00041,0.00074,-0.00123,0.00370,-0.00090,-56.83668,1002.00000
0.02738,0.02738,0.02738,0.02837,0.02804,0.28820,0.28787,0.28590,0.28261,0.28985,0.00173,0.00206,0.00173,0.00337,-0.00255,-56.83668,1003.00000
0.03001,0.02409,0.03265,0.02541,0.03034,0.28524,0.28656,0.28656,0.28820,0.28360,-0.00057,-0.00189,0.00239,0.00107,-0.00255,-56.08680,1004.00000
0.02409,0.03330,0.02409,0.03067,0.02837,0.28557,0.28458,0.28458,0.28689,0.28754,0.00107,-0.00090,-0.00090,0.00008,0.00304,-56.08680,1005.00000
0.02738,0.02771,0.02442,0.02968,0.02376,0.28623,0.28524,0.28656,0.28656,0.28294,0.00140,0.00173,-0.00189,0.00107,0.00370,-56.21967,1006.00000
0.02804,0.02508,0.02508,0.03232,0.02607,0.28557,0.28952,0.28689,0.28689,0.28754,0.00008,0.00140,0.00304,0.00074,-0.00189,-56.21967,1007.00000
0.03133,0.02146,0.02705,0.02212,0.02278,0.28787,0.29018,0.28491,0.28425,0.28952,-0.00123,-0.00057,-0.00452,-0.00156,0.00008,-56.20065,1008.00000
0.03001,0.02344,0.02409,0.02936,0.02837,0.28557,0.28919,0.28228,0.28623,0.28919,-0.00321,0.00272,-0.00123,0.00041,-0.00156,-56.20065,1009.00000
0.02968,0.02968,0.02672,0.02607,0.02508,0.28590,0.28787,0.28623,0.28787,0.28689,0.00173,0.00403,-0.00123,-0.00419,-0.00222,-55.78099,1010.00000
0.02903,0.02278,0.02344,0.02968,0.02936,0.28557,0.29116,0.28360,0.28820,0.28524,-0.00551,-0.00025,-0.00419,0.00206,-0.00288,-55.78099,1011.00000
0.02344,0.02508,0.02541,0.02607,0.02738,0.28524,0.28393,0.28689,0.28327,0.28590,-0.00156,-0.00189,0.00206,0.00140,0.00206,-55.54186,1012.00000
0.02903,0.02442,0.02508,0.03133,0.02541,0.28754,0.28787,0.28754,0.28129,0.28952,-0.00025,-0.00090,-0.00123,0.00337,-0.00025,-55.54186,1013.00000
0.02870,0.02344,0.02508,0.02607,0.02804,0.28656,0.28327,0.28458,0.28524,0.28754,0.00272,0.00008,0.00173,0.00074,0.00173,-55.47601,1014.00000
0.02245,0.02837,0.02245,0.02146,0.02705,0.28327,0.28524,0.28689,0.28425,0.28754,0.00140,0.00074,0.00206,-0.00156,-0.00189,-55.47601,1015.00000
0.02080,0.02804,0.02738,0.02574,0.02672,0.29445,0.28590,0.28787,0.29050,0.28689,0.00436,0.00107,-0.00057,0.00206,0.00074,-56.25607,1016.00000
0.03001,0.02672,0.02738,0.02903,0.02804,0.28425,0.28590,0.28524,0.28656,0.28853,0.00239,0.00074,0.00272,-0.00090,-0.00123,-56.25607,1017.00000
0.02442,0.02870,0.02804,0.02442,0.02475,0.28557,0.28722,0.28162,0.28623,0.28294,0.00436,-0.00353,0.00239,-0.00123,0.00107,-56.02110,1018.00000
0.02640,0.03001,0.02442,0.02738,0.02705,0.28623,0.28590,0.28689,0.28886,0.28393,-0.00222,0.00140,-0.00057,-0.00057,-0.00057,-56.02110,1019.00000
0.02672,0.02640,0.02672,0.02837,0.03265,0.28623,0.28425,0.28327,0.29149,0.28590,0.00173,0.00074,0.00107,-0.00156,-0.00321,-56.01348,1020.00000
0.02903,0.02640,0.03166,0.02837,0.02903,0.29116,0.28458,0.28853,0.28722,0.28656,-0.00222,0.00041,0.00107,-0.00123,0.00173,-56.01348,1021.00000
0.02541,0.03133,0.02475,0.02278,0.03199,0.28261,0.28722,0.28360,0.28491,0.28360,0.00272,-0.00090,0.00140,0.00074,0.00173,-56.41738,1022.00000
0.02311,0.02672,0.02738,0.02376,0.02311,0.28195,0.28491,0.28820,0.28985,0.28458,0.00041,-0.00025,0.00206,0.00107,0.00008,-56.41738,1023.00000
0.02212,0.02870,0.02574,0.02409,0.02870,0.28425,0.28491,0.28393,0.28129,0.28754,0.00436,0.00008,0.00008,-0.00288,-0.00189,-55.96748,1024.00000
0.02607,0.02508,0.03067,0.02574,0.02837,0.28656,0.28656,0.28722,0.28458,0.28689,0.00173,0.00074,0.00272,0.00239,0.00337,-55.96748,1025.00000
0.02968,0.02936,0.02442,0.02672,0.02442,0.28853,0.28228,0.28064,0.28425,0.28722,-0.00025,0.00304,0.00469,0.00041,-0.00025,-55.57163,1026.00000
0.02640,0.02278,0.02442,0.02771,0.03166,0.28458,0.28754,0.28853,0.28327,0.28425,0.00206,0.00008,-0.00255,0.00140,0.00140,-55.57163,1027.00000
0.02508,0.03199,0.02376,0.02113,0.02409,0.28524,0.28491,0.28656,0.28656,0.28656,0.00041,0.00370,-0.00025,0.00041,0.00008,-56.46501,1028.00000
0.03001,0.02640,0.02245,0.02179,0.02508,0.28458,0.28195,0.28722,0.28656,0.28195,0.00041,0.00469,0.00140,-0.00123,0.00107,-56.46501,1029.00000
0.02508,0.03265,0.02376,0.02212,0.02245,0.28228,0.28722,0.28656,0.28853,0.28129,0.00140,-0.00321,-0.00288,0.00008,-0.00025,-56.36239,1030.00000
0.02672,0.02376,0.02804,0.03001,0.03067,0.28195,0.28261,0.28064,0.28425,0.28031,-0.00189,-0.00156,-0.00123,0.00173,-0.00156,-56.36239,1031.00000
0.02278,0.02574,0.02968,0.02705,0.02607,0.28754,0.28557,0.28952,0.28327,0.28623,0.00107,0.00337,0.00239,0.00041,-0.00255,-55.63725,1032.00000
0.02278,0.03133,0.02640,0.02344,0.03166,0.28886,0.28722,0.27866,0.28129,0.28294,-0.00189,-0.00090,-0.00025,-0.00123,0.00304,-55.63725,1033.00000
0.02870,0.03034,0.02607,0.02344,0.02771,0.28689,0.28491,0.28689,0.28327,0.28360,0.00140,0.00008,-0.00090,-0.00518,0.00140,-55.56032,1034.00000
0.02870,0.02541,0.02837,0.03133,0.02738,0.28590,0.28985,0.28919,0.28787,0.28064,-0.00123,-0.00090,-0.00090,0.00107,-0.00321,-55.56032,1035.00000
0.02968,0.02804,0.02311,0.02179,0.02672,0.28590,0.28425,0.28820,0.28491,0.28985,-0.00222,-0.00222,0.00008,0.00403,0.00074,-55.76356,1036.00000
0.02541,0.02541,0.02541,0.03034,0.02804,0.28590,0.29050,0.28524,0.28195,0.28228,0.00206,0.00206,0.00403,0.00074,-0.00353,-55.76356,1037.00000
0.02607,0.02804,0.02837,0.02640,0.02936,0.28360,0.28853,0.28754,0.28327,0.28491,0.00206,0.00107,0.00008,-0.00057,-0.00419,-55.72602,1038.00000
0.03166,0.02672,0.02738,0.03265,0.02607,0.28294,0.28787,0.28590,0.28623,0.28458,0.00041,-0.00090,0.00272,0.00107,-0.00123,-55.72602,1039.00000
0.02245,0.02804,0.02278,0.02508,0.02607,0.28294,0.28360,0.28458,0.28886,0.28294,-0.00189,-0.00123,0.00107,0.00008,0.00107,-56.18820,1040.00000
0.03429,0.02936,0.03067,0.02968,0.02344,0.28458,0.28393,0.28524,0.28294,0.28491,0.00304,0.00173,-0.00025,-0.00255,0.00107,-56.18820,1041.00000
0.02738,0.02936,0.03001,0.02640,0.03166,0.28458,0.28722,0.28623,0.28228,0.28360,-0.00222,-0.00025,0.00074,0.00403,-0.00025,-55.62828,1042.00000
0.02771,0.03133,0.02376,0.02771,0.02245,0.28886,0.28590,0.28425,0.28787,0.28393,0.00041,0.00337,-0.00189,-0.00255,0.00206,-55.62828,1043.00000
0.03100,0.02311,0.02837,0.02541,0.03166,0.28458,0.28557,0.28458,0.28985,0.28294,-0.00025,0.00140,0.00074,0.00107,0.00107,-56.04656,1044.00000
0.02607,0.02409,0.02409,0.02738,0.02212,0.28787,0.28195,0.28557,0.28360,0.28327,0.00140,0.00239,0.00469,-0.00057,0.00568,-56.04656,1045.00000
0.02344,0.03001,0.02607,0.02607,0.02837,0.28656,0.28557,0.28853,0.28097,0.27702,0.00041,0.00535,-0.00255,0.00403,-0.00255,-55.37436,1046.00000
0.02442,0.02738,0.02541,0.02672,0.02574,0.28985,0.28393,0.28919,0.28952,0.28557,0.00041,-0.00123,-0.00057,-0.00025,0.00008,-55.37436,1047.00000
0.02541,0.02475,0.02870,0.02672,0.03100,0.28425,0.28787,0.28393,0.28129,0.28393,-0.00288,0.00304,0.00041,0.00502,-0.00156,-55.16276,1048.00000
0.03232,0.02672,0.02607,0.02080,0.03034,0.27965,0.28787,0.28393,0.28425,0.28656,0.00140,-0.00419,-0.00353,-0.00189,-0.00025,-55.16276,1049.00000
0.01883,0.02607,0.03100,0.02738,0.02837,0.28524,0.28360,0.28228,0.28195,0.28261,0.00173,-0.00057,0.00008,-0.00288,-0.00025,-55.39632,1050.00000
0.02903,0.02278,0.03166,0.02574,0.02640,0.28590,0.28754,0.28656,0.28393,0.28656,-0.00189,0.00272,-0.00222,-0.00321,0.00403,-55.39632,1051.00000
0.02672,0.02640,0.03034,0.02376,0.03462,0.28886,0.28656,0.28820,0.28754,0.28261,-0.00090,0.00008,-0.00255,-0.00156,0.00173,-56.08195,1052.00000
0.02508,0.02804,0.02771,0.02245,0.02870,0.28656,0.28425,0.28097,0.28623,0.28557,0.00041,-0.00025,-0.00057,0.00041,0.00140,-56.08195,1053.00000
0.02409,0.02640,0.03265,0.02936,0.02968,0.28557,0.28360,0.28294,0.28557,0.28031,0.00304,-0.00123,-0.00025,-0.00025,0.00337,-55.74605,1054.00000
0.02705,0.02607,0.03001,0.03265,0.03232,0.28524,0.28623,0.28425,0.28458,0.28228,-0.00419,-0.00025,0.00173,0.00041,0.00107,-55.74605,1055.00000
0.03166,0.02607,0.02344,0.02245,0.02672,0.28458,0.28722,0.28458,0.28129,0.27965,0.00107,0.00041,0.00074,-0.00189,-0.00123,-55.05564,1056.00000
0.03265,0.02475,0.02771,0.03330,0.02607,0.28590,0.28393,0.28195,0.28162,0.27965,-0.00025,-0.00485,0.00008,0.00041,-0.00057,-55.05564,1057.00000
0.02376,0.03495,0.01982,0.02640,0.02771,0.28425,0.28327,0.28195,0.28261,0.28524,0.00173,-0.00255,0.00107,-0.00189,0.00272,-55.96044,1058.00000
0.02048,0.02048,0.02344,0.03166,0.02968,0.28524,0.28294,0.28590,0.28261,0.28129,-0.00156,-0.00452,-0.00189,-0.00057,-0.00321,-55.96044,1059.00000
0.02771,0.02278,0.02672,0.02837,0.03232,0.28557,0.28656,0.29050,0.28557,0.28491,-0.00090,-0.00353,-0.00156,0.00107,0.00041,-55.45092,1060.00000
0.02705,0.02607,0.03133,0.02508,0.02146,0.28524,0.28787,0.28557,0.28754,0.28327,0.00403,-0.00288,0.00239,0.00140,-0.00025,-55.45092,1061.00000
0.02837,0.02541,0.02278,0.02837,0.02837,0.28524,0.28524,0.28590,0.28754,0.28853,-0.00123,-0.00255,0.00074,0.00239,-0.00123,-54.77136,1062.00000
0.02640,0.02311,0.02278,0.02705,0.02771,0.28327,0.28557,0.28623,0.28656,0.28360,0.00239,-0.00057,-0.00321,-0.00090,-0.00321,-54.77136,1063.00000
0.02837,0.02607,0.02672,0.03265,0.02278,0.28787,0.27965,0.28590,0.28787,0.29116,-0.00222,0.00041,-0.00090,0.00041,0.00107,-55.33978,1064.00000
0.02738,0.02903,0.03100,0.02212,0.03034,0.28228,0.28787,0.28393,0.28360,0.28787,0.00173,0.00272,0.00403,-0.00189,0.00370,-55.33978,1065.00000
0.02179,0.02705,0.03133,0.02771,0.02640,0.28524,0.28754,0.28623,0.28458,0.28656,0.00140,0.00107,-0.00090,0.00206,0.00206,-53.31442,1066.00000
0.02574,0.02903,0.02442,0.02245,0.03133,0.28689,0.29116,0.28491,0.29215,0.28853,-0.00057,0.00140,0.00008,-0.00222,0.00041,-53.31442,1067.00000
0.02804,0.03067,0.02804,0.03166,0.02640,0.28689,0.28294,0.28853,0.28656,0.28886,0.00403,0.00403,0.00173,-0.00123,0.00074,-52.56297,1068.00000
0.02574,0.03034,0.02475,0.02738,0.02903,0.28458,0.28294,0.28524,0.28557,0.28820,-0.00025,0.00502,0.00074,-0.00090,0.00337,-52.56297,1069.00000
0.03001,0.03199,0.03100,0.02705,0.02968,0.28952,0.28458,0.28919,0.29182,0.28853,0.00239,0.00107,0.00074,-0.00288,-0.00090,-54.33569,1070.00000
0.03429,0.02738,0.02607,0.02475,0.02738,0.28228,0.28261,0.28754,0.28524,0.28393,-0.00025,0.00074,0.00337,-0.00353,-0.00057,-54.33569,1071.00000
0.03166,0.02837,0.02936,0.02475,0.03001,0.28557,0.28656,0.29018,0.28524,0.28853,0.00074,-0.00222,0.00041,0.00107,-0.00288,-54.96569,1072.00000
0.02968,0.03100,0.02738,0.02376,0.03330,0.28458,0.29018,0.28360,0.28458,0.28787,-0.00090,0.00173,0.00140,0.00403,-0.00189,-54.96569,1073.00000
0.02903,0.03001,0.02113,0.02640,0.02541,0.28393,0.28524,0.28393,0.28689,0.28787,0.00370,-0.00025,-0.00584,0.00173,0.00074,-54.97796,1074.00000
0.02968,0.03100,0.02705,0.02804,0.02738,0.28853,0.28491,0.29116,0.28656,0.28557,0.00107,0.00041,-0.00123,-0.00090,-0.00057,-54.97796,1075.00000
0.02640,0.02508,0.03001,0.02903,0.02541,0.28623,0.28360,0.28853,0.29215,0.28393,0.00173,-0.00090,-0.00025,-0.00057,0.00337,-55.11838,1076.00000
0.02574,0.02705,0.02442,0.02903,0.02705,0.28919,0.28722,0.28689,0.28722,0.28557,-0.00419,-0.00288,0.00008,-0.00057,0.00272,-55.11838,1077.00000
0.02245,0.03297,0.02705,0.02903,0.02936,0.28129,0.28590,0.28689,0.28524,0.28689,0.00140,0.00239,0.00041,0.00041,-0.00584,-55.55479,1078.00000
0.02376,0.02311,0.03330,0.02738,0.02672,0.28491,0.28919,0.28031,0.28689,0.28820,-0.00222,0.00272,0.00041,-0.00123,-0.00057,-55.55479,1079.00000
0.03034,0.03330,0.02672,0.02541,0.02376,0.28261,0.28656,0.28360,0.28919,0.28590,0.00041,-0.00255,-0.00288,0.00107,-0.00025,-55.39703,1080.00000
0.02705,0.03330,0.02705,0.02442,0.03166,0.28656,0.28327,0.28097,0.28458,0.28393,-0.00189,0.00107,0.00206,0.00239,0.00206,-55.39703,1081.00000
0.02640,0.03265,0.02475,0.02968,0.02442,0.28985,0.28623,0.28327,0.28458,0.28853,-0.00189,0.00041,-0.00222,0.00074,0.00107,-55.07156,1082.00000
0.02738,0.02344,0.02837,0.03067,0.02574,0.28985,0.28524,0.28557,0.28590,0.28754,-0.00057,0.00568,0.00107,-0.00189,0.00008,-55.07156,1083.00000
0.02870,0.02804,0.02738,0.03166,0.03100,0.28393,0.28524,0.28787,0.29149,0.28689,0.00107,-0.00057,-0.00123,0.00008,0.00304,-55.28969,1084.00000
0.02245,0.02903,0.02278,0.02870,0.02640,0.28787,0.28557,0.28458,0.28327,0.28787,0.00107,-0.00057,-0.00025,0.00239,0.00337,-55.28969,1085.00000
0.03297,0.02771,0.02640,0.02837,0.02311,0.28722,0.28557,0.28491,0.28031,0.28787,0.00370,-0.00123,0.00074,-0.00090,0.00041,-55.79914,1086.00000
0.02837,0.03166,0.02607,0.03199,0.03067,0.28689,0.28623,0.28754,0.28985,0.28162,0.00140,-0.00222,0.00107,-0.00189,0.00206,-55.79914,1087.00000
0.02705,0.02837,0.03133,0.02804,0.02738,0.28722,0.28458,0.27998,0.29018,0.28360,0.00107,-0.00025,0.00206,-0.00057,-0.00321,-55.79508,1088.00000
0.03265,0.03067,0.02475,0.03199,0.02837,0.28524,0.29018,0.28425,0.28952,0.28195,0.00008,0.00173,0.00107,0.00206,-0.00057,-55.79508,1089.00000
0.02903,0.03100,0.02344,0.02804,0.03166,0.28853,0.28425,0.28689,0.28360,0.28458,0.00107,-0.00025,0.00008,-0.00222,0.00074,-55.77107,1090.00000
0.02212,0.02442,0.02574,0.02607,0.03133,0.28491,0.28031,0.27965,0.28393,0.28886,0.00173,0.00107,-0.00057,0.00140,-0.00156,-55.77107,1091.00000
0.02738,0.03166,0.03363,0.02771,0.02113,0.28524,0.28195,0.28261,0.28524,0.28754,-0.00123,0.00469,-0.00123,0.00304,0.00173,-56.13261,1092.00000
0.02968,0.02672,0.03199,0.02771,0.03133,0.28425,0.28360,0.28064,0.28754,0.28623,-0.00090,0.00041,0.00074,-0.00123,0.00206,-56.13261,1093.00000
0.03034,0.02705,0.03232,0.02640,0.03133,0.28754,0.28491,0.28458,0.28623,0.28393,0.00173,-0.00057,-0.00288,0.00469,0.00173,-55.83974,1094.00000
0.03561,0.02936,0.02508,0.02738,0.02837,0.28261,0.28722,0.28393,0.28064,0.28787,-0.00419,-0.00090,-0.00025,-0.00353,-0.00123,-55.83974,1095.00000
0.02804,0.02903,0.02968,0.02771,0.02738,0.28820,0.28557,0.28689,0.29083,0.28722,-0.00025,-0.00123,0.00699,0.00140,0.00370,-55.79829,1096.00000
0.03100,0.02936,0.02968,0.02705,0.02968,0.28360,0.28294,0.28787,0.28458,0.28656,0.00107,0.00107,-0.00123,0.00469,0.00041,-55.79829,1097.00000
0.02541,0.02903,0.02771,0.02344,0.03133,0.28689,0.28656,0.28261,0.28425,0.28952,0.00008,0.00008,0.00239,-0.00321,-0.00123,-55.49436,1098.00000
0.02968,0.02936,0.03265,0.02409,0.02968,0.28754,0.28656,0.28557,0.28162,0.28393,-0.00025,0.00173,0.00041,-0.00353,0.00239,-55.49436,1099.00000
0.02672,0.03166,0.02541,0.03001,0.02837,0.28754,0.28162,0.28228,0.28853,0.28656,0.00107,-0.00123,0.00107,0.00107,0.00173,-55.43273,1100.00000
0.03166,0.02771,0.03001,0.03232,0.02574,0.28393,0.28557,0.28524,0.28886,0.29149,-0.00156,0.00304,0.00140,0.00107,-0.00189,-55.43273,1101.00000
0.03528,0.02870,0.02541,0.02574,0.02705,0.28294,0.28491,0.28425,0.28491,0.28327,-0.00123,-0.00090,0.00173,0.00074,-0.00419,-55.64361,1102.00000
0.03034,0.03528,0.03297,0.02672,0.02705,0.28261,0.28886,0.28491,0.28524,0.28787,-0.00090,-0.00090,-0.00321,-0.00189,0.00140,-55.64361,1103.00000
0.02903,0.03199,0.03363,0.02837,0.03034,0.28590,0.28491,0.28491,0.27965,0.28623,-0.00057,0.00272,-0.00189,0.00074,0.00469,-55.55374,1104.00000
0.02903,0.03133,0.03166,0.02607,0.02968,0.28820,0.28228,0.28294,0.28787,0.28590,0.00173,0.00074,0.00272,-0.00025,0.00337,-55.55374,1105.00000
0.02870,0.03363,0.03265,0.03034,0.02705,0.29018,0.28557,0.28590,0.28590,0.28590,0.00173,0.00370,-0.00255,-0.00255,0.00074,-55.60402,1106.00000
0.02837,0.03133,0.03429,0.02475,0.03166,0.28195,0.28919,0.28689,0.28820,0.28327,-0.00057,-0.00090,0.00008,-0.00090,-0.00156,-55.60402,1107.00000
0.02870,0.03034,0.02344,0.02409,0.02936,0.28425,0.28590,0.28985,0.28524,0.28754,-0.00123,0.00272,-0.00321,0.00041,0.00370,-55.91724,1108.00000
0.02442,0.03166,0.02672,0.02311,0.03034,0.28261,0.28623,0.28294,0.28491,0.28261,-0.00156,0.00107,0.00140,-0.00222,0.00008,-55.91724,1109.00000
0.02936,0.03429,0.03001,0.02771,0.02903,0.28294,0.28590,0.28491,0.28261,0.28327,0.00337,0.00074,-0.00025,-0.00288,-0.00288,-56.03235,1110.00000
0.02738,0.02705,0.03297,0.03495,0.03297,0.28656,0.28689,0.28524,0.28294,0.28393,0.00173,0.00370,0.00337,0.00370,0.00107,-56.03235,1111.00000
0.03528,0.02837,0.03561,0.03692,0.03100,0.28425,0.28820,0.28820,0.28590,0.28656,-0.00156,0.00041,-0.00090,-0.00321,0.00272,-56.12653,1112.00000
0.03330,0.03133,0.02705,0.03232,0.02870,0.28162,0.28228,0.28129,0.28524,0.28656,0.00272,0.00173,0.00008,-0.00288,0.00140,-56.12653,1113.00000
0.03495,0.03330,0.03462,0.02804,0.03462,0.28524,0.28656,0.28491,0.28853,0.28952,0.00173,0.00304,0.00206,0.00272,0.00041,-56.44217,1114.00000
0.03034,0.02640,0.03232,0.03034,0.02968,0.28557,0.28393,0.28524,0.28393,0.28820,-0.00025,-0.00025,0.00008,0.00239,0.00173,-56.44217,1115.00000
0.02738,0.03330,0.03396,0.02442,0.02607,0.28228,0.28360,0.28393,0.28360,0.28491,-0.00057,-0.00057,0.00074,-0.00025,-0.00288,-56.48036,1116.00000
0.02837,0.03232,0.02738,0.02903,0.03297,0.28491,0.28689,0.29050,0.28261,0.28261,0.00272,-0.00189,-0.00288,-0.00419,0.00436,-56.48036,1117.00000
0.03133,0.02837,0.03067,0.02936,0.02968,0.28294,0.28097,0.28590,0.28360,0.28458,0.00041,0.00140,0.00107,-0.00025,-0.00090,-56.22602,1118.00000
0.03232,0.02508,0.02640,0.03462,0.03199,0.28722,0.28919,0.28360,0.28787,0.28656,-0.00353,0.00272,0.00140,0.00074,-0.00222,-56.22602,1119.00000
0.03363,0.02705,0.03001,0.03462,0.03133,0.28261,0.28656,0.28360,0.28491,0.28557,-0.00025,0.00173,0.00008,0.00173,0.00206,-56.16721,1120.00000
0.03001,0.03626,0.03330,0.02508,0.03330,0.28327,0.28689,0.28458,0.28031,0.28623,0.00304,0.00173,0.00239,-0.00156,-0.00057,-56.16721,1121.00000
0.03232,0.03001,0.03232,0.03462,0.03034,0.28689,0.28754,0.28491,0.28623,0.28524,0.00074,-0.00123,0.00041,0.00206,-0.00222,-55.61290,1122.00000
0.03100,0.02541,0.03330,0.02771,0.03067,0.28952,0.28590,0.28590,0.28722,0.28590,-0.00057,-0.00123,0.00239,-0.00189,-0.00386,-55.61290,1123.00000
0.03265,0.03429,0.03034,0.02771,0.03034,0.28327,0.28623,0.28656,0.28097,0.28524,0.00403,-0.00057,-0.00255,-0.00419,0.00041,-55.80938,1124.00000
0.03495,0.02508,0.03133,0.02903,0.03133,0.28425,0.28623,0.28393,0.28524,0.28228,-0.00057,0.00272,0.00173,0.00239,-0.00321,-55.80938,1125.00000
0.03133,0.03034,0.03133,0.03133,0.03199,0.28689,0.27998,0.28294,0.28458,0.28623,0.00173,0.00041,-0.00189,-0.00189,0.00140,-56.18594,1126.00000
0.03166,0.02640,0.03528,0.03265,0.03166,0.28656,0.28590,0.28491,0.28754,0.28689,0.00337,0.00239,0.00173,-0.00025,-0.00123,-56.18594,1127.00000
0.03889,0.02870,0.03199,0.03758,0.03133,0.28491,0.28656,0.29018,0.28590,0.28064,0.00502,0.00041,-0.00189,-0.00288,0.00206,-56.13985,1128.00000
0.03330,0.03166,0.02837,0.03725,0.02771,0.28195,0.28853,0.28722,0.28787,0.29182,0.00403,0.00206,0.00469,0.00008,0.00272,-56.13985,1129.00000
0.03265,0.03593,0.03199,0.02936,0.02738,0.28722,0.28524,0.28294,0.28458,0.28425,-0.00222,0.00272,-0.00386,-0.00090,0.00206,-56.28525,1130.00000
0.02903,0.03297,0.03166,0.02771,0.03396,0.28458,0.28722,0.28689,0.28327,0.28689,-0.00090,0.00107,0.00008,-0.00090,0.00041,-56.28525,1131.00000
0.03265,0.03100,0.03462,0.03396,0.03528,0.28557,0.29083,0.28557,0.28656,0.28557,0.00272,0.00337,0.00239,-0.00025,-0.00057,-55.72075,1132.00000
0.03034,0.03067,0.03791,0.02705,0.03462,0.28656,0.28590,0.28393,0.27866,0.28656,0.00008,-0.00057,-0.00057,0.00041,-0.00123,-55.72075,1133.00000
0.03133,0.03561,0.03067,0.03363,0.02804,0.28360,0.28393,0.28886,0.28557,0.28853,-0.00189,-0.00025,0.00173,0.00008,0.00041,-56.36624,1134.00000
0.03034,0.02903,0.03396,0.03330,0.03133,0.28228,0.28360,0.28886,0.29050,0.28261,0.00173,0.00206,-0.00353,-0.00057,0.00074,-56.36624,1135.00000
0.02804,0.03495,0.02837,0.02936,0.03100,0.28162,0.28458,0.28524,0.28524,0.28129,-0.00057,0.00008,-0.00386,0.00173,0.00074,-55.40480,1136.00000
0.02936,0.02804,0.03692,0.03330,0.03429,0.28524,0.28689,0.28623,0.28393,0.28458,-0.00255,-0.00156,0.00008,0.00008,0.00107,-55.40480,1137.00000
0.03232,0.03659,0.03330,0.02640,0.03133,0.28425,0.28886,0.28590,0.28294,0.28787,-0.00025,-0.00090,0.00206,-0.00156,0.00272,-55.50025,1138.00000
0.02640,0.03955,0.03232,0.03758,0.03100,0.28524,0.28787,0.28425,0.28689,0.28787,0.00041,0.00041,0.00239,0.00272,-0.00255,-55.50025,1139.00000
0.03528,0.02442,0.03265,0.03133,0.03758,0.28360,0.28590,0.28491,0.28491,0.28656,0.00370,0.00206,-0.00025,-0.00057,0.00304,-55.90198,1140.00000
0.03297,0.02607,0.03133,0.03034,0.02903,0.28327,0.28623,0.28425,0.28491,0.28689,0.00173,0.00337,0.00074,0.00173,0.00107,-55.90198,1141.00000
0.03396,0.03593,0.03166,0.02936,0.02936,0.28360,0.28689,0.28754,0.28458,0.28787,-0.00025,-0.00057,0.00304,0.00008,-0.00189,-55.78790,1142.00000
0.03528,0.03265,0.03067,0.03363,0.03462,0.28590,0.28524,0.28886,0.28853,0.28294,0.00041,0.00173,0.00140,-0.00025,0.00502,-55.78790,1143.00000
0.02936,0.03034,0.03100,0.03133,0.03297,0.28228,0.28820,0.28524,0.28228,0.28853,0.00008,-0.00090,-0.00222,0.00008,-0.00025,-55.95548,1144.00000
0.03133,0.03199,0.03363,0.03857,0.03001,0.28524,0.28393,0.28097,0.28557,0.28360,0.00304,-0.00288,0.00107,-0.00156,0.00041,-55.95548,1145.00000
0.03034,0.03824,0.03001,0.03462,0.02936,0.28294,0.28623,0.28491,0.28590,0.28656,0.00107,0.00206,-0.00057,-0.00485,-0.00057,-56.72530,1146.00000
0.03495,0.03462,0.02968,0.03199,0.02903,0.28261,0.28360,0.28754,0.28327,0.28590,0.00272,0.00206,0.00107,0.00041,0.00370,-56.72530,1147.00000
0.03100,0.02903,0.03396,0.03396,0.03725,0.28787,0.28491,0.28722,0.28524,0.28458,0.00074,-0.00025,0.00370,-0.00321,-0.00551,-56.92222,1148.00000
0.03528,0.03495,0.03363,0.02837,0.03725,0.28557,0.28722,0.28820,0.28458,0.28952,-0.00189,-0.00057,0.00436,-0.00255,0.00107,-56.92222,1149.00000
0.03199,0.03561,0.03363,0.03495,0.03561,0.28524,0.28557,0.28162,0.28557,0.28393,-0.00123,0.00140,0.00272,-0.00025,0.00107,-56.06365,1150.00000
0.03265,0.03528,0.03626,0.03232,0.03593,0.28952,0.28557,0.28097,0.27899,0.28294,0.00502,-0.00090,-0.00057,0.00008,0.00074,-56.06365,1151.00000
0.03265,0.03528,0.03758,0.03955,0.03561,0.28360,0.28853,0.28590,0.28327,0.28294,-0.00123,0.00041,0.00140,0.00239,0.00074,-55.62704,1152.00000
0.03528,0.03265,0.03692,0.03462,0.03988,0.28656,0.28524,0.28722,0.28754,0.28162,0.00041,0.00140,0.00206,0.00041,-0.00057,-55.62704,1153.00000
0.04120,0.03001,0.03462,0.03462,0.03330,0.28656,0.28557,0.28491,0.28623,0.28195,0.00173,0.00173,0.00074,0.00173,-0.00025,-56.00688,1154.00000
0.03857,0.03824,0.03265,0.03067,0.03232,0.28425,0.28294,0.28294,0.29018,0.28590,-0.00025,-0.00156,0.00272,-0.00057,0.00304,-56.00688,1155.00000
0.03725,0.02936,0.03495,0.03232,0.03824,0.28360,0.28689,0.28360,0.28064,0.28097,0.00304,0.00502,-0.00189,0.00107,-0.00090,-53.55764,1156.00000
0.03561,0.03528,0.03265,0.03791,0.03297,0.28064,0.28393,0.28425,0.28787,0.28754,-0.00123,-0.00255,0.00173,0.00140,-0.00090,-53.55764,1157.00000
0.03363,0.03922,0.03758,0.03593,0.03889,0.28656,0.28557,0.28623,0.27998,0.28557,-0.00189,0.00041,0.00074,0.00107,-0.00057,-53.39991,1158.00000
0.03561,0.03363,0.03363,0.03265,0.03824,0.28425,0.28294,0.28261,0.28985,0.28524,-0.00288,0.00206,0.00041,0.00008,0.00041,-53.39991,1159.00000
0.03363,0.03758,0.03396,0.03166,0.03199,0.28097,0.28590,0.28656,0.28754,0.28425,-0.00288,-0.00057,0.00074,-0.00255,-0.00189,-53.61158,1160.00000
0.03528,0.03758,0.03330,0.03791,0.03791,0.28327,0.28524,0.28425,0.28327,0.28393,0.00272,0.00008,-0.00090,-0.00025,-0.00386,-53.61158,1161.00000
0.03824,0.03166,0.03396,0.03824,0.03429,0.28491,0.28722,0.28261,0.28393,0.28689,0.00107,0.00107,0.00140,-0.00189,0.00041,-54.21302,1162.00000
0.04054,0.03593,0.03495,0.03429,0.03692,0.28689,0.28689,0.28261,0.28458,0.28162,0.00173,0.00074,-0.00222,-0.00090,-0.00189,-54.21302,1163.00000
0.03265,0.03791,0.03758,0.02870,0.04021,0.28327,0.28623,0.28656,0.28327,0.28524,0.00304,0.00008,0.00008,0.00074,0.00041,-55.43903,1164.00000
0.03396,0.03659,0.03265,0.04185,0.03725,0.28656,0.28722,0.28656,0.28590,0.28623,-0.00123,0.00008,-0.00156,-0.00551,0.00239,-55.43903,1165.00000
0.03988,0.03133,0.04021,0.04185,0.03429,0.28787,0.28327,0.28853,0.28590,0.28294,0.00337,-0.00353,0.00272,0.00272,0.00107,-55.93240,1166.00000
0.03922,0.03626,0.04021,0.03528,0.03593,0.28425,0.28458,0.28524,0.28656,0.28919,-0.00090,0.00173,-0.00123,-0.00057,-0.00189,-55.93240,1167.00000
0.03692,0.03824,0.04284,0.03429,0.03988,0.29050,0.28952,0.28327,0.28820,0.28820,-0.00353,0.00272,0.00206,0.00337,0.00041,-57.17275,1168.00000
0.03626,0.03692,0.03725,0.03791,0.03396,0.28524,0.28754,0.28491,0.28261,0.28393,-0.00189,-0.00025,0.00107,0.00107,-0.00057,-57.17275,1169.00000
0.04054,0.03758,0.03988,0.03100,0.03824,0.28689,0.28491,0.28590,0.28590,0.28623,-0.00156,-0.00025,0.00074,0.00403,0.00041,-55.99360,1170.00000
0.04120,0.03593,0.03857,0.03725,0.04054,0.28820,0.28590,0.28228,0.28491,0.28656,0.00206,0.00140,0.00304,-0.00123,0.00041,-55.99360,1171.00000
0.03593,0.04416,0.04120,0.03889,0.04185,0.28853,0.28985,0.28195,0.29346,0.28261,0.00041,-0.00419,-0.00255,0.00008,0.00206,-55.65793,1172.00000
0.04383,0.03429,0.04120,0.03824,0.03791,0.28129,0.28820,0.28689,0.28787,0.28360,0.00304,0.00107,0.00041,0.00008,0.00008,-55.65793,1173.00000
0.03988,0.03988,0.03626,0.03922,0.03462,0.28458,0.28886,0.28623,0.28590,0.28623,0.00337,0.00140,-0.00255,0.00074,0.00008,-55.84166,1174.00000
0.04284,0.04449,0.03922,0.03429,0.03955,0.28722,0.28327,0.28623,0.28754,0.28393,-0.00025,0.00272,0.00370,0.00206,-0.00189,-55.84166,1175.00000
0.04054,0.04021,0.03659,0.03692,0.04021,0.28754,0.28853,0.28787,0.28327,0.28787,-0.00090,-0.00090,-0.00156,-0.00090,0.00304,-55.73333,1176.00000
0.03857,0.03922,0.04021,0.04284,0.03725,0.28590,0.28064,0.28458,0.28557,0.29018,0.00239,0.00337,0.00041,0.00206,0.00008,-55.73333,1177.00000
0.03626,0.03265,0.04185,0.03528,0.03791,0.28064,0.28064,0.28195,0.28820,0.28195,-0.00321,0.00074,0.00107,0.00206,-0.00123,-55.91110,1178.00000
0.03889,0.04580,0.04284,0.04054,0.04416,0.28524,0.28327,0.28491,0.28722,0.28689,0.00008,0.00041,-0.00057,0.00173,-0.00123,-55.91110,1179.00000
0.03889,0.04251,0.03824,0.04251,0.03429,0.28722,0.28294,0.28557,0.28787,0.28393,-0.00057,0.00436,0.00074,-0.00156,0.00041,-56.49071,1180.00000
0.03199,0.03988,0.04021,0.04317,0.04021,0.29050,0.28524,0.28458,0.28524,0.28952,0.00304,0.00107,-0.00222,-0.00025,-0.00123,-56.49071,1181.00000
0.03889,0.03922,0.03561,0.03857,0.03725,0.28557,0.28228,0.28228,0.28590,0.28031,-0.00057,0.00140,-0.00222,0.00107,0.00008,-56.38988,1182.00000
0.03922,0.03692,0.04317,0.04087,0.03791,0.28656,0.28327,0.28524,0.28656,0.28327,0.00502,0.00107,0.00469,-0.00189,-0.00025,-56.38988,1183.00000
0.03988,0.03528,0.04153,0.04054,0.04054,0.28491,0.27833,0.28425,0.28754,0.27899,-0.00255,0.00074,0.00008,-0.00025,0.00008,-55.98303,1184.00000
0.03988,0.04416,0.03857,0.04514,0.04712,0.28722,0.28097,0.28886,0.28590,0.28393,-0.00057,0.00337,-0.00452,-0.00386,-0.00255,-55.98303,1185.00000
0.04185,0.03889,0.04021,0.03922,0.04021,0.28524,0.28458,0.28425,0.28360,0.27965,-0.00090,0.00272,-0.00025,0.00140,-0.00156,-55.69659,1186.00000
0.04383,0.03988,0.04514,0.04580,0.04087,0.28458,0.28425,0.28261,0.28294,0.28425,0.00008,0.00107,0.00140,0.00140,-0.00025,-55.69659,1187.00000
0.04054,0.04120,0.04120,0.04218,0.03889,0.28064,0.28491,0.28294,0.28393,0.28458,0.00140,0.00239,-0.00025,0.00041,-0.00057,-55.65835,1188.00000
0.04054,0.04777,0.03988,0.04909,0.04251,0.28590,0.28360,0.28491,0.28294,0.28623,-0.00353,0.00337,0.00008,-0.00090,0.00107,-55.65835,1189.00000
0.03955,0.03988,0.04514,0.03626,0.04350,0.28261,0.28425,0.27899,0.28689,0.28590,0.00140,-0.00255,-0.00090,0.00008,0.00074,-55.97127,1190.00000
0.04251,0.04350,0.04449,0.04317,0.04185,0.28689,0.28787,0.28820,0.28689,0.28393,0.00206,0.00173,0.00008,-0.00090,-0.00123,-55.97127,1191.00000
0.04613,0.04613,0.04185,0.03922,0.04777,0.28722,0.28031,0.28853,0.28129,0.28195,0.00337,-0.00090,0.00403,-0.00156,0.00074,-55.94462,1192.00000
0.04449,0.03857,0.04087,0.04514,0.04416,0.28754,0.28886,0.28590,0.28425,0.28064,0.00041,0.00107,0.00107,-0.00123,-0.00255,-55.94462,1193.00000
0.03725,0.04416,0.04054,0.04449,0.04350,0.28787,0.28656,0.28524,0.28195,0.28754,0.00304,-0.00057,0.00008,0.00304,0.00140,-55.58706,1194.00000
0.04120,0.04251,0.04218,0.04383,0.04120,0.28393,0.28261,0.28294,0.28754,0.28064,-0.00090,0.00173,0.00206,0.00272,-0.00353,-55.58706,1195.00000
0.03725,0.04679,0.04218,0.04514,0.04251,0.28557,0.28722,0.28590,0.28952,0.28722,-0.00222,0.00107,-0.00057,-0.00255,0.00337,-55.42780,1196.00000
0.04383,0.04449,0.04547,0.04383,0.04383,0.28689,0.28393,0.28064,0.28787,0.28656,-0.00090,0.00008,0.00140,0.00206,-0.00090,-55.42780,1197.00000
0.03889,0.04777,0.04153,0.04876,0.03857,0.28228,0.28097,0.28491,0.28425,0.28458,-0.00090,0.00206,0.00041,0.00008,-0.00288,-55.96830,1198.00000
0.04679,0.03659,0.04646,0.04580,0.04646,0.28458,0.28129,0.28524,0.28327,0.28754,-0.00386,0.00206,-0.00156,0.00370,0.00206,-55.96830,1199.00000
0.04284,0.04876,0.04613,0.03955,0.04449,0.28261,0.28689,0.28097,0.28097,0.28952,-0.00057,0.00140,-0.00353,-0.00025,-0.00025,-55.73317,1200.00000
0.04712,0.04449,0.04646,0.04646,0.04810,0.28656,0.28097,0.28491,0.28722,0.28853,-0.00090,0.00206,0.00140,0.00140,-0.00156,-55.73317,1201.00000
0.04514,0.04810,0.03922,0.04251,0.04383,0.28327,0.28458,0.29083,0.28722,0.28590,-0.00386,-0.00222,0.00206,0.00272,-0.00025,-56.00379,1202.00000
0.04383,0.04745,0.04679,0.04383,0.03758,0.28458,0.28590,0.28425,0.28656,0.28097,0.00041,-0.00518,0.00535,-0.00156,0.00008,-56.00379,1203.00000
0.04843,0.04646,0.05008,0.04646,0.04679,0.28656,0.28458,0.28327,0.28524,0.28820,0.00272,0.00140,0.00206,-0.00518,0.00173,-55.76313,1204.00000
0.04810,0.04777,0.05073,0.05008,0.04777,0.28656,0.28491,0.27998,0.28623,0.28393,-0.00452,0.00337,0.00140,-0.00255,0.00140,-55.76313,1205.00000
0.04843,0.04909,0.04251,0.04350,0.04876,0.28031,0.28722,0.28524,0.28327,0.28590,0.00304,-0.00222,-0.00156,-0.00090,0.00502,-55.61838,1206.00000
0.04646,0.04646,0.05435,0.04876,0.04547,0.29018,0.28294,0.28097,0.28623,0.28228,-0.00123,0.00173,0.00008,0.00239,-0.00255,-55.61838,1207.00000
0.04843,0.04712,0.04876,0.04876,0.04449,0.28722,0.28754,0.28623,0.28360,0.28590,0.00173,0.00041,-0.00090,0.00140,-0.00255,-55.13097,1208.00000
0.04745,0.04876,0.04317,0.04843,0.05041,0.28360,0.28754,0.28754,0.28195,0.28425,-0.00189,0.00403,0.00041,0.00206,0.00403,-55.13097,1209.00000
0.05041,0.05008,0.04810,0.05665,0.04843,0.28327,0.28722,0.28393,0.28590,0.28393,0.00140,-0.00057,0.00107,0.00107,0.00074,-55.52691,1210.00000
0.04218,0.04383,0.04580,0.05106,0.04514,0.28425,0.27965,0.28524,0.28919,0.28261,0.00074,0.00239,0.00239,0.00173,-0.00057,-55.52691,1211.00000
0.05337,0.04679,0.04909,0.05337,0.04547,0.28623,0.28327,0.28754,0.28919,0.28557,0.00337,-0.00090,-0.00452,0.00140,-0.00057,-55.37332,1212.00000
0.05534,0.04909,0.04843,0.05008,0.04876,0.28689,0.28393,0.28491,0.28261,0.28787,-0.00025,0.00140,0.00041,-0.00123,0.00337,-55.37332,1213.00000
0.04745,0.05106,0.04580,0.04712,0.04613,0.27899,0.28656,0.28327,0.28491,0.28294,-0.00090,0.00008,0.00304,-0.00025,-0.00025,-55.30141,1214.00000
0.05304,0.04909,0.05468,0.05073,0.04712,0.28656,0.28820,0.28162,0.28228,0.28261,0.00535,-0.00156,0.00436,-0.00090,0.00469,-55.30141,1215.00000
0.04942,0.05337,0.05172,0.04120,0.05435,0.28754,0.28458,0.28656,0.28722,0.28623,-0.00189,-0.00255,-0.00255,0.00337,-0.00025,-55.36555,1216.00000
0.04679,0.05008,0.05073,0.05271,0.05106,0.28524,0.28656,0.28656,0.28886,0.28623,0.00304,0.00074,-0.00025,0.00074,0.00403,-55.36555,1217.00000
0.05304,0.04909,0.05731,0.05304,0.05106,0.28524,0.28853,0.28491,0.28787,0.28689,-0.00090,-0.00288,-0.00156,0.00041,0.00008,-55.71988,1218.00000
0.05073,0.04547,0.05139,0.04777,0.05402,0.28590,0.28228,0.28162,0.29018,0.28491,-0.00288,0.00239,0.00074,0.00206,-0.00090,-55.71988,1219.00000
0.05600,0.04843,0.05139,0.05139,0.05106,0.28722,0.28425,0.29215,0.28557,0.28590,0.00074,-0.00057,0.00206,0.00074,-0.00090,-55.67000,1220.00000
0.05139,0.04777,0.05337,0.05600,0.05567,0.28425,0.28458,0.28623,0.29083,0.28557,0.00272,0.00272,-0.00025,0.00272,0.00041,-55.67000,1221.00000
0.05863,0.05468,0.05271,0.05271,0.05337,0.28557,0.28393,0.28787,0.28919,0.28425,-0.00156,0.00239,-0.00288,0.00206,-0.00386,-56.20414,1222.00000
0.05402,0.05139,0.04810,0.05369,0.05369,0.28557,0.28557,0.28787,0.28689,0.28787,0.00206,0.00206,-0.00156,-0.00156,0.00173,-56.20414,1223.00000
0.05896,0.04843,0.06258,0.05106,0.05238,0.28557,0.28195,0.29215,0.27998,0.28524,-0.00288,-0.00057,0.00337,0.00041,-0.00485,-56.25881,1224.00000
0.05271,0.05863,0.05369,0.05337,0.05073,0.28195,0.27735,0.28129,0.28656,0.28129,-0.00156,0.00633,-0.00255,-0.00156,0.00107,-56.25881,1225.00000
0.05929,0.05172,0.05600,0.05402,0.05534,0.28623,0.28228,0.28162,0.27965,0.28458,-0.00255,0.00041,0.00140,0.00140,0.00173,-55.77833,1226.00000
0.04942,0.04712,0.05764,0.05271,0.05567,0.28458,0.28294,0.28228,0.28458,0.28393,0.00008,0.00107,-0.00222,-0.00222,-0.00057,-55.77833,1227.00000
0.05369,0.05205,0.06192,0.05238,0.05534,0.28327,0.28491,0.28524,0.28590,0.28031,-0.00057,-0.00123,0.00074,0.00041,0.00239,-55.30860,1228.00000
0.05633,0.05369,0.05698,0.05764,0.05041,0.28458,0.28722,0.28557,0.28458,0.28097,-0.00057,0.00107,0.00206,0.00008,0.00140,-55.30860,1229.00000
0.05369,0.05830,0.05501,0.06225,0.05797,0.28360,0.28557,0.28656,0.28458,0.28195,-0.00057,-0.00288,0.00173,-0.00090,0.00041,-54.74414,1230.00000
0.05534,0.05271,0.05600,0.05764,0.05402,0.28097,0.28491,0.28195,0.28689,0.28722,0.00272,0.00173,-0.00090,-0.00386,0.00008,-54.74414,1231.00000
0.05369,0.05501,0.05962,0.05698,0.05633,0.28393,0.28689,0.28524,0.28623,0.28853,0.00337,0.00140,0.00140,0.00337,-0.00090,-55.76318,1232.00000
0.05863,0.05896,0.05962,0.06225,0.05962,0.28524,0.28557,0.28425,0.28590,0.28557,-0.00025,0.00304,0.00206,0.00600,0.00107,-55.76318,1233.00000
0.06258,0.05797,0.05896,0.05665,0.05337,0.28064,0.28458,0.28294,0.28590,0.28590,-0.00288,-0.00025,0.00041,0.00008,-0.00321,-55.66724,1234.00000
0.06027,0.05337,0.05896,0.06192,0.05600,0.28787,0.28195,0.28327,0.28261,0.28031,0.00304,-0.00255,-0.00321,0.00140,-0.00123,-55.66724,1235.00000
0.06093,0.05567,0.05665,0.05731,0.06389,0.28557,0.27833,0.28327,0.28689,0.28031,0.00140,-0.00123,-0.00057,0.00436,-0.00222,-55.73401,1236.00000
0.05994,0.06422,0.05600,0.05830,0.05896,0.28393,0.29018,0.28656,0.28458,0.28425,-0.00156,-0.00156,-0.00090,0.00370,0.00008,-55.73401,1237.00000
0.06192,0.06258,0.06060,0.05962,0.05994,0.28623,0.28820,0.28458,0.28327,0.28689,0.00403,-0.00353,0.00403,-0.00189,-0.00288,-56.08722,1238.00000
0.06356,0.05665,0.06356,0.06488,0.06356,0.28623,0.28623,0.28294,0.28327,0.28360,-0.00255,-0.00057,0.00008,0.00008,0.00370,-56.08722,1239.00000
0.06323,0.06093,0.05567,0.06323,0.06225,0.28294,0.28491,0.28524,0.28162,0.28985,0.00337,-0.00025,-0.00090,0.00008,0.00206,-56.07095,1240.00000
0.05863,0.05797,0.06389,0.06159,0.05962,0.28754,0.28162,0.28261,0.28754,0.28327,0.00008,-0.00057,0.00370,-0.00025,0.00041,-56.07095,1241.00000
0.06060,0.06126,0.05830,0.05994,0.06455,0.27833,0.28656,0.28886,0.28425,0.28623,-0.00057,-0.00123,0.00074,0.00304,-0.00025,-55.38899,1242.00000
0.06159,0.05698,0.06784,0.06323,0.06159,0.29116,0.28327,0.28393,0.28853,0.28425,-0.00222,-0.00321,-0.00156,-0.00156,-0.00255,-55.38899,1243.00000
0.05534,0.06027,0.06258,0.05994,0.06225,0.28524,0.28754,0.28524,0.28919,0.28458,-0.00156,0.00107,0.00041,0.00074,0.00436,-55.73405,1244.00000
0.06455,0.06619,0.05863,0.06915,0.06389,0.28294,0.28393,0.28327,0.28491,0.28623,-0.00057,0.00074,0.00272,0.00107,-0.00025,-55.73405,1245.00000
0.06159,0.06718,0.06290,0.06258,0.05962,0.28524,0.28491,0.28261,0.28623,0.28491,0.00173,-0.00025,-0.00156,0.00107,-0.00123,-55.41829,1246.00000
0.06356,0.06619,0.06389,0.06290,0.07146,0.28195,0.28393,0.28458,0.28491,0.28195,-0.00156,0.00074,0.00304,0.00206,-0.00222,-55.41829,1247.00000
0.06586,0.06389,0.06751,0.06981,0.06027,0.28623,0.28360,0.28524,0.28524,0.28228,0.00107,0.00304,0.00206,0.00041,0.00304,-56.08805,1248.00000
0.06258,0.06455,0.06718,0.06619,0.06521,0.28623,0.28097,0.28393,0.28491,0.28458,0.00304,0.00337,0.00272,0.00337,0.00304,-56.08805,1249.00000
0.06126,0.06192,0.06915,0.06685,0.07047,0.28261,0.28162,0.28261,0.28524,0.28195,-0.00057,0.00074,-0.00057,0.00074,0.00140,-55.65633,1250.00000
0.06718,0.06882,0.07178,0.06290,0.07047,0.28623,0.28360,0.28491,0.28491,0.28853,-0.00255,0.00140,-0.00189,-0.00025,-0.00156,-55.65633,1251.00000
0.05896,0.06685,0.06850,0.07014,0.06488,0.27965,0.28393,0.28097,0.28590,0.28524,-0.00189,0.00206,0.00074,0.00074,0.00206,-55.58940,1252.00000
0.06718,0.06356,0.06981,0.06652,0.06619,0.28129,0.28557,0.28590,0.28393,0.28689,0.00337,-0.00025,-0.00288,0.00140,0.00107,-55.58940,1253.00000
0.06290,0.07146,0.07244,0.07178,0.06817,0.28754,0.28393,0.28754,0.28327,0.28360,0.00206,0.00041,0.00008,0.00041,0.00140,-55.28005,1254.00000
0.07146,0.07146,0.06356,0.06850,0.06948,0.28458,0.28261,0.28623,0.28557,0.28787,-0.00189,0.00074,0.00469,0.00008,0.00041,-55.28005,1255.00000
0.06817,0.06422,0.06850,0.07146,0.07474,0.28360,0.28656,0.28195,0.28393,0.28689,-0.00123,0.00008,0.00568,-0.00288,0.00206,-55.43055,1256.00000
0.07178,0.06652,0.07310,0.07047,0.07146,0.28623,0.27866,0.28524,0.28162,0.28952,-0.00123,0.00173,0.00272,0.00239,-0.00057,-55.43055,1257.00000
0.07080,0.06455,0.07442,0.06981,0.06718,0.28097,0.28360,0.28327,0.28261,0.28557,-0.00156,-0.00057,-0.00288,-0.00452,-0.00025,-55.37641,1258.00000
0.06554,0.07310,0.07047,0.07146,0.06981,0.28886,0.28557,0.28656,0.28425,0.28393,-0.00123,0.00074,0.00140,-0.00025,-0.00025,-55.37641,1259.00000
0.07211,0.07047,0.07343,0.07639,0.07113,0.28327,0.28623,0.28458,0.28524,0.28458,0.00140,0.00272,-0.00353,0.00008,-0.00057,-55.46652,1260.00000
0.07113,0.07146,0.07507,0.07080,0.07738,0.28590,0.29149,0.28656,0.28689,0.28689,-0.00057,-0.00025,-0.00222,0.00206,0.00008,-55.46652,1261.00000
0.07573,0.07178,0.07244,0.07573,0.07178,0.28557,0.28458,0.28985,0.28524,0.28886,0.00272,0.00239,0.00173,0.00173,0.00206,-55.56041,1262.00000
0.07014,0.07474,0.07178,0.07014,0.07672,0.28261,0.28393,0.28228,0.28656,0.28689,-0.00123,-0.00057,-0.00090,0.00239,0.00436,-55.56041,1263.00000
0.07343,0.07376,0.07474,0.06981,0.08066,0.28557,0.28524,0.28261,0.28623,0.28985,0.00140,0.00107,0.00074,0.00041,-0.00123,-55.72454,1264.00000
0.07211,0.06718,0.06850,0.07277,0.07606,0.28787,0.28590,0.28787,0.28689,0.28524,-0.00222,-0.00123,0.00074,0.00239,0.00173,-55.72454,1265.00000
0.07540,0.07540,0.07606,0.07442,0.07935,0.28393,0.28524,0.28458,0.28491,0.28327,0.00140,0.00337,0.00140,0.00173,-0.00057,-55.68698,1266.00000
0.07639,0.07507,0.07244,0.07474,0.07310,0.28656,0.28195,0.28393,0.28886,0.28393,0.00008,0.00140,-0.00156,0.00140,0.00107,-55.68698,1267.00000
0.08001,0.07376,0.08034,0.07080,0.07277,0.28327,0.29018,0.28195,0.28623,0.28360,-0.00222,0.00074,0.00206,0.00140,0.00370,-55.80491,1268.00000
0.07409,0.07376,0.07672,0.07639,0.07770,0.28491,0.28754,0.28261,0.28327,0.28458,0.00041,-0.00123,-0.00090,-0.00057,0.00041,-55.80491,1269.00000
0.08297,0.07606,0.07770,0.08165,0.07606,0.28261,0.28952,0.28754,0.29116,0.28557,0.00074,-0.00255,0.00074,0.00074,0.00239,-55.54650,1270.00000
0.07705,0.08066,0.07770,0.08066,0.07738,0.28228,0.28458,0.28656,0.28097,0.28557,0.00008,-0.00222,-0.00222,-0.00189,-0.00156,-55.54650,1271.00000
0.07770,0.08658,0.07606,0.08790,0.08461,0.28393,0.28557,0.28524,0.28590,0.28689,-0.00189,0.00272,-0.00123,0.00304,-0.00255,-55.34649,1272.00000
0.08066,0.08264,0.08132,0.07935,0.08066,0.28162,0.28360,0.28557,0.28327,0.28853,-0.00090,0.00370,-0.00057,0.00272,-0.00057,-55.34649,1273.00000
0.07968,0.08132,0.07573,0.08658,0.07968,0.28393,0.29050,0.28722,0.28228,0.28162,0.00074,-0.00353,0.00304,0.00008,0.00107,-54.94864,1274.00000
0.08593,0.08297,0.08527,0.08099,0.08395,0.28491,0.28853,0.28689,0.28623,0.28590,0.00140,-0.00090,0.00140,0.00370,-0.00189,-54.94864,1275.00000
0.08395,0.08231,0.07902,0.08264,0.08362,0.28886,0.28952,0.28590,0.28590,0.28590,0.00502,0.00074,-0.00189,0.00304,-0.00419,-54.97920,1276.00000
0.08527,0.08099,0.07869,0.08823,0.08034,0.28425,0.28031,0.28590,0.28129,0.28722,-0.00025,0.00370,-0.00353,-0.00090,0.00239,-54.97920,1277.00000
0.08955,0.08856,0.08165,0.08724,0.09119,0.28952,0.28722,0.28294,0.28261,0.28787,0.00173,0.00272,0.00140,0.00107,-0.00025,-55.00913,1278.00000
0.07935,0.08856,0.09185,0.08922,0.08231,0.28787,0.28031,0.28162,0.28162,0.28722,-0.00485,0.00173,-0.00057,0.00502,-0.00419,-55.00913,1279.00000
0.08527,0.08691,0.08428,0.08560,0.08264,0.28590,0.28195,0.28425,0.28722,0.28360,0.00304,0.00568,-0.00189,0.00502,0.00436,-55.35857,1280.00000
0.08790,0.08724,0.08955,0.08231,0.08757,0.28524,0.28952,0.27735,0.28393,0.28228,-0.00222,-0.00057,-0.00057,-0.00485,-0.00025,-55.35857,1281.00000
0.08560,0.09053,0.08922,0.08691,0.08724,0.28491,0.28524,0.28656,0.28129,0.28722,-0.00123,0.00140,-0.00485,0.00107,-0.00551,-54.90096,1282.00000
0.08724,0.09020,0.08626,0.08724,0.08001,0.28853,0.28393,0.28064,0.28458,0.28722,0.00074,0.00206,-0.00189,-0.00123,-0.00057,-54.90096,1283.00000
0.08428,0.08658,0.08231,0.08428,0.08691,0.28360,0.28458,0.28557,0.28393,0.28162,-0.00025,0.00173,-0.00156,0.00436,0.00041,-55.91484,1284.00000
0.08757,0.09218,0.08889,0.08889,0.08922,0.28623,0.28722,0.28458,0.28524,0.28656,0.00337,0.00272,-0.00419,-0.00386,0.00074,-55.91484,1285.00000
0.08560,0.09481,0.09020,0.08691,0.09316,0.28360,0.28294,0.28985,0.27998,0.28623,0.00206,0.00041,-0.00090,0.00633,-0.00156,-55.78213,1286.00000
0.09316,0.08823,0.09119,0.08987,0.08790,0.28524,0.28656,0.28458,0.28623,0.28327,-0.00617,-0.00353,0.00304,0.00337,0.00436,-55.78213,1287.00000
0.09349,0.09382,0.09316,0.09185,0.08297,0.28294,0.28425,0.28491,0.28228,0.28425,0.00140,0.00041,-0.00090,-0.00353,0.00140,-56.14057,1288.00000
0.09415,0.09612,0.09612,0.09218,0.09251,0.28360,0.28623,0.28425,0.28129,0.27998,-0.00386,0.00568,0.00008,0.00074,0.00107,-56.14057,1289.00000
0.08987,0.09152,0.09086,0.09382,0.10106,0.28195,0.28228,0.28491,0.28261,0.28557,0.00337,-0.00485,0.00535,-0.00189,-0.00090,-55.53122,1290.00000
0.09415,0.09448,0.09514,0.09810,0.09086,0.28393,0.28097,0.28360,0.28656,0.28327,0.00337,-0.00090,0.00074,-0.00025,0.00173,-55.53122,1291.00000
0.09481,0.09152,0.09218,0.08724,0.10106,0.28327,0.28491,0.28294,0.28458,0.28162,0.00206,-0.00222,0.00173,-0.00090,0.00206,-55.91259,1292.00000
0.08790,0.09382,0.09875,0.10007,0.10171,0.28360,0.28064,0.28919,0.28425,0.28491,0.00173,-0.00255,-0.00057,-0.00090,0.00535,-55.91259,1293.00000
0.09579,0.09678,0.10007,0.10270,0.09875,0.28524,0.28327,0.28129,0.28425,0.28393,-0.00156,0.00074,0.00502,0.00206,-0.00189,-55.33911,1294.00000
0.10007,0.09316,0.09810,0.10007,0.09612,0.28458,0.28590,0.28261,0.28557,0.28524,0.00568,-0.00222,0.00041,-0.00025,-0.00419,-55.33911,1295.00000
0.10106,0.10270,0.09908,0.10073,0.09974,0.28425,0.28261,0.27932,0.28097,0.28425,0.00272,0.00074,-0.00156,0.00272,0.00173,-55.85315,1296.00000
0.10073,0.09974,0.10237,0.09744,0.09941,0.28458,0.28557,0.28491,0.28228,0.28393,0.00041,-0.00057,-0.00025,0.00074,-0.00057,-55.85315,1297.00000
0.10467,0.10500,0.10007,0.10500,0.10336,0.28458,0.28458,0.28524,0.28820,0.28393,-0.00090,0.00502,0.00239,0.00074,-0.00090,-55.34112,1298.00000
0.10139,0.10270,0.10040,0.10994,0.09843,0.28524,0.28162,0.28294,0.28228,0.28524,-0.00025,-0.00025,0.00272,0.00239,-0.00255,-55.34112,1299.00000
0.09974,0.10007,0.10796,0.10369,0.10467,0.28360,0.28754,0.28557,0.28458,0.28294,-0.00255,0.00173,0.00370,0.00304,0.00074,-55.63199,1300.00000
0.10369,0.10435,0.10435,0.10336,0.10204,0.27932,0.28853,0.28689,0.28360,0.27801,0.00107,0.00074,0.00239,-0.00255,0.00107,-55.63199,1301.00000
0.10270,0.10731,0.10435,0.10369,0.09810,0.28524,0.28458,0.28689,0.28557,0.28458,-0.00123,0.00074,0.00173,0.00173,0.00304,-55.39656,1302.00000
0.10533,0.11257,0.10994,0.10336,0.10500,0.28590,0.28623,0.28162,0.28787,0.28787,-0.00156,0.00140,-0.00156,-0.00189,-0.00222,-55.39656,1303.00000
0.10204,0.10665,0.10665,0.11092,0.10895,0.28623,0.28787,0.28360,0.28294,0.28820,0.00107,0.00206,-0.00090,-0.00025,0.00206,-56.13578,1304.00000
0.10566,0.11158,0.11125,0.10566,0.10369,0.28656,0.28886,0.28393,0.28228,0.28787,0.00370,0.00008,0.00239,-0.00090,-0.00156,-56.13578,1305.00000
0.10961,0.10796,0.10270,0.11355,0.11158,0.28722,0.28656,0.28590,0.28327,0.28458,0.00206,-0.00156,0.00074,-0.00222,0.00107,-56.09768,1306.00000
0.11553,0.10731,0.10698,0.11717,0.10698,0.28393,0.28919,0.28656,0.28524,0.28722,0.00008,0.00074,0.00107,0.00074,0.00041,-56.09768,1307.00000
0.11487,0.11323,0.10698,0.11717,0.10731,0.28360,0.28689,0.28524,0.27932,0.28557,0.00140,0.00107,-0.00156,-0.00156,0.00107,-57.13819,1308.00000
0.11553,0.11290,0.11158,0.11717,0.11882,0.28623,0.28689,0.28360,0.28458,0.28261,0.00074,0.00140,0.00206,0.00239,0.00107,-57.13819,1309.00000
0.11158,0.10467,0.11717,0.10928,0.10928,0.28623,0.28294,0.28261,0.28656,0.28195,-0.00255,0.00008,-0.00025,-0.00189,0.00436,-56.22535,1310.00000
0.11783,0.11783,0.10994,0.11027,0.11816,0.29083,0.28458,0.28327,0.28952,0.28524,-0.00222,0.00041,0.00173,0.00041,0.00041,-56.22535,1311.00000
0.12013,0.11980,0.11948,0.11520,0.11290,0.28590,0.28656,0.28491,0.28590,0.28557,-0.00353,0.00304,-0.00057,0.00074,0.00008,-55.78845,1312.00000
0.11388,0.11257,0.12079,0.12079,0.11290,0.28261,0.28557,0.28261,0.28623,0.28623,-0.00189,0.00239,-0.00156,0.00436,0.00600,-55.78845,1313.00000
0.11454,0.11717,0.11421,0.11915,0.11915,0.28228,0.28261,0.28491,0.28458,0.28360,-0.00123,0.00436,-0.00156,0.00304,0.00041,-55.82391,1314.00000
0.11750,0.11948,0.12342,0.11849,0.11717,0.28458,0.28590,0.28129,0.28623,0.27932,-0.00222,-0.00090,0.00535,-0.00025,0.00173,-55.82391,1315.00000
0.12375,0.11717,0.12244,0.11980,0.12737,0.28787,0.28458,0.28360,0.28656,0.28261,0.00107,0.00107,-0.00057,0.00206,-0.00090,-55.43393,1316.00000
0.11783,0.12112,0.12145,0.12375,0.12309,0.28524,0.28491,0.28195,0.28787,0.28360,-0.00090,-0.00057,-0.00156,0.00041,-0.00222,-55.43393,1317.00000
0.12178,0.12079,0.12737,0.11882,0.12046,0.27965,0.28261,0.28952,0.28557,0.28853,-0.00353,0.00403,0.00107,0.00107,0.00074,-55.92009,1318.00000
0.11684,0.13099,0.12375,0.12178,0.12770,0.28491,0.28393,0.28458,0.28327,0.28393,0.00173,0.00041,0.00173,-0.00090,0.00008,-55.92009,1319.00000
0.12276,0.12178,0.12671,0.12803,0.12441,0.28458,0.28195,0.28425,0.28787,0.28261,-0.00025,-0.00123,0.00173,-0.00057,-0.00025,-55.95565,1320.00000
0.12474,0.12605,0.12770,0.12836,0.12605,0.28458,0.28919,0.28557,0.28524,0.28656,0.00074,0.00041,0.00206,0.00008,0.00041,-55.95565,1321.00000
0.12013,0.12770,0.12803,0.12375,0.13164,0.28228,0.28393,0.28689,0.28689,0.28524,0.00074,0.00074,-0.00321,0.00107,0.00140,-56.25908,1322.00000
0.12803,0.13296,0.12441,0.12671,0.12836,0.28097,0.28425,0.27998,0.28261,0.28787,0.00008,-0.00090,0.00107,0.00239,0.00304,-56.25908,1323.00000
0.12441,0.13230,0.12934,0.13164,0.12967,0.28590,0.28623,0.28557,0.28952,0.28656,-0.00321,-0.00025,0.00107,0.00206,0.00239,-56.31557,1324.00000
0.13789,0.13132,0.13066,0.13000,0.12967,0.28162,0.28393,0.28458,0.28656,0.28031,-0.00386,-0.00057,0.00173,-0.00386,0.00041,-56.31557,1325.00000
0.12605,0.13493,0.13395,0.13066,0.13329,0.28294,0.28162,0.28689,0.27932,0.28261,-0.00288,-0.00057,-0.00353,0.00107,-0.00156,-56.71980,1326.00000
0.13658,0.13164,0.13756,0.13033,0.13033,0.28853,0.28162,0.28853,0.28985,0.28491,-0.00090,0.00304,-0.00156,0.00173,-0.00255,-56.71980,1327.00000
0.13691,0.13658,0.13658,0.13066,0.13428,0.27965,0.28327,0.28853,0.28458,0.28458,-0.00255,-0.00321,0.00008,0.00173,0.00074,-57.07328,1328.00000
0.13493,0.13888,0.12836,0.13691,0.13460,0.28491,0.28491,0.28425,0.28228,0.28820,-0.00057,0.00041,0.00041,0.00008,-0.00255,-57.07328,1329.00000
0.13888,0.13756,0.13789,0.13921,0.13526,0.28623,0.28393,0.28228,0.28129,0.28623,-0.00057,0.00041,-0.00123,0.00074,0.00074,-56.15139,1330.00000
0.13855,0.14250,0.13724,0.14085,0.13987,0.28064,0.28261,0.28524,0.28787,0.27735,-0.00090,0.00107,0.00173,0.00304,0.00008,-56.15139,1331.00000
0.13099,0.14118,0.13921,0.14283,0.13822,0.28228,0.28393,0.28524,0.28557,0.28590,-0.00288,0.00337,0.00107,-0.00255,0.00074,-55.87354,1332.00000
0.14776,0.13855,0.13855,0.13789,0.13888,0.28491,0.28623,0.28524,0.28097,0.28064,0.00008,-0.00025,-0.00057,-0.00057,0.00206,-55.87354,1333.00000
0.13724,0.14052,0.13789,0.14020,0.14348,0.28623,0.28261,0.28689,0.28261,0.28129,0.00403,0.00272,-0.00090,0.00173,-0.00123,-56.43287,1334.00000
0.13921,0.14316,0.13756,0.14085,0.13724,0.28590,0.28754,0.28524,0.28524,0.27932,0.00107,-0.00255,0.00041,-0.00123,0.00074,-56.43287,1335.00000
0.14776,0.14908,0.14052,0.14645,0.14875,0.28261,0.27899,0.28031,0.28162,0.28458,-0.00057,-0.00288,0.00206,0.00173,0.00239,-56.29749,1336.00000
0.14414,0.14842,0.13592,0.14908,0.14348,0.28425,0.28162,0.28195,0.28360,0.28294,0.00304,0.00173,0.00107,0.00041,-0.00123,-56.29749,1337.00000
0.14579,0.15072,0.14020,0.15039,0.14941,0.28097,0.28458,0.28590,0.28327,0.28228,-0.00288,0.00074,0.00041,-0.00156,-0.00025,-56.47882,1338.00000
0.15171,0.14776,0.15171,0.14513,0.14710,0.28228,0.28261,0.28425,0.28491,0.28919,0.00502,0.00074,-0.00321,0.00173,0.00041,-56.47882,1339.00000
0.15237,0.15204,0.14513,0.15072,0.14776,0.28689,0.28689,0.28656,0.28129,0.28097,0.00041,-0.00090,-0.00321,0.00206,0.00206,-56.32535,1340.00000
0.14776,0.14842,0.14875,0.15105,0.15269,0.28294,0.28491,0.28393,0.28097,0.28294,0.00337,-0.00222,-0.00353,-0.00057,-0.00025,-56.32535,1341.00000
0.14546,0.14546,0.15171,0.15401,0.15138,0.28393,0.27866,0.28097,0.28064,0.28656,0.00140,0.00272,0.00304,-0.00222,-0.00156,-57.01765,1342.00000
0.14743,0.15533,0.15631,0.15105,0.14908,0.28360,0.28228,0.28393,0.28425,0.28360,-0.00189,0.00304,0.00206,0.00008,0.00074,-57.01765,1343.00000
0.15467,0.15533,0.15993,0.15171,0.15237,0.28195,0.28425,0.28425,0.27998,0.28097,0.00436,0.00206,-0.00288,0.00337,-0.00090,-56.44340,1344.00000
0.15368,0.16026,0.15368,0.15993,0.15598,0.28524,0.28524,0.28590,0.28491,0.28425,-0.00255,0.00041,-0.00123,-0.00156,0.00041,-56.44340,1345.00000
0.15697,0.15697,0.15796,0.15894,0.15960,0.28656,0.28393,0.28656,0.28853,0.28393,0.00041,-0.00025,0.00272,0.00074,0.00173,-56.89113,1346.00000
0.16289,0.16322,0.15664,0.15533,0.16190,0.28064,0.28590,0.28195,0.27998,0.28097,-0.00156,0.00239,0.00173,-0.00025,0.00008,-56.89113,1347.00000
0.16125,0.16486,0.16223,0.16256,0.16618,0.28393,0.28162,0.28129,0.28557,0.28393,0.00173,0.00008,-0.00189,0.00173,-0.00189,-56.14576,1348.00000
0.16651,0.16223,0.15960,0.15565,0.17013,0.28294,0.28327,0.28097,0.28393,0.28393,0.00140,-0.00156,-0.00189,0.00173,0.00074,-56.14576,1349.00000
0.15598,0.15927,0.15894,0.16651,0.15894,0.27965,0.28360,0.28360,0.28787,0.28557,-0.00288,0.00337,-0.00156,0.00206,-0.00090,-56.39319,1350.00000
0.16749,0.16256,0.16157,0.16059,0.16749,0.28393,0.28656,0.28195,0.28623,0.28820,0.00206,0.00008,0.00107,0.00041,-0.00189,-56.39319,1351.00000
0.16486,0.16486,0.16881,0.16256,0.16486,0.28393,0.28787,0.28327,0.28754,0.28853,-0.00090,0.00239,0.00140,0.00206,-0.00156,-56.22638,1352.00000
0.16585,0.16980,0.17111,0.16486,0.17243,0.28557,0.28162,0.28129,0.28425,0.28294,0.00304,-0.00090,0.00272,-0.00090,0.00173,-56.22638,1353.00000
0.16651,0.17078,0.16980,0.17966,0.16980,0.28919,0.28590,0.28491,0.28524,0.28491,0.00173,-0.00288,-0.00090,-0.00057,-0.00452,-56.68741,1354.00000
0.16881,0.16717,0.16815,0.16421,0.17506,0.28261,0.28787,0.28491,0.28129,0.28557,-0.00090,-0.00025,-0.00189,0.00074,-0.00025,-56.68741,1355.00000
0.17769,0.17013,0.17670,0.17835,0.16782,0.28261,0.28393,0.28360,0.28294,0.28590,0.00008,0.00173,-0.00025,0.00239,0.00173,-56.39302,1356.00000
0.17506,0.17703,0.17539,0.16848,0.17901,0.27965,0.28327,0.28623,0.28162,0.28524,0.00239,-0.00156,0.00107,-0.00189,0.00173,-56.39302,1357.00000
0.17440,0.17966,0.17539,0.17638,0.17835,0.28557,0.28294,0.28360,0.28327,0.28754,0.00173,-0.00189,0.00173,0.00436,0.00239,-56.12132,1358.00000
0.18032,0.17835,0.17670,0.18460,0.17703,0.28228,0.28327,0.28458,0.28097,0.28129,0.00304,0.00008,0.00173,0.00140,-0.00057,-56.12132,1359.00000
0.18065,0.17243,0.17934,0.18262,0.17670,0.28590,0.28393,0.28458,0.28524,0.28754,-0.00025,0.00173,-0.00057,0.00403,0.00140,-55.53624,1360.00000
0.17835,0.18230,0.17342,0.18032,0.17670,0.28491,0.28425,0.28327,0.28656,0.28360,-0.00189,0.00008,0.00074,0.00173,0.00469,-55.53624,1361.00000
0.18624,0.18164,0.18197,0.18164,0.18822,0.28097,0.28327,0.28425,0.28294,0.28294,0.00140,-0.00123,0.00403,-0.00090,-0.00222,-55.97857,1362.00000
0.18657,0.18460,0.18591,0.19512,0.18295,0.28327,0.28590,0.28557,0.28261,0.28360,0.00173,0.00239,0.00008,0.00272,0.00370,-55.97857,1363.00000
0.18558,0.18460,0.18361,0.19282,0.18591,0.28524,0.28294,0.28787,0.28294,0.28162,0.00107,-0.00255,-0.00321,0.00140,-0.00123,-55.85550,1364.00000
0.18493,0.18756,0.18558,0.19216,0.18591,0.28360,0.28327,0.28491,0.28195,0.28261,-0.00025,0.00173,0.00140,0.00008,-0.00057,-55.85550,1365.00000
0.18822,0.18065,0.18822,0.18295,0.18558,0.28294,0.28360,0.28722,0.28524,0.28524,0.00107,0.00107,-0.00123,0.00272,-0.00025,-56.01613,1366.00000
0.17703,0.19315,0.18624,0.18854,0.18986,0.28393,0.27965,0.28919,0.28557,0.28162,0.00370,-0.00090,0.00140,-0.00222,-0.00090,-56.01613,1367.00000
0.18920,0.18591,0.19414,0.19183,0.19019,0.28228,0.28261,0.29018,0.28458,0.28524,0.00041,0.00107,0.00206,-0.00156,0.00107,-55.57886,1368.00000
0.19052,0.19381,0.19150,0.19150,0.19085,0.28162,0.28261,0.28228,0.28162,0.28195,0.00041,0.00173,-0.00123,-0.00057,0.00206,-55.57886,1369.00000
0.20006,0.19085,0.18986,0.19578,0.19052,0.28524,0.28524,0.28327,0.28656,0.28360,-0.00123,0.00107,0.00370,-0.00090,-0.00025,-55.65808,1370.00000
0.20335,0.19611,0.19282,0.19216,0.19578,0.28064,0.28524,0.28129,0.28228,0.27932,-0.00156,0.00074,0.00173,0.00041,-0.00090,-55.65808,1371.00000
0.19808,0.19381,0.19249,0.20203,0.19512,0.28327,0.28261,0.28228,0.28491,0.28557,-0.00156,0.00239,0.00173,0.00140,0.00173,-57.02338,1372.00000
0.20038,0.19446,0.19479,0.19545,0.19742,0.28327,0.28129,0.28327,0.28261,0.27998,-0.00025,-0.00353,-0.00090,0.00239,-0.00255,-57.02338,1373.00000
0.19710,0.20729,0.20696,0.20631,0.19775,0.28294,0.28097,0.28195,0.28261,0.28590,0.00304,0.00337,0.00304,-0.00255,-0.00321,-56.24118,1374.00000
0.20170,0.20302,0.20137,0.20466,0.19381,0.28360,0.28393,0.28097,0.28162,0.28425,-0.00156,0.00173,0.00074,0.00140,0.00502,-56.24118,1375.00000
0.20006,0.20170,0.20137,0.20038,0.19808,0.28886,0.28393,0.28524,0.28097,0.28754,0.00469,0.00304,-0.00025,0.00074,-0.00419,-55.77196,1376.00000
0.20631,0.20992,0.20663,0.20729,0.20762,0.28360,0.28393,0.28524,0.28294,0.28590,0.00272,0.00041,0.00041,0.00173,0.00403,-55.77196,1377.00000
0.20367,0.20565,0.20532,0.20367,0.21190,0.28261,0.28393,0.28327,0.28360,0.28294,0.00008,0.00107,-0.00025,0.00074,-0.00353,-55.58617,1378.00000
0.20828,0.20269,0.20828,0.20663,0.20992,0.28195,0.28097,0.28294,0.28327,0.28524,0.00140,-0.00189,-0.00025,0.00272,0.00107,-55.58617,1379.00000
0.20861,0.20828,0.20828,0.20729,0.21124,0.28524,0.28524,0.28360,0.28623,0.28393,0.00041,0.00140,-0.00025,-0.00189,-0.00485,-55.93274,1380.00000
0.20631,0.21683,0.21683,0.21058,0.21190,0.27899,0.27932,0.28524,0.27899,0.28294,-0.00123,-0.00123,-0.00123,0.00041,-0.00123,-55.93274,1381.00000
0.21124,0.21749,0.20894,0.21617,0.21551,0.28886,0.28393,0.28722,0.28294,0.28458,-0.00255,0.00469,0.00403,0.00173,0.00239,-55.71051,1382.00000
0.22012,0.21815,0.21255,0.21815,0.21749,0.28097,0.28524,0.28754,0.28129,0.28557,0.00173,0.00206,-0.00222,0.00107,-0.00057,-55.71051,1383.00000
0.21453,0.21650,0.21519,0.22703,0.21650,0.28261,0.28524,0.28031,0.28722,0.28294,-0.00189,0.00140,0.00239,-0.00419,0.00041,-55.59695,1384.00000
0.22111,0.22143,0.22143,0.22111,0.22670,0.27866,0.28097,0.28524,0.28524,0.28491,-0.00057,0.00107,-0.00222,0.00074,-0.00090,-55.59695,1385.00000
0.22176,0.22143,0.21979,0.22209,0.22670,0.28097,0.28294,0.28327,0.28656,0.28162,0.00337,0.00041,0.00173,-0.00025,-0.00222,-55.90639,1386.00000
0.21979,0.22045,0.21847,0.22834,0.22407,0.28590,0.28064,0.28360,0.28360,0.27472,-0.00189,-0.00321,0.00272,0.00206,0.00041,-55.90639,1387.00000
0.22111,0.22407,0.22275,0.21979,0.22735,0.27965,0.28360,0.28425,0.28195,0.28689,0.00008,0.00239,0.00370,-0.00057,0.00008,-55.61188,1388.00000
0.22966,0.22966,0.22933,0.22538,0.22341,0.28261,0.28294,0.28491,0.28820,0.28557,-0.00386,0.00074,0.00272,-0.00090,-0.00025,-55.61188,1389.00000
0.23525,0.22867,0.22900,0.23295,0.22670,0.28162,0.28557,0.28360,0.28491,0.28557,0.00107,0.00008,0.00008,0.00107,-0.00057,-55.48172,1390.00000
0.22867,0.22801,0.22735,0.23426,0.23689,0.28162,0.28524,0.28129,0.28261,0.28820,-0.00353,-0.00025,-0.00255,-0.00123,-0.00123,-55.48172,1391.00000
0.23459,0.23032,0.23492,0.23426,0.23558,0.28524,0.28327,0.28195,0.28623,0.28393,-0.00485,0.00173,0.00008,0.00403,-0.00189,-56.24916,1392.00000
0.23558,0.22472,0.23262,0.23295,0.22637,0.28458,0.28425,0.28393,0.27965,0.28162,-0.00025,-0.00222,-0.00057,-0.00452,-0.00025,-56.24916,1393.00000
0.22966,0.23591,0.23689,0.23492,0.22834,0.28590,0.28754,0.28524,0.28754,0.28327,0.00206,0.00337,0.00074,-0.00123,-0.00321,-55.96882,1394.00000
0.23459,0.23952,0.23722,0.23656,0.23130,0.28590,0.28162,0.28327,0.28162,0.28722,-0.00057,0.00403,-0.00057,0.00140,0.00140,-55.96882,1395.00000
0.23229,0.23426,0.23328,0.23426,0.24084,0.28458,0.28195,0.28031,0.28129,0.28590,0.00140,-0.00353,0.00304,-0.00057,0.00304,-55.83841,1396.00000
0.24281,0.23492,0.24281,0.24216,0.22801,0.28294,0.28360,0.28031,0.28393,0.28853,0.00239,-0.00189,-0.00321,0.00074,0.00304,-55.83841,1397.00000
0.24314,0.24018,0.24610,0.24380,0.24281,0.28294,0.27801,0.28228,0.28261,0.28327,-0.00025,0.00074,-0.00025,0.00008,0.00173,-55.47292,1398.00000
0.24281,0.24939,0.24446,0.24018,0.24413,0.28557,0.28294,0.28228,0.28491,0.28294,0.00041,-0.00156,0.00140,0.00074,0.00140,-55.47292,1399.00000
0.24775,0.24380,0.24840,0.24512,0.25005,0.28360,0.28458,0.28162,0.28228,0.28294,-0.00025,0.00074,0.00403,-0.00090,-0.00353,-55.65150,1400.00000
0.24512,0.24446,0.25005,0.24709,0.24643,0.28491,0.27965,0.28097,0.28129,0.28129,0.00140,0.00008,-0.00057,0.00041,-0.00057,-55.65150,1401.00000
0.25071,0.24413,0.24808,0.24775,0.24610,0.28031,0.28360,0.28129,0.28064,0.28360,0.00041,0.00107,0.00239,0.00173,-0.00288,-55.59186,1402.00000
0.25136,0.24709,0.24808,0.25367,0.25432,0.28590,0.28393,0.28228,0.28623,0.27801,-0.00025,0.00206,-0.00057,-0.00025,0.00304,-55.59186,1403.00000
0.25531,0.25498,0.25071,0.25564,0.25597,0.28195,0.28228,0.28360,0.28327,0.28294,0.00239,-0.00025,0.00140,0.00041,-0.00025,-55.27152,1404.00000
0.25301,0.24939,0.25860,0.25235,0.25432,0.28524,0.27998,0.28524,0.28524,0.28524,-0.00255,0.00469,0.00107,0.00041,-0.00189,-55.27152,1405.00000
0.25498,0.25268,0.25860,0.26025,0.25663,0.28162,0.27768,0.28425,0.28162,0.28261,-0.00156,-0.00321,0.00206,-0.00353,0.00206,-56.34670,1406.00000
0.25959,0.26288,0.26090,0.25334,0.26189,0.28425,0.28524,0.28228,0.27669,0.28524,0.00304,0.00140,0.00173,0.00008,0.00008,-56.34670,1407.00000
0.25728,0.26156,0.25367,0.25465,0.26057,0.28064,0.28129,0.28360,0.28031,0.28360,0.00272,0.00469,0.00041,-0.00156,0.00140,-56.00782,1408.00000
0.25761,0.26025,0.26025,0.26090,0.26057,0.28327,0.28327,0.28722,0.28787,0.28491,-0.00090,-0.00123,0.00008,0.00008,-0.00189,-56.00782,1409.00000
0.26978,0.26025,0.26255,0.25761,0.26189,0.28491,0.28425,0.27866,0.28393,0.28754,0.00041,0.00239,0.00008,0.00074,-0.00057,-56.21192,1410.00000
0.26814,0.26321,0.26025,0.27044,0.26321,0.28261,0.28491,0.28327,0.28327,0.28195,-0.00057,0.00107,0.00008,0.00140,0.00304,-56.21192,1411.00000
0.26649,0.27307,0.26353,0.27833,0.26584,0.28162,0.28294,0.29083,0.28425,0.28689,0.00140,-0.00255,0.00041,0.00272,0.00074,-56.24317,1412.00000
0.27143,0.26518,0.27143,0.26584,0.26649,0.28162,0.28524,0.28557,0.28261,0.28656,0.00370,-0.00057,-0.00222,0.00008,0.00074,-56.24317,1413.00000
0.27143,0.27373,0.26321,0.27307,0.27143,0.28425,0.28294,0.28557,0.28919,0.28162,0.00173,-0.00156,0.00173,0.00008,-0.00025,-55.51660,1414.00000
0.27110,0.27768,0.26814,0.27537,0.27077,0.28393,0.28195,0.28031,0.28393,0.28294,0.00436,0.00140,0.00239,0.00107,0.00173,-55.51660,1415.00000
0.27702,0.27110,0.26814,0.28097,0.27340,0.28261,0.28425,0.28064,0.28097,0.28787,0.00272,0.00074,-0.00025,0.00008,0.00041,-55.45361,1416.00000
0.27899,0.27833,0.27801,0.27669,0.27965,0.28360,0.28327,0.28393,0.28195,0.28360,0.00074,0.00337,0.00469,0.00239,0.00173,-55.45361,1417.00000
0.27965,0.28425,0.28261,0.27603,0.28129,0.28425,0.28425,0.28393,0.28228,0.27899,0.00173,-0.00057,-0.00090,0.00140,0.00206,-54.56763,1418.00000
0.28261,0.28195,0.27899,0.27833,0.28458,0.27932,0.28458,0.28327,0.28162,0.28393,0.00107,0.00107,-0.00222,0.00173,-0.00123,-54.56763,1419.00000
0.28162,0.28360,0.28820,0.28228,0.28689,0.28820,0.28064,0.28623,0.28557,0.28097,0.00206,-0.00189,0.00074,-0.00321,-0.00255,-52.42542,1420.00000
0.29018,0.28623,0.28985,0.28985,0.28722,0.28393,0.28360,0.28524,0.27998,0.28360,-0.00025,-0.00189,0.00206,0.00272,-0.00156,-52.42542,1421.00000
0.29018,0.29116,0.28787,0.28853,0.28754,0.28952,0.28623,0.28097,0.28623,0.28524,-0.00156,0.00304,0.00107,-0.00222,-0.00222,-51.99152,1422.00000
0.29149,0.28952,0.29511,0.28853,0.28853,0.28524,0.28656,0.28425,0.28722,0.28195,-0.00288,0.00008,0.00304,-0.00222,0.00206,-51.99152,1423.00000
0.28886,0.28985,0.29248,0.29412,0.29215,0.28623,0.28097,0.28722,0.28787,0.28524,0.00337,0.00239,-0.00025,0.00140,0.00041,-53.52017,1424.00000
0.28228,0.29741,0.28820,0.29379,0.29314,0.28491,0.28327,0.28689,0.28327,0.28162,-0.00222,0.00107,-0.00156,0.00272,-0.00090,-53.52017,1425.00000
0.29445,0.29741,0.29445,0.29873,0.28886,0.28228,0.28393,0.28261,0.28064,0.28952,-0.00090,-0.00156,0.00107,0.00206,0.00370,-54.20638,1426.00000
0.29478,0.29511,0.29215,0.30366,0.29971,0.28820,0.28360,0.28294,0.28360,0.28524,0.00041,0.00272,0.00074,0.00041,0.00074,-54.20638,1427.00000
0.30070,0.30136,0.30070,0.30070,0.30103,0.28195,0.28425,0.28458,0.28393,0.28491,0.00337,-0.00057,-0.00386,-0.00090,0.00173,-54.77409,1428.00000
0.30234,0.30366,0.30399,0.30366,0.30596,0.28393,0.28524,0.28590,0.28195,0.28195,0.00304,-0.00123,-0.00288,-0.00189,0.00239,-54.77409,1429.00000
0.30136,0.30366,0.30432,0.30136,0.30596,0.28557,0.28393,0.28491,0.28524,0.28557,-0.00025,-0.00090,-0.00222,0.00140,-0.00025,-55.74154,1430.00000
0.30958,0.29741,0.31188,0.31155,0.30366,0.28425,0.28557,0.28491,0.28689,0.28491,-0.00156,0.00041,0.00074,0.00206,0.00206,-55.74154,1431.00000
0.30892,0.30728,0.31254,0.30991,0.30728,0.28360,0.28129,0.28031,0.28162,0.28656,-0.00156,0.00173,0.00041,0.00173,0.00173,-55.97379,1432.00000
0.31715,0.31221,0.31254,0.30662,0.30498,0.28195,0.28327,0.28524,0.28294,0.28228,0.00074,-0.00353,-0.00057,-0.00090,-0.00123,-55.97379,1433.00000
0.31320,0.30399,0.31418,0.30728,0.30826,0.27965,0.28656,0.28491,0.28228,0.28129,0.00041,-0.00321,0.00107,0.00140,-0.00419,-55.62117,1434.00000
0.31155,0.31386,0.31320,0.31418,0.31386,0.28162,0.28261,0.28458,0.28491,0.27932,-0.00189,-0.00057,-0.00189,0.00041,0.00206,-55.62117,1435.00000
0.31484,0.31517,0.31945,0.31978,0.31846,0.28820,0.28590,0.28228,0.27899,0.27998,0.00436,-0.00288,0.00304,0.00239,0.00206,-55.92582,1436.00000
0.32142,0.31386,0.31616,0.32011,0.31747,0.28327,0.28360,0.28458,0.28294,0.28327,-0.00189,-0.00123,0.00272,-0.00123,0.00041,-55.92582,1437.00000
0.31353,0.32241,0.31649,0.32043,0.32076,0.28327,0.28129,0.28327,0.29083,0.28491,0.00008,0.00272,-0.00025,-0.00156,-0.00419,-56.11232,1438.00000
0.32175,0.32043,0.32109,0.32438,0.31780,0.28261,0.28064,0.28393,0.27669,0.28656,0.00272,-0.00156,0.00041,0.00272,-0.00090,-56.11232,1439.00000
0.32076,0.32241,0.32471,0.32899,0.32800,0.28327,0.28393,0.28195,0.28064,0.28195,-0.00353,-0.00288,-0.00025,-0.00025,0.00403,-55.71730,1440.00000
0.32537,0.32241,0.33260,0.32471,0.32109,0.28425,0.28162,0.28129,0.27965,0.28360,0.00107,-0.00156,-0.00123,0.00008,0.00008,-55.71730,1441.00000
0.32899,0.32866,0.32833,0.33063,0.32833,0.28195,0.28294,0.28458,0.28195,0.28195,0.00074,-0.00025,-0.00288,-0.00189,-0.00255,-55.94214,1442.00000
0.33096,0.33227,0.32635,0.32471,0.32767,0.28327,0.28064,0.28425,0.28097,0.28097,-0.00123,0.00206,-0.00222,0.00436,-0.00057,-55.94214,1443.00000
0.32997,0.33129,0.32997,0.33326,0.32964,0.28360,0.28722,0.28162,0.28491,0.28162,-0.00057,0.00140,-0.00123,0.00008,-0.00057,-55.87635,1444.00000
0.32997,0.33293,0.33227,0.33589,0.33556,0.28097,0.28425,0.28031,0.28524,0.28425,-0.00090,0.00008,0.00239,-0.00090,0.00140,-55.87635,1445.00000
0.33063,0.33096,0.33918,0.33688,0.33589,0.28393,0.27998,0.28162,0.28162,0.28162,0.00304,-0.00090,0.00041,0.00666,0.00272,-55.99970,1446.00000
0.33063,0.34280,0.33392,0.33655,0.34115,0.28327,0.27965,0.28393,0.28524,0.28623,-0.00090,0.00272,0.00008,-0.00222,0.00403,-55.99970,1447.00000
0.33721,0.34083,0.34280,0.34346,0.34148,0.27965,0.28327,0.28393,0.28261,0.28425,-0.00321,-0.00156,-0.00025,-0.00057,-0.00321,-55.77573,1448.00000
0.34346,0.34609,0.34214,0.34576,0.34050,0.27932,0.28261,0.28261,0.28097,0.28261,-0.00156,0.00206,-0.00057,0.00074,-0.00222,-55.77573,1449.00000
0.34115,0.34477,0.34017,0.33754,0.34181,0.28458,0.27932,0.28129,0.28327,0.28524,0.00140,0.00008,0.00337,0.00370,0.00337,-55.63689,1450.00000
0.34477,0.34905,0.35201,0.34510,0.34839,0.28787,0.28458,0.28458,0.27735,0.28294,0.00107,0.00074,-0.00156,0.00239,0.00140,-55.63689,1451.00000
0.34740,0.34839,0.33951,0.35168,0.34872,0.28129,0.28162,0.28097,0.28524,0.28360,0.00008,-0.00156,0.00206,-0.00222,0.00272,-55.47958,1452.00000
0.35069,0.35102,0.34806,0.35365,0.35201,0.28656,0.28097,0.28425,0.28393,0.28261,0.00008,0.00239,0.00173,0.00107,-0.00255,-55.47958,1453.00000
0.35661,0.34642,0.35365,0.35628,0.34642,0.28228,0.28557,0.28162,0.28491,0.28261,-0.00090,0.00074,-0.00123,0.00304,0.00041,-55.58647,1454.00000
0.34872,0.34938,0.35398,0.35365,0.34773,0.28097,0.28820,0.28689,0.28195,0.28557,-0.00222,0.00107,-0.00189,-0.00222,-0.00353,-55.58647,1455.00000
0.35168,0.35990,0.35300,0.35102,0.34971,0.28557,0.28393,0.28327,0.28425,0.28557,-0.00123,0.00008,-0.00057,-0.00288,0.00107,-56.03298,1456.00000
0.35924,0.35135,0.35596,0.35036,0.35628,0.28228,0.28425,0.28097,0.28162,0.28590,0.00107,-0.00123,0.00041,0.00140,0.00239,-56.03298,1457.00000
0.36056,0.35431,0.35398,0.35826,0.35859,0.28294,0.28458,0.28195,0.28228,0.28129,0.00008,0.00041,-0.00057,0.00140,-0.00321,-55.66297,1458.00000
0.35859,0.35793,0.35892,0.35793,0.36023,0.28623,0.28722,0.28820,0.28129,0.28031,0.00074,0.00272,-0.00090,0.00041,0.00239,-55.66297,1459.00000
0.36352,0.35793,0.36253,0.35563,0.36122,0.28360,0.28327,0.28360,0.27998,0.28425,0.00370,0.00173,0.00140,0.00107,0.00173,-56.49604,1460.00000
0.36615,0.35892,0.36484,0.35694,0.36615,0.28360,0.28097,0.28722,0.27965,0.27866,0.00173,0.00173,0.00206,0.00008,-0.00222,-56.49604,1461.00000
0.35826,0.36812,0.36615,0.37043,0.36418,0.28327,0.28491,0.28853,0.28294,0.28228,0.00041,0.00436,-0.00156,0.00239,0.00140,-56.25095,1462.00000
0.37273,0.37010,0.36319,0.37076,0.37273,0.28129,0.28031,0.28491,0.28952,0.28228,0.00041,-0.00321,0.00041,0.00074,-0.00156,-56.25095,1463.00000
0.37108,0.37503,0.37207,0.37405,0.37372,0.28623,0.28524,0.28327,0.28590,0.28327,-0.00025,-0.00156,0.00041,0.00272,-0.00025,-56.02342,1464.00000
0.37405,0.36582,0.37569,0.37503,0.36977,0.28458,0.28195,0.28327,0.28458,0.28393,0.00206,0.00206,0.00074,-0.00025,-0.00123,-56.02342,1465.00000
0.37503,0.37437,0.37076,0.36977,0.37372,0.28458,0.28393,0.28228,0.28425,0.28458,0.00107,0.00041,-0.00057,0.00173,0.00206,-55.74120,1466.00000
0.37174,0.37503,0.37470,0.38194,0.37569,0.28689,0.28195,0.28064,0.28557,0.28393,-0.00025,-0.00057,-0.00057,0.00239,0.00074,-55.74120,1467.00000
0.37898,0.38358,0.38128,0.38556,0.38260,0.28195,0.28524,0.28689,0.28064,0.28360,-0.00057,-0.00386,0.00206,-0.00222,-0.00025,-56.00781,1468.00000
0.37437,0.37931,0.38523,0.37799,0.38358,0.28129,0.28491,0.28393,0.28787,0.27801,-0.00156,0.00008,-0.00057,0.00206,0.00008,-56.00781,1469.00000
0.38227,0.38654,0.38852,0.38358,0.38424,0.28491,0.28820,0.28360,0.28294,0.28722,0.00008,-0.00025,0.00370,0.00469,0.00173,-55.75293,1470.00000
0.38753,0.38654,0.37997,0.37997,0.38490,0.28425,0.28491,0.28425,0.28064,0.28097,-0.00090,-0.00025,-0.00255,-0.00057,0.00008,-55.75293,1471.00000
0.38720,0.38885,0.38128,0.39082,0.38720,0.28360,0.28261,0.28689,0.28491,0.28458,0.00206,-0.00025,-0.00025,-0.00090,-0.00518,-56.05029,1472.00000
0.38885,0.38983,0.38523,0.38950,0.38720,0.28820,0.28393,0.27866,0.28393,0.28557,0.00304,0.00041,0.00173,0.00206,-0.00189,-56.05029,1473.00000
0.38983,0.38720,0.38852,0.39148,0.38753,0.28393,0.28129,0.28261,0.28656,0.28393,0.00140,0.00337,-0.00123,0.00041,-0.00452,-54.95874,1474.00000
0.38885,0.38523,0.39115,0.39115,0.39082,0.28623,0.28787,0.28425,0.27998,0.28327,-0.00189,0.00008,0.00041,-0.00123,0.00041,-54.95874,1475.00000
0.39542,0.39049,0.39279,0.39509,0.38786,0.28294,0.28689,0.28261,0.28524,0.28458,-0.00419,0.00337,0.00173,0.00008,-0.00123,-55.65564,1476.00000
0.39444,0.40102,0.39477,0.39082,0.39509,0.28162,0.28524,0.28162,0.27932,0.28294,0.00107,-0.00386,0.00272,-0.00057,0.00272,-55.65564,1477.00000
0.39838,0.39411,0.40069,0.39542,0.38917,0.28557,0.28491,0.28590,0.28294,0.28064,-0.00255,0.00140,0.00370,0.00173,0.00304,-55.72577,1478.00000
0.39740,0.40102,0.40069,0.39707,0.39575,0.28195,0.28097,0.28689,0.28524,0.28689,0.00041,-0.00288,0.00272,0.00008,0.00239,-55.72577,1479.00000
0.40233,0.40332,0.40036,0.40759,0.40990,0.28195,0.28491,0.28360,0.28557,0.28327,0.00107,-0.00123,0.00436,-0.00255,0.00272,-55.92685,1480.00000
0.40036,0.39970,0.40167,0.39838,0.41022,0.28787,0.28294,0.27899,0.27998,0.28129,-0.00255,0.00140,0.00206,-0.00353,-0.00123,-55.92685,1481.00000
0.40529,0.40102,0.40562,0.40167,0.40825,0.28360,0.28590,0.28195,0.28097,0.28327,-0.00057,0.00206,-0.00518,0.00272,-0.00057,-55.73686,1482.00000
0.40036,0.40628,0.41384,0.40957,0.40365,0.28491,0.28458,0.28261,0.28261,0.28261,-0.00057,-0.00353,0.00041,0.00206,0.00239,-55.73686,1483.00000
0.41220,0.41516,0.41022,0.41286,0.41647,0.29050,0.28393,0.28623,0.28294,0.28162,0.00074,0.00041,-0.00123,0.00041,0.00239,-55.44411,1484.00000
0.41582,0.40990,0.41253,0.41614,0.41417,0.28689,0.28458,0.28689,0.28458,0.28458,0.00041,-0.00090,0.00008,0.00008,0.00370,-55.44411,1485.00000
0.41680,0.41614,0.41582,0.40990,0.41088,0.28393,0.27866,0.28722,0.28195,0.28425,-0.00025,0.00008,0.00041,-0.00090,0.00107,-56.29383,1486.00000
0.41286,0.41943,0.41812,0.41582,0.41220,0.28393,0.28261,0.28195,0.27735,0.28886,-0.00025,0.00173,-0.00057,-0.00156,-0.00452,-56.29383,1487.00000
0.42108,0.41746,0.41943,0.41910,0.41878,0.28360,0.28590,0.28754,0.28228,0.28524,-0.00222,0.00304,-0.00419,-0.00386,-0.00156,-55.98871,1488.00000
0.41022,0.41680,0.42108,0.42174,0.41812,0.27932,0.28327,0.28162,0.28754,0.28228,-0.00156,0.00074,-0.00123,-0.00057,0.00173,-55.98871,1489.00000
0.42371,0.42174,0.42206,0.41746,0.42174,0.28261,0.28458,0.28952,0.28590,0.29083,0.00140,0.00107,-0.00156,0.00107,0.00206,-55.58713,1490.00000
0.41976,0.41713,0.42305,0.42437,0.41417,0.28491,0.28722,0.27965,0.28360,0.28853,-0.00123,-0.00156,0.00239,-0.00025,-0.00123,-55.58713,1491.00000
0.42009,0.42864,0.41812,0.42601,0.42305,0.28228,0.28360,0.28031,0.27899,0.28393,0.00206,-0.00057,0.00370,0.00074,0.00008,-55.79161,1492.00000
0.43095,0.42700,0.42700,0.42141,0.42601,0.28458,0.28228,0.28524,0.28228,0.28031,0.00304,0.00272,-0.00156,-0.00222,0.00206,-55.79161,1493.00000
0.42831,0.43489,0.42667,0.44048,0.42798,0.27965,0.28064,0.28064,0.28360,0.28557,-0.00255,-0.00386,-0.00090,0.00206,-0.00025,-55.19805,1494.00000
0.43095,0.42470,0.43391,0.42766,0.42634,0.28294,0.28195,0.28097,0.27998,0.28853,0.00107,0.00206,0.00239,-0.00025,0.00074,-55.19805,1495.00000
0.43193,0.42963,0.42568,0.43489,0.43325,0.28458,0.27932,0.28623,0.28491,0.28162,0.00140,-0.00057,0.00239,0.00206,0.00304,-55.32119,1496.00000
0.43193,0.43062,0.43719,0.43391,0.42897,0.28228,0.28327,0.28097,0.28458,0.28129,-0.00189,0.00239,-0.00123,0.00206,-0.00090,-55.32119,1497.00000
0.43489,0.43917,0.44081,0.44443,0.43687,0.28524,0.28491,0.28425,0.28623,0.27801,0.00370,0.00140,0.00699,0.00403,0.00107,-55.23628,1498.00000
0.43358,0.43522,0.44180,0.43588,0.44311,0.28195,0.28162,0.28294,0.28261,0.28228,-0.00189,0.00074,-0.00255,0.00239,0.00008,-55.23628,1499.00000
0.44114,0.44311,0.44213,0.43950,0.44048,0.28952,0.28360,0.28458,0.28393,0.28458,0.00107,0.00140,0.00173,-0.00090,0.00074,-55.78220,1500.00000
0.44246,0.44476,0.44344,0.44279,0.44081,0.28360,0.28393,0.28491,0.28985,0.28491,-0.00123,0.00041,0.00239,0.00140,-0.00156,-55.78220,1501.00000
0.44607,0.45199,0.44213,0.44739,0.44903,0.28393,0.28064,0.28393,0.28458,0.28261,0.00008,0.00239,0.00173,-0.00189,-0.00189,-55.38378,1502.00000
0.44015,0.44838,0.44575,0.44213,0.44838,0.28557,0.28491,0.28360,0.28787,0.28228,-0.00123,0.00041,-0.00386,0.00173,0.00041,-55.38378,1503.00000
0.44903,0.44607,0.45002,0.44640,0.45101,0.28294,0.28064,0.28162,0.27965,0.27866,0.00074,-0.00386,-0.00156,0.00140,0.00272,-55.05029,1504.00000
0.45232,0.45134,0.45298,0.44739,0.45068,0.28425,0.28458,0.28754,0.28425,0.27998,0.00074,0.00008,0.00272,0.00008,-0.00057,-55.05029,1505.00000
0.44542,0.44673,0.44739,0.45397,0.44936,0.28327,0.28689,0.27932,0.28590,0.28360,-0.00255,-0.00288,0.00370,-0.00123,-0.00156,-55.03735,1506.00000
0.44969,0.45430,0.45693,0.45101,0.45298,0.28360,0.28360,0.27866,0.28360,0.28097,0.00041,0.00140,0.00436,0.00107,0.00074,-55.03735,1507.00000
0.45298,0.45035,0.44279,0.45463,0.45463,0.28261,0.28097,0.28097,0.28327,0.28458,0.00041,-0.00090,-0.00057,0.00107,-0.00090,-54.85510,1508.00000
0.45594,0.45693,0.45397,0.45430,0.45660,0.28425,0.27735,0.28524,0.28327,0.27965,-0.00090,0.00107,0.00074,-0.00156,0.00370,-54.85510,1509.00000
0.45890,0.45627,0.45857,0.45923,0.46712,0.28195,0.28129,0.28294,0.28393,0.28195,-0.00189,0.00337,-0.00288,0.00272,0.00140,-53.87286,1510.00000
0.45265,0.45726,0.46351,0.46515,0.45759,0.28360,0.27965,0.28524,0.28491,0.28294,0.00107,-0.00123,-0.00057,-0.00057,-0.00255,-53.87286,1511.00000
0.46811,0.46548,0.46745,0.46778,0.46219,0.28261,0.28261,0.28458,0.28064,0.28064,0.00206,-0.00057,0.00403,-0.00123,-0.00025,-51.96085,1512.00000
0.46449,0.46318,0.46515,0.46581,0.46186,0.28195,0.28195,0.28228,0.28722,0.28129,0.00370,0.00107,0.00370,0.00041,0.00173,-51.96085,1513.00000
0.46877,0.46548,0.46712,0.46712,0.46153,0.28393,0.28656,0.28458,0.28162,0.27932,0.00074,0.00666,-0.00090,-0.00123,0.00008,-52.45259,1514.00000
0.45989,0.46745,0.46252,0.46778,0.46252,0.28294,0.28031,0.28393,0.28228,0.28952,-0.00123,-0.00025,-0.00057,-0.00057,0.00239,-52.45259,1515.00000
0.46910,0.46943,0.46877,0.46745,0.46548,0.27932,0.27768,0.28689,0.28261,0.28031,-0.00090,-0.00189,0.00140,-0.00057,-0.00288,-52.71311,1516.00000
0.45989,0.47304,0.46844,0.46515,0.47370,0.28097,0.28623,0.28327,0.28129,0.28129,0.00502,-0.00057,-0.00090,0.00403,-0.00288,-52.71311,1517.00000
0.47173,0.46778,0.46943,0.47370,0.47732,0.28162,0.28195,0.28360,0.27866,0.28031,0.00206,0.00074,0.00239,0.00008,0.00140,-53.35363,1518.00000
0.47239,0.47140,0.47864,0.47206,0.48061,0.28064,0.28031,0.28458,0.27735,0.27965,-0.00057,0.00140,-0.00025,0.00206,0.00074,-53.35363,1519.00000
0.47633,0.47962,0.47140,0.47403,0.47896,0.27965,0.27833,0.28393,0.28294,0.27603,-0.00090,-0.00090,-0.00321,-0.00057,-0.00222,-54.76763,1520.00000
0.48192,0.47699,0.48094,0.47502,0.47732,0.28787,0.28261,0.28524,0.28952,0.28195,0.00140,0.00239,-0.00353,0.00272,0.00008,-54.76763,1521.00000
0.47929,0.47666,0.48390,0.47436,0.47403,0.28393,0.28590,0.28294,0.28031,0.28458,0.00074,0.00173,-0.00123,0.00041,0.00173,-55.80423,1522.00000
0.47666,0.48817,0.47995,0.47995,0.48554,0.28458,0.28491,0.28393,0.28195,0.28129,0.00403,0.00272,0.00239,0.00008,-0.00123,-55.80423,1523.00000
0.48620,0.48521,0.48653,0.48489,0.48225,0.28162,0.28491,0.28162,0.28360,0.28162,-0.00189,0.00239,0.00337,0.00140,0.00304,-55.82936,1524.00000
0.48489,0.48850,0.48390,0.48160,0.48258,0.28064,0.28656,0.28129,0.28228,0.28360,0.00272,0.00041,-0.00353,0.00008,0.00008,-55.82936,1525.00000
0.48949,0.48752,0.48456,0.48752,0.49377,0.28360,0.28228,0.28524,0.28524,0.28458,0.00370,0.00272,0.00074,-0.00123,0.00173,-55.56849,1526.00000
0.48587,0.49212,0.49146,0.49081,0.49113,0.28590,0.28327,0.28557,0.28294,0.28557,0.00008,0.00041,0.00173,0.00074,0.00041,-55.56849,1527.00000
0.49541,0.49113,0.48521,0.48850,0.48949,0.28129,0.28129,0.28064,0.28327,0.28360,0.00304,0.00008,-0.00189,-0.00123,0.00337,-56.03620,1528.00000
0.49673,0.49048,0.48949,0.49640,0.48916,0.27899,0.28590,0.28689,0.28195,0.28524,0.00074,-0.00255,-0.00255,-0.00321,0.00239,-56.03620,1529.00000
0.49442,0.49442,0.49673,0.49574,0.49640,0.28491,0.28360,0.28656,0.28360,0.28360,-0.00090,0.00074,0.00206,-0.00025,0.00337,-56.14798,1530.00000
0.49936,0.50067,0.50232,0.50100,0.49574,0.28294,0.27899,0.28787,0.28524,0.28754,0.00370,-0.00090,-0.00123,-0.00090,0.00469,-56.14798,1531.00000
0.49903,0.49705,0.50232,0.49771,0.49574,0.28294,0.28623,0.28393,0.28097,0.28689,-0.00025,0.00239,0.00074,0.00304,0.00041,-55.11501,1532.00000
0.50067,0.50100,0.49969,0.49936,0.49837,0.28195,0.28656,0.28360,0.28162,0.28524,0.00272,-0.00025,0.00239,-0.00321,-0.00156,-55.11501,1533.00000
0.50001,0.50034,0.50001,0.50396,0.49705,0.28425,0.27801,0.28129,0.28623,0.28524,0.00370,-0.00025,0.00008,0.00370,0.00272,-55.56776,1534.00000
0.50758,0.50593,0.49771,0.50330,0.50001,0.28656,0.28228,0.28524,0.29083,0.28820,0.00370,-0.00189,0.00008,0.00107,-0.00025,-55.56776,1535.00000
0.50626,0.50791,0.51054,0.50396,0.50396,0.28656,0.28754,0.28491,0.28491,0.28656,-0.00288,-0.00090,0.00173,0.00107,-0.00189,-56.03095,1536.00000
0.50725,0.50462,0.50922,0.50659,0.50297,0.28294,0.28031,0.28820,0.28425,0.28820,0.00173,0.00304,-0.00123,0.00206,0.00074,-56.03095,1537.00000
0.50988,0.50922,0.50889,0.50429,0.50824,0.28425,0.28458,0.27965,0.28064,0.28360,0.00074,0.00337,0.00107,-0.00057,0.00206,-55.67661,1538.00000
0.49969,0.50791,0.51087,0.51153,0.51087,0.27965,0.28623,0.28327,0.28393,0.28754,0.00272,0.00403,0.00140,-0.00025,0.00239,-55.67661,1539.00000
0.51087,0.51383,0.50396,0.51514,0.50593,0.28031,0.28393,0.28623,0.28623,0.28458,0.00107,-0.00255,0.00272,0.00041,0.00107,-55.59953,1540.00000
0.50692,0.50857,0.51251,0.51021,0.50593,0.28360,0.28787,0.28458,0.28458,0.28129,-0.00025,0.00239,0.00337,0.00140,0.00206,-55.59953,1541.00000
0.50692,0.51153,0.51218,0.51679,0.51745,0.28195,0.28064,0.28689,0.28162,0.28129,0.00206,0.00140,-0.00386,0.00272,0.00239,-55.52926,1542.00000
0.50758,0.51613,0.51383,0.51251,0.51185,0.28327,0.28425,0.28360,0.28557,0.28162,0.00436,0.00173,0.00107,0.00272,-0.00386,-55.52926,1543.00000
0.52271,0.51975,0.51646,0.51383,0.51350,0.28656,0.27899,0.28195,0.28524,0.27932,-0.00222,0.00304,-0.00057,0.00107,-0.00025,-56.32176,1544.00000
0.51778,0.51712,0.51580,0.51679,0.52337,0.28261,0.28689,0.28524,0.28656,0.28360,-0.00156,0.00074,0.00074,0.00239,0.00272,-56.32176,1545.00000
0.51778,0.52106,0.52172,0.51745,0.52666,0.28557,0.28393,0.28360,0.28656,0.28623,0.00370,-0.00353,-0.00222,0.00173,-0.00222,-55.98559,1546.00000
0.51712,0.52600,0.52764,0.51580,0.52139,0.28590,0.28031,0.28327,0.28557,0.28294,0.00403,0.00107,0.00074,-0.00090,0.00041,-55.98559,1547.00000
0.52172,0.52797,0.51843,0.52534,0.52205,0.28195,0.28327,0.28294,0.28425,0.28228,-0.00255,-0.00222,-0.00452,-0.00189,-0.00057,-55.97619,1548.00000
0.52172,0.51975,0.52304,0.52830,0.52731,0.27998,0.28228,0.28064,0.28360,0.28491,0.00041,0.00173,0.00272,-0.00386,0.00074,-55.97619,1549.00000
0.53027,0.51778,0.52600,0.52402,0.51810,0.28228,0.28425,0.28294,0.28393,0.28590,0.00140,0.00140,0.00370,0.00107,0.00206,-56.25470,1550.00000
0.52929,0.52830,0.52501,0.52271,0.52106,0.28590,0.28162,0.28754,0.28491,0.28689,-0.00255,-0.00156,0.00008,-0.00057,-0.00025,-56.25470,1551.00000
0.52764,0.53093,0.53225,0.52370,0.53027,0.28524,0.28425,0.28557,0.28557,0.28557,-0.00090,-0.00255,-0.00057,-0.00123,-0.00353,-56.54288,1552.00000
0.53422,0.52666,0.52896,0.53060,0.52994,0.27998,0.28360,0.28590,0.28722,0.28458,-0.00025,0.00206,0.00436,0.00568,0.00107,-56.54288,1553.00000
0.53290,0.53159,0.53126,0.53356,0.53455,0.28228,0.28557,0.28393,0.28557,0.28656,-0.00025,-0.00156,0.00337,-0.00057,-0.00123,-56.76509,1554.00000
0.53389,0.53126,0.53356,0.53652,0.52863,0.28360,0.28524,0.28360,0.28393,0.28491,0.00304,-0.00057,-0.00025,-0.00090,0.00008,-56.76509,1555.00000
0.53586,0.53915,0.53685,0.53389,0.53323,0.27899,0.28261,0.27965,0.28656,0.28261,-0.00025,-0.00156,-0.00123,-0.00090,0.00272,-56.50510,1556.00000
0.52863,0.53258,0.54244,0.53225,0.53784,0.28228,0.28656,0.28031,0.28261,0.28491,-0.00156,-0.00090,0.00206,0.00074,-0.00189,-56.50510,1557.00000
0.53488,0.53159,0.53488,0.53027,0.54113,0.28524,0.27833,0.28261,0.28228,0.28097,-0.00090,0.00008,-0.00123,-0.00321,0.00074,-56.68517,1558.00000
0.53455,0.53586,0.52994,0.53060,0.53488,0.28162,0.28590,0.28064,0.28162,0.28162,0.00370,-0.00123,-0.00288,-0.00057,-0.00025,-56.68517,1559.00000
0.53882,0.53455,0.54146,0.53455,0.53356,0.27932,0.28261,0.28458,0.28195,0.28162,0.00272,0.00041,0.00206,-0.00090,0.00140,-55.98419,1560.00000
0.54047,0.54047,0.53882,0.53652,0.53948,0.27998,0.27866,0.28129,0.28162,0.28590,0.00304,-0.00025,0.00074,0.00173,0.00074,-55.98419,1561.00000
0.54738,0.54179,0.54310,0.53784,0.53521,0.28294,0.28590,0.28491,0.28261,0.28327,0.00272,0.00272,0.00272,-0.00156,0.00206,-56.25869,1562.00000
0.53619,0.53915,0.53882,0.54310,0.54442,0.28689,0.27965,0.28491,0.28656,0.28162,0.00107,0.00140,0.00239,0.00502,0.00041,-56.25869,1563.00000
0.54014,0.54179,0.54869,0.54771,0.55001,0.28425,0.28524,0.27899,0.28064,0.27833,0.00107,-0.00222,0.00337,0.00074,0.00173,-55.83198,1564.00000
0.54606,0.54606,0.53850,0.54409,0.54014,0.27702,0.28228,0.27932,0.28162,0.28097,0.00008,0.00337,0.00107,0.00173,-0.00057,-55.83198,1565.00000
0.54573,0.54606,0.54968,0.54902,0.54705,0.28524,0.28491,0.27702,0.28557,0.28064,0.00008,-0.00386,0.00272,0.00239,0.00173,-56.33152,1566.00000
0.54639,0.54672,0.54836,0.54869,0.55001,0.28360,0.28031,0.28623,0.27866,0.28228,-0.00123,0.00206,0.00469,0.00239,0.00008,-56.33152,1567.00000
0.54705,0.55132,0.54606,0.54902,0.54705,0.28393,0.28261,0.28064,0.28228,0.28228,-0.00057,0.00041,-0.00386,0.00337,0.00370,-55.79271,1568.00000
0.55626,0.54902,0.54705,0.55001,0.54606,0.28557,0.28360,0.27998,0.28360,0.28162,0.00173,-0.00485,0.00140,0.00107,-0.00123,-55.79271,1569.00000
0.55132,0.54277,0.54639,0.55231,0.54836,0.27965,0.28064,0.28491,0.28360,0.28261,-0.00156,-0.00156,-0.00057,0.00107,0.00008,-55.69665,1570.00000
0.55231,0.54705,0.54836,0.55165,0.55560,0.28162,0.27965,0.28064,0.27899,0.28458,-0.00189,-0.00025,0.00370,-0.00090,0.00337,-55.69665,1571.00000
0.55099,0.55198,0.54409,0.55034,0.54343,0.28524,0.27866,0.28458,0.28623,0.28129,0.00206,0.00008,0.00173,0.00008,0.00074,-55.47528,1572.00000
0.55560,0.55132,0.55428,0.55132,0.56316,0.28031,0.28162,0.28656,0.28162,0.28491,0.00436,-0.00123,-0.00090,0.00107,0.00272,-55.47528,1573.00000
0.55297,0.55889,0.55395,0.55691,0.56020,0.28031,0.28195,0.28261,0.28425,0.28393,0.00008,0.00173,-0.00057,0.00140,0.00074,-55.89194,1574.00000
0.55790,0.55297,0.55494,0.55067,0.56415,0.28064,0.27833,0.28097,0.27932,0.27768,0.00206,0.00008,0.00107,-0.00123,0.00074,-55.89194,1575.00000
0.55757,0.55132,0.56020,0.55856,0.55001,0.28491,0.28524,0.28458,0.27669,0.27603,-0.00123,0.00304,0.00568,0.00206,0.00206,-55.91716,1576.00000
0.55724,0.55757,0.56711,0.55790,0.55790,0.28097,0.28261,0.28557,0.27833,0.28327,-0.00025,-0.00025,-0.00156,0.00337,0.00008,-55.91716,1577.00000
0.56119,0.55757,0.56053,0.55757,0.55823,0.28360,0.28393,0.28623,0.27932,0.28129,-0.00189,0.00239,-0.00123,0.00107,0.00107,-56.38387,1578.00000
0.56448,0.55987,0.55691,0.56086,0.56020,0.27636,0.28590,0.28261,0.28031,0.27965,0.00304,0.00239,0.00140,0.00008,-0.00025,-56.38387,1579.00000
0.56810,0.56612,0.56678,0.56283,0.55691,0.27932,0.27998,0.28097,0.28425,0.28195,0.00272,0.00107,0.00107,-0.00123,-0.00255,-55.84086,1580.00000
0.56316,0.56382,0.55691,0.56481,0.56645,0.28360,0.28162,0.27899,0.28162,0.28195,0.00140,-0.00057,0.00304,-0.00156,-0.00386,-55.84086,1581.00000
0.55955,0.56481,0.55856,0.56251,0.55823,0.28097,0.28524,0.28458,0.28458,0.27603,0.00041,0.00107,-0.00025,0.00239,0.00008,-55.76223,1582.00000
0.56514,0.56382,0.56645,0.56941,0.56514,0.28261,0.27833,0.28491,0.28327,0.28097,-0.00222,0.00041,-0.00189,0.00337,0.00074,-55.76223,1583.00000
0.57303,0.56415,0.57106,0.56810,0.57007,0.27998,0.28458,0.28261,0.28064,0.28491,0.00272,0.00173,-0.00090,-0.00090,-0.00189,-55.94996,1584.00000
0.57073,0.57073,0.57073,0.56645,0.56875,0.28097,0.28031,0.28393,0.27735,0.28261,-0.00123,-0.00288,0.00206,-0.00025,0.00074,-55.94996,1585.00000
0.56941,0.57172,0.57369,0.56810,0.57468,0.28129,0.28064,0.28129,0.28031,0.27899,-0.00090,0.00107,0.00206,-0.00321,-0.00057,-56.57117,1586.00000
0.57204,0.57106,0.57435,0.57500,0.57632,0.28360,0.28294,0.28294,0.28294,0.28491,0.00272,0.00140,-0.00057,-0.00452,0.00140,-56.57117,1587.00000
0.57961,0.57303,0.57764,0.56810,0.57698,0.28458,0.28294,0.27965,0.28228,0.28787,-0.00090,-0.00189,0.00140,0.00041,-0.00025,-56.18842,1588.00000
0.57237,0.57731,0.57336,0.57994,0.57204,0.28097,0.28064,0.27735,0.28195,0.28064,0.00140,-0.00057,0.00272,0.00107,-0.00057,-56.18842,1589.00000
0.57829,0.57073,0.57665,0.57994,0.57599,0.28425,0.28425,0.28064,0.28787,0.28195,0.00008,0.00107,-0.00189,0.00140,0.00107,-55.92624,1590.00000
0.56711,0.57961,0.57698,0.57139,0.57796,0.28590,0.28327,0.28162,0.28689,0.28623,0.00403,0.00008,0.00008,0.00041,0.00304,-55.92624,1591.00000
0.57632,0.57533,0.57632,0.58060,0.57764,0.27965,0.27965,0.28360,0.28491,0.27833,0.00304,0.00140,0.00074,0.00140,-0.00222,-55.68773,1592.00000
0.58619,0.58290,0.58191,0.57237,0.57796,0.28425,0.28327,0.28425,0.28491,0.28195,0.00041,-0.00090,-0.00123,0.00074,0.00469,-55.68773,1593.00000
0.57435,0.58125,0.57961,0.57303,0.57862,0.28195,0.27932,0.28327,0.27932,0.27998,0.00206,0.00272,-0.00090,-0.00222,-0.00288,-55.98595,1594.00000
0.57862,0.57402,0.57402,0.58520,0.57764,0.28195,0.28656,0.27899,0.28327,0.27998,-0.00123,-0.00123,0.00074,0.00041,0.00337,-55.98595,1595.00000
0.57796,0.57961,0.57369,0.58290,0.58158,0.28261,0.28097,0.28327,0.27669,0.28360,0.00041,0.00173,-0.00057,-0.00156,-0.00057,-56.20587,1596.00000
0.58323,0.57665,0.58027,0.57796,0.58027,0.28195,0.28097,0.28195,0.28129,0.28097,0.00074,0.00239,0.00107,0.00008,0.00206,-56.20587,1597.00000
0.58290,0.58125,0.58487,0.58356,0.58224,0.27932,0.27866,0.28064,0.28097,0.28195,-0.00090,-0.00090,-0.00090,-0.00057,0.00337,-56.35977,1598.00000
0.58421,0.58520,0.58717,0.58323,0.58882,0.28360,0.27932,0.28261,0.28228,0.27866,0.00272,-0.00123,0.00206,-0.00419,-0.00057,-56.35977,1599.00000
0.58882,0.58750,0.58487,0.58388,0.58323,0.28524,0.28425,0.28261,0.27932,0.28261,0.00206,0.00337,0.00403,0.00041,-0.00156,-56.82735,1600.00000
0.58487,0.59145,0.58980,0.58783,0.58421,0.28064,0.27965,0.28097,0.28327,0.28393,-0.00156,-0.00025,0.00272,0.00206,-0.00617,-56.82735,1601.00000
0.58750,0.58586,0.58487,0.57961,0.58849,0.27932,0.28294,0.28195,0.28261,0.28228,0.00206,0.00140,-0.00090,0.00173,0.00502,-56.29697,1602.00000
0.58783,0.58619,0.58652,0.58487,0.58684,0.28820,0.28195,0.28261,0.27768,0.28491,-0.00189,-0.00222,-0.00189,0.00074,0.00206,-56.29697,1603.00000
0.59013,0.58684,0.58619,0.58586,0.58684,0.28064,0.27768,0.27998,0.27998,0.27735,0.00008,0.00370,-0.00156,0.00337,-0.00288,-56.08794,1604.00000
0.58257,0.58553,0.58684,0.59079,0.58224,0.27603,0.28097,0.28064,0.27866,0.28097,-0.00057,0.00008,0.00074,-0.00156,-0.00156,-56.08794,1605.00000
0.58684,0.59079,0.58849,0.59869,0.58915,0.28064,0.28425,0.28097,0.28261,0.28787,-0.00288,0.00403,-0.00090,-0.00025,-0.00057,-55.81008,1606.00000
0.58388,0.59013,0.59869,0.59178,0.59244,0.28064,0.28327,0.28195,0.27998,0.28327,-0.00156,-0.00025,-0.00123,0.00502,0.00206,-55.81008,1607.00000
0.59408,0.58783,0.59112,0.59178,0.58882,0.27998,0.28195,0.27899,0.28064,0.27965,0.00173,0.00337,0.00337,-0.00025,-0.00123,-56.27662,1608.00000
0.59112,0.58684,0.59211,0.59441,0.59869,0.28162,0.28360,0.28261,0.27965,0.28425,-0.00057,0.00206,-0.00090,0.00107,0.00140,-56.27662,1609.00000
0.59967,0.59441,0.59276,0.59901,0.59145,0.28031,0.27932,0.28294,0.28228,0.28228,-0.00353,-0.00123,-0.00025,0.00008,-0.00025,-55.83362,1610.00000
0.59276,0.59934,0.59540,0.59540,0.59342,0.27669,0.28393,0.28228,0.28097,0.27998,0.00107,-0.00025,-0.00222,-0.00090,0.00403,-55.83362,1611.00000
0.59079,0.60230,0.59737,0.60132,0.59770,0.28097,0.28458,0.28393,0.28491,0.28557,0.00173,-0.00222,-0.00057,0.00173,-0.00025,-56.15656,1612.00000
0.59737,0.59737,0.59408,0.60296,0.59540,0.27768,0.28425,0.28097,0.27998,0.27899,0.00107,0.00074,-0.00419,-0.00025,0.00239,-56.15656,1613.00000
0.59572,0.59836,0.59474,0.59671,0.60165,0.28458,0.27965,0.28129,0.28129,0.28064,-0.00025,-0.00123,0.00041,-0.00025,-0.00189,-55.76871,1614.00000
0.60132,0.59934,0.60362,0.60066,0.59375,0.28327,0.27899,0.28458,0.28261,0.28129,0.00206,0.00272,0.00041,0.00173,0.00535,-55.76871,1615.00000
0.60033,0.60296,0.59474,0.60033,0.60395,0.28031,0.28393,0.28886,0.28129,0.28261,0.00074,0.00008,0.00337,-0.00025,-0.00156,-55.53816,1616.00000
0.59737,0.60362,0.60132,0.60625,0.59803,0.28393,0.27932,0.27998,0.27998,0.27998,-0.00288,0.00173,0.00008,-0.00222,0.00041,-55.53816,1617.00000
0.60033,0.60855,0.60362,0.60165,0.60691,0.28031,0.28031,0.28195,0.28228,0.28097,0.00107,0.00173,-0.00057,0.00173,0.00436,-55.54496,1618.00000
0.60296,0.60757,0.59934,0.60165,0.60888,0.28360,0.28623,0.28294,0.28393,0.28261,0.00370,0.00041,-0.00057,-0.00255,-0.00386,-55.54496,1619.00000
0.60099,0.60691,0.60428,0.60395,0.60362,0.28261,0.27998,0.28294,0.27998,0.28425,0.00239,0.00074,-0.00090,0.00107,0.00239,-55.71437,1620.00000
0.60526,0.60625,0.60230,0.61151,0.60230,0.28261,0.27866,0.27998,0.28097,0.28393,0.00272,-0.00288,0.00239,-0.00189,-0.00123,-55.71437,1621.00000
0.60329,0.60493,0.60493,0.60362,0.61151,0.27603,0.27965,0.28162,0.28590,0.28195,0.00337,0.00469,0.00074,-0.00057,-0.00090,-56.10426,1622.00000
0.60888,0.60230,0.60493,0.60165,0.60230,0.27965,0.28097,0.28327,0.28228,0.28524,0.00337,0.00173,-0.00090,-0.00025,-0.00222,-56.10426,1623.00000
0.60954,0.60230,0.59967,0.60757,0.60625,0.28064,0.28129,0.27965,0.28129,0.28524,0.00272,0.00074,-0.00090,0.00074,0.00107,-56.07459,1624.00000
0.60428,0.61447,0.60954,0.60625,0.60691,0.28031,0.27998,0.28228,0.28129,0.27866,0.00107,-0.00189,0.00107,-0.00222,0.00272,-56.07459,1625.00000
0.60987,0.60165,0.61085,0.60987,0.60592,0.28458,0.27998,0.27932,0.28228,0.28327,-0.00057,0.00206,-0.00057,0.00140,-0.00090,-56.17938,1626.00000
0.60789,0.61151,0.61184,0.60987,0.61184,0.28129,0.28031,0.28261,0.27932,0.27801,0.00107,-0.00189,-0.00156,0.00304,0.00041,-56.17938,1627.00000
0.61250,0.61118,0.60493,0.61316,0.61316,0.27702,0.27866,0.28261,0.28228,0.28425,-0.00025,0.00041,-0.00189,0.00337,-0.00255,-56.61508,1628.00000
0.60987,0.61283,0.61250,0.61250,0.60362,0.28261,0.28162,0.28064,0.28689,0.28228,-0.00419,0.00074,0.00370,0.00008,0.00304,-56.61508,1629.00000
0.60822,0.61513,0.60921,0.61184,0.61053,0.28524,0.27998,0.28129,0.28327,0.27998,0.00041,0.00173,-0.00123,-0.00025,-0.00156,-56.74748,1630.00000
0.61612,0.60888,0.61085,0.61447,0.61480,0.28097,0.27866,0.28458,0.28623,0.28327,-0.00814,0.00107,-0.00321,-0.00189,0.00140,-56.74748,1631.00000
0.60987,0.61677,0.61743,0.61447,0.61250,0.28393,0.28097,0.28097,0.28425,0.28129,-0.00090,0.00140,-0.00255,0.00107,-0.00255,-56.55001,1632.00000
0.61283,0.61875,0.60921,0.61381,0.61020,0.27833,0.28294,0.28097,0.27669,0.28294,-0.00321,0.00107,0.00239,-0.00057,0.00173,-56.55001,1633.00000
0.60822,0.61184,0.61349,0.61447,0.61480,0.28064,0.28360,0.28689,0.28360,0.28327,-0.00485,-0.00090,0.00107,-0.00123,0.00041,-56.65391,1634.00000
0.61085,0.61217,0.60592,0.61349,0.61776,0.27899,0.28327,0.28162,0.28031,0.28129,-0.00090,-0.00189,0.00206,0.00074,0.00041,-56.65391,1635.00000
0.61316,0.61250,0.62039,0.61776,0.61349,0.28393,0.28360,0.28097,0.28491,0.28327,0.00370,-0.00255,0.00206,0.00140,-0.00090,-56.35430,1636.00000
0.61776,0.61908,0.61677,0.61546,0.60987,0.27998,0.28689,0.28261,0.28162,0.27965,0.00403,0.00272,-0.00353,-0.00090,-0.00090,-56.35430,1637.00000
0.61809,0.61908,0.62072,0.62368,0.61645,0.27866,0.28524,0.27998,0.28327,0.27932,0.00041,0.00140,0.00272,0.00173,-0.00353,-56.10440,1638.00000
0.62204,0.61381,0.62368,0.61381,0.61480,0.28393,0.28162,0.27965,0.28524,0.28458,0.00140,-0.00156,-0.00189,-0.00386,-0.00025,-56.10440,1639.00000
0.62237,0.62237,0.61973,0.61842,0.61973,0.28327,0.28294,0.28261,0.28162,0.28162,0.00304,0.00304,0.00370,-0.00090,0.00436,-55.88423,1640.00000
0.61842,0.61645,0.62467,0.61809,0.61480,0.28129,0.28294,0.28031,0.28064,0.28064,0.00272,0.00206,0.00173,0.00008,0.00337,-55.88423,1641.00000
0.61677,0.62039,0.62105,0.61776,0.62039,0.28360,0.28261,0.28425,0.28064,0.28294,-0.00123,0.00140,-0.00090,0.00107,-0.00123,-55.79856,1642.00000
0.62664,0.61480,0.62335,0.62302,0.61743,0.27866,0.28491,0.27965,0.28064,0.27998,0.00272,0.00107,0.00304,0.00008,-0.00156,-55.79856,1643.00000
0.62302,0.62368,0.62368,0.61842,0.62269,0.28360,0.27603,0.28195,0.27932,0.28393,0.00074,0.00041,0.00008,-0.00123,0.00140,-55.66783,1644.00000
0.61875,0.62302,0.62796,0.62927,0.61645,0.28327,0.27768,0.28162,0.27932,0.28228,0.00074,-0.00156,0.00140,-0.00123,-0.00025,-55.66783,1645.00000
0.61875,0.62105,0.62105,0.62862,0.62138,0.27636,0.28097,0.28031,0.28393,0.28064,-0.00189,0.00436,-0.00025,0.00304,0.00140,-55.89300,1646.00000
0.62796,0.62237,0.62039,0.62434,0.62335,0.27866,0.28031,0.28491,0.28623,0.28557,-0.00321,-0.00090,-0.00057,-0.00222,-0.00025,-55.89300,1647.00000
0.61743,0.62533,0.62533,0.62401,0.61973,0.28129,0.28064,0.28195,0.27932,0.27965,0.00041,0.00173,0.00140,0.00798,0.00074,-55.92257,1648.00000
0.62467,0.62171,0.62566,0.62401,0.62631,0.28360,0.28524,0.27998,0.27965,0.27768,-0.00057,0.00173,0.00074,0.00107,0.00008,-55.92257,1649.00000
0.62697,0.61908,0.62434,0.62237,0.62467,0.28162,0.28491,0.28129,0.28129,0.28524,0.00206,-0.00255,-0.00123,-0.00222,0.00008,-56.38414,1650.00000
0.62467,0.62467,0.62105,0.62894,0.62138,0.28195,0.27998,0.28261,0.28294,0.27965,-0.00156,-0.00025,0.00074,0.00008,0.00140,-56.38414,1651.00000
0.62862,0.63026,0.62730,0.62269,0.62829,0.27899,0.27998,0.28261,0.27899,0.28360,0.00008,0.00008,0.00074,0.00041,0.00041,-55.83855,1652.00000
0.63059,0.62467,0.62598,0.63026,0.62796,0.28294,0.27965,0.28360,0.27768,0.28228,0.00107,0.00008,0.00074,0.00074,0.00239,-55.83855,1653.00000
0.62401,0.62862,0.62631,0.62796,0.63190,0.28327,0.28294,0.28195,0.28064,0.28425,-0.00156,-0.00288,0.00008,0.00107,0.00107,-56.37875,1654.00000
0.63026,0.63223,0.63092,0.62631,0.63059,0.28129,0.28064,0.28360,0.27965,0.27768,-0.00025,0.00239,-0.00222,0.00206,0.00370,-56.37875,1655.00000
0.63717,0.62862,0.63322,0.62960,0.63388,0.28425,0.28557,0.28425,0.28425,0.28129,-0.00057,-0.00090,0.00173,-0.00288,0.00173,-56.49992,1656.00000
0.62697,0.63256,0.63322,0.63881,0.63717,0.28129,0.28228,0.28195,0.28261,0.28228,0.00074,-0.00288,0.00568,0.00173,0.00173,-56.49992,1657.00000
0.63552,0.63750,0.63355,0.63815,0.62598,0.28425,0.28393,0.28360,0.28261,0.28458,0.00041,-0.00057,0.00272,0.00370,0.00173,-56.04537,1658.00000
0.63519,0.63552,0.63092,0.63125,0.63651,0.28458,0.28064,0.28524,0.27965,0.28656,-0.00156,0.00074,0.00074,0.00008,-0.00025,-56.04537,1659.00000
0.64046,0.63454,0.63848,0.63190,0.63158,0.28458,0.28722,0.28590,0.28458,0.28360,-0.00255,-0.00222,-0.00025,0.00304,-0.00057,-56.05979,1660.00000
0.63388,0.63914,0.63454,0.63717,0.63256,0.28064,0.28294,0.28425,0.28162,0.27965,0.00041,0.00041,-0.00057,-0.00189,0.00041,-56.05979,1661.00000
0.63552,0.63651,0.63750,0.63289,0.64046,0.27899,0.28261,0.28425,0.28195,0.28689,0.00107,0.00041,0.00173,-0.00321,-0.00123,-56.13537,1662.00000
0.63486,0.63848,0.64144,0.63519,0.63223,0.28787,0.28327,0.28754,0.28327,0.28327,0.00107,0.00074,-0.00386,0.00140,-0.00090,-56.13537,1663.00000
0.63322,0.63519,0.64342,0.63651,0.64473,0.28491,0.28064,0.28557,0.28360,0.28360,-0.00419,-0.00057,-0.00090,0.00436,0.00239,-55.67266,1664.00000
0.63519,0.63454,0.64013,0.63585,0.63322,0.28195,0.28261,0.28195,0.28754,0.28623,0.00206,-0.00057,0.00008,0.00239,0.00140,-55.67266,1665.00000
0.63355,0.63914,0.63618,0.63947,0.64276,0.28327,0.28458,0.28195,0.28623,0.28689,-0.00123,0.00041,0.00074,-0.00090,0.00403,-56.32510,1666.00000
0.64473,0.63881,0.62862,0.64473,0.63125,0.28360,0.28228,0.28360,0.28064,0.27998,0.00304,-0.00123,-0.00321,-0.00057,-0.00057,-56.32510,1667.00000
0.63750,0.64046,0.64210,0.64243,0.63421,0.28393,0.28097,0.28393,0.28360,0.28524,-0.00123,0.00008,-0.00189,0.00107,0.00206,-55.90669,1668.00000
0.63881,0.64243,0.63355,0.63454,0.63848,0.28393,0.28195,0.28425,0.27899,0.28228,-0.00057,-0.00123,0.00173,-0.00255,0.00206,-55.90669,1669.00000
0.63881,0.63651,0.63388,0.64177,0.63519,0.28360,0.28294,0.28425,0.28327,0.28031,0.00173,0.00272,0.00074,0.00074,-0.00353,-56.73508,1670.00000
0.63848,0.63454,0.64638,0.63717,0.64473,0.27866,0.28557,0.28294,0.28393,0.28458,-0.00090,0.00337,-0.00321,-0.00090,0.00041,-56.73508,1671.00000
0.63980,0.64144,0.63815,0.63914,0.64901,0.28294,0.28393,0.28393,0.28162,0.28557,0.00008,0.00008,-0.00189,0.00304,-0.00255,-56.39000,1672.00000
0.64046,0.64506,0.63684,0.63552,0.63684,0.27866,0.28853,0.28162,0.28491,0.28031,-0.00649,-0.00090,0.00436,-0.00222,0.00107,-56.39000,1673.00000
0.63848,0.64309,0.64177,0.64046,0.63881,0.27998,0.28261,0.28294,0.28129,0.28162,0.00206,0.00370,0.00370,-0.00222,0.00272,-55.79998,1674.00000
0.64342,0.64473,0.64605,0.63848,0.64144,0.28458,0.28294,0.28393,0.27998,0.28524,0.00074,0.00173,-0.00057,-0.00156,0.00107,-55.79998,1675.00000
0.64342,0.64309,0.63782,0.64901,0.64342,0.28590,0.28031,0.27899,0.28623,0.28393,0.00502,-0.00090,-0.00321,-0.00156,0.00041,-55.48788,1676.00000
0.64473,0.64144,0.64835,0.64638,0.64046,0.28623,0.28327,0.28064,0.28327,0.28294,0.00173,0.00469,-0.00025,0.00074,0.00074,-55.48788,1677.00000
0.64177,0.64802,0.64013,0.64046,0.64276,0.28327,0.28129,0.28393,0.28458,0.28458,0.00074,0.00008,0.00041,-0.00189,-0.00123,-55.65166,1678.00000
0.64144,0.65197,0.64144,0.64802,0.64440,0.28590,0.28327,0.28393,0.27965,0.28689,0.00074,-0.00057,-0.00156,0.00239,0.00140,-55.65166,1679.00000
0.64276,0.64276,0.65131,0.64210,0.64670,0.28393,0.28458,0.28228,0.28261,0.28425,-0.00288,0.00304,0.00107,0.00008,-0.00222,-55.00845,1680.00000
0.64177,0.64769,0.64670,0.65065,0.64078,0.28557,0.27899,0.28162,0.27965,0.28294,0.00074,0.00140,-0.00321,-0.00025,-0.00222,-55.00845,1681.00000
0.64802,0.63717,0.64934,0.65230,0.64243,0.28590,0.28261,0.28097,0.28393,0.28228,-0.00090,0.00272,-0.00025,-0.00025,-0.00156,-55.94172,1682.00000
0.64769,0.64309,0.64276,0.64046,0.64046,0.28393,0.28129,0.28162,0.28458,0.27932,0.00272,-0.00222,-0.00057,-0.00452,0.00140,-55.94172,1683.00000
0.64539,0.64703,0.64440,0.64473,0.64144,0.28097,0.27899,0.28129,0.28557,0.27833,-0.00189,-0.00025,-0.00419,-0.00025,0.00074,-55.66617,1684.00000
0.64999,0.64342,0.65032,0.64473,0.64868,0.28162,0.28393,0.28031,0.28458,0.28393,0.00173,-0.00386,0.00008,0.00436,0.00173,-55.66617,1685.00000
0.64835,0.64736,0.64966,0.65065,0.64670,0.27965,0.28491,0.27932,0.28360,0.28129,-0.00057,-0.00189,0.00469,0.00041,0.00173,-56.70760,1686.00000
0.65131,0.64703,0.64901,0.64605,0.64473,0.28129,0.28228,0.28787,0.27735,0.28162,-0.00090,0.00272,0.00008,0.00469,-0.00123,-56.70760,1687.00000
0.65328,0.65164,0.65197,0.65723,0.65164,0.27965,0.28162,0.28360,0.28294,0.28195,-0.00321,-0.00156,-0.00123,0.00107,0.00337,-56.31767,1688.00000
0.65295,0.65427,0.64999,0.64473,0.65164,0.28031,0.28458,0.28327,0.27801,0.28327,0.00041,0.00469,-0.00025,0.00008,-0.00189,-56.31767,1689.00000
0.65131,0.64868,0.64572,0.64605,0.65394,0.28425,0.27899,0.28754,0.28195,0.27899,-0.00090,0.00107,-0.00057,-0.00222,-0.00057,-55.89077,1690.00000
0.64934,0.64934,0.65526,0.64046,0.65262,0.28360,0.27932,0.27932,0.28097,0.27998,0.00107,-0.00156,0.00239,-0.00353,0.00041,-55.89077,1691.00000
0.65164,0.64934,0.64966,0.65723,0.65230,0.28129,0.27932,0.27866,0.28097,0.28425,0.00206,-0.00156,-0.00057,0.00206,0.00140,-55.59187,1692.00000
0.64670,0.64901,0.65361,0.64934,0.64934,0.28129,0.27801,0.28491,0.28458,0.28129,0.00008,0.00008,0.00304,0.00008,0.00008,-55.59187,1693.00000
0.64966,0.64440,0.64374,0.65493,0.65427,0.28656,0.28458,0.27932,0.28228,0.28064,0.00502,0.00206,0.00041,0.00206,-0.00156,-56.60209,1694.00000
0.65427,0.64966,0.65262,0.64868,0.64999,0.28097,0.28129,0.28360,0.27998,0.28097,0.00337,-0.00156,-0.00123,-0.00321,0.00107,-56.60209,1695.00000
0.65197,0.64506,0.64638,0.65065,0.65197,0.28360,0.28919,0.28162,0.28162,0.28261,0.00140,-0.00090,0.00140,0.00107,-0.00090,-56.81179,1696.00000
0.64835,0.64966,0.65295,0.64868,0.64605,0.28195,0.27801,0.28031,0.27636,0.28261,0.00107,0.00337,0.00272,0.00337,0.00206,-56.81179,1697.00000
0.64506,0.65197,0.64638,0.64999,0.64473,0.28228,0.27899,0.28327,0.28031,0.27801,0.00107,0.00272,0.00403,0.00041,-0.00025,-56.64564,1698.00000
0.65361,0.65164,0.65328,0.65197,0.64966,0.28097,0.27899,0.27965,0.28195,0.27932,0.00074,-0.00386,0.00008,-0.00156,0.00370,-56.64564,1699.00000
0.64835,0.65328,0.65493,0.64835,0.65657,0.28195,0.28425,0.28129,0.28294,0.28129,0.00008,0.00140,-0.00156,-0.00255,-0.00123,-56.19391,1700.00000
0.65493,0.65427,0.64835,0.65328,0.64638,0.28261,0.28261,0.28162,0.27932,0.28129,-0.00057,0.00140,0.00206,-0.00057,-0.00156,-56.19391,1701.00000
0.65032,0.65427,0.65526,0.64802,0.65460,0.28129,0.27899,0.27932,0.28458,0.28393,0.00008,-0.00156,-0.00025,-0.00222,-0.00123,-56.46121,1702.00000
0.65328,0.66183,0.64506,0.65262,0.65230,0.28129,0.27998,0.27833,0.28491,0.28590,-0.00090,0.00140,0.00074,0.00107,-0.00057,-56.46121,1703.00000
0.65361,0.65230,0.65559,0.65591,0.65723,0.28261,0.28754,0.28393,0.27801,0.27866,-0.00156,-0.00156,-0.00189,0.00041,0.00239,-55.87953,1704.00000
0.65822,0.66019,0.65164,0.65361,0.66216,0.28491,0.28754,0.28031,0.28360,0.28754,0.00074,-0.00025,-0.00123,-0.00057,-0.00090,-55.87953,1705.00000
0.65197,0.65559,0.65230,0.65723,0.65855,0.28425,0.28787,0.28195,0.27866,0.28097,0.00272,-0.00123,0.00370,0.00041,-0.00090,-55.34943,1706.00000
0.65328,0.65295,0.65559,0.65690,0.65230,0.28129,0.28458,0.28294,0.28590,0.28820,0.00206,0.00436,0.00272,0.00074,0.00140,-55.34943,1707.00000
0.65624,0.65920,0.64901,0.65723,0.66216,0.28524,0.27932,0.28656,0.28327,0.28919,0.00239,-0.00222,0.00008,0.00041,0.00074,-55.66056,1708.00000
0.65295,0.66085,0.65361,0.65690,0.65723,0.27932,0.28853,0.28360,0.28425,0.28129,0.00403,-0.00057,0.00041,0.00370,0.00107,-55.66056,1709.00000
0.65855,0.65789,0.64934,0.65427,0.65361,0.28393,0.27866,0.28261,0.27801,0.28195,-0.00025,-0.00025,-0.00386,-0.00090,0.00074,-55.67696,1710.00000
0.65164,0.66052,0.66578,0.65559,0.66052,0.28162,0.28327,0.28261,0.27998,0.28097,-0.00255,0.00206,0.00403,-0.00189,0.00107,-55.67696,1711.00000
0.65690,0.65756,0.65624,0.65657,0.66282,0.28393,0.27669,0.28327,0.28162,0.28162,0.00337,0.00370,0.00107,0.00041,0.00140,-56.53233,1712.00000
0.66052,0.65953,0.65624,0.66578,0.65789,0.27735,0.27833,0.28261,0.28261,0.28425,-0.00123,-0.00090,0.00041,0.00469,0.00107,-56.53233,1713.00000
0.65230,0.66249,0.65460,0.65756,0.65723,0.27801,0.28228,0.28195,0.27965,0.28261,0.00304,-0.00025,-0.00255,-0.00386,0.00140,-56.40337,1714.00000
0.65986,0.65624,0.65657,0.65986,0.65559,0.28162,0.27932,0.28327,0.27965,0.28393,0.00206,0.00074,-0.00123,-0.00189,0.00206,-56.40337,1715.00000
0.65920,0.65723,0.65460,0.65591,0.65789,0.27833,0.28294,0.28294,0.28656,0.27899,-0.00222,-0.00255,0.00008,0.00239,-0.00156,-56.57815,1716.00000
0.66019,0.65526,0.66085,0.65624,0.66118,0.28031,0.28590,0.28228,0.28327,0.28261,0.00140,0.00041,0.00436,0.00107,0.00140,-56.57815,1717.00000
0.66183,0.65953,0.65953,0.66019,0.65822,0.28360,0.28195,0.27899,0.28458,0.28031,0.00140,-0.00090,0.00107,0.00008,0.00008,-56.47755,1718.00000
0.66052,0.65986,0.66216,0.65361,0.65789,0.28261,0.28327,0.28162,0.28425,0.28294,-0.00189,0.00041,0.00074,-0.00057,0.00206,-56.47755,1719.00000
0.66315,0.66381,0.65822,0.65887,0.66118,0.28228,0.28228,0.28261,0.28294,0.27866,0.00008,0.00272,0.00140,-0.00025,-0.00025,-55.78028,1720.00000
0.66085,0.66249,0.65986,0.66085,0.65657,0.28294,0.28327,0.28393,0.28524,0.27768,-0.00288,-0.00288,0.00173,-0.00288,0.00272,-55.78028,1721.00000
0.65756,0.66381,0.66118,0.66414,0.65855,0.27899,0.28031,0.28491,0.28228,0.28195,0.00502,-0.00057,0.00403,-0.00057,0.00633,-56.04200,1722.00000
0.65953,0.66282,0.66249,0.65690,0.66414,0.28327,0.28097,0.28261,0.27899,0.28491,-0.00090,-0.00123,-0.00255,0.00272,0.00272,-56.04200,1723.00000
0.66118,0.65822,0.66183,0.65394,0.66052,0.28787,0.28228,0.28491,0.28031,0.28327,-0.00222,0.00436,-0.00057,0.00173,0.00041,-55.65039,1724.00000
0.65822,0.66151,0.66118,0.66414,0.65887,0.27899,0.27899,0.27801,0.28294,0.27998,0.00041,-0.00057,-0.00090,-0.00025,0.00140,-55.65039,1725.00000
0.65789,0.66479,0.66447,0.65756,0.66249,0.28919,0.28491,0.27998,0.28195,0.28228,-0.00288,0.00107,0.00074,0.00304,-0.00156,-56.36279,1726.00000
0.66216,0.65855,0.66348,0.65953,0.66085,0.27998,0.27833,0.28393,0.28097,0.28294,0.00074,0.00173,0.00074,0.00469,-0.00025,-56.36279,1727.00000
0.66019,0.66808,0.65822,0.66052,0.66479,0.28425,0.28031,0.28689,0.28228,0.27735,0.00206,0.00272,-0.00353,-0.00222,-0.00123,-55.92065,1728.00000
0.66216,0.66151,0.66973,0.66151,0.66348,0.28294,0.28623,0.28228,0.28294,0.28228,0.00008,0.00041,0.00502,0.00370,-0.00123,-55.92065,1729.00000
0.66085,0.65690,0.66052,0.66512,0.66249,0.27801,0.28195,0.28129,0.27833,0.27801,0.00041,0.00008,-0.00255,0.00337,0.00403,-55.65076,1730.00000
0.65789,0.66216,0.65657,0.66052,0.65920,0.28458,0.28393,0.28064,0.28129,0.27833,0.00206,0.00041,0.00173,-0.00189,-0.00156,-55.65076,1731.00000
0.66512,0.66249,0.66677,0.65920,0.65657,0.28294,0.28162,0.28393,0.28393,0.28491,-0.00222,-0.00057,-0.00123,0.00008,0.00008,-55.38886,1732.00000
0.65986,0.66414,0.65690,0.66611,0.66414,0.27899,0.28294,0.28393,0.28129,0.28031,-0.00156,-0.00452,0.00107,-0.00123,-0.00255,-55.38886,1733.00000
0.66151,0.65855,0.66940,0.66151,0.65920,0.28228,0.28195,0.28360,0.28524,0.28129,-0.00057,-0.00057,0.00140,0.00041,0.00304,-55.41904,1734.00000
0.66249,0.66151,0.65526,0.66315,0.65986,0.28031,0.28097,0.27669,0.27965,0.28425,0.00074,0.00502,0.00140,-0.00025,0.00107,-55.41904,1735.00000
0.66216,0.66348,0.66019,0.65427,0.66216,0.28590,0.28327,0.27899,0.28129,0.27833,0.00008,-0.00419,-0.00025,-0.00189,-0.00321,-55.20219,1736.00000
0.66479,0.65657,0.66743,0.66973,0.66644,0.28689,0.28491,0.28162,0.28228,0.28097,-0.00123,-0.00123,-0.00090,0.00107,-0.00057,-55.20219,1737.00000
0.66118,0.66381,0.66249,0.66019,0.66118,0.28261,0.27866,0.28261,0.28228,0.27866,0.00107,-0.00156,-0.00288,-0.00156,-0.00222,-55.83108,1738.00000
0.66414,0.66545,0.66447,0.66611,0.66644,0.28064,0.27702,0.27932,0.28689,0.28689,0.00206,-0.00090,0.00173,-0.00419,0.00337,-55.83108,1739.00000
0.67006,0.66381,0.66512,0.66052,0.66479,0.28689,0.28458,0.28360,0.28195,0.28031,0.00337,0.00041,-0.00419,0.00206,-0.00057,-55.45216,1740.00000
0.66808,0.66907,0.66052,0.66611,0.66644,0.28228,0.27965,0.28097,0.28031,0.27735,-0.00025,0.00272,0.00041,0.00074,0.00140,-55.45216,1741.00000
0.66841,0.66479,0.66282,0.67006,0.66118,0.28129,0.28261,0.28031,0.27833,0.28031,-0.00321,-0.00090,0.00107,-0.00222,-0.00123,-56.50538,1742.00000
0.66183,0.66479,0.66183,0.66545,0.66907,0.28064,0.28261,0.27768,0.28195,0.28393,-0.00321,-0.00189,-0.00255,-0.00123,-0.00222,-56.50538,1743.00000
0.66743,0.66808,0.66710,0.66414,0.66578,0.28360,0.28393,0.28097,0.28162,0.28162,0.00107,-0.00222,0.00041,0.00107,-0.00156,-55.60620,1744.00000
0.66611,0.66710,0.65920,0.66479,0.66479,0.27768,0.27965,0.27472,0.28064,0.28097,-0.00189,0.00041,-0.00156,-0.00189,0.00206,-55.60620,1745.00000
0.66545,0.66249,0.67104,0.67499,0.66381,0.27768,0.28393,0.27965,0.27866,0.28162,-0.00255,0.00206,0.00173,0.00403,-0.00057,-55.76697,1746.00000
0.66414,0.66808,0.66381,0.67532,0.66644,0.28360,0.28195,0.28557,0.28195,0.28097,0.00008,-0.00123,-0.00156,-0.00156,-0.00156,-55.76697,1747.00000
0.66710,0.66907,0.66249,0.66282,0.66841,0.28327,0.28327,0.28557,0.28097,0.27899,0.00173,0.00008,-0.00057,-0.00025,0.00008,-55.80585,1748.00000
0.66578,0.65756,0.67565,0.66183,0.66381,0.27965,0.27899,0.28261,0.28261,0.27899,0.00008,-0.00189,0.00206,-0.00025,0.00304,-55.80585,1749.00000
0.66183,0.66381,0.66348,0.66611,0.66973,0.28064,0.28524,0.28458,0.28360,0.27899,-0.00057,0.00206,0.00173,0.00403,0.00107,-55.38828,1750.00000
0.66743,0.66841,0.67039,0.66677,0.66940,0.28261,0.28689,0.28195,0.28097,0.28327,-0.00156,0.00272,-0.00025,0.00206,-0.00025,-55.38828,1751.00000
0.66775,0.66808,0.65986,0.67039,0.67104,0.28129,0.28097,0.28129,0.28097,0.27998,-0.00123,-0.00222,-0.00025,0.00041,0.00140,-54.99394,1752.00000
0.66907,0.66118,0.67302,0.67006,0.66907,0.28393,0.27702,0.28425,0.28228,0.28261,-0.00025,0.00008,-0.00057,0.00074,0.00074,-54.99394,1753.00000
0.67006,0.66578,0.66644,0.66940,0.67302,0.28129,0.27801,0.28261,0.28129,0.27735,-0.00025,0.00008,-0.00222,0.00206,0.00041,-56.42275,1754.00000
0.67071,0.66479,0.66545,0.67006,0.66644,0.28261,0.28294,0.28294,0.28294,0.27570,0.00272,-0.00057,-0.00156,-0.00321,0.00206,-56.42275,1755.00000
0.66479,0.67367,0.66710,0.66414,0.66479,0.28393,0.27998,0.27702,0.27998,0.28064,0.00008,0.00173,-0.00156,-0.00189,-0.00025,-56.85884,1756.00000
0.67302,0.66808,0.66808,0.66907,0.66644,0.28195,0.28064,0.27899,0.28360,0.27899,0.00272,-0.00255,0.00008,-0.00485,0.00107,-56.85884,1757.00000
0.66775,0.67006,0.66677,0.66447,0.65855,0.28327,0.28425,0.27899,0.28393,0.27899,0.00140,-0.00090,-0.00057,0.00436,-0.00123,-56.80344,1758.00000
0.66151,0.66545,0.67433,0.66644,0.66841,0.28425,0.27702,0.28360,0.28425,0.29018,-0.00057,0.00107,0.00008,0.00041,-0.00090,-56.80344,1759.00000
0.67071,0.67203,0.66644,0.66743,0.66512,0.28162,0.28393,0.28031,0.28228,0.28129,-0.00057,0.00272,0.00074,-0.00090,0.00173,-56.12877,1760.00000
0.66414,0.66710,0.66414,0.67269,0.66874,0.27472,0.28294,0.28393,0.27932,0.27899,0.00074,-0.00057,-0.00222,0.00206,0.00140,-56.12877,1761.00000
0.66644,0.66743,0.66479,0.67269,0.66479,0.28162,0.27866,0.28097,0.27866,0.27702,0.00173,0.00107,0.00041,-0.00321,0.00239,-56.25775,1762.00000
0.66710,0.66841,0.66414,0.66085,0.67203,0.28064,0.27735,0.27998,0.28425,0.28064,-0.00123,0.00140,0.00074,-0.00025,-0.00025,-56.25775,1763.00000
0.66677,0.67170,0.66578,0.66348,0.66282,0.28162,0.28261,0.28097,0.27833,0.28261,-0.00189,0.00436,0.00272,0.00008,0.00107,-56.79342,1764.00000
0.66052,0.67137,0.66183,0.66578,0.66940,0.27669,0.27801,0.28195,0.27833,0.28097,0.00140,0.00370,-0.00057,0.00074,0.00074,-56.79342,1765.00000
0.66019,0.67335,0.66710,0.66973,0.66414,0.27866,0.28557,0.28031,0.27669,0.27866,-0.00156,-0.00156,0.00239,0.00140,0.00074,-56.61449,1766.00000
0.66677,0.66644,0.66874,0.67400,0.67071,0.28393,0.28064,0.27998,0.27965,0.28261,-0.00090,0.00304,-0.00452,0.00008,0.00469,-56.61449,1767.00000
0.66775,0.67302,0.66907,0.67203,0.66677,0.28228,0.28129,0.28195,0.27965,0.28129,0.00074,0.00008,-0.00255,0.00436,-0.00057,-55.89757,1768.00000
0.67071,0.66447,0.66841,0.67335,0.66710,0.28294,0.27866,0.28787,0.28261,0.28327,0.00173,-0.00288,-0.00222,0.00074,0.00403,-55.89757,1769.00000
0.66743,0.67565,0.67006,0.66775,0.66381,0.28097,0.27735,0.28327,0.28129,0.27899,0.00074,-0.00288,0.00173,0.00107,-0.00156,-55.02887,1770.00000
0.66940,0.67302,0.67400,0.67499,0.66940,0.28162,0.28557,0.28097,0.28228,0.28590,0.00008,0.00074,0.00206,-0.00156,0.00765,-55.02887,1771.00000
0.66315,0.67269,0.67203,0.67565,0.67006,0.28097,0.27899,0.28162,0.28228,0.28031,-0.00057,0.00107,-0.00189,0.00074,0.00206,-53.30545,1772.00000
0.67104,0.66940,0.67466,0.66907,0.67071,0.28097,0.28162,0.27636,0.27899,0.27998,-0.00090,0.00008,-0.00090,0.00206,-0.00255,-53.30545,1773.00000
0.67104,0.67696,0.67039,0.67137,0.67170,0.28031,0.28064,0.28162,0.27932,0.27998,-0.00057,0.00239,-0.00156,-0.00189,-0.00057,-53.60097,1774.00000
0.67006,0.67006,0.67466,0.67236,0.66808,0.28327,0.27636,0.28064,0.27866,0.28228,-0.00057,-0.00090,0.00206,0.00239,-0.00090,-53.60097,1775.00000
0.67367,0.67400,0.66907,0.66907,0.66841,0.28458,0.28129,0.27833,0.28393,0.28458,-0.00353,-0.00222,0.00074,-0.00123,-0.00156,-53.75849,1776.00000
0.67400,0.67367,0.66644,0.66578,0.67104,0.28294,0.28458,0.28129,0.27702,0.28097,0.00074,0.00008,0.00107,0.00074,0.00206,-53.75849,1777.00000
0.67104,0.67335,0.66940,0.67598,0.66841,0.27801,0.28557,0.27768,0.28425,0.27768,0.00206,0.00074,0.00206,0.00502,0.00107,-54.91635,1778.00000
0.67598,0.67466,0.66907,0.66808,0.66677,0.28097,0.28097,0.27768,0.28129,0.27505,0.00239,0.00239,0.00206,0.00074,-0.00123,-54.91635,1779.00000
0.67367,0.67071,0.67039,0.66282,0.66973,0.27801,0.28261,0.28097,0.27932,0.27768,-0.00189,-0.00025,0.00041,-0.00057,-0.00057,-54.98747,1780.00000
0.66677,0.67762,0.67466,0.67499,0.67269,0.28524,0.28393,0.28129,0.28294,0.28689,-0.00057,-0.00288,0.00337,-0.00090,0.00107,-54.98747,1781.00000
0.67039,0.66578,0.66578,0.66940,0.66743,0.27636,0.28195,0.28228,0.28162,0.27932,-0.00123,0.00436,0.00107,-0.00025,0.00304,-55.23544,1782.00000
0.67137,0.66940,0.66743,0.66907,0.67466,0.28031,0.28195,0.27801,0.27801,0.27768,0.00074,0.00107,-0.00255,-0.00025,-0.00156,-55.23544,1783.00000
0.67762,0.66479,0.66578,0.66775,0.67367,0.28097,0.28294,0.28195,0.28097,0.28261,-0.00189,0.00107,-0.00025,-0.00090,-0.00156,-55.35942,1784.00000
0.67006,0.66743,0.66841,0.66644,0.66808,0.28195,0.27998,0.27833,0.27899,0.28097,0.00272,-0.00025,-0.00255,0.00304,-0.00288,-55.35942,1785.00000
0.66414,0.67039,0.67959,0.66775,0.67433,0.27833,0.27998,0.28031,0.28327,0.27669,-0.00090,-0.00255,0.00008,0.00008,0.00337,-55.90969,1786.00000
0.67631,0.67071,0.66677,0.67367,0.66808,0.28228,0.28491,0.28129,0.28458,0.28261,0.00239,0.00666,-0.00123,0.00370,0.00107,-55.90969,1787.00000
0.66479,0.67367,0.66940,0.67466,0.67335,0.27866,0.28031,0.27998,0.27801,0.28327,0.00272,-0.00222,0.00041,0.00337,-0.00255,-55.92604,1788.00000
0.67071,0.66578,0.67565,0.67532,0.66578,0.28294,0.28031,0.28031,0.27998,0.28458,0.00272,0.00074,-0.00057,-0.00123,0.00304,-55.92604,1789.00000
0.66611,0.66841,0.67104,0.67203,0.67269,0.27406,0.28590,0.27998,0.28031,0.28064,-0.00288,0.00074,0.00206,-0.00551,0.00535,-55.42640,1790.00000
0.67466,0.67203,0.66414,0.67203,0.66710,0.28294,0.28064,0.28031,0.27472,0.27932,-0.00255,0.00008,-0.00419,0.00173,-0.00255,-55.42640,1791.00000
0.67367,0.67532,0.66973,0.66479,0.66808,0.28129,0.27833,0.27932,0.27702,0.28524,0.00107,-0.00090,-0.00057,0.00239,0.00403,-55.74298,1792.00000
0.67663,0.67170,0.67071,0.67400,0.67631,0.28261,0.27899,0.27932,0.28097,0.27801,-0.00222,-0.00222,0.00074,-0.00156,-0.00189,-55.74298,1793.00000
0.67565,0.66677,0.67071,0.67104,0.67203,0.28458,0.28031,0.27998,0.28162,0.27932,0.00173,0.00041,0.00206,0.00041,-0.00156,-55.61319,1794.00000
0.67104,0.66677,0.66841,0.67137,0.67071,0.28064,0.28360,0.28031,0.27998,0.28162,-0.00057,-0.00485,0.00074,0.00173,-0.00025,-55.61319,1795.00000
0.67170,0.67104,0.66743,0.67532,0.67236,0.27735,0.28294,0.27669,0.28524,0.27833,0.00140,-0.00156,-0.00222,0.00272,-0.00321,-56.09029,1796.00000
0.66644,0.67400,0.67302,0.67236,0.67565,0.28360,0.28228,0.28425,0.28064,0.27998,-0.00156,-0.00156,-0.00025,0.00140,-0.00551,-56.09029,1797.00000
0.66677,0.67598,0.67302,0.67598,0.67302,0.27636,0.28097,0.28129,0.27932,0.27965,-0.00189,0.00140,-0.00025,-0.00156,0.00041,-56.38255,1798.00000
0.67302,0.67203,0.67367,0.66644,0.67170,0.28228,0.28327,0.28097,0.28294,0.28294,-0.00025,0.00008,-0.00189,-0.00156,0.00272,-56.38255,1799.00000
0.66841,0.67532,0.67104,0.67302,0.67729,0.28162,0.28097,0.28458,0.28327,0.27439,0.00173,0.00272,-0.00057,0.00272,0.00272,-55.81334,1800.00000
0.66775,0.67137,0.67367,0.67762,0.67367,0.28031,0.28327,0.27801,0.27603,0.28064,0.00107,-0.00025,-0.00057,0.00008,0.00140,-55.81334,1801.00000
0.67236,0.67565,0.67400,0.67729,0.66973,0.28261,0.28195,0.27899,0.28393,0.27735,0.00074,-0.00189,-0.00090,0.00206,0.00140,-55.22112,1802.00000
0.67532,0.66808,0.67203,0.67959,0.67039,0.27899,0.27702,0.28393,0.27965,0.28294,0.00107,0.00206,0.00370,-0.00222,0.00041,-55.22112,1803.00000
0.67039,0.67335,0.66775,0.67762,0.67795,0.27537,0.28097,0.28425,0.27932,0.27899,0.00173,-0.00288,0.00469,0.00272,0.00140,-56.15060,1804.00000
0.67762,0.67861,0.67828,0.67400,0.67302,0.27965,0.27866,0.28162,0.28064,0.28097,0.00206,0.00304,0.00173,0.00403,0.00337,-56.15060,1805.00000
0.67006,0.67236,0.67466,0.67335,0.67433,0.27833,0.27965,0.28524,0.28031,0.28162,0.00239,0.00140,-0.00123,0.00041,0.00107,-55.82188,1806.00000
0.67104,0.67565,0.67696,0.67400,0.67663,0.28491,0.27636,0.28195,0.28228,0.28425,0.00140,0.00272,0.00041,0.00074,-0.00386,-55.82188,1807.00000
0.67631,0.67631,0.67302,0.67894,0.67828,0.28656,0.28129,0.28327,0.28360,0.28294,0.00074,-0.00090,0.00074,0.00107,-0.00123,-55.49883,1808.00000
0.67861,0.67466,0.67367,0.67367,0.67795,0.28787,0.28360,0.28327,0.27932,0.28327,0.00008,-0.00090,-0.00156,-0.00090,0.00436,-55.49883,1809.00000
0.67269,0.68091,0.67400,0.67302,0.67269,0.28064,0.28524,0.28754,0.27932,0.27899,0.00008,0.00107,0.00140,-0.00057,0.00107,-55.84512,1810.00000
0.67631,0.67828,0.67433,0.67236,0.67499,0.28031,0.28327,0.27998,0.28162,0.28031,-0.00057,0.00173,-0.00090,-0.00222,0.00008,-55.84512,1811.00000
0.67762,0.67663,0.67565,0.67137,0.67894,0.28031,0.27866,0.27899,0.28360,0.28458,0.00239,-0.00518,-0.00025,0.00173,-0.00123,-56.02803,1812.00000
0.67104,0.67959,0.67466,0.67400,0.67927,0.27965,0.28064,0.28097,0.28294,0.28524,0.00272,-0.00189,-0.00090,0.00337,-0.00090,-56.02803,1813.00000
0.67302,0.67269,0.67861,0.67729,0.67236,0.27899,0.27537,0.28195,0.28195,0.28129,0.00173,-0.00025,0.00074,0.00239,0.00206,-55.62632,1814.00000
0.67499,0.67433,0.67696,0.67335,0.67466,0.27768,0.28228,0.28261,0.27932,0.28393,0.00074,0.00173,0.00107,-0.00025,-0.00057,-55.62632,1815.00000
0.68124,0.67170,0.67696,0.66973,0.67631,0.27998,0.28294,0.28261,0.27833,0.27866,0.00173,-0.00090,-0.00057,0.00206,-0.00353,-55.46697,1816.00000
0.67631,0.67795,0.67269,0.67367,0.67663,0.27866,0.27801,0.27472,0.27768,0.28129,0.00304,0.00304,0.00206,-0.00057,0.00173,-55.46697,1817.00000
0.67631,0.67927,0.67762,0.67367,0.66710,0.28360,0.28425,0.27932,0.27833,0.27998,-0.00123,0.00107,0.00370,-0.00123,0.00140,-55.92440,1818.00000
0.67433,0.68124,0.67696,0.67795,0.67137,0.27965,0.28261,0.28097,0.27965,0.28064,0.00140,-0.00090,0.00107,-0.00156,-0.00353,-55.92440,1819.00000
0.67795,0.67400,0.67762,0.67762,0.67696,0.28360,0.28228,0.28491,0.27965,0.28162,0.00107,0.00304,0.00304,0.00107,0.00107,-56.56083,1820.00000
0.67269,0.67433,0.67499,0.67631,0.67631,0.27965,0.28261,0.28097,0.28097,0.27899,0.00140,-0.00321,-0.00156,-0.00518,-0.00189,-56.56083,1821.00000
0.66973,0.68387,0.67992,0.67532,0.67861,0.28162,0.27965,0.27669,0.27998,0.27932,-0.00025,0.00140,-0.00025,0.00074,-0.00123,-55.62417,1822.00000
0.68091,0.67269,0.68519,0.67795,0.67433,0.28097,0.28360,0.28031,0.28031,0.28228,0.00041,0.00272,-0.00156,0.00206,0.00173,-55.62417,1823.00000
0.67729,0.67663,0.67861,0.67532,0.68091,0.28327,0.27866,0.28656,0.28228,0.28097,-0.00057,0.00107,0.00107,0.00403,0.00074,-55.78083,1824.00000
0.68354,0.67795,0.67433,0.67236,0.68058,0.28228,0.28425,0.28360,0.28195,0.28228,0.00140,-0.00156,-0.00255,0.00272,0.00041,-55.78083,1825.00000
0.67992,0.67795,0.67992,0.67203,0.67729,0.28228,0.28327,0.27998,0.28623,0.27833,0.00239,0.00403,0.00173,-0.00090,0.00140,-55.38553,1826.00000
0.67631,0.67631,0.67302,0.68124,0.67532,0.27866,0.28261,0.28162,0.27801,0.28129,0.00272,0.00173,0.00107,0.00403,0.00107,-55.38553,1827.00000
0.67367,0.68025,0.67729,0.68223,0.67927,0.27735,0.28327,0.28261,0.28393,0.28393,0.00140,-0.00123,0.00008,0.00304,-0.00025,-56.00087,1828.00000
0.67367,0.67729,0.67729,0.68091,0.67335,0.28294,0.27899,0.28261,0.27932,0.27932,-0.00222,-0.00255,-0.00090,0.00008,0.00074,-56.00087,1829.00000
0.67696,0.67762,0.68223,0.67729,0.67696,0.28557,0.27932,0.28623,0.28064,0.27833,-0.00057,0.00239,-0.00057,-0.00386,-0.00321,-55.85444,1830.00000
0.67499,0.68256,0.67729,0.67795,0.67927,0.28623,0.28064,0.27735,0.28360,0.27965,0.00173,0.00041,-0.00090,0.00337,0.00272,-55.85444,1831.00000
0.68058,0.67433,0.67532,0.68321,0.67762,0.28689,0.28097,0.28294,0.28129,0.28228,0.00173,-0.00288,0.00239,-0.00156,0.00107,-55.99363,1832.00000
0.67828,0.68256,0.67663,0.67828,0.67795,0.27998,0.28064,0.28097,0.27669,0.27472,-0.00025,0.00140,0.00272,0.00206,0.00041,-55.99363,1833.00000
0.68124,0.68321,0.67565,0.68025,0.67663,0.28097,0.28097,0.28129,0.27735,0.28228,0.00074,0.00304,0.00469,0.00173,0.00272,-56.45873,1834.00000
0.67532,0.68420,0.68124,0.68288,0.67696,0.28097,0.27998,0.28195,0.27932,0.28129,-0.00057,0.00140,0.00304,0.00173,0.00140,-56.45873,1835.00000
0.67927,0.67795,0.67992,0.68288,0.67565,0.28261,0.28425,0.27899,0.27768,0.28327,0.00008,0.00304,0.00173,-0.00288,-0.00057,-56.44225,1836.00000
0.68025,0.68223,0.67861,0.67795,0.67696,0.28294,0.28064,0.28590,0.28064,0.27768,0.00272,-0.00156,-0.00025,-0.00090,-0.00222,-56.44225,1837.00000
0.68256,0.67762,0.67927,0.68157,0.68025,0.28491,0.27866,0.28228,0.28425,0.27768,-0.00222,-0.00025,0.00074,-0.00288,-0.00025,-56.22650,1838.00000
0.68091,0.67532,0.67828,0.67894,0.67729,0.28129,0.28162,0.27833,0.27899,0.27998,0.00370,-0.00255,-0.00025,-0.00386,-0.00025,-56.22650,1839.00000
0.67795,0.67795,0.67663,0.67532,0.67795,0.28129,0.28097,0.27702,0.28195,0.28162,0.00107,0.00272,0.00074,-0.00222,0.00041,-55.93796,1840.00000
0.67400,0.68321,0.67762,0.67663,0.68058,0.27965,0.28097,0.27899,0.28425,0.28425,0.00041,-0.00156,-0.00288,-0.00057,0.00239,-55.93796,1841.00000
0.68223,0.67894,0.68519,0.68124,0.67762,0.28261,0.27932,0.27636,0.27801,0.28195,0.00272,0.00041,-0.00288,0.00600,0.00074,-56.28929,1842.00000
0.67598,0.67927,0.67663,0.67927,0.67927,0.28261,0.28162,0.28064,0.28360,0.27965,0.00107,0.00140,0.00041,0.00074,-0.00090,-56.28929,1843.00000
0.67959,0.68321,0.67663,0.67959,0.68157,0.27932,0.27998,0.28097,0.28294,0.28228,0.00436,0.00008,0.00008,-0.00057,0.00337,-55.81799,1844.00000
0.68552,0.67367,0.67663,0.67861,0.68157,0.28228,0.27768,0.28458,0.28195,0.28228,0.00173,0.00008,0.00074,0.00272,0.00074,-55.81799,1845.00000
0.67894,0.68124,0.67927,0.67828,0.67828,0.28294,0.28294,0.28031,0.28097,0.28162,0.00107,0.00370,0.00140,0.00041,0.00008,-55.58722,1846.00000
0.67861,0.67598,0.67696,0.67499,0.68157,0.28195,0.28162,0.28097,0.27570,0.28294,-0.00123,-0.00090,0.00074,-0.00025,-0.00057,-55.58722,1847.00000
0.67466,0.67795,0.67696,0.67729,0.67729,0.28261,0.27669,0.28524,0.28754,0.27899,-0.00123,-0.00057,0.00074,0.00436,-0.00288,-55.75992,1848.00000
0.67762,0.67663,0.68190,0.67466,0.67663,0.28261,0.28261,0.28129,0.28097,0.28195,0.00206,0.00107,0.00074,-0.00255,-0.00156,-55.75992,1849.00000
0.67532,0.68157,0.67663,0.68091,0.67598,0.28261,0.27833,0.28294,0.28031,0.28228,-0.00189,-0.00255,-0.00057,0.00107,0.00140,-56.34187,1850.00000
0.67631,0.67696,0.67927,0.67335,0.68256,0.28129,0.28129,0.28064,0.28031,0.27866,-0.00057,-0.00189,-0.00288,-0.00025,0.00140,-56.34187,1851.00000
0.67433,0.67663,0.67828,0.68157,0.67400,0.28458,0.27998,0.28129,0.28261,0.27899,0.00304,-0.00057,0.00206,-0.00288,0.00008,-56.77201,1852.00000
0.68453,0.67959,0.68025,0.67466,0.67927,0.28458,0.28064,0.28097,0.28162,0.28129,0.00272,0.00206,0.00140,-0.00057,0.00041,-56.77201,1853.00000
0.68025,0.68091,0.67696,0.67466,0.67335,0.28590,0.28195,0.28031,0.27965,0.27998,-0.00057,0.00107,0.00041,0.00337,0.00140,-57.20681,1854.00000
0.67795,0.67663,0.67894,0.67762,0.67532,0.27735,0.28097,0.27603,0.27965,0.28360,0.00239,0.00107,-0.00123,0.00074,0.00008,-57.20681,1855.00000
0.67959,0.68091,0.67598,0.68453,0.68091,0.27768,0.28952,0.28162,0.27998,0.28360,-0.00222,0.00140,0.00206,0.00041,-0.00057,-56.95545,1856.00000
0.68223,0.68025,0.67696,0.67499,0.67795,0.28064,0.28097,0.28228,0.27768,0.28261,-0.00025,0.00502,-0.00057,0.00140,0.00107,-56.95545,1857.00000
0.67335,0.68157,0.67565,0.67302,0.68584,0.28261,0.27801,0.28458,0.28327,0.28327,0.00041,-0.00025,0.00206,0.00173,0.00206,-56.79072,1858.00000
0.67367,0.67696,0.67927,0.67927,0.67729,0.28195,0.28228,0.28754,0.28162,0.28097,0.00041,0.00008,-0.00189,0.00140,-0.00222,-56.79072,1859.00000
0.67631,0.67663,0.67269,0.67861,0.67663,0.28524,0.28425,0.28097,0.28425,0.28097,0.00206,0.00370,0.00370,0.00206,-0.00189,-56.50571,1860.00000
0.67762,0.67927,0.67499,0.67071,0.68058,0.27768,0.28162,0.28393,0.28097,0.28458,0.00304,-0.00123,0.00140,0.00206,-0.00222,-56.50571,1861.00000
0.68091,0.67663,0.67598,0.68256,0.67696,0.28360,0.28294,0.28360,0.27932,0.28261,-0.00123,0.00239,-0.00090,-0.00255,0.00008,-55.33293,1862.00000
0.67959,0.68157,0.67828,0.67729,0.67795,0.28491,0.28261,0.27833,0.28327,0.27932,0.00403,-0.00222,-0.00452,0.00140,-0.00321,-55.33293,1863.00000
0.67663,0.68190,0.67959,0.67959,0.67631,0.28393,0.27866,0.27833,0.27932,0.27998,0.00008,0.00074,-0.00288,-0.00123,-0.00321,-54.08736,1864.00000
0.67466,0.68025,0.68683,0.67631,0.68091,0.27768,0.28097,0.28557,0.27603,0.27899,0.00173,0.00337,0.00008,-0.00057,0.00140,-54.08736,1865.00000
0.67861,0.68223,0.68190,0.67696,0.67927,0.28064,0.28360,0.28064,0.27899,0.27965,0.00140,0.00304,0.00140,0.00272,0.00272,-52.10472,1866.00000
0.68190,0.67729,0.68584,0.68091,0.68420,0.28491,0.27998,0.28524,0.27801,0.27899,0.00337,0.00041,0.00107,0.00074,-0.00025,-52.10472,1867.00000
0.67959,0.68223,0.67762,0.68223,0.67762,0.28228,0.28097,0.28162,0.27899,0.28031,-0.00353,-0.00551,0.00206,0.00239,0.00041,-52.61242,1868.00000
0.67959,0.67959,0.68190,0.68190,0.68256,0.28228,0.27866,0.28360,0.28294,0.28129,0.00107,-0.00123,-0.00353,0.00074,-0.00156,-52.61242,1869.00000
0.68124,0.68223,0.68058,0.67631,0.67696,0.27768,0.27735,0.27899,0.28195,0.27833,0.00272,-0.00156,0.00272,-0.00025,-0.00321,-53.11773,1870.00000
0.67795,0.67532,0.67795,0.68157,0.67959,0.27866,0.27768,0.28195,0.28162,0.28031,0.00008,0.00107,-0.00288,0.00337,0.00173,-53.11773,1871.00000
0.67663,0.68124,0.68190,0.67927,0.67433,0.27998,0.28031,0.27801,0.28129,0.28097,-0.00189,0.00074,-0.00090,-0.00156,-0.00156,-55.03055,1872.00000
0.68058,0.68025,0.68157,0.67729,0.67992,0.27998,0.28393,0.28097,0.27801,0.28129,-0.00222,0.00469,0.00008,0.00041,0.00008,-55.03055,1873.00000
0.67532,0.68190,0.67631,0.67433,0.67631,0.28393,0.27932,0.27965,0.27833,0.28129,0.00436,-0.00123,-0.00090,-0.00189,0.00107,-54.85902,1874.00000
0.67466,0.67959,0.68025,0.68288,0.67729,0.27899,0.28261,0.28261,0.27505,0.27603,-0.00123,0.00008,-0.00057,0.00074,0.00008,-54.85902,1875.00000
0.67894,0.67466,0.67861,0.67236,0.67795,0.27537,0.27702,0.28064,0.27998,0.28031,0.00239,0.00140,0.00140,0.00370,-0.00025,-55.95002,1876.00000
0.67532,0.67631,0.67598,0.68058,0.67631,0.28261,0.27307,0.28097,0.28031,0.28064,0.00173,0.00173,0.00107,0.00239,-0.00057,-55.95002,1877.00000
0.67598,0.68190,0.67959,0.67795,0.68091,0.27998,0.27866,0.28162,0.27932,0.28195,0.00337,0.00074,-0.00353,-0.00057,-0.00189,-56.14884,1878.00000
0.67927,0.67433,0.67696,0.68256,0.68025,0.27537,0.27669,0.27866,0.28162,0.27998,-0.00189,0.00403,-0.00123,-0.00353,-0.00090,-56.14884,1879.00000
0.67400,0.68190,0.67532,0.68223,0.67302,0.28129,0.27866,0.27636,0.28557,0.27406,-0.00057,0.00272,0.00173,0.00370,0.00469,-56.20918,1880.00000
0.67861,0.68387,0.67992,0.67039,0.67598,0.27669,0.27998,0.27768,0.27866,0.27735,0.00239,0.00008,0.00074,0.00008,0.00008,-56.20918,1881.00000
0.67269,0.67992,0.68025,0.67992,0.68519,0.27998,0.28064,0.27801,0.28064,0.28064,0.00206,0.00041,-0.00025,0.00403,-0.00025,-55.37510,1882.00000
0.68058,0.67663,0.68091,0.67762,0.68387,0.28129,0.27932,0.28327,0.27932,0.28129,0.00337,0.00107,-0.00057,0.00304,0.00304,-55.37510,1883.00000
0.68025,0.68354,0.67598,0.68453,0.67992,0.27899,0.27899,0.27965,0.28261,0.27899,-0.00090,0.00304,-0.00189,0.00304,0.00239,-54.85796,1884.00000
0.67400,0.67927,0.67927,0.67894,0.67828,0.28360,0.28064,0.28689,0.27439,0.28129,0.00173,0.00074,0.00107,0.00206,0.00107,-54.85796,1885.00000
0.67433,0.67992,0.67959,0.68716,0.67696,0.27866,0.28162,0.28129,0.27899,0.28228,0.00107,0.00074,0.00633,0.00272,-0.00255,-55.39041,1886.00000
0.68124,0.67828,0.67696,0.67894,0.68782,0.28294,0.28129,0.28195,0.28294,0.27899,0.00272,0.00206,0.00074,0.00107,-0.00353,-55.39041,1887.00000
0.68058,0.67729,0.67466,0.67565,0.67762,0.27932,0.28228,0.28294,0.27899,0.28195,0.00403,0.00140,-0.00057,0.00173,0.00008,-56.23768,1888.00000
0.67532,0.67269,0.67335,0.67663,0.66907,0.28425,0.28064,0.27866,0.28064,0.28458,0.00107,-0.00156,-0.00123,0.00041,-0.00156,-56.23768,1889.00000
0.67762,0.67598,0.68288,0.67959,0.67762,0.28228,0.27801,0.28195,0.27965,0.28195,0.00370,-0.00123,-0.00057,-0.00189,-0.00025,-56.38788,1890.00000
0.67499,0.67499,0.67631,0.68091,0.67367,0.28031,0.28360,0.28327,0.27998,0.28393,-0.00057,0.00074,-0.00189,-0.00090,0.00239,-56.38788,1891.00000
0.67499,0.67663,0.67762,0.67466,0.67367,0.28097,0.27998,0.27866,0.28064,0.27899,0.00008,0.00173,0.00206,0.00074,-0.00156,-55.97226,1892.00000
0.67927,0.67466,0.67828,0.67598,0.68190,0.27998,0.28129,0.28458,0.27801,0.27899,-0.00025,0.00206,0.00337,-0.00321,-0.00057,-55.97226,1893.00000
0.67598,0.67894,0.67631,0.68124,0.67828,0.28425,0.28129,0.28031,0.27833,0.27932,0.00041,0.00008,0.00436,0.00173,-0.00156,-56.23808,1894.00000
0.67499,0.67729,0.67400,0.67663,0.67729,0.27833,0.27866,0.28195,0.27833,0.28031,0.00337,0.00140,0.00008,0.00206,0.00206,-56.23808,1895.00000
0.67861,0.67367,0.68025,0.67762,0.67992,0.27833,0.27932,0.28393,0.27866,0.27702,-0.00156,-0.00025,0.00107,0.00173,0.00304,-56.20742,1896.00000
0.68552,0.67696,0.67894,0.67828,0.68058,0.28129,0.27965,0.27735,0.27735,0.27998,0.00403,0.00008,0.00239,0.00173,0.00206,-56.20742,1897.00000
0.67367,0.67729,0.67828,0.68354,0.67400,0.27998,0.27998,0.28162,0.27537,0.27702,0.00272,-0.00025,-0.00123,0.00041,0.00074,-56.25557,1898.00000
0.67992,0.67762,0.67959,0.67499,0.67828,0.27801,0.28393,0.28195,0.27833,0.28162,0.00074,0.00173,0.00173,0.00337,-0.00189,-56.25557,1899.00000
0.67927,0.68091,0.68025,0.68025,0.67663,0.27998,0.27669,0.28228,0.28097,0.28327,-0.00025,-0.00123,0.00140,0.00140,0.00502,-55.68882,1900.00000
0.67499,0.67565,0.67696,0.67565,0.67992,0.27932,0.27570,0.28064,0.28261,0.27899,0.00272,0.00239,0.00403,-0.00025,0.00074,-55.68882,1901.00000
0.67565,0.67696,0.67992,0.68058,0.67795,0.27735,0.27998,0.27833,0.27406,0.27801,0.00206,-0.00123,0.00469,0.00304,0.00041,-55.70085,1902.00000
0.67532,0.67861,0.68321,0.67565,0.67631,0.28327,0.28327,0.27965,0.28064,0.27965,0.00239,0.00173,0.00403,-0.00189,0.00173,-55.70085,1903.00000
0.68058,0.67663,0.67631,0.67729,0.67959,0.28162,0.28491,0.28294,0.27570,0.27209,0.00140,0.00173,0.00140,-0.00057,0.00107,-55.56771,1904.00000
0.68288,0.67532,0.67927,0.67598,0.67598,0.27768,0.27932,0.27932,0.27801,0.28327,-0.00025,0.00239,0.00370,0.00008,-0.00123,-55.56771,1905.00000
0.67499,0.67992,0.67565,0.67927,0.67729,0.28097,0.28064,0.28327,0.27669,0.27998,0.00633,0.00140,-0.00090,0.00239,-0.00452,-55.94548,1906.00000
0.67269,0.68091,0.68519,0.67992,0.67170,0.27801,0.28064,0.27932,0.28393,0.28031,0.00502,0.00239,-0.00288,0.00206,0.00173,-55.94548,1907.00000
0.67466,0.67532,0.67729,0.67433,0.68190,0.28129,0.28064,0.27801,0.27998,0.28129,0.00107,-0.00025,0.00107,-0.00123,0.00272,-56.28817,1908.00000
0.67663,0.67959,0.67631,0.68288,0.68190,0.27636,0.27932,0.27833,0.27735,0.27636,-0.00025,0.00206,0.00107,0.00239,-0.00057,-56.28817,1909.00000
0.68025,0.67433,0.68321,0.67466,0.67499,0.27932,0.27899,0.28787,0.28360,0.28097,0.00041,0.00008,0.00173,0.00074,0.00173,-55.12895,1910.00000
0.67367,0.67367,0.68058,0.68157,0.67269,0.28294,0.27636,0.27965,0.28228,0.28360,0.00436,0.00140,0.00304,0.00568,0.00337,-55.12895,1911.00000
0.68058,0.67433,0.67762,0.68058,0.68157,0.28031,0.27932,0.28195,0.27899,0.28261,0.00140,0.00370,0.00008,-0.00123,0.00140,-55.45998,1912.00000
0.67269,0.67499,0.67565,0.67959,0.67894,0.28195,0.28129,0.28557,0.27833,0.28162,0.00140,0.00436,0.00535,0.00403,0.00272,-55.45998,1913.00000
0.67959,0.67894,0.67302,0.67367,0.67367,0.28261,0.27636,0.27899,0.27702,0.27669,0.00370,0.00304,0.00008,-0.00156,0.00140,-55.44483,1914.00000
0.68091,0.67795,0.68058,0.68256,0.67663,0.28064,0.28031,0.27965,0.27899,0.27833,0.00600,0.00107,0.00337,0.00173,-0.00123,-55.44483,1915.00000
0.67894,0.67400,0.68256,0.67466,0.67762,0.27965,0.27570,0.27998,0.27702,0.27735,-0.00123,0.00206,0.00206,0.00304,0.00633,-55.28589,1916.00000
0.68519,0.67927,0.68058,0.67959,0.67992,0.27932,0.28129,0.28228,0.27866,0.28261,0.00568,0.00173,-0.00255,0.00272,0.00206,-55.28589,1917.00000
0.67466,0.68256,0.67631,0.67499,0.67367,0.28228,0.27899,0.28491,0.28162,0.28327,0.00337,0.00337,0.00074,0.00469,0.00699,-55.56775,1918.00000
0.67992,0.67663,0.67499,0.67400,0.67696,0.28228,0.27833,0.28261,0.28360,0.27866,0.00173,0.00140,0.00173,0.00436,-0.00057,-55.56775,1919.00000
0.68387,0.67269,0.67598,0.68157,0.68157,0.28360,0.28129,0.27735,0.28458,0.27998,0.00272,0.00337,0.00008,0.00403,0.00535,-55.77216,1920.00000
0.67762,0.67532,0.67302,0.68124,0.68091,0.28031,0.28294,0.27833,0.28393,0.27932,0.00140,0.00436,-0.00025,0.00140,0.00206,-55.77216,1921.00000
0.68025,0.67598,0.67729,0.68552,0.68288,0.28228,0.27998,0.28129,0.27899,0.28195,0.00535,0.00140,0.00337,0.00272,0.00732,-55.88168,1922.00000
0.67992,0.68058,0.67959,0.68091,0.67696,0.27998,0.28261,0.28327,0.27833,0.28064,0.00403,0.00173,0.00403,0.00370,0.00239,-55.88168,1923.00000
0.67795,0.68584,0.67631,0.68025,0.67927,0.27899,0.28195,0.27998,0.27866,0.27965,0.00337,0.00074,0.00469,0.00272,0.00798,-55.73869,1924.00000
0.67696,0.67466,0.68025,0.67466,0.67532,0.27965,0.27801,0.28064,0.28031,0.27801,0.00370,0.00239,0.00535,0.00436,0.00370,-55.73869,1925.00000
0.67729,0.67795,0.67959,0.68486,0.67828,0.28129,0.27899,0.27801,0.27998,0.27768,0.00074,0.00173,0.00074,0.00140,0.00469,-56.20187,1926.00000
0.68124,0.67992,0.67565,0.68683,0.67631,0.28097,0.28228,0.27833,0.27833,0.27998,0.00074,0.00469,0.00370,-0.00057,0.00107,-56.20187,1927.00000
0.67696,0.67959,0.68519,0.67828,0.67203,0.28162,0.28097,0.28228,0.28425,0.28031,0.00370,0.00436,0.00173,-0.00156,0.00633,-55.48130,1928.00000
0.67433,0.67663,0.67762,0.68223,0.67861,0.27833,0.27702,0.28129,0.28195,0.28162,0.00535,0.00600,0.00666,0.00469,0.00206,-55.48130,1929.00000
0.67795,0.67992,0.67861,0.68157,0.67631,0.27833,0.28228,0.28491,0.28162,0.27866,0.00370,0.00568,0.00436,0.00206,0.00304,-56.12688,1930.00000
0.67992,0.67433,0.67696,0.67959,0.67400,0.28064,0.28129,0.28031,0.28064,0.27998,0.00633,0.00568,0.00535,0.00469,0.00403,-56.12688,1931.00000
0.68420,0.67828,0.68321,0.67762,0.66973,0.27801,0.27866,0.28097,0.27998,0.27176,0.00239,0.00140,0.00206,0.00272,0.00469,-55.26803,1932.00000
0.67466,0.67565,0.67927,0.67696,0.67894,0.27603,0.28228,0.27537,0.28393,0.27998,0.00272,0.00041,0.00304,0.00370,0.00502,-55.26803,1933.00000
0.68453,0.67039,0.67433,0.67499,0.67598,0.28097,0.28261,0.28294,0.28162,0.28129,0.00502,0.00568,0.00633,0.00535,0.00403,-55.75902,1934.00000
0.67663,0.67729,0.67466,0.68716,0.68091,0.27833,0.27768,0.27899,0.27866,0.27899,0.00864,0.00469,0.00107,0.00403,0.00370,-55.75902,1935.00000
0.67696,0.67565,0.68025,0.67894,0.67466,0.28097,0.28557,0.28820,0.27833,0.27866,0.00403,0.00403,0.00600,0.00140,0.00370,-55.87267,1936.00000
0.67762,0.67927,0.67992,0.67828,0.67104,0.27998,0.28064,0.27406,0.28097,0.28261,0.00370,0.00666,0.00370,0.00535,0.00502,-55.87267,1937.00000
0.67795,0.67006,0.68288,0.67071,0.67400,0.27702,0.27603,0.28162,0.27899,0.27702,0.00436,0.00206,0.00337,0.00272,0.00502,-56.34210,1938.00000
0.68190,0.67696,0.67696,0.67335,0.67499,0.28097,0.28129,0.28228,0.27702,0.28261,0.00272,0.00896,0.00568,0.00502,0.00370,-56.34210,1939.00000
0.67302,0.67927,0.67565,0.67269,0.68584,0.28162,0.27735,0.27505,0.27702,0.28393,0.00304,0.00535,0.00370,0.00765,0.00173,-55.92251,1940.00000
0.66973,0.67959,0.68025,0.67762,0.67992,0.27899,0.28162,0.27768,0.28294,0.28031,0.00469,0.00370,0.00502,0.00600,0.00568,-55.92251,1941.00000
0.67400,0.67137,0.68058,0.68486,0.67499,0.27866,0.28031,0.28195,0.27439,0.27801,0.00206,0.00699,0.00765,0.00239,0.00140,-56.49397,1942.00000
0.67466,0.68190,0.67959,0.67828,0.67861,0.27735,0.27570,0.27899,0.27801,0.27833,0.00600,0.00864,0.00568,0.00633,0.00535,-56.49397,1943.00000
0.67696,0.68354,0.67335,0.67631,0.67894,0.28294,0.28294,0.28458,0.27965,0.27932,0.00502,0.00699,0.00732,0.00469,0.00666,-56.53312,1944.00000
0.67729,0.67565,0.67696,0.67959,0.67828,0.28097,0.27965,0.28031,0.27899,0.28294,0.00436,0.00469,0.00206,0.00896,0.00831,-56.53312,1945.00000
0.67663,0.67729,0.67335,0.67894,0.67927,0.27702,0.27932,0.27735,0.28031,0.27899,0.00370,0.00535,0.00732,0.00370,0.00699,-56.54537,1946.00000
0.68321,0.67729,0.67433,0.67696,0.67894,0.27899,0.27768,0.27965,0.27932,0.28195,0.00469,0.00535,0.00600,0.00699,0.00535,-56.54537,1947.00000
0.67959,0.67236,0.67861,0.67170,0.67762,0.28195,0.27702,0.27702,0.27998,0.27965,0.00568,0.00502,0.00304,0.00699,0.00765,-56.69309,1948.00000
0.67729,0.67663,0.67663,0.68058,0.67927,0.28064,0.27570,0.28031,0.28097,0.28162,0.00403,0.00502,0.00633,0.00600,0.00896,-56.69309,1949.00000
0.67532,0.67696,0.68190,0.67696,0.67400,0.28162,0.27833,0.27932,0.27932,0.27735,0.00502,0.00206,0.00929,0.00403,0.00140,-56.71813,1950.00000
0.67236,0.67795,0.67598,0.67433,0.67499,0.27866,0.27669,0.27768,0.27472,0.28261,0.00502,0.00107,0.00666,0.00304,0.00436,-56.71813,1951.00000
0.67071,0.67532,0.67861,0.66841,0.67663,0.28195,0.27801,0.28097,0.27735,0.27932,0.00699,0.00633,0.00633,0.00666,0.00568,-56.34979,1952.00000
0.67466,0.67696,0.67861,0.67302,0.68157,0.27768,0.27998,0.27998,0.27998,0.28064,0.00502,0.00403,0.00568,0.01094,0.00535,-56.34979,1953.00000
0.67631,0.67367,0.67532,0.67466,0.67039,0.28129,0.27735,0.27570,0.27801,0.28129,0.00600,0.00666,0.00798,0.01127,0.00765,-56.58310,1954.00000
0.67927,0.68387,0.67335,0.68190,0.68058,0.28031,0.27932,0.28031,0.28031,0.27439,0.00633,0.00403,0.00568,0.00337,0.00469,-56.58310,1955.00000
0.67631,0.67006,0.67696,0.67828,0.67532,0.28294,0.27603,0.28162,0.27866,0.28064,0.00732,0.00962,0.00962,0.00896,0.00436,-55.93803,1956.00000
0.67631,0.67499,0.67795,0.67795,0.67532,0.28031,0.28360,0.27932,0.27768,0.27932,0.00600,0.00568,0.00370,0.00502,0.00535,-55.93803,1957.00000
0.67959,0.67236,0.67335,0.68288,0.67170,0.28162,0.27998,0.28129,0.27570,0.27636,0.00600,0.00370,0.00929,0.00798,0.00765,-56.48220,1958.00000
0.68256,0.68223,0.67466,0.67729,0.67663,0.27801,0.28031,0.28129,0.27603,0.27866,0.00831,0.00732,0.00600,0.00436,0.00995,-56.48220,1959.00000
0.68354,0.67696,0.67631,0.67927,0.67137,0.27702,0.27702,0.27932,0.27965,0.28064,0.00831,0.00666,0.01258,0.00831,0.00239,-56.02674,1960.00000
0.67532,0.67565,0.68190,0.67433,0.67499,0.27801,0.28064,0.27801,0.28031,0.27702,0.00929,0.00600,0.00633,0.01061,0.00666,-56.02674,1961.00000
0.67499,0.67598,0.67729,0.67959,0.67663,0.28195,0.28064,0.27669,0.27899,0.27932,0.00600,0.00633,0.00864,0.00765,0.00962,-55.94306,1962.00000
0.67631,0.68124,0.68124,0.67598,0.67269,0.28097,0.27899,0.27965,0.27801,0.28294,0.00732,0.00666,0.00962,0.00765,0.00535,-55.94306,1963.00000
0.67367,0.68387,0.67663,0.68486,0.67302,0.27801,0.28195,0.27932,0.28162,0.27899,0.00831,0.00765,0.00929,0.01192,0.00370,-55.71811,1964.00000
0.67696,0.67762,0.67894,0.67861,0.68091,0.28129,0.27866,0.27998,0.27965,0.27833,0.01028,0.00600,0.00929,0.00535,0.00765,-55.71811,1965.00000
0.68058,0.67466,0.67959,0.67631,0.67762,0.28064,0.28294,0.28064,0.28228,0.27932,0.00436,0.00765,0.00929,0.00929,0.00995,-55.88152,1966.00000
0.68091,0.67499,0.68256,0.67663,0.68387,0.28064,0.27735,0.27735,0.27603,0.27669,0.00798,0.01094,0.00929,0.00864,0.00600,-55.88152,1967.00000
0.67762,0.67894,0.68025,0.67894,0.67335,0.27833,0.27866,0.27768,0.27833,0.27899,0.00896,0.00600,0.00896,0.00568,0.00864,-55.66293,1968.00000
0.67433,0.67696,0.68025,0.68157,0.66940,0.27702,0.27801,0.27932,0.27899,0.28327,0.00962,0.01160,0.01061,0.00929,0.00798,-55.66293,1969.00000
0.67795,0.67828,0.68091,0.67532,0.67795,0.28195,0.28327,0.27998,0.28787,0.27965,0.00699,0.00699,0.00831,0.00962,0.00995,-55.66838,1970.00000
0.67828,0.68256,0.67795,0.67663,0.67959,0.27866,0.28097,0.28031,0.27932,0.27833,0.00929,0.00699,0.00896,0.00798,0.01028,-55.66838,1971.00000
0.67992,0.67236,0.67696,0.67894,0.67433,0.27406,0.27866,0.28064,0.27735,0.27998,0.01028,0.00798,0.01028,0.00962,0.00732,-55.76876,1972.00000
0.67795,0.67927,0.67696,0.67302,0.68091,0.27866,0.28261,0.27702,0.27735,0.27669,0.00304,0.00798,0.01291,0.00798,0.00864,-55.76876,1973.00000
0.67203,0.68288,0.67598,0.67236,0.67269,0.27932,0.27965,0.27735,0.28294,0.27998,0.00896,0.01127,0.01160,0.01291,0.00831,-56.25840,1974.00000
0.67631,0.67696,0.67631,0.67466,0.67927,0.27241,0.27932,0.27801,0.27866,0.28689,0.01258,0.00568,0.01324,0.00765,0.01127,-56.25840,1975.00000
0.68223,0.67894,0.67663,0.66940,0.67302,0.28261,0.27899,0.27899,0.27472,0.27570,0.01225,0.01225,0.00699,0.00502,0.00995,-56.51299,1976.00000
0.67861,0.67861,0.67927,0.67598,0.68223,0.28162,0.28162,0.27669,0.27866,0.28031,0.01028,0.01061,0.01324,0.01225,0.01028,-56.51299,1977.00000
0.67400,0.67104,0.67663,0.68058,0.67828,0.28524,0.28064,0.28031,0.28129,0.28162,0.00962,0.01094,0.01028,0.00896,0.00995,-56.36441,1978.00000
0.67762,0.67598,0.67631,0.67729,0.67861,0.27833,0.27801,0.27439,0.27965,0.27899,0.00962,0.01390,0.01192,0.01291,0.01357,-56.36441,1979.00000
0.67433,0.68420,0.67565,0.67631,0.68321,0.27439,0.27998,0.27768,0.27801,0.28393,0.00568,0.00732,0.01127,0.01291,0.00864,-55.66511,1980.00000
0.67499,0.67367,0.67532,0.67532,0.67532,0.27669,0.27570,0.28393,0.27603,0.27801,0.01061,0.01160,0.00535,0.01225,0.00864,-55.66511,1981.00000
0.67762,0.67269,0.67499,0.67696,0.67532,0.27899,0.27373,0.27965,0.27932,0.27340,0.00896,0.01324,0.01160,0.00896,0.01094,-55.74515,1982.00000
0.67433,0.67861,0.67894,0.67729,0.67598,0.27965,0.27735,0.27472,0.27833,0.27472,0.00798,0.01390,0.01192,0.01488,0.01192,-55.74515,1983.00000
0.67828,0.67729,0.67795,0.67959,0.67663,0.27735,0.28393,0.28031,0.27570,0.27833,0.01423,0.01225,0.01357,0.01127,0.01357,-55.40432,1984.00000
0.66940,0.68420,0.67400,0.67795,0.67696,0.27833,0.27702,0.28129,0.28195,0.27899,0.00896,0.00962,0.01160,0.01192,0.01488,-55.40432,1985.00000
0.67828,0.68025,0.67598,0.67729,0.67696,0.27866,0.27998,0.27603,0.27801,0.27768,0.01061,0.00929,0.00798,0.01192,0.00995,-56.32520,1986.00000
0.68190,0.68058,0.68058,0.68157,0.67631,0.27866,0.28162,0.28162,0.28195,0.27866,0.01258,0.01094,0.01423,0.01225,0.01061,-56.32520,1987.00000
0.67861,0.67367,0.67663,0.67861,0.68157,0.27899,0.27965,0.28360,0.27636,0.27833,0.01587,0.00995,0.01225,0.01324,0.01192,-56.44629,1988.00000
0.67631,0.67992,0.67992,0.68190,0.67631,0.27669,0.28327,0.28524,0.27998,0.28425,0.01554,0.01357,0.00962,0.01127,0.01423,-56.44629,1989.00000
0.67861,0.67861,0.67631,0.67466,0.67302,0.27932,0.28162,0.27801,0.28425,0.27505,0.01324,0.01160,0.01192,0.01324,0.01094,-56.28711,1990.00000
0.67828,0.67828,0.67565,0.68354,0.67795,0.28327,0.27702,0.28360,0.28491,0.27833,0.01456,0.01127,0.01521,0.01160,0.00995,-56.28711,1991.00000
0.67663,0.67762,0.67565,0.67894,0.67663,0.27603,0.27801,0.28162,0.28261,0.27735,0.01488,0.01390,0.01160,0.01258,0.01390,-56.43701,1992.00000
0.67795,0.67466,0.67170,0.68058,0.67992,0.28261,0.27537,0.27768,0.27932,0.27866,0.01291,0.01192,0.00962,0.01192,0.01127,-56.43701,1993.00000
0.67367,0.67400,0.68223,0.67104,0.67696,0.27439,0.27472,0.27768,0.28557,0.27702,0.01028,0.01061,0.01324,0.01357,0.01258,-57.03198,1994.00000
0.67006,0.67894,0.67006,0.67663,0.67696,0.28064,0.27998,0.27932,0.27899,0.28097,0.01061,0.01324,0.01554,0.01456,0.01686,-57.03198,1995.00000
0.67729,0.66775,0.67466,0.68058,0.68782,0.27998,0.27965,0.27570,0.28097,0.27768,0.01456,0.01061,0.01653,0.01258,0.01488,-56.84607,1996.00000
0.67631,0.67598,0.67302,0.67729,0.67696,0.27702,0.28031,0.27833,0.27570,0.27866,0.01653,0.01554,0.01324,0.01291,0.01456,-56.84607,1997.00000
0.68453,0.67927,0.67828,0.67894,0.67532,0.28097,0.27735,0.27702,0.28327,0.28162,0.01488,0.01752,0.01752,0.01554,0.01324,-55.74237,1998.00000
0.68157,0.67631,0.67565,0.67795,0.67039,0.27801,0.28162,0.27505,0.28228,0.27899,0.01357,0.01061,0.01521,0.01160,0.01488,-55.74237,1999.00000
0.67992,0.67762,0.67762,0.67894,0.67565,0.27801,0.28327,0.28294,0.27472,0.27998,0.01752,0.01357,0.01423,0.01192,0.01554,-54.84628,2000.00000
0.67696,0.68256,0.67565,0.67565,0.67729,0.27603,0.27768,0.28228,0.28491,0.27932,0.01686,0.00896,0.01324,0.01752,0.01554,-54.84628,2001.00000
0.67433,0.68058,0.67795,0.67269,0.67203,0.28064,0.27472,0.28162,0.28129,0.27833,0.01817,0.01390,0.01949,0.01357,0.01390,-54.81816,2002.00000
0.67861,0.68091,0.67335,0.68025,0.68091,0.28064,0.27965,0.28064,0.28031,0.28064,0.01554,0.01423,0.01160,0.01423,0.01258,-54.81816,2003.00000
0.67959,0.67992,0.67532,0.67762,0.67269,0.27735,0.27768,0.27735,0.27899,0.27735,0.01653,0.01357,0.01653,0.01456,0.01521,-54.97988,2004.00000
0.67302,0.67236,0.67565,0.67927,0.67565,0.28031,0.28064,0.27537,0.27439,0.27899,0.01456,0.01423,0.01390,0.01620,0.01653,-54.97988,2005.00000
0.67203,0.67236,0.67828,0.67795,0.67795,0.28294,0.27965,0.27833,0.27833,0.28064,0.01357,0.01817,0.01225,0.01686,0.01291,-55.78096,2006.00000
0.67894,0.67927,0.67302,0.68025,0.68058,0.27570,0.28195,0.28195,0.27669,0.27768,0.01554,0.01587,0.01784,0.01686,0.01521,-55.78096,2007.00000
0.68025,0.67269,0.68288,0.68288,0.67598,0.27669,0.27932,0.28129,0.27998,0.27603,0.01817,0.01423,0.01752,0.01587,0.01686,-56.34995,2008.00000
0.67565,0.67992,0.67400,0.67828,0.67466,0.28162,0.27833,0.28261,0.27932,0.27899,0.02015,0.01817,0.01324,0.01587,0.01456,-56.34995,2009.00000
0.67894,0.67532,0.67663,0.68223,0.67565,0.28129,0.28064,0.28327,0.27998,0.27932,0.01521,0.01752,0.02080,0.01521,0.01554,-56.39031,2010.00000
0.67696,0.67729,0.68025,0.67861,0.67302,0.28261,0.28129,0.27866,0.28261,0.27932,0.01423,0.01620,0.01456,0.01949,0.01456,-56.39031,2011.00000
0.67729,0.67400,0.67367,0.67729,0.67631,0.27801,0.28097,0.27537,0.27801,0.27603,0.01390,0.01883,0.01850,0.01488,0.01423,-56.23226,2012.00000
0.66973,0.67861,0.68025,0.67795,0.67433,0.27866,0.27899,0.27932,0.28228,0.27439,0.01587,0.01883,0.01653,0.01554,0.02015,-56.23226,2013.00000
0.68025,0.68256,0.67828,0.67433,0.68091,0.27603,0.27932,0.27768,0.27932,0.27932,0.01653,0.01357,0.01554,0.01752,0.01587,-56.14836,2014.00000
0.67927,0.67795,0.66973,0.67039,0.68157,0.27932,0.28129,0.27768,0.27965,0.27570,0.01784,0.01686,0.01686,0.01817,0.01554,-56.14836,2015.00000
0.67894,0.67762,0.67400,0.67236,0.68190,0.27866,0.27998,0.28228,0.27801,0.27965,0.01620,0.01850,0.01817,0.01784,0.01982,-56.11617,2016.00000
0.67795,0.67499,0.67828,0.67631,0.68650,0.28294,0.27768,0.27998,0.28031,0.28031,0.02015,0.02015,0.01949,0.02080,0.02278,-56.11617,2017.00000
0.67861,0.67631,0.68223,0.68124,0.67367,0.28097,0.27899,0.28031,0.28129,0.28064,0.02048,0.01686,0.01653,0.01719,0.02113,-55.46043,2018.00000
0.67828,0.67433,0.68223,0.67861,0.67861,0.27801,0.27537,0.27998,0.27998,0.27669,0.01850,0.01850,0.01554,0.01587,0.02212,-55.46043,2019.00000
0.67335,0.67466,0.67828,0.68321,0.68025,0.28294,0.27899,0.27932,0.27998,0.27768,0.01850,0.01719,0.01752,0.01258,0.01587,-55.45727,2020.00000
0.67466,0.67992,0.67236,0.67335,0.68552,0.27702,0.27505,0.28360,0.27735,0.28228,0.01916,0.01883,0.01850,0.01587,0.01817,-55.45727,2021.00000
0.67433,0.68223,0.67959,0.67400,0.67992,0.27801,0.27899,0.27669,0.27932,0.28425,0.01916,0.01817,0.01686,0.01916,0.02048,-55.24816,2022.00000
0.68223,0.67959,0.67631,0.67170,0.67927,0.28064,0.27801,0.27636,0.27899,0.28195,0.01719,0.02113,0.02080,0.02146,0.01850,-55.24816,2023.00000
0.67598,0.67894,0.67039,0.67992,0.68223,0.27669,0.28031,0.27932,0.27998,0.27998,0.01784,0.02080,0.01784,0.02212,0.02146,-55.31207,2024.00000
0.67236,0.67927,0.68256,0.67927,0.67466,0.28261,0.28425,0.27570,0.27932,0.28129,0.02179,0.01784,0.02015,0.01916,0.01949,-55.31207,2025.00000
0.67696,0.68025,0.67762,0.67795,0.68091,0.27603,0.27932,0.28787,0.27965,0.27965,0.01916,0.02048,0.02113,0.02048,0.01916,-55.49051,2026.00000
0.68486,0.67466,0.67762,0.67598,0.67894,0.28097,0.28458,0.27735,0.28195,0.27965,0.02080,0.02048,0.02146,0.02113,0.02344,-55.49051,2027.00000
0.67762,0.67631,0.68058,0.68058,0.67729,0.28031,0.27669,0.28064,0.28162,0.27801,0.02113,0.01686,0.02212,0.02212,0.02278,-55.51381,2028.00000
0.67663,0.68453,0.67532,0.67663,0.67762,0.28031,0.28097,0.27735,0.27965,0.27998,0.01850,0.02212,0.02376,0.02146,0.02541,-55.51381,2029.00000
0.67663,0.68321,0.67696,0.67992,0.67663,0.28360,0.28097,0.27702,0.27537,0.27965,0.02015,0.02146,0.02080,0.01883,0.02311,-55.72077,2030.00000
0.67532,0.67696,0.67861,0.67861,0.67466,0.27998,0.27866,0.27702,0.27768,0.27833,0.01883,0.02344,0.01916,0.02146,0.02015,-55.72077,2031.00000
0.68223,0.67696,0.67039,0.67762,0.67631,0.28162,0.27998,0.28162,0.28129,0.27932,0.02113,0.02080,0.01949,0.02179,0.02245,-55.45316,2032.00000
0.67532,0.67696,0.67762,0.67466,0.67663,0.27866,0.27505,0.27472,0.27636,0.28491,0.02015,0.01982,0.02146,0.02245,0.02278,-55.45316,2033.00000
0.68058,0.67729,0.67861,0.67762,0.66841,0.27537,0.27735,0.27866,0.27801,0.28294,0.02245,0.01949,0.02146,0.02080,0.01883,-55.34621,2034.00000
0.67565,0.67104,0.67400,0.67466,0.67762,0.27603,0.27998,0.27570,0.27702,0.27801,0.02409,0.02245,0.02344,0.02146,0.01850,-55.34621,2035.00000
0.67335,0.68223,0.68288,0.67762,0.67565,0.27833,0.27702,0.28064,0.27735,0.28228,0.01916,0.02278,0.02015,0.02048,0.02278,-56.18385,2036.00000
0.67631,0.67927,0.67696,0.67696,0.67400,0.27537,0.27603,0.28557,0.28162,0.28064,0.02179,0.02541,0.02146,0.02113,0.02475,-56.18385,2037.00000
0.67499,0.67828,0.67861,0.67828,0.68025,0.27439,0.27636,0.28162,0.27801,0.27702,0.02409,0.02080,0.02212,0.02475,0.02344,-55.84095,2038.00000
0.67959,0.67663,0.67367,0.67433,0.67927,0.27833,0.28129,0.28162,0.27702,0.28031,0.02015,0.01719,0.02179,0.02344,0.02607,-55.84095,2039.00000
0.67170,0.67894,0.67663,0.67992,0.67992,0.27998,0.28031,0.27636,0.28261,0.28064,0.01982,0.02179,0.02574,0.02705,0.02278,-56.10651,2040.00000
0.67302,0.67367,0.67631,0.67302,0.67927,0.27998,0.28129,0.27899,0.28064,0.27801,0.02080,0.02015,0.02508,0.02541,0.02376,-56.10651,2041.00000
0.67729,0.67565,0.67565,0.67631,0.67302,0.27866,0.27669,0.27932,0.27603,0.27833,0.02475,0.02080,0.02475,0.02409,0.02344,-55.99027,2042.00000
0.67992,0.67729,0.66808,0.67565,0.67663,0.27570,0.27801,0.27768,0.27570,0.27932,0.02804,0.02311,0.02179,0.02640,0.02278,-55.99027,2043.00000
0.66611,0.67795,0.68025,0.67598,0.67039,0.27965,0.27998,0.27833,0.27768,0.27965,0.02179,0.02409,0.02475,0.02146,0.02311,-56.28371,2044.00000
0.67367,0.67894,0.68091,0.67269,0.67039,0.27669,0.28327,0.27998,0.27801,0.27932,0.02705,0.02541,0.02376,0.02376,0.02574,-56.28371,2045.00000
0.67663,0.67795,0.67137,0.67598,0.67762,0.27899,0.27932,0.28031,0.27768,0.27702,0.02640,0.02278,0.02442,0.02442,0.02541,-55.42701,2046.00000
0.67631,0.67203,0.67466,0.67532,0.67762,0.27439,0.28195,0.27932,0.27669,0.27998,0.02607,0.02574,0.02179,0.02080,0.02574,-55.42701,2047.00000
0.67367,0.67433,0.67071,0.67828,0.67894,0.27505,0.27998,0.27274,0.27768,0.27965,0.02212,0.02376,0.02245,0.02442,0.02475,-56.01429,2048.00000
0.68091,0.67433,0.67104,0.67203,0.67861,0.28064,0.28031,0.27998,0.27702,0.28425,0.02541,0.02574,0.02344,0.02409,0.02607,-56.01429,2049.00000
0.67565,0.67137,0.67104,0.67598,0.67433,0.27570,0.27998,0.27833,0.27899,0.28294,0.02541,0.02508,0.02442,0.02541,0.02870,-56.42755,2050.00000
0.67499,0.67433,0.67335,0.67696,0.67236,0.27866,0.28129,0.27866,0.27636,0.27735,0.02442,0.02409,0.02574,0.02376,0.02376,-56.42755,2051.00000
0.67170,0.67762,0.67565,0.67927,0.67565,0.28162,0.27833,0.27965,0.27801,0.27801,0.02607,0.02574,0.02376,0.02903,0.02080,-56.08243,2052.00000
0.67400,0.67729,0.68288,0.67795,0.68091,0.28162,0.28327,0.28031,0.27636,0.27833,0.02640,0.02607,0.02903,0.02705,0.02508,-56.08243,2053.00000
0.67598,0.67631,0.67861,0.67696,0.67400,0.27537,0.27702,0.27965,0.27702,0.27998,0.02672,0.02311,0.02376,0.02541,0.02968,-55.84151,2054.00000
0.67499,0.67565,0.67466,0.67499,0.67499,0.28162,0.27899,0.27998,0.27998,0.27768,0.02804,0.02672,0.02475,0.02672,0.02508,-55.84151,2055.00000
0.67992,0.67104,0.67762,0.68025,0.67598,0.27801,0.28294,0.28458,0.27998,0.27570,0.02475,0.02409,0.02541,0.03001,0.02311,-56.05796,2056.00000
0.67663,0.67466,0.67598,0.66973,0.67696,0.27702,0.27801,0.28360,0.28097,0.27472,0.02903,0.02409,0.02574,0.02442,0.02771,-56.05796,2057.00000
0.67631,0.67631,0.68058,0.67631,0.67959,0.27932,0.27702,0.28162,0.28261,0.28097,0.02574,0.02607,0.02705,0.02771,0.03067,-55.89275,2058.00000
0.67631,0.66973,0.67828,0.68321,0.67532,0.27603,0.27603,0.27702,0.27899,0.27899,0.02936,0.03001,0.02672,0.02541,0.02442,-55.89275,2059.00000
0.68058,0.67631,0.67071,0.67631,0.68058,0.27801,0.27735,0.27998,0.27702,0.28031,0.02705,0.02640,0.03034,0.02574,0.02607,-55.84677,2060.00000
0.68486,0.68025,0.67400,0.66808,0.67104,0.27965,0.28129,0.27570,0.27439,0.27801,0.02837,0.02837,0.02672,0.02574,0.02640,-55.84677,2061.00000
0.66874,0.67959,0.67335,0.67269,0.67795,0.28031,0.28228,0.27669,0.27735,0.27965,0.02968,0.02607,0.02508,0.02738,0.02475,-55.40629,2062.00000
0.67302,0.67663,0.67663,0.67663,0.67335,0.28557,0.27735,0.27472,0.27998,0.27998,0.02640,0.02804,0.02541,0.02804,0.02738,-55.40629,2063.00000
0.67104,0.67631,0.67762,0.67302,0.67532,0.28425,0.28097,0.27768,0.27406,0.28031,0.02607,0.02738,0.03001,0.02508,0.02936,-55.51565,2064.00000
0.67466,0.67729,0.67039,0.68091,0.67992,0.27669,0.27998,0.28064,0.28228,0.27965,0.03067,0.02837,0.02738,0.02672,0.02903,-55.51565,2065.00000
0.67598,0.67861,0.67861,0.67400,0.67532,0.28031,0.27899,0.27801,0.28031,0.27899,0.02344,0.02738,0.02640,0.02837,0.03330,-55.52150,2066.00000
0.67433,0.67466,0.67696,0.67828,0.67631,0.28393,0.27570,0.28031,0.27998,0.28294,0.02771,0.02738,0.03199,0.02508,0.02771,-55.52150,2067.00000
0.66808,0.67269,0.68157,0.67861,0.67696,0.27537,0.28064,0.28064,0.28162,0.27965,0.03100,0.03133,0.02903,0.02936,0.02672,-55.28028,2068.00000
0.67499,0.67927,0.67367,0.67894,0.67894,0.27932,0.27669,0.28031,0.27965,0.27537,0.02705,0.02870,0.02870,0.02936,0.02508,-55.28028,2069.00000
0.67927,0.67137,0.67565,0.67762,0.67335,0.27866,0.27866,0.28524,0.27735,0.28097,0.02705,0.02771,0.02936,0.03100,0.02870,-55.12061,2070.00000
0.67335,0.67828,0.67696,0.67433,0.67466,0.27735,0.27636,0.27537,0.27603,0.28228,0.02705,0.02837,0.02837,0.02837,0.02870,-55.12061,2071.00000
0.67992,0.67499,0.67499,0.67762,0.67894,0.28195,0.27899,0.28360,0.28129,0.27472,0.02968,0.03363,0.03133,0.03001,0.03133,-55.46558,2072.00000
0.67795,0.67631,0.67532,0.67499,0.67532,0.27801,0.27801,0.28294,0.27505,0.28294,0.02607,0.02870,0.03034,0.03265,0.03001,-55.46558,2073.00000
0.67631,0.67302,0.67762,0.67499,0.67400,0.27209,0.27702,0.27866,0.27899,0.27866,0.03100,0.03067,0.03034,0.02903,0.02968,-55.62341,2074.00000
0.67236,0.67400,0.67433,0.67894,0.67696,0.27899,0.27537,0.28129,0.27866,0.27833,0.03133,0.03166,0.02705,0.03100,0.02936,-55.62341,2075.00000
0.68650,0.67466,0.67696,0.68124,0.67663,0.27768,0.28031,0.27505,0.28228,0.27570,0.03034,0.03232,0.03034,0.02804,0.02903,-55.46063,2076.00000
0.67335,0.67631,0.67400,0.67137,0.66973,0.27932,0.27833,0.28129,0.27801,0.28228,0.03396,0.02640,0.03528,0.02903,0.03100,-55.46063,2077.00000
0.67532,0.67861,0.67433,0.68420,0.67631,0.28031,0.27833,0.28031,0.27768,0.27702,0.03100,0.03100,0.03626,0.03001,0.02804,-55.98471,2078.00000
0.67565,0.67894,0.67729,0.67663,0.68124,0.28195,0.27965,0.27866,0.27768,0.27636,0.03133,0.03199,0.02607,0.02936,0.02968,-55.98471,2079.00000
0.67795,0.67762,0.68190,0.67729,0.67663,0.27998,0.27735,0.27801,0.28261,0.28294,0.03133,0.03232,0.03265,0.03067,0.03199,-55.54607,2080.00000
0.67959,0.67466,0.68354,0.67992,0.68486,0.27176,0.27669,0.27866,0.27833,0.28228,0.03232,0.03001,0.03363,0.02837,0.03265,-55.54607,2081.00000
0.67532,0.68058,0.67894,0.67466,0.67663,0.28097,0.27932,0.27998,0.27735,0.28294,0.03232,0.03199,0.02968,0.03001,0.03034,-55.14608,2082.00000
0.68091,0.67499,0.67729,0.67696,0.68288,0.28425,0.27373,0.27998,0.28294,0.27932,0.03561,0.03429,0.02968,0.03429,0.03593,-55.14608,2083.00000
0.67762,0.67894,0.67532,0.67762,0.67466,0.28162,0.27965,0.27932,0.27669,0.27998,0.03034,0.02804,0.03001,0.03495,0.03133,-55.61503,2084.00000
0.67795,0.67729,0.67631,0.68058,0.66841,0.27965,0.27899,0.27833,0.27965,0.27735,0.02771,0.03001,0.03692,0.03067,0.03166,-55.61503,2085.00000
0.68617,0.67400,0.67894,0.67762,0.67795,0.28064,0.28129,0.27636,0.27833,0.28097,0.03199,0.03034,0.03166,0.03593,0.03396,-56.29873,2086.00000
0.67433,0.68354,0.67795,0.67663,0.67598,0.27570,0.27965,0.27801,0.28129,0.27636,0.03297,0.03462,0.03265,0.03429,0.03166,-56.29873,2087.00000
0.67795,0.67631,0.68058,0.67433,0.67795,0.27932,0.28360,0.28261,0.28064,0.28524,0.03265,0.03232,0.03232,0.03067,0.03067,-56.66743,2088.00000
0.67598,0.68124,0.67565,0.67795,0.67959,0.27833,0.28097,0.27636,0.27833,0.27406,0.03265,0.02968,0.03166,0.03429,0.02968,-56.66743,2089.00000
0.67466,0.68025,0.68058,0.67400,0.67828,0.28294,0.27702,0.28360,0.28162,0.27899,0.03133,0.03133,0.03528,0.03297,0.03297,-55.30393,2090.00000
0.67959,0.67598,0.67269,0.67631,0.67729,0.27669,0.28097,0.27998,0.27866,0.28195,0.02903,0.03265,0.03396,0.03232,0.03232,-55.30393,2091.00000
0.67466,0.68486,0.67499,0.67795,0.67927,0.27801,0.27472,0.27833,0.28031,0.27702,0.03265,0.02870,0.03034,0.03265,0.02837,-55.30333,2092.00000
0.68091,0.68025,0.67992,0.68025,0.67828,0.27965,0.27965,0.28031,0.27833,0.27406,0.03462,0.03297,0.03363,0.03133,0.03232,-55.30333,2093.00000
0.67992,0.67203,0.67861,0.67565,0.67302,0.27570,0.27603,0.27932,0.27603,0.27702,0.03462,0.03297,0.03363,0.03166,0.03561,-55.57159,2094.00000
0.67861,0.68321,0.68025,0.68223,0.68124,0.28031,0.28031,0.28097,0.27702,0.27801,0.03297,0.03758,0.03297,0.03330,0.03462,-55.57159,2095.00000
0.67598,0.67532,0.67992,0.67663,0.67992,0.27965,0.27833,0.28195,0.27702,0.27866,0.03297,0.03133,0.03199,0.03429,0.03626,-55.19790,2096.00000
0.67795,0.67959,0.67861,0.67269,0.67828,0.27439,0.27801,0.27932,0.27833,0.27833,0.03462,0.03528,0.03199,0.03330,0.03462,-55.19790,2097.00000
0.68321,0.67894,0.67433,0.68025,0.67861,0.28031,0.27801,0.28129,0.27932,0.27735,0.03330,0.03692,0.03166,0.03396,0.03396,-55.02571,2098.00000
0.68256,0.67433,0.67992,0.67828,0.68124,0.28031,0.27669,0.27801,0.27768,0.27768,0.03495,0.03429,0.03462,0.03363,0.02968,-55.02571,2099.00000
0.67499,0.67894,0.67861,0.67663,0.67894,0.28162,0.28195,0.27965,0.28031,0.27932,0.03659,0.03363,0.03922,0.03758,0.03429,-55.59147,2100.00000
0.67663,0.67532,0.67894,0.67499,0.68256,0.27965,0.28129,0.27537,0.27932,0.27965,0.03429,0.03561,0.03561,0.03528,0.03265,-55.59147,2101.00000
0.67696,0.68256,0.67631,0.68223,0.68157,0.28228,0.28261,0.27603,0.27932,0.28162,0.03626,0.03330,0.03396,0.03857,0.03725,-56.03304,2102.00000
0.68387,0.67236,0.67203,0.67631,0.68157,0.27965,0.28064,0.27833,0.27833,0.27965,0.03363,0.03659,0.03265,0.03396,0.03133,-56.03304,2103.00000
0.67466,0.67071,0.67565,0.68288,0.67400,0.27505,0.27406,0.28031,0.27735,0.28097,0.03265,0.03561,0.03100,0.03593,0.03330,-55.45060,2104.00000
0.67696,0.67762,0.68124,0.67466,0.68650,0.27537,0.28097,0.27965,0.27932,0.27833,0.03396,0.03232,0.03561,0.03692,0.03100,-55.45060,2105.00000
0.67729,0.67696,0.67696,0.67894,0.67663,0.27702,0.27702,0.27570,0.27768,0.27965,0.03528,0.03561,0.03232,0.03528,0.03758,-54.55147,2106.00000
0.68058,0.67762,0.68321,0.67466,0.67039,0.27932,0.27801,0.27768,0.27636,0.28162,0.03462,0.03626,0.03232,0.03297,0.03297,-54.55147,2107.00000
0.67598,0.67992,0.68190,0.67762,0.67631,0.28064,0.27866,0.28228,0.28524,0.28064,0.03429,0.03495,0.03758,0.03495,0.03528,-55.26402,2108.00000
0.67894,0.67532,0.68223,0.67663,0.67992,0.28162,0.27702,0.27965,0.27998,0.27669,0.03363,0.03692,0.03889,0.03495,0.03363,-55.26402,2109.00000
0.68058,0.67795,0.67400,0.67433,0.68190,0.27866,0.28129,0.27833,0.27965,0.27537,0.03626,0.03626,0.03725,0.03593,0.03659,-55.14177,2110.00000
0.67992,0.67631,0.66973,0.67663,0.67367,0.27768,0.27932,0.28195,0.27899,0.27669,0.03495,0.03659,0.03922,0.03955,0.03626,-55.14177,2111.00000
0.67729,0.67828,0.67631,0.67828,0.68025,0.28097,0.28031,0.28097,0.27866,0.27768,0.03396,0.03659,0.03692,0.03561,0.03034,-55.79354,2112.00000
0.67433,0.68453,0.67104,0.67663,0.67071,0.27636,0.27636,0.28393,0.27373,0.28261,0.03955,0.03626,0.03955,0.03133,0.03561,-55.79354,2113.00000
0.68025,0.67236,0.66874,0.67598,0.67729,0.27505,0.27768,0.27932,0.28031,0.27735,0.03265,0.03725,0.03659,0.03429,0.03429,-55.94121,2114.00000
0.67959,0.67203,0.67400,0.67335,0.68091,0.27833,0.27406,0.27833,0.27735,0.27768,0.03725,0.03791,0.03692,0.03725,0.03593,-55.94121,2115.00000
0.67663,0.67729,0.67565,0.67762,0.67203,0.28097,0.27866,0.27768,0.27965,0.27702,0.03265,0.03265,0.03528,0.03462,0.03725,-55.22890,2116.00000
0.67269,0.67433,0.67894,0.67400,0.67104,0.27439,0.27768,0.27505,0.28031,0.27537,0.03692,0.03462,0.03462,0.04021,0.03528,-55.22890,2117.00000
0.68190,0.67828,0.67631,0.67861,0.67729,0.27899,0.27636,0.27801,0.27833,0.27636,0.03791,0.03824,0.03659,0.03199,0.03495,-53.45918,2118.00000
0.66940,0.68288,0.67433,0.67762,0.68157,0.27833,0.27866,0.27998,0.27932,0.27537,0.03889,0.03824,0.03528,0.03561,0.04021,-53.45918,2119.00000
0.67631,0.67861,0.66677,0.68190,0.67532,0.28162,0.27899,0.27735,0.27735,0.28393,0.03626,0.03462,0.03561,0.03561,0.03659,-52.59629,2120.00000
0.67762,0.68256,0.67959,0.66874,0.68223,0.28129,0.27998,0.27505,0.27965,0.27603,0.03593,0.03429,0.03396,0.03593,0.03561,-52.59629,2121.00000
0.67532,0.68486,0.67203,0.67828,0.67729,0.28097,0.27603,0.27636,0.27899,0.27603,0.03758,0.04021,0.03692,0.03988,0.03922,-53.72002,2122.00000
0.68453,0.67696,0.67861,0.67729,0.68223,0.27768,0.27702,0.27603,0.27965,0.28097,0.03857,0.03495,0.03955,0.03626,0.03857,-53.72002,2123.00000
0.67532,0.67828,0.67729,0.67170,0.67598,0.27932,0.27899,0.27505,0.28524,0.28097,0.04021,0.03199,0.03791,0.03889,0.03758,-54.54312,2124.00000
0.67039,0.68288,0.68190,0.67894,0.67367,0.28097,0.27373,0.27899,0.27965,0.28064,0.03659,0.03857,0.03791,0.03593,0.03857,-54.54312,2125.00000
0.67631,0.68157,0.68025,0.67598,0.67104,0.27801,0.27932,0.27932,0.27570,0.27570,0.03692,0.03857,0.03659,0.03659,0.04153,-55.37214,2126.00000
0.67236,0.68058,0.67696,0.67006,0.68288,0.28097,0.27768,0.27505,0.27603,0.27899,0.03725,0.04054,0.03988,0.03791,0.03889,-55.37214,2127.00000
0.67269,0.67762,0.67598,0.67696,0.67631,0.27998,0.27472,0.27998,0.27899,0.27932,0.03593,0.03626,0.03922,0.03593,0.03955,-55.50834,2128.00000
0.67828,0.67631,0.67927,0.67269,0.67400,0.27768,0.27735,0.27505,0.28195,0.28195,0.03889,0.03988,0.03725,0.03725,0.04218,-55.50834,2129.00000
0.67828,0.67598,0.67927,0.67565,0.67104,0.27833,0.27932,0.27735,0.27406,0.27735,0.03857,0.04021,0.03791,0.03692,0.03758,-55.79128,2130.00000
0.67927,0.67696,0.67598,0.68124,0.67565,0.27373,0.27735,0.27998,0.27472,0.28064,0.03824,0.03922,0.03824,0.04153,0.03363,-55.79128,2131.00000
0.67861,0.67565,0.67927,0.67170,0.68091,0.28195,0.27505,0.27702,0.27768,0.27899,0.03593,0.04153,0.03824,0.03988,0.04218,-55.66175,2132.00000
0.67433,0.67795,0.67466,0.67696,0.67400,0.27866,0.28327,0.27603,0.28129,0.28524,0.03922,0.03955,0.03758,0.03955,0.03725,-55.66175,2133.00000
0.67269,0.67367,0.68420,0.67335,0.68124,0.27998,0.27998,0.27866,0.27669,0.27702,0.03791,0.03988,0.03988,0.03791,0.03922,-55.85334,2134.00000
0.67203,0.67499,0.67302,0.68091,0.67631,0.28097,0.27669,0.28360,0.28327,0.28458,0.03626,0.03955,0.03857,0.03889,0.03824,-55.85334,2135.00000
0.67466,0.67762,0.67532,0.67302,0.67137,0.27866,0.28162,0.27833,0.28097,0.28195,0.03758,0.03725,0.04449,0.04185,0.03988,-56.02481,2136.00000
0.67269,0.68223,0.67367,0.68025,0.67433,0.28491,0.27702,0.27340,0.28228,0.27505,0.03988,0.03528,0.03725,0.04021,0.04054,-56.02481,2137.00000
0.67466,0.67696,0.67598,0.67696,0.67071,0.27570,0.27866,0.27702,0.28064,0.28031,0.03857,0.03922,0.03725,0.03791,0.03824,-55.62715,2138.00000
0.68124,0.67762,0.67565,0.67466,0.67335,0.27768,0.27833,0.27998,0.27669,0.27965,0.04120,0.03988,0.03922,0.03626,0.04185,-55.62715,2139.00000
0.67203,0.68058,0.67236,0.68190,0.67927,0.28031,0.28162,0.27669,0.27603,0.27965,0.03495,0.03955,0.03692,0.04054,0.04120,-55.15733,2140.00000
0.67400,0.67302,0.67104,0.67302,0.67203,0.27833,0.27406,0.27702,0.27307,0.27472,0.03889,0.03659,0.04153,0.03791,0.03725,-55.15733,2141.00000
0.67400,0.66874,0.67795,0.67367,0.67137,0.27801,0.27669,0.27801,0.27702,0.27636,0.04481,0.03857,0.03988,0.04087,0.03758,-55.33257,2142.00000
0.68288,0.67269,0.68025,0.67039,0.67565,0.28129,0.28064,0.27537,0.27965,0.27636,0.03955,0.04054,0.03922,0.04218,0.04317,-55.33257,2143.00000
0.67828,0.67433,0.67302,0.67927,0.67663,0.27801,0.27965,0.27833,0.27801,0.27439,0.04350,0.04350,0.03791,0.04449,0.04021,-56.01101,2144.00000
0.67532,0.67532,0.67762,0.67367,0.67335,0.27669,0.27866,0.27899,0.27801,0.27833,0.04185,0.03857,0.04120,0.04054,0.04153,-56.01101,2145.00000
0.66808,0.67696,0.67992,0.67729,0.67696,0.27833,0.27932,0.27833,0.27965,0.27932,0.03758,0.03659,0.04087,0.04054,0.03725,-56.53822,2146.00000
0.67795,0.67367,0.68387,0.67861,0.67663,0.27603,0.27735,0.27636,0.27603,0.27833,0.04251,0.04218,0.04383,0.04350,0.03857,-56.53822,2147.00000
0.67006,0.67894,0.68058,0.67466,0.67400,0.27866,0.27965,0.27735,0.27702,0.27998,0.04153,0.03791,0.04547,0.03791,0.03824,-56.65534,2148.00000
0.68387,0.67894,0.67367,0.67631,0.66940,0.27866,0.28064,0.27932,0.27702,0.27636,0.04120,0.03889,0.04120,0.04087,0.04054,-56.65534,2149.00000
0.67170,0.67959,0.67499,0.67400,0.67828,0.28327,0.28064,0.27965,0.27570,0.28097,0.03988,0.04185,0.04317,0.03889,0.03988,-56.12308,2150.00000
0.67039,0.67663,0.67663,0.67170,0.67104,0.27801,0.27768,0.27899,0.28064,0.27932,0.04284,0.04251,0.03889,0.04284,0.04185,-56.12308,2151.00000
0.67499,0.67631,0.67828,0.67137,0.67269,0.27735,0.27636,0.27833,0.27505,0.27998,0.04185,0.04153,0.04449,0.04481,0.04350,-56.20363,2152.00000
0.68058,0.67400,0.67631,0.67861,0.67104,0.27801,0.27537,0.27833,0.27899,0.27702,0.03988,0.04185,0.03955,0.04185,0.04350,-56.20363,2153.00000
0.67466,0.67071,0.67400,0.67203,0.67532,0.27932,0.28031,0.27932,0.27768,0.27669,0.04120,0.04317,0.04087,0.04087,0.04054,-56.14137,2154.00000
0.67269,0.66775,0.67499,0.67269,0.67367,0.27932,0.28327,0.28064,0.28064,0.27932,0.04021,0.04646,0.04054,0.04514,0.03988,-56.14137,2155.00000
0.68157,0.67631,0.67466,0.67631,0.68091,0.27570,0.28031,0.27801,0.27899,0.27899,0.03791,0.04087,0.03824,0.03955,0.04350,-56.39832,2156.00000
0.68058,0.66808,0.67828,0.68617,0.68124,0.27537,0.27768,0.27669,0.27833,0.27472,0.04679,0.04317,0.04251,0.04153,0.04021,-56.39832,2157.00000
0.67696,0.67598,0.68223,0.68354,0.67565,0.27833,0.28064,0.27932,0.27505,0.27768,0.04153,0.04153,0.04120,0.04218,0.04416,-56.24848,2158.00000
0.68058,0.67598,0.67927,0.67532,0.67861,0.27669,0.27899,0.27735,0.28064,0.28261,0.04153,0.04054,0.04120,0.03988,0.04218,-56.24848,2159.00000
0.67236,0.67631,0.67433,0.67729,0.67565,0.27669,0.27866,0.27965,0.27932,0.27801,0.04317,0.04087,0.04021,0.04284,0.03791,-56.08322,2160.00000
0.67466,0.68157,0.68058,0.67499,0.67828,0.27899,0.27570,0.28261,0.27702,0.27965,0.04218,0.04514,0.04218,0.04383,0.04218,-56.08322,2161.00000
0.68321,0.67795,0.67696,0.68157,0.67565,0.28195,0.27702,0.27833,0.27965,0.27735,0.04449,0.04449,0.04251,0.03889,0.04218,-55.65636,2162.00000
0.67532,0.67367,0.67992,0.67992,0.67433,0.27669,0.27735,0.27505,0.27866,0.27636,0.04087,0.04087,0.04251,0.04251,0.04021,-55.65636,2163.00000
0.67927,0.67598,0.67499,0.68124,0.67663,0.27965,0.27965,0.27801,0.27899,0.27998,0.03988,0.04218,0.04153,0.04251,0.04251,-55.99712,2164.00000
0.67499,0.67203,0.67762,0.67663,0.67466,0.28064,0.27998,0.27735,0.27965,0.28261,0.04251,0.04120,0.04449,0.04054,0.03988,-55.99712,2165.00000
0.67400,0.67335,0.67039,0.67696,0.67861,0.27899,0.27373,0.27768,0.27735,0.27899,0.04153,0.04054,0.04514,0.04087,0.04317,-56.02835,2166.00000
0.68288,0.67894,0.68091,0.67598,0.67104,0.27866,0.27406,0.27866,0.28097,0.27899,0.04185,0.04218,0.04251,0.04613,0.04021,-56.02835,2167.00000
0.67499,0.67729,0.67729,0.67795,0.67335,0.27439,0.27932,0.28162,0.27833,0.28031,0.03988,0.04481,0.04021,0.04416,0.04547,-55.44826,2168.00000
0.67104,0.67598,0.67795,0.67631,0.67598,0.27439,0.27505,0.27702,0.27505,0.27669,0.04514,0.04416,0.04185,0.04580,0.03922,-55.44826,2169.00000
0.67236,0.67927,0.67433,0.67499,0.67466,0.28031,0.27209,0.27998,0.27998,0.27801,0.04481,0.04185,0.04120,0.04284,0.04054,-56.54005,2170.00000
0.67269,0.67828,0.67696,0.68025,0.68058,0.28228,0.28031,0.27570,0.27636,0.27735,0.04284,0.03988,0.04185,0.04777,0.04251,-56.54005,2171.00000
0.67729,0.67170,0.67696,0.67696,0.67762,0.27965,0.27833,0.28129,0.27833,0.28162,0.04449,0.04383,0.04251,0.04021,0.04251,-55.89698,2172.00000
0.67433,0.67795,0.67696,0.67631,0.68190,0.27537,0.28294,0.27866,0.28031,0.27899,0.04416,0.04416,0.04679,0.04383,0.04712,-55.89698,2173.00000
0.67861,0.67861,0.67433,0.67762,0.67927,0.27965,0.28228,0.27801,0.28393,0.27801,0.03955,0.04317,0.04679,0.04383,0.04087,-55.79028,2174.00000
0.67598,0.67828,0.67696,0.67762,0.67927,0.28129,0.27998,0.28162,0.27603,0.27209,0.04449,0.04449,0.04317,0.04120,0.04284,-55.79028,2175.00000
0.67598,0.67302,0.68223,0.67861,0.67663,0.27965,0.28064,0.27998,0.27669,0.27866,0.04350,0.04745,0.04350,0.04481,0.04646,-55.86145,2176.00000
0.67006,0.67598,0.67203,0.67170,0.67959,0.28129,0.27702,0.27570,0.28031,0.27570,0.04087,0.04350,0.04712,0.04481,0.04317,-55.86145,2177.00000
0.68190,0.67532,0.67927,0.67861,0.67466,0.27603,0.28162,0.27735,0.27998,0.27735,0.04317,0.04613,0.04416,0.04416,0.04383,-55.34039,2178.00000
0.67631,0.67894,0.67828,0.67466,0.67861,0.28261,0.28261,0.27735,0.27735,0.27669,0.04449,0.04514,0.04218,0.04580,0.04284,-55.34039,2179.00000
0.67762,0.67236,0.68288,0.68223,0.67861,0.27636,0.28031,0.27768,0.27965,0.28097,0.04580,0.04120,0.04383,0.04514,0.04350,-56.52274,2180.00000
0.67992,0.67729,0.67203,0.67236,0.68058,0.28425,0.27932,0.27768,0.27932,0.27998,0.04317,0.04481,0.04810,0.04547,0.04712,-56.52274,2181.00000
0.67071,0.67795,0.67663,0.67992,0.67795,0.27768,0.27406,0.27801,0.27768,0.28097,0.03955,0.04350,0.04251,0.04317,0.04449,-56.43275,2182.00000
0.67400,0.67762,0.67696,0.67400,0.67828,0.27998,0.27307,0.28195,0.27340,0.28162,0.04251,0.04350,0.04284,0.04284,0.04580,-56.43275,2183.00000
0.67104,0.67400,0.67762,0.68124,0.68058,0.27603,0.27636,0.27537,0.27603,0.27570,0.04416,0.04580,0.04613,0.04679,0.03988,-56.17780,2184.00000
0.67433,0.67236,0.68157,0.67598,0.67795,0.27899,0.27735,0.28031,0.27570,0.27636,0.04613,0.04087,0.04054,0.04383,0.04481,-56.17780,2185.00000
0.67466,0.68190,0.67071,0.68025,0.67236,0.27439,0.27833,0.27866,0.27998,0.27833,0.04449,0.04810,0.04317,0.04317,0.04185,-55.85013,2186.00000
0.67400,0.67071,0.67499,0.67959,0.68124,0.27570,0.27702,0.27899,0.28031,0.27735,0.04712,0.04416,0.04547,0.04810,0.04613,-55.85013,2187.00000
0.68091,0.67499,0.67071,0.67795,0.67729,0.27702,0.27669,0.28031,0.27570,0.28787,0.04416,0.04514,0.04284,0.04514,0.04416,-55.77907,2188.00000
0.68025,0.67433,0.67039,0.67039,0.68519,0.27570,0.27932,0.27702,0.27833,0.27866,0.04481,0.04481,0.04745,0.04416,0.04580,-55.77907,2189.00000
0.67367,0.67532,0.67894,0.68058,0.68256,0.27636,0.27866,0.27570,0.27833,0.27768,0.04350,0.04646,0.04481,0.04942,0.04416,-55.82655,2190.00000
0.67828,0.67335,0.67400,0.67203,0.67071,0.27965,0.27505,0.27669,0.28294,0.27735,0.04120,0.04679,0.04613,0.04481,0.04580,-55.82655,2191.00000
0.67433,0.67795,0.67071,0.67335,0.67861,0.27735,0.27735,0.28031,0.27603,0.27801,0.04514,0.04613,0.04613,0.04284,0.04284,-55.46698,2192.00000
0.67828,0.67795,0.67861,0.67663,0.67203,0.27636,0.27998,0.27537,0.28129,0.27702,0.04416,0.04646,0.04481,0.05008,0.04218,-55.46698,2193.00000
0.68025,0.67400,0.67696,0.67894,0.67696,0.28097,0.27735,0.27537,0.27866,0.28031,0.04613,0.04416,0.04745,0.04514,0.04580,-56.43955,2194.00000
0.68288,0.67236,0.67532,0.67335,0.67631,0.28162,0.27768,0.27472,0.27932,0.27801,0.04712,0.04120,0.04712,0.04251,0.04580,-56.43955,2195.00000
0.67302,0.67696,0.67236,0.67631,0.67959,0.27833,0.27932,0.27899,0.27866,0.27603,0.05008,0.04679,0.04712,0.04777,0.04218,-56.45464,2196.00000
0.67269,0.67236,0.67795,0.67663,0.67532,0.27899,0.27932,0.27801,0.27833,0.27965,0.04514,0.04514,0.04712,0.04613,0.04843,-56.45464,2197.00000
0.67959,0.67631,0.67631,0.67466,0.68190,0.27801,0.28261,0.27472,0.27307,0.27669,0.04218,0.04317,0.04481,0.04514,0.04251,-56.06179,2198.00000
0.68288,0.67499,0.67104,0.67598,0.67499,0.27702,0.27307,0.27768,0.28195,0.27406,0.03922,0.04679,0.04449,0.04251,0.04580,-56.06179,2199.00000
0.67400,0.67795,0.67795,0.67762,0.68354,0.27801,0.27636,0.27110,0.27866,0.27866,0.04745,0.04679,0.04777,0.04646,0.04481,-56.33412,2200.00000
0.67433,0.67631,0.66907,0.67335,0.68091,0.27702,0.28228,0.28195,0.27669,0.28031,0.04745,0.04185,0.04580,0.04218,0.04613,-56.33412,2201.00000
0.67302,0.67236,0.67466,0.68617,0.67992,0.27899,0.27866,0.27801,0.27998,0.28129,0.04580,0.04613,0.04547,0.04613,0.04810,-56.64606,2202.00000
0.67598,0.67565,0.67795,0.66841,0.67466,0.27570,0.27932,0.28097,0.28097,0.27998,0.04416,0.04646,0.04777,0.04975,0.04514,-56.64606,2203.00000
0.67795,0.67433,0.67795,0.68025,0.67565,0.27932,0.27702,0.27439,0.27801,0.28228,0.04350,0.04679,0.04909,0.04843,0.04580,-55.85721,2204.00000
0.67203,0.67598,0.68157,0.67729,0.67663,0.28129,0.27801,0.27965,0.27801,0.28294,0.04580,0.04613,0.04449,0.04383,0.04514,-55.85721,2205.00000
0.67170,0.66907,0.66907,0.67532,0.68058,0.28031,0.27636,0.27735,0.28294,0.27570,0.04514,0.04383,0.04843,0.04646,0.04416,-54.60097,2206.00000
0.68223,0.67170,0.68058,0.67203,0.68288,0.27472,0.28097,0.27570,0.27570,0.27899,0.04777,0.04481,0.04679,0.04679,0.04580,-54.60097,2207.00000
0.67203,0.67532,0.67170,0.67992,0.68617,0.27833,0.28195,0.27801,0.27866,0.27899,0.04810,0.04745,0.05008,0.04481,0.04777,-52.87666,2208.00000
0.67663,0.67663,0.67598,0.68486,0.67598,0.27636,0.28129,0.27932,0.27669,0.27998,0.04383,0.04679,0.04843,0.04449,0.05008,-52.87666,2209.00000
0.67861,0.67663,0.67663,0.68420,0.67927,0.28129,0.28031,0.27932,0.27669,0.27702,0.04449,0.05008,0.04613,0.04975,0.04745,-53.06675,2210.00000
0.67631,0.67335,0.67828,0.67400,0.68124,0.28425,0.27735,0.27636,0.27702,0.27833,0.04449,0.04350,0.04317,0.04712,0.04613,-53.06675,2211.00000
0.68091,0.67400,0.68387,0.67861,0.67927,0.28294,0.27932,0.28195,0.27636,0.28129,0.04810,0.04679,0.04810,0.04876,0.04383,-53.28386,2212.00000
0.67302,0.67992,0.67269,0.67400,0.68190,0.27833,0.28031,0.28327,0.27801,0.27932,0.04942,0.04909,0.04876,0.04942,0.04580,-53.28386,2213.00000
0.67795,0.68223,0.67302,0.67927,0.67894,0.28162,0.27505,0.28228,0.27472,0.28261,0.04580,0.04712,0.04481,0.04580,0.04218,-54.05404,2214.00000
0.67861,0.68058,0.68354,0.67433,0.67071,0.27603,0.27768,0.27406,0.28031,0.27768,0.04777,0.04777,0.05106,0.04350,0.04876,-54.05404,2215.00000
0.68321,0.67236,0.68124,0.68420,0.67302,0.28097,0.28360,0.27537,0.28195,0.28064,0.04712,0.04745,0.04975,0.04975,0.04449,-55.35710,2216.00000
0.68256,0.67532,0.68124,0.67696,0.67696,0.28129,0.27899,0.27866,0.28195,0.27899,0.04416,0.05073,0.04449,0.04481,0.04547,-55.35710,2217.00000
0.68519,0.68223,0.67663,0.67400,0.68124,0.27899,0.27965,0.27472,0.27669,0.27636,0.04547,0.04350,0.04481,0.04777,0.04810,-55.34456,2218.00000
0.67400,0.67302,0.68124,0.67795,0.67367,0.27669,0.27833,0.28031,0.27833,0.27570,0.04646,0.04975,0.04975,0.04712,0.04843,-55.34456,2219.00000
0.67170,0.67466,0.67433,0.67499,0.67696,0.28294,0.27932,0.28129,0.27866,0.27505,0.04679,0.04646,0.04745,0.04712,0.04975,-55.09416,2220.00000
0.67959,0.67992,0.67729,0.67433,0.67762,0.27735,0.27899,0.27899,0.27866,0.27406,0.04481,0.04481,0.04942,0.04942,0.04580,-55.09416,2221.00000
0.68387,0.67335,0.67729,0.67631,0.68321,0.27768,0.27537,0.27932,0.27768,0.27373,0.04449,0.04843,0.04810,0.05008,0.04350,-56.10909,2222.00000
0.67104,0.67433,0.67400,0.67532,0.67795,0.27439,0.27768,0.27998,0.27406,0.27965,0.04942,0.04514,0.04613,0.04580,0.04909,-56.10909,2223.00000
0.67433,0.67466,0.67499,0.67631,0.66907,0.28097,0.27669,0.27768,0.27866,0.27768,0.04613,0.05106,0.04514,0.04712,0.04350,-56.50425,2224.00000
0.67565,0.68190,0.67071,0.67894,0.67795,0.27373,0.27702,0.27965,0.28097,0.28294,0.04810,0.04810,0.04613,0.04383,0.04679,-56.50425,2225.00000
0.67269,0.67696,0.67532,0.67104,0.67335,0.27570,0.28129,0.27801,0.27702,0.27603,0.05008,0.04613,0.04613,0.04745,0.04810,-56.13543,2226.00000
0.67302,0.67335,0.67170,0.66973,0.67828,0.27998,0.27636,0.27603,0.27965,0.27110,0.04613,0.04777,0.04646,0.04679,0.04909,-56.13543,2227.00000
0.67663,0.67631,0.67400,0.67795,0.67137,0.27866,0.28327,0.27801,0.27801,0.28162,0.04218,0.04449,0.04481,0.05073,0.04942,-55.75814,2228.00000
0.67992,0.67367,0.68025,0.67992,0.67367,0.28129,0.27768,0.27899,0.27735,0.27735,0.04975,0.04383,0.04843,0.04679,0.05041,-55.75814,2229.00000
0.66907,0.67729,0.67565,0.67039,0.67466,0.27669,0.27044,0.27373,0.27899,0.27472,0.04843,0.04843,0.04712,0.05008,0.05304,-55.84782,2230.00000
0.67532,0.67927,0.67400,0.67466,0.67532,0.28031,0.27768,0.27801,0.27833,0.28097,0.04481,0.04942,0.04679,0.04449,0.04876,-55.84782,2231.00000
0.67302,0.67729,0.67104,0.67466,0.67565,0.28064,0.27669,0.27833,0.27998,0.28360,0.04646,0.04745,0.04547,0.04876,0.04514,-55.92928,2232.00000
0.67696,0.67532,0.67992,0.67367,0.67170,0.27866,0.27932,0.27833,0.27965,0.28360,0.04777,0.04942,0.04975,0.04679,0.05139,-55.92928,2233.00000
0.67992,0.67729,0.67137,0.67598,0.67302,0.27801,0.28294,0.27965,0.27866,0.27768,0.04185,0.04909,0.04745,0.05106,0.04547,-55.86259,2234.00000
0.67335,0.67302,0.67631,0.67696,0.67400,0.27603,0.27702,0.27866,0.27735,0.27801,0.04942,0.05106,0.04843,0.04843,0.04975,-55.86259,2235.00000
0.67729,0.67039,0.67762,0.66973,0.67631,0.27768,0.27866,0.27768,0.27735,0.27735,0.04745,0.04777,0.04646,0.04712,0.05073,-55.01626,2236.00000
0.67466,0.67598,0.67466,0.67696,0.67367,0.27570,0.27669,0.27768,0.27866,0.28228,0.05041,0.04876,0.04514,0.04777,0.04646,-55.01626,2237.00000
0.67828,0.67532,0.67466,0.67927,0.67598,0.28064,0.27537,0.27932,0.27768,0.27636,0.05106,0.04975,0.04876,0.04876,0.04909,-56.57795,2238.00000
0.67269,0.67104,0.67729,0.67367,0.67598,0.28031,0.27768,0.28064,0.27570,0.27866,0.04745,0.04514,0.04317,0.04580,0.04777,-56.57795,2239.00000
0.67335,0.67499,0.67302,0.66907,0.67861,0.27669,0.28261,0.27833,0.27603,0.27932,0.04777,0.04777,0.05139,0.04876,0.04810,-57.40519,2240.00000
0.67236,0.67499,0.68354,0.67137,0.67236,0.27439,0.27998,0.27439,0.27866,0.27866,0.04745,0.05008,0.04646,0.04449,0.04975,-57.40519,2241.00000
0.67598,0.67104,0.67269,0.67433,0.67466,0.27735,0.27735,0.27472,0.27833,0.27768,0.05041,0.05073,0.04679,0.04777,0.04712,-57.01070,2242.00000
0.67795,0.68157,0.67927,0.67400,0.67203,0.27833,0.28064,0.27537,0.28031,0.27768,0.04843,0.04975,0.04777,0.04843,0.05008,-57.01070,2243.00000
0.67335,0.67894,0.66677,0.66973,0.66808,0.27439,0.27044,0.27373,0.27505,0.28097,0.04613,0.04843,0.04613,0.05041,0.05073,-56.81101,2244.00000
0.67367,0.67236,0.67400,0.67367,0.67696,0.27965,0.27702,0.27439,0.27044,0.27801,0.05106,0.04810,0.04679,0.04777,0.04975,-56.81101,2245.00000
0.67532,0.67071,0.67631,0.67006,0.68288,0.27505,0.27801,0.27801,0.27866,0.27735,0.05172,0.04481,0.04975,0.04712,0.05139,-56.07885,2246.00000
0.67335,0.67006,0.66578,0.67400,0.67894,0.27669,0.27801,0.27176,0.27702,0.27209,0.04810,0.04843,0.04547,0.04909,0.04646,-56.07885,2247.00000
0.67137,0.67039,0.67203,0.67170,0.67729,0.27603,0.27603,0.27176,0.27735,0.27505,0.05041,0.04777,0.04547,0.04580,0.04777,-55.82507,2248.00000
0.67894,0.67400,0.67828,0.67071,0.67499,0.27932,0.27537,0.27768,0.28031,0.27768,0.04909,0.05008,0.04613,0.05008,0.04942,-55.82507,2249.00000
0.67039,0.67861,0.67762,0.66414,0.67367,0.27899,0.27603,0.27537,0.27866,0.27866,0.04745,0.04975,0.05008,0.04777,0.04876,-55.92035,2250.00000
0.67203,0.67039,0.67335,0.67532,0.66644,0.27702,0.28064,0.27899,0.27406,0.27669,0.04712,0.04777,0.04843,0.04712,0.04843,-55.92035,2251.00000
0.67203,0.66743,0.67170,0.67466,0.67203,0.27998,0.27768,0.27373,0.27406,0.27570,0.05238,0.05073,0.04679,0.04580,0.04679,-55.48215,2252.00000
0.66907,0.67269,0.67466,0.67203,0.67335,0.27603,0.28031,0.27570,0.27603,0.27307,0.04843,0.05008,0.04942,0.04613,0.05271,-55.48215,2253.00000
0.67631,0.67433,0.67499,0.67663,0.67203,0.27735,0.28031,0.27932,0.27373,0.27866,0.05172,0.04942,0.05205,0.05041,0.05304,-55.94176,2254.00000
0.67236,0.66973,0.67499,0.67400,0.67598,0.27570,0.27472,0.28064,0.27899,0.27307,0.04745,0.04876,0.04942,0.04745,0.04810,-55.94176,2255.00000
0.67762,0.66940,0.67992,0.66874,0.67762,0.28228,0.27833,0.27866,0.27505,0.27669,0.05106,0.04942,0.05304,0.05106,0.04843,-55.90545,2256.00000
0.66874,0.67861,0.67006,0.67400,0.67992,0.28097,0.27603,0.27669,0.27669,0.28261,0.04843,0.05172,0.05139,0.04646,0.05468,-55.90545,2257.00000
0.66775,0.67269,0.67400,0.67269,0.66578,0.27965,0.27439,0.27505,0.27932,0.27932,0.05073,0.05073,0.04942,0.04909,0.05041,-56.06796,2258.00000
0.67006,0.67762,0.67400,0.67137,0.67269,0.27866,0.27406,0.27768,0.27833,0.27998,0.05205,0.05041,0.04942,0.04876,0.04777,-56.06796,2259.00000
0.67762,0.67335,0.67565,0.67828,0.67861,0.27636,0.27965,0.27932,0.28064,0.27702,0.05041,0.04876,0.04843,0.05008,0.04810,-55.41679,2260.00000
0.66841,0.67335,0.67466,0.67236,0.67466,0.27735,0.27537,0.27603,0.28162,0.27505,0.05468,0.05041,0.04876,0.05172,0.05271,-55.41679,2261.00000
0.67499,0.67302,0.67433,0.67039,0.66808,0.27340,0.27998,0.27965,0.27603,0.27570,0.04843,0.05008,0.05205,0.05106,0.05106,-55.74306,2262.00000
0.67663,0.67104,0.67433,0.67433,0.67631,0.27899,0.27636,0.28097,0.27274,0.28425,0.04679,0.04876,0.04942,0.05139,0.05041,-55.74306,2263.00000
0.67006,0.66874,0.67696,0.67137,0.67565,0.27998,0.27307,0.27636,0.26913,0.27669,0.04843,0.04712,0.05073,0.05008,0.05369,-55.83052,2264.00000
0.67137,0.66743,0.67861,0.66743,0.67170,0.27669,0.27801,0.27307,0.27932,0.27537,0.05304,0.04909,0.04975,0.05205,0.05238,-55.83052,2265.00000
0.67137,0.66710,0.67499,0.67039,0.67367,0.27406,0.27833,0.28393,0.27965,0.27636,0.04975,0.04909,0.04909,0.04975,0.04646,-55.53245,2266.00000
0.67696,0.68025,0.66775,0.67598,0.66775,0.27702,0.27241,0.27702,0.27669,0.27505,0.04975,0.05205,0.05567,0.04975,0.05172,-55.53245,2267.00000
0.67071,0.67269,0.67532,0.67269,0.67400,0.27537,0.27603,0.27472,0.27801,0.27307,0.05139,0.05139,0.05205,0.05369,0.05073,-55.65685,2268.00000
0.67335,0.67828,0.67170,0.67795,0.67137,0.27768,0.27669,0.27998,0.27537,0.27801,0.04975,0.05271,0.05008,0.05106,0.05139,-55.65685,2269.00000
0.67433,0.67466,0.66841,0.67170,0.67039,0.27735,0.28064,0.28162,0.27406,0.27735,0.04876,0.05073,0.05271,0.04712,0.04810,-55.80450,2270.00000
0.67071,0.66743,0.67006,0.67433,0.67729,0.27406,0.27735,0.27768,0.28129,0.28031,0.04613,0.05139,0.05238,0.04909,0.04745,-55.80450,2271.00000
0.67729,0.66841,0.67335,0.67236,0.67696,0.27735,0.27768,0.27636,0.27406,0.28031,0.05205,0.05139,0.04909,0.05041,0.04843,-56.16641,2272.00000
0.67696,0.67302,0.66743,0.67565,0.67367,0.27505,0.27833,0.27110,0.27965,0.27866,0.04712,0.05172,0.05304,0.05337,0.04909,-56.16641,2273.00000
0.67302,0.67433,0.67696,0.67696,0.67302,0.27636,0.27636,0.27833,0.27965,0.27537,0.05106,0.04975,0.05172,0.05172,0.05008,-56.22041,2274.00000
0.67400,0.67302,0.67663,0.67762,0.67532,0.27472,0.27768,0.27965,0.27340,0.27702,0.04876,0.05008,0.05106,0.04909,0.05106,-56.22041,2275.00000
0.67532,0.66874,0.67729,0.67565,0.67071,0.27833,0.27702,0.27537,0.27570,0.28294,0.04580,0.04810,0.05369,0.05304,0.05106,-55.87388,2276.00000
0.67269,0.66973,0.67302,0.67992,0.67302,0.27998,0.27439,0.27899,0.27669,0.27340,0.04777,0.05205,0.05106,0.04876,0.04975,-55.87388,2277.00000
0.67663,0.67762,0.67302,0.67367,0.67367,0.28064,0.27735,0.27537,0.28097,0.28031,0.04876,0.04909,0.04876,0.05567,0.05008,-55.95940,2278.00000
0.67302,0.67433,0.67631,0.67433,0.67894,0.27866,0.28228,0.27603,0.28162,0.27965,0.05304,0.05106,0.05238,0.04909,0.04876,-55.95940,2279.00000
0.67203,0.66973,0.67565,0.67696,0.67269,0.28097,0.27636,0.28458,0.27833,0.27965,0.05106,0.04843,0.04909,0.04942,0.04745,-56.45870,2280.00000
0.67565,0.68058,0.68256,0.67170,0.67335,0.27537,0.27965,0.27801,0.27833,0.27833,0.05008,0.05008,0.05106,0.04942,0.04909,-56.45870,2281.00000
0.67729,0.67170,0.67104,0.67565,0.67861,0.27603,0.27998,0.27241,0.27768,0.27702,0.04712,0.04942,0.04646,0.05369,0.05041,-56.14683,2282.00000
0.67071,0.68091,0.66775,0.67236,0.67006,0.27768,0.27669,0.27998,0.28162,0.27570,0.05073,0.05205,0.05238,0.04679,0.04843,-56.14683,2283.00000
0.67170,0.67367,0.67499,0.67598,0.67433,0.27636,0.27998,0.27899,0.28195,0.28031,0.05337,0.05008,0.04909,0.05106,0.05271,-55.99578,2284.00000
0.67466,0.68058,0.67828,0.67959,0.68025,0.27801,0.27768,0.27505,0.27965,0.27636,0.04843,0.05238,0.05139,0.05337,0.05073,-55.99578,2285.00000
0.68223,0.67466,0.67302,0.67532,0.67433,0.27505,0.27537,0.27373,0.27768,0.27537,0.05271,0.04679,0.05337,0.04843,0.04975,-55.28305,2286.00000
0.67532,0.67598,0.67433,0.67828,0.67598,0.28097,0.27505,0.27669,0.27570,0.27833,0.05468,0.05008,0.05238,0.05139,0.05041,-55.28305,2287.00000
0.67302,0.68157,0.67729,0.67499,0.67269,0.27439,0.27636,0.27932,0.27899,0.27801,0.05041,0.04712,0.05073,0.04876,0.05008,-55.41008,2288.00000
0.66775,0.67236,0.67499,0.67696,0.67598,0.27505,0.27735,0.27932,0.27735,0.27833,0.05172,0.05600,0.05106,0.05665,0.05139,-55.41008,2289.00000
0.67631,0.67170,0.67894,0.68091,0.67071,0.27373,0.27505,0.27077,0.27866,0.27505,0.05172,0.05238,0.05139,0.05271,0.05172,-56.03756,2290.00000
0.66775,0.67335,0.67532,0.67762,0.67762,0.27899,0.27801,0.27735,0.27669,0.27998,0.05041,0.04909,0.05172,0.05402,0.05008,-56.03756,2291.00000
0.67400,0.67236,0.67631,0.67532,0.66677,0.27439,0.27669,0.27899,0.27833,0.27932,0.04810,0.04876,0.05304,0.04975,0.05337,-56.11937,2292.00000
0.67236,0.67433,0.67335,0.67696,0.66940,0.27669,0.27537,0.27735,0.27866,0.27735,0.05041,0.05205,0.05238,0.05337,0.05304,-56.11937,2293.00000
0.67269,0.67400,0.67302,0.67466,0.66874,0.27965,0.28162,0.27768,0.27505,0.27998,0.05238,0.04942,0.05106,0.05238,0.05172,-56.38000,2294.00000
0.67565,0.67335,0.66907,0.67236,0.67302,0.27636,0.28162,0.27570,0.27537,0.27735,0.05271,0.05172,0.05271,0.05205,0.05271,-56.38000,2295.00000
0.67006,0.67170,0.67499,0.67137,0.67269,0.27998,0.27998,0.27702,0.27965,0.27636,0.05633,0.05008,0.04843,0.04975,0.05008,-56.82037,2296.00000
0.67367,0.67302,0.66578,0.67466,0.67861,0.27768,0.27241,0.27603,0.27406,0.27340,0.05106,0.05271,0.05369,0.05041,0.05205,-56.82037,2297.00000
0.67466,0.67532,0.67170,0.66775,0.66907,0.27603,0.27998,0.27472,0.28064,0.27998,0.05468,0.05304,0.05106,0.05172,0.04810,-56.73782,2298.00000
0.66874,0.67466,0.66973,0.66907,0.67302,0.27965,0.27965,0.27505,0.27439,0.27603,0.05435,0.05106,0.05106,0.04876,0.04909,-56.73782,2299.00000
0.67006,0.67006,0.67269,0.66249,0.67269,0.27340,0.27702,0.27833,0.27801,0.28129,0.05238,0.05238,0.05304,0.05041,0.05205,-56.76002,2300.00000
0.66907,0.67039,0.67335,0.67137,0.67039,0.27801,0.27801,0.27472,0.28097,0.27899,0.05304,0.05567,0.05172,0.05304,0.05172,-56.76002,2301.00000
0.67499,0.67071,0.67104,0.68223,0.67663,0.28097,0.27505,0.27801,0.27636,0.27965,0.05304,0.05369,0.05271,0.05073,0.04843,-56.21204,2302.00000
0.67302,0.67302,0.67302,0.67762,0.68288,0.27603,0.27373,0.27669,0.27735,0.27669,0.05271,0.05369,0.05337,0.05304,0.04909,-56.21204,2303.00000
0.67006,0.67203,0.67466,0.67532,0.67137,0.27603,0.27735,0.27505,0.28195,0.28031,0.05041,0.05337,0.05205,0.05139,0.05369,-56.23835,2304.00000
0.67663,0.67236,0.67729,0.67532,0.67039,0.27110,0.27472,0.27735,0.27570,0.27965,0.05501,0.05633,0.05304,0.05534,0.05238,-56.23835,2305.00000
0.66381,0.67927,0.67433,0.67499,0.67433,0.27801,0.27965,0.27735,0.27472,0.27603,0.05665,0.05665,0.05369,0.05369,0.04876,-56.51761,2306.00000
0.67269,0.67499,0.68124,0.67696,0.67696,0.27735,0.27866,0.27768,0.27899,0.27636,0.05106,0.05435,0.05041,0.04942,0.05041,-56.51761,2307.00000
0.67071,0.67400,0.67466,0.67400,0.67565,0.27768,0.27439,0.27603,0.27505,0.28097,0.05271,0.05238,0.05435,0.05534,0.05172,-57.24562,2308.00000
0.67762,0.67170,0.67696,0.67302,0.67959,0.27505,0.27899,0.27866,0.27406,0.27669,0.05337,0.05304,0.05600,0.04810,0.05501,-57.24562,2309.00000
0.66775,0.67400,0.67137,0.66874,0.67762,0.27636,0.27603,0.26978,0.27603,0.27603,0.05337,0.05468,0.05172,0.05073,0.05271,-56.87232,2310.00000
0.67137,0.66874,0.67203,0.67992,0.66775,0.27965,0.27472,0.27866,0.28162,0.27702,0.05172,0.05139,0.04777,0.05337,0.05073,-56.87232,2311.00000
0.66940,0.67335,0.67203,0.66973,0.66940,0.27833,0.27340,0.27965,0.27833,0.27702,0.05337,0.04876,0.05337,0.05008,0.05008,-56.55628,2312.00000
0.66743,0.67269,0.67071,0.67598,0.67631,0.27768,0.27801,0.27636,0.27998,0.27636,0.05041,0.05041,0.05271,0.05468,0.05041,-56.55628,2313.00000
0.67269,0.67236,0.68256,0.67861,0.67565,0.27801,0.27833,0.27801,0.28195,0.27505,0.05271,0.05600,0.05205,0.05501,0.05304,-56.23712,2314.00000
0.68025,0.67795,0.67499,0.67729,0.67466,0.27472,0.27833,0.27801,0.27965,0.27669,0.05073,0.05238,0.05041,0.05435,0.05369,-56.23712,2315.00000
0.67696,0.67565,0.67335,0.67335,0.68354,0.27537,0.27439,0.28393,0.27801,0.27307,0.05468,0.05468,0.05534,0.05369,0.05271,-56.44620,2316.00000
0.66973,0.67729,0.67302,0.67565,0.67927,0.27866,0.27603,0.27570,0.27669,0.27735,0.05501,0.05238,0.05468,0.05172,0.05764,-56.44620,2317.00000
0.67828,0.67795,0.67565,0.67466,0.67236,0.27636,0.28360,0.27932,0.27603,0.27669,0.05106,0.05600,0.05041,0.05402,0.05139,-56.10640,2318.00000
0.66808,0.67269,0.67170,0.67006,0.67795,0.27998,0.27570,0.28031,0.27669,0.27505,0.05633,0.05139,0.05369,0.05402,0.05106,-56.10640,2319.00000
0.68256,0.67598,0.67565,0.67532,0.67170,0.28162,0.28129,0.27965,0.27932,0.27669,0.05271,0.05008,0.05435,0.05435,0.05172,-55.79002,2320.00000
0.67269,0.66973,0.66644,0.67367,0.67203,0.27735,0.28228,0.27603,0.27768,0.28031,0.05402,0.05172,0.05369,0.05073,0.05468,-55.79002,2321.00000
0.67499,0.67170,0.67269,0.67400,0.66545,0.27932,0.27340,0.27735,0.27505,0.28327,0.05534,0.05764,0.05369,0.05139,0.05073,-55.43651,2322.00000
0.67894,0.67433,0.67335,0.67565,0.67598,0.27702,0.27801,0.28064,0.27899,0.27833,0.05238,0.05073,0.05205,0.05501,0.05041,-55.43651,2323.00000
0.67696,0.67203,0.67433,0.67631,0.67959,0.28162,0.27899,0.27866,0.28031,0.27702,0.05271,0.05468,0.05534,0.05435,0.05271,-55.96288,2324.00000
0.67828,0.67071,0.66973,0.67006,0.67894,0.27669,0.27373,0.27801,0.27702,0.27833,0.05468,0.05698,0.05698,0.05435,0.05534,-55.96288,2325.00000
0.67236,0.67203,0.67598,0.67367,0.67598,0.27570,0.27669,0.27833,0.27537,0.27932,0.05402,0.05238,0.05435,0.05238,0.05501,-55.86230,2326.00000
0.68091,0.67039,0.67696,0.67071,0.67762,0.27603,0.27570,0.27768,0.27735,0.27636,0.05501,0.05041,0.05205,0.05008,0.05534,-55.86230,2327.00000
0.67006,0.67269,0.67565,0.67729,0.67696,0.27669,0.27570,0.27209,0.27274,0.27833,0.05008,0.05238,0.05402,0.05402,0.05238,-55.08447,2328.00000
0.67696,0.67959,0.67762,0.67367,0.67367,0.27505,0.27340,0.27801,0.27735,0.28129,0.05534,0.05698,0.05304,0.05369,0.05139,-55.08447,2329.00000
0.67269,0.67466,0.67927,0.66841,0.67269,0.27866,0.27932,0.27801,0.27537,0.27899,0.05337,0.05337,0.05402,0.05468,0.05106,-55.69653,2330.00000
0.67466,0.67302,0.67170,0.67894,0.67663,0.28097,0.27932,0.27669,0.27537,0.27472,0.05369,0.05008,0.05567,0.05534,0.05172,-55.69653,2331.00000
0.68091,0.67598,0.67466,0.67039,0.67269,0.28097,0.27768,0.27537,0.27801,0.28064,0.05534,0.05764,0.05304,0.05238,0.05073,-55.72424,2332.00000
0.67631,0.66578,0.67302,0.67499,0.67795,0.28097,0.27932,0.27965,0.27669,0.27801,0.06027,0.05600,0.05534,0.05139,0.05633,-55.72424,2333.00000
0.67170,0.67433,0.67762,0.67959,0.67861,0.28228,0.27537,0.28129,0.28261,0.27735,0.05205,0.05369,0.05731,0.05402,0.05172,-56.32648,2334.00000
0.67959,0.67137,0.67729,0.67631,0.68025,0.28261,0.27932,0.27866,0.27866,0.27570,0.05731,0.05534,0.05402,0.05468,0.05205,-56.32648,2335.00000
0.67499,0.67466,0.67137,0.67795,0.67992,0.27735,0.28129,0.27373,0.27603,0.27899,0.05402,0.05567,0.05665,0.05567,0.05600,-56.56656,2336.00000
0.67433,0.67631,0.66973,0.67104,0.67039,0.27603,0.28097,0.27603,0.27274,0.27505,0.05402,0.05238,0.05304,0.05205,0.05435,-56.56656,2337.00000
0.67631,0.68058,0.67992,0.67335,0.67828,0.27373,0.27735,0.27570,0.27373,0.27866,0.05402,0.05172,0.05633,0.05304,0.05073,-56.47908,2338.00000
0.67762,0.67959,0.67861,0.67236,0.67466,0.28129,0.27570,0.27965,0.27570,0.27735,0.04909,0.05205,0.05304,0.05337,0.05633,-56.47908,2339.00000
0.67598,0.67598,0.66874,0.67959,0.66611,0.28031,0.28031,0.27636,0.27307,0.27735,0.05205,0.05501,0.05205,0.05238,0.05369,-56.38651,2340.00000
0.67565,0.67696,0.67203,0.68190,0.66940,0.27801,0.27735,0.27801,0.27932,0.27866,0.05435,0.05139,0.05665,0.05567,0.05534,-56.38651,2341.00000
0.67367,0.67203,0.66973,0.67367,0.67433,0.27505,0.27932,0.27998,0.27241,0.28064,0.05534,0.05238,0.05665,0.05534,0.05665,-55.35634,2342.00000
0.67466,0.67598,0.67663,0.67170,0.67236,0.27801,0.27866,0.27603,0.27833,0.27932,0.05501,0.05534,0.05172,0.05304,0.05665,-55.35634,2343.00000
0.66907,0.67696,0.67236,0.67104,0.66743,0.27833,0.27110,0.27472,0.27735,0.27735,0.05205,0.05139,0.05402,0.05665,0.05501,-55.28315,2344.00000
0.67400,0.67828,0.67565,0.67729,0.67170,0.27537,0.27537,0.27439,0.27603,0.28162,0.05468,0.05369,0.05797,0.05435,0.05665,-55.28315,2345.00000
0.67532,0.68157,0.67795,0.67433,0.67499,0.27143,0.27505,0.27833,0.28294,0.27768,0.05534,0.05238,0.05238,0.05435,0.05238,-55.55417,2346.00000
0.67729,0.67335,0.67203,0.67104,0.67269,0.27537,0.27241,0.27866,0.28064,0.27570,0.05468,0.05139,0.05369,0.05567,0.05106,-55.55417,2347.00000
0.67071,0.67137,0.66710,0.67137,0.67104,0.27537,0.27702,0.27472,0.28195,0.27801,0.05567,0.05402,0.05600,0.05698,0.05271,-56.10228,2348.00000
0.67170,0.67367,0.67663,0.67302,0.67795,0.27570,0.27340,0.27702,0.27702,0.27833,0.05304,0.05402,0.05501,0.05468,0.05731,-56.10228,2349.00000
0.66940,0.67335,0.67959,0.67696,0.67203,0.27406,0.27866,0.27505,0.27801,0.27833,0.05665,0.05567,0.05369,0.05501,0.05567,-55.76110,2350.00000
0.67104,0.67631,0.67861,0.67367,0.67696,0.27965,0.27537,0.27998,0.27801,0.27899,0.05665,0.05567,0.05665,0.05402,0.05435,-55.76110,2351.00000
0.67959,0.67203,0.68058,0.67499,0.67006,0.27932,0.27833,0.28162,0.27505,0.27570,0.05304,0.05567,0.05041,0.05369,0.05337,-55.78827,2352.00000
0.67729,0.67499,0.67170,0.67203,0.67729,0.27735,0.27932,0.28162,0.28031,0.27768,0.05205,0.05271,0.05600,0.05633,0.05534,-55.78827,2353.00000
0.67236,0.67663,0.67006,0.67039,0.67104,0.27899,0.27866,0.27537,0.27570,0.27340,0.05337,0.05698,0.05600,0.05369,0.05304,-56.29745,2354.00000
0.67565,0.67532,0.67104,0.67631,0.66973,0.27537,0.27833,0.27669,0.28031,0.27866,0.05534,0.05633,0.05797,0.05896,0.05665,-56.29745,2355.00000
0.67532,0.67828,0.67631,0.67269,0.67104,0.27702,0.27702,0.27702,0.27768,0.27603,0.05337,0.05534,0.05600,0.05501,0.05238,-56.22734,2356.00000
0.66940,0.67861,0.67499,0.67039,0.67203,0.27603,0.27899,0.27866,0.27636,0.27537,0.05600,0.05172,0.05698,0.05534,0.05567,-56.22734,2357.00000
0.67236,0.66808,0.67400,0.67729,0.67532,0.27801,0.27702,0.27965,0.27833,0.27669,0.05271,0.05468,0.05468,0.05501,0.05337,-56.83193,2358.00000
0.67170,0.66940,0.67631,0.67466,0.67433,0.28031,0.27537,0.27669,0.27998,0.27932,0.05468,0.05501,0.05534,0.05402,0.05665,-56.83193,2359.00000
0.67565,0.67795,0.67039,0.67400,0.67203,0.27439,0.27833,0.27998,0.27866,0.27603,0.05402,0.05337,0.05369,0.05304,0.05468,-56.40181,2360.00000
0.67532,0.67795,0.66808,0.67992,0.67433,0.27702,0.27505,0.27768,0.27735,0.27833,0.05238,0.05600,0.05633,0.05534,0.06225,-56.40181,2361.00000
0.67203,0.67499,0.67532,0.67367,0.67795,0.28097,0.27603,0.27735,0.27768,0.27735,0.05764,0.05567,0.05172,0.05435,0.05304,-56.02805,2362.00000
0.67400,0.67565,0.67762,0.67729,0.66545,0.27965,0.27866,0.27570,0.27801,0.27801,0.05633,0.05468,0.05402,0.05863,0.05337,-56.02805,2363.00000
0.67795,0.67203,0.67367,0.67269,0.67663,0.27570,0.27833,0.28097,0.27998,0.27801,0.05238,0.05435,0.05600,0.05600,0.05600,-55.33824,2364.00000
0.66874,0.67532,0.67795,0.67367,0.67302,0.27866,0.27406,0.27932,0.27570,0.28129,0.05600,0.05698,0.05764,0.05567,0.05402,-55.33824,2365.00000
0.67762,0.67795,0.66315,0.67400,0.67532,0.27702,0.27833,0.27406,0.28162,0.27998,0.05665,0.05468,0.05698,0.05567,0.05402,-55.46697,2366.00000
0.68025,0.67203,0.67466,0.67663,0.66775,0.27307,0.27768,0.27768,0.27932,0.27570,0.05468,0.05764,0.05468,0.05402,0.05764,-55.46697,2367.00000
0.66644,0.67236,0.66841,0.67170,0.67466,0.27307,0.28097,0.27636,0.27537,0.27373,0.05402,0.05698,0.05534,0.05369,0.05962,-56.03671,2368.00000
0.67400,0.67006,0.66743,0.66973,0.67104,0.27735,0.27932,0.27899,0.27866,0.27570,0.05633,0.05271,0.05567,0.05797,0.05633,-56.03671,2369.00000
0.67236,0.67071,0.67631,0.67499,0.67269,0.27603,0.28031,0.27110,0.27965,0.28360,0.05106,0.05633,0.05665,0.05238,0.05501,-55.44755,2370.00000
0.67039,0.67631,0.67039,0.67335,0.67203,0.27603,0.27801,0.27603,0.27505,0.27866,0.05567,0.05304,0.05435,0.05468,0.05501,-55.44755,2371.00000
0.67071,0.67104,0.67367,0.66743,0.67335,0.27373,0.27735,0.27801,0.27833,0.27735,0.05698,0.05534,0.05369,0.05534,0.05435,-56.21011,2372.00000
0.66907,0.66940,0.67236,0.67828,0.67071,0.27636,0.27833,0.27768,0.27833,0.27768,0.05402,0.05402,0.05304,0.05764,0.05665,-56.21011,2373.00000
0.67367,0.67269,0.66874,0.67302,0.67203,0.27735,0.27899,0.27472,0.27899,0.27636,0.05698,0.05501,0.05402,0.05600,0.05600,-56.19343,2374.00000
0.67598,0.67729,0.67532,0.67400,0.67894,0.27439,0.27833,0.28064,0.27866,0.27636,0.05369,0.05402,0.05731,0.05830,0.05567,-56.19343,2375.00000
0.67236,0.67400,0.67762,0.67499,0.67006,0.27406,0.27998,0.27899,0.27998,0.27899,0.05633,0.05665,0.05468,0.05271,0.05600,-56.50736,2376.00000
0.67302,0.67104,0.67170,0.67729,0.67071,0.27768,0.27603,0.27537,0.27340,0.27702,0.05501,0.05337,0.05600,0.05468,0.05435,-56.50736,2377.00000
0.67203,0.67927,0.67696,0.66940,0.67335,0.27570,0.27768,0.27636,0.28097,0.27702,0.05205,0.05567,0.05402,0.05402,0.05567,-56.10768,2378.00000
0.67335,0.67104,0.67400,0.67335,0.67170,0.27833,0.27537,0.27472,0.28064,0.27439,0.05797,0.05534,0.05731,0.05600,0.05435,-56.10768,2379.00000
0.67137,0.67828,0.66808,0.67433,0.67631,0.27768,0.27932,0.27472,0.27998,0.27702,0.05501,0.05501,0.05435,0.05863,0.05402,-55.47572,2380.00000
0.66677,0.67762,0.67335,0.66710,0.66907,0.27570,0.27209,0.27603,0.27176,0.27669,0.05238,0.05304,0.05304,0.05567,0.05139,-55.47572,2381.00000
0.67466,0.67631,0.66907,0.66677,0.67696,0.27603,0.27801,0.27373,0.27241,0.28064,0.05534,0.05402,0.05534,0.05698,0.06093,-56.12653,2382.00000
0.67335,0.67762,0.67433,0.66874,0.67236,0.27570,0.27735,0.27439,0.27669,0.27998,0.05764,0.05271,0.05534,0.05567,0.05369,-56.12653,2383.00000
0.67137,0.66710,0.67499,0.66973,0.67104,0.27702,0.27340,0.27537,0.27965,0.27472,0.05797,0.05501,0.05501,0.05896,0.05633,-55.96366,2384.00000
0.67071,0.67795,0.67335,0.66841,0.67335,0.27669,0.27735,0.27899,0.27932,0.27998,0.05600,0.05172,0.05468,0.05665,0.05435,-55.96366,2385.00000
0.67400,0.67170,0.66479,0.67367,0.67565,0.27768,0.27768,0.27768,0.27505,0.27505,0.05501,0.05797,0.04942,0.05271,0.05337,-55.74062,2386.00000
0.66940,0.67335,0.66545,0.67565,0.67137,0.27833,0.27866,0.27866,0.27570,0.27209,0.05633,0.05764,0.05830,0.05698,0.05402,-55.74062,2387.00000
0.66743,0.66085,0.67631,0.66611,0.67400,0.27537,0.28162,0.27077,0.27537,0.27636,0.05665,0.05698,0.05600,0.05534,0.05534,-56.16621,2388.00000
0.66479,0.66841,0.67466,0.66743,0.67302,0.27735,0.28064,0.27768,0.27735,0.27537,0.05435,0.05633,0.05337,0.05238,0.05534,-56.16621,2389.00000
0.67400,0.66677,0.66808,0.66973,0.67335,0.27537,0.27866,0.27603,0.27472,0.27406,0.05435,0.05435,0.05698,0.05435,0.05731,-55.27793,2390.00000
0.67104,0.67071,0.66841,0.67335,0.66644,0.27406,0.27439,0.27932,0.27702,0.27636,0.05238,0.05567,0.05731,0.05863,0.05600,-55.27793,2391.00000
0.67170,0.67499,0.66479,0.66907,0.67203,0.27603,0.27340,0.27176,0.27176,0.27702,0.05271,0.05205,0.05567,0.05600,0.05369,-55.49785,2392.00000
0.66512,0.67762,0.66677,0.67170,0.66907,0.28162,0.27801,0.27044,0.27932,0.27636,0.05830,0.05698,0.05698,0.05534,0.05337,-55.49785,2393.00000
0.67236,0.67565,0.67269,0.67466,0.67631,0.27801,0.27373,0.27735,0.27570,0.27570,0.05435,0.05501,0.05238,0.05698,0.05830,-55.65664,2394.00000
0.67927,0.67269,0.66644,0.66644,0.67302,0.27570,0.27636,0.27110,0.28031,0.27439,0.05731,0.05698,0.05402,0.05633,0.05468,-55.65664,2395.00000
0.67269,0.67071,0.66940,0.67499,0.67039,0.27801,0.27866,0.27866,0.27406,0.27768,0.05830,0.05468,0.05567,0.05402,0.05633,-56.08027,2396.00000
0.67367,0.67302,0.66677,0.67696,0.67071,0.27899,0.28031,0.27768,0.27406,0.27603,0.05271,0.05698,0.05271,0.05929,0.05698,-56.08027,2397.00000
0.66710,0.67236,0.67269,0.67335,0.67137,0.27636,0.27636,0.27537,0.27998,0.27176,0.05534,0.05304,0.05468,0.05633,0.04909,-55.78428,2398.00000
0.66907,0.66644,0.67203,0.66808,0.67466,0.27307,0.27768,0.27570,0.27833,0.27899,0.05962,0.05764,0.05731,0.05764,0.05600,-55.78428,2399.00000
0.66940,0.66677,0.66775,0.67006,0.67170,0.27636,0.27537,0.28031,0.27702,0.27373,0.05205,0.05567,0.05337,0.05633,0.05567,-56.74468,2400.00000
0.67137,0.66743,0.67269,0.66710,0.66940,0.27373,0.27505,0.27702,0.27735,0.27570,0.05600,0.05369,0.05797,0.05238,0.05665,-56.74468,2401.00000
0.67433,0.66907,0.67499,0.67104,0.66841,0.27833,0.27537,0.27636,0.27241,0.27537,0.05271,0.05369,0.05402,0.05633,0.05534,-56.01394,2402.00000
0.67236,0.67170,0.67466,0.66973,0.67729,0.27833,0.27603,0.27570,0.28228,0.27373,0.05501,0.05698,0.05435,0.05764,0.05337,-56.01394,2403.00000
0.67006,0.66677,0.66611,0.66743,0.66808,0.27406,0.27768,0.27768,0.27866,0.27373,0.05633,0.05863,0.05731,0.05567,0.05567,-55.91224,2404.00000
0.66940,0.67104,0.66743,0.66841,0.67762,0.27833,0.27833,0.27077,0.27669,0.28064,0.05567,0.05896,0.05633,0.05600,0.05633,-55.91224,2405.00000
0.67137,0.67499,0.67039,0.66940,0.66841,0.27636,0.27274,0.27768,0.27768,0.27406,0.05633,0.05534,0.05764,0.05797,0.05665,-56.19343,2406.00000
0.66973,0.66512,0.67006,0.66578,0.66940,0.27636,0.27274,0.27669,0.27406,0.27833,0.05468,0.05501,0.05238,0.05600,0.05698,-56.19343,2407.00000
0.66874,0.67137,0.67104,0.67071,0.67039,0.27209,0.27603,0.27833,0.27669,0.27570,0.05665,0.05402,0.05698,0.05369,0.05665,-56.23880,2408.00000
0.67466,0.66841,0.67039,0.66282,0.66381,0.27505,0.27702,0.27866,0.27537,0.27735,0.05731,0.05863,0.05402,0.05501,0.05369,-56.23880,2409.00000
0.67203,0.67367,0.66512,0.66743,0.66743,0.27735,0.27998,0.27866,0.27472,0.27406,0.05633,0.05698,0.05501,0.05698,0.05665,-55.85378,2410.00000
0.66677,0.67236,0.67137,0.67367,0.67466,0.27537,0.27472,0.27899,0.28097,0.27998,0.05534,0.05501,0.05797,0.05698,0.05304,-55.85378,2411.00000
0.67269,0.66578,0.67071,0.68025,0.67696,0.28162,0.27801,0.27636,0.27472,0.27965,0.05567,0.05567,0.05337,0.05402,0.05238,-55.53431,2412.00000
0.66512,0.67400,0.67006,0.67170,0.66710,0.27307,0.27603,0.28097,0.27932,0.28064,0.05435,0.05797,0.05435,0.05468,0.05402,-55.53431,2413.00000
0.66940,0.67302,0.67269,0.66874,0.67269,0.27472,0.27669,0.28162,0.27505,0.28031,0.05665,0.05501,0.05896,0.05369,0.05435,-55.67975,2414.00000
0.67663,0.66611,0.66775,0.66611,0.67499,0.27735,0.27373,0.27768,0.27603,0.27899,0.05369,0.05797,0.05665,0.05172,0.05665,-55.67975,2415.00000
0.67433,0.67466,0.67499,0.66940,0.67071,0.27735,0.27801,0.27669,0.28064,0.27669,0.05764,0.05633,0.05304,0.05633,0.05731,-55.94290,2416.00000
0.67565,0.67367,0.66414,0.67137,0.67400,0.28031,0.27735,0.27406,0.27274,0.28097,0.05600,0.05600,0.06060,0.05369,0.05698,-55.94290,2417.00000
0.67795,0.67104,0.67302,0.67006,0.67894,0.27998,0.27274,0.27702,0.27274,0.27636,0.05929,0.05962,0.05633,0.05764,0.05863,-55.49587,2418.00000
0.67861,0.67006,0.67137,0.67466,0.67631,0.27406,0.27801,0.27669,0.27702,0.27505,0.05731,0.05896,0.05534,0.05698,0.05567,-55.49587,2419.00000
0.67663,0.66874,0.66841,0.66907,0.67335,0.27768,0.27932,0.27406,0.28162,0.27735,0.05764,0.05633,0.05402,0.05962,0.05665,-56.49793,2420.00000
0.66841,0.67598,0.66907,0.67861,0.67894,0.27636,0.27439,0.27669,0.28031,0.27570,0.05501,0.05534,0.05633,0.05797,0.05633,-56.49793,2421.00000
0.66710,0.67302,0.67104,0.67466,0.66973,0.27439,0.28097,0.27570,0.27801,0.27801,0.05633,0.05435,0.05896,0.05896,0.05896,-56.03217,2422.00000
0.67269,0.67236,0.67466,0.67367,0.66808,0.27735,0.27768,0.27406,0.27603,0.27899,0.05369,0.05534,0.05567,0.05534,0.05501,-56.03217,2423.00000
0.67335,0.67137,0.66973,0.66677,0.66940,0.27801,0.27735,0.27833,0.27570,0.27537,0.05633,0.05567,0.05633,0.05863,0.05567,-55.72360,2424.00000
0.67663,0.67236,0.66414,0.67499,0.67269,0.27406,0.27735,0.27801,0.27768,0.27735,0.05501,0.05567,0.05534,0.05534,0.05698,-55.72360,2425.00000
0.67302,0.67795,0.67598,0.67203,0.67071,0.27702,0.27636,0.27801,0.27866,0.27307,0.05600,0.05665,0.05764,0.05435,0.05501,-55.38622,2426.00000
0.67006,0.67367,0.67302,0.67565,0.66874,0.27143,0.27932,0.27340,0.27472,0.27472,0.05600,0.05863,0.05304,0.05600,0.05863,-55.38622,2427.00000
0.67170,0.66479,0.66973,0.67137,0.67071,0.27833,0.27406,0.27406,0.27833,0.27274,0.06060,0.05797,0.05369,0.05896,0.05468,-56.19653,2428.00000
0.67104,0.67236,0.67302,0.67236,0.66381,0.27307,0.27636,0.26978,0.28031,0.27702,0.05863,0.05830,0.05797,0.05534,0.05929,-56.19653,2429.00000
0.67367,0.66973,0.66841,0.67335,0.66545,0.28097,0.27603,0.27735,0.27932,0.27472,0.05402,0.05962,0.05731,0.06159,0.05501,-55.88635,2430.00000
0.67466,0.67631,0.67170,0.66841,0.67433,0.27965,0.27143,0.27768,0.27274,0.27570,0.05501,0.05830,0.05830,0.05731,0.05567,-55.88635,2431.00000
0.67367,0.66775,0.66808,0.67236,0.67400,0.27537,0.27702,0.27899,0.27735,0.27702,0.06027,0.05797,0.05698,0.05665,0.05600,-54.98175,2432.00000
0.67039,0.67137,0.67367,0.67039,0.67335,0.27965,0.27340,0.27735,0.27209,0.27768,0.05731,0.05731,0.05896,0.05600,0.05567,-54.98175,2433.00000
0.67367,0.66677,0.66743,0.67729,0.67170,0.27965,0.27833,0.27241,0.27702,0.28064,0.05698,0.05600,0.05896,0.05633,0.05797,-55.43033,2434.00000
0.67400,0.67400,0.67433,0.66973,0.67039,0.27801,0.27965,0.28228,0.27274,0.27340,0.05830,0.05369,0.05633,0.05731,0.05600,-55.43033,2435.00000
0.67071,0.67565,0.67006,0.67269,0.67203,0.27570,0.28162,0.27373,0.27998,0.27636,0.05665,0.05633,0.05797,0.05830,0.05534,-55.64973,2436.00000
0.66973,0.66907,0.67433,0.67006,0.66808,0.27636,0.27373,0.27570,0.27833,0.28064,0.06159,0.05567,0.05402,0.05567,0.06093,-55.64973,2437.00000
0.67071,0.67269,0.67071,0.66874,0.67400,0.27768,0.27965,0.27603,0.27768,0.27866,0.05797,0.05567,0.05665,0.05994,0.05501,-56.00602,2438.00000
0.67039,0.67170,0.66611,0.66611,0.67302,0.27998,0.27636,0.27307,0.27110,0.27570,0.05896,0.05994,0.05633,0.05633,0.05402,-56.00602,2439.00000
0.67104,0.67006,0.67006,0.67269,0.67302,0.27702,0.28097,0.27406,0.27570,0.27735,0.05468,0.05731,0.05830,0.05698,0.05534,-56.02791,2440.00000
0.67170,0.67269,0.67302,0.67170,0.66841,0.27866,0.27998,0.27570,0.27669,0.27274,0.05896,0.05830,0.05205,0.05698,0.05698,-56.02791,2441.00000
0.66677,0.66315,0.67466,0.66874,0.67071,0.27505,0.27801,0.27307,0.27801,0.27603,0.05501,0.05764,0.05896,0.05797,0.05994,-56.31962,2442.00000
0.67302,0.66611,0.66775,0.67663,0.66808,0.27110,0.27537,0.27735,0.27768,0.27307,0.05764,0.05797,0.05665,0.05337,0.06126,-56.31962,2443.00000
0.66743,0.66940,0.67302,0.66414,0.67203,0.26880,0.27373,0.27899,0.27505,0.27735,0.05665,0.05764,0.05698,0.05534,0.05731,-55.99917,2444.00000
0.66611,0.67598,0.66512,0.67236,0.67335,0.27702,0.27801,0.27406,0.27899,0.27472,0.05797,0.05633,0.05962,0.05698,0.05665,-55.99917,2445.00000
0.67104,0.66775,0.67631,0.67466,0.66611,0.27669,0.27768,0.27603,0.27472,0.27702,0.05501,0.05665,0.05863,0.05863,0.06060,-56.41999,2446.00000
0.67499,0.67006,0.66775,0.67170,0.66183,0.27472,0.27603,0.27702,0.27603,0.27274,0.05764,0.05698,0.05567,0.06027,0.05731,-56.41999,2447.00000
0.66644,0.66973,0.66677,0.67006,0.67203,0.27801,0.27472,0.27406,0.27768,0.28129,0.05402,0.05205,0.05435,0.06027,0.06027,-56.20072,2448.00000
0.66973,0.67071,0.67137,0.66940,0.66907,0.27505,0.27603,0.27669,0.27899,0.27636,0.06060,0.05896,0.05830,0.05863,0.05633,-56.20072,2449.00000
0.67071,0.67335,0.67762,0.66874,0.67170,0.27472,0.27537,0.27932,0.27801,0.27702,0.05468,0.05534,0.05665,0.05731,0.05962,-56.52809,2450.00000
0.66874,0.67104,0.67894,0.67499,0.66644,0.27603,0.27274,0.27636,0.28031,0.27801,0.05764,0.05665,0.05929,0.05501,0.05962,-56.52809,2451.00000
0.67927,0.67335,0.67335,0.66940,0.67335,0.28294,0.27702,0.28097,0.27768,0.27801,0.05435,0.05994,0.05896,0.05830,0.05337,-57.15565,2452.00000
0.67696,0.67203,0.67137,0.67269,0.66841,0.28162,0.27406,0.28360,0.27406,0.27603,0.06389,0.05797,0.05665,0.05600,0.05896,-57.15565,2453.00000
0.67663,0.67104,0.67499,0.67071,0.67335,0.27505,0.27505,0.27472,0.27636,0.27801,0.05534,0.05600,0.05665,0.05994,0.05830,-55.96796,2454.00000
0.66743,0.66808,0.67466,0.67203,0.67466,0.28097,0.27899,0.27702,0.27537,0.27702,0.05830,0.05863,0.06093,0.05863,0.06126,-55.96796,2455.00000
0.66775,0.67532,0.67203,0.67499,0.67828,0.27669,0.27537,0.27570,0.27833,0.27340,0.06159,0.05731,0.05501,0.05468,0.05896,-56.03574,2456.00000
0.67269,0.66841,0.66677,0.68058,0.67039,0.27866,0.27570,0.27702,0.28228,0.27636,0.05106,0.05764,0.05962,0.05567,0.05896,-56.03574,2457.00000
0.66775,0.66973,0.66841,0.67269,0.67466,0.27702,0.27570,0.27570,0.27472,0.27998,0.05633,0.05863,0.05633,0.05304,0.06389,-56.54814,2458.00000
0.66381,0.67400,0.66874,0.67236,0.67104,0.27801,0.27801,0.27932,0.27110,0.27340,0.05600,0.05468,0.05929,0.05929,0.05633,-56.54814,2459.00000
0.67071,0.66841,0.67104,0.67466,0.66644,0.27768,0.27472,0.27636,0.27801,0.27570,0.05863,0.05929,0.05633,0.05863,0.05567,-56.52114,2460.00000
0.67071,0.67302,0.67302,0.66874,0.67006,0.27636,0.27801,0.28360,0.27965,0.27735,0.05567,0.05698,0.05962,0.05929,0.05994,-56.52114,2461.00000
0.67433,0.66710,0.67071,0.66841,0.66973,0.27669,0.27899,0.27702,0.27439,0.27965,0.05929,0.05830,0.05764,0.06126,0.05271,-56.51008,2462.00000
0.67236,0.67071,0.66677,0.67400,0.67006,0.27735,0.27472,0.27735,0.27176,0.27537,0.06027,0.05534,0.05698,0.05468,0.05172,-56.51008,2463.00000
0.66841,0.67236,0.67104,0.67302,0.66874,0.27669,0.27932,0.27472,0.27603,0.27570,0.05698,0.05468,0.05764,0.05731,0.05731,-56.05045,2464.00000
0.66874,0.66512,0.67729,0.67302,0.67006,0.27505,0.27833,0.27505,0.27735,0.27801,0.05731,0.05501,0.05665,0.05830,0.05896,-56.05045,2465.00000
0.67006,0.67104,0.66841,0.67071,0.67335,0.27472,0.27669,0.27636,0.27833,0.27735,0.05468,0.06027,0.05731,0.06126,0.05896,-54.83675,2466.00000
0.66512,0.66907,0.66940,0.66841,0.67170,0.27570,0.27669,0.27439,0.27768,0.27768,0.05600,0.05797,0.05731,0.06027,0.05962,-54.83675,2467.00000
0.66940,0.67663,0.66808,0.67828,0.67400,0.27537,0.27340,0.27570,0.27636,0.27537,0.05830,0.05896,0.06093,0.05731,0.05830,-54.16886,2468.00000
0.67565,0.67696,0.67367,0.67302,0.67269,0.27636,0.27570,0.27603,0.27768,0.27505,0.05698,0.05929,0.06225,0.05633,0.06159,-54.16886,2469.00000
0.66940,0.66907,0.67335,0.67631,0.67203,0.28162,0.27603,0.27899,0.27998,0.27899,0.05665,0.05929,0.05994,0.06093,0.06027,-52.31637,2470.00000
0.67203,0.67170,0.67433,0.67532,0.67499,0.27899,0.27537,0.27801,0.27702,0.27669,0.05731,0.05567,0.06258,0.05698,0.05863,-52.31637,2471.00000
0.67861,0.67071,0.66775,0.67795,0.67400,0.27307,0.27899,0.27570,0.27636,0.27801,0.05633,0.06093,0.05633,0.05698,0.05994,-52.15183,2472.00000
0.66743,0.67532,0.67006,0.66940,0.66611,0.27899,0.27406,0.27406,0.27899,0.27965,0.05797,0.05962,0.05896,0.05501,0.05567,-52.15183,2473.00000
0.67499,0.66512,0.67565,0.66907,0.67400,0.27669,0.27340,0.27636,0.27636,0.27603,0.05633,0.05797,0.05698,0.05962,0.05731,-52.81176,2474.00000
0.67598,0.66874,0.66677,0.67269,0.67170,0.28162,0.27801,0.27702,0.27735,0.27603,0.05534,0.05994,0.05665,0.05863,0.05435,-52.81176,2475.00000
0.66907,0.67137,0.66545,0.66907,0.66940,0.27472,0.27603,0.27932,0.27702,0.27603,0.05402,0.05929,0.05435,0.05797,0.05567,-53.81555,2476.00000
0.66841,0.67367,0.66644,0.67335,0.66874,0.27307,0.28425,0.27439,0.27603,0.27669,0.05863,0.05534,0.05698,0.05435,0.05830,-53.81555,2477.00000
0.67006,0.67203,0.67466,0.67236,0.67236,0.27833,0.27768,0.27702,0.27801,0.27833,0.05797,0.05896,0.05435,0.06060,0.06126,-55.25250,2478.00000
0.66973,0.66940,0.66578,0.67565,0.67104,0.27274,0.27702,0.27472,0.27735,0.27537,0.05929,0.06093,0.05731,0.05567,0.05797,-55.25250,2479.00000
0.66907,0.67071,0.67499,0.67236,0.66578,0.27998,0.27307,0.27603,0.27866,0.27176,0.05830,0.05764,0.06126,0.06060,0.05534,-55.80984,2480.00000
0.67269,0.67400,0.67006,0.66611,0.67039,0.27472,0.27866,0.27801,0.27406,0.27801,0.05468,0.06192,0.06093,0.05896,0.05830,-55.80984,2481.00000
0.66710,0.67236,0.66973,0.67433,0.67269,0.27340,0.27801,0.27176,0.27472,0.27768,0.06258,0.06060,0.06192,0.06126,0.05962,-55.69057,2482.00000
0.66808,0.67532,0.67170,0.67499,0.66743,0.27735,0.27669,0.27833,0.27932,0.27768,0.06126,0.06060,0.05435,0.05633,0.05929,-55.69057,2483.00000
0.67565,0.67433,0.66973,0.66414,0.67170,0.27603,0.27209,0.27472,0.27669,0.27669,0.05929,0.05665,0.05435,0.05764,0.06093,-56.00202,2484.00000
0.67236,0.66808,0.67203,0.67302,0.66940,0.27537,0.27472,0.27307,0.27801,0.27570,0.05698,0.05534,0.06027,0.05962,0.05600,-56.00202,2485.00000
0.66611,0.67039,0.67137,0.67302,0.67335,0.28031,0.27833,0.27274,0.27439,0.27735,0.05764,0.05698,0.06060,0.05896,0.05830,-56.67777,2486.00000
0.66940,0.67137,0.67532,0.66578,0.67137,0.28064,0.27735,0.27307,0.27570,0.27833,0.06159,0.06159,0.06422,0.05830,0.05830,-56.67777,2487.00000
0.66940,0.66578,0.67071,0.66907,0.66907,0.27570,0.27570,0.27735,0.27274,0.27669,0.05863,0.06126,0.06027,0.06093,0.05797,-56.33205,2488.00000
0.67335,0.66677,0.67203,0.66940,0.67433,0.27735,0.27636,0.27735,0.27735,0.27636,0.06060,0.05929,0.06060,0.05797,0.06093,-56.33205,2489.00000
0.67466,0.66907,0.67696,0.67400,0.67499,0.27373,0.27505,0.27472,0.28031,0.27899,0.06258,0.05567,0.05665,0.05698,0.05797,-56.57179,2490.00000
0.66940,0.66677,0.67861,0.66841,0.66907,0.28162,0.27833,0.27603,0.27735,0.27439,0.05863,0.06290,0.06159,0.05929,0.05633,-56.57179,2491.00000
0.66677,0.67236,0.66545,0.67729,0.67433,0.27833,0.27899,0.28162,0.27702,0.27241,0.05994,0.06389,0.05764,0.05698,0.05567,-56.51587,2492.00000
0.67170,0.67203,0.67236,0.67269,0.66874,0.27669,0.27636,0.27932,0.27439,0.27735,0.06093,0.05731,0.05764,0.05896,0.06225,-56.51587,2493.00000
0.66808,0.66677,0.66512,0.66479,0.67499,0.27801,0.27537,0.27570,0.27603,0.27373,0.06225,0.06093,0.06060,0.05863,0.05896,-55.97278,2494.00000
0.67071,0.66874,0.67335,0.67696,0.67039,0.27735,0.27833,0.27373,0.27077,0.27669,0.05896,0.05764,0.05929,0.06060,0.05797,-55.97278,2495.00000
0.66907,0.67203,0.67400,0.67663,0.66973,0.27636,0.27274,0.27472,0.27833,0.27570,0.06290,0.05797,0.05698,0.05962,0.05830,-55.68170,2496.00000
0.66775,0.66841,0.67170,0.67104,0.67598,0.27537,0.27373,0.27406,0.27603,0.27373,0.05764,0.05731,0.05633,0.05896,0.05534,-55.68170,2497.00000
0.67532,0.66710,0.67466,0.67828,0.66710,0.27439,0.27472,0.27373,0.27801,0.27735,0.05962,0.05830,0.06027,0.05731,0.06159,-55.91702,2498.00000
0.66512,0.66841,0.67631,0.67039,0.67598,0.27241,0.27768,0.27537,0.27472,0.26913,0.05797,0.05665,0.05830,0.06060,0.05863,-55.91702,2499.00000
0.67269,0.66808,0.67006,0.66775,0.67137,0.27636,0.27373,0.27340,0.27636,0.27768,0.05830,0.05764,0.06093,0.05830,0.05731,-56.02980,2500.00000
0.67663,0.66710,0.67006,0.67137,0.66743,0.27669,0.27932,0.27570,0.27570,0.27735,0.06093,0.06060,0.05929,0.05764,0.06093,-56.02980,2501.00000
0.66447,0.66052,0.66578,0.66677,0.66348,0.27537,0.27209,0.27669,0.27307,0.27472,0.05929,0.06258,0.05731,0.05731,0.06258,-56.10572,2502.00000
0.66611,0.66545,0.66841,0.67039,0.66479,0.27702,0.27537,0.27702,0.27702,0.27406,0.05731,0.05731,0.05830,0.05665,0.06159,-56.10572,2503.00000
0.66973,0.66940,0.66381,0.66743,0.66841,0.27307,0.27735,0.27439,0.27406,0.27603,0.05764,0.05863,0.05633,0.05863,0.05698,-56.27796,2504.00000
0.66874,0.66414,0.66348,0.66479,0.66907,0.27044,0.27439,0.27735,0.27801,0.27537,0.06455,0.05797,0.06093,0.05468,0.05863,-56.27796,2505.00000
0.66085,0.67104,0.67006,0.66710,0.67104,0.27702,0.27932,0.28064,0.27570,0.27702,0.05698,0.05797,0.05994,0.06093,0.05863,-56.24445,2506.00000
0.67598,0.67302,0.67104,0.66841,0.66644,0.27603,0.27373,0.27603,0.27735,0.27603,0.05797,0.05896,0.05896,0.06126,0.06290,-56.24445,2507.00000
0.66381,0.66940,0.66479,0.67170,0.66348,0.27472,0.27472,0.27669,0.27735,0.27570,0.05994,0.05534,0.06027,0.05797,0.06225,-55.80289,2508.00000
0.66973,0.66907,0.66677,0.66479,0.66907,0.27735,0.27340,0.27603,0.27274,0.27373,0.05994,0.05830,0.06093,0.06323,0.05665,-55.80289,2509.00000
0.66808,0.67170,0.67236,0.67302,0.67170,0.27472,0.27537,0.27636,0.27274,0.27406,0.05830,0.05731,0.05929,0.05600,0.05929,-55.46248,2510.00000
0.66841,0.67565,0.66315,0.66907,0.67203,0.27143,0.27537,0.27768,0.27702,0.27570,0.05764,0.05863,0.05731,0.05830,0.05962,-55.46248,2511.00000
0.66545,0.66677,0.66183,0.66743,0.66512,0.27603,0.26978,0.27176,0.27636,0.27406,0.06027,0.05962,0.05863,0.05994,0.05863,-55.31669,2512.00000
0.66151,0.66973,0.66907,0.67104,0.66447,0.27241,0.26814,0.27143,0.27373,0.27274,0.06060,0.05863,0.05797,0.05929,0.06060,-55.31669,2513.00000
0.66315,0.66545,0.66710,0.66414,0.66644,0.26880,0.27570,0.27406,0.27735,0.27373,0.06159,0.06027,0.06159,0.05797,0.05764,-55.47084,2514.00000
0.66512,0.66940,0.66545,0.66775,0.66611,0.27636,0.27669,0.27735,0.27801,0.27209,0.06093,0.06060,0.06093,0.06126,0.05863,-55.47084,2515.00000
0.66381,0.66841,0.66611,0.66348,0.66644,0.27735,0.27505,0.27603,0.27406,0.27439,0.06685,0.05797,0.05863,0.05896,0.05731,-55.38435,2516.00000
0.66677,0.66743,0.66381,0.66973,0.66512,0.27505,0.27472,0.27636,0.27406,0.27702,0.05600,0.05764,0.05665,0.06060,0.05534,-55.38435,2517.00000
0.67006,0.66874,0.66414,0.66414,0.66808,0.27373,0.27340,0.27537,0.27570,0.27570,0.06225,0.05896,0.06093,0.05830,0.05863,-56.04422,2518.00000
0.66479,0.66710,0.66479,0.66545,0.66841,0.27209,0.27077,0.27702,0.27439,0.27439,0.06126,0.05929,0.05896,0.06126,0.05830,-56.04422,2519.00000
0.66578,0.66512,0.67006,0.66183,0.66644,0.27209,0.27801,0.27011,0.27439,0.27702,0.05698,0.05994,0.06126,0.06455,0.06159,-56.32534,2520.00000
0.66940,0.67104,0.66479,0.66973,0.67203,0.27505,0.27373,0.27274,0.27702,0.27472,0.06126,0.06192,0.05863,0.06159,0.05962,-56.32534,2521.00000
0.66578,0.66808,0.67203,0.67006,0.66447,0.27472,0.27735,0.27570,0.27735,0.27636,0.06258,0.05698,0.05764,0.05534,0.05797,-56.64900,2522.00000
0.66414,0.66841,0.66644,0.66743,0.66578,0.27866,0.27866,0.27735,0.27307,0.27439,0.06323,0.05797,0.05929,0.05830,0.05896,-56.64900,2523.00000
0.66907,0.66677,0.67598,0.67269,0.66644,0.27274,0.27702,0.27340,0.27998,0.27998,0.06290,0.06192,0.06159,0.05929,0.05994,-55.56815,2524.00000
0.66743,0.66907,0.67367,0.67006,0.66907,0.27077,0.27241,0.27472,0.27636,0.27472,0.06192,0.05764,0.06060,0.06027,0.06060,-55.56815,2525.00000
0.66381,0.66940,0.66907,0.66644,0.66775,0.27702,0.27505,0.27735,0.27537,0.27735,0.05797,0.05929,0.06159,0.06455,0.06060,-56.31679,2526.00000
0.66578,0.66743,0.66381,0.66677,0.66743,0.27735,0.27373,0.27307,0.27669,0.27833,0.06027,0.06027,0.05896,0.06093,0.06027,-56.31679,2527.00000
0.67039,0.66710,0.67071,0.66447,0.67663,0.27570,0.27373,0.27472,0.27439,0.27439,0.05896,0.06225,0.05896,0.06126,0.05600,-56.91084,2528.00000
0.66216,0.66841,0.67170,0.66677,0.66447,0.27373,0.27340,0.27439,0.27866,0.27801,0.06093,0.05994,0.06356,0.05962,0.06027,-56.91084,2529.00000
0.66940,0.66644,0.66512,0.67137,0.66315,0.27241,0.27636,0.27603,0.27472,0.27472,0.05435,0.05863,0.06192,0.05863,0.05797,-57.31040,2530.00000
0.66611,0.66019,0.67400,0.66940,0.66282,0.27406,0.27505,0.27570,0.27899,0.27077,0.05698,0.05863,0.06225,0.05665,0.05764,-57.31040,2531.00000
0.66315,0.66249,0.66775,0.66907,0.66052,0.27866,0.27636,0.27209,0.27866,0.27472,0.05797,0.05863,0.06060,0.05994,0.06027,-56.97551,2532.00000
0.66447,0.66841,0.66578,0.66775,0.66447,0.28129,0.27537,0.27505,0.27406,0.27077,0.06093,0.06126,0.06192,0.06060,0.05896,-56.97551,2533.00000
0.66808,0.66151,0.67236,0.66808,0.66677,0.27406,0.27011,0.27636,0.27307,0.27603,0.06093,0.06126,0.06126,0.06323,0.06422,-56.70797,2534.00000
0.66841,0.66907,0.67104,0.66414,0.66578,0.27801,0.27439,0.27209,0.27373,0.27570,0.06389,0.05962,0.06225,0.06060,0.05534,-56.70797,2535.00000
0.66841,0.66743,0.66578,0.66808,0.66512,0.27241,0.27340,0.27439,0.27143,0.27899,0.06093,0.06225,0.06027,0.05994,0.06356,-55.65135,2536.00000
0.67137,0.67006,0.67039,0.67236,0.67269,0.27570,0.27570,0.27998,0.27406,0.28031,0.05896,0.06093,0.06126,0.06192,0.05896,-55.65135,2537.00000
0.67236,0.67631,0.66874,0.66775,0.66743,0.27176,0.27735,0.27603,0.27768,0.27241,0.05929,0.06159,0.05896,0.05962,0.06060,-55.58202,2538.00000
0.66907,0.67400,0.66710,0.66743,0.67367,0.27833,0.27274,0.27636,0.27472,0.27998,0.05994,0.05962,0.06258,0.06060,0.06192,-55.58202,2539.00000
0.67302,0.66743,0.65953,0.67203,0.66414,0.27570,0.27439,0.27537,0.27274,0.26913,0.05665,0.05994,0.06225,0.06619,0.06422,-55.51562,2540.00000
0.66545,0.67137,0.67006,0.66677,0.67400,0.27406,0.27439,0.27274,0.27307,0.27537,0.05994,0.06258,0.05929,0.06126,0.06093,-55.51562,2541.00000
0.66973,0.67335,0.67236,0.66973,0.67039,0.27011,0.27340,0.27044,0.28064,0.28129,0.05797,0.05929,0.06060,0.05863,0.06060,-55.54345,2542.00000
0.66611,0.66775,0.66315,0.67203,0.66775,0.27340,0.27636,0.27669,0.27570,0.28031,0.05962,0.05994,0.05962,0.06093,0.05665,-55.54345,2543.00000
0.66940,0.66381,0.66545,0.66973,0.67335,0.27143,0.27439,0.27307,0.27636,0.27702,0.05962,0.06060,0.06258,0.06159,0.05369,-55.80884,2544.00000
0.67269,0.66775,0.66907,0.66512,0.67302,0.27603,0.27998,0.27307,0.27702,0.27307,0.06422,0.06093,0.06027,0.06126,0.06225,-55.80884,2545.00000
0.66973,0.67236,0.66677,0.66315,0.67170,0.27603,0.27636,0.27768,0.27439,0.27537,0.05962,0.06159,0.06323,0.05962,0.06192,-56.17834,2546.00000
0.67137,0.66611,0.66710,0.66907,0.66743,0.26945,0.27669,0.27340,0.27669,0.27702,0.06488,0.06225,0.05797,0.06192,0.05830,-56.17834,2547.00000
0.67236,0.67006,0.66578,0.67039,0.66282,0.27143,0.27899,0.26945,0.27537,0.27505,0.06126,0.05698,0.05896,0.05994,0.05896,-56.33868,2548.00000
0.67335,0.66578,0.66940,0.66775,0.66611,0.27307,0.27702,0.27274,0.27472,0.27439,0.05929,0.06093,0.06027,0.06060,0.05896,-56.33868,2549.00000
0.66381,0.66447,0.66775,0.66381,0.66874,0.27439,0.27110,0.27340,0.27570,0.27833,0.06060,0.06192,0.06225,0.06093,0.05863,-56.21622,2550.00000
0.66710,0.66479,0.66611,0.66183,0.67269,0.27537,0.28064,0.27570,0.27307,0.27636,0.06356,0.05830,0.06027,0.06258,0.06554,-56.21622,2551.00000
0.66512,0.67302,0.67071,0.66743,0.66743,0.27603,0.27669,0.28228,0.27044,0.27899,0.05863,0.05731,0.06225,0.06060,0.06060,-56.55293,2552.00000
0.66907,0.66940,0.66151,0.66611,0.66874,0.27241,0.27340,0.27965,0.27537,0.27274,0.06192,0.05962,0.06027,0.06225,0.05929,-56.55293,2553.00000
0.66644,0.67663,0.66973,0.67039,0.66808,0.27537,0.28228,0.27373,0.27899,0.27866,0.05929,0.06159,0.06192,0.06126,0.05600,-55.20518,2554.00000
0.67236,0.67433,0.66841,0.66973,0.66841,0.27439,0.27669,0.27702,0.27472,0.27768,0.05633,0.05929,0.06027,0.06093,0.06258,-55.20518,2555.00000
0.67170,0.66545,0.66874,0.67071,0.67236,0.27833,0.27537,0.27636,0.27702,0.27735,0.06060,0.06027,0.06060,0.06159,0.05962,-53.67437,2556.00000
0.66907,0.66611,0.66874,0.66743,0.67203,0.27603,0.27044,0.27472,0.27603,0.27406,0.06093,0.06554,0.06192,0.05797,0.05994,-53.67437,2557.00000
0.67039,0.66808,0.66414,0.67170,0.66414,0.27669,0.27472,0.27636,0.27505,0.27472,0.06027,0.06225,0.05994,0.06290,0.06060,-52.53787,2558.00000
0.67433,0.66611,0.67170,0.66479,0.67565,0.27932,0.27307,0.27669,0.27274,0.27735,0.05896,0.06126,0.05764,0.05731,0.06422,-52.53787,2559.00000
0.67565,0.66841,0.66611,0.66677,0.67335,0.27406,0.27636,0.26880,0.27505,0.27044,0.06290,0.06389,0.05962,0.06093,0.06093,-52.87782,2560.00000
0.66808,0.66381,0.66743,0.66512,0.66775,0.27669,0.27340,0.27406,0.27932,0.27866,0.06192,0.06225,0.06455,0.06323,0.06554,-52.87782,2561.00000
0.66545,0.67039,0.66216,0.67269,0.66677,0.27735,0.27702,0.27570,0.27768,0.27702,0.05994,0.06323,0.06422,0.06586,0.05830,-54.05854,2562.00000
0.66019,0.66907,0.66644,0.66512,0.66973,0.27702,0.27570,0.27735,0.27932,0.27077,0.06126,0.05896,0.05962,0.06159,0.06258,-54.05854,2563.00000
0.67367,0.66611,0.66973,0.66447,0.66414,0.27406,0.27702,0.27472,0.27472,0.27373,0.06323,0.06290,0.06027,0.05863,0.06159,-54.86374,2564.00000
0.66512,0.66808,0.66447,0.66775,0.66348,0.27373,0.27472,0.26978,0.27570,0.27110,0.06323,0.06389,0.06455,0.05929,0.06225,-54.86374,2565.00000
0.66907,0.66512,0.67137,0.67499,0.66578,0.27537,0.27340,0.27439,0.27241,0.27241,0.06192,0.06093,0.06159,0.05665,0.06060,-55.60082,2566.00000
0.66743,0.66775,0.66940,0.66841,0.66611,0.27702,0.27702,0.27669,0.27373,0.27011,0.05698,0.06323,0.06290,0.06422,0.06126,-55.60082,2567.00000
0.67466,0.67203,0.66545,0.65789,0.66907,0.27209,0.27702,0.27472,0.27537,0.27209,0.06356,0.05698,0.06356,0.06027,0.06290,-56.53820,2568.00000
0.66710,0.66512,0.67071,0.66874,0.66710,0.27472,0.27801,0.27537,0.27965,0.27537,0.06159,0.06027,0.06192,0.06422,0.06060,-56.53820,2569.00000
0.66775,0.66644,0.66183,0.66315,0.66874,0.27505,0.27209,0.27340,0.27373,0.28162,0.06258,0.06290,0.06290,0.06554,0.06159,-56.31109,2570.00000
0.66512,0.66775,0.66841,0.66907,0.66249,0.27472,0.27406,0.27603,0.27274,0.27472,0.05994,0.06126,0.06290,0.06488,0.06126,-56.31109,2571.00000
0.66085,0.66874,0.66710,0.66808,0.66315,0.27735,0.27077,0.27833,0.27274,0.27110,0.06126,0.06323,0.06619,0.06060,0.06455,-56.71023,2572.00000
0.67104,0.65789,0.67006,0.66315,0.66052,0.27505,0.27209,0.27340,0.27702,0.27274,0.06225,0.05994,0.05896,0.06192,0.06323,-56.71023,2573.00000
0.66578,0.67104,0.66216,0.65953,0.66775,0.27110,0.27307,0.27340,0.27537,0.27209,0.06159,0.06586,0.06159,0.06290,0.05863,-56.56801,2574.00000
0.66808,0.66282,0.66414,0.66578,0.66874,0.27406,0.27570,0.27241,0.27636,0.27570,0.06258,0.06159,0.05896,0.05929,0.05994,-56.56801,2575.00000
0.66381,0.66249,0.66381,0.66907,0.66414,0.27472,0.27537,0.27406,0.27866,0.27505,0.06192,0.06027,0.06356,0.06060,0.05896,-56.47492,2576.00000
0.66611,0.66414,0.66644,0.66249,0.66677,0.27866,0.27603,0.27801,0.27505,0.27439,0.06192,0.06290,0.05994,0.06027,0.06323,-56.47492,2577.00000
0.67137,0.66249,0.67170,0.66775,0.66973,0.26978,0.27340,0.27307,0.27274,0.27143,0.05929,0.06159,0.05600,0.06290,0.06356,-56.38443,2578.00000
0.66578,0.66907,0.67203,0.65526,0.67137,0.27505,0.27406,0.27833,0.27439,0.27209,0.06356,0.05830,0.06225,0.05830,0.06389,-56.38443,2579.00000
0.66841,0.66611,0.66677,0.65953,0.66447,0.27307,0.27307,0.27307,0.27176,0.27570,0.06225,0.06258,0.06323,0.05962,0.06225,-56.45638,2580.00000
0.66578,0.66545,0.66907,0.66315,0.66644,0.27768,0.27735,0.27735,0.27866,0.27439,0.06225,0.05994,0.06027,0.06323,0.06159,-56.45638,2581.00000
0.66644,0.66118,0.66512,0.66611,0.67236,0.27241,0.27768,0.27472,0.27472,0.27439,0.06389,0.06027,0.06356,0.06027,0.05962,-55.92106,2582.00000
0.66808,0.66808,0.66315,0.66447,0.66841,0.27636,0.27439,0.28129,0.27570,0.26978,0.05962,0.06027,0.06027,0.06323,0.06290,-55.92106,2583.00000
0.66808,0.66808,0.66611,0.66447,0.66808,0.27702,0.26945,0.27636,0.27932,0.27505,0.06159,0.06159,0.06027,0.05994,0.06258,-55.60213,2584.00000
0.66710,0.66479,0.66611,0.66710,0.66677,0.27176,0.27801,0.27570,0.27505,0.27801,0.06126,0.06422,0.06192,0.06323,0.06323,-55.60213,2585.00000
0.66611,0.66940,0.66841,0.66578,0.67203,0.27735,0.27570,0.27340,0.27110,0.27373,0.06356,0.05962,0.06159,0.05962,0.06159,-55.60380,2586.00000
0.66249,0.67006,0.67039,0.66611,0.67071,0.27866,0.27505,0.27176,0.27307,0.27406,0.05896,0.05962,0.06521,0.06192,0.06027,-55.60380,2587.00000
0.66578,0.66973,0.67269,0.66907,0.66743,0.27340,0.27537,0.27570,0.27505,0.27505,0.06093,0.06389,0.05896,0.06290,0.06192,-55.49477,2588.00000
0.66808,0.66183,0.66381,0.66743,0.67137,0.27307,0.27570,0.27307,0.27669,0.27702,0.06817,0.06192,0.06258,0.05896,0.05994,-55.49477,2589.00000
0.66578,0.66249,0.66743,0.66479,0.66479,0.27735,0.27340,0.27241,0.27702,0.27472,0.06159,0.06060,0.06817,0.06356,0.06521,-56.18000,2590.00000
0.66940,0.66216,0.67236,0.66743,0.66216,0.27537,0.27340,0.27274,0.27373,0.27570,0.06060,0.06258,0.06422,0.06159,0.06060,-56.18000,2591.00000
0.66545,0.66743,0.66743,0.66907,0.66282,0.27406,0.27570,0.27833,0.27735,0.27636,0.06060,0.06225,0.05830,0.05830,0.05994,-55.95865,2592.00000
0.66348,0.66348,0.66512,0.66512,0.66282,0.27472,0.27110,0.27472,0.27143,0.27373,0.06126,0.06192,0.06225,0.06192,0.06389,-55.95865,2593.00000
0.66841,0.66644,0.66841,0.66282,0.66479,0.27274,0.27570,0.27406,0.27505,0.27472,0.06159,0.05929,0.05731,0.06060,0.06521,-55.48665,2594.00000
0.66381,0.66249,0.66710,0.67104,0.66710,0.27537,0.27833,0.27044,0.27209,0.27406,0.06093,0.06422,0.06323,0.06126,0.06554,-55.48665,2595.00000
0.66216,0.66479,0.66973,0.66216,0.67335,0.27241,0.27768,0.27439,0.27603,0.27143,0.06192,0.06225,0.06258,0.05633,0.06685,-55.83903,2596.00000
0.67400,0.66808,0.66447,0.66710,0.66677,0.27472,0.27768,0.27439,0.27439,0.27406,0.06258,0.06159,0.06521,0.06060,0.06126,-55.83903,2597.00000
0.66512,0.66315,0.66907,0.66414,0.67137,0.27110,0.27241,0.27537,0.27603,0.27274,0.06126,0.05994,0.06225,0.06290,0.06323,-56.45223,2598.00000
0.67335,0.67400,0.67269,0.66315,0.66710,0.27669,0.27603,0.27439,0.27307,0.28097,0.06126,0.06554,0.06060,0.06455,0.06290,-56.45223,2599.00000
0.66874,0.67499,0.66743,0.66677,0.66644,0.26880,0.27768,0.28064,0.27340,0.27439,0.06323,0.06455,0.06159,0.05830,0.05962,-56.43901,2600.00000
0.66841,0.66644,0.66545,0.67104,0.67071,0.28097,0.27340,0.27768,0.27307,0.26978,0.06290,0.06455,0.06455,0.05896,0.06258,-56.43901,2601.00000
0.66479,0.66775,0.67039,0.66841,0.65953,0.27340,0.27603,0.27537,0.27669,0.27373,0.06192,0.06488,0.06027,0.06225,0.06718,-56.63747,2602.00000
0.66973,0.67203,0.66479,0.66907,0.66874,0.27537,0.27801,0.27603,0.27735,0.27241,0.06093,0.06356,0.06290,0.06554,0.06258,-56.63747,2603.00000
0.66249,0.66414,0.66282,0.66973,0.66677,0.27636,0.27110,0.27373,0.27241,0.27472,0.06356,0.06356,0.06323,0.06159,0.06521,-56.56825,2604.00000
0.67367,0.66644,0.66512,0.66447,0.67203,0.27636,0.27603,0.27143,0.27340,0.27439,0.06356,0.06356,0.06455,0.06159,0.06225,-56.56825,2605.00000
0.66578,0.66677,0.67039,0.66874,0.66414,0.27439,0.27603,0.27406,0.27406,0.27537,0.06389,0.06422,0.06356,0.06323,0.06258,-56.87787,2606.00000
0.66545,0.66940,0.66874,0.66644,0.67302,0.27537,0.27669,0.27241,0.27274,0.27241,0.06225,0.06093,0.06389,0.05830,0.06488,-56.87787,2607.00000
0.66447,0.67367,0.66315,0.66282,0.66710,0.27570,0.27439,0.27669,0.27702,0.27636,0.06126,0.06290,0.06290,0.06027,0.06225,-57.30612,2608.00000
0.66479,0.67236,0.66512,0.67137,0.66414,0.27669,0.26978,0.27537,0.27472,0.27241,0.05896,0.06356,0.06060,0.06422,0.06323,-57.30612,2609.00000
0.66578,0.66578,0.66775,0.67203,0.66118,0.27274,0.27505,0.27472,0.27274,0.27373,0.06323,0.06159,0.06027,0.06290,0.06159,-56.36302,2610.00000
0.67795,0.66611,0.67269,0.66151,0.67203,0.27636,0.27406,0.27340,0.27768,0.27439,0.06060,0.06225,0.06488,0.06389,0.06225,-56.36302,2611.00000
0.66874,0.66644,0.66710,0.66315,0.66808,0.27965,0.27702,0.27307,0.27702,0.27373,0.06126,0.06093,0.05830,0.06356,0.05929,-55.60339,2612.00000
0.66775,0.66808,0.66545,0.66479,0.66578,0.27373,0.27439,0.27209,0.28097,0.27669,0.06652,0.06323,0.06159,0.06521,0.06356,-55.60339,2613.00000
0.66216,0.66743,0.66644,0.67894,0.66841,0.27274,0.27340,0.27636,0.27373,0.27570,0.06488,0.06389,0.06323,0.06356,0.06356,-55.67035,2614.00000
0.66677,0.67006,0.66216,0.66249,0.67071,0.27406,0.27340,0.27439,0.27241,0.27702,0.06389,0.06323,0.06586,0.06225,0.06192,-55.67035,2615.00000
0.66940,0.66644,0.66841,0.66315,0.66479,0.27801,0.27340,0.27340,0.27274,0.27636,0.06225,0.06192,0.06060,0.06356,0.06422,-56.01144,2616.00000
0.66348,0.65723,0.66578,0.66578,0.66677,0.27439,0.27307,0.27669,0.27274,0.27833,0.05863,0.06290,0.06225,0.06290,0.06060,-56.01144,2617.00000
0.66874,0.66611,0.66743,0.66381,0.66183,0.27110,0.27735,0.27241,0.27636,0.27768,0.06356,0.06159,0.06356,0.06159,0.05830,-55.74498,2618.00000
0.66085,0.66578,0.66545,0.66348,0.66677,0.27307,0.27603,0.27505,0.27274,0.27768,0.06225,0.06389,0.06258,0.06389,0.05698,-55.74498,2619.00000
0.66085,0.66907,0.67170,0.66578,0.67170,0.27505,0.27669,0.27932,0.27537,0.27570,0.05962,0.06192,0.06356,0.05962,0.06290,-55.63860,2620.00000
0.66578,0.66841,0.66512,0.66578,0.66677,0.27044,0.27669,0.27176,0.27669,0.27866,0.06258,0.06586,0.06060,0.05994,0.06323,-55.63860,2621.00000
0.66479,0.66841,0.66578,0.66677,0.66808,0.26715,0.27570,0.27373,0.27505,0.27505,0.06290,0.06258,0.06192,0.06323,0.05797,-55.72213,2622.00000
0.66644,0.66677,0.67071,0.66512,0.66611,0.28031,0.27899,0.27406,0.27932,0.27110,0.06126,0.05962,0.06422,0.06488,0.06225,-55.72213,2623.00000
0.66874,0.67137,0.66611,0.66545,0.67367,0.27439,0.27472,0.27866,0.27077,0.27406,0.06356,0.06290,0.06027,0.06126,0.06258,-56.02757,2624.00000
0.66907,0.65986,0.66578,0.66183,0.66940,0.27439,0.27439,0.27143,0.27307,0.27340,0.06290,0.06258,0.06356,0.06356,0.06225,-56.02757,2625.00000
0.66940,0.66710,0.66907,0.65690,0.66348,0.27702,0.27176,0.27373,0.27899,0.27603,0.06258,0.06422,0.05994,0.06159,0.06389,-55.56505,2626.00000
0.65953,0.66710,0.66052,0.66282,0.66578,0.27570,0.27472,0.27340,0.27077,0.27801,0.06586,0.06323,0.06159,0.06389,0.05962,-55.56505,2627.00000
0.66447,0.66874,0.66545,0.66578,0.66644,0.27274,0.27603,0.27603,0.27307,0.27373,0.06586,0.06060,0.06389,0.06290,0.06093,-55.57794,2628.00000
0.67006,0.66578,0.66282,0.66677,0.66907,0.27603,0.27373,0.27833,0.28097,0.27702,0.05962,0.06225,0.06258,0.06093,0.05863,-55.57794,2629.00000
0.66282,0.66611,0.66874,0.66808,0.65887,0.27274,0.27505,0.27110,0.27735,0.27274,0.06356,0.06258,0.06027,0.06192,0.05896,-56.29483,2630.00000
0.66808,0.66710,0.66874,0.66677,0.67203,0.27570,0.27439,0.27241,0.27537,0.27537,0.06586,0.06258,0.06619,0.06488,0.06159,-56.29483,2631.00000
0.66545,0.66611,0.66381,0.66381,0.66447,0.27603,0.27702,0.27603,0.27570,0.27209,0.06192,0.06455,0.06126,0.06192,0.06060,-55.87935,2632.00000
0.66315,0.67236,0.67006,0.66808,0.66052,0.27439,0.27735,0.27340,0.27537,0.26978,0.06159,0.06323,0.06126,0.06093,0.06389,-55.87935,2633.00000
0.66348,0.66973,0.66710,0.66282,0.66216,0.27241,0.27044,0.27439,0.27373,0.27603,0.06225,0.06455,0.06521,0.06192,0.06685,-55.69602,2634.00000
0.66118,0.66775,0.66743,0.65986,0.66249,0.27472,0.26945,0.27702,0.27176,0.27603,0.05962,0.05863,0.06554,0.06323,0.06619,-55.69602,2635.00000
0.67104,0.66282,0.66874,0.65855,0.66447,0.27307,0.27636,0.27406,0.27274,0.27307,0.06192,0.06422,0.06521,0.06356,0.06225,-56.34166,2636.00000
0.67006,0.66578,0.66414,0.66249,0.66743,0.27702,0.27768,0.27274,0.27801,0.27209,0.06225,0.06290,0.06258,0.06323,0.06126,-56.34166,2637.00000
0.66381,0.66052,0.65855,0.65887,0.67203,0.27406,0.27307,0.27143,0.27472,0.27340,0.05896,0.06258,0.06225,0.06192,0.06619,-55.72210,2638.00000
0.66447,0.66151,0.66479,0.66282,0.67203,0.27373,0.27636,0.27439,0.27702,0.27307,0.06060,0.05994,0.06290,0.05994,0.06323,-55.72210,2639.00000
0.66183,0.66545,0.66611,0.66545,0.67006,0.27439,0.26978,0.27801,0.27307,0.27307,0.06225,0.06060,0.06126,0.06521,0.06159,-55.78586,2640.00000
0.66414,0.66644,0.66874,0.66808,0.66940,0.27406,0.26913,0.27472,0.27373,0.27406,0.06422,0.06192,0.06060,0.06554,0.06619,-55.78586,2641.00000
0.66841,0.66907,0.67170,0.67006,0.66151,0.27307,0.27669,0.27998,0.28129,0.27307,0.06422,0.06027,0.06389,0.06389,0.06323,-55.70054,2642.00000
0.66249,0.66578,0.66315,0.66644,0.66677,0.27340,0.27603,0.27274,0.27570,0.27570,0.06685,0.05962,0.06323,0.06554,0.05994,-55.70054,2643.00000
0.67269,0.66578,0.66775,0.66808,0.66183,0.27472,0.27768,0.27472,0.27570,0.27899,0.06225,0.06554,0.06225,0.06455,0.06225,-56.86883,2644.00000
0.67071,0.67302,0.67006,0.66841,0.66578,0.27735,0.27768,0.27833,0.27505,0.28097,0.06619,0.06323,0.05962,0.06389,0.06258,-56.86883,2645.00000
0.67104,0.67400,0.66282,0.66282,0.67039,0.27439,0.27505,0.27472,0.27307,0.27406,0.06159,0.06488,0.06488,0.06389,0.06521,-56.31527,2646.00000
0.66940,0.66743,0.67071,0.66743,0.66611,0.27439,0.27570,0.27965,0.27472,0.27570,0.06192,0.06192,0.06225,0.06290,0.06455,-56.31527,2647.00000
0.66447,0.67039,0.67302,0.66611,0.67071,0.27340,0.27110,0.27077,0.27406,0.27307,0.06422,0.06455,0.06323,0.06356,0.06422,-55.55510,2648.00000
0.66545,0.66644,0.66940,0.66052,0.66447,0.27307,0.27505,0.27537,0.27077,0.27406,0.06060,0.05962,0.06225,0.06389,0.06521,-55.55510,2649.00000
0.66907,0.66743,0.66775,0.66940,0.66611,0.27472,0.27768,0.27472,0.27406,0.27307,0.06290,0.06258,0.06356,0.06389,0.06060,-55.20187,2650.00000
0.66973,0.66973,0.66151,0.66907,0.66743,0.27866,0.27340,0.27570,0.27505,0.27866,0.06192,0.06521,0.06323,0.06521,0.06586,-55.20187,2651.00000
0.67269,0.66841,0.65887,0.67039,0.66512,0.27472,0.27702,0.27439,0.27735,0.27735,0.06126,0.06323,0.06488,0.06192,0.06356,-56.30210,2652.00000
0.66808,0.66710,0.66808,0.66973,0.66578,0.27176,0.27505,0.27439,0.27702,0.27570,0.06652,0.06356,0.06521,0.06192,0.06258,-56.30210,2653.00000
0.66447,0.67137,0.66677,0.66578,0.67006,0.27537,0.27603,0.27702,0.27603,0.27373,0.06422,0.06290,0.06290,0.06323,0.06225,-55.92205,2654.00000
0.66019,0.65986,0.67006,0.66775,0.66479,0.27011,0.27307,0.27603,0.27603,0.27768,0.06323,0.06027,0.06554,0.06323,0.06093,-55.92205,2655.00000
0.66973,0.66512,0.67137,0.66183,0.66743,0.27373,0.27439,0.27833,0.27702,0.27537,0.06323,0.06159,0.05797,0.06258,0.05896,-55.55136,2656.00000
0.66874,0.67170,0.67104,0.66808,0.67039,0.27735,0.27274,0.27636,0.27307,0.27899,0.06652,0.06126,0.06389,0.05994,0.06258,-55.55136,2657.00000
0.66874,0.67466,0.66644,0.66447,0.66578,0.27866,0.27570,0.27472,0.27505,0.26814,0.06521,0.06488,0.06290,0.06192,0.06455,-55.93974,2658.00000
0.67236,0.67071,0.66841,0.67335,0.66512,0.27636,0.27636,0.27735,0.27833,0.27570,0.06290,0.06488,0.06258,0.06290,0.06554,-55.93974,2659.00000
0.66578,0.66973,0.66414,0.67137,0.67203,0.27899,0.27505,0.27735,0.27406,0.27472,0.05929,0.06258,0.06323,0.06356,0.06554,-55.80190,2660.00000
0.66414,0.66973,0.66414,0.66841,0.66940,0.27241,0.27768,0.27570,0.27472,0.27011,0.06488,0.06323,0.06126,0.06652,0.06488,-55.80190,2661.00000
0.66414,0.66644,0.66743,0.66282,0.66841,0.27044,0.27537,0.27110,0.27833,0.27307,0.06258,0.05962,0.06258,0.06554,0.06225,-56.91951,2662.00000
0.66940,0.66151,0.66578,0.66775,0.66841,0.27439,0.27176,0.27472,0.27472,0.27570,0.06455,0.06225,0.06389,0.06258,0.06290,-56.91951,2663.00000
0.67039,0.66085,0.66578,0.66940,0.66381,0.27439,0.27702,0.27176,0.27702,0.27439,0.06389,0.06521,0.06323,0.06323,0.06027,-56.31376,2664.00000
0.66545,0.66677,0.67006,0.66315,0.66644,0.27439,0.27505,0.27340,0.27603,0.27603,0.06586,0.06422,0.06126,0.05994,0.06225,-56.31376,2665.00000
0.66940,0.66775,0.67071,0.65822,0.67006,0.27735,0.27472,0.27373,0.27702,0.27241,0.06422,0.05994,0.06422,0.05994,0.06323,-56.34535,2666.00000
0.66512,0.66644,0.66512,0.67039,0.67039,0.27340,0.27570,0.27998,0.27505,0.27735,0.06455,0.06159,0.06093,0.06356,0.06455,-56.34535,2667.00000
0.66644,0.67170,0.66479,0.66512,0.66512,0.27406,0.27340,0.27044,0.27241,0.27570,0.06290,0.06159,0.05962,0.06389,0.06718,-57.26936,2668.00000
0.66545,0.66973,0.66151,0.66907,0.67104,0.27472,0.27143,0.27472,0.27768,0.27307,0.06521,0.06488,0.06258,0.06060,0.06554,-57.26936,2669.00000
0.66545,0.66479,0.67071,0.67137,0.65789,0.27735,0.27406,0.27406,0.27866,0.27669,0.06784,0.06554,0.06422,0.06159,0.05830,-56.86466,2670.00000
0.66940,0.66710,0.66973,0.66611,0.66710,0.27801,0.27866,0.27702,0.27044,0.27768,0.05665,0.06159,0.06192,0.06422,0.06323,-56.86466,2671.00000
0.66644,0.67006,0.66414,0.66775,0.67433,0.27505,0.27702,0.27866,0.27603,0.27307,0.06290,0.06258,0.06521,0.05994,0.06652,-56.99922,2672.00000
0.66743,0.66479,0.66874,0.66940,0.66907,0.27669,0.27702,0.27472,0.27702,0.27110,0.06389,0.06192,0.06488,0.06356,0.06554,-56.99922,2673.00000
0.66874,0.67137,0.66710,0.66512,0.66677,0.27603,0.27209,0.27373,0.27702,0.27636,0.06159,0.06389,0.06323,0.06290,0.06225,-56.48301,2674.00000
0.67335,0.66512,0.66808,0.67828,0.66907,0.27307,0.27373,0.27472,0.27274,0.27669,0.06455,0.06389,0.06422,0.06619,0.06093,-56.48301,2675.00000
0.66282,0.66545,0.66479,0.66808,0.67565,0.27801,0.27505,0.28162,0.27603,0.27373,0.06093,0.06389,0.06521,0.05962,0.06323,-56.37139,2676.00000
0.66414,0.67039,0.66874,0.67302,0.66479,0.27505,0.27833,0.27570,0.27636,0.27636,0.06225,0.06225,0.06422,0.06455,0.05929,-56.37139,2677.00000
0.66512,0.67203,0.66611,0.66677,0.67104,0.27340,0.27702,0.27077,0.27176,0.27472,0.06455,0.05929,0.06060,0.06389,0.06225,-55.99331,2678.00000
0.66447,0.67137,0.66611,0.66249,0.66973,0.27899,0.27307,0.27406,0.27439,0.26945,0.06521,0.06652,0.06389,0.06192,0.06488,-55.99331,2679.00000
0.66545,0.66381,0.66743,0.66710,0.66841,0.27373,0.27439,0.27801,0.27669,0.28031,0.06948,0.06126,0.06258,0.06652,0.06751,-56.02644,2680.00000
0.66479,0.66578,0.66841,0.66315,0.66611,0.27439,0.27636,0.27505,0.27669,0.27406,0.06554,0.06356,0.06290,0.06159,0.06422,-56.02644,2681.00000
0.66743,0.66479,0.66677,0.66118,0.66183,0.27472,0.27735,0.27735,0.27472,0.27340,0.06258,0.06389,0.06455,0.06488,0.06225,-55.10551,2682.00000
0.66249,0.67236,0.66743,0.66710,0.66545,0.27472,0.27143,0.27274,0.27570,0.26978,0.06488,0.06455,0.06093,0.06422,0.06488,-55.10551,2683.00000
0.66479,0.66973,0.66644,0.66775,0.66578,0.27537,0.27735,0.27669,0.27866,0.27373,0.06389,0.06093,0.06356,0.06093,0.06290,-55.30910,2684.00000
0.66611,0.67400,0.66841,0.66677,0.66677,0.27472,0.27735,0.27373,0.26913,0.27406,0.06290,0.06126,0.06225,0.06159,0.06817,-55.30910,2685.00000
0.67104,0.67137,0.67137,0.66381,0.66611,0.27735,0.27439,0.27472,0.27209,0.27472,0.06422,0.06586,0.06258,0.06718,0.06258,-55.84791,2686.00000
0.65690,0.65855,0.67269,0.66512,0.66414,0.27307,0.27307,0.27570,0.27669,0.27735,0.06225,0.06455,0.06159,0.06258,0.06586,-55.84791,2687.00000
0.66644,0.66677,0.66414,0.66414,0.66808,0.27340,0.27241,0.27307,0.27537,0.27373,0.06225,0.06126,0.06356,0.06356,0.06258,-55.37513,2688.00000
0.67203,0.67532,0.66118,0.66677,0.66907,0.27373,0.27636,0.27537,0.27472,0.27439,0.06751,0.06356,0.06290,0.06258,0.06060,-55.37513,2689.00000
0.66151,0.67039,0.67335,0.66841,0.67170,0.27209,0.27241,0.27965,0.26945,0.27340,0.06225,0.06652,0.06685,0.06356,0.06455,-55.07038,2690.00000
0.66907,0.66052,0.67400,0.66118,0.67565,0.27603,0.27702,0.27439,0.27472,0.28129,0.06948,0.06389,0.06586,0.06323,0.06356,-55.07038,2691.00000
0.66414,0.66775,0.66644,0.66940,0.66907,0.27307,0.27406,0.27702,0.27505,0.27768,0.06751,0.06323,0.06258,0.06290,0.06652,-55.65531,2692.00000
0.67137,0.67203,0.66710,0.67302,0.67203,0.27209,0.27472,0.27537,0.27537,0.27274,0.06356,0.06323,0.06126,0.06126,0.06126,-55.65531,2693.00000
0.66381,0.66775,0.66578,0.66447,0.66677,0.27011,0.27340,0.27636,0.27241,0.27406,0.06389,0.06258,0.06521,0.06060,0.06422,-56.67287,2694.00000
0.67302,0.66644,0.66315,0.66677,0.66775,0.27439,0.27669,0.27735,0.27241,0.27110,0.06455,0.06126,0.06389,0.06159,0.06290,-56.67287,2695.00000
0.66151,0.66841,0.66973,0.67729,0.66249,0.27735,0.27735,0.27570,0.27505,0.27439,0.06323,0.06323,0.06323,0.06554,0.06027,-55.76319,2696.00000
0.66677,0.66775,0.66479,0.67269,0.66315,0.27570,0.27340,0.27472,0.27241,0.27110,0.06850,0.06586,0.06126,0.06488,0.06356,-55.76319,2697.00000
0.66973,0.66414,0.66710,0.66282,0.66973,0.27669,0.27176,0.27603,0.27669,0.27866,0.06488,0.06192,0.06521,0.06389,0.06521,-56.15064,2698.00000
0.66808,0.66775,0.66841,0.67532,0.66907,0.27505,0.27702,0.27209,0.26978,0.27373,0.06192,0.06126,0.06488,0.06586,0.06619,-56.15064,2699.00000
0.66512,0.66677,0.66019,0.66315,0.66315,0.27801,0.27044,0.27472,0.27373,0.27406,0.06225,0.06455,0.06258,0.06422,0.06093,-56.39563,2700.00000
0.66841,0.66907,0.66841,0.66841,0.66151,0.27669,0.27077,0.26978,0.27044,0.27505,0.06422,0.06258,0.06389,0.05962,0.06455,-56.39563,2701.00000
0.66578,0.66512,0.66973,0.66447,0.66216,0.27143,0.27702,0.27636,0.27735,0.27110,0.06554,0.06126,0.06323,0.06422,0.06554,-56.45221,2702.00000
0.66841,0.66611,0.66907,0.66183,0.66808,0.27603,0.27373,0.27998,0.27406,0.27307,0.05994,0.06356,0.06356,0.06488,0.06554,-56.45221,2703.00000
0.66611,0.66841,0.66249,0.66710,0.66841,0.27373,0.27209,0.27209,0.27209,0.27110,0.06356,0.06389,0.06192,0.06356,0.06554,-56.01663,2704.00000
0.66085,0.66940,0.67006,0.66940,0.66611,0.28064,0.27307,0.27537,0.27537,0.27636,0.06488,0.06685,0.06225,0.06389,0.06290,-56.01663,2705.00000
0.66348,0.66479,0.66611,0.66447,0.66973,0.27373,0.27209,0.27768,0.27406,0.27044,0.06225,0.06718,0.06554,0.06356,0.06290,-56.44337,2706.00000
0.66611,0.66743,0.66775,0.66841,0.66545,0.27340,0.27505,0.27570,0.27537,0.27636,0.06225,0.06619,0.06192,0.06126,0.06521,-56.44337,2707.00000
0.66644,0.66348,0.66808,0.66216,0.66907,0.27406,0.27505,0.27406,0.27241,0.27702,0.06060,0.06652,0.06323,0.06652,0.06586,-56.38575,2708.00000
0.66710,0.66151,0.65887,0.66644,0.66644,0.27570,0.27702,0.27636,0.27735,0.27439,0.06521,0.06258,0.06027,0.06323,0.06027,-56.38575,2709.00000
0.66447,0.66611,0.66743,0.66973,0.67071,0.27899,0.27307,0.27735,0.27603,0.26880,0.06192,0.06619,0.06258,0.06652,0.06554,-55.70752,2710.00000
0.66743,0.66874,0.66282,0.66183,0.66512,0.27603,0.27768,0.27505,0.27274,0.27570,0.06554,0.06356,0.06389,0.06225,0.06619,-55.70752,2711.00000
0.67039,0.66545,0.66644,0.66710,0.66743,0.27472,0.27570,0.27044,0.27669,0.27472,0.06455,0.06521,0.06685,0.06323,0.06323,-55.69800,2712.00000
0.66216,0.66151,0.66841,0.66775,0.66512,0.27077,0.27570,0.27472,0.27702,0.27472,0.06652,0.06521,0.06389,0.06521,0.06455,-55.69800,2713.00000
0.66381,0.66578,0.66052,0.65822,0.66479,0.27143,0.27307,0.27340,0.27866,0.27373,0.06422,0.06389,0.06455,0.06554,0.06422,-56.35730,2714.00000
0.66348,0.66151,0.67039,0.65953,0.66282,0.27537,0.27340,0.27044,0.27340,0.27373,0.06290,0.06718,0.06389,0.06521,0.06192,-56.35730,2715.00000
0.66775,0.66315,0.66019,0.66183,0.66249,0.27241,0.27241,0.27340,0.27833,0.27702,0.06488,0.06225,0.06652,0.06586,0.06323,-57.10199,2716.00000
0.66874,0.66677,0.65986,0.66874,0.66479,0.27307,0.27636,0.27505,0.26649,0.27636,0.06488,0.06323,0.06389,0.06718,0.06356,-57.10199,2717.00000
0.66183,0.66578,0.66808,0.66940,0.65559,0.27340,0.27406,0.27340,0.27274,0.27570,0.06060,0.06323,0.06192,0.06652,0.06521,-56.15109,2718.00000
0.66545,0.66052,0.67071,0.66545,0.66874,0.27537,0.27833,0.27801,0.27472,0.27472,0.06718,0.06455,0.06488,0.06192,0.07047,-56.15109,2719.00000
0.67269,0.66940,0.66578,0.66479,0.66282,0.27537,0.27340,0.27537,0.27209,0.27735,0.06586,0.06290,0.06323,0.06817,0.06323,-55.87828,2720.00000
0.66677,0.67137,0.66808,0.66545,0.65986,0.27143,0.27406,0.27603,0.27307,0.27143,0.06652,0.06619,0.06290,0.06455,0.06619,-55.87828,2721.00000
0.65789,0.66578,0.66940,0.66775,0.66447,0.27537,0.27537,0.27439,0.27505,0.27505,0.06060,0.06258,0.06323,0.06290,0.06521,-55.73943,2722.00000
0.66151,0.66808,0.66743,0.67499,0.66282,0.27439,0.27505,0.27537,0.27406,0.27077,0.06554,0.06323,0.06422,0.06422,0.06225,-55.73943,2723.00000
0.66644,0.66348,0.66052,0.66677,0.66874,0.27768,0.27406,0.27570,0.27274,0.27439,0.06192,0.06586,0.06652,0.06488,0.06488,-56.80770,2724.00000
0.66151,0.66644,0.66710,0.67039,0.66249,0.27505,0.27241,0.27340,0.27768,0.27439,0.06455,0.06422,0.06389,0.06948,0.06126,-56.80770,2725.00000
0.66282,0.67236,0.67137,0.66085,0.66611,0.27274,0.27044,0.27307,0.27077,0.27241,0.06718,0.06652,0.06521,0.06521,0.06521,-56.48491,2726.00000
0.66183,0.66447,0.66282,0.66710,0.67203,0.27307,0.27439,0.27801,0.27406,0.27340,0.06619,0.06225,0.06027,0.06323,0.06290,-56.48491,2727.00000
0.66512,0.66512,0.66414,0.67137,0.66545,0.27373,0.27044,0.27636,0.27143,0.27603,0.06422,0.06323,0.06751,0.06323,0.06225,-55.98659,2728.00000
0.65986,0.65953,0.66710,0.67203,0.66151,0.27735,0.27439,0.27472,0.27669,0.27143,0.06488,0.06422,0.06356,0.06323,0.06521,-55.98659,2729.00000
0.66874,0.66479,0.66151,0.65756,0.65920,0.26978,0.27570,0.27143,0.27965,0.27373,0.06422,0.06817,0.06554,0.06685,0.06554,-55.28822,2730.00000
0.66512,0.65822,0.66743,0.66512,0.66414,0.27340,0.27899,0.27011,0.27472,0.27274,0.06554,0.06356,0.06488,0.06323,0.06554,-55.28822,2731.00000
0.66315,0.66019,0.66315,0.66545,0.66052,0.27340,0.27209,0.27537,0.27636,0.27702,0.06060,0.06422,0.06554,0.06356,0.06422,-55.31989,2732.00000
0.66052,0.65756,0.66118,0.65986,0.66578,0.27373,0.27209,0.27077,0.26945,0.27702,0.06192,0.06586,0.06685,0.06290,0.06225,-55.31989,2733.00000
0.66545,0.65920,0.65789,0.66578,0.66512,0.27110,0.27472,0.27833,0.27143,0.27274,0.06685,0.06652,0.06685,0.06586,0.06422,-55.78739,2734.00000
0.66874,0.65986,0.66381,0.66052,0.66381,0.27274,0.27505,0.27439,0.27537,0.27241,0.06422,0.06915,0.06619,0.06521,0.06488,-55.78739,2735.00000
0.66414,0.65986,0.66644,0.66743,0.66775,0.27603,0.27176,0.27702,0.26814,0.27011,0.06290,0.06225,0.06521,0.06323,0.06619,-56.62904,2736.00000
0.67039,0.65723,0.66447,0.66249,0.65855,0.27702,0.27274,0.26715,0.27636,0.27570,0.06422,0.06718,0.06685,0.06323,0.06258,-56.62904,2737.00000
0.66052,0.66118,0.66216,0.66216,0.66545,0.26814,0.26945,0.26913,0.27603,0.27044,0.06455,0.06323,0.06751,0.06718,0.06685,-56.28083,2738.00000
0.66512,0.66183,0.66578,0.66118,0.66052,0.27176,0.27340,0.27636,0.27472,0.27439,0.06192,0.06554,0.06718,0.06521,0.06323,-56.28083,2739.00000
0.66282,0.66644,0.66775,0.66118,0.66315,0.27505,0.27603,0.27439,0.27307,0.27439,0.06554,0.06258,0.06323,0.06554,0.06586,-55.65506,2740.00000
0.66479,0.66348,0.66447,0.65657,0.66118,0.27801,0.27636,0.27373,0.27274,0.27636,0.06225,0.06389,0.06225,0.06554,0.06323,-55.65506,2741.00000
0.66479,0.66282,0.66644,0.66118,0.66085,0.27537,0.27373,0.27570,0.27439,0.27241,0.06554,0.06159,0.06685,0.06323,0.06323,-55.84511,2742.00000
0.66677,0.65986,0.66183,0.66710,0.66447,0.27274,0.27833,0.27373,0.27570,0.27570,0.06258,0.06554,0.06290,0.06225,0.06488,-55.84511,2743.00000
0.66512,0.66183,0.66052,0.66545,0.66775,0.26649,0.27143,0.27866,0.27209,0.27373,0.06915,0.06323,0.06488,0.06389,0.06356,-55.27607,2744.00000
0.66907,0.66545,0.66545,0.66348,0.65460,0.27373,0.27570,0.27735,0.27011,0.27373,0.06850,0.06389,0.06619,0.06586,0.06323,-55.27607,2745.00000
0.66118,0.66973,0.66907,0.66085,0.66019,0.27110,0.27472,0.27340,0.27340,0.27340,0.06159,0.06455,0.06389,0.06356,0.06586,-55.79722,2746.00000
0.66677,0.66282,0.66348,0.67071,0.66249,0.27373,0.27274,0.27373,0.27143,0.27340,0.06455,0.06258,0.06784,0.06356,0.06290,-55.79722,2747.00000
0.66183,0.67203,0.66216,0.67269,0.67137,0.27373,0.27768,0.27899,0.27735,0.27274,0.06192,0.06619,0.06554,0.06455,0.06521,-55.90154,2748.00000
0.66414,0.66578,0.67170,0.66479,0.67170,0.27241,0.27702,0.27702,0.27406,0.27307,0.06356,0.06784,0.06554,0.06554,0.06455,-55.90154,2749.00000
0.66874,0.66710,0.66775,0.66512,0.66414,0.27669,0.27340,0.27768,0.27439,0.27307,0.06554,0.06652,0.06652,0.06521,0.06784,-56.39803,2750.00000
0.66414,0.66677,0.66677,0.66479,0.66874,0.27702,0.27669,0.27866,0.27965,0.28064,0.06422,0.06455,0.06488,0.06850,0.06652,-56.39803,2751.00000
0.66644,0.66907,0.66249,0.66808,0.66874,0.27570,0.27636,0.27702,0.27274,0.27439,0.06586,0.06751,0.06521,0.06455,0.06685,-56.11650,2752.00000
0.66743,0.67302,0.66085,0.67137,0.66315,0.27472,0.26880,0.27636,0.27340,0.27702,0.06784,0.06652,0.06422,0.06751,0.06488,-56.11650,2753.00000
0.66907,0.66973,0.66907,0.67203,0.66743,0.27570,0.27833,0.27735,0.27801,0.27505,0.06619,0.06784,0.06784,0.06422,0.06521,-56.67397,2754.00000
0.67039,0.66381,0.66381,0.66743,0.67203,0.27636,0.27702,0.27537,0.27143,0.27241,0.06389,0.06225,0.06554,0.06850,0.06521,-56.67397,2755.00000
0.66808,0.67104,0.66315,0.67104,0.66677,0.27669,0.27472,0.27439,0.27768,0.27110,0.06554,0.06586,0.06718,0.06850,0.06586,-56.36921,2756.00000
0.66677,0.67203,0.66151,0.66808,0.66019,0.27472,0.27209,0.27340,0.27636,0.27472,0.06882,0.06455,0.06521,0.06619,0.06225,-56.36921,2757.00000
0.65920,0.66677,0.66710,0.66085,0.66512,0.27110,0.27570,0.27833,0.27340,0.27669,0.06488,0.06685,0.06422,0.06225,0.06521,-56.65140,2758.00000
0.66085,0.67104,0.67236,0.67269,0.67104,0.27702,0.27669,0.27406,0.27406,0.27669,0.06126,0.06586,0.06389,0.06751,0.06685,-56.65140,2759.00000
0.66282,0.67006,0.66710,0.66775,0.66874,0.27044,0.27307,0.27801,0.27932,0.27143,0.06389,0.06784,0.06192,0.06258,0.06323,-55.90627,2760.00000
0.66414,0.66611,0.66775,0.65756,0.66183,0.27340,0.27636,0.27669,0.27406,0.27801,0.06521,0.06356,0.06356,0.06159,0.05929,-55.90627,2761.00000
0.66216,0.66216,0.66085,0.67006,0.66578,0.27143,0.27636,0.27702,0.27636,0.27241,0.06225,0.06455,0.06356,0.06422,0.06718,-55.20167,2762.00000
0.66381,0.66282,0.66315,0.66611,0.66710,0.27110,0.27373,0.27209,0.27570,0.27241,0.06521,0.06290,0.06455,0.06554,0.06488,-55.20167,2763.00000
0.66447,0.66052,0.66447,0.65953,0.66479,0.26814,0.27143,0.27899,0.27176,0.27340,0.06619,0.06521,0.06521,0.06586,0.06290,-55.32789,2764.00000
0.66611,0.66052,0.65723,0.66578,0.66052,0.27011,0.27505,0.27439,0.27702,0.27110,0.06586,0.06356,0.06258,0.06554,0.06488,-55.32789,2765.00000
0.66315,0.66381,0.66841,0.66545,0.66052,0.27011,0.27768,0.26682,0.27241,0.27077,0.06586,0.05962,0.07014,0.06751,0.06323,-55.49842,2766.00000
0.66578,0.66545,0.66315,0.66677,0.66183,0.27439,0.27439,0.27307,0.27307,0.27505,0.06554,0.06389,0.06488,0.06389,0.06521,-55.49842,2767.00000
0.66348,0.66578,0.66808,0.66644,0.66775,0.27307,0.27505,0.27505,0.27570,0.27505,0.06685,0.06356,0.06718,0.06586,0.06751,-54.86835,2768.00000
0.66052,0.65723,0.66348,0.66447,0.66085,0.27143,0.27472,0.27110,0.27307,0.27406,0.06915,0.06225,0.06521,0.06356,0.06817,-54.86835,2769.00000
0.66315,0.66940,0.66348,0.66052,0.66052,0.27406,0.27044,0.27044,0.27209,0.27537,0.06915,0.06356,0.06389,0.06751,0.06586,-56.06210,2770.00000
0.66183,0.65887,0.66085,0.66348,0.66052,0.27505,0.27537,0.27077,0.27505,0.26978,0.06685,0.06751,0.06422,0.06586,0.06784,-56.06210,2771.00000
0.65986,0.65887,0.65986,0.65953,0.65986,0.27044,0.27340,0.27307,0.27537,0.27110,0.06882,0.06356,0.06948,0.06455,0.06586,-56.17070,2772.00000
0.66151,0.66216,0.66216,0.65591,0.66381,0.27274,0.26913,0.27307,0.27406,0.27636,0.07047,0.06488,0.06784,0.06488,0.06718,-56.17070,2773.00000
0.65328,0.66085,0.65361,0.66381,0.66282,0.27669,0.27274,0.27274,0.27833,0.27077,0.06422,0.06488,0.06356,0.06290,0.06718,-55.60732,2774.00000
0.65822,0.66216,0.66414,0.66151,0.65953,0.27307,0.27143,0.27044,0.27669,0.27176,0.06850,0.06652,0.06159,0.06455,0.06586,-55.60732,2775.00000
0.66381,0.65920,0.65822,0.66118,0.65657,0.27669,0.27439,0.27505,0.26715,0.27505,0.06455,0.06323,0.06225,0.06488,0.06258,-55.62837,2776.00000
0.65887,0.65657,0.65855,0.66611,0.65855,0.27537,0.27340,0.27340,0.27472,0.27505,0.06685,0.06718,0.06652,0.06685,0.06619,-55.62837,2777.00000
0.65591,0.65920,0.65986,0.66381,0.66216,0.27011,0.27307,0.27472,0.27472,0.27340,0.06619,0.06850,0.06422,0.06290,0.06422,-56.13938,2778.00000
0.66216,0.65887,0.65690,0.66447,0.65559,0.27735,0.27669,0.27044,0.27537,0.26978,0.06521,0.06652,0.06389,0.06356,0.06652,-56.13938,2779.00000
0.66578,0.66512,0.66019,0.66151,0.66414,0.27505,0.27373,0.27537,0.27669,0.27406,0.06290,0.06652,0.06554,0.06455,0.06619,-56.43883,2780.00000
0.66085,0.66677,0.66216,0.66578,0.66479,0.27143,0.27110,0.27077,0.27340,0.27241,0.06521,0.06323,0.06521,0.06455,0.06192,-56.43883,2781.00000
0.66118,0.66183,0.66019,0.66183,0.65526,0.27439,0.27143,0.27505,0.27110,0.27702,0.06586,0.06488,0.06356,0.06652,0.06455,-56.63983,2782.00000
0.65887,0.66874,0.65822,0.66381,0.66315,0.27439,0.27373,0.26945,0.27209,0.27274,0.06850,0.06718,0.06389,0.06225,0.06488,-56.63983,2783.00000
0.66907,0.66118,0.66381,0.66414,0.66611,0.27505,0.26913,0.27044,0.27439,0.27274,0.06619,0.06685,0.06258,0.06619,0.06258,-56.51571,2784.00000
0.66052,0.66151,0.66512,0.66118,0.66743,0.27373,0.27735,0.27505,0.27209,0.27209,0.06554,0.06290,0.06652,0.06784,0.06619,-56.51571,2785.00000
0.66545,0.66512,0.65657,0.66743,0.66381,0.27209,0.27044,0.27340,0.27439,0.27110,0.06323,0.06554,0.06455,0.06060,0.06652,-56.11674,2786.00000
0.66019,0.66677,0.66677,0.66841,0.66348,0.27340,0.27439,0.27505,0.27570,0.27373,0.06356,0.06652,0.06619,0.06290,0.06685,-56.11674,2787.00000
0.66775,0.66414,0.66775,0.66216,0.66808,0.27505,0.27209,0.27899,0.27537,0.27241,0.06192,0.06455,0.06619,0.06488,0.06290,-55.16286,2788.00000
0.66414,0.66381,0.66907,0.66085,0.66710,0.27110,0.27011,0.27702,0.27406,0.27669,0.06126,0.06422,0.06751,0.06356,0.06225,-55.16286,2789.00000
0.66447,0.66512,0.67039,0.66743,0.65789,0.27340,0.27801,0.27702,0.27209,0.27439,0.06455,0.06554,0.06422,0.06488,0.06389,-55.52577,2790.00000
0.66710,0.66545,0.66447,0.66611,0.66118,0.27932,0.27406,0.27899,0.27307,0.27406,0.06619,0.06290,0.06488,0.06455,0.07047,-55.52577,2791.00000
0.66414,0.66677,0.67203,0.66052,0.65460,0.27110,0.26978,0.27537,0.27241,0.27636,0.06488,0.06685,0.06455,0.06422,0.06389,-55.39472,2792.00000
0.66841,0.66282,0.66216,0.66052,0.66315,0.28162,0.27636,0.27537,0.27340,0.26978,0.06586,0.06455,0.06817,0.06258,0.06652,-55.39472,2793.00000
0.66479,0.66183,0.66381,0.66019,0.66118,0.27537,0.27373,0.26945,0.27472,0.26518,0.06323,0.06882,0.06652,0.06126,0.06652,-55.71738,2794.00000
0.66381,0.65822,0.66315,0.66479,0.66512,0.27702,0.27570,0.27340,0.27833,0.27307,0.06652,0.06521,0.06356,0.06718,0.06521,-55.71738,2795.00000
0.65657,0.66677,0.65887,0.65822,0.66118,0.27801,0.27505,0.27603,0.27274,0.27833,0.06356,0.06521,0.06192,0.06948,0.06619,-55.73711,2796.00000
0.66447,0.66841,0.66151,0.66085,0.66512,0.27570,0.27176,0.27209,0.27044,0.27439,0.06192,0.06652,0.06389,0.06586,0.06422,-55.73711,2797.00000
0.66085,0.66841,0.66118,0.66348,0.66183,0.27077,0.27110,0.26978,0.27768,0.27176,0.06718,0.05797,0.06652,0.06488,0.06422,-56.10830,2798.00000
0.66808,0.66447,0.66315,0.66381,0.66381,0.27603,0.27965,0.27472,0.27702,0.27307,0.06159,0.06422,0.06652,0.06389,0.06521,-56.10830,2799.00000
0.66677,0.66183,0.66479,0.65723,0.66644,0.27406,0.27373,0.27669,0.27044,0.27570,0.06554,0.06389,0.06422,0.06455,0.06817,-56.27925,2800.00000
0.66447,0.65789,0.66479,0.66282,0.66644,0.27307,0.26945,0.27110,0.27241,0.27307,0.06554,0.06554,0.06126,0.06554,0.06192,-56.27925,2801.00000
0.66710,0.66052,0.66414,0.66151,0.66315,0.27472,0.27143,0.27505,0.27340,0.27274,0.06126,0.06554,0.06356,0.06751,0.06323,-55.77146,2802.00000
0.66414,0.66052,0.66249,0.67170,0.66183,0.27570,0.27899,0.27209,0.27307,0.26978,0.06554,0.06817,0.06586,0.06488,0.06159,-55.77146,2803.00000
0.66874,0.66216,0.65591,0.66381,0.66447,0.27505,0.26978,0.27570,0.26978,0.27340,0.06389,0.06619,0.06488,0.06652,0.06882,-56.13280,2804.00000
0.66282,0.66479,0.66249,0.66151,0.66216,0.27472,0.27899,0.26978,0.26847,0.27241,0.06455,0.06619,0.06586,0.06455,0.06225,-56.13280,2805.00000
0.65920,0.66414,0.66183,0.65953,0.66545,0.26913,0.27669,0.27537,0.27702,0.26814,0.06422,0.06554,0.06422,0.06488,0.06718,-56.53320,2806.00000
0.66381,0.65789,0.66052,0.66447,0.66216,0.27176,0.26913,0.27406,0.27406,0.27406,0.06521,0.06817,0.06455,0.06619,0.06455,-56.53320,2807.00000
0.65690,0.66019,0.66414,0.65723,0.66578,0.27176,0.27176,0.27669,0.27077,0.27570,0.06619,0.06356,0.06685,0.06619,0.06586,-56.87256,2808.00000
0.66216,0.66216,0.66414,0.66151,0.66052,0.27011,0.27143,0.27011,0.27537,0.27209,0.06521,0.06521,0.06521,0.06521,0.06586,-56.87256,2809.00000
0.66183,0.66216,0.65920,0.66447,0.66315,0.27439,0.27241,0.27373,0.27570,0.27110,0.06521,0.06850,0.06586,0.06718,0.06126,-56.59546,2810.00000
0.66216,0.66151,0.66545,0.67071,0.66216,0.27636,0.27472,0.27505,0.26945,0.27340,0.06619,0.06817,0.06817,0.06850,0.06554,-56.59546,2811.00000
0.66644,0.66611,0.66118,0.65953,0.66743,0.27340,0.27702,0.27176,0.27570,0.27209,0.06751,0.06685,0.06389,0.06422,0.06784,-56.04187,2812.00000
0.66052,0.66479,0.67006,0.66282,0.66381,0.27176,0.27669,0.27077,0.27735,0.27833,0.06586,0.06619,0.06356,0.06389,0.06586,-56.04187,2813.00000
0.66479,0.66183,0.66282,0.66841,0.66710,0.27307,0.27570,0.27505,0.27274,0.27603,0.06652,0.06488,0.06554,0.06751,0.06586,-55.42328,2814.00000
0.66611,0.67039,0.66644,0.66216,0.65953,0.27439,0.27472,0.27274,0.27176,0.26419,0.06619,0.06586,0.06455,0.06356,0.06817,-55.42328,2815.00000
0.66249,0.66479,0.66512,0.66874,0.66249,0.27537,0.27472,0.27702,0.27373,0.27307,0.06817,0.06685,0.06882,0.06751,0.06882,-52.64572,2816.00000
0.66512,0.66118,0.66644,0.66710,0.66381,0.27373,0.27307,0.27603,0.27406,0.27472,0.06685,0.06554,0.06652,0.06356,0.07047,-52.64572,2817.00000
0.66249,0.65920,0.66479,0.65855,0.66414,0.27735,0.27537,0.27241,0.27768,0.27241,0.06586,0.06915,0.06389,0.06554,0.06850,-53.12950,2818.00000
0.66414,0.66216,0.66512,0.66479,0.66315,0.27570,0.27110,0.27340,0.27472,0.27176,0.06948,0.06554,0.06586,0.06685,0.06685,-53.12950,2819.00000
0.67236,0.66315,0.66479,0.66512,0.66743,0.27603,0.27011,0.26978,0.27603,0.26880,0.06751,0.06389,0.06619,0.06652,0.06488,-54.43096,2820.00000
0.66183,0.66907,0.65723,0.66545,0.66447,0.27209,0.27537,0.27636,0.27472,0.27274,0.07113,0.06554,0.06948,0.06619,0.06586,-54.43096,2821.00000
0.66677,0.66052,0.66644,0.66808,0.66414,0.27340,0.27735,0.27768,0.27801,0.27439,0.06817,0.06882,0.06356,0.06521,0.06817,-55.56021,2822.00000
0.66381,0.66052,0.66644,0.65855,0.66808,0.27603,0.27110,0.27307,0.27603,0.27603,0.06356,0.06915,0.06718,0.06488,0.06685,-55.56021,2823.00000
0.66315,0.66644,0.66512,0.66578,0.66907,0.27274,0.27537,0.27505,0.27011,0.26913,0.06488,0.06784,0.06521,0.06422,0.06554,-55.98079,2824.00000
0.66019,0.66578,0.66512,0.67071,0.66282,0.27176,0.27274,0.27505,0.27077,0.27472,0.07080,0.06882,0.06290,0.06751,0.06751,-55.98079,2825.00000
0.66545,0.66019,0.66578,0.67400,0.65920,0.27044,0.27505,0.27537,0.26978,0.27110,0.06521,0.06685,0.06784,0.06882,0.06422,-55.55143,2826.00000
0.66447,0.66381,0.65789,0.66381,0.65822,0.27176,0.27274,0.27307,0.27241,0.27537,0.06586,0.06652,0.06258,0.06685,0.06652,-55.55143,2827.00000
0.66085,0.66019,0.65887,0.66710,0.65920,0.27406,0.27209,0.27110,0.27406,0.27406,0.06521,0.06751,0.06323,0.06850,0.06784,-55.43929,2828.00000
0.66052,0.66282,0.66414,0.66644,0.66052,0.27307,0.27143,0.27570,0.27439,0.27307,0.06389,0.06521,0.06784,0.06685,0.06751,-55.43929,2829.00000
0.66348,0.66348,0.65723,0.66216,0.66644,0.26781,0.27570,0.27241,0.27669,0.27505,0.06817,0.06751,0.06817,0.06817,0.06521,-56.24259,2830.00000
0.66085,0.66907,0.66512,0.66315,0.66545,0.27110,0.27340,0.27209,0.27340,0.27669,0.06619,0.06389,0.06652,0.06784,0.06389,-56.24259,2831.00000
0.66249,0.66282,0.66019,0.66052,0.66545,0.27669,0.27209,0.27472,0.27274,0.27669,0.06554,0.06915,0.07014,0.06981,0.06981,-56.17061,2832.00000
0.65657,0.66151,0.66545,0.66644,0.66479,0.27669,0.27537,0.27702,0.27702,0.27307,0.06619,0.06751,0.06323,0.06554,0.06619,-56.17061,2833.00000
0.66611,0.66085,0.66545,0.65953,0.66151,0.27472,0.27570,0.27735,0.27570,0.26913,0.06586,0.06290,0.06751,0.06422,0.06554,-55.90757,2834.00000
0.66644,0.66183,0.66052,0.66216,0.66677,0.27373,0.27439,0.27241,0.27505,0.27702,0.06981,0.06718,0.06586,0.06718,0.06192,-55.90757,2835.00000
0.66118,0.66216,0.65756,0.66183,0.66512,0.27307,0.27044,0.27110,0.27077,0.27209,0.06323,0.06554,0.06521,0.06586,0.06619,-55.67107,2836.00000
0.66578,0.66151,0.66315,0.66183,0.66183,0.27570,0.26880,0.27241,0.27603,0.27241,0.06948,0.06323,0.06455,0.06521,0.06488,-55.67107,2837.00000
0.66512,0.65920,0.65460,0.65855,0.65624,0.27373,0.26945,0.27439,0.27307,0.27077,0.06356,0.06718,0.06521,0.06323,0.06422,-55.58944,2838.00000
0.65887,0.66414,0.66282,0.66315,0.66282,0.27340,0.27209,0.26978,0.27110,0.27044,0.06784,0.06652,0.06258,0.06685,0.06915,-55.58944,2839.00000
0.66775,0.65526,0.65789,0.66775,0.66282,0.26847,0.26978,0.27636,0.27340,0.27209,0.06784,0.06455,0.06751,0.06521,0.06554,-55.33622,2840.00000
0.66183,0.65526,0.66348,0.65855,0.66282,0.27241,0.27110,0.27044,0.27241,0.27669,0.06586,0.06455,0.06422,0.06586,0.06225,-55.33622,2841.00000
0.65756,0.66447,0.65559,0.66315,0.66578,0.27307,0.27570,0.27274,0.27077,0.27340,0.06455,0.06751,0.06290,0.06586,0.06422,-55.76137,2842.00000
0.66118,0.66414,0.66348,0.66578,0.66611,0.27439,0.27209,0.27439,0.27176,0.27274,0.06619,0.06488,0.06554,0.06784,0.06093,-55.76137,2843.00000
0.66183,0.66381,0.66545,0.66381,0.66052,0.27439,0.27439,0.27110,0.27241,0.27110,0.06882,0.06619,0.06652,0.06455,0.06619,-55.50520,2844.00000
0.66249,0.65986,0.66315,0.65986,0.66151,0.27373,0.27899,0.27537,0.27110,0.27768,0.06718,0.06455,0.06488,0.06389,0.06554,-55.50520,2845.00000
0.65855,0.66775,0.65855,0.65690,0.66578,0.27241,0.26978,0.27406,0.27011,0.27472,0.06422,0.06718,0.06685,0.06981,0.06685,-55.73844,2846.00000
0.66151,0.65887,0.66118,0.66249,0.66282,0.26814,0.27110,0.27011,0.27340,0.27176,0.06488,0.06948,0.06751,0.06554,0.06455,-55.73844,2847.00000
0.66085,0.66151,0.65920,0.66315,0.66479,0.27735,0.27241,0.27274,0.27472,0.27176,0.06389,0.06323,0.06652,0.06751,0.06455,-56.00154,2848.00000
0.66677,0.66644,0.65953,0.65953,0.66348,0.27077,0.27077,0.27241,0.27439,0.27340,0.06586,0.06290,0.06422,0.06521,0.06685,-56.00154,2849.00000
0.66578,0.66282,0.65920,0.66348,0.66249,0.26978,0.27603,0.27209,0.27241,0.27307,0.07047,0.06817,0.06685,0.06652,0.06685,-55.41288,2850.00000
0.65953,0.66348,0.65756,0.66052,0.66282,0.26978,0.27373,0.27143,0.27110,0.27406,0.06718,0.06784,0.06652,0.06882,0.06784,-55.41288,2851.00000
0.65789,0.66841,0.65953,0.65690,0.66578,0.27472,0.27011,0.27143,0.27636,0.27307,0.06652,0.06619,0.06817,0.06882,0.06685,-56.07558,2852.00000
0.66249,0.66019,0.66151,0.65953,0.65953,0.27241,0.27801,0.27209,0.27636,0.27307,0.06718,0.06356,0.06389,0.06652,0.06225,-56.07558,2853.00000
0.66183,0.66249,0.65723,0.66216,0.65756,0.27241,0.27077,0.27373,0.27307,0.27110,0.06356,0.07146,0.06554,0.06619,0.06554,-56.11152,2854.00000
0.66479,0.66052,0.66282,0.67071,0.65920,0.27735,0.27340,0.26748,0.27603,0.27340,0.06784,0.06915,0.06126,0.06356,0.06619,-56.11152,2855.00000
0.66151,0.66512,0.66841,0.65591,0.66348,0.27110,0.27472,0.27274,0.27537,0.27241,0.06751,0.06422,0.06652,0.07014,0.06981,-56.38828,2856.00000
0.66151,0.66578,0.66085,0.65953,0.65887,0.26913,0.26913,0.27241,0.27505,0.26913,0.06258,0.06619,0.06521,0.06455,0.06389,-56.38828,2857.00000
0.66019,0.66381,0.66183,0.65493,0.66479,0.27373,0.27406,0.27603,0.27406,0.27570,0.06422,0.06521,0.06850,0.06685,0.07014,-56.28984,2858.00000
0.66183,0.66743,0.66447,0.65756,0.65723,0.27439,0.27077,0.27077,0.27636,0.27833,0.06882,0.06652,0.06784,0.07014,0.06882,-56.28984,2859.00000
0.67039,0.65855,0.65822,0.65953,0.66874,0.27505,0.27603,0.26715,0.27307,0.27603,0.06718,0.07080,0.06554,0.06554,0.06619,-55.77920,2860.00000
0.66644,0.65887,0.66512,0.66578,0.65855,0.27570,0.27011,0.27472,0.27143,0.27241,0.06817,0.07113,0.06981,0.06554,0.06981,-55.77920,2861.00000
0.65920,0.66315,0.66348,0.66447,0.66118,0.26978,0.27110,0.27077,0.27077,0.27373,0.07014,0.07211,0.06817,0.06356,0.06521,-56.26606,2862.00000
0.66512,0.66315,0.66052,0.66447,0.66052,0.27373,0.27570,0.27439,0.27537,0.27176,0.06455,0.06258,0.06652,0.06718,0.06422,-56.26606,2863.00000
0.66775,0.66348,0.65986,0.67269,0.66578,0.27143,0.27044,0.27340,0.27636,0.27373,0.06619,0.06784,0.06422,0.06915,0.06751,-56.46067,2864.00000
0.66545,0.66808,0.66348,0.66151,0.66414,0.27209,0.26978,0.27702,0.26945,0.27307,0.06817,0.06652,0.06488,0.06586,0.06422,-56.46067,2865.00000
0.66874,0.66348,0.66479,0.66512,0.66183,0.27110,0.27472,0.27472,0.27537,0.27472,0.06422,0.06652,0.06554,0.06619,0.06652,-55.81090,2866.00000
0.66249,0.66414,0.66118,0.66249,0.66151,0.27735,0.27537,0.27241,0.27768,0.27209,0.06850,0.06915,0.06586,0.06981,0.06586,-55.81090,2867.00000
0.66085,0.66743,0.66183,0.65526,0.66841,0.27077,0.27340,0.27274,0.27143,0.27044,0.06817,0.06718,0.06652,0.06586,0.06882,-56.37713,2868.00000
0.66775,0.66216,0.66052,0.66512,0.66282,0.27143,0.27965,0.27011,0.27307,0.27735,0.06718,0.06422,0.06323,0.06554,0.06521,-56.37713,2869.00000
0.66611,0.66545,0.66348,0.66512,0.66348,0.27472,0.27143,0.27702,0.27077,0.27472,0.06718,0.06784,0.06850,0.06422,0.06784,-56.30380,2870.00000
0.66348,0.66381,0.66216,0.66874,0.66743,0.27143,0.27636,0.27241,0.27472,0.27669,0.06718,0.06850,0.06882,0.06586,0.06751,-56.30380,2871.00000
0.65789,0.66348,0.67104,0.66249,0.66315,0.27537,0.27768,0.27143,0.26913,0.27340,0.06685,0.06915,0.06422,0.06685,0.07080,-56.23784,2872.00000
0.66118,0.66315,0.66611,0.66677,0.65756,0.27735,0.27537,0.27505,0.27570,0.27241,0.06586,0.06521,0.06422,0.06718,0.06619,-56.23784,2873.00000
0.66940,0.65591,0.66414,0.66841,0.66644,0.27143,0.27406,0.27537,0.27768,0.27044,0.06619,0.06850,0.06685,0.06718,0.06850,-56.19509,2874.00000
0.66710,0.65460,0.66052,0.66512,0.66151,0.26880,0.27209,0.27439,0.27110,0.27537,0.06586,0.06554,0.06685,0.06850,0.06718,-56.19509,2875.00000
0.66479,0.65624,0.66315,0.66216,0.66216,0.27307,0.27176,0.26978,0.27176,0.27439,0.06685,0.06652,0.06685,0.06718,0.06817,-55.58046,2876.00000
0.66775,0.66183,0.66414,0.66118,0.65887,0.27340,0.27768,0.26814,0.27373,0.27077,0.06882,0.06751,0.06290,0.06619,0.07080,-55.58046,2877.00000
0.66085,0.66118,0.66512,0.65822,0.65657,0.27505,0.27176,0.27603,0.27209,0.27274,0.06619,0.06817,0.06817,0.06784,0.06554,-55.75654,2878.00000
0.66644,0.65460,0.66052,0.66216,0.65460,0.27241,0.27373,0.27537,0.27110,0.27176,0.06521,0.06586,0.06652,0.06323,0.06323,-55.75654,2879.00000
0.65986,0.65723,0.65591,0.65822,0.65986,0.27143,0.27241,0.27143,0.27537,0.27176,0.06619,0.06554,0.06554,0.06817,0.06751,-56.28891,2880.00000
0.65986,0.65822,0.66052,0.65887,0.65460,0.27143,0.26978,0.26715,0.27209,0.27439,0.06850,0.06850,0.06619,0.06981,0.06554,-56.28891,2881.00000
0.65361,0.65887,0.66414,0.66052,0.65624,0.27702,0.27340,0.26847,0.27209,0.27110,0.06751,0.07178,0.06850,0.07244,0.06685,-55.97160,2882.00000
0.66381,0.65723,0.65789,0.66644,0.66381,0.27505,0.27011,0.27702,0.27110,0.27241,0.06948,0.06652,0.06685,0.06586,0.06751,-55.97160,2883.00000
0.66151,0.66085,0.66348,0.66677,0.66183,0.27603,0.27143,0.26978,0.26880,0.26978,0.06619,0.06882,0.06422,0.06817,0.06586,-55.88131,2884.00000
0.66940,0.66183,0.66085,0.66052,0.66118,0.27176,0.27274,0.27373,0.27801,0.27537,0.06652,0.06718,0.06258,0.06356,0.06422,-55.88131,2885.00000
0.66348,0.66118,0.66611,0.66414,0.66743,0.27274,0.27439,0.26913,0.27373,0.27636,0.06718,0.06784,0.06389,0.06422,0.06685,-55.68235,2886.00000
0.66841,0.65789,0.65723,0.66381,0.66249,0.27406,0.27110,0.27439,0.27373,0.27570,0.06521,0.06685,0.06882,0.06685,0.07047,-55.68235,2887.00000
0.65920,0.66677,0.66907,0.66677,0.66381,0.27011,0.27307,0.27373,0.27603,0.27241,0.06455,0.06619,0.06389,0.06554,0.06784,-57.07458,2888.00000
0.66578,0.66052,0.66512,0.66381,0.66775,0.26945,0.27373,0.27176,0.27110,0.27209,0.06850,0.06652,0.06455,0.06718,0.06586,-57.07458,2889.00000
0.66841,0.65756,0.66249,0.66808,0.65855,0.27472,0.26945,0.27209,0.27176,0.27241,0.06586,0.06554,0.06488,0.06981,0.06521,-56.93328,2890.00000
0.66151,0.66940,0.66282,0.66216,0.66545,0.27373,0.27209,0.27143,0.27241,0.27340,0.06981,0.06850,0.06422,0.06751,0.06751,-56.93328,2891.00000
0.66381,0.65723,0.66611,0.65953,0.65723,0.27603,0.27340,0.27011,0.27274,0.27209,0.06586,0.06652,0.07014,0.06685,0.06586,-56.36947,2892.00000
0.65624,0.65756,0.66775,0.66052,0.66085,0.27209,0.27307,0.26814,0.27439,0.27011,0.06422,0.06225,0.06751,0.06751,0.06290,-56.36947,2893.00000
0.66677,0.65920,0.65657,0.65953,0.66644,0.27110,0.26847,0.26649,0.27505,0.27636,0.06619,0.06455,0.06422,0.06554,0.07014,-56.01677,2894.00000
0.66019,0.65526,0.66907,0.66249,0.65789,0.27472,0.27209,0.27209,0.26682,0.27011,0.06784,0.06948,0.06619,0.06554,0.06389,-56.01677,2895.00000
0.66151,0.65591,0.65986,0.65526,0.66512,0.27143,0.27472,0.27274,0.27176,0.27537,0.06882,0.06685,0.06915,0.06488,0.07014,-55.02010,2896.00000
0.66249,0.66381,0.66183,0.66348,0.66151,0.27439,0.27110,0.26847,0.27143,0.27570,0.06586,0.06751,0.06619,0.06521,0.06554,-55.02010,2897.00000
0.66183,0.65723,0.66118,0.66249,0.66085,0.27603,0.27176,0.27603,0.27472,0.27044,0.06586,0.06652,0.06915,0.06817,0.06652,-55.17118,2898.00000
0.65887,0.66019,0.66479,0.66151,0.65493,0.27044,0.27044,0.27340,0.27307,0.27044,0.06455,0.06586,0.06948,0.06356,0.06554,-55.17118,2899.00000
0.65953,0.66249,0.66151,0.65953,0.66414,0.27340,0.27274,0.27143,0.27176,0.27570,0.06521,0.06817,0.06948,0.06751,0.06455,-55.06362,2900.00000
0.66118,0.65953,0.66348,0.66611,0.65723,0.27143,0.27472,0.27570,0.26913,0.26584,0.06915,0.07244,0.06685,0.06850,0.07047,-55.06362,2901.00000
0.66183,0.66315,0.66315,0.65986,0.66808,0.27307,0.27143,0.27340,0.27044,0.27340,0.07146,0.06586,0.06751,0.06389,0.06784,-54.61433,2902.00000
0.66085,0.66710,0.66479,0.65855,0.66052,0.27044,0.27241,0.27176,0.27340,0.27209,0.06290,0.06751,0.06389,0.06751,0.07178,-54.61433,2903.00000
0.65723,0.66249,0.66710,0.65493,0.66151,0.27176,0.26945,0.27439,0.27307,0.27801,0.06685,0.06685,0.07080,0.06455,0.06619,-53.15433,2904.00000
0.66414,0.66447,0.66249,0.66677,0.65624,0.27011,0.27505,0.27768,0.27570,0.27274,0.06225,0.06850,0.06619,0.06159,0.06586,-53.15433,2905.00000
0.66479,0.66216,0.66578,0.65953,0.66808,0.27044,0.27143,0.27505,0.27209,0.27636,0.06389,0.06817,0.06882,0.06948,0.06850,-52.32424,2906.00000
0.66282,0.65953,0.66019,0.66578,0.66512,0.27340,0.27176,0.27274,0.27077,0.27241,0.06751,0.06554,0.06685,0.06882,0.06389,-52.32424,2907.00000
0.66183,0.66874,0.65723,0.65789,0.66512,0.27176,0.26978,0.27241,0.27406,0.27373,0.07047,0.06652,0.06850,0.06948,0.06718,-52.63184,2908.00000
0.66216,0.66414,0.66348,0.65855,0.66052,0.27307,0.27110,0.27274,0.27537,0.27735,0.06751,0.06521,0.06948,0.06718,0.06652,-52.63184,2909.00000
0.65887,0.65690,0.66545,0.66019,0.66414,0.27505,0.27274,0.26617,0.27274,0.27274,0.07014,0.06685,0.06652,0.06882,0.06784,-53.87452,2910.00000
0.65920,0.66611,0.65986,0.66315,0.66118,0.27011,0.27801,0.27406,0.27241,0.27044,0.06159,0.06751,0.06817,0.06718,0.06389,-53.87452,2911.00000
0.66447,0.66644,0.65559,0.66479,0.65526,0.27373,0.27439,0.26847,0.27373,0.27406,0.06948,0.06685,0.06751,0.06619,0.06685,-54.79370,2912.00000
0.65920,0.65986,0.65855,0.66381,0.65822,0.27274,0.26748,0.26682,0.26913,0.27735,0.06784,0.06981,0.06521,0.06915,0.06619,-54.79370,2913.00000
0.65887,0.66414,0.66249,0.66611,0.66118,0.26814,0.27143,0.27702,0.27143,0.27768,0.07014,0.06784,0.06422,0.06981,0.06586,-55.49011,2914.00000
0.65887,0.66315,0.66447,0.65953,0.66578,0.27537,0.27307,0.27274,0.26880,0.27274,0.06915,0.06652,0.06652,0.06619,0.06586,-55.49011,2915.00000
0.66414,0.65855,0.66479,0.66249,0.66249,0.27373,0.27209,0.27373,0.27505,0.27307,0.06586,0.06488,0.06554,0.06389,0.07047,-55.65765,2916.00000
0.66183,0.66479,0.66315,0.66118,0.66085,0.27044,0.27537,0.27505,0.27439,0.27537,0.07080,0.07113,0.06554,0.06882,0.06915,-55.65765,2917.00000
0.66545,0.66216,0.66710,0.65624,0.66315,0.27143,0.26715,0.26945,0.27603,0.27143,0.06850,0.06619,0.06751,0.06948,0.06751,-55.89279,2918.00000
0.66578,0.65855,0.66348,0.66381,0.66151,0.26847,0.26880,0.27044,0.27044,0.27669,0.06488,0.06817,0.06586,0.06126,0.06784,-55.89279,2919.00000
0.66644,0.66249,0.66216,0.66315,0.66381,0.27636,0.27472,0.27406,0.27209,0.27176,0.06718,0.06652,0.06619,0.06751,0.06817,-56.05675,2920.00000
0.66249,0.66414,0.66052,0.66151,0.66019,0.27340,0.27472,0.27406,0.27307,0.26880,0.06586,0.06882,0.06981,0.06915,0.06751,-56.05675,2921.00000
0.65887,0.65953,0.66052,0.66216,0.66479,0.27373,0.27537,0.27274,0.26551,0.27505,0.06652,0.06652,0.06981,0.06751,0.06586,-55.97271,2922.00000
0.66907,0.66216,0.66249,0.66282,0.66940,0.27439,0.26978,0.27307,0.26880,0.27340,0.06981,0.06488,0.06948,0.06619,0.06488,-55.97271,2923.00000
0.66447,0.66085,0.66512,0.66118,0.65394,0.27439,0.26945,0.27406,0.27176,0.26781,0.06619,0.06718,0.06718,0.06948,0.07080,-55.93557,2924.00000
0.65756,0.65986,0.66414,0.66249,0.66216,0.27241,0.26847,0.27603,0.26913,0.26978,0.06685,0.06586,0.06817,0.06652,0.06718,-55.93557,2925.00000
0.66512,0.66381,0.65591,0.66545,0.66052,0.27833,0.27110,0.27472,0.27143,0.27373,0.06554,0.06488,0.06915,0.06850,0.06915,-56.29542,2926.00000
0.65822,0.66348,0.65920,0.66183,0.66348,0.26814,0.27176,0.27439,0.27307,0.27965,0.06981,0.07080,0.06751,0.06718,0.06718,-56.29542,2927.00000
0.66052,0.66479,0.66479,0.66151,0.66775,0.27241,0.27110,0.27241,0.27274,0.27406,0.06586,0.06784,0.06422,0.07178,0.06981,-56.32886,2928.00000
0.66183,0.66019,0.66578,0.65855,0.65789,0.27209,0.27241,0.27636,0.27373,0.27274,0.06948,0.07080,0.06784,0.06981,0.06751,-56.32886,2929.00000
0.66348,0.66118,0.66578,0.66282,0.66151,0.27340,0.27110,0.27669,0.26551,0.27209,0.06981,0.06389,0.06784,0.06882,0.06981,-56.82166,2930.00000
0.65756,0.66348,0.66348,0.66052,0.66019,0.27209,0.27241,0.27603,0.27340,0.27406,0.06718,0.06751,0.06619,0.06521,0.07080,-56.82166,2931.00000
0.65855,0.65559,0.65723,0.66118,0.65986,0.26978,0.27209,0.26945,0.27110,0.27373,0.06882,0.07113,0.06389,0.06323,0.06948,-55.70331,2932.00000
0.66216,0.66677,0.65986,0.65756,0.65822,0.27439,0.27176,0.27176,0.27373,0.27011,0.06718,0.06356,0.06554,0.06389,0.06915,-55.70331,2933.00000
0.66118,0.66315,0.66052,0.66775,0.65855,0.26748,0.27044,0.27537,0.26978,0.27143,0.06652,0.06455,0.06948,0.06685,0.07146,-56.08408,2934.00000
0.66052,0.66118,0.66447,0.65427,0.66282,0.27340,0.27570,0.27603,0.27537,0.27373,0.06586,0.06290,0.06422,0.06850,0.06784,-56.08408,2935.00000
0.66216,0.65887,0.65953,0.66348,0.66644,0.26748,0.27439,0.27274,0.27077,0.27735,0.06619,0.06586,0.06981,0.06915,0.06751,-55.91557,2936.00000
0.66151,0.65624,0.65526,0.66216,0.65559,0.27505,0.26945,0.27011,0.27439,0.27669,0.06784,0.06554,0.06586,0.07047,0.07113,-55.91557,2937.00000
0.66249,0.65756,0.66183,0.66085,0.65723,0.27274,0.27636,0.27307,0.27307,0.27439,0.07014,0.06751,0.07014,0.06850,0.06586,-55.73855,2938.00000
0.66216,0.65986,0.66019,0.65920,0.66282,0.27439,0.26978,0.27472,0.27505,0.27110,0.06817,0.06455,0.06586,0.06389,0.06718,-55.73855,2939.00000
0.65887,0.66216,0.66085,0.66710,0.65624,0.26814,0.27439,0.27537,0.27702,0.27801,0.06981,0.06455,0.06850,0.06356,0.07113,-55.96742,2940.00000
0.65591,0.66282,0.65657,0.65262,0.66479,0.27011,0.27439,0.27570,0.27143,0.27110,0.06718,0.06817,0.06915,0.06718,0.06652,-55.96742,2941.00000
0.65230,0.65657,0.65953,0.66151,0.66381,0.27406,0.26978,0.27439,0.27044,0.27274,0.06751,0.06882,0.06915,0.06784,0.06817,-56.33820,2942.00000
0.65756,0.66315,0.66743,0.65493,0.66315,0.27603,0.27340,0.27241,0.26945,0.27505,0.06685,0.06817,0.06784,0.06554,0.06850,-56.33820,2943.00000
0.65920,0.65855,0.65855,0.66479,0.65657,0.26913,0.26945,0.27044,0.26551,0.27439,0.06850,0.06488,0.06225,0.07014,0.06586,-55.82535,2944.00000
0.65591,0.65657,0.65262,0.65657,0.65756,0.26584,0.27209,0.26945,0.26978,0.27044,0.06455,0.06652,0.06619,0.06915,0.06784,-55.82535,2945.00000
0.66348,0.65789,0.65657,0.64999,0.65920,0.27209,0.27274,0.26880,0.27011,0.27439,0.07178,0.06948,0.06586,0.06751,0.06751,-55.65682,2946.00000
0.65986,0.66151,0.66085,0.65887,0.66249,0.27439,0.27176,0.27472,0.27768,0.27340,0.06685,0.07113,0.06850,0.06784,0.06521,-55.65682,2947.00000
0.65559,0.65690,0.65756,0.65822,0.65920,0.27011,0.27044,0.27143,0.26847,0.26945,0.06718,0.06619,0.06784,0.07014,0.06554,-55.68974,2948.00000
0.66019,0.65591,0.65953,0.65920,0.65986,0.26945,0.26880,0.27340,0.27209,0.27044,0.06422,0.06751,0.06784,0.06751,0.07047,-55.68974,2949.00000
0.65986,0.66216,0.65953,0.65789,0.66249,0.26847,0.26945,0.27077,0.27472,0.27176,0.06652,0.06948,0.06323,0.06948,0.06619,-56.33852,2950.00000
0.65690,0.65822,0.65559,0.65953,0.65624,0.27077,0.27274,0.27044,0.27176,0.27110,0.06521,0.06850,0.06882,0.06817,0.06258,-56.33852,2951.00000
0.65822,0.65164,0.66085,0.65690,0.65262,0.26913,0.27340,0.27143,0.27077,0.27209,0.06619,0.06817,0.06751,0.06718,0.06784,-55.85237,2952.00000
0.66052,0.65394,0.65624,0.65526,0.65855,0.26945,0.27241,0.27077,0.27110,0.26945,0.06784,0.07014,0.06915,0.06718,0.06882,-55.85237,2953.00000
0.65460,0.65493,0.65855,0.65591,0.65460,0.26847,0.27143,0.27143,0.27340,0.27044,0.06915,0.06751,0.06718,0.06619,0.06718,-56.15860,2954.00000
0.65624,0.65493,0.66019,0.65427,0.65624,0.27044,0.27011,0.27176,0.26814,0.27011,0.06915,0.06915,0.06652,0.06948,0.06915,-56.15860,2955.00000
0.65920,0.65657,0.65822,0.65723,0.66249,0.26847,0.26978,0.27110,0.26617,0.27110,0.06882,0.07146,0.06586,0.06882,0.06817,-55.59151,2956.00000
0.65756,0.65657,0.66085,0.65328,0.66578,0.27176,0.26978,0.27274,0.26814,0.27307,0.06685,0.06915,0.06718,0.06915,0.07178,-55.59151,2957.00000
0.65591,0.66183,0.66019,0.65822,0.66183,0.27505,0.26945,0.26814,0.27044,0.27209,0.06882,0.06784,0.06981,0.06685,0.06882,-55.78404,2958.00000
0.65690,0.65756,0.65591,0.65559,0.65920,0.26978,0.26880,0.26847,0.27209,0.27406,0.06685,0.06685,0.06488,0.06389,0.06915,-55.78404,2959.00000
0.65361,0.65822,0.65526,0.65591,0.64999,0.27110,0.27209,0.26913,0.26913,0.27439,0.06718,0.06488,0.06718,0.06850,0.06619,-55.96575,2960.00000
0.65657,0.66151,0.66085,0.65920,0.65328,0.27077,0.27143,0.27274,0.27143,0.26880,0.06718,0.06652,0.06652,0.07080,0.07047,-55.96575,2961.00000
0.65230,0.65690,0.65953,0.66085,0.66151,0.26978,0.26913,0.26880,0.27209,0.27406,0.07113,0.06850,0.06850,0.06850,0.07047,-56.41549,2962.00000
0.66216,0.65756,0.66052,0.65591,0.65756,0.27307,0.27044,0.27406,0.27176,0.27373,0.07080,0.07080,0.07014,0.06784,0.06948,-56.41549,2963.00000
0.65756,0.66249,0.65822,0.65986,0.66447,0.27176,0.27176,0.27241,0.26880,0.27143,0.06948,0.06817,0.06915,0.06817,0.07080,-56.32054,2964.00000
0.65460,0.65920,0.66151,0.65887,0.65690,0.27307,0.27373,0.27241,0.27274,0.26748,0.06981,0.06948,0.06718,0.06981,0.06915,-56.32054,2965.00000
0.66151,0.66151,0.65986,0.65855,0.65920,0.27340,0.27570,0.27209,0.27209,0.27439,0.06718,0.06882,0.06323,0.07047,0.06685,-56.55871,2966.00000
0.65953,0.65789,0.66282,0.66216,0.65427,0.27768,0.27636,0.27110,0.27472,0.27373,0.07146,0.06882,0.06488,0.06915,0.06850,-56.55871,2967.00000
0.66085,0.65723,0.65986,0.65723,0.65920,0.27340,0.27505,0.27176,0.27011,0.27340,0.07080,0.07146,0.07047,0.06850,0.07080,-55.77447,2968.00000
0.66019,0.66249,0.65493,0.65756,0.66118,0.27669,0.27833,0.27176,0.27472,0.27669,0.06685,0.06685,0.06718,0.07244,0.07014,-55.77447,2969.00000
0.65723,0.66775,0.66249,0.66118,0.66019,0.27176,0.27340,0.27077,0.26748,0.27209,0.06784,0.06915,0.07080,0.06948,0.06784,-56.26370,2970.00000
0.65328,0.65690,0.66512,0.65822,0.66052,0.27373,0.26781,0.27044,0.26814,0.27636,0.07047,0.06455,0.06817,0.06718,0.06882,-56.26370,2971.00000
0.65394,0.66118,0.65986,0.65756,0.66052,0.27176,0.27274,0.27307,0.27505,0.27274,0.06915,0.06850,0.06685,0.07178,0.06586,-55.21193,2972.00000
0.65262,0.65262,0.65493,0.66216,0.65822,0.27110,0.27241,0.27077,0.27176,0.27176,0.06981,0.06981,0.06948,0.06784,0.06751,-55.21193,2973.00000
0.65591,0.65920,0.65591,0.65295,0.65953,0.26913,0.27307,0.27044,0.27143,0.26945,0.07080,0.06784,0.06850,0.06948,0.06685,-56.22901,2974.00000
0.65986,0.66052,0.65953,0.66249,0.65953,0.26715,0.27143,0.26945,0.27274,0.27110,0.06850,0.06718,0.06817,0.07047,0.06784,-56.22901,2975.00000
0.65591,0.65065,0.66183,0.66183,0.65855,0.27110,0.27077,0.27209,0.26880,0.26847,0.06948,0.07014,0.06817,0.06751,0.06718,-56.25171,2976.00000
0.66085,0.66019,0.66282,0.66118,0.65361,0.27143,0.27340,0.27176,0.26978,0.27537,0.07113,0.06817,0.06586,0.06784,0.06751,-56.25171,2977.00000
0.66118,0.66052,0.66085,0.66249,0.65953,0.27241,0.27274,0.27011,0.26814,0.26978,0.06981,0.06718,0.06751,0.07178,0.06915,-55.84558,2978.00000
0.65986,0.66545,0.65887,0.65789,0.66414,0.27439,0.27209,0.27011,0.27209,0.27077,0.06652,0.07080,0.06850,0.07014,0.07113,-55.84558,2979.00000
0.65822,0.65328,0.66151,0.65723,0.65953,0.26814,0.27801,0.26945,0.27110,0.27537,0.06850,0.07080,0.06751,0.06586,0.07014,-55.66449,2980.00000
0.66052,0.65887,0.66118,0.65624,0.65822,0.26978,0.27110,0.27241,0.26814,0.27077,0.06948,0.07277,0.06784,0.06882,0.06915,-55.66449,2981.00000
0.65789,0.65591,0.66118,0.65723,0.65493,0.26978,0.27143,0.26682,0.26913,0.27307,0.06586,0.06784,0.07014,0.06685,0.06817,-56.00363,2982.00000
0.66216,0.65526,0.65887,0.66118,0.65657,0.27537,0.27011,0.27209,0.27373,0.27537,0.06817,0.06850,0.06784,0.06850,0.06948,-56.00363,2983.00000
0.66052,0.65723,0.65986,0.65559,0.66677,0.27077,0.26880,0.27011,0.26880,0.27143,0.06882,0.06981,0.06850,0.06455,0.06915,-56.13170,2984.00000
0.65723,0.65855,0.65887,0.65460,0.65789,0.27439,0.27274,0.27472,0.27570,0.27143,0.06751,0.06850,0.07277,0.06817,0.06652,-56.13170,2985.00000
0.65789,0.66512,0.65986,0.65953,0.66315,0.27406,0.27110,0.26880,0.27274,0.27307,0.06850,0.06685,0.07211,0.06981,0.06981,-55.82220,2986.00000
0.66447,0.66085,0.65986,0.65295,0.66085,0.26978,0.27340,0.27537,0.27570,0.26913,0.06751,0.06850,0.06915,0.06948,0.07146,-55.82220,2987.00000
0.66743,0.66381,0.65591,0.65920,0.66085,0.27340,0.26978,0.27439,0.26617,0.26814,0.06981,0.06784,0.07014,0.07047,0.06751,-55.69430,2988.00000
0.65887,0.66183,0.65690,0.65953,0.66282,0.27373,0.27176,0.27406,0.26978,0.27406,0.07014,0.06685,0.07211,0.07014,0.06422,-55.69430,2989.00000
0.66315,0.66414,0.66315,0.65920,0.65855,0.27570,0.26781,0.27274,0.26978,0.27241,0.06751,0.06685,0.06915,0.06685,0.06685,-56.87059,2990.00000
0.66414,0.65822,0.65723,0.66183,0.65887,0.27044,0.27209,0.27044,0.27110,0.27307,0.07113,0.06850,0.07014,0.06915,0.06521,-56.87059,2991.00000
0.65756,0.65920,0.65690,0.65361,0.66907,0.27274,0.27077,0.27472,0.27143,0.27570,0.06751,0.06718,0.07146,0.06850,0.06554,-56.32592,2992.00000
0.66085,0.65690,0.65526,0.65986,0.66479,0.27110,0.26913,0.27110,0.26978,0.26814,0.06784,0.07080,0.07113,0.06817,0.07047,-56.32592,2993.00000
0.66052,0.65756,0.65887,0.65526,0.66183,0.26715,0.27669,0.26617,0.26978,0.27406,0.07146,0.07047,0.06751,0.06488,0.06915,-56.71521,2994.00000
0.65723,0.65526,0.65822,0.66151,0.64999,0.27472,0.27176,0.27702,0.27077,0.26913,0.06981,0.06554,0.06948,0.06882,0.06948,-56.71521,2995.00000
0.65690,0.65394,0.65197,0.65920,0.65230,0.27472,0.27373,0.26978,0.27044,0.27307,0.06521,0.07014,0.06554,0.06948,0.06850,-55.93817,2996.00000
0.65920,0.65789,0.65098,0.65887,0.65591,0.27044,0.26781,0.27307,0.27044,0.27143,0.07146,0.06915,0.06981,0.07014,0.07146,-55.93817,2997.00000
0.65559,0.65559,0.64769,0.65230,0.65394,0.27406,0.27274,0.26715,0.26880,0.26682,0.06652,0.06882,0.06817,0.06948,0.06619,-55.96469,2998.00000
0.65723,0.65657,0.65427,0.65526,0.65328,0.26978,0.27077,0.26945,0.27143,0.27011,0.06422,0.07146,0.06850,0.06751,0.06915,-55.96469,2999.00000
0.66019,0.65065,0.65756,0.65460,0.65822,0.26880,0.27241,0.26978,0.27439,0.27340,0.06290,0.06817,0.06850,0.07080,0.07178,-55.80705,3000.00000
0.65493,0.66249,0.66315,0.66216,0.65131,0.26880,0.27176,0.27143,0.27636,0.27472,0.06652,0.06948,0.06718,0.06817,0.06817,-55.80705,3001.00000
0.66249,0.65690,0.65624,0.65328,0.66249,0.27636,0.27011,0.27011,0.27340,0.26715,0.06718,0.06981,0.06554,0.06882,0.07277,-55.77706,3002.00000
0.65789,0.66216,0.65493,0.66447,0.65789,0.27439,0.27603,0.26978,0.27241,0.27110,0.06981,0.06850,0.06784,0.06586,0.06981,-55.77706,3003.00000
0.65855,0.65526,0.65526,0.65855,0.66019,0.27209,0.27636,0.27406,0.27307,0.27176,0.07014,0.06718,0.07113,0.06882,0.07244,-55.81822,3004.00000
0.65559,0.65789,0.66348,0.65887,0.65822,0.27472,0.27077,0.27011,0.27241,0.27143,0.06817,0.07047,0.07211,0.06850,0.07178,-55.81822,3005.00000
0.65690,0.66183,0.65855,0.66019,0.65131,0.27209,0.27044,0.27077,0.26847,0.26945,0.07178,0.07146,0.07113,0.06685,0.06784,-56.22210,3006.00000
0.66183,0.65789,0.65756,0.65427,0.65986,0.27274,0.27143,0.27768,0.27307,0.27340,0.07277,0.06685,0.06817,0.07211,0.07244,-56.22210,3007.00000
0.65887,0.66118,0.65986,0.65789,0.65131,0.26880,0.27176,0.27044,0.27439,0.27570,0.06981,0.06521,0.07047,0.06619,0.06882,-55.83566,3008.00000
0.66414,0.66414,0.66183,0.65657,0.66315,0.27570,0.27176,0.27209,0.26814,0.27077,0.07014,0.07014,0.07113,0.06948,0.06850,-55.83566,3009.00000
0.66019,0.65197,0.66381,0.66151,0.66151,0.27274,0.27307,0.27209,0.27735,0.27044,0.06948,0.07080,0.06981,0.07080,0.06948,-56.36021,3010.00000
0.66052,0.65460,0.65559,0.65855,0.66151,0.27110,0.27274,0.26945,0.27570,0.27044,0.06718,0.06488,0.07047,0.06948,0.07014,-56.36021,3011.00000
0.65822,0.66151,0.65986,0.65723,0.66052,0.27373,0.26584,0.27143,0.26814,0.26880,0.06817,0.06948,0.06850,0.07343,0.07014,-56.21477,3012.00000
0.66479,0.65986,0.65822,0.66019,0.65789,0.27011,0.27110,0.26814,0.27176,0.26978,0.06784,0.07014,0.06718,0.06685,0.06948,-56.21477,3013.00000
0.65197,0.66315,0.66019,0.66282,0.65493,0.27472,0.27110,0.27373,0.27241,0.27307,0.06685,0.06652,0.07113,0.06784,0.06455,-56.09567,3014.00000
0.66677,0.65756,0.65591,0.66479,0.66151,0.27143,0.26945,0.27702,0.27340,0.27176,0.06817,0.06784,0.07277,0.07014,0.06948,-56.09567,3015.00000
0.66019,0.66381,0.66381,0.66216,0.65690,0.26945,0.27044,0.27241,0.27406,0.27406,0.06652,0.06981,0.06784,0.07080,0.06981,-56.36571,3016.00000
0.66315,0.66052,0.66118,0.65559,0.65624,0.26748,0.27044,0.27241,0.26518,0.27011,0.07014,0.07014,0.06356,0.06850,0.07146,-56.36571,3017.00000
0.65723,0.65657,0.66315,0.65690,0.65493,0.27044,0.27439,0.27209,0.27110,0.27209,0.06915,0.07014,0.06817,0.06521,0.07014,-56.32494,3018.00000
0.65493,0.66216,0.65986,0.66315,0.66183,0.27472,0.26715,0.27307,0.27406,0.27439,0.06948,0.06521,0.06981,0.06948,0.07244,-56.32494,3019.00000
0.65887,0.65591,0.65394,0.65822,0.65887,0.27011,0.27669,0.27209,0.27274,0.26682,0.07113,0.07146,0.06685,0.06882,0.07113,-55.58435,3020.00000
0.65559,0.65361,0.66249,0.66249,0.65920,0.26978,0.26978,0.27472,0.27011,0.27537,0.06751,0.06981,0.06817,0.06521,0.06751,-55.58435,3021.00000
0.65361,0.65624,0.66052,0.65361,0.66118,0.26847,0.26748,0.27505,0.26978,0.26781,0.07047,0.07211,0.06948,0.07047,0.06850,-56.69110,3022.00000
0.65986,0.65756,0.65986,0.65920,0.65361,0.27011,0.27505,0.27143,0.26978,0.26913,0.06521,0.07178,0.06817,0.07211,0.06948,-56.69110,3023.00000
0.65361,0.65559,0.65131,0.66085,0.66348,0.26880,0.27044,0.27209,0.27011,0.26913,0.06784,0.07047,0.06751,0.06751,0.06817,-56.47055,3024.00000
0.65723,0.66118,0.65361,0.66677,0.65624,0.27537,0.27143,0.27241,0.27176,0.27209,0.06488,0.06652,0.06981,0.06882,0.07211,-56.47055,3025.00000
0.65855,0.66348,0.65591,0.66743,0.65526,0.27176,0.27044,0.27537,0.27011,0.26880,0.06981,0.07178,0.07080,0.07047,0.07146,-56.53117,3026.00000
0.65526,0.65887,0.65723,0.65887,0.65723,0.26880,0.27340,0.27143,0.27307,0.26584,0.06817,0.06981,0.07014,0.07244,0.06784,-56.53117,3027.00000
0.65591,0.65723,0.65559,0.65789,0.65953,0.27636,0.27044,0.27340,0.27505,0.27143,0.06915,0.06915,0.06882,0.07211,0.06751,-56.55904,3028.00000
0.66381,0.65361,0.65822,0.65855,0.65789,0.27077,0.27307,0.26814,0.27472,0.27176,0.06915,0.07080,0.07047,0.07244,0.06948,-56.55904,3029.00000
0.65559,0.66085,0.65361,0.65855,0.66578,0.27373,0.27505,0.28031,0.26978,0.27209,0.06981,0.06915,0.07047,0.06290,0.06882,-56.68040,3030.00000
0.66118,0.65131,0.65855,0.65920,0.66282,0.26682,0.27077,0.26945,0.26945,0.26978,0.06784,0.07178,0.06619,0.06784,0.06981,-56.68040,3031.00000
0.65624,0.65591,0.66052,0.65855,0.65887,0.27472,0.27505,0.26551,0.27176,0.26913,0.06718,0.06981,0.06882,0.06652,0.07146,-56.07946,3032.00000
0.65723,0.65953,0.65197,0.65591,0.66545,0.26978,0.27472,0.27011,0.27110,0.27143,0.06850,0.06784,0.07014,0.06915,0.06948,-56.07946,3033.00000
0.65493,0.65624,0.65953,0.65427,0.65427,0.27143,0.27373,0.26913,0.27110,0.27209,0.06882,0.06586,0.06817,0.06915,0.06521,-55.76434,3034.00000
0.65065,0.66512,0.65789,0.65591,0.65756,0.26748,0.27373,0.26847,0.27472,0.27669,0.07178,0.06817,0.06882,0.07047,0.06850,-55.76434,3035.00000
0.66019,0.66611,0.66085,0.66118,0.65756,0.27307,0.27110,0.27209,0.26748,0.27768,0.06915,0.06619,0.07080,0.06619,0.06159,-56.47836,3036.00000
0.65789,0.66085,0.65526,0.66118,0.65953,0.26945,0.27439,0.27340,0.26814,0.27472,0.06850,0.06948,0.07244,0.06784,0.06751,-56.47836,3037.00000
0.65920,0.66085,0.65690,0.66282,0.66052,0.27209,0.27439,0.27406,0.27011,0.26913,0.06356,0.06784,0.07178,0.06554,0.06981,-56.01506,3038.00000
0.66085,0.66085,0.65427,0.65855,0.66118,0.27110,0.27340,0.27209,0.27307,0.27636,0.06554,0.06652,0.06488,0.06751,0.06718,-56.01506,3039.00000
0.66348,0.65559,0.65887,0.66677,0.66249,0.26847,0.27110,0.26814,0.27340,0.27044,0.06784,0.06784,0.06882,0.06948,0.06850,-56.33272,3040.00000
0.65953,0.65624,0.66578,0.65953,0.65986,0.26748,0.27505,0.27406,0.27472,0.27110,0.06652,0.06850,0.06850,0.06521,0.06915,-56.33272,3041.00000
0.66019,0.65986,0.66118,0.66414,0.66249,0.27110,0.27439,0.27209,0.27110,0.27044,0.07014,0.06915,0.07014,0.06751,0.07047,-56.08873,3042.00000
0.66282,0.65986,0.65657,0.66414,0.66545,0.26748,0.26913,0.27472,0.26847,0.27077,0.06882,0.07146,0.06915,0.06718,0.06751,-56.08873,3043.00000
0.65887,0.66315,0.65855,0.66381,0.66151,0.27274,0.27274,0.27472,0.27110,0.27241,0.07146,0.06685,0.07409,0.06685,0.06817,-55.46136,3044.00000
0.66414,0.66249,0.65855,0.66282,0.66216,0.27110,0.27406,0.26978,0.26913,0.27011,0.06882,0.07080,0.06784,0.06948,0.06586,-55.46136,3045.00000
0.65822,0.65887,0.65756,0.66348,0.66118,0.26781,0.27011,0.27274,0.27603,0.27505,0.06817,0.06685,0.07047,0.06850,0.06948,-55.30148,3046.00000
0.65756,0.66381,0.65789,0.65361,0.66249,0.27669,0.27077,0.27077,0.27735,0.27241,0.06850,0.07244,0.06981,0.06850,0.07014,-55.30148,3047.00000
0.65887,0.66052,0.65591,0.66052,0.65822,0.27077,0.27274,0.27143,0.27537,0.27669,0.07113,0.07080,0.07113,0.06685,0.06521,-55.41197,3048.00000
0.66348,0.65559,0.66151,0.66183,0.65756,0.27537,0.27044,0.27274,0.27274,0.27241,0.06948,0.06882,0.06554,0.07244,0.06784,-55.41197,3049.00000
0.65887,0.66315,0.65460,0.65920,0.66348,0.26748,0.27340,0.27340,0.27472,0.27307,0.07047,0.06751,0.06948,0.07178,0.06915,-55.11809,3050.00000
0.65591,0.65887,0.66118,0.66447,0.66775,0.26847,0.27406,0.27077,0.27274,0.27044,0.07474,0.07211,0.06586,0.07047,0.06554,-55.11809,3051.00000
0.66085,0.66479,0.66183,0.65624,0.66216,0.27570,0.27340,0.27044,0.27570,0.26880,0.06751,0.07211,0.07047,0.07080,0.07178,-55.39352,3052.00000
0.65920,0.66249,0.66052,0.65986,0.65624,0.27176,0.27110,0.27143,0.27011,0.27505,0.06850,0.06784,0.07080,0.06915,0.06882,-55.39352,3053.00000
0.66085,0.65723,0.66414,0.65986,0.65756,0.27702,0.27373,0.26880,0.27176,0.27044,0.07014,0.06915,0.06817,0.06817,0.06718,-55.89744,3054.00000
0.65920,0.65657,0.66183,0.66381,0.66151,0.27110,0.27077,0.27472,0.27209,0.26748,0.07211,0.07211,0.07211,0.07146,0.07146,-55.89744,3055.00000
0.65756,0.66151,0.65822,0.66151,0.66249,0.27406,0.27209,0.27406,0.27011,0.27110,0.06948,0.07047,0.06882,0.07014,0.06784,-56.38134,3056.00000
0.65657,0.65986,0.66183,0.65986,0.66052,0.27603,0.27406,0.27011,0.26913,0.27406,0.07113,0.06817,0.06882,0.06751,0.07047,-56.38134,3057.00000
0.65855,0.65427,0.65460,0.66151,0.65855,0.27274,0.27307,0.27307,0.26978,0.27176,0.07014,0.06751,0.07211,0.07047,0.06882,-56.64770,3058.00000
0.65789,0.66151,0.66019,0.65657,0.66743,0.27439,0.27176,0.27176,0.26913,0.27209,0.06948,0.06389,0.07113,0.06850,0.06981,-56.64770,3059.00000
0.66019,0.65526,0.65295,0.65789,0.66052,0.26715,0.27735,0.27439,0.27603,0.27373,0.06718,0.06882,0.07211,0.06981,0.06784,-56.64905,3060.00000
0.66315,0.65394,0.65789,0.65887,0.65361,0.26584,0.26715,0.26781,0.26847,0.26847,0.07146,0.06685,0.06948,0.07047,0.06652,-56.64905,3061.00000
0.65920,0.65493,0.65756,0.65723,0.65855,0.27011,0.26748,0.26880,0.26715,0.27439,0.06850,0.07606,0.07047,0.06554,0.07014,-55.86114,3062.00000
0.65427,0.65789,0.65526,0.66118,0.65493,0.27143,0.27143,0.26978,0.26978,0.26847,0.06652,0.07178,0.06882,0.06948,0.06718,-55.86114,3063.00000
0.65460,0.65591,0.65164,0.65690,0.66052,0.26945,0.27406,0.26682,0.27011,0.27110,0.06948,0.06915,0.06915,0.07014,0.06850,-56.16299,3064.00000
0.66151,0.65460,0.65855,0.65591,0.66085,0.26847,0.26913,0.27011,0.27011,0.27143,0.06323,0.06915,0.06948,0.06817,0.06850,-56.16299,3065.00000
0.64934,0.65493,0.65690,0.65657,0.65164,0.27373,0.26978,0.27143,0.27044,0.27439,0.06652,0.06652,0.06685,0.06882,0.06718,-56.60689,3066.00000
0.65953,0.65690,0.65624,0.66249,0.65591,0.26847,0.27439,0.26978,0.27143,0.26913,0.07474,0.06488,0.06554,0.06751,0.07343,-56.60689,3067.00000
0.65855,0.65460,0.65887,0.65624,0.65657,0.27176,0.26880,0.27241,0.27077,0.27143,0.06619,0.06915,0.06948,0.07277,0.06948,-56.45774,3068.00000
0.65230,0.65230,0.65756,0.65197,0.65328,0.27011,0.27439,0.27209,0.27143,0.27340,0.07211,0.07178,0.07047,0.06882,0.06981,-56.45774,3069.00000
0.66348,0.66151,0.65427,0.66151,0.65723,0.27143,0.27340,0.27439,0.27176,0.26945,0.06850,0.06850,0.06817,0.06981,0.06882,-56.03405,3070.00000
0.65855,0.65723,0.65756,0.65690,0.65197,0.27011,0.27011,0.26814,0.26617,0.27209,0.06817,0.06784,0.06817,0.06948,0.06981,-56.03405,3071.00000
0.65887,0.65427,0.65887,0.66216,0.66183,0.27406,0.27307,0.27570,0.27439,0.27143,0.07014,0.07211,0.06751,0.06850,0.06554,-56.44232,3072.00000
0.65953,0.66249,0.65657,0.65493,0.66019,0.27077,0.27110,0.27241,0.27209,0.27505,0.06817,0.07113,0.06652,0.07211,0.07277,-56.44232,3073.00000
0.66611,0.66216,0.65855,0.66183,0.65526,0.27472,0.26880,0.27044,0.27011,0.27505,0.07014,0.07080,0.06850,0.06882,0.07376,-56.34860,3074.00000
0.65723,0.65789,0.65624,0.66381,0.65920,0.27472,0.27472,0.27373,0.27241,0.26978,0.06784,0.06915,0.06915,0.06751,0.06948,-56.34860,3075.00000
0.65098,0.66644,0.65953,0.66808,0.65756,0.27274,0.27373,0.27340,0.27143,0.27110,0.06850,0.06652,0.06422,0.07376,0.06882,-56.40428,3076.00000
0.66052,0.65723,0.66282,0.66183,0.65887,0.27044,0.26913,0.27373,0.27307,0.27340,0.07277,0.06685,0.06554,0.06981,0.06915,-56.40428,3077.00000
0.65887,0.65986,0.65624,0.65953,0.65920,0.27209,0.27307,0.27307,0.27209,0.26978,0.07047,0.06751,0.06652,0.06981,0.07014,-56.46630,3078.00000
0.66151,0.66512,0.65920,0.65493,0.66118,0.27176,0.27209,0.26847,0.27044,0.27143,0.06784,0.06882,0.06915,0.06915,0.06850,-56.46630,3079.00000
0.65559,0.66151,0.65789,0.65690,0.65723,0.27373,0.27241,0.27439,0.26814,0.27143,0.06422,0.07080,0.06850,0.06817,0.07014,-56.09692,3080.00000
0.65855,0.65887,0.66019,0.66085,0.65723,0.27603,0.27011,0.27011,0.26945,0.27143,0.07376,0.07178,0.06948,0.06751,0.07080,-56.09692,3081.00000
0.66216,0.65394,0.65559,0.66085,0.65361,0.27373,0.27077,0.27241,0.27077,0.27505,0.06948,0.07014,0.07014,0.06586,0.07080,-55.94153,3082.00000
0.66447,0.65295,0.66348,0.66282,0.66118,0.27143,0.27439,0.27340,0.27406,0.27439,0.07211,0.07047,0.07146,0.07146,0.07211,-55.94153,3083.00000
0.65328,0.66414,0.65920,0.65756,0.65295,0.27110,0.27209,0.26781,0.27537,0.27274,0.07113,0.06784,0.06882,0.07113,0.06718,-56.89899,3084.00000
0.66315,0.66151,0.65394,0.65427,0.65887,0.27143,0.27176,0.27472,0.27307,0.27077,0.07047,0.06981,0.07080,0.07146,0.06948,-56.89899,3085.00000
0.66019,0.65690,0.65690,0.65822,0.65723,0.27406,0.27439,0.27110,0.26913,0.27011,0.06751,0.07146,0.07178,0.07376,0.06586,-56.10086,3086.00000
0.65657,0.65953,0.66249,0.65855,0.65427,0.27011,0.26814,0.27143,0.27044,0.27274,0.06751,0.07178,0.07211,0.06882,0.06981,-56.10086,3087.00000
0.66151,0.65526,0.65624,0.65591,0.66315,0.27406,0.27143,0.27241,0.27373,0.26913,0.07080,0.06882,0.07080,0.06586,0.07113,-55.87514,3088.00000
0.66315,0.65920,0.65624,0.65887,0.65723,0.27044,0.27110,0.27209,0.27373,0.27011,0.07244,0.06817,0.07178,0.07014,0.07047,-55.87514,3089.00000
0.65361,0.65723,0.65855,0.65526,0.65986,0.27011,0.27340,0.26847,0.27373,0.27307,0.07047,0.06751,0.07113,0.07014,0.07047,-55.83308,3090.00000
0.65559,0.66512,0.66183,0.65624,0.65361,0.27044,0.27373,0.26617,0.27143,0.26715,0.06882,0.06981,0.07178,0.07080,0.06915,-55.83308,3091.00000
0.65756,0.65559,0.65526,0.65657,0.65295,0.27373,0.27274,0.27143,0.27406,0.27702,0.06718,0.06948,0.06718,0.06751,0.06948,-56.20511,3092.00000
0.65690,0.65065,0.66052,0.65427,0.66085,0.27209,0.27209,0.26978,0.27472,0.27077,0.06915,0.06817,0.06784,0.07080,0.06685,-56.20511,3093.00000
0.65723,0.66183,0.64934,0.65624,0.66052,0.27505,0.26748,0.27011,0.26978,0.27669,0.06817,0.07178,0.06981,0.07113,0.06784,-56.73537,3094.00000
0.66052,0.65690,0.65361,0.65690,0.66151,0.27143,0.27110,0.26880,0.27274,0.27143,0.06981,0.06882,0.06948,0.06882,0.07146,-56.73537,3095.00000
0.65789,0.65460,0.65855,0.65690,0.65690,0.27241,0.27044,0.27209,0.27241,0.26913,0.07343,0.07310,0.07113,0.06521,0.06850,-56.60987,3096.00000
0.65855,0.64605,0.65591,0.65855,0.65690,0.27044,0.26880,0.27110,0.26452,0.27241,0.07113,0.06948,0.06817,0.07047,0.07047,-56.60987,3097.00000
0.65526,0.65230,0.65789,0.65493,0.66019,0.27110,0.27176,0.26978,0.27340,0.26781,0.06850,0.06948,0.06948,0.06915,0.06586,-56.28345,3098.00000
0.65131,0.64999,0.66085,0.66315,0.65690,0.27011,0.27044,0.27340,0.26945,0.26880,0.06981,0.06915,0.07014,0.06915,0.07376,-56.28345,3099.00000
0.66019,0.65164,0.65986,0.65262,0.65394,0.26814,0.27110,0.27110,0.27110,0.27373,0.07244,0.07014,0.07047,0.06652,0.07310,-56.05921,3100.00000
0.65756,0.66611,0.65822,0.65953,0.65559,0.27373,0.26814,0.27307,0.27044,0.26814,0.07113,0.06850,0.07080,0.06915,0.06981,-56.05921,3101.00000
0.65920,0.65164,0.65986,0.65822,0.65624,0.27011,0.27241,0.27274,0.27176,0.27537,0.06981,0.07080,0.07014,0.06915,0.07014,-55.85919,3102.00000
0.65855,0.65953,0.65822,0.66315,0.65690,0.27044,0.27110,0.27373,0.27340,0.27406,0.06817,0.07211,0.06981,0.06817,0.06981,-55.85919,3103.00000
0.64835,0.65624,0.66315,0.65361,0.65953,0.26452,0.27373,0.27241,0.27011,0.27373,0.07047,0.06981,0.07014,0.07178,0.07080,-55.81290,3104.00000
0.65427,0.65591,0.66414,0.65361,0.65822,0.26584,0.27307,0.27735,0.27307,0.27373,0.07080,0.06685,0.06817,0.06981,0.06948,-55.81290,3105.00000
0.65822,0.65756,0.65723,0.65756,0.66151,0.27241,0.26913,0.26945,0.27176,0.27241,0.06751,0.06817,0.06948,0.06948,0.07507,-55.88252,3106.00000
0.65690,0.65624,0.65394,0.65690,0.65559,0.26715,0.27209,0.27340,0.27143,0.27044,0.06652,0.07113,0.06981,0.06915,0.06915,-55.88252,3107.00000
0.66019,0.65756,0.65690,0.66052,0.65427,0.27669,0.26945,0.26847,0.26945,0.26880,0.07047,0.06784,0.06784,0.06817,0.06652,-55.74155,3108.00000
0.65756,0.66183,0.65591,0.65887,0.65953,0.27209,0.27044,0.26715,0.26913,0.27044,0.07146,0.06817,0.06488,0.06981,0.06817,-55.74155,3109.00000
0.66216,0.65230,0.65690,0.66052,0.65559,0.27340,0.27307,0.26814,0.27143,0.27472,0.06521,0.06882,0.07014,0.06850,0.06981,-56.09587,3110.00000
0.65559,0.65460,0.64901,0.66019,0.65657,0.27472,0.26814,0.26945,0.27472,0.27340,0.07178,0.06817,0.06948,0.06718,0.07047,-56.09587,3111.00000
0.65526,0.65789,0.65690,0.65164,0.66611,0.27176,0.27077,0.26880,0.27044,0.27110,0.07178,0.07080,0.06981,0.07146,0.06882,-56.02645,3112.00000
0.65657,0.65887,0.66315,0.66447,0.65855,0.27077,0.27209,0.27241,0.26748,0.27143,0.06850,0.06882,0.06948,0.07146,0.07047,-56.02645,3113.00000
0.65789,0.66052,0.65723,0.65920,0.65855,0.27011,0.27241,0.26913,0.27209,0.27801,0.06981,0.06915,0.07047,0.07146,0.07047,-56.94633,3114.00000
0.65920,0.66414,0.65822,0.65559,0.66151,0.27011,0.27044,0.27274,0.27143,0.27307,0.06784,0.07211,0.06751,0.06455,0.06948,-56.94633,3115.00000
0.66348,0.65493,0.66019,0.66019,0.65460,0.27241,0.27274,0.27570,0.27077,0.27373,0.06817,0.06882,0.07047,0.06948,0.07178,-56.93752,3116.00000
0.66118,0.66644,0.66151,0.65559,0.66216,0.27209,0.27143,0.27702,0.26978,0.26847,0.07047,0.06850,0.06817,0.07343,0.07014,-56.93752,3117.00000
0.65789,0.66282,0.66414,0.65920,0.66315,0.27044,0.27373,0.27077,0.27143,0.27176,0.07047,0.06948,0.07211,0.06882,0.07211,-56.33741,3118.00000
0.65361,0.66775,0.66249,0.65756,0.65887,0.27077,0.27077,0.27044,0.27307,0.26781,0.06948,0.07310,0.07277,0.07146,0.07178,-56.33741,3119.00000
0.66282,0.65657,0.65394,0.66052,0.65460,0.27505,0.27340,0.27143,0.27176,0.27176,0.06817,0.06915,0.07178,0.07146,0.06981,-56.53785,3120.00000
0.66315,0.65822,0.66216,0.66052,0.65657,0.26584,0.26978,0.27143,0.26880,0.26781,0.07113,0.07047,0.06882,0.07014,0.06817,-56.53785,3121.00000
0.65789,0.65855,0.65887,0.65690,0.66381,0.27077,0.27570,0.27307,0.27011,0.27406,0.06850,0.07080,0.06751,0.06948,0.06981,-56.08631,3122.00000
0.66677,0.65624,0.66183,0.65855,0.66118,0.27307,0.27209,0.27373,0.27274,0.26814,0.07376,0.06586,0.06981,0.06981,0.06981,-56.08631,3123.00000
0.66019,0.66249,0.65822,0.66282,0.65624,0.27307,0.27011,0.27044,0.27110,0.27472,0.06948,0.06882,0.07080,0.06948,0.07014,-56.23651,3124.00000
0.66085,0.65887,0.66085,0.65526,0.65986,0.27340,0.26913,0.27011,0.27176,0.27209,0.07277,0.06948,0.06915,0.06652,0.07080,-56.23651,3125.00000
0.65526,0.66151,0.66019,0.66019,0.66315,0.27307,0.27077,0.27274,0.27143,0.26945,0.07047,0.07178,0.06981,0.07047,0.07047,-56.68027,3126.00000
0.66447,0.65690,0.65361,0.66216,0.65361,0.27340,0.27603,0.26814,0.26715,0.26945,0.07146,0.07080,0.07080,0.07080,0.06784,-56.68027,3127.00000
0.65460,0.65887,0.65493,0.65460,0.65230,0.27011,0.27044,0.27274,0.27077,0.27110,0.07178,0.07047,0.07178,0.06751,0.06948,-56.17949,3128.00000
0.65822,0.65953,0.65361,0.65822,0.65559,0.27209,0.26978,0.27110,0.27176,0.27373,0.06817,0.07211,0.07146,0.06915,0.07113,-56.17949,3129.00000
0.65756,0.65591,0.66282,0.66216,0.65493,0.26913,0.26945,0.27176,0.27274,0.27472,0.07146,0.06850,0.07211,0.07014,0.06915,-56.17568,3130.00000
0.65657,0.66183,0.65887,0.65657,0.65559,0.26847,0.27209,0.27209,0.26978,0.27044,0.07573,0.07113,0.06619,0.06948,0.07014,-56.17568,3131.00000
0.65526,0.65328,0.66019,0.65559,0.66249,0.27143,0.27077,0.27110,0.27570,0.27307,0.06718,0.07047,0.07113,0.07047,0.06784,-56.22749,3132.00000
0.65493,0.65230,0.65164,0.65295,0.66216,0.27209,0.26978,0.27044,0.27011,0.27143,0.07178,0.07113,0.07047,0.06948,0.06948,-56.22749,3133.00000
0.65361,0.65920,0.65427,0.65328,0.66348,0.26913,0.27274,0.26781,0.26485,0.27110,0.06619,0.07014,0.07014,0.06882,0.06882,-56.05808,3134.00000
0.65032,0.65230,0.65098,0.66019,0.65657,0.26847,0.26649,0.26978,0.26945,0.27011,0.07146,0.06554,0.06915,0.07014,0.06948,-56.05808,3135.00000
0.65065,0.65197,0.65624,0.65624,0.65493,0.27011,0.27011,0.27143,0.27044,0.27011,0.06882,0.07014,0.07047,0.07244,0.07014,-55.63402,3136.00000
0.65460,0.65789,0.65789,0.65657,0.65460,0.26913,0.26945,0.26945,0.26682,0.27110,0.06784,0.07047,0.06882,0.07080,0.07014,-55.63402,3137.00000
0.65591,0.65098,0.65657,0.65953,0.65427,0.27472,0.27143,0.27143,0.27241,0.26518,0.07080,0.06948,0.06882,0.07047,0.06685,-56.23254,3138.00000
0.66019,0.65953,0.65657,0.65756,0.65394,0.27636,0.27241,0.27110,0.27340,0.27209,0.07080,0.07211,0.06948,0.06882,0.06882,-56.23254,3139.00000
0.66019,0.65230,0.65591,0.65559,0.65295,0.26814,0.26880,0.26978,0.26485,0.26880,0.07047,0.07113,0.07080,0.07113,0.06817,-55.99957,3140.00000
0.65789,0.65427,0.65822,0.66085,0.65526,0.26978,0.26321,0.26978,0.27241,0.27274,0.06850,0.07113,0.07014,0.07113,0.07014,-55.99957,3141.00000
0.65723,0.65756,0.65723,0.66019,0.65427,0.27011,0.27406,0.26978,0.27241,0.27209,0.06882,0.07244,0.06586,0.07442,0.06981,-55.46805,3142.00000
0.66249,0.65526,0.65526,0.66282,0.65394,0.27307,0.27143,0.27241,0.27011,0.26485,0.06948,0.07047,0.07178,0.06882,0.06981,-55.46805,3143.00000
0.65789,0.65953,0.65789,0.65197,0.65559,0.26945,0.26847,0.27570,0.27044,0.27011,0.06948,0.06718,0.06718,0.06685,0.06850,-55.88100,3144.00000
0.65559,0.65723,0.65953,0.66052,0.66282,0.27472,0.26913,0.27044,0.27274,0.27241,0.06817,0.07113,0.07014,0.07310,0.06981,-55.88100,3145.00000
0.65855,0.65164,0.65789,0.65920,0.65493,0.26945,0.26518,0.27011,0.26945,0.27209,0.07014,0.07343,0.06784,0.06718,0.07474,-55.91169,3146.00000
0.65624,0.65920,0.65920,0.65460,0.66019,0.27209,0.27505,0.27143,0.27472,0.26880,0.06882,0.06817,0.07442,0.06751,0.06915,-55.91169,3147.00000
0.66447,0.65756,0.66019,0.65197,0.65953,0.27209,0.27011,0.26649,0.27044,0.26913,0.06784,0.06718,0.06948,0.07080,0.07113,-55.75125,3148.00000
0.65887,0.65986,0.65986,0.65526,0.65493,0.27110,0.27011,0.27011,0.27209,0.27110,0.06586,0.06981,0.07014,0.06652,0.06915,-55.75125,3149.00000
0.66085,0.65953,0.66447,0.66085,0.66085,0.27209,0.26945,0.27077,0.27570,0.27110,0.07047,0.06850,0.07113,0.06817,0.06685,-55.35365,3150.00000
0.66019,0.65460,0.65493,0.66052,0.65295,0.26781,0.26880,0.26715,0.27833,0.27143,0.07080,0.07080,0.07014,0.07310,0.07047,-55.35365,3151.00000
0.65690,0.65493,0.65690,0.65887,0.65887,0.27274,0.26781,0.27603,0.27340,0.27241,0.07047,0.07310,0.06948,0.06784,0.07343,-55.48200,3152.00000
0.65460,0.65723,0.65887,0.65855,0.65624,0.27209,0.27110,0.27143,0.27110,0.27340,0.06751,0.06850,0.07113,0.07343,0.07442,-55.48200,3153.00000
0.65822,0.65624,0.65361,0.65559,0.66118,0.27505,0.27570,0.26649,0.27044,0.26781,0.07310,0.07080,0.07014,0.06882,0.06784,-55.67801,3154.00000
0.64966,0.65855,0.65559,0.65690,0.65986,0.27044,0.27176,0.27143,0.27143,0.26913,0.06882,0.06948,0.06850,0.07047,0.07146,-55.67801,3155.00000
0.65756,0.65624,0.65624,0.65591,0.65756,0.27307,0.27340,0.27044,0.27143,0.27274,0.07047,0.06751,0.06981,0.06652,0.06685,-55.36098,3156.00000
0.65460,0.66282,0.66315,0.65526,0.65361,0.27307,0.26682,0.27077,0.27537,0.26880,0.07178,0.07244,0.06882,0.07211,0.07540,-55.36098,3157.00000
0.66151,0.65591,0.66282,0.65460,0.65723,0.27110,0.27011,0.26945,0.27143,0.26913,0.06685,0.07080,0.07211,0.07080,0.07113,-54.68733,3158.00000
0.65526,0.65657,0.65657,0.66052,0.65328,0.27209,0.27110,0.27110,0.27241,0.26978,0.06817,0.06948,0.06915,0.06718,0.06948,-54.68733,3159.00000
0.65591,0.65657,0.66315,0.65953,0.65822,0.27011,0.27044,0.27307,0.27176,0.27373,0.07047,0.06981,0.07014,0.06850,0.06784,-53.26163,3160.00000
0.66085,0.65361,0.65427,0.65197,0.65855,0.26945,0.26945,0.27439,0.26978,0.27241,0.06718,0.06882,0.06784,0.07310,0.07146,-53.26163,3161.00000
0.65953,0.65394,0.65591,0.66118,0.66052,0.26814,0.27077,0.27472,0.27110,0.27241,0.06685,0.07343,0.07211,0.06488,0.06718,-53.70357,3162.00000
0.65262,0.65493,0.66151,0.65591,0.65493,0.27176,0.26748,0.27636,0.27241,0.27110,0.06981,0.06981,0.06586,0.07277,0.07047,-53.70357,3163.00000
0.65953,0.66151,0.66019,0.65887,0.66249,0.27143,0.26551,0.26551,0.26945,0.27044,0.07014,0.07014,0.07047,0.07014,0.07113,-54.31516,3164.00000
0.65789,0.66019,0.65394,0.66348,0.66118,0.27307,0.27176,0.27636,0.26978,0.27406,0.07376,0.06915,0.07211,0.06817,0.07409,-54.31516,3165.00000
0.65624,0.66710,0.66512,0.66183,0.65953,0.26880,0.27735,0.27307,0.26682,0.27505,0.07014,0.07244,0.06915,0.07146,0.07178,-55.45592,3166.00000
0.65920,0.66183,0.66315,0.66348,0.65624,0.27143,0.27472,0.27143,0.27143,0.27241,0.07146,0.07244,0.06784,0.07178,0.06718,-55.45592,3167.00000
0.66052,0.66118,0.65591,0.65723,0.65855,0.27110,0.27077,0.27307,0.27209,0.27735,0.07146,0.07244,0.06817,0.06817,0.06948,-55.14739,3168.00000
0.65920,0.66611,0.66216,0.65756,0.65855,0.27373,0.27209,0.27143,0.26945,0.27209,0.06751,0.06948,0.06915,0.07277,0.06981,-55.14739,3169.00000
0.65887,0.66315,0.66381,0.66973,0.65986,0.27307,0.27537,0.27340,0.27603,0.27340,0.06718,0.07178,0.07211,0.06521,0.07047,-55.81833,3170.00000
0.65822,0.66381,0.66052,0.65953,0.66151,0.27143,0.27373,0.27373,0.27241,0.27373,0.07014,0.06948,0.06981,0.06586,0.06882,-55.81833,3171.00000
0.66282,0.66085,0.66151,0.66019,0.66052,0.26945,0.27406,0.27209,0.27176,0.27011,0.07014,0.07178,0.06850,0.07244,0.07014,-55.55809,3172.00000
0.66710,0.65986,0.65855,0.65953,0.65789,0.27472,0.27735,0.27439,0.27110,0.27373,0.06882,0.06948,0.07211,0.07146,0.07277,-55.55809,3173.00000
0.65789,0.66282,0.66282,0.66775,0.66414,0.27373,0.27340,0.27373,0.27439,0.27209,0.06948,0.07146,0.07244,0.06455,0.07343,-55.75268,3174.00000
0.66381,0.66019,0.66183,0.66381,0.66118,0.26814,0.27439,0.27209,0.27110,0.27570,0.06586,0.07113,0.06981,0.07146,0.06948,-55.75268,3175.00000
0.66545,0.65986,0.66118,0.65756,0.66085,0.27472,0.27340,0.27241,0.27110,0.27209,0.07211,0.07178,0.07442,0.06817,0.07606,-56.85095,3176.00000
0.66216,0.66183,0.65295,0.65855,0.65591,0.27406,0.27241,0.27472,0.27373,0.27011,0.07146,0.07047,0.07310,0.07113,0.07277,-56.85095,3177.00000
0.66019,0.66183,0.65230,0.66085,0.66414,0.27077,0.27307,0.27176,0.27176,0.27274,0.07178,0.07113,0.07014,0.06751,0.06817,-56.69696,3178.00000
0.65624,0.65657,0.65855,0.65953,0.65887,0.27340,0.27307,0.27143,0.26814,0.27340,0.07310,0.07113,0.07376,0.06817,0.07376,-56.69696,3179.00000
0.65624,0.65953,0.65855,0.65657,0.66019,0.27176,0.27044,0.27340,0.27340,0.27110,0.07080,0.07211,0.06850,0.06751,0.07080,-55.96811,3180.00000
0.65460,0.65493,0.66085,0.66479,0.65361,0.27077,0.26945,0.26978,0.27340,0.26945,0.06948,0.07211,0.07310,0.06685,0.07047,-55.96811,3181.00000
0.66183,0.65986,0.66019,0.66085,0.65920,0.27439,0.27570,0.27077,0.27011,0.27768,0.06652,0.07080,0.06981,0.06554,0.07146,-56.25554,3182.00000
0.66611,0.66052,0.65230,0.66414,0.66282,0.27307,0.27176,0.26682,0.27143,0.27274,0.07080,0.06882,0.07113,0.07080,0.06718,-56.25554,3183.00000
0.65690,0.65624,0.65624,0.65822,0.66381,0.26945,0.27143,0.27044,0.27603,0.27472,0.07146,0.06915,0.06948,0.06915,0.07080,-56.09164,3184.00000
0.65427,0.66282,0.66085,0.65559,0.66447,0.26945,0.26913,0.27110,0.27241,0.27110,0.06882,0.07178,0.07047,0.06981,0.07343,-56.09164,3185.00000
0.65986,0.65920,0.66183,0.65657,0.66282,0.27472,0.27439,0.27373,0.27340,0.27274,0.07244,0.06850,0.06948,0.06981,0.07113,-55.91935,3186.00000
0.65822,0.65822,0.65591,0.65789,0.65624,0.27307,0.27176,0.27209,0.27241,0.27603,0.06882,0.07244,0.07277,0.07047,0.07211,-55.91935,3187.00000
0.66151,0.66381,0.65493,0.65164,0.66282,0.27570,0.27241,0.27373,0.27373,0.26945,0.07244,0.07146,0.07047,0.06882,0.07014,-55.66475,3188.00000
0.66085,0.65230,0.66151,0.66019,0.65690,0.27110,0.26847,0.27307,0.27472,0.27209,0.06882,0.07113,0.07014,0.07178,0.07211,-55.66475,3189.00000
0.65427,0.65953,0.65559,0.65624,0.65262,0.27603,0.27241,0.27307,0.27143,0.27044,0.07376,0.07047,0.07047,0.06915,0.06882,-55.54234,3190.00000
0.65855,0.65493,0.65855,0.65460,0.65591,0.27373,0.26913,0.27209,0.26748,0.27307,0.06948,0.06981,0.07409,0.07113,0.07474,-55.54234,3191.00000
0.66315,0.65855,0.65460,0.65624,0.65657,0.27241,0.26748,0.27340,0.26748,0.26880,0.07047,0.07310,0.07343,0.06981,0.06817,-55.94011,3192.00000
0.65690,0.65723,0.66249,0.65855,0.66282,0.27636,0.26978,0.27143,0.26978,0.27307,0.07277,0.06554,0.07409,0.06948,0.07178,-55.94011,3193.00000
0.66479,0.65920,0.65591,0.65657,0.65690,0.27439,0.27209,0.27077,0.27110,0.27340,0.07047,0.06751,0.07409,0.07343,0.07146,-56.44906,3194.00000
0.65690,0.65526,0.65624,0.65526,0.65855,0.26649,0.27340,0.27110,0.26945,0.27110,0.07178,0.06652,0.06915,0.06882,0.07146,-56.44906,3195.00000
0.66183,0.65887,0.65624,0.64966,0.66414,0.27143,0.27077,0.26880,0.26913,0.27537,0.07244,0.06882,0.07080,0.06915,0.07080,-57.11613,3196.00000
0.65822,0.65986,0.65526,0.65953,0.65230,0.27011,0.27241,0.26913,0.27011,0.26682,0.07047,0.06784,0.06948,0.07277,0.06850,-57.11613,3197.00000
0.65460,0.65657,0.65953,0.65559,0.65657,0.27209,0.27044,0.26781,0.27537,0.26814,0.06850,0.07178,0.06948,0.06981,0.06981,-55.67721,3198.00000
0.66085,0.65624,0.65427,0.66282,0.65789,0.27011,0.27044,0.27209,0.27472,0.27176,0.07244,0.07178,0.07277,0.07244,0.06817,-55.67721,3199.00000
0.66151,0.65361,0.66118,0.66578,0.65493,0.26847,0.27373,0.27373,0.27209,0.27241,0.06882,0.07047,0.06981,0.07047,0.07310,-56.32981,3200.00000
0.66315,0.66052,0.65197,0.66315,0.65559,0.27176,0.27472,0.27011,0.27110,0.26814,0.06981,0.06718,0.06981,0.07014,0.06882,-56.32981,3201.00000
0.66545,0.66282,0.65953,0.66545,0.66118,0.26945,0.27110,0.27110,0.27439,0.26978,0.06915,0.07310,0.07014,0.07540,0.06817,-55.91149,3202.00000
0.66118,0.66315,0.66052,0.65427,0.65986,0.27307,0.27143,0.27011,0.27143,0.27176,0.07244,0.06948,0.07113,0.07540,0.07507,-55.91149,3203.00000
0.65887,0.65986,0.66348,0.65723,0.66151,0.27209,0.27636,0.27307,0.27241,0.27077,0.06751,0.07113,0.06784,0.06850,0.07146,-55.73406,3204.00000
0.66085,0.65887,0.65723,0.65920,0.65920,0.27340,0.27110,0.26715,0.27077,0.27110,0.07277,0.07080,0.06948,0.06948,0.06718,-55.73406,3205.00000
0.65822,0.65295,0.65822,0.66151,0.65657,0.26945,0.27209,0.27209,0.27209,0.26945,0.06915,0.07277,0.07047,0.06915,0.07080,-55.46957,3206.00000
0.66052,0.65295,0.66216,0.65953,0.65394,0.27307,0.27176,0.27669,0.27406,0.26913,0.06981,0.07080,0.06718,0.06685,0.06981,-55.46957,3207.00000
0.65986,0.65953,0.65460,0.65887,0.65526,0.27143,0.27340,0.26847,0.27143,0.26715,0.07047,0.07442,0.06784,0.07343,0.06817,-55.35930,3208.00000
0.65657,0.66348,0.65427,0.66118,0.65559,0.27439,0.26584,0.26880,0.27011,0.27209,0.06850,0.06915,0.06915,0.07080,0.06850,-55.35930,3209.00000
0.65624,0.65493,0.65756,0.65953,0.65657,0.27044,0.27570,0.27044,0.26978,0.27176,0.07178,0.06817,0.06718,0.07343,0.07442,-55.92428,3210.00000
0.65822,0.65624,0.65855,0.65394,0.66512,0.26584,0.27537,0.27176,0.26814,0.27110,0.07113,0.07113,0.06619,0.06882,0.06915,-55.92428,3211.00000
0.65657,0.65230,0.65953,0.65591,0.65789,0.27373,0.27241,0.27044,0.27274,0.26748,0.06981,0.06915,0.07080,0.06817,0.07178,-55.75755,3212.00000
0.65197,0.66381,0.65591,0.65493,0.65855,0.26814,0.26945,0.27373,0.26913,0.27274,0.06685,0.07211,0.06718,0.06784,0.06817,-55.75755,3213.00000
0.65953,0.66118,0.65986,0.65262,0.65887,0.27143,0.27274,0.26584,0.26880,0.26913,0.06619,0.07047,0.06981,0.06915,0.07178,-56.23083,3214.00000
0.65657,0.65262,0.65591,0.65559,0.65591,0.26748,0.27340,0.26847,0.27143,0.27274,0.06784,0.06915,0.06915,0.06850,0.06784,-56.23083,3215.00000
0.65427,0.65493,0.65328,0.65230,0.65986,0.27077,0.26715,0.26551,0.27011,0.27077,0.06784,0.07146,0.07244,0.07277,0.06718,-55.69842,3216.00000
0.66019,0.65559,0.65493,0.65690,0.65624,0.27209,0.27077,0.27143,0.27044,0.27209,0.06751,0.06882,0.07014,0.06718,0.07047,-55.69842,3217.00000
0.65789,0.65131,0.66052,0.65953,0.65361,0.26715,0.26847,0.27077,0.27505,0.26945,0.06850,0.06718,0.06850,0.07409,0.07409,-56.34286,3218.00000
0.65624,0.65328,0.65887,0.65723,0.65197,0.27044,0.27077,0.27603,0.26617,0.27340,0.06718,0.06817,0.06948,0.07113,0.06817,-56.34286,3219.00000
0.65690,0.65822,0.65460,0.65361,0.65920,0.26945,0.26814,0.26945,0.27143,0.27011,0.06882,0.06751,0.07080,0.07113,0.06882,-56.57231,3220.00000
0.65197,0.65920,0.66216,0.64966,0.65262,0.27439,0.27472,0.27077,0.27011,0.27044,0.06948,0.06850,0.06981,0.06915,0.07343,-56.57231,3221.00000
0.66085,0.65328,0.65131,0.65164,0.66085,0.26814,0.26913,0.26847,0.27110,0.27373,0.07014,0.06652,0.07146,0.07113,0.06488,-56.71877,3222.00000
0.64966,0.65328,0.65262,0.65624,0.65690,0.26452,0.27209,0.26913,0.27209,0.27505,0.06981,0.07113,0.07310,0.06882,0.06817,-56.71877,3223.00000
0.65262,0.65131,0.65986,0.64901,0.65328,0.27077,0.27110,0.27110,0.27241,0.27143,0.06948,0.06817,0.07113,0.06915,0.06948,-56.56007,3224.00000
0.65756,0.65361,0.65756,0.65394,0.65394,0.26781,0.26748,0.27406,0.26880,0.27241,0.07047,0.07080,0.06718,0.07146,0.07244,-56.56007,3225.00000
0.65657,0.65427,0.65953,0.65295,0.65065,0.27340,0.26978,0.27439,0.27176,0.26880,0.07211,0.07113,0.07080,0.07047,0.06915,-56.31470,3226.00000
0.65756,0.65756,0.66183,0.65460,0.65394,0.27011,0.27176,0.27307,0.26880,0.26781,0.06981,0.06817,0.07047,0.07146,0.06948,-56.31470,3227.00000
0.65065,0.65624,0.66019,0.65559,0.65460,0.27307,0.26682,0.27537,0.26978,0.27176,0.06981,0.07277,0.07211,0.06948,0.06784,-56.72425,3228.00000
0.65328,0.65690,0.65328,0.65986,0.65690,0.26781,0.27209,0.26715,0.26584,0.26715,0.07244,0.07244,0.07113,0.07047,0.07014,-56.72425,3229.00000
0.65756,0.65493,0.65756,0.65361,0.65460,0.27176,0.27011,0.27570,0.27340,0.26452,0.07376,0.07014,0.07310,0.07146,0.06948,-56.10626,3230.00000
0.65756,0.65460,0.66085,0.65657,0.65690,0.27110,0.27209,0.27274,0.26649,0.26781,0.07343,0.06718,0.07310,0.07277,0.07113,-56.10626,3231.00000
0.65460,0.65361,0.65822,0.65591,0.65230,0.27077,0.26945,0.27011,0.26814,0.27340,0.06817,0.07277,0.07277,0.06817,0.07211,-56.08780,3232.00000
0.65361,0.66019,0.65591,0.65262,0.65591,0.27011,0.26945,0.27406,0.26814,0.27439,0.07244,0.07047,0.06981,0.07310,0.06948,-56.08780,3233.00000
0.65986,0.65493,0.65164,0.64802,0.65526,0.27373,0.27176,0.26880,0.26781,0.27472,0.06882,0.06784,0.07277,0.07014,0.07080,-56.33492,3234.00000
0.66151,0.65559,0.65361,0.65723,0.65328,0.26518,0.27274,0.26781,0.27209,0.27044,0.06915,0.07080,0.07080,0.06850,0.07113,-56.33492,3235.00000
0.65328,0.65920,0.65394,0.66019,0.65361,0.26945,0.26978,0.26649,0.27505,0.26880,0.07244,0.07146,0.06948,0.06817,0.06850,-56.34861,3236.00000
0.65460,0.65756,0.65920,0.66479,0.66118,0.27110,0.27209,0.26978,0.26847,0.26978,0.07211,0.07409,0.07014,0.07146,0.07014,-56.34861,3237.00000
0.66052,0.65131,0.66216,0.65526,0.65591,0.27209,0.26715,0.27373,0.27176,0.26880,0.07606,0.07343,0.07014,0.07310,0.06981,-55.91845,3238.00000
0.65230,0.66710,0.65986,0.66381,0.65953,0.27011,0.26518,0.27307,0.27241,0.27505,0.07507,0.07047,0.07047,0.07178,0.07178,-55.91845,3239.00000
0.65756,0.65723,0.66775,0.65723,0.66118,0.27241,0.27570,0.27143,0.27439,0.26945,0.07474,0.06882,0.06850,0.07080,0.07376,-56.18188,3240.00000
0.65953,0.65559,0.65953,0.65887,0.65657,0.26847,0.27176,0.27702,0.27011,0.27439,0.07178,0.07047,0.06751,0.07014,0.07047,-56.18188,3241.00000
0.65953,0.66052,0.65591,0.65723,0.66282,0.27801,0.27274,0.27241,0.27307,0.27143,0.07178,0.06981,0.07113,0.06915,0.06784,-56.13049,3242.00000
0.65690,0.66019,0.66019,0.66118,0.65756,0.27373,0.27011,0.27209,0.27110,0.27044,0.06981,0.06915,0.06652,0.06882,0.07113,-56.13049,3243.00000
0.65230,0.65822,0.65624,0.65690,0.65591,0.27143,0.27307,0.27110,0.27044,0.27176,0.07080,0.06981,0.07080,0.06915,0.06915,-55.54571,3244.00000
0.65789,0.65822,0.66019,0.66052,0.65131,0.27176,0.27209,0.26913,0.26649,0.27307,0.07080,0.07310,0.07113,0.06685,0.07080,-55.54571,3245.00000
0.66545,0.65822,0.65460,0.66151,0.65657,0.27406,0.27241,0.26913,0.27209,0.27439,0.06981,0.06850,0.07178,0.06882,0.06981,-55.68057,3246.00000
0.65822,0.65591,0.65789,0.65756,0.65756,0.27176,0.26880,0.27044,0.27077,0.26978,0.06850,0.07211,0.07178,0.07047,0.07244,-55.68057,3247.00000
0.65789,0.65789,0.65591,0.66249,0.65361,0.27274,0.27307,0.27570,0.26913,0.27406,0.07507,0.06981,0.07244,0.07277,0.06882,-54.95210,3248.00000
0.65657,0.65690,0.64999,0.66085,0.66611,0.27340,0.27143,0.27307,0.26880,0.26880,0.06981,0.07244,0.07244,0.07573,0.06718,-54.95210,3249.00000
0.65887,0.65920,0.65591,0.65690,0.64934,0.26847,0.26485,0.27373,0.27406,0.26880,0.06981,0.07409,0.07178,0.07146,0.07310,-54.00925,3250.00000
0.65657,0.65953,0.65526,0.65427,0.65559,0.27209,0.27044,0.27505,0.26485,0.26748,0.07211,0.07146,0.06981,0.06882,0.07178,-54.00925,3251.00000
0.65723,0.65855,0.65624,0.65361,0.66151,0.26452,0.27307,0.27011,0.27307,0.27307,0.06850,0.07244,0.07211,0.07442,0.06850,-53.08861,3252.00000
0.65756,0.65756,0.66151,0.65559,0.65591,0.27011,0.26913,0.26945,0.27373,0.27307,0.07540,0.07310,0.07178,0.07080,0.06784,-53.08861,3253.00000
0.64934,0.65624,0.65822,0.64934,0.65822,0.27373,0.27176,0.27340,0.27472,0.26978,0.07113,0.07080,0.06817,0.06915,0.07178,-53.08483,3254.00000
0.66052,0.65657,0.65690,0.66216,0.65690,0.26945,0.26847,0.27011,0.27274,0.27570,0.06751,0.07376,0.07178,0.06981,0.06981,-53.08483,3255.00000
0.65624,0.65723,0.65657,0.65624,0.64670,0.27077,0.26748,0.27011,0.27044,0.27143,0.06652,0.07014,0.07343,0.07442,0.07014,-54.23285,3256.00000
0.65460,0.65559,0.65262,0.65624,0.65624,0.26978,0.27669,0.26880,0.27373,0.27143,0.07113,0.06915,0.06915,0.07113,0.06685,-54.23285,3257.00000
0.65887,0.65756,0.65098,0.65723,0.65624,0.27241,0.26913,0.26978,0.26880,0.26945,0.07080,0.06718,0.07080,0.07113,0.07080,-54.51633,3258.00000
0.65559,0.64966,0.65624,0.65131,0.64868,0.27011,0.26748,0.26880,0.26288,0.26584,0.07113,0.06915,0.06948,0.06422,0.07113,-54.51633,3259.00000
0.65098,0.65526,0.64736,0.64769,0.65493,0.27340,0.26781,0.27209,0.26945,0.27011,0.07080,0.07376,0.07113,0.07047,0.06817,-54.92906,3260.00000
0.64966,0.65230,0.65295,0.65822,0.65295,0.27077,0.26485,0.27340,0.26649,0.27143,0.07672,0.07080,0.06948,0.07178,0.06850,-54.92906,3261.00000
0.64934,0.64966,0.65197,0.65262,0.65262,0.26715,0.27044,0.26715,0.27044,0.27011,0.07047,0.07080,0.07080,0.07014,0.07244,-55.89471,3262.00000
0.65887,0.65065,0.64605,0.65032,0.65361,0.26321,0.26880,0.26814,0.26518,0.27044,0.07211,0.06981,0.07244,0.07146,0.07211,-55.89471,3263.00000
0.65591,0.65131,0.65197,0.65197,0.65164,0.26715,0.26518,0.27044,0.27439,0.26913,0.07113,0.06850,0.06619,0.06850,0.07211,-55.91854,3264.00000
0.64868,0.65065,0.64966,0.65361,0.65559,0.27011,0.26518,0.26649,0.27143,0.26978,0.06981,0.07047,0.06981,0.07277,0.07409,-55.91854,3265.00000
0.64901,0.65986,0.65526,0.64835,0.65230,0.26814,0.27176,0.27307,0.26551,0.26913,0.07047,0.07244,0.07014,0.07080,0.07244,-55.40800,3266.00000
0.65460,0.65230,0.65262,0.65131,0.65493,0.26715,0.26814,0.26682,0.27406,0.27110,0.06981,0.06192,0.06948,0.07014,0.07146,-55.40800,3267.00000
0.64342,0.65526,0.64999,0.65591,0.64605,0.27143,0.26945,0.26880,0.27044,0.26945,0.07047,0.07211,0.07047,0.06948,0.07343,-56.17812,3268.00000
0.65789,0.65394,0.65262,0.65394,0.65164,0.27307,0.27110,0.27077,0.27373,0.26978,0.07014,0.07343,0.07146,0.07211,0.07178,-56.17812,3269.00000
0.65361,0.64999,0.65789,0.65328,0.65855,0.26584,0.27209,0.26880,0.26748,0.27011,0.07146,0.06915,0.06422,0.06915,0.07310,-56.23603,3270.00000
0.64934,0.65427,0.65197,0.65361,0.65591,0.26748,0.27274,0.26781,0.27241,0.27011,0.06850,0.07474,0.07573,0.06586,0.07178,-56.23603,3271.00000
0.65723,0.65361,0.65427,0.65328,0.65131,0.26978,0.27044,0.26978,0.26814,0.26781,0.07442,0.07343,0.07310,0.07310,0.06882,-56.19663,3272.00000
0.65295,0.65164,0.65624,0.65657,0.65328,0.27505,0.26880,0.26945,0.27044,0.27373,0.07146,0.07113,0.07014,0.07146,0.06817,-56.19663,3273.00000
0.65361,0.65427,0.65098,0.65131,0.65427,0.27209,0.26551,0.27472,0.26584,0.27143,0.06882,0.07146,0.06981,0.07474,0.06882,-56.81414,3274.00000
0.65328,0.65493,0.65624,0.65032,0.64868,0.27307,0.26945,0.27077,0.26880,0.27274,0.07507,0.07113,0.07047,0.06981,0.07244,-56.81414,3275.00000
0.65295,0.65756,0.65624,0.64966,0.65262,0.27176,0.26847,0.27340,0.26880,0.26649,0.07211,0.07376,0.07146,0.07113,0.07409,-56.01205,3276.00000
0.65032,0.64605,0.65065,0.65131,0.64868,0.26748,0.26814,0.27241,0.26485,0.27110,0.06751,0.06981,0.07474,0.07146,0.07409,-56.01205,3277.00000
0.65328,0.65493,0.64934,0.65855,0.65657,0.27241,0.27406,0.27274,0.26945,0.26452,0.07211,0.07474,0.07047,0.06948,0.07277,-55.45231,3278.00000
0.65591,0.65789,0.65394,0.65624,0.65887,0.27373,0.26617,0.26913,0.26682,0.26913,0.07244,0.07146,0.07146,0.07277,0.07047,-55.45231,3279.00000
0.65559,0.65361,0.65230,0.65361,0.65624,0.26913,0.27044,0.26880,0.27241,0.26781,0.07080,0.07047,0.06817,0.07113,0.07244,-56.01717,3280.00000
0.65657,0.65953,0.65822,0.65262,0.65855,0.27241,0.27209,0.27373,0.26847,0.26978,0.07146,0.07277,0.07409,0.07343,0.06751,-56.01717,3281.00000
0.65723,0.65328,0.65427,0.65591,0.66052,0.27209,0.27011,0.27143,0.26781,0.27307,0.07277,0.07310,0.06882,0.06784,0.06850,-55.38407,3282.00000
0.65197,0.65262,0.65394,0.65591,0.65657,0.26945,0.26880,0.26978,0.27274,0.26715,0.06948,0.07080,0.07244,0.07047,0.07178,-55.38407,3283.00000
0.65460,0.65427,0.65624,0.64473,0.66282,0.26748,0.26748,0.26978,0.27110,0.27110,0.07146,0.06915,0.07211,0.07178,0.07047,-55.03579,3284.00000
0.64901,0.65361,0.65427,0.65690,0.65328,0.26781,0.26945,0.26649,0.26485,0.26913,0.07047,0.07113,0.07080,0.07211,0.07277,-55.03579,3285.00000
0.65855,0.66019,0.65591,0.65394,0.65460,0.27044,0.27373,0.26945,0.26978,0.27011,0.07014,0.07014,0.07113,0.07080,0.07277,-56.18000,3286.00000
0.65328,0.65328,0.65262,0.65789,0.65262,0.26978,0.26419,0.27110,0.26748,0.27110,0.07146,0.07113,0.07146,0.07113,0.07211,-56.18000,3287.00000
0.64999,0.65230,0.65591,0.65986,0.65394,0.26913,0.26978,0.27176,0.27209,0.27044,0.07277,0.07146,0.06981,0.07244,0.07343,-55.89518,3288.00000
0.65460,0.65230,0.65262,0.65559,0.65197,0.26518,0.26913,0.27110,0.27307,0.27011,0.07178,0.07343,0.07343,0.06981,0.07047,-55.89518,3289.00000
0.65493,0.65230,0.65986,0.66348,0.65394,0.27274,0.26781,0.26649,0.27176,0.27176,0.06652,0.07178,0.06718,0.07244,0.06948,-56.09212,3290.00000
0.65756,0.65460,0.66348,0.65230,0.65131,0.27044,0.27143,0.27176,0.26913,0.26945,0.07047,0.07178,0.07113,0.07014,0.07211,-56.09212,3291.00000
0.65986,0.65855,0.65262,0.65098,0.65591,0.26682,0.27307,0.26978,0.26748,0.26682,0.07113,0.06850,0.06915,0.07146,0.07113,-55.76579,3292.00000
0.64835,0.65756,0.64835,0.65230,0.65887,0.27241,0.27077,0.27241,0.27044,0.26781,0.07014,0.07343,0.07244,0.07211,0.06981,-55.76579,3293.00000
0.64835,0.65164,0.64934,0.65756,0.64966,0.27143,0.27011,0.26978,0.26913,0.26945,0.07047,0.07606,0.07014,0.07014,0.07244,-56.14461,3294.00000
0.65460,0.65526,0.65394,0.65361,0.65098,0.26715,0.26847,0.26913,0.26584,0.27110,0.07178,0.06751,0.07310,0.06948,0.07376,-56.14461,3295.00000
0.65262,0.65164,0.65887,0.65295,0.65295,0.26814,0.26978,0.26649,0.26748,0.27143,0.06915,0.06586,0.07211,0.06817,0.07113,-56.13383,3296.00000
0.65230,0.65493,0.65262,0.65328,0.64868,0.27077,0.26945,0.26814,0.26649,0.26978,0.06882,0.07178,0.06915,0.06948,0.06751,-56.13383,3297.00000
0.65493,0.65394,0.65427,0.65065,0.65065,0.27537,0.26649,0.26880,0.27241,0.26781,0.06850,0.07080,0.07113,0.07672,0.06554,-55.84035,3298.00000
0.65230,0.65131,0.65197,0.65230,0.65723,0.27044,0.27077,0.27241,0.27011,0.27537,0.07113,0.07244,0.07310,0.07277,0.06915,-55.84035,3299.00000
0.65295,0.64835,0.64703,0.65230,0.64835,0.27143,0.27110,0.26715,0.27274,0.26649,0.07178,0.06882,0.07113,0.07244,0.07277,-56.21852,3300.00000
0.65493,0.64835,0.65361,0.65131,0.65164,0.27011,0.26551,0.26814,0.26748,0.26649,0.07244,0.07277,0.06784,0.07014,0.06948,-56.21852,3301.00000
0.64868,0.65098,0.64966,0.65065,0.64966,0.27077,0.27406,0.26814,0.27044,0.26847,0.07080,0.06718,0.07244,0.07047,0.07277,-56.71277,3302.00000
0.65164,0.64638,0.65460,0.65361,0.65591,0.26880,0.26847,0.27077,0.26682,0.26584,0.06948,0.06981,0.07277,0.07178,0.06882,-56.71277,3303.00000
0.64539,0.64769,0.64736,0.65065,0.65065,0.27241,0.26781,0.26978,0.27241,0.27274,0.06981,0.07178,0.07310,0.06948,0.06882,-56.47650,3304.00000
0.65065,0.65822,0.65723,0.65230,0.64440,0.26485,0.26748,0.26913,0.26814,0.27176,0.06817,0.06718,0.06784,0.07146,0.06882,-56.47650,3305.00000
0.65131,0.65460,0.64309,0.64835,0.64868,0.27176,0.26649,0.27011,0.27143,0.26485,0.07080,0.07146,0.07211,0.06817,0.06817,-56.66110,3306.00000
0.65328,0.65460,0.65295,0.65295,0.64835,0.26748,0.26518,0.26649,0.27176,0.27011,0.07014,0.06948,0.06948,0.07277,0.07047,-56.66110,3307.00000
0.65065,0.65427,0.65197,0.65098,0.65657,0.27209,0.26748,0.26814,0.27176,0.26649,0.07376,0.07047,0.06817,0.07047,0.07146,-56.25047,3308.00000
0.65526,0.65328,0.65262,0.65756,0.65855,0.26781,0.27011,0.26814,0.27209,0.26518,0.06882,0.07047,0.06817,0.07244,0.07343,-56.25047,3309.00000
0.65032,0.64934,0.65098,0.65164,0.65394,0.26748,0.26913,0.27472,0.27077,0.26551,0.07244,0.07376,0.07080,0.07310,0.07376,-55.63256,3310.00000
0.65098,0.65526,0.64999,0.65164,0.64835,0.27011,0.26518,0.26682,0.27011,0.27077,0.06948,0.07047,0.07310,0.07343,0.07409,-55.63256,3311.00000
0.65065,0.65526,0.65328,0.65098,0.64572,0.26584,0.26682,0.27044,0.26814,0.26847,0.07113,0.07310,0.07178,0.07376,0.07244,-55.37976,3312.00000
0.65131,0.65526,0.64539,0.64440,0.64835,0.26880,0.26781,0.26814,0.27241,0.27209,0.07211,0.07244,0.07014,0.07047,0.07080,-55.37976,3313.00000
0.65526,0.64670,0.65624,0.65361,0.64506,0.26682,0.26682,0.26682,0.27241,0.26847,0.07080,0.07211,0.07113,0.07244,0.07146,-55.80755,3314.00000
0.65756,0.64934,0.65164,0.64999,0.65559,0.27143,0.26617,0.27209,0.26913,0.26617,0.07014,0.07178,0.07047,0.06882,0.07080,-55.80755,3315.00000
0.65526,0.65197,0.65394,0.65230,0.65361,0.27077,0.26814,0.26880,0.26814,0.26847,0.07178,0.07113,0.07014,0.06981,0.07047,-55.31345,3316.00000
0.64736,0.65295,0.64703,0.65230,0.65591,0.26321,0.26617,0.27176,0.26682,0.27274,0.07244,0.07047,0.07047,0.06915,0.07211,-55.31345,3317.00000
0.65032,0.65723,0.64605,0.65230,0.65295,0.26978,0.26847,0.26617,0.27472,0.27241,0.07080,0.07047,0.07146,0.06751,0.07507,-56.44334,3318.00000
0.65427,0.64670,0.64901,0.65361,0.64506,0.26847,0.27209,0.27110,0.26913,0.26288,0.06488,0.07146,0.06685,0.06850,0.07244,-56.44334,3319.00000
0.64539,0.65361,0.65361,0.64966,0.65131,0.27176,0.26781,0.26913,0.26781,0.26584,0.07277,0.07442,0.07113,0.06981,0.07113,-56.28320,3320.00000
0.65065,0.65460,0.65855,0.65295,0.65328,0.27274,0.26781,0.26880,0.27110,0.26880,0.07014,0.07014,0.06882,0.06981,0.06981,-56.28320,3321.00000
0.65756,0.64868,0.65559,0.65887,0.65098,0.27373,0.26649,0.27011,0.26682,0.27110,0.06850,0.06915,0.06981,0.07507,0.07244,-55.70752,3322.00000
0.65197,0.64901,0.65559,0.64835,0.65197,0.27077,0.26880,0.26945,0.27044,0.27176,0.06850,0.07277,0.07113,0.07178,0.07113,-55.70752,3323.00000
0.65197,0.65032,0.65559,0.65230,0.63947,0.26978,0.27241,0.26913,0.26649,0.26913,0.06981,0.07047,0.07113,0.07442,0.07343,-56.30591,3324.00000
0.65328,0.65361,0.64999,0.65262,0.64901,0.27044,0.26978,0.26978,0.27044,0.26682,0.07047,0.07442,0.07080,0.07178,0.07113,-56.30591,3325.00000
0.64374,0.65624,0.65164,0.64506,0.65131,0.26715,0.26518,0.26913,0.26715,0.26913,0.07014,0.06586,0.07080,0.06948,0.07113,-56.10950,3326.00000
0.65032,0.65295,0.65361,0.65460,0.65559,0.26913,0.26847,0.26617,0.26814,0.26551,0.06948,0.07146,0.07310,0.07244,0.07047,-56.10950,3327.00000
0.64210,0.65098,0.65460,0.64966,0.65493,0.26978,0.27077,0.27241,0.27209,0.26649,0.07211,0.07178,0.07277,0.07310,0.06751,-56.34332,3328.00000
0.65131,0.65526,0.65164,0.65328,0.65295,0.27209,0.26847,0.26551,0.26913,0.26978,0.07474,0.07244,0.06915,0.07146,0.07178,-56.34332,3329.00000
0.64769,0.65526,0.65559,0.65526,0.64736,0.26584,0.26847,0.27044,0.27077,0.27044,0.06784,0.07310,0.07014,0.06882,0.07409,-56.06961,3330.00000
0.65262,0.65559,0.64703,0.64736,0.64999,0.27011,0.26584,0.26584,0.27439,0.26945,0.07014,0.06948,0.07310,0.06850,0.07310,-56.06961,3331.00000
0.65065,0.64901,0.65690,0.64999,0.65065,0.26748,0.27274,0.26945,0.27077,0.27077,0.07277,0.06882,0.07047,0.07146,0.07277,-55.52016,3332.00000
0.64736,0.65460,0.65887,0.65262,0.65460,0.26814,0.26847,0.26321,0.27307,0.26617,0.06948,0.07113,0.06784,0.07178,0.07211,-55.52016,3333.00000
0.64835,0.65197,0.65460,0.64901,0.65690,0.26814,0.26913,0.27011,0.27077,0.27274,0.07113,0.07047,0.07113,0.07178,0.07146,-55.38947,3334.00000
0.65822,0.65394,0.65328,0.64769,0.64934,0.26682,0.27176,0.27241,0.26781,0.26814,0.07540,0.07146,0.07376,0.07014,0.06915,-55.38947,3335.00000
0.64835,0.65953,0.65328,0.64999,0.65394,0.26847,0.26913,0.27176,0.26518,0.27537,0.06850,0.07047,0.07211,0.07343,0.06981,-56.20304,3336.00000
0.65131,0.65460,0.65887,0.65098,0.65887,0.27340,0.26978,0.26715,0.27110,0.26649,0.07080,0.06981,0.07014,0.07146,0.06784,-56.20304,3337.00000
0.64638,0.65394,0.65065,0.64703,0.66085,0.26814,0.26913,0.26978,0.27176,0.27176,0.07244,0.07343,0.06817,0.07277,0.06948,-56.33150,3338.00000
0.65098,0.65197,0.65065,0.64835,0.64966,0.26584,0.27340,0.26880,0.27110,0.27110,0.07113,0.07178,0.07244,0.06981,0.06981,-56.33150,3339.00000
0.65230,0.64769,0.64703,0.65723,0.65065,0.26748,0.26880,0.26715,0.26814,0.26913,0.07146,0.07244,0.06817,0.06784,0.07178,-55.76585,3340.00000
0.65657,0.64572,0.65197,0.65098,0.65526,0.27110,0.26715,0.27209,0.27011,0.26913,0.06948,0.07376,0.07310,0.07442,0.07178,-55.76585,3341.00000
0.64901,0.64769,0.65262,0.65197,0.64868,0.26880,0.27241,0.26748,0.26649,0.27011,0.07113,0.07178,0.07277,0.06948,0.07376,-56.45958,3342.00000
0.64473,0.65262,0.65460,0.65098,0.64966,0.26781,0.27011,0.27011,0.27209,0.26781,0.06948,0.07409,0.07178,0.07376,0.06882,-56.45958,3343.00000
0.65723,0.65295,0.65526,0.64999,0.64802,0.26748,0.26880,0.26715,0.26649,0.27077,0.07146,0.07014,0.07178,0.07244,0.07014,-56.22784,3344.00000
0.65262,0.64605,0.65131,0.64736,0.65262,0.26781,0.26945,0.27143,0.26847,0.27077,0.07277,0.07014,0.07113,0.06751,0.07376,-56.22784,3345.00000
0.64966,0.65526,0.64901,0.65723,0.65032,0.26682,0.26847,0.27110,0.26913,0.27176,0.07178,0.07178,0.06915,0.07672,0.07409,-56.29263,3346.00000
0.64934,0.65361,0.65394,0.64901,0.65526,0.26945,0.26945,0.27669,0.27274,0.27472,0.06948,0.07014,0.07178,0.07047,0.06981,-56.29263,3347.00000
0.64934,0.65098,0.65526,0.65164,0.65197,0.26978,0.26617,0.26485,0.27044,0.27011,0.07178,0.07244,0.07409,0.07310,0.07343,-56.60091,3348.00000
0.64835,0.64966,0.65230,0.65427,0.65756,0.27143,0.27110,0.26978,0.26682,0.27077,0.07080,0.06981,0.07146,0.06850,0.07277,-56.60091,3349.00000
0.64934,0.65065,0.64868,0.64966,0.65262,0.27077,0.26978,0.26682,0.26682,0.26682,0.06882,0.07014,0.06915,0.07211,0.07343,-56.90641,3350.00000
0.65295,0.64802,0.65493,0.65427,0.64440,0.26551,0.27011,0.26518,0.26551,0.26847,0.06981,0.07244,0.06850,0.06718,0.07047,-56.90641,3351.00000
0.65262,0.65065,0.64966,0.65624,0.65164,0.27176,0.26781,0.26880,0.27110,0.27241,0.07047,0.07113,0.07146,0.06981,0.07080,-56.37313,3352.00000
0.65164,0.65690,0.65493,0.65394,0.65427,0.26945,0.27077,0.27209,0.27110,0.27209,0.07014,0.07343,0.06981,0.06948,0.07080,-56.37313,3353.00000
0.65295,0.65032,0.64703,0.64605,0.64999,0.26715,0.26715,0.26518,0.26880,0.26880,0.07080,0.07343,0.06882,0.06948,0.07376,-56.63139,3354.00000
0.65230,0.64901,0.65295,0.64736,0.65295,0.27011,0.26321,0.26452,0.26518,0.27044,0.07310,0.07244,0.06817,0.07047,0.06981,-56.63139,3355.00000
0.65624,0.64736,0.65624,0.65328,0.65460,0.27011,0.26880,0.26649,0.27110,0.26913,0.07211,0.06718,0.07211,0.07014,0.07080,-56.98757,3356.00000
0.65164,0.64802,0.65328,0.65295,0.65197,0.26880,0.26682,0.27044,0.27209,0.26386,0.07146,0.07146,0.06981,0.06948,0.07343,-56.98757,3357.00000
0.65098,0.64999,0.65394,0.64999,0.64966,0.26847,0.27077,0.26847,0.26748,0.27011,0.07146,0.07113,0.07343,0.07343,0.07178,-56.35267,3358.00000
0.64736,0.65098,0.64835,0.65328,0.64901,0.26945,0.26748,0.27044,0.26880,0.26715,0.07277,0.07014,0.07376,0.06882,0.07146,-56.35267,3359.00000
0.65164,0.64999,0.65230,0.65328,0.65197,0.26880,0.27274,0.26485,0.27044,0.27077,0.07409,0.07211,0.07080,0.07178,0.06817,-56.25495,3360.00000
0.65624,0.65690,0.65164,0.64736,0.65756,0.27209,0.26781,0.26419,0.26485,0.26715,0.07178,0.07113,0.07113,0.06948,0.07244,-56.25495,3361.00000
0.65460,0.65197,0.64703,0.65624,0.64999,0.27077,0.26978,0.26847,0.26945,0.27044,0.06850,0.06981,0.07146,0.07146,0.06915,-55.88382,3362.00000
0.64440,0.65361,0.65460,0.64440,0.65262,0.27044,0.26945,0.26386,0.26945,0.26945,0.07014,0.07409,0.07113,0.07343,0.06981,-55.88382,3363.00000
0.64670,0.65295,0.65460,0.65131,0.65197,0.27077,0.26880,0.27044,0.27011,0.26452,0.06817,0.07705,0.07277,0.06817,0.07178,-55.56886,3364.00000
0.64835,0.64901,0.64769,0.64835,0.64999,0.26781,0.26748,0.27011,0.26715,0.26353,0.07343,0.07277,0.07014,0.07178,0.07146,-55.56886,3365.00000
0.65394,0.65230,0.65230,0.64243,0.65164,0.26945,0.27077,0.26584,0.26452,0.26617,0.07376,0.06948,0.07014,0.06751,0.07178,-56.06080,3366.00000
0.65361,0.65131,0.65065,0.65328,0.65065,0.26781,0.27209,0.27176,0.26584,0.26880,0.06981,0.06981,0.07277,0.07146,0.07047,-56.06080,3367.00000
0.65591,0.64243,0.65361,0.65328,0.64802,0.26321,0.26649,0.26978,0.26419,0.27241,0.07211,0.07376,0.06817,0.07310,0.06948,-56.69251,3368.00000
0.65723,0.64966,0.64276,0.65197,0.65723,0.26945,0.26945,0.26584,0.26518,0.26814,0.07277,0.07113,0.07146,0.07474,0.06751,-56.69251,3369.00000
0.64638,0.64999,0.64999,0.65460,0.64934,0.27241,0.26617,0.26321,0.26551,0.26945,0.07442,0.07277,0.07409,0.07047,0.07146,-56.32965,3370.00000
0.64539,0.65394,0.65361,0.64638,0.64703,0.26715,0.27011,0.26551,0.26913,0.26715,0.06948,0.07244,0.07244,0.06948,0.07047,-56.32965,3371.00000
0.64638,0.64177,0.64802,0.65361,0.65394,0.26847,0.26518,0.26649,0.27176,0.26978,0.07178,0.07047,0.07146,0.07113,0.06784,-56.65115,3372.00000
0.64769,0.65164,0.65032,0.65230,0.65032,0.26452,0.27011,0.26781,0.27274,0.26781,0.07146,0.07409,0.06817,0.06948,0.07113,-56.65115,3373.00000
0.65131,0.65394,0.64638,0.65065,0.65065,0.26847,0.26518,0.26978,0.26814,0.26781,0.07113,0.07277,0.07146,0.07310,0.07113,-56.45302,3374.00000
0.65394,0.64736,0.64572,0.65098,0.65427,0.26945,0.26682,0.26781,0.26945,0.26649,0.07047,0.07014,0.06882,0.06981,0.07113,-56.45302,3375.00000
0.64638,0.65164,0.64901,0.64999,0.64868,0.26518,0.27044,0.27011,0.26913,0.26584,0.07047,0.06948,0.07376,0.07211,0.07474,-56.63227,3376.00000
0.65723,0.65131,0.64703,0.64473,0.64736,0.26551,0.27011,0.26781,0.26748,0.26748,0.07573,0.07178,0.07442,0.07047,0.06882,-56.63227,3377.00000
0.65361,0.65098,0.65065,0.65493,0.64506,0.26715,0.27143,0.27176,0.27209,0.26978,0.07113,0.07343,0.07244,0.07178,0.07014,-55.81125,3378.00000
0.66216,0.65032,0.64572,0.65723,0.65559,0.26945,0.26748,0.26978,0.27110,0.26781,0.07047,0.07442,0.07080,0.07343,0.06981,-55.81125,3379.00000
0.64736,0.65065,0.65756,0.65624,0.65361,0.27011,0.26978,0.26321,0.27044,0.26617,0.07014,0.07178,0.07014,0.07376,0.07343,-56.30406,3380.00000
0.65427,0.64572,0.65164,0.65262,0.64934,0.26814,0.27209,0.27011,0.26617,0.26880,0.06948,0.07376,0.07244,0.06554,0.07244,-56.30406,3381.00000
0.65262,0.64802,0.65065,0.65295,0.64934,0.26715,0.26682,0.27176,0.27011,0.27307,0.07244,0.07080,0.07738,0.06948,0.07080,-56.99725,3382.00000
0.65690,0.64966,0.65164,0.65328,0.64703,0.26978,0.27307,0.27406,0.27340,0.26880,0.06850,0.07047,0.07146,0.07047,0.07507,-56.99725,3383.00000
0.64703,0.65164,0.65328,0.65328,0.65361,0.26847,0.26945,0.27044,0.27472,0.26682,0.07014,0.07113,0.07014,0.06981,0.07277,-55.65927,3384.00000
0.65065,0.65164,0.65855,0.65131,0.65131,0.26814,0.27077,0.26913,0.27241,0.26814,0.07113,0.06850,0.06981,0.06915,0.07014,-55.65927,3385.00000
0.65032,0.65098,0.65131,0.64769,0.65460,0.26814,0.27077,0.26551,0.26880,0.26814,0.06882,0.07244,0.07343,0.06751,0.07178,-56.27690,3386.00000
0.65131,0.65493,0.64868,0.65526,0.65197,0.26945,0.26978,0.26617,0.26518,0.26649,0.06882,0.07376,0.07639,0.07442,0.07310,-56.27690,3387.00000
0.65295,0.64374,0.65032,0.64901,0.65230,0.26814,0.27209,0.26189,0.26781,0.27077,0.06850,0.07277,0.07178,0.07672,0.07277,-56.30740,3388.00000
0.65230,0.64736,0.64835,0.65394,0.65493,0.27077,0.26715,0.26682,0.26748,0.26518,0.07113,0.07146,0.07113,0.07178,0.07343,-56.30740,3389.00000
0.65197,0.64999,0.65098,0.65460,0.65361,0.26682,0.26518,0.26945,0.26978,0.27011,0.06817,0.07211,0.06915,0.07343,0.07442,-55.87831,3390.00000
0.65526,0.64868,0.65690,0.65262,0.65427,0.26748,0.26649,0.27077,0.26945,0.26584,0.06981,0.06915,0.07178,0.07113,0.07277,-55.87831,3391.00000
0.65624,0.64802,0.65394,0.65131,0.65230,0.27110,0.26880,0.26880,0.26880,0.27373,0.07047,0.07047,0.07014,0.07244,0.06948,-56.15449,3392.00000
0.64670,0.66216,0.64999,0.65624,0.64934,0.26748,0.26781,0.26945,0.26945,0.27209,0.07113,0.07244,0.07080,0.07080,0.06751,-56.15449,3393.00000
0.65295,0.64934,0.65197,0.65032,0.64605,0.27044,0.27044,0.26880,0.27143,0.26978,0.07244,0.07277,0.07080,0.06850,0.07178,-56.19248,3394.00000
0.64835,0.65065,0.65460,0.65822,0.65065,0.26847,0.26649,0.26945,0.26485,0.27077,0.07376,0.06850,0.07047,0.06850,0.07573,-56.19248,3395.00000
0.65295,0.65098,0.65559,0.65328,0.65065,0.26913,0.27077,0.27110,0.26913,0.26551,0.07047,0.07014,0.07244,0.07047,0.06850,-55.64995,3396.00000
0.65559,0.65328,0.65131,0.65460,0.65855,0.26913,0.27044,0.26978,0.26945,0.27011,0.07310,0.07047,0.07047,0.06718,0.06981,-55.64995,3397.00000
0.65262,0.65361,0.65361,0.65559,0.64934,0.26715,0.26781,0.27209,0.26847,0.27241,0.07277,0.07080,0.06784,0.07113,0.06652,-55.92800,3398.00000
0.65493,0.65262,0.65032,0.65460,0.65789,0.26485,0.26715,0.26945,0.27077,0.27209,0.07343,0.07442,0.07047,0.07146,0.07146,-55.92800,3399.00000
0.65493,0.65065,0.65164,0.65328,0.65032,0.27505,0.26978,0.26682,0.26847,0.26649,0.06981,0.07014,0.06882,0.07244,0.07113,-55.90345,3400.00000
0.64966,0.65624,0.64835,0.65526,0.65164,0.27274,0.26978,0.26880,0.26353,0.27011,0.07343,0.07178,0.06882,0.06948,0.07014,-55.90345,3401.00000
0.64999,0.64802,0.64966,0.64802,0.65164,0.26945,0.27011,0.26452,0.27176,0.26945,0.07507,0.07639,0.07211,0.07047,0.07244,-55.48591,3402.00000
0.65065,0.64999,0.65361,0.65657,0.65131,0.27011,0.27011,0.27044,0.26715,0.27274,0.07047,0.07146,0.07080,0.07178,0.07014,-55.48591,3403.00000
0.65591,0.64703,0.64901,0.65493,0.64901,0.27110,0.26781,0.27110,0.27307,0.26847,0.07080,0.07211,0.07113,0.07178,0.07080,-55.61161,3404.00000
0.65131,0.64934,0.64374,0.64835,0.65295,0.27176,0.26978,0.26682,0.26814,0.26649,0.07113,0.07343,0.06882,0.07014,0.07113,-55.61161,3405.00000
0.64835,0.65427,0.65262,0.65197,0.65427,0.26814,0.26781,0.27176,0.26978,0.26847,0.07146,0.07146,0.06882,0.07047,0.06981,-56.38002,3406.00000
0.64769,0.65361,0.65164,0.65098,0.65295,0.26518,0.26880,0.26847,0.26156,0.27044,0.06981,0.07244,0.06784,0.07113,0.07047,-56.38002,3407.00000
0.65131,0.65065,0.65131,0.65164,0.65361,0.27241,0.26913,0.26913,0.26913,0.26584,0.07113,0.07014,0.06948,0.07244,0.07014,-56.56403,3408.00000
0.65131,0.64703,0.64868,0.65230,0.64999,0.26814,0.26945,0.27143,0.26880,0.27143,0.07047,0.06948,0.07211,0.07178,0.07376,-56.56403,3409.00000
0.65131,0.64966,0.64966,0.64999,0.65197,0.26945,0.26814,0.27077,0.27011,0.26978,0.07343,0.07047,0.07014,0.07014,0.06981,-55.96268,3410.00000
0.64440,0.65065,0.64506,0.65098,0.64934,0.26781,0.27044,0.26880,0.26485,0.26913,0.07442,0.07047,0.07047,0.06948,0.07146,-55.96268,3411.00000
0.64835,0.65328,0.65394,0.64835,0.65394,0.27143,0.27077,0.26913,0.26551,0.26978,0.06685,0.06915,0.07113,0.07277,0.07606,-55.90370,3412.00000
0.65098,0.64605,0.65427,0.64901,0.64638,0.26419,0.27044,0.26518,0.26814,0.27209,0.06751,0.07014,0.07014,0.07474,0.07343,-55.90370,3413.00000
0.65164,0.64309,0.65328,0.65230,0.64999,0.26748,0.27077,0.26847,0.26584,0.26485,0.06817,0.07442,0.07178,0.07310,0.07047,-55.71064,3414.00000
0.64934,0.65230,0.64999,0.64736,0.65394,0.26847,0.26880,0.26584,0.27537,0.26748,0.07014,0.06850,0.07014,0.07146,0.07277,-55.71064,3415.00000
0.64999,0.64999,0.65427,0.65328,0.65591,0.27505,0.26814,0.26649,0.27011,0.26485,0.06981,0.07211,0.07014,0.07047,0.07343,-55.73618,3416.00000
0.64835,0.64572,0.65098,0.64309,0.64703,0.26814,0.26452,0.26847,0.26814,0.26781,0.06850,0.06850,0.07244,0.06751,0.07113,-55.73618,3417.00000
0.65098,0.65295,0.64473,0.65065,0.64802,0.26781,0.26518,0.26518,0.26321,0.26715,0.07014,0.06751,0.07310,0.06948,0.06981,-56.44963,3418.00000
0.64342,0.64802,0.64539,0.64769,0.64901,0.26913,0.26814,0.27077,0.27044,0.26682,0.07211,0.06882,0.07113,0.07113,0.06981,-56.44963,3419.00000
0.64802,0.64934,0.64769,0.65032,0.64901,0.26485,0.26682,0.26814,0.26847,0.26551,0.07047,0.07244,0.07244,0.07113,0.07014,-56.50363,3420.00000
0.64506,0.64243,0.65065,0.63848,0.65295,0.26880,0.26781,0.26814,0.26748,0.26715,0.07409,0.07277,0.07113,0.07047,0.06981,-56.50363,3421.00000
0.64473,0.64802,0.64769,0.64276,0.64703,0.26913,0.26880,0.26880,0.26781,0.26485,0.07047,0.07310,0.07474,0.06948,0.07211,-56.03990,3422.00000
0.64572,0.64572,0.65230,0.64736,0.64670,0.26288,0.26781,0.26847,0.26617,0.27143,0.07211,0.06850,0.06948,0.07244,0.07211,-56.03990,3423.00000
0.64966,0.64934,0.65230,0.64440,0.64539,0.27077,0.26189,0.27110,0.26814,0.26321,0.07113,0.07244,0.07211,0.06915,0.07244,-56.85052,3424.00000
0.64670,0.64868,0.65197,0.64078,0.65032,0.26617,0.26814,0.26781,0.26715,0.26978,0.07409,0.07310,0.07343,0.07047,0.07343,-56.85052,3425.00000
0.64934,0.64966,0.64473,0.64802,0.64342,0.26781,0.26222,0.26814,0.26978,0.26781,0.07343,0.07047,0.07310,0.06882,0.06751,-56.63571,3426.00000
0.64539,0.64539,0.64966,0.64670,0.64670,0.26551,0.26781,0.26814,0.27307,0.26715,0.06882,0.06751,0.06981,0.07277,0.07310,-56.63571,3427.00000
0.64374,0.64868,0.64934,0.64868,0.64934,0.26715,0.26913,0.26814,0.26945,0.27044,0.07080,0.07211,0.07376,0.07244,0.06948,-56.03026,3428.00000
0.64506,0.64605,0.65098,0.64638,0.64966,0.27209,0.26682,0.26419,0.27209,0.26913,0.07113,0.07310,0.07277,0.06915,0.07047,-56.03026,3429.00000
0.65164,0.64670,0.64638,0.65559,0.65098,0.27241,0.27011,0.26715,0.26649,0.26945,0.07211,0.07047,0.06817,0.07146,0.07113,-56.04003,3430.00000
0.64572,0.64473,0.64999,0.64670,0.65394,0.26814,0.26847,0.26649,0.27176,0.26682,0.07211,0.07244,0.07113,0.07080,0.07639,-56.04003,3431.00000
0.65262,0.64736,0.65624,0.65230,0.65098,0.26781,0.26617,0.27176,0.26945,0.27044,0.07376,0.07014,0.07409,0.06915,0.06981,-56.13281,3432.00000
0.65230,0.65230,0.65361,0.64243,0.65624,0.26551,0.26880,0.26649,0.26682,0.26913,0.07310,0.07113,0.07211,0.07277,0.07211,-56.13281,3433.00000
0.65065,0.65197,0.64473,0.64638,0.65164,0.26978,0.26945,0.26781,0.26617,0.27176,0.06882,0.07113,0.06850,0.07080,0.07178,-55.98633,3434.00000
0.65032,0.65526,0.64966,0.65164,0.64506,0.27143,0.27110,0.26781,0.26978,0.26880,0.07113,0.07474,0.07113,0.07442,0.06817,-55.98633,3435.00000
0.65394,0.65295,0.64407,0.65131,0.65098,0.26945,0.26945,0.26945,0.26781,0.26913,0.06882,0.07047,0.07113,0.07376,0.06948,-56.42334,3436.00000
0.64802,0.64802,0.64966,0.64868,0.64835,0.26781,0.26649,0.26452,0.26945,0.27011,0.07343,0.07146,0.07014,0.07277,0.07343,-56.42334,3437.00000
0.65361,0.64999,0.64670,0.64835,0.65230,0.26649,0.27307,0.26880,0.26682,0.26945,0.06948,0.06948,0.07376,0.07244,0.06751,-56.56372,3438.00000
0.64440,0.64276,0.64802,0.65328,0.64111,0.26715,0.27307,0.26781,0.26978,0.26682,0.07146,0.07376,0.07211,0.07146,0.06981,-56.56372,3439.00000
0.64999,0.64670,0.64539,0.64342,0.65262,0.27143,0.27044,0.26682,0.26847,0.26518,0.06981,0.07047,0.06882,0.07047,0.07277,-56.48987,3440.00000
0.64703,0.65230,0.65131,0.64901,0.64440,0.27011,0.27011,0.26880,0.27011,0.26682,0.07343,0.07047,0.06751,0.06521,0.06652,-56.48987,3441.00000
0.64572,0.65131,0.65197,0.64835,0.65295,0.26452,0.26715,0.27011,0.26386,0.26617,0.07080,0.07146,0.07409,0.06915,0.07047,-56.61896,3442.00000
0.64999,0.64539,0.65591,0.64835,0.65164,0.26649,0.26913,0.26321,0.27110,0.27110,0.07244,0.07178,0.07211,0.07376,0.07409,-56.61896,3443.00000
0.64736,0.64934,0.64374,0.64901,0.65098,0.26386,0.26880,0.26649,0.27110,0.26649,0.06882,0.07146,0.07409,0.07244,0.07047,-56.54678,3444.00000
0.65131,0.65526,0.65262,0.64440,0.64440,0.26682,0.26353,0.27274,0.26814,0.26781,0.06784,0.06948,0.06817,0.06915,0.06718,-56.54678,3445.00000
0.64966,0.65065,0.65197,0.65460,0.64539,0.26913,0.26880,0.26715,0.26781,0.26353,0.07211,0.07507,0.06751,0.07409,0.07080,-55.61714,3446.00000
0.64769,0.65460,0.65098,0.64868,0.64736,0.26847,0.26945,0.26913,0.26288,0.26551,0.07277,0.07244,0.07113,0.07244,0.07211,-55.61714,3447.00000
0.65065,0.64638,0.65131,0.64670,0.64342,0.26715,0.26485,0.27044,0.27110,0.26880,0.06981,0.07080,0.07442,0.06882,0.07178,-56.29246,3448.00000
0.65065,0.65295,0.65624,0.65460,0.64835,0.26715,0.27110,0.26847,0.27077,0.26649,0.07211,0.07113,0.07113,0.07474,0.06981,-56.29246,3449.00000
0.64440,0.65230,0.64868,0.65197,0.64999,0.26781,0.26880,0.27176,0.27373,0.26485,0.06718,0.07047,0.07343,0.06784,0.07113,-56.18822,3450.00000
0.64539,0.64835,0.64605,0.64769,0.65065,0.26715,0.27011,0.27077,0.26518,0.27011,0.07376,0.07310,0.07343,0.07507,0.07014,-56.18822,3451.00000
0.65098,0.64769,0.65295,0.65197,0.65131,0.27044,0.26945,0.26715,0.26518,0.27077,0.07211,0.07277,0.07573,0.06915,0.06948,-55.49645,3452.00000
0.64703,0.65164,0.64901,0.65164,0.65493,0.26748,0.26880,0.26617,0.26781,0.26781,0.07442,0.06981,0.07178,0.07113,0.07343,-55.49645,3453.00000
0.63947,0.64736,0.65230,0.65394,0.64374,0.27077,0.26682,0.26880,0.27241,0.27044,0.07014,0.07080,0.07244,0.07080,0.07113,-56.26385,3454.00000
0.64144,0.64835,0.64901,0.65427,0.65065,0.26649,0.26945,0.26649,0.26945,0.27439,0.07244,0.06981,0.07442,0.07310,0.07080,-56.26385,3455.00000
0.65361,0.64868,0.64572,0.64605,0.65197,0.26682,0.26485,0.26913,0.26814,0.27176,0.07310,0.07540,0.07507,0.07047,0.07146,-56.42782,3456.00000
0.65230,0.64966,0.65065,0.65723,0.65230,0.26781,0.26814,0.27077,0.27176,0.26485,0.07442,0.07113,0.06619,0.06817,0.07047,-56.42782,3457.00000
0.64966,0.64868,0.64736,0.64966,0.64835,0.26880,0.26715,0.27143,0.26551,0.26748,0.07113,0.07277,0.07277,0.07244,0.07211,-55.27446,3458.00000
0.64374,0.64276,0.65098,0.64276,0.65098,0.26551,0.26945,0.27011,0.26814,0.27307,0.06948,0.07146,0.06817,0.07244,0.06948,-55.27446,3459.00000
0.64769,0.64703,0.65131,0.64999,0.65164,0.26485,0.26781,0.26419,0.26814,0.27077,0.07178,0.07310,0.07474,0.06817,0.06948,-55.95998,3460.00000
0.64802,0.65164,0.65690,0.64802,0.64901,0.26255,0.27044,0.26649,0.26880,0.26649,0.07540,0.07573,0.06882,0.07211,0.06948,-55.95998,3461.00000
0.64736,0.65164,0.64966,0.64572,0.64901,0.27110,0.26880,0.26847,0.26682,0.26715,0.07146,0.07376,0.07507,0.07474,0.07178,-56.39552,3462.00000
0.64868,0.64835,0.64769,0.64638,0.64901,0.26485,0.26222,0.26814,0.26978,0.26880,0.07178,0.07244,0.06981,0.07146,0.07343,-56.39552,3463.00000
0.65164,0.65295,0.64605,0.64210,0.65065,0.26551,0.26682,0.27011,0.26978,0.26814,0.07409,0.06850,0.07146,0.07376,0.07211,-56.10303,3464.00000
0.65065,0.64605,0.64868,0.64572,0.65164,0.26715,0.26978,0.26715,0.26584,0.27307,0.07146,0.07672,0.07343,0.07409,0.07310,-56.10303,3465.00000
0.64703,0.64999,0.64802,0.64670,0.65032,0.26847,0.27209,0.26814,0.26386,0.27044,0.07080,0.06981,0.07277,0.07146,0.07178,-56.79175,3466.00000
0.65262,0.65493,0.65230,0.64835,0.64901,0.26419,0.26847,0.27011,0.26847,0.26584,0.07343,0.06915,0.06817,0.07244,0.07277,-56.79175,3467.00000
0.64572,0.65197,0.64868,0.65065,0.65065,0.27209,0.26913,0.26913,0.26945,0.27110,0.07014,0.07146,0.07113,0.07014,0.06981,-56.45984,3468.00000
0.65131,0.64670,0.65131,0.65197,0.64934,0.26978,0.26748,0.27209,0.26945,0.26978,0.06948,0.06981,0.07211,0.07540,0.07343,-56.45984,3469.00000
0.65065,0.65526,0.64670,0.64703,0.65262,0.26781,0.26814,0.26551,0.26978,0.27011,0.07277,0.07442,0.06817,0.06981,0.07409,-56.50873,3470.00000
0.65460,0.64835,0.65098,0.65295,0.64901,0.26649,0.26748,0.27011,0.26978,0.26419,0.07376,0.06751,0.07080,0.07244,0.06915,-56.50873,3471.00000
0.64999,0.64934,0.64934,0.65098,0.64769,0.26353,0.26419,0.26945,0.26353,0.26748,0.07376,0.06784,0.07113,0.07507,0.06817,-56.00583,3472.00000
0.64736,0.64605,0.65427,0.64605,0.64046,0.26945,0.26781,0.27077,0.26814,0.26814,0.07178,0.06784,0.07277,0.07113,0.07113,-56.00583,3473.00000
0.64966,0.64934,0.64934,0.65822,0.64966,0.26518,0.26748,0.26847,0.27110,0.26748,0.07178,0.07014,0.07113,0.07080,0.07113,-55.28563,3474.00000
0.64638,0.64473,0.64539,0.66019,0.64703,0.26649,0.26617,0.26321,0.26255,0.26452,0.07474,0.07442,0.07014,0.06948,0.07376,-55.28563,3475.00000
0.64901,0.65032,0.64934,0.65032,0.64638,0.26715,0.26880,0.26518,0.27044,0.27110,0.07507,0.07277,0.07277,0.07540,0.07244,-55.58227,3476.00000
0.64802,0.65262,0.64736,0.64572,0.64309,0.26880,0.26715,0.26945,0.26880,0.26419,0.07409,0.07573,0.07376,0.07178,0.07014,-55.58227,3477.00000
0.64210,0.64736,0.64835,0.64473,0.65262,0.26715,0.26847,0.27340,0.26814,0.26814,0.06915,0.07211,0.07540,0.07376,0.07277,-55.78430,3478.00000
0.64506,0.64638,0.64440,0.65098,0.64605,0.26649,0.26945,0.26945,0.26551,0.26880,0.07113,0.07080,0.07047,0.07343,0.06817,-55.78430,3479.00000
0.64703,0.64374,0.64670,0.65624,0.64309,0.26584,0.26748,0.27011,0.27176,0.26485,0.06981,0.07244,0.07080,0.07080,0.07047,-56.51031,3480.00000
0.64802,0.64769,0.64868,0.64670,0.64342,0.26518,0.27011,0.26847,0.27011,0.26649,0.07146,0.07442,0.07113,0.06981,0.07146,-56.51031,3481.00000
0.64638,0.64868,0.65065,0.64868,0.64605,0.26584,0.26945,0.26617,0.26945,0.26551,0.07376,0.07113,0.07277,0.07113,0.07014,-56.82205,3482.00000
0.64934,0.64703,0.64966,0.64999,0.65098,0.26682,0.26715,0.26847,0.26945,0.27044,0.07474,0.07540,0.06981,0.07178,0.06817,-56.82205,3483.00000
0.65065,0.65131,0.64572,0.64703,0.65164,0.27011,0.26649,0.26584,0.27110,0.27044,0.07146,0.07442,0.06915,0.07409,0.07113,-56.16249,3484.00000
0.65295,0.64769,0.64572,0.65460,0.65559,0.27209,0.27241,0.26814,0.26814,0.26945,0.07343,0.07310,0.07178,0.07211,0.06850,-56.16249,3485.00000
0.64703,0.64539,0.65559,0.64670,0.65230,0.26847,0.26518,0.26748,0.26353,0.26847,0.07047,0.07178,0.06784,0.07474,0.07211,-55.67158,3486.00000
0.64572,0.64966,0.64835,0.64868,0.64539,0.26847,0.27209,0.26880,0.27077,0.26386,0.07540,0.07244,0.07113,0.07146,0.07211,-55.67158,3487.00000
0.64572,0.65427,0.64934,0.65131,0.64835,0.26649,0.26649,0.26847,0.26847,0.26617,0.07146,0.07178,0.07080,0.07113,0.07113,-55.57749,3488.00000
0.65361,0.64901,0.65328,0.65098,0.65230,0.26978,0.26518,0.26781,0.26748,0.27406,0.07507,0.07178,0.07507,0.07211,0.07409,-55.57749,3489.00000
0.64868,0.64868,0.64835,0.64605,0.65460,0.26649,0.26649,0.26452,0.26913,0.26945,0.07474,0.07343,0.06554,0.07047,0.06850,-56.12126,3490.00000
0.64703,0.65230,0.65230,0.64473,0.64703,0.26945,0.26814,0.26682,0.26880,0.27406,0.07343,0.07014,0.07244,0.07211,0.07113,-56.12126,3491.00000
0.64177,0.65361,0.65657,0.65591,0.64506,0.27077,0.27241,0.26913,0.27209,0.26485,0.07113,0.07277,0.07474,0.07277,0.07211,-55.98544,3492.00000
0.64638,0.65164,0.65065,0.64868,0.65262,0.26978,0.26880,0.26518,0.27340,0.26814,0.07409,0.07178,0.07639,0.07146,0.07211,-55.98544,3493.00000
0.65164,0.65328,0.65164,0.64605,0.66019,0.27340,0.26880,0.26781,0.27110,0.26945,0.07540,0.07211,0.07113,0.06850,0.07277,-55.85893,3494.00000
0.64934,0.65065,0.65262,0.64605,0.65262,0.26682,0.26584,0.26715,0.26222,0.26847,0.07507,0.07146,0.06981,0.07080,0.07343,-55.85893,3495.00000
0.64605,0.65559,0.65131,0.65262,0.64999,0.26386,0.27110,0.26584,0.26945,0.27011,0.07047,0.06882,0.07211,0.07047,0.07146,-55.30984,3496.00000
0.64835,0.65460,0.65131,0.64802,0.64966,0.27011,0.26978,0.26715,0.26584,0.26485,0.07409,0.07244,0.07310,0.07146,0.07047,-55.30984,3497.00000
0.64703,0.65164,0.64703,0.64835,0.65295,0.26617,0.26847,0.26814,0.26649,0.26781,0.07080,0.06751,0.06948,0.06850,0.07376,-55.30873,3498.00000
0.64638,0.65624,0.64901,0.65690,0.64901,0.26584,0.26682,0.26617,0.26880,0.27110,0.07113,0.07376,0.07770,0.07277,0.07376,-55.30873,3499.00000
0.64440,0.65065,0.64473,0.65361,0.64999,0.26880,0.26419,0.26814,0.26781,0.27176,0.07113,0.06948,0.07376,0.07474,0.07277,-55.45710,3500.00000
0.65164,0.65032,0.65262,0.64999,0.64736,0.26419,0.27011,0.26913,0.26057,0.27044,0.07376,0.07343,0.07146,0.07211,0.07409,-55.45710,3501.00000
0.64999,0.65328,0.65197,0.64539,0.65427,0.27011,0.26781,0.27011,0.26617,0.26682,0.07014,0.07310,0.07277,0.07507,0.06915,-54.09818,3502.00000
0.64572,0.65197,0.65295,0.65295,0.64868,0.26386,0.27176,0.26321,0.26715,0.26847,0.07047,0.07409,0.07244,0.07211,0.07178,-54.09818,3503.00000
0.65460,0.65164,0.64999,0.64506,0.64309,0.26978,0.26617,0.27110,0.26189,0.26781,0.07343,0.07310,0.07178,0.07211,0.07540,-52.90602,3504.00000
0.65328,0.64802,0.65295,0.64539,0.65394,0.26978,0.26715,0.26814,0.26913,0.26715,0.07211,0.07113,0.07113,0.07376,0.07146,-52.90602,3505.00000
0.65328,0.64901,0.65230,0.65328,0.65131,0.27044,0.26649,0.26880,0.26814,0.26781,0.07211,0.07507,0.07113,0.07310,0.07178,-52.82508,3506.00000
0.65262,0.65460,0.65032,0.64506,0.64868,0.26584,0.26518,0.27307,0.26419,0.26715,0.07047,0.07146,0.07244,0.07376,0.07244,-52.82508,3507.00000
0.65295,0.65230,0.65065,0.64999,0.65098,0.26617,0.26518,0.27044,0.26649,0.26518,0.06915,0.06915,0.07277,0.07376,0.07211,-53.62690,3508.00000
0.64966,0.64473,0.65624,0.65098,0.64802,0.26847,0.26945,0.27274,0.27241,0.26913,0.07113,0.07178,0.07277,0.07343,0.07507,-53.62690,3509.00000
0.65328,0.64934,0.64966,0.65164,0.65197,0.26781,0.26814,0.26781,0.26781,0.26814,0.07343,0.07080,0.07178,0.07080,0.06915,-55.06296,3510.00000
0.64506,0.65526,0.64605,0.65230,0.64901,0.26485,0.26748,0.26715,0.26913,0.26419,0.07113,0.07639,0.06981,0.06915,0.07310,-55.06296,3511.00000
0.65427,0.65328,0.65098,0.65098,0.64835,0.27307,0.26814,0.26978,0.26485,0.26880,0.07310,0.07507,0.07343,0.07409,0.07178,-55.76146,3512.00000
0.65131,0.64835,0.64670,0.65460,0.65559,0.27110,0.27176,0.27209,0.26880,0.26913,0.07146,0.07244,0.07277,0.07211,0.07047,-55.76146,3513.00000
0.65065,0.64506,0.64868,0.65065,0.64835,0.26584,0.26945,0.26781,0.27209,0.27340,0.06882,0.07244,0.07277,0.07277,0.07047,-56.29137,3514.00000
0.65164,0.65789,0.64572,0.65262,0.64638,0.26847,0.26682,0.26452,0.26945,0.27011,0.07474,0.07277,0.07178,0.07178,0.06850,-56.29137,3515.00000
0.65262,0.64572,0.64736,0.65526,0.65164,0.26649,0.26715,0.27143,0.27011,0.27110,0.07080,0.07442,0.07178,0.06948,0.06981,-56.59051,3516.00000
0.64572,0.64572,0.64901,0.65361,0.64901,0.26748,0.26649,0.27176,0.26090,0.26847,0.06882,0.07244,0.07277,0.07376,0.07113,-56.59051,3517.00000
0.65164,0.64572,0.65394,0.65032,0.64638,0.26682,0.26847,0.26419,0.26978,0.26781,0.07442,0.06948,0.07080,0.06685,0.06850,-55.97104,3518.00000
0.64177,0.65295,0.65262,0.64605,0.64868,0.27044,0.27373,0.27077,0.26945,0.26715,0.06850,0.07474,0.06948,0.07146,0.07178,-55.97104,3519.00000
0.64703,0.64670,0.64934,0.65262,0.64999,0.26847,0.27011,0.27011,0.27110,0.26748,0.06619,0.07244,0.06981,0.06882,0.07310,-55.89079,3520.00000
0.64769,0.65394,0.64868,0.64572,0.64703,0.26715,0.26913,0.27044,0.27373,0.26748,0.07277,0.07310,0.06981,0.07343,0.07376,-55.89079,3521.00000
0.65164,0.65262,0.64835,0.65131,0.64934,0.26485,0.26649,0.26649,0.26682,0.26321,0.07014,0.07113,0.07343,0.07244,0.07178,-56.06551,3522.00000
0.65131,0.65164,0.64934,0.65460,0.65164,0.27011,0.26748,0.26781,0.26880,0.27274,0.06915,0.07738,0.07014,0.07014,0.07113,-56.06551,3523.00000
0.64934,0.65164,0.65262,0.65460,0.65328,0.26978,0.26880,0.27110,0.26584,0.26682,0.07244,0.07277,0.07277,0.07047,0.07244,-56.10160,3524.00000
0.65295,0.64835,0.65032,0.64539,0.65427,0.26649,0.26518,0.26781,0.26880,0.27110,0.07573,0.07178,0.07540,0.07146,0.07310,-56.10160,3525.00000
0.65164,0.65131,0.64506,0.65197,0.65295,0.26584,0.26748,0.26649,0.26945,0.26617,0.07178,0.06619,0.07474,0.07474,0.07277,-56.40285,3526.00000
0.64769,0.64966,0.65262,0.64802,0.64901,0.26321,0.27077,0.26452,0.26649,0.26880,0.07310,0.07211,0.07409,0.07310,0.07014,-56.40285,3527.00000
0.64736,0.64670,0.65065,0.64769,0.64966,0.27209,0.26386,0.26781,0.26945,0.26715,0.07409,0.07146,0.07211,0.07047,0.07244,-56.08961,3528.00000
0.64769,0.64966,0.64374,0.64605,0.64802,0.27077,0.26945,0.27077,0.26847,0.26847,0.07376,0.07409,0.07639,0.07113,0.07244,-56.08961,3529.00000
0.64901,0.64901,0.64769,0.65065,0.64539,0.26419,0.26913,0.26617,0.26945,0.27176,0.07244,0.07244,0.07277,0.07343,0.07277,-56.83143,3530.00000
0.64999,0.65493,0.64276,0.64934,0.64868,0.26814,0.26814,0.27011,0.26945,0.27011,0.07442,0.07178,0.07014,0.06915,0.07047,-56.83143,3531.00000
0.64736,0.64407,0.64999,0.64703,0.64605,0.26847,0.26781,0.26814,0.26682,0.26913,0.06915,0.07080,0.07409,0.06751,0.07277,-56.65546,3532.00000
0.64934,0.64868,0.65197,0.64868,0.64934,0.26814,0.27011,0.27110,0.26814,0.26715,0.06784,0.07277,0.06850,0.06882,0.07080,-56.65546,3533.00000
0.64407,0.64868,0.64934,0.65328,0.65295,0.26649,0.26584,0.27011,0.27044,0.27143,0.06619,0.07211,0.07146,0.07211,0.07606,-56.87265,3534.00000
0.65361,0.65032,0.64670,0.64966,0.64605,0.26715,0.26649,0.26419,0.26880,0.26419,0.07310,0.07343,0.07113,0.07244,0.06521,-56.87265,3535.00000
0.65295,0.64835,0.65131,0.64605,0.64868,0.26551,0.26682,0.26781,0.26649,0.26518,0.07343,0.07211,0.07047,0.07310,0.07409,-56.79570,3536.00000
0.64703,0.64638,0.64934,0.64802,0.65032,0.26584,0.26189,0.26222,0.26452,0.26781,0.07244,0.07277,0.06915,0.07047,0.07639,-56.79570,3537.00000
0.65197,0.65493,0.65230,0.64539,0.64736,0.26715,0.26649,0.27077,0.26584,0.26617,0.07376,0.07606,0.06981,0.06981,0.07113,-56.85732,3538.00000
0.65065,0.64966,0.64670,0.65065,0.64966,0.26584,0.26649,0.26814,0.27274,0.26814,0.07211,0.07310,0.07211,0.07409,0.07409,-56.85732,3539.00000
0.64736,0.64934,0.64638,0.64934,0.64769,0.26847,0.26518,0.26649,0.27143,0.26715,0.07474,0.07277,0.07573,0.07047,0.07573,-56.31929,3540.00000
0.64901,0.65131,0.64999,0.64572,0.65526,0.26781,0.26945,0.26452,0.26880,0.26649,0.07146,0.07409,0.06981,0.07014,0.07113,-56.31929,3541.00000
0.64407,0.65164,0.65065,0.64572,0.65164,0.26913,0.26781,0.26978,0.26419,0.26748,0.07376,0.07803,0.07146,0.07080,0.07277,-55.86228,3542.00000
0.64407,0.65591,0.65098,0.64901,0.65295,0.26847,0.26880,0.26945,0.26551,0.26814,0.06981,0.07244,0.07409,0.07244,0.07409,-55.86228,3543.00000
0.64934,0.64868,0.64934,0.64934,0.64901,0.26682,0.26814,0.27011,0.27143,0.26682,0.07277,0.07442,0.07343,0.07047,0.07178,-56.12450,3544.00000
0.65065,0.64736,0.65394,0.65295,0.64309,0.26649,0.26945,0.26978,0.26748,0.26847,0.07113,0.07310,0.07080,0.07113,0.07211,-56.12450,3545.00000
0.65032,0.64473,0.65559,0.64966,0.65394,0.26847,0.27011,0.26156,0.26945,0.27143,0.07606,0.07178,0.07639,0.07047,0.07146,-56.16528,3546.00000
0.65295,0.64605,0.65197,0.64999,0.64078,0.26584,0.26847,0.26913,0.26617,0.26682,0.07343,0.07573,0.07146,0.06981,0.07507,-56.16528,3547.00000
0.64966,0.65065,0.64342,0.65295,0.64835,0.26847,0.26748,0.26551,0.26649,0.26814,0.07244,0.07244,0.07343,0.07376,0.06981,-55.42639,3548.00000
0.65065,0.65493,0.64539,0.64802,0.65032,0.26847,0.26748,0.27209,0.26682,0.26485,0.07047,0.07178,0.07573,0.07178,0.06981,-55.42639,3549.00000
0.64572,0.64539,0.64802,0.65065,0.64934,0.26978,0.26551,0.26814,0.27011,0.26386,0.07376,0.07442,0.07277,0.07080,0.07178,-56.28253,3550.00000
0.65591,0.64703,0.65197,0.64835,0.64934,0.26748,0.26781,0.26584,0.27110,0.26584,0.07474,0.06850,0.07343,0.07014,0.07244,-56.28253,3551.00000
0.65098,0.65131,0.64868,0.64572,0.64901,0.27011,0.27307,0.26353,0.26682,0.26748,0.07244,0.07277,0.06948,0.07639,0.07080,-56.67154,3552.00000
0.64999,0.65427,0.65328,0.65559,0.64638,0.27274,0.27373,0.26781,0.26617,0.26847,0.07178,0.07507,0.07080,0.07080,0.07146,-56.67154,3553.00000
0.64276,0.64539,0.64868,0.64999,0.65295,0.27110,0.26814,0.26518,0.26945,0.26419,0.07474,0.07014,0.07639,0.07113,0.07343,-56.61702,3554.00000
0.64605,0.64736,0.64342,0.65164,0.64736,0.26551,0.27044,0.27011,0.26945,0.26649,0.07376,0.07146,0.07113,0.06948,0.07146,-56.61702,3555.00000
0.64473,0.64835,0.64999,0.64539,0.65230,0.26913,0.26814,0.27340,0.26880,0.26617,0.06948,0.07113,0.07178,0.07080,0.07113,-55.57169,3556.00000
0.64769,0.64868,0.65131,0.64901,0.65361,0.27176,0.27110,0.26913,0.27077,0.27011,0.07211,0.07211,0.07474,0.07211,0.07310,-55.57169,3557.00000
0.65756,0.65197,0.65328,0.64407,0.64243,0.26880,0.26518,0.26649,0.27241,0.27011,0.07376,0.07442,0.07409,0.06981,0.07014,-55.47383,3558.00000
0.65328,0.64276,0.65032,0.65098,0.64638,0.27110,0.26617,0.27077,0.26814,0.26945,0.07211,0.07080,0.07178,0.07014,0.07178,-55.47383,3559.00000
0.64835,0.65032,0.65427,0.65032,0.65394,0.26452,0.27011,0.26748,0.27077,0.26814,0.07211,0.07409,0.07146,0.07146,0.07211,-56.09629,3560.00000
0.65361,0.65262,0.64769,0.65131,0.64572,0.26715,0.26880,0.26781,0.26649,0.26748,0.07277,0.07343,0.07474,0.07474,0.07606,-56.09629,3561.00000
0.64473,0.64769,0.64934,0.64473,0.64638,0.26485,0.26945,0.27176,0.26814,0.27406,0.07409,0.07146,0.07343,0.07442,0.07080,-55.67754,3562.00000
0.64670,0.64835,0.65262,0.65328,0.65197,0.27077,0.26649,0.26880,0.26781,0.27044,0.07211,0.07211,0.06718,0.07277,0.07474,-55.67754,3563.00000
0.65230,0.65032,0.64605,0.65295,0.65328,0.27110,0.27735,0.26781,0.26682,0.26551,0.07277,0.07507,0.07211,0.06882,0.07178,-55.62930,3564.00000
0.64966,0.65065,0.64703,0.65131,0.65065,0.26617,0.26682,0.27176,0.26419,0.27110,0.07146,0.07047,0.07113,0.06981,0.07540,-55.62930,3565.00000
0.65361,0.64868,0.64868,0.65164,0.64868,0.27011,0.26781,0.27011,0.27011,0.27340,0.07146,0.07507,0.07442,0.07639,0.07343,-56.34004,3566.00000
0.65295,0.64473,0.65230,0.64835,0.64703,0.26617,0.26649,0.27077,0.26880,0.26321,0.07310,0.07409,0.07146,0.07146,0.06948,-56.34004,3567.00000
0.65295,0.65328,0.65361,0.64111,0.65427,0.26814,0.26353,0.26847,0.26682,0.26781,0.07146,0.07211,0.07738,0.07113,0.07244,-56.64170,3568.00000
0.64670,0.65230,0.64999,0.64572,0.64769,0.26649,0.26814,0.26288,0.26913,0.26452,0.07244,0.07376,0.07080,0.07178,0.06850,-56.64170,3569.00000
0.64835,0.65098,0.64835,0.65197,0.65262,0.26978,0.26584,0.27340,0.27044,0.26617,0.07146,0.07310,0.07672,0.07376,0.07639,-56.06743,3570.00000
0.64638,0.64868,0.64999,0.65230,0.65591,0.26781,0.26945,0.27307,0.26551,0.26781,0.07211,0.07705,0.07244,0.07080,0.07047,-56.06743,3571.00000
0.64046,0.64736,0.64736,0.65131,0.64835,0.26913,0.27044,0.26617,0.27011,0.26978,0.07113,0.07409,0.07343,0.07474,0.07113,-56.20266,3572.00000
0.64966,0.64934,0.64835,0.64835,0.64901,0.26682,0.26386,0.26485,0.26814,0.26978,0.07211,0.07146,0.07310,0.07376,0.06784,-56.20266,3573.00000
0.64243,0.64638,0.64901,0.64605,0.64177,0.26781,0.26584,0.27077,0.27340,0.27077,0.06915,0.07014,0.06619,0.07474,0.07836,-55.39137,3574.00000
0.64670,0.65098,0.64506,0.65098,0.64605,0.27274,0.27011,0.26682,0.26682,0.26814,0.07113,0.07047,0.07442,0.06850,0.06882,-55.39137,3575.00000
0.64407,0.65295,0.64868,0.64670,0.65559,0.27044,0.26978,0.26847,0.26682,0.26518,0.07244,0.07146,0.07442,0.07343,0.07080,-55.19568,3576.00000
0.64934,0.64440,0.65098,0.64999,0.64802,0.26485,0.26452,0.26814,0.26978,0.26748,0.07113,0.07277,0.07738,0.07409,0.07474,-55.19568,3577.00000
0.64901,0.65328,0.64572,0.64605,0.65526,0.26781,0.26978,0.26518,0.26880,0.27143,0.07310,0.07113,0.06948,0.07376,0.07310,-55.19062,3578.00000
0.64539,0.65098,0.64966,0.64736,0.64835,0.26847,0.26189,0.27077,0.26880,0.26748,0.06981,0.07376,0.07540,0.07014,0.06981,-55.19062,3579.00000
0.64703,0.64539,0.64999,0.65262,0.64572,0.26715,0.27110,0.27044,0.26978,0.26781,0.07080,0.07244,0.07474,0.07277,0.07113,-55.67392,3580.00000
0.65098,0.65295,0.65164,0.64539,0.64966,0.26913,0.26945,0.26781,0.26748,0.26913,0.07507,0.07047,0.07178,0.06882,0.07277,-55.67392,3581.00000
0.64638,0.65032,0.64703,0.65098,0.64901,0.26452,0.26781,0.26781,0.26945,0.26781,0.07244,0.06882,0.07178,0.06948,0.07146,-55.88384,3582.00000
0.64374,0.65328,0.64769,0.64868,0.64506,0.26748,0.26880,0.26715,0.26748,0.26485,0.07113,0.07080,0.07474,0.07178,0.07277,-55.88384,3583.00000
0.64638,0.65098,0.64901,0.65197,0.64802,0.27110,0.26847,0.27209,0.26781,0.26913,0.07178,0.07178,0.07014,0.07507,0.07014,-56.15237,3584.00000
0.65164,0.65460,0.64966,0.64835,0.64243,0.26682,0.26518,0.26682,0.26518,0.27011,0.07409,0.07080,0.06948,0.07376,0.07080,-56.15237,3585.00000
0.65756,0.64572,0.65591,0.65690,0.64868,0.26682,0.26419,0.26847,0.26649,0.26682,0.06784,0.07376,0.07343,0.07244,0.07211,-55.84474,3586.00000
0.65065,0.64901,0.65328,0.65262,0.64539,0.26880,0.26847,0.26584,0.26748,0.26748,0.07080,0.07178,0.07146,0.07310,0.06850,-55.84474,3587.00000
0.65394,0.65394,0.65361,0.64835,0.65657,0.27011,0.26485,0.27176,0.26945,0.26551,0.07474,0.07474,0.06915,0.07376,0.07310,-54.86085,3588.00000
0.64999,0.65065,0.64769,0.65394,0.65361,0.27077,0.27044,0.26781,0.27011,0.26715,0.06981,0.07211,0.07409,0.07014,0.07474,-54.86085,3589.00000
0.65131,0.64999,0.65197,0.65262,0.65394,0.26748,0.26748,0.26847,0.26978,0.27077,0.07540,0.07014,0.07442,0.07178,0.07507,-52.88208,3590.00000
0.65197,0.64638,0.65131,0.65756,0.65591,0.26880,0.26682,0.27241,0.26913,0.26748,0.07244,0.07047,0.07080,0.06981,0.07146,-52.88208,3591.00000
0.64999,0.65164,0.65591,0.64835,0.64999,0.27110,0.26978,0.26649,0.26452,0.27044,0.07442,0.07507,0.07146,0.07540,0.07277,-51.53626,3592.00000
0.65065,0.64835,0.65131,0.64769,0.64473,0.26880,0.26485,0.27077,0.26649,0.27373,0.07080,0.07244,0.07573,0.07507,0.06981,-51.53626,3593.00000
0.64703,0.65394,0.64901,0.65262,0.64539,0.26584,0.27044,0.26781,0.27143,0.26715,0.07014,0.07211,0.07573,0.07277,0.06915,-52.45026,3594.00000
0.65295,0.64802,0.65822,0.64901,0.64276,0.26518,0.26518,0.26748,0.26715,0.27011,0.07507,0.07442,0.07442,0.07902,0.07277,-52.45026,3595.00000
0.64835,0.64572,0.65328,0.64802,0.65361,0.26913,0.26715,0.26584,0.26584,0.27143,0.06751,0.07244,0.07146,0.07474,0.06652,-53.75198,3596.00000
0.65197,0.65032,0.65361,0.64506,0.64934,0.26518,0.26814,0.27110,0.26715,0.26353,0.07540,0.07211,0.07540,0.07343,0.07639,-53.75198,3597.00000
0.64210,0.64769,0.64999,0.64868,0.64572,0.27340,0.26748,0.26814,0.27011,0.26847,0.07113,0.07343,0.07573,0.07113,0.07442,-54.82277,3598.00000
0.65460,0.64802,0.65295,0.64966,0.64868,0.26649,0.26748,0.26452,0.26682,0.26617,0.07474,0.07178,0.07047,0.07244,0.06948,-54.82277,3599.00000
0.64901,0.65065,0.65065,0.65427,0.65131,0.26913,0.26945,0.27209,0.26945,0.26452,0.07277,0.07442,0.07639,0.07146,0.07047,-55.62916,3600.00000
0.64276,0.65295,0.65262,0.65131,0.64835,0.26748,0.27044,0.26419,0.26452,0.27044,0.07014,0.07343,0.07343,0.07244,0.07442,-55.62916,3601.00000
0.65624,0.64901,0.64934,0.65197,0.64539,0.26913,0.26551,0.26913,0.27011,0.26551,0.07442,0.07277,0.07310,0.07376,0.07277,-56.22522,3602.00000
0.64276,0.65065,0.64835,0.65164,0.64966,0.26847,0.26978,0.26814,0.26913,0.27176,0.07409,0.07178,0.07409,0.07442,0.07211,-56.22522,3603.00000
0.65723,0.64901,0.64802,0.64670,0.65591,0.26847,0.26617,0.26978,0.26978,0.26584,0.07442,0.07409,0.07146,0.07277,0.07409,-56.72833,3604.00000
0.65361,0.64572,0.65131,0.64572,0.65065,0.26386,0.26485,0.26814,0.26781,0.26485,0.07507,0.06981,0.07244,0.07277,0.07113,-56.72833,3605.00000
0.65427,0.65197,0.65098,0.64835,0.64144,0.26781,0.27143,0.26748,0.26748,0.27209,0.07277,0.07244,0.07047,0.06981,0.07540,-57.29239,3606.00000
0.64999,0.64966,0.65032,0.64934,0.64966,0.26682,0.27044,0.27143,0.26452,0.26781,0.07343,0.07080,0.07277,0.07474,0.07047,-57.29239,3607.00000
0.66151,0.65262,0.64835,0.64605,0.65131,0.26913,0.26715,0.26452,0.27110,0.27406,0.07442,0.07507,0.07244,0.07310,0.07178,-56.16817,3608.00000
0.64934,0.64473,0.65887,0.64999,0.65427,0.26913,0.26945,0.26847,0.26715,0.26978,0.07770,0.07211,0.07146,0.07113,0.07705,-56.16817,3609.00000
0.64736,0.64769,0.65526,0.65624,0.64605,0.26880,0.27011,0.26748,0.26617,0.26748,0.07474,0.07507,0.07244,0.07507,0.07606,-56.39463,3610.00000
0.65328,0.65295,0.65262,0.64868,0.64572,0.27241,0.26978,0.26419,0.27406,0.27044,0.07376,0.07277,0.07146,0.07540,0.07310,-56.39463,3611.00000
0.64999,0.64769,0.65164,0.64934,0.65230,0.26781,0.27143,0.27044,0.26781,0.26978,0.07376,0.07376,0.07244,0.07540,0.07343,-55.58501,3612.00000
0.65032,0.64670,0.65723,0.65164,0.65460,0.27241,0.26880,0.26584,0.26880,0.27044,0.07310,0.07277,0.07343,0.07442,0.07442,-55.58501,3613.00000
0.64473,0.64966,0.65065,0.65624,0.65032,0.26945,0.27143,0.26945,0.27110,0.26485,0.07672,0.07474,0.07442,0.07343,0.07409,-55.62210,3614.00000
0.65559,0.65427,0.65197,0.64638,0.64703,0.26880,0.26880,0.26847,0.26748,0.26978,0.07277,0.06784,0.07803,0.07738,0.07113,-55.62210,3615.00000
0.64638,0.64473,0.64572,0.65855,0.65197,0.26945,0.26945,0.26551,0.26945,0.27011,0.07146,0.06981,0.07540,0.07540,0.07672,-56.20704,3616.00000
0.64605,0.65427,0.64539,0.65855,0.64901,0.26847,0.26682,0.27209,0.27044,0.26814,0.07277,0.07540,0.07244,0.07343,0.07606,-56.20704,3617.00000
0.66183,0.65032,0.64966,0.65098,0.64999,0.27143,0.26880,0.26814,0.27077,0.27110,0.07442,0.07376,0.07310,0.07113,0.07343,-56.07471,3618.00000
0.65065,0.64736,0.65262,0.65493,0.64934,0.27110,0.26945,0.26847,0.27077,0.27011,0.07277,0.07540,0.07211,0.07376,0.07672,-56.07471,3619.00000
0.65328,0.65032,0.65624,0.65032,0.64670,0.26551,0.26353,0.27077,0.26386,0.26649,0.07474,0.07310,0.07573,0.07376,0.07211,-55.92066,3620.00000
0.65230,0.65427,0.65098,0.64835,0.64966,0.26945,0.26814,0.27110,0.26419,0.26945,0.07507,0.07080,0.07113,0.07277,0.07178,-55.92066,3621.00000
0.65361,0.65559,0.65295,0.65756,0.64901,0.27044,0.26847,0.26649,0.26814,0.27011,0.07540,0.07343,0.07376,0.07540,0.07244,-55.88513,3622.00000
0.64769,0.64736,0.65723,0.65262,0.65855,0.26649,0.26814,0.26781,0.26913,0.27143,0.07869,0.07442,0.07474,0.07113,0.07047,-55.88513,3623.00000
0.65164,0.65427,0.65460,0.65164,0.64802,0.26945,0.27340,0.26353,0.26518,0.26781,0.07277,0.07080,0.07146,0.07738,0.07343,-55.85516,3624.00000
0.65723,0.64934,0.64901,0.65394,0.64835,0.26682,0.26715,0.26945,0.26682,0.27143,0.07540,0.07639,0.07474,0.07376,0.07080,-55.85516,3625.00000
0.64736,0.65131,0.65394,0.64703,0.64934,0.26847,0.26945,0.27176,0.27143,0.27044,0.07244,0.07442,0.07672,0.07310,0.06882,-55.32993,3626.00000
0.65065,0.64703,0.64901,0.65230,0.64572,0.27143,0.26682,0.26584,0.27077,0.26781,0.07573,0.07738,0.07573,0.07606,0.07606,-55.32993,3627.00000
0.64966,0.65822,0.64440,0.64605,0.64868,0.27176,0.27044,0.27044,0.27077,0.26452,0.07178,0.07146,0.07178,0.07474,0.07573,-55.37492,3628.00000
0.65197,0.64407,0.64999,0.64802,0.64736,0.26617,0.26617,0.26814,0.26617,0.27143,0.07178,0.07211,0.07310,0.07442,0.07507,-55.37492,3629.00000
0.64539,0.64374,0.64769,0.65065,0.64177,0.26551,0.26978,0.26945,0.26847,0.26551,0.07507,0.07310,0.07376,0.07211,0.07474,-56.12008,3630.00000
0.64605,0.64703,0.65230,0.64934,0.64638,0.26880,0.26913,0.26518,0.26814,0.26781,0.07376,0.07409,0.07113,0.07902,0.07474,-56.12008,3631.00000
0.64572,0.65065,0.64736,0.64901,0.65197,0.27307,0.27011,0.26715,0.26584,0.27439,0.07178,0.07244,0.07178,0.07474,0.07244,-55.58934,3632.00000
0.64243,0.64374,0.64638,0.64835,0.64309,0.26913,0.26814,0.27077,0.26978,0.27044,0.07738,0.07146,0.07540,0.07507,0.07343,-55.58934,3633.00000
0.64934,0.64605,0.64276,0.64539,0.64407,0.26715,0.26353,0.26617,0.26682,0.26847,0.07409,0.07442,0.06915,0.07409,0.07705,-56.81566,3634.00000
0.64144,0.64999,0.64506,0.65098,0.64506,0.27209,0.27110,0.26715,0.26781,0.26617,0.07376,0.07014,0.07080,0.07573,0.07738,-56.81566,3635.00000
0.64309,0.64605,0.64736,0.64934,0.64966,0.27011,0.26847,0.27011,0.26649,0.27143,0.07211,0.07211,0.07178,0.07409,0.07211,-56.66711,3636.00000
0.64111,0.64703,0.64736,0.64934,0.65131,0.26880,0.26584,0.26748,0.26584,0.26781,0.07146,0.07080,0.07474,0.07409,0.07343,-56.66711,3637.00000
0.64835,0.65098,0.65230,0.64670,0.63980,0.26748,0.26715,0.27143,0.26386,0.26649,0.07244,0.07507,0.07672,0.06981,0.07442,-55.72613,3638.00000
0.64670,0.64802,0.64407,0.65065,0.64638,0.26847,0.26814,0.26617,0.26814,0.26913,0.07343,0.06685,0.07014,0.06981,0.07310,-55.72613,3639.00000
0.65131,0.64966,0.64605,0.64901,0.64572,0.26649,0.26781,0.26945,0.26748,0.27044,0.07474,0.07409,0.07080,0.06915,0.07310,-55.76834,3640.00000
0.65098,0.64901,0.64013,0.64243,0.64934,0.26847,0.27307,0.26584,0.26814,0.26551,0.07014,0.07310,0.07244,0.07343,0.07343,-55.76834,3641.00000
0.64506,0.64144,0.64210,0.64703,0.64440,0.26386,0.27176,0.26617,0.26715,0.26945,0.07376,0.07014,0.06882,0.07474,0.07376,-56.13856,3642.00000
0.65032,0.64506,0.65361,0.64670,0.65164,0.26715,0.26781,0.26880,0.26584,0.26485,0.07047,0.07376,0.06882,0.07606,0.06981,-56.13856,3643.00000
0.65295,0.64868,0.64901,0.65098,0.64835,0.26978,0.26781,0.26814,0.26485,0.27176,0.07409,0.07376,0.07442,0.07146,0.07310,-55.79145,3644.00000
0.64835,0.65427,0.65328,0.65295,0.64605,0.26419,0.26485,0.26551,0.26649,0.26682,0.07474,0.07277,0.07244,0.07376,0.07343,-55.79145,3645.00000
0.64934,0.65328,0.64210,0.64835,0.64802,0.26978,0.27044,0.27537,0.26649,0.26748,0.07606,0.07178,0.07409,0.07409,0.07376,-56.60910,3646.00000
0.64605,0.64835,0.65526,0.64901,0.64539,0.26551,0.27044,0.26814,0.26913,0.26781,0.07310,0.07080,0.07442,0.07573,0.07080,-56.60910,3647.00000
0.64868,0.65624,0.65460,0.65197,0.65394,0.26781,0.27176,0.26880,0.26682,0.26880,0.07343,0.07277,0.07606,0.07277,0.07211,-56.26842,3648.00000
0.65887,0.64605,0.64736,0.65098,0.65559,0.27044,0.26781,0.27011,0.27110,0.27044,0.07409,0.07409,0.07343,0.07146,0.07310,-56.26842,3649.00000
0.65197,0.64736,0.64769,0.65855,0.64736,0.26781,0.26617,0.26419,0.26584,0.27110,0.07211,0.07244,0.07080,0.07770,0.07244,-55.65130,3650.00000
0.64999,0.65559,0.64999,0.65328,0.65131,0.26682,0.27077,0.26847,0.26452,0.26485,0.07310,0.07310,0.07178,0.07244,0.07474,-55.65130,3651.00000
0.64835,0.64506,0.64999,0.65295,0.64605,0.26386,0.26518,0.26649,0.27110,0.27011,0.07409,0.07113,0.07310,0.07343,0.07507,-56.09225,3652.00000
0.64769,0.64638,0.65230,0.64769,0.65230,0.26814,0.26518,0.26913,0.27011,0.26682,0.07376,0.07113,0.07442,0.07343,0.07113,-56.09225,3653.00000
0.65098,0.64506,0.64835,0.64638,0.65460,0.26748,0.26518,0.26682,0.26715,0.26649,0.06915,0.07277,0.06948,0.07211,0.07277,-56.94993,3654.00000
0.64966,0.64440,0.64802,0.64999,0.65887,0.27011,0.26518,0.26781,0.26682,0.27044,0.06718,0.07376,0.07178,0.07277,0.07178,-56.94993,3655.00000
0.65295,0.64276,0.65460,0.65131,0.64638,0.26452,0.27439,0.26715,0.26880,0.26649,0.07146,0.07409,0.07738,0.07442,0.07146,-56.25329,3656.00000
0.64210,0.65394,0.64638,0.65065,0.65197,0.26781,0.27044,0.27176,0.26551,0.26880,0.07376,0.07113,0.07310,0.07442,0.07211,-56.25329,3657.00000
0.65361,0.64309,0.65065,0.64177,0.65197,0.27110,0.26715,0.26913,0.26847,0.26978,0.07244,0.07310,0.06784,0.07244,0.07113,-55.88543,3658.00000
0.64835,0.65262,0.65131,0.64572,0.65460,0.27110,0.26682,0.27274,0.26452,0.27143,0.07376,0.07474,0.07409,0.06915,0.07409,-55.88543,3659.00000
0.64835,0.64934,0.64539,0.64605,0.64934,0.26649,0.26551,0.26649,0.26978,0.26781,0.07409,0.07672,0.07573,0.07310,0.07178,-55.53549,3660.00000
0.65328,0.64999,0.64999,0.65493,0.65197,0.26880,0.26649,0.26452,0.26452,0.26715,0.07277,0.07409,0.07014,0.07178,0.07014,-55.53549,3661.00000
0.65328,0.64638,0.65394,0.64999,0.64966,0.27241,0.27472,0.26617,0.27143,0.26913,0.07277,0.07211,0.07474,0.07178,0.07244,-56.93767,3662.00000
0.64670,0.64440,0.64966,0.64835,0.64440,0.26682,0.26649,0.26880,0.26551,0.26617,0.07442,0.07507,0.07376,0.07244,0.06915,-56.93767,3663.00000
0.64374,0.64835,0.64473,0.64572,0.64934,0.26617,0.26814,0.27077,0.27077,0.27340,0.07211,0.07047,0.07606,0.07146,0.07540,-56.61581,3664.00000
0.64868,0.65164,0.64868,0.65361,0.64835,0.26814,0.26748,0.26682,0.26880,0.26419,0.07343,0.07409,0.07442,0.06948,0.07277,-56.61581,3665.00000
0.65032,0.64243,0.64802,0.65065,0.65230,0.26485,0.26781,0.26847,0.26814,0.26452,0.07442,0.06948,0.07146,0.07080,0.07343,-56.61845,3666.00000
0.64835,0.65328,0.64210,0.64670,0.64670,0.27406,0.26518,0.26551,0.27011,0.26978,0.07310,0.07540,0.06850,0.06948,0.07507,-56.61845,3667.00000
0.64605,0.65394,0.64802,0.64407,0.64736,0.26419,0.26353,0.26682,0.26649,0.26551,0.06981,0.07178,0.06981,0.07244,0.07178,-55.96792,3668.00000
0.64342,0.64539,0.64966,0.64703,0.64835,0.26715,0.27110,0.26649,0.26386,0.26518,0.07409,0.07442,0.07178,0.07244,0.06915,-55.96792,3669.00000
0.64802,0.64769,0.64835,0.64703,0.64473,0.26814,0.26353,0.26748,0.26386,0.26584,0.07409,0.07376,0.07376,0.07113,0.07178,-55.48396,3670.00000
0.65230,0.64539,0.64670,0.64835,0.64144,0.26847,0.26649,0.26617,0.26748,0.26649,0.07540,0.07442,0.07178,0.07540,0.07343,-55.48396,3671.00000
0.64473,0.64407,0.64374,0.64440,0.64243,0.26584,0.26748,0.27209,0.26617,0.26321,0.07507,0.07014,0.07310,0.07244,0.07376,-55.63505,3672.00000
0.64572,0.64572,0.65098,0.64374,0.64572,0.26551,0.26880,0.26715,0.27110,0.26551,0.07376,0.07277,0.07113,0.07507,0.07146,-55.63505,3673.00000
0.65131,0.64276,0.64473,0.64835,0.64769,0.26847,0.26880,0.26945,0.26715,0.26255,0.07409,0.07277,0.07606,0.07047,0.07178,-55.57143,3674.00000
0.64539,0.63782,0.64638,0.64539,0.64999,0.26255,0.26814,0.26649,0.26518,0.26518,0.07409,0.06981,0.06981,0.07507,0.06981,-55.57143,3675.00000
0.65164,0.64210,0.64342,0.64473,0.64243,0.26814,0.26781,0.26617,0.26913,0.26880,0.07343,0.07080,0.07080,0.07573,0.06981,-55.57624,3676.00000
0.64638,0.64638,0.64013,0.64407,0.65230,0.26452,0.26649,0.26419,0.26617,0.26682,0.07409,0.06981,0.07409,0.07146,0.07507,-55.57624,3677.00000
0.64605,0.64276,0.64407,0.63750,0.64769,0.26255,0.26748,0.26649,0.26748,0.26419,0.07310,0.07178,0.07343,0.07277,0.07310,-55.60306,3678.00000
0.64539,0.64046,0.64736,0.64835,0.64901,0.26945,0.26649,0.26913,0.26715,0.26682,0.07573,0.07343,0.07244,0.07376,0.07211,-55.60306,3679.00000
0.64473,0.63881,0.64901,0.65328,0.64736,0.26682,0.26814,0.26847,0.26748,0.26584,0.06981,0.06948,0.07244,0.07014,0.07540,-55.89968,3680.00000
0.64539,0.63881,0.64802,0.64802,0.64934,0.26518,0.26781,0.26617,0.26551,0.26189,0.07310,0.07277,0.07310,0.07540,0.07080,-55.89968,3681.00000
0.64736,0.64506,0.65032,0.64703,0.64736,0.26682,0.26518,0.26748,0.26682,0.26715,0.07277,0.07047,0.07146,0.07310,0.07211,-56.11146,3682.00000
0.64440,0.64506,0.64638,0.64999,0.64802,0.26189,0.26748,0.26288,0.26715,0.26222,0.07146,0.07376,0.07606,0.07474,0.07442,-56.11146,3683.00000
0.64539,0.64736,0.64638,0.64572,0.64769,0.26321,0.27176,0.26649,0.26814,0.26682,0.07540,0.07080,0.07113,0.07113,0.07080,-56.32966,3684.00000
0.64309,0.64703,0.64473,0.64572,0.64901,0.26452,0.26649,0.26781,0.26682,0.26090,0.07178,0.07507,0.07310,0.07639,0.07113,-56.32966,3685.00000
0.64013,0.64901,0.64473,0.64572,0.65098,0.26551,0.26617,0.26649,0.26353,0.26551,0.06981,0.07606,0.07442,0.07080,0.07639,-56.68778,3686.00000
0.64868,0.64473,0.65065,0.64440,0.64407,0.26715,0.26551,0.26978,0.26682,0.26682,0.07146,0.07474,0.07442,0.06915,0.06817,-56.68778,3687.00000
0.64638,0.64769,0.64276,0.63750,0.64210,0.26649,0.26649,0.26617,0.26945,0.26847,0.07146,0.07178,0.07409,0.07080,0.07178,-57.15981,3688.00000
0.64966,0.63980,0.64407,0.64539,0.64309,0.26617,0.26288,0.26551,0.26584,0.26649,0.07277,0.07277,0.07146,0.06718,0.07178,-57.15981,3689.00000
0.64342,0.64374,0.64276,0.64506,0.64802,0.26715,0.26551,0.26748,0.26748,0.26551,0.07146,0.06915,0.07146,0.07442,0.07178,-57.26643,3690.00000
0.64407,0.64605,0.64868,0.65460,0.64802,0.26452,0.26617,0.26715,0.26649,0.26682,0.07113,0.07310,0.07310,0.07047,0.07442,-57.26643,3691.00000
0.64309,0.64670,0.64638,0.64999,0.64670,0.26880,0.26682,0.26419,0.26682,0.26913,0.07606,0.07507,0.07080,0.07244,0.07113,-56.53360,3692.00000
0.64473,0.64144,0.64703,0.63914,0.64374,0.26847,0.26321,0.26156,0.26781,0.27011,0.07573,0.07409,0.07376,0.07211,0.06981,-56.53360,3693.00000
0.64374,0.65230,0.64177,0.64506,0.64638,0.27077,0.26255,0.26748,0.26649,0.26156,0.07310,0.07178,0.07146,0.07244,0.07474,-56.44063,3694.00000
0.63980,0.65065,0.64802,0.64835,0.64276,0.26781,0.26781,0.26551,0.27077,0.26452,0.07211,0.06817,0.07178,0.07376,0.07343,-56.44063,3695.00000
0.65098,0.64046,0.64374,0.64605,0.64638,0.26649,0.26551,0.26617,0.26386,0.26978,0.07376,0.06882,0.07244,0.07146,0.07474,-56.97276,3696.00000
0.64539,0.65032,0.64243,0.64769,0.64539,0.26781,0.26485,0.26485,0.26880,0.26617,0.07310,0.07409,0.07080,0.07080,0.07146,-56.97276,3697.00000
0.64868,0.64999,0.64309,0.64736,0.64835,0.26386,0.26551,0.26945,0.26748,0.26715,0.07705,0.07277,0.07047,0.07507,0.06948,-56.47466,3698.00000
0.64473,0.64506,0.64473,0.64966,0.64572,0.26913,0.26814,0.26551,0.25926,0.26781,0.07277,0.07277,0.07573,0.07244,0.07080,-56.47466,3699.00000
0.64046,0.64966,0.64802,0.64210,0.64473,0.27044,0.26682,0.26617,0.26847,0.26485,0.07474,0.07277,0.07014,0.06981,0.07540,-56.03762,3700.00000
0.65065,0.64703,0.64670,0.64703,0.64769,0.26847,0.26485,0.26847,0.26518,0.26584,0.07047,0.07178,0.07113,0.07178,0.07310,-56.03762,3701.00000
0.64868,0.64473,0.64473,0.64572,0.64966,0.26847,0.27143,0.26584,0.26748,0.26978,0.07343,0.07047,0.07244,0.07277,0.07409,-55.83131,3702.00000
0.64966,0.64769,0.64835,0.64374,0.65032,0.27307,0.26584,0.26945,0.26847,0.26748,0.07310,0.07343,0.07277,0.07211,0.07178,-55.83131,3703.00000
0.63914,0.64802,0.65295,0.64440,0.65624,0.25827,0.26649,0.26913,0.26847,0.26715,0.07343,0.07442,0.07540,0.07113,0.07376,-55.87464,3704.00000
0.64605,0.64506,0.64736,0.65032,0.64374,0.26913,0.26551,0.26945,0.26485,0.26978,0.07277,0.07343,0.07113,0.07442,0.07343,-55.87464,3705.00000
0.65032,0.64539,0.65065,0.65394,0.64440,0.26880,0.26978,0.27077,0.26880,0.26649,0.06981,0.07343,0.07573,0.07343,0.07442,-55.61554,3706.00000
0.65559,0.63914,0.64605,0.64802,0.64769,0.26485,0.26880,0.26682,0.27077,0.26419,0.07146,0.07442,0.07672,0.07474,0.07178,-55.61554,3707.00000
0.64769,0.65065,0.64703,0.65295,0.65098,0.26880,0.26913,0.26682,0.26748,0.26847,0.07310,0.06817,0.07080,0.07080,0.07244,-56.03043,3708.00000
0.65230,0.64539,0.64769,0.64934,0.64605,0.26880,0.26748,0.27044,0.27110,0.26617,0.07310,0.06850,0.07343,0.06981,0.07310,-56.03043,3709.00000
0.64934,0.64868,0.64506,0.64999,0.64736,0.26978,0.27044,0.27011,0.26715,0.26617,0.07244,0.07113,0.07080,0.07080,0.07310,-56.30867,3710.00000
0.64703,0.64966,0.64703,0.64999,0.64736,0.26978,0.26945,0.26485,0.26748,0.26518,0.07376,0.07409,0.07146,0.07080,0.07376,-56.30867,3711.00000
0.65230,0.64638,0.64999,0.64309,0.64703,0.26452,0.26649,0.26649,0.26814,0.26880,0.07836,0.07244,0.07244,0.07146,0.06981,-56.24760,3712.00000
0.65032,0.64999,0.64868,0.64111,0.64769,0.26518,0.26814,0.26551,0.26945,0.27176,0.07343,0.07047,0.07277,0.07343,0.07507,-56.24760,3713.00000
0.64440,0.65098,0.64605,0.64934,0.64473,0.26551,0.26682,0.27110,0.27274,0.26978,0.07211,0.07244,0.07244,0.07474,0.06915,-55.78981,3714.00000
0.65131,0.64934,0.64835,0.65164,0.64769,0.26847,0.26880,0.26781,0.26649,0.26617,0.07442,0.07277,0.07474,0.07014,0.07178,-55.78981,3715.00000
0.65131,0.64835,0.64736,0.65131,0.64769,0.26945,0.26913,0.26978,0.27176,0.27110,0.07376,0.07047,0.07376,0.07277,0.07113,-55.63661,3716.00000
0.65098,0.64966,0.65164,0.64835,0.64802,0.26222,0.26880,0.26682,0.26781,0.27176,0.07442,0.07277,0.07211,0.07047,0.07343,-55.63661,3717.00000
0.65098,0.64769,0.65262,0.65131,0.64966,0.26518,0.26584,0.27011,0.26682,0.27044,0.07409,0.07343,0.07047,0.07376,0.07376,-55.24750,3718.00000
0.64638,0.64670,0.65328,0.64999,0.64670,0.26452,0.26814,0.26584,0.26715,0.26518,0.07277,0.07343,0.07343,0.07178,0.07409,-55.24750,3719.00000
0.65460,0.64769,0.65131,0.64736,0.65526,0.26617,0.27011,0.26880,0.27077,0.26814,0.07409,0.07376,0.07474,0.07014,0.07277,-55.16281,3720.00000
0.64966,0.64407,0.65032,0.64670,0.64769,0.26715,0.26551,0.26353,0.26255,0.26386,0.07442,0.07474,0.07244,0.07376,0.07310,-55.16281,3721.00000
0.65065,0.65032,0.65427,0.64934,0.64868,0.26847,0.27209,0.26781,0.26847,0.27110,0.07244,0.07211,0.07540,0.06981,0.06882,-55.05943,3722.00000
0.65065,0.64440,0.64901,0.65328,0.64736,0.26617,0.26682,0.26913,0.26715,0.26682,0.07474,0.07310,0.07047,0.07113,0.07672,-55.05943,3723.00000
0.65460,0.64802,0.65493,0.64966,0.64506,0.26617,0.27176,0.26814,0.27110,0.26715,0.07146,0.06948,0.07442,0.07573,0.07573,-55.24700,3724.00000
0.64638,0.65295,0.64802,0.64539,0.64999,0.26978,0.26945,0.27077,0.26847,0.26551,0.07146,0.07080,0.07376,0.07507,0.07014,-55.24700,3725.00000
0.64309,0.65328,0.64802,0.64835,0.64539,0.27011,0.26715,0.26649,0.26847,0.26321,0.07080,0.07770,0.07211,0.07080,0.07146,-55.74118,3726.00000
0.64342,0.64835,0.65164,0.65065,0.65164,0.26353,0.26814,0.26847,0.26551,0.27044,0.07409,0.07244,0.07573,0.07343,0.06981,-55.74118,3727.00000
0.64046,0.64966,0.64605,0.64999,0.64736,0.26945,0.27110,0.26748,0.27011,0.27011,0.07178,0.07047,0.07178,0.07277,0.07178,-56.16893,3728.00000
0.64901,0.64440,0.64868,0.64901,0.64999,0.27044,0.26978,0.26649,0.26452,0.26781,0.07113,0.07738,0.07211,0.06948,0.07409,-56.16893,3729.00000
0.64934,0.64670,0.64539,0.64342,0.64605,0.26156,0.26288,0.26781,0.27603,0.26617,0.07540,0.07474,0.07343,0.07474,0.07442,-56.31200,3730.00000
0.64670,0.64901,0.64670,0.64703,0.65197,0.26386,0.26748,0.26584,0.26847,0.27044,0.07343,0.07244,0.07507,0.07047,0.07507,-56.31200,3731.00000
0.64342,0.64999,0.65262,0.64342,0.64769,0.26419,0.26682,0.26321,0.26518,0.26649,0.07244,0.07014,0.07639,0.06981,0.07178,-56.61547,3732.00000
0.64966,0.64835,0.65197,0.64999,0.64572,0.26518,0.26649,0.26321,0.26781,0.26945,0.07507,0.07244,0.07080,0.07376,0.07146,-56.61547,3733.00000
0.64572,0.64999,0.64144,0.64473,0.64835,0.27373,0.26978,0.26649,0.26715,0.27011,0.07442,0.07146,0.07376,0.07606,0.07442,-56.49133,3734.00000
0.65394,0.64374,0.64342,0.65065,0.64243,0.26551,0.26682,0.26617,0.27176,0.26551,0.07343,0.07442,0.07211,0.07606,0.07343,-56.49133,3735.00000
0.64111,0.65295,0.64736,0.64506,0.64473,0.26584,0.26880,0.26715,0.26814,0.27340,0.07573,0.07606,0.07310,0.07277,0.07146,-56.99567,3736.00000
0.64901,0.64506,0.64276,0.64736,0.64999,0.26978,0.26682,0.26913,0.27406,0.26584,0.07409,0.07507,0.07244,0.07310,0.07080,-56.99567,3737.00000
0.65032,0.64769,0.64342,0.64670,0.64966,0.26880,0.26715,0.26748,0.26156,0.26814,0.07507,0.07080,0.07409,0.07902,0.07540,-56.24197,3738.00000
0.64605,0.64901,0.65032,0.65032,0.64013,0.26386,0.26518,0.26814,0.26518,0.26814,0.07672,0.07442,0.07113,0.07705,0.07343,-56.24197,3739.00000
0.65328,0.64868,0.64506,0.64440,0.65164,0.26584,0.26584,0.26649,0.26551,0.26814,0.07014,0.07047,0.07047,0.07376,0.07902,-56.19228,3740.00000
0.64572,0.64539,0.65295,0.64802,0.65032,0.26584,0.26551,0.27110,0.26847,0.26945,0.07244,0.07310,0.07047,0.07178,0.07409,-56.19228,3741.00000
0.64703,0.64901,0.64506,0.64572,0.64966,0.26715,0.26649,0.26551,0.26781,0.26584,0.07211,0.07047,0.07409,0.07244,0.07540,-56.32368,3742.00000
0.64539,0.64374,0.64670,0.64638,0.64736,0.26814,0.26386,0.26847,0.27044,0.26156,0.07376,0.07474,0.07540,0.07442,0.07080,-56.32368,3743.00000
0.63815,0.64638,0.64243,0.64276,0.64670,0.26649,0.26649,0.27044,0.26452,0.26288,0.07573,0.06915,0.07113,0.07672,0.07442,-57.01926,3744.00000
0.64539,0.64670,0.64802,0.64506,0.64144,0.26452,0.26880,0.27077,0.26880,0.26386,0.07146,0.07277,0.07211,0.07442,0.07409,-57.01926,3745.00000
0.64473,0.64769,0.64440,0.64506,0.64703,0.26715,0.26353,0.26715,0.26386,0.26748,0.07474,0.07343,0.07409,0.07639,0.07178,-56.82506,3746.00000
0.64506,0.64473,0.65131,0.65131,0.63947,0.26518,0.26518,0.26288,0.26682,0.26814,0.07047,0.07080,0.07442,0.07211,0.07474,-56.82506,3747.00000
0.64276,0.64013,0.64177,0.64473,0.64901,0.26649,0.26814,0.26353,0.26551,0.26518,0.07474,0.07277,0.07507,0.07376,0.07474,-56.35442,3748.00000
0.64572,0.64078,0.64078,0.64177,0.64736,0.26189,0.26386,0.26452,0.26781,0.26452,0.07474,0.07310,0.07310,0.07409,0.07146,-56.35442,3749.00000
0.63881,0.65032,0.64342,0.64572,0.64572,0.26814,0.26485,0.26584,0.26485,0.26419,0.07376,0.07474,0.07244,0.07080,0.07310,-56.29489,3750.00000
0.64670,0.63848,0.64572,0.65098,0.64868,0.26452,0.26781,0.26452,0.26584,0.26518,0.07935,0.07277,0.07146,0.07672,0.06981,-56.29489,3751.00000
0.64901,0.64736,0.64999,0.64243,0.63684,0.26485,0.26682,0.26847,0.26781,0.26452,0.07474,0.07310,0.07409,0.07244,0.07540,-56.19676,3752.00000
0.64473,0.64901,0.64309,0.65131,0.64440,0.26978,0.26321,0.26551,0.26715,0.26551,0.07178,0.07244,0.07244,0.07014,0.07244,-56.19676,3753.00000
0.64539,0.64638,0.64638,0.64013,0.64769,0.26518,0.27274,0.26847,0.26551,0.26880,0.07277,0.07113,0.07014,0.07211,0.07442,-56.32592,3754.00000
0.64802,0.64144,0.64868,0.64309,0.64013,0.27011,0.26814,0.26551,0.26617,0.26584,0.07540,0.07178,0.06981,0.07146,0.07409,-56.32592,3755.00000
0.64605,0.64802,0.64638,0.65065,0.64572,0.26913,0.26781,0.26485,0.26386,0.26847,0.07080,0.07211,0.07211,0.07310,0.07146,-55.49206,3756.00000
0.64868,0.64539,0.64210,0.63980,0.65098,0.26189,0.26584,0.26518,0.26847,0.26814,0.07507,0.07376,0.07442,0.07277,0.06981,-55.49206,3757.00000
0.65032,0.64374,0.63750,0.64736,0.64835,0.27011,0.26649,0.26485,0.26222,0.26781,0.07376,0.07277,0.07047,0.07047,0.07409,-56.34710,3758.00000
0.64966,0.64572,0.64572,0.64243,0.64342,0.26419,0.26715,0.26288,0.26649,0.26748,0.07211,0.07343,0.07376,0.07474,0.06981,-56.34710,3759.00000
0.64901,0.64440,0.64473,0.63782,0.64506,0.26880,0.26551,0.26649,0.26584,0.26649,0.07343,0.07047,0.07474,0.07376,0.07474,-56.04709,3760.00000
0.64999,0.64736,0.64835,0.64868,0.65295,0.26715,0.26913,0.27011,0.26222,0.26518,0.07211,0.07409,0.07507,0.07244,0.07277,-56.04709,3761.00000
0.64868,0.64638,0.64144,0.64177,0.64835,0.26978,0.27110,0.26485,0.26682,0.26715,0.07409,0.07310,0.07474,0.07474,0.07573,-55.88975,3762.00000
0.64934,0.65065,0.64539,0.64309,0.64703,0.26518,0.26485,0.26353,0.26978,0.26814,0.07376,0.07047,0.07442,0.07343,0.07442,-55.88975,3763.00000
0.64309,0.64046,0.64802,0.64046,0.64868,0.26617,0.26485,0.26288,0.26386,0.26551,0.07211,0.07178,0.07047,0.07474,0.07409,-55.61089,3764.00000
0.64605,0.64736,0.64473,0.64473,0.64210,0.26649,0.26781,0.26255,0.26617,0.26715,0.07146,0.07310,0.07310,0.06948,0.07474,-55.61089,3765.00000
0.63848,0.64342,0.64078,0.63947,0.64309,0.26978,0.26649,0.26518,0.26945,0.26584,0.07376,0.07211,0.07244,0.07442,0.07474,-55.11502,3766.00000
0.64605,0.63848,0.64802,0.63881,0.63914,0.26978,0.26913,0.26222,0.26847,0.26617,0.07211,0.07047,0.07178,0.07047,0.07606,-55.11502,3767.00000
0.64638,0.64506,0.64046,0.65197,0.64210,0.26419,0.26584,0.26156,0.26748,0.26649,0.06882,0.07606,0.06981,0.07244,0.07244,-55.27235,3768.00000
0.64144,0.64342,0.64440,0.63980,0.64473,0.26682,0.26847,0.26584,0.26518,0.26617,0.07573,0.07606,0.07639,0.07310,0.07672,-55.27235,3769.00000
0.64440,0.64276,0.64046,0.64210,0.64374,0.26748,0.26386,0.26584,0.26617,0.26452,0.07113,0.07507,0.07277,0.07113,0.06981,-54.99213,3770.00000
0.64572,0.64111,0.64144,0.64374,0.64177,0.26551,0.26913,0.26518,0.26649,0.26090,0.07540,0.07343,0.07474,0.07310,0.07474,-54.99213,3771.00000
0.63782,0.64342,0.64835,0.64309,0.64407,0.26682,0.26386,0.26518,0.26551,0.26584,0.07113,0.07376,0.07178,0.07146,0.07310,-54.95700,3772.00000
0.64013,0.64078,0.64342,0.63980,0.65065,0.26814,0.26847,0.27176,0.26584,0.26913,0.07507,0.07409,0.07376,0.07277,0.07244,-54.95700,3773.00000
0.64539,0.64374,0.64572,0.64111,0.64111,0.26222,0.26748,0.26386,0.26748,0.26353,0.07474,0.07507,0.07211,0.07376,0.07047,-56.06737,3774.00000
0.64670,0.64506,0.64539,0.65032,0.64605,0.26748,0.26090,0.26551,0.26715,0.26584,0.07211,0.07146,0.07211,0.07146,0.07376,-56.06737,3775.00000
0.64111,0.64374,0.64276,0.64901,0.64572,0.26255,0.26485,0.26452,0.26748,0.26189,0.07738,0.07573,0.07573,0.07507,0.06981,-56.58105,3776.00000
0.64506,0.64078,0.64440,0.64177,0.64703,0.26288,0.26945,0.26814,0.26551,0.26617,0.07409,0.07409,0.07639,0.07639,0.07343,-56.58105,3777.00000
0.63947,0.63651,0.65262,0.64309,0.64177,0.26485,0.26551,0.26847,0.26485,0.26288,0.07836,0.07507,0.07409,0.07277,0.07507,-55.93457,3778.00000
0.64473,0.63914,0.63980,0.64506,0.64473,0.26419,0.27011,0.26551,0.26353,0.26189,0.07507,0.07047,0.07343,0.07178,0.07047,-55.93457,3779.00000
0.64276,0.63519,0.64506,0.64276,0.64769,0.26584,0.26090,0.26321,0.26353,0.26419,0.07540,0.07672,0.07080,0.07540,0.07244,-56.43896,3780.00000
0.63980,0.63782,0.63684,0.64670,0.64539,0.26617,0.26715,0.26025,0.27077,0.26847,0.07409,0.07277,0.07442,0.07376,0.07376,-56.43896,3781.00000
0.63947,0.64473,0.64013,0.64342,0.64243,0.26255,0.26518,0.26518,0.26452,0.26584,0.07113,0.07442,0.07113,0.07474,0.07211,-55.84888,3782.00000
0.64440,0.64210,0.64440,0.64638,0.64013,0.26781,0.26518,0.26847,0.26255,0.26715,0.07343,0.07573,0.07244,0.07639,0.07014,-55.84888,3783.00000
0.64046,0.64440,0.64374,0.63881,0.64572,0.26748,0.26485,0.26485,0.26649,0.26649,0.07540,0.07606,0.07244,0.07507,0.07474,-55.53918,3784.00000
0.64276,0.64046,0.64473,0.64144,0.64144,0.26189,0.26222,0.26353,0.26518,0.26748,0.07442,0.07277,0.07507,0.07474,0.07639,-55.53918,3785.00000
0.64177,0.64703,0.63947,0.63717,0.64670,0.26617,0.26913,0.26617,0.26452,0.26913,0.07507,0.07343,0.07442,0.07244,0.07277,-55.54547,3786.00000
0.64342,0.64539,0.64506,0.63881,0.64539,0.26025,0.26156,0.26353,0.26551,0.26386,0.07244,0.07507,0.06981,0.07343,0.07277,-55.54547,3787.00000
0.64670,0.64013,0.64374,0.63881,0.64309,0.26551,0.26518,0.26419,0.26452,0.26649,0.07080,0.07376,0.07343,0.07047,0.07343,-55.81473,3788.00000
0.64506,0.64013,0.64901,0.64572,0.64638,0.27143,0.27143,0.26452,0.26584,0.26189,0.07474,0.07442,0.07244,0.07540,0.07310,-55.81473,3789.00000
0.65065,0.64407,0.63717,0.65098,0.64638,0.26584,0.26913,0.26518,0.26485,0.26847,0.07540,0.07014,0.07146,0.06915,0.07507,-56.36684,3790.00000
0.64934,0.64506,0.64506,0.64638,0.64506,0.26913,0.26715,0.26584,0.26551,0.26978,0.07376,0.07113,0.07474,0.07310,0.07376,-56.36684,3791.00000
0.64835,0.63881,0.64539,0.64473,0.63914,0.26847,0.26321,0.26353,0.26715,0.26748,0.07080,0.07343,0.07540,0.07376,0.07310,-55.55402,3792.00000
0.64703,0.64703,0.64473,0.64374,0.64309,0.26485,0.26649,0.26781,0.26452,0.26321,0.07442,0.07540,0.07211,0.07047,0.07211,-55.55402,3793.00000
0.64177,0.65394,0.64769,0.64309,0.64342,0.27110,0.26814,0.26255,0.26419,0.26781,0.07606,0.07606,0.07409,0.07474,0.07474,-55.68961,3794.00000
0.64374,0.64177,0.64210,0.64670,0.64111,0.26682,0.26518,0.26551,0.26584,0.26353,0.07211,0.07277,0.07507,0.07310,0.07014,-55.68961,3795.00000
0.64670,0.64210,0.64177,0.64506,0.63782,0.26386,0.26748,0.26682,0.26584,0.25959,0.07277,0.07474,0.07705,0.07178,0.07211,-55.86971,3796.00000
0.64868,0.65328,0.64111,0.64309,0.64638,0.26748,0.26682,0.26880,0.26682,0.27340,0.06981,0.07442,0.07310,0.07211,0.07573,-55.86971,3797.00000
0.64769,0.64276,0.64078,0.64835,0.64835,0.26584,0.26288,0.26386,0.26584,0.26353,0.07146,0.07507,0.07442,0.07573,0.07507,-55.82548,3798.00000
0.63782,0.63980,0.64309,0.64342,0.64736,0.26945,0.26222,0.26386,0.26913,0.26485,0.07474,0.07573,0.07442,0.07310,0.07376,-55.82548,3799.00000
0.64309,0.64539,0.64309,0.64473,0.63881,0.26551,0.26353,0.26978,0.27044,0.26682,0.07146,0.07113,0.06915,0.07409,0.07442,-56.53090,3800.00000
0.64078,0.63618,0.64638,0.64046,0.64210,0.26518,0.26682,0.26584,0.26090,0.26222,0.07409,0.06981,0.07014,0.07738,0.07409,-56.53090,3801.00000
0.64144,0.64473,0.64144,0.63980,0.64572,0.26880,0.26781,0.26978,0.26189,0.26518,0.07540,0.07310,0.07343,0.07376,0.06948,-56.20490,3802.00000
0.64868,0.63881,0.64506,0.64309,0.64046,0.26353,0.26682,0.26090,0.26288,0.26715,0.07211,0.07310,0.07540,0.07442,0.07211,-56.20490,3803.00000
0.64670,0.63881,0.64342,0.64210,0.63947,0.26814,0.26419,0.26649,0.26321,0.26156,0.07178,0.07343,0.07146,0.07146,0.07244,-56.82316,3804.00000
0.64473,0.64177,0.65065,0.64276,0.64605,0.26584,0.26452,0.26189,0.26649,0.26748,0.07738,0.07244,0.07343,0.07277,0.07178,-56.82316,3805.00000
0.64407,0.64111,0.64769,0.64572,0.64638,0.26419,0.26715,0.26485,0.26584,0.26682,0.07540,0.07178,0.07442,0.07113,0.07639,-56.71480,3806.00000
0.64407,0.64605,0.63684,0.64210,0.63355,0.26649,0.26617,0.26584,0.26584,0.26057,0.06817,0.07080,0.07442,0.07573,0.07442,-56.71480,3807.00000
0.64144,0.64210,0.64703,0.63552,0.64638,0.26551,0.26255,0.26880,0.26978,0.27011,0.07113,0.07507,0.07606,0.07014,0.07080,-55.63523,3808.00000
0.64111,0.64539,0.64046,0.64802,0.64013,0.26419,0.26715,0.26584,0.26682,0.26485,0.07113,0.06882,0.07738,0.07310,0.07507,-55.63523,3809.00000
0.64440,0.64638,0.64111,0.64374,0.64802,0.26584,0.26847,0.27110,0.26485,0.26156,0.07113,0.07376,0.07310,0.07376,0.07409,-55.63012,3810.00000
0.64638,0.64506,0.64440,0.64934,0.64243,0.26748,0.26452,0.26551,0.26748,0.26748,0.07507,0.07113,0.07146,0.07277,0.07310,-55.63012,3811.00000
0.64703,0.65098,0.64736,0.64144,0.63848,0.26419,0.25860,0.25992,0.26518,0.26419,0.07343,0.07113,0.07014,0.07343,0.07540,-55.93029,3812.00000
0.64539,0.64572,0.64572,0.64210,0.64638,0.26649,0.26518,0.26649,0.26353,0.26847,0.07738,0.07540,0.07343,0.07474,0.07310,-55.93029,3813.00000
0.64342,0.64276,0.63881,0.64506,0.64342,0.26485,0.26814,0.26353,0.26518,0.26649,0.07409,0.07211,0.07409,0.07639,0.07047,-55.90216,3814.00000
0.63815,0.64934,0.64539,0.64506,0.63980,0.26715,0.26617,0.26880,0.26880,0.26419,0.07573,0.07146,0.07409,0.07047,0.07409,-55.90216,3815.00000
0.64309,0.64506,0.64802,0.64177,0.64046,0.26649,0.26518,0.26847,0.26814,0.27011,0.07310,0.07080,0.07277,0.07507,0.07178,-55.12637,3816.00000
0.64342,0.63782,0.64078,0.64440,0.64243,0.26748,0.26584,0.26551,0.26518,0.26649,0.07244,0.07178,0.07244,0.07211,0.07343,-55.12637,3817.00000
0.64934,0.64177,0.64309,0.64111,0.64210,0.26880,0.26321,0.26386,0.25992,0.26485,0.07014,0.07047,0.07442,0.07277,0.07014,-55.26338,3818.00000
0.64276,0.64605,0.64046,0.63914,0.64473,0.27011,0.26617,0.26715,0.26913,0.26945,0.07244,0.07014,0.07474,0.07474,0.07343,-55.26338,3819.00000
0.64177,0.64210,0.63881,0.64572,0.64177,0.26945,0.26288,0.26682,0.26255,0.26255,0.07770,0.06981,0.07113,0.07113,0.07211,-55.45884,3820.00000
0.64506,0.64999,0.63980,0.64111,0.64309,0.26386,0.26551,0.26715,0.26781,0.27077,0.07146,0.07244,0.07277,0.07343,0.07014,-55.45884,3821.00000
0.64539,0.64243,0.64539,0.64177,0.64440,0.26847,0.26682,0.26617,0.26255,0.26649,0.07178,0.07211,0.07080,0.07211,0.07244,-56.26946,3822.00000
0.64177,0.64111,0.64638,0.64111,0.64210,0.26617,0.26617,0.26518,0.26814,0.26551,0.07376,0.07277,0.07080,0.07178,0.07343,-56.26946,3823.00000
0.64572,0.64605,0.63947,0.63815,0.64638,0.26452,0.26321,0.26715,0.26353,0.26452,0.07606,0.07178,0.07244,0.07639,0.07178,-55.94723,3824.00000
0.64374,0.64473,0.64078,0.64407,0.64210,0.26847,0.26452,0.26715,0.26386,0.27011,0.07211,0.07409,0.07376,0.07146,0.07211,-55.94723,3825.00000
0.64046,0.64638,0.64046,0.64243,0.64210,0.26880,0.26255,0.27077,0.26189,0.26649,0.07409,0.07244,0.07277,0.07211,0.06817,-56.32322,3826.00000
0.63552,0.63782,0.64243,0.63947,0.64243,0.25893,0.26945,0.26452,0.26419,0.26715,0.07244,0.07639,0.07376,0.06817,0.07343,-56.32322,3827.00000
0.64144,0.63782,0.65328,0.64243,0.64440,0.25992,0.26847,0.26551,0.26485,0.26485,0.07244,0.07178,0.07474,0.07244,0.07442,-56.42577,3828.00000
0.64440,0.64802,0.64342,0.64440,0.63914,0.26518,0.26847,0.27209,0.26321,0.26222,0.06718,0.07244,0.07014,0.07113,0.06915,-56.42577,3829.00000
0.64177,0.64243,0.63750,0.64473,0.64078,0.26715,0.26255,0.26452,0.26880,0.26057,0.07277,0.07047,0.07047,0.07211,0.07409,-57.53173,3830.00000
0.63980,0.64013,0.63322,0.64999,0.64111,0.26288,0.26715,0.25959,0.26715,0.26222,0.07343,0.07211,0.07146,0.06784,0.07310,-57.53173,3831.00000
0.64144,0.64440,0.64605,0.64506,0.63947,0.26649,0.26090,0.26452,0.26090,0.26649,0.07376,0.06915,0.07146,0.07376,0.07343,-56.88843,3832.00000
0.64440,0.64177,0.64177,0.63815,0.64144,0.26321,0.26222,0.26452,0.26880,0.26518,0.07277,0.07146,0.07113,0.07146,0.07211,-56.88843,3833.00000
0.64177,0.64309,0.63947,0.63848,0.63782,0.26452,0.26353,0.25926,0.26255,0.26748,0.07277,0.07244,0.06981,0.07606,0.07343,-57.06238,3834.00000
0.63618,0.64078,0.64703,0.64243,0.63914,0.26880,0.26584,0.26090,0.26551,0.26419,0.07178,0.06981,0.07310,0.07244,0.06882,-57.06238,3835.00000
0.63256,0.64046,0.63223,0.63848,0.64144,0.26419,0.26419,0.26551,0.26485,0.26617,0.07277,0.06751,0.07113,0.07442,0.07113,-56.40472,3836.00000
0.64210,0.64144,0.64046,0.64374,0.63914,0.26288,0.26222,0.26649,0.26222,0.26814,0.07310,0.07409,0.06718,0.07080,0.07014,-56.40472,3837.00000
0.63914,0.63782,0.64078,0.64046,0.63947,0.26551,0.26353,0.26518,0.26222,0.26649,0.06882,0.07047,0.07113,0.07178,0.07211,-56.83517,3838.00000
0.63947,0.64473,0.63782,0.63388,0.63059,0.26715,0.26945,0.26288,0.26617,0.26518,0.07310,0.07014,0.07146,0.07113,0.07277,-56.83517,3839.00000
0.63914,0.64144,0.63815,0.64309,0.64078,0.26518,0.26419,0.25893,0.26617,0.26715,0.07113,0.07211,0.07178,0.07540,0.07639,-56.20567,3840.00000
0.63651,0.63750,0.64144,0.64309,0.63947,0.26551,0.26386,0.26584,0.26189,0.26518,0.07178,0.07047,0.07310,0.07211,0.07409,-56.20567,3841.00000
0.64506,0.63848,0.63355,0.64638,0.64243,0.26452,0.26452,0.26353,0.26321,0.26584,0.07442,0.07146,0.07442,0.07343,0.07343,-56.16924,3842.00000
0.64407,0.64473,0.63684,0.64111,0.64243,0.26288,0.26814,0.26485,0.26518,0.26255,0.07409,0.07146,0.07047,0.07113,0.06981,-56.16924,3843.00000
0.64374,0.64144,0.64078,0.63914,0.64243,0.26452,0.26814,0.26715,0.26649,0.26321,0.07178,0.06948,0.07080,0.07310,0.07178,-56.22183,3844.00000
0.63815,0.63618,0.64177,0.64177,0.64736,0.26189,0.26649,0.26781,0.26353,0.26452,0.07244,0.07310,0.07047,0.06850,0.07047,-56.22183,3845.00000
0.63519,0.64638,0.64144,0.64046,0.64013,0.26386,0.26715,0.26288,0.26682,0.26847,0.07178,0.06981,0.06718,0.07113,0.07014,-56.02595,3846.00000
0.63815,0.64046,0.63585,0.64210,0.64407,0.26715,0.26847,0.26419,0.26715,0.26518,0.07080,0.07573,0.07244,0.07573,0.06948,-56.02595,3847.00000
0.64243,0.63848,0.63289,0.64506,0.64572,0.26353,0.26255,0.26682,0.26485,0.26682,0.07376,0.07113,0.07573,0.07442,0.07047,-55.67899,3848.00000
0.64013,0.64309,0.64374,0.64605,0.63914,0.26847,0.26288,0.26518,0.26584,0.26748,0.07047,0.07310,0.07047,0.07442,0.07474,-55.67899,3849.00000
0.64210,0.64309,0.63618,0.63947,0.63914,0.27044,0.25992,0.26452,0.26847,0.26913,0.07376,0.07573,0.07869,0.06981,0.07277,-53.07875,3850.00000
0.64078,0.64144,0.64144,0.64177,0.64473,0.27143,0.26649,0.26485,0.26189,0.26321,0.07080,0.06882,0.07639,0.06882,0.07178,-53.07875,3851.00000
0.64539,0.64407,0.64243,0.64342,0.64177,0.26781,0.26551,0.26255,0.26847,0.26255,0.07474,0.07507,0.07113,0.07376,0.07343,-53.12629,3852.00000
0.64046,0.64276,0.64638,0.64835,0.64177,0.26189,0.26156,0.26222,0.26715,0.26551,0.07343,0.07540,0.06882,0.06817,0.07409,-53.12629,3853.00000
0.64605,0.64506,0.64473,0.64999,0.64374,0.26814,0.26222,0.26682,0.26321,0.26781,0.07080,0.07244,0.07474,0.06981,0.07606,-54.13639,3854.00000
0.64243,0.65756,0.64440,0.64177,0.64276,0.26584,0.26452,0.26913,0.26913,0.26419,0.07310,0.07211,0.07409,0.07080,0.07113,-54.13639,3855.00000
0.64670,0.64605,0.64769,0.64999,0.64276,0.26880,0.27077,0.26485,0.26353,0.26485,0.06981,0.07113,0.07409,0.06981,0.07376,-54.01399,3856.00000
0.64374,0.64374,0.64407,0.65164,0.64440,0.26880,0.26715,0.26617,0.27241,0.27044,0.07211,0.07113,0.07442,0.06685,0.07409,-54.01399,3857.00000
0.64374,0.64342,0.64703,0.64966,0.64868,0.26222,0.26649,0.26649,0.26123,0.26682,0.07442,0.07178,0.07376,0.06948,0.07146,-55.27116,3858.00000
0.64670,0.64309,0.64638,0.65131,0.64243,0.27143,0.26847,0.26847,0.26649,0.27011,0.07178,0.07310,0.07409,0.07639,0.07540,-55.27116,3859.00000
0.64901,0.64177,0.64440,0.64440,0.64572,0.26748,0.26880,0.26913,0.27110,0.26847,0.07474,0.06981,0.07113,0.07113,0.07672,-56.41976,3860.00000
0.64736,0.64506,0.64835,0.64835,0.64703,0.26978,0.27176,0.26485,0.26847,0.26945,0.07113,0.07540,0.07343,0.07146,0.07376,-56.41976,3861.00000
0.65394,0.64440,0.64736,0.64210,0.64342,0.27044,0.26847,0.26551,0.26584,0.26584,0.07474,0.07672,0.07409,0.07113,0.07474,-56.41056,3862.00000
0.63684,0.64769,0.65427,0.64703,0.63914,0.27011,0.26386,0.26945,0.26584,0.26880,0.07376,0.07343,0.07080,0.07573,0.07113,-56.41056,3863.00000
0.64342,0.64802,0.64177,0.63914,0.64440,0.26715,0.26781,0.27143,0.26452,0.26419,0.07376,0.07113,0.06882,0.07277,0.07573,-56.03731,3864.00000
0.64999,0.64342,0.64736,0.64703,0.65098,0.26880,0.26847,0.26617,0.26945,0.26617,0.07540,0.07080,0.07178,0.07573,0.07343,-56.03731,3865.00000
0.64374,0.64802,0.64243,0.64605,0.64835,0.26847,0.26617,0.26814,0.26321,0.26913,0.07310,0.07507,0.07738,0.07376,0.07540,-55.98741,3866.00000
0.64276,0.64934,0.64342,0.64966,0.63651,0.26781,0.27011,0.26781,0.27209,0.26551,0.07211,0.07277,0.07442,0.07606,0.06619,-55.98741,3867.00000
0.64144,0.64309,0.64901,0.64703,0.64539,0.26584,0.26485,0.26551,0.26781,0.26551,0.07474,0.07178,0.07178,0.07244,0.07573,-56.37505,3868.00000
0.64309,0.64572,0.64572,0.64572,0.65361,0.26551,0.26518,0.26617,0.26419,0.26288,0.07409,0.07738,0.07705,0.07080,0.07277,-56.37505,3869.00000
0.64736,0.64013,0.64177,0.64670,0.64638,0.26617,0.26682,0.27241,0.26025,0.26649,0.07244,0.07244,0.07409,0.07277,0.07277,-55.95364,3870.00000
0.64638,0.63618,0.64473,0.64506,0.64342,0.26649,0.26945,0.26781,0.27143,0.26156,0.07540,0.07442,0.07277,0.07310,0.07310,-55.95364,3871.00000
0.65098,0.64342,0.63881,0.64374,0.64736,0.26189,0.26551,0.26518,0.26386,0.26386,0.06915,0.07178,0.07540,0.07277,0.07178,-56.18727,3872.00000
0.65230,0.64605,0.63651,0.64144,0.64638,0.26682,0.26649,0.26584,0.26485,0.26485,0.07409,0.07244,0.07474,0.07178,0.07211,-56.18727,3873.00000
0.64539,0.64210,0.64243,0.64374,0.64309,0.26518,0.26682,0.26551,0.26518,0.26189,0.07606,0.07310,0.07047,0.07409,0.07277,-56.06971,3874.00000
0.64177,0.64966,0.64276,0.64638,0.63980,0.26617,0.26222,0.26781,0.26518,0.26353,0.06981,0.06948,0.07211,0.07113,0.07178,-56.06971,3875.00000
0.64013,0.63914,0.64342,0.64638,0.64013,0.26222,0.26617,0.26814,0.26584,0.26682,0.07310,0.07409,0.07738,0.07080,0.07146,-56.50165,3876.00000
0.63848,0.64670,0.63947,0.64210,0.64769,0.26386,0.26419,0.26189,0.26485,0.26880,0.07442,0.07277,0.07178,0.07507,0.06915,-56.50165,3877.00000
0.64013,0.64342,0.64309,0.63684,0.63717,0.27011,0.27011,0.26156,0.26584,0.27044,0.07573,0.07507,0.07507,0.06948,0.07540,-56.14145,3878.00000
0.64374,0.63585,0.64342,0.64440,0.63782,0.26748,0.26222,0.26386,0.26321,0.26584,0.07376,0.07573,0.07540,0.07376,0.07310,-56.14145,3879.00000
0.64046,0.64440,0.64638,0.63750,0.63980,0.26288,0.26518,0.26551,0.26485,0.26945,0.07113,0.06948,0.07310,0.07376,0.07014,-55.70989,3880.00000
0.64572,0.64999,0.64539,0.63454,0.64013,0.26584,0.26485,0.26682,0.26485,0.26386,0.07343,0.06981,0.07146,0.07113,0.07146,-55.70989,3881.00000
0.64802,0.63717,0.64473,0.64177,0.64276,0.26419,0.26715,0.26847,0.26485,0.26485,0.07442,0.07178,0.07310,0.07409,0.07244,-55.81393,3882.00000
0.64210,0.64177,0.64407,0.64046,0.63914,0.26781,0.26255,0.26321,0.26617,0.26452,0.07770,0.07047,0.07146,0.07146,0.07474,-55.81393,3883.00000
0.63585,0.63782,0.64999,0.64276,0.63980,0.26715,0.26255,0.26452,0.26156,0.26419,0.07573,0.07376,0.07113,0.06948,0.07080,-56.34202,3884.00000
0.64572,0.65065,0.64111,0.63750,0.64539,0.25992,0.26715,0.26814,0.26682,0.26386,0.07442,0.07178,0.07310,0.07277,0.07178,-56.34202,3885.00000
0.64046,0.63980,0.64243,0.63881,0.63980,0.26814,0.26584,0.26353,0.26353,0.26386,0.07442,0.07146,0.07474,0.07277,0.07080,-56.91125,3886.00000
0.64605,0.64374,0.63782,0.64078,0.64144,0.26485,0.26551,0.26584,0.26518,0.26945,0.07047,0.07211,0.07047,0.07770,0.07409,-56.91125,3887.00000
0.64046,0.64276,0.64210,0.64276,0.63750,0.26419,0.26913,0.27011,0.26814,0.26978,0.07409,0.07146,0.07211,0.07376,0.07211,-56.88336,3888.00000
0.63881,0.64243,0.64177,0.63914,0.64736,0.26584,0.26617,0.26584,0.26189,0.26649,0.07310,0.07343,0.07211,0.07211,0.07146,-56.88336,3889.00000
0.64177,0.64539,0.64309,0.64407,0.64539,0.26353,0.26255,0.26452,0.26584,0.26123,0.07178,0.07146,0.07343,0.07113,0.06915,-56.62039,3890.00000
0.64506,0.64440,0.63815,0.64243,0.64605,0.26584,0.26551,0.26419,0.26485,0.26682,0.07146,0.07244,0.07310,0.07014,0.07014,-56.62039,3891.00000
0.64736,0.64473,0.63914,0.63618,0.64078,0.27110,0.26880,0.26321,0.26551,0.26748,0.07113,0.07376,0.07343,0.07277,0.07277,-56.72816,3892.00000
0.64572,0.64276,0.64111,0.64342,0.64243,0.26255,0.26551,0.26715,0.26353,0.26617,0.07409,0.07639,0.07442,0.07080,0.07146,-56.72816,3893.00000
0.64440,0.65164,0.64276,0.63815,0.64013,0.26649,0.26551,0.26847,0.26386,0.26156,0.07343,0.07507,0.07277,0.07442,0.07606,-56.70881,3894.00000
0.64144,0.64177,0.64342,0.63881,0.64506,0.26222,0.26485,0.26617,0.26353,0.27176,0.07244,0.06882,0.07474,0.07507,0.07277,-56.70881,3895.00000
0.64802,0.64144,0.64605,0.64046,0.64111,0.26353,0.26617,0.26321,0.27077,0.26551,0.07113,0.07705,0.07540,0.07442,0.07507,-56.53800,3896.00000
0.63947,0.64013,0.64638,0.64506,0.63750,0.26255,0.26649,0.26452,0.26518,0.26419,0.07310,0.07310,0.07113,0.07573,0.07080,-56.53800,3897.00000
0.63717,0.64046,0.64802,0.63947,0.64078,0.26386,0.26551,0.26485,0.26222,0.26386,0.07343,0.07442,0.07507,0.07178,0.07146,-55.76656,3898.00000
0.64605,0.65164,0.64144,0.64309,0.64638,0.26025,0.26880,0.26847,0.26452,0.26485,0.07672,0.07507,0.07047,0.07672,0.07146,-55.76656,3899.00000
0.64374,0.64013,0.64670,0.63717,0.64144,0.26452,0.26584,0.26518,0.26255,0.26255,0.07507,0.07146,0.07178,0.06981,0.07244,-56.42820,3900.00000
0.64276,0.63717,0.64539,0.64210,0.64440,0.26748,0.26386,0.27077,0.26682,0.26386,0.07442,0.07343,0.07178,0.07047,0.07277,-56.42820,3901.00000
0.64243,0.64572,0.65164,0.64868,0.64276,0.26222,0.26584,0.26386,0.26452,0.26617,0.07409,0.07178,0.07146,0.07343,0.07047,-56.37572,3902.00000
0.64078,0.63881,0.64276,0.64605,0.63848,0.26353,0.26485,0.26452,0.26748,0.26617,0.07507,0.07507,0.07310,0.07672,0.07178,-56.37572,3903.00000
0.64177,0.64276,0.64901,0.64210,0.63750,0.26814,0.26880,0.26189,0.26584,0.26321,0.07146,0.07178,0.07310,0.07113,0.07047,-55.49987,3904.00000
0.63947,0.63914,0.64342,0.64078,0.64703,0.26518,0.26518,0.26945,0.26715,0.26321,0.07211,0.07606,0.07409,0.06817,0.07244,-55.49987,3905.00000
0.64572,0.64703,0.64440,0.64440,0.64111,0.27044,0.26847,0.26649,0.26715,0.26386,0.07507,0.07409,0.07639,0.07178,0.07474,-55.86517,3906.00000
0.63684,0.64506,0.64506,0.63782,0.64506,0.26518,0.26617,0.26847,0.27011,0.26353,0.07277,0.07705,0.07376,0.07244,0.07409,-55.86517,3907.00000
0.64670,0.64144,0.64736,0.64309,0.64111,0.26715,0.26748,0.26386,0.26551,0.26551,0.07474,0.07113,0.06850,0.07178,0.07343,-55.97214,3908.00000
0.64111,0.64177,0.63980,0.64342,0.64078,0.26222,0.26913,0.27011,0.26551,0.26617,0.07080,0.07244,0.07113,0.07409,0.07277,-55.97214,3909.00000
0.64901,0.63651,0.64210,0.63947,0.64078,0.26880,0.26551,0.26485,0.26321,0.26189,0.07540,0.07113,0.07080,0.07080,0.07507,-55.68138,3910.00000
0.64670,0.64440,0.64473,0.64342,0.64539,0.26485,0.26847,0.26913,0.26419,0.26123,0.07113,0.07836,0.07409,0.07047,0.07376,-55.68138,3911.00000
0.64013,0.64407,0.64901,0.64111,0.64210,0.26551,0.26452,0.26649,0.26715,0.26123,0.07244,0.07442,0.07343,0.07178,0.07540,-55.16979,3912.00000
0.64999,0.64210,0.63914,0.64013,0.64440,0.26288,0.26353,0.26617,0.26682,0.26748,0.07047,0.07474,0.07672,0.07211,0.07146,-55.16979,3913.00000
0.64046,0.64309,0.64342,0.64046,0.64868,0.26649,0.26551,0.26617,0.26386,0.26913,0.07672,0.07606,0.07409,0.07047,0.07705,-55.30706,3914.00000
0.64111,0.64309,0.64276,0.64703,0.63980,0.26518,0.26452,0.26288,0.26584,0.26649,0.07310,0.07277,0.07277,0.07047,0.07442,-55.30706,3915.00000
0.65164,0.63914,0.64276,0.64835,0.63651,0.26715,0.26419,0.26386,0.26682,0.26617,0.07376,0.07277,0.07178,0.07047,0.07442,-55.84933,3916.00000
0.64506,0.64374,0.64638,0.64769,0.63881,0.26386,0.26978,0.26518,0.26386,0.26584,0.07277,0.07014,0.06981,0.07573,0.07146,-55.84933,3917.00000
0.64243,0.64407,0.64078,0.64243,0.63815,0.26913,0.26419,0.26551,0.26781,0.26419,0.07376,0.07343,0.07113,0.07409,0.07343,-56.33775,3918.00000
0.64407,0.63848,0.64177,0.64539,0.64013,0.26222,0.26913,0.26551,0.26353,0.26814,0.07639,0.07277,0.07573,0.07343,0.07409,-56.33775,3919.00000
0.64309,0.64144,0.63881,0.64999,0.64539,0.26123,0.26649,0.26419,0.26353,0.26715,0.07507,0.07573,0.06981,0.07606,0.07573,-55.95452,3920.00000
0.63684,0.64177,0.63486,0.64539,0.64539,0.26518,0.26847,0.27110,0.26682,0.26880,0.07573,0.07770,0.07211,0.07146,0.07573,-55.95452,3921.00000
0.64013,0.64374,0.64572,0.64309,0.63782,0.26419,0.26715,0.26617,0.26386,0.26452,0.07376,0.07474,0.07573,0.07277,0.07803,-56.33664,3922.00000
0.64374,0.64144,0.63914,0.64407,0.64506,0.26814,0.26518,0.26353,0.26288,0.26781,0.07080,0.07178,0.07277,0.07474,0.07672,-56.33664,3923.00000
0.63947,0.64210,0.64210,0.63947,0.64539,0.26649,0.26748,0.26518,0.26584,0.26551,0.07178,0.07343,0.07277,0.07310,0.07310,-55.63658,3924.00000
0.64276,0.63815,0.64342,0.64309,0.64572,0.26715,0.26452,0.26617,0.26518,0.27406,0.07705,0.07244,0.07277,0.07705,0.07244,-55.63658,3925.00000
0.64835,0.64342,0.64868,0.64572,0.64638,0.26321,0.27044,0.26386,0.26551,0.27011,0.07540,0.07310,0.07310,0.07442,0.07211,-55.96526,3926.00000
0.64605,0.63947,0.64407,0.64868,0.64572,0.26452,0.26945,0.26649,0.26222,0.26485,0.07474,0.07409,0.07507,0.07080,0.07047,-55.96526,3927.00000
0.63848,0.64309,0.64736,0.64407,0.64736,0.26551,0.26551,0.27406,0.26978,0.26649,0.07376,0.07803,0.07146,0.07244,0.07672,-55.71701,3928.00000
0.64736,0.64177,0.64670,0.64769,0.64868,0.26748,0.26617,0.26452,0.26222,0.26880,0.07080,0.07244,0.07507,0.07376,0.07211,-55.71701,3929.00000
0.64177,0.64802,0.65295,0.64670,0.64342,0.26945,0.26945,0.26715,0.26880,0.26715,0.07639,0.07474,0.07343,0.07409,0.07376,-56.02989,3930.00000
0.64638,0.64407,0.64407,0.64572,0.64769,0.26156,0.26485,0.26551,0.26551,0.26452,0.07277,0.07672,0.07705,0.07409,0.07343,-56.02989,3931.00000
0.64473,0.64276,0.64506,0.63980,0.64177,0.26913,0.26288,0.26386,0.26584,0.26551,0.07409,0.07211,0.07113,0.07113,0.07146,-56.00811,3932.00000
0.63914,0.63585,0.64078,0.64407,0.63947,0.26551,0.26682,0.26485,0.26682,0.26847,0.07211,0.07474,0.07442,0.07211,0.07573,-56.00811,3933.00000
0.64440,0.63848,0.64506,0.64013,0.64638,0.26945,0.26288,0.26485,0.26617,0.26781,0.07540,0.07507,0.07606,0.07211,0.07113,-55.34780,3934.00000
0.63848,0.64769,0.63914,0.63914,0.64078,0.26584,0.26386,0.27077,0.26255,0.26781,0.07770,0.07409,0.07146,0.07244,0.07146,-55.34780,3935.00000
0.63980,0.64605,0.63947,0.64835,0.63848,0.26748,0.26649,0.26682,0.26222,0.26090,0.07442,0.07376,0.07474,0.07178,0.06784,-54.52449,3936.00000
0.64243,0.64210,0.64506,0.64111,0.64111,0.26452,0.26057,0.26452,0.26649,0.26649,0.07672,0.07474,0.07310,0.07211,0.07211,-54.52449,3937.00000
0.64276,0.64309,0.64046,0.64013,0.64210,0.26781,0.26649,0.26189,0.26386,0.26485,0.07277,0.07573,0.07474,0.07113,0.07277,-52.85795,3938.00000
0.64144,0.64078,0.63651,0.63552,0.63947,0.26617,0.26880,0.26353,0.26518,0.26551,0.07277,0.07836,0.07146,0.07047,0.07409,-52.85795,3939.00000
0.64670,0.63848,0.64078,0.63717,0.63881,0.26452,0.26057,0.26452,0.26649,0.26649,0.07474,0.07211,0.07244,0.07474,0.07540,-52.54714,3940.00000
0.64046,0.63947,0.64440,0.64276,0.63355,0.26353,0.26551,0.26847,0.26682,0.26649,0.07047,0.07409,0.07507,0.07474,0.07507,-52.54714,3941.00000
0.64144,0.64144,0.64572,0.64572,0.64177,0.26222,0.26419,0.25926,0.26353,0.27011,0.07540,0.07178,0.07409,0.07474,0.07178,-53.66126,3942.00000
0.63947,0.64013,0.63980,0.64407,0.63651,0.26551,0.26485,0.26584,0.26090,0.26649,0.07672,0.07376,0.07409,0.07376,0.07211,-53.66126,3943.00000
0.64835,0.64046,0.64407,0.64638,0.63980,0.26584,0.26682,0.26123,0.26222,0.26715,0.07672,0.07343,0.07178,0.07573,0.07409,-54.69684,3944.00000
0.63980,0.64144,0.63914,0.64407,0.63552,0.26649,0.26847,0.26090,0.26288,0.26386,0.07770,0.07343,0.07474,0.07573,0.07672,-54.69684,3945.00000
0.64276,0.64506,0.64440,0.63750,0.63881,0.26419,0.26880,0.26551,0.27143,0.26518,0.06981,0.07376,0.07376,0.07540,0.07178,-54.73123,3946.00000
0.63815,0.64572,0.64177,0.64144,0.64144,0.26222,0.26748,0.26123,0.26222,0.26649,0.06981,0.07277,0.06850,0.07080,0.07277,-54.73123,3947.00000
0.63980,0.64046,0.63782,0.63947,0.64243,0.26353,0.26781,0.26189,0.26913,0.27274,0.07770,0.07310,0.07178,0.07409,0.07343,-55.36855,3948.00000
0.63388,0.64374,0.63750,0.64046,0.65032,0.26945,0.26288,0.26617,0.26880,0.26452,0.07244,0.07540,0.07244,0.06981,0.07343,-55.36855,3949.00000
0.64276,0.64013,0.64013,0.63881,0.64440,0.26715,0.26913,0.26682,0.26386,0.26255,0.07606,0.07409,0.07540,0.07113,0.07442,-55.75068,3950.00000
0.64309,0.64046,0.64078,0.64572,0.63947,0.26518,0.26321,0.26419,0.26518,0.26452,0.07442,0.07113,0.07442,0.07244,0.07442,-55.75068,3951.00000
0.64605,0.63750,0.64309,0.64276,0.63815,0.26386,0.26123,0.26321,0.26682,0.26649,0.07343,0.07540,0.07211,0.07376,0.07113,-55.53159,3952.00000
0.64210,0.64013,0.64210,0.64276,0.64572,0.26485,0.26255,0.26386,0.26123,0.27011,0.07277,0.07211,0.06981,0.07277,0.07080,-55.53159,3953.00000
0.64144,0.63848,0.63815,0.64078,0.64769,0.26617,0.26617,0.26321,0.26551,0.26715,0.07080,0.07573,0.07310,0.07442,0.07606,-56.03728,3954.00000
0.64539,0.64670,0.64210,0.63947,0.63782,0.26386,0.26781,0.26518,0.26353,0.26880,0.07178,0.07277,0.07178,0.07573,0.07080,-56.03728,3955.00000
0.64342,0.63881,0.64309,0.64506,0.63980,0.26814,0.26123,0.26419,0.26847,0.26649,0.07211,0.07540,0.07277,0.06850,0.07507,-55.57479,3956.00000
0.64276,0.64111,0.64177,0.63717,0.64276,0.26617,0.26288,0.26452,0.26781,0.26913,0.07442,0.07343,0.07244,0.06948,0.07672,-55.57479,3957.00000
0.64572,0.64605,0.63848,0.64539,0.64177,0.26617,0.26452,0.26386,0.26386,0.26551,0.07277,0.07474,0.07409,0.07080,0.07803,-54.98466,3958.00000
0.64506,0.64572,0.63717,0.64177,0.64078,0.26847,0.26715,0.26518,0.26682,0.26617,0.07376,0.07047,0.07442,0.07409,0.07244,-54.98466,3959.00000
0.64605,0.63947,0.64144,0.63914,0.64342,0.26025,0.26814,0.26913,0.26222,0.26485,0.07672,0.07376,0.07277,0.07014,0.07343,-56.35464,3960.00000
0.64539,0.64276,0.63519,0.64243,0.64703,0.26518,0.26321,0.26452,0.26748,0.26781,0.07474,0.07310,0.07376,0.07146,0.07507,-56.35464,3961.00000
0.63684,0.64013,0.64078,0.64046,0.64210,0.26649,0.26518,0.26485,0.26288,0.26518,0.07277,0.07442,0.07146,0.07376,0.07310,-56.29988,3962.00000
0.63947,0.63388,0.63947,0.64309,0.64210,0.26781,0.26748,0.26419,0.26452,0.26222,0.07442,0.07211,0.07639,0.07573,0.07507,-56.29988,3963.00000
0.63782,0.64210,0.63782,0.64407,0.63782,0.26156,0.26584,0.26649,0.26222,0.26518,0.07639,0.06718,0.07178,0.07540,0.07211,-55.79398,3964.00000
0.64046,0.63848,0.64046,0.64638,0.63782,0.26715,0.26090,0.26419,0.26715,0.26617,0.07376,0.07310,0.07211,0.07113,0.07507,-55.79398,3965.00000
0.63782,0.64013,0.63947,0.64736,0.64572,0.26321,0.26189,0.26715,0.26419,0.26913,0.07244,0.07409,0.07146,0.07080,0.07178,-56.09767,3966.00000
0.63980,0.64276,0.64046,0.64078,0.63585,0.26090,0.26715,0.26419,0.26880,0.26649,0.07573,0.07244,0.07606,0.07310,0.06652,-56.09767,3967.00000
0.64473,0.63585,0.64046,0.64177,0.63618,0.26090,0.26649,0.26518,0.26814,0.26057,0.07244,0.07376,0.07277,0.07606,0.07770,-55.32179,3968.00000
0.63947,0.63947,0.64177,0.64342,0.63421,0.26485,0.26913,0.26649,0.26386,0.26386,0.07639,0.07343,0.06948,0.07442,0.07211,-55.32179,3969.00000
0.63980,0.63454,0.63618,0.64605,0.63355,0.26222,0.26353,0.26551,0.26814,0.26485,0.07705,0.07540,0.07178,0.07047,0.07080,-56.17164,3970.00000
0.64177,0.64276,0.64342,0.63947,0.64539,0.26551,0.26222,0.26419,0.26682,0.26649,0.07442,0.07672,0.07376,0.07113,0.07178,-56.17164,3971.00000
0.64440,0.63914,0.64210,0.63848,0.64374,0.26452,0.26485,0.26222,0.26880,0.26584,0.07113,0.07442,0.07310,0.07113,0.06948,-55.65906,3972.00000
0.64243,0.64440,0.64210,0.64276,0.64342,0.26485,0.26353,0.26419,0.26321,0.26518,0.06882,0.07080,0.07540,0.07113,0.07540,-55.65906,3973.00000
0.64046,0.63684,0.63947,0.64078,0.63881,0.26551,0.26584,0.26485,0.26123,0.26288,0.06850,0.07244,0.07014,0.06948,0.07442,-55.71039,3974.00000
0.64111,0.63782,0.63256,0.64144,0.64276,0.26781,0.26419,0.26452,0.26452,0.26682,0.07080,0.07080,0.07540,0.07277,0.07705,-55.71039,3975.00000
0.63388,0.64342,0.63848,0.64210,0.63947,0.26781,0.26584,0.26452,0.26189,0.26715,0.07211,0.07047,0.07047,0.07244,0.07146,-55.51877,3976.00000
0.63947,0.64736,0.64177,0.64013,0.63914,0.26649,0.26386,0.26847,0.26485,0.26748,0.06882,0.07080,0.06948,0.07507,0.07080,-55.51877,3977.00000
0.64144,0.64309,0.64407,0.64243,0.63421,0.26255,0.26781,0.26386,0.26814,0.26255,0.07343,0.07146,0.07277,0.07376,0.07211,-55.82091,3978.00000
0.63815,0.63717,0.63486,0.63848,0.63684,0.26419,0.26386,0.26518,0.26353,0.26880,0.07014,0.07047,0.07343,0.07014,0.07573,-55.82091,3979.00000
0.64309,0.64506,0.63980,0.64276,0.63782,0.26386,0.26255,0.26518,0.26386,0.26255,0.07080,0.07178,0.07113,0.07244,0.07047,-55.78887,3980.00000
0.64506,0.63848,0.63421,0.64046,0.63519,0.26386,0.26518,0.26814,0.26321,0.26386,0.07277,0.06784,0.07211,0.07343,0.07113,-55.78887,3981.00000
0.64210,0.64078,0.63947,0.64210,0.64309,0.26584,0.26255,0.26518,0.26353,0.26419,0.07080,0.07540,0.06981,0.07113,0.07047,-56.24405,3982.00000
0.63848,0.64013,0.63848,0.64506,0.63651,0.26814,0.26485,0.26485,0.25827,0.26386,0.07047,0.06784,0.07507,0.07146,0.07343,-56.24405,3983.00000
0.63914,0.63782,0.64144,0.63980,0.63585,0.26321,0.26617,0.26452,0.26419,0.26189,0.07047,0.07047,0.07310,0.07442,0.07639,-55.96626,3984.00000
0.64605,0.63914,0.63684,0.64309,0.63782,0.26222,0.26682,0.26321,0.26649,0.26485,0.07178,0.07211,0.07639,0.07474,0.07639,-55.96626,3985.00000
0.64276,0.63750,0.64144,0.63519,0.64374,0.26452,0.26913,0.26617,0.26189,0.26978,0.07507,0.07080,0.07047,0.07211,0.07639,-56.44016,3986.00000
0.64210,0.63848,0.64046,0.63651,0.64605,0.26518,0.26419,0.26584,0.26419,0.26353,0.07014,0.07244,0.07376,0.07442,0.07442,-56.44016,3987.00000
0.63750,0.64144,0.63947,0.63782,0.64013,0.26255,0.26353,0.26715,0.26452,0.26419,0.07409,0.07047,0.07047,0.07540,0.07047,-56.32067,3988.00000
0.63651,0.64013,0.63651,0.63881,0.64342,0.26518,0.26682,0.26518,0.26485,0.26353,0.06850,0.07343,0.07507,0.07211,0.07080,-56.32067,3989.00000
0.63980,0.64243,0.63782,0.64144,0.63519,0.27011,0.25959,0.26189,0.26584,0.26288,0.07442,0.07146,0.07080,0.06981,0.06850,-56.32195,3990.00000
0.63355,0.64309,0.64670,0.64111,0.63750,0.26880,0.26584,0.26353,0.26353,0.26485,0.07343,0.07705,0.07244,0.07244,0.06915,-56.32195,3991.00000
0.63881,0.64013,0.64177,0.63947,0.63256,0.26518,0.26386,0.26485,0.26123,0.26255,0.07343,0.07244,0.07244,0.07836,0.07047,-56.17856,3992.00000
0.64703,0.64802,0.64243,0.64177,0.63881,0.26485,0.26353,0.26748,0.26584,0.26551,0.07244,0.07244,0.07409,0.07376,0.07014,-56.17856,3993.00000
0.64111,0.64276,0.64177,0.63947,0.63684,0.26551,0.26518,0.26715,0.26255,0.26847,0.07507,0.07047,0.07080,0.07244,0.07244,-56.70988,3994.00000
0.64078,0.63815,0.64539,0.64374,0.63881,0.26288,0.26353,0.26551,0.27143,0.26321,0.07474,0.07474,0.07540,0.07507,0.07113,-56.70988,3995.00000
0.64111,0.63782,0.63782,0.64440,0.63651,0.26551,0.26419,0.26353,0.26386,0.26715,0.07146,0.06915,0.07672,0.07343,0.07277,-56.02096,3996.00000
0.63947,0.63684,0.64407,0.63914,0.63947,0.26288,0.26945,0.26748,0.26682,0.26485,0.07442,0.07211,0.07409,0.07376,0.07409,-56.02096,3997.00000
0.63651,0.64572,0.63782,0.64670,0.63486,0.26814,0.26913,0.26288,0.26682,0.26551,0.06915,0.06850,0.07146,0.07244,0.07705,-55.71312,3998.00000
0.63980,0.64111,0.64440,0.63947,0.64243,0.26353,0.26518,0.26025,0.26518,0.26551,0.07836,0.07705,0.07573,0.07047,0.06850,-55.71312,3999.00000
0.64342,0.63750,0.64506,0.63782,0.64703,0.26551,0.26682,0.26847,0.26518,0.26617,0.07507,0.07540,0.07474,0.07211,0.07080,-55.99376,4000.00000
0.63848,0.63947,0.64506,0.63782,0.64901,0.26288,0.26847,0.26715,0.26321,0.26551,0.07672,0.07376,0.07507,0.07244,0.07540,-55.99376,4001.00000
0.64670,0.64605,0.64210,0.64572,0.63914,0.26386,0.26321,0.26288,0.26189,0.26847,0.06981,0.07573,0.07343,0.07343,0.07409,-55.65557,4002.00000
0.64374,0.63651,0.63914,0.64111,0.64078,0.26485,0.26452,0.26288,0.26057,0.26057,0.07474,0.07343,0.07014,0.07376,0.07244,-55.65557,4003.00000
0.64342,0.64177,0.63454,0.63454,0.64374,0.26551,0.26748,0.26090,0.26584,0.26518,0.07343,0.07244,0.07639,0.07080,0.07113,-56.29947,4004.00000
0.63914,0.63651,0.63782,0.64440,0.64572,0.26485,0.27110,0.26880,0.26452,0.26321,0.07080,0.07277,0.07409,0.07474,0.07244,-56.29947,4005.00000
0.64046,0.63947,0.63421,0.64407,0.64144,0.26419,0.26321,0.26485,0.26584,0.26123,0.07113,0.07474,0.07409,0.07178,0.07376,-56.06721,4006.00000
0.64374,0.63750,0.63585,0.64276,0.64440,0.26649,0.26913,0.26682,0.26386,0.26485,0.07310,0.07244,0.07146,0.07244,0.07244,-56.06721,4007.00000
0.63848,0.63980,0.64046,0.64013,0.64210,0.26353,0.26452,0.26518,0.27011,0.26682,0.06915,0.07080,0.07244,0.07310,0.07474,-55.96085,4008.00000
0.63750,0.63585,0.63717,0.63519,0.64342,0.26419,0.26452,0.26090,0.26452,0.26649,0.07343,0.07573,0.07507,0.07507,0.07376,-55.96085,4009.00000
0.64473,0.64407,0.63782,0.63486,0.64407,0.26419,0.26551,0.26222,0.26748,0.26386,0.07080,0.07573,0.07146,0.07178,0.07409,-55.80025,4010.00000
0.64046,0.64342,0.64572,0.64638,0.63947,0.26913,0.26584,0.26321,0.26617,0.26847,0.07047,0.07014,0.07507,0.07409,0.07343,-55.80025,4011.00000
0.64013,0.64440,0.64046,0.63848,0.63717,0.26847,0.26847,0.26617,0.26649,0.26649,0.07244,0.07113,0.07442,0.07310,0.07672,-55.27317,4012.00000
0.63651,0.63947,0.64210,0.63980,0.63454,0.27077,0.26913,0.26288,0.26090,0.26222,0.07146,0.07113,0.07409,0.07146,0.07178,-55.27317,4013.00000
0.63782,0.64046,0.64407,0.63651,0.63848,0.26222,0.26617,0.26419,0.26353,0.26649,0.07277,0.07836,0.07474,0.07507,0.06948,-55.65172,4014.00000
