0.25071,0.24479,0.24742,0.25071,0.24808,0.21453,0.21354,0.21486,0.21847,0.21420,0.04153,0.04712,0.04712,0.04284,0.04317,-51.48172,-4014.00000
0.24479,0.24610,0.25564,0.25367,0.24742,0.21223,0.21913,0.22012,0.21617,0.21847,0.04547,0.04449,0.04284,0.04284,0.04745,-51.41713,-4013.00000
0.25038,0.24972,0.24676,0.25071,0.25268,0.21519,0.21749,0.21946,0.21453,0.21617,0.04449,0.04317,0.04284,0.04712,0.04317,-51.41713,-4012.00000
0.25005,0.24577,0.25597,0.25104,0.25071,0.21749,0.21847,0.21519,0.21486,0.21453,0.04251,0.04350,0.04350,0.04350,0.04383,-51.84870,-4011.00000
0.25104,0.24643,0.24775,0.25169,0.24512,0.21551,0.21288,0.21420,0.21190,0.21617,0.04416,0.04383,0.04810,0.04284,0.04679,-51.84870,-4010.00000
0.25104,0.24347,0.25301,0.24906,0.25005,0.22143,0.21617,0.21387,0.21584,0.21979,0.04383,0.04054,0.04185,0.04317,0.04350,-52.58939,-4009.00000
0.25235,0.25235,0.25564,0.25400,0.25202,0.21815,0.21354,0.21354,0.21387,0.21815,0.04843,0.04810,0.04416,0.04481,0.04153,-52.58939,-4008.00000
0.25136,0.25202,0.24676,0.24873,0.25136,0.22078,0.21749,0.21683,0.21683,0.21617,0.04284,0.04547,0.04481,0.04350,0.04481,-52.76930,-4007.00000
0.25531,0.24577,0.25465,0.25005,0.24676,0.21420,0.21847,0.21749,0.21584,0.21354,0.04350,0.04712,0.04350,0.04547,0.04153,-52.76930,-4006.00000
0.25038,0.25005,0.24676,0.25498,0.24709,0.21880,0.21617,0.21749,0.21486,0.21420,0.04449,0.04284,0.04547,0.04580,0.04218,-52.49305,-4005.00000
0.25268,0.25136,0.24808,0.25005,0.24873,0.21255,0.21420,0.21946,0.21979,0.21190,0.04679,0.04218,0.04810,0.04021,0.04350,-52.49305,-4004.00000
0.25202,0.24314,0.25235,0.24512,0.25235,0.21223,0.21551,0.21321,0.21716,0.21815,0.04646,0.04317,0.04646,0.04481,0.04646,-52.12543,-4003.00000
0.25202,0.24840,0.25038,0.24742,0.25202,0.21387,0.21486,0.21223,0.21354,0.21584,0.04679,0.04514,0.04449,0.04580,0.04350,-52.12543,-4002.00000
0.25071,0.24775,0.24577,0.25038,0.25400,0.21617,0.21486,0.21387,0.21880,0.21387,0.04481,0.04383,0.04580,0.04350,0.04613,-52.81809,-4001.00000
0.25465,0.24577,0.24873,0.25071,0.25498,0.21354,0.21486,0.21551,0.21519,0.21584,0.04613,0.04350,0.04350,0.04350,0.04777,-52.81809,-4000.00000
0.25367,0.25005,0.24939,0.25202,0.24742,0.21880,0.21486,0.20959,0.21420,0.21453,0.04777,0.04218,0.04712,0.04679,0.04876,-51.98033,-3999.00000
0.24939,0.24840,0.25400,0.24939,0.24775,0.21551,0.21453,0.21486,0.21584,0.21354,0.04481,0.04251,0.04218,0.04317,0.04153,-51.98033,-3998.00000
0.25334,0.25498,0.25071,0.25136,0.25038,0.21584,0.21420,0.21453,0.21519,0.21058,0.04449,0.04185,0.04383,0.04547,0.04449,-50.00384,-3997.00000
0.25038,0.24775,0.25794,0.24742,0.24840,0.21815,0.21223,0.21486,0.21420,0.21519,0.04317,0.04416,0.04481,0.04284,0.04416,-50.00384,-3996.00000
0.24446,0.25071,0.24808,0.25334,0.24643,0.21354,0.21420,0.21190,0.21683,0.21749,0.04646,0.04580,0.04416,0.04383,0.04317,-48.37594,-3995.00000
0.25071,0.25498,0.25268,0.25136,0.24446,0.22012,0.21551,0.21486,0.21584,0.21288,0.04547,0.04284,0.04120,0.04449,0.04613,-48.37594,-3994.00000
0.24840,0.25005,0.24939,0.25071,0.24512,0.22078,0.21716,0.21584,0.21979,0.21420,0.04416,0.04251,0.04613,0.04514,0.04054,-47.49119,-3993.00000
0.25038,0.25696,0.24248,0.24873,0.24544,0.21223,0.21420,0.21321,0.21124,0.21847,0.04218,0.04777,0.04712,0.04416,0.04317,-47.49119,-3992.00000
0.24939,0.24840,0.25268,0.25038,0.24610,0.21815,0.21157,0.21782,0.21387,0.21551,0.04416,0.04514,0.04613,0.04514,0.04350,-47.89843,-3991.00000
0.25038,0.24972,0.24972,0.25432,0.24939,0.21650,0.21584,0.21420,0.22143,0.21354,0.04679,0.04416,0.04646,0.04547,0.04251,-47.89843,-3990.00000
0.25038,0.25597,0.24939,0.25071,0.24939,0.21354,0.22209,0.21782,0.22045,0.21617,0.04416,0.04087,0.04547,0.04153,0.04416,-48.91259,-3989.00000
0.24939,0.24577,0.24840,0.24709,0.24544,0.21683,0.21749,0.22143,0.21255,0.21815,0.04317,0.04317,0.04547,0.04185,0.04481,-48.91259,-3988.00000
0.24709,0.24906,0.25169,0.24906,0.25071,0.21584,0.21387,0.21584,0.21946,0.21157,0.04251,0.04416,0.04087,0.04810,0.04350,-50.17407,-3987.00000
0.24544,0.25071,0.25169,0.24873,0.25104,0.21486,0.21716,0.21486,0.21749,0.22308,0.04547,0.04547,0.04218,0.04449,0.04383,-50.17407,-3986.00000
0.25136,0.25136,0.25005,0.24610,0.25367,0.21519,0.21551,0.21683,0.21815,0.22012,0.04383,0.04481,0.04416,0.04284,0.04646,-51.31750,-3985.00000
0.25432,0.24446,0.25728,0.25663,0.24906,0.21617,0.21584,0.21420,0.21880,0.21617,0.04481,0.04350,0.04547,0.04712,0.04481,-51.31750,-3984.00000
0.25564,0.25136,0.25268,0.24610,0.25761,0.21683,0.21617,0.21782,0.21913,0.21551,0.04383,0.04350,0.04251,0.04712,0.04284,-51.75006,-3983.00000
0.25301,0.24544,0.25334,0.25202,0.25136,0.21683,0.22012,0.21584,0.21683,0.21782,0.04547,0.04153,0.04416,0.04317,0.04481,-51.75006,-3982.00000
0.25696,0.25104,0.25728,0.25235,0.24972,0.21716,0.21979,0.21387,0.21650,0.21584,0.04416,0.04613,0.04646,0.04284,0.04449,-52.88675,-3981.00000
0.24775,0.25334,0.25630,0.23952,0.25136,0.21716,0.21946,0.21749,0.22143,0.21058,0.04481,0.04416,0.04416,0.04153,0.04449,-52.88675,-3980.00000
0.25038,0.24742,0.24709,0.24479,0.25301,0.21880,0.21157,0.21124,0.21551,0.21913,0.04416,0.04449,0.04580,0.04218,0.04514,-52.23195,-3979.00000
0.25564,0.25202,0.24939,0.25038,0.25005,0.21650,0.21420,0.21716,0.21321,0.21321,0.04646,0.04251,0.04350,0.04317,0.04317,-52.23195,-3978.00000
0.25235,0.25071,0.25531,0.25334,0.24479,0.21782,0.21387,0.21453,0.21683,0.21486,0.04514,0.04218,0.04284,0.04350,0.04580,-52.16090,-3977.00000
0.25367,0.25038,0.24906,0.25136,0.24873,0.21946,0.21486,0.21486,0.21847,0.21288,0.04514,0.04218,0.04317,0.04580,0.04646,-52.16090,-3976.00000
0.24808,0.25432,0.25334,0.24610,0.25202,0.21387,0.21650,0.21551,0.21486,0.21650,0.04481,0.04284,0.04383,0.04679,0.04251,-51.51502,-3975.00000
0.24413,0.24676,0.24808,0.25268,0.25038,0.21716,0.21716,0.22176,0.21387,0.21486,0.04613,0.04185,0.04547,0.04580,0.04218,-51.51502,-3974.00000
0.25038,0.24972,0.24676,0.25400,0.24873,0.21321,0.21880,0.21584,0.21486,0.21749,0.04481,0.03791,0.04481,0.04251,0.04449,-51.98310,-3973.00000
0.25235,0.24840,0.24906,0.24775,0.25202,0.21354,0.21387,0.21650,0.21584,0.21288,0.04317,0.04777,0.04185,0.05041,0.04876,-51.98310,-3972.00000
0.24742,0.24972,0.25334,0.24512,0.25005,0.21387,0.21124,0.21683,0.21979,0.21519,0.04481,0.04481,0.04416,0.04646,0.04547,-51.40170,-3971.00000
0.25400,0.24512,0.25696,0.24610,0.24610,0.21551,0.21420,0.21683,0.21749,0.21387,0.04153,0.04416,0.04317,0.04646,0.04712,-51.40170,-3970.00000
0.24906,0.25104,0.25400,0.25136,0.24479,0.21551,0.21716,0.21124,0.21617,0.21124,0.04481,0.04745,0.04284,0.04317,0.04646,-51.88982,-3969.00000
0.25432,0.24775,0.25268,0.25235,0.25235,0.21749,0.21519,0.22176,0.21288,0.21486,0.04547,0.04843,0.04514,0.04383,0.04218,-51.88982,-3968.00000
0.24446,0.24643,0.25071,0.25531,0.24544,0.21387,0.21551,0.21782,0.21946,0.21288,0.04317,0.04251,0.04679,0.04481,0.04185,-52.06063,-3967.00000
0.24742,0.24873,0.24709,0.24873,0.25235,0.21617,0.21387,0.21782,0.21815,0.21650,0.04317,0.04251,0.04350,0.04087,0.04284,-52.06063,-3966.00000
0.24808,0.24183,0.25235,0.24906,0.24906,0.21486,0.21782,0.21683,0.21650,0.21354,0.04547,0.04745,0.04449,0.04317,0.04350,-52.89555,-3965.00000
0.25136,0.25071,0.24840,0.25071,0.24775,0.21519,0.21650,0.21223,0.21354,0.21584,0.04350,0.04120,0.04843,0.04185,0.04514,-52.89555,-3964.00000
0.25268,0.25071,0.25005,0.25169,0.24512,0.21354,0.21847,0.22045,0.21617,0.21519,0.04580,0.04449,0.04153,0.04021,0.04251,-53.69875,-3963.00000
0.25169,0.25136,0.25235,0.24808,0.24906,0.21551,0.21486,0.21716,0.21815,0.21847,0.04218,0.04416,0.04843,0.04350,0.04383,-53.69875,-3962.00000
0.25235,0.25334,0.24610,0.24840,0.24676,0.21782,0.21815,0.21584,0.21354,0.21486,0.04580,0.04449,0.04481,0.04416,0.04218,-53.68043,-3961.00000
0.24544,0.25202,0.24248,0.25235,0.25071,0.21486,0.21815,0.21420,0.21650,0.21749,0.04416,0.04449,0.04416,0.04580,0.03988,-53.68043,-3960.00000
0.24643,0.24709,0.25334,0.24972,0.24577,0.21617,0.22045,0.21584,0.21420,0.21288,0.04580,0.04350,0.04120,0.04449,0.04449,-53.83729,-3959.00000
0.25038,0.24709,0.24840,0.25071,0.25104,0.21617,0.21387,0.21584,0.21124,0.21551,0.04416,0.04350,0.04416,0.04646,0.04350,-53.83729,-3958.00000
0.24643,0.25038,0.25564,0.25136,0.25235,0.21124,0.21749,0.21749,0.21979,0.21584,0.04251,0.04383,0.04416,0.04383,0.04416,-53.84003,-3957.00000
0.24775,0.24709,0.24840,0.25400,0.24873,0.21486,0.21650,0.21815,0.21453,0.21847,0.04350,0.04580,0.04416,0.04449,0.04613,-53.84003,-3956.00000
0.24248,0.25202,0.24676,0.25597,0.24972,0.21683,0.21387,0.21815,0.21683,0.21979,0.04481,0.04350,0.04416,0.03922,0.04712,-54.18076,-3955.00000
0.24512,0.24873,0.25169,0.25071,0.25400,0.21880,0.21584,0.21683,0.22012,0.21847,0.04449,0.04317,0.04383,0.04481,0.04481,-54.18076,-3954.00000
0.25301,0.25005,0.24413,0.25202,0.25728,0.21617,0.21847,0.22143,0.21617,0.22111,0.04416,0.04547,0.04547,0.04712,0.04383,-55.15923,-3953.00000
0.25663,0.24873,0.25169,0.25104,0.25104,0.21551,0.21683,0.21354,0.21551,0.21354,0.04514,0.04317,0.04481,0.04383,0.05008,-55.15923,-3952.00000
0.25301,0.25301,0.24775,0.24939,0.25071,0.21190,0.21815,0.20992,0.21617,0.22045,0.04416,0.04317,0.04251,0.04087,0.04777,-54.35207,-3951.00000
0.25169,0.25334,0.24610,0.24643,0.25104,0.22078,0.21815,0.21551,0.21617,0.21880,0.04449,0.04383,0.04449,0.04416,0.04514,-54.35207,-3950.00000
0.24479,0.24544,0.25301,0.25367,0.24347,0.21453,0.21716,0.21354,0.21255,0.21815,0.04185,0.04350,0.04153,0.04646,0.04810,-54.39283,-3949.00000
0.25268,0.25301,0.24906,0.24643,0.24972,0.21650,0.21551,0.21847,0.21584,0.21716,0.04810,0.04449,0.04054,0.04087,0.04416,-54.39283,-3948.00000
0.25696,0.24808,0.24972,0.25136,0.24939,0.21584,0.21749,0.21880,0.21551,0.21321,0.04580,0.04547,0.04580,0.04317,0.04251,-53.53919,-3947.00000
0.24873,0.25531,0.24775,0.25169,0.24840,0.21519,0.21683,0.21519,0.21946,0.21453,0.04383,0.03988,0.03922,0.04580,0.04185,-53.53919,-3946.00000
0.24183,0.25597,0.25564,0.25038,0.24775,0.21321,0.21650,0.21420,0.21815,0.21486,0.04449,0.04383,0.04251,0.04218,0.04218,-53.14655,-3945.00000
0.25104,0.24840,0.25071,0.24544,0.25136,0.21782,0.21584,0.21979,0.21716,0.21486,0.04317,0.04745,0.04416,0.04251,0.04843,-53.14655,-3944.00000
0.25334,0.24775,0.24939,0.24873,0.24873,0.21650,0.21519,0.21190,0.21584,0.21223,0.04153,0.04153,0.04317,0.04449,0.04317,-52.70365,-3943.00000
0.24117,0.25959,0.24643,0.25531,0.24972,0.21650,0.21255,0.21551,0.21387,0.21519,0.04218,0.04613,0.04218,0.04284,0.04284,-52.70365,-3942.00000
0.24183,0.25169,0.24939,0.24413,0.24610,0.21683,0.21749,0.21453,0.21617,0.21880,0.04449,0.04449,0.04153,0.04810,0.04646,-51.98659,-3941.00000
0.24775,0.24709,0.25136,0.25761,0.24676,0.21847,0.21223,0.21913,0.21387,0.22045,0.04416,0.04613,0.04547,0.04218,0.04251,-51.98659,-3940.00000
0.25564,0.24544,0.24972,0.24742,0.24775,0.21387,0.21519,0.21255,0.21913,0.21453,0.04251,0.04810,0.04251,0.04317,0.04481,-51.82826,-3939.00000
0.24676,0.24873,0.25235,0.24840,0.25169,0.21058,0.21453,0.21288,0.21847,0.21551,0.03988,0.04284,0.04679,0.04449,0.04350,-51.82826,-3938.00000
0.25498,0.24939,0.24643,0.25367,0.24742,0.21453,0.21486,0.22439,0.21321,0.21683,0.04317,0.04054,0.04021,0.04547,0.04317,-51.76862,-3937.00000
0.25630,0.25301,0.24939,0.25367,0.24906,0.21683,0.21683,0.21223,0.21486,0.21453,0.04514,0.04120,0.04317,0.04284,0.04613,-51.76862,-3936.00000
0.25268,0.25005,0.24709,0.25926,0.24314,0.21420,0.21453,0.21551,0.21551,0.21749,0.04547,0.03922,0.04547,0.04317,0.04251,-52.12943,-3935.00000
0.25498,0.24775,0.24808,0.24906,0.24676,0.21683,0.21453,0.21847,0.21354,0.21486,0.04087,0.04317,0.03791,0.04383,0.04481,-52.12943,-3934.00000
0.24775,0.24972,0.25136,0.24840,0.25465,0.21913,0.21387,0.21782,0.21354,0.21782,0.04284,0.04120,0.04317,0.04613,0.04284,-52.11940,-3933.00000
0.24347,0.25268,0.24577,0.25038,0.24840,0.21650,0.21223,0.21913,0.21683,0.21617,0.04449,0.04514,0.04251,0.04712,0.04514,-52.11940,-3932.00000
0.24873,0.25893,0.24775,0.24972,0.25465,0.21913,0.21321,0.21847,0.21880,0.21486,0.04449,0.04218,0.04777,0.04185,0.04481,-51.55775,-3931.00000
0.25169,0.24643,0.24413,0.25104,0.25071,0.21453,0.21551,0.21847,0.21617,0.21519,0.04646,0.04383,0.04317,0.03955,0.04383,-51.55775,-3930.00000
0.24808,0.25071,0.25268,0.24479,0.24840,0.21815,0.21913,0.21650,0.21782,0.21387,0.04383,0.04613,0.04350,0.04416,0.04580,-51.68952,-3929.00000
0.24775,0.24808,0.25005,0.24742,0.24840,0.21979,0.21617,0.21847,0.21650,0.21387,0.04218,0.04810,0.04613,0.04613,0.04284,-51.68952,-3928.00000
0.25104,0.24446,0.24840,0.25104,0.24742,0.21551,0.21321,0.21058,0.21321,0.21124,0.04613,0.04251,0.04317,0.04284,0.04481,-52.03372,-3927.00000
0.25136,0.25169,0.24775,0.24873,0.24446,0.22045,0.21617,0.21387,0.21354,0.21847,0.04317,0.04777,0.04317,0.04284,0.04481,-52.03372,-3926.00000
0.25301,0.24840,0.24544,0.25104,0.25301,0.21420,0.21321,0.21486,0.21486,0.21749,0.04284,0.04547,0.04284,0.04416,0.04481,-52.87233,-3925.00000
0.24709,0.25268,0.24873,0.24939,0.24676,0.21617,0.21519,0.21650,0.21354,0.21683,0.04317,0.04679,0.04317,0.03824,0.04547,-52.87233,-3924.00000
0.25235,0.25268,0.25268,0.24709,0.25071,0.22045,0.21913,0.22012,0.21617,0.21255,0.04416,0.04613,0.04646,0.04514,0.04317,-53.45277,-3923.00000
0.25169,0.24808,0.25104,0.25169,0.24939,0.21683,0.21847,0.21946,0.21584,0.21847,0.04679,0.04350,0.04350,0.04350,0.04416,-53.45277,-3922.00000
0.24610,0.25136,0.24906,0.24939,0.24840,0.21749,0.21650,0.21913,0.21321,0.21354,0.04547,0.04350,0.04712,0.04580,0.04251,-54.53888,-3921.00000
0.25531,0.24577,0.25334,0.25465,0.24676,0.21354,0.21551,0.21584,0.21584,0.21716,0.04251,0.04481,0.04547,0.04514,0.04317,-54.53888,-3920.00000
0.25038,0.25268,0.24709,0.24840,0.24840,0.21223,0.21782,0.21913,0.21486,0.21255,0.04712,0.04416,0.04251,0.04745,0.04514,-54.63516,-3919.00000
0.25498,0.24808,0.24709,0.25005,0.24939,0.21058,0.22078,0.21584,0.21288,0.21420,0.04251,0.04580,0.04646,0.04251,0.04646,-54.63516,-3918.00000
0.24281,0.24446,0.24742,0.25071,0.24709,0.21782,0.21551,0.21716,0.21453,0.21749,0.04284,0.04449,0.04317,0.04646,0.04284,-53.84346,-3917.00000
0.24840,0.24873,0.25104,0.25038,0.25071,0.21551,0.21321,0.21650,0.21519,0.21486,0.04317,0.04613,0.04613,0.04350,0.04449,-53.84346,-3916.00000
0.24906,0.25268,0.24347,0.25005,0.25498,0.21716,0.21650,0.21387,0.21321,0.21551,0.04777,0.04613,0.04514,0.04514,0.04481,-53.89195,-3915.00000
0.25268,0.24939,0.24939,0.24446,0.24906,0.21354,0.21354,0.22045,0.21519,0.21617,0.04350,0.04514,0.04185,0.04514,0.04613,-53.89195,-3914.00000
0.25104,0.25235,0.24709,0.25136,0.24413,0.21683,0.21716,0.21519,0.21683,0.21519,0.04613,0.04120,0.04777,0.04514,0.04449,-53.98211,-3913.00000
0.24676,0.25531,0.25071,0.24413,0.25432,0.21749,0.21387,0.21683,0.21519,0.21650,0.04350,0.04514,0.04317,0.04416,0.04350,-53.98211,-3912.00000
0.24840,0.25136,0.24610,0.24939,0.25104,0.21782,0.21815,0.21683,0.21551,0.21749,0.04087,0.04481,0.04218,0.04481,0.04251,-53.84408,-3911.00000
0.24314,0.24742,0.25400,0.24939,0.24775,0.21913,0.22078,0.21486,0.21716,0.21190,0.04416,0.04514,0.04646,0.04514,0.04416,-53.84408,-3910.00000
0.24873,0.24544,0.25038,0.25334,0.25235,0.21617,0.21190,0.21617,0.21782,0.21650,0.04350,0.04481,0.04481,0.04613,0.04712,-53.91911,-3909.00000
0.25005,0.24775,0.25400,0.24906,0.24972,0.21190,0.21749,0.21749,0.21617,0.21223,0.04613,0.04449,0.04185,0.04712,0.04416,-53.91911,-3908.00000
0.25498,0.24248,0.24643,0.24413,0.25235,0.21486,0.21387,0.21617,0.21354,0.21617,0.04777,0.03922,0.04416,0.04317,0.04284,-52.95321,-3907.00000
0.24775,0.24939,0.25235,0.24512,0.24840,0.21716,0.21288,0.20992,0.21288,0.21288,0.04580,0.04120,0.04580,0.04350,0.04317,-52.95321,-3906.00000
0.24873,0.24972,0.24544,0.24512,0.24643,0.22111,0.21190,0.21782,0.21387,0.21190,0.04646,0.04317,0.04580,0.04350,0.04383,-53.33451,-3905.00000
0.25235,0.24610,0.24709,0.25202,0.25367,0.21420,0.21617,0.21288,0.21354,0.21387,0.04054,0.04613,0.04416,0.04021,0.04218,-53.33451,-3904.00000
0.24742,0.24840,0.24610,0.24939,0.24840,0.21683,0.21354,0.21420,0.21551,0.21584,0.04547,0.04021,0.04481,0.04185,0.04481,-53.01980,-3903.00000
0.24873,0.24906,0.24972,0.24248,0.25235,0.21190,0.21486,0.21420,0.22045,0.21584,0.04547,0.04416,0.04646,0.03988,0.04317,-53.01980,-3902.00000
0.24709,0.25630,0.24643,0.25235,0.24380,0.21321,0.21551,0.21420,0.21979,0.21453,0.04777,0.04383,0.04613,0.04646,0.03889,-52.03480,-3901.00000
0.24873,0.25005,0.25071,0.24906,0.25005,0.21716,0.21486,0.21716,0.21453,0.21913,0.04120,0.04613,0.04383,0.04383,0.04449,-52.03480,-3900.00000
0.24873,0.24840,0.24479,0.25202,0.25235,0.21354,0.21880,0.21551,0.21190,0.21255,0.04481,0.04679,0.04284,0.04481,0.04679,-52.21613,-3899.00000
0.25136,0.25630,0.24281,0.24840,0.25432,0.21321,0.21551,0.21880,0.21716,0.21683,0.04580,0.04120,0.04810,0.04481,0.04481,-52.21613,-3898.00000
0.24248,0.25531,0.25005,0.25136,0.25005,0.21782,0.21979,0.21782,0.21782,0.21782,0.04679,0.03824,0.04153,0.04514,0.04481,-52.35807,-3897.00000
0.24709,0.25663,0.25071,0.25038,0.24380,0.21584,0.21058,0.21255,0.21551,0.21223,0.04218,0.04317,0.04613,0.04251,0.04613,-52.35807,-3896.00000
0.25334,0.24808,0.25038,0.24840,0.24906,0.21782,0.21749,0.21354,0.21913,0.21716,0.04185,0.04350,0.04350,0.04449,0.04646,-52.63899,-3895.00000
0.25202,0.24972,0.24873,0.24281,0.25663,0.21650,0.21617,0.21880,0.21847,0.21519,0.04350,0.04481,0.04185,0.04613,0.04383,-52.63899,-3894.00000
0.24117,0.25334,0.25038,0.24479,0.25367,0.21815,0.21782,0.21617,0.21880,0.21617,0.04416,0.04350,0.04416,0.04514,0.04383,-52.36198,-3893.00000
0.24709,0.24413,0.25169,0.25235,0.25005,0.21782,0.21091,0.21486,0.22111,0.21486,0.03955,0.04251,0.04514,0.04251,0.04449,-52.36198,-3892.00000
0.25597,0.24446,0.24939,0.25169,0.24577,0.21782,0.21913,0.21453,0.21124,0.21650,0.04416,0.04021,0.04251,0.04514,0.04547,-52.59456,-3891.00000
0.25400,0.24808,0.24544,0.24577,0.24775,0.21025,0.21551,0.21913,0.21387,0.21551,0.04679,0.04153,0.05041,0.04843,0.04218,-52.59456,-3890.00000
0.25268,0.24380,0.24742,0.25169,0.24709,0.21486,0.21486,0.21584,0.21551,0.21847,0.04120,0.04449,0.04449,0.04613,0.04416,-53.06242,-3889.00000
0.24873,0.24939,0.25169,0.25235,0.23985,0.21321,0.21683,0.21716,0.21321,0.21716,0.04514,0.04481,0.04514,0.04284,0.04580,-53.06242,-3888.00000
0.24577,0.25367,0.25235,0.24906,0.24939,0.21617,0.21486,0.21650,0.21255,0.21683,0.04679,0.04514,0.04185,0.04317,0.04449,-53.60152,-3887.00000
0.24742,0.24972,0.24939,0.24709,0.25465,0.22012,0.22143,0.21584,0.21880,0.21486,0.04481,0.04317,0.04251,0.04054,0.04251,-53.60152,-3886.00000
0.24610,0.25038,0.25301,0.24906,0.24906,0.22143,0.21815,0.21519,0.21650,0.21551,0.04514,0.04251,0.04120,0.04481,0.04251,-53.83689,-3885.00000
0.25169,0.25367,0.24577,0.25005,0.25334,0.21420,0.21420,0.21650,0.21815,0.21486,0.04712,0.04218,0.04416,0.04185,0.04416,-53.83689,-3884.00000
0.24413,0.25104,0.24512,0.24972,0.24512,0.21551,0.21749,0.21815,0.21946,0.21749,0.04449,0.04580,0.04481,0.04481,0.04481,-53.65185,-3883.00000
0.25071,0.24413,0.24840,0.24742,0.24840,0.21584,0.21617,0.21354,0.21584,0.21157,0.04350,0.04514,0.04383,0.04679,0.04580,-53.65185,-3882.00000
0.24939,0.25104,0.25104,0.24873,0.24643,0.22078,0.21453,0.21880,0.21683,0.21321,0.04350,0.04942,0.04054,0.04646,0.04745,-53.56176,-3881.00000
0.25071,0.25169,0.25169,0.24413,0.25235,0.21782,0.21584,0.22078,0.21190,0.21617,0.04185,0.04284,0.04416,0.04646,0.04218,-53.56176,-3880.00000
0.24808,0.24840,0.25235,0.24775,0.24709,0.21321,0.21880,0.21683,0.22308,0.21453,0.04383,0.04613,0.04481,0.04514,0.04745,-54.33947,-3879.00000
0.24939,0.25071,0.25136,0.24512,0.24775,0.21321,0.21913,0.21584,0.21255,0.21716,0.04054,0.04054,0.04449,0.04481,0.03922,-54.33947,-3878.00000
0.24742,0.24775,0.24281,0.24709,0.25432,0.21091,0.21190,0.21551,0.21749,0.21617,0.04810,0.04613,0.04810,0.04054,0.04580,-54.51837,-3877.00000
0.25268,0.24972,0.25334,0.24643,0.24643,0.21420,0.21321,0.21584,0.21551,0.21815,0.04350,0.04120,0.04580,0.04251,0.04251,-54.51837,-3876.00000
0.25630,0.24906,0.25136,0.24676,0.24446,0.21946,0.21354,0.21847,0.21617,0.21190,0.04449,0.04284,0.04449,0.04218,0.04218,-54.16592,-3875.00000
0.24808,0.24676,0.24840,0.25400,0.24544,0.21354,0.21519,0.21519,0.21420,0.21880,0.04481,0.04185,0.04120,0.04416,0.04284,-54.16592,-3874.00000
0.24906,0.25235,0.25235,0.25827,0.24709,0.21551,0.21420,0.21716,0.21124,0.21946,0.04613,0.04580,0.04317,0.04712,0.04120,-52.77876,-3873.00000
0.24873,0.24972,0.24577,0.24775,0.24742,0.21223,0.21255,0.21354,0.22012,0.21288,0.04120,0.04449,0.04547,0.04679,0.04777,-52.77876,-3872.00000
0.24413,0.24972,0.24775,0.25367,0.25005,0.21223,0.21321,0.21157,0.21584,0.21617,0.04317,0.04383,0.04449,0.04712,0.04843,-52.56370,-3871.00000
0.25038,0.25005,0.24873,0.24709,0.24479,0.21420,0.21782,0.21321,0.21880,0.21420,0.04185,0.04153,0.04745,0.04021,0.04514,-52.56370,-3870.00000
0.24446,0.24742,0.24610,0.24808,0.24972,0.21255,0.21486,0.21354,0.21387,0.21058,0.04449,0.04054,0.04284,0.04416,0.04284,-53.10558,-3869.00000
0.25367,0.25005,0.25038,0.24643,0.24643,0.21847,0.21551,0.21551,0.21354,0.21551,0.04317,0.04547,0.04547,0.04580,0.04251,-53.10558,-3868.00000
0.25071,0.24281,0.24808,0.24676,0.25005,0.21288,0.21683,0.21880,0.21782,0.21025,0.04449,0.04514,0.04547,0.04218,0.04514,-52.37554,-3867.00000
0.25169,0.24972,0.25367,0.24972,0.25235,0.21354,0.21683,0.21223,0.21387,0.21617,0.04679,0.04218,0.04185,0.04514,0.03889,-52.37554,-3866.00000
0.24873,0.24808,0.25005,0.24742,0.24742,0.21486,0.21321,0.21321,0.21716,0.21650,0.04481,0.04449,0.04449,0.04218,0.04514,-52.18387,-3865.00000
0.25235,0.25071,0.24709,0.24643,0.25301,0.21519,0.21486,0.22143,0.21453,0.21453,0.04251,0.04514,0.04251,0.04481,0.04153,-52.18387,-3864.00000
0.25038,0.24610,0.25268,0.24906,0.24347,0.21913,0.21847,0.21255,0.21749,0.21716,0.04416,0.04679,0.04120,0.04317,0.04416,-51.85121,-3863.00000
0.25005,0.25104,0.25367,0.24873,0.24347,0.21288,0.21913,0.20861,0.21847,0.21288,0.04120,0.04153,0.04449,0.04251,0.04054,-51.85121,-3862.00000
0.25235,0.24742,0.24676,0.24676,0.25038,0.21453,0.21782,0.21387,0.21157,0.21617,0.04909,0.04514,0.04054,0.04416,0.04087,-51.96076,-3861.00000
0.25005,0.24643,0.25005,0.24972,0.24939,0.21551,0.21617,0.21288,0.21058,0.21354,0.04251,0.04580,0.04120,0.04185,0.04481,-51.96076,-3860.00000
0.24808,0.24676,0.25038,0.24873,0.24775,0.21420,0.21354,0.21453,0.22012,0.21716,0.04317,0.04383,0.04185,0.04580,0.04284,-51.86661,-3859.00000
0.25268,0.24216,0.24544,0.25038,0.24479,0.21782,0.21815,0.21453,0.21321,0.22045,0.04383,0.04054,0.04120,0.03955,0.04087,-51.86661,-3858.00000
0.25268,0.24709,0.25301,0.24906,0.24840,0.21223,0.21453,0.21058,0.21453,0.21025,0.04153,0.04514,0.04580,0.04745,0.04547,-52.19063,-3857.00000
0.25498,0.24643,0.24577,0.24840,0.25400,0.21519,0.21387,0.21453,0.21486,0.21321,0.04810,0.04383,0.04383,0.04481,0.04087,-52.19063,-3856.00000
0.25005,0.24775,0.25301,0.25005,0.25136,0.21584,0.21321,0.21288,0.21584,0.21650,0.04679,0.04383,0.04153,0.04449,0.04449,-52.07432,-3855.00000
0.24216,0.24939,0.24808,0.25136,0.24150,0.21716,0.21255,0.21420,0.21683,0.21716,0.04317,0.04185,0.04679,0.04185,0.04218,-52.07432,-3854.00000
0.24610,0.25136,0.24544,0.24216,0.25202,0.21354,0.21880,0.21124,0.21157,0.21782,0.03922,0.04646,0.04284,0.04580,0.04580,-52.67534,-3853.00000
0.24775,0.25169,0.24512,0.24775,0.25367,0.21486,0.21880,0.21420,0.21124,0.21354,0.04317,0.04745,0.04481,0.04777,0.04481,-52.67534,-3852.00000
0.24742,0.25531,0.24709,0.24808,0.24840,0.21453,0.21847,0.21683,0.21913,0.21354,0.04218,0.04613,0.04514,0.04251,0.04350,-52.65603,-3851.00000
0.25104,0.24544,0.25038,0.25268,0.24446,0.21551,0.21683,0.21617,0.21551,0.21584,0.04416,0.04481,0.04514,0.04449,0.04185,-52.65603,-3850.00000
0.24906,0.25005,0.24972,0.25038,0.25235,0.21321,0.21584,0.21617,0.21551,0.21453,0.04547,0.04284,0.04449,0.04284,0.04613,-53.87928,-3849.00000
0.25005,0.24840,0.25268,0.24939,0.25400,0.21420,0.22078,0.22012,0.21387,0.21223,0.04481,0.04514,0.04317,0.04481,0.04449,-53.87928,-3848.00000
0.24873,0.24709,0.25104,0.25005,0.24840,0.21617,0.21551,0.21847,0.21716,0.21650,0.04481,0.04481,0.04120,0.04514,0.04185,-54.72773,-3847.00000
0.25202,0.24676,0.25235,0.25202,0.24512,0.21288,0.21420,0.21157,0.22012,0.21486,0.04251,0.04876,0.04185,0.03922,0.04547,-54.72773,-3846.00000
0.24775,0.24643,0.24709,0.25268,0.25136,0.21453,0.21519,0.21354,0.21354,0.21716,0.04153,0.04646,0.04547,0.04185,0.04120,-54.62705,-3845.00000
0.25038,0.24840,0.24939,0.25301,0.24939,0.21486,0.21486,0.21749,0.21815,0.21979,0.04514,0.04449,0.04218,0.04251,0.04481,-54.62705,-3844.00000
0.25038,0.25169,0.25005,0.25071,0.25005,0.21716,0.21321,0.21617,0.21617,0.21519,0.04547,0.04284,0.04481,0.04449,0.04547,-53.96391,-3843.00000
0.24840,0.24676,0.24610,0.24544,0.25136,0.21782,0.21519,0.21387,0.21288,0.21321,0.04218,0.04284,0.04449,0.04416,0.04745,-53.96391,-3842.00000
0.24150,0.25268,0.24676,0.24446,0.25235,0.21420,0.21354,0.21387,0.21486,0.21420,0.04481,0.04613,0.04350,0.04745,0.04251,-54.36965,-3841.00000
0.25268,0.24643,0.24775,0.25268,0.24808,0.21453,0.21420,0.21650,0.21551,0.21124,0.04745,0.04087,0.04547,0.04251,0.04481,-54.36965,-3840.00000
0.24906,0.24347,0.24939,0.25038,0.24709,0.21321,0.21617,0.21486,0.21847,0.21683,0.04251,0.04284,0.04218,0.04810,0.04218,-54.82399,-3839.00000
0.24643,0.25432,0.25005,0.24939,0.24808,0.21847,0.21420,0.21551,0.21683,0.21551,0.04514,0.04284,0.04646,0.04547,0.04185,-54.82399,-3838.00000
0.24840,0.24643,0.25268,0.25038,0.25630,0.21584,0.21453,0.21584,0.21519,0.21749,0.04481,0.04449,0.04153,0.04679,0.04251,-54.20643,-3837.00000
0.24676,0.24972,0.24840,0.25465,0.25104,0.21486,0.21617,0.21617,0.21650,0.21551,0.04383,0.04449,0.04383,0.04481,0.04350,-54.20643,-3836.00000
0.25005,0.24873,0.24840,0.24676,0.24676,0.21486,0.21683,0.21519,0.21420,0.21617,0.04416,0.04679,0.04021,0.04777,0.04350,-53.68280,-3835.00000
0.25071,0.24709,0.24840,0.25104,0.24775,0.21617,0.21913,0.21255,0.21815,0.21913,0.04350,0.04514,0.04580,0.04745,0.04317,-53.68280,-3834.00000
0.24775,0.24709,0.25169,0.24314,0.24939,0.21650,0.21124,0.21354,0.21815,0.21946,0.04383,0.04580,0.04481,0.04383,0.04514,-53.29892,-3833.00000
0.24742,0.25038,0.25005,0.24972,0.24413,0.21749,0.21551,0.21815,0.21354,0.21946,0.04120,0.04481,0.04449,0.04383,0.04284,-53.29892,-3832.00000
0.24544,0.24972,0.24610,0.24939,0.24808,0.21223,0.21979,0.21815,0.21683,0.21091,0.04350,0.04120,0.04416,0.04416,0.04251,-53.01421,-3831.00000
0.24380,0.24742,0.24775,0.24742,0.24248,0.21847,0.21387,0.21551,0.21157,0.22078,0.04054,0.04317,0.04153,0.04317,0.04185,-53.01421,-3830.00000
0.25630,0.25104,0.24742,0.25104,0.24906,0.21288,0.21124,0.21880,0.21716,0.21749,0.04317,0.04120,0.04054,0.04547,0.04449,-52.34939,-3829.00000
0.24808,0.25071,0.24610,0.25038,0.25202,0.21551,0.21519,0.22078,0.21486,0.21091,0.04284,0.04284,0.04383,0.04317,0.04481,-52.34939,-3828.00000
0.24775,0.25301,0.25005,0.24775,0.25136,0.21749,0.21683,0.21387,0.21420,0.21847,0.04350,0.04514,0.04580,0.04613,0.04646,-51.71669,-3827.00000
0.25005,0.24544,0.24808,0.24939,0.25367,0.21091,0.21584,0.21617,0.21453,0.21321,0.04777,0.04481,0.04218,0.03857,0.04416,-51.71669,-3826.00000
0.24380,0.24742,0.24939,0.24840,0.25169,0.21519,0.21124,0.21617,0.21913,0.21453,0.04383,0.04185,0.04745,0.04054,0.04153,-52.25239,-3825.00000
0.24413,0.25202,0.24643,0.24873,0.25104,0.21650,0.21255,0.21716,0.21847,0.21124,0.04317,0.04383,0.04153,0.04087,0.04481,-52.25239,-3824.00000
0.25334,0.25038,0.24512,0.24972,0.25992,0.21453,0.22078,0.21650,0.21683,0.21387,0.04416,0.04481,0.04580,0.04153,0.03758,-52.25656,-3823.00000
0.24709,0.25104,0.25235,0.25136,0.24972,0.21617,0.21617,0.21716,0.20795,0.21683,0.04218,0.04481,0.04416,0.04350,0.04284,-52.25656,-3822.00000
0.24808,0.24742,0.24840,0.24709,0.24610,0.20894,0.21782,0.21979,0.21847,0.21880,0.04317,0.04251,0.04120,0.04350,0.04481,-53.34508,-3821.00000
0.24347,0.25597,0.24544,0.25301,0.24676,0.21617,0.21288,0.21486,0.21519,0.21815,0.04613,0.04712,0.04613,0.04416,0.04251,-53.34508,-3820.00000
0.24577,0.24906,0.25334,0.24643,0.24972,0.21683,0.20696,0.21749,0.21420,0.21420,0.04547,0.04514,0.04120,0.04810,0.04514,-52.90545,-3819.00000
0.25038,0.25169,0.24676,0.25005,0.24906,0.21551,0.21716,0.22012,0.21354,0.21551,0.04383,0.04481,0.04153,0.04317,0.04153,-52.90545,-3818.00000
0.24347,0.25038,0.24347,0.25202,0.25104,0.21255,0.21453,0.21847,0.21913,0.21486,0.04613,0.04185,0.04613,0.04251,0.04185,-53.33505,-3817.00000
0.24939,0.25268,0.25005,0.24808,0.24808,0.21453,0.21519,0.21354,0.21453,0.21453,0.04514,0.04777,0.04317,0.04218,0.04153,-53.33505,-3816.00000
0.25071,0.24512,0.24775,0.24873,0.24742,0.21847,0.21519,0.21815,0.20861,0.21749,0.04251,0.04580,0.04416,0.04350,0.04416,-52.51958,-3815.00000
0.24906,0.25498,0.24446,0.24939,0.24906,0.21058,0.21124,0.21979,0.21288,0.21255,0.04021,0.04218,0.04810,0.04416,0.04383,-52.51958,-3814.00000
0.25038,0.23985,0.24840,0.25268,0.24479,0.21617,0.21617,0.21486,0.21519,0.21782,0.04580,0.04251,0.04383,0.04284,0.04251,-52.54153,-3813.00000
0.24512,0.24544,0.25071,0.24314,0.24117,0.21124,0.21551,0.21190,0.21387,0.21650,0.04481,0.04449,0.03955,0.03857,0.04449,-52.54153,-3812.00000
0.24742,0.24972,0.25334,0.25202,0.25071,0.21420,0.21782,0.21519,0.21584,0.21486,0.04449,0.04810,0.04481,0.04449,0.04514,-53.18971,-3811.00000
0.24972,0.24643,0.24709,0.25235,0.25005,0.21420,0.21486,0.21617,0.21453,0.21486,0.04745,0.04350,0.03988,0.04251,0.04185,-53.18971,-3810.00000
0.24808,0.24906,0.24906,0.24939,0.24775,0.22012,0.21091,0.21551,0.21321,0.21420,0.03857,0.04185,0.04745,0.04317,0.04383,-53.71888,-3809.00000
0.24676,0.24873,0.24873,0.24643,0.24939,0.21551,0.21321,0.21617,0.21223,0.21354,0.04251,0.04185,0.03922,0.04185,0.04218,-53.71888,-3808.00000
0.24840,0.24479,0.25597,0.24906,0.24840,0.21486,0.20927,0.21519,0.21255,0.21321,0.04317,0.04679,0.04218,0.04087,0.04449,-53.92487,-3807.00000
0.24840,0.24906,0.24775,0.25005,0.24512,0.21650,0.21124,0.21387,0.21157,0.21650,0.04580,0.04383,0.04054,0.04087,0.04218,-53.92487,-3806.00000
0.24873,0.25038,0.25104,0.24873,0.24906,0.21716,0.21913,0.21321,0.21617,0.21124,0.04547,0.04613,0.04580,0.04481,0.04514,-53.80325,-3805.00000
0.24742,0.24676,0.24084,0.25169,0.24906,0.21486,0.21749,0.21617,0.21584,0.21782,0.04185,0.04317,0.04712,0.04745,0.04251,-53.80325,-3804.00000
0.24577,0.25334,0.24643,0.25268,0.24939,0.21486,0.21815,0.21157,0.21650,0.21847,0.04218,0.04153,0.04547,0.04449,0.04481,-54.32839,-3803.00000
0.24775,0.25432,0.24183,0.25071,0.24380,0.21223,0.21354,0.21190,0.21519,0.21486,0.04514,0.04251,0.04350,0.04054,0.04153,-54.32839,-3802.00000
0.24840,0.24544,0.25136,0.24544,0.24906,0.21354,0.21584,0.21617,0.21749,0.21749,0.04416,0.04350,0.04087,0.04251,0.04547,-53.86585,-3801.00000
0.25038,0.24808,0.24906,0.25038,0.25005,0.21420,0.21453,0.21157,0.21288,0.21288,0.04679,0.04646,0.04481,0.04153,0.04613,-53.86585,-3800.00000
0.24939,0.24676,0.25038,0.25038,0.24643,0.21486,0.21453,0.21584,0.21650,0.21190,0.04449,0.04547,0.04646,0.04251,0.04284,-53.02179,-3799.00000
0.24643,0.24544,0.24610,0.24544,0.25564,0.21617,0.21223,0.21617,0.21420,0.21420,0.04383,0.04514,0.04218,0.04416,0.04383,-53.02179,-3798.00000
0.25400,0.24972,0.24610,0.24380,0.25432,0.21519,0.21486,0.21584,0.21617,0.21354,0.04613,0.04449,0.04449,0.04547,0.04317,-53.15152,-3797.00000
0.25038,0.24906,0.24544,0.24775,0.25136,0.21486,0.21420,0.21420,0.21617,0.21321,0.04317,0.04481,0.04745,0.04416,0.04416,-53.15152,-3796.00000
0.25038,0.24577,0.24544,0.24873,0.24873,0.21354,0.21354,0.21223,0.21420,0.21486,0.04416,0.04481,0.04350,0.04679,0.04712,-52.78426,-3795.00000
0.24808,0.25663,0.24840,0.24840,0.24808,0.21749,0.21486,0.21519,0.21486,0.21519,0.04810,0.04218,0.04383,0.03922,0.04547,-52.78426,-3794.00000
0.24742,0.25005,0.24413,0.24577,0.25367,0.21551,0.21650,0.21782,0.21157,0.21716,0.04317,0.03988,0.04251,0.04514,0.04153,-52.48832,-3793.00000
0.25597,0.24676,0.25301,0.24380,0.25400,0.21650,0.21584,0.21847,0.21979,0.21913,0.04120,0.04317,0.04416,0.04646,0.04284,-52.48832,-3792.00000
0.24643,0.25367,0.24676,0.24281,0.25301,0.21782,0.21683,0.21190,0.21420,0.21157,0.04251,0.04547,0.04547,0.04054,0.04054,-52.72853,-3791.00000
0.25367,0.24676,0.24775,0.24840,0.25071,0.21617,0.21519,0.22209,0.21979,0.21420,0.04317,0.04416,0.04350,0.04580,0.04481,-52.72853,-3790.00000
0.25564,0.24577,0.24873,0.24775,0.24577,0.21650,0.21617,0.21913,0.21946,0.21058,0.03725,0.04416,0.04350,0.04449,0.04514,-52.14063,-3789.00000
0.25038,0.24808,0.24643,0.25202,0.25465,0.21551,0.21551,0.21354,0.21486,0.21650,0.04383,0.04777,0.04350,0.04383,0.04777,-52.14063,-3788.00000
0.24709,0.25334,0.25136,0.25005,0.25104,0.21157,0.21124,0.21420,0.21453,0.21190,0.04481,0.04679,0.04416,0.04317,0.04251,-51.96143,-3787.00000
0.24840,0.25038,0.25498,0.24446,0.24808,0.21749,0.21288,0.21815,0.21223,0.21551,0.04449,0.04449,0.04218,0.04087,0.04514,-51.96143,-3786.00000
0.24413,0.24380,0.25630,0.25005,0.24742,0.21584,0.21847,0.21387,0.21486,0.21617,0.04514,0.04251,0.04514,0.04185,0.04350,-51.29810,-3785.00000
0.24742,0.25400,0.24544,0.25400,0.25498,0.20861,0.21255,0.22012,0.21453,0.21420,0.04514,0.04153,0.04251,0.04613,0.04153,-51.29810,-3784.00000
0.25268,0.25071,0.24084,0.25597,0.24347,0.21453,0.21058,0.21288,0.21584,0.21683,0.04284,0.04087,0.04613,0.04317,0.04514,-51.84778,-3783.00000
0.24544,0.24906,0.25071,0.25400,0.24709,0.21782,0.21420,0.21584,0.21387,0.21617,0.04120,0.04284,0.04087,0.04876,0.04054,-51.84778,-3782.00000
0.24643,0.25104,0.24742,0.25268,0.24939,0.21617,0.22143,0.21190,0.21288,0.21157,0.04284,0.04481,0.04350,0.04251,0.04547,-51.48297,-3781.00000
0.24479,0.25498,0.24544,0.25202,0.25202,0.21946,0.21782,0.21815,0.21749,0.21519,0.04679,0.04646,0.03988,0.04449,0.04218,-51.48297,-3780.00000
0.25268,0.24709,0.25400,0.24873,0.25005,0.21683,0.21584,0.21486,0.21519,0.21387,0.04350,0.04777,0.04284,0.04218,0.04481,-51.67410,-3779.00000
0.25531,0.25432,0.24643,0.25301,0.24939,0.20894,0.21716,0.21288,0.21420,0.21782,0.04218,0.03988,0.04416,0.04317,0.04613,-51.67410,-3778.00000
0.25071,0.25498,0.24051,0.25531,0.25367,0.21519,0.21288,0.21387,0.21551,0.21387,0.04712,0.04514,0.04120,0.04580,0.04350,-52.05531,-3777.00000
0.25038,0.24873,0.24216,0.25432,0.24676,0.21683,0.22045,0.21815,0.21584,0.21782,0.04449,0.04284,0.03922,0.04777,0.04251,-52.05531,-3776.00000
0.24906,0.24840,0.24906,0.25104,0.25630,0.21551,0.21880,0.21551,0.21716,0.21453,0.04383,0.04383,0.04383,0.04350,0.04218,-52.17756,-3775.00000
0.24972,0.24873,0.25334,0.24446,0.24775,0.21551,0.21584,0.21420,0.21058,0.21782,0.04317,0.04481,0.04218,0.04120,0.04416,-52.17756,-3774.00000
0.24808,0.25334,0.25268,0.24873,0.25104,0.21979,0.21190,0.21387,0.21190,0.21617,0.04317,0.04580,0.03955,0.04185,0.04580,-53.40079,-3773.00000
0.24676,0.24248,0.25367,0.24906,0.25104,0.21255,0.21650,0.21321,0.21387,0.21584,0.04383,0.04449,0.04251,0.04514,0.04481,-53.40079,-3772.00000
0.24479,0.25038,0.24544,0.25005,0.24347,0.21288,0.21913,0.21288,0.21223,0.21584,0.04876,0.04613,0.04218,0.04416,0.04383,-53.29952,-3771.00000
0.25794,0.24117,0.24742,0.25071,0.25136,0.21321,0.21584,0.21584,0.21486,0.21190,0.04251,0.04416,0.04416,0.04185,0.04416,-53.29952,-3770.00000
0.25564,0.24544,0.25301,0.24413,0.25169,0.21716,0.21420,0.21815,0.21551,0.21617,0.04416,0.04251,0.04481,0.04218,0.04679,-53.69810,-3769.00000
0.24906,0.25136,0.24643,0.24939,0.24808,0.21387,0.21617,0.21617,0.21847,0.21387,0.04218,0.04416,0.04218,0.04021,0.04284,-53.69810,-3768.00000
0.24808,0.24840,0.25301,0.24939,0.25235,0.21486,0.21716,0.21486,0.21519,0.21519,0.04613,0.04416,0.04120,0.03955,0.04613,-53.64104,-3767.00000
0.25038,0.24183,0.25597,0.24380,0.25071,0.21946,0.21354,0.21913,0.21025,0.21551,0.04087,0.04054,0.04350,0.05008,0.04416,-53.64104,-3766.00000
0.25071,0.24610,0.24709,0.24775,0.24906,0.21617,0.21157,0.21650,0.21486,0.21453,0.04284,0.04712,0.04547,0.04218,0.04021,-53.99337,-3765.00000
0.24808,0.25432,0.24643,0.25038,0.25071,0.21091,0.21453,0.21420,0.20696,0.21716,0.04580,0.04383,0.04317,0.04317,0.04745,-53.99337,-3764.00000
0.24906,0.25301,0.24873,0.24709,0.24446,0.21815,0.21683,0.21617,0.21288,0.21519,0.04613,0.04021,0.04021,0.04153,0.04481,-53.68614,-3763.00000
0.24544,0.25104,0.25169,0.24808,0.25564,0.21453,0.21683,0.21486,0.21486,0.21519,0.04449,0.04317,0.04383,0.04185,0.04481,-53.68614,-3762.00000
0.24577,0.24972,0.24512,0.25104,0.24676,0.21255,0.21420,0.21354,0.21157,0.21551,0.04876,0.04251,0.04284,0.04350,0.04185,-53.38116,-3761.00000
0.24347,0.24742,0.24873,0.24380,0.24577,0.21255,0.21913,0.21058,0.21683,0.21716,0.04218,0.04449,0.04153,0.04021,0.04087,-53.38116,-3760.00000
0.24775,0.24183,0.24840,0.24643,0.24446,0.21551,0.21617,0.21584,0.21453,0.21617,0.04547,0.04218,0.04547,0.04317,0.04218,-54.75210,-3759.00000
0.24709,0.24972,0.24840,0.24709,0.25696,0.21815,0.21486,0.21749,0.21519,0.21025,0.04481,0.04218,0.04547,0.04120,0.04416,-54.75210,-3758.00000
0.24775,0.24610,0.25498,0.24972,0.24676,0.21716,0.21288,0.21650,0.21420,0.21420,0.04218,0.04514,0.04383,0.04021,0.04580,-54.52205,-3757.00000
0.24544,0.24643,0.24775,0.24577,0.24610,0.21486,0.21749,0.21519,0.21716,0.21880,0.04679,0.04317,0.04416,0.04153,0.04218,-54.52205,-3756.00000
0.24972,0.25761,0.24380,0.24840,0.24643,0.21321,0.22078,0.21058,0.21420,0.21124,0.04547,0.04416,0.04087,0.04054,0.04350,-54.28983,-3755.00000
0.24643,0.24742,0.24775,0.25169,0.24577,0.21584,0.21288,0.21354,0.21519,0.21058,0.04350,0.04185,0.04514,0.04514,0.04613,-54.28983,-3754.00000
0.24709,0.24544,0.24939,0.24840,0.25235,0.21683,0.21617,0.21288,0.21420,0.21650,0.04745,0.04646,0.04054,0.04350,0.04185,-53.48525,-3753.00000
0.24808,0.25005,0.24742,0.24709,0.24544,0.21913,0.21354,0.21321,0.21617,0.21288,0.04284,0.04514,0.04120,0.04449,0.04416,-53.48525,-3752.00000
0.25268,0.25038,0.24577,0.25400,0.24676,0.21387,0.21387,0.21453,0.21453,0.21650,0.04087,0.04317,0.04449,0.04712,0.03857,-53.57856,-3751.00000
0.24577,0.25301,0.24873,0.24479,0.25400,0.21255,0.21584,0.21453,0.21880,0.21223,0.04317,0.04514,0.04514,0.04317,0.04350,-53.57856,-3750.00000
0.24939,0.24380,0.24577,0.25104,0.24808,0.21091,0.21683,0.21847,0.21584,0.21321,0.04383,0.04317,0.04153,0.04416,0.04613,-53.56418,-3749.00000
0.24643,0.24775,0.24775,0.24479,0.25071,0.21354,0.21749,0.21321,0.21519,0.21453,0.04284,0.04481,0.04383,0.04317,0.04284,-53.56418,-3748.00000
0.24248,0.25268,0.24610,0.24840,0.24281,0.21716,0.21584,0.21321,0.21058,0.21420,0.04514,0.04153,0.04481,0.04481,0.04580,-52.72447,-3747.00000
0.25136,0.24413,0.24446,0.24972,0.24643,0.21551,0.21551,0.21749,0.21387,0.21190,0.04843,0.04251,0.04120,0.04416,0.04547,-52.72447,-3746.00000
0.24479,0.24281,0.25104,0.24281,0.24808,0.21486,0.21683,0.21420,0.21551,0.21288,0.04185,0.04218,0.04416,0.04350,0.04284,-52.71722,-3745.00000
0.24873,0.24972,0.24906,0.24808,0.24906,0.21387,0.21288,0.21223,0.21321,0.21288,0.04416,0.04383,0.04416,0.04547,0.04251,-52.71722,-3744.00000
0.24512,0.25136,0.24150,0.24183,0.24972,0.22012,0.21420,0.21223,0.21288,0.21683,0.04251,0.04514,0.04185,0.04547,0.04284,-51.85421,-3743.00000
0.25334,0.24873,0.24347,0.24380,0.24610,0.21683,0.21519,0.21650,0.21025,0.21584,0.04153,0.04317,0.04449,0.04317,0.04416,-51.85421,-3742.00000
0.25038,0.24117,0.25465,0.24808,0.24314,0.21354,0.21815,0.21683,0.21288,0.21486,0.04416,0.04350,0.04218,0.04449,0.04284,-51.61803,-3741.00000
0.23985,0.24479,0.24643,0.24676,0.25136,0.21650,0.21354,0.21453,0.21223,0.21749,0.04120,0.04580,0.04087,0.04383,0.04185,-51.61803,-3740.00000
0.24939,0.24972,0.24939,0.24742,0.25071,0.21683,0.21584,0.21650,0.21519,0.21551,0.04087,0.04449,0.04251,0.04317,0.04547,-51.92718,-3739.00000
0.24709,0.25005,0.24577,0.25104,0.24248,0.21551,0.22045,0.21453,0.21124,0.21584,0.04712,0.04580,0.03889,0.04153,0.04481,-51.92718,-3738.00000
0.24808,0.25104,0.24873,0.25169,0.24709,0.21058,0.21551,0.21453,0.21749,0.21124,0.04218,0.04646,0.03988,0.04021,0.04317,-51.92550,-3737.00000
0.25169,0.25334,0.24347,0.24742,0.24380,0.21387,0.21058,0.21650,0.21255,0.21288,0.04547,0.04251,0.04712,0.04514,0.04481,-51.92550,-3736.00000
0.24577,0.25498,0.24577,0.24808,0.24281,0.21190,0.21025,0.21551,0.21420,0.21387,0.04350,0.04514,0.04153,0.04449,0.03824,-52.99400,-3735.00000
0.25465,0.24610,0.24446,0.24972,0.24446,0.21716,0.21321,0.21584,0.21190,0.21091,0.03988,0.04580,0.04185,0.04284,0.04383,-52.99400,-3734.00000
0.24512,0.24775,0.25104,0.24216,0.24906,0.21190,0.21617,0.21519,0.21255,0.21058,0.04383,0.04416,0.04580,0.04449,0.04120,-53.43304,-3733.00000
0.25301,0.24906,0.24544,0.24840,0.24906,0.21584,0.21387,0.21453,0.21420,0.21255,0.04646,0.04153,0.04449,0.04284,0.04218,-53.43304,-3732.00000
0.24512,0.24808,0.23920,0.24380,0.24676,0.21617,0.21190,0.21025,0.21288,0.21551,0.04284,0.04481,0.04185,0.04514,0.04251,-54.04562,-3731.00000
0.24775,0.24216,0.25202,0.24150,0.24544,0.21223,0.21486,0.21223,0.21255,0.21321,0.04153,0.04383,0.04120,0.04120,0.04449,-54.04562,-3730.00000
0.24709,0.24906,0.25071,0.24742,0.24775,0.21617,0.21650,0.21420,0.21025,0.21058,0.04679,0.04350,0.04383,0.04251,0.04876,-54.49107,-3729.00000
0.24347,0.25104,0.24512,0.24577,0.24742,0.21880,0.21223,0.21584,0.21650,0.21650,0.04185,0.04580,0.04218,0.04284,0.04416,-54.49107,-3728.00000
0.25136,0.25202,0.24742,0.25005,0.24347,0.21486,0.21519,0.21157,0.21190,0.21486,0.04514,0.04383,0.04120,0.04317,0.04251,-54.26214,-3727.00000
0.24347,0.25005,0.24610,0.24906,0.24939,0.21683,0.21486,0.21288,0.21387,0.21617,0.04284,0.04383,0.03955,0.04284,0.04350,-54.26214,-3726.00000
0.25301,0.24216,0.24972,0.24972,0.24972,0.21091,0.21091,0.21321,0.21584,0.21551,0.04580,0.04613,0.04185,0.04185,0.04120,-54.48458,-3725.00000
0.24479,0.24676,0.24413,0.24676,0.24610,0.21584,0.20894,0.21321,0.21486,0.20992,0.04054,0.03988,0.04185,0.04120,0.04712,-54.48458,-3724.00000
0.24840,0.24380,0.24281,0.24873,0.24479,0.21420,0.21716,0.21354,0.21321,0.21683,0.04712,0.04481,0.03955,0.04514,0.04383,-54.94737,-3723.00000
0.24676,0.24544,0.24972,0.24808,0.25071,0.21782,0.21716,0.21321,0.21486,0.21354,0.04251,0.04416,0.04350,0.04251,0.04481,-54.94737,-3722.00000
0.24446,0.24610,0.24314,0.24709,0.25465,0.21519,0.21223,0.21551,0.21058,0.21288,0.04185,0.04054,0.04284,0.04284,0.04580,-54.05572,-3721.00000
0.24446,0.24610,0.24577,0.25169,0.24742,0.21683,0.21387,0.21354,0.21420,0.21091,0.04514,0.04416,0.04218,0.04153,0.04021,-54.05572,-3720.00000
0.24512,0.25104,0.24512,0.24873,0.24479,0.21551,0.21946,0.21420,0.21321,0.21847,0.04284,0.04054,0.03955,0.04218,0.04350,-53.42190,-3719.00000
0.24643,0.24117,0.24972,0.24380,0.25038,0.21387,0.21025,0.21453,0.21321,0.21486,0.03988,0.04481,0.04251,0.04613,0.04383,-53.42190,-3718.00000
0.24742,0.25071,0.24676,0.25432,0.24446,0.21486,0.21650,0.21321,0.22275,0.21617,0.04218,0.04679,0.04350,0.03988,0.04416,-52.81202,-3717.00000
0.24840,0.24544,0.24906,0.24873,0.25136,0.21716,0.21321,0.21157,0.21617,0.21551,0.04021,0.04251,0.04218,0.04449,0.04218,-52.81202,-3716.00000
0.25038,0.24840,0.24742,0.25268,0.24544,0.20959,0.21387,0.21124,0.21387,0.21880,0.04350,0.04120,0.04547,0.04514,0.04317,-53.13453,-3715.00000
0.24808,0.24248,0.24643,0.25104,0.25005,0.21321,0.21946,0.21223,0.21453,0.21420,0.04185,0.04284,0.04416,0.04120,0.04679,-53.13453,-3714.00000
0.24808,0.25728,0.24577,0.25005,0.24939,0.21716,0.21749,0.21321,0.21946,0.21650,0.04481,0.04514,0.03824,0.04481,0.04021,-52.60730,-3713.00000
0.24709,0.24742,0.24808,0.24643,0.25498,0.21880,0.21617,0.21288,0.21584,0.21650,0.04350,0.04218,0.04218,0.04350,0.04054,-52.60730,-3712.00000
0.24676,0.24775,0.24643,0.25564,0.24248,0.21354,0.21551,0.21255,0.21782,0.21354,0.04383,0.04449,0.03824,0.04514,0.04383,-51.69672,-3711.00000
0.24939,0.25038,0.24413,0.25597,0.24808,0.21584,0.21453,0.21486,0.21584,0.21190,0.04317,0.04580,0.04580,0.04613,0.04580,-51.69672,-3710.00000
0.24084,0.25104,0.24939,0.25334,0.24840,0.21584,0.21716,0.21321,0.21321,0.21683,0.04218,0.04481,0.04251,0.04185,0.04547,-51.65891,-3709.00000
0.24972,0.25005,0.25005,0.24939,0.24775,0.21453,0.21519,0.21321,0.21716,0.21749,0.04481,0.04383,0.04350,0.04580,0.04679,-51.65891,-3708.00000
0.24939,0.24808,0.24775,0.25301,0.24577,0.21288,0.21387,0.21749,0.21387,0.21519,0.04646,0.04449,0.04383,0.04416,0.04712,-51.43736,-3707.00000
0.24577,0.24577,0.25005,0.24873,0.24544,0.21584,0.21519,0.21091,0.21157,0.21354,0.04416,0.04383,0.04054,0.04679,0.04449,-51.43736,-3706.00000
0.24972,0.25498,0.24117,0.25005,0.24840,0.21157,0.21551,0.21453,0.21321,0.21486,0.04547,0.04350,0.04317,0.04350,0.04745,-51.12884,-3705.00000
0.24709,0.24544,0.24873,0.24676,0.25104,0.21683,0.21387,0.21650,0.21453,0.21157,0.04876,0.04120,0.04021,0.04350,0.04416,-51.12884,-3704.00000
0.24775,0.25432,0.24183,0.25136,0.25005,0.22045,0.21749,0.21288,0.21223,0.21124,0.04120,0.04054,0.04317,0.04284,0.04416,-52.37350,-3703.00000
0.24512,0.25465,0.24544,0.25005,0.24314,0.21584,0.21255,0.21617,0.21058,0.21519,0.04449,0.03922,0.04120,0.04646,0.04580,-52.37350,-3702.00000
0.24610,0.24873,0.24544,0.24577,0.24775,0.21617,0.21453,0.21617,0.21453,0.21683,0.04251,0.04416,0.04251,0.04021,0.04251,-51.60179,-3701.00000
0.24643,0.24084,0.24577,0.24709,0.24610,0.21815,0.22045,0.21124,0.21486,0.20894,0.04481,0.04350,0.04185,0.04514,0.04185,-51.60179,-3700.00000
0.24709,0.24380,0.25268,0.24544,0.24512,0.21420,0.21157,0.22012,0.21387,0.21617,0.04383,0.04021,0.04054,0.04317,0.04218,-51.73839,-3699.00000
0.24512,0.24084,0.24314,0.24972,0.24577,0.21650,0.21354,0.21782,0.21387,0.21782,0.04416,0.04777,0.04416,0.04317,0.04580,-51.73839,-3698.00000
0.24676,0.24775,0.24906,0.24216,0.24610,0.21453,0.21453,0.21354,0.21782,0.21584,0.04054,0.04547,0.04547,0.04449,0.04481,-51.96539,-3697.00000
0.24676,0.24347,0.24840,0.24972,0.25038,0.21157,0.21453,0.21255,0.21321,0.21847,0.04383,0.04481,0.04416,0.04514,0.04218,-51.96539,-3696.00000
0.24610,0.24479,0.25038,0.24577,0.25038,0.21387,0.21815,0.21749,0.21551,0.21420,0.04350,0.04251,0.04185,0.04745,0.04218,-53.34598,-3695.00000
0.24939,0.24840,0.24972,0.24446,0.25005,0.21321,0.21551,0.21420,0.21617,0.21486,0.04449,0.04251,0.04449,0.04777,0.04416,-53.34598,-3694.00000
0.24709,0.25104,0.25136,0.24512,0.25071,0.21420,0.21486,0.21650,0.21551,0.21255,0.04218,0.04317,0.04679,0.04284,0.04547,-53.08412,-3693.00000
0.24676,0.24544,0.24775,0.24544,0.24808,0.21157,0.20992,0.21716,0.21288,0.21321,0.04383,0.04613,0.04251,0.04185,0.04514,-53.08412,-3692.00000
0.24446,0.23821,0.24248,0.24840,0.24314,0.21091,0.21091,0.21321,0.21288,0.21453,0.04416,0.04120,0.04120,0.04646,0.04416,-53.52204,-3691.00000
0.24347,0.24150,0.24808,0.25071,0.24808,0.21387,0.21387,0.21420,0.21190,0.21124,0.04087,0.04514,0.04481,0.04317,0.04284,-53.52204,-3690.00000
0.24479,0.24972,0.24479,0.24479,0.24610,0.21091,0.21288,0.21223,0.21420,0.21354,0.04481,0.04580,0.04350,0.04679,0.04449,-54.08280,-3689.00000
0.24577,0.25761,0.24183,0.25432,0.24610,0.21387,0.20992,0.21321,0.21387,0.21453,0.04284,0.04514,0.04120,0.04153,0.04514,-54.08280,-3688.00000
0.24906,0.24742,0.24479,0.24446,0.24808,0.21321,0.20992,0.21025,0.20696,0.21584,0.04120,0.04679,0.04054,0.04021,0.04383,-54.19716,-3687.00000
0.25136,0.24709,0.25005,0.24544,0.25071,0.21223,0.21486,0.21913,0.21815,0.21617,0.04481,0.04745,0.04021,0.04514,0.04514,-54.19716,-3686.00000
0.25235,0.24939,0.25432,0.24676,0.24808,0.21749,0.21354,0.21551,0.21288,0.21453,0.04580,0.04185,0.04481,0.04251,0.04317,-54.25678,-3685.00000
0.24939,0.24709,0.24939,0.25498,0.24775,0.21354,0.21716,0.21288,0.21420,0.21486,0.04251,0.04185,0.04613,0.04251,0.04449,-54.25678,-3684.00000
0.24775,0.25104,0.25367,0.25005,0.25301,0.21913,0.21453,0.21453,0.21190,0.21420,0.04054,0.04383,0.04481,0.04745,0.04350,-53.08542,-3683.00000
0.25169,0.25005,0.24577,0.25038,0.24544,0.21519,0.22078,0.21716,0.21058,0.21223,0.04185,0.04481,0.04350,0.03988,0.04284,-53.08542,-3682.00000
0.24544,0.24676,0.24380,0.25235,0.24972,0.21354,0.21650,0.21749,0.21387,0.21354,0.04350,0.04185,0.04416,0.04120,0.04547,-52.98558,-3681.00000
0.25169,0.24544,0.25202,0.24314,0.24479,0.21190,0.21288,0.21321,0.21716,0.21288,0.03955,0.04350,0.04481,0.04777,0.04021,-52.98558,-3680.00000
0.24906,0.24577,0.24544,0.25136,0.24643,0.21453,0.21617,0.21453,0.21223,0.21058,0.04317,0.04613,0.04514,0.04514,0.04646,-52.57433,-3679.00000
0.24939,0.25071,0.24446,0.24643,0.24512,0.21683,0.21420,0.20927,0.21617,0.22078,0.04449,0.04547,0.04514,0.04383,0.04383,-52.57433,-3678.00000
0.25400,0.24643,0.24906,0.24906,0.24676,0.21486,0.21288,0.21749,0.21650,0.21288,0.04383,0.04449,0.04120,0.04350,0.04251,-52.13922,-3677.00000
0.24906,0.24775,0.24808,0.24709,0.24248,0.21453,0.21584,0.22012,0.21091,0.21782,0.04317,0.04613,0.04350,0.04185,0.04416,-52.13922,-3676.00000
0.25268,0.24840,0.24643,0.24775,0.25038,0.21486,0.21617,0.21683,0.21255,0.21420,0.04449,0.04054,0.04185,0.04251,0.04449,-52.37820,-3675.00000
0.24840,0.24840,0.24544,0.24939,0.25202,0.21025,0.21782,0.21782,0.21387,0.21058,0.04021,0.04021,0.04317,0.04317,0.04547,-52.37820,-3674.00000
0.24906,0.25038,0.24742,0.24906,0.24709,0.21782,0.21617,0.21551,0.22045,0.21321,0.04218,0.04350,0.04218,0.04054,0.04120,-51.56508,-3673.00000
0.24544,0.24610,0.24544,0.24906,0.25498,0.20959,0.21255,0.21453,0.21584,0.21716,0.04646,0.04087,0.04317,0.04416,0.04416,-51.56508,-3672.00000
0.24873,0.24643,0.25235,0.24446,0.25038,0.21749,0.21847,0.21683,0.21486,0.21058,0.04317,0.04481,0.04449,0.04514,0.04218,-49.31281,-3671.00000
0.24840,0.24906,0.25400,0.24808,0.24840,0.21354,0.21321,0.21288,0.21551,0.21979,0.04679,0.04350,0.04514,0.04613,0.04416,-49.31281,-3670.00000
0.24775,0.25169,0.24643,0.25334,0.24840,0.20894,0.21025,0.21716,0.21321,0.21683,0.04218,0.04317,0.04284,0.04054,0.04481,-50.05436,-3669.00000
0.25104,0.24117,0.24972,0.24742,0.24643,0.21321,0.21321,0.21354,0.21453,0.21519,0.04383,0.04383,0.04021,0.04547,0.04449,-50.05436,-3668.00000
0.25334,0.24577,0.25367,0.24808,0.25136,0.21420,0.21255,0.21551,0.21091,0.21650,0.04350,0.04251,0.04317,0.04514,0.04580,-48.13509,-3667.00000
0.24808,0.24643,0.25071,0.24873,0.24709,0.21387,0.21288,0.21617,0.21288,0.21486,0.04317,0.04350,0.04416,0.04580,0.04646,-48.13509,-3666.00000
0.24972,0.25038,0.24873,0.24610,0.25071,0.21190,0.21617,0.21453,0.21847,0.20894,0.04383,0.04218,0.04449,0.04449,0.04153,-47.99088,-3665.00000
0.24775,0.24512,0.24643,0.24808,0.24643,0.21354,0.21716,0.21321,0.21321,0.21190,0.04613,0.04218,0.04449,0.04350,0.04251,-47.99088,-3664.00000
0.25301,0.24840,0.25301,0.25367,0.24479,0.21913,0.21354,0.21519,0.21223,0.21420,0.04416,0.04481,0.04547,0.04383,0.04284,-48.85140,-3663.00000
0.24808,0.25202,0.24544,0.25301,0.25038,0.21650,0.21486,0.21091,0.21716,0.21354,0.04514,0.04284,0.04383,0.04383,0.04383,-48.85140,-3662.00000
0.25005,0.25104,0.24808,0.24446,0.24347,0.21091,0.21321,0.21880,0.22012,0.21486,0.04120,0.04514,0.04745,0.04481,0.04317,-50.75627,-3661.00000
0.24544,0.24840,0.24840,0.24906,0.24840,0.20828,0.21486,0.21288,0.21157,0.21321,0.04350,0.04284,0.04383,0.04449,0.04087,-50.75627,-3660.00000
0.25104,0.25334,0.25136,0.24577,0.24840,0.21354,0.21420,0.21288,0.21157,0.21058,0.04449,0.04021,0.04317,0.04350,0.04218,-52.40694,-3659.00000
0.24676,0.24742,0.25235,0.24676,0.25104,0.21683,0.21223,0.22012,0.21420,0.21519,0.04317,0.04218,0.04087,0.04416,0.04350,-52.40694,-3658.00000
0.24906,0.24084,0.25169,0.25465,0.24906,0.21486,0.21157,0.21025,0.21223,0.21354,0.04153,0.04613,0.04120,0.04153,0.04383,-53.39585,-3657.00000
0.24643,0.24840,0.24808,0.25136,0.25038,0.21486,0.21190,0.21749,0.22012,0.21354,0.04284,0.04383,0.04120,0.04383,0.04218,-53.39585,-3656.00000
0.24906,0.25005,0.24709,0.24643,0.25169,0.21420,0.21288,0.21782,0.21288,0.21223,0.04284,0.04383,0.04218,0.04613,0.04021,-53.38982,-3655.00000
0.24840,0.24446,0.24610,0.25268,0.24314,0.21815,0.21157,0.21190,0.20959,0.21124,0.04350,0.04120,0.04350,0.04514,0.04350,-53.38982,-3654.00000
0.24939,0.24808,0.24676,0.24544,0.24676,0.21979,0.21486,0.21321,0.21584,0.21716,0.04350,0.04777,0.03955,0.04185,0.04218,-52.69833,-3653.00000
0.24544,0.24676,0.25202,0.24413,0.24479,0.21420,0.21223,0.21486,0.21157,0.21519,0.04185,0.04481,0.04416,0.04613,0.04350,-52.69833,-3652.00000
0.24972,0.24281,0.24544,0.24775,0.24479,0.20992,0.21782,0.21321,0.21255,0.21946,0.04153,0.04218,0.04054,0.04449,0.04317,-52.32329,-3651.00000
0.24248,0.24972,0.25136,0.24084,0.24610,0.21288,0.21157,0.21321,0.21058,0.21321,0.04284,0.04251,0.04218,0.04416,0.04679,-52.32329,-3650.00000
0.25301,0.24676,0.24150,0.24742,0.24347,0.21880,0.21683,0.21387,0.21782,0.21716,0.04350,0.04054,0.04251,0.04481,0.04416,-52.66555,-3649.00000
0.24873,0.24742,0.24643,0.25169,0.24512,0.21321,0.21387,0.21584,0.21519,0.21519,0.04514,0.04416,0.04317,0.04218,0.04185,-52.66555,-3648.00000
0.24906,0.24972,0.24906,0.24544,0.25104,0.21420,0.21288,0.21255,0.21617,0.21255,0.04317,0.04185,0.04646,0.04317,0.04712,-52.78785,-3647.00000
0.24314,0.25136,0.25038,0.24216,0.24840,0.21815,0.22012,0.21321,0.21815,0.21782,0.04383,0.04153,0.04481,0.03955,0.04481,-52.78785,-3646.00000
0.24873,0.24183,0.24742,0.24512,0.24775,0.21091,0.21453,0.21190,0.21321,0.21420,0.04251,0.04514,0.04218,0.04284,0.04416,-52.25086,-3645.00000
0.24676,0.24479,0.24873,0.24577,0.24873,0.21880,0.21420,0.21584,0.21354,0.21519,0.04481,0.04449,0.04745,0.04185,0.04514,-52.25086,-3644.00000
0.24446,0.24577,0.24808,0.24972,0.24150,0.21354,0.21321,0.21387,0.21716,0.21223,0.04185,0.04481,0.04021,0.04613,0.04350,-51.87006,-3643.00000
0.24479,0.25038,0.24939,0.24479,0.24018,0.21354,0.21946,0.21584,0.21420,0.21453,0.04383,0.04383,0.04185,0.04284,0.04284,-51.87006,-3642.00000
0.24413,0.24544,0.25038,0.24972,0.24479,0.21288,0.21420,0.21584,0.21584,0.21091,0.04218,0.04449,0.04514,0.03988,0.04547,-51.16452,-3641.00000
0.24906,0.24544,0.24577,0.24577,0.24906,0.21288,0.21551,0.21584,0.21387,0.21551,0.04745,0.04449,0.04383,0.04613,0.04153,-51.16452,-3640.00000
0.25235,0.24939,0.25367,0.24347,0.24840,0.21749,0.22012,0.20959,0.21387,0.21486,0.04153,0.03922,0.04745,0.04317,0.04383,-50.90209,-3639.00000
0.24808,0.24939,0.24676,0.24610,0.24906,0.21782,0.21190,0.21420,0.21453,0.21321,0.04449,0.04218,0.04284,0.04449,0.04185,-50.90209,-3638.00000
0.24972,0.24840,0.24873,0.24709,0.24939,0.21288,0.21584,0.21453,0.21420,0.21190,0.04383,0.04679,0.04514,0.04383,0.04021,-51.78649,-3637.00000
0.25104,0.25071,0.24512,0.24873,0.24906,0.21091,0.21650,0.21321,0.21584,0.21650,0.04251,0.04087,0.04185,0.04317,0.04317,-51.78649,-3636.00000
0.24643,0.24840,0.24808,0.24577,0.24084,0.21716,0.21420,0.21420,0.21551,0.21124,0.04185,0.04284,0.04153,0.04449,0.04087,-51.47918,-3635.00000
0.24183,0.24742,0.24544,0.24413,0.24643,0.21815,0.21255,0.21617,0.21584,0.21157,0.04054,0.04514,0.04416,0.04218,0.04416,-51.47918,-3634.00000
0.24610,0.24775,0.24643,0.24808,0.25301,0.21420,0.21551,0.21782,0.21453,0.21255,0.04054,0.03857,0.04317,0.04580,0.04514,-51.87729,-3633.00000
0.24643,0.24709,0.25169,0.25038,0.24347,0.21782,0.21223,0.21420,0.21157,0.21815,0.04185,0.04481,0.04251,0.04449,0.04449,-51.87729,-3632.00000
0.24840,0.25104,0.24610,0.25038,0.25071,0.21157,0.21091,0.20992,0.20894,0.21749,0.03922,0.04218,0.04613,0.04547,0.04514,-52.94792,-3631.00000
0.24939,0.24479,0.25005,0.24314,0.24446,0.21288,0.21453,0.21025,0.21387,0.21255,0.04580,0.04251,0.04054,0.04251,0.04218,-52.94792,-3630.00000
0.24183,0.25202,0.23755,0.24248,0.24413,0.20762,0.21551,0.21387,0.21288,0.20861,0.04416,0.04580,0.04120,0.04383,0.03692,-52.47982,-3629.00000
0.24709,0.24413,0.25235,0.24248,0.24183,0.21288,0.21453,0.21650,0.21617,0.21617,0.04383,0.04449,0.04383,0.04481,0.04284,-52.47982,-3628.00000
0.24676,0.24742,0.25071,0.24544,0.24939,0.21255,0.20992,0.21749,0.21223,0.21617,0.04383,0.03889,0.04284,0.04317,0.04383,-52.42155,-3627.00000
0.24544,0.24577,0.24446,0.24380,0.24906,0.21453,0.21157,0.21486,0.21716,0.20894,0.04383,0.04218,0.04284,0.04218,0.04218,-52.42155,-3626.00000
0.24577,0.23985,0.24709,0.24906,0.25136,0.21321,0.21387,0.21255,0.21288,0.21551,0.04284,0.04251,0.04251,0.04449,0.04810,-53.41292,-3625.00000
0.24873,0.24150,0.24709,0.24972,0.25038,0.21683,0.21354,0.21782,0.21321,0.21650,0.04449,0.04481,0.04547,0.04810,0.04284,-53.41292,-3624.00000
0.25169,0.25005,0.24446,0.24643,0.24840,0.21716,0.21223,0.21617,0.21617,0.21683,0.04350,0.04284,0.04185,0.04087,0.04449,-54.10148,-3623.00000
0.25136,0.23722,0.25301,0.25005,0.24281,0.21486,0.21486,0.21551,0.21157,0.21584,0.04317,0.04120,0.04284,0.04679,0.04054,-54.10148,-3622.00000
0.24512,0.24808,0.25071,0.24544,0.25038,0.21486,0.21749,0.21321,0.21255,0.21584,0.04251,0.04185,0.04251,0.04054,0.04153,-54.50924,-3621.00000
0.24512,0.24413,0.24775,0.24709,0.24676,0.21847,0.21913,0.21519,0.20927,0.21617,0.04185,0.04284,0.04514,0.04383,0.04580,-54.50924,-3620.00000
0.24972,0.25136,0.24906,0.24610,0.24512,0.21420,0.20927,0.21190,0.21157,0.21420,0.04218,0.04120,0.04481,0.04745,0.04449,-54.49583,-3619.00000
0.24544,0.25005,0.24380,0.24972,0.24248,0.21453,0.21453,0.21486,0.21157,0.21650,0.04251,0.04383,0.04646,0.03922,0.04383,-54.49583,-3618.00000
0.24775,0.24676,0.24873,0.25400,0.25071,0.21025,0.21420,0.21617,0.21190,0.21190,0.03922,0.04284,0.04120,0.04317,0.04185,-54.17174,-3617.00000
0.24150,0.24742,0.24413,0.24906,0.24742,0.21420,0.21486,0.21453,0.21551,0.21387,0.04580,0.04120,0.03988,0.04251,0.04185,-54.17174,-3616.00000
0.25005,0.24840,0.24610,0.24314,0.23952,0.21321,0.21091,0.21354,0.21420,0.21124,0.04153,0.04317,0.04514,0.04646,0.04317,-54.34417,-3615.00000
0.24676,0.24709,0.24610,0.24840,0.24380,0.21255,0.21453,0.21617,0.21255,0.21617,0.04613,0.04251,0.04153,0.04416,0.04120,-54.34417,-3614.00000
0.24314,0.24347,0.24643,0.25071,0.24117,0.21683,0.21617,0.21716,0.21486,0.21387,0.04416,0.04712,0.04350,0.04251,0.03988,-54.07394,-3613.00000
0.24808,0.24577,0.25136,0.24512,0.24380,0.21453,0.21223,0.21157,0.21354,0.21190,0.04679,0.04514,0.04580,0.04350,0.04350,-54.07394,-3612.00000
0.24018,0.25235,0.24216,0.24248,0.25268,0.21223,0.21453,0.21288,0.21683,0.21321,0.04120,0.04120,0.04481,0.04416,0.04580,-53.29429,-3611.00000
0.24347,0.24544,0.24183,0.24643,0.24577,0.21453,0.21288,0.20992,0.21847,0.21486,0.03857,0.04745,0.04284,0.04284,0.04021,-53.29429,-3610.00000
0.24216,0.24873,0.24676,0.24972,0.24643,0.21650,0.21815,0.21584,0.21551,0.21650,0.04120,0.04153,0.04284,0.04350,0.04153,-52.72625,-3609.00000
0.24347,0.25071,0.24972,0.24183,0.25268,0.21223,0.21551,0.21387,0.21847,0.21551,0.04481,0.04745,0.04679,0.04185,0.04153,-52.72625,-3608.00000
0.24972,0.24742,0.24709,0.25071,0.24380,0.21354,0.21453,0.21683,0.21223,0.22176,0.04449,0.04383,0.04350,0.04251,0.04449,-52.00277,-3607.00000
0.25136,0.25071,0.24643,0.25235,0.24314,0.21288,0.21486,0.21354,0.21025,0.21223,0.04185,0.04087,0.04120,0.04185,0.04383,-52.00277,-3606.00000
0.24281,0.24906,0.24544,0.24577,0.24413,0.21124,0.20927,0.21321,0.21749,0.21782,0.04218,0.04218,0.04087,0.04350,0.04120,-51.93156,-3605.00000
0.24314,0.25071,0.24808,0.24183,0.24939,0.21223,0.22111,0.21223,0.21157,0.21190,0.04185,0.04087,0.04449,0.04185,0.04021,-51.93156,-3604.00000
0.24906,0.25235,0.24676,0.24544,0.24873,0.21584,0.21551,0.21255,0.21321,0.20959,0.04054,0.04383,0.04054,0.04514,0.04087,-51.80562,-3603.00000
0.24709,0.24544,0.24939,0.25005,0.24117,0.21716,0.21420,0.21058,0.21847,0.21420,0.04284,0.04317,0.04383,0.04383,0.04416,-51.80562,-3602.00000
0.24906,0.24183,0.24840,0.24742,0.24873,0.21551,0.21420,0.21519,0.21551,0.21387,0.04416,0.04284,0.04218,0.04251,0.04514,-51.75242,-3601.00000
0.25071,0.24446,0.24775,0.24742,0.24873,0.21716,0.21486,0.21551,0.21321,0.21420,0.04383,0.04514,0.04646,0.04383,0.03857,-51.75242,-3600.00000
0.25005,0.24347,0.25169,0.24446,0.24972,0.21486,0.21354,0.21782,0.22078,0.21749,0.04383,0.04251,0.04449,0.04317,0.04284,-52.43383,-3599.00000
0.25038,0.24709,0.24972,0.24544,0.24808,0.21617,0.21683,0.21058,0.21749,0.21321,0.04350,0.04120,0.04317,0.04021,0.04218,-52.43383,-3598.00000
0.24610,0.24577,0.25104,0.24051,0.24544,0.21551,0.21519,0.21782,0.21519,0.21584,0.04317,0.04416,0.04185,0.04481,0.04547,-52.53039,-3597.00000
0.25169,0.24183,0.24709,0.25465,0.24544,0.21157,0.21288,0.21223,0.21255,0.21091,0.04284,0.04449,0.04185,0.04284,0.04185,-52.53039,-3596.00000
0.24446,0.24939,0.24676,0.24577,0.24742,0.21880,0.21453,0.21551,0.21288,0.21288,0.04383,0.04416,0.04054,0.04383,0.04416,-52.55182,-3595.00000
0.24840,0.25367,0.24643,0.24314,0.24676,0.21617,0.21815,0.21025,0.21321,0.21288,0.03889,0.03988,0.04251,0.04284,0.03889,-52.55182,-3594.00000
0.25268,0.24840,0.25038,0.24808,0.24873,0.21288,0.20894,0.21453,0.21486,0.21354,0.04284,0.04317,0.04021,0.04251,0.04679,-52.39407,-3593.00000
0.24972,0.24216,0.24610,0.25202,0.24775,0.21288,0.21420,0.21025,0.21716,0.21519,0.04547,0.04087,0.04613,0.04284,0.04383,-52.39407,-3592.00000
0.25038,0.24413,0.25104,0.24018,0.24610,0.21519,0.20927,0.20927,0.21190,0.21321,0.04251,0.04514,0.04580,0.04350,0.04153,-53.25270,-3591.00000
0.24906,0.24347,0.24808,0.24347,0.24314,0.21420,0.21519,0.21519,0.21486,0.21223,0.04810,0.04284,0.04218,0.04547,0.04087,-53.25270,-3590.00000
0.24709,0.24446,0.25498,0.24808,0.25136,0.21288,0.21617,0.21519,0.21551,0.21223,0.04317,0.04481,0.04153,0.04745,0.04449,-53.72108,-3589.00000
0.24808,0.24577,0.24183,0.24643,0.24742,0.21946,0.21420,0.21157,0.21321,0.21091,0.04613,0.04350,0.04185,0.04251,0.04317,-53.72108,-3588.00000
0.24347,0.24939,0.24906,0.24676,0.24446,0.21157,0.21321,0.21782,0.21255,0.21650,0.04153,0.04153,0.04383,0.04383,0.03988,-55.65693,-3587.00000
0.25005,0.25038,0.24906,0.25071,0.24479,0.22012,0.21190,0.21288,0.21354,0.21354,0.04251,0.04218,0.04646,0.04383,0.04153,-55.65693,-3586.00000
0.25367,0.23821,0.24873,0.24709,0.25071,0.21617,0.20959,0.21354,0.20992,0.21519,0.04350,0.04350,0.04383,0.04054,0.04547,-55.92417,-3585.00000
0.24610,0.24808,0.24479,0.24577,0.24873,0.21453,0.21749,0.21584,0.21420,0.21782,0.04350,0.04383,0.03988,0.04416,0.04021,-55.92417,-3584.00000
0.25038,0.24577,0.24808,0.24972,0.25400,0.21321,0.21255,0.21190,0.20959,0.21255,0.04317,0.04449,0.03791,0.04251,0.04416,-54.61980,-3583.00000
0.24512,0.24479,0.25169,0.24413,0.25071,0.21288,0.21321,0.21321,0.21782,0.21551,0.04251,0.04087,0.04120,0.04383,0.04120,-54.61980,-3582.00000
0.24808,0.24939,0.24084,0.24808,0.25136,0.21650,0.21716,0.21617,0.21880,0.21190,0.04218,0.04679,0.04251,0.03824,0.03889,-54.12142,-3581.00000
0.24873,0.24873,0.25400,0.25104,0.24610,0.20927,0.21387,0.21880,0.21815,0.21584,0.04054,0.04185,0.03988,0.04383,0.04284,-54.12142,-3580.00000
0.24972,0.24314,0.24808,0.24479,0.25235,0.21749,0.21124,0.21420,0.21321,0.21354,0.04218,0.04514,0.04481,0.04350,0.04416,-53.91618,-3579.00000
0.25432,0.24347,0.25367,0.24676,0.24676,0.21617,0.21321,0.21190,0.21157,0.21255,0.04416,0.04580,0.04679,0.04580,0.04153,-53.91618,-3578.00000
0.24939,0.24676,0.25005,0.25038,0.24544,0.21354,0.21223,0.21453,0.21387,0.21749,0.04350,0.04350,0.04514,0.04120,0.04481,-53.42049,-3577.00000
0.24183,0.24643,0.25071,0.24775,0.24577,0.21617,0.21486,0.21190,0.21387,0.21025,0.04810,0.04449,0.04383,0.04383,0.04514,-53.42049,-3576.00000
0.24413,0.25169,0.24413,0.25531,0.24183,0.20927,0.21519,0.21584,0.22111,0.21354,0.04449,0.04514,0.03955,0.04087,0.04087,-52.85527,-3575.00000
0.24314,0.24972,0.24906,0.24972,0.23821,0.21749,0.21749,0.21683,0.21420,0.21551,0.04317,0.04153,0.04416,0.04153,0.03988,-52.85527,-3574.00000
0.24873,0.24084,0.24808,0.24314,0.24018,0.21354,0.21190,0.21354,0.21288,0.21486,0.04218,0.04218,0.04350,0.04547,0.04284,-51.05654,-3573.00000
0.24610,0.24643,0.24446,0.24972,0.24380,0.21387,0.21519,0.21124,0.21058,0.20894,0.04153,0.04021,0.04350,0.04547,0.04416,-51.05654,-3572.00000
0.24347,0.24446,0.24544,0.24709,0.24018,0.21913,0.20828,0.20861,0.21255,0.21058,0.04481,0.04185,0.04350,0.04185,0.04481,-49.34175,-3571.00000
0.24577,0.24183,0.24709,0.24347,0.23920,0.21157,0.21223,0.21025,0.21223,0.21223,0.04350,0.04481,0.04218,0.03955,0.04153,-49.34175,-3570.00000
0.24446,0.24479,0.24084,0.24676,0.24413,0.20927,0.21486,0.21420,0.21354,0.21288,0.04185,0.04416,0.04284,0.04383,0.04317,-47.16111,-3569.00000
0.24775,0.24544,0.25005,0.24544,0.25202,0.20927,0.21551,0.21551,0.21157,0.21288,0.04218,0.04087,0.04218,0.04087,0.04317,-47.16111,-3568.00000
0.24808,0.24347,0.25038,0.24676,0.24873,0.20861,0.21255,0.21223,0.21650,0.21650,0.04317,0.04317,0.04580,0.04646,0.04251,-47.22313,-3567.00000
0.25432,0.24380,0.24544,0.24610,0.24544,0.21288,0.21486,0.21288,0.21091,0.21190,0.04416,0.04416,0.04580,0.04416,0.04350,-47.22313,-3566.00000
0.25071,0.24709,0.24906,0.24347,0.24248,0.21420,0.21255,0.20927,0.21420,0.21354,0.03889,0.03791,0.04284,0.04449,0.04120,-48.57006,-3565.00000
0.24544,0.24544,0.25071,0.25038,0.24248,0.21387,0.21420,0.21617,0.21551,0.20927,0.04777,0.04218,0.03988,0.04185,0.04547,-48.57006,-3564.00000
0.24216,0.25071,0.25071,0.24808,0.24939,0.21190,0.21551,0.21354,0.21420,0.21551,0.04120,0.04350,0.04449,0.04251,0.04087,-50.14441,-3563.00000
0.25202,0.24775,0.25071,0.24610,0.24643,0.21321,0.21880,0.21091,0.21190,0.21387,0.04613,0.04580,0.04251,0.03955,0.04580,-50.14441,-3562.00000
0.24610,0.24808,0.24840,0.24314,0.24512,0.21420,0.21584,0.21058,0.21124,0.21420,0.04843,0.04317,0.04284,0.04087,0.04218,-51.20257,-3561.00000
0.25071,0.25334,0.24577,0.25235,0.24709,0.21321,0.21683,0.21354,0.21584,0.21255,0.04383,0.04481,0.03955,0.04712,0.04317,-51.20257,-3560.00000
0.25136,0.25432,0.25038,0.24413,0.24643,0.21058,0.21091,0.20992,0.21584,0.21321,0.04580,0.04218,0.04284,0.04153,0.04547,-51.76340,-3559.00000
0.24676,0.24413,0.24972,0.24314,0.24873,0.21716,0.21157,0.21420,0.22143,0.21584,0.04153,0.04712,0.04251,0.04153,0.04284,-51.76340,-3558.00000
0.24577,0.24380,0.24840,0.25202,0.24676,0.21420,0.21650,0.21190,0.21288,0.21058,0.04284,0.04284,0.04317,0.04153,0.04185,-52.74693,-3557.00000
0.24808,0.24709,0.24840,0.24577,0.25202,0.21584,0.21749,0.21617,0.21946,0.21288,0.04547,0.04350,0.04383,0.04218,0.04317,-52.74693,-3556.00000
0.24906,0.24479,0.24709,0.24873,0.24512,0.21683,0.20959,0.21354,0.21683,0.21288,0.04153,0.04449,0.04087,0.04547,0.04087,-52.66253,-3555.00000
0.25465,0.24479,0.24610,0.24577,0.24808,0.21551,0.21683,0.21716,0.21453,0.21782,0.04547,0.04514,0.04284,0.04120,0.04580,-52.66253,-3554.00000
0.24084,0.24742,0.25071,0.24742,0.24775,0.21420,0.21288,0.21551,0.21584,0.21255,0.04712,0.03955,0.04416,0.03824,0.04251,-53.87521,-3553.00000
0.24512,0.25104,0.25071,0.24775,0.24314,0.21157,0.21321,0.21749,0.20992,0.21716,0.04153,0.04350,0.03889,0.04416,0.04514,-53.87521,-3552.00000
0.24873,0.25136,0.24413,0.24906,0.25104,0.21979,0.21519,0.21354,0.21453,0.21354,0.03988,0.04185,0.04350,0.04547,0.04449,-53.70762,-3551.00000
0.24577,0.24742,0.24808,0.24479,0.24840,0.20992,0.21913,0.21782,0.21519,0.21650,0.04251,0.03988,0.04284,0.04185,0.04153,-53.70762,-3550.00000
0.24544,0.24808,0.24479,0.25071,0.24216,0.21255,0.21058,0.21519,0.21157,0.21486,0.04284,0.04350,0.04580,0.03955,0.04185,-54.61016,-3549.00000
0.24544,0.24939,0.24281,0.25038,0.25301,0.21190,0.20894,0.21519,0.21979,0.21617,0.04613,0.04383,0.04449,0.04646,0.04547,-54.61016,-3548.00000
0.24742,0.24939,0.24544,0.24413,0.25169,0.21453,0.21255,0.21223,0.21288,0.21321,0.04087,0.04317,0.04021,0.04383,0.04185,-54.07510,-3547.00000
0.24413,0.24512,0.25169,0.24610,0.24906,0.21815,0.21782,0.21190,0.21584,0.21288,0.04251,0.04218,0.04153,0.04646,0.04350,-54.07510,-3546.00000
0.24610,0.24939,0.24873,0.24840,0.24577,0.21288,0.21650,0.21716,0.21584,0.21486,0.04021,0.04021,0.04350,0.04383,0.04317,-54.61079,-3545.00000
0.25136,0.25071,0.24281,0.24742,0.24742,0.21420,0.21749,0.21091,0.21288,0.21584,0.04416,0.04449,0.04481,0.04416,0.04383,-54.61079,-3544.00000
0.24314,0.24808,0.24840,0.24446,0.25301,0.21288,0.21979,0.21420,0.20927,0.21847,0.04383,0.03922,0.04284,0.04251,0.04185,-54.19749,-3543.00000
0.24084,0.24939,0.23920,0.24742,0.24610,0.21453,0.21321,0.21321,0.21288,0.21058,0.04383,0.04481,0.04054,0.04580,0.04054,-54.19749,-3542.00000
0.24873,0.24512,0.24676,0.24742,0.24840,0.21091,0.21157,0.21091,0.21486,0.21157,0.04383,0.04317,0.03988,0.04745,0.04449,-52.69933,-3541.00000
0.25202,0.24808,0.24709,0.25301,0.24709,0.21025,0.20894,0.21683,0.21617,0.21453,0.04251,0.04021,0.04153,0.04251,0.03725,-52.69933,-3540.00000
0.24610,0.24742,0.23689,0.25104,0.23887,0.21420,0.21288,0.20927,0.21551,0.21584,0.04317,0.04185,0.04514,0.04218,0.04284,-52.63873,-3539.00000
0.24413,0.25268,0.24084,0.24413,0.24544,0.21255,0.21584,0.21683,0.21716,0.21617,0.04185,0.04021,0.04547,0.04580,0.04383,-52.63873,-3538.00000
0.24742,0.24709,0.25169,0.25005,0.24413,0.21157,0.21321,0.21387,0.22143,0.21584,0.04021,0.04284,0.04153,0.04514,0.03988,-51.71487,-3537.00000
0.24742,0.24281,0.24216,0.24676,0.24709,0.21223,0.21255,0.21650,0.21157,0.21321,0.04481,0.04547,0.04120,0.04449,0.04383,-51.71487,-3536.00000
0.24413,0.24939,0.24577,0.24610,0.24873,0.21453,0.21387,0.21354,0.21551,0.21124,0.04284,0.04383,0.04153,0.04613,0.04284,-51.79738,-3535.00000
0.24577,0.24479,0.24512,0.25136,0.24281,0.21453,0.21650,0.21288,0.20762,0.21321,0.04481,0.04350,0.04054,0.04284,0.04481,-51.79738,-3534.00000
0.25005,0.24610,0.24314,0.25202,0.24347,0.21025,0.21157,0.21749,0.21223,0.21354,0.04087,0.04185,0.04251,0.04350,0.04679,-51.43336,-3533.00000
0.24577,0.24544,0.24446,0.25202,0.24347,0.21223,0.21321,0.21255,0.21420,0.21716,0.04284,0.04153,0.04185,0.04153,0.04679,-51.43336,-3532.00000
0.24873,0.24544,0.24446,0.24775,0.24512,0.21387,0.21716,0.20894,0.21453,0.22045,0.04218,0.04350,0.04185,0.03988,0.04416,-52.40125,-3531.00000
0.24775,0.24676,0.24544,0.24808,0.25104,0.21913,0.21321,0.21157,0.20861,0.21650,0.04350,0.04317,0.04185,0.04251,0.04317,-52.40125,-3530.00000
0.24183,0.24775,0.24248,0.24281,0.24577,0.21880,0.21453,0.21453,0.21650,0.21453,0.04350,0.04185,0.04218,0.04416,0.04284,-51.57172,-3529.00000
0.24248,0.24676,0.24281,0.24709,0.25071,0.21255,0.21683,0.21387,0.21387,0.21321,0.04350,0.04185,0.04580,0.03988,0.04218,-51.57172,-3528.00000
0.24808,0.24873,0.25268,0.24939,0.24446,0.20894,0.21354,0.21387,0.21584,0.21617,0.04185,0.04185,0.04153,0.04054,0.04251,-52.36789,-3527.00000
0.25169,0.25268,0.24610,0.24775,0.24051,0.21025,0.21650,0.21453,0.21223,0.21420,0.04481,0.04284,0.04284,0.04514,0.03988,-52.36789,-3526.00000
0.23821,0.24873,0.24413,0.24446,0.24676,0.21551,0.20959,0.21617,0.21453,0.21453,0.04317,0.04613,0.04580,0.04251,0.04350,-53.17613,-3525.00000
0.24808,0.24610,0.24544,0.25235,0.24314,0.21354,0.21157,0.21453,0.21453,0.21387,0.04416,0.04810,0.04087,0.03758,0.04481,-53.17613,-3524.00000
0.24742,0.25235,0.24544,0.24709,0.24808,0.21321,0.21519,0.21321,0.21486,0.21321,0.04317,0.04317,0.04449,0.04449,0.04350,-53.80242,-3523.00000
0.25071,0.24446,0.25005,0.24775,0.24906,0.21058,0.21321,0.21420,0.21617,0.21683,0.04383,0.04120,0.04646,0.03955,0.03988,-53.80242,-3522.00000
0.24216,0.24314,0.24873,0.25169,0.24808,0.21124,0.21584,0.21288,0.21617,0.21782,0.04185,0.04185,0.04120,0.04383,0.04416,-53.80795,-3521.00000
0.24643,0.25038,0.25005,0.24972,0.25005,0.21354,0.21255,0.21584,0.21420,0.21683,0.04449,0.04054,0.04251,0.04021,0.04054,-53.80795,-3520.00000
0.25334,0.24577,0.24610,0.24183,0.24742,0.21617,0.21387,0.21157,0.21420,0.21288,0.04153,0.03955,0.04449,0.04449,0.04514,-54.11833,-3519.00000
0.25334,0.24577,0.24446,0.24906,0.24544,0.21190,0.21617,0.21420,0.21354,0.20927,0.04218,0.04416,0.04350,0.04251,0.04218,-54.11833,-3518.00000
0.25038,0.24709,0.24643,0.24380,0.24347,0.21486,0.21288,0.21749,0.21617,0.21223,0.04350,0.04547,0.04679,0.04317,0.04449,-53.99276,-3517.00000
0.24248,0.25038,0.24840,0.25169,0.24972,0.21288,0.21584,0.21486,0.21255,0.21749,0.04120,0.04218,0.04021,0.04514,0.04481,-53.99276,-3516.00000
0.24446,0.24380,0.24873,0.24512,0.25038,0.21716,0.21190,0.21354,0.21387,0.21420,0.04218,0.04350,0.04054,0.04054,0.04317,-53.48075,-3515.00000
0.24676,0.24479,0.24939,0.24544,0.24183,0.21420,0.21223,0.21519,0.21223,0.21519,0.04317,0.04153,0.04185,0.04416,0.03988,-53.48075,-3514.00000
0.24709,0.25005,0.24643,0.24610,0.24873,0.20992,0.21387,0.21519,0.21551,0.22078,0.04547,0.04251,0.04481,0.04416,0.04317,-53.37124,-3513.00000
0.24906,0.24216,0.24742,0.25038,0.25071,0.21584,0.21617,0.21354,0.21091,0.21025,0.04317,0.04514,0.04251,0.04185,0.04218,-53.37124,-3512.00000
0.24544,0.24610,0.24281,0.24512,0.24577,0.21157,0.21255,0.21091,0.21255,0.21288,0.04449,0.04449,0.04449,0.04251,0.03955,-53.62898,-3511.00000
0.24840,0.24380,0.24544,0.24446,0.24512,0.21387,0.21321,0.21190,0.21420,0.21321,0.04383,0.04153,0.04317,0.04481,0.04449,-53.62898,-3510.00000
0.24840,0.25104,0.25038,0.24840,0.24808,0.21157,0.21650,0.21288,0.21321,0.21288,0.04153,0.04185,0.04284,0.04449,0.04317,-53.82621,-3509.00000
0.24479,0.24446,0.24643,0.24512,0.24347,0.20861,0.21420,0.21486,0.21354,0.21354,0.04218,0.04383,0.04054,0.04383,0.04153,-53.82621,-3508.00000
0.24972,0.24347,0.24577,0.24906,0.24380,0.21453,0.21091,0.21749,0.21190,0.21551,0.04284,0.04317,0.04251,0.04317,0.04054,-52.54543,-3507.00000
0.25268,0.24808,0.24544,0.25038,0.24183,0.21880,0.21321,0.21223,0.21288,0.21190,0.04317,0.04218,0.04317,0.04383,0.04317,-52.54543,-3506.00000
0.24840,0.25104,0.24413,0.24610,0.24446,0.22012,0.21551,0.21387,0.21255,0.21486,0.04416,0.03988,0.04317,0.03922,0.03988,-51.98316,-3505.00000
0.24939,0.24446,0.23920,0.24906,0.24939,0.21551,0.21519,0.21157,0.21453,0.21223,0.04317,0.03922,0.04185,0.04153,0.04383,-51.98316,-3504.00000
0.24446,0.24610,0.24775,0.24479,0.25005,0.21486,0.20992,0.21420,0.21486,0.21157,0.04613,0.04251,0.04481,0.04383,0.04317,-51.28943,-3503.00000
0.24577,0.24512,0.25005,0.24248,0.25005,0.21617,0.21453,0.21091,0.21354,0.21288,0.04251,0.04185,0.04350,0.04185,0.04120,-51.28943,-3502.00000
0.25005,0.25136,0.24808,0.24775,0.24709,0.21223,0.21223,0.21255,0.21551,0.21255,0.04514,0.04514,0.04317,0.04416,0.03758,-52.17792,-3501.00000
0.25235,0.24183,0.24775,0.24479,0.23920,0.21091,0.21223,0.21420,0.21321,0.21584,0.04449,0.03659,0.04251,0.04547,0.04449,-52.17792,-3500.00000
0.24446,0.24873,0.24216,0.25038,0.24479,0.21288,0.21486,0.21551,0.21354,0.21354,0.04153,0.03791,0.04251,0.04120,0.04218,-52.44882,-3499.00000
0.24939,0.25104,0.25104,0.23854,0.24972,0.21420,0.21617,0.21190,0.21420,0.21354,0.04251,0.04218,0.03988,0.04218,0.04087,-52.44882,-3498.00000
0.24939,0.25071,0.24413,0.24775,0.24939,0.21255,0.21519,0.21124,0.21157,0.21223,0.04218,0.04383,0.04218,0.04218,0.04317,-52.60869,-3497.00000
0.24577,0.24775,0.24873,0.24446,0.24906,0.21321,0.21420,0.21584,0.21420,0.21190,0.04481,0.04185,0.04350,0.04416,0.03791,-52.60869,-3496.00000
0.24676,0.24742,0.24972,0.24709,0.24709,0.21321,0.21387,0.21453,0.21124,0.21288,0.04449,0.04317,0.04416,0.04449,0.04317,-52.42495,-3495.00000
0.24840,0.24742,0.24840,0.24084,0.24939,0.21157,0.21157,0.21486,0.21650,0.21387,0.04350,0.04876,0.04185,0.04251,0.04383,-52.42495,-3494.00000
0.24150,0.25071,0.24544,0.24479,0.24544,0.21551,0.21683,0.21190,0.21815,0.21749,0.04251,0.04218,0.03988,0.04317,0.04120,-52.58943,-3493.00000
0.24216,0.24808,0.24775,0.24972,0.24150,0.21354,0.21288,0.21124,0.21354,0.21354,0.04120,0.04284,0.04613,0.04613,0.03955,-52.58943,-3492.00000
0.24709,0.24512,0.24709,0.24873,0.24610,0.21979,0.21913,0.21387,0.20992,0.21288,0.04153,0.04416,0.04021,0.04021,0.04251,-52.98661,-3491.00000
0.24248,0.25071,0.24775,0.24380,0.24183,0.21288,0.20959,0.21617,0.21387,0.21124,0.04449,0.04383,0.04416,0.04021,0.03988,-52.98661,-3490.00000
0.25005,0.24840,0.24512,0.25005,0.24775,0.21650,0.21551,0.21091,0.21387,0.20992,0.04021,0.04284,0.03988,0.04218,0.04185,-53.93715,-3489.00000
0.24676,0.24577,0.24972,0.24873,0.24709,0.21453,0.21420,0.21519,0.21519,0.21486,0.04416,0.04087,0.04350,0.04284,0.04251,-53.93715,-3488.00000
0.24972,0.23854,0.24051,0.24808,0.24512,0.21453,0.21157,0.21288,0.21288,0.21519,0.04185,0.04284,0.04218,0.04547,0.03922,-54.18293,-3487.00000
0.24051,0.24512,0.24248,0.25071,0.24117,0.21486,0.21420,0.21453,0.21255,0.21716,0.04021,0.04185,0.04054,0.04712,0.04613,-54.18293,-3486.00000
0.24281,0.24742,0.24742,0.24840,0.25301,0.21223,0.21486,0.21255,0.21683,0.21420,0.03955,0.03988,0.04679,0.03824,0.04317,-54.21793,-3485.00000
0.24446,0.24479,0.24479,0.24873,0.24709,0.21288,0.21420,0.21223,0.21453,0.21551,0.04317,0.04383,0.03955,0.04218,0.04218,-54.21793,-3484.00000
0.24840,0.24840,0.24544,0.24906,0.24742,0.21420,0.21486,0.21255,0.20959,0.21190,0.04218,0.04054,0.04120,0.04580,0.04416,-54.09871,-3483.00000
0.24216,0.24972,0.24150,0.24643,0.25235,0.21255,0.21091,0.21157,0.21025,0.21321,0.04449,0.04481,0.04251,0.04481,0.04087,-54.09871,-3482.00000
0.24840,0.24742,0.24775,0.24709,0.24281,0.21058,0.21486,0.21354,0.21058,0.20762,0.04350,0.04153,0.04218,0.04514,0.04185,-55.42826,-3481.00000
0.24281,0.25465,0.24150,0.24216,0.24512,0.20762,0.21255,0.20959,0.21091,0.21453,0.03824,0.04712,0.04120,0.04021,0.03955,-55.42826,-3480.00000
0.24577,0.24939,0.25005,0.24347,0.24380,0.21025,0.21617,0.21749,0.20992,0.21420,0.04449,0.04416,0.04317,0.03955,0.03824,-54.64040,-3479.00000
0.25235,0.23821,0.24380,0.24972,0.24906,0.21453,0.21223,0.21584,0.21519,0.21288,0.03955,0.04218,0.04416,0.04449,0.04317,-54.64040,-3478.00000
0.23952,0.24577,0.24808,0.24972,0.24248,0.20762,0.21453,0.20992,0.21551,0.21683,0.04416,0.04218,0.03857,0.04153,0.04251,-53.43836,-3477.00000
0.24446,0.25038,0.24347,0.24742,0.24479,0.21420,0.21551,0.21519,0.21025,0.21387,0.04251,0.04909,0.04449,0.04580,0.04646,-53.43836,-3476.00000
0.24906,0.24709,0.24183,0.24939,0.24775,0.21486,0.21321,0.21749,0.21551,0.21190,0.04481,0.03955,0.04416,0.04580,0.03988,-53.66498,-3475.00000
0.24281,0.24281,0.24840,0.24808,0.24084,0.21420,0.21157,0.21519,0.21190,0.21190,0.04317,0.03758,0.04317,0.04251,0.04251,-53.66498,-3474.00000
0.24742,0.24281,0.24939,0.24840,0.24347,0.21519,0.21091,0.21354,0.21551,0.20927,0.04185,0.04481,0.04021,0.04317,0.04416,-53.32175,-3473.00000
0.24840,0.24610,0.24281,0.24084,0.25432,0.20795,0.21124,0.21288,0.21321,0.21124,0.04350,0.03857,0.04317,0.03889,0.04120,-53.32175,-3472.00000
0.24479,0.24840,0.24610,0.24939,0.24709,0.21223,0.20959,0.21321,0.21223,0.21486,0.04383,0.04185,0.04547,0.04054,0.04054,-52.58861,-3471.00000
0.24676,0.24709,0.24840,0.25268,0.24709,0.21223,0.21420,0.21387,0.21025,0.21749,0.04054,0.03922,0.04317,0.04350,0.04251,-52.58861,-3470.00000
0.24676,0.24347,0.25268,0.24972,0.23821,0.21683,0.21321,0.21124,0.21749,0.21124,0.04284,0.04317,0.04185,0.03988,0.03824,-51.76794,-3469.00000
0.24676,0.24742,0.24709,0.24479,0.24347,0.21157,0.20894,0.21453,0.21157,0.21288,0.04383,0.04021,0.04054,0.04350,0.04416,-51.76794,-3468.00000
0.24479,0.24676,0.24840,0.25005,0.24972,0.20696,0.21551,0.21354,0.21157,0.21124,0.04218,0.03922,0.04383,0.04087,0.04021,-51.94354,-3467.00000
0.25104,0.25104,0.23985,0.25663,0.24150,0.21387,0.21453,0.21749,0.21749,0.21354,0.04120,0.04021,0.04021,0.03988,0.04153,-51.94354,-3466.00000
0.24150,0.25367,0.24413,0.24183,0.24051,0.21321,0.21091,0.21782,0.21354,0.21354,0.04317,0.04481,0.04153,0.04153,0.04087,-51.82626,-3465.00000
0.24380,0.24577,0.24577,0.24051,0.24117,0.21420,0.21321,0.21091,0.21420,0.20959,0.04317,0.04185,0.04909,0.04416,0.04284,-51.82626,-3464.00000
0.24314,0.25136,0.24676,0.24808,0.24544,0.21288,0.21486,0.21420,0.21190,0.21716,0.04087,0.04284,0.04383,0.04481,0.04317,-52.47075,-3463.00000
0.24479,0.24577,0.24873,0.24742,0.24413,0.21354,0.21124,0.21354,0.20927,0.21157,0.03988,0.04350,0.04416,0.04251,0.04383,-52.47075,-3462.00000
0.24413,0.24709,0.25071,0.24084,0.24742,0.21124,0.21354,0.21650,0.21420,0.21058,0.04514,0.04185,0.04153,0.03988,0.04580,-51.99709,-3461.00000
0.24380,0.24808,0.24676,0.24446,0.25038,0.21551,0.21420,0.21420,0.21387,0.21288,0.04251,0.04449,0.04416,0.04054,0.04514,-51.99709,-3460.00000
0.24742,0.24906,0.24676,0.24742,0.24380,0.21453,0.21190,0.21288,0.21288,0.20927,0.04810,0.04120,0.04284,0.04481,0.04416,-52.23390,-3459.00000
0.24939,0.24643,0.24544,0.24183,0.24413,0.21782,0.21190,0.21519,0.21420,0.21124,0.04185,0.04021,0.04317,0.04218,0.04021,-52.23390,-3458.00000
0.25169,0.24413,0.24380,0.24380,0.24840,0.21255,0.21354,0.21354,0.21650,0.21255,0.03955,0.04251,0.04317,0.04218,0.04383,-52.54029,-3457.00000
0.25367,0.24643,0.24512,0.24446,0.24610,0.21321,0.21321,0.21223,0.21354,0.21288,0.03988,0.04712,0.04547,0.04317,0.04481,-52.54029,-3456.00000
0.24446,0.24314,0.24314,0.24906,0.24512,0.21650,0.21157,0.21190,0.21420,0.21551,0.04317,0.04284,0.03593,0.04481,0.04547,-53.38929,-3455.00000
0.24512,0.23985,0.24939,0.23722,0.24742,0.21584,0.21584,0.21519,0.21519,0.21124,0.04185,0.04284,0.04185,0.04449,0.03791,-53.38929,-3454.00000
0.24808,0.24808,0.25071,0.23854,0.25038,0.20992,0.22078,0.21058,0.21157,0.21387,0.03922,0.04251,0.04284,0.04153,0.04416,-53.49152,-3453.00000
0.24216,0.25071,0.24380,0.25136,0.24709,0.21486,0.21782,0.21025,0.21880,0.20795,0.04054,0.04120,0.04185,0.04580,0.04481,-53.49152,-3452.00000
0.24676,0.24117,0.24281,0.25169,0.23985,0.21420,0.21091,0.21190,0.21551,0.21190,0.04120,0.04185,0.04087,0.04251,0.04054,-53.43521,-3451.00000
0.24577,0.24676,0.24544,0.24643,0.24314,0.21453,0.21288,0.21354,0.21025,0.21288,0.04153,0.04218,0.04383,0.03889,0.04218,-53.43521,-3450.00000
0.24610,0.24281,0.24479,0.24775,0.24380,0.21124,0.21617,0.21058,0.20861,0.21617,0.04054,0.04449,0.04284,0.04547,0.04317,-53.44124,-3449.00000
0.24906,0.24873,0.24906,0.24775,0.24314,0.21288,0.21223,0.21387,0.21223,0.21255,0.04416,0.04153,0.03758,0.04185,0.04185,-53.44124,-3448.00000
0.24413,0.24183,0.25038,0.24512,0.24380,0.21387,0.21420,0.21255,0.21551,0.21617,0.04218,0.04481,0.04317,0.03955,0.03922,-53.60783,-3447.00000
0.24479,0.24544,0.24808,0.25071,0.24544,0.21321,0.21288,0.21453,0.21058,0.21749,0.04547,0.04712,0.04218,0.04153,0.04185,-53.60783,-3446.00000
0.24676,0.24413,0.24544,0.24216,0.24544,0.21223,0.21387,0.21321,0.21453,0.21354,0.04087,0.04185,0.04054,0.03955,0.04514,-53.15889,-3445.00000
0.24281,0.24610,0.24512,0.24610,0.24808,0.21321,0.21190,0.21749,0.21486,0.21124,0.04251,0.04251,0.04087,0.04087,0.04251,-53.15889,-3444.00000
0.24775,0.24775,0.24479,0.24018,0.25301,0.21453,0.21321,0.21486,0.21321,0.21453,0.04514,0.04087,0.04251,0.04054,0.04416,-53.62046,-3443.00000
0.24413,0.24643,0.24512,0.24742,0.24347,0.21255,0.21420,0.21749,0.21091,0.21321,0.04021,0.03955,0.03955,0.04251,0.04185,-53.62046,-3442.00000
0.24051,0.24314,0.24512,0.24347,0.24446,0.21519,0.21716,0.21321,0.21387,0.21749,0.04547,0.04218,0.03922,0.04547,0.04153,-52.70867,-3441.00000
0.24248,0.24183,0.24577,0.24216,0.24544,0.21255,0.21025,0.21288,0.21617,0.20861,0.04481,0.03922,0.04218,0.04218,0.04383,-52.70867,-3440.00000
0.24610,0.24314,0.24183,0.24577,0.24479,0.21321,0.21288,0.21288,0.21321,0.21716,0.04416,0.04317,0.03857,0.04087,0.04284,-52.81185,-3439.00000
0.24347,0.24347,0.24413,0.24150,0.24742,0.21321,0.21551,0.21453,0.20959,0.21288,0.04087,0.04120,0.04251,0.04284,0.04251,-52.81185,-3438.00000
0.24084,0.24479,0.24248,0.24610,0.24544,0.21223,0.21255,0.21453,0.21190,0.20959,0.04251,0.04251,0.04054,0.04317,0.04350,-52.12858,-3437.00000
0.24479,0.24479,0.24512,0.23952,0.24544,0.20927,0.21058,0.20795,0.21519,0.21190,0.04350,0.04087,0.04218,0.04153,0.04218,-52.12858,-3436.00000
0.24840,0.24150,0.23985,0.24972,0.24281,0.21387,0.21124,0.21190,0.20894,0.21519,0.04185,0.04185,0.04087,0.04547,0.04251,-51.74300,-3435.00000
0.25136,0.24018,0.24610,0.24413,0.24610,0.21486,0.21190,0.21354,0.21255,0.21190,0.04054,0.04218,0.04153,0.04087,0.04317,-51.74300,-3434.00000
0.24643,0.24314,0.24347,0.24676,0.24577,0.21124,0.20927,0.21223,0.21255,0.21157,0.04054,0.04087,0.04218,0.03922,0.04251,-51.78459,-3433.00000
0.24544,0.24577,0.24248,0.24610,0.24314,0.21453,0.21420,0.21058,0.20499,0.20532,0.03922,0.04317,0.04317,0.03758,0.04054,-51.78459,-3432.00000
0.24446,0.24577,0.24248,0.24051,0.24972,0.21091,0.21420,0.21223,0.21321,0.21190,0.04350,0.04449,0.04218,0.04120,0.04021,-51.52462,-3431.00000
0.24347,0.24216,0.24676,0.24873,0.23854,0.21519,0.21519,0.21321,0.21255,0.21420,0.04679,0.04120,0.04087,0.04251,0.04284,-51.52462,-3430.00000
0.24248,0.24709,0.25136,0.24150,0.23952,0.21321,0.21650,0.21354,0.21387,0.20828,0.04153,0.04185,0.04185,0.03758,0.04449,-51.77793,-3429.00000
0.24742,0.24544,0.25202,0.24544,0.23854,0.21190,0.21551,0.21255,0.21519,0.21091,0.04416,0.04054,0.04120,0.03955,0.04350,-51.77793,-3428.00000
0.24347,0.24479,0.24380,0.24676,0.24117,0.21321,0.21124,0.21223,0.20992,0.21124,0.03692,0.04514,0.03824,0.04481,0.03824,-52.65166,-3427.00000
0.24972,0.24446,0.24380,0.23788,0.24906,0.21255,0.21387,0.21486,0.20828,0.20795,0.04251,0.04153,0.04153,0.03955,0.03922,-52.65166,-3426.00000
0.24248,0.24314,0.24577,0.24150,0.24610,0.20992,0.21255,0.21453,0.21058,0.21551,0.04613,0.04547,0.04383,0.03889,0.04120,-53.60610,-3425.00000
0.24446,0.24347,0.24413,0.24972,0.24775,0.21551,0.21584,0.21979,0.20828,0.21650,0.04481,0.04054,0.04613,0.04745,0.04350,-53.60610,-3424.00000
0.25202,0.24709,0.25202,0.24380,0.24577,0.21025,0.21453,0.20762,0.20861,0.21025,0.04054,0.04383,0.04317,0.04218,0.04218,-54.09553,-3423.00000
0.24314,0.24643,0.24479,0.24775,0.24051,0.21255,0.21190,0.21190,0.21354,0.21387,0.04284,0.04481,0.04514,0.04153,0.04218,-54.09553,-3422.00000
0.24643,0.24084,0.25301,0.24577,0.24808,0.21321,0.21584,0.21387,0.20828,0.21716,0.04251,0.04416,0.04317,0.04317,0.04185,-53.94230,-3421.00000
0.24446,0.24446,0.24808,0.24775,0.24610,0.20894,0.20927,0.21617,0.21387,0.21519,0.04317,0.04284,0.04514,0.04251,0.04218,-53.94230,-3420.00000
0.24183,0.24873,0.24446,0.25038,0.24248,0.21716,0.21190,0.21420,0.21420,0.21486,0.03922,0.04416,0.04416,0.04416,0.03955,-53.70699,-3419.00000
0.24512,0.24479,0.24544,0.24446,0.24446,0.21584,0.21223,0.21716,0.21387,0.21420,0.04481,0.04251,0.04087,0.04251,0.04383,-53.70699,-3418.00000
0.24248,0.24610,0.24676,0.24479,0.24150,0.21551,0.21354,0.21519,0.21124,0.21190,0.04449,0.04087,0.04317,0.04251,0.04284,-54.60252,-3417.00000
0.24676,0.24512,0.23920,0.24479,0.24808,0.21617,0.21255,0.21617,0.21387,0.21223,0.04218,0.04218,0.04120,0.04218,0.04383,-54.60252,-3416.00000
0.24709,0.24479,0.24544,0.25235,0.24248,0.21387,0.21420,0.21190,0.21255,0.21387,0.04054,0.04153,0.04120,0.04580,0.04185,-54.61571,-3415.00000
0.24544,0.24906,0.24775,0.24709,0.24150,0.20795,0.21255,0.21354,0.21354,0.21486,0.04547,0.04580,0.04153,0.04021,0.04514,-54.61571,-3414.00000
0.25005,0.23788,0.24544,0.24577,0.25136,0.21486,0.21387,0.21321,0.21354,0.21519,0.03922,0.03889,0.04449,0.04251,0.04547,-53.39672,-3413.00000
0.23985,0.24512,0.24775,0.24544,0.24840,0.21584,0.21321,0.20927,0.21058,0.21058,0.04613,0.04613,0.04021,0.04153,0.04383,-53.39672,-3412.00000
0.24840,0.24544,0.24643,0.24544,0.24183,0.21453,0.21584,0.21486,0.21551,0.21551,0.04416,0.04416,0.03955,0.04481,0.04350,-53.55383,-3411.00000
0.25235,0.24643,0.24676,0.24347,0.24742,0.21880,0.21124,0.21091,0.21223,0.21453,0.04613,0.04383,0.04383,0.04218,0.03988,-53.55383,-3410.00000
0.24709,0.25465,0.24709,0.24117,0.24281,0.21519,0.21255,0.21486,0.21387,0.20894,0.04383,0.04613,0.03922,0.04613,0.04416,-53.17340,-3409.00000
0.24117,0.24479,0.24380,0.25038,0.24248,0.21321,0.21453,0.21255,0.21453,0.20959,0.04153,0.04087,0.04218,0.04120,0.04481,-53.17340,-3408.00000
0.25038,0.24216,0.24446,0.24939,0.24906,0.21387,0.21453,0.21387,0.21223,0.21519,0.04120,0.04613,0.04481,0.04284,0.04218,-53.29813,-3407.00000
0.24643,0.24742,0.24808,0.24709,0.24446,0.21584,0.21255,0.21190,0.21321,0.21255,0.04284,0.04481,0.04416,0.04218,0.04218,-53.29813,-3406.00000
0.24544,0.24676,0.24808,0.24676,0.24972,0.21255,0.21617,0.21058,0.21190,0.21321,0.04481,0.04350,0.04054,0.04350,0.03889,-53.33363,-3405.00000
0.24840,0.24216,0.24972,0.25071,0.24347,0.20696,0.21486,0.21584,0.21321,0.21519,0.04547,0.04054,0.04514,0.04481,0.04416,-53.33363,-3404.00000
0.24709,0.23854,0.25038,0.24676,0.24643,0.21321,0.21223,0.21683,0.21288,0.21650,0.04580,0.04679,0.04218,0.04218,0.04153,-53.09504,-3403.00000
0.23920,0.24906,0.24248,0.24544,0.24281,0.21584,0.21486,0.21420,0.21321,0.21223,0.04317,0.04120,0.04416,0.04218,0.03824,-53.09504,-3402.00000
0.24216,0.24577,0.24512,0.24248,0.24413,0.20598,0.21551,0.21321,0.20959,0.21321,0.04284,0.04580,0.04712,0.04580,0.04218,-52.38980,-3401.00000
0.24183,0.24709,0.24084,0.24775,0.24248,0.21321,0.21321,0.21420,0.21124,0.20861,0.04054,0.04514,0.04284,0.04514,0.03758,-52.38980,-3400.00000
0.25104,0.24840,0.24643,0.24577,0.25038,0.21157,0.21124,0.21190,0.21255,0.21420,0.04153,0.04317,0.03988,0.04613,0.04580,-52.48641,-3399.00000
0.24479,0.24808,0.24117,0.24281,0.24544,0.21683,0.21255,0.21058,0.20828,0.21321,0.04383,0.04449,0.03955,0.04021,0.04153,-52.48641,-3398.00000
0.24643,0.24544,0.23952,0.24709,0.24544,0.21387,0.20992,0.21387,0.21321,0.21157,0.04613,0.04547,0.04218,0.04087,0.04087,-52.80326,-3397.00000
0.25268,0.24117,0.25235,0.24577,0.24873,0.21321,0.21453,0.21025,0.21354,0.21683,0.04449,0.04218,0.04416,0.04153,0.04350,-52.80326,-3396.00000
0.24840,0.24512,0.24544,0.24347,0.25169,0.21124,0.21584,0.21650,0.21617,0.21815,0.04547,0.04185,0.04350,0.04383,0.04087,-51.87038,-3395.00000
0.25005,0.24117,0.25268,0.24413,0.24873,0.21551,0.21091,0.21058,0.21453,0.21321,0.04021,0.04087,0.04317,0.04185,0.04185,-51.87038,-3394.00000
0.24117,0.24150,0.24446,0.23558,0.25169,0.21124,0.21782,0.21354,0.21223,0.21157,0.04218,0.04481,0.04547,0.04087,0.04383,-52.99574,-3393.00000
0.24512,0.24775,0.24281,0.24281,0.24939,0.21091,0.21124,0.21420,0.21288,0.21387,0.04251,0.04185,0.04218,0.04054,0.04054,-52.99574,-3392.00000
0.24512,0.24248,0.25005,0.24446,0.25136,0.21255,0.21255,0.21321,0.21617,0.21321,0.03922,0.03758,0.04120,0.04054,0.04251,-52.76496,-3391.00000
0.24281,0.24610,0.25071,0.25268,0.24610,0.21124,0.21453,0.21223,0.21058,0.21091,0.04416,0.04449,0.04580,0.04251,0.04350,-52.76496,-3390.00000
0.24742,0.25268,0.24577,0.24183,0.24314,0.21453,0.21453,0.21091,0.21190,0.21420,0.04383,0.04284,0.04514,0.04185,0.04251,-52.79849,-3389.00000
0.24808,0.24248,0.24939,0.23985,0.24150,0.21354,0.21255,0.21716,0.21453,0.21387,0.04185,0.03988,0.04383,0.04514,0.04350,-52.79849,-3388.00000
0.24808,0.24808,0.24873,0.23722,0.24380,0.21091,0.20861,0.21387,0.21223,0.21387,0.04218,0.04284,0.04054,0.04153,0.04317,-53.40852,-3387.00000
0.24347,0.24939,0.24906,0.24873,0.23821,0.21617,0.21091,0.21354,0.21354,0.21288,0.03889,0.03857,0.04185,0.04646,0.03824,-53.40852,-3386.00000
0.24479,0.24709,0.24643,0.24643,0.23920,0.21519,0.21486,0.20795,0.21387,0.21157,0.04185,0.04383,0.04481,0.04350,0.04120,-54.46061,-3385.00000
0.24676,0.24742,0.24314,0.24775,0.24840,0.21025,0.20992,0.21453,0.21683,0.20959,0.04185,0.04120,0.04284,0.04120,0.04416,-54.46061,-3384.00000
0.24544,0.24479,0.24808,0.24018,0.24577,0.21650,0.21354,0.21255,0.21584,0.21420,0.04120,0.04547,0.04087,0.04481,0.04251,-54.37386,-3383.00000
0.24347,0.24972,0.25136,0.24709,0.24939,0.21255,0.21058,0.21354,0.21255,0.21321,0.04218,0.04350,0.04251,0.04120,0.04120,-54.37386,-3382.00000
0.24479,0.24281,0.24512,0.24479,0.25268,0.21223,0.20861,0.21223,0.20992,0.21288,0.04383,0.04120,0.03922,0.04481,0.04185,-53.97892,-3381.00000
0.24446,0.24906,0.24117,0.24446,0.25071,0.21387,0.21551,0.21354,0.21255,0.21486,0.04087,0.04185,0.04317,0.04021,0.03659,-53.97892,-3380.00000
0.24906,0.24183,0.24577,0.24709,0.24479,0.21157,0.21124,0.20828,0.21782,0.21650,0.04153,0.04416,0.04185,0.04218,0.04021,-53.30294,-3379.00000
0.24742,0.24380,0.24775,0.24380,0.24347,0.21025,0.21354,0.21453,0.21354,0.21486,0.04021,0.04185,0.04054,0.04185,0.03988,-53.30294,-3378.00000
0.24709,0.24446,0.24906,0.24051,0.24939,0.21519,0.21025,0.21223,0.21288,0.21913,0.04251,0.04350,0.04251,0.04120,0.04218,-52.97227,-3377.00000
0.24512,0.24840,0.24117,0.24939,0.23920,0.21584,0.21157,0.21321,0.21255,0.20894,0.04087,0.04021,0.04284,0.04350,0.04153,-52.97227,-3376.00000
0.24216,0.25104,0.24216,0.25202,0.25367,0.21420,0.21880,0.20861,0.21354,0.21091,0.04416,0.03955,0.04087,0.03889,0.04481,-52.57500,-3375.00000
0.24643,0.24183,0.24808,0.24676,0.24742,0.21190,0.21124,0.21815,0.21617,0.21255,0.04120,0.03889,0.04021,0.04185,0.04481,-52.57500,-3374.00000
0.24775,0.24742,0.24939,0.24577,0.24775,0.21782,0.20762,0.21354,0.21650,0.21190,0.04218,0.04218,0.04383,0.04416,0.04350,-52.87197,-3373.00000
0.24643,0.24709,0.24742,0.24742,0.24216,0.21683,0.20696,0.21223,0.21486,0.21255,0.04153,0.04481,0.04383,0.04185,0.03857,-52.87197,-3372.00000
0.24577,0.24314,0.24544,0.24742,0.25104,0.21354,0.20861,0.20795,0.21387,0.21321,0.04481,0.04218,0.04317,0.04481,0.04547,-52.45649,-3371.00000
0.24051,0.24512,0.25465,0.25005,0.24380,0.21420,0.21617,0.20992,0.21223,0.21519,0.04449,0.03955,0.03988,0.04153,0.03889,-52.45649,-3370.00000
0.24676,0.24413,0.24709,0.24676,0.24544,0.21190,0.21617,0.21157,0.21157,0.21091,0.04218,0.04449,0.04185,0.04416,0.04153,-52.03391,-3369.00000
0.24643,0.24808,0.24380,0.24216,0.24906,0.21551,0.21486,0.21288,0.21519,0.21749,0.03922,0.04087,0.04087,0.04087,0.04449,-52.03391,-3368.00000
0.24577,0.24248,0.24775,0.24281,0.25005,0.21091,0.21025,0.21223,0.21124,0.21025,0.04317,0.03988,0.04416,0.04317,0.04449,-51.56139,-3367.00000
0.24314,0.24380,0.25202,0.24446,0.24906,0.21321,0.21519,0.21058,0.21058,0.21157,0.04185,0.04021,0.03922,0.04547,0.04185,-51.56139,-3366.00000
0.24676,0.24742,0.24347,0.24775,0.24775,0.21946,0.21190,0.21683,0.21354,0.21288,0.04481,0.04120,0.04580,0.04054,0.04317,-52.50677,-3365.00000
0.24117,0.24742,0.24972,0.24117,0.24742,0.21551,0.21255,0.21683,0.21223,0.21321,0.04416,0.03988,0.04087,0.04547,0.04021,-52.50677,-3364.00000
0.24413,0.24446,0.24248,0.24840,0.24808,0.21519,0.21453,0.20927,0.21190,0.21321,0.04251,0.03955,0.04251,0.04054,0.03791,-52.49118,-3363.00000
0.24676,0.24248,0.24479,0.24512,0.24413,0.21255,0.21190,0.21288,0.21519,0.21025,0.04087,0.04284,0.04251,0.04054,0.04613,-52.49118,-3362.00000
0.24775,0.24413,0.25038,0.24084,0.24216,0.21124,0.21486,0.21354,0.21683,0.21157,0.04120,0.04054,0.04218,0.04218,0.04185,-52.09032,-3361.00000
0.24544,0.24709,0.24610,0.24413,0.24544,0.21025,0.21354,0.21650,0.20992,0.21058,0.04383,0.04449,0.04679,0.04284,0.04284,-52.09032,-3360.00000
0.24742,0.24380,0.24873,0.24709,0.24479,0.21288,0.20992,0.21650,0.21157,0.21486,0.03922,0.04514,0.04383,0.04185,0.04350,-52.90795,-3359.00000
0.25104,0.24840,0.24183,0.24873,0.24939,0.21354,0.21387,0.21124,0.21551,0.21782,0.04317,0.04087,0.04449,0.04284,0.04317,-52.90795,-3358.00000
0.25005,0.24742,0.24972,0.24840,0.24512,0.21650,0.21058,0.21453,0.21354,0.21223,0.04218,0.04218,0.04481,0.04745,0.04416,-53.55358,-3357.00000
0.24216,0.25005,0.24347,0.24939,0.24183,0.21519,0.21420,0.21387,0.21617,0.21782,0.04416,0.04416,0.04087,0.04251,0.04350,-53.55358,-3356.00000
0.24873,0.24676,0.24577,0.24742,0.24775,0.21321,0.21091,0.21321,0.21288,0.21551,0.04021,0.04251,0.04218,0.04251,0.04646,-53.84466,-3355.00000
0.24676,0.24643,0.24544,0.24117,0.24248,0.21387,0.20992,0.21223,0.21584,0.21782,0.03692,0.04383,0.04120,0.04054,0.04251,-53.84466,-3354.00000
0.24544,0.24248,0.24413,0.25104,0.24544,0.21255,0.21058,0.21157,0.21683,0.21223,0.04251,0.04481,0.04317,0.04153,0.04185,-54.10983,-3353.00000
0.24873,0.24676,0.24314,0.24544,0.24413,0.20992,0.21354,0.21584,0.21354,0.21551,0.04021,0.04185,0.04416,0.04185,0.04120,-54.10983,-3352.00000
0.24512,0.24512,0.24939,0.24446,0.25005,0.21124,0.21650,0.20959,0.21288,0.21124,0.03988,0.04153,0.04218,0.04514,0.04449,-53.83226,-3351.00000
0.24840,0.24380,0.24281,0.24939,0.24216,0.21124,0.21683,0.20762,0.21025,0.21157,0.04087,0.04251,0.04449,0.04416,0.04021,-53.83226,-3350.00000
0.24808,0.24709,0.24183,0.24577,0.24544,0.21420,0.21716,0.21387,0.21354,0.21420,0.03955,0.04284,0.04153,0.04251,0.04251,-53.97668,-3349.00000
0.24150,0.24676,0.24150,0.24380,0.25400,0.21288,0.20861,0.21223,0.21223,0.20894,0.03857,0.04284,0.04153,0.04383,0.04021,-53.97668,-3348.00000
0.24413,0.24742,0.25005,0.24347,0.24972,0.21157,0.21255,0.21091,0.20894,0.21157,0.04449,0.04514,0.04120,0.04054,0.04218,-53.54351,-3347.00000
0.24150,0.24577,0.24248,0.24873,0.24775,0.21354,0.21617,0.20861,0.21387,0.21091,0.04613,0.03988,0.04120,0.03889,0.04218,-53.54351,-3346.00000
0.23985,0.24380,0.24742,0.24314,0.24906,0.21321,0.21354,0.20795,0.21486,0.20598,0.04679,0.04054,0.04481,0.04317,0.03857,-53.75906,-3345.00000
0.24183,0.24610,0.24018,0.24939,0.24084,0.21486,0.21387,0.21321,0.21288,0.21058,0.03988,0.04481,0.04514,0.04218,0.04350,-53.75906,-3344.00000
0.24840,0.24446,0.25104,0.24248,0.24939,0.21683,0.21157,0.20828,0.21321,0.20959,0.04317,0.04054,0.04350,0.04087,0.04021,-52.91713,-3343.00000
0.23887,0.24643,0.24281,0.24709,0.24216,0.20959,0.21255,0.21782,0.21223,0.21058,0.04416,0.04251,0.04481,0.04120,0.04514,-52.91713,-3342.00000
0.24479,0.24840,0.23985,0.24183,0.24084,0.21551,0.20992,0.21519,0.21058,0.21420,0.04120,0.04218,0.03922,0.04185,0.04218,-52.26911,-3341.00000
0.23854,0.24512,0.24248,0.24347,0.24709,0.21255,0.20795,0.21091,0.21551,0.21124,0.03791,0.03988,0.04317,0.04021,0.04251,-52.26911,-3340.00000
0.24479,0.24314,0.24544,0.24775,0.24610,0.21519,0.21321,0.20959,0.20894,0.21223,0.04284,0.04087,0.04251,0.03791,0.04087,-52.69706,-3339.00000
0.24643,0.24840,0.24281,0.24380,0.24051,0.21321,0.21420,0.21387,0.21124,0.21025,0.04153,0.04120,0.04547,0.04317,0.04153,-52.69706,-3338.00000
0.24676,0.24479,0.24347,0.24413,0.24314,0.20927,0.21321,0.21288,0.21551,0.21157,0.04153,0.04021,0.04416,0.04153,0.04087,-52.72304,-3337.00000
0.24314,0.24808,0.24512,0.24808,0.24084,0.20861,0.21157,0.20795,0.20861,0.21354,0.04383,0.04021,0.04054,0.04218,0.03758,-52.72304,-3336.00000
0.24018,0.24577,0.24084,0.24512,0.24544,0.20959,0.21453,0.21387,0.21157,0.21223,0.04416,0.04383,0.04449,0.04449,0.04580,-52.37226,-3335.00000
0.24183,0.24413,0.24051,0.24479,0.24117,0.20992,0.20992,0.21486,0.21025,0.21025,0.04613,0.04087,0.03857,0.04120,0.04218,-52.37226,-3334.00000
0.24446,0.24413,0.24544,0.24084,0.24347,0.21420,0.21716,0.21091,0.20696,0.21223,0.04153,0.04481,0.04712,0.03988,0.03922,-51.88926,-3333.00000
0.25038,0.24347,0.25531,0.24117,0.24216,0.21584,0.21255,0.21223,0.21486,0.20894,0.04449,0.04153,0.04580,0.04251,0.04449,-51.88926,-3332.00000
0.23821,0.24808,0.23854,0.24577,0.24084,0.21025,0.20927,0.21058,0.21255,0.21157,0.04087,0.04021,0.04153,0.04185,0.04350,-52.30693,-3331.00000
0.24347,0.24281,0.24775,0.24577,0.23788,0.20466,0.21124,0.21420,0.21255,0.21617,0.04218,0.04021,0.04284,0.03889,0.03889,-52.30693,-3330.00000
0.24413,0.24281,0.24380,0.24446,0.23722,0.21453,0.21354,0.21223,0.21519,0.20729,0.04383,0.04284,0.04613,0.03955,0.03791,-52.86489,-3329.00000
0.24281,0.24446,0.23952,0.24479,0.24709,0.21354,0.21519,0.21288,0.21321,0.21420,0.04153,0.04054,0.04120,0.04547,0.04054,-52.86489,-3328.00000
0.24446,0.24084,0.24676,0.24676,0.24446,0.21157,0.21223,0.21321,0.20927,0.21190,0.03922,0.04153,0.04087,0.04218,0.04218,-52.07209,-3327.00000
0.24873,0.25235,0.24314,0.24808,0.24676,0.20959,0.21486,0.21288,0.21354,0.21255,0.04284,0.04251,0.04284,0.04218,0.04054,-52.07209,-3326.00000
0.24577,0.24676,0.24742,0.24084,0.24610,0.21091,0.20433,0.21321,0.21190,0.21255,0.04383,0.04021,0.04317,0.04646,0.04153,-52.27628,-3325.00000
0.24051,0.24446,0.24314,0.24873,0.24117,0.21321,0.21157,0.21551,0.20927,0.21124,0.04120,0.03889,0.04416,0.04514,0.04021,-52.27628,-3324.00000
0.25136,0.24512,0.24643,0.24479,0.24840,0.21453,0.21288,0.21354,0.21420,0.20894,0.04284,0.04120,0.04481,0.03955,0.04021,-52.58101,-3323.00000
0.24544,0.24216,0.25334,0.24183,0.24314,0.21683,0.21551,0.21486,0.21025,0.21157,0.04383,0.04218,0.04218,0.04284,0.04120,-52.58101,-3322.00000
0.24117,0.24873,0.24742,0.24610,0.24577,0.21354,0.21190,0.21321,0.21354,0.20795,0.04547,0.03659,0.04317,0.04251,0.04350,-53.70262,-3321.00000
0.24479,0.25169,0.24446,0.25136,0.24873,0.21190,0.21486,0.21551,0.21617,0.21157,0.04218,0.04251,0.04317,0.04153,0.04021,-53.70262,-3320.00000
0.24248,0.25005,0.24577,0.24479,0.24610,0.21223,0.21223,0.21288,0.21683,0.21354,0.04087,0.04514,0.04218,0.04481,0.04284,-53.63598,-3319.00000
0.25136,0.24676,0.24216,0.24873,0.24512,0.20927,0.21617,0.21354,0.21650,0.21157,0.04120,0.04383,0.04087,0.04021,0.04284,-53.63598,-3318.00000
0.24216,0.24347,0.24347,0.24939,0.24150,0.20927,0.21091,0.21453,0.21354,0.20828,0.04120,0.03922,0.04054,0.04185,0.03955,-53.56115,-3317.00000
0.24906,0.24479,0.24873,0.24380,0.24380,0.21716,0.21387,0.21255,0.20861,0.21058,0.04547,0.04317,0.03824,0.04350,0.04416,-53.56115,-3316.00000
0.24347,0.25071,0.24183,0.24314,0.24314,0.20696,0.21354,0.21650,0.21420,0.21223,0.04613,0.04284,0.04218,0.04284,0.03824,-53.46026,-3315.00000
0.24610,0.24775,0.24216,0.24577,0.25071,0.21321,0.21354,0.21223,0.21223,0.21321,0.04416,0.04218,0.04054,0.04383,0.04185,-53.46026,-3314.00000
0.24281,0.24446,0.24314,0.24742,0.24446,0.21058,0.21091,0.20927,0.21617,0.21288,0.04580,0.04317,0.04646,0.04284,0.04416,-53.03140,-3313.00000
0.24676,0.23821,0.24018,0.24512,0.24084,0.21190,0.20598,0.21321,0.21190,0.21255,0.04120,0.04449,0.04284,0.04087,0.04251,-53.03140,-3312.00000
0.23854,0.24709,0.24347,0.24117,0.24676,0.21058,0.21815,0.21354,0.21584,0.21321,0.04218,0.04153,0.04087,0.04054,0.03922,-52.42146,-3311.00000
0.24676,0.24413,0.24413,0.24775,0.25268,0.21157,0.21223,0.20927,0.21288,0.21617,0.04218,0.04185,0.03889,0.04054,0.04153,-52.42146,-3310.00000
0.24610,0.24347,0.24150,0.24840,0.23985,0.20927,0.21223,0.21420,0.21058,0.21453,0.04284,0.04153,0.04218,0.04383,0.03922,-52.23368,-3309.00000
0.24248,0.24775,0.24906,0.24676,0.24775,0.21453,0.21354,0.21091,0.21223,0.21190,0.04350,0.04416,0.04317,0.03922,0.04087,-52.23368,-3308.00000
0.24643,0.24709,0.24216,0.24709,0.24446,0.21091,0.21519,0.20894,0.21223,0.21288,0.04580,0.04087,0.04054,0.04021,0.04185,-53.20913,-3307.00000
0.25235,0.24413,0.24676,0.24676,0.24676,0.21124,0.21387,0.21519,0.21157,0.21321,0.04449,0.03955,0.04153,0.04185,0.03988,-53.20913,-3306.00000
0.24775,0.24216,0.24610,0.25038,0.24512,0.21190,0.21519,0.21223,0.21058,0.21519,0.04218,0.04350,0.04350,0.04284,0.04185,-52.77155,-3305.00000
0.24742,0.25005,0.24216,0.24314,0.24742,0.21255,0.21584,0.21157,0.21255,0.20959,0.04317,0.04613,0.04712,0.04284,0.04087,-52.77155,-3304.00000
0.23854,0.24577,0.25038,0.24479,0.24183,0.21124,0.21288,0.21091,0.21683,0.21124,0.04218,0.04087,0.04087,0.04153,0.04185,-52.51615,-3303.00000
0.24577,0.24808,0.24577,0.24775,0.24413,0.21223,0.21683,0.21223,0.20894,0.21223,0.04449,0.04054,0.04416,0.04514,0.04120,-52.51615,-3302.00000
0.24413,0.24808,0.24544,0.24610,0.23952,0.21683,0.20828,0.21387,0.21223,0.21387,0.04481,0.04251,0.04054,0.04153,0.03955,-52.06618,-3301.00000
0.24972,0.24873,0.24577,0.24906,0.23985,0.21387,0.21190,0.21420,0.20729,0.21354,0.04317,0.04218,0.04120,0.03988,0.04317,-52.06618,-3300.00000
0.24610,0.24380,0.24150,0.24380,0.24446,0.21124,0.20861,0.21584,0.21190,0.21519,0.04218,0.03824,0.04054,0.04021,0.04153,-51.73621,-3299.00000
0.24281,0.24742,0.24676,0.24281,0.24347,0.21288,0.21157,0.21716,0.21617,0.21124,0.03659,0.04284,0.04383,0.04580,0.04251,-51.73621,-3298.00000
0.24446,0.24577,0.24314,0.24248,0.24840,0.21288,0.20927,0.21091,0.21387,0.21486,0.04712,0.04547,0.03889,0.03824,0.04449,-51.86176,-3297.00000
0.23788,0.24248,0.24413,0.24512,0.24544,0.21223,0.21124,0.21519,0.21979,0.20795,0.04120,0.03889,0.04383,0.04218,0.04383,-51.86176,-3296.00000
0.24972,0.24183,0.24281,0.24972,0.24051,0.21190,0.21255,0.21288,0.20828,0.21255,0.04251,0.04284,0.04580,0.04317,0.04416,-51.98557,-3295.00000
0.25334,0.24084,0.24347,0.24643,0.23920,0.21255,0.21288,0.21124,0.21420,0.21223,0.04514,0.03955,0.04185,0.04251,0.04317,-51.98557,-3294.00000
0.24972,0.24314,0.25005,0.24906,0.24577,0.21058,0.21288,0.21519,0.20894,0.21519,0.04120,0.04481,0.04185,0.04547,0.04449,-51.90831,-3293.00000
0.24676,0.24873,0.24577,0.24314,0.24873,0.21519,0.21486,0.21453,0.21255,0.21486,0.04514,0.04449,0.03857,0.04416,0.04120,-51.90831,-3292.00000
0.24742,0.24413,0.24051,0.24676,0.24544,0.21617,0.21223,0.21190,0.21551,0.21288,0.03922,0.03988,0.04120,0.04185,0.04350,-52.40923,-3291.00000
0.24314,0.24906,0.24117,0.24906,0.24512,0.21321,0.21124,0.21420,0.21584,0.21519,0.04646,0.04185,0.04383,0.04416,0.04481,-52.40923,-3290.00000
0.24084,0.24347,0.24544,0.25367,0.24281,0.21058,0.21650,0.21321,0.21584,0.21124,0.04481,0.04120,0.04054,0.04185,0.04514,-53.26028,-3289.00000
0.24347,0.24512,0.24742,0.24248,0.24248,0.21157,0.21716,0.21223,0.21551,0.20696,0.04251,0.03988,0.04087,0.04251,0.04087,-53.26028,-3288.00000
0.24479,0.24873,0.24216,0.24347,0.24314,0.21354,0.21124,0.21420,0.21321,0.21551,0.04185,0.04153,0.04350,0.04054,0.04087,-53.40504,-3287.00000
0.24544,0.24051,0.25169,0.24840,0.24248,0.21486,0.21519,0.21420,0.21025,0.21519,0.04021,0.04416,0.04153,0.04021,0.04317,-53.40504,-3286.00000
0.24610,0.24676,0.24347,0.24281,0.24742,0.21321,0.20992,0.21124,0.21354,0.21420,0.04350,0.04153,0.04185,0.04317,0.04054,-54.74695,-3285.00000
0.24380,0.24479,0.24873,0.25136,0.24314,0.21190,0.21716,0.21387,0.21058,0.20663,0.04185,0.04054,0.04218,0.04087,0.03758,-54.74695,-3284.00000
0.24873,0.24544,0.24314,0.24577,0.24248,0.20762,0.20828,0.21815,0.21058,0.21157,0.03922,0.03988,0.04087,0.03889,0.04120,-54.34858,-3283.00000
0.25038,0.24775,0.24512,0.24446,0.24676,0.20927,0.21288,0.21387,0.21223,0.20696,0.04021,0.04547,0.04153,0.04054,0.03791,-54.34858,-3282.00000
0.24840,0.24413,0.24808,0.24446,0.24873,0.20828,0.21387,0.21223,0.21551,0.21387,0.04054,0.04449,0.04481,0.04021,0.04021,-54.38376,-3281.00000
0.24610,0.24413,0.24643,0.24512,0.24479,0.21190,0.21025,0.20992,0.21157,0.21190,0.04120,0.04087,0.04054,0.04185,0.04350,-54.38376,-3280.00000
0.24314,0.24742,0.23854,0.24544,0.24314,0.21387,0.21453,0.20992,0.21091,0.20927,0.04251,0.04284,0.04383,0.03857,0.04449,-52.57762,-3279.00000
0.25235,0.24544,0.24281,0.24577,0.24808,0.20861,0.21255,0.21124,0.20894,0.21387,0.04449,0.04218,0.04284,0.04383,0.03955,-52.57762,-3278.00000
0.24643,0.24479,0.24479,0.24051,0.25169,0.21584,0.20861,0.21387,0.21223,0.21420,0.04087,0.04185,0.04416,0.04054,0.04218,-52.19213,-3277.00000
0.24183,0.24380,0.24380,0.24643,0.23788,0.21321,0.20894,0.21124,0.21025,0.20959,0.03955,0.03988,0.03889,0.04054,0.04251,-52.19213,-3276.00000
0.24939,0.24775,0.24183,0.24808,0.24808,0.21453,0.21058,0.21551,0.21847,0.20927,0.03922,0.04613,0.04218,0.04021,0.04317,-52.48523,-3275.00000
0.25202,0.24347,0.24840,0.24446,0.24643,0.21255,0.20927,0.20631,0.21584,0.21420,0.04284,0.04383,0.03955,0.04449,0.03922,-52.48523,-3274.00000
0.24479,0.24709,0.24051,0.23722,0.24742,0.21551,0.21124,0.21420,0.21288,0.21321,0.03791,0.04416,0.03889,0.04153,0.04383,-52.30218,-3273.00000
0.24479,0.24512,0.24446,0.24775,0.24347,0.21058,0.21223,0.20795,0.21288,0.21321,0.04251,0.04054,0.03922,0.04218,0.04350,-52.30218,-3272.00000
0.24183,0.24084,0.23887,0.24709,0.24281,0.21387,0.21650,0.20894,0.21124,0.21354,0.04120,0.03725,0.03988,0.03955,0.03791,-50.67258,-3271.00000
0.24248,0.24413,0.24709,0.24347,0.24544,0.21321,0.21387,0.21321,0.21551,0.21124,0.04449,0.04613,0.04218,0.04383,0.04284,-50.67258,-3270.00000
0.23952,0.24775,0.24117,0.24281,0.24479,0.21025,0.21387,0.21486,0.21223,0.21190,0.04054,0.04350,0.04251,0.04284,0.04251,-50.18980,-3269.00000
0.24117,0.24643,0.24873,0.24808,0.23920,0.21223,0.21354,0.21157,0.20828,0.21387,0.04284,0.04087,0.04449,0.04416,0.04218,-50.18980,-3268.00000
0.24840,0.24610,0.24840,0.24610,0.24643,0.20894,0.21519,0.20927,0.21157,0.21749,0.04153,0.04021,0.04185,0.04021,0.04416,-48.26385,-3267.00000
0.24281,0.24742,0.24643,0.24446,0.23985,0.21420,0.21190,0.20729,0.21157,0.21124,0.04120,0.04021,0.04350,0.03988,0.03988,-48.26385,-3266.00000
0.24117,0.24281,0.24216,0.24314,0.24512,0.21091,0.21288,0.20927,0.20927,0.21223,0.03857,0.04449,0.04153,0.04218,0.03889,-48.58993,-3265.00000
0.24446,0.24709,0.24577,0.24413,0.24380,0.20762,0.21025,0.21190,0.21354,0.21190,0.04021,0.04185,0.03922,0.04284,0.04185,-48.58993,-3264.00000
0.24347,0.24347,0.24939,0.24347,0.25136,0.21288,0.20795,0.21288,0.21091,0.21486,0.04120,0.04580,0.04185,0.04317,0.04251,-49.69536,-3263.00000
0.23821,0.24742,0.24248,0.24183,0.24972,0.21453,0.21025,0.20795,0.21124,0.21420,0.04120,0.04317,0.03988,0.04153,0.04218,-49.69536,-3262.00000
0.24248,0.24709,0.24281,0.24577,0.24183,0.20894,0.21157,0.21420,0.21387,0.21782,0.04120,0.04054,0.04350,0.04317,0.04383,-49.68410,-3261.00000
0.24808,0.24939,0.24281,0.24314,0.24150,0.21650,0.21288,0.20861,0.21321,0.21551,0.03988,0.03955,0.04021,0.04218,0.04120,-49.68410,-3260.00000
0.24380,0.24479,0.24643,0.24512,0.24479,0.20992,0.20861,0.21453,0.21288,0.21124,0.04021,0.04416,0.03988,0.04350,0.03857,-50.26686,-3259.00000
0.23952,0.23887,0.24248,0.24281,0.24018,0.21551,0.21157,0.21058,0.21650,0.21321,0.04317,0.04120,0.04120,0.03922,0.04021,-50.26686,-3258.00000
0.24512,0.24281,0.24643,0.24018,0.24544,0.21782,0.21420,0.21486,0.21190,0.20729,0.04087,0.04383,0.04613,0.04251,0.04317,-51.10267,-3257.00000
0.24775,0.24216,0.24972,0.24248,0.24512,0.21420,0.21453,0.21387,0.20992,0.21124,0.04251,0.04054,0.04416,0.04547,0.03988,-51.10267,-3256.00000
0.24840,0.24347,0.24413,0.24314,0.23985,0.21157,0.21354,0.20927,0.21058,0.21190,0.04514,0.04087,0.04481,0.04514,0.03988,-52.27252,-3255.00000
0.24413,0.24380,0.24380,0.24150,0.24380,0.21223,0.21519,0.21387,0.20992,0.21091,0.04087,0.04021,0.04153,0.04416,0.04613,-52.27252,-3254.00000
0.24775,0.24018,0.24479,0.23722,0.24873,0.21223,0.21387,0.20696,0.20992,0.21716,0.04350,0.04251,0.04185,0.04317,0.04185,-53.06009,-3253.00000
0.24742,0.24117,0.24413,0.24150,0.24742,0.21091,0.21387,0.21288,0.21387,0.21486,0.04547,0.04021,0.04251,0.04514,0.04416,-53.06009,-3252.00000
0.24413,0.24084,0.24577,0.24150,0.24413,0.21190,0.20959,0.21519,0.21255,0.20927,0.04514,0.03922,0.03725,0.04153,0.04284,-53.69801,-3251.00000
0.24216,0.24742,0.24018,0.24183,0.24808,0.21223,0.20861,0.21223,0.21453,0.21584,0.04185,0.04613,0.04120,0.03922,0.04350,-53.69801,-3250.00000
0.24577,0.24281,0.24446,0.23952,0.24709,0.21058,0.21551,0.21288,0.21354,0.21486,0.04218,0.04251,0.03889,0.04153,0.04251,-53.90467,-3249.00000
0.24610,0.24676,0.24544,0.24939,0.24808,0.20959,0.21716,0.21255,0.20992,0.21387,0.04284,0.04481,0.03758,0.03889,0.04218,-53.90467,-3248.00000
0.24676,0.24281,0.24577,0.24479,0.23854,0.21124,0.21223,0.21288,0.21025,0.20992,0.04218,0.04054,0.03824,0.04317,0.04218,-54.15693,-3247.00000
0.24676,0.24183,0.24479,0.24544,0.24446,0.21223,0.21124,0.21354,0.21815,0.20532,0.04021,0.03955,0.04087,0.03988,0.03889,-54.15693,-3246.00000
0.23985,0.24446,0.24183,0.24643,0.24084,0.21058,0.20927,0.21519,0.21584,0.21486,0.04054,0.04350,0.04284,0.04021,0.03922,-53.32358,-3245.00000
0.25005,0.24314,0.24347,0.23985,0.24972,0.21124,0.21157,0.20992,0.21486,0.21157,0.03922,0.03889,0.04284,0.04218,0.04153,-53.32358,-3244.00000
0.23788,0.24380,0.24544,0.24512,0.24939,0.22045,0.20433,0.20959,0.21157,0.20729,0.03824,0.04317,0.04087,0.04218,0.04679,-53.03142,-3243.00000
0.24051,0.24775,0.24117,0.24347,0.24972,0.20861,0.21058,0.21387,0.21420,0.21025,0.04120,0.04251,0.04087,0.04514,0.04185,-53.03142,-3242.00000
0.24380,0.24183,0.24084,0.24150,0.24413,0.21519,0.21486,0.20762,0.21617,0.21683,0.04284,0.04087,0.04185,0.04284,0.04251,-52.20419,-3241.00000
0.24248,0.24413,0.24084,0.24709,0.24446,0.21157,0.21058,0.21157,0.21025,0.21157,0.04383,0.04251,0.04514,0.04021,0.04317,-52.20419,-3240.00000
0.23952,0.24446,0.24643,0.24248,0.24347,0.21255,0.20762,0.21288,0.21288,0.20729,0.04416,0.04383,0.04153,0.03824,0.04021,-51.78325,-3239.00000
0.24216,0.24150,0.24446,0.24248,0.24676,0.20828,0.21124,0.21420,0.21486,0.21190,0.04120,0.04185,0.04087,0.04185,0.04218,-51.78325,-3238.00000
0.24183,0.24512,0.25038,0.24314,0.24413,0.21354,0.20828,0.21453,0.21453,0.21420,0.04416,0.03955,0.04416,0.04218,0.04350,-51.38967,-3237.00000
0.24775,0.23920,0.24775,0.24446,0.24709,0.21091,0.21551,0.21387,0.20927,0.21387,0.04153,0.04021,0.04284,0.04218,0.04054,-51.38967,-3236.00000
0.24314,0.24216,0.24676,0.24150,0.24709,0.21058,0.21288,0.21387,0.21255,0.21519,0.04416,0.04514,0.04317,0.04284,0.04153,-51.61769,-3235.00000
0.24775,0.24544,0.24446,0.24413,0.23952,0.20532,0.21025,0.21453,0.21157,0.21321,0.04153,0.04481,0.03988,0.03758,0.03692,-51.61769,-3234.00000
0.24216,0.24512,0.23920,0.24413,0.24742,0.21387,0.20894,0.21453,0.21321,0.21387,0.04481,0.03988,0.04284,0.04054,0.03988,-50.80640,-3233.00000
0.24446,0.24808,0.24150,0.24216,0.24709,0.20598,0.21683,0.20992,0.20927,0.21519,0.03988,0.03791,0.04021,0.04218,0.04317,-50.80640,-3232.00000
0.24347,0.24084,0.24544,0.24380,0.24084,0.21354,0.21387,0.20959,0.21453,0.21486,0.04350,0.04153,0.04087,0.03659,0.04153,-50.97205,-3231.00000
0.25038,0.24479,0.23985,0.24709,0.24281,0.21453,0.21025,0.21223,0.21321,0.21223,0.04317,0.03857,0.04120,0.03955,0.04218,-50.97205,-3230.00000
0.24380,0.24742,0.24479,0.24084,0.24314,0.21124,0.21650,0.21453,0.20598,0.20762,0.04120,0.04021,0.04317,0.04317,0.04251,-51.59686,-3229.00000
0.24413,0.24479,0.24117,0.24380,0.25202,0.21223,0.20992,0.21255,0.21453,0.20927,0.04514,0.04153,0.04350,0.04383,0.04185,-51.59686,-3228.00000
0.24676,0.24577,0.24216,0.24248,0.24183,0.20828,0.21288,0.21223,0.21157,0.21486,0.04054,0.04021,0.04120,0.04449,0.04021,-52.40732,-3227.00000
0.23854,0.24709,0.24150,0.23821,0.24183,0.21124,0.21058,0.21025,0.21091,0.21091,0.04120,0.03988,0.03824,0.04284,0.04218,-52.40732,-3226.00000
0.24479,0.23854,0.24972,0.23920,0.24840,0.21255,0.20959,0.21157,0.21321,0.21288,0.04580,0.04317,0.04350,0.04054,0.04317,-52.65630,-3225.00000
0.23887,0.24150,0.24709,0.24216,0.24347,0.21453,0.21091,0.20696,0.21420,0.21124,0.04350,0.04416,0.04383,0.04185,0.04317,-52.65630,-3224.00000
0.24314,0.24676,0.23656,0.24544,0.24216,0.21190,0.21025,0.21354,0.20894,0.21255,0.04284,0.04120,0.04218,0.04054,0.04284,-52.93703,-3223.00000
0.24314,0.24512,0.25136,0.24643,0.24512,0.21223,0.20992,0.20729,0.21486,0.21124,0.04054,0.04021,0.04218,0.04185,0.04120,-52.93703,-3222.00000
0.24150,0.24446,0.24775,0.24314,0.24643,0.21025,0.21058,0.20959,0.21190,0.21551,0.04317,0.04251,0.04021,0.04679,0.04087,-52.86500,-3221.00000
0.24479,0.24775,0.23854,0.24742,0.24544,0.21584,0.21025,0.20992,0.21091,0.21124,0.04416,0.03889,0.03955,0.03857,0.04416,-52.86500,-3220.00000
0.24084,0.24512,0.24150,0.24512,0.24117,0.21223,0.21420,0.20959,0.20861,0.21486,0.04153,0.04120,0.04284,0.04120,0.04350,-52.71668,-3219.00000
0.24248,0.24610,0.25005,0.24479,0.24413,0.21157,0.21157,0.21157,0.20894,0.21387,0.04185,0.04350,0.04514,0.04185,0.04613,-52.71668,-3218.00000
0.24512,0.23722,0.24347,0.24544,0.24314,0.21486,0.20828,0.21058,0.21124,0.21321,0.04054,0.04054,0.04153,0.03889,0.04021,-53.30170,-3217.00000
0.24281,0.24972,0.24544,0.23624,0.24709,0.21782,0.20927,0.21584,0.21354,0.20894,0.04054,0.04120,0.03889,0.03659,0.04251,-53.30170,-3216.00000
0.24840,0.24347,0.24512,0.24709,0.24018,0.21058,0.20762,0.20992,0.20598,0.21190,0.04185,0.03988,0.03922,0.04383,0.03857,-53.36472,-3215.00000
0.24544,0.24314,0.24314,0.24544,0.24610,0.21617,0.21354,0.21223,0.21321,0.20927,0.04054,0.04120,0.04317,0.04449,0.04218,-53.36472,-3214.00000
0.24347,0.24084,0.25005,0.24709,0.23952,0.21124,0.21255,0.21387,0.20959,0.21387,0.04185,0.04087,0.04218,0.04153,0.04218,-52.61986,-3213.00000
0.24479,0.25169,0.23985,0.24347,0.24314,0.21058,0.20762,0.20959,0.21091,0.21650,0.04120,0.03922,0.04251,0.03824,0.03857,-52.61986,-3212.00000
0.25531,0.23492,0.24479,0.24051,0.24347,0.20894,0.21091,0.21157,0.21288,0.21354,0.04054,0.03791,0.04218,0.03791,0.04087,-52.11315,-3211.00000
0.24610,0.24248,0.24216,0.24643,0.24183,0.21584,0.21420,0.21091,0.21190,0.21223,0.04646,0.04185,0.04350,0.04021,0.04350,-52.11315,-3210.00000
0.24347,0.24248,0.24248,0.24544,0.24446,0.20927,0.21321,0.20992,0.20927,0.21354,0.04218,0.04251,0.04120,0.04153,0.03922,-51.94769,-3209.00000
0.23887,0.24742,0.24446,0.24808,0.24676,0.21223,0.21420,0.21420,0.21354,0.21157,0.04120,0.03922,0.04251,0.04251,0.04284,-51.94769,-3208.00000
0.24808,0.24281,0.23854,0.24413,0.24939,0.21288,0.21190,0.21288,0.21255,0.21190,0.04087,0.04580,0.04251,0.03955,0.04054,-51.25216,-3207.00000
0.24183,0.24248,0.24051,0.23788,0.24446,0.20729,0.21124,0.20927,0.21157,0.21190,0.04087,0.04284,0.04153,0.04514,0.04251,-51.25216,-3206.00000
0.24413,0.24939,0.24150,0.24380,0.24808,0.21354,0.21124,0.21058,0.20894,0.20927,0.04284,0.03988,0.04284,0.03955,0.04317,-51.56358,-3205.00000
0.24742,0.23920,0.24018,0.24709,0.23854,0.21584,0.20894,0.20927,0.21486,0.21486,0.04449,0.04153,0.04218,0.03955,0.04449,-51.56358,-3204.00000
0.24084,0.24150,0.24742,0.24512,0.24742,0.21288,0.21650,0.21321,0.20828,0.21124,0.04218,0.04218,0.03922,0.03955,0.03955,-50.59869,-3203.00000
0.24380,0.24084,0.24775,0.24610,0.23985,0.21190,0.21387,0.20696,0.21223,0.20565,0.03988,0.04054,0.03922,0.03988,0.04251,-50.59869,-3202.00000
0.25071,0.24512,0.24051,0.25005,0.24512,0.21124,0.20795,0.21321,0.21420,0.21486,0.04120,0.04218,0.04087,0.03922,0.04481,-50.76565,-3201.00000
0.25005,0.23920,0.24446,0.24742,0.24840,0.21255,0.20959,0.21025,0.21124,0.21420,0.04514,0.04251,0.03988,0.04284,0.03857,-50.76565,-3200.00000
0.24380,0.24709,0.25169,0.24676,0.24808,0.21354,0.21782,0.21584,0.20861,0.20992,0.03955,0.04416,0.03988,0.04054,0.04284,-52.33595,-3199.00000
0.24544,0.25038,0.24413,0.23985,0.25301,0.21058,0.21223,0.21486,0.21058,0.21091,0.04185,0.04350,0.04054,0.04021,0.04153,-52.33595,-3198.00000
0.24577,0.24775,0.24117,0.24775,0.24972,0.20992,0.21255,0.21453,0.20959,0.20992,0.03692,0.04218,0.04218,0.04218,0.04185,-52.14942,-3197.00000
0.24676,0.24380,0.24347,0.25136,0.24643,0.21288,0.20828,0.21519,0.20992,0.21255,0.04185,0.04218,0.04284,0.03988,0.04317,-52.14942,-3196.00000
0.24906,0.24643,0.24577,0.24873,0.24972,0.21354,0.21683,0.20959,0.21288,0.21190,0.04383,0.04284,0.04251,0.04218,0.03561,-51.71680,-3195.00000
0.24150,0.24117,0.24742,0.24281,0.24775,0.21453,0.21354,0.21453,0.21584,0.20927,0.04054,0.04350,0.04251,0.04054,0.03922,-51.71680,-3194.00000
0.24446,0.24084,0.25104,0.24742,0.24413,0.21650,0.21190,0.21551,0.21519,0.21420,0.04054,0.04284,0.04547,0.03988,0.04087,-52.88721,-3193.00000
0.24314,0.24643,0.24314,0.24873,0.24808,0.21519,0.21058,0.21847,0.21190,0.22012,0.04317,0.04251,0.03922,0.04218,0.04218,-52.88721,-3192.00000
0.24512,0.24117,0.24709,0.24544,0.24873,0.21354,0.20894,0.21058,0.21387,0.21223,0.04383,0.03955,0.04153,0.04383,0.04251,-52.96704,-3191.00000
0.24413,0.24577,0.24808,0.24775,0.24709,0.21058,0.21683,0.21190,0.20992,0.21453,0.04218,0.04284,0.03922,0.04120,0.04284,-52.96704,-3190.00000
0.24281,0.25005,0.24051,0.24281,0.24347,0.21387,0.21058,0.20696,0.21091,0.20992,0.04185,0.04185,0.04120,0.04185,0.03988,-53.53918,-3189.00000
0.24544,0.24676,0.25071,0.24906,0.24544,0.21716,0.21124,0.21387,0.21486,0.21683,0.03791,0.04185,0.03922,0.04185,0.04087,-53.53918,-3188.00000
0.24676,0.24413,0.24709,0.24610,0.24084,0.20959,0.21157,0.20927,0.21025,0.21288,0.04383,0.04185,0.04054,0.04317,0.04120,-53.62262,-3187.00000
0.24150,0.24446,0.24281,0.24544,0.24643,0.21124,0.21617,0.21354,0.21387,0.21058,0.04218,0.04153,0.03988,0.04317,0.04218,-53.62262,-3186.00000
0.24216,0.25400,0.24544,0.24775,0.24775,0.21157,0.21486,0.21091,0.21420,0.21058,0.04383,0.04514,0.04153,0.04120,0.04350,-53.46414,-3185.00000
0.25071,0.23952,0.24643,0.24150,0.24446,0.21025,0.21354,0.20663,0.21157,0.21255,0.04185,0.04284,0.04054,0.04185,0.03725,-53.46414,-3184.00000
0.25202,0.24084,0.23952,0.25038,0.24544,0.21584,0.21321,0.21420,0.20927,0.21288,0.04679,0.04317,0.03988,0.04383,0.04218,-53.07484,-3183.00000
0.24248,0.24643,0.24018,0.24051,0.24643,0.20992,0.21650,0.21486,0.21321,0.21157,0.03988,0.04054,0.04383,0.04284,0.04284,-53.07484,-3182.00000
0.25071,0.24512,0.24479,0.25071,0.24183,0.21420,0.20927,0.21190,0.21190,0.21157,0.04251,0.04251,0.04481,0.04021,0.04317,-52.67268,-3181.00000
0.24413,0.24380,0.24676,0.24216,0.24610,0.21420,0.21124,0.21486,0.20663,0.21190,0.04087,0.04317,0.04416,0.04153,0.04350,-52.67268,-3180.00000
0.25104,0.24775,0.24676,0.24610,0.24380,0.21288,0.21288,0.21683,0.21321,0.20762,0.04350,0.04120,0.04185,0.04185,0.04547,-50.06192,-3179.00000
0.24676,0.24347,0.24248,0.24380,0.24380,0.21519,0.21223,0.21354,0.20959,0.21190,0.03955,0.04383,0.03955,0.04449,0.03725,-50.06192,-3178.00000
0.24808,0.24281,0.25169,0.24380,0.24808,0.21223,0.21190,0.21453,0.21190,0.21354,0.04481,0.04284,0.04087,0.03791,0.04416,-47.85323,-3177.00000
0.24808,0.24281,0.24742,0.24544,0.23952,0.20894,0.22078,0.21420,0.21190,0.20828,0.04449,0.03988,0.04054,0.03988,0.04185,-47.85323,-3176.00000
0.24248,0.24775,0.24248,0.25104,0.24281,0.21420,0.20894,0.21683,0.20959,0.20795,0.04547,0.04153,0.03791,0.04317,0.04251,-45.99204,-3175.00000
0.24643,0.24446,0.24479,0.24808,0.24709,0.21288,0.21453,0.21321,0.21749,0.21617,0.04251,0.04054,0.04185,0.04449,0.03988,-45.99204,-3174.00000
0.24051,0.24709,0.24512,0.25005,0.24577,0.20992,0.21453,0.21551,0.21223,0.21354,0.04218,0.04350,0.04120,0.04185,0.04449,-46.49456,-3173.00000
0.24873,0.24939,0.24808,0.24610,0.23459,0.21584,0.21420,0.21551,0.21420,0.21519,0.04251,0.04350,0.04185,0.04284,0.04416,-46.49456,-3172.00000
0.24643,0.24643,0.24183,0.24544,0.23887,0.21486,0.21255,0.21255,0.21157,0.21354,0.04416,0.03988,0.04218,0.04416,0.04153,-47.68087,-3171.00000
0.24544,0.24873,0.24084,0.24413,0.24808,0.21288,0.21453,0.20992,0.21190,0.20992,0.03857,0.04481,0.04120,0.03857,0.03988,-47.68087,-3170.00000
0.24248,0.24446,0.24216,0.25038,0.24808,0.21387,0.21124,0.21387,0.21190,0.21190,0.04021,0.03824,0.04218,0.04284,0.04416,-49.51182,-3169.00000
0.24512,0.24939,0.24610,0.24380,0.24413,0.21288,0.21354,0.21058,0.20696,0.21617,0.04449,0.04153,0.04317,0.04317,0.04218,-49.51182,-3168.00000
0.24939,0.24610,0.24840,0.23952,0.24775,0.21157,0.21255,0.20992,0.21354,0.20828,0.04383,0.03988,0.04120,0.03922,0.04284,-50.81792,-3167.00000
0.24610,0.25071,0.23755,0.24775,0.24051,0.21124,0.21190,0.21519,0.21650,0.21453,0.04416,0.04284,0.03922,0.04416,0.04054,-50.81792,-3166.00000
0.23985,0.25104,0.24183,0.24709,0.24216,0.20861,0.21650,0.20861,0.21979,0.21091,0.04218,0.03922,0.04449,0.03857,0.04185,-52.05203,-3165.00000
0.24972,0.25235,0.24380,0.24380,0.24873,0.21387,0.21420,0.21551,0.21025,0.21091,0.03922,0.04317,0.03922,0.04251,0.04284,-52.05203,-3164.00000
0.24610,0.24742,0.24610,0.24018,0.25136,0.21354,0.21519,0.21782,0.21551,0.21058,0.04087,0.04317,0.04185,0.03857,0.03922,-52.50306,-3163.00000
0.24610,0.24479,0.24084,0.25038,0.24150,0.21190,0.21255,0.21223,0.21091,0.21321,0.04087,0.04054,0.03955,0.04284,0.04383,-52.50306,-3162.00000
0.24248,0.24150,0.24347,0.23952,0.25367,0.21420,0.21420,0.21650,0.21091,0.20959,0.04251,0.04251,0.04087,0.04087,0.03988,-52.73347,-3161.00000
0.24413,0.24808,0.24742,0.24281,0.24248,0.21354,0.21420,0.20861,0.21321,0.21157,0.04481,0.03988,0.04153,0.04416,0.04251,-52.73347,-3160.00000
0.24939,0.23985,0.24248,0.24150,0.24183,0.21124,0.21190,0.21584,0.21354,0.21453,0.03824,0.04185,0.04185,0.04251,0.04251,-53.16605,-3159.00000
0.24742,0.24643,0.24873,0.24676,0.24446,0.21124,0.21223,0.21354,0.21157,0.21058,0.03824,0.04218,0.04054,0.04218,0.04481,-53.16605,-3158.00000
0.24676,0.24183,0.24281,0.24084,0.23624,0.21650,0.20959,0.20861,0.21223,0.21255,0.04284,0.04284,0.04547,0.04547,0.04317,-53.82668,-3157.00000
0.24577,0.24380,0.24413,0.24413,0.24808,0.20927,0.21453,0.21190,0.21321,0.20894,0.04185,0.04153,0.04547,0.04185,0.04284,-53.82668,-3156.00000
0.24446,0.24709,0.24808,0.24281,0.24512,0.21091,0.21387,0.21091,0.21288,0.21255,0.03857,0.04777,0.04284,0.04383,0.04153,-52.85816,-3155.00000
0.24380,0.25104,0.24380,0.24742,0.24479,0.20992,0.21190,0.20861,0.21157,0.21420,0.04054,0.04185,0.04218,0.04185,0.04054,-52.85816,-3154.00000
0.24544,0.24347,0.24248,0.24544,0.24775,0.21617,0.21025,0.21749,0.21223,0.21584,0.04021,0.04317,0.04580,0.04350,0.04153,-53.28211,-3153.00000
0.24906,0.24413,0.24018,0.24446,0.24084,0.21157,0.21617,0.21519,0.21486,0.21255,0.03955,0.04153,0.04185,0.03955,0.04547,-53.28211,-3152.00000
0.24413,0.24544,0.24709,0.23887,0.25071,0.21354,0.21420,0.21453,0.20992,0.20959,0.04087,0.04120,0.04218,0.04218,0.03922,-52.67621,-3151.00000
0.25268,0.25005,0.24610,0.24610,0.24544,0.21354,0.21486,0.20927,0.20729,0.21255,0.04449,0.03988,0.04054,0.04613,0.04218,-52.67621,-3150.00000
0.24380,0.24643,0.24939,0.23985,0.24709,0.21420,0.21354,0.21091,0.21453,0.21354,0.04251,0.03955,0.04153,0.04021,0.04547,-52.18771,-3149.00000
0.24446,0.24281,0.24314,0.24709,0.24281,0.21255,0.20959,0.21387,0.20992,0.21255,0.04218,0.04153,0.04251,0.04087,0.04153,-52.18771,-3148.00000
0.25005,0.24314,0.24775,0.25038,0.24742,0.21091,0.21025,0.21157,0.21255,0.21650,0.04350,0.04481,0.04087,0.03922,0.03955,-50.83995,-3147.00000
0.24479,0.24216,0.24544,0.24577,0.24643,0.21091,0.21058,0.21387,0.21519,0.21255,0.04416,0.04317,0.03988,0.04185,0.04120,-50.83995,-3146.00000
0.24380,0.24347,0.25334,0.24314,0.24709,0.21223,0.21058,0.21519,0.20795,0.21223,0.04317,0.04021,0.04251,0.04251,0.04087,-50.93755,-3145.00000
0.24544,0.23788,0.24544,0.24840,0.24709,0.20729,0.20959,0.21453,0.21124,0.21223,0.03955,0.04646,0.04185,0.03922,0.04317,-50.93755,-3144.00000
0.24216,0.24150,0.24479,0.24216,0.24413,0.21288,0.20959,0.21354,0.21420,0.21453,0.04383,0.04514,0.04054,0.04153,0.04120,-51.30618,-3143.00000
0.24413,0.24873,0.24544,0.24610,0.23952,0.21354,0.21288,0.21354,0.21157,0.21157,0.04909,0.04218,0.03857,0.04383,0.03824,-51.30618,-3142.00000
0.24709,0.24150,0.24347,0.24314,0.24018,0.21058,0.21551,0.21420,0.21354,0.21190,0.03561,0.04153,0.04087,0.04120,0.03988,-51.62233,-3141.00000
0.24808,0.24117,0.24873,0.23722,0.24512,0.21025,0.21354,0.21025,0.21519,0.21223,0.04218,0.04021,0.04054,0.04251,0.04514,-51.62233,-3140.00000
0.24150,0.24281,0.24479,0.24544,0.24183,0.21288,0.21255,0.21551,0.21058,0.21255,0.04021,0.04350,0.03692,0.04383,0.04218,-51.05042,-3139.00000
0.24709,0.24676,0.24676,0.24446,0.23689,0.21058,0.21354,0.21157,0.20631,0.21190,0.03955,0.04317,0.04383,0.04350,0.03955,-51.05042,-3138.00000
0.24906,0.23952,0.24380,0.24314,0.24446,0.21584,0.21354,0.21255,0.21321,0.20992,0.03889,0.04218,0.04416,0.04481,0.03955,-52.13898,-3137.00000
0.24051,0.24742,0.25268,0.24347,0.24643,0.21223,0.21190,0.20927,0.21749,0.21387,0.04021,0.04481,0.04087,0.04745,0.03955,-52.13898,-3136.00000
0.24676,0.24808,0.24281,0.24281,0.24248,0.21091,0.21288,0.21190,0.20992,0.20927,0.04317,0.03922,0.04153,0.03988,0.04087,-52.88101,-3135.00000
0.24544,0.24150,0.24216,0.24117,0.24248,0.21255,0.21157,0.21025,0.21091,0.21157,0.04218,0.04383,0.04251,0.03626,0.04284,-52.88101,-3134.00000
0.24248,0.24018,0.24216,0.24347,0.23525,0.21255,0.20927,0.21190,0.21025,0.21255,0.04021,0.04120,0.03988,0.04054,0.04087,-53.16658,-3133.00000
0.24150,0.24873,0.24347,0.24544,0.24512,0.20992,0.21453,0.21157,0.20828,0.21519,0.04120,0.04153,0.04185,0.04317,0.04218,-53.16658,-3132.00000
0.23689,0.24643,0.24281,0.24577,0.23952,0.21453,0.21387,0.20959,0.20861,0.21255,0.04383,0.04120,0.04251,0.04218,0.04218,-54.17606,-3131.00000
0.24183,0.24248,0.24248,0.24347,0.24216,0.21025,0.20861,0.20894,0.21519,0.20828,0.04547,0.04350,0.03955,0.03922,0.04185,-54.17606,-3130.00000
0.24117,0.24314,0.24117,0.24939,0.24610,0.20992,0.21420,0.21354,0.21124,0.21190,0.03988,0.04218,0.04251,0.03857,0.04218,-54.03383,-3129.00000
0.24446,0.24281,0.24479,0.24347,0.23985,0.21255,0.21617,0.21025,0.21288,0.21058,0.03955,0.04350,0.03692,0.04153,0.04087,-54.03383,-3128.00000
0.23656,0.24808,0.24183,0.24709,0.24512,0.21058,0.21223,0.21058,0.21354,0.21255,0.04021,0.04153,0.04317,0.03692,0.04350,-53.48420,-3127.00000
0.24150,0.24446,0.24216,0.24577,0.24084,0.21519,0.21124,0.21124,0.21223,0.21683,0.04153,0.04350,0.04514,0.04153,0.04054,-53.48420,-3126.00000
0.25005,0.24084,0.24512,0.23821,0.24840,0.21650,0.21321,0.21058,0.21157,0.20861,0.04185,0.03889,0.04284,0.04185,0.03922,-52.94816,-3125.00000
0.25104,0.24446,0.24479,0.24150,0.24084,0.21025,0.21519,0.21453,0.21486,0.20729,0.04185,0.04218,0.04449,0.04185,0.04087,-52.94816,-3124.00000
0.24742,0.24479,0.24281,0.24577,0.24709,0.20696,0.20861,0.20927,0.20466,0.20696,0.04153,0.04218,0.04120,0.03988,0.03889,-53.04146,-3123.00000
0.24610,0.24676,0.24479,0.24150,0.24577,0.21354,0.21321,0.21519,0.21387,0.21387,0.04054,0.04350,0.04218,0.04021,0.04251,-53.04146,-3122.00000
0.24610,0.24610,0.24972,0.25005,0.24347,0.21058,0.20959,0.21288,0.21551,0.21288,0.04185,0.04054,0.04218,0.03922,0.04284,-52.55589,-3121.00000
0.24775,0.24413,0.24314,0.24446,0.24544,0.20992,0.21453,0.20959,0.21519,0.21190,0.04481,0.04021,0.04416,0.03857,0.04317,-52.55589,-3120.00000
0.24183,0.24643,0.24808,0.24380,0.24446,0.20927,0.21519,0.21321,0.21124,0.20927,0.03922,0.04613,0.04087,0.04054,0.04218,-52.09337,-3119.00000
0.24446,0.24709,0.24643,0.24873,0.24742,0.21091,0.21124,0.21058,0.21519,0.21223,0.04087,0.04153,0.03889,0.04021,0.04251,-52.09337,-3118.00000
0.24512,0.24446,0.24314,0.24676,0.24577,0.21058,0.21091,0.20795,0.20959,0.21124,0.03988,0.04317,0.04514,0.04153,0.04153,-51.47637,-3117.00000
0.24117,0.24446,0.24512,0.24248,0.24183,0.21321,0.21223,0.21091,0.20927,0.21157,0.04350,0.04350,0.04416,0.04449,0.04153,-51.47637,-3116.00000
0.24775,0.24775,0.23821,0.24150,0.25071,0.21354,0.20762,0.21223,0.21124,0.20696,0.04153,0.04613,0.03955,0.04284,0.04416,-51.38028,-3115.00000
0.24183,0.24446,0.24183,0.24577,0.24840,0.21157,0.21223,0.21157,0.20861,0.20631,0.04218,0.04284,0.04153,0.04317,0.04185,-51.38028,-3114.00000
0.24084,0.24906,0.25104,0.24413,0.24577,0.21519,0.21288,0.20992,0.21091,0.21387,0.04251,0.04153,0.04218,0.04054,0.04514,-52.13545,-3113.00000
0.24183,0.24676,0.24216,0.24610,0.24544,0.20795,0.20861,0.20927,0.20927,0.21519,0.04153,0.04054,0.04383,0.04350,0.04416,-52.13545,-3112.00000
0.24413,0.24216,0.24775,0.24150,0.24610,0.21223,0.21025,0.21519,0.21190,0.21058,0.03955,0.04547,0.04054,0.04185,0.04416,-52.54478,-3111.00000
0.24775,0.24216,0.24216,0.24742,0.24972,0.21486,0.21551,0.21124,0.21124,0.21255,0.04284,0.03955,0.04087,0.04153,0.04284,-52.54478,-3110.00000
0.24906,0.23854,0.24610,0.24347,0.24479,0.21321,0.21321,0.21584,0.21223,0.21255,0.04153,0.04087,0.04153,0.04054,0.03857,-51.89251,-3109.00000
0.24939,0.24709,0.24643,0.24709,0.24183,0.21157,0.21387,0.21321,0.21519,0.21354,0.04054,0.04021,0.04087,0.04383,0.03988,-51.89251,-3108.00000
0.24676,0.24347,0.24544,0.24347,0.24018,0.21190,0.21058,0.21157,0.21420,0.21058,0.04120,0.04021,0.04514,0.03791,0.04021,-51.67623,-3107.00000
0.24512,0.24183,0.24413,0.24314,0.24347,0.21124,0.21190,0.21486,0.21354,0.21157,0.04218,0.03988,0.04218,0.04218,0.04054,-51.67623,-3106.00000
0.24216,0.24544,0.24676,0.23952,0.24380,0.20729,0.21288,0.20762,0.20992,0.21190,0.04218,0.04481,0.04087,0.04284,0.03889,-52.37620,-3105.00000
0.24512,0.24413,0.24577,0.24018,0.24479,0.21157,0.21157,0.20959,0.21255,0.21387,0.04350,0.03659,0.04185,0.03692,0.04251,-52.37620,-3104.00000
0.24413,0.24248,0.24643,0.24413,0.24577,0.20992,0.21486,0.21190,0.21124,0.21453,0.04087,0.04514,0.04416,0.04317,0.04514,-53.06310,-3103.00000
0.24676,0.24742,0.24183,0.25104,0.25202,0.21486,0.20565,0.21913,0.21255,0.21058,0.03692,0.04350,0.04514,0.04284,0.04251,-53.06310,-3102.00000
0.24347,0.24610,0.24446,0.25005,0.24512,0.21453,0.20762,0.20828,0.21190,0.21190,0.04284,0.04218,0.03988,0.04120,0.04481,-53.81671,-3101.00000
0.24347,0.24512,0.24150,0.24281,0.24380,0.21354,0.21420,0.20927,0.20959,0.21650,0.04054,0.03791,0.04350,0.04218,0.03857,-53.81671,-3100.00000
0.23788,0.24314,0.24446,0.24216,0.24183,0.21420,0.21387,0.20828,0.20598,0.21091,0.04350,0.04153,0.04153,0.04153,0.04021,-53.84683,-3099.00000
0.23887,0.24676,0.24347,0.24216,0.23952,0.21321,0.21025,0.21354,0.21157,0.20927,0.04054,0.04185,0.04284,0.04350,0.04514,-53.84683,-3098.00000
0.24775,0.24577,0.24479,0.24840,0.24577,0.20894,0.21157,0.21058,0.21223,0.21519,0.04416,0.04185,0.04185,0.04284,0.04317,-54.07674,-3097.00000
0.24314,0.24248,0.24380,0.23887,0.24479,0.21782,0.21091,0.21650,0.20861,0.21288,0.04218,0.03922,0.04514,0.04613,0.04284,-54.07674,-3096.00000
0.24413,0.24742,0.25136,0.24709,0.23854,0.20861,0.21025,0.21091,0.21255,0.21420,0.04350,0.03824,0.04679,0.04251,0.04284,-53.40556,-3095.00000
0.24643,0.24380,0.24018,0.24248,0.24610,0.21617,0.21551,0.21091,0.21354,0.21157,0.04021,0.04514,0.04317,0.04021,0.04251,-53.40556,-3094.00000
0.24544,0.24150,0.25432,0.24248,0.24676,0.21683,0.21453,0.21321,0.20959,0.21157,0.04251,0.04185,0.04481,0.03988,0.04218,-52.71596,-3093.00000
0.24512,0.24413,0.24479,0.24413,0.24183,0.20992,0.21223,0.21157,0.21025,0.21223,0.03857,0.04449,0.04054,0.03955,0.04153,-52.71596,-3092.00000
0.24479,0.24742,0.24347,0.24775,0.24676,0.21387,0.21223,0.20861,0.21255,0.21091,0.04317,0.04317,0.04185,0.04350,0.04218,-51.83161,-3091.00000
0.24742,0.24709,0.24577,0.24413,0.24413,0.21288,0.21584,0.21223,0.21091,0.21058,0.04284,0.04284,0.04317,0.04547,0.04218,-51.83161,-3090.00000
0.24676,0.24347,0.25268,0.24873,0.24314,0.21617,0.20696,0.21650,0.21124,0.21420,0.04251,0.03955,0.04284,0.04416,0.04284,-51.98514,-3089.00000
0.24117,0.24643,0.24380,0.24413,0.25005,0.20861,0.21223,0.20795,0.21058,0.21288,0.04317,0.04350,0.03659,0.04218,0.04251,-51.98514,-3088.00000
0.24117,0.24873,0.24676,0.24084,0.24808,0.21091,0.21025,0.21617,0.21255,0.21486,0.04317,0.04317,0.04185,0.04021,0.04383,-51.65175,-3087.00000
0.25005,0.24216,0.24150,0.24906,0.24512,0.21091,0.20795,0.20729,0.21091,0.21255,0.04218,0.04120,0.04021,0.04284,0.04054,-51.65175,-3086.00000
0.24972,0.24281,0.24347,0.24577,0.24775,0.21157,0.21255,0.21387,0.21420,0.21025,0.04153,0.04251,0.04185,0.04120,0.04120,-51.77314,-3085.00000
0.24248,0.25005,0.24183,0.24742,0.24413,0.20828,0.21091,0.21058,0.21650,0.21223,0.04021,0.04613,0.04416,0.04284,0.04021,-51.77314,-3084.00000
0.24775,0.24873,0.24051,0.24610,0.24544,0.21058,0.21223,0.21453,0.21025,0.21255,0.03692,0.04054,0.04021,0.04514,0.04120,-51.49204,-3083.00000
0.24413,0.24413,0.24347,0.24084,0.24084,0.21190,0.20959,0.21255,0.21025,0.21190,0.04284,0.04416,0.04054,0.04580,0.04251,-51.49204,-3082.00000
0.24413,0.24676,0.23854,0.24906,0.24314,0.21288,0.21025,0.20861,0.20959,0.21519,0.04251,0.04350,0.04416,0.04449,0.04087,-52.45745,-3081.00000
0.23985,0.24479,0.24446,0.24577,0.24446,0.21190,0.21157,0.21255,0.21058,0.21223,0.04481,0.04185,0.03988,0.04153,0.04054,-52.45745,-3080.00000
0.24577,0.24413,0.24577,0.24281,0.24676,0.21157,0.21387,0.21354,0.21223,0.21124,0.04251,0.04054,0.04251,0.04514,0.03988,-52.94991,-3079.00000
0.24709,0.24413,0.24610,0.24216,0.24512,0.21453,0.21190,0.21190,0.21321,0.21255,0.04087,0.03988,0.04153,0.03593,0.04350,-52.94991,-3078.00000
0.24183,0.24610,0.24939,0.24643,0.24248,0.20959,0.21354,0.21584,0.21617,0.20729,0.04284,0.04054,0.04284,0.04153,0.04251,-52.80796,-3077.00000
0.24314,0.24183,0.24643,0.24873,0.24314,0.20795,0.21584,0.21288,0.21255,0.21650,0.04350,0.04185,0.04120,0.03988,0.03988,-52.80796,-3076.00000
0.24512,0.24972,0.24183,0.24479,0.24150,0.21288,0.21157,0.21255,0.21223,0.20631,0.04185,0.04383,0.04120,0.04317,0.03955,-53.18621,-3075.00000
0.24709,0.24380,0.24544,0.24117,0.24150,0.20959,0.21650,0.20795,0.21124,0.20532,0.04021,0.04284,0.04153,0.03922,0.03922,-53.18621,-3074.00000
0.24544,0.23887,0.24183,0.24775,0.24446,0.21321,0.21683,0.20927,0.21190,0.21255,0.04251,0.04481,0.04185,0.04087,0.04021,-53.56088,-3073.00000
0.24281,0.24150,0.24577,0.24643,0.24709,0.20861,0.20762,0.21255,0.21091,0.21058,0.03922,0.04120,0.04383,0.04218,0.04218,-53.56088,-3072.00000
0.24512,0.24479,0.24512,0.24808,0.24709,0.20729,0.21025,0.21025,0.21255,0.21190,0.04317,0.04481,0.04251,0.04251,0.03758,-54.19255,-3071.00000
0.24479,0.24150,0.24840,0.24018,0.24939,0.21025,0.21091,0.20992,0.21190,0.20861,0.03922,0.03988,0.04185,0.04317,0.03889,-54.19255,-3070.00000
0.24643,0.24676,0.24281,0.24577,0.23887,0.21190,0.21354,0.21321,0.21288,0.21124,0.03955,0.04350,0.04251,0.04481,0.04087,-54.73788,-3069.00000
0.24512,0.24314,0.24479,0.24347,0.24446,0.21124,0.20992,0.21157,0.21288,0.21617,0.04416,0.04120,0.03824,0.04185,0.04383,-54.73788,-3068.00000
0.24248,0.24643,0.24446,0.24183,0.24150,0.21223,0.21091,0.21255,0.21124,0.21650,0.04383,0.04284,0.04317,0.04416,0.04153,-53.83134,-3067.00000
0.24512,0.24183,0.24084,0.25202,0.24281,0.20828,0.21157,0.21551,0.21223,0.21025,0.04383,0.03955,0.04054,0.03659,0.03922,-53.83134,-3066.00000
0.24775,0.24117,0.24512,0.24216,0.24512,0.20762,0.21025,0.20828,0.21124,0.20894,0.04317,0.03922,0.04054,0.04317,0.04087,-53.83217,-3065.00000
0.24216,0.24840,0.24314,0.24281,0.24051,0.21255,0.20992,0.21354,0.21255,0.20861,0.03824,0.04185,0.04185,0.04021,0.04120,-53.83217,-3064.00000
0.24512,0.24413,0.24347,0.24347,0.24446,0.20959,0.21584,0.20532,0.20762,0.21223,0.04054,0.04054,0.04481,0.04416,0.03824,-53.44441,-3063.00000
0.24347,0.24117,0.24643,0.24775,0.24643,0.21190,0.21255,0.20828,0.21157,0.20992,0.03889,0.04613,0.03955,0.04416,0.04185,-53.44441,-3062.00000
0.24248,0.24117,0.24742,0.24018,0.24413,0.21255,0.21157,0.21453,0.21288,0.21190,0.04021,0.03955,0.04284,0.03922,0.04054,-53.21634,-3061.00000
0.24544,0.24248,0.23887,0.23985,0.24873,0.21453,0.20927,0.21124,0.20762,0.20894,0.04153,0.04547,0.04185,0.04185,0.04317,-53.21634,-3060.00000
0.23887,0.24248,0.24512,0.24643,0.25038,0.21058,0.21255,0.21354,0.21190,0.21223,0.03922,0.04021,0.03955,0.04120,0.04185,-52.08913,-3059.00000
0.24808,0.24939,0.24742,0.24314,0.24248,0.21223,0.21387,0.21288,0.21288,0.20861,0.04185,0.03988,0.04218,0.04087,0.04284,-52.08913,-3058.00000
0.23985,0.24709,0.24084,0.23755,0.24742,0.21354,0.20992,0.21058,0.21453,0.20828,0.04251,0.03988,0.04021,0.04383,0.04153,-51.72572,-3057.00000
0.24808,0.24314,0.24446,0.24577,0.24347,0.20828,0.20894,0.20663,0.20861,0.21025,0.04383,0.03824,0.04054,0.04120,0.03791,-51.72572,-3056.00000
0.24939,0.24577,0.24479,0.24577,0.24643,0.20992,0.21157,0.21058,0.21190,0.21124,0.04054,0.03955,0.04021,0.04218,0.04153,-51.93708,-3055.00000
0.24446,0.24216,0.24183,0.24479,0.23821,0.20959,0.21157,0.21387,0.21617,0.21223,0.04054,0.04054,0.04317,0.04185,0.04383,-51.93708,-3054.00000
0.24380,0.24281,0.24281,0.24840,0.24281,0.21420,0.21157,0.21255,0.21650,0.21190,0.03857,0.04350,0.04350,0.04054,0.03988,-51.35672,-3053.00000
0.24742,0.24577,0.23985,0.25071,0.25136,0.21157,0.21223,0.21551,0.21486,0.20959,0.03955,0.03955,0.03889,0.03824,0.03889,-51.35672,-3052.00000
0.23854,0.24873,0.23755,0.24216,0.24544,0.21255,0.21124,0.21387,0.21584,0.20927,0.03988,0.04350,0.04054,0.04317,0.04251,-51.16420,-3051.00000
0.24544,0.24577,0.24544,0.24544,0.24512,0.21453,0.21091,0.21025,0.21025,0.21551,0.04153,0.04087,0.04218,0.04613,0.04547,-51.16420,-3050.00000
0.24314,0.24676,0.24413,0.24512,0.24084,0.21288,0.21551,0.21058,0.21354,0.21058,0.03725,0.04218,0.04054,0.04251,0.04350,-52.05183,-3049.00000
0.24775,0.24808,0.24248,0.24413,0.24709,0.20927,0.21551,0.21025,0.21124,0.21551,0.04021,0.04185,0.04021,0.04021,0.04218,-52.05183,-3048.00000
0.24117,0.24216,0.25071,0.24150,0.24544,0.21486,0.21124,0.20959,0.21157,0.21683,0.04185,0.04383,0.04021,0.04251,0.03889,-52.35160,-3047.00000
0.24380,0.24051,0.24084,0.24643,0.24314,0.20335,0.20894,0.21157,0.20828,0.20959,0.04350,0.03791,0.04416,0.04745,0.04251,-52.35160,-3046.00000
0.24150,0.24775,0.24347,0.24084,0.24643,0.21091,0.20927,0.20663,0.20729,0.21420,0.04350,0.04153,0.04087,0.03988,0.04153,-54.13722,-3045.00000
0.24248,0.24183,0.24709,0.24544,0.24347,0.21025,0.21025,0.21223,0.21584,0.21025,0.04185,0.04218,0.04218,0.04021,0.04580,-54.13722,-3044.00000
0.24808,0.24018,0.24084,0.24413,0.24117,0.21486,0.21453,0.21058,0.21190,0.20696,0.04054,0.03988,0.04383,0.04153,0.04120,-53.85816,-3043.00000
0.24183,0.25071,0.24413,0.24183,0.23558,0.21288,0.20663,0.21420,0.20959,0.21551,0.03922,0.03955,0.04218,0.04218,0.04185,-53.85816,-3042.00000
0.24544,0.24808,0.24248,0.24314,0.24479,0.20795,0.21255,0.20729,0.21157,0.20927,0.03988,0.04580,0.04218,0.03857,0.04416,-53.86756,-3041.00000
0.24906,0.24281,0.24281,0.24775,0.23985,0.21354,0.20959,0.21223,0.20532,0.20861,0.04383,0.04185,0.03857,0.03988,0.03889,-53.86756,-3040.00000
0.24314,0.24150,0.24939,0.24314,0.24775,0.20894,0.21223,0.20959,0.20762,0.21124,0.04416,0.03922,0.04087,0.04251,0.04416,-54.69989,-3039.00000
0.24808,0.23952,0.24643,0.24479,0.24281,0.21157,0.21551,0.21288,0.20992,0.20894,0.04350,0.04317,0.04416,0.03889,0.04547,-54.69989,-3038.00000
0.24939,0.24840,0.24183,0.24150,0.24840,0.21650,0.20894,0.21058,0.21387,0.20894,0.03758,0.03988,0.03857,0.04251,0.04153,-54.09555,-3037.00000
0.24906,0.24873,0.24676,0.24577,0.24347,0.21190,0.21387,0.21749,0.21716,0.21354,0.04350,0.04284,0.04021,0.03955,0.04021,-54.09555,-3036.00000
0.24610,0.24216,0.24117,0.24808,0.24117,0.21486,0.20927,0.20795,0.21321,0.20861,0.04218,0.04613,0.04021,0.04120,0.04350,-54.06194,-3035.00000
0.24150,0.24117,0.25136,0.24248,0.24380,0.20828,0.20927,0.20959,0.21321,0.20959,0.04120,0.04054,0.04021,0.04284,0.04416,-54.06194,-3034.00000
0.24709,0.24150,0.24183,0.24610,0.24643,0.21058,0.20959,0.21157,0.21190,0.20927,0.03889,0.04284,0.03857,0.04087,0.03988,-53.37862,-3033.00000
0.23821,0.24446,0.24084,0.25301,0.23887,0.21453,0.20992,0.20729,0.21223,0.20828,0.04185,0.04153,0.03857,0.03922,0.04317,-53.37862,-3032.00000
0.24479,0.24512,0.24775,0.24479,0.24314,0.20992,0.21519,0.20861,0.20729,0.21091,0.03988,0.04087,0.04317,0.04087,0.03922,-52.76353,-3031.00000
0.23788,0.24840,0.24643,0.24446,0.24183,0.20729,0.21190,0.20795,0.21058,0.20663,0.04416,0.04153,0.03857,0.04021,0.04481,-52.76353,-3030.00000
0.24643,0.24413,0.24216,0.25038,0.24512,0.20729,0.20861,0.21190,0.21321,0.21387,0.03791,0.04120,0.04350,0.04251,0.03889,-52.27532,-3029.00000
0.24610,0.24380,0.24216,0.23887,0.24873,0.21223,0.21190,0.20335,0.21058,0.21190,0.03824,0.04054,0.04317,0.04416,0.04350,-52.27532,-3028.00000
0.24281,0.24117,0.24380,0.24873,0.24479,0.21058,0.20828,0.21321,0.21453,0.20729,0.04449,0.04251,0.04514,0.04021,0.04054,-52.20700,-3027.00000
0.24446,0.23985,0.24808,0.24314,0.24512,0.20992,0.20927,0.21420,0.21091,0.20762,0.04120,0.03758,0.04021,0.03725,0.03955,-52.20700,-3026.00000
0.24709,0.24577,0.24051,0.23821,0.24709,0.21025,0.21025,0.21354,0.21354,0.20861,0.04317,0.03791,0.04514,0.03988,0.04021,-51.66746,-3025.00000
0.24676,0.23985,0.24512,0.24084,0.24347,0.20696,0.20992,0.21288,0.21091,0.21255,0.04021,0.03955,0.04153,0.04284,0.04153,-51.66746,-3024.00000
0.24512,0.24906,0.24840,0.24018,0.24314,0.21025,0.21255,0.20927,0.21190,0.21058,0.04481,0.04284,0.04054,0.04284,0.04383,-52.29613,-3023.00000
0.24314,0.24314,0.24051,0.24643,0.23952,0.21058,0.20927,0.21124,0.20696,0.20959,0.03988,0.04120,0.04153,0.04383,0.04350,-52.29613,-3022.00000
0.24742,0.23952,0.24676,0.24479,0.24183,0.20696,0.21223,0.21157,0.20696,0.21157,0.03955,0.04185,0.04054,0.04416,0.04251,-51.78527,-3021.00000
0.24479,0.25104,0.24544,0.24380,0.24873,0.20992,0.20663,0.21157,0.21025,0.21091,0.04054,0.03922,0.04087,0.03922,0.03955,-51.78527,-3020.00000
0.24873,0.23821,0.25202,0.24183,0.24314,0.21157,0.20762,0.21058,0.20894,0.21091,0.04481,0.04350,0.04218,0.04317,0.04185,-52.44781,-3019.00000
0.24347,0.24610,0.24676,0.24314,0.24577,0.21519,0.20795,0.21091,0.21387,0.20466,0.03889,0.04120,0.04284,0.04185,0.03988,-52.44781,-3018.00000
0.24216,0.24873,0.24018,0.24643,0.24216,0.21091,0.20861,0.20992,0.20894,0.20828,0.04120,0.03791,0.04613,0.04218,0.04185,-52.90604,-3017.00000
0.24512,0.24544,0.24577,0.24446,0.24413,0.21124,0.21124,0.21321,0.21716,0.21091,0.04185,0.04449,0.04251,0.04153,0.03955,-52.90604,-3016.00000
0.24413,0.24314,0.23689,0.24512,0.24577,0.20861,0.21420,0.20499,0.20959,0.20927,0.04416,0.04251,0.04185,0.04054,0.04514,-52.91786,-3015.00000
0.24479,0.24380,0.24314,0.24840,0.24479,0.21288,0.20959,0.21551,0.20927,0.20663,0.04153,0.04218,0.04383,0.04185,0.04284,-52.91786,-3014.00000
0.24479,0.23985,0.24544,0.24281,0.24544,0.21255,0.21223,0.21321,0.21519,0.21190,0.03988,0.04120,0.04317,0.04021,0.04153,-52.79194,-3013.00000
0.24446,0.24808,0.24281,0.24577,0.24544,0.20696,0.20696,0.21025,0.20729,0.20861,0.04054,0.04383,0.04153,0.04120,0.04185,-52.79194,-3012.00000
0.24479,0.24610,0.24183,0.24150,0.24183,0.20861,0.20894,0.21288,0.21387,0.20729,0.04087,0.04514,0.04745,0.04284,0.04317,-52.94138,-3011.00000
0.24248,0.24380,0.24051,0.25169,0.24117,0.21190,0.21519,0.21091,0.21058,0.21157,0.04317,0.04087,0.04383,0.04120,0.04218,-52.94138,-3010.00000
0.24709,0.24248,0.24281,0.24183,0.24808,0.21058,0.21058,0.21321,0.20729,0.21453,0.03988,0.04021,0.04185,0.04449,0.04021,-54.42967,-3009.00000
0.24446,0.24380,0.24577,0.23920,0.24808,0.21255,0.21420,0.21025,0.20631,0.20696,0.04185,0.03988,0.03922,0.03955,0.04350,-54.42967,-3008.00000
0.24610,0.24150,0.24281,0.24018,0.24512,0.20696,0.20631,0.21157,0.21025,0.20861,0.04284,0.04580,0.04087,0.04054,0.04021,-54.15331,-3007.00000
0.24643,0.24248,0.24808,0.24216,0.24150,0.21091,0.21058,0.21321,0.20828,0.20927,0.04087,0.03824,0.04481,0.04153,0.04054,-54.15331,-3006.00000
0.24018,0.24709,0.24084,0.24347,0.24939,0.21486,0.20499,0.21157,0.20729,0.21321,0.04218,0.04416,0.04284,0.04218,0.04054,-54.11035,-3005.00000
0.24577,0.24544,0.24150,0.24248,0.23952,0.20532,0.20959,0.20762,0.20433,0.21091,0.03955,0.03988,0.04218,0.04021,0.04120,-54.11035,-3004.00000
0.24051,0.24314,0.24150,0.25038,0.24084,0.21519,0.20631,0.21124,0.20959,0.20762,0.04153,0.04251,0.04251,0.04153,0.04383,-54.21582,-3003.00000
0.24610,0.23887,0.24084,0.24512,0.24051,0.20663,0.21255,0.20927,0.21190,0.20729,0.04120,0.03857,0.03758,0.04087,0.04613,-54.21582,-3002.00000
0.24479,0.24479,0.24281,0.24972,0.24183,0.20894,0.21288,0.21223,0.21058,0.20466,0.04185,0.03889,0.04153,0.03659,0.04021,-54.10498,-3001.00000
0.24150,0.24413,0.24216,0.23722,0.24347,0.20729,0.21058,0.21124,0.21190,0.21321,0.03725,0.03922,0.04218,0.04087,0.04251,-54.10498,-3000.00000
0.24248,0.24906,0.24084,0.24709,0.24117,0.20466,0.20959,0.20861,0.21091,0.21025,0.04416,0.04153,0.03857,0.04087,0.04218,-53.36108,-2999.00000
0.24479,0.24380,0.24544,0.24248,0.24380,0.21354,0.20959,0.21058,0.20861,0.21025,0.03922,0.04218,0.04876,0.04120,0.04120,-53.36108,-2998.00000
0.23952,0.24150,0.24775,0.23525,0.24446,0.20729,0.21157,0.21420,0.20959,0.21124,0.04514,0.03857,0.04449,0.04021,0.04383,-52.88416,-2997.00000
0.24775,0.24446,0.24380,0.24314,0.24413,0.20927,0.21255,0.21124,0.20631,0.21124,0.04054,0.03889,0.04153,0.03922,0.03988,-52.88416,-2996.00000
0.24084,0.24840,0.24248,0.23952,0.24610,0.20663,0.20729,0.20565,0.20927,0.21190,0.03889,0.04153,0.03922,0.03791,0.04284,-53.34393,-2995.00000
0.24643,0.23788,0.24380,0.24248,0.24183,0.20927,0.21058,0.20466,0.21354,0.20696,0.04054,0.04054,0.03988,0.03889,0.04153,-53.34393,-2994.00000
0.24446,0.24643,0.24446,0.24446,0.23952,0.21288,0.20992,0.20631,0.21025,0.21288,0.04185,0.04449,0.04449,0.04383,0.04284,-52.54355,-2993.00000
0.23492,0.24775,0.24281,0.23920,0.24084,0.20663,0.20598,0.20992,0.20696,0.20861,0.04251,0.04153,0.04185,0.04087,0.03593,-52.54355,-2992.00000
0.23920,0.24808,0.24413,0.24610,0.24084,0.21058,0.21387,0.20795,0.20663,0.20729,0.04317,0.04449,0.04120,0.04153,0.03824,-51.93828,-2991.00000
0.24347,0.23952,0.24676,0.24643,0.24314,0.20861,0.21091,0.20729,0.21025,0.20861,0.03988,0.04218,0.03988,0.03758,0.03988,-51.93828,-2990.00000
0.24512,0.24479,0.24051,0.24446,0.24084,0.21190,0.21420,0.21255,0.20795,0.20959,0.03955,0.04317,0.03988,0.04383,0.04054,-52.20205,-2989.00000
0.23952,0.24347,0.23821,0.24216,0.25169,0.21190,0.21486,0.20367,0.21321,0.20861,0.04481,0.03922,0.04054,0.04284,0.04284,-52.20205,-2988.00000
0.24018,0.24610,0.24248,0.24281,0.24775,0.20927,0.20663,0.20499,0.21354,0.21387,0.04284,0.03955,0.04350,0.04021,0.04350,-52.66841,-2987.00000
0.24577,0.24544,0.24150,0.24808,0.24117,0.20959,0.21321,0.20729,0.21223,0.20927,0.03889,0.04251,0.04153,0.04185,0.04021,-52.66841,-2986.00000
0.24413,0.24446,0.24051,0.24840,0.24643,0.21255,0.20959,0.20894,0.20598,0.20729,0.04284,0.04054,0.04021,0.04021,0.03988,-52.38157,-2985.00000
0.23887,0.24512,0.24314,0.23985,0.24643,0.21091,0.20959,0.21223,0.21025,0.20729,0.04317,0.04218,0.04087,0.04185,0.03988,-52.38157,-2984.00000
0.24577,0.24479,0.24873,0.23952,0.24512,0.21321,0.21025,0.21255,0.21420,0.21190,0.04317,0.03988,0.04087,0.04054,0.03955,-52.25524,-2983.00000
0.24347,0.24676,0.24281,0.24248,0.24150,0.21190,0.21058,0.20861,0.21058,0.21091,0.04120,0.04284,0.04087,0.04021,0.04120,-52.25524,-2982.00000
0.24248,0.25005,0.24380,0.24216,0.24183,0.21650,0.21486,0.20861,0.20663,0.20729,0.04120,0.04251,0.04350,0.04218,0.03988,-52.27020,-2981.00000
0.24347,0.24018,0.24380,0.24117,0.24314,0.20828,0.21321,0.21420,0.20663,0.21025,0.04284,0.04021,0.04153,0.04350,0.03988,-52.27020,-2980.00000
0.24117,0.24906,0.24018,0.24150,0.24281,0.20992,0.21091,0.21223,0.20861,0.21157,0.03791,0.04185,0.03528,0.04185,0.03824,-53.38852,-2979.00000
0.24742,0.24018,0.23920,0.24643,0.23854,0.20894,0.21321,0.20992,0.20927,0.21157,0.04383,0.04218,0.04153,0.04449,0.04416,-53.38852,-2978.00000
0.24347,0.24413,0.24216,0.24446,0.24873,0.20894,0.21354,0.20959,0.21387,0.21420,0.04021,0.03791,0.03988,0.04185,0.04185,-53.81340,-2977.00000
0.23722,0.25005,0.24347,0.23788,0.24840,0.21025,0.20795,0.21025,0.20959,0.21255,0.04251,0.04350,0.03791,0.04021,0.04383,-53.81340,-2976.00000
0.24117,0.24216,0.24314,0.23656,0.24643,0.21058,0.21420,0.20598,0.21157,0.21420,0.04054,0.03857,0.03955,0.04218,0.04449,-55.01705,-2975.00000
0.23821,0.24150,0.24314,0.24479,0.24939,0.21124,0.20861,0.20959,0.21058,0.20927,0.04120,0.04120,0.04021,0.03988,0.03955,-55.01705,-2974.00000
0.23920,0.24479,0.24577,0.24248,0.24709,0.20959,0.21453,0.21223,0.20762,0.20894,0.03659,0.04416,0.04054,0.04185,0.04153,-55.23558,-2973.00000
0.24084,0.24544,0.24709,0.24051,0.24544,0.21321,0.21091,0.20828,0.21091,0.20959,0.04218,0.03922,0.04185,0.04054,0.04054,-55.23558,-2972.00000
0.24380,0.24544,0.23920,0.24643,0.24314,0.20861,0.21223,0.21420,0.21091,0.20729,0.04087,0.04251,0.04087,0.04218,0.04021,-55.02746,-2971.00000
0.24084,0.24413,0.23985,0.24314,0.24512,0.20696,0.20861,0.21255,0.21551,0.21453,0.04021,0.04449,0.04317,0.04317,0.03857,-55.02746,-2970.00000
0.24347,0.24150,0.24446,0.24018,0.24248,0.21255,0.20861,0.21255,0.21255,0.20992,0.03889,0.04613,0.04251,0.04251,0.04350,-54.07867,-2969.00000
0.24413,0.24446,0.24413,0.24479,0.24150,0.21058,0.20795,0.20696,0.21025,0.20302,0.04679,0.04449,0.03922,0.04054,0.04284,-54.07867,-2968.00000
0.24347,0.24512,0.24150,0.24248,0.24479,0.20631,0.20631,0.20959,0.20762,0.20828,0.03955,0.04383,0.04021,0.04185,0.04087,-53.83621,-2967.00000
0.24479,0.23788,0.24380,0.23920,0.24808,0.21124,0.21354,0.21025,0.21025,0.21091,0.04317,0.04120,0.03955,0.04153,0.04251,-53.83621,-2966.00000
0.24084,0.24281,0.24873,0.24216,0.24117,0.21190,0.20894,0.20959,0.20992,0.21288,0.04218,0.04120,0.04251,0.03889,0.04185,-52.85560,-2965.00000
0.24380,0.24676,0.24314,0.24150,0.24183,0.20828,0.21288,0.21387,0.20828,0.21091,0.03824,0.04021,0.04547,0.04350,0.03889,-52.85560,-2964.00000
0.23920,0.23821,0.24413,0.24347,0.24512,0.21288,0.21486,0.20367,0.20959,0.20828,0.04284,0.04218,0.04054,0.03889,0.04087,-53.04157,-2963.00000
0.24544,0.24051,0.24512,0.24544,0.24479,0.21091,0.20696,0.21190,0.20894,0.21255,0.04284,0.04284,0.04120,0.04679,0.04547,-53.04157,-2962.00000
0.24183,0.24380,0.24610,0.24709,0.24150,0.21025,0.20729,0.20861,0.20861,0.20894,0.03955,0.03561,0.04613,0.03922,0.04054,-51.76737,-2961.00000
0.24150,0.24577,0.24084,0.24084,0.24380,0.21091,0.20927,0.20992,0.21387,0.20269,0.03988,0.04120,0.04350,0.04449,0.04218,-51.76737,-2960.00000
0.24117,0.24808,0.24018,0.24150,0.24610,0.20992,0.21255,0.20795,0.21354,0.21288,0.03955,0.04251,0.04284,0.04153,0.04317,-52.28261,-2959.00000
0.25038,0.24117,0.24742,0.24512,0.24183,0.20795,0.21124,0.21025,0.21124,0.20927,0.04284,0.03857,0.03922,0.04153,0.04021,-52.28261,-2958.00000
0.24544,0.24018,0.24347,0.23985,0.24380,0.21124,0.20894,0.20828,0.21025,0.20992,0.04087,0.03922,0.03561,0.04120,0.04251,-51.78339,-2957.00000
0.23459,0.25202,0.23887,0.24314,0.24314,0.20795,0.21387,0.20663,0.21453,0.21025,0.04153,0.04218,0.04218,0.04120,0.04153,-51.78339,-2956.00000
0.24018,0.23887,0.24873,0.24248,0.24380,0.21190,0.21387,0.21058,0.21190,0.20631,0.03791,0.04416,0.04218,0.04054,0.04054,-51.62656,-2955.00000
0.24347,0.24216,0.24643,0.24216,0.24183,0.21025,0.21157,0.21354,0.21584,0.21091,0.04087,0.04317,0.03889,0.04547,0.04087,-51.62656,-2954.00000
0.24775,0.23952,0.24413,0.24544,0.23952,0.21091,0.20762,0.21058,0.21551,0.21321,0.03758,0.04153,0.04284,0.04251,0.03857,-51.75322,-2953.00000
0.23854,0.24413,0.24051,0.24413,0.24216,0.21387,0.21288,0.20927,0.21124,0.21091,0.03758,0.04251,0.03922,0.04120,0.04153,-51.75322,-2952.00000
0.23887,0.24512,0.24183,0.24281,0.24281,0.21321,0.21190,0.21321,0.20433,0.21091,0.03988,0.03988,0.03824,0.03988,0.03988,-52.43667,-2951.00000
0.24248,0.24446,0.23525,0.24544,0.24281,0.21321,0.21617,0.21519,0.20959,0.21420,0.04185,0.04087,0.04317,0.03857,0.03889,-52.43667,-2950.00000
0.24281,0.24183,0.24347,0.24610,0.24840,0.20795,0.21091,0.21288,0.20927,0.21387,0.04185,0.04153,0.04317,0.04120,0.04153,-52.54158,-2949.00000
0.24610,0.24248,0.24808,0.24117,0.24380,0.20894,0.21255,0.21091,0.21519,0.20927,0.04021,0.03988,0.04284,0.04251,0.03824,-52.54158,-2948.00000
0.24742,0.24577,0.24347,0.24709,0.24216,0.21124,0.20729,0.21321,0.21288,0.21124,0.04185,0.04087,0.04317,0.04087,0.03791,-53.35575,-2947.00000
0.24216,0.24150,0.24446,0.24084,0.24281,0.21190,0.20992,0.21025,0.20992,0.21124,0.04087,0.03889,0.04185,0.03922,0.04120,-53.35575,-2946.00000
0.24380,0.24512,0.24544,0.24709,0.24775,0.21157,0.21091,0.21025,0.20367,0.21223,0.04218,0.04251,0.04185,0.03955,0.03955,-54.32436,-2945.00000
0.24479,0.23788,0.24216,0.24248,0.24413,0.20927,0.21453,0.21190,0.21321,0.20663,0.04021,0.04185,0.04054,0.03857,0.04054,-54.32436,-2944.00000
0.24314,0.23985,0.24314,0.24610,0.24183,0.20992,0.21025,0.20729,0.21091,0.21321,0.03889,0.04087,0.03725,0.03988,0.04218,-54.77937,-2943.00000
0.24413,0.24183,0.24939,0.24150,0.24380,0.21453,0.20631,0.20992,0.21157,0.21486,0.03988,0.04120,0.04087,0.03791,0.04317,-54.77937,-2942.00000
0.24380,0.24939,0.23755,0.24183,0.24775,0.21124,0.20894,0.20959,0.21124,0.20795,0.04054,0.04317,0.04185,0.04087,0.04087,-54.65287,-2941.00000
0.24610,0.24018,0.24281,0.24380,0.24183,0.21420,0.21486,0.21288,0.20927,0.20828,0.03758,0.04054,0.04021,0.04054,0.04153,-54.65287,-2940.00000
0.24479,0.24643,0.24051,0.24512,0.24347,0.21453,0.20894,0.21124,0.20828,0.21190,0.04185,0.04153,0.03988,0.03988,0.04383,-54.06960,-2939.00000
0.24643,0.24150,0.24577,0.24709,0.24051,0.21255,0.21551,0.21453,0.20992,0.21157,0.03791,0.03692,0.03955,0.04153,0.04021,-54.06960,-2938.00000
0.24314,0.24216,0.24281,0.24380,0.24577,0.21354,0.21157,0.21025,0.20894,0.21321,0.04251,0.04120,0.04185,0.04087,0.04185,-54.88880,-2937.00000
0.24512,0.24808,0.23854,0.24512,0.24643,0.20959,0.21190,0.21387,0.20663,0.20959,0.04153,0.04153,0.03857,0.04153,0.04153,-54.88880,-2936.00000
0.24742,0.24018,0.24117,0.24314,0.24512,0.21223,0.21551,0.21584,0.21091,0.21091,0.04185,0.04218,0.04021,0.04054,0.03922,-53.90436,-2935.00000
0.24380,0.24117,0.24544,0.24347,0.23985,0.21255,0.20927,0.20992,0.21124,0.20433,0.04153,0.04054,0.04350,0.04087,0.03889,-53.90436,-2934.00000
0.24446,0.23722,0.24413,0.24018,0.23952,0.20631,0.20894,0.21157,0.20861,0.21157,0.03955,0.03955,0.03791,0.04153,0.04153,-53.45853,-2933.00000
0.24314,0.24281,0.24216,0.24709,0.23788,0.20828,0.21486,0.21387,0.20927,0.21091,0.04481,0.03758,0.03889,0.04021,0.03988,-53.45853,-2932.00000
0.24577,0.24347,0.24216,0.24314,0.25104,0.21453,0.21519,0.21223,0.20466,0.21321,0.04383,0.04185,0.04185,0.04251,0.04087,-52.78639,-2931.00000
0.24544,0.24183,0.24018,0.24216,0.24150,0.21124,0.21255,0.21321,0.20927,0.21288,0.04087,0.04087,0.03955,0.04383,0.04087,-52.78639,-2930.00000
0.24544,0.24216,0.24248,0.24281,0.24150,0.20598,0.21025,0.20729,0.21091,0.20729,0.03922,0.03692,0.03922,0.04251,0.04218,-52.60413,-2929.00000
0.23887,0.24643,0.24150,0.24676,0.24544,0.21420,0.21091,0.21058,0.21091,0.21190,0.03922,0.04218,0.04054,0.03955,0.04251,-52.60413,-2928.00000
0.24314,0.24216,0.24413,0.24248,0.23722,0.21420,0.20828,0.20828,0.20696,0.20729,0.04251,0.04087,0.04218,0.04218,0.03857,-53.33820,-2927.00000
0.24676,0.23985,0.23952,0.24577,0.24084,0.21058,0.20762,0.21223,0.21453,0.21420,0.04251,0.03955,0.04153,0.03955,0.04153,-53.33820,-2926.00000
0.24479,0.23722,0.24446,0.24479,0.24183,0.20729,0.21223,0.21321,0.21190,0.21157,0.04251,0.03889,0.03824,0.04054,0.04054,-52.72623,-2925.00000
0.23854,0.24479,0.23985,0.24347,0.24117,0.20828,0.20927,0.20992,0.21025,0.20959,0.03626,0.04054,0.04251,0.04021,0.03922,-52.72623,-2924.00000
0.23722,0.23624,0.24643,0.24314,0.24413,0.21387,0.21255,0.20762,0.21255,0.20861,0.04284,0.03857,0.03889,0.04218,0.04284,-52.55940,-2923.00000
0.24216,0.24084,0.23656,0.24380,0.24314,0.20795,0.21420,0.21091,0.21157,0.20795,0.04185,0.03857,0.04514,0.03922,0.04383,-52.55940,-2922.00000
0.24281,0.24347,0.24577,0.24051,0.24314,0.20927,0.20729,0.20762,0.21387,0.20795,0.04054,0.03758,0.04153,0.03955,0.04087,-51.98771,-2921.00000
0.24709,0.23722,0.24281,0.23755,0.24610,0.20861,0.20992,0.21157,0.21124,0.20959,0.03988,0.03922,0.04646,0.03889,0.04120,-51.98771,-2920.00000
0.23920,0.24150,0.24906,0.23821,0.24084,0.21025,0.21157,0.21190,0.21058,0.21058,0.04054,0.04218,0.03988,0.03593,0.03791,-51.57491,-2919.00000
0.24117,0.24216,0.24117,0.24972,0.23887,0.20828,0.20894,0.20992,0.20631,0.21551,0.03889,0.03988,0.03889,0.04416,0.04284,-51.57491,-2918.00000
0.24216,0.24577,0.24512,0.24314,0.24281,0.21321,0.20861,0.21091,0.20992,0.21190,0.04021,0.04218,0.03824,0.03791,0.04449,-52.66245,-2917.00000
0.24314,0.24281,0.24051,0.24446,0.23788,0.21091,0.21124,0.21321,0.21058,0.21321,0.04054,0.03955,0.03922,0.04284,0.03889,-52.66245,-2916.00000
0.24709,0.24084,0.24314,0.24512,0.23755,0.21255,0.21058,0.20927,0.20959,0.20696,0.04021,0.04087,0.04087,0.03922,0.03988,-52.96453,-2915.00000
0.24512,0.24479,0.23624,0.24742,0.24643,0.20663,0.21058,0.21486,0.20729,0.20894,0.03889,0.04350,0.04185,0.03955,0.04416,-52.96453,-2914.00000
0.24183,0.24709,0.24413,0.24643,0.24051,0.20992,0.20795,0.20959,0.20992,0.21091,0.03988,0.03988,0.04284,0.03889,0.04021,-52.61996,-2913.00000
0.24281,0.24479,0.24314,0.24380,0.24446,0.21025,0.20992,0.20959,0.20959,0.21190,0.03988,0.04218,0.04350,0.04251,0.04087,-52.61996,-2912.00000
0.23920,0.24314,0.23920,0.24742,0.23624,0.21025,0.21223,0.21190,0.21519,0.21025,0.04350,0.04317,0.03659,0.04185,0.04383,-52.66008,-2911.00000
0.24610,0.24479,0.24281,0.24380,0.24314,0.20729,0.20894,0.20828,0.21880,0.21091,0.04054,0.03692,0.03824,0.04120,0.03758,-52.66008,-2910.00000
0.24314,0.24610,0.23952,0.24709,0.24709,0.21157,0.20927,0.20959,0.20861,0.21091,0.04449,0.04185,0.04185,0.04218,0.03857,-52.90230,-2909.00000
0.24314,0.24479,0.24775,0.24150,0.24248,0.21288,0.21157,0.21321,0.21124,0.21354,0.04416,0.04021,0.04120,0.04054,0.03988,-52.90230,-2908.00000
0.24512,0.24676,0.24479,0.24150,0.24216,0.21321,0.20992,0.20959,0.21223,0.20992,0.04153,0.04120,0.03988,0.04153,0.04021,-52.72557,-2907.00000
0.24577,0.24380,0.24479,0.24281,0.23821,0.20729,0.21288,0.21124,0.20959,0.21288,0.04120,0.04120,0.04317,0.04153,0.04481,-52.72557,-2906.00000
0.24479,0.24018,0.24544,0.24413,0.24742,0.20795,0.20861,0.21354,0.21190,0.21255,0.04284,0.04416,0.04021,0.04054,0.03988,-53.70653,-2905.00000
0.24248,0.24117,0.24314,0.24610,0.24446,0.21058,0.20927,0.21025,0.21255,0.21058,0.03889,0.03889,0.03857,0.04054,0.04251,-53.70653,-2904.00000
0.24150,0.24643,0.24610,0.23821,0.24314,0.20795,0.21420,0.21223,0.20894,0.21058,0.03725,0.03988,0.04021,0.04317,0.04350,-53.81127,-2903.00000
0.24380,0.24216,0.25104,0.24117,0.24380,0.21025,0.21190,0.21025,0.21157,0.21255,0.03922,0.04054,0.04021,0.03758,0.04218,-53.81127,-2902.00000
0.24281,0.24544,0.24347,0.24413,0.24709,0.21058,0.21321,0.21124,0.20927,0.20861,0.03988,0.03889,0.04251,0.04317,0.03758,-54.38366,-2901.00000
0.24117,0.24248,0.24577,0.24084,0.23887,0.20959,0.21519,0.21058,0.20992,0.21091,0.03955,0.04251,0.03857,0.04120,0.03988,-54.38366,-2900.00000
0.24577,0.24808,0.24446,0.24939,0.24446,0.21190,0.20729,0.20861,0.21387,0.21486,0.04350,0.04021,0.04021,0.04120,0.04054,-54.54291,-2899.00000
0.24051,0.24413,0.24840,0.24413,0.24248,0.21124,0.21288,0.21321,0.20992,0.21716,0.04054,0.04153,0.03922,0.03889,0.04350,-54.54291,-2898.00000
0.24742,0.24216,0.24709,0.24413,0.24183,0.21223,0.21124,0.21354,0.21025,0.21519,0.04054,0.04087,0.03922,0.04087,0.03955,-53.99997,-2897.00000
0.24413,0.24479,0.24314,0.24216,0.24742,0.21223,0.20861,0.20696,0.20795,0.21091,0.04350,0.04416,0.03955,0.04350,0.04218,-53.99997,-2896.00000
0.24479,0.24610,0.24248,0.24018,0.24084,0.21157,0.20762,0.21223,0.21223,0.21420,0.03561,0.03988,0.04284,0.04021,0.04120,-53.14256,-2895.00000
0.23952,0.24512,0.24216,0.24216,0.24479,0.20959,0.21486,0.21223,0.20959,0.21091,0.04317,0.04120,0.03725,0.04087,0.04481,-53.14256,-2894.00000
0.24380,0.23887,0.23952,0.24544,0.24216,0.20861,0.21157,0.20992,0.21387,0.21124,0.04087,0.03922,0.04350,0.04251,0.04317,-52.59667,-2893.00000
0.24643,0.24577,0.24248,0.24479,0.24314,0.20927,0.21288,0.21025,0.20696,0.21124,0.04449,0.04021,0.03889,0.03988,0.03988,-52.59667,-2892.00000
0.24676,0.24347,0.24248,0.24084,0.24446,0.21091,0.21091,0.20729,0.21157,0.21190,0.04251,0.03955,0.04284,0.03988,0.04185,-52.39209,-2891.00000
0.24446,0.24643,0.24479,0.24216,0.24347,0.20927,0.21255,0.21124,0.21453,0.21124,0.04021,0.04054,0.03791,0.04087,0.03725,-52.39209,-2890.00000
0.24117,0.23591,0.24775,0.23952,0.24248,0.20927,0.21288,0.20894,0.20762,0.21486,0.04087,0.04021,0.03955,0.03791,0.04153,-51.74048,-2889.00000
0.24413,0.24479,0.24084,0.24709,0.24413,0.21025,0.21650,0.21157,0.21486,0.21255,0.04449,0.03988,0.04054,0.04120,0.04021,-51.74048,-2888.00000
0.24347,0.24577,0.23985,0.24216,0.24248,0.21255,0.21157,0.21387,0.20696,0.21519,0.04185,0.03692,0.04054,0.03528,0.03922,-51.01672,-2887.00000
0.24347,0.24117,0.24544,0.24413,0.24775,0.21321,0.20762,0.21387,0.20894,0.21486,0.04120,0.04251,0.04120,0.03692,0.03791,-51.01672,-2886.00000
0.24314,0.24577,0.24479,0.24479,0.24084,0.20795,0.21321,0.21223,0.21321,0.21025,0.04350,0.03857,0.04218,0.04021,0.03889,-51.49713,-2885.00000
0.24512,0.24544,0.24084,0.24413,0.24347,0.21190,0.20795,0.20762,0.21255,0.21190,0.04218,0.04251,0.03659,0.03659,0.04021,-51.49713,-2884.00000
0.23854,0.24216,0.23821,0.23821,0.24643,0.21058,0.20828,0.20828,0.20828,0.20861,0.03725,0.04153,0.04153,0.03824,0.03988,-50.82181,-2883.00000
0.24248,0.24643,0.24873,0.23920,0.24479,0.20861,0.20663,0.20894,0.20927,0.20927,0.04251,0.04120,0.04218,0.03692,0.03955,-50.82181,-2882.00000
0.24380,0.24117,0.24643,0.23196,0.25005,0.20696,0.20828,0.20927,0.20696,0.20861,0.04218,0.04087,0.03857,0.03758,0.04416,-50.10329,-2881.00000
0.24380,0.24150,0.25038,0.24544,0.24281,0.20992,0.21255,0.20795,0.20828,0.21486,0.04120,0.04218,0.04054,0.03922,0.04054,-50.10329,-2880.00000
0.24248,0.23525,0.24216,0.24018,0.23920,0.20828,0.20598,0.20992,0.21124,0.21354,0.04218,0.03824,0.04054,0.03626,0.04251,-48.90418,-2879.00000
0.24216,0.24512,0.24183,0.24150,0.24544,0.20729,0.20959,0.21354,0.20532,0.21223,0.03758,0.04218,0.04120,0.03922,0.03824,-48.90418,-2878.00000
0.23689,0.24117,0.23985,0.24446,0.24413,0.20927,0.21584,0.21124,0.21223,0.20959,0.04120,0.03955,0.03988,0.04087,0.03725,-47.87738,-2877.00000
0.23821,0.24347,0.24347,0.24183,0.24512,0.20696,0.20762,0.20992,0.21091,0.20532,0.04153,0.04350,0.04218,0.03824,0.04284,-47.87738,-2876.00000
0.24413,0.24150,0.24248,0.24216,0.24117,0.21124,0.21025,0.21091,0.21157,0.21486,0.03725,0.04481,0.03692,0.04054,0.04185,-48.11594,-2875.00000
0.24873,0.24413,0.24446,0.23656,0.23887,0.21058,0.20992,0.21157,0.20927,0.21190,0.04218,0.04021,0.04021,0.03988,0.04218,-48.11594,-2874.00000
0.24018,0.24742,0.24479,0.24216,0.23952,0.21157,0.21288,0.21321,0.21288,0.21387,0.03857,0.04153,0.03725,0.04185,0.03955,-48.57457,-2873.00000
0.24709,0.24248,0.23887,0.23821,0.24281,0.21321,0.20828,0.20499,0.21321,0.21157,0.03955,0.03988,0.04153,0.04218,0.04251,-48.57457,-2872.00000
0.24018,0.23887,0.24544,0.23788,0.24183,0.21223,0.20696,0.21124,0.20828,0.20894,0.04120,0.03988,0.04218,0.04218,0.03922,-49.84393,-2871.00000
0.24216,0.23722,0.24939,0.24281,0.24314,0.20992,0.20828,0.20663,0.21124,0.21091,0.03659,0.03955,0.03824,0.04416,0.03857,-49.84393,-2870.00000
0.24709,0.24117,0.24248,0.23985,0.24676,0.20631,0.20927,0.20828,0.20992,0.21157,0.04021,0.04712,0.04284,0.04120,0.04383,-51.62362,-2869.00000
0.24840,0.23854,0.24446,0.24117,0.24446,0.21058,0.20828,0.20927,0.21223,0.20992,0.04383,0.03692,0.03922,0.04054,0.03824,-51.62362,-2868.00000
0.23821,0.24413,0.24709,0.23952,0.24840,0.21190,0.21124,0.21255,0.21157,0.20828,0.03955,0.03922,0.04021,0.04087,0.04087,-53.36796,-2867.00000
0.24248,0.24018,0.24775,0.24413,0.24347,0.21387,0.20466,0.20631,0.21091,0.21321,0.04087,0.04251,0.04317,0.04021,0.03922,-53.36796,-2866.00000
0.24610,0.23525,0.24248,0.24610,0.24216,0.20992,0.20696,0.20959,0.21255,0.21025,0.03692,0.04120,0.03955,0.03889,0.03626,-53.88613,-2865.00000
0.23821,0.24347,0.23920,0.24512,0.24183,0.21025,0.20631,0.20663,0.20795,0.20959,0.04185,0.04054,0.04120,0.04021,0.03922,-53.88613,-2864.00000
0.23656,0.24840,0.24413,0.24347,0.24347,0.21486,0.21255,0.20894,0.21255,0.21453,0.04317,0.03593,0.04120,0.04284,0.04087,-53.50801,-2863.00000
0.24314,0.24117,0.24512,0.24018,0.24183,0.20795,0.21255,0.21255,0.20894,0.21288,0.04021,0.03955,0.03824,0.04284,0.04449,-53.50801,-2862.00000
0.24512,0.23920,0.24051,0.23854,0.23558,0.21354,0.20696,0.20795,0.21387,0.20828,0.04054,0.04679,0.04021,0.04580,0.03955,-52.50596,-2861.00000
0.24216,0.24347,0.24906,0.24577,0.24216,0.21223,0.20795,0.20992,0.21255,0.20927,0.04087,0.03955,0.03955,0.04153,0.04021,-52.50596,-2860.00000
0.23854,0.23328,0.24808,0.24018,0.24216,0.20992,0.20927,0.21354,0.20631,0.20696,0.04317,0.03824,0.03922,0.04317,0.04087,-52.03667,-2859.00000
0.24117,0.24643,0.23920,0.24216,0.23558,0.21058,0.21091,0.21387,0.21157,0.21387,0.04153,0.04021,0.04087,0.04251,0.04054,-52.03667,-2858.00000
0.23788,0.24117,0.24873,0.24216,0.24380,0.21749,0.20828,0.21157,0.21025,0.20631,0.04317,0.04153,0.03889,0.03889,0.03824,-51.65554,-2857.00000
0.23985,0.24183,0.24314,0.24051,0.23985,0.20631,0.21124,0.21025,0.21387,0.21551,0.04185,0.04021,0.03988,0.04218,0.04054,-51.65554,-2856.00000
0.24380,0.24479,0.23854,0.24314,0.24216,0.21157,0.21124,0.20959,0.20927,0.21255,0.04021,0.03857,0.03889,0.03988,0.04350,-52.31215,-2855.00000
0.24544,0.24216,0.24216,0.24051,0.24183,0.20959,0.21519,0.20828,0.20828,0.20631,0.04284,0.04120,0.04218,0.04120,0.03758,-52.31215,-2854.00000
0.24183,0.23788,0.24314,0.24512,0.24051,0.20959,0.21058,0.20631,0.20861,0.21058,0.04350,0.04021,0.03988,0.03922,0.03758,-52.26691,-2853.00000
0.23920,0.24446,0.24117,0.23952,0.24281,0.21091,0.21157,0.21058,0.20828,0.21453,0.04317,0.04120,0.03922,0.04218,0.04185,-52.26691,-2852.00000
0.24775,0.24413,0.24051,0.24380,0.23755,0.20532,0.20959,0.20663,0.21058,0.21091,0.04350,0.04218,0.04251,0.04021,0.03955,-52.40787,-2851.00000
0.24314,0.23920,0.24413,0.24150,0.24150,0.21321,0.20959,0.21025,0.21025,0.21190,0.04317,0.04021,0.04120,0.04251,0.03791,-52.40787,-2850.00000
0.24248,0.23952,0.24577,0.24380,0.24281,0.20598,0.20762,0.21223,0.21223,0.20992,0.03955,0.04021,0.04284,0.04153,0.03824,-52.75179,-2849.00000
0.24150,0.24117,0.24183,0.25169,0.24183,0.21091,0.21288,0.21387,0.21157,0.21190,0.03988,0.04153,0.04021,0.04185,0.04153,-52.75179,-2848.00000
0.24216,0.24840,0.24150,0.24216,0.24577,0.21387,0.20992,0.21190,0.21223,0.21354,0.04185,0.04054,0.04383,0.04120,0.03791,-52.67716,-2847.00000
0.23985,0.24643,0.24380,0.24544,0.24117,0.20762,0.21354,0.20861,0.21288,0.21255,0.03824,0.04218,0.03955,0.03824,0.04120,-52.67716,-2846.00000
0.24117,0.24577,0.23722,0.24051,0.24775,0.21058,0.20992,0.21058,0.21025,0.20959,0.04021,0.04021,0.04021,0.03561,0.04054,-53.33321,-2845.00000
0.23952,0.24018,0.24281,0.24972,0.24117,0.21255,0.21124,0.21288,0.21091,0.21157,0.03988,0.04153,0.03791,0.04218,0.04120,-53.33321,-2844.00000
0.24248,0.24577,0.23525,0.23952,0.24643,0.21288,0.21223,0.21091,0.21025,0.21617,0.04317,0.04284,0.03955,0.04218,0.04284,-54.08604,-2843.00000
0.24314,0.24446,0.24281,0.24084,0.24577,0.21025,0.21025,0.21124,0.21354,0.20762,0.04054,0.03955,0.04054,0.03988,0.04087,-54.08604,-2842.00000
0.24512,0.24183,0.24117,0.24742,0.23722,0.21288,0.21058,0.20861,0.21091,0.21190,0.04120,0.03988,0.04350,0.03955,0.04317,-53.67632,-2841.00000
0.23788,0.23887,0.24643,0.24216,0.24150,0.21025,0.21387,0.21124,0.21190,0.20959,0.03857,0.03955,0.03824,0.03791,0.03955,-53.67632,-2840.00000
0.24413,0.24544,0.24018,0.24512,0.24314,0.20894,0.20795,0.20828,0.20795,0.20927,0.04021,0.04251,0.03725,0.03988,0.04284,-54.18679,-2839.00000
0.23887,0.24117,0.24051,0.24380,0.24051,0.21190,0.21255,0.20335,0.20795,0.21124,0.03988,0.04481,0.03857,0.03955,0.04317,-54.18679,-2838.00000
0.24577,0.24512,0.24051,0.24150,0.24512,0.21157,0.21025,0.21157,0.20894,0.20927,0.04218,0.04185,0.04120,0.04021,0.03889,-54.62025,-2837.00000
0.23920,0.24906,0.24051,0.24808,0.24281,0.21025,0.20565,0.20894,0.20959,0.20466,0.04054,0.04218,0.03889,0.04481,0.03988,-54.62025,-2836.00000
0.23624,0.24413,0.23788,0.24808,0.24183,0.21025,0.21749,0.20861,0.21091,0.21025,0.04021,0.04185,0.04350,0.03824,0.04218,-55.13239,-2835.00000
0.24479,0.24314,0.23854,0.24084,0.24183,0.20992,0.20565,0.21223,0.21157,0.20992,0.04185,0.04251,0.04153,0.04120,0.04449,-55.13239,-2834.00000
0.24183,0.24018,0.23854,0.24084,0.24380,0.21255,0.21025,0.21519,0.21124,0.20532,0.03955,0.04383,0.04251,0.04251,0.04120,-54.31180,-2833.00000
0.24808,0.23624,0.24840,0.24281,0.24446,0.20565,0.21223,0.21354,0.20795,0.21486,0.04317,0.04021,0.04284,0.03659,0.04185,-54.31180,-2832.00000
0.24216,0.24018,0.24281,0.24577,0.24281,0.21354,0.21157,0.20927,0.21058,0.21157,0.04087,0.04153,0.03955,0.03495,0.03692,-53.17397,-2831.00000
0.24183,0.24347,0.24084,0.24479,0.24051,0.20598,0.21157,0.21190,0.20894,0.20795,0.04021,0.04120,0.04087,0.04153,0.04284,-53.17397,-2830.00000
0.24150,0.24216,0.23985,0.24709,0.23722,0.20992,0.20894,0.20795,0.21157,0.21255,0.04153,0.04087,0.04120,0.04416,0.03988,-52.53425,-2829.00000
0.23952,0.24084,0.23920,0.24479,0.23985,0.21255,0.21255,0.20729,0.20992,0.20565,0.03626,0.04153,0.04054,0.04054,0.04153,-52.53425,-2828.00000
0.24479,0.24084,0.24248,0.24216,0.24676,0.21223,0.21255,0.20795,0.21058,0.21420,0.04087,0.03857,0.03857,0.04087,0.04087,-53.34964,-2827.00000
0.23952,0.24084,0.24183,0.24347,0.24544,0.21255,0.21124,0.21321,0.21190,0.20927,0.04021,0.03955,0.04120,0.03955,0.04021,-53.34964,-2826.00000
0.23920,0.24281,0.23656,0.24906,0.24676,0.21223,0.21157,0.20927,0.21420,0.21124,0.04383,0.03955,0.04218,0.04087,0.04481,-52.31935,-2825.00000
0.24314,0.24051,0.24380,0.24051,0.23920,0.20499,0.21354,0.21124,0.21058,0.21453,0.03692,0.04120,0.04251,0.04383,0.03988,-52.31935,-2824.00000
0.24709,0.25038,0.24183,0.24676,0.24150,0.21157,0.20927,0.21058,0.20927,0.21288,0.04383,0.03889,0.03857,0.04054,0.03988,-52.12403,-2823.00000
0.23887,0.24512,0.24347,0.24051,0.24314,0.21321,0.21157,0.20696,0.20927,0.20795,0.04251,0.03889,0.04153,0.04054,0.03857,-52.12403,-2822.00000
0.23985,0.23985,0.24117,0.24117,0.23821,0.21091,0.21157,0.20762,0.21288,0.21091,0.04350,0.03922,0.03955,0.04021,0.04054,-51.95801,-2821.00000
0.24248,0.24742,0.24281,0.23985,0.24281,0.20729,0.20927,0.21519,0.21190,0.21453,0.04383,0.03758,0.03857,0.03857,0.03922,-51.95801,-2820.00000
0.24183,0.25005,0.23985,0.24084,0.24183,0.20598,0.20992,0.20236,0.21321,0.21025,0.03922,0.03988,0.04284,0.03922,0.04087,-51.32324,-2819.00000
0.23360,0.24150,0.24150,0.24413,0.24512,0.21321,0.20762,0.21288,0.20927,0.20696,0.04153,0.03922,0.04054,0.03988,0.04120,-51.32324,-2818.00000
0.24512,0.24051,0.24314,0.23985,0.24544,0.21255,0.20992,0.20894,0.20532,0.21453,0.03955,0.04120,0.03922,0.03824,0.04120,-51.92139,-2817.00000
0.23887,0.23952,0.24248,0.24216,0.24479,0.20992,0.20795,0.21091,0.21124,0.20466,0.03889,0.04087,0.03857,0.03626,0.04317,-51.92139,-2816.00000
0.23722,0.24314,0.24939,0.24380,0.24939,0.21058,0.21255,0.21190,0.21058,0.21190,0.03758,0.04251,0.04284,0.04218,0.04021,-53.10181,-2815.00000
0.24183,0.24117,0.24512,0.24150,0.23920,0.20696,0.21025,0.21288,0.21387,0.20861,0.03857,0.04350,0.03955,0.04218,0.04054,-53.10181,-2814.00000
0.24610,0.24117,0.24610,0.24544,0.24512,0.21815,0.20762,0.21058,0.21025,0.20861,0.04350,0.04284,0.04185,0.04350,0.04087,-53.36975,-2813.00000
0.24150,0.24380,0.24380,0.23755,0.24216,0.20828,0.20400,0.21255,0.21058,0.20861,0.04350,0.04153,0.03955,0.03824,0.04120,-53.36975,-2812.00000
0.23920,0.24314,0.24216,0.23920,0.24742,0.20927,0.21321,0.21124,0.21025,0.20861,0.03988,0.04251,0.04087,0.04251,0.04481,-53.34991,-2811.00000
0.24018,0.23722,0.24775,0.23689,0.24347,0.21124,0.21321,0.20828,0.20795,0.20959,0.04547,0.03824,0.04185,0.03955,0.04054,-53.34991,-2810.00000
0.23985,0.24248,0.24544,0.24216,0.24709,0.20631,0.21420,0.21223,0.20894,0.20828,0.03889,0.04350,0.03988,0.03988,0.04054,-54.28238,-2809.00000
0.23821,0.23854,0.24380,0.24117,0.24314,0.21223,0.20631,0.21223,0.21157,0.20992,0.04284,0.04251,0.04481,0.03922,0.04054,-54.28238,-2808.00000
0.23656,0.23952,0.23722,0.24413,0.23887,0.21190,0.21190,0.21321,0.20959,0.20795,0.04120,0.04054,0.03692,0.04153,0.03922,-54.20418,-2807.00000
0.24544,0.23952,0.24150,0.24610,0.23591,0.21091,0.21288,0.20894,0.21025,0.20795,0.04153,0.04021,0.03922,0.03955,0.04383,-54.20418,-2806.00000
0.24512,0.24248,0.24709,0.24347,0.23689,0.21321,0.20631,0.21255,0.21321,0.21321,0.04087,0.03988,0.04185,0.04350,0.03593,-53.88920,-2805.00000
0.24413,0.23755,0.23525,0.24446,0.24051,0.21091,0.21157,0.20828,0.20466,0.21486,0.03955,0.04383,0.03955,0.04251,0.04054,-53.88920,-2804.00000
0.23920,0.24610,0.23887,0.24314,0.23624,0.20729,0.20861,0.20861,0.20861,0.21157,0.04087,0.04153,0.04153,0.04514,0.04185,-54.06374,-2803.00000
0.23920,0.24742,0.23624,0.24544,0.24610,0.20959,0.21255,0.21519,0.21255,0.20762,0.04218,0.04153,0.03692,0.03922,0.03889,-54.06374,-2802.00000
0.23920,0.24479,0.24150,0.24413,0.23821,0.21453,0.20992,0.21321,0.21124,0.20565,0.03857,0.03955,0.03791,0.03725,0.03922,-52.70570,-2801.00000
0.24314,0.24216,0.24248,0.23689,0.24150,0.21091,0.21223,0.21124,0.20729,0.21025,0.04120,0.04054,0.03889,0.04054,0.04021,-52.70570,-2800.00000
0.24150,0.24084,0.23985,0.23656,0.24742,0.20696,0.20762,0.21288,0.21223,0.21486,0.04185,0.04153,0.04185,0.03659,0.04251,-53.14728,-2799.00000
0.24413,0.24413,0.24314,0.24610,0.23755,0.21223,0.20894,0.20795,0.21091,0.21223,0.03922,0.03955,0.04153,0.04185,0.04087,-53.14728,-2798.00000
0.23821,0.24512,0.24150,0.24150,0.23854,0.21025,0.21025,0.21124,0.20696,0.21058,0.04185,0.03626,0.04120,0.04087,0.04449,-52.88956,-2797.00000
0.23755,0.24117,0.24018,0.24808,0.23985,0.20894,0.21058,0.20894,0.21025,0.20631,0.04021,0.03922,0.04449,0.04317,0.03988,-52.88956,-2796.00000
0.24347,0.24216,0.24183,0.24150,0.24216,0.21157,0.20992,0.21223,0.20861,0.21058,0.03725,0.04251,0.04251,0.04317,0.04185,-52.83150,-2795.00000
0.24709,0.23393,0.24906,0.23656,0.23952,0.20696,0.20959,0.20861,0.21157,0.21124,0.04120,0.03857,0.03955,0.04185,0.03922,-52.83150,-2794.00000
0.23952,0.24347,0.23920,0.24216,0.23722,0.20927,0.20927,0.21025,0.21223,0.20861,0.04120,0.03659,0.04021,0.04284,0.04218,-51.71360,-2793.00000
0.23492,0.23952,0.24281,0.24610,0.24216,0.20696,0.20959,0.21025,0.21157,0.20400,0.04185,0.03725,0.03955,0.04054,0.04284,-51.71360,-2792.00000
0.23459,0.24446,0.24512,0.24084,0.24775,0.21453,0.20861,0.21124,0.20959,0.20959,0.04120,0.04120,0.03791,0.04021,0.04120,-51.47203,-2791.00000
0.23821,0.23163,0.24380,0.24183,0.23887,0.20499,0.21025,0.21124,0.21091,0.21190,0.04383,0.03626,0.03758,0.03659,0.03758,-51.47203,-2790.00000
0.23887,0.23920,0.23393,0.24248,0.24676,0.20927,0.21091,0.20894,0.21124,0.21025,0.03889,0.03988,0.04153,0.04087,0.03857,-51.44891,-2789.00000
0.24479,0.24150,0.23854,0.24446,0.24248,0.20302,0.20959,0.20663,0.21025,0.20631,0.03955,0.04120,0.04251,0.04153,0.03857,-51.44891,-2788.00000
0.23920,0.24084,0.24051,0.24446,0.24577,0.20959,0.20894,0.21255,0.20696,0.20565,0.04021,0.04185,0.03725,0.04021,0.04284,-52.39438,-2787.00000
0.24314,0.24150,0.24084,0.24183,0.23854,0.20959,0.21025,0.21387,0.21025,0.21288,0.03922,0.04021,0.03626,0.03988,0.03561,-52.39438,-2786.00000
0.24380,0.23952,0.24018,0.24281,0.23854,0.21124,0.20762,0.21058,0.21091,0.21420,0.04251,0.03922,0.03889,0.04153,0.04054,-50.92131,-2785.00000
0.23656,0.24610,0.23689,0.24248,0.24084,0.20631,0.20729,0.20729,0.20992,0.21223,0.03857,0.03955,0.04153,0.03857,0.04054,-50.92131,-2784.00000
0.24347,0.23985,0.24380,0.24314,0.24281,0.20861,0.20894,0.20269,0.20861,0.21288,0.04317,0.03988,0.03889,0.04120,0.04120,-48.45626,-2783.00000
0.23887,0.24084,0.24577,0.24183,0.24709,0.20696,0.20927,0.20861,0.21091,0.20861,0.04054,0.04383,0.04383,0.03988,0.04054,-48.45626,-2782.00000
0.23920,0.24216,0.24610,0.24347,0.23821,0.20894,0.20729,0.21124,0.21190,0.20992,0.04514,0.03922,0.04054,0.04449,0.04087,-48.32725,-2781.00000
0.24018,0.24084,0.23689,0.24544,0.24314,0.20959,0.21025,0.21058,0.21025,0.20696,0.04054,0.04087,0.03955,0.04218,0.03824,-48.32725,-2780.00000
0.24216,0.23952,0.24512,0.24479,0.23952,0.20696,0.20861,0.21157,0.21157,0.20762,0.04317,0.03955,0.03955,0.03955,0.03922,-47.60601,-2779.00000
0.24939,0.24248,0.23393,0.24479,0.24544,0.20828,0.20828,0.20762,0.20696,0.21025,0.04054,0.04416,0.04021,0.04153,0.03889,-47.60601,-2778.00000
0.24347,0.23656,0.24281,0.24512,0.24347,0.21124,0.21157,0.21321,0.21420,0.21124,0.03857,0.04054,0.03922,0.03857,0.04054,-49.12527,-2777.00000
0.24051,0.24281,0.24084,0.24906,0.23459,0.20959,0.20729,0.20959,0.21058,0.20663,0.03824,0.04120,0.03758,0.04251,0.03922,-49.12527,-2776.00000
0.24117,0.24117,0.24183,0.24150,0.23722,0.20894,0.21091,0.20959,0.20532,0.20861,0.03955,0.03922,0.04251,0.03922,0.04087,-50.50746,-2775.00000
0.24117,0.23821,0.24117,0.24314,0.24183,0.21387,0.20696,0.20499,0.21091,0.20959,0.03857,0.04185,0.04514,0.04120,0.03922,-50.50746,-2774.00000
0.24281,0.23689,0.24413,0.23624,0.24380,0.20894,0.21387,0.21025,0.21157,0.20894,0.03857,0.04120,0.04087,0.04218,0.03659,-51.70148,-2773.00000
0.23887,0.23985,0.24446,0.23985,0.24183,0.21157,0.20696,0.21124,0.21486,0.21519,0.04185,0.04317,0.03824,0.04153,0.04021,-51.70148,-2772.00000
0.24084,0.24512,0.23788,0.23821,0.25005,0.21091,0.20861,0.21124,0.21025,0.20992,0.04054,0.04120,0.03922,0.04054,0.03955,-51.94205,-2771.00000
0.24051,0.23854,0.24347,0.23952,0.23887,0.21321,0.21190,0.20861,0.20894,0.20762,0.03725,0.03988,0.03922,0.03857,0.03922,-51.94205,-2770.00000
0.23985,0.24873,0.24051,0.24413,0.24051,0.21025,0.20927,0.20729,0.20696,0.20762,0.04054,0.03857,0.03955,0.04481,0.03857,-51.84261,-2769.00000
0.24248,0.24281,0.23985,0.24446,0.24018,0.20729,0.21124,0.21091,0.20992,0.21091,0.04120,0.03659,0.03988,0.04317,0.04580,-51.84261,-2768.00000
0.24051,0.23328,0.24216,0.24347,0.24051,0.20992,0.20795,0.20795,0.21124,0.21124,0.04284,0.03955,0.04185,0.04153,0.04218,-51.19962,-2767.00000
0.23920,0.24084,0.23854,0.24413,0.24347,0.20894,0.21058,0.20992,0.21420,0.20992,0.04284,0.03857,0.03988,0.04054,0.03955,-51.19962,-2766.00000
0.24446,0.24413,0.23985,0.24413,0.24446,0.21157,0.21223,0.20729,0.20894,0.21124,0.04284,0.04021,0.03791,0.03626,0.04284,-51.20772,-2765.00000
0.24808,0.24117,0.24610,0.24183,0.24248,0.21058,0.21157,0.21255,0.20894,0.20927,0.04185,0.04481,0.03659,0.03791,0.03593,-51.20772,-2764.00000
0.24873,0.23887,0.24248,0.23952,0.24281,0.21387,0.21190,0.20762,0.20696,0.21157,0.03922,0.04284,0.04120,0.03692,0.04054,-51.21910,-2763.00000
0.24150,0.24150,0.23920,0.24347,0.24117,0.20795,0.21124,0.21124,0.20992,0.20992,0.04251,0.03725,0.03955,0.04317,0.04284,-51.21910,-2762.00000
0.24413,0.23920,0.24347,0.24742,0.24479,0.20598,0.20433,0.21091,0.21288,0.21190,0.04251,0.03955,0.04153,0.03857,0.04185,-50.93181,-2761.00000
0.23920,0.23985,0.24972,0.24150,0.24216,0.20894,0.21255,0.20795,0.20762,0.20992,0.03988,0.03824,0.04317,0.04350,0.04087,-50.93181,-2760.00000
0.23887,0.24084,0.24084,0.24380,0.24479,0.21486,0.21157,0.20861,0.20992,0.21025,0.04021,0.03692,0.03922,0.03889,0.04449,-51.70614,-2759.00000
0.24676,0.23689,0.24183,0.24216,0.24248,0.21190,0.21058,0.20992,0.21124,0.20959,0.03922,0.04251,0.03791,0.04185,0.03725,-51.70614,-2758.00000
0.24544,0.23755,0.24216,0.24117,0.23788,0.20631,0.21420,0.21124,0.21190,0.21157,0.04218,0.04153,0.04087,0.04054,0.03758,-52.04448,-2757.00000
0.24512,0.23722,0.24380,0.23788,0.24775,0.21124,0.20861,0.21058,0.21124,0.21157,0.03791,0.04218,0.04218,0.04054,0.03791,-52.04448,-2756.00000
0.23591,0.24281,0.24183,0.24446,0.24512,0.21288,0.21091,0.21486,0.20729,0.20861,0.04251,0.04153,0.03922,0.03495,0.03758,-52.50417,-2755.00000
0.24018,0.24939,0.24018,0.24544,0.23854,0.20861,0.20828,0.20433,0.21420,0.20927,0.03955,0.03791,0.03758,0.03824,0.04087,-52.50417,-2754.00000
0.24018,0.24248,0.23985,0.24939,0.23985,0.20828,0.20894,0.21124,0.20795,0.20894,0.04317,0.04021,0.03922,0.03857,0.03955,-52.39466,-2753.00000
0.24084,0.24676,0.24577,0.24281,0.23887,0.20696,0.21321,0.20598,0.20927,0.21223,0.04120,0.03955,0.04383,0.03889,0.03857,-52.39466,-2752.00000
0.24314,0.23920,0.24577,0.24577,0.24281,0.21223,0.20795,0.21025,0.20598,0.20466,0.04251,0.03659,0.03824,0.04185,0.04153,-52.81354,-2751.00000
0.24183,0.24544,0.24150,0.24544,0.24018,0.20927,0.20729,0.21157,0.21091,0.20762,0.03889,0.03922,0.04087,0.03955,0.04054,-52.81354,-2750.00000
0.23920,0.24183,0.24051,0.24183,0.23755,0.20927,0.21321,0.20992,0.21025,0.21223,0.04514,0.03922,0.03791,0.03857,0.04021,-54.05326,-2749.00000
0.24742,0.24479,0.24150,0.24084,0.24544,0.21124,0.21584,0.21091,0.21190,0.20894,0.03922,0.04087,0.03922,0.04054,0.04054,-54.05326,-2748.00000
0.23887,0.24544,0.24084,0.24840,0.24347,0.20696,0.21321,0.20696,0.21420,0.20795,0.03659,0.03922,0.04383,0.03922,0.04153,-53.48415,-2747.00000
0.24281,0.24314,0.23952,0.24084,0.24150,0.21058,0.20992,0.21025,0.21190,0.21354,0.03955,0.03955,0.03922,0.03791,0.04383,-53.48415,-2746.00000
0.23558,0.24610,0.24347,0.24281,0.23821,0.21354,0.21190,0.20927,0.20927,0.21519,0.03922,0.04251,0.04185,0.04218,0.04350,-53.16541,-2745.00000
0.23821,0.24347,0.24248,0.23920,0.23854,0.20762,0.21420,0.20992,0.21190,0.20795,0.04120,0.04284,0.04120,0.03692,0.04350,-53.16541,-2744.00000
0.24183,0.23854,0.23920,0.23788,0.24643,0.21354,0.20795,0.20565,0.20894,0.21354,0.04284,0.04284,0.04284,0.04218,0.04087,-53.77265,-2743.00000
0.23788,0.24610,0.23656,0.23722,0.24248,0.20795,0.21058,0.20762,0.20795,0.20959,0.03857,0.04021,0.04218,0.03889,0.03955,-53.77265,-2742.00000
0.24380,0.24183,0.23985,0.24610,0.24314,0.20992,0.20795,0.21223,0.21124,0.21190,0.04054,0.03692,0.04087,0.03758,0.03889,-53.69541,-2741.00000
0.24577,0.24084,0.24742,0.23985,0.24117,0.21650,0.20729,0.21321,0.20729,0.20762,0.04251,0.04284,0.04251,0.04416,0.03988,-53.69541,-2740.00000
0.23887,0.24380,0.24643,0.24216,0.24084,0.21058,0.20499,0.20927,0.20992,0.20598,0.04120,0.04054,0.04054,0.04054,0.04120,-53.70561,-2739.00000
0.24380,0.23952,0.24512,0.24018,0.24380,0.21058,0.21091,0.21124,0.20236,0.21387,0.04054,0.04284,0.04218,0.03593,0.03791,-53.70561,-2738.00000
0.23854,0.24150,0.24906,0.24051,0.24183,0.21519,0.20302,0.21190,0.20598,0.21025,0.04021,0.04317,0.04284,0.03593,0.03955,-52.57546,-2737.00000
0.23920,0.24577,0.24479,0.24216,0.23722,0.20631,0.21157,0.21157,0.20927,0.20795,0.04054,0.04087,0.04153,0.03758,0.03988,-52.57546,-2736.00000
0.24347,0.24709,0.23920,0.24446,0.24314,0.20532,0.21091,0.20861,0.20861,0.20927,0.03791,0.03988,0.03659,0.04218,0.03791,-52.11537,-2735.00000
0.24479,0.24248,0.23920,0.24018,0.24906,0.21223,0.20959,0.20795,0.20959,0.21223,0.03922,0.03988,0.04317,0.04021,0.03988,-52.11537,-2734.00000
0.24051,0.23952,0.24347,0.23985,0.23755,0.20696,0.21190,0.20598,0.21223,0.21058,0.03955,0.04021,0.04087,0.04054,0.04087,-52.09284,-2733.00000
0.24347,0.24084,0.24577,0.24216,0.24643,0.20598,0.20959,0.20992,0.21058,0.21486,0.04021,0.04153,0.04383,0.03791,0.04054,-52.09284,-2732.00000
0.23426,0.24084,0.24610,0.23920,0.24248,0.21058,0.21288,0.20959,0.21255,0.21321,0.04185,0.03659,0.03922,0.04120,0.03791,-51.60306,-2731.00000
0.24742,0.24413,0.23952,0.24150,0.24150,0.20927,0.20696,0.20927,0.20795,0.20762,0.04284,0.03988,0.04021,0.04021,0.04153,-51.60306,-2730.00000
0.24183,0.24281,0.23624,0.24051,0.23624,0.20894,0.21091,0.20499,0.21354,0.21190,0.04054,0.03857,0.04284,0.04021,0.04153,-51.64626,-2729.00000
0.23393,0.23821,0.24347,0.24544,0.24577,0.21190,0.20795,0.21223,0.20861,0.20631,0.03725,0.04185,0.04317,0.04087,0.04218,-51.64626,-2728.00000
0.24150,0.24643,0.24117,0.24150,0.24150,0.20894,0.21420,0.20894,0.20729,0.20663,0.03988,0.03725,0.04284,0.03922,0.03955,-51.93397,-2727.00000
0.24018,0.23591,0.24676,0.23656,0.24150,0.21223,0.21058,0.21025,0.20795,0.20795,0.04021,0.03922,0.04481,0.04120,0.04153,-51.93397,-2726.00000
0.24380,0.23920,0.24051,0.24347,0.23788,0.21617,0.21025,0.21190,0.20992,0.20927,0.03791,0.03988,0.04054,0.04383,0.04120,-51.60663,-2725.00000
0.24413,0.23985,0.24084,0.23821,0.24117,0.20894,0.20959,0.20795,0.20959,0.20598,0.04449,0.03824,0.03824,0.04120,0.03889,-51.60663,-2724.00000
0.23985,0.24216,0.23952,0.24150,0.24347,0.21223,0.21025,0.20631,0.20729,0.20861,0.04646,0.04021,0.03955,0.04481,0.03988,-52.27060,-2723.00000
0.23656,0.24117,0.24150,0.24413,0.23525,0.20959,0.20861,0.20861,0.21255,0.20894,0.03922,0.04021,0.04449,0.04054,0.03988,-52.27060,-2722.00000
0.23920,0.24380,0.24314,0.24018,0.24347,0.21091,0.21223,0.20992,0.20861,0.20927,0.04153,0.04153,0.03725,0.04153,0.04547,-52.79546,-2721.00000
0.24248,0.23558,0.23821,0.24413,0.24281,0.20894,0.20828,0.20828,0.20861,0.21190,0.03857,0.04153,0.03955,0.04350,0.04153,-52.79546,-2720.00000
0.23525,0.24446,0.24676,0.23985,0.23262,0.20959,0.21190,0.21058,0.21124,0.20959,0.04218,0.04120,0.04087,0.04054,0.04021,-53.62185,-2719.00000
0.24084,0.24117,0.23887,0.23952,0.23887,0.21157,0.21683,0.21321,0.20598,0.20959,0.04087,0.04021,0.04021,0.04120,0.04185,-53.62185,-2718.00000
0.23920,0.25136,0.23920,0.24380,0.23755,0.20729,0.20729,0.21091,0.20959,0.21025,0.03988,0.03857,0.04153,0.04087,0.03758,-53.67128,-2717.00000
0.24248,0.23689,0.24314,0.24248,0.24380,0.20894,0.20532,0.21288,0.20959,0.21223,0.03988,0.03988,0.04054,0.03791,0.03955,-53.67128,-2716.00000
0.24084,0.23854,0.24347,0.24183,0.23788,0.20894,0.21255,0.21354,0.20795,0.20861,0.04185,0.04054,0.04021,0.04185,0.04054,-54.03779,-2715.00000
0.23755,0.24281,0.23755,0.24413,0.24248,0.20400,0.20532,0.21058,0.20762,0.20927,0.04251,0.03922,0.04021,0.04021,0.03791,-54.03779,-2714.00000
0.23952,0.23591,0.24051,0.23952,0.24051,0.20894,0.20400,0.21650,0.20696,0.20696,0.04054,0.03824,0.04481,0.04021,0.03758,-54.08676,-2713.00000
0.24248,0.24183,0.24676,0.23985,0.24183,0.21091,0.21288,0.20762,0.20433,0.20828,0.03758,0.04153,0.03955,0.03857,0.04120,-54.08676,-2712.00000
0.24314,0.24380,0.23920,0.25071,0.23755,0.20828,0.20959,0.20959,0.20927,0.20696,0.03758,0.04087,0.03659,0.03889,0.03758,-53.77922,-2711.00000
0.23854,0.24314,0.24380,0.23985,0.24577,0.20795,0.21486,0.21025,0.21157,0.21058,0.03955,0.04087,0.04087,0.04185,0.03922,-53.77922,-2710.00000
0.23755,0.24183,0.24248,0.24281,0.24084,0.20565,0.20499,0.21058,0.20795,0.20532,0.04054,0.03988,0.03922,0.03955,0.04153,-53.21529,-2709.00000
0.23854,0.23887,0.23952,0.24248,0.24380,0.20499,0.21025,0.20367,0.21288,0.21223,0.04218,0.04153,0.03659,0.04120,0.03889,-53.21529,-2708.00000
0.24281,0.23821,0.24577,0.24051,0.24216,0.20729,0.20663,0.20894,0.20992,0.20696,0.03791,0.03988,0.03561,0.04021,0.03988,-52.72581,-2707.00000
0.24117,0.24446,0.23525,0.24479,0.24314,0.20795,0.21420,0.20894,0.20959,0.20828,0.03725,0.04185,0.04087,0.03988,0.04547,-52.72581,-2706.00000
0.24084,0.24281,0.23788,0.24018,0.24479,0.20762,0.20894,0.20729,0.20565,0.20729,0.03659,0.04251,0.04317,0.04120,0.04185,-52.35656,-2705.00000
0.23821,0.23920,0.23656,0.24512,0.24380,0.21025,0.20631,0.20729,0.21420,0.20992,0.04120,0.04120,0.04251,0.03659,0.04383,-52.35656,-2704.00000
0.23887,0.23985,0.24479,0.23821,0.23591,0.21025,0.21255,0.21124,0.20335,0.20565,0.04120,0.03988,0.03824,0.03791,0.03922,-52.52838,-2703.00000
0.23492,0.24479,0.24051,0.23920,0.24117,0.20400,0.20894,0.21025,0.20992,0.21058,0.04021,0.03659,0.03791,0.04185,0.03889,-52.52838,-2702.00000
0.24314,0.24512,0.23788,0.24314,0.24018,0.21025,0.21453,0.21157,0.20992,0.20894,0.03955,0.04416,0.04087,0.03922,0.03824,-51.77933,-2701.00000
0.24084,0.23492,0.23887,0.24512,0.24084,0.21486,0.20367,0.21190,0.21354,0.20861,0.03988,0.04021,0.04120,0.04153,0.04251,-51.77933,-2700.00000
0.23985,0.24479,0.23952,0.24314,0.24380,0.20795,0.20762,0.21157,0.20828,0.21091,0.04185,0.03988,0.03922,0.03725,0.03988,-52.21535,-2699.00000
0.24084,0.23558,0.24347,0.24183,0.24380,0.20894,0.21025,0.20696,0.20729,0.20466,0.04087,0.04120,0.03922,0.03824,0.03824,-52.21535,-2698.00000
0.24084,0.24084,0.24512,0.24150,0.23985,0.21058,0.20795,0.20828,0.21091,0.20992,0.03692,0.03922,0.03791,0.03889,0.03988,-52.07935,-2697.00000
0.24643,0.24544,0.24248,0.24051,0.23689,0.21321,0.20959,0.21058,0.20894,0.21091,0.04153,0.03758,0.04317,0.03955,0.04185,-52.07935,-2696.00000
0.24117,0.24314,0.23854,0.23985,0.24281,0.20959,0.20861,0.20959,0.20992,0.21519,0.03889,0.03791,0.04449,0.03692,0.03922,-52.89270,-2695.00000
0.24413,0.23624,0.24150,0.23459,0.23952,0.20532,0.21190,0.21321,0.20927,0.20762,0.03889,0.04021,0.03955,0.03758,0.04613,-52.89270,-2694.00000
0.23722,0.23788,0.23755,0.24775,0.23393,0.20828,0.21157,0.21058,0.20203,0.20433,0.03593,0.03824,0.04087,0.03955,0.03922,-53.02594,-2693.00000
0.24512,0.24018,0.24281,0.23459,0.24314,0.21223,0.20894,0.20532,0.20565,0.20828,0.03725,0.04185,0.03889,0.03758,0.03593,-53.02594,-2692.00000
0.23920,0.24084,0.24479,0.23360,0.24150,0.21025,0.20861,0.21124,0.20729,0.21190,0.04087,0.04054,0.03889,0.04021,0.04185,-52.85819,-2691.00000
0.24413,0.23952,0.24939,0.23459,0.23821,0.20861,0.21058,0.21387,0.21190,0.20565,0.03824,0.04350,0.04284,0.04021,0.03857,-52.85819,-2690.00000
0.23985,0.24117,0.23887,0.23952,0.24084,0.20598,0.20598,0.20894,0.20959,0.20729,0.04153,0.03561,0.04153,0.03922,0.04416,-52.75966,-2689.00000
0.23920,0.23854,0.23492,0.24084,0.23722,0.20663,0.20894,0.20729,0.21025,0.21091,0.03857,0.04218,0.04054,0.03955,0.03889,-52.75966,-2688.00000
0.23887,0.23755,0.24117,0.24150,0.24512,0.20631,0.20861,0.20729,0.21453,0.20927,0.04185,0.03889,0.03988,0.04153,0.03988,-52.92524,-2687.00000
0.24084,0.24775,0.24051,0.23920,0.23591,0.20828,0.21157,0.21354,0.20367,0.20762,0.03857,0.04383,0.04021,0.03922,0.04021,-52.92524,-2686.00000
0.23624,0.24512,0.24314,0.24216,0.23887,0.21255,0.20466,0.20861,0.20894,0.21223,0.04087,0.04120,0.03857,0.03955,0.04218,-53.45481,-2685.00000
0.23591,0.24347,0.23821,0.24380,0.23952,0.20598,0.20959,0.20598,0.21091,0.21124,0.03988,0.04054,0.03988,0.04185,0.04120,-53.45481,-2684.00000
0.23624,0.24709,0.24248,0.24248,0.24347,0.20861,0.20762,0.20927,0.21190,0.20992,0.03791,0.03857,0.03758,0.04087,0.03495,-54.57164,-2683.00000
0.24676,0.24544,0.24150,0.23920,0.24117,0.20696,0.20992,0.20959,0.20729,0.20795,0.03922,0.04383,0.03889,0.03988,0.04350,-54.57164,-2682.00000
0.23952,0.23788,0.23722,0.23920,0.24479,0.21255,0.21387,0.21058,0.21025,0.20729,0.03922,0.03429,0.03725,0.04251,0.04383,-53.89959,-2681.00000
0.23952,0.24216,0.24216,0.24281,0.23722,0.21058,0.21091,0.20762,0.21157,0.20992,0.04021,0.04120,0.03659,0.03692,0.03955,-53.89959,-2680.00000
0.25005,0.24117,0.23920,0.24314,0.23525,0.21124,0.20762,0.20992,0.20795,0.21058,0.04054,0.03824,0.03462,0.04054,0.03791,-53.28280,-2679.00000
0.24281,0.23689,0.23887,0.24380,0.23689,0.20894,0.20762,0.21124,0.20828,0.20927,0.03889,0.04317,0.04284,0.04251,0.04054,-53.28280,-2678.00000
0.23952,0.24248,0.24709,0.23920,0.23952,0.21354,0.20729,0.21058,0.21025,0.20828,0.03922,0.03725,0.04350,0.03659,0.04054,-53.16240,-2677.00000
0.24281,0.23755,0.24380,0.23656,0.23985,0.20861,0.20927,0.20959,0.20663,0.20762,0.04087,0.04054,0.04120,0.04218,0.04120,-53.16240,-2676.00000
0.24742,0.23821,0.24018,0.24512,0.24216,0.20861,0.20959,0.20400,0.20631,0.21025,0.04580,0.04021,0.04218,0.03824,0.03988,-53.68813,-2675.00000
0.24117,0.24183,0.23624,0.24479,0.23952,0.20598,0.20466,0.21255,0.20927,0.20631,0.03692,0.03758,0.04284,0.03922,0.04153,-53.68813,-2674.00000
0.24380,0.24610,0.23952,0.24281,0.24051,0.20598,0.20795,0.21091,0.20565,0.20466,0.04284,0.03922,0.03889,0.03922,0.03889,-52.95491,-2673.00000
0.24347,0.24314,0.23689,0.24413,0.24446,0.20861,0.20894,0.21354,0.20631,0.21058,0.04153,0.03791,0.04120,0.03626,0.04185,-52.95491,-2672.00000
0.24281,0.24051,0.24709,0.24150,0.25005,0.20894,0.21157,0.21387,0.20992,0.20598,0.04317,0.03692,0.04120,0.04120,0.04054,-52.05851,-2671.00000
0.23591,0.23887,0.23985,0.24084,0.24018,0.20927,0.20927,0.21255,0.21157,0.21288,0.04021,0.03988,0.04087,0.04185,0.03692,-52.05851,-2670.00000
0.23952,0.24248,0.24117,0.24150,0.23985,0.20729,0.20762,0.21157,0.21650,0.20696,0.04054,0.03922,0.04054,0.04021,0.04021,-51.20992,-2669.00000
0.24380,0.24018,0.23821,0.23755,0.24577,0.20663,0.21749,0.20433,0.20499,0.21223,0.03857,0.04449,0.03889,0.04317,0.04317,-51.20992,-2668.00000
0.24084,0.24150,0.24314,0.24709,0.24216,0.20762,0.20663,0.20894,0.20762,0.20762,0.03857,0.04087,0.04185,0.04120,0.04416,-51.70115,-2667.00000
0.24544,0.23755,0.24150,0.24084,0.24314,0.20729,0.20663,0.21091,0.21091,0.20861,0.03988,0.03791,0.03922,0.04218,0.04120,-51.70115,-2666.00000
0.24314,0.24117,0.24676,0.23656,0.24347,0.20861,0.20696,0.20433,0.21321,0.20367,0.04251,0.04185,0.03725,0.04120,0.03922,-51.57323,-2665.00000
0.24347,0.24512,0.24479,0.23821,0.24413,0.20927,0.20696,0.21157,0.20696,0.20959,0.04350,0.04120,0.03791,0.03988,0.03955,-51.57323,-2664.00000
0.23821,0.23755,0.24544,0.23492,0.24479,0.21058,0.20992,0.20828,0.21058,0.21025,0.03758,0.03988,0.04021,0.04021,0.04054,-51.49218,-2663.00000
0.24216,0.23952,0.23985,0.24413,0.23887,0.20729,0.20828,0.20861,0.20696,0.20861,0.03889,0.03922,0.04021,0.04120,0.04383,-51.49218,-2662.00000
0.23492,0.24610,0.24544,0.23689,0.23920,0.21387,0.20795,0.20894,0.21486,0.21387,0.04153,0.03889,0.04087,0.04218,0.03988,-51.75195,-2661.00000
0.23985,0.24248,0.24051,0.23952,0.24479,0.21058,0.21091,0.20992,0.21255,0.21124,0.04284,0.04087,0.03857,0.03955,0.04251,-51.75195,-2660.00000
0.24216,0.24248,0.24775,0.24512,0.24084,0.20532,0.21091,0.20631,0.21124,0.21124,0.03659,0.03988,0.03988,0.03692,0.04054,-51.60596,-2659.00000
0.24183,0.24183,0.24018,0.24347,0.23920,0.20959,0.20532,0.21650,0.21157,0.20959,0.03955,0.04054,0.04087,0.04153,0.03955,-51.60596,-2658.00000
0.24150,0.24084,0.24018,0.23952,0.24512,0.20729,0.21486,0.21157,0.20828,0.20959,0.04218,0.04087,0.04087,0.03593,0.03922,-51.84546,-2657.00000
0.24150,0.24051,0.24347,0.24808,0.23755,0.20696,0.20729,0.20828,0.20663,0.20828,0.04153,0.04087,0.03857,0.04153,0.04021,-51.84546,-2656.00000
0.24051,0.24413,0.24380,0.23887,0.23952,0.20663,0.21486,0.21091,0.21321,0.20861,0.04054,0.03857,0.04218,0.04185,0.03857,-52.02869,-2655.00000
0.24084,0.24150,0.23985,0.24512,0.24248,0.20992,0.20894,0.20959,0.21354,0.20598,0.04153,0.03889,0.04284,0.04218,0.03922,-52.02869,-2654.00000
0.23887,0.24314,0.23492,0.24873,0.24248,0.20959,0.21420,0.21354,0.20631,0.21354,0.03692,0.04087,0.03988,0.04153,0.03988,-52.35712,-2653.00000
0.24051,0.23788,0.23920,0.24117,0.24643,0.21025,0.20894,0.20861,0.21223,0.20927,0.03955,0.04054,0.03889,0.04087,0.04021,-52.35712,-2652.00000
0.24117,0.23854,0.24479,0.23920,0.24413,0.21255,0.20828,0.20959,0.20598,0.21387,0.04416,0.04087,0.03791,0.04054,0.03824,-52.96811,-2651.00000
0.24479,0.23821,0.24380,0.24183,0.24446,0.20992,0.21157,0.20959,0.21255,0.21288,0.04087,0.04021,0.04054,0.03889,0.04120,-52.96811,-2650.00000
0.24051,0.24347,0.24216,0.23952,0.24413,0.20927,0.21288,0.20894,0.21387,0.20992,0.03922,0.03955,0.03758,0.04185,0.04021,-52.89275,-2649.00000
0.24906,0.24216,0.24183,0.24643,0.23656,0.21058,0.21321,0.20894,0.20959,0.20861,0.03758,0.03725,0.03955,0.04153,0.03758,-52.89275,-2648.00000
0.24676,0.23788,0.24084,0.24084,0.24314,0.21124,0.20795,0.21091,0.21321,0.20631,0.04218,0.04185,0.03857,0.04087,0.04054,-53.02108,-2647.00000
0.23328,0.24347,0.24446,0.23920,0.24314,0.20400,0.21025,0.20795,0.21091,0.20762,0.04514,0.03988,0.04449,0.04185,0.04087,-53.02108,-2646.00000
0.24018,0.24380,0.24084,0.24314,0.24413,0.21223,0.21453,0.20959,0.20762,0.21058,0.03791,0.03922,0.04185,0.03889,0.03889,-53.63212,-2645.00000
0.23788,0.24643,0.23755,0.24051,0.24183,0.20894,0.20959,0.21025,0.21255,0.20927,0.04185,0.03857,0.03889,0.03955,0.04087,-53.63212,-2644.00000
0.24479,0.23558,0.24380,0.23920,0.23492,0.20598,0.20631,0.20663,0.20861,0.20959,0.04153,0.03824,0.03988,0.03889,0.03955,-53.89370,-2643.00000
0.24512,0.24018,0.24018,0.24150,0.24479,0.20927,0.21223,0.20894,0.20532,0.20828,0.03955,0.03659,0.04087,0.03561,0.04449,-53.89370,-2642.00000
0.23887,0.24709,0.23821,0.23492,0.24248,0.20992,0.20861,0.21157,0.20992,0.21091,0.03758,0.04087,0.03857,0.04317,0.03857,-54.16609,-2641.00000
0.24281,0.23920,0.23788,0.24117,0.23854,0.21157,0.21091,0.20861,0.21091,0.20795,0.03824,0.03889,0.03824,0.04120,0.03725,-54.16609,-2640.00000
0.23952,0.24512,0.24479,0.23788,0.24281,0.21880,0.20927,0.21025,0.21420,0.20631,0.03824,0.03922,0.04120,0.03758,0.04054,-53.81400,-2639.00000
0.24380,0.24281,0.24281,0.24216,0.24051,0.20762,0.21025,0.21157,0.21124,0.20762,0.03988,0.03922,0.04054,0.03626,0.03725,-53.81400,-2638.00000
0.24643,0.24051,0.23788,0.24150,0.23952,0.21453,0.20762,0.21124,0.21847,0.21124,0.04054,0.04120,0.04153,0.03692,0.03955,-53.10573,-2637.00000
0.23558,0.24742,0.23722,0.24084,0.24347,0.20894,0.21157,0.21321,0.20663,0.20795,0.03824,0.03758,0.03857,0.03626,0.04185,-53.10573,-2636.00000
0.24676,0.23426,0.24117,0.23985,0.24150,0.20466,0.20861,0.20663,0.21157,0.20828,0.03988,0.04021,0.03758,0.03758,0.04120,-52.45130,-2635.00000
0.23689,0.24479,0.23722,0.23821,0.23591,0.21025,0.20696,0.20795,0.20992,0.20959,0.04218,0.04087,0.03988,0.04021,0.03955,-52.45130,-2634.00000
0.24413,0.23525,0.23985,0.24183,0.24051,0.20269,0.21058,0.21255,0.21124,0.20762,0.03922,0.04317,0.03725,0.04021,0.03561,-52.21930,-2633.00000
0.23887,0.24051,0.24183,0.23689,0.24347,0.21124,0.20828,0.20795,0.21025,0.20598,0.04514,0.03922,0.03857,0.03791,0.03922,-52.21930,-2632.00000
0.23656,0.24216,0.24150,0.23689,0.24314,0.20959,0.20992,0.21354,0.21453,0.20861,0.04120,0.04120,0.04087,0.03265,0.04317,-52.44754,-2631.00000
0.23985,0.23656,0.24314,0.23788,0.24347,0.20795,0.21288,0.21124,0.21157,0.20959,0.03955,0.03692,0.03922,0.03889,0.03758,-52.44754,-2630.00000
0.24281,0.23624,0.23920,0.24676,0.24084,0.20795,0.20992,0.20729,0.20828,0.21091,0.04251,0.04087,0.03955,0.04021,0.03988,-52.79604,-2629.00000
0.23229,0.24248,0.23755,0.24084,0.24150,0.20992,0.20959,0.20894,0.20795,0.20663,0.03791,0.03889,0.03889,0.03955,0.03791,-52.79604,-2628.00000
0.24084,0.23591,0.24018,0.24347,0.24314,0.21190,0.20828,0.20696,0.20927,0.20959,0.03922,0.03889,0.04185,0.03824,0.04120,-51.94245,-2627.00000
0.23920,0.24018,0.24281,0.23920,0.23755,0.20696,0.20959,0.21124,0.20959,0.21650,0.04514,0.03889,0.04317,0.04153,0.03857,-51.94245,-2626.00000
0.23887,0.24018,0.23920,0.23492,0.23591,0.20795,0.21420,0.20927,0.21354,0.20992,0.04383,0.04120,0.03889,0.03988,0.03659,-53.10990,-2625.00000
0.24281,0.23722,0.24248,0.24281,0.24018,0.21058,0.21058,0.21091,0.20992,0.20532,0.03988,0.04449,0.03889,0.04021,0.03988,-53.10990,-2624.00000
0.23985,0.24150,0.24512,0.24150,0.23788,0.21223,0.20433,0.20631,0.20959,0.20992,0.04087,0.03528,0.03922,0.03955,0.03955,-53.78884,-2623.00000
0.24084,0.24610,0.23426,0.24413,0.23689,0.21124,0.21190,0.20696,0.20696,0.20696,0.03857,0.03758,0.03791,0.03692,0.04087,-53.78884,-2622.00000
0.24018,0.24216,0.24281,0.24183,0.24084,0.20894,0.20762,0.20861,0.21058,0.21255,0.04087,0.03857,0.03889,0.03988,0.03824,-53.53260,-2621.00000
0.23755,0.24248,0.23591,0.24248,0.23821,0.20795,0.20499,0.20795,0.20861,0.20828,0.04120,0.03758,0.03692,0.03988,0.03922,-53.53260,-2620.00000
0.24643,0.23821,0.24544,0.24084,0.24018,0.21223,0.20532,0.21453,0.20861,0.20959,0.03758,0.04153,0.04251,0.04054,0.03889,-54.08564,-2619.00000
0.24314,0.24314,0.24314,0.23591,0.23525,0.20861,0.20861,0.21058,0.20927,0.21025,0.04087,0.04416,0.03692,0.03955,0.04021,-54.08564,-2618.00000
0.24873,0.24183,0.23952,0.23656,0.24248,0.20729,0.20828,0.21025,0.20894,0.20729,0.03857,0.03791,0.03692,0.04021,0.04021,-54.68686,-2617.00000
0.24216,0.24018,0.23624,0.24512,0.24051,0.20631,0.20795,0.20927,0.21190,0.20992,0.04218,0.03955,0.03955,0.04218,0.03857,-54.68686,-2616.00000
0.24183,0.23755,0.24183,0.23854,0.24183,0.21321,0.21091,0.20795,0.20959,0.20861,0.03725,0.04251,0.03857,0.04054,0.03889,-54.21599,-2615.00000
0.24347,0.24051,0.23360,0.24051,0.24216,0.20828,0.21124,0.20466,0.20927,0.21157,0.04383,0.03824,0.04317,0.03955,0.03791,-54.21599,-2614.00000
0.23492,0.24183,0.24183,0.23854,0.23887,0.20828,0.20828,0.21255,0.21157,0.20959,0.04087,0.03528,0.03922,0.04054,0.03955,-54.38827,-2613.00000
0.23985,0.23952,0.23788,0.24117,0.24018,0.21288,0.20959,0.20762,0.21223,0.21124,0.04251,0.04054,0.04317,0.03791,0.04218,-54.38827,-2612.00000
0.23722,0.24248,0.24117,0.24084,0.24512,0.20663,0.20729,0.21091,0.20828,0.20894,0.04251,0.04021,0.03659,0.04218,0.04481,-54.35234,-2611.00000
0.24183,0.24150,0.23755,0.24084,0.24018,0.20631,0.20992,0.20795,0.20565,0.21157,0.03791,0.03889,0.03659,0.03824,0.03922,-54.35234,-2610.00000
0.24051,0.24248,0.24018,0.24314,0.24018,0.20302,0.20894,0.21124,0.20762,0.20631,0.04317,0.04021,0.04087,0.04153,0.03758,-53.68984,-2609.00000
0.24084,0.23722,0.24216,0.23295,0.23656,0.20861,0.20861,0.21157,0.20795,0.20795,0.04185,0.03955,0.03955,0.04284,0.04218,-53.68984,-2608.00000
0.23952,0.23492,0.24413,0.23591,0.24512,0.21025,0.20992,0.20762,0.20762,0.20992,0.03922,0.04087,0.04317,0.03922,0.03889,-53.34150,-2607.00000
0.24544,0.24018,0.23887,0.24117,0.24183,0.20795,0.21091,0.21321,0.20663,0.20927,0.03758,0.04120,0.03824,0.04120,0.03824,-53.34150,-2606.00000
0.23624,0.24281,0.23920,0.24018,0.24512,0.21124,0.20795,0.20795,0.20861,0.20696,0.04350,0.04547,0.03791,0.03988,0.04120,-53.70200,-2605.00000
0.24150,0.24380,0.24084,0.23920,0.23887,0.20663,0.20861,0.21157,0.21321,0.20828,0.04054,0.03955,0.04251,0.03889,0.04383,-53.70200,-2604.00000
0.23821,0.23887,0.24413,0.24216,0.23952,0.20795,0.20992,0.21124,0.21124,0.20927,0.03857,0.03758,0.04054,0.03922,0.03659,-53.28899,-2603.00000
0.23920,0.24479,0.23821,0.24314,0.24183,0.20894,0.20861,0.20795,0.20729,0.20828,0.04218,0.03955,0.04054,0.04416,0.04087,-53.28899,-2602.00000
0.24183,0.23985,0.23689,0.24018,0.24084,0.20894,0.20828,0.20927,0.21288,0.20927,0.03922,0.03922,0.04449,0.04317,0.04547,-52.74801,-2601.00000
0.24117,0.23755,0.24380,0.23459,0.24972,0.20927,0.21420,0.21058,0.21124,0.20861,0.04218,0.03824,0.04185,0.04218,0.04153,-52.74801,-2600.00000
0.24248,0.23722,0.24117,0.24117,0.23920,0.20762,0.20696,0.20795,0.20992,0.20598,0.04218,0.04185,0.04481,0.04317,0.04185,-51.56443,-2599.00000
0.23788,0.24314,0.23755,0.23591,0.23360,0.21157,0.20729,0.20203,0.20894,0.20959,0.04021,0.03889,0.03988,0.03922,0.03626,-51.56443,-2598.00000
0.24084,0.23656,0.23689,0.24117,0.23689,0.20565,0.21091,0.20992,0.20367,0.20959,0.04087,0.03922,0.04153,0.04218,0.04087,-51.78075,-2597.00000
0.24084,0.24117,0.24150,0.24380,0.24117,0.21025,0.21223,0.21190,0.21420,0.20828,0.03791,0.03955,0.04054,0.04021,0.03659,-51.78075,-2596.00000
0.23952,0.24577,0.23985,0.24216,0.23426,0.20433,0.21025,0.21157,0.20992,0.20927,0.03889,0.04021,0.04350,0.03955,0.03659,-51.25659,-2595.00000
0.24018,0.23920,0.23920,0.24018,0.24150,0.21190,0.21091,0.20631,0.20894,0.21321,0.03857,0.04087,0.04218,0.03692,0.04153,-51.25659,-2594.00000
0.23755,0.24248,0.24479,0.24216,0.24248,0.21124,0.20565,0.20729,0.20400,0.20729,0.03922,0.03824,0.03889,0.04054,0.03758,-51.77820,-2593.00000
0.23821,0.24380,0.23854,0.24775,0.24117,0.20992,0.20631,0.20959,0.21190,0.20992,0.04185,0.04054,0.03922,0.04218,0.03889,-51.77820,-2592.00000
0.23985,0.23788,0.24084,0.24084,0.23755,0.20762,0.21124,0.21124,0.21025,0.20861,0.03429,0.03988,0.04054,0.04021,0.03922,-53.14740,-2591.00000
0.24183,0.24051,0.23887,0.24479,0.24084,0.21025,0.20696,0.20959,0.20565,0.20762,0.04120,0.04317,0.04251,0.04021,0.04054,-53.14740,-2590.00000
0.23591,0.24446,0.23525,0.23591,0.23788,0.20828,0.20433,0.20565,0.20762,0.20795,0.03725,0.03922,0.04185,0.03758,0.03692,-54.41305,-2589.00000
0.23689,0.23689,0.24018,0.24347,0.24544,0.21354,0.21091,0.20927,0.21223,0.20466,0.04218,0.03626,0.04087,0.04054,0.03889,-54.41305,-2588.00000
0.23525,0.23887,0.24380,0.24084,0.23722,0.21354,0.21124,0.21321,0.20532,0.20959,0.04087,0.03955,0.03955,0.03988,0.03462,-53.67625,-2587.00000
0.24446,0.23821,0.24150,0.24413,0.24544,0.21124,0.21025,0.21190,0.20532,0.20729,0.04153,0.03988,0.03889,0.04120,0.03758,-53.67625,-2586.00000
0.24051,0.24084,0.24413,0.24183,0.23591,0.20861,0.20631,0.20729,0.20828,0.20631,0.04054,0.04251,0.03988,0.04284,0.04580,-54.55053,-2585.00000
0.23887,0.24084,0.24150,0.24084,0.23887,0.20959,0.21025,0.20400,0.20894,0.20795,0.04087,0.03988,0.03988,0.04218,0.03824,-54.55053,-2584.00000
0.24018,0.24051,0.23952,0.23887,0.24380,0.20959,0.21058,0.21255,0.20894,0.20203,0.03955,0.04218,0.03725,0.03889,0.03692,-54.56775,-2583.00000
0.24150,0.23755,0.24577,0.23887,0.24248,0.20762,0.21190,0.20696,0.21124,0.20631,0.04218,0.04054,0.04054,0.03659,0.03725,-54.56775,-2582.00000
0.24775,0.24084,0.23558,0.24051,0.23722,0.20927,0.20696,0.20992,0.20992,0.20894,0.03791,0.04185,0.03725,0.03593,0.03725,-53.87811,-2581.00000
0.23788,0.23854,0.23854,0.24676,0.23689,0.20861,0.21124,0.20631,0.21124,0.20927,0.03988,0.03988,0.04153,0.03824,0.03824,-53.87811,-2580.00000
0.24248,0.23985,0.23920,0.24281,0.23985,0.20828,0.21091,0.20927,0.20894,0.20795,0.03988,0.03922,0.04153,0.04021,0.03857,-53.93124,-2579.00000
0.23689,0.23656,0.24216,0.24084,0.23656,0.21190,0.20959,0.20598,0.20828,0.21091,0.04087,0.03824,0.04153,0.04054,0.03955,-53.93124,-2578.00000
0.24380,0.23656,0.24150,0.23920,0.23920,0.20992,0.20894,0.20762,0.21321,0.21551,0.03955,0.03889,0.03857,0.04021,0.03922,-53.56963,-2577.00000
0.23920,0.23722,0.24018,0.24446,0.24183,0.20828,0.20762,0.21025,0.20927,0.20729,0.03725,0.04120,0.04087,0.03857,0.04153,-53.56963,-2576.00000
0.23755,0.24248,0.24380,0.23887,0.24808,0.21124,0.21025,0.20006,0.20828,0.20499,0.04185,0.03791,0.04218,0.03725,0.04120,-52.92983,-2575.00000
0.24248,0.24183,0.24150,0.23952,0.23952,0.20828,0.20959,0.20861,0.20828,0.20959,0.04317,0.04021,0.03824,0.04120,0.03725,-52.92983,-2574.00000
0.24018,0.23920,0.23920,0.24446,0.23788,0.20532,0.20696,0.20335,0.21025,0.20466,0.03955,0.03857,0.03955,0.03889,0.03955,-52.54646,-2573.00000
0.24051,0.24380,0.24413,0.23525,0.24018,0.20631,0.20729,0.21124,0.21420,0.21190,0.03824,0.03857,0.04054,0.03857,0.03725,-52.54646,-2572.00000
0.24248,0.23821,0.23689,0.24248,0.23722,0.20828,0.20466,0.21255,0.20894,0.20499,0.03988,0.03922,0.04185,0.04120,0.03889,-52.16678,-2571.00000
0.24413,0.23656,0.24216,0.23952,0.24314,0.20992,0.21157,0.20663,0.21025,0.20894,0.03889,0.03758,0.03593,0.03528,0.03593,-52.16678,-2570.00000
0.23591,0.23525,0.24183,0.23920,0.23887,0.21025,0.20499,0.21223,0.20400,0.21124,0.03988,0.04350,0.03758,0.04021,0.03758,-51.78896,-2569.00000
0.24018,0.24380,0.23591,0.24347,0.24051,0.20927,0.20795,0.21255,0.20959,0.20631,0.03988,0.03988,0.03659,0.03824,0.03955,-51.78896,-2568.00000
0.24314,0.24150,0.24150,0.24248,0.23887,0.20795,0.20927,0.20565,0.21025,0.20959,0.04054,0.04251,0.03857,0.03758,0.03824,-51.59028,-2567.00000
0.24314,0.24281,0.23525,0.24347,0.23854,0.20302,0.20598,0.21190,0.21157,0.20795,0.04153,0.03922,0.04021,0.04021,0.03626,-51.59028,-2566.00000
0.23854,0.23525,0.24281,0.24544,0.23064,0.20828,0.20861,0.21321,0.20959,0.21025,0.03758,0.04153,0.04218,0.04153,0.03922,-51.53977,-2565.00000
0.23558,0.23920,0.23591,0.24150,0.23920,0.21025,0.20894,0.20532,0.20861,0.20992,0.03889,0.03922,0.03922,0.04021,0.03758,-51.53977,-2564.00000
0.24314,0.24347,0.23492,0.24084,0.23887,0.20466,0.21354,0.21255,0.20631,0.21025,0.03955,0.04251,0.04317,0.03626,0.03791,-52.09801,-2563.00000
0.24117,0.23689,0.24248,0.24084,0.24216,0.21025,0.20828,0.20894,0.20894,0.20828,0.03824,0.03889,0.04383,0.04120,0.03922,-52.09801,-2562.00000
0.23985,0.23887,0.23459,0.24281,0.23426,0.20499,0.21255,0.21058,0.20565,0.20927,0.04087,0.03824,0.04021,0.03955,0.03922,-52.48943,-2561.00000
0.23821,0.24051,0.24248,0.23591,0.24084,0.20729,0.21321,0.21124,0.21453,0.21354,0.04021,0.04284,0.03857,0.03955,0.03955,-52.48943,-2560.00000
0.24018,0.23163,0.23755,0.23656,0.24216,0.20696,0.20729,0.21223,0.21124,0.20400,0.03889,0.03955,0.03857,0.04350,0.04120,-52.78769,-2559.00000
0.23887,0.23558,0.23821,0.24281,0.23887,0.21058,0.20400,0.20565,0.21025,0.20992,0.04416,0.03626,0.04021,0.03922,0.04054,-52.78769,-2558.00000
0.23952,0.23624,0.23591,0.23722,0.24216,0.21387,0.20894,0.20861,0.20400,0.20729,0.04120,0.04120,0.03758,0.03429,0.03495,-53.13212,-2557.00000
0.24183,0.24413,0.24117,0.23591,0.24380,0.20729,0.20696,0.21354,0.21025,0.20696,0.03922,0.03955,0.04021,0.03659,0.04251,-53.13212,-2556.00000
0.24018,0.24084,0.23591,0.23952,0.23985,0.20762,0.20861,0.20499,0.21124,0.20992,0.03758,0.04054,0.03955,0.04021,0.04087,-53.80971,-2555.00000
0.24117,0.23591,0.23393,0.24051,0.23624,0.21124,0.20631,0.20532,0.21255,0.20400,0.03824,0.03725,0.04021,0.03889,0.03528,-53.80971,-2554.00000
0.24380,0.24117,0.23722,0.23328,0.24577,0.20335,0.20499,0.20992,0.20959,0.20795,0.03988,0.04021,0.03988,0.03889,0.03922,-54.28523,-2553.00000
0.23887,0.23492,0.24117,0.24544,0.23788,0.20762,0.20565,0.21058,0.20762,0.20828,0.03857,0.04021,0.03889,0.04284,0.03758,-54.28523,-2552.00000
0.24873,0.23887,0.23985,0.24281,0.23295,0.21124,0.21025,0.20499,0.20894,0.20927,0.04251,0.03955,0.03988,0.03725,0.04317,-54.13480,-2551.00000
0.24610,0.23393,0.23591,0.23920,0.24512,0.20795,0.20861,0.20433,0.20828,0.20729,0.03659,0.03988,0.04185,0.03528,0.03659,-54.13480,-2550.00000
0.24512,0.23821,0.23492,0.24150,0.24084,0.20696,0.20532,0.20828,0.21190,0.20828,0.04153,0.04021,0.04021,0.03824,0.03857,-54.32082,-2549.00000
0.24281,0.23328,0.24051,0.24084,0.23722,0.21058,0.20927,0.21157,0.20927,0.20762,0.04087,0.03791,0.03857,0.03692,0.03857,-54.32082,-2548.00000
0.24183,0.24281,0.23952,0.23788,0.23755,0.20532,0.20992,0.20532,0.20433,0.20795,0.03955,0.04153,0.04120,0.03791,0.03857,-53.96705,-2547.00000
0.23985,0.24479,0.24248,0.23722,0.23887,0.20762,0.21025,0.20927,0.20762,0.21486,0.03791,0.04087,0.04087,0.04317,0.03988,-53.96705,-2546.00000
0.23854,0.24577,0.23788,0.24676,0.24051,0.20433,0.21157,0.21058,0.20729,0.21025,0.04218,0.04317,0.03692,0.03857,0.04251,-54.21009,-2545.00000
0.24281,0.23788,0.24018,0.24413,0.23722,0.20729,0.20532,0.21157,0.21058,0.21124,0.04185,0.03758,0.03988,0.04087,0.04087,-54.21009,-2544.00000
0.23920,0.24183,0.23952,0.24248,0.24150,0.20861,0.20828,0.20828,0.20828,0.20598,0.04087,0.03955,0.03626,0.03791,0.04054,-53.26715,-2543.00000
0.24051,0.23558,0.24577,0.24084,0.24150,0.21025,0.20400,0.21091,0.20894,0.21223,0.04218,0.03659,0.04153,0.03791,0.04021,-53.26715,-2542.00000
0.24018,0.23689,0.23887,0.23459,0.23985,0.20532,0.20762,0.20631,0.21420,0.21124,0.03725,0.04087,0.04218,0.03495,0.04218,-52.78836,-2541.00000
0.23952,0.24643,0.24183,0.23887,0.24446,0.21190,0.20762,0.20696,0.21124,0.20762,0.03791,0.03857,0.03659,0.03857,0.03988,-52.78836,-2540.00000
0.23788,0.24544,0.23821,0.24281,0.23920,0.20565,0.20433,0.20992,0.20663,0.20959,0.04087,0.04218,0.04087,0.03593,0.03889,-52.86635,-2539.00000
0.24117,0.23426,0.24183,0.24084,0.23887,0.20663,0.21321,0.20302,0.20137,0.20894,0.03692,0.04054,0.03725,0.04054,0.03857,-52.86635,-2538.00000
0.24084,0.24018,0.24051,0.24150,0.24216,0.21255,0.20335,0.20663,0.20762,0.20598,0.04185,0.03791,0.04153,0.03922,0.03857,-51.96784,-2537.00000
0.24150,0.23525,0.23952,0.24216,0.24314,0.20828,0.20795,0.20762,0.21025,0.20729,0.03758,0.03824,0.04054,0.04054,0.04284,-51.96784,-2536.00000
0.23295,0.24446,0.24281,0.24150,0.24216,0.20729,0.20729,0.20828,0.21255,0.20729,0.03988,0.04054,0.04350,0.03857,0.04054,-51.26224,-2535.00000
0.23985,0.24216,0.24117,0.24216,0.24117,0.21091,0.20729,0.21321,0.20795,0.21025,0.04153,0.03725,0.03659,0.03889,0.03593,-51.26224,-2534.00000
0.24018,0.23952,0.23656,0.24479,0.24084,0.20959,0.20631,0.21091,0.21157,0.21025,0.03462,0.03889,0.03857,0.04218,0.04350,-51.47341,-2533.00000
0.24314,0.24380,0.24248,0.24117,0.24051,0.21782,0.20565,0.21223,0.21025,0.20795,0.03955,0.04087,0.04284,0.04054,0.04087,-51.47341,-2532.00000
0.23459,0.24479,0.23525,0.23558,0.23887,0.20927,0.20992,0.20400,0.21058,0.20992,0.04120,0.04021,0.03725,0.04021,0.03824,-52.34803,-2531.00000
0.24117,0.24018,0.23854,0.23393,0.24709,0.20663,0.21190,0.20696,0.21058,0.21124,0.04087,0.03857,0.03824,0.04021,0.03495,-52.34803,-2530.00000
0.23985,0.23624,0.24216,0.23952,0.24150,0.20367,0.21124,0.20433,0.20861,0.21387,0.03626,0.03988,0.03528,0.03824,0.04218,-52.26532,-2529.00000
0.23788,0.24281,0.23196,0.24183,0.23854,0.20367,0.20433,0.20335,0.20565,0.20729,0.03758,0.03922,0.04021,0.03626,0.03758,-52.26532,-2528.00000
0.24084,0.23591,0.23360,0.24610,0.23854,0.20499,0.20466,0.21190,0.20598,0.20729,0.04251,0.04054,0.03528,0.03889,0.04317,-52.08725,-2527.00000
0.23952,0.23952,0.24742,0.23755,0.23393,0.20795,0.20729,0.21288,0.20992,0.20696,0.04218,0.03725,0.03955,0.03889,0.04251,-52.08725,-2526.00000
0.24347,0.23920,0.23624,0.24610,0.23656,0.20663,0.20927,0.20927,0.20631,0.20795,0.03857,0.03988,0.03495,0.04284,0.04185,-53.14079,-2525.00000
0.24018,0.23360,0.24084,0.24150,0.23821,0.21091,0.20696,0.20137,0.20663,0.20565,0.03889,0.03988,0.03824,0.04185,0.04087,-53.14079,-2524.00000
0.23920,0.23920,0.23920,0.24084,0.23755,0.20203,0.20466,0.20499,0.20927,0.20598,0.03824,0.03791,0.03889,0.03791,0.03955,-53.79208,-2523.00000
0.24248,0.24413,0.23788,0.24248,0.23689,0.20762,0.20861,0.20729,0.20992,0.20499,0.03889,0.04218,0.03593,0.04021,0.03955,-53.79208,-2522.00000
0.24183,0.23689,0.23525,0.23689,0.23854,0.21058,0.21190,0.20992,0.20663,0.20762,0.03988,0.04021,0.03626,0.03824,0.04054,-53.79301,-2521.00000
0.23854,0.24479,0.23656,0.23755,0.24117,0.20400,0.20729,0.20598,0.20729,0.20696,0.03791,0.03824,0.04251,0.03988,0.03922,-53.79301,-2520.00000
0.23985,0.24216,0.24314,0.23558,0.24281,0.20367,0.20466,0.21124,0.20861,0.20696,0.03889,0.03857,0.04054,0.03593,0.04054,-53.69582,-2519.00000
0.24018,0.23525,0.23689,0.23854,0.23985,0.21321,0.21190,0.20927,0.20400,0.20631,0.03955,0.03824,0.03495,0.03955,0.04153,-53.69582,-2518.00000
0.23887,0.23393,0.24018,0.23985,0.23952,0.20729,0.20762,0.20598,0.20959,0.21058,0.04054,0.03988,0.03791,0.03824,0.03857,-54.58473,-2517.00000
0.23525,0.23952,0.24051,0.24051,0.24084,0.20795,0.21157,0.21025,0.20466,0.20762,0.03955,0.04185,0.03824,0.03824,0.04251,-54.58473,-2516.00000
0.24084,0.23985,0.24150,0.24150,0.24314,0.20959,0.20729,0.20927,0.20400,0.20861,0.03824,0.04021,0.04153,0.04153,0.03857,-54.05750,-2515.00000
0.23854,0.24183,0.23722,0.23821,0.23854,0.20861,0.20959,0.20795,0.21124,0.20631,0.03528,0.03692,0.03758,0.04054,0.04185,-54.05750,-2514.00000
0.23525,0.24084,0.24380,0.24018,0.24183,0.21091,0.21157,0.20795,0.20532,0.20762,0.03824,0.04021,0.03988,0.03692,0.04185,-53.58881,-2513.00000
0.23821,0.24084,0.23952,0.23788,0.24413,0.20894,0.20861,0.20861,0.20992,0.20894,0.04054,0.03922,0.03626,0.03659,0.03988,-53.58881,-2512.00000
0.23821,0.24216,0.23426,0.23854,0.23887,0.21058,0.20729,0.20762,0.20532,0.20828,0.03988,0.03955,0.03692,0.03824,0.03857,-53.33005,-2511.00000
0.24446,0.23887,0.24183,0.23295,0.23393,0.20598,0.20598,0.20828,0.21255,0.20959,0.03857,0.03692,0.03922,0.03857,0.03988,-53.33005,-2510.00000
0.24216,0.23821,0.24643,0.24018,0.24742,0.20499,0.20927,0.21091,0.20663,0.20927,0.04153,0.03889,0.03955,0.03955,0.04120,-52.92479,-2509.00000
0.23624,0.24051,0.24018,0.24248,0.23722,0.20992,0.20992,0.21255,0.20696,0.20598,0.04251,0.03955,0.03725,0.04021,0.03955,-52.92479,-2508.00000
0.23952,0.24183,0.23360,0.24413,0.24084,0.20729,0.20696,0.21091,0.20828,0.20861,0.04054,0.03955,0.03659,0.04383,0.04054,-52.00439,-2507.00000
0.24018,0.23985,0.23854,0.23821,0.24117,0.20532,0.21025,0.20696,0.21058,0.20992,0.03857,0.03758,0.03988,0.04120,0.04120,-52.00439,-2506.00000
0.23985,0.24216,0.23854,0.24117,0.24051,0.20400,0.20795,0.21091,0.21124,0.21124,0.03725,0.04481,0.03528,0.03758,0.04120,-53.20434,-2505.00000
0.24183,0.23887,0.24018,0.24051,0.23755,0.20828,0.20828,0.21058,0.20433,0.20795,0.03988,0.04185,0.03955,0.03791,0.03955,-53.20434,-2504.00000
0.24216,0.23854,0.23887,0.23722,0.24314,0.21124,0.20663,0.21025,0.20992,0.20959,0.04218,0.04054,0.04054,0.03791,0.03988,-52.92053,-2503.00000
0.23920,0.24248,0.23887,0.23755,0.23821,0.20894,0.20927,0.20663,0.21025,0.20598,0.04449,0.04185,0.03922,0.04218,0.03593,-52.92053,-2502.00000
0.24446,0.23952,0.23887,0.24051,0.24117,0.20927,0.21157,0.21157,0.20828,0.20894,0.03758,0.03824,0.03889,0.04054,0.03692,-53.55255,-2501.00000
0.24544,0.23985,0.23755,0.24183,0.22900,0.20631,0.20894,0.21058,0.20992,0.20894,0.04185,0.03528,0.03791,0.04021,0.03889,-53.55255,-2500.00000
0.24150,0.23755,0.23788,0.23722,0.23887,0.21157,0.20894,0.21091,0.21091,0.20499,0.03889,0.03988,0.04120,0.03955,0.03857,-52.45499,-2499.00000
0.23854,0.23722,0.23887,0.23821,0.23722,0.20828,0.20828,0.21058,0.20795,0.20729,0.03758,0.03857,0.04021,0.03824,0.03988,-52.45499,-2498.00000
0.23656,0.23854,0.24380,0.23952,0.23920,0.20861,0.20499,0.21288,0.20992,0.21157,0.04054,0.03593,0.04087,0.04218,0.04087,-52.43843,-2497.00000
0.24018,0.24183,0.23788,0.24084,0.23788,0.20663,0.20927,0.20861,0.20795,0.20433,0.03889,0.03758,0.03659,0.03692,0.04153,-52.43843,-2496.00000
0.24512,0.24150,0.23689,0.23920,0.23755,0.20828,0.20762,0.20631,0.20499,0.20598,0.03857,0.03692,0.03988,0.03725,0.03758,-52.69382,-2495.00000
0.23459,0.23755,0.23755,0.24216,0.24084,0.20532,0.21157,0.20203,0.21124,0.20992,0.03725,0.03659,0.03988,0.04317,0.04021,-52.69382,-2494.00000
0.23722,0.23755,0.24150,0.23854,0.24248,0.20927,0.20663,0.21223,0.20696,0.20631,0.03791,0.04021,0.03955,0.03659,0.03955,-51.74486,-2493.00000
0.24051,0.24216,0.24248,0.23755,0.24018,0.20927,0.20631,0.20992,0.21321,0.20795,0.03824,0.04251,0.04021,0.03955,0.04021,-51.74486,-2492.00000
0.23920,0.23788,0.23985,0.24018,0.23624,0.20696,0.20663,0.20631,0.20433,0.20861,0.03791,0.03528,0.03824,0.03889,0.04054,-49.23669,-2491.00000
0.23887,0.23920,0.24051,0.23755,0.24150,0.20433,0.20729,0.20598,0.20532,0.20894,0.03659,0.03922,0.03922,0.03462,0.03857,-49.23669,-2490.00000
0.24084,0.24117,0.23788,0.24051,0.23788,0.20565,0.20894,0.20729,0.20696,0.20696,0.04284,0.03725,0.03758,0.03758,0.03659,-47.90936,-2489.00000
0.23821,0.24084,0.23558,0.24051,0.23591,0.20992,0.20795,0.21091,0.21025,0.20598,0.04021,0.04054,0.03725,0.03758,0.04021,-47.90936,-2488.00000
0.24084,0.23624,0.23591,0.23854,0.23985,0.21124,0.21025,0.20795,0.20663,0.20499,0.03824,0.03889,0.03561,0.03791,0.03922,-47.90243,-2487.00000
0.24413,0.23887,0.24248,0.23722,0.24347,0.20598,0.20795,0.20861,0.21058,0.21190,0.03758,0.04185,0.04054,0.03725,0.04087,-47.90243,-2486.00000
0.23459,0.23624,0.24248,0.23558,0.23920,0.21223,0.21091,0.20302,0.21157,0.20565,0.04021,0.04087,0.03495,0.03922,0.04054,-47.12993,-2485.00000
0.23591,0.23262,0.23525,0.23722,0.23196,0.20499,0.20762,0.20663,0.20367,0.21255,0.03396,0.03889,0.03889,0.04120,0.03330,-47.12993,-2484.00000
0.23788,0.24216,0.24117,0.23525,0.24018,0.20894,0.21058,0.20762,0.20861,0.20795,0.03824,0.03758,0.03791,0.03725,0.03988,-47.92532,-2483.00000
0.23755,0.24216,0.24183,0.23426,0.24380,0.20499,0.20894,0.20565,0.20762,0.20269,0.03988,0.04153,0.04120,0.03725,0.03857,-47.92532,-2482.00000
0.23689,0.24446,0.23887,0.23262,0.23788,0.20203,0.20762,0.20729,0.20828,0.20729,0.03791,0.04153,0.04087,0.03626,0.03791,-49.86110,-2481.00000
0.24380,0.24183,0.23854,0.24314,0.23591,0.20631,0.21354,0.20729,0.20696,0.20729,0.03988,0.03626,0.03429,0.03593,0.03922,-49.86110,-2480.00000
0.24051,0.23656,0.24018,0.23722,0.24084,0.21157,0.20499,0.20729,0.20696,0.20696,0.03659,0.03988,0.03955,0.04120,0.04153,-50.55555,-2479.00000
0.24577,0.23920,0.23525,0.24084,0.24084,0.20565,0.20302,0.20861,0.20795,0.20696,0.03758,0.03857,0.03889,0.03659,0.03857,-50.55555,-2478.00000
0.23821,0.24117,0.23788,0.24183,0.23755,0.20861,0.20729,0.20302,0.20729,0.20927,0.03988,0.03528,0.03922,0.04218,0.03922,-50.68549,-2477.00000
0.23854,0.23755,0.24413,0.24216,0.24117,0.20565,0.21091,0.20499,0.21288,0.20532,0.04153,0.03791,0.04120,0.03593,0.03889,-50.68549,-2476.00000
0.24512,0.23854,0.24577,0.24051,0.23722,0.20992,0.20828,0.20696,0.21025,0.20762,0.04120,0.04284,0.04284,0.03692,0.03626,-51.52438,-2475.00000
0.23920,0.23985,0.23920,0.23426,0.23920,0.21058,0.21025,0.21058,0.20762,0.20894,0.04054,0.03922,0.03692,0.03889,0.03791,-51.52438,-2474.00000
0.24018,0.24117,0.24018,0.23821,0.23393,0.20631,0.20894,0.20927,0.21124,0.21223,0.04054,0.03659,0.04054,0.03857,0.04185,-51.46532,-2473.00000
0.24216,0.23821,0.24248,0.24051,0.23854,0.20696,0.20828,0.21091,0.20861,0.20762,0.03659,0.04120,0.03659,0.03659,0.03659,-51.46532,-2472.00000
0.24150,0.24413,0.23821,0.24281,0.23887,0.20696,0.20532,0.20598,0.20499,0.20828,0.04120,0.03758,0.03988,0.03561,0.03857,-51.34789,-2471.00000
0.24018,0.23492,0.23788,0.24150,0.23755,0.20861,0.20598,0.20828,0.20433,0.20795,0.04021,0.04087,0.03166,0.03495,0.03495,-51.34789,-2470.00000
0.23591,0.24084,0.23525,0.24183,0.23920,0.20696,0.21190,0.21190,0.20729,0.20631,0.04087,0.03725,0.03889,0.04054,0.04185,-51.55774,-2469.00000
0.24018,0.23788,0.24018,0.23854,0.23788,0.20433,0.20631,0.20663,0.20663,0.20762,0.03824,0.04087,0.04350,0.04120,0.03922,-51.55774,-2468.00000
0.23722,0.23360,0.23920,0.23722,0.23952,0.20433,0.20861,0.21223,0.21124,0.20795,0.04021,0.03791,0.04021,0.04120,0.04021,-52.20465,-2467.00000
0.23887,0.23887,0.23262,0.24413,0.23656,0.21190,0.20598,0.20367,0.20663,0.20400,0.03824,0.04218,0.04185,0.03824,0.04350,-52.20465,-2466.00000
0.23952,0.23591,0.23920,0.24084,0.23656,0.20696,0.20663,0.20170,0.20631,0.20663,0.04054,0.03857,0.03791,0.04120,0.03626,-52.95779,-2465.00000
0.24281,0.24117,0.23393,0.24051,0.23952,0.20927,0.21190,0.20894,0.20795,0.20400,0.03593,0.04481,0.03692,0.03824,0.04350,-52.95779,-2464.00000
0.24544,0.23920,0.22933,0.24544,0.24018,0.20663,0.20236,0.20466,0.20894,0.20894,0.04021,0.04087,0.03593,0.03922,0.03725,-53.65175,-2463.00000
0.24281,0.23952,0.24347,0.23426,0.23854,0.20696,0.21091,0.20269,0.21091,0.20565,0.04087,0.03922,0.03725,0.03922,0.03857,-53.65175,-2462.00000
0.24281,0.23624,0.24018,0.23788,0.24577,0.20959,0.20729,0.21058,0.20565,0.20894,0.04021,0.03692,0.03824,0.04153,0.04054,-53.35908,-2461.00000
0.23985,0.24281,0.23985,0.23624,0.24084,0.21091,0.21058,0.20894,0.20795,0.20532,0.04054,0.03692,0.03824,0.03988,0.03824,-53.35908,-2460.00000
0.24051,0.23920,0.24018,0.23952,0.23854,0.21025,0.20861,0.21321,0.20828,0.20927,0.03791,0.04153,0.03955,0.04054,0.03824,-53.73520,-2459.00000
0.24150,0.23459,0.24051,0.23656,0.23985,0.20433,0.20631,0.20400,0.20762,0.20663,0.03561,0.03593,0.04120,0.04153,0.03955,-53.73520,-2458.00000
0.24446,0.23328,0.24248,0.23985,0.24347,0.20959,0.20828,0.20499,0.20696,0.20828,0.03857,0.03922,0.03922,0.04185,0.03692,-54.65080,-2457.00000
0.23492,0.24183,0.23952,0.24479,0.23656,0.20565,0.20631,0.21058,0.20335,0.20795,0.03824,0.04416,0.04087,0.03824,0.03824,-54.65080,-2456.00000
0.24018,0.24150,0.23459,0.24643,0.24314,0.20828,0.20696,0.20795,0.20499,0.21420,0.03889,0.03922,0.03857,0.04120,0.03495,-53.67306,-2455.00000
0.24281,0.24446,0.23689,0.24084,0.24380,0.21124,0.20696,0.21190,0.20696,0.21091,0.04087,0.04153,0.04218,0.04087,0.04021,-53.67306,-2454.00000
0.24084,0.24183,0.24150,0.23952,0.24216,0.20696,0.21223,0.21157,0.20631,0.20861,0.04218,0.03955,0.03561,0.04284,0.04087,-52.79844,-2453.00000
0.23689,0.24183,0.23591,0.24150,0.23854,0.20959,0.20828,0.20696,0.20696,0.20236,0.03791,0.04153,0.04054,0.03692,0.03791,-52.79844,-2452.00000
0.23821,0.23426,0.24512,0.23656,0.24084,0.20696,0.20466,0.20433,0.20367,0.20729,0.03495,0.04153,0.03659,0.04218,0.03593,-52.61992,-2451.00000
0.24314,0.24150,0.23295,0.24281,0.24281,0.21124,0.20367,0.21124,0.20631,0.20663,0.03955,0.03725,0.04021,0.03889,0.03889,-52.61992,-2450.00000
0.23360,0.24479,0.23558,0.24084,0.23788,0.20663,0.21321,0.21190,0.20696,0.20104,0.03824,0.03824,0.03758,0.03758,0.03725,-52.77725,-2449.00000
0.24084,0.23952,0.23788,0.24248,0.24051,0.20532,0.21058,0.20795,0.20762,0.21157,0.03824,0.03758,0.03659,0.03758,0.04350,-52.77725,-2448.00000
0.23920,0.24314,0.23722,0.23525,0.23952,0.20729,0.21157,0.21190,0.20992,0.20927,0.03824,0.03758,0.03955,0.04185,0.03791,-52.05513,-2447.00000
0.23656,0.23788,0.23492,0.24248,0.24084,0.20433,0.20729,0.20663,0.21190,0.20499,0.03955,0.03824,0.03824,0.03725,0.04251,-52.05513,-2446.00000
0.24347,0.23755,0.23854,0.23788,0.24117,0.20828,0.20959,0.20795,0.20729,0.21157,0.03824,0.03955,0.04120,0.04317,0.03922,-51.60618,-2445.00000
0.24084,0.23887,0.23920,0.24446,0.23854,0.21453,0.21255,0.20894,0.20696,0.20762,0.04087,0.03955,0.03988,0.04054,0.03791,-51.60618,-2444.00000
0.24150,0.24413,0.24413,0.24347,0.23952,0.20729,0.20466,0.20959,0.20795,0.21058,0.03922,0.03955,0.03692,0.03659,0.03857,-51.55504,-2443.00000
0.24084,0.24248,0.23985,0.24281,0.23788,0.20532,0.20729,0.20499,0.20861,0.20335,0.04153,0.04087,0.03889,0.03988,0.03988,-51.55504,-2442.00000
0.24084,0.23887,0.24742,0.23492,0.24150,0.20631,0.20927,0.21025,0.20663,0.21058,0.04054,0.04054,0.04054,0.03725,0.03889,-51.63690,-2441.00000
0.23426,0.24512,0.23788,0.23492,0.23985,0.20861,0.21190,0.20795,0.20433,0.21025,0.03922,0.03758,0.04054,0.03725,0.03824,-51.63690,-2440.00000
0.23920,0.23952,0.23788,0.23656,0.24018,0.20894,0.20663,0.20894,0.21551,0.20565,0.03922,0.03889,0.03791,0.03857,0.04087,-52.69833,-2439.00000
0.23854,0.23920,0.24018,0.23854,0.23591,0.20466,0.20828,0.21551,0.21255,0.21486,0.03922,0.03824,0.03988,0.04120,0.03889,-52.69833,-2438.00000
0.23952,0.24281,0.23525,0.23821,0.24742,0.20433,0.20532,0.20992,0.20992,0.20795,0.03824,0.04087,0.03692,0.04153,0.04120,-52.48930,-2437.00000
0.24051,0.24216,0.23952,0.24117,0.24150,0.20861,0.20927,0.20861,0.20433,0.20631,0.03955,0.04054,0.03791,0.03561,0.04251,-52.48930,-2436.00000
0.24051,0.23591,0.24018,0.23985,0.23920,0.21124,0.21223,0.20795,0.20828,0.20598,0.03659,0.04185,0.04054,0.03725,0.03988,-52.48489,-2435.00000
0.24183,0.24117,0.24248,0.24183,0.24018,0.20959,0.21321,0.20729,0.20499,0.20828,0.04054,0.03791,0.03659,0.04185,0.03889,-52.48489,-2434.00000
0.24479,0.24051,0.24380,0.24413,0.23295,0.20992,0.20433,0.20828,0.20729,0.21354,0.04120,0.04120,0.03758,0.04284,0.04120,-52.99781,-2433.00000
0.23920,0.23525,0.24314,0.23755,0.23788,0.20696,0.21025,0.20762,0.20367,0.20894,0.03725,0.03988,0.03791,0.04021,0.03593,-52.99781,-2432.00000
0.24084,0.23525,0.24117,0.24183,0.23887,0.20696,0.20696,0.20894,0.20861,0.20532,0.03922,0.03725,0.03988,0.03692,0.03758,-54.30652,-2431.00000
0.24183,0.24084,0.23689,0.23821,0.23887,0.21091,0.21288,0.20828,0.21124,0.21025,0.03988,0.04383,0.03824,0.03758,0.03791,-54.30652,-2430.00000
0.23854,0.23788,0.24084,0.24018,0.23459,0.20828,0.21387,0.20729,0.20959,0.20598,0.03758,0.04185,0.03889,0.03922,0.03955,-53.64496,-2429.00000
0.23952,0.23854,0.24216,0.23426,0.24610,0.20795,0.21157,0.20729,0.20795,0.21190,0.04251,0.03955,0.04251,0.03857,0.04251,-53.64496,-2428.00000
0.23985,0.24248,0.24479,0.24117,0.24150,0.21157,0.21157,0.21091,0.20663,0.20828,0.03988,0.03725,0.04218,0.04087,0.04153,-53.37277,-2427.00000
0.24676,0.24216,0.24117,0.23854,0.24183,0.20663,0.21025,0.20631,0.20828,0.21255,0.03265,0.03725,0.03857,0.04054,0.03889,-53.37277,-2426.00000
0.24512,0.23722,0.23788,0.24117,0.23656,0.21025,0.20696,0.20828,0.20861,0.20861,0.03922,0.03857,0.04087,0.04054,0.04087,-54.01549,-2425.00000
0.24018,0.23854,0.24084,0.23887,0.23558,0.21288,0.20433,0.20729,0.21091,0.20762,0.04120,0.03955,0.03988,0.03824,0.04021,-54.01549,-2424.00000
0.24084,0.24183,0.24643,0.23952,0.24051,0.20499,0.20861,0.21091,0.20861,0.21124,0.04120,0.03659,0.03857,0.03889,0.04021,-53.06731,-2423.00000
0.23985,0.23920,0.23952,0.23952,0.24117,0.20795,0.20598,0.20828,0.20532,0.21157,0.03889,0.03791,0.03955,0.03758,0.04087,-53.06731,-2422.00000
0.23854,0.24183,0.24183,0.24183,0.23393,0.20729,0.20696,0.20104,0.20598,0.20959,0.03692,0.03988,0.03692,0.03857,0.03857,-52.51754,-2421.00000
0.23985,0.24051,0.23656,0.24117,0.24216,0.20927,0.20466,0.20959,0.20631,0.20894,0.03528,0.03725,0.04021,0.03955,0.03889,-52.51754,-2420.00000
0.24051,0.23656,0.23459,0.24117,0.23985,0.20795,0.20828,0.20795,0.21321,0.21124,0.03988,0.03922,0.03889,0.03857,0.03857,-52.04002,-2419.00000
0.24117,0.23393,0.24150,0.23887,0.24018,0.20269,0.21058,0.20828,0.20565,0.21124,0.03889,0.04021,0.04218,0.03824,0.03758,-52.04002,-2418.00000
0.23722,0.24183,0.24183,0.23952,0.23887,0.21058,0.20696,0.20631,0.20170,0.20466,0.03791,0.03528,0.04153,0.03922,0.03955,-52.35058,-2417.00000
0.23722,0.24051,0.23821,0.23821,0.23920,0.20861,0.20663,0.21223,0.20927,0.20927,0.04185,0.04120,0.04284,0.03758,0.03626,-52.35058,-2416.00000
0.23920,0.24117,0.24084,0.24018,0.24314,0.20663,0.21091,0.21124,0.20992,0.20894,0.03725,0.03692,0.03988,0.03988,0.03889,-52.26416,-2415.00000
0.23591,0.24051,0.23821,0.23722,0.24248,0.21124,0.20762,0.20828,0.20959,0.20729,0.04218,0.03857,0.03889,0.03955,0.03791,-52.26416,-2414.00000
0.24018,0.23360,0.24051,0.23656,0.24281,0.20927,0.21025,0.21157,0.20927,0.21091,0.03955,0.03725,0.03889,0.04087,0.04218,-52.09887,-2413.00000
0.23656,0.24018,0.24051,0.23821,0.23985,0.20631,0.20894,0.20269,0.21124,0.20433,0.03889,0.03988,0.03824,0.03593,0.03955,-52.09887,-2412.00000
0.24051,0.24248,0.24380,0.23656,0.24380,0.20828,0.20762,0.20598,0.20894,0.20927,0.03857,0.03857,0.03692,0.03692,0.03988,-52.17004,-2411.00000
0.23887,0.23985,0.23722,0.24281,0.23920,0.21190,0.21157,0.20959,0.20828,0.20927,0.04054,0.04185,0.03824,0.03791,0.03659,-52.17004,-2410.00000
0.23722,0.23985,0.23624,0.24413,0.23722,0.20631,0.20959,0.20433,0.20433,0.21486,0.03626,0.03758,0.03561,0.03725,0.03758,-52.43512,-2409.00000
0.23920,0.24512,0.23952,0.24281,0.23952,0.20795,0.20894,0.20499,0.20762,0.20565,0.03889,0.03561,0.03889,0.03824,0.03791,-51.78397,-2408.00000
0.24150,0.24018,0.24117,0.23788,0.24018,0.21025,0.20861,0.20992,0.20992,0.20927,0.03758,0.03889,0.03626,0.03988,0.04054,-51.78397,-2407.00000
0.23558,0.24577,0.23788,0.23525,0.23788,0.20959,0.20927,0.20795,0.20663,0.20598,0.04251,0.03396,0.04383,0.03824,0.04120,-52.23476,-2406.00000
0.24248,0.23262,0.24248,0.23032,0.24183,0.20927,0.20532,0.20598,0.20795,0.20894,0.03889,0.03791,0.03791,0.04021,0.03857,-52.23476,-2405.00000
0.24544,0.24314,0.23854,0.24117,0.23722,0.20631,0.20400,0.20466,0.20927,0.20729,0.03857,0.03626,0.03495,0.03659,0.04284,-51.21015,-2404.00000
0.24216,0.24281,0.23952,0.23854,0.24347,0.21091,0.21288,0.20532,0.20663,0.21025,0.03889,0.03462,0.03659,0.04218,0.03758,-51.21015,-2403.00000
0.24314,0.23360,0.23985,0.24281,0.23722,0.21321,0.20894,0.21288,0.21025,0.20729,0.03626,0.03889,0.03725,0.03561,0.04514,-50.18515,-2402.00000
0.23755,0.23887,0.24216,0.23591,0.24281,0.20631,0.21025,0.21223,0.20861,0.21190,0.03922,0.03791,0.04185,0.03889,0.04449,-50.18515,-2401.00000
0.23360,0.24643,0.24413,0.24314,0.23854,0.20959,0.21025,0.21124,0.20466,0.20269,0.04218,0.04054,0.04021,0.04350,0.04087,-48.10039,-2400.00000
0.23788,0.23952,0.24314,0.23952,0.24479,0.20532,0.20894,0.21157,0.21157,0.21091,0.04120,0.04284,0.03791,0.03857,0.03857,-48.10039,-2399.00000
0.23624,0.23985,0.24018,0.24084,0.23656,0.21025,0.20927,0.20696,0.20861,0.20795,0.03922,0.04021,0.03791,0.03988,0.03922,-48.84268,-2398.00000
0.23525,0.24512,0.24347,0.23591,0.24347,0.20532,0.20927,0.21255,0.20499,0.20861,0.04120,0.03561,0.03824,0.04021,0.03528,-48.84268,-2397.00000
0.24216,0.24939,0.24018,0.24577,0.23985,0.21288,0.20894,0.20729,0.20663,0.20795,0.03922,0.04284,0.04054,0.03922,0.04416,-48.39106,-2396.00000
0.23985,0.24248,0.24281,0.24150,0.23887,0.20433,0.20302,0.20598,0.21025,0.21025,0.04054,0.03889,0.03791,0.03725,0.04087,-48.39106,-2395.00000
0.24216,0.24873,0.24183,0.23755,0.23887,0.20828,0.20861,0.20861,0.21124,0.20795,0.04251,0.04745,0.03857,0.03824,0.03725,-50.45041,-2394.00000
0.24413,0.23722,0.23920,0.24248,0.23920,0.21157,0.20729,0.20992,0.20729,0.20696,0.04120,0.03889,0.03889,0.03988,0.03791,-50.45041,-2393.00000
0.23854,0.24216,0.23952,0.24150,0.24084,0.21551,0.20894,0.20499,0.20828,0.21190,0.03988,0.04218,0.03593,0.04153,0.04416,-51.03087,-2392.00000
0.23821,0.23985,0.23887,0.24216,0.24084,0.20696,0.21255,0.21387,0.20861,0.20598,0.04120,0.04054,0.03692,0.03725,0.03922,-51.03087,-2391.00000
0.23459,0.23920,0.23755,0.23722,0.23722,0.20631,0.21124,0.20400,0.20598,0.21025,0.04054,0.03692,0.03791,0.03824,0.04021,-51.73370,-2390.00000
0.24512,0.24281,0.24281,0.24512,0.23788,0.21190,0.20828,0.20433,0.20729,0.20861,0.03988,0.04416,0.04054,0.04054,0.04054,-51.73370,-2389.00000
0.24347,0.23624,0.24512,0.24084,0.24380,0.20499,0.20795,0.20762,0.20729,0.20696,0.03857,0.04087,0.03791,0.03889,0.03495,-52.60269,-2388.00000
0.23591,0.24380,0.23952,0.23821,0.23887,0.21025,0.20894,0.20565,0.20894,0.20729,0.03988,0.03791,0.03462,0.03955,0.03330,-52.60269,-2387.00000
0.23722,0.23689,0.24183,0.23656,0.24051,0.20762,0.21223,0.20894,0.21091,0.20663,0.04054,0.03692,0.04218,0.03857,0.03758,-53.22517,-2386.00000
0.23920,0.23985,0.24479,0.23722,0.24347,0.20795,0.20795,0.20828,0.20992,0.20861,0.03889,0.03857,0.03857,0.03791,0.04284,-53.22517,-2385.00000
0.24347,0.24051,0.24380,0.24018,0.23887,0.20663,0.21157,0.20598,0.21354,0.20959,0.03889,0.03659,0.03791,0.03659,0.04284,-52.24735,-2384.00000
0.24183,0.23788,0.24216,0.23558,0.23722,0.20861,0.21025,0.20927,0.20729,0.21025,0.03692,0.03659,0.04218,0.04218,0.03889,-52.24735,-2383.00000
0.23854,0.23624,0.23887,0.23656,0.23722,0.20795,0.21025,0.20927,0.20663,0.20729,0.04218,0.03758,0.03495,0.04218,0.03955,-51.76332,-2382.00000
0.23788,0.24479,0.24051,0.23887,0.24183,0.20729,0.21124,0.21157,0.21058,0.21025,0.03791,0.03857,0.03626,0.04153,0.03824,-51.76332,-2381.00000
0.24347,0.24183,0.24183,0.23591,0.23262,0.20631,0.20959,0.20927,0.20894,0.20861,0.04218,0.03922,0.04317,0.04054,0.03955,-51.36750,-2380.00000
0.24018,0.23985,0.23920,0.23920,0.23854,0.20828,0.20795,0.20762,0.20598,0.20894,0.03692,0.03824,0.04054,0.04021,0.03889,-51.36750,-2379.00000
0.23295,0.23525,0.24051,0.23854,0.24248,0.21255,0.20861,0.20499,0.20696,0.20861,0.04054,0.03955,0.03988,0.03955,0.03889,-51.96305,-2378.00000
0.23952,0.23821,0.24446,0.23755,0.23887,0.20927,0.20663,0.20894,0.20959,0.20532,0.03791,0.04120,0.03889,0.03758,0.04021,-51.96305,-2377.00000
0.23821,0.23952,0.23821,0.23459,0.24413,0.20861,0.20762,0.20598,0.21025,0.20927,0.03725,0.03824,0.03791,0.04185,0.04087,-52.03133,-2376.00000
0.24183,0.23722,0.24479,0.23985,0.24051,0.21025,0.20828,0.20795,0.20992,0.21223,0.03889,0.03922,0.04350,0.04185,0.03857,-52.03133,-2375.00000
0.23558,0.23262,0.23689,0.23952,0.23656,0.20598,0.20959,0.20927,0.21387,0.21650,0.03725,0.04120,0.03561,0.03824,0.03725,-52.10209,-2374.00000
0.24051,0.23624,0.24314,0.23328,0.24183,0.20762,0.20729,0.21124,0.21255,0.21091,0.04153,0.03955,0.04021,0.03857,0.03692,-52.10209,-2373.00000
0.24380,0.23821,0.23656,0.24610,0.23689,0.20729,0.20565,0.20631,0.20631,0.20795,0.03758,0.03857,0.03955,0.03659,0.03988,-52.51589,-2372.00000
0.24248,0.23722,0.23985,0.23426,0.23591,0.20894,0.20729,0.20927,0.20696,0.20927,0.03922,0.03988,0.04185,0.04087,0.04153,-52.51589,-2371.00000
0.25038,0.23360,0.24413,0.24544,0.24018,0.20335,0.20762,0.21058,0.20598,0.21223,0.04185,0.04153,0.03889,0.03922,0.03988,-52.54212,-2370.00000
0.24281,0.23722,0.24380,0.23393,0.24084,0.20828,0.20663,0.20367,0.20959,0.20565,0.03561,0.03857,0.03955,0.03593,0.03791,-52.54212,-2369.00000
0.23887,0.23788,0.24380,0.23854,0.23854,0.20828,0.20861,0.20795,0.20729,0.20400,0.04054,0.04120,0.03692,0.03857,0.03922,-52.53327,-2368.00000
0.23722,0.24117,0.23887,0.23854,0.24380,0.20927,0.21058,0.21025,0.20565,0.20400,0.03889,0.03791,0.04153,0.03626,0.03659,-52.53327,-2367.00000
0.24314,0.24150,0.23656,0.23821,0.24018,0.21255,0.20861,0.20631,0.20499,0.20663,0.03791,0.03824,0.03725,0.03824,0.04021,-53.61038,-2366.00000
0.23821,0.24183,0.23624,0.23525,0.23854,0.21025,0.20795,0.20532,0.20762,0.20696,0.03988,0.03889,0.03889,0.03955,0.03659,-53.61038,-2365.00000
0.24084,0.23656,0.24446,0.23952,0.24248,0.21124,0.20927,0.20598,0.20696,0.20367,0.03988,0.03692,0.03659,0.03988,0.03791,-53.81935,-2364.00000
0.23656,0.23985,0.23558,0.24018,0.24380,0.20663,0.20927,0.20499,0.20959,0.20795,0.03692,0.04021,0.03889,0.03922,0.03692,-53.81935,-2363.00000
0.24018,0.23985,0.24248,0.23755,0.24446,0.20729,0.20795,0.20663,0.20696,0.20795,0.04021,0.03922,0.04120,0.03889,0.04087,-52.95948,-2362.00000
0.24248,0.24610,0.24183,0.23492,0.23788,0.21124,0.21124,0.20631,0.20795,0.20598,0.04054,0.03988,0.04120,0.03791,0.03824,-52.95948,-2361.00000
0.24150,0.23854,0.23788,0.24281,0.23624,0.21190,0.21025,0.20663,0.20466,0.20959,0.04087,0.03988,0.03791,0.04185,0.03824,-52.94947,-2360.00000
0.23821,0.23920,0.23854,0.24051,0.24084,0.20992,0.20729,0.20367,0.21058,0.20367,0.03922,0.03626,0.03857,0.03791,0.03988,-52.94947,-2359.00000
0.23722,0.23788,0.23558,0.23887,0.24051,0.20729,0.20959,0.21058,0.20367,0.20631,0.03396,0.03725,0.04021,0.03758,0.03659,-52.39270,-2358.00000
0.23952,0.23459,0.24183,0.23558,0.24018,0.20631,0.20302,0.20729,0.20565,0.20466,0.03692,0.04087,0.03758,0.04021,0.03988,-52.39270,-2357.00000
0.24544,0.23689,0.24380,0.23492,0.24084,0.21058,0.21124,0.20795,0.20104,0.20861,0.03692,0.03758,0.03561,0.03692,0.03659,-51.61139,-2356.00000
0.23689,0.23985,0.23558,0.23755,0.23985,0.20762,0.20631,0.20762,0.21157,0.21255,0.03988,0.03857,0.03824,0.03593,0.03758,-51.61139,-2355.00000
0.23821,0.23328,0.23821,0.23821,0.24281,0.20795,0.20466,0.20762,0.20696,0.20861,0.03462,0.03857,0.03791,0.03857,0.04021,-51.97025,-2354.00000
0.23525,0.24018,0.23920,0.24413,0.23295,0.20565,0.20927,0.20696,0.20565,0.20861,0.03857,0.03725,0.04153,0.03955,0.04087,-51.97025,-2353.00000
0.23689,0.24544,0.23854,0.23920,0.23788,0.20959,0.20466,0.20959,0.20795,0.20795,0.04054,0.03955,0.03889,0.03955,0.04251,-51.39772,-2352.00000
0.24446,0.24018,0.23722,0.24018,0.23920,0.20696,0.20302,0.20861,0.20795,0.20729,0.03791,0.03988,0.03626,0.03889,0.04153,-51.39772,-2351.00000
0.23788,0.23624,0.24018,0.23755,0.23854,0.21321,0.21223,0.20565,0.20861,0.20367,0.04251,0.03955,0.03955,0.03758,0.03824,-52.20765,-2350.00000
0.23788,0.23755,0.23328,0.23854,0.23887,0.20532,0.20598,0.20663,0.20631,0.20565,0.04021,0.03889,0.03495,0.03462,0.03824,-52.20765,-2349.00000
0.23558,0.23788,0.24117,0.23854,0.23591,0.20762,0.20894,0.20894,0.20927,0.20729,0.03791,0.03758,0.03955,0.03758,0.04054,-51.40656,-2348.00000
0.24018,0.23360,0.24084,0.23952,0.23525,0.20565,0.20992,0.20203,0.20631,0.20927,0.03593,0.03824,0.03659,0.03857,0.03791,-51.40656,-2347.00000
0.23328,0.23624,0.23952,0.23295,0.23952,0.20335,0.20400,0.20663,0.20927,0.20861,0.04021,0.03824,0.03955,0.03922,0.03988,-51.76529,-2346.00000
0.23558,0.23624,0.23887,0.24281,0.23722,0.20598,0.20335,0.20598,0.20598,0.20598,0.03593,0.03659,0.03363,0.03725,0.03791,-51.76529,-2345.00000
0.23558,0.23985,0.23722,0.23558,0.24084,0.20466,0.20927,0.20663,0.20367,0.20959,0.03857,0.03758,0.04054,0.03758,0.04054,-51.76643,-2344.00000
0.24380,0.24281,0.23525,0.23887,0.24084,0.20631,0.20532,0.20598,0.20433,0.20466,0.03824,0.03857,0.04054,0.03626,0.03429,-51.76643,-2343.00000
0.24216,0.23689,0.24084,0.23920,0.23624,0.21091,0.20927,0.20828,0.20532,0.20729,0.04087,0.03725,0.03955,0.04054,0.03626,-52.02580,-2342.00000
0.23952,0.23887,0.23558,0.23952,0.23689,0.20631,0.20269,0.21025,0.20499,0.20729,0.04087,0.03889,0.03692,0.03955,0.03988,-52.02580,-2341.00000
0.23788,0.23952,0.24018,0.23262,0.24248,0.20598,0.21157,0.21223,0.20927,0.20894,0.03593,0.03659,0.04087,0.03791,0.04185,-51.77706,-2340.00000
0.24183,0.23920,0.23558,0.24051,0.23887,0.20992,0.20729,0.20795,0.20992,0.20861,0.03528,0.04120,0.03692,0.03857,0.04054,-51.77706,-2339.00000
0.23525,0.23755,0.23722,0.23492,0.23854,0.20663,0.20828,0.21058,0.21255,0.20729,0.03857,0.03889,0.03593,0.04185,0.03758,-52.23619,-2338.00000
0.23229,0.24512,0.23821,0.24479,0.24183,0.20861,0.20861,0.20992,0.20696,0.20894,0.04021,0.03955,0.03857,0.03692,0.03758,-52.23619,-2337.00000
0.23755,0.23821,0.23952,0.24183,0.23788,0.21058,0.20729,0.20631,0.20828,0.20499,0.03495,0.03363,0.03725,0.03758,0.03988,-52.96135,-2336.00000
0.23887,0.23952,0.24150,0.23656,0.23722,0.20729,0.20433,0.21321,0.20861,0.20466,0.03857,0.03725,0.03857,0.03889,0.03659,-52.96135,-2335.00000
0.23755,0.23558,0.24084,0.23920,0.23854,0.20433,0.20795,0.20828,0.20828,0.20992,0.03857,0.03857,0.03725,0.03758,0.03528,-53.69747,-2334.00000
0.23952,0.23920,0.24544,0.23459,0.24577,0.20696,0.20532,0.20729,0.20795,0.20696,0.03824,0.03824,0.03889,0.04153,0.03791,-53.69747,-2333.00000
0.24084,0.23854,0.23591,0.24084,0.23854,0.20598,0.21486,0.21025,0.20499,0.20400,0.04120,0.03758,0.03889,0.04251,0.03528,-53.89219,-2332.00000
0.24018,0.23689,0.24479,0.24314,0.23196,0.20861,0.20795,0.20696,0.21058,0.21058,0.03659,0.03791,0.03889,0.04449,0.03626,-53.89219,-2331.00000
0.23788,0.24281,0.24018,0.23985,0.23854,0.20565,0.20663,0.20729,0.20367,0.21124,0.03791,0.03593,0.03922,0.03593,0.03889,-54.06035,-2330.00000
0.23952,0.23920,0.24018,0.23854,0.23952,0.20828,0.20663,0.20269,0.20598,0.21058,0.03791,0.03988,0.03725,0.03758,0.03495,-54.06035,-2329.00000
0.24413,0.23064,0.23591,0.24216,0.24183,0.20729,0.20795,0.20861,0.20663,0.20927,0.04218,0.03889,0.04120,0.03824,0.03791,-52.98721,-2328.00000
0.23492,0.24643,0.23755,0.24248,0.23920,0.21157,0.21091,0.20828,0.20795,0.20400,0.03659,0.03922,0.03791,0.04054,0.04218,-52.98721,-2327.00000
0.23887,0.23525,0.24084,0.23755,0.23952,0.20894,0.20663,0.21157,0.20894,0.20729,0.03955,0.03824,0.04284,0.03889,0.03857,-52.65571,-2326.00000
0.23722,0.24347,0.24479,0.24084,0.23492,0.20565,0.20335,0.21124,0.21190,0.20894,0.03593,0.03889,0.03824,0.03988,0.03626,-52.65571,-2325.00000
0.23755,0.24446,0.23722,0.23985,0.24018,0.21025,0.20532,0.20992,0.20894,0.21091,0.03824,0.03824,0.04251,0.03593,0.03791,-52.37522,-2324.00000
0.24051,0.23788,0.24150,0.24347,0.23426,0.20894,0.20696,0.20400,0.21223,0.20959,0.04120,0.03626,0.04021,0.03758,0.04021,-52.37522,-2323.00000
0.23558,0.24150,0.24018,0.23591,0.23920,0.20828,0.20992,0.20499,0.20762,0.20861,0.03725,0.03725,0.03561,0.03659,0.03824,-52.04699,-2322.00000
0.24051,0.24380,0.23788,0.23755,0.23854,0.20565,0.21025,0.20992,0.21255,0.20663,0.03922,0.03824,0.03725,0.03857,0.03429,-52.04699,-2321.00000
0.24084,0.23525,0.23624,0.24248,0.23788,0.20663,0.20894,0.20828,0.21124,0.21157,0.03824,0.03495,0.03889,0.04021,0.03857,-51.81207,-2320.00000
0.24150,0.23196,0.25465,0.23624,0.24150,0.21288,0.20762,0.20729,0.21124,0.20631,0.03922,0.03922,0.03692,0.04514,0.03659,-51.81207,-2319.00000
0.23689,0.23492,0.24248,0.23985,0.23624,0.20894,0.20861,0.21255,0.21124,0.20663,0.03659,0.03955,0.03857,0.04120,0.03593,-51.73123,-2318.00000
0.23821,0.24314,0.23821,0.23328,0.23591,0.21124,0.20992,0.21190,0.20828,0.20532,0.03725,0.03593,0.03561,0.03988,0.03528,-51.73123,-2317.00000
0.23920,0.24150,0.24479,0.23985,0.23689,0.20729,0.20828,0.21025,0.20729,0.20894,0.03725,0.03758,0.03824,0.04185,0.03561,-51.63954,-2316.00000
0.24610,0.23492,0.23854,0.24084,0.23459,0.20992,0.20861,0.21025,0.20038,0.20894,0.03561,0.04087,0.03988,0.04087,0.03955,-51.63954,-2315.00000
0.24248,0.23656,0.23656,0.24281,0.23821,0.20861,0.20631,0.20729,0.20828,0.20631,0.03561,0.03593,0.03758,0.03889,0.03824,-51.40082,-2314.00000
0.23887,0.23393,0.24643,0.24018,0.24117,0.20729,0.20400,0.21223,0.20663,0.20367,0.03758,0.03955,0.04021,0.03889,0.03725,-51.40082,-2313.00000
0.23656,0.24183,0.23722,0.24610,0.23624,0.20696,0.20466,0.20499,0.20959,0.21124,0.03824,0.03462,0.03857,0.03857,0.03889,-51.41086,-2312.00000
0.23393,0.24084,0.24117,0.23985,0.24018,0.20927,0.20762,0.20466,0.20795,0.20927,0.03955,0.03495,0.03626,0.03889,0.03725,-51.41086,-2311.00000
0.23722,0.24643,0.23952,0.23656,0.23788,0.20762,0.20828,0.20663,0.20959,0.21288,0.04120,0.03857,0.03692,0.03922,0.04021,-52.06285,-2310.00000
0.23558,0.23722,0.24150,0.23821,0.23624,0.20433,0.20400,0.20696,0.20729,0.20104,0.03692,0.03659,0.04054,0.04021,0.03922,-52.06285,-2309.00000
0.24216,0.23920,0.24084,0.23821,0.23854,0.20400,0.20565,0.20598,0.21025,0.20795,0.03857,0.04021,0.04218,0.04120,0.04185,-53.66815,-2308.00000
0.23558,0.24084,0.24117,0.23821,0.23755,0.20598,0.20894,0.20631,0.21091,0.20696,0.04120,0.03659,0.03725,0.04021,0.04087,-53.66815,-2307.00000
0.23887,0.23689,0.24117,0.23920,0.24216,0.21091,0.21157,0.21025,0.20959,0.20663,0.03988,0.04021,0.03824,0.03659,0.03889,-54.06796,-2306.00000
0.23525,0.24248,0.23952,0.24051,0.24084,0.20959,0.20663,0.21025,0.20499,0.20499,0.04153,0.04153,0.04054,0.03922,0.04021,-54.06796,-2305.00000
0.23854,0.23788,0.23459,0.24150,0.23689,0.20499,0.20894,0.20598,0.20828,0.20631,0.03889,0.04185,0.03396,0.03988,0.03889,-53.68437,-2304.00000
0.24183,0.23887,0.24380,0.23624,0.24183,0.20335,0.20927,0.20565,0.20861,0.20894,0.04153,0.03528,0.03791,0.03659,0.03791,-53.68437,-2303.00000
0.24216,0.24314,0.23821,0.23821,0.23492,0.21025,0.20795,0.21058,0.21157,0.20696,0.03561,0.03824,0.03988,0.03889,0.03889,-53.41689,-2302.00000
0.23755,0.23952,0.23854,0.24051,0.23459,0.20795,0.20696,0.20499,0.21058,0.20499,0.03692,0.03725,0.03988,0.04054,0.04251,-53.41689,-2301.00000
0.23689,0.24051,0.23591,0.24314,0.23887,0.20927,0.20170,0.20828,0.21190,0.20663,0.03791,0.03593,0.03462,0.03593,0.03857,-54.46235,-2300.00000
0.23689,0.23788,0.24742,0.23262,0.23985,0.20861,0.20828,0.20828,0.20499,0.20433,0.04054,0.03889,0.04054,0.03922,0.03495,-54.46235,-2299.00000
0.24281,0.23755,0.24051,0.23426,0.23952,0.20894,0.20696,0.20729,0.20894,0.20959,0.04087,0.03561,0.03922,0.03758,0.03791,-53.39329,-2298.00000
0.23920,0.23952,0.23656,0.24479,0.23952,0.21058,0.20499,0.20729,0.20861,0.21223,0.04021,0.03791,0.03922,0.04087,0.03725,-53.39329,-2297.00000
0.23887,0.24084,0.23952,0.23755,0.24117,0.21288,0.21025,0.20828,0.20927,0.20631,0.03791,0.04021,0.03659,0.03857,0.03824,-53.10533,-2296.00000
0.24413,0.23689,0.24084,0.23591,0.23656,0.20598,0.20598,0.21124,0.20631,0.20466,0.04153,0.03955,0.03363,0.03857,0.03692,-53.10533,-2295.00000
0.24479,0.23624,0.24479,0.23459,0.23920,0.20729,0.20466,0.20532,0.20598,0.20828,0.04054,0.03692,0.04120,0.03922,0.03758,-52.57317,-2294.00000
0.23755,0.23459,0.24117,0.24610,0.23492,0.20927,0.20335,0.20598,0.20631,0.20466,0.03528,0.04185,0.03889,0.04251,0.03955,-52.57317,-2293.00000
0.23229,0.24281,0.23755,0.23722,0.23525,0.20894,0.20729,0.20861,0.20598,0.20828,0.04054,0.03857,0.03659,0.03791,0.03725,-52.47555,-2292.00000
0.23097,0.23854,0.23459,0.23821,0.23591,0.20631,0.20203,0.20532,0.20828,0.20795,0.03626,0.03889,0.03725,0.03791,0.03955,-52.47555,-2291.00000
0.23821,0.23952,0.23492,0.24117,0.23821,0.20663,0.20861,0.20828,0.20959,0.20598,0.03692,0.03528,0.03824,0.03626,0.03922,-52.42918,-2290.00000
0.23591,0.23788,0.24544,0.23459,0.23426,0.20861,0.20828,0.20466,0.20762,0.20236,0.03824,0.03626,0.03659,0.03692,0.03593,-52.42918,-2289.00000
0.23525,0.23722,0.24281,0.23656,0.23689,0.20696,0.20927,0.20992,0.20598,0.20861,0.03725,0.03692,0.03758,0.03922,0.03758,-51.90551,-2288.00000
0.23887,0.23558,0.23985,0.24051,0.23393,0.20762,0.20894,0.20762,0.20598,0.20499,0.03922,0.03396,0.03889,0.03857,0.04120,-51.90551,-2287.00000
0.24347,0.23887,0.23821,0.24413,0.23788,0.21091,0.20927,0.20927,0.20236,0.20861,0.03857,0.03889,0.03857,0.03659,0.03922,-51.45324,-2286.00000
0.23952,0.23656,0.24150,0.23952,0.23755,0.20861,0.21387,0.20861,0.21025,0.20894,0.03922,0.03659,0.03495,0.03758,0.03988,-51.45324,-2285.00000
0.23591,0.23788,0.23558,0.23887,0.24018,0.20795,0.20927,0.20663,0.20499,0.21091,0.03462,0.03659,0.03659,0.03396,0.03824,-51.12457,-2284.00000
0.23854,0.23328,0.23755,0.23459,0.23755,0.20499,0.20367,0.20565,0.20598,0.20927,0.03824,0.03725,0.03758,0.03626,0.03988,-51.12457,-2283.00000
0.23196,0.24183,0.23788,0.23624,0.23887,0.20631,0.20992,0.20795,0.20795,0.20729,0.03857,0.03791,0.03857,0.03626,0.03396,-52.01004,-2282.00000
0.23591,0.23854,0.23229,0.23821,0.23722,0.20729,0.20400,0.20466,0.20302,0.20532,0.03922,0.03889,0.03758,0.03791,0.03396,-52.01004,-2281.00000
0.24183,0.23591,0.23558,0.23952,0.23985,0.20663,0.20269,0.20927,0.20598,0.21058,0.03791,0.04021,0.03593,0.03758,0.03857,-52.11830,-2280.00000
0.23920,0.24084,0.23821,0.24413,0.24512,0.20861,0.21124,0.20663,0.20466,0.20959,0.03857,0.03889,0.03889,0.03692,0.04054,-52.11830,-2279.00000
0.23624,0.23887,0.24347,0.23558,0.24117,0.20663,0.20992,0.20894,0.20762,0.21091,0.03889,0.03791,0.04087,0.03528,0.03955,-52.27009,-2278.00000
0.23558,0.23788,0.23459,0.23656,0.23591,0.20762,0.21354,0.20992,0.20696,0.20663,0.03626,0.03857,0.03758,0.03857,0.04153,-52.27009,-2277.00000
0.23591,0.23722,0.24413,0.23854,0.23262,0.20565,0.20400,0.20828,0.21223,0.20663,0.03889,0.03922,0.03889,0.03725,0.03626,-52.24344,-2276.00000
0.24117,0.23887,0.23722,0.23854,0.23624,0.20236,0.20499,0.21255,0.20565,0.20828,0.03495,0.03857,0.03824,0.03659,0.03922,-52.24344,-2275.00000
0.23624,0.24216,0.23624,0.24084,0.24314,0.21420,0.20861,0.20269,0.20828,0.21223,0.03857,0.03889,0.03495,0.03528,0.03462,-54.03920,-2274.00000
0.23525,0.24183,0.23854,0.24084,0.23591,0.20861,0.20269,0.20729,0.21091,0.20894,0.03429,0.03988,0.03922,0.04054,0.03922,-54.03920,-2273.00000
0.23591,0.23459,0.24051,0.23426,0.24248,0.20795,0.20828,0.20992,0.20598,0.20861,0.03692,0.04054,0.03297,0.03692,0.03429,-53.60651,-2272.00000
0.24150,0.23887,0.23788,0.23821,0.23426,0.20729,0.20696,0.20565,0.20992,0.20861,0.04120,0.03955,0.03988,0.03725,0.03857,-53.60651,-2271.00000
0.23360,0.23591,0.23821,0.24314,0.24248,0.21091,0.20598,0.21124,0.21321,0.20696,0.03593,0.03330,0.03758,0.04087,0.03462,-53.64896,-2270.00000
0.23426,0.23887,0.23755,0.23722,0.24216,0.20367,0.20828,0.20696,0.20927,0.21058,0.03791,0.03857,0.03922,0.03659,0.03857,-53.64896,-2269.00000
0.23854,0.23821,0.23558,0.23393,0.24479,0.20663,0.20598,0.20795,0.20959,0.21025,0.03692,0.03889,0.03429,0.04054,0.03758,-54.71755,-2268.00000
0.23689,0.23196,0.24051,0.24413,0.23887,0.20598,0.20269,0.20499,0.21091,0.20927,0.03725,0.03889,0.03396,0.03889,0.03889,-54.71755,-2267.00000
0.24972,0.24051,0.23591,0.23985,0.23985,0.21190,0.20762,0.20696,0.20959,0.20927,0.03363,0.03725,0.03889,0.03725,0.04054,-54.20448,-2266.00000
0.23591,0.24479,0.24051,0.24051,0.24051,0.20861,0.20729,0.20598,0.20532,0.20663,0.03922,0.03692,0.03758,0.03955,0.03955,-54.20448,-2265.00000
0.23985,0.23722,0.24051,0.23952,0.23952,0.20104,0.20400,0.20894,0.20663,0.20663,0.03824,0.03626,0.03758,0.03889,0.03659,-53.91620,-2264.00000
0.23360,0.24117,0.23920,0.24281,0.24084,0.20565,0.20367,0.21157,0.20598,0.20729,0.04021,0.03561,0.03758,0.04054,0.03955,-53.91620,-2263.00000
0.24314,0.23854,0.23459,0.24183,0.23755,0.20762,0.20499,0.21025,0.20959,0.20729,0.03561,0.03922,0.03857,0.04284,0.03824,-53.26914,-2262.00000
0.23262,0.23821,0.23920,0.24084,0.23952,0.20466,0.20729,0.21058,0.20828,0.20861,0.03791,0.03593,0.03363,0.03692,0.03528,-53.26914,-2261.00000
0.23591,0.23788,0.24216,0.23689,0.23624,0.20959,0.21025,0.20992,0.21453,0.20532,0.03725,0.03889,0.03758,0.03561,0.03791,-53.07256,-2260.00000
0.23525,0.24248,0.23952,0.24018,0.23755,0.20927,0.20696,0.20729,0.21124,0.20631,0.03429,0.04218,0.03955,0.03462,0.03692,-53.07256,-2259.00000
0.23656,0.24281,0.24216,0.23360,0.23492,0.20828,0.21091,0.20729,0.20302,0.20663,0.03857,0.03725,0.03330,0.03725,0.03692,-53.02554,-2258.00000
0.23821,0.23952,0.23985,0.23689,0.23952,0.20729,0.20894,0.20762,0.20861,0.20696,0.03889,0.03593,0.03429,0.03922,0.03363,-53.02554,-2257.00000
0.23952,0.23689,0.23689,0.24216,0.23558,0.20565,0.20696,0.20104,0.20696,0.20598,0.03462,0.04054,0.03495,0.03692,0.03758,-52.92634,-2256.00000
0.23788,0.23755,0.24051,0.23426,0.23821,0.21157,0.20795,0.20466,0.20729,0.20466,0.04218,0.03889,0.03791,0.03725,0.04087,-52.92634,-2255.00000
0.23722,0.24150,0.23887,0.24117,0.24051,0.20894,0.20631,0.20631,0.20631,0.20828,0.03857,0.04054,0.03955,0.03659,0.03528,-52.73514,-2254.00000
0.23821,0.23755,0.23656,0.24248,0.23558,0.20598,0.20828,0.20631,0.21190,0.20762,0.03922,0.03659,0.03692,0.04185,0.03758,-52.73514,-2253.00000
0.23591,0.23821,0.23426,0.23032,0.23788,0.20828,0.20795,0.21124,0.20598,0.20762,0.03922,0.03593,0.03758,0.03824,0.03725,-53.36464,-2252.00000
0.24248,0.23558,0.23492,0.23426,0.23558,0.20828,0.20565,0.20992,0.20696,0.20663,0.03889,0.03561,0.04218,0.04218,0.04021,-53.36464,-2251.00000
0.23755,0.23722,0.23887,0.23689,0.24347,0.21025,0.20828,0.20400,0.21124,0.20400,0.03626,0.03824,0.03889,0.03955,0.03495,-53.01777,-2250.00000
0.23788,0.23558,0.23854,0.24051,0.23459,0.20466,0.20631,0.21124,0.20466,0.20696,0.03593,0.04153,0.03659,0.03988,0.04317,-53.01777,-2249.00000
0.23755,0.23591,0.23591,0.24347,0.24051,0.20762,0.20565,0.20433,0.20762,0.20729,0.03791,0.03429,0.04087,0.03791,0.03495,-52.22178,-2248.00000
0.23985,0.23591,0.23821,0.23788,0.23492,0.20631,0.20992,0.21255,0.20466,0.20137,0.03593,0.03725,0.03725,0.03725,0.03725,-52.22178,-2247.00000
0.23952,0.24051,0.23920,0.24248,0.23656,0.20894,0.20959,0.20631,0.20959,0.20663,0.03528,0.03857,0.03692,0.03791,0.03593,-51.78472,-2246.00000
0.23722,0.23656,0.23887,0.24084,0.23426,0.20861,0.20532,0.20762,0.20959,0.21091,0.03857,0.03659,0.03363,0.03758,0.03824,-51.78472,-2245.00000
0.24380,0.24051,0.23722,0.23591,0.24150,0.20861,0.21025,0.20598,0.21157,0.20696,0.03725,0.04054,0.03725,0.03429,0.03593,-52.35720,-2244.00000
0.24183,0.23985,0.24051,0.24248,0.23262,0.20762,0.20433,0.20499,0.21288,0.20335,0.03528,0.03758,0.03429,0.03692,0.03988,-52.35720,-2243.00000
0.23755,0.24051,0.23755,0.23492,0.23558,0.20729,0.20992,0.21025,0.20729,0.20894,0.03330,0.03593,0.03462,0.03889,0.03791,-53.17079,-2242.00000
0.23985,0.23952,0.23591,0.23656,0.24051,0.20236,0.20532,0.20861,0.21420,0.21091,0.03758,0.03922,0.03955,0.03857,0.03791,-53.17079,-2241.00000
0.23196,0.23788,0.24281,0.24084,0.23722,0.20762,0.20631,0.20992,0.21025,0.20367,0.03889,0.03889,0.04120,0.03396,0.03626,-53.23090,-2240.00000
0.23952,0.23656,0.23985,0.24742,0.23064,0.20959,0.21091,0.21091,0.20433,0.20729,0.03363,0.03857,0.03988,0.03692,0.03922,-53.23090,-2239.00000
0.24314,0.23854,0.24018,0.23985,0.24117,0.20795,0.21091,0.20927,0.20861,0.20894,0.03692,0.04021,0.04054,0.03791,0.03758,-53.15842,-2238.00000
0.23920,0.23755,0.24084,0.23656,0.23689,0.20565,0.21453,0.20598,0.20598,0.20959,0.03462,0.03889,0.03561,0.03528,0.03626,-53.15842,-2237.00000
0.23591,0.23624,0.24084,0.24347,0.23426,0.20762,0.20598,0.20828,0.21025,0.21157,0.04054,0.03495,0.03758,0.04054,0.03692,-53.62511,-2236.00000
0.24018,0.23459,0.24117,0.24051,0.23459,0.20729,0.20598,0.20959,0.20828,0.20532,0.03725,0.03857,0.03889,0.03857,0.03528,-53.62511,-2235.00000
0.23788,0.24150,0.23788,0.24051,0.23459,0.20762,0.20894,0.20861,0.20795,0.20565,0.03889,0.03495,0.03857,0.03725,0.04087,-54.31011,-2234.00000
0.23755,0.23229,0.24018,0.23985,0.24479,0.20959,0.20729,0.20795,0.20959,0.21025,0.03495,0.03561,0.03889,0.03824,0.03561,-54.31011,-2233.00000
0.23295,0.23492,0.24018,0.23821,0.23624,0.20729,0.20598,0.20959,0.20828,0.20959,0.03824,0.03626,0.03593,0.03593,0.03528,-53.58572,-2232.00000
0.24314,0.24117,0.23196,0.24216,0.23920,0.20466,0.21124,0.20335,0.21025,0.20598,0.03725,0.03889,0.03265,0.03791,0.03528,-53.58572,-2231.00000
0.24051,0.23558,0.23952,0.23952,0.23558,0.20367,0.21025,0.20565,0.20828,0.20795,0.03988,0.03561,0.03429,0.03561,0.03659,-53.35048,-2230.00000
0.24084,0.23755,0.24018,0.23952,0.23591,0.20170,0.20828,0.20729,0.20696,0.20696,0.03725,0.03824,0.03593,0.03528,0.03528,-53.35048,-2229.00000
0.23755,0.23887,0.23985,0.23656,0.23887,0.20663,0.20433,0.21058,0.20861,0.20696,0.03758,0.03824,0.03725,0.03692,0.03857,-53.95795,-2228.00000
0.24117,0.24248,0.23229,0.24117,0.23920,0.20861,0.20729,0.20663,0.20828,0.20959,0.04087,0.03857,0.03396,0.03725,0.03922,-53.95795,-2227.00000
0.23755,0.23985,0.23360,0.23656,0.23558,0.20696,0.20598,0.20959,0.20894,0.20170,0.03692,0.03725,0.03889,0.03758,0.04054,-54.14939,-2226.00000
0.23722,0.23985,0.24150,0.23360,0.23262,0.20565,0.20729,0.20828,0.20532,0.20894,0.03725,0.04021,0.03725,0.03528,0.03593,-54.14939,-2225.00000
0.24216,0.23854,0.23755,0.23887,0.23525,0.20729,0.20729,0.20927,0.20565,0.20696,0.03922,0.03528,0.04185,0.03725,0.03791,-53.08544,-2224.00000
0.24051,0.24084,0.24150,0.23459,0.23558,0.21058,0.20729,0.20335,0.20894,0.20795,0.03857,0.03659,0.03889,0.03758,0.03462,-53.08544,-2223.00000
0.24051,0.23985,0.23985,0.23952,0.23492,0.20466,0.20269,0.20696,0.20269,0.21058,0.03857,0.03824,0.03824,0.03725,0.03955,-52.60473,-2222.00000
0.24084,0.23492,0.24314,0.23591,0.23722,0.20335,0.20959,0.20894,0.21058,0.20598,0.03626,0.03462,0.03791,0.04153,0.03659,-52.60473,-2221.00000
0.24051,0.23722,0.23985,0.24281,0.23097,0.20927,0.20795,0.20959,0.20631,0.20203,0.03857,0.03922,0.03626,0.03692,0.03889,-51.95178,-2220.00000
0.23624,0.23558,0.23985,0.23887,0.23558,0.20828,0.20433,0.20861,0.20335,0.20696,0.03528,0.03429,0.03857,0.03626,0.03857,-51.95178,-2219.00000
0.23985,0.23952,0.24018,0.23722,0.24084,0.20565,0.20927,0.19973,0.20795,0.20433,0.04087,0.03725,0.03889,0.04054,0.03857,-52.01593,-2218.00000
0.24018,0.23689,0.23196,0.24216,0.23920,0.20828,0.21190,0.20861,0.20598,0.20894,0.03561,0.03791,0.03462,0.03725,0.03824,-52.01593,-2217.00000
0.23920,0.23920,0.23854,0.23656,0.23525,0.20959,0.20959,0.20828,0.20598,0.20927,0.04153,0.03824,0.03922,0.03758,0.03824,-51.38638,-2216.00000
0.23492,0.23920,0.23920,0.24117,0.23854,0.20203,0.20663,0.20499,0.20762,0.20598,0.03528,0.03725,0.03955,0.03955,0.03429,-51.38638,-2215.00000
0.23393,0.23755,0.23624,0.23558,0.23656,0.20663,0.20631,0.20499,0.20729,0.20861,0.03922,0.03791,0.03659,0.03692,0.03824,-51.00325,-2214.00000
0.23426,0.23459,0.23821,0.23854,0.23393,0.20959,0.20499,0.20302,0.20466,0.20598,0.03659,0.03758,0.03824,0.03330,0.03857,-51.00325,-2213.00000
0.23558,0.23591,0.24150,0.23130,0.24150,0.20927,0.20795,0.20861,0.20631,0.20795,0.03692,0.03791,0.03889,0.03659,0.03922,-51.75407,-2212.00000
0.24150,0.23624,0.24216,0.23920,0.23591,0.20795,0.20861,0.20828,0.21255,0.20598,0.03889,0.03429,0.03857,0.03462,0.03725,-51.75407,-2211.00000
0.23821,0.23459,0.23854,0.24150,0.24117,0.20762,0.20598,0.20992,0.20598,0.20203,0.03593,0.03955,0.03725,0.03791,0.04021,-51.99520,-2210.00000
0.23985,0.22703,0.23656,0.23689,0.23722,0.20499,0.20631,0.20335,0.20795,0.20400,0.03659,0.03758,0.03955,0.04185,0.03857,-51.99520,-2209.00000
0.23295,0.23558,0.24084,0.23591,0.23887,0.20828,0.20302,0.20565,0.20335,0.20927,0.03889,0.03626,0.03561,0.03889,0.03857,-52.76518,-2208.00000
0.23656,0.23722,0.23920,0.23985,0.23755,0.20631,0.20959,0.20696,0.20466,0.20762,0.03725,0.03889,0.04054,0.03889,0.03528,-52.76518,-2207.00000
0.23624,0.23262,0.23920,0.23854,0.23755,0.20433,0.20663,0.20992,0.20631,0.20696,0.03922,0.03889,0.03791,0.03528,0.04054,-52.28591,-2206.00000
0.23952,0.23755,0.23426,0.23689,0.23689,0.20795,0.20663,0.21058,0.20565,0.21157,0.03725,0.03824,0.03725,0.03528,0.03593,-52.28591,-2205.00000
0.23722,0.23558,0.23722,0.23821,0.23360,0.20663,0.20532,0.21157,0.20861,0.20400,0.03593,0.03725,0.03692,0.03725,0.03889,-52.52479,-2204.00000
0.23360,0.23591,0.24183,0.23821,0.23920,0.20696,0.20532,0.20927,0.20795,0.20565,0.03659,0.03988,0.03692,0.03692,0.03758,-52.52479,-2203.00000
0.24446,0.23854,0.23887,0.23525,0.23656,0.20795,0.20927,0.20631,0.20433,0.20433,0.03791,0.03758,0.03692,0.04087,0.03429,-53.22529,-2202.00000
0.24018,0.23887,0.23689,0.24939,0.23788,0.20433,0.20499,0.21124,0.20696,0.20927,0.03692,0.03922,0.03824,0.03561,0.03659,-53.22529,-2201.00000
0.23558,0.23920,0.23624,0.23788,0.23525,0.20598,0.20598,0.20598,0.20499,0.20828,0.03330,0.03758,0.03593,0.03824,0.03528,-53.05796,-2200.00000
0.23656,0.23360,0.23393,0.24347,0.23426,0.20663,0.20696,0.20335,0.20729,0.20598,0.03363,0.04120,0.03824,0.03824,0.03725,-53.05796,-2199.00000
0.23985,0.23788,0.23920,0.23689,0.23920,0.20729,0.20828,0.20762,0.20565,0.20565,0.04120,0.03758,0.03528,0.03561,0.03725,-53.71892,-2198.00000
0.24281,0.24183,0.23821,0.23295,0.23854,0.20861,0.20663,0.20663,0.20598,0.20532,0.03626,0.03659,0.03330,0.03889,0.03824,-53.71892,-2197.00000
0.24314,0.23163,0.23821,0.23492,0.23821,0.20729,0.20927,0.21025,0.20203,0.20663,0.03659,0.03725,0.03561,0.04218,0.03889,-54.74764,-2196.00000
0.23952,0.23492,0.23920,0.23360,0.24216,0.20400,0.20203,0.20894,0.20466,0.21157,0.03988,0.03659,0.03659,0.03396,0.03824,-54.74764,-2195.00000
0.23624,0.23788,0.23920,0.23459,0.23689,0.20861,0.20499,0.20927,0.20959,0.20894,0.04120,0.03758,0.03889,0.03758,0.03824,-54.35380,-2194.00000
0.23854,0.24314,0.23229,0.23722,0.24018,0.21058,0.20598,0.20532,0.20499,0.20663,0.03758,0.03495,0.04087,0.03593,0.03265,-54.35380,-2193.00000
0.23393,0.24051,0.23558,0.23985,0.23887,0.20828,0.20598,0.20894,0.20499,0.20894,0.03889,0.03692,0.03593,0.03758,0.03791,-53.62710,-2192.00000
0.23229,0.23656,0.23755,0.23558,0.23887,0.21255,0.20367,0.20532,0.20762,0.20565,0.03692,0.03791,0.03659,0.03528,0.03791,-53.62710,-2191.00000
0.23952,0.23064,0.23985,0.23525,0.23624,0.20762,0.20828,0.20795,0.20335,0.20795,0.03363,0.03692,0.03824,0.03692,0.03692,-54.28181,-2190.00000
0.23591,0.23459,0.23064,0.23624,0.24084,0.20269,0.20992,0.20696,0.20499,0.20598,0.03462,0.03824,0.03725,0.03528,0.03889,-54.28181,-2189.00000
0.23821,0.23558,0.23328,0.23032,0.24643,0.20236,0.20565,0.20729,0.20203,0.20400,0.03758,0.03922,0.03988,0.03495,0.03593,-53.05155,-2188.00000
0.23656,0.23196,0.23229,0.23262,0.23360,0.20466,0.20729,0.20598,0.21058,0.20565,0.03725,0.03791,0.03725,0.03824,0.03429,-53.05155,-2187.00000
0.24216,0.24183,0.23393,0.23525,0.23887,0.20762,0.20532,0.20433,0.20861,0.20729,0.03758,0.03857,0.03922,0.04021,0.03791,-52.48281,-2186.00000
0.24117,0.23722,0.23459,0.23360,0.23985,0.20466,0.20499,0.20959,0.20795,0.20992,0.03955,0.03462,0.03692,0.03988,0.03725,-52.48281,-2185.00000
0.23492,0.23393,0.24281,0.22703,0.24281,0.21025,0.20466,0.21058,0.20663,0.20499,0.03659,0.03791,0.03922,0.03396,0.03495,-52.32050,-2184.00000
0.23229,0.22966,0.23656,0.24117,0.23459,0.20861,0.20762,0.21157,0.20170,0.20959,0.03528,0.03955,0.03824,0.03363,0.03922,-52.32050,-2183.00000
0.23492,0.23525,0.23525,0.23788,0.23492,0.20894,0.20959,0.20959,0.20631,0.21190,0.03758,0.03626,0.03791,0.03265,0.03889,-51.40439,-2182.00000
0.23492,0.23689,0.23887,0.24018,0.23229,0.20795,0.21124,0.20335,0.20729,0.20762,0.03824,0.03593,0.04185,0.03922,0.04153,-51.40439,-2181.00000
0.22867,0.22933,0.24314,0.24314,0.23854,0.20466,0.20696,0.20795,0.20861,0.20400,0.03561,0.03593,0.03692,0.03692,0.03462,-51.87651,-2180.00000
0.23689,0.23459,0.23492,0.23854,0.23558,0.20861,0.20828,0.20663,0.20992,0.21223,0.03857,0.03593,0.03758,0.03824,0.03692,-51.87651,-2179.00000
0.23952,0.23920,0.23591,0.23887,0.23722,0.20433,0.20828,0.20565,0.20795,0.20367,0.03791,0.03692,0.03758,0.03889,0.03495,-52.17361,-2178.00000
0.24512,0.23624,0.24084,0.23492,0.23722,0.20598,0.20269,0.20631,0.20565,0.20927,0.03889,0.03824,0.03528,0.03528,0.03199,-52.17361,-2177.00000
0.23755,0.24479,0.23920,0.23821,0.23788,0.20663,0.20992,0.20729,0.20302,0.20335,0.03692,0.03955,0.03528,0.03922,0.03330,-51.92909,-2176.00000
0.23887,0.23656,0.23262,0.23525,0.23821,0.21157,0.20598,0.21223,0.20795,0.20696,0.03791,0.03692,0.03758,0.03659,0.03955,-51.92909,-2175.00000
0.23689,0.23459,0.24183,0.23591,0.24084,0.20466,0.20302,0.20696,0.20861,0.21025,0.03429,0.03758,0.03626,0.03692,0.03495,-52.30732,-2174.00000
0.23722,0.24051,0.23722,0.23032,0.23558,0.20795,0.20894,0.20861,0.21157,0.20203,0.03626,0.04054,0.03955,0.03363,0.03791,-52.30732,-2173.00000
0.24084,0.23262,0.23952,0.23196,0.23821,0.20466,0.21387,0.20663,0.20894,0.20762,0.03429,0.03791,0.03561,0.03922,0.03429,-52.93344,-2172.00000
0.23821,0.23722,0.23887,0.23920,0.24018,0.20828,0.20762,0.20631,0.21058,0.20565,0.03528,0.03626,0.03758,0.03593,0.03626,-52.93344,-2171.00000
0.23952,0.23689,0.23624,0.23821,0.24084,0.20598,0.20631,0.20729,0.20696,0.20927,0.03561,0.03758,0.03692,0.03429,0.03659,-53.09758,-2170.00000
0.23656,0.23525,0.24051,0.23360,0.24150,0.21058,0.20565,0.21354,0.20992,0.20433,0.03626,0.04021,0.04120,0.03758,0.03528,-53.09758,-2169.00000
0.23656,0.23459,0.23722,0.23920,0.23624,0.20433,0.20433,0.20565,0.20433,0.20795,0.03889,0.04087,0.03692,0.04021,0.03889,-53.63131,-2168.00000
0.23656,0.24248,0.23854,0.24051,0.23591,0.20729,0.20795,0.20762,0.20433,0.20367,0.03791,0.03659,0.03758,0.03199,0.03528,-53.63131,-2167.00000
0.23689,0.23624,0.23656,0.23689,0.23624,0.20433,0.20598,0.20959,0.20992,0.20795,0.03528,0.04087,0.03824,0.03626,0.03791,-54.16917,-2166.00000
0.23920,0.24150,0.23854,0.23591,0.23788,0.20269,0.20729,0.20927,0.20729,0.20598,0.04317,0.03857,0.03725,0.03626,0.04284,-54.16917,-2165.00000
0.23492,0.24281,0.23722,0.23459,0.23887,0.20631,0.21025,0.20927,0.20631,0.20565,0.03495,0.03626,0.03955,0.03922,0.04021,-54.09386,-2164.00000
0.23624,0.24018,0.24248,0.23591,0.23163,0.20795,0.20532,0.20828,0.20565,0.21354,0.03955,0.03561,0.04120,0.03955,0.03857,-54.09386,-2163.00000
0.24018,0.23722,0.23492,0.23492,0.23788,0.20565,0.20631,0.20532,0.20795,0.20335,0.03626,0.03988,0.03955,0.03725,0.03363,-54.10015,-2162.00000
0.23196,0.24314,0.24150,0.23887,0.24544,0.21190,0.20663,0.20861,0.21255,0.20400,0.03725,0.03955,0.03725,0.03396,0.04054,-54.10015,-2161.00000
0.23656,0.23656,0.24018,0.24314,0.23788,0.20499,0.20663,0.20696,0.20499,0.20828,0.04087,0.03265,0.03462,0.03593,0.03955,-53.87625,-2160.00000
0.23985,0.23854,0.24051,0.23887,0.24084,0.21255,0.20992,0.20598,0.20367,0.20598,0.03725,0.03725,0.03758,0.03791,0.03561,-53.87625,-2159.00000
0.23952,0.23689,0.23920,0.23393,0.24281,0.20598,0.20302,0.20729,0.20959,0.20927,0.03857,0.03725,0.03199,0.03824,0.04185,-52.69740,-2158.00000
0.23689,0.23459,0.24150,0.23689,0.23854,0.20795,0.20663,0.20861,0.20400,0.20466,0.03857,0.03791,0.03659,0.03692,0.03659,-52.69740,-2157.00000
0.23525,0.23492,0.23328,0.24413,0.23624,0.20959,0.21058,0.20663,0.20631,0.21190,0.04350,0.04021,0.03824,0.03922,0.03593,-53.23347,-2156.00000
0.23755,0.23624,0.23328,0.23459,0.23426,0.20499,0.20532,0.20927,0.20302,0.20335,0.03955,0.04120,0.03725,0.03824,0.03857,-53.23347,-2155.00000
0.23360,0.23393,0.23558,0.23064,0.24051,0.20367,0.20828,0.20006,0.20696,0.20532,0.03725,0.03495,0.03791,0.03922,0.04120,-52.56644,-2154.00000
0.23887,0.23755,0.23952,0.24117,0.24051,0.20367,0.20927,0.20861,0.20400,0.20631,0.03725,0.03725,0.03692,0.04218,0.03758,-52.56644,-2153.00000
0.23821,0.23295,0.23624,0.23558,0.23163,0.20466,0.20565,0.20894,0.20828,0.20861,0.03561,0.03659,0.03758,0.03857,0.03692,-52.11574,-2152.00000
0.22834,0.24183,0.23952,0.24281,0.24051,0.20367,0.20038,0.20466,0.20795,0.21058,0.03626,0.03725,0.03659,0.04054,0.03791,-52.11574,-2151.00000
0.23492,0.23130,0.23492,0.23492,0.23656,0.20828,0.20927,0.20762,0.20729,0.20302,0.03495,0.03429,0.03758,0.03626,0.03922,-51.72926,-2150.00000
0.23722,0.23459,0.22999,0.23887,0.23854,0.20696,0.21091,0.20663,0.20729,0.20433,0.03462,0.03561,0.03626,0.03429,0.03857,-51.72926,-2149.00000
0.23887,0.24281,0.23591,0.24577,0.23492,0.20729,0.21025,0.20927,0.20466,0.20433,0.04021,0.03330,0.03659,0.03725,0.03791,-51.25281,-2148.00000
0.23788,0.23492,0.23788,0.23525,0.23591,0.20269,0.20433,0.20598,0.20631,0.21058,0.03824,0.03857,0.03988,0.03232,0.03363,-51.25281,-2147.00000
0.23689,0.23722,0.23624,0.24347,0.23558,0.20532,0.20367,0.20795,0.20894,0.20959,0.03725,0.03758,0.03561,0.03725,0.03561,-52.02289,-2146.00000
0.23262,0.23624,0.23328,0.23525,0.23689,0.20828,0.20696,0.20795,0.20729,0.21190,0.03758,0.03462,0.03429,0.03725,0.03659,-52.02289,-2145.00000
0.23328,0.23591,0.23591,0.23624,0.23821,0.20499,0.20762,0.20663,0.20565,0.20433,0.03824,0.03922,0.03988,0.03988,0.03725,-52.08566,-2144.00000
0.24084,0.24018,0.23689,0.23558,0.23591,0.20927,0.20762,0.20302,0.20598,0.21025,0.03561,0.03692,0.03758,0.03857,0.03725,-52.08566,-2143.00000
0.23295,0.23952,0.23360,0.23854,0.24018,0.20729,0.20335,0.20302,0.20499,0.20598,0.03495,0.03692,0.03988,0.03824,0.03659,-52.33434,-2142.00000
0.23854,0.24216,0.23591,0.23722,0.23755,0.20598,0.20729,0.20861,0.20729,0.20631,0.03626,0.03561,0.03824,0.03166,0.03889,-52.33434,-2141.00000
0.23360,0.23459,0.23492,0.24544,0.23689,0.20696,0.20927,0.20433,0.20894,0.20565,0.03626,0.04054,0.03659,0.03758,0.03429,-53.32293,-2140.00000
0.23196,0.23328,0.23689,0.23788,0.23755,0.20203,0.20532,0.20795,0.21058,0.20828,0.04185,0.03528,0.04350,0.03363,0.03528,-53.32293,-2139.00000
0.23492,0.23624,0.22867,0.23689,0.23492,0.20762,0.20565,0.20335,0.21157,0.20663,0.03922,0.03889,0.03561,0.03528,0.03692,-53.17270,-2138.00000
0.23558,0.23525,0.23952,0.24117,0.23393,0.20565,0.20894,0.20532,0.20499,0.20795,0.04218,0.04153,0.03922,0.03593,0.03725,-53.17270,-2137.00000
0.23985,0.23624,0.23229,0.23558,0.23624,0.20302,0.20598,0.20631,0.20335,0.20861,0.03725,0.03857,0.03857,0.03988,0.03791,-53.52971,-2136.00000
0.23525,0.23591,0.24018,0.23328,0.23558,0.20861,0.20137,0.20400,0.20236,0.20466,0.03725,0.04021,0.03626,0.03758,0.03659,-53.52971,-2135.00000
0.23887,0.24183,0.23558,0.23755,0.23328,0.20466,0.20269,0.20663,0.20631,0.20367,0.03429,0.03758,0.03561,0.03857,0.03396,-53.08810,-2134.00000
0.24051,0.23755,0.23229,0.23558,0.23722,0.20367,0.20433,0.20532,0.21025,0.21157,0.03495,0.03857,0.03593,0.03725,0.03528,-53.08810,-2133.00000
0.23689,0.23426,0.23591,0.23788,0.23689,0.20532,0.20959,0.21157,0.20598,0.21091,0.03922,0.03922,0.03692,0.04185,0.03955,-53.35313,-2132.00000
0.23821,0.24117,0.23656,0.23854,0.23360,0.21058,0.20400,0.20631,0.21255,0.20696,0.03593,0.03297,0.03791,0.03824,0.03824,-53.35313,-2131.00000
0.23130,0.24018,0.24380,0.23591,0.23854,0.20663,0.20762,0.20466,0.20433,0.20269,0.03922,0.03265,0.03725,0.03988,0.03857,-53.64190,-2130.00000
0.23163,0.24084,0.23854,0.23624,0.23591,0.20532,0.20302,0.20828,0.20499,0.20894,0.03889,0.03725,0.03659,0.04021,0.03561,-53.64190,-2129.00000
0.23163,0.24051,0.23755,0.23656,0.23097,0.20302,0.20927,0.20335,0.21288,0.20400,0.03528,0.03495,0.03626,0.03593,0.03626,-53.98159,-2128.00000
0.23788,0.23887,0.24018,0.23689,0.23525,0.20894,0.20367,0.20598,0.20532,0.20729,0.03429,0.03692,0.03758,0.03725,0.03692,-53.98159,-2127.00000
0.23821,0.23558,0.23426,0.24281,0.23328,0.20565,0.20762,0.20762,0.20565,0.20631,0.03725,0.03495,0.03528,0.03626,0.03330,-53.10652,-2126.00000
0.23952,0.23393,0.23591,0.23229,0.23624,0.20696,0.20927,0.20499,0.20433,0.20433,0.04153,0.03922,0.03758,0.03528,0.03692,-53.10652,-2125.00000
0.24084,0.23821,0.23887,0.23426,0.24150,0.20499,0.20894,0.20828,0.20729,0.20729,0.03758,0.03857,0.03429,0.03955,0.03626,-52.67142,-2124.00000
0.24544,0.23459,0.23920,0.23591,0.23722,0.20565,0.20236,0.21124,0.20828,0.20696,0.03889,0.03758,0.03692,0.03429,0.03857,-52.67142,-2123.00000
0.23624,0.23920,0.23624,0.23426,0.23854,0.20992,0.20729,0.20762,0.20466,0.20959,0.03593,0.03659,0.03462,0.03330,0.03528,-51.61647,-2122.00000
0.24051,0.23755,0.23821,0.23985,0.23426,0.20861,0.20433,0.20861,0.20795,0.20861,0.03462,0.03659,0.03692,0.03791,0.03922,-51.61647,-2121.00000
0.23624,0.23755,0.24380,0.23130,0.23887,0.20894,0.21157,0.20861,0.20959,0.20663,0.03692,0.03791,0.03561,0.03659,0.03495,-51.39417,-2120.00000
0.23525,0.23854,0.23854,0.23920,0.23656,0.21157,0.20565,0.21255,0.20795,0.20927,0.03659,0.04087,0.03528,0.03692,0.03692,-51.39417,-2119.00000
0.23558,0.23755,0.24183,0.24117,0.23656,0.20762,0.20269,0.20795,0.21190,0.20532,0.03824,0.03429,0.03626,0.03626,0.03561,-51.76642,-2118.00000
0.23295,0.23952,0.23821,0.23821,0.23328,0.20894,0.21124,0.21025,0.20236,0.20795,0.03561,0.03857,0.03692,0.03626,0.03758,-51.76642,-2117.00000
0.23821,0.23492,0.23788,0.23624,0.23854,0.20203,0.20828,0.20137,0.20532,0.20631,0.03692,0.03889,0.03363,0.03758,0.03495,-50.13370,-2116.00000
0.24347,0.23459,0.24051,0.23360,0.23591,0.20992,0.20663,0.20992,0.20565,0.20663,0.03626,0.03659,0.03561,0.03561,0.03692,-50.13370,-2115.00000
0.23591,0.23328,0.24051,0.23689,0.23920,0.20499,0.20795,0.20433,0.20631,0.20466,0.03922,0.03528,0.03889,0.03626,0.03725,-48.82173,-2114.00000
0.23558,0.23689,0.24216,0.23459,0.24347,0.20466,0.20400,0.20729,0.20959,0.20729,0.03626,0.03824,0.04054,0.03725,0.03758,-48.82173,-2113.00000
0.24150,0.23064,0.23952,0.23722,0.24051,0.20663,0.20959,0.21190,0.21288,0.20663,0.03528,0.03725,0.03758,0.03857,0.03462,-47.60178,-2112.00000
0.24150,0.23426,0.24084,0.23920,0.23558,0.20762,0.20927,0.20992,0.20861,0.20696,0.03758,0.03528,0.03692,0.03626,0.03889,-47.60178,-2111.00000
0.23360,0.23328,0.23624,0.23328,0.23689,0.20696,0.20762,0.20861,0.20729,0.20631,0.04021,0.03659,0.03528,0.03626,0.03824,-47.54357,-2110.00000
0.24281,0.23854,0.23393,0.23985,0.24051,0.20236,0.20894,0.21190,0.20696,0.20696,0.03363,0.03889,0.03330,0.03429,0.03824,-47.54357,-2109.00000
0.23591,0.23196,0.23262,0.23722,0.23788,0.20598,0.20499,0.20795,0.20696,0.20861,0.03725,0.03528,0.03725,0.03199,0.03922,-48.99883,-2108.00000
0.23196,0.23393,0.24413,0.23689,0.23722,0.20565,0.20631,0.20762,0.20729,0.20038,0.03495,0.03593,0.03429,0.03692,0.03495,-48.99883,-2107.00000
0.23097,0.23393,0.23558,0.24183,0.23952,0.20663,0.21157,0.20992,0.20532,0.20170,0.03528,0.03593,0.03593,0.04054,0.03659,-50.24405,-2106.00000
0.23985,0.23558,0.23624,0.23262,0.23689,0.20729,0.20992,0.20203,0.20828,0.20269,0.03659,0.03396,0.03659,0.03593,0.03857,-50.24405,-2105.00000
0.23920,0.23558,0.23525,0.23426,0.23393,0.20729,0.20203,0.20729,0.20367,0.20598,0.03561,0.04021,0.03429,0.03725,0.03922,-51.67720,-2104.00000
0.24117,0.23985,0.23360,0.24117,0.23854,0.20499,0.20795,0.20729,0.20631,0.20565,0.03429,0.03593,0.04054,0.03725,0.03626,-51.67720,-2103.00000
0.23624,0.23558,0.23656,0.23821,0.23854,0.21157,0.21091,0.20762,0.20170,0.20466,0.03791,0.03791,0.03495,0.03791,0.03692,-52.76975,-2102.00000
0.23624,0.23985,0.23558,0.23591,0.23985,0.20598,0.20795,0.20795,0.20663,0.20466,0.03857,0.03561,0.03593,0.03692,0.04251,-52.76975,-2101.00000
0.23952,0.23328,0.23558,0.23952,0.23163,0.20532,0.20828,0.20565,0.20499,0.21091,0.03495,0.03889,0.03791,0.03396,0.03593,-52.72765,-2100.00000
0.24018,0.23393,0.23821,0.23558,0.23656,0.20795,0.20367,0.20663,0.20466,0.20598,0.03824,0.03988,0.03758,0.03561,0.03692,-52.72765,-2099.00000
0.23854,0.23854,0.23328,0.23920,0.23788,0.20598,0.20663,0.20762,0.20598,0.20400,0.04054,0.03725,0.03659,0.03561,0.03758,-53.31207,-2098.00000
0.23788,0.23624,0.23656,0.24018,0.23525,0.20927,0.20631,0.20828,0.20663,0.20795,0.03922,0.03922,0.03857,0.03495,0.03758,-53.31207,-2097.00000
0.23229,0.23689,0.23656,0.23591,0.23492,0.20565,0.20433,0.20631,0.20433,0.20631,0.03626,0.03824,0.03725,0.03758,0.03725,-53.62137,-2096.00000
0.23295,0.23788,0.23624,0.24183,0.24248,0.20663,0.20466,0.20729,0.21321,0.20992,0.04185,0.03363,0.03725,0.03561,0.03593,-53.62137,-2095.00000
0.23426,0.23591,0.23459,0.23821,0.23788,0.20828,0.20499,0.20894,0.20959,0.20400,0.04153,0.03725,0.03528,0.04021,0.03824,-53.91029,-2094.00000
0.24150,0.23920,0.23624,0.23624,0.23755,0.20466,0.20729,0.20565,0.20532,0.20861,0.03824,0.03824,0.03725,0.03561,0.03626,-53.91029,-2093.00000
0.23196,0.23624,0.23887,0.23656,0.23722,0.20959,0.20696,0.20631,0.20532,0.20795,0.03725,0.03692,0.03561,0.03659,0.03330,-53.67878,-2092.00000
0.23229,0.23887,0.23426,0.23558,0.23624,0.20631,0.20894,0.20565,0.20631,0.20400,0.03593,0.03626,0.03396,0.03528,0.03758,-53.67878,-2091.00000
0.23920,0.23821,0.23262,0.23689,0.23295,0.21157,0.20367,0.20663,0.20959,0.20762,0.03889,0.03495,0.03857,0.03626,0.03626,-53.55814,-2090.00000
0.23492,0.24051,0.24018,0.23689,0.23656,0.20828,0.20959,0.20565,0.20828,0.20861,0.03297,0.03330,0.03791,0.03462,0.03495,-53.55814,-2089.00000
0.24018,0.23656,0.23985,0.24084,0.23262,0.20598,0.20335,0.20565,0.20696,0.20729,0.03857,0.03889,0.03495,0.03758,0.03593,-53.50514,-2088.00000
0.23624,0.23295,0.23689,0.23722,0.23722,0.20696,0.21058,0.20861,0.21025,0.20367,0.03396,0.03857,0.03396,0.03626,0.04087,-53.50514,-2087.00000
0.24150,0.23558,0.23952,0.23689,0.23624,0.20894,0.20598,0.20466,0.20992,0.20696,0.03626,0.03692,0.03725,0.03758,0.03429,-53.15394,-2086.00000
0.23755,0.23722,0.23525,0.23558,0.23985,0.20631,0.21025,0.20894,0.21091,0.20565,0.04185,0.03626,0.03561,0.03561,0.03561,-53.15394,-2085.00000
0.23656,0.23755,0.23722,0.23459,0.24117,0.20335,0.20663,0.20795,0.20499,0.20466,0.03528,0.03462,0.03462,0.04153,0.03758,-52.32892,-2084.00000
0.23887,0.23393,0.23624,0.24347,0.23821,0.20992,0.20499,0.20433,0.20696,0.20861,0.03659,0.03626,0.03528,0.03495,0.03692,-52.32892,-2083.00000
0.23624,0.23722,0.23755,0.23295,0.23821,0.20598,0.20532,0.20499,0.20894,0.20367,0.03659,0.03857,0.04021,0.03692,0.03692,-51.86026,-2082.00000
0.23722,0.23689,0.23624,0.24183,0.23821,0.20104,0.20203,0.20696,0.20236,0.20499,0.03791,0.03330,0.03758,0.03659,0.03626,-51.86026,-2081.00000
0.23985,0.23656,0.24018,0.23854,0.23920,0.20631,0.20795,0.20762,0.20762,0.20499,0.03626,0.03528,0.03626,0.03528,0.03561,-51.68208,-2080.00000
0.23459,0.23624,0.23920,0.24084,0.23426,0.20663,0.20466,0.20598,0.20663,0.20598,0.03758,0.03462,0.03396,0.03725,0.03857,-51.68208,-2079.00000
0.24018,0.23656,0.24216,0.24051,0.24084,0.20894,0.20532,0.20499,0.20894,0.20861,0.03692,0.03791,0.03659,0.03988,0.03692,-51.60764,-2078.00000
0.23821,0.23788,0.23262,0.23821,0.22999,0.21321,0.20532,0.20696,0.20894,0.20532,0.03561,0.04153,0.03495,0.03429,0.04054,-51.60764,-2077.00000
0.23360,0.23360,0.23722,0.23788,0.23755,0.20795,0.20861,0.20696,0.20400,0.20400,0.04087,0.03429,0.03495,0.03725,0.04087,-51.80724,-2076.00000
0.23920,0.23459,0.24018,0.23689,0.23328,0.20335,0.20696,0.20598,0.20302,0.20433,0.03659,0.03889,0.03692,0.03626,0.03593,-51.80724,-2075.00000
0.23328,0.24018,0.23788,0.23328,0.23229,0.20762,0.20367,0.20203,0.20894,0.21025,0.04120,0.03725,0.03495,0.03824,0.03692,-52.16827,-2074.00000
0.23689,0.23591,0.23821,0.23920,0.23558,0.20203,0.20532,0.20762,0.20696,0.20729,0.03561,0.03659,0.03396,0.03495,0.03955,-52.16827,-2073.00000
0.23689,0.23821,0.24248,0.23591,0.23064,0.20466,0.20532,0.20532,0.20927,0.20663,0.03725,0.03857,0.03561,0.03561,0.03626,-52.30240,-2072.00000
0.23788,0.23887,0.22966,0.23525,0.24281,0.20499,0.20762,0.20137,0.20861,0.20499,0.03528,0.03593,0.03626,0.03758,0.04021,-52.30240,-2071.00000
0.23591,0.23591,0.23722,0.23854,0.23459,0.20729,0.20828,0.20729,0.20927,0.20959,0.03889,0.03922,0.03824,0.03561,0.03955,-52.23518,-2070.00000
0.23130,0.23722,0.23821,0.23656,0.24150,0.20631,0.20466,0.20565,0.20137,0.21157,0.03824,0.03561,0.03857,0.04021,0.03561,-52.23518,-2069.00000
0.23295,0.23722,0.23558,0.23887,0.23229,0.20729,0.20631,0.20466,0.20466,0.21091,0.03626,0.03626,0.03758,0.03462,0.03495,-52.70451,-2068.00000
0.23788,0.23360,0.23492,0.23952,0.23459,0.20861,0.20696,0.20466,0.20598,0.20400,0.03593,0.03429,0.03725,0.03922,0.03528,-52.70451,-2067.00000
0.23920,0.23887,0.23558,0.23854,0.23130,0.20992,0.20433,0.20795,0.20367,0.20828,0.03725,0.03889,0.03561,0.04054,0.03857,-53.22725,-2066.00000
0.23360,0.23887,0.24281,0.23525,0.23163,0.20302,0.20532,0.20335,0.20795,0.20006,0.03758,0.03758,0.03626,0.03659,0.03791,-53.22725,-2065.00000
0.23788,0.22637,0.23985,0.24117,0.23755,0.20565,0.21223,0.20729,0.20565,0.20499,0.04021,0.03791,0.03495,0.03955,0.03758,-54.04038,-2064.00000
0.23854,0.24183,0.23755,0.23064,0.24150,0.20894,0.20565,0.20927,0.20565,0.20433,0.03659,0.03561,0.03528,0.03363,0.03626,-54.04038,-2063.00000
0.23426,0.23854,0.24051,0.24051,0.23295,0.20828,0.20433,0.20400,0.21420,0.20269,0.03758,0.03889,0.03593,0.03659,0.03824,-53.63152,-2062.00000
0.23920,0.23393,0.23755,0.23558,0.24051,0.20170,0.20598,0.20532,0.21354,0.20959,0.03659,0.03659,0.03824,0.03889,0.03593,-53.63152,-2061.00000
0.24183,0.23328,0.23755,0.23722,0.23821,0.20828,0.20729,0.20992,0.20894,0.20795,0.03561,0.03692,0.03692,0.03199,0.03889,-54.07650,-2060.00000
0.23459,0.23887,0.23985,0.23262,0.23360,0.20433,0.21091,0.20532,0.20959,0.20466,0.03265,0.03824,0.03758,0.03955,0.03791,-54.07650,-2059.00000
0.23525,0.23656,0.23755,0.23821,0.23459,0.20565,0.20433,0.20236,0.20466,0.20598,0.03758,0.03462,0.03067,0.03561,0.03528,-54.13298,-2058.00000
0.23360,0.24248,0.23393,0.23328,0.23952,0.20269,0.20598,0.20532,0.20203,0.20565,0.03429,0.03791,0.03857,0.03495,0.03626,-54.13298,-2057.00000
0.24281,0.23821,0.23032,0.23656,0.23985,0.20663,0.20696,0.20631,0.20861,0.20499,0.03692,0.03889,0.03626,0.03495,0.03824,-53.45565,-2056.00000
0.23788,0.23952,0.23920,0.23920,0.23360,0.20598,0.20663,0.20663,0.20795,0.20598,0.03791,0.03330,0.03758,0.03265,0.03692,-53.45565,-2055.00000
0.23920,0.23624,0.24018,0.23887,0.23920,0.20729,0.20828,0.20729,0.20565,0.20532,0.03922,0.03528,0.03528,0.03659,0.03626,-53.65165,-2054.00000
0.23755,0.23393,0.23591,0.23360,0.23295,0.20828,0.20532,0.20696,0.20631,0.20532,0.03462,0.03626,0.03725,0.03692,0.03758,-53.65165,-2053.00000
0.24150,0.23821,0.23887,0.23952,0.23360,0.20367,0.20565,0.20302,0.20927,0.20631,0.03265,0.03692,0.03692,0.03725,0.03692,-52.62417,-2052.00000
0.24084,0.24117,0.22341,0.23952,0.23887,0.20795,0.20631,0.20927,0.20170,0.20696,0.03528,0.03462,0.03593,0.03824,0.03462,-52.62417,-2051.00000
0.24281,0.23163,0.23229,0.23689,0.23492,0.20631,0.20631,0.20203,0.20367,0.21025,0.03462,0.03626,0.03462,0.03988,0.03889,-52.96247,-2050.00000
0.23459,0.23360,0.23788,0.23854,0.23262,0.21157,0.20433,0.20663,0.20861,0.20762,0.03626,0.03232,0.03626,0.03758,0.03330,-52.96247,-2049.00000
0.23328,0.23689,0.23492,0.24183,0.23887,0.21124,0.20631,0.20598,0.21157,0.20598,0.04185,0.03725,0.03725,0.03857,0.03922,-52.47977,-2048.00000
0.23459,0.24643,0.23558,0.23064,0.24051,0.21190,0.21387,0.20729,0.20499,0.20729,0.03955,0.03988,0.03429,0.03561,0.03626,-52.47977,-2047.00000
0.23920,0.23360,0.24314,0.23624,0.22999,0.20137,0.20696,0.20532,0.21025,0.20795,0.03758,0.03824,0.03791,0.03791,0.03330,-51.55727,-2046.00000
0.23722,0.23887,0.23360,0.24610,0.23295,0.20499,0.20532,0.20137,0.20828,0.20598,0.03462,0.03265,0.03528,0.03462,0.03593,-51.55727,-2045.00000
0.23558,0.23821,0.23591,0.23755,0.23163,0.20762,0.20236,0.20565,0.20598,0.20631,0.03528,0.03725,0.03528,0.03495,0.03725,-51.49885,-2044.00000
0.24051,0.23459,0.23689,0.23624,0.23854,0.20302,0.20367,0.20598,0.20696,0.20795,0.03791,0.03857,0.03791,0.03758,0.03659,-51.49885,-2043.00000
0.23591,0.23295,0.23920,0.24018,0.24281,0.20631,0.20335,0.21025,0.20762,0.20927,0.03692,0.03725,0.03330,0.03889,0.03758,-51.46232,-2042.00000
0.23952,0.23426,0.23393,0.23459,0.23360,0.20992,0.20598,0.20400,0.20335,0.20499,0.03561,0.03495,0.03593,0.03758,0.03396,-51.46232,-2041.00000
0.23689,0.23295,0.23130,0.23952,0.23492,0.20071,0.20499,0.20598,0.20532,0.20367,0.03857,0.03561,0.03396,0.03429,0.03857,-51.64668,-2040.00000
0.24018,0.23426,0.24183,0.23492,0.24018,0.20959,0.20499,0.20367,0.20170,0.20663,0.03659,0.03889,0.03593,0.03593,0.03495,-51.64668,-2039.00000
0.23788,0.23492,0.23755,0.23360,0.23755,0.20631,0.20038,0.20927,0.20959,0.20729,0.03561,0.03396,0.03297,0.03495,0.03593,-52.60557,-2038.00000
0.23722,0.23492,0.24018,0.23821,0.23591,0.20729,0.20532,0.20795,0.20367,0.20499,0.03528,0.03692,0.03528,0.03824,0.03692,-52.60557,-2037.00000
0.23689,0.23788,0.23229,0.22768,0.23952,0.21091,0.20466,0.20762,0.20565,0.20466,0.03725,0.03889,0.03626,0.03528,0.03265,-53.29253,-2036.00000
0.23032,0.24281,0.23163,0.23689,0.23755,0.20038,0.20466,0.20367,0.21091,0.20992,0.03626,0.03626,0.03528,0.03363,0.03561,-53.29253,-2035.00000
0.23821,0.23459,0.23755,0.23328,0.23393,0.21157,0.20992,0.20466,0.20861,0.20861,0.03725,0.02968,0.03561,0.03659,0.03659,-53.48953,-2034.00000
0.23821,0.24117,0.23755,0.23492,0.23064,0.20433,0.20696,0.20302,0.20466,0.20894,0.03561,0.03166,0.03528,0.03659,0.03528,-53.48953,-2033.00000
0.23722,0.23492,0.23525,0.23295,0.24479,0.20532,0.20795,0.20631,0.20598,0.20367,0.03593,0.03626,0.03199,0.03330,0.03725,-53.84926,-2032.00000
0.23558,0.23525,0.24281,0.23360,0.24117,0.20861,0.20696,0.20696,0.20466,0.21091,0.03297,0.03561,0.03659,0.03396,0.03429,-53.84926,-2031.00000
0.23887,0.23689,0.23854,0.23426,0.23459,0.20532,0.20203,0.20663,0.20894,0.20532,0.03626,0.03528,0.03265,0.04021,0.03199,-53.87775,-2030.00000
0.24216,0.23525,0.23689,0.23624,0.23755,0.20729,0.20532,0.20663,0.20269,0.20762,0.03758,0.03363,0.03528,0.03495,0.04054,-53.87775,-2029.00000
0.23328,0.23788,0.23689,0.23920,0.23558,0.20170,0.20400,0.20894,0.21124,0.20598,0.03593,0.03561,0.03626,0.03232,0.03725,-53.55997,-2028.00000
0.23755,0.24183,0.23854,0.23426,0.23558,0.20400,0.20795,0.21058,0.20137,0.20565,0.03528,0.03330,0.03626,0.03692,0.03791,-53.55997,-2027.00000
0.23525,0.23360,0.23722,0.23821,0.23492,0.20663,0.20466,0.20137,0.20335,0.20959,0.03330,0.03429,0.03889,0.03429,0.03988,-52.76387,-2026.00000
0.23821,0.23887,0.24051,0.23525,0.23887,0.20631,0.20729,0.20861,0.20696,0.20992,0.03791,0.03692,0.03725,0.03495,0.03725,-52.76387,-2025.00000
0.23788,0.23591,0.23656,0.23788,0.23788,0.20302,0.20828,0.20565,0.20203,0.20367,0.03528,0.03528,0.03692,0.03758,0.03429,-52.37559,-2024.00000
0.23097,0.23887,0.22933,0.24248,0.23360,0.20927,0.20269,0.20631,0.20696,0.20367,0.03725,0.03593,0.03659,0.03166,0.03593,-52.37559,-2023.00000
0.23525,0.23558,0.23624,0.23393,0.23459,0.20104,0.20433,0.20367,0.20598,0.20795,0.03429,0.03659,0.03922,0.03561,0.03593,-49.52276,-2022.00000
0.24413,0.23591,0.23920,0.23459,0.23887,0.20598,0.20992,0.20532,0.20663,0.20959,0.03199,0.03363,0.03692,0.03626,0.03133,-49.52276,-2021.00000
0.23558,0.23360,0.23393,0.23426,0.23656,0.20729,0.20466,0.20795,0.21025,0.19907,0.03561,0.03922,0.03593,0.03396,0.03758,-48.04019,-2020.00000
0.23196,0.24084,0.23558,0.23426,0.23755,0.20696,0.20367,0.20631,0.20696,0.21190,0.03626,0.03659,0.03857,0.03922,0.03429,-48.04019,-2019.00000
0.22768,0.23328,0.23591,0.23525,0.23328,0.20269,0.20499,0.20894,0.20894,0.20598,0.03922,0.03824,0.03692,0.03857,0.03528,-48.31697,-2018.00000
0.23426,0.23591,0.23393,0.23656,0.23656,0.20071,0.20499,0.20532,0.20433,0.20762,0.03824,0.03495,0.03791,0.03330,0.03626,-48.31697,-2017.00000
0.23821,0.23689,0.23788,0.23492,0.23558,0.20663,0.20532,0.20894,0.20203,0.20861,0.03659,0.03593,0.03429,0.03659,0.03067,-49.43436,-2016.00000
0.23262,0.24018,0.23952,0.23459,0.23952,0.20598,0.20696,0.20335,0.20729,0.20696,0.03659,0.03626,0.03692,0.03396,0.03659,-49.43436,-2015.00000
0.23558,0.23952,0.23985,0.23920,0.23821,0.20532,0.20236,0.20302,0.20302,0.20729,0.03659,0.03692,0.03330,0.03561,0.03692,-50.11757,-2014.00000
0.23887,0.23722,0.23426,0.23492,0.23854,0.20828,0.20861,0.20828,0.20795,0.20696,0.03561,0.03363,0.03297,0.03495,0.03495,-50.11757,-2013.00000
0.24216,0.23032,0.23755,0.23393,0.23952,0.20959,0.20663,0.20499,0.20236,0.20170,0.03232,0.03593,0.03659,0.03495,0.03429,-51.08418,-2012.00000
0.23854,0.22999,0.23492,0.23459,0.24018,0.20795,0.20433,0.20565,0.20400,0.20729,0.03495,0.03626,0.03955,0.03659,0.03133,-51.08418,-2011.00000
0.23130,0.23558,0.23952,0.23624,0.23295,0.20598,0.20598,0.20565,0.20696,0.20400,0.03791,0.04120,0.03692,0.03659,0.03758,-51.04502,-2010.00000
0.23624,0.23887,0.23722,0.23032,0.23854,0.20335,0.20663,0.20959,0.20335,0.20400,0.03265,0.03659,0.03791,0.03495,0.03396,-51.04502,-2009.00000
0.23328,0.23393,0.23788,0.23722,0.23887,0.20927,0.20894,0.20400,0.20400,0.20433,0.03626,0.03857,0.03626,0.03232,0.03692,-51.29643,-2008.00000
0.23755,0.23032,0.23492,0.24018,0.23393,0.20236,0.20137,0.20499,0.20565,0.20729,0.03462,0.03462,0.03593,0.03528,0.03133,-51.29643,-2007.00000
0.24183,0.23064,0.24117,0.23558,0.23492,0.20335,0.20170,0.20762,0.20927,0.20236,0.03232,0.03429,0.03659,0.03199,0.03330,-51.59548,-2006.00000
0.23624,0.24117,0.23887,0.23722,0.23558,0.20828,0.20400,0.20631,0.20302,0.20861,0.03889,0.03330,0.03297,0.03396,0.03429,-51.59548,-2005.00000
0.23558,0.23656,0.22768,0.23887,0.23459,0.21255,0.20433,0.20729,0.20696,0.20433,0.03758,0.03528,0.03495,0.03791,0.03824,-52.36757,-2004.00000
0.23328,0.23624,0.23393,0.23229,0.23920,0.20532,0.20532,0.20795,0.20598,0.20762,0.03462,0.03363,0.03462,0.03462,0.03593,-52.36757,-2003.00000
0.23591,0.23689,0.23952,0.23459,0.24117,0.20598,0.21157,0.20762,0.20762,0.20532,0.03922,0.03857,0.03626,0.03199,0.03758,-53.13935,-2002.00000
0.23328,0.23887,0.23952,0.24248,0.23755,0.20696,0.20170,0.20861,0.20861,0.20927,0.03824,0.03561,0.03396,0.03758,0.03593,-53.13935,-2001.00000
0.23755,0.24150,0.23163,0.24150,0.24084,0.20499,0.20466,0.21321,0.20762,0.20532,0.03692,0.03199,0.03297,0.03626,0.03955,-53.70835,-2000.00000
0.23656,0.24281,0.23591,0.23426,0.23755,0.20236,0.20861,0.20203,0.21025,0.21025,0.04185,0.03429,0.03758,0.03462,0.03561,-53.70835,-1999.00000
0.23426,0.23295,0.23492,0.24084,0.23656,0.20959,0.20565,0.20795,0.20006,0.20696,0.03166,0.03593,0.03330,0.03363,0.03528,-54.28093,-1998.00000
0.23887,0.23262,0.23624,0.24051,0.23459,0.20729,0.20696,0.20466,0.20828,0.20663,0.03363,0.03330,0.03659,0.03462,0.03561,-54.28093,-1997.00000
0.23393,0.23952,0.23952,0.23689,0.23952,0.20532,0.20367,0.20696,0.20532,0.20598,0.03429,0.03528,0.03561,0.03692,0.03528,-54.02279,-1996.00000
0.23097,0.23393,0.24248,0.23328,0.23525,0.20598,0.20631,0.20795,0.20565,0.20762,0.03659,0.03626,0.03659,0.03593,0.03692,-54.02279,-1995.00000
0.23624,0.23262,0.23722,0.24084,0.23755,0.20269,0.20631,0.20236,0.20696,0.20828,0.03528,0.03791,0.03659,0.03495,0.03725,-54.71647,-1994.00000
0.23097,0.23492,0.23689,0.23196,0.23952,0.20631,0.20959,0.20400,0.21190,0.20335,0.03330,0.03528,0.03824,0.03528,0.03659,-54.71647,-1993.00000
0.24117,0.23492,0.23328,0.24150,0.23821,0.21255,0.20038,0.20729,0.20795,0.20795,0.03561,0.03462,0.03462,0.03791,0.03824,-54.14535,-1992.00000
0.23788,0.23426,0.23624,0.24216,0.23426,0.20927,0.20663,0.20828,0.20631,0.20663,0.03462,0.03692,0.03561,0.03988,0.03462,-54.14535,-1991.00000
0.23130,0.24084,0.23426,0.23262,0.23722,0.20729,0.20598,0.20696,0.20696,0.20696,0.03495,0.03626,0.03495,0.03725,0.03889,-53.55705,-1990.00000
0.23985,0.23755,0.23130,0.23952,0.23952,0.20499,0.20631,0.20828,0.20729,0.20203,0.03593,0.03363,0.03396,0.03626,0.03232,-53.55705,-1989.00000
0.23624,0.23854,0.23624,0.23492,0.23656,0.20696,0.20894,0.20828,0.20499,0.20598,0.03791,0.03363,0.03429,0.03889,0.03857,-53.10177,-1988.00000
0.24084,0.23689,0.23328,0.23196,0.23624,0.21124,0.20400,0.20663,0.20598,0.20499,0.03758,0.03626,0.03659,0.03791,0.03824,-53.10177,-1987.00000
0.23492,0.24216,0.22966,0.23262,0.23656,0.20071,0.20302,0.20663,0.20663,0.20466,0.03692,0.03626,0.03363,0.03692,0.03495,-52.19541,-1986.00000
0.23821,0.23196,0.23755,0.23295,0.23656,0.20598,0.20335,0.20663,0.20499,0.20696,0.03528,0.03626,0.03528,0.03561,0.03626,-52.19541,-1985.00000
0.23788,0.23459,0.23459,0.23656,0.23722,0.20433,0.20038,0.20795,0.20762,0.20532,0.03363,0.03659,0.03725,0.03955,0.03330,-52.05718,-1984.00000
0.23624,0.23492,0.23821,0.23722,0.23459,0.20959,0.20663,0.20927,0.20236,0.20663,0.03495,0.03692,0.03659,0.03396,0.03692,-52.05718,-1983.00000
0.24117,0.23624,0.23459,0.23887,0.24281,0.20598,0.20565,0.20532,0.20861,0.20631,0.03725,0.03955,0.03495,0.03725,0.03692,-51.62918,-1982.00000
0.22505,0.22999,0.23097,0.23624,0.23328,0.21025,0.20433,0.20598,0.20828,0.20598,0.03166,0.03692,0.03824,0.03495,0.03922,-51.62918,-1981.00000
0.23360,0.23952,0.23624,0.23492,0.23755,0.20795,0.20433,0.20631,0.20861,0.20400,0.03791,0.03363,0.03561,0.03363,0.03363,-51.80092,-1980.00000
0.23656,0.23097,0.23722,0.23262,0.24018,0.20894,0.20499,0.20466,0.20927,0.20565,0.03363,0.03561,0.03692,0.03824,0.03725,-51.80092,-1979.00000
0.23163,0.23722,0.23887,0.23558,0.23952,0.20663,0.20598,0.20367,0.20861,0.20499,0.03297,0.03265,0.03363,0.03626,0.03857,-51.60847,-1978.00000
0.24018,0.23295,0.23558,0.23689,0.23558,0.20992,0.21025,0.20894,0.20400,0.20499,0.03857,0.04185,0.03791,0.03528,0.03528,-51.60847,-1977.00000
0.22933,0.24051,0.23262,0.23689,0.23821,0.20466,0.20729,0.20729,0.20828,0.20466,0.03100,0.03363,0.03692,0.03495,0.03232,-51.65384,-1976.00000
0.23788,0.23360,0.23591,0.23558,0.23558,0.20696,0.20828,0.20466,0.20104,0.20400,0.02837,0.03495,0.03462,0.03429,0.03495,-51.65384,-1975.00000
0.23788,0.23591,0.23229,0.24183,0.23689,0.20795,0.20499,0.20992,0.20795,0.20302,0.03659,0.03593,0.03955,0.03626,0.03626,-52.03542,-1974.00000
0.23295,0.23887,0.23525,0.23130,0.23229,0.20631,0.20335,0.20335,0.20335,0.20598,0.03429,0.03561,0.03593,0.03659,0.03593,-52.03542,-1973.00000
0.23722,0.23426,0.23525,0.23854,0.23130,0.20861,0.20499,0.20927,0.20433,0.20762,0.03528,0.03330,0.03297,0.03758,0.03528,-52.20911,-1972.00000
0.23624,0.24248,0.23459,0.23788,0.23591,0.19973,0.20466,0.20927,0.20795,0.20696,0.03462,0.03462,0.03692,0.03528,0.03265,-52.20911,-1971.00000
0.23262,0.23558,0.23459,0.22472,0.23887,0.20959,0.20696,0.20663,0.20696,0.21025,0.03396,0.03593,0.03199,0.03232,0.03396,-52.84772,-1970.00000
0.23163,0.23985,0.23755,0.23558,0.23755,0.20400,0.20729,0.20861,0.20203,0.20433,0.03561,0.03626,0.03330,0.03330,0.03462,-52.84772,-1969.00000
0.24248,0.23689,0.23656,0.23393,0.23558,0.20335,0.20663,0.20335,0.20598,0.20400,0.03297,0.03363,0.03462,0.03857,0.03495,-53.22318,-1968.00000
0.23097,0.23755,0.23821,0.23525,0.23952,0.20828,0.20532,0.20729,0.20762,0.20663,0.03692,0.03528,0.03791,0.03363,0.03988,-53.22318,-1967.00000
0.23985,0.23262,0.23920,0.23755,0.24084,0.20729,0.20598,0.20532,0.20236,0.20367,0.03429,0.03133,0.03659,0.03791,0.03758,-53.81130,-1966.00000
0.23360,0.23854,0.23985,0.23624,0.23426,0.20598,0.20203,0.20335,0.20828,0.20663,0.03528,0.03593,0.03791,0.03528,0.03133,-53.81130,-1965.00000
0.23163,0.23360,0.23262,0.23459,0.23360,0.20729,0.20762,0.20795,0.20828,0.20466,0.03528,0.03955,0.03265,0.03725,0.03495,-54.06385,-1964.00000
0.24446,0.23229,0.23393,0.23788,0.23558,0.20104,0.20367,0.20170,0.20565,0.20631,0.03462,0.03626,0.03100,0.03528,0.03692,-54.06385,-1963.00000
0.24413,0.23328,0.23393,0.24314,0.23459,0.20302,0.20269,0.21025,0.20565,0.20631,0.03528,0.03495,0.03297,0.03659,0.03495,-54.72968,-1962.00000
0.23525,0.23624,0.23821,0.23130,0.23920,0.20269,0.20631,0.20631,0.20367,0.20400,0.03232,0.03166,0.03659,0.03199,0.03561,-54.72968,-1961.00000
0.23426,0.23591,0.23591,0.23262,0.23985,0.20959,0.20631,0.20400,0.20335,0.20663,0.03528,0.03166,0.03133,0.03528,0.03758,-53.84677,-1960.00000
0.23328,0.23624,0.23459,0.23262,0.23854,0.20499,0.20992,0.20631,0.19874,0.20894,0.03462,0.03330,0.03593,0.03133,0.03166,-53.84677,-1959.00000
0.23558,0.23130,0.24051,0.23130,0.23130,0.20598,0.20565,0.20762,0.20828,0.20598,0.03462,0.03495,0.03725,0.03363,0.03462,-53.69096,-1958.00000
0.23689,0.23492,0.24117,0.23492,0.23854,0.20433,0.20433,0.20696,0.20894,0.20631,0.03692,0.04054,0.03429,0.03561,0.03791,-53.69096,-1957.00000
0.23064,0.24084,0.23689,0.24051,0.23097,0.20367,0.20762,0.20565,0.20795,0.20565,0.03265,0.03462,0.03429,0.03561,0.03561,-53.25906,-1956.00000
0.23328,0.24084,0.23426,0.23656,0.23459,0.20927,0.20631,0.20729,0.20269,0.20137,0.03626,0.03265,0.03725,0.03396,0.03561,-53.25906,-1955.00000
0.22867,0.23952,0.23558,0.23788,0.23887,0.20367,0.21255,0.20598,0.20335,0.20598,0.03659,0.03528,0.03593,0.03265,0.03626,-53.65590,-1954.00000
0.23393,0.24446,0.23459,0.23722,0.23295,0.21025,0.20762,0.20894,0.20729,0.20894,0.03659,0.03593,0.03363,0.03528,0.03692,-53.65590,-1953.00000
0.23689,0.23887,0.23656,0.23591,0.23492,0.20400,0.20367,0.20499,0.20927,0.20631,0.03528,0.03100,0.03593,0.03067,0.03396,-52.76545,-1952.00000
0.23328,0.23689,0.23262,0.23854,0.23821,0.20696,0.21124,0.20631,0.20532,0.20696,0.03692,0.03626,0.03593,0.03528,0.03857,-52.76545,-1951.00000
0.24248,0.23624,0.23262,0.23295,0.23689,0.20696,0.20663,0.20959,0.20269,0.20170,0.03462,0.03363,0.03067,0.03363,0.03363,-53.09903,-1950.00000
0.24084,0.23722,0.23032,0.23689,0.24018,0.20729,0.20137,0.20861,0.20663,0.20532,0.03889,0.03396,0.03429,0.03659,0.03758,-53.09903,-1949.00000
0.23689,0.23558,0.24183,0.23097,0.23952,0.20466,0.20631,0.20532,0.20696,0.20598,0.03363,0.03561,0.03166,0.03429,0.03265,-52.00362,-1948.00000
0.23163,0.23920,0.23229,0.23689,0.24084,0.20433,0.20828,0.20696,0.20137,0.20466,0.03561,0.03462,0.03232,0.03528,0.03232,-52.00362,-1947.00000
0.24051,0.24084,0.23689,0.23295,0.24281,0.20598,0.20532,0.20828,0.20104,0.20696,0.03429,0.03626,0.03330,0.03462,0.03561,-52.26890,-1946.00000
0.23328,0.24150,0.23295,0.23328,0.23426,0.20894,0.20762,0.20894,0.20170,0.20959,0.03692,0.03462,0.03659,0.03758,0.03495,-52.26890,-1945.00000
0.23328,0.23689,0.23459,0.23360,0.23722,0.20696,0.20729,0.20631,0.20137,0.20729,0.03396,0.03429,0.03133,0.03330,0.03396,-52.33074,-1944.00000
0.22801,0.23722,0.23393,0.23591,0.23459,0.20631,0.20565,0.20269,0.20532,0.20433,0.03528,0.03396,0.03265,0.03528,0.03429,-52.33074,-1943.00000
0.23130,0.23821,0.24347,0.23821,0.23262,0.21058,0.20992,0.20499,0.19874,0.20466,0.03593,0.03791,0.03429,0.03758,0.03561,-52.59115,-1942.00000
0.23591,0.23130,0.23689,0.23196,0.23952,0.20795,0.20696,0.20104,0.20927,0.20894,0.03396,0.03626,0.03561,0.03495,0.03495,-52.59115,-1941.00000
0.24380,0.23130,0.23887,0.23097,0.24248,0.20433,0.20663,0.20795,0.20367,0.20631,0.03396,0.03857,0.03758,0.03396,0.03363,-52.47722,-1940.00000
0.23525,0.23952,0.23788,0.23459,0.23788,0.20663,0.20499,0.20795,0.20598,0.20729,0.03429,0.03265,0.03363,0.03330,0.03659,-52.47722,-1939.00000
0.23722,0.23492,0.23722,0.23624,0.23393,0.20565,0.20203,0.21091,0.20433,0.20400,0.03561,0.03133,0.03528,0.03265,0.03593,-52.70833,-1938.00000
0.23656,0.24084,0.24018,0.23328,0.23788,0.20663,0.20400,0.20367,0.20663,0.20631,0.03561,0.03626,0.03593,0.03495,0.03396,-52.70833,-1937.00000
0.24281,0.23163,0.23821,0.23196,0.23558,0.20762,0.20532,0.20236,0.20894,0.20499,0.03692,0.03561,0.03396,0.03955,0.03824,-52.02800,-1936.00000
0.23196,0.23788,0.23459,0.23689,0.23360,0.20532,0.20762,0.20696,0.21091,0.20598,0.03265,0.03396,0.03758,0.03396,0.03297,-52.02800,-1935.00000
0.23360,0.23262,0.23591,0.24840,0.23459,0.20631,0.20663,0.20071,0.20400,0.20433,0.03593,0.03232,0.03396,0.03791,0.03692,-52.71566,-1934.00000
0.23328,0.23328,0.23558,0.23689,0.23656,0.20992,0.20367,0.20499,0.20104,0.20367,0.03363,0.03232,0.04021,0.03659,0.03462,-52.71566,-1933.00000
0.23722,0.23656,0.23722,0.22933,0.23163,0.20400,0.20729,0.20631,0.20565,0.20631,0.03297,0.03265,0.03692,0.03462,0.03626,-52.97160,-1932.00000
0.23591,0.23591,0.23097,0.24281,0.23097,0.20992,0.20532,0.20663,0.20663,0.20433,0.03528,0.03429,0.03561,0.03067,0.03232,-52.97160,-1931.00000
0.22867,0.23689,0.23229,0.23459,0.23887,0.20236,0.20367,0.20466,0.20927,0.20696,0.03133,0.03791,0.03626,0.03626,0.03429,-53.67818,-1930.00000
0.23558,0.23262,0.24084,0.23064,0.23525,0.20400,0.20400,0.20696,0.20203,0.20269,0.03528,0.03528,0.03561,0.03659,0.03396,-53.67818,-1929.00000
0.23525,0.23163,0.23196,0.23426,0.23262,0.20696,0.20762,0.20696,0.20598,0.20170,0.03166,0.03889,0.03330,0.03429,0.03626,-54.26585,-1928.00000
0.23624,0.22966,0.22933,0.23722,0.23624,0.20992,0.20795,0.20565,0.20433,0.20861,0.03659,0.03692,0.03561,0.03034,0.03626,-54.26585,-1927.00000
0.22999,0.24084,0.23328,0.23656,0.23755,0.20598,0.20532,0.20335,0.20598,0.20663,0.03429,0.03528,0.03495,0.03528,0.03758,-54.25451,-1926.00000
0.23130,0.23163,0.23722,0.23525,0.23591,0.21058,0.20071,0.20696,0.20565,0.20433,0.03889,0.03659,0.03626,0.03462,0.03791,-54.25451,-1925.00000
0.24248,0.23459,0.23656,0.23393,0.24314,0.19874,0.19841,0.20499,0.20400,0.20762,0.03725,0.03593,0.03561,0.03495,0.03593,-53.98272,-1924.00000
0.23591,0.23854,0.23624,0.23229,0.23492,0.20598,0.20137,0.20894,0.20367,0.20598,0.03396,0.03297,0.03561,0.03232,0.03659,-53.98272,-1923.00000
0.22933,0.23262,0.23920,0.23591,0.23295,0.20696,0.21124,0.20236,0.20499,0.20433,0.03297,0.03791,0.03725,0.03758,0.03791,-54.39126,-1922.00000
0.23492,0.24216,0.23196,0.23328,0.22900,0.20499,0.20466,0.20927,0.20696,0.20565,0.03561,0.03495,0.03528,0.03232,0.03462,-54.39126,-1921.00000
0.23821,0.23887,0.23525,0.23689,0.23459,0.20663,0.20433,0.20598,0.20565,0.20729,0.03429,0.03593,0.03330,0.03561,0.03692,-54.67122,-1920.00000
0.23854,0.22735,0.23492,0.23656,0.23328,0.20236,0.20433,0.20433,0.20795,0.20762,0.03626,0.03725,0.03889,0.03330,0.03725,-54.67122,-1919.00000
0.23525,0.23985,0.23130,0.23755,0.23755,0.20400,0.20729,0.20335,0.20861,0.20400,0.03626,0.03429,0.03659,0.03659,0.03330,-53.90055,-1918.00000
0.23295,0.23985,0.23755,0.23591,0.23393,0.20729,0.20236,0.20433,0.20433,0.20532,0.03396,0.03659,0.03396,0.03593,0.03758,-53.90055,-1917.00000
0.23492,0.23360,0.23229,0.23624,0.23722,0.20302,0.20400,0.20729,0.20696,0.20532,0.03462,0.03725,0.03725,0.03593,0.03363,-52.88533,-1916.00000
0.23032,0.24084,0.23887,0.23196,0.23558,0.20532,0.20894,0.20532,0.20104,0.20433,0.03429,0.03462,0.03034,0.03396,0.03626,-52.88533,-1915.00000
0.24084,0.23952,0.23262,0.23426,0.23722,0.20696,0.20598,0.20663,0.20729,0.20927,0.03396,0.03561,0.03791,0.03561,0.03561,-52.76835,-1914.00000
0.23295,0.23328,0.23952,0.23788,0.23064,0.20302,0.20762,0.20203,0.20137,0.20466,0.03593,0.03725,0.03528,0.03429,0.03495,-52.76835,-1913.00000
0.23624,0.23328,0.23426,0.23887,0.23755,0.20696,0.20499,0.20663,0.20466,0.20367,0.03396,0.03495,0.03462,0.03330,0.03034,-52.08242,-1912.00000
0.23393,0.23525,0.23393,0.23624,0.23689,0.20631,0.20269,0.20828,0.20302,0.20696,0.03725,0.03561,0.03330,0.03462,0.03462,-52.08242,-1911.00000
0.24018,0.22999,0.23985,0.23525,0.23459,0.20565,0.20433,0.20433,0.20071,0.20729,0.03330,0.03626,0.03363,0.03199,0.03396,-53.03340,-1910.00000
0.23821,0.23163,0.23032,0.23492,0.23920,0.20927,0.20433,0.20400,0.21091,0.20795,0.03232,0.03429,0.03067,0.03528,0.03857,-53.03340,-1909.00000
0.23624,0.22999,0.23624,0.23295,0.23328,0.20433,0.20894,0.20269,0.20400,0.20466,0.03593,0.03528,0.03561,0.03034,0.03659,-51.91953,-1908.00000
0.24281,0.24347,0.23229,0.23459,0.23887,0.20631,0.20795,0.21025,0.20861,0.21190,0.03363,0.03363,0.03725,0.03791,0.03297,-51.91953,-1907.00000
0.23755,0.23492,0.23459,0.23920,0.23755,0.20367,0.20565,0.20499,0.20565,0.20598,0.03363,0.03495,0.03297,0.03265,0.03659,-51.69463,-1906.00000
0.23656,0.23229,0.23525,0.23459,0.23328,0.20696,0.20203,0.20729,0.20400,0.21223,0.03659,0.03626,0.03363,0.03100,0.03232,-51.69463,-1905.00000
0.23985,0.23788,0.23755,0.24051,0.23689,0.21058,0.20499,0.20663,0.20762,0.20433,0.03232,0.03429,0.03824,0.03297,0.03692,-52.00454,-1904.00000
0.23393,0.23656,0.24117,0.23492,0.23459,0.20861,0.20631,0.20236,0.20302,0.20269,0.03429,0.03363,0.03758,0.03561,0.03199,-52.00454,-1903.00000
0.23064,0.23656,0.23591,0.23525,0.23788,0.20828,0.20696,0.20729,0.20696,0.20992,0.03297,0.03593,0.03528,0.03593,0.03265,-51.91291,-1902.00000
0.23821,0.23788,0.23196,0.23525,0.23459,0.20992,0.20729,0.20006,0.20499,0.20466,0.03297,0.03001,0.03429,0.03791,0.03791,-51.91291,-1901.00000
0.23788,0.22900,0.24051,0.23952,0.23097,0.20433,0.20302,0.20762,0.20236,0.20729,0.03265,0.03166,0.03593,0.03758,0.03692,-53.00968,-1900.00000
0.23492,0.23689,0.23952,0.23163,0.23952,0.20631,0.20532,0.20499,0.20959,0.20565,0.03659,0.02870,0.03791,0.03067,0.03330,-53.00968,-1899.00000
0.23854,0.24183,0.23163,0.23952,0.23459,0.20203,0.20302,0.20565,0.20038,0.20466,0.03593,0.03626,0.03265,0.03363,0.03528,-53.06490,-1898.00000
0.23459,0.23295,0.23722,0.23558,0.23525,0.20400,0.20795,0.20137,0.20302,0.20598,0.03396,0.03528,0.03659,0.03495,0.03001,-53.06490,-1897.00000
0.23591,0.23360,0.23854,0.23656,0.24117,0.20861,0.20236,0.20598,0.20236,0.20795,0.03232,0.03758,0.03133,0.03528,0.03232,-53.75657,-1896.00000
0.22900,0.23920,0.23328,0.23985,0.22735,0.20269,0.20302,0.20861,0.20762,0.20795,0.03297,0.03495,0.03429,0.03462,0.03199,-53.75657,-1895.00000
0.23854,0.23985,0.23854,0.23788,0.24610,0.20203,0.20433,0.20269,0.20335,0.20861,0.03561,0.03199,0.03593,0.03330,0.03232,-53.69469,-1894.00000
0.23722,0.23393,0.23656,0.23229,0.23755,0.21025,0.20499,0.20696,0.20170,0.20203,0.03100,0.03593,0.03265,0.03659,0.03495,-53.69469,-1893.00000
0.23591,0.23393,0.23624,0.23130,0.23360,0.20598,0.20335,0.20565,0.20302,0.20367,0.03528,0.03692,0.03561,0.03659,0.03232,-53.50262,-1892.00000
0.23788,0.23328,0.23328,0.23393,0.23426,0.20631,0.20927,0.20663,0.20795,0.20203,0.03330,0.03659,0.03561,0.03067,0.03659,-53.50262,-1891.00000
0.23591,0.23722,0.23722,0.23492,0.23854,0.21124,0.20367,0.20532,0.20631,0.20565,0.03626,0.03133,0.03429,0.03001,0.03857,-53.36264,-1890.00000
0.23689,0.23558,0.23624,0.23887,0.23591,0.20499,0.20663,0.20598,0.20795,0.20499,0.03396,0.03495,0.03791,0.03495,0.03133,-53.36264,-1889.00000
0.22670,0.23426,0.24018,0.23426,0.23262,0.20367,0.20696,0.20861,0.20433,0.20696,0.03232,0.03528,0.03857,0.03330,0.03232,-53.65398,-1888.00000
0.23722,0.23722,0.23393,0.23163,0.23591,0.20729,0.20433,0.20992,0.20335,0.20466,0.03396,0.03692,0.03133,0.03396,0.03528,-53.65398,-1887.00000
0.23262,0.23525,0.23492,0.24117,0.23952,0.20367,0.20466,0.20433,0.21091,0.20894,0.03626,0.03265,0.03561,0.03363,0.03528,-53.49447,-1886.00000
0.23492,0.23229,0.23920,0.23459,0.23656,0.20631,0.20598,0.20170,0.20466,0.20170,0.03396,0.03363,0.03133,0.03528,0.03363,-53.49447,-1885.00000
0.23624,0.23459,0.23624,0.23689,0.23295,0.20335,0.20269,0.20400,0.20302,0.20631,0.03166,0.03495,0.03528,0.03067,0.03330,-53.08512,-1884.00000
0.23558,0.22966,0.23624,0.23755,0.22801,0.20729,0.20499,0.20499,0.20302,0.20696,0.03462,0.03199,0.03462,0.03495,0.03396,-53.08512,-1883.00000
0.23393,0.23689,0.23426,0.23656,0.23755,0.20532,0.20532,0.20400,0.20269,0.20367,0.03100,0.03297,0.03330,0.03363,0.03232,-52.62166,-1882.00000
0.23887,0.23558,0.23591,0.23624,0.23624,0.20992,0.20236,0.20696,0.20499,0.20959,0.03265,0.03396,0.03265,0.03100,0.03528,-52.62166,-1881.00000
0.23097,0.23920,0.22900,0.23821,0.22999,0.20466,0.20795,0.20861,0.20302,0.20631,0.03462,0.03429,0.03297,0.03363,0.03363,-52.00663,-1880.00000
0.23492,0.23722,0.23952,0.23525,0.23459,0.20598,0.20631,0.20696,0.20466,0.20598,0.03396,0.03297,0.03429,0.03495,0.03495,-52.00663,-1879.00000
0.24479,0.23196,0.23558,0.23755,0.23295,0.20367,0.20236,0.20598,0.20071,0.20466,0.03429,0.03067,0.03363,0.03462,0.03495,-51.97011,-1878.00000
0.23525,0.23920,0.24084,0.23985,0.23393,0.20532,0.21058,0.20499,0.21025,0.20663,0.03528,0.03199,0.03429,0.03363,0.03758,-51.97011,-1877.00000
0.23262,0.23821,0.23985,0.23360,0.23492,0.20894,0.20992,0.20795,0.20170,0.20631,0.03659,0.03495,0.03265,0.03330,0.03363,-51.97383,-1876.00000
0.23163,0.22966,0.23328,0.23821,0.24183,0.20532,0.20894,0.20071,0.20236,0.20565,0.03166,0.03265,0.03133,0.03363,0.03462,-51.97383,-1875.00000
0.23591,0.23459,0.23295,0.23591,0.23229,0.20828,0.20631,0.20466,0.20367,0.20959,0.03528,0.03067,0.03561,0.03100,0.03133,-51.13340,-1874.00000
0.23360,0.23229,0.23722,0.23064,0.23952,0.20696,0.21058,0.20795,0.20269,0.20367,0.03232,0.03396,0.03330,0.03396,0.03297,-51.13340,-1873.00000
0.23229,0.23492,0.23887,0.23755,0.24117,0.20861,0.20696,0.20499,0.20367,0.20499,0.03528,0.03429,0.03528,0.03330,0.02903,-51.62627,-1872.00000
0.23360,0.23788,0.23525,0.23426,0.23295,0.20400,0.20663,0.20598,0.20499,0.20532,0.02870,0.03561,0.03297,0.03396,0.03626,-51.62627,-1871.00000
0.23295,0.23591,0.23393,0.23558,0.23788,0.20367,0.20433,0.20466,0.20598,0.20663,0.03528,0.03265,0.03462,0.03396,0.03429,-51.17690,-1870.00000
0.23262,0.23426,0.24183,0.23492,0.24643,0.20367,0.20532,0.20729,0.20959,0.20861,0.03561,0.03528,0.03725,0.03659,0.03889,-51.17690,-1869.00000
0.23229,0.23393,0.24051,0.23295,0.23360,0.20466,0.20499,0.20598,0.20762,0.20598,0.03363,0.03495,0.03429,0.03232,0.03561,-51.89460,-1868.00000
0.23656,0.23821,0.23130,0.23064,0.23492,0.20828,0.20631,0.20894,0.20663,0.20269,0.03528,0.03265,0.03692,0.03330,0.03363,-51.89460,-1867.00000
0.24051,0.23393,0.22900,0.23558,0.23328,0.20400,0.20335,0.20696,0.20828,0.20631,0.03265,0.03297,0.03429,0.03528,0.03363,-53.54252,-1866.00000
0.24051,0.23558,0.23689,0.23360,0.22900,0.20466,0.20302,0.20992,0.20861,0.20663,0.03166,0.03297,0.03199,0.03265,0.03561,-53.54252,-1865.00000
0.23393,0.23755,0.23722,0.23821,0.23229,0.20302,0.20236,0.20598,0.20663,0.20631,0.03199,0.03265,0.03067,0.03166,0.03692,-54.07106,-1864.00000
0.23163,0.23163,0.23426,0.24183,0.23328,0.20565,0.20335,0.20959,0.20269,0.20532,0.03429,0.03462,0.03330,0.03626,0.03166,-54.07106,-1863.00000
0.23163,0.23985,0.23097,0.23492,0.23262,0.20104,0.21058,0.20170,0.20894,0.20269,0.03396,0.03297,0.03462,0.03265,0.03692,-53.90321,-1862.00000
0.22966,0.22966,0.23887,0.23163,0.23591,0.20137,0.20696,0.20433,0.20170,0.20433,0.03988,0.03593,0.03396,0.03330,0.03889,-53.90321,-1861.00000
0.23032,0.23196,0.22966,0.23360,0.23393,0.20335,0.20631,0.20532,0.20631,0.20663,0.03067,0.03363,0.03001,0.03297,0.03725,-53.29438,-1860.00000
0.22999,0.23295,0.23821,0.23229,0.22966,0.20598,0.20499,0.20598,0.21157,0.20400,0.03396,0.03067,0.03232,0.03561,0.03758,-53.29438,-1859.00000
0.24018,0.23360,0.22801,0.23032,0.23360,0.20071,0.20433,0.20367,0.20203,0.20861,0.03561,0.03659,0.03330,0.03593,0.03561,-54.41330,-1858.00000
0.23032,0.23722,0.23525,0.23887,0.23656,0.20663,0.20400,0.20598,0.20400,0.20663,0.03133,0.03528,0.03561,0.03495,0.03462,-54.41330,-1857.00000
0.23163,0.23360,0.23656,0.23032,0.23624,0.20894,0.20729,0.20367,0.20927,0.20663,0.03297,0.02968,0.03133,0.03528,0.03462,-53.68370,-1856.00000
0.23591,0.24117,0.23525,0.23525,0.23558,0.20729,0.20992,0.20466,0.20828,0.20466,0.03593,0.03199,0.03067,0.03561,0.03593,-53.68370,-1855.00000
0.23196,0.23755,0.23163,0.23887,0.23689,0.20927,0.20565,0.20598,0.20598,0.20828,0.03265,0.03232,0.03561,0.03396,0.03528,-53.86578,-1854.00000
0.23163,0.23985,0.22900,0.23558,0.23591,0.20400,0.20663,0.20433,0.20762,0.20532,0.03528,0.03199,0.03528,0.03265,0.03100,-53.86578,-1853.00000
0.24150,0.23854,0.23525,0.23656,0.23130,0.20203,0.20663,0.20663,0.20335,0.20433,0.03593,0.03166,0.03297,0.03725,0.03561,-53.95437,-1852.00000
0.23426,0.23887,0.23360,0.24084,0.23755,0.20532,0.20598,0.20400,0.20861,0.20565,0.03495,0.03232,0.03363,0.03462,0.03297,-53.95437,-1851.00000
0.23163,0.23656,0.22867,0.23426,0.23229,0.20663,0.19874,0.20927,0.20302,0.20269,0.03297,0.03429,0.03725,0.03133,0.03001,-54.32094,-1850.00000
0.23558,0.23755,0.23558,0.22801,0.24051,0.20762,0.20959,0.19940,0.20400,0.20499,0.03330,0.02936,0.03593,0.03297,0.03265,-54.32094,-1849.00000
0.23656,0.23722,0.23393,0.24150,0.23624,0.21091,0.20433,0.20828,0.20992,0.20367,0.03429,0.03265,0.03166,0.03561,0.03232,-53.67414,-1848.00000
0.22867,0.24018,0.23163,0.24216,0.23459,0.20532,0.20861,0.20203,0.20335,0.20433,0.03396,0.03528,0.03429,0.03561,0.03429,-53.67414,-1847.00000
0.23163,0.23558,0.23920,0.23821,0.23591,0.20466,0.20499,0.20433,0.20466,0.19940,0.03166,0.03462,0.03067,0.03857,0.03232,-53.17008,-1846.00000
0.23558,0.23492,0.23558,0.23328,0.23328,0.20466,0.20466,0.20959,0.20894,0.20367,0.03396,0.03692,0.03561,0.03561,0.03363,-53.17008,-1845.00000
0.23591,0.23525,0.23328,0.23525,0.23328,0.20565,0.20203,0.20203,0.20104,0.20236,0.03199,0.03034,0.03495,0.03297,0.03363,-52.49324,-1844.00000
0.23722,0.23492,0.23163,0.23591,0.23722,0.21157,0.20894,0.20466,0.20499,0.20433,0.03297,0.03495,0.03561,0.03659,0.03528,-52.49324,-1843.00000
0.23163,0.23262,0.23920,0.23360,0.23755,0.20499,0.21190,0.20959,0.20861,0.20729,0.03758,0.03396,0.03133,0.03297,0.03265,-51.99857,-1842.00000
0.23130,0.23854,0.23196,0.23755,0.24084,0.20466,0.20532,0.20598,0.20532,0.20631,0.03561,0.03758,0.03626,0.03561,0.03396,-51.99857,-1841.00000
0.23525,0.23393,0.23492,0.23854,0.23558,0.20269,0.20466,0.20894,0.20598,0.20335,0.03133,0.03462,0.03067,0.03363,0.03297,-51.66579,-1840.00000
0.23591,0.23360,0.23130,0.23558,0.23459,0.20729,0.20104,0.20367,0.20499,0.20861,0.03297,0.03396,0.03626,0.03100,0.03593,-51.66579,-1839.00000
0.23393,0.23591,0.23722,0.24216,0.23722,0.20532,0.20499,0.20532,0.20532,0.20598,0.03363,0.03166,0.03429,0.03133,0.03166,-51.69471,-1838.00000
0.23196,0.24183,0.23656,0.23854,0.24084,0.20894,0.20598,0.20400,0.20762,0.20861,0.03528,0.03659,0.03593,0.03429,0.03561,-51.69471,-1837.00000
0.23920,0.22966,0.23295,0.23591,0.23426,0.20696,0.20499,0.20400,0.20499,0.20236,0.03593,0.03659,0.03363,0.03659,0.03199,-51.77021,-1836.00000
0.23854,0.23821,0.23393,0.23591,0.23591,0.20302,0.20598,0.20532,0.20499,0.20433,0.03363,0.03265,0.03725,0.03396,0.03363,-51.77021,-1835.00000
0.23328,0.23689,0.23920,0.23032,0.23097,0.20499,0.20466,0.20631,0.20795,0.20269,0.03528,0.03232,0.03659,0.03166,0.03725,-51.80796,-1834.00000
0.23393,0.24084,0.22966,0.23887,0.22439,0.20499,0.20598,0.20762,0.20861,0.20302,0.03034,0.03133,0.03265,0.03561,0.03265,-51.80796,-1833.00000
0.23591,0.23393,0.23163,0.23163,0.24051,0.20532,0.20499,0.20269,0.20992,0.20532,0.03133,0.03232,0.03100,0.03297,0.03297,-52.40788,-1832.00000
0.23262,0.23952,0.23821,0.23492,0.23262,0.20762,0.20663,0.20236,0.20499,0.20367,0.03034,0.03001,0.03758,0.03330,0.03199,-52.40788,-1831.00000
0.23393,0.23525,0.23328,0.23163,0.23229,0.20729,0.20663,0.20565,0.20663,0.20959,0.03495,0.03429,0.03232,0.03199,0.03232,-52.40023,-1830.00000
0.23196,0.23328,0.23163,0.23558,0.24018,0.20565,0.20729,0.21157,0.20532,0.20696,0.03199,0.03363,0.03495,0.03199,0.03133,-52.40023,-1829.00000
0.23295,0.24117,0.22999,0.23032,0.23722,0.20269,0.20598,0.20433,0.20433,0.20499,0.03166,0.03363,0.03232,0.03396,0.03034,-52.23771,-1828.00000
0.23656,0.23097,0.23459,0.23821,0.23426,0.20598,0.20696,0.20729,0.20663,0.20335,0.02870,0.03265,0.03133,0.03166,0.03462,-52.23771,-1827.00000
0.23689,0.23525,0.23328,0.23624,0.24018,0.20894,0.20762,0.20959,0.20598,0.20302,0.03133,0.03067,0.03330,0.03561,0.03429,-52.97188,-1826.00000
0.23262,0.23196,0.23295,0.23032,0.23755,0.20598,0.20367,0.21025,0.20532,0.20269,0.03297,0.03330,0.03265,0.03330,0.03232,-52.97188,-1825.00000
0.23985,0.23656,0.23558,0.23624,0.23854,0.20631,0.20433,0.20729,0.20335,0.20433,0.03265,0.03495,0.03462,0.03297,0.03265,-53.79551,-1824.00000
0.23426,0.23788,0.23262,0.23952,0.22670,0.20565,0.20367,0.20400,0.20367,0.20400,0.03396,0.03758,0.03462,0.03363,0.03166,-53.79551,-1823.00000
0.23130,0.23492,0.23130,0.23426,0.23821,0.21025,0.20433,0.20170,0.20795,0.20367,0.03363,0.03297,0.03791,0.03495,0.03363,-54.54668,-1822.00000
0.23558,0.23854,0.23360,0.23163,0.23426,0.20367,0.20861,0.20269,0.20861,0.20400,0.03133,0.03297,0.03593,0.03265,0.03067,-54.54668,-1821.00000
0.23492,0.23328,0.23262,0.23952,0.23328,0.20729,0.21025,0.20400,0.20269,0.20795,0.03232,0.03429,0.03396,0.03626,0.03495,-54.70742,-1820.00000
0.24018,0.23689,0.23130,0.23689,0.23689,0.20433,0.20466,0.20137,0.20631,0.20302,0.02936,0.02771,0.02936,0.03495,0.03429,-54.70742,-1819.00000
0.23262,0.23163,0.23854,0.23196,0.23689,0.20466,0.20137,0.20499,0.20729,0.20466,0.03462,0.03133,0.03561,0.03626,0.03593,-54.22871,-1818.00000
0.23821,0.22867,0.23854,0.23985,0.23295,0.20861,0.20532,0.20959,0.20795,0.20631,0.02837,0.03166,0.03561,0.03265,0.03429,-54.22871,-1817.00000
0.23656,0.24018,0.23656,0.23624,0.23229,0.20203,0.20861,0.20762,0.20598,0.20663,0.03330,0.03561,0.03067,0.03429,0.03593,-54.73154,-1816.00000
0.23788,0.23788,0.23656,0.23097,0.23163,0.20466,0.20828,0.20795,0.20795,0.20565,0.02936,0.02903,0.03199,0.03462,0.02903,-54.73154,-1815.00000
0.23459,0.22670,0.24084,0.23426,0.23328,0.20170,0.20302,0.20795,0.20367,0.20137,0.03528,0.03297,0.03330,0.03462,0.03659,-54.98784,-1814.00000
0.23459,0.23360,0.23459,0.23722,0.23788,0.20729,0.20894,0.20598,0.20170,0.20992,0.03232,0.03133,0.03297,0.03429,0.03922,-54.98784,-1813.00000
0.23196,0.23656,0.22933,0.23360,0.24018,0.20598,0.20598,0.20433,0.20170,0.20466,0.03199,0.03232,0.03133,0.03429,0.03265,-54.13699,-1812.00000
0.23591,0.23788,0.23262,0.22933,0.24051,0.20269,0.20466,0.21058,0.20104,0.20598,0.03232,0.03265,0.03133,0.03166,0.03758,-54.13699,-1811.00000
0.23459,0.23591,0.23920,0.23459,0.23525,0.20203,0.20861,0.20598,0.20499,0.20203,0.03528,0.03199,0.03199,0.03100,0.03330,-53.47963,-1810.00000
0.23492,0.24248,0.23459,0.23163,0.23722,0.20861,0.20466,0.20466,0.20302,0.20170,0.03232,0.03495,0.03363,0.03593,0.03133,-53.47963,-1809.00000
0.23262,0.23656,0.23722,0.23459,0.23130,0.20828,0.20795,0.20861,0.20598,0.20203,0.03659,0.03100,0.03265,0.03363,0.03133,-52.49421,-1808.00000
0.23393,0.23032,0.23032,0.24248,0.23360,0.20433,0.20269,0.20598,0.20104,0.20302,0.03265,0.03363,0.03396,0.03561,0.03133,-52.49421,-1807.00000
0.23788,0.23525,0.23262,0.23920,0.23163,0.20532,0.20302,0.20959,0.20696,0.20499,0.02936,0.03363,0.03100,0.03528,0.03528,-52.62650,-1806.00000
0.23229,0.23492,0.23032,0.23525,0.23262,0.20400,0.20696,0.20400,0.20762,0.20959,0.03100,0.03561,0.03166,0.02936,0.03330,-52.62650,-1805.00000
0.22933,0.23591,0.23064,0.23064,0.23755,0.20367,0.20894,0.20137,0.20927,0.20598,0.03330,0.03396,0.03199,0.02936,0.03626,-52.20680,-1804.00000
0.23689,0.23328,0.23722,0.23558,0.23525,0.20663,0.20400,0.20400,0.20532,0.20795,0.02968,0.03462,0.03330,0.03462,0.03133,-52.20680,-1803.00000
0.23097,0.23755,0.24084,0.23722,0.23163,0.20696,0.20532,0.20433,0.20104,0.20795,0.03626,0.03265,0.03265,0.03462,0.03429,-52.34608,-1802.00000
0.23788,0.23393,0.23097,0.23426,0.23459,0.20894,0.20663,0.19973,0.20400,0.20663,0.03363,0.03232,0.03166,0.03791,0.03330,-52.34608,-1801.00000
0.23229,0.23426,0.24150,0.23426,0.22801,0.20302,0.20335,0.20828,0.20696,0.20137,0.03396,0.03199,0.03528,0.03330,0.03232,-52.06659,-1800.00000
0.22735,0.23854,0.23328,0.23393,0.22900,0.20499,0.20302,0.20302,0.20367,0.20466,0.03034,0.03199,0.03232,0.03199,0.03100,-52.06659,-1799.00000
0.24183,0.23328,0.23755,0.23426,0.23426,0.20335,0.20367,0.20499,0.20335,0.20795,0.03725,0.03199,0.03067,0.03396,0.03297,-52.31504,-1798.00000
0.23328,0.23854,0.22966,0.23130,0.23920,0.20762,0.20104,0.20828,0.20499,0.20598,0.03561,0.03232,0.03067,0.03297,0.03462,-52.31504,-1797.00000
0.23920,0.23360,0.23985,0.23426,0.23393,0.20729,0.20663,0.20367,0.20894,0.20269,0.03034,0.03199,0.03166,0.03067,0.03495,-51.96562,-1796.00000
0.24018,0.23591,0.23624,0.23262,0.23229,0.20400,0.20696,0.20729,0.20269,0.20565,0.03001,0.03100,0.03363,0.02738,0.03034,-51.96562,-1795.00000
0.23328,0.23492,0.23393,0.23459,0.23492,0.20565,0.20631,0.20433,0.20598,0.20499,0.03232,0.03330,0.03429,0.03100,0.03232,-52.36221,-1794.00000
0.23360,0.23656,0.23229,0.23624,0.23295,0.20696,0.20565,0.20631,0.20894,0.20466,0.03133,0.02870,0.03067,0.03199,0.03100,-52.36221,-1793.00000
0.23163,0.23887,0.23920,0.22900,0.23624,0.20499,0.20269,0.20565,0.20631,0.20433,0.03297,0.03265,0.03199,0.03363,0.03330,-53.10493,-1792.00000
0.23229,0.23262,0.23591,0.23295,0.23525,0.19940,0.20992,0.20729,0.20565,0.20367,0.03297,0.03297,0.03462,0.03330,0.03363,-53.10493,-1791.00000
0.23755,0.23295,0.23492,0.23426,0.23525,0.20433,0.20236,0.20203,0.20927,0.20762,0.03495,0.03330,0.03067,0.03133,0.03297,-52.82444,-1790.00000
0.23360,0.23920,0.23755,0.22867,0.23262,0.20598,0.20532,0.20532,0.20828,0.20663,0.03100,0.03528,0.03363,0.03462,0.02837,-52.82444,-1789.00000
0.23656,0.24051,0.23624,0.23788,0.23426,0.20433,0.20894,0.21025,0.20367,0.20631,0.03791,0.03166,0.03330,0.03100,0.03396,-53.30675,-1788.00000
0.23163,0.23722,0.23262,0.22670,0.23360,0.20400,0.20499,0.20762,0.20959,0.20729,0.03889,0.02903,0.03199,0.03297,0.03462,-53.30675,-1787.00000
0.23689,0.23426,0.23854,0.24183,0.23328,0.20302,0.20729,0.20598,0.20269,0.20499,0.03363,0.03067,0.02705,0.03495,0.03265,-54.57574,-1786.00000
0.23591,0.23624,0.23360,0.23887,0.23393,0.20927,0.20104,0.20992,0.20565,0.20532,0.03133,0.03429,0.03034,0.03265,0.02903,-54.57574,-1785.00000
0.23656,0.23952,0.23558,0.23459,0.23426,0.20137,0.20236,0.20565,0.20663,0.20466,0.03297,0.02771,0.03495,0.03265,0.03199,-54.75369,-1784.00000
0.23920,0.23032,0.24084,0.23525,0.22867,0.20795,0.20631,0.20663,0.20302,0.20104,0.03363,0.03297,0.03100,0.03166,0.03067,-54.75369,-1783.00000
0.23262,0.23064,0.22933,0.23985,0.23920,0.20696,0.20137,0.20499,0.20269,0.20499,0.03396,0.03528,0.03593,0.03363,0.03100,-54.04433,-1782.00000
0.22966,0.23920,0.23097,0.23558,0.23591,0.20269,0.20598,0.20203,0.20203,0.20400,0.03330,0.03166,0.03232,0.02968,0.03396,-54.04433,-1781.00000
0.23492,0.23591,0.23558,0.23328,0.23229,0.20598,0.20631,0.20532,0.20696,0.20729,0.03100,0.03166,0.03330,0.03166,0.03462,-54.45624,-1780.00000
0.23459,0.23656,0.23854,0.23360,0.23722,0.20335,0.20499,0.20532,0.20170,0.20466,0.03034,0.03166,0.03067,0.03067,0.03199,-54.45624,-1779.00000
0.23624,0.23558,0.23525,0.23755,0.23295,0.20499,0.20269,0.20367,0.20762,0.20959,0.03100,0.03232,0.03034,0.03363,0.02640,-54.71836,-1778.00000
0.23328,0.23426,0.23525,0.23985,0.23689,0.20466,0.20795,0.20729,0.20335,0.20631,0.03133,0.03396,0.03495,0.03199,0.03166,-54.71836,-1777.00000
0.23755,0.23854,0.23163,0.24117,0.23558,0.20565,0.21091,0.20894,0.20598,0.20499,0.03232,0.02936,0.02870,0.03067,0.03396,-54.29521,-1776.00000
0.23755,0.22999,0.23985,0.23985,0.23393,0.20762,0.20631,0.20598,0.20565,0.20565,0.02936,0.03001,0.03034,0.02968,0.03330,-54.29521,-1775.00000
0.23229,0.24051,0.23130,0.23163,0.23624,0.20499,0.20137,0.20992,0.20894,0.20433,0.03297,0.03034,0.03232,0.03265,0.03199,-53.52700,-1774.00000
0.22966,0.23920,0.23360,0.23755,0.23525,0.20861,0.19874,0.20663,0.20565,0.20466,0.03363,0.03495,0.03100,0.03100,0.03034,-53.52700,-1773.00000
0.23558,0.24281,0.23295,0.22801,0.23032,0.20696,0.20598,0.20762,0.20203,0.20565,0.03232,0.03363,0.03330,0.03199,0.03429,-52.91829,-1772.00000
0.23393,0.23492,0.23492,0.24084,0.23032,0.20499,0.20400,0.20565,0.20959,0.20400,0.03034,0.03396,0.03199,0.03593,0.03528,-52.91829,-1771.00000
0.23689,0.22735,0.23656,0.23492,0.23722,0.20532,0.20828,0.20367,0.20269,0.20367,0.03692,0.03166,0.03396,0.03199,0.03067,-52.53580,-1770.00000
0.23393,0.23492,0.23920,0.23196,0.23295,0.21091,0.20302,0.20269,0.20598,0.20302,0.03067,0.03297,0.02672,0.03462,0.03330,-52.53580,-1769.00000
0.23854,0.23229,0.23097,0.23591,0.23525,0.20335,0.20400,0.20006,0.20269,0.20992,0.03232,0.03001,0.03528,0.03199,0.02968,-51.61458,-1768.00000
0.23426,0.23591,0.23360,0.22637,0.23624,0.20565,0.21255,0.20269,0.20335,0.20992,0.03133,0.03199,0.03396,0.02903,0.03034,-51.61458,-1767.00000
0.22900,0.23360,0.23130,0.23558,0.23689,0.20532,0.20466,0.20663,0.20499,0.20696,0.03100,0.03462,0.02968,0.03034,0.03297,-52.22086,-1766.00000
0.23624,0.23262,0.23064,0.24347,0.23032,0.20631,0.21025,0.20104,0.20433,0.20104,0.03232,0.03166,0.03034,0.02968,0.02903,-52.22086,-1765.00000
0.22768,0.23295,0.23689,0.23196,0.23426,0.20335,0.21058,0.20729,0.20335,0.20729,0.03100,0.03100,0.03561,0.02903,0.03034,-51.71346,-1764.00000
0.23525,0.23064,0.23985,0.22966,0.22834,0.20499,0.20565,0.20367,0.20861,0.20466,0.03396,0.03100,0.03199,0.03166,0.02936,-51.71346,-1763.00000
0.23656,0.23492,0.23229,0.24018,0.23985,0.20927,0.20663,0.20236,0.20696,0.20631,0.02738,0.03166,0.03429,0.03166,0.03166,-52.38017,-1762.00000
0.23360,0.23558,0.23196,0.23262,0.23722,0.20565,0.20631,0.20038,0.20598,0.20532,0.03297,0.03100,0.02968,0.02968,0.03166,-52.38017,-1761.00000
0.23689,0.23229,0.23492,0.22999,0.24084,0.20992,0.20663,0.20400,0.20795,0.20203,0.03166,0.03429,0.02936,0.02936,0.03166,-52.12514,-1760.00000
0.22867,0.23426,0.23624,0.23262,0.23262,0.20499,0.20499,0.20565,0.20203,0.20203,0.03396,0.03265,0.03429,0.03330,0.02771,-52.12514,-1759.00000
0.23426,0.23097,0.23525,0.22966,0.23130,0.20729,0.20729,0.20663,0.20400,0.20762,0.03034,0.03363,0.03100,0.03001,0.03265,-54.09480,-1758.00000
0.22966,0.23393,0.23952,0.23459,0.23689,0.20894,0.20532,0.20137,0.20894,0.20729,0.02968,0.02903,0.03396,0.03363,0.03232,-54.09480,-1757.00000
0.22703,0.23689,0.23887,0.23163,0.23624,0.20499,0.20532,0.20499,0.20631,0.20762,0.03199,0.02771,0.03034,0.03330,0.03001,-53.65384,-1756.00000
0.23492,0.23163,0.23525,0.23360,0.23097,0.20762,0.20565,0.20861,0.20203,0.20598,0.02870,0.03232,0.02903,0.03166,0.02903,-53.65384,-1755.00000
0.23656,0.23558,0.23624,0.23295,0.23591,0.20269,0.20532,0.20433,0.20104,0.20663,0.03232,0.03363,0.02837,0.03429,0.03166,-53.22585,-1754.00000
0.23295,0.23525,0.22900,0.23393,0.23032,0.20335,0.20795,0.20335,0.20729,0.20631,0.02968,0.03495,0.02705,0.03232,0.03265,-53.22585,-1753.00000
0.23196,0.23459,0.23426,0.23624,0.23558,0.20696,0.20762,0.20466,0.20696,0.20828,0.03297,0.03166,0.03330,0.02804,0.02936,-52.99720,-1752.00000
0.23755,0.23196,0.23393,0.23854,0.23492,0.21058,0.20565,0.19907,0.20203,0.20400,0.03001,0.03363,0.03166,0.03330,0.02804,-52.99720,-1751.00000
0.22735,0.23788,0.23624,0.22801,0.22966,0.20565,0.20071,0.20466,0.20137,0.20598,0.02870,0.03232,0.03100,0.03462,0.02837,-53.36628,-1750.00000
0.23393,0.23097,0.23558,0.23328,0.22900,0.20532,0.20466,0.20335,0.20598,0.20663,0.03133,0.02837,0.03100,0.03265,0.02903,-53.36628,-1749.00000
0.23393,0.23426,0.23130,0.23459,0.23722,0.20795,0.20828,0.20598,0.20302,0.20400,0.02771,0.02738,0.03034,0.03265,0.02936,-54.39066,-1748.00000
0.23492,0.23229,0.23229,0.23591,0.23624,0.20335,0.20598,0.20795,0.20959,0.20499,0.02936,0.03297,0.02771,0.02837,0.03265,-54.39066,-1747.00000
0.23656,0.23426,0.23656,0.23459,0.23492,0.20828,0.20236,0.20663,0.20532,0.20532,0.03462,0.02870,0.02771,0.03166,0.03100,-55.12257,-1746.00000
0.23426,0.23328,0.23064,0.23525,0.23393,0.20598,0.20598,0.19808,0.20400,0.20335,0.03363,0.03265,0.03297,0.02968,0.03363,-55.12257,-1745.00000
0.23163,0.23952,0.23064,0.23360,0.23393,0.20433,0.20269,0.20203,0.20367,0.20302,0.02903,0.03001,0.03100,0.03232,0.03166,-54.39234,-1744.00000
0.23788,0.23032,0.23295,0.23328,0.23360,0.20236,0.20598,0.20499,0.20959,0.20499,0.02804,0.03166,0.02903,0.02968,0.03297,-54.39234,-1743.00000
0.23821,0.23196,0.23393,0.23262,0.23064,0.20170,0.20762,0.20795,0.20795,0.20565,0.03067,0.03265,0.02903,0.03199,0.02771,-54.19080,-1742.00000
0.23196,0.23459,0.23887,0.23163,0.24018,0.19973,0.20071,0.20762,0.20631,0.20466,0.03034,0.03034,0.03396,0.03133,0.03199,-54.19080,-1741.00000
0.23952,0.23097,0.23656,0.23624,0.22670,0.21091,0.20631,0.20170,0.20170,0.20269,0.03199,0.02705,0.02705,0.02837,0.02870,-54.01435,-1740.00000
0.23854,0.23788,0.23591,0.23722,0.23755,0.20598,0.20302,0.20532,0.20729,0.20894,0.02968,0.02870,0.03034,0.03199,0.03067,-54.01435,-1739.00000
0.23656,0.23722,0.23459,0.23459,0.23032,0.20236,0.20663,0.20729,0.20400,0.20762,0.03199,0.03034,0.02903,0.03396,0.02968,-52.96909,-1738.00000
0.23393,0.23360,0.23755,0.23558,0.23558,0.20400,0.20663,0.20433,0.20663,0.20828,0.02936,0.03100,0.02968,0.03166,0.03199,-52.96909,-1737.00000
0.23262,0.23262,0.23722,0.22999,0.23755,0.20795,0.20203,0.20663,0.20663,0.20269,0.03199,0.03100,0.03133,0.03133,0.02936,-53.16423,-1736.00000
0.23328,0.22801,0.23656,0.23459,0.23624,0.20663,0.20663,0.20466,0.20499,0.20104,0.03067,0.03199,0.03133,0.02804,0.03593,-53.16423,-1735.00000
0.23591,0.23558,0.23558,0.23328,0.23328,0.20367,0.20565,0.20631,0.20367,0.20335,0.03067,0.03166,0.02968,0.02968,0.02903,-52.11922,-1734.00000
0.24183,0.23393,0.23985,0.23492,0.23393,0.20927,0.20696,0.20663,0.20631,0.20071,0.02936,0.03067,0.03199,0.03067,0.03067,-52.11922,-1733.00000
0.23426,0.23163,0.23492,0.23426,0.23624,0.20433,0.20927,0.20335,0.20532,0.20598,0.03067,0.02903,0.03001,0.02968,0.03001,-51.51616,-1732.00000
0.23624,0.23624,0.23130,0.23656,0.23689,0.20236,0.20631,0.20795,0.20828,0.20861,0.03429,0.03133,0.03495,0.03495,0.03034,-51.51616,-1731.00000
0.23788,0.23755,0.23130,0.23788,0.23459,0.20400,0.20400,0.20104,0.20335,0.20762,0.03001,0.02903,0.03067,0.02837,0.03297,-50.39675,-1730.00000
0.23459,0.23426,0.23821,0.22670,0.23360,0.20631,0.20795,0.20861,0.20795,0.20499,0.02837,0.03034,0.03297,0.03232,0.03297,-50.39675,-1729.00000
0.23854,0.23328,0.23393,0.23525,0.23328,0.20532,0.20433,0.20499,0.20532,0.20631,0.02837,0.03100,0.02936,0.03265,0.02968,-47.39808,-1728.00000
0.23196,0.23755,0.22867,0.23097,0.23558,0.20663,0.20236,0.20302,0.20631,0.20663,0.02936,0.03100,0.03232,0.03034,0.02771,-47.39808,-1727.00000
0.23360,0.23854,0.23032,0.23558,0.23163,0.20367,0.20236,0.20302,0.20598,0.20499,0.03100,0.02837,0.02771,0.03034,0.03462,-46.59455,-1726.00000
0.23722,0.23459,0.23558,0.23360,0.23492,0.20532,0.20170,0.20466,0.20795,0.20663,0.02804,0.02738,0.03166,0.03001,0.02804,-46.59455,-1725.00000
0.23360,0.22735,0.24018,0.23920,0.22999,0.20367,0.20663,0.20631,0.20696,0.20828,0.03001,0.03166,0.02804,0.02607,0.02672,-47.83341,-1724.00000
0.23328,0.23196,0.24051,0.23360,0.23426,0.20433,0.20959,0.20302,0.20466,0.20663,0.03199,0.02804,0.02936,0.03297,0.03363,-47.83341,-1723.00000
0.23196,0.23755,0.23328,0.23262,0.23755,0.20762,0.20828,0.20400,0.20335,0.20499,0.02903,0.02705,0.02837,0.03330,0.03001,-49.32198,-1722.00000
0.23689,0.23722,0.23328,0.23459,0.23130,0.20598,0.20894,0.20532,0.20335,0.20466,0.03067,0.02508,0.02771,0.03265,0.02804,-49.32198,-1721.00000
0.23952,0.23196,0.23689,0.23722,0.23689,0.20400,0.20631,0.20335,0.20861,0.20795,0.03199,0.03199,0.02968,0.02968,0.02541,-50.83530,-1720.00000
0.22999,0.23492,0.23459,0.23393,0.23656,0.20598,0.20170,0.20236,0.20729,0.20861,0.02640,0.03001,0.03297,0.03001,0.02936,-50.83530,-1719.00000
0.23393,0.23393,0.23229,0.23295,0.23755,0.19940,0.20466,0.20598,0.20302,0.20170,0.03100,0.02541,0.02672,0.03133,0.03001,-51.36248,-1718.00000
0.23624,0.23689,0.23689,0.23064,0.23788,0.19874,0.21157,0.20532,0.21157,0.20104,0.02968,0.03265,0.02672,0.02771,0.02705,-51.36248,-1717.00000
0.23064,0.24084,0.23360,0.23952,0.23393,0.20532,0.20828,0.20433,0.20861,0.20236,0.02968,0.02640,0.02738,0.02804,0.02936,-52.93710,-1716.00000
0.22834,0.23393,0.23328,0.23229,0.23492,0.20203,0.20335,0.20762,0.20038,0.20959,0.02672,0.02771,0.02409,0.02672,0.03067,-52.93710,-1715.00000
0.23393,0.23459,0.23788,0.23262,0.23328,0.20335,0.20236,0.20499,0.20104,0.20598,0.02672,0.03034,0.02705,0.02903,0.02837,-53.61454,-1714.00000
0.23262,0.23426,0.23624,0.23393,0.23591,0.20631,0.20137,0.20631,0.19973,0.20663,0.02771,0.03067,0.02903,0.03232,0.02738,-53.61454,-1713.00000
0.23558,0.24544,0.23163,0.23920,0.23492,0.20335,0.20565,0.20269,0.20269,0.20302,0.03297,0.03232,0.02968,0.02968,0.02837,-54.24624,-1712.00000
0.23755,0.22604,0.23689,0.24150,0.23393,0.20663,0.20532,0.20367,0.20269,0.20499,0.03100,0.03001,0.02936,0.03429,0.03034,-54.24624,-1711.00000
0.23459,0.22999,0.23459,0.23459,0.23525,0.20795,0.20466,0.20466,0.20499,0.20367,0.03067,0.02804,0.02936,0.03133,0.03067,-53.92244,-1710.00000
0.23064,0.23887,0.23591,0.23295,0.23459,0.20762,0.20302,0.20532,0.20400,0.20762,0.02804,0.02705,0.02607,0.03265,0.03067,-53.92244,-1709.00000
0.23229,0.23360,0.23328,0.23360,0.23689,0.20795,0.20269,0.20762,0.20236,0.20433,0.02804,0.02870,0.02903,0.02705,0.02640,-54.05350,-1708.00000
0.23854,0.23262,0.22768,0.23656,0.23558,0.20006,0.20170,0.20499,0.20466,0.20269,0.03067,0.02936,0.02837,0.02837,0.02672,-54.05350,-1707.00000
0.22834,0.23591,0.23558,0.23591,0.23360,0.20400,0.20663,0.20302,0.20367,0.20137,0.02936,0.02936,0.03001,0.02804,0.03166,-53.69911,-1706.00000
0.22703,0.23426,0.22933,0.23952,0.22801,0.20269,0.20367,0.21157,0.20499,0.20400,0.03330,0.02903,0.02870,0.02738,0.02903,-53.69911,-1705.00000
0.23393,0.23360,0.23459,0.23985,0.23328,0.20565,0.20565,0.20071,0.20170,0.20631,0.03100,0.02870,0.03034,0.03363,0.02672,-53.31684,-1704.00000
0.23459,0.24248,0.23196,0.23393,0.23196,0.20532,0.20433,0.20006,0.20400,0.20433,0.02968,0.02903,0.03199,0.02738,0.02640,-53.31684,-1703.00000
0.23459,0.23262,0.23097,0.24117,0.23130,0.20269,0.20269,0.20927,0.19973,0.20203,0.02936,0.02475,0.03297,0.03001,0.02837,-53.04270,-1702.00000
0.23097,0.23328,0.23492,0.23328,0.22900,0.20729,0.20795,0.20466,0.20367,0.20631,0.02771,0.02936,0.02705,0.02771,0.03001,-53.04270,-1701.00000
0.23163,0.22999,0.23525,0.23262,0.23097,0.20335,0.20269,0.20631,0.20598,0.20367,0.02903,0.03034,0.03001,0.02903,0.02738,-52.52233,-1700.00000
0.23262,0.23722,0.23459,0.23591,0.23459,0.20335,0.20992,0.20565,0.20269,0.20269,0.02738,0.02541,0.02936,0.02475,0.03001,-52.52233,-1699.00000
0.23328,0.23295,0.23032,0.23393,0.22801,0.20203,0.20499,0.20532,0.20335,0.20565,0.03100,0.02837,0.02672,0.03034,0.02672,-52.66985,-1698.00000
0.23097,0.23689,0.23130,0.23788,0.23788,0.20565,0.20532,0.20006,0.20006,0.20499,0.02804,0.02771,0.03199,0.03034,0.02968,-52.66985,-1697.00000
0.23624,0.23130,0.23755,0.23130,0.24117,0.20400,0.20466,0.20137,0.20466,0.20466,0.02804,0.02738,0.03133,0.03034,0.02541,-52.51657,-1696.00000
0.23558,0.23032,0.23525,0.23130,0.23722,0.20400,0.20762,0.20927,0.20532,0.20269,0.03199,0.02936,0.02705,0.02837,0.02870,-52.51657,-1695.00000
0.23426,0.23656,0.23788,0.23360,0.23295,0.20795,0.20795,0.20565,0.20762,0.20631,0.02640,0.02837,0.03133,0.02574,0.02640,-52.43748,-1694.00000
0.23755,0.22933,0.23788,0.22933,0.23295,0.20466,0.20532,0.20433,0.19775,0.20006,0.02968,0.02574,0.02936,0.02870,0.02870,-52.43748,-1693.00000
0.22900,0.23854,0.23459,0.23097,0.23492,0.20565,0.20894,0.20400,0.20565,0.20532,0.02968,0.03067,0.02837,0.02804,0.02771,-52.05859,-1692.00000
0.23426,0.23722,0.23360,0.23689,0.23525,0.19973,0.20729,0.20828,0.20762,0.20729,0.02968,0.02804,0.03100,0.02968,0.03001,-52.05859,-1691.00000
0.22801,0.24117,0.23360,0.23130,0.23426,0.20499,0.20400,0.20598,0.20170,0.20762,0.02968,0.02968,0.02936,0.02738,0.02837,-52.33300,-1690.00000
0.23558,0.23920,0.23163,0.22999,0.22768,0.20236,0.20137,0.20598,0.20433,0.20565,0.02903,0.02409,0.03166,0.02311,0.02870,-52.33300,-1689.00000
0.23393,0.22505,0.23459,0.23426,0.23689,0.20663,0.20598,0.20631,0.20532,0.20631,0.02640,0.02574,0.02705,0.03265,0.03166,-51.61816,-1688.00000
0.23295,0.22801,0.22735,0.22867,0.23755,0.20400,0.20433,0.19940,0.20762,0.20367,0.02607,0.02672,0.02541,0.02870,0.02936,-51.61816,-1687.00000
0.23064,0.23262,0.23229,0.23360,0.23032,0.20137,0.20236,0.20335,0.20762,0.20400,0.02607,0.03067,0.02870,0.02640,0.02837,-52.14453,-1686.00000
0.23624,0.23064,0.23393,0.23591,0.23788,0.20499,0.20663,0.20499,0.20532,0.20927,0.03100,0.02968,0.02804,0.02574,0.02705,-52.14453,-1685.00000
0.23393,0.23229,0.23229,0.23788,0.23492,0.20433,0.20598,0.20170,0.20598,0.20499,0.02541,0.02936,0.02541,0.02475,0.02442,-52.64209,-1684.00000
0.23032,0.23196,0.22801,0.23130,0.24281,0.20400,0.20466,0.20631,0.20137,0.20532,0.03100,0.02804,0.02672,0.02607,0.02705,-52.64209,-1683.00000
0.22801,0.23887,0.23689,0.23722,0.23295,0.20236,0.20565,0.20696,0.20795,0.20729,0.02640,0.02705,0.02672,0.02804,0.02804,-53.44751,-1682.00000
0.23163,0.23295,0.23492,0.23295,0.23788,0.19940,0.20927,0.20137,0.20828,0.20499,0.02475,0.02804,0.02936,0.02738,0.02771,-53.44751,-1681.00000
0.23328,0.23558,0.23163,0.23492,0.23525,0.20466,0.20663,0.20269,0.20367,0.20071,0.02903,0.02903,0.02837,0.02837,0.02804,-53.67200,-1680.00000
0.23656,0.23295,0.23459,0.22966,0.23722,0.20104,0.19973,0.20762,0.20762,0.20335,0.02738,0.02311,0.02804,0.02837,0.02672,-53.67200,-1679.00000
0.23426,0.23393,0.23558,0.23426,0.23591,0.20466,0.20631,0.20729,0.20466,0.20499,0.02837,0.02804,0.02936,0.02870,0.02968,-54.17487,-1678.00000
0.23525,0.22604,0.23459,0.23624,0.23854,0.20335,0.20400,0.21058,0.20433,0.20170,0.02475,0.03100,0.02771,0.03133,0.02804,-54.17487,-1677.00000
0.23624,0.22834,0.23032,0.23492,0.22966,0.20269,0.20631,0.20729,0.20631,0.20433,0.03133,0.02771,0.02541,0.03100,0.02804,-54.45560,-1676.00000
0.23360,0.23525,0.23920,0.22900,0.23295,0.20696,0.20663,0.20433,0.20762,0.20170,0.02475,0.02804,0.02409,0.02837,0.02738,-54.45560,-1675.00000
0.23295,0.23985,0.23097,0.23854,0.24281,0.20631,0.20828,0.20367,0.20959,0.20170,0.02409,0.02936,0.02771,0.02870,0.02738,-53.71461,-1674.00000
0.23295,0.23525,0.23920,0.23689,0.23492,0.20828,0.20894,0.20631,0.20466,0.20663,0.02771,0.02705,0.02870,0.02771,0.02903,-53.71461,-1673.00000
0.23656,0.23854,0.23788,0.23229,0.23854,0.20400,0.20631,0.20663,0.20795,0.20861,0.02705,0.02804,0.02870,0.03133,0.02607,-53.58094,-1672.00000
0.22966,0.23591,0.23656,0.23492,0.23328,0.19940,0.20532,0.20137,0.20565,0.20466,0.02738,0.02475,0.02607,0.02738,0.02771,-53.58094,-1671.00000
0.23722,0.23952,0.23393,0.23821,0.23722,0.20631,0.20335,0.20499,0.20663,0.20696,0.02771,0.02936,0.02409,0.03034,0.02607,-53.36518,-1670.00000
0.23295,0.23952,0.23591,0.23492,0.22999,0.20532,0.20729,0.20236,0.20795,0.20367,0.02607,0.02705,0.02672,0.02672,0.02409,-53.36518,-1669.00000
0.23229,0.23722,0.23525,0.23985,0.23328,0.21091,0.20894,0.20795,0.20762,0.20302,0.02771,0.03133,0.02541,0.02738,0.02936,-53.49655,-1668.00000
0.23722,0.23492,0.23393,0.23229,0.23952,0.19973,0.21321,0.20269,0.20861,0.20499,0.02607,0.02804,0.02870,0.02442,0.02968,-53.49655,-1667.00000
0.23163,0.23295,0.23755,0.23130,0.24084,0.20598,0.21025,0.21354,0.20762,0.20894,0.02508,0.02048,0.02475,0.02903,0.02903,-52.19017,-1666.00000
0.23591,0.23328,0.23229,0.23722,0.24314,0.20729,0.20565,0.20367,0.20236,0.20532,0.02804,0.02475,0.02278,0.02837,0.02376,-52.19017,-1665.00000
0.23558,0.23295,0.23459,0.23656,0.23591,0.20400,0.20631,0.20269,0.20532,0.20367,0.02705,0.02870,0.02409,0.02705,0.03034,-51.55895,-1664.00000
0.23887,0.23821,0.23393,0.23722,0.23591,0.20762,0.20565,0.20565,0.20532,0.20104,0.02968,0.02508,0.02738,0.02574,0.02409,-51.55895,-1663.00000
0.23624,0.23393,0.23689,0.22703,0.23854,0.20894,0.20466,0.20598,0.20367,0.20236,0.02968,0.02672,0.02475,0.02936,0.02903,-51.95623,-1662.00000
0.23360,0.23689,0.23163,0.23163,0.23656,0.20466,0.20499,0.20532,0.20433,0.20795,0.02771,0.02278,0.02771,0.02738,0.02870,-51.95623,-1661.00000
0.23262,0.23393,0.23360,0.23887,0.22768,0.20433,0.20302,0.20335,0.20137,0.20565,0.02640,0.02640,0.02738,0.02146,0.02442,-52.03280,-1660.00000
0.23097,0.23755,0.23064,0.23097,0.23656,0.20663,0.20598,0.20532,0.20400,0.20696,0.02376,0.02541,0.02705,0.02837,0.02442,-52.03280,-1659.00000
0.23788,0.23624,0.23459,0.23492,0.23196,0.20828,0.20269,0.20499,0.20367,0.20663,0.02738,0.02804,0.02541,0.02508,0.02508,-52.11259,-1658.00000
0.23130,0.23097,0.23196,0.24051,0.23229,0.20499,0.20302,0.20400,0.20335,0.20236,0.02475,0.02870,0.02607,0.02804,0.02409,-52.11259,-1657.00000
0.23689,0.23064,0.23229,0.23360,0.23229,0.20433,0.20631,0.20433,0.19973,0.20170,0.02804,0.02705,0.02442,0.02376,0.02376,-52.18911,-1656.00000
0.23295,0.23722,0.23130,0.23064,0.23097,0.20598,0.20828,0.20565,0.20565,0.21190,0.02870,0.02245,0.02672,0.02113,0.02541,-52.18911,-1655.00000
0.23229,0.23887,0.22867,0.23755,0.24248,0.20236,0.20499,0.20335,0.20071,0.20598,0.02376,0.02376,0.02311,0.03001,0.02409,-52.73518,-1654.00000
0.22999,0.23755,0.23755,0.22834,0.23656,0.20532,0.20433,0.20663,0.20236,0.20499,0.02936,0.02409,0.02541,0.02311,0.02442,-52.73518,-1653.00000
0.23558,0.23130,0.23821,0.23459,0.23558,0.19973,0.21058,0.20598,0.20170,0.20203,0.02705,0.02541,0.02672,0.02738,0.02409,-53.13517,-1652.00000
0.23295,0.23656,0.23755,0.23656,0.23032,0.20466,0.20861,0.20729,0.20400,0.20499,0.02080,0.02442,0.02574,0.02870,0.02475,-53.13517,-1651.00000
0.23426,0.23591,0.23591,0.23032,0.23952,0.20631,0.20565,0.20236,0.20828,0.20236,0.02442,0.02705,0.02541,0.02212,0.02311,-53.18624,-1650.00000
0.23492,0.23591,0.23393,0.23755,0.23558,0.20038,0.20631,0.20598,0.19808,0.20927,0.02475,0.02738,0.02541,0.02311,0.02804,-53.18624,-1649.00000
0.23328,0.23952,0.23887,0.23130,0.23525,0.20565,0.20203,0.20269,0.20335,0.20729,0.02640,0.02179,0.02409,0.02672,0.02771,-52.84068,-1648.00000
0.23788,0.23262,0.23656,0.22768,0.23032,0.20170,0.20927,0.19973,0.19940,0.20367,0.02376,0.02508,0.02837,0.02344,0.02409,-52.84068,-1647.00000
0.23163,0.24248,0.23426,0.23525,0.23295,0.20367,0.20433,0.20104,0.20367,0.20236,0.02080,0.02278,0.02607,0.02837,0.02179,-53.41741,-1646.00000
0.22966,0.22999,0.23328,0.23130,0.23393,0.20433,0.20170,0.20400,0.20367,0.20663,0.02705,0.02179,0.02278,0.02475,0.02442,-53.41741,-1645.00000
0.23689,0.23328,0.23591,0.23229,0.23821,0.20400,0.20302,0.20762,0.20335,0.20203,0.02245,0.02344,0.02640,0.02475,0.02212,-53.40548,-1644.00000
0.23854,0.23229,0.23393,0.23393,0.23328,0.20335,0.20335,0.19940,0.20236,0.20433,0.02475,0.02146,0.02903,0.02508,0.02344,-53.40548,-1643.00000
0.23097,0.23426,0.23328,0.23525,0.22999,0.20367,0.20302,0.20302,0.20565,0.20137,0.02607,0.02080,0.02212,0.02442,0.02574,-52.71837,-1642.00000
0.23426,0.23952,0.23624,0.23393,0.23558,0.20729,0.20532,0.20696,0.20466,0.20269,0.02376,0.02508,0.02508,0.02640,0.02311,-52.71837,-1641.00000
0.23196,0.23295,0.23755,0.23624,0.22933,0.20137,0.20959,0.20795,0.20400,0.20466,0.02574,0.02508,0.02640,0.02376,0.02508,-51.92071,-1640.00000
0.23097,0.22637,0.23656,0.23393,0.23920,0.20236,0.20433,0.20663,0.20598,0.20170,0.02541,0.02738,0.02376,0.02738,0.02475,-51.92071,-1639.00000
0.23459,0.23952,0.23393,0.22867,0.23097,0.20400,0.20532,0.20335,0.20894,0.20335,0.02245,0.02344,0.02475,0.02311,0.02212,-49.95449,-1638.00000
0.22834,0.23788,0.23525,0.23032,0.23426,0.20203,0.20532,0.20137,0.20302,0.20236,0.02212,0.02574,0.02278,0.02212,0.02574,-49.95449,-1637.00000
0.23525,0.23295,0.23163,0.23689,0.22900,0.20400,0.20236,0.20203,0.20598,0.20367,0.02607,0.02113,0.02508,0.02311,0.02376,-49.13740,-1636.00000
0.23229,0.23097,0.23525,0.22966,0.23295,0.20335,0.20861,0.20269,0.20729,0.20861,0.02344,0.02508,0.02179,0.02344,0.02607,-49.13740,-1635.00000
0.23426,0.23558,0.22900,0.22966,0.24314,0.20466,0.20466,0.20302,0.20335,0.20959,0.02508,0.02376,0.02376,0.02376,0.02179,-47.43735,-1634.00000
0.23722,0.23722,0.23558,0.23328,0.23097,0.20565,0.20532,0.20795,0.20565,0.20367,0.02672,0.02475,0.02113,0.02278,0.02278,-47.43735,-1633.00000
0.23360,0.22867,0.23492,0.23130,0.23295,0.20302,0.20006,0.20696,0.20071,0.20631,0.02278,0.02113,0.02344,0.02376,0.02409,-47.18303,-1632.00000
0.23295,0.23097,0.23558,0.23328,0.23097,0.20959,0.20236,0.20499,0.19973,0.20466,0.02015,0.02607,0.02376,0.02015,0.02475,-47.18303,-1631.00000
0.23426,0.23426,0.23163,0.22801,0.23755,0.20433,0.20367,0.20795,0.20466,0.20170,0.02212,0.02508,0.02541,0.02475,0.02278,-48.88693,-1630.00000
0.23064,0.23262,0.23295,0.24018,0.23492,0.20367,0.20729,0.20927,0.20137,0.20565,0.02574,0.02475,0.02640,0.02640,0.02146,-48.88693,-1629.00000
0.23492,0.23525,0.23558,0.22999,0.23689,0.20631,0.19874,0.20532,0.20302,0.20433,0.02672,0.02574,0.02212,0.02278,0.02837,-50.49327,-1628.00000
0.23525,0.23130,0.23459,0.23525,0.23196,0.20598,0.20104,0.19710,0.20795,0.20302,0.02344,0.02311,0.01883,0.02344,0.02541,-50.49327,-1627.00000
0.22735,0.23492,0.23492,0.23887,0.23064,0.20071,0.20269,0.20631,0.20236,0.20335,0.02607,0.02376,0.02376,0.02311,0.02574,-51.56988,-1626.00000
0.23262,0.22801,0.23032,0.23295,0.23624,0.20038,0.20499,0.20400,0.20861,0.20302,0.02311,0.02245,0.02278,0.02409,0.02442,-51.56988,-1625.00000
0.23360,0.23360,0.22604,0.23821,0.23558,0.20861,0.20663,0.20104,0.20565,0.20894,0.02113,0.01982,0.02640,0.02442,0.02015,-52.04715,-1624.00000
0.23656,0.23032,0.23426,0.22900,0.23591,0.20762,0.20104,0.19940,0.20433,0.20400,0.02179,0.01784,0.02113,0.02607,0.02179,-52.04715,-1623.00000
0.22768,0.23788,0.23624,0.23130,0.22966,0.20696,0.20861,0.20631,0.20236,0.19545,0.02015,0.02179,0.02278,0.02442,0.02344,-52.58119,-1622.00000
0.22768,0.23328,0.23262,0.23525,0.23558,0.20565,0.20137,0.19973,0.20335,0.20302,0.02376,0.01850,0.02607,0.02113,0.02179,-52.58119,-1621.00000
0.23262,0.23689,0.22999,0.23130,0.23492,0.20729,0.20400,0.20894,0.20762,0.20269,0.02344,0.02212,0.02311,0.02409,0.02080,-52.98249,-1620.00000
0.23032,0.23262,0.23262,0.23393,0.23755,0.20532,0.20236,0.20532,0.20269,0.20367,0.02344,0.02113,0.02442,0.02376,0.02146,-52.98249,-1619.00000
0.22834,0.23393,0.22999,0.23393,0.23130,0.19841,0.20433,0.20729,0.20170,0.20861,0.02080,0.02837,0.01850,0.02442,0.01982,-53.33207,-1618.00000
0.23656,0.23032,0.23558,0.23624,0.23426,0.20433,0.19808,0.20565,0.20598,0.20335,0.02574,0.02508,0.02442,0.02212,0.02376,-53.33207,-1617.00000
0.23591,0.23624,0.22999,0.23558,0.23525,0.20894,0.20006,0.20104,0.20269,0.20038,0.02245,0.02179,0.02607,0.02804,0.02080,-53.37258,-1616.00000
0.22801,0.23130,0.23064,0.23426,0.23459,0.20565,0.20236,0.20006,0.20466,0.20466,0.02344,0.02113,0.02508,0.02541,0.02080,-53.37258,-1615.00000
0.23624,0.22637,0.23064,0.23459,0.23196,0.20927,0.20499,0.20071,0.20335,0.20565,0.02278,0.02015,0.02015,0.02048,0.02311,-53.30494,-1614.00000
0.23591,0.23459,0.23295,0.23459,0.23821,0.20894,0.20269,0.20565,0.20433,0.20335,0.02212,0.02113,0.02278,0.02245,0.02508,-53.30494,-1613.00000
0.23295,0.23459,0.23064,0.23722,0.23689,0.20499,0.20335,0.20466,0.20663,0.20532,0.02015,0.01949,0.02245,0.02113,0.02113,-53.83509,-1612.00000
0.23097,0.23492,0.22604,0.23624,0.22900,0.20400,0.20433,0.20400,0.20565,0.20203,0.02179,0.02311,0.02278,0.02245,0.02508,-53.83509,-1611.00000
0.23196,0.22933,0.23393,0.23689,0.22768,0.20367,0.20400,0.20170,0.20631,0.20499,0.02113,0.02245,0.02541,0.02080,0.02212,-53.90729,-1610.00000
0.22966,0.24314,0.23064,0.23656,0.23689,0.20631,0.20696,0.20302,0.20335,0.20269,0.02278,0.01850,0.01784,0.02212,0.02311,-53.90729,-1609.00000
0.23360,0.23558,0.23064,0.23459,0.23196,0.20071,0.20532,0.20499,0.20269,0.20203,0.02376,0.01883,0.02146,0.02113,0.02212,-54.14359,-1608.00000
0.23229,0.23097,0.23788,0.22966,0.23459,0.20269,0.20466,0.20170,0.20499,0.20367,0.01752,0.01982,0.01916,0.02311,0.01982,-54.14359,-1607.00000
0.23492,0.22768,0.23722,0.23591,0.23360,0.20335,0.19940,0.20795,0.20729,0.19710,0.02311,0.02311,0.02113,0.02179,0.02344,-53.14357,-1606.00000
0.23064,0.23360,0.23492,0.23196,0.23492,0.20565,0.20236,0.20499,0.20335,0.20335,0.02015,0.02080,0.02475,0.02179,0.01850,-53.14357,-1605.00000
0.23328,0.23755,0.22834,0.23525,0.23130,0.20499,0.20335,0.20269,0.20532,0.20400,0.02245,0.01916,0.01850,0.02015,0.02080,-51.77442,-1604.00000
0.23032,0.24117,0.23624,0.22834,0.23624,0.19973,0.20302,0.20433,0.20367,0.20598,0.02179,0.01587,0.02376,0.01949,0.02015,-51.77442,-1603.00000
0.23525,0.23295,0.22900,0.23624,0.23130,0.20565,0.19775,0.20071,0.20795,0.20203,0.01982,0.02015,0.02278,0.01949,0.02113,-51.55371,-1602.00000
0.22834,0.23525,0.23722,0.23196,0.22966,0.20532,0.20598,0.20203,0.20367,0.20762,0.01949,0.01916,0.02080,0.01949,0.02080,-51.55371,-1601.00000
0.23196,0.23097,0.23426,0.22637,0.23360,0.21058,0.20532,0.20696,0.20006,0.20532,0.01784,0.02475,0.02475,0.02113,0.02080,-51.46778,-1600.00000
0.23032,0.23689,0.23393,0.23097,0.23788,0.20696,0.20269,0.20499,0.20631,0.19907,0.01949,0.02015,0.02344,0.01883,0.02179,-51.46778,-1599.00000
0.23229,0.23064,0.23328,0.22637,0.23097,0.20466,0.20236,0.20631,0.20762,0.19973,0.01784,0.02541,0.02278,0.01850,0.02146,-51.73731,-1598.00000
0.22933,0.23196,0.23130,0.23591,0.23262,0.20400,0.20203,0.20400,0.20433,0.20663,0.01916,0.02048,0.02113,0.02376,0.02344,-51.73731,-1597.00000
0.23492,0.23229,0.23229,0.23492,0.23328,0.20532,0.19907,0.20038,0.20203,0.20400,0.02212,0.02278,0.02048,0.01982,0.01719,-51.46191,-1596.00000
0.22966,0.23788,0.23163,0.23360,0.23130,0.20466,0.20203,0.20269,0.20499,0.20532,0.01916,0.01620,0.02113,0.01883,0.02146,-51.46191,-1595.00000
0.23130,0.23656,0.23426,0.23426,0.23097,0.20203,0.20663,0.20170,0.20104,0.20598,0.02113,0.02015,0.01949,0.01817,0.02179,-52.22510,-1594.00000
0.23097,0.22703,0.23558,0.22999,0.22999,0.20367,0.20335,0.20038,0.19710,0.20400,0.01719,0.02080,0.02080,0.01982,0.01784,-52.22510,-1593.00000
0.23591,0.23591,0.23492,0.22801,0.23032,0.20729,0.20696,0.20433,0.20565,0.19710,0.01488,0.01982,0.02015,0.02541,0.01686,-52.38696,-1592.00000
0.23032,0.23689,0.23196,0.23624,0.23262,0.20400,0.20400,0.19973,0.20335,0.20631,0.01784,0.02245,0.02179,0.01982,0.01488,-52.38696,-1591.00000
0.23130,0.22900,0.23821,0.23196,0.22472,0.20236,0.20367,0.20236,0.20663,0.20400,0.01916,0.01916,0.01784,0.01883,0.02278,-52.51184,-1590.00000
0.23262,0.23689,0.23097,0.23459,0.23426,0.20104,0.20795,0.20400,0.20795,0.20466,0.01817,0.01916,0.01850,0.02179,0.01916,-52.51184,-1589.00000
0.23656,0.23393,0.23459,0.22834,0.23393,0.20302,0.20433,0.20302,0.20335,0.20335,0.01587,0.02376,0.01784,0.02245,0.01258,-53.04547,-1588.00000
0.23032,0.23459,0.23097,0.23459,0.23426,0.20203,0.20828,0.20433,0.20696,0.20170,0.01719,0.02015,0.02245,0.02048,0.01686,-53.04547,-1587.00000
0.22834,0.22999,0.23624,0.22768,0.23328,0.20367,0.20400,0.20038,0.20335,0.20663,0.02080,0.02113,0.01850,0.02015,0.02113,-53.86404,-1586.00000
0.23163,0.22966,0.23722,0.23426,0.22867,0.20433,0.20565,0.20894,0.20236,0.19808,0.01883,0.01784,0.01982,0.01784,0.01784,-53.86404,-1585.00000
0.23426,0.23229,0.23229,0.23558,0.22735,0.20565,0.20499,0.20762,0.20433,0.20302,0.01982,0.02080,0.01850,0.02212,0.01686,-54.19521,-1584.00000
0.23097,0.23920,0.22670,0.23920,0.22505,0.20335,0.19940,0.20631,0.20499,0.20565,0.01620,0.01916,0.02113,0.01752,0.02212,-54.19521,-1583.00000
0.23656,0.23360,0.23163,0.23229,0.23492,0.20269,0.20433,0.20367,0.20631,0.20466,0.01719,0.01752,0.01916,0.01817,0.01916,-54.28999,-1582.00000
0.23196,0.23262,0.23097,0.22703,0.23854,0.20598,0.19973,0.20137,0.20433,0.20663,0.01653,0.01752,0.01686,0.01817,0.01752,-54.28999,-1581.00000
0.23459,0.23196,0.23492,0.22867,0.23689,0.20236,0.20433,0.20696,0.20598,0.20729,0.01850,0.01883,0.01620,0.01587,0.01719,-53.93943,-1580.00000
0.22867,0.23229,0.22933,0.23459,0.23525,0.20861,0.20663,0.20565,0.20532,0.20696,0.01916,0.02212,0.01653,0.01423,0.01916,-53.93943,-1579.00000
0.23295,0.23722,0.22735,0.23821,0.23163,0.20762,0.20203,0.20335,0.20335,0.20400,0.01850,0.01784,0.01982,0.01949,0.02080,-53.30028,-1578.00000
0.23393,0.23920,0.23262,0.23426,0.23064,0.20335,0.20400,0.20598,0.20466,0.20795,0.02146,0.01488,0.02311,0.02113,0.01949,-53.30028,-1577.00000
0.23689,0.23821,0.23295,0.23196,0.23262,0.20433,0.20137,0.20729,0.20598,0.20532,0.01949,0.01719,0.01521,0.02113,0.02113,-52.61205,-1576.00000
0.23558,0.23624,0.23656,0.22834,0.23196,0.20992,0.20367,0.20663,0.20203,0.20367,0.01949,0.01883,0.01850,0.02015,0.01883,-52.61205,-1575.00000
0.23689,0.23525,0.23525,0.23328,0.23360,0.20631,0.20302,0.20795,0.20499,0.20631,0.02311,0.01357,0.01719,0.01719,0.01653,-52.20691,-1574.00000
0.23262,0.23360,0.23558,0.22900,0.23722,0.21025,0.20795,0.20894,0.19841,0.20532,0.01752,0.01653,0.01686,0.01686,0.01291,-52.20691,-1573.00000
0.23854,0.22966,0.23097,0.23525,0.23689,0.20433,0.21025,0.20696,0.20499,0.20367,0.01949,0.01817,0.01949,0.01752,0.01719,-51.97748,-1572.00000
0.23229,0.22966,0.23393,0.22933,0.23032,0.20565,0.20433,0.20400,0.20696,0.20499,0.01653,0.01686,0.01752,0.01390,0.01620,-51.97748,-1571.00000
0.22966,0.23328,0.22637,0.23755,0.23722,0.20894,0.20433,0.20433,0.20203,0.20631,0.01620,0.01653,0.02080,0.01686,0.02080,-52.15817,-1570.00000
0.22768,0.23656,0.23097,0.23788,0.22801,0.20071,0.20269,0.20038,0.20696,0.20170,0.01784,0.01587,0.01752,0.01982,0.01752,-52.15817,-1569.00000
0.23064,0.23360,0.23229,0.23492,0.23492,0.20466,0.20104,0.20170,0.20203,0.20400,0.01653,0.01521,0.01653,0.01719,0.01784,-52.05077,-1568.00000
0.22933,0.23328,0.23689,0.22571,0.23328,0.20466,0.20499,0.20302,0.20532,0.20203,0.01423,0.01456,0.01817,0.01423,0.01488,-52.05077,-1567.00000
0.23459,0.23525,0.23755,0.23821,0.23064,0.20400,0.20038,0.20236,0.21025,0.20565,0.01291,0.01587,0.01949,0.01390,0.01883,-51.82861,-1566.00000
0.23788,0.23130,0.23097,0.23920,0.23130,0.20335,0.20631,0.19973,0.20367,0.20729,0.01686,0.01817,0.01653,0.02146,0.02080,-51.82861,-1565.00000
0.23492,0.23755,0.23360,0.23920,0.23064,0.20269,0.20992,0.20302,0.20762,0.20762,0.01521,0.01752,0.01916,0.01258,0.01587,-52.19116,-1564.00000
0.23097,0.23755,0.22637,0.23821,0.23722,0.20466,0.19973,0.20137,0.20532,0.20335,0.01521,0.01784,0.01620,0.01653,0.01719,-52.19116,-1563.00000
0.23624,0.23525,0.23097,0.23032,0.23130,0.20433,0.20532,0.20466,0.20598,0.20170,0.01357,0.01653,0.01587,0.01587,0.01488,-51.95495,-1562.00000
0.23262,0.23064,0.23591,0.23920,0.24117,0.20433,0.20038,0.20598,0.20598,0.20400,0.01653,0.01587,0.01719,0.01225,0.01357,-51.95495,-1561.00000
0.23558,0.23097,0.22538,0.23722,0.23393,0.20071,0.20762,0.20335,0.20663,0.20170,0.01357,0.01554,0.01916,0.01554,0.01686,-52.63275,-1560.00000
0.23393,0.22801,0.23328,0.24117,0.23492,0.20598,0.20532,0.20532,0.20433,0.20532,0.01653,0.01817,0.01817,0.01357,0.01686,-52.63275,-1559.00000
0.22834,0.23558,0.23591,0.23788,0.23262,0.20104,0.20038,0.20795,0.20861,0.20631,0.01686,0.01653,0.01653,0.01554,0.01554,-52.74216,-1558.00000
0.22999,0.23328,0.23492,0.22999,0.22933,0.20104,0.20729,0.20433,0.20335,0.20532,0.01686,0.02212,0.01620,0.01488,0.01521,-52.74216,-1557.00000
0.23295,0.23492,0.23262,0.22834,0.23032,0.20466,0.20729,0.20170,0.20565,0.20302,0.01554,0.01719,0.01587,0.01324,0.01752,-52.94334,-1556.00000
0.22604,0.22374,0.23525,0.22900,0.23393,0.20367,0.20367,0.20466,0.20894,0.20729,0.01456,0.01949,0.01686,0.01554,0.01653,-52.94334,-1555.00000
0.23262,0.23591,0.22933,0.23722,0.23360,0.20071,0.20499,0.20433,0.20302,0.20762,0.02146,0.01653,0.01423,0.01324,0.01258,-54.01806,-1554.00000
0.23755,0.23525,0.23262,0.22933,0.23459,0.20236,0.20631,0.20071,0.20137,0.20828,0.01225,0.01850,0.01324,0.01488,0.01488,-54.01806,-1553.00000
0.23525,0.23295,0.23558,0.23097,0.23492,0.20203,0.21058,0.20466,0.20071,0.20038,0.01752,0.01653,0.01620,0.01719,0.01291,-54.13794,-1552.00000
0.23295,0.22999,0.23426,0.23064,0.23887,0.20137,0.20565,0.20565,0.20795,0.20236,0.01390,0.01390,0.01291,0.01488,0.01423,-54.13794,-1551.00000
0.22768,0.23920,0.23656,0.23064,0.23821,0.20302,0.20236,0.19841,0.20367,0.20367,0.01456,0.01390,0.01423,0.01850,0.01456,-53.26282,-1550.00000
0.23064,0.23591,0.23591,0.23558,0.23426,0.20236,0.20006,0.20302,0.20696,0.20631,0.01521,0.01521,0.01160,0.01291,0.01719,-53.26282,-1549.00000
0.23163,0.23591,0.23393,0.23525,0.23525,0.20532,0.20335,0.20433,0.20499,0.20532,0.01456,0.01324,0.01390,0.01554,0.01324,-52.66412,-1548.00000
0.23426,0.23393,0.23196,0.23426,0.23130,0.20565,0.20302,0.20137,0.20302,0.20400,0.01554,0.01521,0.01817,0.01357,0.00765,-52.66412,-1547.00000
0.22834,0.23262,0.23229,0.23130,0.22933,0.20302,0.20335,0.20071,0.20269,0.20598,0.01653,0.01686,0.01192,0.01324,0.01423,-52.55276,-1546.00000
0.23295,0.23328,0.23360,0.22834,0.23393,0.20598,0.20269,0.20762,0.20499,0.20269,0.01423,0.01423,0.01653,0.01192,0.01653,-52.55276,-1545.00000
0.22538,0.23952,0.23788,0.23196,0.23755,0.20203,0.20236,0.20532,0.20433,0.20170,0.01192,0.01324,0.01291,0.01258,0.01554,-52.65334,-1544.00000
0.23426,0.22900,0.22999,0.23064,0.23459,0.20335,0.19907,0.20006,0.20006,0.20104,0.01587,0.01390,0.01225,0.01554,0.01784,-52.65334,-1543.00000
0.23064,0.22933,0.23459,0.23064,0.23393,0.20236,0.19775,0.20006,0.20170,0.20532,0.01390,0.01094,0.01456,0.01456,0.01521,-52.68897,-1542.00000
0.23656,0.23459,0.23426,0.23360,0.22933,0.20137,0.20631,0.20598,0.20137,0.20367,0.01554,0.01291,0.01587,0.01719,0.01357,-52.68897,-1541.00000
0.23591,0.23722,0.22999,0.23821,0.22933,0.20367,0.20236,0.20104,0.19907,0.20631,0.01423,0.01587,0.01258,0.01488,0.01686,-52.88745,-1540.00000
0.22801,0.23328,0.23558,0.23262,0.23163,0.20170,0.20335,0.20663,0.20302,0.20828,0.01456,0.00962,0.01390,0.01521,0.01291,-52.88745,-1539.00000
0.23920,0.22670,0.23525,0.23328,0.23755,0.20335,0.19973,0.20762,0.20400,0.20466,0.01521,0.01916,0.01521,0.01587,0.01357,-51.55359,-1538.00000
0.23360,0.23064,0.22867,0.23788,0.22637,0.20335,0.20236,0.20137,0.20466,0.20170,0.01291,0.01554,0.01324,0.01258,0.01653,-51.55359,-1537.00000
0.23821,0.23064,0.22801,0.23525,0.23722,0.20335,0.20565,0.20367,0.20828,0.20466,0.01488,0.01061,0.01225,0.01390,0.01324,-52.34906,-1536.00000
0.22867,0.23591,0.23426,0.23591,0.23262,0.20203,0.20631,0.20137,0.20696,0.19775,0.01653,0.00995,0.01554,0.01423,0.01258,-52.34906,-1535.00000
0.22999,0.23393,0.23360,0.22966,0.23426,0.20532,0.20302,0.20598,0.20137,0.20236,0.01324,0.01258,0.01160,0.01160,0.01160,-53.40353,-1534.00000
0.23032,0.23163,0.23426,0.23393,0.23788,0.20663,0.20006,0.20598,0.20006,0.20466,0.01521,0.01390,0.00831,0.01357,0.01258,-53.40353,-1533.00000
0.23163,0.23624,0.23459,0.23328,0.23492,0.20071,0.20466,0.20038,0.21190,0.20828,0.01061,0.01258,0.01324,0.01160,0.01653,-53.49376,-1532.00000
0.23887,0.23064,0.23229,0.23591,0.22735,0.19973,0.20203,0.20203,0.20696,0.20236,0.01028,0.01488,0.00995,0.00929,0.01094,-53.49376,-1531.00000
0.23591,0.23130,0.23821,0.23295,0.23722,0.20400,0.20598,0.20598,0.20433,0.20565,0.01324,0.01192,0.01192,0.01028,0.01160,-53.82696,-1530.00000
0.23887,0.24248,0.23196,0.23328,0.23952,0.20466,0.20696,0.20335,0.20861,0.20367,0.01061,0.01127,0.01028,0.01521,0.00699,-53.82696,-1529.00000
0.23295,0.23722,0.22867,0.23295,0.23360,0.20367,0.20236,0.20433,0.20565,0.20137,0.01291,0.01192,0.01291,0.01357,0.01225,-53.80801,-1528.00000
0.22604,0.23689,0.23887,0.22966,0.23196,0.20729,0.19973,0.20335,0.20302,0.20466,0.01225,0.01620,0.01225,0.01357,0.01225,-53.80801,-1527.00000
0.23163,0.23262,0.23656,0.23393,0.23459,0.20499,0.20367,0.20400,0.20433,0.20071,0.01291,0.01094,0.01094,0.01094,0.00962,-53.75459,-1526.00000
0.23426,0.23262,0.23393,0.23755,0.23393,0.20302,0.20598,0.20236,0.20696,0.20367,0.01423,0.00798,0.00962,0.00864,0.00831,-53.75459,-1525.00000
0.23032,0.23821,0.22867,0.23887,0.22867,0.20236,0.20631,0.20631,0.20532,0.20828,0.01357,0.01160,0.01456,0.00896,0.01554,-53.43491,-1524.00000
0.23229,0.23097,0.23492,0.23459,0.23032,0.20302,0.20894,0.20335,0.20433,0.20269,0.01061,0.00962,0.00699,0.01357,0.00732,-53.43491,-1523.00000
0.23788,0.22505,0.22505,0.23492,0.23262,0.20302,0.21157,0.20367,0.20269,0.20236,0.01225,0.01390,0.00896,0.00765,0.01488,-52.70134,-1522.00000
0.23492,0.23821,0.22768,0.23591,0.23196,0.20762,0.20729,0.20598,0.20598,0.20729,0.01357,0.01488,0.00995,0.00896,0.01160,-52.70134,-1521.00000
0.23426,0.23525,0.23328,0.22933,0.24216,0.20367,0.20663,0.20499,0.20532,0.20762,0.01160,0.01192,0.01357,0.01094,0.01258,-52.76180,-1520.00000
0.23032,0.23492,0.23130,0.23887,0.23097,0.20631,0.20400,0.20433,0.20598,0.20828,0.01094,0.01028,0.00929,0.00666,0.01291,-52.76180,-1519.00000
0.22999,0.23097,0.23525,0.23064,0.23426,0.20499,0.20006,0.20663,0.20170,0.20828,0.01192,0.00831,0.01291,0.00732,0.00995,-51.99858,-1518.00000
0.23492,0.23262,0.23492,0.23821,0.23426,0.20367,0.20367,0.20433,0.20532,0.20532,0.01160,0.01094,0.01258,0.00962,0.00962,-51.99858,-1517.00000
0.24117,0.23163,0.23624,0.23097,0.23821,0.20663,0.20137,0.20598,0.20499,0.19907,0.00962,0.00962,0.00995,0.01028,0.01127,-51.59499,-1516.00000
0.23393,0.23229,0.23328,0.23525,0.23722,0.20203,0.20269,0.20729,0.20466,0.20302,0.01028,0.00798,0.01192,0.01127,0.00995,-51.59499,-1515.00000
0.23920,0.23064,0.23393,0.22801,0.23525,0.20335,0.20565,0.20696,0.20894,0.20104,0.00864,0.01127,0.00995,0.00765,0.00929,-52.04505,-1514.00000
0.22900,0.23887,0.22703,0.23295,0.24051,0.20532,0.20499,0.20433,0.20532,0.20302,0.00962,0.00896,0.01127,0.00864,0.01456,-52.04505,-1513.00000
0.22768,0.23163,0.23624,0.23887,0.22834,0.20367,0.20762,0.20203,0.20302,0.20598,0.01061,0.01061,0.00798,0.01127,0.00896,-51.54255,-1512.00000
0.23196,0.23558,0.23032,0.23525,0.23656,0.20335,0.20499,0.20631,0.20203,0.20367,0.00864,0.00798,0.01127,0.00699,0.00732,-51.54255,-1511.00000
0.22999,0.22801,0.23887,0.22966,0.23163,0.20631,0.20894,0.20696,0.20269,0.20729,0.01028,0.00765,0.01357,0.01225,0.00896,-52.28983,-1510.00000
0.23295,0.23525,0.23328,0.23360,0.23196,0.20104,0.20532,0.20959,0.20433,0.20236,0.00864,0.00995,0.01127,0.00864,0.00896,-52.28983,-1509.00000
0.23459,0.22867,0.23064,0.23196,0.22933,0.20335,0.20302,0.20203,0.20433,0.20565,0.00798,0.00600,0.00732,0.01160,0.01192,-52.00673,-1508.00000
0.23064,0.23328,0.23229,0.23295,0.22834,0.20302,0.20400,0.20499,0.20631,0.20499,0.00962,0.01258,0.00896,0.01028,0.01094,-52.00673,-1507.00000
0.22472,0.23032,0.23032,0.23032,0.22933,0.19742,0.20335,0.20532,0.20367,0.20236,0.00798,0.00765,0.00896,0.00929,0.00798,-52.86616,-1506.00000
0.22670,0.23393,0.23426,0.23624,0.23393,0.20696,0.20795,0.20499,0.20367,0.20532,0.00929,0.01094,0.01094,0.00831,0.00929,-52.86616,-1505.00000
0.23624,0.23262,0.23130,0.23393,0.22999,0.20565,0.20104,0.19775,0.20269,0.20400,0.00962,0.00732,0.00831,0.00666,0.00831,-52.93210,-1504.00000
0.22768,0.23295,0.22703,0.23360,0.23887,0.20269,0.20532,0.20663,0.20795,0.20598,0.01587,0.01160,0.00864,0.00896,0.00436,-52.93210,-1503.00000
0.23163,0.23656,0.23196,0.23821,0.23689,0.20400,0.20828,0.20565,0.20499,0.20663,0.00666,0.00896,0.00864,0.01028,0.01094,-52.71605,-1502.00000
0.23755,0.23656,0.22341,0.23196,0.23459,0.19907,0.20400,0.20006,0.20598,0.20137,0.00568,0.00929,0.00896,0.00798,0.00765,-52.71605,-1501.00000
0.23295,0.23097,0.23097,0.23097,0.23229,0.20631,0.20137,0.20335,0.20038,0.19907,0.00765,0.00600,0.00798,0.00929,0.00929,-53.48205,-1500.00000
0.23360,0.23163,0.23032,0.23624,0.22341,0.20137,0.20335,0.20203,0.20663,0.20433,0.01028,0.01028,0.00732,0.00765,0.01028,-53.48205,-1499.00000
0.23393,0.22670,0.23064,0.23426,0.23196,0.20499,0.20565,0.20400,0.20302,0.20400,0.01488,0.00699,0.00535,0.00864,0.01160,-53.98224,-1498.00000
0.23196,0.23295,0.22900,0.23985,0.23229,0.20466,0.19742,0.20499,0.20631,0.20104,0.00896,0.00831,0.00995,0.00666,0.00765,-53.98224,-1497.00000
0.23426,0.23360,0.23558,0.22966,0.22801,0.20466,0.20071,0.20236,0.20400,0.20663,0.00370,0.00864,0.00798,0.00732,0.00864,-53.61465,-1496.00000
0.23624,0.23064,0.23229,0.23525,0.23328,0.20631,0.20598,0.20038,0.20302,0.20466,0.00896,0.00633,0.00995,0.00929,0.00831,-53.61465,-1495.00000
0.22735,0.23295,0.24117,0.22538,0.23196,0.20433,0.20466,0.20367,0.20499,0.20861,0.00864,0.00765,0.01028,0.00469,0.00535,-52.74239,-1494.00000
0.23689,0.23097,0.23591,0.23492,0.22374,0.20367,0.20532,0.19907,0.20433,0.20302,0.00864,0.00699,0.00666,0.00798,0.00272,-52.74239,-1493.00000
0.23196,0.22834,0.23854,0.22999,0.22604,0.20565,0.20598,0.20038,0.20598,0.20828,0.00436,0.00568,0.00666,0.00699,0.00798,-51.65684,-1492.00000
0.23032,0.22933,0.23755,0.23130,0.23262,0.20565,0.20400,0.20367,0.20302,0.20598,0.00962,0.00896,0.00633,0.00929,0.00633,-51.65684,-1491.00000
0.23722,0.23163,0.23360,0.22703,0.22900,0.20598,0.20203,0.20663,0.20565,0.20203,0.00864,0.00929,0.01061,0.00864,0.01061,-51.39727,-1490.00000
0.23689,0.23492,0.23262,0.22801,0.23328,0.20302,0.20663,0.20499,0.20400,0.20302,0.00732,0.00995,0.00600,0.00600,0.00403,-51.39727,-1489.00000
0.24051,0.23032,0.23360,0.23360,0.23591,0.20400,0.20828,0.20433,0.20631,0.20203,0.00403,0.01028,0.00600,0.00798,0.00896,-51.24063,-1488.00000
0.22999,0.23229,0.23295,0.22867,0.23196,0.20696,0.20335,0.20367,0.20466,0.20335,0.00370,0.00831,0.00896,0.00535,0.00765,-51.24063,-1487.00000
0.23229,0.23196,0.23032,0.23130,0.23689,0.20565,0.20894,0.20433,0.20532,0.20104,0.00436,0.00699,0.00831,0.00600,0.00962,-51.41621,-1486.00000
0.22900,0.23591,0.23295,0.23459,0.23328,0.20203,0.20762,0.20400,0.20335,0.20203,0.00535,0.01094,0.00370,0.01225,0.00600,-51.41621,-1485.00000
0.23130,0.23229,0.23854,0.23097,0.22966,0.20302,0.20302,0.20631,0.20696,0.20071,0.00732,0.00469,0.00600,0.00765,0.00798,-51.56504,-1484.00000
0.23163,0.23656,0.23262,0.23360,0.22999,0.19874,0.20335,0.20302,0.20499,0.20795,0.00600,0.00798,0.00831,0.00535,0.00600,-51.56504,-1483.00000
0.23558,0.23032,0.23032,0.23229,0.23360,0.20762,0.20104,0.20367,0.20466,0.20203,0.00403,0.00272,0.01094,0.00633,0.00765,-52.03252,-1482.00000
0.22933,0.23755,0.23393,0.22801,0.23262,0.20006,0.20400,0.20203,0.20137,0.19775,0.00600,0.00403,0.00337,0.00699,0.00403,-52.03252,-1481.00000
0.22966,0.23624,0.23295,0.22999,0.23097,0.20466,0.20137,0.20367,0.20236,0.20400,0.00699,0.00798,0.00666,0.00765,0.00831,-52.42739,-1480.00000
0.22801,0.23163,0.22604,0.23558,0.22703,0.20466,0.20170,0.19940,0.20335,0.20236,0.00337,0.00831,0.00798,0.00732,0.00633,-52.42739,-1479.00000
0.23887,0.23130,0.23097,0.23196,0.23722,0.19907,0.20170,0.20269,0.20631,0.20433,0.00600,0.00699,0.00600,0.01094,0.00896,-52.93733,-1478.00000
0.23722,0.23097,0.23591,0.22966,0.23295,0.20071,0.20137,0.20071,0.20170,0.20433,0.00896,0.00962,0.00436,0.00831,0.00502,-52.93733,-1477.00000
0.22966,0.23755,0.23722,0.22242,0.23196,0.20532,0.19973,0.20762,0.20236,0.20598,0.00370,0.00896,0.00140,0.00403,0.00535,-53.71720,-1476.00000
0.23328,0.23591,0.22867,0.23558,0.23229,0.20006,0.20203,0.20663,0.20631,0.20433,0.00239,0.00403,0.00568,0.00732,0.00699,-53.71720,-1475.00000
0.23262,0.23064,0.23163,0.23064,0.23196,0.20302,0.20598,0.20335,0.20071,0.20762,0.00568,0.00568,0.00666,0.00699,0.00568,-53.07198,-1474.00000
0.23689,0.23064,0.22933,0.24216,0.23229,0.20302,0.20400,0.20236,0.20335,0.20038,0.00173,0.00600,0.00666,0.00403,0.00732,-53.07198,-1473.00000
0.22735,0.23163,0.22637,0.23295,0.23032,0.20170,0.20203,0.20203,0.20367,0.20400,0.00304,0.00995,0.00469,0.00239,0.00206,-53.43784,-1472.00000
0.22933,0.23821,0.22933,0.22966,0.23328,0.20236,0.20335,0.19940,0.20499,0.20038,0.00436,0.00239,0.00173,0.00666,0.00699,-53.43784,-1471.00000
0.22670,0.23262,0.23558,0.22670,0.23722,0.20400,0.20565,0.19907,0.20400,0.20367,0.00370,0.00403,0.00666,0.00107,0.00337,-53.94304,-1470.00000
0.22867,0.23032,0.23130,0.22670,0.23229,0.20433,0.19973,0.20038,0.20400,0.20598,0.00831,0.00633,0.00206,0.00403,0.00600,-53.94304,-1469.00000
0.23525,0.22538,0.23360,0.22670,0.23328,0.20071,0.20170,0.20367,0.20302,0.20302,0.00502,0.00370,0.00535,0.00436,0.00469,-53.57308,-1468.00000
0.23656,0.23492,0.22735,0.22703,0.23328,0.20104,0.20170,0.20598,0.20499,0.20400,0.00436,0.00337,0.00568,0.00436,0.00699,-53.57308,-1467.00000
0.23130,0.23196,0.23393,0.22472,0.23064,0.20269,0.20433,0.20663,0.20466,0.20335,0.00600,0.00535,0.00304,0.00633,0.00403,-53.17082,-1466.00000
0.23558,0.22900,0.22735,0.23689,0.22966,0.20532,0.20433,0.20203,0.20203,0.20236,0.00239,0.00798,0.00798,0.00403,0.00568,-53.17082,-1465.00000
0.23295,0.23426,0.22900,0.23032,0.23426,0.20367,0.20367,0.20203,0.20071,0.19874,0.00666,0.00304,0.00370,0.00502,0.00502,-52.92330,-1464.00000
0.22768,0.23492,0.23591,0.22999,0.23064,0.20170,0.20335,0.20400,0.20400,0.20927,0.00568,0.00370,0.00469,0.00502,0.00206,-52.92330,-1463.00000
0.22933,0.23229,0.22999,0.23130,0.23656,0.20663,0.20696,0.20433,0.20499,0.20532,0.00436,0.00732,0.00370,0.00337,0.00107,-52.43333,-1462.00000
0.23328,0.22999,0.23163,0.23525,0.22308,0.20499,0.20861,0.20762,0.20565,0.20269,0.00370,0.00370,0.00502,0.00732,0.00107,-52.43333,-1461.00000
0.22966,0.23393,0.23525,0.22999,0.22735,0.20433,0.20038,0.20038,0.19775,0.20236,0.00929,0.00469,0.00469,0.00600,0.00633,-51.34362,-1460.00000
0.23328,0.23064,0.23295,0.23328,0.23130,0.20104,0.20663,0.20663,0.20598,0.20466,0.00206,0.00337,0.00535,0.00107,0.00436,-51.34362,-1459.00000
0.23032,0.23492,0.23360,0.23492,0.22604,0.20565,0.20532,0.20071,0.20565,0.20302,0.00535,0.00304,0.00469,0.00370,0.00403,-51.77044,-1458.00000
0.23624,0.23097,0.23097,0.23130,0.23426,0.20236,0.20335,0.20631,0.20466,0.20598,0.00831,0.00337,0.00535,0.00732,0.00765,-51.77044,-1457.00000
0.23624,0.23097,0.23196,0.22933,0.23229,0.20367,0.20203,0.19775,0.20203,0.20038,0.00337,0.00600,0.00732,0.00272,0.00403,-51.93014,-1456.00000
0.23064,0.23032,0.23262,0.23295,0.23328,0.20137,0.20696,0.20071,0.20269,0.20071,0.00304,0.00469,0.00502,0.00272,0.00469,-51.93014,-1455.00000
0.23952,0.23459,0.23426,0.23163,0.22867,0.20236,0.20170,0.20335,0.20170,0.20236,0.00140,0.00272,0.00272,0.00272,0.00535,-52.34202,-1454.00000
0.23032,0.23032,0.23097,0.22966,0.23459,0.20466,0.20762,0.20038,0.20400,0.20038,0.00633,0.00304,0.00896,0.00436,0.00436,-52.34202,-1453.00000
0.23032,0.23360,0.23360,0.22867,0.23262,0.20071,0.20302,0.20795,0.20828,0.20466,0.00272,0.00370,0.00173,0.00173,0.00272,-52.48693,-1452.00000
0.23558,0.22801,0.23492,0.23656,0.23459,0.20433,0.20400,0.20071,0.20565,0.20236,0.00568,0.00469,0.00666,0.00568,0.00337,-52.48693,-1451.00000
0.23591,0.22999,0.23229,0.23097,0.24117,0.19841,0.20269,0.20367,0.20335,0.20565,0.00436,0.00337,0.00568,0.00370,0.00107,-51.72930,-1450.00000
0.22670,0.22768,0.23295,0.23163,0.23656,0.20729,0.19742,0.20433,0.20104,0.20038,0.00107,0.00600,0.00436,0.00436,0.00140,-51.72930,-1449.00000
0.23229,0.22933,0.23262,0.23689,0.23097,0.20959,0.19808,0.20433,0.20203,0.20367,0.00173,0.00107,0.00568,0.00304,0.00173,-52.98623,-1448.00000
0.23360,0.22999,0.22999,0.23097,0.23656,0.19940,0.20663,0.20499,0.20335,0.20269,0.00633,0.00173,0.00535,0.00304,0.00699,-52.98623,-1447.00000
0.23426,0.23064,0.23328,0.23393,0.23295,0.20236,0.20170,0.20828,0.20631,0.20071,0.00272,0.00272,0.00535,0.00173,0.00600,-53.69527,-1446.00000
0.23788,0.22637,0.22966,0.23887,0.23262,0.20598,0.20367,0.20203,0.20203,0.20433,0.00173,0.00370,0.00206,0.00041,0.00206,-53.69527,-1445.00000
0.23854,0.22966,0.23426,0.23032,0.23459,0.20598,0.20729,0.20861,0.20499,0.20367,0.00206,0.00239,0.00337,0.00568,0.00403,-54.73826,-1444.00000
0.23722,0.23328,0.23328,0.23262,0.23722,0.20466,0.20861,0.20631,0.20631,0.20236,0.00436,-0.00090,0.00272,0.00403,0.00502,-54.73826,-1443.00000
0.22768,0.23492,0.23591,0.23558,0.23032,0.20696,0.20302,0.20466,0.20137,0.20598,0.00140,0.00370,0.00600,0.00370,0.00272,-54.29296,-1442.00000
0.22604,0.23920,0.22900,0.23459,0.23591,0.20302,0.20466,0.20236,0.20071,0.20828,0.00337,0.00304,0.00337,0.00436,0.00370,-54.29296,-1441.00000
0.23064,0.23360,0.22670,0.23887,0.23591,0.20663,0.20400,0.20631,0.19710,0.19775,0.00370,-0.00123,0.00041,-0.00057,0.00107,-54.12646,-1440.00000
0.23525,0.23591,0.22637,0.23558,0.23196,0.20400,0.20466,0.20367,0.20565,0.20532,0.00304,0.00173,0.00469,0.00370,0.00041,-54.12646,-1439.00000
0.23525,0.23722,0.23097,0.23130,0.23262,0.20335,0.20203,0.20367,0.20236,0.20302,0.00436,0.00469,0.00469,0.00436,0.00272,-53.06421,-1438.00000
0.23952,0.23722,0.22571,0.23426,0.23360,0.20367,0.20203,0.20433,0.20433,0.20762,0.00041,0.00600,0.00008,0.00107,0.00370,-53.06421,-1437.00000
0.23097,0.23788,0.23064,0.23196,0.23360,0.20038,0.20598,0.20104,0.20696,0.20367,0.00666,0.00239,0.00436,0.00206,0.00633,-53.13855,-1436.00000
0.23295,0.23295,0.22900,0.23262,0.23755,0.20598,0.20565,0.20663,0.20335,0.20038,0.00370,0.00337,0.00535,0.00403,0.00008,-53.13855,-1435.00000
0.23656,0.23393,0.23262,0.23163,0.23360,0.20400,0.20729,0.20335,0.20203,0.20335,0.00535,0.00436,0.00633,0.00304,0.00502,-52.27972,-1434.00000
0.23229,0.23426,0.23196,0.23459,0.23525,0.20302,0.20203,0.20170,0.20433,0.20269,0.00337,0.00173,0.00107,0.00535,0.00272,-52.27972,-1433.00000
0.23130,0.23426,0.23755,0.23163,0.23426,0.20631,0.20367,0.19973,0.20335,0.20335,-0.00025,0.00469,0.00107,0.00239,0.00206,-51.35715,-1432.00000
0.23360,0.23328,0.23032,0.23525,0.23130,0.20598,0.20038,0.20433,0.20269,0.20532,0.00173,0.00074,-0.00057,0.00206,-0.00057,-51.35715,-1431.00000
0.22834,0.22900,0.23295,0.22999,0.23229,0.20433,0.20203,0.20663,0.20203,0.20203,0.00403,-0.00321,0.00502,0.00140,0.00272,-51.47691,-1430.00000
0.23360,0.22571,0.23525,0.23328,0.22801,0.20532,0.20038,0.20400,0.20170,0.20137,0.00008,0.00140,0.00041,0.00272,0.00173,-51.47691,-1429.00000
0.23130,0.22834,0.23097,0.23459,0.23459,0.20367,0.20335,0.19940,0.20532,0.19677,0.00206,0.00140,0.00140,0.00107,0.00107,-50.98992,-1428.00000
0.22933,0.23360,0.23525,0.23163,0.22900,0.20104,0.20631,0.20269,0.20565,0.20631,0.00337,0.00107,0.00502,0.00008,0.00008,-50.98992,-1427.00000
0.23360,0.23426,0.23064,0.23295,0.23196,0.20236,0.19808,0.20466,0.20236,0.20663,0.00206,0.00370,0.00107,0.00370,0.00140,-51.25668,-1426.00000
0.23229,0.23558,0.23459,0.23689,0.22768,0.19973,0.20071,0.20565,0.20367,0.20006,0.00041,0.00272,0.00272,0.00206,-0.00025,-51.25668,-1425.00000
0.23426,0.22604,0.22900,0.23525,0.23689,0.20532,0.20466,0.20433,0.20203,0.20203,0.00370,0.00041,-0.00090,0.00206,0.00140,-51.55363,-1424.00000
0.23229,0.23360,0.23328,0.23393,0.22867,0.20038,0.20400,0.20071,0.20433,0.20828,0.00107,0.00008,0.00140,0.00272,-0.00090,-51.55363,-1423.00000
0.22867,0.23032,0.22768,0.23656,0.22801,0.20170,0.20203,0.19775,0.20565,0.20828,-0.00025,-0.00156,0.00107,0.00173,0.00008,-52.62252,-1422.00000
0.23163,0.22999,0.23656,0.23064,0.23624,0.20433,0.20137,0.20335,0.20894,0.20532,0.00173,-0.00057,0.00337,0.00107,0.00337,-52.62252,-1421.00000
0.23492,0.22505,0.23130,0.23624,0.23624,0.19907,0.20203,0.20170,0.20696,0.20532,0.00272,-0.00025,0.00304,0.00403,-0.00288,-52.78587,-1420.00000
0.22571,0.22999,0.23163,0.23032,0.23624,0.20071,0.20302,0.20236,0.20170,0.20565,0.00239,0.00239,0.00403,0.00272,0.00337,-52.78587,-1419.00000
0.23032,0.23229,0.23032,0.22834,0.23032,0.19940,0.20236,0.20203,0.20170,0.20203,0.00140,0.00107,0.00370,0.00107,-0.00025,-53.60485,-1418.00000
0.23262,0.22768,0.22867,0.23459,0.23163,0.20367,0.20367,0.20203,0.19644,0.20203,-0.00090,0.00239,-0.00090,0.00008,0.00535,-53.60485,-1417.00000
0.23295,0.23262,0.22538,0.23328,0.22472,0.20170,0.20400,0.20071,0.19907,0.19907,0.00074,0.00272,-0.00321,0.00173,0.00206,-53.90203,-1416.00000
0.23229,0.23130,0.22768,0.22966,0.22735,0.20137,0.20071,0.20532,0.20598,0.20466,0.00074,-0.00057,0.00041,0.00206,0.00173,-53.90203,-1415.00000
0.23097,0.22341,0.22505,0.22472,0.23262,0.20071,0.19775,0.20696,0.19808,0.20959,0.00074,0.00304,0.00206,0.00008,-0.00025,-54.51205,-1414.00000
0.23032,0.22966,0.23229,0.23722,0.22966,0.20466,0.20236,0.20137,0.20071,0.20236,0.00041,0.00272,0.00173,0.00074,0.00765,-54.51205,-1413.00000
0.23097,0.22801,0.23163,0.23591,0.22999,0.20104,0.20696,0.20269,0.19808,0.20236,0.00337,-0.00123,-0.00025,0.00337,0.00008,-54.29216,-1412.00000
0.22966,0.23821,0.23492,0.23032,0.23328,0.20433,0.19841,0.20729,0.20137,0.20631,0.00239,0.00370,0.00206,0.00008,0.00008,-54.29216,-1411.00000
0.23064,0.22966,0.23525,0.23097,0.23064,0.20631,0.20203,0.20499,0.20038,0.20335,0.00173,0.00140,0.00074,0.00173,0.00535,-53.42293,-1410.00000
0.23426,0.23229,0.23295,0.22966,0.23360,0.20466,0.20598,0.20038,0.20631,0.20104,0.00304,0.00304,0.00403,0.00140,0.00008,-53.42293,-1409.00000
0.23032,0.22637,0.23887,0.22999,0.22703,0.20236,0.19940,0.20236,0.20532,0.20828,0.00502,0.00041,-0.00156,0.00403,-0.00123,-52.51469,-1408.00000
0.22999,0.23229,0.23064,0.23558,0.23097,0.20302,0.20499,0.20631,0.20762,0.20170,0.00436,0.00436,0.00173,0.00041,0.00074,-52.51469,-1407.00000
0.22867,0.22703,0.23656,0.23163,0.23788,0.20433,0.20499,0.20071,0.20367,0.20499,0.00074,-0.00025,-0.00057,-0.00189,0.00074,-51.56252,-1406.00000
0.23295,0.23393,0.22900,0.23064,0.22801,0.20170,0.20071,0.20466,0.20203,0.20038,-0.00222,-0.00123,0.00008,0.00140,0.00173,-51.56252,-1405.00000
0.22768,0.23032,0.23755,0.23393,0.22801,0.20006,0.20302,0.20104,0.20499,0.20433,0.00074,0.00304,0.00206,-0.00222,0.00074,-50.82032,-1404.00000
0.22637,0.23130,0.23591,0.22834,0.23426,0.20269,0.20104,0.20137,0.20236,0.20170,0.00074,-0.00353,0.00140,0.00107,0.00173,-50.82032,-1403.00000
0.23360,0.22801,0.23163,0.22999,0.23130,0.20367,0.20170,0.20367,0.20400,0.20104,0.00239,-0.00090,-0.00090,0.00041,-0.00090,-51.20606,-1402.00000
0.22966,0.22604,0.23656,0.23459,0.22374,0.20663,0.20071,0.20828,0.19973,0.20302,0.00173,-0.00025,-0.00090,0.00206,0.00041,-51.20606,-1401.00000
0.22801,0.23426,0.23295,0.22735,0.22867,0.20170,0.19611,0.20367,0.19808,0.20006,0.00074,0.00074,-0.00025,-0.00025,0.00107,-51.54053,-1400.00000
0.23492,0.22933,0.23360,0.23097,0.22735,0.20367,0.20137,0.20433,0.20269,0.20466,-0.00057,0.00502,0.00173,-0.00156,0.00206,-51.54053,-1399.00000
0.22768,0.23492,0.22703,0.22735,0.22768,0.20631,0.20367,0.19940,0.19874,0.20499,0.00568,0.00304,0.00140,-0.00189,0.00502,-51.73218,-1398.00000
0.23328,0.22670,0.23295,0.23130,0.23328,0.20302,0.20729,0.20104,0.20400,0.19940,0.00173,0.00206,-0.00025,0.00041,-0.00025,-51.73218,-1397.00000
0.23262,0.23196,0.23525,0.22768,0.22966,0.20696,0.20861,0.20269,0.20400,0.19973,-0.00222,0.00304,-0.00222,0.00041,-0.00288,-51.44714,-1396.00000
0.23229,0.23097,0.22900,0.22867,0.23624,0.20433,0.20137,0.20269,0.20203,0.19940,0.00140,0.00140,0.00008,0.00140,0.00107,-51.44714,-1395.00000
0.22999,0.23163,0.22703,0.23459,0.22933,0.19973,0.20203,0.20137,0.20565,0.20499,-0.00090,0.00041,-0.00025,0.00041,-0.00123,-51.90765,-1394.00000
0.22571,0.22703,0.23558,0.23032,0.23525,0.20367,0.20006,0.19841,0.20006,0.19973,0.00074,0.00008,0.00436,-0.00222,-0.00025,-51.90765,-1393.00000
0.23393,0.22670,0.22999,0.23130,0.23525,0.20302,0.20532,0.20466,0.20400,0.20466,-0.00386,0.00041,-0.00321,0.00041,0.00239,-52.57004,-1392.00000
0.22867,0.23262,0.23097,0.23229,0.23097,0.20367,0.20170,0.20236,0.20466,0.20269,0.00041,0.00272,-0.00123,0.00206,0.00041,-52.57004,-1391.00000
0.22670,0.22735,0.22966,0.23492,0.23130,0.20302,0.20729,0.20663,0.19973,0.20565,0.00206,0.00140,-0.00025,-0.00189,-0.00057,-53.52379,-1390.00000
0.23755,0.22670,0.24018,0.22867,0.22801,0.19710,0.20466,0.20006,0.20203,0.20565,0.00107,0.00173,-0.00025,-0.00025,0.00304,-53.52379,-1389.00000
0.23492,0.23064,0.23064,0.22867,0.23130,0.19940,0.20335,0.20631,0.20466,0.20499,-0.00025,-0.00123,0.00798,-0.00090,-0.00419,-53.57830,-1388.00000
0.23130,0.22703,0.22637,0.23130,0.23656,0.19973,0.20006,0.20466,0.20400,0.20598,0.00107,-0.00123,0.00370,0.00272,0.00469,-53.57830,-1387.00000
0.23360,0.22834,0.23229,0.23558,0.23328,0.20729,0.20335,0.20071,0.20335,0.20598,0.00173,0.00041,-0.00057,-0.00025,0.00107,-54.15731,-1386.00000
0.23262,0.23229,0.22900,0.23492,0.23229,0.20038,0.20302,0.20170,0.20302,0.20499,-0.00156,0.00140,-0.00222,0.00173,0.00107,-54.15731,-1385.00000
0.23558,0.23295,0.23097,0.22900,0.23426,0.20532,0.19710,0.20499,0.20006,0.20137,0.00173,-0.00222,0.00074,-0.00090,-0.00057,-54.46879,-1384.00000
0.23262,0.22999,0.22966,0.22735,0.23788,0.20006,0.20038,0.20367,0.20565,0.20335,-0.00222,0.00041,-0.00090,-0.00321,0.00272,-54.46879,-1383.00000
0.23591,0.22538,0.23426,0.23328,0.22374,0.20137,0.20006,0.20335,0.20663,0.20532,0.00304,0.00535,0.00074,-0.00189,-0.00189,-52.97170,-1382.00000
0.23854,0.22604,0.23064,0.23360,0.23097,0.20236,0.19973,0.20631,0.19479,0.20104,0.00008,-0.00189,-0.00090,-0.00156,0.00173,-52.97170,-1381.00000
0.23426,0.23591,0.23295,0.23360,0.22670,0.20367,0.19742,0.20302,0.20466,0.19940,0.00173,-0.00090,0.00370,-0.00189,-0.00123,-52.45997,-1380.00000
0.23130,0.22703,0.23459,0.23196,0.23393,0.20137,0.20104,0.20269,0.20367,0.20532,0.00206,-0.00288,-0.00156,0.00041,0.00008,-52.45997,-1379.00000
0.22867,0.23360,0.22703,0.23360,0.22999,0.20170,0.20532,0.20663,0.20499,0.20663,-0.00025,0.00140,0.00041,0.00239,-0.00518,-51.91114,-1378.00000
0.22439,0.23229,0.23064,0.23229,0.22571,0.20203,0.20795,0.20104,0.20104,0.20565,0.00041,-0.00288,-0.00222,-0.00057,-0.00123,-51.91114,-1377.00000
0.23130,0.23196,0.23591,0.22703,0.23920,0.20170,0.20696,0.20433,0.20565,0.20302,0.00140,-0.00025,0.00107,-0.00255,0.00140,-51.67578,-1376.00000
0.23032,0.23788,0.23360,0.23459,0.22999,0.20565,0.20335,0.19808,0.20663,0.20466,0.00008,0.00008,0.00041,-0.00025,-0.00057,-51.67578,-1375.00000
0.22571,0.23262,0.23295,0.23163,0.24117,0.20433,0.20170,0.20236,0.20696,0.20104,0.00074,-0.00090,0.00239,-0.00156,0.00074,-51.52881,-1374.00000
0.22735,0.23130,0.23952,0.23459,0.23064,0.20499,0.20137,0.20236,0.20499,0.20927,-0.00156,0.00041,0.00173,0.00074,-0.00321,-51.52881,-1373.00000
0.22966,0.23360,0.22834,0.22834,0.22834,0.20598,0.20565,0.20729,0.20400,0.20137,0.00140,-0.00189,0.00008,-0.00123,0.00239,-50.61304,-1372.00000
0.23295,0.23097,0.22703,0.23196,0.22703,0.20269,0.20466,0.19874,0.20269,0.20499,0.00074,-0.00386,-0.00025,0.00206,-0.00222,-50.61304,-1371.00000
0.23064,0.23624,0.23393,0.23295,0.23032,0.20335,0.20236,0.20400,0.20466,0.20170,-0.00025,0.00008,0.00140,0.00568,0.00337,-50.93640,-1370.00000
0.23064,0.22966,0.23064,0.23262,0.23064,0.20762,0.20400,0.20499,0.20927,0.20400,0.00239,0.00206,-0.00123,0.00403,0.00239,-50.93640,-1369.00000
0.22176,0.24084,0.22472,0.23064,0.23097,0.20828,0.20795,0.20894,0.20631,0.19874,0.00041,-0.00156,0.00008,-0.00288,0.00140,-51.26654,-1368.00000
0.22703,0.23459,0.22999,0.23525,0.23097,0.20367,0.20400,0.20006,0.19973,0.20269,-0.00222,-0.00090,0.00041,0.00272,-0.00452,-51.26654,-1367.00000
0.23492,0.23295,0.23097,0.23426,0.23032,0.20400,0.20335,0.20598,0.20499,0.20203,0.00041,0.00008,-0.00057,0.00140,0.00008,-51.62448,-1366.00000
0.22768,0.23525,0.23130,0.23130,0.22801,0.20203,0.20433,0.20367,0.19841,0.20598,-0.00090,-0.00353,-0.00288,-0.00156,-0.00090,-51.62448,-1365.00000
0.23262,0.23656,0.23722,0.22933,0.23196,0.20532,0.20170,0.20663,0.20335,0.20006,-0.00057,0.00370,0.00272,0.00173,0.00107,-51.68138,-1364.00000
0.23130,0.23196,0.23328,0.23196,0.23032,0.20663,0.20795,0.20400,0.20828,0.20795,0.00370,0.00107,-0.00025,-0.00123,-0.00057,-51.68138,-1363.00000
0.23755,0.23624,0.22637,0.22966,0.23328,0.20335,0.20104,0.20236,0.20433,0.20466,-0.00419,-0.00321,-0.00189,-0.00353,0.00173,-49.46374,-1362.00000
0.23360,0.23656,0.22834,0.23525,0.23163,0.20400,0.20269,0.20038,0.20598,0.20367,-0.00189,-0.00321,-0.00057,0.00107,0.00041,-49.46374,-1361.00000
0.22999,0.24347,0.22834,0.22834,0.23360,0.20433,0.20335,0.20104,0.20762,0.20302,0.00239,-0.00025,0.00107,-0.00156,-0.00057,-47.17572,-1360.00000
0.23459,0.23492,0.22538,0.23656,0.23426,0.20532,0.20269,0.20203,0.20038,0.20137,0.00436,0.00041,-0.00123,0.00041,0.00272,-47.17572,-1359.00000
0.22867,0.23328,0.23262,0.23492,0.22637,0.20598,0.20499,0.20499,0.20762,0.20631,0.00173,0.00239,-0.00255,-0.00222,0.00008,-47.82614,-1358.00000
0.23558,0.23328,0.23262,0.23689,0.23591,0.20499,0.20466,0.20532,0.20269,0.20466,-0.00025,0.00074,-0.00057,-0.00222,-0.00025,-47.82614,-1357.00000
0.23591,0.23196,0.23163,0.22834,0.23426,0.20367,0.20335,0.20269,0.20400,0.20006,-0.00255,-0.00255,0.00008,-0.00123,-0.00025,-49.59178,-1356.00000
0.23459,0.22801,0.22834,0.23591,0.23196,0.20433,0.20433,0.20236,0.20170,0.20269,-0.00353,-0.00123,-0.00156,-0.00255,0.00173,-49.59178,-1355.00000
0.22407,0.23393,0.22505,0.23788,0.23624,0.20499,0.20598,0.20400,0.20006,0.20006,-0.00288,-0.00057,-0.00321,-0.00025,0.00272,-49.91552,-1354.00000
0.23097,0.23229,0.22735,0.22900,0.22900,0.20269,0.20104,0.20466,0.20729,0.20104,-0.00057,-0.00189,0.00239,0.00107,0.00074,-49.91552,-1353.00000
0.23492,0.22768,0.22999,0.23196,0.22999,0.20236,0.20532,0.20466,0.20499,0.20400,-0.00090,-0.00057,-0.00551,0.00107,0.00107,-51.07837,-1352.00000
0.23262,0.22999,0.23130,0.22670,0.23196,0.19907,0.20663,0.20335,0.20335,0.20598,-0.00057,-0.00222,0.00403,0.00041,-0.00123,-51.07837,-1351.00000
0.23262,0.23295,0.23262,0.22900,0.22900,0.20762,0.20367,0.20729,0.20499,0.20269,-0.00551,-0.00057,0.00206,-0.00156,0.00041,-52.34582,-1350.00000
0.23788,0.23064,0.23821,0.23130,0.23656,0.20236,0.20302,0.20071,0.20663,0.20038,0.00041,-0.00123,-0.00255,0.00140,0.00140,-52.34582,-1349.00000
0.23426,0.23558,0.23459,0.22900,0.23032,0.20236,0.20598,0.20400,0.20170,0.20499,0.00041,-0.00123,-0.00255,0.00370,0.00008,-51.98346,-1348.00000
0.23163,0.23196,0.22966,0.23722,0.22834,0.20367,0.20269,0.20335,0.20170,0.20137,-0.00386,-0.00025,-0.00025,0.00272,0.00041,-51.98346,-1347.00000
0.22801,0.22637,0.23952,0.23558,0.22999,0.20006,0.20367,0.20170,0.20236,0.20433,0.00041,0.00206,-0.00123,0.00272,-0.00156,-52.49075,-1346.00000
0.23196,0.22900,0.23393,0.22834,0.22933,0.20762,0.20236,0.20335,0.20499,0.20071,-0.00057,-0.00386,-0.00386,-0.00025,-0.00123,-52.49075,-1345.00000
0.23229,0.22933,0.23130,0.22867,0.23459,0.20795,0.19874,0.20170,0.19973,0.20335,0.00008,0.00041,0.00008,0.00008,-0.00090,-52.66627,-1344.00000
0.23064,0.22768,0.23328,0.22867,0.23295,0.20203,0.20433,0.20236,0.20302,0.20137,-0.00189,-0.00123,0.00272,0.00436,0.00140,-52.66627,-1343.00000
0.23459,0.22472,0.22670,0.23163,0.22374,0.20104,0.20302,0.20631,0.19973,0.20269,-0.00321,0.00140,-0.00255,0.00008,-0.00222,-52.30238,-1342.00000
0.23360,0.22768,0.23130,0.23196,0.23163,0.20302,0.20565,0.20302,0.20466,0.20466,-0.00255,-0.00222,0.00041,0.00041,0.00074,-52.30238,-1341.00000
0.23459,0.23130,0.22670,0.22999,0.23295,0.20269,0.20663,0.20466,0.20203,0.20631,-0.00353,-0.00353,0.00304,0.00272,-0.00025,-51.76398,-1340.00000
0.23426,0.23525,0.23426,0.23064,0.23360,0.19874,0.20170,0.20170,0.20696,0.20203,-0.00419,0.00239,0.00008,-0.00090,-0.00090,-51.76398,-1339.00000
0.22834,0.23097,0.23130,0.23295,0.22604,0.20038,0.20795,0.20565,0.20236,0.20367,-0.00090,0.00469,-0.00222,0.00206,0.00074,-52.12711,-1338.00000
0.23262,0.23064,0.23360,0.23295,0.23360,0.20631,0.20302,0.20137,0.19808,0.20400,-0.00025,-0.00090,0.00107,0.00337,0.00272,-52.12711,-1337.00000
0.23360,0.22768,0.22867,0.23591,0.22867,0.19841,0.20367,0.20433,0.21025,0.20302,0.00239,-0.00189,0.00403,0.00173,0.00502,-52.94588,-1336.00000
0.23064,0.23295,0.23295,0.22900,0.23393,0.19973,0.20400,0.20499,0.20367,0.20532,0.00008,0.00239,0.00206,-0.00288,-0.00025,-52.94588,-1335.00000
0.23821,0.22604,0.23163,0.23295,0.23032,0.20137,0.20236,0.20565,0.19874,0.20433,-0.00025,-0.00189,-0.00090,0.00337,-0.00123,-53.91679,-1334.00000
0.23097,0.22834,0.22966,0.23360,0.23262,0.20137,0.20170,0.20006,0.20367,0.20104,-0.00057,-0.00057,0.00140,0.00337,-0.00057,-53.91679,-1333.00000
0.22867,0.22966,0.23525,0.22900,0.22735,0.20367,0.20335,0.20335,0.20269,0.19940,-0.00518,0.00107,0.00239,-0.00321,0.00008,-54.72207,-1332.00000
0.23130,0.23788,0.22834,0.23459,0.23262,0.20071,0.20729,0.20565,0.20499,0.20466,0.00008,0.00008,-0.00123,-0.00353,-0.00189,-54.72207,-1331.00000
0.22768,0.22966,0.23459,0.23360,0.22407,0.20170,0.20104,0.20598,0.20598,0.20663,-0.00156,-0.00123,0.00008,0.00140,0.00304,-54.38252,-1330.00000
0.23097,0.23393,0.23130,0.23492,0.22538,0.20433,0.20269,0.20104,0.19973,0.20466,-0.00321,0.00041,-0.00222,0.00272,-0.00386,-54.38252,-1329.00000
0.23755,0.23130,0.23163,0.23459,0.22966,0.20203,0.20466,0.20170,0.20269,0.20302,0.00074,-0.00288,0.00074,-0.00123,-0.00123,-53.70005,-1328.00000
0.23459,0.23788,0.22801,0.23295,0.23360,0.20466,0.20433,0.20038,0.20433,0.20433,-0.00255,-0.00353,-0.00156,-0.00123,-0.00189,-53.70005,-1327.00000
0.23097,0.23196,0.22768,0.22834,0.22637,0.21058,0.20532,0.20367,0.20367,0.20631,0.00403,-0.00156,0.00041,-0.00189,0.00107,-53.18303,-1326.00000
0.23459,0.22933,0.23492,0.22999,0.22834,0.20532,0.20170,0.20466,0.19907,0.20236,-0.00156,0.00206,0.00272,-0.00156,0.00173,-53.18303,-1325.00000
0.22900,0.23591,0.22966,0.22670,0.23097,0.20104,0.20104,0.20203,0.20400,0.20499,-0.00255,0.00140,-0.00288,0.00239,-0.00025,-53.05392,-1324.00000
0.22472,0.23492,0.23328,0.23328,0.22670,0.20236,0.20302,0.20137,0.20170,0.20203,-0.00025,0.00140,0.00107,0.00107,0.00272,-53.05392,-1323.00000
0.22439,0.23262,0.23196,0.23295,0.22900,0.20137,0.19775,0.20499,0.20071,0.20565,-0.00222,-0.00189,-0.00057,0.00140,-0.00156,-52.66954,-1322.00000
0.23624,0.22867,0.23295,0.22374,0.23328,0.20104,0.20433,0.20367,0.20729,0.19907,0.00008,-0.00353,-0.00255,0.00173,0.00041,-52.66954,-1321.00000
0.23130,0.22703,0.23360,0.23196,0.23130,0.20565,0.20499,0.20433,0.19973,0.20203,0.00173,-0.00025,0.00041,-0.00123,0.00140,-52.50176,-1320.00000
0.22933,0.22538,0.23624,0.22999,0.22933,0.20236,0.20400,0.20367,0.20433,0.20433,0.00304,-0.00518,0.00008,-0.00156,-0.00057,-52.50176,-1319.00000
0.22966,0.23130,0.23459,0.22834,0.22834,0.20565,0.20203,0.20499,0.20203,0.20400,-0.00386,0.00107,0.00107,0.00074,-0.00353,-51.69522,-1318.00000
0.22801,0.23295,0.22933,0.22933,0.23163,0.20203,0.20038,0.20631,0.20137,0.20367,-0.00353,-0.00353,-0.00123,-0.00255,-0.00156,-51.69522,-1317.00000
0.23525,0.23229,0.22604,0.23295,0.23196,0.20367,0.20631,0.20104,0.20203,0.20598,-0.00288,-0.00090,0.00272,-0.00090,0.00041,-51.41401,-1316.00000
0.23295,0.23229,0.22834,0.22999,0.23492,0.20236,0.20335,0.19775,0.20631,0.20400,0.00107,0.00074,0.00403,-0.00025,-0.00025,-51.41401,-1315.00000
0.23525,0.22933,0.22768,0.23130,0.23295,0.20170,0.20367,0.20236,0.20203,0.20631,-0.00025,-0.00321,-0.00189,0.00173,0.00206,-51.64939,-1314.00000
0.22735,0.23196,0.23163,0.23130,0.22834,0.19808,0.19874,0.20137,0.20071,0.20302,-0.00025,0.00041,0.00206,0.00403,-0.00189,-51.64939,-1313.00000
0.22801,0.23689,0.22801,0.23097,0.24117,0.20499,0.20137,0.20006,0.20565,0.20499,-0.00123,-0.00123,0.00502,0.00272,-0.00255,-51.94530,-1312.00000
0.22966,0.22999,0.23064,0.22472,0.23393,0.20335,0.20335,0.20006,0.20335,0.20006,-0.00485,-0.00353,0.00239,0.00041,0.00272,-51.94530,-1311.00000
0.22670,0.22966,0.23295,0.23525,0.23196,0.20038,0.20269,0.20170,0.20269,0.20367,-0.00025,-0.00156,0.00370,-0.00090,-0.00090,-52.83788,-1310.00000
0.23130,0.22999,0.23262,0.23229,0.22735,0.20367,0.20137,0.20137,0.20466,0.20532,0.00140,-0.00025,0.00239,-0.00123,-0.00123,-52.83788,-1309.00000
0.22966,0.23459,0.22703,0.23492,0.22966,0.19940,0.20269,0.19677,0.20170,0.20565,0.00008,0.00008,-0.00090,0.00304,-0.00156,-52.71777,-1308.00000
0.22900,0.22966,0.23097,0.23459,0.23097,0.20400,0.20170,0.20236,0.21091,0.20400,0.00074,0.00206,-0.00452,-0.00321,0.00008,-52.71777,-1307.00000
0.23130,0.23032,0.23130,0.23097,0.22900,0.20367,0.20269,0.20203,0.20433,0.20236,-0.00222,0.00272,0.00140,-0.00057,-0.00025,-53.72949,-1306.00000
0.22834,0.23196,0.23032,0.22801,0.23328,0.19940,0.20499,0.20104,0.20499,0.20203,-0.00222,-0.00222,0.00272,0.00041,0.00107,-53.72949,-1305.00000
0.23426,0.22933,0.23656,0.23097,0.22275,0.20170,0.19742,0.20104,0.20203,0.20335,-0.00057,0.00239,0.00041,-0.00025,-0.00057,-53.66650,-1304.00000
0.23262,0.23097,0.23064,0.23097,0.22538,0.20335,0.20499,0.20335,0.19940,0.20071,0.00041,0.00074,0.00008,0.00173,-0.00321,-53.66650,-1303.00000
0.22341,0.23492,0.22900,0.22933,0.23459,0.20696,0.20302,0.20367,0.20433,0.19973,0.00436,0.00239,0.00074,-0.00057,-0.00025,-53.88403,-1302.00000
0.23328,0.23130,0.23656,0.22735,0.23032,0.20038,0.19973,0.20236,0.20795,0.20565,-0.00156,0.00008,0.00337,0.00074,-0.00025,-53.88403,-1301.00000
0.22933,0.23426,0.23097,0.23032,0.23262,0.19644,0.20302,0.20367,0.20466,0.20038,0.00008,-0.00222,0.00272,-0.00156,-0.00025,-54.29309,-1300.00000
0.22637,0.22933,0.23130,0.23229,0.23328,0.20104,0.20269,0.20532,0.20499,0.20795,0.00206,-0.00156,-0.00156,0.00107,0.00074,-54.29309,-1299.00000
0.23163,0.22966,0.23492,0.22407,0.23130,0.20335,0.20137,0.20236,0.20137,0.19841,0.00140,-0.00123,0.00272,-0.00057,-0.00090,-54.34869,-1298.00000
0.23097,0.22439,0.22900,0.23032,0.22999,0.19742,0.20433,0.20532,0.20828,0.20203,0.00041,-0.00518,-0.00255,-0.00419,-0.00123,-54.34869,-1297.00000
0.23262,0.23196,0.22933,0.22768,0.22834,0.20236,0.20795,0.20663,0.20466,0.19940,-0.00321,0.00041,0.00074,-0.00057,-0.00025,-54.30569,-1296.00000
0.23097,0.22999,0.22867,0.23196,0.22900,0.20038,0.20236,0.19940,0.20071,0.20071,0.00008,0.00107,-0.00025,-0.00025,0.00140,-54.30569,-1295.00000
0.22768,0.23064,0.22966,0.23624,0.23064,0.20433,0.20104,0.19808,0.20499,0.19973,0.00206,-0.00025,0.00008,0.00239,0.00074,-53.38332,-1294.00000
0.22768,0.23295,0.23229,0.22966,0.23295,0.20367,0.20367,0.19874,0.20038,0.19973,0.00173,-0.00057,-0.00255,0.00469,-0.00156,-53.38332,-1293.00000
0.23130,0.22670,0.23064,0.22538,0.24051,0.20170,0.20565,0.20104,0.20302,0.20302,-0.00353,-0.00189,-0.00057,0.00074,0.00206,-52.47535,-1292.00000
0.22801,0.23163,0.23492,0.23064,0.22801,0.20532,0.20367,0.20203,0.20663,0.19907,-0.00090,0.00304,-0.00123,-0.00057,-0.00057,-52.47535,-1291.00000
0.22900,0.23032,0.23985,0.23064,0.23130,0.20729,0.19907,0.20203,0.20663,0.20006,-0.00156,-0.00057,0.00272,-0.00090,0.00041,-51.84314,-1290.00000
0.23196,0.22604,0.23328,0.22801,0.23426,0.20335,0.20203,0.20433,0.20499,0.19874,-0.00419,-0.00025,-0.00090,0.00008,-0.00025,-51.84314,-1289.00000
0.23360,0.22867,0.22999,0.22768,0.22933,0.20367,0.20104,0.20203,0.20861,0.20335,-0.00057,0.00140,-0.00057,0.00107,0.00107,-51.18036,-1288.00000
0.22900,0.22439,0.23722,0.23328,0.22900,0.20696,0.20203,0.20335,0.20335,0.19841,0.00008,-0.00452,-0.00090,0.00140,-0.00090,-51.18036,-1287.00000
0.22538,0.22933,0.23360,0.22275,0.23097,0.20071,0.20170,0.19841,0.19973,0.20203,-0.00156,-0.00025,0.00568,0.00074,0.00008,-50.95395,-1286.00000
0.22670,0.22538,0.22867,0.23130,0.22505,0.20269,0.20565,0.20137,0.20269,0.20137,0.00074,-0.00090,-0.00255,-0.00288,-0.00123,-50.95395,-1285.00000
0.23328,0.22768,0.23525,0.22933,0.22735,0.20269,0.20137,0.20170,0.20466,0.20335,0.00041,0.00008,-0.00189,-0.00353,0.00206,-52.16643,-1284.00000
0.23130,0.23295,0.22999,0.22637,0.23196,0.19940,0.20137,0.19973,0.19940,0.20335,0.00074,-0.00156,-0.00353,0.00173,0.00074,-52.16643,-1283.00000
0.23328,0.22472,0.22999,0.23295,0.22900,0.20137,0.19841,0.20236,0.20104,0.19710,-0.00321,-0.00518,-0.00222,-0.00255,0.00107,-51.91329,-1282.00000
0.22768,0.23525,0.22768,0.23328,0.22176,0.20400,0.20203,0.20466,0.20170,0.20269,0.00107,0.00008,-0.00123,-0.00321,0.00140,-51.91329,-1281.00000
0.22604,0.23360,0.22966,0.23064,0.22604,0.20367,0.19973,0.20038,0.20269,0.19973,0.00041,0.00173,-0.00057,0.00469,-0.00123,-52.46055,-1280.00000
0.22999,0.23130,0.23130,0.23196,0.22703,0.20071,0.20335,0.20269,0.20203,0.20663,0.00272,-0.00353,0.00436,-0.00288,0.00074,-52.46055,-1279.00000
0.22867,0.23229,0.22341,0.23393,0.22834,0.20302,0.20038,0.20696,0.20170,0.20006,-0.00123,0.00140,0.00370,-0.00123,-0.00255,-52.79278,-1278.00000
0.22768,0.23163,0.22735,0.22867,0.23097,0.20269,0.19940,0.20367,0.19973,0.20170,-0.00057,-0.00025,-0.00189,0.00140,-0.00419,-52.79278,-1277.00000
0.23064,0.23328,0.22867,0.23064,0.22374,0.20466,0.20598,0.20335,0.19808,0.19940,0.00008,-0.00288,0.00173,0.00008,-0.00189,-51.43057,-1276.00000
0.23328,0.22834,0.22867,0.22439,0.22999,0.20302,0.20499,0.19907,0.20335,0.20335,-0.00255,-0.00419,-0.00156,-0.00255,-0.00123,-51.43057,-1275.00000
0.23130,0.23163,0.22999,0.23196,0.22867,0.20038,0.20400,0.20170,0.20565,0.20170,0.00074,0.00074,-0.00025,0.00074,-0.00222,-51.64302,-1274.00000
0.23064,0.23328,0.22933,0.22933,0.22867,0.20400,0.20269,0.20269,0.20631,0.20006,-0.00057,-0.00288,-0.00156,0.00074,0.00140,-51.64302,-1273.00000
0.23426,0.22834,0.23032,0.22703,0.23328,0.20236,0.20335,0.20269,0.20565,0.20269,-0.00353,-0.00090,0.00206,0.00008,-0.00189,-49.44456,-1272.00000
0.23656,0.23262,0.22801,0.23393,0.22933,0.20104,0.20433,0.19907,0.20104,0.20598,-0.00090,-0.00057,0.00008,0.00041,0.00370,-49.44456,-1271.00000
0.22933,0.23393,0.22900,0.23032,0.22834,0.20696,0.20269,0.20696,0.20335,0.19677,0.00041,-0.00123,0.00173,0.00107,0.00074,-48.48693,-1270.00000
0.22801,0.22768,0.23163,0.22670,0.23360,0.20433,0.20400,0.20170,0.20269,0.19841,-0.00386,-0.00090,0.00337,0.00041,-0.00222,-48.48693,-1269.00000
0.23130,0.22867,0.23295,0.22867,0.23393,0.20367,0.20663,0.20532,0.20203,0.19907,-0.00025,0.00074,-0.00189,-0.00057,-0.00123,-48.02032,-1268.00000
0.22670,0.22966,0.23295,0.22571,0.22834,0.20598,0.19742,0.20466,0.20170,0.20038,0.00173,-0.00057,-0.00123,0.00041,-0.00386,-48.02032,-1267.00000
0.22768,0.23360,0.23328,0.23130,0.22538,0.20499,0.20302,0.20170,0.20203,0.20367,-0.00353,0.00403,-0.00222,-0.00189,0.00107,-49.56924,-1266.00000
0.23262,0.23393,0.23064,0.22571,0.23328,0.20071,0.20828,0.20137,0.20367,0.20104,0.00173,-0.00090,0.00074,-0.00419,0.00239,-49.56924,-1265.00000
0.22571,0.22933,0.22308,0.23196,0.22571,0.20367,0.20137,0.20236,0.20367,0.20335,0.00074,0.00041,-0.00485,0.00337,0.00206,-50.38032,-1264.00000
0.23360,0.23097,0.22439,0.23426,0.23130,0.20236,0.20236,0.20137,0.19841,0.20104,0.00502,0.00074,0.00239,-0.00057,0.00074,-50.38032,-1263.00000
0.22900,0.22900,0.22933,0.23097,0.22735,0.19677,0.20663,0.20367,0.20433,0.20071,0.00304,0.00140,0.00107,-0.00419,-0.00123,-51.05930,-1262.00000
0.22768,0.23262,0.22637,0.22571,0.23163,0.20335,0.20499,0.20959,0.20236,0.20894,-0.00090,0.00206,-0.00156,0.00074,0.00074,-51.05930,-1261.00000
0.23591,0.23262,0.23163,0.22933,0.22966,0.20729,0.20499,0.20302,0.20927,0.20663,0.00008,-0.00321,-0.00419,0.00041,0.00206,-51.44030,-1260.00000
0.23097,0.23130,0.22801,0.23393,0.23032,0.20400,0.20104,0.20335,0.20038,0.20104,-0.00025,0.00074,0.00206,0.00008,0.00173,-51.44030,-1259.00000
0.23130,0.23262,0.23196,0.22670,0.23393,0.20104,0.19973,0.19611,0.20565,0.20269,0.00074,-0.00090,0.00008,-0.00386,0.00041,-52.38519,-1258.00000
0.22933,0.22999,0.22670,0.23229,0.23360,0.20203,0.20532,0.20137,0.20729,0.19973,0.00008,-0.00057,-0.00189,0.00074,0.00008,-52.38519,-1257.00000
0.23459,0.22867,0.23360,0.23196,0.23163,0.20335,0.20663,0.20236,0.20038,0.20170,-0.00025,0.00140,-0.00025,-0.00123,0.00008,-51.76632,-1256.00000
0.23163,0.22407,0.23558,0.22867,0.23097,0.20433,0.20335,0.20663,0.20532,0.20006,0.00304,0.00041,0.00074,-0.00123,-0.00452,-51.76632,-1255.00000
0.22966,0.22571,0.23097,0.22341,0.23295,0.20565,0.20236,0.20433,0.20565,0.20631,0.00041,0.00304,0.00140,0.00140,0.00206,-51.53258,-1254.00000
0.23492,0.22604,0.22900,0.23229,0.22505,0.20170,0.20367,0.20499,0.20302,0.20170,0.00272,0.00173,-0.00156,0.00272,0.00008,-51.53258,-1253.00000
0.23032,0.23426,0.23360,0.22999,0.23426,0.19841,0.20433,0.20729,0.20170,0.20203,0.00140,-0.00617,-0.00025,0.00107,0.00140,-51.29363,-1252.00000
0.22900,0.23196,0.22999,0.23130,0.22768,0.20302,0.20137,0.20762,0.20038,0.20335,-0.00321,-0.00025,-0.00222,0.00206,0.00337,-51.29363,-1251.00000
0.22900,0.23229,0.22801,0.22735,0.22999,0.20071,0.20006,0.20335,0.20565,0.20203,0.00272,-0.00386,0.00173,0.00107,-0.00057,-51.93588,-1250.00000
0.22801,0.23328,0.22439,0.23492,0.23032,0.20203,0.20269,0.20499,0.20006,0.20598,-0.00090,0.00008,-0.00255,0.00173,0.00140,-52.48649,-1249.00000
0.23163,0.22670,0.23064,0.22900,0.23064,0.20433,0.20104,0.20170,0.20269,0.20104,-0.00255,0.00370,0.00272,0.00041,0.00041,-52.48649,-1248.00000
0.23229,0.23032,0.23492,0.22900,0.23393,0.20137,0.20006,0.20071,0.20466,0.20335,0.00337,0.00140,0.00173,-0.00156,-0.00156,-53.30135,-1247.00000
0.23328,0.22900,0.22834,0.23229,0.23097,0.20170,0.20565,0.20729,0.20170,0.20006,0.00206,-0.00123,-0.00057,-0.00057,-0.00057,-53.30135,-1246.00000
0.22933,0.23262,0.22933,0.22571,0.23097,0.20006,0.20729,0.20400,0.20038,0.20203,-0.00353,-0.00057,-0.00189,0.00074,-0.00288,-53.65507,-1245.00000
0.22308,0.22966,0.22834,0.23295,0.22801,0.19808,0.20071,0.20696,0.20236,0.20565,0.00173,-0.00255,0.00140,0.00337,-0.00321,-53.65507,-1244.00000
0.23624,0.22933,0.22735,0.23163,0.22768,0.20170,0.20006,0.20828,0.20302,0.19940,0.00008,-0.00222,0.00304,0.00140,0.00173,-54.79384,-1243.00000
0.22933,0.22604,0.23328,0.23591,0.22407,0.20236,0.19973,0.20137,0.20137,0.20499,0.00140,0.00206,-0.00288,-0.00156,-0.00025,-54.79384,-1242.00000
0.23393,0.22670,0.23360,0.22768,0.23426,0.20006,0.20302,0.20104,0.20400,0.20038,0.00107,-0.00090,-0.00025,0.00107,-0.00057,-54.62593,-1241.00000
0.22703,0.22242,0.23262,0.22999,0.22472,0.20795,0.20565,0.20400,0.20038,0.20071,-0.00156,-0.00189,-0.00025,0.00041,0.00173,-54.62593,-1240.00000
0.22834,0.22933,0.22604,0.23328,0.23097,0.20071,0.20006,0.20170,0.20335,0.19940,-0.00090,-0.00551,-0.00353,0.00206,-0.00090,-53.67771,-1239.00000
0.22472,0.22637,0.22900,0.22867,0.22637,0.19874,0.20006,0.20170,0.20269,0.20302,-0.00123,0.00173,-0.00156,-0.00156,-0.00025,-53.67771,-1238.00000
0.22735,0.22637,0.23196,0.22604,0.23163,0.20170,0.20400,0.19775,0.20203,0.20367,-0.00123,-0.00057,0.00074,0.00173,-0.00090,-53.00585,-1237.00000
0.22999,0.22933,0.22670,0.22834,0.23130,0.20466,0.20631,0.20104,0.19874,0.19808,-0.00025,-0.00057,0.00074,0.00173,0.00107,-53.00585,-1236.00000
0.22703,0.22472,0.22571,0.22801,0.23097,0.20302,0.20367,0.19742,0.20137,0.20203,-0.00189,0.00304,0.00436,0.00074,0.00140,-52.64306,-1235.00000
0.22472,0.23196,0.22735,0.23130,0.22834,0.20335,0.20565,0.19775,0.20236,0.20137,0.00140,0.00008,-0.00189,-0.00222,-0.00057,-52.64306,-1234.00000
0.22801,0.23262,0.22505,0.22867,0.22374,0.19545,0.20302,0.19710,0.20071,0.20532,-0.00025,0.00173,-0.00123,-0.00353,0.00239,-52.51049,-1233.00000
0.22439,0.23163,0.22538,0.23393,0.22341,0.20038,0.20367,0.20006,0.20006,0.20038,0.00239,-0.00189,-0.00123,-0.00156,0.00074,-52.51049,-1232.00000
0.22933,0.22374,0.23130,0.22242,0.22834,0.20038,0.19940,0.20335,0.20466,0.19940,0.00107,-0.00090,-0.00057,0.00074,0.00041,-52.07556,-1231.00000
0.22703,0.22735,0.23130,0.22966,0.22637,0.20170,0.20071,0.20302,0.20729,0.19874,0.00008,-0.00090,0.00140,0.00008,0.00008,-52.07556,-1230.00000
0.22472,0.22670,0.22735,0.23097,0.22604,0.19808,0.20499,0.20335,0.20598,0.20532,-0.00353,-0.00156,0.00107,0.00008,0.00206,-52.35370,-1229.00000
0.22900,0.23196,0.22308,0.23032,0.23097,0.20367,0.20137,0.20269,0.20071,0.20236,-0.00025,-0.00025,0.00041,-0.00156,0.00107,-52.35370,-1228.00000
0.23196,0.22966,0.22768,0.22735,0.22834,0.20335,0.20104,0.20170,0.19841,0.20104,0.00239,0.00041,-0.00156,0.00074,-0.00025,-51.54550,-1227.00000
0.23097,0.22209,0.23426,0.22867,0.22505,0.20335,0.20367,0.20104,0.19907,0.19841,0.00173,-0.00123,-0.00156,0.00074,-0.00551,-51.54550,-1226.00000
0.22637,0.23229,0.22900,0.23032,0.23229,0.20565,0.20071,0.20170,0.21025,0.20038,0.00074,-0.00057,0.00107,0.00370,-0.00057,-51.64922,-1225.00000
0.23130,0.22308,0.22834,0.23591,0.22538,0.20236,0.20335,0.20137,0.20302,0.20203,-0.00419,0.00041,0.00041,0.00337,-0.00123,-51.64922,-1224.00000
0.23097,0.21880,0.23130,0.22341,0.22834,0.20499,0.20170,0.20400,0.20137,0.20335,-0.00156,-0.00288,-0.00057,0.00107,0.00008,-52.48232,-1223.00000
0.22505,0.23229,0.23064,0.22933,0.22472,0.19874,0.19808,0.20137,0.20433,0.20367,0.00304,-0.00123,-0.00090,0.00107,-0.00025,-52.48232,-1222.00000
0.22768,0.22933,0.22966,0.22768,0.23393,0.20532,0.20565,0.20433,0.19775,0.19973,-0.00025,0.00008,0.00370,0.00041,0.00206,-52.61079,-1221.00000
0.23295,0.22374,0.22637,0.23130,0.22900,0.20203,0.19841,0.20170,0.20071,0.20400,0.00239,0.00140,0.00403,-0.00123,0.00008,-52.61079,-1220.00000
0.22703,0.22768,0.23032,0.22703,0.23393,0.20006,0.20433,0.20038,0.20335,0.20038,-0.00123,0.00074,0.00107,-0.00156,0.00140,-52.15745,-1219.00000
0.23262,0.22703,0.23295,0.22933,0.23360,0.20269,0.20170,0.20959,0.20532,0.19611,-0.00419,-0.00090,0.00206,-0.00057,-0.00090,-52.15745,-1218.00000
0.22801,0.22637,0.23591,0.23360,0.23064,0.19644,0.20335,0.20400,0.20400,0.20269,-0.00057,-0.00025,0.00041,-0.00255,-0.00025,-53.03185,-1217.00000
0.22966,0.22571,0.22472,0.22143,0.22834,0.19874,0.20367,0.20038,0.19775,0.20894,-0.00584,0.00239,0.00337,-0.00255,-0.00156,-53.03185,-1216.00000
0.22670,0.22439,0.23229,0.22703,0.22472,0.20598,0.20269,0.20170,0.20038,0.20400,-0.00025,-0.00123,0.00107,-0.00123,-0.00057,-53.72540,-1215.00000
0.23064,0.22308,0.22966,0.23426,0.23558,0.20532,0.19874,0.20367,0.20269,0.20565,0.00304,0.00107,-0.00189,0.00173,0.00041,-54.22110,-1214.00000
0.22768,0.22999,0.22571,0.23097,0.22571,0.20400,0.19874,0.19940,0.20170,0.20203,0.00074,-0.00419,0.00107,-0.00057,0.00304,-54.22110,-1213.00000
0.22341,0.23262,0.22801,0.22703,0.23360,0.20236,0.20203,0.20532,0.20335,0.20367,0.00008,0.00008,-0.00025,0.00272,-0.00386,-53.88789,-1212.00000
0.22637,0.22900,0.22768,0.22604,0.23064,0.20038,0.20071,0.19578,0.20795,0.20335,-0.00025,0.00337,0.00041,0.00304,0.00206,-53.88789,-1211.00000
0.22703,0.22801,0.22966,0.23328,0.22768,0.19940,0.20269,0.19841,0.20104,0.20236,-0.00156,0.00239,0.00173,-0.00321,-0.00123,-53.39658,-1210.00000
0.23097,0.22999,0.22703,0.23328,0.22768,0.20170,0.20203,0.19907,0.20894,0.20137,0.00140,0.00272,-0.00025,0.00107,0.00008,-53.39658,-1209.00000
0.22933,0.22999,0.22768,0.22768,0.22308,0.20367,0.19973,0.19973,0.20071,0.20335,-0.00123,-0.00353,0.00140,0.00107,-0.00057,-53.87114,-1208.00000
0.22966,0.22571,0.22834,0.22703,0.22703,0.20565,0.20499,0.20137,0.21025,0.20631,0.00272,0.00041,-0.00025,-0.00321,-0.00090,-53.87114,-1207.00000
0.22604,0.23064,0.22505,0.23624,0.22505,0.20269,0.20236,0.20433,0.20499,0.20170,-0.00189,-0.00090,-0.00057,0.00206,-0.00288,-53.13918,-1206.00000
0.22768,0.22834,0.23064,0.22505,0.22670,0.20335,0.20236,0.20302,0.20400,0.20367,-0.00057,0.00041,-0.00222,0.00206,-0.00057,-53.13918,-1205.00000
0.22538,0.22505,0.23196,0.23032,0.22801,0.20466,0.20203,0.20269,0.19808,0.20433,0.00206,0.00074,-0.00123,0.00008,0.00008,-52.43873,-1204.00000
0.22834,0.22801,0.22867,0.22472,0.23295,0.20006,0.20466,0.20367,0.20269,0.20038,-0.00090,-0.00222,0.00041,-0.00025,-0.00222,-52.43873,-1203.00000
0.23130,0.23130,0.22900,0.22933,0.23196,0.20071,0.20565,0.20466,0.20203,0.20631,-0.00025,0.00107,0.00206,-0.00057,-0.00025,-52.30335,-1202.00000
0.23229,0.23262,0.22670,0.22966,0.22670,0.20104,0.19907,0.20499,0.20236,0.20367,0.00008,-0.00057,-0.00321,-0.00288,-0.00189,-52.30335,-1201.00000
0.22768,0.22999,0.22703,0.22933,0.22505,0.20203,0.20532,0.20137,0.20367,0.20038,-0.00386,0.00206,-0.00156,-0.00321,0.00074,-51.37140,-1200.00000
0.22604,0.22900,0.22900,0.22834,0.22966,0.20236,0.20170,0.20038,0.20302,0.20302,0.00008,-0.00189,-0.00090,-0.00025,-0.00090,-51.37140,-1199.00000
0.22933,0.22703,0.22078,0.22900,0.22604,0.20137,0.19874,0.20400,0.20400,0.20400,0.00074,-0.00156,0.00074,-0.00025,-0.00057,-51.40836,-1198.00000
0.23196,0.23032,0.22933,0.22735,0.23492,0.20137,0.20038,0.20104,0.20236,0.20302,-0.00189,-0.00222,-0.00025,-0.00288,-0.00057,-51.40836,-1197.00000
0.23229,0.23492,0.22966,0.22801,0.22966,0.19907,0.20367,0.20400,0.20367,0.20466,0.00206,-0.00255,0.00008,0.00206,-0.00156,-51.75398,-1196.00000
0.22703,0.22933,0.22604,0.22703,0.22900,0.20269,0.19775,0.20335,0.20038,0.20104,-0.00386,0.00074,-0.00025,-0.00288,0.00041,-51.75398,-1195.00000
0.22933,0.22045,0.23262,0.22768,0.22111,0.20335,0.20137,0.20269,0.20071,0.20433,0.00107,0.00140,0.00239,0.00272,0.00074,-52.10258,-1194.00000
0.22308,0.23163,0.22801,0.22768,0.22407,0.19874,0.19973,0.20466,0.20236,0.20433,-0.00222,0.00140,0.00140,0.00008,0.00008,-52.10258,-1193.00000
0.22407,0.22637,0.22374,0.22768,0.22439,0.20203,0.20137,0.19677,0.20335,0.19973,0.00173,0.00074,0.00304,-0.00123,0.00206,-52.73098,-1192.00000
0.22604,0.22111,0.22834,0.23032,0.22242,0.20565,0.20433,0.20203,0.19874,0.20532,-0.00025,-0.00156,0.00206,0.00074,-0.00156,-52.73098,-1191.00000
0.22801,0.22604,0.22111,0.22374,0.22867,0.20203,0.19841,0.19710,0.20170,0.20006,-0.00255,-0.00452,0.00074,0.00008,0.00206,-53.47730,-1190.00000
0.22900,0.22768,0.22341,0.22900,0.23097,0.20236,0.20203,0.20236,0.20335,0.20170,-0.00025,-0.00057,0.00074,0.00008,0.00107,-53.47730,-1189.00000
0.21946,0.23328,0.22637,0.23459,0.22407,0.20071,0.20203,0.20302,0.20400,0.20499,0.00107,0.00173,0.00502,0.00140,-0.00123,-53.19617,-1188.00000
0.22407,0.23097,0.22538,0.22439,0.22735,0.20532,0.20367,0.20104,0.20137,0.20203,0.00074,0.00107,0.00041,-0.00189,-0.00090,-53.19617,-1187.00000
0.22933,0.22867,0.23722,0.22571,0.22966,0.20071,0.19611,0.20170,0.19841,0.20203,0.00008,-0.00057,-0.00025,0.00008,0.00206,-53.27289,-1186.00000
0.22867,0.23130,0.22538,0.22571,0.22703,0.20466,0.19907,0.20335,0.20104,0.20598,0.00272,-0.00353,-0.00090,-0.00057,0.00008,-53.27289,-1185.00000
0.22933,0.22834,0.23032,0.23064,0.22538,0.20170,0.20532,0.20302,0.20400,0.20269,0.00041,0.00074,0.00107,-0.00156,-0.00123,-53.94357,-1184.00000
0.23097,0.22308,0.22966,0.22505,0.22472,0.20729,0.20203,0.20236,0.20104,0.19940,-0.00189,0.00074,0.00140,0.00140,0.00008,-53.94357,-1183.00000
0.23196,0.22571,0.22439,0.22834,0.22900,0.19808,0.20137,0.20203,0.20236,0.20038,-0.00156,-0.00156,-0.00255,-0.00452,-0.00353,-54.39366,-1182.00000
0.22242,0.22275,0.22571,0.23032,0.22439,0.20236,0.20499,0.20269,0.20400,0.20795,-0.00090,0.00337,0.00272,0.00173,0.00173,-54.39366,-1181.00000
0.22275,0.22407,0.22966,0.23097,0.22834,0.20400,0.20203,0.20170,0.20071,0.19874,0.00337,-0.00025,0.00041,0.00370,0.00107,-53.96197,-1180.00000
0.22209,0.22538,0.22834,0.22472,0.22571,0.20006,0.20236,0.20367,0.20367,0.19677,0.00008,0.00173,0.00370,0.00107,-0.00353,-53.96197,-1179.00000
0.22867,0.23032,0.23097,0.23097,0.22505,0.19775,0.20433,0.20565,0.20400,0.19874,0.00272,-0.00189,-0.00025,0.00206,0.00206,-54.14163,-1178.00000
0.22505,0.22505,0.23163,0.22703,0.22670,0.20038,0.20170,0.19907,0.20532,0.20006,-0.00090,0.00403,-0.00057,-0.00255,-0.00189,-54.14163,-1177.00000
0.22604,0.23032,0.22209,0.22538,0.23393,0.20565,0.20038,0.20466,0.20302,0.20499,-0.00090,-0.00189,-0.00255,-0.00255,-0.00123,-53.04494,-1176.00000
0.22538,0.22407,0.23032,0.22999,0.22768,0.20269,0.20269,0.20499,0.20433,0.20203,-0.00057,-0.00386,-0.00156,-0.00123,-0.00057,-53.04494,-1175.00000
0.22834,0.22867,0.22571,0.22834,0.22801,0.20006,0.20302,0.19677,0.20302,0.20499,-0.00090,0.00206,-0.00123,-0.00189,0.00107,-52.47706,-1174.00000
0.23360,0.22604,0.23229,0.22571,0.22703,0.20071,0.20302,0.20104,0.20400,0.20170,-0.00156,-0.00090,-0.00222,0.00008,-0.00156,-52.47706,-1173.00000
0.21946,0.23032,0.22505,0.22374,0.23032,0.20663,0.20335,0.20466,0.20236,0.20170,-0.00255,-0.00255,0.00074,0.00008,-0.00090,-52.38111,-1172.00000
0.22045,0.22505,0.22637,0.22670,0.23163,0.20532,0.19907,0.20663,0.19973,0.20104,-0.00123,0.00041,0.00074,-0.00090,0.00436,-52.38111,-1171.00000
0.22703,0.22407,0.22538,0.22900,0.22571,0.19874,0.20269,0.19973,0.19973,0.20598,0.00370,0.00272,0.00041,0.00304,0.00140,-52.73352,-1170.00000
0.22472,0.22571,0.22933,0.22505,0.23163,0.20466,0.20006,0.20071,0.20203,0.20269,-0.00189,0.00206,0.00041,-0.00025,-0.00288,-52.73352,-1169.00000
0.22703,0.22571,0.22341,0.22670,0.23163,0.20466,0.20006,0.19874,0.20335,0.20466,0.00008,0.00041,-0.00255,0.00304,0.00074,-52.83405,-1168.00000
0.22801,0.22111,0.22637,0.22505,0.22341,0.20071,0.20565,0.20203,0.19940,0.20302,-0.00123,-0.00123,0.00107,-0.00123,0.00041,-52.83405,-1167.00000
0.22933,0.23525,0.22735,0.22472,0.22012,0.20038,0.20631,0.20038,0.20565,0.20137,-0.00353,-0.00025,-0.00156,-0.00025,-0.00025,-51.85648,-1166.00000
0.21946,0.22637,0.22341,0.22768,0.23393,0.20170,0.20170,0.20532,0.20170,0.20170,0.00206,-0.00090,0.00403,-0.00025,0.00304,-51.85648,-1165.00000
0.22768,0.22670,0.22242,0.22505,0.22275,0.19874,0.20466,0.20203,0.20335,0.20269,-0.00321,0.00008,-0.00156,-0.00189,-0.00255,-52.35158,-1164.00000
0.22374,0.22538,0.22538,0.22275,0.23163,0.20006,0.20170,0.20006,0.20104,0.20236,-0.00057,-0.00123,-0.00321,-0.00025,-0.00025,-52.35158,-1163.00000
0.22111,0.22768,0.23163,0.22604,0.23064,0.19841,0.20696,0.20400,0.20137,0.20795,-0.00057,0.00173,-0.00057,-0.00189,-0.00255,-52.36231,-1162.00000
0.22670,0.22637,0.22176,0.22703,0.22604,0.20104,0.20203,0.20400,0.20466,0.20499,0.00041,-0.00025,-0.00156,0.00008,-0.00090,-52.36231,-1161.00000
0.22604,0.23130,0.22111,0.22242,0.23558,0.20335,0.20203,0.20137,0.20137,0.19940,0.00074,0.00140,-0.00025,-0.00025,0.00173,-52.48487,-1160.00000
0.22834,0.22275,0.22637,0.22768,0.22900,0.19874,0.20137,0.20466,0.19973,0.20466,0.00370,-0.00123,-0.00123,-0.00419,0.00206,-52.48487,-1159.00000
0.22801,0.22472,0.22571,0.22867,0.22966,0.20663,0.20170,0.19907,0.20499,0.19940,0.00304,0.00107,-0.00189,0.00206,-0.00057,-52.98316,-1158.00000
0.22670,0.22670,0.23130,0.22407,0.23459,0.20137,0.20038,0.19545,0.20335,0.20598,0.00008,0.00041,-0.00156,-0.00057,0.00173,-52.98316,-1157.00000
0.22341,0.22670,0.22735,0.22966,0.22341,0.20367,0.20104,0.20203,0.20466,0.20367,-0.00156,-0.00123,-0.00222,0.00140,0.00041,-53.65955,-1156.00000
0.23196,0.22735,0.22242,0.22604,0.22768,0.20104,0.20236,0.20367,0.20038,0.19907,0.00173,-0.00485,0.00008,-0.00288,-0.00189,-53.65955,-1155.00000
0.23064,0.22637,0.22242,0.22801,0.22999,0.19973,0.20400,0.19414,0.20696,0.20269,-0.00156,-0.00156,-0.00222,0.00206,0.00436,-54.14179,-1154.00000
0.22670,0.22768,0.22900,0.22275,0.23032,0.20335,0.20499,0.20203,0.20038,0.20203,-0.00025,0.00041,0.00074,-0.00123,0.00041,-54.14179,-1153.00000
0.22505,0.22867,0.22735,0.22735,0.22900,0.20433,0.20335,0.19742,0.19545,0.20236,-0.00123,-0.00025,0.00140,-0.00090,0.00140,-53.54306,-1152.00000
0.22670,0.23163,0.22176,0.22209,0.22735,0.20565,0.20038,0.19775,0.20236,0.20400,0.00173,0.00041,-0.00288,-0.00156,-0.00025,-53.54306,-1151.00000
0.22703,0.22275,0.22670,0.22472,0.22176,0.20335,0.20400,0.20038,0.19973,0.20302,0.00239,0.00041,-0.00090,-0.00189,0.00041,-53.10942,-1150.00000
0.22571,0.22801,0.21979,0.22308,0.22670,0.19940,0.20400,0.20696,0.19973,0.20466,0.00041,0.00008,0.00074,0.00074,-0.00057,-53.10942,-1149.00000
0.22308,0.22505,0.22472,0.22637,0.22538,0.20335,0.20302,0.20203,0.20433,0.20335,0.00239,-0.00222,-0.00288,-0.00321,-0.00551,-53.38577,-1148.00000
0.22999,0.22933,0.22505,0.22439,0.22209,0.20269,0.20038,0.19808,0.20400,0.20269,-0.00452,0.00140,-0.00123,0.00107,-0.00189,-53.38577,-1147.00000
0.22209,0.22538,0.22900,0.22111,0.23097,0.20729,0.19841,0.20335,0.20104,0.20499,-0.00123,0.00041,0.00041,0.00074,0.00173,-52.90870,-1146.00000
0.22407,0.22308,0.22472,0.22768,0.22407,0.20367,0.20466,0.20335,0.19907,0.20203,0.00041,-0.00321,-0.00057,-0.00156,0.00206,-52.90870,-1145.00000
0.23492,0.21979,0.23130,0.22999,0.22637,0.20170,0.19808,0.20367,0.20631,0.20499,-0.00090,0.00074,0.00041,0.00239,-0.00156,-52.15015,-1144.00000
0.22242,0.22900,0.22735,0.22801,0.22407,0.20038,0.19578,0.20006,0.20663,0.20170,-0.00189,0.00173,-0.00025,0.00107,-0.00090,-52.15015,-1143.00000
0.22209,0.22472,0.22604,0.23229,0.22637,0.20236,0.20532,0.19611,0.20400,0.20400,-0.00321,-0.00189,-0.00090,-0.00255,0.00041,-52.15906,-1142.00000
0.22209,0.22801,0.22604,0.22472,0.22407,0.20104,0.19907,0.19940,0.20170,0.20400,-0.00353,0.00107,-0.00123,-0.00025,-0.00123,-52.15906,-1141.00000
0.22768,0.22604,0.22735,0.22407,0.22801,0.20071,0.20433,0.20400,0.20433,0.19874,0.00074,0.00337,0.00370,0.00239,0.00304,-51.78998,-1140.00000
0.23097,0.22670,0.22176,0.21946,0.22966,0.20170,0.20170,0.20071,0.19841,0.20170,-0.00090,0.00008,-0.00025,0.00173,0.00370,-51.78998,-1139.00000
0.22571,0.22735,0.22439,0.22111,0.22834,0.20663,0.20367,0.20400,0.20071,0.20335,-0.00057,-0.00255,0.00008,-0.00156,-0.00189,-51.85202,-1138.00000
0.22768,0.22604,0.22407,0.22275,0.22078,0.20433,0.19775,0.20302,0.20104,0.20532,-0.00189,-0.00123,0.00140,-0.00123,0.00206,-51.85202,-1137.00000
0.23163,0.22176,0.22407,0.22374,0.22834,0.20071,0.19940,0.19742,0.20335,0.20335,-0.00156,-0.00518,0.00140,-0.00156,-0.00090,-51.59496,-1136.00000
0.22439,0.22505,0.22472,0.21683,0.22472,0.20236,0.20104,0.20104,0.20335,0.20400,0.00107,0.00337,-0.00057,-0.00025,-0.00255,-51.59496,-1135.00000
0.22143,0.22012,0.22735,0.22176,0.22012,0.20565,0.20466,0.19940,0.19841,0.20335,-0.00025,-0.00255,0.00107,-0.00057,0.00337,-51.27355,-1134.00000
0.22374,0.22472,0.22045,0.22111,0.22374,0.20663,0.19808,0.20269,0.20367,0.20038,0.00140,0.00107,-0.00123,-0.00025,-0.00025,-51.27355,-1133.00000
0.22176,0.22143,0.22242,0.22538,0.21815,0.19940,0.20038,0.20071,0.19808,0.20038,-0.00057,-0.00090,-0.00189,0.00008,-0.00386,-51.26910,-1132.00000
0.22308,0.22341,0.22966,0.22242,0.22176,0.19940,0.19677,0.20236,0.20203,0.19940,-0.00025,-0.00485,0.00041,-0.00189,-0.00156,-51.26910,-1131.00000
0.22439,0.22176,0.22505,0.22111,0.22703,0.20269,0.20137,0.20466,0.20038,0.19940,0.00272,-0.00419,-0.00025,-0.00025,-0.00222,-51.58182,-1130.00000
0.22143,0.22703,0.22538,0.22571,0.22439,0.20071,0.20038,0.20038,0.19808,0.19874,0.00107,0.00008,0.00239,0.00107,0.00140,-51.58182,-1129.00000
0.23328,0.22407,0.22012,0.22407,0.22111,0.20236,0.20104,0.20203,0.20433,0.20367,0.00173,0.00107,0.00173,-0.00057,-0.00057,-52.94179,-1128.00000
0.22768,0.22538,0.22703,0.22242,0.22111,0.20335,0.19841,0.19808,0.20828,0.20170,0.00173,0.00206,-0.00156,0.00173,0.00041,-52.94179,-1127.00000
0.22308,0.22341,0.22703,0.22143,0.22670,0.20203,0.20170,0.20104,0.19940,0.20170,-0.00090,-0.00025,0.00206,0.00107,0.00140,-53.44843,-1126.00000
0.22111,0.22275,0.23064,0.22176,0.22341,0.19841,0.20038,0.20038,0.20104,0.20302,-0.00419,-0.00321,0.00239,-0.00123,-0.00321,-53.44843,-1125.00000
0.22768,0.22472,0.23229,0.22111,0.22604,0.20071,0.20433,0.19940,0.19808,0.20335,0.00272,-0.00189,0.00074,-0.00321,-0.00551,-52.87900,-1124.00000
0.22341,0.22407,0.22538,0.22801,0.22308,0.19940,0.20532,0.20269,0.20203,0.20236,0.00272,-0.00189,-0.00386,0.00206,-0.00321,-52.87900,-1123.00000
0.22374,0.22308,0.21683,0.22801,0.21683,0.19710,0.20367,0.20170,0.20433,0.20302,0.00107,-0.00025,-0.00123,0.00140,-0.00189,-54.13725,-1122.00000
0.22439,0.22176,0.22045,0.21486,0.22900,0.20269,0.20203,0.20236,0.19775,0.20335,-0.00255,0.00074,0.00239,0.00173,-0.00189,-54.13725,-1121.00000
0.22735,0.21782,0.22242,0.22341,0.22801,0.20137,0.20598,0.20170,0.20335,0.20071,0.00107,-0.00156,-0.00222,0.00074,0.00008,-54.06814,-1120.00000
0.22242,0.22735,0.22703,0.21519,0.22571,0.20071,0.19940,0.20006,0.19874,0.19841,0.00074,0.00041,0.00403,0.00041,0.00337,-54.06814,-1119.00000
0.22867,0.22670,0.22275,0.22538,0.22999,0.20038,0.20565,0.20400,0.20335,0.19874,-0.00353,0.00304,-0.00090,-0.00189,0.00206,-54.15809,-1118.00000
0.22439,0.21847,0.22637,0.21815,0.23163,0.20532,0.20170,0.19479,0.20104,0.20598,0.00041,-0.00123,-0.00123,0.00140,0.00041,-54.15809,-1117.00000
0.22308,0.22867,0.22604,0.22341,0.22670,0.20038,0.20104,0.20335,0.20335,0.20203,0.00074,-0.00189,0.00337,0.00107,0.00173,-53.98823,-1116.00000
0.22439,0.22275,0.22209,0.22111,0.22242,0.20071,0.20038,0.20269,0.20499,0.20302,0.00140,-0.00123,-0.00090,-0.00518,-0.00288,-53.98823,-1115.00000
0.22472,0.22637,0.22637,0.22143,0.22407,0.20137,0.20400,0.20071,0.20170,0.20104,0.00206,-0.00419,0.00337,-0.00222,0.00107,-52.91452,-1114.00000
0.22242,0.22308,0.22045,0.22308,0.22538,0.20137,0.19841,0.20499,0.20466,0.19841,-0.00255,-0.00123,0.00337,-0.00156,-0.00288,-52.91452,-1113.00000
0.21716,0.22209,0.21979,0.22209,0.22703,0.20236,0.19973,0.20038,0.20565,0.20137,0.00140,-0.00123,-0.00090,0.00140,0.00140,-52.83177,-1112.00000
0.22374,0.22505,0.21880,0.22308,0.22407,0.20367,0.19841,0.19874,0.20236,0.19907,-0.00288,-0.00255,0.00041,-0.00057,-0.00452,-52.83177,-1111.00000
0.22571,0.22078,0.22472,0.21453,0.22275,0.20038,0.19808,0.20006,0.20104,0.20367,0.00173,-0.00386,-0.00025,0.00140,0.00008,-53.16393,-1110.00000
0.22407,0.22308,0.22275,0.22341,0.21913,0.20565,0.20499,0.20104,0.19940,0.20170,-0.00419,0.00041,0.00206,0.00173,0.00107,-53.16393,-1109.00000
0.21979,0.22703,0.21847,0.21880,0.22735,0.20038,0.20038,0.20071,0.19940,0.20400,0.00041,-0.00189,-0.00090,0.00140,0.00337,-52.11908,-1108.00000
0.22275,0.22143,0.22472,0.22768,0.21749,0.20137,0.20433,0.19973,0.20104,0.20104,0.00008,-0.00090,0.00239,0.00107,0.00041,-51.80417,-1107.00000
0.23097,0.21946,0.22341,0.21815,0.22867,0.20302,0.20137,0.20038,0.19512,0.20137,0.00107,-0.00090,-0.00419,0.00107,-0.00452,-51.80417,-1106.00000
0.22703,0.22176,0.22735,0.22078,0.21979,0.19775,0.19742,0.20038,0.20170,0.20006,-0.00123,0.00074,0.00140,-0.00057,0.00140,-51.48070,-1105.00000
0.22439,0.22505,0.22275,0.22308,0.21946,0.20663,0.20137,0.20038,0.20861,0.20170,-0.00156,-0.00025,0.00140,0.00173,-0.00090,-51.48070,-1104.00000
0.21749,0.22439,0.22571,0.21847,0.22045,0.20335,0.20302,0.20071,0.20203,0.20038,0.00568,-0.00025,0.00140,-0.00025,0.00173,-51.19201,-1103.00000
0.22768,0.21453,0.21946,0.21979,0.22012,0.19775,0.20170,0.20203,0.20532,0.20170,-0.00452,-0.00156,-0.00222,-0.00057,0.00074,-51.19201,-1102.00000
0.22472,0.21847,0.22209,0.21847,0.22341,0.19545,0.20170,0.20269,0.19874,0.20104,-0.00255,-0.00452,-0.00123,0.00206,0.00206,-50.86456,-1101.00000
0.22407,0.21584,0.22045,0.23130,0.22242,0.20071,0.20335,0.20367,0.19545,0.20104,0.00140,-0.00156,-0.00025,-0.00222,-0.00189,-50.86456,-1100.00000
0.21913,0.21979,0.22834,0.21551,0.22505,0.20367,0.20236,0.19973,0.19874,0.19644,0.00107,-0.00057,0.00107,0.00074,-0.00090,-52.49527,-1099.00000
0.22143,0.22308,0.22407,0.22176,0.22045,0.19841,0.20038,0.20302,0.20400,0.20400,-0.00090,0.00469,0.00173,0.00206,-0.00025,-52.49527,-1098.00000
0.22209,0.22209,0.22341,0.22341,0.22505,0.20071,0.20367,0.20038,0.20006,0.20006,-0.00255,-0.00156,0.00008,-0.00485,-0.00353,-52.59529,-1097.00000
0.22176,0.22176,0.22308,0.22538,0.21979,0.20269,0.20269,0.20006,0.19644,0.20170,0.00107,-0.00057,-0.00321,-0.00353,-0.00255,-52.59529,-1096.00000
0.21519,0.22538,0.21913,0.22604,0.22078,0.19644,0.20302,0.20203,0.20203,0.20565,0.00008,-0.00288,0.00041,0.00107,-0.00353,-52.95536,-1095.00000
0.21913,0.21946,0.22670,0.22538,0.21782,0.20532,0.20236,0.19973,0.20071,0.20433,-0.00386,-0.00156,0.00008,-0.00156,-0.00090,-52.95536,-1094.00000
0.21979,0.22308,0.22439,0.21913,0.21847,0.20071,0.19808,0.19973,0.19907,0.20038,-0.00123,-0.00518,-0.00025,0.00107,0.00403,-53.92153,-1093.00000
0.21880,0.21946,0.22242,0.22407,0.22078,0.20269,0.20269,0.19775,0.19841,0.20038,-0.00255,-0.00025,-0.00057,-0.00090,-0.00123,-53.92153,-1092.00000
0.21979,0.22176,0.22012,0.22505,0.22242,0.19940,0.20400,0.19841,0.20466,0.19907,-0.00090,0.00041,-0.00255,0.00074,-0.00025,-54.18000,-1091.00000
0.22472,0.21946,0.22374,0.22012,0.22308,0.20104,0.20203,0.20104,0.20269,0.20532,0.00272,0.00370,0.00173,0.00041,-0.00222,-54.18000,-1090.00000
0.21782,0.22176,0.23130,0.21880,0.22308,0.20236,0.20335,0.19808,0.20006,0.19611,-0.00156,-0.00189,-0.00156,0.00206,0.00206,-54.46793,-1089.00000
0.22308,0.22308,0.22078,0.21683,0.22604,0.19742,0.19841,0.20071,0.19742,0.20104,0.00206,0.00041,0.00304,-0.00189,-0.00025,-54.46793,-1088.00000
0.22308,0.22209,0.22176,0.22045,0.22143,0.19775,0.19940,0.20038,0.20137,0.20269,-0.00123,-0.00123,-0.00386,0.00206,-0.00123,-54.12850,-1087.00000
0.22341,0.21387,0.22801,0.21683,0.22439,0.20269,0.20663,0.20959,0.20104,0.20335,-0.00189,-0.00353,-0.00090,-0.00025,0.00337,-54.12850,-1086.00000
0.22999,0.22341,0.22703,0.21617,0.22407,0.20269,0.19907,0.20038,0.20203,0.20335,-0.00090,0.00074,-0.00025,0.00370,0.00041,-53.38993,-1085.00000
0.22308,0.21880,0.22308,0.21091,0.22637,0.20236,0.20335,0.20565,0.19907,0.19940,0.00041,-0.00321,-0.00123,-0.00156,0.00107,-53.38993,-1084.00000
0.22143,0.21979,0.22505,0.22834,0.22308,0.19940,0.19578,0.20367,0.20433,0.20400,0.00140,-0.00057,-0.00090,-0.00090,-0.00025,-53.12075,-1083.00000
0.22209,0.22143,0.22111,0.22439,0.22242,0.20104,0.20038,0.20006,0.19940,0.20335,-0.00288,0.00107,-0.00025,0.00140,0.00140,-53.12075,-1082.00000
0.22341,0.21880,0.22407,0.21847,0.21880,0.19677,0.20203,0.20104,0.19841,0.20302,-0.00025,-0.00222,-0.00025,0.00272,0.00041,-52.58821,-1081.00000
0.22670,0.22275,0.22012,0.22045,0.22439,0.20499,0.20302,0.20170,0.20631,0.20565,0.00041,0.00074,-0.00156,0.00041,0.00140,-52.58821,-1080.00000
0.22111,0.21815,0.22078,0.21815,0.21716,0.20400,0.20071,0.20367,0.20466,0.19841,0.00107,-0.00222,-0.00090,-0.00189,-0.00255,-52.25113,-1079.00000
0.22143,0.21815,0.22045,0.22012,0.22045,0.19874,0.19808,0.20006,0.20598,0.20137,0.00008,0.00173,-0.00189,-0.00057,-0.00222,-52.25113,-1078.00000
0.21946,0.22374,0.22111,0.21880,0.22505,0.20236,0.20071,0.20433,0.19907,0.20302,0.00041,0.00074,0.00041,-0.00189,0.00107,-52.50984,-1077.00000
0.21913,0.21880,0.22374,0.22176,0.22341,0.20400,0.19907,0.20006,0.20269,0.20071,-0.00288,0.00008,0.00008,-0.00057,0.00008,-52.50984,-1076.00000
0.22275,0.21815,0.22078,0.22604,0.21782,0.19907,0.19973,0.19973,0.20137,0.20532,-0.00288,0.00140,0.00206,0.00239,-0.00025,-52.13627,-1075.00000
0.21847,0.22242,0.22078,0.22275,0.21782,0.20663,0.20302,0.20565,0.19907,0.19973,0.00206,-0.00090,-0.00057,-0.00123,0.00041,-52.13627,-1074.00000
0.22012,0.21519,0.21913,0.22374,0.22176,0.20104,0.20170,0.20532,0.20203,0.20367,0.00008,-0.00189,0.00436,0.00206,-0.00123,-52.08132,-1073.00000
0.22341,0.21288,0.22472,0.22341,0.21815,0.19710,0.20302,0.20203,0.20367,0.20269,-0.00090,-0.00288,0.00272,0.00173,-0.00551,-52.08132,-1072.00000
0.22045,0.22472,0.22538,0.21782,0.22012,0.20170,0.20038,0.20104,0.19874,0.19710,-0.00057,-0.00222,0.00140,-0.00057,-0.00222,-51.99525,-1071.00000
0.21946,0.22341,0.22111,0.22012,0.22242,0.20302,0.20367,0.20532,0.19874,0.19973,-0.00090,0.00074,0.00041,-0.00222,0.00041,-51.99525,-1070.00000
0.21946,0.21486,0.22670,0.21913,0.21979,0.20499,0.20335,0.20170,0.19973,0.20269,-0.00288,-0.00419,-0.00288,0.00173,0.00206,-53.15827,-1069.00000
0.21782,0.22407,0.22111,0.22242,0.21847,0.20038,0.20203,0.20466,0.20137,0.20170,-0.00255,0.00074,0.00337,-0.00156,0.00008,-53.15827,-1068.00000
0.22374,0.22143,0.21617,0.22768,0.22045,0.19907,0.20104,0.20433,0.20071,0.20071,-0.00090,-0.00025,0.00239,0.00008,0.00206,-53.34427,-1067.00000
0.22341,0.22472,0.22538,0.21913,0.22078,0.20302,0.20236,0.19973,0.20236,0.20565,-0.00156,-0.00090,0.00074,-0.00156,0.00107,-53.34427,-1066.00000
0.22242,0.21749,0.22143,0.22308,0.21782,0.20203,0.19973,0.20137,0.20565,0.20302,0.00041,0.00041,-0.00156,-0.00222,-0.00057,-54.47487,-1065.00000
0.22045,0.21979,0.22341,0.21815,0.21453,0.20071,0.20236,0.20236,0.19973,0.20367,0.00107,0.00008,-0.00156,0.00140,-0.00255,-54.47487,-1064.00000
0.21979,0.22078,0.22341,0.21946,0.22374,0.20236,0.20400,0.20335,0.19808,0.20170,-0.00057,-0.00156,-0.00189,0.00173,0.00140,-53.38245,-1063.00000
0.22143,0.22407,0.22143,0.22078,0.21847,0.20006,0.20038,0.20236,0.20038,0.20236,0.00008,0.00041,-0.00123,-0.00222,-0.00419,-53.38245,-1062.00000
0.21913,0.22374,0.22472,0.21847,0.21782,0.20236,0.20433,0.20269,0.20203,0.20302,0.00173,0.00173,-0.00288,0.00074,-0.00156,-53.12189,-1061.00000
0.22045,0.22012,0.21354,0.21815,0.22045,0.20071,0.19677,0.20400,0.20400,0.20335,-0.00288,-0.00025,-0.00353,-0.00419,-0.00222,-53.12189,-1060.00000
0.21880,0.22012,0.21058,0.22900,0.21847,0.20269,0.20236,0.20038,0.19973,0.19874,-0.00222,-0.00353,-0.00222,-0.00090,-0.00321,-53.51651,-1059.00000
0.21551,0.21815,0.21913,0.21584,0.22209,0.19710,0.20466,0.20038,0.20203,0.20006,-0.00288,-0.00255,-0.00025,-0.00189,0.00041,-53.51651,-1058.00000
0.22078,0.22111,0.21815,0.21946,0.22176,0.20795,0.20170,0.19775,0.19973,0.20038,0.00008,0.00041,-0.00057,0.00272,-0.00255,-53.32808,-1057.00000
0.21880,0.21584,0.21815,0.22143,0.21979,0.20104,0.20466,0.20335,0.20038,0.20170,0.00272,-0.00288,-0.00353,0.00239,-0.00090,-53.32808,-1056.00000
0.22308,0.22078,0.21979,0.21453,0.22275,0.20466,0.20532,0.20499,0.20565,0.19841,-0.00057,-0.00288,-0.00353,0.00041,0.00041,-53.97117,-1055.00000
0.22045,0.21288,0.21815,0.21946,0.21782,0.20006,0.19907,0.20335,0.20071,0.20104,0.00337,-0.00518,0.00008,-0.00090,-0.00452,-53.97117,-1054.00000
0.21420,0.21815,0.21979,0.21683,0.21749,0.19808,0.20269,0.20269,0.20499,0.20170,-0.00353,0.00173,0.00041,-0.00123,0.00074,-53.94603,-1053.00000
0.21420,0.22143,0.21683,0.22012,0.21815,0.20071,0.19775,0.20203,0.20367,0.20598,-0.00025,-0.00057,0.00173,-0.00189,0.00239,-53.94603,-1052.00000
0.21749,0.21979,0.21617,0.21782,0.21091,0.20400,0.20433,0.20104,0.20236,0.19808,-0.00025,0.00107,-0.00288,-0.00090,0.00107,-53.11315,-1051.00000
0.21519,0.21782,0.21058,0.22078,0.21979,0.20433,0.19874,0.19841,0.19940,0.20565,0.00206,0.00272,-0.00057,-0.00090,-0.00222,-53.11315,-1050.00000
0.21946,0.22341,0.22012,0.21815,0.21880,0.19940,0.20137,0.20367,0.20170,0.20335,-0.00057,0.00107,0.00206,-0.00057,0.00107,-52.93353,-1049.00000
0.21815,0.22505,0.21420,0.21979,0.21815,0.20071,0.20762,0.20137,0.19940,0.20302,-0.00025,-0.00156,-0.00255,-0.00419,-0.00025,-52.93353,-1048.00000
0.21749,0.22012,0.22012,0.21223,0.21551,0.20038,0.20170,0.20006,0.19808,0.20236,0.00140,0.00140,0.00403,0.00041,-0.00123,-52.51169,-1047.00000
0.22012,0.22012,0.21223,0.21617,0.21486,0.19742,0.19874,0.20203,0.20367,0.20137,0.00074,-0.00123,0.00206,-0.00321,-0.00189,-52.51169,-1046.00000
0.21223,0.21683,0.22275,0.21486,0.21815,0.19414,0.19644,0.19907,0.20598,0.20400,-0.00090,0.00239,0.00173,-0.00090,-0.00025,-52.25194,-1045.00000
0.21683,0.21617,0.21716,0.21749,0.22143,0.20170,0.19808,0.20137,0.20006,0.20104,-0.00222,-0.00156,0.00173,-0.00255,-0.00189,-52.25194,-1044.00000
0.22143,0.21749,0.22176,0.21946,0.21815,0.19874,0.20203,0.20170,0.19775,0.20038,-0.00025,-0.00222,-0.00222,-0.00057,0.00206,-51.72167,-1043.00000
0.22143,0.21584,0.21847,0.21946,0.21847,0.20663,0.19940,0.20302,0.20335,0.20006,-0.00025,0.00304,0.00173,-0.00123,-0.00321,-51.72167,-1042.00000
0.22308,0.21716,0.21716,0.21157,0.21979,0.19710,0.19940,0.20269,0.20499,0.20071,-0.00156,-0.00353,0.00107,0.00008,-0.00485,-52.29394,-1041.00000
0.22176,0.21223,0.22045,0.22275,0.21453,0.20433,0.20038,0.20203,0.20006,0.20762,-0.00189,-0.00156,0.00107,0.00140,0.00041,-52.29394,-1040.00000
0.21453,0.21880,0.21650,0.21683,0.21979,0.19973,0.19907,0.20104,0.20433,0.20170,0.00074,0.00370,0.00272,-0.00057,-0.00090,-52.34814,-1039.00000
0.21551,0.21650,0.21486,0.21913,0.21650,0.20433,0.20499,0.20071,0.19973,0.20104,-0.00025,0.00074,-0.00156,-0.00025,0.00469,-52.34814,-1038.00000
0.22111,0.21847,0.21683,0.21387,0.21617,0.20038,0.20104,0.20038,0.19710,0.20006,0.00008,0.00074,-0.00255,-0.00321,0.00041,-53.00024,-1037.00000
0.22111,0.21551,0.21815,0.22012,0.21584,0.19710,0.19973,0.19874,0.20335,0.19973,0.00239,0.00107,-0.00222,-0.00255,0.00008,-53.00024,-1036.00000
0.21913,0.21880,0.21716,0.22012,0.21650,0.19940,0.20335,0.20203,0.20532,0.20137,0.00272,0.00403,-0.00123,0.00008,-0.00025,-53.27991,-1035.00000
0.21782,0.21683,0.22078,0.21255,0.21387,0.19677,0.20631,0.20598,0.20269,0.20828,0.00370,0.00173,0.00107,-0.00255,0.00370,-53.27991,-1034.00000
0.21847,0.21354,0.21716,0.21519,0.21025,0.20236,0.19874,0.20499,0.20236,0.20071,0.00140,-0.00255,0.00041,-0.00156,0.00239,-53.72247,-1033.00000
0.21551,0.21519,0.21387,0.21255,0.21946,0.20137,0.20269,0.20236,0.20598,0.20631,0.00173,-0.00090,0.00206,-0.00419,0.00272,-53.72247,-1032.00000
0.22111,0.21091,0.22045,0.21551,0.21354,0.20203,0.19841,0.20006,0.19874,0.20236,0.00304,0.00140,-0.00156,0.00206,-0.00025,-53.83389,-1031.00000
0.22045,0.21255,0.22176,0.21453,0.21584,0.20302,0.20433,0.20565,0.20137,0.20104,-0.00123,0.00140,-0.00288,-0.00057,-0.00025,-53.83389,-1030.00000
0.20894,0.21617,0.22143,0.21683,0.21321,0.20631,0.19841,0.20499,0.19907,0.20762,-0.00057,-0.00222,0.00041,0.00008,0.00041,-53.20357,-1029.00000
0.21124,0.21979,0.21749,0.21716,0.21124,0.19710,0.19874,0.20170,0.19841,0.20433,0.00041,0.00041,0.00140,-0.00057,-0.00452,-53.20357,-1028.00000
0.22143,0.21617,0.21617,0.21650,0.21354,0.20071,0.20104,0.20006,0.20302,0.19973,0.00173,-0.00123,0.00041,0.00041,0.00173,-53.06907,-1027.00000
0.21255,0.22143,0.21486,0.21420,0.21453,0.20104,0.19874,0.19677,0.20400,0.19841,0.00272,0.00107,-0.00090,0.00206,0.00272,-53.06907,-1026.00000
0.21354,0.21782,0.21551,0.21584,0.21387,0.20762,0.20367,0.19808,0.19644,0.20400,0.00074,-0.00452,-0.00156,0.00239,-0.00025,-53.66588,-1025.00000
0.21486,0.21716,0.21519,0.20927,0.21815,0.20367,0.20269,0.20137,0.20038,0.20038,-0.00025,0.00206,0.00140,0.00074,0.00008,-53.66588,-1024.00000
0.21190,0.21650,0.21420,0.22045,0.21223,0.20400,0.19907,0.20565,0.19775,0.20466,0.00074,0.00107,-0.00288,0.00173,-0.00090,-53.42718,-1023.00000
0.21453,0.21749,0.21913,0.21815,0.21683,0.19742,0.20137,0.20499,0.20433,0.20137,0.00008,0.00074,0.00140,0.00173,0.00074,-53.42718,-1022.00000
0.21551,0.21650,0.22242,0.21354,0.22111,0.20170,0.20433,0.20236,0.20302,0.20104,-0.00025,-0.00057,-0.00090,-0.00057,0.00107,-52.42404,-1021.00000
0.21716,0.20696,0.20992,0.21551,0.21025,0.19841,0.20565,0.19446,0.19940,0.20006,0.00074,0.00041,0.00469,-0.00288,0.00239,-52.42404,-1020.00000
0.21091,0.21420,0.20631,0.21486,0.21782,0.19808,0.20170,0.20006,0.20302,0.20203,0.00206,-0.00321,-0.00057,0.00272,-0.00090,-52.25450,-1019.00000
0.21650,0.21420,0.21223,0.21815,0.20992,0.19644,0.20302,0.20236,0.20269,0.20203,0.00074,-0.00485,-0.00321,-0.00025,-0.00090,-52.25450,-1018.00000
0.21025,0.21847,0.20696,0.21321,0.21124,0.20729,0.19940,0.19940,0.20104,0.20038,0.00008,-0.00222,-0.00255,-0.00321,0.00074,-51.61797,-1017.00000
0.20828,0.21551,0.21913,0.21190,0.20959,0.19973,0.19940,0.19907,0.20071,0.20269,0.00008,0.00107,0.00239,-0.00057,0.00008,-51.61797,-1016.00000
0.21847,0.21486,0.21223,0.21321,0.21453,0.20104,0.20104,0.20335,0.20302,0.19874,0.00041,-0.00090,0.00008,0.00107,-0.00090,-50.94815,-1015.00000
0.21683,0.20959,0.21387,0.21420,0.21354,0.19742,0.20367,0.20433,0.20367,0.20104,-0.00189,0.00074,-0.00123,0.00206,-0.00057,-50.94815,-1014.00000
0.21058,0.21157,0.21847,0.20992,0.21749,0.19841,0.20499,0.20335,0.19940,0.20663,-0.00123,-0.00025,-0.00288,-0.00156,-0.00156,-51.58735,-1013.00000
0.21453,0.21387,0.20992,0.21486,0.21354,0.19907,0.19907,0.19874,0.20335,0.19907,-0.00057,0.00008,0.00272,0.00107,-0.00222,-51.58735,-1012.00000
0.21190,0.21288,0.21519,0.20992,0.21420,0.20170,0.20236,0.19940,0.20071,0.19907,0.00107,0.00107,-0.00123,-0.00057,-0.00452,-51.47483,-1011.00000
0.21025,0.21288,0.21157,0.21354,0.21255,0.20071,0.19874,0.19808,0.20038,0.19907,0.00074,0.00041,0.00337,-0.00057,-0.00123,-51.47483,-1010.00000
0.20894,0.21551,0.21058,0.21683,0.21847,0.20663,0.19907,0.20006,0.20269,0.20137,-0.00057,0.00041,0.00173,0.00041,-0.00090,-51.93370,-1009.00000
0.21157,0.21551,0.21387,0.21058,0.21519,0.20038,0.19973,0.20203,0.20071,0.20137,-0.00419,0.00206,0.00074,-0.00485,0.00008,-51.93370,-1008.00000
0.21387,0.21584,0.21749,0.20828,0.21617,0.19940,0.19907,0.20170,0.20104,0.20170,-0.00189,0.00140,0.00041,-0.00025,-0.00123,-51.93609,-1007.00000
0.20992,0.21124,0.21453,0.21453,0.21255,0.20598,0.20367,0.20236,0.20203,0.20170,-0.00156,0.00304,-0.00090,-0.00353,0.00008,-51.93609,-1006.00000
0.21815,0.20959,0.21025,0.21420,0.21880,0.20433,0.20302,0.20104,0.20104,0.20104,-0.00025,0.00173,-0.00057,0.00008,0.00041,-52.60379,-1005.00000
0.20959,0.21617,0.21584,0.21453,0.21387,0.20104,0.19775,0.20006,0.20104,0.20170,-0.00057,-0.00222,0.00041,0.00041,0.00337,-52.60379,-1004.00000
0.21584,0.21584,0.21420,0.20861,0.21387,0.20302,0.20367,0.19545,0.20137,0.20104,-0.00288,-0.00123,-0.00090,-0.00222,-0.00057,-53.22084,-1003.00000
0.20992,0.20795,0.21420,0.20927,0.21223,0.19808,0.19907,0.20104,0.20433,0.20006,0.00173,-0.00189,0.00272,-0.00321,0.00173,-53.22084,-1002.00000
0.21025,0.21782,0.20729,0.21650,0.21354,0.19940,0.20335,0.20565,0.19775,0.19973,-0.00025,0.00074,0.00107,-0.00090,-0.00156,-53.46101,-1001.00000
0.21091,0.21157,0.21420,0.21255,0.21025,0.20302,0.19677,0.20302,0.20006,0.19710,-0.00156,0.00206,-0.00123,-0.00057,0.00008,-53.46101,-1000.00000
0.21058,0.21288,0.21255,0.21683,0.20729,0.20433,0.20038,0.20269,0.19907,0.20170,0.00140,-0.00090,-0.00123,-0.00025,-0.00123,-54.49417,-999.00000
0.21453,0.20598,0.21584,0.21288,0.20894,0.20006,0.20433,0.19808,0.20137,0.20006,0.00074,-0.00156,-0.00156,-0.00123,-0.00123,-54.49417,-998.00000
0.21091,0.21025,0.20959,0.20598,0.21025,0.19907,0.19710,0.19841,0.20269,0.20236,-0.00189,0.00304,-0.00057,-0.00156,0.00206,-53.93410,-997.00000
0.21223,0.21255,0.20565,0.21486,0.20663,0.20170,0.19808,0.20400,0.19907,0.20236,-0.00156,0.00074,0.00140,-0.00090,0.00140,-53.93410,-996.00000
0.21551,0.20203,0.20828,0.20894,0.20992,0.20071,0.19940,0.20466,0.19874,0.19841,0.00107,-0.00090,-0.00255,-0.00353,0.00008,-52.94361,-995.00000
0.21124,0.21486,0.21453,0.21124,0.20729,0.19940,0.20499,0.20170,0.19808,0.20236,0.00008,0.00008,-0.00649,0.00074,-0.00189,-52.94361,-994.00000
0.21321,0.21847,0.21255,0.21190,0.21354,0.20038,0.20236,0.19940,0.20335,0.20137,-0.00353,-0.00617,-0.00090,0.00041,-0.00189,-52.85364,-993.00000
0.20762,0.21420,0.20696,0.21124,0.20565,0.19249,0.20203,0.19775,0.20696,0.20433,-0.00321,-0.00288,-0.00057,-0.00156,-0.00222,-52.85364,-992.00000
0.20696,0.21387,0.21486,0.21091,0.21486,0.20269,0.20367,0.20203,0.19973,0.20170,-0.00156,-0.00025,0.00074,-0.00090,-0.00057,-53.91950,-991.00000
0.21354,0.21025,0.21124,0.20631,0.21321,0.20006,0.20170,0.20071,0.20335,0.20137,0.00239,-0.00288,-0.00321,0.00239,0.00304,-53.91950,-990.00000
0.20729,0.21091,0.21387,0.20598,0.21058,0.20006,0.20729,0.20400,0.20203,0.20006,0.00239,0.00041,-0.00057,-0.00222,0.00041,-52.11844,-989.00000
0.21190,0.20894,0.21321,0.21420,0.21091,0.20104,0.20170,0.20236,0.19808,0.20137,0.00107,0.00074,-0.00025,0.00206,-0.00255,-52.11844,-988.00000
0.20729,0.21683,0.21091,0.21190,0.20795,0.20038,0.20170,0.20269,0.19710,0.20236,-0.00189,-0.00386,-0.00156,-0.00288,0.00074,-51.65248,-987.00000
0.21519,0.20894,0.21584,0.20828,0.20959,0.19841,0.20170,0.20367,0.20203,0.20203,0.00272,0.00008,-0.00584,-0.00123,0.00304,-51.65248,-986.00000
0.21354,0.20367,0.20762,0.21223,0.21091,0.19973,0.20335,0.20565,0.19973,0.20236,0.00206,-0.00156,-0.00288,-0.00057,-0.00123,-51.16560,-985.00000
0.21255,0.20828,0.20927,0.21025,0.21124,0.19775,0.20466,0.19907,0.20137,0.20367,0.00239,-0.00419,0.00469,-0.00057,0.00304,-51.16560,-984.00000
0.20499,0.20696,0.21288,0.21058,0.20992,0.19907,0.20400,0.19940,0.19874,0.20236,-0.00057,-0.00485,-0.00156,0.00206,-0.00156,-48.67606,-983.00000
0.21058,0.21255,0.20433,0.21420,0.21288,0.20137,0.19808,0.20137,0.20170,0.20071,-0.00189,-0.00419,-0.00485,-0.00353,0.00041,-48.67606,-982.00000
0.21157,0.21223,0.20828,0.21190,0.21157,0.19479,0.20137,0.19940,0.19907,0.20269,-0.00090,-0.00288,0.00206,0.00239,-0.00222,-46.54750,-981.00000
0.20828,0.21157,0.20927,0.20631,0.21255,0.20236,0.19578,0.20038,0.19940,0.20269,0.00140,0.00239,-0.00057,-0.00255,-0.00156,-46.54750,-980.00000
0.20959,0.21091,0.20532,0.20992,0.20992,0.20400,0.19611,0.19775,0.19841,0.20006,0.00107,-0.00156,-0.00288,-0.00189,-0.00057,-47.52424,-979.00000
0.21157,0.20532,0.21190,0.21025,0.21190,0.19841,0.20006,0.20631,0.20038,0.20236,-0.00156,-0.00123,0.00107,0.00041,-0.00222,-47.52424,-978.00000
0.20894,0.20762,0.20795,0.21025,0.20400,0.19479,0.19644,0.19545,0.19940,0.19973,0.00074,-0.00025,-0.00025,0.00041,-0.00090,-49.06241,-977.00000
0.21058,0.20170,0.21058,0.21486,0.20795,0.20071,0.20203,0.20433,0.19973,0.20302,0.00008,0.00140,-0.00189,0.00239,-0.00057,-49.06241,-976.00000
0.20598,0.21124,0.20631,0.21124,0.20992,0.20006,0.20598,0.20071,0.20104,0.20269,0.00173,-0.00025,-0.00189,0.00206,-0.00485,-50.79097,-975.00000
0.20828,0.21124,0.20631,0.20400,0.20828,0.20038,0.19874,0.20269,0.20006,0.20400,0.00239,-0.00090,-0.00123,-0.00025,0.00239,-50.79097,-974.00000
0.20532,0.21091,0.20927,0.20795,0.21321,0.20104,0.20269,0.20499,0.19841,0.19808,-0.00255,0.00140,0.00041,0.00403,-0.00025,-51.78220,-973.00000
0.20663,0.20302,0.20236,0.21025,0.21387,0.20367,0.19973,0.20828,0.20104,0.20302,-0.00057,-0.00288,0.00173,-0.00255,0.00337,-51.78220,-972.00000
0.20992,0.20959,0.20631,0.20927,0.20499,0.19677,0.20203,0.20565,0.19973,0.20367,-0.00255,-0.00025,0.00107,0.00140,-0.00255,-52.73925,-971.00000
0.20696,0.20959,0.20992,0.20565,0.20861,0.19907,0.19414,0.19841,0.19742,0.19973,-0.00156,-0.00288,-0.00057,-0.00123,0.00074,-52.73925,-970.00000
0.21058,0.20696,0.21223,0.20762,0.20433,0.20466,0.20170,0.20170,0.19940,0.19611,0.00239,0.00140,-0.00485,-0.00123,-0.00156,-53.15185,-969.00000
0.21354,0.20631,0.20696,0.20598,0.20762,0.20137,0.20696,0.20795,0.20598,0.20203,-0.00386,-0.00222,0.00304,-0.00057,-0.00189,-53.15185,-968.00000
0.20992,0.20992,0.21223,0.20302,0.21025,0.20038,0.20269,0.20071,0.20203,0.20071,-0.00255,-0.00025,-0.00090,0.00272,-0.00353,-53.69507,-967.00000
0.21124,0.20433,0.21058,0.20532,0.20598,0.19808,0.19940,0.20203,0.20006,0.19841,-0.00123,-0.00156,0.00041,0.00041,-0.00090,-53.69507,-966.00000
0.21091,0.21091,0.20828,0.20236,0.20992,0.19940,0.19907,0.20269,0.20302,0.19644,-0.00485,0.00140,0.00041,0.00436,-0.00123,-54.18884,-965.00000
0.20861,0.20631,0.20663,0.20959,0.20367,0.20236,0.20302,0.19940,0.20104,0.20137,-0.00353,-0.00189,0.00107,0.00074,0.00272,-54.18884,-964.00000
0.20565,0.20663,0.20631,0.20631,0.20894,0.20269,0.20499,0.20137,0.19940,0.19775,-0.00189,-0.00123,-0.00123,0.00008,0.00107,-53.85223,-963.00000
0.20565,0.21519,0.20598,0.21288,0.20729,0.20400,0.20367,0.20071,0.20335,0.20137,-0.00123,0.00008,-0.00551,0.00008,0.00173,-53.85223,-962.00000
0.20367,0.20598,0.20466,0.20861,0.20795,0.20137,0.20203,0.20565,0.20137,0.20006,-0.00452,0.00008,-0.00025,0.00535,-0.00090,-53.30795,-961.00000
0.20663,0.21124,0.20762,0.21058,0.20631,0.19808,0.20203,0.19808,0.20203,0.19907,-0.00025,-0.00090,-0.00288,0.00272,0.00074,-53.30795,-960.00000
0.21025,0.20170,0.20104,0.19841,0.20959,0.20598,0.19940,0.20499,0.20598,0.20302,-0.00025,0.00140,-0.00156,-0.00123,-0.00222,-53.17741,-959.00000
0.20663,0.20137,0.20400,0.20499,0.20828,0.20532,0.20236,0.19841,0.19874,0.20335,-0.00025,-0.00189,-0.00189,0.00239,0.00041,-53.17741,-958.00000
0.20927,0.20828,0.20335,0.20466,0.20532,0.20071,0.20071,0.19644,0.19808,0.20433,0.00074,-0.00123,-0.00025,0.00502,0.00173,-53.08529,-957.00000
0.20663,0.20762,0.20861,0.20631,0.20466,0.20335,0.20104,0.20203,0.20335,0.19841,0.00304,0.00074,0.00008,-0.00123,0.00173,-53.08529,-956.00000
0.20466,0.20335,0.20269,0.20433,0.21157,0.20104,0.20367,0.20236,0.20631,0.20071,-0.00189,0.00239,0.00008,0.00041,0.00041,-52.21891,-955.00000
0.20598,0.20631,0.20335,0.20762,0.19907,0.19841,0.19742,0.19907,0.20236,0.20170,-0.00288,0.00107,0.00370,0.00140,0.00272,-52.21891,-954.00000
0.20236,0.20499,0.20992,0.20104,0.20466,0.20170,0.19973,0.20499,0.20302,0.20335,0.00074,0.00140,-0.00321,-0.00025,-0.00189,-52.26180,-953.00000
0.19940,0.20598,0.20466,0.20795,0.20598,0.19973,0.19644,0.20335,0.20828,0.20170,-0.00189,0.00140,0.00304,-0.00353,0.00239,-52.26180,-952.00000
0.20433,0.20433,0.21124,0.20335,0.20038,0.19742,0.20335,0.20532,0.19874,0.19841,0.00107,0.00206,-0.00452,-0.00025,0.00008,-52.34916,-951.00000
0.20565,0.20236,0.20729,0.20565,0.20598,0.20400,0.19775,0.20466,0.19874,0.20137,-0.00255,0.00140,-0.00057,-0.00485,-0.00222,-52.34916,-950.00000
0.20992,0.20170,0.20400,0.20236,0.20335,0.20170,0.19940,0.19907,0.20269,0.20104,0.00206,0.00008,-0.00288,-0.00419,-0.00222,-52.48073,-949.00000
0.19808,0.20203,0.20663,0.20400,0.20236,0.19578,0.19973,0.20236,0.20006,0.20071,0.00008,-0.00288,-0.00189,-0.00288,-0.00025,-52.48073,-948.00000
0.21025,0.20729,0.20433,0.20466,0.20170,0.20696,0.20598,0.20269,0.19907,0.19677,-0.00255,0.00140,-0.00189,-0.00288,0.00140,-52.74427,-947.00000
0.20170,0.20598,0.20894,0.20598,0.20269,0.20367,0.20302,0.19775,0.20170,0.20598,0.00008,-0.00057,-0.00123,-0.00090,-0.00123,-52.74427,-946.00000
0.20203,0.20367,0.20762,0.20729,0.19578,0.19907,0.20236,0.19611,0.20006,0.19742,-0.00090,-0.00123,0.00074,-0.00156,-0.00156,-52.16071,-945.00000
0.20400,0.20335,0.20598,0.19940,0.20631,0.20104,0.20663,0.20335,0.20367,0.20170,0.00140,-0.00057,-0.00189,0.00173,-0.00090,-52.16071,-944.00000
0.20236,0.20137,0.20631,0.20170,0.20729,0.20335,0.20006,0.19742,0.19841,0.20269,0.00140,-0.00090,-0.00025,-0.00288,-0.00025,-52.69657,-943.00000
0.19973,0.20104,0.20203,0.20631,0.20170,0.20269,0.19874,0.19841,0.19940,0.20006,-0.00123,0.00502,0.00107,-0.00025,-0.00090,-52.69657,-942.00000
0.20565,0.20203,0.20861,0.20236,0.20137,0.20236,0.19677,0.20071,0.19808,0.20170,0.00206,-0.00255,-0.00057,-0.00057,-0.00222,-53.33315,-941.00000
0.20433,0.20532,0.20565,0.20006,0.20038,0.20038,0.19940,0.19611,0.19611,0.20269,0.00140,-0.00452,-0.00123,0.00008,0.00041,-53.33315,-940.00000
0.19874,0.20335,0.20795,0.20006,0.19742,0.20203,0.19742,0.19973,0.19775,0.20367,0.00239,0.00074,-0.00189,0.00041,0.00107,-54.07136,-939.00000
0.19907,0.20236,0.19874,0.20137,0.20400,0.19874,0.19775,0.19808,0.19315,0.20236,-0.00090,-0.00255,0.00041,-0.00288,0.00107,-54.07136,-938.00000
0.20071,0.20236,0.19742,0.20532,0.20762,0.20038,0.20071,0.20006,0.19644,0.19973,0.00206,-0.00386,-0.00222,0.00008,0.00074,-53.85941,-937.00000
0.20071,0.19907,0.20696,0.20236,0.19841,0.20598,0.20170,0.20104,0.20367,0.20400,0.00008,-0.00123,-0.00189,0.00041,-0.00156,-53.85941,-936.00000
0.20006,0.20499,0.19940,0.19578,0.20104,0.20038,0.20236,0.19775,0.19973,0.20335,0.00074,-0.00156,0.00173,-0.00090,0.00107,-53.68996,-935.00000
0.20104,0.19940,0.20466,0.19545,0.20038,0.20170,0.20203,0.19775,0.19775,0.20269,-0.00090,0.00074,0.00272,-0.00156,0.00008,-53.68996,-934.00000
0.19742,0.20499,0.19446,0.19841,0.19874,0.20203,0.20565,0.19710,0.20302,0.19874,0.00041,0.00239,-0.00057,-0.00321,0.00041,-53.47340,-933.00000
0.19677,0.20762,0.20400,0.20400,0.20006,0.19775,0.20400,0.19940,0.20104,0.20302,0.00008,-0.00189,0.00370,0.00008,0.00074,-53.47340,-932.00000
0.19742,0.20367,0.20071,0.20367,0.19907,0.20367,0.20532,0.20104,0.20400,0.20104,-0.00057,-0.00057,-0.00222,-0.00090,-0.00123,-53.60193,-931.00000
0.19183,0.20466,0.19973,0.19841,0.20071,0.19742,0.19644,0.20302,0.20071,0.20269,0.00173,-0.00025,0.00107,-0.00090,-0.00156,-53.60193,-930.00000
0.20104,0.19973,0.19940,0.20532,0.20400,0.20499,0.20006,0.19775,0.20071,0.19973,-0.00057,-0.00090,0.00074,-0.00057,0.00008,-53.36103,-929.00000
0.19545,0.20861,0.19841,0.19907,0.19545,0.19775,0.19940,0.19841,0.19907,0.20400,0.00074,-0.00321,-0.00353,-0.00321,0.00041,-53.36103,-928.00000
0.20203,0.19710,0.19742,0.20236,0.20335,0.20104,0.19874,0.20038,0.19907,0.19907,-0.00353,0.00206,0.00272,0.00140,0.00272,-52.77915,-927.00000
0.19742,0.19644,0.20302,0.20104,0.20006,0.19710,0.19512,0.19808,0.20236,0.20104,0.00239,0.00041,-0.00288,0.00074,-0.00057,-52.77915,-926.00000
0.20006,0.20038,0.19677,0.19315,0.20006,0.19775,0.19282,0.20433,0.20038,0.20006,0.00041,0.00008,0.00041,-0.00189,0.00074,-52.20500,-925.00000
0.20203,0.19315,0.20170,0.20038,0.20302,0.20071,0.20795,0.19775,0.19808,0.19841,-0.00090,-0.00156,0.00041,-0.00255,-0.00321,-52.20500,-924.00000
0.19973,0.19381,0.19677,0.19578,0.19907,0.19545,0.20038,0.20269,0.20499,0.19710,-0.00090,0.00074,-0.00025,0.00206,0.00041,-52.07906,-923.00000
0.19940,0.19578,0.19545,0.19973,0.20170,0.19611,0.19940,0.20104,0.20137,0.19874,0.00239,0.00074,0.00074,-0.00123,-0.00057,-52.07906,-922.00000
0.19512,0.19874,0.20006,0.19644,0.19973,0.19940,0.20335,0.19775,0.19940,0.20137,0.00239,0.00041,-0.00353,0.00008,0.00403,-52.25291,-921.00000
0.20038,0.19742,0.20071,0.19742,0.19578,0.19973,0.20236,0.20203,0.19973,0.20104,0.00107,-0.00189,-0.00057,0.00600,0.00206,-52.25291,-920.00000
0.20565,0.19249,0.20236,0.19907,0.19973,0.19841,0.20170,0.19940,0.19677,0.19874,-0.00255,-0.00025,0.00107,-0.00156,-0.00090,-52.55956,-919.00000
0.20006,0.20104,0.19841,0.19808,0.19578,0.20335,0.19841,0.20170,0.19841,0.19973,0.00403,-0.00090,-0.00222,0.00304,0.00304,-52.55956,-918.00000
0.19446,0.19742,0.19710,0.20038,0.19841,0.19808,0.20104,0.19940,0.20006,0.20137,-0.00025,-0.00156,0.00140,-0.00386,0.00008,-52.63476,-917.00000
0.19282,0.19742,0.20335,0.19940,0.19907,0.20006,0.19742,0.20532,0.19940,0.20433,0.00008,-0.00025,-0.00123,0.00272,0.00239,-52.63476,-916.00000
0.19118,0.20104,0.19710,0.19644,0.19545,0.20302,0.20006,0.20038,0.20203,0.20203,0.00107,0.00239,-0.00025,-0.00353,0.00008,-52.38672,-915.00000
0.19282,0.19973,0.19381,0.20038,0.19907,0.19940,0.19907,0.20335,0.19644,0.20006,0.00140,-0.00288,0.00304,0.00041,0.00074,-52.38672,-914.00000
0.19216,0.19775,0.19446,0.19249,0.20236,0.19874,0.19808,0.19808,0.20104,0.19512,0.00370,0.00239,0.00008,-0.00353,0.00436,-53.56885,-913.00000
0.20071,0.19414,0.20071,0.19512,0.19512,0.19841,0.19907,0.19874,0.19775,0.19973,-0.00057,0.00074,0.00206,0.00074,-0.00123,-53.56885,-912.00000
0.19512,0.19677,0.19677,0.19940,0.19578,0.20104,0.19940,0.20236,0.19742,0.20038,-0.00057,0.00173,-0.00025,0.00173,-0.00255,-53.77173,-911.00000
0.19742,0.19512,0.20170,0.19775,0.19677,0.19545,0.20038,0.20203,0.19907,0.20038,0.00239,0.00206,0.00140,-0.00255,-0.00222,-53.77173,-910.00000
0.19940,0.19841,0.19545,0.19775,0.19282,0.20071,0.19940,0.20104,0.20137,0.19874,-0.00156,0.00008,0.00206,-0.00189,0.00206,-53.48254,-909.00000
0.19578,0.19282,0.19940,0.19512,0.19446,0.19841,0.20170,0.20170,0.20236,0.20137,0.00041,-0.00452,0.00140,0.00041,0.00107,-53.48254,-908.00000
0.19841,0.18920,0.20038,0.20071,0.19249,0.20071,0.20006,0.19874,0.19907,0.19940,-0.00222,-0.00057,0.00041,-0.00025,0.00107,-53.56744,-907.00000
0.19973,0.19742,0.19348,0.19611,0.19874,0.19775,0.20236,0.20170,0.20170,0.19644,0.00008,-0.00025,-0.00518,-0.00156,0.00107,-53.56744,-906.00000
0.19710,0.19578,0.19414,0.19414,0.19775,0.20170,0.20104,0.20400,0.20236,0.20104,0.00041,-0.00025,0.00370,-0.00288,0.00272,-53.31692,-905.00000
0.19249,0.19644,0.19216,0.19907,0.19742,0.19611,0.20367,0.20532,0.20335,0.19907,0.00107,-0.00025,-0.00419,-0.00123,0.00074,-53.44069,-904.00000
0.19710,0.19216,0.19578,0.19874,0.19085,0.20433,0.20104,0.20499,0.20137,0.20236,0.00272,0.00140,0.00041,-0.00222,-0.00386,-53.44069,-903.00000
0.19710,0.19479,0.19578,0.19874,0.19841,0.20038,0.20038,0.20532,0.20335,0.20598,0.00107,0.00272,-0.00025,0.00469,-0.00452,-52.64320,-902.00000
0.19611,0.19183,0.19973,0.19512,0.20302,0.19775,0.19940,0.20729,0.19973,0.19907,-0.00189,0.00008,-0.00222,0.00008,0.00041,-52.64320,-901.00000
0.18953,0.19512,0.19578,0.19216,0.19216,0.20696,0.20236,0.20663,0.20236,0.19710,-0.00025,0.00304,-0.00386,0.00107,0.00074,-52.37629,-900.00000
0.19512,0.19479,0.19118,0.19841,0.19118,0.19742,0.19940,0.20137,0.19808,0.20565,-0.00123,-0.00156,0.00107,0.00041,0.00074,-52.37629,-899.00000
0.19479,0.20071,0.19907,0.19414,0.20038,0.20071,0.19742,0.20104,0.20269,0.20499,-0.00123,0.00008,-0.00321,-0.00025,0.00107,-51.22232,-898.00000
0.20104,0.19479,0.19644,0.19446,0.18690,0.20038,0.19907,0.19973,0.20071,0.19677,-0.00189,-0.00255,-0.00156,0.00304,-0.00090,-51.22232,-897.00000
0.18558,0.19742,0.19710,0.18822,0.19348,0.19808,0.19644,0.19578,0.20302,0.20367,-0.00123,-0.00156,-0.00057,-0.00090,0.00370,-50.06917,-896.00000
0.19611,0.19348,0.19644,0.19282,0.19940,0.19907,0.20006,0.20071,0.20203,0.20104,-0.00057,0.00008,0.00008,0.00173,0.00074,-50.06917,-895.00000
0.19808,0.19578,0.19085,0.19052,0.19808,0.20400,0.20038,0.19874,0.20104,0.19710,-0.00090,-0.00419,-0.00288,-0.00156,0.00173,-47.10490,-894.00000
0.18920,0.19841,0.19150,0.20006,0.19085,0.20499,0.19907,0.20170,0.19940,0.19841,0.00140,0.00140,-0.00025,0.00140,-0.00123,-47.10490,-893.00000
0.19446,0.19052,0.19414,0.19315,0.19545,0.19940,0.19973,0.20236,0.19677,0.20104,0.00041,0.00008,-0.00255,0.00239,0.00173,-46.86055,-892.00000
0.19512,0.19249,0.18822,0.19414,0.19118,0.20071,0.20269,0.19775,0.20236,0.20367,0.00239,0.00008,-0.00090,0.00074,0.00107,-46.86055,-891.00000
0.19183,0.19315,0.19052,0.19118,0.19611,0.20071,0.20038,0.20367,0.19874,0.19973,-0.00057,-0.00189,-0.00255,0.00041,0.00008,-49.12119,-890.00000
0.18953,0.19052,0.19775,0.19249,0.18822,0.19841,0.20335,0.19841,0.19348,0.19775,0.00107,-0.00189,-0.00222,0.00173,0.00074,-49.12119,-889.00000
0.19479,0.19150,0.19446,0.19381,0.19841,0.20170,0.19775,0.20038,0.20170,0.19940,0.00107,-0.00090,-0.00189,0.00304,-0.00255,-50.44927,-888.00000
0.19775,0.19381,0.19249,0.19479,0.19512,0.19644,0.20038,0.19940,0.20170,0.19874,-0.00123,-0.00025,-0.00156,-0.00189,0.00041,-50.44927,-887.00000
0.19249,0.19249,0.19052,0.18887,0.19808,0.19677,0.19644,0.20335,0.19742,0.20006,0.00173,-0.00123,-0.00321,-0.00057,-0.00156,-51.72366,-886.00000
0.19052,0.19742,0.18723,0.19183,0.19479,0.19545,0.19940,0.20466,0.20137,0.20335,-0.00123,-0.00057,0.00272,-0.00090,0.00008,-51.72366,-885.00000
0.19644,0.18986,0.19578,0.19118,0.18953,0.20400,0.20104,0.20203,0.20071,0.19973,0.00107,-0.00321,-0.00025,-0.00057,0.00173,-52.34132,-884.00000
0.19150,0.19183,0.19414,0.18098,0.19512,0.20269,0.20236,0.19940,0.19808,0.20071,0.00403,0.00074,0.00008,0.00107,0.00107,-52.34132,-883.00000
0.19249,0.18920,0.19150,0.19677,0.19578,0.20203,0.20006,0.19775,0.20104,0.20071,-0.00025,-0.00057,-0.00025,-0.00255,-0.00025,-53.09693,-882.00000
0.19216,0.18986,0.19118,0.19348,0.18953,0.20335,0.19742,0.20269,0.20269,0.19808,0.00304,0.00206,-0.00123,0.00370,0.00074,-53.09693,-881.00000
0.19677,0.19183,0.19282,0.18920,0.19381,0.20433,0.20400,0.19940,0.20367,0.19973,-0.00057,-0.00551,0.00206,-0.00025,0.00436,-53.83118,-880.00000
0.18920,0.18822,0.19446,0.19150,0.18789,0.19611,0.20137,0.20104,0.19479,0.20400,-0.00090,-0.00057,-0.00025,-0.00123,0.00008,-53.83118,-879.00000
0.19315,0.18920,0.18986,0.19381,0.18789,0.19907,0.20367,0.19874,0.20170,0.20269,-0.00025,0.00272,0.00140,-0.00057,0.00107,-54.14215,-878.00000
0.19348,0.18723,0.18986,0.19085,0.18953,0.20269,0.19973,0.19841,0.20038,0.19907,0.00272,-0.00123,-0.00025,-0.00255,0.00140,-54.14215,-877.00000
0.18624,0.18887,0.19118,0.18887,0.19183,0.19742,0.20335,0.20170,0.20236,0.19907,0.00469,0.00140,0.00008,-0.00025,-0.00090,-53.77762,-876.00000
0.19315,0.18822,0.19282,0.19052,0.18690,0.19907,0.20203,0.19940,0.19973,0.20038,-0.00123,-0.00025,0.00239,-0.00189,0.00403,-53.77762,-875.00000
0.19578,0.18394,0.19216,0.19085,0.18789,0.19808,0.20302,0.19973,0.19973,0.20335,0.00107,-0.00123,-0.00255,0.00140,-0.00090,-53.21938,-874.00000
0.19019,0.19249,0.18723,0.18624,0.19019,0.19973,0.19874,0.20499,0.20269,0.20104,-0.00156,-0.00288,0.00074,-0.00090,0.00041,-53.21938,-873.00000
0.18558,0.18887,0.18723,0.19052,0.18394,0.20795,0.19644,0.20400,0.19742,0.19973,0.00206,0.00272,-0.00090,-0.00386,-0.00090,-53.07697,-872.00000
0.18624,0.18822,0.19315,0.18328,0.18953,0.20203,0.19940,0.20203,0.19841,0.19874,-0.00255,0.00008,-0.00025,-0.00584,-0.00156,-53.07697,-871.00000
0.19150,0.18624,0.19019,0.19611,0.18789,0.20466,0.19874,0.19874,0.20038,0.20367,0.00173,0.00008,0.00206,-0.00156,-0.00156,-53.12784,-870.00000
0.19052,0.19118,0.18262,0.19677,0.18591,0.20071,0.19940,0.20137,0.19973,0.20038,-0.00025,-0.00025,0.00436,-0.00057,-0.00057,-53.12784,-869.00000
0.18723,0.18690,0.18493,0.18624,0.18789,0.19841,0.20071,0.19907,0.20038,0.19973,0.00239,-0.00255,-0.00222,-0.00123,-0.00123,-53.27535,-868.00000
0.18789,0.18493,0.18854,0.19282,0.18953,0.19940,0.20071,0.20663,0.20433,0.20071,-0.00452,-0.00057,-0.00057,0.00337,-0.00090,-53.27535,-867.00000
0.18690,0.18822,0.18723,0.19118,0.18986,0.19973,0.19874,0.20104,0.19907,0.19874,0.00107,-0.00288,0.00008,-0.00321,-0.00025,-52.54832,-866.00000
0.18493,0.18854,0.18789,0.19216,0.19414,0.19775,0.19841,0.19940,0.19973,0.20959,0.00107,-0.00452,-0.00057,0.00469,0.00173,-52.54832,-865.00000
0.18394,0.18953,0.18953,0.18822,0.17999,0.20335,0.19973,0.19907,0.19973,0.19907,-0.00189,-0.00090,-0.00222,0.00304,0.00008,-52.45092,-864.00000
0.18854,0.18591,0.18986,0.18493,0.18953,0.20038,0.19742,0.19907,0.20006,0.20499,-0.00123,0.00041,0.00239,-0.00025,0.00403,-52.45092,-863.00000
0.18986,0.18164,0.18953,0.19183,0.18460,0.20038,0.19710,0.19808,0.19742,0.20631,-0.00288,-0.00189,-0.00156,0.00008,0.00272,-52.31921,-862.00000
0.18394,0.18986,0.18624,0.19019,0.18756,0.19808,0.19808,0.20071,0.20006,0.20038,-0.00321,0.00041,-0.00189,-0.00189,0.00337,-52.31921,-861.00000
0.18953,0.17966,0.18657,0.18690,0.18723,0.19677,0.19940,0.20335,0.20038,0.20038,0.00140,-0.00288,0.00370,-0.00025,-0.00288,-51.84320,-860.00000
0.18098,0.18854,0.17703,0.18822,0.18394,0.19775,0.20367,0.19841,0.20038,0.19677,0.00173,-0.00123,-0.00025,-0.00222,-0.00353,-51.84320,-859.00000
0.18460,0.19183,0.18295,0.18657,0.17868,0.19874,0.19611,0.19907,0.20038,0.19775,-0.00255,-0.00057,0.00074,-0.00090,0.00206,-51.79806,-858.00000
0.18526,0.18953,0.17966,0.18361,0.18690,0.20137,0.20269,0.20466,0.19874,0.20071,0.00140,-0.00518,-0.00025,0.00107,0.00008,-51.79806,-857.00000
0.19118,0.18460,0.18295,0.18361,0.18262,0.19973,0.19973,0.20006,0.20203,0.20137,-0.00288,-0.00025,0.00107,-0.00419,-0.00156,-53.15001,-856.00000
0.18986,0.18591,0.19183,0.18657,0.18756,0.20006,0.19841,0.20006,0.20137,0.19611,0.00074,-0.00057,0.00107,0.00436,-0.00288,-53.15001,-855.00000
0.18394,0.18822,0.18591,0.18493,0.18262,0.20071,0.20038,0.20038,0.20170,0.19775,0.00502,-0.00057,0.00074,0.00140,-0.00090,-53.03252,-854.00000
0.18690,0.17769,0.18657,0.18624,0.18131,0.19973,0.20038,0.20170,0.19808,0.19742,0.00370,0.00074,-0.00189,-0.00222,-0.00156,-53.03252,-853.00000
0.18427,0.18230,0.18295,0.18920,0.18657,0.19578,0.19874,0.20203,0.19973,0.19841,0.00304,-0.00057,-0.00123,0.00074,0.00074,-53.55239,-852.00000
0.18032,0.17934,0.19085,0.18328,0.18591,0.20104,0.20071,0.19742,0.19841,0.19874,-0.00255,-0.00189,-0.00419,-0.00090,-0.00090,-53.55239,-851.00000
0.18131,0.18789,0.18262,0.18723,0.18427,0.20335,0.20269,0.19841,0.19907,0.20302,0.00206,-0.00156,-0.00156,-0.00222,-0.00222,-54.98176,-850.00000
0.17835,0.18789,0.17835,0.18361,0.18460,0.20071,0.20236,0.20006,0.20006,0.20104,0.00008,0.00008,0.00173,-0.00057,-0.00025,-54.98176,-849.00000
0.17966,0.18427,0.18427,0.18197,0.19019,0.19348,0.19578,0.19611,0.20038,0.19545,0.00074,0.00041,0.00403,0.00041,-0.00321,-54.94694,-848.00000
0.17901,0.18032,0.18394,0.17769,0.18065,0.19907,0.19578,0.19973,0.19907,0.20038,0.00206,0.00107,0.00206,-0.00321,0.00206,-54.94694,-847.00000
0.18197,0.18427,0.18098,0.18657,0.18131,0.20038,0.20038,0.19874,0.20104,0.19578,-0.00288,0.00041,-0.00156,0.00173,0.00074,-54.40462,-846.00000
0.18361,0.18723,0.17901,0.18493,0.18328,0.20137,0.20433,0.20335,0.19907,0.20137,-0.00288,-0.00123,0.00074,0.00107,0.00206,-54.40462,-845.00000
0.18558,0.18230,0.18328,0.17802,0.18361,0.20236,0.19742,0.19940,0.20269,0.20006,-0.00123,0.00074,-0.00255,-0.00025,-0.00419,-53.34977,-844.00000
0.18295,0.18262,0.18558,0.17868,0.18361,0.20236,0.19907,0.20038,0.20400,0.20104,-0.00090,0.00107,-0.00123,-0.00222,-0.00321,-53.34977,-843.00000
0.18328,0.18098,0.18394,0.18131,0.17966,0.19677,0.19775,0.19841,0.20269,0.20367,0.00041,-0.00057,-0.00189,-0.00353,-0.00386,-53.76717,-842.00000
0.18164,0.17901,0.18920,0.17802,0.18493,0.19940,0.19940,0.20137,0.20335,0.20367,0.00041,-0.00025,0.00041,0.00304,-0.00189,-53.76717,-841.00000
0.18262,0.17210,0.18558,0.18427,0.18361,0.19973,0.19578,0.20038,0.20137,0.20104,0.00173,-0.00321,-0.00123,-0.00057,0.00206,-53.18730,-840.00000
0.18065,0.18394,0.18460,0.17999,0.18624,0.19742,0.19940,0.20006,0.19907,0.19545,-0.00057,0.00008,-0.00090,0.00370,0.00107,-53.18730,-839.00000
0.18591,0.18098,0.18098,0.17901,0.17835,0.20006,0.20400,0.19710,0.19742,0.19742,0.00403,0.00436,-0.00551,0.00173,-0.00057,-52.22597,-838.00000
0.18131,0.18328,0.17934,0.18197,0.17835,0.20269,0.19841,0.20006,0.20038,0.20696,0.00140,0.00074,-0.00025,0.00272,0.00041,-52.22597,-837.00000
0.18624,0.18065,0.17605,0.18032,0.18558,0.20236,0.20104,0.20071,0.19348,0.19907,0.00008,-0.00025,-0.00452,0.00074,-0.00222,-51.77217,-836.00000
0.18197,0.17342,0.18591,0.17835,0.18164,0.20006,0.20071,0.20400,0.19940,0.19973,0.00140,-0.00057,-0.00025,0.00041,0.00107,-51.77217,-835.00000
0.18295,0.17966,0.18460,0.18032,0.17670,0.20170,0.20006,0.20038,0.20236,0.20071,-0.00090,-0.00057,-0.00156,0.00239,-0.00090,-51.65513,-834.00000
0.17769,0.17966,0.18328,0.17638,0.18065,0.20861,0.20269,0.20236,0.20269,0.20071,-0.00090,0.00041,-0.00255,0.00502,0.00041,-51.65513,-833.00000
0.17605,0.18098,0.17934,0.18427,0.17736,0.19973,0.20269,0.19644,0.20038,0.20499,-0.00419,0.00272,-0.00025,-0.00156,0.00074,-51.68206,-832.00000
0.17440,0.18098,0.18230,0.17769,0.17868,0.19841,0.19677,0.20137,0.19973,0.20170,0.00370,-0.00090,0.00140,0.00436,0.00140,-51.68206,-831.00000
0.17901,0.17736,0.18822,0.18328,0.18262,0.20203,0.20335,0.19940,0.20400,0.19644,0.00041,-0.00518,0.00173,0.00140,-0.00353,-51.61495,-830.00000
0.18098,0.17473,0.18295,0.17769,0.17638,0.19808,0.20038,0.20302,0.19742,0.19907,-0.00189,-0.00321,0.00074,0.00107,0.00173,-51.61495,-829.00000
0.18460,0.17243,0.17769,0.18197,0.18361,0.19940,0.20269,0.20236,0.19775,0.19677,-0.00288,-0.00255,-0.00189,-0.00057,-0.00123,-51.98179,-828.00000
0.18032,0.17605,0.17670,0.18591,0.18460,0.20071,0.20071,0.19940,0.20466,0.20006,-0.00222,-0.00057,-0.00189,-0.00123,-0.00057,-51.98179,-827.00000
0.18065,0.17835,0.17703,0.18164,0.17868,0.20104,0.20006,0.19644,0.20006,0.20006,-0.00057,0.00370,0.00272,-0.00156,-0.00222,-52.75603,-826.00000
0.18230,0.17605,0.18065,0.18526,0.17901,0.20269,0.20236,0.20236,0.20038,0.19973,-0.00386,-0.00057,-0.00189,0.00074,-0.00057,-52.75603,-825.00000
0.18328,0.17999,0.17736,0.18065,0.17473,0.20927,0.20038,0.20170,0.20729,0.20104,-0.00222,0.00074,0.00140,0.00304,-0.00090,-52.62069,-824.00000
0.17835,0.17703,0.17901,0.17934,0.17736,0.20137,0.19940,0.20269,0.19512,0.20335,0.00041,-0.00123,-0.00288,-0.00123,0.00041,-52.62069,-823.00000
0.17901,0.17605,0.17901,0.18328,0.17506,0.19775,0.20302,0.19710,0.20038,0.20137,-0.00321,-0.00156,0.00107,-0.00123,-0.00156,-53.71513,-822.00000
0.17473,0.17276,0.17111,0.18295,0.16914,0.20466,0.20104,0.20137,0.20400,0.20006,0.00206,-0.00156,-0.00189,-0.00090,0.00239,-53.71513,-821.00000
0.17111,0.17276,0.17605,0.17638,0.17407,0.19907,0.20269,0.19841,0.19874,0.20038,-0.00189,-0.00123,-0.00057,-0.00123,-0.00222,-53.84243,-820.00000
0.17605,0.18131,0.17605,0.18065,0.17868,0.20071,0.20367,0.20269,0.20071,0.19940,0.00370,0.00304,-0.00090,0.00074,0.00206,-53.84243,-819.00000
0.17276,0.17703,0.17999,0.17013,0.17736,0.19907,0.20236,0.19841,0.19808,0.20269,-0.00057,0.00041,0.00304,-0.00057,0.00272,-53.16633,-818.00000
0.17901,0.18131,0.17111,0.17473,0.17736,0.20400,0.19874,0.19874,0.20038,0.20367,-0.00025,0.00107,0.00107,-0.00189,0.00239,-53.16633,-817.00000
0.17440,0.17999,0.17802,0.17670,0.17078,0.20335,0.20137,0.19710,0.19710,0.20236,-0.00255,0.00008,-0.00156,0.00041,-0.00123,-53.24820,-816.00000
0.17802,0.17868,0.17407,0.17999,0.17078,0.20137,0.20335,0.20071,0.19710,0.19874,-0.00255,-0.00419,-0.00057,-0.00189,-0.00353,-53.24820,-815.00000
0.17670,0.18065,0.17572,0.17999,0.17539,0.20038,0.19742,0.20236,0.19446,0.19446,-0.00156,-0.00090,0.00436,-0.00057,0.00107,-53.41121,-814.00000
0.17473,0.17605,0.17670,0.17506,0.17342,0.20302,0.20236,0.19808,0.20302,0.19973,0.00140,-0.00321,0.00370,-0.00057,0.00008,-53.41121,-813.00000
0.17769,0.17703,0.17276,0.17309,0.18065,0.19940,0.20170,0.20367,0.20466,0.20104,-0.00321,0.00041,0.00008,0.00206,0.00140,-52.79691,-812.00000
0.17111,0.17638,0.17638,0.17309,0.17934,0.19907,0.19874,0.20203,0.19907,0.19841,-0.00419,-0.00025,0.00173,-0.00025,0.00008,-52.79691,-811.00000
0.17309,0.17802,0.17703,0.16881,0.18032,0.19710,0.20038,0.20071,0.19414,0.20137,0.00206,0.00107,0.00074,-0.00057,0.00173,-53.02443,-810.00000
0.17013,0.17769,0.17177,0.16947,0.17506,0.20104,0.20367,0.20269,0.19973,0.20203,0.00370,-0.00156,0.00140,0.00140,-0.00090,-53.02443,-809.00000
0.17736,0.17374,0.17309,0.17342,0.17769,0.19775,0.19973,0.20006,0.19775,0.19512,-0.00025,-0.00321,-0.00025,-0.00222,-0.00057,-52.25440,-808.00000
0.17572,0.18098,0.17605,0.16980,0.17276,0.20203,0.19841,0.19907,0.20006,0.19907,0.00272,-0.00222,-0.00156,-0.00090,-0.00090,-52.25440,-807.00000
0.17539,0.17473,0.17013,0.17835,0.17243,0.20006,0.19808,0.20170,0.20170,0.20367,0.00008,0.00107,0.00008,-0.00189,0.00107,-51.23462,-806.00000
0.17539,0.17243,0.17572,0.17374,0.17045,0.19775,0.19775,0.20367,0.20137,0.19808,-0.00452,0.00239,-0.00123,-0.00189,0.00008,-51.23462,-805.00000
0.17342,0.17572,0.17473,0.17572,0.17045,0.20137,0.20006,0.20203,0.19808,0.20006,0.00206,-0.00123,-0.00090,-0.00353,0.00041,-51.16175,-804.00000
0.17868,0.17013,0.16815,0.17210,0.17440,0.19940,0.19808,0.20598,0.20203,0.20236,-0.00156,-0.00189,-0.00156,-0.00025,0.00008,-51.16175,-803.00000
0.17276,0.17966,0.17045,0.17309,0.17276,0.19644,0.20071,0.19874,0.20104,0.19940,-0.00321,0.00008,0.00140,-0.00057,-0.00255,-51.95783,-802.00000
0.17243,0.17769,0.17506,0.17407,0.17407,0.20137,0.20335,0.20598,0.19874,0.19907,-0.00255,0.00008,-0.00123,-0.00025,0.00041,-51.95783,-801.00000
0.17473,0.17243,0.17539,0.18164,0.17045,0.20203,0.20400,0.19874,0.20236,0.20071,-0.00123,-0.00057,-0.00386,-0.00025,0.00008,-51.97257,-800.00000
0.17243,0.17342,0.17111,0.17210,0.17111,0.19973,0.20203,0.19841,0.19940,0.20466,0.00304,0.00206,-0.00025,-0.00419,0.00436,-51.97257,-799.00000
0.16881,0.17835,0.17111,0.17440,0.17835,0.20104,0.20400,0.20038,0.20335,0.19841,0.00041,0.00107,0.00107,0.00074,0.00041,-51.98238,-798.00000
0.16980,0.17440,0.17243,0.17638,0.17407,0.19874,0.20137,0.19775,0.20433,0.20038,-0.00485,0.00107,-0.00222,-0.00321,-0.00321,-51.98238,-797.00000
0.17374,0.17605,0.16782,0.17013,0.16059,0.20104,0.19611,0.20367,0.20203,0.20038,-0.00255,-0.00288,-0.00057,0.00008,0.00206,-53.04685,-796.00000
0.16980,0.17111,0.17342,0.17013,0.17572,0.19907,0.19775,0.20236,0.20269,0.20367,0.00041,-0.00518,0.00206,0.00041,-0.00057,-53.04685,-795.00000
0.16684,0.17539,0.17407,0.17572,0.17177,0.19512,0.20302,0.19973,0.20170,0.20170,-0.00156,-0.00025,0.00041,-0.00156,0.00107,-53.41552,-794.00000
0.16815,0.16815,0.17276,0.16815,0.17210,0.20137,0.19742,0.19742,0.20236,0.20104,-0.00452,0.00239,-0.00189,-0.00025,0.00008,-53.41552,-793.00000
0.16717,0.16980,0.17276,0.16749,0.17539,0.19644,0.20203,0.20006,0.20137,0.20203,0.00304,-0.00189,0.00074,0.00140,0.00074,-53.68530,-792.00000
0.17078,0.16815,0.16782,0.17638,0.17013,0.19841,0.19841,0.20302,0.20006,0.19973,0.00140,0.00008,0.00008,-0.00123,0.00403,-53.68530,-791.00000
0.16519,0.16914,0.16782,0.16848,0.16848,0.19742,0.20137,0.20071,0.19710,0.19907,0.00008,-0.00386,-0.00057,0.00041,-0.00123,-54.34021,-790.00000
0.16684,0.17243,0.16848,0.17144,0.17210,0.19808,0.20203,0.20170,0.19841,0.20038,-0.00123,-0.00025,-0.00090,0.00041,-0.00090,-54.34021,-789.00000
0.17111,0.17440,0.16453,0.16980,0.17374,0.19940,0.19841,0.19545,0.20170,0.19907,-0.00255,0.00008,-0.00222,-0.00090,-0.00255,-54.48700,-788.00000
0.16684,0.16848,0.16749,0.16947,0.17013,0.20071,0.20071,0.20038,0.20071,0.20170,0.00074,0.00041,0.00008,-0.00452,0.00239,-54.48700,-787.00000
0.16881,0.16717,0.16947,0.17013,0.17013,0.20367,0.20170,0.19644,0.20269,0.19611,-0.00025,-0.00090,-0.00025,-0.00057,0.00140,-54.09408,-786.00000
0.16848,0.16717,0.16782,0.17013,0.16980,0.19874,0.19808,0.20006,0.20104,0.20367,0.00041,-0.00123,0.00304,-0.00057,0.00008,-54.09408,-785.00000
0.17210,0.17243,0.17177,0.16914,0.16782,0.19907,0.19907,0.19973,0.19907,0.20137,-0.00386,-0.00419,0.00140,-0.00057,-0.00025,-53.39226,-784.00000
0.16947,0.16453,0.16519,0.16749,0.16355,0.20236,0.20302,0.19841,0.19742,0.20038,-0.00386,0.00173,-0.00255,-0.00025,-0.00222,-53.39226,-783.00000
0.16848,0.16980,0.17342,0.16881,0.16651,0.19808,0.19973,0.19710,0.20170,0.19907,-0.00057,0.00140,-0.00156,-0.00156,-0.00189,-52.40902,-782.00000
0.16519,0.16618,0.16552,0.16388,0.17144,0.20203,0.19940,0.19874,0.19446,0.19446,-0.00123,-0.00386,-0.00123,-0.00255,-0.00025,-52.40902,-781.00000
0.16618,0.16651,0.16815,0.16782,0.17078,0.19545,0.19775,0.20137,0.19742,0.20170,-0.00518,-0.00057,-0.00189,-0.00025,0.00041,-51.83195,-780.00000
0.16355,0.16684,0.16157,0.16881,0.16651,0.19841,0.20071,0.19710,0.19677,0.20038,-0.00222,0.00272,-0.00288,0.00074,0.00041,-51.83195,-779.00000
0.17276,0.16223,0.17013,0.16552,0.16815,0.20170,0.19940,0.19775,0.19315,0.19808,0.00436,-0.00057,-0.00025,-0.00123,-0.00255,-51.90475,-778.00000
0.16881,0.16486,0.16684,0.16223,0.16717,0.19677,0.20400,0.20302,0.19775,0.19414,-0.00057,-0.00419,0.00239,0.00272,0.00008,-51.90475,-777.00000
0.16289,0.16815,0.16684,0.16651,0.16618,0.20104,0.20335,0.19808,0.20006,0.19644,-0.00090,0.00074,0.00041,-0.00189,0.00107,-51.24046,-776.00000
0.16914,0.16125,0.16782,0.16651,0.16914,0.20006,0.20170,0.19742,0.19775,0.19940,-0.00123,0.00272,-0.00057,-0.00057,-0.00353,-51.24046,-775.00000
0.16092,0.17243,0.17111,0.16322,0.17144,0.20071,0.20038,0.20302,0.19710,0.19348,0.00041,0.00206,-0.00452,-0.00090,-0.00090,-51.04015,-774.00000
0.16453,0.16125,0.16256,0.16289,0.16486,0.19512,0.20104,0.20400,0.19907,0.19940,0.00008,-0.00123,-0.00255,0.00206,-0.00386,-51.04015,-773.00000
0.16717,0.16651,0.16947,0.16585,0.16980,0.20236,0.20038,0.20302,0.20170,0.20006,-0.00222,-0.00386,0.00008,-0.00288,-0.00025,-51.63092,-772.00000
0.15861,0.17013,0.16651,0.16585,0.16453,0.20269,0.19841,0.20203,0.20071,0.20038,-0.00419,-0.00156,-0.00419,0.00008,0.00107,-51.63092,-771.00000
0.16552,0.16552,0.17013,0.16749,0.16486,0.19611,0.20038,0.20071,0.20038,0.19611,0.00008,0.00206,-0.00123,0.00173,0.00041,-52.51712,-770.00000
0.16749,0.16453,0.16289,0.16749,0.16486,0.20203,0.19841,0.20137,0.19940,0.19940,-0.00386,-0.00025,-0.00123,0.00074,-0.00090,-52.51712,-769.00000
0.16519,0.16552,0.15927,0.16388,0.16947,0.19644,0.19841,0.20269,0.19710,0.20006,-0.00288,-0.00025,0.00403,-0.00156,0.00304,-52.56471,-768.00000
0.16125,0.17276,0.16157,0.16157,0.16453,0.20137,0.20302,0.20006,0.20367,0.19841,-0.00452,-0.00090,0.00107,0.00041,0.00008,-52.56471,-767.00000
0.16486,0.16947,0.16486,0.16289,0.16059,0.20006,0.19545,0.20104,0.20006,0.19907,-0.00156,0.00074,-0.00057,-0.00485,-0.00057,-53.19398,-766.00000
0.16486,0.16289,0.16388,0.16092,0.16256,0.20433,0.20269,0.20433,0.20104,0.20104,0.00206,-0.00025,-0.00255,-0.00419,-0.00025,-53.19398,-765.00000
0.16684,0.16552,0.16322,0.16453,0.16585,0.20170,0.19742,0.20236,0.19973,0.19808,-0.00025,-0.00025,0.00239,0.00140,0.00008,-53.28156,-764.00000
0.16618,0.16157,0.16519,0.16651,0.16157,0.19973,0.19973,0.19315,0.20137,0.19907,0.00206,-0.00123,0.00107,-0.00222,-0.00584,-53.28156,-763.00000
0.15467,0.16618,0.15993,0.16453,0.16815,0.19315,0.19677,0.19841,0.19578,0.20236,-0.00025,0.00074,0.00173,0.00074,-0.00321,-53.79166,-762.00000
0.16125,0.16223,0.15960,0.16980,0.16059,0.19775,0.19611,0.19578,0.19973,0.19940,-0.00156,0.00469,-0.00189,-0.00452,-0.00189,-53.79166,-761.00000
0.15796,0.16322,0.16092,0.16190,0.16585,0.19874,0.19973,0.19973,0.19742,0.19973,0.00008,-0.00025,0.00403,0.00074,-0.00057,-53.42659,-760.00000
0.15927,0.16651,0.16322,0.16421,0.16190,0.19874,0.19677,0.19644,0.19973,0.19479,-0.00090,-0.00518,-0.00123,-0.00025,0.00041,-53.42659,-759.00000
0.16322,0.16256,0.16256,0.16453,0.16552,0.19710,0.19841,0.19973,0.20302,0.19545,-0.00321,-0.00189,-0.00025,0.00107,-0.00025,-53.67130,-758.00000
0.16585,0.16684,0.15993,0.16684,0.16322,0.19940,0.19710,0.19512,0.20006,0.19446,-0.00189,0.00173,-0.00518,0.00206,-0.00025,-53.67130,-757.00000
0.16059,0.17013,0.16092,0.16092,0.16322,0.19315,0.19808,0.19874,0.19973,0.19742,-0.00156,-0.00057,-0.00025,-0.00057,0.00337,-52.99288,-756.00000
0.16026,0.16190,0.16157,0.16552,0.15861,0.19841,0.19775,0.19874,0.20137,0.19775,0.00074,-0.00057,-0.00025,0.00272,0.00008,-52.99288,-755.00000
0.16125,0.15829,0.16289,0.15861,0.17078,0.19907,0.20038,0.19710,0.19907,0.19808,-0.00156,-0.00156,-0.00321,-0.00156,-0.00057,-53.04917,-754.00000
0.16256,0.16125,0.16552,0.16453,0.15533,0.19677,0.20071,0.20170,0.19644,0.19808,-0.00057,0.00140,0.00140,-0.00255,0.00206,-53.04917,-753.00000
0.16486,0.15927,0.16453,0.15894,0.15861,0.20006,0.19874,0.20071,0.20203,0.20302,0.00008,0.00107,0.00041,-0.00090,-0.00386,-51.80535,-752.00000
0.16980,0.15993,0.16157,0.16256,0.16092,0.19907,0.19973,0.19348,0.19808,0.20236,-0.00353,-0.00156,0.00008,0.00239,-0.00255,-51.80535,-751.00000
0.15171,0.16651,0.15763,0.15434,0.16190,0.20269,0.20236,0.19808,0.19677,0.19611,0.00206,-0.00057,0.00239,0.00074,-0.00222,-51.44467,-750.00000
0.16256,0.15993,0.16585,0.16125,0.16388,0.20203,0.19446,0.19940,0.20269,0.20104,0.00206,-0.00321,-0.00255,0.00074,-0.00057,-51.44467,-749.00000
0.16453,0.15829,0.16223,0.15533,0.15927,0.19315,0.19940,0.19808,0.19940,0.19874,0.00140,-0.00880,-0.00090,-0.00255,-0.00386,-51.89421,-748.00000
0.16125,0.15631,0.16322,0.16190,0.15927,0.20071,0.19841,0.20006,0.20006,0.20203,-0.00123,0.00272,0.00140,0.00140,0.00008,-51.89421,-747.00000
0.16289,0.15763,0.15697,0.15894,0.16125,0.19841,0.19677,0.19907,0.20006,0.19841,-0.00255,0.00239,-0.00386,-0.00123,-0.00419,-51.40853,-746.00000
0.15565,0.16026,0.16355,0.16289,0.15237,0.19841,0.20137,0.19874,0.19973,0.20367,-0.00156,-0.00090,-0.00025,-0.00090,0.00107,-51.40853,-745.00000
0.15631,0.16059,0.15829,0.16388,0.15960,0.20038,0.20203,0.20006,0.19973,0.20203,-0.00288,-0.00090,0.00239,-0.00057,-0.00222,-51.68327,-744.00000
0.15697,0.16585,0.15697,0.15565,0.16092,0.19742,0.19808,0.20071,0.19940,0.20598,0.00041,-0.00189,0.00304,0.00008,0.00370,-51.68327,-743.00000
0.15993,0.15697,0.16092,0.15927,0.16190,0.19512,0.19742,0.19710,0.19940,0.19479,-0.00156,-0.00057,0.00041,0.00173,-0.00090,-51.60579,-742.00000
0.15269,0.16223,0.15565,0.16190,0.15664,0.19940,0.19907,0.19874,0.20302,0.19710,0.00107,-0.00189,-0.00025,0.00008,0.00008,-51.60579,-741.00000
0.15335,0.15894,0.15664,0.15533,0.15631,0.20170,0.19841,0.20203,0.19907,0.19644,0.00206,-0.00057,-0.00189,-0.00321,-0.00057,-52.04313,-740.00000
0.16322,0.16026,0.15565,0.15598,0.15565,0.19578,0.19742,0.19710,0.20269,0.19907,-0.00123,-0.00288,0.00107,0.00041,-0.00156,-52.04313,-739.00000
0.15894,0.15829,0.15829,0.15039,0.16026,0.19677,0.19611,0.19874,0.19545,0.19775,0.00008,0.00239,-0.00452,0.00041,-0.00485,-53.00399,-738.00000
0.15664,0.16585,0.15565,0.15533,0.15664,0.19874,0.19545,0.20170,0.19677,0.20038,0.00008,-0.00090,-0.00189,0.00107,0.00239,-53.00399,-737.00000
0.15697,0.15763,0.15763,0.15664,0.15829,0.19841,0.19545,0.19545,0.19973,0.20104,-0.00189,-0.00090,-0.00057,-0.00288,-0.00353,-52.85942,-736.00000
0.16092,0.15763,0.15598,0.15467,0.15927,0.19874,0.19940,0.19940,0.19512,0.20367,-0.00156,0.00173,-0.00057,-0.00025,0.00041,-52.85942,-735.00000
0.15960,0.15894,0.15269,0.15861,0.16125,0.20203,0.19545,0.19940,0.20006,0.19479,0.00140,-0.00057,-0.00123,-0.00222,-0.00321,-52.95803,-734.00000
0.15927,0.16125,0.15829,0.15993,0.16125,0.19973,0.19742,0.20006,0.19677,0.20335,0.00239,0.00436,0.00140,-0.00025,-0.00090,-52.95803,-733.00000
0.15434,0.15763,0.15960,0.16059,0.15861,0.19907,0.19775,0.19940,0.19907,0.20006,-0.00057,0.00272,0.00370,0.00337,0.00041,-52.71192,-732.00000
0.15631,0.15565,0.15565,0.16026,0.15401,0.19907,0.19775,0.19545,0.19940,0.20170,-0.00419,-0.00156,-0.00222,0.00008,0.00074,-52.71192,-731.00000
0.15467,0.15598,0.15565,0.15861,0.15204,0.19940,0.19973,0.20071,0.19644,0.19710,0.00107,-0.00321,0.00041,-0.00156,0.00173,-53.03321,-730.00000
0.16256,0.15237,0.15960,0.15269,0.15598,0.20400,0.19973,0.19940,0.20433,0.19479,0.00140,0.00074,0.00074,0.00041,0.00074,-53.03321,-729.00000
0.15829,0.15631,0.15401,0.15401,0.15697,0.20006,0.19874,0.19841,0.20006,0.20269,0.00535,-0.00156,-0.00025,-0.00222,-0.00123,-53.21826,-728.00000
0.16059,0.15697,0.15368,0.16157,0.16059,0.19512,0.19874,0.20038,0.19545,0.19973,-0.00419,0.00140,0.00074,-0.00189,0.00239,-53.21826,-727.00000
0.15730,0.15631,0.15105,0.14743,0.15796,0.19479,0.19907,0.19808,0.20038,0.20400,0.00173,-0.00057,0.00107,0.00206,0.00107,-52.68823,-726.00000
0.15368,0.15302,0.15960,0.15237,0.15960,0.19940,0.19775,0.19512,0.20236,0.20006,0.00140,0.00206,-0.00090,-0.00090,-0.00057,-52.68823,-725.00000
0.15434,0.15204,0.15598,0.15434,0.16059,0.19611,0.19545,0.19742,0.20499,0.19841,-0.00090,-0.00189,0.00008,-0.00025,-0.00025,-52.51111,-724.00000
0.15631,0.15500,0.15565,0.15565,0.15039,0.19841,0.20302,0.19907,0.20269,0.20466,0.00008,-0.00222,-0.00025,0.00206,0.00206,-52.51111,-723.00000
0.15105,0.15204,0.15763,0.15006,0.15500,0.19841,0.19907,0.20335,0.20302,0.19841,-0.00255,0.00107,-0.00222,-0.00090,-0.00321,-52.08563,-722.00000
0.14579,0.15927,0.15993,0.14908,0.15598,0.20170,0.19907,0.20071,0.20236,0.19446,-0.00321,0.00107,-0.00419,0.00206,0.00008,-52.08563,-721.00000
0.15237,0.14645,0.15565,0.15368,0.15434,0.19973,0.19808,0.19512,0.20071,0.19874,0.00304,-0.00123,-0.00025,-0.00419,-0.00255,-51.80454,-720.00000
0.15401,0.15335,0.15467,0.15401,0.15631,0.19940,0.19907,0.19742,0.19973,0.20071,-0.00123,-0.00057,0.00041,-0.00156,-0.00090,-51.80454,-719.00000
0.14776,0.15796,0.15960,0.15434,0.15434,0.19808,0.19841,0.19710,0.19874,0.19973,0.00107,0.00107,-0.00353,-0.00353,-0.00123,-52.05461,-718.00000
0.15434,0.15796,0.15565,0.15631,0.15467,0.20006,0.20137,0.19775,0.19940,0.20466,0.00074,-0.00090,0.00107,-0.00189,0.00008,-52.05461,-717.00000
0.16289,0.15302,0.15171,0.15533,0.15894,0.20104,0.19677,0.19940,0.19874,0.19907,-0.00255,0.00041,-0.00189,-0.00189,-0.00057,-51.82320,-716.00000
0.15335,0.15368,0.14941,0.14973,0.15730,0.19742,0.19874,0.19841,0.20466,0.20038,0.00107,-0.00156,-0.00057,0.00107,0.00074,-51.82320,-715.00000
0.15368,0.15763,0.15927,0.15237,0.15467,0.20104,0.20269,0.20170,0.19973,0.19940,0.00107,-0.00255,0.00502,-0.00419,0.00008,-52.20066,-714.00000
0.15237,0.15006,0.15335,0.15204,0.15269,0.19808,0.20203,0.20335,0.20236,0.20137,0.00041,-0.00057,-0.00222,-0.00057,-0.00255,-52.20066,-713.00000
0.14776,0.15730,0.15434,0.14710,0.15631,0.19940,0.19940,0.20137,0.19677,0.19742,-0.00025,0.00074,0.00008,-0.00419,0.00173,-52.24535,-712.00000
0.15171,0.14908,0.16157,0.15138,0.15237,0.19808,0.20170,0.19973,0.19446,0.20104,-0.00518,-0.00222,0.00206,-0.00057,-0.00255,-52.24535,-711.00000
0.14908,0.15533,0.15269,0.15434,0.15237,0.20038,0.20236,0.20598,0.20236,0.20104,0.00206,-0.00057,-0.00353,0.00107,-0.00288,-52.20178,-710.00000
0.15335,0.15302,0.15335,0.15006,0.15269,0.19973,0.20367,0.19907,0.20203,0.19742,-0.00057,0.00041,0.00008,-0.00090,-0.00123,-52.20178,-709.00000
0.15204,0.15237,0.14842,0.15072,0.15368,0.19479,0.20038,0.19742,0.19874,0.19973,0.00140,-0.00123,-0.00090,0.00074,-0.00156,-53.06378,-708.00000
0.15302,0.15302,0.15039,0.14645,0.15565,0.20203,0.20203,0.20335,0.20269,0.20071,0.00173,0.00008,-0.00189,-0.00156,-0.00255,-53.06378,-707.00000
0.15664,0.14710,0.15368,0.15072,0.15434,0.20269,0.20269,0.19808,0.20236,0.19414,0.00239,-0.00123,-0.00057,0.00041,0.00206,-54.14419,-706.00000
0.15006,0.14973,0.15269,0.15006,0.15171,0.20137,0.20170,0.20466,0.19907,0.19644,-0.00288,0.00469,-0.00057,-0.00156,-0.00156,-54.14419,-705.00000
0.14941,0.15565,0.14776,0.15302,0.14908,0.20137,0.20367,0.19808,0.20170,0.20104,0.00008,0.00008,-0.00386,0.00140,-0.00255,-54.47932,-704.00000
0.15533,0.15006,0.15138,0.15533,0.15204,0.20335,0.20367,0.20269,0.19841,0.19841,0.00206,0.00337,-0.00485,-0.00156,-0.00156,-54.47932,-703.00000
0.15434,0.15105,0.15237,0.15105,0.15039,0.19775,0.20071,0.20466,0.19611,0.19841,0.00272,-0.00321,0.00008,0.00206,-0.00222,-54.31486,-702.00000
0.15105,0.14809,0.15237,0.15171,0.15072,0.19874,0.19677,0.20104,0.19973,0.19808,-0.00057,0.00041,-0.00123,-0.00386,-0.00025,-54.31486,-701.00000
0.15368,0.14612,0.15368,0.15204,0.14776,0.20367,0.19973,0.19841,0.20236,0.19940,0.00272,-0.00090,0.00107,0.00008,-0.00189,-53.38546,-700.00000
0.14941,0.14973,0.15204,0.15237,0.14513,0.19742,0.20367,0.19545,0.19973,0.20236,-0.00321,-0.00189,0.00206,-0.00123,0.00370,-53.38546,-699.00000
0.14941,0.15368,0.14645,0.15533,0.15006,0.20038,0.19512,0.19742,0.19808,0.19973,0.00403,0.00107,0.00140,0.00041,0.00107,-52.39097,-698.00000
0.14973,0.14941,0.14941,0.15302,0.14842,0.19940,0.20038,0.19973,0.19512,0.20006,0.00173,0.00008,0.00008,0.00008,-0.00386,-52.39097,-697.00000
0.14941,0.14348,0.15072,0.14710,0.15269,0.19940,0.20104,0.19973,0.19841,0.19677,-0.00156,-0.00189,-0.00090,-0.00288,-0.00321,-52.30144,-696.00000
0.14447,0.15302,0.14710,0.15237,0.15697,0.19973,0.19677,0.19973,0.19973,0.20038,-0.00255,-0.00090,-0.00057,-0.00057,-0.00090,-52.30144,-695.00000
0.14513,0.14776,0.15335,0.14710,0.14710,0.19973,0.20170,0.20137,0.19874,0.19710,0.00206,-0.00189,-0.00419,-0.00123,0.00107,-52.40560,-694.00000
0.15105,0.15401,0.14381,0.14645,0.14809,0.19940,0.20137,0.20071,0.20203,0.20236,0.00239,-0.00057,0.00272,0.00337,0.00206,-52.40560,-693.00000
0.14546,0.14743,0.15039,0.14875,0.14677,0.20236,0.19677,0.20269,0.19907,0.20104,-0.00321,0.00272,-0.00156,0.00041,0.00304,-51.81315,-692.00000
0.14875,0.15072,0.14908,0.14381,0.15302,0.20203,0.19710,0.19907,0.19973,0.20203,-0.00090,0.00140,0.00272,0.00041,0.00074,-51.81315,-691.00000
0.15072,0.15204,0.14809,0.14973,0.14480,0.19677,0.19808,0.20236,0.19907,0.20236,-0.00025,-0.00584,-0.00156,-0.00189,-0.00057,-51.72201,-690.00000
0.14743,0.14809,0.15335,0.14118,0.14710,0.19808,0.19578,0.20104,0.20006,0.19677,0.00074,0.00008,0.00370,0.00239,-0.00288,-51.72201,-689.00000
0.15171,0.14283,0.15105,0.14710,0.14052,0.19874,0.20104,0.19874,0.19841,0.19710,0.00337,0.00272,0.00140,-0.00057,-0.00025,-51.39079,-688.00000
0.14908,0.15269,0.14480,0.14743,0.14809,0.20137,0.19677,0.20071,0.20400,0.19545,0.00304,0.00074,-0.00222,-0.00255,0.00107,-51.39079,-687.00000
0.14677,0.14776,0.15138,0.14612,0.14118,0.19940,0.19315,0.19677,0.19775,0.19907,0.00370,-0.00288,-0.00090,0.00239,0.00140,-51.48397,-686.00000
0.14776,0.15006,0.14809,0.15204,0.14875,0.19907,0.19940,0.19940,0.20038,0.20170,0.00272,-0.00025,-0.00255,0.00436,0.00337,-51.48397,-685.00000
0.14809,0.14645,0.15204,0.14579,0.14743,0.19874,0.19775,0.19611,0.20269,0.19874,-0.00156,-0.00025,-0.00156,0.00140,-0.00485,-52.73661,-684.00000
0.15105,0.14776,0.14645,0.14710,0.14381,0.20499,0.20400,0.20236,0.19775,0.19907,0.00008,-0.00090,0.00173,-0.00090,-0.00386,-52.73661,-683.00000
0.14677,0.14743,0.14710,0.15039,0.14710,0.20400,0.19841,0.20104,0.19973,0.19710,0.00173,-0.00353,-0.00255,0.00008,-0.00321,-53.05532,-682.00000
0.14645,0.14743,0.14645,0.14743,0.14612,0.19973,0.19940,0.19973,0.20104,0.19808,-0.00025,-0.00189,-0.00452,0.00173,-0.00156,-53.05532,-681.00000
0.15171,0.14776,0.14842,0.15105,0.13822,0.19841,0.19710,0.19874,0.20038,0.19611,-0.00222,0.00173,0.00008,0.00008,0.00074,-53.22932,-680.00000
0.15598,0.13789,0.14513,0.15006,0.14743,0.19512,0.19808,0.20367,0.19940,0.20038,-0.00452,0.00173,0.00140,-0.00123,-0.00386,-53.22932,-679.00000
0.15204,0.15072,0.14579,0.14908,0.15500,0.20071,0.20236,0.19348,0.20038,0.20433,-0.00189,0.00206,0.00140,-0.00057,-0.00123,-54.09025,-678.00000
0.15072,0.14677,0.14381,0.14908,0.14579,0.20104,0.19512,0.20038,0.20104,0.19611,0.00140,-0.00090,0.00107,-0.00222,-0.00123,-54.09025,-677.00000
0.14579,0.14776,0.14743,0.15039,0.14250,0.20269,0.19907,0.19841,0.19874,0.19874,0.00469,-0.00057,-0.00057,0.00206,0.00140,-53.27315,-676.00000
0.14348,0.14842,0.15171,0.14973,0.14381,0.20203,0.19874,0.19742,0.20335,0.19841,-0.00025,-0.00353,-0.00123,0.00008,-0.00321,-53.27315,-675.00000
0.14513,0.14710,0.14447,0.14184,0.14710,0.19644,0.19973,0.19446,0.19742,0.20335,0.00041,-0.00156,-0.00025,-0.00025,0.00304,-53.56284,-674.00000
0.14875,0.14513,0.14710,0.14250,0.14645,0.19710,0.19545,0.20104,0.20071,0.19611,-0.00156,-0.00156,-0.00353,-0.00025,0.00008,-53.56284,-673.00000
0.14447,0.15138,0.14283,0.14184,0.15105,0.20367,0.20203,0.20104,0.20335,0.19611,0.00107,-0.00222,0.00140,-0.00090,-0.00321,-53.38787,-672.00000
0.14480,0.14809,0.14085,0.14677,0.14710,0.19775,0.19710,0.20203,0.20335,0.20236,-0.00189,0.00107,0.00140,-0.00123,0.00107,-53.38787,-671.00000
0.14052,0.14414,0.14283,0.14546,0.15072,0.19578,0.19841,0.19841,0.20170,0.19578,-0.00419,0.00074,0.00074,-0.00156,-0.00025,-53.49081,-670.00000
0.14118,0.14480,0.14677,0.14809,0.14645,0.20302,0.20038,0.20137,0.20104,0.19940,-0.00255,-0.00189,-0.00090,0.00239,-0.00057,-53.49081,-669.00000
0.14381,0.14842,0.14414,0.14973,0.14184,0.19611,0.19973,0.19841,0.19907,0.19841,0.00074,0.00107,0.00272,0.00041,0.00041,-52.71708,-668.00000
0.14414,0.14546,0.14184,0.13822,0.14579,0.20335,0.20071,0.19874,0.20302,0.19742,-0.00189,-0.00090,-0.00057,0.00074,-0.00123,-52.71708,-667.00000
0.13987,0.14381,0.14085,0.14677,0.14480,0.20104,0.20137,0.19841,0.19611,0.20071,0.00041,0.00008,0.00041,0.00008,0.00173,-51.80288,-666.00000
0.14316,0.13822,0.14513,0.14381,0.14743,0.20104,0.20367,0.19446,0.19775,0.19841,0.00074,0.00140,-0.00025,-0.00090,-0.00025,-51.80288,-665.00000
0.14447,0.14743,0.14546,0.14480,0.14579,0.20137,0.20104,0.20071,0.19512,0.19512,-0.00353,-0.00123,-0.00123,0.00370,0.00140,-51.70222,-664.00000
0.14480,0.15006,0.14414,0.13987,0.14480,0.19578,0.19940,0.19578,0.19611,0.20071,0.00337,-0.00288,0.00107,0.00173,-0.00025,-51.70222,-663.00000
0.13789,0.14546,0.14908,0.14645,0.14875,0.20170,0.20203,0.20335,0.20335,0.19940,0.00206,-0.00156,-0.00025,-0.00222,0.00107,-51.47123,-662.00000
0.14118,0.14217,0.15138,0.13987,0.14348,0.20236,0.19611,0.19874,0.19512,0.19578,0.00304,-0.00189,0.00173,0.00206,0.00173,-51.47123,-661.00000
0.14513,0.14052,0.14612,0.14579,0.14283,0.20663,0.20203,0.19775,0.20137,0.19578,0.00535,-0.00353,-0.00189,-0.00090,-0.00288,-51.59743,-660.00000
0.14283,0.14381,0.13822,0.14381,0.14085,0.20302,0.19808,0.19710,0.19973,0.19545,0.00041,0.00008,0.00107,0.00370,-0.00255,-51.59743,-659.00000
0.14546,0.13888,0.13954,0.14842,0.14316,0.20104,0.20006,0.20006,0.19808,0.19479,-0.00057,-0.00255,-0.00057,0.00107,0.00008,-52.09266,-658.00000
0.14546,0.14283,0.13822,0.14612,0.14480,0.19973,0.19479,0.19677,0.19512,0.20170,0.00008,0.00008,0.00107,-0.00057,0.00041,-52.09266,-657.00000
0.14020,0.14020,0.14020,0.13658,0.14184,0.19644,0.19578,0.20663,0.19742,0.20302,0.00008,-0.00090,-0.00321,0.00140,0.00074,-51.94965,-656.00000
0.14085,0.13987,0.14316,0.14250,0.14381,0.19907,0.20433,0.19841,0.19841,0.19808,0.00074,0.00206,-0.00189,-0.00353,-0.00255,-51.94965,-655.00000
0.14348,0.14348,0.14250,0.13987,0.13822,0.19512,0.20038,0.19907,0.20006,0.20170,-0.00353,-0.00025,-0.00353,-0.00255,-0.00090,-52.84006,-654.00000
0.14250,0.14908,0.14546,0.13888,0.14447,0.20236,0.20038,0.19841,0.20170,0.19907,0.00239,-0.00386,0.00041,0.00041,-0.00057,-52.84006,-653.00000
0.14020,0.14184,0.14283,0.13756,0.13987,0.19973,0.20071,0.20104,0.19973,0.19677,-0.00123,0.00403,0.00272,0.00173,-0.00353,-52.98741,-652.00000
0.14513,0.14348,0.13987,0.14250,0.14184,0.20006,0.19611,0.20104,0.19973,0.20400,0.00337,-0.00419,0.00074,0.00206,-0.00255,-52.98741,-651.00000
0.14612,0.13724,0.13789,0.13921,0.14710,0.19644,0.19578,0.20071,0.19677,0.19775,-0.00551,0.00337,-0.00485,-0.00452,0.00304,-53.63238,-650.00000
0.13954,0.14184,0.14579,0.13691,0.14579,0.20170,0.19841,0.20104,0.19611,0.19742,-0.00090,0.00008,0.00074,0.00074,-0.00123,-53.63238,-649.00000
0.14085,0.14414,0.13789,0.14052,0.14546,0.20269,0.20137,0.19973,0.19677,0.19907,-0.00057,0.00337,0.00041,0.00041,-0.00057,-53.67898,-648.00000
0.13756,0.14348,0.14842,0.14480,0.14316,0.19742,0.20137,0.20203,0.19644,0.19973,-0.00090,-0.00222,-0.00090,0.00041,-0.00288,-53.67898,-647.00000
0.13559,0.14480,0.13789,0.13822,0.14151,0.19940,0.19907,0.20006,0.19940,0.19677,0.00008,-0.00090,0.00074,-0.00189,0.00107,-53.39711,-646.00000
0.14020,0.14842,0.13888,0.14546,0.14118,0.20335,0.19578,0.20302,0.19414,0.19874,-0.00321,-0.00222,-0.00321,-0.00025,0.00206,-53.39711,-645.00000
0.14480,0.13164,0.13592,0.13921,0.14085,0.20236,0.19446,0.19808,0.20269,0.19512,-0.00025,-0.00353,0.00173,-0.00057,-0.00057,-53.27570,-644.00000
0.14250,0.13888,0.14414,0.13789,0.14381,0.20006,0.19677,0.20071,0.20170,0.19414,-0.00189,0.00008,0.00272,-0.00156,0.00008,-53.27570,-643.00000
0.13855,0.13395,0.13987,0.14316,0.13362,0.19907,0.19907,0.19742,0.20236,0.19414,-0.00057,0.00008,-0.00090,0.00041,-0.00090,-52.41910,-642.00000
0.13954,0.14546,0.14020,0.13789,0.14118,0.20400,0.20006,0.19710,0.20071,0.19775,0.00140,0.00008,0.00074,-0.00288,0.00304,-52.41910,-641.00000
0.14085,0.14513,0.13559,0.14250,0.14151,0.19710,0.19775,0.19677,0.19282,0.19578,-0.00386,-0.00025,-0.00156,-0.00255,0.00272,-51.82723,-640.00000
0.13789,0.13724,0.14645,0.14217,0.14381,0.19446,0.20170,0.19808,0.19644,0.19808,0.00337,-0.00452,-0.00255,-0.00584,-0.00189,-51.82723,-639.00000
0.14184,0.14118,0.13987,0.13658,0.14579,0.19841,0.19644,0.19907,0.19710,0.19677,0.00304,0.00074,-0.00551,0.00074,0.00304,-52.13920,-638.00000
0.13658,0.14612,0.14085,0.14283,0.14052,0.19907,0.19907,0.19973,0.19973,0.19874,-0.00057,0.00041,0.00041,-0.00452,-0.00189,-52.13920,-637.00000
0.13987,0.14217,0.14052,0.14546,0.13592,0.19874,0.19940,0.19940,0.19841,0.20170,0.00272,-0.00123,-0.00222,-0.00452,0.00008,-51.75319,-636.00000
0.13691,0.14020,0.14348,0.13855,0.13954,0.19512,0.19677,0.19742,0.19611,0.20038,0.00008,-0.00123,0.00173,0.00008,-0.00452,-51.75319,-635.00000
0.14414,0.14348,0.13822,0.14250,0.13395,0.19808,0.20071,0.19545,0.19940,0.19512,-0.00189,0.00107,0.00173,0.00272,-0.00090,-51.95814,-634.00000
0.13526,0.13724,0.13921,0.13658,0.14184,0.19907,0.19907,0.19644,0.19973,0.19874,-0.00025,0.00140,0.00173,0.00008,-0.00222,-51.95814,-633.00000
0.13756,0.13888,0.13987,0.14217,0.14118,0.19874,0.20104,0.19808,0.19677,0.20006,0.00173,-0.00123,-0.00255,-0.00025,0.00041,-52.47809,-632.00000
0.13724,0.13987,0.13855,0.14283,0.14250,0.19578,0.19545,0.20006,0.19907,0.20006,0.00008,0.00107,0.00074,-0.00452,0.00041,-52.47809,-631.00000
0.13756,0.14184,0.14085,0.14184,0.13428,0.19775,0.20269,0.20203,0.19775,0.19414,-0.00123,-0.00551,-0.00057,-0.00025,-0.00025,-52.91385,-630.00000
0.14118,0.14381,0.13789,0.13592,0.13691,0.19710,0.20137,0.19742,0.19578,0.19973,0.00074,-0.00156,-0.00025,-0.00222,-0.00485,-52.91385,-629.00000
0.13526,0.13987,0.13460,0.14414,0.14217,0.19644,0.19973,0.19940,0.20071,0.19874,0.00074,0.00041,-0.00025,0.00008,0.00008,-53.09755,-628.00000
0.13756,0.13954,0.13395,0.14184,0.14283,0.19742,0.20203,0.19841,0.19841,0.19775,0.00206,0.00239,-0.00255,0.00074,-0.00025,-53.09755,-627.00000
0.13559,0.13921,0.13954,0.13987,0.14283,0.19940,0.19841,0.19611,0.20006,0.19808,-0.00353,0.00436,-0.00386,-0.00090,0.00173,-53.41889,-626.00000
0.13888,0.14546,0.12737,0.13559,0.14217,0.19710,0.20433,0.19545,0.19644,0.19874,-0.00025,-0.00057,0.00008,0.00206,-0.00156,-53.41889,-625.00000
0.13592,0.13724,0.13789,0.14118,0.13691,0.19611,0.20335,0.19085,0.20104,0.19775,0.00074,0.00337,-0.00189,-0.00386,0.00107,-53.44773,-624.00000
0.13954,0.13855,0.14020,0.13987,0.13592,0.20137,0.19677,0.19841,0.20071,0.19940,-0.00222,0.00436,0.00008,-0.00189,0.00140,-53.44773,-623.00000
0.13658,0.14118,0.13526,0.13724,0.14020,0.19874,0.19940,0.19775,0.20071,0.20236,-0.00353,-0.00090,0.00239,0.00206,0.00074,-53.92357,-622.00000
0.14710,0.13263,0.13921,0.13822,0.13822,0.19775,0.20203,0.20137,0.20170,0.20006,-0.00025,0.00140,-0.00123,-0.00255,0.00008,-53.92357,-621.00000
0.13987,0.13658,0.14118,0.13230,0.13954,0.19742,0.20236,0.20038,0.19907,0.19414,0.00206,-0.00057,0.00074,0.00008,0.00107,-53.21667,-620.00000
0.13362,0.13822,0.14085,0.13724,0.14151,0.19775,0.19940,0.19677,0.19545,0.19742,0.00107,0.00239,-0.00123,-0.00288,-0.00353,-53.21667,-619.00000
0.13592,0.13526,0.13987,0.13921,0.13756,0.19446,0.20335,0.20071,0.19611,0.19775,-0.00321,-0.00025,-0.00057,0.00337,-0.00057,-51.17376,-618.00000
0.13756,0.13789,0.14052,0.13691,0.12638,0.20038,0.19907,0.19775,0.19644,0.19710,-0.00255,0.00074,-0.00123,0.00008,0.00173,-51.17376,-617.00000
0.13691,0.14052,0.13888,0.13822,0.13921,0.19249,0.19644,0.19874,0.19874,0.19710,-0.00123,0.00239,-0.00123,-0.00386,0.00337,-49.59567,-616.00000
0.13395,0.13625,0.13559,0.13789,0.13395,0.20104,0.19742,0.20038,0.20137,0.19611,0.00173,0.00206,-0.00057,0.00337,-0.00025,-49.59567,-615.00000
0.14348,0.13493,0.13888,0.13263,0.12868,0.19414,0.19710,0.19710,0.19677,0.20269,-0.00156,0.00107,0.00140,-0.00288,0.00304,-48.30369,-614.00000
0.13756,0.14184,0.13362,0.14052,0.13724,0.19841,0.19414,0.19808,0.20104,0.19644,-0.00057,-0.00156,-0.00222,0.00041,0.00107,-48.30369,-613.00000
0.12967,0.13460,0.13822,0.13888,0.13329,0.20038,0.19907,0.20631,0.19677,0.19841,-0.00452,-0.00255,0.00008,-0.00057,0.00206,-47.95068,-612.00000
0.14020,0.13428,0.13658,0.13329,0.14414,0.19874,0.19677,0.19775,0.19545,0.19874,0.00173,0.00140,-0.00025,-0.00123,0.00206,-47.95068,-611.00000
0.13230,0.14217,0.13526,0.13691,0.13362,0.19841,0.19611,0.19249,0.19446,0.19907,0.00239,0.00008,-0.00222,0.00074,-0.00485,-49.07544,-610.00000
0.13460,0.13526,0.13395,0.13789,0.13756,0.19808,0.19775,0.20071,0.19677,0.19611,-0.00321,0.00041,-0.00222,-0.00090,-0.00090,-49.07544,-609.00000
0.13658,0.13756,0.13197,0.13296,0.13132,0.19710,0.19512,0.19940,0.20006,0.19742,0.00107,-0.00452,0.00206,0.00337,-0.00288,-50.01135,-608.00000
0.13592,0.13493,0.13526,0.13855,0.13428,0.19973,0.19940,0.19907,0.19479,0.19644,0.00008,-0.00156,0.00239,-0.00189,-0.00288,-50.01135,-607.00000
0.13230,0.12934,0.13921,0.13296,0.13164,0.19907,0.20071,0.19677,0.18887,0.19578,-0.00025,0.00239,0.00041,0.00041,0.00173,-50.72101,-606.00000
0.13493,0.13888,0.13559,0.13230,0.13888,0.19874,0.20038,0.19775,0.19808,0.19874,-0.00419,0.00041,-0.00156,-0.00255,0.00272,-50.72101,-605.00000
0.13691,0.13066,0.13329,0.13395,0.13691,0.20038,0.19677,0.19677,0.19742,0.19315,0.00140,0.00008,0.00206,0.00206,0.00304,-51.74478,-604.00000
0.13230,0.13724,0.13362,0.13099,0.13822,0.19611,0.20203,0.19677,0.20038,0.19545,-0.00222,-0.00057,0.00173,-0.00419,-0.00156,-51.74478,-603.00000
0.13493,0.13691,0.13460,0.13329,0.12868,0.19775,0.19940,0.20006,0.19611,0.19710,-0.00057,0.00107,-0.00057,-0.00025,0.00041,-51.55598,-602.00000
0.13855,0.13592,0.14151,0.13756,0.14020,0.19446,0.19479,0.20302,0.19808,0.19973,-0.00353,0.00173,-0.00123,-0.00353,-0.00156,-51.55598,-601.00000
0.13526,0.14020,0.13921,0.13625,0.13132,0.19742,0.19414,0.19742,0.20006,0.19742,0.00041,-0.00057,-0.00452,-0.00189,0.00041,-52.28190,-600.00000
0.13230,0.13362,0.13066,0.13789,0.12934,0.20170,0.19841,0.19841,0.20006,0.20038,-0.00057,0.00107,-0.00057,0.00008,-0.00222,-52.28190,-599.00000
0.12868,0.13987,0.13724,0.13691,0.13756,0.19808,0.19907,0.19677,0.20499,0.19644,-0.00025,0.00140,-0.00189,0.00206,-0.00255,-53.54085,-598.00000
0.13395,0.13428,0.13395,0.13164,0.13625,0.19512,0.19644,0.20335,0.19512,0.19808,-0.00156,0.00107,0.00074,-0.00419,-0.00156,-53.54085,-597.00000
0.13691,0.13822,0.14217,0.13526,0.13395,0.20170,0.19644,0.19644,0.19611,0.19973,0.00008,0.00008,-0.00288,-0.00288,-0.00123,-53.12541,-596.00000
0.13658,0.13296,0.13888,0.13460,0.13756,0.19644,0.20236,0.19841,0.20038,0.19282,0.00008,0.00074,0.00008,-0.00222,-0.00156,-53.12541,-595.00000
0.13756,0.13526,0.13000,0.13526,0.12836,0.20038,0.20203,0.19677,0.19742,0.20104,0.00041,-0.00255,0.00074,0.00008,-0.00057,-53.89180,-594.00000
0.13789,0.13658,0.13362,0.13888,0.13230,0.19677,0.19808,0.19775,0.19808,0.20071,-0.00386,0.00074,-0.00090,-0.00156,0.00239,-53.89180,-593.00000
0.13197,0.13691,0.13855,0.13164,0.13855,0.19940,0.19710,0.19874,0.19710,0.19677,-0.00057,-0.00222,0.00008,0.00074,0.00206,-54.63877,-592.00000
0.13526,0.13625,0.13789,0.13822,0.13691,0.19940,0.19940,0.19677,0.19545,0.19446,-0.00156,0.00107,0.00272,0.00107,-0.00189,-54.63877,-591.00000
0.13822,0.13296,0.13625,0.13987,0.13691,0.19940,0.19677,0.19808,0.20367,0.20532,0.00074,0.00074,0.00173,0.00041,-0.00255,-54.62163,-590.00000
0.13395,0.13691,0.13526,0.13329,0.13296,0.20104,0.19841,0.20236,0.19973,0.19973,-0.00090,-0.00353,0.00041,0.00074,-0.00057,-54.62163,-589.00000
0.13493,0.13296,0.13559,0.13493,0.13658,0.19446,0.20170,0.19644,0.20038,0.20006,0.00239,0.00107,-0.00123,-0.00025,-0.00090,-53.95632,-588.00000
0.14151,0.13822,0.13855,0.13329,0.13230,0.19907,0.19907,0.19710,0.19381,0.19907,0.00370,0.00272,-0.00518,0.00140,0.00008,-53.95632,-587.00000
0.13395,0.13691,0.13822,0.13954,0.13559,0.20006,0.19644,0.19578,0.19611,0.19644,-0.00057,0.00272,-0.00057,0.00041,-0.00222,-53.42347,-586.00000
0.14250,0.13197,0.14480,0.13099,0.12901,0.19710,0.19808,0.19611,0.20170,0.19578,0.00074,0.00206,-0.00090,-0.00123,0.00041,-53.42347,-585.00000
0.13691,0.13033,0.13658,0.13362,0.13263,0.20006,0.19742,0.19907,0.19611,0.19512,-0.00025,0.00304,-0.00025,0.00074,0.00107,-52.10236,-584.00000
0.13625,0.13263,0.13658,0.13230,0.13132,0.20104,0.19973,0.19545,0.20269,0.19710,0.00107,0.00173,0.00337,-0.00156,0.00041,-52.10236,-583.00000
0.13987,0.13197,0.13132,0.14020,0.12803,0.20104,0.19841,0.19973,0.19907,0.20236,-0.00123,-0.00156,-0.00255,-0.00189,-0.00025,-51.25382,-582.00000
0.13230,0.12901,0.13428,0.14085,0.13921,0.19414,0.20038,0.19479,0.19775,0.19940,-0.00025,-0.00123,0.00206,-0.00419,-0.00090,-51.25382,-581.00000
0.14118,0.13033,0.14052,0.13099,0.13658,0.19940,0.19578,0.20203,0.19907,0.20071,-0.00222,-0.00090,0.00140,0.00337,0.00041,-52.07222,-580.00000
0.13691,0.13296,0.13526,0.13329,0.13230,0.20367,0.19808,0.19512,0.19841,0.20006,-0.00419,-0.00025,-0.00452,-0.00189,0.00008,-52.07222,-579.00000
0.13329,0.13559,0.13822,0.14447,0.12803,0.19841,0.20170,0.20006,0.20170,0.19907,-0.00057,-0.00123,-0.00419,0.00074,-0.00222,-52.05174,-578.00000
0.13296,0.13033,0.13329,0.13526,0.13526,0.19742,0.19973,0.20170,0.19775,0.20269,-0.00123,-0.00189,-0.00419,-0.00090,0.00041,-52.05174,-577.00000
0.13592,0.13395,0.13230,0.13822,0.13362,0.19348,0.19742,0.20335,0.19940,0.20038,-0.00090,0.00206,0.00272,-0.00123,-0.00222,-52.28319,-576.00000
0.13362,0.13822,0.13888,0.13493,0.13954,0.19644,0.19841,0.20269,0.19414,0.20038,0.00239,-0.00222,-0.00156,0.00239,-0.00255,-52.28319,-575.00000
0.13395,0.13428,0.13362,0.13329,0.13691,0.19742,0.19775,0.19710,0.19644,0.19808,-0.00025,0.00107,0.00107,0.00140,-0.00386,-53.05566,-574.00000
0.13526,0.13658,0.13296,0.13493,0.13987,0.20038,0.19710,0.19677,0.19742,0.19742,-0.00255,-0.00255,0.00173,0.00041,0.00206,-53.05566,-573.00000
0.13395,0.12901,0.13428,0.13362,0.13658,0.20203,0.19940,0.20104,0.19710,0.20236,-0.00090,-0.00123,0.00173,0.00173,-0.00222,-52.64355,-572.00000
0.13658,0.13197,0.13526,0.13428,0.13691,0.19940,0.20203,0.19710,0.19808,0.19348,0.00107,-0.00090,-0.00156,0.00008,-0.00090,-52.64355,-571.00000
0.14020,0.13460,0.13658,0.13789,0.12967,0.20170,0.20104,0.19973,0.19611,0.20006,-0.00123,-0.00189,-0.00255,0.00074,0.00008,-53.10644,-570.00000
0.13428,0.13362,0.13954,0.13197,0.13789,0.19874,0.20071,0.20038,0.19973,0.19742,0.00173,0.00206,0.00337,0.00107,0.00173,-53.10644,-569.00000
0.13362,0.13460,0.14118,0.13263,0.13559,0.19677,0.19874,0.19907,0.20203,0.20071,-0.00025,0.00041,-0.00189,0.00239,0.00337,-52.99609,-568.00000
0.13921,0.13428,0.13756,0.13625,0.13296,0.19973,0.19446,0.19874,0.19775,0.19742,-0.00025,-0.00419,-0.00123,0.00173,0.00074,-52.99609,-567.00000
0.12967,0.13658,0.12868,0.13625,0.12868,0.19808,0.19742,0.20006,0.19841,0.19874,0.00107,-0.00057,0.00041,-0.00222,-0.00321,-53.97852,-566.00000
0.13099,0.13855,0.13460,0.13428,0.13592,0.19512,0.19710,0.20104,0.19677,0.19414,-0.00090,0.00107,-0.00353,-0.00189,0.00008,-53.97852,-565.00000
0.13658,0.14151,0.13493,0.13329,0.13395,0.19710,0.19907,0.19578,0.19775,0.20137,0.00140,-0.00025,-0.00189,-0.00222,-0.00057,-53.89111,-564.00000
0.13592,0.13263,0.13526,0.13362,0.13033,0.19677,0.20038,0.20170,0.20006,0.19775,-0.00090,-0.00025,0.00008,0.00107,-0.00255,-53.89111,-563.00000
0.13888,0.12704,0.13724,0.12605,0.13526,0.19545,0.19907,0.20104,0.20006,0.20367,0.00140,0.00074,0.00008,0.00206,0.00140,-53.72778,-562.00000
0.13822,0.14151,0.12638,0.14085,0.13362,0.19907,0.19644,0.19677,0.19710,0.20302,-0.00090,0.00008,0.00041,-0.00255,0.00272,-53.72778,-561.00000
0.13625,0.12934,0.13625,0.13296,0.13395,0.19907,0.19973,0.19874,0.19512,0.19808,-0.00485,0.00074,0.00206,-0.00057,0.00041,-53.48499,-560.00000
0.13230,0.13164,0.13197,0.13756,0.13197,0.19644,0.20203,0.19940,0.19578,0.20367,-0.00025,0.00074,0.00074,0.00008,0.00107,-53.48499,-559.00000
0.13658,0.12671,0.12770,0.13263,0.13559,0.19644,0.20631,0.20006,0.20071,0.19578,0.00041,-0.00321,0.00107,-0.00288,0.00107,-53.24640,-558.00000
0.13691,0.12967,0.13362,0.12737,0.13822,0.19512,0.19841,0.20203,0.19710,0.20170,0.00140,0.00140,0.00206,-0.00057,-0.00156,-53.24640,-557.00000
0.13164,0.13329,0.12836,0.14184,0.13691,0.19644,0.19512,0.20236,0.19677,0.19907,0.00140,0.00041,-0.00057,0.00041,-0.00025,-52.52408,-556.00000
0.13329,0.13428,0.12934,0.13822,0.13099,0.19710,0.19808,0.19973,0.19644,0.19512,-0.00518,-0.00057,-0.00057,-0.00452,0.00008,-52.52408,-555.00000
0.13493,0.13263,0.13395,0.13329,0.13888,0.20104,0.19808,0.20400,0.19249,0.19775,0.00239,0.00074,0.00272,-0.00485,-0.00189,-53.20784,-554.00000
0.13099,0.12967,0.13789,0.13493,0.13164,0.19940,0.19907,0.19677,0.19874,0.19973,-0.00156,0.00008,0.00008,0.00206,-0.00090,-53.20784,-553.00000
0.13460,0.13724,0.13526,0.13724,0.13197,0.19677,0.20038,0.19644,0.20269,0.19578,-0.00222,-0.00057,-0.00189,0.00074,-0.00222,-52.22892,-552.00000
0.13296,0.13296,0.13493,0.12803,0.13559,0.19479,0.19479,0.19841,0.20104,0.19611,0.00041,-0.00090,0.00469,-0.00189,-0.00189,-52.22892,-551.00000
0.12737,0.13296,0.13428,0.13724,0.13230,0.20071,0.19973,0.20104,0.19710,0.19545,0.00239,0.00107,0.00008,0.00107,-0.00189,-51.52950,-550.00000
0.13033,0.13526,0.13789,0.13822,0.13460,0.19578,0.20367,0.19545,0.19611,0.19874,0.00107,0.00140,0.00074,0.00107,0.00140,-51.52950,-549.00000
0.13493,0.12934,0.13625,0.13625,0.13132,0.20038,0.19940,0.19907,0.19282,0.19512,-0.00057,-0.00288,-0.00222,0.00337,0.00107,-51.79014,-548.00000
0.13592,0.13395,0.13362,0.13000,0.13230,0.19940,0.19874,0.19973,0.19677,0.19973,-0.00255,-0.00189,-0.00189,0.00008,0.00140,-51.79014,-547.00000
0.12770,0.12934,0.13033,0.13625,0.13691,0.19775,0.19940,0.19710,0.20104,0.19973,0.00107,-0.00025,0.00041,0.00206,-0.00057,-52.07183,-546.00000
0.13559,0.13066,0.13362,0.13789,0.13888,0.19578,0.19381,0.19841,0.19381,0.19940,-0.00025,0.00107,-0.00090,-0.00156,-0.00057,-52.07183,-545.00000
0.12934,0.13000,0.13559,0.13329,0.13263,0.19775,0.19841,0.20269,0.19150,0.19940,0.00041,-0.00025,0.00140,-0.00386,-0.00255,-52.66433,-544.00000
0.13724,0.13263,0.12803,0.13756,0.13296,0.19874,0.19742,0.20170,0.20038,0.20038,-0.00025,0.00140,-0.00189,-0.00452,-0.00057,-52.66433,-543.00000
0.13691,0.13822,0.13197,0.13822,0.12572,0.19216,0.19183,0.19710,0.20038,0.19874,-0.00222,0.00074,0.00008,0.00041,-0.00321,-53.00453,-542.00000
0.13066,0.13822,0.12901,0.13329,0.13263,0.20170,0.19940,0.19578,0.19775,0.19742,-0.00222,-0.00222,-0.00090,0.00206,0.00074,-53.00453,-541.00000
0.13855,0.13493,0.13263,0.13263,0.13724,0.19742,0.19874,0.19578,0.19874,0.19841,0.00173,0.00074,0.00140,-0.00090,0.00008,-53.06965,-540.00000
0.13460,0.13230,0.13592,0.13099,0.13164,0.20104,0.20236,0.19710,0.20038,0.20170,0.00239,0.00107,-0.00156,-0.00386,0.00140,-53.06965,-539.00000
0.13132,0.14447,0.13592,0.13197,0.13822,0.20433,0.19841,0.20236,0.20170,0.19775,-0.00057,0.00436,-0.00090,-0.00485,0.00008,-52.99967,-538.00000
0.13263,0.13132,0.13526,0.13756,0.13756,0.19775,0.19874,0.20137,0.20104,0.19907,-0.00222,-0.00255,-0.00123,-0.00025,0.00272,-52.99967,-537.00000
0.13329,0.13526,0.13296,0.13263,0.13526,0.20367,0.19775,0.19644,0.19644,0.19973,-0.00090,-0.00025,-0.00090,0.00239,0.00337,-52.20052,-536.00000
0.13230,0.13592,0.13658,0.13263,0.13954,0.20269,0.19907,0.20038,0.20269,0.19907,-0.00222,-0.00090,0.00436,0.00337,0.00074,-52.20052,-535.00000
0.13164,0.13263,0.13263,0.13756,0.13197,0.19940,0.20302,0.19841,0.19973,0.20104,-0.00584,-0.00123,0.00140,0.00107,-0.00090,-51.73991,-534.00000
0.13428,0.13559,0.13822,0.13428,0.13329,0.19611,0.20170,0.20137,0.19775,0.19907,-0.00321,-0.00156,-0.00123,-0.00255,-0.00189,-51.73991,-533.00000
0.13822,0.12967,0.13428,0.13658,0.13658,0.20071,0.19578,0.20137,0.19973,0.19973,0.00074,-0.00156,-0.00090,-0.00255,-0.00090,-49.33675,-532.00000
0.13362,0.14052,0.13033,0.13822,0.13066,0.20335,0.19775,0.19808,0.19578,0.19545,0.00041,0.00173,-0.00123,-0.00025,0.00173,-49.33675,-531.00000
0.13691,0.13132,0.13625,0.13362,0.12934,0.20400,0.19775,0.19940,0.19940,0.19611,-0.00090,-0.00123,0.00107,-0.00386,-0.00321,-48.75773,-530.00000
0.13164,0.13460,0.13526,0.13000,0.13230,0.20302,0.19907,0.19578,0.19841,0.19381,-0.00189,0.00074,-0.00222,0.00304,0.00436,-48.75773,-529.00000
0.13724,0.13493,0.13493,0.13197,0.13691,0.20071,0.19973,0.19742,0.19775,0.20038,-0.00321,-0.00057,-0.00156,0.00074,-0.00123,-48.98580,-528.00000
0.13658,0.13888,0.13263,0.13493,0.13362,0.20006,0.19841,0.20104,0.20269,0.19874,0.00008,-0.00321,0.00239,-0.00189,-0.00288,-48.98580,-527.00000
0.13460,0.13756,0.13000,0.14020,0.13230,0.19808,0.19545,0.20137,0.20400,0.19874,-0.00222,0.00568,-0.00057,-0.00255,0.00041,-49.26585,-526.00000
0.13033,0.13658,0.13362,0.13658,0.13329,0.19841,0.20236,0.20071,0.19907,0.19545,0.00008,-0.00321,-0.00025,-0.00156,0.00107,-49.26585,-525.00000
0.13362,0.13559,0.13460,0.13428,0.13362,0.19578,0.19414,0.19742,0.19907,0.20006,-0.00321,-0.00156,-0.00288,-0.00189,0.00074,-50.23351,-524.00000
0.13724,0.13000,0.13362,0.13658,0.13263,0.19775,0.19479,0.19742,0.19479,0.20104,-0.00123,-0.00123,-0.00353,0.00173,-0.00518,-50.23351,-523.00000
0.13099,0.12967,0.13822,0.13625,0.13296,0.20137,0.20038,0.20104,0.20203,0.19940,0.00107,-0.00090,0.00272,0.00206,-0.00288,-50.83209,-522.00000
0.13460,0.13460,0.13724,0.13789,0.13691,0.19907,0.19710,0.19907,0.19808,0.19940,0.00239,0.00370,0.00436,0.00206,0.00008,-50.83209,-521.00000
0.13921,0.13460,0.13263,0.13559,0.13526,0.20236,0.20006,0.19578,0.19808,0.19973,-0.00156,0.00272,-0.00123,0.00041,0.00140,-51.41214,-520.00000
0.13526,0.13428,0.13559,0.13132,0.13559,0.20499,0.19841,0.19710,0.19874,0.19808,0.00140,0.00239,0.00074,-0.00419,-0.00090,-51.41214,-519.00000
0.13164,0.13033,0.13428,0.13954,0.13230,0.19907,0.20071,0.19545,0.20038,0.19940,0.00074,-0.00288,0.00074,-0.00255,0.00272,-52.06593,-518.00000
0.14085,0.13460,0.13592,0.13329,0.13493,0.19414,0.19512,0.19940,0.19775,0.19611,0.00140,-0.00288,0.00272,-0.00222,-0.00123,-52.06593,-517.00000
0.13428,0.13362,0.13428,0.13395,0.13592,0.19940,0.20104,0.20071,0.19611,0.20071,0.00140,0.00041,-0.00123,-0.00123,-0.00321,-52.74439,-516.00000
0.13066,0.13493,0.14052,0.13099,0.13329,0.19611,0.19907,0.19677,0.20104,0.19742,0.00140,-0.00156,0.00008,-0.00386,-0.00255,-52.74439,-515.00000
0.13493,0.13789,0.13789,0.13362,0.13625,0.20104,0.19578,0.19710,0.19907,0.19841,-0.00090,0.00074,-0.00222,0.00107,0.00008,-54.06995,-514.00000
0.13888,0.13822,0.14480,0.14348,0.13789,0.19611,0.20038,0.19249,0.19512,0.20006,0.00074,0.00107,-0.00057,-0.00057,-0.00156,-54.06995,-513.00000
0.13460,0.13526,0.13724,0.13033,0.14020,0.19545,0.20499,0.20236,0.19973,0.19644,-0.00386,0.00041,0.00107,0.00041,0.00140,-53.42414,-512.00000
0.13493,0.13789,0.13724,0.13526,0.13987,0.19907,0.20137,0.19677,0.19677,0.20335,0.00304,0.00041,-0.00353,-0.00090,-0.00025,-53.42414,-511.00000
0.13756,0.13164,0.13559,0.13691,0.13526,0.20071,0.19611,0.20466,0.19545,0.20071,0.00074,-0.00222,0.00140,0.00206,0.00008,-53.25259,-510.00000
0.13000,0.13756,0.13066,0.12868,0.13822,0.19907,0.20071,0.19808,0.20038,0.19644,0.00140,-0.00156,-0.00255,0.00337,-0.00222,-53.25259,-509.00000
0.13724,0.13691,0.13592,0.13756,0.13921,0.19644,0.19611,0.19775,0.20104,0.20203,-0.00353,-0.00025,0.00107,-0.00025,0.00107,-53.60872,-508.00000
0.13625,0.13263,0.13592,0.13362,0.13197,0.20071,0.19874,0.20137,0.20269,0.20104,0.00403,-0.00025,0.00272,0.00370,-0.00156,-53.60872,-507.00000
0.13164,0.14118,0.13230,0.13559,0.13658,0.19578,0.19710,0.19973,0.20006,0.19808,0.00403,-0.00057,0.00107,-0.00025,0.00173,-52.77116,-506.00000
0.13592,0.14217,0.13296,0.13724,0.13921,0.20006,0.19874,0.19512,0.19907,0.20104,-0.00123,-0.00025,0.00107,-0.00057,-0.00222,-52.77116,-505.00000
0.13493,0.14184,0.13756,0.13428,0.13395,0.19611,0.19973,0.19611,0.20006,0.20170,0.00107,-0.00222,0.00041,-0.00025,-0.00288,-53.28743,-504.00000
0.13526,0.13724,0.13822,0.13855,0.13460,0.19841,0.19808,0.19710,0.19907,0.20400,-0.00321,0.00370,0.00206,0.00304,0.00272,-53.28743,-503.00000
0.13625,0.13855,0.13921,0.13559,0.13230,0.19742,0.19874,0.19315,0.20335,0.19841,-0.00321,-0.00321,-0.00057,0.00239,0.00074,-52.57878,-502.00000
0.13428,0.13000,0.13493,0.13855,0.13197,0.19940,0.19742,0.20302,0.19907,0.20038,0.00140,-0.00090,0.00041,-0.00255,0.00140,-52.57878,-501.00000
0.13395,0.13000,0.13625,0.13724,0.13559,0.19775,0.20236,0.20038,0.20170,0.20006,-0.00123,-0.00255,0.00107,-0.00288,0.00206,-52.44417,-500.00000
0.13526,0.13460,0.13789,0.13460,0.13362,0.20302,0.19414,0.20038,0.19841,0.20006,0.00074,-0.00419,0.00074,0.00074,0.00370,-52.44417,-499.00000
0.13230,0.13855,0.13460,0.13099,0.13362,0.19677,0.20137,0.19841,0.19973,0.20006,-0.00057,-0.00123,-0.00090,0.00239,-0.00222,-52.73332,-498.00000
0.13822,0.13789,0.13099,0.14250,0.13230,0.19775,0.20137,0.20433,0.20038,0.19710,-0.00222,0.00107,0.00239,-0.00123,-0.00386,-52.73332,-497.00000
0.14348,0.13658,0.14250,0.13329,0.13724,0.19841,0.20137,0.20104,0.19611,0.19907,0.00239,-0.00025,-0.00222,0.00008,0.00239,-51.88424,-496.00000
0.13493,0.13362,0.13395,0.13362,0.13395,0.20269,0.19710,0.19611,0.19545,0.19118,0.00173,0.00107,-0.00189,0.00008,-0.00025,-51.88424,-495.00000
0.13428,0.13954,0.13559,0.14118,0.13559,0.19677,0.20071,0.19841,0.19808,0.19677,-0.00189,-0.00452,-0.00057,0.00272,-0.00057,-51.47923,-494.00000
0.13822,0.13526,0.13855,0.13592,0.13954,0.19611,0.19019,0.19644,0.19742,0.19282,0.00206,-0.00649,-0.00090,-0.00156,-0.00189,-51.47923,-493.00000
0.13460,0.13230,0.13362,0.13132,0.13822,0.19545,0.19545,0.20038,0.19907,0.19841,0.00140,-0.00123,0.00074,-0.00222,0.00074,-52.40221,-492.00000
0.13460,0.13559,0.13592,0.13658,0.13559,0.19742,0.19578,0.19808,0.19414,0.19973,0.00140,-0.00288,-0.00189,-0.00321,0.00107,-52.40221,-491.00000
0.13000,0.13855,0.13691,0.13855,0.13329,0.19907,0.19775,0.19479,0.19578,0.19874,-0.00222,0.00008,0.00008,0.00370,0.00008,-52.90032,-490.00000
0.14020,0.12836,0.13592,0.13526,0.14020,0.20335,0.19710,0.19348,0.19578,0.19677,-0.00090,0.00337,0.00008,-0.00123,0.00008,-52.90032,-489.00000
0.14283,0.13230,0.13789,0.13987,0.13099,0.19775,0.19479,0.19742,0.19348,0.19874,0.00206,0.00140,-0.00123,0.00173,0.00140,-52.90280,-488.00000
0.13855,0.13263,0.14052,0.13724,0.13099,0.20236,0.19940,0.19742,0.19907,0.19808,-0.00156,0.00173,-0.00025,0.00272,-0.00353,-52.90280,-487.00000
0.13625,0.13099,0.13625,0.13526,0.13559,0.19644,0.19775,0.19940,0.19611,0.19611,0.00140,-0.00222,0.00140,0.00074,-0.00123,-53.83909,-486.00000
0.13395,0.13460,0.13460,0.12671,0.13921,0.19611,0.19973,0.19874,0.20006,0.19775,0.00403,-0.00386,0.00041,-0.00057,0.00239,-53.83909,-485.00000
0.13724,0.13789,0.13724,0.13625,0.14052,0.19907,0.20137,0.19414,0.19940,0.19512,0.00272,0.00173,-0.00057,-0.00419,-0.00255,-53.66759,-484.00000
0.13296,0.13658,0.13855,0.13987,0.13132,0.19446,0.19677,0.19578,0.19710,0.19710,-0.00057,0.00206,0.00107,0.00239,-0.00189,-53.66759,-483.00000
0.14677,0.13658,0.13132,0.13855,0.13230,0.19775,0.19479,0.19545,0.19742,0.19446,0.00074,-0.00025,0.00239,0.00140,0.00239,-53.82843,-482.00000
0.14052,0.13789,0.13428,0.14020,0.13132,0.19742,0.19808,0.19775,0.19940,0.19479,-0.00189,0.00008,0.00173,0.00107,0.00074,-53.82843,-481.00000
0.13625,0.13822,0.13592,0.13428,0.13066,0.19710,0.19742,0.19578,0.19973,0.19742,-0.00189,-0.00288,-0.00255,-0.00189,-0.00057,-53.23746,-480.00000
0.13954,0.13329,0.13822,0.13559,0.13658,0.19611,0.19446,0.19578,0.19578,0.19907,-0.00222,0.00041,-0.00156,0.00041,-0.00156,-53.23746,-479.00000
0.13493,0.13625,0.13756,0.13395,0.13263,0.19874,0.19808,0.19775,0.20006,0.19710,-0.00189,0.00107,-0.00189,-0.00090,-0.00123,-53.69392,-478.00000
0.13263,0.14316,0.13592,0.13592,0.12901,0.19742,0.19874,0.19874,0.19545,0.19381,0.00008,-0.00090,-0.00189,0.00140,0.00173,-53.69392,-477.00000
0.13395,0.13493,0.13625,0.13625,0.14283,0.19973,0.19874,0.19414,0.20038,0.19841,0.00304,-0.00156,0.00008,-0.00025,0.00436,-53.69022,-476.00000
0.13329,0.13822,0.13888,0.13460,0.13526,0.20071,0.19446,0.19446,0.19710,0.19545,0.00008,-0.00057,0.00074,0.00041,-0.00156,-53.69022,-475.00000
0.13855,0.14283,0.13296,0.13921,0.13756,0.19973,0.20598,0.19742,0.19677,0.20071,-0.00288,0.00206,-0.00321,-0.00222,0.00173,-52.73622,-474.00000
0.13724,0.13428,0.13066,0.13724,0.13822,0.19578,0.20236,0.19775,0.19677,0.19315,-0.00321,-0.00123,0.00206,0.00206,-0.00189,-52.73622,-473.00000
0.13658,0.13428,0.13954,0.13691,0.13197,0.20038,0.19710,0.19808,0.19940,0.19644,-0.00025,-0.00090,0.00173,-0.00123,0.00107,-51.72212,-472.00000
0.12836,0.14085,0.13789,0.13625,0.13625,0.19150,0.19644,0.19644,0.19611,0.20203,-0.00156,0.00272,-0.00156,-0.00353,0.00173,-51.72212,-471.00000
0.14217,0.13329,0.13921,0.13855,0.13132,0.19578,0.20499,0.19808,0.20203,0.20137,-0.00156,-0.00386,0.00370,-0.00090,0.00008,-51.29075,-470.00000
0.14579,0.13691,0.13460,0.13559,0.13756,0.19512,0.19973,0.19841,0.19808,0.19775,-0.00057,0.00008,0.00008,0.00173,-0.00386,-51.29075,-469.00000
0.13526,0.14184,0.13756,0.14020,0.13756,0.19479,0.19940,0.19742,0.20038,0.19775,0.00008,-0.00189,-0.00025,-0.00025,-0.00156,-51.45104,-468.00000
0.13625,0.14217,0.13428,0.13460,0.13822,0.19611,0.20006,0.19841,0.19381,0.19282,0.00337,-0.00222,-0.00551,-0.00255,-0.00057,-51.45104,-467.00000
0.13987,0.13296,0.13756,0.13789,0.13329,0.19512,0.19841,0.19644,0.19907,0.20104,-0.00189,0.00074,0.00206,-0.00321,-0.00025,-50.63763,-466.00000
0.13493,0.13724,0.13296,0.13987,0.13526,0.19973,0.19841,0.19940,0.19611,0.19742,0.00469,0.00272,-0.00025,-0.00189,0.00206,-50.63763,-465.00000
0.13691,0.13691,0.13789,0.13230,0.13592,0.19677,0.19775,0.19841,0.19874,0.19677,-0.00090,-0.00452,-0.00025,-0.00353,0.00173,-51.54440,-464.00000
0.13263,0.13855,0.13395,0.13592,0.13592,0.20499,0.19973,0.19677,0.19874,0.19479,0.00041,0.00272,0.00403,-0.00156,0.00239,-51.54440,-463.00000
0.13362,0.13855,0.13559,0.14020,0.13954,0.19742,0.19446,0.19742,0.19874,0.19742,-0.00189,0.00008,-0.00288,0.00107,-0.00057,-51.94163,-462.00000
0.13921,0.13362,0.13428,0.13559,0.13526,0.20006,0.19414,0.20071,0.20236,0.19808,-0.00222,-0.00189,0.00041,-0.00123,-0.00353,-51.94163,-461.00000
0.13592,0.13724,0.13954,0.13724,0.14513,0.19545,0.19644,0.20071,0.19940,0.20170,-0.00025,-0.00123,0.00140,0.00008,0.00140,-52.97521,-460.00000
0.13263,0.14184,0.13855,0.13888,0.13822,0.19808,0.20071,0.19973,0.18986,0.19446,-0.00156,-0.00386,-0.00156,0.00074,-0.00025,-52.97521,-459.00000
0.14612,0.13789,0.13263,0.13526,0.14118,0.20038,0.19973,0.19381,0.20104,0.19710,0.00239,-0.00025,-0.00123,0.00074,-0.00025,-52.83526,-458.00000
0.14184,0.13460,0.14085,0.13329,0.14447,0.19677,0.20071,0.20071,0.19479,0.20038,-0.00222,-0.00025,-0.00057,0.00337,0.00239,-52.83526,-457.00000
0.14020,0.13691,0.13822,0.14118,0.13592,0.19742,0.19512,0.20104,0.19973,0.19578,-0.00123,0.00272,0.00008,-0.00057,0.00041,-53.36099,-456.00000
0.13789,0.13559,0.14052,0.13395,0.13954,0.19611,0.19644,0.19742,0.19249,0.19710,0.00107,-0.00255,-0.00189,-0.00288,-0.00156,-53.36099,-455.00000
0.13724,0.14085,0.13592,0.14250,0.13855,0.19808,0.19644,0.19841,0.19841,0.20038,-0.00090,-0.00189,0.00304,-0.00123,-0.00123,-53.29671,-454.00000
0.13691,0.14118,0.14316,0.13362,0.14283,0.19710,0.19710,0.19710,0.20006,0.19381,-0.00189,0.00140,0.00140,0.00074,-0.00057,-53.29671,-453.00000
0.14151,0.13724,0.14217,0.13493,0.13493,0.19808,0.19808,0.19841,0.19775,0.19512,-0.00288,0.00304,0.00272,0.00239,0.00140,-54.46329,-452.00000
0.13132,0.13987,0.14020,0.13987,0.13724,0.19512,0.19775,0.19183,0.19512,0.20038,-0.00222,-0.00156,0.00008,-0.00189,-0.00156,-54.46329,-451.00000
0.13230,0.13888,0.14316,0.14052,0.14020,0.19348,0.20104,0.19841,0.19545,0.19677,0.00074,0.00337,-0.00090,-0.00090,0.00107,-53.90157,-450.00000
0.14414,0.13724,0.14052,0.13592,0.13428,0.19150,0.19414,0.19973,0.19479,0.20203,-0.00156,-0.00189,0.00008,-0.00025,-0.00452,-53.90157,-449.00000
0.13263,0.13954,0.14052,0.13460,0.13625,0.19710,0.19545,0.20400,0.19841,0.19742,0.00074,-0.00353,-0.00255,0.00239,0.00074,-53.42784,-448.00000
0.13987,0.13987,0.14151,0.14348,0.13756,0.19808,0.19381,0.19644,0.19907,0.19611,-0.00189,0.00304,-0.00419,-0.00156,0.00041,-53.42784,-447.00000
0.13954,0.14283,0.13789,0.13987,0.13954,0.19874,0.19775,0.19578,0.19907,0.20006,0.00206,-0.00090,0.00140,0.00403,0.00074,-53.39605,-446.00000
0.13428,0.14447,0.13789,0.13822,0.13724,0.19808,0.20170,0.19775,0.19940,0.19775,-0.00057,0.00140,-0.00222,0.00140,0.00008,-53.39605,-445.00000
0.14151,0.13691,0.13822,0.14316,0.14316,0.19710,0.19315,0.19775,0.19775,0.20269,0.00140,0.00272,-0.00123,0.00041,0.00074,-52.65017,-444.00000
0.14809,0.13493,0.14020,0.13559,0.13888,0.19381,0.19381,0.19677,0.19282,0.20104,0.00074,0.00140,-0.00189,-0.00222,0.00008,-52.65017,-443.00000
0.14250,0.14184,0.13724,0.13987,0.14151,0.19512,0.20071,0.19973,0.19381,0.19644,-0.00025,-0.00255,-0.00025,-0.00090,0.00107,-52.36024,-442.00000
0.13395,0.14085,0.14908,0.13789,0.13724,0.19808,0.19446,0.19841,0.20236,0.19578,0.00107,0.00074,0.00074,0.00304,-0.00353,-52.36024,-441.00000
0.13691,0.13921,0.14118,0.13822,0.14250,0.19841,0.19808,0.19710,0.20269,0.19644,-0.00321,0.00074,-0.00123,-0.00452,0.00304,-51.38764,-440.00000
0.13987,0.14118,0.14085,0.14151,0.14020,0.19841,0.19611,0.19841,0.19446,0.20236,-0.00189,0.00140,0.00041,0.00008,-0.00353,-51.38764,-439.00000
0.14118,0.14414,0.13691,0.14283,0.14020,0.19940,0.20170,0.20104,0.19578,0.19710,-0.00025,-0.00123,-0.00156,-0.00057,-0.00090,-51.05271,-438.00000
0.13987,0.13789,0.14020,0.14579,0.14184,0.19775,0.19611,0.20400,0.20137,0.19710,-0.00189,0.00107,0.00239,-0.00222,0.00074,-51.05271,-437.00000
0.14250,0.13691,0.13888,0.14085,0.13987,0.19677,0.19808,0.20006,0.19874,0.19808,-0.00057,0.00107,0.00041,-0.00386,-0.00288,-51.80565,-436.00000
0.14118,0.13559,0.14513,0.14052,0.14085,0.19808,0.19479,0.19742,0.19940,0.20104,-0.00156,0.00008,0.00173,0.00206,-0.00057,-51.80565,-435.00000
0.13493,0.14085,0.14612,0.13822,0.14085,0.19710,0.20170,0.19677,0.20104,0.19841,0.00074,0.00107,-0.00123,0.00436,0.00272,-52.19189,-434.00000
0.13855,0.14250,0.13888,0.13855,0.14217,0.19742,0.19841,0.19940,0.19545,0.19808,0.00041,0.00107,-0.00057,0.00173,-0.00288,-52.19189,-433.00000
0.14414,0.14348,0.14184,0.13724,0.14809,0.19611,0.19742,0.19479,0.19710,0.19808,0.00008,-0.00025,-0.00057,0.00008,-0.00386,-52.84399,-432.00000
0.13921,0.14118,0.14118,0.14316,0.14217,0.19742,0.19874,0.19512,0.19907,0.19545,-0.00057,0.00140,-0.00156,-0.00123,-0.00189,-52.84399,-431.00000
0.13921,0.14316,0.14316,0.14118,0.14710,0.20006,0.20038,0.19710,0.19742,0.19841,-0.00222,0.00041,-0.00057,-0.00386,-0.00090,-53.02112,-430.00000
0.14348,0.14776,0.13822,0.14579,0.14316,0.20236,0.19940,0.20038,0.19742,0.19775,-0.00057,-0.00025,-0.00025,-0.00156,0.00107,-53.02112,-429.00000
0.14677,0.13987,0.14809,0.13756,0.14447,0.20104,0.20137,0.19414,0.19973,0.19414,-0.00057,0.00239,0.00140,0.00272,-0.00123,-53.96417,-428.00000
0.13954,0.14677,0.14283,0.14250,0.13954,0.19808,0.19775,0.20038,0.20006,0.19808,-0.00255,-0.00222,0.00304,0.00272,-0.00057,-53.96417,-427.00000
0.14513,0.14348,0.13822,0.14579,0.14184,0.19677,0.19578,0.19644,0.19808,0.19940,-0.00057,-0.00090,-0.00025,-0.00288,-0.00057,-53.82535,-426.00000
0.13625,0.14118,0.14381,0.13592,0.14414,0.19677,0.20367,0.19940,0.19775,0.19611,0.00074,0.00107,-0.00057,-0.00057,0.00370,-53.82535,-425.00000
0.14447,0.14151,0.14579,0.14447,0.14184,0.19315,0.19940,0.19808,0.19381,0.19348,-0.00025,0.00074,0.00008,0.00173,0.00041,-53.66316,-424.00000
0.14645,0.13329,0.14710,0.14348,0.14184,0.19808,0.19874,0.19940,0.19282,0.19414,-0.00288,0.00140,-0.00025,0.00272,-0.00222,-53.66316,-423.00000
0.14118,0.13822,0.14184,0.14414,0.14184,0.19973,0.20269,0.19677,0.19578,0.19545,0.00272,-0.00255,0.00041,-0.00123,-0.00189,-53.89213,-422.00000
0.14480,0.14316,0.14875,0.13954,0.14612,0.19742,0.19512,0.20203,0.19611,0.19578,0.00140,-0.00123,0.00173,0.00173,-0.00025,-53.89213,-421.00000
0.14184,0.14645,0.14776,0.14250,0.14250,0.19710,0.19414,0.19512,0.19611,0.19446,0.00173,0.00140,-0.00156,0.00140,-0.00123,-53.48415,-420.00000
0.14414,0.14118,0.14645,0.13921,0.14184,0.19907,0.19611,0.19578,0.19710,0.19150,-0.00123,0.00008,0.00173,0.00074,0.00107,-53.48415,-419.00000
0.14447,0.13460,0.14480,0.14480,0.14743,0.19545,0.20038,0.19446,0.19644,0.19578,0.00337,-0.00255,-0.00090,0.00140,-0.00156,-52.94569,-418.00000
0.14480,0.14776,0.14776,0.13822,0.14447,0.19414,0.19512,0.19479,0.19775,0.19841,0.00206,0.00074,0.00008,-0.00353,0.00206,-52.94569,-417.00000
0.13921,0.14710,0.14579,0.14020,0.14776,0.19907,0.19775,0.19282,0.20104,0.19578,-0.00057,0.00140,-0.00123,-0.00156,-0.00057,-52.69599,-416.00000
0.14381,0.14743,0.14184,0.14710,0.14612,0.19808,0.20038,0.19874,0.20236,0.19578,0.00304,0.00140,0.00206,-0.00321,0.00272,-52.69599,-415.00000
0.14414,0.14973,0.14612,0.14316,0.14217,0.20038,0.19611,0.19808,0.20038,0.20104,-0.00057,-0.00057,0.00436,0.00074,-0.00025,-51.78012,-414.00000
0.14316,0.14118,0.14677,0.14085,0.13954,0.20137,0.19446,0.19808,0.19545,0.20006,0.00008,-0.00123,-0.00057,-0.00156,-0.00321,-51.78012,-413.00000
0.14085,0.14513,0.14908,0.14776,0.14283,0.19578,0.19775,0.19249,0.20269,0.19710,0.00337,-0.00025,-0.00353,0.00107,0.00041,-51.54680,-412.00000
0.14743,0.14513,0.13954,0.14513,0.14184,0.20170,0.19907,0.19710,0.19545,0.19940,-0.00090,-0.00057,0.00436,-0.00057,0.00140,-51.54680,-411.00000
0.13756,0.14677,0.14677,0.14513,0.14381,0.19512,0.19742,0.19315,0.19479,0.19677,-0.00189,-0.00090,0.00173,-0.00156,0.00008,-51.61813,-410.00000
0.14283,0.14151,0.14348,0.14348,0.14612,0.19183,0.19381,0.19874,0.19808,0.19874,-0.00452,-0.00156,0.00239,0.00041,-0.00156,-51.61813,-409.00000
0.14184,0.14381,0.14941,0.14283,0.13921,0.19545,0.19940,0.19578,0.19907,0.19841,-0.00090,-0.00090,-0.00123,-0.00189,0.00239,-52.16404,-408.00000
0.14414,0.14480,0.14250,0.14118,0.14513,0.20104,0.19446,0.19907,0.19775,0.19907,0.00173,0.00272,-0.00189,-0.00156,-0.00123,-52.16404,-407.00000
0.14612,0.14348,0.14677,0.14447,0.14776,0.19874,0.19742,0.19742,0.20104,0.19677,0.00041,0.00107,-0.00518,0.00008,0.00140,-52.37597,-406.00000
0.14743,0.14710,0.14480,0.13855,0.14743,0.20038,0.19775,0.20104,0.20038,0.19710,0.00206,0.00272,-0.00123,-0.00123,-0.00419,-52.37597,-405.00000
0.14579,0.14217,0.13691,0.14250,0.15171,0.19973,0.19808,0.20006,0.19874,0.20071,0.00173,0.00239,-0.00222,0.00173,-0.00222,-51.85693,-404.00000
0.14743,0.14283,0.14250,0.14348,0.14875,0.19578,0.20104,0.19940,0.19545,0.19545,-0.00386,-0.00222,0.00140,-0.00025,-0.00025,-51.85693,-403.00000
0.14645,0.14645,0.14809,0.15006,0.15006,0.19907,0.20137,0.20170,0.19183,0.19578,0.00008,-0.00255,0.00107,-0.00255,0.00239,-52.06372,-402.00000
0.14579,0.14776,0.14250,0.14710,0.14645,0.19808,0.19578,0.19710,0.20433,0.19907,-0.00123,0.00107,-0.00057,-0.00189,0.00041,-52.06372,-401.00000
0.15006,0.14677,0.14348,0.14579,0.14546,0.19677,0.19973,0.20006,0.20006,0.19644,-0.00288,-0.00353,0.00206,-0.00485,0.00140,-52.71155,-400.00000
0.15006,0.14348,0.14710,0.14546,0.14645,0.19315,0.19841,0.19775,0.20236,0.19677,0.00140,-0.00025,-0.00255,-0.00057,-0.00025,-52.71155,-399.00000
0.14645,0.14447,0.14250,0.14645,0.15204,0.19808,0.19348,0.19677,0.20038,0.19775,-0.00025,-0.00222,-0.00353,-0.00090,-0.00090,-53.13800,-398.00000
0.14612,0.14875,0.14809,0.14217,0.14743,0.19710,0.19874,0.20038,0.19742,0.19446,-0.00090,-0.00156,0.00239,0.00140,-0.00156,-53.13800,-397.00000
0.14612,0.14809,0.14710,0.14283,0.14941,0.19742,0.19808,0.19545,0.20104,0.19578,-0.00353,-0.00255,0.00337,0.00008,0.00074,-53.07046,-396.00000
0.14447,0.14908,0.14283,0.14546,0.14480,0.19644,0.19677,0.19742,0.20071,0.19808,0.00140,0.00370,0.00403,0.00206,-0.00288,-53.07046,-395.00000
0.14645,0.14546,0.14776,0.14776,0.15138,0.19381,0.19644,0.20269,0.20038,0.20137,0.00107,0.00173,-0.00025,0.00370,0.00008,-53.68367,-394.00000
0.15006,0.14250,0.15138,0.14480,0.15138,0.19578,0.19118,0.20006,0.19973,0.20302,0.00074,-0.00288,0.00107,-0.00156,0.00041,-53.68367,-393.00000
0.14809,0.14414,0.14513,0.14645,0.15072,0.19710,0.19644,0.19677,0.19841,0.20038,0.00008,0.00173,-0.00025,0.00008,-0.00222,-53.33109,-392.00000
0.14743,0.14645,0.15237,0.14677,0.14908,0.20006,0.19446,0.19512,0.19545,0.19578,-0.00255,0.00239,-0.00255,-0.00255,-0.00156,-53.33109,-391.00000
0.14480,0.14875,0.15006,0.14842,0.14776,0.19841,0.19446,0.19644,0.20006,0.19512,-0.00189,-0.00255,0.00008,-0.00288,0.00304,-52.92531,-390.00000
0.15006,0.14283,0.14973,0.14579,0.14677,0.19019,0.19677,0.19710,0.19578,0.19973,0.00107,-0.00452,-0.00189,-0.00123,0.00600,-52.92531,-389.00000
0.14941,0.15204,0.15237,0.15072,0.15269,0.19808,0.19808,0.19841,0.19940,0.19742,-0.00123,0.00206,-0.00057,-0.00025,0.00304,-53.01783,-388.00000
0.15138,0.14316,0.14447,0.14381,0.14447,0.19677,0.19677,0.19973,0.19545,0.20071,0.00041,-0.00189,0.00140,-0.00025,-0.00156,-53.01783,-387.00000
0.15269,0.14842,0.14677,0.14743,0.14348,0.20137,0.19611,0.19578,0.19414,0.19414,0.00140,-0.00090,0.00041,-0.00419,-0.00090,-51.74329,-386.00000
0.14513,0.14809,0.15171,0.14480,0.14875,0.19710,0.19808,0.19282,0.19282,0.19578,-0.00353,-0.00386,0.00140,0.00403,0.00140,-51.74329,-385.00000
0.14645,0.14645,0.15006,0.14480,0.14908,0.19545,0.19578,0.19512,0.19775,0.20071,0.00304,-0.00255,0.00074,-0.00156,0.00173,-51.11823,-384.00000
0.15039,0.14645,0.14316,0.14941,0.13954,0.19479,0.19611,0.19545,0.19183,0.19315,-0.00156,-0.00025,-0.00321,0.00140,0.00008,-51.11823,-383.00000
0.14941,0.14776,0.15006,0.14908,0.14184,0.19578,0.19907,0.19479,0.19512,0.19677,-0.00452,0.00173,0.00304,0.00239,0.00272,-51.52103,-382.00000
0.15039,0.14316,0.14941,0.15105,0.14776,0.19512,0.20038,0.19512,0.19446,0.19775,0.00239,0.00239,0.00107,-0.00321,-0.00156,-51.52103,-381.00000
0.15072,0.14743,0.14875,0.15434,0.14842,0.19545,0.19414,0.20006,0.19479,0.19874,-0.00353,-0.00156,-0.00025,-0.00025,0.00666,-51.68337,-380.00000
0.14973,0.14579,0.14513,0.14941,0.14875,0.19775,0.19578,0.19940,0.19710,0.19710,-0.00288,-0.00057,-0.00025,0.00041,-0.00090,-51.68337,-379.00000
0.15171,0.15039,0.15237,0.15335,0.14710,0.19710,0.19446,0.19808,0.19249,0.19644,-0.00386,0.00140,0.00173,-0.00057,0.00173,-51.34705,-378.00000
0.15105,0.15335,0.14513,0.15631,0.15401,0.19973,0.19907,0.19841,0.19775,0.19677,-0.00123,0.00074,-0.00123,0.00107,-0.00123,-51.34705,-377.00000
0.14941,0.14776,0.14908,0.15598,0.15105,0.19874,0.19611,0.19512,0.20006,0.19216,0.00173,-0.00025,0.00206,0.00206,-0.00288,-51.41327,-376.00000
0.15434,0.14743,0.14645,0.15105,0.14973,0.19775,0.19874,0.20006,0.19874,0.19710,-0.00321,-0.00321,0.00041,-0.00156,0.00173,-51.41327,-375.00000
0.15368,0.14480,0.14908,0.15105,0.14776,0.19677,0.19315,0.19479,0.19710,0.19315,0.00140,-0.00419,0.00403,-0.00189,-0.00156,-51.47080,-374.00000
0.15138,0.14908,0.15335,0.15335,0.15565,0.19677,0.19940,0.19742,0.19710,0.19677,-0.00025,-0.00090,0.00272,-0.00025,0.00074,-51.47080,-373.00000
0.14842,0.15664,0.14908,0.14743,0.15467,0.19611,0.19611,0.19381,0.19808,0.19940,0.00173,0.00370,0.00140,-0.00189,-0.00189,-51.85112,-372.00000
0.15664,0.15171,0.14710,0.15138,0.14875,0.19907,0.20104,0.19414,0.19775,0.19414,-0.00156,-0.00025,0.00041,0.00008,0.00140,-51.85112,-371.00000
0.15204,0.14941,0.15006,0.14809,0.15269,0.19414,0.19315,0.19479,0.19446,0.19414,-0.00057,-0.00189,0.00074,-0.00025,0.00107,-53.21316,-370.00000
0.15039,0.14875,0.15664,0.15500,0.15171,0.19315,0.19940,0.19644,0.19808,0.19808,0.00140,-0.00386,0.00239,-0.00386,0.00107,-53.21316,-369.00000
0.15105,0.15302,0.15269,0.15039,0.15204,0.19742,0.19940,0.19512,0.19742,0.19249,0.00337,0.00272,-0.00255,-0.00222,0.00403,-54.32386,-368.00000
0.15072,0.15269,0.15171,0.14645,0.15269,0.19841,0.20203,0.19940,0.19710,0.19677,0.00206,0.00535,-0.00156,-0.00222,-0.00485,-54.32386,-367.00000
0.15401,0.15335,0.15467,0.15401,0.14941,0.19677,0.19578,0.20104,0.19940,0.19742,-0.00222,-0.00057,-0.00025,-0.00123,0.00469,-54.09064,-366.00000
0.15138,0.15039,0.15829,0.15434,0.15533,0.19578,0.19677,0.19414,0.19414,0.20038,0.00272,-0.00156,0.00107,0.00239,-0.00255,-54.09064,-365.00000
0.15237,0.15204,0.15401,0.15467,0.14842,0.19381,0.19479,0.19874,0.19808,0.19611,-0.00288,0.00337,0.00272,-0.00222,-0.00057,-53.69083,-364.00000
0.15171,0.14941,0.15237,0.15204,0.15565,0.19545,0.19249,0.19940,0.19381,0.19644,-0.00057,-0.00156,-0.00255,-0.00156,-0.00123,-53.69083,-363.00000
0.14842,0.14809,0.15368,0.15204,0.14973,0.19808,0.19874,0.19644,0.19381,0.19414,-0.00123,0.00403,0.00206,-0.00025,-0.00090,-53.45918,-362.00000
0.15434,0.15730,0.14776,0.15467,0.15467,0.20071,0.20137,0.19479,0.20203,0.19874,0.00140,0.00272,0.00008,-0.00321,-0.00156,-53.45918,-361.00000
0.14809,0.15500,0.15039,0.14941,0.15204,0.19710,0.19644,0.19578,0.19841,0.20302,-0.00189,-0.00288,-0.00222,-0.00025,-0.00025,-52.91367,-360.00000
0.15171,0.15763,0.14612,0.15072,0.15237,0.19973,0.20038,0.19315,0.19940,0.19644,0.00008,0.00337,-0.00288,-0.00255,0.00239,-52.91367,-359.00000
0.15105,0.14579,0.16355,0.15171,0.15204,0.19742,0.19808,0.19907,0.19512,0.19545,-0.00189,0.00304,0.00008,0.00370,0.00140,-52.16973,-358.00000
0.15237,0.15072,0.15664,0.15237,0.15269,0.19414,0.19216,0.19545,0.19545,0.19907,-0.00321,-0.00057,0.00173,0.00041,0.00041,-52.16973,-357.00000
0.15237,0.15730,0.15533,0.15861,0.15763,0.19644,0.19874,0.20203,0.19446,0.19315,-0.00090,0.00107,0.00140,0.00041,-0.00222,-52.11758,-356.00000
0.15302,0.15763,0.15335,0.15401,0.14842,0.19808,0.19710,0.19775,0.19644,0.19446,0.00140,-0.00288,0.00107,0.00041,0.00239,-52.11758,-355.00000
0.15138,0.15598,0.14776,0.15960,0.15434,0.19512,0.19710,0.19348,0.19907,0.20137,0.00272,0.00140,0.00140,0.00304,-0.00156,-51.76924,-354.00000
0.16026,0.15204,0.15829,0.15664,0.15533,0.19446,0.19940,0.19644,0.19808,0.19414,-0.00123,0.00239,-0.00419,0.00206,-0.00025,-51.76924,-353.00000
0.16190,0.15401,0.15829,0.15368,0.15006,0.20104,0.19578,0.20236,0.19808,0.19742,0.00206,-0.00025,0.00041,0.00107,-0.00156,-51.87339,-352.00000
0.15598,0.15829,0.15368,0.14743,0.16190,0.19644,0.19841,0.19446,0.19973,0.19742,-0.00057,-0.00123,0.00008,0.00140,-0.00090,-51.87339,-351.00000
0.15631,0.15500,0.15533,0.15631,0.14908,0.20071,0.20137,0.20038,0.19940,0.19611,0.00206,-0.00025,0.00173,0.00041,-0.00156,-51.73503,-350.00000
0.15960,0.15730,0.15335,0.15631,0.15237,0.19479,0.19973,0.19874,0.19611,0.19907,-0.00222,0.00008,0.00008,0.00206,-0.00156,-51.73503,-349.00000
0.15565,0.15467,0.15829,0.15467,0.15533,0.19710,0.19841,0.19381,0.19414,0.19578,0.00041,-0.00485,0.00041,0.00008,-0.00255,-52.21761,-348.00000
0.16256,0.15467,0.14842,0.15598,0.15631,0.19742,0.20038,0.19907,0.19775,0.19742,-0.00222,0.00140,-0.00222,0.00107,0.00041,-52.21761,-347.00000
0.15664,0.15434,0.15565,0.15171,0.15796,0.20137,0.20236,0.19512,0.19644,0.19710,0.00041,-0.00123,0.00239,0.00206,0.00074,-53.04973,-346.00000
0.15434,0.15434,0.15500,0.16190,0.15598,0.19710,0.19841,0.19973,0.19414,0.19710,0.00173,-0.00057,0.00074,-0.00156,0.00074,-53.04973,-345.00000
0.15730,0.15993,0.15664,0.15763,0.16223,0.19841,0.19611,0.19381,0.19940,0.19578,0.00041,0.00239,-0.00090,-0.00057,0.00107,-53.11422,-344.00000
0.16092,0.14842,0.15631,0.15302,0.15796,0.19677,0.19874,0.19775,0.20170,0.19150,-0.00222,-0.00025,0.00337,0.00041,-0.00255,-53.11422,-343.00000
0.15335,0.15072,0.16486,0.16026,0.15434,0.20006,0.19512,0.19742,0.19742,0.19282,-0.00090,0.00041,-0.00123,-0.00025,-0.00123,-54.00584,-342.00000
0.15730,0.15664,0.16388,0.15368,0.15861,0.19282,0.19907,0.19512,0.19446,0.20203,0.00008,-0.00025,-0.00057,-0.00057,-0.00057,-54.00584,-341.00000
0.15894,0.15533,0.16223,0.15500,0.15894,0.19775,0.19282,0.19479,0.19841,0.20269,0.00140,0.00107,-0.00485,0.00173,0.00074,-53.56298,-340.00000
0.16322,0.15565,0.15894,0.15631,0.15796,0.19282,0.19414,0.20038,0.19775,0.19348,-0.00321,-0.00123,0.00304,-0.00386,-0.00025,-53.56298,-339.00000
0.15631,0.15072,0.16092,0.15993,0.15960,0.19973,0.19381,0.19710,0.20071,0.19414,-0.00057,-0.00321,0.00206,-0.00156,0.00074,-53.76635,-338.00000
0.15697,0.16453,0.15664,0.15664,0.16092,0.19446,0.20038,0.19446,0.19315,0.19611,-0.00090,-0.00189,-0.00156,-0.00025,-0.00189,-53.76635,-337.00000
0.15401,0.16223,0.16092,0.15500,0.16190,0.19118,0.19742,0.19841,0.19874,0.19874,0.00008,0.00107,0.00107,0.00206,-0.00090,-53.57751,-336.00000
0.15598,0.16157,0.15204,0.16322,0.15664,0.19841,0.19841,0.20335,0.19710,0.19841,0.00008,-0.00156,-0.00222,-0.00288,-0.00353,-53.57751,-335.00000
0.15829,0.15500,0.16289,0.15894,0.15894,0.20433,0.19710,0.19710,0.19512,0.20038,0.00239,0.00239,0.00370,-0.00057,0.00107,-53.29755,-334.00000
0.15664,0.16092,0.15763,0.15927,0.15993,0.19808,0.19808,0.19940,0.19446,0.19677,-0.00353,-0.00025,0.00107,0.00140,0.00206,-53.29755,-333.00000
0.15565,0.16453,0.16190,0.16026,0.16059,0.18986,0.19479,0.19742,0.19907,0.19907,-0.00156,0.00107,0.00173,-0.00255,-0.00156,-52.56430,-332.00000
0.15796,0.15763,0.16092,0.15697,0.15796,0.19874,0.20269,0.19940,0.20071,0.19874,0.00173,-0.00090,-0.00123,0.00008,-0.00321,-52.56430,-331.00000
0.16618,0.16059,0.15960,0.15993,0.15565,0.19677,0.19874,0.19808,0.19907,0.19710,0.00239,-0.00090,0.00041,0.00370,-0.00518,-52.56877,-330.00000
0.16256,0.15664,0.15927,0.15796,0.16322,0.19907,0.19644,0.19940,0.20400,0.19940,-0.00156,0.00074,-0.00156,0.00008,0.00041,-52.56877,-329.00000
0.16059,0.16026,0.16059,0.16289,0.15335,0.20104,0.19775,0.19742,0.19742,0.19644,-0.00123,-0.00090,0.00074,0.00173,0.00173,-51.33810,-328.00000
0.15927,0.16256,0.16092,0.16092,0.16026,0.19742,0.19611,0.19578,0.19644,0.20006,-0.00156,-0.00025,0.00008,0.00074,-0.00090,-51.33810,-327.00000
0.15894,0.16651,0.15500,0.16289,0.15664,0.19578,0.19644,0.19545,0.20170,0.20006,-0.00057,0.00041,0.00074,-0.00189,-0.00255,-51.53819,-326.00000
0.16289,0.15533,0.15993,0.16388,0.16289,0.19710,0.19775,0.19742,0.19479,0.19479,-0.00255,-0.00156,0.00008,0.00008,-0.00057,-51.53819,-325.00000
0.16125,0.16519,0.14973,0.16717,0.15796,0.19644,0.19348,0.19940,0.19710,0.19381,0.00337,0.00008,-0.00025,-0.00222,0.00008,-51.59917,-324.00000
0.16388,0.15960,0.15861,0.16092,0.16519,0.19578,0.19907,0.19611,0.19611,0.20236,0.00107,-0.00321,-0.00485,-0.00255,0.00272,-51.59917,-323.00000
0.15335,0.16157,0.16157,0.15763,0.16125,0.20170,0.19775,0.19611,0.19775,0.19545,-0.00386,-0.00715,-0.00255,-0.00288,0.00008,-51.33181,-322.00000
0.15664,0.16355,0.15796,0.16125,0.16355,0.19414,0.19874,0.19479,0.19578,0.19775,0.00074,-0.00386,-0.00123,0.00140,-0.00025,-51.33181,-321.00000
0.16157,0.15861,0.16256,0.16289,0.15927,0.19611,0.19742,0.20038,0.19874,0.19578,0.00239,0.00337,0.00304,-0.00222,0.00370,-51.34950,-320.00000
0.16125,0.16355,0.15631,0.16256,0.15829,0.19808,0.19512,0.20400,0.19414,0.20104,0.00107,-0.00255,-0.00123,0.00239,-0.00485,-51.34950,-319.00000
0.16486,0.16059,0.15927,0.16322,0.16618,0.19611,0.19907,0.19611,0.19775,0.19282,-0.00189,0.00074,0.00074,-0.00057,0.00272,-51.56342,-318.00000
0.16453,0.16289,0.16355,0.15993,0.16125,0.19874,0.19644,0.20104,0.19578,0.20170,-0.00386,0.00041,0.00239,-0.00057,-0.00123,-51.56342,-317.00000
0.16388,0.16651,0.16125,0.16322,0.16289,0.19644,0.19381,0.19282,0.19479,0.20170,-0.00255,0.00074,-0.00156,-0.00189,0.00041,-52.22702,-316.00000
0.16585,0.16157,0.16256,0.16388,0.16026,0.19710,0.19216,0.20269,0.19611,0.19874,0.00074,0.00272,0.00304,0.00337,0.00041,-52.22702,-315.00000
0.16388,0.16092,0.16322,0.16684,0.15993,0.19940,0.19545,0.19381,0.19940,0.19611,0.00008,-0.00156,0.00107,-0.00255,-0.00156,-52.71507,-314.00000
0.16651,0.16223,0.16322,0.16453,0.15500,0.19907,0.20104,0.19611,0.20071,0.19775,-0.00452,-0.00057,-0.00090,0.00041,0.00140,-52.71507,-313.00000
0.16749,0.15927,0.16059,0.16749,0.16453,0.19512,0.19973,0.19611,0.19874,0.20038,0.00239,0.00041,0.00436,-0.00123,-0.00057,-53.80871,-312.00000
0.16453,0.16717,0.16059,0.16223,0.15829,0.19841,0.19479,0.19677,0.19381,0.19808,0.00239,0.00041,-0.00123,-0.00057,-0.00025,-53.80871,-311.00000
0.16157,0.16125,0.16651,0.16453,0.16059,0.19742,0.19446,0.19775,0.19808,0.19677,0.00370,-0.00123,0.00074,0.00008,0.00140,-53.53766,-310.00000
0.16453,0.16881,0.15993,0.16717,0.16223,0.19775,0.19446,0.19874,0.19644,0.19381,0.00008,-0.00123,0.00206,-0.00090,-0.00057,-53.53766,-309.00000
0.16914,0.16684,0.16355,0.16190,0.16618,0.19841,0.19677,0.20006,0.20104,0.19973,0.00140,0.00107,-0.00025,0.00008,-0.00189,-54.07596,-308.00000
0.16749,0.16223,0.16618,0.16059,0.16190,0.19940,0.19742,0.19742,0.19644,0.19841,-0.00025,0.00140,-0.00321,-0.00123,0.00140,-54.07596,-307.00000
0.16453,0.16519,0.16519,0.16815,0.16848,0.19742,0.19315,0.19414,0.19512,0.20269,0.00074,-0.00057,-0.00123,0.00041,-0.00288,-54.05946,-306.00000
0.16749,0.16585,0.16322,0.16881,0.16453,0.19874,0.19677,0.20104,0.19381,0.19775,0.00107,-0.00222,-0.00156,0.00436,0.00173,-54.05946,-305.00000
0.16684,0.16388,0.16322,0.16749,0.16914,0.19841,0.19611,0.19611,0.19677,0.19479,-0.00288,-0.00222,0.00107,-0.00255,-0.00682,-53.68989,-304.00000
0.16618,0.16782,0.16914,0.16256,0.16651,0.19644,0.19545,0.19907,0.19940,0.19578,0.00008,0.00239,0.00239,-0.00156,0.00140,-53.68989,-303.00000
0.16914,0.16289,0.16881,0.16618,0.16453,0.19644,0.19611,0.19742,0.19282,0.19775,0.00272,-0.00288,0.00337,0.00173,0.00206,-52.90451,-302.00000
0.16651,0.16585,0.16815,0.15796,0.16322,0.19446,0.19414,0.19315,0.19315,0.19973,-0.00353,0.00008,-0.00419,0.00074,0.00041,-52.90451,-301.00000
0.16749,0.16684,0.16289,0.16092,0.16486,0.19512,0.19545,0.19710,0.19414,0.19973,-0.00255,-0.00222,0.00206,0.00239,0.00008,-52.81212,-300.00000
0.16618,0.15796,0.17078,0.16651,0.16125,0.19808,0.19940,0.19775,0.19512,0.19874,-0.00025,-0.00123,0.00041,-0.00222,0.00008,-52.81212,-299.00000
0.16947,0.16486,0.15894,0.16881,0.16190,0.20236,0.20269,0.19578,0.19742,0.20104,-0.00057,0.00074,0.00304,-0.00189,0.00206,-51.96514,-298.00000
0.16157,0.16355,0.16749,0.16355,0.16881,0.19512,0.19381,0.19710,0.19775,0.19874,-0.00025,-0.00222,0.00140,0.00304,-0.00222,-51.96514,-297.00000
0.16585,0.16552,0.16289,0.16749,0.16881,0.19841,0.19348,0.19775,0.19512,0.18756,0.00370,-0.00222,-0.00057,0.00008,-0.00156,-52.16909,-296.00000
0.16486,0.16355,0.16223,0.16618,0.16355,0.19479,0.19348,0.19710,0.19315,0.20006,-0.00090,0.00107,-0.00123,0.00304,-0.00025,-52.16909,-295.00000
0.16717,0.16585,0.16519,0.17078,0.16618,0.20137,0.19512,0.19183,0.19841,0.19973,-0.00255,-0.00090,0.00239,-0.00090,-0.00222,-52.55672,-294.00000
0.16980,0.16815,0.16717,0.16782,0.16684,0.19677,0.19446,0.19512,0.19578,0.19446,0.00239,-0.00156,0.00140,-0.00222,-0.00222,-52.55672,-293.00000
0.16881,0.16717,0.16355,0.16914,0.16914,0.19841,0.20006,0.19446,0.19841,0.20236,-0.00222,-0.00090,-0.00288,0.00436,-0.00025,-52.76517,-292.00000
0.16651,0.16059,0.16519,0.16453,0.17144,0.19742,0.20071,0.19775,0.19710,0.19940,0.00008,0.00008,0.00370,0.00074,0.00304,-52.76517,-291.00000
0.17605,0.16125,0.17013,0.16355,0.16749,0.19052,0.19742,0.19183,0.19611,0.20170,0.00206,-0.00057,-0.00156,-0.00025,0.00173,-52.42751,-290.00000
0.16717,0.16618,0.16717,0.17210,0.16223,0.19677,0.19414,0.19545,0.19907,0.19315,-0.00321,0.00272,-0.00189,0.00041,0.00074,-52.42751,-289.00000
0.16453,0.16684,0.16749,0.16190,0.17276,0.20038,0.19282,0.19578,0.19545,0.19644,-0.00156,-0.00025,0.00074,-0.00156,-0.00123,-52.80067,-288.00000
0.16815,0.16881,0.17342,0.16618,0.17045,0.19808,0.19545,0.19512,0.19545,0.19874,0.00304,-0.00090,-0.00123,-0.00057,0.00107,-52.80067,-287.00000
0.17078,0.17111,0.17440,0.16848,0.16717,0.19710,0.19808,0.19874,0.19775,0.19775,-0.00584,-0.00321,0.00074,0.00041,0.00107,-52.93110,-286.00000
0.16848,0.16881,0.17144,0.16980,0.17506,0.19512,0.19808,0.19808,0.19545,0.20170,0.00107,-0.00057,-0.00123,-0.00452,-0.00025,-52.93110,-285.00000
0.16749,0.16980,0.17111,0.17111,0.17013,0.19644,0.19512,0.19808,0.20170,0.19512,-0.00025,-0.00090,-0.00222,-0.00255,0.00008,-53.49192,-284.00000
0.17276,0.16486,0.16322,0.17144,0.16486,0.20137,0.19710,0.19841,0.19907,0.19742,0.00008,-0.00156,-0.00452,0.00074,-0.00321,-53.49192,-283.00000
0.17177,0.16749,0.16914,0.16947,0.16651,0.19381,0.19710,0.19644,0.20104,0.19874,-0.00123,0.00140,-0.00057,0.00337,-0.00057,-54.72936,-282.00000
0.16190,0.17407,0.16388,0.16980,0.16914,0.19446,0.19973,0.19710,0.19907,0.19611,-0.00090,-0.00025,-0.00025,0.00304,-0.00123,-54.72936,-281.00000
0.17605,0.17078,0.17111,0.17210,0.17111,0.19414,0.19381,0.19677,0.19677,0.19282,0.00008,-0.00090,-0.00452,-0.00090,0.00107,-54.63519,-280.00000
0.16815,0.17111,0.16914,0.17276,0.16355,0.19907,0.19677,0.19381,0.20038,0.19512,0.00272,-0.00123,0.00041,-0.00288,-0.00156,-54.63519,-279.00000
0.17177,0.17111,0.16815,0.17078,0.17045,0.19315,0.19512,0.19775,0.19282,0.19874,0.00074,-0.00156,-0.00025,-0.00255,-0.00288,-54.18771,-278.00000
0.17342,0.16651,0.16717,0.16947,0.17309,0.19282,0.19578,0.19677,0.19479,0.19874,-0.00057,-0.00222,0.00074,-0.00057,-0.00222,-54.18771,-277.00000
0.17374,0.16881,0.17374,0.17276,0.17309,0.19677,0.19611,0.19578,0.19775,0.19874,-0.00156,0.00008,-0.00255,-0.00025,0.00173,-54.04454,-276.00000
0.16355,0.17144,0.17111,0.17868,0.16947,0.19841,0.19644,0.19512,0.19677,0.19381,-0.00222,0.00239,-0.00288,0.00008,-0.00123,-54.04454,-275.00000
0.17078,0.16881,0.16519,0.17210,0.17342,0.19841,0.19545,0.19545,0.19841,0.19052,-0.00288,-0.00353,-0.00123,-0.00025,0.00008,-54.20245,-274.00000
0.17013,0.17078,0.17342,0.17177,0.16519,0.19710,0.19644,0.19315,0.19841,0.19710,-0.00288,-0.00123,-0.00123,-0.00090,-0.00189,-54.20245,-273.00000
0.17342,0.16782,0.16980,0.16815,0.17374,0.19841,0.19775,0.19315,0.18953,0.19512,0.00239,-0.00156,-0.00156,0.00337,-0.00189,-52.77261,-272.00000
0.16815,0.17374,0.17407,0.17078,0.16618,0.19841,0.19677,0.19381,0.19940,0.19775,-0.00255,0.00041,-0.00419,0.00206,0.00140,-52.77261,-271.00000
0.17144,0.16585,0.17243,0.16651,0.17539,0.19973,0.19644,0.19677,0.19118,0.19841,0.00272,0.00008,0.00074,-0.00353,-0.00353,-52.53621,-270.00000
0.17539,0.16947,0.17243,0.17276,0.16651,0.19512,0.19710,0.19841,0.19611,0.19710,0.00074,0.00206,0.00041,0.00107,0.00173,-52.53621,-269.00000
0.17802,0.17045,0.17605,0.17078,0.17342,0.19710,0.19512,0.18953,0.19348,0.19644,0.00272,0.00272,-0.00255,0.00041,0.00074,-52.10795,-268.00000
0.17013,0.16980,0.17210,0.16684,0.17210,0.19907,0.20038,0.19512,0.19841,0.20071,-0.00288,-0.00288,0.00272,0.00107,0.00239,-52.10795,-267.00000
0.17473,0.16881,0.17309,0.16585,0.17309,0.19578,0.19940,0.19973,0.19578,0.19381,0.00107,0.00206,-0.00025,-0.00222,-0.00353,-52.11354,-266.00000
0.17703,0.17506,0.17177,0.17342,0.17045,0.19742,0.19381,0.19841,0.19940,0.19808,0.00337,0.00239,0.00173,-0.00682,-0.00025,-52.11354,-265.00000
0.17078,0.17374,0.16914,0.17407,0.17309,0.19775,0.20071,0.19545,0.19282,0.19775,-0.00123,-0.00255,-0.00321,0.00074,-0.00057,-51.57191,-264.00000
0.17374,0.17934,0.17276,0.17243,0.17769,0.19644,0.19775,0.19710,0.19710,0.19512,-0.00288,-0.00025,-0.00025,-0.00649,0.00140,-51.57191,-263.00000
0.17243,0.17670,0.17539,0.17374,0.17473,0.19841,0.19907,0.19808,0.19644,0.19611,-0.00025,-0.00222,-0.00025,0.00206,0.00239,-51.27424,-262.00000
0.17342,0.17177,0.17342,0.17868,0.17407,0.19479,0.19742,0.19545,0.20006,0.19841,0.00041,0.00107,0.00041,-0.00057,0.00074,-51.27424,-261.00000
0.17243,0.17605,0.17966,0.16881,0.17736,0.19677,0.20104,0.19414,0.19282,0.19150,0.00008,-0.00189,0.00041,-0.00255,0.00337,-51.44034,-260.00000
0.17473,0.17342,0.17506,0.17276,0.17440,0.20038,0.19710,0.19479,0.19414,0.19611,0.00140,0.00074,0.00304,-0.00057,0.00008,-51.44034,-259.00000
0.17210,0.17177,0.17210,0.17670,0.17440,0.20104,0.20269,0.19808,0.19742,0.19775,-0.00452,-0.00057,0.00173,0.00074,0.00337,-51.27925,-258.00000
0.17506,0.17243,0.18197,0.17605,0.17045,0.19940,0.19742,0.20104,0.19874,0.19742,-0.00255,0.00008,0.00107,-0.00452,-0.00419,-51.27925,-257.00000
0.16980,0.17901,0.17243,0.17901,0.17374,0.19446,0.19611,0.19742,0.19414,0.19775,-0.00090,0.00041,0.00370,0.00008,0.00239,-50.91551,-256.00000
0.17539,0.17440,0.17506,0.17111,0.17374,0.19479,0.19479,0.19874,0.19578,0.19578,0.00140,0.00074,0.00074,-0.00123,0.00140,-50.91551,-255.00000
0.16749,0.17670,0.17769,0.16914,0.17901,0.19578,0.19216,0.19578,0.20236,0.19973,-0.00025,-0.00255,-0.00419,0.00107,0.00074,-49.21996,-254.00000
0.17736,0.17342,0.17736,0.18098,0.17670,0.19841,0.19644,0.19907,0.19578,0.19381,0.00206,-0.00222,-0.00419,0.00008,0.00140,-49.21996,-253.00000
0.17506,0.17901,0.18098,0.17276,0.17506,0.20104,0.20006,0.19611,0.19545,0.19841,0.00107,-0.00025,0.00074,-0.00255,0.00074,-47.52258,-252.00000
0.17440,0.17868,0.17473,0.17506,0.17243,0.20038,0.19808,0.19874,0.19907,0.20006,0.00008,-0.00485,0.00140,0.00568,-0.00222,-47.52258,-251.00000
0.17901,0.17506,0.17802,0.17342,0.17342,0.19644,0.19742,0.19249,0.19545,0.19742,0.00107,0.00206,-0.00222,0.00041,0.00206,-48.49762,-250.00000
0.17210,0.18098,0.17605,0.18065,0.17374,0.19348,0.19545,0.19578,0.19578,0.19808,-0.00156,0.00337,0.00304,-0.00057,0.00304,-48.49762,-249.00000
0.17539,0.17835,0.17703,0.17638,0.17736,0.19611,0.19644,0.19611,0.19808,0.20104,-0.00189,-0.00189,-0.00025,-0.00090,-0.00156,-50.48172,-248.00000
0.17374,0.17506,0.17670,0.17769,0.18098,0.20071,0.19512,0.19381,0.19841,0.19874,0.00041,0.00107,0.00008,-0.00123,0.00140,-50.48172,-247.00000
0.18032,0.17999,0.16980,0.17473,0.18262,0.19841,0.19677,0.19907,0.19808,0.19841,-0.00222,0.00041,-0.00057,-0.00156,0.00436,-51.68617,-246.00000
0.17901,0.17111,0.17835,0.17901,0.17868,0.19446,0.19710,0.19446,0.19874,0.19775,-0.00123,0.00041,0.00140,0.00140,-0.00057,-51.68617,-245.00000
0.17835,0.17934,0.17309,0.18098,0.17144,0.19644,0.19677,0.19808,0.19611,0.19578,0.00074,0.00140,-0.00419,0.00337,-0.00090,-52.49836,-244.00000
0.17144,0.17868,0.17243,0.17111,0.18197,0.19512,0.19315,0.19808,0.19348,0.19578,0.00041,0.00304,0.00304,0.00140,0.00008,-52.49836,-243.00000
0.17835,0.17934,0.17835,0.18065,0.17572,0.19775,0.19907,0.19446,0.19742,0.19446,-0.00057,-0.00189,-0.00123,0.00304,-0.00321,-52.58219,-242.00000
0.18657,0.17440,0.18098,0.17605,0.17473,0.19677,0.19742,0.19775,0.19512,0.19940,0.00140,-0.00123,0.00173,0.00173,-0.00189,-52.58219,-241.00000
0.17473,0.17868,0.18230,0.17934,0.17736,0.19644,0.19348,0.19808,0.19907,0.19315,-0.00452,0.00041,0.00173,-0.00222,0.00074,-51.93807,-240.00000
0.17934,0.17966,0.17769,0.17966,0.18065,0.19808,0.19775,0.19512,0.19742,0.19841,0.00436,-0.00156,-0.00090,0.00008,-0.00419,-51.93807,-239.00000
0.18361,0.17901,0.17736,0.17868,0.17802,0.19742,0.20137,0.19841,0.19446,0.19775,0.00304,-0.00156,-0.00123,-0.00025,-0.00189,-52.49979,-238.00000
0.18164,0.17901,0.18230,0.17835,0.18164,0.20071,0.19808,0.19775,0.19611,0.19874,0.00140,-0.00025,0.00272,-0.00123,0.00239,-52.49979,-237.00000
0.17769,0.18164,0.17440,0.17868,0.17934,0.19742,0.20006,0.19874,0.19775,0.19183,0.00008,-0.00057,0.00272,0.00008,0.00140,-52.19716,-236.00000
0.17999,0.17901,0.17769,0.18164,0.17769,0.19940,0.19644,0.19512,0.19644,0.19545,-0.00189,0.00206,0.00140,-0.00156,0.00107,-52.19716,-235.00000
0.17440,0.17934,0.17999,0.17868,0.18098,0.19479,0.19973,0.19973,0.19841,0.19512,0.00008,0.00206,-0.00025,-0.00156,-0.00025,-52.89546,-234.00000
0.18230,0.17966,0.18131,0.17407,0.18427,0.19841,0.19808,0.19611,0.20269,0.19742,-0.00123,0.00173,-0.00123,0.00008,0.00074,-52.89546,-233.00000
0.17473,0.18197,0.17802,0.17572,0.18131,0.19512,0.19973,0.19742,0.19677,0.19545,-0.00057,0.00206,0.00074,-0.00057,-0.00255,-52.69529,-232.00000
0.17670,0.18493,0.18065,0.18394,0.18558,0.19578,0.19479,0.19545,0.19578,0.19710,0.00107,-0.00321,0.00008,-0.00156,-0.00123,-52.69529,-231.00000
0.18624,0.18032,0.18361,0.18197,0.18526,0.19841,0.19611,0.19973,0.19545,0.19874,-0.00057,-0.00255,0.00206,-0.00057,-0.00025,-51.61132,-230.00000
0.17638,0.17736,0.18197,0.18427,0.18098,0.19381,0.19940,0.19808,0.19808,0.19677,-0.00057,-0.00025,0.00008,0.00107,0.00173,-51.61132,-229.00000
0.18460,0.18460,0.18262,0.17934,0.18262,0.20170,0.19578,0.19611,0.19841,0.19479,0.00107,-0.00156,-0.00156,0.00008,0.00206,-52.01660,-228.00000
0.17703,0.17966,0.17934,0.18427,0.17440,0.19479,0.19775,0.19841,0.19414,0.19282,0.00074,-0.00090,-0.00090,0.00041,-0.00090,-52.01660,-227.00000
0.18131,0.18526,0.18131,0.18262,0.17901,0.20104,0.19249,0.19907,0.20071,0.20104,0.00140,-0.00025,-0.00123,-0.00255,-0.00222,-53.76220,-226.00000
0.18493,0.18328,0.18230,0.18164,0.17506,0.19150,0.19578,0.19742,0.19677,0.19677,0.00140,-0.00123,0.00041,-0.00057,-0.00090,-53.76220,-225.00000
0.18262,0.18032,0.17440,0.18295,0.17539,0.19414,0.19907,0.19677,0.19940,0.20137,0.00074,0.00074,-0.00321,-0.00123,-0.00025,-53.92212,-224.00000
0.18394,0.17835,0.18493,0.18558,0.17769,0.19414,0.19479,0.19677,0.19841,0.19742,0.00008,0.00272,-0.00222,0.00008,-0.00123,-53.92212,-223.00000
0.18657,0.18164,0.18295,0.18328,0.18394,0.19808,0.19874,0.19446,0.19545,0.19446,-0.00321,0.00535,0.00206,-0.00057,-0.00353,-53.96545,-222.00000
0.18032,0.18065,0.18493,0.18065,0.17868,0.19710,0.19446,0.19611,0.19611,0.19742,-0.00090,0.00272,0.00107,-0.00123,0.00173,-53.96545,-221.00000
0.18328,0.18526,0.18197,0.18164,0.18230,0.19742,0.19479,0.19710,0.19808,0.19940,-0.00123,0.00107,-0.00057,-0.00452,-0.00025,-54.40216,-220.00000
0.18230,0.17901,0.18394,0.18295,0.18558,0.19710,0.19216,0.19742,0.19611,0.19578,0.00041,0.00206,0.00173,-0.00255,-0.00090,-54.40216,-219.00000
0.18197,0.18197,0.18164,0.17901,0.18460,0.19940,0.19841,0.19611,0.20006,0.19578,0.00074,-0.00255,-0.00090,0.00041,-0.00090,-54.12735,-218.00000
0.18690,0.18164,0.18262,0.18361,0.17736,0.19742,0.19644,0.19907,0.19710,0.19710,-0.00222,-0.00222,0.00337,0.00206,-0.00025,-54.12735,-217.00000
0.18723,0.17999,0.17934,0.18558,0.17638,0.19841,0.19545,0.19841,0.19315,0.19578,-0.00485,-0.00353,-0.00123,0.00074,0.00074,-54.15596,-216.00000
0.17999,0.18558,0.18558,0.18065,0.18624,0.19381,0.19742,0.19611,0.19512,0.19019,-0.00156,-0.00156,-0.00057,0.00107,0.00239,-54.15596,-215.00000
0.18591,0.17999,0.17868,0.18394,0.18197,0.19742,0.20170,0.19841,0.19775,0.19249,-0.00090,-0.00090,0.00008,0.00107,-0.00057,-52.96909,-214.00000
0.18690,0.18032,0.19118,0.17966,0.19052,0.19677,0.19742,0.20269,0.19710,0.19578,-0.00025,-0.00189,0.00074,0.00041,0.00337,-52.96909,-213.00000
0.18460,0.18460,0.18591,0.18394,0.18723,0.19907,0.19710,0.19183,0.19545,0.19775,-0.00090,-0.00025,0.00337,0.00074,0.00107,-52.33171,-212.00000
0.18789,0.18690,0.18361,0.18822,0.18394,0.19841,0.19742,0.19348,0.20038,0.19775,0.00008,-0.00090,0.00206,-0.00419,-0.00222,-52.33171,-211.00000
0.18230,0.18493,0.18262,0.18394,0.18591,0.20038,0.19414,0.19545,0.19414,0.19742,0.00239,-0.00090,0.00304,0.00008,-0.00025,-51.96176,-210.00000
0.18526,0.18986,0.18591,0.18690,0.18690,0.19545,0.19677,0.19479,0.19940,0.19808,0.00304,-0.00090,-0.00321,0.00239,0.00173,-51.96176,-209.00000
0.18953,0.18262,0.19019,0.18986,0.17999,0.19282,0.20269,0.19348,0.19940,0.19710,0.00239,-0.00189,0.00140,0.00206,-0.00090,-52.26994,-208.00000
0.18065,0.18295,0.18558,0.18624,0.18131,0.19315,0.19775,0.19118,0.20038,0.19644,-0.00156,0.00173,0.00469,-0.00189,0.00041,-52.26994,-207.00000
0.18756,0.19249,0.17901,0.18591,0.18394,0.19841,0.19479,0.19710,0.19315,0.19907,0.00041,-0.00090,-0.00025,0.00107,-0.00025,-52.18722,-206.00000
0.19052,0.18493,0.18822,0.18723,0.18427,0.19446,0.19644,0.19611,0.19381,0.19644,0.00008,-0.00057,0.00370,0.00074,-0.00189,-52.18722,-205.00000
0.18624,0.18591,0.18591,0.18526,0.18854,0.19841,0.19677,0.19348,0.19414,0.19742,-0.00156,0.00041,-0.00025,0.00403,0.00173,-52.07994,-204.00000
0.18262,0.18526,0.18591,0.18394,0.18427,0.19710,0.19907,0.19578,0.19282,0.19545,-0.00452,-0.00518,-0.00057,-0.00123,-0.00025,-52.07994,-203.00000
0.18394,0.18197,0.18230,0.18657,0.18789,0.19446,0.19940,0.19710,0.19512,0.20137,-0.00222,-0.00353,0.00140,0.00008,0.00008,-52.96380,-202.00000
0.18591,0.19019,0.18624,0.18690,0.18295,0.19479,0.19644,0.19446,0.19940,0.20006,-0.00025,-0.00123,-0.00090,0.00107,-0.00025,-52.96380,-201.00000
0.18822,0.19118,0.18591,0.18789,0.18526,0.19677,0.19710,0.19512,0.19742,0.19907,0.00272,-0.00222,0.00041,0.00074,-0.00353,-53.61569,-200.00000
0.19282,0.18361,0.18690,0.18920,0.19085,0.19874,0.19742,0.19973,0.19775,0.19742,0.00107,0.00041,0.00239,-0.00452,-0.00715,-53.61569,-199.00000
0.18624,0.19282,0.18756,0.18526,0.18262,0.19710,0.19118,0.19381,0.19940,0.19414,-0.00288,0.00041,0.00140,0.00008,0.00074,-53.90501,-198.00000
0.18262,0.18723,0.18394,0.18789,0.18624,0.19677,0.19479,0.19973,0.19710,0.19578,0.00074,-0.00189,-0.00090,-0.00057,-0.00057,-53.90501,-197.00000
0.19446,0.18460,0.19052,0.18756,0.19315,0.19742,0.19414,0.19874,0.19644,0.19479,-0.00255,0.00008,0.00140,-0.00123,-0.00057,-54.03503,-196.00000
0.19348,0.18493,0.18493,0.18460,0.18887,0.19282,0.20203,0.19545,0.19381,0.19578,-0.00321,-0.00057,0.00304,-0.00255,0.00600,-54.03503,-195.00000
0.19611,0.18361,0.18789,0.18591,0.18986,0.19973,0.19775,0.19545,0.19611,0.19414,0.00370,0.00041,-0.00057,0.00370,-0.00090,-53.76800,-194.00000
0.17802,0.19085,0.18953,0.19085,0.19249,0.19808,0.19644,0.20104,0.19611,0.19545,0.00304,-0.00189,0.00370,0.00469,-0.00353,-53.76800,-193.00000
0.18789,0.18920,0.18526,0.18558,0.19381,0.19940,0.19348,0.20367,0.19710,0.19775,-0.00353,-0.00057,-0.00321,-0.00090,-0.00156,-54.00070,-192.00000
0.19249,0.19183,0.18723,0.18558,0.18920,0.19742,0.19874,0.19183,0.19479,0.19315,0.00107,-0.00386,0.00272,-0.00485,0.00008,-54.00070,-191.00000
0.18690,0.19512,0.18098,0.19479,0.19710,0.19578,0.19644,0.20104,0.19348,0.19479,-0.00090,0.00206,-0.00025,0.00239,-0.00222,-53.58971,-190.00000
0.18493,0.19381,0.18822,0.19118,0.18789,0.19874,0.19381,0.19512,0.19611,0.19545,0.00239,-0.00222,-0.00222,-0.00025,0.00206,-53.58971,-189.00000
0.19118,0.18690,0.18789,0.19183,0.18526,0.19874,0.19775,0.19644,0.19611,0.19677,0.00206,0.00107,0.00140,-0.00353,-0.00090,-54.77825,-188.00000
0.18920,0.18854,0.18591,0.19315,0.18394,0.19677,0.19150,0.19677,0.19611,0.20335,-0.00452,-0.00452,0.00370,-0.00222,-0.00288,-54.77825,-187.00000
0.19019,0.18657,0.19150,0.18328,0.19216,0.19644,0.19578,0.19414,0.19710,0.19446,0.00337,-0.00057,-0.00255,0.00370,0.00173,-54.53024,-186.00000
0.18756,0.19249,0.18822,0.18986,0.19578,0.19414,0.19479,0.19775,0.19874,0.19479,-0.00025,-0.00189,-0.00123,-0.00025,0.00337,-54.53024,-185.00000
0.18394,0.19085,0.19414,0.19052,0.18953,0.19677,0.19907,0.19742,0.19742,0.19414,0.00403,0.00272,-0.00222,-0.00255,0.00074,-54.19139,-184.00000
0.19183,0.18262,0.19183,0.18953,0.18131,0.19381,0.19611,0.19644,0.19611,0.20038,0.00206,-0.00025,0.00304,0.00107,-0.00025,-54.19139,-183.00000
0.18789,0.18657,0.18591,0.18789,0.19644,0.20038,0.19611,0.19414,0.19677,0.20104,0.00107,-0.00386,-0.00090,0.00173,-0.00222,-53.32372,-182.00000
0.19611,0.18526,0.19216,0.19381,0.18887,0.19512,0.19512,0.19940,0.19940,0.19677,0.00206,-0.00057,0.00370,-0.00156,-0.00025,-53.32372,-181.00000
0.19249,0.18887,0.18822,0.19282,0.19150,0.20137,0.19315,0.20038,0.19775,0.19578,-0.00156,0.00008,-0.00485,0.00041,-0.00321,-52.80200,-180.00000
0.19052,0.18854,0.18723,0.19446,0.18854,0.19414,0.20104,0.19742,0.19446,0.19841,0.00041,0.00074,-0.00123,-0.00321,0.00140,-52.80200,-179.00000
0.18427,0.18822,0.19216,0.18854,0.18887,0.19775,0.19611,0.19808,0.19907,0.19545,-0.00025,-0.00288,-0.00222,-0.00321,0.00173,-52.60461,-178.00000
0.18657,0.19282,0.18887,0.19446,0.19414,0.19315,0.19808,0.20038,0.19841,0.19611,-0.00025,-0.00386,-0.00321,0.00107,0.00074,-52.60461,-177.00000
0.19052,0.18920,0.18822,0.18887,0.19282,0.19841,0.19677,0.19479,0.19742,0.19808,0.00206,-0.00189,-0.00419,0.00074,-0.00057,-52.23248,-176.00000
0.20006,0.18690,0.19183,0.18953,0.19446,0.19183,0.19940,0.19841,0.19710,0.19710,0.00107,-0.00419,0.00140,0.00173,0.00041,-52.23248,-175.00000
0.19150,0.19249,0.19348,0.18756,0.19052,0.19578,0.20203,0.19742,0.20038,0.19808,0.00140,0.00041,0.00140,-0.00419,-0.00025,-52.21976,-174.00000
0.19052,0.19414,0.19414,0.19019,0.18854,0.19446,0.19808,0.19545,0.19677,0.19775,0.00140,-0.00222,-0.00485,-0.00057,-0.00189,-52.21976,-173.00000
0.19216,0.18854,0.19282,0.19249,0.19052,0.19841,0.19611,0.19512,0.19940,0.19874,-0.00189,-0.00222,-0.00551,-0.00452,-0.00123,-51.61769,-172.00000
0.19150,0.19710,0.18953,0.19085,0.19315,0.19085,0.19742,0.19742,0.19545,0.19874,0.00107,-0.00189,0.00370,0.00140,-0.00419,-51.61769,-171.00000
0.19118,0.19677,0.19118,0.19479,0.19249,0.19742,0.19710,0.19578,0.19512,0.19545,0.00206,0.00107,0.00173,-0.00321,0.00206,-51.37281,-170.00000
0.19118,0.19282,0.18394,0.19907,0.19578,0.19381,0.19677,0.19446,0.19611,0.19973,-0.00057,0.00074,0.00008,0.00041,-0.00090,-51.37281,-169.00000
0.19644,0.19644,0.18986,0.19479,0.19348,0.19710,0.19644,0.19611,0.19710,0.19348,-0.00189,-0.00025,0.00074,-0.00057,0.00206,-51.78748,-168.00000
0.19183,0.19446,0.19019,0.19183,0.18920,0.19611,0.19578,0.19381,0.19874,0.19808,-0.00617,0.00107,0.00107,-0.00123,0.00173,-51.78748,-167.00000
0.19249,0.18953,0.20006,0.19118,0.18789,0.19874,0.19578,0.19611,0.19512,0.19118,0.00436,0.00140,-0.00025,-0.00386,0.00403,-50.29560,-166.00000
0.19578,0.19150,0.19183,0.19085,0.19282,0.19446,0.19808,0.19479,0.19611,0.19611,-0.00288,-0.00189,-0.00288,-0.00057,-0.00255,-50.29560,-165.00000
0.19479,0.19381,0.18953,0.18624,0.18887,0.19644,0.20038,0.19446,0.19479,0.19710,-0.00485,-0.00123,-0.00255,0.00173,-0.00222,-48.40219,-164.00000
0.19052,0.19348,0.19249,0.19446,0.18854,0.19249,0.19479,0.19512,0.19315,0.19216,0.00140,0.00041,-0.00090,-0.00025,0.00008,-48.40219,-163.00000
0.19611,0.18526,0.19446,0.19085,0.19315,0.19512,0.19414,0.19742,0.19808,0.19545,-0.00025,0.00173,-0.00123,-0.00025,0.00272,-46.89153,-162.00000
0.18953,0.19808,0.19348,0.19348,0.19348,0.19677,0.19611,0.19545,0.19282,0.19381,0.00008,0.00107,-0.00123,0.00008,0.00107,-46.89153,-161.00000
0.19644,0.19216,0.19644,0.19183,0.19348,0.19545,0.19446,0.19019,0.19348,0.19381,0.00041,-0.00156,-0.00025,-0.00321,-0.00255,-48.90475,-160.00000
0.18756,0.19710,0.19085,0.19414,0.19479,0.20104,0.19348,0.19874,0.19118,0.19545,-0.00222,-0.00156,-0.00156,-0.00386,-0.00288,-48.90475,-159.00000
0.19150,0.19315,0.19742,0.19249,0.19611,0.19249,0.19545,0.19775,0.19381,0.19512,0.00041,-0.00025,-0.00156,0.00173,0.00173,-50.89524,-158.00000
0.19841,0.19644,0.19052,0.19742,0.18887,0.19019,0.19216,0.19578,0.19578,0.19348,-0.00123,0.00370,0.00008,0.00140,0.00074,-50.89524,-157.00000
0.19578,0.19216,0.20104,0.20203,0.19183,0.19315,0.19710,0.19611,0.19512,0.19742,-0.00123,-0.00090,-0.00123,-0.00189,-0.00057,-52.32506,-156.00000
0.19808,0.19019,0.19742,0.19249,0.19150,0.19545,0.19282,0.19118,0.19874,0.19775,-0.00353,0.00074,-0.00025,-0.00057,-0.00025,-52.32506,-155.00000
0.19381,0.19611,0.19414,0.19052,0.18986,0.19578,0.19479,0.19348,0.19446,0.19216,-0.00025,0.00206,0.00140,-0.00123,0.00140,-52.09027,-154.00000
0.18460,0.18920,0.19282,0.19742,0.19183,0.19907,0.19907,0.19677,0.19611,0.18953,-0.00156,-0.00123,-0.00090,0.00206,-0.00025,-52.09027,-153.00000
0.19677,0.19578,0.19348,0.19479,0.19940,0.19677,0.19973,0.19150,0.19348,0.19545,-0.00156,-0.00090,0.00107,-0.00123,-0.00090,-52.19992,-152.00000
0.19644,0.19479,0.19249,0.19578,0.19874,0.19315,0.19414,0.19446,0.19545,0.19578,-0.00288,0.00140,-0.00222,-0.00090,-0.00156,-52.19992,-151.00000
0.19446,0.19710,0.19677,0.19545,0.19019,0.19479,0.19479,0.19611,0.19808,0.19479,-0.00189,0.00041,-0.00025,0.00173,-0.00222,-52.25963,-150.00000
0.18789,0.19578,0.20236,0.19315,0.19052,0.19578,0.19512,0.19545,0.19742,0.19611,0.00502,-0.00255,-0.00386,0.00370,0.00107,-52.25963,-149.00000
0.19479,0.18986,0.19479,0.19742,0.20236,0.19710,0.19611,0.19808,0.19512,0.19841,-0.00156,0.00304,-0.00288,0.00041,0.00173,-51.69622,-148.00000
0.19150,0.19315,0.19973,0.19775,0.19874,0.19414,0.19118,0.19249,0.18789,0.19512,-0.00090,-0.00156,-0.00255,0.00041,0.00008,-51.69622,-147.00000
0.19512,0.18920,0.19282,0.19874,0.19150,0.19249,0.19578,0.19512,0.19973,0.19446,0.00107,0.00173,0.00041,-0.00090,-0.00222,-52.21286,-146.00000
0.19775,0.19479,0.19841,0.19874,0.19414,0.19183,0.19479,0.20071,0.19348,0.19710,-0.00090,0.00436,-0.00321,-0.00386,-0.00057,-52.21286,-145.00000
0.19414,0.19940,0.19019,0.19578,0.19150,0.19940,0.20203,0.19775,0.19348,0.19414,0.00206,0.00041,0.00041,-0.00123,-0.00156,-52.08299,-144.00000
0.19545,0.19545,0.19907,0.19249,0.19644,0.19479,0.19742,0.19677,0.19446,0.19414,0.00436,-0.00057,-0.00255,0.00074,-0.00090,-52.08299,-143.00000
0.19644,0.19249,0.20203,0.19907,0.19742,0.19446,0.19512,0.19710,0.19611,0.19742,0.00041,-0.00057,0.00173,-0.00025,0.00140,-52.14501,-142.00000
0.19249,0.19545,0.19677,0.19874,0.19545,0.19479,0.19841,0.19512,0.19578,0.19578,-0.00057,0.00008,-0.00485,-0.00123,-0.00156,-52.14501,-141.00000
0.19611,0.20006,0.18920,0.19742,0.19644,0.19118,0.19183,0.19315,0.19545,0.19611,-0.00419,0.00469,-0.00123,0.00403,-0.00123,-51.54614,-140.00000
0.20038,0.18854,0.20335,0.19512,0.19940,0.19742,0.19512,0.19118,0.19446,0.19808,0.00041,0.00239,-0.00057,-0.00189,-0.00156,-51.54614,-139.00000
0.19808,0.20006,0.19808,0.19381,0.19808,0.19644,0.19512,0.19710,0.19381,0.19414,0.00140,0.00041,-0.00321,-0.00321,-0.00123,-51.91321,-138.00000
0.19348,0.19578,0.19907,0.20071,0.19611,0.19446,0.19545,0.19249,0.19644,0.19150,-0.00123,0.00008,0.00074,-0.00057,0.00272,-51.91321,-137.00000
0.19940,0.19940,0.19479,0.19775,0.19907,0.19940,0.19775,0.19644,0.19545,0.19414,0.00304,0.00074,0.00370,-0.00057,-0.00321,-52.96588,-136.00000
0.19907,0.19973,0.19381,0.20006,0.19973,0.19808,0.19677,0.19611,0.19545,0.19479,-0.00156,0.00008,-0.00057,-0.00156,0.00370,-52.96588,-135.00000
0.19742,0.20038,0.19775,0.19249,0.19414,0.19677,0.19348,0.19216,0.19611,0.19348,-0.00057,-0.00419,0.00239,-0.00057,-0.00123,-53.32620,-134.00000
0.19512,0.19710,0.20006,0.20170,0.19545,0.19249,0.19512,0.19578,0.19578,0.19644,-0.00156,-0.00222,-0.00189,-0.00057,0.00272,-53.32620,-133.00000
0.19940,0.19742,0.20236,0.19578,0.19742,0.19578,0.19841,0.19545,0.19118,0.19381,-0.00025,0.00403,0.00272,0.00140,-0.00123,-54.12160,-132.00000
0.19973,0.20170,0.19710,0.19775,0.19940,0.19677,0.19644,0.19907,0.19150,0.19216,0.00041,-0.00090,-0.00222,-0.00288,-0.00288,-54.12160,-131.00000
0.19940,0.20038,0.19512,0.20006,0.19512,0.19249,0.19841,0.19282,0.20006,0.19446,-0.00189,-0.00025,0.00074,-0.00189,0.00173,-53.69166,-130.00000
0.19611,0.20433,0.19578,0.20137,0.19874,0.19446,0.19578,0.19644,0.19710,0.19216,0.00206,-0.00386,-0.00123,-0.00353,-0.00518,-53.69166,-129.00000
0.19808,0.19808,0.19710,0.20137,0.20236,0.19808,0.19973,0.19578,0.19348,0.19381,-0.00386,-0.00189,-0.00090,-0.00288,0.00041,-53.43518,-128.00000
0.19479,0.19775,0.20071,0.19644,0.20137,0.19512,0.19282,0.19216,0.19348,0.19808,-0.00090,-0.00222,-0.00452,0.00041,0.00008,-53.43518,-127.00000
0.20335,0.19775,0.19742,0.20400,0.19775,0.19808,0.19611,0.19907,0.19512,0.19118,-0.00156,-0.00090,-0.00255,0.00140,-0.00057,-54.40314,-126.00000
0.20400,0.20203,0.20302,0.19940,0.19907,0.19216,0.19940,0.19315,0.19282,0.19414,-0.00123,0.00008,-0.00123,-0.00255,0.00173,-54.40314,-125.00000
0.20170,0.20170,0.19677,0.20104,0.19249,0.19479,0.19249,0.19150,0.19907,0.19578,-0.00156,0.00107,-0.00222,-0.00057,-0.00288,-53.55899,-124.00000
0.19841,0.20104,0.19808,0.20071,0.20071,0.19512,0.19249,0.19512,0.19940,0.19446,-0.00025,0.00074,-0.00025,-0.00090,0.00206,-53.55899,-123.00000
0.19710,0.19775,0.20236,0.19611,0.20598,0.19841,0.19611,0.19216,0.19545,0.19414,-0.00452,-0.00057,0.00107,0.00008,0.00074,-52.92207,-122.00000
0.20433,0.20236,0.20466,0.19282,0.20367,0.19644,0.19775,0.19578,0.19907,0.19052,0.00502,0.00008,0.00206,0.00140,0.00239,-52.92207,-121.00000
0.19841,0.19381,0.20269,0.20203,0.20565,0.19479,0.19808,0.19545,0.19973,0.19973,0.00239,0.00008,-0.00057,0.00337,0.00107,-52.68906,-120.00000
0.20038,0.19973,0.20302,0.20269,0.20038,0.19446,0.19677,0.20137,0.19446,0.19512,0.00272,-0.00057,0.00140,0.00107,-0.00123,-52.68906,-119.00000
0.19808,0.19940,0.20762,0.20170,0.20302,0.19381,0.19183,0.19677,0.19742,0.19775,0.00107,-0.00255,-0.00025,0.00239,0.00140,-52.46758,-118.00000
0.19644,0.20203,0.19512,0.19611,0.20038,0.19512,0.19348,0.19348,0.19710,0.19479,-0.00057,0.00206,0.00600,0.00008,-0.00090,-52.46758,-117.00000
0.20236,0.19907,0.20565,0.19808,0.19775,0.19578,0.19249,0.20137,0.19578,0.19085,0.00074,0.00239,0.00272,-0.00057,-0.00255,-52.24697,-116.00000
0.20071,0.19973,0.20170,0.20335,0.19775,0.19644,0.19414,0.19315,0.19841,0.19775,-0.00057,-0.00156,0.00074,-0.00156,-0.00057,-52.24697,-115.00000
0.19907,0.20663,0.20466,0.20729,0.19940,0.19710,0.19907,0.19446,0.19742,0.19282,-0.00090,0.00239,-0.00090,-0.00386,0.00008,-53.00581,-114.00000
0.20466,0.19611,0.20499,0.21058,0.19841,0.19545,0.19512,0.19808,0.19479,0.19907,-0.00386,0.00140,-0.00090,-0.00222,-0.00222,-53.00581,-113.00000
0.19446,0.20236,0.19808,0.20400,0.20006,0.19841,0.19644,0.19644,0.19742,0.19414,0.00107,0.00008,-0.00090,-0.00025,-0.00025,-53.72459,-112.00000
0.20400,0.20466,0.20269,0.20433,0.20499,0.19808,0.19677,0.19742,0.19874,0.19216,-0.00353,0.00272,0.00107,-0.00090,0.00041,-53.72459,-111.00000
0.20400,0.20598,0.20137,0.20203,0.20137,0.19973,0.19479,0.19973,0.19644,0.19710,0.00074,-0.00255,-0.00057,0.00041,-0.00057,-53.47850,-110.00000
0.20038,0.20104,0.20565,0.20038,0.20795,0.19545,0.19578,0.19183,0.19578,0.19611,0.00074,-0.00090,-0.00090,0.00272,-0.00189,-53.47850,-109.00000
0.20137,0.19808,0.20071,0.20532,0.20038,0.19841,0.19282,0.19775,0.19940,0.19315,0.00272,-0.00156,0.00008,0.00173,0.00041,-53.74853,-108.00000
0.20071,0.20598,0.19512,0.20038,0.19775,0.20170,0.19742,0.19611,0.19742,0.19381,-0.00452,-0.00255,0.00041,0.00074,0.00140,-53.74853,-107.00000
0.19775,0.20367,0.20795,0.20433,0.20400,0.19940,0.19611,0.19446,0.19808,0.19183,0.00041,-0.00189,0.00008,0.00337,0.00140,-54.29126,-106.00000
0.20170,0.20400,0.19874,0.20400,0.20071,0.20038,0.19677,0.19282,0.19677,0.19512,-0.00025,-0.00025,-0.00189,0.00074,-0.00057,-54.29126,-105.00000
0.20466,0.20532,0.20433,0.20203,0.20696,0.19775,0.19710,0.19710,0.19775,0.19808,0.00107,-0.00123,-0.00123,0.00008,-0.00025,-53.89368,-104.00000
0.19940,0.19710,0.20663,0.19841,0.20236,0.19512,0.19249,0.19677,0.19183,0.19710,0.00107,0.00041,-0.00156,-0.00025,0.00272,-53.89368,-103.00000
0.20006,0.20170,0.20236,0.20631,0.19348,0.19446,0.19808,0.19414,0.19578,0.19841,0.00074,-0.00123,0.00206,-0.00649,-0.00090,-54.02203,-102.00000
0.20071,0.19874,0.20236,0.20499,0.19775,0.19710,0.19282,0.19512,0.19545,0.19677,0.00337,-0.00156,0.00041,-0.00288,0.00206,-54.02203,-101.00000
0.20400,0.20203,0.20433,0.19841,0.20400,0.19348,0.19545,0.19940,0.19644,0.19808,-0.00222,0.00370,-0.00090,-0.00288,-0.00090,-53.96658,-100.00000
0.19907,0.20532,0.20367,0.20367,0.20729,0.19578,0.19381,0.19446,0.19644,0.19940,0.00469,0.00074,-0.00222,-0.00353,0.00140,-53.96658,-99.00000
0.19808,0.20828,0.20104,0.19874,0.20795,0.19183,0.19578,0.19414,0.19710,0.19479,0.00304,-0.00156,-0.00255,0.00206,-0.00090,-53.71181,-98.00000
0.19973,0.20565,0.20170,0.20203,0.20631,0.19348,0.19216,0.19512,0.19874,0.19578,-0.00057,0.00008,-0.00057,0.00107,-0.00123,-53.71181,-97.00000
0.20466,0.21091,0.20433,0.20894,0.19808,0.19841,0.19446,0.18756,0.19381,0.19216,0.00041,-0.00025,-0.00123,0.00041,-0.00156,-54.10932,-96.00000
0.20400,0.20598,0.19874,0.19973,0.20499,0.19315,0.19348,0.19808,0.19578,0.19907,0.00008,0.00074,-0.00288,-0.00090,0.00008,-54.10932,-95.00000
0.19710,0.20663,0.20137,0.20203,0.20038,0.19940,0.19479,0.19249,0.19545,0.19710,-0.00156,0.00140,0.00074,0.00140,0.00074,-53.19724,-94.00000
0.20203,0.20433,0.20696,0.20631,0.19512,0.19282,0.19578,0.19118,0.19479,0.19512,0.00074,0.00337,-0.00057,-0.00288,0.00041,-53.19724,-93.00000
0.20696,0.20400,0.20795,0.20236,0.20367,0.19677,0.19512,0.19545,0.19841,0.19348,-0.00288,-0.00189,-0.00321,-0.00255,-0.00057,-52.71434,-92.00000
0.20236,0.20269,0.20598,0.19841,0.20663,0.19512,0.19019,0.19874,0.19841,0.19183,-0.00156,0.00008,-0.00222,0.00008,0.00140,-52.71434,-91.00000
0.20367,0.19644,0.20532,0.19874,0.20302,0.19282,0.19545,0.19085,0.19710,0.19019,0.00107,0.00008,-0.00090,-0.00156,-0.00090,-52.56811,-90.00000
0.20499,0.20499,0.20466,0.20006,0.20762,0.19808,0.19710,0.19348,0.19512,0.19479,-0.00025,-0.00617,0.00074,-0.00189,0.00041,-52.56811,-89.00000
0.20302,0.20104,0.20466,0.20466,0.20565,0.18822,0.19677,0.19414,0.19874,0.19150,-0.00156,0.00041,-0.00090,-0.00222,-0.00353,-52.38757,-88.00000
0.20170,0.20466,0.20959,0.20565,0.20269,0.19677,0.19841,0.19282,0.19348,0.19052,-0.00057,-0.00090,-0.00156,-0.00025,0.00272,-52.38757,-87.00000
0.20400,0.20532,0.20992,0.21157,0.20861,0.19644,0.19479,0.19381,0.20071,0.19315,0.00074,0.00074,0.00107,-0.00321,0.00008,-52.76849,-86.00000
0.20959,0.20071,0.20598,0.20663,0.19907,0.19710,0.19282,0.19479,0.19973,0.19414,-0.00255,-0.00189,-0.00321,-0.00025,-0.00321,-52.76849,-85.00000
0.20104,0.20236,0.20104,0.20565,0.20236,0.19381,0.19578,0.19118,0.19282,0.19446,-0.00222,0.00370,-0.00156,-0.00452,0.00140,-52.65622,-84.00000
0.21288,0.20565,0.19907,0.20532,0.20499,0.19249,0.19742,0.19381,0.19710,0.19414,0.00337,-0.00090,-0.00452,0.00074,-0.00057,-52.65622,-83.00000
0.19775,0.20663,0.20631,0.20696,0.20828,0.19414,0.19512,0.19644,0.20071,0.19644,-0.00386,-0.00189,-0.00057,0.00074,0.00337,-52.17772,-82.00000
0.20631,0.20269,0.20236,0.21025,0.20795,0.19446,0.19808,0.19183,0.19348,0.19578,-0.00156,-0.00123,-0.00222,-0.00090,0.00074,-52.17772,-81.00000
0.21124,0.20532,0.20598,0.20762,0.20795,0.19150,0.19381,0.19545,0.19315,0.19611,-0.00189,-0.00189,-0.00156,-0.00353,-0.00057,-52.74657,-80.00000
0.20269,0.21650,0.20269,0.20565,0.20565,0.19775,0.19578,0.19775,0.19512,0.19479,-0.00090,-0.00123,-0.00288,-0.00090,-0.00057,-52.74657,-79.00000
0.21058,0.21223,0.20038,0.20598,0.20631,0.19611,0.19479,0.20137,0.19644,0.19282,0.00403,-0.00123,0.00239,0.00337,0.00008,-53.28491,-78.00000
0.20959,0.20565,0.21091,0.21157,0.20269,0.19874,0.19907,0.19578,0.19775,0.18953,-0.00025,0.00107,-0.00255,-0.00255,-0.00025,-53.28491,-77.00000
0.21058,0.20729,0.20631,0.19940,0.20992,0.19446,0.18953,0.19644,0.19611,0.19940,-0.00321,-0.00156,0.00041,0.00502,-0.00156,-53.90075,-76.00000
0.20269,0.20466,0.20565,0.20729,0.20532,0.19841,0.19578,0.19479,0.19545,0.19282,-0.00156,0.00107,0.00008,0.00041,0.00140,-53.90075,-75.00000
0.20696,0.20927,0.20236,0.20400,0.20565,0.19841,0.19315,0.20137,0.19479,0.19381,0.00074,-0.00518,0.00173,-0.00123,-0.00025,-53.65692,-74.00000
0.21091,0.20006,0.20992,0.21190,0.20828,0.19578,0.19512,0.19578,0.19446,0.19282,0.00173,-0.00057,-0.00255,-0.00025,0.00239,-53.65692,-73.00000
0.20598,0.21025,0.20400,0.21091,0.20433,0.19348,0.19414,0.20006,0.19512,0.19644,-0.00156,0.00074,-0.00057,-0.00189,-0.00189,-54.05502,-72.00000
0.20959,0.20663,0.20696,0.20762,0.21486,0.19578,0.19085,0.19644,0.19348,0.20203,0.00239,-0.00123,-0.00189,0.00074,0.00239,-54.05502,-71.00000
0.20598,0.20729,0.20631,0.20631,0.21091,0.19611,0.19150,0.19940,0.19512,0.19907,0.00008,0.00370,0.00173,0.00041,-0.00419,-53.45085,-70.00000
0.20828,0.20598,0.21486,0.20335,0.20137,0.19545,0.19512,0.19742,0.19512,0.19282,0.00173,0.00008,0.00239,-0.00386,0.00206,-53.45085,-69.00000
0.20532,0.20269,0.20894,0.20302,0.21255,0.20006,0.19150,0.19841,0.19512,0.19907,-0.00025,0.00074,0.00140,-0.00189,-0.00123,-54.04964,-68.00000
0.20433,0.20565,0.21223,0.20466,0.20992,0.19611,0.19249,0.19348,0.19677,0.19578,0.00469,-0.00156,0.00107,0.00304,-0.00715,-54.04964,-67.00000
0.20367,0.21157,0.20631,0.20631,0.20038,0.19446,0.19874,0.19973,0.19446,0.19315,-0.00057,0.00140,-0.00321,0.00140,-0.00090,-53.92912,-66.00000
0.20203,0.20762,0.20762,0.20861,0.20367,0.19348,0.19446,0.19644,0.19578,0.19348,0.00140,0.00337,0.00173,0.00403,-0.00386,-53.92912,-65.00000
0.20598,0.21321,0.20137,0.21288,0.20828,0.19545,0.19348,0.19578,0.19644,0.19545,-0.00419,0.00008,0.00140,-0.00518,-0.00057,-53.47335,-64.00000
0.20696,0.20894,0.20466,0.21091,0.21124,0.19414,0.19381,0.19479,0.20038,0.20006,-0.00189,0.00008,0.00008,0.00107,0.00304,-53.47335,-63.00000
0.20795,0.20729,0.20927,0.20795,0.20762,0.19479,0.19381,0.19381,0.19150,0.19940,-0.00090,0.00107,-0.00288,0.00107,0.00107,-52.64488,-62.00000
0.20335,0.20927,0.20729,0.20959,0.20400,0.19348,0.19808,0.19479,0.19677,0.19414,-0.00189,0.00041,0.00140,-0.00255,0.00107,-52.64488,-61.00000
0.20466,0.20335,0.20433,0.21223,0.21025,0.19742,0.19545,0.19545,0.19808,0.19414,-0.00025,-0.00156,-0.00255,-0.00156,0.00272,-52.27215,-60.00000
0.20565,0.20729,0.20729,0.20861,0.20433,0.19808,0.19578,0.19414,0.19348,0.19019,-0.00222,-0.00156,-0.00222,-0.00386,0.00239,-52.27215,-59.00000
0.21453,0.20696,0.20828,0.21255,0.20861,0.19611,0.19479,0.19446,0.19644,0.19512,0.00008,-0.00123,0.00206,0.00074,-0.00189,-52.19564,-58.00000
0.21091,0.20894,0.20959,0.21124,0.20006,0.19381,0.19611,0.19545,0.19512,0.19512,-0.00025,-0.00156,-0.00123,0.00074,0.00206,-52.19564,-57.00000
0.20038,0.21321,0.20729,0.20894,0.20532,0.20038,0.19578,0.19611,0.19446,0.19183,0.00140,-0.00255,-0.00353,-0.00025,-0.00090,-51.89372,-56.00000
0.21091,0.21683,0.20762,0.20466,0.20861,0.19446,0.19545,0.20038,0.20170,0.19315,-0.00156,-0.00485,0.00140,-0.00321,0.00008,-51.89372,-55.00000
0.21288,0.20762,0.21025,0.20466,0.20631,0.19644,0.19479,0.20006,0.20269,0.19677,0.00074,0.00041,0.00107,-0.00288,-0.00057,-52.12606,-54.00000
0.21157,0.20795,0.20762,0.20532,0.20565,0.19808,0.19512,0.19282,0.19446,0.18887,-0.00255,-0.00025,0.00008,-0.00025,-0.00288,-52.12606,-53.00000
0.20828,0.21058,0.20532,0.21058,0.20499,0.19052,0.20104,0.19512,0.19414,0.19808,-0.00353,0.00041,0.00074,-0.00123,-0.00189,-52.82572,-52.00000
0.20631,0.21288,0.20565,0.21190,0.20663,0.19578,0.19249,0.19249,0.20006,0.19479,0.00140,-0.00090,0.00041,-0.00321,-0.00353,-52.82572,-51.00000
0.21683,0.21124,0.20795,0.21716,0.20828,0.19907,0.19742,0.20400,0.19710,0.20006,-0.00288,-0.00090,-0.00321,0.00008,-0.00288,-52.74831,-50.00000
0.20565,0.20828,0.20335,0.20959,0.20663,0.19414,0.19216,0.19249,0.19348,0.19315,-0.00123,-0.00090,-0.00386,-0.00222,0.00173,-52.74831,-49.00000
0.20598,0.21124,0.20828,0.20828,0.20959,0.19940,0.19545,0.19644,0.19315,0.19545,-0.00452,-0.00321,0.00074,0.00074,0.00107,-53.69837,-48.00000
0.21782,0.20565,0.20663,0.20170,0.21190,0.19677,0.19315,0.19183,0.19644,0.19183,-0.00584,-0.00156,-0.00222,-0.00353,0.00041,-53.69837,-47.00000
0.20828,0.20170,0.21091,0.21091,0.21025,0.19315,0.19446,0.19150,0.19578,0.19644,-0.00025,-0.00025,-0.00090,0.00239,0.00107,-54.05866,-46.00000
0.20762,0.21255,0.21058,0.21157,0.20696,0.19808,0.19611,0.19578,0.18953,0.19907,0.00272,-0.00156,-0.00025,-0.00288,-0.00189,-54.05866,-45.00000
0.20894,0.20992,0.20696,0.20466,0.20532,0.19019,0.19841,0.19479,0.19874,0.19611,0.00041,-0.00222,-0.00025,0.00206,0.00008,-55.06888,-44.00000
0.20565,0.21288,0.21025,0.20631,0.20696,0.19644,0.19940,0.19644,0.19183,0.19742,-0.00025,0.00041,-0.00255,0.00041,0.00107,-55.06888,-43.00000
0.20861,0.20828,0.20795,0.20992,0.20565,0.19611,0.19545,0.19315,0.19282,0.19644,-0.00386,0.00074,0.00074,0.00107,0.00041,-55.00514,-42.00000
0.20894,0.21255,0.20729,0.20762,0.21025,0.19578,0.19742,0.19216,0.19512,0.19381,-0.00288,-0.00090,0.00206,0.00173,-0.00222,-55.00514,-41.00000
0.21288,0.21519,0.21223,0.21255,0.21124,0.19841,0.19118,0.18920,0.19512,0.20071,0.00107,-0.00090,-0.00419,-0.00222,-0.00025,-53.69642,-40.00000
0.20466,0.21288,0.21223,0.21551,0.21584,0.19414,0.19775,0.18822,0.18986,0.19150,0.00173,0.00041,-0.00025,0.00107,0.00041,-53.69642,-39.00000
0.20795,0.21091,0.21091,0.20400,0.21354,0.19742,0.19677,0.19381,0.19282,0.19249,0.00173,-0.00025,-0.00288,-0.00123,-0.00288,-53.75739,-38.00000
0.21025,0.21519,0.21255,0.20992,0.21815,0.20203,0.19414,0.19512,0.19907,0.19808,-0.00518,-0.00321,0.00140,0.00041,-0.00156,-53.75739,-37.00000
0.21157,0.21223,0.20598,0.21519,0.21584,0.19381,0.19644,0.19512,0.19611,0.19644,-0.00025,0.00304,-0.00222,0.00107,0.00107,-52.76981,-36.00000
0.20269,0.21091,0.21025,0.20927,0.20992,0.19742,0.19249,0.19381,0.19315,0.19446,0.00041,-0.00255,-0.00090,0.00107,0.00239,-52.76981,-35.00000
0.20631,0.21091,0.20861,0.20795,0.21255,0.19611,0.19611,0.19512,0.19348,0.19578,0.00041,-0.00353,0.00008,0.00206,-0.00189,-53.02553,-34.00000
0.21321,0.20894,0.21321,0.20959,0.21025,0.19710,0.19578,0.19282,0.20269,0.19118,-0.00090,-0.00288,0.00173,-0.00288,-0.00090,-53.02553,-33.00000
0.20861,0.20992,0.20598,0.21584,0.21420,0.20104,0.19479,0.19611,0.19677,0.19775,-0.00057,0.00239,0.00107,0.00140,0.00239,-52.40144,-32.00000
0.21223,0.20729,0.21058,0.20729,0.21584,0.19348,0.19545,0.19315,0.19841,0.19183,0.00074,-0.00025,0.00140,-0.00288,-0.00090,-52.40144,-31.00000
0.20499,0.21519,0.21223,0.21091,0.21584,0.19479,0.19578,0.19216,0.19545,0.19545,-0.00353,-0.00025,-0.00353,0.00074,-0.00025,-51.58646,-30.00000
0.21190,0.21354,0.21387,0.21190,0.21354,0.19874,0.20071,0.19677,0.19545,0.19874,-0.00255,-0.00288,0.00173,0.00074,-0.00025,-51.58646,-29.00000
0.21223,0.21584,0.21157,0.21124,0.21354,0.19907,0.19907,0.19414,0.19710,0.19775,-0.00090,-0.00123,-0.00386,0.00173,-0.00156,-51.17409,-28.00000
0.20927,0.21420,0.20367,0.21584,0.21650,0.19381,0.19085,0.19479,0.19611,0.19742,-0.00189,-0.00057,0.00008,-0.00123,0.00041,-51.17409,-27.00000
0.21519,0.21223,0.21387,0.21946,0.20795,0.19216,0.19381,0.19315,0.19775,0.19775,0.00008,-0.00222,0.00272,0.00304,0.00239,-51.13148,-26.00000
0.21255,0.20894,0.21025,0.21223,0.21190,0.19348,0.20038,0.19381,0.19446,0.19282,-0.00222,0.00173,-0.00156,0.00041,-0.00255,-51.13148,-25.00000
0.21255,0.20631,0.21946,0.20894,0.20565,0.19874,0.19249,0.19216,0.19118,0.19742,0.00074,-0.00123,-0.00353,0.00140,-0.00255,-52.43341,-24.00000
0.21058,0.21387,0.20532,0.21124,0.21288,0.19742,0.19907,0.19282,0.19381,0.19578,0.00337,0.00140,-0.00090,-0.00025,-0.00057,-52.43341,-23.00000
0.21223,0.21650,0.21190,0.20861,0.21453,0.19841,0.19644,0.19940,0.18920,0.19677,0.00173,-0.00255,0.00370,0.00304,-0.00189,-52.52530,-22.00000
0.20631,0.21420,0.20499,0.21486,0.21453,0.18822,0.19545,0.19512,0.19841,0.19644,-0.00025,-0.00255,0.00008,-0.00189,0.00239,-52.52530,-21.00000
0.21486,0.20729,0.21420,0.21288,0.21223,0.19216,0.20104,0.19611,0.19183,0.19611,0.00173,0.00304,-0.00321,-0.00288,-0.00025,-54.02388,-20.00000
0.21354,0.21223,0.21025,0.21519,0.20729,0.19644,0.19381,0.19578,0.19052,0.19282,-0.00189,-0.00123,-0.00090,-0.00057,-0.00090,-54.02388,-19.00000
0.21288,0.21716,0.20959,0.20927,0.20861,0.19479,0.19512,0.19479,0.19742,0.19150,0.00041,0.00337,-0.00057,0.00074,0.00107,-53.66966,-18.00000
0.20499,0.21617,0.21420,0.21091,0.21420,0.19874,0.19446,0.19874,0.19348,0.19644,-0.00156,0.00008,0.00403,0.00041,0.00107,-53.66966,-17.00000
0.20729,0.21091,0.21091,0.21157,0.21354,0.19512,0.19677,0.19249,0.18953,0.19907,0.00206,-0.00189,0.00206,-0.00189,-0.00090,-54.39830,-16.00000
0.21288,0.21124,0.21124,0.20959,0.20894,0.19644,0.19381,0.19644,0.19644,0.19348,-0.00025,0.00008,-0.00386,-0.00123,-0.00255,-54.39830,-15.00000
0.21025,0.21420,0.20992,0.21782,0.21025,0.19216,0.19611,0.19446,0.19808,0.20071,0.00206,0.00173,0.00140,0.00140,0.00272,-55.50482,-14.00000
0.21321,0.20762,0.20992,0.21354,0.20532,0.19644,0.19512,0.19019,0.19512,0.19249,-0.00222,-0.00025,0.00041,-0.00189,0.00173,-55.50482,-13.00000
0.21223,0.20927,0.20959,0.21190,0.21584,0.19742,0.19907,0.19282,0.19677,0.19414,-0.00090,-0.00090,0.00041,0.00041,0.00502,-55.30124,-12.00000
0.20795,0.21486,0.21453,0.21354,0.21157,0.19479,0.19512,0.19512,0.19348,0.19348,0.00107,0.00074,-0.00057,0.00173,0.00272,-55.30124,-11.00000
0.20631,0.21255,0.21091,0.21354,0.21288,0.19479,0.19611,0.19249,0.19249,0.19578,0.00140,0.00041,-0.00189,-0.00222,-0.00551,-54.04710,-10.00000
0.21551,0.21058,0.21321,0.20795,0.20861,0.19315,0.19315,0.19282,0.19611,0.19742,-0.00057,-0.00057,-0.00353,0.00041,-0.00057,-54.04710,-9.00000
0.20959,0.20302,0.21453,0.21190,0.20795,0.19677,0.19841,0.19512,0.19973,0.19512,0.00173,0.00041,-0.00321,-0.00090,0.00140,-53.06847,-8.00000
0.21913,0.20795,0.21519,0.21190,0.21223,0.19512,0.19742,0.19150,0.19545,0.19841,-0.00255,0.00008,0.00206,0.00140,0.00370,-53.06847,-7.00000
0.20959,0.20894,0.20992,0.21157,0.21453,0.19479,0.19545,0.19874,0.19578,0.19545,-0.00353,0.00107,0.00008,0.00140,-0.00255,-53.07232,-6.00000
0.20959,0.20663,0.21157,0.20861,0.21091,0.19512,0.19578,0.19710,0.19446,0.19710,0.00107,-0.00682,-0.00090,-0.00255,0.00074,-53.07232,-5.00000
0.21354,0.21124,0.21288,0.21255,0.21321,0.19710,0.19611,0.19775,0.19841,0.19414,0.00074,-0.00222,-0.00189,0.00107,-0.00090,-52.31497,-4.00000
0.21124,0.21453,0.21157,0.22341,0.21190,0.19381,0.19808,0.20170,0.19742,0.19578,0.00074,-0.00255,-0.00222,-0.00025,0.00107,-52.31497,-3.00000
0.21453,0.21091,0.21354,0.21058,0.21124,0.20038,0.19775,0.19775,0.19808,0.19742,-0.00057,0.00107,0.00173,0.00041,-0.00123,-52.41481,-2.00000
0.21453,0.21255,0.20992,0.21387,0.21255,0.19085,0.19118,0.20104,0.19414,0.19216,-0.00288,-0.00123,-0.00057,-0.00156,0.00173,-52.41481,-1.00000
0.21486,0.21157,0.21913,0.20959,0.20992,0.19414,0.19808,0.19414,0.19479,0.19611,0.00107,-0.00222,0.00173,-0.00156,-0.00156,-52.42567,0.00000
0.20631,0.21288,0.20795,0.21486,0.21255,0.19446,0.19545,0.19381,0.19150,0.19545,-0.00321,-0.00090,-0.00288,-0.00321,-0.00386,-52.42567,1.00000
0.21354,0.21387,0.20729,0.21288,0.21124,0.19479,0.19710,0.19677,0.19710,0.19578,0.00041,0.00008,-0.00452,-0.00057,0.00173,-52.10395,2.00000
0.22012,0.21190,0.21551,0.21420,0.20959,0.19677,0.19644,0.19446,0.19479,0.19841,0.00041,0.00041,0.00008,0.00074,0.00041,-52.10395,3.00000
0.21288,0.21091,0.20894,0.21255,0.21420,0.19578,0.19973,0.19841,0.19742,0.19512,0.00239,0.00041,-0.00057,0.00008,-0.00156,-52.45822,4.00000
0.21486,0.21223,0.21584,0.21650,0.21091,0.19249,0.19775,0.19348,0.19545,0.19414,-0.00057,-0.00321,0.00173,0.00239,0.00107,-52.45822,5.00000
0.21223,0.21223,0.21157,0.21486,0.21354,0.19808,0.19907,0.19512,0.19216,0.19381,0.00272,-0.00025,-0.00123,-0.00452,0.00074,-52.75987,6.00000
0.20631,0.20894,0.21354,0.21519,0.21420,0.19381,0.19841,0.19545,0.19545,0.19414,-0.00353,0.00140,0.00337,-0.00090,-0.00452,-52.75987,7.00000
0.21420,0.21223,0.21025,0.21551,0.21387,0.19775,0.19479,0.19808,0.19414,0.19118,0.00041,0.00008,0.00206,-0.00090,-0.00353,-53.07671,8.00000
0.21157,0.21584,0.21551,0.21025,0.21716,0.19348,0.19512,0.19381,0.19841,0.19348,0.00304,-0.00485,0.00107,0.00074,-0.00189,-53.07671,9.00000
0.21716,0.21880,0.21354,0.21223,0.21486,0.19315,0.19644,0.19315,0.19710,0.19216,-0.00025,0.00107,-0.00222,0.00140,0.00173,-53.33523,10.00000
0.22111,0.21519,0.21025,0.21617,0.21387,0.19348,0.19381,0.19183,0.19677,0.19578,0.00107,0.00074,0.00008,0.00206,0.00008,-53.33523,11.00000
0.21091,0.21519,0.21255,0.21453,0.21058,0.19775,0.19348,0.19479,0.19512,0.19479,-0.00090,-0.00222,-0.00156,-0.00189,0.00008,-53.83314,12.00000
0.21519,0.21124,0.21354,0.21190,0.21255,0.19446,0.19085,0.20038,0.19907,0.19315,0.00206,0.00140,0.00107,-0.00222,0.00107,-53.83314,13.00000
0.21683,0.21223,0.21223,0.21387,0.21387,0.19446,0.19479,0.19249,0.19479,0.19874,-0.00551,-0.00090,-0.00025,-0.00156,-0.00123,-54.91706,14.00000
0.21420,0.21453,0.21223,0.21716,0.21716,0.19677,0.19808,0.19874,0.19742,0.19348,-0.00090,0.00074,-0.00189,0.00074,-0.00123,-54.91706,15.00000
0.21584,0.21420,0.21749,0.21617,0.21617,0.19907,0.19446,0.19282,0.19545,0.19414,0.00304,0.00140,-0.00321,-0.00288,0.00107,-54.38968,16.00000
0.20696,0.21519,0.21749,0.21223,0.21453,0.19446,0.19479,0.19249,0.19808,0.19249,0.00041,0.00173,-0.00222,-0.00255,0.00206,-54.38968,17.00000
0.21617,0.21617,0.21255,0.21420,0.21815,0.20137,0.19611,0.19414,0.19282,0.19512,0.00008,0.00074,-0.00189,0.00107,-0.00025,-54.04054,18.00000
0.21683,0.22242,0.20696,0.21453,0.21683,0.19315,0.19019,0.19808,0.19677,0.19677,0.00107,0.00206,0.00173,-0.00189,0.00337,-54.04054,19.00000
0.21321,0.21190,0.21387,0.21288,0.21321,0.20071,0.19578,0.18887,0.19512,0.19742,-0.00386,0.00173,0.00107,-0.00255,0.00140,-52.85767,20.00000
0.21716,0.21420,0.21453,0.21519,0.21420,0.19479,0.19808,0.19512,0.19677,0.19808,0.00107,0.00041,0.00239,-0.00189,0.00173,-52.85767,21.00000
0.21584,0.21420,0.21749,0.21486,0.21683,0.19249,0.19414,0.19381,0.20006,0.19150,-0.00057,-0.00189,0.00107,-0.00419,0.00008,-52.48108,22.00000
0.21420,0.21157,0.21223,0.21091,0.21091,0.19381,0.19381,0.18920,0.20006,0.20137,-0.00189,-0.00057,0.00008,-0.00057,0.00239,-52.48108,23.00000
0.21025,0.21321,0.20992,0.21157,0.20894,0.20137,0.20071,0.19512,0.19808,0.19216,0.00041,0.00074,-0.00255,0.00074,-0.00222,-52.31476,24.00000
0.21091,0.21650,0.21025,0.21223,0.21979,0.19381,0.19512,0.19742,0.19249,0.19545,-0.00452,0.00107,0.00074,-0.00123,-0.00189,-52.31476,25.00000
0.21354,0.21551,0.21551,0.21551,0.21519,0.19644,0.19150,0.19710,0.19940,0.18953,-0.00057,0.00206,0.00074,-0.00189,-0.00156,-52.06558,26.00000
0.21749,0.21551,0.21420,0.21519,0.21617,0.19183,0.19742,0.19414,0.19282,0.19578,0.00140,-0.00222,0.00140,0.00206,-0.00321,-52.06558,27.00000
0.21025,0.21255,0.21551,0.21486,0.21551,0.19183,0.19611,0.19611,0.19644,0.19348,-0.00057,-0.00025,0.00403,0.00008,0.00206,-52.35359,28.00000
0.21255,0.21157,0.21519,0.21387,0.21420,0.19249,0.19315,0.19052,0.19249,0.19677,-0.00025,0.00107,0.00304,-0.00189,0.00008,-52.35359,29.00000
0.22045,0.21584,0.21288,0.21880,0.20992,0.19282,0.19545,0.19578,0.19677,0.19907,0.00140,0.00008,0.00074,0.00074,0.00074,-52.35844,30.00000
0.21223,0.21091,0.21650,0.21847,0.21387,0.19677,0.19512,0.19841,0.19446,0.19578,-0.00090,-0.00288,0.00041,-0.00057,-0.00288,-52.35844,31.00000
0.21288,0.21420,0.21223,0.21650,0.21815,0.19611,0.19315,0.19775,0.19545,0.19479,-0.00156,-0.00025,0.00107,-0.00288,-0.00057,-52.50002,32.00000
0.20795,0.21453,0.21058,0.21420,0.21058,0.19019,0.19808,0.19545,0.19578,0.19677,0.00239,-0.00189,0.00206,-0.00222,-0.00584,-52.50002,33.00000
0.21617,0.21091,0.21617,0.21453,0.21354,0.19907,0.19677,0.19808,0.19644,0.19677,0.00041,0.00403,-0.00156,0.00206,0.00041,-53.37647,34.00000
0.21584,0.21749,0.21453,0.21650,0.21683,0.19742,0.19512,0.19282,0.19578,0.19512,-0.00057,-0.00090,-0.00025,0.00008,-0.00321,-53.37647,35.00000
0.20433,0.21584,0.21420,0.20631,0.21486,0.19315,0.19808,0.19381,0.19742,0.19479,-0.00025,-0.00255,0.00008,-0.00057,0.00041,-53.72681,36.00000
0.22176,0.21354,0.21486,0.21617,0.21321,0.19348,0.19446,0.19381,0.19644,0.19479,0.00173,-0.00123,0.00041,-0.00123,0.00041,-53.72681,37.00000
0.21288,0.21091,0.21486,0.21453,0.21255,0.19775,0.19578,0.19019,0.19446,0.19512,-0.00518,0.00239,0.00008,0.00074,0.00074,-53.71887,38.00000
0.21453,0.21321,0.21584,0.21551,0.20729,0.19578,0.19512,0.19611,0.19677,0.19249,-0.00189,-0.00025,-0.00156,-0.00189,0.00041,-53.71887,39.00000
0.21354,0.21782,0.20828,0.22012,0.21453,0.19348,0.19545,0.19841,0.19381,0.19677,0.00041,-0.00222,0.00008,-0.00222,0.00173,-53.95172,40.00000
0.21683,0.21157,0.21979,0.21880,0.21354,0.19775,0.19907,0.19446,0.19545,0.19052,-0.00321,0.00140,0.00107,0.00074,0.00140,-53.95172,41.00000
0.21716,0.21420,0.21255,0.21584,0.21519,0.19677,0.19611,0.19742,0.19446,0.19710,-0.00025,-0.00156,-0.00156,-0.00025,-0.00090,-54.09500,42.00000
0.21782,0.21223,0.20927,0.21387,0.21519,0.19644,0.19710,0.19611,0.19677,0.19512,0.00173,-0.00090,-0.00748,0.00074,-0.00025,-54.09500,43.00000
0.21124,0.22111,0.21124,0.21157,0.22143,0.19644,0.19249,0.19710,0.19940,0.19479,0.00074,-0.00255,0.00107,-0.00222,0.00140,-54.02260,44.00000
0.21058,0.21880,0.21420,0.21387,0.21223,0.19348,0.19940,0.19545,0.19611,0.19282,0.00074,0.00206,0.00008,-0.00090,0.00304,-54.02260,45.00000
0.22176,0.21058,0.21847,0.21519,0.21453,0.19414,0.19446,0.19512,0.19940,0.19512,-0.00222,0.00074,-0.00057,0.00206,0.00107,-53.84480,46.00000
0.22176,0.21749,0.21420,0.21749,0.20992,0.19479,0.19611,0.19414,0.19710,0.19611,0.00107,0.00173,0.00140,0.00041,0.00008,-53.89750,47.00000
0.21519,0.21255,0.21617,0.21847,0.21091,0.19183,0.20006,0.19512,0.19512,0.19841,0.00074,0.00206,-0.00025,-0.00419,-0.00156,-53.89750,48.00000
0.21716,0.21683,0.21354,0.21420,0.20861,0.19085,0.19150,0.19808,0.19710,0.19874,0.00008,-0.00025,0.00436,0.00041,0.00173,-53.58449,49.00000
0.21486,0.22143,0.21551,0.21157,0.21354,0.19446,0.19742,0.19545,0.20071,0.19512,0.00140,0.00173,-0.00222,-0.00057,0.00041,-53.58449,50.00000
0.20959,0.20927,0.21486,0.22143,0.21420,0.19381,0.19677,0.19545,0.18986,0.19183,0.00436,0.00239,0.00173,-0.00123,-0.00189,-53.35230,51.00000
0.21683,0.21387,0.21584,0.21815,0.21683,0.19677,0.19808,0.19381,0.19315,0.19282,0.00337,-0.00222,0.00337,0.00502,0.00107,-53.35230,52.00000
0.21486,0.21847,0.21617,0.21124,0.21354,0.19315,0.19479,0.19874,0.19775,0.19315,-0.00090,-0.00321,0.00304,-0.00123,-0.00156,-53.57068,53.00000
0.21716,0.21058,0.21979,0.21124,0.21288,0.19150,0.19315,0.19414,0.19808,0.19479,0.00107,0.00239,0.00206,0.00107,0.00337,-53.57068,54.00000
0.21880,0.21387,0.21486,0.22275,0.20959,0.19644,0.19118,0.19841,0.19611,0.19545,-0.00090,-0.00255,0.00403,-0.00189,0.00206,-52.94745,55.00000
0.21453,0.22111,0.21650,0.20992,0.21782,0.19874,0.19150,0.19348,0.19381,0.19512,-0.00189,0.00041,-0.00025,-0.00222,-0.00288,-52.94745,56.00000
0.21551,0.21025,0.22143,0.21288,0.21617,0.18953,0.19545,0.19578,0.19578,0.19808,-0.00156,-0.00090,0.00140,-0.00353,0.00173,-52.20859,57.00000
0.21847,0.21551,0.22078,0.21683,0.20729,0.20071,0.19611,0.19808,0.19742,0.19677,-0.00090,-0.00090,0.00304,-0.00025,-0.00025,-52.20859,58.00000
0.21453,0.20959,0.22143,0.21453,0.21387,0.19545,0.19282,0.19775,0.19775,0.19677,-0.00222,-0.00025,0.00140,-0.00123,-0.00156,-51.91972,59.00000
0.21617,0.21913,0.21157,0.21255,0.21880,0.19578,0.19545,0.19545,0.19710,0.19578,0.00140,-0.00090,-0.00123,-0.00288,-0.00090,-51.91972,60.00000
0.21058,0.21650,0.21551,0.21420,0.21157,0.19644,0.19742,0.19808,0.19742,0.19249,0.00107,0.00304,0.00107,-0.00156,0.00074,-52.41494,61.00000
0.21255,0.22242,0.21617,0.21551,0.21880,0.19118,0.19381,0.19315,0.19907,0.19841,0.00008,-0.00222,-0.00419,-0.00222,0.00041,-52.41494,62.00000
0.21584,0.21913,0.21190,0.21584,0.21486,0.19381,0.19348,0.19479,0.19710,0.19742,0.00008,0.00436,0.00140,0.00304,-0.00222,-52.49165,63.00000
0.22045,0.21354,0.22275,0.22078,0.22407,0.19545,0.19775,0.19545,0.19742,0.19479,-0.00123,-0.00189,0.00107,-0.00222,0.00074,-52.49165,64.00000
0.21321,0.21782,0.21913,0.21815,0.21617,0.19874,0.19150,0.19677,0.19348,0.20203,-0.00090,0.00008,-0.00156,0.00041,-0.00156,-53.18430,65.00000
0.21321,0.21979,0.21486,0.21584,0.22242,0.19545,0.19479,0.19775,0.19512,0.19545,0.00074,-0.00189,-0.00353,0.00206,-0.00156,-53.18430,66.00000
0.21913,0.21979,0.21486,0.21847,0.21815,0.19841,0.19348,0.19907,0.19874,0.19710,0.00173,0.00173,0.00206,0.00074,-0.00090,-53.47936,67.00000
0.21782,0.21354,0.21650,0.21683,0.21321,0.20104,0.19512,0.19315,0.19315,0.19907,-0.00057,0.00074,-0.00222,-0.00123,0.00337,-53.47936,68.00000
0.21847,0.21387,0.21650,0.21880,0.20959,0.19710,0.19677,0.19479,0.19249,0.19479,-0.00123,-0.00222,0.00272,-0.00288,0.00140,-53.73431,69.00000
0.21617,0.21584,0.21223,0.21749,0.21255,0.19019,0.19644,0.19578,0.19578,0.19710,0.00140,0.00008,-0.00025,-0.00288,0.00469,-53.73431,70.00000
0.21486,0.21683,0.21683,0.22045,0.21551,0.19381,0.19446,0.19710,0.19808,0.19644,-0.00025,0.00107,-0.00156,-0.00090,0.00074,-54.11569,71.00000
0.21157,0.21617,0.22012,0.21847,0.20861,0.19446,0.19611,0.19118,0.19512,0.19775,0.00304,-0.00090,0.00041,0.00140,-0.00189,-54.11569,72.00000
0.21190,0.22275,0.21453,0.21453,0.21387,0.19183,0.19611,0.19841,0.19315,0.19578,-0.00057,0.00074,-0.00057,0.00008,0.00107,-53.75218,73.00000
0.21157,0.22341,0.20565,0.21683,0.22078,0.19216,0.19479,0.19874,0.19479,0.19578,-0.00090,0.00206,-0.00353,0.00173,-0.00057,-53.75218,74.00000
0.22078,0.21749,0.21255,0.22012,0.21716,0.19644,0.19578,0.19644,0.19841,0.19118,0.00107,0.00107,-0.00288,-0.00123,0.00008,-54.76916,75.00000
0.22275,0.21551,0.20828,0.21979,0.21880,0.18887,0.18920,0.19414,0.19381,0.19150,-0.00222,-0.00156,-0.00090,0.00403,0.00107,-54.76916,76.00000
0.21880,0.21782,0.21519,0.21683,0.21453,0.19874,0.20137,0.19644,0.19446,0.19841,0.00107,-0.00123,0.00008,0.00041,0.00008,-53.74200,77.00000
0.21716,0.21979,0.21387,0.21880,0.21387,0.19611,0.19611,0.19710,0.19348,0.19414,-0.00123,-0.00123,-0.00090,0.00107,-0.00189,-53.74200,78.00000
0.21486,0.21847,0.21223,0.22242,0.21716,0.19545,0.19874,0.19578,0.19315,0.18986,-0.00156,0.00239,-0.00386,-0.00090,-0.00288,-53.52627,79.00000
0.21716,0.21321,0.22111,0.20992,0.21519,0.19512,0.19710,0.19315,0.19874,0.19381,-0.00156,0.00041,-0.00123,-0.00222,0.00206,-53.52627,80.00000
0.22143,0.21913,0.22012,0.20992,0.22111,0.19841,0.19742,0.19381,0.19446,0.19545,-0.00255,-0.00090,0.00041,-0.00025,0.00041,-53.41109,81.00000
0.22078,0.21091,0.21880,0.21749,0.21749,0.19677,0.19315,0.19841,0.19742,0.19578,-0.00090,-0.00419,0.00436,0.00107,-0.00123,-53.41109,82.00000
0.21979,0.21387,0.21157,0.21880,0.21782,0.19216,0.18854,0.19348,0.19282,0.19348,-0.00189,-0.00353,0.00041,0.00206,-0.00057,-53.22654,83.00000
0.21519,0.22078,0.21584,0.21223,0.21650,0.19118,0.19381,0.19677,0.19216,0.19150,-0.00255,-0.00353,0.00140,-0.00386,0.00272,-53.22654,84.00000
0.22045,0.21190,0.21223,0.22374,0.21124,0.19677,0.19644,0.19907,0.19315,0.19282,0.00107,-0.00551,0.00008,-0.00222,-0.00156,-52.12841,85.00000
0.22374,0.21584,0.21749,0.21782,0.21420,0.19512,0.19512,0.19644,0.19381,0.19940,0.00008,-0.00288,0.00173,0.00041,0.00074,-52.12841,86.00000
0.21321,0.21551,0.21847,0.21782,0.22045,0.19611,0.19578,0.19907,0.19644,0.19052,-0.00222,0.00173,0.00074,-0.00090,0.00008,-51.34741,87.00000
0.21782,0.21880,0.21782,0.21288,0.21157,0.19808,0.19348,0.18986,0.19578,0.19874,0.00140,-0.00123,0.00173,-0.00419,0.00304,-51.34741,88.00000
0.21519,0.21683,0.21880,0.21683,0.21782,0.19775,0.19315,0.19874,0.19578,0.19249,0.00008,0.00074,-0.00090,-0.00419,0.00008,-51.32068,89.00000
0.21716,0.21486,0.21551,0.21387,0.21486,0.19545,0.19446,0.19644,0.19381,0.19578,0.00074,-0.00090,0.00140,-0.00156,-0.00551,-51.32068,90.00000
0.21749,0.21880,0.21124,0.21683,0.22439,0.19710,0.19512,0.19611,0.19677,0.19414,-0.00156,-0.00321,0.00074,0.00239,-0.00057,-51.78338,91.00000
0.21124,0.21650,0.21650,0.21716,0.21782,0.19512,0.19414,0.19118,0.19611,0.19578,-0.00057,-0.00090,-0.00123,-0.00025,0.00239,-51.78338,92.00000
0.20959,0.22439,0.21551,0.21815,0.21650,0.19414,0.19578,0.19512,0.19150,0.19348,-0.00189,0.00173,0.00008,-0.00123,-0.00123,-52.13437,93.00000
0.21058,0.21617,0.21321,0.22143,0.21223,0.19282,0.19940,0.19710,0.19742,0.19578,-0.00090,-0.00057,-0.00057,-0.00057,0.00107,-52.13437,94.00000
0.21716,0.21387,0.21124,0.21650,0.21453,0.19348,0.19742,0.19414,0.19907,0.19611,-0.00189,0.00008,0.00107,-0.00255,-0.00057,-52.52715,95.00000
0.21617,0.21782,0.21223,0.21946,0.21354,0.19611,0.19742,0.19578,0.19282,0.19512,0.00140,-0.00057,0.00074,0.00074,-0.00123,-52.52715,96.00000
0.22143,0.21387,0.21124,0.21584,0.21913,0.19611,0.19611,0.19348,0.19414,0.19446,-0.00123,-0.00090,0.00041,0.00107,0.00140,-53.26797,97.00000
0.22308,0.21387,0.21782,0.21683,0.22111,0.19479,0.19775,0.19710,0.19578,0.19512,-0.00025,-0.00189,0.00403,0.00436,0.00272,-53.26797,98.00000
0.21650,0.21354,0.21420,0.21782,0.21255,0.19644,0.19249,0.19249,0.19578,0.19578,0.00041,-0.00255,-0.00057,-0.00057,-0.00222,-52.86689,99.00000
0.21683,0.21387,0.22045,0.22275,0.21486,0.19348,0.19150,0.19381,0.19183,0.19348,0.00074,0.00140,0.00074,0.00107,0.00074,-52.86689,100.00000
0.21880,0.21551,0.21979,0.21091,0.21288,0.19381,0.19512,0.19150,0.19381,0.19775,-0.00321,-0.00090,0.00140,0.00107,-0.00288,-53.59409,101.00000
0.22505,0.21453,0.21782,0.21420,0.21584,0.19315,0.19414,0.19348,0.19282,0.19644,0.00206,0.00041,-0.00090,-0.00090,0.00140,-53.59409,102.00000
0.21979,0.21519,0.21979,0.21354,0.21321,0.19118,0.19742,0.19611,0.19611,0.19578,0.00272,-0.00025,-0.00222,0.00272,0.00304,-53.43523,103.00000
0.22012,0.21025,0.21847,0.21617,0.21913,0.19907,0.19578,0.19512,0.19183,0.19940,-0.00090,-0.00090,0.00337,-0.00189,0.00107,-53.43523,104.00000
0.21190,0.21223,0.21847,0.21815,0.21650,0.19315,0.19118,0.19512,0.19150,0.19775,0.00239,0.00107,-0.00090,-0.00090,0.00206,-53.63412,105.00000
0.21650,0.21815,0.21946,0.22176,0.21979,0.19874,0.19315,0.19052,0.19479,0.19052,0.00041,-0.00123,-0.00189,-0.00321,0.00074,-53.63412,106.00000
0.21058,0.22341,0.21782,0.21124,0.21551,0.19677,0.19677,0.19742,0.19545,0.19282,-0.00025,-0.00222,0.00239,-0.00255,-0.00189,-53.43571,107.00000
0.22111,0.21486,0.22341,0.21453,0.21913,0.19611,0.19479,0.19775,0.19150,0.19348,-0.00156,-0.00321,-0.00025,0.00173,-0.00321,-53.43571,108.00000
0.21716,0.21847,0.21255,0.21650,0.21584,0.18854,0.19446,0.19775,0.19775,0.19742,-0.00025,0.00008,0.00173,-0.00386,-0.00057,-53.01180,109.00000
0.22439,0.20992,0.21913,0.21190,0.21584,0.19479,0.19677,0.19348,0.19611,0.19907,0.00008,0.00206,-0.00189,0.00272,0.00304,-53.01180,110.00000
0.21551,0.21716,0.21519,0.21354,0.21617,0.19512,0.19381,0.19775,0.19677,0.18953,-0.00057,-0.00025,0.00074,-0.00057,-0.00057,-51.96733,111.00000
0.21650,0.21091,0.21683,0.21683,0.21847,0.19578,0.19348,0.19677,0.19545,0.19545,0.00107,0.00436,0.00140,-0.00025,-0.00090,-51.96733,112.00000
0.22176,0.21716,0.21255,0.21749,0.22078,0.19710,0.19150,0.19315,0.19677,0.20071,-0.00090,0.00140,0.00206,-0.00090,-0.00222,-48.69118,113.00000
0.22341,0.21782,0.21683,0.22111,0.21749,0.19348,0.19150,0.19578,0.19414,0.19150,-0.00057,-0.00057,0.00140,-0.00288,-0.00222,-48.69118,114.00000
0.21420,0.21354,0.21519,0.21979,0.21453,0.19644,0.19512,0.19578,0.19282,0.19578,0.00074,-0.00025,-0.00025,0.00140,0.00173,-46.70399,115.00000
0.21716,0.21749,0.22275,0.21683,0.22275,0.19907,0.19808,0.19019,0.19973,0.19841,-0.00057,0.00107,0.00140,0.00107,-0.00156,-46.70399,116.00000
0.21223,0.21913,0.21420,0.22111,0.21255,0.19545,0.19315,0.19545,0.19677,0.19512,-0.00090,0.00008,0.00206,-0.00123,0.00272,-45.96430,117.00000
0.21847,0.22407,0.21519,0.22012,0.22374,0.19282,0.19446,0.19282,0.19315,0.19874,0.00304,-0.00485,-0.00057,-0.00057,0.00008,-45.96430,118.00000
0.22012,0.21486,0.22111,0.21913,0.22341,0.19677,0.19808,0.19874,0.19315,0.19282,-0.00090,-0.00288,0.00107,-0.00156,0.00173,-48.37522,119.00000
0.22242,0.21354,0.21650,0.21551,0.21420,0.19940,0.19644,0.19315,0.19381,0.19446,0.00107,0.00107,0.00107,-0.00222,0.00107,-48.37522,120.00000
0.21223,0.22012,0.22143,0.21519,0.21749,0.19677,0.19216,0.19479,0.19512,0.19446,-0.00189,-0.00353,0.00074,0.00272,-0.00123,-50.09825,121.00000
0.21847,0.21815,0.21420,0.21683,0.22111,0.19052,0.19315,0.19085,0.19512,0.19216,-0.00057,-0.00090,0.00041,-0.00551,0.00173,-50.09825,122.00000
0.21387,0.21617,0.21913,0.21354,0.20992,0.19414,0.19381,0.19216,0.19315,0.19578,0.00008,-0.00189,0.00469,-0.00419,-0.00353,-51.35528,123.00000
0.22966,0.21551,0.22012,0.22078,0.21584,0.19381,0.19644,0.19348,0.19710,0.19019,0.00041,0.00403,-0.00156,-0.00025,-0.00057,-51.35528,124.00000
0.21584,0.21650,0.21913,0.21321,0.21420,0.19742,0.19282,0.19216,0.19874,0.19841,-0.00386,-0.00025,-0.00222,-0.00057,0.00239,-52.33535,125.00000
0.21913,0.21847,0.21979,0.21288,0.22374,0.19249,0.19775,0.19677,0.19118,0.19085,0.00041,-0.00123,-0.00090,-0.00255,0.00206,-52.33535,126.00000
0.21551,0.21749,0.21749,0.21650,0.21749,0.19348,0.19414,0.19874,0.19611,0.19611,-0.00255,0.00074,0.00173,-0.00156,-0.00288,-53.22090,127.00000
0.21979,0.21255,0.21880,0.21716,0.21453,0.19381,0.19446,0.19479,0.20236,0.19315,-0.00123,0.00008,0.00041,0.00008,-0.00025,-53.22090,128.00000
0.21683,0.21519,0.21486,0.22176,0.21847,0.19446,0.19512,0.19677,0.19545,0.19381,-0.00057,-0.00321,-0.00156,-0.00156,-0.00090,-53.81260,129.00000
0.21354,0.22111,0.22111,0.21683,0.22078,0.19545,0.19052,0.19052,0.19348,0.20038,0.00008,0.00272,0.00206,0.00008,-0.00057,-53.81260,130.00000
0.22374,0.21255,0.21321,0.21716,0.21716,0.19019,0.19019,0.19479,0.19677,0.19282,0.00107,0.00107,0.00140,-0.00584,0.00239,-53.84722,131.00000
0.22045,0.20959,0.21420,0.21584,0.21913,0.19710,0.19315,0.20006,0.19545,0.19315,0.00107,0.00008,-0.00255,-0.00123,0.00206,-53.84722,132.00000
0.21551,0.22308,0.21946,0.21815,0.20828,0.19512,0.19282,0.20104,0.19446,0.19907,-0.00123,0.00239,-0.00353,0.00304,0.00370,-53.80837,133.00000
0.21584,0.21749,0.21683,0.21321,0.21617,0.19118,0.19282,0.19414,0.19315,0.19085,0.00337,-0.00452,0.00370,0.00272,-0.00090,-53.80837,134.00000
0.22143,0.21946,0.21683,0.21321,0.22111,0.18986,0.19512,0.19710,0.20006,0.19249,0.00107,0.00173,-0.00090,-0.00090,0.00074,-53.90858,135.00000
0.22078,0.21354,0.21519,0.22176,0.21354,0.19282,0.19479,0.19348,0.19315,0.19282,-0.00123,-0.00452,-0.00222,-0.00255,-0.00025,-53.90858,136.00000
0.21782,0.21946,0.21815,0.21617,0.21979,0.19446,0.19150,0.19446,0.19611,0.19348,0.00206,-0.00156,0.00008,0.00337,-0.00025,-53.10663,137.00000
0.21519,0.21617,0.21486,0.21946,0.21617,0.19611,0.19677,0.19545,0.19874,0.19742,0.00502,-0.00222,0.00173,0.00107,0.00502,-53.10663,138.00000
0.21025,0.21847,0.22078,0.21453,0.21486,0.19479,0.19973,0.19381,0.19446,0.19742,-0.00255,-0.00025,0.00107,0.00074,-0.00156,-52.48105,139.00000
0.21880,0.21749,0.21584,0.21847,0.21486,0.19512,0.19414,0.19282,0.19183,0.19414,0.00206,0.00239,-0.00123,-0.00057,-0.00090,-52.48105,140.00000
0.21551,0.21716,0.21584,0.21453,0.21880,0.19611,0.19414,0.19019,0.19315,0.19348,0.00074,-0.00025,-0.00123,-0.00025,0.00173,-52.47588,141.00000
0.21650,0.22275,0.21683,0.22012,0.22111,0.19414,0.19249,0.19085,0.19677,0.19611,0.00304,-0.00025,0.00140,-0.00189,0.00107,-52.47588,142.00000
0.21584,0.21321,0.21551,0.22111,0.21551,0.19677,0.19973,0.19677,0.19578,0.19216,0.00337,-0.00123,0.00173,-0.00321,-0.00288,-52.38052,143.00000
0.22078,0.21650,0.21782,0.22045,0.21519,0.18624,0.19973,0.19775,0.19348,0.19216,0.00107,-0.00057,-0.00123,-0.00123,0.00074,-52.38052,144.00000
0.21288,0.21979,0.21847,0.21683,0.22209,0.19973,0.19742,0.19282,0.19512,0.19677,0.00107,0.00041,0.00140,0.00272,-0.00057,-51.73713,145.00000
0.22176,0.21288,0.21551,0.21979,0.21091,0.19710,0.18986,0.19611,0.19381,0.19348,0.00272,0.00436,-0.00123,-0.00222,-0.00288,-51.73713,146.00000
0.21486,0.22012,0.21584,0.21223,0.21880,0.19414,0.18986,0.19611,0.19907,0.19677,-0.00222,0.00173,-0.00485,-0.00617,-0.00025,-51.39103,147.00000
0.21880,0.21749,0.22012,0.21683,0.22012,0.19578,0.20006,0.19710,0.19282,0.19282,0.00107,-0.00090,-0.00189,-0.00025,0.00074,-51.39103,148.00000
0.21815,0.21815,0.21354,0.22275,0.21847,0.19249,0.19315,0.19118,0.19315,0.19414,0.00140,-0.00090,-0.00353,-0.00156,-0.00123,-51.90645,149.00000
0.21650,0.21815,0.22538,0.21453,0.21946,0.19479,0.19578,0.19808,0.19742,0.19677,-0.00485,0.00239,0.00074,0.00107,0.00140,-51.90645,150.00000
0.21617,0.21749,0.21420,0.22078,0.20927,0.19183,0.19150,0.19710,0.19216,0.19973,-0.00156,0.00008,-0.00156,0.00041,0.00074,-52.21787,151.00000
0.21584,0.21650,0.21650,0.21519,0.21946,0.19611,0.19348,0.19052,0.19710,0.19381,0.00107,-0.00090,-0.00025,0.00337,-0.00025,-52.21787,152.00000
0.21847,0.21880,0.21584,0.22308,0.21847,0.19183,0.19183,0.19644,0.19085,0.19249,-0.00353,-0.00321,0.00272,-0.00057,0.00239,-52.06353,153.00000
0.21782,0.21551,0.21453,0.21650,0.21321,0.19216,0.18920,0.19414,0.19611,0.19315,0.00272,-0.00123,-0.00090,-0.00222,0.00008,-53.63919,154.00000
0.21551,0.21486,0.21815,0.21420,0.21880,0.19578,0.19677,0.19249,0.18953,0.19578,0.00272,-0.00255,-0.00189,-0.00255,0.00008,-53.63919,155.00000
0.21782,0.21486,0.22012,0.21584,0.21683,0.19479,0.19512,0.19183,0.20006,0.19611,0.00074,0.00272,-0.00321,0.00074,-0.00189,-53.48707,156.00000
0.22209,0.21815,0.21847,0.21782,0.21124,0.19742,0.19414,0.19381,0.19315,0.19183,-0.00222,0.00107,0.00206,0.00140,-0.00419,-53.48707,157.00000
0.21815,0.21650,0.22209,0.21847,0.21880,0.19545,0.19348,0.19282,0.19315,0.19249,0.00041,-0.00189,-0.00025,-0.00255,0.00140,-53.76990,158.00000
0.22045,0.21979,0.21091,0.22012,0.21650,0.19808,0.19381,0.19249,0.19348,0.19019,0.00403,-0.00156,-0.00288,-0.00156,-0.00156,-53.76990,159.00000
0.21880,0.21946,0.21716,0.21190,0.21584,0.19644,0.19414,0.18723,0.18854,0.19545,0.00173,0.00074,-0.00156,-0.00123,0.00239,-53.11542,160.00000
0.22176,0.22308,0.21420,0.21847,0.21486,0.19578,0.19183,0.19216,0.19052,0.18887,-0.00222,-0.00452,-0.00288,0.00239,0.00272,-53.11542,161.00000
0.22242,0.21749,0.21650,0.22012,0.21519,0.19282,0.19216,0.18953,0.19085,0.19183,0.00107,0.00272,-0.00057,0.00304,0.00107,-53.12021,162.00000
0.21749,0.22111,0.22275,0.21453,0.21650,0.19150,0.19710,0.19150,0.19874,0.19512,-0.00156,-0.00090,-0.00222,-0.00123,0.00239,-53.12021,163.00000
0.21716,0.21749,0.21716,0.21617,0.21847,0.19446,0.19381,0.19578,0.19545,0.18887,0.00304,0.00008,-0.00419,-0.00057,-0.00123,-52.57085,164.00000
0.22045,0.21979,0.21354,0.21453,0.21288,0.19414,0.19249,0.19446,0.19052,0.19545,0.00206,0.00206,0.00272,-0.00288,-0.00090,-52.57085,165.00000
0.21551,0.22111,0.22209,0.21847,0.21387,0.19249,0.19414,0.19183,0.19578,0.19348,0.00041,0.00074,0.00272,0.00600,0.00173,-52.77956,166.00000
0.21387,0.22308,0.21880,0.21650,0.22209,0.19183,0.19611,0.19545,0.19414,0.19742,-0.00025,0.00041,-0.00057,-0.00057,-0.00057,-52.77956,167.00000
0.21650,0.21321,0.22012,0.21551,0.21880,0.19578,0.18854,0.19282,0.19381,0.19249,-0.00057,-0.00189,0.00140,0.00140,0.00304,-51.83900,168.00000
0.21979,0.22012,0.21190,0.22143,0.21223,0.19446,0.19841,0.19216,0.19808,0.19381,0.00239,0.00074,0.00304,0.00008,-0.00682,-51.83900,169.00000
0.21354,0.21551,0.21650,0.21847,0.21683,0.19479,0.19907,0.19479,0.19808,0.19183,0.00206,0.00107,0.00008,0.00140,-0.00156,-51.61530,170.00000
0.21387,0.22209,0.21815,0.21847,0.21321,0.19775,0.18887,0.19677,0.19742,0.19578,-0.00090,0.00140,0.00337,-0.00288,0.00008,-51.61530,171.00000
0.22571,0.21486,0.21946,0.21946,0.22078,0.19479,0.19348,0.19677,0.19150,0.19348,0.00206,-0.00222,-0.00353,-0.00189,-0.00189,-51.93070,172.00000
0.21420,0.21913,0.21913,0.21979,0.22242,0.20006,0.19479,0.19578,0.19644,0.19183,-0.00189,0.00074,-0.00057,-0.00025,-0.00090,-51.93070,173.00000
0.21519,0.21880,0.21321,0.22209,0.21880,0.19315,0.19216,0.19545,0.19742,0.19282,0.00140,-0.00057,0.00074,-0.00090,0.00173,-51.49513,174.00000
0.21683,0.21486,0.21650,0.21979,0.21584,0.20104,0.19249,0.19479,0.19512,0.19578,-0.00189,0.00008,-0.00090,-0.00156,-0.00222,-51.49513,175.00000
0.22407,0.21683,0.22407,0.21387,0.21979,0.19150,0.19085,0.19710,0.19446,0.19742,0.00140,-0.00025,-0.00255,0.00568,-0.00025,-51.19190,176.00000
0.21815,0.21551,0.21946,0.21486,0.21749,0.18953,0.19249,0.19150,0.19677,0.19479,0.00074,-0.00189,-0.00057,0.00041,0.00008,-51.19190,177.00000
0.21551,0.21519,0.21716,0.21157,0.22407,0.18920,0.19085,0.19183,0.19315,0.19545,0.00206,-0.00255,0.00239,-0.00156,0.00173,-52.30982,178.00000
0.21782,0.22012,0.21025,0.22341,0.22176,0.19315,0.19216,0.19118,0.19611,0.19512,-0.00485,0.00140,-0.00025,-0.00321,-0.00222,-52.30982,179.00000
0.21782,0.21519,0.21650,0.22012,0.21551,0.19150,0.19907,0.19216,0.19446,0.19249,-0.00156,0.00074,-0.00288,-0.00090,0.00074,-53.03967,180.00000
0.21716,0.21979,0.21255,0.22472,0.21847,0.20038,0.19315,0.19644,0.19150,0.19644,-0.00419,-0.00288,-0.00025,-0.00189,-0.00452,-53.03967,181.00000
0.22045,0.21519,0.21617,0.21880,0.21617,0.19381,0.19808,0.19446,0.19315,0.19644,-0.00353,0.00304,0.00107,-0.00057,0.00173,-53.10675,182.00000
0.21617,0.21683,0.21913,0.21157,0.21650,0.19644,0.19150,0.19414,0.19348,0.19282,0.00074,-0.00288,-0.00025,0.00074,0.00436,-53.10675,183.00000
0.21519,0.21486,0.21847,0.21683,0.22012,0.19775,0.19742,0.19545,0.19085,0.19348,-0.00255,0.00140,-0.00156,-0.00090,0.00107,-53.70670,184.00000
0.21387,0.21880,0.21847,0.22143,0.21354,0.19512,0.20038,0.19150,0.19545,0.19249,0.00041,0.00239,-0.00025,0.00206,-0.00255,-53.70670,185.00000
0.21650,0.21650,0.22111,0.21683,0.21551,0.19512,0.19216,0.19479,0.19578,0.19677,-0.00321,0.00304,0.00272,0.00272,-0.00353,-53.57210,186.00000
0.22143,0.21584,0.22078,0.21716,0.21880,0.19677,0.19315,0.19381,0.19742,0.19512,-0.00156,0.00041,-0.00025,-0.00090,0.00074,-53.57210,187.00000
0.22012,0.21979,0.21716,0.21584,0.21946,0.19381,0.19841,0.19775,0.19677,0.19545,-0.00090,-0.00617,0.00107,0.00140,-0.00090,-54.11271,188.00000
0.21025,0.21650,0.22571,0.21584,0.21584,0.19841,0.19479,0.19545,0.19019,0.19315,0.00140,-0.00189,-0.00025,-0.00090,0.00107,-54.11271,189.00000
0.21683,0.22012,0.20992,0.22209,0.21946,0.18920,0.19644,0.19249,0.19446,0.19512,-0.00025,0.00107,0.00239,0.00140,0.00140,-53.86055,190.00000
0.21584,0.21880,0.21683,0.22604,0.21617,0.19414,0.19742,0.19644,0.19677,0.19742,0.00074,0.00173,0.00272,0.00107,-0.00057,-53.86055,191.00000
0.21551,0.21716,0.22111,0.21519,0.21683,0.19775,0.18822,0.19973,0.19446,0.19973,-0.00057,-0.00057,0.00173,-0.00057,0.00041,-52.75791,192.00000
0.21716,0.20927,0.22275,0.21058,0.21749,0.19512,0.19381,0.19348,0.19118,0.19315,-0.00123,-0.00288,-0.00123,0.00206,0.00008,-52.75791,193.00000
0.22176,0.21551,0.21650,0.21716,0.22308,0.19644,0.19183,0.19644,0.19446,0.19216,-0.00057,0.00173,0.00469,-0.00090,-0.00189,-52.76079,194.00000
0.21749,0.21683,0.21321,0.22111,0.21913,0.19545,0.19052,0.19775,0.19611,0.19118,-0.00025,-0.00090,-0.00123,0.00107,-0.00090,-52.76079,195.00000
0.21913,0.21815,0.21551,0.21650,0.22209,0.19249,0.19414,0.19414,0.19742,0.19479,-0.00189,0.00107,0.00370,-0.00386,-0.00321,-52.30569,196.00000
0.22209,0.21716,0.22439,0.21716,0.21650,0.18723,0.19742,0.19282,0.19512,0.19216,-0.00222,0.00140,0.00304,-0.00288,0.00008,-52.30569,197.00000
0.22045,0.21453,0.22012,0.21815,0.21716,0.19282,0.19052,0.19282,0.19052,0.19348,0.00008,-0.00222,-0.00353,0.00008,-0.00353,-51.07228,198.00000
0.21157,0.21650,0.21584,0.22176,0.21223,0.19216,0.19414,0.19381,0.19414,0.19118,-0.00419,0.00008,0.00140,-0.00156,-0.00025,-51.07228,199.00000
0.21551,0.21617,0.20992,0.21880,0.21847,0.19512,0.18690,0.18920,0.19545,0.19381,0.00370,-0.00057,-0.00222,0.00074,-0.00057,-49.36671,200.00000
0.21420,0.22176,0.21091,0.21683,0.21420,0.19381,0.18986,0.19282,0.19216,0.19118,-0.00222,0.00107,-0.00189,0.00140,0.00140,-49.36671,201.00000
0.21288,0.21979,0.21617,0.21551,0.22505,0.19118,0.19644,0.19348,0.19249,0.19414,0.00008,-0.00222,-0.00057,-0.00222,0.00140,-48.69702,202.00000
0.21683,0.21519,0.22078,0.21847,0.22143,0.19841,0.19381,0.19183,0.19512,0.19512,0.00041,0.00140,0.00173,-0.00156,0.00206,-48.69702,203.00000
0.21157,0.22111,0.21815,0.21650,0.21782,0.19446,0.19019,0.19742,0.19216,0.19249,-0.00123,-0.00123,-0.00123,0.00107,0.00008,-50.16882,204.00000
0.21617,0.21617,0.22275,0.21749,0.21617,0.19249,0.19545,0.19446,0.19381,0.19085,0.00008,-0.00485,-0.00057,-0.00222,-0.00156,-50.16882,205.00000
0.21617,0.22078,0.21420,0.21650,0.22308,0.19611,0.19710,0.19315,0.19315,0.19578,0.00206,-0.00123,0.00074,-0.00025,-0.00156,-50.26508,206.00000
0.22472,0.21782,0.22045,0.22209,0.22143,0.18953,0.19315,0.19282,0.19348,0.19512,0.00041,-0.00386,-0.00025,0.00074,-0.00123,-50.26508,207.00000
0.21749,0.22472,0.21255,0.21749,0.21749,0.19808,0.19479,0.19282,0.19874,0.19611,-0.00156,-0.00419,0.00140,-0.00057,0.00008,-51.42160,208.00000
0.21946,0.21091,0.22045,0.21946,0.22374,0.19381,0.18723,0.19644,0.19775,0.19381,0.00107,-0.00090,0.00008,-0.00090,-0.00123,-51.42160,209.00000
0.21519,0.22176,0.21749,0.21880,0.21519,0.19611,0.19183,0.19512,0.19052,0.19414,-0.00025,0.00272,0.00206,-0.00485,0.00041,-52.69322,210.00000
0.21847,0.20927,0.22341,0.21815,0.21091,0.19644,0.19249,0.19414,0.19545,0.19315,0.00107,-0.00189,-0.00057,0.00140,0.00041,-52.69322,211.00000
0.21683,0.21847,0.21486,0.22012,0.21946,0.19446,0.19282,0.19282,0.19183,0.18756,0.00074,-0.00321,0.00239,-0.00288,-0.00025,-53.80999,212.00000
0.21584,0.21453,0.21913,0.21551,0.22012,0.19710,0.19479,0.19249,0.19381,0.19677,0.00304,-0.00025,0.00436,-0.00255,-0.00025,-53.80999,213.00000
0.22670,0.21650,0.21650,0.22242,0.21387,0.19315,0.18822,0.19085,0.19183,0.19315,-0.00288,0.00107,-0.00189,-0.00189,-0.00057,-54.17062,214.00000
0.21683,0.21551,0.21946,0.22111,0.21387,0.19019,0.19940,0.19282,0.19479,0.19742,0.00041,-0.00090,-0.00156,0.00074,-0.00222,-54.17062,215.00000
0.21880,0.22045,0.21617,0.21157,0.21815,0.19479,0.19479,0.19183,0.19677,0.19545,-0.00025,-0.00222,0.00206,-0.00025,0.00074,-53.83336,216.00000
0.22045,0.22143,0.21551,0.22472,0.21815,0.19479,0.19907,0.19611,0.19249,0.19118,-0.00222,-0.00156,0.00173,-0.00090,0.00140,-53.83336,217.00000
0.21551,0.21584,0.22407,0.21584,0.21880,0.19742,0.19414,0.19315,0.19085,0.19775,0.00206,0.00337,-0.00584,0.00173,-0.00057,-53.57439,218.00000
0.21946,0.21782,0.22012,0.21288,0.21913,0.19183,0.19381,0.19545,0.19282,0.19479,-0.00222,0.00008,-0.00025,0.00173,-0.00189,-53.57439,219.00000
0.21782,0.21584,0.21946,0.22111,0.21420,0.19282,0.19742,0.19118,0.19118,0.19216,-0.00518,-0.00156,0.00140,0.00107,0.00337,-52.33163,220.00000
0.22012,0.22045,0.21387,0.22012,0.21815,0.19348,0.19479,0.19446,0.19644,0.19446,0.00173,-0.00156,0.00074,-0.00255,-0.00025,-52.33163,221.00000
0.21354,0.21650,0.21913,0.21584,0.21288,0.19249,0.19479,0.19512,0.19118,0.19150,-0.00090,-0.00057,-0.00090,0.00074,-0.00090,-51.60771,222.00000
0.22012,0.21453,0.21847,0.21979,0.21946,0.19940,0.19446,0.18953,0.19085,0.19216,0.00041,0.00041,0.00272,-0.00321,0.00173,-51.60771,223.00000
0.21880,0.22012,0.21749,0.21782,0.21815,0.19381,0.19611,0.19479,0.19874,0.19644,0.00041,-0.00288,-0.00025,0.00041,0.00074,-51.15542,224.00000
0.21584,0.20992,0.21617,0.21453,0.22045,0.19381,0.19446,0.19118,0.18558,0.19381,-0.00321,0.00107,-0.00321,-0.00025,-0.00156,-51.15542,225.00000
0.21288,0.21519,0.21815,0.21979,0.21650,0.19808,0.18953,0.19611,0.19348,0.19611,0.00337,0.00074,-0.00090,-0.00255,0.00337,-51.26619,226.00000
0.21749,0.22143,0.21223,0.21519,0.22472,0.19052,0.19315,0.19085,0.18986,0.19348,0.00074,-0.00057,0.00436,-0.00222,-0.00156,-51.26619,227.00000
0.21650,0.21584,0.21584,0.22045,0.22078,0.19348,0.19348,0.19348,0.19414,0.18953,0.00206,-0.00386,-0.00255,-0.00222,-0.00123,-51.25321,228.00000
0.21617,0.22078,0.22012,0.21979,0.22374,0.19808,0.19479,0.19611,0.19348,0.19677,0.00140,-0.00123,-0.00123,0.00041,-0.00386,-51.25321,229.00000
0.21091,0.22078,0.21979,0.21617,0.22143,0.18887,0.19348,0.19479,0.19644,0.19414,-0.00321,0.00008,-0.00222,0.00173,-0.00321,-51.49819,230.00000
0.21847,0.22242,0.21617,0.22407,0.21782,0.19282,0.19348,0.19808,0.19446,0.19479,-0.00090,0.00008,-0.00288,0.00008,0.00337,-51.49819,231.00000
0.22242,0.21979,0.21584,0.21091,0.22341,0.19611,0.19479,0.19644,0.18920,0.19940,-0.00025,0.00008,0.00041,0.00008,-0.00255,-51.48640,232.00000
0.22143,0.22143,0.21880,0.22374,0.21716,0.19578,0.19085,0.20006,0.19249,0.19216,0.00041,-0.00452,-0.00222,0.00008,0.00041,-51.48640,233.00000
0.21486,0.22012,0.21749,0.21223,0.22374,0.19085,0.19381,0.20104,0.19578,0.19907,-0.00156,0.00107,0.00206,-0.00025,-0.00189,-52.23978,234.00000
0.22637,0.21650,0.21979,0.21946,0.21683,0.19085,0.19282,0.19578,0.19512,0.19446,0.00008,0.00239,-0.00057,-0.00222,0.00239,-52.23978,235.00000
0.21354,0.22242,0.21519,0.21847,0.21650,0.19841,0.19512,0.19512,0.19381,0.19118,-0.00288,-0.00057,0.00008,-0.00288,0.00304,-53.07057,236.00000
0.22538,0.21913,0.21683,0.21288,0.21387,0.19052,0.19414,0.19315,0.19315,0.19348,0.00370,-0.00222,-0.00057,-0.00123,-0.00123,-53.07057,237.00000
0.21683,0.22143,0.21420,0.21913,0.21749,0.19479,0.19545,0.19315,0.19446,0.19315,0.00041,-0.00255,-0.00025,-0.00123,-0.00057,-53.31996,238.00000
0.21486,0.21946,0.21551,0.22078,0.22012,0.19710,0.20038,0.19150,0.19578,0.19578,-0.00123,0.00206,-0.00025,-0.00222,-0.00222,-53.31996,239.00000
0.21584,0.21420,0.21255,0.22703,0.22242,0.19545,0.19545,0.19118,0.19644,0.19150,-0.00156,0.00272,0.00173,0.00140,0.00107,-54.25519,240.00000
0.21486,0.21420,0.21519,0.21946,0.21683,0.19183,0.19381,0.19414,0.19315,0.19841,-0.00090,0.00041,-0.00255,-0.00025,-0.00090,-54.25519,241.00000
0.21124,0.21847,0.22308,0.21551,0.21453,0.19710,0.19710,0.19940,0.19545,0.19216,-0.00090,0.00041,0.00074,0.00041,-0.00025,-54.02457,242.00000
0.21321,0.21880,0.21584,0.21551,0.21650,0.19710,0.19381,0.19644,0.19446,0.19381,0.00107,0.00173,-0.00057,0.00206,0.00041,-54.02457,243.00000
0.21486,0.22275,0.21486,0.22111,0.21058,0.18822,0.19512,0.18953,0.19150,0.19414,0.00107,0.00239,-0.00288,0.00337,0.00041,-53.65047,244.00000
0.21749,0.21321,0.21486,0.21913,0.21255,0.19710,0.19118,0.19249,0.19118,0.19216,0.00074,0.00206,0.00008,0.00173,0.00304,-53.65047,245.00000
0.21782,0.21551,0.21519,0.22538,0.21880,0.19578,0.19512,0.19446,0.19479,0.19348,0.00173,0.00173,0.00008,-0.00123,-0.00386,-53.26811,246.00000
0.21749,0.21617,0.21486,0.21847,0.22242,0.18789,0.19381,0.19414,0.19150,0.19150,-0.00090,-0.00057,0.00304,0.00008,0.00239,-53.26811,247.00000
0.21486,0.21420,0.21223,0.21486,0.22111,0.19611,0.19052,0.19545,0.19414,0.19414,0.00074,0.00008,-0.00025,-0.00057,0.00239,-53.06472,248.00000
0.22111,0.21815,0.22209,0.21946,0.22275,0.19710,0.19414,0.19479,0.19249,0.19216,-0.00222,0.00041,-0.00386,0.00304,-0.00057,-53.06472,249.00000
0.21979,0.21255,0.21749,0.21749,0.21486,0.19742,0.19446,0.19150,0.19644,0.19249,0.00206,-0.00090,-0.00288,-0.00452,-0.00025,-53.03382,250.00000
0.21683,0.22176,0.21486,0.21519,0.22242,0.19907,0.19479,0.19315,0.19710,0.19512,0.00107,-0.00156,-0.00025,-0.00090,-0.00090,-53.03382,251.00000
0.21716,0.22045,0.22078,0.22604,0.21650,0.19249,0.19940,0.19545,0.19578,0.19545,-0.00123,0.00206,-0.00452,0.00239,-0.00255,-52.95490,252.00000
0.22275,0.22670,0.21124,0.22176,0.22143,0.19381,0.19808,0.19446,0.19249,0.19282,0.00107,-0.00255,-0.00057,0.00206,0.00239,-52.95490,253.00000
0.21650,0.21749,0.21453,0.22176,0.21847,0.19150,0.19381,0.19315,0.19479,0.19315,-0.00419,-0.00090,0.00140,-0.00222,-0.00090,-52.22452,254.00000
0.21847,0.21255,0.22012,0.22012,0.21288,0.19512,0.19578,0.19545,0.19381,0.19348,0.00107,0.00041,-0.00123,0.00403,0.00074,-52.22452,255.00000
0.21420,0.21946,0.21880,0.21387,0.21387,0.19512,0.19479,0.19249,0.19578,0.19315,-0.00057,0.00008,-0.00090,0.00206,-0.00025,-51.86177,256.00000
0.21486,0.21617,0.22012,0.21913,0.21683,0.19282,0.19578,0.19118,0.19052,0.18887,0.00337,-0.00222,-0.00321,0.00041,-0.00025,-51.86177,257.00000
0.21946,0.21223,0.21584,0.22308,0.21683,0.19150,0.19348,0.19446,0.19348,0.19578,-0.00222,-0.00025,-0.00222,0.00107,0.00041,-51.82444,258.00000
0.21749,0.20959,0.22143,0.21617,0.21584,0.19545,0.19183,0.19742,0.19249,0.19052,-0.00222,0.00008,-0.00386,-0.00156,-0.00090,-51.82444,259.00000
0.21453,0.22111,0.21946,0.21420,0.21880,0.19578,0.19085,0.18920,0.19183,0.19118,-0.00090,0.00140,-0.00288,0.00107,-0.00617,-51.90831,260.00000
0.22176,0.21880,0.22242,0.22012,0.20894,0.19052,0.19348,0.19775,0.19052,0.19677,-0.00025,0.00173,-0.00321,-0.00386,0.00140,-51.90831,261.00000
0.21847,0.21453,0.22012,0.21847,0.21946,0.19479,0.18920,0.19183,0.19348,0.19512,-0.00025,-0.00156,-0.00288,0.00173,-0.00090,-52.91705,262.00000
0.21617,0.21782,0.22439,0.21782,0.21255,0.19085,0.19150,0.19381,0.19315,0.19118,0.00304,-0.00090,-0.00090,0.00008,-0.00189,-52.91705,263.00000
0.22242,0.22143,0.21749,0.21716,0.22374,0.18986,0.19677,0.19150,0.19315,0.19019,0.00074,0.00008,-0.00123,-0.00321,0.00008,-53.05032,264.00000
0.21453,0.22341,0.22078,0.21880,0.22012,0.19282,0.19414,0.19545,0.19183,0.18920,0.00206,0.00107,-0.00419,0.00173,-0.00025,-53.05032,265.00000
0.21617,0.21486,0.22045,0.21584,0.21913,0.19446,0.19611,0.19414,0.19578,0.19381,-0.00222,-0.00025,0.00304,0.00041,0.00074,-53.75905,266.00000
0.22176,0.21420,0.21551,0.21782,0.21617,0.19479,0.19611,0.19381,0.19381,0.19677,-0.00090,-0.00156,0.00041,0.00107,-0.00189,-53.75905,267.00000
0.21551,0.21190,0.21847,0.21716,0.21946,0.19150,0.19677,0.19644,0.19249,0.18953,-0.00025,-0.00255,-0.00123,-0.00090,0.00140,-54.16468,268.00000
0.20795,0.22078,0.20927,0.22143,0.22045,0.19085,0.20137,0.18986,0.19315,0.19216,-0.00025,-0.00025,-0.00419,0.00272,0.00140,-54.16468,269.00000
0.21617,0.21223,0.21354,0.21749,0.21847,0.18854,0.19150,0.19249,0.19611,0.19249,0.00074,0.00041,-0.00057,0.00239,-0.00419,-54.68488,270.00000
0.21584,0.21979,0.21453,0.21551,0.21847,0.19545,0.18854,0.18690,0.19512,0.19446,0.00206,-0.00057,-0.00321,0.00173,-0.00025,-54.68488,271.00000
0.21880,0.21453,0.20894,0.21683,0.21946,0.19183,0.19611,0.19710,0.20104,0.19940,-0.00090,0.00337,0.00107,0.00074,-0.00255,-53.94156,272.00000
0.21584,0.21815,0.21913,0.22111,0.21913,0.19019,0.19183,0.19019,0.19216,0.19446,0.00206,-0.00485,-0.00025,-0.00123,-0.00057,-53.94156,273.00000
0.21617,0.21749,0.22209,0.21847,0.21387,0.19940,0.19216,0.19381,0.19973,0.19644,0.00008,-0.00386,-0.00353,-0.00123,0.00272,-53.33064,274.00000
0.21650,0.21551,0.21847,0.21420,0.22341,0.18854,0.19710,0.19742,0.19578,0.19381,0.00272,-0.00057,-0.00090,-0.00090,-0.00255,-53.33064,275.00000
0.21716,0.21288,0.22111,0.21584,0.21815,0.19216,0.19677,0.19677,0.20170,0.19381,-0.00156,-0.00156,0.00008,-0.00386,-0.00057,-53.07890,276.00000
0.21584,0.21354,0.21716,0.21979,0.22045,0.19578,0.19742,0.19315,0.19446,0.18822,0.00107,-0.00090,-0.00025,-0.00551,-0.00222,-53.07890,277.00000
0.21453,0.21683,0.21913,0.21716,0.21584,0.19446,0.19414,0.19479,0.19414,0.19479,-0.00189,-0.00123,-0.00090,0.00074,-0.00057,-52.51113,278.00000
0.21979,0.21551,0.21749,0.21946,0.21815,0.19216,0.19216,0.19216,0.19414,0.19381,0.00041,-0.00748,0.00206,-0.00090,-0.00057,-52.51113,279.00000
0.21782,0.21486,0.21847,0.22045,0.21946,0.19348,0.19512,0.19249,0.19348,0.19282,0.00140,-0.00288,0.00041,-0.00123,0.00008,-52.37617,280.00000
0.22045,0.22176,0.21815,0.21847,0.21815,0.19710,0.19414,0.19282,0.19479,0.18953,0.00074,0.00140,0.00272,0.00304,0.00272,-52.37617,281.00000
0.21716,0.22176,0.21617,0.21946,0.22275,0.19381,0.19282,0.19710,0.19644,0.19183,0.00107,-0.00189,0.00239,-0.00123,0.00107,-51.65928,282.00000
0.22045,0.21946,0.21519,0.21617,0.21420,0.19611,0.19808,0.19808,0.19446,0.18887,-0.00386,-0.00057,0.00173,0.00008,-0.00057,-51.65928,283.00000
0.22242,0.21617,0.21354,0.22078,0.21880,0.18822,0.19183,0.19315,0.19578,0.19578,-0.00386,-0.00189,-0.00025,-0.00386,-0.00090,-51.91362,284.00000
0.21683,0.21354,0.21683,0.21453,0.21880,0.19381,0.19118,0.19150,0.19216,0.19414,0.00239,-0.00353,-0.00321,0.00535,0.00239,-51.91362,285.00000
0.21091,0.22111,0.21782,0.21453,0.21157,0.19249,0.19348,0.19414,0.19019,0.19315,-0.00452,-0.00123,-0.00025,0.00041,-0.00090,-51.83328,286.00000
0.21815,0.21453,0.21584,0.21979,0.21847,0.19611,0.19282,0.18986,0.19282,0.19381,0.00074,0.00140,-0.00255,0.00107,0.00107,-51.83328,287.00000
0.21946,0.21255,0.21847,0.21880,0.21519,0.19742,0.19150,0.19512,0.18953,0.19742,-0.00419,-0.00123,-0.00090,0.00008,-0.00288,-52.04701,288.00000
0.21782,0.21387,0.21815,0.21650,0.22801,0.19414,0.19216,0.19085,0.19644,0.19150,-0.00485,-0.00255,0.00074,-0.00123,-0.00189,-52.04701,289.00000
0.21880,0.21913,0.21815,0.21650,0.21683,0.19150,0.19381,0.19282,0.18887,0.19150,0.00370,0.00173,-0.00222,0.00074,0.00436,-52.47858,290.00000
0.22176,0.21683,0.21880,0.21288,0.21847,0.19677,0.19118,0.19282,0.19446,0.19644,-0.00222,0.00008,0.00107,-0.00123,0.00074,-52.47858,291.00000
0.21255,0.21979,0.22209,0.21913,0.21683,0.18887,0.19183,0.19216,0.19282,0.19118,-0.00156,0.00140,-0.00189,-0.00123,-0.00156,-52.50882,292.00000
0.22111,0.21946,0.21913,0.21946,0.21716,0.19282,0.19348,0.19381,0.19479,0.19052,-0.00057,-0.00057,0.00272,-0.00090,-0.00025,-52.50882,293.00000
0.21486,0.21551,0.21880,0.21913,0.21716,0.19348,0.19085,0.18887,0.19545,0.19348,-0.00321,0.00008,0.00041,-0.00057,0.00206,-52.88527,294.00000
0.21650,0.21749,0.22078,0.21815,0.21321,0.19183,0.19249,0.19085,0.19545,0.19611,0.00107,-0.00090,-0.00123,0.00206,0.00206,-52.88527,295.00000
0.21847,0.22308,0.21584,0.21420,0.22242,0.19545,0.19348,0.19249,0.19282,0.19052,0.00107,0.00041,-0.00156,0.00041,0.00107,-53.89625,296.00000
0.21650,0.22012,0.21223,0.21650,0.21091,0.19381,0.19348,0.19052,0.18920,0.19381,-0.00057,-0.00156,0.00140,0.00239,0.00008,-53.89625,297.00000
0.21617,0.21749,0.21650,0.20927,0.22209,0.19183,0.19348,0.19282,0.19216,0.19249,-0.00090,-0.00090,-0.00353,-0.00156,0.00206,-54.07459,298.00000
0.21650,0.21486,0.21453,0.22242,0.22143,0.18953,0.19183,0.18953,0.19611,0.19512,-0.00123,-0.00255,-0.00255,-0.00255,0.00041,-54.07459,299.00000
0.21650,0.21716,0.20927,0.21091,0.22012,0.19315,0.19118,0.18986,0.18920,0.19808,0.00173,-0.00288,0.00008,0.00140,-0.00255,-53.68280,300.00000
0.21453,0.21847,0.21255,0.21979,0.21519,0.19479,0.18953,0.18887,0.19216,0.18822,-0.00156,0.00337,0.00107,-0.00222,0.00206,-53.68280,301.00000
0.22209,0.21683,0.21815,0.20959,0.21979,0.19282,0.19183,0.19578,0.19085,0.19742,0.00107,0.00074,-0.00156,-0.00025,0.00239,-53.27695,302.00000
0.21716,0.21749,0.21321,0.21551,0.21749,0.19216,0.19019,0.19446,0.19578,0.19282,-0.00156,-0.00057,0.00239,-0.00025,-0.00189,-53.27695,303.00000
0.21683,0.22176,0.21551,0.21354,0.22275,0.19446,0.19414,0.19446,0.19710,0.19479,0.00008,0.00041,-0.00025,0.00074,0.00272,-52.95439,304.00000
0.21749,0.21255,0.21749,0.21486,0.21716,0.19644,0.19381,0.19315,0.19742,0.19381,-0.00353,0.00173,-0.00485,-0.00288,-0.00156,-52.95439,305.00000
0.21716,0.21749,0.21847,0.22045,0.21847,0.19446,0.19348,0.19315,0.19578,0.19414,0.00008,-0.00025,-0.00057,0.00041,-0.00189,-53.39858,306.00000
0.21420,0.21913,0.22012,0.21387,0.21815,0.19414,0.18953,0.19578,0.19348,0.19216,-0.00222,-0.00321,-0.00682,0.00041,-0.00090,-53.39858,307.00000
0.21190,0.21815,0.22275,0.21782,0.21913,0.19315,0.18789,0.19479,0.19446,0.18920,0.00107,-0.00255,0.00008,0.00008,0.00008,-53.43513,308.00000
0.21288,0.22012,0.21617,0.21880,0.21946,0.19282,0.19545,0.19545,0.19578,0.19282,-0.00025,0.00337,0.00107,-0.00222,-0.00189,-53.43513,309.00000
0.21486,0.22078,0.21157,0.22078,0.20828,0.18953,0.19216,0.19183,0.19282,0.19479,0.00074,0.00008,-0.00057,-0.00025,-0.00123,-52.68680,310.00000
0.21782,0.21354,0.21617,0.21847,0.21486,0.19348,0.19446,0.19052,0.19742,0.19446,-0.00386,0.00370,-0.00156,-0.00057,0.00008,-52.68680,311.00000
0.21420,0.22341,0.21683,0.21716,0.21749,0.19315,0.19282,0.19446,0.19216,0.19644,0.00107,0.00008,0.00074,-0.00189,-0.00452,-51.98305,312.00000
0.22308,0.21551,0.21946,0.21815,0.21617,0.19414,0.19479,0.19118,0.19249,0.19052,0.00206,-0.00419,-0.00222,-0.00123,0.00074,-51.98305,313.00000
0.21880,0.21979,0.22111,0.21486,0.21946,0.19710,0.18953,0.18920,0.19348,0.18986,-0.00057,-0.00090,-0.00123,-0.00123,-0.00452,-51.53108,314.00000
0.21979,0.21847,0.21420,0.21815,0.22407,0.19414,0.19644,0.19545,0.19644,0.19019,0.00173,-0.00025,-0.00222,-0.00057,-0.00156,-51.53108,315.00000
0.22176,0.21683,0.20992,0.21979,0.21190,0.19578,0.19282,0.19315,0.19381,0.19644,-0.00452,0.00041,-0.00156,0.00041,0.00008,-51.72013,316.00000
0.22111,0.21979,0.21584,0.21979,0.21782,0.19381,0.19216,0.19446,0.19545,0.19348,-0.00123,-0.00222,0.00041,0.00008,0.00041,-51.72013,317.00000
0.21519,0.21650,0.21584,0.21913,0.21749,0.19512,0.19381,0.19644,0.19446,0.19578,-0.00025,0.00074,-0.00288,-0.00025,-0.00025,-51.04805,318.00000
0.21617,0.21223,0.21288,0.22045,0.21815,0.19677,0.19282,0.19052,0.18986,0.19183,-0.00189,-0.00189,0.00140,0.00206,-0.00189,-51.04805,319.00000
0.21486,0.21058,0.22209,0.21354,0.22538,0.19085,0.19446,0.19644,0.19381,0.19775,0.00272,-0.00386,0.00239,-0.00156,-0.00090,-51.08799,320.00000
0.21749,0.21946,0.21519,0.21124,0.21979,0.19479,0.19052,0.19479,0.18822,0.19381,-0.00551,0.00304,0.00008,0.00008,0.00370,-51.08799,321.00000
0.21584,0.21025,0.22735,0.22012,0.21913,0.19611,0.19249,0.19578,0.19381,0.19348,-0.00156,-0.00386,0.00074,-0.00288,0.00107,-52.05767,322.00000
0.21551,0.21124,0.21815,0.22439,0.21091,0.19446,0.19381,0.19545,0.19118,0.19183,-0.00057,-0.00255,-0.00090,-0.00321,-0.00025,-52.05767,323.00000
0.21584,0.21124,0.21847,0.21420,0.21420,0.19644,0.19479,0.19611,0.19315,0.19545,-0.00057,0.00008,0.00074,0.00304,-0.00353,-53.05520,324.00000
0.21190,0.22078,0.22143,0.22012,0.21979,0.19446,0.19479,0.19479,0.18953,0.19216,0.00041,0.00074,0.00304,-0.00386,0.00239,-53.05520,325.00000
0.22012,0.21551,0.21584,0.22143,0.21124,0.19414,0.19348,0.19578,0.19282,0.19381,0.00107,-0.00255,0.00107,-0.00255,-0.00057,-53.81764,326.00000
0.21880,0.21782,0.21617,0.21255,0.21420,0.19183,0.19348,0.19446,0.19611,0.19315,0.00206,0.00239,-0.00255,-0.00255,-0.00090,-53.81764,327.00000
0.21551,0.21946,0.21617,0.21716,0.21091,0.19644,0.18986,0.19414,0.19118,0.19446,-0.00321,-0.00419,-0.00255,-0.00025,-0.00255,-53.73499,328.00000
0.21782,0.21288,0.21617,0.21749,0.21354,0.19710,0.19381,0.19315,0.19249,0.19348,0.00173,-0.00189,0.00008,0.00173,0.00074,-53.73499,329.00000
0.21321,0.21847,0.21486,0.21880,0.21979,0.19381,0.19940,0.19150,0.19644,0.19150,0.00074,0.00140,-0.00123,-0.00156,-0.00156,-54.14289,330.00000
0.21453,0.21716,0.21946,0.21749,0.21683,0.19282,0.18920,0.19446,0.19578,0.18624,-0.00025,0.00008,-0.00090,-0.00189,0.00337,-54.14289,331.00000
0.21617,0.21782,0.21683,0.21979,0.22242,0.19183,0.19282,0.19644,0.19348,0.19644,-0.00189,0.00272,-0.00090,-0.00288,0.00206,-54.09781,332.00000
0.21946,0.21716,0.22111,0.21617,0.21650,0.19677,0.19150,0.19052,0.19414,0.19216,0.00206,0.00074,0.00074,0.00272,-0.00255,-54.09781,333.00000
0.22407,0.21091,0.21519,0.21880,0.21223,0.19677,0.19348,0.19479,0.19118,0.19677,-0.00123,-0.00353,-0.00025,-0.00090,0.00107,-52.81062,334.00000
0.22045,0.21157,0.21453,0.22078,0.21387,0.19578,0.19249,0.19183,0.19512,0.19677,0.00272,-0.00222,-0.00321,0.00173,-0.00123,-52.81062,335.00000
0.22341,0.21815,0.21847,0.21880,0.21288,0.19150,0.19315,0.19052,0.19381,0.19315,0.00304,-0.00222,0.00304,-0.00353,0.00041,-53.03617,336.00000
0.20959,0.21946,0.21519,0.21453,0.22111,0.19216,0.19282,0.19348,0.19545,0.19315,-0.00321,0.00173,-0.00123,0.00107,0.00008,-53.03617,337.00000
0.21782,0.21091,0.21979,0.21584,0.21255,0.19381,0.19150,0.19019,0.19414,0.19348,-0.00255,0.00140,0.00008,0.00206,-0.00518,-52.52395,338.00000
0.21749,0.21847,0.21354,0.21749,0.22012,0.19381,0.19414,0.19381,0.19282,0.19446,-0.00057,0.00140,-0.00057,0.00206,0.00074,-52.52395,339.00000
0.21979,0.22111,0.21584,0.21880,0.21880,0.19512,0.19019,0.19216,0.19414,0.19216,0.00041,-0.00090,0.00107,-0.00090,0.00239,-51.82594,340.00000
0.21847,0.21519,0.21453,0.22078,0.21815,0.19348,0.19019,0.19315,0.19183,0.18986,-0.00156,0.00008,0.00173,-0.00288,0.00107,-51.82594,341.00000
0.21683,0.21617,0.21683,0.21749,0.21782,0.19282,0.19216,0.19315,0.19446,0.19216,-0.00090,0.00173,0.00140,0.00008,-0.00189,-51.60633,342.00000
0.21683,0.21058,0.22505,0.21782,0.21223,0.19019,0.19052,0.19282,0.19381,0.19183,0.00337,0.00337,-0.00189,0.00140,-0.00057,-51.60633,343.00000
0.21486,0.22143,0.21420,0.21157,0.21946,0.19150,0.19479,0.19446,0.19677,0.19446,0.00008,-0.00189,0.00403,-0.00123,-0.00321,-51.82855,344.00000
0.21946,0.21946,0.21420,0.21847,0.21617,0.19874,0.19446,0.19183,0.19183,0.19282,0.00173,0.00173,0.00173,-0.00353,-0.00321,-51.82855,345.00000
0.21979,0.21519,0.21650,0.20598,0.21486,0.19249,0.19085,0.19282,0.19216,0.19216,0.00206,0.00436,-0.00156,-0.00090,-0.00255,-52.50119,346.00000
0.21880,0.21551,0.22078,0.22045,0.21157,0.19282,0.19512,0.19315,0.19118,0.19348,0.00239,0.00436,0.00403,-0.00090,0.00107,-52.50119,347.00000
0.21749,0.21979,0.21880,0.21387,0.21979,0.19677,0.19512,0.19446,0.18953,0.19644,-0.00057,0.00041,0.00107,-0.00025,0.00436,-52.02452,348.00000
0.21354,0.21255,0.21387,0.21913,0.21979,0.19315,0.19019,0.19578,0.19512,0.19414,-0.00255,-0.00057,0.00206,-0.00518,0.00041,-52.02452,349.00000
0.21946,0.21453,0.21551,0.21782,0.21321,0.19611,0.19249,0.19282,0.19282,0.19677,-0.00617,-0.00255,0.00008,-0.00156,-0.00057,-52.80181,350.00000
0.21453,0.21420,0.21979,0.21321,0.21782,0.19578,0.19348,0.19315,0.19118,0.18920,-0.00123,0.00173,0.00272,0.00008,-0.00156,-52.80181,351.00000
0.21782,0.22012,0.21157,0.22078,0.21420,0.19085,0.19052,0.19611,0.18822,0.19052,0.00272,-0.00156,0.00041,-0.00386,-0.00353,-53.62503,352.00000
0.21617,0.21387,0.21255,0.21617,0.21584,0.18526,0.19118,0.19315,0.19742,0.19118,-0.00123,0.00074,-0.00156,0.00107,0.00173,-53.62503,353.00000
0.21584,0.20565,0.21486,0.21650,0.21815,0.18986,0.18887,0.18558,0.19249,0.19183,-0.00123,-0.00090,-0.00255,0.00074,-0.00419,-54.87160,354.00000
0.21025,0.21321,0.21387,0.21880,0.21650,0.19348,0.19118,0.19742,0.19118,0.19150,-0.00156,0.00074,0.00041,0.00272,-0.00025,-54.87160,355.00000
0.21716,0.21190,0.21223,0.21650,0.21157,0.19414,0.19249,0.19118,0.19085,0.19249,-0.00386,-0.00353,-0.00025,-0.00123,0.00008,-54.11304,356.00000
0.21551,0.21683,0.21584,0.21782,0.21354,0.19282,0.19019,0.19085,0.18986,0.19644,-0.00057,-0.00156,-0.00321,-0.00452,0.00107,-54.11304,357.00000
0.21124,0.21420,0.21913,0.22078,0.21124,0.19348,0.19742,0.19150,0.19512,0.19249,-0.00090,0.00074,-0.00222,-0.00156,-0.00255,-54.64197,358.00000
0.22505,0.22078,0.22143,0.21519,0.21288,0.19052,0.19085,0.19249,0.19150,0.18953,-0.00551,0.00173,-0.00123,0.00008,-0.00189,-54.64197,359.00000
0.21749,0.21782,0.21551,0.21420,0.21847,0.19710,0.19512,0.19085,0.19249,0.18920,-0.00156,-0.00321,-0.00090,-0.00288,-0.00025,-54.23749,360.00000
0.21584,0.21288,0.20861,0.21650,0.21749,0.19644,0.19644,0.19118,0.19019,0.19216,0.00008,0.00140,0.00107,0.00008,-0.00189,-54.23749,361.00000
0.20598,0.22407,0.21387,0.21551,0.21387,0.19677,0.18953,0.19677,0.19578,0.19381,-0.00156,-0.00123,-0.00025,-0.00255,-0.00090,-53.90585,362.00000
0.21354,0.21683,0.20861,0.21255,0.21354,0.19118,0.19085,0.19348,0.19019,0.19381,-0.00189,-0.00321,0.00041,-0.00090,0.00107,-53.90585,363.00000
0.21584,0.21157,0.21255,0.21847,0.20992,0.19479,0.19249,0.18526,0.19282,0.19775,0.00239,0.00041,0.00107,0.00008,-0.00255,-53.38847,364.00000
0.21946,0.21716,0.21782,0.21683,0.21749,0.19150,0.19414,0.19446,0.19183,0.19348,-0.00090,0.00074,0.00041,0.00041,0.00206,-53.38847,365.00000
0.21486,0.21913,0.21223,0.21683,0.21782,0.19282,0.19677,0.19249,0.18854,0.19973,-0.00123,-0.00123,-0.00189,-0.00255,0.00140,-52.66103,366.00000
0.21749,0.21683,0.21716,0.20992,0.21288,0.19150,0.19183,0.19085,0.19414,0.19315,0.00041,0.00304,0.00107,-0.00419,-0.00156,-52.66103,367.00000
0.21749,0.21223,0.21453,0.21157,0.21551,0.19348,0.19216,0.19085,0.18854,0.19710,0.00239,-0.00123,-0.00025,-0.00156,0.00239,-52.78315,368.00000
0.22209,0.21847,0.21946,0.21782,0.21551,0.19479,0.19216,0.19315,0.19414,0.19216,-0.00189,0.00239,-0.00288,0.00041,0.00074,-52.78315,369.00000
0.21749,0.21124,0.22472,0.21157,0.20992,0.19446,0.19282,0.18789,0.19019,0.19479,-0.00452,0.00140,-0.00057,-0.00222,0.00008,-52.18992,370.00000
0.21617,0.21650,0.21551,0.21716,0.21091,0.19052,0.19644,0.19479,0.19150,0.18920,0.00304,-0.00025,-0.00025,-0.00090,0.00206,-52.18992,371.00000
0.21683,0.20959,0.21782,0.21749,0.22045,0.19841,0.19446,0.19085,0.19710,0.19414,0.00041,0.00239,-0.00057,-0.00321,-0.00255,-51.93968,372.00000
0.21551,0.21288,0.21749,0.22176,0.21551,0.19216,0.18986,0.19841,0.19315,0.19381,-0.00156,-0.00321,-0.00222,0.00074,0.00074,-51.93968,373.00000
0.21749,0.21453,0.21683,0.21223,0.21519,0.19545,0.19446,0.19216,0.19282,0.19545,-0.00025,0.00008,0.00041,-0.00057,0.00272,-52.44933,374.00000
0.21321,0.21551,0.21453,0.21354,0.21683,0.19183,0.19381,0.19183,0.19282,0.19085,-0.00156,0.00008,0.00337,-0.00156,-0.00288,-52.44933,375.00000
0.22308,0.21486,0.21223,0.21551,0.22045,0.19940,0.19479,0.19249,0.18953,0.19381,0.00107,0.00173,0.00206,-0.00057,-0.00123,-51.42486,376.00000
0.21551,0.21551,0.21847,0.22078,0.21223,0.19282,0.19183,0.19611,0.19381,0.19315,-0.00288,-0.00288,-0.00025,0.00008,-0.00123,-51.42486,377.00000
0.21650,0.22078,0.21124,0.21815,0.21091,0.19348,0.19150,0.19282,0.19611,0.19742,0.00535,-0.00288,0.00008,-0.00419,-0.00090,-50.96145,378.00000
0.21288,0.21847,0.21321,0.21650,0.21288,0.19019,0.19841,0.19019,0.19118,0.19348,0.00239,-0.00156,-0.00222,0.00107,0.00041,-50.96145,379.00000
0.20992,0.21519,0.21716,0.21321,0.21157,0.19216,0.18854,0.18986,0.19019,0.19644,-0.00123,-0.00156,-0.00255,-0.00025,0.00041,-53.00270,380.00000
0.21091,0.21782,0.21190,0.21321,0.21617,0.19414,0.19841,0.18657,0.19381,0.19742,-0.00222,-0.00189,-0.00189,0.00140,0.00173,-53.00270,381.00000
0.21617,0.22045,0.21519,0.22111,0.20927,0.18690,0.19183,0.19085,0.19052,0.19216,-0.00123,-0.00025,0.00008,-0.00057,0.00074,-54.17713,382.00000
0.20663,0.21815,0.20828,0.21551,0.21519,0.19052,0.19381,0.19611,0.19085,0.19085,0.00370,0.00140,-0.00288,0.00008,-0.00386,-54.17713,383.00000
0.22143,0.21716,0.21551,0.20861,0.21157,0.18986,0.19611,0.19578,0.19710,0.19677,0.00173,-0.00025,-0.00156,0.00140,-0.00255,-54.11249,384.00000
0.21782,0.21584,0.20565,0.21255,0.21551,0.19677,0.19578,0.19512,0.18986,0.19249,-0.00123,-0.00090,-0.00222,0.00074,-0.00090,-54.11249,385.00000
0.21519,0.21354,0.21716,0.21486,0.21453,0.19479,0.18822,0.19315,0.19578,0.19414,-0.00255,-0.00057,0.00074,-0.00222,-0.00057,-54.37558,386.00000
0.21551,0.21551,0.21584,0.21782,0.21157,0.19348,0.19282,0.19446,0.19052,0.19019,-0.00189,-0.00189,-0.00288,-0.00090,0.00370,-54.37558,387.00000
0.21453,0.21025,0.21025,0.21288,0.21782,0.18953,0.18723,0.19677,0.19479,0.19019,-0.00057,0.00337,0.00173,-0.00090,-0.00057,-54.73174,388.00000
0.21815,0.20729,0.21551,0.21913,0.21880,0.18986,0.19183,0.19282,0.18920,0.19545,0.00008,0.00041,0.00337,-0.00386,0.00337,-54.73174,389.00000
0.21288,0.21190,0.21223,0.21683,0.21354,0.19479,0.18887,0.19479,0.19282,0.19348,0.00107,-0.00123,-0.00090,0.00107,-0.00090,-54.14809,390.00000
0.21617,0.21321,0.21453,0.21683,0.21255,0.19611,0.19710,0.19644,0.19479,0.19118,-0.00025,0.00107,-0.00419,-0.00057,-0.00288,-54.14809,391.00000
0.21420,0.20992,0.20959,0.21190,0.21880,0.19282,0.19414,0.19150,0.18789,0.19085,-0.00288,-0.00025,-0.00518,-0.00090,-0.00123,-53.77571,392.00000
0.21716,0.20861,0.21091,0.21420,0.21617,0.19282,0.19381,0.19775,0.19019,0.19381,-0.00156,0.00173,-0.00321,-0.00353,-0.00222,-53.77571,393.00000
0.20959,0.21617,0.22078,0.21453,0.21519,0.19381,0.19479,0.19282,0.19479,0.19381,-0.00057,-0.00090,-0.00090,-0.00288,0.00304,-53.09879,394.00000
0.21321,0.21288,0.21584,0.21782,0.21584,0.18723,0.19315,0.19216,0.19479,0.19085,-0.00123,0.00008,-0.00189,-0.00353,-0.00419,-53.09879,395.00000
0.21387,0.21025,0.21782,0.21486,0.20959,0.19249,0.19118,0.19381,0.19348,0.19578,-0.00222,-0.00255,0.00304,-0.00156,-0.00025,-51.89119,396.00000
0.21486,0.21157,0.22045,0.21223,0.21486,0.19150,0.19611,0.19282,0.19183,0.19150,-0.00189,0.00666,-0.00090,0.00041,0.00107,-51.89119,397.00000
0.21584,0.21519,0.21749,0.21354,0.21486,0.19118,0.19677,0.19282,0.19118,0.19019,-0.00025,-0.00123,-0.00255,0.00041,0.00107,-52.43485,398.00000
0.21157,0.21847,0.21617,0.21683,0.20795,0.18887,0.19479,0.19644,0.19381,0.18887,0.00008,0.00239,-0.00090,0.00239,0.00239,-52.43485,399.00000
0.20729,0.21223,0.20894,0.21453,0.22143,0.19479,0.19249,0.19052,0.19216,0.19414,-0.00057,0.00206,-0.00090,0.00173,-0.00090,-52.03286,400.00000
0.21847,0.21519,0.21321,0.21321,0.21782,0.19545,0.19479,0.19282,0.19249,0.19512,-0.00386,-0.00321,0.00074,-0.00222,0.00041,-52.03286,401.00000
0.21453,0.21354,0.20927,0.22012,0.21190,0.18920,0.19183,0.19249,0.19282,0.18756,0.00074,0.00074,0.00272,-0.00057,-0.00090,-51.89778,402.00000
0.21486,0.21420,0.21519,0.21420,0.21387,0.19282,0.19118,0.19315,0.19249,0.19216,0.00074,-0.00419,0.00140,0.00107,-0.00156,-51.89778,403.00000
0.20861,0.21650,0.20894,0.21486,0.21716,0.19118,0.19216,0.19381,0.19545,0.18756,0.00173,0.00008,-0.00222,0.00140,-0.00025,-52.79459,404.00000
0.21288,0.21223,0.22078,0.21946,0.21486,0.19414,0.19282,0.19512,0.19381,0.19282,-0.00025,-0.00189,0.00206,0.00337,-0.00189,-52.79459,405.00000
0.21486,0.21486,0.21288,0.21519,0.21880,0.19249,0.19545,0.19479,0.19085,0.19644,-0.00090,0.00074,-0.00189,0.00140,0.00074,-52.11019,406.00000
0.21782,0.21584,0.21716,0.21354,0.22012,0.18789,0.19052,0.19249,0.19019,0.19282,-0.00090,-0.00189,-0.00025,-0.00123,0.00173,-52.11019,407.00000
0.21025,0.21946,0.21124,0.21584,0.22176,0.18887,0.19249,0.19282,0.19348,0.19118,0.00074,-0.00222,0.00008,0.00041,0.00206,-51.73380,408.00000
0.22275,0.21782,0.21255,0.21091,0.21749,0.19118,0.19512,0.18822,0.19315,0.19578,0.00239,-0.00255,-0.00025,0.00173,-0.00288,-51.73380,409.00000
0.21354,0.21683,0.21420,0.21453,0.20631,0.19085,0.19150,0.19249,0.18657,0.19512,-0.00057,0.00008,-0.00288,-0.00123,-0.00156,-53.26436,410.00000
0.21157,0.21058,0.21650,0.21683,0.20565,0.19216,0.18920,0.19150,0.19249,0.19512,-0.00025,-0.00057,-0.00156,0.00074,0.00008,-53.26436,411.00000
0.21453,0.21124,0.20992,0.22275,0.20959,0.19479,0.19644,0.19249,0.19348,0.19611,0.00008,0.00008,0.00008,-0.00090,-0.00057,-53.73667,412.00000
0.21946,0.20828,0.21453,0.21354,0.21913,0.18986,0.19545,0.19282,0.19183,0.19216,0.00140,-0.00255,-0.00255,-0.00025,0.00173,-53.73667,413.00000
0.21223,0.21584,0.21782,0.21124,0.21486,0.19545,0.19381,0.19118,0.19742,0.19085,-0.00353,-0.00057,-0.00025,0.00337,-0.00288,-53.68230,414.00000
0.21387,0.21387,0.21190,0.21584,0.21584,0.19348,0.19249,0.19545,0.19249,0.19019,-0.00222,-0.00255,-0.00025,0.00272,-0.00090,-53.68230,415.00000
0.21913,0.21749,0.21650,0.20894,0.21749,0.18986,0.19348,0.19414,0.19282,0.19282,0.00074,0.00074,0.00304,0.00041,-0.00189,-54.39486,416.00000
0.21288,0.21519,0.21288,0.21354,0.21815,0.19348,0.19249,0.19578,0.19249,0.19118,0.00074,-0.00090,0.00272,0.00173,0.00074,-54.39486,417.00000
0.21255,0.21255,0.21255,0.22209,0.21321,0.19348,0.19282,0.19183,0.19348,0.18887,-0.00353,0.00074,0.00304,-0.00156,0.00239,-54.13347,418.00000
0.21354,0.21979,0.21617,0.21058,0.21979,0.19414,0.18953,0.19249,0.19216,0.18953,0.00600,0.00140,0.00074,0.00239,-0.00090,-54.13347,419.00000
0.21354,0.20861,0.21321,0.21255,0.21946,0.18953,0.19677,0.18854,0.19315,0.19479,-0.00025,-0.00090,-0.00025,-0.00189,-0.00386,-52.92611,420.00000
0.21321,0.21551,0.21091,0.20795,0.21716,0.19315,0.19545,0.19578,0.19249,0.19348,0.00008,-0.00123,0.00337,0.00272,0.00107,-52.92611,421.00000
0.20663,0.21288,0.21749,0.21190,0.21255,0.18986,0.19644,0.19249,0.19512,0.19183,0.00008,-0.00255,-0.00090,-0.00156,0.00239,-53.58219,422.00000
0.21453,0.20762,0.21782,0.21453,0.21321,0.19052,0.18887,0.19052,0.19348,0.18887,-0.00189,0.00370,0.00206,0.00074,0.00107,-53.58219,423.00000
0.21190,0.21716,0.21420,0.21519,0.21091,0.19019,0.19019,0.19150,0.19216,0.19183,-0.00288,-0.00189,-0.00156,0.00008,0.00272,-52.44295,424.00000
0.21091,0.21190,0.21486,0.21288,0.21815,0.19249,0.18657,0.19216,0.19019,0.19611,0.00173,-0.00057,0.00304,0.00008,-0.00090,-52.44295,425.00000
0.21190,0.21716,0.21486,0.21387,0.21124,0.19446,0.18986,0.19315,0.19512,0.19381,-0.00222,-0.00353,0.00008,-0.00057,0.00107,-52.17118,426.00000
0.21420,0.21288,0.21519,0.21288,0.21749,0.19479,0.18953,0.19118,0.19348,0.19512,0.00041,0.00107,0.00041,-0.00222,-0.00321,-52.17118,427.00000
0.20861,0.21617,0.21551,0.20795,0.20894,0.19052,0.19282,0.19381,0.18920,0.19282,0.00304,0.00304,-0.00025,-0.00321,-0.00025,-52.69692,428.00000
0.21617,0.21683,0.21321,0.21716,0.21584,0.19019,0.18986,0.19216,0.19315,0.19512,0.00304,-0.00222,-0.00255,-0.00452,0.00107,-52.69692,429.00000
0.21946,0.21058,0.21584,0.21223,0.20927,0.19183,0.18986,0.19545,0.19216,0.18986,-0.00288,0.00107,-0.00057,0.00206,0.00041,-51.78791,430.00000
0.21058,0.20992,0.20927,0.21486,0.20959,0.19282,0.18854,0.19183,0.19512,0.19381,0.00140,0.00140,0.00272,0.00041,-0.00156,-51.78791,431.00000
0.21091,0.21979,0.21025,0.20959,0.21453,0.19315,0.19183,0.19249,0.18920,0.19183,0.00107,-0.00386,0.00140,0.00140,0.00206,-51.33341,432.00000
0.21387,0.20828,0.22045,0.20499,0.21551,0.19052,0.19512,0.19315,0.19578,0.19183,0.00041,0.00239,-0.00255,0.00173,0.00173,-51.33341,433.00000
0.21683,0.21749,0.20992,0.21354,0.21223,0.18789,0.19479,0.19216,0.19644,0.19315,0.00041,-0.00057,-0.00222,-0.00255,0.00337,-51.43819,434.00000
0.21815,0.21617,0.21387,0.21321,0.20795,0.19150,0.19052,0.19249,0.18920,0.19282,-0.00057,0.00107,0.00140,-0.00123,-0.00288,-51.43819,435.00000
0.21058,0.21486,0.21551,0.21453,0.21617,0.19742,0.19315,0.19315,0.19479,0.18920,-0.00255,-0.00485,-0.00321,-0.00123,-0.00025,-51.66148,436.00000
0.21321,0.21584,0.20828,0.21157,0.21617,0.18756,0.19150,0.19348,0.19315,0.19479,0.00074,0.00173,-0.00025,-0.00025,-0.00156,-51.66148,437.00000
0.21025,0.21025,0.21420,0.21782,0.21420,0.18756,0.19808,0.19118,0.19052,0.19446,0.00304,0.00173,0.00074,0.00272,-0.00222,-52.32488,438.00000
0.20828,0.21551,0.21420,0.20828,0.21190,0.19150,0.19611,0.19348,0.19019,0.19545,-0.00255,-0.00222,-0.00123,0.00008,0.00041,-52.32488,439.00000
0.21420,0.20861,0.20795,0.21354,0.20894,0.19150,0.19315,0.18854,0.18756,0.19085,-0.00025,0.00008,-0.00156,-0.00649,0.00173,-52.50277,440.00000
0.21025,0.21683,0.21255,0.21354,0.21584,0.19479,0.19118,0.18986,0.19479,0.19052,-0.00189,-0.00189,0.00206,-0.00123,0.00206,-52.50277,441.00000
0.21782,0.21091,0.21420,0.21190,0.21223,0.19348,0.19249,0.19479,0.18986,0.19414,-0.00057,0.00008,0.00173,-0.00321,-0.00057,-53.39982,442.00000
0.21486,0.20729,0.21453,0.21190,0.21091,0.19085,0.18920,0.19578,0.19512,0.19150,0.00041,-0.00025,-0.00386,0.00008,0.00008,-53.39982,443.00000
0.21683,0.20729,0.21387,0.21058,0.20894,0.19315,0.19348,0.19183,0.19578,0.18822,0.00008,-0.00057,-0.00419,-0.00057,0.00074,-54.21944,444.00000
0.21223,0.21617,0.21815,0.21551,0.21420,0.18953,0.18887,0.19315,0.18822,0.19479,-0.00321,0.00140,-0.00321,0.00403,0.00041,-54.21944,445.00000
0.21321,0.20598,0.21255,0.20861,0.20828,0.19348,0.19282,0.19183,0.19216,0.19183,0.00107,0.00173,0.00206,0.00140,-0.00057,-55.23716,446.00000
0.21288,0.21091,0.21321,0.20894,0.21354,0.19446,0.19644,0.19677,0.19381,0.18953,0.00206,0.00008,0.00041,0.00140,-0.00123,-55.23716,447.00000
0.21255,0.21354,0.21321,0.21255,0.21486,0.19150,0.19216,0.19315,0.19216,0.19183,-0.00288,-0.00025,0.00074,0.00041,0.00041,-54.54241,448.00000
0.21979,0.21190,0.21354,0.20861,0.22012,0.19118,0.19216,0.19019,0.18986,0.19085,0.00272,-0.00090,-0.00090,-0.00090,0.00173,-54.54241,449.00000
0.21255,0.21584,0.21255,0.21157,0.21091,0.18953,0.18986,0.18756,0.18953,0.19183,0.00107,-0.00156,0.00140,-0.00255,-0.00353,-53.45040,450.00000
0.21551,0.21519,0.21091,0.21190,0.21321,0.19578,0.19414,0.19085,0.19150,0.19183,-0.00321,-0.00255,-0.00222,0.00502,0.00173,-53.45040,451.00000
0.20696,0.21025,0.21551,0.21124,0.21584,0.19085,0.19940,0.19315,0.19315,0.19052,-0.00025,0.00107,0.00173,-0.00090,0.00008,-52.89464,452.00000
0.21255,0.21321,0.21321,0.21091,0.21354,0.18657,0.19611,0.19348,0.19282,0.19085,0.00173,0.00206,-0.00321,-0.00255,-0.00025,-52.89464,453.00000
0.21190,0.21058,0.21058,0.21124,0.22308,0.19446,0.18723,0.19578,0.19446,0.19315,-0.00222,0.00107,-0.00090,0.00206,0.00008,-52.94146,454.00000
0.21519,0.20959,0.21387,0.20927,0.21584,0.19644,0.19414,0.19381,0.19381,0.18690,-0.00090,0.00074,-0.00222,-0.00255,-0.00222,-52.94146,455.00000
0.21453,0.21223,0.21387,0.21584,0.20894,0.19183,0.19446,0.19085,0.19381,0.18986,0.00008,-0.00353,0.00074,-0.00255,0.00107,-51.89798,456.00000
0.21255,0.21255,0.21519,0.21354,0.21223,0.19249,0.19019,0.19348,0.19052,0.18657,0.00107,-0.00025,0.00140,-0.00156,-0.00353,-51.89798,457.00000
0.21486,0.21223,0.21683,0.21847,0.21190,0.19479,0.19381,0.18953,0.19381,0.19183,0.00239,0.00041,-0.00386,-0.00057,-0.00123,-52.39186,458.00000
0.21321,0.21157,0.21058,0.21058,0.20927,0.19545,0.18920,0.19446,0.19052,0.19216,-0.00222,-0.00189,-0.00551,-0.00090,0.00074,-52.39186,459.00000
0.21354,0.22045,0.21420,0.21025,0.21683,0.19052,0.19249,0.19315,0.19611,0.19315,-0.00288,-0.00025,-0.00222,0.00074,-0.00057,-52.43128,460.00000
0.20992,0.21815,0.21321,0.20828,0.21321,0.19249,0.18822,0.18624,0.19578,0.18986,0.00206,-0.00156,-0.00025,0.00206,-0.00057,-52.43128,461.00000
0.20696,0.21453,0.21091,0.20992,0.21058,0.19249,0.19446,0.19085,0.19742,0.19348,-0.00288,-0.00057,0.00304,-0.00123,-0.00222,-51.89679,462.00000
0.20729,0.21486,0.21321,0.21223,0.21354,0.19644,0.19183,0.19150,0.19479,0.19644,0.00041,0.00140,0.00107,0.00272,-0.00222,-51.89679,463.00000
0.20894,0.21420,0.21683,0.21288,0.21157,0.19677,0.19841,0.19183,0.19644,0.19381,0.00074,-0.00189,-0.00321,-0.00090,0.00107,-52.07877,464.00000
0.20861,0.20762,0.20663,0.21420,0.21584,0.18789,0.19315,0.19183,0.19315,0.19249,0.00107,-0.00419,-0.00353,0.00173,-0.00123,-52.07877,465.00000
0.21190,0.21190,0.21584,0.21354,0.21387,0.19512,0.19381,0.19644,0.19085,0.19808,-0.00025,0.00206,0.00074,-0.00025,-0.00419,-51.49837,466.00000
0.21453,0.20861,0.21288,0.21190,0.21354,0.19479,0.19414,0.19381,0.19282,0.18756,0.00008,-0.00419,-0.00090,0.00239,0.00272,-51.49837,467.00000
0.20927,0.21157,0.21288,0.20762,0.20992,0.19348,0.19150,0.18789,0.18986,0.19446,-0.00025,-0.00156,0.00074,0.00041,-0.00452,-50.47331,468.00000
0.20565,0.21288,0.20696,0.21190,0.21584,0.19118,0.19315,0.18887,0.19479,0.19348,0.00041,-0.00123,0.00140,0.00107,0.00041,-50.47331,469.00000
0.20894,0.21157,0.21058,0.21157,0.21354,0.19282,0.19479,0.19414,0.19019,0.19249,0.00074,-0.00025,-0.00025,0.00239,0.00107,-48.60823,470.00000
0.21124,0.21058,0.21321,0.21420,0.20894,0.18854,0.19085,0.18887,0.18920,0.19348,0.00074,-0.00189,-0.00189,-0.00123,0.00403,-48.60823,471.00000
0.21288,0.21519,0.21420,0.21387,0.21091,0.19742,0.18887,0.19019,0.19216,0.19118,-0.00057,0.00140,-0.00123,0.00206,-0.00090,-47.18498,472.00000
0.21453,0.21058,0.21486,0.20927,0.21157,0.18887,0.19282,0.19446,0.18986,0.18789,-0.00288,0.00239,-0.00025,0.00041,-0.00288,-47.18498,473.00000
0.21617,0.21584,0.21617,0.21223,0.20861,0.19282,0.19282,0.19216,0.18854,0.18657,-0.00222,-0.00353,-0.00584,-0.00255,-0.00123,-48.88057,474.00000
0.21617,0.21453,0.21321,0.21058,0.20894,0.18789,0.19249,0.18887,0.19512,0.19216,-0.00090,-0.00255,0.00008,-0.00025,0.00074,-48.88057,475.00000
0.21453,0.20828,0.21124,0.21551,0.21190,0.19282,0.19216,0.19381,0.18887,0.19479,0.00173,-0.00025,-0.00518,-0.00025,0.00206,-51.01988,476.00000
0.21387,0.21058,0.21255,0.20729,0.21157,0.19282,0.19315,0.19183,0.19085,0.19150,-0.00156,-0.00189,0.00140,0.00041,-0.00123,-52.54363,477.00000
0.20828,0.21584,0.21025,0.21321,0.20532,0.19381,0.19150,0.19414,0.19348,0.19118,0.00304,-0.00025,-0.00057,-0.00025,0.00041,-52.54363,478.00000
0.20499,0.21420,0.21354,0.20631,0.20861,0.18920,0.19183,0.18986,0.19315,0.18953,-0.00123,0.00140,0.00206,-0.00321,-0.00222,-53.16635,479.00000
0.20894,0.20927,0.21650,0.21091,0.21255,0.19150,0.19381,0.18920,0.19183,0.19183,-0.00386,-0.00222,0.00041,0.00239,-0.00123,-53.16635,480.00000
0.20959,0.21223,0.21157,0.21486,0.20565,0.19019,0.19578,0.19118,0.19446,0.19315,-0.00222,0.00041,-0.00189,0.00008,0.00272,-52.73308,481.00000
0.21584,0.20433,0.21617,0.20992,0.21157,0.19677,0.19512,0.19085,0.19381,0.19085,-0.00288,0.00304,-0.00189,-0.00189,-0.00057,-52.73308,482.00000
0.21058,0.21058,0.21815,0.20992,0.20795,0.19085,0.19052,0.19414,0.19578,0.18986,-0.00090,-0.00057,0.00107,0.00370,-0.00222,-52.64583,483.00000
0.20433,0.21223,0.21223,0.20631,0.21091,0.19249,0.18986,0.19118,0.19742,0.19150,0.00008,-0.00189,-0.00090,-0.00057,-0.00189,-52.64583,484.00000
0.20466,0.21091,0.21321,0.21288,0.20894,0.19545,0.19085,0.19085,0.19315,0.19282,-0.00090,-0.00123,0.00535,0.00568,-0.00057,-52.83659,485.00000
0.21157,0.20762,0.21551,0.21354,0.21190,0.19085,0.19118,0.19249,0.18986,0.19282,-0.00057,-0.00025,-0.00222,-0.00057,-0.00189,-52.83659,486.00000
0.20499,0.21420,0.20959,0.21091,0.20894,0.19315,0.19118,0.18953,0.19183,0.19578,-0.00123,-0.00057,0.00304,-0.00090,-0.00288,-52.51449,487.00000
0.21617,0.21584,0.21157,0.20861,0.21453,0.18854,0.19150,0.19118,0.19183,0.19019,-0.00057,0.00074,-0.00255,-0.00090,-0.00123,-52.51449,488.00000
0.20203,0.21091,0.21025,0.20861,0.21124,0.19052,0.18690,0.19578,0.19578,0.19644,0.00173,-0.00123,0.00173,-0.00025,-0.00057,-52.43400,489.00000
0.21387,0.21058,0.21157,0.21091,0.20762,0.19414,0.19315,0.19677,0.19479,0.19611,0.00008,-0.00090,0.00008,-0.00255,-0.00222,-52.43400,490.00000
0.21321,0.21387,0.20828,0.20927,0.21223,0.19249,0.19118,0.19315,0.19479,0.19677,0.00239,-0.00222,-0.00123,0.00206,0.00173,-52.44991,491.00000
0.21650,0.21124,0.21354,0.20466,0.21190,0.19479,0.18986,0.19348,0.19512,0.18887,0.00239,0.00239,-0.00156,0.00074,0.00140,-52.44991,492.00000
0.20861,0.21288,0.21058,0.21354,0.20302,0.19512,0.19150,0.19414,0.19611,0.19085,-0.00156,-0.00321,-0.00255,-0.00288,-0.00123,-52.70689,493.00000
0.21255,0.20729,0.20663,0.21486,0.20894,0.19677,0.19414,0.18986,0.19808,0.19118,0.00041,-0.00189,-0.00156,-0.00123,0.00107,-52.70689,494.00000
0.21321,0.20598,0.21223,0.21453,0.20828,0.19348,0.19282,0.19150,0.19249,0.19315,0.00008,-0.00123,0.00140,-0.00189,0.00304,-52.29583,495.00000
0.20762,0.20861,0.21288,0.21617,0.20828,0.19183,0.18756,0.19216,0.19019,0.19414,-0.00222,-0.00222,0.00107,-0.00353,-0.00386,-52.29583,496.00000
0.21551,0.21255,0.20795,0.20894,0.21058,0.18789,0.19315,0.19019,0.19414,0.19414,0.00272,0.00140,0.00074,-0.00123,-0.00090,-52.27340,497.00000
0.20828,0.20729,0.20992,0.21025,0.21321,0.19578,0.19381,0.19644,0.19512,0.19052,-0.00156,-0.00123,-0.00255,-0.00222,-0.00353,-52.27340,498.00000
0.20631,0.21124,0.21223,0.20631,0.21584,0.19249,0.19512,0.19183,0.19348,0.18756,-0.00123,-0.00090,-0.00255,0.00173,-0.00123,-52.42088,499.00000
0.21288,0.20992,0.20598,0.21453,0.20992,0.19118,0.18986,0.19545,0.19118,0.19216,-0.00090,0.00206,0.00337,0.00239,0.00173,-52.42088,500.00000
0.21157,0.20598,0.20992,0.21190,0.20598,0.19118,0.19118,0.19183,0.19052,0.19085,-0.00386,0.00304,-0.00189,-0.00189,-0.00255,-53.44677,501.00000
0.20927,0.20927,0.20631,0.21321,0.20927,0.19019,0.19644,0.18986,0.19150,0.19183,0.00074,-0.00485,0.00041,0.00304,0.00107,-53.44677,502.00000
0.20927,0.20532,0.20663,0.20631,0.21091,0.19019,0.19644,0.19216,0.18986,0.18394,-0.00156,0.00074,-0.00255,0.00239,-0.00288,-53.49585,503.00000
0.21223,0.21124,0.20696,0.21091,0.21288,0.18986,0.18986,0.19183,0.19183,0.18953,0.00008,-0.00222,0.00008,0.00239,0.00008,-53.49585,504.00000
0.20795,0.20861,0.20762,0.20663,0.20861,0.19414,0.19118,0.19315,0.18822,0.19545,-0.00288,-0.00288,0.00041,0.00140,-0.00255,-53.96228,505.00000
0.20795,0.21321,0.20992,0.20959,0.20433,0.19019,0.19414,0.19118,0.19183,0.18986,-0.00617,0.00239,0.00041,0.00041,-0.00025,-53.96228,506.00000
0.20499,0.21190,0.20335,0.21058,0.20828,0.19052,0.19019,0.19282,0.19216,0.19216,-0.00090,-0.00057,0.00074,0.00337,-0.00123,-53.53387,507.00000
0.21124,0.20927,0.20959,0.20367,0.20696,0.19381,0.19150,0.19019,0.18789,0.18723,-0.00057,-0.00123,-0.00222,0.00239,-0.00321,-53.53387,508.00000
0.20532,0.20959,0.20631,0.20795,0.21223,0.19118,0.19414,0.18822,0.19545,0.19085,0.00008,0.00107,0.00008,0.00239,-0.00123,-53.59555,509.00000
0.20959,0.20170,0.20663,0.20367,0.20894,0.19118,0.18920,0.19841,0.19446,0.19052,-0.00123,-0.00189,0.00041,0.00173,0.00008,-53.59555,510.00000
0.20631,0.20663,0.20894,0.20663,0.20729,0.18986,0.19315,0.18854,0.19249,0.18986,-0.00452,-0.00353,0.00469,0.00140,0.00173,-53.17473,511.00000
0.20565,0.21058,0.20203,0.20959,0.20696,0.19479,0.19315,0.19118,0.18690,0.19479,0.00074,0.00337,0.00107,0.00074,-0.00222,-53.17473,512.00000
0.20959,0.20861,0.20795,0.20565,0.20203,0.19512,0.19578,0.18953,0.19578,0.19381,-0.00090,0.00008,0.00041,0.00008,-0.00090,-52.90328,513.00000
0.20499,0.20959,0.20598,0.20565,0.21025,0.19216,0.19052,0.18953,0.18690,0.19118,-0.00255,-0.00057,-0.00353,0.00041,-0.00584,-52.90328,514.00000
0.20499,0.20236,0.21124,0.21190,0.21354,0.18920,0.18920,0.19249,0.19150,0.19907,0.00008,-0.00025,-0.00189,0.00272,-0.00090,-53.15574,515.00000
0.20762,0.20631,0.20565,0.21190,0.20828,0.19183,0.19118,0.19249,0.19150,0.19381,0.00041,0.00008,-0.00057,-0.00222,-0.00452,-53.15574,516.00000
0.21387,0.21223,0.21420,0.20663,0.20433,0.19512,0.19249,0.19216,0.19085,0.18822,-0.00551,-0.00090,-0.00057,0.00568,-0.00057,-52.11742,517.00000
0.21157,0.20631,0.20927,0.20729,0.20466,0.19381,0.18558,0.19183,0.19742,0.18756,-0.00025,0.00436,-0.00090,-0.00321,0.00074,-52.11742,518.00000
0.21190,0.20696,0.20499,0.20992,0.21091,0.19315,0.19446,0.18986,0.19183,0.19052,0.00304,0.00239,0.00041,0.00206,-0.00057,-51.93518,519.00000
0.20795,0.20762,0.20861,0.21091,0.20861,0.19282,0.18591,0.19052,0.18723,0.19150,0.00140,0.00206,0.00173,-0.00090,0.00304,-51.93518,520.00000
0.20795,0.20762,0.20433,0.20598,0.21519,0.19282,0.19216,0.19545,0.19973,0.18756,-0.00288,-0.00353,-0.00156,0.00074,0.00239,-52.62042,521.00000
0.20137,0.20631,0.21157,0.20269,0.21190,0.19348,0.19414,0.19085,0.19085,0.19348,-0.00321,0.00535,0.00140,0.00008,-0.00090,-52.62042,522.00000
0.20466,0.21255,0.20598,0.20302,0.20927,0.19216,0.18493,0.18822,0.18789,0.18854,0.00206,0.00206,0.00008,-0.00288,0.00008,-52.37955,523.00000
0.20137,0.21058,0.20631,0.20335,0.21124,0.19085,0.19512,0.18822,0.19052,0.19381,0.00206,-0.00156,0.00239,-0.00189,-0.00025,-52.37955,524.00000
0.20104,0.21190,0.20631,0.20071,0.20894,0.19315,0.18986,0.19348,0.19249,0.18986,-0.00156,0.00272,-0.00189,0.00140,-0.00288,-52.32747,525.00000
0.21124,0.20992,0.21223,0.20861,0.20631,0.19545,0.19052,0.19216,0.19808,0.19183,0.00140,-0.00288,-0.00353,-0.00090,-0.00288,-52.32747,526.00000
0.20433,0.21420,0.20302,0.20927,0.21255,0.19052,0.19249,0.19183,0.19183,0.19479,-0.00025,-0.00518,-0.00353,0.00239,-0.00025,-52.59928,527.00000
0.20795,0.20367,0.20367,0.20992,0.21124,0.18920,0.19085,0.19052,0.19282,0.19085,0.00074,0.00107,0.00272,0.00041,0.00140,-52.59928,528.00000
0.19907,0.20828,0.20861,0.20927,0.20006,0.19249,0.19118,0.19118,0.19150,0.19414,-0.00025,0.00304,-0.00222,0.00041,0.00140,-52.92318,529.00000
0.20565,0.20170,0.20663,0.20532,0.20631,0.19085,0.19644,0.19282,0.19249,0.19118,-0.00123,-0.00156,-0.00025,-0.00321,0.00041,-52.92318,530.00000
0.20762,0.20894,0.20269,0.20861,0.20170,0.19282,0.19315,0.19348,0.19216,0.18690,-0.00025,-0.00386,0.00173,-0.00189,-0.00057,-53.71745,531.00000
0.20400,0.20894,0.20006,0.20959,0.20927,0.19118,0.19381,0.19611,0.19183,0.19512,0.00272,-0.00222,-0.00189,0.00502,-0.00288,-53.71745,532.00000
0.20828,0.20466,0.20861,0.20894,0.20302,0.18887,0.19742,0.19414,0.19249,0.19150,-0.00123,0.00107,0.00272,0.00535,0.00041,-54.35872,533.00000
0.20565,0.20762,0.20795,0.20335,0.20631,0.19118,0.19249,0.19183,0.19414,0.18723,-0.00156,0.00173,0.00074,0.00074,0.00074,-54.35872,534.00000
0.20532,0.20071,0.21124,0.20959,0.20104,0.19381,0.19249,0.19085,0.19019,0.18920,-0.00156,0.00008,0.00008,-0.00288,0.00140,-54.74040,535.00000
0.20663,0.20631,0.20729,0.20433,0.20696,0.19315,0.19118,0.19085,0.19282,0.19512,0.00008,0.00107,-0.00090,-0.00386,-0.00386,-54.74040,536.00000
0.21058,0.20663,0.20466,0.20400,0.21058,0.18854,0.19249,0.19085,0.19282,0.19150,-0.00057,0.00239,-0.00057,0.00206,0.00107,-54.60653,537.00000
0.20400,0.20335,0.20663,0.20532,0.20170,0.19183,0.18986,0.19545,0.18822,0.19315,-0.00025,-0.00156,-0.00025,-0.00255,0.00403,-54.60653,538.00000
0.20927,0.20598,0.20367,0.20729,0.20696,0.19216,0.18887,0.19348,0.19545,0.19052,0.00074,-0.00551,0.00008,-0.00222,0.00074,-53.46781,539.00000
0.20927,0.20663,0.20269,0.20367,0.19775,0.19216,0.19150,0.19118,0.18953,0.19019,-0.00025,0.00008,0.00436,0.00008,0.00107,-53.46781,540.00000
0.20236,0.20696,0.20762,0.20203,0.20006,0.19019,0.19216,0.19479,0.19479,0.18756,0.00041,-0.00321,0.00304,0.00107,0.00272,-52.96926,541.00000
0.20466,0.20367,0.20236,0.20532,0.20269,0.18854,0.19644,0.19183,0.19216,0.19216,0.00107,0.00074,0.00041,0.00107,0.00239,-52.96926,542.00000
0.20203,0.20828,0.20894,0.19940,0.20466,0.18624,0.18953,0.18854,0.19019,0.19019,0.00469,-0.00551,0.00107,0.00074,0.00272,-52.51979,543.00000
0.20499,0.20071,0.20598,0.20499,0.20499,0.19315,0.18953,0.18986,0.19249,0.18887,0.00239,0.00140,0.00041,0.00074,-0.00025,-52.51979,544.00000
0.20861,0.20400,0.20696,0.20335,0.20466,0.18986,0.19019,0.18953,0.19052,0.19085,0.00173,-0.00156,-0.00025,-0.00025,-0.00321,-52.55872,545.00000
0.20663,0.20861,0.20104,0.20433,0.20071,0.19512,0.19512,0.19381,0.19545,0.19052,-0.00025,0.00107,-0.00025,-0.00222,0.00041,-52.55872,546.00000
0.20433,0.19874,0.20269,0.19874,0.20992,0.19249,0.19282,0.19578,0.18854,0.19019,0.00041,0.00206,0.00239,-0.00288,-0.00123,-52.55622,547.00000
0.20433,0.19907,0.20631,0.20006,0.20565,0.19216,0.18854,0.19118,0.19446,0.19118,0.00239,-0.00057,0.00008,0.00239,-0.00090,-52.55622,548.00000
0.20170,0.20038,0.20729,0.20828,0.20696,0.19348,0.19381,0.19150,0.18986,0.19019,-0.00057,0.00041,0.00107,-0.00255,-0.00123,-51.50760,549.00000
0.20729,0.20367,0.20400,0.19841,0.20302,0.19348,0.18986,0.19019,0.19052,0.18854,0.00107,-0.00057,-0.00288,-0.00156,0.00272,-51.50760,550.00000
0.20466,0.19742,0.20335,0.19940,0.20433,0.19479,0.19644,0.19052,0.19249,0.18690,0.00041,-0.00057,-0.00057,-0.00025,-0.00255,-50.90273,551.00000
0.20828,0.19578,0.20466,0.21058,0.19545,0.19150,0.19611,0.18756,0.19183,0.18920,-0.00090,0.00107,0.00173,0.00304,-0.00255,-50.90273,552.00000
0.20071,0.20762,0.20367,0.20236,0.19940,0.18558,0.19118,0.19249,0.18854,0.19282,0.00173,0.00074,-0.00353,0.00206,-0.00222,-50.37812,553.00000
0.20038,0.20302,0.19973,0.20598,0.19907,0.19381,0.19578,0.18986,0.18986,0.18953,-0.00353,-0.00057,0.00107,-0.00025,-0.00321,-50.37812,554.00000
0.20335,0.20663,0.19940,0.19874,0.20631,0.19282,0.18854,0.19019,0.19150,0.18822,0.00074,-0.00025,0.00074,-0.00485,0.00041,-48.89267,555.00000
0.20400,0.20598,0.20335,0.20203,0.20302,0.19019,0.19381,0.19381,0.19282,0.19052,-0.00189,0.00337,0.00107,-0.00123,-0.00057,-48.89267,556.00000
0.20302,0.20565,0.19841,0.19578,0.20565,0.18558,0.19414,0.18920,0.18822,0.19085,-0.00025,0.00107,-0.00025,0.00107,0.00304,-48.27446,557.00000
0.20367,0.21124,0.20170,0.21025,0.20367,0.19052,0.19052,0.18986,0.19085,0.19249,0.00173,0.00337,-0.00025,-0.00485,-0.00353,-48.27446,558.00000
0.20762,0.19808,0.20335,0.20762,0.20006,0.19315,0.18953,0.19052,0.19381,0.19479,0.00173,-0.00123,0.00008,0.00140,0.00008,-49.05911,559.00000
0.20038,0.20104,0.20433,0.20269,0.19742,0.19118,0.19118,0.19414,0.19578,0.19446,-0.00123,0.00041,-0.00353,0.00304,-0.00321,-49.05911,560.00000
0.20335,0.20104,0.19841,0.20269,0.20170,0.19348,0.18756,0.19216,0.19348,0.19348,-0.00123,-0.00321,0.00173,-0.00189,-0.00025,-50.54274,561.00000
0.20137,0.20466,0.20367,0.20203,0.19907,0.18657,0.19183,0.18887,0.19118,0.19381,0.00403,-0.00222,-0.00189,-0.00353,0.00041,-50.54274,562.00000
0.20236,0.20433,0.20598,0.19742,0.20006,0.19150,0.19446,0.19216,0.19249,0.19183,0.00008,-0.00222,-0.00025,0.00041,-0.00090,-51.55311,563.00000
0.20400,0.20104,0.20006,0.20236,0.20203,0.18854,0.19348,0.19446,0.19052,0.18624,-0.00156,0.00173,-0.00123,0.00173,0.00041,-51.55311,564.00000
0.20137,0.20006,0.20433,0.20499,0.20104,0.18854,0.19414,0.18887,0.19150,0.19019,-0.00189,-0.00025,-0.00123,-0.00090,-0.00057,-52.94452,565.00000
0.20302,0.20367,0.20499,0.20367,0.20598,0.18986,0.19907,0.19446,0.19085,0.19512,-0.00025,-0.00057,0.00008,0.00008,0.00272,-52.94452,566.00000
0.20071,0.20071,0.20302,0.20795,0.19874,0.18789,0.19249,0.19677,0.19381,0.19381,0.00008,-0.00156,-0.00255,-0.00025,0.00272,-53.99912,567.00000
0.19973,0.20631,0.19874,0.20367,0.20663,0.19677,0.19019,0.19183,0.18822,0.19118,-0.00189,0.00337,0.00074,0.00074,0.00304,-53.99912,568.00000
0.20038,0.19742,0.20071,0.20696,0.20335,0.18887,0.19019,0.19381,0.19381,0.19216,-0.00123,-0.00156,-0.00189,-0.00090,-0.00189,-53.82573,569.00000
0.20236,0.20335,0.20104,0.20729,0.19446,0.19216,0.19216,0.18986,0.19150,0.19348,-0.00090,0.00140,-0.00255,-0.00025,0.00008,-53.82573,570.00000
0.20236,0.20006,0.20038,0.19973,0.20696,0.19479,0.19446,0.18789,0.19118,0.19019,-0.00189,-0.00025,0.00140,-0.00057,-0.00321,-54.06374,571.00000
0.20598,0.19611,0.20170,0.19742,0.20598,0.19578,0.19512,0.19183,0.19052,0.18558,-0.00288,-0.00123,-0.00090,-0.00123,-0.00057,-54.06374,572.00000
0.20170,0.20006,0.20104,0.20565,0.20071,0.19052,0.19315,0.19611,0.19249,0.18789,0.00008,0.00239,0.00074,-0.00222,0.00008,-53.30629,573.00000
0.19677,0.20433,0.19841,0.19907,0.20631,0.19216,0.19052,0.19512,0.18624,0.19183,-0.00321,-0.00386,-0.00123,0.00074,-0.00090,-53.30629,574.00000
0.20006,0.19677,0.20335,0.20006,0.19545,0.19150,0.18887,0.18953,0.19282,0.18953,0.00008,-0.00321,0.00173,0.00140,0.00074,-52.93000,575.00000
0.19940,0.20663,0.19677,0.20367,0.20236,0.19479,0.19545,0.19348,0.18854,0.18822,-0.00288,-0.00288,-0.00123,-0.00090,0.00239,-52.93000,576.00000
0.21288,0.20137,0.19874,0.20367,0.19973,0.19348,0.19446,0.19512,0.19216,0.19315,0.00107,0.00008,-0.00255,-0.00288,-0.00123,-52.69791,577.00000
0.19677,0.20631,0.19742,0.19808,0.19775,0.19282,0.18920,0.18822,0.18986,0.19282,-0.00090,0.00041,-0.00189,-0.00090,-0.00156,-52.69791,578.00000
0.19973,0.20335,0.20006,0.19907,0.20203,0.19216,0.19052,0.19150,0.18920,0.19381,0.00173,-0.00156,-0.00156,-0.00123,-0.00156,-52.02767,579.00000
0.19874,0.19710,0.20302,0.19545,0.20236,0.19052,0.19183,0.19446,0.19019,0.19315,-0.00551,0.00206,-0.00025,0.00008,0.00041,-52.02767,580.00000
0.20236,0.19216,0.20203,0.19808,0.19677,0.19315,0.19282,0.18953,0.18460,0.18887,0.00107,0.00041,-0.00057,0.00041,0.00107,-51.85612,581.00000
0.19677,0.20565,0.19973,0.19808,0.20269,0.18986,0.19183,0.19315,0.19052,0.19183,0.00041,0.00337,-0.00255,0.00008,0.00074,-51.85612,582.00000
0.19973,0.19677,0.19742,0.20006,0.19874,0.19118,0.19118,0.19150,0.19183,0.18887,0.00140,-0.00090,-0.00288,0.00008,0.00370,-52.00716,583.00000
0.20038,0.19973,0.20335,0.20038,0.19940,0.19249,0.19150,0.18986,0.19381,0.18920,0.00239,0.00140,0.00107,-0.00419,0.00239,-52.00716,584.00000
0.19775,0.20532,0.20038,0.19973,0.19973,0.19150,0.19446,0.19085,0.19085,0.19183,-0.00123,0.00173,-0.00222,0.00140,-0.00288,-52.18278,585.00000
0.19907,0.20302,0.20038,0.20170,0.20038,0.19381,0.19150,0.19150,0.19216,0.19348,0.00272,-0.00189,0.00239,0.00107,0.00239,-52.18278,586.00000
0.20433,0.19874,0.20137,0.20663,0.19479,0.18986,0.19446,0.19414,0.19611,0.19216,0.00140,-0.00025,-0.00057,-0.00189,-0.00025,-52.21688,587.00000
0.19907,0.19775,0.20532,0.19381,0.20433,0.18854,0.19282,0.19315,0.18756,0.19479,-0.00321,0.00337,0.00008,-0.00057,0.00041,-52.21688,588.00000
0.20038,0.19874,0.19874,0.19545,0.20137,0.19249,0.19052,0.19216,0.18986,0.19019,-0.00057,0.00041,-0.00057,-0.00123,0.00074,-52.87113,589.00000
0.20071,0.19841,0.19677,0.19677,0.19775,0.19381,0.19479,0.19315,0.19446,0.19183,0.00206,-0.00156,-0.00156,-0.00551,-0.00123,-52.87113,590.00000
0.20170,0.19578,0.19775,0.19282,0.20335,0.19249,0.19052,0.19381,0.18822,0.19118,-0.00255,-0.00189,0.00304,-0.00321,-0.00123,-53.02004,591.00000
0.20038,0.20302,0.20104,0.19512,0.19677,0.19479,0.19315,0.19677,0.19216,0.19019,0.00041,0.00107,0.00239,-0.00123,-0.00321,-53.02004,592.00000
0.19808,0.20071,0.20400,0.19446,0.20335,0.19183,0.18624,0.18953,0.18953,0.19348,0.00008,-0.00222,-0.00222,0.00304,-0.00057,-53.80738,593.00000
0.20236,0.20006,0.19512,0.19973,0.19710,0.18986,0.18887,0.18887,0.19019,0.19085,0.00074,-0.00057,-0.00156,0.00173,-0.00551,-53.80738,594.00000
0.20203,0.19611,0.19710,0.19710,0.19183,0.19216,0.19282,0.19315,0.18953,0.19019,0.00502,0.00041,-0.00255,0.00008,-0.00057,-54.57947,595.00000
0.19808,0.19611,0.19940,0.19348,0.20006,0.19315,0.19085,0.19249,0.19446,0.19348,-0.00288,-0.00255,-0.00255,0.00008,-0.00090,-54.57947,596.00000
0.19183,0.19808,0.19907,0.19644,0.19611,0.19183,0.19019,0.19578,0.19282,0.18887,0.00008,0.00041,-0.00189,0.00008,-0.00255,-54.86786,597.00000
0.20071,0.19381,0.19282,0.19710,0.19742,0.18690,0.19118,0.19183,0.18789,0.19315,-0.00288,-0.00419,-0.00123,-0.00288,-0.00156,-54.86786,598.00000
0.20631,0.19150,0.20302,0.19940,0.19348,0.18526,0.18986,0.19282,0.18920,0.19052,-0.00419,-0.00288,-0.00123,0.00008,0.00206,-54.13315,599.00000
0.19545,0.19414,0.19545,0.19644,0.19742,0.19414,0.19216,0.18854,0.18986,0.18986,0.00140,-0.00057,0.00041,-0.00189,0.00107,-54.13315,600.00000
0.19841,0.19446,0.19512,0.19677,0.19677,0.19249,0.18624,0.18920,0.19150,0.19052,0.00074,-0.00156,-0.00025,-0.00452,0.00008,-53.72917,601.00000
0.19973,0.19545,0.19249,0.19249,0.19249,0.19611,0.18986,0.19118,0.19216,0.19973,0.00140,-0.00386,-0.00518,0.00239,-0.00090,-53.72917,602.00000
0.19742,0.19841,0.19348,0.19446,0.19118,0.19479,0.18854,0.19446,0.18986,0.19150,-0.00025,-0.00321,-0.00025,-0.00288,0.00140,-52.90951,603.00000
0.19710,0.19414,0.19545,0.19479,0.19775,0.18789,0.18920,0.19381,0.19348,0.19479,-0.00057,-0.00090,-0.00090,-0.00353,-0.00123,-52.90951,604.00000
0.19644,0.19907,0.19446,0.19808,0.19446,0.19249,0.18953,0.18756,0.19479,0.19118,0.00140,0.00436,0.00041,0.00140,0.00107,-51.94792,605.00000
0.19118,0.20038,0.19644,0.19677,0.19742,0.19446,0.18920,0.19085,0.19085,0.18986,-0.00090,-0.00123,0.00370,-0.00057,-0.00419,-51.94792,606.00000
0.19085,0.19381,0.19249,0.19085,0.19940,0.19019,0.19381,0.19019,0.19052,0.19315,-0.00189,0.00041,-0.00123,-0.00057,0.00041,-52.06038,607.00000
0.19183,0.20466,0.19710,0.19150,0.19282,0.18789,0.19019,0.19841,0.19315,0.19249,0.00074,0.00140,0.00008,-0.00419,0.00074,-52.06038,608.00000
0.19742,0.19052,0.19644,0.19545,0.19315,0.19381,0.19479,0.18854,0.19512,0.19183,-0.00057,0.00041,-0.00156,0.00239,0.00008,-51.98478,609.00000
0.19808,0.19841,0.19578,0.19249,0.19150,0.19315,0.19249,0.19479,0.19479,0.19381,0.00272,0.00107,-0.00057,-0.00222,0.00140,-51.98478,610.00000
0.18920,0.19216,0.20170,0.19348,0.19414,0.18953,0.19216,0.19150,0.19282,0.19512,0.00041,-0.00156,-0.00189,0.00304,-0.00255,-51.41964,611.00000
0.19052,0.19249,0.19348,0.19315,0.19710,0.19249,0.19381,0.19249,0.18920,0.19019,0.00074,-0.00123,0.00140,0.00074,-0.00189,-51.41964,612.00000
0.19019,0.19348,0.19348,0.19808,0.18953,0.19348,0.18986,0.19216,0.19216,0.19381,-0.00156,0.00140,0.00008,-0.00025,-0.00156,-51.89878,613.00000
0.19578,0.19019,0.19249,0.19578,0.19348,0.18854,0.19150,0.19414,0.19183,0.19249,0.00140,-0.00386,0.00206,0.00568,0.00272,-51.89878,614.00000
0.19381,0.19545,0.19348,0.19578,0.19183,0.18920,0.18789,0.19479,0.19315,0.19742,-0.00189,-0.00090,-0.00288,0.00074,0.00173,-52.16521,615.00000
0.19479,0.18986,0.19644,0.19545,0.18920,0.19085,0.18986,0.19414,0.19315,0.19052,-0.00189,-0.00025,0.00272,0.00337,-0.00156,-52.16521,616.00000
0.19479,0.18986,0.19216,0.19381,0.19578,0.19512,0.19118,0.19216,0.18789,0.19446,0.00041,0.00041,0.00469,-0.00255,-0.00189,-51.86386,617.00000
0.19348,0.19907,0.19085,0.19118,0.20071,0.19249,0.19348,0.18920,0.19183,0.18953,0.00107,0.00107,0.00140,0.00107,0.00337,-51.86386,618.00000
0.19052,0.19381,0.18822,0.19249,0.19479,0.18986,0.19479,0.19118,0.19545,0.19183,-0.00057,0.00304,-0.00518,-0.00288,-0.00090,-52.69706,619.00000
0.20302,0.19019,0.19348,0.19052,0.19677,0.18953,0.19183,0.19019,0.19381,0.19118,0.00107,-0.00321,-0.00090,0.00140,0.00107,-52.69706,620.00000
0.18953,0.19677,0.19052,0.18986,0.19446,0.19019,0.18756,0.18887,0.19150,0.19512,-0.00288,-0.00321,-0.00123,-0.00255,-0.00057,-53.60195,621.00000
0.19742,0.18953,0.19644,0.18887,0.19315,0.19019,0.18789,0.19118,0.19183,0.18822,0.00074,0.00239,-0.00156,0.00107,0.00304,-53.60195,622.00000
0.18887,0.19512,0.19019,0.18986,0.19216,0.19348,0.19677,0.18854,0.19578,0.19282,0.00173,0.00239,0.00173,0.00206,0.00206,-53.59297,623.00000
0.19150,0.19611,0.19545,0.19808,0.18328,0.18789,0.18854,0.19512,0.19282,0.19446,0.00107,-0.00584,-0.00057,0.00239,-0.00123,-53.59297,624.00000
0.19085,0.18822,0.18986,0.19479,0.19578,0.19183,0.18657,0.19249,0.19183,0.19512,0.00403,-0.00222,0.00206,0.00008,0.00272,-54.11582,625.00000
0.18953,0.19282,0.19249,0.19479,0.19414,0.19381,0.18887,0.18526,0.19315,0.19085,-0.00419,-0.00288,0.00041,-0.00156,0.00469,-54.11582,626.00000
0.18328,0.18953,0.18460,0.19907,0.18591,0.18789,0.18690,0.18460,0.18986,0.19414,0.00074,0.00140,0.00272,-0.00057,0.00173,-53.88408,627.00000
0.18822,0.19249,0.19183,0.18986,0.19348,0.19019,0.19183,0.19216,0.19183,0.18756,0.00239,-0.00386,-0.00222,0.00041,-0.00682,-53.88408,628.00000
0.19216,0.19249,0.18986,0.19512,0.19512,0.18624,0.19249,0.19414,0.19249,0.18723,-0.00090,0.00173,0.00206,0.00140,-0.00090,-53.43618,629.00000
0.19085,0.18986,0.18986,0.19381,0.19545,0.19085,0.19348,0.19446,0.19446,0.19381,-0.00057,0.00107,0.00041,0.00436,-0.00025,-53.43618,630.00000
0.18493,0.18920,0.18854,0.19019,0.18920,0.19150,0.18854,0.18887,0.19512,0.18986,0.00041,-0.00222,-0.00090,-0.00090,0.00074,-54.01301,631.00000
0.18789,0.18887,0.19216,0.18986,0.19052,0.18789,0.19446,0.18887,0.19085,0.18920,-0.00057,0.00140,0.00173,0.00173,0.00107,-54.01301,632.00000
0.19282,0.19414,0.18887,0.19019,0.19118,0.19249,0.18953,0.19348,0.18822,0.18854,0.00140,0.00074,0.00173,0.00041,0.00041,-53.45914,633.00000
0.18756,0.19118,0.19019,0.18822,0.18854,0.18854,0.19183,0.19512,0.19150,0.19019,-0.00386,0.00469,0.00008,-0.00386,-0.00386,-53.45914,634.00000
0.19019,0.19611,0.19216,0.18723,0.19118,0.18690,0.18624,0.19118,0.18854,0.19085,-0.00057,-0.00090,0.00041,-0.00156,-0.00189,-52.86971,635.00000
0.18953,0.19019,0.19216,0.18822,0.19052,0.19479,0.18854,0.19183,0.18920,0.19118,-0.00123,0.00140,-0.00189,0.00041,0.00008,-52.86971,636.00000
0.18723,0.18624,0.19183,0.18789,0.18756,0.19216,0.19085,0.19216,0.19150,0.18756,0.00140,-0.00057,-0.00485,0.00140,0.00074,-52.58232,637.00000
0.19348,0.18887,0.19446,0.18427,0.18756,0.18953,0.19315,0.19019,0.19282,0.18854,0.00041,0.00304,-0.00189,0.00107,-0.00025,-52.58232,638.00000
0.18920,0.18460,0.19019,0.18657,0.18591,0.19183,0.18789,0.19677,0.18690,0.19348,0.00008,0.00140,-0.00123,-0.00057,-0.00090,-52.36538,639.00000
0.18558,0.18920,0.18657,0.18953,0.18723,0.18822,0.18822,0.19512,0.18854,0.19315,0.00304,-0.00386,-0.00518,-0.00353,-0.00123,-52.36538,640.00000
0.18394,0.18624,0.18558,0.19052,0.18526,0.19282,0.18789,0.18690,0.18887,0.18854,0.00107,-0.00090,-0.00156,0.00140,0.00107,-51.88581,641.00000
0.18262,0.18493,0.18558,0.18920,0.19150,0.18986,0.19052,0.19216,0.19479,0.18328,-0.00123,0.00173,0.00008,0.00206,-0.00057,-51.88581,642.00000
0.18986,0.18591,0.18262,0.18262,0.18986,0.19118,0.18854,0.19085,0.18986,0.18887,-0.00353,0.00041,0.00403,-0.00386,0.00074,-52.27836,643.00000
0.18460,0.18591,0.18657,0.19052,0.18789,0.19150,0.19611,0.18887,0.19282,0.19677,0.00041,0.00140,0.00173,0.00304,0.00140,-52.27836,644.00000
0.18854,0.18197,0.18460,0.19348,0.18262,0.18789,0.18558,0.19282,0.19414,0.19446,0.00074,0.00041,-0.00156,0.00074,-0.00353,-52.14504,645.00000
0.18526,0.18328,0.18953,0.18230,0.19118,0.19348,0.19545,0.19611,0.19545,0.19216,-0.00123,0.00304,-0.00222,0.00008,0.00140,-52.14504,646.00000
0.18493,0.19118,0.18394,0.18591,0.18624,0.19315,0.19348,0.19019,0.19446,0.18789,-0.00255,0.00206,-0.00057,0.00304,0.00074,-51.99781,647.00000
0.18493,0.18624,0.18262,0.18197,0.19085,0.18756,0.18920,0.19545,0.19216,0.19282,0.00304,0.00568,0.00008,-0.00288,-0.00057,-51.99781,648.00000
0.18394,0.18164,0.18394,0.18690,0.18394,0.19381,0.18887,0.19545,0.19118,0.19150,-0.00025,0.00272,-0.00386,-0.00123,-0.00025,-52.12928,649.00000
0.18164,0.18591,0.18953,0.18262,0.18822,0.19315,0.19216,0.18920,0.19545,0.19578,-0.00123,0.00041,-0.00386,-0.00090,0.00140,-52.12928,650.00000
0.18690,0.18986,0.18065,0.19019,0.18230,0.19118,0.19052,0.19348,0.19249,0.19611,-0.00255,-0.00189,0.00008,-0.00090,0.00140,-53.22040,651.00000
0.18854,0.18295,0.18427,0.18361,0.19085,0.19381,0.19348,0.19150,0.19479,0.19381,0.00272,0.00206,-0.00057,0.00140,0.00403,-53.22040,652.00000
0.18591,0.18460,0.18427,0.18591,0.18756,0.19019,0.19085,0.18822,0.19479,0.19512,0.00140,-0.00025,-0.00255,-0.00123,0.00272,-53.76352,653.00000
0.18723,0.18789,0.18657,0.18493,0.18558,0.19118,0.19183,0.19216,0.19118,0.19282,0.00074,0.00107,0.00074,-0.00321,0.00107,-53.76352,654.00000
0.18164,0.18624,0.18526,0.17769,0.17901,0.19315,0.18789,0.19183,0.19545,0.19282,0.00140,0.00041,-0.00222,-0.00156,0.00206,-53.89592,655.00000
0.18427,0.18854,0.18624,0.17966,0.18460,0.18953,0.18986,0.19414,0.19019,0.18756,-0.00025,0.00074,-0.00025,0.00041,-0.00090,-53.89592,656.00000
0.17868,0.18887,0.18131,0.18295,0.18197,0.19150,0.18953,0.19414,0.18887,0.19216,0.00304,-0.00222,-0.00386,0.00008,0.00239,-54.46993,657.00000
0.18361,0.18361,0.18230,0.18328,0.18230,0.19150,0.19118,0.19216,0.19249,0.19282,-0.00123,0.00041,-0.00156,-0.00025,-0.00222,-54.46993,658.00000
0.18854,0.17638,0.18098,0.18328,0.18197,0.19282,0.18854,0.19118,0.19216,0.19019,0.00173,0.00206,-0.00386,0.00074,-0.00156,-53.71202,659.00000
0.18032,0.17802,0.18361,0.18197,0.18427,0.19249,0.19085,0.18986,0.18986,0.18887,0.00370,-0.00156,0.00436,0.00041,0.00107,-53.71202,660.00000
0.18197,0.18591,0.17901,0.18493,0.18197,0.19118,0.19479,0.19282,0.19183,0.19150,0.00041,-0.00156,0.00008,-0.00057,-0.00321,-53.27691,661.00000
0.18032,0.17966,0.17901,0.18098,0.17835,0.19052,0.18690,0.18986,0.19150,0.19183,0.00107,-0.00189,-0.00156,0.00041,0.00008,-53.27691,662.00000
0.18098,0.17835,0.18624,0.18690,0.17736,0.19545,0.19118,0.19216,0.18756,0.19118,-0.00025,-0.00255,0.00173,0.00173,-0.00057,-52.44900,663.00000
0.18262,0.18032,0.18295,0.18295,0.18098,0.19381,0.19118,0.19315,0.19216,0.19183,-0.00090,-0.00057,-0.00189,-0.00123,-0.00090,-52.44900,664.00000
0.17703,0.18262,0.17934,0.17934,0.17966,0.18822,0.19085,0.19414,0.19216,0.18822,0.00206,0.00535,0.00008,0.00272,-0.00452,-51.96180,665.00000
0.18164,0.18197,0.18098,0.18690,0.17835,0.19348,0.19249,0.19414,0.18920,0.18887,0.00206,-0.00090,0.00304,-0.00057,-0.00090,-51.96180,666.00000
0.18262,0.18197,0.17374,0.18131,0.18295,0.19282,0.18723,0.18986,0.19216,0.19249,-0.00025,0.00008,-0.00123,-0.00222,-0.00123,-51.60590,667.00000
0.18262,0.17473,0.18295,0.18032,0.17999,0.18789,0.19118,0.19183,0.19118,0.19249,0.00041,-0.00057,-0.00090,-0.00025,-0.00255,-51.60590,668.00000
0.17572,0.18328,0.17802,0.18657,0.18131,0.18986,0.19545,0.18723,0.18789,0.19150,-0.00156,-0.00057,0.00173,-0.00222,0.00041,-51.43772,669.00000
0.17868,0.18032,0.18032,0.17605,0.18262,0.19381,0.18920,0.19677,0.19216,0.18920,0.00272,-0.00025,-0.00025,-0.00255,-0.00025,-51.43772,670.00000
0.17769,0.18065,0.18328,0.17243,0.18131,0.18953,0.19183,0.19216,0.19414,0.18953,0.00272,0.00140,-0.00025,-0.00353,0.00239,-51.40733,671.00000
0.17934,0.17572,0.17703,0.17374,0.18328,0.19545,0.19150,0.18854,0.18920,0.18854,0.00272,-0.00057,0.00008,0.00239,0.00403,-51.40733,672.00000
0.17374,0.18098,0.18131,0.18032,0.18624,0.19019,0.19183,0.19315,0.18920,0.19118,-0.00222,-0.00025,-0.00025,0.00239,0.00107,-52.06841,673.00000
0.18230,0.17473,0.17934,0.17572,0.17901,0.18887,0.18953,0.19348,0.18887,0.19249,0.00206,-0.00090,-0.00025,-0.00123,-0.00321,-52.06841,674.00000
0.17703,0.18197,0.17966,0.17802,0.18065,0.19085,0.19414,0.19710,0.19118,0.19414,-0.00123,-0.00353,0.00272,-0.00255,-0.00156,-52.47952,675.00000
0.18065,0.17769,0.17144,0.17802,0.18131,0.19052,0.18854,0.19249,0.19578,0.19216,-0.00222,-0.00090,-0.00189,-0.00156,-0.00189,-52.47952,676.00000
0.17736,0.17670,0.17605,0.17868,0.17835,0.18986,0.18854,0.19381,0.19052,0.18854,-0.00222,0.00041,-0.00090,0.00173,-0.00222,-52.64113,677.00000
0.17243,0.17440,0.17769,0.18131,0.17506,0.19381,0.19052,0.19479,0.19315,0.19216,-0.00090,-0.00189,0.00140,-0.00057,0.00008,-52.64113,678.00000
0.17703,0.17605,0.17572,0.17407,0.17703,0.18953,0.19512,0.19085,0.18822,0.19216,0.00272,-0.00123,-0.00386,-0.00057,-0.00057,-52.68287,679.00000
0.17868,0.18098,0.17342,0.17802,0.17638,0.19315,0.18822,0.19414,0.19216,0.19282,0.00140,-0.00419,-0.00025,-0.00123,-0.00025,-52.68287,680.00000
0.17966,0.17374,0.18262,0.17868,0.17901,0.18854,0.19183,0.18920,0.19315,0.18953,-0.00288,-0.00057,-0.00090,0.00041,-0.00057,-53.58264,681.00000
0.17966,0.17276,0.17144,0.17736,0.17670,0.19479,0.19249,0.19150,0.19348,0.19150,0.00206,-0.00090,-0.00057,0.00107,-0.00255,-53.58264,682.00000
0.17605,0.17835,0.17802,0.17506,0.17802,0.19183,0.19052,0.18789,0.19315,0.19381,-0.00222,-0.00057,-0.00189,0.00107,0.00074,-53.28058,683.00000
0.17243,0.17539,0.17506,0.17638,0.18065,0.19019,0.19118,0.19381,0.19381,0.19085,-0.00057,-0.00123,0.00074,0.00008,-0.00288,-53.28058,684.00000
0.18098,0.17440,0.16881,0.18098,0.18032,0.19052,0.19019,0.19150,0.19282,0.19611,0.00239,0.00239,-0.00255,-0.00123,0.00206,-53.89615,685.00000
0.17276,0.17572,0.17374,0.17243,0.17210,0.19150,0.18526,0.18920,0.18887,0.19381,-0.00189,-0.00025,-0.00123,-0.00025,-0.00189,-53.89615,686.00000
0.17670,0.16848,0.18131,0.17703,0.17177,0.19414,0.18920,0.19216,0.19446,0.19183,-0.00025,-0.00025,0.00074,0.00107,0.00107,-54.12093,687.00000
0.17342,0.17309,0.17638,0.17605,0.17670,0.18591,0.19249,0.19282,0.18887,0.18493,-0.00288,-0.00255,-0.00156,0.00008,0.00272,-54.12093,688.00000
0.17736,0.17605,0.17769,0.17078,0.17309,0.19183,0.19118,0.19019,0.19512,0.18854,0.00107,-0.00222,0.00206,0.00074,0.00337,-53.76701,689.00000
0.17276,0.17243,0.16980,0.17703,0.17703,0.18953,0.19381,0.19085,0.18756,0.19183,0.00008,-0.00156,0.00140,-0.00090,0.00140,-53.76701,690.00000
0.17868,0.17309,0.17506,0.17111,0.17243,0.19150,0.18756,0.19216,0.19052,0.19414,0.00041,0.00206,0.00008,0.00008,-0.00222,-53.31417,691.00000
0.17177,0.17013,0.17111,0.17276,0.17309,0.18887,0.19414,0.19512,0.19019,0.18953,-0.00057,0.00074,-0.00090,-0.00189,-0.00123,-53.31417,692.00000
0.17045,0.17440,0.17374,0.17506,0.17769,0.19085,0.18690,0.19085,0.18723,0.18361,-0.00090,-0.00090,0.00041,-0.00222,-0.00156,-53.49058,693.00000
0.17473,0.16848,0.17407,0.17144,0.16717,0.18789,0.19249,0.18920,0.19085,0.19282,-0.00057,-0.00090,0.00041,-0.00321,0.00107,-53.49058,694.00000
0.17177,0.17210,0.17999,0.16453,0.17703,0.19677,0.19150,0.18953,0.19216,0.19479,-0.00025,0.00041,-0.00353,-0.00057,0.00008,-52.72674,695.00000
0.17210,0.17309,0.16947,0.16881,0.17111,0.19150,0.18657,0.18723,0.19479,0.18986,-0.00156,0.00370,-0.00057,0.00436,0.00008,-52.72674,696.00000
0.16980,0.17802,0.16684,0.17572,0.16815,0.18854,0.19414,0.19479,0.18723,0.19479,-0.00090,-0.00255,-0.00123,-0.00090,0.00173,-52.99667,697.00000
0.17670,0.17506,0.16848,0.16947,0.17703,0.19315,0.19150,0.18756,0.19512,0.18887,-0.00057,-0.00419,0.00140,0.00074,-0.00025,-52.99667,698.00000
0.17572,0.16914,0.17144,0.17210,0.17013,0.18953,0.18690,0.19118,0.19052,0.19479,-0.00222,0.00173,-0.00518,-0.00321,-0.00025,-52.50419,699.00000
0.16552,0.17013,0.16980,0.16651,0.16782,0.19052,0.19282,0.18887,0.19611,0.19545,-0.00156,-0.00090,-0.00189,-0.00156,-0.00255,-52.50419,700.00000
0.16947,0.16980,0.16815,0.17670,0.17210,0.19282,0.19611,0.19183,0.19118,0.18822,-0.00123,0.00041,0.00008,-0.00353,0.00272,-52.02602,701.00000
0.16914,0.16486,0.17572,0.16651,0.16421,0.18690,0.18558,0.18460,0.18822,0.18986,0.00272,0.00206,-0.00156,0.00140,0.00041,-52.02602,702.00000
0.16717,0.16618,0.17374,0.16881,0.16947,0.18986,0.18690,0.19348,0.19216,0.19216,-0.00419,0.00107,-0.00057,-0.00222,-0.00156,-52.09455,703.00000
0.17045,0.17045,0.16256,0.16947,0.16651,0.18723,0.19216,0.19085,0.19644,0.19315,0.00173,0.00107,-0.00189,0.00107,0.00041,-52.09455,704.00000
0.17013,0.17144,0.17045,0.16881,0.16519,0.18526,0.19019,0.19479,0.19315,0.19118,0.00074,-0.00123,0.00535,-0.00025,-0.00057,-52.34611,705.00000
0.16519,0.16585,0.16914,0.17210,0.16914,0.18723,0.18953,0.18854,0.19381,0.19183,-0.00353,0.00107,-0.00090,-0.00057,-0.00057,-52.34611,706.00000
0.17605,0.17078,0.16717,0.16815,0.16782,0.18986,0.19216,0.19118,0.19085,0.18986,-0.00123,0.00074,0.00140,-0.00057,-0.00123,-52.39131,707.00000
0.17309,0.16552,0.17276,0.16453,0.16947,0.19249,0.19249,0.19118,0.18953,0.19052,-0.00584,-0.00025,-0.00123,0.00041,0.00206,-52.39131,708.00000
0.17013,0.17078,0.16815,0.17013,0.17210,0.19183,0.19216,0.19019,0.18822,0.18920,-0.00288,-0.00222,-0.00123,-0.00057,0.00107,-53.36363,709.00000
0.16684,0.16980,0.16486,0.16848,0.16717,0.19315,0.19282,0.18920,0.19150,0.19118,-0.00090,-0.00025,-0.00090,-0.00353,0.00173,-53.36363,710.00000
0.16684,0.16618,0.16421,0.16585,0.16914,0.18953,0.19611,0.18854,0.19052,0.19677,-0.00189,-0.00123,0.00272,0.00107,-0.00156,-53.72527,711.00000
0.16717,0.16815,0.17045,0.16026,0.16256,0.19118,0.19381,0.18953,0.19512,0.18822,-0.00321,-0.00090,0.00008,-0.00025,-0.00057,-53.72527,712.00000
0.16092,0.16552,0.16388,0.16717,0.16618,0.19249,0.18822,0.19315,0.18920,0.19677,-0.00353,0.00107,-0.00189,-0.00189,-0.00057,-55.04379,713.00000
0.16914,0.16651,0.17243,0.16256,0.16453,0.19118,0.19085,0.18920,0.19150,0.18986,-0.00222,-0.00255,0.00272,0.00206,0.00206,-55.04379,714.00000
0.15730,0.16947,0.16322,0.16486,0.16453,0.18953,0.19348,0.19348,0.19381,0.19446,-0.00057,0.00074,-0.00057,0.00140,0.00074,-54.93644,715.00000
0.16552,0.16519,0.16125,0.16026,0.16782,0.19183,0.18986,0.19019,0.19282,0.19019,-0.00156,0.00041,0.00304,0.00206,-0.00189,-54.93644,716.00000
0.17473,0.16618,0.16618,0.16618,0.16618,0.18953,0.18756,0.18460,0.18723,0.19775,-0.00090,-0.00156,0.00239,-0.00255,0.00008,-55.43209,717.00000
0.16125,0.16782,0.16684,0.16256,0.15993,0.19216,0.19446,0.19085,0.18854,0.19052,-0.00123,-0.00025,0.00107,0.00239,-0.00255,-55.43209,718.00000
0.16190,0.16388,0.16651,0.16651,0.15796,0.19183,0.18953,0.19216,0.19348,0.18953,-0.00156,-0.00156,-0.00255,-0.00156,0.00008,-54.84983,719.00000
0.16453,0.16848,0.16157,0.16289,0.16815,0.18624,0.19052,0.19019,0.19118,0.19085,-0.00156,0.00074,-0.00255,0.00239,0.00140,-54.84983,720.00000
0.16388,0.16717,0.16322,0.16190,0.16289,0.19150,0.19052,0.19118,0.19085,0.19578,-0.00057,0.00074,0.00535,0.00008,-0.00156,-53.52355,721.00000
0.16092,0.16717,0.16256,0.16355,0.16421,0.19052,0.19118,0.19019,0.19282,0.18986,-0.00353,0.00041,0.00140,-0.00156,0.00272,-53.52355,722.00000
0.16421,0.16421,0.15894,0.16125,0.16223,0.18920,0.18822,0.19479,0.18822,0.19249,-0.00222,-0.00090,-0.00386,-0.00025,0.00272,-52.98248,723.00000
0.16486,0.16651,0.16026,0.16453,0.16749,0.19479,0.18953,0.19183,0.18953,0.19118,-0.00123,0.00008,-0.00321,0.00403,0.00074,-52.98248,724.00000
0.16322,0.15533,0.16453,0.16552,0.16322,0.19249,0.18986,0.19315,0.18986,0.18920,0.00074,0.00041,-0.00222,-0.00288,-0.00222,-52.55325,725.00000
0.16453,0.15829,0.16092,0.15894,0.16388,0.19150,0.19940,0.18756,0.19249,0.18887,0.00140,-0.00123,0.00008,0.00337,0.00008,-52.55325,726.00000
0.15664,0.16125,0.16552,0.16585,0.16223,0.18887,0.18887,0.19183,0.19414,0.18920,0.00041,-0.00057,0.00140,0.00140,-0.00025,-52.88551,727.00000
0.16026,0.15302,0.16651,0.15533,0.16157,0.19282,0.18887,0.18953,0.18789,0.18953,-0.00255,0.00239,-0.00288,0.00206,-0.00222,-52.88551,728.00000
0.16092,0.15664,0.16190,0.15631,0.16749,0.19019,0.19085,0.19348,0.18789,0.19150,0.00568,0.00074,0.00206,-0.00222,-0.00255,-51.78944,729.00000
0.15796,0.16190,0.15763,0.16026,0.15993,0.19183,0.19315,0.19381,0.19085,0.19216,0.00140,0.00304,-0.00123,-0.00255,-0.00090,-51.78944,730.00000
0.16190,0.15401,0.16618,0.16026,0.16190,0.18986,0.18854,0.19183,0.18822,0.19381,-0.00649,-0.00156,0.00008,-0.00255,-0.00123,-51.42694,731.00000
0.15730,0.15894,0.16157,0.16486,0.16223,0.18690,0.19183,0.19085,0.19118,0.19085,-0.00255,-0.00288,-0.00518,-0.00321,0.00041,-51.42694,732.00000
0.16157,0.15664,0.16453,0.15664,0.15763,0.19315,0.19315,0.18756,0.19348,0.18953,0.00041,-0.00485,-0.00123,-0.00090,-0.00255,-51.21640,733.00000
0.15598,0.15401,0.16157,0.15829,0.15829,0.19348,0.19249,0.19085,0.18887,0.18986,0.00107,0.00008,-0.00123,-0.00222,-0.00617,-51.21640,734.00000
0.15861,0.15993,0.15763,0.15927,0.16223,0.19019,0.18953,0.19183,0.19381,0.18953,0.00041,-0.00123,-0.00090,0.00173,0.00239,-53.02275,735.00000
0.15598,0.15006,0.16815,0.16355,0.15829,0.18854,0.19052,0.18789,0.18723,0.18789,-0.00321,0.00732,-0.00255,0.00337,-0.00123,-53.02275,736.00000
0.15894,0.15861,0.15763,0.15927,0.15960,0.18953,0.19183,0.19052,0.19315,0.19150,-0.00156,0.00304,0.00008,-0.00156,-0.00090,-53.18130,737.00000
0.15368,0.15664,0.16125,0.16190,0.16322,0.19183,0.19118,0.19381,0.18953,0.19216,-0.00189,0.00107,-0.00057,0.00304,-0.00025,-53.18130,738.00000
0.16256,0.15631,0.15993,0.15993,0.15894,0.18953,0.19150,0.19118,0.19545,0.19150,-0.00419,-0.00090,0.00041,0.00107,-0.00353,-53.41926,739.00000
0.15960,0.15763,0.15796,0.15631,0.15697,0.18723,0.18624,0.19019,0.19545,0.19282,-0.00123,0.00173,0.00107,-0.00189,0.00206,-53.41926,740.00000
0.15697,0.15730,0.15993,0.15368,0.15631,0.19183,0.18723,0.18986,0.19118,0.19249,-0.00123,-0.00123,-0.00222,0.00041,-0.00321,-53.91910,741.00000
0.15598,0.15796,0.15368,0.15237,0.15960,0.18361,0.18723,0.19479,0.19019,0.18920,-0.00222,-0.00057,0.00107,-0.00189,-0.00189,-53.91910,742.00000
0.15204,0.15467,0.14875,0.15993,0.15204,0.19019,0.19282,0.19052,0.19118,0.19282,0.00304,-0.00090,-0.00189,-0.00090,-0.00189,-54.10799,743.00000
0.15401,0.15730,0.15368,0.15401,0.15631,0.19085,0.19446,0.19183,0.18822,0.19085,-0.00090,-0.00025,0.00041,-0.00321,-0.00156,-54.10799,744.00000
0.15072,0.15500,0.15763,0.15664,0.16289,0.19118,0.18986,0.19019,0.19183,0.18822,-0.00321,0.00173,-0.00025,0.00272,-0.00189,-54.57597,745.00000
0.15039,0.15598,0.15500,0.15533,0.15993,0.18789,0.19381,0.18756,0.19348,0.19348,0.00107,0.00008,-0.00025,-0.00353,0.00272,-54.57597,746.00000
0.15302,0.14941,0.15533,0.15006,0.15467,0.18953,0.19019,0.18690,0.19052,0.19085,0.00304,0.00074,-0.00156,0.00370,-0.00057,-54.67812,747.00000
0.15335,0.15138,0.14842,0.15500,0.15598,0.18953,0.18986,0.18953,0.19019,0.18920,0.00074,0.00008,-0.00123,0.00239,0.00173,-54.67812,748.00000
0.15533,0.15237,0.15401,0.15335,0.14973,0.19085,0.19348,0.19282,0.18986,0.18789,-0.00156,-0.00222,0.00041,0.00403,0.00041,-53.53779,749.00000
0.15072,0.15204,0.15533,0.14973,0.15302,0.18854,0.18986,0.18789,0.18953,0.18624,-0.00189,-0.00255,0.00206,-0.00288,-0.00057,-53.53779,750.00000
0.15204,0.15105,0.14677,0.15335,0.15434,0.18624,0.19216,0.18920,0.18953,0.19183,-0.00090,-0.00123,-0.00189,-0.00025,-0.00123,-53.81235,751.00000
0.15237,0.14645,0.15006,0.15171,0.15072,0.18920,0.19414,0.19118,0.19315,0.18690,0.00140,0.00206,0.00041,-0.00090,0.00041,-53.81235,752.00000
0.14973,0.14908,0.15302,0.14809,0.15829,0.18460,0.19381,0.19019,0.18887,0.18690,-0.00123,-0.00025,-0.00353,0.00074,-0.00649,-53.45647,753.00000
0.14875,0.15237,0.15204,0.15105,0.14743,0.19052,0.19019,0.19150,0.19150,0.19249,0.00173,-0.00090,0.00041,-0.00090,0.00008,-53.45647,754.00000
0.14809,0.14875,0.14908,0.14612,0.15072,0.18822,0.19381,0.19282,0.18953,0.19282,0.00107,0.00074,-0.00551,0.00074,-0.00419,-52.86593,755.00000
0.14645,0.15138,0.15105,0.15500,0.15039,0.18920,0.19315,0.18822,0.19348,0.18789,-0.00156,0.00008,-0.00057,0.00008,-0.00057,-52.86593,756.00000
0.15335,0.14908,0.14776,0.15500,0.14809,0.19545,0.19414,0.19414,0.19512,0.18887,-0.00321,-0.00551,0.00008,0.00107,0.00173,-51.97496,757.00000
0.15138,0.15335,0.15138,0.15237,0.15302,0.18986,0.19019,0.19052,0.19315,0.18986,0.00140,-0.00025,-0.00057,-0.00057,-0.00057,-51.97496,758.00000
0.15039,0.15138,0.14908,0.14908,0.15204,0.19348,0.19150,0.18723,0.18591,0.19348,-0.00156,-0.00025,-0.00452,-0.00057,0.00173,-51.68328,759.00000
0.14480,0.14513,0.14546,0.15171,0.15138,0.18854,0.18920,0.18493,0.19118,0.18953,-0.00584,0.00074,0.00074,-0.00123,-0.00288,-51.68328,760.00000
0.14579,0.14743,0.15237,0.14710,0.14776,0.19348,0.19085,0.19019,0.18953,0.18986,0.00173,-0.00057,-0.00189,-0.00386,-0.00123,-52.73617,761.00000
0.14480,0.15171,0.14645,0.14579,0.14677,0.19315,0.18920,0.19118,0.19249,0.19118,-0.00025,0.00370,0.00107,-0.00025,-0.00222,-52.73617,762.00000
0.15204,0.14842,0.14151,0.14414,0.15105,0.19085,0.19052,0.18986,0.18986,0.19381,-0.00255,0.00403,-0.00156,-0.00255,-0.00090,-52.80363,763.00000
0.14743,0.15500,0.14381,0.14809,0.14973,0.19414,0.19545,0.19578,0.18920,0.18591,-0.00386,-0.00057,-0.00485,-0.00057,-0.00025,-52.80363,764.00000
0.14283,0.14908,0.14677,0.14612,0.14809,0.19216,0.20006,0.18756,0.18690,0.19315,0.00304,-0.00222,0.00041,0.00041,0.00074,-52.65670,765.00000
0.14645,0.14677,0.14579,0.14710,0.14973,0.18822,0.19578,0.19052,0.19019,0.19183,-0.00123,0.00041,0.00107,-0.00025,0.00206,-52.65670,766.00000
0.14743,0.14546,0.14381,0.15664,0.14546,0.19150,0.19512,0.19446,0.18756,0.18920,0.00074,-0.00518,0.00206,-0.00123,0.00041,-52.58567,767.00000
0.14842,0.14184,0.14447,0.14941,0.14513,0.18624,0.18920,0.18986,0.18887,0.18756,0.00206,0.00074,0.00140,-0.00353,-0.00189,-52.58567,768.00000
0.13855,0.14447,0.14612,0.14348,0.14316,0.19183,0.19282,0.19150,0.19085,0.19118,-0.00090,-0.00156,-0.00057,0.00008,-0.00090,-53.10924,769.00000
0.14677,0.14348,0.14085,0.14250,0.14612,0.18756,0.19742,0.19052,0.19118,0.19183,0.00239,-0.00025,-0.00321,0.00008,0.00239,-53.10924,770.00000
0.15335,0.14875,0.15039,0.14151,0.14743,0.18690,0.19381,0.19183,0.18854,0.19052,-0.00353,0.00304,-0.00156,-0.00189,0.00041,-53.69818,771.00000
0.14151,0.15138,0.14447,0.14513,0.14480,0.18953,0.18953,0.19085,0.19019,0.19216,0.00206,-0.00025,0.00008,-0.00123,-0.00090,-53.69818,772.00000
0.14842,0.14941,0.14085,0.14250,0.14579,0.19183,0.19118,0.18920,0.19052,0.19118,-0.00222,0.00041,0.00239,-0.00123,0.00140,-54.57614,773.00000
0.14151,0.13954,0.14579,0.14546,0.13987,0.19052,0.18756,0.19019,0.19742,0.19315,0.00107,0.00403,0.00074,0.00173,0.00206,-54.57614,774.00000
0.14052,0.14480,0.14052,0.14348,0.14184,0.19446,0.19052,0.18953,0.18920,0.19052,0.00173,-0.00255,0.00041,-0.00025,-0.00123,-54.32420,775.00000
0.14283,0.14710,0.13921,0.13921,0.14414,0.18920,0.18526,0.18920,0.19052,0.18822,-0.00156,0.00041,-0.00057,-0.00090,0.00173,-54.32420,776.00000
0.13888,0.14381,0.14118,0.13592,0.14283,0.19479,0.19052,0.19118,0.18657,0.19019,-0.00123,-0.00386,0.00173,0.00272,0.00107,-54.19091,777.00000
0.13789,0.14546,0.13691,0.14513,0.14085,0.18920,0.19085,0.18789,0.19249,0.18657,0.00173,0.00173,-0.00057,0.00304,-0.00156,-54.19091,778.00000
0.14118,0.13888,0.14184,0.14085,0.14348,0.18690,0.19052,0.19512,0.19414,0.18920,0.00337,-0.00057,-0.00123,0.00008,-0.00452,-53.97778,779.00000
0.14085,0.14217,0.13362,0.13822,0.13691,0.19019,0.19085,0.19282,0.19479,0.18526,0.00140,0.00041,-0.00353,0.00008,-0.00090,-53.97778,780.00000
0.13691,0.13789,0.13691,0.13658,0.14381,0.18986,0.18822,0.19052,0.19019,0.19019,-0.00222,0.00107,-0.00090,0.00436,0.00239,-54.14465,781.00000
0.13987,0.14151,0.14151,0.13526,0.13625,0.18822,0.18920,0.19052,0.18690,0.19118,-0.00057,-0.00090,0.00239,-0.00123,0.00074,-54.14465,782.00000
0.13888,0.13658,0.14546,0.13855,0.14447,0.19085,0.19019,0.19150,0.19019,0.18887,-0.00057,-0.00353,0.00140,0.00107,-0.00255,-53.70563,783.00000
0.13724,0.14020,0.14184,0.13954,0.13230,0.19940,0.19052,0.19446,0.18854,0.18657,-0.00156,0.00403,0.00140,-0.00156,0.00206,-53.70563,784.00000
0.13789,0.13855,0.14316,0.13296,0.13526,0.18690,0.18986,0.18690,0.19414,0.19348,0.00239,-0.00584,0.00008,0.00008,-0.00189,-52.81717,785.00000
0.13658,0.13329,0.13954,0.13855,0.13197,0.19381,0.18854,0.19085,0.19216,0.19249,-0.00222,-0.00025,-0.00222,0.00074,0.00008,-52.81717,786.00000
0.13099,0.13658,0.13789,0.14085,0.13987,0.19282,0.19019,0.19118,0.18854,0.18789,0.00370,0.00008,0.00041,-0.00156,0.00140,-52.88319,787.00000
0.13296,0.13592,0.13362,0.13592,0.13428,0.19118,0.18986,0.18986,0.18953,0.19216,0.00206,0.00337,-0.00189,0.00041,0.00107,-52.88319,788.00000
0.13460,0.13132,0.13395,0.13296,0.13756,0.18854,0.19052,0.18526,0.18690,0.18822,0.00140,-0.00321,-0.00255,-0.00288,0.00008,-52.56464,789.00000
0.13559,0.13559,0.13296,0.13625,0.13526,0.18953,0.18887,0.19150,0.19052,0.19348,-0.00321,0.00008,0.00140,0.00107,-0.00025,-52.56464,790.00000
0.13691,0.13526,0.13592,0.13789,0.13756,0.18953,0.18690,0.18756,0.18887,0.18920,-0.00123,0.00239,-0.00025,0.00041,0.00041,-52.18808,791.00000
0.13855,0.13559,0.13460,0.13329,0.14020,0.19348,0.19150,0.18887,0.18986,0.19315,-0.00057,-0.00090,0.00173,-0.00057,-0.00057,-52.18808,792.00000
0.13888,0.13987,0.13033,0.13460,0.13658,0.19282,0.19019,0.19282,0.19348,0.18756,0.00008,-0.00057,-0.00156,-0.00090,0.00239,-52.69316,793.00000
0.13724,0.13888,0.13789,0.13592,0.13428,0.19085,0.19249,0.18953,0.18920,0.18953,-0.00353,0.00337,0.00535,-0.00156,0.00041,-52.69316,794.00000
0.13592,0.12868,0.13592,0.13526,0.13888,0.19710,0.19183,0.18756,0.18953,0.18986,-0.00353,0.00008,-0.00288,-0.00156,-0.00255,-52.78213,795.00000
0.13888,0.13526,0.13230,0.14085,0.13329,0.19150,0.18920,0.18920,0.19381,0.19677,-0.00485,0.00107,-0.00288,-0.00288,0.00140,-52.78213,796.00000
0.13625,0.13164,0.13099,0.13329,0.13625,0.18986,0.18986,0.18756,0.19282,0.19414,-0.00353,-0.00090,-0.00386,-0.00189,-0.00255,-53.53462,797.00000
0.13428,0.13132,0.13197,0.13756,0.13395,0.19578,0.18953,0.19414,0.18493,0.18591,-0.00189,-0.00025,0.00074,-0.00090,-0.00353,-53.53462,798.00000
0.13263,0.13658,0.12836,0.13099,0.13362,0.19348,0.18986,0.19085,0.19183,0.19052,0.00041,-0.00255,0.00107,0.00008,-0.00321,-54.00364,799.00000
0.12704,0.13164,0.13000,0.13164,0.13559,0.19479,0.19019,0.18789,0.19118,0.19118,-0.00321,0.00337,-0.00057,0.00239,-0.00156,-54.00364,800.00000
0.13493,0.12868,0.13263,0.13658,0.12934,0.19052,0.19052,0.18887,0.18953,0.19019,-0.00485,-0.00255,0.00173,0.00173,-0.00090,-54.32604,801.00000
0.13756,0.12901,0.13263,0.13592,0.13296,0.18822,0.18789,0.18920,0.19282,0.18723,-0.00419,0.00041,-0.00452,0.00008,0.00074,-54.32604,802.00000
0.12836,0.13395,0.12901,0.13033,0.13559,0.18887,0.19118,0.19578,0.18591,0.18789,-0.00057,-0.00123,-0.00189,0.00008,0.00206,-54.43353,803.00000
0.13329,0.12671,0.13263,0.12868,0.13132,0.19019,0.18854,0.19150,0.18887,0.18854,-0.00025,-0.00288,-0.00156,0.00074,-0.00123,-54.43353,804.00000
0.13329,0.13395,0.12638,0.13230,0.13362,0.19512,0.18591,0.19019,0.19282,0.18986,0.00337,0.00008,0.00041,0.00140,-0.00222,-54.15036,805.00000
0.12967,0.12967,0.12836,0.13099,0.12276,0.19249,0.19118,0.18920,0.18822,0.18854,0.00041,0.00041,-0.00419,0.00206,0.00173,-54.15036,806.00000
0.12934,0.13263,0.12901,0.13460,0.12868,0.18986,0.19414,0.19414,0.18756,0.19052,-0.00025,-0.00255,0.00107,-0.00288,0.00008,-54.01366,807.00000
0.12868,0.13033,0.13329,0.12375,0.12737,0.19282,0.19150,0.19118,0.19282,0.19545,0.00272,-0.00090,-0.00123,0.00008,-0.00090,-54.01366,808.00000
0.13197,0.12737,0.13230,0.12507,0.13033,0.18690,0.19315,0.19052,0.19183,0.19118,0.00140,0.00239,-0.00057,-0.00189,0.00304,-53.36669,809.00000
0.12770,0.12507,0.13164,0.12211,0.12671,0.19118,0.19052,0.19085,0.19216,0.19742,0.00107,0.00008,-0.00025,0.00107,0.00008,-53.36669,810.00000
0.13197,0.12408,0.12934,0.12737,0.12836,0.19249,0.18920,0.19348,0.19183,0.19249,0.00206,-0.00189,0.00107,-0.00321,-0.00090,-52.74292,811.00000
0.12408,0.12408,0.12770,0.12638,0.12803,0.19578,0.19282,0.19183,0.18822,0.19348,0.00107,-0.00255,-0.00255,-0.00222,-0.00288,-52.74292,812.00000
0.12441,0.13197,0.12671,0.11915,0.12572,0.18756,0.19052,0.19446,0.19315,0.19348,-0.00123,0.00074,0.00041,0.00140,0.00140,-52.60437,813.00000
0.12868,0.12342,0.12671,0.12178,0.13033,0.19249,0.19249,0.18822,0.18822,0.19019,0.00107,0.00206,-0.00025,0.00041,-0.00189,-52.60437,814.00000
0.12737,0.12671,0.13099,0.12572,0.12013,0.18394,0.19118,0.19118,0.19183,0.19118,-0.00189,-0.00321,0.00008,0.00140,0.00107,-52.59613,815.00000
0.12474,0.12572,0.12737,0.12474,0.12803,0.19150,0.19315,0.18887,0.19183,0.18887,-0.00321,0.00008,0.00074,0.00304,0.00140,-52.59613,816.00000
0.12901,0.12309,0.12605,0.12507,0.12309,0.19183,0.18558,0.19019,0.18789,0.18986,0.00403,0.00239,0.00140,-0.00386,0.00140,-51.87424,817.00000
0.11717,0.12211,0.12605,0.12540,0.11915,0.19216,0.19019,0.18953,0.18854,0.18920,-0.00386,-0.00057,-0.00156,-0.00353,-0.00090,-51.87424,818.00000
0.13099,0.12441,0.12441,0.12737,0.12408,0.19019,0.19052,0.19118,0.18920,0.18986,0.00008,0.00304,-0.00156,-0.00025,0.00206,-52.23839,819.00000
0.12638,0.11783,0.12704,0.12375,0.12244,0.18822,0.19512,0.19578,0.19512,0.18690,0.00008,0.00304,-0.00255,-0.00353,0.00041,-52.23839,820.00000
0.12342,0.11684,0.12309,0.12046,0.12244,0.18953,0.19414,0.18986,0.19381,0.18789,0.00074,0.00403,0.00272,-0.00025,0.00272,-52.07867,821.00000
0.12013,0.12244,0.12704,0.11849,0.12375,0.18789,0.19118,0.19216,0.19052,0.19052,0.00041,0.00206,0.00535,0.00206,0.00239,-52.07867,822.00000
0.12211,0.12244,0.12211,0.11750,0.12079,0.18723,0.18854,0.18361,0.19085,0.18789,0.00041,-0.00288,0.00272,0.00173,0.00041,-52.27224,823.00000
0.12342,0.12178,0.11948,0.12474,0.12408,0.19052,0.19381,0.18920,0.18822,0.19150,-0.00189,-0.00189,0.00206,-0.00123,-0.00419,-52.27224,824.00000
0.12605,0.11948,0.12079,0.11915,0.11816,0.19150,0.18953,0.19282,0.18822,0.18986,-0.00518,0.00041,-0.00156,0.00041,0.00140,-53.29432,825.00000
0.12145,0.12145,0.12638,0.11454,0.12079,0.19150,0.18854,0.19249,0.19216,0.18986,-0.00090,-0.00419,-0.00189,0.00041,-0.00551,-53.29432,826.00000
0.11553,0.12375,0.12507,0.11717,0.12211,0.18624,0.18887,0.18822,0.19150,0.19150,-0.00222,0.00173,-0.00255,0.00074,-0.00123,-52.86054,827.00000
0.11586,0.12145,0.12309,0.11750,0.12145,0.19019,0.19019,0.19414,0.18756,0.19118,0.00008,0.00239,0.00041,0.00370,-0.00386,-52.86054,828.00000
0.12211,0.12013,0.11421,0.12309,0.12178,0.18887,0.19512,0.18526,0.19085,0.18723,-0.00452,0.00107,0.00173,-0.00189,-0.00288,-52.29941,829.00000
0.12013,0.11750,0.11619,0.11849,0.11553,0.19282,0.19282,0.19446,0.19085,0.19710,-0.00057,-0.00255,-0.00090,-0.00090,-0.00123,-52.29941,830.00000
0.12408,0.11948,0.12211,0.12145,0.11520,0.18657,0.19249,0.18920,0.18920,0.18789,0.00239,0.00206,-0.00255,-0.00222,0.00140,-50.59551,831.00000
0.12013,0.11816,0.11586,0.12046,0.11980,0.19085,0.19348,0.19085,0.18920,0.18854,0.00074,-0.00288,0.00206,0.00469,-0.00288,-50.59551,832.00000
0.12112,0.11487,0.12671,0.11882,0.11586,0.19348,0.19150,0.19150,0.19446,0.19052,0.00173,-0.00255,-0.00025,-0.00156,0.00008,-48.36172,833.00000
0.12046,0.11849,0.12178,0.11882,0.11915,0.19019,0.19183,0.18822,0.18920,0.18328,-0.00123,-0.00189,0.00206,-0.00255,-0.00057,-48.36172,834.00000
0.11783,0.11816,0.11750,0.12178,0.11520,0.19052,0.18624,0.19282,0.19085,0.19150,-0.00419,-0.00156,-0.00288,-0.00123,0.00074,-48.81953,835.00000
0.12013,0.11454,0.12342,0.11783,0.11257,0.18262,0.19019,0.19512,0.19479,0.18887,-0.00123,-0.00025,0.00206,-0.00255,0.00272,-48.81953,836.00000
0.11948,0.12112,0.11224,0.11454,0.11421,0.19479,0.19052,0.19282,0.19118,0.19052,0.00008,-0.00025,0.00074,-0.00189,0.00272,-50.40830,837.00000
0.11487,0.11619,0.11586,0.11553,0.12145,0.19085,0.19150,0.19085,0.18986,0.18986,0.00272,-0.00452,-0.00156,0.00535,-0.00025,-50.40830,838.00000
0.11619,0.11421,0.11586,0.11487,0.11553,0.19315,0.18953,0.19052,0.19019,0.18953,-0.00222,-0.00057,-0.00123,-0.00123,-0.00025,-50.91704,839.00000
0.11224,0.11290,0.11619,0.11783,0.10763,0.18789,0.18558,0.18822,0.19545,0.18789,-0.00682,0.00107,-0.00090,-0.00255,-0.00057,-50.91704,840.00000
0.11355,0.11684,0.11980,0.10599,0.11816,0.19183,0.18986,0.19282,0.19019,0.19183,0.00173,0.00140,-0.00025,-0.00057,-0.00156,-51.76956,841.00000
0.11849,0.11652,0.11323,0.11454,0.11224,0.19315,0.18624,0.19118,0.18986,0.18558,0.00272,-0.00288,-0.00321,0.00206,0.00074,-51.76956,842.00000
0.11421,0.11586,0.11454,0.11882,0.11158,0.18854,0.18328,0.19150,0.19216,0.19052,-0.00123,0.00337,0.00140,0.00173,0.00041,-51.49513,843.00000
0.11750,0.11388,0.11652,0.11059,0.11355,0.18986,0.19150,0.19183,0.18953,0.19348,-0.00485,0.00008,0.00074,-0.00025,0.00008,-51.49513,844.00000
0.10961,0.11750,0.10961,0.11421,0.10928,0.18723,0.19216,0.18887,0.18591,0.18953,-0.00452,-0.00386,-0.00057,-0.00386,0.00206,-51.39210,845.00000
0.11092,0.11619,0.11882,0.10698,0.11520,0.18986,0.19085,0.19019,0.18986,0.19381,-0.00189,-0.00090,0.00074,-0.00025,0.00041,-51.39210,846.00000
0.11586,0.10599,0.11783,0.10763,0.11092,0.19085,0.18986,0.18756,0.19183,0.18986,-0.00386,0.00206,0.00074,-0.00090,0.00173,-51.71411,847.00000
0.11553,0.11290,0.11487,0.11092,0.10994,0.18822,0.19019,0.18789,0.18822,0.18953,-0.00255,0.00337,-0.00419,-0.00222,-0.00025,-51.71411,848.00000
0.11520,0.11158,0.11388,0.10731,0.11158,0.18854,0.19381,0.18657,0.19085,0.18624,-0.00222,-0.00057,-0.00222,-0.00353,-0.00057,-51.42835,849.00000
0.11619,0.11092,0.11520,0.10698,0.11717,0.19085,0.19118,0.19578,0.19381,0.19052,-0.00057,0.00206,-0.00386,-0.00189,-0.00057,-51.42835,850.00000
0.11257,0.11553,0.11224,0.10467,0.11652,0.18854,0.18558,0.19348,0.18822,0.18887,0.00140,0.00008,0.00173,0.00008,-0.00222,-52.30597,851.00000
0.10698,0.11092,0.11125,0.11290,0.10862,0.19315,0.19052,0.19183,0.18854,0.19118,-0.00025,-0.00090,-0.00288,-0.00321,0.00008,-52.30597,852.00000
0.10632,0.11224,0.11421,0.10566,0.11257,0.19479,0.18854,0.18624,0.18953,0.18789,0.00074,-0.00321,-0.00222,-0.00419,0.00502,-52.36148,853.00000
0.10763,0.11257,0.11191,0.10435,0.11454,0.18920,0.19085,0.18953,0.19216,0.18723,0.00074,0.00140,-0.00255,-0.00452,-0.00057,-52.36148,854.00000
0.10796,0.10698,0.10599,0.10895,0.11125,0.18920,0.19183,0.19085,0.18986,0.19578,0.00206,-0.00057,-0.00057,-0.00090,-0.00057,-52.58943,855.00000
0.10994,0.11355,0.10994,0.11257,0.11092,0.18624,0.19019,0.19216,0.18986,0.19052,-0.00057,-0.00386,0.00337,0.00272,0.00272,-52.58943,856.00000
0.10731,0.10994,0.11125,0.10402,0.10665,0.19085,0.18887,0.19249,0.19150,0.18953,0.00337,0.00041,-0.00025,0.00206,-0.00189,-53.11112,857.00000
0.10435,0.11355,0.10731,0.11059,0.10599,0.19085,0.19315,0.19677,0.19216,0.18822,0.00074,-0.00255,0.00140,0.00140,0.00107,-53.11112,858.00000
0.11355,0.10402,0.09875,0.11092,0.11158,0.19348,0.18756,0.18526,0.18854,0.18591,0.00140,-0.00222,0.00173,0.00074,-0.00189,-53.69423,859.00000
0.10698,0.10402,0.10829,0.10763,0.10796,0.18361,0.18657,0.19414,0.19183,0.18920,-0.00321,-0.00222,0.00206,0.00272,-0.00255,-53.69423,860.00000
0.10928,0.10040,0.10303,0.10467,0.10007,0.18460,0.19183,0.19052,0.18789,0.19150,0.00272,-0.00222,-0.00123,-0.00189,0.00272,-52.74311,861.00000
0.10731,0.10237,0.10928,0.10895,0.10435,0.19381,0.18690,0.19381,0.19052,0.19183,-0.00090,-0.00189,0.00041,-0.00090,-0.00090,-52.74311,862.00000
0.10336,0.10796,0.10862,0.10829,0.10829,0.19348,0.18526,0.19183,0.18657,0.18591,-0.00222,-0.00189,0.00272,-0.00353,0.00008,-53.07322,863.00000
0.10862,0.10698,0.10171,0.10566,0.10435,0.19150,0.19150,0.19085,0.18756,0.18887,-0.00452,-0.00222,-0.00025,-0.00025,-0.00090,-53.07322,864.00000
0.10961,0.10698,0.10698,0.10599,0.10862,0.19085,0.18591,0.18591,0.18986,0.19150,-0.00255,-0.00222,-0.00189,0.00041,0.00008,-53.66307,865.00000
0.10369,0.10665,0.10040,0.10435,0.10139,0.18986,0.18854,0.18822,0.19479,0.18920,0.00206,-0.00123,-0.00156,-0.00255,-0.00222,-53.66307,866.00000
0.10040,0.10928,0.10007,0.10435,0.10731,0.19150,0.19479,0.19183,0.18920,0.19479,-0.00452,0.00041,0.00370,-0.00090,0.00107,-53.26952,867.00000
0.10665,0.10566,0.10435,0.10270,0.10106,0.19512,0.18822,0.18657,0.18822,0.18854,0.00074,-0.00123,-0.00057,0.00206,-0.00255,-53.26952,868.00000
0.09810,0.10336,0.10106,0.10467,0.09547,0.18723,0.19118,0.19216,0.18854,0.18591,0.00140,0.00173,0.00008,-0.00025,-0.00025,-52.95312,869.00000
0.09974,0.10566,0.10533,0.10040,0.10632,0.18986,0.18822,0.19019,0.18789,0.19282,-0.00090,0.00041,0.00337,0.00173,0.00370,-52.95312,870.00000
0.10435,0.10073,0.10533,0.10270,0.10402,0.19216,0.18460,0.18624,0.18756,0.18887,0.00173,-0.00321,-0.00189,0.00041,0.00206,-52.05029,871.00000
0.10007,0.10303,0.10040,0.09810,0.10796,0.18493,0.19085,0.19348,0.18854,0.19019,0.00008,0.00173,-0.00025,-0.00025,0.00008,-52.05029,872.00000
0.10665,0.10073,0.10369,0.10007,0.09908,0.19282,0.18953,0.19019,0.18920,0.18887,0.00008,0.00206,-0.00057,-0.00090,0.00337,-52.29224,873.00000
0.10435,0.10106,0.10007,0.10007,0.10467,0.18822,0.19150,0.18854,0.18624,0.18920,0.00337,0.00370,-0.00189,0.00403,-0.00057,-52.29224,874.00000
0.10270,0.10303,0.09645,0.09514,0.09678,0.19118,0.19414,0.18854,0.18789,0.19315,0.00074,0.00173,0.00008,-0.00090,0.00074,-52.31799,875.00000
0.10040,0.09579,0.10139,0.10533,0.10303,0.18591,0.19085,0.19019,0.18690,0.18920,0.00008,-0.00090,0.00074,0.00107,-0.00025,-52.31799,876.00000
0.10270,0.09415,0.09579,0.10073,0.09744,0.19282,0.18887,0.18854,0.19479,0.19019,-0.00288,0.00140,0.00140,0.00008,-0.00255,-52.04767,877.00000
0.10040,0.09843,0.10369,0.09810,0.10073,0.18822,0.19019,0.19315,0.19249,0.19019,-0.00222,0.00337,-0.00189,-0.00057,0.00403,-52.04767,878.00000
0.09843,0.09777,0.09908,0.09678,0.09777,0.18789,0.19315,0.18657,0.18591,0.18887,-0.00189,-0.00090,-0.00156,-0.00123,0.00008,-52.06143,879.00000
0.10303,0.10073,0.09711,0.10139,0.09875,0.19216,0.18756,0.18690,0.19282,0.18920,0.00008,0.00535,0.00337,-0.00057,0.00041,-52.06143,880.00000
0.10106,0.09448,0.09711,0.10073,0.09974,0.18953,0.18920,0.19150,0.18920,0.19118,0.00107,-0.00123,-0.00025,-0.00288,-0.00057,-53.11079,881.00000
0.10139,0.09777,0.09744,0.10402,0.09645,0.18953,0.19150,0.19052,0.18887,0.18328,0.00008,0.00239,0.00041,0.00239,-0.00123,-53.11079,882.00000
0.09810,0.09810,0.09481,0.10369,0.09547,0.19052,0.19249,0.19249,0.19118,0.18394,0.00107,-0.00025,0.00107,0.00239,-0.00353,-53.01536,883.00000
0.09448,0.09810,0.09481,0.09481,0.09514,0.19019,0.18854,0.19249,0.18723,0.18789,-0.00189,0.00206,0.00337,-0.00025,0.00041,-53.01536,884.00000
0.10040,0.09645,0.10435,0.10303,0.09941,0.18657,0.19085,0.19578,0.18493,0.18756,-0.00090,-0.00255,0.00074,-0.00123,0.00107,-53.50963,885.00000
0.09645,0.10106,0.10040,0.10040,0.09810,0.19019,0.19183,0.19118,0.19118,0.19282,-0.00386,0.00041,-0.00090,-0.00288,0.00206,-53.50963,886.00000
0.10073,0.09711,0.09744,0.10402,0.09382,0.19019,0.19183,0.19052,0.19118,0.19183,0.00403,-0.00123,-0.00255,0.00107,0.00074,-53.65911,887.00000
0.09251,0.09382,0.10040,0.09974,0.09547,0.18756,0.19414,0.18887,0.19052,0.18887,0.00074,0.00436,-0.00321,-0.00189,-0.00288,-53.65911,888.00000
0.09678,0.10237,0.09349,0.10040,0.09777,0.19150,0.18723,0.18558,0.18854,0.19348,0.00140,0.00173,-0.00057,-0.00090,0.00272,-54.32956,889.00000
0.09481,0.09316,0.09349,0.09678,0.09053,0.18460,0.19052,0.18723,0.18723,0.19019,0.00008,0.00272,0.00008,-0.00255,-0.00189,-54.32956,890.00000
0.09251,0.09185,0.09645,0.09678,0.09481,0.18822,0.19052,0.19611,0.18887,0.19216,-0.00156,-0.00156,-0.00090,0.00173,0.00041,-54.14720,891.00000
0.08922,0.09547,0.09283,0.09711,0.09579,0.18690,0.19118,0.19512,0.18887,0.18887,-0.00025,-0.00090,0.00272,-0.00025,-0.00057,-54.14720,892.00000
0.09514,0.09481,0.09711,0.08626,0.09579,0.18986,0.19085,0.19052,0.19118,0.18624,-0.00057,-0.00353,-0.00057,-0.00057,-0.00123,-54.06579,893.00000
0.09645,0.09579,0.09020,0.09514,0.09612,0.19216,0.18920,0.19183,0.19085,0.19118,-0.00156,0.00107,0.00140,-0.00025,-0.00090,-54.06579,894.00000
0.09810,0.09777,0.09547,0.09185,0.08987,0.19216,0.19446,0.19183,0.18854,0.19348,-0.00090,-0.00189,0.00074,-0.00123,0.00041,-53.01678,895.00000
0.09185,0.08856,0.09251,0.09251,0.09908,0.18920,0.18986,0.18690,0.19019,0.18690,-0.00025,-0.00123,-0.00156,0.00403,0.00140,-53.01678,896.00000
0.09514,0.09744,0.09020,0.09382,0.09810,0.19282,0.18920,0.18986,0.18657,0.18920,-0.00090,-0.00057,-0.00025,-0.00156,-0.00025,-52.17001,897.00000
0.09349,0.09020,0.08987,0.09941,0.09316,0.18887,0.18723,0.19282,0.19150,0.18789,-0.00386,0.00239,-0.00057,-0.00189,-0.00189,-52.17001,898.00000
0.08593,0.09448,0.09349,0.09448,0.09448,0.18854,0.18986,0.18854,0.19216,0.19085,-0.00090,0.00107,0.00140,0.00239,0.00140,-52.02983,899.00000
0.09547,0.09810,0.09251,0.09514,0.09218,0.18493,0.19150,0.18920,0.18986,0.18986,-0.00123,-0.00057,0.00173,-0.00321,-0.00222,-52.02983,900.00000
0.08264,0.09481,0.08889,0.09547,0.09448,0.18920,0.18756,0.19052,0.18756,0.19216,-0.00156,0.00502,0.00008,-0.00090,-0.00090,-51.87917,901.00000
0.09283,0.09415,0.09185,0.09251,0.08922,0.18591,0.19282,0.19118,0.18854,0.18690,0.00107,-0.00057,-0.00025,0.00206,-0.00255,-51.87917,902.00000
0.08593,0.09514,0.09382,0.09086,0.09349,0.19052,0.19150,0.19085,0.19118,0.18986,0.00206,0.00272,0.00436,0.00173,-0.00090,-51.87709,903.00000
0.08724,0.08658,0.09218,0.08889,0.09810,0.18887,0.18854,0.19019,0.19611,0.19545,0.00107,-0.00419,-0.00025,-0.00156,0.00239,-51.87709,904.00000
0.09283,0.08922,0.09218,0.09382,0.09316,0.19381,0.18723,0.19052,0.18920,0.18624,-0.00025,0.00041,0.00008,0.00107,0.00337,-52.09821,905.00000
0.09349,0.09316,0.08790,0.09185,0.08889,0.18854,0.19446,0.18986,0.19381,0.19348,-0.00123,0.00107,-0.00090,0.00107,0.00074,-52.09821,906.00000
0.09020,0.08691,0.09744,0.08987,0.09020,0.18920,0.18887,0.18920,0.18690,0.19085,-0.00189,0.00107,-0.00090,0.00107,0.00041,-52.44803,907.00000
0.08922,0.08593,0.09218,0.09349,0.08527,0.19052,0.18690,0.18295,0.18591,0.18822,-0.00353,-0.00156,0.00008,-0.00156,0.00206,-52.44803,908.00000
0.08922,0.08527,0.09349,0.08987,0.09218,0.18920,0.18920,0.18887,0.19052,0.18624,-0.00025,-0.00222,-0.00189,0.00074,-0.00321,-52.82558,909.00000
0.08724,0.08889,0.09185,0.09119,0.09119,0.18789,0.18591,0.18822,0.19216,0.18953,-0.00090,0.00008,0.00008,-0.00123,0.00008,-52.82558,910.00000
0.08757,0.08658,0.08955,0.08560,0.08724,0.18887,0.18986,0.19315,0.18953,0.19019,0.00206,-0.00255,0.00107,-0.00057,-0.00025,-52.53584,911.00000
0.09283,0.08297,0.09415,0.09086,0.08527,0.18756,0.19216,0.19085,0.19052,0.18854,0.00304,0.00140,0.00074,0.00041,-0.00025,-52.53584,912.00000
0.08987,0.08856,0.08626,0.09316,0.08593,0.18920,0.19118,0.19249,0.18822,0.18854,0.00107,-0.00090,0.00041,-0.00025,0.00206,-52.43491,913.00000
0.08198,0.08691,0.09086,0.09119,0.08494,0.18953,0.18953,0.18854,0.19052,0.19052,-0.00353,0.00107,0.00206,0.00041,-0.00025,-52.43491,914.00000
0.09349,0.08889,0.08955,0.09086,0.08987,0.19183,0.18657,0.19249,0.18854,0.19085,-0.00057,0.00008,-0.00025,0.00272,0.00272,-52.97038,915.00000
0.09185,0.08264,0.09152,0.08889,0.08560,0.19414,0.19315,0.19019,0.19216,0.19216,0.00074,-0.00222,-0.00288,0.00272,0.00140,-52.97038,916.00000
0.08132,0.08955,0.08987,0.08461,0.08724,0.18789,0.19150,0.18920,0.19085,0.19019,-0.00123,0.00008,0.00107,-0.00222,0.00008,-51.35092,917.00000
0.08757,0.08066,0.08987,0.08362,0.08560,0.18690,0.19249,0.19282,0.19249,0.19315,0.00337,-0.00353,-0.00189,0.00041,0.00140,-51.35092,918.00000
0.08132,0.09349,0.08724,0.08099,0.08691,0.19249,0.18854,0.19315,0.19216,0.19348,-0.00156,-0.00222,-0.00156,0.00140,0.00107,-48.71745,919.00000
0.08724,0.08099,0.08362,0.08823,0.08362,0.19216,0.18822,0.18986,0.18558,0.18822,-0.00386,-0.00288,-0.00057,0.00304,0.00074,-48.71745,920.00000
0.08132,0.08922,0.09218,0.08428,0.08922,0.18920,0.18822,0.19019,0.18789,0.18887,-0.00123,-0.00353,0.00041,-0.00222,-0.00123,-49.65414,921.00000
0.08626,0.07902,0.08560,0.07968,0.08856,0.19611,0.18789,0.19183,0.19414,0.18460,-0.00386,-0.00255,0.00008,0.00074,0.00107,-49.65414,922.00000
0.08165,0.08724,0.08297,0.08593,0.08626,0.18723,0.18854,0.19052,0.18986,0.18887,0.00074,0.00041,-0.00156,0.00140,-0.00123,-50.52287,923.00000
0.08297,0.08428,0.08658,0.08395,0.09152,0.18723,0.19315,0.19118,0.18690,0.19216,-0.00189,-0.00123,-0.00255,-0.00090,0.00107,-50.52287,924.00000
0.07672,0.08330,0.08297,0.08132,0.07935,0.19052,0.19118,0.19183,0.19118,0.19085,0.00173,0.00206,-0.00156,-0.00156,0.00008,-51.83126,925.00000
0.08691,0.08428,0.08494,0.08494,0.08428,0.18657,0.19512,0.19578,0.19118,0.18854,-0.00057,0.00140,0.00074,0.00041,-0.00222,-51.83126,926.00000
0.08395,0.08428,0.08066,0.08066,0.08034,0.18756,0.18854,0.18953,0.18723,0.18690,-0.00189,0.00041,0.00008,-0.00057,0.00041,-51.51377,927.00000
0.08560,0.08362,0.08297,0.08132,0.07935,0.19052,0.19150,0.19085,0.19381,0.18953,-0.00090,-0.00090,-0.00057,0.00173,0.00074,-51.51377,928.00000
0.08395,0.08395,0.07705,0.08428,0.07442,0.18920,0.19118,0.19052,0.18953,0.18986,-0.00025,0.00370,0.00206,0.00041,-0.00288,-52.15093,929.00000
0.07935,0.08099,0.08330,0.08264,0.08034,0.18690,0.18920,0.19019,0.18986,0.19216,0.00074,0.00173,-0.00025,-0.00057,-0.00255,-52.15093,930.00000
0.07474,0.08658,0.07935,0.08955,0.08297,0.18986,0.18887,0.18887,0.18887,0.18986,-0.00419,0.00140,-0.00452,-0.00123,0.00173,-51.76882,931.00000
0.08034,0.08132,0.08132,0.08987,0.08165,0.19019,0.18854,0.18822,0.18789,0.19052,-0.00156,0.00008,0.00206,-0.00025,0.00173,-51.76882,932.00000
0.07705,0.08362,0.08165,0.08494,0.08001,0.19118,0.18986,0.18953,0.18822,0.19052,-0.00123,0.00403,-0.00222,-0.00189,-0.00057,-52.46156,933.00000
0.08165,0.08889,0.08395,0.07902,0.07573,0.18953,0.18230,0.18920,0.18854,0.18690,-0.00025,-0.00386,0.00008,-0.00090,0.00107,-52.46156,934.00000
0.08297,0.08066,0.08395,0.08099,0.08264,0.18920,0.18986,0.18789,0.18854,0.19019,-0.00288,-0.00288,-0.00156,0.00337,-0.00123,-52.89826,935.00000
0.07738,0.08099,0.07968,0.07738,0.08066,0.19216,0.18887,0.18756,0.19446,0.18591,-0.00025,0.00107,0.00041,0.00041,-0.00321,-52.89826,936.00000
0.08001,0.07836,0.08527,0.08066,0.07836,0.18591,0.18986,0.19052,0.19118,0.18822,-0.00255,0.00107,0.00074,0.00041,-0.00025,-52.68936,937.00000
0.07606,0.08231,0.07803,0.07968,0.08099,0.18526,0.18789,0.19150,0.19282,0.19052,-0.00386,-0.00123,-0.00123,-0.00222,-0.00222,-52.68936,938.00000
0.07968,0.08330,0.08330,0.07968,0.07606,0.19545,0.18657,0.18854,0.19052,0.19249,0.00107,0.00140,-0.00025,-0.00255,-0.00057,-53.28804,939.00000
0.07409,0.08395,0.07211,0.08626,0.08395,0.19118,0.19183,0.18723,0.18756,0.19019,-0.00090,-0.00321,0.00337,0.00173,0.00206,-53.28804,940.00000
0.08034,0.08034,0.08034,0.07507,0.08066,0.19216,0.19019,0.19381,0.18854,0.18986,0.00074,0.00239,-0.00090,-0.00156,-0.00090,-53.36277,941.00000
0.08034,0.08461,0.08066,0.07738,0.07902,0.19216,0.18920,0.19512,0.19019,0.18920,-0.00090,-0.00189,0.00041,-0.00189,0.00206,-53.36277,942.00000
0.08593,0.07705,0.08823,0.08198,0.07869,0.18690,0.18887,0.18953,0.19052,0.18953,-0.00189,0.00140,-0.00288,0.00041,-0.00057,-53.31713,943.00000
0.08034,0.07902,0.08198,0.08297,0.07507,0.18756,0.19315,0.18723,0.18854,0.18887,-0.00057,0.00008,0.00008,-0.00255,-0.00025,-53.31713,944.00000
0.07474,0.07968,0.08231,0.08034,0.08034,0.18723,0.19085,0.19282,0.18657,0.18789,-0.00025,0.00140,-0.00156,-0.00090,-0.00025,-53.53601,945.00000
0.07343,0.07376,0.08034,0.07540,0.07672,0.18986,0.19216,0.18822,0.18953,0.19249,0.00206,-0.00090,-0.00025,0.00008,-0.00222,-53.53601,946.00000
0.07507,0.07507,0.07540,0.08001,0.07836,0.19118,0.18920,0.19085,0.18789,0.18822,0.00008,-0.00025,-0.00057,0.00206,-0.00419,-53.85540,947.00000
0.07376,0.07606,0.08264,0.07442,0.07836,0.18690,0.19019,0.19216,0.19282,0.19611,-0.00321,-0.00025,0.00206,0.00041,-0.00255,-53.85540,948.00000
0.07343,0.08066,0.07474,0.07507,0.07836,0.18822,0.19052,0.19216,0.19052,0.19315,-0.00057,-0.00353,0.00107,-0.00090,-0.00156,-53.89548,949.00000
0.07639,0.08132,0.07836,0.07244,0.07113,0.18723,0.18887,0.18690,0.18789,0.19052,-0.00189,-0.00419,-0.00386,-0.00255,-0.00156,-53.89548,950.00000
0.07573,0.07573,0.07738,0.07409,0.08231,0.18756,0.18953,0.18690,0.19348,0.19381,-0.00321,-0.00057,-0.00255,0.00107,-0.00386,-54.01805,951.00000
0.07902,0.07507,0.07935,0.07836,0.07474,0.19019,0.19381,0.18986,0.18887,0.18986,-0.00025,-0.00057,-0.00057,-0.00222,0.00304,-54.01805,952.00000
0.07277,0.07869,0.08034,0.07540,0.07310,0.19841,0.18986,0.18624,0.18591,0.18131,-0.00057,-0.00123,-0.00288,0.00337,-0.00057,-53.45190,953.00000
0.07211,0.06751,0.07639,0.07836,0.07836,0.19019,0.19085,0.19019,0.18854,0.19085,0.00272,0.00206,-0.00156,-0.00025,0.00173,-53.45190,954.00000
0.07935,0.07803,0.07343,0.07310,0.07507,0.18822,0.19052,0.18920,0.18789,0.19315,-0.00222,0.00041,0.00403,0.00041,0.00337,-52.91491,955.00000
0.07047,0.07442,0.07639,0.07409,0.07376,0.19381,0.19085,0.19150,0.18822,0.19315,0.00107,0.00140,-0.00353,0.00008,-0.00288,-52.91491,956.00000
0.07573,0.07573,0.07409,0.07968,0.07343,0.19512,0.18822,0.18920,0.18657,0.18789,0.00272,0.00107,0.00074,0.00041,-0.00123,-52.30218,957.00000
0.08034,0.06981,0.07442,0.07836,0.07442,0.18986,0.18854,0.18953,0.19282,0.18854,0.00239,-0.00025,-0.00090,0.00206,0.00239,-52.30218,958.00000
0.07047,0.07803,0.07211,0.06981,0.07343,0.18887,0.18657,0.19216,0.19052,0.19216,-0.00551,0.00107,-0.00090,-0.00189,0.00173,-51.56613,959.00000
0.07376,0.07705,0.07310,0.07672,0.07474,0.19249,0.19118,0.19019,0.18460,0.18854,0.00107,0.00206,-0.00025,0.00173,-0.00156,-51.56613,960.00000
0.07442,0.07639,0.07146,0.07080,0.07409,0.19183,0.19118,0.19249,0.19052,0.19150,-0.00551,-0.00025,0.00239,-0.00321,0.00107,-51.62779,961.00000
0.07507,0.07310,0.07738,0.07639,0.07343,0.19052,0.19315,0.18756,0.18854,0.18822,0.00074,-0.00222,-0.00123,-0.00090,-0.00090,-51.62779,962.00000
0.07146,0.07244,0.06882,0.06915,0.07639,0.18690,0.18789,0.18953,0.18953,0.18822,-0.00255,0.00008,-0.00025,-0.00156,-0.00222,-51.21185,963.00000
0.07409,0.07442,0.07277,0.07146,0.07343,0.19216,0.18953,0.18822,0.18690,0.18723,0.00041,-0.00156,0.00008,0.00272,-0.00123,-51.21185,964.00000
0.07080,0.07409,0.07146,0.07080,0.07507,0.19348,0.19118,0.18854,0.18920,0.19150,0.00041,0.00173,0.00272,0.00206,0.00206,-51.99264,965.00000
0.07343,0.07178,0.07146,0.07376,0.06882,0.19282,0.18690,0.18657,0.18493,0.18756,-0.00156,-0.00222,0.00107,0.00140,-0.00189,-51.99264,966.00000
0.07047,0.07474,0.07705,0.07178,0.07113,0.18493,0.18854,0.18986,0.18493,0.18657,-0.00090,-0.00255,-0.00090,0.00140,0.00239,-52.63206,967.00000
0.07277,0.07376,0.07376,0.07244,0.07442,0.18723,0.19216,0.19249,0.18690,0.19052,0.00008,0.00107,0.00074,0.00074,0.00008,-52.63206,968.00000
0.07310,0.07014,0.07080,0.06882,0.07540,0.18953,0.18986,0.18920,0.18953,0.18657,0.00140,-0.00156,0.00304,-0.00222,-0.00123,-53.70861,969.00000
0.06718,0.07738,0.06948,0.06981,0.06915,0.18953,0.19052,0.18822,0.18690,0.19150,-0.00090,-0.00057,-0.00057,0.00370,-0.00025,-53.70861,970.00000
0.06948,0.06619,0.06751,0.06948,0.07047,0.19019,0.19085,0.18953,0.18822,0.18887,0.00173,-0.00255,-0.00025,0.00041,-0.00123,-53.54132,971.00000
0.06915,0.06850,0.07113,0.07540,0.06784,0.19381,0.18854,0.19512,0.19183,0.19216,-0.00090,-0.00255,0.00107,-0.00090,-0.00156,-53.54132,972.00000
0.06060,0.07376,0.07639,0.06850,0.07639,0.19052,0.18723,0.18427,0.18591,0.18854,-0.00057,0.00403,-0.00090,-0.00156,0.00304,-53.54800,973.00000
0.07277,0.06718,0.07573,0.06455,0.06751,0.18789,0.19019,0.18887,0.18887,0.19578,-0.00090,-0.00057,-0.00156,-0.00090,-0.00419,-53.54800,974.00000
0.06619,0.07310,0.07178,0.06126,0.07277,0.18920,0.19085,0.18887,0.18657,0.19216,-0.00156,0.00140,-0.00025,-0.00386,-0.00189,-53.52449,975.00000
0.06915,0.06850,0.06915,0.06488,0.06751,0.18690,0.19216,0.18526,0.19545,0.18854,-0.00156,-0.00025,-0.00057,-0.00156,0.00206,-53.52449,976.00000
0.07244,0.06685,0.07178,0.07014,0.07014,0.18558,0.18887,0.18920,0.18920,0.18986,-0.00057,0.00239,0.00107,-0.00189,0.00107,-53.26615,977.00000
0.06554,0.06915,0.06356,0.07113,0.07080,0.19052,0.19315,0.19019,0.19216,0.19118,0.00206,0.00008,0.00272,-0.00321,0.00140,-53.26615,978.00000
0.07146,0.06948,0.06751,0.07244,0.07409,0.19183,0.19019,0.19315,0.19150,0.18953,-0.00025,0.00272,-0.00025,-0.00156,0.00074,-53.52761,979.00000
0.06290,0.06784,0.06981,0.07672,0.07146,0.19150,0.18953,0.19315,0.19019,0.18953,0.00173,0.00107,0.00107,-0.00255,0.00304,-53.52761,980.00000
0.06356,0.06488,0.06718,0.06817,0.07442,0.19019,0.18953,0.19052,0.18295,0.18986,0.00074,-0.00156,0.00140,0.00074,-0.00057,-53.78040,981.00000
0.07047,0.06850,0.06159,0.07113,0.06981,0.18756,0.19052,0.19479,0.19052,0.18854,0.00008,-0.00189,-0.00255,-0.00057,0.00272,-53.78040,982.00000
0.06915,0.07343,0.06981,0.06389,0.06948,0.19282,0.18854,0.18657,0.19052,0.18822,0.00140,-0.00419,0.00008,-0.00090,0.00206,-52.66901,983.00000
0.06817,0.06784,0.06751,0.06455,0.07047,0.18854,0.18986,0.18789,0.19118,0.18558,0.00370,0.00008,-0.00123,-0.00353,-0.00025,-52.66901,984.00000
0.06619,0.07573,0.06981,0.06915,0.06521,0.19216,0.18854,0.18822,0.18690,0.19118,-0.00057,-0.00057,-0.00025,-0.00222,-0.00057,-52.39163,985.00000
0.07047,0.06323,0.06817,0.06521,0.06915,0.18526,0.18822,0.18822,0.18986,0.19315,0.00041,0.00337,0.00107,-0.00057,0.00107,-52.39163,986.00000
0.06554,0.06948,0.06850,0.07113,0.06323,0.18920,0.19282,0.19118,0.18854,0.18953,0.00008,0.00272,-0.00386,-0.00288,0.00107,-52.45558,987.00000
0.06323,0.07014,0.06685,0.06422,0.06521,0.19183,0.18624,0.18986,0.19183,0.19414,0.00272,0.00008,-0.00025,0.00107,-0.00649,-52.45558,988.00000
0.06882,0.07014,0.06619,0.06521,0.06948,0.18690,0.18690,0.19249,0.19545,0.18953,-0.00090,-0.00123,0.00173,0.00008,-0.00189,-52.22877,989.00000
0.07146,0.06093,0.06948,0.06521,0.06718,0.19118,0.18953,0.19118,0.18690,0.19249,0.00008,-0.00090,0.00041,0.00140,-0.00090,-52.22877,990.00000
0.06685,0.06619,0.06882,0.06422,0.06784,0.18953,0.18887,0.19118,0.19282,0.19150,-0.00090,-0.00189,-0.00321,0.00239,-0.00123,-52.27161,991.00000
0.07244,0.06126,0.07277,0.05929,0.06290,0.18789,0.18986,0.18789,0.19052,0.19512,-0.00255,0.00041,-0.00025,-0.00156,-0.00255,-52.27161,992.00000
0.06619,0.06751,0.06817,0.06159,0.07113,0.19315,0.18526,0.18690,0.18657,0.18986,-0.00156,-0.00123,-0.00353,-0.00321,-0.00222,-53.42829,993.00000
0.06455,0.06619,0.06225,0.06685,0.06850,0.19150,0.18756,0.18887,0.19118,0.18789,0.00272,0.00041,-0.00452,-0.00123,0.00239,-53.42829,994.00000
0.06389,0.06323,0.06389,0.06685,0.06422,0.18394,0.18690,0.18394,0.18723,0.18887,0.00173,0.00206,-0.00025,-0.00353,0.00107,-52.92508,995.00000
0.07014,0.06586,0.06290,0.06915,0.06521,0.18822,0.18723,0.18854,0.19183,0.18789,-0.00090,-0.00057,-0.00057,-0.00057,-0.00288,-52.92508,996.00000
0.06422,0.06323,0.06751,0.06389,0.06093,0.18657,0.19052,0.18756,0.19216,0.18591,0.00107,0.00041,0.00272,-0.00025,0.00140,-53.16908,997.00000
0.06455,0.06488,0.06455,0.06422,0.06521,0.18854,0.18526,0.18887,0.18591,0.19414,-0.00288,0.00568,-0.00090,0.00107,0.00206,-53.16908,998.00000
0.06718,0.06586,0.06652,0.06751,0.05797,0.18822,0.18427,0.18394,0.18986,0.18986,0.00008,-0.00189,0.00107,-0.00123,-0.00156,-53.60603,999.00000
0.06554,0.06521,0.06093,0.06258,0.06290,0.19216,0.18953,0.19216,0.18789,0.18822,0.00140,-0.00222,0.00173,0.00041,0.00173,-53.60603,1000.00000
0.06652,0.06751,0.06554,0.06554,0.06290,0.18723,0.18953,0.19118,0.18526,0.19118,0.00107,0.00337,0.00041,-0.00090,-0.00123,-53.77079,1001.00000
0.06060,0.06455,0.06093,0.06093,0.06389,0.18526,0.19085,0.18887,0.18920,0.19249,0.00008,0.00140,-0.00222,0.00107,-0.00222,-53.77079,1002.00000
0.06521,0.06422,0.06060,0.06685,0.06060,0.18953,0.19216,0.19019,0.18953,0.19019,0.00239,-0.00025,-0.00090,0.00436,0.00074,-54.30727,1003.00000
0.06225,0.06060,0.06718,0.06915,0.06488,0.18756,0.19052,0.18986,0.18756,0.18986,0.00008,-0.00057,-0.00090,0.00107,0.00107,-54.30727,1004.00000
0.06159,0.06027,0.06850,0.06521,0.06422,0.18789,0.18986,0.18690,0.19183,0.18526,0.00206,-0.00189,-0.00255,-0.00222,0.00107,-53.97248,1005.00000
0.06915,0.05698,0.06619,0.05962,0.06192,0.19118,0.18887,0.18953,0.18920,0.18854,-0.00222,-0.00584,0.00041,-0.00189,0.00107,-53.97248,1006.00000
0.06619,0.06521,0.06323,0.06488,0.06817,0.19545,0.18986,0.18789,0.18723,0.18460,0.00206,-0.00156,0.00173,-0.00123,-0.00156,-53.70987,1007.00000
0.06554,0.05929,0.06356,0.06718,0.06751,0.18822,0.19381,0.18986,0.18690,0.19150,0.00041,-0.00090,-0.00057,-0.00057,-0.00025,-53.70987,1008.00000
0.06685,0.06619,0.06356,0.06521,0.05994,0.19479,0.18920,0.18624,0.18295,0.18558,-0.00090,-0.00123,-0.00057,-0.00222,-0.00222,-52.80709,1009.00000
0.06389,0.06356,0.06192,0.06060,0.06718,0.19019,0.18591,0.18986,0.18657,0.19118,0.00074,0.00041,-0.00090,-0.00485,-0.00551,-52.80709,1010.00000
0.06619,0.06586,0.06290,0.06258,0.06258,0.18887,0.19183,0.18822,0.19315,0.18624,0.00107,0.00008,-0.00123,0.00041,-0.00353,-51.84544,1011.00000
0.06290,0.06422,0.05863,0.06586,0.05994,0.19118,0.18953,0.18887,0.18887,0.19019,-0.00057,-0.00255,0.00140,-0.00123,-0.00123,-51.84544,1012.00000
0.05600,0.06619,0.05863,0.06027,0.05830,0.18723,0.18887,0.18953,0.18789,0.18822,-0.00090,-0.00189,0.00206,0.00173,-0.00090,-51.05455,1013.00000
0.06225,0.06192,0.06356,0.06060,0.05633,0.18822,0.18756,0.19085,0.18657,0.19085,-0.00090,0.00008,-0.00353,-0.00288,0.00008,-51.05455,1014.00000
0.06389,0.06356,0.05698,0.06126,0.06192,0.18986,0.19512,0.18526,0.19019,0.18789,-0.00057,0.00173,0.00074,-0.00255,-0.00781,-51.11321,1015.00000
0.06192,0.06258,0.05797,0.06027,0.06389,0.19019,0.19381,0.19315,0.19183,0.18854,-0.00156,-0.00090,0.00041,-0.00156,0.00041,-51.11321,1016.00000
0.06356,0.06093,0.06159,0.05929,0.06060,0.19085,0.18986,0.19150,0.18854,0.18756,0.00008,0.00041,0.00272,0.00337,-0.00353,-51.22311,1017.00000
0.06192,0.06258,0.06027,0.05369,0.05896,0.19052,0.18887,0.19052,0.18723,0.19052,-0.00123,-0.00057,0.00107,-0.00090,-0.00255,-51.22311,1018.00000
0.06159,0.05896,0.06258,0.05797,0.05830,0.18822,0.18822,0.18756,0.18789,0.19085,-0.00189,0.00502,-0.00057,0.00107,-0.00156,-52.78197,1019.00000
0.06356,0.05929,0.05994,0.06258,0.06159,0.18591,0.18558,0.19150,0.18427,0.18723,0.00173,-0.00123,-0.00288,0.00304,0.00140,-52.78197,1020.00000
0.05962,0.06027,0.06554,0.06027,0.06126,0.19315,0.19052,0.18526,0.18690,0.19446,0.00074,0.00074,-0.00288,-0.00025,-0.00551,-52.26989,1021.00000
0.05830,0.06093,0.05764,0.06784,0.05764,0.18427,0.19019,0.18920,0.19249,0.19052,-0.00156,-0.00090,0.00008,-0.00123,-0.00025,-52.26989,1022.00000
0.05468,0.06126,0.06258,0.05797,0.05929,0.19348,0.18690,0.18854,0.18986,0.18558,-0.00222,-0.00025,-0.00123,-0.00090,0.00008,-53.46160,1023.00000
0.06060,0.05731,0.06290,0.05402,0.06323,0.18953,0.18756,0.18230,0.18624,0.18822,0.00140,-0.00123,0.00107,-0.00222,0.00008,-53.46160,1024.00000
0.06027,0.06850,0.05501,0.06159,0.06554,0.19052,0.19019,0.18920,0.18986,0.18723,-0.00090,-0.00288,-0.00288,0.00206,0.00140,-53.25424,1025.00000
0.05994,0.05271,0.05896,0.06225,0.05994,0.19512,0.18953,0.19118,0.18887,0.18854,0.00140,-0.00288,0.00074,0.00107,0.00041,-53.25424,1026.00000
0.05830,0.05665,0.06159,0.06027,0.05797,0.18789,0.19282,0.19348,0.19019,0.19183,-0.00090,0.00107,-0.00123,-0.00156,-0.00057,-54.43718,1027.00000
0.05797,0.06060,0.05402,0.06060,0.05962,0.18822,0.18657,0.19183,0.19512,0.18986,0.00173,-0.00353,-0.00189,0.00041,0.00140,-54.43718,1028.00000
0.05665,0.05731,0.06323,0.06126,0.05797,0.19019,0.18591,0.19019,0.18986,0.18789,0.00074,0.00074,0.00074,0.00008,0.00074,-54.92855,1029.00000
0.06290,0.06093,0.05435,0.05830,0.06521,0.19315,0.18822,0.18854,0.18427,0.18558,0.00041,-0.00057,-0.00123,0.00074,0.00370,-54.92855,1030.00000
0.06027,0.05665,0.06521,0.05698,0.05929,0.18953,0.18756,0.18690,0.19052,0.18854,0.00140,0.00239,0.00008,-0.00025,-0.00222,-54.23429,1031.00000
0.05962,0.05731,0.06323,0.05731,0.05764,0.18657,0.18854,0.19315,0.19085,0.18526,-0.00090,0.00008,-0.00321,-0.00025,0.00304,-54.23429,1032.00000
0.05797,0.06060,0.06060,0.06192,0.05073,0.19052,0.18822,0.19282,0.18723,0.18262,0.00074,-0.00156,0.00502,-0.00156,0.00272,-54.18746,1033.00000
0.06060,0.05863,0.05665,0.05863,0.06159,0.18822,0.18690,0.19085,0.19348,0.18887,0.00107,-0.00386,-0.00090,-0.00057,-0.00156,-54.18746,1034.00000
0.05863,0.05369,0.06192,0.05863,0.06093,0.18822,0.19019,0.19052,0.18558,0.18690,-0.00386,0.00107,0.00107,0.00173,-0.00189,-54.09812,1035.00000
0.06159,0.06159,0.05731,0.05896,0.05929,0.18986,0.18558,0.18920,0.18164,0.19052,0.00041,-0.00189,0.00304,-0.00386,0.00074,-54.09812,1036.00000
0.05468,0.05896,0.05600,0.05402,0.05633,0.19282,0.18887,0.18460,0.19052,0.18657,-0.00255,-0.00090,0.00107,-0.00025,-0.00123,-53.43578,1037.00000
0.05369,0.05994,0.05008,0.06093,0.05600,0.18361,0.18690,0.19052,0.19118,0.18262,-0.00025,-0.00255,-0.00353,0.00239,-0.00551,-53.43578,1038.00000
0.05304,0.06093,0.05600,0.05369,0.05863,0.18789,0.18657,0.19019,0.18690,0.19085,0.00173,-0.00255,-0.00255,0.00041,0.00239,-53.31945,1039.00000
0.06027,0.06060,0.05830,0.05962,0.06093,0.18822,0.18526,0.18558,0.19019,0.19479,0.00008,-0.00255,0.00008,0.00107,-0.00288,-53.31945,1040.00000
0.06586,0.05304,0.05896,0.05600,0.06093,0.18953,0.18887,0.19052,0.19216,0.19052,0.00041,0.00140,-0.00189,-0.00255,0.00304,-52.90729,1041.00000
0.05896,0.05797,0.05633,0.06619,0.04876,0.18854,0.18920,0.18690,0.18526,0.19315,0.00041,0.00008,0.00041,-0.00386,-0.00090,-52.90729,1042.00000
0.05238,0.05830,0.05468,0.05468,0.05468,0.19282,0.18887,0.18526,0.18789,0.18558,-0.00288,-0.00288,-0.00123,-0.00222,-0.00057,-52.80130,1043.00000
0.05863,0.05665,0.05435,0.05896,0.05797,0.18723,0.19414,0.18953,0.18591,0.18624,0.00008,-0.00288,0.00041,0.00074,-0.00090,-52.80130,1044.00000
0.05304,0.06455,0.05205,0.05633,0.05139,0.18887,0.18789,0.19019,0.18427,0.18657,-0.00189,0.00107,0.00041,-0.00057,-0.00057,-53.37331,1045.00000
0.06093,0.05633,0.05534,0.05665,0.05073,0.18723,0.19249,0.19183,0.18756,0.19085,-0.00057,-0.00222,-0.00288,-0.00025,0.00008,-53.37331,1046.00000
0.05731,0.05698,0.05567,0.06027,0.06192,0.18887,0.18526,0.18493,0.19414,0.18887,0.00239,0.00173,-0.00189,0.00008,0.00107,-52.53138,1047.00000
0.05764,0.05073,0.05698,0.05534,0.05962,0.18756,0.19019,0.19150,0.18624,0.18657,-0.00123,-0.00452,-0.00419,0.00337,-0.00189,-52.53138,1048.00000
0.05567,0.05896,0.05698,0.05600,0.05731,0.18657,0.19348,0.18789,0.18953,0.18789,-0.00090,-0.00386,0.00041,0.00239,-0.00025,-52.27155,1049.00000
0.05271,0.06290,0.05369,0.05633,0.05698,0.18361,0.19183,0.19118,0.18986,0.18526,-0.00025,-0.00090,-0.00025,-0.00025,0.00173,-52.27155,1050.00000
0.04810,0.05633,0.05534,0.05534,0.05863,0.19085,0.19183,0.18328,0.18427,0.18854,-0.00321,-0.00123,-0.00156,0.00370,0.00304,-53.01810,1051.00000
0.05501,0.05600,0.05468,0.06060,0.06159,0.19085,0.18690,0.18756,0.18361,0.18822,-0.00123,-0.00025,0.00173,-0.00057,0.00304,-53.01810,1052.00000
0.06126,0.05435,0.05238,0.05073,0.05764,0.18591,0.19085,0.18591,0.18953,0.18986,-0.00189,-0.00189,0.00206,-0.00255,-0.00288,-53.58424,1053.00000
0.05139,0.05501,0.05238,0.05896,0.05468,0.18394,0.18953,0.19183,0.18657,0.18460,0.00337,-0.00057,0.00041,0.00008,0.00272,-53.58424,1054.00000
0.05994,0.05468,0.05764,0.06093,0.04843,0.18657,0.19150,0.19150,0.19282,0.18624,0.00206,-0.00353,-0.00419,0.00107,0.00008,-53.58411,1055.00000
0.05764,0.05600,0.05435,0.05698,0.06290,0.19118,0.18887,0.19150,0.18756,0.18394,0.00140,0.00074,0.00337,-0.00156,0.00206,-53.58411,1056.00000
0.05534,0.05863,0.05304,0.06060,0.05797,0.19216,0.18657,0.18986,0.19052,0.19414,-0.00057,-0.00057,-0.00057,-0.00090,-0.00025,-54.31159,1057.00000
0.05698,0.05271,0.05271,0.05830,0.05304,0.18920,0.18723,0.19150,0.18295,0.19019,0.00272,0.00140,-0.00189,0.00008,0.00173,-54.31159,1058.00000
0.04909,0.05830,0.05073,0.05567,0.05468,0.18789,0.19150,0.18624,0.19085,0.18526,-0.00156,0.00041,-0.00090,0.00041,-0.00123,-53.95023,1059.00000
0.05501,0.05633,0.05304,0.06093,0.04942,0.19052,0.19085,0.18887,0.18493,0.18789,0.00074,0.00403,-0.00156,0.00008,0.00140,-53.95023,1060.00000
0.05764,0.05764,0.05073,0.05435,0.05567,0.18887,0.18526,0.19249,0.18361,0.19315,-0.00156,-0.00288,0.00173,-0.00025,-0.00057,-53.38869,1061.00000
0.05205,0.05764,0.05304,0.05698,0.05008,0.18887,0.18887,0.18887,0.19150,0.18756,-0.00025,0.00008,-0.00485,-0.00123,0.00041,-53.38869,1062.00000
0.05797,0.05764,0.05929,0.05994,0.05271,0.19644,0.19019,0.18854,0.18591,0.19052,-0.00057,-0.00156,-0.00090,-0.00090,-0.00156,-53.72071,1063.00000
0.05139,0.05139,0.05567,0.05041,0.05172,0.19052,0.18789,0.19282,0.19282,0.18558,0.00041,0.00337,0.00140,0.00140,-0.00386,-53.72071,1064.00000
0.04975,0.05764,0.05731,0.05238,0.05337,0.19085,0.18427,0.18591,0.19282,0.18493,-0.00123,0.00239,-0.00123,0.00008,-0.00288,-53.02735,1065.00000
0.05402,0.05271,0.05764,0.05172,0.05534,0.18854,0.18493,0.18591,0.18460,0.18854,0.00140,-0.00123,-0.00452,0.00140,0.00008,-53.02735,1066.00000
0.05337,0.05830,0.04810,0.05567,0.05106,0.19085,0.18591,0.18493,0.18558,0.18690,0.00304,-0.00255,-0.00353,-0.00025,-0.00057,-52.27539,1067.00000
0.05402,0.05337,0.05369,0.05304,0.05402,0.19052,0.18822,0.18920,0.18230,0.18690,0.00337,0.00074,-0.00123,-0.00090,-0.00057,-52.27539,1068.00000
0.06290,0.05238,0.05534,0.04909,0.05369,0.18756,0.18394,0.18591,0.19085,0.19381,0.00239,-0.00090,0.00074,-0.00057,0.00173,-52.05322,1069.00000
0.05238,0.05731,0.05534,0.04975,0.05501,0.18526,0.18953,0.19183,0.18723,0.18591,-0.00222,0.00074,0.00239,-0.00057,-0.00057,-52.05322,1070.00000
0.05435,0.05337,0.05435,0.05402,0.05008,0.18920,0.19052,0.19118,0.19118,0.18526,-0.00123,0.00337,-0.00123,0.00107,0.00173,-51.91528,1071.00000
0.04712,0.05402,0.05633,0.05369,0.05665,0.18756,0.19315,0.19019,0.18953,0.18789,0.00008,0.00074,-0.00255,0.00436,-0.00222,-51.91528,1072.00000
0.05600,0.05238,0.05369,0.05929,0.04975,0.19085,0.19118,0.18756,0.18854,0.19150,-0.00090,0.00008,0.00041,0.00074,0.00041,-51.79260,1073.00000
0.05205,0.04481,0.05501,0.05764,0.05172,0.18493,0.18723,0.18854,0.18920,0.18624,-0.00189,0.00107,0.00041,0.00041,-0.00255,-51.79260,1074.00000
0.04975,0.05764,0.05073,0.05238,0.04975,0.18789,0.19052,0.18328,0.19085,0.19019,-0.00025,0.00008,-0.00123,0.00140,0.00370,-52.20245,1075.00000
0.05534,0.05106,0.05205,0.05764,0.05369,0.18262,0.18361,0.18986,0.18789,0.18558,0.00173,0.00173,0.00107,0.00074,-0.00090,-52.20245,1076.00000
0.05369,0.05665,0.05073,0.05600,0.05435,0.19150,0.18657,0.18427,0.19249,0.18723,-0.00353,0.00107,-0.00189,-0.00123,0.00008,-52.13150,1077.00000
0.05764,0.05665,0.05534,0.05698,0.05172,0.19249,0.19216,0.19085,0.18460,0.18854,0.00239,0.00140,0.00304,0.00173,-0.00025,-52.13150,1078.00000
0.05106,0.04942,0.05468,0.05238,0.05369,0.18460,0.18789,0.19085,0.18822,0.18953,-0.00025,-0.00123,-0.00288,0.00140,0.00239,-52.75520,1079.00000
0.05106,0.05106,0.05896,0.05698,0.04712,0.18558,0.18789,0.18591,0.19348,0.19019,0.00140,0.00074,0.00008,0.00074,-0.00189,-52.75520,1080.00000
0.05402,0.05008,0.05402,0.04876,0.05468,0.18822,0.19446,0.18558,0.18591,0.18953,0.00173,0.00370,-0.00090,-0.00222,-0.00189,-53.26237,1081.00000
0.05041,0.05106,0.05863,0.05172,0.04909,0.18789,0.19052,0.18887,0.19118,0.18953,0.00107,0.00337,-0.00057,0.00173,-0.00189,-53.26237,1082.00000
0.05468,0.05797,0.05172,0.05205,0.05633,0.19052,0.18854,0.19348,0.18789,0.18789,0.00074,0.00074,0.00140,0.00008,0.00304,-53.65511,1083.00000
0.05567,0.04613,0.05238,0.05402,0.05633,0.18460,0.19183,0.18953,0.19381,0.18920,-0.00222,0.00140,0.00140,-0.00156,0.00239,-53.65511,1084.00000
0.04909,0.05172,0.06225,0.05106,0.05073,0.19216,0.18295,0.18986,0.19118,0.19118,-0.00321,0.00206,0.00304,-0.00090,-0.00123,-53.96623,1085.00000
0.05172,0.05731,0.04810,0.05468,0.04613,0.18657,0.18591,0.19118,0.18526,0.18822,-0.00090,-0.00321,-0.00156,0.00239,-0.00090,-53.96623,1086.00000
0.05468,0.05073,0.05238,0.05271,0.04514,0.18526,0.19216,0.19249,0.19085,0.18690,-0.00090,-0.00090,0.00239,0.00140,-0.00189,-54.18282,1087.00000
0.05468,0.04942,0.05731,0.05106,0.05139,0.18986,0.19315,0.18624,0.19019,0.19052,0.00140,0.00239,0.00140,0.00041,-0.00090,-54.18282,1088.00000
0.05271,0.05304,0.05139,0.04909,0.05402,0.18591,0.18854,0.19118,0.18723,0.18953,-0.00090,0.00107,-0.00090,0.00041,-0.00090,-53.95420,1089.00000
0.05501,0.05172,0.05369,0.05139,0.05435,0.18854,0.18920,0.18690,0.19216,0.18789,0.00008,0.00008,0.00239,0.00041,0.00074,-53.95420,1090.00000
0.05567,0.04712,0.05238,0.05337,0.04909,0.18854,0.18295,0.18624,0.18723,0.17901,0.00107,0.00337,0.00568,-0.00090,0.00239,-54.69683,1091.00000
0.04909,0.05435,0.04745,0.05896,0.04942,0.19085,0.18920,0.18822,0.18723,0.18723,-0.00255,0.00041,0.00074,-0.00156,-0.00156,-54.69683,1092.00000
0.05238,0.05567,0.04942,0.04975,0.06225,0.18986,0.18624,0.18986,0.18854,0.18230,-0.00025,0.00140,0.00272,-0.00419,0.00008,-53.87673,1093.00000
0.05534,0.05369,0.05008,0.05008,0.05435,0.18657,0.18690,0.18822,0.18493,0.19085,0.00041,-0.00057,-0.00025,0.00140,0.00107,-53.87673,1094.00000
0.05139,0.05567,0.04777,0.05238,0.05008,0.18887,0.18690,0.18887,0.19183,0.18591,-0.00057,-0.00025,-0.00057,0.00008,-0.00123,-53.40321,1095.00000
0.05106,0.05106,0.05008,0.04975,0.05205,0.18723,0.18493,0.18690,0.19150,0.18526,-0.00321,-0.00189,0.00239,0.00041,-0.00321,-53.40321,1096.00000
0.05172,0.05369,0.05008,0.05073,0.05271,0.18394,0.18624,0.18690,0.18558,0.18723,0.00041,-0.00156,-0.00025,0.00337,0.00140,-53.34711,1097.00000
0.05041,0.05337,0.05106,0.05041,0.05238,0.18953,0.18986,0.18427,0.18986,0.18920,-0.00090,-0.00156,-0.00156,-0.00090,0.00403,-53.34711,1098.00000
0.05106,0.05534,0.05337,0.05271,0.05205,0.19019,0.18789,0.18558,0.18789,0.18986,-0.00156,0.00074,-0.00090,0.00107,0.00008,-52.06662,1099.00000
0.05205,0.05600,0.05205,0.05633,0.05205,0.18295,0.18854,0.18657,0.19183,0.18986,0.00304,-0.00090,-0.00353,0.00074,0.00140,-52.06662,1100.00000
0.05665,0.04481,0.05238,0.05567,0.04876,0.18986,0.18493,0.18822,0.18756,0.18920,0.00107,0.00107,0.00074,-0.00452,0.00337,-51.57775,1101.00000
0.05830,0.05369,0.04975,0.05008,0.05534,0.19052,0.19052,0.19249,0.18361,0.19085,-0.00123,0.00403,-0.00386,-0.00123,0.00239,-51.57775,1102.00000
0.04777,0.05205,0.05238,0.04942,0.05600,0.19118,0.19414,0.18657,0.19183,0.18624,0.00074,-0.00189,0.00403,-0.00090,0.00107,-51.47491,1103.00000
0.05238,0.04942,0.05304,0.05304,0.05962,0.18460,0.18986,0.18624,0.19150,0.18690,-0.00123,-0.00321,0.00140,0.00041,-0.00156,-51.47491,1104.00000
0.04909,0.04942,0.05304,0.04416,0.04909,0.19085,0.18986,0.18789,0.18986,0.19282,0.00041,0.00041,-0.00123,-0.00123,0.00008,-51.71646,1105.00000
0.05567,0.05435,0.05041,0.05304,0.05041,0.19019,0.18986,0.18624,0.19150,0.18394,-0.00123,0.00107,0.00173,-0.00452,-0.00321,-51.71646,1106.00000
0.04745,0.05534,0.04547,0.05337,0.04942,0.18789,0.18493,0.19085,0.18953,0.18558,-0.00353,-0.00419,-0.00090,0.00107,-0.00057,-52.30354,1107.00000
0.05073,0.05501,0.04843,0.04909,0.04975,0.18526,0.18887,0.19118,0.19085,0.19183,-0.00189,0.00140,0.00502,0.00008,-0.00189,-52.30354,1108.00000
0.05501,0.05238,0.05041,0.05008,0.05304,0.19052,0.18723,0.19118,0.18953,0.18526,0.00074,0.00074,0.00140,0.00173,-0.00090,-52.41398,1109.00000
0.04942,0.05238,0.04975,0.05172,0.04909,0.19085,0.18953,0.18493,0.19052,0.19052,0.00041,0.00008,0.00041,-0.00090,0.00206,-52.41398,1110.00000
0.05369,0.04810,0.05271,0.04646,0.04745,0.18460,0.18920,0.19216,0.18624,0.18953,-0.00156,-0.00386,-0.00321,-0.00189,0.00239,-53.92183,1111.00000
0.04810,0.05863,0.05633,0.04514,0.05238,0.18986,0.18657,0.18723,0.19085,0.19183,-0.00189,0.00239,-0.00123,0.00206,-0.00123,-53.92183,1112.00000
0.05304,0.05008,0.04909,0.04646,0.05337,0.18789,0.18591,0.19315,0.18328,0.18427,-0.00090,0.00008,0.00008,-0.00189,0.00074,-54.32420,1113.00000
0.05369,0.05172,0.05402,0.05238,0.05567,0.19118,0.18789,0.18526,0.19019,0.18690,0.00107,0.00008,0.00173,0.00304,-0.00485,-54.32420,1114.00000
0.04745,0.05369,0.04843,0.05337,0.05435,0.18493,0.18789,0.18657,0.18953,0.18854,-0.00090,0.00173,-0.00321,0.00535,-0.00090,-54.82323,1115.00000
0.04416,0.05172,0.05369,0.05205,0.05041,0.18723,0.18624,0.18657,0.19348,0.18657,-0.00025,0.00041,0.00041,0.00008,-0.00452,-54.82323,1116.00000
0.04449,0.05041,0.04909,0.04942,0.04810,0.18854,0.18591,0.19085,0.18920,0.18756,0.00140,0.00041,0.00074,-0.00090,0.00041,-54.67724,1117.00000
0.04712,0.05139,0.05369,0.05468,0.04810,0.19183,0.18624,0.18164,0.18887,0.18558,-0.00321,-0.00386,0.00008,0.00206,0.00140,-54.67724,1118.00000
0.04646,0.05369,0.04810,0.05337,0.04975,0.18756,0.18657,0.18690,0.19348,0.18690,0.00239,0.00272,-0.00057,0.00107,-0.00057,-54.07202,1119.00000
0.04909,0.04777,0.05600,0.04942,0.05008,0.18657,0.18723,0.19019,0.19019,0.18953,0.00008,0.00304,-0.00090,-0.00123,0.00173,-54.07202,1120.00000
0.04712,0.05139,0.04679,0.05008,0.05008,0.18986,0.18361,0.18887,0.18690,0.18164,-0.00057,0.00239,-0.00189,-0.00189,-0.00156,-53.43249,1121.00000
0.05402,0.04777,0.04975,0.05304,0.05008,0.19150,0.18920,0.18690,0.18591,0.18887,-0.00452,-0.00156,-0.00189,0.00107,-0.00025,-53.43249,1122.00000
0.04975,0.05238,0.05106,0.05073,0.05238,0.18789,0.19282,0.18493,0.19019,0.19019,-0.00222,0.00008,0.00107,-0.00057,0.00140,-52.63666,1123.00000
0.05106,0.04777,0.05073,0.04745,0.05205,0.18822,0.19052,0.18887,0.18460,0.18493,-0.00321,-0.00057,-0.00222,0.00304,-0.00353,-52.63666,1124.00000
0.05073,0.05369,0.04843,0.04416,0.05041,0.18756,0.18887,0.19019,0.18624,0.19249,0.00206,-0.00255,-0.00025,-0.00156,-0.00123,-52.06052,1125.00000
0.04876,0.05172,0.05271,0.04876,0.04843,0.18789,0.18690,0.19052,0.18789,0.19085,-0.00255,0.00041,-0.00123,-0.00189,-0.00123,-52.06052,1126.00000
0.04876,0.04712,0.04909,0.04679,0.05073,0.18756,0.19249,0.18756,0.19183,0.18986,0.00041,-0.00025,-0.00156,-0.00189,0.00272,-51.34276,1127.00000
0.05106,0.04876,0.05139,0.05106,0.05435,0.19019,0.19118,0.18624,0.19085,0.18953,0.00173,-0.00255,0.00403,-0.00321,0.00008,-51.34276,1128.00000
0.05468,0.04416,0.05205,0.05468,0.05041,0.18789,0.18887,0.19052,0.18986,0.18887,-0.00123,-0.00090,-0.00156,0.00008,0.00041,-51.36230,1129.00000
0.05271,0.05073,0.05600,0.05008,0.04876,0.18460,0.18789,0.18558,0.19118,0.18953,-0.00189,-0.00025,0.00107,-0.00156,-0.00090,-51.36230,1130.00000
0.04942,0.05172,0.04745,0.05139,0.05731,0.18986,0.18953,0.18427,0.18789,0.18723,-0.00057,-0.00025,-0.00255,-0.00090,-0.00025,-51.30859,1131.00000
0.04942,0.05402,0.04942,0.04942,0.05567,0.18690,0.18887,0.18986,0.18756,0.18822,0.00140,-0.00189,-0.00123,-0.00255,0.00173,-51.30859,1132.00000
0.04580,0.05501,0.04679,0.05172,0.04942,0.19150,0.18756,0.18361,0.18953,0.19085,-0.00222,-0.00222,-0.00156,-0.00057,-0.00255,-51.93847,1133.00000
0.04909,0.05139,0.05106,0.05698,0.05369,0.19249,0.18854,0.19348,0.18624,0.19150,0.00600,-0.00189,-0.00353,0.00337,0.00107,-51.93847,1134.00000
0.04679,0.05073,0.05106,0.05139,0.04942,0.18822,0.18822,0.18427,0.18854,0.18493,0.00206,0.00041,-0.00057,-0.00090,0.00074,-52.02148,1135.00000
0.04383,0.04712,0.05402,0.05633,0.05172,0.19249,0.18624,0.18756,0.18789,0.18624,0.00239,0.00041,0.00370,0.00041,0.00107,-52.02148,1136.00000
0.04745,0.05106,0.04975,0.05962,0.05337,0.19118,0.19085,0.19019,0.19019,0.18854,0.00272,-0.00255,0.00206,-0.00057,0.00272,-52.65869,1137.00000
0.05172,0.05073,0.04547,0.04876,0.04777,0.19381,0.19150,0.18854,0.18558,0.18624,0.00140,-0.00222,-0.00123,0.00206,0.00107,-52.65869,1138.00000
0.05337,0.04975,0.04679,0.05369,0.05534,0.19282,0.18690,0.19019,0.18822,0.19150,-0.00057,0.00008,-0.00156,-0.00025,-0.00156,-53.43140,1139.00000
0.05534,0.04975,0.04383,0.05402,0.05106,0.18854,0.18723,0.19183,0.18920,0.18789,0.00107,0.00107,-0.00090,0.00074,-0.00025,-53.43140,1140.00000
0.04975,0.05501,0.04975,0.05534,0.05337,0.19216,0.18723,0.18854,0.19381,0.19019,-0.00057,-0.00353,0.00008,0.00337,-0.00255,-54.04968,1141.00000
0.04514,0.04679,0.05073,0.05139,0.04646,0.18624,0.19019,0.18887,0.18789,0.18953,-0.00386,-0.00057,-0.00189,0.00074,0.00041,-54.04968,1142.00000
0.05172,0.05369,0.04712,0.05304,0.05402,0.18558,0.18558,0.18953,0.19052,0.18953,0.00107,0.00272,-0.00288,-0.00321,0.00173,-54.48090,1143.00000
0.04449,0.05008,0.05271,0.05106,0.04383,0.18986,0.19249,0.18789,0.18920,0.18558,-0.00123,-0.00025,-0.00386,-0.00617,-0.00057,-54.48090,1144.00000
0.04843,0.04514,0.05337,0.05205,0.04514,0.18591,0.19183,0.18526,0.18526,0.18624,-0.00156,-0.00386,0.00041,-0.00288,-0.00288,-54.83810,1145.00000
0.04876,0.04876,0.05567,0.05402,0.05402,0.19085,0.18657,0.18953,0.18920,0.18920,-0.00419,0.00074,0.00041,0.00074,-0.00057,-54.83810,1146.00000
0.05106,0.04712,0.05172,0.04876,0.05139,0.19118,0.18822,0.18657,0.19183,0.19216,0.00403,-0.00025,-0.00123,-0.00025,-0.00057,-53.66661,1147.00000
0.04942,0.05073,0.04679,0.04777,0.04777,0.19183,0.18690,0.19052,0.18789,0.19282,0.00173,0.00173,0.00272,0.00370,0.00304,-53.66661,1148.00000
0.05172,0.05172,0.04547,0.05238,0.05304,0.18493,0.18953,0.19019,0.18789,0.18723,-0.00123,-0.00025,-0.00025,-0.00189,0.00041,-53.44952,1149.00000
0.05106,0.05501,0.04942,0.04613,0.04876,0.18690,0.18690,0.18986,0.19052,0.19150,0.00304,0.00041,-0.00156,-0.00090,-0.00386,-53.44952,1150.00000
0.05008,0.05106,0.05106,0.05205,0.05205,0.18427,0.19019,0.18887,0.18723,0.18394,-0.00090,-0.00025,-0.00090,-0.00057,0.00206,-53.02847,1151.00000
0.04843,0.04449,0.05337,0.05402,0.04909,0.19150,0.18953,0.19183,0.18986,0.18230,0.00140,0.00239,-0.00189,-0.00057,-0.00156,-53.02847,1152.00000
0.04712,0.05041,0.04646,0.05896,0.05402,0.18953,0.18822,0.18854,0.18723,0.19282,-0.00057,-0.00353,-0.00057,-0.00189,0.00008,-52.37849,1153.00000
0.05567,0.05205,0.05172,0.04843,0.04810,0.18953,0.19019,0.18295,0.18657,0.18854,-0.00222,-0.00090,-0.00452,-0.00321,-0.00156,-52.37849,1154.00000
0.05139,0.04942,0.05435,0.05205,0.04810,0.18690,0.18591,0.18624,0.18558,0.18887,-0.00353,0.00337,0.00041,0.00173,-0.00288,-52.24638,1155.00000
0.05106,0.05106,0.04613,0.05369,0.04975,0.19118,0.19249,0.18328,0.18822,0.18986,0.00140,0.00304,0.00370,-0.00189,0.00239,-52.24638,1156.00000
0.05271,0.04810,0.04975,0.05271,0.05073,0.18624,0.18558,0.18789,0.18526,0.18756,0.00304,-0.00222,-0.00288,-0.00025,0.00041,-52.36830,1157.00000
0.04876,0.05304,0.04646,0.05041,0.05172,0.18723,0.18526,0.18460,0.19019,0.18986,-0.00090,-0.00057,-0.00189,0.00008,-0.00057,-52.36830,1158.00000
0.05008,0.05271,0.05731,0.04942,0.05271,0.18591,0.18526,0.18789,0.19118,0.18986,-0.00090,0.00074,-0.00123,-0.00057,0.00074,-52.18025,1159.00000
0.04909,0.04646,0.05435,0.05139,0.05073,0.18657,0.19118,0.18953,0.18986,0.18493,0.00140,0.00041,-0.00321,0.00272,-0.00386,-52.18025,1160.00000
0.05205,0.05633,0.04942,0.04843,0.04876,0.18789,0.18756,0.18723,0.18756,0.18690,0.00206,-0.00222,-0.00156,0.00074,0.00074,-52.37919,1161.00000
0.04876,0.04843,0.05139,0.05238,0.05271,0.18558,0.19381,0.19118,0.18657,0.18789,-0.00156,0.00074,-0.00452,-0.00288,0.00074,-52.37919,1162.00000
0.04810,0.05501,0.05633,0.04810,0.05172,0.19249,0.18756,0.19381,0.18690,0.18493,0.00140,0.00008,-0.00156,0.00206,-0.00189,-53.04506,1163.00000
0.05106,0.04580,0.05435,0.04777,0.05304,0.18690,0.18854,0.19052,0.18690,0.18591,-0.00057,0.00074,-0.00090,0.00173,-0.00321,-53.04506,1164.00000
0.05468,0.05172,0.04876,0.04942,0.04942,0.18887,0.18624,0.18657,0.18558,0.18624,-0.00353,0.00008,-0.00156,0.00107,-0.00025,-53.33161,1165.00000
0.04909,0.05008,0.04975,0.05468,0.05468,0.18591,0.18558,0.18920,0.19085,0.19315,-0.00090,0.00272,0.00239,-0.00057,0.00304,-53.33161,1166.00000
0.05304,0.05271,0.04810,0.05698,0.04942,0.18920,0.18690,0.18262,0.19052,0.18920,0.00337,-0.00189,0.00206,-0.00090,-0.00123,-54.07059,1167.00000
0.05501,0.04580,0.05600,0.05304,0.05073,0.18756,0.19085,0.18854,0.19052,0.19578,-0.00255,-0.00452,0.00107,-0.00386,-0.00156,-54.07059,1168.00000
0.05139,0.04383,0.05567,0.04284,0.05139,0.18723,0.18920,0.18822,0.19019,0.19183,0.00074,-0.00025,-0.00090,-0.00025,-0.00123,-53.60268,1169.00000
0.05172,0.05534,0.04909,0.05369,0.05139,0.18789,0.18854,0.19150,0.18920,0.18756,-0.00255,-0.00156,0.00173,-0.00090,0.00107,-53.60268,1170.00000
0.05008,0.05106,0.05633,0.05369,0.05106,0.18920,0.18789,0.19019,0.18657,0.18164,-0.00321,-0.00222,-0.00156,-0.00057,0.00008,-54.06696,1171.00000
0.05764,0.04416,0.05435,0.05041,0.05205,0.18822,0.18460,0.19249,0.18558,0.18887,-0.00288,-0.00156,0.00107,-0.00025,-0.00321,-54.06696,1172.00000
0.05600,0.04317,0.05205,0.05139,0.05008,0.18953,0.18756,0.18493,0.18854,0.18822,-0.00353,-0.00222,-0.00090,0.00041,-0.00156,-54.52372,1173.00000
0.05139,0.04777,0.05304,0.06027,0.05271,0.18526,0.18493,0.18361,0.18657,0.18822,-0.00156,-0.00156,-0.00255,-0.00057,-0.00255,-54.52372,1174.00000
0.04745,0.05008,0.05238,0.05369,0.05633,0.18493,0.19085,0.18197,0.18986,0.19052,0.00107,-0.00189,-0.00288,-0.00419,-0.00255,-52.86489,1175.00000
0.05271,0.05337,0.05008,0.04777,0.05238,0.18887,0.18328,0.18657,0.18887,0.18986,0.00140,-0.00255,-0.00025,0.00206,-0.00617,-52.86489,1176.00000
0.04843,0.05337,0.05041,0.05665,0.05304,0.18657,0.18197,0.19348,0.19150,0.18756,-0.00288,0.00304,0.00370,-0.00123,-0.00255,-53.14631,1177.00000
0.05337,0.05665,0.04843,0.05731,0.04712,0.18789,0.18690,0.18526,0.18460,0.18953,0.00239,0.00140,0.00008,-0.00090,0.00173,-53.14631,1178.00000
0.05468,0.05402,0.04481,0.05402,0.05633,0.18657,0.18756,0.18427,0.18756,0.18591,-0.00222,0.00074,-0.00025,0.00008,0.00041,-51.85148,1179.00000
0.05073,0.05534,0.05172,0.04712,0.05369,0.18493,0.18427,0.18822,0.18558,0.18723,0.00041,0.00008,0.00041,-0.00419,-0.00156,-51.85148,1180.00000
0.05600,0.04580,0.05304,0.04975,0.05041,0.18526,0.19282,0.18558,0.18822,0.18887,-0.00189,-0.00222,0.00206,0.00206,-0.00222,-51.10884,1181.00000
0.05073,0.04777,0.05106,0.05501,0.05008,0.18657,0.18723,0.18953,0.18920,0.19348,-0.00025,-0.00288,-0.00057,0.00272,-0.00321,-51.10884,1182.00000
0.05501,0.05073,0.05337,0.05830,0.04745,0.18854,0.18591,0.18427,0.18624,0.18624,-0.00057,0.00041,0.00173,0.00140,0.00140,-49.73167,1183.00000
0.05041,0.05008,0.04646,0.05271,0.04942,0.18558,0.18953,0.18723,0.18822,0.18953,0.00041,0.00041,-0.00419,-0.00090,-0.00090,-49.73167,1184.00000
0.04777,0.04712,0.05271,0.05369,0.05304,0.19019,0.18887,0.18657,0.18822,0.18789,-0.00057,-0.00156,0.00140,-0.00123,0.00008,-47.58068,1185.00000
0.04613,0.05271,0.04876,0.06060,0.05698,0.18131,0.18657,0.18657,0.19315,0.18657,0.00008,-0.00255,0.00337,0.00304,-0.00123,-47.58068,1186.00000
0.05534,0.05073,0.05106,0.04975,0.05238,0.18920,0.18526,0.19249,0.19183,0.18920,0.00337,0.00107,-0.00222,-0.00353,-0.00189,-47.68194,1187.00000
0.05600,0.04909,0.05337,0.05304,0.05698,0.18920,0.18690,0.18854,0.19085,0.18591,0.00074,-0.00057,0.00008,-0.00025,0.00074,-47.68194,1188.00000
0.04942,0.05271,0.05106,0.05205,0.05304,0.18723,0.18591,0.18854,0.18723,0.18822,0.00239,0.00008,-0.00255,-0.00321,0.00272,-48.50161,1189.00000
0.05238,0.05764,0.05139,0.04514,0.05041,0.18361,0.19216,0.19085,0.18986,0.19052,-0.00189,0.00074,-0.00255,-0.00057,0.00206,-48.50161,1190.00000
0.05369,0.04942,0.05172,0.05402,0.04909,0.18822,0.18394,0.18822,0.18427,0.19348,0.00041,0.00173,-0.00057,0.00107,-0.00090,-49.99788,1191.00000
0.04481,0.05139,0.05008,0.05238,0.05271,0.18986,0.18558,0.19019,0.19282,0.18624,-0.00123,-0.00090,0.00074,0.00074,0.00107,-49.99788,1192.00000
0.05073,0.05271,0.05468,0.05073,0.05435,0.18887,0.18789,0.19150,0.18920,0.19118,-0.00222,-0.00123,-0.00090,-0.00288,0.00107,-51.41740,1193.00000
0.05567,0.04909,0.05402,0.05304,0.05402,0.18887,0.18460,0.18460,0.19052,0.18460,0.00140,-0.00123,0.00337,0.00008,0.00239,-51.41740,1194.00000
0.05830,0.05731,0.05402,0.05008,0.05337,0.19183,0.18690,0.18887,0.18657,0.18822,-0.00123,0.00074,-0.00222,-0.00156,-0.00025,-52.79610,1195.00000
0.05534,0.05501,0.05435,0.05238,0.04843,0.18460,0.17901,0.18920,0.18493,0.18723,0.00107,-0.00090,-0.00090,0.00239,0.00107,-52.79610,1196.00000
0.04843,0.05797,0.05369,0.04975,0.05435,0.19249,0.18230,0.18953,0.18723,0.19118,0.00304,0.00337,-0.00551,-0.00057,0.00041,-53.50498,1197.00000
0.05304,0.05435,0.05468,0.05435,0.04745,0.18789,0.18789,0.18920,0.18723,0.18986,-0.00255,-0.00025,-0.00057,0.00074,-0.00090,-53.50498,1198.00000
0.05633,0.05929,0.04514,0.05172,0.05106,0.18526,0.18789,0.18690,0.19282,0.18657,0.00272,-0.00090,0.00140,-0.00222,-0.00025,-53.56402,1199.00000
0.05731,0.05337,0.05172,0.05435,0.05172,0.19118,0.18558,0.18493,0.18822,0.18986,0.00272,-0.00156,-0.00222,0.00107,-0.00321,-53.54226,1200.00000
0.04876,0.05764,0.05896,0.05600,0.05468,0.18493,0.18723,0.18723,0.19446,0.18789,0.00041,-0.00090,-0.00288,-0.00090,-0.00255,-53.54226,1201.00000
0.06027,0.05468,0.05073,0.05238,0.05468,0.18591,0.18920,0.19019,0.18756,0.18756,0.00436,-0.00255,0.00041,0.00206,0.00008,-53.04310,1202.00000
0.05369,0.05435,0.05139,0.05830,0.05337,0.18723,0.18591,0.18723,0.18558,0.18558,0.00304,-0.00485,0.00107,-0.00222,0.00140,-53.04310,1203.00000
0.05698,0.05633,0.05304,0.05337,0.05271,0.18986,0.19282,0.18526,0.18230,0.18657,0.00272,-0.00057,-0.00090,-0.00123,-0.00090,-53.10847,1204.00000
0.05337,0.05501,0.05567,0.05139,0.05337,0.18887,0.18558,0.19019,0.19150,0.18986,-0.00025,0.00337,0.00008,-0.00452,-0.00222,-53.10847,1205.00000
0.04909,0.05863,0.05468,0.05271,0.04909,0.18394,0.18920,0.18789,0.19085,0.18723,0.00074,0.00337,-0.00288,-0.00353,0.00140,-53.45853,1206.00000
0.04745,0.05369,0.05238,0.04745,0.05172,0.18624,0.18526,0.18493,0.18690,0.18690,0.00140,0.00008,0.00008,0.00041,0.00469,-53.45853,1207.00000
0.05008,0.05600,0.05172,0.05271,0.04942,0.18822,0.19019,0.18591,0.19019,0.19019,-0.00156,0.00436,0.00140,-0.00123,0.00008,-53.13307,1208.00000
0.05369,0.05073,0.05731,0.04843,0.05139,0.18493,0.18887,0.18526,0.19052,0.18854,-0.00057,0.00370,-0.00189,-0.00518,-0.00025,-53.13307,1209.00000
0.05665,0.05633,0.04975,0.04876,0.05600,0.18986,0.18822,0.18723,0.18756,0.18493,-0.00321,0.00074,0.00173,-0.00321,-0.00123,-52.10120,1210.00000
0.05304,0.05731,0.04843,0.05304,0.05633,0.18690,0.18427,0.18657,0.18920,0.18591,0.00074,-0.00156,0.00206,-0.00386,0.00272,-52.10120,1211.00000
0.06060,0.05172,0.05435,0.05369,0.05238,0.19118,0.18920,0.18953,0.19052,0.18986,0.00140,-0.00025,0.00239,-0.00255,0.00074,-52.37873,1212.00000
0.05041,0.05172,0.05238,0.04975,0.05402,0.18361,0.18493,0.19085,0.18953,0.18591,-0.00321,-0.00419,-0.00057,-0.00189,0.00008,-52.37873,1213.00000
0.05271,0.05435,0.05698,0.05238,0.05402,0.19118,0.18789,0.18822,0.18953,0.18526,0.00173,0.00304,0.00337,-0.00090,0.00008,-52.65665,1214.00000
0.05337,0.05106,0.05830,0.04942,0.05337,0.18953,0.18854,0.19183,0.18657,0.18394,0.00206,-0.00189,-0.00288,-0.00123,0.00041,-52.65665,1215.00000
0.05665,0.05896,0.05238,0.05665,0.05139,0.19249,0.18624,0.18953,0.18953,0.18230,-0.00025,-0.00057,-0.00189,-0.00123,-0.00090,-52.17305,1216.00000
0.05402,0.05337,0.05008,0.05731,0.05172,0.19183,0.19315,0.18986,0.18591,0.18197,-0.00090,-0.00288,-0.00025,0.00074,-0.00090,-52.17305,1217.00000
0.06126,0.05896,0.05600,0.05271,0.05962,0.19085,0.18394,0.18131,0.19282,0.18789,-0.00288,-0.00090,0.00173,-0.00025,0.00041,-52.66856,1218.00000
0.05830,0.05468,0.05238,0.05896,0.05106,0.18756,0.18558,0.18723,0.19118,0.18887,-0.00025,0.00008,0.00107,0.00008,-0.00189,-52.66856,1219.00000
0.05337,0.05665,0.05304,0.04909,0.05929,0.19249,0.18887,0.18328,0.18493,0.18789,-0.00156,-0.00156,-0.00025,0.00140,-0.00353,-52.28399,1220.00000
0.05205,0.05172,0.05008,0.05238,0.05962,0.19216,0.18526,0.18822,0.18854,0.18591,0.00107,-0.00025,-0.00222,-0.00584,-0.00288,-52.28399,1221.00000
0.05764,0.05271,0.05633,0.05665,0.05304,0.18789,0.18723,0.18822,0.19150,0.18920,0.00403,-0.00222,-0.00057,-0.00057,0.00107,-53.20986,1222.00000
0.05994,0.04909,0.05238,0.05238,0.05534,0.18822,0.19183,0.19019,0.18822,0.18920,-0.00123,-0.00518,-0.00189,0.00107,-0.00123,-53.20986,1223.00000
0.05008,0.05600,0.05073,0.05764,0.05172,0.18953,0.18887,0.18822,0.18756,0.18920,-0.00090,-0.00057,-0.00156,0.00304,-0.00255,-53.92671,1224.00000
0.05402,0.05600,0.05468,0.05435,0.05238,0.18295,0.18262,0.19052,0.19052,0.18953,-0.00090,-0.00090,-0.00025,0.00008,0.00074,-53.92671,1225.00000
0.05929,0.05337,0.05435,0.05369,0.05797,0.18558,0.19150,0.18394,0.18789,0.18657,-0.00025,0.00272,0.00008,-0.00551,-0.00123,-53.89451,1226.00000
0.05106,0.05600,0.05041,0.05435,0.05402,0.18624,0.19052,0.18295,0.18854,0.18854,0.00008,0.00107,0.00107,-0.00386,-0.00025,-53.89451,1227.00000
0.05863,0.05205,0.05435,0.05337,0.05337,0.18624,0.18526,0.18822,0.18723,0.19118,0.00008,-0.00156,-0.00057,0.00041,0.00140,-53.87596,1228.00000
0.05501,0.05271,0.05962,0.05830,0.05567,0.19118,0.18591,0.18493,0.18887,0.18920,-0.00025,-0.00123,-0.00156,-0.00189,0.00074,-53.87596,1229.00000
0.05665,0.05435,0.05600,0.05534,0.05073,0.18690,0.18887,0.18657,0.18328,0.19085,-0.00386,-0.00156,0.00140,-0.00222,-0.00156,-53.90331,1230.00000
0.05369,0.05567,0.05665,0.05633,0.05731,0.19085,0.19118,0.18657,0.18920,0.18887,-0.00156,0.00074,-0.00255,0.00041,-0.00288,-53.90331,1231.00000
0.05863,0.06455,0.05600,0.05337,0.06488,0.18822,0.18526,0.18526,0.18887,0.18493,0.00008,0.00074,0.00008,0.00041,-0.00057,-53.76562,1232.00000
0.05238,0.05534,0.05698,0.05304,0.05304,0.18723,0.18493,0.19118,0.18591,0.18854,-0.00057,0.00370,-0.00025,-0.00156,-0.00123,-53.76562,1233.00000
0.05665,0.05205,0.05501,0.05534,0.06126,0.18756,0.18558,0.18690,0.18526,0.19019,-0.00090,0.00337,-0.00090,0.00074,0.00337,-53.46484,1234.00000
0.05665,0.05567,0.05402,0.05896,0.05435,0.18920,0.19052,0.19118,0.18558,0.19019,-0.00189,0.00304,0.00041,0.00107,-0.00025,-53.46484,1235.00000
0.05567,0.05896,0.05929,0.05567,0.05041,0.18986,0.18657,0.18723,0.18558,0.18230,-0.00123,-0.00057,-0.00123,-0.00025,0.00074,-53.27295,1236.00000
0.04876,0.05863,0.05698,0.05896,0.05304,0.18328,0.18920,0.19019,0.18591,0.18262,-0.00189,-0.00518,-0.00123,0.00140,0.00041,-53.27295,1237.00000
0.05435,0.05764,0.05205,0.05929,0.05468,0.19315,0.18953,0.18854,0.18953,0.18624,-0.00156,0.00173,0.00074,-0.00090,0.00041,-51.91235,1238.00000
0.05041,0.05764,0.05435,0.05435,0.05501,0.18460,0.18953,0.18558,0.18822,0.18460,0.00041,0.00239,0.00008,-0.00222,0.00436,-51.91235,1239.00000
0.05534,0.06027,0.06093,0.05501,0.05205,0.18822,0.18690,0.18690,0.18690,0.19150,-0.00057,0.00008,-0.00255,-0.00057,-0.00255,-51.95959,1240.00000
0.05896,0.05501,0.05929,0.05600,0.05764,0.18657,0.18394,0.18657,0.18756,0.19150,0.00041,0.00074,-0.00025,-0.00057,0.00041,-51.95959,1241.00000
0.05501,0.06159,0.05863,0.06126,0.05731,0.19118,0.18822,0.18986,0.18953,0.18558,-0.00123,-0.00222,0.00140,0.00239,0.00041,-51.64874,1242.00000
0.05633,0.05304,0.05402,0.05435,0.05797,0.18657,0.18723,0.18953,0.19183,0.19118,-0.00090,-0.00288,-0.00123,-0.00353,0.00107,-51.64874,1243.00000
0.06159,0.04942,0.05731,0.05994,0.05633,0.18460,0.18723,0.18723,0.18526,0.19249,-0.00057,-0.00189,-0.00025,0.00370,0.00074,-51.90591,1244.00000
0.05962,0.05600,0.05501,0.05567,0.05731,0.19019,0.19085,0.19282,0.19085,0.18328,0.00074,-0.00386,0.00041,0.00074,-0.00123,-51.90591,1245.00000
0.05896,0.05402,0.05994,0.05633,0.05863,0.18887,0.18558,0.18624,0.18953,0.18690,-0.00255,0.00140,0.00304,-0.00255,-0.00189,-52.75471,1246.00000
0.05863,0.05534,0.05337,0.05896,0.06225,0.18953,0.18427,0.18920,0.18887,0.18854,0.00239,0.00041,0.00403,0.00272,-0.00025,-52.75471,1247.00000
0.05764,0.05896,0.05304,0.06126,0.05402,0.18361,0.18920,0.18986,0.18591,0.19150,-0.00255,0.00272,0.00107,-0.00025,0.00272,-52.90568,1248.00000
0.05567,0.06225,0.06027,0.05633,0.05929,0.18690,0.18953,0.18657,0.18690,0.18591,-0.00518,0.00272,-0.00025,-0.00090,0.00041,-52.90568,1249.00000
0.05994,0.05698,0.05468,0.05994,0.06027,0.19052,0.18624,0.18591,0.18394,0.18624,-0.00123,0.00041,-0.00222,-0.00222,-0.00222,-53.09591,1250.00000
0.05665,0.05797,0.05962,0.05402,0.06258,0.18789,0.18854,0.18690,0.18789,0.18361,-0.00090,-0.00321,0.00173,0.00041,-0.00156,-53.09591,1251.00000
0.05896,0.05633,0.05534,0.06060,0.05501,0.18986,0.18723,0.19052,0.19150,0.18756,0.00041,0.00140,0.00173,-0.00156,-0.00156,-53.85996,1252.00000
0.05830,0.05994,0.05896,0.05567,0.05567,0.18854,0.18953,0.18262,0.18328,0.18822,0.00041,0.00239,-0.00057,-0.00123,0.00140,-53.85996,1253.00000
0.05764,0.05435,0.05238,0.05731,0.06192,0.18822,0.18920,0.18460,0.18887,0.18493,-0.00189,-0.00025,0.00272,0.00041,-0.00156,-54.44219,1254.00000
0.06126,0.05337,0.06126,0.06258,0.05896,0.19381,0.18493,0.18624,0.18657,0.18789,-0.00485,-0.00057,0.00041,0.00272,-0.00025,-54.44219,1255.00000
0.06323,0.05797,0.06356,0.05698,0.05830,0.18854,0.18262,0.18854,0.18986,0.18723,0.00272,-0.00189,-0.00288,-0.00090,0.00239,-53.71768,1256.00000
0.05238,0.05665,0.05929,0.05994,0.05698,0.18920,0.18690,0.18723,0.18854,0.18526,0.00074,-0.00255,-0.00189,0.00008,-0.00189,-53.71768,1257.00000
0.05764,0.05863,0.05797,0.06060,0.06126,0.18591,0.18657,0.18756,0.18493,0.19150,-0.00025,-0.00123,0.00107,-0.00419,0.00041,-52.85737,1258.00000
0.06159,0.05764,0.06290,0.05435,0.06323,0.18789,0.18591,0.18230,0.18558,0.18624,0.00074,0.00041,0.00206,-0.00025,0.00008,-52.85737,1259.00000
0.06290,0.06521,0.05698,0.06258,0.06192,0.18756,0.18789,0.19118,0.18657,0.18920,-0.00452,0.00008,-0.00057,0.00074,0.00074,-52.56638,1260.00000
0.05501,0.05797,0.06192,0.06290,0.05567,0.18690,0.18690,0.18591,0.18460,0.18262,0.00107,-0.00025,-0.00025,-0.00090,-0.00156,-52.56638,1261.00000
0.05962,0.06488,0.05929,0.05731,0.06258,0.19216,0.18591,0.18789,0.18953,0.18953,0.00074,0.00008,-0.00156,0.00041,-0.00025,-51.78368,1262.00000
0.05698,0.06060,0.06455,0.06159,0.06225,0.18591,0.18394,0.18887,0.18526,0.18887,-0.00090,-0.00189,-0.00123,0.00239,0.00041,-51.78368,1263.00000
0.06093,0.05600,0.06093,0.05929,0.06422,0.18394,0.18953,0.18723,0.19118,0.18953,-0.00123,-0.00222,-0.00321,0.00041,-0.00321,-51.22875,1264.00000
0.05962,0.05633,0.06192,0.06290,0.05665,0.18558,0.18920,0.18920,0.18591,0.18624,0.00041,-0.00189,0.00173,-0.00025,0.00173,-51.22875,1265.00000
0.06225,0.06060,0.06027,0.06093,0.05797,0.18657,0.18789,0.18756,0.18591,0.18591,0.00239,-0.00452,-0.00288,-0.00057,-0.00057,-48.26086,1266.00000
0.06225,0.05962,0.06586,0.06521,0.05994,0.18690,0.18854,0.18953,0.18920,0.18394,-0.00025,-0.00057,0.00041,-0.00321,-0.00057,-48.26086,1267.00000
0.06060,0.06323,0.05896,0.06389,0.06290,0.18723,0.18624,0.18789,0.19216,0.18624,-0.00353,-0.00518,-0.00419,0.00041,-0.00189,-46.86725,1268.00000
0.05764,0.05896,0.06422,0.05896,0.05994,0.18493,0.19019,0.18920,0.19381,0.18789,-0.00321,0.00272,-0.00419,0.00173,0.00107,-46.86725,1269.00000
0.06323,0.06258,0.06323,0.06192,0.06225,0.18624,0.18986,0.18822,0.18723,0.18887,-0.00090,-0.00123,-0.00189,-0.00025,-0.00090,-48.21146,1270.00000
0.06192,0.06225,0.05731,0.06323,0.05929,0.18657,0.18756,0.18920,0.18558,0.18624,0.00272,0.00173,-0.00288,0.00041,0.00140,-48.21146,1271.00000
0.06784,0.06554,0.05994,0.06093,0.05896,0.18887,0.18723,0.18789,0.19216,0.18986,-0.00057,0.00173,0.00272,-0.00090,-0.00353,-50.18727,1272.00000
0.06290,0.06258,0.06455,0.06554,0.05797,0.19052,0.18822,0.18887,0.18986,0.18690,0.00074,-0.00057,-0.00025,-0.00288,-0.00156,-50.18727,1273.00000
0.05962,0.06290,0.06290,0.05600,0.06159,0.19216,0.18887,0.18098,0.18624,0.18854,-0.00255,0.00041,-0.00189,0.00140,-0.00123,-52.03699,1274.00000
0.06389,0.05830,0.06290,0.06488,0.06455,0.19282,0.19183,0.18953,0.18953,0.18920,-0.00222,0.00008,-0.00090,0.00074,-0.00189,-52.03699,1275.00000
0.06290,0.06554,0.06619,0.06258,0.06126,0.18591,0.18657,0.18887,0.18920,0.18723,0.00074,-0.00090,-0.00090,0.00107,-0.00321,-52.10981,1276.00000
0.06652,0.05731,0.06225,0.06192,0.06159,0.18822,0.18953,0.18756,0.18822,0.19183,-0.00057,0.00173,-0.00057,0.00206,0.00304,-52.10981,1277.00000
0.06521,0.06389,0.06159,0.06455,0.05994,0.18460,0.18822,0.18558,0.19019,0.18624,0.00107,0.00074,-0.00025,0.00140,-0.00189,-52.12912,1278.00000
0.06027,0.05830,0.06290,0.06586,0.06290,0.19414,0.18854,0.18789,0.18887,0.18920,-0.00189,0.00140,0.00041,-0.00189,-0.00222,-52.12912,1279.00000
0.06323,0.06060,0.06652,0.06356,0.06784,0.18690,0.18690,0.18789,0.18822,0.18657,0.00041,-0.00156,0.00140,0.00206,-0.00222,-52.90294,1280.00000
0.05896,0.06126,0.06356,0.06718,0.06060,0.18427,0.19216,0.18854,0.18854,0.18591,0.00173,0.00206,-0.00090,-0.00189,0.00140,-52.90294,1281.00000
0.06422,0.06718,0.05731,0.06225,0.06356,0.18822,0.18789,0.19085,0.18986,0.18394,-0.00090,-0.00025,-0.00123,-0.00321,0.00403,-53.49981,1282.00000
0.06521,0.06159,0.06258,0.06159,0.06685,0.18328,0.18756,0.18624,0.18723,0.18723,0.00041,0.00502,0.00140,0.00140,0.00041,-53.49981,1283.00000
0.06225,0.05994,0.06356,0.06619,0.06652,0.18558,0.18756,0.18460,0.18887,0.18657,-0.00288,0.00140,-0.00255,-0.00584,0.00206,-53.77383,1284.00000
0.06586,0.07080,0.06619,0.06290,0.06225,0.18460,0.18690,0.18558,0.18526,0.18493,0.00337,-0.00288,-0.00518,-0.00321,-0.00156,-53.77383,1285.00000
0.06685,0.06619,0.06093,0.06554,0.06093,0.18460,0.18789,0.18920,0.18953,0.18493,0.00074,0.00107,0.00074,-0.00123,-0.00025,-54.51631,1286.00000
0.06192,0.06784,0.06126,0.06389,0.06521,0.18624,0.18887,0.18920,0.18756,0.18526,-0.00189,-0.00781,-0.00090,0.00173,-0.00189,-54.51631,1287.00000
0.06751,0.06192,0.06718,0.06290,0.06850,0.18690,0.18558,0.18526,0.18854,0.18394,-0.00419,-0.00025,0.00107,-0.00090,0.00206,-53.61558,1288.00000
0.06718,0.06784,0.06225,0.06619,0.06685,0.18690,0.18460,0.18295,0.18624,0.18427,-0.00189,-0.00321,0.00008,0.00140,0.00370,-53.61558,1289.00000
0.06027,0.06488,0.06521,0.06290,0.06882,0.18690,0.18920,0.18295,0.18526,0.18690,0.00173,0.00008,-0.00288,-0.00288,0.00206,-53.13103,1290.00000
0.06027,0.06817,0.06060,0.06784,0.07178,0.18591,0.18295,0.18591,0.18690,0.18854,0.00074,0.00173,-0.00189,0.00074,-0.00353,-53.13103,1291.00000
0.06488,0.07178,0.06488,0.06652,0.06290,0.18690,0.18690,0.19216,0.18558,0.18361,0.00041,-0.00222,-0.00485,0.00173,0.00206,-52.43466,1292.00000
0.07113,0.06192,0.06652,0.06225,0.06652,0.18361,0.18822,0.19150,0.18690,0.18526,0.00337,0.00041,0.00239,-0.00025,-0.00288,-52.43466,1293.00000
0.06521,0.07080,0.06652,0.06882,0.06455,0.19150,0.18887,0.19150,0.18591,0.18657,0.00107,-0.00189,-0.00189,-0.00189,-0.00222,-53.16801,1294.00000
0.06060,0.06718,0.06850,0.06258,0.06488,0.18624,0.18394,0.18361,0.18986,0.18723,0.00239,-0.00025,-0.00090,0.00173,0.00008,-53.16801,1295.00000
0.06027,0.06685,0.06323,0.06455,0.06126,0.18756,0.18427,0.18756,0.19085,0.19183,0.00074,0.00074,0.00008,0.00008,0.00173,-52.79738,1296.00000
0.06488,0.06488,0.06521,0.07080,0.06751,0.18723,0.19118,0.18789,0.18558,0.18920,-0.00025,0.00107,0.00304,-0.00288,0.00107,-52.79738,1297.00000
0.06751,0.06981,0.07014,0.06718,0.06619,0.18854,0.18197,0.18624,0.18920,0.18789,0.00008,0.00074,0.00008,-0.00025,0.00206,-52.86109,1298.00000
0.06455,0.07244,0.07047,0.06652,0.06455,0.18657,0.18624,0.18789,0.18920,0.18789,-0.00321,0.00239,0.00107,0.00041,-0.00386,-52.86109,1299.00000
0.07376,0.06882,0.06192,0.06389,0.07211,0.18854,0.18789,0.18953,0.19052,0.18854,-0.00090,-0.00189,0.00107,0.00173,-0.00123,-51.82117,1300.00000
0.07080,0.06225,0.06422,0.06981,0.06850,0.18526,0.18854,0.18789,0.18460,0.18887,0.00041,0.00041,0.00173,-0.00452,-0.00255,-51.82117,1301.00000
0.06619,0.06850,0.06685,0.06619,0.06126,0.18756,0.18986,0.18822,0.18591,0.18789,-0.00419,0.00041,0.00140,-0.00025,0.00008,-51.59662,1302.00000
0.07343,0.06981,0.06718,0.06850,0.06751,0.18591,0.18854,0.18591,0.18854,0.18953,-0.00353,-0.00025,-0.00057,0.00074,-0.00222,-51.59662,1303.00000
0.07080,0.06817,0.06915,0.06356,0.07310,0.18887,0.19249,0.18822,0.19183,0.18887,0.00206,-0.00189,-0.00025,-0.00288,-0.00551,-51.30856,1304.00000
0.06225,0.07573,0.06882,0.06586,0.06784,0.18920,0.18591,0.18526,0.18690,0.19183,-0.00090,-0.00156,-0.00090,-0.00222,0.00173,-51.30856,1305.00000
0.06850,0.07113,0.06718,0.06488,0.07343,0.19381,0.19085,0.18493,0.18624,0.18657,-0.00090,-0.00452,-0.00123,0.00337,-0.00123,-52.43651,1306.00000
0.06718,0.07376,0.07178,0.06915,0.06850,0.19150,0.18328,0.18361,0.18986,0.19019,0.00008,-0.00649,-0.00057,0.00633,0.00272,-52.43651,1307.00000
0.06290,0.07014,0.06850,0.07277,0.07474,0.18822,0.18887,0.19512,0.18822,0.18558,0.00041,0.00370,-0.00189,0.00272,-0.00321,-53.38378,1308.00000
0.07540,0.06784,0.06882,0.07080,0.06751,0.18887,0.18690,0.18986,0.18361,0.18657,0.00337,-0.00123,0.00272,-0.00090,-0.00057,-53.38378,1309.00000
0.06718,0.07244,0.07442,0.07047,0.07211,0.18986,0.18986,0.18920,0.18427,0.18328,0.00008,-0.00551,0.00403,0.00074,-0.00419,-53.34472,1310.00000
0.07014,0.06817,0.07113,0.06685,0.07014,0.18822,0.19019,0.18986,0.18789,0.18493,-0.00057,-0.00189,-0.00156,-0.00189,0.00008,-53.34472,1311.00000
0.06948,0.06882,0.07080,0.06652,0.06652,0.18854,0.18624,0.18986,0.18756,0.19052,-0.00222,0.00107,0.00041,-0.00222,-0.00353,-53.90869,1312.00000
0.07409,0.07211,0.06685,0.07507,0.07211,0.18624,0.18427,0.19052,0.19150,0.18657,0.00041,0.00107,0.00140,-0.00156,-0.00123,-53.90869,1313.00000
0.06882,0.06850,0.06685,0.07244,0.07146,0.18591,0.18920,0.18920,0.18394,0.18953,-0.00518,-0.00090,0.00008,-0.00156,-0.00025,-54.56909,1314.00000
0.06915,0.06882,0.07047,0.07474,0.06751,0.19052,0.18690,0.18986,0.18657,0.18558,0.00436,-0.00189,0.00107,0.00107,-0.00090,-54.56909,1315.00000
0.07639,0.06948,0.07178,0.06817,0.07310,0.19085,0.18657,0.18953,0.18854,0.18558,0.00239,-0.00288,-0.00123,-0.00025,0.00008,-53.80798,1316.00000
0.07277,0.07639,0.07343,0.07047,0.06915,0.18624,0.18394,0.18723,0.18789,0.18986,-0.00222,0.00140,0.00107,-0.00156,-0.00025,-53.80798,1317.00000
0.07606,0.07178,0.06685,0.07803,0.07080,0.18624,0.18822,0.18986,0.18953,0.18723,-0.00025,-0.00222,-0.00057,-0.00025,-0.00156,-53.47870,1318.00000
0.07376,0.07507,0.07902,0.07474,0.07474,0.19150,0.19150,0.18690,0.18558,0.18328,0.00041,0.00173,-0.00057,0.00337,0.00239,-53.47870,1319.00000
0.07705,0.07540,0.07178,0.06521,0.07507,0.18953,0.19118,0.19019,0.18230,0.18460,0.00107,0.00304,-0.00222,-0.00222,-0.00057,-53.35800,1320.00000
0.06784,0.06948,0.07211,0.07343,0.06488,0.18723,0.18920,0.18624,0.18920,0.19150,-0.00353,0.00304,0.00074,-0.00025,0.00173,-53.35800,1321.00000
0.07310,0.07244,0.06850,0.07902,0.07968,0.18854,0.18789,0.18591,0.18657,0.18789,0.00074,0.00239,0.00337,-0.00156,-0.00090,-52.82402,1322.00000
0.07080,0.07146,0.07244,0.07474,0.06981,0.18328,0.18920,0.18789,0.18493,0.18854,0.00206,0.00074,0.00074,-0.00057,0.00074,-52.82402,1323.00000
0.07869,0.07343,0.07310,0.07705,0.07211,0.18953,0.18361,0.18986,0.18493,0.18657,-0.00321,0.00041,0.00140,-0.00057,-0.00123,-51.89541,1324.00000
0.07836,0.07540,0.06586,0.07606,0.07606,0.18953,0.18723,0.19052,0.18460,0.19216,-0.00156,-0.00025,0.00008,-0.00485,0.00008,-51.89541,1325.00000
0.07146,0.07935,0.06850,0.07507,0.07507,0.18756,0.18558,0.18690,0.19414,0.18558,0.00074,-0.00321,-0.00189,-0.00025,-0.00090,-51.83882,1326.00000
0.08001,0.06948,0.07672,0.07442,0.07113,0.18920,0.18493,0.18427,0.18887,0.19118,0.00140,0.00074,0.00140,-0.00189,-0.00156,-51.83882,1327.00000
0.07277,0.07540,0.07474,0.07442,0.07409,0.19052,0.18427,0.18822,0.19085,0.18657,-0.00156,-0.00025,-0.00090,0.00272,0.00173,-51.97654,1328.00000
0.07211,0.06981,0.07474,0.07639,0.07507,0.19019,0.18723,0.18328,0.18887,0.19183,0.00074,0.00535,0.00304,-0.00090,0.00140,-51.97654,1329.00000
0.07211,0.06652,0.07606,0.07376,0.07836,0.19019,0.18591,0.18854,0.18789,0.18986,-0.00353,-0.00189,-0.00288,0.00107,0.00107,-52.10887,1330.00000
0.07573,0.07014,0.07902,0.06817,0.08099,0.18558,0.18854,0.18657,0.18427,0.18493,0.00272,-0.00156,-0.00090,0.00140,0.00140,-52.10887,1331.00000
0.06981,0.07836,0.08757,0.07277,0.07738,0.18756,0.19216,0.18361,0.18953,0.18920,-0.00090,-0.00485,-0.00189,-0.00057,0.00107,-52.17748,1332.00000
0.07770,0.07474,0.07540,0.08099,0.07606,0.18394,0.18723,0.19052,0.18690,0.18986,-0.00090,-0.00057,0.00041,-0.00057,-0.00025,-52.17748,1333.00000
0.07507,0.07376,0.07606,0.07803,0.07803,0.18493,0.18822,0.18887,0.18822,0.18624,0.00370,0.00140,-0.00321,-0.00156,-0.00057,-52.94177,1334.00000
0.07507,0.08198,0.08034,0.07409,0.07573,0.19085,0.18789,0.18591,0.18328,0.18493,-0.00353,-0.00419,0.00304,0.00140,0.00008,-52.94177,1335.00000
0.07540,0.07968,0.07442,0.08001,0.08165,0.19019,0.19085,0.18756,0.18657,0.19249,-0.00156,0.00239,0.00206,-0.00222,0.00206,-53.48016,1336.00000
0.06817,0.07639,0.07507,0.06850,0.07310,0.19052,0.18394,0.19019,0.18460,0.18756,-0.00321,-0.00057,-0.00057,0.00272,0.00140,-53.48016,1337.00000
0.07836,0.07409,0.07540,0.07770,0.07836,0.18887,0.18493,0.18690,0.18558,0.18558,-0.00156,-0.00090,-0.00156,-0.00419,-0.00025,-53.27084,1338.00000
0.07540,0.07409,0.07474,0.07705,0.08034,0.18526,0.18493,0.18558,0.19019,0.18953,-0.00090,0.00206,-0.00123,0.00173,-0.00025,-53.27084,1339.00000
0.08099,0.08297,0.07507,0.07442,0.07672,0.18328,0.18789,0.18887,0.18953,0.18756,-0.00123,-0.00222,0.00074,0.00140,-0.00189,-53.61784,1340.00000
0.08099,0.08034,0.07277,0.07409,0.08099,0.18789,0.18526,0.18591,0.19183,0.18394,-0.00288,0.00074,-0.00123,-0.00222,-0.00255,-53.61784,1341.00000
0.07343,0.07770,0.07672,0.07836,0.07968,0.19150,0.18920,0.19085,0.18789,0.19052,-0.00255,0.00074,-0.00090,0.00140,0.00206,-53.83041,1342.00000
0.08066,0.07803,0.07606,0.07935,0.07540,0.19315,0.18690,0.18723,0.19052,0.19019,0.00206,-0.00123,0.00008,0.00074,-0.00156,-53.83041,1343.00000
0.07343,0.08362,0.07935,0.08626,0.07803,0.19052,0.18262,0.18624,0.18624,0.18394,0.00140,-0.00025,0.00173,0.00074,-0.00288,-53.84636,1344.00000
0.08198,0.07738,0.07738,0.08330,0.07474,0.18822,0.18427,0.18986,0.18558,0.18591,-0.00255,-0.00090,0.00140,-0.00123,-0.00419,-53.84636,1345.00000
0.08494,0.08658,0.07935,0.08132,0.08362,0.18789,0.18756,0.18394,0.18657,0.18953,0.00239,0.00107,-0.00123,-0.00551,-0.00255,-53.18294,1346.00000
0.07705,0.08362,0.08066,0.08231,0.07672,0.18690,0.18493,0.18723,0.18591,0.18920,0.00041,0.00140,-0.00288,-0.00090,0.00304,-53.18294,1347.00000
0.07639,0.08362,0.08428,0.07639,0.07639,0.18361,0.18789,0.18591,0.18394,0.18920,0.00206,0.00370,0.00008,0.00008,0.00008,-52.63151,1348.00000
0.07836,0.08264,0.07935,0.07507,0.07869,0.18262,0.18624,0.18756,0.18591,0.18591,0.00535,-0.00025,-0.00321,-0.00025,-0.00025,-52.63151,1349.00000
0.07639,0.07639,0.07935,0.07540,0.08231,0.18723,0.18558,0.18591,0.18493,0.18953,-0.00025,-0.00057,0.00140,-0.00057,-0.00255,-52.71956,1350.00000
0.08231,0.08034,0.08165,0.08034,0.08066,0.18493,0.18427,0.18493,0.18526,0.18262,0.00304,0.00074,-0.00222,0.00041,-0.00090,-52.71956,1351.00000
0.08264,0.08132,0.08198,0.07803,0.08494,0.18953,0.18723,0.19249,0.18657,0.18854,0.00008,-0.00057,0.00272,0.00403,-0.00255,-52.21183,1352.00000
0.08461,0.07770,0.07902,0.08330,0.07803,0.18295,0.18822,0.18953,0.18756,0.18756,0.00173,-0.00189,-0.00057,0.00074,0.00008,-52.21183,1353.00000
0.07968,0.08099,0.08231,0.08198,0.07902,0.18789,0.18361,0.18789,0.18624,0.18986,-0.00255,-0.00123,0.00008,0.00173,0.00304,-52.06539,1354.00000
0.07935,0.08395,0.07869,0.08066,0.08099,0.18526,0.18328,0.18789,0.18262,0.18756,0.00008,0.00107,0.00239,-0.00222,-0.00386,-52.06539,1355.00000
0.08297,0.08231,0.08330,0.08691,0.07310,0.18591,0.18723,0.17966,0.19019,0.18953,-0.00189,0.00107,-0.00025,-0.00419,-0.00288,-51.61131,1356.00000
0.08691,0.08001,0.08297,0.08560,0.08330,0.18887,0.18591,0.18723,0.18789,0.18953,0.00206,-0.00025,0.00107,-0.00025,-0.00485,-51.61131,1357.00000
0.07606,0.07902,0.09020,0.07836,0.08001,0.19019,0.19282,0.19052,0.19052,0.18526,0.00337,0.00239,0.00008,-0.00025,-0.00321,-51.53563,1358.00000
0.08330,0.08691,0.08264,0.08297,0.07836,0.18230,0.18131,0.18920,0.18986,0.18986,-0.00123,0.00107,-0.00057,-0.00485,-0.00057,-51.53563,1359.00000
0.08362,0.08626,0.08001,0.08165,0.07968,0.19249,0.19216,0.19216,0.18361,0.19118,-0.00222,-0.00189,0.00074,0.00337,-0.00156,-51.31713,1360.00000
0.08297,0.08264,0.08461,0.08330,0.08297,0.18854,0.18986,0.18756,0.18624,0.18690,-0.00156,0.00469,0.00008,-0.00090,0.00074,-51.31713,1361.00000
0.08494,0.08658,0.08362,0.08527,0.08560,0.18690,0.19052,0.18427,0.18526,0.18164,-0.00255,0.00140,-0.00123,0.00107,0.00370,-51.82068,1362.00000
0.08560,0.08330,0.08066,0.08395,0.08560,0.18953,0.18920,0.19282,0.18789,0.18723,-0.00090,-0.00123,0.00074,-0.00090,0.00272,-51.82068,1363.00000
0.08461,0.08132,0.08428,0.08658,0.08231,0.18690,0.19052,0.18657,0.18822,0.18558,0.00008,-0.00025,0.00074,-0.00288,0.00436,-51.34003,1364.00000
0.08461,0.08001,0.08889,0.08297,0.08132,0.18295,0.19052,0.18854,0.18756,0.19183,0.00173,-0.00156,0.00074,0.00008,0.00206,-51.34003,1365.00000
0.08395,0.08362,0.08461,0.08790,0.08231,0.18690,0.18065,0.18789,0.18723,0.18657,-0.00419,0.00239,-0.00057,-0.00189,-0.00090,-53.08700,1366.00000
0.08428,0.08001,0.08330,0.08494,0.08527,0.17999,0.18328,0.19052,0.18164,0.18558,0.00008,0.00008,0.00272,-0.00222,0.00041,-53.08700,1367.00000
0.08494,0.08461,0.09185,0.08066,0.08428,0.18624,0.18460,0.18558,0.18624,0.18657,-0.00255,0.00502,0.00107,-0.00123,0.00074,-53.36967,1368.00000
0.07869,0.08560,0.08856,0.08889,0.08330,0.18723,0.18789,0.18789,0.18591,0.19216,0.00008,-0.00156,-0.00255,0.00074,0.00107,-53.36967,1369.00000
0.08790,0.09349,0.08395,0.08790,0.08889,0.18657,0.18953,0.18262,0.19019,0.18624,-0.00189,-0.00090,0.00239,-0.00025,0.00140,-54.66335,1370.00000
0.08856,0.08922,0.08823,0.07935,0.08560,0.18657,0.18657,0.18789,0.18690,0.18854,-0.00025,0.00107,0.00041,0.00107,-0.00057,-54.66335,1371.00000
0.08823,0.08165,0.08724,0.09119,0.08889,0.18591,0.18789,0.18723,0.18756,0.18986,-0.00156,0.00140,-0.00025,-0.00025,-0.00123,-54.86830,1372.00000
0.09086,0.08461,0.08922,0.08494,0.09086,0.19019,0.18953,0.18690,0.18887,0.19085,-0.00090,-0.00090,0.00107,-0.00025,-0.00156,-54.86830,1373.00000
0.08428,0.08297,0.09283,0.08626,0.08461,0.18427,0.18920,0.19019,0.18920,0.18920,-0.00123,-0.00156,0.00173,-0.00057,-0.00025,-54.12848,1374.00000
0.09185,0.09086,0.08593,0.08856,0.08987,0.18262,0.18986,0.18854,0.19085,0.18822,0.00206,0.00041,0.00008,-0.00025,0.00074,-54.12848,1375.00000
0.09053,0.08856,0.08922,0.08889,0.09283,0.18591,0.18887,0.18493,0.18953,0.18690,0.00074,0.00140,0.00173,-0.00057,-0.00255,-54.05643,1376.00000
0.09053,0.08955,0.09020,0.08724,0.08757,0.18986,0.18558,0.18624,0.18854,0.18723,0.00173,0.00008,-0.00255,-0.00189,0.00239,-54.05643,1377.00000
0.09218,0.09218,0.08987,0.08922,0.09152,0.18394,0.18756,0.18789,0.18723,0.18262,0.00206,-0.00321,-0.00090,-0.00321,-0.00353,-53.21718,1378.00000
0.08987,0.09251,0.08856,0.09152,0.09185,0.18789,0.18953,0.18427,0.18887,0.18361,-0.00222,0.00600,-0.00156,0.00008,0.00370,-53.21718,1379.00000
0.09152,0.08922,0.08691,0.09481,0.08626,0.18690,0.18690,0.19150,0.18887,0.18361,-0.00386,-0.00255,0.00272,0.00173,0.00140,-53.84980,1380.00000
0.08955,0.08955,0.08856,0.09941,0.08955,0.18460,0.18690,0.18493,0.18986,0.18328,0.00074,0.00074,0.00140,-0.00189,-0.00189,-53.84980,1381.00000
0.08889,0.09152,0.09152,0.09185,0.08790,0.18591,0.18723,0.18986,0.18986,0.18657,-0.00156,0.00304,0.00041,-0.00156,-0.00057,-52.90146,1382.00000
0.08790,0.09119,0.09152,0.09218,0.09152,0.18624,0.18986,0.18690,0.18723,0.18427,-0.00255,-0.00288,0.00206,-0.00321,-0.00025,-52.90146,1383.00000
0.09711,0.08856,0.09086,0.09251,0.09218,0.18394,0.19052,0.18887,0.18789,0.18657,-0.00485,0.00041,-0.00090,0.00107,-0.00057,-52.66899,1384.00000
0.09283,0.09152,0.09119,0.09579,0.09086,0.18657,0.18723,0.18789,0.18756,0.18558,-0.00222,0.00074,-0.00189,0.00008,-0.00090,-52.66899,1385.00000
0.08955,0.09185,0.09645,0.09316,0.08626,0.18558,0.18822,0.18427,0.18361,0.18953,0.00337,-0.00288,-0.00288,0.00337,0.00074,-52.15237,1386.00000
0.09283,0.09218,0.09251,0.08856,0.08790,0.18624,0.18558,0.18854,0.18822,0.18624,0.00008,0.00469,-0.00090,-0.00189,0.00008,-52.15237,1387.00000
0.09612,0.09415,0.09152,0.09382,0.09218,0.18723,0.18854,0.18723,0.18723,0.18986,-0.00321,-0.00057,0.00074,0.00173,-0.00353,-51.86720,1388.00000
0.09053,0.09448,0.09382,0.09678,0.09283,0.18558,0.18460,0.18789,0.18460,0.18591,-0.00123,-0.00452,0.00206,-0.00057,-0.00189,-51.86720,1389.00000
0.09678,0.09218,0.08987,0.09941,0.09283,0.18427,0.18657,0.18295,0.18887,0.18723,0.00272,0.00074,-0.00288,-0.00584,0.00041,-51.73926,1390.00000
0.09514,0.09152,0.09283,0.09481,0.09218,0.18887,0.18657,0.18887,0.18789,0.18723,-0.00485,0.00041,0.00173,-0.00057,-0.00321,-51.73926,1391.00000
0.09119,0.09382,0.09744,0.09612,0.09678,0.18953,0.18854,0.18657,0.18822,0.18558,-0.00255,0.00140,0.00107,-0.00255,-0.00222,-51.94385,1392.00000
0.09185,0.09316,0.09843,0.09349,0.09744,0.18591,0.18526,0.18427,0.18230,0.18986,-0.00057,0.00173,-0.00419,-0.00255,0.00206,-51.94385,1393.00000
0.09579,0.09579,0.09941,0.09547,0.09908,0.18723,0.18887,0.19249,0.18295,0.18591,-0.00123,-0.00123,-0.00255,-0.00090,-0.00025,-52.99585,1394.00000
0.09678,0.08987,0.09251,0.09547,0.09514,0.18460,0.18624,0.18690,0.18526,0.18230,0.00107,-0.00485,-0.00255,-0.00255,0.00041,-52.99585,1395.00000
0.10106,0.09547,0.09448,0.09152,0.09514,0.18822,0.19216,0.18756,0.18295,0.18591,0.00140,0.00239,-0.00090,-0.00057,0.00140,-53.07263,1396.00000
0.08987,0.09744,0.09579,0.09481,0.09481,0.18756,0.18295,0.19085,0.18854,0.19019,-0.00222,0.00074,0.00337,0.00436,0.00304,-53.07263,1397.00000
0.09448,0.10336,0.09020,0.09711,0.09843,0.18558,0.18854,0.18328,0.18789,0.18295,-0.00057,-0.00057,0.00107,0.00370,0.00008,-53.91425,1398.00000
0.09152,0.09349,0.09316,0.09843,0.09514,0.18624,0.18953,0.18558,0.18394,0.18756,-0.00419,0.00140,0.00107,-0.00057,-0.00025,-53.91425,1399.00000
0.09612,0.09316,0.09908,0.09382,0.09514,0.18427,0.18789,0.19019,0.18723,0.18526,-0.00518,-0.00321,0.00074,0.00403,0.00008,-53.30234,1400.00000
0.09777,0.09547,0.09843,0.09678,0.09941,0.18197,0.18657,0.18920,0.18723,0.18723,-0.00156,-0.00156,-0.00123,-0.00255,0.00173,-53.30234,1401.00000
0.09514,0.09810,0.09415,0.10270,0.09941,0.18526,0.18624,0.19348,0.18164,0.18690,-0.00025,-0.00255,-0.00025,-0.00057,-0.00222,-53.97783,1402.00000
0.09843,0.10073,0.09218,0.10139,0.09645,0.18558,0.18723,0.18723,0.18887,0.18460,-0.00156,0.00173,0.00041,-0.00189,0.00272,-53.97783,1403.00000
0.09579,0.10040,0.10270,0.09875,0.09744,0.18723,0.18295,0.18986,0.18657,0.18854,0.00008,-0.00123,-0.00123,0.00140,0.00008,-53.77847,1404.00000
0.10007,0.09678,0.10369,0.09678,0.10204,0.18361,0.18756,0.18854,0.18493,0.18756,-0.00288,-0.00025,0.00337,-0.00255,-0.00321,-53.77847,1405.00000
0.10007,0.10073,0.09875,0.09744,0.10007,0.18723,0.18723,0.18953,0.18361,0.18920,-0.00025,0.00008,-0.00057,0.00041,-0.00057,-53.55427,1406.00000
0.10139,0.10632,0.09316,0.10698,0.10040,0.18526,0.18854,0.18690,0.18558,0.18953,0.00008,-0.00288,-0.00025,-0.00090,-0.00123,-53.55427,1407.00000
0.09514,0.10665,0.10040,0.09744,0.09612,0.18756,0.18756,0.18657,0.19183,0.18920,-0.00353,0.00107,-0.00057,-0.00189,0.00337,-53.26884,1408.00000
0.10073,0.09974,0.09349,0.10369,0.09283,0.18591,0.18920,0.18394,0.18361,0.18690,-0.00255,0.00041,0.00206,-0.00090,-0.00090,-53.26884,1409.00000
0.10500,0.09941,0.10599,0.10402,0.10303,0.18558,0.18723,0.18986,0.18493,0.18986,-0.00518,0.00403,-0.00386,0.00206,-0.00222,-52.96498,1410.00000
0.10040,0.10237,0.09777,0.10106,0.09941,0.18624,0.18953,0.18460,0.18591,0.18657,-0.00057,0.00107,-0.00123,0.00041,-0.00321,-52.96498,1411.00000
0.10204,0.09941,0.09875,0.10500,0.10270,0.18854,0.18262,0.18920,0.18756,0.18690,-0.00485,-0.00057,-0.00057,0.00272,-0.00025,-53.11335,1412.00000
0.09579,0.10303,0.10533,0.10270,0.10237,0.18558,0.18854,0.18920,0.18822,0.18986,-0.00123,0.00041,0.00140,0.00107,-0.00090,-53.11335,1413.00000
0.09382,0.10402,0.10073,0.09481,0.10566,0.18887,0.18789,0.18986,0.18986,0.18690,-0.00025,0.00173,-0.00025,-0.00090,-0.00025,-52.80912,1414.00000
0.10369,0.10665,0.10731,0.10007,0.10237,0.18558,0.18723,0.19085,0.18131,0.18953,-0.00452,-0.00584,0.00008,-0.00288,0.00107,-52.80912,1415.00000
0.10402,0.10435,0.10862,0.10829,0.10533,0.18460,0.18460,0.18756,0.18493,0.18723,0.00140,-0.00090,0.00008,0.00206,-0.00156,-51.85134,1416.00000
0.10402,0.10073,0.10632,0.10467,0.10402,0.18690,0.18591,0.18756,0.19183,0.18789,-0.00518,0.00304,0.00140,-0.00057,0.00107,-51.85134,1417.00000
0.10270,0.10369,0.10435,0.10402,0.09645,0.19282,0.18822,0.19150,0.18394,0.18854,-0.00025,0.00173,0.00337,0.00074,-0.00353,-51.98280,1418.00000
0.10007,0.10171,0.10763,0.10171,0.10402,0.19019,0.18854,0.18854,0.18920,0.18756,-0.00025,0.00008,0.00041,-0.00156,0.00107,-51.98280,1419.00000
0.10961,0.09415,0.09875,0.10862,0.10402,0.18920,0.18854,0.18920,0.18493,0.18526,-0.00419,-0.00255,-0.00057,-0.00057,-0.00025,-52.60273,1420.00000
0.10336,0.10599,0.09974,0.10171,0.10895,0.18460,0.18591,0.18361,0.18262,0.19216,0.00008,-0.00090,0.00074,-0.00090,0.00041,-52.60273,1421.00000
0.10336,0.11388,0.10533,0.10566,0.10928,0.18526,0.18854,0.18493,0.18197,0.18887,0.00337,-0.00057,0.00008,0.00008,-0.00321,-52.75644,1422.00000
0.10336,0.10533,0.10796,0.10270,0.10961,0.19118,0.18822,0.18822,0.18427,0.18427,-0.00485,-0.00123,-0.00386,0.00173,0.00140,-52.75644,1423.00000
0.10763,0.10895,0.10763,0.10566,0.10336,0.18295,0.18723,0.18690,0.18822,0.19282,0.00272,-0.00156,-0.00255,0.00008,-0.00255,-53.02373,1424.00000
0.11191,0.10632,0.10829,0.10369,0.10961,0.18822,0.18756,0.18624,0.19118,0.18624,0.00140,-0.00090,-0.00189,0.00173,-0.00025,-53.02373,1425.00000
0.10599,0.10928,0.10698,0.11059,0.10961,0.18591,0.17868,0.18789,0.18690,0.18723,-0.00057,0.00041,-0.00189,0.00074,-0.00288,-52.60806,1426.00000
0.10665,0.10599,0.10632,0.10895,0.11224,0.18822,0.18657,0.18591,0.18690,0.18756,0.00173,-0.00123,0.00272,-0.00288,-0.00057,-52.60806,1427.00000
0.10862,0.10961,0.11125,0.11421,0.10139,0.18690,0.18854,0.18986,0.18361,0.18558,0.00107,-0.00288,0.00173,-0.00255,0.00008,-54.24348,1428.00000
0.10303,0.11191,0.11092,0.10731,0.11224,0.18756,0.18460,0.18460,0.18986,0.19052,-0.00090,-0.00222,0.00008,0.00140,-0.00123,-54.24348,1429.00000
0.10796,0.10763,0.10961,0.11125,0.10369,0.18526,0.18953,0.19052,0.18591,0.18920,0.00107,-0.00321,0.00074,0.00337,-0.00452,-54.20182,1430.00000
0.10698,0.10961,0.10829,0.10402,0.10796,0.18690,0.18657,0.18822,0.18394,0.18624,0.00008,-0.00057,-0.00189,-0.00057,0.00206,-54.20182,1431.00000
0.11224,0.10928,0.10500,0.10829,0.10533,0.18460,0.19249,0.18723,0.19019,0.18756,0.00403,-0.00189,-0.00156,-0.00255,-0.00090,-54.71810,1432.00000
0.10731,0.10599,0.11191,0.10862,0.11421,0.19118,0.18920,0.18789,0.18756,0.18822,-0.00584,0.00173,-0.00156,-0.00255,-0.00189,-54.71810,1433.00000
0.10566,0.11454,0.10599,0.10961,0.11059,0.18591,0.18756,0.19019,0.18558,0.18558,-0.00255,-0.00123,-0.00025,0.00107,0.00008,-54.18522,1434.00000
0.11355,0.11224,0.11158,0.10632,0.11125,0.18361,0.18756,0.18986,0.18460,0.18690,0.00008,0.00140,-0.00189,-0.00222,-0.00255,-54.18522,1435.00000
0.11454,0.10500,0.11355,0.11257,0.10994,0.18690,0.18591,0.18887,0.18493,0.19183,-0.00123,0.00008,-0.00090,-0.00255,0.00206,-53.64534,1436.00000
0.11257,0.10961,0.11290,0.11224,0.11323,0.18723,0.18230,0.18854,0.19085,0.18920,0.00008,-0.00025,-0.00321,-0.00057,-0.00189,-53.64534,1437.00000
0.11059,0.11586,0.11224,0.11092,0.11652,0.18690,0.18526,0.18756,0.18262,0.18723,-0.00057,0.00008,-0.00222,-0.00189,-0.00123,-53.45109,1438.00000
0.10862,0.11224,0.11652,0.10961,0.11487,0.18756,0.18789,0.18920,0.18493,0.18493,-0.00057,0.00107,-0.00288,-0.00057,-0.00156,-53.45109,1439.00000
0.11224,0.11717,0.11355,0.11224,0.10862,0.18526,0.18657,0.18657,0.19052,0.18920,0.00008,-0.00025,0.00140,-0.00353,-0.00222,-52.84371,1440.00000
0.11454,0.11125,0.11355,0.10862,0.10928,0.19052,0.18657,0.18657,0.18887,0.18591,0.00041,-0.00189,-0.00288,-0.00321,0.00206,-52.84371,1441.00000
0.11849,0.11323,0.11750,0.11783,0.11388,0.18197,0.18756,0.18328,0.18723,0.18854,-0.00189,-0.00025,-0.00222,0.00008,-0.00090,-52.35935,1442.00000
0.11882,0.10895,0.11849,0.11454,0.11355,0.18262,0.18657,0.18197,0.18230,0.18394,0.00107,0.00041,-0.00156,-0.00156,-0.00025,-52.35935,1443.00000
0.11684,0.11619,0.11652,0.11684,0.11816,0.18723,0.18526,0.18591,0.18624,0.18460,0.00107,0.00272,-0.00025,-0.00123,-0.00057,-51.96093,1444.00000
0.11750,0.11059,0.11454,0.11619,0.11915,0.18920,0.18789,0.18591,0.18591,0.18723,-0.00288,-0.00090,0.00107,-0.00255,-0.00288,-51.96093,1445.00000
0.11421,0.11849,0.11421,0.11092,0.11454,0.18723,0.18164,0.18887,0.18657,0.18822,-0.00025,-0.00288,0.00107,-0.00189,-0.00551,-50.92187,1446.00000
0.11487,0.12046,0.10763,0.11652,0.11652,0.19085,0.18591,0.18295,0.18493,0.18328,0.00107,-0.00025,-0.00090,-0.00452,-0.00156,-50.92187,1447.00000
0.11487,0.11684,0.11684,0.11619,0.11421,0.18789,0.18789,0.18822,0.18690,0.18394,-0.00090,0.00074,-0.00025,-0.00452,-0.00222,-51.96728,1448.00000
0.11454,0.11323,0.11948,0.10928,0.11882,0.19249,0.18690,0.18591,0.18953,0.18493,-0.00025,-0.00123,-0.00123,-0.00222,-0.00255,-51.96728,1449.00000
0.11520,0.11454,0.11323,0.12211,0.11059,0.18394,0.18361,0.18789,0.19150,0.19348,-0.00057,-0.00321,0.00304,-0.00189,0.00041,-52.21167,1450.00000
0.11882,0.11586,0.12112,0.11684,0.11849,0.18789,0.18460,0.18822,0.18460,0.18558,-0.00025,-0.00321,-0.00123,-0.00222,0.00074,-52.21167,1451.00000
0.12276,0.11750,0.11487,0.11553,0.11421,0.19118,0.18789,0.18822,0.18657,0.18361,-0.00156,-0.00156,0.00304,0.00206,0.00239,-52.90759,1452.00000
0.11816,0.12046,0.12013,0.11652,0.11257,0.19085,0.18657,0.18526,0.18526,0.18690,-0.00123,0.00074,-0.00025,-0.00222,0.00008,-52.90759,1453.00000
0.11980,0.11487,0.11717,0.11717,0.11948,0.18789,0.18690,0.18394,0.18427,0.18262,0.00206,0.00272,0.00074,-0.00222,0.00074,-54.22479,1454.00000
0.11487,0.11323,0.11849,0.12013,0.11816,0.18262,0.18591,0.18854,0.18789,0.18657,0.00206,0.00107,-0.00189,-0.00025,0.00041,-54.22479,1455.00000
0.11619,0.12079,0.12178,0.11816,0.12276,0.19019,0.18427,0.18986,0.18920,0.18789,-0.00222,0.00041,-0.00025,0.00140,0.00074,-53.96298,1456.00000
0.11619,0.11421,0.11849,0.11783,0.12046,0.18361,0.18624,0.18591,0.18822,0.18493,-0.00025,0.00107,0.00206,-0.00288,-0.00090,-53.96298,1457.00000
0.12211,0.12408,0.11684,0.12309,0.11915,0.19249,0.17966,0.18953,0.18493,0.18690,0.00272,0.00074,-0.00025,0.00008,0.00304,-54.38383,1458.00000
0.11553,0.11816,0.12112,0.12112,0.11816,0.18657,0.18624,0.18526,0.18723,0.18657,0.00008,-0.00189,0.00206,-0.00353,-0.00025,-54.38383,1459.00000
0.11816,0.12046,0.12671,0.12244,0.11915,0.18591,0.18657,0.18262,0.18493,0.18295,-0.00189,0.00008,-0.00156,0.00337,-0.00255,-55.12893,1460.00000
0.12309,0.11882,0.12441,0.12178,0.12507,0.18723,0.18723,0.18854,0.18230,0.18591,-0.00255,-0.00156,0.00008,-0.00485,-0.00090,-55.12893,1461.00000
0.12112,0.11980,0.12046,0.12244,0.12309,0.18394,0.18197,0.18361,0.18526,0.19019,-0.00156,-0.00222,-0.00123,-0.00222,0.00304,-54.82032,1462.00000
0.11816,0.11684,0.12145,0.11750,0.11619,0.18328,0.18986,0.18690,0.18427,0.18657,-0.00057,0.00107,-0.00025,-0.00090,0.00140,-54.82032,1463.00000
0.12408,0.12145,0.11684,0.11849,0.12244,0.18460,0.18624,0.18789,0.18789,0.18493,-0.00321,0.00074,0.00074,0.00239,-0.00189,-54.60743,1464.00000
0.11882,0.12244,0.12507,0.12145,0.12375,0.18690,0.18986,0.18197,0.19249,0.18887,0.00140,0.00074,0.00041,-0.00189,0.00008,-54.60743,1465.00000
0.12112,0.12211,0.12309,0.11684,0.12441,0.18756,0.18526,0.18789,0.18920,0.18657,-0.00123,0.00370,-0.00189,0.00008,-0.00025,-53.73194,1466.00000
0.11882,0.12671,0.12638,0.12572,0.11948,0.18756,0.18822,0.18953,0.19150,0.18394,-0.00057,-0.00419,0.00041,0.00008,-0.00222,-53.73194,1467.00000
0.12342,0.11619,0.12441,0.12605,0.12112,0.18131,0.18460,0.19085,0.18690,0.18065,-0.00255,-0.00025,0.00272,-0.00025,-0.00189,-53.78247,1468.00000
0.11816,0.12408,0.12474,0.12046,0.12375,0.18690,0.19282,0.18920,0.19216,0.18295,0.00074,-0.00189,0.00041,-0.00584,0.00272,-53.78247,1469.00000
0.12342,0.12572,0.12770,0.12868,0.12276,0.18493,0.18131,0.18295,0.18690,0.19019,-0.00255,0.00041,0.00239,0.00074,0.00008,-53.16321,1470.00000
0.12638,0.12540,0.11948,0.12737,0.12540,0.18756,0.18460,0.18262,0.18690,0.18493,-0.00156,0.00008,-0.00057,-0.00222,-0.00353,-53.16321,1471.00000
0.12211,0.13329,0.12408,0.12638,0.12836,0.18854,0.18460,0.18427,0.18822,0.18657,-0.00353,-0.00255,-0.00156,0.00008,-0.00156,-51.90631,1472.00000
0.12211,0.12507,0.12408,0.12375,0.12671,0.18920,0.18756,0.18460,0.18065,0.18723,-0.00189,-0.00255,-0.00156,-0.00353,0.00206,-51.90631,1473.00000
0.12375,0.12474,0.12178,0.12737,0.12309,0.18657,0.18789,0.18657,0.19282,0.18822,-0.00156,-0.00321,0.00272,-0.00025,-0.00123,-51.60989,1474.00000
0.12901,0.12540,0.12474,0.12868,0.12375,0.18822,0.18460,0.18920,0.18131,0.18822,-0.00255,-0.00057,-0.00025,0.00173,0.00206,-51.60989,1475.00000
0.12507,0.13362,0.12178,0.11948,0.12441,0.18690,0.18657,0.18953,0.18591,0.18328,0.00074,-0.00123,0.00107,0.00173,0.00239,-51.91335,1476.00000
0.12572,0.13066,0.12770,0.13099,0.12211,0.18789,0.18394,0.18920,0.18558,0.18657,-0.00090,-0.00386,0.00074,-0.00156,-0.00288,-51.91335,1477.00000
0.12507,0.12836,0.12803,0.13033,0.12770,0.19052,0.18262,0.18822,0.18558,0.18460,-0.00123,-0.00123,0.00304,0.00041,-0.00255,-52.45570,1478.00000
0.13526,0.12671,0.12737,0.12507,0.12572,0.18822,0.18591,0.18723,0.18295,0.19150,-0.00353,0.00008,-0.00584,-0.00123,-0.00057,-52.45570,1479.00000
0.12704,0.13164,0.12441,0.13066,0.12704,0.18624,0.18789,0.18460,0.18624,0.18723,-0.00156,-0.00222,0.00140,-0.00090,0.00206,-52.45343,1480.00000
0.12901,0.12836,0.13033,0.13099,0.12375,0.18789,0.19052,0.18789,0.18361,0.18361,0.00041,0.00041,-0.00419,0.00173,0.00173,-52.45343,1481.00000
0.12836,0.12671,0.12934,0.13362,0.12868,0.18822,0.19052,0.18822,0.18723,0.18427,-0.00386,-0.00189,-0.00057,-0.00222,0.00239,-53.56803,1482.00000
0.13099,0.12638,0.12967,0.12934,0.12803,0.18920,0.18756,0.18361,0.18690,0.18854,0.00304,0.00008,0.00107,-0.00321,-0.00123,-53.56803,1483.00000
0.12540,0.12046,0.13230,0.13132,0.13132,0.18822,0.18723,0.18460,0.19085,0.19052,-0.00189,0.00239,-0.00025,-0.00222,-0.00090,-53.08772,1484.00000
0.13132,0.12836,0.13428,0.13428,0.12342,0.18723,0.18690,0.19052,0.18920,0.18690,-0.00288,-0.00156,0.00107,-0.00518,0.00008,-53.08772,1485.00000
0.12704,0.12737,0.13099,0.12868,0.13263,0.18887,0.18789,0.18887,0.18789,0.18756,0.00008,-0.00222,-0.00255,-0.00485,-0.00025,-53.47013,1486.00000
0.13329,0.12836,0.13559,0.13000,0.13329,0.18262,0.18723,0.18986,0.19085,0.18822,0.00239,-0.00057,-0.00222,-0.00321,-0.00551,-53.47013,1487.00000
0.13164,0.12967,0.13658,0.13625,0.12967,0.18394,0.18427,0.18756,0.18723,0.18230,-0.00189,-0.00123,-0.00288,-0.00288,-0.00123,-53.57100,1488.00000
0.12474,0.13099,0.13296,0.13724,0.13164,0.18230,0.18690,0.18822,0.18197,0.18887,-0.00288,-0.00156,-0.00156,0.00074,-0.00255,-53.57100,1489.00000
0.12967,0.12868,0.13658,0.13263,0.13428,0.18789,0.18953,0.18920,0.18427,0.18328,-0.00123,-0.00057,0.00008,0.00173,-0.00090,-53.62632,1490.00000
0.12704,0.13164,0.13197,0.13822,0.12901,0.18624,0.18262,0.18920,0.18920,0.18690,0.00173,-0.00025,-0.00090,0.00074,-0.00057,-53.62632,1491.00000
0.13428,0.13132,0.13132,0.13132,0.13164,0.18558,0.18427,0.18690,0.18723,0.18394,-0.00255,-0.00090,0.00107,-0.00090,-0.00123,-53.94939,1492.00000
0.13691,0.13362,0.13132,0.13493,0.13164,0.18591,0.18460,0.18986,0.19150,0.18854,-0.00321,0.00041,0.00140,-0.00156,0.00074,-53.94939,1493.00000
0.13164,0.13362,0.13197,0.13526,0.13329,0.18427,0.18624,0.18460,0.18361,0.18558,-0.00419,0.00206,0.00370,0.00107,-0.00090,-54.05722,1494.00000
0.13658,0.13362,0.13395,0.13428,0.13362,0.18854,0.18822,0.18295,0.18328,0.18822,0.00206,-0.00123,0.00140,0.00008,0.00239,-54.05722,1495.00000
0.13789,0.14118,0.12934,0.14020,0.14118,0.18690,0.18361,0.18887,0.19019,0.18756,0.00140,0.00469,-0.00189,0.00008,-0.00189,-53.40312,1496.00000
0.13756,0.13132,0.13000,0.13197,0.13329,0.18591,0.18394,0.18295,0.18558,0.18920,-0.00090,0.00041,-0.00156,0.00239,-0.00485,-53.40312,1497.00000
0.13526,0.13921,0.12803,0.13559,0.13197,0.18328,0.18953,0.18394,0.18822,0.18558,-0.00025,0.00041,-0.00321,-0.00090,-0.00156,-52.44619,1498.00000
0.13921,0.13066,0.13592,0.13822,0.13362,0.18789,0.18526,0.18920,0.18822,0.18427,-0.00156,0.00041,-0.00255,-0.00025,0.00206,-52.44619,1499.00000
0.13493,0.14052,0.13921,0.13789,0.13164,0.18591,0.18887,0.18558,0.18822,0.18098,-0.00090,-0.00123,-0.00156,0.00370,-0.00025,-52.71479,1500.00000
0.13658,0.13724,0.13428,0.13592,0.13987,0.18624,0.18328,0.18822,0.18723,0.18591,-0.00156,0.00206,0.00041,-0.00090,-0.00288,-52.71479,1501.00000
0.13625,0.13329,0.13921,0.13822,0.13691,0.17901,0.18526,0.18624,0.18789,0.18558,0.00206,0.00173,0.00239,-0.00057,0.00272,-52.18503,1502.00000
0.13428,0.14151,0.14118,0.13526,0.13855,0.18394,0.18723,0.18920,0.18328,0.18624,-0.00222,0.00074,-0.00189,-0.00123,-0.00156,-52.18503,1503.00000
0.14085,0.13625,0.14348,0.13329,0.14414,0.18591,0.18558,0.18723,0.18460,0.18493,-0.00255,-0.00189,0.00140,-0.00057,-0.00025,-51.65648,1504.00000
0.14184,0.14020,0.13822,0.13296,0.13362,0.18624,0.18427,0.18986,0.19315,0.19019,-0.00255,0.00469,-0.00123,-0.00156,0.00041,-51.65648,1505.00000
0.14151,0.13822,0.14217,0.13296,0.13724,0.18624,0.18558,0.18756,0.18854,0.18953,0.00008,-0.00090,0.00173,0.00107,-0.00057,-51.74865,1506.00000
0.13296,0.14151,0.13362,0.14052,0.14316,0.18493,0.18526,0.18394,0.18526,0.18460,-0.00090,-0.00057,-0.00123,0.00272,-0.00321,-51.74865,1507.00000
0.13526,0.13921,0.13724,0.13460,0.13822,0.18723,0.18427,0.18789,0.18756,0.18624,-0.00156,-0.00288,-0.00090,0.00008,-0.00090,-51.52374,1508.00000
0.14316,0.13691,0.13822,0.13987,0.13395,0.19183,0.19118,0.18723,0.18756,0.18460,0.00337,-0.00156,0.00173,0.00008,0.00107,-51.52374,1509.00000
0.13888,0.13625,0.13789,0.13855,0.14085,0.18361,0.18591,0.18558,0.18427,0.18854,-0.00057,0.00008,-0.00025,-0.00353,0.00173,-52.33902,1510.00000
0.13855,0.14348,0.13855,0.13691,0.14052,0.18854,0.18789,0.18624,0.18295,0.18920,-0.00255,0.00107,0.00206,-0.00057,-0.00255,-52.33902,1511.00000
0.14546,0.14052,0.13822,0.14250,0.13987,0.18789,0.18690,0.19414,0.18789,0.18854,-0.00321,0.00173,-0.00090,0.00140,0.00502,-52.36824,1512.00000
0.14283,0.14184,0.13822,0.14250,0.14316,0.18065,0.18394,0.18789,0.18526,0.18526,-0.00419,0.00074,-0.00156,-0.00222,-0.00156,-52.36824,1513.00000
0.13954,0.14710,0.13987,0.13296,0.14480,0.18230,0.18756,0.18624,0.18822,0.18591,0.00173,0.00008,0.00403,-0.00353,0.00239,-52.93217,1514.00000
0.13789,0.14151,0.14316,0.14283,0.14283,0.18624,0.18591,0.18690,0.18624,0.18526,-0.00288,-0.00090,-0.00584,0.00239,0.00206,-52.93217,1515.00000
0.14612,0.14546,0.14348,0.14381,0.13855,0.18690,0.18558,0.18558,0.18920,0.19085,-0.00057,-0.00189,0.00239,-0.00222,-0.00057,-53.89284,1516.00000
0.13756,0.13921,0.14316,0.14151,0.14645,0.19052,0.18854,0.18427,0.18723,0.18262,-0.00156,-0.00057,-0.00057,-0.00156,0.00140,-53.89284,1517.00000
0.14513,0.14743,0.14348,0.14677,0.13954,0.18690,0.18986,0.18756,0.18591,0.18460,0.00304,0.00469,-0.00419,-0.00321,-0.00321,-53.91419,1518.00000
0.14184,0.14414,0.15039,0.14151,0.14217,0.18690,0.18624,0.18624,0.18657,0.18657,-0.00123,-0.00123,-0.00485,-0.00025,-0.00222,-53.91419,1519.00000
0.15039,0.14579,0.14447,0.14612,0.14447,0.18657,0.18295,0.19019,0.18789,0.18361,-0.00156,0.00206,-0.00090,-0.00189,0.00272,-53.97614,1520.00000
0.14776,0.14348,0.14743,0.14348,0.15006,0.19085,0.18789,0.18526,0.18789,0.18427,-0.00025,-0.00452,-0.00090,-0.00419,-0.00189,-53.97614,1521.00000
0.14973,0.13921,0.14973,0.14612,0.14052,0.18657,0.19019,0.18526,0.18558,0.18394,-0.00090,0.00206,0.00140,0.00041,0.00140,-53.92899,1522.00000
0.14743,0.14414,0.14546,0.14546,0.14677,0.18624,0.18493,0.18624,0.18887,0.18591,0.00107,0.00107,-0.00090,0.00008,0.00206,-53.92899,1523.00000
0.14645,0.14513,0.14612,0.14776,0.14645,0.18131,0.19052,0.18986,0.18295,0.19085,-0.00189,-0.00255,0.00107,0.00370,-0.00321,-53.40004,1524.00000
0.14151,0.14677,0.14250,0.14710,0.14776,0.18854,0.18657,0.18427,0.18394,0.18460,-0.00321,0.00140,-0.00584,0.00074,-0.00255,-53.40004,1525.00000
0.14316,0.14776,0.14842,0.14085,0.14447,0.18854,0.18920,0.18657,0.19052,0.18986,0.00370,-0.00123,0.00041,0.00370,-0.00090,-52.53742,1526.00000
0.14283,0.14447,0.14645,0.15039,0.14480,0.18164,0.18756,0.18098,0.18493,0.18460,-0.00025,0.00239,-0.00025,-0.00255,0.00008,-52.53742,1527.00000
0.15072,0.14217,0.14677,0.14283,0.14743,0.18920,0.18065,0.19052,0.18295,0.18427,0.00140,-0.00123,-0.00353,-0.00156,-0.00123,-52.03287,1528.00000
0.14677,0.15138,0.14941,0.15138,0.14809,0.18822,0.18822,0.18657,0.17999,0.18953,0.00008,0.00107,-0.00090,-0.00057,-0.00222,-52.03287,1529.00000
0.14085,0.15237,0.14875,0.15006,0.14710,0.18328,0.18690,0.18394,0.18328,0.18493,0.00370,0.00436,0.00074,0.00008,-0.00025,-52.51546,1530.00000
0.14348,0.14842,0.14842,0.14809,0.14809,0.18558,0.18394,0.18394,0.18295,0.18262,-0.00123,-0.00025,0.00206,-0.00321,-0.00156,-52.51546,1531.00000
0.14579,0.14645,0.15434,0.14809,0.14480,0.18493,0.18493,0.18558,0.18526,0.18493,-0.00222,-0.00025,-0.00090,-0.00057,0.00074,-51.64835,1532.00000
0.15598,0.15204,0.15237,0.14842,0.14908,0.18230,0.19315,0.18657,0.18690,0.19150,-0.00156,-0.00025,0.00074,-0.00090,0.00008,-51.64835,1533.00000
0.15105,0.15105,0.14842,0.14184,0.14908,0.19446,0.18558,0.19085,0.18493,0.18526,-0.00255,-0.00090,-0.00090,-0.00025,0.00436,-49.85250,1534.00000
0.15138,0.14973,0.15237,0.15006,0.14546,0.17966,0.18098,0.18690,0.18657,0.18986,0.00272,-0.00156,-0.00090,0.00239,0.00337,-49.85250,1535.00000
0.15368,0.14414,0.15138,0.14809,0.14908,0.18328,0.18394,0.18558,0.18887,0.18953,0.00008,0.00041,-0.00123,-0.00189,0.00272,-48.05613,1536.00000
0.14776,0.15039,0.14546,0.15237,0.14941,0.18789,0.19019,0.18131,0.18657,0.18526,-0.00617,-0.00288,-0.00321,0.00173,-0.00255,-48.05613,1537.00000
0.15171,0.14842,0.15335,0.15598,0.15861,0.18394,0.18526,0.18493,0.18427,0.18295,0.00173,0.00304,0.00008,0.00140,0.00173,-45.90551,1538.00000
0.15039,0.14480,0.14809,0.15006,0.15565,0.18920,0.18230,0.18394,0.18756,0.18098,0.00008,-0.00255,0.00140,-0.00321,-0.00419,-45.90551,1539.00000
0.15598,0.15763,0.14973,0.15434,0.15138,0.18460,0.19183,0.18690,0.18822,0.18723,-0.00090,-0.00222,0.00206,0.00107,0.00041,-47.85510,1540.00000
0.14743,0.15072,0.15204,0.15467,0.14908,0.18328,0.18887,0.18822,0.18822,0.18690,-0.00189,-0.00189,0.00239,-0.00255,0.00140,-47.85510,1541.00000
0.14941,0.15335,0.15533,0.15171,0.15302,0.18295,0.18690,0.18822,0.18230,0.18493,0.00074,-0.00025,-0.00485,-0.00090,0.00008,-50.62188,1542.00000
0.14842,0.15006,0.15500,0.15039,0.15664,0.18822,0.18591,0.18427,0.18887,0.18756,0.00008,0.00107,0.00173,-0.00189,0.00206,-50.62188,1543.00000
0.15500,0.14809,0.15664,0.15072,0.15664,0.18493,0.18427,0.18690,0.18887,0.18986,-0.00025,-0.00255,-0.00090,-0.00090,0.00206,-51.56094,1544.00000
0.15138,0.15138,0.15237,0.15302,0.14809,0.18558,0.18624,0.18690,0.19019,0.18920,-0.00090,-0.00090,0.00272,-0.00090,-0.00485,-51.56094,1545.00000
0.16157,0.15237,0.15171,0.15533,0.15434,0.18558,0.18887,0.18493,0.18657,0.18854,-0.00123,0.00272,-0.00057,-0.00255,0.00206,-51.88155,1546.00000
0.15269,0.14908,0.15434,0.15006,0.15861,0.18723,0.18558,0.18065,0.18394,0.18690,0.00206,0.00107,0.00074,0.00008,0.00502,-51.88155,1547.00000
0.15204,0.15105,0.15401,0.14973,0.15072,0.18920,0.18756,0.18591,0.18789,0.18756,-0.00419,-0.00090,-0.00189,0.00107,0.00239,-52.76694,1548.00000
0.15631,0.15006,0.15500,0.15500,0.15565,0.18591,0.18887,0.18558,0.18723,0.18887,0.00107,-0.00156,-0.00255,-0.00222,-0.00189,-52.76694,1549.00000
0.15598,0.15664,0.15006,0.15302,0.15829,0.18756,0.18558,0.18887,0.18690,0.18756,-0.00057,0.00239,-0.00288,0.00206,-0.00057,-52.92644,1550.00000
0.15829,0.15434,0.15664,0.15598,0.15533,0.18789,0.18262,0.18822,0.18789,0.19019,0.00074,-0.00090,0.00140,-0.00090,0.00239,-52.92644,1551.00000
0.15500,0.15927,0.15533,0.15763,0.15631,0.18591,0.18920,0.18789,0.18690,0.18526,0.00140,-0.00255,0.00074,-0.00288,-0.00025,-53.09652,1552.00000
0.15204,0.15401,0.15467,0.14809,0.16125,0.18657,0.18624,0.18361,0.18822,0.18591,0.00041,-0.00485,0.00041,-0.00419,0.00041,-53.09652,1553.00000
0.15796,0.15171,0.15467,0.15829,0.15138,0.18657,0.18230,0.18427,0.18822,0.18427,-0.00057,-0.00123,-0.00123,0.00206,-0.00025,-52.88615,1554.00000
0.15861,0.16157,0.15533,0.15335,0.15763,0.18460,0.18657,0.18361,0.18295,0.18789,-0.00156,-0.00353,0.00107,-0.00419,0.00041,-52.88615,1555.00000
0.15335,0.15500,0.14973,0.15993,0.15697,0.18526,0.18427,0.18493,0.18394,0.18920,-0.00485,0.00041,0.00008,0.00140,0.00107,-52.72726,1556.00000
0.15861,0.16223,0.15467,0.15401,0.15829,0.17802,0.18986,0.18460,0.19150,0.18657,-0.00057,0.00206,0.00107,-0.00156,-0.00255,-52.72726,1557.00000
0.15993,0.15302,0.15829,0.16256,0.15697,0.18526,0.18953,0.18526,0.18953,0.18723,-0.00025,-0.00090,-0.00321,-0.00551,0.00074,-52.23033,1558.00000
0.15533,0.15598,0.15533,0.15664,0.15631,0.18591,0.18756,0.18723,0.18065,0.18887,0.00008,-0.00057,0.00140,-0.00090,-0.00321,-52.23033,1559.00000
0.15598,0.16125,0.15631,0.15730,0.16157,0.18394,0.18558,0.18526,0.18723,0.18953,0.00206,0.00008,-0.00057,-0.00222,-0.00057,-52.16985,1560.00000
0.15894,0.14842,0.15302,0.16223,0.16421,0.18558,0.18558,0.18361,0.18394,0.18624,0.00272,0.00074,-0.00321,0.00206,-0.00288,-52.16985,1561.00000
0.16026,0.15960,0.15500,0.15829,0.15861,0.18920,0.18526,0.18032,0.18394,0.18262,-0.00057,0.00239,-0.00321,-0.00057,-0.00288,-51.91745,1562.00000
0.15434,0.15960,0.15829,0.16519,0.15960,0.18526,0.18394,0.18328,0.18953,0.18230,-0.00057,-0.00222,-0.00025,-0.00222,-0.00057,-51.91745,1563.00000
0.16223,0.15993,0.15796,0.16355,0.16059,0.18887,0.18131,0.18460,0.18690,0.18887,-0.00321,0.00041,-0.00189,-0.00025,-0.00255,-51.56907,1564.00000
0.15993,0.16223,0.16059,0.16486,0.15533,0.18591,0.18526,0.18526,0.18493,0.18394,-0.00321,-0.00025,-0.00189,-0.00288,-0.00353,-51.56907,1565.00000
0.15960,0.16092,0.16059,0.16059,0.15598,0.18493,0.18558,0.18197,0.18328,0.18460,-0.00189,-0.00222,-0.00156,0.00041,-0.00189,-51.91491,1566.00000
0.16092,0.16388,0.16223,0.15894,0.16125,0.18262,0.18591,0.18098,0.18493,0.18262,0.00239,-0.00189,0.00173,-0.00288,0.00272,-51.91491,1567.00000
0.15697,0.15894,0.16157,0.16585,0.16026,0.18526,0.18624,0.18131,0.18460,0.18493,-0.00156,0.00173,0.00239,-0.00090,0.00107,-52.07806,1568.00000
0.16223,0.15697,0.16092,0.16092,0.16519,0.18822,0.18558,0.18887,0.18526,0.19019,-0.00386,-0.00057,0.00272,-0.00288,-0.00255,-52.07806,1569.00000
0.16059,0.16749,0.16190,0.16125,0.15829,0.18230,0.18657,0.18756,0.18723,0.18920,0.00173,0.00239,0.00107,-0.00222,-0.00057,-52.74313,1570.00000
0.16256,0.16059,0.16157,0.16092,0.16322,0.18460,0.19019,0.18789,0.18361,0.18854,0.00041,0.00239,0.00239,0.00074,-0.00090,-52.74313,1571.00000
0.15138,0.16486,0.16322,0.16519,0.16289,0.18986,0.18328,0.18657,0.18230,0.18295,0.00107,-0.00090,0.00074,0.00041,-0.00255,-53.17576,1572.00000
0.16256,0.15861,0.16749,0.15763,0.16322,0.18657,0.18131,0.18657,0.18328,0.18723,-0.00057,-0.00090,-0.00090,-0.00025,-0.00386,-53.17576,1573.00000
0.16157,0.16651,0.15894,0.16223,0.16157,0.18460,0.18328,0.18164,0.18526,0.18756,-0.00123,-0.00485,-0.00222,0.00272,-0.00222,-53.55077,1574.00000
0.16486,0.16388,0.16157,0.16125,0.16157,0.18493,0.18591,0.18427,0.18756,0.18526,0.00041,-0.00123,-0.00090,-0.00156,-0.00189,-53.55077,1575.00000
0.16355,0.16322,0.16190,0.16059,0.15861,0.19019,0.18986,0.18295,0.18558,0.18657,0.00008,-0.00485,-0.00025,-0.00321,-0.00156,-54.03369,1576.00000
0.16881,0.16289,0.15796,0.16848,0.16618,0.18723,0.18328,0.19019,0.18164,0.18526,0.00041,-0.00386,0.00173,0.00337,-0.00189,-54.03369,1577.00000
0.16421,0.16421,0.17013,0.16717,0.16322,0.18164,0.18493,0.18624,0.18854,0.18756,-0.00090,0.00074,0.00239,0.00074,-0.00057,-53.66968,1578.00000
0.16684,0.16453,0.17045,0.16684,0.16256,0.18986,0.18328,0.18624,0.18558,0.18262,-0.00288,0.00008,0.00107,-0.00255,-0.00025,-53.66968,1579.00000
0.16421,0.16618,0.16453,0.16651,0.16519,0.18591,0.18953,0.18887,0.18526,0.18493,-0.00123,0.00140,-0.00123,-0.00123,-0.00255,-53.69519,1580.00000
0.16947,0.16717,0.16552,0.16749,0.16519,0.19118,0.18756,0.18591,0.18328,0.18361,-0.00123,0.00304,0.00008,-0.00321,-0.00321,-53.69519,1581.00000
0.16651,0.16289,0.16585,0.16848,0.16388,0.18854,0.18756,0.19019,0.18986,0.18624,-0.00551,-0.00518,0.00074,0.00041,-0.00386,-54.17670,1582.00000
0.16749,0.16782,0.15829,0.16881,0.16322,0.18887,0.18624,0.18526,0.18690,0.19150,0.00041,-0.00025,-0.00025,0.00206,-0.00090,-54.17670,1583.00000
0.16552,0.16815,0.17111,0.16157,0.17210,0.18854,0.19315,0.18756,0.18690,0.18789,0.00008,-0.00386,0.00403,-0.00156,-0.00156,-54.00973,1584.00000
0.17177,0.16684,0.15894,0.17177,0.16585,0.18197,0.18854,0.18558,0.18361,0.18493,-0.00222,-0.00222,-0.00222,-0.00222,0.00107,-54.00973,1585.00000
0.17309,0.16355,0.16815,0.16881,0.16717,0.18822,0.18591,0.18230,0.18493,0.18361,0.00107,0.00173,0.00107,-0.00123,-0.00025,-53.35252,1586.00000
0.16947,0.16848,0.17045,0.16914,0.16848,0.18361,0.18197,0.19348,0.18986,0.18558,0.00370,0.00173,-0.00025,-0.00353,-0.00321,-53.35252,1587.00000
0.16355,0.16947,0.16618,0.16881,0.17177,0.18657,0.18394,0.18460,0.18526,0.18493,-0.00156,-0.00156,-0.00321,0.00107,0.00074,-52.05468,1588.00000
0.17309,0.16980,0.16289,0.17045,0.16519,0.19085,0.18427,0.18591,0.18756,0.18098,0.00074,-0.00518,-0.00090,0.00107,-0.00057,-52.05468,1589.00000
0.17111,0.16848,0.16749,0.17111,0.16815,0.19019,0.18558,0.18164,0.18328,0.18591,-0.00057,-0.00222,-0.00321,-0.00452,0.00008,-51.84521,1590.00000
0.16749,0.16486,0.17111,0.16848,0.16585,0.18065,0.18690,0.18295,0.18460,0.18756,0.00008,0.00173,0.00239,-0.00156,0.00008,-51.84521,1591.00000
0.16585,0.17374,0.16782,0.16552,0.16947,0.18657,0.18723,0.18460,0.18789,0.18493,0.00173,0.00074,-0.00057,-0.00189,0.00239,-52.39477,1592.00000
0.17045,0.16980,0.16289,0.16749,0.17177,0.18427,0.18394,0.18427,0.18756,0.18558,0.00140,-0.00353,0.00272,0.00074,-0.00025,-52.39477,1593.00000
0.17309,0.16618,0.16815,0.16980,0.16848,0.18230,0.18065,0.18723,0.18427,0.18756,0.00173,0.00272,0.00041,0.00272,0.00272,-52.27161,1594.00000
0.17539,0.16651,0.17243,0.16815,0.16717,0.18591,0.18723,0.18295,0.18822,0.18558,-0.00025,-0.00156,-0.00123,0.00206,-0.00090,-52.27161,1595.00000
0.16815,0.17407,0.16749,0.16947,0.17111,0.19052,0.18591,0.18262,0.18526,0.18920,-0.00123,0.00041,-0.00551,-0.00025,-0.00156,-52.61774,1596.00000
0.17111,0.17045,0.16782,0.17638,0.16684,0.18427,0.18591,0.18657,0.18887,0.18624,0.00008,-0.00090,-0.00123,-0.00123,-0.00222,-52.61774,1597.00000
0.17045,0.17276,0.17374,0.16585,0.17638,0.18953,0.18394,0.18920,0.18920,0.18427,0.00173,0.00140,0.00041,0.00140,0.00107,-53.05692,1598.00000
0.17111,0.17144,0.17111,0.17572,0.16585,0.18624,0.18394,0.18887,0.18953,0.18493,0.00140,-0.00090,0.00041,-0.00090,0.00436,-53.05692,1599.00000
0.17111,0.17539,0.16782,0.17045,0.17572,0.18493,0.18361,0.18328,0.19052,0.18690,0.00140,-0.00123,-0.00090,-0.00189,-0.00090,-53.09828,1600.00000
0.17210,0.16947,0.17078,0.17407,0.17210,0.18657,0.18295,0.18756,0.18558,0.18460,-0.00156,0.00239,-0.00090,-0.00321,0.00140,-53.09828,1601.00000
0.17045,0.17473,0.17276,0.16881,0.16914,0.18624,0.18526,0.18262,0.18723,0.18460,-0.00189,-0.00090,-0.00255,-0.00123,0.00074,-53.71955,1602.00000
0.17210,0.16881,0.17177,0.17013,0.17013,0.18526,0.18526,0.18526,0.18526,0.18460,-0.00025,-0.00057,-0.00288,0.00304,-0.00025,-53.71955,1603.00000
0.17736,0.17111,0.17342,0.16848,0.17045,0.18493,0.18624,0.18723,0.18460,0.18361,0.00041,0.00041,-0.00090,-0.00123,0.00074,-53.74698,1604.00000
0.17342,0.17605,0.17013,0.17144,0.17144,0.18657,0.18230,0.18493,0.18756,0.18493,0.00173,-0.00057,0.00206,-0.00057,0.00008,-53.74698,1605.00000
0.17506,0.17539,0.17539,0.17144,0.16947,0.18558,0.19216,0.19019,0.18690,0.18065,0.00107,-0.00518,-0.00057,0.00140,-0.00288,-53.51412,1606.00000
0.17177,0.17309,0.16980,0.17177,0.17045,0.17901,0.18723,0.18756,0.18230,0.18591,-0.00123,0.00107,-0.00189,-0.00255,-0.00123,-54.10325,1607.00000
0.17111,0.16980,0.17045,0.16980,0.17670,0.18493,0.18690,0.18230,0.18624,0.18493,0.00107,0.00074,-0.00156,0.00074,-0.00189,-54.10325,1608.00000
0.16618,0.16848,0.17111,0.16749,0.17342,0.18131,0.18986,0.18526,0.18131,0.18427,-0.00288,-0.00353,0.00206,0.00107,-0.00156,-53.41149,1609.00000
0.17736,0.17111,0.17670,0.17638,0.17572,0.18723,0.18493,0.18756,0.18427,0.18558,0.00074,-0.00156,-0.00025,-0.00222,0.00140,-53.41149,1610.00000
0.17605,0.17670,0.17769,0.17210,0.17868,0.18197,0.18624,0.18526,0.19216,0.18887,-0.00123,-0.00386,0.00074,0.00074,-0.00222,-53.17791,1611.00000
0.18197,0.17078,0.17111,0.17999,0.16355,0.18723,0.18098,0.18361,0.18723,0.19052,0.00041,-0.00255,-0.00288,-0.00222,0.00173,-53.17791,1612.00000
0.16980,0.18098,0.17276,0.17473,0.17473,0.18262,0.18953,0.18526,0.18723,0.18624,-0.00353,-0.00025,0.00239,-0.00123,-0.00255,-53.03183,1613.00000
0.17572,0.17309,0.17276,0.17966,0.16782,0.19150,0.18657,0.18460,0.18854,0.18657,0.00074,-0.00321,-0.00090,-0.00321,0.00173,-53.03183,1614.00000
0.17177,0.17605,0.17407,0.17966,0.16782,0.18657,0.18591,0.18526,0.19019,0.18657,0.00502,-0.00255,-0.00123,-0.00222,-0.00222,-52.48515,1615.00000
0.17868,0.17374,0.17407,0.17374,0.17407,0.18690,0.18526,0.18460,0.18427,0.18854,-0.00123,0.00008,-0.00222,0.00008,-0.00123,-52.48515,1616.00000
0.17769,0.17835,0.17440,0.17769,0.17440,0.18526,0.18624,0.18756,0.18427,0.19085,-0.00025,0.00272,-0.00123,0.00272,-0.00057,-51.85781,1617.00000
0.17638,0.17703,0.17374,0.17309,0.17769,0.18953,0.18394,0.18361,0.18427,0.18262,-0.00353,-0.00222,0.00239,-0.00617,0.00041,-51.85781,1618.00000
0.17670,0.17144,0.17638,0.17605,0.18164,0.18394,0.18690,0.18591,0.18361,0.18986,0.00272,-0.00123,-0.00090,0.00140,0.00173,-50.21846,1619.00000
0.16980,0.17999,0.17111,0.17638,0.17703,0.18262,0.18657,0.18361,0.18493,0.18591,0.00304,-0.00057,-0.00288,0.00107,0.00107,-50.21846,1620.00000
0.17703,0.17901,0.17374,0.17506,0.17835,0.18394,0.18328,0.18262,0.18657,0.18460,0.00008,0.00041,-0.00189,-0.00189,0.00304,-49.24497,1621.00000
0.17144,0.18098,0.17703,0.17144,0.17868,0.18493,0.18789,0.18657,0.18493,0.18657,-0.00189,-0.00090,0.00008,-0.00025,-0.00288,-49.24497,1622.00000
0.17078,0.17111,0.17868,0.17769,0.17144,0.18361,0.18098,0.18558,0.18822,0.18230,-0.00123,0.00041,-0.00025,-0.00222,0.00140,-46.55852,1623.00000
0.17605,0.17506,0.17539,0.17539,0.17769,0.18427,0.18394,0.18723,0.18460,0.18986,-0.00025,-0.00025,-0.00189,-0.00025,0.00074,-46.55852,1624.00000
0.18295,0.17440,0.17276,0.17736,0.17934,0.18723,0.18558,0.18657,0.18262,0.18460,0.00370,-0.00386,-0.00518,-0.00156,0.00403,-48.12545,1625.00000
0.17013,0.18295,0.17999,0.17769,0.17342,0.18230,0.18394,0.18427,0.18756,0.18493,0.00206,-0.00156,-0.00123,0.00239,0.00008,-48.12545,1626.00000
0.18295,0.17638,0.17835,0.17309,0.17605,0.18493,0.18526,0.18756,0.18493,0.18361,-0.00189,-0.00025,0.00173,-0.00156,-0.00288,-49.76829,1627.00000
0.18295,0.17966,0.18098,0.17868,0.17835,0.18197,0.18920,0.18427,0.18854,0.18789,-0.00452,-0.00123,0.00074,0.00304,-0.00123,-49.76829,1628.00000
0.18230,0.17670,0.17966,0.18361,0.17835,0.18460,0.18854,0.18361,0.18690,0.18690,0.00107,0.00041,-0.00090,-0.00321,-0.00025,-50.64831,1629.00000
0.17670,0.17802,0.17835,0.17999,0.17539,0.18690,0.18328,0.18065,0.18197,0.18953,-0.00255,-0.00288,-0.00288,0.00370,0.00074,-50.64831,1630.00000
0.17736,0.17144,0.18262,0.17769,0.17999,0.18591,0.18756,0.18690,0.18131,0.18427,0.00107,-0.00189,-0.00222,0.00239,-0.00057,-51.26654,1631.00000
0.17868,0.17638,0.17966,0.17638,0.18032,0.18986,0.18394,0.18822,0.18591,0.18065,0.00041,0.00140,0.00436,-0.00386,-0.00222,-51.26654,1632.00000
0.17572,0.17572,0.18164,0.17736,0.17835,0.18394,0.18164,0.18394,0.18361,0.18295,-0.00288,-0.00057,-0.00123,-0.00156,0.00041,-52.33493,1633.00000
0.17868,0.17934,0.17802,0.17736,0.17638,0.18591,0.18427,0.18295,0.18690,0.18460,-0.00189,-0.00090,-0.00156,-0.00255,-0.00189,-52.33493,1634.00000
0.17440,0.17934,0.17934,0.17966,0.17934,0.18262,0.18657,0.18624,0.18526,0.18460,-0.00189,-0.00025,-0.00156,-0.00222,-0.00090,-52.69823,1635.00000
0.18131,0.18098,0.18230,0.17769,0.17802,0.18756,0.18328,0.18460,0.19019,0.17802,0.00008,0.00107,-0.00222,-0.00419,-0.00057,-52.69823,1636.00000
0.18262,0.17835,0.18460,0.17835,0.18460,0.18854,0.18295,0.17934,0.18624,0.18295,-0.00321,-0.00189,-0.00090,-0.00353,-0.00025,-53.44872,1637.00000
0.18098,0.17999,0.17638,0.17802,0.17999,0.18591,0.18493,0.18394,0.18394,0.18197,0.00107,-0.00353,0.00140,-0.00090,0.00008,-53.44872,1638.00000
0.18098,0.18295,0.17572,0.17934,0.18328,0.18558,0.18295,0.18920,0.18328,0.18295,0.00074,0.00140,-0.00156,-0.00452,-0.00090,-53.58960,1639.00000
0.17868,0.18493,0.17802,0.17835,0.18230,0.18361,0.18427,0.18657,0.18526,0.18756,0.00107,-0.00025,0.00008,0.00041,-0.00090,-53.58960,1640.00000
0.17999,0.18361,0.18427,0.18295,0.17309,0.18526,0.18131,0.18526,0.18262,0.18164,-0.00288,-0.00485,-0.00189,0.00008,-0.00156,-53.74060,1641.00000
0.17802,0.17999,0.17901,0.17934,0.17605,0.18756,0.18262,0.18493,0.18657,0.18789,-0.00255,-0.00057,0.00173,-0.00090,0.00140,-53.74060,1642.00000
0.18361,0.17177,0.18591,0.18328,0.18262,0.18723,0.18690,0.18328,0.18624,0.18328,0.00008,-0.00156,0.00008,-0.00090,-0.00123,-52.36835,1643.00000
0.18065,0.18789,0.18164,0.18690,0.17539,0.18262,0.18262,0.18328,0.18558,0.18887,0.00074,-0.00288,-0.00288,0.00074,0.00074,-52.36835,1644.00000
0.18262,0.18262,0.18427,0.17934,0.18295,0.18624,0.18854,0.18558,0.18558,0.18493,-0.00123,-0.00156,0.00140,0.00074,0.00074,-52.04843,1645.00000
0.18394,0.18493,0.17605,0.18065,0.18920,0.18690,0.18328,0.18295,0.18723,0.18591,0.00304,-0.00156,-0.00255,-0.00189,-0.00288,-52.04843,1646.00000
0.18526,0.17769,0.18328,0.18328,0.18690,0.18690,0.18493,0.18295,0.18197,0.18690,0.00239,0.00206,-0.00123,0.00008,-0.00189,-51.78593,1647.00000
0.17374,0.18262,0.18723,0.17703,0.18789,0.18394,0.19150,0.18394,0.18328,0.18756,0.00436,0.00041,0.00173,-0.00123,0.00239,-51.78593,1648.00000
0.18690,0.18295,0.17670,0.18427,0.17901,0.18394,0.18558,0.18624,0.18887,0.19315,-0.00025,0.00239,0.00074,0.00074,-0.00090,-51.01992,1649.00000
0.17802,0.18854,0.18394,0.18230,0.18460,0.18526,0.18230,0.18756,0.18690,0.18624,-0.00057,-0.00057,-0.00090,0.00272,0.00008,-51.01992,1650.00000
0.18493,0.18591,0.17999,0.18690,0.18756,0.18558,0.18493,0.18230,0.18558,0.18065,-0.00025,0.00107,0.00041,-0.00288,-0.00025,-50.91767,1651.00000
0.18789,0.18394,0.18657,0.18756,0.17736,0.18361,0.18822,0.18526,0.18558,0.19052,-0.00057,0.00239,0.00239,-0.00156,-0.00419,-50.91767,1652.00000
0.18098,0.18723,0.18164,0.18460,0.18789,0.18427,0.19019,0.18690,0.18460,0.18591,0.00074,-0.00025,0.00107,0.00304,0.00140,-51.66489,1653.00000
0.18065,0.18262,0.18230,0.18526,0.18624,0.18822,0.18789,0.18427,0.18591,0.18690,0.00206,-0.00025,0.00074,-0.00189,-0.00518,-51.66489,1654.00000
0.18690,0.18262,0.18032,0.17901,0.18558,0.18427,0.18591,0.18953,0.18558,0.18427,-0.00386,0.00041,-0.00090,-0.00090,-0.00025,-52.13860,1655.00000
0.18789,0.18328,0.18493,0.18493,0.18493,0.18690,0.18920,0.19282,0.18624,0.18394,-0.00156,0.00041,0.00008,-0.00123,0.00206,-52.13860,1656.00000
0.18493,0.18230,0.18986,0.18197,0.18361,0.18591,0.19085,0.18328,0.18822,0.18493,-0.00156,0.00008,-0.00288,0.00173,-0.00057,-53.10787,1657.00000
0.18098,0.18822,0.18098,0.18493,0.18526,0.18723,0.18789,0.18065,0.18854,0.18460,-0.00419,-0.00222,0.00206,-0.00222,0.00206,-53.10787,1658.00000
0.18789,0.18822,0.18230,0.18723,0.18789,0.18558,0.18526,0.18822,0.18328,0.18164,-0.00222,0.00074,0.00140,0.00107,-0.00025,-52.91380,1659.00000
0.18624,0.18591,0.18920,0.18756,0.18164,0.18295,0.18690,0.18591,0.17868,0.19019,0.00173,-0.00288,0.00239,-0.00057,0.00272,-52.91380,1660.00000
0.18526,0.18986,0.18558,0.18558,0.18854,0.18789,0.18822,0.18394,0.18394,0.18723,0.00041,-0.00025,0.00008,-0.00025,0.00041,-54.29381,1661.00000
0.18558,0.18526,0.18526,0.18526,0.18789,0.18295,0.18197,0.18591,0.18789,0.18558,0.00041,-0.00156,-0.00090,0.00140,-0.00222,-54.29381,1662.00000
0.18098,0.18032,0.18657,0.17966,0.18361,0.18723,0.19085,0.18558,0.18493,0.18657,0.00173,-0.00123,-0.00222,-0.00353,-0.00222,-54.20745,1663.00000
0.18591,0.18789,0.18854,0.18131,0.18460,0.18098,0.19052,0.18361,0.18328,0.18657,-0.00156,-0.00222,-0.00452,0.00272,-0.00222,-54.20745,1664.00000
0.18624,0.18624,0.18558,0.18822,0.18361,0.18887,0.18394,0.18526,0.18591,0.18591,0.00107,-0.00189,-0.00617,-0.00057,0.00107,-54.97238,1665.00000
0.17835,0.18756,0.18789,0.18493,0.18427,0.18953,0.18591,0.18361,0.19052,0.18394,-0.00584,-0.00485,0.00140,0.00041,0.00041,-54.97238,1666.00000
0.18328,0.18624,0.18098,0.18065,0.18953,0.18657,0.18460,0.18756,0.18262,0.18723,-0.00255,-0.00452,-0.00057,0.00107,0.00304,-55.49156,1667.00000
0.18756,0.19052,0.18920,0.18526,0.18493,0.18887,0.18361,0.18230,0.18427,0.18493,-0.00057,0.00041,-0.00222,0.00008,0.00272,-55.49156,1668.00000
0.19249,0.18723,0.18657,0.18526,0.18953,0.18493,0.18460,0.18558,0.18624,0.18591,0.00140,-0.00321,-0.00321,0.00140,-0.00485,-54.50603,1669.00000
0.18624,0.19249,0.18591,0.18920,0.18230,0.18427,0.18394,0.18526,0.18361,0.18624,0.00041,-0.00090,0.00041,-0.00255,-0.00156,-54.50603,1670.00000
0.18328,0.18854,0.18756,0.18953,0.19348,0.18558,0.18262,0.18328,0.18756,0.19150,-0.00156,-0.00156,0.00239,-0.00353,-0.00189,-54.07919,1671.00000
0.18460,0.18986,0.19118,0.18690,0.19150,0.18723,0.18427,0.18295,0.18262,0.17901,0.00107,-0.00222,0.00304,0.00074,0.00272,-54.07919,1672.00000
0.18558,0.19118,0.17934,0.18854,0.18394,0.18624,0.18591,0.18164,0.18822,0.18591,-0.00025,-0.00025,0.00140,-0.00386,-0.00485,-52.84282,1673.00000
0.19019,0.18591,0.19414,0.18361,0.18756,0.18131,0.18723,0.18230,0.18295,0.18558,-0.00288,-0.00353,0.00008,0.00008,0.00206,-52.84282,1674.00000
0.18131,0.19315,0.18493,0.18822,0.18723,0.18427,0.18690,0.18624,0.18032,0.18624,-0.00255,-0.00090,0.00107,0.00337,-0.00025,-52.97903,1675.00000
0.18953,0.18657,0.18887,0.18986,0.18887,0.18427,0.18558,0.18854,0.18526,0.18657,-0.00025,0.00107,-0.00156,-0.00255,-0.00123,-52.97903,1676.00000
0.19118,0.19381,0.18690,0.18460,0.19019,0.18098,0.18723,0.18098,0.18295,0.18624,0.00107,-0.00288,-0.00090,-0.00156,0.00173,-52.11207,1677.00000
0.18953,0.19183,0.18986,0.19414,0.18591,0.18920,0.18526,0.18262,0.18526,0.18690,-0.00156,-0.00321,-0.00321,-0.00025,0.00074,-52.11207,1678.00000
0.19183,0.19545,0.18920,0.19512,0.18789,0.18624,0.18591,0.18460,0.18526,0.18328,0.00008,0.00008,0.00008,-0.00090,0.00107,-52.07166,1679.00000
0.18920,0.18953,0.19019,0.18493,0.19611,0.19019,0.18460,0.19052,0.18394,0.18098,0.00107,0.00206,-0.00189,-0.00222,-0.00419,-52.07166,1680.00000
0.19282,0.18723,0.19150,0.19150,0.19249,0.18789,0.18854,0.18427,0.18460,0.18164,0.00008,-0.00419,0.00107,-0.00090,-0.00156,-52.51044,1681.00000
0.19479,0.19249,0.18756,0.19183,0.18953,0.18591,0.18756,0.18197,0.18427,0.18460,0.00041,-0.00222,-0.00419,-0.00222,0.00074,-52.51044,1682.00000
0.18624,0.19578,0.18657,0.18789,0.19019,0.18262,0.18032,0.18394,0.18295,0.18756,0.00140,-0.00057,-0.00255,-0.00123,0.00107,-51.77280,1683.00000
0.19085,0.19315,0.19381,0.18953,0.18361,0.18690,0.18624,0.18789,0.18427,0.18723,0.00107,-0.00025,-0.00353,-0.00189,0.00469,-51.77280,1684.00000
0.18690,0.19183,0.19052,0.19183,0.19249,0.18789,0.18164,0.18624,0.18822,0.18723,0.00239,-0.00057,0.00107,-0.00189,0.00272,-52.92497,1685.00000
0.19249,0.18723,0.19150,0.19085,0.18394,0.18657,0.18822,0.18657,0.18723,0.18822,0.00074,0.00337,-0.00057,0.00008,-0.00518,-52.92497,1686.00000
0.18986,0.19150,0.19479,0.18723,0.19414,0.18493,0.18394,0.18460,0.18526,0.18526,-0.00255,0.00272,0.00304,-0.00485,-0.00255,-53.17880,1687.00000
0.19282,0.19183,0.18854,0.18920,0.18920,0.18394,0.18558,0.18394,0.18493,0.18756,-0.00057,0.00008,0.00074,0.00206,-0.00057,-53.17880,1688.00000
0.18953,0.18854,0.19446,0.18887,0.19052,0.18262,0.18164,0.18624,0.18624,0.18822,-0.00288,-0.00057,-0.00156,0.00107,0.00008,-54.30180,1689.00000
0.19019,0.19282,0.19085,0.19019,0.18394,0.18230,0.18591,0.18657,0.18328,0.18657,-0.00090,0.00206,-0.00025,0.00074,0.00008,-54.30180,1690.00000
0.18887,0.19479,0.19052,0.19512,0.18723,0.18493,0.18723,0.18262,0.18328,0.18460,-0.00025,-0.00025,-0.00090,0.00173,0.00008,-53.84768,1691.00000
0.19118,0.19118,0.19085,0.19216,0.18690,0.18427,0.18460,0.18230,0.18953,0.18328,-0.00123,-0.00156,0.00041,-0.00057,0.00008,-53.84768,1692.00000
0.19512,0.19414,0.19118,0.19677,0.19282,0.18361,0.18032,0.18624,0.18558,0.18854,-0.00386,-0.00321,0.00041,0.00041,-0.00452,-53.88917,1693.00000
0.19183,0.19150,0.19710,0.18920,0.19775,0.18657,0.18591,0.18624,0.18361,0.18328,0.00206,0.00173,-0.00189,0.00272,0.00008,-53.88917,1694.00000
0.18591,0.19611,0.18854,0.19644,0.19216,0.18493,0.18361,0.18493,0.18789,0.18493,0.00173,-0.00189,0.00041,-0.00222,-0.00123,-53.42164,1695.00000
0.19216,0.19085,0.18822,0.19446,0.19578,0.18822,0.18887,0.18789,0.18493,0.18657,0.00008,0.00041,-0.00057,0.00206,0.00337,-53.42164,1696.00000
0.18854,0.19545,0.19183,0.19742,0.19019,0.18591,0.18822,0.18822,0.18887,0.18558,-0.00321,0.00239,-0.00090,0.00173,0.00008,-52.99011,1697.00000
0.19381,0.18591,0.19940,0.19381,0.19183,0.18262,0.18920,0.18723,0.18854,0.18591,-0.00386,-0.00189,0.00337,0.00403,-0.00156,-52.99011,1698.00000
0.19446,0.19479,0.18361,0.19446,0.18789,0.18887,0.18723,0.18756,0.18591,0.18789,0.00074,-0.00057,-0.00189,0.00239,-0.00321,-53.08197,1699.00000
0.19019,0.18986,0.19907,0.19019,0.19019,0.18920,0.18230,0.18262,0.18295,0.18230,0.00008,0.00041,-0.00189,0.00107,-0.00025,-53.08197,1700.00000
0.20137,0.18854,0.19775,0.19381,0.18822,0.18690,0.18526,0.18328,0.18657,0.18591,0.00469,0.00107,0.00008,0.00074,-0.00090,-52.76413,1701.00000
0.19446,0.18920,0.19446,0.18854,0.19183,0.18558,0.18789,0.18690,0.18657,0.18591,-0.00255,-0.00156,-0.00156,0.00074,-0.00189,-52.76413,1702.00000
0.19282,0.19118,0.18986,0.19348,0.18920,0.18822,0.18328,0.18460,0.18197,0.18624,0.00206,0.00041,0.00074,-0.00025,-0.00025,-52.13890,1703.00000
0.18822,0.20006,0.18887,0.19052,0.19183,0.18822,0.18493,0.18394,0.18394,0.18887,0.00140,-0.00123,-0.00057,0.00008,0.00041,-52.13890,1704.00000
0.18986,0.19414,0.19414,0.19512,0.19085,0.18624,0.19052,0.18328,0.18394,0.18591,0.00008,-0.00452,-0.00255,0.00140,-0.00189,-52.11926,1705.00000
0.19512,0.19150,0.19282,0.19150,0.19118,0.18558,0.19019,0.18427,0.18526,0.18493,0.00041,0.00272,0.00074,-0.00090,-0.00255,-52.11926,1706.00000
0.19874,0.18361,0.19907,0.19348,0.19348,0.18295,0.18328,0.18558,0.18526,0.18427,-0.00156,0.00206,-0.00090,-0.00025,0.00008,-52.35846,1707.00000
0.19019,0.19315,0.18756,0.19874,0.19315,0.18164,0.18394,0.18690,0.18657,0.18789,-0.00057,0.00074,-0.00288,0.00239,-0.00156,-52.35846,1708.00000
0.19348,0.18789,0.19150,0.19019,0.19611,0.18526,0.18230,0.18361,0.18723,0.18493,0.00041,-0.00288,0.00008,0.00074,0.00272,-52.42923,1709.00000
0.19578,0.18920,0.19545,0.19775,0.19118,0.18197,0.18230,0.18427,0.18131,0.18493,-0.00321,0.00140,-0.00025,-0.00123,0.00370,-52.42923,1710.00000
0.19545,0.19578,0.19381,0.19611,0.18953,0.18624,0.18854,0.18328,0.18493,0.18262,0.00074,-0.00386,-0.00189,0.00074,-0.00025,-52.68190,1711.00000
0.18953,0.19348,0.19742,0.19644,0.19381,0.18657,0.18558,0.18197,0.18460,0.18822,-0.00025,-0.00057,0.00107,0.00041,-0.00090,-52.68190,1712.00000
0.19183,0.20236,0.19150,0.19973,0.19414,0.18262,0.18262,0.18756,0.19150,0.18657,0.00239,-0.00090,0.00140,-0.00222,-0.00057,-53.33558,1713.00000
0.19183,0.19315,0.18624,0.19841,0.19644,0.18262,0.18690,0.18526,0.18460,0.18493,0.00436,0.00239,-0.00617,-0.00255,0.00041,-53.33558,1714.00000
0.19446,0.19348,0.19578,0.19545,0.19446,0.18657,0.18361,0.18789,0.18887,0.18591,0.00107,-0.00090,0.00239,-0.00057,-0.00123,-54.42902,1715.00000
0.19315,0.19118,0.19216,0.19085,0.19742,0.18427,0.18690,0.18427,0.18262,0.18427,-0.00485,-0.00222,0.00206,-0.00057,-0.00321,-54.42902,1716.00000
0.19940,0.19085,0.19841,0.19381,0.19973,0.18756,0.17638,0.18262,0.18723,0.18558,-0.00255,-0.00123,-0.00025,0.00008,-0.00189,-54.32633,1717.00000
0.19578,0.19446,0.18854,0.20038,0.18887,0.18822,0.18558,0.18624,0.18756,0.18460,-0.00090,0.00008,-0.00090,-0.00025,-0.00057,-54.32633,1718.00000
0.18854,0.19348,0.19710,0.19249,0.19808,0.18591,0.18361,0.18394,0.19085,0.18558,-0.00353,-0.00156,-0.00156,-0.00255,-0.00288,-54.48250,1719.00000
0.19414,0.19775,0.19150,0.19611,0.18887,0.18493,0.18295,0.18493,0.18361,0.18558,-0.00189,-0.00321,0.00041,-0.00222,-0.00090,-54.48250,1720.00000
0.19578,0.18789,0.19578,0.19973,0.18953,0.18197,0.18197,0.18822,0.18854,0.18493,-0.00255,-0.00156,0.00074,0.00008,0.00239,-54.06010,1721.00000
0.20104,0.19446,0.19249,0.19874,0.18986,0.18361,0.18723,0.18723,0.18789,0.18526,0.00304,0.00140,0.00008,-0.00123,-0.00255,-54.06010,1722.00000
0.19578,0.19874,0.19348,0.18690,0.20006,0.18723,0.18920,0.18789,0.18526,0.18591,0.00140,-0.00156,0.00239,-0.00090,0.00206,-53.51442,1723.00000
0.19249,0.19907,0.19446,0.18887,0.19216,0.17999,0.18460,0.18723,0.18493,0.18953,-0.00090,-0.00025,-0.00057,-0.00255,0.00041,-53.51442,1724.00000
0.19578,0.19381,0.19611,0.19216,0.19578,0.18427,0.18295,0.18756,0.18394,0.18197,-0.00255,-0.00189,-0.00156,-0.00288,-0.00123,-53.59803,1725.00000
0.19611,0.19512,0.20137,0.19348,0.19710,0.19052,0.18920,0.18723,0.18657,0.18822,0.00272,-0.00222,0.00041,0.00206,0.00041,-53.59803,1726.00000
0.19775,0.20071,0.19381,0.19644,0.20104,0.18953,0.18526,0.19019,0.18460,0.18361,-0.00189,-0.00123,-0.00353,-0.00288,0.00041,-52.38251,1727.00000
0.19052,0.19808,0.19907,0.19742,0.19611,0.18493,0.18789,0.18953,0.18526,0.18624,0.00304,0.00206,0.00041,0.00206,-0.00189,-52.38251,1728.00000
0.19775,0.19775,0.19808,0.19874,0.19742,0.18920,0.18526,0.18295,0.18526,0.18887,-0.00156,-0.00222,-0.00353,-0.00288,-0.00255,-52.27036,1729.00000
0.19512,0.20071,0.19644,0.19085,0.19677,0.18394,0.18526,0.18131,0.18887,0.18756,-0.00222,-0.00025,0.00206,0.00041,0.00107,-52.27036,1730.00000
0.20302,0.19249,0.19479,0.19874,0.19973,0.18328,0.18591,0.18460,0.18558,0.18460,-0.00189,-0.00025,-0.00353,0.00008,0.00206,-52.01653,1731.00000
0.19315,0.20038,0.20038,0.19644,0.19216,0.18591,0.18262,0.18328,0.18854,0.18558,0.00206,0.00008,-0.00321,-0.00353,-0.00090,-52.01653,1732.00000
0.19446,0.19775,0.20006,0.19216,0.19775,0.19019,0.18262,0.18591,0.18098,0.18887,0.00140,-0.00025,-0.00025,0.00140,-0.00485,-52.01901,1733.00000
0.19677,0.19183,0.19973,0.19841,0.19512,0.18526,0.18460,0.18361,0.18460,0.18887,-0.00057,0.00436,-0.00255,0.00107,0.00272,-52.01901,1734.00000
0.19808,0.19742,0.19578,0.19512,0.19315,0.18361,0.18822,0.18591,0.18131,0.18493,0.00041,-0.00025,0.00008,0.00074,0.00239,-52.36692,1735.00000
0.19775,0.19775,0.19644,0.19611,0.19874,0.18427,0.18427,0.18427,0.18394,0.18624,-0.00057,-0.00156,-0.00156,0.00337,0.00041,-52.36692,1736.00000
0.19841,0.19841,0.19742,0.19775,0.19019,0.18427,0.18953,0.18822,0.18624,0.18295,-0.00156,0.00140,-0.00025,-0.00156,-0.00485,-52.55797,1737.00000
0.19611,0.19644,0.19085,0.19611,0.19381,0.17999,0.18756,0.18328,0.18789,0.18526,0.00008,-0.00288,0.00173,-0.00057,0.00370,-52.55797,1738.00000
0.19808,0.19578,0.19348,0.20038,0.19315,0.18887,0.18493,0.18394,0.18657,0.18690,-0.00156,0.00041,-0.00156,0.00074,0.00041,-52.24578,1739.00000
0.19973,0.19611,0.19775,0.19183,0.20006,0.18657,0.18098,0.18756,0.18197,0.18361,0.00337,-0.00255,-0.00057,-0.00123,-0.00123,-52.24578,1740.00000
0.19841,0.19019,0.19512,0.19775,0.19611,0.19052,0.18558,0.18657,0.18262,0.18065,0.00140,-0.00025,0.00008,0.00074,-0.00025,-53.22494,1741.00000
0.19479,0.19578,0.19677,0.19907,0.19315,0.18164,0.18493,0.18460,0.18854,0.18558,0.00173,0.00074,-0.00189,-0.00025,-0.00090,-53.22494,1742.00000
0.19315,0.19973,0.19019,0.19940,0.19775,0.18262,0.18394,0.18690,0.18723,0.18657,0.00107,0.00008,0.00107,-0.00123,0.00008,-53.95378,1743.00000
0.19644,0.19118,0.19644,0.19183,0.19578,0.18690,0.18394,0.18262,0.18361,0.18361,-0.00123,0.00041,-0.00057,0.00107,-0.00255,-53.95378,1744.00000
0.19183,0.19644,0.19973,0.20137,0.19183,0.18690,0.18427,0.18526,0.18591,0.18558,0.00173,-0.00222,0.00272,-0.00485,0.00041,-53.76888,1745.00000
0.20203,0.19414,0.19907,0.19677,0.19644,0.18953,0.18394,0.18657,0.18920,0.18690,0.00337,0.00074,0.00008,0.00074,-0.00057,-53.76888,1746.00000
0.19710,0.19677,0.19644,0.19545,0.19446,0.18657,0.18197,0.18591,0.18361,0.19019,-0.00090,-0.00189,0.00239,-0.00025,-0.00189,-53.90593,1747.00000
0.19315,0.19249,0.20466,0.19874,0.20302,0.18558,0.18427,0.18394,0.18427,0.18624,-0.00123,0.00074,0.00272,-0.00189,-0.00156,-53.90593,1748.00000
0.20400,0.18953,0.19907,0.20170,0.19348,0.18361,0.17999,0.18098,0.18328,0.18690,-0.00090,-0.00156,0.00140,0.00272,-0.00057,-53.82064,1749.00000
0.19381,0.19611,0.20071,0.19841,0.19710,0.18131,0.18657,0.18657,0.18822,0.18493,-0.00090,-0.00353,0.00107,-0.00156,-0.00090,-53.82064,1750.00000
0.20006,0.19446,0.19315,0.19644,0.19414,0.18295,0.18098,0.18328,0.18854,0.18295,-0.00255,0.00206,-0.00321,0.00008,0.00107,-53.71208,1751.00000
0.20038,0.19414,0.20038,0.19578,0.19446,0.17934,0.18493,0.18526,0.18493,0.18164,0.00008,-0.00090,0.00173,-0.00353,0.00008,-53.71208,1752.00000
0.19710,0.19677,0.20203,0.19545,0.20203,0.18262,0.18756,0.18591,0.18690,0.18591,-0.00452,-0.00057,0.00008,-0.00057,-0.00353,-53.27205,1753.00000
0.19545,0.19611,0.19677,0.19677,0.19808,0.18032,0.18164,0.18854,0.18493,0.18230,-0.00189,0.00041,-0.00057,-0.00386,-0.00090,-53.27205,1754.00000
0.19742,0.19545,0.19578,0.19742,0.20269,0.18493,0.18657,0.18854,0.18558,0.18098,0.00041,-0.00255,0.00206,-0.00189,0.00107,-51.78251,1755.00000
0.19677,0.19874,0.19841,0.19611,0.19973,0.18887,0.18591,0.18624,0.18591,0.18032,0.00173,-0.00321,-0.00025,0.00074,0.00239,-51.78251,1756.00000
0.19940,0.19775,0.19512,0.20104,0.19940,0.18493,0.18427,0.18953,0.18460,0.18361,0.00206,-0.00057,0.00304,-0.00353,-0.00123,-52.29995,1757.00000
0.19808,0.19841,0.19841,0.19381,0.19940,0.18526,0.18526,0.18690,0.19052,0.18558,0.00140,-0.00419,-0.00123,0.00140,-0.00222,-52.29995,1758.00000
0.19841,0.19874,0.19479,0.19808,0.19578,0.18526,0.18558,0.18197,0.18460,0.18361,0.00337,0.00173,0.00041,0.00272,-0.00025,-53.55964,1759.00000
0.20137,0.19973,0.19611,0.20203,0.19479,0.18591,0.18558,0.18723,0.18526,0.18624,-0.00123,-0.00156,-0.00551,0.00074,-0.00222,-53.55964,1760.00000
0.19677,0.20006,0.19973,0.19940,0.19907,0.18920,0.18394,0.18624,0.18723,0.18953,0.00140,-0.00025,0.00008,-0.00090,0.00173,-52.01908,1761.00000
0.20367,0.19512,0.20335,0.19381,0.20236,0.18756,0.18526,0.18262,0.18591,0.18789,-0.00321,-0.00025,-0.00025,-0.00156,-0.00090,-52.01908,1762.00000
0.19940,0.19907,0.19710,0.19808,0.19183,0.18230,0.18065,0.18230,0.18756,0.18427,0.00272,0.00107,-0.00189,0.00370,-0.00057,-51.80055,1763.00000
0.19578,0.20335,0.19940,0.20137,0.19644,0.18230,0.18361,0.18427,0.18460,0.18690,0.00041,-0.00156,-0.00288,0.00074,0.00206,-51.80055,1764.00000
0.20400,0.20006,0.20565,0.19150,0.20400,0.18427,0.18887,0.18295,0.18723,0.18262,-0.00321,-0.00057,-0.00288,0.00107,-0.00156,-51.81336,1765.00000
0.20532,0.19545,0.20236,0.20071,0.20203,0.18558,0.18558,0.18690,0.18361,0.18526,-0.00123,-0.00025,0.00041,0.00140,-0.00025,-51.81336,1766.00000
0.20006,0.19808,0.19841,0.20071,0.19710,0.18460,0.18657,0.18822,0.18657,0.18558,-0.00485,-0.00353,-0.00123,0.00206,-0.00156,-51.88324,1767.00000
0.19512,0.19578,0.19775,0.19874,0.19775,0.18986,0.18657,0.18591,0.18624,0.18295,-0.00222,-0.00057,-0.00156,0.00008,-0.00321,-51.88324,1768.00000
0.20499,0.19348,0.20400,0.19775,0.20499,0.18032,0.18953,0.18427,0.18558,0.18394,-0.00189,0.00337,0.00304,-0.00057,0.00041,-53.10227,1769.00000
0.19644,0.20367,0.20335,0.20367,0.18822,0.18328,0.18920,0.18756,0.18262,0.18756,-0.00222,0.00008,0.00337,0.00173,0.00337,-53.10227,1770.00000
0.19808,0.19973,0.20433,0.19710,0.20269,0.18361,0.18328,0.18262,0.18624,0.18262,0.00107,0.00074,-0.00255,-0.00090,0.00239,-54.03404,1771.00000
0.19973,0.19742,0.19841,0.20302,0.20104,0.18493,0.18624,0.18657,0.18756,0.18197,-0.00057,-0.00222,0.00140,0.00140,-0.00353,-54.03404,1772.00000
0.20203,0.20269,0.19973,0.20038,0.20170,0.18756,0.18558,0.18230,0.18427,0.18164,0.00008,-0.00189,0.00140,-0.00189,0.00107,-54.22161,1773.00000
0.20565,0.19907,0.19710,0.20433,0.20696,0.18262,0.18953,0.18328,0.18756,0.18460,-0.00288,0.00140,-0.00255,0.00140,-0.00123,-54.22161,1774.00000
0.20170,0.20466,0.20104,0.19775,0.19315,0.18723,0.18558,0.18854,0.18854,0.18690,0.00239,0.00337,-0.00386,-0.00288,0.00074,-53.91012,1775.00000
0.19742,0.20203,0.20170,0.20203,0.19940,0.18230,0.18624,0.18624,0.18197,0.18493,-0.00353,-0.00057,-0.00156,-0.00288,-0.00025,-53.91012,1776.00000
0.20038,0.19315,0.19775,0.20335,0.19216,0.18131,0.18756,0.18427,0.18427,0.18197,0.00008,-0.00156,0.00206,-0.00025,-0.00123,-54.30369,1777.00000
0.19315,0.20203,0.19808,0.19973,0.19940,0.18624,0.18197,0.17670,0.18427,0.19019,-0.00189,-0.00189,0.00008,-0.00090,0.00173,-54.30369,1778.00000
0.20170,0.19907,0.20038,0.19775,0.19710,0.18953,0.18822,0.18230,0.18657,0.18558,0.00337,0.00041,0.00008,-0.00288,0.00173,-54.56151,1779.00000
0.19808,0.20137,0.20203,0.20071,0.19808,0.18591,0.18591,0.18164,0.18526,0.18230,0.00074,-0.00156,-0.00419,0.00272,-0.00156,-54.56151,1780.00000
0.20137,0.19578,0.19742,0.19841,0.19775,0.18295,0.18361,0.18591,0.18197,0.18032,-0.00584,-0.00057,-0.00222,0.00140,0.00206,-53.70166,1781.00000
0.20170,0.20137,0.19940,0.19249,0.20236,0.18230,0.18230,0.18657,0.18953,0.18460,-0.00321,0.00140,0.00272,-0.00222,-0.00090,-53.70166,1782.00000
0.19841,0.20433,0.19249,0.20302,0.19742,0.18230,0.18887,0.18854,0.19052,0.18558,0.00107,0.00041,0.00041,0.00008,-0.00222,-53.93823,1783.00000
0.20367,0.20203,0.20038,0.20137,0.19545,0.18328,0.18723,0.18394,0.18230,0.18427,0.00337,0.00502,-0.00321,-0.00353,0.00140,-53.93823,1784.00000
0.19479,0.20466,0.19973,0.20400,0.20433,0.18361,0.18361,0.18657,0.18328,0.18591,-0.00156,-0.00353,0.00173,-0.00189,0.00304,-52.82117,1785.00000
0.19677,0.19479,0.19940,0.20466,0.20565,0.18624,0.18295,0.18394,0.18657,0.18460,0.00304,0.00140,0.00272,-0.00123,0.00041,-52.82117,1786.00000
0.20236,0.19479,0.20269,0.19216,0.20532,0.18361,0.18230,0.18657,0.18394,0.18427,0.00272,-0.00222,-0.00222,-0.00189,-0.00057,-52.99261,1787.00000
0.20302,0.19446,0.19874,0.20170,0.20302,0.18526,0.18394,0.18953,0.18493,0.17901,-0.00090,-0.00255,-0.00057,0.00140,-0.00255,-52.99261,1788.00000
0.20236,0.20499,0.20006,0.20170,0.20466,0.18723,0.18493,0.18230,0.18361,0.18723,-0.00057,-0.00386,-0.00156,0.00337,0.00041,-52.88303,1789.00000
0.19446,0.20631,0.20532,0.19644,0.20927,0.18361,0.18526,0.18394,0.18394,0.18723,0.00173,0.00041,-0.00025,0.00107,-0.00025,-52.88303,1790.00000
0.19907,0.19973,0.20433,0.19808,0.19808,0.18526,0.18328,0.18460,0.18558,0.18394,-0.00025,0.00107,-0.00090,-0.00321,0.00041,-51.60753,1791.00000
0.20038,0.19644,0.19249,0.19841,0.19216,0.18526,0.18394,0.18690,0.18723,0.17966,-0.00189,-0.00189,0.00206,-0.00025,0.00239,-51.60753,1792.00000
0.20006,0.20006,0.19841,0.19742,0.19940,0.18164,0.18493,0.18361,0.18493,0.18032,-0.00222,-0.00123,0.00370,0.00140,0.00140,-52.10015,1793.00000
0.20170,0.20038,0.20203,0.20499,0.19775,0.19118,0.18789,0.18690,0.18328,0.18394,-0.00090,0.00173,-0.00551,0.00107,0.00008,-52.10015,1794.00000
0.19940,0.20335,0.19479,0.20367,0.19446,0.18197,0.18295,0.18065,0.18295,0.18230,-0.00090,-0.00057,-0.00156,-0.00551,-0.00222,-52.42947,1795.00000
0.19512,0.19742,0.20038,0.19775,0.19479,0.18558,0.18657,0.18591,0.18460,0.18131,0.00140,0.00041,-0.00189,-0.00189,-0.00255,-52.42947,1796.00000
0.19512,0.19775,0.19973,0.20071,0.19677,0.18526,0.18131,0.18526,0.18394,0.18558,-0.00321,-0.00123,-0.00123,0.00041,-0.00189,-51.83974,1797.00000
0.19611,0.20532,0.20203,0.20203,0.19907,0.18723,0.18262,0.18098,0.18361,0.18427,0.00008,0.00140,0.00107,-0.00123,-0.00025,-51.83974,1798.00000
0.20959,0.19578,0.20170,0.20006,0.19907,0.18230,0.18822,0.18427,0.18591,0.18854,0.00140,-0.00485,0.00074,0.00041,0.00304,-52.60688,1799.00000
0.19348,0.20696,0.19940,0.19940,0.19841,0.18295,0.18361,0.18164,0.18756,0.18394,0.00370,0.00008,-0.00189,0.00074,-0.00025,-52.60688,1800.00000
0.20729,0.20006,0.19973,0.19545,0.20269,0.18262,0.18427,0.18493,0.18526,0.18131,-0.00255,0.00140,0.00107,-0.00025,0.00370,-52.68283,1801.00000
0.20729,0.20104,0.20038,0.20006,0.20631,0.18624,0.18953,0.18131,0.18493,0.18361,0.00008,-0.00255,-0.00189,0.00140,-0.00288,-52.68283,1802.00000
0.20335,0.20433,0.19282,0.20071,0.20137,0.18427,0.18657,0.18032,0.18723,0.18591,-0.00090,0.00041,-0.00123,-0.00353,0.00304,-52.83067,1803.00000
0.20006,0.20170,0.20367,0.19381,0.20269,0.18098,0.18065,0.18460,0.18295,0.18756,0.00041,-0.00485,-0.00222,-0.00189,-0.00156,-52.83067,1804.00000
0.20828,0.19052,0.20433,0.20335,0.19644,0.18558,0.18854,0.18427,0.18756,0.18624,0.00074,0.00107,0.00074,-0.00156,0.00041,-53.13897,1805.00000
0.19973,0.19677,0.20104,0.20433,0.19775,0.18197,0.18065,0.18591,0.18591,0.18558,-0.00321,0.00436,-0.00255,0.00206,-0.00255,-53.13897,1806.00000
0.20269,0.20335,0.20236,0.20006,0.20269,0.18328,0.18690,0.18690,0.18328,0.18657,-0.00419,-0.00123,0.00173,0.00041,0.00041,-54.08169,1807.00000
0.20137,0.19414,0.20335,0.20038,0.20335,0.18460,0.18690,0.18493,0.19052,0.18526,-0.00025,0.00008,-0.00189,-0.00255,0.00140,-54.08169,1808.00000
0.20104,0.20236,0.20137,0.20400,0.20466,0.18262,0.18591,0.18887,0.18197,0.18131,-0.00025,-0.00025,0.00107,0.00041,-0.00123,-54.30891,1809.00000
0.19841,0.20203,0.20466,0.20400,0.20006,0.18460,0.18558,0.18328,0.18526,0.18953,-0.00288,0.00304,0.00107,0.00107,0.00041,-54.30891,1810.00000
0.19742,0.19874,0.20038,0.19742,0.20170,0.18361,0.18394,0.18591,0.18756,0.18657,0.00074,0.00074,0.00206,-0.00057,-0.00057,-53.52897,1811.00000
0.20532,0.20104,0.20532,0.20006,0.19742,0.18526,0.18065,0.18262,0.18230,0.18460,0.00041,0.00140,-0.00156,0.00272,-0.00485,-53.52897,1812.00000
0.19874,0.20466,0.20137,0.20466,0.19742,0.18262,0.18361,0.18361,0.18197,0.18328,-0.00057,-0.00090,0.00173,0.00041,-0.00518,-53.40511,1813.00000
0.20696,0.19907,0.19808,0.20532,0.20367,0.18920,0.18493,0.18427,0.18065,0.18427,-0.00025,-0.00189,-0.00025,0.00140,-0.00090,-53.40511,1814.00000
0.20203,0.19940,0.20203,0.20137,0.20170,0.18789,0.18460,0.19085,0.18690,0.18591,-0.00156,-0.00090,-0.00321,0.00502,0.00140,-53.11857,1815.00000
0.20137,0.20104,0.20367,0.20137,0.20499,0.18197,0.18394,0.18328,0.17868,0.18493,0.00304,-0.00353,0.00107,-0.00222,-0.00025,-53.11857,1816.00000
0.20006,0.19841,0.20104,0.20137,0.19874,0.18526,0.18262,0.18131,0.18262,0.18624,0.00600,-0.00222,0.00469,0.00008,-0.00189,-53.26583,1817.00000
0.19973,0.20071,0.19874,0.19940,0.20203,0.18197,0.17868,0.18526,0.18690,0.18164,0.00008,-0.00090,-0.00123,0.00074,-0.00057,-53.26583,1818.00000
0.20762,0.19907,0.19808,0.20335,0.19644,0.18164,0.18262,0.18065,0.18394,0.18328,-0.00321,0.00140,-0.00156,0.00107,-0.00189,-52.47032,1819.00000
0.20104,0.20006,0.20696,0.19775,0.20565,0.18295,0.18460,0.18624,0.18361,0.18756,0.00008,0.00107,-0.00123,0.00074,-0.00386,-52.47032,1820.00000
0.20400,0.20335,0.20071,0.19874,0.20236,0.18526,0.18394,0.18591,0.18624,0.18394,0.00304,-0.00025,0.00337,-0.00222,0.00304,-52.53154,1821.00000
0.20203,0.19775,0.20071,0.20565,0.19644,0.18460,0.18394,0.18262,0.18032,0.18230,0.00041,0.00008,0.00206,-0.00025,-0.00222,-52.53154,1822.00000
0.20565,0.19973,0.20137,0.20006,0.20006,0.18197,0.18262,0.18558,0.18394,0.18591,-0.00452,0.00041,0.00107,-0.00156,-0.00025,-51.69546,1823.00000
0.19775,0.20499,0.20170,0.20104,0.20071,0.18920,0.18065,0.18887,0.18723,0.18427,-0.00025,-0.00255,-0.00123,0.00008,0.00272,-51.69546,1824.00000
0.19808,0.20367,0.20137,0.20598,0.19611,0.18657,0.18591,0.18295,0.18295,0.18295,-0.00057,-0.00090,-0.00321,0.00272,-0.00485,-51.17488,1825.00000
0.19841,0.20367,0.20959,0.20104,0.19479,0.18230,0.18262,0.18361,0.18657,0.18624,0.00239,-0.00189,0.00041,0.00107,-0.00288,-51.17488,1826.00000
0.19973,0.19775,0.20269,0.20104,0.20269,0.18394,0.18427,0.18427,0.18098,0.18131,-0.00123,-0.00288,0.00272,-0.00518,-0.00025,-51.94242,1827.00000
0.20006,0.19808,0.19644,0.19545,0.20367,0.18197,0.18197,0.18394,0.18230,0.18427,0.00502,0.00041,-0.00156,0.00074,-0.00123,-51.94242,1828.00000
0.20170,0.20038,0.20565,0.20631,0.19841,0.18591,0.18361,0.18460,0.18164,0.17769,-0.00189,0.00074,0.00239,-0.00057,-0.00057,-51.81838,1829.00000
0.19841,0.20137,0.19940,0.20269,0.19742,0.18558,0.17966,0.18230,0.18558,0.18690,-0.00386,-0.00057,-0.00189,-0.00255,-0.00156,-51.81838,1830.00000
0.20104,0.19479,0.20006,0.20335,0.20894,0.18098,0.18624,0.18427,0.18558,0.18789,0.00107,0.00239,0.00173,0.00173,-0.00189,-52.46192,1831.00000
0.20104,0.20170,0.20400,0.20104,0.19742,0.18230,0.18526,0.17934,0.18262,0.18098,-0.00255,0.00239,0.00272,-0.00123,-0.00025,-52.46192,1832.00000
0.20104,0.20335,0.19710,0.20269,0.19742,0.18262,0.18558,0.18361,0.18230,0.18624,0.00041,-0.00222,0.00206,-0.00255,-0.00123,-53.77735,1833.00000
0.20038,0.20532,0.20400,0.19512,0.19611,0.18624,0.18854,0.18624,0.17835,0.18953,0.00568,0.00173,-0.00057,-0.00386,0.00074,-53.77735,1834.00000
0.19644,0.20335,0.19973,0.20433,0.20367,0.18262,0.18822,0.18624,0.18690,0.18624,0.00469,0.00008,0.00239,-0.00189,-0.00485,-53.39502,1835.00000
0.20696,0.20663,0.20071,0.20203,0.20433,0.18098,0.17670,0.18558,0.18756,0.18328,0.00140,-0.00090,0.00074,0.00304,-0.00057,-53.39502,1836.00000
0.20137,0.19611,0.20203,0.20335,0.20104,0.17999,0.18394,0.18558,0.18328,0.18427,0.00337,-0.00222,-0.00288,0.00107,0.00370,-53.23560,1837.00000
0.20598,0.19907,0.19940,0.20499,0.19808,0.18262,0.18427,0.18558,0.18427,0.18427,-0.00452,-0.00057,-0.00156,-0.00057,0.00436,-53.23560,1838.00000
0.20532,0.20269,0.20137,0.19907,0.20696,0.18591,0.18065,0.18887,0.18854,0.18854,0.00173,-0.00321,0.00140,0.00074,-0.00353,-54.23010,1839.00000
0.19874,0.20598,0.20137,0.20959,0.20894,0.18657,0.18789,0.18854,0.18394,0.18526,-0.00156,0.00206,-0.00255,0.00370,0.00370,-54.23010,1840.00000
0.20236,0.20203,0.20598,0.19841,0.20598,0.18460,0.18920,0.18098,0.18262,0.18591,0.00173,-0.00189,0.00074,0.00041,0.00173,-53.64825,1841.00000
0.19644,0.20433,0.20170,0.19808,0.19775,0.18262,0.18394,0.18394,0.18460,0.17934,0.00239,-0.00025,-0.00057,-0.00057,0.00074,-53.64825,1842.00000
0.20598,0.19545,0.20335,0.19973,0.20631,0.18394,0.18854,0.18493,0.18624,0.18328,-0.00222,0.00239,0.00074,-0.00189,0.00008,-54.11417,1843.00000
0.20071,0.20696,0.20071,0.19907,0.19611,0.18098,0.18197,0.18065,0.18887,0.18262,-0.00222,0.00206,-0.00090,-0.00156,0.00008,-54.11417,1844.00000
0.19249,0.20631,0.20236,0.19940,0.20959,0.18394,0.18591,0.18164,0.18493,0.18624,-0.00321,-0.00090,-0.00222,-0.00025,-0.00156,-53.98335,1845.00000
0.20400,0.19775,0.19677,0.20598,0.20203,0.18789,0.19019,0.18789,0.18361,0.18295,0.00173,-0.00057,-0.00025,-0.00123,-0.00025,-53.98335,1846.00000
0.20466,0.20400,0.20137,0.20335,0.20203,0.18328,0.18164,0.18427,0.18920,0.18822,-0.00057,-0.00485,-0.00156,0.00074,-0.00321,-53.44675,1847.00000
0.20236,0.20335,0.20532,0.20038,0.19710,0.18295,0.18822,0.18098,0.18328,0.18427,-0.00321,0.00173,-0.00090,0.00074,0.00008,-53.44675,1848.00000
0.20203,0.20203,0.20335,0.20335,0.20335,0.18756,0.18690,0.18394,0.18690,0.18460,-0.00090,-0.00057,-0.00353,-0.00255,0.00140,-52.37523,1849.00000
0.20367,0.20071,0.19874,0.20170,0.20663,0.18624,0.18460,0.18328,0.18295,0.18427,0.00074,-0.00090,0.00074,-0.00288,0.00403,-52.37523,1850.00000
0.20104,0.20729,0.19907,0.20400,0.20137,0.18230,0.18295,0.17999,0.18526,0.18361,-0.00353,0.00041,0.00140,0.00140,-0.00090,-52.23986,1851.00000
0.19446,0.20104,0.20203,0.19874,0.20170,0.18624,0.18789,0.17802,0.18526,0.18591,-0.00189,-0.00255,-0.00156,-0.00123,-0.00025,-52.23986,1852.00000
0.19874,0.20203,0.20532,0.19348,0.20466,0.18328,0.18624,0.18131,0.18262,0.18065,-0.00057,0.00107,0.00732,-0.00255,0.00074,-51.64239,1853.00000
0.20038,0.19381,0.20302,0.20071,0.20565,0.18394,0.18493,0.18558,0.18493,0.18558,0.00173,0.00337,0.00304,0.00173,-0.00057,-51.64239,1854.00000
0.20104,0.20203,0.20006,0.20367,0.20006,0.18328,0.18822,0.18328,0.18427,0.18164,0.00337,0.00370,0.00173,0.00041,-0.00156,-51.82217,1855.00000
0.20269,0.20499,0.20532,0.20499,0.19973,0.18394,0.18164,0.18262,0.18690,0.18394,0.00008,0.00272,-0.00025,-0.00123,0.00041,-51.82217,1856.00000
0.20071,0.20532,0.20302,0.20335,0.20269,0.18427,0.18493,0.18164,0.18131,0.18493,-0.00025,-0.00123,0.00469,0.00041,-0.00156,-51.50679,1857.00000
0.20269,0.19874,0.20598,0.20696,0.20038,0.18624,0.18262,0.18657,0.18427,0.18591,0.00337,-0.00156,-0.00123,-0.00057,0.00008,-51.50679,1858.00000
0.20071,0.20236,0.20927,0.20137,0.19841,0.18328,0.18230,0.19019,0.18460,0.18558,0.00140,0.00107,-0.00057,-0.00156,0.00008,-51.71043,1859.00000
0.20170,0.20038,0.20302,0.19644,0.19973,0.18460,0.18262,0.17868,0.18427,0.18394,0.00107,0.00140,-0.00025,-0.00057,-0.00057,-51.71043,1860.00000
0.20532,0.19611,0.20729,0.19907,0.20006,0.18230,0.18032,0.18032,0.18361,0.18230,-0.00189,0.00074,0.00206,0.00041,-0.00025,-52.90111,1861.00000
0.20269,0.20038,0.20433,0.19808,0.20071,0.18624,0.18723,0.18591,0.18427,0.17901,-0.00057,0.00370,0.00041,-0.00222,0.00272,-52.90111,1862.00000
0.20466,0.20071,0.19907,0.20006,0.20104,0.18328,0.18526,0.18394,0.18953,0.18723,0.00272,0.00074,-0.00057,0.00140,0.00370,-53.00573,1863.00000
0.19973,0.20663,0.19841,0.19742,0.19940,0.18657,0.18262,0.18197,0.18328,0.18032,-0.00057,-0.00222,-0.00485,0.00107,0.00074,-53.00573,1864.00000
0.20071,0.19907,0.19710,0.20038,0.20006,0.18361,0.18394,0.18032,0.18197,0.18460,0.00041,0.00304,0.00041,-0.00025,-0.00255,-53.23871,1865.00000
0.20466,0.20170,0.20203,0.20499,0.19710,0.18197,0.18591,0.18032,0.18197,0.17934,-0.00025,-0.00123,-0.00090,-0.00057,0.00337,-53.23871,1866.00000
0.20598,0.19973,0.20367,0.19973,0.20071,0.18262,0.18657,0.18427,0.18460,0.17966,0.00008,-0.00025,0.00173,0.00370,-0.00057,-53.99484,1867.00000
0.19973,0.20335,0.20499,0.20663,0.20269,0.17802,0.17966,0.18328,0.18657,0.18526,-0.00386,-0.00189,-0.00321,-0.00090,-0.00189,-53.99484,1868.00000
0.20433,0.20828,0.20006,0.20038,0.20006,0.18591,0.18394,0.18591,0.18295,0.18558,0.00337,0.00239,-0.00222,0.00107,0.00107,-54.06041,1869.00000
0.19775,0.20598,0.20663,0.20302,0.20071,0.18394,0.18295,0.18558,0.18361,0.18427,-0.00386,-0.00288,-0.00025,0.00140,0.00206,-54.06041,1870.00000
0.20170,0.20598,0.19578,0.20104,0.20466,0.18789,0.17999,0.18361,0.18295,0.18657,-0.00255,-0.00025,0.00008,0.00272,-0.00123,-55.32366,1871.00000
0.19874,0.20203,0.20696,0.20071,0.20203,0.18690,0.17934,0.18526,0.18493,0.18690,-0.00090,-0.00321,0.00107,-0.00156,0.00041,-55.32366,1872.00000
0.19808,0.21025,0.19874,0.19874,0.20466,0.18493,0.18262,0.18591,0.18295,0.18756,-0.00386,0.00008,0.00337,0.00173,0.00041,-54.46847,1873.00000
0.20367,0.20071,0.20302,0.20170,0.19907,0.17703,0.18624,0.18558,0.18624,0.18657,-0.00025,-0.00255,0.00173,-0.00255,-0.00321,-54.46847,1874.00000
0.20466,0.20236,0.20302,0.19677,0.20433,0.18295,0.18328,0.18591,0.18591,0.18493,0.00535,-0.00025,0.00041,-0.00057,-0.00321,-53.80406,1875.00000
0.20071,0.20762,0.20466,0.19907,0.20433,0.18493,0.18723,0.18098,0.18361,0.18394,-0.00321,-0.00189,-0.00057,0.00140,0.00304,-53.80406,1876.00000
0.20236,0.19940,0.20532,0.20170,0.20038,0.18197,0.18032,0.18591,0.18493,0.18558,-0.00222,0.00304,0.00041,0.00107,-0.00156,-53.44744,1877.00000
0.20269,0.20104,0.19611,0.20071,0.20532,0.18230,0.17868,0.18328,0.18493,0.18591,-0.00057,0.00206,0.00600,0.00074,-0.00090,-53.44744,1878.00000
0.19841,0.19874,0.20400,0.19808,0.20006,0.18197,0.18690,0.18328,0.18591,0.18493,-0.00288,-0.00025,-0.00090,-0.00222,0.00008,-53.18368,1879.00000
0.20006,0.20466,0.20565,0.20137,0.20894,0.18690,0.18131,0.18361,0.18526,0.18526,0.00074,0.00206,0.00337,0.00041,-0.00321,-53.18368,1880.00000
0.20532,0.19742,0.20631,0.20071,0.20367,0.18526,0.18230,0.18262,0.18328,0.18493,-0.00057,0.00008,0.00173,0.00041,0.00008,-53.22270,1881.00000
0.20466,0.20532,0.19545,0.20631,0.19841,0.18657,0.18493,0.18526,0.17802,0.18098,0.00304,0.00008,-0.00123,-0.00090,0.00107,-53.22270,1882.00000
0.20203,0.20203,0.20170,0.20335,0.20071,0.18723,0.18427,0.18986,0.18262,0.18328,-0.00123,0.00239,0.00008,0.00173,0.00239,-52.26565,1883.00000
0.19940,0.20006,0.20038,0.20729,0.20269,0.18493,0.18460,0.18624,0.18657,0.18197,-0.00222,0.00008,0.00370,0.00337,-0.00057,-52.26565,1884.00000
0.20795,0.20367,0.20532,0.20203,0.20038,0.18164,0.17835,0.18065,0.18558,0.18789,-0.00057,-0.00288,0.00074,-0.00222,-0.00090,-50.96192,1885.00000
0.20400,0.19446,0.20466,0.20203,0.20170,0.18756,0.18230,0.18098,0.18328,0.18328,0.00337,-0.00255,0.00074,-0.00123,-0.00025,-50.96192,1886.00000
0.20203,0.20038,0.20104,0.20598,0.19907,0.18361,0.18558,0.18230,0.18328,0.18131,-0.00025,0.00107,-0.00321,-0.00189,0.00370,-49.72901,1887.00000
0.20203,0.20236,0.20335,0.20532,0.20203,0.18262,0.18558,0.18230,0.18460,0.18230,-0.00057,0.00272,-0.00386,-0.00222,0.00173,-49.72901,1888.00000
0.20367,0.20532,0.20302,0.20532,0.19775,0.18361,0.17802,0.18164,0.18493,0.17999,0.00041,0.00272,0.00074,0.00107,-0.00353,-47.58667,1889.00000
0.20038,0.20696,0.19841,0.20696,0.20499,0.18756,0.18197,0.18197,0.18394,0.18526,-0.00419,-0.00255,-0.00025,-0.00025,-0.00288,-47.58667,1890.00000
0.20565,0.20104,0.20992,0.20367,0.20565,0.18789,0.18493,0.18756,0.18723,0.18591,0.00008,0.00206,0.00008,-0.00090,0.00239,-46.22986,1891.00000
0.19907,0.20137,0.20236,0.20367,0.20104,0.18131,0.18394,0.18690,0.18361,0.18526,-0.00321,0.00074,-0.00222,-0.00321,-0.00123,-46.22986,1892.00000
0.20433,0.20137,0.20828,0.20104,0.20696,0.18624,0.18328,0.18197,0.18690,0.18690,-0.00156,-0.00057,-0.00222,0.00304,-0.00189,-48.60321,1893.00000
0.20269,0.20565,0.20532,0.20302,0.19677,0.18361,0.18131,0.18591,0.18197,0.19118,-0.00123,-0.00222,0.00041,0.00008,-0.00551,-48.60321,1894.00000
0.20236,0.20269,0.20269,0.20104,0.20598,0.18361,0.18723,0.18558,0.18164,0.18558,-0.00321,0.00107,-0.00288,-0.00353,-0.00025,-50.67612,1895.00000
0.20631,0.19381,0.20367,0.20400,0.19940,0.18657,0.17999,0.18230,0.18591,0.18624,-0.00090,-0.00189,0.00337,-0.00189,-0.00090,-50.67612,1896.00000
0.20696,0.20367,0.20433,0.20499,0.19644,0.17999,0.18230,0.18131,0.18558,0.18197,0.00041,0.00140,-0.00222,0.00041,0.00041,-51.34148,1897.00000
0.20696,0.20137,0.20006,0.20565,0.20038,0.18361,0.18394,0.18394,0.18591,0.18493,0.00041,-0.00123,-0.00123,0.00272,-0.00288,-51.34148,1898.00000
0.19907,0.19742,0.20499,0.19841,0.20367,0.18328,0.18295,0.18328,0.18526,0.17802,-0.00090,0.00107,-0.00156,-0.00222,-0.00419,-52.08920,1899.00000
0.20269,0.20104,0.20696,0.20137,0.20335,0.18657,0.18032,0.18558,0.18361,0.18493,-0.00189,-0.00025,0.00107,-0.00057,-0.00156,-52.08920,1900.00000
0.20433,0.19841,0.20631,0.20170,0.20532,0.18493,0.18854,0.18032,0.18098,0.19052,-0.00123,0.00337,-0.00025,-0.00156,0.00008,-53.27848,1901.00000
0.20203,0.20104,0.20367,0.20532,0.20565,0.18065,0.18230,0.18624,0.18230,0.18657,-0.00025,-0.00485,0.00206,0.00304,0.00008,-53.27848,1902.00000
0.20302,0.20203,0.20565,0.20400,0.20071,0.18756,0.18657,0.17999,0.18328,0.18361,-0.00057,0.00370,-0.00057,0.00074,-0.00057,-52.87704,1903.00000
0.20006,0.20236,0.20828,0.19710,0.20071,0.18690,0.18624,0.18394,0.18131,0.18920,-0.00123,-0.00090,0.00239,0.00074,-0.00025,-52.87704,1904.00000
0.20269,0.20663,0.20236,0.20203,0.20532,0.18361,0.18591,0.18197,0.18098,0.18328,0.00337,0.00041,0.00140,-0.00518,0.00206,-53.38920,1905.00000
0.19808,0.20663,0.20598,0.20466,0.19940,0.18526,0.18657,0.18197,0.18986,0.18197,0.00008,0.00008,-0.00452,-0.00156,0.00206,-53.38920,1906.00000
0.20400,0.20400,0.19315,0.20038,0.20400,0.18427,0.18427,0.18295,0.18394,0.18624,0.00370,-0.00156,-0.00090,-0.00025,-0.00156,-53.02028,1907.00000
0.20367,0.20367,0.20236,0.20335,0.20894,0.18197,0.18098,0.18723,0.18624,0.18361,0.00008,0.00008,0.00041,-0.00057,0.00107,-53.02028,1908.00000
0.19874,0.20302,0.20532,0.20170,0.19841,0.17868,0.18230,0.18131,0.18427,0.18657,-0.00090,0.00074,-0.00057,-0.00222,-0.00057,-52.28651,1909.00000
0.20631,0.20104,0.20631,0.20795,0.20335,0.18361,0.18460,0.18065,0.17934,0.18526,-0.00057,0.00041,-0.00090,0.00140,-0.00057,-52.28651,1910.00000
0.20400,0.20598,0.20104,0.20367,0.20367,0.18526,0.18197,0.18098,0.17999,0.18394,0.00041,0.00206,0.00074,0.00436,-0.00123,-52.10761,1911.00000
0.20532,0.20269,0.20762,0.20203,0.20466,0.18887,0.18394,0.17802,0.18460,0.18526,-0.00090,0.00008,-0.00255,-0.00057,-0.00025,-52.10761,1912.00000
0.20598,0.20302,0.20038,0.20927,0.20269,0.18427,0.18361,0.18131,0.18427,0.18756,-0.00189,0.00008,0.00173,-0.00090,0.00140,-53.05576,1913.00000
0.20335,0.20433,0.20565,0.19907,0.20137,0.18230,0.18328,0.18361,0.17999,0.18394,0.00008,-0.00386,-0.00090,0.00173,-0.00090,-53.05576,1914.00000
0.20663,0.20367,0.20400,0.20598,0.20302,0.18723,0.18427,0.18065,0.18756,0.18394,-0.00255,0.00074,0.00239,-0.00222,0.00206,-52.28227,1915.00000
0.20367,0.20532,0.20335,0.20236,0.20499,0.18361,0.18262,0.18328,0.18657,0.18427,0.00140,-0.00288,-0.00025,-0.00288,0.00041,-52.28227,1916.00000
0.20269,0.20400,0.20302,0.20466,0.20104,0.18262,0.18822,0.18427,0.18591,0.18262,-0.00057,-0.00123,0.00370,0.00041,0.00074,-52.78909,1917.00000
0.20269,0.20598,0.20400,0.20203,0.20433,0.18361,0.18328,0.18361,0.18230,0.18591,-0.00419,0.00173,0.00074,0.00140,-0.00090,-52.78909,1918.00000
0.20071,0.20367,0.20335,0.20795,0.20104,0.18230,0.18131,0.18558,0.18230,0.18361,-0.00156,-0.00321,0.00173,-0.00255,0.00008,-52.35402,1919.00000
0.19446,0.20729,0.20335,0.20696,0.20565,0.18230,0.18230,0.17999,0.18032,0.18328,-0.00123,0.00304,0.00074,-0.00025,0.00074,-52.35402,1920.00000
0.20367,0.20367,0.20696,0.20631,0.20006,0.18361,0.19150,0.18690,0.18361,0.18230,-0.00156,0.00304,-0.00025,-0.00288,-0.00353,-52.64673,1921.00000
0.20367,0.20170,0.20532,0.20861,0.19940,0.18657,0.18427,0.18361,0.18920,0.17901,0.00272,-0.00353,0.00337,0.00173,-0.00025,-52.64673,1922.00000
0.20367,0.20499,0.19841,0.20367,0.21255,0.18361,0.18164,0.18624,0.18591,0.18723,-0.00123,-0.00386,-0.00057,0.00239,-0.00123,-52.11927,1923.00000
0.20302,0.20400,0.20203,0.20631,0.20894,0.18558,0.18690,0.18526,0.18493,0.17769,-0.00025,0.00008,-0.00222,0.00008,-0.00025,-52.11927,1924.00000
0.20236,0.20433,0.19973,0.20532,0.20006,0.18427,0.18690,0.18624,0.18657,0.18361,-0.00518,-0.00057,0.00074,-0.00222,-0.00123,-52.11432,1925.00000
0.20137,0.20137,0.20959,0.20203,0.20335,0.17999,0.18427,0.18427,0.18295,0.17835,0.00041,0.00272,0.00008,-0.00090,-0.00123,-52.11432,1926.00000
0.20006,0.20302,0.20038,0.20433,0.21157,0.18328,0.18789,0.18361,0.18789,0.18361,-0.00353,0.00140,0.00041,-0.00288,-0.00189,-53.12015,1927.00000
0.20236,0.20006,0.20236,0.20828,0.20104,0.18295,0.18756,0.18493,0.18262,0.18328,-0.00156,-0.00057,-0.00057,-0.00090,-0.00419,-53.12015,1928.00000
0.19907,0.20959,0.20302,0.20104,0.20992,0.18493,0.18657,0.18295,0.18690,0.18131,-0.00386,0.00206,-0.00156,0.00041,0.00206,-53.78175,1929.00000
0.20598,0.20400,0.20367,0.20038,0.19545,0.18065,0.18427,0.18624,0.18460,0.17966,-0.00288,-0.00025,-0.00255,0.00008,-0.00156,-53.78175,1930.00000
0.19710,0.20729,0.20400,0.19841,0.20992,0.18164,0.18427,0.17966,0.18197,0.18723,0.00173,0.00107,0.00140,0.00041,0.00041,-53.74146,1931.00000
0.20532,0.20532,0.20861,0.19973,0.20466,0.18328,0.17966,0.18295,0.18262,0.18295,-0.00123,-0.00090,0.00173,0.00337,-0.00090,-53.74146,1932.00000
0.20795,0.19414,0.20236,0.20269,0.19479,0.18164,0.18493,0.18526,0.18262,0.18558,0.00074,0.00041,0.00107,0.00074,-0.00321,-54.07044,1933.00000
0.20433,0.20663,0.20433,0.20104,0.19874,0.18789,0.18098,0.18197,0.18657,0.18361,-0.00156,-0.00090,-0.00189,-0.00123,0.00041,-54.07044,1934.00000
0.20598,0.20367,0.20696,0.20335,0.19973,0.18427,0.18262,0.18065,0.17966,0.18394,0.00107,0.00074,0.00304,-0.00090,-0.00057,-53.79791,1935.00000
0.20137,0.19907,0.20565,0.20565,0.20400,0.18526,0.18262,0.18526,0.18361,0.18262,-0.00419,0.00173,0.00140,-0.00255,-0.00025,-53.79791,1936.00000
0.20466,0.19808,0.20762,0.19775,0.20236,0.18789,0.18624,0.18427,0.18328,0.18822,-0.00025,-0.00189,0.00173,0.00074,-0.00090,-54.13040,1937.00000
0.20532,0.20696,0.20466,0.20565,0.20335,0.18493,0.17999,0.18394,0.18624,0.18460,0.00107,-0.00419,0.00041,-0.00123,-0.00057,-54.13040,1938.00000
0.19677,0.20335,0.20400,0.20104,0.20335,0.18032,0.18361,0.18098,0.18197,0.18460,-0.00353,-0.00057,-0.00025,-0.00123,0.00140,-53.22975,1939.00000
0.20400,0.20170,0.20762,0.20532,0.20499,0.18295,0.19085,0.18460,0.18230,0.18394,0.00008,-0.00386,0.00008,-0.00057,-0.00222,-53.22975,1940.00000
0.20302,0.20170,0.20959,0.19940,0.20499,0.18624,0.18526,0.18295,0.18262,0.18460,0.00272,0.00074,-0.00057,0.00140,-0.00222,-52.84534,1941.00000
0.20532,0.20992,0.20335,0.20269,0.20071,0.18262,0.18328,0.18460,0.18328,0.18789,-0.00057,0.00173,0.00074,-0.00090,-0.00090,-52.84534,1942.00000
0.20367,0.20992,0.20466,0.20170,0.20499,0.17966,0.18295,0.18394,0.18460,0.18920,-0.00321,-0.00057,-0.00222,-0.00353,-0.00189,-52.72882,1943.00000
0.20927,0.20992,0.20236,0.20729,0.20302,0.17703,0.18526,0.18394,0.18526,0.18328,-0.00057,0.00107,-0.00321,-0.00057,-0.00156,-52.72882,1944.00000
0.20565,0.20367,0.19874,0.20532,0.20170,0.18032,0.18493,0.18328,0.18328,0.18493,-0.00353,0.00206,-0.00057,-0.00057,0.00008,-52.38248,1945.00000
0.20795,0.20269,0.20367,0.20137,0.20302,0.17868,0.18230,0.18361,0.19150,0.18657,0.00206,0.00272,0.00337,-0.00189,-0.00222,-52.38248,1946.00000
0.20499,0.20400,0.20170,0.20433,0.19775,0.18493,0.18098,0.18427,0.18558,0.18361,0.00568,-0.00156,0.00140,-0.00255,-0.00090,-51.54036,1947.00000
0.21025,0.21288,0.20170,0.19775,0.20894,0.18558,0.18295,0.18493,0.18854,0.18854,0.00074,-0.00090,0.00074,0.00239,-0.00090,-51.54036,1948.00000
0.20038,0.20236,0.20894,0.19940,0.20203,0.18558,0.18558,0.18295,0.18262,0.18756,-0.00452,0.00074,-0.00222,-0.00189,0.00074,-51.44157,1949.00000
0.20137,0.20894,0.20071,0.20532,0.20269,0.18328,0.18789,0.18854,0.18262,0.18361,-0.00025,0.00272,-0.00189,0.00041,-0.00123,-51.44157,1950.00000
0.19940,0.20631,0.20400,0.20992,0.20696,0.18098,0.18230,0.18295,0.18197,0.18789,-0.00156,-0.00156,0.00337,0.00107,0.00074,-51.76571,1951.00000
0.20795,0.19710,0.20236,0.20565,0.20400,0.18657,0.18789,0.18262,0.18065,0.18065,0.00041,0.00074,0.00140,0.00173,-0.00090,-51.76571,1952.00000
0.20598,0.20236,0.20104,0.20565,0.20598,0.18295,0.18789,0.18328,0.18361,0.18230,0.00107,-0.00156,-0.00255,0.00206,-0.00353,-51.72514,1953.00000
0.20433,0.20269,0.20071,0.20400,0.19940,0.18164,0.18361,0.18427,0.18591,0.18887,0.00206,-0.00288,0.00370,0.00008,-0.00419,-51.72514,1954.00000
0.20104,0.20170,0.20532,0.20565,0.20104,0.18197,0.17999,0.18427,0.18822,0.18526,-0.00255,0.00370,0.00074,0.00107,-0.00025,-53.18923,1955.00000
0.20038,0.20269,0.19973,0.20565,0.20532,0.18295,0.18230,0.18493,0.18032,0.18657,0.00140,0.00173,0.00140,0.00304,0.00041,-53.18923,1956.00000
0.20499,0.20335,0.20367,0.19940,0.19775,0.18789,0.18558,0.18854,0.18131,0.18986,0.00074,-0.00156,0.00041,-0.00090,-0.00025,-53.41346,1957.00000
0.20729,0.19775,0.20006,0.20236,0.19973,0.18657,0.18197,0.18295,0.18295,0.18493,0.00173,0.00206,-0.00189,-0.00057,-0.00222,-53.41346,1958.00000
0.20335,0.20696,0.19874,0.20499,0.20203,0.18591,0.18690,0.18789,0.18427,0.18230,0.00008,-0.00222,-0.00156,0.00107,-0.00090,-53.86738,1959.00000
0.20236,0.20302,0.20236,0.20104,0.20861,0.18558,0.18164,0.17835,0.18295,0.18723,-0.00156,-0.00255,-0.00057,-0.00123,-0.00025,-53.86738,1960.00000
0.20400,0.20335,0.20433,0.20631,0.19677,0.18558,0.18558,0.17835,0.18295,0.18756,0.00469,-0.00123,-0.00057,-0.00057,0.00173,-53.39121,1961.00000
0.20269,0.20367,0.20203,0.20236,0.20565,0.18690,0.18230,0.18394,0.18361,0.18131,-0.00222,-0.00057,-0.00288,-0.00288,-0.00090,-53.39121,1962.00000
0.20433,0.20433,0.19973,0.20532,0.20400,0.18131,0.18230,0.18262,0.18197,0.17769,-0.00288,-0.00321,0.00074,0.00041,-0.00123,-53.25810,1963.00000
0.20302,0.20269,0.21157,0.20335,0.20203,0.18591,0.18361,0.18197,0.18690,0.18131,-0.00025,0.00041,-0.00025,0.00173,0.00008,-53.25810,1964.00000
0.20499,0.19808,0.20367,0.20170,0.19907,0.18558,0.18262,0.18723,0.18493,0.18756,0.00206,0.00041,0.00107,-0.00057,0.00107,-53.69936,1965.00000
0.19973,0.20828,0.20302,0.20006,0.19841,0.17901,0.17966,0.18493,0.18295,0.18624,-0.00025,0.00107,-0.00222,-0.00123,-0.00353,-53.69936,1966.00000
0.20499,0.20532,0.20335,0.20006,0.20499,0.18328,0.18789,0.18262,0.18065,0.18624,0.00535,0.00239,0.00337,-0.00321,-0.00288,-52.62849,1967.00000
0.20894,0.20631,0.20499,0.20038,0.20499,0.18131,0.18789,0.18295,0.18361,0.18361,-0.00551,-0.00222,0.00239,-0.00156,-0.00123,-52.62849,1968.00000
0.20565,0.20565,0.20565,0.20631,0.19973,0.18920,0.18427,0.18920,0.18131,0.18197,0.00074,0.00239,-0.00353,-0.00025,0.00008,-50.38163,1969.00000
0.20466,0.20203,0.20203,0.20236,0.20400,0.18591,0.18427,0.18032,0.18131,0.18098,-0.00025,-0.00090,0.00008,0.00074,-0.00156,-50.38163,1970.00000
0.19973,0.20367,0.20400,0.20433,0.20696,0.18361,0.18262,0.18328,0.18591,0.18427,0.00074,0.00008,0.00041,0.00140,-0.00189,-48.22792,1971.00000
0.20565,0.20006,0.20894,0.21124,0.19841,0.18920,0.18920,0.18690,0.18131,0.18427,-0.00057,-0.00025,0.00074,-0.00025,0.00008,-48.22792,1972.00000
0.20367,0.20400,0.20532,0.21354,0.19907,0.18493,0.17999,0.17966,0.18427,0.18197,-0.00353,0.00008,0.00107,-0.00353,0.00337,-48.63300,1973.00000
0.20565,0.20499,0.19907,0.20565,0.20367,0.18230,0.17934,0.18328,0.18624,0.18230,-0.00123,-0.00025,-0.00090,0.00140,0.00140,-48.63300,1974.00000
0.20466,0.20598,0.20433,0.20466,0.20795,0.18493,0.18427,0.18197,0.17999,0.18131,0.00469,0.00337,-0.00025,-0.00123,-0.00189,-48.93076,1975.00000
0.20236,0.20795,0.20170,0.20071,0.21157,0.18295,0.18295,0.18493,0.18558,0.18690,0.00008,0.00337,0.00041,0.00173,-0.00189,-48.93076,1976.00000
0.20433,0.19973,0.20137,0.20466,0.19940,0.18591,0.18822,0.17966,0.18526,0.18854,0.00337,-0.00222,0.00107,0.00008,-0.00321,-49.46538,1977.00000
0.20631,0.20137,0.20071,0.20532,0.20104,0.18460,0.18394,0.18460,0.18197,0.18131,-0.00025,-0.00189,-0.00156,0.00107,-0.00090,-49.46538,1978.00000
0.20565,0.20269,0.20006,0.20894,0.20466,0.18328,0.18789,0.18230,0.18624,0.18558,-0.00123,0.00107,-0.00288,-0.00222,-0.00025,-50.38210,1979.00000
0.19940,0.20466,0.20006,0.20631,0.20104,0.18789,0.18032,0.18394,0.18427,0.18690,0.00239,-0.00057,0.00173,0.00008,0.00041,-50.38210,1980.00000
0.20104,0.20400,0.20631,0.20335,0.20203,0.18624,0.18657,0.18427,0.18723,0.18526,0.00502,-0.00090,0.00041,-0.00222,0.00041,-51.03090,1981.00000
0.20828,0.20400,0.20499,0.20663,0.20269,0.18460,0.18624,0.18493,0.18098,0.18723,0.00140,-0.00353,-0.00156,-0.00123,-0.00025,-51.03090,1982.00000
0.20894,0.20466,0.19545,0.20236,0.20861,0.18591,0.18164,0.18197,0.18394,0.18591,-0.00057,0.00107,-0.00222,-0.00057,0.00107,-52.40998,1983.00000
0.20335,0.20170,0.20894,0.20631,0.20335,0.18328,0.18328,0.18295,0.18328,0.18295,-0.00189,0.00140,0.00041,-0.00353,-0.00123,-52.40998,1984.00000
0.20367,0.20335,0.20302,0.20335,0.20795,0.18197,0.18131,0.18558,0.18887,0.18328,0.00337,0.00436,-0.00090,-0.00090,0.00074,-52.55997,1985.00000
0.20795,0.20236,0.20598,0.20433,0.20400,0.18427,0.19118,0.18657,0.18657,0.18361,-0.00057,-0.00189,0.00370,-0.00485,-0.00222,-52.55997,1986.00000
0.20137,0.20302,0.20006,0.20598,0.19907,0.18164,0.18262,0.18164,0.18460,0.18098,-0.00222,-0.00057,-0.00057,-0.00090,0.00008,-53.69209,1987.00000
0.20631,0.20269,0.20663,0.20038,0.20894,0.18197,0.18526,0.18065,0.17802,0.18657,-0.00057,0.00140,0.00173,-0.00156,-0.00452,-53.69209,1988.00000
0.20302,0.20236,0.20598,0.20038,0.20367,0.18460,0.18328,0.18558,0.17802,0.17901,-0.00156,-0.00057,-0.00090,-0.00321,-0.00156,-54.74400,1989.00000
0.19874,0.21091,0.20006,0.20499,0.20137,0.18854,0.18427,0.18197,0.17934,0.18624,0.00140,0.00008,0.00008,0.00041,0.00041,-54.74400,1990.00000
0.20006,0.20038,0.19775,0.19841,0.20894,0.18098,0.18262,0.18394,0.18230,0.18493,-0.00288,0.00008,-0.00321,0.00206,0.00008,-54.20061,1991.00000
0.20104,0.20499,0.20367,0.20861,0.20499,0.18526,0.18361,0.18262,0.18361,0.18328,0.00041,-0.00057,0.00008,-0.00189,-0.00057,-54.20061,1992.00000
0.20038,0.19874,0.20696,0.19973,0.20598,0.18526,0.18493,0.18427,0.18624,0.17703,-0.00255,-0.00090,-0.00156,-0.00288,0.00074,-54.46603,1993.00000
0.19874,0.20269,0.20466,0.20236,0.20400,0.18262,0.18558,0.17966,0.18657,0.17868,-0.00255,-0.00057,-0.00025,-0.00123,-0.00288,-54.46603,1994.00000
0.20532,0.20302,0.20203,0.20335,0.20335,0.18328,0.18295,0.18657,0.18822,0.18164,-0.00288,0.00008,-0.00222,0.00041,-0.00156,-53.92735,1995.00000
0.20104,0.20631,0.20367,0.20335,0.20170,0.18230,0.18624,0.18361,0.18197,0.18065,-0.00156,-0.00025,-0.00452,-0.00419,0.00140,-53.92735,1996.00000
0.20565,0.19907,0.19710,0.20729,0.20335,0.18361,0.18624,0.18065,0.18230,0.18197,-0.00090,0.00206,0.00074,-0.00057,-0.00156,-53.81182,1997.00000
0.20170,0.20466,0.20137,0.20236,0.20170,0.18131,0.18164,0.18197,0.18295,0.18394,0.00074,0.00074,0.00074,-0.00025,0.00041,-53.81182,1998.00000
0.19874,0.19874,0.20631,0.20466,0.20335,0.18262,0.17999,0.18230,0.18262,0.18328,0.00140,-0.00025,-0.00222,-0.00156,-0.00057,-52.65054,1999.00000
0.20006,0.20729,0.20006,0.20466,0.20433,0.18558,0.18526,0.18197,0.18098,0.18328,-0.00057,-0.00222,0.00074,-0.00123,-0.00452,-52.65054,2000.00000
0.20631,0.20762,0.20433,0.20466,0.20170,0.18394,0.17769,0.18493,0.18065,0.18065,0.00206,-0.00255,-0.00025,-0.00386,-0.00123,-52.35798,2001.00000
0.20335,0.20499,0.20663,0.20762,0.20006,0.18065,0.18230,0.18690,0.18098,0.18427,0.00008,0.00041,-0.00156,0.00008,-0.00222,-52.35798,2002.00000
0.20006,0.20565,0.20236,0.20170,0.21025,0.18164,0.17999,0.18493,0.18624,0.18394,0.00107,0.00173,0.00140,0.00140,-0.00288,-51.65262,2003.00000
0.20104,0.20367,0.19940,0.20532,0.20499,0.18164,0.18098,0.18526,0.18723,0.18460,-0.00156,-0.00353,0.00041,0.00403,0.00173,-51.65262,2004.00000
0.20565,0.20729,0.20335,0.20038,0.20137,0.18065,0.18526,0.18723,0.18460,0.18361,0.00173,0.00206,-0.00189,-0.00090,-0.00025,-51.98354,2005.00000
0.20038,0.20137,0.20565,0.19940,0.20104,0.18493,0.17901,0.18164,0.18230,0.18460,-0.00386,-0.00025,-0.00123,-0.00090,0.00140,-51.98354,2006.00000
0.19677,0.20466,0.20203,0.20170,0.20795,0.18460,0.18164,0.18328,0.18493,0.18427,-0.00353,-0.00156,-0.00321,-0.00419,-0.00025,-53.00105,2007.00000
0.20302,0.20499,0.20038,0.20071,0.20104,0.18789,0.18460,0.18197,0.18295,0.18295,-0.00025,-0.00025,-0.00156,0.00074,-0.00025,-53.00105,2008.00000
0.20400,0.20203,0.20927,0.19808,0.20335,0.18624,0.17901,0.18591,0.18427,0.18262,-0.00222,-0.00156,-0.00189,0.00041,0.00074,-52.09379,2009.00000
0.19874,0.20137,0.20236,0.20302,0.20170,0.18558,0.17835,0.18295,0.18295,0.18854,-0.00025,0.00272,-0.00255,-0.00255,-0.00025,-52.09379,2010.00000
0.20269,0.19874,0.20762,0.20203,0.19940,0.18920,0.18295,0.18065,0.18591,0.18065,-0.00025,0.00239,-0.00057,-0.00189,0.00206,-52.13820,2011.00000
0.19973,0.20104,0.20104,0.20335,0.20236,0.18394,0.18065,0.18328,0.17999,0.18361,0.00140,0.00041,0.00206,0.00008,0.00337,-52.13820,2012.00000
0.20499,0.20565,0.20269,0.20335,0.20367,0.18526,0.17868,0.18230,0.18164,0.18394,0.00107,0.00337,0.00403,-0.00386,-0.00156,-52.60475,2013.00000
0.20335,0.20335,0.20400,0.19973,0.19841,0.18230,0.17966,0.18197,0.18460,0.18361,0.00008,0.00140,0.00239,-0.00255,-0.00057,-52.60475,2014.00000
0.19874,0.19414,0.20104,0.20335,0.20499,0.18493,0.18098,0.18230,0.18394,0.18164,-0.00057,0.00272,0.00272,0.00173,0.00337,-53.38977,2015.00000
0.19512,0.20729,0.20006,0.21387,0.19907,0.18230,0.18591,0.18131,0.18164,0.18427,-0.00386,-0.00090,-0.00189,-0.00123,0.00469,-53.38977,2016.00000
0.19775,0.20236,0.20203,0.20038,0.20367,0.18098,0.18394,0.18131,0.18361,0.18361,0.00173,0.00107,0.00074,0.00140,-0.00057,-53.89948,2017.00000
0.20170,0.20137,0.20400,0.19742,0.20499,0.18526,0.18493,0.18493,0.17999,0.18657,0.00107,-0.00222,-0.00452,-0.00025,0.00173,-53.89948,2018.00000
0.19742,0.19874,0.20400,0.20631,0.19611,0.18394,0.18558,0.18098,0.18262,0.18789,-0.00321,0.00008,-0.00123,0.00107,-0.00288,-54.39114,2019.00000
0.20499,0.19808,0.20696,0.20335,0.20137,0.18427,0.18657,0.18230,0.17934,0.18526,-0.00123,-0.00255,-0.00419,-0.00353,-0.00057,-54.39114,2020.00000
0.20269,0.20071,0.19808,0.20861,0.20269,0.18526,0.18197,0.18493,0.18295,0.18657,0.00206,-0.00189,0.00370,0.00206,0.00074,-53.89235,2021.00000
0.20367,0.20269,0.20367,0.19973,0.19841,0.18460,0.18328,0.18197,0.18427,0.18197,0.00370,-0.00156,0.00107,-0.00057,0.00239,-53.89235,2022.00000
0.20170,0.20729,0.20335,0.20302,0.19907,0.18591,0.18295,0.18230,0.17999,0.18394,0.00107,-0.00025,0.00041,-0.00025,0.00140,-53.43787,2023.00000
0.19973,0.20203,0.20104,0.20071,0.20696,0.18328,0.18887,0.18854,0.18394,0.18361,0.00140,-0.00222,-0.00090,-0.00090,0.00008,-53.43787,2024.00000
0.20400,0.19874,0.20532,0.20236,0.20236,0.17638,0.18690,0.18657,0.18394,0.18098,0.00008,0.00337,0.00041,-0.00025,-0.00321,-53.10566,2025.00000
0.20170,0.19578,0.20433,0.20663,0.19940,0.18197,0.18164,0.18657,0.18427,0.18230,-0.00288,0.00272,-0.00353,0.00206,-0.00057,-53.10566,2026.00000
0.20631,0.20137,0.20006,0.19841,0.20006,0.18493,0.18526,0.18361,0.18098,0.18493,-0.00222,0.00074,-0.00255,-0.00123,-0.00123,-52.58554,2027.00000
0.20137,0.19578,0.20400,0.20269,0.19907,0.18328,0.18460,0.17901,0.18262,0.18065,0.00008,0.00403,-0.00090,0.00140,-0.00222,-52.58554,2028.00000
0.19808,0.20203,0.20335,0.20203,0.20532,0.18262,0.18262,0.18262,0.18361,0.18328,-0.00025,0.00140,0.00008,-0.00386,-0.00156,-52.42070,2029.00000
0.19841,0.20137,0.20433,0.19446,0.20071,0.18427,0.18361,0.18394,0.18328,0.18197,0.00008,-0.00156,0.00008,-0.00123,0.00107,-52.42070,2030.00000
0.20038,0.20269,0.20367,0.19940,0.20104,0.18591,0.18394,0.18295,0.17934,0.18098,-0.00485,-0.00189,-0.00353,0.00173,-0.00222,-52.11123,2031.00000
0.20367,0.20006,0.20170,0.19282,0.20367,0.18460,0.18394,0.17934,0.18131,0.18493,-0.00156,0.00107,0.00008,0.00107,0.00239,-52.11123,2032.00000
0.20729,0.20433,0.20335,0.20104,0.20236,0.18032,0.17901,0.18197,0.18394,0.18361,-0.00189,-0.00025,-0.00321,-0.00288,-0.00025,-51.89790,2033.00000
0.20269,0.20137,0.20335,0.20400,0.19874,0.18427,0.18131,0.18262,0.18493,0.18394,0.00107,0.00239,0.00206,0.00041,0.00008,-51.89790,2034.00000
0.20170,0.20959,0.20302,0.20236,0.20466,0.18394,0.18328,0.18624,0.18131,0.18164,-0.00156,-0.00288,-0.00452,0.00206,0.00304,-51.98655,2035.00000
0.20236,0.20236,0.20663,0.19249,0.20466,0.17901,0.18493,0.18230,0.18493,0.18460,0.00074,0.00337,-0.00156,-0.00156,-0.00123,-51.98655,2036.00000
0.19742,0.19841,0.20269,0.20006,0.20170,0.18032,0.18065,0.18295,0.18032,0.18361,0.00239,0.00272,0.00008,-0.00025,-0.00025,-52.47765,2037.00000
0.20663,0.20203,0.20499,0.19808,0.20631,0.18131,0.17934,0.18427,0.17999,0.18657,0.00041,-0.00156,0.00140,-0.00057,-0.00617,-52.47765,2038.00000
0.19611,0.20269,0.20335,0.20696,0.19907,0.18591,0.18493,0.18164,0.18657,0.18361,-0.00123,0.00272,-0.00025,-0.00222,-0.00090,-52.54009,2039.00000
0.20203,0.20367,0.20367,0.20400,0.20104,0.18526,0.17999,0.18032,0.18230,0.18230,-0.00255,-0.00386,0.00140,-0.00321,-0.00386,-52.54009,2040.00000
0.20203,0.20302,0.20137,0.20565,0.19841,0.18295,0.18098,0.18262,0.18591,0.18394,0.00304,0.00239,-0.00123,0.00337,0.00239,-52.67386,2041.00000
0.20269,0.20335,0.19907,0.20466,0.20071,0.18065,0.18361,0.18493,0.18920,0.18164,0.00107,-0.00090,0.00107,0.00074,-0.00321,-52.67386,2042.00000
0.20762,0.20795,0.19874,0.20006,0.20433,0.18131,0.18098,0.18230,0.18394,0.18262,0.00436,0.00074,0.00107,-0.00353,-0.00353,-53.34621,2043.00000
0.20071,0.19775,0.20170,0.19874,0.20170,0.17966,0.18460,0.18295,0.18690,0.18526,-0.00057,-0.00090,0.00074,0.00107,-0.00189,-53.34621,2044.00000
0.20992,0.19973,0.20335,0.20532,0.20433,0.17999,0.18032,0.18723,0.18262,0.18624,-0.00025,0.00041,-0.00057,0.00074,-0.00189,-53.66041,2045.00000
0.19677,0.21255,0.20302,0.20236,0.19742,0.18361,0.18164,0.18460,0.18427,0.18131,0.00370,0.00008,-0.00386,0.00173,-0.00386,-53.66041,2046.00000
0.20433,0.20038,0.19940,0.20137,0.20433,0.18756,0.18690,0.18230,0.18230,0.17966,0.00206,-0.00025,0.00074,-0.00321,0.00337,-54.61585,2047.00000
0.19742,0.20499,0.19874,0.20499,0.20828,0.18460,0.17901,0.17901,0.18493,0.18197,0.00206,0.00140,-0.00156,0.00008,0.00173,-54.61585,2048.00000
0.20400,0.20959,0.20466,0.19907,0.20269,0.18197,0.18164,0.18690,0.18526,0.18295,0.00239,-0.00156,-0.00025,-0.00222,0.00140,-54.39289,2049.00000
0.20532,0.20236,0.19775,0.20236,0.20104,0.18262,0.18262,0.18460,0.18558,0.18197,-0.00156,-0.00057,0.00239,0.00140,-0.00156,-54.39289,2050.00000
0.20071,0.20137,0.20367,0.20038,0.20236,0.18197,0.18230,0.18262,0.18164,0.18098,-0.00090,0.00436,-0.00123,0.00304,0.00600,-54.09830,2051.00000
0.20236,0.20663,0.20269,0.20335,0.20433,0.18164,0.18427,0.18361,0.18460,0.18262,0.00239,0.00107,-0.00419,0.00502,-0.00025,-54.09830,2052.00000
0.20499,0.20071,0.20203,0.20335,0.20236,0.17999,0.18295,0.18591,0.18690,0.18295,-0.00156,-0.00123,0.00074,-0.00057,0.00206,-53.84602,2053.00000
0.20038,0.19414,0.20335,0.20565,0.19710,0.18032,0.18723,0.18427,0.18328,0.18230,0.00008,0.00206,-0.00288,-0.00321,-0.00057,-53.84602,2054.00000
0.20598,0.20696,0.20400,0.20466,0.20236,0.18460,0.18427,0.18262,0.17966,0.18295,0.00469,-0.00057,-0.00419,-0.00057,0.00272,-52.92887,2055.00000
0.20433,0.20203,0.20071,0.20104,0.20203,0.18723,0.18756,0.18295,0.18098,0.17868,-0.00025,0.00206,-0.00057,0.00074,-0.00189,-52.92887,2056.00000
0.20104,0.20104,0.20598,0.20203,0.20038,0.18361,0.18328,0.18460,0.18328,0.18526,0.00304,0.00107,-0.00419,0.00041,0.00074,-52.41170,2057.00000
0.19578,0.20532,0.20532,0.19545,0.19611,0.18854,0.18295,0.18262,0.18361,0.18197,0.00206,-0.00025,0.00239,0.00107,0.00008,-52.41170,2058.00000
0.20762,0.20203,0.19775,0.20762,0.19973,0.18197,0.18526,0.18361,0.18460,0.18427,0.00107,-0.00090,-0.00057,-0.00189,0.00206,-52.19218,2059.00000
0.20367,0.20335,0.20104,0.19940,0.20499,0.18591,0.18131,0.18164,0.18887,0.18657,-0.00090,0.00206,0.00239,0.00074,0.00074,-52.19218,2060.00000
0.20170,0.20959,0.20367,0.20861,0.19973,0.18065,0.18164,0.18526,0.18230,0.18328,-0.00156,0.00535,-0.00156,0.00008,0.00337,-51.87978,2061.00000
0.20433,0.20433,0.20170,0.20203,0.20532,0.18295,0.18098,0.18098,0.18460,0.18328,-0.00025,0.00107,-0.00189,-0.00057,-0.00189,-51.87978,2062.00000
0.20236,0.20565,0.20565,0.20466,0.20137,0.18460,0.18262,0.17999,0.18460,0.18558,0.00173,0.00041,0.00107,0.00074,0.00173,-52.29731,2063.00000
0.19907,0.20894,0.20236,0.20335,0.20499,0.18887,0.18361,0.18526,0.17966,0.18032,-0.00156,0.00074,-0.00057,-0.00485,-0.00288,-52.29731,2064.00000
0.20269,0.19775,0.20565,0.20400,0.20631,0.18394,0.18427,0.18427,0.18624,0.18427,0.00074,-0.00123,0.00041,0.00206,0.00008,-52.30588,2065.00000
0.20203,0.20335,0.19907,0.20269,0.20071,0.18262,0.18262,0.17802,0.18394,0.18558,-0.00156,0.00008,0.00140,-0.00123,-0.00156,-52.30588,2066.00000
0.19907,0.19644,0.20499,0.20071,0.19973,0.18460,0.18361,0.18328,0.18131,0.18262,-0.00057,-0.00123,0.00140,0.00469,-0.00189,-52.00743,2067.00000
0.20137,0.20006,0.20400,0.20104,0.20335,0.18624,0.18591,0.18690,0.18361,0.18262,0.00107,-0.00156,-0.00025,-0.00090,0.00173,-52.00743,2068.00000
0.20302,0.20894,0.19677,0.20367,0.20433,0.18460,0.18262,0.18295,0.18493,0.18098,0.00008,0.00140,-0.00156,0.00239,-0.00090,-52.62969,2069.00000
0.19644,0.20433,0.20335,0.19677,0.20631,0.18394,0.18098,0.18591,0.18230,0.18394,0.00107,0.00337,0.00304,0.00173,-0.00189,-52.62969,2070.00000
0.21321,0.19710,0.20137,0.20071,0.20137,0.18131,0.18164,0.18131,0.18164,0.18098,0.00074,0.00337,-0.00156,-0.00156,-0.00090,-53.53164,2071.00000
0.20598,0.20236,0.20335,0.20302,0.20302,0.18197,0.17901,0.18197,0.18526,0.18558,0.00074,-0.00025,0.00239,0.00272,-0.00025,-53.53164,2072.00000
0.20236,0.20236,0.19282,0.20203,0.20335,0.18394,0.18065,0.18460,0.18558,0.18098,0.00535,0.00074,0.00239,-0.00353,0.00272,-53.57002,2073.00000
0.19742,0.20532,0.19841,0.20466,0.19742,0.18361,0.18328,0.17769,0.18164,0.18065,-0.00123,0.00074,-0.00057,0.00074,0.00074,-53.57002,2074.00000
0.20203,0.20631,0.20532,0.20170,0.19808,0.18197,0.17703,0.18131,0.18690,0.18591,0.00008,0.00666,0.00041,0.00436,-0.00321,-53.46226,2075.00000
0.20466,0.20861,0.20104,0.20071,0.20335,0.18624,0.18262,0.18789,0.18986,0.17868,-0.00222,-0.00189,-0.00025,0.00272,0.00173,-53.46226,2076.00000
0.20203,0.20499,0.20071,0.20302,0.20729,0.18591,0.18131,0.18657,0.18591,0.18427,0.00239,0.00403,0.00469,0.00699,0.00239,-53.37908,2077.00000
0.20269,0.19644,0.20236,0.20335,0.19973,0.17802,0.18394,0.18197,0.18756,0.18164,-0.00123,0.00370,-0.00353,-0.00123,0.00370,-53.37908,2078.00000
0.19907,0.20170,0.20203,0.20631,0.20104,0.18591,0.18098,0.18131,0.19052,0.18591,-0.00090,-0.00090,0.00304,-0.00025,-0.00156,-53.42782,2079.00000
0.20071,0.19742,0.21058,0.20269,0.20433,0.18822,0.18098,0.18624,0.18295,0.18789,0.00140,0.00074,0.00107,-0.00189,0.00239,-53.42782,2080.00000
0.19841,0.19710,0.19841,0.19874,0.20269,0.18098,0.18295,0.18197,0.18328,0.18558,-0.00123,0.00074,0.00239,0.00173,0.00041,-53.76957,2081.00000
0.20236,0.20565,0.20170,0.20170,0.20400,0.18427,0.18262,0.18756,0.18427,0.18493,0.00436,-0.00156,0.00008,0.00370,-0.00123,-53.76957,2082.00000
0.20696,0.20663,0.19742,0.20729,0.20137,0.18230,0.18526,0.18230,0.18230,0.18328,0.00502,0.00173,-0.00057,0.00337,-0.00123,-53.10061,2083.00000
0.19973,0.20104,0.19940,0.20302,0.20137,0.18394,0.18197,0.18361,0.17934,0.18460,0.00140,0.00008,-0.00090,0.00206,0.00140,-53.10061,2084.00000
0.20762,0.20071,0.20203,0.19973,0.20236,0.18098,0.17638,0.18131,0.18657,0.18657,-0.00057,0.00107,0.00436,-0.00123,0.00008,-53.07130,2085.00000
0.20071,0.20499,0.20203,0.19775,0.20269,0.17934,0.18164,0.18361,0.18558,0.18295,0.00074,0.00008,0.00370,-0.00123,0.00337,-53.07130,2086.00000
0.20532,0.20170,0.20729,0.19940,0.20400,0.18460,0.18657,0.18361,0.17868,0.18032,0.00304,0.00239,0.00337,0.00107,0.00008,-52.72217,2087.00000
0.19973,0.20466,0.20335,0.20335,0.20203,0.18262,0.18493,0.18822,0.18262,0.18493,0.00041,0.00403,0.00008,0.00568,-0.00189,-52.72217,2088.00000
0.20006,0.20137,0.20203,0.20367,0.19381,0.18262,0.18164,0.17901,0.18460,0.17901,0.00304,-0.00025,-0.00090,0.00206,0.00107,-52.11792,2089.00000
0.19907,0.19907,0.20203,0.20959,0.20565,0.18230,0.18328,0.18032,0.18295,0.18230,0.00436,0.00370,0.00041,0.00074,0.00206,-52.11792,2090.00000
0.20203,0.20137,0.20532,0.20038,0.20038,0.17802,0.18624,0.18230,0.18164,0.18328,0.00140,0.00041,0.00173,-0.00025,0.00272,-51.28845,2091.00000
0.19940,0.19940,0.20631,0.20400,0.20137,0.18591,0.18295,0.18493,0.18394,0.18230,0.00272,0.00239,0.00206,-0.00386,0.00469,-51.28845,2092.00000
0.19907,0.20203,0.20038,0.20203,0.20236,0.18394,0.18295,0.18723,0.18690,0.18723,0.00074,0.00206,0.00304,0.00074,0.00403,-51.48651,2093.00000
0.19742,0.20828,0.20137,0.20071,0.20006,0.18230,0.18558,0.18657,0.18295,0.18328,-0.00321,-0.00090,0.00008,0.00304,0.00699,-51.48651,2094.00000
0.20137,0.20236,0.19742,0.20104,0.20335,0.18098,0.18065,0.18328,0.18460,0.18427,-0.00123,-0.00090,-0.00025,-0.00189,0.00436,-51.97372,2095.00000
0.20400,0.19940,0.20828,0.20367,0.20828,0.18756,0.18591,0.18526,0.18460,0.17934,0.00600,0.00272,0.00008,-0.00255,0.00173,-51.97372,2096.00000
0.20466,0.20762,0.20532,0.20038,0.20499,0.17999,0.18887,0.17802,0.17999,0.17966,-0.00090,0.00206,0.00337,0.00370,0.00041,-53.01811,2097.00000
0.20104,0.20466,0.20466,0.20466,0.20499,0.17999,0.18789,0.18394,0.18295,0.18361,-0.00025,0.00206,0.00239,0.00535,-0.00123,-53.01811,2098.00000
0.19973,0.20335,0.20433,0.20466,0.20203,0.18624,0.18756,0.18394,0.18328,0.18197,0.00107,0.00041,0.00173,0.00107,0.00699,-54.00173,2099.00000
0.20269,0.20466,0.20038,0.20499,0.20466,0.18098,0.18328,0.18098,0.18361,0.18526,0.00041,0.00436,0.00798,0.00140,-0.00090,-54.00173,2100.00000
0.20400,0.19940,0.21387,0.20236,0.20236,0.18032,0.18098,0.18065,0.18262,0.18197,0.00206,0.00008,0.00370,0.00041,0.00206,-54.15174,2101.00000
0.20071,0.19940,0.20367,0.20598,0.20269,0.17934,0.18032,0.18230,0.17868,0.18065,0.00337,0.00304,0.00304,0.00272,-0.00123,-54.15174,2102.00000
0.20433,0.19775,0.20565,0.20335,0.19578,0.18098,0.18361,0.18230,0.18262,0.18394,0.00272,0.00370,0.00272,0.00041,-0.00057,-54.30976,2103.00000
0.20203,0.20400,0.20302,0.19940,0.20532,0.18526,0.18065,0.18624,0.17999,0.18723,0.00337,0.00140,0.00074,0.00272,0.00272,-54.30976,2104.00000
0.20170,0.20466,0.20104,0.20335,0.19677,0.18295,0.18065,0.18427,0.18098,0.18558,0.00107,0.00173,0.00304,0.00239,0.00107,-53.57822,2105.00000
0.20236,0.20071,0.19742,0.20499,0.20894,0.18230,0.17934,0.17868,0.17966,0.18164,-0.00123,-0.00123,0.00074,0.00074,0.00272,-53.57822,2106.00000
0.20170,0.20006,0.20203,0.20367,0.20269,0.18197,0.18032,0.18427,0.18197,0.18361,0.00304,0.00272,0.00041,0.00370,0.00535,-54.61382,2107.00000
0.20269,0.20499,0.20071,0.20663,0.20236,0.18262,0.18065,0.17999,0.18262,0.18295,0.00370,0.00140,0.00403,0.00008,0.00633,-54.61382,2108.00000
0.21058,0.20367,0.20466,0.20269,0.19973,0.18197,0.18197,0.17769,0.18032,0.18493,0.00173,0.00206,0.00074,-0.00156,0.00469,-53.86453,2109.00000
0.20203,0.20236,0.20236,0.20532,0.20006,0.18394,0.17999,0.17901,0.18098,0.17934,-0.00123,0.00403,0.00272,0.00206,0.00600,-53.86453,2110.00000
0.20302,0.20795,0.20104,0.19808,0.20828,0.18262,0.18328,0.17966,0.18591,0.17999,0.00403,0.00272,-0.00025,0.00272,0.00140,-53.01869,2111.00000
0.20663,0.19940,0.20696,0.19775,0.20894,0.18657,0.18526,0.18230,0.18098,0.18427,-0.00025,0.00337,0.00272,0.00239,0.00568,-53.01869,2112.00000
0.19742,0.20532,0.20335,0.19775,0.20466,0.18361,0.17966,0.18361,0.18164,0.17901,0.00041,0.00370,0.00337,0.00337,0.00304,-52.30280,2113.00000
0.19381,0.20598,0.20038,0.20696,0.19414,0.18920,0.17868,0.18164,0.18394,0.17999,0.00173,0.00436,0.00633,-0.00090,0.00469,-52.30280,2114.00000
0.20170,0.20170,0.20236,0.20269,0.20466,0.18131,0.18723,0.17769,0.18262,0.17802,0.00140,0.00304,0.00206,0.00633,0.00403,-52.84818,2115.00000
0.20236,0.20828,0.20137,0.20038,0.20038,0.18164,0.18230,0.18230,0.18690,0.18526,0.00337,0.00140,0.00469,0.00304,0.00206,-52.84818,2116.00000
0.20269,0.20104,0.20499,0.20104,0.20302,0.18262,0.18098,0.18164,0.18493,0.18854,0.00041,0.00041,0.00337,0.00469,0.00436,-53.15505,2117.00000
0.20071,0.20236,0.19578,0.20367,0.20663,0.18065,0.18558,0.17802,0.18558,0.17999,0.00107,0.00272,-0.00057,0.00469,0.00304,-53.15505,2118.00000
0.19710,0.20499,0.20269,0.20565,0.20236,0.18262,0.18295,0.17901,0.18558,0.18197,0.00502,0.00568,0.00041,0.00502,0.00041,-52.33436,2119.00000
0.20894,0.20236,0.19742,0.20006,0.20302,0.18262,0.17966,0.18460,0.18756,0.18394,0.00008,0.00239,0.00140,0.00304,0.00074,-52.33436,2120.00000
0.20335,0.20367,0.19874,0.19907,0.20071,0.18197,0.18295,0.18197,0.18591,0.18328,0.00304,0.00370,0.00272,0.00535,0.00140,-51.37714,2121.00000
0.20598,0.20006,0.20532,0.20104,0.20071,0.18854,0.18460,0.18361,0.18460,0.18558,0.00469,0.00403,0.00140,0.00370,0.00568,-51.37714,2122.00000
0.20400,0.20006,0.19874,0.20565,0.20302,0.18361,0.18295,0.18591,0.18789,0.18262,0.00765,0.00206,0.00436,0.00239,0.00239,-50.62021,2123.00000
0.20367,0.20104,0.20466,0.20400,0.20663,0.17999,0.18394,0.18558,0.18230,0.18230,0.00765,0.00403,0.00403,0.00107,0.00304,-50.62021,2124.00000
0.20071,0.20269,0.20565,0.20302,0.20598,0.18756,0.18131,0.18723,0.17868,0.18328,0.00600,0.00337,0.00502,0.00140,0.00469,-52.07524,2125.00000
0.20466,0.19611,0.20203,0.20598,0.20663,0.18361,0.18591,0.18591,0.18427,0.17736,-0.00057,-0.00057,0.00633,0.00272,0.00140,-52.25344,2126.00000
0.20269,0.19907,0.19841,0.20762,0.20894,0.18493,0.18624,0.18558,0.18131,0.17966,0.00403,0.00568,0.00107,0.00272,0.00140,-52.25344,2127.00000
0.19907,0.19973,0.20170,0.19775,0.20532,0.18032,0.18427,0.18526,0.18295,0.18427,0.00206,0.00107,0.00535,0.00239,0.00107,-52.23756,2128.00000
0.20663,0.20499,0.20236,0.20137,0.20729,0.18526,0.17934,0.18624,0.17999,0.18164,0.00535,0.00403,0.00304,0.00535,0.00206,-52.23756,2129.00000
0.19710,0.20565,0.20006,0.19578,0.20992,0.18394,0.18493,0.18756,0.18493,0.18394,0.00304,0.00304,0.00272,0.00041,0.00206,-53.23304,2130.00000
0.20302,0.20071,0.19874,0.20565,0.20335,0.18460,0.18558,0.18065,0.18558,0.18164,0.00633,0.00436,0.00041,0.00403,0.00272,-53.23304,2131.00000
0.20203,0.19973,0.20696,0.20400,0.19874,0.18657,0.18657,0.17934,0.18493,0.18065,0.00568,0.00370,0.00074,0.00370,0.00140,-53.12775,2132.00000
0.19775,0.20236,0.20400,0.20433,0.20038,0.17999,0.18065,0.18558,0.18131,0.18394,0.00535,0.00337,0.00403,0.00732,0.00272,-53.12775,2133.00000
0.20203,0.20927,0.20400,0.20696,0.20006,0.18558,0.17999,0.18394,0.18558,0.18526,0.00568,0.00239,0.00469,0.00370,0.00107,-54.15909,2134.00000
0.19907,0.20828,0.20071,0.19973,0.20433,0.17802,0.18262,0.18361,0.18164,0.18032,0.00568,0.00337,0.00403,0.00239,0.00239,-54.15909,2135.00000
0.20400,0.20269,0.20466,0.20269,0.20269,0.17868,0.18361,0.18789,0.18230,0.18328,0.00370,0.00173,0.00337,0.00107,0.00304,-54.03999,2136.00000
0.19841,0.20828,0.20269,0.19907,0.20631,0.18262,0.18328,0.17999,0.18756,0.18789,0.00502,0.00436,0.00469,0.00436,0.00173,-54.03999,2137.00000
0.20236,0.20499,0.20104,0.20663,0.20400,0.17506,0.18164,0.18262,0.18690,0.18295,0.00568,0.00600,0.00568,0.00469,0.00337,-53.79734,2138.00000
0.20367,0.19973,0.20269,0.20038,0.20335,0.18065,0.18098,0.17999,0.18164,0.18131,0.00765,0.01028,0.00206,0.00502,0.00239,-53.79734,2139.00000
0.19808,0.20433,0.20170,0.20071,0.20433,0.18295,0.18262,0.18723,0.17966,0.18657,0.00732,0.00600,0.00239,0.00666,0.00436,-53.89818,2140.00000
0.19775,0.20433,0.20038,0.20992,0.20400,0.18361,0.18460,0.18295,0.18624,0.18098,0.00403,0.00633,0.00568,0.00568,0.00436,-53.89818,2141.00000
0.19841,0.20433,0.20236,0.20006,0.20038,0.18098,0.17901,0.18262,0.18756,0.18460,0.01258,0.00403,0.00239,0.00239,0.00666,-53.45544,2142.00000
0.19907,0.20335,0.20663,0.20663,0.20532,0.17901,0.18328,0.18230,0.18756,0.18328,0.00831,0.00173,0.00403,0.00403,0.00304,-53.45544,2143.00000
0.20335,0.20367,0.20302,0.20400,0.20269,0.18262,0.18197,0.18394,0.17901,0.18230,0.00436,0.00600,0.00337,0.00008,0.00239,-53.38299,2144.00000
0.20499,0.20071,0.20006,0.19907,0.20137,0.18394,0.18460,0.18262,0.18164,0.18328,0.00173,0.00436,0.00633,0.00337,0.00535,-53.38299,2145.00000
0.20137,0.20795,0.20104,0.20236,0.20565,0.18262,0.18164,0.18394,0.18361,0.18262,0.00403,0.00436,0.00436,0.00798,0.00436,-52.88046,2146.00000
0.19907,0.20828,0.19907,0.20006,0.20203,0.17868,0.17999,0.18394,0.18427,0.18164,0.00502,0.00140,0.00732,0.00600,0.00502,-52.88046,2147.00000
0.20203,0.20203,0.20532,0.20236,0.20137,0.18131,0.18295,0.18526,0.18164,0.18526,0.00502,0.00864,0.00732,0.00699,0.00502,-52.71220,2148.00000
0.19841,0.20598,0.20269,0.20532,0.20137,0.18394,0.18295,0.18295,0.18460,0.18427,0.00568,0.01028,0.00469,0.00403,0.00568,-52.71220,2149.00000
0.20006,0.19874,0.20663,0.19874,0.20762,0.18394,0.18328,0.18953,0.18164,0.18526,0.00633,0.00633,0.00502,0.00535,0.00403,-52.63052,2150.00000
0.19907,0.19973,0.19446,0.20302,0.19545,0.18262,0.18032,0.18591,0.19052,0.18295,0.00502,0.00568,0.00600,0.00896,0.00995,-52.63052,2151.00000
0.20532,0.19907,0.19841,0.20006,0.20302,0.18591,0.17901,0.18328,0.18098,0.18295,0.00304,0.00765,0.00272,0.00568,0.00929,-51.79377,2152.00000
0.20762,0.20104,0.20104,0.20433,0.20071,0.18032,0.18295,0.18394,0.18427,0.18657,0.00502,0.00206,0.00732,0.00337,0.00535,-51.79377,2153.00000
0.20400,0.20400,0.19973,0.19907,0.20795,0.18756,0.18822,0.18427,0.18690,0.17999,0.00600,0.00633,0.00436,0.00732,0.00864,-51.48771,2154.00000
0.20367,0.20203,0.20335,0.20400,0.19973,0.18098,0.18427,0.18164,0.18098,0.18230,0.00535,0.00600,0.00568,0.00666,0.00732,-51.48771,2155.00000
0.19940,0.20302,0.19808,0.19841,0.20696,0.18328,0.18361,0.18394,0.17966,0.18328,0.00699,0.00206,0.00502,0.00600,0.00666,-52.04024,2156.00000
0.20433,0.20302,0.20038,0.19874,0.20269,0.18460,0.18657,0.18361,0.18328,0.18295,0.00304,0.00831,0.00535,0.00469,0.00929,-52.04024,2157.00000
0.20038,0.20137,0.19381,0.20532,0.19874,0.18460,0.18262,0.18526,0.18558,0.18197,0.00502,0.00535,0.00568,0.00436,0.00239,-51.70860,2158.00000
0.20696,0.20433,0.20532,0.20071,0.19940,0.18328,0.18624,0.18427,0.18262,0.18427,0.00469,0.00173,0.00765,0.00535,0.00633,-51.70860,2159.00000
0.20367,0.20729,0.20565,0.20367,0.20071,0.18262,0.18164,0.18657,0.18164,0.18493,0.00304,0.00074,0.00535,0.00535,0.00403,-52.38506,2160.00000
0.20565,0.20071,0.20236,0.20959,0.20006,0.18558,0.18328,0.18690,0.18131,0.18065,0.00535,0.00765,0.00798,0.00568,0.01028,-52.38506,2161.00000
0.20170,0.20367,0.20236,0.20927,0.19611,0.17999,0.18230,0.18427,0.18493,0.17835,0.01127,0.00896,0.00732,0.00600,0.00666,-52.76235,2162.00000
0.20367,0.20433,0.20236,0.19742,0.20203,0.18427,0.18032,0.18493,0.18460,0.18295,0.00765,0.00633,0.00568,0.00699,0.00732,-52.76235,2163.00000
0.19907,0.20466,0.19414,0.20269,0.20959,0.18098,0.17901,0.18558,0.18526,0.18493,0.00173,0.00568,0.00206,0.00370,0.00732,-53.76399,2164.00000
0.20335,0.20104,0.20236,0.20335,0.20598,0.18295,0.18328,0.18427,0.18460,0.17901,0.00798,0.00370,0.00929,0.00732,0.00864,-53.76399,2165.00000
0.20367,0.20203,0.19808,0.20236,0.20367,0.18295,0.18131,0.18262,0.18295,0.18328,0.00962,0.00370,0.00600,0.00732,0.00798,-53.54948,2166.00000
0.20203,0.20006,0.20236,0.20433,0.19940,0.17703,0.18131,0.17999,0.18460,0.17868,0.00304,0.00633,0.01390,0.00864,0.00140,-53.54948,2167.00000
0.20038,0.20104,0.20038,0.20367,0.20071,0.17934,0.18328,0.18164,0.18131,0.18526,0.00699,0.00732,0.00600,0.00896,0.00600,-53.95003,2168.00000
0.20236,0.20400,0.20006,0.20302,0.20861,0.18295,0.18361,0.18164,0.18460,0.18558,0.00666,0.00403,0.00633,0.00568,0.00831,-53.95003,2169.00000
0.20104,0.20170,0.19973,0.20532,0.20433,0.18558,0.17999,0.18493,0.18032,0.18427,0.00633,0.00732,0.00864,0.00502,0.00864,-53.64982,2170.00000
0.20367,0.20367,0.20335,0.20170,0.20302,0.17934,0.18526,0.18295,0.18493,0.18460,0.00568,0.00535,0.00864,0.00962,0.00962,-53.64982,2171.00000
0.20170,0.20367,0.20236,0.20170,0.19973,0.17999,0.18131,0.18657,0.17999,0.18164,0.00600,0.00666,0.00436,0.00831,0.01094,-53.97091,2172.00000
0.20170,0.20104,0.20104,0.20071,0.20104,0.18328,0.18657,0.18197,0.18756,0.18032,0.01258,0.00732,0.00699,0.00666,0.00765,-53.97091,2173.00000
0.20006,0.19414,0.20104,0.19940,0.21025,0.18230,0.18822,0.18394,0.17901,0.18427,0.00337,0.00896,0.00765,0.00765,0.00502,-54.25596,2174.00000
0.20236,0.20269,0.20598,0.20631,0.20006,0.18361,0.18690,0.18361,0.18295,0.18065,0.00995,0.00929,0.01192,0.01094,0.01192,-54.25596,2175.00000
0.20302,0.19940,0.20137,0.20400,0.20335,0.18328,0.18032,0.18394,0.18295,0.17638,0.00568,0.00864,0.00896,0.00469,0.00765,-53.30962,2176.00000
0.20433,0.19775,0.20203,0.19940,0.20236,0.18394,0.18361,0.18098,0.18295,0.18032,0.00765,0.00765,0.00502,0.00337,0.00798,-53.30962,2177.00000
0.20170,0.20038,0.20137,0.19973,0.20367,0.18131,0.17999,0.18328,0.18526,0.18065,0.00666,0.00896,0.00962,0.00732,0.00699,-53.20266,2178.00000
0.20236,0.20367,0.19710,0.20137,0.20104,0.18657,0.18328,0.18197,0.18065,0.18295,0.01258,0.00732,0.00633,0.00732,0.01061,-53.20266,2179.00000
0.20203,0.20433,0.20828,0.20400,0.20071,0.18164,0.17473,0.18361,0.18526,0.18328,0.00995,0.00732,0.01324,0.00403,0.00666,-52.68532,2180.00000
0.19611,0.20696,0.20236,0.19644,0.20927,0.18164,0.18131,0.18032,0.18098,0.18361,0.00666,0.01192,0.01160,0.00666,0.00798,-52.68532,2181.00000
0.20104,0.19808,0.20400,0.20104,0.19973,0.18262,0.18164,0.18262,0.18197,0.17736,0.00929,0.00666,0.00929,0.00929,0.00896,-52.60242,2182.00000
0.20400,0.20170,0.19611,0.19907,0.20302,0.18065,0.18756,0.18295,0.17901,0.18032,0.00469,0.00699,0.00600,0.00502,0.01061,-52.60242,2183.00000
0.20236,0.20071,0.19973,0.20367,0.20565,0.18262,0.18164,0.18328,0.18295,0.17999,0.00535,0.01094,0.00896,0.00896,0.01094,-52.22895,2184.00000
0.20269,0.20236,0.19940,0.20400,0.19578,0.18460,0.17901,0.18230,0.18197,0.18295,0.00633,0.00765,0.00666,0.01160,0.00765,-52.22895,2185.00000
0.20729,0.20335,0.20532,0.20302,0.20335,0.17901,0.18361,0.18427,0.18460,0.18230,0.00699,0.00765,0.00732,0.00896,0.01061,-52.44992,2186.00000
0.19907,0.20236,0.19973,0.20104,0.20400,0.18295,0.18394,0.18262,0.18098,0.18394,0.00568,0.00765,0.01028,0.00699,0.00995,-52.44992,2187.00000
0.20499,0.20170,0.19710,0.19874,0.20203,0.18493,0.18427,0.18131,0.18723,0.18164,0.00633,0.01127,0.00666,0.00831,0.00929,-52.17955,2188.00000
0.19907,0.19940,0.20236,0.20302,0.19907,0.18493,0.18394,0.18361,0.18558,0.18230,0.00666,0.00864,0.00995,0.00929,0.00929,-52.17955,2189.00000
0.20269,0.20400,0.20400,0.20598,0.20203,0.18131,0.18262,0.17835,0.18493,0.18526,0.00699,0.00831,0.00864,0.00831,0.00798,-51.92718,2190.00000
0.20631,0.20400,0.20071,0.20433,0.19808,0.18262,0.18394,0.18624,0.18328,0.17703,0.00469,0.00962,0.01127,0.00929,0.00633,-51.92718,2191.00000
0.19841,0.20236,0.20203,0.19973,0.20367,0.18394,0.18361,0.17703,0.17999,0.18361,0.00699,0.00995,0.00633,0.00864,0.00864,-52.44796,2192.00000
0.20170,0.19940,0.20762,0.20302,0.20499,0.18197,0.18197,0.18164,0.18164,0.17901,0.01225,0.01094,0.01160,0.01094,0.00962,-52.44796,2193.00000
0.20499,0.20236,0.20203,0.20170,0.19710,0.18427,0.18624,0.18230,0.17802,0.18427,0.00896,0.00864,0.01192,0.00962,0.00929,-52.39586,2194.00000
0.20367,0.20170,0.20795,0.20663,0.20861,0.18098,0.18197,0.18262,0.18427,0.17868,0.00929,0.00732,0.00798,0.00831,0.00929,-52.39586,2195.00000
0.19940,0.20367,0.20433,0.20104,0.20400,0.18164,0.18591,0.18098,0.18460,0.18624,0.01094,0.01061,0.00633,0.00699,0.01028,-52.60418,2196.00000
0.19808,0.20795,0.20170,0.20927,0.20861,0.18164,0.18197,0.18262,0.18657,0.18295,0.00995,0.00995,0.00732,0.01160,0.00864,-52.60418,2197.00000
0.21025,0.20400,0.20006,0.20302,0.20104,0.18230,0.18065,0.18098,0.18197,0.18131,0.00962,0.01094,0.01324,0.00929,0.00798,-52.98910,2198.00000
0.19841,0.20170,0.20433,0.20104,0.20433,0.18328,0.18164,0.18262,0.17802,0.18197,0.01028,0.01061,0.01225,0.00896,0.00732,-52.98910,2199.00000
0.20006,0.20137,0.20828,0.19381,0.20104,0.17868,0.18262,0.18394,0.18328,0.18460,0.00666,0.00929,0.01160,0.00732,0.00633,-53.29631,2200.00000
0.20236,0.19775,0.19907,0.20499,0.19578,0.18460,0.18032,0.18032,0.18098,0.18262,0.01357,0.00864,0.00995,0.01094,0.01061,-53.29631,2201.00000
0.19775,0.20367,0.20367,0.20927,0.20565,0.18262,0.18098,0.17802,0.18361,0.18164,0.00995,0.00798,0.01258,0.01258,0.00633,-53.89913,2202.00000
0.20269,0.19611,0.20335,0.19742,0.20367,0.18131,0.18493,0.18230,0.18197,0.18197,0.01258,0.01160,0.00962,0.01028,0.00864,-53.89913,2203.00000
0.19973,0.20335,0.19874,0.20466,0.20137,0.18394,0.18460,0.18295,0.17835,0.18493,0.00798,0.01160,0.01192,0.01127,0.00929,-53.68541,2204.00000
0.19808,0.20433,0.19381,0.20302,0.19973,0.17999,0.17934,0.18328,0.18427,0.18493,0.01094,0.01061,0.00896,0.00929,0.01192,-53.68541,2205.00000
0.20269,0.20104,0.20071,0.20400,0.20006,0.17605,0.18065,0.18526,0.18164,0.18460,0.01225,0.01423,0.01127,0.00995,0.00633,-53.05852,2206.00000
0.20203,0.20565,0.19775,0.20696,0.20071,0.18262,0.18262,0.18262,0.18065,0.18131,0.01127,0.01094,0.01423,0.00962,0.00633,-53.05852,2207.00000
0.20104,0.20302,0.20203,0.19775,0.20335,0.18427,0.18789,0.18230,0.17934,0.17506,0.01061,0.01554,0.01094,0.01127,0.01061,-52.39840,2208.00000
0.20137,0.20663,0.19940,0.20302,0.20038,0.18591,0.18460,0.18427,0.18328,0.18427,0.01192,0.00995,0.01028,0.01094,0.00995,-52.39840,2209.00000
0.20038,0.20499,0.20203,0.20137,0.20433,0.18295,0.17703,0.18262,0.17934,0.17966,0.00864,0.01160,0.01061,0.00995,0.01192,-52.59569,2210.00000
0.20992,0.20203,0.20400,0.20466,0.20335,0.18295,0.18032,0.18230,0.17868,0.18065,0.00831,0.00864,0.01192,0.00798,0.00995,-52.59569,2211.00000
0.20137,0.20367,0.20170,0.20071,0.20335,0.18230,0.18624,0.18098,0.18098,0.18131,0.01390,0.01160,0.00995,0.01357,0.01127,-52.08886,2212.00000
0.20499,0.20795,0.19973,0.20236,0.20006,0.18328,0.17934,0.18197,0.18197,0.18624,0.01094,0.01225,0.01160,0.01028,0.00699,-52.08886,2213.00000
0.20663,0.19381,0.20071,0.20598,0.20104,0.17999,0.18164,0.18526,0.18591,0.18328,0.01423,0.01225,0.01324,0.00798,0.00896,-51.82568,2214.00000
0.20335,0.19677,0.20302,0.20367,0.20335,0.17736,0.18164,0.18361,0.18526,0.18262,0.01061,0.00929,0.00962,0.00798,0.01160,-51.82568,2215.00000
0.20071,0.20302,0.20038,0.20433,0.20137,0.18131,0.18756,0.18262,0.18460,0.18032,0.01225,0.01127,0.01061,0.01094,0.00962,-51.82593,2216.00000
0.20038,0.20038,0.20499,0.20137,0.20170,0.18131,0.18098,0.18558,0.18427,0.18328,0.01094,0.01423,0.01028,0.01423,0.01028,-51.82593,2217.00000
0.20203,0.20104,0.20532,0.19742,0.20038,0.18690,0.18427,0.18328,0.17966,0.18197,0.01488,0.01192,0.01094,0.01291,0.00864,-52.07019,2218.00000
0.20335,0.19874,0.20302,0.20137,0.19742,0.17999,0.18526,0.18427,0.18230,0.18394,0.01127,0.01028,0.01423,0.01390,0.01192,-52.07019,2219.00000
0.20203,0.20302,0.20335,0.20071,0.19710,0.18526,0.18427,0.18098,0.18361,0.18493,0.01192,0.01028,0.01127,0.01258,0.01291,-52.63666,2220.00000
0.19874,0.19841,0.20302,0.20631,0.19874,0.18295,0.18427,0.18230,0.18493,0.18295,0.01160,0.01258,0.01324,0.00995,0.01686,-52.63666,2221.00000
0.20565,0.19907,0.20170,0.20499,0.20400,0.18230,0.18361,0.18032,0.18526,0.18394,0.01456,0.01160,0.01094,0.01028,0.01291,-53.14938,2222.00000
0.20598,0.20269,0.20236,0.20565,0.20038,0.18558,0.17999,0.18131,0.18558,0.18164,0.00995,0.01258,0.01160,0.00929,0.00995,-53.14938,2223.00000
0.20203,0.20006,0.20236,0.20071,0.20170,0.18032,0.18328,0.17934,0.18295,0.17999,0.01094,0.00929,0.01160,0.01488,0.01192,-54.14549,2224.00000
0.20269,0.20071,0.19973,0.20499,0.20631,0.18098,0.18230,0.17999,0.17901,0.18690,0.00864,0.01554,0.00896,0.01225,0.01160,-54.03564,2225.00000
0.20663,0.19907,0.20433,0.20795,0.19775,0.17769,0.18394,0.18164,0.17966,0.18361,0.01127,0.01127,0.01324,0.01456,0.01291,-54.03564,2226.00000
0.20400,0.20170,0.20598,0.19611,0.20137,0.17736,0.18032,0.18098,0.18361,0.18427,0.01028,0.00831,0.01127,0.01192,0.01488,-52.45727,2227.00000
0.20203,0.20335,0.20269,0.20466,0.20400,0.18690,0.18262,0.18230,0.18526,0.18131,0.01488,0.00929,0.00929,0.01192,0.01225,-52.45727,2228.00000
0.20335,0.20104,0.20499,0.20302,0.20203,0.18657,0.17934,0.18197,0.17868,0.18131,0.00995,0.01521,0.01390,0.01160,0.01423,-52.27600,2229.00000
0.20696,0.20302,0.20302,0.20137,0.19973,0.18460,0.18558,0.18131,0.17999,0.18756,0.01258,0.01324,0.01291,0.00831,0.01357,-52.27600,2230.00000
0.20071,0.19710,0.20499,0.20203,0.20631,0.18098,0.17769,0.18098,0.18098,0.17999,0.01291,0.01192,0.01620,0.01160,0.01192,-50.51544,2231.00000
0.20236,0.20696,0.20236,0.20104,0.20565,0.18460,0.18032,0.17934,0.18295,0.18032,0.01390,0.01324,0.01291,0.01225,0.01061,-50.51544,2232.00000
0.19973,0.20499,0.19775,0.20203,0.19677,0.18065,0.18065,0.17966,0.17999,0.18065,0.01390,0.01160,0.00831,0.01456,0.01192,-48.85391,2233.00000
0.19940,0.20236,0.20466,0.20302,0.20006,0.18131,0.18164,0.17901,0.18098,0.17835,0.01192,0.01949,0.01488,0.01225,0.01061,-48.85391,2234.00000
0.20071,0.20335,0.19940,0.20466,0.20006,0.18131,0.18558,0.18427,0.18328,0.18032,0.01488,0.01488,0.01127,0.01127,0.01357,-47.28828,2235.00000
0.20400,0.20006,0.20466,0.20038,0.19973,0.18230,0.18427,0.18328,0.18526,0.18690,0.01291,0.00864,0.01686,0.01061,0.01291,-47.28828,2236.00000
0.19874,0.19841,0.19808,0.20104,0.20302,0.18295,0.18262,0.18164,0.18065,0.18164,0.01225,0.01554,0.01061,0.01258,0.01587,-49.63779,2237.00000
0.20400,0.20104,0.20335,0.20170,0.20038,0.18164,0.17966,0.18164,0.18164,0.18394,0.01324,0.01686,0.01324,0.01258,0.01423,-49.63779,2238.00000
0.20302,0.19545,0.19841,0.19710,0.20433,0.18295,0.18756,0.18427,0.17835,0.18295,0.01456,0.01291,0.01127,0.01225,0.01094,-50.41460,2239.00000
0.20400,0.19775,0.20762,0.19808,0.19907,0.17934,0.18131,0.18361,0.17835,0.18230,0.01258,0.01456,0.01127,0.01817,0.01456,-50.41460,2240.00000
0.20302,0.19841,0.20137,0.20367,0.19808,0.18460,0.17901,0.18032,0.17999,0.18131,0.01488,0.01291,0.00962,0.01160,0.01127,-50.68582,2241.00000
0.19710,0.20071,0.20367,0.19874,0.19973,0.18361,0.17835,0.18526,0.18394,0.18295,0.01521,0.01127,0.01784,0.01719,0.01324,-50.68582,2242.00000
0.20137,0.20532,0.19940,0.20762,0.20466,0.18065,0.18032,0.17966,0.17999,0.18197,0.01653,0.01521,0.01160,0.01587,0.00831,-51.13392,2243.00000
0.20302,0.20729,0.20236,0.19973,0.20137,0.18197,0.18262,0.18361,0.18887,0.18526,0.01587,0.01160,0.01423,0.00995,0.01094,-51.13392,2244.00000
0.20367,0.20170,0.19742,0.20499,0.20006,0.18920,0.17769,0.17999,0.18065,0.18131,0.01225,0.01554,0.01291,0.01192,0.01949,-51.44831,2245.00000
0.20104,0.19973,0.20203,0.20367,0.20170,0.17835,0.18164,0.18427,0.18131,0.18558,0.01192,0.01160,0.01423,0.01390,0.01488,-51.44831,2246.00000
0.19677,0.19940,0.20466,0.20696,0.20038,0.18394,0.17999,0.18197,0.18526,0.18460,0.01554,0.01061,0.01587,0.00896,0.01423,-51.74710,2247.00000
0.20466,0.19874,0.20598,0.20203,0.20269,0.18164,0.18230,0.17934,0.18098,0.17934,0.01719,0.01488,0.01160,0.01456,0.01127,-51.74710,2248.00000
0.19677,0.19907,0.19841,0.20137,0.19611,0.18230,0.18164,0.17999,0.17868,0.18065,0.01094,0.01488,0.01554,0.01456,0.01357,-52.07228,2249.00000
0.20433,0.19874,0.20203,0.20071,0.19973,0.18230,0.17901,0.18361,0.17901,0.18558,0.01653,0.01488,0.01127,0.01127,0.01192,-52.07228,2250.00000
0.20203,0.20499,0.19775,0.19973,0.20663,0.17999,0.18394,0.17999,0.18230,0.18361,0.01521,0.01521,0.01521,0.01456,0.01521,-52.39356,2251.00000
0.19742,0.20466,0.20433,0.20137,0.20006,0.17966,0.18953,0.18591,0.18756,0.18032,0.01817,0.01192,0.01817,0.01686,0.00995,-52.39356,2252.00000
0.19446,0.20236,0.19808,0.19414,0.20170,0.18427,0.17966,0.18328,0.18230,0.18164,0.01456,0.01291,0.01653,0.01423,0.01258,-53.14014,2253.00000
0.20663,0.19907,0.20499,0.20038,0.20104,0.18328,0.17506,0.17966,0.18230,0.18197,0.01587,0.01160,0.01423,0.01061,0.01127,-53.14014,2254.00000
0.20367,0.20269,0.20696,0.19446,0.20038,0.18065,0.18098,0.18394,0.18328,0.18394,0.01456,0.01291,0.01357,0.01324,0.01456,-52.61743,2255.00000
0.20959,0.19973,0.20400,0.19644,0.20203,0.17868,0.18328,0.18361,0.18493,0.18065,0.01883,0.01587,0.01488,0.01357,0.01620,-52.61743,2256.00000
0.20104,0.20499,0.20367,0.20038,0.20236,0.18131,0.17934,0.18230,0.18098,0.18197,0.01653,0.01324,0.01653,0.01094,0.01390,-53.23254,2257.00000
0.20927,0.20762,0.20861,0.19940,0.19644,0.18295,0.18427,0.18065,0.17999,0.18164,0.01423,0.01324,0.01488,0.01291,0.01225,-53.23254,2258.00000
0.19973,0.20729,0.19973,0.19841,0.20696,0.18065,0.18657,0.17966,0.18065,0.18131,0.01587,0.01521,0.01653,0.01127,0.01225,-53.73541,2259.00000
0.20269,0.20400,0.20433,0.20071,0.20466,0.18230,0.18591,0.18427,0.18328,0.18032,0.01521,0.01784,0.01291,0.01390,0.01324,-53.73541,2260.00000
0.19710,0.19479,0.20335,0.19973,0.20367,0.18262,0.18197,0.17868,0.18591,0.18262,0.01094,0.01587,0.01324,0.01390,0.01686,-54.11624,2261.00000
0.20170,0.19940,0.20038,0.19611,0.20071,0.17999,0.18295,0.17769,0.18394,0.18197,0.01291,0.01291,0.01094,0.01160,0.01916,-54.11624,2262.00000
0.19907,0.20269,0.20038,0.20729,0.20335,0.18526,0.18328,0.18361,0.18065,0.18197,0.01554,0.01554,0.01324,0.01258,0.01521,-53.90382,2263.00000
0.19874,0.19841,0.19808,0.20532,0.19907,0.18427,0.18427,0.18164,0.18098,0.18032,0.01653,0.01258,0.01390,0.01949,0.01160,-53.90382,2264.00000
0.20236,0.19742,0.19512,0.19874,0.19677,0.17605,0.18197,0.18197,0.17868,0.18131,0.01686,0.01357,0.01554,0.01488,0.01719,-53.68531,2265.00000
0.20071,0.20466,0.19611,0.20861,0.20631,0.18723,0.18262,0.17934,0.18328,0.18295,0.01258,0.01521,0.01488,0.01192,0.01587,-53.68531,2266.00000
0.19677,0.20006,0.19841,0.20006,0.20762,0.17769,0.18493,0.18065,0.18262,0.18131,0.01324,0.01686,0.01390,0.01554,0.01390,-53.40760,2267.00000
0.20236,0.20795,0.19677,0.20663,0.19578,0.18427,0.17999,0.18460,0.18098,0.18131,0.01784,0.02113,0.01258,0.01291,0.01094,-53.40760,2268.00000
0.20071,0.20335,0.20170,0.19940,0.20170,0.18197,0.18230,0.18262,0.17769,0.18394,0.01653,0.01291,0.01719,0.02048,0.01719,-52.64618,2269.00000
0.19775,0.20433,0.20104,0.20335,0.20466,0.17769,0.18131,0.18361,0.17934,0.18295,0.00962,0.01554,0.01784,0.01587,0.01488,-52.64618,2270.00000
0.20071,0.20367,0.19808,0.19874,0.20137,0.18230,0.18361,0.18164,0.18558,0.18295,0.01620,0.01587,0.01719,0.01653,0.01817,-51.97495,2271.00000
0.20565,0.19940,0.19808,0.19907,0.20433,0.17901,0.18197,0.18361,0.18526,0.17934,0.01719,0.01488,0.01587,0.01784,0.01488,-51.97495,2272.00000
0.20203,0.20071,0.20631,0.20335,0.19446,0.18230,0.18690,0.17999,0.18328,0.18065,0.01488,0.01719,0.01587,0.01357,0.01423,-52.18864,2273.00000
0.20269,0.20663,0.20137,0.20302,0.19841,0.18230,0.17901,0.17802,0.18262,0.18295,0.01521,0.01653,0.01850,0.01488,0.01587,-52.18864,2274.00000
0.20071,0.20269,0.20038,0.20170,0.19545,0.18131,0.17440,0.18295,0.18427,0.18394,0.01521,0.01423,0.01752,0.01127,0.01883,-52.05380,2275.00000
0.19644,0.20367,0.20006,0.20104,0.19742,0.17901,0.18460,0.18295,0.18098,0.17901,0.01752,0.01456,0.01883,0.01949,0.01423,-52.05380,2276.00000
0.20269,0.20433,0.19940,0.20499,0.20269,0.18394,0.18032,0.17868,0.18065,0.18065,0.01752,0.01423,0.01653,0.01423,0.01587,-51.73491,2277.00000
0.20532,0.19973,0.19710,0.19611,0.19808,0.18427,0.18197,0.18328,0.18361,0.17868,0.02015,0.01587,0.01719,0.01521,0.01291,-51.73491,2278.00000
0.19677,0.19907,0.19282,0.20729,0.19874,0.18295,0.17868,0.18262,0.18131,0.18328,0.01719,0.01686,0.01653,0.01784,0.01719,-52.29568,2279.00000
0.20367,0.20433,0.19973,0.20663,0.19874,0.18098,0.18131,0.18164,0.18131,0.18131,0.01817,0.01554,0.01653,0.01488,0.01653,-52.29568,2280.00000
0.19808,0.19874,0.20071,0.19742,0.20335,0.17999,0.18295,0.18624,0.17901,0.18098,0.01719,0.01784,0.01160,0.01817,0.02048,-53.16932,2281.00000
0.19874,0.19710,0.20696,0.19907,0.20137,0.18493,0.18361,0.18131,0.17868,0.18230,0.01653,0.01719,0.01521,0.01488,0.01883,-53.16932,2282.00000
0.19841,0.20400,0.20006,0.20729,0.20302,0.17966,0.18230,0.18197,0.18526,0.18262,0.01587,0.01587,0.01719,0.01653,0.01160,-53.32294,2283.00000
0.20236,0.19446,0.19808,0.20203,0.20203,0.18361,0.18098,0.18427,0.18394,0.17934,0.01686,0.01686,0.01817,0.01653,0.01686,-53.32294,2284.00000
0.19907,0.20170,0.20203,0.20367,0.19775,0.18197,0.18394,0.18394,0.17835,0.17901,0.01883,0.01752,0.01653,0.01686,0.01817,-54.63022,2285.00000
0.20400,0.19973,0.19414,0.20400,0.20038,0.18065,0.17966,0.18262,0.17835,0.17934,0.01488,0.01883,0.01587,0.01719,0.01324,-54.63022,2286.00000
0.20335,0.19775,0.19578,0.20499,0.20466,0.17868,0.18098,0.17934,0.17999,0.18164,0.01488,0.01653,0.01423,0.01554,0.01883,-54.33904,2287.00000
0.20466,0.20335,0.20071,0.19085,0.20269,0.18164,0.18328,0.18624,0.17835,0.17901,0.01817,0.01719,0.01883,0.01752,0.01653,-54.33904,2288.00000
0.19973,0.20367,0.19710,0.20104,0.19907,0.18032,0.18230,0.18032,0.17901,0.18328,0.01784,0.01686,0.02245,0.01390,0.01686,-54.26913,2289.00000
0.20367,0.20104,0.20071,0.20236,0.20104,0.18230,0.17736,0.18032,0.17966,0.18394,0.01883,0.01653,0.01587,0.01423,0.01620,-54.26913,2290.00000
0.20302,0.20598,0.19841,0.20532,0.20170,0.17868,0.17934,0.18065,0.18558,0.17999,0.01488,0.01456,0.01784,0.01653,0.01752,-54.27324,2291.00000
0.19742,0.20006,0.20071,0.19150,0.20367,0.18197,0.17868,0.17473,0.17868,0.17868,0.01686,0.01686,0.01850,0.01554,0.01423,-54.27324,2292.00000
0.20269,0.20006,0.20137,0.19940,0.20335,0.18394,0.17901,0.18098,0.17539,0.18032,0.01686,0.01719,0.01423,0.01784,0.01982,-53.56972,2293.00000
0.19677,0.20170,0.20236,0.19907,0.20335,0.18328,0.18295,0.18295,0.18065,0.18262,0.01817,0.01719,0.01653,0.01653,0.01554,-53.56972,2294.00000
0.19841,0.19808,0.19841,0.19677,0.19907,0.18361,0.18427,0.18131,0.17868,0.17999,0.01817,0.02015,0.01587,0.01686,0.01916,-53.34004,2295.00000
0.20170,0.20104,0.20104,0.20663,0.19644,0.18098,0.17703,0.17966,0.18558,0.18262,0.01554,0.01653,0.01719,0.01686,0.01390,-53.34004,2296.00000
0.20137,0.20038,0.20236,0.20302,0.20203,0.18460,0.17638,0.17868,0.18197,0.18328,0.01390,0.01817,0.01719,0.01554,0.01258,-52.87607,2297.00000
0.20038,0.19841,0.20302,0.20203,0.20038,0.18197,0.18591,0.17868,0.18197,0.18230,0.01620,0.01817,0.01653,0.01982,0.01784,-52.87607,2298.00000
0.19973,0.20894,0.19808,0.20236,0.19841,0.17901,0.18361,0.17769,0.17670,0.18460,0.01521,0.01982,0.01620,0.01423,0.01719,-52.14116,2299.00000
0.19940,0.19808,0.20236,0.19841,0.20071,0.17901,0.17966,0.17769,0.18197,0.18427,0.01686,0.01883,0.01686,0.01554,0.01850,-52.14116,2300.00000
0.20696,0.20137,0.20302,0.20236,0.20038,0.18230,0.18230,0.17868,0.17966,0.18197,0.01554,0.01949,0.01456,0.01521,0.02080,-52.13748,2301.00000
0.19808,0.20367,0.20203,0.20104,0.19775,0.17999,0.17440,0.17670,0.18032,0.18098,0.01456,0.02245,0.01817,0.01752,0.01620,-52.13748,2302.00000
0.20104,0.20071,0.20400,0.19479,0.19677,0.18230,0.18032,0.18591,0.18065,0.17736,0.01587,0.01488,0.01719,0.01554,0.01784,-52.31630,2303.00000
0.20038,0.19841,0.19611,0.19907,0.19808,0.17999,0.18098,0.18098,0.17769,0.18098,0.02015,0.01949,0.01653,0.01521,0.01850,-52.31630,2304.00000
0.20598,0.19545,0.20663,0.19973,0.20104,0.18295,0.17999,0.18295,0.18065,0.18295,0.01916,0.02179,0.02146,0.01916,0.01752,-52.61811,2305.00000
0.19710,0.19841,0.19907,0.19841,0.20203,0.18262,0.18197,0.17802,0.18262,0.18427,0.01554,0.02212,0.01784,0.01784,0.01949,-52.61811,2306.00000
0.20269,0.19644,0.20104,0.20335,0.19775,0.18591,0.18164,0.18032,0.17670,0.18065,0.01423,0.01686,0.01686,0.01357,0.02179,-52.53464,2307.00000
0.19973,0.20038,0.19973,0.20400,0.20006,0.18591,0.18032,0.18197,0.18328,0.18690,0.01620,0.01620,0.01752,0.01488,0.01784,-52.53464,2308.00000
0.20071,0.20006,0.20269,0.19907,0.19775,0.17934,0.18065,0.18032,0.18131,0.18131,0.01982,0.01850,0.01883,0.01620,0.01817,-53.03246,2309.00000
0.20203,0.20236,0.20137,0.20367,0.19381,0.17966,0.17999,0.18032,0.17999,0.18230,0.01653,0.01521,0.01554,0.02048,0.01883,-53.03246,2310.00000
0.20038,0.20466,0.20104,0.20532,0.20433,0.18131,0.18164,0.18032,0.18032,0.17966,0.01653,0.01916,0.01587,0.01653,0.02245,-52.94689,2311.00000
0.20400,0.19710,0.20137,0.20236,0.20038,0.18197,0.17835,0.18361,0.18197,0.18558,0.01752,0.01982,0.01850,0.01883,0.01390,-52.94689,2312.00000
0.20565,0.19710,0.20532,0.20400,0.19742,0.18098,0.18065,0.18295,0.18131,0.18131,0.02080,0.02048,0.01719,0.01719,0.01850,-53.25567,2313.00000
0.20499,0.19973,0.19841,0.20663,0.19578,0.17868,0.18230,0.18197,0.17802,0.18328,0.01883,0.02015,0.01817,0.01883,0.01752,-53.25567,2314.00000
0.20170,0.19710,0.20400,0.19973,0.20104,0.18394,0.18558,0.18394,0.17966,0.18262,0.01850,0.01620,0.01653,0.01423,0.02080,-51.11514,2315.00000
0.19808,0.20367,0.19907,0.20762,0.20071,0.18065,0.17440,0.17802,0.18131,0.17999,0.01719,0.01850,0.01554,0.01850,0.01949,-51.11514,2316.00000
0.19973,0.20170,0.19742,0.20335,0.20170,0.17934,0.18065,0.18065,0.18164,0.17901,0.01554,0.01587,0.02015,0.01423,0.01916,-48.26509,2317.00000
0.19578,0.20400,0.19150,0.20170,0.19973,0.18131,0.18197,0.18526,0.18197,0.18131,0.01883,0.01817,0.01719,0.01883,0.01686,-48.26509,2318.00000
0.19940,0.19742,0.20466,0.20170,0.20236,0.18558,0.17999,0.18065,0.18361,0.17934,0.02113,0.01916,0.02113,0.01554,0.02311,-46.35667,2319.00000
0.20302,0.19907,0.19545,0.19710,0.20071,0.18230,0.18295,0.18394,0.17638,0.18197,0.01916,0.01817,0.01686,0.01719,0.01817,-46.35667,2320.00000
0.20269,0.19841,0.19940,0.20006,0.20170,0.18164,0.18361,0.18230,0.17835,0.17868,0.02146,0.01752,0.01817,0.02212,0.02015,-47.56066,2321.00000
0.19808,0.20203,0.19677,0.19940,0.20433,0.18328,0.18558,0.17703,0.18032,0.18098,0.01817,0.01752,0.01982,0.01850,0.01752,-47.56066,2322.00000
0.20236,0.20006,0.19545,0.20236,0.20038,0.18197,0.18394,0.18427,0.18164,0.18295,0.01719,0.01850,0.01521,0.01784,0.01817,-49.68853,2323.00000
0.20038,0.20137,0.20433,0.19315,0.20137,0.17835,0.18624,0.18164,0.18131,0.18164,0.01949,0.01850,0.01949,0.02048,0.02015,-49.68853,2324.00000
0.20335,0.20236,0.20137,0.20137,0.20203,0.18328,0.18262,0.18427,0.17966,0.18361,0.01850,0.01488,0.01686,0.01686,0.01850,-51.28225,2325.00000
0.19742,0.19940,0.20335,0.19874,0.20170,0.17473,0.18361,0.18328,0.18328,0.18230,0.01521,0.01949,0.01686,0.01949,0.01850,-51.28225,2326.00000
0.20598,0.19973,0.20302,0.19479,0.19874,0.18328,0.18262,0.18164,0.18230,0.18131,0.01916,0.01916,0.01752,0.01686,0.01784,-50.85353,2327.00000
0.20104,0.20071,0.20367,0.19644,0.19479,0.18493,0.18098,0.18230,0.18164,0.18164,0.01719,0.01883,0.02015,0.01850,0.01817,-50.85353,2328.00000
0.19710,0.20170,0.19973,0.20598,0.19710,0.17506,0.18822,0.18361,0.18230,0.17703,0.01817,0.02146,0.02146,0.02015,0.02344,-51.58155,2329.00000
0.19578,0.20104,0.20006,0.20038,0.19742,0.18197,0.18197,0.18361,0.18394,0.18427,0.01784,0.01686,0.02015,0.01752,0.01982,-51.58155,2330.00000
0.20335,0.19940,0.20006,0.20137,0.20203,0.18098,0.18328,0.18460,0.18295,0.18131,0.01817,0.01521,0.01949,0.01883,0.02080,-51.93824,2331.00000
0.20367,0.20400,0.20137,0.20466,0.20400,0.18526,0.18262,0.18164,0.18098,0.18427,0.02212,0.01982,0.01752,0.02113,0.01620,-51.93824,2332.00000
0.19841,0.20696,0.20071,0.19775,0.19874,0.18197,0.18460,0.17572,0.17868,0.17868,0.01686,0.01850,0.01916,0.01850,0.02015,-51.86023,2333.00000
0.20006,0.19973,0.20170,0.20203,0.20071,0.18526,0.18098,0.17999,0.17999,0.17572,0.02113,0.02080,0.01784,0.01784,0.02048,-51.86023,2334.00000
0.19710,0.19150,0.20400,0.19841,0.19940,0.18262,0.18032,0.18098,0.18131,0.18262,0.01916,0.01719,0.01653,0.02048,0.02113,-50.88129,2335.00000
0.20269,0.19775,0.19775,0.20400,0.19381,0.18427,0.18032,0.18394,0.18164,0.18032,0.02080,0.02015,0.01916,0.02245,0.02146,-50.88129,2336.00000
0.20170,0.20071,0.20170,0.20335,0.19710,0.17966,0.17934,0.18558,0.17999,0.17670,0.02212,0.01817,0.01916,0.01719,0.01883,-51.17062,2337.00000
0.20367,0.20137,0.19940,0.19710,0.20367,0.18493,0.18493,0.17966,0.18328,0.18328,0.01982,0.01752,0.01653,0.01916,0.01883,-51.17062,2338.00000
0.19808,0.20433,0.19808,0.20071,0.20269,0.18131,0.17966,0.18427,0.18328,0.18098,0.02048,0.01719,0.02015,0.02048,0.02146,-53.09508,2339.00000
0.19742,0.20532,0.20170,0.20302,0.20663,0.18065,0.18164,0.18394,0.18361,0.18032,0.02080,0.01982,0.02113,0.01850,0.01620,-53.09508,2340.00000
0.20466,0.20302,0.20367,0.19677,0.19677,0.18098,0.17670,0.18328,0.18098,0.17966,0.01850,0.01883,0.01982,0.01949,0.02278,-53.47381,2341.00000
0.20532,0.20006,0.20104,0.20795,0.20565,0.17966,0.18591,0.18262,0.18295,0.18164,0.01949,0.01949,0.02146,0.01850,0.01752,-53.47381,2342.00000
0.20499,0.19611,0.19907,0.20236,0.19940,0.17901,0.18262,0.17670,0.18230,0.17835,0.01883,0.01850,0.02146,0.01784,0.01982,-53.92685,2343.00000
0.19578,0.19710,0.20038,0.19940,0.20367,0.18032,0.17966,0.18262,0.18164,0.18098,0.01949,0.01982,0.02278,0.02245,0.01949,-53.92685,2344.00000
0.20006,0.20236,0.20302,0.20696,0.19907,0.18526,0.18131,0.18394,0.18197,0.18526,0.01817,0.01949,0.02344,0.01883,0.01719,-53.53569,2345.00000
0.20137,0.20137,0.19940,0.20170,0.20400,0.18131,0.17934,0.18723,0.18230,0.18493,0.01883,0.01719,0.01653,0.02048,0.01916,-53.53569,2346.00000
0.19710,0.19710,0.20499,0.20433,0.20038,0.18920,0.18295,0.18295,0.18032,0.18164,0.02048,0.01784,0.02113,0.02640,0.01653,-54.25320,2347.00000
0.19841,0.20367,0.19973,0.20104,0.19907,0.18065,0.18624,0.18361,0.17966,0.18131,0.01817,0.01949,0.02113,0.02212,0.01916,-54.25320,2348.00000
0.20499,0.20400,0.19808,0.19841,0.20104,0.18032,0.17999,0.18361,0.18328,0.17999,0.01752,0.01949,0.02245,0.01752,0.01817,-54.16517,2349.00000
0.20170,0.19973,0.19940,0.20006,0.19940,0.18164,0.17835,0.17802,0.17934,0.18065,0.02113,0.02278,0.02015,0.02409,0.02245,-54.16517,2350.00000
0.20006,0.20038,0.20565,0.20367,0.19282,0.18394,0.18262,0.18427,0.18262,0.17901,0.01521,0.01916,0.02475,0.01686,0.01488,-53.10554,2351.00000
0.19841,0.20302,0.20104,0.20729,0.19381,0.18098,0.18328,0.17966,0.17769,0.18427,0.02080,0.02212,0.01949,0.01784,0.02146,-53.10554,2352.00000
0.19381,0.20038,0.20137,0.19611,0.20959,0.18460,0.18624,0.18427,0.18230,0.18230,0.01883,0.01916,0.01817,0.02080,0.01850,-53.49124,2353.00000
0.19677,0.19940,0.20302,0.19512,0.20302,0.18295,0.18131,0.18131,0.18197,0.17966,0.02048,0.02179,0.01686,0.02245,0.02048,-53.49124,2354.00000
0.19775,0.20006,0.20038,0.19907,0.20400,0.17835,0.17868,0.17835,0.18394,0.18230,0.02278,0.02048,0.02146,0.01752,0.02113,-53.24465,2355.00000
0.19710,0.19841,0.19414,0.20203,0.20696,0.18131,0.18032,0.18493,0.17506,0.18197,0.02508,0.02212,0.01587,0.02048,0.02080,-53.24465,2356.00000
0.19479,0.19973,0.19381,0.19742,0.20400,0.18032,0.18065,0.17670,0.18131,0.17999,0.02212,0.01883,0.02080,0.02245,0.02344,-52.51344,2357.00000
0.20104,0.20006,0.20269,0.19808,0.20466,0.17868,0.18197,0.17901,0.18065,0.18328,0.01784,0.01850,0.01817,0.01949,0.01982,-52.51344,2358.00000
0.20269,0.19710,0.20137,0.20071,0.20137,0.18065,0.18328,0.18361,0.18460,0.18197,0.01883,0.02278,0.01916,0.01982,0.02179,-51.89148,2359.00000
0.20302,0.19841,0.20137,0.19775,0.20236,0.18164,0.17966,0.18032,0.18460,0.18624,0.01620,0.02015,0.02048,0.01916,0.01883,-51.79047,2360.00000
0.19611,0.19841,0.19907,0.20795,0.19775,0.18032,0.17966,0.17999,0.17934,0.18164,0.01883,0.01620,0.02376,0.01620,0.02212,-51.79047,2361.00000
0.19907,0.20367,0.20104,0.19578,0.20137,0.17999,0.18460,0.17934,0.18328,0.18526,0.02179,0.01850,0.02311,0.01817,0.02113,-51.87668,2362.00000
0.19677,0.19940,0.20104,0.19775,0.19973,0.18427,0.17966,0.18920,0.17934,0.18624,0.01850,0.02080,0.02179,0.02048,0.01719,-51.87668,2363.00000
0.20400,0.20433,0.19578,0.20433,0.19644,0.17868,0.18032,0.18361,0.18526,0.18197,0.02048,0.02409,0.01686,0.02080,0.02311,-51.96129,2364.00000
0.19611,0.20499,0.20269,0.20006,0.19973,0.17934,0.17835,0.18065,0.18197,0.18328,0.01784,0.02048,0.02179,0.02146,0.02376,-51.96129,2365.00000
0.20006,0.20367,0.20203,0.19644,0.20038,0.17966,0.18887,0.18065,0.18427,0.17966,0.01949,0.01686,0.02113,0.02080,0.01949,-52.98992,2366.00000
0.20071,0.19578,0.20038,0.20565,0.20071,0.18690,0.18591,0.18131,0.18032,0.17769,0.01817,0.02080,0.01752,0.01982,0.02080,-52.98992,2367.00000
0.19808,0.20071,0.20071,0.20038,0.20269,0.17901,0.17769,0.17802,0.17802,0.18197,0.02113,0.02015,0.02048,0.02015,0.02245,-53.55307,2368.00000
0.20335,0.19841,0.19677,0.20170,0.19841,0.17999,0.17999,0.17901,0.18460,0.18427,0.02475,0.01883,0.02245,0.02113,0.01982,-53.55307,2369.00000
0.19578,0.20400,0.20532,0.20466,0.19874,0.17802,0.18460,0.17703,0.18164,0.18197,0.01752,0.02212,0.02080,0.01850,0.02080,-53.29753,2370.00000
0.19479,0.20071,0.20006,0.20236,0.19611,0.18098,0.18164,0.18493,0.18098,0.17966,0.01916,0.02146,0.01653,0.01784,0.01949,-53.29753,2371.00000
0.20170,0.20104,0.20006,0.20137,0.19841,0.18558,0.18328,0.18295,0.18131,0.17736,0.01817,0.01916,0.02113,0.02015,0.02278,-53.06966,2372.00000
0.20433,0.20137,0.19841,0.20038,0.20335,0.18295,0.18164,0.18197,0.17638,0.18427,0.02048,0.02113,0.01817,0.02113,0.02212,-53.06966,2373.00000
0.19545,0.19775,0.20071,0.19808,0.19742,0.18328,0.17638,0.18262,0.17769,0.18328,0.02048,0.02245,0.02344,0.02245,0.02344,-54.32048,2374.00000
0.20861,0.20302,0.19808,0.20367,0.19677,0.18230,0.18197,0.18230,0.18065,0.18295,0.01949,0.02245,0.02080,0.02146,0.02442,-54.32048,2375.00000
0.19710,0.19677,0.19808,0.20038,0.19808,0.18262,0.18262,0.17769,0.17835,0.17934,0.02080,0.02179,0.01883,0.02015,0.02278,-54.92635,2376.00000
0.20071,0.20433,0.20170,0.19940,0.19775,0.18164,0.18131,0.18098,0.18394,0.18197,0.01883,0.01719,0.02179,0.01554,0.02113,-54.92635,2377.00000
0.19677,0.20269,0.20071,0.20203,0.20137,0.17901,0.18098,0.18032,0.18164,0.18197,0.02245,0.01883,0.02113,0.02048,0.02080,-54.53593,2378.00000
0.19578,0.19775,0.19775,0.19742,0.19677,0.18558,0.17966,0.18098,0.17999,0.18032,0.02146,0.02376,0.02278,0.02179,0.02179,-54.53593,2379.00000
0.19907,0.20038,0.19973,0.19677,0.19874,0.17802,0.17999,0.18460,0.18493,0.18098,0.02311,0.01883,0.01916,0.02080,0.02146,-53.52529,2380.00000
0.19512,0.20071,0.20137,0.20170,0.19282,0.18295,0.18164,0.17934,0.17999,0.18065,0.02245,0.02015,0.01949,0.02278,0.02146,-53.52529,2381.00000
0.20071,0.19446,0.20104,0.19973,0.19940,0.17999,0.17769,0.18361,0.17901,0.17835,0.02245,0.02048,0.02015,0.02245,0.02245,-52.95161,2382.00000
0.20335,0.19019,0.20071,0.20696,0.20236,0.17835,0.17736,0.18164,0.18032,0.17966,0.01817,0.02146,0.02311,0.02015,0.02113,-52.95161,2383.00000
0.19808,0.19710,0.19940,0.20203,0.19940,0.18032,0.18065,0.18295,0.17901,0.18690,0.02048,0.01686,0.02113,0.02015,0.02212,-53.46555,2384.00000
0.20598,0.19479,0.20236,0.19512,0.19644,0.17868,0.18361,0.18131,0.18197,0.18131,0.02015,0.01916,0.01982,0.01982,0.02080,-53.46555,2385.00000
0.19710,0.20532,0.20203,0.19775,0.20927,0.17605,0.17769,0.18032,0.18164,0.17901,0.01949,0.01850,0.01916,0.02048,0.01883,-52.36754,2386.00000
0.20269,0.20236,0.19907,0.20302,0.19940,0.18460,0.17901,0.18032,0.18558,0.18032,0.02278,0.02048,0.01982,0.02179,0.02278,-52.36754,2387.00000
0.19808,0.19841,0.19381,0.20400,0.19118,0.18065,0.18164,0.18328,0.18591,0.18394,0.02146,0.01686,0.01949,0.02179,0.02344,-52.17498,2388.00000
0.19907,0.19742,0.20071,0.20565,0.20137,0.18328,0.17769,0.18526,0.17835,0.18032,0.01850,0.02080,0.02212,0.02080,0.02508,-52.17498,2389.00000
0.18986,0.20400,0.19118,0.20236,0.20006,0.17901,0.17835,0.17966,0.18295,0.18164,0.01982,0.02146,0.01883,0.02015,0.01949,-52.17636,2390.00000
0.19973,0.19775,0.19578,0.19446,0.19973,0.18394,0.17966,0.18361,0.18032,0.18131,0.02048,0.02146,0.02048,0.01982,0.02080,-52.17636,2391.00000
0.19677,0.19282,0.19907,0.20006,0.20137,0.18394,0.18098,0.17802,0.17769,0.17901,0.02113,0.02212,0.02508,0.02245,0.01752,-52.24785,2392.00000
0.19479,0.19940,0.19874,0.19545,0.19973,0.18361,0.18295,0.17703,0.17934,0.17934,0.02311,0.01982,0.02113,0.02146,0.02212,-52.24785,2393.00000
0.20170,0.19545,0.19479,0.19841,0.19940,0.18230,0.17703,0.17901,0.17934,0.17802,0.02048,0.01883,0.02080,0.02705,0.02278,-52.05654,2394.00000
0.19446,0.20104,0.20038,0.20170,0.19677,0.18328,0.17835,0.17901,0.17934,0.18558,0.02113,0.01982,0.02113,0.01883,0.02344,-52.05654,2395.00000
0.20499,0.19808,0.19775,0.19677,0.19841,0.18328,0.18197,0.17802,0.18262,0.17966,0.01817,0.02212,0.02179,0.02080,0.02376,-52.51265,2396.00000
0.19808,0.20400,0.19808,0.19940,0.19545,0.18262,0.17539,0.17999,0.18065,0.17736,0.02278,0.02212,0.02278,0.02376,0.02113,-52.51265,2397.00000
0.20006,0.19841,0.20302,0.19578,0.19710,0.17999,0.18295,0.17901,0.17703,0.17802,0.01883,0.02048,0.02113,0.02245,0.02344,-52.60154,2398.00000
0.19677,0.20170,0.19348,0.19710,0.19973,0.18032,0.17901,0.18098,0.17835,0.17769,0.02475,0.01949,0.02179,0.02278,0.02311,-52.60154,2399.00000
0.19907,0.19874,0.19052,0.19677,0.20269,0.18262,0.18197,0.17966,0.17670,0.18065,0.02113,0.01784,0.01949,0.02344,0.02376,-53.31981,2400.00000
0.20006,0.19841,0.20433,0.19841,0.19578,0.18098,0.18065,0.18197,0.17605,0.17999,0.02212,0.02475,0.02212,0.01982,0.01916,-53.31981,2401.00000
0.19611,0.19249,0.19742,0.19446,0.20170,0.17966,0.18262,0.18262,0.18098,0.17638,0.02113,0.02212,0.02409,0.01949,0.02015,-53.53002,2402.00000
0.20466,0.19742,0.19348,0.19512,0.20532,0.18197,0.17901,0.17703,0.18328,0.17999,0.01883,0.02113,0.02344,0.02048,0.01784,-53.53002,2403.00000
0.20565,0.19677,0.19216,0.19414,0.20335,0.17638,0.17868,0.18098,0.17638,0.17999,0.02344,0.02311,0.02311,0.01949,0.02376,-53.81823,2404.00000
0.19775,0.20466,0.20038,0.19775,0.19841,0.18262,0.18361,0.18131,0.17736,0.18098,0.02048,0.02278,0.02376,0.02113,0.02048,-53.81823,2405.00000
0.20170,0.19611,0.20236,0.19512,0.19841,0.18262,0.18295,0.18131,0.18197,0.17638,0.02442,0.01949,0.01982,0.02311,0.02245,-53.17621,2406.00000
0.20335,0.19742,0.20367,0.19644,0.20203,0.18394,0.17901,0.18032,0.18460,0.18295,0.01883,0.02015,0.02048,0.02212,0.02245,-53.17621,2407.00000
0.19907,0.19841,0.19644,0.20433,0.19677,0.17966,0.17802,0.17736,0.18098,0.17999,0.02146,0.02015,0.02278,0.02409,0.02048,-52.94797,2408.00000
0.20071,0.20367,0.20006,0.20400,0.19512,0.18131,0.18262,0.17736,0.17769,0.18591,0.02080,0.01916,0.02212,0.02048,0.02113,-52.94797,2409.00000
0.19512,0.19611,0.20400,0.19710,0.19808,0.17769,0.17736,0.18295,0.18295,0.17934,0.01587,0.02344,0.02245,0.02409,0.02048,-53.09264,2410.00000
0.20269,0.20104,0.19841,0.20532,0.19742,0.17835,0.18065,0.18427,0.18230,0.18032,0.02376,0.02344,0.01752,0.02278,0.02080,-53.09264,2411.00000
0.19545,0.19282,0.19742,0.19742,0.19545,0.17802,0.18164,0.17999,0.17802,0.18230,0.02212,0.01883,0.02508,0.01883,0.02344,-52.98919,2412.00000
0.19940,0.19907,0.19808,0.20104,0.20104,0.18328,0.18098,0.18098,0.17605,0.17901,0.02146,0.02113,0.02278,0.02409,0.02311,-52.98919,2413.00000
0.20006,0.19677,0.20269,0.19710,0.19545,0.18295,0.17901,0.18262,0.18098,0.17901,0.01817,0.02344,0.02376,0.02409,0.02015,-52.22213,2414.00000
0.19940,0.20269,0.19677,0.19907,0.19775,0.18032,0.18131,0.18131,0.18131,0.18262,0.02607,0.01916,0.02311,0.02179,0.02344,-52.22213,2415.00000
0.19545,0.19578,0.20335,0.19874,0.19907,0.17835,0.18032,0.18230,0.18032,0.17670,0.02146,0.02475,0.01850,0.02113,0.02278,-52.04124,2416.00000
0.20532,0.19874,0.19644,0.20038,0.19775,0.17736,0.17999,0.18065,0.18295,0.18098,0.02245,0.02146,0.02311,0.02113,0.02311,-52.04124,2417.00000
0.19907,0.20038,0.19808,0.19742,0.20236,0.18526,0.18460,0.18098,0.18164,0.17802,0.02344,0.02245,0.02212,0.02212,0.02344,-52.76623,2418.00000
0.19973,0.20269,0.19841,0.20433,0.20006,0.17966,0.17638,0.18295,0.18131,0.17966,0.02278,0.02113,0.01784,0.01949,0.02048,-52.76623,2419.00000
0.20104,0.20236,0.19907,0.19644,0.20466,0.18098,0.18197,0.17736,0.17835,0.18197,0.02376,0.02409,0.02278,0.02179,0.02344,-52.57208,2420.00000
0.19940,0.20203,0.19907,0.20170,0.20367,0.18262,0.18065,0.17934,0.18032,0.17539,0.02245,0.01850,0.02113,0.02179,0.02080,-52.57208,2421.00000
0.20269,0.19742,0.19907,0.20071,0.20203,0.17934,0.17999,0.18032,0.17835,0.17835,0.02146,0.02080,0.02212,0.01784,0.02245,-52.72159,2422.00000
0.20137,0.20104,0.20203,0.19742,0.19512,0.18493,0.18230,0.17999,0.18164,0.17703,0.02278,0.02179,0.02344,0.02442,0.02376,-52.72159,2423.00000
0.19611,0.19446,0.20203,0.20071,0.19348,0.17835,0.18427,0.17802,0.17999,0.17769,0.02311,0.01620,0.02179,0.02376,0.02376,-52.49605,2424.00000
0.19677,0.19512,0.20038,0.20137,0.19841,0.18394,0.18262,0.18098,0.18328,0.18460,0.01817,0.01982,0.02278,0.02409,0.01883,-52.49605,2425.00000
0.19742,0.19907,0.19677,0.20400,0.19907,0.17835,0.18493,0.18032,0.17868,0.18032,0.02146,0.02245,0.02475,0.02048,0.01982,-53.08396,2426.00000
0.20532,0.19512,0.20466,0.20071,0.20170,0.17802,0.17934,0.18131,0.18328,0.18197,0.02574,0.01916,0.02113,0.02344,0.02245,-53.08396,2427.00000
0.20400,0.20137,0.20071,0.19775,0.19907,0.18361,0.17966,0.18098,0.17835,0.18065,0.02344,0.02113,0.02146,0.02113,0.02442,-53.54149,2428.00000
0.19907,0.20335,0.19874,0.20038,0.19874,0.18131,0.17966,0.18230,0.17736,0.18164,0.02179,0.02311,0.02245,0.01620,0.02212,-53.54149,2429.00000
0.20006,0.19479,0.19545,0.20565,0.19940,0.17638,0.18262,0.18262,0.17966,0.18197,0.01982,0.02672,0.02113,0.02015,0.02278,-53.64819,2430.00000
0.20532,0.19282,0.19644,0.20038,0.20104,0.18493,0.17999,0.18065,0.17901,0.18624,0.02113,0.01982,0.02146,0.02376,0.02146,-53.64819,2431.00000
0.20828,0.19414,0.20071,0.19611,0.19677,0.18164,0.17934,0.18493,0.18262,0.17868,0.02015,0.02278,0.02179,0.02146,0.02048,-54.26550,2432.00000
0.18986,0.20006,0.19874,0.19315,0.20269,0.18394,0.18065,0.17966,0.18032,0.17901,0.02475,0.02607,0.01949,0.02311,0.02212,-54.26550,2433.00000
0.19874,0.19973,0.19677,0.19611,0.20269,0.18394,0.17440,0.18427,0.18230,0.17999,0.02311,0.02245,0.02212,0.02475,0.02146,-54.15179,2434.00000
0.19808,0.19874,0.20367,0.20006,0.19907,0.18131,0.17966,0.18131,0.17966,0.17670,0.02311,0.02212,0.02574,0.01949,0.01686,-54.15179,2435.00000
0.20104,0.19841,0.19808,0.19940,0.19775,0.17901,0.18164,0.18394,0.18032,0.17638,0.02212,0.01883,0.02376,0.02113,0.01916,-54.02170,2436.00000
0.20038,0.20762,0.20006,0.19841,0.19348,0.17966,0.18230,0.18295,0.18460,0.18624,0.02212,0.02048,0.02409,0.02804,0.02146,-54.02170,2437.00000
0.19907,0.19315,0.20104,0.20006,0.19907,0.17901,0.17868,0.18098,0.18032,0.17934,0.02409,0.01982,0.02179,0.02278,0.01817,-52.77257,2438.00000
0.19249,0.20203,0.20038,0.19446,0.19907,0.17769,0.18230,0.17802,0.18460,0.18197,0.02311,0.02146,0.02508,0.02146,0.02409,-52.77257,2439.00000
0.20071,0.20104,0.19644,0.19874,0.19808,0.17736,0.18361,0.18197,0.17934,0.17703,0.02442,0.02245,0.02344,0.02146,0.02311,-52.51665,2440.00000
0.19940,0.19841,0.20367,0.20269,0.19216,0.17736,0.18131,0.18822,0.17868,0.17966,0.02278,0.02245,0.02278,0.02113,0.01916,-52.51665,2441.00000
0.19808,0.20038,0.20071,0.20565,0.19479,0.18065,0.17835,0.18032,0.18394,0.17868,0.01883,0.02245,0.02080,0.02048,0.01883,-52.21292,2442.00000
0.19973,0.20170,0.19710,0.19545,0.19512,0.18164,0.17835,0.18361,0.17966,0.18262,0.01916,0.02311,0.02146,0.02212,0.02508,-52.21292,2443.00000
0.19940,0.20071,0.19446,0.20104,0.20104,0.18032,0.17473,0.17934,0.18460,0.18131,0.02278,0.02113,0.02574,0.02080,0.02212,-52.01954,2444.00000
0.20203,0.19841,0.19710,0.20367,0.20104,0.18098,0.18065,0.18460,0.18032,0.18262,0.01949,0.02442,0.02212,0.02212,0.02179,-52.01954,2445.00000
0.19841,0.19183,0.20236,0.20400,0.19183,0.18361,0.18262,0.17769,0.18032,0.18328,0.02311,0.02179,0.02574,0.02344,0.02344,-52.01075,2446.00000
0.20006,0.19808,0.19710,0.19973,0.20269,0.18065,0.18493,0.17769,0.17769,0.17901,0.02245,0.02015,0.02212,0.02245,0.02376,-52.01075,2447.00000
0.19446,0.19940,0.20038,0.19775,0.20499,0.17934,0.17868,0.17966,0.18032,0.18230,0.02080,0.02311,0.02179,0.01949,0.02311,-51.58643,2448.00000
0.20137,0.19907,0.20104,0.19644,0.20236,0.17999,0.17736,0.18262,0.17473,0.17802,0.02672,0.02113,0.02311,0.02146,0.02508,-51.58643,2449.00000
0.19644,0.20071,0.19940,0.19808,0.20335,0.18098,0.18361,0.18328,0.17506,0.18032,0.01916,0.02344,0.02705,0.02344,0.02376,-52.77564,2450.00000
0.19907,0.19710,0.20038,0.19808,0.19874,0.17966,0.18098,0.17901,0.18164,0.18361,0.02278,0.02080,0.01850,0.01982,0.02409,-52.77564,2451.00000
0.20038,0.19710,0.20104,0.19545,0.20137,0.17572,0.17835,0.18098,0.18164,0.17999,0.02179,0.02179,0.01949,0.02245,0.02113,-52.81604,2452.00000
0.19578,0.19742,0.20104,0.19808,0.19940,0.17736,0.18262,0.17736,0.18131,0.18230,0.02146,0.02146,0.02278,0.02212,0.02212,-52.81604,2453.00000
0.19249,0.20137,0.20302,0.20367,0.19710,0.18427,0.17769,0.18262,0.18230,0.18361,0.01949,0.02179,0.02311,0.02607,0.02212,-53.36359,2454.00000
0.19479,0.20071,0.20071,0.20302,0.20006,0.17901,0.18098,0.18098,0.17934,0.18262,0.02376,0.02475,0.02113,0.02837,0.01883,-53.36359,2455.00000
0.19907,0.19841,0.19841,0.19874,0.20071,0.17934,0.18262,0.18197,0.18032,0.18526,0.02278,0.02376,0.02672,0.02015,0.02376,-54.06949,2456.00000
0.20038,0.20335,0.19742,0.19775,0.20269,0.17736,0.17934,0.17934,0.18295,0.18098,0.02311,0.02179,0.02146,0.02278,0.02442,-54.06949,2457.00000
0.19775,0.20038,0.20466,0.20828,0.20006,0.18197,0.17966,0.17835,0.18131,0.17703,0.02048,0.02245,0.02146,0.02048,0.02278,-54.64705,2458.00000
0.20006,0.19874,0.19742,0.20236,0.19578,0.17802,0.18295,0.18197,0.17374,0.18230,0.02113,0.02311,0.02541,0.02015,0.02080,-54.64705,2459.00000
0.19085,0.20532,0.19874,0.19841,0.20335,0.18032,0.17999,0.17999,0.17934,0.17934,0.02212,0.02245,0.02311,0.02409,0.02113,-54.28153,2460.00000
0.19874,0.19940,0.20137,0.19940,0.19742,0.18230,0.17539,0.18131,0.18032,0.17901,0.02640,0.02179,0.02212,0.02376,0.02607,-54.28153,2461.00000
0.19907,0.19808,0.19742,0.20170,0.19808,0.17703,0.18328,0.17769,0.17736,0.18558,0.02015,0.02475,0.02245,0.02541,0.02212,-53.76918,2462.00000
0.19479,0.20104,0.20104,0.20367,0.19907,0.18032,0.17901,0.17868,0.17868,0.18230,0.01883,0.02442,0.01916,0.02212,0.02311,-53.76918,2463.00000
0.19808,0.19644,0.20302,0.19841,0.20663,0.17999,0.17934,0.18065,0.18065,0.17934,0.02311,0.02015,0.02179,0.02179,0.02475,-53.95735,2464.00000
0.19973,0.19644,0.19315,0.19907,0.19775,0.18262,0.18328,0.17999,0.17638,0.17736,0.02344,0.02113,0.02278,0.02344,0.02376,-53.95735,2465.00000
0.20269,0.20499,0.19578,0.20137,0.19315,0.17901,0.18361,0.17999,0.17966,0.18427,0.02475,0.01982,0.02179,0.02113,0.02607,-53.42887,2466.00000
0.19973,0.19545,0.20038,0.20335,0.19414,0.17868,0.17638,0.17934,0.18230,0.17999,0.02672,0.02574,0.02311,0.01883,0.02640,-53.42887,2467.00000
0.20104,0.20170,0.19282,0.19611,0.19907,0.18526,0.17670,0.18098,0.18361,0.18295,0.02311,0.02113,0.01916,0.02640,0.02212,-53.09627,2468.00000
0.20071,0.19940,0.19808,0.19907,0.19348,0.17703,0.18460,0.17934,0.18065,0.18493,0.02344,0.02344,0.02179,0.02311,0.02278,-53.09627,2469.00000
0.19578,0.19677,0.19874,0.20236,0.19742,0.18164,0.17769,0.17966,0.18328,0.18098,0.02212,0.02607,0.02179,0.02475,0.02475,-52.62968,2470.00000
0.20236,0.20236,0.19874,0.20269,0.19348,0.17934,0.18032,0.17868,0.18164,0.18065,0.02574,0.02212,0.02311,0.02541,0.02146,-52.62968,2471.00000
0.20302,0.20006,0.19512,0.19710,0.19808,0.17966,0.18164,0.18361,0.18328,0.18361,0.01850,0.02574,0.02113,0.02344,0.02278,-51.96425,2472.00000
0.20433,0.19644,0.20269,0.20071,0.19973,0.18032,0.18361,0.17769,0.17999,0.17638,0.02508,0.02541,0.02179,0.02442,0.01982,-51.96425,2473.00000
0.20335,0.19512,0.19677,0.19874,0.19808,0.17999,0.17868,0.18328,0.18328,0.18230,0.02146,0.02080,0.02344,0.02113,0.02541,-52.08808,2474.00000
0.19775,0.19874,0.19973,0.19940,0.19710,0.18197,0.17638,0.18262,0.18493,0.18131,0.02212,0.02376,0.02113,0.02508,0.02278,-52.08808,2475.00000
0.19677,0.19710,0.19150,0.20071,0.19874,0.18328,0.18131,0.17539,0.18131,0.18164,0.02508,0.02409,0.01982,0.02311,0.02672,-51.44199,2476.00000
0.19874,0.20236,0.19742,0.19940,0.19545,0.18164,0.18197,0.17966,0.17769,0.18262,0.01982,0.02113,0.02179,0.02245,0.02311,-51.44199,2477.00000
0.19677,0.19183,0.19907,0.20137,0.19545,0.18328,0.18032,0.18295,0.18394,0.18131,0.02311,0.02245,0.01982,0.02409,0.02672,-51.10430,2478.00000
0.20038,0.19479,0.20269,0.19315,0.19841,0.18131,0.18164,0.18197,0.17901,0.18361,0.02541,0.01883,0.02245,0.02179,0.02508,-51.10430,2479.00000
0.19940,0.19710,0.19874,0.20038,0.19940,0.17736,0.17966,0.18065,0.17966,0.17934,0.02475,0.02672,0.02409,0.02738,0.02409,-52.30752,2480.00000
0.19874,0.19841,0.19085,0.20006,0.19644,0.18164,0.17934,0.18262,0.17999,0.17868,0.02672,0.02048,0.02541,0.01982,0.02113,-52.30752,2481.00000
0.20499,0.19611,0.19381,0.19973,0.19446,0.18262,0.18394,0.17769,0.17901,0.17999,0.02640,0.02574,0.02146,0.02475,0.02475,-53.25581,2482.00000
0.19841,0.20038,0.19381,0.19414,0.19578,0.18394,0.18427,0.17934,0.18131,0.17736,0.02409,0.02146,0.02475,0.02278,0.02705,-53.25581,2483.00000
0.20532,0.19611,0.20104,0.20170,0.20302,0.18164,0.18098,0.17868,0.18262,0.17934,0.02245,0.02278,0.02080,0.02048,0.02146,-53.76902,2484.00000
0.19644,0.19742,0.20038,0.19940,0.19907,0.18164,0.18098,0.18394,0.17966,0.18197,0.02409,0.02376,0.02672,0.02311,0.02278,-53.76902,2485.00000
0.20104,0.20269,0.19315,0.20071,0.20335,0.18295,0.18098,0.18065,0.18065,0.18164,0.02344,0.02771,0.02541,0.02146,0.02409,-53.47875,2486.00000
0.19545,0.20006,0.19808,0.20104,0.19973,0.17966,0.18065,0.17769,0.17736,0.18098,0.02179,0.02245,0.02574,0.02442,0.02344,-53.47875,2487.00000
0.19907,0.19348,0.20269,0.19479,0.20104,0.18230,0.17736,0.18230,0.17934,0.17473,0.01817,0.02311,0.02245,0.02311,0.02475,-53.94152,2488.00000
0.20269,0.19808,0.19775,0.19710,0.20104,0.18065,0.17769,0.17901,0.18262,0.17999,0.02278,0.02475,0.02607,0.02672,0.02311,-53.94152,2489.00000
0.19545,0.19710,0.19446,0.20203,0.19578,0.18065,0.17901,0.18098,0.17638,0.17769,0.02113,0.02245,0.02475,0.02015,0.02080,-53.72857,2490.00000
0.19775,0.20071,0.19907,0.19479,0.20104,0.18361,0.17703,0.17440,0.17966,0.18065,0.02146,0.02672,0.02442,0.02541,0.02705,-53.72857,2491.00000
0.20071,0.19874,0.19315,0.19907,0.19907,0.18164,0.18164,0.17868,0.18460,0.18526,0.02311,0.02442,0.01949,0.02541,0.02311,-53.95657,2492.00000
0.20006,0.20236,0.19677,0.19249,0.20170,0.18526,0.17868,0.17769,0.18164,0.17638,0.02640,0.02212,0.02475,0.02705,0.02409,-53.95657,2493.00000
0.20466,0.19183,0.19775,0.20104,0.19808,0.17966,0.17868,0.17868,0.17966,0.17473,0.02409,0.01587,0.02113,0.02113,0.02409,-53.38942,2494.00000
0.20006,0.19742,0.19940,0.19940,0.19940,0.18295,0.18230,0.18493,0.17868,0.17901,0.02179,0.02508,0.02311,0.02607,0.02376,-53.38942,2495.00000
0.20170,0.19841,0.19940,0.19381,0.19512,0.17868,0.17966,0.17966,0.17999,0.18197,0.02409,0.01784,0.02376,0.02376,0.02771,-53.71864,2496.00000
0.20071,0.19775,0.20236,0.19973,0.19775,0.18032,0.17539,0.17736,0.17572,0.18230,0.02409,0.02080,0.02672,0.02015,0.02541,-53.71864,2497.00000
0.20006,0.19677,0.20104,0.19940,0.20137,0.18262,0.17835,0.17934,0.17868,0.18230,0.02442,0.02212,0.02048,0.02475,0.02640,-53.10932,2498.00000
0.20269,0.19545,0.20302,0.19414,0.20466,0.17736,0.18295,0.18065,0.17868,0.18131,0.02607,0.02541,0.02409,0.02311,0.02607,-53.10932,2499.00000
0.20137,0.19710,0.20170,0.19611,0.19512,0.17736,0.18131,0.18164,0.17802,0.18032,0.02344,0.02311,0.02311,0.02705,0.02672,-52.62155,2500.00000
0.19611,0.20104,0.20663,0.19710,0.19907,0.18032,0.18065,0.18164,0.17901,0.18131,0.02574,0.02212,0.02640,0.02245,0.02245,-52.62155,2501.00000
0.20071,0.20071,0.19578,0.19940,0.19907,0.17835,0.18131,0.17868,0.17539,0.17901,0.02607,0.02344,0.02376,0.02409,0.02771,-52.10912,2502.00000
0.19907,0.19907,0.19940,0.19940,0.20104,0.18197,0.18526,0.17966,0.18230,0.18131,0.02870,0.02278,0.02607,0.02179,0.02212,-52.10912,2503.00000
0.20006,0.19578,0.20104,0.19874,0.20006,0.17901,0.17999,0.17802,0.18098,0.18032,0.02212,0.02640,0.02640,0.02409,0.02179,-52.00915,2504.00000
0.19775,0.19940,0.20269,0.19907,0.19742,0.17901,0.17901,0.18262,0.17999,0.17736,0.02179,0.02113,0.02409,0.02640,0.02376,-52.00915,2505.00000
0.19710,0.19611,0.19775,0.19841,0.20203,0.17769,0.17901,0.17835,0.17835,0.17901,0.02344,0.02146,0.02245,0.02738,0.02508,-52.56952,2506.00000
0.20071,0.19841,0.20367,0.19874,0.20006,0.17934,0.17835,0.18032,0.18361,0.17638,0.02574,0.02409,0.02146,0.02409,0.01883,-52.56952,2507.00000
0.19874,0.20038,0.20236,0.19512,0.19775,0.17901,0.18065,0.17835,0.17966,0.17506,0.02574,0.02607,0.02442,0.02640,0.02376,-53.29159,2508.00000
0.19611,0.20104,0.19874,0.19479,0.19841,0.18262,0.18394,0.18295,0.18328,0.17605,0.02245,0.02409,0.01982,0.02278,0.02376,-53.29159,2509.00000
0.19644,0.20400,0.19940,0.20565,0.19479,0.18098,0.18197,0.18328,0.18164,0.18460,0.02212,0.02113,0.02376,0.02344,0.02705,-53.64531,2510.00000
0.19874,0.20006,0.19710,0.19940,0.19216,0.17999,0.18032,0.18065,0.17802,0.18230,0.02278,0.02442,0.02311,0.02048,0.02574,-53.64531,2511.00000
0.19677,0.19973,0.19414,0.20565,0.20071,0.18328,0.17966,0.18032,0.17572,0.18065,0.02640,0.01949,0.02475,0.02541,0.02015,-54.25185,2512.00000
0.19348,0.20335,0.19644,0.20335,0.19907,0.18295,0.18065,0.18098,0.17670,0.18591,0.02640,0.02672,0.02541,0.02376,0.02541,-54.25185,2513.00000
0.19512,0.19611,0.20137,0.19874,0.19907,0.18098,0.17539,0.18065,0.17868,0.17769,0.02212,0.02574,0.02344,0.02278,0.02442,-54.68940,2514.00000
0.20104,0.19841,0.19874,0.20400,0.19446,0.18098,0.17473,0.18065,0.17835,0.18361,0.02541,0.02245,0.02376,0.02640,0.02442,-54.68940,2515.00000
0.20236,0.19742,0.19907,0.20269,0.20433,0.17835,0.17638,0.17769,0.17835,0.18493,0.01883,0.02376,0.02705,0.02409,0.02738,-54.44431,2516.00000
0.20203,0.19874,0.19907,0.19183,0.19611,0.17999,0.17736,0.17638,0.18065,0.18427,0.02672,0.02311,0.02048,0.02409,0.02705,-54.44431,2517.00000
0.19512,0.19808,0.19545,0.19644,0.19907,0.17703,0.18032,0.18164,0.17966,0.17868,0.02607,0.02245,0.02475,0.02278,0.02442,-54.17772,2518.00000
0.19644,0.20499,0.19775,0.19512,0.19907,0.17473,0.17999,0.18197,0.17703,0.18032,0.02672,0.02409,0.02146,0.02245,0.02541,-54.17772,2519.00000
0.19907,0.19775,0.20335,0.19742,0.20071,0.17934,0.17966,0.18065,0.18230,0.17999,0.02278,0.02015,0.02311,0.02409,0.02442,-53.65869,2520.00000
0.19644,0.20006,0.19644,0.20203,0.19841,0.17638,0.17506,0.17736,0.17966,0.17934,0.02311,0.02311,0.02311,0.02409,0.02179,-53.65869,2521.00000
0.19710,0.19545,0.19940,0.20203,0.19973,0.17934,0.18328,0.18065,0.17342,0.18197,0.02212,0.02278,0.02409,0.02344,0.02508,-53.47729,2522.00000
0.19545,0.20433,0.19644,0.19710,0.20137,0.18262,0.17835,0.17868,0.17736,0.17342,0.02804,0.02442,0.02409,0.02409,0.02607,-53.47729,2523.00000
0.20137,0.19808,0.19710,0.20006,0.19742,0.18197,0.17736,0.17868,0.18065,0.17769,0.02804,0.02146,0.02607,0.02541,0.02837,-52.58337,2524.00000
0.19742,0.20006,0.19874,0.20170,0.19512,0.17407,0.18230,0.17670,0.17966,0.18493,0.02607,0.02344,0.02048,0.02475,0.01916,-52.58337,2525.00000
0.19775,0.19381,0.19775,0.19973,0.19545,0.17901,0.17473,0.18164,0.18032,0.18065,0.02212,0.02409,0.02278,0.02640,0.02376,-52.47089,2526.00000
0.19611,0.19775,0.19644,0.19381,0.20006,0.17835,0.17802,0.17901,0.18065,0.17934,0.02212,0.02541,0.02475,0.02080,0.02771,-52.47089,2527.00000
0.19381,0.20071,0.19775,0.19446,0.19742,0.18394,0.17703,0.18164,0.18131,0.17835,0.02245,0.02344,0.02607,0.02771,0.02804,-52.43173,2528.00000
0.19545,0.19940,0.20433,0.20006,0.20170,0.18394,0.18065,0.17670,0.17835,0.18065,0.02541,0.02541,0.02738,0.02146,0.02508,-52.43173,2529.00000
0.20335,0.19512,0.19775,0.19710,0.19808,0.17736,0.17901,0.17901,0.18131,0.17999,0.02607,0.02442,0.02409,0.02212,0.02212,-52.45366,2530.00000
0.20038,0.20038,0.20104,0.20335,0.20400,0.17638,0.17802,0.17703,0.18197,0.18427,0.02376,0.02376,0.02475,0.02344,0.02409,-52.45366,2531.00000
0.19611,0.19578,0.20400,0.20335,0.19907,0.17835,0.17736,0.18295,0.17835,0.18098,0.01949,0.02146,0.02640,0.02442,0.02574,-52.15945,2532.00000
0.19841,0.20335,0.20236,0.19907,0.20071,0.18131,0.17769,0.18131,0.17670,0.18131,0.02344,0.02245,0.02607,0.02409,0.02903,-52.15945,2533.00000
0.20006,0.19742,0.20137,0.19446,0.19874,0.18295,0.18394,0.17934,0.17934,0.18230,0.02080,0.02475,0.02903,0.02541,0.01982,-52.79359,2534.00000
0.19973,0.19775,0.19874,0.20038,0.19644,0.18526,0.18460,0.17966,0.18295,0.17473,0.02508,0.02607,0.02738,0.02409,0.02376,-52.79359,2535.00000
0.19578,0.19414,0.20038,0.19907,0.19479,0.17703,0.17934,0.17868,0.18032,0.18164,0.02541,0.02508,0.02640,0.02278,0.02212,-52.26349,2536.00000
0.19940,0.19644,0.19907,0.19874,0.19775,0.18131,0.17966,0.18065,0.17539,0.18558,0.02376,0.02278,0.02574,0.02442,0.02245,-52.26349,2537.00000
0.19841,0.19282,0.19677,0.19907,0.20335,0.18065,0.17736,0.18098,0.17835,0.18328,0.02442,0.02738,0.02574,0.02146,0.02278,-53.40958,2538.00000
0.19808,0.20038,0.19644,0.20269,0.19512,0.18131,0.17539,0.17835,0.17835,0.18032,0.02475,0.02607,0.02376,0.02245,0.02344,-53.40958,2539.00000
0.19973,0.19644,0.19808,0.19808,0.19808,0.17868,0.17638,0.17802,0.18591,0.18065,0.02804,0.02409,0.02212,0.02738,0.02278,-53.74825,2540.00000
0.19841,0.19644,0.19973,0.19315,0.19973,0.17276,0.18394,0.18098,0.18295,0.17703,0.02212,0.02442,0.02442,0.02541,0.02574,-53.74825,2541.00000
0.18822,0.19710,0.19710,0.19742,0.20071,0.17999,0.18032,0.18328,0.17999,0.17835,0.02146,0.02442,0.02344,0.02968,0.02672,-54.26914,2542.00000
0.20071,0.19611,0.19907,0.19940,0.19479,0.17539,0.18361,0.17802,0.17999,0.17999,0.02409,0.02376,0.02278,0.02705,0.02508,-54.26914,2543.00000
0.20071,0.20071,0.19479,0.20203,0.20170,0.17703,0.17835,0.17999,0.18065,0.17868,0.02541,0.02903,0.02541,0.02705,0.02574,-54.54424,2544.00000
0.19381,0.19973,0.20006,0.20038,0.19249,0.18361,0.18197,0.18131,0.18493,0.17703,0.02212,0.02804,0.02771,0.01916,0.01883,-54.54424,2545.00000
0.19808,0.19973,0.19940,0.20203,0.19381,0.17670,0.17901,0.18558,0.18098,0.18328,0.02245,0.02409,0.02574,0.02376,0.02409,-53.54165,2546.00000
0.19973,0.19742,0.19578,0.19611,0.19841,0.17999,0.17670,0.17999,0.18230,0.17868,0.02672,0.02442,0.02574,0.02475,0.02475,-53.54165,2547.00000
0.19841,0.19414,0.19841,0.19512,0.19907,0.17769,0.18164,0.18065,0.18098,0.18098,0.02278,0.02409,0.02607,0.02442,0.02409,-53.89241,2548.00000
0.19940,0.19249,0.19775,0.19841,0.19249,0.17868,0.18098,0.17802,0.18394,0.18427,0.02245,0.02376,0.02409,0.02837,0.02475,-53.89241,2549.00000
0.20104,0.20038,0.19644,0.19874,0.20400,0.18164,0.17868,0.17901,0.17901,0.18131,0.02212,0.02475,0.02475,0.02508,0.02080,-52.61515,2550.00000
0.19545,0.19874,0.19414,0.19611,0.19808,0.18164,0.17868,0.18657,0.17638,0.17670,0.02705,0.02278,0.02442,0.02311,0.02409,-52.61515,2551.00000
0.19611,0.19710,0.19282,0.19742,0.19414,0.17670,0.18065,0.18230,0.18526,0.17835,0.02508,0.02574,0.02475,0.02607,0.02113,-51.68843,2552.00000
0.20038,0.19841,0.20335,0.19150,0.19940,0.18164,0.18098,0.17966,0.18065,0.18131,0.02508,0.02278,0.02442,0.02113,0.02409,-51.68843,2553.00000
0.19940,0.19677,0.19808,0.19841,0.19841,0.17473,0.17999,0.17736,0.17605,0.18065,0.02738,0.02607,0.02640,0.02804,0.02640,-51.74021,2554.00000
0.20170,0.20236,0.19808,0.19216,0.19677,0.17769,0.17769,0.17999,0.17901,0.18131,0.02640,0.02344,0.02640,0.02607,0.02311,-51.74021,2555.00000
0.20038,0.19775,0.19611,0.20269,0.19742,0.18197,0.17966,0.18230,0.18032,0.18197,0.02738,0.02607,0.02409,0.02442,0.02344,-51.96386,2556.00000
0.20203,0.19874,0.19841,0.20071,0.19677,0.17769,0.18361,0.17802,0.17966,0.17868,0.02344,0.02607,0.02672,0.02344,0.02508,-51.96386,2557.00000
0.19841,0.20006,0.19446,0.19710,0.19742,0.17934,0.18394,0.18065,0.17769,0.18098,0.02311,0.02245,0.02574,0.02672,0.02508,-50.94042,2558.00000
0.19841,0.19841,0.20269,0.19611,0.19973,0.18065,0.17868,0.17638,0.17736,0.18065,0.02442,0.02508,0.02705,0.02837,0.02278,-50.94042,2559.00000
0.19348,0.20302,0.19611,0.19512,0.20071,0.17934,0.17802,0.17440,0.17769,0.17999,0.02508,0.02311,0.02705,0.02541,0.02409,-51.82031,2560.00000
0.19742,0.19874,0.19710,0.19644,0.19841,0.17901,0.18131,0.18427,0.17999,0.17934,0.02409,0.02640,0.02409,0.02212,0.02804,-51.82031,2561.00000
0.19775,0.20433,0.19282,0.20203,0.19775,0.18065,0.18295,0.17901,0.18262,0.17210,0.02607,0.02080,0.02442,0.02311,0.02311,-52.63135,2562.00000
0.19216,0.20302,0.19381,0.19973,0.19677,0.17835,0.17966,0.18361,0.18032,0.18164,0.02640,0.02738,0.02212,0.02903,0.02212,-52.63135,2563.00000
0.19907,0.19742,0.20203,0.19742,0.19019,0.18262,0.18164,0.18098,0.18230,0.18065,0.02376,0.02640,0.02541,0.02442,0.02640,-52.91724,2564.00000
0.19644,0.19710,0.19710,0.19381,0.19907,0.18394,0.18098,0.17802,0.18164,0.18098,0.02278,0.02804,0.02640,0.02771,0.02212,-53.14075,2565.00000
0.19677,0.20170,0.19216,0.20762,0.19808,0.18164,0.17868,0.18098,0.17605,0.17835,0.02541,0.02311,0.02278,0.02344,0.02574,-53.14075,2566.00000
0.20006,0.19841,0.19775,0.19710,0.20236,0.17934,0.17999,0.18032,0.18230,0.18230,0.02409,0.02508,0.02278,0.02705,0.02541,-53.44537,2567.00000
0.19775,0.19940,0.20499,0.20104,0.19808,0.18262,0.17966,0.18197,0.18230,0.17966,0.02541,0.02278,0.02080,0.02475,0.02442,-53.44537,2568.00000
0.19644,0.20006,0.20203,0.19512,0.19808,0.17703,0.17966,0.18131,0.18295,0.17966,0.02475,0.02804,0.02146,0.02574,0.02541,-53.46585,2569.00000
0.19644,0.19479,0.19249,0.20071,0.20137,0.17539,0.17802,0.18887,0.17736,0.18164,0.02376,0.02409,0.02278,0.02804,0.02936,-53.46585,2570.00000
0.19710,0.20104,0.19249,0.19775,0.19446,0.17572,0.17868,0.18131,0.18394,0.17868,0.02212,0.02705,0.02278,0.02705,0.02640,-53.84962,2571.00000
0.20236,0.20433,0.20137,0.19742,0.19742,0.17736,0.17999,0.18131,0.18591,0.18032,0.02705,0.02475,0.02278,0.02837,0.02607,-53.84962,2572.00000
0.20367,0.19249,0.19216,0.20335,0.19545,0.17868,0.18295,0.18361,0.17670,0.18032,0.02212,0.02212,0.02738,0.02672,0.02376,-53.92432,2573.00000
0.19249,0.19940,0.20104,0.20433,0.19611,0.17901,0.17901,0.18328,0.17868,0.17835,0.02146,0.02278,0.02508,0.02672,0.02409,-53.92432,2574.00000
0.19874,0.19381,0.19907,0.19545,0.20006,0.17934,0.17868,0.18328,0.17966,0.17703,0.02376,0.02376,0.02640,0.02705,0.02640,-53.72486,2575.00000
0.19446,0.20729,0.20335,0.19808,0.19742,0.18230,0.18230,0.17835,0.18032,0.18558,0.02705,0.02508,0.02311,0.02508,0.02574,-53.72486,2576.00000
0.19874,0.19940,0.19907,0.19315,0.19874,0.17769,0.18032,0.18032,0.17670,0.17638,0.02541,0.02344,0.02146,0.02903,0.02409,-53.31507,2577.00000
0.20269,0.19973,0.19677,0.19874,0.19545,0.18427,0.17605,0.18164,0.18197,0.17934,0.02903,0.02311,0.02442,0.02541,0.02804,-53.31507,2578.00000
0.19677,0.19874,0.19973,0.20170,0.19841,0.17670,0.17999,0.18230,0.17835,0.18427,0.02607,0.02344,0.02541,0.02376,0.02245,-52.91242,2579.00000
0.20236,0.19677,0.19742,0.19874,0.20269,0.18098,0.17769,0.18098,0.18394,0.18131,0.02541,0.02804,0.02475,0.02672,0.02475,-52.91242,2580.00000
0.19414,0.19644,0.19841,0.19348,0.19611,0.18361,0.17835,0.17966,0.18098,0.17999,0.02508,0.02245,0.02541,0.02278,0.02541,-52.66470,2581.00000
0.19479,0.19677,0.19446,0.20203,0.19677,0.17868,0.18361,0.18361,0.17901,0.17868,0.02409,0.02508,0.02442,0.02409,0.02311,-52.66470,2582.00000
0.20203,0.19742,0.19381,0.19775,0.19545,0.18032,0.17835,0.18098,0.18493,0.17736,0.02640,0.02113,0.02574,0.02672,0.02508,-49.48177,2583.00000
0.19775,0.19874,0.19381,0.20269,0.19578,0.17966,0.17934,0.18164,0.17638,0.18394,0.02475,0.02968,0.02442,0.02738,0.02837,-49.48177,2584.00000
0.20203,0.19150,0.19874,0.20071,0.20006,0.18295,0.18197,0.18197,0.17802,0.17736,0.02837,0.02574,0.02245,0.02278,0.02607,-46.81364,2585.00000
0.19940,0.19742,0.19841,0.19545,0.19874,0.18065,0.18328,0.17802,0.18131,0.17901,0.02574,0.02705,0.02574,0.02771,0.02672,-46.81364,2586.00000
0.19808,0.19414,0.19775,0.20071,0.19348,0.17835,0.17736,0.17736,0.18460,0.17802,0.02376,0.02672,0.02607,0.02475,0.02508,-47.73787,2587.00000
0.19677,0.19479,0.19775,0.19874,0.19808,0.18295,0.18164,0.17506,0.18098,0.18394,0.02376,0.02640,0.02607,0.02738,0.02508,-47.73787,2588.00000
0.19118,0.19940,0.19907,0.19907,0.20170,0.18098,0.17605,0.17999,0.18230,0.17934,0.02113,0.02212,0.02376,0.02640,0.02409,-49.91630,2589.00000
0.19644,0.19907,0.19775,0.19611,0.20236,0.17868,0.18065,0.18197,0.18394,0.18131,0.02048,0.02574,0.02311,0.02311,0.02541,-49.91630,2590.00000
0.19183,0.19677,0.20302,0.19019,0.20137,0.17999,0.18295,0.17868,0.17999,0.17506,0.02705,0.02640,0.02738,0.02376,0.02212,-50.86391,2591.00000
0.20137,0.20038,0.20236,0.19216,0.19775,0.17572,0.17736,0.17670,0.17769,0.18164,0.02607,0.02640,0.02738,0.02837,0.02672,-50.86391,2592.00000
0.19611,0.20795,0.20038,0.19578,0.19512,0.17999,0.18262,0.17802,0.18295,0.17868,0.02376,0.02278,0.02376,0.02442,0.02179,-52.04817,2593.00000
0.19216,0.20071,0.19315,0.20104,0.19446,0.18032,0.17966,0.18164,0.17407,0.17506,0.02344,0.02804,0.02212,0.02672,0.02442,-52.04817,2594.00000
0.18986,0.19578,0.20137,0.19611,0.20729,0.18098,0.17769,0.17934,0.18164,0.18230,0.02344,0.02376,0.02409,0.02771,0.02607,-53.02848,2595.00000
0.19808,0.19578,0.19841,0.19381,0.19545,0.18197,0.17736,0.17736,0.17868,0.17670,0.02541,0.02574,0.02442,0.02607,0.02607,-53.02848,2596.00000
0.20104,0.19249,0.19775,0.19710,0.20071,0.18164,0.17638,0.17835,0.18164,0.18230,0.02837,0.02607,0.02508,0.02409,0.02672,-53.47469,2597.00000
0.19742,0.19907,0.20071,0.19644,0.19611,0.18065,0.17934,0.18230,0.17934,0.17835,0.02837,0.02508,0.02607,0.02212,0.02640,-53.47469,2598.00000
0.19512,0.19710,0.20137,0.19710,0.19677,0.17835,0.18065,0.18262,0.18032,0.17934,0.02705,0.02640,0.02574,0.02771,0.02738,-54.22270,2599.00000
0.19841,0.19545,0.19940,0.19841,0.19907,0.17605,0.17736,0.17934,0.18361,0.18295,0.02442,0.02475,0.02508,0.02640,0.02574,-54.22270,2600.00000
0.19742,0.19545,0.19512,0.19578,0.19841,0.17473,0.18526,0.18328,0.17934,0.18164,0.02672,0.02311,0.02475,0.02245,0.02640,-54.33303,2601.00000
0.19446,0.19973,0.20170,0.19545,0.19907,0.17539,0.17703,0.17736,0.17868,0.17769,0.02508,0.02475,0.02936,0.02804,0.03133,-54.33303,2602.00000
0.20104,0.19644,0.20104,0.19644,0.20236,0.17868,0.17769,0.18262,0.18032,0.17999,0.02738,0.02738,0.02936,0.02936,0.02903,-53.39698,2603.00000
0.19940,0.19808,0.19545,0.19808,0.19940,0.17769,0.17934,0.18032,0.17868,0.17605,0.02804,0.02409,0.02640,0.02771,0.02344,-53.39698,2604.00000
0.19282,0.20071,0.19085,0.20663,0.19512,0.18164,0.17769,0.18197,0.17769,0.17966,0.02278,0.02212,0.02936,0.02672,0.02376,-53.81275,2605.00000
0.19808,0.19940,0.20137,0.19973,0.19085,0.18295,0.17934,0.18164,0.17966,0.18131,0.02968,0.02508,0.02574,0.02442,0.02475,-53.81275,2606.00000
0.19775,0.19808,0.19611,0.19282,0.20499,0.17901,0.18197,0.17835,0.18526,0.18065,0.02113,0.02442,0.02607,0.02541,0.02508,-53.90100,2607.00000
0.19841,0.20203,0.19907,0.19019,0.19611,0.17901,0.18197,0.17966,0.17506,0.17769,0.02508,0.02475,0.02409,0.02771,0.02409,-53.90100,2608.00000
0.19052,0.19742,0.19907,0.20170,0.20006,0.17802,0.18164,0.18098,0.17835,0.17934,0.02903,0.02212,0.02607,0.02245,0.02968,-52.70978,2609.00000
0.20071,0.19841,0.20038,0.19479,0.20038,0.17868,0.17703,0.18032,0.18262,0.18131,0.02245,0.02409,0.02607,0.02771,0.02475,-52.70978,2610.00000
0.19381,0.20367,0.19874,0.20071,0.19973,0.17802,0.18032,0.17966,0.18065,0.18361,0.02409,0.02212,0.02607,0.02837,0.02541,-52.88077,2611.00000
0.19578,0.19578,0.19940,0.20104,0.19677,0.17440,0.18131,0.18460,0.17670,0.17966,0.02278,0.02640,0.02607,0.02640,0.02541,-52.88077,2612.00000
0.20071,0.19775,0.19973,0.19940,0.19414,0.18493,0.18032,0.18197,0.17934,0.18262,0.02705,0.02771,0.02936,0.02508,0.02640,-52.39986,2613.00000
0.19907,0.20071,0.19512,0.19907,0.19874,0.17703,0.17670,0.17868,0.18361,0.18032,0.02212,0.02344,0.02903,0.02442,0.02771,-52.39986,2614.00000
0.19578,0.19677,0.20236,0.19973,0.20236,0.17342,0.18164,0.17670,0.17868,0.17769,0.02607,0.02672,0.02672,0.02574,0.02705,-51.82005,2615.00000
0.20104,0.19907,0.20433,0.19611,0.20236,0.17868,0.17966,0.18789,0.17572,0.18361,0.02607,0.02705,0.02640,0.02705,0.02640,-51.82005,2616.00000
0.20006,0.19479,0.19775,0.19512,0.19381,0.17670,0.18197,0.18098,0.17605,0.18230,0.02541,0.02672,0.02837,0.02607,0.02574,-52.43590,2617.00000
0.20038,0.19545,0.19973,0.19611,0.19282,0.17835,0.17868,0.17802,0.18262,0.17769,0.02541,0.02968,0.02541,0.02475,0.02376,-52.43590,2618.00000
0.19907,0.19512,0.20038,0.19973,0.19479,0.18131,0.18098,0.17934,0.17802,0.17966,0.02640,0.02672,0.02672,0.02245,0.02837,-52.29461,2619.00000
0.20006,0.20104,0.19118,0.19611,0.20400,0.18032,0.17868,0.17835,0.17605,0.17934,0.02837,0.02771,0.02607,0.03100,0.02870,-52.29461,2620.00000
0.19414,0.19644,0.19907,0.19742,0.20203,0.18065,0.18098,0.18361,0.17835,0.17638,0.02508,0.02541,0.02376,0.02409,0.02442,-52.97348,2621.00000
0.19446,0.20104,0.19644,0.19808,0.19808,0.18262,0.17769,0.17802,0.17670,0.17670,0.02771,0.02672,0.02541,0.02672,0.02804,-52.97348,2622.00000
0.19808,0.20170,0.19414,0.19808,0.20137,0.18032,0.17835,0.18131,0.17802,0.17703,0.02771,0.02541,0.02541,0.02837,0.02541,-53.77189,2623.00000
0.19677,0.20071,0.19052,0.19644,0.19973,0.17572,0.18624,0.17309,0.18131,0.17835,0.02508,0.02640,0.02672,0.02738,0.02574,-53.77189,2624.00000
0.19907,0.19775,0.19973,0.19446,0.19940,0.18230,0.17802,0.17999,0.17802,0.18427,0.02442,0.02903,0.02607,0.02640,0.02409,-53.87569,2625.00000
0.19118,0.20071,0.20038,0.19907,0.20006,0.18230,0.17769,0.17934,0.18328,0.17966,0.02607,0.02574,0.02541,0.02344,0.02508,-53.87569,2626.00000
0.20466,0.19446,0.20335,0.20170,0.19348,0.17999,0.17802,0.18394,0.18032,0.17966,0.02607,0.02870,0.02738,0.02541,0.02574,-54.43052,2627.00000
0.19710,0.19150,0.20006,0.20137,0.19216,0.17736,0.17374,0.17999,0.17999,0.18032,0.02903,0.02409,0.02738,0.02870,0.02376,-54.43052,2628.00000
0.19249,0.20071,0.19841,0.19808,0.20038,0.17934,0.17539,0.18098,0.17835,0.18262,0.02607,0.02804,0.02607,0.02771,0.02409,-54.13665,2629.00000
0.20038,0.19216,0.20038,0.19710,0.19775,0.18427,0.18032,0.17901,0.17276,0.18328,0.02607,0.02278,0.02113,0.02640,0.02409,-54.13665,2630.00000
0.20335,0.19973,0.20104,0.20038,0.19644,0.18394,0.18065,0.18328,0.17901,0.17605,0.02705,0.02541,0.02705,0.02541,0.02672,-53.48190,2631.00000
0.19907,0.19118,0.19775,0.20137,0.20400,0.17999,0.17111,0.17407,0.18197,0.17966,0.03001,0.02475,0.02344,0.02541,0.02640,-53.48190,2632.00000
0.19512,0.19973,0.19315,0.19973,0.19841,0.18164,0.17769,0.17605,0.17670,0.18526,0.02442,0.02541,0.02442,0.02179,0.02672,-52.90306,2633.00000
0.19775,0.20170,0.19315,0.19973,0.19479,0.18065,0.17506,0.17407,0.17901,0.17999,0.02278,0.02968,0.02738,0.02738,0.02936,-52.90306,2634.00000
0.19940,0.19249,0.20071,0.20006,0.20433,0.18131,0.18032,0.17638,0.17605,0.17999,0.02409,0.02705,0.02705,0.02376,0.02607,-52.91637,2635.00000
0.19940,0.19348,0.20038,0.19907,0.19874,0.17440,0.18065,0.18131,0.17934,0.17473,0.02541,0.02574,0.02245,0.02541,0.02541,-52.91637,2636.00000
0.19775,0.19414,0.20302,0.20137,0.19611,0.18230,0.17934,0.18065,0.17901,0.17934,0.02607,0.02442,0.02376,0.02212,0.02508,-52.46405,2637.00000
0.19611,0.19907,0.20104,0.20137,0.18920,0.17473,0.17802,0.17901,0.18131,0.17901,0.02508,0.02607,0.03067,0.02672,0.02442,-52.46405,2638.00000
0.19381,0.20400,0.19052,0.20269,0.20269,0.17901,0.18328,0.17802,0.18098,0.17736,0.02311,0.02640,0.02442,0.02442,0.02738,-52.92392,2639.00000
0.18920,0.19808,0.20433,0.19348,0.19381,0.18131,0.18164,0.18164,0.17999,0.17999,0.02903,0.02442,0.02640,0.02508,0.02048,-52.92392,2640.00000
0.19479,0.19710,0.20170,0.20302,0.19052,0.17901,0.17605,0.17736,0.17999,0.17934,0.02311,0.02607,0.02508,0.02475,0.02870,-52.28960,2641.00000
0.19907,0.19710,0.20269,0.20104,0.19315,0.17802,0.17769,0.18164,0.18164,0.18131,0.02771,0.02771,0.02672,0.02311,0.02771,-52.28960,2642.00000
0.19479,0.19874,0.19677,0.19348,0.20104,0.18328,0.18427,0.18032,0.18262,0.18197,0.02705,0.02771,0.02278,0.02475,0.02607,-52.02370,2643.00000
0.19611,0.19446,0.20170,0.19545,0.20269,0.17670,0.18098,0.17670,0.17835,0.17868,0.02508,0.02771,0.02738,0.02640,0.02574,-52.02370,2644.00000
0.19414,0.20236,0.20269,0.19775,0.19808,0.17999,0.17835,0.17670,0.18295,0.17835,0.02607,0.02903,0.02837,0.02311,0.02607,-51.83949,2645.00000
0.19545,0.19578,0.19808,0.19545,0.19940,0.18131,0.17769,0.18065,0.18197,0.17868,0.02475,0.02771,0.02771,0.02278,0.02672,-51.83949,2646.00000
0.20104,0.19874,0.19644,0.20071,0.19808,0.18361,0.18131,0.17934,0.17769,0.18230,0.02574,0.02541,0.02508,0.02705,0.02607,-51.62043,2647.00000
0.19907,0.19414,0.19841,0.19907,0.20203,0.18065,0.17769,0.17835,0.18197,0.17539,0.02804,0.02146,0.02541,0.02574,0.02870,-51.62043,2648.00000
0.19940,0.19808,0.19742,0.19874,0.20433,0.17703,0.18065,0.17901,0.18131,0.17605,0.02442,0.02311,0.02574,0.02574,0.02705,-52.86588,2649.00000
0.20236,0.20006,0.19841,0.19677,0.20038,0.17934,0.18197,0.18131,0.18065,0.17901,0.02672,0.02705,0.02936,0.02409,0.03133,-52.86588,2650.00000
0.19907,0.20104,0.19841,0.19118,0.19512,0.17901,0.17999,0.18131,0.18328,0.18295,0.02376,0.02640,0.02903,0.02541,0.02705,-53.48128,2651.00000
0.19348,0.20302,0.20137,0.19710,0.19710,0.18032,0.17572,0.18197,0.18230,0.17934,0.02508,0.02574,0.02574,0.02311,0.02344,-53.48128,2652.00000
0.19940,0.20302,0.20137,0.19775,0.19841,0.17572,0.17802,0.18230,0.18131,0.18230,0.02475,0.02475,0.02278,0.02607,0.02574,-53.65226,2653.00000
0.19775,0.19841,0.19841,0.19841,0.19479,0.18427,0.17440,0.17999,0.18526,0.17703,0.02738,0.02442,0.02837,0.02376,0.02672,-53.65226,2654.00000
0.19315,0.19710,0.19742,0.19874,0.20038,0.17868,0.18197,0.17934,0.17835,0.17638,0.02640,0.03067,0.02442,0.02672,0.02344,-54.26998,2655.00000
0.20400,0.19578,0.19381,0.19578,0.20170,0.18262,0.18131,0.17835,0.18032,0.17703,0.02771,0.02344,0.02705,0.02541,0.02409,-54.26998,2656.00000
0.19874,0.19775,0.19775,0.19414,0.19578,0.17934,0.17473,0.17835,0.17999,0.17934,0.02705,0.02113,0.02541,0.02475,0.02146,-54.18821,2657.00000
0.19841,0.20104,0.20104,0.19611,0.19841,0.17802,0.18065,0.17539,0.18065,0.17638,0.02672,0.02672,0.02574,0.02475,0.02409,-54.18821,2658.00000
0.19808,0.19710,0.19874,0.19973,0.19808,0.18131,0.18164,0.17835,0.17934,0.17835,0.02672,0.02804,0.02442,0.02541,0.02870,-54.04723,2659.00000
0.20071,0.20104,0.20071,0.19348,0.20104,0.17769,0.17966,0.17966,0.17835,0.18197,0.02607,0.02475,0.02705,0.03232,0.02541,-54.04723,2660.00000
0.19874,0.20269,0.19052,0.19578,0.19512,0.18427,0.17999,0.17966,0.17999,0.17999,0.02541,0.02442,0.02672,0.02146,0.02640,-53.33221,2661.00000
0.19775,0.19644,0.20104,0.19644,0.19677,0.17999,0.18032,0.17868,0.17999,0.17473,0.02771,0.02574,0.02344,0.02475,0.02409,-53.33221,2662.00000
0.19381,0.20302,0.20335,0.19710,0.19611,0.17473,0.17999,0.17901,0.17999,0.17802,0.02311,0.02607,0.02376,0.02541,0.02640,-51.94198,2663.00000
0.19545,0.20104,0.19118,0.19348,0.19446,0.18361,0.18197,0.18197,0.17638,0.17999,0.02705,0.02508,0.02344,0.02344,0.02903,-51.94198,2664.00000
0.20236,0.19216,0.20038,0.19545,0.19381,0.18098,0.17966,0.17966,0.18262,0.18032,0.02738,0.02442,0.02936,0.02508,0.02541,-50.38750,2665.00000
0.20038,0.19874,0.19710,0.19841,0.20038,0.18262,0.17736,0.17703,0.17999,0.18197,0.02541,0.02903,0.02376,0.02278,0.02738,-50.38750,2666.00000
0.20335,0.19348,0.20532,0.20137,0.19677,0.17901,0.17572,0.18065,0.18230,0.17999,0.02705,0.02541,0.02672,0.02442,0.02771,-48.20888,2667.00000
0.20236,0.19183,0.20137,0.19742,0.19973,0.17868,0.17638,0.18328,0.17703,0.17769,0.02442,0.02771,0.02870,0.02705,0.02738,-48.20888,2668.00000
0.19085,0.20729,0.19775,0.19841,0.19578,0.17802,0.18065,0.18065,0.17539,0.18131,0.02574,0.02738,0.02607,0.02870,0.02376,-46.15766,2669.00000
0.19578,0.19973,0.20302,0.19742,0.19940,0.17901,0.18558,0.18427,0.18098,0.17736,0.02903,0.02475,0.02672,0.02705,0.02409,-46.15766,2670.00000
0.19183,0.20203,0.20335,0.19545,0.20137,0.18230,0.17802,0.17802,0.18098,0.18361,0.02508,0.02771,0.02968,0.02870,0.02705,-48.77463,2671.00000
0.19907,0.20269,0.19446,0.19775,0.19578,0.18098,0.18032,0.18032,0.18394,0.17802,0.02738,0.02804,0.02870,0.02475,0.02574,-48.77463,2672.00000
0.19940,0.19446,0.19348,0.19973,0.19446,0.18098,0.17868,0.17539,0.17868,0.17276,0.02640,0.02574,0.02968,0.02442,0.02179,-49.84874,2673.00000
0.19940,0.20071,0.19512,0.19578,0.20236,0.17835,0.18164,0.17440,0.17999,0.18131,0.02738,0.02541,0.02475,0.02672,0.02738,-49.84874,2674.00000
0.20203,0.19973,0.19216,0.20367,0.20006,0.18032,0.18098,0.17670,0.17835,0.17835,0.02837,0.03034,0.02837,0.02409,0.02771,-51.64068,2675.00000
0.19414,0.19973,0.20203,0.19611,0.19677,0.17703,0.17934,0.17901,0.18065,0.18098,0.02442,0.02245,0.02409,0.02870,0.02541,-51.64068,2676.00000
0.19808,0.19940,0.19808,0.19512,0.19545,0.17835,0.17802,0.17934,0.17835,0.17638,0.02640,0.02475,0.02738,0.02574,0.02475,-52.60745,2677.00000
0.19742,0.19677,0.19940,0.19183,0.20104,0.17901,0.17934,0.17835,0.18230,0.17769,0.02475,0.02245,0.02771,0.02442,0.02771,-52.60745,2678.00000
0.19118,0.19710,0.19940,0.19742,0.19973,0.17572,0.18032,0.18098,0.17769,0.18394,0.02771,0.02245,0.02870,0.02376,0.02870,-53.24953,2679.00000
0.20137,0.19479,0.20038,0.19446,0.19315,0.17999,0.17736,0.17934,0.17835,0.17802,0.02508,0.02212,0.02541,0.02311,0.02936,-53.24953,2680.00000
0.19841,0.19479,0.20433,0.19545,0.20006,0.17901,0.17868,0.18065,0.17999,0.17868,0.02640,0.02705,0.02574,0.02475,0.02376,-53.95875,2681.00000
0.20170,0.20269,0.19940,0.19940,0.19677,0.17703,0.18098,0.18197,0.17506,0.17703,0.02278,0.02508,0.02903,0.02607,0.02376,-53.37830,2682.00000
0.20071,0.19710,0.19841,0.20006,0.19644,0.18197,0.17901,0.17670,0.18032,0.17868,0.02804,0.02212,0.02442,0.02705,0.02672,-53.37830,2683.00000
0.19249,0.19545,0.19644,0.20170,0.19775,0.17769,0.17703,0.17901,0.17506,0.17868,0.02574,0.02541,0.02541,0.02475,0.02705,-53.26630,2684.00000
0.19677,0.19677,0.19545,0.19742,0.19940,0.17835,0.18460,0.18032,0.17769,0.17670,0.02344,0.02771,0.02311,0.02311,0.02672,-53.26630,2685.00000
0.19841,0.19611,0.20236,0.19710,0.19973,0.17966,0.18065,0.17901,0.17769,0.18197,0.03232,0.02409,0.02672,0.02475,0.02607,-53.53989,2686.00000
0.20269,0.19118,0.19348,0.19808,0.19381,0.18032,0.17934,0.18657,0.17999,0.17835,0.02771,0.02409,0.02344,0.02245,0.02837,-53.53989,2687.00000
0.20302,0.20499,0.19085,0.19578,0.20203,0.17506,0.17572,0.18065,0.18361,0.18427,0.02541,0.02738,0.02771,0.02903,0.02508,-52.36809,2688.00000
0.20137,0.19841,0.19940,0.19249,0.20006,0.17934,0.18230,0.17835,0.17539,0.17835,0.02344,0.02311,0.02870,0.02903,0.02771,-52.36809,2689.00000
0.19841,0.19611,0.19841,0.20466,0.19545,0.18427,0.18032,0.18032,0.17868,0.18427,0.02574,0.02344,0.02541,0.02278,0.02672,-53.35690,2690.00000
0.19578,0.19874,0.19578,0.19545,0.19578,0.18131,0.18164,0.17934,0.17934,0.18427,0.02837,0.02837,0.02278,0.02738,0.02738,-53.35690,2691.00000
0.20302,0.19282,0.20170,0.19611,0.20104,0.17934,0.18361,0.18065,0.18493,0.18098,0.02541,0.02607,0.02475,0.02541,0.02705,-52.58665,2692.00000
0.20499,0.20137,0.20170,0.19479,0.19677,0.18131,0.18098,0.17835,0.17999,0.18262,0.03034,0.02442,0.02541,0.02344,0.02771,-52.58665,2693.00000
0.19216,0.19414,0.20104,0.19578,0.19315,0.17802,0.18164,0.18197,0.18230,0.18295,0.02738,0.02607,0.02508,0.02705,0.02837,-52.59215,2694.00000
0.19282,0.19381,0.20137,0.19940,0.19512,0.17736,0.17736,0.17703,0.17769,0.17802,0.02541,0.02541,0.02738,0.02771,0.02640,-52.59215,2695.00000
0.19578,0.19446,0.19907,0.19742,0.20335,0.17736,0.17736,0.18065,0.18427,0.17342,0.02376,0.02640,0.02607,0.02376,0.02771,-52.48260,2696.00000
0.20038,0.19315,0.19907,0.20335,0.19742,0.18164,0.18098,0.18295,0.17901,0.17703,0.02640,0.02574,0.02903,0.02837,0.02804,-52.48260,2697.00000
0.19249,0.19775,0.20104,0.20006,0.19315,0.18065,0.18098,0.18427,0.18230,0.18131,0.02574,0.02376,0.02738,0.02574,0.02245,-53.31650,2698.00000
0.19578,0.20071,0.20071,0.19907,0.19973,0.18164,0.17934,0.17934,0.18065,0.17868,0.02311,0.02640,0.02607,0.02442,0.02903,-53.31650,2699.00000
0.20006,0.19973,0.19940,0.20104,0.19808,0.18394,0.17868,0.17802,0.17736,0.18065,0.02870,0.02640,0.02672,0.02903,0.02804,-54.08501,2700.00000
0.19677,0.20071,0.19808,0.20565,0.19907,0.18427,0.17999,0.17638,0.17868,0.17802,0.02870,0.02640,0.02771,0.02574,0.02804,-54.08501,2701.00000
0.20071,0.19644,0.19808,0.20137,0.19381,0.17999,0.17638,0.18032,0.18558,0.17703,0.02409,0.02804,0.02607,0.02508,0.02936,-54.90627,2702.00000
0.20104,0.20335,0.19907,0.19348,0.19841,0.18230,0.17440,0.18262,0.18328,0.17934,0.02376,0.02837,0.02442,0.02541,0.02574,-54.90627,2703.00000
0.19512,0.19644,0.20038,0.19710,0.19775,0.18098,0.17934,0.17769,0.18230,0.18394,0.02738,0.02672,0.02705,0.02640,0.02705,-54.27687,2704.00000
0.20170,0.19578,0.19940,0.19775,0.20433,0.17736,0.18065,0.17572,0.18262,0.17934,0.02607,0.02574,0.02804,0.02508,0.02574,-54.27687,2705.00000
0.19348,0.19578,0.20400,0.19677,0.20400,0.17802,0.18262,0.18295,0.17703,0.17999,0.02672,0.03001,0.02738,0.02607,0.02870,-54.67994,2706.00000
0.20203,0.20269,0.20565,0.19742,0.19479,0.17769,0.17802,0.18230,0.18164,0.18098,0.02705,0.02574,0.02672,0.02936,0.02837,-54.67994,2707.00000
0.19907,0.20104,0.19710,0.19973,0.19973,0.17703,0.17638,0.18460,0.18361,0.17802,0.02870,0.03001,0.02508,0.02541,0.02771,-54.26136,2708.00000
0.20170,0.20071,0.20104,0.19841,0.19644,0.17835,0.17736,0.18197,0.18295,0.18295,0.02837,0.02771,0.02870,0.02672,0.02574,-54.26136,2709.00000
0.19644,0.19446,0.19611,0.19940,0.19940,0.17934,0.17736,0.18164,0.18262,0.18164,0.02508,0.02705,0.03001,0.02640,0.02672,-53.59308,2710.00000
0.19578,0.19841,0.19512,0.20400,0.20006,0.18361,0.18164,0.17901,0.18098,0.17802,0.02870,0.02738,0.02672,0.02968,0.02640,-53.59308,2711.00000
0.19315,0.20137,0.19677,0.20466,0.19414,0.18065,0.18230,0.18065,0.17769,0.17868,0.02968,0.02376,0.02640,0.02409,0.02344,-53.60562,2712.00000
0.19512,0.20236,0.20236,0.19677,0.19874,0.18197,0.17999,0.17966,0.17901,0.17835,0.02640,0.02672,0.02475,0.02508,0.02574,-53.60562,2713.00000
0.19775,0.19874,0.19512,0.20236,0.19677,0.18098,0.17966,0.18098,0.18262,0.17802,0.02640,0.02574,0.02903,0.02541,0.02968,-53.50203,2714.00000
0.19414,0.20038,0.19545,0.19611,0.19841,0.17934,0.17802,0.18065,0.18032,0.17638,0.02574,0.02804,0.02837,0.02541,0.02837,-53.50203,2715.00000
0.19381,0.19742,0.20302,0.19841,0.19775,0.18427,0.17638,0.18197,0.18164,0.17999,0.03067,0.02179,0.02508,0.03001,0.02672,-53.61381,2716.00000
0.19973,0.19512,0.19611,0.19775,0.19578,0.17802,0.18394,0.17999,0.17802,0.17769,0.02968,0.02607,0.02804,0.02574,0.02870,-53.61381,2717.00000
0.19578,0.20006,0.19808,0.20565,0.20170,0.18032,0.18230,0.17966,0.18230,0.17473,0.02672,0.02508,0.02574,0.02903,0.02442,-52.76882,2718.00000
0.19282,0.19841,0.19775,0.19446,0.19282,0.18262,0.17638,0.18197,0.17999,0.17868,0.02607,0.02442,0.02672,0.02574,0.02442,-52.76882,2719.00000
0.19611,0.19611,0.19874,0.20302,0.19841,0.17901,0.18032,0.17670,0.18328,0.18197,0.02574,0.02705,0.02738,0.02705,0.02376,-52.42201,2720.00000
0.20170,0.19677,0.19677,0.20302,0.19973,0.18164,0.18131,0.17868,0.17374,0.17901,0.02640,0.02475,0.02738,0.02705,0.02870,-52.42201,2721.00000
0.20236,0.19545,0.19742,0.19808,0.19315,0.17506,0.17572,0.17835,0.18164,0.17934,0.02508,0.02640,0.02574,0.02738,0.02475,-52.63923,2722.00000
0.19841,0.20335,0.19611,0.19841,0.19841,0.18131,0.17966,0.17736,0.17999,0.17736,0.02607,0.02804,0.02640,0.02508,0.02771,-52.63923,2723.00000
0.19315,0.19808,0.19348,0.19644,0.20236,0.18230,0.17769,0.17605,0.18262,0.18394,0.02409,0.02837,0.02344,0.02508,0.02376,-52.75760,2724.00000
0.19644,0.20367,0.19710,0.20104,0.20269,0.17835,0.17638,0.17605,0.17901,0.17901,0.02705,0.02705,0.02936,0.03067,0.02409,-52.75760,2725.00000
0.19183,0.20137,0.20203,0.20137,0.19216,0.18262,0.17111,0.17802,0.17802,0.17638,0.02607,0.02541,0.02574,0.02376,0.02574,-52.64101,2726.00000
0.19381,0.19479,0.20038,0.19512,0.20598,0.17966,0.17835,0.17999,0.18098,0.18065,0.02738,0.02442,0.02640,0.02804,0.02475,-52.64101,2727.00000
0.19381,0.20137,0.19841,0.19578,0.19940,0.18032,0.17901,0.18295,0.18197,0.17934,0.02804,0.02179,0.02574,0.03034,0.02607,-53.01972,2728.00000
0.19545,0.19446,0.20203,0.19677,0.19315,0.17506,0.18295,0.18262,0.17966,0.17703,0.02804,0.02475,0.02541,0.02672,0.02837,-53.01972,2729.00000
0.19545,0.19578,0.19808,0.19282,0.19710,0.17999,0.17835,0.18032,0.17572,0.17638,0.02508,0.02672,0.02705,0.02640,0.02607,-52.58164,2730.00000
0.20006,0.19742,0.19512,0.19479,0.19282,0.17703,0.18098,0.17802,0.17966,0.18098,0.02870,0.02837,0.02771,0.02705,0.02376,-52.58164,2731.00000
0.19775,0.19874,0.19545,0.19973,0.19249,0.17802,0.17506,0.17934,0.17736,0.17901,0.02705,0.02409,0.02903,0.02672,0.02475,-53.56865,2732.00000
0.19874,0.19512,0.19940,0.19578,0.19874,0.17835,0.17539,0.17703,0.17802,0.18262,0.02607,0.02245,0.02475,0.02376,0.02574,-53.56865,2733.00000
0.19940,0.19249,0.20137,0.19940,0.19512,0.17605,0.17868,0.17243,0.17539,0.17835,0.02672,0.02870,0.02804,0.02705,0.02640,-54.14517,2734.00000
0.19183,0.19644,0.19874,0.19183,0.19907,0.17605,0.17703,0.18361,0.17670,0.17802,0.02705,0.03133,0.02541,0.02705,0.02936,-54.14517,2735.00000
0.19907,0.19973,0.19644,0.19545,0.19611,0.17374,0.17802,0.17835,0.17736,0.17802,0.02903,0.02541,0.02442,0.02640,0.02541,-54.16487,2736.00000
0.19150,0.20071,0.19907,0.19940,0.19118,0.18065,0.18197,0.17539,0.17670,0.18197,0.03166,0.02541,0.02804,0.02541,0.02837,-54.16487,2737.00000
0.19381,0.19512,0.19644,0.19414,0.19183,0.18098,0.17638,0.17802,0.17999,0.17473,0.02541,0.02311,0.02738,0.02870,0.02705,-54.16984,2738.00000
0.19545,0.19677,0.19841,0.19940,0.20006,0.17506,0.17868,0.18098,0.17703,0.17802,0.02804,0.02771,0.02574,0.02475,0.02376,-54.16984,2739.00000
0.19874,0.19841,0.19578,0.19841,0.20137,0.17539,0.17868,0.17868,0.18262,0.17506,0.02607,0.02607,0.02640,0.02508,0.02541,-53.89888,2740.00000
0.19446,0.19479,0.19479,0.19841,0.19808,0.17374,0.18098,0.17407,0.18098,0.17802,0.02771,0.02015,0.02672,0.02837,0.02508,-53.89888,2741.00000
0.19479,0.19940,0.20137,0.19512,0.19973,0.17703,0.18032,0.17605,0.17868,0.17769,0.02705,0.02311,0.02607,0.02344,0.02771,-53.28489,2742.00000
0.19644,0.19578,0.19940,0.19578,0.19578,0.17934,0.17835,0.17802,0.17901,0.17835,0.02541,0.02541,0.02508,0.02640,0.02804,-53.28489,2743.00000
0.19644,0.19874,0.20433,0.19479,0.19973,0.18361,0.17605,0.18295,0.17769,0.18262,0.02508,0.02508,0.02574,0.03067,0.02738,-53.29039,2744.00000
0.19315,0.19578,0.19611,0.19183,0.20006,0.18262,0.17605,0.17868,0.18098,0.17868,0.03067,0.02640,0.02508,0.02607,0.03034,-53.29039,2745.00000
0.19545,0.19644,0.19874,0.19446,0.19381,0.17934,0.17769,0.17966,0.17407,0.17769,0.02442,0.02705,0.02574,0.02311,0.02738,-52.10418,2746.00000
0.19479,0.19808,0.19118,0.20038,0.19710,0.17966,0.17572,0.18262,0.17539,0.17966,0.02705,0.02574,0.02344,0.02903,0.02738,-52.10418,2747.00000
0.19808,0.19545,0.19973,0.20203,0.19446,0.17506,0.17703,0.17407,0.18328,0.17966,0.02936,0.02607,0.02738,0.02804,0.02837,-51.84311,2748.00000
0.19381,0.19578,0.19644,0.19479,0.20038,0.17342,0.17966,0.17901,0.17703,0.18032,0.02409,0.02738,0.02409,0.02607,0.02672,-51.84311,2749.00000
0.19644,0.19545,0.19381,0.19775,0.19611,0.17736,0.17670,0.18032,0.17736,0.17736,0.02804,0.03034,0.02837,0.02508,0.02311,-51.74675,2750.00000
0.20071,0.19841,0.19841,0.19907,0.19742,0.17802,0.18098,0.17999,0.18032,0.17966,0.02442,0.02738,0.02475,0.02870,0.02804,-51.74675,2751.00000
0.20598,0.19775,0.20006,0.20006,0.19841,0.17835,0.18065,0.18427,0.17901,0.17835,0.02640,0.02640,0.02738,0.02870,0.03199,-52.14535,2752.00000
0.19019,0.19644,0.19907,0.19677,0.19446,0.17473,0.17999,0.18032,0.17999,0.18262,0.02837,0.02837,0.02705,0.02771,0.02837,-52.14535,2753.00000
0.19808,0.19545,0.20203,0.19414,0.19710,0.18032,0.17769,0.17605,0.17934,0.18032,0.02640,0.03001,0.02442,0.02508,0.02508,-53.03068,2754.00000
0.19545,0.20170,0.19973,0.19907,0.19775,0.18493,0.17999,0.18197,0.18361,0.18131,0.03133,0.02475,0.02705,0.02705,0.02705,-53.03068,2755.00000
0.19446,0.20236,0.19710,0.19479,0.19742,0.17999,0.17539,0.17999,0.17769,0.17901,0.02607,0.02771,0.02870,0.02508,0.02607,-53.71016,2756.00000
0.19940,0.20006,0.19710,0.18493,0.19775,0.17835,0.18164,0.18328,0.17802,0.18032,0.02804,0.02672,0.02607,0.02804,0.02936,-53.71016,2757.00000
0.19644,0.20236,0.19282,0.19841,0.19775,0.17572,0.18197,0.17703,0.18262,0.17407,0.02968,0.02771,0.02442,0.03429,0.03265,-54.22325,2758.00000
0.19479,0.20269,0.19644,0.19381,0.20038,0.17703,0.17999,0.18361,0.17638,0.18032,0.02804,0.02968,0.02574,0.02936,0.02574,-54.22325,2759.00000
0.20038,0.19348,0.20104,0.19841,0.19085,0.17638,0.17901,0.18394,0.18032,0.18295,0.02936,0.02968,0.02936,0.02376,0.02870,-54.39434,2760.00000
0.19282,0.19742,0.19742,0.20038,0.19216,0.17835,0.17670,0.17868,0.18164,0.17703,0.02672,0.02607,0.02409,0.02344,0.02409,-54.39434,2761.00000
0.19775,0.19578,0.20071,0.19874,0.19282,0.17901,0.17736,0.17243,0.17966,0.17605,0.02705,0.02672,0.02870,0.02771,0.02870,-53.65469,2762.00000
0.20335,0.20367,0.19710,0.19841,0.19545,0.17473,0.17374,0.17999,0.18262,0.17966,0.02640,0.02442,0.02278,0.03034,0.02475,-53.65469,2763.00000
0.19414,0.19874,0.19677,0.19742,0.19841,0.18262,0.17966,0.17901,0.17703,0.17736,0.03001,0.02804,0.02475,0.03001,0.02475,-53.46309,2764.00000
0.19973,0.19216,0.19118,0.18986,0.19512,0.17769,0.18230,0.18131,0.17835,0.17374,0.02311,0.02376,0.02640,0.02804,0.02607,-53.46309,2765.00000
0.19677,0.19414,0.19381,0.20203,0.19775,0.17966,0.17473,0.18098,0.18328,0.17769,0.02771,0.02475,0.02771,0.02607,0.02607,-53.19639,2766.00000
0.19479,0.19841,0.19183,0.19973,0.19808,0.17769,0.17473,0.18394,0.17966,0.18230,0.02936,0.02705,0.02541,0.02442,0.02475,-53.19639,2767.00000
0.19611,0.20104,0.19874,0.19611,0.20038,0.17769,0.18328,0.17440,0.17966,0.18460,0.02738,0.02541,0.02771,0.02245,0.02936,-53.24370,2768.00000
0.19479,0.19940,0.19611,0.19644,0.19545,0.17440,0.18065,0.17901,0.18065,0.17736,0.02541,0.02640,0.02475,0.02870,0.02376,-53.24370,2769.00000
0.19907,0.19874,0.19414,0.19611,0.19545,0.18164,0.17868,0.17966,0.17835,0.17868,0.02640,0.02936,0.02344,0.02574,0.02705,-52.84500,2770.00000
0.20170,0.19578,0.19874,0.20038,0.19644,0.17999,0.17572,0.17868,0.18493,0.17638,0.02738,0.02705,0.02640,0.02804,0.02541,-52.84500,2771.00000
0.20038,0.19545,0.19512,0.19742,0.18953,0.17966,0.17670,0.17769,0.18262,0.18032,0.02574,0.02475,0.02376,0.02705,0.02574,-52.28676,2772.00000
0.19381,0.19545,0.20071,0.20203,0.19742,0.18098,0.17736,0.17934,0.18065,0.17638,0.02837,0.02771,0.02672,0.02968,0.02738,-52.28676,2773.00000
0.18756,0.19775,0.19808,0.19710,0.19052,0.17703,0.17901,0.18295,0.17407,0.17835,0.02672,0.02376,0.02870,0.02837,0.02409,-52.38605,2774.00000
0.19841,0.19479,0.19479,0.19940,0.19841,0.17934,0.17966,0.17736,0.17934,0.17802,0.02311,0.02870,0.02804,0.02804,0.02475,-52.38605,2775.00000
0.19150,0.19710,0.19578,0.19315,0.19677,0.17769,0.17506,0.18098,0.17901,0.17999,0.02376,0.02640,0.02837,0.02771,0.02968,-52.39176,2776.00000
0.20038,0.19874,0.19841,0.19348,0.19808,0.17703,0.17440,0.18065,0.17539,0.17802,0.02705,0.02508,0.02672,0.02541,0.02870,-52.39176,2777.00000
0.19973,0.20269,0.19710,0.19479,0.19183,0.18065,0.18328,0.17506,0.17901,0.18394,0.02771,0.02903,0.02607,0.02574,0.02344,-51.98689,2778.00000
0.19216,0.19512,0.19940,0.19710,0.20071,0.18131,0.17539,0.17605,0.17999,0.18262,0.02672,0.02672,0.02738,0.02344,0.02968,-51.98689,2779.00000
0.20071,0.19512,0.19381,0.20203,0.19742,0.17703,0.17901,0.17868,0.18098,0.18197,0.02541,0.02278,0.02607,0.02837,0.02640,-52.08964,2780.00000
0.19282,0.19973,0.19512,0.19446,0.19249,0.17901,0.17572,0.18131,0.17309,0.17736,0.02672,0.02640,0.02771,0.02475,0.02640,-52.08964,2781.00000
0.19118,0.19710,0.19183,0.19808,0.19578,0.18197,0.18164,0.17703,0.18131,0.17868,0.02475,0.02409,0.02837,0.02409,0.02968,-51.73330,2782.00000
0.19414,0.20038,0.19183,0.19841,0.19940,0.17868,0.17309,0.17835,0.18394,0.18230,0.02705,0.02607,0.03001,0.02804,0.02640,-51.73330,2783.00000
0.19512,0.19315,0.19578,0.20335,0.18887,0.17473,0.17638,0.17703,0.17868,0.17868,0.03034,0.02475,0.02640,0.02508,0.02968,-53.31782,2784.00000
0.19611,0.19249,0.19775,0.19677,0.19644,0.17835,0.18098,0.17934,0.17769,0.17769,0.02903,0.02607,0.02179,0.02607,0.02804,-53.31782,2785.00000
0.19282,0.19808,0.19940,0.19545,0.19578,0.18098,0.17769,0.17670,0.18295,0.17605,0.02574,0.02804,0.02672,0.02837,0.02705,-53.62668,2786.00000
0.19414,0.19611,0.19150,0.19578,0.19940,0.17605,0.17934,0.17506,0.17802,0.17901,0.02738,0.02607,0.02804,0.02311,0.02278,-53.62668,2787.00000
0.19545,0.20006,0.19611,0.19578,0.19249,0.17999,0.17670,0.18197,0.17999,0.17572,0.02771,0.02738,0.02475,0.02640,0.02738,-53.85192,2788.00000
0.19578,0.19874,0.19348,0.19611,0.19874,0.17473,0.17638,0.17506,0.18262,0.18230,0.02903,0.02738,0.03166,0.02442,0.02672,-53.85192,2789.00000
0.19348,0.19940,0.19677,0.19874,0.19644,0.17835,0.17276,0.17506,0.18098,0.18361,0.02574,0.03133,0.02804,0.02376,0.02475,-54.66033,2790.00000
0.19249,0.19841,0.19085,0.19808,0.20170,0.17868,0.17769,0.17703,0.18131,0.17605,0.02870,0.02508,0.02640,0.02870,0.02738,-54.66033,2791.00000
0.20038,0.20170,0.18953,0.19940,0.19216,0.17440,0.17934,0.17835,0.18131,0.17868,0.02870,0.02705,0.02672,0.02607,0.02442,-54.84481,2792.00000
0.19775,0.19578,0.19644,0.20335,0.19249,0.17802,0.17802,0.17802,0.17736,0.17868,0.03232,0.02837,0.02870,0.02771,0.03001,-54.84481,2793.00000
0.19940,0.18953,0.19775,0.19808,0.19348,0.17572,0.17769,0.17966,0.17835,0.17934,0.02574,0.02804,0.02870,0.02771,0.02804,-54.67094,2794.00000
0.19150,0.19940,0.19874,0.19348,0.19940,0.17966,0.17703,0.17966,0.17835,0.17506,0.02311,0.02672,0.02672,0.02607,0.02442,-54.67094,2795.00000
0.18953,0.19677,0.19282,0.19874,0.19644,0.18164,0.17835,0.17506,0.17670,0.17999,0.02672,0.03001,0.02508,0.02903,0.03034,-53.92239,2796.00000
0.19216,0.19414,0.19644,0.19479,0.19512,0.17736,0.17835,0.18131,0.17473,0.17572,0.02936,0.02508,0.02771,0.02640,0.02903,-53.92239,2797.00000
0.19611,0.19841,0.19907,0.19348,0.19512,0.18098,0.17572,0.17506,0.17703,0.17901,0.02936,0.02804,0.02442,0.03034,0.02574,-53.82887,2798.00000
0.19414,0.19644,0.19381,0.19183,0.19775,0.18098,0.18065,0.17440,0.17934,0.17539,0.02442,0.02870,0.02541,0.02936,0.03001,-53.82887,2799.00000
0.18986,0.19578,0.19249,0.20302,0.19808,0.17736,0.17440,0.17703,0.18295,0.17901,0.02541,0.02705,0.02968,0.02837,0.02738,-52.74940,2800.00000
0.19677,0.19841,0.18591,0.20006,0.19742,0.18197,0.17703,0.17374,0.17605,0.17736,0.02442,0.02541,0.02344,0.02738,0.03001,-52.74940,2801.00000
0.19808,0.19446,0.20104,0.19381,0.19808,0.17473,0.17999,0.17703,0.17473,0.17802,0.02311,0.03001,0.02376,0.02903,0.02409,-52.69794,2802.00000
0.19479,0.19742,0.19611,0.19512,0.19216,0.17736,0.17802,0.17901,0.17868,0.18361,0.02771,0.02837,0.02475,0.02738,0.02705,-52.69794,2803.00000
0.19545,0.20104,0.19512,0.19414,0.19808,0.17835,0.18361,0.17999,0.18098,0.17638,0.02771,0.02574,0.02574,0.02804,0.02278,-52.70639,2804.00000
0.19742,0.19545,0.19446,0.19710,0.19644,0.17769,0.17703,0.17934,0.17868,0.18032,0.02870,0.02771,0.02508,0.02705,0.02936,-52.70639,2805.00000
0.20006,0.19578,0.19775,0.18657,0.20335,0.17736,0.17572,0.18065,0.17966,0.17835,0.02640,0.02936,0.02574,0.02278,0.03034,-51.88298,2806.00000
0.19183,0.19973,0.19775,0.19808,0.19611,0.17868,0.17703,0.17736,0.17605,0.17342,0.02640,0.02936,0.02607,0.02278,0.02903,-51.88298,2807.00000
0.19973,0.19611,0.20170,0.19446,0.20104,0.17638,0.17440,0.17605,0.17638,0.18526,0.02870,0.02541,0.02475,0.02541,0.02705,-51.91561,2808.00000
0.19775,0.19052,0.19512,0.20170,0.19085,0.18065,0.17966,0.17901,0.17572,0.18197,0.02771,0.02672,0.02870,0.02837,0.02672,-51.91561,2809.00000
0.18986,0.19446,0.19512,0.19710,0.19381,0.17901,0.18230,0.17736,0.17966,0.17374,0.02903,0.02607,0.02738,0.02738,0.02705,-51.53398,2810.00000
0.19249,0.19578,0.19611,0.19381,0.19446,0.17703,0.17802,0.17638,0.17638,0.18065,0.02541,0.02870,0.02541,0.02705,0.02541,-51.53398,2811.00000
0.19808,0.19414,0.19446,0.19249,0.19545,0.17670,0.17703,0.17243,0.17999,0.17342,0.02771,0.02640,0.02936,0.02870,0.02936,-52.05605,2812.00000
0.19578,0.19446,0.19414,0.19644,0.19348,0.17868,0.17572,0.17835,0.17999,0.17934,0.02738,0.02870,0.03034,0.02870,0.02574,-52.05605,2813.00000
0.19808,0.19512,0.19446,0.19512,0.19742,0.18065,0.17572,0.17901,0.17638,0.17802,0.02903,0.02903,0.03100,0.02475,0.02837,-52.34639,2814.00000
0.19973,0.19216,0.19940,0.19414,0.19512,0.18131,0.18230,0.18295,0.17638,0.17506,0.02705,0.02475,0.02607,0.02804,0.02607,-52.34639,2815.00000
0.19545,0.20104,0.19545,0.19381,0.19611,0.18164,0.17638,0.18098,0.17703,0.17868,0.02541,0.02771,0.02804,0.02903,0.02870,-53.19468,2816.00000
0.19282,0.19644,0.19644,0.19808,0.19545,0.17539,0.17473,0.18197,0.17769,0.18328,0.02409,0.02903,0.02837,0.02738,0.03100,-53.19468,2817.00000
0.19118,0.19907,0.19512,0.20335,0.19381,0.17572,0.17835,0.17802,0.17802,0.17638,0.02837,0.02771,0.02409,0.02738,0.02607,-54.00945,2818.00000
0.19479,0.19677,0.19315,0.19512,0.19216,0.17966,0.17670,0.17966,0.17934,0.17638,0.02475,0.02738,0.02903,0.02311,0.02672,-54.00945,2819.00000
0.19644,0.19414,0.19677,0.19282,0.19841,0.17539,0.17703,0.17802,0.17769,0.17473,0.02870,0.03166,0.02705,0.02771,0.02574,-54.20199,2820.00000
0.19348,0.19940,0.19414,0.19348,0.19381,0.17670,0.17769,0.17144,0.18098,0.17901,0.02541,0.02607,0.02475,0.02574,0.02837,-54.20199,2821.00000
0.19742,0.19118,0.19545,0.19216,0.19315,0.17802,0.17605,0.18098,0.17901,0.17868,0.02968,0.02771,0.02968,0.02903,0.02705,-54.21769,2822.00000
0.19512,0.19545,0.19446,0.19710,0.19315,0.17605,0.18032,0.17473,0.17638,0.17703,0.03166,0.02738,0.02837,0.02705,0.02672,-54.21769,2823.00000
0.19677,0.19446,0.19644,0.19315,0.19150,0.17802,0.17539,0.17769,0.17605,0.17243,0.02903,0.02508,0.02705,0.02870,0.02442,-53.81295,2824.00000
0.19545,0.19578,0.19216,0.19874,0.19150,0.17638,0.17539,0.17901,0.17703,0.18032,0.02771,0.02640,0.02903,0.02936,0.02936,-53.81295,2825.00000
0.20038,0.19315,0.18789,0.19907,0.19446,0.17999,0.17670,0.17868,0.17670,0.17572,0.02541,0.02870,0.02936,0.02771,0.02705,-55.05101,2826.00000
0.19940,0.19940,0.19578,0.19282,0.19019,0.17868,0.18032,0.17999,0.17342,0.17802,0.02442,0.02409,0.02837,0.02640,0.02508,-55.05101,2827.00000
0.20466,0.19611,0.19479,0.19414,0.19742,0.17736,0.17999,0.18065,0.17670,0.17638,0.02968,0.02607,0.02640,0.02837,0.02870,-53.84630,2828.00000
0.19940,0.19512,0.19940,0.19874,0.19052,0.17473,0.17802,0.17703,0.17703,0.17835,0.03001,0.02738,0.03034,0.02870,0.02640,-53.84630,2829.00000
0.19775,0.19808,0.19282,0.19414,0.19907,0.17835,0.18032,0.17670,0.17473,0.17835,0.02771,0.02837,0.02870,0.03232,0.02771,-53.85919,2830.00000
0.19348,0.19710,0.19841,0.19874,0.19742,0.17210,0.17440,0.17572,0.17802,0.17342,0.03133,0.02640,0.02738,0.02574,0.03034,-53.85919,2831.00000
0.19512,0.19381,0.19973,0.19644,0.19183,0.18558,0.18262,0.17670,0.17868,0.18328,0.02409,0.03034,0.02607,0.02475,0.02607,-53.80948,2832.00000
0.19348,0.19578,0.20038,0.19644,0.20071,0.17769,0.17769,0.18131,0.18065,0.17769,0.03034,0.03067,0.02870,0.02607,0.02475,-53.80948,2833.00000
0.20203,0.19808,0.19677,0.19710,0.20335,0.17999,0.18262,0.17835,0.17736,0.17966,0.02870,0.03166,0.02640,0.03363,0.02640,-53.64302,2834.00000
0.19249,0.19874,0.19414,0.19315,0.19512,0.18361,0.17736,0.17999,0.18098,0.17769,0.03100,0.03429,0.02640,0.02903,0.02903,-53.64302,2835.00000
0.19479,0.20071,0.20006,0.20038,0.19677,0.17934,0.17999,0.17802,0.17802,0.17999,0.02705,0.02936,0.02771,0.02903,0.02936,-53.34251,2836.00000
0.19841,0.19446,0.19611,0.19644,0.20071,0.17670,0.17966,0.18262,0.17309,0.17966,0.02903,0.02804,0.02903,0.03034,0.02574,-53.34251,2837.00000
0.19611,0.19381,0.19479,0.19677,0.19907,0.17966,0.17473,0.17999,0.17769,0.17966,0.03067,0.03232,0.02442,0.02837,0.03199,-52.43541,2838.00000
0.19677,0.19578,0.19019,0.19973,0.20170,0.17473,0.18065,0.18065,0.17670,0.17769,0.02870,0.02738,0.02409,0.02738,0.02870,-52.43541,2839.00000
0.19611,0.19479,0.20400,0.19315,0.20006,0.17638,0.17934,0.18131,0.17868,0.17736,0.02640,0.02837,0.02738,0.03100,0.02344,-52.81439,2840.00000
0.20137,0.19282,0.19578,0.19874,0.19348,0.17374,0.18230,0.17868,0.17868,0.17934,0.03034,0.02672,0.02771,0.02968,0.02672,-52.81439,2841.00000
0.19118,0.19315,0.19874,0.19742,0.19874,0.18032,0.17934,0.17736,0.17835,0.17638,0.02903,0.02771,0.02672,0.02344,0.02705,-52.83542,2842.00000
0.20170,0.19775,0.19019,0.20170,0.19973,0.17835,0.17835,0.17835,0.17835,0.18197,0.02475,0.02738,0.02245,0.02574,0.02574,-52.83542,2843.00000
0.19742,0.20006,0.19414,0.19512,0.18953,0.17670,0.18032,0.17539,0.18164,0.17276,0.02903,0.02672,0.02442,0.03265,0.02903,-52.82884,2844.00000
0.19348,0.20170,0.19644,0.19710,0.19479,0.17539,0.18427,0.17835,0.17473,0.17736,0.02409,0.02837,0.02968,0.03001,0.03001,-52.82884,2845.00000
0.19183,0.19841,0.19644,0.19611,0.20236,0.18394,0.17670,0.17934,0.18197,0.18065,0.02574,0.02344,0.02936,0.03001,0.02672,-53.76794,2846.00000
0.19249,0.20104,0.19742,0.19710,0.19940,0.17868,0.17966,0.18098,0.17736,0.17638,0.02574,0.03067,0.02738,0.02574,0.02705,-53.76794,2847.00000
0.19545,0.19446,0.19907,0.20170,0.19381,0.17868,0.18197,0.17835,0.17802,0.17506,0.03034,0.02640,0.03199,0.02870,0.02936,-53.44647,2848.00000
0.19841,0.19183,0.19841,0.19545,0.20104,0.17934,0.18262,0.17703,0.18032,0.17835,0.02574,0.02804,0.02771,0.02968,0.02640,-53.44647,2849.00000
0.19775,0.19315,0.19446,0.19710,0.19446,0.17966,0.18065,0.17901,0.18230,0.17638,0.03100,0.02804,0.02837,0.02738,0.02640,-53.51278,2850.00000
0.19940,0.19479,0.19578,0.19512,0.19710,0.17802,0.17802,0.17736,0.18065,0.17506,0.02607,0.03034,0.02672,0.02212,0.02738,-53.51278,2851.00000
0.19578,0.19446,0.19611,0.19874,0.19940,0.17802,0.17868,0.17638,0.17934,0.17901,0.02738,0.02607,0.02672,0.03001,0.02607,-54.24174,2852.00000
0.19611,0.19775,0.19512,0.19381,0.19940,0.17342,0.17999,0.17901,0.18164,0.17999,0.03001,0.02771,0.02607,0.02968,0.02705,-54.24174,2853.00000
0.19512,0.19381,0.19940,0.19545,0.19216,0.18262,0.18262,0.17835,0.17605,0.17835,0.02870,0.02607,0.02837,0.02968,0.02705,-54.39870,2854.00000
0.20071,0.19183,0.19578,0.19841,0.19710,0.17572,0.17835,0.17638,0.17835,0.17638,0.02442,0.02870,0.03001,0.02672,0.03001,-54.39870,2855.00000
0.19578,0.19611,0.19644,0.19578,0.19249,0.17506,0.17966,0.17934,0.17539,0.17868,0.02672,0.02771,0.02804,0.02738,0.02245,-54.09388,2856.00000
0.19183,0.19710,0.20137,0.19479,0.19118,0.17736,0.17638,0.17605,0.17440,0.17901,0.02771,0.02870,0.02640,0.02607,0.02738,-54.09388,2857.00000
0.19282,0.20302,0.19282,0.20038,0.19315,0.17638,0.17309,0.17934,0.18032,0.17901,0.02870,0.02672,0.02672,0.02738,0.02870,-53.97321,2858.00000
0.19249,0.19841,0.19940,0.19973,0.19446,0.18032,0.18032,0.17835,0.18098,0.17802,0.02903,0.02640,0.02574,0.02968,0.02936,-53.97321,2859.00000
0.19183,0.20170,0.19019,0.20038,0.19874,0.17736,0.17703,0.17638,0.17901,0.17769,0.02738,0.03034,0.02936,0.02574,0.03001,-54.56717,2860.00000
0.19677,0.19710,0.19710,0.18986,0.19644,0.18131,0.18065,0.17901,0.17473,0.17934,0.02903,0.02968,0.02640,0.02442,0.02870,-54.56717,2861.00000
0.19216,0.19644,0.19644,0.19710,0.19282,0.17769,0.17638,0.17703,0.17934,0.17374,0.02705,0.02837,0.03133,0.02968,0.02672,-53.69716,2862.00000
0.19282,0.19381,0.19545,0.19512,0.19644,0.17638,0.17736,0.18065,0.17736,0.17638,0.02837,0.02442,0.02409,0.02640,0.02640,-53.69716,2863.00000
0.19249,0.19808,0.19381,0.19775,0.19940,0.18065,0.18328,0.17999,0.17966,0.17802,0.02771,0.03166,0.03034,0.02771,0.03034,-53.38667,2864.00000
0.19348,0.19512,0.19710,0.19282,0.19907,0.18032,0.17802,0.17802,0.17868,0.17144,0.02640,0.02508,0.02574,0.02738,0.02376,-53.38667,2865.00000
0.18822,0.19578,0.19019,0.19545,0.20532,0.17999,0.17572,0.18032,0.17934,0.17966,0.02640,0.02705,0.02672,0.02311,0.02837,-53.26560,2866.00000
0.19940,0.19479,0.19249,0.19446,0.19874,0.17901,0.17769,0.17901,0.17868,0.17802,0.02705,0.02837,0.02705,0.02475,0.02574,-53.26560,2867.00000
0.19315,0.19019,0.19874,0.19742,0.19644,0.17934,0.17374,0.17605,0.18098,0.17506,0.02541,0.02640,0.03034,0.02672,0.02640,-53.32469,2868.00000
0.19677,0.20367,0.19512,0.19183,0.19742,0.17999,0.17934,0.17374,0.17966,0.18131,0.02968,0.02705,0.02804,0.03232,0.03067,-53.32469,2869.00000
0.20006,0.18723,0.19710,0.19282,0.19940,0.17736,0.17901,0.17901,0.17868,0.17506,0.03001,0.02672,0.02738,0.02738,0.02640,-53.32494,2870.00000
0.19512,0.19249,0.19381,0.19578,0.19808,0.17703,0.17901,0.18164,0.17966,0.17835,0.03067,0.02738,0.03133,0.02870,0.02936,-53.32494,2871.00000
0.19644,0.19874,0.19545,0.19512,0.19545,0.17539,0.17934,0.17835,0.17802,0.17703,0.03034,0.02968,0.02738,0.02146,0.03034,-52.65368,2872.00000
0.19183,0.19710,0.19446,0.19512,0.19578,0.17703,0.17934,0.17572,0.17572,0.17605,0.03034,0.02903,0.02903,0.02705,0.02640,-52.65368,2873.00000
0.19348,0.19282,0.19677,0.19479,0.19348,0.17901,0.17736,0.17966,0.17769,0.17769,0.02344,0.02837,0.02278,0.02508,0.02607,-52.38397,2874.00000
0.19742,0.18789,0.20400,0.18986,0.20170,0.17802,0.17769,0.17506,0.17736,0.17638,0.02837,0.02640,0.02804,0.02903,0.02837,-52.38397,2875.00000
0.19512,0.19808,0.19150,0.19644,0.19841,0.17736,0.17835,0.17835,0.17572,0.17934,0.02936,0.02146,0.02541,0.02640,0.02936,-51.96591,2876.00000
0.19512,0.19479,0.19710,0.19183,0.18953,0.18032,0.17802,0.17802,0.17539,0.17835,0.02376,0.02442,0.02640,0.03001,0.02771,-51.96591,2877.00000
0.19545,0.19644,0.19183,0.20038,0.19611,0.17934,0.17539,0.17934,0.18164,0.18361,0.02541,0.02738,0.02541,0.02771,0.02870,-52.18169,2878.00000
0.19545,0.19742,0.19710,0.19381,0.19874,0.17934,0.17506,0.17901,0.17506,0.17934,0.02738,0.02574,0.02936,0.02640,0.02376,-52.18169,2879.00000
0.19644,0.19775,0.19611,0.19841,0.19249,0.17802,0.17539,0.17670,0.17835,0.17769,0.02771,0.03297,0.02837,0.02804,0.02640,-52.34084,2880.00000
0.19019,0.19282,0.19118,0.19545,0.19414,0.17605,0.17670,0.18065,0.17769,0.17703,0.02672,0.02442,0.02870,0.02607,0.02837,-52.34084,2881.00000
0.19578,0.19249,0.19446,0.20170,0.19150,0.17572,0.18098,0.17605,0.17769,0.17638,0.02837,0.02738,0.02705,0.02837,0.02968,-52.96486,2882.00000
0.19216,0.19907,0.19019,0.19545,0.19249,0.18032,0.17868,0.18197,0.17934,0.18032,0.02640,0.02738,0.02870,0.02968,0.02541,-52.96486,2883.00000
0.19611,0.19348,0.19874,0.19348,0.19907,0.17999,0.18098,0.17605,0.17868,0.17670,0.02640,0.02837,0.03232,0.03133,0.02508,-52.84717,2884.00000
0.19808,0.19545,0.19775,0.19249,0.19348,0.17769,0.18065,0.17802,0.17934,0.17901,0.03133,0.02442,0.02771,0.03034,0.03001,-52.84717,2885.00000
0.19446,0.19578,0.19808,0.19315,0.19611,0.17868,0.17736,0.18065,0.18065,0.17638,0.02344,0.02607,0.02771,0.02541,0.02968,-53.83325,2886.00000
0.19512,0.19282,0.19644,0.19677,0.19446,0.17473,0.17572,0.17934,0.17539,0.17539,0.02771,0.02607,0.02837,0.02574,0.02672,-53.83325,2887.00000
0.19808,0.19742,0.19611,0.19611,0.19973,0.17999,0.17506,0.17835,0.17901,0.17934,0.02804,0.02837,0.02705,0.02475,0.02870,-53.81116,2888.00000
0.19775,0.19348,0.19381,0.19512,0.19742,0.17605,0.17670,0.18032,0.17605,0.17703,0.02705,0.02541,0.02672,0.02738,0.02672,-53.81116,2889.00000
0.19907,0.19545,0.19775,0.19446,0.19446,0.17670,0.18131,0.18230,0.17934,0.17736,0.02508,0.02837,0.02870,0.02672,0.02738,-53.37042,2890.00000
0.20006,0.19644,0.19874,0.19315,0.19841,0.17802,0.17868,0.17703,0.18164,0.18361,0.02837,0.02804,0.02870,0.02837,0.03034,-53.37042,2891.00000
0.19545,0.19907,0.19841,0.20335,0.19512,0.18591,0.18065,0.18131,0.17670,0.17342,0.02541,0.03001,0.02771,0.02508,0.02738,-53.87027,2892.00000
0.19019,0.19808,0.19545,0.19545,0.19183,0.17835,0.17506,0.17868,0.17539,0.17966,0.02574,0.03001,0.02968,0.02508,0.02705,-53.87027,2893.00000
0.19545,0.19512,0.19249,0.20236,0.19907,0.18690,0.17868,0.17868,0.17802,0.18065,0.02738,0.02870,0.02771,0.02607,0.03067,-54.66951,2894.00000
0.20367,0.19775,0.19052,0.19512,0.19775,0.17999,0.17934,0.17835,0.17539,0.17868,0.02837,0.02903,0.02607,0.02705,0.03133,-54.66951,2895.00000
0.19677,0.19085,0.19348,0.19414,0.19118,0.17605,0.17802,0.17868,0.17802,0.17638,0.02508,0.03100,0.02640,0.02804,0.03067,-54.50761,2896.00000
0.18986,0.19677,0.19644,0.19808,0.19874,0.17670,0.17934,0.17440,0.17868,0.18197,0.02672,0.03133,0.02409,0.02837,0.02936,-54.50761,2897.00000
0.19907,0.19446,0.19052,0.19677,0.20269,0.17966,0.17901,0.18032,0.17473,0.17703,0.02870,0.02311,0.02771,0.02968,0.03001,-54.02626,2898.00000
0.19479,0.20203,0.19578,0.19282,0.19479,0.17868,0.17309,0.17901,0.18164,0.17901,0.03166,0.03067,0.02804,0.02837,0.02672,-54.02626,2899.00000
0.19940,0.19479,0.19150,0.19381,0.19742,0.17374,0.17703,0.18131,0.17309,0.18098,0.02541,0.02936,0.02442,0.03133,0.02870,-53.08491,2900.00000
0.19512,0.19183,0.19512,0.19611,0.19085,0.17999,0.17934,0.17802,0.17638,0.18230,0.02804,0.02870,0.02574,0.02771,0.02936,-53.08491,2901.00000
0.20071,0.19874,0.19611,0.19150,0.19052,0.17703,0.17638,0.17835,0.17539,0.17703,0.02640,0.02640,0.02870,0.03265,0.02804,-52.24314,2902.00000
0.20038,0.18953,0.19775,0.19446,0.19578,0.17868,0.17966,0.17309,0.17868,0.18098,0.03199,0.02870,0.03001,0.02738,0.02672,-52.24314,2903.00000
0.19479,0.19216,0.19677,0.19907,0.19249,0.17769,0.17802,0.17605,0.17440,0.17309,0.02738,0.02738,0.02771,0.03034,0.02607,-51.58544,2904.00000
0.19611,0.19742,0.18920,0.19118,0.19940,0.17703,0.17868,0.17835,0.17966,0.17276,0.02508,0.02640,0.02804,0.02837,0.02837,-51.58544,2905.00000
0.19710,0.19545,0.19414,0.18887,0.19249,0.17572,0.18230,0.17868,0.17999,0.17638,0.02936,0.02442,0.03100,0.03232,0.02804,-51.87426,2906.00000
0.19874,0.19808,0.19479,0.19775,0.19512,0.17407,0.17374,0.17703,0.17901,0.17901,0.02541,0.02705,0.02738,0.02508,0.02738,-51.87426,2907.00000
0.19874,0.19414,0.19808,0.19381,0.19677,0.17440,0.18131,0.18262,0.17703,0.17901,0.02475,0.02475,0.02672,0.02607,0.02672,-51.77453,2908.00000
0.19414,0.19446,0.19677,0.19183,0.19808,0.17539,0.17605,0.17506,0.17934,0.17670,0.02738,0.02903,0.02705,0.03100,0.02936,-51.77453,2909.00000
0.19315,0.19545,0.19545,0.19677,0.19479,0.17901,0.17638,0.17835,0.17802,0.17506,0.02804,0.02936,0.02804,0.02541,0.02672,-52.54254,2910.00000
0.19446,0.19742,0.19578,0.19282,0.19874,0.17999,0.17638,0.17802,0.17736,0.17835,0.02442,0.02607,0.02837,0.02442,0.02837,-52.54254,2911.00000
0.19414,0.19479,0.18887,0.19742,0.19710,0.18098,0.17506,0.17342,0.17769,0.17572,0.02672,0.02936,0.02672,0.02640,0.03330,-52.37967,2912.00000
0.19315,0.19742,0.19874,0.19282,0.19940,0.17901,0.17374,0.17769,0.17868,0.17835,0.02936,0.03001,0.02705,0.02607,0.02442,-52.37967,2913.00000
0.19479,0.20071,0.19381,0.19940,0.19545,0.18230,0.17506,0.17309,0.17868,0.18197,0.02640,0.02968,0.02442,0.02771,0.02804,-51.96864,2914.00000
0.19907,0.19249,0.20104,0.19611,0.19348,0.17309,0.17605,0.17835,0.17539,0.17407,0.02771,0.02376,0.02968,0.03001,0.03166,-51.96864,2915.00000
0.19216,0.19611,0.19315,0.19348,0.19183,0.18361,0.17342,0.17868,0.17572,0.17736,0.02738,0.02574,0.02903,0.02508,0.02442,-52.31489,2916.00000
0.19710,0.19775,0.19216,0.19348,0.19381,0.18131,0.18295,0.17901,0.17901,0.17934,0.02903,0.02936,0.02640,0.02344,0.02541,-52.31489,2917.00000
0.19414,0.19315,0.19348,0.19150,0.20269,0.17901,0.17605,0.17605,0.18032,0.17736,0.02672,0.03297,0.02968,0.02804,0.03297,-52.73459,2918.00000
0.19479,0.18986,0.20038,0.20335,0.18953,0.17934,0.17736,0.17901,0.17901,0.17802,0.02870,0.02771,0.02738,0.02903,0.02607,-52.73459,2919.00000
0.19446,0.19742,0.19052,0.20038,0.19381,0.17966,0.17999,0.18361,0.17473,0.18032,0.02475,0.02968,0.02475,0.03166,0.02903,-53.56456,2920.00000
0.19545,0.19348,0.19216,0.19414,0.19874,0.17440,0.17736,0.17934,0.17703,0.17934,0.02870,0.02705,0.03166,0.02442,0.02672,-53.56456,2921.00000
0.19216,0.19479,0.19644,0.19578,0.19512,0.17868,0.18032,0.17999,0.18032,0.17736,0.02837,0.03199,0.03100,0.02574,0.03034,-52.74664,2922.00000
0.19611,0.19644,0.20006,0.19512,0.19216,0.17934,0.17638,0.17901,0.17736,0.18230,0.02837,0.02804,0.02508,0.02903,0.02442,-52.74664,2923.00000
0.20006,0.19381,0.19479,0.19973,0.19874,0.17966,0.17539,0.17670,0.18065,0.17868,0.02475,0.02311,0.03001,0.02903,0.02640,-50.66287,2924.00000
0.19282,0.20170,0.19742,0.19742,0.19841,0.17506,0.17966,0.17802,0.18230,0.17901,0.02870,0.02738,0.02936,0.03067,0.02640,-50.66287,2925.00000
0.19446,0.19512,0.19348,0.19874,0.19512,0.18493,0.17539,0.17572,0.17605,0.17572,0.02344,0.02607,0.02607,0.03265,0.02705,-49.73329,2926.00000
0.19545,0.19775,0.19775,0.19874,0.19644,0.18164,0.17572,0.17506,0.17243,0.17670,0.02508,0.02968,0.02837,0.02771,0.02475,-49.73329,2927.00000
0.19907,0.19907,0.18986,0.19907,0.19545,0.17901,0.17999,0.17769,0.18131,0.17999,0.03100,0.03133,0.02541,0.02837,0.02640,-48.01850,2928.00000
0.19446,0.19677,0.19545,0.19611,0.18986,0.17868,0.17440,0.17868,0.17802,0.17703,0.02968,0.02607,0.03067,0.03067,0.02672,-48.01850,2929.00000
0.18887,0.19742,0.19446,0.18822,0.19578,0.17638,0.17539,0.17901,0.17736,0.17934,0.02508,0.02968,0.02574,0.02870,0.02804,-50.12741,2930.00000
0.20038,0.19808,0.19677,0.20302,0.19348,0.17703,0.17342,0.17769,0.17934,0.17835,0.02541,0.02804,0.02771,0.02640,0.02508,-50.12741,2931.00000
0.19150,0.19414,0.19808,0.18953,0.19479,0.18197,0.17670,0.18131,0.17506,0.17670,0.02574,0.02541,0.03067,0.02705,0.02738,-52.04857,2932.00000
0.19315,0.19578,0.19841,0.19446,0.19512,0.17835,0.17934,0.18098,0.17802,0.17506,0.02607,0.02672,0.02409,0.03034,0.02409,-52.04857,2933.00000
0.18756,0.19545,0.19742,0.19775,0.19249,0.18032,0.17769,0.17638,0.17999,0.17999,0.02738,0.02475,0.02442,0.02672,0.02870,-52.64294,2934.00000
0.19578,0.19414,0.19677,0.19874,0.19578,0.17572,0.17966,0.17440,0.17934,0.18131,0.02771,0.03034,0.02968,0.02640,0.02640,-52.64294,2935.00000
0.19348,0.20400,0.19150,0.20203,0.19183,0.17868,0.17703,0.17440,0.17342,0.17901,0.02738,0.03067,0.02771,0.02771,0.03067,-52.45672,2936.00000
0.19052,0.19677,0.19578,0.19775,0.19216,0.17440,0.17703,0.18065,0.17440,0.17901,0.02738,0.02870,0.02705,0.02541,0.02837,-52.45672,2937.00000
0.19545,0.19512,0.19282,0.19150,0.20104,0.17868,0.17999,0.17407,0.17572,0.17835,0.03034,0.02738,0.02804,0.02705,0.02640,-52.77133,2938.00000
0.19775,0.19611,0.19512,0.19841,0.19710,0.18164,0.17934,0.18230,0.17835,0.17572,0.03001,0.02705,0.03100,0.02212,0.02738,-52.77133,2939.00000
0.19414,0.19446,0.19545,0.19545,0.19446,0.17605,0.17934,0.18361,0.17769,0.17539,0.02705,0.02870,0.02837,0.02936,0.02541,-52.45256,2940.00000
0.19348,0.19775,0.20006,0.18822,0.19381,0.17473,0.17440,0.17506,0.17999,0.18131,0.03001,0.02870,0.02837,0.02837,0.02672,-52.45256,2941.00000
0.19710,0.19611,0.19216,0.19446,0.19973,0.18065,0.17901,0.17999,0.18197,0.17901,0.02837,0.02804,0.02607,0.03166,0.02968,-52.33468,2942.00000
0.19578,0.20038,0.20104,0.19512,0.19611,0.17177,0.18032,0.17934,0.17769,0.18295,0.03199,0.02672,0.02672,0.02837,0.02475,-52.33468,2943.00000
0.19841,0.18789,0.19348,0.19677,0.19677,0.17999,0.17703,0.17901,0.17835,0.17966,0.02738,0.02936,0.02672,0.02738,0.03034,-51.64830,2944.00000
0.19644,0.19578,0.19479,0.19512,0.19512,0.17473,0.17144,0.17539,0.17901,0.17605,0.03133,0.03034,0.02738,0.02771,0.02936,-51.64830,2945.00000
0.19414,0.19677,0.19545,0.19644,0.18690,0.18197,0.17703,0.17999,0.17999,0.17868,0.02804,0.03067,0.02903,0.02672,0.02837,-51.92766,2946.00000
0.19710,0.19742,0.19052,0.19479,0.19578,0.17769,0.17835,0.17901,0.17802,0.17670,0.03232,0.02968,0.02804,0.02771,0.03001,-51.92766,2947.00000
0.19973,0.19414,0.19348,0.19545,0.19742,0.17769,0.18065,0.18295,0.17440,0.17670,0.02837,0.02771,0.03330,0.02508,0.03001,-52.63131,2948.00000
0.19545,0.20302,0.19710,0.19545,0.19414,0.17835,0.17934,0.17934,0.18065,0.17999,0.02738,0.02672,0.02738,0.02771,0.02936,-52.63131,2949.00000
0.19183,0.20104,0.19644,0.19019,0.19644,0.17934,0.17276,0.17407,0.17934,0.17670,0.02837,0.02936,0.02705,0.02705,0.02738,-52.67552,2950.00000
0.19249,0.19874,0.19446,0.19940,0.19085,0.17901,0.17966,0.17934,0.17703,0.17769,0.02672,0.02672,0.02475,0.02771,0.02870,-52.67552,2951.00000
0.19052,0.18887,0.20006,0.19742,0.19512,0.17539,0.17605,0.18065,0.17999,0.17638,0.02804,0.03166,0.03100,0.02640,0.02738,-53.16149,2952.00000
0.19479,0.19150,0.19578,0.19216,0.19677,0.17374,0.17539,0.17835,0.17670,0.17769,0.03396,0.02475,0.02607,0.02640,0.02771,-53.16149,2953.00000
0.19414,0.19841,0.19479,0.19118,0.19677,0.17966,0.17901,0.17901,0.17835,0.17868,0.02508,0.03034,0.02804,0.02672,0.02607,-53.95135,2954.00000
0.19381,0.18657,0.19808,0.19479,0.19512,0.18098,0.17802,0.17802,0.17901,0.17966,0.02607,0.02804,0.02771,0.02870,0.02574,-53.95135,2955.00000
0.19874,0.19249,0.19808,0.19677,0.19775,0.17802,0.18032,0.17374,0.17473,0.17670,0.02771,0.03034,0.02574,0.02311,0.02705,-53.96542,2956.00000
0.19446,0.19479,0.19775,0.19414,0.19150,0.17769,0.17999,0.17802,0.17999,0.17736,0.02607,0.03001,0.02837,0.02672,0.02541,-53.96542,2957.00000
0.19611,0.18822,0.20302,0.19183,0.19512,0.18098,0.17835,0.17473,0.17243,0.17177,0.03166,0.02705,0.02311,0.02903,0.02738,-54.03105,2958.00000
0.19644,0.19742,0.19414,0.20071,0.19150,0.17605,0.17342,0.17934,0.17539,0.17703,0.02607,0.02738,0.02541,0.02968,0.02968,-54.03105,2959.00000
0.19907,0.19874,0.19874,0.19512,0.18986,0.17638,0.17901,0.17966,0.17638,0.18197,0.02870,0.02837,0.02738,0.02870,0.03297,-54.31533,2960.00000
0.19578,0.19808,0.19644,0.19216,0.19578,0.17670,0.17638,0.17934,0.17736,0.17605,0.02738,0.02705,0.03133,0.03133,0.03528,-54.31533,2961.00000
0.19742,0.19710,0.19644,0.19907,0.19644,0.17769,0.18197,0.17440,0.18098,0.18065,0.02705,0.02968,0.03001,0.03034,0.03067,-54.00825,2962.00000
0.19644,0.19611,0.19578,0.19512,0.19677,0.17670,0.17210,0.17901,0.17901,0.17966,0.02640,0.02870,0.02968,0.02705,0.02705,-54.00825,2963.00000
0.19348,0.19841,0.20236,0.19446,0.19381,0.17736,0.18065,0.17374,0.17539,0.17802,0.02442,0.03001,0.02640,0.03001,0.02672,-53.65452,2964.00000
0.20565,0.20367,0.18953,0.19808,0.20038,0.17901,0.18197,0.17769,0.17934,0.18262,0.03067,0.03034,0.02771,0.02607,0.02738,-53.65452,2965.00000
0.19414,0.19611,0.19841,0.19249,0.19775,0.17407,0.17670,0.17605,0.17736,0.17638,0.02672,0.03034,0.03067,0.02837,0.02870,-53.27013,2966.00000
0.19512,0.19644,0.19874,0.19183,0.19216,0.17868,0.17736,0.17670,0.17342,0.17342,0.02804,0.02672,0.02804,0.02442,0.03133,-53.27013,2967.00000
0.19644,0.19742,0.19973,0.19677,0.19479,0.17703,0.18098,0.18098,0.18065,0.17473,0.02936,0.02903,0.02968,0.02705,0.03034,-52.68975,2968.00000
0.19578,0.19775,0.18854,0.19907,0.19742,0.18131,0.17901,0.17802,0.17999,0.18131,0.02640,0.03034,0.02804,0.02574,0.02344,-52.68975,2969.00000
0.19381,0.19808,0.19249,0.20335,0.19512,0.17966,0.17769,0.17901,0.17605,0.18164,0.02968,0.02771,0.02376,0.02968,0.02837,-51.95034,2970.00000
0.19348,0.19052,0.19348,0.19808,0.19907,0.17802,0.18098,0.18032,0.17999,0.17868,0.03199,0.02640,0.02672,0.02936,0.02541,-51.95034,2971.00000
0.19414,0.19118,0.19775,0.19446,0.18986,0.17868,0.17374,0.17638,0.17835,0.17802,0.02837,0.02705,0.03067,0.02705,0.03133,-52.23006,2972.00000
0.19052,0.20006,0.19973,0.19545,0.19775,0.17572,0.18262,0.18098,0.18164,0.17769,0.02607,0.02475,0.02574,0.03330,0.02804,-52.23006,2973.00000
0.19874,0.19446,0.19085,0.19644,0.19940,0.17736,0.18295,0.17769,0.17703,0.17703,0.02771,0.03297,0.02442,0.02804,0.02311,-52.51639,2974.00000
0.19315,0.20006,0.19249,0.19742,0.19611,0.18164,0.17605,0.18065,0.17605,0.17473,0.02804,0.02870,0.02903,0.02705,0.02968,-52.51639,2975.00000
0.19808,0.19611,0.19348,0.19381,0.19545,0.18361,0.17769,0.17802,0.17769,0.17539,0.02245,0.02607,0.02574,0.02574,0.03100,-51.73183,2976.00000
0.20170,0.19479,0.19315,0.19742,0.20038,0.18032,0.17802,0.17736,0.17802,0.18131,0.03034,0.02640,0.02607,0.02738,0.03100,-51.73183,2977.00000
0.19414,0.19611,0.19414,0.20170,0.19907,0.17670,0.17769,0.17901,0.17506,0.17374,0.02607,0.02574,0.02804,0.02640,0.02771,-51.51289,2978.00000
0.19841,0.19644,0.19216,0.20038,0.19249,0.17736,0.18164,0.17901,0.17736,0.17703,0.02771,0.02705,0.02870,0.02968,0.02475,-51.51289,2979.00000
0.19479,0.19249,0.19052,0.19315,0.19315,0.17670,0.17670,0.17999,0.18032,0.17802,0.02936,0.02574,0.03100,0.03166,0.02607,-52.63144,2980.00000
0.19183,0.19742,0.19282,0.20006,0.18756,0.17769,0.17670,0.17868,0.17802,0.17999,0.02936,0.02837,0.02705,0.02870,0.02738,-52.63144,2981.00000
0.19611,0.19742,0.19775,0.19315,0.19512,0.17539,0.17572,0.17572,0.17868,0.17572,0.02771,0.02936,0.02837,0.02607,0.02870,-53.21269,2982.00000
0.19545,0.19348,0.19710,0.19545,0.19742,0.17638,0.17736,0.17440,0.17670,0.17736,0.02804,0.03067,0.03199,0.03100,0.02672,-53.21269,2983.00000
0.19183,0.19841,0.19052,0.19578,0.19512,0.17605,0.17703,0.17605,0.17309,0.17802,0.02804,0.02672,0.02771,0.02607,0.02574,-54.55557,2984.00000
0.19973,0.19315,0.18887,0.19414,0.19742,0.17703,0.17736,0.17703,0.17506,0.17934,0.02738,0.02672,0.02640,0.02837,0.02936,-54.55557,2985.00000
0.19710,0.19677,0.19348,0.19841,0.19315,0.17703,0.17572,0.18065,0.17999,0.17078,0.03297,0.02936,0.02705,0.02640,0.02968,-54.02095,2986.00000
0.19874,0.18920,0.19710,0.20006,0.19578,0.17605,0.17769,0.17769,0.18032,0.17736,0.02903,0.02936,0.02738,0.02771,0.03133,-54.02095,2987.00000
0.20170,0.19808,0.19414,0.19611,0.20071,0.17736,0.18328,0.17901,0.17802,0.17868,0.02574,0.03133,0.02541,0.02672,0.02936,-54.04416,2988.00000
0.19611,0.19973,0.19578,0.19775,0.19381,0.17243,0.17539,0.17901,0.17309,0.17342,0.02705,0.02771,0.02705,0.02837,0.02936,-54.04416,2989.00000
0.19216,0.20038,0.19611,0.19611,0.19644,0.18197,0.17638,0.17835,0.18098,0.17999,0.03363,0.02903,0.02870,0.02936,0.02640,-53.63829,2990.00000
0.19315,0.19381,0.19315,0.19775,0.19710,0.17934,0.17703,0.17835,0.17802,0.17407,0.02968,0.02903,0.03001,0.02936,0.03001,-53.63829,2991.00000
0.20006,0.19216,0.19414,0.19874,0.19348,0.18164,0.17407,0.17638,0.17769,0.17835,0.02837,0.02672,0.02804,0.02870,0.03067,-54.18243,2992.00000
0.20400,0.19414,0.19874,0.18953,0.19282,0.17440,0.17572,0.17670,0.17539,0.18361,0.02968,0.03067,0.02705,0.02705,0.02672,-54.18243,2993.00000
0.19907,0.19578,0.19940,0.19578,0.19742,0.18065,0.17802,0.18098,0.17572,0.17769,0.02804,0.03001,0.02771,0.03034,0.02640,-54.68155,2994.00000
0.19216,0.19742,0.19479,0.19545,0.19479,0.17966,0.18230,0.17769,0.17210,0.17868,0.02640,0.02804,0.02804,0.02936,0.03166,-54.68155,2995.00000
0.19710,0.19216,0.19381,0.19808,0.19019,0.17901,0.17901,0.17802,0.17638,0.17670,0.02837,0.02705,0.02804,0.02968,0.02508,-54.47700,2996.00000
0.19414,0.19183,0.19249,0.19874,0.19907,0.17638,0.17670,0.18460,0.17868,0.18164,0.03034,0.02903,0.02705,0.02672,0.02771,-54.47700,2997.00000
0.19118,0.19414,0.19907,0.19052,0.20466,0.17868,0.17473,0.18328,0.17440,0.17769,0.03067,0.02738,0.02771,0.03067,0.02804,-53.23460,2998.00000
0.20203,0.19282,0.19085,0.19512,0.19315,0.17868,0.17703,0.17769,0.17835,0.17901,0.03199,0.02903,0.02771,0.03034,0.02936,-53.23460,2999.00000
0.19446,0.19545,0.19019,0.20269,0.19183,0.17802,0.17605,0.17736,0.17342,0.17769,0.02968,0.02738,0.02936,0.02804,0.02870,-52.71105,3000.00000
0.19742,0.19578,0.19479,0.19249,0.19545,0.17835,0.17835,0.17407,0.17966,0.17769,0.02738,0.02837,0.02705,0.02607,0.02672,-52.71105,3001.00000
0.19150,0.19907,0.19479,0.19545,0.19282,0.17440,0.18230,0.17966,0.17539,0.17374,0.03001,0.02837,0.02607,0.02705,0.02738,-52.50543,3002.00000
0.19479,0.19150,0.19381,0.20071,0.19710,0.17440,0.17572,0.17638,0.17966,0.17769,0.03067,0.02903,0.02541,0.02968,0.02903,-52.50543,3003.00000
0.19808,0.19315,0.20104,0.19216,0.19282,0.17374,0.17572,0.17934,0.17342,0.17934,0.02771,0.02672,0.02672,0.02672,0.02771,-51.09890,3004.00000
0.19644,0.19940,0.19282,0.19118,0.19249,0.17703,0.17539,0.17506,0.18197,0.18065,0.02607,0.02705,0.03034,0.02574,0.02574,-51.09890,3005.00000
0.19118,0.19545,0.19775,0.18986,0.19611,0.17999,0.17473,0.17736,0.17605,0.17670,0.02936,0.02574,0.02607,0.02640,0.03067,-50.79603,3006.00000
0.18854,0.19479,0.19282,0.19315,0.19216,0.17835,0.17934,0.17802,0.17670,0.18361,0.02771,0.03034,0.02705,0.02870,0.02672,-50.79603,3007.00000
0.18756,0.19282,0.19052,0.19216,0.19315,0.17407,0.17736,0.17736,0.17605,0.17111,0.02968,0.02771,0.03034,0.02936,0.02837,-48.28132,3008.00000
0.19216,0.19677,0.18920,0.19742,0.19052,0.17835,0.18032,0.17901,0.17802,0.17769,0.02508,0.02475,0.03067,0.02837,0.02870,-48.28132,3009.00000
0.19315,0.19775,0.19677,0.19578,0.19808,0.17539,0.17703,0.17440,0.17605,0.17013,0.02936,0.02837,0.03067,0.02541,0.02607,-47.90775,3010.00000
0.19973,0.18920,0.19216,0.19611,0.19710,0.17473,0.17572,0.17736,0.18328,0.18164,0.02870,0.03133,0.02705,0.02475,0.03265,-47.90775,3011.00000
0.19940,0.19710,0.19216,0.19644,0.18887,0.17572,0.17638,0.17802,0.17736,0.18065,0.02508,0.02771,0.02903,0.02903,0.02738,-47.90651,3012.00000
0.19414,0.19446,0.19677,0.19315,0.19742,0.17506,0.17670,0.17901,0.17539,0.17966,0.02672,0.02968,0.02640,0.02705,0.02968,-47.90651,3013.00000
0.19710,0.19677,0.19808,0.20071,0.19085,0.18361,0.17407,0.17703,0.17440,0.18065,0.02936,0.02837,0.02344,0.03034,0.02837,-50.28870,3014.00000
0.19512,0.19874,0.19446,0.19479,0.19940,0.18295,0.18098,0.17901,0.17934,0.17605,0.02903,0.02607,0.03265,0.02640,0.02672,-50.28870,3015.00000
0.19775,0.20071,0.19446,0.18887,0.20071,0.17934,0.17539,0.17802,0.17670,0.17539,0.02475,0.02640,0.02936,0.03133,0.02903,-51.89728,3016.00000
0.19150,0.19512,0.19381,0.18986,0.19183,0.17572,0.17670,0.17506,0.17539,0.17539,0.02870,0.02541,0.02640,0.02903,0.03265,-51.89728,3017.00000
0.19150,0.19973,0.18887,0.20071,0.19512,0.17868,0.17506,0.17802,0.17934,0.17539,0.02409,0.03001,0.02771,0.02771,0.02837,-53.02628,3018.00000
0.19808,0.19644,0.19742,0.19479,0.19545,0.18065,0.17276,0.17835,0.17868,0.17605,0.03067,0.02837,0.02837,0.02804,0.02672,-53.02628,3019.00000
0.19150,0.20006,0.19348,0.19446,0.19282,0.17407,0.17868,0.18065,0.17638,0.18230,0.02903,0.03199,0.03199,0.02837,0.02804,-53.47359,3020.00000
0.19545,0.19874,0.19249,0.19775,0.19611,0.18098,0.18197,0.17473,0.17999,0.17407,0.03067,0.02672,0.02771,0.02936,0.03100,-53.47359,3021.00000
0.19216,0.19315,0.20302,0.18822,0.19611,0.17638,0.17473,0.17473,0.17210,0.17539,0.02870,0.02837,0.03330,0.02738,0.02903,-53.86570,3022.00000
0.19414,0.19183,0.19414,0.19446,0.19085,0.17934,0.17769,0.17243,0.17243,0.17342,0.02968,0.02738,0.02804,0.02968,0.02870,-53.86570,3023.00000
0.19150,0.20236,0.19841,0.19348,0.19644,0.17736,0.17572,0.17769,0.18065,0.17736,0.03067,0.03133,0.02607,0.02705,0.02672,-54.00072,3024.00000
0.20302,0.19052,0.19907,0.19940,0.19216,0.17835,0.18262,0.17868,0.17802,0.17868,0.03034,0.02870,0.02607,0.03100,0.03133,-54.00072,3025.00000
0.19775,0.19348,0.19710,0.19940,0.19644,0.17210,0.17605,0.17605,0.17703,0.17868,0.02903,0.02870,0.02574,0.03330,0.03067,-53.53845,3026.00000
0.19874,0.19479,0.19710,0.18887,0.19282,0.17243,0.17802,0.17802,0.17901,0.18164,0.02705,0.02607,0.02903,0.02903,0.02804,-53.53845,3027.00000
0.19578,0.19348,0.19381,0.19249,0.19545,0.17670,0.17539,0.17901,0.17473,0.17572,0.02903,0.02672,0.02574,0.03133,0.02705,-52.31366,3028.00000
0.19381,0.19282,0.19578,0.19578,0.19578,0.17999,0.17835,0.17572,0.17638,0.18032,0.02837,0.03297,0.03067,0.02903,0.02607,-52.31366,3029.00000
0.19677,0.19479,0.19183,0.19578,0.19315,0.18098,0.17670,0.17703,0.17934,0.17835,0.02705,0.03199,0.02870,0.03067,0.02640,-53.09042,3030.00000
0.19381,0.19742,0.19150,0.19644,0.19907,0.17703,0.17736,0.17934,0.17966,0.17638,0.02903,0.03133,0.02771,0.02541,0.03199,-53.09042,3031.00000
0.19775,0.19479,0.19841,0.19381,0.20038,0.17802,0.17868,0.17868,0.18065,0.18394,0.02804,0.03100,0.02179,0.03034,0.02574,-51.90898,3032.00000
0.19710,0.18986,0.19677,0.19216,0.20071,0.17638,0.17802,0.17868,0.17966,0.17934,0.03166,0.03001,0.02837,0.03067,0.02837,-51.90898,3033.00000
0.19085,0.19841,0.19446,0.19874,0.19282,0.17966,0.17440,0.17736,0.17901,0.18065,0.02409,0.03100,0.02640,0.02771,0.02574,-51.59658,3034.00000
0.18854,0.19512,0.19446,0.19249,0.18756,0.17802,0.17966,0.17539,0.17999,0.17802,0.02936,0.03001,0.02936,0.02870,0.02738,-51.59658,3035.00000
0.20006,0.19414,0.19611,0.19578,0.19808,0.17934,0.18032,0.17539,0.18328,0.18032,0.02804,0.02640,0.02607,0.02738,0.02738,-51.33540,3036.00000
0.19282,0.19381,0.19282,0.19611,0.19348,0.17769,0.17539,0.18164,0.17605,0.17638,0.03100,0.02968,0.02968,0.02640,0.02738,-51.33540,3037.00000
0.19282,0.18723,0.19315,0.19479,0.19710,0.17605,0.17835,0.17901,0.18197,0.17966,0.03001,0.02837,0.03133,0.02968,0.03166,-51.71262,3038.00000
0.18723,0.19315,0.19841,0.19742,0.19183,0.18098,0.17605,0.17111,0.18032,0.17210,0.02442,0.02870,0.03396,0.02870,0.02870,-51.71262,3039.00000
0.19348,0.19710,0.19348,0.19611,0.18953,0.18098,0.17638,0.17934,0.17638,0.17506,0.02771,0.02738,0.02936,0.02771,0.03133,-52.03307,3040.00000
0.19545,0.19052,0.19742,0.19315,0.19710,0.17440,0.17342,0.17506,0.17638,0.17572,0.03133,0.03001,0.03232,0.02771,0.02672,-52.03307,3041.00000
0.19348,0.19479,0.19973,0.18986,0.18887,0.17605,0.17901,0.18197,0.18230,0.17901,0.02607,0.03232,0.02936,0.03199,0.02607,-52.57659,3042.00000
0.19710,0.19677,0.19940,0.19150,0.19644,0.18065,0.17605,0.17901,0.17572,0.17769,0.02936,0.03166,0.03001,0.02936,0.03297,-52.57659,3043.00000
0.20006,0.19775,0.19644,0.19479,0.19446,0.17703,0.17407,0.17802,0.17736,0.17703,0.02870,0.02640,0.02968,0.02607,0.02968,-52.87277,3044.00000
0.19545,0.19249,0.18986,0.19512,0.19446,0.16749,0.17868,0.17670,0.17539,0.17736,0.02837,0.02837,0.03166,0.02804,0.02771,-52.87277,3045.00000
0.19611,0.18854,0.19808,0.19775,0.18887,0.17934,0.17276,0.17736,0.17374,0.17539,0.02738,0.02804,0.02541,0.02574,0.02870,-53.78746,3046.00000
0.19249,0.19249,0.19085,0.19414,0.19710,0.17506,0.17736,0.17407,0.17934,0.17703,0.03166,0.02738,0.02804,0.03034,0.02837,-53.78746,3047.00000
0.19841,0.19677,0.18986,0.19710,0.19052,0.17868,0.17572,0.17999,0.17835,0.18164,0.02837,0.02837,0.02936,0.03034,0.03067,-54.34978,3048.00000
0.18624,0.19545,0.19512,0.19183,0.19282,0.17539,0.17473,0.17736,0.18295,0.17572,0.02672,0.02409,0.02508,0.02607,0.02968,-54.34978,3049.00000
0.19808,0.19479,0.20006,0.19545,0.19611,0.17638,0.17309,0.17934,0.17638,0.18032,0.02804,0.03034,0.03067,0.02672,0.02804,-54.70663,3050.00000
0.18756,0.19414,0.20137,0.19874,0.19315,0.17769,0.17736,0.17769,0.17934,0.17670,0.03330,0.03034,0.03034,0.03001,0.02804,-54.70663,3051.00000
0.19282,0.19414,0.19446,0.19940,0.19710,0.17999,0.17309,0.17440,0.17670,0.18164,0.03001,0.02903,0.03001,0.02968,0.03133,-54.12578,3052.00000
0.19874,0.20137,0.19578,0.19742,0.19742,0.17473,0.17802,0.17605,0.17934,0.17638,0.02804,0.02672,0.03034,0.03034,0.03133,-54.12578,3053.00000
0.19611,0.20006,0.19512,0.19446,0.19710,0.17407,0.17276,0.17934,0.17506,0.17999,0.03034,0.02870,0.02903,0.03034,0.02442,-53.69619,3054.00000
0.19052,0.19677,0.18953,0.20137,0.19611,0.18065,0.17736,0.17670,0.18131,0.17736,0.03166,0.02771,0.03034,0.02903,0.02837,-53.69619,3055.00000
0.19578,0.19348,0.19742,0.19414,0.19216,0.17934,0.17736,0.17638,0.17835,0.17473,0.02672,0.02968,0.02738,0.02607,0.03265,-53.24458,3056.00000
0.19973,0.19710,0.19940,0.19479,0.19150,0.18098,0.17210,0.17670,0.18032,0.17934,0.02771,0.02968,0.03133,0.02475,0.02672,-53.24458,3057.00000
0.20400,0.18756,0.19315,0.19775,0.19019,0.18230,0.17638,0.17440,0.17703,0.17703,0.03034,0.02837,0.02804,0.02574,0.02837,-52.69407,3058.00000
0.19085,0.19578,0.19710,0.19710,0.19578,0.17506,0.17638,0.18032,0.17703,0.17868,0.02640,0.02837,0.02705,0.02903,0.02738,-52.69407,3059.00000
0.19973,0.19808,0.19545,0.19545,0.19775,0.17934,0.17144,0.17703,0.17703,0.17736,0.02738,0.02936,0.03100,0.02607,0.03034,-51.84508,3060.00000
0.19381,0.19545,0.19183,0.20335,0.19315,0.17374,0.17802,0.17736,0.17572,0.17473,0.02738,0.02968,0.03034,0.02705,0.02640,-51.84508,3061.00000
0.19710,0.19644,0.19775,0.19677,0.19512,0.17736,0.17670,0.17605,0.17473,0.17835,0.02903,0.02936,0.02903,0.03034,0.02936,-51.71111,3062.00000
0.19249,0.19940,0.19315,0.19414,0.19414,0.17703,0.17374,0.17539,0.17966,0.17670,0.02936,0.02771,0.02936,0.02607,0.03133,-51.71111,3063.00000
0.18789,0.19381,0.19414,0.19414,0.19446,0.17736,0.17802,0.17407,0.17407,0.17769,0.02870,0.02903,0.03100,0.03100,0.02968,-51.97128,3064.00000
0.19052,0.19216,0.19841,0.20038,0.20203,0.17440,0.17769,0.17111,0.17407,0.18065,0.02771,0.02574,0.02837,0.02607,0.02870,-51.97128,3065.00000
0.19644,0.19315,0.19414,0.19775,0.18920,0.17769,0.17934,0.18361,0.17210,0.17638,0.03034,0.03067,0.03199,0.02607,0.02738,-51.87431,3066.00000
0.19479,0.19677,0.19216,0.19644,0.19578,0.17539,0.17769,0.17769,0.17736,0.17506,0.03297,0.02771,0.02837,0.02837,0.02607,-51.87431,3067.00000
0.19216,0.19545,0.19677,0.19216,0.19414,0.18065,0.17999,0.17901,0.17638,0.17670,0.03001,0.03034,0.02771,0.03199,0.02672,-51.99428,3068.00000
0.19545,0.19710,0.19019,0.19545,0.19611,0.17736,0.17539,0.17769,0.17736,0.17999,0.02837,0.03133,0.02968,0.02640,0.03166,-51.99428,3069.00000
0.19019,0.19479,0.19808,0.19710,0.19381,0.17506,0.17638,0.18262,0.17999,0.17769,0.03001,0.02804,0.02705,0.02903,0.02508,-52.62800,3070.00000
0.19315,0.20071,0.18789,0.19644,0.19677,0.17572,0.17736,0.17769,0.17638,0.17868,0.02903,0.02870,0.02936,0.02837,0.03067,-52.62800,3071.00000
0.19808,0.19019,0.19479,0.19578,0.19841,0.17868,0.17999,0.17605,0.18197,0.17407,0.02508,0.02738,0.03232,0.02903,0.02903,-53.56254,3072.00000
0.19775,0.19381,0.19446,0.19512,0.19183,0.17835,0.17243,0.17473,0.17868,0.17605,0.03067,0.02870,0.02968,0.02672,0.02508,-53.56254,3073.00000
0.19118,0.20335,0.19019,0.19907,0.20104,0.18164,0.17934,0.17868,0.17342,0.17901,0.02771,0.02837,0.02541,0.02705,0.02837,-54.46681,3074.00000
0.19742,0.19085,0.18920,0.19052,0.18822,0.17342,0.18098,0.17539,0.18032,0.17572,0.02705,0.02738,0.02771,0.02837,0.02968,-54.46681,3075.00000
0.19446,0.19183,0.19216,0.19282,0.19183,0.17539,0.17703,0.17966,0.17144,0.17966,0.02508,0.02640,0.02968,0.02409,0.02672,-54.33546,3076.00000
0.19348,0.19052,0.19545,0.19282,0.19710,0.18098,0.17999,0.17802,0.17736,0.17999,0.03034,0.02475,0.02804,0.02870,0.02936,-54.33546,3077.00000
0.19315,0.18986,0.19150,0.19249,0.19479,0.17670,0.17638,0.17736,0.17638,0.17539,0.03067,0.02607,0.02837,0.02672,0.02640,-53.84498,3078.00000
0.19315,0.19479,0.19216,0.19578,0.19414,0.17506,0.17605,0.17769,0.17342,0.17638,0.02968,0.02771,0.02903,0.02903,0.02771,-53.84498,3079.00000
0.19973,0.19085,0.19249,0.19479,0.19282,0.17670,0.17539,0.17407,0.17670,0.17539,0.02870,0.02738,0.02705,0.02837,0.02903,-53.54114,3080.00000
0.19216,0.19315,0.19381,0.19315,0.19315,0.17802,0.17605,0.17802,0.16881,0.17407,0.02936,0.03067,0.02705,0.02936,0.02376,-53.54114,3081.00000
0.19249,0.19611,0.18953,0.19183,0.19578,0.18065,0.17374,0.17670,0.17473,0.17736,0.02738,0.02607,0.03001,0.02442,0.02771,-53.82379,3082.00000
0.19578,0.19479,0.19315,0.19249,0.19808,0.17539,0.17407,0.17769,0.17572,0.17572,0.02870,0.02705,0.02508,0.02672,0.03067,-53.82379,3083.00000
0.19677,0.19249,0.20071,0.19052,0.19446,0.17342,0.18295,0.17769,0.17670,0.17605,0.02968,0.02903,0.03001,0.02968,0.03100,-53.10086,3084.00000
0.19249,0.19479,0.19019,0.19512,0.19611,0.17440,0.17736,0.17703,0.17605,0.17374,0.02968,0.02672,0.03067,0.02640,0.03034,-53.10086,3085.00000
0.19315,0.19150,0.19808,0.19578,0.18690,0.17769,0.17210,0.17506,0.18032,0.17407,0.02705,0.02870,0.02640,0.02837,0.03100,-52.84193,3086.00000
0.19677,0.19644,0.19677,0.19381,0.18920,0.18197,0.17309,0.17572,0.17506,0.17802,0.03034,0.02968,0.02837,0.02771,0.02607,-52.84193,3087.00000
0.19907,0.18887,0.19446,0.19249,0.19282,0.17407,0.17078,0.17539,0.17703,0.18328,0.02903,0.02672,0.02870,0.03133,0.03001,-52.47321,3088.00000
0.19085,0.18920,0.19150,0.19611,0.19414,0.17736,0.17835,0.17769,0.18032,0.17407,0.02903,0.03199,0.03034,0.02771,0.02837,-52.47321,3089.00000
0.19118,0.19512,0.19348,0.19348,0.19414,0.17835,0.17638,0.17703,0.17835,0.17736,0.02870,0.02903,0.03133,0.02804,0.03034,-52.81131,3090.00000
0.19315,0.19545,0.19414,0.19216,0.20038,0.17736,0.17901,0.17638,0.17703,0.17342,0.02475,0.02837,0.02738,0.02968,0.02837,-52.81131,3091.00000
0.19742,0.19216,0.20006,0.19315,0.19841,0.17342,0.17835,0.17605,0.17901,0.17407,0.02936,0.02640,0.02837,0.03265,0.02771,-52.94618,3092.00000
0.18953,0.18690,0.19742,0.19644,0.19348,0.17703,0.17934,0.17638,0.17769,0.17309,0.02607,0.02804,0.03067,0.03100,0.02903,-52.94618,3093.00000
0.19907,0.19249,0.19249,0.19381,0.19282,0.17934,0.17539,0.17736,0.17934,0.18361,0.02870,0.02705,0.02837,0.03001,0.02804,-53.14790,3094.00000
0.19775,0.19348,0.19282,0.19315,0.19742,0.17144,0.17670,0.17539,0.18131,0.17638,0.03067,0.02804,0.02837,0.02607,0.03265,-53.14790,3095.00000
0.19973,0.19216,0.19611,0.19216,0.19578,0.17407,0.17736,0.17966,0.17605,0.17868,0.02968,0.02705,0.02903,0.02903,0.02968,-53.37082,3096.00000
0.19677,0.19381,0.19742,0.19644,0.18789,0.17835,0.17374,0.17276,0.17934,0.17934,0.02705,0.02771,0.02771,0.02738,0.02968,-53.37082,3097.00000
0.19150,0.19118,0.19710,0.18920,0.19381,0.17276,0.17572,0.17670,0.17210,0.18032,0.03100,0.03001,0.03429,0.03001,0.02936,-53.47252,3098.00000
0.19315,0.18854,0.19940,0.19282,0.19578,0.17703,0.17802,0.18262,0.17868,0.17309,0.02903,0.02936,0.03067,0.02870,0.03297,-53.47252,3099.00000
0.18953,0.19414,0.19841,0.19545,0.19052,0.17736,0.17769,0.17769,0.17572,0.17473,0.02903,0.02837,0.03133,0.02968,0.02936,-53.97503,3100.00000
0.19545,0.19742,0.18920,0.20071,0.19578,0.17309,0.17440,0.17802,0.17901,0.17276,0.02837,0.03199,0.03001,0.03462,0.03001,-53.97503,3101.00000
0.19348,0.19644,0.18723,0.19019,0.19381,0.18493,0.17539,0.17473,0.17736,0.17539,0.02771,0.03067,0.03100,0.02640,0.03133,-54.06271,3102.00000
0.19545,0.18953,0.19578,0.19052,0.19973,0.17802,0.17999,0.17966,0.17769,0.17407,0.02409,0.03001,0.02672,0.03166,0.02771,-54.06271,3103.00000
0.19414,0.19052,0.20006,0.19282,0.19710,0.17802,0.17736,0.17769,0.17572,0.17473,0.03034,0.02936,0.02870,0.02705,0.02936,-54.73887,3104.00000
0.19315,0.19578,0.19019,0.19644,0.19183,0.17868,0.17374,0.17934,0.18230,0.17309,0.02804,0.02837,0.02640,0.03001,0.03067,-54.73887,3105.00000
0.19545,0.19315,0.19446,0.19545,0.19414,0.17769,0.17342,0.17901,0.17670,0.17473,0.02607,0.02968,0.02574,0.02837,0.02804,-54.59844,3106.00000
0.19841,0.19381,0.19216,0.19545,0.19479,0.17736,0.18131,0.17868,0.17769,0.17638,0.02442,0.03133,0.02804,0.03067,0.02705,-54.59844,3107.00000
0.19315,0.19282,0.18723,0.20236,0.19677,0.17934,0.17835,0.17506,0.17802,0.17506,0.03034,0.02903,0.03166,0.02376,0.02804,-53.72256,3108.00000
0.19545,0.18920,0.19479,0.19808,0.18887,0.18032,0.18032,0.17374,0.17769,0.17111,0.03067,0.02771,0.02936,0.03232,0.03232,-53.72256,3109.00000
0.19907,0.19512,0.19216,0.19512,0.19578,0.17473,0.17473,0.17769,0.17276,0.17572,0.02837,0.02804,0.02508,0.02475,0.03232,-53.55073,3110.00000
0.19150,0.19118,0.19578,0.19414,0.19381,0.17703,0.17703,0.17473,0.17966,0.17934,0.03034,0.03001,0.02705,0.02771,0.02409,-53.55073,3111.00000
0.18920,0.20236,0.19677,0.19611,0.19216,0.17144,0.17572,0.17966,0.17703,0.17703,0.02903,0.02705,0.03001,0.02672,0.02771,-53.50632,3112.00000
0.19085,0.19677,0.19775,0.18854,0.19512,0.18098,0.17342,0.18131,0.17835,0.17539,0.03396,0.02936,0.02705,0.02936,0.02738,-53.50632,3113.00000
0.19512,0.19808,0.18953,0.19742,0.19150,0.17670,0.17342,0.17605,0.17868,0.17407,0.02475,0.02903,0.03100,0.02936,0.03100,-52.35131,3114.00000
0.19446,0.19545,0.19710,0.19216,0.19446,0.17638,0.17868,0.17901,0.17703,0.17999,0.02409,0.03100,0.03001,0.03133,0.03034,-52.35131,3115.00000
0.19611,0.19677,0.19775,0.19150,0.19118,0.17177,0.18328,0.17670,0.17539,0.17736,0.03067,0.02870,0.02870,0.03265,0.03034,-52.25964,3116.00000
0.19216,0.19446,0.19249,0.19249,0.19940,0.17736,0.17670,0.17506,0.17670,0.17736,0.02738,0.02738,0.02508,0.02936,0.03330,-52.25964,3117.00000
0.19315,0.19677,0.19414,0.19282,0.19446,0.17539,0.17342,0.18065,0.17736,0.17670,0.02376,0.02837,0.02903,0.02903,0.03133,-52.02826,3118.00000
0.19973,0.19742,0.19512,0.19479,0.19052,0.17868,0.17901,0.17506,0.17638,0.17769,0.03265,0.03199,0.02968,0.03166,0.02837,-52.02826,3119.00000
0.19348,0.18756,0.19216,0.19446,0.19808,0.17506,0.17440,0.17144,0.17440,0.18197,0.02804,0.02837,0.02640,0.02672,0.02771,-52.70846,3120.00000
0.19479,0.19348,0.19381,0.19118,0.20071,0.17901,0.17835,0.18295,0.17605,0.17243,0.02903,0.03265,0.02870,0.02968,0.02870,-52.70846,3121.00000
0.19085,0.19118,0.19052,0.19479,0.19841,0.17440,0.17539,0.17769,0.17605,0.18098,0.03166,0.02936,0.02903,0.02607,0.02804,-52.27220,3122.00000
0.19315,0.19742,0.19348,0.19446,0.19545,0.17868,0.17506,0.17506,0.17736,0.17769,0.03199,0.03330,0.02771,0.03001,0.02804,-52.27220,3123.00000
0.19315,0.19710,0.19183,0.18723,0.19775,0.17638,0.17670,0.17802,0.17999,0.18098,0.03100,0.02541,0.02936,0.03067,0.02705,-52.64489,3124.00000
0.19479,0.19479,0.19019,0.19216,0.19315,0.17539,0.17342,0.17868,0.17901,0.17045,0.02804,0.02804,0.03034,0.03034,0.03265,-52.64489,3125.00000
0.19150,0.19414,0.19414,0.19249,0.19085,0.17539,0.17769,0.17177,0.17835,0.17703,0.02705,0.02705,0.02771,0.03100,0.03133,-53.20233,3126.00000
0.19052,0.18953,0.19348,0.19315,0.19150,0.17802,0.18098,0.17506,0.17506,0.17835,0.02903,0.02936,0.02837,0.02705,0.02968,-53.20233,3127.00000
0.19315,0.19216,0.19710,0.18493,0.19249,0.17539,0.17440,0.17506,0.18032,0.17703,0.02936,0.02508,0.03001,0.02344,0.03495,-54.42831,3128.00000
0.19677,0.19150,0.19742,0.19150,0.19414,0.17835,0.17342,0.17539,0.17670,0.17703,0.02936,0.03034,0.02903,0.02936,0.02705,-54.42831,3129.00000
0.19282,0.19216,0.19775,0.19414,0.19348,0.17638,0.17703,0.17473,0.18032,0.17473,0.02705,0.02903,0.03133,0.02672,0.03133,-54.56767,3130.00000
0.19874,0.18723,0.19315,0.19578,0.19381,0.17572,0.17835,0.17506,0.17736,0.17342,0.02936,0.02672,0.02705,0.02705,0.02738,-54.56767,3131.00000
0.19282,0.19282,0.19052,0.20203,0.19611,0.17703,0.17473,0.17638,0.17111,0.17473,0.02936,0.02870,0.02771,0.02804,0.02771,-55.15249,3132.00000
0.19545,0.19183,0.19808,0.19907,0.19611,0.17539,0.17407,0.17966,0.17966,0.17572,0.02870,0.02771,0.03100,0.03166,0.02804,-55.15249,3133.00000
0.19315,0.19183,0.19479,0.19315,0.19611,0.17835,0.17934,0.17835,0.17539,0.17440,0.02640,0.03297,0.02903,0.02968,0.02903,-54.98835,3134.00000
0.19282,0.19479,0.19414,0.18854,0.19710,0.17835,0.17374,0.18065,0.17999,0.17835,0.02574,0.02738,0.02837,0.03265,0.03330,-54.98835,3135.00000
0.19611,0.19874,0.19019,0.19841,0.19710,0.17670,0.17506,0.17966,0.17769,0.18164,0.02771,0.02936,0.03232,0.02804,0.02672,-55.24320,3136.00000
0.19348,0.19940,0.19381,0.18822,0.19512,0.17835,0.18131,0.17473,0.17407,0.17539,0.02837,0.02508,0.02574,0.03067,0.02936,-55.24320,3137.00000
0.19381,0.19545,0.19545,0.19019,0.18723,0.18065,0.17111,0.17407,0.17736,0.17605,0.03166,0.02837,0.02771,0.02968,0.02771,-54.42336,3138.00000
0.19545,0.19545,0.19085,0.19118,0.19315,0.17374,0.17999,0.17440,0.17539,0.17374,0.02936,0.02640,0.03133,0.02705,0.02771,-54.42336,3139.00000
0.19710,0.19150,0.19479,0.18493,0.19118,0.17703,0.17276,0.17802,0.17539,0.17769,0.02968,0.02705,0.02738,0.03001,0.03166,-53.62769,3140.00000
0.19446,0.19183,0.18854,0.18394,0.19249,0.17243,0.17374,0.17670,0.18328,0.17703,0.02903,0.03067,0.03067,0.03034,0.02672,-53.62769,3141.00000
0.19216,0.19282,0.19874,0.18986,0.19479,0.18032,0.17638,0.17539,0.17572,0.17703,0.02968,0.02837,0.02936,0.02607,0.02870,-53.15662,3142.00000
0.19216,0.19973,0.19644,0.19315,0.19052,0.17539,0.17769,0.17243,0.17670,0.17440,0.02804,0.03001,0.02574,0.02968,0.02837,-53.15662,3143.00000
0.19150,0.19414,0.19578,0.19841,0.19742,0.17605,0.17539,0.17703,0.17506,0.17901,0.03001,0.02705,0.02870,0.03297,0.03034,-52.13251,3144.00000
0.19381,0.19315,0.19644,0.18854,0.19446,0.17835,0.17374,0.17835,0.17802,0.17934,0.02903,0.02771,0.03232,0.02672,0.03232,-52.13251,3145.00000
0.18591,0.19315,0.19611,0.19085,0.18591,0.17934,0.17374,0.17703,0.17999,0.17769,0.03067,0.02738,0.03232,0.03166,0.02738,-52.70932,3146.00000
0.19512,0.19414,0.19808,0.18953,0.18854,0.17473,0.17440,0.17506,0.17572,0.17999,0.02804,0.02870,0.02672,0.02870,0.02968,-52.70932,3147.00000
0.19414,0.19644,0.19348,0.18920,0.19216,0.17638,0.17572,0.18164,0.18230,0.17736,0.03001,0.02574,0.03100,0.02903,0.03133,-52.79997,3148.00000
0.19118,0.19183,0.19118,0.19118,0.19677,0.17802,0.17868,0.17934,0.17999,0.17638,0.02968,0.02640,0.02804,0.02574,0.02640,-52.79997,3149.00000
0.19578,0.20137,0.19249,0.19315,0.19446,0.17407,0.17605,0.17309,0.18295,0.17473,0.02541,0.02508,0.03232,0.03232,0.02705,-53.24813,3150.00000
0.18822,0.19611,0.19150,0.18822,0.19019,0.17572,0.17572,0.17999,0.17374,0.17506,0.03100,0.03067,0.02968,0.03067,0.02870,-53.24813,3151.00000
0.19710,0.19808,0.19446,0.18986,0.19446,0.18098,0.17473,0.17210,0.17506,0.17802,0.02903,0.02705,0.03001,0.03199,0.03396,-52.84233,3152.00000
0.19841,0.18723,0.19578,0.19479,0.18920,0.17670,0.17506,0.17835,0.17802,0.17999,0.02672,0.02771,0.02574,0.02870,0.02870,-52.84233,3153.00000
0.19216,0.19381,0.19578,0.19183,0.18953,0.17703,0.17835,0.17703,0.17901,0.17407,0.02968,0.02672,0.02968,0.02837,0.02771,-53.14236,3154.00000
0.19085,0.19446,0.19348,0.19775,0.19052,0.17539,0.17835,0.17769,0.17276,0.17638,0.03034,0.03166,0.02870,0.02936,0.02541,-53.14236,3155.00000
0.19282,0.19512,0.19545,0.19282,0.19282,0.17440,0.17802,0.17802,0.17605,0.17539,0.03166,0.03034,0.02607,0.02870,0.02640,-52.96278,3156.00000
0.19446,0.19414,0.19052,0.19446,0.19282,0.17407,0.17769,0.17802,0.17572,0.17802,0.02574,0.03034,0.02804,0.02640,0.02903,-52.96278,3157.00000
0.19052,0.20236,0.19512,0.19019,0.18756,0.18164,0.16914,0.18197,0.17539,0.17374,0.03593,0.02804,0.02804,0.02903,0.03166,-53.90571,3158.00000
0.19414,0.20137,0.19479,0.19512,0.19282,0.17539,0.17342,0.17670,0.17638,0.17901,0.03265,0.02804,0.02804,0.03232,0.03001,-53.90571,3159.00000
0.18887,0.19381,0.19874,0.19052,0.19085,0.17670,0.17769,0.17506,0.17539,0.17934,0.03001,0.02672,0.02837,0.03133,0.02903,-53.72287,3160.00000
0.19940,0.19315,0.18920,0.19907,0.19183,0.17638,0.18098,0.17769,0.17999,0.17177,0.03133,0.02804,0.02936,0.03297,0.02705,-53.72287,3161.00000
0.19479,0.19677,0.19907,0.19644,0.18986,0.17309,0.17703,0.17342,0.17473,0.17736,0.03034,0.02837,0.02936,0.02804,0.02804,-54.26134,3162.00000
0.19611,0.19282,0.19611,0.18789,0.19019,0.17670,0.18032,0.17736,0.17407,0.17769,0.02804,0.02804,0.02574,0.03100,0.03232,-54.26134,3163.00000
0.19085,0.19479,0.18986,0.19446,0.19512,0.17868,0.17440,0.17440,0.17572,0.17835,0.03067,0.02738,0.03199,0.03166,0.02870,-54.68682,3164.00000
0.19315,0.19216,0.19775,0.18887,0.19578,0.17506,0.17506,0.17769,0.17638,0.17769,0.02903,0.03166,0.03100,0.02705,0.02672,-54.68682,3165.00000
0.19545,0.19512,0.19611,0.19742,0.19216,0.17572,0.17901,0.17868,0.17440,0.17736,0.03034,0.02903,0.02771,0.02574,0.03133,-54.17691,3166.00000
0.19249,0.19150,0.19578,0.19512,0.19841,0.17078,0.17802,0.17769,0.17999,0.17901,0.03626,0.02870,0.02640,0.03133,0.02870,-54.17691,3167.00000
0.19315,0.19775,0.19545,0.19019,0.19052,0.17835,0.17901,0.17934,0.17572,0.17802,0.03100,0.02837,0.03001,0.03034,0.03265,-53.83894,3168.00000
0.19216,0.19414,0.19611,0.19052,0.18920,0.17605,0.17670,0.17572,0.17868,0.17868,0.02672,0.03001,0.02640,0.03067,0.03034,-53.83894,3169.00000
0.19710,0.19118,0.19414,0.19183,0.19282,0.17802,0.17868,0.17210,0.17440,0.17506,0.02968,0.02738,0.02771,0.02936,0.02870,-53.72123,3170.00000
0.19545,0.19183,0.19479,0.18854,0.19216,0.18328,0.17703,0.17934,0.17440,0.17703,0.03001,0.02607,0.03100,0.03001,0.02968,-53.72123,3171.00000
0.20038,0.19183,0.19545,0.18920,0.19578,0.17440,0.17769,0.17901,0.17407,0.17638,0.02837,0.03001,0.03133,0.03199,0.03001,-52.83718,3172.00000
0.19249,0.19644,0.19644,0.19710,0.19282,0.17506,0.17802,0.17440,0.17769,0.17440,0.02804,0.02771,0.03067,0.02870,0.02607,-52.83718,3173.00000
0.19019,0.19216,0.18854,0.19216,0.19545,0.17374,0.17835,0.17703,0.17999,0.17177,0.02804,0.02672,0.02936,0.02705,0.02705,-52.10706,3174.00000
0.19414,0.19249,0.19446,0.19150,0.19150,0.17802,0.18460,0.17144,0.17868,0.17342,0.03166,0.03166,0.03067,0.03034,0.02738,-52.10706,3175.00000
0.19348,0.18920,0.18789,0.19644,0.19085,0.17703,0.17309,0.17440,0.17243,0.17868,0.03232,0.02541,0.02771,0.02508,0.02903,-52.31086,3176.00000
0.19282,0.19315,0.18657,0.19545,0.19118,0.17276,0.17309,0.18032,0.17342,0.17605,0.02771,0.03166,0.03199,0.03001,0.02968,-52.31086,3177.00000
0.19315,0.19282,0.19150,0.19150,0.19150,0.17670,0.17177,0.17736,0.17440,0.17572,0.02804,0.02968,0.02968,0.02968,0.02804,-52.25162,3178.00000
0.19118,0.19052,0.18394,0.19479,0.19446,0.17440,0.17605,0.17802,0.17605,0.17243,0.03034,0.03166,0.02903,0.02968,0.02771,-52.25162,3179.00000
0.19414,0.19216,0.19150,0.20137,0.19085,0.17506,0.17572,0.17934,0.18098,0.17966,0.02870,0.02837,0.02837,0.02837,0.03100,-52.88851,3180.00000
0.19249,0.19479,0.18558,0.19118,0.19315,0.17638,0.17769,0.17934,0.17572,0.17407,0.02541,0.02607,0.03133,0.03100,0.03133,-52.88851,3181.00000
0.19249,0.19644,0.19414,0.19578,0.19677,0.17572,0.17342,0.17473,0.17473,0.17506,0.02640,0.03199,0.02804,0.03166,0.02640,-53.00187,3182.00000
0.18986,0.19742,0.18789,0.19282,0.18953,0.17934,0.17901,0.17670,0.17769,0.17703,0.02936,0.02738,0.03067,0.02771,0.02672,-53.00187,3183.00000
0.18756,0.19677,0.19282,0.19611,0.19644,0.17736,0.17506,0.17572,0.17539,0.18032,0.02738,0.03001,0.03067,0.02804,0.02936,-52.92672,3184.00000
0.19742,0.19479,0.18690,0.19742,0.19545,0.17342,0.17638,0.17374,0.17802,0.17966,0.02968,0.03199,0.02968,0.03133,0.02705,-52.92672,3185.00000
0.19545,0.19216,0.19841,0.18854,0.19249,0.17966,0.17966,0.17901,0.17506,0.17407,0.02936,0.03462,0.02936,0.02936,0.02508,-53.66551,3186.00000
0.18887,0.18953,0.19315,0.18920,0.19775,0.17966,0.17966,0.17638,0.17506,0.17506,0.02903,0.03100,0.02936,0.02541,0.02837,-53.66551,3187.00000
0.18822,0.19808,0.19019,0.19414,0.19874,0.17999,0.17605,0.17638,0.17473,0.17966,0.02640,0.03232,0.03034,0.02837,0.02771,-54.22777,3188.00000
0.19118,0.18986,0.19118,0.18723,0.19611,0.17934,0.18131,0.17572,0.17999,0.17440,0.02672,0.03199,0.03001,0.02738,0.02870,-54.45764,3189.00000
0.19381,0.19282,0.19315,0.19940,0.18953,0.17638,0.17802,0.17210,0.17769,0.17638,0.03199,0.02738,0.03232,0.03067,0.02903,-54.45764,3190.00000
0.19216,0.19216,0.19742,0.19545,0.19940,0.17539,0.17736,0.17243,0.17177,0.17407,0.03100,0.02672,0.02804,0.02672,0.03232,-54.88263,3191.00000
0.19381,0.19446,0.19282,0.19512,0.19710,0.17670,0.17473,0.17374,0.17342,0.17374,0.03166,0.03297,0.02870,0.03199,0.03100,-54.88263,3192.00000
0.19414,0.19282,0.19578,0.20137,0.19216,0.17901,0.17440,0.17473,0.17638,0.17835,0.03232,0.03297,0.02574,0.02936,0.03100,-54.28458,3193.00000
0.19052,0.19381,0.19644,0.19183,0.18822,0.17177,0.17473,0.17539,0.17703,0.17966,0.02936,0.02870,0.02640,0.02804,0.02804,-54.28458,3194.00000
0.19545,0.19545,0.19611,0.19216,0.19282,0.17473,0.18032,0.17539,0.18262,0.17670,0.02640,0.03133,0.03133,0.02837,0.03166,-53.92940,3195.00000
0.19216,0.18789,0.19249,0.19216,0.19183,0.17835,0.17802,0.17670,0.17802,0.17703,0.02936,0.02903,0.03166,0.03330,0.02640,-53.92940,3196.00000
0.18986,0.19874,0.18887,0.19282,0.18953,0.17407,0.17539,0.17835,0.18197,0.17901,0.03034,0.02804,0.03133,0.03001,0.03067,-53.01939,3197.00000
0.19348,0.19282,0.19414,0.19578,0.19085,0.17670,0.17605,0.17177,0.17736,0.17868,0.03133,0.02936,0.02837,0.03100,0.02409,-53.01939,3198.00000
0.19052,0.18822,0.19052,0.19907,0.19282,0.17506,0.17243,0.17342,0.17703,0.17769,0.03100,0.03330,0.03232,0.02936,0.02968,-52.67180,3199.00000
0.19315,0.18854,0.19446,0.19348,0.19446,0.17342,0.17934,0.17144,0.18098,0.17802,0.02804,0.02640,0.03199,0.03297,0.03067,-52.67180,3200.00000
0.19249,0.19381,0.19677,0.19019,0.18920,0.17473,0.17670,0.17440,0.17769,0.17473,0.02705,0.02968,0.02968,0.02705,0.03067,-52.27584,3201.00000
0.18953,0.19085,0.19446,0.19512,0.18887,0.17868,0.17473,0.17407,0.17506,0.17473,0.02738,0.02804,0.02738,0.02968,0.03034,-52.27584,3202.00000
0.19841,0.19446,0.19479,0.19841,0.19019,0.17572,0.17736,0.17572,0.17374,0.17407,0.02837,0.03067,0.03034,0.03100,0.02771,-52.07054,3203.00000
0.19348,0.19216,0.19085,0.18953,0.19710,0.17736,0.17374,0.17835,0.17736,0.17638,0.02837,0.02771,0.02837,0.02738,0.03133,-52.07054,3204.00000
0.19118,0.19381,0.19446,0.19414,0.19414,0.18098,0.17013,0.17769,0.17309,0.17473,0.03001,0.02278,0.03133,0.03232,0.02837,-52.63927,3205.00000
0.19874,0.19644,0.19907,0.19512,0.19545,0.17111,0.17407,0.17934,0.17638,0.17309,0.03100,0.02870,0.02804,0.02936,0.03034,-52.63927,3206.00000
0.19183,0.19644,0.19644,0.19118,0.19446,0.17670,0.17309,0.17638,0.17440,0.17440,0.03166,0.02837,0.03166,0.02771,0.02771,-52.93585,3207.00000
0.19019,0.19118,0.19348,0.19282,0.18822,0.17506,0.17210,0.17342,0.17605,0.17638,0.03100,0.03265,0.02672,0.02837,0.03232,-52.93585,3208.00000
0.19841,0.18591,0.19644,0.19446,0.19315,0.17736,0.17506,0.17736,0.17572,0.17473,0.03199,0.03034,0.02804,0.02771,0.02804,-53.07193,3209.00000
0.19414,0.18953,0.19874,0.19118,0.19414,0.17440,0.17638,0.17473,0.17374,0.17374,0.02968,0.02672,0.02672,0.02640,0.03363,-53.07193,3210.00000
0.19578,0.19808,0.19446,0.19545,0.19644,0.17407,0.17638,0.17111,0.17572,0.17605,0.02837,0.03067,0.02705,0.03001,0.03034,-53.51594,3211.00000
0.19183,0.19742,0.18723,0.19381,0.18657,0.17605,0.17868,0.16881,0.16980,0.17407,0.02903,0.03495,0.03166,0.02705,0.03034,-53.51594,3212.00000
0.19381,0.18986,0.19085,0.19315,0.19118,0.17572,0.17440,0.17966,0.17210,0.17901,0.02870,0.03034,0.02936,0.03100,0.02903,-53.64030,3213.00000
0.18887,0.19150,0.19150,0.19512,0.19611,0.17670,0.18065,0.17638,0.17835,0.17309,0.02903,0.03133,0.02936,0.03001,0.02804,-53.64030,3214.00000
0.19052,0.19841,0.19677,0.19808,0.19479,0.17934,0.17407,0.17670,0.17868,0.17638,0.03166,0.03100,0.02738,0.03166,0.03001,-54.08821,3215.00000
0.19644,0.19052,0.19019,0.19085,0.19381,0.17572,0.17572,0.17605,0.17572,0.17539,0.02837,0.02968,0.03100,0.02968,0.03100,-54.08821,3216.00000
0.19545,0.20170,0.19019,0.18657,0.18822,0.17440,0.17111,0.17440,0.17835,0.17605,0.03067,0.03561,0.02672,0.03100,0.02968,-54.25358,3217.00000
0.19183,0.18756,0.18986,0.19381,0.19545,0.17638,0.17342,0.17638,0.17605,0.17539,0.02705,0.03001,0.03528,0.02705,0.02903,-54.25358,3218.00000
0.19249,0.19545,0.18887,0.19282,0.19085,0.17309,0.17572,0.17572,0.17703,0.17309,0.02968,0.02903,0.03001,0.03001,0.03133,-54.09945,3219.00000
0.19216,0.18854,0.19644,0.19019,0.19775,0.17703,0.17638,0.17703,0.17868,0.17407,0.03199,0.03363,0.03166,0.03232,0.02442,-54.09945,3220.00000
0.19249,0.19019,0.19019,0.19940,0.19150,0.17539,0.18197,0.17342,0.17736,0.17670,0.03133,0.03363,0.03034,0.03100,0.03100,-54.27873,3221.00000
0.18986,0.18756,0.19183,0.19479,0.18953,0.17374,0.17769,0.17703,0.17868,0.17210,0.03133,0.03001,0.02771,0.02738,0.03001,-54.27873,3222.00000
0.19710,0.19479,0.19282,0.19710,0.18986,0.17736,0.17572,0.17769,0.17374,0.17999,0.03100,0.02640,0.02968,0.03692,0.03232,-53.47725,3223.00000
0.19446,0.18690,0.19841,0.18789,0.19644,0.17999,0.17506,0.17605,0.17868,0.17868,0.02640,0.03297,0.03232,0.02837,0.02968,-53.47725,3224.00000
0.19512,0.18920,0.19315,0.19611,0.19150,0.17177,0.17670,0.17868,0.17999,0.17901,0.02804,0.03001,0.02903,0.03232,0.03067,-53.84312,3225.00000
0.19085,0.19315,0.19414,0.19414,0.19381,0.17407,0.18328,0.17243,0.17605,0.17703,0.03001,0.03166,0.02968,0.03462,0.03297,-53.84312,3226.00000
0.19512,0.19150,0.19118,0.19446,0.19545,0.17407,0.17638,0.17342,0.17605,0.18065,0.02738,0.02804,0.02738,0.02804,0.02607,-53.90642,3227.00000
0.19611,0.19414,0.19710,0.19446,0.19677,0.17506,0.17736,0.17473,0.17572,0.17309,0.03001,0.03133,0.02804,0.02870,0.02870,-53.90642,3228.00000
0.19414,0.19118,0.18822,0.19545,0.19414,0.17769,0.17374,0.17703,0.17013,0.17506,0.03199,0.02640,0.03034,0.03100,0.03166,-52.89804,3229.00000
0.18887,0.19019,0.20104,0.19118,0.18920,0.17934,0.17736,0.17473,0.17506,0.17736,0.02837,0.02607,0.02870,0.03034,0.03363,-52.89804,3230.00000
0.19249,0.20236,0.19578,0.18887,0.19446,0.17572,0.17835,0.17703,0.17572,0.17243,0.03100,0.02705,0.02837,0.02968,0.03297,-52.78691,3231.00000
0.19414,0.18887,0.19348,0.19578,0.19315,0.17736,0.17506,0.17506,0.17736,0.17473,0.02837,0.03297,0.03199,0.02771,0.03330,-52.78691,3232.00000
0.19677,0.19052,0.19578,0.19052,0.19249,0.17342,0.17342,0.17407,0.17868,0.17835,0.02837,0.02804,0.02705,0.02936,0.03067,-52.59218,3233.00000
0.19052,0.19150,0.19446,0.19578,0.19710,0.17638,0.17572,0.17802,0.17374,0.17605,0.02936,0.02837,0.02837,0.03100,0.02903,-52.59218,3234.00000
0.19578,0.19611,0.19446,0.19085,0.19282,0.17703,0.17473,0.17309,0.17802,0.17374,0.02738,0.03232,0.03001,0.03462,0.03067,-52.76826,3235.00000
0.19611,0.19578,0.19118,0.19216,0.19414,0.18065,0.17374,0.17670,0.17703,0.17670,0.03034,0.03001,0.02640,0.02903,0.03166,-52.76826,3236.00000
0.19085,0.19742,0.19644,0.18657,0.19348,0.17440,0.17407,0.17868,0.17539,0.17407,0.02903,0.03232,0.03133,0.02870,0.03034,-52.94175,3237.00000
0.19446,0.19414,0.19446,0.19742,0.18789,0.17374,0.17473,0.17539,0.17769,0.17572,0.02541,0.02804,0.02837,0.02738,0.02870,-52.94175,3238.00000
0.19545,0.18887,0.18854,0.19808,0.19381,0.17802,0.17769,0.17605,0.17539,0.17572,0.03034,0.03133,0.02804,0.02607,0.03067,-52.95037,3239.00000
0.19216,0.19512,0.19150,0.19381,0.18953,0.17868,0.17407,0.17638,0.17506,0.17144,0.02771,0.02837,0.03034,0.03265,0.02968,-52.95037,3240.00000
0.19052,0.19479,0.19282,0.19611,0.19348,0.17506,0.17670,0.17769,0.17539,0.17736,0.03265,0.02903,0.02968,0.03297,0.03166,-53.47225,3241.00000
0.18723,0.19742,0.19414,0.18986,0.19348,0.17539,0.17638,0.17506,0.17703,0.17670,0.03166,0.02837,0.03001,0.02936,0.03001,-53.47225,3242.00000
0.18953,0.19019,0.18887,0.19216,0.19446,0.17473,0.17638,0.17407,0.17572,0.17440,0.03067,0.02409,0.03265,0.03034,0.02705,-53.82597,3243.00000
0.18920,0.19183,0.18953,0.18558,0.18887,0.17670,0.17605,0.17736,0.17473,0.17309,0.02903,0.02968,0.03199,0.02968,0.02968,-53.82597,3244.00000
0.19118,0.18920,0.19742,0.19249,0.19381,0.17736,0.17374,0.17473,0.17407,0.17572,0.02541,0.02903,0.03001,0.03133,0.02968,-54.60341,3245.00000
0.19019,0.19545,0.19150,0.18986,0.19216,0.17342,0.17638,0.17605,0.17736,0.17934,0.02771,0.02771,0.02837,0.02607,0.02672,-54.60341,3246.00000
0.19315,0.19216,0.19381,0.18854,0.19216,0.17473,0.17309,0.17309,0.17638,0.18032,0.02771,0.02936,0.02804,0.02903,0.02936,-55.45112,3247.00000
0.19052,0.19545,0.19216,0.18558,0.18953,0.17670,0.17901,0.17309,0.17670,0.17638,0.03100,0.02968,0.02903,0.02804,0.02903,-55.45112,3248.00000
0.19150,0.19446,0.19710,0.19118,0.19249,0.18262,0.17670,0.17473,0.17572,0.17638,0.03100,0.02903,0.03034,0.02903,0.03034,-54.89353,3249.00000
0.19611,0.19249,0.19841,0.19775,0.19414,0.17473,0.17605,0.17374,0.17901,0.18295,0.03067,0.02738,0.03067,0.02903,0.03133,-54.89353,3250.00000
0.19315,0.18887,0.19710,0.18986,0.19282,0.17670,0.17506,0.17638,0.17605,0.17670,0.03034,0.03034,0.03232,0.03363,0.02804,-53.67967,3251.00000
0.19414,0.19118,0.18920,0.18920,0.18920,0.17670,0.17309,0.17835,0.17572,0.18197,0.02903,0.03166,0.02936,0.02903,0.03232,-53.67967,3252.00000
0.19216,0.19118,0.19118,0.19381,0.19216,0.17374,0.17736,0.17802,0.17572,0.17243,0.03034,0.03067,0.03100,0.03001,0.03001,-53.98095,3253.00000
0.19644,0.19052,0.19315,0.19512,0.18854,0.17407,0.17703,0.17374,0.18032,0.17638,0.03001,0.02640,0.03133,0.03495,0.02870,-53.98095,3254.00000
0.19611,0.19545,0.18756,0.19578,0.19216,0.17440,0.17572,0.17605,0.17605,0.17342,0.03067,0.02541,0.03034,0.03133,0.03133,-53.27710,3255.00000
0.18427,0.19611,0.19183,0.18756,0.19578,0.17835,0.17539,0.17309,0.17177,0.17506,0.03100,0.03330,0.02837,0.03067,0.02705,-53.27710,3256.00000
0.19677,0.18822,0.19052,0.19545,0.18953,0.17802,0.17703,0.17473,0.17342,0.17736,0.02968,0.02870,0.03199,0.02705,0.02936,-52.75183,3257.00000
0.19118,0.19348,0.19775,0.19052,0.19381,0.17374,0.17506,0.17407,0.17670,0.17473,0.03100,0.02903,0.02804,0.02968,0.03297,-52.75183,3258.00000
0.19216,0.18164,0.19249,0.19414,0.18887,0.17703,0.17670,0.17703,0.17539,0.17769,0.02672,0.02705,0.02903,0.02771,0.02508,-52.28900,3259.00000
0.18756,0.19414,0.19216,0.19381,0.19644,0.17572,0.17473,0.17342,0.17506,0.17703,0.03133,0.02738,0.02804,0.02968,0.03232,-52.28900,3260.00000
0.18854,0.19677,0.19052,0.18953,0.19052,0.18065,0.17638,0.17736,0.17440,0.17473,0.02870,0.03297,0.02837,0.02903,0.02903,-52.64352,3261.00000
0.18789,0.19446,0.19545,0.19315,0.19414,0.17374,0.17078,0.17835,0.17901,0.17868,0.02771,0.03396,0.03034,0.03100,0.03265,-52.64352,3262.00000
0.19019,0.19085,0.18953,0.19216,0.18986,0.17342,0.17539,0.17572,0.17605,0.17605,0.03034,0.02936,0.02376,0.02936,0.03495,-51.75145,3263.00000
0.18920,0.19348,0.18822,0.19183,0.19446,0.17572,0.17638,0.17868,0.17572,0.17769,0.03133,0.03265,0.02903,0.03034,0.02705,-51.75145,3264.00000
0.19578,0.19479,0.19775,0.19512,0.19019,0.17276,0.17342,0.17638,0.17407,0.17638,0.02968,0.02837,0.03034,0.02903,0.03297,-51.85961,3265.00000
0.19446,0.19019,0.19019,0.19216,0.18723,0.17835,0.17605,0.17407,0.17506,0.17210,0.03232,0.02903,0.03330,0.02738,0.03034,-51.85961,3266.00000
0.19381,0.19479,0.18953,0.19775,0.19381,0.17769,0.17638,0.17999,0.17407,0.17144,0.03297,0.02903,0.03034,0.03034,0.02837,-51.78186,3267.00000
0.19315,0.19381,0.19414,0.19315,0.18953,0.17802,0.17670,0.17769,0.17342,0.18065,0.03429,0.03330,0.03133,0.03100,0.03067,-51.78186,3268.00000
0.19249,0.19315,0.19150,0.19381,0.18789,0.17374,0.17901,0.17342,0.18295,0.17736,0.02936,0.03034,0.03001,0.02870,0.03133,-49.93878,3269.00000
0.19315,0.18986,0.19315,0.19742,0.18920,0.17703,0.17802,0.17276,0.17769,0.17572,0.03199,0.02804,0.02837,0.02936,0.02574,-49.93878,3270.00000
0.19249,0.18920,0.18657,0.19710,0.18887,0.17276,0.17736,0.17802,0.17473,0.17374,0.03199,0.03232,0.03067,0.02968,0.02936,-47.82828,3271.00000
0.19742,0.19578,0.18920,0.19052,0.19808,0.17901,0.17670,0.17703,0.17868,0.17605,0.03067,0.02903,0.02738,0.03100,0.02936,-47.82828,3272.00000
0.19644,0.19315,0.18723,0.19479,0.19150,0.17802,0.17342,0.17243,0.17440,0.17374,0.02738,0.03297,0.02705,0.03297,0.02640,-48.06209,3273.00000
0.20400,0.19611,0.19249,0.19512,0.18822,0.17802,0.17605,0.17407,0.18098,0.17605,0.02607,0.03199,0.03166,0.02640,0.02705,-48.06209,3274.00000
0.19019,0.19479,0.18887,0.19446,0.19249,0.17736,0.17374,0.17605,0.18164,0.17835,0.03067,0.02508,0.03034,0.03166,0.03001,-51.04765,3275.00000
0.19512,0.19348,0.19315,0.18986,0.18591,0.17703,0.17835,0.17736,0.17703,0.17177,0.03034,0.03265,0.03001,0.03001,0.03232,-51.04765,3276.00000
0.19282,0.18822,0.19216,0.18789,0.19907,0.17309,0.17111,0.17966,0.17539,0.17309,0.03265,0.02936,0.02903,0.03001,0.03001,-52.26699,3277.00000
0.19150,0.19414,0.19414,0.19414,0.19381,0.17111,0.17539,0.17539,0.17769,0.17539,0.02837,0.02442,0.03067,0.02804,0.03232,-52.26699,3278.00000
0.19414,0.19019,0.19512,0.19414,0.19052,0.17605,0.17934,0.17111,0.17276,0.17013,0.02574,0.03034,0.02870,0.02870,0.03232,-52.48115,3279.00000
0.19315,0.18920,0.19282,0.19150,0.19479,0.17572,0.17736,0.17605,0.17769,0.17506,0.03034,0.03034,0.03034,0.02672,0.02804,-52.48115,3280.00000
0.19381,0.19052,0.19085,0.19282,0.18887,0.17539,0.17638,0.17670,0.17210,0.17835,0.02870,0.03232,0.03297,0.02541,0.02837,-52.84214,3281.00000
0.19052,0.19019,0.19644,0.18887,0.19611,0.17539,0.17111,0.17506,0.17539,0.17144,0.02936,0.03067,0.03330,0.02936,0.02574,-52.84214,3282.00000
0.19150,0.19611,0.19019,0.19150,0.18887,0.17539,0.17572,0.17572,0.17901,0.17638,0.03363,0.03100,0.02903,0.02903,0.02968,-52.56853,3283.00000
0.18756,0.19216,0.19249,0.18887,0.19183,0.17473,0.17670,0.18197,0.17638,0.17374,0.02804,0.02804,0.03001,0.02574,0.03034,-52.56853,3284.00000
0.19381,0.19282,0.19414,0.18986,0.18953,0.17835,0.17506,0.17309,0.17045,0.17342,0.03034,0.03199,0.03001,0.02936,0.03166,-52.65634,3285.00000
0.18920,0.19414,0.19216,0.18920,0.19118,0.17407,0.17868,0.17539,0.17177,0.17769,0.02640,0.03067,0.03166,0.03001,0.02936,-52.65634,3286.00000
0.18953,0.18986,0.19677,0.19381,0.19512,0.17374,0.17736,0.17670,0.17769,0.17407,0.02903,0.03232,0.02409,0.03199,0.02771,-52.25346,3287.00000
0.19973,0.19118,0.19348,0.19742,0.18657,0.17539,0.17243,0.17539,0.17243,0.17703,0.02640,0.03330,0.02903,0.02837,0.03001,-52.25346,3288.00000
0.19710,0.19677,0.19348,0.18657,0.19216,0.17835,0.17868,0.17506,0.17210,0.17999,0.03265,0.03001,0.03100,0.03034,0.03001,-51.77859,3289.00000
0.19249,0.19545,0.19085,0.19150,0.18854,0.17473,0.17111,0.17868,0.17177,0.17572,0.02738,0.02903,0.02409,0.03199,0.03166,-51.77859,3290.00000
0.19249,0.18789,0.19742,0.19611,0.19479,0.17407,0.17703,0.17243,0.17440,0.17802,0.03199,0.02771,0.03265,0.02607,0.02903,-52.37611,3291.00000
0.19512,0.18822,0.19052,0.19249,0.19677,0.17177,0.17572,0.17703,0.17440,0.17309,0.02771,0.02738,0.02936,0.03100,0.02640,-52.37611,3292.00000
0.19578,0.19348,0.19052,0.19118,0.19216,0.17177,0.17276,0.17539,0.17605,0.17473,0.03297,0.03067,0.03034,0.02936,0.03133,-52.66511,3293.00000
0.19052,0.19183,0.19085,0.19907,0.19150,0.17276,0.17966,0.17736,0.17111,0.17769,0.03034,0.02672,0.02672,0.02804,0.03232,-52.66511,3294.00000
0.19150,0.19414,0.19249,0.19183,0.18953,0.17407,0.17605,0.17144,0.17144,0.17539,0.02771,0.03001,0.02541,0.02870,0.03133,-52.93412,3295.00000
0.19446,0.18854,0.19545,0.19118,0.19808,0.17670,0.17539,0.17605,0.18164,0.17802,0.02936,0.03100,0.03297,0.02508,0.03067,-52.93412,3296.00000
0.19052,0.20071,0.18887,0.19348,0.19414,0.18032,0.17901,0.17045,0.17440,0.17374,0.02672,0.02804,0.02738,0.02936,0.02672,-53.91823,3297.00000
0.19315,0.18986,0.19479,0.19907,0.19381,0.17309,0.17605,0.18032,0.17572,0.17835,0.02837,0.02968,0.03067,0.03265,0.03265,-53.91823,3298.00000
0.19381,0.19381,0.18690,0.19414,0.19578,0.17210,0.17901,0.17013,0.18065,0.17638,0.02903,0.03265,0.02541,0.02903,0.03363,-53.57044,3299.00000
0.19479,0.19611,0.19348,0.19315,0.19381,0.17506,0.17539,0.17802,0.17769,0.17638,0.03199,0.02968,0.03067,0.02936,0.03297,-53.57044,3300.00000
0.19446,0.19249,0.19118,0.19216,0.19118,0.17999,0.17473,0.17835,0.17407,0.17638,0.03001,0.03034,0.02936,0.02672,0.02607,-53.67487,3301.00000
0.18953,0.19710,0.19644,0.19150,0.19315,0.17177,0.17802,0.17440,0.17506,0.17572,0.03133,0.02936,0.02968,0.02804,0.03133,-53.67487,3302.00000
0.18953,0.19085,0.19808,0.19216,0.19479,0.17374,0.17407,0.17210,0.17276,0.17539,0.03265,0.03100,0.02804,0.02936,0.03133,-54.05667,3303.00000
0.19512,0.19446,0.19183,0.19414,0.19019,0.17868,0.17210,0.17243,0.17901,0.17243,0.03232,0.02672,0.03265,0.03166,0.02936,-54.05667,3304.00000
0.19249,0.19479,0.18920,0.19249,0.19150,0.18164,0.17078,0.17769,0.17210,0.17342,0.02607,0.03297,0.02903,0.02771,0.03067,-53.85451,3305.00000
0.19052,0.18920,0.19019,0.19710,0.19019,0.17769,0.17342,0.17473,0.17966,0.18065,0.02607,0.02771,0.02903,0.03495,0.02968,-53.85451,3306.00000
0.19216,0.18953,0.19085,0.19578,0.19118,0.17440,0.17342,0.17342,0.17342,0.17802,0.02936,0.02837,0.02837,0.02903,0.02936,-54.74952,3307.00000
0.19479,0.19414,0.19710,0.18953,0.19052,0.17539,0.17177,0.17342,0.16947,0.17243,0.02771,0.03001,0.02837,0.02936,0.02771,-54.74952,3308.00000
0.18854,0.19282,0.19150,0.19052,0.19019,0.17769,0.17374,0.17572,0.17374,0.17835,0.03133,0.02771,0.02640,0.02903,0.03001,-53.60523,3309.00000
0.18690,0.19150,0.18789,0.19052,0.19183,0.17572,0.17539,0.17670,0.17572,0.17802,0.02738,0.02804,0.02870,0.03067,0.02640,-53.60523,3310.00000
0.19282,0.19414,0.19611,0.18657,0.19512,0.18230,0.17407,0.17144,0.17868,0.17407,0.03034,0.03232,0.02804,0.02870,0.02870,-53.78015,3311.00000
0.19479,0.19446,0.19249,0.19479,0.18789,0.17243,0.17309,0.17177,0.17440,0.17868,0.03166,0.02870,0.03133,0.02837,0.02870,-53.78015,3312.00000
0.19512,0.19019,0.19414,0.19118,0.19644,0.17736,0.17736,0.17177,0.17539,0.16980,0.03265,0.03232,0.02870,0.02705,0.02705,-53.31098,3313.00000
0.19315,0.19052,0.19282,0.18756,0.19348,0.17309,0.17670,0.17473,0.17901,0.17966,0.03133,0.03199,0.02903,0.02804,0.02640,-53.31098,3314.00000
0.18920,0.19611,0.19052,0.19052,0.19249,0.17638,0.17243,0.18131,0.17572,0.17374,0.02640,0.02738,0.02968,0.02837,0.02738,-52.27072,3315.00000
0.19282,0.18920,0.18854,0.19644,0.19414,0.17473,0.17309,0.17638,0.17177,0.17440,0.03067,0.03100,0.02705,0.02705,0.02870,-52.27072,3316.00000
0.19118,0.19150,0.19183,0.19150,0.18789,0.17407,0.17407,0.17374,0.17605,0.17605,0.02903,0.02968,0.02936,0.02968,0.02771,-51.83360,3317.00000
0.19414,0.18822,0.19183,0.18986,0.19578,0.17572,0.17572,0.17177,0.17342,0.17572,0.03199,0.03166,0.02968,0.03199,0.02968,-51.83360,3318.00000
0.19644,0.19216,0.19019,0.19249,0.18789,0.17276,0.17210,0.17868,0.17934,0.17638,0.03067,0.03133,0.02837,0.02804,0.03232,-52.23272,3319.00000
0.18822,0.19183,0.18887,0.19052,0.19085,0.17670,0.17407,0.17407,0.17407,0.17374,0.02837,0.03133,0.02870,0.02837,0.02968,-52.23272,3320.00000
0.19677,0.19545,0.19545,0.19282,0.19118,0.17605,0.17638,0.17769,0.17572,0.17868,0.03001,0.02968,0.03034,0.02574,0.03199,-53.34536,3321.00000
0.19578,0.18854,0.19446,0.19512,0.19874,0.17670,0.18131,0.17605,0.17407,0.17638,0.03363,0.02640,0.03396,0.03001,0.03561,-53.34536,3322.00000
0.19052,0.19677,0.19150,0.19611,0.19446,0.17342,0.17342,0.17769,0.17473,0.17638,0.02903,0.03001,0.02738,0.03199,0.02968,-53.01057,3323.00000
0.19611,0.19677,0.19348,0.18986,0.19150,0.17703,0.17703,0.17539,0.17440,0.17309,0.02870,0.03100,0.02409,0.02607,0.02804,-53.01057,3324.00000
0.19545,0.19578,0.19282,0.19282,0.19315,0.17769,0.17342,0.17703,0.17243,0.17835,0.03034,0.03067,0.02936,0.02903,0.02870,-53.39493,3325.00000
0.19644,0.19249,0.19019,0.18723,0.19710,0.17342,0.18230,0.17966,0.17769,0.17276,0.02903,0.03396,0.03100,0.02804,0.03034,-53.39493,3326.00000
0.19019,0.19512,0.18986,0.19150,0.19315,0.16782,0.17243,0.17177,0.17539,0.17539,0.02311,0.02771,0.03034,0.03199,0.02837,-54.05342,3327.00000
0.18427,0.19677,0.19315,0.19150,0.19085,0.17638,0.17506,0.16980,0.18098,0.17276,0.03265,0.03133,0.02541,0.02870,0.02804,-54.05342,3328.00000
0.19150,0.19216,0.19742,0.19414,0.18723,0.17473,0.17473,0.17605,0.17966,0.18164,0.02804,0.03100,0.03429,0.03067,0.02837,-54.37779,3329.00000
0.19446,0.19183,0.18789,0.19315,0.19479,0.17243,0.17276,0.17243,0.17868,0.17934,0.02804,0.02804,0.03396,0.02936,0.03067,-54.37779,3330.00000
0.19512,0.19479,0.19150,0.19677,0.19446,0.17638,0.17703,0.17638,0.17407,0.17407,0.03265,0.02475,0.03001,0.02870,0.02672,-53.83928,3331.00000
0.19118,0.19578,0.19446,0.19118,0.19512,0.17934,0.17342,0.17111,0.17901,0.17638,0.03034,0.03067,0.03363,0.03133,0.03100,-53.83928,3332.00000
0.19512,0.19742,0.19446,0.19414,0.18953,0.17440,0.17539,0.17868,0.17473,0.17210,0.02903,0.03067,0.02870,0.03100,0.02607,-53.42843,3333.00000
0.18953,0.19611,0.18887,0.19414,0.19282,0.17670,0.17539,0.18032,0.17210,0.17769,0.03001,0.03067,0.03199,0.03330,0.03001,-53.42843,3334.00000
0.19414,0.19775,0.19183,0.19052,0.19150,0.17901,0.17276,0.17144,0.17374,0.17638,0.02804,0.03265,0.03034,0.03265,0.03166,-53.49644,3335.00000
0.19216,0.19019,0.19216,0.19150,0.18986,0.17901,0.17342,0.17605,0.17309,0.17802,0.03034,0.03297,0.03265,0.02607,0.03100,-53.49644,3336.00000
0.19150,0.19085,0.18953,0.19479,0.19677,0.18197,0.17473,0.17572,0.17473,0.17638,0.03297,0.03034,0.03265,0.03001,0.02903,-53.39861,3337.00000
0.19216,0.18822,0.19183,0.19644,0.19249,0.17670,0.17506,0.17999,0.17440,0.17144,0.02672,0.02705,0.03396,0.02672,0.02705,-53.39861,3338.00000
0.19742,0.19249,0.19414,0.19052,0.19874,0.17868,0.17605,0.17572,0.17703,0.17868,0.03034,0.02804,0.02903,0.03363,0.03001,-52.63436,3339.00000
0.19315,0.19940,0.18723,0.19348,0.18986,0.17572,0.17309,0.17506,0.18164,0.17309,0.02738,0.02607,0.02607,0.03067,0.02738,-52.63436,3340.00000
0.19216,0.19414,0.19315,0.19052,0.19282,0.17868,0.17736,0.17670,0.17966,0.17605,0.03133,0.02672,0.03034,0.02870,0.03232,-51.78593,3341.00000
0.18953,0.19414,0.19282,0.19118,0.19216,0.17901,0.17901,0.17539,0.17407,0.17374,0.02672,0.02837,0.02837,0.03067,0.02771,-51.78593,3342.00000
0.19775,0.19150,0.19348,0.19479,0.18789,0.17473,0.17835,0.17769,0.17407,0.17572,0.02870,0.02771,0.02804,0.03166,0.02903,-51.79629,3343.00000
0.19282,0.18953,0.18591,0.19742,0.18887,0.17539,0.17736,0.17506,0.16848,0.17835,0.03199,0.02804,0.02870,0.02541,0.02870,-51.79629,3344.00000
0.19578,0.19414,0.18558,0.18986,0.19545,0.17868,0.16980,0.17440,0.17670,0.17802,0.03166,0.03133,0.03067,0.03034,0.02968,-51.33271,3345.00000
0.19249,0.18920,0.18657,0.19282,0.19381,0.17638,0.17374,0.17440,0.17506,0.17638,0.03100,0.02738,0.03199,0.02936,0.02936,-51.33271,3346.00000
0.18953,0.19940,0.19249,0.19150,0.19677,0.17473,0.17374,0.17473,0.17276,0.17440,0.03133,0.03363,0.02607,0.02903,0.02672,-51.99936,3347.00000
0.18953,0.19019,0.18986,0.19381,0.19118,0.17539,0.17670,0.17276,0.17407,0.17769,0.03100,0.03133,0.02837,0.03396,0.02903,-51.99936,3348.00000
0.19479,0.18854,0.18920,0.19381,0.18920,0.17670,0.17440,0.17868,0.17539,0.17539,0.02804,0.03166,0.03100,0.03297,0.03001,-51.79558,3349.00000
0.19216,0.18591,0.19677,0.19216,0.19381,0.17868,0.17670,0.17670,0.17769,0.17276,0.02837,0.02903,0.03232,0.03133,0.03166,-51.79558,3350.00000
0.19710,0.19545,0.18822,0.19611,0.19019,0.17309,0.17111,0.17111,0.17901,0.17210,0.03034,0.03166,0.03232,0.03199,0.03067,-52.27474,3351.00000
0.18953,0.19118,0.18953,0.18920,0.18460,0.17572,0.17572,0.17440,0.17440,0.17572,0.03133,0.03067,0.02804,0.02968,0.02672,-52.27474,3352.00000
0.19150,0.19479,0.19052,0.18822,0.19052,0.17802,0.17638,0.17966,0.17539,0.17473,0.02672,0.03067,0.02968,0.02968,0.02837,-49.00602,3353.00000
0.19512,0.19841,0.19118,0.19545,0.19150,0.17605,0.17309,0.17605,0.17934,0.17407,0.02804,0.03330,0.02738,0.02837,0.02574,-49.00602,3354.00000
0.19183,0.19315,0.18920,0.19414,0.18789,0.17638,0.17243,0.17440,0.17736,0.17901,0.02771,0.02804,0.03133,0.02672,0.02903,-46.71004,3355.00000
0.18822,0.19019,0.18624,0.19216,0.19512,0.17638,0.17440,0.17276,0.17111,0.17736,0.02837,0.02936,0.03166,0.02936,0.02870,-46.71004,3356.00000
0.18690,0.19052,0.19019,0.19348,0.19348,0.17572,0.17539,0.17045,0.17276,0.17440,0.03265,0.02903,0.02837,0.03199,0.02804,-47.22465,3357.00000
0.18920,0.18822,0.19446,0.19710,0.18591,0.17802,0.17802,0.17440,0.17868,0.17506,0.02903,0.02738,0.02705,0.03034,0.03265,-47.22465,3358.00000
0.19282,0.19085,0.19216,0.19414,0.19315,0.17177,0.17638,0.17276,0.17835,0.17539,0.02672,0.02771,0.02574,0.03067,0.03199,-49.41555,3359.00000
0.19150,0.19183,0.19118,0.19249,0.19052,0.17802,0.17802,0.17605,0.17638,0.17703,0.02837,0.03133,0.02442,0.03232,0.02837,-49.41555,3360.00000
0.19052,0.18953,0.18986,0.19479,0.18920,0.17309,0.17013,0.17374,0.17177,0.17342,0.03133,0.02574,0.03297,0.03396,0.02574,-50.38404,3361.00000
0.19150,0.19315,0.19216,0.18854,0.19545,0.17638,0.17276,0.17769,0.17111,0.17703,0.02837,0.03297,0.03166,0.03232,0.03166,-50.38404,3362.00000
0.19282,0.19019,0.19677,0.19446,0.18953,0.17539,0.17736,0.17638,0.17177,0.17572,0.02705,0.02936,0.03133,0.03034,0.02837,-50.89759,3363.00000
0.18591,0.19315,0.19381,0.19019,0.18920,0.17769,0.17374,0.17407,0.17374,0.17736,0.03495,0.03001,0.02936,0.02672,0.02738,-50.89759,3364.00000
0.18723,0.19479,0.18953,0.18789,0.19183,0.17440,0.16881,0.17440,0.17638,0.17177,0.02837,0.03232,0.02771,0.03067,0.03034,-51.23737,3365.00000
0.19183,0.19874,0.19315,0.19216,0.18756,0.17440,0.17243,0.16947,0.17638,0.17473,0.03166,0.02903,0.02442,0.02640,0.02705,-51.23737,3366.00000
0.18131,0.19282,0.19183,0.18854,0.18822,0.17802,0.17670,0.17934,0.17736,0.18131,0.02771,0.02870,0.03034,0.02903,0.02574,-51.41458,3367.00000
0.19150,0.20038,0.18526,0.19216,0.19644,0.17605,0.17572,0.17539,0.17440,0.17670,0.03199,0.02903,0.02936,0.02936,0.02738,-51.41458,3368.00000
0.19019,0.19644,0.18789,0.19118,0.19282,0.17309,0.17210,0.17177,0.16881,0.17670,0.03034,0.02903,0.02541,0.03034,0.02804,-52.01100,3369.00000
0.18789,0.18460,0.18887,0.19907,0.18657,0.17703,0.17802,0.17440,0.17736,0.17374,0.03166,0.02705,0.03067,0.03067,0.03265,-52.01100,3370.00000
0.19414,0.19150,0.18953,0.19348,0.18493,0.17473,0.17670,0.17506,0.17440,0.17572,0.03166,0.02936,0.03133,0.03166,0.03232,-51.54505,3371.00000
0.18624,0.19150,0.18789,0.19019,0.19677,0.17539,0.17506,0.17440,0.17111,0.17440,0.03001,0.02771,0.02574,0.02771,0.02804,-51.54505,3372.00000
0.18723,0.18789,0.18822,0.19381,0.19052,0.17440,0.17342,0.17638,0.17309,0.17440,0.03265,0.02837,0.02968,0.03100,0.02804,-52.24225,3373.00000
0.18657,0.19249,0.19183,0.18920,0.18756,0.17638,0.17670,0.17473,0.17605,0.17440,0.03330,0.03297,0.03001,0.02968,0.02640,-52.24225,3374.00000
0.18657,0.18986,0.19216,0.19611,0.19183,0.17605,0.17210,0.17966,0.17835,0.17506,0.03100,0.03034,0.02738,0.03001,0.03067,-53.64554,3375.00000
0.18986,0.18920,0.18690,0.19249,0.19578,0.17802,0.17868,0.17769,0.18098,0.17309,0.03067,0.03001,0.03001,0.03199,0.03100,-53.64554,3376.00000
0.19249,0.19052,0.18920,0.19315,0.18591,0.17506,0.17769,0.17045,0.17605,0.18098,0.02475,0.02804,0.02903,0.02870,0.02672,-53.87843,3377.00000
0.19282,0.18624,0.19183,0.19282,0.18986,0.17769,0.17177,0.17374,0.17177,0.17638,0.02837,0.03199,0.03034,0.03034,0.02607,-53.87843,3378.00000
0.19085,0.19150,0.19216,0.19512,0.18887,0.17703,0.17539,0.17572,0.17999,0.17506,0.02936,0.03363,0.02968,0.03034,0.02508,-53.82398,3379.00000
0.18887,0.18986,0.19381,0.19052,0.19414,0.17243,0.17506,0.17539,0.17473,0.17473,0.02837,0.03133,0.02804,0.03232,0.03001,-53.82398,3380.00000
0.19282,0.19249,0.18986,0.19216,0.19512,0.17605,0.17539,0.17638,0.17572,0.17407,0.02903,0.03034,0.02870,0.02409,0.03067,-54.33142,3381.00000
0.19183,0.19315,0.19249,0.19381,0.18690,0.17572,0.17374,0.17440,0.17670,0.17966,0.03297,0.02771,0.02640,0.03363,0.03067,-54.33142,3382.00000
0.19315,0.19348,0.19381,0.19085,0.18591,0.17506,0.17638,0.17506,0.17769,0.17506,0.03199,0.02870,0.02968,0.02903,0.02607,-54.50946,3383.00000
0.19216,0.19052,0.19315,0.18953,0.18723,0.17440,0.17703,0.17802,0.17506,0.17177,0.03067,0.03100,0.02738,0.03199,0.02738,-54.50946,3384.00000
0.18920,0.19085,0.19019,0.19150,0.18822,0.17276,0.17506,0.17407,0.17638,0.17506,0.02771,0.03232,0.03166,0.03034,0.02903,-53.64389,3385.00000
0.19446,0.19118,0.18657,0.18854,0.19282,0.17670,0.17638,0.17670,0.17605,0.17342,0.02804,0.03363,0.03363,0.03067,0.02870,-53.64389,3386.00000
0.19512,0.19019,0.18756,0.19118,0.19348,0.17769,0.17539,0.17539,0.17934,0.17802,0.03363,0.02936,0.02771,0.02903,0.03133,-54.11198,3387.00000
0.19249,0.19381,0.19677,0.19282,0.19183,0.17276,0.17835,0.17210,0.17539,0.17605,0.03265,0.02771,0.02574,0.02738,0.03297,-54.11198,3388.00000
0.18854,0.19808,0.18493,0.19446,0.18723,0.17440,0.17572,0.17276,0.18328,0.17670,0.03199,0.02936,0.03396,0.03100,0.02968,-53.23031,3389.00000
0.18854,0.19019,0.18887,0.19118,0.19611,0.17309,0.17539,0.17572,0.17407,0.17374,0.03067,0.03166,0.02968,0.03034,0.03166,-53.23031,3390.00000
0.18690,0.18789,0.19677,0.19183,0.18789,0.17703,0.17802,0.17177,0.17506,0.17177,0.03034,0.02903,0.03100,0.02870,0.02771,-53.56584,3391.00000
0.19775,0.19183,0.18953,0.19446,0.19479,0.17670,0.17440,0.17440,0.17539,0.17342,0.02968,0.03133,0.03001,0.03297,0.03199,-52.92794,3392.00000
0.18460,0.19414,0.18953,0.18822,0.19710,0.17407,0.17572,0.17901,0.17802,0.17440,0.03330,0.02705,0.02837,0.03067,0.03133,-52.92794,3393.00000
0.18756,0.19710,0.18986,0.19085,0.19052,0.17144,0.17670,0.17111,0.16947,0.17769,0.02771,0.02870,0.03067,0.02344,0.02672,-52.59678,3394.00000
0.19677,0.19414,0.19545,0.18986,0.19118,0.17802,0.17736,0.17440,0.17572,0.17177,0.03067,0.02936,0.02705,0.03166,0.02903,-52.59678,3395.00000
0.19348,0.18822,0.19183,0.19414,0.19216,0.17539,0.17309,0.17802,0.17999,0.17407,0.02870,0.02968,0.03133,0.03034,0.02705,-51.83062,3396.00000
0.18756,0.19183,0.19216,0.18887,0.19644,0.17802,0.17440,0.17342,0.17539,0.17670,0.03363,0.03001,0.02968,0.02903,0.02771,-51.83062,3397.00000
0.19315,0.18854,0.18887,0.18526,0.19315,0.17539,0.17342,0.17901,0.17539,0.17638,0.03001,0.03199,0.02903,0.02672,0.02738,-51.71121,3398.00000
0.19512,0.18558,0.18789,0.18460,0.18887,0.17440,0.17309,0.17473,0.17309,0.17999,0.02771,0.03067,0.03034,0.03166,0.02903,-51.71121,3399.00000
0.19348,0.18789,0.18822,0.18887,0.19183,0.17572,0.17868,0.17638,0.16815,0.17638,0.02640,0.03034,0.02607,0.02936,0.03199,-52.09340,3400.00000
0.19019,0.19578,0.19348,0.19085,0.19216,0.17769,0.17374,0.17769,0.17210,0.17572,0.02771,0.02903,0.02837,0.02903,0.03001,-52.09340,3401.00000
0.19150,0.19381,0.18920,0.19183,0.19282,0.17572,0.17506,0.17374,0.17638,0.17605,0.02903,0.03166,0.02804,0.03034,0.02771,-53.58332,3402.00000
0.18624,0.19348,0.18887,0.19381,0.19249,0.17276,0.17901,0.17539,0.17506,0.17539,0.02936,0.02574,0.03001,0.03166,0.03067,-53.58332,3403.00000
0.18591,0.19183,0.19150,0.19249,0.18690,0.17309,0.17473,0.17407,0.17243,0.17703,0.03396,0.03199,0.02837,0.03001,0.02903,-53.63736,3404.00000
0.19183,0.19019,0.18986,0.19677,0.18493,0.17605,0.17572,0.17440,0.17605,0.17934,0.02968,0.02936,0.03100,0.02903,0.02936,-53.63736,3405.00000
0.19479,0.19019,0.19545,0.19019,0.18986,0.17276,0.17572,0.17539,0.17243,0.17177,0.02804,0.03067,0.02903,0.03001,0.03166,-53.99397,3406.00000
0.18920,0.19677,0.18986,0.18920,0.19052,0.17177,0.17309,0.17802,0.17605,0.17309,0.03330,0.02936,0.02705,0.02903,0.03034,-53.99397,3407.00000
0.19282,0.18789,0.18690,0.19019,0.18920,0.17506,0.17473,0.17440,0.17736,0.17572,0.03067,0.02738,0.03067,0.02475,0.02738,-54.46037,3408.00000
0.18723,0.19512,0.19545,0.19118,0.19479,0.17802,0.17144,0.17473,0.17210,0.17736,0.02804,0.02936,0.03034,0.03067,0.02607,-54.46037,3409.00000
0.19479,0.19381,0.18789,0.19775,0.18854,0.17473,0.17342,0.17309,0.17966,0.17374,0.02936,0.02837,0.03100,0.02870,0.03001,-54.94259,3410.00000
0.19150,0.19150,0.19644,0.19085,0.18920,0.17605,0.17835,0.17473,0.17835,0.17868,0.03199,0.03166,0.02870,0.03034,0.03100,-54.94259,3411.00000
0.19545,0.19249,0.19216,0.18887,0.18887,0.17407,0.17539,0.17934,0.18230,0.17638,0.03232,0.02870,0.03166,0.02936,0.03232,-55.07627,3412.00000
0.18920,0.19446,0.19545,0.18756,0.19479,0.17605,0.17703,0.17670,0.17276,0.17342,0.03133,0.03067,0.02903,0.02705,0.03034,-55.07627,3413.00000
0.19512,0.19249,0.18854,0.19150,0.19249,0.17111,0.17868,0.17638,0.17703,0.17506,0.02870,0.02936,0.02837,0.03034,0.02771,-54.80864,3414.00000
0.18854,0.19446,0.19512,0.19085,0.19348,0.17276,0.16914,0.17309,0.17276,0.17802,0.02903,0.03133,0.03100,0.02837,0.03330,-54.80864,3415.00000
0.19052,0.19249,0.18690,0.19381,0.18822,0.17473,0.17473,0.17539,0.17177,0.17342,0.02508,0.02903,0.03100,0.03199,0.03001,-53.69094,3416.00000
0.19578,0.19545,0.19446,0.18789,0.18822,0.17638,0.17638,0.17506,0.17506,0.17539,0.03034,0.03330,0.03067,0.02837,0.02672,-53.69094,3417.00000
0.18953,0.19085,0.19381,0.18558,0.18723,0.17440,0.17144,0.17177,0.17440,0.17473,0.02936,0.03034,0.03199,0.02804,0.02804,-52.88063,3418.00000
0.19249,0.18295,0.19479,0.19118,0.18756,0.17309,0.17243,0.17243,0.17342,0.17703,0.03067,0.02968,0.02936,0.03265,0.03067,-52.88063,3419.00000
0.18887,0.19216,0.19052,0.19578,0.19775,0.17736,0.17506,0.17605,0.17539,0.17506,0.02968,0.03363,0.03034,0.03199,0.02804,-51.80652,3420.00000
0.18953,0.19019,0.19315,0.19479,0.19446,0.17309,0.17901,0.17342,0.17407,0.17374,0.02738,0.03001,0.03001,0.03199,0.02837,-51.80652,3421.00000
0.19381,0.18854,0.19282,0.19874,0.18624,0.17835,0.17506,0.17736,0.17703,0.17276,0.03297,0.03166,0.02903,0.02903,0.02903,-51.73578,3422.00000
0.19052,0.18723,0.19216,0.19085,0.19249,0.17605,0.17473,0.18032,0.17901,0.17407,0.02903,0.03166,0.03100,0.02804,0.02968,-51.73578,3423.00000
0.19052,0.18690,0.19085,0.19052,0.18920,0.17210,0.17802,0.17473,0.17605,0.17670,0.02574,0.03067,0.02640,0.03001,0.02870,-51.86154,3424.00000
0.19808,0.19512,0.18723,0.19249,0.18854,0.17736,0.17342,0.17276,0.17374,0.16815,0.02968,0.02870,0.02870,0.02837,0.02870,-51.86154,3425.00000
0.18624,0.19249,0.19085,0.18295,0.19348,0.17868,0.17736,0.17374,0.17407,0.17144,0.02936,0.02870,0.03166,0.02903,0.02771,-52.04161,3426.00000
0.18953,0.19085,0.18756,0.19348,0.18690,0.17506,0.17440,0.17605,0.17473,0.17572,0.03001,0.03166,0.02968,0.03166,0.03100,-52.04161,3427.00000
0.19381,0.18493,0.18986,0.19183,0.18822,0.17572,0.17605,0.17243,0.17835,0.17440,0.02903,0.02837,0.02968,0.02804,0.03133,-52.12432,3428.00000
0.18822,0.19183,0.19052,0.18920,0.19052,0.17111,0.17374,0.17309,0.17703,0.17243,0.02903,0.02771,0.03265,0.03001,0.02968,-52.12432,3429.00000
0.18920,0.19150,0.18756,0.18690,0.19085,0.17440,0.17440,0.17572,0.17934,0.17440,0.02968,0.02837,0.03166,0.03001,0.02903,-53.00796,3430.00000
0.19019,0.19150,0.19216,0.18920,0.18953,0.17769,0.17736,0.17539,0.17901,0.17111,0.02837,0.03199,0.03067,0.02936,0.03199,-53.00796,3431.00000
0.19183,0.18854,0.18657,0.19118,0.19282,0.17539,0.17539,0.17736,0.17440,0.17374,0.02640,0.02936,0.03330,0.02804,0.02738,-53.73787,3432.00000
0.19578,0.19545,0.19545,0.18789,0.19512,0.17177,0.18065,0.17013,0.17506,0.17407,0.02804,0.02738,0.03100,0.03001,0.02574,-53.73787,3433.00000
0.18657,0.19381,0.18526,0.19282,0.18723,0.18032,0.17670,0.17243,0.17177,0.17868,0.02837,0.03232,0.02903,0.03133,0.02541,-54.13944,3434.00000
0.19150,0.19150,0.18789,0.19019,0.19019,0.17374,0.16914,0.17638,0.17901,0.17374,0.02870,0.03034,0.02870,0.02640,0.02968,-54.13944,3435.00000
0.19216,0.19052,0.19052,0.19249,0.18854,0.17144,0.17901,0.17342,0.17736,0.17670,0.03001,0.02771,0.02903,0.03265,0.02837,-53.98378,3436.00000
0.19446,0.18723,0.19019,0.19118,0.18756,0.17440,0.17045,0.17342,0.17769,0.17506,0.03100,0.02607,0.03100,0.03199,0.02837,-53.98378,3437.00000
0.19249,0.19381,0.19381,0.19118,0.19019,0.17605,0.17276,0.17210,0.17407,0.17144,0.02475,0.03330,0.03166,0.03067,0.02903,-54.10371,3438.00000
0.19249,0.18624,0.19282,0.19183,0.19381,0.17342,0.17572,0.17407,0.17605,0.17177,0.02672,0.03462,0.03001,0.03330,0.03001,-54.10371,3439.00000
0.19216,0.19644,0.19578,0.19381,0.19183,0.17802,0.17276,0.17605,0.17670,0.17638,0.03297,0.02771,0.03034,0.02936,0.02936,-53.85117,3440.00000
0.18591,0.18986,0.19545,0.18624,0.18986,0.17769,0.17769,0.17374,0.17572,0.17638,0.03199,0.03034,0.02903,0.03232,0.02936,-53.85117,3441.00000
0.19249,0.18657,0.19578,0.18624,0.19710,0.17638,0.17506,0.17605,0.17670,0.17342,0.02738,0.02738,0.02870,0.02903,0.02870,-52.57012,3442.00000
0.18986,0.19348,0.18789,0.18986,0.19512,0.17506,0.17506,0.17802,0.17210,0.17605,0.03001,0.02903,0.03265,0.03001,0.03067,-52.57012,3443.00000
0.19742,0.18822,0.19085,0.19545,0.19019,0.17638,0.17473,0.17342,0.17670,0.17572,0.02607,0.03067,0.03067,0.03199,0.03166,-52.66689,3444.00000
0.19282,0.19315,0.19282,0.18887,0.18723,0.17506,0.17802,0.17177,0.17374,0.17144,0.03001,0.02903,0.02837,0.02705,0.03100,-52.66689,3445.00000
0.18854,0.19052,0.18854,0.18756,0.18723,0.17342,0.17703,0.17111,0.17506,0.17111,0.03232,0.03166,0.03034,0.03528,0.02738,-52.42720,3446.00000
0.19183,0.20038,0.19216,0.19414,0.18789,0.17670,0.17638,0.17374,0.17506,0.17473,0.03133,0.02771,0.03297,0.03429,0.03199,-52.42720,3447.00000
0.19052,0.19512,0.19019,0.18986,0.18822,0.17901,0.17999,0.17506,0.17572,0.17309,0.02968,0.02870,0.03265,0.03067,0.03133,-51.67014,3448.00000
0.19216,0.19348,0.19315,0.19315,0.19315,0.17638,0.17177,0.17769,0.17736,0.17045,0.02837,0.03199,0.03166,0.03166,0.02837,-51.67014,3449.00000
0.19118,0.19183,0.19150,0.18657,0.19249,0.17342,0.17473,0.17703,0.17243,0.17309,0.02640,0.02705,0.02607,0.02837,0.03396,-51.41368,3450.00000
0.19249,0.19348,0.19216,0.19282,0.18789,0.17243,0.17835,0.17638,0.17440,0.17045,0.02804,0.02903,0.03034,0.03001,0.02804,-51.41368,3451.00000
0.19512,0.19414,0.18723,0.19512,0.20038,0.17638,0.17374,0.17638,0.17506,0.17243,0.03100,0.03166,0.02936,0.02738,0.03100,-52.06915,3452.00000
0.19150,0.19052,0.18854,0.19414,0.19183,0.17407,0.17638,0.17473,0.17342,0.18065,0.02738,0.03001,0.02738,0.02672,0.02607,-52.06915,3453.00000
0.19446,0.19315,0.19282,0.19348,0.19315,0.17736,0.17605,0.17605,0.17638,0.17605,0.03034,0.02738,0.02804,0.02870,0.02968,-52.28213,3454.00000
0.19775,0.18789,0.18789,0.19677,0.19512,0.17670,0.17901,0.17605,0.17670,0.17473,0.03133,0.03297,0.02870,0.03791,0.03232,-52.28213,3455.00000
0.18822,0.19118,0.19973,0.19348,0.19183,0.17374,0.17736,0.17934,0.17999,0.17539,0.02968,0.03166,0.03001,0.02804,0.03100,-52.53023,3456.00000
0.18854,0.19282,0.19183,0.19085,0.19446,0.17243,0.17111,0.17868,0.17374,0.17802,0.02870,0.02903,0.03001,0.03133,0.02705,-52.53023,3457.00000
0.18920,0.19512,0.19315,0.18690,0.19348,0.17572,0.17670,0.17473,0.17703,0.17309,0.02672,0.02936,0.03067,0.03034,0.03034,-53.70408,3458.00000
0.19545,0.18624,0.19677,0.18887,0.19282,0.17473,0.17473,0.17506,0.17802,0.17769,0.02968,0.02607,0.02903,0.02738,0.03100,-53.70408,3459.00000
0.18920,0.19052,0.19446,0.18328,0.19249,0.17605,0.17901,0.17177,0.17769,0.17539,0.02968,0.03034,0.03232,0.03067,0.03067,-53.82225,3460.00000
0.18854,0.19183,0.19085,0.19183,0.19282,0.17539,0.17473,0.17440,0.17802,0.17309,0.03067,0.03100,0.02968,0.03067,0.03199,-53.82225,3461.00000
0.18920,0.19512,0.18986,0.19414,0.18986,0.17276,0.17506,0.17276,0.17703,0.17440,0.02903,0.02804,0.02804,0.03166,0.03166,-53.96191,3462.00000
0.19183,0.18953,0.19381,0.19315,0.19282,0.17177,0.17374,0.16914,0.17440,0.17572,0.03330,0.02936,0.02771,0.02804,0.03001,-53.96191,3463.00000
0.18756,0.18920,0.19052,0.19249,0.19512,0.17572,0.17802,0.17572,0.17605,0.17177,0.02771,0.02738,0.02738,0.02804,0.03067,-53.75830,3464.00000
0.18822,0.19348,0.19512,0.18920,0.19150,0.17407,0.17407,0.17374,0.17605,0.17638,0.02771,0.03100,0.02738,0.02903,0.02936,-53.75830,3465.00000
0.18526,0.19644,0.19512,0.18756,0.19052,0.17276,0.17539,0.17374,0.17703,0.17605,0.02968,0.02968,0.03330,0.03396,0.02903,-54.46460,3466.00000
0.19249,0.19052,0.19414,0.18854,0.19775,0.17111,0.17539,0.17342,0.17638,0.17276,0.02672,0.03100,0.03067,0.02771,0.02771,-54.46460,3467.00000
0.18920,0.19348,0.19052,0.19085,0.18558,0.17309,0.17670,0.17638,0.17736,0.17440,0.03034,0.02771,0.02936,0.02968,0.02870,-53.76062,3468.00000
0.19545,0.19019,0.19118,0.19282,0.19216,0.17440,0.17670,0.17506,0.16552,0.17638,0.03001,0.03166,0.03034,0.02837,0.02837,-53.76062,3469.00000
0.18460,0.20038,0.18789,0.19150,0.18920,0.17243,0.17605,0.17243,0.17506,0.17703,0.03396,0.02870,0.03330,0.03034,0.02804,-53.68451,3470.00000
0.19775,0.18230,0.19578,0.19249,0.18822,0.17473,0.17440,0.17605,0.17539,0.17342,0.03166,0.03330,0.02968,0.02672,0.03067,-53.68451,3471.00000
0.19414,0.18854,0.18986,0.18920,0.19118,0.17572,0.17407,0.17407,0.17638,0.17243,0.02968,0.02804,0.02837,0.02541,0.02804,-53.57077,3472.00000
0.18591,0.18789,0.18624,0.19052,0.19545,0.17440,0.17802,0.17473,0.17177,0.17670,0.02771,0.03232,0.02903,0.02640,0.03034,-53.57077,3473.00000
0.19052,0.19282,0.19118,0.18920,0.18920,0.17243,0.17243,0.17440,0.17638,0.17736,0.03034,0.02541,0.02607,0.03100,0.03166,-53.31371,3474.00000
0.18854,0.19216,0.19414,0.18822,0.18591,0.17276,0.17342,0.17210,0.17309,0.17473,0.02903,0.03001,0.03199,0.02804,0.03330,-53.31371,3475.00000
0.18953,0.18591,0.19019,0.19414,0.19414,0.17407,0.17276,0.17309,0.17473,0.17243,0.03232,0.03265,0.02541,0.02936,0.03330,-52.33312,3476.00000
0.19150,0.19414,0.19282,0.18789,0.19085,0.17243,0.17868,0.17210,0.17572,0.17210,0.03199,0.03166,0.03166,0.02968,0.03001,-52.33312,3477.00000
0.18723,0.18986,0.18953,0.19150,0.19414,0.17045,0.17374,0.17736,0.17210,0.17210,0.02903,0.03133,0.02968,0.02705,0.02968,-51.92584,3478.00000
0.19381,0.18591,0.18789,0.18953,0.18756,0.17440,0.17309,0.17638,0.17374,0.17605,0.03001,0.02541,0.02771,0.03133,0.02837,-51.92584,3479.00000
0.19479,0.19150,0.18328,0.19282,0.19315,0.17407,0.17670,0.17309,0.17013,0.17572,0.03001,0.02837,0.02870,0.03067,0.03232,-52.77200,3480.00000
0.19545,0.19216,0.18789,0.19677,0.19611,0.17736,0.17539,0.17769,0.17506,0.16947,0.03297,0.03363,0.02968,0.02903,0.03100,-52.77200,3481.00000
0.19183,0.19446,0.19677,0.19315,0.19183,0.17177,0.17703,0.17440,0.17539,0.17309,0.02672,0.02804,0.02541,0.03100,0.02936,-53.67360,3482.00000
0.18986,0.18591,0.18822,0.18690,0.18756,0.17539,0.17473,0.17374,0.17539,0.17407,0.03100,0.03396,0.02870,0.03396,0.03265,-53.67360,3483.00000
0.19282,0.18624,0.19085,0.18986,0.19249,0.16782,0.17605,0.17210,0.17276,0.17276,0.02903,0.02738,0.03067,0.03133,0.02903,-53.33582,3484.00000
0.19183,0.18822,0.18723,0.18789,0.19216,0.17769,0.17276,0.17605,0.17144,0.17539,0.02837,0.02738,0.03626,0.03297,0.03001,-53.33582,3485.00000
0.19282,0.18756,0.19282,0.18690,0.19414,0.17506,0.17342,0.17210,0.17703,0.17539,0.02870,0.03034,0.02705,0.02607,0.02870,-53.94574,3486.00000
0.18460,0.19019,0.18953,0.19249,0.19150,0.17506,0.17309,0.17769,0.17638,0.17572,0.02475,0.03133,0.03001,0.02903,0.03067,-53.94574,3487.00000
0.19052,0.18789,0.18887,0.19183,0.19216,0.17078,0.17407,0.17638,0.17769,0.17078,0.02804,0.03034,0.02804,0.02903,0.03265,-53.37180,3488.00000
0.19118,0.18789,0.19249,0.18822,0.18789,0.17670,0.17736,0.17309,0.17407,0.17473,0.03034,0.03001,0.02903,0.03199,0.02837,-53.37180,3489.00000
0.19052,0.19644,0.18690,0.19085,0.19710,0.17374,0.17243,0.17440,0.17539,0.17506,0.03133,0.03067,0.02640,0.02903,0.03133,-54.11510,3490.00000
0.19085,0.18723,0.19216,0.18624,0.19216,0.17144,0.17078,0.17045,0.17210,0.17572,0.03067,0.02968,0.03001,0.03001,0.02936,-54.11510,3491.00000
0.19019,0.18953,0.19183,0.18920,0.19150,0.17078,0.17638,0.17013,0.17342,0.17670,0.02804,0.03330,0.02903,0.03100,0.02705,-54.40130,3492.00000
0.18789,0.19348,0.19315,0.19183,0.19085,0.17342,0.17473,0.17177,0.17802,0.17506,0.02837,0.03001,0.03001,0.03330,0.02672,-54.40130,3493.00000
0.19216,0.18854,0.18854,0.19578,0.19019,0.17473,0.17670,0.17572,0.17868,0.17045,0.03034,0.02771,0.03232,0.02607,0.03067,-53.63620,3494.00000
0.18953,0.19052,0.19545,0.18920,0.18789,0.17539,0.17440,0.17572,0.17473,0.17342,0.03067,0.03199,0.02804,0.02640,0.03100,-53.63620,3495.00000
0.18493,0.18887,0.19545,0.19315,0.18756,0.17473,0.17572,0.17440,0.17769,0.17440,0.02705,0.03001,0.03001,0.02903,0.03100,-53.14866,3496.00000
0.19085,0.18690,0.18986,0.18854,0.19118,0.17111,0.16815,0.17572,0.17769,0.17440,0.03297,0.03034,0.03067,0.03034,0.02870,-53.14866,3497.00000
0.18526,0.19775,0.18789,0.18427,0.19907,0.17440,0.17605,0.17572,0.17473,0.17309,0.03034,0.02968,0.02738,0.02903,0.02771,-52.11388,3498.00000
0.19216,0.19414,0.19249,0.19052,0.18657,0.17473,0.17473,0.17111,0.17539,0.17374,0.03067,0.02640,0.03001,0.03166,0.03199,-52.11388,3499.00000
0.18493,0.18986,0.19216,0.19446,0.19381,0.17111,0.17539,0.17769,0.17802,0.17638,0.03067,0.02936,0.03067,0.02837,0.03199,-52.10430,3500.00000
0.19282,0.19118,0.18262,0.18558,0.19118,0.17868,0.17210,0.17966,0.17605,0.17440,0.03363,0.03100,0.03001,0.03265,0.02607,-52.10430,3501.00000
0.18723,0.18558,0.19249,0.19052,0.18854,0.17802,0.17769,0.17111,0.17407,0.17342,0.02771,0.03396,0.03265,0.03363,0.03100,-52.02383,3502.00000
0.19446,0.20038,0.18690,0.19381,0.19282,0.17572,0.17572,0.17506,0.17276,0.17572,0.02968,0.02870,0.03232,0.03133,0.02607,-52.02383,3503.00000
0.18262,0.19677,0.19052,0.19085,0.19052,0.17440,0.17473,0.17670,0.17670,0.17901,0.02837,0.03001,0.03199,0.02837,0.02968,-52.01289,3504.00000
0.19118,0.18920,0.19052,0.19183,0.18986,0.17276,0.17473,0.17670,0.17342,0.17407,0.03067,0.03067,0.03330,0.03034,0.02607,-52.01289,3505.00000
0.18920,0.19479,0.19019,0.18723,0.19183,0.17309,0.17440,0.17210,0.17506,0.17638,0.03100,0.02936,0.03001,0.03166,0.03166,-52.16367,3506.00000
0.18789,0.18887,0.19183,0.19118,0.19216,0.17078,0.17045,0.17736,0.16914,0.17440,0.03001,0.02607,0.03166,0.02936,0.02903,-52.16367,3507.00000
0.19315,0.19019,0.18953,0.19150,0.18920,0.17769,0.17407,0.17342,0.17210,0.17670,0.02968,0.02640,0.03001,0.03232,0.03232,-52.95928,3508.00000
0.19216,0.19150,0.19479,0.18953,0.18657,0.16749,0.17407,0.17407,0.17177,0.17572,0.03133,0.02837,0.03396,0.02640,0.02903,-52.95928,3509.00000
0.18986,0.19479,0.18822,0.19545,0.18822,0.17670,0.17407,0.17638,0.17605,0.18032,0.03034,0.03166,0.02837,0.03034,0.02968,-53.23501,3510.00000
0.19019,0.19150,0.18657,0.19315,0.19315,0.17539,0.17670,0.17605,0.17638,0.17539,0.02903,0.03001,0.02936,0.02968,0.02837,-53.23501,3511.00000
0.19315,0.19479,0.19085,0.19282,0.18822,0.17506,0.17703,0.17572,0.17473,0.17276,0.02672,0.03067,0.03265,0.03100,0.02903,-53.54866,3512.00000
0.18493,0.18657,0.20071,0.18789,0.18657,0.17506,0.17045,0.17407,0.17835,0.17045,0.03232,0.03265,0.02968,0.02804,0.02968,-53.54866,3513.00000
0.18789,0.18986,0.19512,0.18723,0.19479,0.17210,0.17210,0.16914,0.17572,0.17407,0.03034,0.02607,0.03396,0.03166,0.02804,-53.40519,3514.00000
0.19019,0.19085,0.19052,0.18953,0.19118,0.17605,0.17243,0.17210,0.17243,0.17374,0.03034,0.03297,0.02771,0.02771,0.03100,-53.40519,3515.00000
0.18591,0.19578,0.19348,0.19183,0.19183,0.17769,0.17835,0.17670,0.17473,0.17276,0.02936,0.02903,0.03133,0.03001,0.02968,-53.45064,3516.00000
0.19545,0.19644,0.18723,0.19216,0.18756,0.17210,0.17144,0.17999,0.17407,0.17605,0.02870,0.02870,0.03001,0.03265,0.02738,-53.56126,3517.00000
0.18920,0.18460,0.19085,0.19150,0.18953,0.17210,0.17144,0.17736,0.17177,0.17342,0.03100,0.02936,0.03265,0.03133,0.03133,-53.56126,3518.00000
0.19545,0.19118,0.19052,0.19052,0.19545,0.17407,0.17243,0.17835,0.17703,0.17670,0.02705,0.02903,0.02804,0.02870,0.03001,-53.11120,3519.00000
0.18887,0.18131,0.19479,0.18328,0.19841,0.17605,0.17539,0.17670,0.17078,0.17440,0.03001,0.02837,0.02771,0.03100,0.03001,-53.11120,3520.00000
0.19446,0.18920,0.18854,0.19183,0.19315,0.17210,0.17309,0.17342,0.17868,0.17572,0.02870,0.02705,0.02936,0.02771,0.02936,-52.57122,3521.00000
0.18920,0.19085,0.18986,0.19019,0.19446,0.17506,0.17539,0.17045,0.17111,0.17309,0.03034,0.02574,0.03001,0.03067,0.03166,-52.57122,3522.00000
0.18920,0.19216,0.19052,0.18887,0.19775,0.17506,0.17934,0.17802,0.17802,0.17736,0.03067,0.03363,0.02936,0.02936,0.03100,-52.29391,3523.00000
0.18822,0.18887,0.19118,0.19381,0.18887,0.17177,0.17243,0.17210,0.17440,0.17276,0.02837,0.03363,0.03100,0.03133,0.03067,-52.29391,3524.00000
0.19348,0.19216,0.19249,0.19611,0.19216,0.17309,0.17605,0.17572,0.17440,0.17638,0.02968,0.03100,0.02771,0.02936,0.03265,-53.10985,3525.00000
0.18920,0.19052,0.19249,0.18887,0.18591,0.16684,0.17342,0.17407,0.17572,0.17013,0.02672,0.02903,0.02903,0.03166,0.03363,-53.10985,3526.00000
0.19446,0.18756,0.19118,0.19183,0.19907,0.17309,0.17177,0.17407,0.17736,0.16914,0.03100,0.02771,0.02672,0.02936,0.03067,-52.82445,3527.00000
0.18854,0.19677,0.18789,0.19085,0.18953,0.17506,0.17999,0.17309,0.17572,0.17342,0.03133,0.02804,0.02870,0.03001,0.03100,-52.82445,3528.00000
0.18756,0.18822,0.19282,0.18854,0.19348,0.17374,0.17243,0.17868,0.17276,0.17539,0.03199,0.02968,0.02640,0.02968,0.02968,-52.77453,3529.00000
0.18690,0.18986,0.19216,0.19348,0.18558,0.17638,0.16980,0.17276,0.17342,0.17243,0.03034,0.02968,0.03100,0.03034,0.02804,-52.77453,3530.00000
0.19249,0.18591,0.19052,0.19479,0.19052,0.17473,0.17638,0.17407,0.17407,0.17276,0.03001,0.03166,0.02837,0.03166,0.02771,-52.71783,3531.00000
0.19150,0.19019,0.19052,0.18854,0.18624,0.17473,0.17276,0.17572,0.17407,0.16980,0.02968,0.03067,0.03297,0.02903,0.03199,-52.71783,3532.00000
0.19052,0.19052,0.18887,0.19446,0.19315,0.17638,0.17638,0.17374,0.17769,0.17276,0.03001,0.03100,0.02771,0.02804,0.03330,-52.81155,3533.00000
0.19249,0.19085,0.18920,0.18723,0.19085,0.17638,0.17342,0.17276,0.17374,0.17440,0.02936,0.03265,0.03100,0.03265,0.02936,-52.81155,3534.00000
0.18756,0.19216,0.18822,0.18986,0.18657,0.17473,0.17572,0.17144,0.17736,0.17703,0.03232,0.03199,0.03297,0.02936,0.02968,-52.68019,3535.00000
0.19446,0.18822,0.19118,0.18953,0.19019,0.17309,0.16881,0.17440,0.17374,0.17276,0.02903,0.02936,0.03199,0.02541,0.03396,-52.68019,3536.00000
0.19052,0.19118,0.18822,0.18328,0.19348,0.17572,0.17342,0.17440,0.17539,0.17440,0.03297,0.03232,0.03166,0.03100,0.03133,-53.32740,3537.00000
0.19019,0.19183,0.19150,0.18854,0.19019,0.17572,0.17769,0.17374,0.17572,0.17440,0.02705,0.02837,0.02804,0.03232,0.02508,-53.32740,3538.00000
0.18986,0.18591,0.19118,0.19019,0.18723,0.17276,0.17670,0.17111,0.17572,0.17999,0.02837,0.02804,0.02804,0.02475,0.02903,-54.04895,3539.00000
0.18756,0.18690,0.18624,0.19052,0.19249,0.17144,0.17934,0.17276,0.17342,0.17440,0.03133,0.03100,0.03330,0.03133,0.03100,-54.04895,3540.00000
0.18756,0.19282,0.19282,0.18887,0.18953,0.17473,0.17309,0.17177,0.17605,0.18230,0.03199,0.02837,0.03100,0.03067,0.03265,-54.03864,3541.00000
0.18953,0.18789,0.19414,0.18789,0.18657,0.17243,0.16980,0.17342,0.17309,0.17342,0.02903,0.03133,0.02903,0.03133,0.02475,-54.03864,3542.00000
0.19446,0.19249,0.19085,0.18920,0.19249,0.17736,0.17572,0.17144,0.17374,0.17473,0.03001,0.03067,0.02640,0.02771,0.02968,-54.84158,3543.00000
0.19446,0.18854,0.18822,0.18822,0.18723,0.17243,0.16980,0.17506,0.16980,0.17605,0.03100,0.02968,0.03166,0.03034,0.03100,-54.84158,3544.00000
0.18822,0.19085,0.18822,0.19249,0.18624,0.16749,0.17243,0.17407,0.17111,0.17835,0.03561,0.02837,0.03396,0.02738,0.02738,-54.53261,3545.00000
0.18657,0.18756,0.18690,0.19052,0.18854,0.17374,0.17177,0.17342,0.17309,0.17407,0.03100,0.02870,0.02903,0.02870,0.02738,-54.53261,3546.00000
0.18953,0.18953,0.19019,0.19118,0.18789,0.17078,0.17407,0.17539,0.17309,0.17177,0.02837,0.03363,0.03297,0.03100,0.02771,-53.96552,3547.00000
0.19512,0.18624,0.18789,0.18591,0.18822,0.17440,0.17638,0.17276,0.17144,0.16980,0.02968,0.02936,0.02936,0.02968,0.02640,-53.96552,3548.00000
0.19446,0.19249,0.18789,0.19381,0.18361,0.17374,0.17407,0.17605,0.17407,0.17539,0.03001,0.02936,0.03166,0.02968,0.03001,-53.12534,3549.00000
0.19644,0.18789,0.19052,0.18789,0.19512,0.17144,0.17276,0.17440,0.17045,0.17966,0.03199,0.03067,0.02903,0.02870,0.02804,-53.12534,3550.00000
0.18854,0.19578,0.18789,0.18558,0.18493,0.17111,0.17210,0.17539,0.17736,0.17539,0.03034,0.02936,0.03133,0.02837,0.03232,-53.14470,3551.00000
0.19249,0.18624,0.18427,0.18690,0.18920,0.17703,0.17539,0.17736,0.17309,0.17473,0.02870,0.02705,0.03067,0.03265,0.02837,-53.14470,3552.00000
0.19381,0.18558,0.19085,0.18920,0.19841,0.17276,0.17473,0.17210,0.17440,0.17539,0.03363,0.02771,0.03133,0.02870,0.03232,-52.42440,3553.00000
0.19150,0.19118,0.18591,0.19183,0.18822,0.17473,0.17407,0.17539,0.17736,0.17342,0.02837,0.03133,0.03396,0.03001,0.02705,-52.42440,3554.00000
0.18591,0.19052,0.18526,0.18427,0.18953,0.17605,0.17473,0.17638,0.16881,0.17539,0.02705,0.03166,0.03067,0.02870,0.02705,-52.05449,3555.00000
0.19118,0.18887,0.18887,0.18920,0.18986,0.17736,0.17539,0.17440,0.17342,0.17572,0.03034,0.03199,0.02968,0.02936,0.03133,-52.05449,3556.00000
0.19381,0.18887,0.18723,0.18756,0.18887,0.17276,0.17572,0.17638,0.17473,0.17045,0.02968,0.03133,0.03232,0.03133,0.03034,-52.62881,3557.00000
0.18723,0.18690,0.18920,0.18657,0.18953,0.17868,0.17210,0.17473,0.17901,0.17374,0.02903,0.02968,0.03034,0.02640,0.02738,-52.62881,3558.00000
0.18756,0.19348,0.19348,0.18953,0.18657,0.17703,0.17111,0.17670,0.16848,0.17539,0.02870,0.02705,0.02903,0.02705,0.03001,-52.33735,3559.00000
0.18887,0.19085,0.19183,0.20302,0.19150,0.17440,0.17111,0.16980,0.17440,0.17670,0.03232,0.02705,0.02870,0.02870,0.02672,-52.33735,3560.00000
0.18986,0.19216,0.19216,0.19446,0.19348,0.17934,0.17177,0.17572,0.17407,0.17045,0.03034,0.03100,0.03265,0.03100,0.02968,-52.22336,3561.00000
0.18986,0.19249,0.18756,0.18789,0.18920,0.17407,0.17210,0.17342,0.17342,0.17045,0.03034,0.03166,0.03100,0.03133,0.02738,-52.22336,3562.00000
0.19052,0.19118,0.18953,0.18657,0.18920,0.17342,0.17999,0.17210,0.17473,0.17835,0.03067,0.03199,0.03429,0.03199,0.03133,-53.18932,3563.00000
0.18131,0.19052,0.18526,0.19150,0.18986,0.17966,0.17670,0.17078,0.17111,0.17506,0.03199,0.03034,0.03363,0.03034,0.03100,-53.18932,3564.00000
0.19052,0.18756,0.19446,0.19611,0.18986,0.17374,0.17144,0.17670,0.17506,0.17539,0.03265,0.02804,0.03001,0.02607,0.02968,-53.70892,3565.00000
0.19183,0.18887,0.18591,0.18920,0.18230,0.17243,0.17539,0.17703,0.17045,0.17868,0.03265,0.02903,0.03166,0.03396,0.02738,-53.70892,3566.00000
0.19742,0.18756,0.18723,0.19019,0.18887,0.17111,0.16980,0.17506,0.17440,0.17835,0.02968,0.03133,0.02804,0.02837,0.03166,-54.27633,3567.00000
0.18558,0.19150,0.18789,0.18526,0.19019,0.17078,0.17539,0.17539,0.17111,0.17045,0.03363,0.03100,0.02870,0.03166,0.02903,-54.27633,3568.00000
0.18690,0.18986,0.19019,0.19216,0.18854,0.17177,0.17374,0.17177,0.17473,0.17342,0.03232,0.02705,0.03034,0.02804,0.03100,-54.54539,3569.00000
0.18230,0.18986,0.18953,0.18591,0.18526,0.17374,0.17309,0.16980,0.16684,0.17144,0.02771,0.02968,0.02968,0.02936,0.03199,-54.54539,3570.00000
0.19216,0.18361,0.18887,0.19249,0.18789,0.17407,0.17342,0.17736,0.17769,0.17539,0.02837,0.02705,0.03166,0.03034,0.03166,-54.12328,3571.00000
0.19282,0.18756,0.18986,0.18460,0.19052,0.17703,0.17703,0.17539,0.17473,0.17802,0.02968,0.03034,0.03133,0.03067,0.02968,-54.12328,3572.00000
0.19085,0.19019,0.18986,0.19216,0.18591,0.17703,0.17736,0.17440,0.17309,0.17210,0.03100,0.02903,0.02837,0.03001,0.03067,-54.38342,3573.00000
0.18493,0.18822,0.18756,0.18756,0.18986,0.17342,0.17703,0.17670,0.17045,0.17638,0.02903,0.03396,0.03100,0.02968,0.03199,-54.38342,3574.00000
0.18920,0.18493,0.19315,0.18789,0.18526,0.17736,0.17407,0.17572,0.17440,0.17407,0.03396,0.03166,0.02903,0.02870,0.03396,-53.92267,3575.00000
0.19315,0.18756,0.18854,0.18723,0.19315,0.17572,0.17670,0.17374,0.17670,0.17572,0.02903,0.03034,0.02903,0.02771,0.03067,-53.92267,3576.00000
0.18887,0.19282,0.18953,0.18460,0.19216,0.17276,0.17374,0.17276,0.17013,0.17111,0.02804,0.03067,0.03067,0.02903,0.02903,-53.28213,3577.00000
0.19052,0.19150,0.18854,0.19150,0.19315,0.17506,0.17078,0.17374,0.17407,0.17572,0.03133,0.02968,0.03166,0.02870,0.02936,-53.28213,3578.00000
0.19414,0.19085,0.18361,0.18657,0.18920,0.17111,0.17013,0.17605,0.17210,0.17210,0.03626,0.02804,0.02936,0.03232,0.02936,-52.74458,3579.00000
0.18854,0.18822,0.19348,0.18394,0.18822,0.17670,0.17210,0.16947,0.17374,0.17374,0.03199,0.03034,0.02870,0.03232,0.03100,-52.74458,3580.00000
0.19052,0.18526,0.18822,0.18723,0.18657,0.17144,0.17473,0.17210,0.17013,0.17210,0.02968,0.02607,0.03133,0.03100,0.03265,-52.62717,3581.00000
0.19118,0.18427,0.18657,0.18591,0.18920,0.17342,0.17342,0.17638,0.17440,0.17374,0.03166,0.02870,0.03363,0.03100,0.03100,-52.62717,3582.00000
0.19085,0.19019,0.19150,0.18756,0.18591,0.17177,0.17374,0.17210,0.17276,0.17177,0.02738,0.02903,0.02607,0.02837,0.02870,-52.42443,3583.00000
0.18887,0.18328,0.19183,0.18394,0.18624,0.17407,0.17440,0.17243,0.17177,0.17638,0.02903,0.03396,0.03429,0.02771,0.02705,-52.42443,3584.00000
0.18361,0.20071,0.18690,0.19841,0.18295,0.17407,0.17013,0.17638,0.17572,0.17736,0.02771,0.03133,0.02475,0.03166,0.03100,-52.46221,3585.00000
0.18295,0.18822,0.19183,0.19710,0.18756,0.17111,0.17309,0.17045,0.17374,0.17407,0.03133,0.03199,0.02804,0.03199,0.02968,-52.46221,3586.00000
0.18493,0.19216,0.19085,0.19315,0.18822,0.17605,0.17605,0.17342,0.17013,0.17111,0.03067,0.03133,0.03199,0.02870,0.03001,-52.30288,3587.00000
0.19019,0.18361,0.19118,0.19118,0.18822,0.17078,0.17374,0.17309,0.17605,0.17276,0.03199,0.03232,0.02705,0.02804,0.02870,-52.30288,3588.00000
0.19150,0.19150,0.18986,0.19118,0.19019,0.17473,0.17440,0.17407,0.17210,0.17078,0.02804,0.03133,0.02804,0.03034,0.03034,-52.23543,3589.00000
0.18789,0.18920,0.18558,0.18690,0.19578,0.16980,0.17605,0.17078,0.17342,0.17342,0.02870,0.02936,0.02936,0.03199,0.02903,-52.23543,3590.00000
0.18920,0.18854,0.18657,0.18723,0.19677,0.17407,0.17506,0.17243,0.17276,0.17342,0.02672,0.03100,0.02870,0.02705,0.02837,-53.07084,3591.00000
0.18953,0.18526,0.19183,0.18657,0.18427,0.16717,0.17440,0.17407,0.17638,0.17276,0.03133,0.02870,0.03429,0.03133,0.02903,-53.07084,3592.00000
0.19052,0.19085,0.19052,0.19052,0.19315,0.17342,0.17144,0.17407,0.17539,0.17309,0.02804,0.03100,0.02508,0.02903,0.02936,-53.11257,3593.00000
0.18920,0.18723,0.18920,0.19414,0.18986,0.17111,0.17670,0.17572,0.17736,0.17703,0.02968,0.02705,0.02936,0.02936,0.03265,-53.11257,3594.00000
0.18986,0.18690,0.18756,0.18822,0.18690,0.17440,0.17506,0.17276,0.17078,0.17539,0.02607,0.03330,0.02837,0.03067,0.02738,-54.70570,3595.00000
0.18690,0.19644,0.18427,0.18493,0.19019,0.17276,0.17243,0.17078,0.17243,0.17013,0.02936,0.02804,0.02574,0.03363,0.03100,-54.70570,3596.00000
0.19052,0.18854,0.18920,0.18723,0.19446,0.16914,0.17144,0.17078,0.17243,0.17572,0.03396,0.02936,0.03034,0.02672,0.02903,-54.14484,3597.00000
0.18920,0.18427,0.19118,0.18854,0.19216,0.18197,0.17111,0.17309,0.17111,0.17539,0.03232,0.03330,0.02936,0.02936,0.02705,-54.14484,3598.00000
0.19282,0.18493,0.19282,0.19150,0.19019,0.17374,0.17440,0.17440,0.18065,0.17440,0.02936,0.03396,0.03067,0.03166,0.02870,-53.90348,3599.00000
0.19183,0.18230,0.18986,0.18690,0.18723,0.17342,0.17374,0.17243,0.16947,0.16947,0.03232,0.02574,0.02903,0.03100,0.02607,-53.90348,3600.00000
0.18657,0.18723,0.18854,0.19150,0.18591,0.17506,0.17210,0.17374,0.17440,0.17342,0.03133,0.03265,0.03297,0.03133,0.02968,-53.96101,3601.00000
0.18887,0.19052,0.19381,0.18657,0.18887,0.17473,0.17802,0.17276,0.17868,0.17802,0.02837,0.03100,0.03265,0.03001,0.02804,-53.96101,3602.00000
0.18756,0.19183,0.19183,0.19118,0.18854,0.17736,0.17539,0.17440,0.17374,0.17309,0.03495,0.03133,0.03166,0.03199,0.03001,-53.38432,3603.00000
0.19282,0.19644,0.19118,0.18789,0.18920,0.17144,0.17638,0.17210,0.17769,0.17506,0.03067,0.02870,0.03199,0.02837,0.02936,-53.38432,3604.00000
0.19381,0.18493,0.19446,0.19216,0.19249,0.17210,0.17638,0.17440,0.17309,0.17473,0.03133,0.02936,0.03166,0.02870,0.02870,-52.90798,3605.00000
0.18986,0.19348,0.18361,0.19249,0.18887,0.17473,0.17572,0.17177,0.17309,0.17473,0.02607,0.02640,0.03034,0.03133,0.02936,-52.90798,3606.00000
0.18756,0.18756,0.18295,0.18723,0.18328,0.17177,0.17342,0.17374,0.18065,0.17572,0.02870,0.03034,0.02968,0.02936,0.03034,-52.00575,3607.00000
0.18822,0.19644,0.18394,0.18460,0.19118,0.17144,0.17802,0.17605,0.17342,0.17638,0.02903,0.03297,0.02903,0.03034,0.02804,-52.00575,3608.00000
0.19150,0.18493,0.18756,0.19216,0.18986,0.17670,0.17078,0.17210,0.17276,0.17342,0.02607,0.02837,0.03133,0.02903,0.03001,-52.06244,3609.00000
0.19085,0.19512,0.18789,0.18591,0.18953,0.17342,0.17013,0.17506,0.17440,0.17276,0.03199,0.02968,0.03659,0.03199,0.03034,-52.06244,3610.00000
0.19085,0.18953,0.18690,0.19315,0.19118,0.17605,0.17177,0.17440,0.17835,0.17901,0.02870,0.02968,0.03034,0.02705,0.02771,-50.98239,3611.00000
0.18756,0.19150,0.18822,0.19183,0.19019,0.17177,0.17473,0.17374,0.17177,0.17276,0.02574,0.03067,0.03133,0.03034,0.03199,-50.98239,3612.00000
0.18920,0.18854,0.19611,0.19118,0.18986,0.17342,0.17374,0.17670,0.17703,0.17243,0.02968,0.03034,0.03067,0.03133,0.02804,-50.75975,3613.00000
0.19216,0.19118,0.18920,0.18262,0.19085,0.17605,0.17802,0.17506,0.17473,0.17078,0.03133,0.02771,0.02738,0.03034,0.03593,-50.75975,3614.00000
0.19479,0.18723,0.19085,0.18822,0.18657,0.17605,0.17276,0.17078,0.17309,0.17670,0.03067,0.03265,0.03232,0.03166,0.03133,-48.85888,3615.00000
0.18986,0.18822,0.19052,0.19183,0.19019,0.17078,0.17078,0.17473,0.17374,0.17374,0.02870,0.02705,0.03133,0.02936,0.02837,-48.85888,3616.00000
0.18526,0.18756,0.18756,0.18591,0.18657,0.17111,0.17769,0.17374,0.17276,0.17144,0.02771,0.03297,0.02870,0.03265,0.03100,-48.30639,3617.00000
0.18854,0.18558,0.19118,0.18493,0.19183,0.17374,0.17407,0.17210,0.17473,0.17045,0.03034,0.03034,0.03363,0.03199,0.03199,-48.30639,3618.00000
0.19512,0.18854,0.19216,0.19315,0.18262,0.17177,0.17243,0.17210,0.17144,0.17276,0.02968,0.03067,0.03133,0.02640,0.03265,-50.83288,3619.00000
0.19019,0.19545,0.18953,0.18756,0.18657,0.17177,0.17243,0.17111,0.17243,0.17078,0.03166,0.02804,0.02936,0.02804,0.02771,-50.83288,3620.00000
0.18394,0.19118,0.19150,0.18887,0.19118,0.17374,0.17309,0.17868,0.17374,0.17243,0.02837,0.02936,0.03067,0.03363,0.03034,-51.92279,3621.00000
0.19052,0.18624,0.19052,0.18427,0.19085,0.16947,0.16980,0.17769,0.17276,0.16848,0.02903,0.02837,0.03199,0.03133,0.03330,-51.92279,3622.00000
0.19315,0.19381,0.18328,0.19052,0.19150,0.17473,0.17144,0.17703,0.17703,0.17670,0.02771,0.02936,0.03100,0.02870,0.02804,-52.72897,3623.00000
0.18624,0.18854,0.18690,0.18558,0.18723,0.16980,0.16519,0.17078,0.17078,0.17111,0.03133,0.03199,0.03001,0.03133,0.03034,-52.72897,3624.00000
0.18624,0.18789,0.19446,0.18723,0.19315,0.17013,0.17605,0.17802,0.17210,0.17407,0.03067,0.03429,0.03166,0.03133,0.02936,-53.46410,3625.00000
0.18920,0.18920,0.18526,0.19315,0.18756,0.17440,0.17177,0.17374,0.17572,0.17243,0.03495,0.02968,0.03001,0.03265,0.02804,-53.46410,3626.00000
0.18558,0.18723,0.19282,0.18887,0.18493,0.17802,0.17440,0.17243,0.17210,0.17144,0.03166,0.03363,0.02936,0.03100,0.02870,-52.36437,3627.00000
0.18460,0.18756,0.18756,0.19479,0.19052,0.17572,0.17342,0.17013,0.16585,0.17638,0.03133,0.02804,0.03034,0.02936,0.02705,-52.36437,3628.00000
0.18526,0.19249,0.18723,0.19348,0.19183,0.16848,0.16815,0.17473,0.17473,0.17440,0.03166,0.03363,0.03133,0.02968,0.02771,-52.76422,3629.00000
0.18558,0.19085,0.18756,0.19348,0.19118,0.17769,0.17078,0.17243,0.17045,0.17144,0.03232,0.02903,0.03133,0.02903,0.02968,-52.76422,3630.00000
0.18394,0.18723,0.19150,0.19348,0.18920,0.17802,0.17572,0.17045,0.17440,0.17440,0.03001,0.02607,0.03199,0.03232,0.03067,-53.48660,3631.00000
0.18854,0.18789,0.18657,0.18920,0.18887,0.17736,0.17572,0.17539,0.17078,0.17407,0.02837,0.03396,0.02903,0.02837,0.03232,-53.48660,3632.00000
0.19545,0.19446,0.19019,0.18986,0.18558,0.16947,0.17177,0.17210,0.17736,0.17539,0.02903,0.03100,0.03166,0.02870,0.03133,-52.85414,3633.00000
0.19282,0.19019,0.18723,0.19150,0.18460,0.17144,0.17210,0.17473,0.17276,0.17473,0.02936,0.02903,0.03034,0.03396,0.02903,-52.85414,3634.00000
0.18953,0.18953,0.18822,0.19150,0.19019,0.17769,0.17605,0.17605,0.17506,0.17605,0.03265,0.03001,0.02968,0.03100,0.03034,-51.70539,3635.00000
0.19414,0.19446,0.18854,0.18558,0.18558,0.17440,0.17835,0.17013,0.17144,0.17407,0.03166,0.03100,0.02771,0.03232,0.02968,-51.70539,3636.00000
0.18394,0.19282,0.18986,0.18986,0.19315,0.17703,0.17440,0.17440,0.17703,0.17572,0.02837,0.02607,0.03034,0.03396,0.03330,-51.35074,3637.00000
0.19085,0.18690,0.18789,0.19085,0.19677,0.17210,0.17144,0.17506,0.17407,0.17703,0.02738,0.03265,0.03100,0.03330,0.03100,-51.35074,3638.00000
0.18558,0.18854,0.19085,0.19085,0.18822,0.17013,0.17736,0.17736,0.17539,0.17440,0.02968,0.03001,0.03166,0.02804,0.03133,-51.18562,3639.00000
0.18887,0.18624,0.19183,0.19150,0.19085,0.17966,0.17473,0.17210,0.17440,0.17473,0.03363,0.02968,0.02968,0.03166,0.02936,-51.18562,3640.00000
0.19085,0.19348,0.18591,0.18986,0.19512,0.17868,0.17309,0.17703,0.17473,0.17605,0.03363,0.03166,0.03133,0.03001,0.03001,-51.75736,3641.00000
0.18591,0.18361,0.19150,0.18427,0.19249,0.17407,0.17506,0.17111,0.17736,0.17539,0.02936,0.03166,0.03067,0.03363,0.02936,-51.75736,3642.00000
0.19348,0.18920,0.19315,0.18361,0.18854,0.17078,0.17539,0.17539,0.17901,0.17374,0.03297,0.02870,0.03593,0.03133,0.02936,-52.70974,3643.00000
0.19282,0.19249,0.18854,0.18789,0.19118,0.17440,0.17506,0.17210,0.17045,0.17374,0.03100,0.03067,0.02903,0.03067,0.03199,-52.70974,3644.00000
0.19150,0.18690,0.18953,0.18723,0.19052,0.17572,0.17703,0.17374,0.17440,0.17736,0.03232,0.03001,0.03100,0.02738,0.03495,-53.46424,3645.00000
0.18822,0.19315,0.19414,0.18920,0.18526,0.17078,0.17473,0.17802,0.17539,0.17210,0.03067,0.03166,0.02870,0.03001,0.03133,-53.46424,3646.00000
0.19052,0.19150,0.18591,0.18591,0.19644,0.16848,0.17309,0.17835,0.17111,0.17276,0.03034,0.02738,0.02738,0.03100,0.02968,-53.32392,3647.00000
0.19019,0.19150,0.19118,0.18624,0.18591,0.17210,0.17999,0.17276,0.16881,0.17243,0.03297,0.03067,0.02804,0.03034,0.02804,-53.32392,3648.00000
0.19019,0.19150,0.18558,0.19085,0.19118,0.17078,0.17703,0.17177,0.17407,0.17407,0.03166,0.02607,0.03232,0.03100,0.02968,-54.07163,3649.00000
0.18723,0.18887,0.18953,0.19940,0.18723,0.17440,0.17111,0.17045,0.17374,0.17407,0.03199,0.03001,0.02837,0.02837,0.02870,-54.07163,3650.00000
0.18822,0.19545,0.18986,0.19118,0.18427,0.17342,0.17013,0.17210,0.17144,0.17605,0.02475,0.03100,0.02968,0.03297,0.03133,-53.83025,3651.00000
0.19085,0.18854,0.18723,0.18953,0.19019,0.17210,0.17407,0.17243,0.17210,0.16749,0.02903,0.03199,0.03001,0.02804,0.03034,-53.83025,3652.00000
0.19216,0.18197,0.18822,0.19512,0.18624,0.17013,0.17078,0.17506,0.17407,0.17769,0.02738,0.03396,0.03067,0.02738,0.03297,-54.41512,3653.00000
0.18953,0.19150,0.19052,0.18657,0.18723,0.17539,0.17572,0.17013,0.17473,0.17276,0.03001,0.02968,0.03363,0.03265,0.02968,-54.41512,3654.00000
0.18493,0.18822,0.18164,0.18920,0.19085,0.17177,0.17210,0.17177,0.17736,0.16881,0.03297,0.03100,0.03297,0.03100,0.02903,-54.91508,3655.00000
0.18756,0.18591,0.18887,0.19216,0.18460,0.17276,0.17605,0.17835,0.17473,0.17276,0.03100,0.03297,0.03626,0.03265,0.03297,-54.91508,3656.00000
0.18854,0.18887,0.19118,0.19249,0.18493,0.17210,0.17144,0.17407,0.17144,0.17177,0.02870,0.03067,0.03100,0.03100,0.03034,-54.00051,3657.00000
0.18657,0.18953,0.19216,0.18723,0.18526,0.16881,0.17802,0.16980,0.17473,0.17243,0.03100,0.03133,0.02672,0.02968,0.02738,-54.00051,3658.00000
0.18394,0.19249,0.19381,0.18953,0.18723,0.17374,0.17440,0.17309,0.17243,0.17177,0.03232,0.02936,0.03067,0.03133,0.02903,-53.36256,3659.00000
0.18690,0.19282,0.18854,0.19216,0.18690,0.17605,0.17572,0.16749,0.17374,0.17802,0.02771,0.03001,0.03199,0.03067,0.02870,-53.36256,3660.00000
0.18789,0.18986,0.19118,0.19216,0.18789,0.17440,0.17276,0.17177,0.16947,0.17440,0.02936,0.03232,0.03495,0.03166,0.03034,-53.10218,3661.00000
0.19052,0.19216,0.19578,0.18657,0.19249,0.17342,0.17177,0.17144,0.17342,0.17802,0.03166,0.03199,0.03232,0.03363,0.02771,-53.10218,3662.00000
0.19315,0.18690,0.18986,0.18394,0.19249,0.17078,0.17309,0.17769,0.17440,0.16881,0.03363,0.02903,0.03297,0.02936,0.03067,-52.21271,3663.00000
0.19085,0.18493,0.19348,0.19019,0.18756,0.17243,0.17210,0.18131,0.17868,0.17703,0.02804,0.03363,0.03034,0.03067,0.02968,-52.21271,3664.00000
0.19118,0.19183,0.18986,0.19315,0.19150,0.17407,0.17374,0.17440,0.17440,0.17177,0.03265,0.03034,0.03034,0.02804,0.03067,-52.26602,3665.00000
0.18657,0.19118,0.19052,0.18131,0.19085,0.17572,0.17506,0.17835,0.17374,0.17670,0.02738,0.02968,0.03067,0.02771,0.03166,-52.26602,3666.00000
0.18920,0.19150,0.19052,0.19150,0.18295,0.17638,0.16947,0.17605,0.17210,0.17605,0.02936,0.02968,0.03100,0.02968,0.02574,-52.17061,3667.00000
0.19085,0.18854,0.18591,0.18986,0.18887,0.17013,0.17013,0.17572,0.17605,0.17605,0.02640,0.02738,0.02837,0.03199,0.02870,-52.17061,3668.00000
0.18887,0.19052,0.19150,0.18723,0.18986,0.17407,0.17638,0.17309,0.17276,0.17177,0.03166,0.02672,0.03265,0.03001,0.02968,-51.90806,3669.00000
0.18361,0.19249,0.19085,0.19118,0.19315,0.17605,0.17276,0.17342,0.17374,0.16815,0.03067,0.03133,0.02705,0.03100,0.02705,-51.90806,3670.00000
0.18920,0.18460,0.19446,0.19282,0.18723,0.17177,0.17276,0.17374,0.17440,0.17013,0.03001,0.03034,0.02804,0.02903,0.02903,-52.57512,3671.00000
0.19282,0.18328,0.18920,0.18789,0.18690,0.17144,0.17539,0.17144,0.17045,0.17078,0.02705,0.02804,0.02936,0.03100,0.03067,-52.57512,3672.00000
0.19414,0.18493,0.18789,0.18986,0.18361,0.17572,0.17473,0.17572,0.16947,0.17309,0.03429,0.02870,0.03001,0.02771,0.03034,-53.31881,3673.00000
0.19085,0.18986,0.18493,0.19578,0.18854,0.17572,0.17572,0.17276,0.17276,0.17703,0.03100,0.03067,0.03001,0.03199,0.03232,-53.31881,3674.00000
0.19414,0.18986,0.19150,0.19150,0.18197,0.17177,0.17374,0.17243,0.16815,0.17440,0.02837,0.02936,0.02640,0.03133,0.02607,-53.76634,3675.00000
0.18822,0.19249,0.18526,0.18854,0.19019,0.17407,0.17802,0.17276,0.17243,0.17703,0.03034,0.02771,0.02968,0.02903,0.02705,-53.76634,3676.00000
0.18493,0.19118,0.19183,0.18164,0.18756,0.17407,0.17111,0.16947,0.17374,0.17605,0.03001,0.03363,0.02837,0.02672,0.03067,-54.61754,3677.00000
0.18460,0.18854,0.18756,0.19282,0.19775,0.16881,0.17309,0.17407,0.17276,0.16848,0.02837,0.03133,0.03067,0.02837,0.02837,-54.61754,3678.00000
0.19019,0.18591,0.18887,0.19085,0.18328,0.17111,0.17670,0.17210,0.17210,0.17243,0.03265,0.03001,0.02837,0.02968,0.02837,-54.31805,3679.00000
0.18986,0.18920,0.18657,0.18197,0.18526,0.17111,0.17473,0.17670,0.17111,0.17605,0.03297,0.02936,0.02738,0.02771,0.02508,-54.31805,3680.00000
0.18953,0.18131,0.19085,0.18558,0.19183,0.17440,0.17506,0.17078,0.17342,0.17177,0.03034,0.02903,0.03100,0.02936,0.03199,-53.94369,3681.00000
0.18690,0.18098,0.19315,0.19216,0.18230,0.17078,0.17605,0.17539,0.17078,0.17045,0.02903,0.02804,0.03067,0.02968,0.03067,-53.94369,3682.00000
0.19315,0.18887,0.18756,0.18328,0.18854,0.17407,0.17276,0.17374,0.17177,0.17144,0.03100,0.03199,0.02804,0.03067,0.02640,-53.41472,3683.00000
0.19052,0.19019,0.18756,0.18624,0.18854,0.17374,0.16914,0.17177,0.17078,0.16815,0.03100,0.03001,0.03232,0.02771,0.02936,-53.41472,3684.00000
0.18822,0.19118,0.19381,0.18657,0.18690,0.17868,0.17342,0.17572,0.17638,0.17703,0.03133,0.02738,0.03166,0.03429,0.02968,-53.36019,3685.00000
0.19150,0.19150,0.19150,0.18032,0.18657,0.16980,0.16881,0.17572,0.17802,0.17013,0.02607,0.02870,0.02903,0.02968,0.03133,-53.36019,3686.00000
0.18591,0.19512,0.18460,0.18591,0.19249,0.17243,0.17769,0.17243,0.17177,0.17506,0.03034,0.02804,0.02936,0.03265,0.03199,-52.82267,3687.00000
0.19150,0.19150,0.18098,0.19249,0.18953,0.17342,0.17144,0.17243,0.17440,0.17374,0.03133,0.03067,0.03100,0.03100,0.02508,-52.82267,3688.00000
0.18854,0.18822,0.19019,0.18854,0.19249,0.17374,0.17374,0.17276,0.17309,0.17309,0.02903,0.02607,0.02640,0.02771,0.02804,-52.54415,3689.00000
0.18723,0.18920,0.19118,0.19183,0.18789,0.16717,0.17177,0.17013,0.17407,0.17276,0.02903,0.02936,0.02968,0.02903,0.02837,-52.54415,3690.00000
0.18657,0.19216,0.18953,0.19019,0.18558,0.17835,0.17539,0.17374,0.17276,0.17440,0.03067,0.03034,0.02837,0.03232,0.03001,-52.03623,3691.00000
0.17670,0.18986,0.18789,0.18986,0.19052,0.17605,0.16914,0.17605,0.16947,0.16947,0.02870,0.03297,0.02870,0.03232,0.02936,-52.03623,3692.00000
0.18460,0.19282,0.18394,0.19019,0.19052,0.17572,0.17440,0.17276,0.17670,0.17276,0.02574,0.03133,0.03265,0.02804,0.02936,-51.79204,3693.00000
0.18756,0.18756,0.18986,0.19118,0.19644,0.17802,0.17374,0.17210,0.17309,0.17309,0.03067,0.03100,0.03133,0.03100,0.03330,-51.79204,3694.00000
0.18591,0.19249,0.18953,0.18756,0.19315,0.17243,0.17144,0.17243,0.17539,0.17276,0.03001,0.02903,0.03297,0.02804,0.03232,-49.44094,3695.00000
0.18493,0.19512,0.18953,0.18723,0.19118,0.17868,0.17013,0.17605,0.17144,0.16881,0.03232,0.02968,0.03297,0.02870,0.03232,-49.44094,3696.00000
0.18789,0.18822,0.19183,0.18460,0.19085,0.17506,0.16914,0.17638,0.17670,0.16848,0.02903,0.02705,0.03363,0.03100,0.02936,-47.85035,3697.00000
0.19249,0.18558,0.18328,0.18986,0.18822,0.17144,0.16980,0.17243,0.17670,0.17342,0.03495,0.03034,0.02936,0.03528,0.03034,-47.85035,3698.00000
0.18394,0.19315,0.19085,0.18591,0.19118,0.17374,0.17440,0.17210,0.17506,0.17572,0.02738,0.03100,0.03034,0.03133,0.02738,-48.02430,3699.00000
0.18624,0.18854,0.18624,0.18986,0.18591,0.17506,0.17276,0.17473,0.17342,0.17539,0.02738,0.03100,0.02672,0.03133,0.02508,-48.02430,3700.00000
0.18789,0.19052,0.19381,0.18723,0.19545,0.17440,0.17572,0.17144,0.16947,0.17342,0.02936,0.02903,0.03100,0.03034,0.03133,-50.16693,3701.00000
0.18460,0.19216,0.18887,0.19710,0.18723,0.17210,0.17407,0.17276,0.17276,0.16815,0.03067,0.02705,0.03199,0.02903,0.03133,-50.16693,3702.00000
0.18953,0.18953,0.19052,0.18493,0.19118,0.17045,0.17736,0.17473,0.17539,0.17276,0.02771,0.03265,0.03067,0.03001,0.03199,-52.01462,3703.00000
0.18493,0.19446,0.18887,0.19249,0.19315,0.17276,0.17440,0.17703,0.17276,0.17243,0.03067,0.03067,0.03001,0.03133,0.02903,-52.01462,3704.00000
0.18822,0.18986,0.19446,0.19216,0.19216,0.17243,0.17374,0.17276,0.17605,0.17045,0.03034,0.03133,0.03199,0.03330,0.02771,-53.08983,3705.00000
0.18854,0.19052,0.18394,0.18657,0.19249,0.17407,0.17210,0.17440,0.16980,0.17276,0.03034,0.03199,0.02903,0.03133,0.03067,-53.08983,3706.00000
0.18986,0.18854,0.19019,0.19315,0.18098,0.17210,0.17407,0.17605,0.17078,0.17243,0.03100,0.02640,0.02738,0.02837,0.03034,-53.44677,3707.00000
0.19348,0.18723,0.19578,0.18657,0.19414,0.17276,0.17342,0.17605,0.17703,0.17111,0.03297,0.03067,0.02936,0.02771,0.02936,-53.44677,3708.00000
0.18822,0.19216,0.19019,0.18756,0.18591,0.17111,0.17045,0.17506,0.17342,0.17440,0.02705,0.02705,0.03034,0.02936,0.03100,-52.63403,3709.00000
0.19019,0.18591,0.19644,0.18789,0.18953,0.17210,0.17210,0.17506,0.17605,0.17210,0.03297,0.03133,0.02936,0.03199,0.02837,-52.63403,3710.00000
0.18854,0.18690,0.18953,0.18854,0.18690,0.17111,0.16947,0.17342,0.17440,0.17210,0.02837,0.02738,0.03067,0.02870,0.03034,-52.82580,3711.00000
0.18624,0.18690,0.18558,0.18657,0.19216,0.17539,0.17374,0.17473,0.17309,0.17309,0.02968,0.02936,0.03462,0.03133,0.03396,-52.82580,3712.00000
0.18657,0.18920,0.19216,0.18887,0.18986,0.16947,0.17078,0.17078,0.17276,0.16914,0.03232,0.03001,0.03100,0.02837,0.03001,-52.34308,3713.00000
0.18854,0.18789,0.18756,0.18789,0.19085,0.17210,0.16848,0.17144,0.17342,0.17506,0.03297,0.03166,0.03034,0.02903,0.02705,-52.34308,3714.00000
0.18558,0.18624,0.18920,0.19282,0.19216,0.17111,0.17210,0.17506,0.17013,0.17177,0.03034,0.02903,0.03265,0.03199,0.02771,-52.28482,3715.00000
0.18723,0.18887,0.19216,0.18789,0.18756,0.16947,0.17309,0.17342,0.16947,0.17144,0.02541,0.02771,0.02903,0.03133,0.03462,-52.28482,3716.00000
0.19282,0.18460,0.19249,0.19085,0.18361,0.16914,0.17210,0.17374,0.17243,0.17045,0.03001,0.03067,0.03133,0.03034,0.03297,-53.07845,3717.00000
0.19052,0.18690,0.19085,0.19052,0.18822,0.17177,0.17835,0.17045,0.17309,0.17670,0.02936,0.03429,0.02968,0.03067,0.03067,-53.07845,3718.00000
0.19348,0.18854,0.18591,0.18887,0.18328,0.17210,0.16848,0.17605,0.17210,0.17407,0.02804,0.03265,0.02771,0.02541,0.03133,-52.43522,3719.00000
0.19282,0.18887,0.19019,0.19282,0.18854,0.17144,0.17506,0.17374,0.17342,0.16881,0.02870,0.03100,0.02936,0.03001,0.03034,-52.43522,3720.00000
0.19183,0.18591,0.18822,0.18854,0.18986,0.17078,0.17243,0.16782,0.17276,0.17572,0.02804,0.03100,0.03034,0.02705,0.03166,-52.45052,3721.00000
0.19085,0.18690,0.18624,0.18558,0.18460,0.17638,0.17144,0.17769,0.16914,0.17111,0.03265,0.03034,0.02738,0.03034,0.03034,-52.45052,3722.00000
0.18690,0.18657,0.18723,0.19085,0.18723,0.17605,0.17210,0.17539,0.17572,0.17276,0.02968,0.02771,0.03100,0.03034,0.02640,-52.43376,3723.00000
0.18295,0.18920,0.18887,0.18854,0.18756,0.17572,0.17342,0.17078,0.17407,0.17605,0.02672,0.02837,0.02968,0.03133,0.02936,-52.43376,3724.00000
0.19282,0.18690,0.18953,0.18591,0.19282,0.17210,0.17276,0.17276,0.17736,0.16947,0.03067,0.02837,0.03067,0.03265,0.03166,-53.08944,3725.00000
0.18854,0.18920,0.18262,0.18756,0.18657,0.17309,0.17407,0.16815,0.17703,0.17144,0.02870,0.03297,0.03100,0.03297,0.02771,-53.08944,3726.00000
0.19118,0.18460,0.19315,0.18723,0.18789,0.17013,0.17045,0.17407,0.17309,0.17407,0.02640,0.03232,0.02607,0.02870,0.03067,-53.38310,3727.00000
0.19118,0.18526,0.19118,0.19216,0.18986,0.17111,0.17506,0.17966,0.17342,0.17572,0.02903,0.02936,0.02870,0.02837,0.03001,-53.38310,3728.00000
0.18756,0.19019,0.18624,0.18361,0.18887,0.17045,0.17440,0.16848,0.17605,0.17177,0.02705,0.02968,0.02968,0.02804,0.02738,-53.80825,3729.00000
0.18624,0.19052,0.19019,0.18854,0.18756,0.17276,0.17342,0.17473,0.17045,0.16980,0.03067,0.02508,0.02804,0.03166,0.03001,-53.80825,3730.00000
0.19118,0.19183,0.18789,0.18953,0.18723,0.17243,0.17276,0.17309,0.17835,0.17045,0.03199,0.02903,0.02771,0.02936,0.02738,-54.76789,3731.00000
0.18427,0.19118,0.18887,0.18657,0.18558,0.17309,0.16848,0.17111,0.17078,0.17243,0.02672,0.02870,0.02804,0.02804,0.02672,-54.76789,3732.00000
0.18328,0.18822,0.18822,0.18558,0.18789,0.17440,0.16684,0.17177,0.17539,0.17539,0.03133,0.03330,0.02738,0.03001,0.02903,-54.79361,3733.00000
0.18624,0.18953,0.18953,0.18230,0.19282,0.17572,0.17473,0.17177,0.17013,0.18032,0.02640,0.03396,0.02442,0.02837,0.02574,-54.79361,3734.00000
0.19512,0.19150,0.19348,0.18328,0.19085,0.17276,0.17078,0.17144,0.17276,0.17111,0.03001,0.03100,0.03199,0.02738,0.03001,-53.93489,3735.00000
0.19183,0.18657,0.18789,0.18822,0.19052,0.17309,0.17111,0.17111,0.16947,0.17342,0.02804,0.03067,0.03001,0.02672,0.03166,-53.93489,3736.00000
0.18920,0.18427,0.18098,0.19183,0.18920,0.17572,0.17473,0.17013,0.17177,0.17111,0.03232,0.03133,0.03067,0.03232,0.02574,-53.55924,3737.00000
0.18032,0.18854,0.18427,0.18986,0.19052,0.16914,0.17276,0.17111,0.17276,0.17078,0.02771,0.02903,0.02738,0.03297,0.02672,-53.55924,3738.00000
0.18822,0.18526,0.18789,0.18920,0.18887,0.17013,0.17243,0.17440,0.17309,0.17013,0.03034,0.02903,0.03034,0.03100,0.02837,-52.69515,3739.00000
0.18295,0.18394,0.19216,0.18887,0.18789,0.17210,0.17506,0.17078,0.17078,0.17407,0.03067,0.02837,0.02870,0.03199,0.02936,-52.69515,3740.00000
0.19611,0.19578,0.18920,0.18756,0.19216,0.17177,0.17473,0.17210,0.17440,0.17144,0.02870,0.02903,0.02837,0.03133,0.03067,-52.51701,3741.00000
0.18953,0.18723,0.18723,0.19052,0.19216,0.17473,0.17309,0.17177,0.16881,0.17078,0.02968,0.03100,0.02903,0.03100,0.02640,-52.51701,3742.00000
0.19446,0.18920,0.19052,0.18953,0.18624,0.16914,0.16815,0.17177,0.17243,0.17703,0.02936,0.02968,0.02968,0.03034,0.03133,-52.54513,3743.00000
0.19019,0.19085,0.18690,0.18558,0.18328,0.17506,0.17243,0.17868,0.17045,0.17506,0.02738,0.03034,0.02936,0.02968,0.02870,-52.54513,3744.00000
0.19118,0.19348,0.18197,0.19052,0.18558,0.17276,0.17078,0.17243,0.17342,0.17177,0.03363,0.03232,0.02738,0.02936,0.02903,-52.81065,3745.00000
0.18789,0.18723,0.18887,0.18920,0.19150,0.17045,0.16881,0.16881,0.16980,0.17374,0.02640,0.03199,0.03067,0.02936,0.02837,-52.81065,3746.00000
0.18854,0.18986,0.18953,0.19085,0.18953,0.17736,0.17078,0.16980,0.17210,0.17078,0.02936,0.03100,0.03067,0.03265,0.03363,-52.62847,3747.00000
0.18789,0.19150,0.18230,0.19216,0.18887,0.17144,0.17309,0.17013,0.17177,0.16717,0.03034,0.02968,0.02968,0.02968,0.03232,-52.62847,3748.00000
0.18427,0.18756,0.17901,0.19216,0.18789,0.17407,0.17342,0.17440,0.17210,0.17013,0.03330,0.03100,0.03067,0.02968,0.03166,-52.80593,3749.00000
0.18526,0.19216,0.18920,0.18920,0.18690,0.17045,0.16947,0.16552,0.17276,0.17276,0.02738,0.02870,0.02870,0.02968,0.03034,-52.80593,3750.00000
0.18953,0.19512,0.18822,0.19249,0.18887,0.16881,0.17243,0.16782,0.16815,0.17605,0.03495,0.03034,0.03363,0.03067,0.02837,-53.58558,3751.00000
0.18065,0.18723,0.19578,0.18756,0.18986,0.17078,0.17374,0.17243,0.17013,0.17210,0.03396,0.02837,0.02672,0.03528,0.03067,-53.58558,3752.00000
0.18756,0.17934,0.19479,0.18657,0.19512,0.17177,0.17177,0.17210,0.17276,0.17243,0.03363,0.03297,0.03330,0.03067,0.03659,-52.95734,3753.00000
0.19479,0.19019,0.18756,0.18887,0.18690,0.17407,0.17078,0.17539,0.17111,0.17506,0.02870,0.03034,0.02968,0.03100,0.02903,-52.95734,3754.00000
0.19216,0.19052,0.18986,0.18887,0.18591,0.16980,0.17045,0.17407,0.17276,0.17638,0.02903,0.03166,0.03166,0.03133,0.02804,-54.28141,3755.00000
0.18493,0.18822,0.18690,0.19183,0.18295,0.17309,0.17605,0.17342,0.17013,0.17342,0.03001,0.02968,0.02903,0.03001,0.03199,-54.28141,3756.00000
0.18756,0.18624,0.18460,0.19874,0.18394,0.16815,0.17539,0.17144,0.16749,0.17342,0.02968,0.03034,0.02936,0.02968,0.03034,-55.42439,3757.00000
0.18822,0.18887,0.18526,0.18690,0.19183,0.17605,0.16980,0.17342,0.17276,0.17407,0.03265,0.03001,0.03001,0.02903,0.03067,-55.42439,3758.00000
0.18427,0.19019,0.19019,0.18690,0.18657,0.17045,0.17078,0.17407,0.17407,0.17210,0.02870,0.03067,0.03232,0.02837,0.03067,-54.64091,3759.00000
0.18887,0.18953,0.18690,0.18131,0.18723,0.17342,0.17210,0.17638,0.17243,0.17539,0.03034,0.02574,0.03100,0.03001,0.02771,-54.64091,3760.00000
0.18986,0.19085,0.18460,0.18624,0.19052,0.17078,0.17703,0.17078,0.16848,0.16881,0.02870,0.03067,0.03199,0.03199,0.02640,-54.31020,3761.00000
0.18427,0.19315,0.18657,0.18822,0.18789,0.17572,0.17374,0.16947,0.17539,0.17111,0.03133,0.02837,0.03067,0.03232,0.02870,-54.31020,3762.00000
0.19118,0.18854,0.19052,0.18953,0.18624,0.16914,0.17473,0.17309,0.17111,0.17177,0.03363,0.02705,0.03034,0.02672,0.02738,-54.68684,3763.00000
0.18493,0.18953,0.18690,0.18789,0.18361,0.17473,0.17210,0.17078,0.16980,0.17144,0.02837,0.03265,0.02541,0.02903,0.03297,-54.68684,3764.00000
0.18624,0.18723,0.18854,0.19150,0.19085,0.16848,0.17210,0.17045,0.17407,0.16749,0.02936,0.03166,0.03001,0.02968,0.02804,-54.27457,3765.00000
0.19052,0.18854,0.18526,0.19348,0.18394,0.17572,0.17309,0.17177,0.17045,0.17309,0.03133,0.02870,0.02837,0.03034,0.03232,-54.27457,3766.00000
0.18624,0.18460,0.18394,0.18657,0.19019,0.17078,0.16914,0.17342,0.16815,0.17703,0.02409,0.03034,0.02837,0.03034,0.03166,-53.09432,3767.00000
0.18789,0.18920,0.18822,0.18887,0.18854,0.16848,0.17111,0.17407,0.17407,0.17243,0.02968,0.03133,0.03166,0.03034,0.03199,-53.09432,3768.00000
0.18657,0.18953,0.19052,0.19118,0.18854,0.17111,0.17638,0.17078,0.17605,0.16980,0.03330,0.02903,0.02640,0.03297,0.03067,-52.45048,3769.00000
0.18526,0.18822,0.18887,0.18953,0.18953,0.17440,0.16947,0.17013,0.17342,0.17309,0.03133,0.02804,0.02936,0.03100,0.02936,-52.45048,3770.00000
0.18624,0.18854,0.18723,0.18558,0.18854,0.17605,0.17638,0.17210,0.17342,0.17572,0.02804,0.03232,0.02936,0.03034,0.02870,-52.65346,3771.00000
0.19282,0.18690,0.18328,0.18657,0.19019,0.17243,0.17144,0.17342,0.17572,0.16618,0.03133,0.03067,0.03330,0.03363,0.03429,-52.65346,3772.00000
0.19150,0.18756,0.19052,0.18591,0.18624,0.16914,0.17177,0.17144,0.17243,0.17276,0.03001,0.03100,0.03166,0.02804,0.03297,-52.23249,3773.00000
0.18657,0.19019,0.19315,0.18723,0.18493,0.17670,0.17440,0.17177,0.17111,0.17309,0.03001,0.03034,0.02837,0.03166,0.03100,-52.23249,3774.00000
0.18493,0.17999,0.18854,0.19381,0.18230,0.17144,0.17342,0.17243,0.17111,0.17144,0.02771,0.02804,0.02968,0.02936,0.03067,-51.91459,3775.00000
0.19052,0.18361,0.19052,0.19150,0.18526,0.16947,0.17177,0.17638,0.17111,0.17473,0.02968,0.03232,0.03199,0.03133,0.03100,-51.91459,3776.00000
0.19150,0.18394,0.18789,0.18230,0.18887,0.17111,0.17111,0.17342,0.17309,0.17309,0.03199,0.02771,0.03166,0.02968,0.02936,-52.74440,3777.00000
0.18953,0.18328,0.18427,0.19118,0.18624,0.16782,0.17210,0.17440,0.17177,0.16486,0.02903,0.03166,0.02968,0.03528,0.02870,-52.74440,3778.00000
0.19249,0.18986,0.18131,0.18756,0.18394,0.17374,0.17440,0.17407,0.17276,0.17703,0.03528,0.03166,0.03166,0.03001,0.03133,-53.38392,3779.00000
0.18822,0.18591,0.19052,0.18526,0.18920,0.16947,0.17013,0.17243,0.17506,0.17276,0.02903,0.03363,0.03363,0.02672,0.02738,-53.38392,3780.00000
0.17999,0.18657,0.18460,0.18986,0.19019,0.17177,0.17045,0.17539,0.17342,0.16980,0.02903,0.03166,0.03363,0.02870,0.02968,-53.58893,3781.00000
0.18690,0.19052,0.18887,0.18526,0.18065,0.17769,0.17374,0.17111,0.17374,0.17703,0.03363,0.02705,0.02903,0.02804,0.03100,-53.58893,3782.00000
0.19150,0.18394,0.18887,0.18789,0.18591,0.17045,0.17638,0.17309,0.17276,0.17309,0.02870,0.02870,0.03034,0.03297,0.03199,-54.27494,3783.00000
0.19216,0.18723,0.18789,0.19052,0.18789,0.17769,0.17440,0.17506,0.17309,0.17506,0.03034,0.03100,0.02607,0.02936,0.03265,-54.27494,3784.00000
0.18164,0.19118,0.18427,0.19282,0.18789,0.17309,0.17440,0.17013,0.17736,0.16717,0.02968,0.03034,0.03067,0.03034,0.02607,-53.91969,3785.00000
0.18657,0.18558,0.18624,0.18986,0.18131,0.17144,0.16815,0.17539,0.17111,0.17177,0.03034,0.03265,0.02903,0.03100,0.02574,-53.91969,3786.00000
0.18822,0.18690,0.18822,0.18854,0.18690,0.16782,0.16980,0.17177,0.17473,0.17144,0.02771,0.03034,0.02738,0.03100,0.03067,-54.81141,3787.00000
0.18920,0.18690,0.18986,0.19052,0.18427,0.16947,0.16947,0.17111,0.16782,0.17407,0.03067,0.02903,0.03034,0.02804,0.03166,-54.81141,3788.00000
0.18361,0.19183,0.18624,0.19479,0.18591,0.17144,0.17572,0.17243,0.17210,0.16914,0.02738,0.03297,0.02936,0.03232,0.03001,-53.54096,3789.00000
0.19118,0.18723,0.18953,0.18460,0.19282,0.17506,0.17473,0.17210,0.17243,0.17670,0.03166,0.02738,0.03100,0.03232,0.03297,-53.54096,3790.00000
0.18756,0.18822,0.18690,0.19249,0.19150,0.17210,0.17407,0.17572,0.17473,0.17078,0.03067,0.02870,0.02837,0.03199,0.03166,-53.34763,3791.00000
0.18164,0.18920,0.19085,0.18558,0.18493,0.17440,0.17276,0.17177,0.16914,0.17276,0.03133,0.03034,0.03199,0.02968,0.03133,-53.34763,3792.00000
0.18493,0.18789,0.18789,0.18558,0.18887,0.17374,0.17440,0.17309,0.16947,0.17309,0.03363,0.03265,0.02903,0.03133,0.02968,-52.24510,3793.00000
0.18262,0.18887,0.19282,0.17901,0.19216,0.17243,0.17440,0.17440,0.17539,0.16782,0.03166,0.03363,0.03034,0.02968,0.03001,-52.24510,3794.00000
0.19315,0.18887,0.18723,0.19052,0.19052,0.17670,0.17243,0.17111,0.17243,0.16980,0.02738,0.02771,0.03133,0.02936,0.02738,-52.37988,3795.00000
0.19249,0.18756,0.18723,0.18328,0.18526,0.17177,0.17638,0.17243,0.17440,0.17078,0.02771,0.02903,0.03067,0.02804,0.03199,-52.37988,3796.00000
0.19348,0.18526,0.18723,0.19216,0.18854,0.17078,0.17177,0.17605,0.17210,0.17670,0.02804,0.03199,0.02771,0.03330,0.03265,-52.56201,3797.00000
0.18624,0.17966,0.18558,0.18953,0.18394,0.17276,0.16618,0.16881,0.17572,0.17605,0.03100,0.03561,0.02804,0.03067,0.03100,-52.56201,3798.00000
0.19118,0.18427,0.18986,0.18822,0.19019,0.17111,0.17144,0.16749,0.16815,0.17276,0.02968,0.03133,0.02968,0.03067,0.02837,-53.35864,3799.00000
0.18887,0.18657,0.18657,0.18887,0.18526,0.17374,0.17407,0.16881,0.17440,0.17144,0.03067,0.03363,0.02903,0.03330,0.03166,-53.35864,3800.00000
0.18262,0.19052,0.18953,0.19150,0.18723,0.17506,0.17407,0.17045,0.17243,0.16749,0.02936,0.03495,0.03034,0.03034,0.02968,-52.67541,3801.00000
0.17999,0.19183,0.18920,0.18953,0.19183,0.17276,0.17506,0.17276,0.16618,0.17407,0.03100,0.03100,0.02804,0.02968,0.02968,-52.67541,3802.00000
0.18328,0.19315,0.18262,0.18789,0.18789,0.17473,0.17144,0.17342,0.17309,0.16815,0.03232,0.02968,0.03166,0.03232,0.03199,-53.08087,3803.00000
0.18920,0.18887,0.19019,0.19183,0.18723,0.17144,0.17407,0.17210,0.16782,0.16815,0.03100,0.02771,0.03232,0.02936,0.03133,-53.08087,3804.00000
0.18493,0.19150,0.18789,0.18986,0.18953,0.17670,0.17210,0.16980,0.16651,0.17177,0.03232,0.03232,0.02936,0.03067,0.03166,-53.09073,3805.00000
0.18460,0.19282,0.18427,0.19282,0.18920,0.17078,0.17407,0.17473,0.16848,0.17177,0.03330,0.02870,0.02738,0.02968,0.02771,-53.09073,3806.00000
0.18624,0.18953,0.19183,0.19052,0.18558,0.17111,0.16881,0.17506,0.17473,0.17407,0.02640,0.02936,0.02870,0.03593,0.03133,-53.32027,3807.00000
0.18657,0.18394,0.18624,0.18624,0.19052,0.17440,0.17111,0.17177,0.17407,0.17276,0.02607,0.03100,0.03034,0.02968,0.03001,-53.32027,3808.00000
0.18887,0.18262,0.18723,0.18789,0.19085,0.16914,0.17342,0.17473,0.16947,0.17013,0.03067,0.03100,0.03100,0.02705,0.03297,-53.43015,3809.00000
0.19348,0.18230,0.18558,0.18854,0.18657,0.17309,0.17539,0.17045,0.17473,0.17572,0.02968,0.03297,0.03067,0.03001,0.03166,-53.43015,3810.00000
0.18558,0.19381,0.18690,0.18624,0.18262,0.17506,0.16684,0.17078,0.17078,0.17309,0.03593,0.02804,0.03034,0.02903,0.03001,-54.00023,3811.00000
0.19315,0.19052,0.19118,0.18920,0.18624,0.17605,0.17605,0.17506,0.17407,0.16947,0.02574,0.02968,0.02903,0.02903,0.03067,-54.00023,3812.00000
0.19381,0.19315,0.18822,0.18197,0.19315,0.17374,0.17144,0.17045,0.17243,0.17177,0.02968,0.03166,0.03001,0.03232,0.02837,-54.77355,3813.00000
0.19282,0.19118,0.18920,0.18854,0.18854,0.17276,0.17539,0.17670,0.16980,0.17243,0.03133,0.02541,0.03330,0.03462,0.03034,-54.77355,3814.00000
0.18657,0.18789,0.18920,0.18558,0.18230,0.17177,0.16618,0.17243,0.17276,0.17703,0.03067,0.02640,0.03100,0.02738,0.02837,-54.30816,3815.00000
0.18822,0.18854,0.18986,0.18690,0.19282,0.17506,0.17243,0.17078,0.16947,0.17210,0.03001,0.02936,0.03199,0.02903,0.03067,-54.30816,3816.00000
0.18230,0.18262,0.19019,0.18394,0.18854,0.17309,0.17605,0.17045,0.17078,0.17572,0.02771,0.02705,0.03034,0.02738,0.03561,-54.69559,3817.00000
0.19282,0.18394,0.19249,0.18493,0.18427,0.17243,0.17309,0.17374,0.17539,0.17506,0.02936,0.03166,0.03034,0.02870,0.03232,-54.69559,3818.00000
0.18624,0.18920,0.18986,0.18723,0.19315,0.16881,0.17473,0.17243,0.17276,0.17407,0.02837,0.03001,0.03067,0.03265,0.02936,-53.89809,3819.00000
0.18789,0.18986,0.19118,0.18361,0.18558,0.17177,0.16881,0.17243,0.17045,0.17440,0.03199,0.02903,0.02936,0.02804,0.03363,-53.89809,3820.00000
0.18361,0.19414,0.18394,0.18197,0.19249,0.17013,0.17374,0.17309,0.16947,0.16914,0.02936,0.02870,0.02837,0.03166,0.02804,-53.73371,3821.00000
0.19085,0.18953,0.18756,0.18558,0.18558,0.17210,0.17374,0.17539,0.17473,0.17144,0.02771,0.02738,0.02870,0.02968,0.03067,-53.73371,3822.00000
0.18394,0.18854,0.18690,0.18526,0.17736,0.17670,0.16980,0.17374,0.17210,0.17374,0.02705,0.03001,0.03297,0.02870,0.03166,-52.83365,3823.00000
0.19315,0.18920,0.18986,0.18953,0.18624,0.17342,0.17374,0.17111,0.17769,0.17407,0.02903,0.03133,0.02837,0.03232,0.03297,-52.83365,3824.00000
0.18164,0.18558,0.18526,0.18723,0.18789,0.17539,0.17013,0.16914,0.17243,0.17440,0.03199,0.03067,0.03232,0.03100,0.03034,-52.50813,3825.00000
0.19019,0.18460,0.18854,0.19183,0.18624,0.17605,0.17144,0.16552,0.17407,0.17309,0.03199,0.02968,0.03297,0.03429,0.03199,-52.50813,3826.00000
0.18493,0.18624,0.18657,0.19249,0.18723,0.17638,0.17407,0.17769,0.17045,0.17309,0.02936,0.02936,0.02968,0.03265,0.03396,-52.52848,3827.00000
0.19249,0.19183,0.18526,0.18920,0.18789,0.17506,0.17506,0.17210,0.17045,0.17276,0.03297,0.03429,0.03034,0.02903,0.03199,-52.52848,3828.00000
0.18394,0.19315,0.18591,0.18920,0.19150,0.16848,0.17605,0.16914,0.17078,0.17572,0.03001,0.02936,0.03133,0.02903,0.02968,-52.73153,3829.00000
0.19019,0.19348,0.18723,0.19052,0.19052,0.17078,0.17638,0.17210,0.17440,0.17473,0.02936,0.02870,0.03363,0.02903,0.03133,-52.73153,3830.00000
0.18591,0.18657,0.19085,0.18789,0.18690,0.17703,0.17177,0.17440,0.17473,0.18164,0.03265,0.03133,0.03100,0.02738,0.03034,-52.44975,3831.00000
0.19249,0.18953,0.17999,0.18986,0.18723,0.17473,0.17013,0.17276,0.17670,0.17144,0.03001,0.02804,0.02968,0.02837,0.03100,-52.44975,3832.00000
0.18328,0.18526,0.19183,0.18756,0.19315,0.17539,0.17638,0.17111,0.16848,0.17210,0.03297,0.03297,0.02936,0.02837,0.02870,-52.10378,3833.00000
0.18854,0.18953,0.19315,0.18262,0.19019,0.17440,0.17045,0.17177,0.17374,0.17210,0.03034,0.03034,0.03396,0.03232,0.02968,-52.10378,3834.00000
0.18854,0.18657,0.18723,0.18657,0.18690,0.16848,0.17276,0.17078,0.17111,0.17144,0.03232,0.02968,0.02771,0.03429,0.03265,-52.84388,3835.00000
0.18427,0.19249,0.18493,0.18887,0.18854,0.17407,0.17045,0.17078,0.17078,0.17736,0.03067,0.03100,0.03133,0.03199,0.03001,-52.84388,3836.00000
0.18394,0.19150,0.18789,0.18591,0.18690,0.17407,0.16980,0.17078,0.17572,0.17013,0.02640,0.02672,0.02870,0.02804,0.02771,-53.44587,3837.00000
0.19052,0.18920,0.18723,0.18493,0.18690,0.17078,0.17407,0.17078,0.16717,0.17342,0.02672,0.03265,0.03265,0.03232,0.02771,-53.44587,3838.00000
0.18756,0.18394,0.19282,0.18756,0.18887,0.16914,0.17013,0.16980,0.17342,0.16749,0.02968,0.03067,0.03100,0.03133,0.03133,-54.26200,3839.00000
0.18657,0.18690,0.18624,0.18526,0.18887,0.17243,0.16881,0.17670,0.17802,0.17177,0.03199,0.03100,0.03034,0.03067,0.03429,-54.26200,3840.00000
0.18493,0.18854,0.18657,0.18822,0.18723,0.17177,0.17342,0.17144,0.17111,0.16914,0.03232,0.03100,0.03001,0.02771,0.03034,-54.33559,3841.00000
0.18197,0.18657,0.18756,0.18526,0.18887,0.16749,0.17309,0.16618,0.17342,0.17440,0.03166,0.03330,0.03232,0.02804,0.02837,-54.33559,3842.00000
0.18657,0.19183,0.19216,0.18657,0.18032,0.17078,0.16914,0.17078,0.17309,0.17144,0.02968,0.02705,0.02804,0.03067,0.03265,-54.62141,3843.00000
0.18723,0.18624,0.17999,0.18756,0.18624,0.17342,0.17243,0.17177,0.17506,0.17177,0.03199,0.03133,0.03232,0.03166,0.03199,-54.62141,3844.00000
0.18887,0.18887,0.18197,0.18690,0.18887,0.17243,0.16914,0.17177,0.17835,0.16947,0.02936,0.03528,0.02936,0.03067,0.02936,-54.51773,3845.00000
0.18789,0.18493,0.19545,0.18131,0.18558,0.17309,0.17539,0.17243,0.16749,0.17111,0.03034,0.03462,0.03166,0.03034,0.03232,-54.51773,3846.00000
0.18427,0.18526,0.17999,0.18526,0.18723,0.17045,0.17078,0.16881,0.17473,0.17144,0.03265,0.03495,0.03034,0.03166,0.02936,-53.61385,3847.00000
0.19414,0.19085,0.18854,0.18789,0.18526,0.17111,0.17276,0.17276,0.16914,0.16914,0.03265,0.03232,0.03330,0.03100,0.03330,-53.61385,3848.00000
0.18822,0.18427,0.18131,0.18197,0.18591,0.17473,0.17407,0.17506,0.17144,0.17111,0.02771,0.02903,0.03265,0.02968,0.03265,-53.39140,3849.00000
0.18493,0.19019,0.19019,0.18986,0.18591,0.17210,0.17276,0.17276,0.17243,0.17473,0.03034,0.02705,0.03001,0.02870,0.03100,-53.39140,3850.00000
0.18427,0.18624,0.18887,0.18789,0.19216,0.17572,0.17703,0.17473,0.17045,0.17144,0.03067,0.03034,0.03034,0.03429,0.02936,-53.05312,3851.00000
0.18197,0.18822,0.18690,0.19414,0.18690,0.17407,0.17177,0.17539,0.17407,0.16914,0.02903,0.02903,0.03067,0.02837,0.03034,-53.05312,3852.00000
0.19381,0.18920,0.18558,0.19710,0.18591,0.17276,0.16914,0.17276,0.17342,0.17342,0.03133,0.02968,0.03232,0.03067,0.02936,-52.27607,3853.00000
0.19019,0.18361,0.18723,0.18032,0.19118,0.17374,0.17045,0.16848,0.17243,0.17407,0.03133,0.03067,0.02804,0.03001,0.03166,-52.27607,3854.00000
0.18164,0.19052,0.19118,0.18262,0.18361,0.16914,0.17605,0.17243,0.17506,0.17309,0.03034,0.02837,0.02672,0.02968,0.03363,-52.51255,3855.00000
0.18460,0.18756,0.18756,0.18460,0.18789,0.16848,0.17506,0.16749,0.17177,0.16717,0.03265,0.02672,0.03265,0.03330,0.03133,-52.51255,3856.00000
0.18526,0.19019,0.18690,0.18789,0.18328,0.17013,0.16947,0.17210,0.17111,0.16881,0.02936,0.03330,0.02705,0.02968,0.03429,-51.31487,3857.00000
0.18789,0.19644,0.18624,0.18394,0.18723,0.17210,0.17144,0.17243,0.16848,0.17045,0.03330,0.03100,0.03133,0.03034,0.03067,-51.31487,3858.00000
0.18920,0.17802,0.18394,0.18361,0.18230,0.17506,0.17374,0.16914,0.17078,0.17342,0.03100,0.03100,0.03001,0.02738,0.02936,-53.40402,3859.00000
0.18591,0.19446,0.18657,0.18756,0.19183,0.17703,0.17473,0.17013,0.17473,0.17045,0.03001,0.02870,0.02968,0.03001,0.03001,-53.40402,3860.00000
0.19183,0.18854,0.18427,0.19019,0.18887,0.17440,0.17210,0.17045,0.17210,0.17506,0.03001,0.03330,0.03034,0.03034,0.03034,-53.35240,3861.00000
0.18493,0.18295,0.18854,0.18756,0.18723,0.17210,0.16881,0.17210,0.16914,0.17342,0.03067,0.03133,0.03034,0.03001,0.03232,-53.35240,3862.00000
0.18789,0.18295,0.18756,0.18690,0.18361,0.17045,0.17210,0.16914,0.16388,0.16980,0.03561,0.03429,0.03396,0.03166,0.03330,-53.25579,3863.00000
0.18953,0.19348,0.18657,0.18591,0.18723,0.17506,0.17144,0.17276,0.17407,0.17407,0.02574,0.03034,0.03001,0.03001,0.02541,-53.25579,3864.00000
0.18986,0.18789,0.18657,0.18065,0.19479,0.16947,0.17144,0.17210,0.17407,0.17210,0.03067,0.02903,0.02936,0.03100,0.03100,-53.72506,3865.00000
0.18920,0.18723,0.18690,0.18624,0.18624,0.17013,0.16848,0.17572,0.17342,0.16749,0.03100,0.02903,0.02837,0.03100,0.03034,-53.72506,3866.00000
0.19118,0.18262,0.18493,0.18394,0.18953,0.17440,0.17374,0.17802,0.17342,0.17342,0.02804,0.03034,0.03100,0.02870,0.03429,-54.79222,3867.00000
0.18624,0.18427,0.19150,0.17934,0.19052,0.17342,0.17572,0.16815,0.17177,0.17243,0.03100,0.02475,0.03067,0.03133,0.03199,-54.79222,3868.00000
0.18295,0.19085,0.18624,0.18887,0.18789,0.17736,0.17078,0.17177,0.17473,0.17210,0.03528,0.02968,0.02936,0.02672,0.03199,-55.11584,3869.00000
0.18558,0.18526,0.19150,0.18230,0.18065,0.17045,0.16881,0.16618,0.17342,0.17078,0.02968,0.03001,0.02968,0.03232,0.03166,-55.11584,3870.00000
0.19282,0.18624,0.18953,0.19282,0.18887,0.17013,0.16881,0.17013,0.17210,0.16848,0.02837,0.02607,0.03100,0.03034,0.03199,-55.07257,3871.00000
0.19183,0.18789,0.18986,0.18887,0.19183,0.16914,0.17243,0.17440,0.17243,0.17210,0.02837,0.02870,0.02968,0.02903,0.03199,-55.07257,3872.00000
0.18887,0.18657,0.18131,0.18690,0.19183,0.17144,0.17473,0.17703,0.16947,0.17111,0.03034,0.03034,0.03232,0.03133,0.03330,-54.25503,3873.00000
0.18131,0.19249,0.18920,0.18986,0.19118,0.17342,0.17539,0.17506,0.17473,0.16980,0.02968,0.03001,0.03232,0.03232,0.03100,-54.25503,3874.00000
0.18986,0.18920,0.18920,0.18230,0.18624,0.17407,0.16782,0.17177,0.17736,0.17144,0.03034,0.02804,0.03133,0.02903,0.03199,-54.22468,3875.00000
0.18756,0.18098,0.18558,0.18427,0.18558,0.17342,0.16914,0.16881,0.16848,0.17276,0.03100,0.03001,0.03363,0.02837,0.03330,-54.22468,3876.00000
0.18394,0.19282,0.18690,0.19019,0.18394,0.17473,0.17111,0.17045,0.17045,0.17243,0.02870,0.02804,0.03265,0.02442,0.03166,-53.52592,3877.00000
0.19052,0.18624,0.18328,0.18920,0.18690,0.17703,0.17473,0.16749,0.16947,0.17407,0.03001,0.02837,0.02870,0.03495,0.03528,-53.52592,3878.00000
0.18723,0.18854,0.18328,0.18624,0.18822,0.17078,0.17440,0.17605,0.17078,0.17276,0.03199,0.02837,0.03166,0.03067,0.02968,-53.63552,3879.00000
0.18723,0.18854,0.18690,0.18920,0.17966,0.17342,0.17374,0.17210,0.17013,0.17144,0.02804,0.03199,0.03265,0.02870,0.02870,-53.63552,3880.00000
0.18756,0.19216,0.18690,0.18756,0.18493,0.17506,0.17473,0.17177,0.17144,0.17045,0.03034,0.02903,0.03067,0.02870,0.03067,-52.53065,3881.00000
0.18361,0.19118,0.18526,0.18164,0.19414,0.17572,0.17407,0.17342,0.17374,0.17276,0.03067,0.02968,0.03561,0.02804,0.02738,-52.53065,3882.00000
0.18789,0.18789,0.18690,0.17966,0.19183,0.17473,0.17078,0.17407,0.17144,0.17506,0.02837,0.02870,0.03034,0.03067,0.03100,-52.24433,3883.00000
0.18164,0.19085,0.18394,0.18920,0.18427,0.16914,0.17013,0.17177,0.17473,0.17177,0.03166,0.03330,0.02771,0.02968,0.03297,-52.24433,3884.00000
0.18098,0.18986,0.18756,0.18789,0.18526,0.17473,0.16980,0.17177,0.17210,0.16881,0.03133,0.03067,0.02705,0.02903,0.03067,-51.67148,3885.00000
0.18657,0.18394,0.18295,0.18690,0.18887,0.16980,0.17703,0.17473,0.16947,0.17572,0.02837,0.03034,0.03067,0.02903,0.03232,-51.67148,3886.00000
0.18756,0.18789,0.19118,0.18723,0.18657,0.17506,0.17111,0.17769,0.16947,0.17013,0.02936,0.02672,0.03100,0.03396,0.03001,-51.70000,3887.00000
0.18789,0.19052,0.18756,0.19249,0.18887,0.17670,0.17177,0.17078,0.17572,0.17111,0.03232,0.03265,0.03330,0.03001,0.02903,-51.70000,3888.00000
0.19118,0.18230,0.18920,0.18328,0.19249,0.17407,0.17572,0.17045,0.17111,0.17506,0.02936,0.03297,0.02968,0.03034,0.03034,-52.00234,3889.00000
0.18723,0.18558,0.19118,0.19019,0.18756,0.17243,0.17111,0.17342,0.16980,0.16749,0.02804,0.03001,0.02738,0.02771,0.03067,-52.00234,3890.00000
0.18789,0.18460,0.18920,0.18756,0.18624,0.17703,0.17539,0.17243,0.17013,0.17210,0.03363,0.02607,0.03100,0.02903,0.03199,-52.60029,3891.00000
0.18887,0.19183,0.18822,0.18197,0.19216,0.16684,0.17276,0.16947,0.17210,0.17539,0.03363,0.02738,0.02903,0.03034,0.03067,-52.60029,3892.00000
0.18986,0.19150,0.18558,0.19249,0.18295,0.17045,0.16914,0.17210,0.17473,0.17342,0.03363,0.03001,0.03232,0.02870,0.03067,-53.39243,3893.00000
0.18558,0.19019,0.19019,0.18526,0.19052,0.17045,0.17243,0.16552,0.17243,0.17539,0.02936,0.03265,0.03100,0.03232,0.02903,-53.39243,3894.00000
0.18230,0.18493,0.18460,0.18854,0.19085,0.16815,0.17111,0.17407,0.17440,0.17407,0.02903,0.02870,0.02968,0.02903,0.03133,-53.70061,3895.00000
0.18723,0.18230,0.19052,0.18493,0.18854,0.17144,0.16848,0.16947,0.17243,0.17144,0.03232,0.02738,0.02936,0.02936,0.03199,-53.70061,3896.00000
0.18854,0.18690,0.18558,0.19118,0.18986,0.17045,0.17506,0.17407,0.17605,0.17013,0.02903,0.02936,0.02903,0.02870,0.03001,-54.69210,3897.00000
0.19052,0.18756,0.18690,0.18591,0.18756,0.16881,0.17210,0.16782,0.17276,0.16815,0.02804,0.03199,0.02837,0.02541,0.02968,-54.69210,3898.00000
0.19118,0.19019,0.18427,0.18624,0.18822,0.16947,0.17473,0.17342,0.17045,0.17374,0.02903,0.03199,0.03001,0.02903,0.02903,-54.13560,3899.00000
0.17934,0.18394,0.18887,0.18460,0.18295,0.17539,0.17078,0.17506,0.17638,0.17440,0.02607,0.03067,0.02672,0.02903,0.02870,-54.13560,3900.00000
0.18098,0.18756,0.19118,0.18230,0.18920,0.17045,0.17210,0.17111,0.17045,0.17144,0.03265,0.03001,0.02968,0.03133,0.03001,-54.16497,3901.00000
0.18460,0.18723,0.18591,0.18328,0.18591,0.17078,0.16782,0.16684,0.17342,0.17210,0.03100,0.03100,0.03232,0.03199,0.03034,-54.16497,3902.00000
0.17999,0.18887,0.18854,0.18230,0.19019,0.16947,0.17078,0.17144,0.17111,0.17473,0.03001,0.02968,0.03001,0.03232,0.03100,-53.75973,3903.00000
0.18723,0.18920,0.18854,0.18690,0.18756,0.17243,0.17111,0.17144,0.17374,0.17078,0.02936,0.02837,0.02607,0.03199,0.02870,-53.75973,3904.00000
0.18591,0.18789,0.18723,0.18328,0.18591,0.16980,0.17210,0.16881,0.17243,0.17440,0.02870,0.02804,0.03396,0.02804,0.03100,-53.24217,3905.00000
0.18558,0.19052,0.18295,0.18361,0.19118,0.16881,0.17374,0.16881,0.17506,0.17276,0.03363,0.02936,0.02837,0.02804,0.03034,-53.24217,3906.00000
0.18526,0.19216,0.18854,0.18723,0.18690,0.17243,0.17177,0.17045,0.17177,0.17045,0.03100,0.03067,0.03100,0.02903,0.03166,-53.36425,3907.00000
0.18164,0.18657,0.18657,0.19183,0.17966,0.17144,0.17111,0.17111,0.17243,0.17045,0.02903,0.03199,0.03034,0.03429,0.03067,-53.36425,3908.00000
0.18526,0.19019,0.19085,0.17374,0.18558,0.17407,0.17342,0.17210,0.17045,0.16980,0.03067,0.03034,0.03034,0.02968,0.02804,-52.51220,3909.00000
0.18427,0.18920,0.18460,0.19183,0.18526,0.16980,0.17309,0.17407,0.17276,0.17605,0.03100,0.02738,0.02804,0.02837,0.02903,-52.51220,3910.00000
0.18756,0.18361,0.18953,0.18295,0.19019,0.17407,0.17078,0.17440,0.16848,0.17243,0.02968,0.03001,0.02837,0.02705,0.02607,-52.36694,3911.00000
0.18986,0.19315,0.18624,0.19216,0.18558,0.16486,0.17078,0.16749,0.17506,0.17078,0.02705,0.03001,0.03034,0.02508,0.02738,-52.36694,3912.00000
0.18920,0.18262,0.18953,0.18953,0.18690,0.16848,0.17342,0.17572,0.16980,0.17572,0.02903,0.03199,0.02968,0.03034,0.03100,-52.10388,3913.00000
0.19052,0.18361,0.18789,0.18262,0.18789,0.17901,0.17144,0.17309,0.17111,0.17342,0.02936,0.02705,0.02672,0.03265,0.02903,-52.10388,3914.00000
0.18526,0.18690,0.18493,0.18657,0.18756,0.17111,0.16980,0.17045,0.17506,0.17309,0.03133,0.03232,0.03034,0.03067,0.03330,-52.19940,3915.00000
0.19150,0.18460,0.18953,0.19315,0.18854,0.17506,0.17276,0.16947,0.17210,0.17407,0.03034,0.03034,0.02771,0.03133,0.03034,-52.19940,3916.00000
0.18723,0.18394,0.18526,0.18953,0.18328,0.17177,0.17276,0.16881,0.17407,0.17407,0.03199,0.02640,0.02936,0.03001,0.03034,-53.35068,3917.00000
0.18789,0.19381,0.18953,0.18394,0.18789,0.17276,0.16881,0.17572,0.17736,0.16947,0.03067,0.03429,0.02968,0.02804,0.03232,-53.19633,3918.00000
0.19118,0.18328,0.18295,0.19118,0.18986,0.17506,0.17407,0.17045,0.17243,0.16980,0.02870,0.03034,0.03067,0.02903,0.02837,-53.19633,3919.00000
0.18723,0.19085,0.19282,0.19282,0.19085,0.17276,0.17539,0.17111,0.17342,0.17111,0.03034,0.02870,0.03232,0.03133,0.02804,-53.27785,3920.00000
0.19118,0.19052,0.18854,0.19118,0.18295,0.17144,0.17309,0.17309,0.17440,0.17342,0.03067,0.02672,0.03133,0.03100,0.03232,-53.27785,3921.00000
0.18558,0.18920,0.18591,0.18690,0.18723,0.17243,0.17342,0.17111,0.17111,0.17605,0.02936,0.02705,0.02936,0.03001,0.02870,-53.23072,3922.00000
0.19216,0.19118,0.18986,0.18624,0.18131,0.16980,0.16749,0.17342,0.17177,0.17144,0.03166,0.03561,0.03330,0.02870,0.03001,-53.23072,3923.00000
0.18953,0.19052,0.18624,0.18591,0.19216,0.17407,0.17374,0.17144,0.17177,0.16749,0.02968,0.02640,0.02936,0.03133,0.02837,-54.10071,3924.00000
0.18986,0.18887,0.18822,0.19282,0.18262,0.17111,0.17045,0.17111,0.16980,0.17342,0.02968,0.03297,0.02804,0.03067,0.02804,-54.10071,3925.00000
0.18756,0.18262,0.18032,0.19052,0.18920,0.17013,0.17506,0.17539,0.16717,0.17276,0.02870,0.03199,0.03166,0.02804,0.02837,-54.32086,3926.00000
0.18756,0.18953,0.18657,0.18789,0.18493,0.17539,0.17078,0.16717,0.17177,0.17440,0.03199,0.03067,0.03001,0.03330,0.03166,-54.32086,3927.00000
0.18723,0.19085,0.18986,0.18197,0.18690,0.17243,0.17210,0.17078,0.17243,0.17243,0.03396,0.02541,0.02837,0.02870,0.02936,-54.33573,3928.00000
0.19118,0.18526,0.18690,0.19216,0.17769,0.16092,0.16914,0.17243,0.17111,0.17013,0.02771,0.03034,0.03001,0.02903,0.03100,-54.33573,3929.00000
0.18493,0.18854,0.18723,0.18723,0.19150,0.17309,0.17144,0.17473,0.17243,0.17078,0.03133,0.02475,0.03034,0.03034,0.02870,-54.12587,3930.00000
0.19118,0.18427,0.18920,0.19282,0.18887,0.17309,0.17210,0.17342,0.17638,0.17835,0.02870,0.02705,0.03199,0.03232,0.02771,-54.12587,3931.00000
0.18591,0.18558,0.19216,0.18328,0.18164,0.17342,0.17177,0.16815,0.17243,0.17342,0.02607,0.03199,0.03199,0.02968,0.02968,-53.64253,3932.00000
0.18197,0.18394,0.19019,0.18789,0.18427,0.17177,0.17243,0.17342,0.17473,0.17210,0.03034,0.02903,0.03133,0.02804,0.03034,-53.64253,3933.00000
0.18822,0.18657,0.18789,0.18460,0.18756,0.17506,0.17013,0.17243,0.17078,0.17342,0.03330,0.02936,0.02705,0.03133,0.02936,-53.57663,3934.00000
0.18854,0.19052,0.18822,0.18262,0.18624,0.17407,0.16914,0.17309,0.17276,0.16980,0.02771,0.03100,0.02771,0.02870,0.02936,-53.57663,3935.00000
0.19118,0.18361,0.18920,0.18131,0.18427,0.17440,0.16980,0.17309,0.17473,0.17473,0.02936,0.02968,0.03001,0.02541,0.02968,-53.35814,3936.00000
0.18394,0.18723,0.18756,0.18493,0.18986,0.17177,0.16749,0.17407,0.17045,0.17045,0.03495,0.02640,0.02870,0.02968,0.03100,-53.35814,3937.00000
0.18756,0.18558,0.19348,0.18920,0.18230,0.17243,0.17440,0.17407,0.17638,0.17374,0.02705,0.03067,0.02903,0.03100,0.03166,-53.17809,3938.00000
0.18986,0.18558,0.19118,0.18887,0.18493,0.17440,0.17605,0.17539,0.16848,0.16618,0.02870,0.02574,0.02574,0.02837,0.02936,-53.17809,3939.00000
0.19118,0.18131,0.18986,0.18854,0.18986,0.17440,0.16749,0.16848,0.17111,0.16618,0.03034,0.02870,0.03133,0.03001,0.02903,-52.67303,3940.00000
0.18262,0.18854,0.18164,0.18854,0.18591,0.16749,0.17177,0.17605,0.16980,0.17605,0.02837,0.02607,0.02936,0.02870,0.02936,-52.67303,3941.00000
0.18065,0.18690,0.18690,0.19216,0.18131,0.17078,0.17440,0.17473,0.17276,0.17045,0.03067,0.03034,0.03100,0.02672,0.03232,-53.01376,3942.00000
0.18427,0.19052,0.18591,0.18624,0.18756,0.17210,0.17670,0.16618,0.16980,0.17078,0.02903,0.03001,0.02771,0.02442,0.03297,-53.01376,3943.00000
0.18854,0.19381,0.18920,0.19150,0.18493,0.17210,0.17177,0.17342,0.17144,0.17210,0.02804,0.03034,0.02640,0.03034,0.02672,-52.04399,3944.00000
0.18723,0.18986,0.18690,0.18723,0.18887,0.17407,0.17210,0.17374,0.16815,0.17111,0.03133,0.03034,0.03067,0.03232,0.03363,-52.04399,3945.00000
0.18723,0.19578,0.18526,0.18723,0.18690,0.17045,0.17013,0.16947,0.16848,0.17506,0.02936,0.03034,0.03133,0.03429,0.03100,-51.29543,3946.00000
0.18624,0.18591,0.18032,0.18756,0.18361,0.17473,0.17473,0.17177,0.17342,0.16914,0.02837,0.02837,0.03429,0.02870,0.03166,-51.29543,3947.00000
0.19118,0.18032,0.18558,0.18526,0.18591,0.17407,0.17342,0.17276,0.17045,0.17078,0.03034,0.02968,0.03396,0.03232,0.03067,-51.85621,3948.00000
0.17736,0.18723,0.18624,0.18953,0.18526,0.17276,0.17407,0.17078,0.17177,0.17342,0.02771,0.02936,0.03199,0.03034,0.02771,-51.85621,3949.00000
0.19019,0.18526,0.18657,0.18624,0.18361,0.17078,0.17144,0.16848,0.17342,0.17374,0.02936,0.02541,0.03265,0.02870,0.02870,-51.73865,3950.00000
0.19183,0.18526,0.19150,0.18295,0.18230,0.17506,0.17473,0.17572,0.17243,0.17374,0.02903,0.03100,0.02936,0.02837,0.03166,-51.73865,3951.00000
0.19118,0.18756,0.18526,0.18657,0.18723,0.17342,0.17078,0.17276,0.17374,0.17473,0.03067,0.02968,0.03363,0.03067,0.02771,-50.80097,3952.00000
0.18427,0.19348,0.18427,0.18887,0.19216,0.16585,0.17111,0.17177,0.16947,0.17309,0.02968,0.02738,0.03363,0.02672,0.03133,-50.80097,3953.00000
0.19118,0.18394,0.18493,0.18756,0.19019,0.16881,0.17374,0.17111,0.17440,0.17144,0.02738,0.02870,0.02968,0.02968,0.03363,-47.85166,3954.00000
0.18756,0.18690,0.18591,0.18854,0.18723,0.17013,0.17374,0.17407,0.17374,0.17374,0.02705,0.03100,0.02607,0.02672,0.03001,-47.85166,3955.00000
0.18131,0.19019,0.18460,0.18526,0.18526,0.17045,0.17177,0.16881,0.17374,0.17210,0.03133,0.02968,0.02936,0.02870,0.02903,-48.59136,3956.00000
0.18460,0.18262,0.18493,0.19216,0.18295,0.17210,0.17045,0.17177,0.17045,0.16782,0.02870,0.02968,0.02936,0.03265,0.02936,-48.59136,3957.00000
0.18526,0.18493,0.18591,0.18624,0.19381,0.17013,0.16848,0.17210,0.17506,0.17276,0.02837,0.03067,0.02870,0.03001,0.03067,-49.67654,3958.00000
0.18756,0.18657,0.18953,0.18591,0.18164,0.17374,0.17013,0.17407,0.17078,0.17605,0.02837,0.03034,0.03396,0.03133,0.03001,-49.67654,3959.00000
0.18427,0.19216,0.18295,0.18953,0.18657,0.17144,0.16980,0.16717,0.16914,0.17177,0.03166,0.03199,0.02968,0.03199,0.03100,-51.53260,3960.00000
0.18723,0.18789,0.18986,0.18526,0.18558,0.16947,0.17177,0.17342,0.17243,0.17309,0.03100,0.02804,0.03297,0.02936,0.03100,-51.53260,3961.00000
0.18887,0.19150,0.18690,0.18493,0.18558,0.17210,0.17506,0.17342,0.17111,0.17276,0.02771,0.03001,0.03067,0.02936,0.02574,-51.98701,3962.00000
0.18887,0.18822,0.18591,0.18295,0.19150,0.17473,0.17144,0.17342,0.16914,0.17473,0.02870,0.02903,0.02870,0.03001,0.03034,-51.98701,3963.00000
0.18295,0.18427,0.18756,0.18460,0.18822,0.17374,0.17111,0.17374,0.17243,0.16881,0.03001,0.03001,0.03232,0.02870,0.02607,-52.65854,3964.00000
0.18394,0.18920,0.18493,0.18526,0.18230,0.17342,0.17144,0.16947,0.16815,0.17309,0.02738,0.02672,0.03133,0.03330,0.03199,-52.65854,3965.00000
0.18558,0.18558,0.18624,0.18986,0.18789,0.17177,0.16914,0.17177,0.16749,0.16881,0.03363,0.03133,0.03265,0.03001,0.03067,-52.84783,3966.00000
0.18657,0.18789,0.18460,0.18230,0.18822,0.16782,0.17572,0.17407,0.17342,0.17309,0.03067,0.02738,0.03100,0.03330,0.02903,-52.84783,3967.00000
0.18065,0.18953,0.19348,0.19019,0.18394,0.16815,0.17111,0.17638,0.17243,0.17407,0.03133,0.03067,0.03265,0.03166,0.03034,-53.38680,3968.00000
0.18164,0.18361,0.18986,0.17835,0.18624,0.17572,0.16651,0.17078,0.17210,0.17045,0.03166,0.03034,0.02705,0.02968,0.03034,-53.38680,3969.00000
0.18723,0.18723,0.19118,0.18657,0.18164,0.17078,0.16980,0.17144,0.17045,0.16914,0.03265,0.02607,0.02837,0.03034,0.02968,-52.46733,3970.00000
0.18098,0.19183,0.18690,0.18131,0.18657,0.16848,0.17473,0.17111,0.17407,0.17276,0.03166,0.02870,0.03067,0.02870,0.02936,-52.46733,3971.00000
0.19085,0.18230,0.18756,0.18526,0.18920,0.16914,0.17210,0.16749,0.16914,0.16947,0.03199,0.03199,0.03232,0.03265,0.03133,-52.11501,3972.00000
0.18789,0.17966,0.18295,0.18789,0.18854,0.16980,0.17177,0.17506,0.17605,0.17309,0.03067,0.03265,0.03265,0.02903,0.03067,-52.11501,3973.00000
0.18953,0.18822,0.18131,0.19052,0.18657,0.17144,0.17440,0.17342,0.16717,0.17506,0.03232,0.02738,0.03133,0.02936,0.02607,-51.76307,3974.00000
0.18328,0.18558,0.18756,0.18427,0.18690,0.16388,0.17177,0.17078,0.17407,0.17309,0.02968,0.02903,0.03100,0.03067,0.03100,-51.76307,3975.00000
0.18657,0.18789,0.18591,0.18427,0.18986,0.17078,0.17111,0.16453,0.16749,0.17210,0.03199,0.03034,0.02672,0.03166,0.03133,-52.47577,3976.00000
0.18887,0.18394,0.18887,0.18065,0.19150,0.17276,0.16914,0.17045,0.16717,0.16914,0.02936,0.02705,0.03462,0.03133,0.03330,-52.47577,3977.00000
0.18526,0.18493,0.18822,0.19085,0.18756,0.17210,0.17210,0.17177,0.16980,0.17440,0.03133,0.03232,0.03199,0.03001,0.03133,-52.94687,3978.00000
0.18822,0.18920,0.18328,0.18789,0.18723,0.17111,0.16980,0.17868,0.17802,0.16782,0.03001,0.03133,0.02771,0.03067,0.03100,-52.94687,3979.00000
0.18920,0.18920,0.18657,0.19183,0.18756,0.16815,0.17144,0.16881,0.16980,0.16947,0.03034,0.02837,0.03133,0.03330,0.03166,-52.87236,3980.00000
0.18328,0.18591,0.19216,0.18427,0.18164,0.16651,0.16881,0.17276,0.16815,0.17177,0.03133,0.03133,0.03297,0.02870,0.02870,-52.87236,3981.00000
0.18230,0.18723,0.18098,0.18526,0.18822,0.17243,0.17078,0.17374,0.16980,0.17078,0.03034,0.03067,0.03001,0.02870,0.03001,-52.92544,3982.00000
0.18822,0.18887,0.18756,0.19019,0.18131,0.17177,0.17276,0.17276,0.17045,0.17078,0.03166,0.03133,0.03100,0.03100,0.03133,-52.92544,3983.00000
0.19578,0.18920,0.18887,0.18262,0.18230,0.17111,0.17210,0.17177,0.17013,0.16914,0.02870,0.03166,0.02771,0.03166,0.02903,-53.65510,3984.00000
0.18493,0.18361,0.18558,0.18526,0.18887,0.17210,0.17374,0.16815,0.17506,0.17440,0.02936,0.02771,0.02903,0.02771,0.03199,-53.65510,3985.00000
0.18723,0.18953,0.18394,0.19085,0.18789,0.16947,0.16848,0.17276,0.17111,0.16980,0.02936,0.03199,0.03199,0.02738,0.03133,-54.20060,3986.00000
0.17966,0.19315,0.18558,0.18230,0.19183,0.17045,0.16815,0.16947,0.17013,0.16881,0.02541,0.02672,0.03100,0.02738,0.03166,-54.20060,3987.00000
0.18723,0.18657,0.18657,0.18756,0.18690,0.16782,0.17078,0.17342,0.17111,0.17374,0.03067,0.02771,0.02705,0.02903,0.03330,-53.66036,3988.00000
0.18262,0.18624,0.18624,0.19446,0.18295,0.17506,0.17144,0.17309,0.17276,0.16881,0.03034,0.02771,0.03001,0.02541,0.03429,-53.66036,3989.00000
0.18098,0.18854,0.18262,0.17999,0.18723,0.17342,0.16980,0.17374,0.16914,0.17374,0.02870,0.03166,0.03199,0.03199,0.02870,-53.24375,3990.00000
0.18822,0.18493,0.18756,0.18065,0.18591,0.17013,0.17210,0.17210,0.17572,0.17111,0.02574,0.02968,0.02870,0.02607,0.03100,-53.24375,3991.00000
0.18526,0.18131,0.18822,0.18460,0.18953,0.16980,0.17276,0.17045,0.16848,0.16815,0.03001,0.03297,0.03133,0.03067,0.03363,-54.00957,3992.00000
0.18493,0.18394,0.18887,0.18558,0.18690,0.17374,0.17407,0.16848,0.17276,0.17901,0.03067,0.02738,0.02640,0.02936,0.02936,-54.00957,3993.00000
0.18262,0.18624,0.18460,0.18624,0.18756,0.16815,0.17045,0.17013,0.17045,0.17210,0.02903,0.03199,0.03100,0.03166,0.03100,-53.90908,3994.00000
0.19479,0.17999,0.18887,0.18558,0.18361,0.17111,0.17210,0.17276,0.17078,0.17177,0.03462,0.02771,0.03067,0.03232,0.02672,-53.90908,3995.00000
0.17999,0.18558,0.19052,0.18854,0.18690,0.16848,0.16848,0.16848,0.17243,0.16815,0.03100,0.02968,0.03067,0.02705,0.03330,-53.45112,3996.00000
0.18986,0.18591,0.18920,0.18328,0.18328,0.17506,0.16914,0.16914,0.17374,0.17440,0.02870,0.03199,0.02574,0.03034,0.02968,-53.45112,3997.00000
0.18558,0.18854,0.18591,0.18328,0.18756,0.16486,0.17407,0.17374,0.17539,0.17309,0.02541,0.03001,0.02936,0.03330,0.03462,-52.92673,3998.00000
0.18460,0.18197,0.19052,0.18657,0.17802,0.17045,0.17045,0.17342,0.17144,0.17309,0.02903,0.02936,0.02968,0.02771,0.03232,-52.92673,3999.00000
0.18887,0.18657,0.18822,0.18624,0.18493,0.17177,0.17342,0.17342,0.17144,0.17177,0.02672,0.02903,0.03133,0.02870,0.02705,-52.80126,4000.00000
0.18131,0.18822,0.19052,0.18394,0.18789,0.17177,0.17473,0.17407,0.17243,0.17210,0.02672,0.03100,0.02936,0.02870,0.03166,-52.80126,4001.00000
0.18854,0.18427,0.18361,0.18131,0.18986,0.17276,0.17440,0.16782,0.17045,0.17177,0.03100,0.03001,0.02936,0.02705,0.02968,-52.38940,4002.00000
0.18953,0.18657,0.18328,0.19282,0.18723,0.17111,0.17013,0.16684,0.17243,0.16552,0.03232,0.03034,0.02936,0.02738,0.02968,-52.38940,4003.00000
0.18723,0.18328,0.18230,0.18756,0.18756,0.17111,0.17342,0.17309,0.16980,0.17309,0.03067,0.03297,0.03067,0.02738,0.03199,-52.03943,4004.00000
0.19052,0.18558,0.18328,0.18493,0.18328,0.17210,0.17177,0.17473,0.17440,0.16881,0.03100,0.02870,0.03133,0.03265,0.03100,-52.03943,4005.00000
0.18394,0.18822,0.18657,0.18690,0.18197,0.17078,0.17111,0.17342,0.17045,0.17572,0.02705,0.02837,0.02968,0.02936,0.03001,-52.39422,4006.00000
0.18526,0.18361,0.18328,0.18624,0.18361,0.16453,0.17440,0.17407,0.17440,0.17309,0.02936,0.03067,0.02705,0.02903,0.02705,-52.39422,4007.00000
0.18197,0.18756,0.18164,0.18854,0.18460,0.17111,0.17243,0.17013,0.17013,0.17210,0.02837,0.03067,0.02936,0.03297,0.02903,-53.11850,4008.00000
0.18427,0.18394,0.18756,0.18591,0.18262,0.17276,0.17045,0.17078,0.17177,0.16980,0.03001,0.02968,0.02968,0.03363,0.03561,-53.11850,4009.00000
0.18427,0.18526,0.18657,0.18262,0.18723,0.16947,0.17144,0.17111,0.17539,0.17078,0.02771,0.02771,0.02870,0.02442,0.02903,-53.28777,4010.00000
0.19118,0.18295,0.18822,0.18723,0.18394,0.17111,0.16782,0.17078,0.17111,0.17078,0.03232,0.03034,0.02804,0.02574,0.03199,-53.28777,4011.00000
0.18789,0.18032,0.18624,0.18657,0.18361,0.17013,0.16848,0.17013,0.17078,0.16848,0.03199,0.02804,0.03199,0.03067,0.03034,-53.75326,4012.00000
0.19052,0.18230,0.18460,0.18887,0.18657,0.17605,0.17111,0.16815,0.17605,0.17342,0.03199,0.03034,0.02968,0.03001,0.02903,-53.75326,4013.00000
0.17868,0.18624,0.18197,0.18591,0.19052,0.17440,0.17078,0.17309,0.17539,0.17309,0.03100,0.03297,0.02936,0.03034,0.03100,-53.71012,4014.00000
