0.74505,0.74899,0.74965,0.75162,0.75557,0.30432,0.31024,0.30728,0.30596,0.30958,0.08691,0.08823,0.09218,0.08560,0.08790,-50.47205,-4014.00000
0.74801,0.74998,0.74899,0.75524,0.75261,0.30991,0.30794,0.30202,0.30794,0.30629,0.08658,0.09020,0.08955,0.08889,0.08757,-50.47205,-4006.00000
0.74866,0.74866,0.75360,0.75393,0.74636,0.30662,0.30826,0.30037,0.30794,0.30629,0.09086,0.08757,0.08790,0.08790,0.08955,-51.11249,-3998.00000
0.75557,0.75689,0.74965,0.75064,0.74702,0.30892,0.30563,0.30892,0.30333,0.30629,0.09152,0.08955,0.08987,0.08987,0.08823,-51.11249,-3990.00000
0.74834,0.75458,0.74998,0.75426,0.74768,0.30695,0.30202,0.30629,0.30892,0.30695,0.08790,0.08494,0.08856,0.08461,0.08395,-50.39755,-3982.00000
0.75031,0.74538,0.75031,0.74307,0.75162,0.30662,0.31155,0.30925,0.30498,0.30826,0.08987,0.08626,0.08691,0.08724,0.08626,-50.39755,-3974.00000
0.74669,0.74866,0.75031,0.74406,0.75327,0.30399,0.30136,0.31287,0.30432,0.30892,0.08724,0.08527,0.08626,0.08527,0.08724,-50.45512,-3966.00000
0.74834,0.74866,0.75886,0.74866,0.74505,0.31057,0.30498,0.30234,0.30432,0.30662,0.08757,0.08626,0.08955,0.08593,0.09185,-50.45512,-3958.00000
0.75162,0.74702,0.74274,0.74570,0.74538,0.30662,0.30695,0.30892,0.30563,0.30563,0.08527,0.08593,0.08461,0.08757,0.08724,-50.33254,-3950.00000
0.74998,0.74669,0.74932,0.74538,0.74801,0.30333,0.30925,0.30465,0.30859,0.30794,0.08790,0.08823,0.08198,0.08724,0.08691,-50.33254,-3942.00000
0.74669,0.75031,0.74603,0.74998,0.75162,0.30399,0.30859,0.30596,0.30399,0.30103,0.08757,0.08658,0.08593,0.08823,0.08987,-49.87330,-3934.00000
0.75064,0.75294,0.74735,0.74603,0.74702,0.30728,0.30728,0.30498,0.30892,0.30563,0.08593,0.08724,0.08955,0.08922,0.08823,-49.87330,-3926.00000
0.74307,0.74834,0.75162,0.74735,0.74538,0.30695,0.31090,0.30794,0.30498,0.30596,0.08560,0.08823,0.09152,0.08823,0.08724,-50.30775,-3918.00000
0.75130,0.74538,0.75097,0.74866,0.74570,0.31057,0.30530,0.30728,0.30826,0.30267,0.08790,0.08724,0.08757,0.08395,0.08724,-50.30775,-3910.00000
0.74570,0.75031,0.74965,0.74538,0.74899,0.30037,0.30563,0.30399,0.30728,0.31024,0.08955,0.09316,0.09349,0.08955,0.08823,-49.19196,-3902.00000
0.74965,0.74505,0.74834,0.74965,0.74735,0.30662,0.30399,0.30202,0.30596,0.30498,0.09152,0.08922,0.09020,0.08856,0.08955,-49.19196,-3894.00000
0.74834,0.74011,0.75458,0.74011,0.74242,0.30728,0.30991,0.31090,0.30728,0.30366,0.09053,0.09119,0.08658,0.08527,0.08724,-50.36502,-3886.00000
0.74866,0.74735,0.74307,0.74801,0.74077,0.30366,0.30991,0.30761,0.30300,0.30563,0.08922,0.08724,0.09119,0.08658,0.08494,-50.36502,-3878.00000
0.74899,0.74735,0.74998,0.75195,0.74702,0.30892,0.30695,0.30794,0.30925,0.30563,0.08658,0.08757,0.08790,0.08790,0.08626,-49.99941,-3870.00000
0.75294,0.75458,0.74998,0.74340,0.75097,0.30662,0.30695,0.30267,0.30366,0.30563,0.08790,0.08724,0.09053,0.08987,0.08724,-49.99941,-3862.00000
0.75162,0.75294,0.74505,0.75195,0.74176,0.30498,0.30728,0.30925,0.30498,0.30761,0.08987,0.08461,0.09218,0.08955,0.08691,-49.36494,-3854.00000
0.74735,0.75162,0.74538,0.75162,0.73847,0.31254,0.30530,0.30728,0.30728,0.30794,0.08823,0.09086,0.08856,0.08658,0.08560,-49.36494,-3846.00000
0.74801,0.74110,0.74570,0.74834,0.74735,0.30826,0.30563,0.30498,0.30629,0.30859,0.08593,0.09152,0.08658,0.08922,0.08560,-49.39682,-3838.00000
0.74768,0.75162,0.74472,0.74834,0.75360,0.30465,0.30695,0.30925,0.30728,0.31024,0.08428,0.09053,0.08889,0.08790,0.08790,-49.39682,-3830.00000
0.74735,0.74603,0.74899,0.74439,0.74603,0.30761,0.30465,0.30629,0.30596,0.30958,0.08955,0.08790,0.08955,0.08560,0.08593,-50.20134,-3822.00000
0.74998,0.75656,0.74472,0.74472,0.74603,0.30728,0.30892,0.30629,0.30728,0.30596,0.08856,0.08658,0.09185,0.08823,0.09251,-50.20134,-3814.00000
0.74899,0.74768,0.74965,0.74636,0.75064,0.30794,0.30596,0.30498,0.31155,0.30728,0.08823,0.08395,0.08658,0.08330,0.08856,-50.54745,-3806.00000
0.74505,0.74834,0.74866,0.74538,0.74011,0.30563,0.30333,0.30859,0.30530,0.30859,0.08757,0.08856,0.09086,0.08691,0.09053,-50.54745,-3798.00000
0.74801,0.74538,0.75426,0.74044,0.74077,0.30761,0.30465,0.30563,0.30366,0.30465,0.08362,0.08560,0.08428,0.08362,0.08626,-50.61064,-3790.00000
0.74834,0.74570,0.74439,0.75031,0.74965,0.30300,0.30728,0.30465,0.30465,0.30925,0.09119,0.08889,0.08823,0.08724,0.08922,-50.61064,-3782.00000
0.75031,0.74899,0.74636,0.74505,0.74570,0.31024,0.30366,0.30892,0.30826,0.30070,0.08560,0.09218,0.08724,0.08757,0.09119,-50.82046,-3774.00000
0.74472,0.74242,0.75064,0.75195,0.74834,0.30859,0.30366,0.30859,0.30695,0.30563,0.08955,0.09185,0.09020,0.08757,0.08691,-50.82046,-3766.00000
0.74143,0.74834,0.74603,0.74538,0.74209,0.30234,0.30826,0.30498,0.30794,0.30169,0.08889,0.08856,0.08922,0.08691,0.08757,-49.77058,-3758.00000
0.74834,0.74570,0.74406,0.74998,0.74406,0.30399,0.30563,0.30629,0.30234,0.30728,0.08922,0.08626,0.08823,0.08428,0.08987,-49.77058,-3750.00000
0.74735,0.74932,0.74801,0.74801,0.74505,0.30432,0.30596,0.30366,0.30629,0.30399,0.08922,0.08560,0.08922,0.09152,0.08428,-50.26371,-3742.00000
0.75261,0.74801,0.74077,0.74439,0.74801,0.30728,0.30629,0.30399,0.30300,0.30530,0.08889,0.09119,0.08593,0.08527,0.08362,-50.26371,-3734.00000
0.74636,0.74735,0.74373,0.74570,0.74702,0.30399,0.30629,0.30794,0.30465,0.30925,0.08362,0.08658,0.08922,0.08955,0.08856,-49.39211,-3726.00000
0.74669,0.74669,0.74538,0.74603,0.74307,0.30991,0.30498,0.30859,0.30267,0.30695,0.08922,0.08494,0.09316,0.08823,0.08757,-49.39211,-3718.00000
0.74834,0.75031,0.74834,0.74603,0.74538,0.30859,0.30333,0.30958,0.30761,0.30333,0.08889,0.08527,0.08658,0.08626,0.08823,-49.41285,-3710.00000
0.74538,0.74570,0.74176,0.74439,0.74143,0.30267,0.30892,0.30432,0.30761,0.30333,0.08856,0.09185,0.08724,0.09053,0.09086,-49.41285,-3702.00000
0.74702,0.74373,0.74866,0.74274,0.74077,0.30169,0.30530,0.30465,0.30300,0.30761,0.09086,0.08626,0.08626,0.08691,0.08955,-49.55262,-3694.00000
0.74636,0.74373,0.74505,0.74965,0.74274,0.30267,0.30465,0.30432,0.30169,0.30399,0.09053,0.08889,0.09086,0.08626,0.09218,-49.55262,-3686.00000
0.74472,0.74538,0.74406,0.74472,0.74801,0.30498,0.30300,0.30267,0.30300,0.30432,0.08790,0.08691,0.08626,0.08494,0.08626,-49.70795,-3678.00000
0.75064,0.74373,0.73978,0.74538,0.75097,0.30925,0.30530,0.30563,0.30826,0.30596,0.09053,0.08987,0.08790,0.08856,0.08889,-49.70795,-3670.00000
0.74373,0.74866,0.74834,0.74340,0.74472,0.30728,0.30596,0.30399,0.30267,0.31221,0.08856,0.08922,0.08889,0.08691,0.09020,-49.93942,-3662.00000
0.74209,0.74735,0.74373,0.74636,0.74373,0.30169,0.30399,0.30465,0.30267,0.30432,0.08757,0.09020,0.08823,0.08593,0.08461,-49.93942,-3654.00000
0.74307,0.75195,0.74143,0.74603,0.73913,0.30300,0.30761,0.30761,0.30498,0.30794,0.08560,0.08823,0.08922,0.08593,0.08922,-49.25438,-3646.00000
0.74505,0.74110,0.74439,0.74176,0.75064,0.30136,0.30596,0.30234,0.30596,0.30432,0.09053,0.09086,0.08790,0.08757,0.08560,-49.25438,-3638.00000
0.74768,0.74538,0.74340,0.75130,0.74439,0.30465,0.30596,0.30234,0.30465,0.30563,0.08691,0.08987,0.08823,0.08757,0.09283,-50.31567,-3630.00000
0.74472,0.74406,0.74307,0.74899,0.75031,0.31221,0.30794,0.30695,0.30629,0.30563,0.08987,0.08560,0.08724,0.08889,0.09086,-50.31567,-3622.00000
0.74307,0.74077,0.74636,0.74570,0.73748,0.30333,0.30432,0.30366,0.30892,0.30958,0.08362,0.08626,0.08922,0.08691,0.09218,-49.53039,-3614.00000
0.74373,0.74077,0.74242,0.74406,0.74538,0.30794,0.30728,0.30662,0.30498,0.30234,0.08790,0.09086,0.08856,0.08658,0.08527,-49.53039,-3606.00000
0.74669,0.74274,0.74570,0.74406,0.74472,0.30136,0.30333,0.30498,0.30794,0.30892,0.08658,0.08264,0.08856,0.08790,0.08987,-49.82135,-3598.00000
0.74307,0.74538,0.74801,0.74110,0.74603,0.30794,0.30991,0.30530,0.30662,0.30498,0.08461,0.08560,0.08856,0.08790,0.08461,-49.82135,-3590.00000
0.74768,0.74176,0.74570,0.74899,0.74472,0.30761,0.30530,0.30728,0.30596,0.30366,0.08658,0.08922,0.08593,0.08428,0.08922,-49.29544,-3582.00000
0.74011,0.74044,0.74702,0.74209,0.74702,0.30695,0.30695,0.30267,0.30004,0.30202,0.08724,0.09086,0.08724,0.08494,0.09053,-49.29544,-3574.00000
0.74472,0.74603,0.73978,0.74801,0.74472,0.31090,0.30070,0.30498,0.30498,0.30596,0.08560,0.08724,0.08724,0.08823,0.08691,-49.79909,-3566.00000
0.74176,0.74801,0.74044,0.73847,0.74176,0.30333,0.30267,0.30563,0.30695,0.30202,0.08823,0.08823,0.08922,0.08922,0.08790,-49.79909,-3558.00000
0.73715,0.73814,0.74077,0.74538,0.74011,0.30629,0.30267,0.30333,0.30563,0.30333,0.08955,0.08987,0.09185,0.08889,0.08856,-50.73206,-3550.00000
0.74373,0.74603,0.74307,0.73978,0.74307,0.30366,0.30761,0.30399,0.30366,0.30695,0.08823,0.08856,0.08856,0.08987,0.09020,-50.73206,-3542.00000
0.74505,0.74439,0.73880,0.74570,0.74834,0.30629,0.30333,0.30234,0.30563,0.30530,0.09086,0.08658,0.08856,0.08922,0.08724,-50.93000,-3534.00000
0.74077,0.74932,0.74209,0.74176,0.74176,0.30794,0.30366,0.30925,0.30399,0.30103,0.08691,0.08856,0.08724,0.08955,0.08889,-50.93000,-3526.00000
0.74965,0.74110,0.73847,0.74110,0.74044,0.30662,0.30399,0.30498,0.30399,0.30234,0.08889,0.09086,0.08724,0.08428,0.08856,-50.83609,-3518.00000
0.74077,0.73452,0.74373,0.74274,0.74406,0.30695,0.30465,0.30563,0.30629,0.30169,0.08560,0.08593,0.08922,0.08691,0.08560,-50.83609,-3510.00000
0.73946,0.74242,0.74274,0.73978,0.74570,0.30432,0.30892,0.30465,0.30136,0.30234,0.08724,0.09020,0.09053,0.08691,0.08626,-49.91267,-3502.00000
0.74242,0.74834,0.73419,0.74110,0.73946,0.30761,0.30695,0.30070,0.30629,0.29971,0.08297,0.08593,0.08955,0.08790,0.08856,-49.91267,-3494.00000
0.74242,0.73715,0.74505,0.74077,0.74307,0.30432,0.30333,0.30530,0.30761,0.30234,0.08691,0.08560,0.08527,0.08757,0.08987,-50.74003,-3486.00000
0.74406,0.74603,0.74077,0.74044,0.74307,0.30530,0.30596,0.30202,0.30662,0.30267,0.08658,0.08593,0.08560,0.09020,0.08856,-50.74003,-3478.00000
0.74801,0.74044,0.74406,0.74439,0.74110,0.30530,0.30202,0.30695,0.30761,0.30399,0.08461,0.08757,0.08757,0.08889,0.08626,-49.84267,-3470.00000
0.73781,0.74110,0.74439,0.73584,0.74077,0.30399,0.30037,0.30300,0.30202,0.30563,0.08626,0.08955,0.08987,0.08626,0.08560,-49.84267,-3462.00000
0.74538,0.74307,0.74603,0.74110,0.74439,0.30366,0.30530,0.30498,0.30399,0.30728,0.08724,0.09086,0.08691,0.08922,0.08790,-50.68550,-3454.00000
0.74011,0.73715,0.74307,0.74472,0.73814,0.30169,0.30366,0.30826,0.30103,0.30629,0.09251,0.08691,0.08724,0.08955,0.08527,-50.68550,-3446.00000
0.74505,0.74505,0.73946,0.74242,0.74143,0.30333,0.30629,0.30333,0.29906,0.29971,0.08593,0.08955,0.08362,0.08790,0.08428,-49.43943,-3438.00000
0.73913,0.73978,0.73880,0.73781,0.74143,0.30300,0.30037,0.30300,0.30991,0.30563,0.08856,0.08691,0.08823,0.08626,0.08724,-49.43943,-3430.00000
0.74077,0.73946,0.73781,0.73386,0.73880,0.30366,0.30530,0.30300,0.30432,0.30530,0.09020,0.08856,0.08922,0.08955,0.08823,-49.60253,-3422.00000
0.73946,0.74439,0.73617,0.73090,0.74340,0.30004,0.30859,0.30366,0.30563,0.29938,0.08823,0.08691,0.09020,0.08626,0.08626,-49.60253,-3414.00000
0.74307,0.73781,0.73946,0.74176,0.74439,0.30037,0.30333,0.30103,0.30202,0.30070,0.08626,0.08889,0.08724,0.08823,0.08724,-49.53759,-3406.00000
0.74176,0.73551,0.74439,0.74242,0.74176,0.30563,0.30399,0.29971,0.30695,0.30136,0.09119,0.08724,0.08330,0.08560,0.08987,-49.53759,-3398.00000
0.73715,0.73913,0.74899,0.74505,0.73617,0.30103,0.30399,0.30498,0.30662,0.30465,0.08922,0.08461,0.08724,0.08658,0.08790,-49.72241,-3390.00000
0.73978,0.74538,0.74209,0.74044,0.73649,0.29906,0.30498,0.30432,0.30169,0.30530,0.08757,0.08856,0.08461,0.09020,0.09086,-49.72241,-3382.00000
0.74176,0.74538,0.74110,0.73485,0.74307,0.30300,0.30070,0.30037,0.30300,0.30465,0.08593,0.08691,0.08757,0.08691,0.08757,-50.24206,-3374.00000
0.74406,0.74143,0.73518,0.73946,0.73946,0.30596,0.30267,0.30892,0.30366,0.30399,0.08560,0.08691,0.08461,0.08691,0.08626,-50.24206,-3366.00000
0.74768,0.73255,0.73748,0.74307,0.74209,0.30070,0.30794,0.30169,0.30070,0.30695,0.08395,0.08955,0.08593,0.09152,0.08330,-49.86468,-3358.00000
0.73748,0.74044,0.74538,0.74044,0.73880,0.30399,0.30465,0.30465,0.30465,0.30366,0.08987,0.08757,0.08889,0.09020,0.08593,-49.86468,-3350.00000
0.74439,0.73978,0.74143,0.74077,0.73781,0.30267,0.30300,0.29906,0.30136,0.30432,0.08987,0.08757,0.08560,0.08856,0.08691,-50.71603,-3342.00000
0.74110,0.74439,0.73649,0.74274,0.74669,0.30169,0.30530,0.30103,0.30333,0.30202,0.08626,0.08724,0.08889,0.08724,0.08823,-50.71603,-3334.00000
0.74373,0.74505,0.73682,0.74110,0.74538,0.30202,0.30267,0.30530,0.30399,0.30070,0.08461,0.08626,0.08494,0.08691,0.08560,-50.72911,-3326.00000
0.73814,0.73847,0.73617,0.74340,0.73978,0.30070,0.30366,0.30234,0.30267,0.30530,0.08560,0.08922,0.08165,0.08790,0.08626,-50.72911,-3318.00000
0.73913,0.74439,0.74274,0.74044,0.74176,0.30300,0.30366,0.30202,0.30202,0.30366,0.08626,0.08922,0.08461,0.08987,0.08955,-50.80401,-3310.00000
0.73748,0.74242,0.74340,0.73847,0.74274,0.30530,0.30333,0.30103,0.30300,0.30366,0.08527,0.09086,0.08626,0.08297,0.08724,-50.80401,-3302.00000
0.73814,0.74603,0.73781,0.74340,0.74209,0.30695,0.30399,0.30234,0.29906,0.30103,0.08560,0.08757,0.08560,0.08691,0.08922,-49.46939,-3294.00000
0.74044,0.73518,0.74242,0.73847,0.74603,0.30563,0.30136,0.30267,0.30563,0.30432,0.08691,0.08790,0.08955,0.08889,0.08626,-49.46939,-3286.00000
0.73814,0.74406,0.74307,0.73682,0.74077,0.30037,0.30267,0.29807,0.30432,0.30432,0.08626,0.08658,0.08362,0.08527,0.08658,-49.64436,-3278.00000
0.74307,0.73584,0.73847,0.74439,0.74274,0.30498,0.30432,0.29971,0.30366,0.30070,0.08889,0.08593,0.08461,0.08297,0.08724,-49.64436,-3270.00000
0.73715,0.74307,0.73090,0.73946,0.73978,0.30432,0.30465,0.30037,0.30234,0.30136,0.08560,0.08560,0.08231,0.08889,0.08461,-49.44132,-3262.00000
0.73485,0.73386,0.73880,0.73847,0.73617,0.30202,0.30498,0.30498,0.30366,0.30234,0.08724,0.08790,0.08691,0.08395,0.08790,-49.44132,-3254.00000
0.73880,0.73682,0.73847,0.73781,0.74209,0.30366,0.30563,0.30169,0.30629,0.30629,0.08691,0.08658,0.08527,0.08428,0.08724,-49.52291,-3246.00000
0.73715,0.74570,0.73090,0.73978,0.73880,0.30169,0.30399,0.30169,0.30728,0.30563,0.08494,0.08691,0.08626,0.08593,0.08691,-49.52291,-3238.00000
0.74044,0.73518,0.74110,0.73551,0.73584,0.30267,0.30300,0.30662,0.30202,0.30366,0.08691,0.08593,0.08790,0.08527,0.08856,-49.30247,-3230.00000
0.74538,0.73946,0.73649,0.73946,0.73978,0.30465,0.30530,0.30498,0.30234,0.30136,0.08955,0.08395,0.08099,0.08724,0.08823,-49.30247,-3222.00000
0.73518,0.73649,0.74307,0.73189,0.73584,0.30169,0.30300,0.30234,0.29906,0.30300,0.08330,0.08494,0.08231,0.08560,0.08560,-49.54625,-3214.00000
0.74077,0.73946,0.73978,0.74472,0.73814,0.29971,0.30004,0.30103,0.30070,0.29840,0.08823,0.08593,0.08626,0.08856,0.08428,-49.54625,-3206.00000
0.73649,0.74340,0.73781,0.73913,0.73978,0.30530,0.29971,0.30629,0.30037,0.30103,0.08626,0.08165,0.08691,0.08626,0.08527,-49.58514,-3198.00000
0.73715,0.73978,0.74143,0.73551,0.74209,0.30333,0.30366,0.30333,0.30267,0.30136,0.08691,0.08856,0.08922,0.08560,0.08231,-49.58514,-3190.00000
0.74209,0.73485,0.73518,0.73880,0.73814,0.30366,0.30267,0.29938,0.30399,0.30465,0.08527,0.08889,0.08362,0.08790,0.08527,-49.63876,-3182.00000
0.73617,0.73880,0.73584,0.74242,0.73946,0.30761,0.30300,0.30333,0.30037,0.30070,0.08395,0.08428,0.08593,0.08461,0.08527,-49.63876,-3174.00000
0.73880,0.73617,0.74340,0.73880,0.73649,0.29873,0.30530,0.30267,0.30432,0.30366,0.08790,0.08560,0.08461,0.08724,0.08494,-51.02299,-3166.00000
0.73617,0.73748,0.73551,0.73847,0.73617,0.30465,0.30103,0.30333,0.30530,0.30103,0.08724,0.08297,0.08658,0.08790,0.08461,-51.02299,-3158.00000
0.73386,0.73222,0.73452,0.74044,0.73748,0.30070,0.30465,0.30498,0.30498,0.30103,0.08626,0.08395,0.08395,0.08658,0.08658,-50.55056,-3150.00000
0.74143,0.73551,0.73946,0.74011,0.73978,0.30333,0.30103,0.30234,0.30465,0.30432,0.08790,0.08264,0.08330,0.08560,0.08691,-50.55056,-3142.00000
0.74274,0.73682,0.74209,0.74011,0.74143,0.29938,0.29971,0.30070,0.30202,0.30333,0.08264,0.08527,0.08362,0.08132,0.08330,-51.03944,-3134.00000
0.73781,0.73288,0.74307,0.74044,0.73156,0.30728,0.30202,0.30037,0.30563,0.30432,0.08790,0.08593,0.08955,0.08724,0.08856,-51.03944,-3126.00000
0.73353,0.74044,0.73781,0.73518,0.73584,0.29873,0.30136,0.30596,0.30037,0.30530,0.08494,0.08560,0.08691,0.08658,0.08626,-50.28779,-3118.00000
0.73946,0.73814,0.73419,0.73748,0.73847,0.29971,0.30399,0.30596,0.30596,0.29906,0.08461,0.08658,0.08461,0.08757,0.08856,-50.28779,-3110.00000
0.73814,0.73518,0.73715,0.73880,0.73321,0.29840,0.30103,0.30037,0.30234,0.30234,0.08626,0.08658,0.08658,0.08757,0.08724,-50.47348,-3102.00000
0.74373,0.73353,0.73978,0.73880,0.74307,0.30563,0.30267,0.30169,0.29938,0.30267,0.08494,0.08560,0.08527,0.08691,0.08922,-50.47348,-3094.00000
0.73551,0.73551,0.74143,0.73222,0.74077,0.30333,0.30530,0.30366,0.29971,0.30333,0.08823,0.08362,0.08560,0.09152,0.08658,-49.23332,-3086.00000
0.73946,0.73814,0.73156,0.73321,0.73123,0.30234,0.30202,0.30136,0.30695,0.30530,0.08658,0.08691,0.08626,0.08593,0.08658,-49.23332,-3078.00000
0.73518,0.73584,0.73255,0.73913,0.73649,0.30629,0.30234,0.29840,0.30794,0.30267,0.08264,0.08527,0.08724,0.08494,0.08560,-49.34567,-3070.00000
0.73617,0.74011,0.73781,0.73321,0.73913,0.30037,0.30004,0.29938,0.30465,0.29840,0.08593,0.08757,0.08231,0.08428,0.08297,-49.34567,-3062.00000
0.73551,0.73189,0.73551,0.74077,0.73847,0.30333,0.30070,0.30136,0.30070,0.30498,0.08428,0.08626,0.08823,0.08494,0.08461,-49.87059,-3054.00000
0.72926,0.73584,0.74307,0.73748,0.73452,0.30432,0.30202,0.30037,0.30267,0.29906,0.08560,0.08527,0.08626,0.08330,0.08955,-49.87059,-3046.00000
0.73353,0.73386,0.73847,0.73288,0.73584,0.30300,0.30169,0.30596,0.30103,0.29971,0.08362,0.08231,0.08494,0.08494,0.08626,-50.05736,-3038.00000
0.73419,0.73946,0.73748,0.74044,0.74472,0.29873,0.30498,0.30465,0.30728,0.30202,0.08724,0.08198,0.08757,0.08790,0.08461,-50.05736,-3030.00000
0.73419,0.73156,0.73485,0.74044,0.73057,0.30202,0.30465,0.29807,0.29906,0.30070,0.07968,0.08428,0.08527,0.08527,0.08494,-49.64050,-3022.00000
0.73156,0.73617,0.73518,0.73682,0.73518,0.29741,0.30432,0.30202,0.29971,0.30004,0.08658,0.08330,0.08494,0.08494,0.08330,-49.64050,-3014.00000
0.73781,0.73978,0.73946,0.73978,0.73715,0.30399,0.30399,0.29938,0.30070,0.29906,0.08527,0.08922,0.08560,0.08264,0.08560,-50.32074,-3006.00000
0.73452,0.73781,0.73255,0.72992,0.74044,0.30530,0.30300,0.29708,0.30300,0.30333,0.08560,0.08264,0.08823,0.08132,0.08198,-50.32074,-2998.00000
0.73452,0.73617,0.73913,0.73419,0.73386,0.30169,0.30070,0.30267,0.30004,0.30267,0.08658,0.08593,0.08066,0.08330,0.08297,-50.29953,-2990.00000
0.73814,0.73288,0.73353,0.73222,0.73386,0.30300,0.30202,0.30070,0.30037,0.29906,0.08330,0.08264,0.08593,0.08724,0.08856,-50.29953,-2982.00000
0.73353,0.73485,0.73386,0.73353,0.73518,0.30136,0.30826,0.29807,0.30070,0.30070,0.08658,0.08790,0.08264,0.08362,0.08362,-50.60631,-2974.00000
0.73946,0.72992,0.73353,0.72794,0.73913,0.30169,0.29873,0.30004,0.30169,0.30498,0.08461,0.08658,0.08297,0.08461,0.08428,-50.60631,-2966.00000
0.73189,0.74143,0.73419,0.73781,0.73353,0.30103,0.30037,0.30432,0.29774,0.29807,0.08428,0.08297,0.08297,0.08395,0.08099,-50.14690,-2958.00000
0.73255,0.72959,0.73880,0.73781,0.73025,0.30366,0.30136,0.30300,0.30103,0.29906,0.08165,0.08593,0.08626,0.08527,0.08297,-50.14690,-2950.00000
0.74143,0.73419,0.72926,0.74110,0.72498,0.30530,0.29741,0.30267,0.30202,0.30399,0.08560,0.08362,0.08132,0.08330,0.08691,-49.93917,-2942.00000
0.73946,0.73189,0.73518,0.73715,0.73123,0.30169,0.29675,0.30037,0.29906,0.30103,0.08264,0.08461,0.08066,0.08034,0.08034,-49.93917,-2934.00000
0.73649,0.73189,0.73682,0.73814,0.74044,0.30366,0.30234,0.29675,0.29873,0.29873,0.08428,0.08264,0.08527,0.08034,0.07935,-50.09410,-2926.00000
0.74274,0.73057,0.73518,0.73156,0.72860,0.29971,0.30202,0.29873,0.30004,0.30234,0.08790,0.08428,0.08231,0.08330,0.08362,-50.09410,-2918.00000
0.73946,0.73649,0.72137,0.73419,0.73255,0.30234,0.30103,0.30333,0.29906,0.29906,0.08428,0.08658,0.08428,0.08362,0.08461,-49.51971,-2910.00000
0.73255,0.73386,0.73386,0.73485,0.73419,0.30399,0.30300,0.29610,0.29840,0.29774,0.08034,0.08527,0.08165,0.08066,0.08297,-49.51971,-2902.00000
0.73518,0.73288,0.73255,0.73551,0.73123,0.29971,0.30629,0.29840,0.30333,0.29938,0.08165,0.08362,0.08428,0.08362,0.08395,-50.33114,-2894.00000
0.73551,0.73518,0.73353,0.73978,0.73551,0.30662,0.29774,0.30037,0.30300,0.30202,0.08461,0.08428,0.08165,0.08757,0.08494,-50.33114,-2886.00000
0.73025,0.73682,0.73156,0.73781,0.73156,0.29840,0.30070,0.30103,0.30399,0.29708,0.08297,0.08658,0.08428,0.08330,0.08560,-49.60649,-2878.00000
0.73222,0.73715,0.74044,0.73452,0.73913,0.30465,0.30202,0.29938,0.30234,0.30234,0.08494,0.08461,0.08330,0.08132,0.08494,-49.60649,-2870.00000
0.72663,0.73485,0.73353,0.73123,0.74110,0.30004,0.30070,0.30136,0.30333,0.29741,0.08395,0.08626,0.08099,0.08330,0.08494,-49.80324,-2862.00000
0.73090,0.73288,0.73321,0.72992,0.73715,0.29807,0.30103,0.30103,0.30399,0.29938,0.08001,0.08527,0.08066,0.08461,0.08461,-49.80324,-2854.00000
0.73386,0.73025,0.73123,0.73123,0.73649,0.30103,0.30366,0.30234,0.29971,0.30202,0.08691,0.08198,0.08494,0.08395,0.08395,-48.73219,-2846.00000
0.73452,0.73485,0.73518,0.73452,0.73518,0.29938,0.29774,0.29906,0.29741,0.30399,0.08461,0.08264,0.08264,0.08264,0.08395,-48.73219,-2838.00000
0.73255,0.73386,0.73386,0.73847,0.73748,0.30333,0.30136,0.29906,0.30103,0.30563,0.08461,0.08527,0.08626,0.08724,0.08395,-50.85779,-2830.00000
0.72827,0.73386,0.73518,0.73485,0.72992,0.29774,0.30366,0.30103,0.30333,0.30202,0.08560,0.08297,0.08297,0.08395,0.08231,-50.85779,-2822.00000
0.72564,0.73386,0.73649,0.73057,0.73551,0.29379,0.29971,0.29840,0.30103,0.30037,0.08593,0.09020,0.08658,0.08231,0.08165,-49.44745,-2814.00000
0.73551,0.72400,0.73321,0.72794,0.73386,0.30300,0.30465,0.29938,0.29708,0.29971,0.08691,0.08395,0.08461,0.08527,0.08395,-49.44745,-2806.00000
0.73880,0.73321,0.73584,0.72992,0.73452,0.29971,0.30037,0.30070,0.30070,0.30629,0.08395,0.08757,0.08461,0.08593,0.08231,-49.99716,-2798.00000
0.73222,0.73386,0.73123,0.73419,0.73057,0.29774,0.30202,0.30267,0.30202,0.29938,0.08165,0.08494,0.08560,0.08330,0.08198,-49.99716,-2790.00000
0.73649,0.73485,0.73518,0.73518,0.72959,0.30202,0.30103,0.30498,0.30267,0.29642,0.08099,0.08560,0.08560,0.08461,0.08724,-49.94243,-2782.00000
0.73485,0.73156,0.73518,0.73551,0.73847,0.30300,0.30333,0.30136,0.30169,0.29610,0.08494,0.08198,0.07968,0.08330,0.08395,-49.94243,-2774.00000
0.73617,0.73880,0.72696,0.73222,0.73617,0.29741,0.29840,0.29807,0.29708,0.29774,0.07935,0.08034,0.08198,0.08231,0.08757,-50.32522,-2766.00000
0.73189,0.73255,0.72893,0.72761,0.73255,0.29741,0.29938,0.29938,0.30004,0.30300,0.08626,0.08560,0.08461,0.08955,0.08198,-50.32522,-2758.00000
0.73156,0.73518,0.73255,0.72992,0.73321,0.30202,0.30136,0.30399,0.30399,0.30432,0.08823,0.08428,0.08264,0.08395,0.08231,-49.75001,-2750.00000
0.72235,0.73551,0.73222,0.73715,0.73288,0.30004,0.29873,0.30234,0.30465,0.30037,0.08428,0.08626,0.08527,0.08461,0.08560,-49.75001,-2742.00000
0.72893,0.73090,0.72860,0.72663,0.72860,0.30037,0.29708,0.29610,0.29906,0.29774,0.08593,0.08198,0.08198,0.08395,0.08428,-49.56983,-2734.00000
0.72959,0.73090,0.72827,0.72531,0.74011,0.30399,0.30202,0.30366,0.29873,0.29873,0.08362,0.08560,0.08034,0.08297,0.08527,-49.56983,-2726.00000
0.72761,0.73617,0.72992,0.73321,0.73551,0.29938,0.30037,0.29938,0.30103,0.29610,0.08395,0.08658,0.08264,0.08165,0.08428,-50.38306,-2718.00000
0.73518,0.73353,0.73156,0.73057,0.73255,0.29840,0.29741,0.29971,0.29938,0.30202,0.08593,0.08560,0.07935,0.08297,0.08823,-50.38306,-2710.00000
0.73946,0.72926,0.73025,0.72630,0.73485,0.30366,0.30070,0.30070,0.29774,0.30004,0.08428,0.07869,0.08165,0.08264,0.08395,-51.08020,-2702.00000
0.73419,0.73057,0.72696,0.72301,0.72893,0.29873,0.29478,0.29741,0.29971,0.29971,0.08658,0.08494,0.08362,0.08560,0.08527,-51.08020,-2694.00000
0.72729,0.73156,0.73321,0.73419,0.72564,0.30728,0.29412,0.29774,0.29807,0.30136,0.08527,0.08560,0.08297,0.08362,0.08428,-50.68903,-2686.00000
0.73057,0.72729,0.73123,0.73057,0.72827,0.29840,0.29906,0.29840,0.29577,0.29840,0.07869,0.08428,0.08198,0.08066,0.08757,-50.68903,-2678.00000
0.73057,0.72531,0.72926,0.73584,0.73222,0.30366,0.30399,0.29873,0.29741,0.30333,0.08001,0.08264,0.08527,0.08362,0.08461,-49.75858,-2670.00000
0.72400,0.73189,0.73090,0.72926,0.72794,0.29971,0.29741,0.30333,0.30169,0.30530,0.08461,0.08395,0.08165,0.08132,0.08231,-49.75858,-2662.00000
0.72959,0.73649,0.73913,0.72465,0.73617,0.30465,0.30267,0.30465,0.29577,0.30004,0.07902,0.08395,0.08691,0.08132,0.08231,-51.46620,-2654.00000
0.73156,0.73057,0.73386,0.72959,0.72926,0.29840,0.30070,0.30465,0.29807,0.29774,0.07803,0.08231,0.08757,0.08494,0.07968,-51.46620,-2646.00000
0.73123,0.73551,0.72400,0.72400,0.72860,0.29642,0.30037,0.30004,0.30333,0.29873,0.08198,0.08494,0.08395,0.08494,0.07902,-50.31806,-2638.00000
0.72564,0.73025,0.73353,0.72301,0.72696,0.30103,0.29511,0.29873,0.30103,0.29741,0.08856,0.08560,0.08099,0.07902,0.08165,-50.31806,-2630.00000
0.73452,0.73123,0.73485,0.72696,0.72729,0.29906,0.29906,0.29906,0.29938,0.29906,0.08132,0.08165,0.08593,0.08198,0.08560,-50.58872,-2622.00000
0.73321,0.73189,0.72104,0.73649,0.72926,0.30004,0.29906,0.29906,0.30366,0.30070,0.08494,0.08428,0.08297,0.08527,0.08264,-50.58872,-2614.00000
0.72597,0.72597,0.72729,0.72959,0.73189,0.29971,0.29610,0.29807,0.30004,0.29807,0.08297,0.08330,0.08461,0.08034,0.08461,-50.85100,-2606.00000
0.73288,0.72465,0.73025,0.72005,0.73025,0.29675,0.30037,0.30037,0.29642,0.29741,0.08231,0.08494,0.08132,0.08264,0.08527,-50.85100,-2598.00000
0.72597,0.72860,0.72630,0.73255,0.73090,0.30366,0.29971,0.29741,0.29873,0.30037,0.08099,0.08231,0.08001,0.08527,0.08132,-51.20919,-2590.00000
0.73321,0.73518,0.73090,0.72696,0.72597,0.30202,0.29840,0.29412,0.30399,0.30004,0.08297,0.07935,0.08428,0.08494,0.08395,-51.20919,-2582.00000
0.73321,0.73025,0.73321,0.72992,0.72992,0.29675,0.29906,0.29774,0.29938,0.29906,0.08264,0.08198,0.08198,0.08461,0.08264,-50.69004,-2574.00000
0.73090,0.73649,0.72893,0.73090,0.72992,0.30004,0.30070,0.30530,0.30103,0.29971,0.08264,0.08461,0.08658,0.08231,0.07968,-50.69004,-2566.00000
0.72992,0.72531,0.73090,0.72959,0.73222,0.30136,0.29774,0.29544,0.29906,0.30202,0.08330,0.08330,0.08198,0.08395,0.08560,-50.46709,-2558.00000
0.72465,0.73025,0.72597,0.73419,0.72531,0.29774,0.29642,0.29445,0.30004,0.30004,0.08066,0.08099,0.08099,0.08395,0.08297,-50.46709,-2550.00000
0.72400,0.73123,0.73025,0.72531,0.73025,0.29511,0.29741,0.29938,0.30202,0.29741,0.08165,0.08461,0.08066,0.08099,0.08034,-49.33511,-2542.00000
0.73321,0.73255,0.72926,0.73222,0.73617,0.30103,0.29675,0.29544,0.29840,0.29873,0.08132,0.08297,0.08066,0.07770,0.08198,-49.33511,-2534.00000
0.72104,0.72959,0.73123,0.72202,0.73288,0.29840,0.29906,0.29840,0.29971,0.30267,0.08626,0.08264,0.08066,0.08034,0.08231,-49.67000,-2526.00000
0.73288,0.72169,0.72367,0.73156,0.72663,0.30070,0.29610,0.29412,0.29938,0.30202,0.08658,0.07968,0.08297,0.08297,0.08362,-49.67000,-2518.00000
0.72959,0.73090,0.72597,0.72959,0.72137,0.29478,0.29116,0.29675,0.29675,0.29379,0.07968,0.08297,0.08395,0.08264,0.08527,-49.62992,-2510.00000
0.72827,0.72433,0.72465,0.73518,0.72597,0.29840,0.30103,0.29774,0.30202,0.30103,0.08066,0.08165,0.08034,0.08099,0.08330,-49.62992,-2502.00000
0.72893,0.72959,0.72827,0.72926,0.72465,0.29873,0.29807,0.29774,0.29807,0.30070,0.07902,0.08330,0.08362,0.08198,0.08494,-50.80617,-2494.00000
0.72202,0.73090,0.72301,0.72663,0.72663,0.29807,0.30004,0.29774,0.29675,0.29840,0.08297,0.08034,0.08165,0.07902,0.08198,-50.80617,-2486.00000
0.72104,0.73288,0.72630,0.73057,0.72465,0.29708,0.29544,0.29971,0.29741,0.29873,0.07869,0.08494,0.07836,0.08132,0.08034,-49.93434,-2478.00000
0.72400,0.73189,0.72564,0.72663,0.72926,0.29741,0.29544,0.29971,0.30037,0.29741,0.08231,0.08066,0.07935,0.08066,0.08461,-49.93434,-2470.00000
0.73090,0.73255,0.72630,0.72630,0.72794,0.29774,0.29840,0.30169,0.29906,0.29577,0.08428,0.07902,0.08330,0.08034,0.08428,-49.52527,-2462.00000
0.72729,0.72761,0.72663,0.72926,0.72893,0.30103,0.29544,0.30070,0.29938,0.29675,0.08066,0.08264,0.07968,0.08231,0.08264,-49.52527,-2454.00000
0.72992,0.72663,0.72926,0.72794,0.72926,0.29906,0.29478,0.29840,0.30004,0.29906,0.08494,0.08297,0.07935,0.08362,0.08297,-50.06049,-2446.00000
0.72860,0.72663,0.73386,0.72400,0.72137,0.29511,0.30070,0.30300,0.29412,0.29774,0.08132,0.08724,0.08297,0.08198,0.08132,-50.06049,-2438.00000
0.73353,0.72893,0.72696,0.72860,0.72597,0.29807,0.29971,0.29906,0.30004,0.29906,0.08297,0.08198,0.08461,0.08264,0.07770,-49.94968,-2430.00000
0.72334,0.72794,0.73156,0.72729,0.72334,0.30202,0.29544,0.29938,0.29971,0.30300,0.08428,0.08198,0.08362,0.08297,0.08001,-49.94968,-2422.00000
0.72498,0.72761,0.72761,0.72794,0.72992,0.30136,0.30103,0.30136,0.29544,0.29774,0.08362,0.07935,0.08099,0.08395,0.08231,-50.21898,-2414.00000
0.72498,0.72597,0.72465,0.72038,0.72860,0.30070,0.30037,0.29544,0.29478,0.29610,0.08330,0.08231,0.08330,0.08001,0.08231,-50.21898,-2406.00000
0.71939,0.72235,0.72992,0.72729,0.72465,0.29906,0.29873,0.29610,0.29610,0.29873,0.08461,0.08395,0.07770,0.08560,0.08461,-49.40148,-2398.00000
0.72926,0.72367,0.72827,0.72794,0.72630,0.29511,0.30004,0.29807,0.29774,0.29807,0.08132,0.07869,0.08198,0.08428,0.08395,-49.40148,-2390.00000
0.72696,0.72465,0.72400,0.72992,0.72137,0.30366,0.29774,0.29741,0.29445,0.29544,0.08593,0.08001,0.08099,0.08264,0.08560,-50.65045,-2382.00000
0.72630,0.72696,0.72498,0.72268,0.72169,0.29938,0.29938,0.30234,0.29314,0.29906,0.08165,0.08823,0.08099,0.08297,0.08428,-50.65045,-2374.00000
0.72597,0.72564,0.72564,0.73123,0.72367,0.29445,0.29906,0.29906,0.29544,0.29807,0.08527,0.08658,0.08461,0.08757,0.08330,-50.02005,-2366.00000
0.72465,0.72498,0.72630,0.72696,0.72104,0.29642,0.30004,0.29642,0.29774,0.29642,0.08165,0.08297,0.08231,0.08494,0.08099,-50.02005,-2358.00000
0.72268,0.73222,0.72137,0.72235,0.73189,0.29577,0.30004,0.29577,0.29840,0.29610,0.08494,0.08395,0.08297,0.08658,0.08264,-50.43971,-2350.00000
0.72597,0.72334,0.72696,0.71676,0.73156,0.29741,0.29610,0.29840,0.29610,0.29840,0.08099,0.08330,0.08494,0.08264,0.08165,-50.43971,-2342.00000
0.72630,0.72663,0.71873,0.72005,0.72959,0.30136,0.29873,0.29906,0.29938,0.29478,0.08297,0.08593,0.08330,0.08264,0.08165,-49.87073,-2334.00000
0.72400,0.72729,0.72498,0.72433,0.72334,0.29741,0.29412,0.30136,0.29840,0.29412,0.08001,0.08330,0.08297,0.08034,0.07836,-49.87073,-2326.00000
0.72301,0.73057,0.72433,0.72564,0.73090,0.29708,0.29675,0.29840,0.29610,0.29642,0.08231,0.08330,0.08264,0.08823,0.07803,-50.21125,-2318.00000
0.71742,0.72433,0.72169,0.72137,0.72531,0.30004,0.29445,0.29741,0.29412,0.29938,0.08395,0.08560,0.07902,0.07968,0.07968,-50.21125,-2310.00000
0.72169,0.72893,0.72169,0.72498,0.72104,0.29577,0.29511,0.30070,0.29314,0.30070,0.07869,0.08264,0.08198,0.07672,0.08264,-49.88101,-2302.00000
0.72433,0.71939,0.72761,0.72597,0.72202,0.29511,0.29840,0.29708,0.29577,0.29610,0.08461,0.08099,0.08626,0.08198,0.08198,-49.88101,-2294.00000
0.71939,0.71841,0.72400,0.71808,0.71906,0.29544,0.30004,0.29675,0.29478,0.29840,0.08165,0.08362,0.08330,0.08132,0.08099,-50.23836,-2286.00000
0.72465,0.72696,0.72104,0.72761,0.72367,0.29281,0.29675,0.29675,0.29807,0.29642,0.08494,0.08330,0.08691,0.08001,0.08099,-50.23836,-2278.00000
0.72992,0.72268,0.72334,0.72104,0.72301,0.29675,0.29642,0.29807,0.29445,0.29511,0.08264,0.07935,0.08626,0.08527,0.08001,-49.74076,-2270.00000
0.71906,0.71643,0.72367,0.71841,0.72005,0.30103,0.29610,0.29873,0.30136,0.29577,0.07902,0.08034,0.08132,0.08428,0.08297,-49.74076,-2262.00000
0.72860,0.72071,0.72235,0.72761,0.72235,0.29412,0.29675,0.29544,0.29379,0.29807,0.08428,0.07935,0.08066,0.08034,0.08132,-50.47097,-2254.00000
0.72169,0.72827,0.72202,0.72169,0.72465,0.30103,0.29412,0.29478,0.29840,0.29642,0.08494,0.08264,0.08428,0.08001,0.08165,-50.47097,-2246.00000
0.72531,0.72794,0.71808,0.72005,0.72005,0.29412,0.29741,0.29445,0.29544,0.29971,0.08494,0.08593,0.08198,0.08198,0.08297,-50.19154,-2238.00000
0.72137,0.72104,0.72761,0.72301,0.72926,0.29610,0.30037,0.29642,0.29807,0.29577,0.07968,0.08001,0.07935,0.08165,0.08330,-50.19154,-2230.00000
0.72531,0.72104,0.72169,0.72137,0.72169,0.29774,0.29314,0.29610,0.29281,0.29610,0.07968,0.07836,0.08231,0.08231,0.08132,-50.63044,-2222.00000
0.72137,0.72696,0.71676,0.71972,0.72071,0.29642,0.29182,0.29938,0.29577,0.29577,0.08231,0.08264,0.08461,0.08626,0.07836,-50.63044,-2214.00000
0.71742,0.72104,0.71972,0.72169,0.72433,0.29577,0.29577,0.29840,0.29675,0.29675,0.07869,0.08362,0.08330,0.08165,0.08231,-49.72684,-2206.00000
0.71709,0.72268,0.71775,0.72038,0.72433,0.29511,0.29873,0.29281,0.29642,0.29478,0.08034,0.07672,0.08165,0.08231,0.08001,-49.72684,-2198.00000
0.72005,0.71742,0.71577,0.72564,0.71873,0.29281,0.29346,0.29774,0.29445,0.29675,0.08001,0.07902,0.08297,0.07869,0.08034,-50.04653,-2190.00000
0.72071,0.72433,0.72465,0.72334,0.72169,0.29675,0.29281,0.29741,0.29708,0.29807,0.08198,0.08461,0.08297,0.08165,0.08231,-50.04653,-2182.00000
0.72301,0.71249,0.72104,0.71873,0.72137,0.29774,0.29445,0.29577,0.29610,0.29774,0.08593,0.08362,0.08066,0.08395,0.08034,-49.63020,-2174.00000
0.72268,0.71709,0.72202,0.71906,0.71577,0.30234,0.29708,0.29149,0.29577,0.29511,0.07836,0.08395,0.08001,0.08001,0.08066,-49.63020,-2166.00000
0.71972,0.72465,0.71808,0.71742,0.71216,0.29675,0.29346,0.29478,0.29281,0.29544,0.08330,0.08099,0.08001,0.08297,0.08099,-50.55973,-2158.00000
0.71512,0.72630,0.71972,0.72301,0.72071,0.29577,0.29938,0.29478,0.29478,0.29149,0.07836,0.07738,0.08428,0.08362,0.07869,-50.55973,-2150.00000
0.72202,0.72597,0.72202,0.72334,0.72005,0.29544,0.29544,0.29807,0.29577,0.29807,0.08297,0.08034,0.07869,0.08198,0.08198,-49.64022,-2142.00000
0.71545,0.72005,0.72531,0.72400,0.71808,0.29511,0.29511,0.29675,0.29708,0.29445,0.08198,0.07540,0.08362,0.07803,0.07968,-49.64022,-2134.00000
0.71446,0.72104,0.71775,0.71972,0.72433,0.29642,0.29379,0.29577,0.29511,0.29478,0.07738,0.07672,0.07935,0.08066,0.08132,-49.40751,-2126.00000
0.71249,0.72301,0.71841,0.71972,0.72071,0.29215,0.29478,0.29511,0.29708,0.29675,0.08099,0.08099,0.08165,0.07672,0.08099,-49.40751,-2118.00000
0.71841,0.72531,0.71512,0.71676,0.72005,0.30004,0.29544,0.29281,0.29577,0.29577,0.07902,0.08198,0.08264,0.07968,0.07639,-50.69252,-2110.00000
0.71841,0.71939,0.71939,0.71446,0.72071,0.29149,0.29938,0.29248,0.29873,0.29873,0.07902,0.08395,0.08099,0.08066,0.07869,-50.69252,-2102.00000
0.72498,0.71380,0.72729,0.72005,0.71873,0.29610,0.29642,0.29708,0.29610,0.29445,0.08001,0.08428,0.08264,0.08330,0.08395,-49.66511,-2094.00000
0.72104,0.71808,0.72433,0.71676,0.72104,0.28919,0.30070,0.29675,0.29774,0.29248,0.07869,0.08264,0.08001,0.08165,0.08034,-49.66511,-2086.00000
0.71775,0.71479,0.71676,0.72564,0.71347,0.29445,0.29346,0.29544,0.29511,0.29379,0.08066,0.07968,0.07968,0.07968,0.08560,-50.39408,-2078.00000
0.71314,0.71775,0.72169,0.71841,0.71775,0.29445,0.29215,0.29050,0.29149,0.29215,0.08231,0.08132,0.07803,0.07968,0.07869,-50.39408,-2070.00000
0.71775,0.72498,0.71972,0.71906,0.71841,0.29215,0.29149,0.29412,0.29445,0.29182,0.08066,0.08099,0.08099,0.08362,0.08099,-50.07253,-2062.00000
0.71610,0.71709,0.71413,0.71972,0.72137,0.29840,0.30202,0.29116,0.29083,0.29807,0.07770,0.08395,0.08198,0.07869,0.08198,-50.07253,-2054.00000
0.72169,0.71906,0.71314,0.71643,0.72235,0.29511,0.29610,0.29741,0.29938,0.29478,0.07869,0.08001,0.08165,0.08264,0.07770,-50.25355,-2046.00000
0.71479,0.71610,0.72268,0.71676,0.71183,0.29675,0.29577,0.29346,0.29478,0.29281,0.08001,0.08099,0.07803,0.08165,0.08066,-50.25355,-2038.00000
0.71906,0.71249,0.72137,0.71216,0.72630,0.29642,0.29577,0.28853,0.29314,0.29149,0.07836,0.07968,0.08066,0.07935,0.08132,-50.90314,-2030.00000
0.71972,0.71709,0.71709,0.71183,0.71413,0.29807,0.29478,0.29281,0.29478,0.29741,0.08001,0.07968,0.07902,0.08362,0.07869,-50.90314,-2022.00000
0.71775,0.71610,0.72202,0.72137,0.72071,0.29577,0.29346,0.29478,0.28886,0.29840,0.08034,0.07935,0.07935,0.08395,0.08001,-51.17911,-2014.00000
0.71939,0.71939,0.71545,0.71577,0.71742,0.29445,0.29906,0.29478,0.29675,0.29412,0.07738,0.08264,0.07869,0.07935,0.08132,-51.17911,-2006.00000
0.71939,0.71775,0.71709,0.71972,0.71939,0.29445,0.30136,0.30037,0.29478,0.29577,0.08395,0.08198,0.08034,0.08099,0.08034,-50.07930,-1998.00000
0.71742,0.71775,0.71676,0.71545,0.71775,0.29412,0.29478,0.29248,0.29544,0.29281,0.08099,0.08461,0.07540,0.07606,0.08066,-50.07930,-1990.00000
0.72301,0.71610,0.70953,0.72137,0.71183,0.29412,0.29873,0.29379,0.29577,0.29478,0.07935,0.07968,0.08264,0.08165,0.08330,-50.18858,-1982.00000
0.71841,0.71281,0.71413,0.71676,0.72268,0.29610,0.29248,0.29873,0.29544,0.29478,0.08198,0.07803,0.08395,0.07935,0.08066,-50.18858,-1974.00000
0.71347,0.71709,0.71512,0.72038,0.71841,0.29511,0.29708,0.29741,0.29807,0.29445,0.07573,0.07869,0.07968,0.07968,0.08034,-49.21782,-1966.00000
0.71084,0.71479,0.71512,0.71939,0.72235,0.29642,0.29610,0.29248,0.29445,0.29182,0.08099,0.08165,0.08132,0.07836,0.07935,-49.21782,-1958.00000
0.72202,0.71709,0.71545,0.72038,0.71380,0.29346,0.29149,0.29544,0.29873,0.29642,0.08001,0.07770,0.07935,0.07639,0.07803,-49.56985,-1950.00000
0.71446,0.71117,0.71841,0.72071,0.71841,0.29314,0.29248,0.29116,0.29116,0.29544,0.07738,0.08066,0.07573,0.07968,0.08198,-49.56985,-1942.00000
0.71709,0.71742,0.71643,0.71742,0.71446,0.29379,0.29083,0.29445,0.29873,0.29642,0.08198,0.07606,0.08198,0.08165,0.08034,-49.83619,-1934.00000
0.71610,0.71577,0.71676,0.71709,0.71577,0.29346,0.29215,0.29610,0.29182,0.29182,0.07770,0.08297,0.07606,0.08034,0.08231,-49.83619,-1926.00000
0.71972,0.71183,0.71742,0.71446,0.71479,0.29281,0.29840,0.29675,0.29544,0.29346,0.07606,0.07738,0.07935,0.07836,0.07770,-50.04261,-1918.00000
0.71314,0.71150,0.71742,0.71446,0.72367,0.29281,0.29346,0.29083,0.29314,0.29873,0.08231,0.08066,0.08198,0.08099,0.07869,-50.04261,-1910.00000
0.71545,0.70985,0.72235,0.71347,0.71018,0.29281,0.29445,0.29281,0.29248,0.29708,0.07836,0.07738,0.08198,0.07803,0.08132,-50.06525,-1902.00000
0.71314,0.72137,0.71479,0.71051,0.72071,0.29149,0.29675,0.29248,0.29478,0.29346,0.07836,0.07705,0.07672,0.07869,0.07836,-50.06525,-1894.00000
0.71249,0.71479,0.71413,0.71742,0.71249,0.29281,0.29544,0.29182,0.29906,0.29610,0.08066,0.08099,0.08264,0.07869,0.08560,-50.58438,-1886.00000
0.71314,0.71150,0.71873,0.71808,0.71742,0.29774,0.28754,0.29478,0.29379,0.29346,0.07869,0.07836,0.07902,0.08165,0.07606,-50.58438,-1878.00000
0.71808,0.72038,0.71610,0.71841,0.71183,0.29577,0.29248,0.29642,0.29281,0.29445,0.07902,0.07869,0.08034,0.07935,0.08001,-49.83565,-1870.00000
0.71150,0.71512,0.71479,0.71446,0.71742,0.29412,0.29346,0.29281,0.29314,0.29182,0.07935,0.07902,0.08066,0.08066,0.08034,-49.83565,-1862.00000
0.71084,0.71051,0.71643,0.71841,0.71545,0.29412,0.29050,0.29840,0.29050,0.29445,0.07738,0.07869,0.08001,0.08001,0.08099,-50.96030,-1854.00000
0.70985,0.71775,0.71347,0.71479,0.71117,0.29478,0.29544,0.29577,0.29741,0.29281,0.07770,0.07705,0.08132,0.08001,0.07869,-50.96030,-1846.00000
0.71183,0.71775,0.71545,0.71939,0.71873,0.29478,0.29346,0.29807,0.29149,0.29412,0.07573,0.07738,0.07836,0.08001,0.07968,-49.74041,-1838.00000
0.71281,0.71380,0.71347,0.71742,0.71281,0.28985,0.29478,0.29412,0.29511,0.29116,0.08231,0.07968,0.08198,0.08099,0.07672,-49.74041,-1830.00000
0.71775,0.71446,0.71413,0.71216,0.71314,0.29018,0.29741,0.29511,0.29116,0.29314,0.07507,0.08066,0.08132,0.08099,0.08231,-49.55770,-1822.00000
0.71216,0.70722,0.71610,0.71643,0.71347,0.29379,0.29248,0.28820,0.28853,0.29116,0.07902,0.07606,0.07968,0.07968,0.07902,-49.55770,-1814.00000
0.71281,0.71808,0.70755,0.71643,0.71183,0.29346,0.29544,0.28919,0.29610,0.29807,0.07803,0.07738,0.07869,0.08132,0.07705,-49.26371,-1806.00000
0.71709,0.70953,0.71676,0.71610,0.71643,0.29544,0.29248,0.29379,0.29182,0.29314,0.07277,0.08066,0.07935,0.07573,0.07639,-49.26371,-1798.00000
0.71084,0.71610,0.71775,0.71479,0.71117,0.29215,0.29182,0.28853,0.29577,0.29412,0.07573,0.07902,0.07738,0.08066,0.07836,-49.49270,-1790.00000
0.71972,0.70755,0.71577,0.71545,0.71380,0.29379,0.28754,0.29445,0.29774,0.29083,0.07738,0.07639,0.07738,0.08099,0.07639,-49.49270,-1782.00000
0.71610,0.72005,0.71117,0.71676,0.71413,0.29281,0.28985,0.29116,0.29610,0.29445,0.07836,0.08165,0.07869,0.07836,0.08297,-48.48902,-1774.00000
0.71150,0.71117,0.71281,0.71873,0.71051,0.29675,0.29544,0.29018,0.29346,0.29379,0.08034,0.08099,0.07935,0.07573,0.07738,-48.48902,-1766.00000
0.71676,0.71150,0.71314,0.71216,0.71479,0.28886,0.29577,0.29577,0.28656,0.29478,0.07606,0.07902,0.07705,0.07968,0.08001,-49.81336,-1758.00000
0.71413,0.71676,0.71117,0.71512,0.70558,0.29379,0.29248,0.29346,0.28853,0.29314,0.07869,0.07935,0.07935,0.07968,0.08001,-49.81336,-1750.00000
0.71150,0.71084,0.71610,0.71413,0.71117,0.29544,0.29050,0.29774,0.29741,0.28886,0.08198,0.07836,0.07869,0.07343,0.08001,-49.39398,-1742.00000
0.71084,0.71249,0.71051,0.70887,0.71183,0.29445,0.29445,0.29412,0.29642,0.29511,0.07968,0.07672,0.07902,0.08001,0.07770,-49.39398,-1734.00000
0.71610,0.71084,0.71183,0.70821,0.71347,0.29116,0.29511,0.29511,0.29182,0.29478,0.07869,0.07738,0.08132,0.07672,0.07639,-51.19357,-1726.00000
0.71216,0.71150,0.70887,0.70854,0.71380,0.29215,0.29314,0.28754,0.29445,0.28787,0.07672,0.07705,0.07869,0.07869,0.07738,-51.19357,-1718.00000
0.71742,0.71150,0.71051,0.71051,0.71742,0.29346,0.29018,0.28952,0.28754,0.28985,0.07836,0.07836,0.07935,0.07836,0.07968,-49.75694,-1710.00000
0.72071,0.71775,0.70393,0.70887,0.70755,0.28853,0.29149,0.28886,0.29149,0.29314,0.07738,0.07935,0.08165,0.07968,0.07836,-49.75694,-1702.00000
0.71742,0.71446,0.71413,0.70985,0.71216,0.29281,0.29445,0.29544,0.29116,0.29445,0.08001,0.08066,0.08198,0.07705,0.07738,-49.98833,-1694.00000
0.71446,0.71676,0.71018,0.71281,0.71808,0.29116,0.29642,0.29412,0.29346,0.29050,0.07639,0.07672,0.07639,0.07244,0.08132,-49.98833,-1686.00000
0.71150,0.71841,0.70722,0.71479,0.71446,0.29774,0.29314,0.29511,0.29412,0.29478,0.07573,0.08231,0.08034,0.07869,0.07639,-49.06399,-1678.00000
0.71742,0.70920,0.71249,0.71545,0.71281,0.29248,0.29577,0.29906,0.29346,0.29248,0.07770,0.07343,0.07639,0.08231,0.07803,-49.06399,-1670.00000
0.71347,0.71742,0.71775,0.71446,0.71249,0.29675,0.29018,0.29478,0.29018,0.29281,0.08034,0.07803,0.07869,0.07540,0.07507,-50.07399,-1662.00000
0.70920,0.71742,0.71446,0.70985,0.71018,0.29642,0.29248,0.29577,0.28886,0.28919,0.07705,0.07836,0.08001,0.07836,0.07442,-50.07399,-1654.00000
0.70624,0.71610,0.71808,0.71643,0.71808,0.28952,0.28722,0.29708,0.29445,0.29215,0.07902,0.07902,0.07705,0.08231,0.07310,-48.91639,-1646.00000
0.70887,0.71610,0.71150,0.71676,0.71873,0.29412,0.29478,0.29346,0.29412,0.29675,0.07639,0.07507,0.08198,0.07672,0.07474,-48.91639,-1638.00000
0.72202,0.70788,0.71117,0.71347,0.71577,0.29379,0.29379,0.29182,0.29215,0.29346,0.07474,0.07474,0.07540,0.07507,0.07803,-49.56317,-1630.00000
0.71084,0.71018,0.71117,0.71610,0.71051,0.29642,0.28886,0.29281,0.29511,0.28853,0.07770,0.07869,0.07770,0.07869,0.07803,-49.56317,-1622.00000
0.71051,0.71183,0.71347,0.71380,0.71314,0.29215,0.29281,0.29116,0.29149,0.29083,0.07968,0.07474,0.07474,0.07540,0.07507,-50.01108,-1614.00000
0.71183,0.71545,0.70788,0.71249,0.71446,0.29412,0.29511,0.29149,0.29050,0.29478,0.08034,0.07705,0.08099,0.07639,0.07146,-50.01108,-1606.00000
0.70591,0.71018,0.71545,0.71479,0.71281,0.28919,0.29083,0.29215,0.29544,0.29544,0.07738,0.07836,0.07836,0.07474,0.07836,-50.05681,-1598.00000
0.70985,0.71380,0.70854,0.70953,0.70953,0.29346,0.29412,0.29149,0.29215,0.29215,0.07606,0.07869,0.07935,0.08034,0.07507,-50.05681,-1590.00000
0.71742,0.70393,0.70920,0.70591,0.71479,0.29083,0.29412,0.29248,0.28919,0.29675,0.07935,0.08099,0.07573,0.07935,0.07902,-49.56210,-1582.00000
0.71117,0.71314,0.70920,0.71347,0.71084,0.29018,0.29215,0.29083,0.29083,0.29182,0.07343,0.07968,0.08001,0.07376,0.07770,-49.56210,-1574.00000
0.70985,0.70887,0.70920,0.70656,0.71018,0.29281,0.29083,0.29018,0.28919,0.29840,0.07902,0.07639,0.07935,0.08165,0.07376,-50.15702,-1566.00000
0.70920,0.70755,0.70689,0.71249,0.71479,0.29675,0.29116,0.29215,0.29149,0.29215,0.07507,0.07705,0.07606,0.07836,0.07474,-50.15702,-1558.00000
0.70953,0.70788,0.71117,0.71446,0.71117,0.29149,0.29149,0.29577,0.29215,0.28393,0.07573,0.07935,0.07474,0.07507,0.07803,-50.63759,-1550.00000
0.70755,0.71380,0.71314,0.70887,0.70689,0.29314,0.29314,0.29248,0.29248,0.29379,0.07902,0.07672,0.07573,0.07244,0.07409,-50.63759,-1542.00000
0.70887,0.70953,0.70887,0.70492,0.70887,0.29083,0.29346,0.28886,0.29544,0.29050,0.07507,0.07639,0.07639,0.07540,0.07705,-49.56440,-1534.00000
0.70525,0.71512,0.71413,0.70459,0.70788,0.29642,0.28952,0.29215,0.28985,0.29412,0.08001,0.07343,0.07836,0.07639,0.07442,-49.56440,-1526.00000
0.71709,0.71150,0.70624,0.70788,0.70492,0.29083,0.29478,0.29182,0.29215,0.29215,0.07836,0.07705,0.07376,0.07343,0.07573,-50.21433,-1518.00000
0.71380,0.70656,0.70558,0.71216,0.70624,0.28886,0.29182,0.29445,0.29215,0.28886,0.07836,0.07409,0.07540,0.07639,0.07474,-50.21433,-1510.00000
0.71314,0.70130,0.71117,0.71051,0.70722,0.29182,0.29018,0.28853,0.29248,0.29379,0.07639,0.07540,0.07507,0.07376,0.07343,-49.57738,-1502.00000
0.71545,0.70689,0.70722,0.71545,0.70953,0.29379,0.29281,0.29478,0.28952,0.29346,0.08099,0.07376,0.07540,0.07705,0.07738,-49.57738,-1494.00000
0.70953,0.70755,0.70821,0.71183,0.71249,0.29577,0.29149,0.29642,0.29248,0.28985,0.07803,0.07705,0.07376,0.07738,0.07606,-50.70666,-1486.00000
0.71084,0.70229,0.71117,0.71347,0.70689,0.29116,0.29018,0.29314,0.29610,0.29807,0.07277,0.07738,0.07211,0.07474,0.07770,-50.70666,-1478.00000
0.70887,0.70656,0.70689,0.71117,0.70985,0.28985,0.29478,0.29149,0.29248,0.29182,0.07277,0.07343,0.07770,0.07803,0.07409,-49.78448,-1470.00000
0.71906,0.70591,0.70459,0.71183,0.70887,0.29314,0.29215,0.29248,0.29544,0.29116,0.07409,0.07507,0.07573,0.07705,0.07442,-49.78448,-1462.00000
0.70262,0.71545,0.70821,0.71216,0.70821,0.29741,0.29314,0.28754,0.29248,0.29083,0.07606,0.07573,0.07244,0.07310,0.07507,-50.74917,-1454.00000
0.70821,0.70854,0.71183,0.71183,0.70755,0.29116,0.29083,0.28886,0.29182,0.28985,0.07672,0.07639,0.07442,0.07639,0.07540,-50.74917,-1446.00000
0.70689,0.70163,0.70525,0.71084,0.70656,0.29149,0.29314,0.29281,0.28919,0.28919,0.07836,0.07968,0.07606,0.07639,0.07639,-49.74959,-1438.00000
0.71018,0.70953,0.71150,0.70558,0.71051,0.29248,0.29050,0.29281,0.29314,0.29314,0.07080,0.07606,0.07376,0.07540,0.07442,-49.74959,-1430.00000
0.71249,0.70953,0.70854,0.70953,0.70426,0.28985,0.29215,0.28919,0.29478,0.29018,0.07277,0.07277,0.07310,0.07968,0.07606,-51.27860,-1422.00000
0.71084,0.70525,0.71117,0.70788,0.70525,0.29149,0.28853,0.29116,0.29314,0.29379,0.07507,0.07738,0.07507,0.07310,0.07474,-51.27860,-1414.00000
0.70525,0.70624,0.70360,0.70854,0.71051,0.29346,0.28820,0.28919,0.29182,0.28853,0.07376,0.07474,0.07573,0.07540,0.07376,-51.15444,-1406.00000
0.71216,0.70887,0.71249,0.70196,0.71446,0.29215,0.29149,0.29116,0.29248,0.29116,0.07869,0.07146,0.07606,0.07343,0.07803,-51.15444,-1398.00000
0.70920,0.71084,0.71216,0.70722,0.70755,0.29018,0.29577,0.29346,0.29379,0.28919,0.07836,0.07211,0.07573,0.07146,0.07310,-51.26814,-1390.00000
0.70854,0.71380,0.71018,0.70591,0.71018,0.29412,0.28952,0.29412,0.29314,0.29215,0.07244,0.07409,0.07409,0.07770,0.07244,-51.26814,-1382.00000
0.70854,0.70985,0.70328,0.70887,0.71249,0.28886,0.29083,0.29314,0.29281,0.29281,0.07277,0.07409,0.07474,0.07442,0.07507,-50.88309,-1374.00000
0.70722,0.71281,0.71413,0.71380,0.70821,0.29182,0.29741,0.29149,0.28985,0.29050,0.07343,0.07705,0.07409,0.07343,0.07409,-50.88309,-1366.00000
0.70525,0.70953,0.70525,0.70788,0.70492,0.28985,0.28919,0.29281,0.28754,0.28985,0.07738,0.07244,0.07738,0.07343,0.07146,-50.80776,-1358.00000
0.71084,0.70887,0.70722,0.71084,0.70953,0.29116,0.28820,0.29248,0.29248,0.28754,0.07047,0.06882,0.07705,0.07409,0.07474,-50.80776,-1350.00000
0.70953,0.70689,0.70591,0.70492,0.71183,0.29116,0.29149,0.29215,0.29281,0.29018,0.07606,0.07540,0.07474,0.07606,0.07442,-49.64948,-1342.00000
0.70755,0.71150,0.70755,0.70722,0.70492,0.28656,0.29018,0.28952,0.28557,0.29116,0.07738,0.07277,0.07080,0.07442,0.07277,-49.64948,-1334.00000
0.70821,0.70656,0.70953,0.70656,0.71117,0.28919,0.29346,0.29116,0.28952,0.29577,0.07409,0.07442,0.07146,0.07540,0.07474,-50.21293,-1326.00000
0.69933,0.70854,0.70689,0.69637,0.70887,0.29248,0.29708,0.29445,0.28985,0.28754,0.07442,0.07639,0.07376,0.07310,0.07672,-50.21293,-1318.00000
0.70393,0.70591,0.70722,0.70656,0.70788,0.28919,0.29149,0.28886,0.29577,0.29215,0.07211,0.07343,0.07080,0.07310,0.07343,-49.20314,-1310.00000
0.70328,0.70525,0.70459,0.70295,0.70755,0.29248,0.29083,0.29149,0.28853,0.28754,0.07738,0.07474,0.07474,0.07178,0.07211,-49.20314,-1302.00000
0.70656,0.70492,0.70064,0.70525,0.70525,0.28820,0.28985,0.29050,0.28754,0.28985,0.07310,0.07474,0.07606,0.07409,0.07705,-50.16065,-1294.00000
0.70624,0.71512,0.70492,0.71314,0.70393,0.28853,0.28524,0.29379,0.29050,0.29149,0.07540,0.07310,0.07376,0.07474,0.07738,-50.16065,-1286.00000
0.70328,0.70558,0.70459,0.70163,0.70656,0.28952,0.29050,0.29281,0.28689,0.29083,0.07376,0.07639,0.07343,0.07343,0.07474,-49.54566,-1278.00000
0.70624,0.70459,0.70525,0.69768,0.70953,0.29050,0.28985,0.28623,0.29379,0.28952,0.07277,0.07277,0.07442,0.07146,0.07146,-49.54566,-1270.00000
0.70656,0.70459,0.70558,0.70755,0.70393,0.29248,0.28952,0.28886,0.29215,0.28952,0.07211,0.06948,0.07540,0.07507,0.07705,-50.12439,-1262.00000
0.71018,0.71051,0.70591,0.70262,0.70722,0.29050,0.29116,0.28853,0.29116,0.28985,0.07507,0.07376,0.07146,0.07178,0.07540,-50.12439,-1254.00000
0.71018,0.69834,0.71117,0.71051,0.69999,0.28722,0.29314,0.29215,0.29083,0.28985,0.07211,0.07211,0.07409,0.07014,0.07442,-48.89765,-1246.00000
0.70525,0.70097,0.71051,0.70393,0.70755,0.28557,0.29149,0.28524,0.29248,0.29281,0.07244,0.07047,0.07014,0.07047,0.07014,-48.89765,-1238.00000
0.70887,0.70788,0.71018,0.69999,0.70064,0.29281,0.29018,0.29412,0.28985,0.29116,0.07146,0.06948,0.07343,0.07310,0.07211,-49.72226,-1230.00000
0.70821,0.71084,0.70163,0.70360,0.70492,0.29182,0.28689,0.29018,0.29544,0.28787,0.07376,0.07376,0.07376,0.07080,0.07178,-49.72226,-1222.00000
0.71051,0.69966,0.70788,0.70328,0.69670,0.29215,0.29018,0.28754,0.29314,0.28952,0.07014,0.07211,0.07376,0.07310,0.07409,-49.30937,-1214.00000
0.70196,0.71314,0.70689,0.70920,0.70064,0.28754,0.29182,0.29149,0.29018,0.29577,0.07277,0.06981,0.07211,0.07244,0.07540,-49.30937,-1206.00000
0.70591,0.70624,0.70196,0.70130,0.71018,0.29050,0.29116,0.28787,0.28985,0.28853,0.07146,0.07178,0.07178,0.07277,0.07047,-50.36514,-1198.00000
0.70525,0.70722,0.70591,0.70426,0.70328,0.28754,0.28590,0.28754,0.28919,0.28689,0.07047,0.07113,0.06948,0.07146,0.07146,-50.36514,-1190.00000
0.70492,0.70722,0.70722,0.70689,0.69801,0.28919,0.28689,0.29149,0.28985,0.28886,0.07277,0.06850,0.07211,0.07113,0.07277,-49.95308,-1182.00000
0.70097,0.70755,0.70130,0.71249,0.69900,0.28919,0.29116,0.28754,0.29314,0.28787,0.06915,0.07277,0.07244,0.07244,0.06850,-49.95308,-1174.00000
0.70591,0.70591,0.69472,0.70295,0.70656,0.28787,0.29412,0.29018,0.28722,0.29116,0.07113,0.06685,0.07442,0.07376,0.07442,-51.14353,-1166.00000
0.69801,0.70393,0.69867,0.70492,0.70426,0.28623,0.28886,0.29281,0.28787,0.29116,0.06751,0.07080,0.07014,0.06948,0.06915,-51.14353,-1158.00000
0.70229,0.70591,0.69933,0.70360,0.70492,0.29248,0.28985,0.28952,0.29083,0.29281,0.07474,0.07178,0.07244,0.07343,0.07178,-49.74901,-1150.00000
0.69966,0.70788,0.70229,0.70854,0.70229,0.28722,0.28919,0.29281,0.29083,0.28656,0.06981,0.06751,0.06948,0.07047,0.07080,-49.74901,-1142.00000
0.70624,0.69999,0.70558,0.70755,0.70920,0.28985,0.28919,0.29149,0.28820,0.29182,0.07310,0.07047,0.07211,0.07178,0.07080,-50.19433,-1134.00000
0.69999,0.70229,0.70492,0.69703,0.70722,0.28327,0.29050,0.29149,0.29018,0.29215,0.06981,0.07211,0.06455,0.06817,0.07178,-50.19433,-1126.00000
0.70459,0.70064,0.70229,0.70262,0.69834,0.29018,0.28853,0.29511,0.28722,0.29050,0.07244,0.07014,0.06685,0.06784,0.07080,-49.90185,-1118.00000
0.69900,0.70163,0.70196,0.69933,0.70887,0.28689,0.28689,0.28327,0.28261,0.29182,0.06882,0.06981,0.07014,0.06817,0.06718,-49.90185,-1110.00000
0.70097,0.70459,0.70295,0.70492,0.70985,0.28689,0.28491,0.29116,0.28787,0.29116,0.06850,0.06751,0.07474,0.06981,0.06882,-51.20581,-1102.00000
0.70328,0.69736,0.70295,0.70097,0.69571,0.29314,0.29412,0.28985,0.28557,0.29149,0.06915,0.07277,0.06948,0.07211,0.07080,-51.20581,-1094.00000
0.70196,0.70459,0.70032,0.69966,0.70196,0.29018,0.28919,0.29346,0.28919,0.29215,0.07211,0.07178,0.06718,0.07014,0.06850,-50.51501,-1086.00000
0.70064,0.70295,0.70492,0.70591,0.70492,0.29182,0.28985,0.29050,0.29149,0.28656,0.07047,0.07244,0.07113,0.07014,0.06817,-50.51501,-1078.00000
0.70525,0.70163,0.70920,0.70130,0.70097,0.28853,0.28656,0.28985,0.29182,0.29116,0.06915,0.06882,0.06652,0.06882,0.06784,-51.36346,-1070.00000
0.69966,0.69736,0.70328,0.70097,0.69834,0.28722,0.28557,0.28754,0.28656,0.28754,0.06882,0.06652,0.07047,0.06455,0.06685,-51.36346,-1062.00000
0.70492,0.70492,0.69867,0.71117,0.70097,0.28787,0.28886,0.28952,0.28458,0.28722,0.06817,0.06685,0.06817,0.06948,0.06948,-49.69540,-1054.00000
0.70360,0.69440,0.70393,0.70360,0.69867,0.29083,0.28820,0.28590,0.28985,0.28886,0.06850,0.07409,0.07014,0.06751,0.07047,-49.69540,-1046.00000
0.70920,0.70097,0.70097,0.69736,0.70229,0.29116,0.28787,0.28919,0.29050,0.28919,0.06521,0.06882,0.07014,0.06850,0.06652,-51.37358,-1038.00000
0.70262,0.70328,0.70360,0.70295,0.70097,0.28787,0.28722,0.29511,0.28919,0.28853,0.06455,0.06817,0.06751,0.06948,0.06356,-51.37358,-1030.00000
0.70130,0.70459,0.71051,0.70032,0.69637,0.28820,0.29018,0.28722,0.29149,0.29050,0.06948,0.06652,0.06751,0.06882,0.06948,-51.14577,-1022.00000
0.69736,0.70032,0.70656,0.69637,0.69571,0.29018,0.28985,0.28590,0.29149,0.28458,0.07080,0.06817,0.06817,0.06915,0.06455,-51.14577,-1014.00000
0.69736,0.70130,0.70097,0.70229,0.70656,0.28425,0.28952,0.29050,0.29083,0.29281,0.07014,0.06718,0.06586,0.06554,0.06915,-51.53480,-1006.00000
0.70163,0.70064,0.70032,0.70558,0.70656,0.28985,0.28952,0.28360,0.28623,0.28557,0.06915,0.06784,0.06652,0.06685,0.06751,-51.53480,-998.00000
0.70196,0.69867,0.69538,0.70393,0.70163,0.28754,0.28952,0.29083,0.28853,0.28853,0.06882,0.06323,0.06455,0.06882,0.06981,-50.28644,-990.00000
0.70097,0.70328,0.69111,0.69374,0.70130,0.28722,0.28590,0.28590,0.28787,0.28754,0.06586,0.06751,0.06817,0.06652,0.06784,-50.28644,-982.00000
0.70064,0.70328,0.69801,0.69571,0.70229,0.28985,0.29018,0.28952,0.29215,0.28820,0.06554,0.06619,0.06389,0.06389,0.06685,-50.33365,-974.00000
0.69571,0.70229,0.70262,0.70262,0.70196,0.29083,0.28985,0.28853,0.28820,0.28754,0.06521,0.06850,0.06323,0.06718,0.05929,-50.33365,-966.00000
0.70262,0.69637,0.69867,0.69670,0.69999,0.28952,0.28689,0.28952,0.28656,0.28787,0.06356,0.06225,0.06685,0.06652,0.06554,-50.17659,-958.00000
0.69867,0.70459,0.70064,0.70295,0.69637,0.28754,0.29018,0.28952,0.28623,0.29182,0.06389,0.06290,0.06751,0.06159,0.06422,-50.17659,-950.00000
0.69801,0.70064,0.70689,0.70032,0.70196,0.29083,0.28722,0.28787,0.29018,0.28820,0.06323,0.06455,0.06521,0.06126,0.06356,-50.90128,-942.00000
0.69736,0.70393,0.69966,0.69999,0.70360,0.29083,0.28886,0.28689,0.28886,0.28820,0.06718,0.06521,0.06652,0.06619,0.06422,-50.90128,-934.00000
0.69999,0.69637,0.69736,0.70229,0.69966,0.29149,0.28985,0.28162,0.28689,0.28919,0.06554,0.06258,0.06323,0.06389,0.06290,-49.85006,-926.00000
0.70130,0.70163,0.69538,0.69604,0.69801,0.28919,0.28886,0.28754,0.28853,0.28919,0.06554,0.06126,0.06093,0.06521,0.06455,-49.85006,-918.00000
0.70393,0.69834,0.70262,0.69834,0.69703,0.28261,0.28787,0.28722,0.28623,0.28590,0.06356,0.06323,0.06093,0.06422,0.06126,-50.50364,-910.00000
0.70064,0.69538,0.69999,0.69637,0.69834,0.29182,0.29281,0.28787,0.28557,0.28425,0.05830,0.06192,0.06093,0.06290,0.06060,-50.50364,-902.00000
0.70295,0.69900,0.70032,0.69703,0.69999,0.29083,0.28722,0.29050,0.28820,0.28952,0.06389,0.06323,0.05962,0.05962,0.06060,-49.56823,-894.00000
0.69703,0.69144,0.69933,0.69440,0.70591,0.28853,0.29083,0.28754,0.28623,0.28985,0.06192,0.06258,0.06126,0.06126,0.05994,-49.56823,-886.00000
0.69440,0.69472,0.70097,0.69242,0.69670,0.28952,0.28524,0.28985,0.28524,0.28952,0.05962,0.06192,0.05764,0.05962,0.06488,-50.86077,-878.00000
0.69472,0.69472,0.69440,0.70163,0.69571,0.28656,0.28722,0.28886,0.28623,0.28689,0.05994,0.06290,0.05830,0.06027,0.06060,-50.86077,-870.00000
0.69966,0.69768,0.70032,0.69736,0.69275,0.28952,0.28524,0.28393,0.29149,0.28754,0.06027,0.05764,0.06027,0.05764,0.05962,-49.99582,-862.00000
0.69472,0.69538,0.69670,0.69768,0.69374,0.28985,0.28360,0.28656,0.29018,0.28886,0.05665,0.05764,0.05830,0.05929,0.05929,-49.99582,-854.00000
0.69078,0.69209,0.69999,0.69801,0.69341,0.28853,0.28458,0.28294,0.28754,0.29050,0.06290,0.05633,0.05698,0.05435,0.05994,-49.81969,-846.00000
0.69834,0.69604,0.69933,0.69933,0.69472,0.28919,0.28787,0.28162,0.28590,0.28820,0.05633,0.05764,0.05830,0.05534,0.05534,-49.81969,-838.00000
0.70097,0.69637,0.70591,0.69275,0.69078,0.28689,0.28327,0.28689,0.28919,0.28886,0.05863,0.05698,0.05534,0.05863,0.05764,-50.41277,-830.00000
0.69308,0.69571,0.69736,0.69736,0.69966,0.29018,0.28722,0.28919,0.28754,0.28425,0.05600,0.06060,0.05633,0.05731,0.05501,-50.41277,-822.00000
0.69670,0.69834,0.69801,0.69604,0.69407,0.28425,0.28722,0.29281,0.28491,0.28722,0.05337,0.05337,0.05468,0.05304,0.05337,-50.50668,-814.00000
0.69933,0.69209,0.69736,0.69670,0.69867,0.28097,0.28689,0.29182,0.28919,0.29116,0.05304,0.05665,0.05600,0.05304,0.05567,-50.50668,-806.00000
0.70229,0.69801,0.69440,0.69538,0.69012,0.28853,0.28623,0.28689,0.28919,0.29248,0.05567,0.05501,0.05172,0.04712,0.05304,-50.60246,-798.00000
0.69703,0.69670,0.69440,0.69571,0.70360,0.28722,0.28985,0.28853,0.28491,0.28524,0.05172,0.04975,0.05271,0.05238,0.04942,-50.60246,-790.00000
0.70130,0.69275,0.69374,0.69966,0.69505,0.28524,0.28722,0.28722,0.28393,0.29018,0.05008,0.05337,0.05106,0.04843,0.05139,-51.56100,-782.00000
0.69900,0.69834,0.69505,0.70064,0.69768,0.29083,0.28787,0.28820,0.28820,0.28689,0.05139,0.05106,0.05337,0.05238,0.05041,-51.56100,-774.00000
0.70459,0.69933,0.69440,0.69900,0.69736,0.28722,0.28162,0.29083,0.28557,0.29215,0.05008,0.04777,0.05205,0.04514,0.04745,-50.56077,-766.00000
0.69571,0.69637,0.70032,0.70163,0.69440,0.28787,0.28754,0.28689,0.28590,0.28919,0.04481,0.04580,0.04416,0.04777,0.04810,-50.56077,-758.00000
0.69966,0.69538,0.68683,0.70262,0.70295,0.29018,0.28853,0.29050,0.28491,0.29116,0.04317,0.04613,0.04942,0.04580,0.04712,-50.75890,-750.00000
0.69801,0.69505,0.68979,0.69144,0.69505,0.28557,0.28425,0.28787,0.28162,0.28722,0.04810,0.04547,0.04251,0.04218,0.04251,-50.75890,-742.00000
0.69604,0.69703,0.68913,0.70097,0.69012,0.28656,0.28754,0.28853,0.29281,0.29050,0.04120,0.04547,0.04120,0.04120,0.04251,-49.60308,-734.00000
0.69703,0.70064,0.69637,0.69111,0.69604,0.28689,0.28393,0.28754,0.28294,0.28985,0.04153,0.04185,0.04251,0.03561,0.04284,-49.60308,-726.00000
0.68979,0.69045,0.69900,0.68749,0.69341,0.28754,0.28853,0.28853,0.29182,0.28656,0.03791,0.03528,0.03528,0.03758,0.04021,-50.08963,-718.00000
0.69341,0.70097,0.69440,0.69472,0.69176,0.28524,0.28195,0.28590,0.28064,0.28722,0.03725,0.03988,0.03495,0.03725,0.03758,-50.08963,-710.00000
0.69144,0.69012,0.69900,0.69111,0.69407,0.28458,0.28590,0.28787,0.28787,0.28491,0.03528,0.03561,0.03429,0.03429,0.03626,-51.06288,-702.00000
0.69867,0.69440,0.68979,0.69801,0.69768,0.29018,0.28393,0.28524,0.28754,0.28754,0.03067,0.03232,0.03396,0.03297,0.03429,-51.06288,-694.00000
0.69374,0.69834,0.69571,0.69209,0.69341,0.28952,0.28261,0.28754,0.28261,0.28557,0.03034,0.03462,0.03265,0.03593,0.03495,-51.16621,-686.00000
0.69571,0.68913,0.69045,0.69078,0.69275,0.28952,0.28590,0.29083,0.27998,0.28656,0.03199,0.02771,0.03232,0.03429,0.02903,-51.16621,-678.00000
0.69144,0.69275,0.69670,0.68716,0.69275,0.28656,0.28195,0.28985,0.28689,0.28656,0.03001,0.03100,0.02936,0.02968,0.02804,-51.01523,-670.00000
0.68683,0.69736,0.69144,0.69768,0.69144,0.28787,0.28623,0.28722,0.28294,0.28853,0.02574,0.02278,0.02409,0.02936,0.02442,-51.01523,-662.00000
0.68946,0.69374,0.69604,0.68782,0.69538,0.28491,0.28557,0.28360,0.28722,0.27998,0.02080,0.02574,0.02278,0.02409,0.02409,-51.18144,-654.00000
0.69308,0.69209,0.69209,0.69242,0.69472,0.28853,0.28393,0.28754,0.28886,0.28097,0.02475,0.02245,0.01686,0.02574,0.01719,-51.18144,-646.00000
0.69045,0.69341,0.69472,0.69407,0.69867,0.28425,0.29116,0.28393,0.28689,0.28425,0.02245,0.02278,0.02179,0.02278,0.02113,-50.28799,-638.00000
0.69012,0.69505,0.69472,0.68913,0.69078,0.28261,0.28524,0.28754,0.28557,0.28228,0.01653,0.02080,0.01982,0.01850,0.01752,-50.28799,-630.00000
0.69308,0.69637,0.69505,0.69374,0.68683,0.28195,0.28689,0.28623,0.28458,0.28491,0.01817,0.01883,0.01587,0.02146,0.01817,-50.34175,-622.00000
0.69111,0.68913,0.68913,0.69571,0.69440,0.28985,0.28294,0.28886,0.28689,0.28294,0.01488,0.01291,0.01587,0.01390,0.01554,-50.34175,-614.00000
0.69637,0.68946,0.69736,0.69209,0.69341,0.28327,0.28754,0.28360,0.28261,0.28590,0.01357,0.01028,0.01324,0.01094,0.01357,-50.39060,-606.00000
0.69472,0.68683,0.69801,0.69407,0.68782,0.28787,0.28458,0.28623,0.28294,0.28393,0.01423,0.01258,0.01357,0.01357,0.00896,-50.39060,-598.00000
0.69440,0.68815,0.69637,0.69242,0.69144,0.28097,0.28722,0.28985,0.28491,0.28623,0.00699,0.01258,0.01192,0.00929,0.00929,-50.03661,-590.00000
0.68486,0.69078,0.68650,0.69111,0.69078,0.28360,0.28787,0.28195,0.28524,0.28524,0.00699,0.00469,0.00568,0.01225,0.00864,-50.03661,-582.00000
0.68913,0.68387,0.69045,0.69176,0.68683,0.28458,0.28722,0.28952,0.28590,0.28327,0.00535,0.00798,0.00535,0.01160,0.00436,-50.57983,-574.00000
0.69209,0.67992,0.69736,0.69209,0.68880,0.29116,0.28360,0.28787,0.28360,0.28360,0.00962,0.00699,0.00732,0.00469,0.00798,-50.57983,-566.00000
0.68782,0.68321,0.69505,0.69242,0.69111,0.28393,0.28491,0.28623,0.28754,0.28031,0.00469,0.00436,0.00568,0.00600,0.00370,-50.64880,-558.00000
0.69012,0.69209,0.68913,0.69341,0.69440,0.28722,0.28294,0.28491,0.28557,0.28689,0.00633,0.00403,0.00337,0.00732,0.00535,-50.64880,-550.00000
0.69538,0.68946,0.68979,0.68848,0.69144,0.28327,0.28524,0.28458,0.28228,0.28524,0.00370,0.00436,0.00173,0.00008,0.00633,-49.94842,-542.00000
0.69242,0.69900,0.69538,0.68848,0.69407,0.28524,0.28524,0.28623,0.28820,0.28722,0.00206,0.00140,0.00403,-0.00321,0.00173,-49.94842,-534.00000
0.68749,0.69045,0.69571,0.69407,0.69538,0.28656,0.28228,0.28491,0.28228,0.28031,0.00272,0.00206,0.00041,0.00074,-0.00255,-49.74228,-526.00000
0.69604,0.68420,0.68946,0.69407,0.68749,0.28919,0.28623,0.28689,0.28261,0.28623,0.00107,0.00008,0.00206,0.00370,0.00535,-49.74228,-518.00000
0.69670,0.68782,0.68552,0.69275,0.69111,0.28491,0.28491,0.28656,0.28524,0.28360,-0.00156,-0.00222,0.00206,0.00074,-0.00321,-50.30571,-510.00000
0.69472,0.69275,0.68223,0.69078,0.69242,0.28820,0.28129,0.28393,0.28787,0.28261,-0.00090,0.00436,-0.00189,-0.00025,-0.00386,-50.30571,-502.00000
0.68617,0.69111,0.68519,0.68453,0.68913,0.28656,0.28524,0.28129,0.28425,0.28656,-0.00057,0.00074,0.00107,0.00206,-0.00123,-49.40578,-494.00000
0.68650,0.68453,0.68880,0.68815,0.69999,0.28294,0.28590,0.28458,0.28458,0.28656,0.00173,0.00206,0.00041,-0.00222,0.00107,-49.40578,-486.00000
0.68190,0.68815,0.68387,0.68815,0.69571,0.28590,0.28689,0.28689,0.28853,0.28689,-0.00025,-0.00189,-0.00123,-0.00025,0.00337,-50.33766,-478.00000
0.68913,0.68650,0.69078,0.68782,0.68815,0.28228,0.28360,0.28327,0.28393,0.28524,-0.00057,0.00337,0.00337,0.00107,-0.00025,-50.33766,-470.00000
0.68650,0.69012,0.68946,0.68288,0.68256,0.27965,0.28294,0.28097,0.28425,0.28393,-0.00090,-0.00123,-0.00386,0.00403,-0.00189,-50.58143,-462.00000
0.68453,0.68486,0.68716,0.68453,0.68288,0.28294,0.27932,0.28097,0.28754,0.28491,0.00239,0.00206,0.00206,-0.00386,-0.00189,-50.58143,-454.00000
0.68979,0.68716,0.68617,0.68321,0.69111,0.28393,0.28623,0.28360,0.28524,0.28195,-0.00518,-0.00156,-0.00090,-0.00321,0.00074,-50.85956,-446.00000
0.68552,0.68946,0.68848,0.68519,0.67795,0.28360,0.28590,0.28491,0.28129,0.28919,-0.00025,-0.00485,0.00008,0.00239,0.00041,-50.85956,-438.00000
0.68782,0.68321,0.68190,0.68321,0.68519,0.28722,0.28129,0.28393,0.28491,0.28294,0.00041,-0.00485,0.00107,0.00107,0.00041,-50.74716,-430.00000
0.68913,0.68716,0.68650,0.68420,0.68387,0.28393,0.28458,0.28590,0.28360,0.28787,-0.00123,0.00173,0.00041,0.00008,0.00140,-50.74716,-422.00000
0.68288,0.68288,0.68683,0.68124,0.68650,0.28425,0.28195,0.28425,0.28393,0.28261,0.00173,-0.00156,0.00074,0.00074,-0.00025,-50.71294,-414.00000
0.68683,0.68683,0.68288,0.68617,0.68420,0.28228,0.29248,0.28261,0.28557,0.28129,0.00304,0.00173,0.00041,-0.00123,0.00239,-50.71294,-406.00000
0.68617,0.68683,0.67565,0.68683,0.68025,0.28064,0.28458,0.28294,0.28097,0.28129,-0.00090,-0.00156,0.00173,-0.00025,0.00008,-50.64700,-398.00000
0.68486,0.68157,0.68321,0.68453,0.68552,0.28656,0.28360,0.28327,0.28294,0.28031,-0.00156,-0.00025,-0.00222,0.00008,0.00041,-50.64700,-390.00000
0.67927,0.68321,0.68025,0.68091,0.68782,0.28590,0.28360,0.28097,0.28623,0.28425,0.00008,0.00173,0.00041,-0.00123,0.00337,-50.80690,-382.00000
0.68190,0.68288,0.68288,0.67927,0.67894,0.28524,0.28327,0.28491,0.28360,0.28491,-0.00057,0.00041,0.00403,0.00074,-0.00090,-50.80690,-374.00000
0.68091,0.68782,0.67992,0.68519,0.68025,0.28491,0.28524,0.28195,0.28327,0.28820,0.00272,-0.00025,-0.00025,-0.00288,0.00206,-49.79554,-366.00000
0.67696,0.68519,0.68157,0.68058,0.67236,0.27998,0.28261,0.28722,0.28327,0.28425,-0.00255,0.00008,0.00272,0.00140,0.00239,-49.79554,-358.00000
0.67959,0.67565,0.68091,0.68223,0.68256,0.28524,0.27899,0.28294,0.28327,0.28097,0.00041,0.00074,0.00008,0.00107,0.00107,-49.53644,-350.00000
0.67992,0.67795,0.68091,0.68124,0.67565,0.28097,0.28425,0.28064,0.28458,0.28360,0.00140,0.00239,0.00370,-0.00025,0.00074,-49.53644,-342.00000
0.68058,0.67795,0.67927,0.68091,0.67663,0.28656,0.28393,0.28097,0.28393,0.28557,0.00140,0.00140,-0.00222,-0.00090,0.00206,-50.45914,-334.00000
0.67927,0.67532,0.67927,0.68058,0.67861,0.27965,0.28360,0.28064,0.28689,0.28590,-0.00255,0.00173,-0.00156,0.00008,-0.00222,-50.45914,-326.00000
0.67269,0.67828,0.67071,0.67631,0.67335,0.28195,0.28623,0.27866,0.28557,0.28623,0.00239,-0.00025,-0.00321,0.00173,-0.00025,-50.83992,-318.00000
0.67137,0.67400,0.67137,0.67499,0.67466,0.27998,0.28425,0.28360,0.28294,0.28590,0.00008,0.00206,0.00535,0.00140,0.00337,-50.83992,-310.00000
0.67269,0.67894,0.66414,0.67269,0.67269,0.28360,0.28787,0.28327,0.28360,0.28228,-0.00288,0.00304,-0.00057,0.00107,0.00272,-50.56156,-302.00000
0.67466,0.67335,0.66677,0.67104,0.66315,0.28327,0.28064,0.28097,0.28261,0.28393,0.00008,0.00041,-0.00123,0.00140,0.00304,-50.56156,-294.00000
0.66447,0.67137,0.67335,0.67400,0.67039,0.28787,0.27998,0.28162,0.28162,0.28294,0.00041,0.00008,-0.00025,-0.00189,-0.00189,-49.93166,-286.00000
0.66907,0.66545,0.66841,0.67137,0.66381,0.28623,0.28754,0.28327,0.28064,0.28787,0.00206,0.00107,0.00173,-0.00156,-0.00156,-49.93166,-278.00000
0.66381,0.66973,0.66611,0.66545,0.66315,0.28458,0.28656,0.28425,0.28064,0.28228,0.00041,-0.00255,-0.00057,0.00041,0.00041,-50.85206,-270.00000
0.66611,0.66545,0.66249,0.66578,0.66743,0.28228,0.28327,0.28425,0.28590,0.28458,-0.00255,0.00074,-0.00255,0.00140,-0.00090,-50.85206,-262.00000
0.66348,0.66381,0.65855,0.65493,0.66315,0.28425,0.27899,0.28623,0.28097,0.27998,-0.00156,0.00008,0.00239,0.00173,-0.00090,-50.30640,-254.00000
0.65822,0.65624,0.65855,0.66447,0.66414,0.28228,0.28031,0.28129,0.28327,0.28327,0.00107,0.00041,0.00436,0.00041,-0.00090,-50.30640,-246.00000
0.66151,0.65953,0.65855,0.65855,0.65460,0.28491,0.28524,0.28952,0.28491,0.28491,0.00173,-0.00123,0.00008,-0.00090,0.00239,-50.54871,-238.00000
0.65789,0.65624,0.65230,0.65723,0.65756,0.28393,0.28097,0.28162,0.28491,0.28064,-0.00189,0.00206,-0.00025,-0.00057,0.00337,-50.54871,-230.00000
0.65887,0.64999,0.65230,0.65065,0.65230,0.28261,0.28129,0.28327,0.28425,0.28261,-0.00123,-0.00025,0.00173,0.00008,0.00206,-49.31000,-222.00000
0.65032,0.64835,0.64736,0.64736,0.65591,0.28623,0.28294,0.28162,0.28360,0.28129,0.00074,-0.00288,0.00370,-0.00057,-0.00090,-49.31000,-214.00000
0.64835,0.64868,0.64901,0.65361,0.64440,0.28162,0.28623,0.28491,0.28886,0.28491,-0.00189,-0.00025,-0.00255,-0.00090,-0.00123,-50.45090,-206.00000
0.64276,0.64638,0.64243,0.64638,0.64407,0.27801,0.28853,0.28261,0.28787,0.28031,-0.00025,0.00272,-0.00090,0.00041,0.00403,-50.45090,-198.00000
0.63782,0.63585,0.64111,0.64309,0.63947,0.28097,0.28261,0.28195,0.28393,0.28129,-0.00255,-0.00156,0.00403,-0.00123,0.00239,-49.32213,-190.00000
0.63651,0.64177,0.64342,0.63421,0.63947,0.28557,0.28393,0.28195,0.28458,0.28425,-0.00156,0.00370,-0.00025,-0.00222,0.00206,-49.32213,-182.00000
0.63552,0.63421,0.63651,0.63454,0.63585,0.28458,0.28524,0.27702,0.28689,0.28129,0.00337,-0.00222,0.00041,0.00272,0.00206,-50.66448,-174.00000
0.63618,0.63158,0.62993,0.62763,0.63454,0.28064,0.28590,0.28162,0.28524,0.28228,-0.00025,-0.00025,0.00074,-0.00025,-0.00321,-50.66448,-166.00000
0.62664,0.62368,0.62500,0.63059,0.62072,0.28393,0.28129,0.28787,0.28491,0.28425,-0.00090,0.00041,-0.00123,0.00074,-0.00025,-50.12472,-158.00000
0.62072,0.62105,0.62105,0.62171,0.62467,0.28425,0.28557,0.28294,0.27932,0.28228,0.00041,0.00206,0.00304,0.00074,-0.00288,-50.12472,-150.00000
0.62138,0.61677,0.62039,0.62171,0.61908,0.28458,0.28722,0.28327,0.28261,0.28458,-0.00255,0.00140,0.00239,0.00173,-0.00025,-50.50670,-142.00000
0.61316,0.60987,0.61908,0.60822,0.61250,0.28425,0.28425,0.28458,0.28491,0.28031,0.00370,0.00008,-0.00189,-0.00321,-0.00156,-50.50670,-134.00000
0.61085,0.60559,0.61184,0.60789,0.61513,0.28294,0.28294,0.28491,0.28524,0.27965,-0.00353,-0.00255,0.00008,-0.00057,-0.00090,-49.94329,-126.00000
0.59901,0.60099,0.61283,0.60329,0.60757,0.27932,0.28623,0.28129,0.28623,0.27998,-0.00123,-0.00255,-0.00386,0.00140,0.00239,-49.94329,-118.00000
0.59803,0.59605,0.60165,0.60099,0.60165,0.28228,0.28162,0.28425,0.28261,0.28491,-0.00321,0.00403,0.00107,0.00173,0.00074,-50.95553,-110.00000
0.59671,0.59441,0.59276,0.59737,0.59276,0.28064,0.28458,0.28491,0.28327,0.28557,-0.00156,-0.00189,-0.00189,0.00403,0.00239,-50.95553,-102.00000
0.59342,0.59013,0.59408,0.58980,0.59079,0.28129,0.27735,0.28458,0.28129,0.28294,-0.00025,-0.00025,0.00272,-0.00288,0.00173,-50.19700,-94.00000
0.58619,0.58652,0.58356,0.58553,0.58816,0.27965,0.28327,0.28557,0.28228,0.28162,-0.00156,0.00107,-0.00025,-0.00386,0.00074,-50.19700,-86.00000
0.57731,0.57500,0.58388,0.57698,0.58158,0.28228,0.28360,0.27965,0.27899,0.28754,0.00074,0.00041,0.00107,-0.00057,0.00041,-51.10192,-78.00000
0.57468,0.57599,0.56908,0.57369,0.57468,0.28261,0.28360,0.28294,0.28064,0.28294,-0.00057,0.00173,0.00041,-0.00288,-0.00123,-51.10192,-70.00000
0.57928,0.56810,0.57073,0.56283,0.57106,0.28261,0.28064,0.28097,0.27932,0.28129,0.00041,0.00140,0.00239,0.00140,0.00140,-50.43133,-62.00000
0.56711,0.56908,0.57139,0.56645,0.56612,0.28294,0.28228,0.28228,0.28261,0.28327,-0.00386,0.00041,0.00107,0.00206,-0.00057,-50.43133,-54.00000
0.56119,0.56415,0.56086,0.55757,0.55856,0.28097,0.28162,0.28360,0.28031,0.28360,-0.00189,0.00239,-0.00123,-0.00123,0.00074,-50.83822,-46.00000
0.55099,0.55264,0.55527,0.54935,0.55626,0.27899,0.28393,0.28129,0.28195,0.28458,-0.00189,0.00107,0.00041,0.00107,-0.00156,-50.83822,-38.00000
0.55198,0.54705,0.55132,0.55297,0.54803,0.28031,0.27833,0.27899,0.28491,0.28393,0.00107,-0.00156,0.00239,0.00107,0.00041,-49.79411,-30.00000
0.54211,0.54146,0.53718,0.53915,0.54540,0.28195,0.27899,0.28623,0.28491,0.27998,-0.00222,0.00239,0.00041,-0.00255,-0.00090,-49.79411,-22.00000
0.53784,0.53192,0.53850,0.53422,0.54047,0.28097,0.28524,0.28097,0.28228,0.28294,0.00041,0.00272,-0.00123,0.00173,0.00239,-50.44393,-14.00000
0.52370,0.53356,0.52731,0.53060,0.52633,0.28097,0.28195,0.28097,0.28294,0.28162,0.00370,-0.00025,0.00074,0.00107,-0.00025,-50.44393,-6.00000
0.51876,0.52830,0.52139,0.52501,0.51942,0.28031,0.27965,0.27998,0.27899,0.27998,0.00206,0.00337,0.00699,0.00140,-0.00090,-49.97538,2.00000
0.51679,0.52106,0.51120,0.51778,0.51580,0.28458,0.28327,0.27866,0.28031,0.28129,0.00370,0.00041,0.00304,0.00140,-0.00090,-49.97538,10.00000
0.51021,0.51087,0.51975,0.51778,0.50955,0.27965,0.27998,0.28031,0.28129,0.28195,0.00206,-0.00090,-0.00222,-0.00057,0.00304,-50.66152,18.00000
0.50297,0.50725,0.50199,0.50330,0.50758,0.28228,0.27735,0.27636,0.27965,0.28228,0.00370,0.00041,-0.00057,0.00140,0.00568,-50.66152,26.00000
0.49771,0.49640,0.49903,0.50363,0.49903,0.28261,0.28722,0.28031,0.27603,0.27899,-0.00156,0.00008,0.00239,0.00107,0.00206,-49.72285,34.00000
0.49475,0.48883,0.49179,0.49508,0.49212,0.28129,0.28162,0.28195,0.28228,0.27965,0.00041,0.00173,0.00107,-0.00025,0.00008,-49.72285,42.00000
0.48817,0.48817,0.48489,0.48719,0.48390,0.28031,0.27899,0.27932,0.28031,0.28261,-0.00090,0.00304,0.00041,0.00600,0.00107,-50.69639,50.00000
0.47798,0.48094,0.48028,0.48390,0.47929,0.28294,0.27866,0.28228,0.28162,0.27669,-0.00222,0.00272,0.00008,0.00206,-0.00123,-50.69639,58.00000
0.47173,0.47107,0.47732,0.48127,0.47041,0.28228,0.28393,0.28228,0.27833,0.28294,0.00107,-0.00057,0.00074,0.00008,-0.00255,-50.09673,66.00000
0.47929,0.46976,0.47206,0.47173,0.47403,0.28327,0.27932,0.27899,0.28162,0.28491,-0.00551,0.00008,0.00239,-0.00353,-0.00057,-50.09673,74.00000
0.46647,0.46943,0.46877,0.46153,0.46515,0.28129,0.27965,0.27702,0.28360,0.28491,0.00206,0.00370,-0.00090,0.00239,-0.00255,-50.21194,82.00000
0.45824,0.46614,0.46055,0.46877,0.45956,0.27636,0.27998,0.28097,0.28195,0.28524,-0.00123,0.00239,0.00008,-0.00255,-0.00057,-50.21194,90.00000
0.45232,0.45397,0.45364,0.45989,0.45923,0.28129,0.28097,0.27833,0.27735,0.28064,-0.00288,-0.00123,-0.00189,-0.00090,0.00239,-50.40382,98.00000
0.44871,0.45430,0.45035,0.44936,0.45134,0.27965,0.27702,0.28425,0.27801,0.27965,0.00304,0.00337,0.00239,0.00008,0.00239,-50.40382,106.00000
0.44673,0.44542,0.44410,0.44772,0.44838,0.27932,0.28360,0.28261,0.27603,0.27866,0.00107,-0.00123,-0.00189,-0.00485,0.00173,-50.13843,114.00000
0.44180,0.44015,0.44048,0.44213,0.44640,0.28162,0.28360,0.28064,0.28425,0.27768,0.00074,0.00107,-0.00222,0.00008,0.00140,-50.13843,122.00000
0.43226,0.43719,0.43621,0.43555,0.43325,0.27406,0.28195,0.27735,0.28425,0.27866,0.00140,0.00008,0.00272,0.00370,-0.00090,-49.18543,130.00000
0.43423,0.43292,0.43062,0.43456,0.43160,0.27702,0.27965,0.27833,0.27899,0.27998,0.00008,-0.00057,-0.00090,-0.00025,-0.00123,-49.18543,138.00000
0.42897,0.42404,0.42733,0.42371,0.42502,0.27932,0.28031,0.28261,0.28064,0.28097,0.00107,0.00074,0.00173,0.00008,0.00173,-50.05902,146.00000
0.42963,0.42535,0.41647,0.42338,0.42437,0.27735,0.28129,0.28195,0.28327,0.27899,0.00173,-0.00288,-0.00156,-0.00353,0.00436,-50.05902,154.00000
0.41779,0.42075,0.41417,0.41878,0.42009,0.27702,0.27998,0.28162,0.28228,0.27899,0.00272,-0.00189,0.00140,-0.00485,0.00173,-50.20041,162.00000
0.41878,0.41384,0.41253,0.41680,0.41450,0.27537,0.28162,0.27768,0.28097,0.27801,-0.00057,0.00074,-0.00090,-0.00189,0.00107,-50.20041,170.00000
0.41582,0.40562,0.41614,0.41384,0.41384,0.28097,0.28097,0.27932,0.27998,0.27768,0.00140,0.00140,0.00074,0.00239,-0.00255,-50.65929,178.00000
0.41318,0.40891,0.40595,0.41286,0.40726,0.28129,0.28097,0.28064,0.27899,0.27406,0.00173,0.00041,-0.00090,0.00041,0.00074,-50.65929,186.00000
0.40726,0.40726,0.40398,0.41088,0.40332,0.28261,0.28097,0.28228,0.27965,0.28031,-0.00090,0.00206,-0.00057,0.00041,0.00370,-51.15972,194.00000
0.40562,0.40924,0.40003,0.39904,0.40825,0.27768,0.27801,0.28129,0.27801,0.28162,0.00008,0.00337,0.00272,-0.00353,0.00206,-51.15972,202.00000
0.40595,0.40496,0.39937,0.39970,0.39641,0.28064,0.28129,0.27899,0.27801,0.27965,-0.00222,-0.00025,-0.00156,-0.00222,-0.00156,-51.28299,210.00000
0.39707,0.39674,0.39674,0.38852,0.39937,0.27702,0.27768,0.27735,0.27768,0.27702,0.00008,0.00041,0.00173,-0.00090,0.00304,-51.28299,218.00000
0.39411,0.39444,0.39181,0.39937,0.39838,0.28393,0.28097,0.27537,0.27899,0.27603,-0.00090,0.00074,0.00074,0.00008,-0.00156,-50.44862,226.00000
0.39378,0.39378,0.39246,0.39575,0.38589,0.27636,0.27899,0.27866,0.27636,0.27833,0.00206,0.00173,0.00008,0.00239,0.00074,-50.44862,234.00000
0.38983,0.39674,0.38720,0.39115,0.39444,0.27833,0.27965,0.27735,0.27636,0.27866,-0.00255,-0.00057,-0.00222,0.00074,0.00140,-49.83857,242.00000
0.38786,0.38852,0.38687,0.39181,0.39444,0.27636,0.27965,0.28064,0.28097,0.27965,-0.00288,-0.00025,0.00633,0.00041,0.00008,-49.83857,250.00000
0.39148,0.38852,0.39378,0.39509,0.39411,0.27833,0.27965,0.28064,0.27932,0.27768,-0.00518,-0.00057,-0.00156,-0.00090,0.00107,-49.33335,258.00000
0.38917,0.39016,0.38950,0.38885,0.38556,0.27801,0.27768,0.28195,0.27702,0.28195,-0.00189,-0.00025,-0.00123,-0.00419,0.00140,-49.33335,266.00000
0.38885,0.37964,0.38983,0.38325,0.38654,0.27340,0.28064,0.28031,0.27965,0.27636,0.00041,0.00337,0.00041,0.00074,-0.00025,-50.12322,274.00000
0.38720,0.38720,0.39509,0.38424,0.38819,0.27998,0.27932,0.28064,0.27702,0.27340,-0.00255,-0.00025,0.00140,0.00272,0.00140,-50.12322,282.00000
0.38950,0.38391,0.38917,0.38852,0.38194,0.27768,0.27866,0.27636,0.27998,0.28064,-0.00288,-0.00649,0.00206,0.00107,-0.00090,-48.82137,290.00000
0.38062,0.38852,0.38950,0.38950,0.38687,0.27373,0.27702,0.28064,0.27570,0.27603,-0.00057,0.00008,-0.00255,-0.00090,-0.00123,-48.82137,298.00000
0.38819,0.38720,0.38720,0.38490,0.38819,0.28360,0.28129,0.27833,0.28425,0.27472,-0.00255,-0.00090,0.00173,0.00074,-0.00090,-49.59623,306.00000
0.38885,0.38293,0.39181,0.38621,0.39444,0.27636,0.27768,0.28491,0.28031,0.27472,0.00074,0.00304,-0.00057,-0.00255,-0.00025,-49.59623,314.00000
0.38917,0.38128,0.38786,0.38457,0.39246,0.27801,0.28064,0.28228,0.28064,0.27702,-0.00123,0.00107,-0.00222,0.00041,-0.00057,-49.69314,322.00000
0.38523,0.39213,0.39148,0.39115,0.39148,0.28129,0.27537,0.27833,0.27537,0.27373,0.00041,0.00173,-0.00123,-0.00057,-0.00090,-49.69314,330.00000
0.39477,0.38950,0.39115,0.39082,0.38786,0.28294,0.27932,0.27932,0.27735,0.27932,0.00041,-0.00090,0.00206,-0.00255,0.00008,-50.45936,338.00000
0.39082,0.38852,0.39181,0.39246,0.38687,0.28360,0.27768,0.27274,0.27669,0.28064,0.00107,0.00173,0.00008,0.00272,-0.00189,-50.45936,346.00000
0.40365,0.39707,0.40102,0.39444,0.39542,0.27998,0.27998,0.28064,0.28228,0.28327,0.00008,0.00008,0.00074,-0.00123,-0.00156,-50.43964,354.00000
0.38983,0.39575,0.39411,0.39740,0.39805,0.27669,0.28162,0.27965,0.27735,0.27801,0.00272,-0.00025,0.00403,0.00140,0.00041,-50.43964,362.00000
0.39312,0.40365,0.39937,0.40036,0.39904,0.27636,0.27899,0.27899,0.27899,0.27636,0.00074,-0.00025,-0.00123,-0.00222,-0.00222,-50.12461,370.00000
0.40069,0.40463,0.40463,0.39970,0.39773,0.27801,0.28360,0.27702,0.27406,0.27702,0.00206,0.00008,-0.00057,-0.00321,0.00041,-50.12461,378.00000
0.39674,0.40529,0.40167,0.40694,0.40398,0.27669,0.27833,0.27965,0.27899,0.27735,0.00107,0.00041,-0.00057,0.00140,0.00041,-50.17461,386.00000
0.40595,0.40595,0.40825,0.40365,0.40825,0.27570,0.27801,0.28261,0.28097,0.27965,0.00008,-0.00617,0.00502,0.00502,-0.00025,-50.17461,394.00000
0.40496,0.41417,0.40990,0.40299,0.41516,0.27932,0.27735,0.27866,0.28097,0.27899,0.00107,-0.00321,0.00206,0.00370,-0.00090,-51.07851,402.00000
0.41055,0.41582,0.41680,0.41746,0.41878,0.27768,0.28031,0.28064,0.27505,0.27833,-0.00386,0.00272,-0.00057,-0.00057,0.00173,-51.07851,410.00000
0.41516,0.41483,0.41450,0.41450,0.41516,0.27768,0.27932,0.28031,0.27472,0.27965,-0.00156,0.00140,0.00074,0.00272,0.00041,-50.63447,418.00000
0.41976,0.42338,0.42075,0.41647,0.42305,0.27965,0.27702,0.27998,0.27570,0.27899,0.00436,-0.00090,0.00173,-0.00255,0.00041,-50.63447,426.00000
0.41549,0.42437,0.42239,0.42470,0.42174,0.27899,0.27603,0.28195,0.27998,0.27603,-0.00189,0.00304,0.00107,0.00074,-0.00025,-50.04868,434.00000
0.42338,0.42470,0.42535,0.42206,0.43095,0.28228,0.27176,0.27932,0.27998,0.27998,0.00074,0.00140,0.00173,-0.00025,-0.00353,-50.04868,442.00000
0.42437,0.43127,0.42798,0.42996,0.43522,0.27801,0.27801,0.27965,0.27965,0.28031,0.00074,0.00403,0.00008,0.00304,0.00041,-50.72502,450.00000
0.44048,0.43621,0.43851,0.43588,0.43621,0.27998,0.27833,0.27209,0.27932,0.27505,0.00074,0.00239,0.00041,0.00206,-0.00222,-50.72502,458.00000
0.43489,0.43654,0.44739,0.43851,0.43522,0.27472,0.28195,0.27866,0.27833,0.27932,0.00041,0.00173,-0.00025,0.00140,0.00140,-50.19650,466.00000
0.43884,0.45199,0.44871,0.44805,0.44838,0.27833,0.27735,0.27636,0.27735,0.27899,0.00008,-0.00123,-0.00288,0.00008,-0.00025,-50.19650,474.00000
0.44903,0.44739,0.45101,0.44838,0.45265,0.28031,0.27735,0.27768,0.27702,0.27735,-0.00156,-0.00518,-0.00353,-0.00156,0.00107,-50.38878,482.00000
0.45232,0.44805,0.45759,0.45397,0.45693,0.27833,0.27866,0.27899,0.27702,0.27866,-0.00123,-0.00288,0.00173,-0.00123,-0.00222,-50.38878,490.00000
0.46285,0.46055,0.46252,0.46252,0.46449,0.27537,0.27570,0.27603,0.27833,0.27932,0.00008,0.00074,-0.00222,-0.00057,0.00041,-51.09038,498.00000
0.46515,0.46680,0.46186,0.46844,0.46581,0.27833,0.27636,0.27866,0.27833,0.28097,-0.00090,0.00173,-0.00123,0.00041,0.00239,-51.09038,506.00000
0.46976,0.47337,0.47502,0.47173,0.47173,0.27801,0.27998,0.27537,0.28064,0.27932,-0.00090,-0.00090,-0.00123,-0.00222,0.00074,-50.70144,514.00000
0.47633,0.47469,0.48160,0.47995,0.47864,0.27537,0.28097,0.28195,0.27735,0.27965,0.00206,0.00140,-0.00123,-0.00090,0.00239,-50.70144,522.00000
0.47765,0.48653,0.47929,0.48258,0.48620,0.27669,0.27636,0.28129,0.28031,0.27768,-0.00057,0.00008,-0.00386,0.00304,-0.00025,-50.68031,530.00000
0.49673,0.49377,0.48390,0.48423,0.49081,0.27702,0.27505,0.27702,0.27669,0.27669,-0.00189,0.00403,0.00173,0.00041,-0.00057,-50.68031,538.00000
0.49936,0.48850,0.49278,0.49442,0.49640,0.28294,0.27866,0.27899,0.27768,0.27965,0.00107,-0.00518,-0.00057,-0.00057,-0.00090,-50.96271,546.00000
0.50462,0.49344,0.49607,0.49969,0.50626,0.27932,0.27965,0.27373,0.27241,0.27768,-0.00353,0.00403,0.00140,0.00239,0.00140,-50.96271,554.00000
0.50824,0.50462,0.50758,0.49936,0.50429,0.27899,0.28031,0.28031,0.27932,0.27636,0.00206,-0.00025,0.00370,-0.00090,0.00173,-50.29093,562.00000
0.51021,0.51120,0.51416,0.51317,0.51054,0.27373,0.27866,0.27702,0.27669,0.27866,-0.00025,0.00173,-0.00255,-0.00189,-0.00353,-50.29093,570.00000
0.51547,0.52074,0.51778,0.51350,0.51843,0.27768,0.28162,0.27406,0.28031,0.27735,-0.00386,0.00403,0.00173,-0.00090,-0.00025,-49.97457,578.00000
0.51975,0.52698,0.52600,0.52271,0.51942,0.27998,0.27439,0.27801,0.27735,0.27603,-0.00222,0.00041,-0.00321,0.00041,0.00337,-49.97457,586.00000
0.52863,0.52830,0.52633,0.52929,0.52666,0.28162,0.27636,0.28195,0.27636,0.27899,0.00140,0.00206,0.00041,0.00370,-0.00255,-49.96043,594.00000
0.53554,0.53389,0.53455,0.53422,0.53455,0.27669,0.27768,0.27866,0.28261,0.27801,0.00041,0.00239,0.00008,0.00140,0.00041,-49.96043,602.00000
0.54146,0.53817,0.54179,0.53981,0.54047,0.27801,0.27406,0.27636,0.27603,0.27537,-0.00156,0.00304,0.00568,0.00008,0.00008,-51.05932,610.00000
0.55330,0.54869,0.54146,0.54146,0.55264,0.27768,0.27636,0.27636,0.27965,0.27669,0.00041,-0.00255,-0.00123,-0.00057,0.00304,-51.05932,618.00000
0.54573,0.54836,0.55363,0.54738,0.54968,0.27702,0.27965,0.27406,0.27866,0.27932,0.00337,-0.00518,0.00107,0.00008,-0.00123,-50.27819,626.00000
0.55363,0.55461,0.55428,0.55527,0.55691,0.28195,0.27735,0.27406,0.27932,0.28031,-0.00025,-0.00222,0.00173,0.00107,-0.00156,-50.27819,634.00000
0.56744,0.56349,0.56711,0.56645,0.56514,0.27505,0.27735,0.27439,0.27274,0.27932,-0.00025,-0.00189,0.00140,0.00337,0.00304,-50.70306,642.00000
0.56514,0.56218,0.56777,0.56020,0.56843,0.27965,0.27833,0.28294,0.27965,0.26847,0.00074,-0.00222,-0.00353,0.00107,-0.00255,-50.70306,650.00000
0.56875,0.57336,0.57007,0.57533,0.56612,0.27735,0.27735,0.27472,0.27505,0.27998,-0.00057,0.00074,0.00107,0.00403,0.00107,-50.31247,658.00000
0.57764,0.57533,0.57994,0.57435,0.57862,0.27735,0.27702,0.27603,0.27537,0.27702,0.00403,-0.00419,0.00041,0.00272,-0.00057,-50.31247,666.00000
0.57632,0.58257,0.57928,0.58356,0.58487,0.27439,0.27537,0.27899,0.27801,0.28162,-0.00255,0.00206,0.00206,-0.00090,-0.00189,-51.09129,674.00000
0.58388,0.58980,0.58750,0.58257,0.58388,0.27768,0.28228,0.27735,0.27570,0.27636,0.00469,0.00041,0.00173,0.00304,0.00074,-51.09129,682.00000
0.58882,0.60263,0.58684,0.58882,0.59079,0.27899,0.27669,0.28031,0.27801,0.27833,-0.00452,0.00206,-0.00090,0.00041,0.00239,-49.59838,690.00000
0.59079,0.59605,0.58948,0.59211,0.59441,0.27636,0.27702,0.27801,0.27176,0.27537,0.00206,-0.00189,0.00337,0.00074,-0.00156,-49.59838,698.00000
0.59375,0.59869,0.60033,0.59671,0.59704,0.27537,0.27406,0.27439,0.27735,0.27472,0.00041,0.00206,-0.00386,-0.00025,0.00206,-50.55847,706.00000
0.60329,0.59934,0.60362,0.60000,0.60362,0.27505,0.27833,0.27570,0.27406,0.27768,-0.00222,-0.00222,-0.00057,-0.00222,0.00436,-50.55847,714.00000
0.60526,0.60691,0.60888,0.60461,0.60296,0.27570,0.27570,0.27406,0.27768,0.27537,-0.00156,0.00008,-0.00156,-0.00057,0.00074,-50.26703,722.00000
0.60395,0.61118,0.60625,0.60822,0.60789,0.27373,0.27801,0.27735,0.27965,0.27570,0.00074,-0.00255,0.00206,0.00436,-0.00123,-50.26703,730.00000
0.61118,0.61414,0.61447,0.61085,0.61710,0.27702,0.28064,0.27603,0.27833,0.28261,-0.00123,0.00239,-0.00057,0.00140,0.00008,-51.25900,738.00000
0.61710,0.62105,0.61381,0.62006,0.61710,0.27537,0.27636,0.27406,0.27406,0.27636,0.00107,-0.00255,0.00272,-0.00353,0.00074,-51.25900,746.00000
0.62401,0.62171,0.62105,0.62072,0.62105,0.28129,0.27965,0.27833,0.27833,0.27340,-0.00057,-0.00090,0.00239,0.00008,-0.00025,-50.31700,754.00000
0.62763,0.62302,0.62401,0.62401,0.62401,0.27965,0.27702,0.27439,0.27833,0.27176,-0.00222,0.00008,0.00239,0.00304,-0.00386,-50.31700,762.00000
0.62894,0.62927,0.62533,0.62664,0.62434,0.27603,0.27439,0.27603,0.27505,0.27702,-0.00123,0.00370,0.00041,-0.00057,-0.00156,-50.61260,770.00000
0.63519,0.62598,0.62927,0.63190,0.63223,0.27570,0.27965,0.27669,0.27176,0.27406,0.00239,0.00173,0.00304,-0.00156,0.00272,-50.61260,778.00000
0.62829,0.63388,0.62960,0.63223,0.63256,0.27833,0.27274,0.27669,0.27176,0.27472,0.00206,-0.00222,-0.00156,0.00008,0.00074,-51.11685,786.00000
0.63750,0.63750,0.63519,0.62862,0.63355,0.27439,0.27998,0.27833,0.27669,0.27570,0.00008,0.00370,-0.00189,0.00173,-0.00255,-51.11685,794.00000
0.62960,0.63684,0.63454,0.64013,0.63684,0.27669,0.27669,0.27735,0.27439,0.27439,-0.00288,0.00173,-0.00321,0.00140,0.00370,-50.13362,802.00000
0.63486,0.63782,0.64670,0.63782,0.63881,0.27636,0.27998,0.27439,0.27241,0.28031,-0.00255,-0.00123,0.00140,0.00041,0.00140,-50.13362,810.00000
0.63980,0.64802,0.63322,0.63519,0.64046,0.27209,0.27505,0.27011,0.27241,0.27801,-0.00353,0.00304,0.00140,-0.00156,0.00008,-50.34757,818.00000
0.64440,0.64572,0.63881,0.64144,0.63980,0.27636,0.27768,0.27406,0.27669,0.27406,-0.00222,0.00239,0.00140,-0.00090,-0.00617,-50.34757,826.00000
0.64210,0.64210,0.63914,0.64144,0.64736,0.27274,0.27833,0.27143,0.27307,0.27669,0.00206,-0.00288,0.00304,-0.00090,-0.00189,-50.66939,834.00000
0.64177,0.64210,0.64309,0.65065,0.64144,0.27537,0.27570,0.27307,0.27340,0.27439,0.00041,0.00370,-0.00255,-0.00025,0.00107,-50.66939,842.00000
0.64177,0.64177,0.64736,0.64473,0.64111,0.27866,0.27241,0.27406,0.27702,0.27505,-0.00353,-0.00057,0.00074,-0.00189,-0.00386,-50.50559,850.00000
0.64736,0.65032,0.64703,0.64473,0.64440,0.27505,0.27274,0.27702,0.27044,0.27866,-0.00156,0.00008,0.00206,-0.00353,0.00403,-50.50559,858.00000
0.64638,0.65230,0.64638,0.64703,0.64901,0.27669,0.27603,0.27636,0.27702,0.27603,-0.00288,0.00173,0.00008,-0.00025,0.00140,-50.47741,866.00000
0.65394,0.65197,0.64934,0.65065,0.65197,0.27768,0.27044,0.26978,0.27735,0.27735,0.00272,-0.00156,0.00107,-0.00025,0.00074,-50.47741,874.00000
0.64736,0.64802,0.65591,0.65262,0.64966,0.27702,0.27472,0.27735,0.27636,0.27340,0.00304,0.00107,-0.00057,0.00008,0.00173,-50.93695,882.00000
0.65230,0.65559,0.64934,0.64966,0.64605,0.27636,0.27505,0.27307,0.27768,0.27241,0.00008,-0.00255,0.00140,-0.00222,-0.00090,-50.93695,890.00000
0.65526,0.65591,0.64999,0.65131,0.64309,0.27570,0.27570,0.26945,0.27801,0.27702,0.00173,0.00107,0.00173,0.00074,0.00140,-49.95578,898.00000
0.65427,0.66118,0.64999,0.64868,0.65164,0.27439,0.27472,0.27439,0.27209,0.27768,0.00304,-0.00090,0.00173,0.00206,-0.00025,-49.95578,906.00000
0.65131,0.64934,0.65624,0.65723,0.64835,0.27044,0.27570,0.27636,0.27143,0.27472,0.00008,0.00074,-0.00025,0.00699,0.00074,-50.57603,914.00000
0.65394,0.65789,0.65361,0.65361,0.65526,0.27768,0.27866,0.27833,0.27274,0.27472,0.00140,0.00173,-0.00353,-0.00189,0.00008,-50.57603,922.00000
0.65295,0.65690,0.65394,0.65591,0.65887,0.27669,0.27472,0.27274,0.27439,0.27702,-0.00025,0.00239,-0.00090,-0.00090,-0.00123,-50.66155,930.00000
0.65986,0.65690,0.65723,0.66578,0.65526,0.27537,0.26978,0.27866,0.27570,0.27636,-0.00123,-0.00222,0.00041,-0.00090,0.00008,-50.66155,938.00000
0.66183,0.65230,0.65822,0.65822,0.65690,0.27143,0.27669,0.27537,0.27669,0.27669,-0.00090,-0.00255,0.00041,-0.00189,-0.00189,-50.88742,946.00000
0.66052,0.65657,0.65065,0.66348,0.65526,0.27702,0.27537,0.27307,0.27636,0.27603,-0.00025,-0.00189,-0.00321,-0.00321,0.00107,-50.88742,954.00000
0.65065,0.65723,0.66743,0.65756,0.65624,0.28129,0.27176,0.27274,0.27505,0.27439,0.00008,-0.00518,-0.00353,0.00074,0.00008,-51.10289,962.00000
0.65361,0.65427,0.65986,0.65953,0.65756,0.27209,0.27077,0.27406,0.27274,0.28162,0.00041,-0.00156,-0.00090,0.00206,-0.00419,-51.10289,970.00000
0.65328,0.65657,0.65953,0.65624,0.65624,0.27011,0.27241,0.27702,0.27768,0.27505,0.00272,-0.00353,-0.00222,0.00206,0.00370,-51.22283,978.00000
0.65493,0.65690,0.65887,0.65657,0.65887,0.27735,0.27373,0.27307,0.27241,0.27472,0.00304,0.00304,-0.00090,0.00239,0.00107,-51.22283,986.00000
0.65986,0.65822,0.65361,0.65887,0.66216,0.27406,0.27307,0.27669,0.27570,0.27570,-0.00123,0.00140,0.00140,-0.00156,-0.00123,-51.75399,994.00000
0.65953,0.65887,0.65723,0.66447,0.65065,0.27307,0.27373,0.26945,0.27406,0.27406,0.00173,0.00041,0.00140,-0.00090,0.00140,-51.75399,1002.00000
0.66414,0.66183,0.65756,0.65822,0.65493,0.27274,0.27241,0.27702,0.27636,0.27307,0.00173,-0.00123,-0.00025,0.00107,-0.00485,-51.71684,1010.00000
0.66019,0.66249,0.65723,0.65690,0.65526,0.27669,0.27866,0.27274,0.27373,0.27768,0.00041,-0.00452,0.00140,0.00107,-0.00189,-51.71684,1018.00000
0.66052,0.65624,0.65131,0.65591,0.66249,0.27307,0.27176,0.27439,0.27636,0.27143,-0.00222,0.00041,0.00074,0.00206,-0.00057,-50.30910,1026.00000
0.66479,0.65789,0.65887,0.66644,0.65953,0.27241,0.27439,0.27768,0.27143,0.27209,-0.00288,-0.00156,-0.00057,-0.00189,0.00173,-50.30910,1034.00000
0.66282,0.66743,0.66216,0.66118,0.65920,0.27603,0.27603,0.27570,0.27735,0.27537,-0.00025,0.00173,0.00206,0.00239,-0.00090,-51.06764,1042.00000
0.66315,0.65657,0.66085,0.65657,0.66151,0.27176,0.27669,0.27702,0.27143,0.27570,-0.00386,0.00206,0.00370,-0.00090,-0.00057,-51.06764,1050.00000
0.66019,0.66216,0.65887,0.66151,0.65789,0.27636,0.27439,0.27932,0.27505,0.27537,0.00173,-0.00123,0.00041,-0.00090,0.00008,-49.74036,1058.00000
0.66085,0.66249,0.65657,0.65822,0.66348,0.27472,0.27570,0.27274,0.27505,0.27866,0.00140,0.00140,0.00272,-0.00057,0.00008,-49.74036,1066.00000
0.66151,0.66151,0.66052,0.65986,0.65559,0.27439,0.27603,0.27110,0.27505,0.27439,0.00107,-0.00353,0.00140,0.00107,-0.00057,-50.71002,1074.00000
0.65657,0.66183,0.66151,0.65394,0.66151,0.27735,0.27406,0.27636,0.27406,0.27307,0.00140,0.00239,-0.00419,-0.00090,-0.00321,-50.71002,1082.00000
0.66052,0.66151,0.66019,0.65657,0.66151,0.27570,0.27669,0.27110,0.27011,0.27340,0.00107,-0.00025,0.00173,0.00140,-0.00123,-50.30618,1090.00000
0.66315,0.65624,0.66479,0.66414,0.65328,0.27373,0.27373,0.27406,0.26945,0.27406,-0.00090,-0.00090,-0.00025,0.00074,0.00008,-50.30618,1098.00000
0.65427,0.66282,0.65262,0.66381,0.65460,0.27176,0.27044,0.27307,0.27899,0.27406,0.00436,0.00041,-0.00025,0.00107,0.00206,-50.53151,1106.00000
0.65164,0.65427,0.65624,0.65986,0.65920,0.27011,0.27505,0.26847,0.27373,0.27669,0.00337,-0.00321,0.00206,0.00107,0.00041,-50.53151,1114.00000
0.65065,0.65361,0.65887,0.65756,0.65690,0.27406,0.27077,0.27307,0.27274,0.27472,-0.00189,0.00140,0.00008,0.00206,-0.00090,-49.67493,1122.00000
0.65624,0.65559,0.65131,0.66052,0.65197,0.27472,0.27044,0.27636,0.27603,0.27439,0.00074,0.00272,-0.00090,0.00140,-0.00057,-49.67493,1130.00000
0.65131,0.65624,0.65789,0.65887,0.65690,0.27537,0.27833,0.26945,0.26814,0.27373,0.00008,0.00041,-0.00222,-0.00057,-0.00123,-51.11188,1138.00000
0.65328,0.65361,0.66118,0.65361,0.65723,0.27669,0.27307,0.27011,0.27176,0.27340,-0.00090,0.00370,-0.00156,0.00107,-0.00057,-51.11188,1146.00000
0.65164,0.65559,0.65394,0.66052,0.65460,0.27143,0.27110,0.27439,0.26781,0.27833,0.00403,0.00041,-0.00025,0.00206,-0.00222,-51.37625,1154.00000
0.65526,0.65953,0.65756,0.65953,0.65427,0.27373,0.27340,0.27077,0.26847,0.27472,0.00074,-0.00123,-0.00189,0.00008,-0.00222,-51.37625,1162.00000
0.65361,0.65394,0.65493,0.64934,0.65559,0.27110,0.27176,0.26880,0.27570,0.27735,0.00107,0.00107,0.00107,0.00173,0.00041,-51.36195,1170.00000
0.65394,0.65756,0.65427,0.65131,0.65065,0.27636,0.27603,0.27110,0.27241,0.27340,-0.00123,-0.00386,-0.00189,-0.00057,0.00173,-51.36195,1178.00000
0.65197,0.66118,0.66249,0.65197,0.64934,0.26814,0.27143,0.27110,0.27537,0.27472,-0.00518,0.00140,0.00173,0.00074,-0.00123,-50.37092,1186.00000
0.65427,0.65460,0.65460,0.65657,0.64868,0.26978,0.27373,0.27669,0.27176,0.27636,0.00041,0.00502,0.00370,0.00337,-0.00156,-50.37092,1194.00000
0.65065,0.65361,0.65427,0.65855,0.65657,0.26913,0.27373,0.27439,0.27110,0.27241,-0.00090,-0.00156,-0.00025,0.00107,-0.00156,-50.77140,1202.00000
0.65328,0.65427,0.65328,0.65164,0.65230,0.27768,0.27505,0.26945,0.27472,0.27340,0.00074,0.00140,0.00140,-0.00090,-0.00222,-50.77140,1210.00000
0.65131,0.65164,0.65460,0.65460,0.64901,0.27209,0.27340,0.27439,0.27143,0.27636,-0.00090,0.00008,0.00173,0.00041,-0.00123,-50.51998,1218.00000
0.65427,0.64440,0.65197,0.65262,0.65295,0.27439,0.27505,0.27241,0.27406,0.27373,0.00041,-0.00025,0.00008,0.00272,-0.00025,-50.51998,1226.00000
0.64868,0.65526,0.65295,0.65986,0.64374,0.26814,0.27439,0.26978,0.27636,0.27505,-0.00452,-0.00090,-0.00057,-0.00255,-0.00057,-49.90598,1234.00000
0.64835,0.64901,0.64999,0.64868,0.65197,0.27340,0.27143,0.27439,0.27241,0.27669,0.00272,-0.00025,0.00140,0.00206,-0.00255,-49.90598,1242.00000
0.65032,0.64934,0.65131,0.64901,0.65197,0.27209,0.27143,0.27899,0.27505,0.27209,-0.00090,-0.00057,0.00041,-0.00156,0.00107,-50.32653,1250.00000
0.63848,0.64572,0.64539,0.65164,0.64177,0.27176,0.27110,0.27439,0.27209,0.27439,0.00107,-0.00057,0.00272,-0.00057,-0.00090,-50.32653,1258.00000
0.64407,0.64670,0.64407,0.65164,0.64605,0.27570,0.27406,0.27274,0.27340,0.27077,0.00370,0.00173,0.00041,-0.00189,0.00173,-49.95574,1266.00000
0.64210,0.64802,0.64966,0.64243,0.64835,0.27340,0.26945,0.27143,0.27044,0.26748,-0.00057,-0.00156,0.00107,0.00239,0.00140,-49.95574,1274.00000
0.64276,0.64506,0.64736,0.64506,0.64572,0.27176,0.26814,0.27077,0.27176,0.27307,0.00041,-0.00156,-0.00222,0.00206,0.00041,-50.19272,1282.00000
0.63717,0.64177,0.64572,0.64243,0.64638,0.27011,0.27241,0.27044,0.27768,0.27603,-0.00090,0.00107,0.00041,0.00173,0.00173,-50.19272,1290.00000
0.63750,0.64769,0.63815,0.64374,0.64638,0.26847,0.27110,0.27241,0.27570,0.27537,-0.00255,-0.00222,-0.00222,-0.00189,0.00173,-50.62370,1298.00000
0.64835,0.63585,0.64243,0.63750,0.64046,0.27472,0.27373,0.26945,0.27274,0.27636,0.00239,0.00239,0.00140,-0.00255,0.00173,-50.62370,1306.00000
0.64802,0.64276,0.64144,0.63454,0.64309,0.27274,0.27011,0.27373,0.27307,0.27472,0.00008,0.00272,0.00074,-0.00255,0.00008,-50.07992,1314.00000
0.63684,0.63585,0.63684,0.63815,0.63651,0.27373,0.27044,0.26913,0.26978,0.27077,-0.00353,-0.00419,0.00107,0.00074,0.00074,-50.07992,1322.00000
0.64078,0.63815,0.63421,0.63322,0.63552,0.27669,0.27044,0.27011,0.26682,0.27011,0.00041,0.00074,-0.00649,-0.00386,0.00272,-49.95451,1330.00000
0.63289,0.63914,0.62993,0.63552,0.63421,0.26913,0.27307,0.27373,0.27110,0.27176,0.00008,0.00239,-0.00090,0.00206,0.00272,-49.95451,1338.00000
0.63552,0.63092,0.63289,0.63256,0.62993,0.27636,0.27044,0.27373,0.27110,0.27340,-0.00419,0.00074,0.00173,0.00206,-0.00025,-50.25558,1346.00000
0.62631,0.63223,0.62500,0.63585,0.62829,0.27307,0.26814,0.27077,0.26847,0.26880,-0.00123,0.00107,0.00206,0.00304,-0.00584,-50.25558,1354.00000
0.62467,0.62730,0.62533,0.62697,0.62237,0.27143,0.26814,0.27011,0.27373,0.26617,0.00140,-0.00321,-0.00090,-0.00123,0.00008,-49.94712,1362.00000
0.62368,0.62368,0.62697,0.62664,0.61776,0.27110,0.26945,0.27143,0.27209,0.27241,-0.00288,-0.00090,-0.00222,0.00239,-0.00123,-49.94712,1370.00000
0.61447,0.62302,0.61809,0.61612,0.62006,0.27176,0.27011,0.27307,0.26913,0.27176,-0.00025,0.00041,0.00041,-0.00156,-0.00156,-50.43499,1378.00000
0.61381,0.61842,0.61480,0.61941,0.61908,0.26781,0.27011,0.26913,0.27044,0.27143,-0.00156,0.00140,0.00008,0.00370,-0.00419,-50.43499,1386.00000
0.61250,0.61414,0.61118,0.61020,0.61118,0.27011,0.26584,0.26913,0.27340,0.27209,-0.00025,-0.00025,0.00239,-0.00057,-0.00025,-50.43478,1394.00000
0.60921,0.60987,0.61480,0.60757,0.61414,0.27143,0.27241,0.27307,0.27011,0.27340,-0.00156,-0.00025,-0.00090,0.00206,0.00041,-50.43478,1402.00000
0.59572,0.60099,0.60428,0.60230,0.60855,0.27274,0.26945,0.27044,0.27373,0.27241,-0.00123,0.00074,0.00074,-0.00090,-0.00419,-51.47471,1410.00000
0.60099,0.60625,0.60132,0.59836,0.59901,0.27472,0.27176,0.27472,0.27702,0.27241,0.00239,0.00370,0.00074,-0.00255,-0.00156,-51.47471,1418.00000
0.59836,0.59276,0.59638,0.59967,0.59244,0.26913,0.27209,0.26978,0.26880,0.27110,0.00140,0.00008,0.00403,-0.00057,-0.00057,-50.45171,1426.00000
0.58619,0.59013,0.58684,0.58060,0.59244,0.27209,0.27044,0.27044,0.27209,0.27110,0.00140,-0.00025,0.00107,-0.00156,0.00304,-50.45171,1434.00000
0.58553,0.58553,0.58388,0.57961,0.58158,0.27307,0.26715,0.26288,0.26814,0.26682,-0.00222,-0.00419,-0.00057,0.00074,0.00140,-50.55545,1442.00000
0.58257,0.58980,0.57599,0.58257,0.57698,0.27274,0.26913,0.26551,0.26913,0.26321,-0.00189,0.00206,-0.00025,0.00008,-0.00255,-50.55545,1450.00000
0.57336,0.57500,0.57895,0.57172,0.57270,0.27209,0.27110,0.26880,0.27274,0.26880,-0.00057,-0.00156,0.00107,-0.00288,-0.00288,-50.55360,1458.00000
0.57007,0.56810,0.56941,0.56185,0.57435,0.27307,0.27241,0.27274,0.27110,0.27044,0.00041,-0.00123,0.00206,-0.00025,0.00206,-50.55360,1466.00000
0.56152,0.56448,0.56251,0.56514,0.55922,0.27209,0.27110,0.27274,0.27143,0.27143,0.00206,0.00206,0.00206,-0.00255,0.00206,-50.51606,1474.00000
0.55724,0.55395,0.55922,0.56020,0.55330,0.27077,0.26880,0.26715,0.26945,0.27110,-0.00057,-0.00057,-0.00090,0.00140,-0.00090,-50.51606,1482.00000
0.54507,0.55363,0.54771,0.54771,0.54902,0.27406,0.27077,0.26945,0.26518,0.27340,-0.00288,-0.00518,-0.00057,0.00107,0.00304,-51.02707,1490.00000
0.53948,0.53488,0.53685,0.54310,0.53850,0.27077,0.27274,0.27570,0.27209,0.26880,0.00008,0.00008,-0.00353,0.00239,0.00337,-51.02707,1498.00000
0.53323,0.53290,0.53093,0.54113,0.53126,0.26781,0.26913,0.27307,0.26847,0.26649,0.00041,-0.00156,-0.00090,-0.00189,0.00140,-50.92858,1506.00000
0.52896,0.52534,0.52008,0.52172,0.52567,0.27570,0.26847,0.26847,0.26781,0.27307,-0.00090,0.00206,-0.00156,-0.00123,0.00041,-50.92858,1514.00000
0.51547,0.51547,0.52139,0.51613,0.51317,0.26945,0.27011,0.26814,0.27274,0.26748,0.00008,0.00041,-0.00025,-0.00189,0.00107,-51.39935,1522.00000
0.50528,0.51185,0.51218,0.50396,0.50824,0.27307,0.26978,0.27110,0.27209,0.27274,-0.00288,0.00206,0.00008,0.00140,0.00074,-51.39935,1530.00000
0.50363,0.49048,0.50528,0.49837,0.49837,0.27176,0.27241,0.27110,0.27011,0.27110,0.00140,0.00107,-0.00123,0.00074,0.00239,-51.15133,1538.00000
0.48620,0.48719,0.48587,0.48883,0.48982,0.27340,0.26880,0.27077,0.26682,0.26748,-0.00156,-0.00156,-0.00090,0.00272,-0.00057,-51.15133,1546.00000
0.48390,0.47633,0.48127,0.47962,0.47929,0.26945,0.27044,0.26880,0.26814,0.26847,0.00272,0.00008,0.00107,0.00173,0.00074,-51.65965,1554.00000
0.46712,0.46811,0.46416,0.46548,0.46811,0.26682,0.27472,0.26847,0.26518,0.26847,0.00107,0.00107,-0.00123,0.00074,-0.00025,-51.65965,1562.00000
0.45660,0.45660,0.46449,0.45627,0.45989,0.26452,0.26945,0.27077,0.27472,0.26748,-0.00321,0.00074,-0.00189,-0.00090,0.00041,-50.75170,1570.00000
0.44772,0.44673,0.44936,0.44509,0.44213,0.26978,0.27077,0.26715,0.26715,0.27011,0.00107,-0.00255,-0.00057,0.00074,0.00107,-50.75170,1578.00000
0.44476,0.43358,0.43917,0.43456,0.43621,0.26321,0.27176,0.27044,0.26978,0.27209,-0.00090,-0.00321,-0.00057,0.00074,-0.00189,-51.38415,1586.00000
0.42601,0.42437,0.42700,0.43160,0.42831,0.26913,0.26617,0.26978,0.27636,0.26814,0.00107,0.00074,0.00272,-0.00025,0.00074,-51.38415,1594.00000
0.41154,0.41220,0.41845,0.41450,0.41878,0.26781,0.27011,0.26913,0.26978,0.26584,0.00173,-0.00057,0.00041,-0.00123,-0.00222,-50.02801,1602.00000
0.40430,0.40430,0.40726,0.40628,0.40463,0.26748,0.27011,0.26649,0.27241,0.26978,0.00206,-0.00090,0.00140,-0.00156,-0.00288,-50.02801,1610.00000
0.39641,0.39444,0.40134,0.39016,0.39345,0.26913,0.26847,0.26814,0.27077,0.27011,-0.00156,-0.00025,0.00206,0.00304,-0.00288,-51.23715,1618.00000
0.38062,0.38161,0.38358,0.38128,0.38424,0.26518,0.27044,0.26945,0.26913,0.26847,0.00107,-0.00321,-0.00386,0.00140,-0.00090,-51.23715,1626.00000
0.36714,0.37306,0.37602,0.36648,0.37437,0.27274,0.26945,0.26880,0.26682,0.27537,0.00239,-0.00025,0.00403,-0.00123,-0.00156,-50.55998,1634.00000
0.35957,0.36155,0.36188,0.36385,0.36385,0.26945,0.26913,0.26715,0.26452,0.26748,0.00140,0.00272,0.00304,0.00239,0.00074,-50.55998,1642.00000
0.34543,0.35102,0.34379,0.34477,0.34740,0.26945,0.26945,0.27011,0.26551,0.26682,-0.00156,0.00074,-0.00090,-0.00255,0.00041,-50.31661,1650.00000
0.33984,0.33162,0.33819,0.34050,0.33458,0.26814,0.26945,0.26814,0.26682,0.26945,-0.00025,0.00337,0.00502,-0.00025,0.00173,-50.31661,1658.00000
0.32537,0.32997,0.32931,0.33030,0.32603,0.26419,0.26452,0.26880,0.26847,0.26781,0.00008,0.00008,0.00041,-0.00156,0.00304,-49.86045,1666.00000
0.31287,0.31747,0.31682,0.31155,0.31682,0.26485,0.27011,0.26880,0.26682,0.26913,-0.00156,0.00074,0.00370,0.00173,0.00239,-49.86045,1674.00000
0.30629,0.30728,0.30892,0.30761,0.30695,0.26715,0.26814,0.26814,0.26617,0.26288,-0.00255,-0.00222,0.00140,-0.00288,0.00173,-50.40874,1682.00000
0.29938,0.30399,0.29445,0.29774,0.30004,0.26649,0.26617,0.27044,0.26715,0.26682,-0.00123,0.00239,-0.00189,0.00008,-0.00189,-50.40874,1690.00000
0.29215,0.29445,0.29050,0.29281,0.28656,0.26386,0.26222,0.26715,0.27143,0.27011,0.00107,0.00074,0.00535,0.00173,0.00304,-50.38015,1698.00000
0.28129,0.27768,0.27735,0.27439,0.28064,0.26649,0.27274,0.26617,0.26518,0.26978,0.00370,0.00600,-0.00025,-0.00025,0.00206,-50.38015,1706.00000
0.27011,0.27373,0.26748,0.26781,0.26123,0.26781,0.27044,0.27274,0.26617,0.26419,0.00304,-0.00255,0.00206,0.00140,-0.00025,-50.59047,1714.00000
0.26617,0.26518,0.25531,0.25959,0.26090,0.27110,0.27176,0.26715,0.26649,0.26748,-0.00123,0.00107,0.00041,0.00008,0.00239,-50.59047,1722.00000
0.25959,0.25268,0.24775,0.25071,0.25334,0.27505,0.26649,0.27011,0.26945,0.27077,-0.00288,0.00173,-0.00452,-0.00025,-0.00156,-50.15363,1730.00000
0.24512,0.24808,0.23821,0.23788,0.24117,0.26617,0.26781,0.26814,0.26419,0.26748,0.00008,0.00140,-0.00156,0.00239,0.00041,-50.15363,1738.00000
0.23360,0.23755,0.23328,0.23097,0.23525,0.26748,0.26847,0.26781,0.26682,0.26649,-0.00123,-0.00222,-0.00025,0.00502,0.00008,-50.29410,1746.00000
0.22604,0.22308,0.22999,0.22308,0.22670,0.27044,0.26814,0.27110,0.26880,0.26156,-0.00123,0.00008,0.00041,-0.00156,0.00140,-50.29410,1754.00000
0.21946,0.22407,0.21815,0.22604,0.21683,0.26913,0.26945,0.26880,0.27077,0.26880,0.00140,0.00239,-0.00057,0.00173,-0.00123,-49.96395,1762.00000
0.21025,0.21025,0.21847,0.21584,0.21190,0.26222,0.27176,0.27209,0.27011,0.26584,0.00370,0.00008,-0.00222,0.00074,-0.00353,-49.96395,1770.00000
0.20894,0.20598,0.20400,0.20104,0.20762,0.27274,0.26814,0.26518,0.26748,0.26584,-0.00090,-0.00123,0.00074,-0.00222,-0.00288,-49.44730,1778.00000
0.19940,0.20137,0.19742,0.19973,0.19414,0.27077,0.26781,0.26748,0.26781,0.26781,-0.00025,-0.00255,0.00272,0.00370,0.00140,-49.44730,1786.00000
0.19677,0.18920,0.19446,0.19414,0.19446,0.26814,0.27077,0.26518,0.27077,0.26419,-0.00288,-0.00584,0.00107,0.00107,0.00107,-50.09475,1794.00000
0.18986,0.18756,0.18427,0.18854,0.18756,0.26518,0.26682,0.26321,0.26847,0.26715,0.00206,-0.00123,0.00535,-0.00025,-0.00321,-50.09475,1802.00000
0.18230,0.17999,0.17769,0.18328,0.17670,0.26682,0.26715,0.26288,0.27044,0.27373,0.00074,-0.00189,0.00041,0.00173,0.00041,-50.38185,1810.00000
0.17473,0.17539,0.17440,0.17901,0.17572,0.26978,0.26452,0.27044,0.27011,0.26551,-0.00255,0.00272,-0.00189,-0.00156,-0.00321,-50.38185,1818.00000
0.17473,0.17243,0.16421,0.16980,0.16980,0.26847,0.26814,0.26419,0.26880,0.26847,0.00074,0.00107,-0.00025,0.00008,0.00173,-51.82667,1826.00000
0.16190,0.16651,0.16684,0.16322,0.16684,0.26649,0.26715,0.27274,0.26945,0.26748,-0.00189,-0.00123,-0.00321,-0.00090,-0.00156,-51.82667,1834.00000
0.15894,0.15697,0.15927,0.15763,0.16684,0.27044,0.27143,0.26682,0.26880,0.26682,0.00436,-0.00090,-0.00255,0.00008,0.00140,-51.27710,1842.00000
0.15631,0.15993,0.15598,0.15763,0.16355,0.26748,0.26321,0.27274,0.26321,0.26649,0.00239,-0.00090,-0.00156,-0.00485,0.00239,-51.27710,1850.00000
0.15138,0.15138,0.15631,0.15598,0.15829,0.26913,0.26419,0.26321,0.26913,0.27011,-0.00156,-0.00090,-0.00025,0.00173,-0.00321,-51.76160,1858.00000
0.14776,0.15631,0.14941,0.15204,0.14579,0.26584,0.26682,0.26880,0.26518,0.27044,-0.00189,0.00535,-0.00189,0.00403,-0.00386,-51.76160,1866.00000
0.14710,0.15072,0.14513,0.15434,0.14645,0.26551,0.26945,0.26518,0.26880,0.26584,-0.00025,-0.00353,0.00239,-0.00025,0.00239,-51.08588,1874.00000
0.13855,0.14941,0.14118,0.14283,0.14381,0.26452,0.26518,0.26814,0.26518,0.26649,-0.00321,0.00107,-0.00123,0.00140,0.00008,-51.08588,1882.00000
0.14809,0.14480,0.14414,0.14381,0.14677,0.26584,0.26353,0.26978,0.26814,0.26913,-0.00386,0.00107,-0.00090,-0.00090,-0.00057,-51.21433,1890.00000
0.13724,0.14052,0.13954,0.14085,0.13789,0.26518,0.26485,0.26781,0.26649,0.26353,-0.00485,0.00107,-0.00090,-0.00321,0.00074,-51.21433,1898.00000
0.13888,0.13724,0.13428,0.13395,0.14118,0.26847,0.26814,0.26485,0.26518,0.26584,0.00041,-0.00386,0.00008,0.00206,-0.00057,-50.43626,1906.00000
0.13691,0.13099,0.14381,0.13592,0.12868,0.26584,0.26584,0.26584,0.26880,0.26945,-0.00419,-0.00156,-0.00123,-0.00222,-0.00288,-50.43626,1914.00000
0.13362,0.13395,0.13066,0.13428,0.13789,0.26353,0.27011,0.26682,0.26518,0.26847,-0.00156,-0.00288,-0.00288,-0.00123,-0.00222,-50.94811,1922.00000
0.13493,0.12803,0.13559,0.13164,0.13954,0.26288,0.26880,0.26189,0.26649,0.26518,-0.00222,-0.00288,0.00074,0.00041,-0.00288,-50.94811,1930.00000
0.12868,0.13164,0.12901,0.13263,0.12836,0.26485,0.26551,0.26518,0.26748,0.26880,0.00140,-0.00057,0.00074,0.00206,0.00041,-50.28851,1938.00000
0.12967,0.12770,0.13559,0.12770,0.13625,0.26617,0.26452,0.26518,0.26353,0.26945,-0.00189,-0.00353,0.00436,0.00008,-0.00025,-50.28851,1946.00000
0.12803,0.12836,0.13362,0.12737,0.13000,0.26156,0.26419,0.26715,0.26781,0.26518,-0.00123,-0.00189,0.00041,-0.00090,0.00206,-52.00705,1954.00000
0.13000,0.12507,0.12934,0.12770,0.12474,0.26617,0.26945,0.26715,0.26584,0.26584,-0.00057,0.00206,-0.00090,-0.00123,-0.00025,-52.00705,1962.00000
0.12342,0.13164,0.12836,0.12540,0.12474,0.27011,0.26222,0.26748,0.26584,0.26419,0.00140,0.00074,-0.00255,-0.00518,0.00140,-51.51622,1970.00000
0.12540,0.12868,0.12934,0.13263,0.12770,0.26781,0.26321,0.26847,0.26945,0.26748,0.00140,0.00370,0.00436,0.00074,0.00337,-51.51622,1978.00000
0.13197,0.12737,0.13362,0.12967,0.13164,0.26649,0.26551,0.26880,0.26485,0.26847,-0.00222,0.00304,-0.00057,0.00370,-0.00321,-51.61504,1986.00000
0.12441,0.13230,0.12737,0.12638,0.12836,0.26584,0.26880,0.26025,0.26945,0.26682,0.00272,-0.00025,-0.00189,-0.00189,-0.00222,-51.61504,1994.00000
0.13132,0.13789,0.12605,0.13493,0.13592,0.25926,0.26419,0.27110,0.26452,0.26913,0.00502,0.00107,0.00107,0.00140,-0.00288,-50.74649,2002.00000
0.12934,0.12934,0.13263,0.13197,0.13000,0.26419,0.26682,0.26584,0.26945,0.26781,0.00206,0.00041,0.00074,0.00272,-0.00222,-50.74649,2010.00000
0.13329,0.13296,0.12803,0.14085,0.12770,0.26518,0.26781,0.26617,0.26551,0.26452,-0.00353,0.00008,-0.00222,-0.00255,0.00107,-51.37178,2018.00000
0.13164,0.13329,0.13263,0.13197,0.13263,0.26649,0.26781,0.26584,0.26847,0.26880,-0.00123,-0.00419,-0.00090,-0.00123,0.00206,-51.37178,2026.00000
0.13362,0.14085,0.14447,0.13428,0.13888,0.26518,0.26419,0.26649,0.26748,0.26452,-0.00189,-0.00090,-0.00353,0.00272,-0.00288,-50.22935,2034.00000
0.13493,0.13460,0.13756,0.14217,0.13658,0.26551,0.26551,0.26715,0.27011,0.26649,-0.00518,-0.00321,0.00107,-0.00189,-0.00419,-50.22935,2042.00000
0.14316,0.13329,0.14151,0.14645,0.13855,0.26814,0.26913,0.27077,0.26584,0.26353,0.00370,-0.00123,0.00140,0.00370,0.00140,-51.39397,2050.00000
0.13789,0.14579,0.14513,0.13789,0.14250,0.26551,0.26288,0.26386,0.26748,0.26978,-0.00156,-0.00057,-0.00189,0.00206,0.00173,-51.39397,2058.00000
0.14776,0.14546,0.14941,0.14612,0.15039,0.27209,0.26386,0.26584,0.26978,0.26584,0.00337,-0.00288,0.00041,-0.00090,0.00206,-50.16476,2066.00000
0.15006,0.15171,0.14809,0.14579,0.14085,0.26748,0.26913,0.26748,0.26321,0.26584,-0.00156,0.00107,0.00008,-0.00057,-0.00156,-50.16476,2074.00000
0.15138,0.15302,0.15927,0.15598,0.15006,0.26386,0.26814,0.27011,0.26518,0.26518,0.00337,-0.00123,0.00008,0.00074,0.00074,-50.91978,2082.00000
0.15039,0.15697,0.15993,0.15269,0.15368,0.26781,0.26057,0.26518,0.26617,0.26584,-0.00452,-0.00189,-0.00222,-0.00123,0.00403,-50.91978,2090.00000
0.15894,0.16782,0.15927,0.16388,0.16026,0.26321,0.26518,0.26419,0.26715,0.26419,0.00173,-0.00025,-0.00025,-0.00255,0.00008,-51.95403,2098.00000
0.15927,0.16782,0.16519,0.16618,0.16651,0.26485,0.26189,0.26945,0.27044,0.26551,-0.00025,0.00535,-0.00189,0.00206,-0.00123,-51.95403,2106.00000
0.17309,0.16914,0.17144,0.17177,0.16388,0.26386,0.26617,0.26485,0.26880,0.26781,-0.00189,-0.00123,0.00107,0.00107,0.00008,-51.06246,2114.00000
0.17440,0.17374,0.17506,0.17539,0.17572,0.26419,0.26386,0.26419,0.26814,0.26748,0.00107,0.00239,0.00140,-0.00057,0.00436,-51.06246,2122.00000
0.17999,0.18526,0.17670,0.18197,0.18131,0.26419,0.26551,0.26485,0.26189,0.26551,0.00206,0.00272,-0.00025,-0.00452,0.00107,-51.33690,2130.00000
0.18526,0.18624,0.19019,0.18197,0.19052,0.26584,0.26321,0.27044,0.26452,0.26617,-0.00255,0.00239,-0.00057,-0.00090,0.00107,-51.33690,2138.00000
0.19052,0.19348,0.19381,0.19282,0.19414,0.26617,0.27011,0.26485,0.26945,0.26452,-0.00353,-0.00222,-0.00222,0.00206,-0.00057,-50.87597,2146.00000
0.19808,0.19775,0.19644,0.19578,0.19644,0.26156,0.26551,0.26649,0.26321,0.26682,-0.00090,-0.00123,0.00272,-0.00255,-0.00090,-50.87597,2154.00000
0.20499,0.20762,0.20269,0.20861,0.19808,0.26321,0.26321,0.26452,0.26978,0.26682,-0.00025,-0.00255,-0.00123,-0.00255,0.00173,-51.01904,2162.00000
0.21190,0.21025,0.21288,0.20894,0.21519,0.26518,0.26781,0.26321,0.26452,0.26617,0.00272,0.00008,0.00140,-0.00189,0.00074,-51.01904,2170.00000
0.21979,0.21255,0.22111,0.21255,0.22045,0.26518,0.26485,0.26518,0.26814,0.26452,-0.00321,0.00041,-0.00057,0.00272,0.00206,-50.44116,2178.00000
0.22966,0.23328,0.22637,0.22900,0.22768,0.26945,0.26518,0.26649,0.26649,0.26617,0.00140,0.00239,-0.00123,0.00008,-0.00255,-50.44116,2186.00000
0.23360,0.22999,0.23328,0.23393,0.23295,0.27110,0.26452,0.27077,0.26551,0.26288,0.00239,0.00041,0.00140,-0.00156,0.00041,-51.81726,2194.00000
0.24643,0.25136,0.23887,0.24216,0.24117,0.26353,0.26551,0.26485,0.26485,0.26485,-0.00123,0.00173,0.00008,-0.00156,-0.00025,-51.81726,2202.00000
0.24972,0.25169,0.24972,0.25564,0.25334,0.26386,0.26715,0.26057,0.26814,0.26715,-0.00321,0.00239,0.00041,-0.00255,-0.00057,-50.42279,2210.00000
0.25959,0.26156,0.25597,0.25926,0.26057,0.26715,0.26057,0.26189,0.26518,0.26617,0.00140,-0.00057,0.00206,0.00173,0.00239,-50.42279,2218.00000
0.25860,0.27636,0.26518,0.27209,0.27472,0.26649,0.26551,0.26617,0.26518,0.26452,0.00272,0.00370,0.00041,-0.00321,0.00272,-51.04636,2226.00000
0.27636,0.27866,0.28195,0.27570,0.28458,0.26353,0.26584,0.26485,0.26156,0.26617,0.00074,0.00074,-0.00255,-0.00025,-0.00123,-51.04636,2234.00000
0.28886,0.28754,0.29610,0.29379,0.28952,0.26781,0.26321,0.26222,0.26781,0.26551,-0.00189,0.00140,-0.00025,-0.00025,-0.00025,-50.70384,2242.00000
0.29577,0.29346,0.31188,0.29873,0.29478,0.26353,0.26321,0.26518,0.26485,0.26518,0.00107,-0.00025,0.00173,0.00206,0.00074,-50.70384,2250.00000
0.31188,0.31024,0.31122,0.31254,0.31254,0.26649,0.26584,0.26649,0.26255,0.26353,0.00502,-0.00222,0.00173,0.00272,0.00074,-50.83532,2258.00000
0.31879,0.31484,0.32109,0.32142,0.31846,0.26551,0.26419,0.26025,0.26255,0.26715,-0.00090,-0.00123,-0.00419,0.00008,-0.00025,-50.83532,2266.00000
0.32833,0.32734,0.32964,0.33096,0.32964,0.26452,0.26682,0.26222,0.26090,0.26353,0.00041,0.00107,-0.00189,-0.00222,0.00239,-50.32244,2274.00000
0.33523,0.34543,0.33918,0.34115,0.34280,0.26156,0.26222,0.26090,0.26156,0.26321,-0.00156,-0.00025,-0.00452,0.00173,0.00239,-50.32244,2282.00000
0.35036,0.35365,0.35267,0.35201,0.35004,0.26551,0.26649,0.26353,0.26255,0.26288,-0.00156,-0.00156,0.00140,0.00107,0.00041,-49.89999,2290.00000
0.36484,0.36582,0.36188,0.36582,0.36155,0.26682,0.26584,0.26781,0.26584,0.26222,0.00173,0.00239,0.00140,-0.00189,-0.00222,-49.89999,2298.00000
0.36911,0.37010,0.37503,0.36845,0.37405,0.26715,0.26715,0.26814,0.26913,0.26485,0.00041,0.00206,-0.00189,-0.00057,0.00107,-50.77763,2306.00000
0.37766,0.37437,0.37964,0.38293,0.38424,0.26584,0.26025,0.26715,0.26880,0.26353,-0.00321,0.00074,-0.00156,0.00337,0.00041,-50.77763,2314.00000
0.39444,0.39115,0.39608,0.39575,0.39246,0.25860,0.26090,0.26419,0.26682,0.26485,-0.00123,0.00206,-0.00090,0.00041,-0.00090,-50.53286,2322.00000
0.40036,0.39805,0.40398,0.40200,0.39904,0.26386,0.26518,0.26649,0.26880,0.26386,-0.00123,-0.00353,0.00173,-0.00189,0.00206,-50.53286,2330.00000
0.41088,0.40957,0.41614,0.41088,0.41549,0.26748,0.26978,0.26452,0.26189,0.26288,0.00008,-0.00156,0.00239,0.00239,0.00206,-50.38850,2338.00000
0.42700,0.41812,0.41450,0.41680,0.42108,0.26353,0.26321,0.26419,0.25926,0.26255,-0.00255,0.00074,0.00370,0.00008,0.00173,-50.38850,2346.00000
0.42831,0.42897,0.43983,0.43062,0.43588,0.26025,0.26353,0.26485,0.25860,0.26123,0.00140,0.00239,0.00370,-0.00255,-0.00222,-50.33829,2354.00000
0.44048,0.44476,0.44246,0.44015,0.44936,0.26057,0.26090,0.26386,0.25992,0.26288,0.00140,-0.00057,0.00041,-0.00025,-0.00090,-50.33829,2362.00000
0.45167,0.45528,0.45331,0.44969,0.45265,0.26584,0.26090,0.26222,0.25860,0.26255,0.00337,0.00272,0.00008,0.00107,0.00337,-51.32881,2370.00000
0.46022,0.46581,0.45890,0.46680,0.46449,0.26255,0.26222,0.26189,0.26025,0.26584,0.00008,-0.00156,0.00272,-0.00025,-0.00189,-51.32881,2378.00000
0.47239,0.46680,0.47173,0.47535,0.47140,0.26090,0.26452,0.26452,0.26057,0.26321,-0.00156,-0.00123,-0.00057,0.00272,0.00140,-50.68882,2386.00000
0.48160,0.47896,0.47666,0.48357,0.47962,0.26189,0.26518,0.25959,0.26518,0.26057,-0.00057,-0.00156,-0.00025,0.00107,0.00107,-50.68882,2394.00000
0.49508,0.48982,0.49212,0.49673,0.48949,0.26090,0.26781,0.26189,0.26288,0.26419,0.00403,0.00239,0.00107,-0.00090,0.00074,-51.77507,2402.00000
0.49113,0.49705,0.49475,0.49870,0.49377,0.26386,0.26551,0.26748,0.26682,0.26386,-0.00156,0.00074,0.00107,0.00008,-0.00025,-51.77507,2410.00000
0.50758,0.50363,0.51087,0.49969,0.50495,0.26222,0.26419,0.26321,0.26353,0.26386,0.00041,0.00436,-0.00057,0.00008,0.00140,-50.46029,2418.00000
0.51251,0.51547,0.51580,0.50824,0.51482,0.26321,0.26518,0.26452,0.25992,0.26452,-0.00189,0.00140,0.00107,0.00140,-0.00419,-50.46029,2426.00000
0.51975,0.51942,0.52600,0.51909,0.51876,0.25926,0.26222,0.26649,0.26057,0.26682,-0.00025,0.00008,0.00272,-0.00321,0.00173,-50.92106,2434.00000
0.52534,0.52896,0.52435,0.52830,0.52962,0.26222,0.25959,0.26353,0.26255,0.26255,0.00008,-0.00090,-0.00090,-0.00617,0.00304,-50.92106,2442.00000
0.53751,0.53323,0.53323,0.54047,0.53554,0.26123,0.26025,0.26321,0.26386,0.25959,0.00469,-0.00123,0.00041,-0.00156,0.00206,-50.20174,2450.00000
0.54507,0.54573,0.53850,0.54409,0.54310,0.26452,0.26090,0.26123,0.25992,0.26057,0.00041,0.00074,0.00041,-0.00090,-0.00485,-50.20174,2458.00000
0.54573,0.54639,0.55297,0.54672,0.55395,0.26222,0.26288,0.26090,0.25893,0.25992,-0.00353,0.00074,-0.00057,-0.00057,-0.00288,-50.88212,2466.00000
0.55297,0.55527,0.55428,0.55001,0.55757,0.26518,0.26485,0.26551,0.26748,0.26386,-0.00255,-0.00090,-0.00090,0.00140,-0.00057,-50.88212,2474.00000
0.56086,0.55922,0.56316,0.55889,0.55856,0.26452,0.25794,0.26321,0.26748,0.26189,0.00107,0.00206,0.00041,0.00337,-0.00025,-50.69253,2482.00000
0.56481,0.56514,0.56711,0.56415,0.56185,0.25597,0.26189,0.25893,0.26156,0.25992,-0.00057,-0.00189,0.00206,0.00008,0.00304,-50.69253,2490.00000
0.56086,0.57369,0.56875,0.56579,0.57369,0.26090,0.26321,0.26057,0.25761,0.26255,0.00140,0.00041,-0.00123,0.00008,-0.00025,-51.20564,2498.00000
0.57270,0.57468,0.57731,0.57007,0.57435,0.26057,0.26386,0.26617,0.26452,0.26222,-0.00090,0.00074,0.00107,0.00140,0.00304,-51.20564,2506.00000
0.57895,0.58125,0.57928,0.57665,0.57961,0.26321,0.26255,0.26518,0.26551,0.26090,-0.00288,0.00041,0.00173,-0.00123,-0.00123,-51.71122,2514.00000
0.58158,0.58454,0.57500,0.58092,0.58454,0.25893,0.26551,0.26090,0.26353,0.26649,-0.00057,0.00074,0.00008,-0.00255,0.00403,-51.71122,2522.00000
0.58684,0.59046,0.58290,0.59112,0.58750,0.26419,0.26321,0.26419,0.26189,0.26551,-0.00222,0.00173,0.00140,-0.00090,0.00074,-51.87856,2530.00000
0.58915,0.58980,0.59244,0.58421,0.58619,0.26419,0.25893,0.26123,0.26288,0.26288,-0.00025,-0.00123,-0.00090,-0.00189,0.00239,-51.87856,2538.00000
0.59046,0.59244,0.59276,0.58717,0.59046,0.26255,0.26189,0.26452,0.25860,0.25992,0.00008,0.00074,-0.00090,0.00008,0.00173,-51.50324,2546.00000
0.59540,0.59145,0.59375,0.59605,0.59244,0.25860,0.25893,0.26057,0.26255,0.25827,0.00041,0.00173,-0.00321,-0.00156,-0.00123,-51.50324,2554.00000
0.59408,0.59770,0.59572,0.59046,0.59441,0.26485,0.26156,0.25959,0.25827,0.26255,0.00107,0.00272,-0.00189,0.00140,-0.00123,-51.39371,2562.00000
0.59803,0.60165,0.60625,0.59244,0.59836,0.25992,0.26255,0.26913,0.26090,0.26321,0.00272,0.00074,0.00272,0.00041,0.00074,-51.39371,2570.00000
0.60592,0.60296,0.60921,0.59737,0.59869,0.26288,0.26057,0.25926,0.26584,0.26518,-0.00057,0.00008,0.00008,-0.00321,-0.00090,-51.56111,2578.00000
0.59836,0.60592,0.60263,0.60855,0.59704,0.26090,0.26781,0.26617,0.26025,0.26321,0.00272,-0.00090,0.00008,0.00074,0.00173,-51.56111,2586.00000
0.60526,0.60296,0.60625,0.60592,0.60625,0.26386,0.26156,0.26255,0.25992,0.26189,0.00140,-0.00189,-0.00090,0.00239,-0.00189,-50.77323,2594.00000
0.61151,0.60625,0.61579,0.60625,0.60428,0.26386,0.26057,0.26090,0.26321,0.26156,-0.00156,-0.00156,0.00206,-0.00156,-0.00090,-50.77323,2602.00000
0.60921,0.60691,0.61513,0.60724,0.60724,0.26386,0.26255,0.26222,0.26156,0.26255,-0.00222,-0.00123,0.00370,0.00140,-0.00123,-50.17666,2610.00000
0.60888,0.60789,0.61480,0.60724,0.60789,0.26353,0.26255,0.26090,0.25893,0.25827,0.00074,-0.00025,0.00074,0.00140,0.00008,-50.17666,2618.00000
0.60954,0.61250,0.61053,0.61118,0.61809,0.25959,0.26189,0.26189,0.25860,0.26156,0.00107,-0.00189,-0.00288,-0.00025,-0.00025,-50.24702,2626.00000
0.60493,0.60789,0.61217,0.61480,0.61085,0.25926,0.26156,0.25959,0.26321,0.26353,-0.00255,0.00041,0.00206,0.00107,-0.00222,-50.24702,2634.00000
0.61414,0.61414,0.61447,0.62006,0.61250,0.26353,0.26288,0.26321,0.25893,0.25893,0.00173,0.00272,-0.00452,0.00008,-0.00255,-50.94870,2642.00000
0.61151,0.61743,0.61809,0.61480,0.62237,0.26222,0.26255,0.26255,0.26255,0.25597,0.00239,0.00107,-0.00025,-0.00025,0.00107,-50.94870,2650.00000
0.61579,0.60888,0.61908,0.61381,0.61612,0.25827,0.26123,0.26123,0.26090,0.25926,-0.00123,-0.00123,0.00370,0.00173,0.00041,-49.78832,2658.00000
0.61085,0.62006,0.62269,0.61020,0.61645,0.26156,0.26123,0.26189,0.25696,0.26090,-0.00090,-0.00057,0.00469,0.00107,-0.00025,-49.78832,2666.00000
0.61645,0.61941,0.61875,0.61118,0.61447,0.26452,0.26189,0.25630,0.25959,0.26222,0.00074,0.00206,0.00206,0.00304,0.00337,-50.27990,2674.00000
0.61677,0.61710,0.62204,0.61316,0.61085,0.25992,0.25827,0.26452,0.25893,0.25992,-0.00255,0.00041,0.00535,0.00272,-0.00123,-50.27990,2682.00000
0.62039,0.61513,0.62006,0.61809,0.62204,0.26551,0.26025,0.25926,0.26584,0.26222,0.00337,-0.00057,-0.00025,-0.00025,0.00403,-50.57452,2690.00000
0.61875,0.62072,0.62105,0.61250,0.62204,0.26123,0.25926,0.25827,0.25860,0.25630,0.00304,0.00140,0.00140,-0.00057,0.00272,-50.57452,2698.00000
0.61908,0.62105,0.62138,0.61283,0.61973,0.26156,0.26156,0.26584,0.25860,0.26123,-0.00123,0.00173,-0.00090,-0.00156,0.00041,-51.09537,2706.00000
0.62039,0.63026,0.62072,0.62434,0.62006,0.26485,0.25959,0.26057,0.26321,0.26025,-0.00090,-0.00025,0.00107,0.00074,-0.00222,-51.09537,2714.00000
0.61677,0.61743,0.61612,0.61809,0.62237,0.25696,0.25992,0.26123,0.25663,0.26057,-0.00057,0.00107,-0.00123,-0.00156,0.00107,-51.05794,2722.00000
0.61579,0.62237,0.62269,0.61743,0.61546,0.25893,0.26123,0.26321,0.26057,0.26288,0.00041,0.00239,0.00041,0.00304,-0.00321,-51.05794,2730.00000
0.61941,0.61349,0.61579,0.61645,0.61875,0.25794,0.26288,0.25926,0.25761,0.25893,-0.00057,0.00107,0.00206,0.00206,0.00403,-51.33707,2738.00000
0.61612,0.61677,0.61645,0.62368,0.61776,0.26321,0.26255,0.25992,0.25498,0.25728,0.00206,0.00074,0.00041,0.00074,-0.00025,-51.33707,2746.00000
0.61579,0.61908,0.61875,0.62237,0.62072,0.26419,0.25794,0.25794,0.25696,0.26090,0.00041,0.00206,-0.00025,0.00239,0.00239,-51.02987,2754.00000
0.62204,0.62533,0.61447,0.62072,0.61842,0.25926,0.26123,0.25630,0.26189,0.26057,0.00337,-0.00353,-0.00057,0.00008,0.00140,-51.02987,2762.00000
0.62401,0.61908,0.61875,0.62467,0.62368,0.25926,0.26057,0.25728,0.26025,0.25860,0.00140,0.00206,-0.00123,0.00206,-0.00156,-51.29374,2770.00000
0.61973,0.62105,0.62006,0.62006,0.61809,0.26025,0.25926,0.25597,0.25597,0.26288,-0.00025,0.00008,0.00272,-0.00156,-0.00057,-51.29374,2778.00000
0.62105,0.61677,0.62335,0.62302,0.62072,0.25926,0.25794,0.26123,0.26090,0.25893,0.00272,0.00107,-0.00189,-0.00090,0.00107,-51.79189,2786.00000
0.62105,0.62105,0.62171,0.62664,0.61941,0.25893,0.26090,0.25696,0.26057,0.26090,-0.00090,-0.00156,0.00041,0.00008,-0.00123,-51.79189,2794.00000
0.61941,0.62434,0.62269,0.61908,0.62269,0.25465,0.25301,0.26090,0.25827,0.25827,0.00008,0.00239,0.00239,-0.00156,0.00041,-51.35005,2802.00000
0.62697,0.62138,0.62500,0.62072,0.61941,0.25663,0.26682,0.26057,0.25761,0.26321,0.00239,0.00140,0.00041,0.00041,0.00173,-51.35005,2810.00000
0.61283,0.62269,0.62302,0.62368,0.61743,0.26025,0.25926,0.25400,0.25860,0.25893,0.00041,0.00107,-0.00156,0.00173,-0.00025,-51.43918,2818.00000
0.61480,0.62500,0.61579,0.62204,0.61973,0.26025,0.25893,0.26057,0.26255,0.25728,0.00074,-0.00452,-0.00090,-0.00222,0.00173,-51.43918,2826.00000
0.62960,0.62204,0.62105,0.61546,0.62204,0.26123,0.25334,0.26386,0.25498,0.25992,0.00272,0.00173,0.00041,-0.00090,0.00173,-51.24449,2834.00000
0.62533,0.61809,0.62697,0.62631,0.62138,0.25959,0.25794,0.25794,0.25696,0.25992,0.00272,0.00041,0.00206,0.00041,0.00041,-51.24449,2842.00000
0.61645,0.61809,0.61612,0.62829,0.61776,0.25992,0.25926,0.25992,0.25630,0.25893,0.00074,0.00502,-0.00255,0.00206,0.00140,-51.29363,2850.00000
0.62171,0.61842,0.61809,0.61776,0.61743,0.25597,0.25860,0.25597,0.25564,0.26123,-0.00090,0.00206,0.00304,0.00206,0.00272,-51.29363,2858.00000
0.61677,0.62368,0.62237,0.62105,0.62467,0.26189,0.25597,0.25827,0.26222,0.25696,0.00403,0.00272,0.00140,0.00337,-0.00123,-50.97885,2866.00000
0.61941,0.61743,0.62204,0.61677,0.62006,0.25926,0.25696,0.25597,0.26025,0.25893,0.00469,0.00502,0.00304,0.00173,0.00502,-50.97885,2874.00000
0.61908,0.61941,0.62105,0.62204,0.61480,0.25959,0.25827,0.25728,0.26255,0.25728,0.00600,0.00370,0.00272,-0.00222,0.00502,-52.01042,2882.00000
0.61875,0.62368,0.61151,0.62269,0.61941,0.25630,0.25696,0.25728,0.25564,0.25794,0.00568,0.00633,0.00140,0.00502,0.00633,-52.01042,2890.00000
0.61349,0.62269,0.61250,0.61546,0.61809,0.26025,0.25794,0.26090,0.26090,0.26090,0.00502,0.00633,0.00436,0.00469,0.00633,-50.90511,2898.00000
0.61875,0.62237,0.62072,0.62237,0.61677,0.25992,0.25663,0.26353,0.25992,0.25794,0.00699,0.00633,0.00535,0.00337,0.00765,-50.90511,2906.00000
0.62105,0.61579,0.62204,0.61842,0.61743,0.25959,0.25498,0.26057,0.25367,0.25761,0.00798,0.00962,0.00831,0.00995,0.00896,-51.52922,2914.00000
0.61941,0.61809,0.61645,0.61743,0.61776,0.25827,0.25564,0.25564,0.25663,0.25794,0.01061,0.00995,0.01094,0.00995,0.00896,-51.52922,2922.00000
0.62039,0.62138,0.61710,0.62204,0.61710,0.25827,0.25926,0.26353,0.26222,0.25663,0.01061,0.01258,0.01258,0.00929,0.00633,-51.30904,2930.00000
0.61480,0.62237,0.61973,0.62434,0.61612,0.26057,0.25893,0.25663,0.25400,0.25893,0.00962,0.01192,0.01028,0.01192,0.01061,-51.30904,2938.00000
0.61941,0.61743,0.61941,0.61842,0.61414,0.25827,0.25761,0.25794,0.25761,0.25663,0.01324,0.01521,0.01160,0.01094,0.01291,-52.22679,2946.00000
0.61875,0.61809,0.61875,0.61908,0.62730,0.25465,0.26025,0.25794,0.25531,0.25597,0.01653,0.01554,0.01554,0.01587,0.01620,-52.22679,2954.00000
0.61973,0.61743,0.61776,0.62664,0.61941,0.25761,0.25630,0.25663,0.25696,0.25728,0.01752,0.01719,0.01587,0.01817,0.01554,-52.21447,2962.00000
0.61842,0.61743,0.61908,0.61842,0.62072,0.26025,0.25531,0.26123,0.25630,0.25400,0.01784,0.01752,0.01620,0.01752,0.01686,-52.21447,2970.00000
0.61809,0.62500,0.61414,0.61414,0.61908,0.26123,0.25432,0.25696,0.25498,0.25893,0.02311,0.01982,0.02113,0.02048,0.01521,-52.01788,2978.00000
0.62204,0.61579,0.61973,0.62039,0.61908,0.25761,0.26222,0.25827,0.25597,0.25728,0.02080,0.02179,0.01784,0.02245,0.02179,-52.01788,2986.00000
0.61381,0.61743,0.61941,0.62006,0.62302,0.26189,0.25367,0.25597,0.26057,0.25663,0.02311,0.02376,0.02146,0.01982,0.02113,-51.37759,2994.00000
0.61480,0.62006,0.61677,0.62368,0.61447,0.25465,0.26189,0.25926,0.25564,0.25564,0.02311,0.02672,0.02344,0.02080,0.02705,-51.37759,3002.00000
0.61612,0.61710,0.62269,0.62072,0.61908,0.25827,0.25663,0.25597,0.25663,0.25827,0.02409,0.02541,0.02442,0.02541,0.02442,-51.98030,3010.00000
0.61513,0.61973,0.61677,0.61612,0.61645,0.26288,0.25630,0.26057,0.25564,0.26189,0.02738,0.02672,0.02870,0.02475,0.02344,-51.98030,3018.00000
0.62598,0.61645,0.61842,0.61776,0.61546,0.26156,0.25893,0.25959,0.26090,0.25301,0.03166,0.02705,0.03034,0.02705,0.02968,-52.07658,3026.00000
0.62072,0.62335,0.61349,0.62039,0.61776,0.25860,0.25301,0.25531,0.25498,0.25926,0.03034,0.03034,0.02936,0.02968,0.02903,-52.07658,3034.00000
0.61217,0.62335,0.61941,0.61908,0.61908,0.25696,0.26090,0.25696,0.25696,0.25959,0.03232,0.03363,0.03363,0.02968,0.02705,-51.67794,3042.00000
0.62204,0.61612,0.61349,0.61710,0.61710,0.25432,0.25728,0.25136,0.25597,0.25564,0.03034,0.03363,0.03199,0.03462,0.03166,-51.67794,3050.00000
0.60625,0.61776,0.61973,0.61677,0.62006,0.26025,0.25860,0.25498,0.25663,0.25992,0.03297,0.03265,0.02870,0.02936,0.03100,-51.67393,3058.00000
0.61941,0.61677,0.61283,0.62006,0.61941,0.25827,0.25564,0.25992,0.25893,0.25860,0.03001,0.03429,0.03297,0.03659,0.03166,-51.67393,3066.00000
0.62072,0.61546,0.61283,0.61612,0.61645,0.25104,0.25893,0.25531,0.25630,0.25860,0.03659,0.03495,0.03232,0.03791,0.03429,-51.22271,3074.00000
0.62006,0.62204,0.61546,0.61743,0.60724,0.25860,0.25630,0.25498,0.25630,0.25728,0.03593,0.03495,0.03725,0.03528,0.03429,-51.22271,3082.00000
0.61875,0.61414,0.61941,0.61217,0.61908,0.25926,0.25564,0.25564,0.25564,0.25169,0.03297,0.03692,0.03725,0.03659,0.03626,-50.80911,3090.00000
0.62006,0.61250,0.61579,0.62105,0.61677,0.25860,0.25597,0.25663,0.25630,0.25761,0.03528,0.03758,0.03955,0.03626,0.03626,-50.80911,3098.00000
0.61612,0.62401,0.61612,0.61579,0.61908,0.25992,0.25728,0.25630,0.25860,0.25959,0.03758,0.03955,0.04021,0.03626,0.03824,-50.52418,3106.00000
0.61414,0.61151,0.62138,0.61743,0.61612,0.25696,0.25696,0.25761,0.25926,0.25531,0.03857,0.04120,0.04087,0.04185,0.03955,-50.52418,3114.00000
0.61645,0.61414,0.62072,0.61151,0.62335,0.25630,0.25728,0.25564,0.25959,0.25827,0.03857,0.03857,0.03725,0.03791,0.03725,-51.37537,3122.00000
0.61085,0.61184,0.62368,0.61546,0.61612,0.25432,0.25334,0.25959,0.25728,0.25761,0.04185,0.04251,0.04317,0.04054,0.04054,-51.37537,3130.00000
0.61546,0.61941,0.61908,0.61085,0.62598,0.25728,0.26090,0.25794,0.25630,0.25202,0.04383,0.04021,0.03889,0.04087,0.04054,-50.83905,3138.00000
0.62269,0.61349,0.62039,0.62302,0.62138,0.25498,0.25728,0.25728,0.25827,0.25794,0.04481,0.04251,0.04153,0.03889,0.04054,-50.83905,3146.00000
0.61941,0.61480,0.61710,0.61447,0.62335,0.25235,0.25169,0.25794,0.25761,0.25728,0.04185,0.04087,0.04087,0.04449,0.04120,-51.49130,3154.00000
0.62072,0.61151,0.61875,0.61316,0.61085,0.25728,0.25400,0.25827,0.25794,0.25794,0.04613,0.04120,0.04317,0.04350,0.03889,-51.49130,3162.00000
0.61875,0.62237,0.61612,0.61513,0.61809,0.25761,0.25564,0.25531,0.26025,0.25334,0.04514,0.04580,0.04153,0.04153,0.04416,-50.56011,3170.00000
0.61677,0.61875,0.61480,0.61546,0.61842,0.26057,0.25498,0.25597,0.25564,0.25893,0.04416,0.04120,0.04449,0.04383,0.04613,-50.56011,3178.00000
0.61546,0.61053,0.61710,0.61480,0.61677,0.25959,0.25663,0.25893,0.25992,0.25564,0.04514,0.04613,0.04481,0.04646,0.04416,-51.78640,3186.00000
0.61217,0.61118,0.61710,0.61250,0.61677,0.26123,0.25498,0.25893,0.25893,0.25334,0.04218,0.04251,0.04284,0.04646,0.04153,-51.78640,3194.00000
0.61776,0.61579,0.62006,0.61875,0.61447,0.25761,0.25728,0.25465,0.25728,0.25136,0.04021,0.04646,0.04580,0.04251,0.04481,-50.70521,3202.00000
0.61677,0.61349,0.61316,0.60921,0.61546,0.25400,0.25202,0.25827,0.26123,0.25564,0.04317,0.04646,0.04712,0.04514,0.04876,-50.70521,3210.00000
0.60757,0.61414,0.61480,0.61908,0.61184,0.26057,0.25761,0.26222,0.26288,0.26025,0.04514,0.04975,0.04646,0.04514,0.04547,-52.09577,3218.00000
0.60888,0.61447,0.61217,0.61217,0.61414,0.25301,0.25400,0.25959,0.25498,0.25696,0.04679,0.04777,0.04580,0.04547,0.04712,-52.09577,3226.00000
0.61546,0.61908,0.61381,0.61217,0.60954,0.25728,0.25728,0.25367,0.25630,0.25926,0.04909,0.04942,0.04679,0.04909,0.04975,-51.03812,3234.00000
0.61184,0.61513,0.61743,0.61645,0.61053,0.25630,0.25860,0.25498,0.25498,0.25334,0.04251,0.04777,0.04679,0.04810,0.04613,-51.03812,3242.00000
0.61447,0.62072,0.61349,0.61151,0.61381,0.26123,0.25169,0.25860,0.25860,0.25235,0.05073,0.04745,0.05402,0.04777,0.04350,-50.58742,3250.00000
0.61349,0.61677,0.61414,0.61579,0.61250,0.25630,0.24906,0.25367,0.26090,0.25465,0.04843,0.05008,0.04843,0.04975,0.04745,-50.58742,3258.00000
0.61250,0.61546,0.62171,0.61217,0.61118,0.25531,0.25400,0.25893,0.25696,0.25334,0.05073,0.04580,0.04876,0.04745,0.04745,-51.03590,3266.00000
0.61645,0.61513,0.61776,0.60757,0.61579,0.25597,0.25005,0.26057,0.25630,0.25301,0.04876,0.04712,0.04745,0.04679,0.04975,-51.03590,3274.00000
0.60987,0.61743,0.61118,0.61381,0.61677,0.25531,0.25926,0.25268,0.25367,0.25597,0.05106,0.04909,0.04810,0.04876,0.04876,-50.42029,3282.00000
0.61513,0.61316,0.60921,0.61513,0.61414,0.25959,0.25926,0.25827,0.26288,0.25794,0.05369,0.05205,0.05073,0.04646,0.04777,-50.42029,3290.00000
0.61283,0.61414,0.61710,0.61349,0.61053,0.25268,0.25268,0.25597,0.25301,0.25334,0.04777,0.05205,0.04646,0.04942,0.04679,-50.48847,3298.00000
0.60921,0.61381,0.61349,0.61053,0.61612,0.25761,0.25465,0.26156,0.25400,0.25663,0.04481,0.04646,0.05073,0.05172,0.05304,-50.48847,3306.00000
0.61020,0.60921,0.61349,0.60954,0.61349,0.25038,0.25432,0.25465,0.25400,0.25728,0.05106,0.04975,0.04843,0.05205,0.05073,-50.89121,3314.00000
0.61184,0.60625,0.60822,0.61283,0.60822,0.25959,0.25696,0.25367,0.25169,0.25630,0.05139,0.05238,0.05106,0.04876,0.04975,-50.89121,3322.00000
0.60592,0.61053,0.61020,0.61217,0.61151,0.25531,0.25827,0.25926,0.25597,0.24906,0.05073,0.04712,0.05073,0.04942,0.05238,-51.50273,3330.00000
0.61217,0.60461,0.61414,0.61316,0.60822,0.25334,0.25400,0.25597,0.25926,0.25531,0.05205,0.05369,0.05106,0.05205,0.05205,-51.50273,3338.00000
0.60592,0.60855,0.61677,0.60987,0.61020,0.25663,0.25630,0.25400,0.25696,0.25301,0.05337,0.05337,0.05172,0.05008,0.05205,-50.56826,3346.00000
0.61414,0.61184,0.61217,0.60855,0.61053,0.25367,0.25696,0.25465,0.25498,0.25597,0.05172,0.05337,0.04975,0.05238,0.05106,-50.56826,3354.00000
0.60789,0.61250,0.60987,0.61020,0.61151,0.25761,0.25564,0.25005,0.25498,0.25400,0.05304,0.05337,0.05172,0.05271,0.05106,-52.16401,3362.00000
0.61217,0.60888,0.60822,0.60691,0.61513,0.25761,0.25498,0.25597,0.25202,0.25597,0.05337,0.05205,0.05369,0.05369,0.04843,-52.16401,3370.00000
0.61250,0.60822,0.61710,0.61316,0.60855,0.25367,0.25400,0.25465,0.25367,0.26222,0.05172,0.05041,0.05008,0.05073,0.05534,-50.84275,3378.00000
0.60855,0.61118,0.60625,0.60987,0.61217,0.25531,0.25531,0.25564,0.25104,0.25235,0.05205,0.05337,0.05106,0.05863,0.05271,-50.84275,3386.00000
0.60625,0.61349,0.61151,0.60954,0.61250,0.25959,0.25465,0.25235,0.25531,0.25696,0.05534,0.05764,0.05534,0.05337,0.05172,-51.66161,3394.00000
0.61283,0.60888,0.61053,0.60526,0.61677,0.25564,0.25400,0.25268,0.25465,0.25794,0.05139,0.04942,0.05402,0.05304,0.05698,-51.66161,3402.00000
0.60822,0.61349,0.60395,0.60625,0.61776,0.25136,0.25597,0.25301,0.25728,0.25531,0.05172,0.05468,0.05304,0.05271,0.05567,-51.39233,3410.00000
0.61151,0.60789,0.61546,0.60625,0.61743,0.25663,0.25400,0.25498,0.25136,0.25268,0.05567,0.05304,0.05633,0.05139,0.05106,-51.39233,3418.00000
0.60724,0.61316,0.60822,0.60822,0.60691,0.25597,0.25432,0.25531,0.24972,0.25334,0.05041,0.05435,0.05633,0.05994,0.05041,-51.99499,3426.00000
0.60888,0.59934,0.60625,0.60789,0.60559,0.25728,0.25531,0.25202,0.25663,0.25564,0.05106,0.05073,0.05271,0.05435,0.05008,-51.99499,3434.00000
0.60888,0.61184,0.60691,0.60789,0.61250,0.25202,0.25564,0.25827,0.25827,0.25235,0.05205,0.05600,0.05238,0.05600,0.05665,-51.38812,3442.00000
0.60559,0.60921,0.60263,0.61085,0.61020,0.25367,0.25827,0.25334,0.25432,0.25465,0.05534,0.05139,0.05863,0.05534,0.05369,-51.38812,3450.00000
0.61217,0.60493,0.60362,0.60954,0.60461,0.25531,0.25334,0.25728,0.25367,0.25432,0.05337,0.05764,0.05106,0.05468,0.05501,-51.35080,3458.00000
0.60987,0.60888,0.60526,0.61316,0.60362,0.25334,0.25432,0.25400,0.25367,0.25432,0.05567,0.05041,0.05468,0.05369,0.05369,-51.35080,3466.00000
0.60822,0.60526,0.60066,0.61053,0.59967,0.25728,0.25564,0.25498,0.24939,0.25268,0.05435,0.05106,0.05041,0.05994,0.05665,-51.27843,3474.00000
0.60230,0.60724,0.60987,0.60461,0.60197,0.25301,0.25400,0.24808,0.25104,0.25597,0.05567,0.05369,0.05402,0.05205,0.06027,-51.27843,3482.00000
0.60888,0.60362,0.60428,0.60954,0.60789,0.25367,0.25432,0.25564,0.25498,0.25597,0.05665,0.05501,0.05205,0.05337,0.05337,-51.14214,3490.00000
0.60789,0.60362,0.60987,0.60921,0.60789,0.25301,0.25400,0.25235,0.25136,0.25367,0.05238,0.05369,0.05567,0.05205,0.05567,-51.14214,3498.00000
0.60362,0.60855,0.60493,0.60855,0.61053,0.24972,0.25432,0.25136,0.25235,0.25794,0.05633,0.05567,0.05633,0.05172,0.05369,-51.23269,3506.00000
0.60197,0.60559,0.61250,0.60526,0.60362,0.24972,0.25136,0.25268,0.25367,0.25564,0.05600,0.05369,0.05238,0.05896,0.05665,-51.23269,3514.00000
0.60789,0.61184,0.60822,0.60493,0.60789,0.24873,0.25202,0.25334,0.25104,0.25498,0.05304,0.05534,0.05501,0.05534,0.05304,-50.68715,3522.00000
0.60757,0.60296,0.60362,0.60165,0.60362,0.25400,0.24775,0.25136,0.25400,0.25071,0.05205,0.05665,0.05764,0.05830,0.05633,-50.68715,3530.00000
0.61250,0.60329,0.60099,0.60362,0.60461,0.25268,0.25005,0.25334,0.25728,0.25169,0.05501,0.05764,0.05369,0.05764,0.05797,-51.40070,3538.00000
0.61349,0.60395,0.60461,0.60724,0.60855,0.25728,0.25071,0.24775,0.24939,0.25104,0.05797,0.05205,0.05567,0.05764,0.05271,-51.40070,3546.00000
0.60395,0.60526,0.61020,0.60066,0.60362,0.25761,0.25663,0.25005,0.25498,0.25432,0.05567,0.05435,0.05271,0.05205,0.05863,-51.40592,3554.00000
0.60888,0.60461,0.60230,0.60033,0.61053,0.25663,0.25136,0.25400,0.25597,0.25696,0.06159,0.05369,0.05665,0.05600,0.05435,-51.40592,3562.00000
0.60329,0.60987,0.61020,0.60592,0.60230,0.25860,0.25268,0.25531,0.25597,0.25235,0.05698,0.05567,0.05797,0.05731,0.05567,-52.37288,3570.00000
0.60461,0.60625,0.60526,0.60987,0.61053,0.25400,0.25071,0.25465,0.25268,0.25104,0.05633,0.05764,0.05369,0.05797,0.05633,-52.37288,3578.00000
0.60428,0.60954,0.60165,0.60230,0.60263,0.25564,0.25268,0.25235,0.25268,0.25465,0.05567,0.05698,0.05633,0.05731,0.05567,-51.37199,3586.00000
0.60000,0.60625,0.60000,0.60296,0.60461,0.25334,0.25465,0.25202,0.25005,0.25400,0.05600,0.05633,0.05501,0.05863,0.05205,-51.37199,3594.00000
0.60822,0.60658,0.60526,0.60428,0.60428,0.25268,0.25400,0.25136,0.24939,0.25235,0.06290,0.05896,0.05797,0.05304,0.05600,-51.47945,3602.00000
0.60691,0.60789,0.60493,0.60691,0.60822,0.25728,0.24742,0.25005,0.26090,0.24775,0.05468,0.06126,0.05994,0.05600,0.05600,-51.47945,3610.00000
0.60165,0.60559,0.60362,0.60592,0.60066,0.25400,0.25498,0.24775,0.24939,0.25038,0.05994,0.05402,0.05830,0.05731,0.05468,-50.55906,3618.00000
0.60263,0.60559,0.60658,0.60625,0.60724,0.25400,0.25301,0.25432,0.25235,0.25367,0.05501,0.05797,0.05830,0.05304,0.05797,-50.55906,3626.00000
0.60757,0.60592,0.61381,0.60263,0.59836,0.25432,0.25071,0.25169,0.25564,0.25301,0.05633,0.05534,0.05896,0.05731,0.05764,-51.69310,3634.00000
0.60362,0.60165,0.60033,0.60691,0.61053,0.24808,0.25005,0.25860,0.25794,0.24775,0.05797,0.05600,0.05698,0.06159,0.06126,-51.69310,3642.00000
0.60296,0.60362,0.60362,0.60461,0.60296,0.25465,0.25301,0.25235,0.25367,0.25301,0.05731,0.05501,0.05830,0.05600,0.05830,-51.50085,3650.00000
0.59869,0.60099,0.60987,0.60691,0.59967,0.25104,0.25169,0.25202,0.25038,0.24906,0.05633,0.05402,0.05830,0.05994,0.05929,-51.50085,3658.00000
0.60362,0.60691,0.60592,0.60197,0.60625,0.24742,0.25136,0.24972,0.25564,0.24906,0.06060,0.05665,0.05665,0.05896,0.05797,-52.18353,3666.00000
0.60493,0.60197,0.59671,0.60329,0.60757,0.24906,0.25136,0.25301,0.25465,0.25564,0.05896,0.05731,0.05994,0.05929,0.05929,-52.18353,3674.00000
0.60526,0.60132,0.60789,0.60066,0.60822,0.25465,0.25005,0.25235,0.24873,0.25038,0.05994,0.05600,0.05896,0.05600,0.05929,-51.53366,3682.00000
0.61020,0.60099,0.60230,0.60033,0.59836,0.25268,0.25465,0.25268,0.25367,0.24939,0.05633,0.06027,0.06060,0.05633,0.06258,-51.53366,3690.00000
0.60263,0.60263,0.60395,0.60066,0.60691,0.25169,0.25038,0.25005,0.25268,0.24939,0.05633,0.05929,0.05929,0.05698,0.05830,-51.66283,3698.00000
0.59901,0.59901,0.60362,0.60493,0.60822,0.25334,0.25465,0.25235,0.24742,0.24939,0.05764,0.05731,0.06126,0.05929,0.05994,-51.66283,3706.00000
0.60230,0.60230,0.60724,0.60296,0.59342,0.24906,0.25432,0.25301,0.24972,0.25400,0.05929,0.05863,0.06356,0.05567,0.06258,-51.56139,3714.00000
0.60395,0.60724,0.59967,0.59638,0.59967,0.25235,0.25465,0.25597,0.24906,0.25071,0.05304,0.05665,0.05731,0.06225,0.06192,-51.56139,3722.00000
0.60461,0.60428,0.60691,0.59934,0.59901,0.25071,0.25630,0.24775,0.24972,0.25268,0.05962,0.05600,0.06159,0.05863,0.05994,-52.03070,3730.00000
0.59934,0.59901,0.60099,0.60592,0.59803,0.25597,0.25071,0.25564,0.25268,0.24808,0.05534,0.05863,0.05764,0.05435,0.05402,-52.03070,3738.00000
0.59901,0.59572,0.60757,0.60132,0.60066,0.24939,0.25465,0.25367,0.24873,0.25104,0.06060,0.06060,0.05994,0.05863,0.05764,-52.15549,3746.00000
0.60099,0.60329,0.60197,0.59737,0.60395,0.25136,0.25268,0.25038,0.24906,0.25334,0.05797,0.05731,0.06027,0.05863,0.05929,-52.15549,3754.00000
0.60592,0.60132,0.60296,0.59967,0.60592,0.24906,0.24544,0.25071,0.24840,0.25498,0.05600,0.05731,0.05863,0.06126,0.05929,-52.23009,3762.00000
0.60230,0.60000,0.60197,0.59803,0.60132,0.25169,0.25400,0.24742,0.24840,0.25367,0.05731,0.05994,0.06126,0.06126,0.05797,-52.23009,3770.00000
0.60165,0.60066,0.59737,0.60230,0.59770,0.24775,0.24840,0.24972,0.24906,0.24972,0.06258,0.05994,0.05797,0.05830,0.05994,-52.33330,3778.00000
0.60592,0.60033,0.59803,0.60000,0.60329,0.25136,0.25696,0.24972,0.24676,0.24972,0.05896,0.06126,0.05994,0.05567,0.05863,-52.33330,3786.00000
0.59803,0.59441,0.60329,0.59803,0.60132,0.25005,0.25104,0.25334,0.24840,0.25202,0.06093,0.05764,0.05567,0.05633,0.05962,-51.93325,3794.00000
0.59934,0.60263,0.59474,0.60362,0.59638,0.25136,0.25268,0.25104,0.25235,0.25400,0.05896,0.05896,0.06027,0.05863,0.05962,-51.93325,3802.00000
0.60296,0.60099,0.60099,0.59901,0.59934,0.24906,0.25268,0.25301,0.25432,0.25498,0.05830,0.06159,0.05929,0.05896,0.06126,-51.31331,3810.00000
0.60197,0.60165,0.59638,0.60197,0.60197,0.25268,0.24873,0.25268,0.25235,0.25071,0.06225,0.05797,0.05896,0.05896,0.05698,-51.31331,3818.00000
0.60033,0.60000,0.60296,0.60165,0.59507,0.25268,0.24643,0.25498,0.24972,0.25630,0.05863,0.06290,0.05797,0.05962,0.05797,-50.72257,3826.00000
0.60099,0.60493,0.60362,0.60230,0.59704,0.25169,0.25071,0.25268,0.24840,0.24939,0.05896,0.06290,0.06159,0.05994,0.05929,-50.72257,3834.00000
0.60559,0.59605,0.60165,0.59507,0.60263,0.24873,0.24873,0.24873,0.25005,0.25104,0.05764,0.05863,0.05994,0.06060,0.06126,-50.80074,3842.00000
0.59770,0.59901,0.59737,0.60724,0.59770,0.24840,0.25104,0.25169,0.25104,0.25235,0.05962,0.06192,0.06027,0.05896,0.05896,-50.80074,3850.00000
0.60099,0.59901,0.59869,0.60099,0.60033,0.24972,0.24709,0.24742,0.25136,0.24808,0.05994,0.05962,0.05797,0.05962,0.05962,-50.45164,3858.00000
0.60099,0.59737,0.60132,0.59079,0.59079,0.25432,0.25367,0.25465,0.24939,0.24840,0.06060,0.05731,0.05830,0.06192,0.05929,-50.45164,3866.00000
0.59967,0.59671,0.59869,0.59276,0.60033,0.25169,0.25169,0.25235,0.25071,0.25038,0.06060,0.05665,0.06126,0.05731,0.05896,-51.27318,3874.00000
0.59869,0.59869,0.59145,0.60132,0.59770,0.25432,0.24906,0.24939,0.24972,0.24906,0.05863,0.05896,0.05962,0.05633,0.05896,-51.27318,3882.00000
0.59540,0.59178,0.59704,0.59836,0.59638,0.24972,0.24906,0.25432,0.24446,0.25301,0.05929,0.05994,0.06027,0.06192,0.05896,-50.50231,3890.00000
0.59901,0.59803,0.59211,0.59770,0.59408,0.25038,0.24840,0.24939,0.24808,0.25301,0.05962,0.05863,0.06093,0.05863,0.06225,-50.50231,3898.00000
0.60428,0.59211,0.59276,0.58684,0.59638,0.25104,0.24775,0.25268,0.25071,0.25038,0.06060,0.05633,0.05567,0.06060,0.05863,-52.08709,3906.00000
0.59079,0.59441,0.59540,0.59770,0.59704,0.24840,0.25005,0.24939,0.25136,0.24577,0.06093,0.06225,0.06126,0.05962,0.05863,-52.08709,3914.00000
0.59671,0.59342,0.59770,0.59211,0.59540,0.24972,0.24873,0.25104,0.24577,0.25071,0.06126,0.06060,0.05896,0.05731,0.05797,-51.64902,3922.00000
0.58980,0.59869,0.59671,0.59704,0.59638,0.24775,0.24709,0.24709,0.25268,0.24742,0.06060,0.05698,0.06323,0.06225,0.06258,-51.64902,3930.00000
0.59671,0.59704,0.59507,0.59638,0.59474,0.24906,0.24676,0.24939,0.24939,0.24479,0.05764,0.06225,0.05863,0.06225,0.06126,-52.03300,3938.00000
0.59901,0.59638,0.60197,0.59309,0.59013,0.25169,0.25400,0.25400,0.25235,0.25005,0.06159,0.06389,0.06323,0.06192,0.05896,-52.03300,3946.00000
0.59507,0.59967,0.59276,0.59967,0.59704,0.24873,0.24840,0.24544,0.24610,0.24775,0.06389,0.05929,0.06389,0.05830,0.06225,-51.35830,3954.00000
0.59737,0.58783,0.59408,0.59803,0.59770,0.24709,0.24775,0.24742,0.25169,0.24972,0.06192,0.06290,0.05994,0.06093,0.06126,-51.35830,3962.00000
0.59441,0.59342,0.58948,0.60033,0.59013,0.25005,0.24873,0.24808,0.24840,0.24709,0.05994,0.06060,0.05994,0.06422,0.06159,-51.97798,3970.00000
0.59770,0.59869,0.59276,0.59803,0.59441,0.24840,0.25169,0.25169,0.24775,0.25071,0.05962,0.06225,0.06060,0.06290,0.06389,-51.97798,3978.00000
0.59671,0.59605,0.59540,0.58882,0.59901,0.25005,0.24676,0.24643,0.24512,0.25465,0.06126,0.06126,0.06159,0.05994,0.06225,-50.46409,3986.00000
0.59704,0.59671,0.59540,0.58783,0.59572,0.25334,0.24906,0.25202,0.25038,0.24808,0.06389,0.06159,0.06060,0.06159,0.06093,-50.46409,3994.00000
0.59375,0.59474,0.59540,0.58783,0.59737,0.25564,0.25104,0.24775,0.25038,0.25136,0.06488,0.06290,0.05962,0.06389,0.05929,-50.62511,4002.00000
0.59671,0.59770,0.59441,0.59375,0.59441,0.24775,0.24906,0.25169,0.25038,0.24939,0.06521,0.06258,0.05929,0.06521,0.06126,-50.62511,4010.00000
