-2.495643173333333920e+01
-2.371006960000000774e+01
-2.306351093333334035e+01
-2.804565226666666788e+01
-2.186067320000000080e+01
-2.091169413333333793e+01
-2.026419840000000505e+01
-1.995709266666667148e+01
-1.931361826666667270e+01
-1.834229386666667594e+01
-1.769562173333333277e+01
-1.646997959999999495e+01
-1.582476853333332656e+01
-1.482904746666665829e+01
-1.418414373333332179e+01
-7.883019999999987704e+00
-7.229285599999990097e+00
-8.950081199999992521e+00
-8.306449733333323593e+00
-7.709948266666657446e+00
-7.072507466666657194e+00
-7.994266666666653975e+00
-7.344654399999988925e+00
-7.357462133333328325e+00
-6.709055733333329385e+00
-6.889909333333328334e+00
-6.244937866666660398e+00
-6.366156399999994164e+00
-5.723423333333329310e+00
-5.322180266666663329e+00
-4.675911333333331754e+00
-4.716792399999995666e+00
-4.063319466666662549e+00
-3.750986533333332318e+00
-3.096710933333334026e+00
-2.717985333333338360e+00
-2.073953066666675227e+00
-8.035308000000043194e-01
-8.199982666666727482e-01
-6.324931999999989785e-01
-6.401410666666649263e-01
-4.881182666666674663e-01
-4.849109333333245786e-01
-7.826295999999928199e-01
-7.859087999999943008e-01
-4.921265333333266767e-01
-4.941567999999918470e-01
-7.316457333333374891e-01
-7.261829333333338354e-01
-6.034205333333417798e-01
-5.873102666666767391e-01
-5.434765333333473336e-01
-5.302130666666755587e-01
-1.103833333333341216e+00
-1.012045333333340125e+00
-1.941977333333397837e-01
-1.364548000000027628e-01
3.849597333333321103e-01
4.430954666666622188e-01
-4.324181333333356747e-01
-4.011691999999982272e-01
-2.883125333333254048e-01
-2.655591999999913355e-01
3.757333333339829551e-03
1.695693333334702402e-02
1.878206666666812907e-01
1.820181333333437124e-01
-9.219426666665242465e-02
-1.812283999999806383e-01
-8.197245333333142980e-01
-9.535318666666512399e-01
-1.152087733333317487e+00
-1.255872933333321839e+00
-5.950821333333209395e-01
-6.529643999999805715e-01
-8.400479999998111680e-02
-1.210838666666518293e-01
-2.198294666666598118e-01
-2.542950666666570214e-01
-1.170181199999994703e+00
-1.184777333333322247e+00
-4.091498666666524286e-01
-4.255623999999897933e-01
-8.634015999999817836e-01
-8.671807999999856520e-01
-1.095159999999992806e+00
-1.089009199999999566e+00
-1.305198266666671714e+00
-1.301797333333340134e+00
-7.351004000000003202e-01
-7.324234666666598059e-01
-9.648559999999903880e-01
-9.641685333333285257e-01
-7.840958666666537624e-01
-7.828731999999902769e-01
-8.503233333333284349e-01
-8.411834666666635485e-01
-3.930729333333289333e-01
-4.022723999999939792e-01
-4.333591999999910627e-01
-4.391959999999954789e-01
-5.586204000000023484e-01
-5.653147999999958984e-01
8.881066666667436493e-02
8.396613333333391438e-02
6.083335200000000498e+00
6.081824266666671974e+00
8.750020933333352957e+00
8.747377600000014297e+00
6.151237600000008854e+00
6.147897600000007401e+00
2.436421200000012277e+00
2.443214799999999798e+00
1.524219866666669532e+00
1.539074933333331785e+00
1.553072933333332628e+00
3.163711999999918589e-01
3.231422666666574628e-01
1.528287999999804470e-01
1.618458666666526824e-01
-4.736929333333463887e-01
-4.691192000000157236e-01
-1.458674800000018479e+00
-1.466772133333350325e+00
-1.160731733333342675e+00
-1.173439199999997129e+00
-1.106284933333341769e+00
-1.108960400000007951e+00
-1.621093600000001800e+00
-1.623245066666662240e+00
-8.943793333333260875e-01
-8.807089333333237846e-01
-1.002082133333317415e+00
-9.949865333333178796e-01
-5.225113333333197829e-01
-5.065286666666537485e-01
-6.604489333333205536e-01
-6.529458666666485556e-01
-3.215195999999806986e-01
-3.135363999999825069e-01
-2.740869333333151303e-01
-2.549911999999849854e-01
-7.527418666666534364e-01
-6.552707999999825006e-01
-1.013727466666651367e+00
-8.812029333333200043e-01
-7.577861333333117955e-01
-6.609899999999839793e-01
-5.591469333333307645e-01
-5.151107999999950948e-01
-4.574515999999917426e-01
-4.261237333333269817e-01
-3.947958666666622207e-01
-7.133612000000013609e-01
-6.893963999999996872e-01
-5.577306666666004276e-02
-4.798999999999153943e-02
-1.424487999999897170e-01
-1.447095999999916671e-01
5.753822666666863483e-01
5.661464000000151486e-01
6.831620000000171444e-01
6.782185333333501376e-01
4.901116000000200756e-01
4.914160000000151740e-01
2.225180000000079872e-01
2.191988000000080206e-01
-7.850073333333256187e-01
-7.718557333333322390e-01
-3.478797333333361053e-01
-3.421502666666782488e-01
-5.508648000000064826e-01
-5.441914666666747280e-01
7.853253333332332886e-02
8.837973333331916592e-02
-5.041946666668195576e-02
-3.618613333335218840e-02
-1.943902666666872392e-01
-1.777358666666870590e-01
-3.870240000001956560e-02
-2.926840000001362796e-02
2.279679999999473239e-02
2.696039999999300107e-02
1.122998666666603640e-01
1.107033333333333758e-01
3.492414666666689982e-01
3.491593333333398164e-01
3.727280000000163795e-01
3.772117333333468991e-01
3.925121333333478901e-01
-2.954474666666513372e-01
-2.909222666666408941e-01
7.584629333333552381e-01
7.710770666666846296e-01
8.910812000000163380e-01
9.007410666666828547e-01
4.489509333333430163e-01
4.697640000000120608e-01
4.844670666666743841e-01
5.106938666666707149e-01
1.456806666666778938e-01
1.680389333333422996e-01
2.407720000000779237e-02
4.036693333334540057e-02
-4.610733333333243422e-01
-4.647123999999891453e-01
-4.118146666665012390e-02
-4.469359999998800959e-02
3.435942666666704781e-01
3.386156000000042354e-01
-6.616306666665394687e-02
-6.106773333332427001e-02
-6.299239999999173278e-02
-6.314653333332387319e-02
-2.157406666666474848e-01
-2.098931999999891218e-01
-1.777257333333324141e-01
-1.702772000000010166e-01
-2.229186666666649330e-01
-2.226774666666671010e-01
2.016237333333279480e-01
2.057807999999994308e-01
1.045878666666624213e-01
1.198499999999995680e-01
-1.934478666666734625e-01
-1.779288000000107672e-01
-9.671272000000001867e-01
-9.450755999999955748e-01
-4.883047999999945432e-01
-4.804040000000000532e-01
-4.467405333333260842e-01
-4.299970666666510510e-01
-2.886907999999905883e-01
-2.681445333333201120e-01
-3.710977333333218553e-01
-3.537609333333264772e-01
-6.110527999999888493e-01
-5.884846666666589954e-01
-4.743013333333294668e-01
-4.618779999999844676e-01
-2.645478666666534195e-01
-2.499377333333256956e-01
2.465810666666783391e-01
2.562298666666791291e-01
6.787314666666759422e-01
6.942330666666762795e-01
6.203969333333461122e-01
6.457908000000074367e-01
5.227397333333385632e-01
5.445186666666756992e-01
7.990761333333438188e-01
8.086636000000098079e-01
1.789714666666739618e-01
1.738693333333429791e-01
1.814553333333464025e-01
1.863913333333471201e-01
7.749501333333483899e-01
7.811289333333562013e-01
5.823062666666913856e-01
5.903436000000183981e-01
-2.759999999852880137e-04
3.254400000010093663e-03
2.404000000005623860e-03
-4.852825333333399271e-01
-4.938457333333374777e-01
-1.392264000000054125e-01
-1.366721333333487109e-01
2.435329333333271506e-01
2.423035999999925139e-01
5.652973333332056427e-02
5.018599999999651118e-02
-1.670114666666648873e-01
-1.650727999999972440e-01
-5.656353333333257183e-01
-5.714693333333258352e-01
-2.104525333333242543e-01
-2.176989333333096965e-01
-5.578318666666532977e-01
-5.651985333333300332e-01
-7.171622666666692680e-01
-7.170043999999933249e-01
-7.310172000000036974e-01
-7.278133333333443034e-01
-1.077221866666675965e+00
-1.077833466666668016e+00
-1.202316666666668254e+00
-1.200050933333351111e+00
-2.775265333333436502e-01
-2.590758666666772569e-01
7.004655999999940263e-01
7.023991999999950053e-01
-1.634080000000182054e-02
-8.505466666669292408e-03
-1.635370666666560169e-01
-1.575035999999911951e-01
1.392237333333383731e-01
1.485229333333464297e-01
3.883609333333453151e-01
3.876069333333376221e-01
3.868529333333441400e-01
1.444633333333413816e-01
1.283312000000123021e-01
-2.776519999999891297e-01
-2.939211999999926661e-01
-1.127239999998153053e-02
-2.422479999999183065e-02
4.689136000000146964e-01
4.553410666666763973e-01
-2.917297333333266351e-01
-3.002737333333271863e-01
3.336266666671861003e-03
-1.456533333339393721e-03
1.983879999999942356e-01
1.954707999999953927e-01
3.894403999999909161e-01
3.872655999999992105e-01
3.034234666666648650e-01
2.951095999999964192e-01
4.649071999999918603e-01
4.559976000000034446e-01
6.345473333333302435e-01
6.214987999999976864e-01
2.450250666666633492e-01
2.274656000000021550e-01
-7.569734666666576572e-01
-7.604146666666622423e-01
-1.532780000000002474e-01
-1.476742666666623904e-01
-5.829777333333368006e-01
-5.879884000000146216e-01
1.261731999999895493e-01
1.207707999999882986e-01
-3.451006666666742717e-01
-3.553865333333376952e-01
-1.960117333333428746e-01
-1.933746666666706915e-01
-1.907375999999985083e-01
4.711477333333391471e-01
4.665092000000115036e-01
8.168517333333440433e-01
7.937317333333453462e-01
9.088816000000150552e-01
8.951406666666841261e-01
7.529373333333495566e-01
7.487685333333473636e-01
1.508780000000200516e-01
1.409812000000201238e-01
-5.490127999999856456e-01
-5.551655999999880464e-01
-3.316055999999889536e-01
-3.342263999999914859e-01
-7.356918666666629747e-01
-7.485907999999952267e-01
-4.366682666666719115e-01
-4.405786666666671181e-01
-4.179490666666652032e-01
-4.258287999999978979e-01
-4.650600000000011391e-01
-4.620988000000068041e-01
-2.503689333333340983e-01
-2.530874666666633743e-01
-4.085854666666719481e-01
-4.254721333333435496e-01
-1.672884000000038895e-01
-1.718254666666680919e-01
-1.098205333333339695e-01
-1.232219999999983884e-01
-2.645814666666623793e-01
-2.724539999999890938e-01
3.711561333333435186e-01
3.578124000000073579e-01
-3.947347999999948343e-01
-4.086007999999949902e-01
-4.244770666666539682e-01
-1.274733333333202268e-01
-1.303007999999863387e-01
8.680417333333494412e-01
8.667256000000094218e-01
4.626694666666750777e-01
4.650713333333413857e-01
2.539032000000105427e-01
2.603124000000107685e-01
-4.514839999998088160e-02
-5.434613333331839158e-02
-4.125386666665775692e-02
-6.326813333332381717e-02
-1.424923999999876401e-01
-1.559734666666585667e-01
7.931454666666724052e-01
7.690872000000013031e-01
-6.581066666669244114e-03
-3.436546666667084082e-02
4.141001333333278467e-01
3.935998666666549184e-01
-2.530404000000032738e-01
-2.738698666666650183e-01
-2.293493333333387341e-01
-2.467628000000061661e-01
-1.704662666666649784e-01
-1.995505333333369435e-01
-5.406648000000018328e-01
-5.641588000000012926e-01
-3.628028000000043107e-01
-3.773818666666670651e-01
-8.911093333333042210e-02
-1.010227999999955273e-01
-1.543846666666652823e-01
-1.905163999999999191e-01
-2.763813333332620914e-02
-7.359053333332354896e-02
-8.855199999992180437e-03
-9.488986666666221481e-02
-5.251523999999960779e-01
-6.401749333333270897e-01
-4.647439999999960492e-01
-5.442930666666612183e-01
-7.383183999999971547e-01
-7.863937333333339552e-01
-1.244993199999996136e+00
-1.271732666666657963e+00
-7.089467999999854442e-01
-7.188009333333127415e-01
-4.516303999999777830e-01
-4.658998666666462896e-01
-8.869065333333168155e-01
-8.968731999999874915e-01
-4.919073333333159326e-01
-4.942214666666515654e-01
9.315226666668507960e-02
8.626600000000905766e-02
-4.217103999999878283e-01
-4.162667999999953850e-01
-4.310941333333389025e-01
-4.309114666666715721e-01
-4.698280000000067957e-01
-4.621845333333425287e-01
2.687374666666642042e-01
2.758794666666588569e-01
1.306998666666530085e-01
1.338802666666509822e-01
-4.630236000000138574e-01
-4.608474666666779740e-01
-7.791621333333438315e-01
-7.735168000000101074e-01
1.699557866666658867e+00
1.705212533333316571e+00
1.705858933333317395e+00
4.712675333333329775e+00
4.717165199999996616e+00
7.208625066666670023e+00
7.203773600000005217e+00
5.539582133333340153e+00
5.541778800000010108e+00
2.780705466666674397e+00
2.789811600000000169e+00
9.851577333333310094e-01
9.734998666666712097e-01
-6.164279999999919823e-01
-6.152257333333253086e-01
-2.605834666666595467e-01
-2.562387999999913291e-01
-6.318141333333358034e-01
-6.280142666666677087e-01
-2.355543999999980542e-01
-2.280554666666603225e-01
-6.292565333333186572e-01
-6.167505333333096473e-01
-1.052734533333328670e+00
-1.050290133333334097e+00
-1.279415733333330252e+00
-1.269306799999995405e+00
-1.753407866666655934e+00
-1.802389866666658236e+00
-1.720051866666672424e+00
-1.795226533333341479e+00
-1.885311200000010956e+00
-1.920945333333349936e+00
-1.656409466666680430e+00
-1.677416666666672995e+00
-1.655763866666667639e+00
-1.664053999999993039e+00
-1.714494133333325010e+00
-1.689885333333329243e+00
-1.090168666666663455e+00
-1.065081999999996754e+00
-1.133908799999993278e+00
-1.065245599999983028e+00
-5.795058666666363933e-01
-4.791261333333025618e-01
-6.764919999999747802e-01
-6.002278666666427398e-01
-1.214471999999979346e+00
-1.164556133333320531e+00
-1.510213333332899310e-02
8.911866666672096926e-03
-3.793495999999905166e-01
-3.757410666666558541e-01
-3.228382666666576029e-01
-3.156954666666607068e-01
-6.856894666666732974e-01
-6.855034666666739440e-01
-5.488873333333401661e-01
-5.421212000000039666e-01
-3.138232000000087396e-01
-3.042552000000000589e-01
-5.696906666667445052e-02
-5.088293333334803492e-02
-6.479437333333351035e-01
-6.551545333333379517e-01
3.714911466666670492e+00
3.699717466666676557e+00
6.382238533333335795e+00
6.376529600000004905e+00
3.251181333333335033e+00
3.239733066666659056e+00
1.528371199999995156e+00
1.513109333333332529e+00
2.183960000000055857e-01
2.014226666666729670e-01
1.844724000000041997e-01
1.316821333333493271e-01
1.188776000000117961e-01
-1.559969333333270924e-01
-1.530893333333196438e-01
-4.195173333332746779e-02
-3.815413333332173806e-02
1.149734666666759608e-01
1.129009333333357290e-01
-6.763215999999943051e-01
-6.828592000000028861e-01
-5.605168000000162465e-01
-5.545733333333373594e-01
-5.964898666666726967e-01
-5.962850666666739130e-01
-5.077102666666704067e-01
-5.133370666666721149e-01
-3.771238666666718586e-01
-3.831924000000057617e-01
-4.941109333333457698e-01
-4.945736000000096055e-01
-1.113876266666679271e+00
-1.109159733333335396e+00
-1.291793200000000752e+00
-1.280027333333336514e+00
-5.025614666666555763e-01
-4.978830666666524962e-01
-3.886746666666454075e-01
-3.314850666666515622e-01
-8.543554666666608455e-01
-7.544715999999951350e-01
-2.390477333333222987e-01
-1.820095999999864489e-01
4.612185333333442827e-01
5.022702666666774007e-01
7.143420000000091363e-01
7.375372000000055550e-01
7.168524000000005003e-01
7.372286666666667543e-01
1.020827066666669225e+00
1.035377200000006326e+00
-2.694669333333195027e-01
-2.506685333333180665e-01
8.818293333334281670e-02
1.041252000000056910e-01
2.886885333333353287e-01
3.030398666666656027e-01
-2.238413333333966193e-02
-1.699880000000320024e-02
1.794649333333353525e-01
1.876589333333313903e-01
2.337447999999966441e-01
2.425943999999944367e-01
7.357522666666582722e-01
7.565506666666692581e-01
4.421902666666781556e-01
4.577977333333436150e-01
1.814172000000127127e-01
1.933877333333455795e-01
2.739706666667274249e-02
3.071306666667084073e-02
-2.559689333333210470e-01
-2.643043999999861171e-01
-3.207205333333220665e-01
-3.145042666666597597e-01
1.400257333333385645e-01
1.505882666666664704e-01
-3.604233333333439759e-01
-3.610665333333429317e-01
-2.566392000000021767e-01
-2.431261333333338825e-01
-7.189171999999999230e-01
-7.112166666666652759e-01
-6.397358666666619342e-01
-6.228973333333271967e-01
-3.952238666666687550e-01
-3.761925333333309140e-01
4.747480000000336986e-02
7.785626666666445317e-02
-4.899976000000023646e-01
-4.762390666666718175e-01
-1.357924000000068077e-01
-1.290433333333353971e-01
1.485774666666586086e-01
1.585926666666566121e-01
4.951746666667133923e-02
6.025426666667499376e-02
-8.254133333323920851e-03
3.694666666760326734e-04
-8.752319999999258471e-02
-6.713066666665667981e-02
-8.480863999999854741e-01
-8.237950666666549182e-01
-2.728377333333256161e-01
-2.561673333333231994e-01
-7.545146666665658586e-02
-6.473986666666320389e-02
-2.604106666666439196e-02
-1.596519999998946560e-02
6.767873333333440655e-01
6.852105333333398107e-01
3.671765333333354420e-01
3.667658666666682166e-01
1.508741333333389889e-01
1.582533333333415726e-01
4.191513333333389824e-01
4.207250666666766392e-01
-2.225541333333254101e-01
-2.115783999999862885e-01
8.148990666666833249e-01
8.123465333333470539e-01
2.962840000000142027e-01
2.992720000000161917e-01
9.673893333334859790e-02
1.006418666666775152e-01
-4.776669333333316558e-01
-4.739575999999985356e-01
-5.471707999999892991e-01
-5.525101333333282128e-01
2.907697333333345568e-01
2.928199999999918646e-01
2.201222666666566852e-01
2.300993333333281043e-01
-1.448529333333326008e-01
-1.385622666666677105e-01
2.144881333333259477e-01
2.307518666666652507e-01
-5.984181333333324915e-01
-5.963409333333373752e-01
-4.143142666666648211e-01
-4.136010666666578572e-01
-1.712857333333204224e-01
-1.699851999999850705e-01
-1.012573333332511538e-02
-5.927333333332285292e-03
-1.233555999999964570e-01
-1.177407999999999788e-01
-2.665225333333367530e-01
-2.623480000000029122e-01
3.417341333333325792e-01
3.422264000000012629e-01
2.024461333333249513e-01
2.092678666666500931e-01
1.411311999999895761e-01
1.534613333333254559e-01
-4.484442666666694777e-01
-4.504172000000110643e-01
7.873826666666161600e-02
7.553826666665486300e-02
-2.885594666666762009e-01
-2.926985333333433914e-01
-1.568154666666785602e-01
-1.544254666666802223e-01
2.557703999999816347e-01
2.417310666666523389e-01
3.247293333333232113e-01
3.115898666666581107e-01
7.792799999999999727e-02
7.474373333333517166e-02
-2.553449333333261961e-01
-2.502313333333248124e-01
-8.844973333332717402e-02
-9.416120000000205437e-02
-9.249846666666670103e-01
-9.235759999999970660e-01
3.353746666665813336e-02
2.681986666665636676e-02
-6.828448000000122420e-01
-6.895564000000078408e-01
-2.060310666666751445e-01
-2.078569333333462055e-01
-2.570185333333441235e-01
-2.636932000000058451e-01
-3.479749333333472805e-01
-3.579854666666761887e-01
4.243533333333289193e-01
4.116333333333344058e-01
3.574599999999961142e-01
3.549410666666688030e-01
-3.455587999999920612e-01
-3.452882666666639011e-01
-4.988234666666571115e-01
-5.025943999999853418e-01
-8.789026666665478160e-02
-9.765333333331938093e-02
1.013643600000023071e+00
1.013872666666692623e+00
5.654812000000219996e-01
5.559277333333554338e-01
-1.497417333333146416e-01
-1.608986666666538667e-01
4.781262666666776795e-01
4.678602666666762389e-01
3.222304000000093538e-01
3.209710666666794054e-01
4.143013333333485093e-01
4.001626666666808774e-01
-3.189907999999874733e-01
-3.294455999999925666e-01
9.073666666667179470e-02
8.713680000000323389e-02
-1.136863999999988550e-01
-1.311113333333295827e-01
-3.703134666666585417e-01
-3.655167999999875406e-01
-1.798566666666587821e-01
-1.845873333333258870e-01
-3.147331999999920527e-01
-3.222742666666604805e-01
1.895057333333483029e-01
1.773368000000203892e-01
2.923148000000210800e-01
2.807941333333587863e-01
3.195272000000244361e-01
3.165338666666812628e-01
1.520504000000073574e-01
1.516930666666738148e-01
-2.044762666666599671e-01
-2.155274666666571193e-01
-3.935466666654008350e-03
-2.293759999999167576e-02
-1.924623999999965918e-01
-2.087994666666688204e-01
-4.421910666666732936e-01
-4.379246666666674059e-01
-5.992693333333676264e-02
-5.056719999999614856e-02
2.125456000000127688e-01
2.104546666666848864e-01
5.657789333333482773e-01
5.600460000000140326e-01
-2.504919999998378444e-02
-2.941306666664189606e-02
7.016954666666919138e-01
7.032244000000247297e-01
9.326106666668465550e-02
8.676640000002322495e-02
-2.663551999999782538e-01
-2.670959999999880097e-01
-6.318893333332908924e-02
-7.492013333332891989e-02
-7.894402666666735513e-01
-8.118096000000036838e-01
-8.225819999999970378e-01
-8.349711999999982481e-01
-1.512292000000030612e-01
-1.586933333333320206e-01
1.384456000000042764e-01
1.319465333333340595e-01
2.556266666672968313e-03
-1.185853333331721160e-02
1.292354666666852836e-01
5.666346666669141996e-02
-2.652629333333109685e-01
-3.399793333333107626e-01
-3.529905333333118733e-01
-4.718917333333081388e-01
-9.409746666665341763e-02
-1.598631999999966524e-01
2.881320000000897608e-02
-9.180399999983990256e-03
-4.767575999999849046e-01
-5.132347999999922195e-01
-1.361116799999997795e+00
-1.383098799999999073e+00
-1.222665333333324611e+00
-1.223011866666652736e+00
-3.121985333333228141e-01
-3.191751999999823397e-01
-5.745785333333159883e-01
-5.906318666666550143e-01
-9.325219999999987408e-01
-9.301321333333376629e-01
-1.028846266666668896e+00
-1.028660399999999697e+00
-1.040742000000001610e+00
-1.049763600000005681e+00
-4.189538666666763334e-01
-4.262641333333476723e-01
1.195011999999806562e-01
1.020765333333102376e-01
-4.762689333333511854e-01
-4.963744000000147594e-01
-9.985700000000150567e-01
-9.994756000000108997e-01
-5.483245333333428562e-01
-5.447734666666761427e-01
1.653654666666568573e-01
1.536643999999967036e-01
4.552486533333322427e+00
4.549858666666665385e+00
4.539397600000008026e+00
7.496266533333347581e+00
7.495463200000010318e+00
3.734179866666671899e+00
3.737293733333338253e+00
1.501287600000004829e+00
1.513228666666670108e+00
1.179529733333325225e+00
1.185565333333322258e+00
4.841109333333264431e-01
4.664255999999937785e-01
-9.108597333333392498e-01
-9.215904000000065821e-01
-8.624106666667330501e-02
-8.604000000000411319e-02
1.737106666666221599e-02
1.229573333332467655e-02
-6.418496000000075696e-01
-6.486189333333456375e-01
-1.092238266666669233e+00
-1.127231066666674053e+00
-8.240038666666720246e-01
-9.160770666666664397e-01
-9.293702666666661116e-01
-9.878091999999938366e-01
-9.873281333333281395e-01
-1.012413599999987923e+00
-8.273790666666513971e-01
-8.434373333333198275e-01
-1.601595599999988906e+00
-1.613986799999992172e+00
-1.662957999999996161e+00
-1.663261599999991347e+00
-6.442551999999892587e-01
-6.276427999999896201e-01
-1.136540399999994122e+00
-1.059939866666660180e+00
-6.430593333333263217e-01
-5.597206666666636465e-01
-1.055257599999997353e+00
-9.342262666666627524e-01
-7.135646666666559668e-01
-6.402885333333259155e-01
-1.032237333333320350e+00
-9.978453333333163755e-01
-9.562518666666548484e-01
-9.370375999999893679e-01
2.591346666667249110e-02
3.945933333333329074e-02
-3.259427999999928716e-01
-3.324510666666569136e-01
-2.297682666666602813e-01
-2.323713333333259357e-01
-7.721826666665521088e-02
-7.213959999998564854e-02
-2.929451999999912459e-01
-2.972417333333297051e-01
1.710497066666668786e+00
1.700796666666668955e+00
5.973575866666671175e+00
5.975170933333338041e+00
4.093366400000007843e+00
4.090615733333343940e+00
2.150330666666675938e+00
2.148108933333340076e+00
9.134088000000062380e-01
9.240166666666738138e-01
1.484098666666753275e-01
1.476917333333389593e-01
-3.124841333333279181e-01
-3.209811999999985233e-01
-8.627474666666756775e-01
-8.626340000000070063e-01
-9.671873333333351752e-01
-9.689861333333311677e-01
-1.471607866666666098e+00
-1.464922666666666373e+00
-1.326103333333328749e+00
-1.328489866666657804e+00
-1.507719466666650021e+00
-1.505527333333319007e+00
-8.319501333333221282e-01
-8.393175999999868964e-01
-5.383759999998716239e-02
-5.709813333331936747e-02
-3.300097333333198435e-01
-3.232414666666585390e-01
-1.768241333333335774e-01
-1.764022666666704708e-01
3.785150666666581287e-01
3.852038666666572908e-01
-7.894226666666526171e-02
-6.641813333332891034e-02
-2.720399999986966577e-03
-6.484399999990841934e-03
-1.490359999999668617e-02
1.641760000000402897e-02
-4.041615999999947917e-01
-3.157470666666668535e-01
1.522514666666623384e-01
2.129301333333373236e-01
2.670145333333309168e-01
3.017809333333261179e-01
-4.320230666666802222e-01
-4.135332000000175867e-01
-2.980442666666860418e-01
-2.996390666666854941e-01
2.394865333333271451e-01
2.449065333333209082e-01
6.165550666666561597e-01
6.111922666666629311e-01
2.224373333333460323e-01
2.171516000000082158e-01
-9.089226666665695120e-02
-1.034307999999910521e-01
-5.215760000000102536e-02
-6.285400000000151977e-02
-2.695649333333420827e-01
-2.842882666666781688e-01
-8.382400000002121487e-03
-1.147973333333851542e-02
-3.002178666666850404e-01
-2.946702666666851655e-01
-9.187746666667351292e-02
-8.643440000000879309e-02
3.609479999998654876e-02
4.249466666665568937e-02
-3.158396000000038839e-01
-2.994886666666758401e-01
-5.707133333333445080e-01
-5.607149333333438790e-01
4.543843999999879202e-01
4.565841333333295893e-01
-1.551669333333336454e-01
-1.367494666666644321e-01
-1.291478666666634467e-01
-1.166838666666620838e-01
9.691626666667474410e-02
1.122954666666728940e-01
1.330313333333350556e-01
1.439110666666749694e-01
1.302228000000127395e-01
1.328957333333491420e-01
8.670300000000210616e-01
8.664133333333481346e-01
-1.119921333333238067e-01
-9.400626666665345965e-02
1.908098666666830923e-01
2.109682666666756745e-01
1.225921333333488406e-01
1.366101333333489265e-01
1.852812000000128023e-01
1.969777333333411207e-01
2.117201333333440516e-01
2.171125333333350227e-01
3.431032000000087123e-01
3.382148000000029242e-01
1.423210666666818724e-01
1.447922666666769942e-01
2.876340000000041641e-01
2.957381333333444218e-01
3.200239999999610063e-02
4.061173333332845914e-02
1.234565333333321746e-01
1.360945333333347662e-01
-4.936893333332648126e-02
-5.096013333332649609e-02
-5.278159999998877083e-02
-5.286106666665801868e-02
5.994212000000089802e-01
6.213866666666802985e-01
-6.127182666666470823e-01
-6.031678666666522304e-01
-6.561011999999877276e-01
-6.478429333333153295e-01
-4.509047999999822309e-01
-4.493473333333142250e-01
-9.101186666664773384e-02
-7.851426666665162202e-02
-2.028005333333240401e-01
-1.802757333333246947e-01
2.060528000000090287e-01
2.299780000000097857e-01
-6.075811999999842783e-01
-5.974741333333142279e-01
-3.732957333333146721e-01
-3.598437333333208699e-01
-2.693309333333218092e-01
-2.580150666666582993e-01
-3.680945333333198732e-01
-3.562842666666554692e-01
1.903056000000091785e-01
2.032420000000101368e-01
7.952508000000122479e-01
8.146748000000130219e-01
5.611320000000077357e-01
5.742620000000044911e-01
-1.293637333333208517e-01
-1.199991999999809877e-01
4.882506666668007256e-02
5.933413333334414119e-02
-1.161774666666559597e-01
-1.023942666666570744e-01
6.038937333333436186e-01
6.173934666666767157e-01
2.362901333333482512e-01
2.410217333333477541e-01
-3.947170666666579564e-01
-3.749685333333232506e-01
-5.425853333332497641e-02
-5.499613333332575849e-02
3.631386666668134922e-02
3.483826666667511063e-02
7.341436000000172157e-01
7.305412000000188755e-01
-8.371506666664885188e-02
-8.164253333331572549e-02
-8.479711999999821614e-01
-8.438750666666479106e-01
-2.100579999999823144e-01
-2.098654666666490698e-01
-1.697042666666561672e-01
-1.698357333333291308e-01
-1.561794666666713738e-01
-1.678013333333367996e-01
-1.216073333333369533e-01
-1.294365333333331591e-01
-1.373711999999969180e-01
-1.447362666666620612e-01
-2.272113333333365404e-01
-2.280617333333410102e-01
-5.846030666666592879e-01
-5.812197333333273264e-01
-3.041513333333369928e-01
-3.072773333333316259e-01
1.067442666666735818e-01
9.450413333333784749e-02
-2.759210666666689349e-01
-2.762144000000006372e-01
-4.518609333333287736e-01
-4.566299999999969828e-01
-6.240113333333354717e-01
-6.260377333333408956e-01
2.780386666665890516e-02
2.028026666665994071e-02
-4.831965333333414492e-01
-4.857214666666749281e-01
-1.954417333333395845e-01
-1.963461333333356151e-01
-2.030921333333353118e-01
-2.037070666666664920e-01
1.505686666666647966e-01
1.536141333333276293e-01
7.687746666665873363e-02
6.905079999999230722e-02
-2.448696000000012418e-01
-2.704299999999975057e-01
3.589422666666592932e-01
3.414745333333257804e-01
-4.990241333333429452e-01
-5.154728000000048382e-01
5.421523999999990906e-01
5.274175999999997089e-01
3.110454666666626622e-01
3.006833333333247538e-01
1.359501333333241746e-01
1.279369333333235659e-01
1.578407999999953404e-01
1.415946666666698661e-01
3.801879999999968618e-01
3.588813333333220612e-01
5.557714666666626613e-01
5.348315999999968540e-01
4.857260000000067635e-01
4.717404000000087194e-01
-2.688258666666598629e-01
-2.765021333333237408e-01
-1.373794666666654507e-01
-1.469468000000020425e-01
3.334502666666665505e-01
3.244673333333309984e-01
3.406432000000023663e-01
3.391790666666665288e-01
-7.012632000000067478e-01
-7.178154666666785033e-01
-5.285993333333536270e-01
-5.354432000000244329e-01
-4.628124000000184424e-01
-4.613516000000217332e-01
-3.261946666668080752e-02
-2.765733333334452482e-02
-3.087293333334173440e-02
5.293614666666641710e-01
5.090037333333441438e-01
5.066960000000193531e-01
5.017905333333558815e-01
4.717350666666817460e-01
4.513786666666845804e-01
3.134622666666899704e-01
3.067346666666921351e-01
2.882706666667900208e-02
2.595160000001328626e-02
-1.515738666666521794e-01
-1.614751999999910481e-01
3.638534666666686235e-01
3.590981333333331804e-01
3.704928000000009547e-01
3.747232000000053631e-01
6.287336000000109948e-01
6.323786666666748602e-01
5.411837333333338051e-01
5.430388000000050397e-01
-2.886661333333293555e-01
-2.879338666666626523e-01
-3.182315999999971723e-01
-3.201114666666668995e-01
-5.377013333333380274e-01
-5.409850666666784491e-01
-4.470488000000116813e-01
-4.600513333333537958e-01
1.712561333333155744e-01
1.530686666666554174e-01
-3.046788000000049124e-01
-3.200225333333435174e-01
-9.652962666666766722e-01
-9.895046666666758028e-01
-9.307330666666757679e-01
-9.430000000000120508e-01
-4.108469333333388818e-01
-4.180802666666636469e-01
5.794990666666706147e-01
5.804722666666748410e-01
6.960613333333753872e-02
7.279453333332952525e-02
4.104176000000023805e-01
4.130534666666676458e-01
4.643218666666726335e-01
4.602036000000069293e-01
-4.245039999999278280e-02
-5.300559999999165939e-02
3.043305333333350404e-01
3.018523999999942475e-01
-3.328933333333594646e-02
-3.915080000000159544e-02
-4.588269333333343525e-01
-5.063865333333339436e-01
-2.888857333333376687e-01
-3.236356000000029098e-01
-2.605199999999925353e-01
-2.893531999999936488e-01
-9.779805333333229100e-01
-1.006427199999990307e+00
-6.906875999999897431e-01
-7.206009333333298628e-01
-1.587203999999999837e-01
-1.867956000000035033e-01
5.329754666666630669e-01
5.097907999999975459e-01
-1.398230666666790967e-01
-1.382969333333505801e-01
-1.598516000000174131e-01
-1.648502666666828986e-01
5.577719999999786182e-01
5.452141333333173634e-01
6.192266666664636432e-02
4.548746666664982286e-02
-3.412088000000110810e-01
-3.545045333333405324e-01
-4.065429333333412387e-01
-4.045320000000032223e-01
-5.574388000000070065e-01
-5.623252000000107387e-01
-5.464580000000154314e-01
-5.436929333333466730e-01
-1.512585333333404947e-01
-1.487041333333394277e-01
5.884133333333352311e-02
5.416146666666321607e-02
-7.260121333333415805e-01
-7.261385333333407743e-01
5.818439999999469592e-02
6.375266666665879711e-02
3.207310533333327385e+00
3.205602533333333781e+00
2.496434266666668123e+00
2.493594666666673731e+00
1.953486800000000301e+00
1.955484933333330844e+00
1.086284000000006245e+00
1.070583866666673600e+00
1.138448400000008576e+00
1.139973333333344385e+00
7.958572000000074809e-01
7.983774666666789699e-01
5.412817333333421743e-01
5.521121333333383063e-01
-6.545243999999854623e-01
-6.506390666666561629e-01
-5.971833333333336213e-01
-5.995049333333355435e-01
-6.550029333333355908e-01
-6.469514666666640323e-01
-2.714111999999886393e-01
-2.654323999999874673e-01
4.447280000000830569e-02
4.694133333333638802e-02
-1.019840000000016289e-01
-1.014984000000040965e-01
-9.776733333333709197e-02
-1.086573333333404889e-01
-3.584201333333467687e-01
-3.666972000000114917e-01
-3.037876000000068188e-01
-3.660966666666780611e-01
-3.779345333333452572e-01
-4.118234666666751309e-01
-4.274081333333299426e-01
-4.572432000000006269e-01
-1.243458533333338778e+00
-1.245420400000000427e+00
-1.073778799999992373e+00
-1.026257199999989211e+00
-6.416149333333223126e-01
-6.004061333333226003e-01
-8.300785333333209337e-01
-7.923191999999872337e-01
-8.737053333332056582e-02
-6.744919999999154925e-02
-9.937549333333208779e-01
-9.735078666666510117e-01
-4.379550666666531811e-01
-4.264967999999811354e-01
-2.953427999999789222e-01
-2.816385333333144558e-01
-3.981942666666427044e-01
-4.017262666666496784e-01
4.370573333334704103e-02
4.903613333334533309e-02
1.156666666668115795e-02
6.419333333347765347e-03
-3.101342666666582204e-01
-3.034305333333335852e-01
-4.068573333333418418e-01
-4.027893333333452119e-01
-3.040506666666829005e-01
-3.065414666666868015e-01
3.961173333333150026e-01
3.964019999999877086e-01
2.138187999999985323e-01
2.146446666666719238e-01
4.657750533333341991e+00
4.659465600000011420e+00
2.741896000000011213e+00
2.749784800000014684e+00
1.673586400000026231e+00
1.683357600000029208e+00
3.813934666666938256e-01
3.875485333333585913e-01
-1.722905333333031308e-01
-1.755931999999731374e-01
-4.117645333333044277e-01
-4.048873333333062874e-01
-6.814061333333185644e-01
-6.801158666666609065e-01
-1.944763999999921111e-01
-1.850095999999936680e-01
-1.336331999999984532e-01
-1.505145333333288704e-01
1.451277333333393926e-01
1.344410666666675525e-01
-3.126217333333372039e-01
-3.166304000000010888e-01
-2.384409333333294967e-01
-2.366366666666621654e-01
-8.437350666666674215e-01
-8.365829333333323348e-01
-1.071502666666646064e-01
-1.044530666666574348e-01
-6.210243999999889297e-01
-6.150534666666516159e-01
-1.039658666666483100e-01
-1.110063999999795215e-01
2.244521333333509006e-01
2.277677333333443244e-01
3.754440000000869304e-02
5.730120000001193148e-02
-2.050177333333209617e-01
-1.980038666666530389e-01
-1.324613333333175547e-01
-6.518493333332031625e-02
-4.388874666666637836e-01
-4.044354666666691855e-01
-4.969130666666785601e-01
-4.767898666666781082e-01
-9.697101333333435491e-01
-9.605274666666758776e-01
-1.178948000000090701e-01
-1.125873333333373694e-01
-5.273364000000100305e-01
-5.226318666666784907e-01
-3.663390666666757056e-01
-3.614802666666747655e-01
-2.848341333333266334e-01
-2.811026666666549545e-01
7.521860000000089030e-01
7.651520000000076038e-01
8.376125333333348522e-01
8.514522666666692885e-01
4.818917333333274655e-01
4.914483999999958996e-01
-4.798866666666867786e-02
-3.930413333333149239e-02
8.392000000000621185e-03
2.089733333328069875e-03
2.975853333333304818e-01
3.000657333333336396e-01
-2.662411999999960699e-01
-2.726833333333260612e-01
5.892397333333434517e-01
6.069822666666766509e-01
-5.075573333333238679e-02
-3.485320000000058371e-02
-5.496665333333297099e-01
-5.313637333333431911e-01
2.592499999999944293e-01
2.650485333333350013e-01
1.925478666666720073e-01
1.944054666666730213e-01
7.326346666666765373e-01
7.354189333333351897e-01
7.268936000000110198e-01
7.288066666666779270e-01
2.431405333333387375e-01
2.340710666666652173e-01
-4.089479999998957283e-02
-3.973293333331895383e-02
-2.363995999999772835e-01
-2.400178666666477056e-01
-5.330151999999941381e-01
-5.211850666666677512e-01
5.136773333332911307e-02
5.991946666666336796e-02
-5.558610666666652378e-01
-5.324770666666580610e-01
-2.682941333333275225e-01
-2.519471999999964851e-01
-3.574243999999993093e-01
-3.458981333333284169e-01
-1.925766666666604010e-01
-1.770153333333226442e-01
3.483054666666802746e-01
3.589181333333542057e-01
4.375662666666855216e-01
4.496108000000162974e-01
6.083030666666786601e-01
6.141952000000188150e-01
-6.756345333333158010e-01
-6.577470666666513921e-01
-1.697166666666589663e-01
-1.697247999999902390e-01
-5.597330666666593402e-01
-5.666382666666578416e-01
9.494373333334493736e-02
1.012893333333408918e-01
4.014710666666729821e-01
4.057832000000090034e-01
-6.755919999999804304e-02
-5.697213333333905894e-02
-9.364586666666241399e-02
-7.728466666664957074e-02
2.606636000000079889e-01
2.770474666666729036e-01
3.634065333333396097e-01
3.738120000000080267e-01
3.232738666666818972e-01
3.286393333333492706e-01
-6.731911999999766749e-01
-6.659186666666485621e-01
-3.398514666666585526e-01
-3.191903999999965436e-01
-3.906266666666553533e-01
-3.784729333333274326e-01
2.230434666666738508e-01
2.413598666666700865e-01
2.325874666666720714e-01
2.398250666666754682e-01
-6.216333333333281530e-01
-6.303517333333346073e-01
-2.054785333333342123e-01
-1.989653333333336604e-01
-1.726533333332724851e-03
1.074226666666788788e-02
-6.219173333333571918e-02
-3.463573333333869186e-02
-6.895626666666743176e-02
-6.523680000000098289e-02
5.966470666666623401e-01
5.963909333333319296e-01
5.813336000000006720e-01
5.770062666666717632e-01
3.679125333333388426e-01
3.765888000000074953e-01
4.623082666666746832e-01
4.738077333333379215e-01
5.494477333333449565e-01
5.537977333333472529e-01
1.045089333333422132e-01
9.809013333334348772e-02
-3.819298666666597342e-01
-3.792798666666570284e-01
-1.935011999999858290e-01
-1.789925333333286517e-01
1.369879999999312759e-02
2.066013333332961111e-02
-4.192909333333361133e-01
-4.247620000000011942e-01
-8.688578666666799677e-01
-8.686637333333422362e-01
-8.695841333333405032e-01
-1.100448666666672182e+00
-1.101397200000008070e+00
-3.792697333333450160e-01
-3.714757333333480460e-01
9.754609333333164045e-01
9.651977333333192632e-01
3.203039999999859333e-01
3.142283999999833100e-01
-7.025480000002204406e-02
-6.974440000002601892e-02
-1.043498533333348632e+00
-1.041192533333344272e+00
-5.516456000000218296e-01
-5.431358666666881163e-01
2.284986666666455335e-01
2.315817333333072270e-01
1.597478666666418690e-01
1.653909333333132281e-01
-1.464696000000103027e-01
-1.441037333333383685e-01
-6.028213333333809487e-02
-5.861093333334110866e-02
-3.033866666676487966e-03
2.163733333325978947e-03
7.627338666666574341e-01
7.568690666666597622e-01
4.004322666666624286e-01
3.897198666666596978e-01
-4.265536000000054173e-01
-4.248134666666700809e-01
8.473333333333243900e-02
8.908653333332949842e-02
1.898213333332421371e-02
1.396466666666640322e-02
-1.095916000000016766e-01
-1.255117333333330976e-01
-1.414318666666574131e-01
4.281704000000061683e-01
4.095008000000106563e-01
-2.750334666666631733e-01
-2.783461333333292487e-01
2.056864000000118153e-01
2.061133333333486917e-01
3.117682666666752311e-01
3.046900000000078990e-01
-3.481999999991103323e-03
-7.574400000002867728e-03
-2.480246666666729993e-01
-2.663469333333381428e-01
-7.879370666666716261e-01
-7.998001333333419893e-01
2.469559999999830779e-01
2.349371999999831928e-01
2.505173333332066932e-02
1.686133333331696349e-02
3.596506666665533203e-02
2.282039999999341262e-02
1.336795999999864648e-01
1.193273333333166875e-01
-8.764760000001814433e-02
-1.007481333333544171e-01
2.771837333333238007e-01
2.784459999999953084e-01
1.505449333333288564e-01
1.370483999999976277e-01
-6.346120000000041728e-01
-6.544788000000067996e-01
-6.732930666666732122e-01
-6.750883999999999219e-01
-4.096507999999872141e-01
-4.134782666666509954e-01
-4.743399999998132444e-02
-5.631386666664894847e-02
-6.702799999998632074e-02
-9.367213333332813363e-02
-9.535079999999140909e-02
-5.346794666666525586e-01
-5.500369333333168242e-01
4.999656000000172185e-01
4.859717333333506417e-01
4.016278666666863728e-01
3.971700000000168984e-01
-2.137578666666541949e-01
-2.232133333333266023e-01
-1.428287999999966473e-01
-1.491190666666568632e-01
-1.593193333333360329e-01
-1.817028000000036059e-01
5.849737333333280276e-01
5.765814666666670973e-01
2.034391999999982659e-01
1.882080000000030395e-01
2.274167999999932022e-01
2.108167999999892572e-01
3.679267999999993322e-01
3.628819999999919332e-01
3.152871999999931063e-01
3.165407999999914068e-01
1.114399999984527767e-03
7.014666666655955396e-03
7.676649333333216418e-01
7.627049333333246750e-01
4.197849333333181221e-01
4.055537333333205652e-01
-4.563674666666770463e-01
-4.751042666666762671e-01
-4.123110666666747193e-01
-4.328122666666729401e-01
-1.879434666666668363e-01
-1.945807999999971116e-01
-6.364813333333785295e-02
-7.333000000000566843e-02
-1.755742666666648688e-01
-1.943149333333309414e-01
1.353190666666606035e-01
1.078497333333245933e-01
4.938652000000018916e-01
5.004105333333370709e-01
-1.048921333333368011e-01
-1.669839999999993552e-01
-1.715221333333261100e-01
-2.590785333333229801e-01
-8.179870666666531065e-01
-8.700985333333193239e-01
-2.185921333333240568e-01
-2.464707999999902199e-01
-2.440286666666580118e-01
-2.590746666666561282e-01
3.120600000000450791e-02
2.212053333334296212e-02
1.444409333333425138e-01
1.340062666666739233e-01
-6.144322666666610644e-01
-6.248903999999981806e-01
-1.301485866666666880e+00
-1.306161600000002920e+00
-1.276749733333339520e+00
-1.288397600000003251e+00
-5.945621333333406255e-01
-6.023065333333406102e-01
-6.818870666666754232e-01
-6.964689333333424770e-01
-3.946833333333472638e-01
-4.161018666666791432e-01
-3.578333333334882127e-02
-4.496253333334720992e-02
-7.169834666666830003e-01
-7.140861333333461403e-01
-4.810145333333437634e-01
-4.866621333333398525e-01
1.699389333333272134e-01
1.603767999999874405e-01
3.725374666666496637e-01
3.671053333333134105e-01
-1.118743066666688435e+00
-1.109642666666687205e+00
3.968752266666648154e+00
3.970437866666657101e+00
5.276368666666662932e+00
5.277927599999998165e+00
2.704655866666669795e+00
2.704361066666670865e+00
8.920785333333398626e-01
9.063192000000128701e-01
7.474338666666824338e-01
7.517873333333540131e-01
-5.151333333331109543e-02
-4.839266666665054117e-02
1.121004000000098699e-01
1.169484000000053925e-01
2.873954666666733715e-01
2.754640000000065925e-01
-2.215717333333273587e-01
-2.407210666666586008e-01
-5.312960000000543914e-02
-7.611573333333865321e-02
3.721603999999985035e-01
3.604069333333299596e-01
5.226057333333216093e-01
5.121390666666556513e-01
1.711013333333326614e-01
1.257963999999986981e-01
-7.505865333333403555e-01
-8.138313333333400124e-01
-1.526331199999994226e+00
-1.638520133333322804e+00
-9.692245333333247004e-01
-1.045989466666668477e+00
-9.126679999999893766e-01
-9.405687999999869930e-01
-9.211162666666510290e-01
-9.285561333333234302e-01
-1.646465866666652289e+00
-1.667470933333319749e+00
-1.675576799999987543e+00
-1.636111866666652759e+00
-1.504128666666652236e+00
-1.436609733333320094e+00
-1.736857866666653649e+00
-1.707232533333318258e+00
-2.088382133333318791e+00
-2.074383199999985550e+00
-1.301356133333321452e+00
-1.286479199999980949e+00
-8.797761333333227185e-01
-8.817451999999832424e-01
-8.805091999999987706e-01
-8.738439999999982888e-01
-3.466991999999962104e-01
-3.362051999999877694e-01
-4.562909333333280415e-01
-4.384137333333342212e-01
-9.171680000000037580e-02
-7.721173333333553046e-02
-2.035768000000075517e-01
-1.856146666666731448e-01
-3.291612000000085914e-01
-3.077777333333386878e-01
2.649679866666666328e+00
2.662747866666663299e+00
4.410803599999987057e+00
4.416360933333322691e+00
7.417809999999995796e+00
7.421402533333328222e+00
5.006914266666662172e+00
5.012323733333332143e+00
2.019086399999999060e+00
2.029733866666660447e+00
7.234041333333252055e-01
7.310065333333284343e-01
2.610501333333274943e-01
2.623122666666617420e-01
8.050337333333388301e-01
8.015306666666788260e-01
-1.650533333318549012e-03
-5.810933333322054750e-03
2.590717333333358852e-01
2.566334666666705289e-01
-4.003479999999939309e-01
-4.074590666666537686e-01
-6.436589333333202489e-01
-6.345191999999855170e-01
-1.683507999999847016e-01
-1.451935999999847127e-01
-6.139613333333215905e-01
-6.027733333333245014e-01
-6.963667999999927360e-01
-6.693861333333259722e-01
-1.674031866666659596e+00
-1.654486800000000812e+00
-1.171454133333341474e+00
-1.156505733333347052e+00
-9.408077333333508818e-01
-9.338869333333477130e-01
-1.010900666666678660e+00
-9.977722666666792861e-01
-6.567166666666821584e-01
-5.998920000000111941e-01
-7.929054666666743856e-01
-7.165114666666667631e-01
-1.093068399999999940e+00
-9.801967999999945391e-01
-2.575346666666575857e-01
-1.769453333333217415e-01
-3.279837333333261995e-01
-2.922462666666589826e-01
-1.236399999982040754e-03
2.001760000001695516e-02
-1.801130666666566071e-01
-1.643427999999929057e-01
1.612466666666776405e-01
1.839754666666735261e-01
3.204685333333330277e-01
3.363902666666618302e-01
-1.067214666666700396e-01
-7.991293333333260307e-02
-9.779293333333782812e-02
-9.190826666667106792e-02
-5.466834666666642306e-01
-5.455965333333310241e-01
-1.187147466666658602e+00
-1.171141866666658871e+00
-2.628754666666637263e-01
-2.596903999999966572e-01
-9.243045333333270719e-01
-9.190010666666594830e-01
-4.939905333333314275e-01
-4.959286666666642418e-01
1.790750666666625079e-01
1.762830666666630464e-01
6.312338666666690301e-01
6.281777333333309343e-01
-5.378400000005001402e-03
-3.488533333332100028e-03
-3.344290666666722700e-01
-3.330934666666749422e-01
-5.695946666667595082e-02
-6.010026666667300788e-02
1.987954666666666981e-01
1.998617333333356783e-01
2.022002666666722348e-01
2.167308000000076618e-01
5.912665333333535500e-01
5.987597333333525285e-01
3.785808000000230322e-01
3.816437333333553283e-01
3.247681333333432008e-01
3.313777333333334241e-01
3.623218666666616627e-01
3.761409333333247673e-01
1.014691999999968175e-01
1.049608000000006314e-01
-4.407366666666661104e-01
-4.422134666666650560e-01
4.757293333333336705e-01
4.731354666666618414e-01
5.850319999999982201e-01
5.795358666666672320e-01
-1.018490666666735933e-01
-1.073641333333412717e-01
3.687050666666564780e-01
3.750946666666479246e-01
1.020301333333151206e-01
9.972373333332029688e-02
-3.836534666666864268e-01
-3.808678666666835966e-01
1.540419999999897982e-01
1.603501333333241519e-01
3.952454666666582739e-01
4.106715999999934752e-01
-3.499440000000220152e-02
-3.597266666665888124e-02
2.888500000000178147e-01
2.881004000000118026e-01
3.536733333333401674e-01
3.528102666666725895e-01
-4.530113333333289916e-01
-4.457931999999971140e-01
-8.063222666666689520e-01
-7.981558666666614954e-01
-4.489653333333265550e-01
-4.424733333333321639e-01
1.660445333333413487e-01
1.716344000000091796e-01
-3.046766666666584911e-01
-3.022073333333210599e-01
-5.375873333333203163e-01
-5.410401333333183516e-01
3.506384000000153378e-01
3.562361333333470270e-01
2.645436000000174204e-01
2.586836000000189983e-01
3.128389333333458922e-01
3.241668000000075267e-01
9.730253333334104582e-02
1.015341333333452667e-01
-5.503707999999960521e-01
-5.501429333333334171e-01
-5.376837333333384095e-01
-5.323614666666713902e-01
-5.447568000000089228e-01
-5.359433333333427640e-01
-4.820812000000032072e-01
-4.797590666666664561e-01
-6.340680000000276095e-02
-5.368453333333889077e-02
-2.728482666666707246e-01
-2.632019999999926085e-01
3.462521333333441476e-01
3.547862666666787845e-01
6.069600000010666463e-03
1.118293333335174111e-02
2.990946666666900455e-01
3.000564000000238707e-01
-3.938413333330714750e-02
-4.134466666663882961e-02
-1.303051999999809141e-01
-1.408557333333178008e-01
3.396977333333452975e-01
3.321112000000070452e-01
1.782421333333417124e-01
1.880230666666733441e-01
3.608014666666718995e-01
3.566098666666661643e-01
8.046837333333343167e-01
7.882975999999928263e-01
-1.820321333333438929e-01
-1.834218666666771469e-01
1.317050666666546022e-01
1.305219999999920333e-01
-2.218766666666667220e-01
-2.050853333333293449e-01
4.534510666666591305e-01
4.591774666666594840e-01
8.049733333333364271e-02
6.877720000000664413e-02
1.457822666666643840e-01
1.352673333333314076e-01
-4.056880000000049336e-01
-4.142333333333354517e-01
-4.220914666666715220e-01
-4.621329333333363820e-01
-4.649226666666734786e-01
-2.345258666666651948e-01
-2.353998666666683448e-01
-5.995974666666725739e-01
-5.864928000000091401e-01
3.326533333328995923e-03
1.578133333332232269e-03
3.740154666666626326e-01
3.762987999999936051e-01
-2.121823999999961075e-01
-2.157933333333375003e-01
6.229279999999448592e-02
6.273346666665702287e-02
1.628807999999963840e-01
1.556466666666622700e-01
-5.545340000000038572e-01
-5.694466666666713195e-01
-1.747559999999737101e-02
-2.994493333332570728e-02
6.553216000000006147e-01
6.703109333333330255e-01
4.529505333333361250e-01
4.484009333333460745e-01
3.433573333333512778e-01
3.480812000000099715e-01
-9.448015999999839210e-01
-9.422769333333178565e-01
-3.518686666666468454e-01
-3.428262666666483938e-01
3.270889333333499849e-01
3.308613333333596529e-01
2.480721333333519851e-01
2.508698666666759891e-01
9.337093333333967848e-02
9.060320000001098606e-02
6.685733333334553663e-02
6.961146666667161753e-02
4.507573333333425580e-02
-3.519500000000022055e-01
-3.600512000000009039e-01
-8.156323999999912644e-01
-8.301322666666592909e-01
-8.448213333332432740e-02
-9.156919999998791582e-02
-1.140862666666606628e-01
-1.157093333333207852e-01
-1.274239999999338124e-02
-2.471919999999272477e-02
-4.189759999999864704e-01
-4.188446666666507667e-01
6.450366666666766946e-01
6.442234666666735166e-01
1.055650266666667392e+00
1.049709866666667324e+00
1.037489466666670523e+00
1.040378666666661900e+00
-5.516721333333407529e-01
-5.380530666666700768e-01
-2.795400000000825003e-02
-1.668480000000727159e-02
-3.846156000000036101e-01
-3.703548000000012053e-01
-5.603440000000006194e-01
-5.696524000000025012e-01
-4.149807999999950425e-01
-4.230530666666609818e-01
-4.028353333333285491e-01
-4.004586666666583028e-01
-2.374619999999936226e-01
-2.408961333333223820e-01
-3.593302666666602363e-01
-3.640094666666655598e-01
1.204671333333337202e+00
1.200155466666664950e+00
1.223402933333332498e+00
1.219224399999994546e+00
2.057093333333313012e-01
1.967516000000060217e-01
2.924374666666764710e-01
2.052437333333401170e-01
1.590753333333410069e-01
1.042479999999983420e-01
1.339493333333052760e-02
-2.437026666666497476e-02
1.264190666666706875e-01
1.080573333333347819e-01
-5.469114666666641256e-01
-5.614634666666589169e-01
-3.771021333333237635e-01
-3.796254666666598609e-01
-6.895622666666625378e-01
-6.828161333333255811e-01
-7.715737333333194670e-01
-7.611694666666508624e-01
-9.003010666666497741e-01
-9.128723999999905914e-01
-9.683139999999852421e-01
-9.762922666666469240e-01
-1.319246533333320315e+00
-1.332480399999987242e+00
-8.810775999999904684e-01
-8.964185333333176686e-01
-4.122130666666592447e-01
-4.320581333333279872e-01
-5.739459999999994011e-01
-5.883931999999987283e-01
-2.493087999999943349e-01
-2.562394666666634180e-01
-3.331534666666584599e-01
-3.495419999999995753e-01
-3.572023999999984767e-01
-3.502599999999915781e-01
-3.417521333333155553e-01
-3.403641333333169428e-01
-3.664177333333213937e-01
-3.711925333333141452e-01
5.045727466666690475e+00
5.045456000000022811e+00
3.378266400000015324e+00
3.382915733333341279e+00
2.091997466666676075e+00
2.094680266666678392e+00
7.491885333333456742e-01
7.491301333333453272e-01
7.264160000000430273e-02
5.282080000000632936e-02
1.970630666666792763e-01
1.978622666666751684e-01
-8.848066666666198898e-02
-1.707307999999940762e-01
-5.348931999999990694e-01
-6.386810666666633551e-01
-6.159491999999886502e-01
-6.857141333333274247e-01
-6.041389333333242462e-01
-6.468338666666682002e-01
-6.789577333333340903e-01
-7.119588000000121042e-01
-7.849484000000117589e-01
-8.063969333333460554e-01
-3.194240000000050372e-01
-3.308317333333405941e-01
-7.204217333333389206e-01
-7.295436000000066201e-01
-1.137100266666678294e+00
-1.140554400000013402e+00
-5.505812000000034345e-01
-5.567028000000036059e-01
-7.394477333333355773e-01
-7.436478666666630488e-01
-3.038420000000030541e-01
-3.044772000000008916e-01
-8.474597333333449001e-01
-8.493724000000142382e-01
-1.006155466666676546e+00
-9.339348000000029515e-01
-1.222115200000004620e+00
-1.169240533333336884e+00
-1.021963733333343782e+00
-9.861514666666764128e-01
-5.755981333333437533e-01
-5.542089333333422019e-01
3.089434666666548424e-01
3.156666666666509968e-01
-1.037225466666676255e+00
-1.027613866666676756e+00
4.894014799999986565e+00
4.901847999999986882e+00
6.425849333333317759e+00
6.438750399999982221e+00
3.773371199999985492e+00
3.784151066666659347e+00
1.717217599999990796e+00
1.719840533333325538e+00
6.657030666666656771e-01
6.733621333333346115e-01
2.813249333333374125e-01
2.876285333333399308e-01
4.492266666667887876e-02
6.317866666668692233e-02
-2.174459999999740489e-01
-2.065927999999743747e-01
-2.748045333333166695e-01
-2.710055999999880783e-01
-1.276721333333270536e-01
-1.168533333333243718e-01
-2.647473333333181245e-01
-2.613886666666545011e-01
-5.182801333333273419e-01
-5.104485333333315111e-01
-4.280857333333329962e-01
-4.269693333333393070e-01
-5.686614666666756079e-01
-5.728560000000086916e-01
-7.979394666666763669e-01
-7.906616000000070699e-01
-7.973047999999991475e-01
-7.914198666666720783e-01
-1.049238266666677077e+00
-1.041152533333338681e+00
-5.897845333333364692e-01
-5.525385333333403537e-01
-5.884794666666621765e-01
-5.758134666666592238e-01
-6.338602666666588448e-01
-5.562057333333214615e-01
-1.119015733333320384e+00
-1.015735333333317669e+00
-6.608681333333166208e-01
-5.924310666666485758e-01
2.120461333333523157e-01
2.560628000000235716e-01
-7.675333333330769392e-02
-4.689999999997951363e-02
3.307226666669293991e-02
4.891040000001822818e-02
-3.333007999999892945e-01
-3.243075999999902592e-01
-1.405725333333194271e-01
-1.307373333333217147e-01
4.065333333343801314e-03
2.146933333342815331e-03
6.983333333334229565e-02
6.945999999999941110e-02
4.500518666666692980e-01
4.544550666666680172e-01
5.638293333333379564e-01
5.624501333333356001e-01
5.236410666666628799e-01
5.271506666666567753e-01
6.999765333333201056e-01
7.070047999999857780e-01
-4.874520000000117648e-01
-4.848168000000114830e-01
-2.662470666666791885e-01
-2.606000000000108230e-01
-3.084880000000822520e-02
-2.447706666666960018e-02
-1.348696133333334046e+00
-1.333921733333333748e+00
-8.381510666666613929e-01
-8.252299999999905822e-01
2.273465333333319904e-01
2.369970666666674219e-01
-1.641921333333371535e-01
-1.630778666666685695e-01
-2.248726666666485130e-01
-2.301097333333146366e-01
-4.733731999999903906e-01
-4.700997333333276629e-01
-4.663727999999878193e-01
-4.713115999999857308e-01
1.765488000000132729e-01
1.704336000000097329e-01
4.167265333333389776e-01
4.204397333333389497e-01
6.952506666667090940e-02
7.307440000000298141e-02
8.861330666666731304e-01
8.901213333333330979e-01
9.107442666666614173e-01
9.146914666666674520e-01
4.091460000000068931e-01
4.113474666666689927e-01
5.825058666666720342e-01
5.973110666666698876e-01
3.267026666666694723e-01
3.392158666666631461e-01
-4.966853333333887122e-02
-3.201866666667285699e-02
8.274986666665284929e-02
7.917239999998315625e-02
-1.628232000000124913e-01
-1.684856000000110043e-01
-4.944021333333452617e-01
-4.865888000000140323e-01
-6.948534666666859039e-01
-7.031213333333496962e-01
-6.209961333333424705e-01
-6.139646666666678243e-01
-4.973445333333259555e-01
-4.756321333333204393e-01
-4.797901333333172147e-01
-4.663623999999870762e-01
3.098454666666867752e-01
3.172104000000146584e-01
4.467458666666814793e-01
4.588593333333506052e-01
7.242233333333487622e-01
7.334701333333413231e-01
8.950810666666768611e-01
9.045222666666745681e-01
-2.143709333333205791e-01
-1.913559999999989714e-01
1.784880000000299560e-02
2.333399999999841157e-02
1.326202666666631558e-01
1.477327999999999975e-01
2.339850666666691836e-01
2.423552000000057660e-01
7.578440000000128407e-01
7.595550666666781581e-01
-7.326039999998812391e-02
-6.833586666665780740e-02
6.617000000001382887e-02
6.495386666668423459e-02
-1.557146666666469059e-01
-1.573318666666452259e-01
2.360089333333590389e-01
2.353630666666930438e-01
6.040098666666935401e-01
6.006921333333536950e-01
-1.899261333333157609e-01
-1.967607999999785306e-01
-3.364989333333170407e-01
-3.394930666666553520e-01
-1.007087599999991312e+00
-1.008552133333324718e+00
-1.068160666666656766e+00
-1.073873333333324354e+00
-8.605394666666583703e-01
-8.636235999999968271e-01
-4.685554666666718049e-01
-4.628709333333418385e-01
-1.059863333333339597e+00
-1.052505733333340743e+00
-8.246957333333426732e-01
-8.171757333333431461e-01
-1.701089333333385412e-01
-1.605221333333375355e-01
-9.304116000000135500e-01
-9.399410666666838665e-01
1.763666666666097171e-02
1.749440000000390683e-02
1.026498666666739723e-01
1.020253333333442924e-01
6.290149333333445725e-01
6.345945333333347094e-01
6.203262666666660152e-01
6.212279999999950064e-01
5.394874666666638063e-01
5.312469333333353916e-01
7.025813333333346122e-01
6.982657333333364136e-01
3.157045333333385884e-01
3.067433333333440260e-01
3.445636000000078525e-01
3.421338666666713380e-01
3.074960000000075411e-01
3.137681333333475209e-01
2.456328000000169709e-01
2.370174666666784447e-01
-2.602633333333130849e-01
-2.712441333333188709e-01
-3.234350666666401253e-01
-3.448759999999779780e-01
4.299080000001254120e-02
1.654760000000976561e-02
-2.169606666666652472e-01
-2.328189333333341438e-01
-1.358674666666672692e-01
-1.449360000000083915e-01
-1.620625333333407525e-01
6.177306666666027013e-02
4.754586666665261419e-02
1.457026666665228731e-02
1.434399999993729580e-03
2.927293333333196301e-01
2.719361333333196740e-01
-2.683238666666767358e-01
-2.827242666666762716e-01
-1.719594666666779403e-01
-1.892509333333407540e-01
-5.940530666666816728e-01
-5.975230666666817569e-01
2.689869333333305690e-01
2.704746666666650867e-01
1.276841333333180728e-01
1.350035999999903424e-01
-1.802800000000104319e-02
-7.727599999995504731e-03
1.363958666666675867e-01
1.411879999999996471e-01
5.676106666667379841e-02
6.928080000000846894e-02
-2.034578666666604363e-01
-1.966119999999946799e-01
1.311160000000057835e-01
1.244804000000030442e-01
1.629801333333347202e-01
1.478458666666639942e-01
2.492574666666627081e-01
2.314690666666621155e-01
5.361535999999915703e-01
5.306122666666581722e-01
-6.437933333334200370e-02
-8.772293333334602039e-02
-2.230124000000088813e-01
-2.356282666666729142e-01
-2.482441333333369471e-01
-2.638121333333316443e-01
-2.790068000000047732e-01
2.640663999999901534e-01
2.513583999999937646e-01
5.309546666665454495e-02
4.491853333332329612e-02
5.237502666666600248e-01
5.174808000000012953e-01
8.082671999999959667e-01
7.981662666666693440e-01
2.740270666666617672e-01
2.598294666666660646e-01
-1.427402666666637288e-01
-1.467790666666530797e-01
-6.555806666666512683e-01
-6.555167999999795825e-01
-7.060109333333102200e-01
-7.107315999999812561e-01
-6.781951999999833447e-01
-6.833874666666517328e-01
-1.223725333333312904e+00
-1.226028666666650224e+00
-8.391407999999884737e-01
-8.406179999999849883e-01
9.074680000001222879e-02
7.496920000001239259e-02
1.959370666666870875e-01
1.664336000000190552e-01
2.756020000000134473e-01
2.180442666666735363e-01
-3.157790666666642210e-01
-3.411723999999978219e-01
7.674053333333361593e-01
7.508024000000048659e-01
4.116320000000683876e-02
2.846720000000857453e-02
1.166466666666821084e-02
4.292721333333275879e-01
4.172899999999941656e-01
2.074678666666613935e-01
2.100381333333274370e-01
1.747284000000064452e-01
1.750694666666703370e-01
-4.807394666666553462e-01
-4.795273333333227583e-01
-6.175520000000034315e-02
-5.291346666666640886e-02
-1.312017333333344027e-01
-1.330633333333324231e-01
-3.201493333332194879e-02
-3.795879999998419407e-02
-5.026926666666540200e-01
-5.105799999999973693e-01
-3.206173333333381947e-01
-3.205570666666659463e-01
-1.507767999999956032e-01
-1.485657333333278984e-01
-4.594346666666595524e-01
-4.702755999999865821e-01
-8.232065333333267176e-01
-8.343237333333348715e-01
5.606590666666591005e-01
5.613178666666627237e-01
1.638566666666662286e+00
1.639124000000009573e+00
3.862541333333346927e+00
3.866237866666686784e+00
1.773354400000016540e+00
1.776700000000012380e+00
5.462156000000177869e-01
5.590862666666751579e-01
1.576769333333345458e-01
1.612334666666725980e-01
4.804114666666734479e-01
4.915994666666705371e-01
1.511337333333315769e-01
1.693579999999954566e-01
-3.579809333333372479e-01
-3.495198666666752274e-01
-3.687817333333498482e-01
-3.691736000000176432e-01
3.311119999999334595e-02
2.246600000000142927e-02
-3.256761333333315633e-01
-4.042082666666644286e-01
-1.565753333333219643e-01
-1.964923999999825810e-01
-2.941885333333260633e-01
-3.110546666666635929e-01
-6.959358666666588533e-01
-7.156970666666566672e-01
-1.372529866666653220e+00
-1.385372666666654595e+00
-1.511110133333325223e+00
-1.515057599999991567e+00
-1.084352266666655851e+00
-1.093226933333319550e+00
-7.010055999999948995e-01
-7.141342666666545824e-01
-6.326146666666474516e-01
-6.194850666666482653e-01
-4.414497333333144979e-01
-4.221243999999799712e-01
-4.292662666666444693e-01
-3.692781333333172711e-01
-8.244757333333225802e-01
-8.017733333333225687e-01
-3.975034666666559247e-01
-3.963735999999897786e-01
-4.007674666666645180e-01
-9.736693333333263922e-01
-9.701046666666641727e-01
-1.060853599999994401e+00
-1.063075066666662849e+00
-5.258970666666726856e-01
-5.302630666666772186e-01
9.640213333332781076e-02
9.672573333333644996e-02
2.151042666666711511e-01
2.261385333333407743e-01
5.744567466666666178e+00
5.751321599999997147e+00
2.764902799999994443e+00
2.765577999999997871e+00
1.145380133333340211e+00
1.150014533333347799e+00
8.990036000000074523e-01
8.847844000000009146e-01
5.558887999999981844e-01
5.394366666666599031e-01
2.967546666667431055e-02
1.572040000000640703e-02
5.839773333333653227e-02
5.047613333333345054e-02
1.683373333334259314e-02
1.163600000000286627e-02
-5.611669333333395571e-01
-5.697880000000097311e-01
5.151573333333203664e-02
6.302560000000312357e-02
-7.443162666666651717e-01
-7.257032000000052108e-01
-1.342986666666945439e-02
-7.378533333337600197e-03
3.764653333333356500e-01
3.815744000000051983e-01
3.851197333333331585e-01
9.976506666667006584e-02
8.838666666667194249e-02
1.522782666666699924e-01
1.340238666666593303e-01
-2.591905333333386352e-01
-2.645092000000062171e-01
-6.404178666666737740e-01
-6.308376000000066597e-01
-1.011627333333343870e+00
-9.967134666666765952e-01
-9.303996000000012145e-01
-8.468685333333354492e-01
-1.986746666666761030e-02
3.768586666666351448e-02
-2.825308000000035236e-01
-2.480250666666634629e-01
8.353806666666585556e-01
8.623666666666665037e-01
4.128326666666737310e-01
4.297761333333482980e-01
1.376496000000102526e-01
1.466096000000050026e-01
1.426396000000025310e-01
1.483565333333274339e-01
3.551334666666647877e-01
3.616377333333389288e-01
6.932820000000035066e-01
6.916513333333469404e-01
-6.610893333333152100e-01
-6.477445333333164967e-01
-1.234269733333320573e+00
-1.232675466666663056e+00
-7.668511999999907403e-01
-7.533587999999795670e-01
-2.660563999999823181e-01
-2.451174666666489088e-01
-1.068985333333145604e-01
-8.590386666665494886e-02
4.781588000000098759e-01
4.945481333333390239e-01
9.343310666666653219e-01
9.479618666666596027e-01
5.208131999999920936e-01
5.232991999999967447e-01
2.951399999999892998e-02
3.821133333332937809e-02
-2.454662666666749260e-01
-2.417036000000081231e-01
1.245344000000017104e-01
1.299965333333403805e-01
-8.895583999999914226e-01
-8.797310666666575685e-01
-7.722806666666528486e-01
-7.612797333333176653e-01
-4.139734666666612384e-01
-3.862725333333330013e-01
6.723480000000847667e-02
8.909320000000775508e-02
2.081606666666715455e-01
2.228658666666660793e-01
5.370886666666692122e-01
5.555089333333285140e-01
4.945199999999942975e-01
5.166858666666627187e-01
5.900369333333301824e-01
6.102020000000081268e-01
1.011022666666718806e-01
9.578760000000130503e-02
1.369146666666622991e-01
1.213016000000024519e-01
-8.063173333333395476e-02
-8.765706666667227864e-02
-2.627449333333373716e-01
-2.520974666666617736e-01
-2.440662666666497671e-01
-2.161838666666469067e-01
-1.245091999999843324e-01
-9.907719999998931826e-02
2.141466666666786978e-01
2.483470666666889315e-01
7.376370666666929310e-01
7.655120000000223968e-01
-4.960413333331104013e-02
-3.381119999997395098e-02
-4.211719999997853847e-02
-4.001506666664766954e-02
-1.091490666666530274e-01
-9.113826666664692766e-02
3.291534666666819930e-01
3.313880000000111181e-01
-1.307986666666494102e-01
-1.328063999999784528e-01
-3.341165333333151466e-01
-3.280890666666493871e-01
-3.546294666666440776e-01
-3.420127999999778012e-01
-1.006250666666517191e-01
-8.988973333332239690e-02
-3.667185333333193853e-01
-3.507714666666501557e-01
-4.157789333333212767e-01
-4.109629333333231216e-01
6.967773333335003372e-02
7.364826666668022881e-02
6.306721333333484836e-01
6.312576000000120757e-01
8.050789333333412401e-01
8.091152000000008115e-01
6.307346666666688861e-01
6.406304000000062615e-01
-2.034489333333269201e-01
-2.068994666666696958e-01
-1.385745733333344276e+00
-1.387047866666677010e+00
-6.568966666666824494e-01
-6.507444000000148776e-01
-8.760700000000127829e-01
-8.759234666666770863e-01
-8.310016000000075564e-01
-8.189817333333451188e-01
-4.032944000000071583e-01
-4.060409333333439008e-01
3.305822666666529130e-01
3.233170666666609350e-01
-5.163222666666698046e-01
-5.142908000000048219e-01
-3.584215999999997848e-01
-3.522952000000003636e-01
6.845066666666355104e-02
6.825866666666513538e-02
-2.149679999999989377e-01
-2.190027999999983876e-01
-2.855786666666588758e-01
-2.924463999999957764e-01
-5.385186666666896826e-02
-5.520240000000598002e-02
-1.516304000000161523e-01
-1.620713333333441142e-01
5.791629333333290219e-01
5.708501333333302341e-01
6.791333333333398059e-01
6.884208000000100469e-01
4.478032000000027324e-01
4.589573333333305527e-01
2.680415999999965493e-01
2.907736000000014087e-01
-3.208623999999957732e-01
-3.186434666666642102e-01
4.988101333333290199e-01
4.835783999999918592e-01
2.873654666666567437e-01
2.598602666666565142e-01
-2.604822666666706255e-01
-2.771318666666644503e-01
4.356720000000038340e-01
4.153029333333364548e-01
-3.415106666666645197e-02
-5.025999999999442025e-02
2.102020000000095479e-01
1.977854666666729599e-01
5.138608000000033371e-01
5.090197333333321694e-01
-2.802161333333330617e-01
-2.882030666666679508e-01
-1.852528000000077668e-01
-1.925992000000107396e-01
-1.862445333333440090e-01
-1.910569333333427267e-01
-1.149969333333444865e-01
-1.173706666666802789e-01
5.356853333331912381e-02
4.889853333332183638e-02
-1.389090666666774609e-01
-1.369145333333463554e-01
2.540841333333219154e-01
2.518913333333259175e-01
2.026506666665284229e-02
1.239786666666020665e-02
-8.388192000000032067e-01
-8.525184000000081141e-01
-4.497792000000018220e-01
-4.598189333333309037e-01
-1.168413599999986729e+00
-1.175679599999988056e+00
1.672581333333411635e-01
1.508648000000079037e-01
6.026426666666679921e-01
5.868613333333385640e-01
3.140458666666745557e-01
2.941109333333429277e-01
1.840049333333482195e-01
1.649229333333437353e-01
1.993288000000106308e-01
1.890716000000125518e-01
-1.077935999999866112e-01
-1.216786666666536121e-01
5.940133333346864219e-03
-4.973733333315522032e-03
1.598408000000191009e-01
1.609268000000199095e-01
-4.437179999999756319e-01
-4.569770666666457259e-01
-3.685333333333176142e-01
-3.874023999999920420e-01
-1.753835999999964201e-01
-1.895055999999968321e-01
-6.657194666666654825e-01
-6.836202666666650885e-01
-5.890091999999995664e-01
-5.955507999999980484e-01
-8.619873333333387677e-01
-8.689040000000147757e-01
-6.477577333333428555e-01
-6.429152000000044609e-01
5.370543999999952689e-01
5.358622666666619239e-01
1.071065866666664590e+00
1.058686000000001570e+00
5.200744000000057099e-01
5.103037333333375614e-01
7.885533333332972461e-02
5.030466666666200126e-02
9.244906666666707906e-02
9.200839999999743668e-02
8.783530666666621300e-01
8.816483999999960020e-01
1.027755999999989456e+00
1.025855466666655502e+00
4.562919999999905940e-01
4.555043999999881521e-01
5.260297333333170400e-01
5.185721333333148664e-01
3.498594666666505759e-01
3.486697333333168558e-01
3.975185333333186577e-01
3.869627999999849521e-01
-2.026665333333426133e-01
-2.078466666666756169e-01
8.160426666665188122e-02
5.990599999998380554e-02
5.692543999999770676e-01
5.530342666666427931e-01
1.919511999999770069e-01
1.809765333333146486e-01
5.318455999999827100e-01
5.194571999999837431e-01
-1.692620000000104596e-01
-2.311202666666716254e-01
-4.546506666666729757e-01
-5.488285333333351446e-01
-1.131754933333333213e+00
-1.197723999999993794e+00
-1.034852133333330926e+00
-1.085110266666660550e+00
-1.104586133333334885e+00
-1.118321999999999150e+00
-9.055346666666679312e-01
-9.169273333333407550e-01
-2.152921333333424059e-01
-2.263269333333468580e-01
-9.879422666666783925e-01
-9.999376000000097520e-01
-8.245737333333451602e-01
-8.261598666666714053e-01
-6.758493333333461806e-01
-6.603988000000100556e-01
-8.194422666666696387e-01
-8.115457333333324641e-01
-2.587361333333362268e-01
-2.521837333333394326e-01
-9.987014666666667040e-01
-9.978993333333363580e-01
-1.561145333333371354e-01
-1.523606666666736942e-01
-3.880482666666793534e-01
-3.851621333333454800e-01
2.651982666666583555e-01
2.763091999999858217e-01
-1.612706666667662603e-02
-1.242706666666748561e-02
-1.759962666666723408e-01
-1.756762666666773498e-01
-5.276393333333402325e-01
-5.258842666666723176e-01
3.287263466666658474e+00
3.286480933333329801e+00
5.450148533333340595e+00
5.449334000000007450e+00
3.549163199999995300e+00
3.533000666666666234e+00
3.519679866666663770e+00
1.312666800000009459e+00
1.297087199999999996e+00
5.723581333333385146e-01
5.581881333333313933e-01
1.037279999999896063e-01
9.801013333332520006e-02
2.186007999999759477e-01
2.045765333333093849e-01
1.979719999999787206e-01
1.937267999999789936e-01
-9.794944000000072037e-01
-1.019377466666675502e+00
-1.104280533333337644e+00
-1.191409466666669914e+00
-1.270286800000000937e+00
-1.170371200000012379e+00
-1.216320266666684802e+00
-9.985222666666757618e-01
-1.030904400000004273e+00
-1.225262000000014950e+00
-1.242429600000008350e+00
-1.778966400000001613e+00
-1.797836666666682959e+00
-2.122417733333350043e+00
-2.124105466666676989e+00
-1.044404666666672199e+00
-1.040886533333335251e+00
-1.133976799999999230e+00
-1.133780266666661873e+00
-8.779562666666507198e-01
-8.800389333333313857e-01
-1.318662533333323950e+00
-1.274163466666649924e+00
-1.356616933333299357e+00
-1.277466399999966029e+00
-5.641731999999706204e-01
-5.074105333333065460e-01
-2.869778666666391587e-01
-2.657579999999697407e-01
-1.260781333333156340e-01
-1.086647999999783565e-01
-1.249146666664557870e-02
-3.817333333309136378e-03
-1.217831999999745562e-01
-1.136050666666434950e-01
-6.619069333333200689e-01
-6.399311999999781619e-01
2.189744533333346510e+00
2.195686800000011374e+00
5.578129066666683400e+00
5.576697066666682190e+00
4.956395066666686944e+00
4.955345066666680509e+00
3.030932266666674479e+00
3.034150799999999037e+00
1.272529466666675546e+00
1.281397866666672769e+00
9.872072000000002845e-01
9.940502666666617415e-01
8.900195999999951368e-01
8.879398666666489248e-01
2.364195999999907372e-01
2.273719999999883612e-01
-4.682518666666837248e-01
-4.612522666666762916e-01
-3.690218666666709169e-01
-3.683865333333358194e-01
-5.505293333333369787e-01
-5.491701333333409707e-01
-2.275106666666744104e-01
-2.357829333333398836e-01
-6.784330666666704701e-01
-6.933438666666660311e-01
-9.131729333333282739e-01
-9.126530666666567981e-01
-4.357509333333240420e-01
-4.358815999999876567e-01
-8.565127999999901931e-01
-8.397811999999973409e-01
-6.057994666666672856e-01
-5.954479999999975348e-01
-4.249650666666653365e-01
-4.157854666666693788e-01
-1.448845599999998512e+00
-1.443865199999997628e+00
-1.330478800000008732e+00
-1.287493733333342050e+00
-6.464186666666691394e-01
-5.511632000000048492e-01
-4.928093333333336545e-01
-4.110343999999912512e-01
-5.035347999999899571e-01
-4.518399999999900274e-01
-5.737050666666547727e-01
-5.422586666666546762e-01
-5.361022666666599434e-01
-5.123061333333325251e-01
-3.369665333333244917e-01
-3.168979999999876895e-01
-9.713279999999713255e-02
-8.042533333333068413e-02
-1.910752000000002226e-01
-1.848373333333270807e-01
2.054337333333364768e-01
2.086827999999982808e-01
4.155485333333359677e-01
4.258644000000089136e-01
6.754176000000100544e-01
6.931081333333395378e-01
1.047084666666670216e+00
1.059087466666667865e+00
5.703207999999975186e-01
5.788613333333287869e-01
8.061845333333295116e-01
8.256566666666600440e-01
-3.067089333333470336e-01
-2.932618666666755303e-01
2.803378666666631602e-01
2.880053333333236765e-01
2.590803999999877760e-01
2.747306666666489150e-01
3.504333333331999256e-02
4.062226666665935682e-02
4.497466666656180223e-03
7.417199999984802616e-03
-5.260688000000115494e-01
-5.176753333333437013e-01
-1.174938666666847098e-01
-1.164872000000158891e-01
2.128981333333257453e-01
2.273662666666709242e-01
-1.002533333333133214e-02
7.202266666666901074e-03
2.971661333333344146e-01
3.149270666666694751e-01
5.103070666666624788e-01
5.237122666666635951e-01
1.467248000000012098e-01
1.568128000000115208e-01
2.494973333333447840e-01
2.610192000000068901e-01
5.882961333333369680e-01
6.053525333333382719e-01
-9.110306666665479725e-02
-6.323879999998638368e-02
-2.585427999999936333e-01
-2.269999999999896545e-01
-1.966165333333123044e-01
-1.594258666666448221e-01
-8.291413333331121294e-02
-6.366773333331110507e-02
-3.872585333333091739e-01
-3.649074666666436428e-01
-3.280391999999849872e-01
-3.262061333333221569e-01
3.327272000000149887e-01
3.459158666666866111e-01
-7.830213333330959813e-02
-6.689013333330962041e-02
-3.381686666666468000e-01
-3.242269333333140935e-01
-4.044386666665644725e-02
-2.286106666665688181e-02
1.300113333333356991e-01
1.308274666666733310e-01
6.622325333333378694e-01
6.688254666666679782e-01
-4.783868000000026655e-01
-4.635018666666681497e-01
-8.088884000000007291e-01
-7.941542666666663308e-01
-8.370598666666637655e-01
-8.238334666666631279e-01
-3.286560000000022796e-01
-3.093149333333329309e-01
1.618738666666672543e-01
1.716421333333357779e-01
-4.301733333333146447e-02
-3.212680000000034397e-02
-5.293439999999804968e-02
-4.153199999999657166e-02
-6.446175999999965711e-01
-6.432131999999981531e-01
-6.891525333333277104e-01
-6.940818666666572767e-01
-7.736268000000023903e-01
-7.716317333333364559e-01
7.029960000000556875e-02
6.433093333333772534e-02
4.313760000000854689e-02
4.233426666667128302e-02
4.362978666666705863e-01
4.376214666666697894e-01
1.470733333333384962e-01
1.509252000000032012e-01
2.423706666666731735e-01
2.393161333333395646e-01
-1.978755999999961546e-01
-2.037973333333340520e-01
-5.201119999999974652e-01
-5.206966666666801302e-01
2.039941333333246121e-01
2.149649333333201184e-01
1.860660000000038394e-01
1.982570666666703119e-01
-8.943346666667650879e-02
-8.558400000001142871e-02
-3.303148000000106776e-01
-3.364955999999921232e-01
4.055706666667191485e-02
3.150973333333695336e-02
-2.526810666666605698e-01
-2.538518666666575996e-01
7.025506666667524769e-02
6.957200000000796081e-02
6.096226666667803329e-02
3.246125333333438334e-01
3.110629333333392310e-01
3.311033333333313067e-01
3.155067999999943140e-01
5.486402666666663208e-01
5.356662666666736072e-01
-2.357733333326450520e-03
-2.407906666666548290e-02
5.974396000000012918e-01
5.870671999999999002e-01
-1.563751999999993814e-01
-1.564833333333268683e-01
-2.863114666666533026e-01
-2.964891999999963446e-01
1.533830666666702314e-01
1.389517333333358806e-01
2.056103999999976395e-01
1.910705333333240219e-01
1.121006666666630736e-01
9.776693333333952296e-02
-4.643679999999505981e-02
-6.349946666666284045e-02
-8.046821333333369353e-01
-8.048475999999951114e-01
-3.711730666666639422e-01
-3.716789333333281320e-01
-9.047747999999842250e-01
-9.132633333333188830e-01
-5.264218666666593549e-01
-5.494813333333326000e-01
-4.188308000000020570e-01
-4.326717333333292004e-01
-5.576426666666662868e-01
-5.680786666666648443e-01
-1.580046666666632404e-01
-1.637761333333358493e-01
1.994023999999896546e-01
1.957510666666593124e-01
5.340098666666577287e-01
5.342023999999909734e-01
8.387279999999464053e-02
8.315519999999310130e-02
-1.519460000000094624e-01
-1.562761333333355651e-01
4.069030666666648699e-01
4.036637333333317201e-01
4.057309333333307677e-01
4.050553333333368755e-01
-3.956045333333335634e-01
-4.082796000000001868e-01
7.251757333333301858e-01
7.215725333333224967e-01
7.487233333333236374e-01
7.425923999999923808e-01
8.401826666666494248e-01
8.313879999999826964e-01
3.750042666666502100e-01
3.688490666666552897e-01
2.499022666666590453e-01
2.441554666666618800e-01
-3.248162666666729592e-01
-3.383017333333384613e-01
-3.615626666666713618e-01
-3.653431999999980917e-01
-6.906493333332264228e-02
-8.374813333332298271e-02
7.611097333333489701e-01
7.400312000000113244e-01
4.157121333333435587e-01
3.985646666666724514e-01
-1.584545333333196027e-01
-1.763706666666493561e-01
-2.137299999999910938e-01
-2.196933333333319638e-01
-3.797473333333343248e-01
-3.823057333333252927e-01
-3.963837333333231072e-01
-4.080145333333291546e-01
-3.238082666666599607e-01
-3.884777333333246929e-01
6.335346666666907822e-02
1.910466666666366109e-02
-6.243440000000077816e-01
-6.452639999999973952e-01
-2.152675999999971168e-01
-2.274528000000017869e-01
-8.328413333333628543e-02
-1.056853333333336309e-01
-9.228917333333370721e-01
-9.145286666666763153e-01
-2.562073333333501068e-01
-2.452874666666673420e-01
4.787093333333558576e-02
6.342200000000275395e-02
-1.893733333333287305e-01
-1.824766666666661763e-01
-3.375607999999985509e-01
-3.279927999999898702e-01
-4.695257333333273664e-01
-4.740189333333333366e-01
-7.727495999999973719e-01
-7.751263999999906673e-01
-4.882977333333258230e-01
-4.847335999999913270e-01
4.052008000000029142e-01
4.104660000000066589e-01
2.705406666666831939e-01
2.686160000000157311e-01
2.060328000000168913e-01
1.931238666666885706e-01
-2.960690666666536686e-01
-3.075365333333266449e-01
-2.075441333333287730e-01
-2.142543999999872995e-01
7.975316000000205463e-01
7.896842666666827881e-01
4.310124933333355557e+00
4.309293733333355192e+00
2.546141466666689723e+00
2.548688133333364192e+00
1.367993333333366479e+00
1.375679466666703377e+00
7.309984000000326887e-01
7.382918666666924423e-01
7.238005333333603630e-01
7.268613333333604487e-01
-4.403393333333127657e-01
-4.438219999999830634e-01
-6.057829333333231148e-01
-6.046922666666603163e-01
-8.445566666666550759e-01
-8.380217333333206398e-01
-6.326353333333258888e-01
-6.238014666666629182e-01
-9.285175999999921714e-01
-9.395954666666597177e-01
-4.515695999999991272e-01
-5.304157333333350266e-01
-7.874722666666684745e-01
-8.432040000000000646e-01
-1.033544266666666545e+00
-1.060628933333333634e+00
-3.493572000000000344e-01
-3.615974666666659232e-01
-1.292753333333322985e-01
-1.309031999999987761e-01
1.492205333333416206e-01
1.439142666666839432e-01
1.698786666667473355e-02
2.322146666667634918e-02
-4.806401333333241155e-01
-4.687017333333187707e-01
-3.815033333333275323e-01
-3.635549333333258915e-01
-7.211607999999927188e-01
-6.544066666666665810e-01
-3.458779999999990196e-01
-3.036793333333278611e-01
-1.269073199999994017e+00
-1.242147066666660749e+00
-7.490553333333309638e-01
-7.363736000000002946e-01
-2.409401333333320849e-01
-2.298466666666740821e-01
-5.537736000000066383e-01
-5.583505333333320664e-01
-2.593801333333232151e-01
-2.670397333333269785e-01
-3.966918666666643389e-01
-3.988939999999985275e-01
-8.366931999999920322e-01
-8.396823999999867283e-01
4.870481333333529506e-01
4.808986666666825727e-01
5.411906133333346247e+00
5.404013600000020290e+00
3.369495066666679861e+00
3.362586533333342231e+00
1.493108133333343801e+00
1.487049733333343227e+00
1.252330533333349649e+00
3.217240000000174405e-01
3.312868000000150914e-01
5.662184000000038964e-01
5.825557333333364340e-01
-7.369609333333286827e-01
-7.168130666666669981e-01
-1.022019466666655774e+00
-1.019823199999983387e+00
-4.481727999999876033e-01
-4.435590666666584525e-01
-5.644390666666510015e-01
-5.574771999999867944e-01
-4.790175999999917167e-01
-4.694169333333277905e-01
-4.911867999999941503e-01
-4.964775999999986311e-01
-9.880106666666677029e-02
-1.046690666666663105e-01
-1.100826666666421261e-02
-5.999599999995552935e-03
5.905733333335660973e-03
-2.266933333331166978e-03
4.476413333333795208e-02
3.182360000000272748e-02
-6.168010666666603470e-01
-6.131150666666584925e-01
-3.463081333333235534e-01
-3.466786666666550332e-01
-4.170205333333214526e-01
-3.952006666666605383e-01
2.487621333333436269e-01
3.268269333333435611e-01
1.550906666666733713e-01
2.044096000000124036e-01
5.623693333334500721e-02
8.538866666668099015e-02
1.145404000000098677e-01
-6.874773333331773983e-02
-5.357986666665937037e-02
-2.576238666666554877e-01
-2.360425333333253661e-01
-6.294409333333277345e-01
-6.217751999999947543e-01
2.093636000000032027e-01
2.057420000000007576e-01
8.615386666667035342e-02
8.619853333333082901e-02
-5.088884000000035712e-01
-5.052853333333331420e-01
-4.345318666666670993e-01
-4.312329333333266845e-01
-3.045497333333315737e-01
-3.028026666666647770e-01
2.331994666666759031e-01
2.509676000000098384e-01
-6.833426666665332050e-02
-5.495799999997785790e-02
6.219737333333554830e-01
6.298664000000187002e-01
1.304828266666696379e+00
1.316424266666693654e+00
-4.828279999997420191e-02
-4.726999999998326984e-02
-1.813719999999818810e-01
-1.814189333333118270e-01
-5.202489333333133459e-01
-5.286707999999862295e-01
1.864840000000071996e-01
1.895321333333370717e-01
3.299532000000056087e-01
3.387363999999948305e-01
-3.852000000001964963e-03
1.744000000002188244e-03
7.340000000006341452e-03
-1.182166666666617516e-01
-1.199760000000011928e-01
-3.778639999999953147e-01
-3.801107999999899789e-01
-6.857229333333236809e-01
-6.991510666666584939e-01
-1.760430666666650268e-01
-1.741307999999932576e-01
1.149944000000076016e-01
1.096354666666599087e-01
-2.854177333333467459e-01
-2.880972000000099342e-01
-1.957802666666736968e-01
-1.977710666666752104e-01
-1.072366666666795254e-01
-1.017217333333420015e-01
-8.956562666666698647e-01
-8.909781333333341991e-01
-4.534051999999988425e-01
-4.447510666666687484e-01
-1.867666666667133768e-02
-1.076893333333828195e-02
-2.193351999999961777e-01
-2.053551999999854161e-01
-4.327159999998997364e-02
-3.924386666665213852e-02
3.115233333333407018e-01
3.196896000000037930e-01
8.811401333333392927e-01
8.844420000000070559e-01
6.539754666666652838e-01
6.616160000000093078e-01
-1.807546666665871271e-02
-1.783586666665826215e-02
3.418386666667316831e-02
4.465520000000822165e-02
5.867533333334051804e-02
4.133954666666781463e-01
4.218052000000085400e-01
2.441149333333427762e-01
2.344852000000017256e-01
6.445054666666791832e-01
6.346449333333481491e-01
3.048244000000153164e-01
2.961506666666764431e-01
7.207569333333410100e-01
7.172013333333566720e-01
-8.778426666664529421e-02
-8.145666666664652666e-02
-5.835906666664669729e-02
-5.568359999998051535e-02
-4.913981333333126145e-01
-4.844613333333143146e-01
1.089354666666721982e-01
1.055028000000035604e-01
-5.275398666666575309e-01
-5.286051999999941131e-01
1.955594666666726766e-01
2.044668000000058328e-01
4.221741333333426383e-01
4.205406666666746673e-01
-2.091127999999926601e-01
-2.100597333333311667e-01
-6.519666666666523724e-01
-6.562487999999859767e-01
-6.271009333333310565e-01
-6.091247999999964691e-01
-1.960186666666601241e-01
-1.900578666666632444e-01
4.993029333333325326e-01
4.988327999999953022e-01
-6.198973333333341884e-01
-6.123523999999989087e-01
-8.709674666666700205e-01
-8.677988000000098623e-01
-5.659174666666757503e-01
-5.506286666666753149e-01
5.565287999999881663e-01
5.662238666666539189e-01
3.010542666666609080e-01
3.204201333333358548e-01
7.787798666666674308e-01
7.879745333333261215e-01
7.120762666666564655e-01
7.218818666666564354e-01
-4.206182666666791192e-01
-4.307220000000100413e-01
-7.147213333333723995e-02
-8.274146666666837291e-02
-3.327759999999955198e-01
-3.499014666666582229e-01
-3.731274666666664075e-01
-3.837735999999978276e-01
-1.558645333333217309e-01
-1.630755999999919936e-01
-4.814769333333259738e-01
-4.857659999999839329e-01
8.959893333334889576e-02
9.269520000001563176e-02
1.756578666666896993e-01
1.769456000000246831e-01
7.633538666666979111e-01
7.549482666666946784e-01
-3.686515999999713245e-01
-3.839546666666393548e-01
2.786606666666884280e-01
2.623177333333472916e-01
5.918680000002041197e-02
5.700493333335288071e-02
-5.243470666666567581e-01
-5.462713333333226728e-01
-2.435243999999912035e-01
-2.637313333333253240e-01
-8.483259999999930301e-01
-8.638982666666663590e-01
-6.314491999999987115e-01
-6.333107999999967319e-01
-9.445718666666707009e-01
-9.421497333333377355e-01
-4.909374666666650455e-01
-4.840949333333313120e-01
-9.100400000000519185e-02
-9.051240000000149166e-02
5.865276000000037016e-01
5.701393333333371061e-01
6.628627999999991971e-01
6.607885333333314293e-01
6.564286666666774295e-01
6.425334666666771000e-01
7.289626666666677579e-01
7.268326666666595770e-01
-1.592446666666731403e-01
-1.578681333333378234e-01
3.453102666666723053e-01
3.374048000000016145e-01
-7.909066666670128143e-03
-1.156880000000626296e-02
-5.064320000000037680e-01
-5.098569333333387021e-01
-2.193618666666665717e-01
-2.102018666666651825e-01
3.348229333333350155e-01
3.208155999999959818e-01
7.888969333333335499e-01
7.837161333333284574e-01
3.972433333333214023e-01
3.912675999999919441e-01
7.401883999999938624e-01
7.321874666666658982e-01
3.336028000000013094e-01
3.311322666666782766e-01
2.676542666666819059e-01
2.507614666666668768e-01
3.030310666666551356e-01
2.919805333333300723e-01
-3.248854666666716184e-01
-3.462962666666768996e-01
-2.500720000000100640e-01
-2.579453333333390219e-01
1.247974666666635812e-01
1.200795999999968444e-01
2.489553333333276441e-01
2.489075999999883493e-01
-4.541709333333372456e-01
-4.534786666666690280e-01
2.008745333333337157e-01
2.022948000000042157e-01
-6.912547999999887338e-01
-6.795094666666514627e-01
-6.956339999999840984e-01
-6.965321333333207576e-01
-3.153925333333162939e-01
-3.118702666666450796e-01
-5.450933333331420272e-02
-5.987706666665104649e-02
-1.179866666660700503e-03
-1.639639999999786824e-02
-3.806690666666625589e-01
-3.867473333333393271e-01
2.364275999999847500e-01
2.368065333333220224e-01
2.541537333333252491e-01
2.598770666666609941e-01
1.242713333333327341e-01
1.290860000000009222e-01
-2.736370666666658735e-01
-2.586972000000073990e-01
-3.355834666666694943e-01
-3.325406666666737010e-01
1.831497333333231836e-01
1.874706666666554611e-01
-1.206773333334609788e-02
-1.807786666668675934e-02
4.392487999999801218e-01
4.113413333333113542e-01
-1.875064000000179476e-01
-2.633741333333503576e-01
-1.833025333333395679e-01
-2.366010666666724660e-01
5.326866666666774108e-02
2.098786666666541123e-02
2.800479999999794245e-02
-4.151200000002575052e-03
-8.137186666667162172e-02
-9.761266666667012259e-02
-7.996742666666705190e-01
-8.276188000000033185e-01
-7.947572000000064918e-01
-8.168025333333446270e-01
-6.592940000000098166e-01
-6.624064000000089436e-01
-3.404229333333432805e-01
-3.433789333333407967e-01
-9.911320000000500841e-02
-9.870320000000276650e-02
-5.023281333333358134e-01
-5.083080000000066434e-01
-4.395457333333396832e-01
-4.307842666666701348e-01
-3.495906666666641627e-01
-3.489534666666642693e-01
-6.606633333333320479e-01
-6.629489333333395962e-01
-1.067702799999999286e+00
-1.070733599999996954e+00
-5.775985333333437666e-01
-5.850384000000090623e-01
-7.349234666666646376e-01
-7.309937333333280662e-01
1.110861333333375001e-01
1.160783999999992488e-01
1.167915466666670454e+00
1.171420800000007034e+00
4.876043733333347063e+00
4.877470800000011764e+00
3.573668533333339781e+00
3.585775333333344861e+00
2.150475600000014254e+00
2.163885733333344774e+00
1.464165066666673454e+00
1.475069466666674600e+00
9.452668000000059578e-01
9.606800000000035311e-01
9.485782666666722207e-01
9.484072000000054459e-01
4.905697333333378651e-01
4.949438666666736708e-01
-5.430346666666636679e-01
-5.468697333333381039e-01
-2.997061333333377320e-01
-2.984986666666671340e-01
-4.758274666666579833e-01
-4.764281333333215684e-01
-3.559831999999829577e-01
-3.546885333333236190e-01
-8.361978666666658455e-01
-8.372758666666655358e-01
-2.174100000000009913e-01
-2.529750666666714665e-01
-2.097505333333415933e-01
-2.442648000000033903e-01
-6.405519999999995662e-01
-6.837532000000052790e-01
-4.762034666666821181e-01
-5.634941333333429725e-01
-9.921353333333371438e-01
-1.054660800000000620e+00
-1.390404533333331472e+00
-1.416165999999996927e+00
-8.451733333333280029e-01
-8.449354666666621938e-01
-1.211807600000000207e+00
-1.161656133333330843e+00
-1.779114533333320480e+00
-1.738739333333320758e+00
-1.473963599999983387e+00
-1.442447866666654477e+00
-1.183829199999983928e+00
-1.162635199999989766e+00
-1.540581066666661059e+00
-1.516930666666659988e+00
-9.985773333333227697e-01
-9.773445333333157237e-01
-1.242094799999989618e+00
-1.228418399999995358e+00
-4.384310666666593193e-01
-4.380707999999913227e-01
-4.909610666666637258e-01
-4.904554666666669505e-01
-1.104841333333297371e-01
-1.071062666666620089e-01
-6.435234666666644898e-01
-6.379609333333320365e-01
-3.944475999999923488e-01
-4.062171999999861782e-01
2.249099600000015187e+00
2.249692800000019588e+00
1.862051733333352388e+00
1.867035733333352709e+00
2.121816666666681783e+00
2.114217600000017683e+00
5.913903466666695863e+00
5.915572666666697899e+00
3.906037066666691260e+00
3.911461466666686704e+00
1.996673466666685215e+00
2.006579733333353488e+00
1.114867733333362310e+00
1.118779066666697020e+00
1.082366266666696220e+00
1.070845466666696666e+00
4.766356000000300241e-01
4.566825333333568437e-01
-3.475203999999862958e-01
-3.569435999999868159e-01
-3.028618666666602621e-01
-3.003794666666621538e-01
-1.027342933333329711e+00
-1.029812666666671817e+00
-8.628930666666718707e-01
-8.683597333333352708e-01
-7.693080000000023233e-01
-7.753941333333358443e-01
-8.169137333333296169e-01
-8.112654666666614389e-01
-5.705610666666558473e-01
-5.656666666666509968e-01
-9.523213333333231390e-01
-9.417359999999916909e-01
-9.733699999999814167e-01
-9.675239999999760698e-01
-1.432377333333292313e-01
-1.351714666666694598e-01
-4.017472000000026355e-01
-3.610929333333388058e-01
-5.651405333333414660e-01
-5.228081333333420844e-01
1.055950666666589655e-01
1.467482666666626301e-01
-2.151529333333357386e-01
-1.260541333333407010e-01
-6.845686666666779274e-01
-6.220832000000058315e-01
-1.198780133333336551e+00
-1.154907066666666537e+00
-9.197453333333527326e-02
-6.154200000000287218e-02
7.099213333333338483e-01
7.405346666666616784e-01
7.466099999999897818e-01
7.704453333333276532e-01
2.310119999999926677e-01
2.375586666666578139e-01
-4.075904000000036831e-01
-3.964394666666706257e-01
-4.021166666666715628e-01
-3.872638666666716745e-01
3.594462666666586870e-01
3.864363999999937960e-01
1.671725333333284880e-01
1.813186666666624092e-01
1.045086666666747988e-01
1.175386666666824453e-01
1.337128000000120664e-01
9.926920000001615563e-02
1.044590666666849188e-01
-8.156866666664797094e-02
-8.206613333332057891e-02
-8.646666666578539662e-04
1.333973333333915434e-02
2.389978666666721097e-01
2.458396000000107051e-01
-2.589759999999898810e-01
-2.518766666666607534e-01
1.040204000000031215e-01
1.247574666666650955e-01
3.541321333333229404e-01
3.693834666666688804e-01
3.669920000000033156e-01
3.670005333333392628e-01
-1.545534666666554813e-01
-1.638917333333225201e-01
-7.280506666666042292e-02
-6.660173333332863876e-02
-1.100543999999956668e-01
-9.529906666666221327e-02
-1.525082666666506270e-01
-1.442842666666521723e-01
3.659710666666811107e-01
3.597966666666749802e-01
8.338720000001131893e-02
8.319706666667769923e-02
-9.101509333333268614e-01
-9.019126666666608116e-01
-1.648714933333323529e+00
-1.638410933333325659e+00
-5.669301333333223170e-01
-5.701114666666597941e-01
-5.340337333333309289e-01
-5.368938666666664972e-01
-5.289033333333321707e-01
-9.433280000001076360e-02
-8.132066666667014943e-02
3.207614666666600556e-01
3.261282666666716068e-01
4.507506666666927231e-02
4.629359999999849151e-02
2.924821333333369466e-01
2.973232000000081143e-01
3.646426666667679228e-02
3.296026666667728477e-02
-4.061237333333309607e-01
-4.016582666666650425e-01
-4.367627999999896815e-01
-4.331303999999889243e-01
9.271200000000590080e-02
1.030244000000095639e-01
1.937768000000090751e-01
2.030344000000141591e-01
7.917200000001400895e-02
8.516800000001012450e-02
1.906140000000107193e-01
2.018477333333450474e-01
6.851714666666808284e-01
6.877936000000062222e-01
1.224315733333341427e+00
1.229109733333345389e+00
1.287837333333428091e-01
1.374633333333434848e-01
-5.065170666666674038e-01
-5.152957333333318957e-01
4.071560000001284152e-02
1.666480000000802875e-02
7.706040000000200507e-01
7.609222666666894952e-01
6.373105333333555222e-01
6.281320000000221171e-01
-1.970842666666499099e-01
-2.085005333333214139e-01
-6.341961333333117068e-01
-6.383417333333127885e-01
-2.548674666666457256e-01
-2.587631999999828736e-01
1.268241333333506304e-01
1.234114666666812354e-01
6.841346666668357557e-02
7.038546666668565877e-02
1.811074666666812050e-01
1.811494666666888520e-01
-7.957159999997287514e-02
-8.557266666664276045e-02
1.731300000000217665e-01
1.612426666666877395e-01
-3.454109333333121867e-01
-3.403845333333137546e-01
-7.736197333333265647e-01
-7.654749333333299433e-01
-4.203461333333251559e-01
-4.184873333333314349e-01
-8.586202666666693517e-01
-8.575932000000037192e-01
-2.725502666666699270e-01
-2.677073333333410687e-01
9.207439999999422753e-02
1.055961333333357288e-01
-4.799834666666669136e-01
-4.891730666666660454e-01
-1.958607999999983917e-01
-2.100585333333313542e-01
1.763156000000023482e-01
1.647897333333432357e-01
1.594072000000039679e-01
1.601546666666706642e-01
1.593830666666704587e-01
3.289540000000101827e-01
3.198442666666778678e-01
1.929777333333362321e-01
1.792105333333395834e-01
5.313070666666774855e-01
5.182385333333456856e-01
1.976697333333419238e-01
2.049376000000080467e-01
4.993026666667788049e-02
5.304333333334909639e-02
-6.955106666664789827e-02
-6.971973333332215361e-02
-5.347786666666820565e-02
-5.828226666667291056e-02
3.387143999999864263e-01
3.374189333333106333e-01
-4.184816000000211034e-01
-4.348845333333528629e-01
-6.130041333333551279e-01
-6.435688000000183706e-01
-3.300460000000242644e-01
-3.502762666666825453e-01
-2.055373333333463393e-01
-2.285105333333419253e-01
-6.088920000000541677e-02
-7.143186666667844520e-02
-1.975486666666697033e-01
-2.020386666666738051e-01
3.946653333333287605e-01
3.854541333333330044e-01
9.442493333333601413e-02
8.454586666666585870e-02
4.384731999999900154e-01
4.333058666666573799e-01
2.834762666666534869e-01
2.760749333333265554e-01
2.672067999999896415e-01
6.989866666665278672e-02
6.077706666665250168e-02
-2.058453333334853141e-02
-3.718960000001203525e-02
2.811753333333157912e-01
2.709522666666472901e-01
-8.755008000000117363e-01
-8.792126666666817414e-01
-6.282845333333497706e-01
-6.352185333333437711e-01
-2.853425333333419189e-01
-2.928460000000114860e-01
-2.073894666666760145e-01
-2.137129333333334102e-01
-2.126163999999945986e-01
-2.163965333333237595e-01
4.012033333333420160e-01
3.793588000000127636e-01
9.782642666666774289e-01
9.558185333333426570e-01
5.015628000000020847e-01
4.824949333333350410e-01
2.279870666666710122e-01
2.160768000000032885e-01
-1.479234666666684461e-01
-1.574268000000103029e-01
-2.746201333333502248e-01
-2.778418666666837566e-01
-5.033636000000143440e-01
-4.941021333333424082e-01
-1.272406666666725528e-01
-1.147973333333354162e-01
-5.783400000000682439e-02
-4.946386666667734744e-02
1.203262666666589098e-01
1.267962666666591076e-01
2.179769333333325676e-01
1.991476000000034219e-01
2.925885333333368976e-01
1.991894666666667035e-01
5.630638666666669678e-01
4.843982666666732939e-01
3.393822666666750365e-01
3.026862666666687574e-01
-5.437741333333221405e-01
-5.792445333333233748e-01
-5.203846666666578358e-01
-5.443047999999990338e-01
-6.265622666666672558e-01
-6.305797333333273968e-01
-7.026897333333224083e-01
-7.039497333333244455e-01
-4.989309333333338259e-01
-5.050621333333396024e-01
1.079342666666605055e-01
1.124206666666651699e-01
2.031133333333201563e-02
3.655200000000036198e-02
1.379956000000106542e-01
1.544492000000090570e-01
-2.072358666666573868e-01
-1.939309333333341101e-01
-1.781874666666638518e-01
-1.678239999999959764e-01
-7.563061333333251923e-01
-7.566582666666548107e-01
-1.093867733333333092e+00
-1.093067200000000128e+00
-1.601423333333329424e+00
-1.594089466666659405e+00
-9.169193333333254259e-01
-9.096391999999937639e-01
-9.002067999999852077e-01
9.973350666666789266e-01
9.988937333333467450e-01
6.403034400000009896e+00
6.405376266666678475e+00
5.228051600000014787e+00
5.233877466666683631e+00
2.435771066666674756e+00
2.448970400000000325e+00
1.239991200000005733e+00
1.248348800000009362e+00
6.314279999999996562e-01
6.272409333333399672e-01
-5.180327999999931876e-01
-5.284597333333209690e-01
-7.188441333333273064e-01
-7.963231999999891286e-01
-5.450985333333235872e-01
-6.638185333333197491e-01
-9.347150666666408370e-01
-1.022558133333305364e+00
-1.323153199999978824e+00
-1.364372933333314108e+00
-1.822893333333304611e+00
-1.832500533333309534e+00
-1.841587866666635875e+00
-1.856385066666639716e+00
-1.992470799999971121e+00
-1.997004799999977820e+00
-1.293952666666655205e+00
-1.294722266666653354e+00
-1.601303333333312651e+00
-1.603641199999984224e+00
-1.741467199999981119e+00
-1.753769066666642118e+00
-1.713628666666650702e+00
-1.713106399999986706e+00
-1.712584133333322711e+00
-1.015239866666647117e+00
-9.931362666666387895e-01
-8.402343999999786206e-01
-7.433753333333115165e-01
-4.722278666666568370e-01
-3.980170666666609236e-01
-9.885469333333247732e-01
-9.552501333333296429e-01
-1.365854666666663775e+00
-1.344974533333328282e+00
-2.975410666666675752e-01
-2.818926666666712322e-01
1.262369333333310806e-01
1.294713333333348260e-01
5.079924400000003004e+00
5.070799466666670696e+00
8.362492000000010250e+00
8.354934666666679277e+00
6.647726000000020008e+00
6.645444800000028351e+00
3.036301466666692761e+00
3.028780533333360836e+00
7.374885333333551785e-01
7.261761333333538460e-01
7.309618666666892750e-01
7.214970666666857824e-01
-4.694906666664877548e-02
-5.278826666664571121e-02
-9.359033333333144355e-01
-9.392786666666523843e-01
-1.152226666666649635e+00
-1.148901333333320451e+00
-9.137657333333280008e-01
-9.120054666666561616e-01
-1.208738133333312703e+00
-1.212903466666645613e+00
-1.212900933333322939e+00
-9.340483999999946718e-01
-9.254533333333299083e-01
-1.119228266666667082e+00
-1.117469866666667144e+00
-5.943414666666626545e-01
-5.966849333333286154e-01
-3.432283999999938828e-01
-3.459951999999972827e-01
-6.456620000000015125e-01
-6.558019999999942229e-01
-8.851919999999964261e-01
-8.769482666666661430e-01
-1.073544533333326001e+00
-1.068413466666648048e+00
-2.501823999999857051e-01
-1.738863999999793464e-01
1.575996000000188246e-01
2.807410666666854127e-01
-1.667674666666485450e-01
-6.587373333331925096e-02
1.671800000000089881e-01
2.204588000000029524e-01
1.103176000000019030e-01
1.315858666666755994e-01
1.499413333333876608e-02
3.903986666666980909e-02
-3.403143999999898028e-01
-3.233762666666635255e-01
2.047518666666690024e-01
2.039761333333274251e-01
-6.080996000000027379e-01
-6.242751999999995860e-01
-6.554707999999962453e-01
-6.616054666666713047e-01
-1.747701333333395723e-01
-1.732802666666728442e-01
-4.843803999999991561e-01
-4.861815999999947735e-01
-4.281647999999904641e-01
-4.326461333333284642e-01
2.010242666666712807e-01
1.854373333333398932e-01
6.656820000000038817e-01
6.691840000000084387e-01
4.651666666667608752e-02
6.001893333334606950e-02
1.746925333333422259e-01
1.770492000000061239e-01
-1.786674666666669964e-01
-1.738107999999982667e-01
4.515146666666680630e-01
4.501670666666655052e-01
8.035079999999084066e-02
8.827066666665928096e-02
-1.095969333333499662e-01
-1.005262666666837390e-01
-1.377442666666865989e-01
-1.326230666666816660e-01
-1.597197333333397751e-01
-1.524716000000054805e-01
-3.256240000000332202e-02
-2.063760000000058881e-02
-2.046009333333245195e-01
-1.943091999999850827e-01
-4.206861333333122843e-01
-4.222134666666477187e-01
4.115506666667556601e-02
4.009840000001219096e-02
9.628244000000165670e-01
9.531164000000131864e-01
4.217481333333452653e-01
4.069984000000133051e-01
-4.649383999999940897e-01
-4.684721333333285997e-01
-2.293437333333301353e-01
-2.350493333333290025e-01
2.398530666666758293e-01
2.373908000000071183e-01
8.740232000000105472e-01
8.831110666666788234e-01
-1.158266666664786726e-02
5.884533333350816520e-03
-4.792626666666492952e-01
-4.692919999999887182e-01
8.110040000001106364e-02
9.604666666667327490e-02
-3.004923999999959960e-01
-2.875830666666630009e-01
-5.884399999992240282e-03
4.216000000006658865e-03
1.272989333333356399e-01
1.252528000000054931e-01
2.892974666666745520e-01
2.863864000000049259e-01
8.519599999999627471e-03
1.715519999999770562e-02
-2.022266666671157509e-03
6.852933333334476629e-03
-4.969106666666647243e-01
-4.980719999999934089e-01
-5.172006666666675301e-01
-5.219806666666642059e-01
-4.681453333333251976e-02
-4.357293333332989960e-02
4.416664000000167789e-01
4.462820000000178311e-01
3.009089333333463401e-01
3.029562666666834048e-01
6.611608000000188667e-01
6.696714666666849780e-01
3.184353333333547198e-01
3.094094666666862281e-01
1.539746666666772512e-01
1.526518666666731860e-01
-2.942279999998476114e-02
-1.670533333331292170e-02
-2.209905333333139765e-01
-2.030758666666514500e-01
-3.368685333333232279e-01
-3.427222666666622786e-01
-4.225056000000009249e-01
-4.383882666666707451e-01
-7.151240000000029795e-01
-7.151226666666659071e-01
-9.229246666666668375e-01
-9.269278666666735944e-01
-9.358800000001821218e-02
-7.915080000002205907e-02
4.685402666666504956e-01
4.874775999999911846e-01
3.643466666666554943e-01
3.821811999999980003e-01
-5.083234666666669455e-01
-5.010662666666689802e-01
-5.461238666666616837e-01
-5.391423999999958028e-01
3.285634666666723547e-01
3.240789333333395916e-01
3.967393333333433247e-01
3.928044000000099345e-01
-4.376001333333263688e-01
-4.421391999999926270e-01
-8.530306666666120918e-02
-8.181079999998530639e-02
1.046735466666682157e+00
1.044152133333355437e+00
4.020026666669451743e-02
4.340080000002899396e-02
4.934382666666934369e-01
4.934108000000279048e-01
1.604873333333642904e-01
1.585856000000305244e-01
-4.189714666666404241e-01
-4.313481333333086809e-01
-2.059702666666396453e-01
-2.133954666666397770e-01
6.496484000000180004e-01
6.318732000000082394e-01
8.711501333333373509e-01
8.672104000000047108e-01
2.074168000000113921e-01
1.898870666666709894e-01
6.324893333333392320e-02
4.807133333333268865e-02
-1.078538000000001773e+00
-1.079323333333334745e+00
-1.292489600000003236e+00
-1.285232533333335425e+00
-1.028309733333337306e+00
-1.030247600000002706e+00
-5.253878666666693675e-01
-5.262266666666732817e-01
-5.344381333333387829e-01
-5.349877333333381557e-01
-1.781896000000102731e-01
-1.618302666666764367e-01
-2.010396000000085337e-01
-1.872284000000092874e-01
3.438173333333338633e-01
3.405992000000068742e-01
2.156548000000029219e-01
2.099116000000051940e-01
5.124180000000038149e-01
5.094488000000012562e-01
4.223834666666732574e-01
4.130213333333472292e-01
3.035489333333529771e-01
2.870188000000197803e-01
2.569466666666855303e-01
2.551269333333436862e-01
8.441350666666807001e-01
8.238893333333479063e-01
2.100837333333416268e-01
2.054621333333273014e-01
8.491515999999919018e-01
8.495751999999967552e-01
-2.515618666666767922e-01
-2.475740000000072882e-01
4.989267999999995595e-01
4.837657333333282850e-01
8.839586666665866233e-02
6.675293333331921986e-02
-2.154073333333457185e-01
-2.929606666666728643e-01
-4.449402666666699702e-01
-5.131440000000040413e-01
-3.269320000001130211e-02
-8.342920000001186054e-02
-1.114357066666677554e+00
-1.145031066666675201e+00
-1.249434133333330976e+00
-1.264022399999994661e+00
-1.674590266666655225e+00
-1.680972933333322317e+00
-1.419650266666643290e+00
-1.430426266666643187e+00
-9.898677333333125716e-01
-9.882570666666410375e-01
-4.439225333333141066e-01
-4.378111999999845239e-01
4.913797333333462802e-01
5.048520000000067398e-01
-9.358133333329021752e-03
7.501733333334925646e-03
1.012026533333333589e+00
1.018861466666663773e+00
-4.086053333333410365e-01
-4.049274666666775602e-01
4.155199999999865668e-01
4.265711999999837190e-01
-5.013845333333506460e-01
-5.001884000000202946e-01
3.436799999981587916e-03
4.881199999985597060e-03
-1.777773333335375128e-02
-1.835760000000874470e-02
7.749686666666590895e-01
7.778687999999931435e-01
1.155448399999997378e+00
1.149964933333336603e+00
4.211937466666668684e+00
4.217691733333339243e+00
3.301802666666674213e+00
3.298494933333344648e+00
2.243967866666672251e+00
2.243192933333340022e+00
1.243466533333339896e+00
1.242265333333342880e+00
2.697226666668939288e-02
1.598746666669370597e-02
-2.699785333333082349e-01
-2.774891999999837822e-01
-8.520399999987660067e-03
-1.245159999998435296e-02
-4.209365333333252579e-01
-4.287614666666570429e-01
-9.322958666666636418e-01
-9.718202666666613254e-01
-1.325497599999998499e+00
-1.420324933333340311e+00
-1.797338933333342936e+00
-1.849602933333343913e+00
-1.219871200000007150e+00
-1.235879466666673920e+00
-1.023036933333337117e+00
-1.037844400000004441e+00
-9.919331999999982941e-01
-9.914920000000009281e-01
-8.613137333333327206e-01
-8.734954666666610024e-01
-2.487007999999875096e-01
-2.419661333333209541e-01
-1.195522266666642963e+00
-1.195898399999983042e+00
-6.992358666666547151e-01
-6.927833333333168753e-01
-4.299090666666458560e-01
-4.170147999999755939e-01
-1.444032266666653186e+00
-1.382669733333322881e+00
-7.232330666666584307e-01
-6.719463999999888415e-01
-2.825646666666585816e-01
-2.485229333333265345e-01
-1.181270933333323114e+00
-1.158878933333326700e+00
-4.920777333333248293e-01
-4.854065333333252852e-01
-1.147582933333325172e+00
-1.148609333333318716e+00
-1.145997066666645026e+00
-4.111993333333217038e-01
-4.180637333333194761e-01
2.499041333333344994e+00
2.488089600000009227e+00
7.549602266666674666e+00
7.540773600000008514e+00
3.811900933333333796e+00
3.797688266666668255e+00
2.046566133333335813e+00
2.034153866666670751e+00
4.977101333333351363e-01
4.885417333333421652e-01
1.432178666666743538e-01
1.333602666666777736e-01
1.285640000000114469e-01
1.099958666666793761e-01
-8.274035999999895807e-01
-8.317722666666469422e-01
-3.107189333333195691e-01
-3.263146666666543183e-01
-5.849199999998688781e-02
-5.587319999998641151e-02
-1.597994666666622265e-01
-1.569926666666674464e-01
-7.209622666666675173e-01
-7.350536000000005288e-01
-9.118550666666678239e-01
-9.155478666666709842e-01
-6.852014666666761400e-01
-6.849972000000121852e-01
-7.853592000000091389e-01
-7.863964000000152055e-01
-8.350401333333508092e-01
-8.408321333333432790e-01
-5.413278666666698768e-01
-5.583189333333393733e-01
-5.687218666666709055e-01
-2.690348000000000184e-01
-2.639173333333317828e-01
-4.162598666666568192e-01
-3.685187999999897102e-01
-7.388577333333259389e-01
-6.275849333333241020e-01
-4.372621333333199800e-01
-3.767102666666559685e-01
1.945516000000111489e-01
2.300358666666681984e-01
2.498801333333418029e-01
2.713982666666723276e-01
3.900763999999981024e-01
4.063042666666660807e-01
1.218182133333343131e+00
1.233164533333336976e+00
8.012469333333385180e-01
8.009256000000135600e-01
6.894542666666865216e-01
7.089225333333430967e-01
-1.474891999999954351e-01
-1.274685333333209769e-01
1.284321333333551252e-01
1.499984000000225137e-01
3.505446666666784949e-01
3.543941333333435750e-01
1.865036000000088734e-01
1.881680000000045538e-01
2.528924000000003502e-01
2.633926666666681626e-01
-5.881370666666541069e-01
-5.793062666666486393e-01
4.462645333333483677e-01
4.514286666666791348e-01
6.353728000000131715e-01
6.504874666666751182e-01
1.714921333333450093e-01
1.875450666666864663e-01
-2.199774666666485246e-01
-2.050825333333179401e-01
-4.671870666666535499e-01
-4.676823999999939474e-01
-1.717421333333390976e-01
-1.772632000000058383e-01
-9.665026666667841937e-02
-9.739253333334829676e-02
5.864466666665180128e-02
7.305213333332716275e-02
-3.895289333333380455e-01
-3.671884000000105175e-01
-2.816424000000168348e-01
-2.606414666666765356e-01
-1.199518666666747890e-01
-9.415186666666386373e-02
1.486794666666710896e-01
1.646393333333335818e-01
-7.811628000000041538e-01
-7.614315999999945461e-01
-5.230687999999972249e-01
-5.147330666666647403e-01
-7.225722666666598570e-01
-7.130333333333211954e-01
6.326200000001591661e-02
7.922933333335180350e-02
9.178680000001548933e-02
1.067041333333449415e-01
-3.053477333333205479e-01
-2.851611999999832392e-01
-2.633183999999886282e-01
-2.501977333333229581e-01
1.742946666669098477e-02
3.714080000003150417e-02
-3.793741333333144894e-01
-3.564975999999759892e-01
-4.105791999999723885e-01
-3.949742666666367086e-01
1.186786666669092938e-02
1.973546666668823946e-02
1.020747733333351448e+00
1.025039600000020812e+00
9.922082666666796058e-01
9.988789333333443210e-01
7.273240000000100736e-01
7.308545333333427152e-01
1.108646666666786018e-01
1.206704000000158317e-01
-4.865009333333176755e-01
-4.805890666666527977e-01
-2.762217333333154556e-01
-2.652578666666443041e-01
1.828804000000232577e-01
1.999834666666870930e-01
5.111697333333466986e-01
5.223905333333433987e-01
1.268076000000064596e-01
1.240846666666755027e-01
1.032125333333482331e-01
9.771693333334496856e-02
2.349370666666743546e-01
2.253208000000057609e-01
-7.725386666666622659e-02
-8.352680000000134442e-02
-1.828046666666622855e-01
-1.869502666666633672e-01
-5.289299999999954593e-01
-5.379038666666531299e-01
-8.787923999999875946e-01
-8.886829333333210457e-01
-3.729207999999744061e-01
-3.848973333333063351e-01
-4.613319999999703214e-01
-4.747421333333079474e-01
-4.378305333333116778e-01
-4.507203999999731536e-01
-3.057277333333061620e-01
-3.106101333333128878e-01
-3.089217333333138527e-01
-3.037131999999829191e-01
-1.754533333333156975e-01
-1.709610666666563361e-01
1.503963999999982093e-01
1.539771999999999252e-01
-1.714522666666624673e-01
-1.832360000000008426e-01
-3.879013333333389824e-01
-4.028428000000090492e-01
-7.321392000000059852e-01
-7.441019999999980428e-01
-1.101615199999997685e+00
-1.118794666666666160e+00
-4.679326666666625556e-01
-4.755782666666590330e-01
-4.029771999999880450e-01
-4.232714666666552716e-01
-5.588666666646702197e-03
-1.231786666664191898e-02
7.262480000001403369e-02
6.926013333334424260e-02
5.754734666666792009e-01
5.782833333333456949e-01
4.191833333333434553e-01
4.115713333333417268e-01
3.338409333333416384e-01
3.161026666666728602e-01
3.758365333333344438e-01
3.510493333333286614e-01
7.306279999999958363e-01
7.122449333333378263e-01
3.619904000000104816e-01
3.458977333333450588e-01
2.210985333333468361e-01
2.105782666666797809e-01
-1.527466666651378091e-03
-1.010786666665097755e-02
2.212121333333456619e-01
2.073516000000097392e-01
2.077090666666734364e-01
1.967098666666728946e-01
-2.101479999999611437e-02
-3.624746666666567307e-02
4.710642666666657874e-01
4.430702666666661571e-01
3.882306666666579531e-02
2.469586666666856445e-02
-1.942786666666762585e-02
-4.546933333334379768e-02
7.507743999999902940e-01
7.229750666666632242e-01
2.801012000000042690e-01
2.577053333333410023e-01
7.910994666666724129e-01
7.689314666666717812e-01
-2.859930666666627985e-01
-2.953844000000032111e-01
-4.102793333333352166e-01
-4.213226666666685105e-01
-1.191757733333325575e+00
-1.196465599999996243e+00
-5.146657333333308770e-01
-5.055613333333255355e-01
-6.999279999999430402e-02
-7.393666666666831588e-02
1.197914666666619610e-01
1.142713333333347236e-01
1.561798666666760482e-01
1.549822666666713644e-01
-8.101986666666505243e-02
-7.855879999999615393e-02
-4.442262666666607629e-01
-4.468694666666550575e-01
-4.451275999999921851e-01
-4.530246666666570832e-01
-6.843186666665701523e-02
-7.062253333332790817e-02
-1.636455999999952837e-01
-1.653269333333327040e-01
4.682784000000026481e-01
4.676330666666714819e-01
1.110441999999999041e+00
1.114904400000000351e+00
-1.103670666666687339e-01
-1.076149333333304980e-01
4.713735999999997262e-01
4.778277333333278420e-01
2.757881333333216389e-01
2.958446666666603164e-01
5.691487999999935710e-01
5.751405333333323711e-01
6.569375999999991222e-01
6.753957333333318047e-01
1.600158666666686713e-01
1.532618666666678564e-01
3.587152000000131125e-01
3.495765333333480385e-01
3.686813333333489595e-01
3.534024000000144383e-01
-8.492845333333178814e-01
-8.606349333333156437e-01
4.664253333334755780e-02
1.792040000001549060e-02
1.919393333333516694e-01
1.217840000000194323e-01
1.254004000000179531e-01
8.602586666668088355e-02
-5.619105333333251906e-01
-5.893452000000038993e-01
-3.482388000000042894e-01
-3.702894666666693979e-01
-2.018254666666763342e-01
-2.229745333333426061e-01
-4.269230666666743446e-01
-4.383440000000149439e-01
-4.766082666666804357e-01
-4.871690666666808056e-01
-7.779218666666807280e-01
-7.710277333333479532e-01
-6.119078666666837307e-01
-5.907850666666760731e-01
-8.315122666666709961e-01
-8.210809333333273230e-01
-1.106381866666659164e+00
-1.101231466666661163e+00
-1.292217999999991207e+00
-1.283718266666653562e+00
-6.408365333333136959e-01
-6.285787999999783437e-01
-9.957389333333139803e-01
-9.764590666666492780e-01
-1.118023999999877560e-01
-9.910253333332974535e-02
-1.140426666666627398e-02
5.232133333329613833e-03
-2.833386666666797282e-01
-2.662965333333460194e-01
1.288010666666536963e-01
1.374849333333116874e-01
1.888561199999976736e+00
1.904686933333316290e+00
5.227550933333326100e+00
5.242742666666657669e+00
2.992480533333328196e+00
3.006391600000000608e+00
1.886349466666672470e+00
1.887087466666670821e+00
1.121001200000009135e+00
1.133186666666681219e+00
1.087391066666675954e+00
1.095632133333353408e+00
7.610466666666866331e-01
7.736633333333458040e-01
6.304282666666765067e-01
6.378760000000127661e-01
-2.954559999998451758e-02
-2.728666666665446883e-02
-4.538311999999891100e-01
-4.777342666666584137e-01
-9.278009333333372410e-01
-9.649478666666695403e-01
-3.349040000000513828e-02
-1.249154666666711933e-01
-6.896366666666722267e-01
-8.067358666666706313e-01
-9.383726666666731830e-01
-1.003758266666672228e+00
-1.532464933333336887e+00
-1.578341200000004108e+00
-1.639343333333329156e+00
-1.644377866666658861e+00
-1.730060399999999277e+00
-1.734132933333334847e+00
-1.723223866666664605e+00
-1.720344799999999452e+00
-2.274953466666666202e+00
-2.259842133333329173e+00
-1.870868799999996668e+00
-1.836685466666665434e+00
-1.482659466666667925e+00
-1.398803466666663553e+00
-1.182016533333325015e+00
-1.134489599999994880e+00
-7.180146666666615829e-01
-6.840297333333253960e-01
-1.246112666666654434e+00
-1.223065599999983988e+00
-7.028635999999863770e-01
-6.689115999999870610e-01
-1.148173733333315738e+00
-1.111275866666652234e+00
-7.152595999999817877e-01
-6.812833333333188079e-01
-5.708338666666534778e-01
-5.608443999999934704e-01
1.544246133333338378e+00
1.543446666666675071e+00
2.295569466666677272e+00
2.299922266666683868e+00
6.080671600000023602e+00
6.093980933333348560e+00
7.834417733333339129e+00
7.842504533333332972e+00
4.597070000000002210e+00
4.599225466666673867e+00
2.755503733333334537e+00
2.755312000000003536e+00
5.405549333333397044e-01
5.366178666666669983e-01
5.315926666666612732e-01
-3.016000000000005343e-01
-3.075956000000061863e-01
-8.393303999999943699e-01
-8.552514666666652943e-01
-5.627840000000077225e-01
-5.654060000000029618e-01
-9.953776000000047475e-01
-1.000366933333332042e+00
-5.512956000000102108e-01
-5.582174666666759322e-01
-6.831605333333428121e-01
-6.927737333333467973e-01
-6.531573333333398068e-01
-6.712126666666691222e-01
-1.562932666666668524e+00
-1.569779333333336524e+00
-2.140601466666673502e+00
-2.157045733333340820e+00
-2.105476000000010117e+00
-2.112689066666675330e+00
-9.905564000000097735e-01
-9.950742666666769765e-01
-6.287977333333429897e-01
-6.128926666666743017e-01
-1.408823200000007603e+00
-1.385473466666674369e+00
-1.054761733333343443e+00
-9.747274666666640996e-01
-9.663305333333340741e-01
-8.558056000000036079e-01
-3.300033333333374230e-01
-2.694022666666739951e-01
-4.787301333333360276e-01
-4.304283999999967136e-01
-1.314718666666649938e-01
-1.164029333333402860e-01
-1.013340000000084729e-01
-5.216800000006571736e-03
-9.374666666701614304e-04
1.791274666666566873e-01
1.775236000000006698e-01
-4.637636000000000536e-01
-4.584132000000025187e-01
-5.199066666662588432e-03
-5.323333333329571815e-03
3.069688000000070360e-01
3.111709333333436689e-01
8.992444000000148208e-01
9.015081333333441194e-01
9.550832000000042399e-01
9.612932000000142807e-01
6.217425333333395088e-01
6.248800000000116484e-01
8.261990666666818584e-01
8.163746666666682472e-01
4.655357333333398628e-01
4.458449333333405207e-01
3.290777333333423371e-01
3.290304000000077167e-01
8.985538666666528229e-01
8.989533333333170617e-01
1.086733733333325347e+00
1.074303333333318733e+00
5.710613333333185437e-01
5.557314666666570702e-01
-6.175999999996406586e-03
-1.468719999999734682e-02
4.778934666666643238e-01
4.793994666666776538e-01
-4.429915999999849419e-01
-4.480654666666410435e-01
-1.719638666666369886e-01
-1.741101333333077150e-01
-1.762563999999784414e-01
-1.956259999999758747e-01
-1.960481333333063958e-01
-2.802049333333016534e-01
-2.798625333333006893e-01
-4.996110666666453426e-01
-5.061781333333215116e-01
-5.125069333333200916e-01
-5.020861333333215271e-01
-3.567155999999940263e-01
-3.409257333333215456e-01
-2.849362666666479527e-01
-2.563055999999832579e-01
-4.753191999999870632e-01
-4.475923999999977809e-01
-1.068685466666664752e+00
-1.046553866666656063e+00
-6.127401333333182265e-01
-5.870909333333145241e-01
2.384802666666843152e-01
2.560574666666823873e-01
-7.464119999998075627e-02
-6.142559999997843079e-02
2.939901333333523326e-01
3.121214666666887183e-01
4.910901333333512753e-01
5.196544000000145047e-01
1.074220800000006193e+00
1.103965200000011748e+00
5.313729333333441218e-01
5.418180000000063501e-01
2.292245333333369217e-01
2.526437333333362290e-01
4.864821333333324560e-01
4.967594666666599323e-01
5.414138666666659105e-01
5.549834666666697558e-01
5.685530666666807065e-01
5.392505333333446060e-01
5.582097333333422284e-01
6.879578666666716913e-01
6.992604000000071096e-01
5.808017333333523879e-01
5.838164000000247711e-01
-2.360522666666469149e-01
-2.296946666666457304e-01
-3.154122666666481223e-01
-3.108662666666575092e-01
-6.806529333333202203e-01
-6.712509333333329664e-01
-5.512571999999948957e-01
-5.503647999999898843e-01
-4.831681333333150974e-01
-4.898507999999921481e-01
-5.533293333333233477e-01
-5.511694666666642206e-01
-2.755151999999938539e-01
-2.642463999999975499e-01
-3.419986666666119390e-02
-3.419693333332674001e-02
1.717734666666856924e-01
1.768530666666805473e-01
-4.089579999999983784e-01
-3.996800000000035880e-01
-9.668103999999999587e-01
-9.546191999999962263e-01
-5.386866666667344816e-02
-5.399053333333370119e-02
-5.255638666666655467e-01
-5.251690666666632978e-01
-4.637821333333320695e-01
-4.641381333333356451e-01
-4.263170666666624697e-01
-4.227514666666536414e-01
-4.191858666666448130e-01
-8.362097333333267102e-01
-8.317902666666654454e-01
-3.323594666666735975e-01
-3.234440000000091686e-01
9.003226666666819256e-02
1.020094666666793159e-01
-1.487335999999928049e-01
-1.489949333333342452e-01
1.168113333333309356e-01
1.117978666666630261e-01
-2.233030666666735442e-01
-2.344036000000002673e-01
1.520866666666691458e-01
1.480012000000030525e-01
5.560066666667040636e-02
4.388999999999754209e-02
-2.231086666666755036e-01
-2.385994666666775288e-01
-1.400745333333333065e-01
-1.583016000000014856e-01
3.327972000000016806e-01
3.272318666666649278e-01
2.884709333333290715e-01
2.882598666666638110e-01
1.244437333333294760e-01
1.146702666666641335e-01
4.009545333333335293e-01
3.797266666666700985e-01
6.890517333333292527e-01
6.772334666666637304e-01
3.015603999999925122e-01
2.876758666666603403e-01
5.424173333333328628e-01
5.304295999999979472e-01
2.536250666666575171e-01
2.365634666666593944e-01
2.159197333333224833e-01
8.273599999999703414e-02
5.838413333333392075e-02
-1.858177333333301817e-01
-2.019974666666755070e-01
-5.722372000000106596e-01
-5.786670666666751117e-01
-4.935769333333368536e-01
-5.032045333333385884e-01
-2.449021333333334383e-01
-2.559985333333258950e-01
-1.892849333333330719e-01
-1.949307999999945196e-01
-6.108866666666656897e-01
-6.062877333333318575e-01
3.544120000000106074e-02
3.328106666666741376e-02
2.544709333333443624e-01
2.391656000000139670e-01
7.041802666666754362e-01
6.970484000000070068e-01
-3.427346666666153396e-02
-3.598386666666186784e-02
-2.337742666666642322e-01
-2.353130666666700677e-01
-1.127218666666749414e-01
-1.179184000000148558e-01
1.635550666666460984e-01
1.595570666666503712e-01
3.428390666666558673e-01
3.398959999999888737e-01
1.556293333332803286e-02
4.879199999997752002e-03
-8.350453333333263117e-02
-8.871613333332817319e-02
3.213322666666655891e-01
3.126636000000004856e-01
5.758530666666672460e-01
5.703825333333369940e-01
4.114929333333350314e-01
3.965833333333321775e-01
2.649781333333365296e-01
2.542029333333388763e-01
-9.163413333332925959e-02
-1.060711999999952582e-01
-1.419909333333251311e-01
-1.562406666666547039e-01
2.154578666666822073e-01
2.073564000000231999e-01
-5.311814666666521134e-01
-5.318793333333218243e-01
-9.196661333333153721e-01
-9.312129333333132308e-01
-5.044726666666505821e-01
-5.048423999999869238e-01
2.282272000000133971e-01
2.277168000000102666e-01
-2.628498666666487793e-01
-2.608265333333150693e-01
-1.814683999999857633e-01
-1.951702666666577102e-01
-2.691582666666505474e-01
-2.944662666666530981e-01
-2.004367999999843164e-01
-2.187873333333243409e-01
-2.689186666665932535e-02
-4.498639999999909378e-02
1.557230666666598040e-01
1.025025333333289268e-01
2.276253333333357887e-01
1.403381333333371117e-01
-9.179613333332525826e-02
-1.811103999999872372e-01
-2.648878666666618642e-01
-5.547435999999947853e-01
-6.011571999999887339e-01
-3.506199999999637384e-02
-6.627653333332261809e-02
-6.206519999999855486e-01
-6.467085333333173480e-01
-7.363330666666527691e-01
-7.509562666666482755e-01
-6.812251999999787699e-01
-6.892530666666445427e-01
-8.884285333333110657e-01
-8.893499999999718852e-01
-1.366905599999967080e+00
-1.376839066666633471e+00
-9.838783999999733965e-01
-9.992942666666451146e-01
-1.204309333333313248e+00
-1.202479599999982440e+00
-9.719769333333161399e-01
-9.655931999999864956e-01
-6.633625333333270646e-01
-6.579897333333306619e-01
-2.072035999999997102e-01
-2.103766666666544438e-01
4.598106666666694764e-01
4.549689333333333252e-01
5.887106666667563104e-02
6.195160000001465050e-02
3.261762666666783161e-01
3.257308000000094239e-01
3.152608933333347352e+00
3.161142800000014574e+00
5.405106800000012868e+00
5.418292933333347605e+00
5.514922400000017433e+00
5.535317600000020377e+00
5.555712800000023321e+00
3.021123066666682178e+00
3.016965200000008451e+00
1.723916533333344603e+00
1.722716400000017245e+00
1.223650533333348278e+00
1.225198933333345508e+00
3.471413333333828177e-02
3.207039999999494739e-02
-4.794756000000006679e-01
-4.736686666666685142e-01
-6.187325333333362209e-01
-6.131922666666724808e-01
-6.702929333333358386e-01
-6.718197333333364440e-01
-6.881710666666762677e-01
-7.340842666666773653e-01
-1.626137600000006955e+00
-1.654562933333323826e+00
-1.277845999999996707e+00
-1.290040400000002307e+00
-1.707663466666673457e+00
-1.704646000000018091e+00
-9.679474666666791904e-01
-9.591796000000130107e-01
-8.689254666666670346e-01
-8.461496000000181539e-01
-1.312453733333335038e+00
-1.302270266666674559e+00
-8.154324000000201522e-01
-7.994682666666861337e-01
-1.210282933333353128e+00
-1.163954533333352970e+00
-1.247283733333347300e+00
-1.164321466666677907e+00
-1.761953733333342598e+00
-1.675094933333333813e+00
-1.591633733333338796e+00
9.344746666666026158e-02
1.344294666666527860e-01
5.489714666666500875e-01
5.766238666666509971e-01
-1.317937333333460970e-01
-1.172838666666820018e-01
1.322159999999854563e-01
1.316583999999849652e-01
-4.252292000000110761e-01
-4.240757333333391443e-01
-5.961122666666724967e-01
-5.965446666666665010e-01
-5.444070666666647185e-01
-5.469018666666656259e-01
3.182943333333341229e+00
3.184007066666687535e+00
1.672330800000018769e+00
1.663194800000020734e+00
6.706388000000202965e-01
6.614482666666887667e-01
-1.983422666666498912e-01
-2.034582666666580053e-01
-1.846542666666621813e-01
-1.828502666666551590e-01
-5.572662666666516884e-01
-5.613121333333310758e-01
-1.860800000000040200e-02
-2.912706666666053934e-02
-2.057261333333357811e-01
-2.158685333333423273e-01
3.183990666666716152e-01
3.099749333333363666e-01
-2.123791999999937730e-01
-2.273007999999876461e-01
-4.601323999999920034e-01
-4.841673333333247342e-01
-2.408771999999999025e-01
-2.524070666666702323e-01
4.013646666666659257e-01
4.028264000000021383e-01
1.267565333333351418e-01
1.348766666666705305e-01
6.172397333333421443e-01
6.215928000000090492e-01
5.606325333333401773e-01
5.585122666666748614e-01
-9.989319999998969024e-02
-1.136486666666556289e-01
-1.633926666666525307e-01
-1.788966666666524929e-01
-9.905186666664889117e-02
-1.119470666666586567e-01
-3.099799999999959255e-01
-2.760629333333284308e-01
-3.705255999999863548e-01
-3.636582666666470232e-01
3.410506666667600939e-02
3.574840000000278906e-02
-6.926585333333221683e-01
-6.987054666666523417e-01
-4.849059999999880688e-01
-4.861065333333272065e-01
1.587306666667132049e-02
2.642666666673676445e-03
2.482666666736577099e-04
-5.846133333335501447e-03
4.343018666666509375e-01
4.282598666666501686e-01
-1.106510666666693510e-01
-1.011720000000053687e-01
2.540094666666590228e-01
2.583909333333309633e-01
2.598669333333347709e-01
-6.750737333333276524e-01
-6.687367999999977997e-01
-3.226973333332239235e-02
-1.435519999997580953e-02
-1.156773333333163123e-01
-9.496866666664516288e-02
-5.329718666666423132e-01
-5.110615999999765791e-01
2.301198666666834924e-01
2.500268000000147595e-01
5.790588000000127522e-01
5.831854666666771436e-01
5.432973333333350752e-01
5.450026666666687447e-01
3.975249333333294999e-01
3.943737333333245942e-01
6.194591999999943255e-01
6.200320000000019149e-01
1.144527866666678051e+00
1.151682666666680177e+00
5.661060000000119885e-01
5.774309333333462746e-01
3.171044000000122765e-01
3.209764000000063788e-01
-2.010013333332238972e-02
-1.874999999998294697e-02
5.125013333333541254e-01
5.246021333333388270e-01
5.518862666666706218e-01
5.676697333333393658e-01
4.059174666666578446e-01
4.201243999999917378e-01
-1.884830666666701404e-01
-1.847323999999943567e-01
-3.132199999999940587e-01
-3.054202666666583355e-01
-2.976205333333297176e-01
-3.925931999999860977e-01
-3.903209333333208519e-01
-6.048342666666499667e-01
-5.949742666666466562e-01
-1.074759866666646246e+00
-1.062473066666640875e+00
-6.701723999999842363e-01
-6.718089333333168156e-01
-5.858433333333223914e-01
-5.816811999999913496e-01
-3.280559999999610454e-02
-1.858253333332982038e-02
1.476474666666618418e-01
1.659568000000035681e-01
6.449042666666642276e-01
6.649638666666675135e-01
1.719893333333288865e-01
1.932170666666550574e-01
-3.799950666666731536e-01
-3.513473333333365645e-01
-2.369210666666674570e-01
-2.137430666666659818e-01
-3.573356000000060817e-01
-3.411892000000094072e-01
7.447719999999691254e-02
8.147613333332515140e-02
-2.162530666666739876e-01
-2.158786666666756560e-01
-4.773102666666773075e-01
-4.660878666666832260e-01
1.133163999999950988e-01
1.260238666666637641e-01
3.670949333333268783e-01
3.640737333333277093e-01
4.207153333333337741e-01
4.284821333333326265e-01
4.385814666666618677e-01
-7.463920000000001664e-02
-6.382773333332636412e-02
5.153733333337129352e-03
5.007999999975254468e-04
-3.119821333333305802e-01
-3.087096000000002505e-01
2.852729333333314798e-01
2.932567999999946551e-01
5.868306666666640581e-01
5.949241333333290527e-01
1.647575999999943974e-01
1.800999999999959300e-01
-1.530776000000031445e-01
-1.434858666666727345e-01
-4.082541333333367106e-01
-3.892330666666694583e-01
-2.364020000000053301e-01
-2.209018666666651143e-01
-2.459117333333296074e-01
-2.447370666666657257e-01
-4.249523999999951229e-01
-4.338703999999964367e-01
-1.892484000000038691e-01
-1.940654666666716821e-01
1.476174666666665303e-01
1.499289333333280183e-01
1.175100399999990941e+00
1.167825199999995789e+00
3.584999999999922693e-01
3.427855999999849246e-01
4.568119999998287994e-02
5.025879999998039693e-02
6.148163999999809448e-01
6.192535999999861929e-01
-3.170192000000113808e-01
-3.155492000000066355e-01
-4.890192000000013195e-01
-4.910722666666700320e-01
-6.632629333333284194e-01
-6.771475999999978512e-01
2.535633333333322526e-01
2.478254666666686035e-01
-8.501767999999927383e-01
-8.583842666666612331e-01
-8.241755999999966775e-01
-8.282793333333202668e-01
-7.453851999999798750e-01
-7.454839999999833822e-01
-7.562262666666512700e-01
-7.390881333333183534e-01
-1.479369333333195868e-01
-1.439902666666554865e-01
-3.939217333333289162e-01
-4.035043999999956554e-01
-6.584829333333246382e-01
-6.705334666666615817e-01
-2.036941333333359694e-01
-2.184433333333402061e-01
6.046989333333314676e-01
5.932553333333316914e-01
1.142322666666544251e-01
1.067201333333187563e-01
-2.667200000000491400e-02
-3.596199999999782904e-02
3.962961333333367975e-01
4.050626666666730102e-01
7.635752000000124440e-01
7.549376000000123099e-01
-2.149218666666570243e-01
-2.275739999999899510e-01
1.360026666667835116e-02
7.436933333345052688e-03
2.583908000000079142e-01
2.485382666666708928e-01
5.005832000000012272e-01
4.886582666666612340e-01
8.386078666666634263e-01
8.285112000000012245e-01
2.781587999999928229e-01
2.627915999999927976e-01
1.103055999999895676e-01
8.341613333332276170e-02
3.399171999999808236e-01
3.223058666666460681e-01
2.910237333333185461e-01
2.807858666666547265e-01
-1.460546000000007894e+00
-1.472956666666675574e+00
-8.368118666666717331e-01
-8.447750666666777875e-01
-1.157345333333452686e-01
-1.257708000000050674e-01
1.797971999999958825e-01
1.665109333333276709e-01
3.215070666666690613e-01
3.112830666666681623e-01
-1.170467999999971198e-01
-1.210194666666595253e-01
-1.725915999999969586e-01
-1.867523999999960438e-01
2.771868000000026200e-01
2.656142666666738705e-01
-7.163279999998906078e-02
-7.038786666665686198e-02
4.389229333333517502e-01
4.386990666666790162e-01
4.454089333333470790e-01
4.278816000000063013e-01
4.869590666666638867e-01
4.721407999999982508e-01
-2.031020000000012260e-01
-2.025034666666698513e-01
-2.178918666666689319e-01
-2.141745333333346935e-01
-5.058831999999995332e-01
-4.997275999999999385e-01
8.381667999999962149e-01
8.304047999999966123e-01
5.970180000000055998e-01
5.837620000000072196e-01
-8.704159999999205866e-02
-9.087013333332549792e-02
-5.647157333333154838e-01
-5.655231999999870141e-01
-4.312510666666611314e-01
-5.196755999999922437e-01
-3.544555999999872142e-01
-4.484725333333230424e-01
-6.273582666666541741e-01
-6.848158666666535055e-01
-7.414514666666534026e-01
-7.763651999999865438e-01
-5.593604000000027554e-01
-5.780542666666761420e-01
-2.310122666666600821e-01
-2.488226666666548681e-01
2.596600000000393038e-02
1.914400000000426871e-02
-3.059001333333313255e-01
-3.022146666666643000e-01
-8.363475999999891997e-01
-8.440101333333203115e-01
-3.743625333333184813e-01
-3.688513333333176547e-01
-2.278746666665654175e-02
-2.380786666665812845e-02
1.932933333334574399e-02
2.526440000001173303e-02
-8.642541333333184639e-01
-8.429597333333163078e-01
-7.916054666666596518e-01
-7.839205333333296721e-01
-5.990593333333293913e-01
-5.976907999999951926e-01
-8.748746666665851990e-02
-7.322906666665573994e-02
2.274828000000113093e-01
2.313569333333447275e-01
-1.977165333333275044e-01
-2.023876000000015551e-01
-4.546829333333377576e-01
-4.640822666666721830e-01
4.368877200000000016e+00
4.368441866666664453e+00
5.431544533333322988e+00
5.426151066666655254e+00
3.417884399999984169e+00
3.407798399999990124e+00
2.025776666666658343e+00
2.022491333333327646e+00
9.679361333333247330e-01
9.192883999999921230e-01
3.800234666666639782e-01
3.298206666666629872e-01
-5.819234666666659450e-01
-6.097917333333242595e-01
-9.502082666666566979e-01
-9.559067999999939502e-01
-4.489973333333310279e-01
-4.571525333333426033e-01
-9.438030666666819002e-01
-9.488248000000041316e-01
-4.397393333333354803e-01
-4.366512000000071225e-01
-8.813273333333384585e-01
-8.755189333333390778e-01
-2.697501866666677017e+00
-2.704037733333343851e+00
-1.708969333333335783e+00
-1.710935199999994438e+00
-1.537035333333328424e+00
-1.539417999999990627e+00
-1.162884266666658561e+00
-1.164108266666652014e+00
-6.066430666666562388e-01
-5.997354666666581124e-01
-6.189129333333198701e-01
-5.971974666666497455e-01
-6.939001333333152388e-01
-6.740579999999951610e-01
-1.103819199999989564e+00
-1.023195066666666264e+00
-3.114740000000111309e-01
-2.190460000000058471e-01
1.038938666666595623e-01
1.616963999999967427e-01
-3.122729333333253976e-01
-2.770890666666616653e-01
3.395973466666667662e+00
3.416983333333341477e+00
3.919475600000012605e+00
3.932259066666681235e+00
2.551563200000011022e+00
2.550598266666682434e+00
5.581737333333478546e-01
5.631274666666783446e-01
2.258608000000066340e-01
2.382985333333351718e-01
4.798626666666692131e-01
4.847794666666658259e-01
2.285405333333372369e-01
2.282970666666699344e-01
6.123573333333354185e-02
5.837960000000208538e-02
7.053053333333991759e-02
4.647880000000981227e-02
-2.766535999999817363e-01
-2.802810666666530892e-01
-6.915586666665518578e-02
-7.585239999998805160e-02
3.264960000000129980e-01
3.267936000000162267e-01
1.405893333335228590e-02
2.000186666668213320e-02
-1.509047599999981060e+00
-1.508159466666647575e+00
-1.609667333333327122e+00
-1.606684266666668748e+00
-1.328956399999995597e+00
-1.333291733333325624e+00
-1.154420933333327071e+00
-1.146887999999989916e+00
-5.406257333333215342e-01
-5.221782666666570094e-01
-1.860671999999965465e-01
-1.726116000000033068e-01
-1.020134666666692169e-01
-3.604093333333935334e-02
1.578494666666614421e-01
2.178214666666704602e-01
4.250476000000062982e-01
4.676312000000066860e-01
-2.684031999999945128e-01
-2.550541333333313787e-01
-2.879404000000036490e-01
-2.752762666666725977e-01
-1.801709333333221252e-01
-1.684351999999904592e-01
7.363178666666811978e-01
7.460920000000186292e-01
5.013316000000216377e-01
5.170258666666853742e-01
3.069430666666761454e-01
3.193476000000075032e-01
-2.030335999999977048e-01
-1.981660000000005084e-01
2.131641333333362809e-01
2.173882666666742125e-01
7.481013333334374238e-02
9.261240000000725558e-02
2.375722666666675309e-01
2.392467999999965400e-01
5.791383999999979437e-01
5.679639999999963607e-01
2.831247999999959575e-01
2.740220000000022083e-01
3.034138666666663653e-01
2.972347999999911394e-01
2.022879999998394851e-02
2.381239999998996382e-02
-5.260566666666761648e-01
-5.152480000000068117e-01
-6.392025333333464232e-01
-6.311289333333505169e-01
-9.097726666666829942e-01
-9.138412000000215585e-01
2.183906666664370277e-02
2.751959999998376816e-02
-4.240080000001711369e-02
-3.637040000001690032e-02
1.648717333333209467e-01
1.574375999999872988e-01
-1.483309333333480140e-01
-1.559541333333456237e-01
1.426999999999907232e-01
1.414274666666628377e-01
3.127946666666758802e-02
4.477080000000199789e-02
-5.499530666666601064e-01
-5.341253333333284559e-01
-2.353649333333294180e-01
-2.194107999999914682e-01
4.230840000000313239e-02
4.875559999999978800e-02
3.212845333333333997e-01
3.254195999999964783e-01
-2.867545333333367807e-01
-2.944526666666646975e-01
5.887516000000019289e-01
5.922593333333310284e-01
2.949946666666392048e-02
3.441093333332645443e-02
-2.205385333333396147e-01
-2.230958666666822410e-01
-1.628700000000051773e-01
-1.672085333333370727e-01
-7.324091999999993163e-01
-7.341226666666713641e-01
-6.899013333333456899e-01
-6.985381333333364751e-01
-1.793894666666631110e-01
-1.875490666666692618e-01
7.195769333333288387e-01
7.135765333333310423e-01
1.103145333333301892e-01
1.064354666666602611e-01
2.409589333333315153e-01
2.393774666666601547e-01
4.982525333333214235e-01
4.990569333333283453e-01
4.684909333333209247e-01
4.680141333333196485e-01
7.460693333332102384e-02
7.983733333333020710e-02
-1.272433333333324867e-01
-1.285994666666638864e-01
-5.656402666666693335e-01
-5.707127999999954682e-01
-8.077526666666585697e-01
-8.095077333333264846e-01
-6.254915999999894893e-01
-6.170267999999978770e-01
-2.804599999999624060e-02
-2.521333333333330984e-02
7.047289333333353056e-01
6.953054666666673711e-01
-1.127266666666315587e-02
2.928400000008934967e-03
2.629154666666764228e-01
2.638636000000076365e-01
5.492353333333426235e-01
5.518253333333476007e-01
7.235762666666758491e-01
7.286798666666811641e-01
2.563138666666944232e-01
2.456170666667034652e-01
1.934925333333623598e-01
1.883069333333580175e-01
1.530320000001950120e-02
8.804133333356389812e-03
-4.342101333333090452e-01
-4.205651999999702184e-01
3.639794666666915646e-01
3.714205333333495673e-01
1.305908000000144398e-01
1.347994666666778585e-01
1.687444000000013489e-01
1.713697333333357165e-01
-2.806026666666383562e-02
-2.463173333332946413e-02
-1.493165333333408284e-01
-1.586374666666756639e-01
2.023922666666635450e-01
1.870873333333307187e-01
-1.600392000000070425e-01
-1.787268000000068469e-01
-1.634181333333302177e-01
-1.890705333333215776e-01
-7.259409333333195491e-01
-7.508765333333187186e-01
-8.500826666665517450e-02
-1.004382666666572277e-01
1.988657333333421207e-01
1.988656000000048607e-01
-6.932779999999993947e-01
-7.092610666666629982e-01
-2.989454666666588878e-01
-3.048862666666636301e-01
-6.863591999999982818e-01
-6.829493333333331861e-01
-8.034950666666631491e-01
-8.013343999999946732e-01
-1.776309333333330187e-01
-1.819542666666649211e-01
-5.467594666666641956e-01
-5.603143999999957714e-01
5.194893333333538976e-02
4.090719999999947731e-02
-5.678081333333295788e-01
-5.772351999999898453e-01
-7.207551999999992631e-01
-7.221158666666624981e-01
-3.449415999999985161e-01
-3.511232000000035214e-01
1.951586666665861003e-02
9.686799999997219857e-03
-9.047146666667060799e-02
-8.887559999999439242e-02
4.702926666666726874e-01
4.656218666666731565e-01
7.040265333333479703e-01
7.013656000000167978e-01
5.204364000000083479e-01
5.181618666666665263e-01
8.029625333333356707e-01
8.007836000000096988e-01
9.203960000000179775e-01
9.108105333333540443e-01
7.744532000000177163e-01
7.629873333333492269e-01
3.336472000000156868e-01
3.315600000000102909e-01
8.074136000000038393e-01
7.985574666666721555e-01
2.955702666666795153e-01
2.963832000000152789e-01
-1.213221333333223129e-01
-1.409027999999921121e-01
9.985386666667039890e-02
8.049333333333663631e-02
8.576360000000704531e-02
7.123293333334146382e-02
7.021333333333430460e-01
6.653106666666772639e-01
2.734933333333415817e-01
2.097696000000084382e-01
-4.317133333333202927e-01
-4.755869333333180293e-01
-3.473369333333167219e-01
-3.772815999999821202e-01
-2.906946666666527790e-01
-3.091499999999882675e-01
-2.272573333332417178e-02
-1.782586666665508801e-02
-1.072654533333320614e+00
-1.074957199999985846e+00
-7.226237333333216384e-01
-7.209105333333312160e-01
-4.936026666666606388e-01
-4.886119999999891661e-01
-8.410402666666598748e-01
-8.379589333333257173e-01
-8.010865333333185845e-01
-7.901707999999842968e-01
-7.356998666666498821e-01
-7.270518666666490049e-01
1.039244000000181245e-01
1.179814666666842982e-01
-2.720573333333149435e-01
-2.654194666666498392e-01
-6.272721333333137750e-01
-6.041290666666441211e-01
-8.899095999999886430e-01
-8.796075999999928285e-01
2.753316000000083363e-01
2.847794666666771946e-01
1.550109333333367090e-01
1.673194666666688590e-01
4.454148000000088814e-01
4.548242666666766354e-01
1.784883466666670415e+00
1.799158533333333310e+00
4.454318666666672755e+00
4.475095466666680011e+00
2.407824000000012177e+00
2.419416800000014689e+00
1.244180266666681689e+00
1.248251333333350033e+00
7.739782666666741306e-01
7.690476000000003864e-01
-6.070549333333303821e-01
-6.111153333333305682e-01
-1.767398666666650797e-01
-2.062439999999980955e-01
2.690093333333010150e-02
-1.978800000003388959e-03
-3.560293333332964494e-02
-7.601933333332766551e-02
-1.518903999999920984e-01
-1.986285333333199787e-01
-5.459670666666482930e-01
-5.729494666666425928e-01
-3.006539999999731094e-01
-3.314303999999737016e-01
-8.927782666666459477e-01
-8.992797333333157894e-01
-7.765941333333188368e-01
-7.842067999999926542e-01
-1.544999733333327185e+00
-1.544606799999989732e+00
-1.084933999999989851e+00
-1.084705066666664663e+00
-1.418540800000002378e+00
-1.406089066666673659e+00
-1.348070133333337139e+00
-1.334975866666674449e+00
-1.084650666666675534e+00
-1.066872933333343099e+00
-7.462921333333341067e-01
-7.236662666666688892e-01
-1.516763999999994894e+00
-1.450438133333328494e+00
-1.292921599999992566e+00
-1.259107599999992999e+00
-5.029689333333280388e-01
-4.782819999999929905e-01
3.265772000000026765e-01
3.391485333333363883e-01
5.679742666666740547e-01
5.696049333333377263e-01
1.426989599999998859e+00
1.436659066666670981e+00
1.750118800000002750e+00
1.762603333333338185e+00
2.862655066666668802e+00
2.872706000000000870e+00
3.001377333333337560e+00
3.003245200000009163e+00
1.549389733333335073e+00
1.539906933333327288e+00
1.860797066666663113e+00
1.860547866666671268e+00
8.565978666666822505e-01
8.486933333333439577e-01
5.274521333333623829e-01
5.380506666666917681e-01
-4.367665333333192734e-01
-4.484594666666552598e-01
-7.439349333333211689e-01
-7.491627999999863619e-01
-5.256093333333140549e-01
-5.335943999999770426e-01
-7.318465333333108447e-01
-7.399079999999784718e-01
-8.305435999999843943e-01
-8.390339999999909537e-01
1.046497333333462620e-01
9.467546666668624766e-02
-5.584154666666449884e-01
-5.713453333333120554e-01
-2.247494666666440821e-01
-2.388315999999761630e-01
-7.476913333333143896e-01
-7.515097333333216056e-01
-3.160005333333231192e-01
-3.145567999999911990e-01
-8.646051999999926352e-01
-8.539224000000018577e-01
-9.822700000000068599e-01
-9.516356000000030235e-01
-8.701065333333417584e-01
-8.331746666666788315e-01
-6.069305333333474550e-01
-5.572797333333525671e-01
7.696813333331675722e-02
1.281606666666519345e-01
7.102970666666550414e-01
7.470587999999835915e-01
3.943723999999875218e-01
4.335539999999866723e-01
4.920391999999864652e-01
5.191819999999864876e-01
-7.111069333333475129e-01
-6.904066666666821561e-01
2.409677333333206661e-01
2.398594666666582498e-01
2.133150666666594475e-01
2.065435999999962746e-01
6.027466666667180561e-02
4.679786666667951067e-02
8.397573333333951950e-02
7.749773333333109804e-02
3.357372000000040657e-01
3.293405333333438989e-01
7.321888000000100760e-01
7.425321333333414486e-01
1.151218666666693480e-01
1.196750666666659413e-01
3.343507999999957292e-01
3.417706666666617821e-01
3.108622666666676082e-01
3.091685333333344943e-01
7.051026666666686538e-01
7.121009333333319091e-01
2.533642666666651166e-01
2.508738666666658901e-01
-4.002713333333360879e-01
-4.016793333333268379e-01
-5.744221333333214830e-01
-5.767211999999872774e-01
-4.429394666666581770e-01
-4.424614666666641938e-01
-4.308100000000010255e-01
-4.224981333333346356e-01
-7.762489333333348895e-01
-7.568585333333288645e-01
-5.978187999999988733e-01
-5.894582666666607906e-01
-6.742331999999962022e-01
-6.650074666666654366e-01
-5.044314666666593894e-01
-5.143042666666559626e-01
1.483386666666746123e-01
1.511497333333409188e-01
2.884532000000064045e-01
2.909766666666797619e-01
1.040069333333349277e+00
1.052822000000013247e+00
3.469690666666735979e-01
3.569261333333386688e-01
2.810196000000075855e-01
2.969030666666725438e-01
1.027986666667146665e-02
3.078666666666407536e-02
-1.538006666666689171e-01
-1.408780000000078303e-01
1.522906666666301589e-02
2.839613333333801393e-02
2.107221333333342272e-01
2.141481333333388193e-01
5.398799999994707832e-03
1.970946666666151259e-02
1.793699999999986971e-01
1.820005333333369890e-01
-5.375800000000197088e-02
-5.797653333333130377e-02
4.504040000000486543e-02
3.433733333334032523e-02
-6.339733333341257548e-03
-1.354680000000740847e-02
-2.350320000000749587e-02
-2.892960000000499576e-02
-3.244073333333332698e-01
-3.392950666666791903e-01
7.358266666665258526e-02
5.302039999998697795e-02
1.310853333333028559e-02
5.496666666665817047e-03
1.856360000000023547e-01
1.866153333333286923e-01
1.717019999999962465e-01
1.843986666666665997e-01
1.864500000000006708e-01
-7.212986666666623137e-01
-7.068941333333285115e-01
-4.296195999999881110e-01
-4.245657333333241468e-01
-5.981318666666552986e-01
-5.997714666666595917e-01
-5.515610666666646011e-01
-5.542689333333328250e-01
-6.174967999999978474e-01
-6.197947999999939839e-01
-4.350727999999932649e-01
-4.287347999999937542e-01
2.765832000000045809e-01
2.764970666666712873e-01
-1.480290666666590482e-01
-1.501555999999979463e-01
2.653878666666784625e-01
2.632504000000110977e-01
1.281429333333434784e-01
1.180573333333470032e-01
4.223517333333504098e-01
4.230706666666819160e-01
2.953396000000054755e-01
2.850219999999978882e-01
1.445543999999969742e-01
1.371169333333313034e-01
4.698794666666614717e-01
4.573390666666625748e-01
1.015288666666663175e+00
1.012664266666661206e+00
-5.481013333334061599e-02
-6.347906666667313402e-02
-5.484279999999941424e-01
-5.516882666666660384e-01
-7.735485333333329550e-01
-7.788245333333350118e-01
1.490794666666630519e-01
1.504666666666594210e-01
-5.042680000000387963e-02
-6.789720000000443179e-02
-9.637266666667443360e-02
-1.169569333333413397e-01
2.702971999999874697e-01
2.494255999999808182e-01
2.208666666653869015e-03
-2.740026666668171629e-02
-2.860661333333425205e-01
-3.126218666666744639e-01
-8.414440000000169562e-01
-8.634458666666802173e-01
-2.154180000000067707e-01
-2.226428000000097995e-01
-3.055568000000050688e-01
-3.277240000000034570e-01
-1.864722666666764894e-01
-2.066378666666750519e-01
1.359935999999990486e-01
1.260084000000034621e-01
-5.764050666666662437e-01
-5.790213333333369405e-01
2.109197333333341362e-01
2.083746666666712599e-01
-1.644573333333454457e-02
-2.094093333332835982e-02
8.122986666666065503e-02
8.646920000000335449e-02
-2.109449333333373033e-01
-1.962809333333339623e-01
2.252250666666668621e-01
2.197966666666673063e-01
-1.847213333333286300e-02
-3.257960000000537093e-02
7.396826666666811434e-02
5.568413333333666060e-02
-4.498975999999927922e-01
-4.483950666666629559e-01
5.509213333333207174e-02
4.747746666666330384e-02
5.360793333333262467e-01
5.301886666666675296e-01
3.726976000000021827e-01
3.741793333333376381e-01
1.077784266666668600e+00
1.073414533333334475e+00
7.764914666666768994e-01
7.582258666666774616e-01
5.787101333333453113e-01
5.529757333333478186e-01
1.267508000000105994e-01
1.342612000000116268e-01
8.370778666666751633e-01
8.422653333333443015e-01
1.117107466666681148e+00
1.117682933333355777e+00
2.266193333333532678e-01
2.247912000000127364e-01
-2.461519999998529329e-02
-6.866079999998930816e-02
-2.359061333333158927e-01
-2.618351999999859459e-01
-2.745947999999884814e-01
-2.854433333333261658e-01
-6.848201333333321372e-01
-6.846779999999981214e-01
-8.250326666666580877e-01
-8.249615999999875271e-01
-3.771966666666557444e-01
-3.634241333333250168e-01
-1.780214666666637413e-01
-1.750739999999950669e-01
-7.582893333333373675e-02
-6.585906666666829778e-02
-6.133724000000029264e-01
-6.102754666666641015e-01
-1.068116000000003396e-01
-9.735306666666332376e-02
-2.250857333333229349e-01
-2.146271999999953550e-01
-3.489729333333286831e-01
-3.395769333333262807e-01
-1.089289333333240961e-01
-9.661386666665805478e-02
7.257810666666770771e-01
7.436574666666757594e-01
8.148736000000056379e-01
8.301920000000038158e-01
-9.925969333333384270e-01
-9.899508000000096786e-01
-8.738314666666724406e-01
-8.617010666666686802e-01
-3.422533333333390715e-01
-3.204654666666755247e-01
2.342090666666649668e-01
2.507345333333361737e-01
2.733772799999997005e+00
2.744118800000002523e+00
2.188210933333337493e+00
2.192732933333346068e+00
8.458897333333510460e-01
8.461650666666855614e-01
1.190718666666867875e-01
1.085325333333457820e-01
-2.087549333333313939e-01
-2.150338666666655740e-01
-8.219883999999950674e-01
-8.246721333333226767e-01
-2.396371999999900027e-01
-2.869101333333290427e-01
-7.360310666666691759e-01
-7.939774666666679082e-01
-8.435381333333253906e-01
-8.798030666666605271e-01
-8.820861333333240850e-01
-8.954983999999939215e-01
-4.894181333333307293e-01
-5.093403999999921439e-01
-6.085454666666549883e-01
-6.250495999999969854e-01
-1.525090666666599759e-01
-1.549994666666592025e-01
-8.532473333333356891e-01
-8.398440000000064742e-01
-7.883720000000096206e-01
-7.742810666666812836e-01
-2.435054666666758294e-01
-2.536801333333400521e-01
-2.775456000000176005e-01
-2.950352000000222574e-01
-7.625681333333460543e-01
-7.710525333333393405e-01
-1.274092400000007785e+00
-1.276023466666671879e+00
-1.019855333333332226e+00
-9.839393333333319447e-01
-6.525395999999972219e-01
-6.193146666666748956e-01
-2.695008000000029824e-01
-2.599847999999909121e-01
1.611122666666773284e-01
1.694185333333422250e-01
-2.822309333333166137e-01
-2.799006666666556953e-01
-1.132179999999891606e-01
-1.239669333333281998e-01
3.391929333333330021e+00
3.383299733333331005e+00
4.264455333333337705e+00
4.263135333333337940e+00
2.085095066666667663e+00
2.078966266666661511e+00
8.528927999999922349e-01
8.577059999999931961e-01
1.212578000000000600e+00
1.211338800000000049e+00
8.099978666666629579e-01
8.087922666666713667e-01
-2.511039999998843086e-02
-1.285506666666691444e-02
-3.881111999999973250e-01
-3.866385333333255403e-01
-3.808381333333201724e-01
-3.778882666666518730e-01
-3.804534666666512521e-01
-3.746165333333166814e-01
2.838293333333368196e-01
2.889938666666722611e-01
1.164282666666807131e-01
1.087241333333395232e-01
1.476690666666726770e-01
1.312518666666733225e-01
-2.510030666666622778e-01
-2.623041333333304692e-01
-6.322050666666640950e-01
-6.162083999999907746e-01
-1.691602666666582877e-01
-1.608364000000008787e-01
-7.783363999999934890e-01
-7.771367999999938547e-01
-6.387457333333301790e-01
-6.432239999999964652e-01
-2.710330666666678212e-01
-2.726212000000032276e-01
1.991485333333287144e-01
2.495914666666649850e-01
-6.393601333333336356e-01
-5.703234666666716635e-01
-1.539225333333362755e-01
-1.182647999999986155e-01
-8.921278666666694335e-01
-8.728342666666719651e-01
2.639186666667114878e-02
4.971053333334651825e-02
-1.219173333332435050e-02
8.452000000012560577e-03
-5.054433333333179235e-01
-4.954469333333193504e-01
-3.884017333333176225e-01
-3.897838666666473273e-01
-4.645749333333100139e-01
-4.515289333333072364e-01
-1.140626666666406663e-01
-1.055213333333142600e-01
-5.292586666664789163e-02
-3.996386666664619725e-02
4.790996000000120603e-01
4.944673333333469145e-01
6.622062666666792552e-01
6.690438666666835843e-01
5.124236000000124136e-01
5.201392000000026883e-01
-1.221300399999989850e+00
-1.229942533333328925e+00
-3.228268000000014126e-01
-3.257810666666713928e-01
6.276531999999903633e-01
6.255574666666561257e-01
5.934830666666641719e-01
5.914586666666679093e-01
5.521160000000051582e-01
5.570933333333414339e-01
1.867690666666703692e-01
1.999348000000011893e-01
-3.036922666666654891e-01
-3.079493333333331861e-01
1.133413333333521678e-02
4.127600000003894820e-03
-5.159999999975184437e-04
-1.215959999999682850e-02
4.222173333333500977e-02
5.404306666665803505e-02
-1.366082666666770251e-01
-1.288096000000038543e-01
-1.800909333333393647e-01
-1.907422666666747091e-01
2.814129333333355021e-01
2.782681333333343332e-01
-8.116753333333335263e-01
-8.233388000000019247e-01
-5.026508000000049492e-01
-5.070827999999920621e-01
-1.832210666666611587e-01
-1.806193333333396822e-01
-5.282309333333401469e-01
-5.237725333333358435e-01
1.747141333333317448e-01
1.801007999999981735e-01
-2.532304000000138444e-01
-2.518716000000083000e-01
5.975679999999883307e-01
5.828175999999842816e-01
5.802014666666508447e-01
-1.167212000000148464e-01
-1.050734666666812700e-01
4.017786666665301709e-02
4.710853333332210013e-02
-9.497280000000785094e-02
-8.688506666667450418e-02
-2.621628000000129077e-01
-2.548637333333445554e-01
1.035649333333239497e-01
9.995533333332673465e-02
6.813711999999938485e-01
6.695402666666581126e-01
2.052425333333260937e-01
2.015081333333341718e-01
-6.850985333333312610e-01
-6.866077333333322485e-01
-4.640557333333319434e-01
-4.659497333333249003e-01
3.882506666666785122e-01
3.815093333333408054e-01
-8.183946666665775638e-02
-7.795093333332658858e-02
4.948585333333426206e-01
4.878509333333482800e-01
2.616888000000088255e-01
2.576316000000034023e-01
-2.458734666666657631e-01
-2.529150666666666325e-01
1.077955999999957726e-01
9.467199999999564852e-02
1.665727999999973008e-01
1.656749333333280561e-01
3.017463999999989710e-01
2.884719999999916240e-01
-2.475234666666707994e-01
-2.358663999999990324e-01
-2.303954666666641060e-01
-3.391845333333307622e-01
-3.419503999999946586e-01
-2.098626666666092433e-02
-1.419866666666536048e-02
-1.385110666666662382e-01
-1.396093333333325859e-01
-4.650475999999983401e-01
-4.776410666666635052e-01
-1.714545333333390431e-01
-1.786626666666748520e-01
7.572191999999944301e-01
7.565773333333325468e-01
1.556954666666641174e-01
1.493849333333301388e-01
1.874440000000276996e-02
5.530533333342191327e-03
-1.772733333333178507e-01
-1.904882666666480873e-01
1.192168000000251027e-01
1.227329333333599948e-01
-1.956909333333101131e-01
-2.000199999999807687e-01
-4.654190666666551124e-01
-4.592177333333253841e-01
-3.491763999999974999e-01
-3.475406666666671640e-01
1.991850666666650227e-01
1.885121333333259486e-01
2.819191999999972609e-01
2.766152000000019484e-01
4.748120000000710661e-02
4.199720000001150311e-02
5.300632000000149446e-01
5.316181333333460657e-01
-4.724969333333248755e-01
-4.789785333333256290e-01
-2.150013333332623233e-02
-2.103653333332289321e-02
-1.001663999999919952e-01
-1.011715999999935889e-01
-6.764504000000073347e-01
-6.731769333333375016e-01
-2.309714666666735639e-01
-2.315482666666710543e-01
4.380004000000070619e-01
4.333500000000114483e-01
3.844300000000160367e-01
3.876061333333495895e-01
5.084868000000142274e-01
5.204590666666817356e-01
4.891081333333460179e-01
4.913181333333440648e-01
1.250904000000119254e-01
1.297436000000118383e-01
3.540156000000109771e-01
3.577420000000088862e-01
-2.865599999999091096e-02
-1.097239999999288784e-02
1.299086666666653400e-01
1.332817333333267129e-01
-9.116613333333134506e-02
-1.006450666666580673e-01
1.591053333334713216e-02
1.748613333334247955e-02
4.572996000000060235e-01
4.617008000000026868e-01
4.339597333333458096e-01
4.327097333333540519e-01
5.240153333333594787e-01
5.255062666666887594e-01
1.492078666666856179e-01
1.469910666666791599e-01
1.979753333333462706e-01
1.817302666666833488e-01
-3.492186666666512451e-01
-4.196134666666537782e-01
-4.951491999999930727e-01
-5.487709333333370409e-01
-6.072772000000057346e-01
-6.395242666666689502e-01
-5.082256000000100471e-01
-5.182620000000071059e-01
-5.381257333333380188e-01
-5.366334666666716657e-01
-8.039981333333372504e-01
-8.066374666666717985e-01
-5.244950666666738925e-01
-5.098642666666677314e-01
-3.637743999999969446e-01
-3.590305333333319027e-01
-6.667470666666588386e-01
-6.661979999999871893e-01
-7.627705333333238968e-01
-7.610637333333301058e-01
-1.488485999999994647e+00
-1.491734133333324053e+00
-7.419323999999960506e-01
-7.328794666666667013e-01
-2.398773333333537039e-02
-2.294426666666993242e-02
-7.454888000000039483e-01
-7.501753333333383011e-01
-4.159456000000147924e-01
-4.174426666666803953e-01
1.085331999999894492e-01
1.087938666666588006e-01
-3.190716000000080044e-01
-3.200480000000069936e-01
4.454806666666613069e-01
4.434949333333335630e-01
4.888473333333323012e-01
4.876266666666637661e-01
5.004650800000000288e+00
5.000850400000004470e+00
3.660945333333330609e+00
3.662528266666662091e+00
1.482458933333333562e+00
1.480157866666679922e+00
2.548390666666762172e-01
2.121196000000082904e-01
-2.105079999999048823e-02
-5.696133333332653592e-02
1.649019999999978836e-01
1.400781333333398493e-01
-1.071097333333334234e+00
-1.090703333333323144e+00
-4.023502666666587402e-01
-4.175894666666550847e-01
-4.890995999999887545e-01
-5.115629333333231443e-01
-4.003106666666553792e-01
-4.143091999999839459e-01
-4.607693333333102714e-01
-4.835890666666458060e-01
-1.291480799999987994e+00
-1.299830799999988074e+00
-9.224397333333200777e-01
-9.244661333333183961e-01
-3.817625333333225512e-01
-3.941363999999865086e-01
-2.103079999999835081e-01
-2.116121333333182974e-01
-3.712373333333189862e-01
-3.665834666666540897e-01
-1.793349333333154050e-01
-1.847878666666531444e-01
-4.886223999999899092e-01
-4.794022666666535315e-01
-4.603327999999820008e-01
-4.474219999999888842e-01
-7.015853333333197384e-01
-6.259566666666529500e-01
-9.759919999999837614e-01
-9.271099999999918850e-01
-6.131871999999987111e-01
-5.910899999999941201e-01
2.603722266666665064e+00
2.604614666666655864e+00
2.073481066666651884e+00
2.077215066666653343e+00
9.847237333333183074e-01
9.960959999999872139e-01
8.836398666666553936e-01
8.818063999999949942e-01
6.938089333333294917e-01
6.930223999999967077e-01
9.257802666666634650e-01
9.229130666666662819e-01
1.869065333333423951e-01
1.800366666666732840e-01
1.105826666666729352e-01
1.022974666666698340e-01
-2.504689333333303125e-01
-2.573458666666610384e-01
-3.064453333333005958e-02
-4.179786666666274186e-02
5.250800000005995116e-03
6.672800000004031062e-03
-4.864083999999877506e-01
-4.783079999999912957e-01
-3.913423999999920966e-01
-3.956255999999882533e-01
-6.878786666665348548e-02
-7.079919999998907088e-02
-4.057761333333189668e-01
-4.001411999999859859e-01
-6.247331999999801155e-01
-6.256266666666476794e-01
-8.095355999999824803e-01
-8.034719999999779816e-01
-1.328963999999785983e-01
-1.303203999999738016e-01
-2.966526666666453593e-01
-2.929557333333150382e-01
1.185018666666834974e-01
1.625052000000195562e-01
-2.038713333333177502e-01
-1.703461333333180505e-01
-4.630037333333163474e-01
-4.511238666666486097e-01
-6.403834666666483599e-01
-6.251010666666516613e-01
1.525360000000830496e-02
2.663826666668001053e-02
1.450261333333457969e-01
1.635440000000158989e-01
6.075126666666861297e-01
6.155996000000243384e-01
7.061961333333570678e-01
7.236512000000203670e-01
-1.640554666666531602e-01
-1.518122666666528175e-01
5.605784000000184619e-01
5.747728000000122961e-01
2.008946666666702185e-01
2.261560000000102377e-01
-6.433013333332127104e-02
-6.107453333332557577e-02
7.066720000000046298e-01
7.135408000000040829e-01
7.427210666666681504e-01
7.449184000000030892e-01
-1.394089333333354830e-01
-1.381800000000055206e-01
3.588376000000010890e-01
3.594519999999974402e-01
-4.915056000000106451e-01
-4.885617333333414081e-01
-6.229652000000100998e-01
-6.177497333333477059e-01
-4.047786666666794986e-01
-3.891826666666844403e-01
-2.026468000000107850e-01
-1.847902666666740856e-01
8.405866666665673392e-02
9.637239999999991369e-02
6.282225333333428807e-01
6.478233333333420774e-01
3.016114666666851463e-01
3.211776000000199360e-01
4.458628000000217639e-01
4.648905333333530621e-01
1.845533333333477799e-01
2.093341333333498255e-01
2.872982666666814566e-01
3.087056000000174549e-01
-4.336658666666579620e-01
-4.142057333333255542e-01
-3.497450666666566121e-01
-3.382571999999939294e-01
-2.352546666666626152e-01
-2.255719999999996617e-01
-1.000282666666663545e+00
-9.890610666666717066e-01
1.714089333333461695e-01
1.740249333333494519e-01
-3.100266666656636971e-03
1.562306666668433763e-02
7.135554666666763524e-01
7.344080000000161590e-01
4.872786666666826250e-01
4.999185333333642234e-01
3.349498666666974600e-01
3.424741333333543025e-01
-1.468413333330431669e-02
-2.049226666664338836e-02
4.713292000000066651e-01
4.624356000000062750e-01
-4.950271999999884542e-01
-5.050403999999915072e-01
-3.171393333333227815e-01
-3.230898666666561780e-01
-3.132321333333294433e-01
-3.112921333333247276e-01
-1.160419599999983120e+00
-1.150823333333320875e+00
-1.343169066666654032e+00
-1.338794133333315983e+00
-6.650691999999835957e-01
-6.642487999999886483e-01
-9.950383999999914408e-01
-9.967115999999975884e-01
-3.094930666666684260e-01
-3.060001333333346452e-01
-8.332573333333925802e-02
-9.479546666667459931e-02
-4.082950666666746997e-01
-4.206054666666787512e-01
4.006703999999885468e-01
3.841310666666686302e-01
-1.469677333333194724e-01
-1.719366666666530818e-01
1.547726666666804363e-01
1.493845333333467806e-01
-3.031758666666561908e-01
-3.046329333333233080e-01
-4.387970666666589636e-01
-4.324617333333264924e-01
-6.957326666666574511e-01
-7.026886666666598558e-01
1.704285333333430685e-01
1.668529333333381715e-01
3.093058666666692602e-01
2.933253333333283308e-01
3.691358666666602062e-01
3.621871999999939362e-01
6.365835999999944761e-01
6.317095999999935430e-01
4.908149333333255981e-01
4.736643999999898824e-01
1.212590666666599759e-01
1.050014666666641006e-01
2.677319999999383526e-02
-1.570399999998528529e-03
-4.091999999992879111e-03
-2.770399999999284546e-02
3.209314666666784888e-01
3.046985333333438462e-01
1.703676000000129420e-01
1.514437333333447100e-01
-1.983833333333251403e-01
-2.046550666666604457e-01
1.494416000000029499e-01
1.454594666666721992e-01
2.575001333333375442e-01
2.501054666666675530e-01
6.532006666666632100e-01
6.532793333333302144e-01
4.996457333333310658e-01
4.953881333333285397e-01
1.804245333333298618e-01
1.790443999999951075e-01
-3.130142666666699824e-01
-3.160154666666628032e-01
-2.263667999999938729e-01
-2.305041333333264220e-01
5.024393333333421197e-01
4.931441333333381749e-01
5.782600000000570617e-02
5.535933333334241979e-02
6.319125333333488470e-01
6.342925333333511162e-01
4.599976000000154386e-01
4.644753333333468959e-01
-6.340965333333272724e-01
-6.246962666666604491e-01
4.992956000000106087e-01
4.970296000000047343e-01
4.357113333333302307e-01
4.288492000000019289e-01
4.697133333333312066e-01
4.655336000000005470e-01
-9.023679999999956181e-02
-8.698813333332822140e-02
3.573506666668180287e-02
3.788013333335271682e-02
-8.727119999998933508e-02
-8.619853333332372358e-02
-3.503102666666464415e-01
-3.568378666666447430e-01
-3.009413333333128548e-01
-3.011777333333114370e-01
-3.466633333333106748e-01
-3.379599999999811644e-01
-5.194146666664778422e-02
-4.397639999998403937e-02
-2.169211999999873797e-01
-2.174634666666506178e-01
-1.017182666666585078e-01
-1.110062666666706832e-01
-4.498176000000029262e-01
-4.652364000000019928e-01
-5.359446666666727310e-01
-5.443052000000037083e-01
-4.221406666666638330e-01
-4.248561333333285006e-01
-6.301880000000181781e-02
-8.140133333333920973e-02
-3.048503999999994107e-01
-3.429478666666625486e-01
-4.556161333333292873e-01
-5.579005333333313388e-01
-7.501045333333280496e-01
-8.323665333333281069e-01
-1.634026666666628103e-01
-1.904710666666673546e-01
-2.089771999999996410e-01
-2.198422666666601799e-01
-4.817719999999923175e-01
-4.876275999999961641e-01
-1.029522800000002292e+00
-1.033427200000005541e+00
-5.896932000000134622e-01
-5.930452000000130397e-01
-6.313742666666755099e-01
-6.392350666666715142e-01
-4.206312000000025364e-01
-4.286632000000025755e-01
-5.504564000000087276e-01
-5.674608000000134211e-01
-1.135509866666680523e+00
-1.148276400000007413e+00
-7.026564000000021792e-01
-6.978417333333410966e-01
-2.043530666666697471e-01
-2.038662666666652967e-01
1.389670666666660281e-01
1.377130666666630532e-01
1.072115999999923019e-01
9.812106666666409183e-02
-3.465534666666627572e-01
-3.550375999999886290e-01
-4.466306666665076364e-02
-5.404839999999211386e-02
6.787448000000111392e-01
6.768517333333434749e-01
2.727751866666672242e+00
2.718732400000007488e+00
7.344960266666674897e+00
7.341231733333344778e+00
4.727851066666680424e+00
4.721234266666684221e+00
1.701355333333346209e+00
1.706575466666677698e+00
4.420894666666725925e-01
4.419977333333449110e-01
1.112398666666791769e-01
1.075481333333456746e-01
-6.015026666666543065e-01
-6.176387999999874978e-01
-5.546267999999869858e-01
-6.327469333333226587e-01
-4.989310666666568750e-01
-6.241239999999876886e-01
-9.940610666666600537e-01
-1.077425733333328139e+00
-4.317274666666577332e-01
-4.862353333333189198e-01
-9.127721333333198572e-01
-9.580923999999910734e-01
-2.043949199999985922e+00
-2.056583333333321661e+00
-1.917029999999989798e+00
-1.925202533333319366e+00
-1.677781866666649080e+00
-1.678417599999974641e+00
-1.414705866666643885e+00
-1.411833599999987143e+00
-1.516789066666653696e+00
-1.515092533333323388e+00
-1.320925999999992939e+00
-1.316594666666667024e+00
-1.493963466666663464e+00
-1.470899333333328229e+00
-1.098706800000002204e+00
-1.043620000000004211e+00
-1.395737066666669079e+00
-1.292542666666669504e+00
-1.082670266666667658e+00
-1.008612133333329552e+00
-1.126291733333331990e+00
-1.096945066666663138e+00
-6.768494666666597936e-01
-6.618179999999895813e-01
-6.328606666666445335e-01
-6.186718666666450872e-01
-2.091438666666505242e-01
-2.152329333333184991e-01
4.874564000000013664e+00
4.872365733333346327e+00
8.370159200000003352e+00
8.374756666666669958e+00
5.468870000000009668e+00
5.469313333333339244e+00
3.200707866666668622e+00
3.207863199999998471e+00
1.970665999999994256e+00
1.983879066666666802e+00
-1.356253333332801958e-02
-1.864213333332287448e-02
1.346601333333410366e-01
1.251216000000141548e-01
-1.055895999999805213e-01
-1.097077333333089655e-01
-3.983367999999742892e-01
-4.079479999999833240e-01
-7.655695999999920787e-01
-7.686498666666565782e-01
-6.495802666666534719e-01
-6.407362666666571727e-01
-1.302165999999992607e+00
-1.297320933333324433e+00
-1.634256266666653801e+00
-1.622393599999988112e+00
-5.886445333333227836e-01
-5.876610666666550742e-01
-1.008221466666654464e+00
-1.000763599999984876e+00
-6.650447999999755666e-01
-6.599161333333043444e-01
-8.455417333333130614e-01
-8.386805333333100521e-01
-1.095685466666651564e+00
-1.094338133333316421e+00
-2.650654666666483195e-01
-2.550169333333087707e-01
-3.956462666666382688e-01
-3.265919999999766787e-01
-5.082089333333144054e-01
-3.975425333333220124e-01
-2.618885333333196286e-01
-1.767375999999885039e-01
1.052194666666750322e-01
1.705488000000059401e-01
-5.996683999999987691e-01
-5.568799999999995975e-01
-2.153642666666684136e-01
-1.998619999999959873e-01
2.977861333333393645e-01
3.147169333333366126e-01
1.731741333333545185e-01
1.835926666666907181e-01
8.668306666666936167e-01
8.751974666666839653e-01
2.870922666666899659e-01
3.043942666666978880e-01
-3.827885333332972095e-01
-3.704917333333099805e-01
-2.587078666666400295e-01
-2.544474666666403095e-01
-4.594013333333037963e-01
-4.634234666666330327e-01
-1.068170666666432567e-01
-1.017317333333167539e-01
-4.464121333333181951e-01
-4.449437333333250422e-01
-4.158115999999978385e-01
-4.107153333333357637e-01
-1.304949333333311756e-01
-1.248544000000038068e-01
3.090946666666525289e-01
3.076181333333138923e-01
6.916866666664844843e-02
8.656186666665632856e-02
7.705202666666508549e-01
7.780775999999889336e-01
1.157920933333322466e+00
1.158867599999993558e+00
1.671442666666536070e-01
1.724026666666560459e-01
-6.114797333333470419e-01
-6.022098666666764188e-01
-1.527802666666744358e-01
-1.461922666666737314e-01
-8.550626666666971687e-02
-7.355346666666662259e-02
-5.899866666673858617e-03
1.671599999987449792e-03
2.710699999999874876e-01
2.814311999999858926e-01
1.666545333333289136e-01
1.999927999999968620e-01
-7.913502666666687446e-01
-7.678451999999964528e-01
-2.587245333333285657e-01
-2.455071999999987042e-01
-2.958346666666713531e-01
-2.855149333333315553e-01
-2.803199999995342750e-03
-8.334666666556245218e-04
3.508418666666699437e-01
3.626665333333392027e-01
2.177429333333407158e-01
2.186422666666700820e-01
2.780417333333318197e-01
2.773195999999984451e-01
4.329066666666392393e-02
5.145826666666408755e-02
3.350536000000019499e-01
3.497818666666674403e-01
-2.314957333333325096e-01
-2.237083999999995854e-01
3.120853333333428736e-01
3.293253333333439059e-01
5.500820000000175014e-01
5.663192000000165649e-01
3.096794666666795592e-01
3.160728000000148086e-01
2.382338666666825588e-01
2.324786666666796009e-01
-3.851421333333249208e-01
-3.928049333333305526e-01
-4.768142666666719265e-01
-4.846821333333437565e-01
3.167673333333169694e-01
3.164141333333176931e-01
-4.513040000000501095e-02
-2.824973333333247183e-02
-1.059777866666671287e+00
-1.047756800000009036e+00
-9.036529333333405134e-01
-9.052596000000008303e-01
-8.347658666666646354e-01
-8.331602666666668711e-01
-5.067111999999980299e-01
-5.016115999999968267e-01
-7.119373333333101073e-02
-6.864400000000614455e-02
-4.536932000000035714e-01
-4.529717333333422857e-01
2.100093333332608836e-02
1.455839999999852807e-02
1.537617333333258784e-01
1.601758666666555087e-01
-2.255601333333387970e-01
-2.275938666666661447e-01
-2.862519999999975084e-01
-2.855437333333270544e-01
-2.010813333331640251e-02
-3.313293333330591395e-02
-7.870666666663339583e-02
-8.294039999996982715e-02
3.669325333333546268e-01
3.716190666666889797e-01
1.176138666666943777e-01
1.253933333333563382e-01
2.511605333333477574e-01
2.551153333333431306e-01
8.449817333333413671e-01
8.390165333333428066e-01
8.971645333333455596e-01
8.962978666666714389e-01
3.919133333333348901e-01
3.941817333333403894e-01
-6.370526666666620486e-01
-6.389131999999975164e-01
-4.244186666666536212e-01
-4.351797333333209394e-01
-4.387089333333236141e-01
-4.591935999999918749e-01
-2.246949333333319032e-01
-2.386155999999957089e-01
-5.752334666666527596e-01
-5.855793333333210171e-01
-1.239431999999922596e-01
-1.207502666666684377e-01
3.594133333333360270e-01
3.496166666666695733e-01
7.312970666666700481e-01
7.349924000000029878e-01
-1.654406666666687897e-01
-1.621606666666650653e-01
2.325128000000020734e-01
2.281306666666651495e-01
2.869655999999949358e-01
2.847745333333264739e-01
7.234985333333341373e-01
7.254629333333326713e-01
5.866510666666613361e-01
5.763377333333323804e-01
1.015238666666675726e-01
9.682293333332836482e-02
-4.028810666666728935e-01
-4.110909333333339077e-01
-2.045345333333372650e-01
-2.118620000000106529e-01
-8.514746666667605268e-02
-8.031506666667098671e-02
-5.340141333333363605e-01
-5.295472000000103208e-01
4.159239999999186921e-02
3.604599999999891224e-02
-3.825560000000649552e-02
-5.473320000000825303e-02
-4.472199999999943998e-01
-4.467022666666622399e-01
4.287959999999984007e-01
4.274272000000038929e-01
2.646533333333422888e-03
-1.076573333333641358e-02
2.906146666666131750e-02
1.727719999999521860e-02
-5.820489333333398463e-01
-5.868993333333349938e-01
-3.300399999993430811e-03
-1.838839999999208885e-02
-5.649611999999848422e-01
-5.658971999999806712e-01
-4.028939999999820998e-01
-4.180755999999874462e-01
-2.422994666666653529e-01
-2.494996000000000436e-01
-4.803961333333290895e-01
-4.763463999999970611e-01
-5.054962666666540372e-01
-4.864791999999908967e-01
4.120278666666692402e-01
4.342967999999984841e-01
4.808221333333406733e-01
4.847625333333382969e-01
4.900882666666674936e-01
4.827486666666658266e-01
5.310414666666716244e-01
5.212193333333345890e-01
1.952387999999913859e-01
1.833289333333212312e-01
2.578437333333241099e-01
2.436530666666598677e-01
4.738094666666583521e-01
4.706855999999817186e-01
2.580278666666515619e-01
2.592653333333245769e-01
-7.888916000000065765e-01
-8.462481333333400357e-01
-7.451592000000033522e-01
-7.762789333333302011e-01
3.442806666666697879e-01
2.980893333333369810e-01
-1.964739999999949305e-01
-2.253638666666617496e-01
-3.158505333333252452e-01
-3.340389333333320110e-01
9.055529333333396380e-01
8.910550666666736674e-01
1.931422666666762211e-01
1.823126666666681217e-01
3.361900000000019872e-01
3.309703999999982216e-01
1.261963999999906605e-01
1.371282666666573391e-01
-6.346538666666816653e-01
-6.277230666666824277e-01
-1.306582666666677994e+00
-1.314543066666679749e+00
-1.694892000000017163e+00
-1.693240666666675054e+00
-7.870622666666733380e-01
-7.908264000000073679e-01
-4.400846666666708984e-01
-4.346100000000063801e-01
-2.906146666667552836e-02
-2.515226666667302879e-02
2.572190666666571701e-01
2.540954666666550565e-01
-3.613413333334136723e-02
-3.743546666667185718e-02
-2.920608000000086690e-01
-2.899120000000010577e-01
-6.726871999999985974e-01
-6.649722666666662008e-01
3.344288133333336077e+00
3.343653466666673069e+00
2.252125866666673915e+00
2.253338533333341331e+00
2.973552800000007323e+00
2.980018400000012946e+00
1.740485466666676473e+00
1.733366800000005981e+00
3.291624000000084038e-01
3.102384000000100173e-01
6.132113333333464311e-01
5.734758666666834870e-01
-2.870163999999846283e-01
-3.924634666666477756e-01
-7.404757333333122915e-01
-7.877630666666490811e-01
-1.863434133333321086e+00
-1.892286133333321629e+00
-1.856004399999989118e+00
-1.877298933333321429e+00
-8.299203999999846815e-01
-8.652746666666502051e-01
-7.452707999999717003e-01
-7.816978666666400954e-01
-3.693799999999782813e-01
-3.861286666666501333e-01
-1.083121999999981711e+00
-1.100676133333323037e+00
-9.427053333333290652e-01
-9.495943999999951757e-01
-7.430941333333365151e-01
-7.403537333333432002e-01
-7.855778666666779486e-01
-7.867466666666800279e-01
-8.133952000000093108e-01
-8.181789333333426839e-01
-1.454317866666677617e+00
-1.467712266666673315e+00
-1.845687066666670262e+00
-1.800854266666668480e+00
-1.762362799999991125e+00
-1.731287599999994598e+00
-9.274314666666612084e-01
-8.806113333333271953e-01
-2.806446666666602141e-01
-2.593505333333254725e-01
5.750453333333496175e-01
5.857574666666849339e-01
3.411419333333341797e+00
3.418988933333338309e+00
7.667845333333346503e+00
7.656460800000019162e+00
3.442193200000019715e+00
3.443434666666689736e+00
1.846320266666694465e+00
1.829428000000028476e+00
4.670128000000204338e-01
4.583061333333446896e-01
8.331802666666803248e-01
8.282410666666848442e-01
5.217616000000191434e-01
5.156136000000159925e-01
-5.647186666665504617e-02
-5.694173333332486209e-02
3.482654666666675780e-01
3.454264000000009105e-01
-5.565333333333200017e-02
-5.629173333333170604e-02
-4.936451999999960094e-01
-4.889187999999862200e-01
-4.799306666666538490e-01
-4.744750666666561756e-01
-4.546735999999924616e-01
-4.609626666666599704e-01
-2.119418666666561535e-01
-2.308415999999908763e-01
-6.068862666666632322e-01
-6.328726666666639744e-01
-7.197793333333351029e-01
-7.351814666666669495e-01
-1.217704933333330075e+00
-1.225308266666672807e+00
-5.508758666666651038e-01
-5.448468000000019629e-01
-1.130448133333345595e+00
-1.117505200000017851e+00
-5.261638666666783593e-01
-4.658186666666708220e-01
2.610413333333312380e-01
3.806018666666588501e-01
-7.475125333333494382e-01
-6.838910666666819793e-01
-3.070586666666770270e-01
-2.647337333333439346e-01
-7.787525333333391586e-01
-7.512422666666651594e-01
7.644080000000030850e-02
1.120057333333335237e-01
3.946615999999991686e-01
4.197032000000078256e-01
4.479513333333500213e-01
4.620020000000195637e-01
-2.569653333330990108e-02
-1.199799999997708255e-02
1.510400000029221701e-03
4.062800000035338144e-03
-1.919849333333019104e-01
-1.941266666666408014e-01
-2.950137333333060496e-01
-2.859609333333068548e-01
5.820770666666845727e-01
5.937324000000216984e-01
9.284432000000180096e-01
9.275325333333555022e-01
1.035314266666688354e+00
1.028381066666682386e+00
2.350441333333463945e-01
2.253276000000070667e-01
3.877370666666735133e-01
3.786144000000106757e-01
-7.426573333332697757e-02
-8.543506666666189631e-02
2.085393333333414034e-01
1.981696000000070512e-01
-5.492778666666637832e-01
-5.464875999999989631e-01
-7.246064000000060901e-01
-6.976252000000116027e-01
-6.907230666666706043e-01
-6.915229333333314798e-01
-6.753049333333294157e-01
-6.591358666666593535e-01
-8.855753333333211685e-01
-8.822107999999886374e-01
-1.103132933333327514e+00
-1.089438933333326531e+00
-5.868263999999925318e-01
-5.647775999999993246e-01
-2.900243999999929656e-01
-2.748983999999978778e-01
1.746838666666690187e-01
1.870320000000020855e-01
6.348987999999948784e-01
6.399661333333170887e-01
5.550135999999810110e-01
5.548454666666557955e-01
-2.813801333333501020e-01
-2.865748000000181150e-01
-4.608689333333444438e-01
-4.443257333333434644e-01
7.825879999999969527e-01
8.006578666666683830e-01
9.203594666666674584e-01
9.458657333333349015e-01
1.108617466666672158e+00
1.118668800000008900e+00
6.092600000000061300e-01
6.171177333333375259e-01
1.446878800000014564e+00
1.448203466666683426e+00
7.910138666666810536e-01
8.064222666666864825e-01
3.658268000000148845e-01
3.625936000000180570e-01
-8.476601333333135813e-01
-8.566009333333184372e-01
2.630240000001293765e-02
2.144133333334252711e-02
-9.215822666666610985e-01
-9.236871999999962668e-01
-5.069811999999984664e-01
-5.253189333333381228e-01
-5.262485333333373205e-01
-5.410813333333379660e-01
-9.249098666666739632e-01
-9.335308000000068773e-01
-4.087442666666731839e-01
-4.206393333333409146e-01
-7.255914666666711810e-01
-7.293254666666655339e-01
-1.760434666666625958e-01
-1.704885333333265862e-01
3.382040000000330338e-02
3.809520000000787832e-02
3.094201333333472803e-01
2.981461333333399466e-01
-4.870852000000027715e-01
-4.978002666666725418e-01
-2.873938666666688846e-01
-2.781680000000008590e-01
-7.119572000000005119e-01
-7.013964000000001420e-01
-3.210886666666681322e-01
-3.143109333333313771e-01
4.051893333333822511e-02
5.233880000000823429e-02
1.095412000000166586e-01
1.295136000000169929e-01
-6.021679999999776101e-01
-5.907495999999810010e-01
7.110093333334788213e-02
7.912146666667752015e-02
3.097918666666785725e-01
3.014322666666799932e-01
3.312000000050829840e-04
9.400133333336668784e-03
-1.920318666666602780e-01
-1.993138666666638414e-01
7.679424000000025785e-01
7.531686666666672636e-01
2.432365333333308399e-01
2.310644000000010578e-01
2.415008000000042898e-01
2.322572000000064918e-01
7.165757333333431234e-01
7.027742666666725313e-01
5.276502666666686991e-01
5.233862666666695418e-01
2.634522666666683222e-01
2.647382666666615592e-01
2.730623999999934881e-01
2.728265333333297349e-01
6.080673333333237451e-01
6.118881333333163752e-01
3.822790666666477932e-01
3.751399999999804891e-01
7.931093333332484008e-02
7.294186666665325447e-02
6.064813333331642298e-02
4.790829333333235240e-01
4.710481333333262910e-01
-4.274516000000048166e-01
-4.213778666666740946e-01
-2.073178666666635195e-01
-2.092614666666605672e-01
-2.314586666666542669e-01
-2.424238666666553854e-01
-4.483851999999828308e-01
-4.543887999999753902e-01
-4.488397333333153938e-01
-4.641135999999832507e-01
-8.838966666666436822e-01
-8.925753333333119599e-01
-6.104049333333136929e-01
-6.188131999999839650e-01
3.608049333333482878e-01
3.696868000000179677e-01
2.082677333333506908e-01
2.147918666666797094e-01
-3.821035999999935484e-01
-3.836266666666574565e-01
4.898346666666810734e-01
4.980576000000169756e-01
-5.043991999999803966e-01
-4.948841333333149350e-01
-3.432853333333198975e-01
-3.301294666666620969e-01
-1.402400000003467539e-03
1.337879999999813663e-02
-1.160759999999783076e-02
-6.105066666663105934e-03
4.429066666666869878e-02
4.128013333333768742e-02
1.881248000000113052e-01
1.838200000000043133e-01
1.795152000000115322e-01
2.258829333333451928e-01
2.238933333333434916e-01
-4.807522666666557143e-01
-4.822678666666533331e-01
1.533989333333423133e-01
1.534224000000108390e-01
8.704066666668097696e-02
8.685706666668124853e-02
3.721969333333490226e-01
3.732769333333436634e-01
1.305192666666677326e+00
1.303128533333342887e+00
4.932201333333310345e-01
4.825851999999954955e-01
2.566866666666669516e-01
2.490579999999980032e-01
-8.273426666666949814e-02
-8.667880000000138807e-02
-3.975853333333390083e-01
-3.898896000000107165e-01
2.332966666666678179e-01
2.253281333333347902e-01
-1.445239999998904068e-02
-9.777866666645707028e-03
-2.713551999999808118e-01
-2.786858666666489626e-01
-8.121155999999842834e-01
-8.094658666666560976e-01
-9.128755999999924597e-01
-8.987578666666635741e-01
1.306952000000052294e-01
1.324806666666731303e-01
5.505011999999993577e-01
5.531842666666619834e-01
3.667149333333270533e-01
3.745994666666661033e-01
3.824100000000001387e-01
6.480305333333262752e-01
6.602690666666646280e-01
-2.630424000000033402e-01
-2.536353333333423166e-01
-1.431582666666741943e-01
-1.359482666666664841e-01
-1.343482666666631076e-01
-1.291807999999932122e-01
-4.100233333333420660e-01
-4.077976000000091972e-01
-1.457518666666643981e-01
-1.250753333333278761e-01
1.231712000000086960e-01
1.235161333333394396e-01
1.863810666666694260e-01
1.854141333333316766e-01
8.919671999999962964e-01
8.813274666666686130e-01
-1.769122666666618215e-01
-1.813205333333343106e-01
3.939811999999918157e-01
3.903121333333174903e-01
3.102930666666523507e-01
3.111927999999863914e-01
1.982325333333108119e-01
1.946134666666452517e-01
-4.225756000000231438e-01
-4.378616000000192798e-01
-9.991876000000061708e-01
-1.007091066666681911e+00
-1.161445333333404051e-01
-1.228306666666654223e-01
-1.463967999999979952e-01
-1.390301333333354705e-01
-3.744834666666676526e-01
-3.695631999999946515e-01
-3.590929333333292561e-01
-3.455194666666656644e-01
-6.064985333333297035e-01
-5.934617333333278566e-01
-1.095668933333335815e+00
-1.085960399999997605e+00
-2.715942666666606442e-01
-2.573975999999902342e-01
-1.565657333333305701e-01
-1.492719999999891911e-01
3.565482666666852651e-01
3.598045333333530493e-01
-8.298493333332146449e-02
-8.698839999998853045e-02
6.321024000000079468e-01
6.368714666666761559e-01
5.264341333333391049e-01
5.379658666666671252e-01
9.696611999999973364e-01
9.829139999999938482e-01
1.939087999999955514e-01
1.993958666666628687e-01
7.803923999999966554e-01
7.937478666666635263e-01
2.305953333333334854e-01
2.466156000000054860e-01
3.322577333333427418e-01
3.486337333333366928e-01
6.975688000000062061e-01
7.029573333333374308e-01
3.403533333332831035e-02
2.286253333333121418e-02
9.596943999999894004e-01
9.553774666666541293e-01
3.128854666666640583e-01
3.112153333333367300e-01
2.973976000000035924e-01
2.947395999999997684e-01
-3.568343999999967764e-01
-3.563078666666612548e-01
-6.142786666665500661e-02
-7.399013333332504772e-02
-7.791859999999886099e-01
-7.970882666666554428e-01
-1.039819733333324336e+00
-1.041413999999996065e+00
-5.297421333333289795e-01
-5.365614666666687071e-01
-5.198829333333421232e-01
-5.055517333333341412e-01
3.070859999999981937e-01
3.085550666666634356e-01
-1.107450666666593975e-01
-1.072110666666574730e-01
-5.499042666666582591e-01
-5.539966666666558126e-01
2.582733333334630288e-02
3.960146666668151738e-02
-4.223049333333150912e-01
-4.218631999999828963e-01
-4.242710666666482666e-01
-4.133405333333186604e-01
-6.862931999999801747e-01
-6.799163999999819907e-01
-8.131310666666493603e-01
-8.147929333333152613e-01
-6.014215999999805717e-01
-6.091210666666455609e-01
7.034573333336169298e-02
6.281760000002378774e-02
4.524297333333535676e-01
4.607750666666845518e-01
2.452244000000192159e-01
2.560376000000204044e-01
9.800200000002234901e-02
9.846080000001222743e-02
-1.430235999999922569e-01
-1.498254666666625212e-01
5.510168000000064126e-01
5.360273333333367418e-01
4.096221333333360803e-01
3.919710666666702537e-01
-4.861053333333131832e-02
-6.655066666666442643e-02
4.009273333333425171e-01
3.861629333333382874e-01
-7.123274666666645771e-01
-7.279453333333236742e-01
-2.176891999999952532e-01
-2.181088000000031002e-01
3.409233333333290261e-01
3.219635999999965748e-01
7.530147999999954322e-01
7.281377333333267643e-01
-2.182868000000084407e-01
-2.243125333333466642e-01
-2.490053333333719365e-02
-4.777013333333712808e-02
-2.896586666666678411e-01
-3.106964000000047577e-01
-5.693769333333378313e-01
-5.890103999999993789e-01
6.352226666665927723e-02
3.879666666666281571e-02
8.104376000000002023e-01
7.880813333333449577e-01
9.512586666667743884e-02
8.297106666667275476e-02
-1.785449333333275490e-01
-1.870310666666625821e-01
-1.021429066666662777e+00
-1.026941733333323725e+00
-2.670341333333183798e-01
-2.689766666666528749e-01
-3.784697333333184588e-01
-3.817522666666590681e-01
5.364774666666676239e-01
5.436253333333382898e-01
6.309960000000813807e-02
6.117226666667363588e-02
-1.602122666666616624e-01
-1.654403999999942698e-01
1.096426666666729943e-01
1.043919999999971537e-01
1.654986666666573569e-01
1.486481333333316002e-01
-1.969037333333290007e-01
-2.052313333333302126e-01
7.541169333333357372e-01
7.409036000000028821e-01
7.328894666666769808e-01
7.316538666666758672e-01
-1.173818666666548438e-01
-1.266585333333196672e-01
6.650066666666774040e-01
6.634608000000099537e-01
5.111865333333440731e-01
4.984018666666756303e-01
1.009677333333485194e-01
9.027853333334689978e-02
3.299465333333486683e-01
3.191006666666780234e-01
3.516256000000055337e-01
3.478302666666763798e-01
2.659198666666711119e-01
2.548750666666705911e-01
3.499470666666724128e-01
3.441315999999972064e-01
-1.110577333333324646e-01
-1.318038666666723202e-01
-5.788044000000098777e-01
-5.905121333333411826e-01
-7.364024000000028991e-01
-7.751664000000033639e-01
-8.803786666666653105e-01
-9.161343999999971288e-01
-3.800042666666598734e-01
-4.546203999999960388e-01
-7.043179999999935603e-01
-7.629150666666575376e-01
-3.375797333333210304e-01
-3.733561333333170751e-01
-6.220150666666484085e-01
-6.380477333333161027e-01
-7.826246666666563101e-01
-7.970211999999889940e-01
1.330041333333369380e-01
1.266846666666694432e-01
-3.220365333333248259e-01
-3.149097333333230608e-01
-6.451017333333268766e-01
-6.472675999999921714e-01
-1.006961866666657102e+00
-1.001501866666657747e+00
-3.739826666666630217e-01
-3.738893333333308533e-01
-7.700030666666606294e-01
-7.824563999999867292e-01
-1.059014666666584503e-01
-1.026554666666541493e-01
1.657977333333491288e-01
1.642306666666897286e-01
2.557293333335053376e-02
2.973733333335104589e-02
-6.113281333333162593e-01
-6.066093333333171245e-01
-3.109758666666522231e-01
-3.058494666666504713e-01
-2.167529333333106933e-01
-2.151987999999818157e-01
1.709364800000017226e+00
1.702459600000025830e+00
2.381016266666691195e+00
2.369523200000024588e+00
4.793961733333361508e+00
4.787303733333359901e+00
3.363059333333346501e+00
3.359404933333344445e+00
1.924534266666675819e+00
1.928826800000003061e+00
5.302965333333276021e-01
5.330937333333309880e-01
7.595666666665579214e-02
8.529799999998033400e-02
4.614209333333221252e-01
4.768662666666614314e-01
-5.229369333333409031e-01
-5.289186666666836345e-01
-6.777094666666840794e-01
-6.956092000000211328e-01
-4.922378666666773483e-01
-5.118648000000050047e-01
-2.684813333333408991e-01
-2.729562666666751625e-01
2.768238666666533732e-01
2.725030666666512502e-01
-6.587538666666787890e-01
-6.540132000000085100e-01
-2.519722666666694977e-01
-2.420173333333366372e-01
-7.327879999999993288e-01
-7.332142666666641162e-01
-6.743330666666693674e-01
-6.729510666666698171e-01
-1.136582266666671615e+00
-1.127395199999995157e+00
-1.285580933333321241e+00
-1.270115066666654968e+00
-7.273254666666559842e-01
-6.895794666666645867e-01
-3.771999999999948727e-01
-3.320574666666544772e-01
-3.879866666665776620e-02
4.187813333333423316e-02
-2.938155999999949586e-01
-2.444277333333246816e-01
-3.299481333333318389e-01
-2.998505333333341127e-01
-3.902291999999931704e-01
-3.773614666666560424e-01
-9.854841333333297371e-01
-9.780737333333320294e-01
-4.921185333333326639e-01
-4.779640000000000555e-01
6.873725333333311482e-01
6.857583999999903313e-01
1.249968133333325682e+00
1.243138933333327145e+00
1.000695466666655875e+00
1.001154666666650428e+00
4.926397333333341066e-01
5.013328000000072393e-01
1.148054666666737944e-01
1.317170666666740431e-01
1.423276000000086583e-01
1.438173333333452319e-01
2.425733333334534336e-02
2.747613333335152674e-02
6.664628000000192287e-01
6.645565333333536273e-01
-1.187539999999813745e-01
-1.169401333333226489e-01
-4.099991999999943459e-01
-4.138774666666549251e-01
-8.011233333333223072e-01
-8.048854666666471758e-01
-5.481887999999841554e-01
-5.410854666666509161e-01
-3.986723999999810530e-01
-3.862339999999733209e-01
-6.077690666666484276e-01
-5.902217333333226179e-01
3.534056000000092013e-01
3.525764000000108922e-01
3.593540000000103873e-01
3.521360000000086643e-01
2.358305333333419185e-01
2.333934666666763746e-01
1.737780000000057612e-01
1.621101333333356820e-01
5.309866666671325675e-03
6.539866666670945961e-03
1.965984000000062792e-01
2.101690666666726770e-01
4.839786666666725523e-01
4.979905333333434214e-01
1.883706666666782326e-01
2.051421333333465213e-01
-1.477679999999921279e-01
-1.428001333333313028e-01
-2.001213333333282662e-01
-1.995579999999961274e-01
2.164773333333158689e-02
2.599839999999886686e-02
2.927550666666789425e-01
3.061282666666826913e-01
2.135370666666815964e-01
2.392666666666798392e-01
4.348546666668084981e-02
6.155866666667719755e-02
3.372360000000895752e-02
3.787733333334131203e-02
-1.403305333333193516e-01
-1.416715999999880182e-01
-4.528790666666608900e-01
-4.556655999999961182e-01
-5.913451999999992381e-01
-5.869441333333327293e-01
-7.531310666666612974e-01
-7.520373333333267851e-01
2.422147999999992862e-01
2.476443999999986545e-01
6.166159999999862862e-01
6.211862666666547739e-01
1.639401333333339039e-01
1.643698666666679742e-01
2.415765333333368403e-01
2.424425333333388721e-01
-2.522307999999995332e-01
-2.498122666666731106e-01
-5.993066666675872511e-03
-2.895733333339478577e-03
5.381505333333294061e-01
5.471861333333336574e-01
1.063490666666666584e-01
1.085555999999954224e-01
4.788241333333260741e-01
4.779743999999936932e-01
4.040257333333272527e-01
4.033078666666582990e-01
1.276607999999939125e-01
1.300361333333341918e-01
-6.670573333333393862e-01
-6.615728000000089537e-01
-9.419253333333443834e-01
-9.368718666666779882e-01
-1.142712800000012408e+00
-1.131201733333341508e+00
-3.649114666666690709e-01
-3.536545333333407370e-01
-3.137713333333493892e-01
-3.076872000000108187e-01
5.640026666665676203e-02
5.589426666665531229e-02
-3.537070666666721763e-01
-3.640186666666664905e-01
-3.653626666666696110e-01
-3.751084000000091123e-01
2.344123999999965235e-01
2.422673333333378309e-01
3.285678666666669301e-01
3.434329333333323575e-01
5.549695999999997298e-01
5.685218666666642662e-01
5.014065333333306285e-01
5.176553333333373530e-01
2.594338666666757831e-01
2.599410666666770453e-01
3.860261333333454559e-01
3.896977333333424554e-01
2.077970666666786315e-01
2.200496000000100594e-01
4.180908000000087554e-01
4.263004000000165661e-01
3.058520000000157779e-01
3.209268000000164989e-01
2.682270666666823900e-01
2.821772000000208891e-01
2.809924000000236788e-01
2.869909333333566792e-01
3.131829333333513432e-01
3.131874666666902840e-01
2.272012000000245280e-01
2.284078666666928825e-01
-4.685598666666379586e-01
-4.714722666666375517e-01
-4.873134666666416592e-01
-4.846681333333080488e-01
-2.709295999999739024e-01
-2.649519999999796482e-01
-7.313533333331889708e-02
-6.786773333331552749e-02
5.327392000000159555e-01
5.293182666666780278e-01
3.161766666666849801e-01
3.109505333333473232e-01
-2.550306666666557476e-02
-2.687906666666606270e-02
-1.896137333333385300e-01
-1.847353333333430214e-01
-5.390728000000066800e-01
-5.223433333333389328e-01
-6.315132000000005519e-01
-6.187865333333348872e-01
7.746826666665640460e-02
8.467799999998248950e-02
9.527959999999069396e-02
1.050367999999934909e-01
3.234666666664054446e-03
7.429733333331967060e-03
-1.281987999999998351e-01
-1.241806666666676051e-01
-2.639342666666664172e-01
-2.621530666666629372e-01
-2.492526666666634583e-01
-2.474180000000032464e-01
7.276426666665969378e-02
7.237959999999077354e-02
-2.810330666666729371e-01
-2.840574666666739745e-01
-6.626478666666741901e-01
-6.652668000000119264e-01
-5.763077333333441743e-01
-5.770964000000091687e-01
-2.396817333333345346e-01
-2.375045333333360986e-01
-4.514482666666665978e-01
-4.570653333333325463e-01
-4.483893333333099918e-02
-4.722439999999750171e-02
2.027404000000032624e-01
2.063329333333285831e-01
3.537171999999983996e-01
3.552205333333375847e-01
6.696297333333447455e-01
6.668332000000134485e-01
2.663921333333476582e-01
2.538284000000032847e-01
-4.495809333333369295e-01
-4.675164000000080478e-01
-2.686060000000054515e-01
-2.847677333333393790e-01
-1.458881333333366115e-01
-1.541317333333296347e-01
-2.310218666666585818e-01
-2.437374666666585199e-01
-3.344626666665817538e-02
-4.543559999999047250e-02
1.456766666666808874e-01
1.362314666666790686e-01
1.590330666666801562e-01
1.463352000000099906e-01
6.297746666667336513e-02
5.565200000000913860e-02
2.075932000000051403e-01
2.017167999999998074e-01
4.200078666666584581e-01
4.121543999999914831e-01
2.866979999999941242e-01
2.708246666666553892e-01
-5.763740000000154851e-01
-5.834642666666809419e-01
-8.314810666666758721e-01
-8.468100000000049477e-01
-6.980800000000186856e-02
-8.440600000000131331e-02
-1.548249333333302502e-01
-1.547998666666572376e-01
9.030666666731690384e-04
-3.283599999996056340e-03
-5.869573333333022447e-02
-6.140746666665819475e-02
-7.670679999998952781e-02
-7.838826666665710263e-02
4.848572000000146431e-01
4.846024000000141996e-01
5.161606666666784804e-01
5.053237333333484571e-01
2.395602666666789560e-01
2.324816000000069494e-01
3.205880000000078667e-01
3.137934666666737371e-01
6.432433333333307246e-01
6.321311999999963405e-01
4.605518666666696959e-01
4.520010666666678389e-01
1.129936000000029139e-01
1.047793333333402188e-01
1.989802666666733444e-01
1.918782666666700720e-01
-2.070879999999988286e-01
-2.166937333333294191e-01
-1.441253333332781494e-02
-1.986639999999084694e-02
-2.274285333333239123e-01
-2.352986666666510018e-01
-1.765026666664226696e-02
-2.311533333331539097e-02
-5.975626666666613573e-01
-6.128927999999902454e-01
3.249145333333558483e-01
3.208302666666895675e-01
5.359933333335220595e-02
5.963013333334998833e-02
-6.164571999999779450e-01
-6.634417333333075817e-01
-1.481739999999831525e-01
-2.186715999999861992e-01
-2.539082666666416799e-01
-2.873015999999708470e-01
-8.075919999998149024e-02
-9.615373333330978767e-02
-6.064255999999801361e-01
-6.150667999999868130e-01
-5.155218666666527838e-01
-5.071797333333165625e-01
-5.656354666666629782e-01
-5.625385333333312587e-01
-4.336284000000034666e-01
-4.335449333333372124e-01
-1.738160000000021910e-01
-1.703236000000032391e-01
-1.366506666666751357e-01
-1.331466666666756282e-01
4.567480000000045948e-02
3.375493333333423607e-02
-2.608546666665745306e-02
-2.947373333331881895e-02
7.888573333335102689e-02
7.038813333335269817e-02
-9.168186666664723816e-02
-9.645146666665027624e-02
3.061434666666826843e-01
2.975085333333495896e-01
-1.089466666648775117e-03
-2.216799999985141767e-03
-1.035725333333203935e-01
-1.013691999999792870e-01
-1.175293733333312218e+00
-1.169341866666648855e+00
-1.130419999999979552e+00
-1.126076933333308716e+00
2.783972133333364241e+00
2.781814266666700064e+00
4.703026000000036788e+00
4.696999066666705858e+00
1.855451733333367770e+00
1.850647866666697894e+00
4.823161333333629841e-01
4.953765333333564058e-01
5.654372000000122966e-01
5.731393333333514306e-01
-6.505133333333148471e-01
-6.478342666666634386e-01
-5.104499999999987381e-01
-5.067341333333317266e-01
-1.821073333333345090e-01
-1.809980000000024347e-01
-9.499666666666684023e-02
-1.035241333333445368e-01
-2.759501333333389539e-01
-2.848037333333337529e-01
5.323394666666771968e-01
5.118645333333446956e-01
-4.717746666666045030e-02
-9.898386666665714984e-02
-1.569507999999899539e-01
-2.032641333333273792e-01
-3.214424000000022374e-01
-3.433621333333363168e-01
-2.750738666666663335e-01
-2.877915999999984820e-01
-6.404658666666662725e-01
-6.435694666666620378e-01
-1.455590266666675348e+00
-1.458086133333345913e+00
-7.998304000000047154e-01
-8.135784000000043648e-01
-9.799281333333453858e-01
-9.882994666666746753e-01
-1.138203599999997095e+00
-1.089036533333334944e+00
-1.639241333333316675e-01
-9.353973333333698292e-02
-1.167286666666740302e-01
-8.648440000001045291e-02
-1.174123200000003919e+00
-1.159652133333338497e+00
-1.244941733333334355e+00
-1.235199733333331551e+00
-7.575249333333360369e-01
-7.580249333333384243e-01
-8.978376000000025670e-01
-8.950602666666682694e-01
-5.679662666666658311e-01
-5.521243999999967400e-01
4.427140000000022724e-01
4.459798666666756617e-01
5.038746666666682472e-01
5.020245333333335225e-01
1.562515733333334822e+00
1.582456533333335358e+00
3.895805199999998081e+00
3.907631066666660047e+00
3.624333999999997502e+00
3.642421466666661445e+00
1.673688533333319128e+00
1.673910666666657221e+00
1.395212666666658663e+00
1.405089466666666453e+00
3.964355999999966684e-01
4.115953333333308706e-01
2.776160000000018613e-01
2.739653333333293972e-01
3.434826666666168649e-02
3.916359999999485808e-02
-3.246922666666591795e-01
-3.351426666666554866e-01
-7.487661333333264224e-01
-7.656123999999877583e-01
-4.465199999999853731e-01
-4.445589333333117565e-01
-2.688313333333169908e-01
-2.718873333333249320e-01
-4.733454666666574440e-01
-4.887731999999900268e-01
-8.716239999999686461e-02
-1.014843999999968105e-01
-5.739881333333372027e-01
-5.888313333333385913e-01
-7.158061333333378684e-01
-7.301613333333420996e-01
-1.400839066666677013e+00
-1.414917733333346916e+00
-3.912676000000132603e-01
-3.763993333333459645e-01
-1.414034666666736939e-01
-1.296398666666647159e-01
-9.145781333333289354e-01
-8.848682666666647378e-01
-7.537739999999928386e-01
-7.028513333333279434e-01
-1.133202266666664570e+00
-1.088242266666661351e+00
2.003592000000011808e-01
2.264198666666672466e-01
-3.906134666666645217e-01
-3.726351999999977238e-01
-1.100447600000002524e+00
-1.095006666666670014e+00
-4.883106666666705564e-01
-4.712997333333390770e-01
-4.172350666666702068e-01
-4.084692000000060830e-01
5.872482666666556383e-01
5.860321333333260441e-01
8.654347999999885133e-01
8.614739999999869724e-01
3.016911999999862815e-01
3.048539999999917427e-01
6.308635999999978594e-01
6.372626666666647566e-01
4.694318666666674744e-01
4.786210666666690372e-01
3.098486666666673273e-01
3.171125333333364438e-01
8.416412000000050853e-01
8.524996000000015783e-01
6.841679999999996653e-01
6.844865333333487456e-01
9.753172000000134290e-01
9.684452000000121075e-01
-2.178742666666622085e-01
-2.052294666666512057e-01
1.000102666666791151e-01
1.006360000000228183e-01
-2.041578666666481467e-01
-2.028358666666463250e-01
5.090489333333607647e-01
5.079846666666867350e-01
6.527358666666884801e-01
6.495345333333446547e-01
9.482813333334405570e-02
1.066389333333432887e-01
4.360549333333381128e-01
4.448573333333385449e-01
3.701461333333426751e-01
3.563833333333263909e-01
-6.554581333333402426e-01
-6.624697333333386950e-01
-2.955337333333361016e-01
-3.052569333333323698e-01
8.026439999999723796e-02
9.252519999999719857e-02
-8.614120000000013988e-02
-6.129333333332454004e-02
-2.535841333333266334e-01
-2.450990666666612583e-01
-3.005503999999987741e-01
-2.910018666666616127e-01
-6.767437333333248262e-01
-6.712533333333254859e-01
-1.054301333333214075e-01
-9.213799999998428802e-02
-8.060963999999870566e-01
-7.891965333333246235e-01
-9.442626666665177027e-02
-8.369759999998649391e-02
-1.902779999999992810e-01
-1.630061333333330253e-01
-5.907123999999939201e-01
-5.831311999999968521e-01
5.491122666666683472e-01
5.650448000000025672e-01
-2.858907999999971139e-01
-2.842395999999993705e-01
-2.344680000000209930e-02
-5.303599999997743453e-03
-3.021913333333330343e-01
-2.757694666666665739e-01
-1.127168000000011716e-01
-9.924533333332874463e-02
-4.951554666666595494e-01
-4.753989333333308309e-01
5.034942666666708533e-01
5.125262666666685618e-01
6.049033333333326823e-01
5.990025333333335311e-01
8.417705333333316275e-01
8.430520000000001346e-01
1.924670666666727925e-01
1.918057333333393899e-01
-4.695221333333350344e-01
-4.663046666666730289e-01
2.011771999999965033e-01
1.954617333333317220e-01
4.295967999999987796e-01
4.324031999999959908e-01
5.625495999999969854e-01
5.505738666666601944e-01
-2.225681333333469070e-01
-2.279701333333505886e-01
9.718133333315392974e-03
-1.098413333335201969e-02
2.625034666666437033e-01
2.569049333333097707e-01
-6.917309333333534482e-01
-6.956694666666862759e-01
-4.217722666666858800e-01
-4.303496000000137656e-01
-7.606629333333430054e-01
-7.576273333333389814e-01
1.039240000000063446e-02
2.089453333332613738e-02
-4.925542666666657965e-01
-4.809554666666642220e-01
-9.423041333333301850e-01
-9.467588000000048964e-01
-5.464506666666579804e-01
-5.545047999999894728e-01
-7.133253333333300361e-01
-7.242858666666691647e-01
8.145199999994190421e-03
1.516493333333102100e-02
1.373148000000057323e-01
1.486370666666658735e-01
-2.051466666671331041e-03
2.138306666666522915e-02
5.637881333333396583e-01
5.720549333333408981e-01
8.589746666667963382e-02
8.944493333334690988e-02
5.621865333333460057e-01
5.625605333333467684e-01
-1.412053333333176397e-01
-1.360703999999941516e-01
5.864922666666743112e-01
5.960258666666788940e-01
6.650605333333459157e-01
6.535512000000096577e-01
1.058703600000001188e+00
1.052005066666666266e+00
5.965681333333350267e-01
5.989805333333322324e-01
3.430406666666669935e-01
3.354902666666674804e-01
2.405624000000017304e-01
2.321974666666619669e-01
4.691734666666604880e-01
4.604335999999875639e-01
-9.608830666666747788e-01
-9.548037333333354582e-01
-7.883248000000122602e-01
-7.913072000000056505e-01
8.641079999999590200e-02
7.036879999999712254e-02
4.738680000000030645e-01
4.606712000000001694e-01
2.497877333333278216e-01
2.427336000000011040e-01
-1.429793333333364558e-01
-1.358618666666657759e-01
-3.531565333333261947e-01
-3.400925333333262301e-01
-9.939620000000033428e-01
-9.920198666666735221e-01
-5.024213333333378273e-01
-4.934428000000039560e-01
-7.991607999999956746e-01
-8.007587999999969952e-01
1.113572000000075946e-01
1.184032000000030393e-01
-8.771866666670291579e-03
-1.963693333333793589e-02
-2.213804000000010319e-01
-2.258038666666664085e-01
5.789302666666671371e-01
5.741144000000062420e-01
4.700265333333319973e-01
4.738686666666680480e-01
7.573426666667160134e-02
7.579986666667082318e-02
-1.230649333333317941e-01
-1.277197333333432994e-01
2.143097333333301435e-01
2.115592000000035000e-01
-1.010127999999994586e-01
-1.050248000000024717e-01
-4.614469333333275358e-01
-4.829190666666676179e-01
-3.447882666666686191e-01
-3.590074666666680514e-01
1.468465333333313083e-01
1.419505333333290764e-01
3.372533333333294081e-01
3.431061333333289554e-01
-2.633679999999998245e-01
-2.638921333333286157e-01
-5.923978666666656068e-01
-5.886236000000053536e-01
-9.265361333333359539e-01
-9.322986666666679412e-01
-2.899978666666740423e-01
-3.165770666666674060e-01
-3.367479999999929419e-01
-8.710906666665607645e-02
-1.491150666666598568e-01
-3.919369333333335703e-01
-4.346911999999960585e-01
1.346525333333374874e-01
6.646546666667063619e-02
2.638970666666722309e-01
2.261577333333377737e-01
3.026077333333390129e-01
2.906717333333332931e-01
5.551893333333168812e-02
5.498706666666208775e-02
-1.230390666666707489e-01
-1.370745333333402982e-01
-3.180786666666790552e-02
-3.736066666665749381e-02
-2.787141333333167381e-01
-2.814905333333186377e-01
5.379386666668040107e-02
4.052413333334214940e-02
-8.632773333332011134e-02
-1.042255999999852634e-01
-5.020323999999902753e-01
-5.212678666666619165e-01
-3.380714666666619905e-01
-3.357750666666632355e-01
-7.255948000000032039e-01
-7.208985333333330914e-01
-4.412322666666739224e-01
-4.521653333333404134e-01
-1.176839600000008090e+00
-1.195164266666679964e+00
-7.151902666666742903e-01
-7.289749333333332970e-01
1.580167999999986250e-01
1.574069333333270038e-01
1.567970666666624879e-01
2.981994666666672344e+00
2.977783466666664935e+00
2.442043866666665508e+00
2.442607599999995216e+00
4.230995999999990431e+00
4.236714133333329357e+00
1.760227599999993231e+00
1.767741599999993696e+00
6.505634666666608723e-01
6.604077333333293609e-01
-2.940465333333435183e-01
-2.884082666666785144e-01
3.265506666666553315e-01
3.246822666666560053e-01
-5.064122666666719397e-01
-5.056537333333395168e-01
-3.758261333333479115e-01
-3.856682666666770842e-01
6.926079999998790981e-02
5.034239999999101656e-02
-1.784040000001141379e-02
-9.969546666667383761e-02
9.548546666666624105e-02
3.297586666666774136e-02
-1.104010266666662687e+00
-1.134353599999990081e+00
-1.131420800000000781e+00
-1.143174533333329634e+00
-5.916139999999927568e-01
-6.025365333333283502e-01
-3.914370666666613374e-01
-4.119046666666648093e-01
-1.106163199999997460e+00
-1.121247333333329266e+00
-1.447570666666656791e+00
-1.442710399999988624e+00
-1.431836533333331829e+00
-8.432726666666638948e-01
-7.831807999999895742e-01
-1.269208933333317191e+00
-1.230471599999980015e+00
-9.423342666666414402e-01
-8.745931999999712048e-01
-7.090021333333069720e-01
-6.728203999999777807e-01
-7.122286666666397537e-01
-7.059867999999767108e-01
-6.203549333333029381e-01
-6.204891999999730956e-01
-2.269234666666406497e-01
-2.175830666666414004e-01
-2.970326666666380788e-01
-2.936645333333061103e-01
2.707736000000267040e-01
2.637336000000232161e-01
1.281853600000019355e+00
1.294512133333348913e+00
5.914000666666680672e+00
5.921404000000009660e+00
4.101357333333346844e+00
4.114108533333343587e+00
1.902099733333344034e+00
1.890539066666676149e+00
9.276840000000419195e-02
8.142173333333602159e-02
2.902550666666670054e-01
2.877068000000022607e-01
2.902585333333362883e-01
2.878125333333372282e-01
3.709365333333352055e-01
3.543814666666662561e-01
-2.614836000000124727e-01
-2.719746666666793544e-01
-7.334857333333459906e-01
-7.428530666666759430e-01
-1.602357866666672237e+00
-1.603688666666670315e+00
-5.495210666666707766e-01
-5.637932000000063226e-01
-9.588699999999974466e-01
-9.622951999999997952e-01
-1.078365733333335186e+00
-1.074707199999998863e+00
4.773346666667066529e-02
5.180880000000342989e-02
-4.280873333333303776e-01
-4.265705333333258409e-01
-5.158343999999885909e-01
-5.020877333333189085e-01
-8.720149333333182540e-01
-8.641323999999812600e-01
6.839106666668470780e-02
8.860840000001246608e-02
-8.764554666666484195e-01
-8.456111999999791351e-01
-3.470425333333153617e-01
-2.586059999999790193e-01
-3.429554666666376761e-01
-2.899155999999720734e-01
4.527108000000197308e-01
4.753896000000139566e-01
4.676622666666787609e-01
4.797829333333396562e-01
4.012093333333339729e-01
4.129662666666646942e-01
6.392111999999983141e-01
6.519581333333306361e-01
1.051375999999990540e+00
1.065263866666654735e+00
2.914394666666524358e-01
2.916450666666463576e-01
2.064913333333180390e-01
2.056175999999823034e-01
1.659705333333221233e-01
1.513734666666550766e-01
5.762046666666549299e-01
5.765558666666592558e-01
3.594666666664636523e-03
-6.586662666666640575e-01
-1.755876533333328382e+00
-2.419656799999998498e+00
-3.175356533333328457e+00
-3.824206266666664078e+00
-4.208243066666653931e+00
-4.863559866666655296e+00
-6.043697066666659623e+00
-6.700294266666659837e+00
-7.010971333333330335e+00
-7.672668399999999167e+00
-8.686176666666682422e+00
-9.335644933333341555e+00
-9.770292533333346796e+00
-1.043308013333334117e+01
-1.080304040000000754e+01
-1.146041066666667518e+01
-1.129245986666666823e+01
-1.195180906666666942e+01
-1.254924826666666604e+01
-1.319900746666665725e+01
-1.484320453333332779e+01
-1.549305159999999404e+01
-1.589668706666665798e+01
-1.654778253333332572e+01
-1.726516906666665818e+01
-1.791340559999999726e+01
-1.855650173333332731e+01
-1.877273786666666311e+01
-1.942615439999999438e+01
-2.044964093333332755e+01
-2.110418119999999575e+01
-2.158731146666665879e+01
-2.224218573333332571e+01
-2.295539999999999026e+01
-2.360461453333332926e+01
-2.394852906666666570e+01
