0.19578,0.20400,0.20104,0.20598,0.19841,0.18690,0.18131,0.18460,0.18558,0.18361,0.03034,0.03824,0.03725,0.03297,0.03659,-53.83127,-4014.00000
0.20400,0.20137,0.20696,0.19644,0.20663,0.18164,0.18493,0.18493,0.18558,0.18295,0.02903,0.03495,0.03133,0.03396,0.03034,-53.83127,-4013.00000
0.19907,0.20565,0.19940,0.19973,0.20367,0.17934,0.18230,0.18065,0.18493,0.18427,0.03462,0.03429,0.03330,0.03265,0.03429,-53.71739,-4012.00000
0.19644,0.19808,0.20499,0.20696,0.20203,0.18295,0.17802,0.18131,0.18493,0.17835,0.03297,0.03429,0.03232,0.03100,0.03495,-53.71739,-4011.00000
0.19710,0.20006,0.20631,0.20071,0.20006,0.18526,0.18493,0.17934,0.18098,0.18230,0.03429,0.03495,0.03561,0.03265,0.03297,-53.56524,-4010.00000
0.20203,0.20302,0.20335,0.19381,0.20236,0.18460,0.18493,0.17999,0.18723,0.18164,0.03462,0.03297,0.03659,0.03429,0.03232,-53.56524,-4009.00000
0.20104,0.20302,0.20038,0.20137,0.19841,0.18230,0.18328,0.18526,0.18230,0.18230,0.03297,0.03396,0.03857,0.03528,0.03100,-52.96182,-4008.00000
0.20367,0.19578,0.19940,0.20367,0.19545,0.18493,0.18361,0.18526,0.18361,0.18591,0.03528,0.03232,0.03199,0.03429,0.03396,-52.96182,-4007.00000
0.20170,0.20071,0.20006,0.20137,0.20269,0.18328,0.18098,0.18065,0.18493,0.18690,0.03659,0.03429,0.03199,0.03429,0.03034,-52.78950,-4006.00000
0.20071,0.20499,0.20269,0.20071,0.20269,0.18328,0.18526,0.18328,0.18460,0.18493,0.03100,0.03495,0.03758,0.03462,0.03429,-52.78950,-4005.00000
0.20367,0.20663,0.19479,0.20269,0.19940,0.18493,0.18526,0.18558,0.18065,0.18295,0.03593,0.03199,0.03232,0.03396,0.03429,-53.43333,-4004.00000
0.19874,0.20400,0.19874,0.20631,0.20038,0.18493,0.18624,0.17835,0.18197,0.18131,0.03593,0.03199,0.03330,0.03528,0.03199,-53.43333,-4003.00000
0.20137,0.20663,0.19940,0.20236,0.19808,0.17999,0.18197,0.18361,0.18822,0.17966,0.03626,0.03363,0.03396,0.03429,0.03593,-54.40953,-4002.00000
0.19775,0.19742,0.19775,0.20302,0.20071,0.18657,0.18493,0.17966,0.17835,0.18065,0.03297,0.03166,0.03363,0.03265,0.03166,-54.40953,-4001.00000
0.20466,0.20038,0.20006,0.19973,0.20137,0.18361,0.18526,0.19085,0.18394,0.17868,0.03462,0.03528,0.03265,0.03462,0.03495,-54.30682,-4000.00000
0.20038,0.19940,0.19940,0.20006,0.19907,0.17934,0.18394,0.18361,0.18262,0.18723,0.03034,0.03659,0.03462,0.03297,0.03330,-54.30682,-3999.00000
0.20203,0.20565,0.19940,0.20302,0.20137,0.18361,0.18295,0.18789,0.18624,0.18756,0.03725,0.03199,0.03232,0.03495,0.03495,-54.65829,-3998.00000
0.19907,0.20433,0.20236,0.20104,0.20433,0.18690,0.17802,0.18361,0.18098,0.18394,0.02903,0.03824,0.03330,0.03133,0.03528,-54.65829,-3997.00000
0.20071,0.19578,0.20367,0.19611,0.20170,0.18197,0.18131,0.18098,0.18526,0.18032,0.03725,0.03100,0.03593,0.03297,0.03297,-54.60210,-3996.00000
0.19874,0.20400,0.19710,0.20367,0.20006,0.18624,0.18394,0.18657,0.18558,0.18164,0.03462,0.03232,0.03725,0.03297,0.03166,-54.60210,-3995.00000
0.19611,0.20532,0.20104,0.19973,0.20729,0.18493,0.18920,0.18164,0.18328,0.18295,0.03001,0.03363,0.03495,0.03133,0.03725,-55.00857,-3994.00000
0.20302,0.20302,0.20532,0.19874,0.20433,0.18197,0.17901,0.18098,0.18394,0.18328,0.03265,0.03330,0.03297,0.03001,0.03199,-55.00857,-3993.00000
0.19775,0.20006,0.20663,0.20663,0.20236,0.17868,0.18328,0.18822,0.18460,0.18690,0.03199,0.03265,0.02837,0.03297,0.03396,-55.04579,-3992.00000
0.20038,0.19775,0.19841,0.20335,0.20828,0.18328,0.18230,0.18427,0.17802,0.18493,0.03232,0.03561,0.03528,0.03330,0.03133,-55.04579,-3991.00000
0.20499,0.20302,0.20170,0.20236,0.21387,0.18756,0.18558,0.18328,0.17966,0.18427,0.03100,0.03396,0.03100,0.03232,0.03561,-55.44526,-3990.00000
0.20598,0.20828,0.20137,0.20631,0.20466,0.18262,0.18789,0.18723,0.18493,0.18427,0.03199,0.03232,0.03429,0.03330,0.03561,-55.44526,-3989.00000
0.20663,0.20170,0.20302,0.19907,0.20038,0.18690,0.18460,0.18591,0.19052,0.18427,0.03791,0.03692,0.03067,0.03330,0.03593,-55.42771,-3988.00000
0.19446,0.20203,0.20038,0.19216,0.20598,0.18460,0.18558,0.18361,0.18789,0.18526,0.03429,0.03133,0.03067,0.03528,0.03429,-55.42771,-3987.00000
0.20071,0.20499,0.19808,0.20236,0.20499,0.18526,0.18098,0.18690,0.18262,0.18526,0.03034,0.03561,0.03528,0.03462,0.03988,-55.41649,-3986.00000
0.20335,0.19512,0.20729,0.19940,0.20367,0.18526,0.17835,0.18558,0.18164,0.18361,0.03034,0.03528,0.03166,0.03199,0.03265,-55.41649,-3985.00000
0.20466,0.20795,0.20302,0.20071,0.20170,0.18262,0.18131,0.18164,0.18591,0.18230,0.03100,0.02936,0.03265,0.03133,0.03330,-55.16918,-3984.00000
0.19216,0.20631,0.20203,0.19841,0.20006,0.18131,0.18558,0.18197,0.18822,0.18789,0.03462,0.03462,0.03692,0.03133,0.03593,-55.16918,-3983.00000
0.20236,0.20203,0.19742,0.20203,0.19940,0.17901,0.18361,0.17901,0.18328,0.18361,0.03297,0.03199,0.03561,0.03199,0.03265,-54.80627,-3982.00000
0.20400,0.19841,0.20236,0.20367,0.19644,0.18526,0.18230,0.18131,0.18887,0.18394,0.03265,0.02936,0.03199,0.03659,0.03429,-54.80627,-3981.00000
0.20203,0.20335,0.19742,0.20729,0.19874,0.18295,0.18295,0.18098,0.18394,0.18328,0.03297,0.03363,0.03265,0.03495,0.03429,-54.63214,-3980.00000
0.20104,0.19578,0.20400,0.20104,0.20598,0.18394,0.18262,0.18460,0.18526,0.18789,0.03626,0.03462,0.03429,0.03429,0.03495,-54.63214,-3979.00000
0.20137,0.19907,0.20203,0.20433,0.20302,0.18789,0.18065,0.18427,0.18460,0.18394,0.03265,0.03232,0.03363,0.03363,0.03265,-54.26431,-3978.00000
0.20038,0.20466,0.20302,0.20302,0.20663,0.18526,0.18164,0.18262,0.18657,0.17966,0.03330,0.03561,0.03495,0.03363,0.03462,-54.26431,-3977.00000
0.20466,0.20466,0.20137,0.20071,0.19677,0.18756,0.18756,0.17736,0.17999,0.18131,0.03462,0.03725,0.03429,0.03429,0.03396,-54.22932,-3976.00000
0.20302,0.20828,0.19775,0.20828,0.20071,0.18591,0.18427,0.18624,0.17670,0.18098,0.03330,0.03265,0.03363,0.03593,0.03396,-54.22932,-3975.00000
0.20565,0.20762,0.20038,0.20236,0.20499,0.18493,0.18493,0.18460,0.18460,0.18854,0.03626,0.03330,0.03495,0.03429,0.03166,-54.05070,-3974.00000
0.20302,0.20466,0.20236,0.19742,0.20269,0.18394,0.18526,0.17999,0.18295,0.18295,0.03265,0.03199,0.03462,0.03561,0.02968,-54.05070,-3973.00000
0.20269,0.20104,0.20335,0.20302,0.20137,0.18262,0.18065,0.18295,0.18328,0.18526,0.03133,0.03626,0.03297,0.03692,0.03297,-54.28853,-3972.00000
0.20236,0.20466,0.20170,0.20071,0.20631,0.18361,0.18295,0.18098,0.18657,0.18558,0.03561,0.03561,0.03297,0.03396,0.03593,-54.28853,-3971.00000
0.20335,0.20137,0.20104,0.20137,0.20302,0.18460,0.19085,0.18624,0.18427,0.18657,0.03626,0.03363,0.02936,0.03396,0.03396,-54.56858,-3970.00000
0.20236,0.20203,0.20137,0.20598,0.19841,0.18032,0.18098,0.18526,0.18887,0.18065,0.03133,0.03593,0.02936,0.03561,0.03265,-54.56858,-3969.00000
0.19775,0.20367,0.19677,0.20400,0.20137,0.18098,0.17999,0.18723,0.18493,0.18197,0.03265,0.02672,0.03692,0.03199,0.02968,-55.28722,-3968.00000
0.20137,0.20302,0.20335,0.20433,0.20269,0.17999,0.18460,0.18262,0.18657,0.18591,0.03561,0.03528,0.03232,0.03232,0.03495,-55.28722,-3967.00000
0.19841,0.20038,0.20104,0.20400,0.20203,0.18657,0.18295,0.18460,0.18526,0.17868,0.03396,0.03133,0.03330,0.03297,0.03034,-54.67974,-3966.00000
0.19512,0.19907,0.20631,0.19578,0.19775,0.18427,0.17868,0.18526,0.18591,0.18065,0.03199,0.03429,0.03297,0.03561,0.03232,-54.67974,-3965.00000
0.19446,0.20433,0.19775,0.20236,0.20071,0.18065,0.18558,0.18986,0.18098,0.18361,0.03232,0.03265,0.03429,0.03199,0.03199,-55.24026,-3964.00000
0.20565,0.20532,0.19940,0.19644,0.20762,0.18427,0.18131,0.18361,0.18361,0.18230,0.03100,0.03265,0.03199,0.03232,0.03330,-55.24026,-3963.00000
0.20335,0.20927,0.20532,0.19973,0.20696,0.17901,0.18427,0.18789,0.18493,0.18098,0.03232,0.02968,0.03363,0.03528,0.03297,-55.78908,-3962.00000
0.20565,0.19710,0.20203,0.20400,0.20104,0.18822,0.18460,0.18526,0.18295,0.18427,0.03199,0.03232,0.03133,0.03297,0.03199,-55.78908,-3961.00000
0.20236,0.20992,0.20104,0.19841,0.19677,0.18262,0.17934,0.18328,0.18328,0.18558,0.03561,0.03626,0.03100,0.03067,0.03297,-56.12940,-3960.00000
0.20236,0.20104,0.19973,0.20302,0.20203,0.18098,0.18591,0.17901,0.18558,0.18690,0.03396,0.03363,0.03100,0.03133,0.03528,-56.12940,-3959.00000
0.20203,0.19940,0.20137,0.20137,0.20433,0.18328,0.18295,0.18328,0.18098,0.18854,0.03034,0.03100,0.03199,0.03265,0.03561,-55.42798,-3958.00000
0.20071,0.20302,0.20367,0.20598,0.20170,0.18394,0.18361,0.18164,0.18328,0.18164,0.03265,0.03725,0.03232,0.03429,0.02837,-55.42798,-3957.00000
0.20302,0.19611,0.19907,0.20894,0.19775,0.18131,0.18032,0.18230,0.17868,0.18460,0.03232,0.03034,0.03297,0.02870,0.03396,-55.51917,-3956.00000
0.20302,0.20367,0.20038,0.20335,0.20071,0.18295,0.18361,0.18427,0.18657,0.18591,0.03330,0.03396,0.03297,0.03495,0.03297,-55.51917,-3955.00000
0.20170,0.19677,0.20269,0.20170,0.20203,0.18427,0.18262,0.18230,0.18591,0.18394,0.03330,0.03199,0.03034,0.03001,0.03166,-55.25714,-3954.00000
0.20104,0.19874,0.20203,0.19907,0.20071,0.17901,0.18526,0.18558,0.17901,0.18460,0.03067,0.03462,0.03100,0.03166,0.03199,-55.25714,-3953.00000
0.20400,0.20335,0.20071,0.20433,0.20203,0.17901,0.18295,0.18361,0.18427,0.18526,0.03265,0.03067,0.03626,0.03067,0.03561,-54.45230,-3952.00000
0.20400,0.19940,0.19841,0.20203,0.20006,0.18526,0.18854,0.18460,0.18328,0.18427,0.03396,0.03396,0.03166,0.03067,0.03034,-54.45230,-3951.00000
0.19940,0.20565,0.20038,0.19874,0.19874,0.17999,0.18197,0.18328,0.18131,0.18460,0.03199,0.03001,0.03363,0.03199,0.03067,-54.79939,-3950.00000
0.20433,0.20236,0.20367,0.20795,0.19775,0.18394,0.18394,0.18295,0.18526,0.18657,0.03330,0.02903,0.03067,0.03528,0.03363,-54.79939,-3949.00000
0.19808,0.20006,0.20302,0.19578,0.20631,0.18690,0.17736,0.18230,0.18591,0.18394,0.03166,0.03363,0.03429,0.03232,0.03100,-54.60673,-3948.00000
0.20302,0.19973,0.19874,0.19775,0.20236,0.17999,0.18197,0.18328,0.17999,0.18295,0.03232,0.03593,0.03297,0.03297,0.03297,-54.60673,-3947.00000
0.20269,0.20565,0.19841,0.20006,0.19841,0.18065,0.18493,0.18427,0.18131,0.18230,0.03297,0.03659,0.03199,0.03232,0.03495,-54.65200,-3946.00000
0.20335,0.19677,0.19742,0.20038,0.19874,0.18460,0.18295,0.18558,0.18723,0.18493,0.03166,0.03330,0.03363,0.03495,0.03462,-54.65200,-3945.00000
0.20367,0.20038,0.19775,0.19578,0.20006,0.18854,0.18197,0.18361,0.18230,0.18723,0.03100,0.03462,0.03626,0.03034,0.03330,-54.31330,-3944.00000
0.20170,0.19710,0.20137,0.19907,0.20499,0.18098,0.18262,0.17966,0.18295,0.18591,0.03166,0.03462,0.03034,0.03265,0.03462,-54.31330,-3943.00000
0.20170,0.20302,0.19578,0.19940,0.20269,0.18131,0.18558,0.18262,0.17966,0.17835,0.03034,0.03495,0.02804,0.02968,0.03034,-53.79484,-3942.00000
0.20433,0.19677,0.20137,0.19874,0.19545,0.18230,0.18230,0.18526,0.17934,0.18295,0.03725,0.03232,0.03265,0.03528,0.03495,-53.79484,-3941.00000
0.20696,0.19973,0.20203,0.20071,0.20170,0.18526,0.18131,0.18558,0.18328,0.17703,0.03067,0.03363,0.03626,0.03495,0.03363,-53.97017,-3940.00000
0.20269,0.19578,0.20038,0.19973,0.19677,0.18427,0.18065,0.18591,0.17934,0.18328,0.03396,0.03166,0.03199,0.03396,0.03330,-53.97017,-3939.00000
0.19808,0.20236,0.20170,0.20367,0.20236,0.18328,0.18197,0.18493,0.17769,0.18262,0.02936,0.03100,0.03396,0.03232,0.02837,-55.18089,-3938.00000
0.20104,0.20236,0.19414,0.20203,0.19907,0.18394,0.18262,0.17835,0.18131,0.17703,0.03199,0.03100,0.03396,0.03199,0.03133,-55.18089,-3937.00000
0.20137,0.19775,0.19907,0.19874,0.20137,0.18262,0.18361,0.17966,0.18065,0.18493,0.03396,0.03265,0.03528,0.03232,0.03528,-54.80968,-3936.00000
0.20335,0.19742,0.19479,0.19874,0.19907,0.18460,0.18493,0.18460,0.18394,0.18526,0.03561,0.03429,0.03166,0.03626,0.03265,-54.80968,-3935.00000
0.19775,0.20071,0.19710,0.20038,0.19677,0.18098,0.17736,0.18460,0.18032,0.18328,0.03100,0.03593,0.03265,0.03133,0.02903,-55.12701,-3934.00000
0.19874,0.20071,0.19808,0.20006,0.19775,0.18230,0.18164,0.18361,0.18164,0.18558,0.02837,0.03593,0.03232,0.03100,0.03330,-55.12701,-3933.00000
0.20071,0.19940,0.19414,0.20400,0.20071,0.18328,0.18361,0.18328,0.18032,0.18295,0.03429,0.03199,0.03100,0.03199,0.03232,-52.99563,-3932.00000
0.19907,0.19742,0.19545,0.20071,0.19644,0.17999,0.18427,0.18131,0.18098,0.18131,0.03396,0.03462,0.03199,0.03297,0.03330,-52.99563,-3931.00000
0.19775,0.20006,0.20071,0.20170,0.20104,0.17703,0.18394,0.18262,0.18164,0.17999,0.03166,0.03199,0.03626,0.03297,0.03034,-51.70289,-3930.00000
0.19545,0.19775,0.19940,0.19808,0.19940,0.18032,0.18262,0.18361,0.18131,0.18789,0.03001,0.03034,0.02870,0.03429,0.03396,-51.70289,-3929.00000
0.19710,0.19775,0.20302,0.19742,0.19578,0.18789,0.17999,0.18131,0.17966,0.17835,0.03199,0.03659,0.03199,0.03593,0.03067,-51.21278,-3928.00000
0.19907,0.20236,0.20137,0.19775,0.20236,0.18131,0.17966,0.18295,0.18460,0.18328,0.03232,0.03297,0.02968,0.03265,0.02936,-51.21278,-3927.00000
0.20137,0.20400,0.20104,0.20203,0.19841,0.18230,0.17934,0.18427,0.18098,0.18295,0.03100,0.03363,0.03133,0.03199,0.03034,-50.63324,-3926.00000
0.20335,0.20137,0.20203,0.19874,0.19611,0.18065,0.18657,0.18394,0.18789,0.18262,0.03067,0.03166,0.03626,0.03561,0.03495,-50.63324,-3925.00000
0.20137,0.20203,0.20137,0.20367,0.19775,0.18493,0.18197,0.18164,0.18098,0.18262,0.03265,0.03791,0.03166,0.03067,0.03396,-52.02561,-3924.00000
0.20137,0.20104,0.20466,0.20302,0.19973,0.18558,0.18460,0.18164,0.18065,0.18131,0.03528,0.03396,0.03495,0.03561,0.03166,-52.02561,-3923.00000
0.20038,0.20006,0.20532,0.19874,0.20203,0.18394,0.18164,0.18460,0.18295,0.17966,0.03232,0.03100,0.03330,0.03166,0.03462,-53.21251,-3922.00000
0.20367,0.20137,0.20631,0.19841,0.20367,0.18032,0.18723,0.17999,0.18526,0.18197,0.02870,0.03396,0.02771,0.03265,0.03692,-53.21251,-3921.00000
0.20400,0.20400,0.20532,0.19775,0.19874,0.18361,0.18427,0.18098,0.18164,0.18197,0.03659,0.03495,0.03429,0.03265,0.03199,-54.09649,-3920.00000
0.19479,0.20367,0.20269,0.19775,0.19940,0.18032,0.18361,0.18230,0.18328,0.18361,0.03495,0.03100,0.03133,0.03495,0.03429,-54.09649,-3919.00000
0.19940,0.20335,0.20236,0.19742,0.20170,0.18591,0.18394,0.18723,0.18723,0.18098,0.03626,0.03199,0.03297,0.03067,0.03429,-54.27725,-3918.00000
0.20565,0.19874,0.20400,0.19973,0.19874,0.18460,0.18295,0.18065,0.18591,0.18558,0.03067,0.03199,0.03232,0.03495,0.03199,-54.27725,-3917.00000
0.20367,0.19808,0.20367,0.20466,0.20104,0.18131,0.18591,0.18328,0.18361,0.18098,0.03100,0.03100,0.03330,0.03363,0.03330,-54.69234,-3916.00000
0.19611,0.19808,0.20170,0.20170,0.20302,0.18032,0.18558,0.17769,0.18460,0.18558,0.03429,0.03429,0.03133,0.03199,0.03626,-54.69234,-3915.00000
0.20038,0.20038,0.20071,0.20038,0.20071,0.18789,0.18789,0.18427,0.18460,0.18361,0.03199,0.03725,0.03659,0.03100,0.03429,-54.72410,-3914.00000
0.20499,0.19644,0.20137,0.20433,0.20565,0.18098,0.18723,0.18328,0.17901,0.18657,0.03363,0.03495,0.03528,0.03034,0.03462,-54.72410,-3913.00000
0.19611,0.20367,0.20236,0.20137,0.20236,0.18065,0.18690,0.18164,0.18361,0.18131,0.03429,0.03528,0.03297,0.03232,0.03330,-54.24681,-3912.00000
0.19775,0.20137,0.19841,0.20170,0.20795,0.18427,0.18164,0.18328,0.18262,0.18558,0.03396,0.03199,0.03330,0.03330,0.03396,-54.24681,-3911.00000
0.20433,0.20236,0.20269,0.19874,0.19644,0.18789,0.18756,0.18361,0.18493,0.18131,0.03232,0.03034,0.03265,0.03659,0.03297,-54.28405,-3910.00000
0.20499,0.19677,0.20170,0.20006,0.20433,0.18197,0.18230,0.18361,0.18394,0.18230,0.03199,0.03166,0.03265,0.03363,0.03495,-54.28405,-3909.00000
0.20071,0.19907,0.20302,0.19907,0.20433,0.18032,0.18065,0.18460,0.17901,0.18427,0.03396,0.03067,0.03429,0.03067,0.03297,-54.31244,-3908.00000
0.20565,0.20302,0.20203,0.19907,0.20861,0.17999,0.18131,0.18230,0.18032,0.18230,0.03626,0.03528,0.03396,0.03593,0.03363,-54.31244,-3907.00000
0.20104,0.20236,0.20729,0.20071,0.19578,0.18295,0.18460,0.18065,0.18262,0.18262,0.03692,0.03495,0.03725,0.03297,0.03659,-55.13229,-3906.00000
0.20335,0.20071,0.20729,0.20236,0.20367,0.18854,0.18361,0.18361,0.18822,0.17901,0.03297,0.03100,0.03528,0.03758,0.03232,-55.13229,-3905.00000
0.20269,0.19808,0.19973,0.20006,0.20236,0.18098,0.18854,0.18460,0.17868,0.18197,0.03199,0.03659,0.03429,0.03001,0.02968,-55.11497,-3904.00000
0.20137,0.19808,0.19644,0.20006,0.19677,0.18328,0.18657,0.18460,0.18493,0.18427,0.03725,0.03396,0.03528,0.03429,0.03265,-55.11497,-3903.00000
0.20729,0.19841,0.20104,0.19841,0.20532,0.18131,0.18131,0.18394,0.18789,0.18427,0.03199,0.03495,0.03330,0.03100,0.02870,-55.69225,-3902.00000
0.20269,0.19479,0.20466,0.19940,0.20170,0.18164,0.18164,0.18361,0.18328,0.18164,0.03166,0.03265,0.03232,0.03034,0.03232,-55.69225,-3901.00000
0.20269,0.19841,0.19841,0.20071,0.20631,0.18361,0.18361,0.18131,0.18131,0.18361,0.02804,0.03462,0.03133,0.03297,0.03166,-55.85150,-3900.00000
0.19315,0.19973,0.19907,0.19907,0.20071,0.18493,0.18756,0.18723,0.18723,0.18756,0.03462,0.03429,0.03297,0.03297,0.03297,-55.85150,-3899.00000
0.19578,0.20203,0.20302,0.19874,0.19742,0.17966,0.18131,0.18427,0.18131,0.18098,0.03232,0.03396,0.03034,0.03199,0.03429,-55.60153,-3898.00000
0.19512,0.20203,0.19611,0.20203,0.19677,0.17802,0.18591,0.18624,0.17835,0.17901,0.03265,0.03297,0.03462,0.03396,0.03232,-55.60153,-3897.00000
0.19545,0.20400,0.19808,0.20170,0.19479,0.18262,0.18394,0.17670,0.18427,0.18230,0.03297,0.03363,0.03561,0.03396,0.03363,-56.10643,-3896.00000
0.20565,0.19512,0.19710,0.19512,0.20104,0.18164,0.18723,0.18361,0.17934,0.18098,0.03232,0.03067,0.03297,0.03330,0.03100,-56.10643,-3895.00000
0.19479,0.19907,0.20137,0.20269,0.19775,0.17999,0.17999,0.17736,0.18460,0.17638,0.02903,0.03297,0.03199,0.03593,0.03100,-55.70946,-3894.00000
0.19874,0.19973,0.19282,0.20038,0.20400,0.18361,0.18230,0.17901,0.18394,0.18361,0.02640,0.03067,0.03593,0.03034,0.03396,-55.70946,-3893.00000
0.19644,0.19874,0.19677,0.19677,0.20433,0.18822,0.18230,0.18230,0.18032,0.18427,0.03001,0.03100,0.03232,0.02936,0.02968,-55.35473,-3892.00000
0.19874,0.19545,0.20137,0.20269,0.20071,0.18361,0.18164,0.18262,0.18230,0.17868,0.03133,0.02804,0.03495,0.03528,0.03265,-55.35473,-3891.00000
0.20038,0.19775,0.19512,0.19479,0.20071,0.18032,0.18460,0.18690,0.18032,0.18361,0.03626,0.02968,0.03297,0.03133,0.03495,-54.83313,-3890.00000
0.20466,0.19742,0.20269,0.19282,0.19841,0.17802,0.17670,0.17835,0.17670,0.18295,0.03001,0.03429,0.03396,0.03199,0.03133,-54.83313,-3889.00000
0.20071,0.20071,0.20302,0.19907,0.19381,0.17999,0.17670,0.17835,0.18065,0.18065,0.03034,0.03297,0.03330,0.03528,0.03462,-54.15485,-3888.00000
0.20038,0.20433,0.19710,0.19479,0.20170,0.17999,0.17934,0.18295,0.18032,0.17934,0.03297,0.02903,0.02903,0.03265,0.03067,-54.15485,-3887.00000
0.20335,0.20006,0.19973,0.20071,0.19545,0.18262,0.18164,0.17966,0.18032,0.18328,0.03133,0.03462,0.03199,0.03495,0.03396,-54.72391,-3886.00000
0.19710,0.20269,0.19940,0.20367,0.20203,0.18098,0.18065,0.18361,0.18427,0.18262,0.03396,0.03034,0.03396,0.03659,0.03626,-54.72391,-3885.00000
0.20006,0.19644,0.20006,0.20367,0.20433,0.17934,0.17670,0.18197,0.18328,0.17802,0.03396,0.03297,0.03429,0.03330,0.03561,-54.24672,-3884.00000
0.19940,0.20236,0.19874,0.19611,0.19710,0.17835,0.17736,0.18558,0.18493,0.18131,0.03363,0.03330,0.03100,0.03330,0.03561,-54.24672,-3883.00000
0.19611,0.19742,0.20269,0.20532,0.19940,0.17407,0.17901,0.18098,0.18690,0.17901,0.03232,0.03232,0.03166,0.03199,0.02903,-54.28156,-3882.00000
0.20137,0.19644,0.19973,0.20269,0.20532,0.18295,0.17769,0.18098,0.18197,0.17605,0.03462,0.03166,0.03265,0.03626,0.03100,-54.28156,-3881.00000
0.19348,0.20466,0.20104,0.20104,0.19874,0.17835,0.18361,0.18098,0.17901,0.18098,0.03396,0.03297,0.02968,0.03067,0.03100,-53.84000,-3880.00000
0.20269,0.19775,0.19414,0.20071,0.19381,0.18328,0.18394,0.18131,0.18098,0.18262,0.03429,0.03199,0.03001,0.02936,0.02936,-53.84000,-3879.00000
0.19973,0.20071,0.20302,0.19874,0.19545,0.18131,0.18427,0.18361,0.18164,0.18262,0.03561,0.02903,0.03561,0.03363,0.03067,-54.73250,-3878.00000
0.19841,0.19874,0.20499,0.20038,0.20170,0.17736,0.18295,0.17901,0.18361,0.18230,0.03429,0.03626,0.03265,0.03824,0.03001,-54.73250,-3877.00000
0.19808,0.19874,0.20006,0.19644,0.19973,0.17999,0.18032,0.18361,0.18262,0.17999,0.03857,0.03265,0.03363,0.03297,0.03133,-55.74271,-3876.00000
0.19742,0.20104,0.19677,0.19940,0.20038,0.18558,0.18328,0.18230,0.18131,0.17934,0.03067,0.03265,0.03528,0.03495,0.03133,-55.74271,-3875.00000
0.19742,0.20170,0.19348,0.19578,0.19940,0.18328,0.17835,0.18460,0.18131,0.18197,0.03330,0.03363,0.03232,0.03001,0.03363,-55.32009,-3874.00000
0.19677,0.19907,0.19644,0.20302,0.19446,0.18098,0.18526,0.18526,0.17934,0.18230,0.03265,0.03232,0.03265,0.03166,0.03297,-55.32009,-3873.00000
0.19545,0.19644,0.20038,0.19479,0.20104,0.17638,0.18131,0.18131,0.17769,0.18361,0.03265,0.03330,0.03429,0.03232,0.03133,-56.17567,-3872.00000
0.20367,0.19841,0.19973,0.19742,0.20137,0.18230,0.17901,0.18328,0.18328,0.17802,0.03199,0.03462,0.03265,0.03232,0.03330,-56.17567,-3871.00000
0.19677,0.19677,0.19808,0.19677,0.20104,0.17835,0.18394,0.18493,0.18493,0.18164,0.03265,0.03396,0.03265,0.03396,0.03199,-56.40815,-3870.00000
0.19874,0.19907,0.19710,0.19907,0.20038,0.18131,0.18065,0.18197,0.18822,0.18394,0.03001,0.03133,0.03067,0.03330,0.03034,-56.40815,-3869.00000
0.20104,0.19118,0.20071,0.19282,0.20400,0.17572,0.17868,0.17901,0.18361,0.17802,0.03265,0.02968,0.03034,0.03232,0.03034,-55.52341,-3868.00000
0.19808,0.19808,0.20335,0.19611,0.19479,0.18197,0.18032,0.18032,0.17769,0.17802,0.03297,0.03100,0.03561,0.03265,0.03067,-55.52341,-3867.00000
0.20400,0.20565,0.20795,0.19907,0.19545,0.18756,0.17966,0.17703,0.17966,0.17934,0.03330,0.03791,0.03561,0.03429,0.03429,-55.24217,-3866.00000
0.20269,0.20335,0.19940,0.20137,0.19545,0.18328,0.18098,0.18624,0.18460,0.18427,0.03232,0.02936,0.03166,0.03495,0.03133,-55.24217,-3865.00000
0.20236,0.19512,0.19973,0.19907,0.21091,0.18493,0.18657,0.18427,0.18493,0.18230,0.03593,0.03528,0.03133,0.03330,0.03265,-55.29199,-3864.00000
0.19907,0.19381,0.19710,0.20302,0.20335,0.18131,0.17901,0.18197,0.18230,0.18789,0.03330,0.03100,0.03100,0.03034,0.03166,-55.29199,-3863.00000
0.19973,0.19512,0.19841,0.19841,0.19973,0.18230,0.18887,0.17966,0.18558,0.18131,0.03133,0.03363,0.03396,0.03265,0.03265,-55.02636,-3862.00000
0.20071,0.20532,0.19446,0.20532,0.19841,0.18098,0.18131,0.18526,0.18197,0.17966,0.03133,0.03232,0.03626,0.03034,0.03265,-55.02636,-3861.00000
0.20236,0.20269,0.20170,0.19808,0.19808,0.17901,0.18065,0.18295,0.18526,0.18262,0.03199,0.03363,0.03067,0.03462,0.03495,-55.07422,-3860.00000
0.19874,0.19545,0.20367,0.19874,0.19216,0.18131,0.18065,0.18328,0.18526,0.18197,0.03495,0.03429,0.03067,0.03561,0.03034,-55.07422,-3859.00000
0.20367,0.19677,0.19940,0.20992,0.19479,0.18361,0.18197,0.18526,0.18624,0.18230,0.03363,0.03232,0.03297,0.03659,0.03199,-54.64404,-3858.00000
0.20071,0.19512,0.19446,0.20006,0.20302,0.18657,0.17802,0.18526,0.18328,0.17868,0.02771,0.03462,0.03199,0.03495,0.03396,-54.64404,-3857.00000
0.19611,0.20433,0.19710,0.19874,0.19808,0.18098,0.18394,0.18822,0.17966,0.18197,0.03462,0.03100,0.03396,0.03429,0.03330,-54.19946,-3856.00000
0.19874,0.19644,0.19677,0.19118,0.20696,0.18690,0.18526,0.18164,0.18164,0.18230,0.03232,0.03265,0.03363,0.03166,0.03561,-54.19946,-3855.00000
0.20532,0.19578,0.19940,0.20335,0.19446,0.17769,0.18262,0.18164,0.18197,0.18131,0.03330,0.03232,0.03561,0.03396,0.03166,-54.81213,-3854.00000
0.20104,0.19775,0.19644,0.20006,0.19874,0.18328,0.18558,0.18493,0.18197,0.17473,0.03725,0.03363,0.03561,0.03396,0.02903,-54.81213,-3853.00000
0.19677,0.19677,0.19841,0.20203,0.20203,0.18098,0.18394,0.18295,0.18164,0.18197,0.03363,0.03034,0.02903,0.03396,0.03265,-54.35187,-3852.00000
0.19677,0.20499,0.19973,0.20269,0.19742,0.17966,0.18197,0.17934,0.18230,0.18295,0.03199,0.03067,0.03133,0.03396,0.03330,-54.35187,-3851.00000
0.19940,0.20269,0.20170,0.20203,0.20269,0.18032,0.18230,0.18295,0.17966,0.18526,0.03265,0.03330,0.03363,0.03232,0.03232,-55.18130,-3850.00000
0.20170,0.19644,0.20104,0.20335,0.20236,0.18460,0.17835,0.18164,0.18262,0.17934,0.03791,0.03626,0.03330,0.02968,0.03593,-55.18130,-3849.00000
0.20071,0.19841,0.20433,0.19545,0.19841,0.18657,0.18262,0.17769,0.18065,0.17868,0.03725,0.03166,0.03363,0.03561,0.03100,-55.13460,-3848.00000
0.19775,0.20302,0.19940,0.20499,0.19742,0.18262,0.18394,0.18756,0.18065,0.18624,0.03297,0.03330,0.03265,0.03396,0.03692,-55.13460,-3847.00000
0.19874,0.20104,0.19611,0.20236,0.20104,0.18230,0.18197,0.18328,0.18427,0.17999,0.03396,0.03429,0.03396,0.03593,0.03133,-55.35294,-3846.00000
0.20071,0.19940,0.20071,0.20302,0.19940,0.18098,0.18197,0.18526,0.18065,0.17769,0.03626,0.03232,0.03067,0.03232,0.03297,-55.35294,-3845.00000
0.19710,0.20236,0.20038,0.20038,0.19578,0.18558,0.18361,0.17868,0.18197,0.18197,0.03133,0.02903,0.03297,0.03199,0.03462,-55.56710,-3844.00000
0.20269,0.19808,0.20433,0.20236,0.19446,0.18230,0.17802,0.18427,0.18065,0.18394,0.03528,0.03166,0.03232,0.02771,0.03001,-55.56710,-3843.00000
0.19775,0.19644,0.19677,0.20203,0.19710,0.18460,0.18131,0.18131,0.18295,0.18131,0.02837,0.03133,0.03429,0.03265,0.03462,-54.87095,-3842.00000
0.20170,0.19742,0.19907,0.20367,0.20006,0.18164,0.18460,0.17999,0.18065,0.18493,0.03330,0.03100,0.03232,0.03396,0.03265,-54.87095,-3841.00000
0.19808,0.19414,0.20137,0.19775,0.20335,0.17999,0.18295,0.18230,0.18131,0.18065,0.03265,0.03561,0.03626,0.03396,0.03133,-54.65960,-3840.00000
0.20071,0.19940,0.20400,0.20302,0.20006,0.18427,0.18328,0.18361,0.18624,0.18591,0.03067,0.03495,0.03528,0.03462,0.03462,-54.65960,-3839.00000
0.19808,0.20071,0.20302,0.19874,0.20170,0.18098,0.18262,0.17868,0.17934,0.18493,0.03429,0.03330,0.03067,0.03034,0.02968,-54.58566,-3838.00000
0.20203,0.20236,0.19907,0.19808,0.19808,0.18460,0.18558,0.18427,0.18197,0.18197,0.03133,0.03363,0.03297,0.03133,0.03528,-54.58566,-3837.00000
0.19907,0.20729,0.19973,0.19677,0.20104,0.18164,0.18328,0.17802,0.17999,0.18164,0.03396,0.03265,0.03561,0.03297,0.03462,-54.94908,-3836.00000
0.20104,0.19611,0.20203,0.20038,0.19710,0.17934,0.18262,0.18493,0.17934,0.18427,0.03396,0.03100,0.03133,0.03758,0.03265,-54.94908,-3835.00000
0.19479,0.20236,0.20466,0.19479,0.20104,0.17999,0.17901,0.17703,0.18361,0.18460,0.03100,0.03133,0.03034,0.03166,0.03495,-54.67913,-3834.00000
0.19874,0.18986,0.20203,0.20335,0.19940,0.17802,0.18164,0.18361,0.18230,0.18131,0.03232,0.03166,0.03659,0.03330,0.03429,-54.67913,-3833.00000
0.20137,0.19907,0.19512,0.20367,0.19940,0.18197,0.18131,0.18131,0.17539,0.18230,0.03462,0.03199,0.03199,0.03001,0.03396,-53.95578,-3832.00000
0.19512,0.19479,0.19907,0.19841,0.19611,0.18065,0.18164,0.18131,0.17999,0.18295,0.03495,0.03199,0.03232,0.03067,0.03363,-53.95578,-3831.00000
0.20236,0.20269,0.19479,0.19479,0.20038,0.18328,0.18591,0.18262,0.18591,0.18032,0.03462,0.03659,0.03199,0.02968,0.03265,-53.71373,-3830.00000
0.20170,0.19578,0.19874,0.19775,0.20170,0.17802,0.18164,0.18230,0.17934,0.18032,0.02837,0.02968,0.03265,0.03396,0.03100,-53.71373,-3829.00000
0.19808,0.19940,0.19907,0.19710,0.19874,0.18262,0.17769,0.18493,0.18032,0.17407,0.03791,0.03265,0.03495,0.03396,0.03100,-52.23284,-3828.00000
0.19710,0.20532,0.19644,0.19545,0.20367,0.17802,0.18558,0.18295,0.18164,0.17835,0.03265,0.03593,0.03034,0.03429,0.02870,-52.23284,-3827.00000
0.20170,0.20499,0.19249,0.20104,0.20236,0.18262,0.18394,0.18328,0.18427,0.17966,0.03133,0.03363,0.03265,0.03100,0.03265,-49.93722,-3826.00000
0.20400,0.19874,0.19446,0.19907,0.19874,0.17539,0.17703,0.18164,0.18197,0.18361,0.03396,0.03429,0.03297,0.03199,0.03330,-49.93722,-3825.00000
0.19775,0.19019,0.20269,0.19644,0.19545,0.17868,0.18098,0.18460,0.18657,0.18098,0.03265,0.03429,0.03100,0.03199,0.03265,-49.98814,-3824.00000
0.20038,0.19874,0.19611,0.20236,0.19973,0.17868,0.17999,0.18558,0.18032,0.17999,0.03100,0.03330,0.03265,0.03396,0.03199,-49.98814,-3823.00000
0.19841,0.20203,0.19611,0.19381,0.20400,0.18131,0.18394,0.17769,0.17999,0.18230,0.03265,0.03001,0.03166,0.03265,0.03166,-48.86858,-3822.00000
0.19249,0.19940,0.19907,0.20400,0.19512,0.18098,0.17901,0.18493,0.18361,0.17736,0.03232,0.03232,0.03528,0.03528,0.03495,-48.86858,-3821.00000
0.19677,0.19512,0.20532,0.20302,0.20006,0.18295,0.17835,0.18328,0.18131,0.18591,0.03100,0.03495,0.03528,0.03363,0.03232,-50.44992,-3820.00000
0.19644,0.19808,0.19973,0.20335,0.20203,0.18065,0.18197,0.18756,0.18262,0.18197,0.02640,0.03659,0.03363,0.03001,0.03462,-50.44992,-3819.00000
0.19841,0.19874,0.20400,0.20137,0.20269,0.18230,0.18328,0.17769,0.17868,0.18328,0.03429,0.03265,0.03626,0.03133,0.03001,-52.25377,-3818.00000
0.19940,0.20433,0.19578,0.19940,0.19677,0.18657,0.17966,0.18427,0.18591,0.17802,0.03330,0.02968,0.03330,0.03199,0.03330,-52.25377,-3817.00000
0.19775,0.19710,0.20532,0.20236,0.20104,0.18361,0.18328,0.18361,0.18822,0.18065,0.03363,0.03593,0.03166,0.03429,0.03067,-53.54876,-3816.00000
0.19775,0.20071,0.20302,0.20335,0.20400,0.18262,0.18197,0.18526,0.18591,0.18295,0.03265,0.03232,0.03528,0.03626,0.03462,-53.54876,-3815.00000
0.20071,0.20269,0.20104,0.20038,0.20170,0.18394,0.18394,0.18164,0.18789,0.18197,0.03297,0.03232,0.03001,0.03067,0.03265,-54.45504,-3814.00000
0.20236,0.19874,0.20236,0.20367,0.20104,0.18460,0.18328,0.18361,0.18065,0.18131,0.02903,0.03265,0.03034,0.03001,0.03133,-54.45504,-3813.00000
0.20565,0.20137,0.20269,0.20631,0.19677,0.18460,0.18361,0.18328,0.18558,0.18164,0.03199,0.03034,0.03363,0.03067,0.03100,-55.95067,-3812.00000
0.19808,0.20927,0.19710,0.20663,0.20203,0.18526,0.18394,0.18789,0.18098,0.18460,0.03396,0.03429,0.03265,0.03330,0.03133,-55.95067,-3811.00000
0.20038,0.19973,0.20302,0.20006,0.20236,0.17999,0.18164,0.18230,0.18098,0.18230,0.03034,0.03232,0.03363,0.03297,0.03034,-54.69897,-3810.00000
0.20170,0.20400,0.19512,0.19578,0.20038,0.18460,0.17999,0.18361,0.18526,0.18197,0.03100,0.03725,0.03626,0.03330,0.03133,-54.69897,-3809.00000
0.20104,0.20104,0.19710,0.20302,0.20071,0.18262,0.18361,0.17901,0.18131,0.18262,0.03265,0.03528,0.03363,0.03199,0.03199,-54.78112,-3808.00000
0.20499,0.19775,0.20071,0.19973,0.20269,0.17966,0.18624,0.18558,0.18328,0.17999,0.03330,0.03265,0.03363,0.02837,0.03166,-54.78112,-3807.00000
0.20006,0.20071,0.19282,0.20006,0.20104,0.18526,0.18427,0.17966,0.18197,0.18427,0.03330,0.03133,0.03462,0.03528,0.03199,-55.48382,-3806.00000
0.19874,0.19381,0.19545,0.20104,0.20071,0.17769,0.18131,0.18230,0.18657,0.18262,0.02968,0.03166,0.03363,0.03561,0.02936,-55.48382,-3805.00000
0.19973,0.20236,0.20367,0.20071,0.20236,0.17999,0.18657,0.18262,0.18854,0.18032,0.03166,0.03232,0.03297,0.03265,0.03396,-55.65939,-3804.00000
0.20335,0.20269,0.19808,0.19940,0.20170,0.17736,0.18032,0.18493,0.18197,0.17934,0.03495,0.03133,0.03100,0.03133,0.02968,-55.65939,-3803.00000
0.20071,0.20663,0.19381,0.19841,0.20137,0.17966,0.18230,0.18065,0.18526,0.18262,0.03396,0.03330,0.03297,0.03034,0.03429,-55.30040,-3802.00000
0.19742,0.19479,0.20203,0.19775,0.20071,0.18591,0.18065,0.18197,0.18065,0.18098,0.02837,0.02837,0.03429,0.02936,0.03265,-55.30040,-3801.00000
0.19874,0.20335,0.20137,0.20433,0.19808,0.18262,0.18361,0.18723,0.18262,0.18361,0.03429,0.03462,0.03429,0.03067,0.03034,-55.41875,-3800.00000
0.19775,0.19841,0.19611,0.19644,0.19907,0.18065,0.18262,0.18262,0.18262,0.18624,0.03462,0.03330,0.03396,0.03363,0.03067,-55.41875,-3799.00000
0.19775,0.20466,0.20236,0.20367,0.19677,0.17999,0.18262,0.18197,0.18526,0.18789,0.03297,0.03363,0.03265,0.03561,0.03297,-54.53799,-3798.00000
0.20137,0.20302,0.19677,0.19874,0.19973,0.18131,0.18295,0.18328,0.17670,0.17966,0.03528,0.03561,0.03265,0.02705,0.03363,-54.53799,-3797.00000
0.20104,0.20104,0.20302,0.19973,0.19710,0.18427,0.18262,0.18854,0.18624,0.18230,0.03166,0.03692,0.03133,0.03166,0.03363,-54.13423,-3796.00000
0.20466,0.20170,0.19907,0.20433,0.20433,0.17999,0.18394,0.17868,0.18197,0.18591,0.03133,0.03232,0.03297,0.02903,0.03067,-54.13423,-3795.00000
0.20400,0.20499,0.20466,0.19578,0.19841,0.18197,0.18394,0.18065,0.18920,0.18460,0.03626,0.03133,0.03363,0.03330,0.03363,-54.46458,-3794.00000
0.19940,0.19808,0.20335,0.20367,0.20367,0.18756,0.18493,0.17999,0.18460,0.18197,0.03265,0.03561,0.03363,0.03100,0.03199,-54.46458,-3793.00000
0.19874,0.20367,0.20006,0.19611,0.20367,0.18361,0.18328,0.18328,0.18723,0.18460,0.03363,0.03297,0.03034,0.03396,0.03363,-53.61901,-3792.00000
0.20367,0.19742,0.20137,0.19611,0.19973,0.18493,0.17966,0.18427,0.18427,0.18394,0.03429,0.03067,0.02968,0.03265,0.03265,-53.61901,-3791.00000
0.19742,0.19446,0.20959,0.19874,0.20038,0.18394,0.18230,0.18526,0.18295,0.18197,0.03330,0.03067,0.03100,0.03001,0.03166,-55.16888,-3790.00000
0.20696,0.20236,0.19973,0.20104,0.20203,0.17736,0.18262,0.18131,0.18262,0.18032,0.03199,0.03330,0.03462,0.03429,0.03363,-55.16888,-3789.00000
0.20466,0.19940,0.19644,0.20302,0.19578,0.17934,0.18230,0.18460,0.18230,0.17868,0.03166,0.03067,0.03561,0.03593,0.03297,-55.73141,-3788.00000
0.19479,0.20170,0.19841,0.19907,0.20038,0.18723,0.18262,0.18328,0.18328,0.18197,0.02837,0.03199,0.03232,0.03363,0.03363,-55.73141,-3787.00000
0.19874,0.19940,0.20400,0.20236,0.19973,0.18295,0.18065,0.18657,0.18591,0.18460,0.03232,0.03001,0.03363,0.03561,0.03396,-55.34129,-3786.00000
0.20762,0.20038,0.19479,0.20696,0.20367,0.18065,0.18262,0.18065,0.18591,0.18591,0.03396,0.03626,0.03232,0.02837,0.03396,-55.34129,-3785.00000
0.19710,0.20137,0.19940,0.20006,0.20203,0.18657,0.18230,0.18361,0.18591,0.18328,0.03232,0.03528,0.03626,0.03100,0.03922,-55.84447,-3784.00000
0.20335,0.20269,0.20006,0.20367,0.19775,0.18098,0.18295,0.18460,0.18526,0.18493,0.03232,0.03297,0.03067,0.03429,0.03330,-55.84447,-3783.00000
0.19775,0.19545,0.20006,0.20236,0.19973,0.18624,0.18328,0.17802,0.18032,0.18262,0.03528,0.03561,0.03528,0.03626,0.03166,-56.13513,-3782.00000
0.20302,0.20565,0.20663,0.20433,0.20236,0.18394,0.18756,0.17934,0.18262,0.18394,0.03462,0.03265,0.03330,0.03593,0.03462,-56.13513,-3781.00000
0.20170,0.20828,0.20104,0.20170,0.20466,0.18657,0.18361,0.18328,0.18756,0.18262,0.03429,0.03396,0.03725,0.03495,0.03429,-55.93622,-3780.00000
0.19644,0.19808,0.20170,0.20631,0.19742,0.18361,0.18328,0.18230,0.18526,0.18493,0.03265,0.03166,0.03626,0.03462,0.03462,-55.93622,-3779.00000
0.20137,0.19874,0.20071,0.19742,0.20006,0.18361,0.18230,0.18197,0.17999,0.18262,0.03495,0.03297,0.03396,0.03528,0.03297,-55.77817,-3778.00000
0.20433,0.19414,0.20170,0.19907,0.19775,0.18558,0.18328,0.18460,0.18427,0.18328,0.03100,0.03166,0.03199,0.03363,0.03100,-55.77817,-3777.00000
0.19907,0.20137,0.20006,0.19578,0.20631,0.18558,0.18230,0.18624,0.18986,0.18164,0.03495,0.03166,0.03758,0.03659,0.03067,-55.09123,-3776.00000
0.19940,0.20170,0.20663,0.20104,0.20006,0.18131,0.17966,0.18098,0.18131,0.18197,0.03561,0.03133,0.03561,0.03561,0.03626,-55.09123,-3775.00000
0.20236,0.20236,0.19841,0.19578,0.20137,0.17901,0.17966,0.17506,0.18361,0.18164,0.03297,0.03659,0.03495,0.03429,0.03232,-54.96993,-3774.00000
0.19775,0.20170,0.19841,0.20170,0.20006,0.18690,0.18131,0.17966,0.18032,0.17934,0.03265,0.03297,0.03626,0.03659,0.03330,-54.96993,-3773.00000
0.20236,0.19973,0.20104,0.20203,0.19414,0.18493,0.17901,0.18098,0.18164,0.18262,0.03462,0.03297,0.03462,0.03034,0.03396,-54.92637,-3772.00000
0.20269,0.19775,0.19578,0.20532,0.19808,0.17901,0.18328,0.18756,0.18460,0.18164,0.03034,0.03034,0.03166,0.03462,0.03462,-54.92637,-3771.00000
0.19512,0.19874,0.19841,0.19282,0.19512,0.18230,0.18558,0.18131,0.18526,0.18328,0.03166,0.03561,0.03100,0.02804,0.03692,-54.11358,-3770.00000
0.20335,0.20038,0.20071,0.20038,0.19710,0.18328,0.18065,0.18098,0.18460,0.17966,0.03232,0.03232,0.03297,0.03429,0.03561,-54.11358,-3769.00000
0.20006,0.20203,0.19644,0.20038,0.19348,0.18394,0.18328,0.18591,0.17966,0.18328,0.03297,0.03067,0.03199,0.03462,0.03034,-54.40298,-3768.00000
0.19907,0.19841,0.19710,0.20269,0.20203,0.18131,0.18230,0.18262,0.17999,0.18065,0.03363,0.03100,0.03199,0.03166,0.03001,-54.40298,-3767.00000
0.19677,0.19381,0.19644,0.19907,0.20170,0.18328,0.18164,0.17901,0.18295,0.18262,0.03593,0.03495,0.03133,0.03133,0.03462,-53.88850,-3766.00000
0.20565,0.20433,0.20335,0.19710,0.19973,0.17901,0.18295,0.18558,0.18624,0.18098,0.03133,0.03265,0.03199,0.03034,0.03100,-53.88850,-3765.00000
0.19907,0.20170,0.20302,0.19973,0.20499,0.18361,0.17934,0.17638,0.18197,0.18591,0.03363,0.03100,0.02936,0.03429,0.03561,-53.42863,-3764.00000
0.20400,0.19907,0.19874,0.19973,0.20433,0.18098,0.18131,0.17901,0.17999,0.17966,0.03297,0.02968,0.03133,0.03429,0.03495,-53.42863,-3763.00000
0.20302,0.19808,0.20762,0.20302,0.19874,0.18394,0.17736,0.17999,0.18657,0.18262,0.03067,0.03725,0.03396,0.03725,0.03232,-53.60640,-3762.00000
0.19611,0.19874,0.20137,0.19742,0.19907,0.18493,0.18723,0.18098,0.18394,0.18361,0.03100,0.03429,0.03429,0.03363,0.03265,-53.60640,-3761.00000
0.19940,0.20104,0.19841,0.19907,0.19973,0.18526,0.18098,0.18164,0.17966,0.18295,0.03133,0.03528,0.03100,0.03067,0.03133,-53.72459,-3760.00000
0.19841,0.20006,0.20466,0.19644,0.19611,0.18230,0.18065,0.18591,0.17966,0.18328,0.03297,0.03232,0.03495,0.03232,0.03100,-53.72459,-3759.00000
0.19874,0.20170,0.19315,0.20203,0.20104,0.18493,0.18328,0.18197,0.18032,0.17374,0.03363,0.03199,0.03265,0.03100,0.03561,-54.70653,-3758.00000
0.20269,0.20894,0.19808,0.19907,0.20269,0.18295,0.18493,0.18591,0.17769,0.18131,0.03297,0.03528,0.03232,0.03297,0.03232,-54.70653,-3757.00000
0.19611,0.20236,0.19446,0.20400,0.20203,0.18032,0.18197,0.17901,0.18164,0.18197,0.03363,0.03034,0.03528,0.03297,0.03330,-55.22436,-3756.00000
0.19940,0.20038,0.20269,0.19775,0.20104,0.18098,0.18197,0.18197,0.18690,0.18460,0.03363,0.03297,0.03363,0.03363,0.02936,-55.22436,-3755.00000
0.20038,0.20006,0.19019,0.20071,0.19940,0.17736,0.18197,0.18131,0.17736,0.18164,0.03495,0.03265,0.03100,0.03330,0.02968,-55.91052,-3754.00000
0.19414,0.21091,0.19973,0.20236,0.20170,0.18361,0.17868,0.18591,0.17999,0.18427,0.03199,0.02936,0.03199,0.03166,0.03265,-55.91052,-3753.00000
0.20236,0.19414,0.19578,0.19282,0.20137,0.18427,0.18065,0.18230,0.18065,0.18460,0.03626,0.02968,0.02771,0.03232,0.03396,-56.21210,-3752.00000
0.19545,0.19874,0.20499,0.20006,0.19775,0.18098,0.18526,0.18197,0.18197,0.18295,0.03265,0.03330,0.03495,0.03265,0.03199,-56.21210,-3751.00000
0.20006,0.20565,0.19874,0.19808,0.20466,0.17934,0.18131,0.18032,0.18065,0.18394,0.03166,0.03133,0.03429,0.03363,0.03297,-55.66708,-3750.00000
0.19874,0.19644,0.20762,0.20006,0.19940,0.18262,0.18230,0.18230,0.18427,0.18230,0.03133,0.03166,0.03297,0.03100,0.03232,-55.66708,-3749.00000
0.19874,0.20038,0.20367,0.19973,0.20400,0.18197,0.17835,0.18164,0.18394,0.17999,0.03429,0.03199,0.03166,0.02968,0.03100,-55.56059,-3748.00000
0.20631,0.19808,0.20038,0.20335,0.20236,0.18460,0.17999,0.17934,0.18854,0.18230,0.03034,0.03034,0.03528,0.03495,0.03297,-55.56059,-3747.00000
0.20598,0.20006,0.19644,0.19512,0.19775,0.18295,0.18295,0.17934,0.18394,0.18427,0.03199,0.03001,0.03561,0.03429,0.03001,-56.00784,-3746.00000
0.20203,0.19940,0.19940,0.20038,0.19841,0.18197,0.18065,0.18164,0.18098,0.18460,0.03166,0.03330,0.03396,0.03528,0.03166,-56.00784,-3745.00000
0.19742,0.20335,0.19578,0.20236,0.19742,0.18493,0.18394,0.17703,0.18394,0.18131,0.03100,0.03429,0.03133,0.03067,0.02936,-54.93995,-3744.00000
0.20071,0.20038,0.20170,0.19545,0.20269,0.18460,0.18493,0.18262,0.18295,0.18131,0.03297,0.03330,0.03528,0.03561,0.03429,-54.93995,-3743.00000
0.19907,0.20598,0.20104,0.20038,0.20433,0.18230,0.18295,0.18131,0.18164,0.18230,0.03166,0.03265,0.03034,0.03528,0.03133,-54.76490,-3742.00000
0.20104,0.19545,0.19841,0.19512,0.19775,0.18295,0.17966,0.17901,0.18328,0.18460,0.03265,0.03067,0.03133,0.03166,0.03462,-54.76490,-3741.00000
0.19841,0.20433,0.19677,0.20203,0.20137,0.18558,0.18394,0.17835,0.18460,0.17802,0.03166,0.03199,0.03067,0.03232,0.03363,-54.37952,-3740.00000
0.20631,0.19808,0.19973,0.19973,0.20203,0.18295,0.18295,0.18591,0.17835,0.18526,0.03034,0.03133,0.03166,0.03528,0.03330,-54.37952,-3739.00000
0.20302,0.20137,0.20532,0.20006,0.20170,0.18098,0.18295,0.18887,0.18624,0.18230,0.03166,0.03199,0.03462,0.03396,0.03528,-54.28449,-3738.00000
0.20269,0.20302,0.20137,0.19775,0.20335,0.18328,0.18361,0.18493,0.18361,0.17966,0.03495,0.03363,0.03396,0.03265,0.03297,-54.28449,-3737.00000
0.20071,0.20762,0.19479,0.20006,0.20335,0.18361,0.18065,0.18032,0.18526,0.19019,0.03265,0.03133,0.03067,0.03067,0.03199,-54.16861,-3736.00000
0.20400,0.19907,0.20104,0.20137,0.20203,0.18098,0.17966,0.18230,0.18558,0.18493,0.03593,0.03363,0.03001,0.03133,0.03396,-54.16861,-3735.00000
0.19907,0.19973,0.20466,0.19841,0.20269,0.18361,0.17999,0.17868,0.17999,0.17572,0.03199,0.03100,0.02870,0.03330,0.03495,-55.16780,-3734.00000
0.20367,0.20236,0.19512,0.20203,0.20269,0.18098,0.18295,0.18328,0.18526,0.17802,0.03462,0.03429,0.03429,0.03330,0.03495,-55.16780,-3733.00000
0.20466,0.19216,0.20170,0.19446,0.19973,0.18526,0.18558,0.18394,0.17901,0.18032,0.03528,0.03330,0.03297,0.03396,0.03067,-55.23283,-3732.00000
0.20071,0.19907,0.19414,0.20170,0.19775,0.18558,0.18065,0.18657,0.18591,0.18493,0.03429,0.03232,0.03232,0.02837,0.03166,-55.23283,-3731.00000
0.20466,0.20137,0.19545,0.20203,0.19940,0.18493,0.18065,0.18460,0.17966,0.18756,0.03330,0.03495,0.03199,0.03232,0.03330,-55.29464,-3730.00000
0.20236,0.19742,0.19315,0.19874,0.19742,0.17966,0.17802,0.17901,0.17966,0.18558,0.03100,0.03396,0.03363,0.03363,0.03034,-55.29464,-3729.00000
0.19808,0.20071,0.19973,0.19874,0.19545,0.18164,0.18460,0.18164,0.18164,0.18131,0.03626,0.03462,0.03001,0.03462,0.03001,-55.33286,-3728.00000
0.19348,0.20729,0.20236,0.19545,0.19973,0.18558,0.18262,0.18394,0.18558,0.18131,0.03034,0.03067,0.03462,0.03100,0.03396,-55.33286,-3727.00000
0.20071,0.19907,0.19710,0.20400,0.19808,0.18197,0.17736,0.18493,0.18230,0.18065,0.03330,0.03067,0.03330,0.03034,0.03232,-54.85393,-3726.00000
0.20335,0.19578,0.20598,0.19578,0.20466,0.17934,0.18460,0.18591,0.18394,0.17966,0.03561,0.03429,0.02968,0.03297,0.03265,-54.85393,-3725.00000
0.20335,0.20203,0.20236,0.20367,0.19808,0.18756,0.18558,0.18065,0.18328,0.18164,0.03297,0.03626,0.02968,0.03232,0.02903,-55.42257,-3724.00000
0.20203,0.19545,0.20236,0.20433,0.20137,0.18624,0.18328,0.18526,0.18427,0.18394,0.03462,0.03265,0.03330,0.03330,0.03067,-55.42257,-3723.00000
0.19611,0.19742,0.20302,0.20038,0.19973,0.18328,0.18394,0.17966,0.18558,0.18361,0.03133,0.03528,0.02968,0.03593,0.03199,-55.32847,-3722.00000
0.20170,0.19742,0.20170,0.20038,0.20236,0.18032,0.18427,0.18460,0.18098,0.18493,0.03001,0.03363,0.03462,0.03462,0.03232,-55.32847,-3721.00000
0.20269,0.20335,0.19874,0.19940,0.19710,0.18295,0.18098,0.18065,0.18065,0.18262,0.03100,0.03297,0.03462,0.03396,0.02968,-55.21551,-3720.00000
0.19940,0.19907,0.19710,0.20104,0.20137,0.18460,0.17835,0.17901,0.18098,0.18328,0.03593,0.03626,0.03725,0.03232,0.03199,-55.21551,-3719.00000
0.19874,0.20696,0.19611,0.19874,0.20236,0.17868,0.18493,0.18493,0.18328,0.18460,0.03297,0.03100,0.03429,0.03297,0.03297,-55.45932,-3718.00000
0.19874,0.19808,0.20269,0.19742,0.19940,0.18164,0.17703,0.17868,0.17802,0.18854,0.03495,0.03100,0.03034,0.03429,0.03100,-55.45932,-3717.00000
0.19512,0.19874,0.19808,0.19644,0.20828,0.18427,0.18098,0.18526,0.17934,0.18591,0.03429,0.03265,0.03133,0.03396,0.03593,-54.79753,-3716.00000
0.20038,0.20006,0.19710,0.19775,0.20367,0.18164,0.18230,0.18591,0.18065,0.18230,0.03429,0.03363,0.03232,0.03561,0.03528,-54.79753,-3715.00000
0.20466,0.20071,0.20433,0.20006,0.20006,0.18197,0.18032,0.18591,0.18164,0.18361,0.03133,0.03330,0.03067,0.03297,0.03593,-54.91097,-3714.00000
0.20367,0.19545,0.19742,0.19907,0.19940,0.18164,0.17572,0.18361,0.18723,0.18361,0.03396,0.02804,0.03462,0.03265,0.03100,-54.91097,-3713.00000
0.20335,0.19742,0.19973,0.19479,0.20104,0.18032,0.18032,0.18460,0.18558,0.17999,0.03133,0.03758,0.03330,0.03133,0.03495,-54.41838,-3712.00000
0.19150,0.20696,0.19940,0.20203,0.20071,0.18328,0.18328,0.18098,0.17769,0.18361,0.03396,0.03133,0.03495,0.03429,0.03396,-54.41838,-3711.00000
0.19874,0.19973,0.19611,0.20663,0.20137,0.18591,0.18427,0.18427,0.18197,0.18262,0.03462,0.03297,0.03232,0.03561,0.03659,-53.92306,-3710.00000
0.19973,0.19775,0.20137,0.20203,0.20236,0.17835,0.18197,0.17638,0.18361,0.18328,0.03133,0.03857,0.03034,0.03100,0.03330,-53.92306,-3709.00000
0.19940,0.19907,0.20170,0.19907,0.19874,0.18197,0.18197,0.18690,0.18197,0.18262,0.03133,0.03067,0.03330,0.03100,0.03396,-53.06748,-3708.00000
0.19841,0.20006,0.19611,0.20236,0.19677,0.18230,0.17835,0.18230,0.18197,0.18526,0.03100,0.03297,0.03462,0.03133,0.03330,-53.06748,-3707.00000
0.20302,0.19479,0.20400,0.19446,0.20137,0.18591,0.18065,0.18295,0.18230,0.17868,0.03528,0.03034,0.03429,0.03199,0.03100,-53.67730,-3706.00000
0.19742,0.20302,0.19578,0.19808,0.20170,0.18361,0.18328,0.18098,0.18197,0.18262,0.03593,0.03199,0.03462,0.03034,0.03034,-53.67730,-3705.00000
0.19907,0.20631,0.19710,0.19973,0.20894,0.18032,0.18690,0.18394,0.17999,0.17934,0.03265,0.03330,0.03001,0.03001,0.03001,-53.32058,-3704.00000
0.20038,0.19512,0.20499,0.20466,0.19775,0.18493,0.18164,0.18197,0.18098,0.18262,0.03297,0.03199,0.03396,0.03034,0.03363,-53.32058,-3703.00000
0.19644,0.20663,0.19841,0.20861,0.20104,0.18197,0.18197,0.18032,0.18098,0.18328,0.02870,0.03396,0.03429,0.03100,0.03429,-54.64613,-3702.00000
0.20104,0.19808,0.19611,0.20269,0.19808,0.18328,0.18361,0.17901,0.18328,0.18361,0.03528,0.03265,0.02936,0.03528,0.03034,-54.64613,-3701.00000
0.20466,0.20170,0.20203,0.20104,0.20565,0.18394,0.18591,0.18328,0.18098,0.18098,0.03495,0.03429,0.03133,0.03429,0.03429,-54.99396,-3700.00000
0.19808,0.20894,0.19381,0.20302,0.20071,0.17901,0.18098,0.18427,0.18230,0.17966,0.03495,0.03396,0.03265,0.03429,0.03133,-54.99396,-3699.00000
0.19512,0.20203,0.20104,0.20038,0.20006,0.17934,0.18789,0.18591,0.18526,0.18164,0.03133,0.03232,0.03232,0.03495,0.03363,-54.76505,-3698.00000
0.19973,0.19841,0.20137,0.19611,0.20203,0.17868,0.17868,0.18460,0.17835,0.18328,0.03330,0.03297,0.03232,0.03133,0.03100,-54.76505,-3697.00000
0.20006,0.20466,0.20104,0.19545,0.20335,0.18295,0.17901,0.18230,0.17835,0.18197,0.03462,0.03001,0.03528,0.03067,0.02936,-55.26094,-3696.00000
0.19775,0.20038,0.19907,0.19940,0.19841,0.18789,0.18328,0.18262,0.18032,0.18394,0.02870,0.02936,0.03363,0.03297,0.03593,-55.26094,-3695.00000
0.19808,0.20104,0.20006,0.19742,0.20006,0.18361,0.18295,0.18295,0.18427,0.17999,0.03100,0.03265,0.03824,0.03462,0.03330,-55.84824,-3694.00000
0.19578,0.20236,0.19808,0.19940,0.20170,0.18065,0.18131,0.18164,0.18197,0.17868,0.03133,0.03791,0.03725,0.03462,0.02968,-55.84824,-3693.00000
0.19841,0.20466,0.20367,0.19808,0.20203,0.18460,0.18262,0.18197,0.18262,0.18230,0.03791,0.03528,0.03396,0.03232,0.03199,-55.38750,-3692.00000
0.19907,0.19742,0.19973,0.20006,0.19677,0.18624,0.18131,0.17572,0.18295,0.18262,0.03133,0.03232,0.03725,0.03166,0.03297,-55.38750,-3691.00000
0.19841,0.20203,0.19545,0.19907,0.19742,0.17999,0.18032,0.18131,0.18197,0.18328,0.03363,0.03363,0.03067,0.03429,0.03429,-55.30361,-3690.00000
0.20038,0.19545,0.20038,0.19578,0.20335,0.18756,0.18197,0.18098,0.18065,0.18098,0.03067,0.03166,0.03166,0.03166,0.03330,-55.30361,-3689.00000
0.19677,0.20170,0.19414,0.20038,0.19710,0.18361,0.18197,0.18131,0.17934,0.18164,0.03199,0.03133,0.03659,0.03001,0.02936,-55.64741,-3688.00000
0.20400,0.20367,0.20236,0.20071,0.20038,0.17901,0.18262,0.18460,0.18230,0.18065,0.02771,0.03462,0.03429,0.03133,0.03199,-55.64741,-3687.00000
0.20203,0.19578,0.20104,0.19742,0.20598,0.17802,0.18394,0.17605,0.18394,0.18262,0.03133,0.03363,0.03199,0.03232,0.03297,-54.54978,-3686.00000
0.20071,0.19841,0.20006,0.19874,0.20104,0.18526,0.17605,0.18098,0.17901,0.17572,0.03462,0.02936,0.03462,0.03297,0.02936,-54.54978,-3685.00000
0.19907,0.20006,0.20038,0.20038,0.20663,0.18197,0.18098,0.18295,0.18131,0.18328,0.03593,0.03297,0.03199,0.03626,0.03100,-54.92626,-3684.00000
0.19578,0.19742,0.19907,0.20696,0.20137,0.18197,0.18131,0.18394,0.18032,0.18361,0.03330,0.03166,0.03034,0.03199,0.03297,-54.92626,-3683.00000
0.19775,0.19677,0.20565,0.19874,0.20236,0.18493,0.18262,0.18098,0.18230,0.18295,0.03133,0.02705,0.03363,0.03100,0.02936,-55.13647,-3682.00000
0.19841,0.19973,0.19973,0.19578,0.19808,0.17999,0.18361,0.18164,0.18065,0.17769,0.03034,0.03462,0.03133,0.03495,0.03330,-55.13647,-3681.00000
0.20433,0.19578,0.20170,0.19808,0.20203,0.18098,0.18065,0.17835,0.18230,0.17934,0.03199,0.03429,0.03462,0.03363,0.03528,-54.68737,-3680.00000
0.19742,0.20236,0.19775,0.20269,0.19677,0.18427,0.17966,0.18164,0.18065,0.18394,0.03429,0.03330,0.03034,0.03001,0.03330,-54.68737,-3679.00000
0.20170,0.20071,0.20236,0.19742,0.20137,0.18427,0.18328,0.18493,0.18427,0.18197,0.03396,0.03462,0.03034,0.03462,0.03363,-54.76068,-3678.00000
0.19611,0.20137,0.19710,0.20236,0.19611,0.18230,0.18098,0.18361,0.18197,0.18131,0.03396,0.02968,0.03067,0.03429,0.03133,-54.76068,-3677.00000
0.20006,0.19545,0.20006,0.20729,0.18789,0.18164,0.18164,0.18295,0.18131,0.18394,0.03330,0.02936,0.03330,0.03561,0.02936,-55.24655,-3676.00000
0.19578,0.19775,0.20203,0.19940,0.20104,0.18657,0.18328,0.18460,0.18230,0.18065,0.03528,0.03232,0.03297,0.03297,0.03067,-55.24655,-3675.00000
0.20466,0.19973,0.19348,0.20071,0.20302,0.18032,0.17901,0.18164,0.18493,0.18098,0.03297,0.03166,0.03659,0.02837,0.03561,-55.08910,-3674.00000
0.19940,0.19907,0.19545,0.19808,0.20170,0.18098,0.17769,0.18131,0.18098,0.18262,0.03166,0.03166,0.03067,0.03528,0.02804,-55.08910,-3673.00000
0.20302,0.19710,0.19348,0.19644,0.19973,0.18624,0.17736,0.18230,0.18295,0.18197,0.03100,0.03330,0.03067,0.03199,0.03495,-56.34582,-3672.00000
0.20433,0.20367,0.20335,0.19907,0.19545,0.17868,0.18361,0.17736,0.17835,0.18098,0.03199,0.03528,0.03330,0.03265,0.03528,-56.34582,-3671.00000
0.19874,0.19808,0.19973,0.19907,0.19644,0.18558,0.18032,0.17901,0.17999,0.18032,0.03495,0.03199,0.03396,0.03626,0.03166,-56.17340,-3670.00000
0.19973,0.19677,0.19907,0.19907,0.19841,0.18131,0.18361,0.17670,0.18098,0.18032,0.03133,0.03462,0.02903,0.03067,0.03429,-56.17340,-3669.00000
0.19512,0.19348,0.20203,0.19677,0.19808,0.17966,0.18230,0.17802,0.17934,0.18558,0.03166,0.03067,0.03166,0.03199,0.03462,-56.84402,-3668.00000
0.20598,0.19775,0.19841,0.19973,0.20433,0.18065,0.18164,0.17901,0.18131,0.18328,0.03297,0.02936,0.03133,0.03363,0.03396,-56.84402,-3667.00000
0.19710,0.20466,0.20367,0.20400,0.19973,0.18230,0.18098,0.18098,0.18164,0.17901,0.03232,0.03034,0.03001,0.03528,0.02771,-57.21107,-3666.00000
0.19808,0.19710,0.19907,0.19479,0.19249,0.18262,0.18262,0.18032,0.18164,0.18526,0.03100,0.03001,0.03232,0.03100,0.03034,-57.21107,-3665.00000
0.19775,0.20071,0.19742,0.20532,0.19545,0.18493,0.18230,0.17901,0.18394,0.18230,0.03692,0.03199,0.02738,0.03232,0.03330,-56.26667,-3664.00000
0.20006,0.19742,0.19973,0.20367,0.19907,0.18591,0.18558,0.18394,0.17934,0.18065,0.03034,0.03429,0.03133,0.03561,0.03462,-56.26667,-3663.00000
0.20565,0.19742,0.19414,0.19907,0.20466,0.17868,0.18526,0.17901,0.18361,0.18394,0.03462,0.03133,0.03593,0.03166,0.03363,-55.78470,-3662.00000
0.19874,0.19545,0.20170,0.19841,0.19545,0.18328,0.18098,0.17966,0.17868,0.18262,0.03363,0.03396,0.03232,0.03528,0.03429,-55.78470,-3661.00000
0.19644,0.20038,0.19940,0.19644,0.19446,0.17934,0.18032,0.18394,0.18394,0.18295,0.03100,0.03001,0.03133,0.03067,0.03166,-55.32643,-3660.00000
0.19677,0.19710,0.20236,0.19677,0.19545,0.18493,0.17999,0.18032,0.18460,0.18394,0.03232,0.03133,0.03396,0.03725,0.03001,-55.32643,-3659.00000
0.19611,0.19742,0.19874,0.19973,0.19841,0.18197,0.18098,0.18427,0.18164,0.18131,0.02804,0.03330,0.03330,0.03133,0.03396,-55.18763,-3658.00000
0.20269,0.20137,0.19677,0.20400,0.19348,0.18526,0.18197,0.18164,0.18361,0.18098,0.03528,0.03495,0.03626,0.03593,0.03330,-55.18763,-3657.00000
0.20071,0.19677,0.19512,0.20631,0.19348,0.17901,0.17605,0.18558,0.18032,0.18295,0.03001,0.03330,0.03199,0.03133,0.03363,-54.39313,-3656.00000
0.19118,0.19808,0.19907,0.19512,0.19874,0.18262,0.18526,0.18328,0.17802,0.18065,0.03166,0.03462,0.03100,0.03429,0.03528,-54.39313,-3655.00000
0.20532,0.20433,0.19644,0.20137,0.20302,0.17966,0.18361,0.18131,0.18394,0.18164,0.03297,0.03199,0.03363,0.03166,0.03265,-54.37430,-3654.00000
0.19479,0.20269,0.20006,0.20236,0.20499,0.18065,0.17736,0.18262,0.17966,0.18230,0.03330,0.03396,0.03297,0.03232,0.03363,-54.37430,-3653.00000
0.19348,0.19940,0.20104,0.19710,0.19710,0.18493,0.18098,0.18427,0.18328,0.18230,0.03001,0.03100,0.03528,0.03429,0.03462,-54.59194,-3652.00000
0.20203,0.19677,0.20367,0.20038,0.20006,0.18065,0.17736,0.18262,0.18131,0.18131,0.03396,0.03199,0.03001,0.03297,0.03199,-54.59194,-3651.00000
0.19973,0.19710,0.19940,0.19808,0.19940,0.18493,0.18493,0.18328,0.18164,0.18591,0.02968,0.03265,0.03297,0.03100,0.02837,-54.36628,-3650.00000
0.20137,0.20302,0.20071,0.20038,0.20006,0.18065,0.18032,0.18230,0.17901,0.18098,0.03495,0.03363,0.03265,0.03067,0.03297,-54.36628,-3649.00000
0.19216,0.19973,0.20038,0.19710,0.20762,0.18262,0.18131,0.17934,0.18493,0.18197,0.03297,0.03265,0.03330,0.03396,0.03001,-54.73929,-3648.00000
0.20269,0.20006,0.19874,0.19710,0.19940,0.18131,0.18657,0.18361,0.18230,0.18197,0.03133,0.02837,0.03232,0.03330,0.03495,-54.73929,-3647.00000
0.19973,0.20170,0.19512,0.20137,0.19052,0.18295,0.17999,0.18394,0.17802,0.18230,0.02903,0.03363,0.03791,0.03297,0.02968,-54.69631,-3646.00000
0.19545,0.19183,0.20137,0.19446,0.19742,0.17506,0.18164,0.18131,0.18295,0.18591,0.03462,0.03067,0.03265,0.03495,0.03265,-54.69631,-3645.00000
0.19841,0.19841,0.20071,0.20006,0.19545,0.17835,0.18098,0.18328,0.17901,0.18295,0.03166,0.02804,0.03330,0.03462,0.03265,-55.06056,-3644.00000
0.19742,0.19808,0.19940,0.19841,0.19216,0.18131,0.18032,0.18460,0.18328,0.18131,0.03363,0.03561,0.03363,0.03462,0.03297,-55.06056,-3643.00000
0.19808,0.19446,0.20532,0.19907,0.19775,0.17835,0.18065,0.18427,0.18131,0.18394,0.03462,0.03067,0.03067,0.02968,0.03330,-55.18409,-3642.00000
0.20170,0.19710,0.19578,0.19907,0.20302,0.18460,0.17999,0.18460,0.17835,0.18032,0.03495,0.03692,0.03100,0.03232,0.03199,-55.18409,-3641.00000
0.19874,0.19940,0.19545,0.20137,0.19677,0.17638,0.18394,0.17703,0.18394,0.17868,0.03495,0.03100,0.03396,0.03265,0.03396,-55.60962,-3640.00000
0.19611,0.20367,0.19742,0.19808,0.20038,0.18065,0.18098,0.17835,0.17868,0.18493,0.03034,0.03067,0.03528,0.02968,0.03067,-55.60962,-3639.00000
0.20006,0.20137,0.20499,0.20170,0.19742,0.18460,0.18131,0.17999,0.18526,0.17342,0.03725,0.03133,0.03363,0.03462,0.03265,-54.82630,-3638.00000
0.20499,0.18986,0.20038,0.19611,0.19841,0.18427,0.18262,0.18262,0.18262,0.18230,0.03199,0.03330,0.03363,0.03100,0.02936,-54.82630,-3637.00000
0.19578,0.20071,0.19348,0.20400,0.20466,0.17966,0.18394,0.17966,0.18131,0.18230,0.03001,0.03297,0.03133,0.03001,0.03297,-54.76910,-3636.00000
0.20038,0.20038,0.19841,0.20104,0.20006,0.17966,0.18230,0.18230,0.17605,0.18394,0.03561,0.03133,0.03297,0.03297,0.03330,-54.76910,-3635.00000
0.19775,0.19742,0.19940,0.19907,0.20006,0.17966,0.18361,0.18262,0.18427,0.18657,0.03199,0.03265,0.02804,0.03396,0.03561,-54.39627,-3634.00000
0.19973,0.20466,0.19973,0.19874,0.19907,0.18164,0.18262,0.18262,0.17605,0.18526,0.03363,0.03166,0.03100,0.03133,0.03363,-54.39627,-3633.00000
0.20203,0.20038,0.19644,0.20104,0.20433,0.18098,0.18493,0.17868,0.18295,0.18131,0.03561,0.03330,0.03659,0.03133,0.03199,-55.03017,-3632.00000
0.19150,0.20137,0.19414,0.20499,0.20104,0.18230,0.17802,0.18262,0.18328,0.18723,0.03363,0.03067,0.02968,0.03166,0.03133,-55.03017,-3631.00000
0.19512,0.20170,0.20006,0.20104,0.20203,0.18328,0.17999,0.18262,0.18230,0.18131,0.03166,0.03297,0.03001,0.03429,0.02903,-54.93940,-3630.00000
0.19742,0.20071,0.20203,0.20104,0.19973,0.18624,0.18328,0.18460,0.18065,0.18361,0.03462,0.03396,0.03692,0.03396,0.03429,-54.93940,-3629.00000
0.20236,0.19644,0.19973,0.20170,0.20499,0.18591,0.17802,0.18690,0.17934,0.18098,0.03561,0.02837,0.03265,0.03429,0.03462,-55.04294,-3628.00000
0.19710,0.20532,0.20631,0.19973,0.20038,0.17835,0.18624,0.18361,0.18262,0.17966,0.03265,0.03626,0.03363,0.03429,0.03297,-55.04294,-3627.00000
0.19940,0.20335,0.19742,0.20071,0.20170,0.18394,0.18032,0.18394,0.18098,0.18460,0.03330,0.03199,0.03363,0.03363,0.03232,-54.31590,-3626.00000
0.20071,0.20203,0.19710,0.20137,0.19644,0.18032,0.18032,0.18065,0.18295,0.18361,0.03265,0.02968,0.03396,0.03100,0.03133,-54.31590,-3625.00000
0.20236,0.19940,0.19414,0.19940,0.19808,0.17736,0.18295,0.18526,0.18065,0.18591,0.03067,0.03363,0.03363,0.03725,0.03429,-53.74731,-3624.00000
0.19973,0.19742,0.20367,0.19348,0.20302,0.18164,0.17835,0.17703,0.18131,0.18394,0.03232,0.03791,0.03330,0.03363,0.03199,-53.74731,-3623.00000
0.20269,0.19611,0.20071,0.19940,0.19611,0.18131,0.18295,0.18098,0.18493,0.17802,0.03265,0.03297,0.03166,0.03330,0.03265,-54.50549,-3622.00000
0.20335,0.19874,0.19677,0.20302,0.20104,0.18131,0.18164,0.18328,0.17901,0.18328,0.03462,0.03495,0.03659,0.03265,0.03199,-54.50549,-3621.00000
0.19940,0.20269,0.19973,0.20104,0.20203,0.18197,0.18526,0.18394,0.18295,0.18493,0.03133,0.03396,0.03396,0.03199,0.03330,-54.00323,-3620.00000
0.20236,0.19677,0.20466,0.19710,0.19808,0.18427,0.18065,0.18230,0.18526,0.18065,0.03232,0.03593,0.03133,0.03297,0.03199,-54.00323,-3619.00000
0.19677,0.19742,0.20203,0.20335,0.19677,0.18262,0.18230,0.18197,0.18328,0.17769,0.03330,0.03001,0.03265,0.03495,0.03297,-54.49918,-3618.00000
0.19414,0.19940,0.19874,0.19545,0.20236,0.17901,0.18493,0.17999,0.18394,0.17966,0.03199,0.03067,0.03133,0.03133,0.03462,-54.49918,-3617.00000
0.19644,0.19775,0.20071,0.19874,0.19479,0.18032,0.18657,0.18789,0.18262,0.17769,0.03067,0.03396,0.03330,0.03626,0.03330,-55.19392,-3616.00000
0.19479,0.19742,0.20335,0.19545,0.19841,0.18065,0.18230,0.18427,0.18098,0.17934,0.03100,0.03659,0.03265,0.03067,0.03297,-55.19392,-3615.00000
0.20071,0.19446,0.20400,0.19479,0.20302,0.18394,0.18295,0.17934,0.17638,0.17638,0.03166,0.03593,0.03824,0.02903,0.03297,-55.17997,-3614.00000
0.19677,0.19611,0.20170,0.19940,0.19775,0.17868,0.18328,0.18230,0.17966,0.17999,0.03232,0.03297,0.03330,0.03297,0.03429,-55.17997,-3613.00000
0.20269,0.19907,0.19512,0.19249,0.20499,0.17901,0.18131,0.18427,0.18262,0.18262,0.03363,0.03001,0.03626,0.03100,0.03495,-55.45131,-3612.00000
0.19808,0.20038,0.19874,0.19907,0.19808,0.17835,0.17802,0.17966,0.18295,0.17572,0.03166,0.03363,0.03495,0.03626,0.03396,-55.45131,-3611.00000
0.19677,0.19381,0.19775,0.19644,0.20236,0.17901,0.18460,0.17736,0.17901,0.18164,0.02936,0.03067,0.03528,0.03067,0.03561,-55.03767,-3610.00000
0.19907,0.19414,0.19973,0.19742,0.19973,0.17999,0.18591,0.17835,0.18230,0.18164,0.02870,0.03495,0.03429,0.03297,0.03626,-55.03767,-3609.00000
0.19742,0.19545,0.19414,0.19348,0.20170,0.17966,0.18361,0.18065,0.18164,0.18164,0.03265,0.03265,0.03133,0.02738,0.03396,-56.40311,-3608.00000
0.20006,0.20302,0.19315,0.19874,0.20203,0.18295,0.18262,0.17901,0.18164,0.17802,0.03133,0.03363,0.02705,0.03199,0.03297,-56.40311,-3607.00000
0.19907,0.19775,0.20170,0.19907,0.19512,0.18065,0.18065,0.18032,0.18295,0.18131,0.03363,0.03133,0.03528,0.03495,0.03528,-55.31337,-3606.00000
0.19512,0.19644,0.20038,0.19775,0.19973,0.18098,0.17868,0.18230,0.17934,0.18295,0.03462,0.02903,0.03034,0.03330,0.03067,-55.31337,-3605.00000
0.19446,0.20071,0.19644,0.19512,0.19578,0.18098,0.18262,0.18328,0.17868,0.18065,0.03495,0.03199,0.03429,0.03528,0.03067,-54.91743,-3604.00000
0.19808,0.19973,0.19742,0.19841,0.20170,0.17999,0.18032,0.17506,0.17966,0.17703,0.03100,0.03330,0.03363,0.02870,0.03462,-54.91743,-3603.00000
0.19479,0.20269,0.19808,0.19611,0.19775,0.17999,0.18164,0.18558,0.18361,0.17638,0.03495,0.03232,0.03199,0.03495,0.03100,-54.95871,-3602.00000
0.19775,0.20006,0.19973,0.19907,0.19973,0.18295,0.17802,0.18262,0.18361,0.17901,0.03429,0.02672,0.03462,0.03001,0.03265,-54.95871,-3601.00000
0.19907,0.20071,0.19841,0.19677,0.20006,0.18032,0.17868,0.18098,0.17868,0.18328,0.03297,0.02705,0.03232,0.03593,0.03396,-54.70836,-3600.00000
0.20104,0.19545,0.20203,0.19808,0.19446,0.18328,0.17999,0.18361,0.17999,0.17966,0.03297,0.03297,0.03232,0.03166,0.03199,-54.70836,-3599.00000
0.20631,0.20038,0.19841,0.19677,0.19808,0.18328,0.17934,0.18164,0.18065,0.17835,0.03265,0.03232,0.03199,0.03199,0.03528,-54.00457,-3598.00000
0.19808,0.19414,0.19644,0.20203,0.20038,0.18230,0.18065,0.18460,0.18131,0.18230,0.02968,0.03232,0.03166,0.03265,0.03133,-54.00457,-3597.00000
0.19545,0.19677,0.19414,0.20302,0.19874,0.18361,0.18065,0.18591,0.18493,0.18197,0.02903,0.02837,0.03363,0.03593,0.03561,-54.18734,-3596.00000
0.19677,0.20038,0.20466,0.19973,0.20038,0.17736,0.17835,0.18262,0.17835,0.18394,0.03396,0.02936,0.03067,0.03297,0.02936,-54.18734,-3595.00000
0.19940,0.19315,0.20269,0.19118,0.20203,0.17868,0.18065,0.17506,0.18394,0.17999,0.03166,0.03528,0.02903,0.02903,0.03166,-53.96623,-3594.00000
0.19479,0.19644,0.19578,0.20104,0.19808,0.18065,0.18493,0.17966,0.18295,0.18032,0.03593,0.03561,0.03265,0.03067,0.03462,-53.96623,-3593.00000
0.20269,0.19742,0.20170,0.20137,0.19446,0.17539,0.18032,0.18032,0.17868,0.17999,0.03297,0.02771,0.03429,0.03199,0.03133,-53.74825,-3592.00000
0.19414,0.19775,0.19775,0.20038,0.20302,0.17999,0.18526,0.18328,0.18295,0.17934,0.03199,0.03166,0.03330,0.03199,0.03462,-53.74825,-3591.00000
0.19973,0.20170,0.19578,0.19710,0.20236,0.18394,0.17638,0.18493,0.18065,0.18526,0.03495,0.03495,0.03001,0.03232,0.03232,-53.93223,-3590.00000
0.20071,0.20400,0.20367,0.19545,0.20269,0.18098,0.18164,0.17999,0.17769,0.18230,0.03396,0.03166,0.03265,0.03100,0.03330,-53.93223,-3589.00000
0.19742,0.20269,0.19578,0.19907,0.19973,0.17966,0.18361,0.18197,0.18657,0.17638,0.03265,0.03561,0.03462,0.03232,0.02903,-54.96172,-3588.00000
0.19907,0.20006,0.19907,0.20038,0.20071,0.18394,0.17999,0.18065,0.17934,0.18230,0.03363,0.02903,0.03495,0.03166,0.03363,-54.96172,-3587.00000
0.19611,0.19677,0.20302,0.19841,0.20499,0.17736,0.18394,0.18328,0.18361,0.17999,0.03462,0.03265,0.02771,0.03067,0.03528,-55.76211,-3586.00000
0.19710,0.20565,0.20104,0.20170,0.20137,0.17999,0.17934,0.18164,0.18361,0.17868,0.03034,0.02870,0.03363,0.03133,0.03067,-55.76211,-3585.00000
0.20433,0.20104,0.19907,0.19775,0.20071,0.18131,0.17868,0.18558,0.18065,0.18657,0.03297,0.02804,0.03100,0.03001,0.03232,-55.41035,-3584.00000
0.19710,0.19644,0.19710,0.19841,0.19874,0.18328,0.17868,0.17934,0.18164,0.18164,0.03199,0.03265,0.02968,0.03166,0.03429,-55.41035,-3583.00000
0.20170,0.20631,0.19216,0.19907,0.19841,0.18262,0.17999,0.17605,0.17835,0.17934,0.02968,0.03067,0.03199,0.03199,0.03330,-55.79355,-3582.00000
0.19907,0.19479,0.20203,0.20137,0.19545,0.17999,0.18065,0.18230,0.18262,0.17802,0.03297,0.03166,0.03166,0.03199,0.03561,-55.79355,-3581.00000
0.19479,0.19907,0.19677,0.19512,0.20006,0.18164,0.18493,0.17999,0.17835,0.18526,0.03133,0.03363,0.03429,0.03330,0.03462,-55.95586,-3580.00000
0.19742,0.19742,0.19940,0.19446,0.19940,0.18032,0.18197,0.18361,0.17934,0.17999,0.03297,0.03133,0.03034,0.03330,0.03462,-55.95586,-3579.00000
0.20170,0.20038,0.19249,0.19973,0.20335,0.17638,0.18032,0.18065,0.18032,0.17736,0.03001,0.03034,0.03166,0.03528,0.03265,-55.09219,-3578.00000
0.19578,0.19611,0.20006,0.20203,0.19973,0.17999,0.18558,0.18427,0.18624,0.18361,0.02968,0.03429,0.02968,0.03265,0.03297,-55.09219,-3577.00000
0.20335,0.19973,0.20269,0.20137,0.20071,0.18065,0.18262,0.18197,0.17934,0.17835,0.03561,0.03495,0.03330,0.03791,0.02968,-55.51484,-3576.00000
0.20038,0.20006,0.19479,0.20071,0.19644,0.17769,0.17901,0.18164,0.18230,0.18657,0.03495,0.03067,0.03330,0.02903,0.02870,-55.51484,-3575.00000
0.19677,0.19907,0.19808,0.19611,0.20137,0.18164,0.17868,0.17901,0.18032,0.18328,0.02936,0.03067,0.03429,0.03593,0.03297,-55.78965,-3574.00000
0.20137,0.19907,0.20236,0.19742,0.20071,0.17835,0.18427,0.18295,0.18131,0.18065,0.03166,0.03166,0.03330,0.03330,0.03297,-55.78965,-3573.00000
0.20038,0.19611,0.19907,0.20203,0.19742,0.18295,0.17934,0.17901,0.17868,0.18361,0.03133,0.03330,0.03199,0.03561,0.02837,-55.57793,-3572.00000
0.19611,0.20400,0.20203,0.20071,0.19348,0.18295,0.18032,0.18230,0.18197,0.18558,0.03133,0.03166,0.03100,0.03297,0.03067,-55.57793,-3571.00000
0.20335,0.19973,0.19710,0.19808,0.20038,0.18262,0.18032,0.17966,0.18032,0.18230,0.03232,0.03166,0.02936,0.03199,0.03232,-55.81387,-3570.00000
0.19940,0.19874,0.19874,0.20532,0.19710,0.18230,0.18164,0.18295,0.18164,0.18230,0.03166,0.03330,0.03133,0.03297,0.03363,-55.81387,-3569.00000
0.20038,0.19545,0.19907,0.19611,0.19644,0.18098,0.18230,0.17638,0.18164,0.18295,0.02968,0.03001,0.03265,0.03166,0.02968,-55.04561,-3568.00000
0.19973,0.19841,0.20104,0.20236,0.19644,0.18197,0.18361,0.18624,0.18131,0.17802,0.03166,0.03297,0.03363,0.03034,0.03396,-55.04561,-3567.00000
0.19545,0.20532,0.20335,0.19644,0.20038,0.17736,0.18131,0.18394,0.18262,0.18065,0.03297,0.03396,0.03889,0.03330,0.03100,-54.80308,-3566.00000
0.20006,0.19874,0.19578,0.20104,0.19808,0.18197,0.18361,0.17999,0.18361,0.18690,0.03067,0.03001,0.03001,0.03232,0.02837,-54.80308,-3565.00000
0.19578,0.19677,0.19841,0.19249,0.20170,0.17999,0.18361,0.18098,0.18526,0.18460,0.03199,0.03166,0.03330,0.03297,0.03133,-54.61101,-3564.00000
0.19710,0.19940,0.19446,0.20006,0.19710,0.17703,0.18526,0.18361,0.18526,0.17572,0.03265,0.03297,0.03232,0.02968,0.03429,-54.61101,-3563.00000
0.20631,0.19775,0.20532,0.19775,0.20532,0.18328,0.18065,0.18230,0.17999,0.18460,0.03429,0.03067,0.03626,0.02903,0.03462,-54.22201,-3562.00000
0.20400,0.19710,0.20006,0.20170,0.19742,0.17901,0.17901,0.18460,0.17868,0.18065,0.02903,0.03034,0.03199,0.03396,0.02771,-54.22201,-3561.00000
0.20104,0.19479,0.20466,0.19841,0.19841,0.18295,0.18065,0.18065,0.18197,0.17999,0.03199,0.03265,0.03330,0.03166,0.03232,-54.34245,-3560.00000
0.20038,0.19677,0.20038,0.19644,0.19775,0.18164,0.18394,0.18854,0.18065,0.18262,0.03462,0.02903,0.03133,0.03166,0.03034,-54.34245,-3559.00000
0.19611,0.19775,0.20335,0.20565,0.19710,0.17769,0.18197,0.18164,0.17999,0.18197,0.03100,0.03495,0.03330,0.03100,0.03396,-54.73226,-3558.00000
0.20236,0.19742,0.19775,0.19775,0.19775,0.17999,0.17934,0.18460,0.18361,0.18098,0.03199,0.03067,0.03330,0.03462,0.03265,-54.73226,-3557.00000
0.19710,0.20335,0.19973,0.19677,0.20170,0.18361,0.17934,0.18427,0.17868,0.18427,0.02804,0.03034,0.03199,0.03265,0.03100,-55.47648,-3556.00000
0.20400,0.19282,0.20499,0.19315,0.20137,0.18262,0.17999,0.18328,0.18032,0.17802,0.03199,0.02903,0.03495,0.03429,0.03297,-55.47648,-3555.00000
0.20038,0.20598,0.19841,0.20269,0.20038,0.18164,0.18361,0.17638,0.18065,0.18262,0.03100,0.03265,0.03166,0.03462,0.03396,-55.91939,-3554.00000
0.19775,0.20466,0.19775,0.19973,0.20302,0.18328,0.18262,0.18361,0.18262,0.17835,0.03166,0.03199,0.03232,0.03330,0.03166,-55.91939,-3553.00000
0.19973,0.19381,0.20367,0.20269,0.20104,0.18032,0.17802,0.18131,0.18460,0.18098,0.03396,0.03495,0.03396,0.02870,0.03100,-56.06028,-3552.00000
0.19677,0.20302,0.20038,0.20236,0.19973,0.18131,0.18328,0.18295,0.18558,0.18394,0.03166,0.03528,0.02738,0.03232,0.03528,-56.06028,-3551.00000
0.19742,0.19545,0.19808,0.20335,0.20038,0.18230,0.17802,0.18065,0.18394,0.18197,0.02738,0.02968,0.03133,0.02968,0.03133,-56.04772,-3550.00000
0.19742,0.19775,0.20170,0.19940,0.20006,0.18098,0.17934,0.18295,0.18427,0.18065,0.03396,0.03429,0.03265,0.03495,0.03429,-56.04772,-3549.00000
0.20104,0.20203,0.19841,0.19545,0.20302,0.17934,0.18394,0.17802,0.18197,0.18526,0.03495,0.03133,0.02936,0.03034,0.03363,-55.84124,-3548.00000
0.20302,0.19677,0.20335,0.19644,0.20335,0.18295,0.18460,0.17703,0.17966,0.18558,0.03330,0.03034,0.03462,0.03232,0.02804,-55.84124,-3547.00000
0.19512,0.20137,0.19940,0.19940,0.19710,0.17769,0.18065,0.17966,0.18526,0.18164,0.03297,0.03133,0.03495,0.03199,0.02837,-55.84298,-3546.00000
0.20499,0.20071,0.19644,0.20071,0.19841,0.17966,0.18065,0.18098,0.17868,0.17966,0.02804,0.02738,0.03265,0.03265,0.03100,-55.84298,-3545.00000
0.19907,0.20038,0.19414,0.20104,0.20137,0.17999,0.17934,0.18262,0.18131,0.17769,0.03561,0.03626,0.03265,0.03297,0.03462,-55.91466,-3544.00000
0.19381,0.20598,0.19644,0.19710,0.20137,0.18098,0.18394,0.18197,0.18164,0.18164,0.03133,0.03495,0.03067,0.03100,0.03100,-55.91466,-3543.00000
0.20038,0.19808,0.19775,0.20137,0.19808,0.18032,0.18624,0.18164,0.18361,0.18098,0.03561,0.03133,0.03232,0.03133,0.03462,-55.64043,-3542.00000
0.19644,0.20532,0.19940,0.19775,0.20203,0.18098,0.17966,0.18361,0.18230,0.18361,0.02870,0.03265,0.03001,0.03232,0.02936,-55.64043,-3541.00000
0.20137,0.19874,0.19940,0.20137,0.20104,0.18032,0.18361,0.18460,0.17407,0.18197,0.03297,0.03232,0.03166,0.03495,0.03330,-54.75137,-3540.00000
0.19479,0.20203,0.19841,0.19710,0.19907,0.17999,0.17901,0.18427,0.18427,0.18295,0.03265,0.02837,0.03528,0.03034,0.03330,-54.75137,-3539.00000
0.20236,0.19775,0.19874,0.19775,0.20071,0.18262,0.18262,0.18065,0.18361,0.17966,0.03429,0.02574,0.03363,0.03034,0.03067,-55.06123,-3538.00000
0.19611,0.20170,0.20006,0.19775,0.20170,0.17901,0.18098,0.18197,0.18262,0.17539,0.03396,0.03199,0.02936,0.03495,0.03593,-55.06123,-3537.00000
0.19414,0.20137,0.20400,0.19808,0.20236,0.18328,0.17572,0.18361,0.18427,0.17966,0.03133,0.03297,0.03330,0.03100,0.03297,-55.04526,-3536.00000
0.19775,0.20203,0.19808,0.19545,0.20071,0.17868,0.18591,0.18065,0.18098,0.18131,0.03265,0.02804,0.03330,0.03330,0.03396,-55.04526,-3535.00000
0.20631,0.19611,0.20631,0.20335,0.20203,0.17868,0.18854,0.18032,0.18427,0.18361,0.03100,0.03363,0.03067,0.03363,0.03396,-54.58318,-3534.00000
0.19249,0.20006,0.20269,0.19644,0.19874,0.17868,0.18361,0.18493,0.18197,0.18493,0.03199,0.03297,0.03495,0.03166,0.03297,-54.58318,-3533.00000
0.19874,0.19874,0.19808,0.20236,0.19808,0.18361,0.18624,0.17901,0.18460,0.17736,0.02936,0.03297,0.03100,0.03265,0.03001,-54.70614,-3532.00000
0.19611,0.20038,0.19249,0.20335,0.20038,0.17966,0.18032,0.18493,0.18361,0.18032,0.03199,0.03232,0.03528,0.03363,0.03462,-54.70614,-3531.00000
0.19644,0.20367,0.19348,0.19973,0.20137,0.17835,0.18230,0.18131,0.18098,0.17703,0.03297,0.03330,0.03100,0.03166,0.03330,-55.36088,-3530.00000
0.19282,0.20269,0.20466,0.19973,0.19808,0.17835,0.18328,0.17966,0.17966,0.17934,0.03363,0.03396,0.03034,0.03561,0.03265,-55.36088,-3529.00000
0.19874,0.19973,0.19249,0.20631,0.19775,0.18131,0.17901,0.18131,0.18295,0.18098,0.03265,0.03330,0.03166,0.03396,0.02968,-54.87771,-3528.00000
0.19940,0.19808,0.19874,0.19940,0.20170,0.18131,0.18493,0.18295,0.17966,0.17506,0.03265,0.03232,0.03001,0.03396,0.03330,-54.87771,-3527.00000
0.20302,0.19940,0.19973,0.20071,0.20006,0.18032,0.17802,0.18493,0.18032,0.17802,0.03034,0.03626,0.03462,0.03265,0.02870,-55.40760,-3526.00000
0.20137,0.20302,0.19775,0.19874,0.19644,0.18230,0.17835,0.18065,0.17966,0.18131,0.03297,0.02903,0.03593,0.02936,0.03166,-55.40760,-3525.00000
0.19973,0.19775,0.19907,0.20170,0.19742,0.17802,0.17934,0.18427,0.18098,0.17901,0.03429,0.03232,0.03100,0.03232,0.03265,-54.75702,-3524.00000
0.19611,0.19611,0.19808,0.19677,0.19479,0.17999,0.18328,0.18164,0.18164,0.18328,0.03232,0.03528,0.03067,0.03166,0.03067,-54.75702,-3523.00000
0.19775,0.20203,0.20137,0.20137,0.19973,0.18789,0.17835,0.18164,0.18262,0.17440,0.03232,0.03297,0.03363,0.03133,0.03166,-52.22226,-3522.00000
0.20203,0.20104,0.19775,0.20203,0.19710,0.18230,0.17901,0.17966,0.18328,0.18065,0.03265,0.03429,0.03232,0.03133,0.03166,-52.22226,-3521.00000
0.20466,0.19677,0.20071,0.19874,0.20302,0.18230,0.18558,0.17736,0.18164,0.18197,0.03429,0.03001,0.03001,0.03528,0.02903,-49.72197,-3520.00000
0.19874,0.19940,0.20137,0.20006,0.20335,0.18098,0.18098,0.18230,0.17835,0.18493,0.03100,0.03593,0.03396,0.03363,0.03100,-49.72197,-3519.00000
0.20038,0.19808,0.20203,0.19742,0.20466,0.17835,0.17802,0.18295,0.18328,0.18789,0.02968,0.03495,0.03561,0.03429,0.03133,-51.34780,-3518.00000
0.19183,0.19578,0.20335,0.19940,0.20038,0.18230,0.18230,0.17736,0.18526,0.18230,0.02936,0.03330,0.03593,0.03396,0.03166,-51.34780,-3517.00000
0.20006,0.19775,0.20137,0.19282,0.20729,0.18098,0.17868,0.18460,0.18197,0.17868,0.03133,0.03363,0.03462,0.03330,0.03100,-51.37214,-3516.00000
0.19348,0.19414,0.19479,0.19841,0.19973,0.18164,0.18361,0.18197,0.17769,0.18262,0.03133,0.03363,0.03133,0.03297,0.03626,-51.37214,-3515.00000
0.20335,0.20038,0.19578,0.19874,0.19446,0.18065,0.18328,0.17966,0.17835,0.18065,0.03330,0.03593,0.03330,0.03133,0.03034,-52.26078,-3514.00000
0.19118,0.20302,0.19907,0.19907,0.19841,0.17999,0.18230,0.18361,0.18262,0.17999,0.02968,0.03067,0.03429,0.03100,0.03133,-52.26078,-3513.00000
0.20203,0.20038,0.20203,0.20400,0.20335,0.18098,0.17966,0.17966,0.18230,0.18295,0.03429,0.03133,0.03265,0.03593,0.03297,-53.72316,-3512.00000
0.19611,0.19249,0.19874,0.19808,0.19414,0.18131,0.17868,0.18098,0.18131,0.17868,0.03265,0.03429,0.03067,0.03462,0.02968,-53.72316,-3511.00000
0.20302,0.19479,0.20170,0.20137,0.19973,0.18131,0.17934,0.18328,0.18131,0.18098,0.03330,0.03363,0.03100,0.03199,0.03232,-53.82203,-3510.00000
0.20302,0.20433,0.19381,0.19808,0.19973,0.18098,0.18295,0.17966,0.17736,0.17769,0.03133,0.03363,0.03067,0.03593,0.03363,-53.82203,-3509.00000
0.20038,0.19216,0.20038,0.20104,0.19940,0.18098,0.18262,0.18558,0.17999,0.17868,0.02968,0.03297,0.02968,0.03265,0.03199,-54.71131,-3508.00000
0.20400,0.20038,0.20236,0.19348,0.20400,0.18032,0.17966,0.18262,0.17966,0.18295,0.03363,0.03265,0.03232,0.03462,0.02837,-54.71131,-3507.00000
0.19874,0.19677,0.20269,0.20104,0.20104,0.17901,0.18131,0.18197,0.18131,0.18065,0.02607,0.03100,0.03363,0.03429,0.03166,-54.80927,-3506.00000
0.19446,0.19479,0.20137,0.20532,0.19512,0.18032,0.17901,0.18558,0.18197,0.17901,0.03429,0.03265,0.03034,0.03330,0.03528,-54.80927,-3505.00000
0.19742,0.20236,0.19808,0.19742,0.20400,0.17966,0.18032,0.18262,0.18032,0.17934,0.03067,0.02870,0.03100,0.03528,0.03133,-54.25278,-3504.00000
0.19808,0.19446,0.19512,0.20203,0.19841,0.18690,0.17572,0.18065,0.18394,0.17901,0.03232,0.03396,0.03363,0.03133,0.03100,-54.25278,-3503.00000
0.20006,0.19940,0.19611,0.19940,0.19940,0.18361,0.18164,0.18394,0.18460,0.18065,0.02968,0.03199,0.03166,0.03232,0.03034,-54.79240,-3502.00000
0.19841,0.19808,0.20071,0.19545,0.20038,0.18394,0.18526,0.18262,0.18591,0.18394,0.03100,0.03495,0.03297,0.02903,0.03396,-54.79240,-3501.00000
0.20006,0.19578,0.19611,0.19611,0.19644,0.17868,0.18098,0.17736,0.18230,0.18493,0.03232,0.03133,0.03034,0.03100,0.03528,-55.80685,-3500.00000
0.19611,0.20071,0.20466,0.19677,0.19578,0.18197,0.18164,0.17769,0.18295,0.17670,0.02804,0.03199,0.03001,0.03067,0.03462,-55.80685,-3499.00000
0.20269,0.19940,0.20302,0.20302,0.19841,0.17999,0.18526,0.18361,0.18657,0.18230,0.03067,0.03067,0.03495,0.03297,0.03166,-55.63536,-3498.00000
0.19710,0.19808,0.19775,0.19710,0.19118,0.18262,0.18460,0.18624,0.18361,0.18164,0.03528,0.03330,0.03429,0.03067,0.03001,-55.63536,-3497.00000
0.20236,0.19348,0.20499,0.19874,0.19710,0.18262,0.18394,0.18230,0.18032,0.18164,0.02903,0.03265,0.03034,0.03495,0.03067,-55.73516,-3496.00000
0.19348,0.20302,0.19578,0.20071,0.20729,0.17934,0.17934,0.17901,0.18065,0.18328,0.03561,0.02837,0.03232,0.03297,0.03100,-55.73516,-3495.00000
0.19973,0.19611,0.20433,0.19414,0.20203,0.17966,0.18032,0.18065,0.18098,0.18197,0.03067,0.03396,0.02903,0.02968,0.03166,-55.34561,-3494.00000
0.19808,0.20071,0.19644,0.20038,0.19479,0.18032,0.18394,0.19085,0.18098,0.18230,0.02771,0.03133,0.03495,0.03199,0.02903,-55.34561,-3493.00000
0.19808,0.20203,0.19907,0.20269,0.20137,0.18295,0.18164,0.18131,0.18065,0.18361,0.03330,0.03330,0.02837,0.02903,0.03265,-55.54634,-3492.00000
0.19973,0.20006,0.20137,0.20367,0.20104,0.17901,0.17868,0.17835,0.17966,0.17868,0.02870,0.03265,0.03330,0.03297,0.03001,-55.54634,-3491.00000
0.19677,0.20269,0.20302,0.19874,0.19644,0.18065,0.17966,0.18065,0.17835,0.18032,0.03001,0.02903,0.03396,0.03199,0.03199,-55.44651,-3490.00000
0.20236,0.19677,0.19611,0.19874,0.20203,0.18230,0.17999,0.18131,0.17638,0.17473,0.03001,0.03528,0.03199,0.03363,0.03199,-55.44651,-3489.00000
0.20400,0.19578,0.19150,0.19841,0.19578,0.18394,0.18361,0.18328,0.18493,0.18230,0.03462,0.03297,0.03265,0.03232,0.03232,-55.35753,-3488.00000
0.19644,0.19677,0.20071,0.19710,0.20203,0.18493,0.18065,0.17736,0.18493,0.18460,0.03100,0.03166,0.03232,0.03001,0.03199,-55.35753,-3487.00000
0.20104,0.19644,0.20269,0.19841,0.19775,0.17999,0.18427,0.18098,0.18230,0.18394,0.03232,0.03265,0.03133,0.03232,0.03791,-55.18609,-3486.00000
0.19907,0.19315,0.19973,0.20565,0.20203,0.18262,0.18295,0.17407,0.18131,0.17934,0.02903,0.03166,0.03363,0.03067,0.03429,-55.18609,-3485.00000
0.19414,0.19940,0.19841,0.19775,0.20104,0.18065,0.17868,0.18262,0.17868,0.18131,0.03166,0.03528,0.02936,0.03067,0.03495,-54.18240,-3484.00000
0.20137,0.20137,0.20203,0.19677,0.20302,0.17999,0.18262,0.18032,0.17868,0.18164,0.03297,0.03396,0.02541,0.03561,0.02903,-54.18240,-3483.00000
0.19742,0.20006,0.19644,0.19841,0.19677,0.17966,0.17999,0.18065,0.18065,0.18295,0.03067,0.03561,0.03133,0.03363,0.03791,-53.86610,-3482.00000
0.19874,0.19677,0.20236,0.19874,0.19348,0.17966,0.18493,0.18197,0.18065,0.18460,0.03462,0.03462,0.03166,0.03429,0.03297,-53.86610,-3481.00000
0.20071,0.19710,0.19907,0.19907,0.19710,0.17934,0.18690,0.18427,0.17868,0.17934,0.03265,0.02837,0.03528,0.03626,0.03232,-55.21918,-3480.00000
0.19742,0.20302,0.19150,0.19841,0.20466,0.17934,0.18493,0.18361,0.17999,0.17868,0.03067,0.03429,0.03561,0.03100,0.03232,-55.21918,-3479.00000
0.19315,0.20104,0.19578,0.19775,0.19808,0.18427,0.18295,0.18065,0.18262,0.18098,0.03429,0.02738,0.03297,0.03166,0.03199,-54.86789,-3478.00000
0.20071,0.20104,0.19479,0.20269,0.19841,0.18493,0.18032,0.17934,0.18197,0.18098,0.03133,0.03297,0.03034,0.03133,0.02738,-54.86789,-3477.00000
0.20203,0.19446,0.19578,0.20236,0.20367,0.18197,0.18558,0.18065,0.18460,0.18197,0.02738,0.03067,0.02968,0.03330,0.03528,-54.18688,-3476.00000
0.20006,0.19874,0.19710,0.19742,0.20499,0.18262,0.18098,0.17506,0.17999,0.18328,0.03232,0.02903,0.03297,0.03100,0.03626,-54.18688,-3475.00000
0.20335,0.19907,0.20203,0.19775,0.20400,0.18328,0.18065,0.17966,0.18032,0.18098,0.03232,0.03199,0.03330,0.02870,0.03265,-53.98065,-3474.00000
0.19085,0.19973,0.19710,0.19315,0.19315,0.18230,0.17966,0.18295,0.18328,0.17966,0.03166,0.03462,0.03561,0.03067,0.03232,-53.98065,-3473.00000
0.19446,0.19644,0.19808,0.19118,0.20236,0.18526,0.18526,0.17901,0.18098,0.18262,0.03626,0.03232,0.03166,0.03297,0.03067,-54.78817,-3472.00000
0.20466,0.19940,0.20335,0.19710,0.19973,0.18361,0.18262,0.17934,0.18098,0.18460,0.03133,0.03528,0.03001,0.02936,0.03396,-54.78817,-3471.00000
0.19249,0.20038,0.20367,0.19446,0.19973,0.17670,0.18164,0.18164,0.18262,0.18427,0.03100,0.03199,0.03232,0.03561,0.03330,-55.13090,-3470.00000
0.19940,0.19907,0.19677,0.19677,0.20137,0.18262,0.17999,0.18230,0.17966,0.18230,0.03462,0.03199,0.03462,0.02837,0.03199,-55.13090,-3469.00000
0.19545,0.20466,0.19644,0.20038,0.19710,0.18230,0.18295,0.18164,0.18394,0.17999,0.03265,0.03166,0.03429,0.03001,0.03133,-55.40237,-3468.00000
0.19710,0.20006,0.19874,0.19940,0.19512,0.17934,0.18526,0.17868,0.18032,0.18197,0.03626,0.03429,0.03528,0.03561,0.03034,-55.40237,-3467.00000
0.20335,0.19808,0.19808,0.19578,0.20038,0.17868,0.18032,0.18032,0.18493,0.18328,0.03232,0.03363,0.03199,0.03034,0.02936,-55.58693,-3466.00000
0.19973,0.19381,0.20236,0.19512,0.20071,0.18065,0.18098,0.18361,0.17999,0.17802,0.03001,0.03593,0.03232,0.03166,0.03001,-55.58693,-3465.00000
0.19775,0.19808,0.20532,0.19644,0.19677,0.18131,0.18164,0.18164,0.17901,0.18328,0.03297,0.03199,0.03133,0.03593,0.03265,-55.67920,-3464.00000
0.19775,0.19841,0.20038,0.19446,0.19874,0.18526,0.18262,0.18526,0.18295,0.18460,0.03593,0.03100,0.03396,0.03100,0.03199,-55.67920,-3463.00000
0.20236,0.19578,0.19940,0.19611,0.19874,0.18164,0.17736,0.18394,0.18328,0.18065,0.03100,0.03001,0.03001,0.03725,0.02837,-55.32740,-3462.00000
0.20269,0.19644,0.19841,0.20038,0.19479,0.17901,0.18098,0.18262,0.18657,0.18723,0.03232,0.03067,0.03232,0.03001,0.03166,-55.32740,-3461.00000
0.20071,0.19841,0.19446,0.20006,0.19775,0.17605,0.17407,0.18098,0.18164,0.18131,0.03330,0.03593,0.03495,0.03232,0.03297,-55.21985,-3460.00000
0.20335,0.20236,0.19216,0.20598,0.19742,0.17769,0.18295,0.18427,0.17835,0.17605,0.03363,0.02968,0.03166,0.03396,0.03297,-55.21985,-3459.00000
0.19874,0.19874,0.20038,0.20335,0.19611,0.18361,0.18394,0.18098,0.18262,0.18262,0.03067,0.02936,0.03100,0.03232,0.02837,-55.54694,-3458.00000
0.19940,0.19315,0.20038,0.19315,0.20400,0.18098,0.18197,0.18427,0.18394,0.18065,0.03561,0.03528,0.02738,0.03265,0.03100,-55.54694,-3457.00000
0.19479,0.19512,0.20071,0.19841,0.20006,0.18328,0.18197,0.18328,0.18065,0.17868,0.03396,0.03758,0.03330,0.03265,0.03363,-55.20755,-3456.00000
0.19578,0.19808,0.19874,0.20236,0.19249,0.17901,0.18065,0.17802,0.17868,0.18032,0.03265,0.03495,0.03265,0.03100,0.02903,-55.20755,-3455.00000
0.19183,0.20203,0.20236,0.19644,0.19644,0.18098,0.17966,0.17736,0.17934,0.17901,0.03297,0.03067,0.02903,0.03199,0.03001,-54.61794,-3454.00000
0.19611,0.20269,0.19216,0.20104,0.19973,0.18098,0.17934,0.18493,0.17999,0.18230,0.03462,0.03330,0.03001,0.03133,0.03528,-54.61794,-3453.00000
0.19479,0.19742,0.19677,0.19710,0.19874,0.18098,0.17966,0.18591,0.18361,0.18164,0.03100,0.03166,0.03001,0.02968,0.03067,-54.86512,-3452.00000
0.19611,0.19973,0.20302,0.19775,0.20038,0.17966,0.18493,0.18295,0.17802,0.18230,0.03166,0.02870,0.03429,0.03100,0.03067,-54.86512,-3451.00000
0.20236,0.19775,0.19545,0.20203,0.19118,0.17934,0.18131,0.18295,0.17901,0.18822,0.03133,0.03462,0.03429,0.03593,0.02968,-54.40277,-3450.00000
0.19874,0.19841,0.20006,0.19710,0.20269,0.18328,0.18427,0.18394,0.18032,0.18065,0.03363,0.03001,0.03429,0.02968,0.03232,-54.40277,-3449.00000
0.19710,0.19644,0.19973,0.20367,0.19545,0.18032,0.18262,0.18624,0.18493,0.18262,0.02705,0.03593,0.03199,0.03265,0.03265,-55.11399,-3448.00000
0.19775,0.19710,0.19940,0.19940,0.19808,0.18164,0.18427,0.18065,0.18460,0.18986,0.02903,0.03166,0.03166,0.03363,0.03232,-55.11399,-3447.00000
0.19973,0.19710,0.20006,0.19808,0.20170,0.18558,0.17802,0.18262,0.18164,0.18394,0.03396,0.03100,0.03034,0.03265,0.03199,-54.94957,-3446.00000
0.19677,0.19874,0.19973,0.20203,0.19710,0.18526,0.17934,0.18591,0.18197,0.18526,0.03593,0.03199,0.02903,0.03034,0.03067,-54.94957,-3445.00000
0.19677,0.20170,0.19677,0.19677,0.19874,0.18262,0.17835,0.18230,0.17999,0.17901,0.03232,0.03199,0.03100,0.02837,0.03166,-54.86736,-3444.00000
0.20038,0.18953,0.20203,0.19381,0.19775,0.18624,0.17769,0.17835,0.18230,0.18098,0.02903,0.03199,0.03199,0.03199,0.02968,-54.86736,-3443.00000
0.19512,0.19677,0.19249,0.20170,0.19710,0.18295,0.18065,0.18328,0.17901,0.18065,0.03297,0.03297,0.03429,0.03429,0.02837,-54.96786,-3442.00000
0.19742,0.19348,0.19874,0.19710,0.19808,0.18230,0.18197,0.17769,0.18295,0.17769,0.03232,0.03659,0.03363,0.03133,0.02903,-54.96786,-3441.00000
0.19808,0.19808,0.20006,0.19611,0.19446,0.18032,0.18131,0.18032,0.18427,0.18230,0.03396,0.03330,0.03034,0.03528,0.03232,-54.19780,-3440.00000
0.20302,0.20170,0.20203,0.19710,0.19677,0.18131,0.17868,0.17999,0.17440,0.18558,0.03528,0.03067,0.03396,0.03429,0.03265,-54.19780,-3439.00000
0.19381,0.19907,0.20236,0.20137,0.20104,0.18460,0.18624,0.17999,0.18131,0.17934,0.02804,0.03297,0.03232,0.03067,0.03001,-54.62820,-3438.00000
0.19973,0.20565,0.19381,0.20104,0.19282,0.18197,0.17999,0.18131,0.17934,0.18197,0.03166,0.03100,0.02870,0.03166,0.02804,-54.62820,-3437.00000
0.20236,0.19611,0.19808,0.20104,0.19512,0.17835,0.18526,0.18131,0.17999,0.17999,0.03330,0.03166,0.03462,0.03396,0.03199,-55.25111,-3436.00000
0.19578,0.20367,0.19710,0.19545,0.20006,0.17868,0.18098,0.17934,0.18131,0.18262,0.03199,0.03001,0.03232,0.03166,0.03297,-55.25111,-3435.00000
0.20302,0.19841,0.19479,0.19940,0.19940,0.18262,0.18262,0.17934,0.18032,0.18098,0.02837,0.03462,0.03034,0.03495,0.03100,-56.34870,-3434.00000
0.19775,0.19578,0.19545,0.20137,0.20137,0.18197,0.18591,0.17999,0.18131,0.17966,0.03100,0.03100,0.03232,0.03528,0.03232,-56.34870,-3433.00000
0.19841,0.20137,0.19775,0.19841,0.19216,0.18065,0.17769,0.17572,0.17966,0.17835,0.03265,0.03396,0.02968,0.03297,0.03232,-56.07230,-3432.00000
0.19150,0.19414,0.20532,0.19710,0.20203,0.18197,0.18098,0.18131,0.18065,0.18460,0.03067,0.03495,0.03659,0.03166,0.03396,-56.07230,-3431.00000
0.19512,0.19874,0.20137,0.19249,0.20038,0.17703,0.18328,0.17638,0.18328,0.18197,0.03166,0.02968,0.02771,0.03265,0.03166,-55.92189,-3430.00000
0.20038,0.19644,0.19940,0.19710,0.19348,0.18427,0.18493,0.18197,0.18164,0.18624,0.03495,0.03067,0.03199,0.03363,0.03396,-55.92189,-3429.00000
0.19512,0.19775,0.20071,0.20071,0.19479,0.18394,0.18427,0.18427,0.17966,0.18065,0.03528,0.03363,0.02968,0.02936,0.02903,-56.91847,-3428.00000
0.20302,0.19742,0.20400,0.19315,0.19644,0.18131,0.18098,0.18690,0.18526,0.18690,0.03166,0.03100,0.03232,0.03528,0.02936,-56.91847,-3427.00000
0.19742,0.20367,0.19940,0.19907,0.19973,0.17966,0.18197,0.17605,0.17934,0.18131,0.03133,0.03100,0.02870,0.03363,0.02968,-55.53931,-3426.00000
0.20696,0.19611,0.19808,0.20170,0.19907,0.18361,0.18789,0.17835,0.17868,0.17868,0.03166,0.03330,0.03758,0.03462,0.03034,-55.53931,-3425.00000
0.20433,0.19710,0.20466,0.19841,0.20663,0.18131,0.18361,0.18460,0.18230,0.18098,0.03199,0.03100,0.03100,0.02837,0.03429,-54.57630,-3424.00000
0.19907,0.19742,0.20236,0.20038,0.20038,0.18295,0.18394,0.17769,0.18558,0.18164,0.03429,0.03297,0.03265,0.03396,0.03363,-54.57630,-3423.00000
0.19644,0.20433,0.19775,0.20532,0.19611,0.18854,0.18262,0.18262,0.18065,0.17868,0.03462,0.03363,0.03265,0.03265,0.03166,-54.22662,-3422.00000
0.19479,0.20236,0.20071,0.19907,0.20631,0.18460,0.18262,0.18394,0.18328,0.18723,0.03265,0.03199,0.03396,0.03297,0.03133,-54.22662,-3421.00000
0.19578,0.20137,0.20137,0.20006,0.20400,0.17966,0.18032,0.17703,0.18164,0.18230,0.03363,0.03232,0.03133,0.03034,0.03067,-53.77591,-3420.00000
0.20104,0.19545,0.19940,0.19742,0.20959,0.18032,0.18032,0.18032,0.18756,0.18295,0.03429,0.03001,0.03100,0.03429,0.03166,-53.77591,-3419.00000
0.19841,0.20006,0.19512,0.19710,0.20499,0.18098,0.18065,0.18131,0.18098,0.18394,0.03265,0.02968,0.03396,0.03297,0.03199,-53.97536,-3418.00000
0.19808,0.19019,0.20236,0.20400,0.19710,0.18032,0.18295,0.18558,0.18526,0.17769,0.02738,0.03001,0.03363,0.03067,0.03199,-53.97536,-3417.00000
0.20269,0.20006,0.19874,0.20335,0.20466,0.18295,0.18164,0.18098,0.17736,0.18197,0.03166,0.03199,0.03001,0.03396,0.03232,-53.52088,-3416.00000
0.20170,0.20038,0.19545,0.19742,0.20335,0.18131,0.18098,0.17835,0.18098,0.18328,0.03199,0.03297,0.03100,0.03363,0.02968,-53.52088,-3415.00000
0.20137,0.20203,0.20006,0.20433,0.19710,0.18197,0.18098,0.18295,0.18230,0.18131,0.03100,0.03265,0.03133,0.03001,0.03297,-51.02069,-3414.00000
0.20269,0.19775,0.20335,0.19742,0.19973,0.18098,0.18295,0.17835,0.17572,0.18427,0.03265,0.03001,0.03166,0.03429,0.03330,-51.02069,-3413.00000
0.19808,0.20170,0.19479,0.19742,0.19874,0.18032,0.18427,0.18098,0.17966,0.18230,0.03100,0.03528,0.02870,0.03133,0.03297,-48.97226,-3412.00000
0.19742,0.19742,0.19907,0.19775,0.19150,0.18361,0.17934,0.18164,0.17999,0.17966,0.03462,0.03166,0.03001,0.03199,0.03363,-48.97226,-3411.00000
0.19940,0.19841,0.20071,0.20038,0.19907,0.18098,0.17901,0.18328,0.18460,0.17999,0.02574,0.03462,0.03199,0.02837,0.03330,-49.45439,-3410.00000
0.19940,0.20335,0.19874,0.20170,0.20038,0.18164,0.18361,0.17999,0.18624,0.18493,0.03100,0.03297,0.02936,0.03034,0.03067,-49.45439,-3409.00000
0.19742,0.20038,0.19315,0.20236,0.19677,0.17901,0.18032,0.18098,0.18065,0.18262,0.03265,0.03330,0.03429,0.03363,0.02870,-50.69888,-3408.00000
0.19545,0.19775,0.20367,0.19414,0.19545,0.17999,0.18197,0.18065,0.18558,0.18032,0.03265,0.03034,0.02968,0.03133,0.03133,-50.69888,-3407.00000
0.19414,0.19874,0.19545,0.20071,0.19545,0.17966,0.18032,0.17440,0.18361,0.18690,0.03495,0.03001,0.02936,0.03232,0.03429,-52.50032,-3406.00000
0.19973,0.19446,0.19710,0.19545,0.19841,0.17802,0.17966,0.18361,0.18098,0.17736,0.03330,0.03133,0.03363,0.03561,0.03166,-52.50032,-3405.00000
0.19907,0.20137,0.19578,0.19578,0.20170,0.18624,0.18230,0.18065,0.18098,0.17966,0.03265,0.03297,0.03330,0.03363,0.02968,-53.54996,-3404.00000
0.19973,0.19052,0.19841,0.19907,0.19907,0.18098,0.18098,0.17999,0.18460,0.18098,0.03067,0.03199,0.03133,0.03001,0.02936,-53.54996,-3403.00000
0.19677,0.19907,0.19578,0.19677,0.19710,0.18526,0.18328,0.18295,0.17999,0.17934,0.02968,0.03396,0.03034,0.03297,0.03133,-53.85262,-3402.00000
0.20071,0.19907,0.19578,0.19710,0.19512,0.17999,0.17999,0.17703,0.18098,0.18098,0.03429,0.03001,0.03166,0.03166,0.03396,-53.85262,-3401.00000
0.19874,0.19677,0.19249,0.19677,0.19545,0.18098,0.18065,0.17703,0.18624,0.18131,0.02771,0.03265,0.03166,0.02738,0.03001,-54.42631,-3400.00000
0.19348,0.19841,0.19644,0.19677,0.19644,0.18262,0.18098,0.18526,0.18098,0.18131,0.03199,0.03199,0.03528,0.03561,0.03166,-54.42631,-3399.00000
0.19775,0.20038,0.19710,0.19874,0.19940,0.18295,0.17670,0.18822,0.18262,0.17802,0.03330,0.03100,0.03100,0.03199,0.03265,-55.31130,-3398.00000
0.19085,0.19545,0.19940,0.19940,0.19644,0.18065,0.18460,0.18854,0.17966,0.17999,0.03297,0.03199,0.02705,0.03133,0.03034,-55.31130,-3397.00000
0.20137,0.19677,0.19479,0.19315,0.19644,0.17670,0.17802,0.18295,0.18032,0.17901,0.03396,0.03199,0.03232,0.03100,0.03034,-55.06532,-3396.00000
0.19644,0.20006,0.18986,0.20104,0.19545,0.17736,0.18361,0.17473,0.17966,0.18065,0.03133,0.03330,0.03166,0.03330,0.03232,-55.06532,-3395.00000
0.19808,0.19348,0.19775,0.19644,0.19611,0.17999,0.17966,0.18131,0.18526,0.17934,0.03232,0.03561,0.03133,0.03626,0.03166,-54.62494,-3394.00000
0.19940,0.19479,0.19742,0.19841,0.20006,0.17999,0.18262,0.18197,0.18065,0.17966,0.03429,0.03396,0.02968,0.03232,0.03297,-54.62494,-3393.00000
0.20071,0.20071,0.19841,0.19677,0.19874,0.18164,0.18197,0.18328,0.18197,0.18295,0.03001,0.03199,0.03232,0.03297,0.03100,-55.85007,-3392.00000
0.19578,0.19940,0.19216,0.20236,0.19315,0.18262,0.18131,0.18262,0.17868,0.18131,0.02968,0.03133,0.03265,0.03001,0.03363,-55.85007,-3391.00000
0.19808,0.20302,0.19578,0.19677,0.20006,0.17966,0.18427,0.18164,0.18262,0.17934,0.03100,0.03232,0.03265,0.02738,0.03100,-54.69994,-3390.00000
0.19775,0.20006,0.19446,0.20038,0.19216,0.17999,0.18032,0.18098,0.18065,0.17966,0.03166,0.03396,0.03001,0.03166,0.03330,-54.69994,-3389.00000
0.19578,0.19578,0.19677,0.19545,0.19907,0.18032,0.18328,0.18164,0.18262,0.18262,0.03495,0.03100,0.03067,0.03561,0.03659,-54.30798,-3388.00000
0.19775,0.19710,0.19742,0.19775,0.19315,0.18098,0.17210,0.17901,0.18098,0.17638,0.02804,0.03001,0.03561,0.02903,0.03100,-54.30798,-3387.00000
0.19775,0.19611,0.19512,0.19545,0.19710,0.18032,0.17934,0.17999,0.18164,0.17769,0.03199,0.03232,0.02672,0.03100,0.03363,-54.40008,-3386.00000
0.20466,0.19874,0.19512,0.19052,0.20236,0.17835,0.18394,0.18394,0.17901,0.17506,0.03297,0.03232,0.03001,0.03265,0.03133,-54.40008,-3385.00000
0.19973,0.19414,0.19940,0.19973,0.19578,0.18394,0.17966,0.18098,0.18197,0.18262,0.03199,0.02936,0.02837,0.03133,0.03133,-54.63656,-3384.00000
0.19611,0.20170,0.19611,0.19348,0.19446,0.17835,0.17901,0.18624,0.18295,0.17901,0.03297,0.03396,0.03232,0.03100,0.03363,-54.63656,-3383.00000
0.20565,0.19808,0.20137,0.20137,0.19710,0.17736,0.17736,0.18230,0.17966,0.17901,0.03232,0.03067,0.03199,0.03199,0.03100,-54.97453,-3382.00000
0.20203,0.19611,0.19841,0.19874,0.20269,0.18164,0.18197,0.18230,0.17966,0.18131,0.03330,0.03265,0.03100,0.03330,0.03297,-54.97453,-3381.00000
0.19775,0.19512,0.19644,0.19907,0.20203,0.18131,0.17835,0.18032,0.17703,0.17966,0.03034,0.03232,0.03100,0.03626,0.02804,-55.33150,-3380.00000
0.20006,0.20104,0.19907,0.20170,0.19282,0.17868,0.18427,0.18328,0.18065,0.17934,0.03001,0.02672,0.03330,0.02968,0.03265,-55.33150,-3379.00000
0.20137,0.19677,0.20499,0.19249,0.19710,0.17769,0.18723,0.17670,0.18065,0.18230,0.03199,0.03297,0.02936,0.03297,0.03034,-55.94456,-3378.00000
0.19512,0.20433,0.19874,0.19446,0.19677,0.18197,0.18328,0.17736,0.18032,0.18098,0.03232,0.03100,0.02837,0.03199,0.03462,-55.94456,-3377.00000
0.19940,0.20071,0.19775,0.20170,0.19578,0.18493,0.18032,0.17835,0.17901,0.17572,0.03232,0.03330,0.03034,0.03034,0.03626,-55.71154,-3376.00000
0.19940,0.19808,0.19545,0.19644,0.20104,0.18328,0.18591,0.17670,0.17769,0.17934,0.03034,0.03495,0.02968,0.03265,0.03297,-55.71154,-3375.00000
0.19414,0.19512,0.19249,0.19512,0.20071,0.18164,0.18262,0.18230,0.18065,0.18065,0.03034,0.03067,0.03034,0.03297,0.03232,-55.24835,-3374.00000
0.19874,0.19677,0.19249,0.19874,0.19578,0.18164,0.17999,0.17901,0.18526,0.17999,0.03199,0.02870,0.03232,0.03297,0.03265,-55.24835,-3373.00000
0.19611,0.20006,0.19808,0.19348,0.20071,0.17966,0.18065,0.18262,0.18032,0.18460,0.03001,0.03133,0.03330,0.03396,0.02936,-55.62710,-3372.00000
0.19611,0.19479,0.19085,0.19414,0.19874,0.17868,0.18065,0.17802,0.18427,0.18131,0.03232,0.03133,0.03166,0.02837,0.03495,-55.62710,-3371.00000
0.20532,0.19479,0.19907,0.20400,0.19052,0.18328,0.17703,0.17934,0.18164,0.17638,0.03363,0.03330,0.03100,0.03265,0.03034,-55.91658,-3370.00000
0.18986,0.19677,0.19907,0.18953,0.19874,0.18065,0.17934,0.18295,0.18328,0.18065,0.03166,0.02936,0.03166,0.03528,0.02903,-55.91658,-3369.00000
0.19808,0.19578,0.19775,0.19512,0.19874,0.18131,0.18230,0.18197,0.18098,0.17901,0.03330,0.03166,0.03067,0.03001,0.02705,-55.71708,-3368.00000
0.20466,0.19578,0.19973,0.19446,0.19940,0.17868,0.18032,0.18098,0.17934,0.18065,0.03100,0.03528,0.03034,0.02771,0.03429,-55.71708,-3367.00000
0.20038,0.19808,0.19118,0.19742,0.19874,0.17901,0.18098,0.18131,0.18098,0.18230,0.03199,0.03034,0.03429,0.02968,0.03199,-55.49038,-3366.00000
0.19315,0.19940,0.19874,0.19775,0.19710,0.17999,0.18098,0.18032,0.18098,0.17966,0.03001,0.03133,0.03330,0.03133,0.03034,-55.49038,-3365.00000
0.19611,0.19446,0.19446,0.19479,0.19578,0.17934,0.17868,0.17572,0.17999,0.17605,0.03396,0.03462,0.03495,0.03034,0.03133,-55.88484,-3364.00000
0.19808,0.19315,0.19874,0.20006,0.19940,0.18427,0.18230,0.18098,0.17901,0.18131,0.03363,0.02936,0.03429,0.03429,0.02640,-55.88484,-3363.00000
0.19611,0.19578,0.19710,0.20006,0.19216,0.17966,0.18328,0.18262,0.18098,0.18295,0.03034,0.03166,0.03396,0.02968,0.03265,-55.34232,-3362.00000
0.19677,0.19973,0.20104,0.19512,0.19479,0.17572,0.18197,0.17407,0.17769,0.17999,0.03133,0.03133,0.03199,0.03396,0.03330,-55.34232,-3361.00000
0.19874,0.19710,0.19907,0.19907,0.19677,0.18230,0.18164,0.18493,0.17802,0.17670,0.03034,0.03133,0.03199,0.03396,0.03133,-54.40212,-3360.00000
0.20170,0.19446,0.19446,0.20137,0.19381,0.18197,0.18032,0.17802,0.17769,0.17934,0.03166,0.03199,0.03265,0.03067,0.03297,-54.40212,-3359.00000
0.19315,0.19973,0.19446,0.19808,0.19775,0.17703,0.18164,0.18262,0.18493,0.17934,0.03199,0.03166,0.03297,0.03396,0.03166,-54.46913,-3358.00000
0.19973,0.19742,0.19775,0.20137,0.19940,0.18098,0.17769,0.17966,0.18230,0.18887,0.03232,0.03265,0.03297,0.03659,0.03330,-54.46913,-3357.00000
0.19545,0.19742,0.19315,0.19742,0.18986,0.18328,0.17999,0.17868,0.18065,0.17670,0.03133,0.02672,0.03199,0.03067,0.03659,-54.37812,-3356.00000
0.19315,0.19874,0.19677,0.19775,0.19512,0.18131,0.17966,0.17999,0.17966,0.17999,0.02936,0.02804,0.02936,0.02837,0.03396,-54.37812,-3355.00000
0.19446,0.19742,0.20335,0.19808,0.20302,0.18131,0.17769,0.17473,0.17901,0.18131,0.03001,0.03363,0.03199,0.03100,0.03528,-54.12021,-3354.00000
0.20170,0.20170,0.19808,0.19874,0.19611,0.17966,0.18558,0.18032,0.17539,0.17868,0.03232,0.03396,0.03561,0.03265,0.03034,-54.12021,-3353.00000
0.19512,0.18986,0.18953,0.20532,0.19216,0.18164,0.17703,0.18394,0.18032,0.17736,0.02870,0.03133,0.03034,0.03067,0.03133,-54.87016,-3352.00000
0.19545,0.19841,0.19710,0.19578,0.19414,0.18295,0.18262,0.17999,0.17802,0.17638,0.03232,0.03363,0.03067,0.03166,0.03001,-54.87016,-3351.00000
0.20006,0.20137,0.19414,0.19907,0.19874,0.18295,0.17539,0.18262,0.17703,0.17999,0.03265,0.02804,0.03265,0.03001,0.03889,-55.39651,-3350.00000
0.19578,0.19611,0.19446,0.19644,0.19710,0.18427,0.18098,0.18131,0.18361,0.17539,0.03199,0.02738,0.03363,0.02968,0.03363,-55.39651,-3349.00000
0.19644,0.19315,0.19019,0.19545,0.19841,0.17407,0.18065,0.18526,0.18065,0.18164,0.03297,0.02607,0.03462,0.03199,0.03001,-54.68312,-3348.00000
0.19578,0.19940,0.19710,0.19611,0.19446,0.18032,0.17506,0.18131,0.17670,0.18131,0.03363,0.02804,0.03265,0.03330,0.02771,-54.68312,-3347.00000
0.20170,0.19118,0.19907,0.19578,0.19414,0.18526,0.18164,0.17835,0.17901,0.17868,0.03133,0.03297,0.02804,0.03199,0.03001,-54.97339,-3346.00000
0.19479,0.19973,0.19611,0.19315,0.19742,0.18657,0.17999,0.18098,0.18032,0.17901,0.03001,0.03593,0.03133,0.03232,0.03199,-54.97339,-3345.00000
0.20071,0.19446,0.20071,0.20170,0.19282,0.17670,0.17605,0.17966,0.17966,0.17835,0.03232,0.02837,0.03396,0.03199,0.03001,-55.48474,-3344.00000
0.20038,0.19611,0.19710,0.19381,0.19578,0.17802,0.18131,0.17934,0.18262,0.18361,0.03297,0.03265,0.03166,0.03166,0.03100,-55.48474,-3343.00000
0.19479,0.19315,0.19808,0.19841,0.19973,0.18493,0.17802,0.17835,0.18361,0.18230,0.03297,0.03265,0.02903,0.02936,0.03265,-55.52069,-3342.00000
0.20104,0.19578,0.19446,0.19710,0.19742,0.18361,0.18065,0.18164,0.18197,0.17835,0.03166,0.03166,0.03232,0.03297,0.03265,-55.52069,-3341.00000
0.19414,0.19710,0.19282,0.20104,0.19611,0.17802,0.18295,0.18164,0.18065,0.18032,0.03396,0.03330,0.03199,0.03528,0.03199,-55.75107,-3340.00000
0.19479,0.19775,0.19907,0.19677,0.19545,0.17539,0.17703,0.17934,0.18131,0.18328,0.03363,0.03363,0.03067,0.03166,0.02870,-55.75107,-3339.00000
0.19216,0.19677,0.19742,0.19874,0.19677,0.18098,0.18131,0.18098,0.18164,0.18723,0.03396,0.02705,0.03166,0.03100,0.03297,-55.66362,-3338.00000
0.19348,0.19874,0.19249,0.20269,0.19677,0.18131,0.17835,0.17769,0.17934,0.18394,0.02968,0.03363,0.02968,0.03100,0.03396,-55.66362,-3337.00000
0.19414,0.19348,0.19874,0.19545,0.19808,0.18460,0.17901,0.18197,0.18098,0.17966,0.03067,0.03297,0.03265,0.03133,0.03166,-55.16824,-3336.00000
0.19874,0.19446,0.19479,0.19282,0.19841,0.17901,0.18230,0.18164,0.17966,0.17999,0.03297,0.03396,0.03034,0.02968,0.03396,-55.16824,-3335.00000
0.19545,0.20170,0.19446,0.19512,0.19841,0.18460,0.17966,0.18230,0.18032,0.18295,0.02936,0.03232,0.03199,0.02903,0.02903,-55.04261,-3334.00000
0.19479,0.20104,0.19841,0.20006,0.19710,0.18032,0.18098,0.17572,0.17934,0.18164,0.03232,0.03363,0.03133,0.03429,0.03561,-55.04261,-3333.00000
0.19742,0.19512,0.19710,0.19973,0.19381,0.17638,0.17670,0.17638,0.18328,0.18262,0.03429,0.02936,0.02837,0.03462,0.03166,-54.42805,-3332.00000
0.19118,0.19512,0.19973,0.19512,0.19348,0.17868,0.17901,0.17638,0.18032,0.18131,0.03824,0.02903,0.02968,0.03034,0.03265,-54.42805,-3331.00000
0.19940,0.19545,0.19479,0.19677,0.19479,0.18065,0.17966,0.17934,0.18098,0.17999,0.03330,0.03429,0.03001,0.02936,0.03100,-54.64078,-3330.00000
0.19512,0.20170,0.19874,0.19545,0.20269,0.17769,0.17901,0.17901,0.17901,0.17901,0.02903,0.03396,0.03166,0.03593,0.03100,-54.64078,-3329.00000
0.20006,0.19808,0.19973,0.20071,0.20006,0.18032,0.17901,0.18493,0.17966,0.17802,0.03396,0.03100,0.03396,0.03297,0.03199,-55.01570,-3328.00000
0.19381,0.20006,0.19677,0.20170,0.20006,0.18197,0.17999,0.17966,0.17769,0.17506,0.03232,0.03330,0.03199,0.03067,0.03330,-55.01570,-3327.00000
0.19907,0.19348,0.19907,0.19216,0.19611,0.17703,0.18065,0.17736,0.17901,0.17868,0.03100,0.02936,0.03396,0.03034,0.03133,-55.23002,-3326.00000
0.19940,0.19841,0.19940,0.19479,0.19808,0.18164,0.18032,0.18032,0.18295,0.17868,0.03462,0.03297,0.03265,0.03297,0.03232,-55.23002,-3325.00000
0.19808,0.19512,0.19841,0.19019,0.18690,0.17506,0.17901,0.17802,0.17572,0.17934,0.03001,0.02936,0.03396,0.02903,0.03133,-55.27614,-3324.00000
0.19282,0.19381,0.19381,0.19414,0.19940,0.17999,0.17769,0.17934,0.17966,0.17934,0.03495,0.03034,0.03528,0.03626,0.02968,-55.27614,-3323.00000
0.19381,0.19907,0.19808,0.19742,0.19545,0.17802,0.17539,0.18295,0.17934,0.17736,0.03034,0.03265,0.02903,0.03001,0.02738,-55.67030,-3322.00000
0.19677,0.19381,0.19710,0.20038,0.19381,0.18230,0.17868,0.18197,0.17868,0.17934,0.03199,0.03034,0.03133,0.03100,0.03034,-55.67030,-3321.00000
0.20302,0.19578,0.19578,0.19874,0.19150,0.17802,0.18164,0.18098,0.18295,0.17999,0.02804,0.02968,0.02804,0.03232,0.03166,-56.18964,-3320.00000
0.19677,0.19446,0.19907,0.19446,0.19611,0.17835,0.17506,0.18361,0.17966,0.17934,0.03199,0.03166,0.03330,0.03001,0.03265,-56.18964,-3319.00000
0.19315,0.19808,0.19808,0.19381,0.19973,0.18032,0.17506,0.18098,0.17999,0.17934,0.03001,0.02870,0.03100,0.02672,0.02771,-55.86826,-3318.00000
0.19874,0.20006,0.19479,0.20071,0.19348,0.18098,0.17670,0.17868,0.17670,0.17999,0.03133,0.03133,0.03133,0.03330,0.03100,-55.86826,-3317.00000
0.19742,0.19874,0.19381,0.19775,0.19348,0.17802,0.18262,0.17736,0.17802,0.17868,0.03133,0.03528,0.03199,0.03297,0.03330,-55.66362,-3316.00000
0.19578,0.20104,0.19216,0.20433,0.18756,0.17868,0.17736,0.17934,0.18065,0.18131,0.02968,0.03363,0.02607,0.03462,0.03133,-55.66362,-3315.00000
0.19611,0.20170,0.19414,0.20170,0.19742,0.18131,0.17901,0.17868,0.18131,0.18131,0.02738,0.03265,0.03166,0.03100,0.03297,-55.50759,-3314.00000
0.20006,0.19282,0.19446,0.19479,0.19775,0.17638,0.18065,0.17769,0.18361,0.17769,0.03001,0.02837,0.03429,0.03100,0.02968,-55.50759,-3313.00000
0.19479,0.20104,0.20170,0.19216,0.19710,0.18328,0.17835,0.18262,0.17934,0.17736,0.03001,0.03166,0.02870,0.02903,0.03330,-55.84706,-3312.00000
0.19841,0.19644,0.20104,0.19348,0.19874,0.17868,0.17670,0.18164,0.17901,0.17539,0.03133,0.03067,0.03330,0.02936,0.03100,-55.84706,-3311.00000
0.19118,0.19315,0.20367,0.19677,0.19479,0.17572,0.18526,0.18262,0.18230,0.18065,0.03166,0.03034,0.03297,0.03001,0.03330,-55.83857,-3310.00000
0.19677,0.19808,0.19216,0.19644,0.19710,0.17736,0.18032,0.17769,0.17572,0.18164,0.03067,0.03067,0.03067,0.02640,0.02968,-55.83857,-3309.00000
0.19381,0.19973,0.19644,0.20006,0.19940,0.17473,0.17901,0.18328,0.17703,0.18262,0.02903,0.03001,0.03100,0.03232,0.03067,-55.82456,-3308.00000
0.19150,0.19414,0.19973,0.19742,0.18887,0.18427,0.17802,0.18230,0.18230,0.17999,0.03001,0.03429,0.03166,0.03265,0.03133,-55.82456,-3307.00000
0.19644,0.19479,0.19874,0.20071,0.20071,0.18328,0.17670,0.17835,0.18558,0.18230,0.03166,0.03001,0.03100,0.02804,0.03034,-55.90300,-3306.00000
0.20170,0.20203,0.19578,0.19183,0.19677,0.18197,0.17934,0.18098,0.18065,0.17473,0.03199,0.02903,0.03166,0.02903,0.03297,-55.90300,-3305.00000
0.19414,0.19841,0.19282,0.19775,0.19644,0.18098,0.17802,0.18328,0.18098,0.18394,0.03133,0.02771,0.03067,0.02903,0.03199,-55.48568,-3304.00000
0.19282,0.19742,0.20071,0.19578,0.19381,0.17901,0.17901,0.18065,0.18131,0.17703,0.03232,0.03034,0.02837,0.03001,0.03429,-55.48568,-3303.00000
0.19578,0.20071,0.19019,0.19907,0.19874,0.18098,0.18262,0.17638,0.17999,0.17966,0.03495,0.03462,0.03034,0.02804,0.03330,-55.44059,-3302.00000
0.19414,0.19940,0.19315,0.19874,0.19841,0.17638,0.18131,0.18328,0.17999,0.17736,0.03297,0.03133,0.03297,0.02936,0.02837,-55.44059,-3301.00000
0.19677,0.19348,0.19874,0.19710,0.19611,0.17736,0.17835,0.18624,0.17243,0.17901,0.03232,0.03100,0.03100,0.03133,0.03067,-54.89803,-3300.00000
0.19710,0.19249,0.20104,0.19216,0.19874,0.17539,0.17802,0.18394,0.18131,0.18197,0.03001,0.03001,0.03166,0.03265,0.03297,-54.89803,-3299.00000
0.19677,0.19545,0.19808,0.19479,0.20006,0.17999,0.18065,0.18328,0.17966,0.18164,0.03199,0.03199,0.02837,0.02903,0.03034,-54.33134,-3298.00000
0.20236,0.19677,0.19315,0.19512,0.19677,0.17934,0.17802,0.17506,0.17999,0.17868,0.03528,0.03067,0.02738,0.03100,0.02968,-54.33134,-3297.00000
0.19874,0.20038,0.19973,0.19381,0.19479,0.18032,0.17934,0.17703,0.17769,0.17999,0.03297,0.03100,0.02968,0.02837,0.02870,-55.51284,-3296.00000
0.19446,0.19907,0.19479,0.19808,0.19249,0.18197,0.18262,0.17802,0.17670,0.17868,0.03363,0.03067,0.03330,0.02968,0.03199,-55.51284,-3295.00000
0.19874,0.20236,0.19381,0.19742,0.19973,0.17966,0.18065,0.17539,0.17868,0.18295,0.03067,0.02903,0.03034,0.03001,0.03001,-55.64704,-3294.00000
0.19085,0.19841,0.19775,0.19710,0.19677,0.17999,0.17901,0.17966,0.17934,0.18098,0.03232,0.02968,0.03034,0.03495,0.03232,-55.64704,-3293.00000
0.19512,0.19940,0.20071,0.20466,0.19808,0.17934,0.18460,0.17901,0.17966,0.18361,0.03396,0.03429,0.03363,0.03067,0.03199,-56.16581,-3292.00000
0.19381,0.20038,0.19282,0.19907,0.19381,0.18427,0.18164,0.17868,0.17802,0.17835,0.03001,0.03100,0.03297,0.03265,0.02936,-56.16581,-3291.00000
0.19677,0.19841,0.19742,0.20104,0.19183,0.17999,0.18032,0.17539,0.18032,0.18065,0.03297,0.03034,0.02936,0.03034,0.03034,-55.05312,-3290.00000
0.19808,0.19479,0.19414,0.19414,0.19742,0.17736,0.17868,0.17999,0.17868,0.17999,0.03396,0.03297,0.03133,0.02837,0.02574,-55.05312,-3289.00000
0.19611,0.19282,0.19216,0.19381,0.19677,0.17999,0.17835,0.17999,0.18131,0.17835,0.02903,0.02936,0.03034,0.03067,0.02771,-55.85664,-3288.00000
0.19282,0.19085,0.19677,0.19183,0.19940,0.18065,0.18065,0.18493,0.17868,0.18098,0.03330,0.03067,0.02771,0.03100,0.03034,-55.85664,-3287.00000
0.19677,0.19282,0.20006,0.18953,0.19282,0.18295,0.17506,0.17539,0.17835,0.17736,0.03034,0.02837,0.02903,0.03396,0.03232,-55.72861,-3286.00000
0.19940,0.19249,0.19907,0.19512,0.20137,0.17868,0.18164,0.18098,0.17999,0.17539,0.02804,0.02968,0.03067,0.02936,0.03133,-55.72861,-3285.00000
0.19874,0.19216,0.19611,0.20038,0.19644,0.17934,0.17670,0.17802,0.18427,0.17539,0.03297,0.03133,0.03166,0.03100,0.02903,-56.13335,-3284.00000
0.19677,0.19874,0.19512,0.19446,0.19841,0.18131,0.17868,0.17703,0.18065,0.18197,0.03265,0.03034,0.03265,0.03363,0.03363,-56.13335,-3283.00000
0.19512,0.20006,0.19315,0.19808,0.19348,0.18065,0.17934,0.18032,0.17572,0.17802,0.03265,0.03100,0.03067,0.03034,0.03166,-55.92800,-3282.00000
0.19479,0.19512,0.19808,0.19479,0.18920,0.18328,0.17835,0.17670,0.17835,0.18131,0.03133,0.03199,0.03133,0.03330,0.03199,-55.92800,-3281.00000
0.19282,0.19414,0.20038,0.19052,0.19348,0.17999,0.17802,0.18328,0.18164,0.17736,0.03133,0.03034,0.03133,0.03593,0.02903,-55.77650,-3280.00000
0.20006,0.19315,0.19052,0.20565,0.19282,0.17802,0.17769,0.18262,0.17835,0.18262,0.03396,0.03001,0.02804,0.03330,0.03100,-55.77650,-3279.00000
0.18986,0.19677,0.19677,0.20038,0.19249,0.18197,0.18262,0.17802,0.17835,0.17638,0.03100,0.02968,0.03561,0.03034,0.03100,-55.89850,-3278.00000
0.20302,0.19085,0.19315,0.19446,0.19940,0.18131,0.18164,0.18065,0.18262,0.17901,0.03363,0.03232,0.03133,0.03001,0.03100,-55.89850,-3277.00000
0.19973,0.19611,0.19414,0.19479,0.20006,0.18164,0.17966,0.17934,0.18197,0.18098,0.03067,0.03100,0.03429,0.02968,0.03330,-56.24515,-3276.00000
0.19348,0.19907,0.19973,0.20038,0.19874,0.18065,0.17999,0.18493,0.18098,0.17638,0.03791,0.03133,0.03100,0.03067,0.03232,-56.24515,-3275.00000
0.18986,0.19216,0.19644,0.19710,0.19578,0.17670,0.18230,0.18427,0.18427,0.18526,0.02672,0.03133,0.03396,0.03100,0.02771,-55.86427,-3274.00000
0.19315,0.19414,0.19545,0.19545,0.20137,0.17736,0.17572,0.17966,0.17670,0.18197,0.03265,0.03297,0.02968,0.03429,0.03100,-55.86427,-3273.00000
0.20006,0.19841,0.20071,0.20203,0.19742,0.18065,0.18098,0.17572,0.17966,0.18558,0.02936,0.02968,0.03297,0.03133,0.03001,-55.72755,-3272.00000
0.19874,0.19775,0.19907,0.20006,0.19512,0.17901,0.17703,0.18197,0.17966,0.17506,0.03495,0.03199,0.02968,0.03166,0.02738,-55.72755,-3271.00000
0.19512,0.19775,0.19742,0.20006,0.20203,0.17999,0.17868,0.18164,0.18230,0.18032,0.03330,0.03330,0.03232,0.03396,0.03034,-54.62891,-3270.00000
0.19348,0.19677,0.19907,0.19742,0.19479,0.18164,0.18065,0.17769,0.17934,0.17703,0.02771,0.02771,0.03363,0.03232,0.03396,-54.62891,-3269.00000
0.19578,0.19545,0.19973,0.19414,0.20367,0.18558,0.17999,0.18295,0.18131,0.17835,0.03232,0.03001,0.03232,0.03297,0.03034,-54.97803,-3268.00000
0.19381,0.20137,0.19808,0.19677,0.19742,0.17605,0.17901,0.17901,0.17506,0.18328,0.03528,0.03001,0.03067,0.03067,0.03692,-54.97803,-3267.00000
0.20104,0.19907,0.19907,0.20071,0.19907,0.18526,0.18164,0.18164,0.17572,0.18262,0.03166,0.02705,0.02936,0.03034,0.03232,-54.49585,-3266.00000
0.19578,0.19973,0.19973,0.19446,0.19808,0.17802,0.17966,0.17966,0.18328,0.18032,0.03133,0.03363,0.03528,0.02705,0.03232,-54.49585,-3265.00000
0.19742,0.19249,0.19973,0.19414,0.20071,0.18164,0.18295,0.18065,0.18065,0.17769,0.02903,0.02936,0.03396,0.03166,0.03034,-53.96423,-3264.00000
0.19644,0.19183,0.19841,0.20038,0.19315,0.18295,0.17802,0.17769,0.18164,0.18098,0.03232,0.03034,0.03067,0.03232,0.03067,-53.96423,-3263.00000
0.19381,0.19578,0.19742,0.19742,0.20137,0.18065,0.18032,0.17999,0.18065,0.17769,0.02837,0.03396,0.02903,0.03462,0.03133,-54.44305,-3262.00000
0.20038,0.19841,0.20071,0.19315,0.19973,0.18164,0.18131,0.17966,0.18065,0.17999,0.03133,0.03429,0.03199,0.02936,0.03034,-54.44305,-3261.00000
0.19808,0.20137,0.19578,0.20236,0.20038,0.17868,0.18131,0.18197,0.18493,0.18065,0.02903,0.02870,0.03034,0.03133,0.02903,-54.36020,-3260.00000
0.19874,0.19381,0.20038,0.19216,0.19479,0.18065,0.18164,0.18295,0.18460,0.18197,0.02804,0.03199,0.03133,0.03330,0.02607,-54.36020,-3259.00000
0.19348,0.20071,0.20335,0.19677,0.19019,0.18164,0.18394,0.18558,0.18427,0.18493,0.03265,0.03265,0.03100,0.03034,0.03330,-54.48967,-3258.00000
0.19874,0.19710,0.19973,0.20203,0.19611,0.18558,0.17901,0.18328,0.18295,0.17638,0.03363,0.02968,0.03330,0.02903,0.02903,-54.48967,-3257.00000
0.19841,0.19446,0.19710,0.19940,0.20269,0.18460,0.18197,0.18065,0.18197,0.18065,0.03001,0.03034,0.03363,0.03265,0.02870,-55.09884,-3256.00000
0.20137,0.19710,0.19183,0.20466,0.19545,0.18394,0.18526,0.18032,0.18295,0.17802,0.03199,0.03429,0.02903,0.02903,0.03001,-55.09884,-3255.00000
0.19414,0.19019,0.19973,0.19907,0.19907,0.18098,0.17901,0.17736,0.17835,0.18295,0.03265,0.03297,0.02672,0.03396,0.03166,-55.39610,-3254.00000
0.20104,0.20038,0.19940,0.19578,0.20104,0.18361,0.17802,0.17934,0.18065,0.18065,0.03001,0.02837,0.02837,0.03725,0.02804,-55.39610,-3253.00000
0.19512,0.19611,0.20137,0.19644,0.19808,0.17966,0.17736,0.18032,0.17901,0.18394,0.03001,0.02968,0.03330,0.02903,0.02968,-55.21758,-3252.00000
0.20269,0.19479,0.19578,0.19742,0.20335,0.18032,0.17736,0.18131,0.18394,0.17999,0.03001,0.02870,0.03495,0.03133,0.03034,-55.21758,-3251.00000
0.19874,0.19808,0.20170,0.19644,0.19381,0.18526,0.17769,0.18427,0.17966,0.18131,0.03199,0.03001,0.02837,0.03034,0.02672,-55.84854,-3250.00000
0.19907,0.19249,0.19052,0.20104,0.19940,0.18328,0.18131,0.17966,0.18262,0.18032,0.03561,0.02771,0.03034,0.03067,0.03067,-55.84854,-3249.00000
0.19644,0.18887,0.19479,0.19874,0.19710,0.18295,0.17999,0.17966,0.18197,0.17901,0.03067,0.03034,0.03232,0.03199,0.02968,-55.25337,-3248.00000
0.19775,0.19710,0.19545,0.19545,0.19644,0.18262,0.17473,0.18164,0.18197,0.17210,0.03265,0.03363,0.03133,0.03034,0.03363,-55.25337,-3247.00000
0.19710,0.19315,0.20038,0.19611,0.18723,0.18197,0.17769,0.17934,0.17802,0.17934,0.03462,0.03133,0.02771,0.03166,0.03133,-55.80051,-3246.00000
0.19973,0.19677,0.19414,0.19545,0.19183,0.18065,0.17999,0.18131,0.17539,0.18032,0.03034,0.03363,0.02870,0.02903,0.03265,-55.80051,-3245.00000
0.19578,0.20170,0.19874,0.20006,0.19216,0.18032,0.18098,0.18065,0.18361,0.17802,0.03166,0.03297,0.02968,0.03363,0.03528,-56.10094,-3244.00000
0.19052,0.20104,0.19808,0.19644,0.19150,0.18262,0.17868,0.17934,0.18262,0.18624,0.02903,0.03034,0.02936,0.03232,0.03363,-56.10094,-3243.00000
0.19677,0.18986,0.19118,0.19907,0.19644,0.17736,0.17605,0.17934,0.17736,0.17835,0.03034,0.02936,0.02837,0.02837,0.02936,-55.97039,-3242.00000
0.19611,0.19052,0.19479,0.19940,0.19874,0.17901,0.18394,0.17868,0.17901,0.18394,0.03396,0.03199,0.02870,0.03429,0.03100,-55.97039,-3241.00000
0.19808,0.20006,0.20038,0.19775,0.19808,0.18328,0.18131,0.18032,0.18230,0.17999,0.03001,0.03166,0.03067,0.02968,0.02936,-55.12387,-3240.00000
0.19940,0.19479,0.19414,0.19841,0.19249,0.18065,0.18558,0.17901,0.18032,0.18230,0.02903,0.03199,0.02936,0.03265,0.03232,-55.12387,-3239.00000
0.19710,0.19446,0.19479,0.19315,0.19216,0.18197,0.18493,0.18098,0.18197,0.18230,0.03166,0.03100,0.03133,0.03199,0.03133,-55.16447,-3238.00000
0.19808,0.19512,0.19348,0.19874,0.19677,0.18164,0.17802,0.17736,0.18065,0.17999,0.03363,0.03199,0.03034,0.02903,0.02968,-55.16447,-3237.00000
0.19907,0.20236,0.19578,0.19479,0.19118,0.18394,0.17934,0.18131,0.17638,0.17802,0.03265,0.03199,0.03199,0.02771,0.02968,-54.50118,-3236.00000
0.19512,0.20137,0.19611,0.19940,0.19249,0.18131,0.17966,0.17966,0.17999,0.17736,0.03199,0.02936,0.03100,0.03199,0.03363,-54.50118,-3235.00000
0.19874,0.19545,0.20400,0.19216,0.20236,0.18098,0.17999,0.18164,0.18230,0.18295,0.03133,0.03396,0.03199,0.03462,0.03232,-54.57237,-3234.00000
0.19183,0.19545,0.19545,0.19644,0.20071,0.17802,0.17802,0.17835,0.18295,0.18164,0.03067,0.03100,0.02771,0.02870,0.03133,-54.57237,-3233.00000
0.19710,0.19710,0.19414,0.19446,0.19841,0.18197,0.17999,0.17210,0.17999,0.17901,0.03067,0.03034,0.02936,0.03001,0.03001,-55.61138,-3232.00000
0.20335,0.19150,0.19381,0.19611,0.18953,0.18032,0.17934,0.17802,0.17703,0.17769,0.03265,0.02804,0.03265,0.03133,0.03166,-55.61138,-3231.00000
0.19907,0.18953,0.20170,0.19512,0.19742,0.18164,0.18164,0.17769,0.18065,0.17670,0.03232,0.02968,0.02968,0.03166,0.02870,-54.43411,-3230.00000
0.19545,0.19479,0.19808,0.19545,0.19611,0.17999,0.17934,0.18098,0.18164,0.17802,0.03265,0.03199,0.03133,0.03297,0.03034,-54.43411,-3229.00000
0.19578,0.19315,0.19841,0.19973,0.19940,0.17736,0.17868,0.17868,0.18098,0.18098,0.03429,0.03067,0.03232,0.03199,0.03067,-54.50465,-3228.00000
0.19479,0.19841,0.19315,0.19512,0.19907,0.17736,0.17868,0.18032,0.17670,0.17966,0.03232,0.03067,0.03199,0.03067,0.03067,-54.50465,-3227.00000
0.19348,0.19479,0.19512,0.19841,0.20170,0.17966,0.18065,0.18131,0.17769,0.18164,0.03199,0.03396,0.03100,0.02968,0.02870,-55.09901,-3226.00000
0.19710,0.19644,0.19348,0.20203,0.19381,0.17868,0.18098,0.17901,0.18164,0.17901,0.03265,0.02640,0.03067,0.02705,0.02475,-55.09901,-3225.00000
0.19841,0.19446,0.19677,0.19545,0.19611,0.18164,0.18131,0.18328,0.18262,0.18032,0.03462,0.03100,0.02968,0.03297,0.02936,-55.00067,-3224.00000
0.20038,0.19973,0.19940,0.19940,0.19841,0.17966,0.17703,0.18526,0.17802,0.18065,0.02968,0.02574,0.03199,0.03232,0.03429,-55.00067,-3223.00000
0.19282,0.19710,0.20038,0.19479,0.19742,0.18098,0.17703,0.17605,0.18262,0.17999,0.03363,0.03067,0.02968,0.03297,0.03199,-55.34458,-3222.00000
0.19578,0.20203,0.19479,0.20269,0.19282,0.17539,0.18065,0.18230,0.18065,0.17835,0.03265,0.02936,0.02968,0.03133,0.02968,-55.34458,-3221.00000
0.20006,0.19381,0.19644,0.19578,0.19874,0.17868,0.18065,0.18394,0.18164,0.17835,0.03001,0.03067,0.03034,0.02903,0.03001,-56.47356,-3220.00000
0.19808,0.19512,0.19282,0.19414,0.19446,0.17802,0.18230,0.18032,0.17835,0.17769,0.03067,0.03001,0.02903,0.03363,0.03100,-56.47356,-3219.00000
0.19874,0.19808,0.20203,0.19512,0.20038,0.18098,0.17901,0.18065,0.18427,0.17736,0.03199,0.03232,0.03166,0.03626,0.02968,-56.27389,-3218.00000
0.19414,0.20104,0.19315,0.19710,0.20170,0.17901,0.17901,0.17210,0.17901,0.18197,0.02771,0.03462,0.03100,0.02968,0.03199,-56.27389,-3217.00000
0.19052,0.19973,0.19545,0.19808,0.19611,0.18197,0.18065,0.18295,0.18197,0.18065,0.02771,0.03265,0.03001,0.03100,0.03100,-56.14964,-3216.00000
0.19973,0.19348,0.20071,0.19479,0.19841,0.17966,0.17539,0.17670,0.17539,0.17769,0.03297,0.02968,0.03265,0.03034,0.02936,-56.14964,-3215.00000
0.19808,0.19742,0.19841,0.19611,0.19841,0.18230,0.17868,0.17835,0.17605,0.18098,0.02475,0.03067,0.03265,0.03199,0.03265,-56.04113,-3214.00000
0.19512,0.19282,0.20137,0.20038,0.20038,0.18065,0.17966,0.17934,0.17802,0.17934,0.02903,0.03133,0.03462,0.02738,0.03133,-56.04113,-3213.00000
0.20170,0.19808,0.19282,0.19249,0.19874,0.18328,0.18032,0.18032,0.17374,0.17769,0.03495,0.03199,0.03330,0.02607,0.03659,-55.71099,-3212.00000
0.19874,0.19775,0.19545,0.19446,0.19446,0.18328,0.17868,0.17769,0.17868,0.17769,0.03100,0.03001,0.03396,0.03067,0.02672,-55.71099,-3211.00000
0.19545,0.19841,0.19742,0.19611,0.19512,0.17868,0.18295,0.18164,0.17999,0.18131,0.03265,0.03199,0.03363,0.03166,0.03330,-55.06985,-3210.00000
0.19479,0.19775,0.19808,0.19841,0.19874,0.17966,0.17769,0.18460,0.18065,0.18032,0.02936,0.03199,0.03100,0.03067,0.03199,-55.06985,-3209.00000
0.19381,0.19249,0.19940,0.19150,0.20236,0.17572,0.17638,0.17999,0.17572,0.18230,0.02968,0.02968,0.03001,0.02837,0.02903,-55.50612,-3208.00000
0.19446,0.19150,0.19249,0.19545,0.19150,0.17342,0.17868,0.17309,0.17703,0.17703,0.03330,0.03133,0.03166,0.03067,0.03199,-55.50612,-3207.00000
0.19710,0.19414,0.20071,0.20367,0.19644,0.17473,0.17966,0.17835,0.17638,0.17769,0.03199,0.02837,0.03100,0.03133,0.03429,-54.97718,-3206.00000
0.18887,0.19578,0.19249,0.19381,0.19710,0.18098,0.18131,0.17835,0.18197,0.17572,0.02804,0.03034,0.03166,0.03100,0.03429,-54.97718,-3205.00000
0.19381,0.19216,0.19446,0.19282,0.19446,0.17736,0.18098,0.18032,0.18230,0.17309,0.03166,0.03330,0.03166,0.03067,0.02837,-54.89338,-3204.00000
0.19150,0.19479,0.19479,0.19381,0.19775,0.18065,0.17802,0.17769,0.18164,0.18493,0.02936,0.03232,0.02574,0.03001,0.03232,-54.89338,-3203.00000
0.19578,0.19775,0.19414,0.19907,0.19611,0.17605,0.17506,0.17670,0.17638,0.17736,0.02968,0.03133,0.03232,0.03034,0.03265,-54.01651,-3202.00000
0.19841,0.19841,0.19183,0.19841,0.19742,0.17769,0.18065,0.18032,0.17572,0.17802,0.02837,0.02672,0.03232,0.03100,0.03133,-54.01651,-3201.00000
0.19315,0.20071,0.19183,0.19710,0.19085,0.18065,0.18065,0.17966,0.17703,0.17802,0.03034,0.03067,0.03001,0.03034,0.03001,-53.52681,-3200.00000
0.19677,0.19973,0.19216,0.19644,0.19446,0.17966,0.17703,0.17835,0.17144,0.18065,0.03034,0.03297,0.02738,0.02903,0.02870,-53.52681,-3199.00000
0.19578,0.19315,0.19611,0.20071,0.19446,0.18427,0.17473,0.18098,0.17506,0.17736,0.03001,0.03067,0.03100,0.02936,0.03232,-54.32444,-3198.00000
0.19644,0.19414,0.19611,0.19414,0.19742,0.17605,0.17736,0.18197,0.18131,0.17276,0.02903,0.03100,0.03001,0.03232,0.03034,-54.32444,-3197.00000
0.19348,0.19216,0.20269,0.19249,0.19874,0.18131,0.17506,0.17868,0.17539,0.17769,0.03133,0.03067,0.02870,0.03561,0.03363,-54.58898,-3196.00000
0.19710,0.20170,0.19578,0.19677,0.19644,0.18460,0.18427,0.17966,0.17769,0.17868,0.03561,0.03232,0.03330,0.03232,0.03001,-54.58898,-3195.00000
0.19808,0.19677,0.19446,0.19907,0.19874,0.17966,0.17934,0.17769,0.17539,0.18394,0.03429,0.03429,0.03297,0.02936,0.02804,-54.67486,-3194.00000
0.19446,0.19216,0.19677,0.20137,0.19742,0.18558,0.17703,0.17638,0.17999,0.17736,0.02968,0.02837,0.03232,0.03034,0.02771,-54.67486,-3193.00000
0.19545,0.19841,0.19710,0.19545,0.19216,0.18493,0.17901,0.17276,0.17670,0.18164,0.03265,0.03429,0.02804,0.03100,0.03166,-55.26223,-3192.00000
0.20006,0.19545,0.19808,0.19512,0.19085,0.18460,0.18098,0.17835,0.17539,0.17802,0.03001,0.03232,0.03363,0.02936,0.02968,-55.26223,-3191.00000
0.19348,0.19775,0.18854,0.19874,0.19808,0.17868,0.18065,0.18295,0.17605,0.17670,0.02903,0.03363,0.03199,0.03034,0.02968,-55.54127,-3190.00000
0.19512,0.19644,0.19907,0.19710,0.19808,0.17703,0.17901,0.17934,0.17605,0.17769,0.02968,0.02936,0.03495,0.02903,0.03067,-55.54127,-3189.00000
0.19348,0.19611,0.18854,0.19183,0.20038,0.17703,0.17670,0.17605,0.17868,0.17966,0.03462,0.03067,0.02804,0.03001,0.02837,-55.66614,-3188.00000
0.19118,0.19973,0.19249,0.19282,0.19841,0.17736,0.18098,0.17868,0.18230,0.17638,0.02968,0.03297,0.03166,0.03297,0.03001,-55.66614,-3187.00000
0.19183,0.19315,0.20038,0.19085,0.19446,0.18164,0.17703,0.17835,0.17210,0.17868,0.03528,0.03034,0.03495,0.03265,0.03067,-56.73932,-3186.00000
0.19940,0.19019,0.19446,0.19545,0.19446,0.18262,0.18295,0.18098,0.17835,0.17638,0.03067,0.03297,0.03166,0.02968,0.03297,-56.73932,-3185.00000
0.18920,0.19710,0.19874,0.19808,0.19118,0.18098,0.17868,0.17901,0.18394,0.17934,0.02936,0.03495,0.03001,0.03034,0.03133,-55.82816,-3184.00000
0.19578,0.19381,0.19545,0.19677,0.19907,0.17769,0.18065,0.18065,0.18098,0.17736,0.03396,0.03166,0.03166,0.02936,0.03659,-55.82816,-3183.00000
0.19414,0.19479,0.19677,0.19578,0.19808,0.17440,0.17572,0.17901,0.17769,0.17999,0.03232,0.02936,0.02870,0.02968,0.02936,-56.28078,-3182.00000
0.19940,0.19348,0.19315,0.19414,0.19249,0.17901,0.18164,0.17999,0.18230,0.17769,0.03232,0.03133,0.03067,0.03330,0.02936,-56.28078,-3181.00000
0.19545,0.19282,0.19479,0.19775,0.19381,0.17901,0.18427,0.18032,0.17736,0.17966,0.03429,0.03100,0.03133,0.03034,0.02607,-56.08717,-3180.00000
0.19315,0.19545,0.20335,0.19479,0.19118,0.17670,0.18295,0.17802,0.18098,0.17736,0.03297,0.02804,0.03265,0.02475,0.03265,-56.08717,-3179.00000
0.19644,0.19315,0.19479,0.19414,0.19841,0.17802,0.17506,0.17670,0.18065,0.17868,0.03232,0.02672,0.03100,0.03001,0.03067,-55.89270,-3178.00000
0.19611,0.19183,0.18854,0.18986,0.19907,0.17868,0.17868,0.17835,0.17769,0.17638,0.03166,0.03133,0.03232,0.03100,0.03330,-55.89270,-3177.00000
0.20104,0.19808,0.19742,0.19414,0.19841,0.17802,0.18197,0.18394,0.18065,0.17835,0.03232,0.02837,0.03100,0.03199,0.03001,-55.01178,-3176.00000
0.19118,0.19249,0.20104,0.19118,0.19644,0.17802,0.17769,0.18065,0.18032,0.17670,0.02870,0.03067,0.02870,0.02837,0.03133,-55.01178,-3175.00000
0.19249,0.19414,0.19249,0.19414,0.20367,0.17539,0.17802,0.18065,0.17670,0.18262,0.03232,0.03330,0.02870,0.02968,0.03166,-54.31253,-3174.00000
0.19808,0.19611,0.19019,0.19907,0.19249,0.17638,0.17638,0.17966,0.18197,0.17473,0.03199,0.02936,0.03363,0.03034,0.02771,-54.31253,-3173.00000
0.19775,0.19479,0.19578,0.20104,0.19841,0.18558,0.17966,0.18295,0.18131,0.17802,0.03067,0.03001,0.03001,0.03265,0.02870,-54.74904,-3172.00000
0.19545,0.19644,0.19973,0.20367,0.20631,0.17868,0.17868,0.18427,0.18032,0.17769,0.03199,0.02870,0.03133,0.03166,0.03232,-54.74904,-3171.00000
0.19742,0.19841,0.19545,0.19973,0.19479,0.17835,0.18230,0.17934,0.18131,0.17934,0.03232,0.02705,0.03100,0.02968,0.03133,-54.35206,-3170.00000
0.19611,0.20137,0.19841,0.19775,0.19118,0.17638,0.18197,0.17572,0.17802,0.17966,0.02968,0.03199,0.03034,0.03429,0.03265,-54.35206,-3169.00000
0.19710,0.20006,0.19150,0.20038,0.19545,0.17934,0.17999,0.17835,0.17802,0.17736,0.03100,0.03133,0.02771,0.03495,0.03133,-54.32447,-3168.00000
0.19446,0.19381,0.19644,0.19216,0.19578,0.17999,0.18032,0.18098,0.18197,0.18131,0.02771,0.02837,0.03166,0.02870,0.03396,-54.32447,-3167.00000
0.19183,0.19677,0.19808,0.19545,0.19644,0.18032,0.17966,0.18230,0.18131,0.17736,0.02870,0.03265,0.03034,0.03166,0.03133,-54.35706,-3166.00000
0.19512,0.19644,0.20038,0.19150,0.19808,0.18098,0.17999,0.18131,0.17769,0.18328,0.03265,0.02936,0.03297,0.03067,0.03232,-54.35706,-3165.00000
0.19841,0.20104,0.19677,0.19710,0.18986,0.17934,0.18098,0.17736,0.18361,0.18591,0.03330,0.03034,0.03034,0.03001,0.03067,-54.51007,-3164.00000
0.19907,0.19677,0.19446,0.20006,0.20006,0.17868,0.17802,0.18131,0.18230,0.17868,0.02903,0.02968,0.03166,0.02936,0.02672,-54.51007,-3163.00000
0.19644,0.19841,0.20071,0.19381,0.19841,0.18328,0.18098,0.17769,0.17670,0.18262,0.03265,0.02870,0.03232,0.02508,0.03100,-54.89664,-3162.00000
0.20006,0.19710,0.19479,0.19775,0.19611,0.18526,0.17835,0.18591,0.17736,0.17835,0.03199,0.02870,0.02870,0.03034,0.03199,-54.89664,-3161.00000
0.19479,0.19973,0.20137,0.19216,0.19446,0.18164,0.18197,0.17868,0.17999,0.17901,0.02804,0.03232,0.03199,0.02936,0.03363,-54.28181,-3160.00000
0.19677,0.19742,0.19710,0.19710,0.19183,0.17802,0.17999,0.17670,0.17999,0.18361,0.02771,0.03133,0.02771,0.03133,0.03462,-54.28181,-3159.00000
0.19973,0.19545,0.19512,0.19183,0.19611,0.18328,0.17374,0.17835,0.17703,0.17605,0.02936,0.02903,0.03199,0.02968,0.03330,-54.76786,-3158.00000
0.19479,0.19512,0.19019,0.19841,0.19150,0.17934,0.17670,0.18065,0.18131,0.17868,0.03166,0.03166,0.03001,0.02771,0.02968,-54.76786,-3157.00000
0.20137,0.19414,0.19742,0.20038,0.19874,0.18164,0.18131,0.17703,0.17835,0.17802,0.02903,0.03001,0.02771,0.03100,0.02475,-55.25747,-3156.00000
0.19381,0.19710,0.19710,0.19414,0.20367,0.18098,0.17901,0.18230,0.17802,0.18328,0.02738,0.03067,0.02968,0.03034,0.03199,-55.25747,-3155.00000
0.19085,0.19874,0.19118,0.19381,0.19545,0.17901,0.18098,0.17703,0.18032,0.18164,0.03199,0.02738,0.03297,0.03396,0.03528,-55.91975,-3154.00000
0.19611,0.19414,0.19414,0.19348,0.19874,0.17736,0.17868,0.17506,0.17835,0.17934,0.02903,0.03232,0.03199,0.03166,0.03133,-55.91975,-3153.00000
0.19973,0.19512,0.19874,0.19118,0.19775,0.17999,0.17835,0.18328,0.17966,0.17769,0.03166,0.03067,0.03133,0.03067,0.03561,-56.14591,-3152.00000
0.19742,0.19644,0.19907,0.19479,0.19677,0.18230,0.17868,0.18164,0.17934,0.18197,0.03100,0.03265,0.03001,0.03001,0.03265,-56.14591,-3151.00000
0.19479,0.19512,0.19677,0.19479,0.19578,0.18065,0.18230,0.17638,0.17703,0.17802,0.03001,0.03067,0.02936,0.03265,0.03067,-55.68038,-3150.00000
0.19611,0.19907,0.19710,0.19446,0.20006,0.17539,0.17835,0.17999,0.18230,0.18065,0.02936,0.03232,0.03166,0.03133,0.03001,-55.68038,-3149.00000
0.19710,0.19611,0.19479,0.19085,0.19479,0.17835,0.17670,0.18328,0.18098,0.17736,0.03001,0.03133,0.03034,0.03067,0.02837,-55.67222,-3148.00000
0.19841,0.19545,0.19644,0.19249,0.19940,0.17374,0.18131,0.18230,0.17769,0.18361,0.03034,0.02804,0.03495,0.03001,0.03100,-55.67222,-3147.00000
0.19479,0.20104,0.19677,0.19907,0.20367,0.18164,0.17934,0.17934,0.17736,0.17966,0.03363,0.03232,0.02903,0.02442,0.03265,-55.04070,-3146.00000
0.19677,0.19874,0.19907,0.19446,0.19249,0.18262,0.17999,0.18032,0.18164,0.17835,0.03133,0.03034,0.03100,0.02771,0.02968,-55.04070,-3145.00000
0.19381,0.20006,0.19512,0.19315,0.19644,0.17309,0.17703,0.17769,0.17703,0.17835,0.03133,0.03067,0.03133,0.03001,0.03429,-55.37924,-3144.00000
0.19348,0.19611,0.19644,0.19710,0.19742,0.17999,0.17703,0.18197,0.17901,0.18065,0.02870,0.03067,0.03100,0.02837,0.03232,-55.37924,-3143.00000
0.20104,0.19446,0.19381,0.19907,0.19183,0.18065,0.17802,0.18262,0.18591,0.17934,0.02968,0.03001,0.02968,0.02771,0.02804,-54.76481,-3142.00000
0.19479,0.18887,0.19775,0.19282,0.19315,0.18230,0.17539,0.17736,0.17999,0.17901,0.03166,0.03100,0.02968,0.03034,0.03199,-54.76481,-3141.00000
0.19710,0.19841,0.19315,0.20038,0.19348,0.17670,0.17736,0.18065,0.17999,0.18328,0.02903,0.03001,0.03067,0.02804,0.03067,-54.94344,-3140.00000
0.19808,0.19841,0.19479,0.19282,0.19644,0.17638,0.17966,0.18558,0.18032,0.18164,0.03166,0.02870,0.03100,0.03034,0.02936,-54.94344,-3139.00000
0.19710,0.19611,0.19644,0.19775,0.19841,0.17703,0.17670,0.17966,0.17934,0.18098,0.03166,0.03001,0.03001,0.03363,0.02968,-54.01225,-3138.00000
0.19874,0.19940,0.19644,0.19282,0.19710,0.17670,0.17638,0.18065,0.17670,0.17473,0.02738,0.02968,0.03034,0.03199,0.03034,-54.01225,-3137.00000
0.20598,0.19118,0.19907,0.19282,0.19611,0.17802,0.17901,0.17934,0.17999,0.17572,0.02837,0.03067,0.02771,0.02804,0.03166,-54.28640,-3136.00000
0.19775,0.19578,0.19512,0.19644,0.19677,0.18262,0.17835,0.18131,0.17736,0.17638,0.02574,0.03133,0.03001,0.02870,0.03067,-54.28640,-3135.00000
0.19775,0.20236,0.19808,0.19216,0.19414,0.18164,0.17999,0.18065,0.17999,0.17868,0.03199,0.03265,0.02771,0.03593,0.03593,-54.65052,-3134.00000
0.19545,0.19611,0.19282,0.19742,0.19545,0.17966,0.17539,0.18262,0.17473,0.18032,0.03265,0.03396,0.03232,0.02705,0.03001,-54.65052,-3133.00000
0.19414,0.19874,0.19841,0.19710,0.19841,0.18394,0.17835,0.17802,0.17966,0.18098,0.02738,0.02870,0.02738,0.03265,0.03265,-54.94733,-3132.00000
0.19578,0.19907,0.19841,0.19907,0.19545,0.17901,0.17473,0.18526,0.18427,0.17440,0.03034,0.02936,0.03528,0.02936,0.02968,-54.94733,-3131.00000
0.20006,0.19414,0.19907,0.19644,0.19578,0.17934,0.17868,0.18065,0.18460,0.17934,0.02837,0.03001,0.02738,0.02936,0.03133,-54.91263,-3130.00000
0.20269,0.19315,0.20302,0.19742,0.19710,0.17934,0.17934,0.18131,0.17539,0.18230,0.03166,0.03067,0.02870,0.03001,0.03100,-54.91263,-3129.00000
0.20236,0.19282,0.19841,0.19808,0.19775,0.17868,0.18098,0.17966,0.17934,0.18197,0.03001,0.03232,0.03133,0.02936,0.03001,-55.19069,-3128.00000
0.19677,0.19677,0.19775,0.19479,0.20071,0.17670,0.18460,0.17934,0.17999,0.17736,0.03067,0.03561,0.02607,0.03232,0.03034,-55.19069,-3127.00000
0.19348,0.18822,0.19973,0.19644,0.19874,0.18361,0.18197,0.18427,0.17999,0.18197,0.02936,0.03396,0.03034,0.03166,0.03067,-55.40296,-3126.00000
0.19414,0.19940,0.19907,0.19118,0.19381,0.17802,0.17605,0.17966,0.17835,0.17934,0.03199,0.03199,0.03133,0.02903,0.03067,-55.40296,-3125.00000
0.19381,0.20433,0.20071,0.19150,0.19249,0.17934,0.17769,0.17835,0.17966,0.17999,0.03363,0.03396,0.03001,0.02936,0.03034,-55.85334,-3124.00000
0.19973,0.19512,0.19611,0.19742,0.20269,0.17539,0.18328,0.17539,0.18065,0.18230,0.03692,0.03067,0.03001,0.02968,0.03034,-55.85334,-3123.00000
0.19677,0.19841,0.19512,0.20038,0.19414,0.17835,0.17802,0.18065,0.18131,0.17736,0.03133,0.02936,0.03297,0.03133,0.03001,-55.86368,-3122.00000
0.19183,0.19315,0.19315,0.19710,0.19973,0.17966,0.18262,0.18098,0.17670,0.17605,0.03034,0.03297,0.03363,0.03396,0.03199,-55.86368,-3121.00000
0.19381,0.19710,0.19677,0.20006,0.19249,0.18032,0.17243,0.18230,0.18098,0.17736,0.03199,0.03001,0.03166,0.03166,0.03265,-55.86641,-3120.00000
0.19512,0.19841,0.19315,0.19578,0.19710,0.18098,0.17703,0.18197,0.17901,0.17638,0.03067,0.03067,0.02409,0.03166,0.03067,-55.86641,-3119.00000
0.19973,0.19677,0.19578,0.19085,0.19677,0.17506,0.17703,0.17506,0.17670,0.17802,0.03199,0.03034,0.03363,0.03199,0.02968,-55.15244,-3118.00000
0.19512,0.20038,0.19315,0.19907,0.19315,0.17605,0.18164,0.18032,0.17901,0.17802,0.03067,0.02903,0.02837,0.03067,0.02903,-55.15244,-3117.00000
0.19742,0.20006,0.19644,0.19545,0.20104,0.18065,0.17769,0.17934,0.18262,0.18098,0.02936,0.02968,0.03133,0.03297,0.02968,-55.23247,-3116.00000
0.19973,0.20071,0.19578,0.19940,0.20170,0.17868,0.17473,0.17999,0.17901,0.18262,0.02968,0.02903,0.03232,0.03034,0.02870,-55.23247,-3115.00000
0.19611,0.19085,0.20071,0.19808,0.19808,0.17703,0.17736,0.17572,0.18065,0.18427,0.03199,0.02870,0.03232,0.02903,0.03067,-54.48635,-3114.00000
0.19414,0.19545,0.19611,0.19315,0.18624,0.17736,0.17802,0.17309,0.17638,0.18098,0.02903,0.02837,0.02804,0.03265,0.03232,-54.48635,-3113.00000
0.19775,0.19644,0.19512,0.19315,0.19742,0.17703,0.17342,0.17342,0.17966,0.17769,0.03297,0.03232,0.02968,0.03100,0.03067,-53.80568,-3112.00000
0.19677,0.19479,0.19348,0.20071,0.19611,0.18493,0.17934,0.17901,0.17835,0.17901,0.02738,0.03265,0.02771,0.02771,0.03067,-53.80568,-3111.00000
0.19578,0.19282,0.19710,0.19446,0.19414,0.17769,0.17901,0.17605,0.17539,0.17605,0.02903,0.03166,0.02738,0.03100,0.03034,-51.94190,-3110.00000
0.19348,0.19381,0.19644,0.19907,0.19216,0.17868,0.18065,0.17802,0.18098,0.17309,0.02837,0.02968,0.03100,0.03034,0.03133,-51.94190,-3109.00000
0.19512,0.19085,0.19216,0.19479,0.19742,0.18065,0.18098,0.17966,0.17901,0.18197,0.03001,0.03330,0.03100,0.03100,0.03265,-51.22486,-3108.00000
0.19611,0.19479,0.19381,0.19677,0.19446,0.17966,0.17966,0.17835,0.18164,0.18262,0.03330,0.03199,0.03133,0.02870,0.03166,-51.22486,-3107.00000
0.20038,0.19479,0.19446,0.19019,0.19085,0.18032,0.17901,0.18032,0.18098,0.17966,0.03232,0.02870,0.03199,0.03166,0.03001,-49.45520,-3106.00000
0.19874,0.19512,0.19512,0.19282,0.20433,0.17736,0.17868,0.17868,0.17999,0.18032,0.03363,0.03100,0.03265,0.03396,0.03133,-49.45520,-3105.00000
0.19775,0.19611,0.19479,0.19775,0.19381,0.17769,0.18131,0.17703,0.17111,0.17769,0.02870,0.03100,0.02442,0.03133,0.03067,-48.79010,-3104.00000
0.19940,0.19578,0.20236,0.19874,0.20071,0.18262,0.18098,0.17868,0.17605,0.17835,0.03034,0.03166,0.03067,0.03462,0.03034,-48.79010,-3103.00000
0.19578,0.19874,0.19150,0.19512,0.19446,0.17934,0.18098,0.18262,0.18032,0.17868,0.02804,0.03330,0.03593,0.03199,0.02870,-50.62064,-3102.00000
0.19775,0.19644,0.19479,0.20071,0.19775,0.17703,0.17901,0.17835,0.17966,0.17638,0.03199,0.03100,0.03067,0.03034,0.03297,-50.62064,-3101.00000
0.19710,0.19446,0.19578,0.19183,0.19874,0.17966,0.18032,0.18131,0.18197,0.17934,0.03133,0.02968,0.03067,0.03034,0.02936,-52.16823,-3100.00000
0.19578,0.19545,0.19611,0.19611,0.19085,0.18098,0.17966,0.17309,0.18098,0.18098,0.02936,0.03396,0.02936,0.03166,0.02903,-52.16823,-3099.00000
0.19512,0.19085,0.19775,0.19644,0.19381,0.18558,0.17934,0.17638,0.17999,0.17638,0.03561,0.02936,0.02804,0.03265,0.02968,-53.20814,-3098.00000
0.19348,0.19315,0.19545,0.19907,0.19183,0.17999,0.17539,0.18164,0.18328,0.18394,0.02738,0.02607,0.03265,0.03297,0.03067,-53.20814,-3097.00000
0.19808,0.19446,0.19479,0.19512,0.20170,0.18032,0.17868,0.17934,0.18230,0.17966,0.02936,0.03396,0.02837,0.02837,0.03199,-53.80866,-3096.00000
0.19808,0.19446,0.19414,0.19052,0.19644,0.17802,0.17374,0.18164,0.17605,0.18164,0.03034,0.03067,0.02738,0.03199,0.02936,-53.80866,-3095.00000
0.19710,0.19414,0.19907,0.19446,0.19710,0.17934,0.17572,0.17736,0.18262,0.18032,0.02804,0.02771,0.03363,0.03166,0.02804,-53.70853,-3094.00000
0.20038,0.19578,0.19578,0.19315,0.19282,0.17802,0.18098,0.17934,0.18164,0.18065,0.03100,0.03232,0.02936,0.02804,0.02640,-53.70853,-3093.00000
0.19282,0.19644,0.19019,0.19775,0.19414,0.18262,0.18197,0.17999,0.18098,0.18032,0.03199,0.02968,0.02508,0.02738,0.03330,-54.76198,-3092.00000
0.19578,0.19940,0.19315,0.20170,0.20203,0.17670,0.17638,0.17670,0.18032,0.17901,0.02837,0.03100,0.03067,0.03297,0.03100,-54.76198,-3091.00000
0.19479,0.19677,0.19578,0.19446,0.19512,0.17802,0.17901,0.17966,0.17703,0.17901,0.03265,0.02936,0.03199,0.02870,0.03067,-55.17884,-3090.00000
0.19446,0.19742,0.19381,0.19808,0.20400,0.17901,0.18098,0.18032,0.17999,0.17736,0.02936,0.02936,0.02903,0.02738,0.02936,-55.17884,-3089.00000
0.19118,0.19216,0.19874,0.19315,0.19907,0.17703,0.18065,0.17638,0.17901,0.17802,0.03199,0.02804,0.03462,0.03133,0.03232,-55.27253,-3088.00000
0.19348,0.19315,0.19644,0.19710,0.19446,0.18197,0.17901,0.17868,0.17901,0.17506,0.03232,0.03232,0.03265,0.02672,0.03001,-55.27253,-3087.00000
0.19085,0.19874,0.19710,0.19216,0.19512,0.18262,0.18065,0.17670,0.17374,0.17966,0.03067,0.02903,0.02936,0.03166,0.03593,-55.62699,-3086.00000
0.20236,0.19677,0.20104,0.19545,0.19216,0.18328,0.18131,0.17934,0.17769,0.17736,0.03462,0.03199,0.02936,0.03626,0.02936,-55.62699,-3085.00000
0.19644,0.19282,0.20006,0.19940,0.19414,0.17966,0.17572,0.17835,0.17605,0.17966,0.03100,0.03034,0.02968,0.03429,0.03067,-55.45509,-3084.00000
0.19150,0.19118,0.19710,0.19414,0.19710,0.18262,0.17901,0.17999,0.17901,0.18098,0.03133,0.02837,0.03297,0.02804,0.03001,-55.45509,-3083.00000
0.19644,0.19841,0.19578,0.19414,0.19611,0.17407,0.17440,0.17901,0.18065,0.17802,0.03067,0.02804,0.03034,0.03067,0.03034,-55.41798,-3082.00000
0.19677,0.19512,0.19282,0.19611,0.19611,0.17999,0.17703,0.18098,0.17999,0.17934,0.02903,0.02870,0.02640,0.02903,0.03232,-55.41798,-3081.00000
0.19183,0.19414,0.19742,0.19085,0.19052,0.17966,0.18065,0.17901,0.18131,0.18098,0.02936,0.03133,0.02607,0.03133,0.03034,-55.64356,-3080.00000
0.20071,0.19348,0.19315,0.19512,0.19874,0.17901,0.17670,0.17539,0.17670,0.17966,0.03067,0.02903,0.03166,0.03363,0.03166,-55.64356,-3079.00000
0.18756,0.19710,0.19710,0.19414,0.19578,0.18230,0.17506,0.18164,0.18164,0.18197,0.02837,0.02804,0.03265,0.02672,0.03067,-54.75781,-3078.00000
0.19742,0.19118,0.19841,0.19742,0.19282,0.17736,0.18526,0.18131,0.18197,0.17868,0.02903,0.02705,0.03001,0.02870,0.02870,-54.75781,-3077.00000
0.19578,0.19742,0.19414,0.19742,0.19742,0.17703,0.17966,0.17769,0.17934,0.17539,0.02903,0.02936,0.02936,0.03034,0.03265,-54.81787,-3076.00000
0.19545,0.20236,0.19644,0.19052,0.19414,0.17769,0.17901,0.18197,0.17802,0.17835,0.03199,0.03133,0.02968,0.02738,0.02968,-54.81787,-3075.00000
0.19710,0.19183,0.19742,0.20335,0.19315,0.17868,0.17901,0.17966,0.17473,0.18328,0.02936,0.02870,0.02968,0.03067,0.02968,-54.83325,-3074.00000
0.19808,0.19578,0.20137,0.19611,0.19907,0.17769,0.17769,0.17572,0.18262,0.18131,0.02968,0.02870,0.02672,0.03067,0.03199,-54.83325,-3073.00000
0.20236,0.19150,0.20203,0.19348,0.19578,0.18164,0.18065,0.18328,0.17605,0.17966,0.03067,0.03265,0.02903,0.03067,0.02936,-55.37317,-3072.00000
0.20071,0.19512,0.19874,0.19348,0.19710,0.17868,0.17868,0.17638,0.18262,0.18164,0.03265,0.03199,0.03100,0.03363,0.03001,-55.37317,-3071.00000
0.19940,0.19775,0.19315,0.19907,0.19512,0.18065,0.17835,0.17835,0.17901,0.18230,0.03462,0.02903,0.03001,0.02804,0.03297,-55.59186,-3070.00000
0.19644,0.19545,0.19446,0.19414,0.19808,0.18460,0.17802,0.18197,0.17934,0.17999,0.03297,0.02870,0.03034,0.03100,0.03265,-55.59186,-3069.00000
0.19512,0.19348,0.20071,0.19710,0.19479,0.17605,0.18460,0.17999,0.18032,0.17901,0.02705,0.02903,0.02870,0.03100,0.03100,-54.86624,-3068.00000
0.19578,0.19677,0.19578,0.19677,0.19315,0.17934,0.17539,0.18394,0.18131,0.17966,0.02968,0.03265,0.03034,0.02936,0.02968,-54.86624,-3067.00000
0.19414,0.19677,0.19216,0.20104,0.19019,0.17670,0.17901,0.17802,0.17934,0.18065,0.02870,0.03297,0.03067,0.03001,0.02903,-54.58156,-3066.00000
0.20203,0.19249,0.20038,0.19775,0.18789,0.17868,0.17835,0.17868,0.18032,0.17506,0.03001,0.02936,0.02968,0.02640,0.03166,-54.58156,-3065.00000
0.19611,0.19677,0.19348,0.19348,0.19479,0.17999,0.17901,0.18131,0.18230,0.18394,0.03067,0.02771,0.03528,0.03166,0.03067,-54.54420,-3064.00000
0.19446,0.19414,0.19446,0.19742,0.19512,0.17901,0.17703,0.17736,0.18032,0.17605,0.03232,0.03166,0.02903,0.02968,0.03100,-54.54420,-3063.00000
0.18789,0.20006,0.19052,0.18690,0.19381,0.18197,0.18032,0.18262,0.17802,0.17835,0.03133,0.03297,0.03199,0.02968,0.02968,-54.72815,-3062.00000
0.19841,0.19545,0.19282,0.19578,0.19183,0.17934,0.17736,0.17868,0.18098,0.17835,0.02936,0.02936,0.03363,0.02837,0.03330,-54.72815,-3061.00000
0.19216,0.19446,0.19907,0.19710,0.20170,0.17999,0.17572,0.17605,0.17638,0.17605,0.03100,0.02968,0.02936,0.03297,0.03067,-54.36359,-3060.00000
0.19644,0.19479,0.19808,0.19775,0.19150,0.17934,0.18098,0.17769,0.17868,0.17736,0.03495,0.03297,0.03067,0.03199,0.02738,-54.36359,-3059.00000
0.19775,0.19249,0.19841,0.19381,0.19381,0.18197,0.17670,0.18295,0.17539,0.17638,0.03001,0.03561,0.02738,0.03199,0.03067,-55.13834,-3058.00000
0.19381,0.19578,0.19841,0.19907,0.19446,0.17572,0.17966,0.17835,0.17901,0.17769,0.03100,0.02705,0.03166,0.02936,0.03199,-55.13834,-3057.00000
0.19150,0.19414,0.19677,0.19775,0.19249,0.17703,0.17901,0.17638,0.17769,0.17703,0.03166,0.02804,0.03265,0.02936,0.02705,-55.00325,-3056.00000
0.19512,0.19775,0.19381,0.18657,0.19315,0.18197,0.17670,0.18230,0.17736,0.17638,0.03100,0.03199,0.03100,0.03034,0.02672,-55.00325,-3055.00000
0.19183,0.19775,0.19611,0.19710,0.19611,0.18065,0.17802,0.18131,0.17769,0.18164,0.03067,0.03462,0.02968,0.03199,0.03166,-54.79899,-3054.00000
0.19249,0.19644,0.19348,0.19611,0.18690,0.17736,0.17670,0.18131,0.17835,0.17769,0.03001,0.02968,0.03462,0.03100,0.03232,-54.79899,-3053.00000
0.20170,0.19381,0.19479,0.19808,0.19216,0.17736,0.18131,0.17966,0.17144,0.17539,0.02870,0.03067,0.03001,0.02936,0.03265,-54.97518,-3052.00000
0.20038,0.19216,0.19282,0.19479,0.19973,0.18032,0.17506,0.17802,0.17999,0.18098,0.02738,0.03067,0.02705,0.03133,0.03133,-54.97518,-3051.00000
0.19940,0.19644,0.19085,0.19874,0.19973,0.17966,0.17802,0.17802,0.17506,0.17605,0.02936,0.03330,0.03199,0.02475,0.03100,-55.91044,-3050.00000
0.19348,0.20038,0.19742,0.19282,0.19150,0.17999,0.17539,0.17868,0.17473,0.17835,0.03001,0.03199,0.03166,0.03034,0.03067,-55.91044,-3049.00000
0.19479,0.19775,0.19644,0.19710,0.19118,0.18098,0.18230,0.18032,0.17473,0.18164,0.02936,0.02837,0.03199,0.02903,0.03001,-56.32924,-3048.00000
0.19677,0.19282,0.19315,0.20006,0.19414,0.17802,0.18230,0.17868,0.18098,0.18098,0.02837,0.03133,0.03133,0.03001,0.03034,-56.32924,-3047.00000
0.19150,0.19808,0.19249,0.19578,0.19611,0.17572,0.17966,0.17868,0.17703,0.17802,0.03034,0.03297,0.02541,0.02936,0.03034,-56.41413,-3046.00000
0.19578,0.19183,0.20006,0.18690,0.19808,0.18065,0.18098,0.17999,0.17638,0.17999,0.03067,0.02672,0.03001,0.02804,0.03495,-56.41413,-3045.00000
0.19446,0.19446,0.19611,0.19545,0.19578,0.17605,0.18164,0.18394,0.18197,0.17605,0.02968,0.02705,0.02804,0.02870,0.03199,-55.90970,-3044.00000
0.19414,0.19677,0.19874,0.19183,0.19282,0.17638,0.18131,0.18230,0.18065,0.17670,0.03265,0.02738,0.03199,0.03297,0.02903,-55.90970,-3043.00000
0.20071,0.19085,0.19907,0.19479,0.18624,0.17999,0.17802,0.18131,0.18098,0.18032,0.03034,0.03363,0.03067,0.02936,0.03001,-55.94313,-3042.00000
0.20006,0.19644,0.19677,0.19644,0.19545,0.17736,0.17835,0.17572,0.17934,0.18065,0.03034,0.02968,0.03067,0.02903,0.02936,-55.94313,-3041.00000
0.19249,0.19545,0.20071,0.19677,0.19545,0.17901,0.17407,0.17703,0.18098,0.17440,0.03067,0.03034,0.02968,0.03265,0.03166,-55.42762,-3040.00000
0.19644,0.19446,0.19150,0.19775,0.19479,0.17309,0.17966,0.17966,0.17572,0.17802,0.03001,0.03034,0.03133,0.02672,0.03067,-55.42762,-3039.00000
0.19874,0.20038,0.19479,0.19183,0.19348,0.17966,0.17572,0.17934,0.17868,0.17802,0.03265,0.03034,0.02837,0.02738,0.02705,-55.32367,-3038.00000
0.19742,0.19446,0.19611,0.19578,0.19216,0.17901,0.18197,0.18032,0.17539,0.17802,0.03100,0.02968,0.03034,0.03528,0.03166,-55.32367,-3037.00000
0.19446,0.20170,0.19414,0.19414,0.19710,0.17835,0.18065,0.18197,0.17835,0.17934,0.03297,0.02870,0.03166,0.03034,0.03100,-55.27170,-3036.00000
0.19973,0.19775,0.19183,0.19578,0.20038,0.17835,0.17999,0.17309,0.18065,0.18098,0.03330,0.03166,0.02903,0.03265,0.03330,-55.27170,-3035.00000
0.19644,0.19414,0.19216,0.19940,0.19611,0.18098,0.17638,0.17670,0.17210,0.18032,0.02903,0.03166,0.02672,0.03297,0.03429,-54.39122,-3034.00000
0.19677,0.19414,0.19710,0.19446,0.19150,0.18065,0.17999,0.18164,0.17901,0.18295,0.03100,0.03001,0.03330,0.03100,0.03133,-54.39122,-3033.00000
0.19512,0.19446,0.19578,0.19414,0.19249,0.17868,0.18164,0.18098,0.18230,0.17835,0.02771,0.03034,0.03034,0.02870,0.03067,-54.77618,-3032.00000
0.19479,0.20071,0.19775,0.19677,0.19019,0.17966,0.18131,0.18361,0.17934,0.17703,0.03330,0.03034,0.03067,0.03001,0.03001,-54.77618,-3031.00000
0.20203,0.18822,0.19742,0.19775,0.19808,0.18098,0.17769,0.17999,0.17670,0.17605,0.03034,0.03232,0.02936,0.02672,0.03265,-54.05801,-3030.00000
0.19644,0.19644,0.19381,0.19940,0.19118,0.18230,0.17835,0.18164,0.17835,0.17374,0.03067,0.03034,0.03100,0.03100,0.03297,-54.05801,-3029.00000
0.19249,0.19644,0.19381,0.19841,0.19249,0.17868,0.17999,0.18197,0.18262,0.18065,0.02738,0.03034,0.03265,0.03001,0.03100,-54.94893,-3028.00000
0.19381,0.19644,0.19118,0.19808,0.19578,0.17901,0.17638,0.18295,0.17966,0.18230,0.03067,0.03067,0.02870,0.03034,0.03297,-54.94893,-3027.00000
0.19118,0.19841,0.19381,0.19808,0.19907,0.18230,0.17802,0.17835,0.18164,0.17966,0.03133,0.03297,0.02771,0.03166,0.02936,-54.48130,-3026.00000
0.19545,0.18920,0.20104,0.19150,0.20236,0.17539,0.18164,0.18131,0.17868,0.18558,0.02804,0.03330,0.03166,0.02705,0.02705,-54.48130,-3025.00000
0.19315,0.19479,0.20170,0.19611,0.19315,0.17736,0.17999,0.17407,0.17506,0.18131,0.03462,0.02607,0.02903,0.03133,0.02771,-55.25823,-3024.00000
0.19315,0.19775,0.19348,0.19742,0.19446,0.18065,0.17999,0.18164,0.18032,0.17835,0.02804,0.03001,0.02936,0.02804,0.03034,-55.25823,-3023.00000
0.19907,0.19644,0.19644,0.19183,0.20006,0.18065,0.18098,0.18262,0.18197,0.17901,0.03429,0.02771,0.03265,0.02870,0.02903,-55.33419,-3022.00000
0.19446,0.19644,0.19216,0.20367,0.19611,0.18032,0.18131,0.18460,0.18230,0.17769,0.02837,0.03001,0.02968,0.03034,0.03067,-55.33419,-3021.00000
0.19874,0.19742,0.19315,0.19742,0.19512,0.17934,0.17670,0.17506,0.17934,0.17342,0.03330,0.03232,0.03199,0.02870,0.02837,-55.98497,-3020.00000
0.19644,0.19578,0.19874,0.19973,0.19348,0.17572,0.17999,0.18295,0.17769,0.17802,0.03232,0.02837,0.02738,0.02837,0.03396,-55.98497,-3019.00000
0.20598,0.18756,0.19775,0.19512,0.19611,0.18328,0.18065,0.18065,0.18098,0.17934,0.03297,0.03232,0.02903,0.02837,0.03067,-55.56573,-3018.00000
0.19742,0.19282,0.20236,0.19118,0.19973,0.18098,0.18262,0.18164,0.17835,0.17966,0.02903,0.03199,0.03199,0.02672,0.03199,-55.56573,-3017.00000
0.19742,0.20565,0.19841,0.19940,0.19644,0.17868,0.17736,0.18098,0.18164,0.17966,0.03363,0.03100,0.02903,0.02936,0.03528,-55.78335,-3016.00000
0.19282,0.19545,0.19841,0.19907,0.19446,0.17901,0.18032,0.17769,0.18131,0.18098,0.03232,0.03001,0.03133,0.03067,0.03166,-55.78335,-3015.00000
0.19414,0.19446,0.19644,0.19348,0.19545,0.18526,0.17868,0.17506,0.17835,0.17703,0.02936,0.02968,0.03297,0.03100,0.03265,-55.56013,-3014.00000
0.19874,0.20104,0.19677,0.19742,0.19479,0.18295,0.17901,0.18197,0.18065,0.17999,0.03166,0.03001,0.03100,0.03067,0.03001,-55.56013,-3013.00000
0.19381,0.19446,0.19545,0.19677,0.19052,0.17868,0.17703,0.18230,0.18361,0.17868,0.03330,0.03133,0.02804,0.03232,0.03001,-54.83329,-3012.00000
0.20137,0.19611,0.19907,0.19841,0.19545,0.17769,0.17638,0.18394,0.17736,0.17934,0.03067,0.03034,0.03034,0.03001,0.02672,-54.83329,-3011.00000
0.19479,0.19414,0.19578,0.19742,0.19775,0.18197,0.18098,0.18230,0.17966,0.17868,0.02771,0.02936,0.03199,0.03100,0.03034,-53.84243,-3010.00000
0.19545,0.19677,0.19644,0.19611,0.20071,0.18427,0.17835,0.18230,0.18197,0.18164,0.03363,0.03100,0.03232,0.02837,0.03166,-53.84243,-3009.00000
0.20038,0.19710,0.19479,0.19414,0.19545,0.18032,0.17999,0.17868,0.18493,0.18262,0.03330,0.03001,0.02936,0.02771,0.03232,-51.72590,-3008.00000
0.19677,0.19512,0.19183,0.19973,0.19249,0.18131,0.17901,0.18164,0.17966,0.17703,0.03001,0.03265,0.03396,0.02936,0.03462,-51.72590,-3007.00000
0.19644,0.19282,0.20335,0.19282,0.19446,0.18065,0.17966,0.17934,0.17703,0.17901,0.03034,0.02442,0.03330,0.02968,0.03001,-51.26822,-3006.00000
0.19545,0.19907,0.19446,0.19841,0.19150,0.18065,0.17868,0.18197,0.18098,0.17638,0.02968,0.02903,0.02870,0.02968,0.03100,-51.26822,-3005.00000
0.19085,0.19775,0.20170,0.19973,0.19775,0.18131,0.17835,0.17835,0.17309,0.17736,0.03166,0.03067,0.03429,0.02738,0.02771,-52.48958,-3004.00000
0.19019,0.19052,0.19414,0.19545,0.19479,0.17999,0.18065,0.18591,0.17605,0.17703,0.03133,0.02804,0.03067,0.03133,0.03166,-52.48958,-3003.00000
0.19414,0.19710,0.19512,0.19085,0.19841,0.18164,0.18493,0.18032,0.17966,0.17703,0.02837,0.03265,0.02936,0.03166,0.02968,-52.91959,-3002.00000
0.19479,0.19973,0.19775,0.19414,0.19874,0.17802,0.17638,0.17638,0.17966,0.18197,0.03034,0.03232,0.03199,0.02936,0.03133,-52.91959,-3001.00000
0.18986,0.19282,0.19578,0.19710,0.19249,0.17374,0.17703,0.18361,0.17605,0.17802,0.03495,0.03034,0.03133,0.03133,0.02837,-53.54964,-3000.00000
0.19512,0.19150,0.20038,0.19677,0.18986,0.17572,0.17736,0.17802,0.17506,0.17703,0.03100,0.03232,0.03330,0.03265,0.03199,-53.54964,-2999.00000
0.19381,0.19315,0.19446,0.19578,0.19052,0.17802,0.17802,0.17473,0.18328,0.17868,0.02738,0.03067,0.03067,0.03330,0.02672,-54.26994,-2998.00000
0.19249,0.19677,0.19085,0.19348,0.19775,0.17934,0.17835,0.17966,0.17868,0.17736,0.02870,0.03297,0.02903,0.02903,0.02936,-54.26994,-2997.00000
0.19841,0.18822,0.20038,0.19742,0.19249,0.17999,0.18065,0.17539,0.17802,0.17868,0.03100,0.03199,0.03166,0.02903,0.02804,-54.11983,-2996.00000
0.19381,0.19775,0.19183,0.18986,0.19808,0.17605,0.17835,0.17999,0.17572,0.17802,0.02903,0.02903,0.02903,0.02936,0.02936,-54.11983,-2995.00000
0.19512,0.19446,0.20137,0.19348,0.19677,0.17769,0.18131,0.17670,0.18065,0.17638,0.03034,0.03330,0.03034,0.03166,0.03001,-54.68931,-2994.00000
0.20038,0.19183,0.20104,0.20137,0.19315,0.17605,0.18262,0.18032,0.17769,0.18098,0.03265,0.02804,0.03297,0.02903,0.03232,-54.68931,-2993.00000
0.19282,0.19874,0.19973,0.19841,0.18887,0.17868,0.17703,0.17736,0.18098,0.18164,0.02870,0.02968,0.03297,0.03067,0.03199,-54.35393,-2992.00000
0.19545,0.19282,0.19710,0.19644,0.19512,0.17769,0.17605,0.17934,0.18197,0.17736,0.03034,0.03133,0.03297,0.02837,0.03199,-54.35393,-2991.00000
0.19315,0.19611,0.19512,0.19841,0.19644,0.17966,0.17276,0.17901,0.17638,0.17572,0.02837,0.03265,0.02936,0.02936,0.02968,-54.35470,-2990.00000
0.19282,0.19381,0.19841,0.19874,0.19414,0.17670,0.18197,0.18361,0.18098,0.17901,0.03001,0.03133,0.03166,0.02541,0.02870,-54.35470,-2989.00000
0.18789,0.19940,0.19644,0.19775,0.19611,0.17605,0.18065,0.18098,0.17835,0.18230,0.02837,0.02936,0.03034,0.03067,0.02870,-54.51622,-2988.00000
0.19940,0.19677,0.19841,0.20006,0.19512,0.18098,0.18098,0.17736,0.17572,0.17769,0.02870,0.03001,0.03199,0.03199,0.03363,-54.51622,-2987.00000
0.19644,0.19611,0.19150,0.19710,0.19578,0.17868,0.17802,0.17440,0.17572,0.17999,0.03067,0.02245,0.03001,0.02640,0.02738,-55.28789,-2986.00000
0.19775,0.19216,0.19315,0.19644,0.20006,0.18164,0.18098,0.17572,0.17670,0.17276,0.03034,0.03265,0.03429,0.03232,0.03133,-55.28789,-2985.00000
0.19710,0.19710,0.19348,0.19808,0.19973,0.18295,0.18131,0.18262,0.17901,0.17835,0.02968,0.02968,0.02738,0.02640,0.02837,-55.17569,-2984.00000
0.19874,0.19381,0.20137,0.19611,0.19085,0.17835,0.17966,0.18197,0.17901,0.17605,0.03297,0.02870,0.03297,0.03067,0.02705,-55.17569,-2983.00000
0.19578,0.19479,0.19742,0.19249,0.19710,0.17638,0.17605,0.17736,0.17966,0.17736,0.02541,0.02837,0.02771,0.03067,0.03001,-54.63862,-2982.00000
0.19282,0.19973,0.19940,0.19085,0.20071,0.18065,0.17473,0.17736,0.18262,0.17769,0.03133,0.03067,0.02968,0.02804,0.02837,-54.63862,-2981.00000
0.19775,0.19841,0.19216,0.19479,0.19710,0.17934,0.18262,0.17901,0.17934,0.17736,0.02837,0.03001,0.02837,0.03034,0.02936,-54.55564,-2980.00000
0.19808,0.19545,0.19512,0.19414,0.19052,0.17966,0.17769,0.17605,0.17999,0.17901,0.03067,0.02968,0.02738,0.03199,0.02607,-54.55564,-2979.00000
0.19085,0.19841,0.19578,0.19545,0.19512,0.17868,0.18230,0.18230,0.17572,0.17572,0.03067,0.03133,0.03265,0.03495,0.02936,-54.26268,-2978.00000
0.19677,0.19216,0.19414,0.20038,0.19216,0.17802,0.17802,0.17835,0.17934,0.18098,0.03166,0.03133,0.03232,0.02870,0.03232,-54.26268,-2977.00000
0.19216,0.20071,0.19183,0.19644,0.19414,0.17703,0.17901,0.17638,0.17934,0.17736,0.02968,0.03001,0.03133,0.03100,0.03001,-54.90722,-2976.00000
0.19710,0.19414,0.18986,0.19446,0.19775,0.17999,0.17901,0.17966,0.18131,0.18230,0.03034,0.03001,0.02968,0.02771,0.03363,-54.90722,-2975.00000
0.19052,0.19085,0.19479,0.19775,0.20038,0.17605,0.17802,0.17868,0.17638,0.18394,0.03265,0.03067,0.03100,0.03363,0.03001,-54.99756,-2974.00000
0.18854,0.19578,0.19381,0.19644,0.19381,0.17901,0.17605,0.17769,0.17835,0.18328,0.02771,0.03001,0.03265,0.03100,0.02870,-54.99756,-2973.00000
0.18953,0.19282,0.19118,0.19545,0.20006,0.17835,0.17802,0.17736,0.17407,0.17966,0.02738,0.03133,0.02870,0.03265,0.02804,-54.76440,-2972.00000
0.19710,0.19381,0.20367,0.19216,0.19249,0.18230,0.17901,0.17934,0.17572,0.18032,0.02771,0.03265,0.03199,0.03034,0.03166,-54.76440,-2971.00000
0.20137,0.19446,0.19446,0.19907,0.19512,0.17934,0.18032,0.17638,0.18098,0.17835,0.03330,0.03133,0.03034,0.03133,0.03100,-55.37292,-2970.00000
0.19841,0.18986,0.19742,0.19545,0.19940,0.17999,0.17868,0.18032,0.17703,0.17572,0.03133,0.02903,0.03495,0.03297,0.03199,-55.37292,-2969.00000
0.19644,0.19118,0.20203,0.19414,0.19315,0.18197,0.18131,0.17901,0.17473,0.17835,0.03034,0.02968,0.03265,0.02837,0.03001,-54.88861,-2968.00000
0.19282,0.19216,0.19611,0.19348,0.20236,0.17769,0.17572,0.17769,0.17670,0.18131,0.02837,0.02804,0.03495,0.02705,0.03363,-54.88861,-2967.00000
0.20038,0.19512,0.19808,0.19282,0.19545,0.17670,0.17243,0.17802,0.17243,0.18262,0.03561,0.03232,0.02837,0.02672,0.03297,-55.36423,-2966.00000
0.19381,0.19446,0.19118,0.18986,0.18887,0.17999,0.17835,0.17605,0.17736,0.17638,0.02672,0.03133,0.03001,0.02771,0.03363,-55.36423,-2965.00000
0.19150,0.19512,0.19216,0.19315,0.19479,0.17736,0.17835,0.18262,0.17999,0.18065,0.02837,0.03199,0.02903,0.03100,0.02738,-55.56541,-2964.00000
0.19282,0.20203,0.19019,0.19348,0.19874,0.17769,0.17736,0.17670,0.17966,0.17868,0.02804,0.02738,0.02804,0.03067,0.02804,-55.56541,-2963.00000
0.19545,0.18953,0.19446,0.19315,0.19742,0.17901,0.17999,0.17999,0.17736,0.17835,0.02837,0.02771,0.03067,0.02968,0.03034,-55.18261,-2962.00000
0.19479,0.19742,0.19512,0.19381,0.19841,0.17342,0.17999,0.17703,0.17802,0.17440,0.03001,0.02837,0.02903,0.03363,0.02837,-55.18261,-2961.00000
0.19446,0.19677,0.19150,0.19611,0.20006,0.17901,0.18197,0.17572,0.17670,0.17736,0.03100,0.03034,0.02738,0.03034,0.02837,-54.57129,-2960.00000
0.19183,0.18920,0.19545,0.19414,0.19479,0.17572,0.17506,0.17934,0.18624,0.18164,0.02968,0.02837,0.03001,0.03001,0.02771,-54.57129,-2959.00000
0.19315,0.20104,0.19808,0.19742,0.19545,0.17802,0.17769,0.17539,0.17539,0.18098,0.02771,0.02903,0.02672,0.02705,0.02541,-54.21435,-2958.00000
0.18822,0.18723,0.19644,0.19611,0.19183,0.17736,0.17670,0.17440,0.18032,0.17638,0.03034,0.03067,0.03232,0.03330,0.02672,-54.21435,-2957.00000
0.19644,0.19710,0.19381,0.18920,0.19249,0.17473,0.17736,0.18032,0.17835,0.17473,0.03265,0.02738,0.03330,0.02968,0.02837,-54.86841,-2956.00000
0.19183,0.19677,0.19118,0.19381,0.19841,0.17769,0.17670,0.18032,0.17736,0.18493,0.03199,0.03199,0.03363,0.02968,0.02903,-54.86841,-2955.00000
0.20203,0.19578,0.19742,0.19808,0.19414,0.17769,0.17835,0.17966,0.17934,0.17703,0.03199,0.03166,0.02936,0.03133,0.03199,-54.26038,-2954.00000
0.19414,0.19940,0.19282,0.19249,0.19282,0.17670,0.18164,0.18131,0.17769,0.17868,0.03297,0.02968,0.03133,0.02968,0.02936,-54.26038,-2953.00000
0.20137,0.19512,0.19775,0.19644,0.18920,0.17736,0.18230,0.18164,0.17342,0.17670,0.03034,0.02705,0.02968,0.03067,0.02903,-54.41534,-2952.00000
0.19052,0.18887,0.19150,0.19775,0.19874,0.18098,0.17868,0.17703,0.18032,0.17802,0.03001,0.02837,0.03297,0.02936,0.03034,-54.41534,-2951.00000
0.20137,0.19874,0.19545,0.19611,0.19907,0.17703,0.17670,0.18361,0.17966,0.17934,0.03265,0.03100,0.03166,0.02738,0.03067,-54.78580,-2950.00000
0.19940,0.19446,0.19808,0.19677,0.19446,0.17539,0.17769,0.17934,0.17802,0.17802,0.03034,0.03199,0.03166,0.03166,0.02903,-54.78580,-2949.00000
0.19381,0.19446,0.19315,0.19578,0.20335,0.17440,0.18262,0.17736,0.17374,0.18164,0.02903,0.03199,0.03034,0.03166,0.02804,-54.13362,-2948.00000
0.19381,0.19742,0.19578,0.19479,0.19414,0.17835,0.17901,0.17868,0.17901,0.17868,0.03363,0.02738,0.02903,0.03199,0.03363,-54.13362,-2947.00000
0.19545,0.19578,0.19808,0.19742,0.19644,0.18197,0.18032,0.18197,0.17934,0.17835,0.03001,0.03034,0.02936,0.02870,0.03199,-54.93790,-2946.00000
0.19381,0.19710,0.19085,0.19710,0.19742,0.17868,0.17703,0.17572,0.17802,0.17769,0.02837,0.03001,0.02672,0.03199,0.03100,-54.93790,-2945.00000
0.19578,0.19085,0.19611,0.19907,0.19545,0.17802,0.17901,0.17473,0.17802,0.18131,0.02738,0.03067,0.03100,0.03034,0.03067,-55.09835,-2944.00000
0.19644,0.19118,0.19545,0.19479,0.20400,0.18065,0.18295,0.17572,0.17868,0.18032,0.03133,0.03067,0.02640,0.03199,0.02672,-55.09835,-2943.00000
0.20170,0.19315,0.19479,0.19907,0.19644,0.18197,0.18065,0.17901,0.17934,0.17572,0.02804,0.03034,0.03232,0.03199,0.03067,-55.58384,-2942.00000
0.19545,0.19611,0.19578,0.18986,0.20071,0.17802,0.17934,0.17736,0.17966,0.17703,0.02804,0.03133,0.03067,0.03166,0.03001,-55.58384,-2941.00000
0.20137,0.19150,0.19710,0.19348,0.19381,0.18131,0.17966,0.18065,0.18230,0.18065,0.03034,0.02771,0.02870,0.03199,0.03495,-55.03557,-2940.00000
0.19677,0.19414,0.19446,0.19677,0.19841,0.17868,0.17539,0.17802,0.17769,0.17999,0.03001,0.03330,0.02705,0.03232,0.02771,-55.03557,-2939.00000
0.19479,0.19775,0.19775,0.19381,0.19611,0.18131,0.18098,0.17736,0.17670,0.17901,0.03133,0.02837,0.03001,0.02771,0.03265,-55.68917,-2938.00000
0.19315,0.19414,0.19282,0.18986,0.19907,0.17605,0.17605,0.17999,0.18164,0.17868,0.02870,0.02278,0.02968,0.02738,0.02672,-55.68917,-2937.00000
0.20433,0.19348,0.19512,0.19381,0.19841,0.17473,0.17802,0.18328,0.17966,0.17934,0.03133,0.03166,0.02771,0.02672,0.03265,-55.39586,-2936.00000
0.19282,0.19841,0.19183,0.19775,0.19907,0.17999,0.17802,0.18262,0.17736,0.18098,0.03166,0.02968,0.03363,0.03396,0.02936,-55.39586,-2935.00000
0.20038,0.19545,0.19907,0.19578,0.19282,0.17605,0.17835,0.18295,0.17802,0.18131,0.03133,0.02936,0.03199,0.02870,0.03001,-55.38347,-2934.00000
0.19414,0.19216,0.19183,0.19578,0.19611,0.17835,0.17769,0.18295,0.17966,0.17210,0.02837,0.02771,0.03199,0.02804,0.02672,-55.38347,-2933.00000
0.19940,0.19381,0.19216,0.19940,0.19446,0.18032,0.18098,0.17966,0.18295,0.17506,0.03067,0.03330,0.02903,0.03199,0.03034,-55.37728,-2932.00000
0.19841,0.19249,0.19578,0.18986,0.19808,0.17966,0.17802,0.17934,0.17835,0.17901,0.03067,0.03001,0.02837,0.02903,0.02903,-55.37728,-2931.00000
0.19578,0.19216,0.19512,0.19644,0.19446,0.18131,0.18032,0.17638,0.17539,0.17407,0.02837,0.02903,0.03232,0.03100,0.02968,-55.58659,-2930.00000
0.18854,0.19512,0.19414,0.19611,0.19315,0.17966,0.17342,0.17736,0.17670,0.18032,0.02936,0.02903,0.02672,0.03232,0.03001,-55.58659,-2929.00000
0.19512,0.19874,0.19183,0.19677,0.19414,0.17670,0.17934,0.17769,0.17407,0.17999,0.02804,0.02771,0.03100,0.03462,0.02968,-55.27865,-2928.00000
0.19578,0.19019,0.19446,0.19249,0.19315,0.17638,0.18131,0.17901,0.17605,0.17407,0.02705,0.02771,0.02705,0.02837,0.02903,-55.27865,-2927.00000
0.19315,0.18854,0.19578,0.19315,0.19710,0.17736,0.18032,0.18065,0.17934,0.17605,0.03001,0.02607,0.03166,0.03297,0.02837,-55.55925,-2926.00000
0.19052,0.19414,0.19183,0.19512,0.19677,0.17605,0.17999,0.17868,0.18262,0.18131,0.02837,0.03001,0.03396,0.02870,0.03067,-55.55925,-2925.00000
0.19315,0.19249,0.19907,0.19578,0.19808,0.18230,0.18164,0.17934,0.18295,0.18328,0.03034,0.02968,0.02870,0.02936,0.03166,-55.57747,-2924.00000
0.19578,0.19775,0.19808,0.19381,0.19414,0.17769,0.17769,0.18197,0.17736,0.18591,0.03067,0.02376,0.03067,0.02837,0.03330,-55.57747,-2923.00000
0.19545,0.19545,0.19479,0.18953,0.19775,0.18065,0.17901,0.17835,0.18164,0.18131,0.02804,0.03495,0.02936,0.02936,0.03265,-55.00798,-2922.00000
0.19742,0.18920,0.19282,0.20104,0.19381,0.17572,0.18098,0.17769,0.17802,0.17736,0.02771,0.02738,0.02870,0.03133,0.02607,-55.00798,-2921.00000
0.19150,0.19907,0.19216,0.19512,0.19874,0.17802,0.17605,0.17966,0.18131,0.18230,0.03100,0.02968,0.02936,0.02738,0.02705,-54.87459,-2920.00000
0.19710,0.20006,0.19282,0.19512,0.19479,0.17769,0.17374,0.17638,0.17473,0.18164,0.03067,0.03232,0.03067,0.03001,0.02903,-54.87459,-2919.00000
0.19808,0.19710,0.19315,0.19907,0.19446,0.18098,0.18460,0.17769,0.17736,0.18131,0.02870,0.02936,0.02903,0.02968,0.02968,-54.70048,-2918.00000
0.19775,0.19710,0.19710,0.18822,0.20335,0.18624,0.18262,0.17966,0.18164,0.17473,0.02903,0.02837,0.03001,0.03265,0.03100,-54.70048,-2917.00000
0.19381,0.19775,0.19611,0.19150,0.18723,0.17638,0.17934,0.17703,0.17703,0.18230,0.03100,0.03034,0.03133,0.02936,0.03363,-54.30825,-2916.00000
0.20433,0.18723,0.19611,0.18986,0.19479,0.17901,0.17539,0.17835,0.18065,0.17802,0.02475,0.02705,0.03265,0.02936,0.02870,-54.30825,-2915.00000
0.19611,0.20203,0.19545,0.18887,0.20400,0.17835,0.17572,0.17506,0.17835,0.17736,0.03100,0.02738,0.03100,0.02968,0.03067,-55.22541,-2914.00000
0.19216,0.19611,0.19841,0.19315,0.19742,0.17999,0.17934,0.18032,0.17901,0.17539,0.02870,0.02837,0.02607,0.03034,0.02804,-55.22541,-2913.00000
0.19282,0.19446,0.19315,0.20466,0.19907,0.17473,0.18164,0.18131,0.17966,0.18032,0.03034,0.02837,0.02771,0.03034,0.02837,-53.90665,-2912.00000
0.19315,0.19282,0.19348,0.19019,0.19775,0.18164,0.17407,0.17572,0.17572,0.18197,0.03034,0.03001,0.03034,0.02672,0.03166,-53.90665,-2911.00000
0.19841,0.19545,0.19150,0.19578,0.19742,0.17999,0.17572,0.18262,0.18065,0.18197,0.02574,0.03067,0.03100,0.03100,0.02870,-53.80147,-2910.00000
0.20006,0.19611,0.19611,0.19249,0.19710,0.18131,0.17539,0.17934,0.17539,0.17769,0.03100,0.03034,0.02870,0.03100,0.02640,-53.80147,-2909.00000
0.19841,0.19414,0.19512,0.19348,0.20104,0.17670,0.18394,0.17934,0.17374,0.17736,0.02738,0.03001,0.02771,0.02508,0.02804,-53.88072,-2908.00000
0.19644,0.19446,0.19315,0.19052,0.19578,0.17966,0.17966,0.17835,0.17835,0.17703,0.02968,0.02936,0.03034,0.03100,0.02968,-53.88072,-2907.00000
0.19019,0.20006,0.19414,0.19052,0.19381,0.17868,0.17901,0.17999,0.18558,0.18295,0.03330,0.03100,0.02870,0.02903,0.02968,-54.84075,-2906.00000
0.18953,0.19249,0.19644,0.19052,0.19414,0.17802,0.17966,0.17901,0.17440,0.17605,0.03232,0.03034,0.03133,0.02442,0.03067,-54.84075,-2905.00000
0.19644,0.19249,0.19315,0.19677,0.20038,0.17703,0.18197,0.17966,0.17802,0.17572,0.02903,0.02936,0.03001,0.03034,0.03001,-55.05465,-2904.00000
0.19249,0.19808,0.19644,0.19150,0.19808,0.17999,0.17999,0.17868,0.17802,0.17605,0.03034,0.02705,0.03001,0.03396,0.03034,-55.05465,-2903.00000
0.19348,0.18986,0.19874,0.19118,0.19479,0.18262,0.18131,0.17769,0.17901,0.18098,0.03166,0.03100,0.03034,0.03265,0.02705,-55.42772,-2902.00000
0.19710,0.19742,0.19381,0.19677,0.19282,0.17670,0.17999,0.17835,0.17901,0.18164,0.02640,0.02738,0.02672,0.02936,0.02837,-55.42772,-2901.00000
0.19381,0.18953,0.18822,0.19512,0.19052,0.17243,0.17934,0.17605,0.17868,0.17868,0.03199,0.03363,0.03067,0.02870,0.02804,-55.60937,-2900.00000
0.19512,0.19249,0.19183,0.19315,0.19578,0.17999,0.17703,0.17605,0.17802,0.17769,0.03133,0.03199,0.03067,0.02903,0.02936,-55.60937,-2899.00000
0.19414,0.19742,0.19249,0.19742,0.19150,0.17934,0.17802,0.17638,0.17670,0.17802,0.03034,0.02804,0.03232,0.03100,0.02903,-55.91259,-2898.00000
0.19545,0.19414,0.19381,0.18887,0.19907,0.17440,0.17703,0.17703,0.17999,0.17934,0.03001,0.02903,0.03067,0.03001,0.03067,-55.91259,-2897.00000
0.18920,0.19742,0.19578,0.19216,0.19249,0.18328,0.18065,0.18164,0.17802,0.17802,0.02968,0.02640,0.03100,0.02672,0.02837,-55.95190,-2896.00000
0.18920,0.18854,0.18887,0.19282,0.19479,0.17901,0.18032,0.17901,0.17736,0.17670,0.03396,0.02738,0.02837,0.03100,0.02870,-55.95190,-2895.00000
0.19578,0.19446,0.19907,0.19085,0.19545,0.17736,0.17670,0.17934,0.17835,0.18164,0.02968,0.02870,0.02804,0.02705,0.02903,-56.05456,-2894.00000
0.19150,0.19841,0.19479,0.19907,0.19414,0.17736,0.18262,0.17440,0.17572,0.17966,0.03001,0.02574,0.03133,0.03166,0.03001,-56.05456,-2893.00000
0.20367,0.19742,0.19249,0.20236,0.19216,0.18230,0.18032,0.17539,0.17769,0.17473,0.03001,0.03034,0.03133,0.03034,0.03067,-55.63959,-2892.00000
0.19874,0.19808,0.19381,0.19315,0.19414,0.17769,0.17605,0.18098,0.18262,0.17473,0.03133,0.03232,0.02968,0.03133,0.03166,-55.63959,-2891.00000
0.19808,0.20038,0.19381,0.20170,0.19512,0.17868,0.17835,0.17539,0.17966,0.18526,0.02870,0.02903,0.02771,0.02837,0.03001,-54.92184,-2890.00000
0.19183,0.19348,0.18756,0.19677,0.19249,0.17605,0.17769,0.17440,0.18131,0.18262,0.03462,0.03034,0.02607,0.03166,0.02837,-54.92184,-2889.00000
0.19315,0.19611,0.19677,0.19249,0.19545,0.17835,0.17999,0.17966,0.18230,0.17802,0.02607,0.02968,0.02738,0.03133,0.03199,-54.79491,-2888.00000
0.19381,0.19907,0.18920,0.19611,0.20170,0.17802,0.17802,0.17868,0.18065,0.18164,0.03199,0.02903,0.02705,0.02903,0.02903,-54.79491,-2887.00000
0.19512,0.19841,0.19545,0.19118,0.19742,0.17835,0.18295,0.17835,0.17999,0.17835,0.02968,0.03133,0.02771,0.02705,0.02837,-54.61913,-2886.00000
0.19644,0.19512,0.19578,0.19348,0.19216,0.17802,0.17374,0.18032,0.18131,0.17802,0.02804,0.03199,0.02771,0.02672,0.03067,-54.61913,-2885.00000
0.19381,0.19578,0.19644,0.19545,0.19118,0.17440,0.17966,0.17901,0.17539,0.17868,0.03133,0.03001,0.02870,0.02936,0.02870,-54.84619,-2884.00000
0.19808,0.19282,0.19512,0.19446,0.19414,0.18197,0.17506,0.17868,0.17769,0.17539,0.03166,0.03067,0.02278,0.03100,0.03001,-54.84619,-2883.00000
0.19677,0.18854,0.18756,0.19315,0.18657,0.17703,0.18065,0.18164,0.17966,0.17802,0.02705,0.02936,0.02936,0.03001,0.02738,-54.47632,-2882.00000
0.19940,0.19216,0.19644,0.19315,0.18262,0.17638,0.18098,0.17769,0.17802,0.18032,0.02640,0.03297,0.02968,0.02508,0.03166,-54.47632,-2881.00000
0.18756,0.19677,0.19118,0.18723,0.19282,0.17210,0.17539,0.17276,0.17901,0.17703,0.02870,0.02475,0.02837,0.02574,0.03363,-54.05945,-2880.00000
0.18953,0.19118,0.19479,0.19512,0.19907,0.18098,0.17802,0.17506,0.17868,0.17802,0.02607,0.02376,0.03001,0.02672,0.03166,-54.05945,-2879.00000
0.19348,0.19150,0.19249,0.19216,0.19742,0.17966,0.17638,0.17572,0.17605,0.17605,0.03001,0.02771,0.02738,0.02738,0.02968,-54.50775,-2878.00000
0.18460,0.19249,0.19381,0.18953,0.19677,0.17374,0.17506,0.17868,0.17638,0.17374,0.02804,0.02672,0.02640,0.02672,0.02541,-54.50775,-2877.00000
0.18920,0.18887,0.20038,0.19019,0.19742,0.17802,0.17901,0.17473,0.17374,0.18164,0.03166,0.02804,0.02705,0.03232,0.03034,-54.19723,-2876.00000
0.19644,0.19677,0.19085,0.19644,0.19085,0.17407,0.17440,0.17934,0.17934,0.17999,0.03133,0.02574,0.02804,0.02870,0.03067,-54.19723,-2875.00000
0.19216,0.19414,0.18854,0.19216,0.19315,0.18262,0.18098,0.17177,0.17638,0.17736,0.02837,0.03001,0.03034,0.03067,0.02804,-54.42772,-2874.00000
0.19512,0.19183,0.19085,0.19545,0.19150,0.18230,0.17670,0.17835,0.17835,0.17473,0.03232,0.03166,0.02870,0.03166,0.02903,-54.42772,-2873.00000
0.19118,0.19512,0.19249,0.19446,0.18953,0.17572,0.17670,0.17802,0.17703,0.17868,0.02738,0.03067,0.03166,0.02968,0.02672,-54.45751,-2872.00000
0.20433,0.19150,0.19446,0.19315,0.19446,0.17901,0.17769,0.18230,0.17736,0.17868,0.03034,0.02541,0.02771,0.02705,0.02837,-54.45751,-2871.00000
0.19644,0.19348,0.19282,0.19710,0.19710,0.18262,0.17934,0.17572,0.17802,0.17999,0.03100,0.02968,0.02837,0.03396,0.02903,-55.11938,-2870.00000
0.19249,0.19808,0.19216,0.19874,0.19150,0.17802,0.17966,0.18065,0.17999,0.17802,0.02738,0.02837,0.02541,0.03265,0.02738,-55.11938,-2869.00000
0.19973,0.19118,0.19348,0.19841,0.19216,0.17835,0.17769,0.17638,0.18295,0.17802,0.02870,0.03166,0.03001,0.02870,0.02574,-54.69592,-2868.00000
0.19677,0.19150,0.19710,0.19611,0.19578,0.17407,0.17440,0.17605,0.17835,0.17868,0.03067,0.02607,0.03100,0.02936,0.02771,-54.69592,-2867.00000
0.20006,0.19183,0.18493,0.19578,0.19775,0.17736,0.18098,0.17638,0.17769,0.17539,0.03100,0.03001,0.02870,0.03034,0.03034,-55.36066,-2866.00000
0.19282,0.19479,0.19414,0.19545,0.19282,0.17670,0.18328,0.17572,0.17901,0.17670,0.02607,0.02738,0.03034,0.03100,0.03232,-55.36066,-2865.00000
0.19545,0.19742,0.19282,0.19512,0.19249,0.17703,0.17868,0.17966,0.18032,0.17539,0.02607,0.02738,0.02936,0.03232,0.02672,-54.61636,-2864.00000
0.19874,0.19249,0.19512,0.19545,0.19874,0.17703,0.18328,0.17868,0.17670,0.18065,0.02574,0.03034,0.03297,0.03067,0.03265,-54.61636,-2863.00000
0.19446,0.19446,0.19085,0.19150,0.19019,0.17769,0.17638,0.17868,0.17506,0.17999,0.03166,0.02870,0.03100,0.03199,0.02804,-55.27693,-2862.00000
0.19085,0.18953,0.18887,0.19118,0.19315,0.17605,0.17934,0.17374,0.18032,0.17868,0.02903,0.03265,0.03330,0.03034,0.03199,-55.27693,-2861.00000
0.18887,0.19973,0.19446,0.19249,0.19414,0.17013,0.17868,0.18164,0.18164,0.17638,0.03034,0.02837,0.02738,0.03001,0.02771,-55.03837,-2860.00000
0.19249,0.18723,0.19940,0.19446,0.19150,0.17769,0.17572,0.17769,0.17736,0.17901,0.03133,0.03034,0.03297,0.02936,0.03133,-55.03837,-2859.00000
0.19940,0.19414,0.18953,0.19282,0.19150,0.18394,0.17670,0.17703,0.17605,0.17835,0.02903,0.03100,0.03133,0.02738,0.02837,-55.66372,-2858.00000
0.19315,0.19085,0.19479,0.19512,0.19019,0.18098,0.17802,0.17506,0.17736,0.17999,0.02640,0.03133,0.02804,0.02837,0.03265,-55.66372,-2857.00000
0.19150,0.19446,0.19611,0.19249,0.19183,0.18032,0.18032,0.17802,0.17473,0.17638,0.03034,0.03001,0.02705,0.02903,0.03034,-55.98127,-2856.00000
0.19282,0.19578,0.19315,0.20137,0.19381,0.17539,0.17670,0.18131,0.17966,0.17999,0.02672,0.03034,0.03067,0.02705,0.02837,-55.98127,-2855.00000
0.19512,0.19414,0.18789,0.20170,0.18920,0.17407,0.17736,0.17835,0.17276,0.17506,0.02672,0.03166,0.03166,0.03166,0.02968,-55.35880,-2854.00000
0.19381,0.19940,0.18986,0.20104,0.19282,0.17638,0.17703,0.17999,0.18065,0.17638,0.03232,0.02738,0.03067,0.02771,0.02936,-55.35880,-2853.00000
0.19381,0.19907,0.18953,0.19183,0.19348,0.18164,0.17835,0.17736,0.17473,0.17868,0.02672,0.02541,0.03133,0.02738,0.03166,-54.65938,-2852.00000
0.19183,0.19085,0.19644,0.19348,0.19775,0.17999,0.17572,0.18098,0.17802,0.18262,0.02771,0.02936,0.03001,0.02541,0.03034,-54.65938,-2851.00000
0.19085,0.20038,0.19282,0.19085,0.19841,0.17736,0.17572,0.17999,0.17539,0.18065,0.02903,0.02870,0.03100,0.02837,0.03067,-54.06553,-2850.00000
0.19249,0.19019,0.19512,0.19742,0.18986,0.17868,0.17374,0.18065,0.17736,0.17506,0.02936,0.02968,0.02936,0.02771,0.03199,-54.06553,-2849.00000
0.19183,0.19808,0.19348,0.19907,0.19742,0.17473,0.17670,0.17835,0.17638,0.17703,0.02837,0.03067,0.02968,0.03001,0.02968,-54.52056,-2848.00000
0.19644,0.19644,0.19150,0.19282,0.19578,0.17802,0.17802,0.17901,0.17769,0.17670,0.03133,0.02771,0.03067,0.02870,0.02804,-54.52056,-2847.00000
0.18953,0.19578,0.19775,0.19052,0.19512,0.18164,0.17210,0.17901,0.17703,0.17901,0.02968,0.03166,0.02705,0.02837,0.03034,-54.35989,-2846.00000
0.19907,0.19348,0.19841,0.19414,0.19414,0.17736,0.17736,0.17934,0.17966,0.17670,0.03001,0.03100,0.03034,0.02903,0.02936,-54.35989,-2845.00000
0.19052,0.19414,0.19742,0.18789,0.20236,0.17473,0.17670,0.18197,0.17934,0.17999,0.03232,0.03265,0.02705,0.02804,0.02574,-54.57496,-2844.00000
0.19808,0.19348,0.19216,0.19973,0.19085,0.17539,0.17572,0.18032,0.17802,0.17703,0.03001,0.02903,0.02968,0.03034,0.02672,-54.57496,-2843.00000
0.19414,0.19973,0.19578,0.19841,0.19183,0.17966,0.18295,0.17703,0.17703,0.17835,0.03067,0.02804,0.03001,0.03034,0.03034,-55.20740,-2842.00000
0.19742,0.19940,0.19611,0.19677,0.19381,0.18197,0.17440,0.18164,0.18032,0.18098,0.02968,0.02804,0.03166,0.03001,0.02607,-55.20740,-2841.00000
0.19611,0.19052,0.19611,0.19282,0.19446,0.17934,0.17999,0.17769,0.17736,0.17638,0.02870,0.02870,0.02804,0.02903,0.03133,-54.01483,-2840.00000
0.19841,0.20236,0.19216,0.19874,0.18986,0.17999,0.18032,0.18262,0.18032,0.17440,0.03133,0.02903,0.03166,0.02738,0.03363,-54.01483,-2839.00000
0.19611,0.19874,0.19414,0.20006,0.19611,0.18032,0.17670,0.17999,0.18197,0.18065,0.02771,0.02771,0.03133,0.02870,0.03330,-54.97617,-2838.00000
0.19085,0.19940,0.19479,0.19282,0.19545,0.17638,0.17670,0.17506,0.17506,0.18394,0.03232,0.02837,0.02903,0.03067,0.02672,-54.97617,-2837.00000
0.19742,0.19874,0.18920,0.19841,0.19677,0.17802,0.17802,0.17999,0.18065,0.18197,0.02804,0.02903,0.03067,0.02837,0.02804,-55.01738,-2836.00000
0.19381,0.19808,0.20104,0.19348,0.19611,0.17769,0.17736,0.17572,0.17539,0.17638,0.03067,0.02870,0.02903,0.02903,0.03001,-55.01738,-2835.00000
0.19019,0.18953,0.18986,0.19940,0.19019,0.17868,0.18098,0.17736,0.18131,0.17802,0.02640,0.02508,0.02804,0.02936,0.03034,-55.33340,-2834.00000
0.19183,0.20038,0.19775,0.19677,0.19512,0.18131,0.17835,0.17670,0.17966,0.17769,0.02837,0.02771,0.02738,0.02541,0.02870,-55.33340,-2833.00000
0.19677,0.19644,0.19742,0.19973,0.19216,0.17572,0.17276,0.18295,0.17539,0.17868,0.03166,0.02903,0.03199,0.03100,0.02771,-55.56465,-2832.00000
0.19348,0.18624,0.19808,0.18887,0.18789,0.17736,0.17934,0.18197,0.17638,0.17835,0.02771,0.02903,0.03034,0.02870,0.02870,-55.56465,-2831.00000
0.19874,0.19348,0.19644,0.18624,0.19578,0.17572,0.17374,0.18098,0.17769,0.17966,0.02508,0.03100,0.02409,0.03166,0.02968,-55.77305,-2830.00000
0.19414,0.19315,0.19545,0.19183,0.19414,0.17769,0.18262,0.17736,0.17769,0.17868,0.02705,0.02738,0.02837,0.02607,0.02475,-55.77305,-2829.00000
0.19348,0.19019,0.19348,0.18986,0.18723,0.17703,0.17934,0.17934,0.17934,0.17802,0.02640,0.02903,0.02936,0.02837,0.02705,-55.95781,-2828.00000
0.18986,0.19479,0.19282,0.19479,0.19249,0.17966,0.17901,0.17539,0.17736,0.17835,0.03166,0.03100,0.02870,0.02936,0.03265,-55.95781,-2827.00000
0.19085,0.19907,0.19249,0.19381,0.19677,0.17670,0.17934,0.17868,0.17638,0.17736,0.02640,0.03034,0.02640,0.02771,0.02607,-56.09414,-2826.00000
0.19644,0.19775,0.19249,0.18953,0.19150,0.17868,0.17506,0.18032,0.17736,0.17342,0.03034,0.03034,0.02968,0.02903,0.03067,-56.09414,-2825.00000
0.19512,0.19545,0.19611,0.19841,0.19479,0.17802,0.17506,0.17572,0.17769,0.17506,0.02903,0.02672,0.03001,0.02771,0.02804,-55.82295,-2824.00000
0.19742,0.19479,0.19216,0.19249,0.19940,0.18164,0.18230,0.18032,0.17868,0.17835,0.02804,0.03034,0.03297,0.03034,0.03133,-55.82295,-2823.00000
0.18887,0.19644,0.19183,0.19742,0.19446,0.18098,0.18131,0.17966,0.17868,0.18098,0.02936,0.03330,0.02936,0.03199,0.03166,-55.51157,-2822.00000
0.19907,0.19545,0.19775,0.18854,0.19315,0.18098,0.17802,0.17407,0.18230,0.17736,0.03067,0.02837,0.02771,0.03265,0.02870,-55.51157,-2821.00000
0.19742,0.19512,0.19381,0.19282,0.19249,0.17605,0.17638,0.18065,0.17572,0.17901,0.02870,0.03166,0.02409,0.03232,0.03133,-56.57659,-2820.00000
0.19315,0.19150,0.19249,0.19414,0.19578,0.17868,0.17934,0.17638,0.17835,0.17868,0.02936,0.03001,0.03396,0.02771,0.03001,-56.57659,-2819.00000
0.19414,0.19578,0.19479,0.20071,0.19710,0.17999,0.17605,0.17572,0.17868,0.17901,0.02738,0.02936,0.02936,0.03034,0.02968,-55.84689,-2818.00000
0.19611,0.19282,0.19841,0.19611,0.19775,0.17703,0.17703,0.17835,0.17999,0.18032,0.02870,0.02968,0.03199,0.03067,0.02870,-55.84689,-2817.00000
0.19446,0.19710,0.19348,0.18953,0.19545,0.17868,0.17835,0.17934,0.18295,0.18262,0.03166,0.02837,0.03166,0.02903,0.03232,-55.58946,-2816.00000
0.19019,0.19381,0.19118,0.19249,0.18920,0.17835,0.18295,0.18394,0.17539,0.17638,0.02738,0.03034,0.02804,0.02508,0.03133,-55.58946,-2815.00000
0.18591,0.19611,0.19874,0.19874,0.19315,0.17868,0.18164,0.18032,0.17868,0.17703,0.02804,0.02738,0.03034,0.03067,0.03265,-54.72344,-2814.00000
0.19479,0.19085,0.19742,0.19710,0.19940,0.17901,0.17638,0.17736,0.18197,0.18065,0.02738,0.02837,0.03034,0.02705,0.03166,-54.72344,-2813.00000
0.19414,0.19677,0.19479,0.19578,0.19052,0.17901,0.18032,0.18131,0.17605,0.17999,0.02968,0.02804,0.03067,0.02705,0.02640,-54.57852,-2812.00000
0.18986,0.19381,0.19710,0.19841,0.18723,0.17539,0.17670,0.17901,0.18164,0.17934,0.02968,0.02837,0.02672,0.03396,0.03133,-54.57852,-2811.00000
0.19479,0.19479,0.19677,0.19249,0.19381,0.17769,0.17736,0.17736,0.18032,0.17802,0.02968,0.03067,0.02936,0.02640,0.03034,-53.92256,-2810.00000
0.20367,0.19677,0.18854,0.19381,0.19775,0.17605,0.17309,0.17901,0.17868,0.17802,0.03495,0.03001,0.03067,0.02409,0.02771,-53.92256,-2809.00000
0.19578,0.19742,0.19052,0.19710,0.19512,0.18131,0.17539,0.18197,0.17506,0.17769,0.02936,0.03133,0.02968,0.02705,0.03199,-53.62388,-2808.00000
0.18526,0.19512,0.19874,0.19019,0.19644,0.17539,0.17868,0.17670,0.18164,0.18164,0.03166,0.02804,0.02968,0.03100,0.03100,-53.62388,-2807.00000
0.19085,0.19578,0.20071,0.19282,0.19446,0.17407,0.18032,0.17703,0.17736,0.17736,0.02771,0.02837,0.03067,0.03001,0.02870,-53.94329,-2806.00000
0.19512,0.19216,0.19249,0.19249,0.19348,0.17638,0.17440,0.17638,0.17440,0.17769,0.02837,0.03067,0.02837,0.02672,0.03199,-53.94329,-2805.00000
0.19611,0.19216,0.19841,0.19446,0.19414,0.18098,0.17999,0.17703,0.17440,0.17407,0.03429,0.02738,0.02968,0.02771,0.03166,-54.98434,-2804.00000
0.19512,0.19512,0.19611,0.19644,0.19446,0.17868,0.17572,0.17769,0.18032,0.18262,0.02870,0.03199,0.03133,0.02837,0.03034,-54.98434,-2803.00000
0.19907,0.18690,0.18854,0.19348,0.19644,0.18230,0.17901,0.17868,0.17966,0.18065,0.03067,0.02672,0.02936,0.03067,0.03001,-54.66014,-2802.00000
0.20006,0.19742,0.19512,0.19282,0.19052,0.17999,0.18361,0.17901,0.17078,0.18065,0.02837,0.02640,0.02771,0.03133,0.03166,-54.66014,-2801.00000
0.19414,0.19578,0.19808,0.19019,0.19611,0.17769,0.17802,0.17670,0.17868,0.17111,0.02936,0.03034,0.03034,0.02607,0.03265,-55.54296,-2800.00000
0.19446,0.19282,0.18723,0.19282,0.19677,0.17276,0.17835,0.17835,0.18065,0.17342,0.03297,0.03297,0.02936,0.03001,0.02870,-55.54296,-2799.00000
0.18822,0.19512,0.19216,0.19414,0.19512,0.17670,0.17966,0.18065,0.18131,0.18098,0.02574,0.03265,0.02870,0.03429,0.03034,-55.10546,-2798.00000
0.19545,0.19315,0.19249,0.19710,0.19348,0.17276,0.18164,0.18032,0.17506,0.18065,0.03001,0.03133,0.02738,0.02672,0.02837,-55.10546,-2797.00000
0.18854,0.19216,0.19315,0.18854,0.19150,0.18065,0.17703,0.17736,0.17999,0.17835,0.02903,0.02804,0.03133,0.02771,0.02672,-54.99414,-2796.00000
0.19282,0.19874,0.19118,0.19085,0.19348,0.17802,0.17769,0.17736,0.17901,0.17802,0.02903,0.03067,0.02672,0.02574,0.02903,-54.99414,-2795.00000
0.19545,0.18822,0.19118,0.19085,0.19611,0.17736,0.17802,0.17736,0.17605,0.17670,0.03001,0.03166,0.02870,0.03363,0.03034,-55.56103,-2794.00000
0.19808,0.19479,0.18756,0.19479,0.19183,0.17835,0.17736,0.17999,0.17901,0.17835,0.02508,0.02738,0.02475,0.02837,0.02968,-55.56103,-2793.00000
0.19183,0.19315,0.19150,0.19019,0.19381,0.17934,0.17670,0.17934,0.17210,0.17835,0.02705,0.02705,0.02804,0.02837,0.02771,-55.97388,-2792.00000
0.19348,0.19118,0.19907,0.19315,0.19512,0.17802,0.17736,0.17769,0.17901,0.17670,0.02738,0.03133,0.03166,0.03133,0.02804,-55.97388,-2791.00000
0.19150,0.20170,0.19183,0.19677,0.19545,0.17539,0.18032,0.17999,0.17769,0.17835,0.02936,0.03034,0.03034,0.02936,0.02705,-56.13879,-2790.00000
0.19381,0.19742,0.19315,0.19742,0.19479,0.18131,0.17638,0.17638,0.18131,0.17934,0.03100,0.03297,0.02936,0.02672,0.02968,-56.13879,-2789.00000
0.19282,0.19644,0.19249,0.20367,0.18887,0.18032,0.17999,0.17473,0.18032,0.17539,0.02968,0.02968,0.03100,0.03199,0.02738,-55.38873,-2788.00000
0.19578,0.19414,0.19808,0.18953,0.19512,0.17769,0.17999,0.17703,0.18065,0.17440,0.03100,0.02903,0.02442,0.03133,0.02771,-55.38873,-2787.00000
0.19874,0.19611,0.19315,0.19381,0.19282,0.17934,0.18262,0.17473,0.17374,0.17703,0.02936,0.02508,0.02376,0.02804,0.02936,-54.79642,-2786.00000
0.19249,0.19710,0.19446,0.19249,0.19216,0.17868,0.18065,0.18065,0.17802,0.18065,0.02936,0.02771,0.02541,0.03034,0.03067,-54.79642,-2785.00000
0.19446,0.19611,0.19808,0.18953,0.19315,0.17934,0.17506,0.17868,0.17605,0.17736,0.02837,0.03100,0.02705,0.03100,0.02968,-54.99586,-2784.00000
0.18723,0.18986,0.19381,0.18887,0.19841,0.17605,0.17802,0.18131,0.17605,0.17473,0.03034,0.02804,0.03133,0.02804,0.03067,-54.99586,-2783.00000
0.19414,0.18887,0.19742,0.19150,0.19249,0.18328,0.18295,0.17736,0.17638,0.17769,0.02705,0.02903,0.02771,0.02771,0.02574,-54.48035,-2782.00000
0.19150,0.19019,0.19512,0.18953,0.19085,0.17605,0.17342,0.17835,0.17309,0.17736,0.02968,0.03265,0.02968,0.02968,0.03133,-54.48035,-2781.00000
0.19216,0.19183,0.19446,0.19742,0.18953,0.17966,0.17835,0.17703,0.17769,0.17276,0.02771,0.02574,0.02837,0.03133,0.02837,-53.82953,-2780.00000
0.19446,0.19118,0.19019,0.19381,0.19545,0.17670,0.17802,0.17835,0.17769,0.17473,0.02672,0.02837,0.02607,0.03330,0.02771,-53.82953,-2779.00000
0.19940,0.19677,0.19019,0.19282,0.19446,0.18065,0.17539,0.17802,0.17670,0.17638,0.02870,0.02640,0.03166,0.02738,0.02672,-53.85813,-2778.00000
0.19414,0.19249,0.19282,0.19216,0.19841,0.17966,0.18032,0.17769,0.17638,0.17934,0.02738,0.02804,0.03001,0.03067,0.03166,-53.85813,-2777.00000
0.19446,0.19085,0.19446,0.19710,0.18723,0.17506,0.17670,0.17835,0.17802,0.17835,0.02574,0.03199,0.02508,0.03034,0.02771,-54.87096,-2776.00000
0.19150,0.19315,0.19446,0.19183,0.19315,0.18032,0.17670,0.17440,0.17539,0.18262,0.03067,0.02376,0.02968,0.02870,0.03133,-54.87096,-2775.00000
0.19348,0.19808,0.19973,0.19315,0.19249,0.17802,0.17670,0.17999,0.17999,0.17605,0.02607,0.02705,0.02837,0.03034,0.02968,-54.90374,-2774.00000
0.18986,0.19315,0.19446,0.19216,0.19348,0.17835,0.17703,0.17605,0.17802,0.17901,0.02574,0.02968,0.02541,0.02738,0.02903,-54.90374,-2773.00000
0.19249,0.19710,0.19874,0.18822,0.19512,0.17605,0.17835,0.17243,0.18262,0.17868,0.02738,0.03199,0.03100,0.02574,0.02771,-54.52707,-2772.00000
0.19446,0.19282,0.19150,0.19216,0.19512,0.17769,0.17670,0.17407,0.17572,0.17736,0.03001,0.03034,0.03265,0.03199,0.02738,-54.52707,-2771.00000
0.19414,0.19545,0.18854,0.19512,0.19512,0.17670,0.17802,0.17638,0.17769,0.17670,0.02837,0.02804,0.02870,0.03001,0.03067,-54.46080,-2770.00000
0.18953,0.19183,0.18953,0.19381,0.19216,0.17572,0.17999,0.17901,0.17802,0.17243,0.03001,0.03001,0.03166,0.02607,0.03067,-54.46080,-2769.00000
0.19775,0.19019,0.19249,0.19710,0.18986,0.17342,0.17670,0.17769,0.17966,0.17736,0.02936,0.03001,0.02771,0.02738,0.02837,-54.28362,-2768.00000
0.18920,0.19644,0.19545,0.19282,0.18986,0.17835,0.17703,0.17440,0.17999,0.17670,0.03100,0.02804,0.03100,0.02574,0.03133,-54.28362,-2767.00000
0.18723,0.19282,0.19512,0.18624,0.19512,0.18295,0.17934,0.17868,0.17473,0.17802,0.02903,0.03001,0.02738,0.02936,0.03067,-55.27658,-2766.00000
0.19019,0.19381,0.19578,0.19052,0.19710,0.17835,0.17901,0.17802,0.17670,0.17605,0.02837,0.03265,0.02870,0.02705,0.03034,-55.27658,-2765.00000
0.19381,0.19348,0.19183,0.19512,0.19052,0.17999,0.17703,0.17374,0.17440,0.17736,0.02607,0.03462,0.03034,0.02640,0.03067,-55.78770,-2764.00000
0.19479,0.19216,0.19611,0.18789,0.19282,0.17374,0.17309,0.17835,0.17966,0.17670,0.02475,0.03133,0.03034,0.02804,0.02672,-55.78770,-2763.00000
0.19315,0.19085,0.19381,0.19216,0.19381,0.18131,0.17901,0.17835,0.17670,0.17440,0.02936,0.02968,0.02870,0.02837,0.02837,-55.46221,-2762.00000
0.19677,0.19315,0.18822,0.19183,0.19118,0.18098,0.17407,0.17802,0.17703,0.17868,0.03199,0.02738,0.02870,0.03001,0.03001,-55.46221,-2761.00000
0.19381,0.20038,0.19479,0.19446,0.19315,0.17670,0.17539,0.17572,0.17506,0.17736,0.03133,0.02968,0.03001,0.02508,0.03166,-56.06851,-2760.00000
0.19677,0.19381,0.19183,0.19414,0.19150,0.17802,0.17473,0.17572,0.17835,0.17934,0.03067,0.03067,0.03133,0.03100,0.02936,-56.06851,-2759.00000
0.19578,0.19282,0.19644,0.19841,0.20038,0.18065,0.18131,0.17901,0.18164,0.17835,0.03100,0.02837,0.02968,0.02804,0.03034,-56.24226,-2758.00000
0.19183,0.19249,0.19118,0.19841,0.19479,0.17868,0.17901,0.17736,0.18032,0.18526,0.02738,0.03232,0.02804,0.02837,0.02837,-56.24226,-2757.00000
0.19479,0.18953,0.19512,0.19479,0.18854,0.17769,0.17638,0.18032,0.17572,0.17506,0.02672,0.03495,0.02804,0.02870,0.03100,-55.44779,-2756.00000
0.18690,0.19315,0.19315,0.19348,0.18789,0.17966,0.17934,0.17934,0.17703,0.17703,0.02837,0.03067,0.02870,0.02640,0.03034,-55.44779,-2755.00000
0.19216,0.18953,0.18789,0.19414,0.19545,0.17506,0.17638,0.17605,0.18262,0.18197,0.02475,0.02672,0.02574,0.03100,0.02903,-55.00173,-2754.00000
0.20269,0.19282,0.19381,0.18591,0.19479,0.17506,0.17868,0.17835,0.17835,0.17703,0.03001,0.03100,0.02804,0.03034,0.02968,-55.00173,-2753.00000
0.19578,0.19052,0.19611,0.18953,0.20006,0.17440,0.17835,0.17802,0.17539,0.17670,0.02804,0.02936,0.02903,0.02870,0.03034,-54.76893,-2752.00000
0.19479,0.19052,0.18920,0.19611,0.19644,0.17243,0.17276,0.17966,0.17506,0.17999,0.02738,0.02475,0.02837,0.02738,0.02903,-54.76893,-2751.00000
0.19578,0.19874,0.18756,0.19150,0.18887,0.17769,0.17769,0.17605,0.17605,0.17572,0.02903,0.03166,0.02903,0.03001,0.03034,-54.57929,-2750.00000
0.19085,0.19150,0.19479,0.19216,0.19118,0.17539,0.17506,0.17670,0.17605,0.17901,0.02936,0.03067,0.03001,0.02738,0.03199,-54.57929,-2749.00000
0.19118,0.19118,0.19479,0.19052,0.18591,0.17802,0.17769,0.17572,0.17407,0.17539,0.02508,0.03100,0.02968,0.03067,0.02738,-55.26572,-2748.00000
0.19677,0.19282,0.19611,0.19118,0.19085,0.17572,0.17835,0.18230,0.17769,0.17901,0.02672,0.02837,0.02870,0.02672,0.02804,-55.26572,-2747.00000
0.19578,0.19315,0.18953,0.18789,0.19578,0.17407,0.17177,0.18197,0.17769,0.17736,0.02705,0.03067,0.02738,0.02672,0.02672,-55.86040,-2746.00000
0.19414,0.18526,0.19545,0.19150,0.19578,0.17802,0.17342,0.17473,0.17901,0.17934,0.03133,0.02837,0.02936,0.03067,0.02870,-55.86040,-2745.00000
0.19216,0.19446,0.19118,0.19414,0.19578,0.17703,0.17703,0.17309,0.17506,0.17276,0.03001,0.02837,0.02508,0.02607,0.02738,-54.78567,-2744.00000
0.18690,0.19940,0.19249,0.19052,0.19545,0.17703,0.17802,0.17407,0.17802,0.17670,0.02837,0.03001,0.02804,0.03100,0.02936,-54.78567,-2743.00000
0.19578,0.19052,0.19545,0.19874,0.19315,0.17769,0.17901,0.17473,0.17605,0.17736,0.02804,0.02640,0.02936,0.03034,0.02804,-54.68531,-2742.00000
0.19315,0.18986,0.19578,0.19381,0.19479,0.17802,0.17638,0.17835,0.18098,0.17703,0.03034,0.02903,0.03001,0.02607,0.02705,-54.68531,-2741.00000
0.19446,0.18690,0.18986,0.19348,0.19545,0.17802,0.17473,0.17670,0.17835,0.17605,0.02607,0.02672,0.02903,0.02936,0.03034,-54.22254,-2740.00000
0.19644,0.18558,0.18986,0.19808,0.19118,0.17802,0.17670,0.17638,0.17407,0.17407,0.03001,0.02837,0.03100,0.02771,0.02936,-54.22254,-2739.00000
0.18887,0.19348,0.19446,0.19282,0.19315,0.17769,0.17835,0.18197,0.17901,0.17605,0.02870,0.03001,0.02903,0.02903,0.02804,-54.30365,-2738.00000
0.19644,0.19282,0.18822,0.20071,0.18887,0.17966,0.17539,0.17769,0.17473,0.17210,0.02968,0.02968,0.02870,0.02837,0.02672,-54.30365,-2737.00000
0.19019,0.19644,0.18723,0.18887,0.19611,0.18032,0.17407,0.17736,0.17539,0.17670,0.03166,0.02804,0.02705,0.02804,0.03199,-54.41501,-2736.00000
0.19052,0.19742,0.19677,0.18986,0.19348,0.17670,0.17342,0.17506,0.17802,0.17473,0.02705,0.02968,0.03067,0.02903,0.02771,-54.41501,-2735.00000
0.18789,0.19545,0.18822,0.19742,0.19414,0.17966,0.17572,0.17966,0.17802,0.17374,0.02968,0.02837,0.03100,0.02936,0.03001,-54.57323,-2734.00000
0.18854,0.19414,0.19150,0.19052,0.18953,0.17440,0.17342,0.17638,0.18164,0.17506,0.02738,0.02705,0.02409,0.02804,0.02475,-54.57323,-2733.00000
0.19216,0.19019,0.19578,0.18789,0.19315,0.17966,0.18032,0.17901,0.17670,0.17670,0.03199,0.02738,0.02738,0.02705,0.02870,-54.13964,-2732.00000
0.18690,0.19183,0.19150,0.19183,0.19249,0.18065,0.17539,0.17966,0.17638,0.17670,0.02705,0.02672,0.02968,0.02508,0.02870,-54.13964,-2731.00000
0.19578,0.19019,0.20038,0.18986,0.19512,0.18032,0.17966,0.18328,0.17670,0.17802,0.02804,0.02738,0.02771,0.02705,0.02705,-55.06787,-2730.00000
0.19183,0.18986,0.19249,0.19282,0.19414,0.17506,0.17309,0.17999,0.17407,0.17999,0.03100,0.02903,0.02508,0.02837,0.02640,-55.06787,-2729.00000
0.19545,0.19479,0.19677,0.19183,0.18657,0.17703,0.17769,0.17670,0.17670,0.17572,0.02640,0.02376,0.02705,0.02705,0.02607,-54.84595,-2728.00000
0.19348,0.18887,0.19874,0.19052,0.19381,0.17440,0.18131,0.17802,0.18032,0.17605,0.02771,0.02870,0.02607,0.02936,0.02936,-54.84595,-2727.00000
0.19183,0.19578,0.18854,0.19940,0.19282,0.17605,0.17309,0.17901,0.17802,0.17966,0.03034,0.02804,0.03034,0.02870,0.02870,-54.65442,-2726.00000
0.19940,0.18427,0.19512,0.19315,0.19611,0.18065,0.17539,0.18032,0.17605,0.17473,0.03265,0.03067,0.02837,0.02705,0.03067,-54.65442,-2725.00000
0.18986,0.19479,0.19019,0.18854,0.19611,0.17769,0.17572,0.17769,0.18230,0.17868,0.02903,0.02508,0.02640,0.02475,0.02738,-53.44781,-2724.00000
0.18986,0.19414,0.18854,0.18920,0.19808,0.18065,0.17901,0.17605,0.17802,0.18427,0.02968,0.02870,0.03034,0.02903,0.03034,-53.44781,-2723.00000
0.19315,0.19775,0.19118,0.19019,0.19381,0.17999,0.17736,0.17605,0.18131,0.17572,0.02936,0.02936,0.02508,0.02574,0.03034,-51.13309,-2722.00000
0.19381,0.19677,0.19644,0.19315,0.19742,0.17901,0.17670,0.17374,0.17407,0.18131,0.02903,0.02640,0.02804,0.02804,0.02541,-51.13309,-2721.00000
0.18789,0.19282,0.19479,0.19085,0.19578,0.17703,0.18197,0.17802,0.17407,0.18131,0.02804,0.02738,0.02837,0.02738,0.03297,-50.58607,-2720.00000
0.19479,0.19183,0.19118,0.19150,0.19150,0.17703,0.18032,0.17342,0.18098,0.17506,0.02672,0.03265,0.02804,0.02771,0.03034,-50.58607,-2719.00000
0.19644,0.19282,0.19183,0.19446,0.19019,0.17309,0.17407,0.17539,0.17440,0.17835,0.02968,0.02837,0.03067,0.02672,0.02771,-51.05476,-2718.00000
0.19414,0.19578,0.18854,0.18789,0.18723,0.17868,0.17736,0.17506,0.17374,0.17703,0.02804,0.02771,0.02870,0.02738,0.02870,-51.05476,-2717.00000
0.19512,0.18920,0.19315,0.19512,0.19742,0.17670,0.18032,0.17670,0.17407,0.17703,0.02837,0.03100,0.02771,0.02870,0.02640,-51.76029,-2716.00000
0.18789,0.19479,0.19545,0.19216,0.19249,0.17605,0.17572,0.17506,0.17506,0.17934,0.02705,0.02870,0.02508,0.03100,0.03166,-51.76029,-2715.00000
0.19940,0.19249,0.19019,0.19315,0.19249,0.17605,0.17934,0.17342,0.17835,0.17802,0.02607,0.02705,0.02705,0.02672,0.02771,-53.88796,-2714.00000
0.19545,0.19644,0.19578,0.19282,0.19677,0.17473,0.17572,0.17901,0.17374,0.17440,0.02771,0.03001,0.02705,0.02771,0.02738,-53.88796,-2713.00000
0.19282,0.19381,0.19216,0.19775,0.19479,0.17309,0.17605,0.17440,0.17901,0.18197,0.02804,0.02870,0.02738,0.02771,0.03363,-54.51966,-2712.00000
0.19446,0.19611,0.19118,0.19052,0.18526,0.17736,0.17539,0.17736,0.18032,0.17506,0.02936,0.02672,0.02672,0.02870,0.02903,-54.51966,-2711.00000
0.19611,0.19183,0.18887,0.18854,0.19611,0.17868,0.17670,0.17868,0.17539,0.18032,0.02968,0.02640,0.02640,0.02705,0.02771,-54.23005,-2710.00000
0.19545,0.19150,0.19150,0.19677,0.19414,0.17670,0.17703,0.17638,0.17966,0.17835,0.02804,0.03034,0.03232,0.03034,0.02936,-54.23005,-2709.00000
0.18854,0.19216,0.19446,0.18953,0.18723,0.17670,0.17868,0.17276,0.18164,0.17111,0.02903,0.02837,0.03100,0.02870,0.02640,-54.98368,-2708.00000
0.19019,0.19183,0.19150,0.19479,0.19150,0.17473,0.17440,0.17736,0.17835,0.17999,0.02837,0.02738,0.02607,0.02705,0.02738,-54.98368,-2707.00000
0.19644,0.18526,0.19118,0.19414,0.19578,0.18197,0.17440,0.17868,0.17572,0.17374,0.02738,0.02672,0.02804,0.03133,0.02903,-54.81361,-2706.00000
0.19348,0.19545,0.19085,0.18920,0.19085,0.17901,0.17934,0.17506,0.17999,0.17506,0.02640,0.02903,0.02936,0.02804,0.03067,-54.81361,-2705.00000
0.19085,0.19216,0.18723,0.18953,0.19414,0.17572,0.17670,0.18131,0.17276,0.17210,0.02837,0.02442,0.03199,0.02804,0.03133,-54.62605,-2704.00000
0.19216,0.19315,0.19052,0.19414,0.19512,0.18131,0.17342,0.17934,0.17605,0.17736,0.02738,0.02804,0.02903,0.02640,0.02804,-54.62605,-2703.00000
0.19216,0.19183,0.19282,0.19183,0.19775,0.17703,0.17670,0.17473,0.17769,0.17506,0.03001,0.02672,0.02837,0.03001,0.02311,-54.62015,-2702.00000
0.18789,0.19348,0.19611,0.19118,0.19315,0.18098,0.17539,0.17769,0.17934,0.17966,0.03001,0.02837,0.02705,0.02903,0.02870,-54.62015,-2701.00000
0.19282,0.19414,0.19578,0.20006,0.19183,0.17407,0.17605,0.17210,0.17243,0.17670,0.02936,0.02837,0.02640,0.03100,0.02574,-55.19338,-2700.00000
0.18953,0.19414,0.18854,0.19611,0.19216,0.17572,0.17802,0.17572,0.17703,0.17440,0.02870,0.02442,0.02968,0.02968,0.02968,-55.19338,-2699.00000
0.19282,0.19315,0.19183,0.20170,0.19216,0.17506,0.17473,0.17868,0.17440,0.17703,0.02936,0.03034,0.02574,0.02738,0.02771,-55.52393,-2698.00000
0.19249,0.19019,0.19085,0.19381,0.19150,0.17703,0.17966,0.17605,0.17802,0.17670,0.02607,0.03100,0.02607,0.02409,0.02442,-55.52393,-2697.00000
0.19282,0.19249,0.18591,0.19249,0.18920,0.17901,0.17638,0.17407,0.17966,0.17506,0.03297,0.03001,0.02804,0.02870,0.02870,-55.28638,-2696.00000
0.18789,0.18920,0.19118,0.19118,0.19085,0.17934,0.17802,0.17605,0.18098,0.17605,0.02903,0.02870,0.02804,0.02837,0.02837,-55.28638,-2695.00000
0.19118,0.19677,0.18558,0.19118,0.19150,0.17802,0.17407,0.17309,0.17407,0.17078,0.02771,0.02804,0.02574,0.03100,0.02804,-55.20911,-2694.00000
0.18986,0.19216,0.19414,0.19249,0.19446,0.17506,0.17703,0.17769,0.17374,0.17670,0.02936,0.02409,0.02968,0.02672,0.02837,-55.20911,-2693.00000
0.19282,0.18887,0.19150,0.19315,0.19019,0.17835,0.18032,0.17638,0.17374,0.17506,0.02409,0.02837,0.03166,0.03034,0.02574,-55.08258,-2692.00000
0.19348,0.18887,0.19414,0.19710,0.19611,0.17802,0.17835,0.17835,0.17440,0.17703,0.03067,0.02541,0.02738,0.02870,0.02771,-55.08258,-2691.00000
0.19644,0.19249,0.19118,0.19249,0.19874,0.17835,0.17736,0.17078,0.17374,0.17868,0.02804,0.02870,0.02804,0.02837,0.02936,-54.45535,-2690.00000
0.19183,0.19940,0.19512,0.19282,0.18986,0.17638,0.17374,0.17572,0.17572,0.17901,0.02640,0.02804,0.02936,0.03133,0.02541,-54.45535,-2689.00000
0.19414,0.19216,0.18394,0.19282,0.19085,0.17901,0.17374,0.17374,0.17703,0.17473,0.02738,0.02968,0.02870,0.03034,0.02738,-54.92299,-2688.00000
0.19183,0.19052,0.19348,0.18953,0.18723,0.17670,0.17440,0.17374,0.17868,0.17670,0.02771,0.03166,0.02607,0.02903,0.03100,-54.92299,-2687.00000
0.19282,0.18822,0.19381,0.19841,0.19150,0.17769,0.17802,0.17638,0.17835,0.17276,0.03232,0.02541,0.02672,0.02640,0.02574,-55.37653,-2686.00000
0.18887,0.19183,0.18427,0.19282,0.19381,0.17638,0.17177,0.17736,0.17868,0.17769,0.02508,0.02804,0.02574,0.02640,0.02903,-55.37653,-2685.00000
0.19446,0.18854,0.19282,0.18723,0.19973,0.17934,0.17638,0.17572,0.18065,0.17407,0.02870,0.03067,0.02574,0.02903,0.02574,-55.14920,-2684.00000
0.19348,0.18690,0.19085,0.19150,0.19348,0.17473,0.17835,0.17769,0.17769,0.17802,0.02804,0.02804,0.02738,0.02574,0.02903,-55.14920,-2683.00000
0.19315,0.19052,0.18756,0.19019,0.19808,0.18032,0.17736,0.17243,0.17638,0.17473,0.02640,0.02870,0.02672,0.03100,0.02771,-54.57411,-2682.00000
0.19183,0.19085,0.19052,0.19216,0.19446,0.17802,0.18230,0.17309,0.17276,0.17506,0.03133,0.02771,0.02607,0.02870,0.02903,-54.57411,-2681.00000
0.19512,0.19315,0.19150,0.19249,0.19644,0.17934,0.17638,0.17539,0.17703,0.17835,0.02574,0.03133,0.02672,0.03001,0.02903,-55.70014,-2680.00000
0.19381,0.18920,0.19249,0.19381,0.18854,0.18164,0.17638,0.17605,0.17572,0.17407,0.02672,0.02705,0.02738,0.02738,0.02837,-55.70014,-2679.00000
0.18756,0.19841,0.18657,0.19644,0.19282,0.17638,0.17868,0.17966,0.17703,0.17605,0.02804,0.03133,0.02870,0.02870,0.02804,-55.52829,-2678.00000
0.19052,0.19611,0.19381,0.19019,0.19348,0.17473,0.17901,0.17802,0.17868,0.17769,0.02442,0.03133,0.02870,0.02968,0.03001,-55.52829,-2677.00000
0.19150,0.19019,0.19545,0.18986,0.19414,0.17539,0.17769,0.17309,0.17802,0.17868,0.03034,0.02837,0.02837,0.02771,0.03100,-55.61083,-2676.00000
0.19479,0.19118,0.19479,0.19150,0.19118,0.17506,0.17473,0.17670,0.17572,0.17736,0.02903,0.02903,0.02870,0.02771,0.02870,-55.61083,-2675.00000
0.19677,0.19512,0.18789,0.18920,0.19644,0.17769,0.17868,0.17769,0.17901,0.17243,0.02804,0.02771,0.02344,0.03001,0.02607,-54.77807,-2674.00000
0.19282,0.18986,0.19249,0.19578,0.19118,0.17670,0.17276,0.17572,0.17901,0.17638,0.02672,0.02968,0.02903,0.03330,0.02804,-54.77807,-2673.00000
0.19841,0.19052,0.19052,0.19446,0.18657,0.17703,0.17572,0.18131,0.17703,0.17572,0.02442,0.02870,0.02870,0.02705,0.02936,-54.94275,-2672.00000
0.18854,0.18822,0.18953,0.19644,0.19019,0.18032,0.17473,0.17638,0.17342,0.17374,0.02475,0.02705,0.02541,0.02804,0.02903,-54.94275,-2671.00000
0.19479,0.19282,0.18723,0.19446,0.19348,0.17506,0.17769,0.18262,0.17999,0.17868,0.02968,0.02837,0.02705,0.02903,0.02936,-54.73700,-2670.00000
0.19512,0.18887,0.19578,0.18920,0.19052,0.17901,0.17802,0.17506,0.17999,0.17769,0.02903,0.02771,0.02672,0.02968,0.02936,-54.73700,-2669.00000
0.19052,0.19315,0.18854,0.19578,0.19019,0.17605,0.17440,0.17966,0.18032,0.17638,0.02640,0.02771,0.02771,0.02640,0.02672,-54.50229,-2668.00000
0.19348,0.19479,0.18887,0.19085,0.18986,0.17440,0.17769,0.17342,0.17539,0.17144,0.02475,0.02574,0.02837,0.02903,0.02738,-54.50229,-2667.00000
0.19644,0.19677,0.19183,0.19315,0.19808,0.18197,0.17703,0.18065,0.17309,0.18032,0.03166,0.02837,0.02870,0.02705,0.02442,-54.81462,-2666.00000
0.19677,0.19216,0.18854,0.18427,0.20038,0.17506,0.18065,0.17539,0.17802,0.17901,0.02837,0.03166,0.02903,0.02541,0.02804,-54.81462,-2665.00000
0.19414,0.19216,0.19381,0.19644,0.19216,0.17374,0.17966,0.17572,0.17670,0.17703,0.02640,0.02804,0.02804,0.02738,0.02771,-54.51424,-2664.00000
0.19052,0.19282,0.19677,0.19545,0.19315,0.17605,0.17243,0.17309,0.17769,0.18230,0.02672,0.02311,0.02936,0.03166,0.02541,-54.51424,-2663.00000
0.19118,0.19249,0.19216,0.19710,0.19052,0.17473,0.17802,0.17440,0.17638,0.17605,0.02837,0.02640,0.03133,0.02968,0.03330,-54.83525,-2662.00000
0.19216,0.19414,0.19742,0.18953,0.19808,0.17934,0.17868,0.17966,0.17210,0.17407,0.03001,0.02968,0.02409,0.02508,0.02672,-54.83525,-2661.00000
0.19348,0.19150,0.19085,0.18986,0.19710,0.17901,0.17506,0.18164,0.18032,0.17407,0.03067,0.02771,0.03067,0.03001,0.03001,-55.00307,-2660.00000
0.19874,0.19085,0.19677,0.19183,0.19414,0.17736,0.17638,0.17703,0.17901,0.17539,0.02804,0.02968,0.02771,0.02672,0.02771,-55.00307,-2659.00000
0.19249,0.19216,0.19479,0.18789,0.19578,0.17769,0.17374,0.17769,0.17670,0.17736,0.02804,0.02903,0.02968,0.02475,0.02870,-55.33601,-2658.00000
0.19216,0.19381,0.18756,0.19348,0.19446,0.17835,0.18032,0.18197,0.17703,0.17506,0.02672,0.02672,0.02409,0.02968,0.02574,-55.33601,-2657.00000
0.19414,0.19808,0.19183,0.19315,0.19052,0.18098,0.17638,0.17835,0.18098,0.17670,0.02837,0.02541,0.02936,0.02672,0.02870,-56.38382,-2656.00000
0.19512,0.19348,0.19216,0.19183,0.19381,0.17210,0.17999,0.18394,0.17407,0.17638,0.02804,0.03001,0.03133,0.02837,0.02574,-56.38382,-2655.00000
0.19775,0.18756,0.19414,0.18953,0.19249,0.17966,0.17966,0.18262,0.17736,0.17638,0.02804,0.02672,0.02640,0.02804,0.02968,-56.55617,-2654.00000
0.19644,0.18986,0.19710,0.19775,0.19315,0.18098,0.17802,0.17901,0.17539,0.17506,0.02738,0.02672,0.02837,0.03067,0.02936,-56.55617,-2653.00000
0.19216,0.19216,0.19414,0.19019,0.19052,0.17407,0.17802,0.17473,0.17835,0.17835,0.02705,0.02541,0.02344,0.02870,0.03001,-56.19068,-2652.00000
0.19216,0.19512,0.19216,0.19545,0.19052,0.18065,0.17901,0.17769,0.17934,0.17078,0.02344,0.02508,0.02771,0.02672,0.02870,-56.19068,-2651.00000
0.19019,0.19348,0.19150,0.18920,0.18854,0.17407,0.17703,0.17736,0.17276,0.17638,0.03166,0.02804,0.02705,0.02968,0.03001,-56.16907,-2650.00000
0.19118,0.19118,0.19183,0.19512,0.19216,0.17802,0.17309,0.17638,0.17342,0.17769,0.02903,0.02870,0.03001,0.02738,0.02475,-56.16907,-2649.00000
0.19183,0.19282,0.18986,0.19578,0.19479,0.17539,0.17703,0.17736,0.18131,0.17736,0.02968,0.02574,0.02903,0.02672,0.02738,-55.36969,-2648.00000
0.18986,0.19381,0.19381,0.18789,0.19216,0.17868,0.17638,0.17802,0.18131,0.17539,0.02870,0.02870,0.02738,0.02771,0.02936,-55.36969,-2647.00000
0.19381,0.19019,0.19414,0.19742,0.18854,0.17407,0.18032,0.17868,0.17934,0.17605,0.02804,0.02640,0.02640,0.02541,0.03100,-55.32645,-2646.00000
0.19545,0.19282,0.19775,0.19348,0.19150,0.17934,0.17506,0.18262,0.17769,0.17703,0.02705,0.02738,0.02771,0.02672,0.02936,-55.32645,-2645.00000
0.19183,0.19841,0.19282,0.19775,0.19381,0.17835,0.17966,0.17703,0.17407,0.17374,0.02870,0.02541,0.01949,0.02870,0.02968,-55.31215,-2644.00000
0.18953,0.19578,0.18986,0.19710,0.18822,0.17440,0.17407,0.17736,0.17670,0.17374,0.02738,0.02574,0.02771,0.02870,0.02903,-55.31215,-2643.00000
0.19085,0.19249,0.19381,0.19677,0.19381,0.17572,0.17703,0.17703,0.18328,0.17670,0.03001,0.02870,0.02771,0.02870,0.02968,-55.22932,-2642.00000
0.19446,0.18854,0.19578,0.18887,0.19545,0.18032,0.18098,0.17572,0.17868,0.17769,0.02738,0.02475,0.03363,0.03232,0.03034,-55.22932,-2641.00000
0.18690,0.19381,0.18854,0.19578,0.18526,0.17572,0.18065,0.17868,0.17868,0.17670,0.02607,0.02771,0.02640,0.02640,0.02771,-54.79972,-2640.00000
0.19216,0.19578,0.19808,0.19282,0.19414,0.17835,0.17374,0.17638,0.17703,0.17539,0.02870,0.02738,0.02738,0.02903,0.02804,-54.79972,-2639.00000
0.19611,0.19282,0.19611,0.19973,0.19381,0.17605,0.17934,0.17802,0.17769,0.17243,0.03100,0.02771,0.02936,0.02705,0.02771,-54.40425,-2638.00000
0.18920,0.19446,0.18723,0.19249,0.19512,0.18164,0.17638,0.17769,0.17539,0.17934,0.02771,0.03166,0.02475,0.02738,0.02705,-54.40425,-2637.00000
0.19479,0.19282,0.19216,0.19479,0.19973,0.17440,0.17670,0.17670,0.17605,0.17670,0.02672,0.02541,0.02936,0.02672,0.02771,-54.13328,-2636.00000
0.19052,0.19216,0.19907,0.19348,0.19677,0.18295,0.17605,0.17539,0.18493,0.17999,0.02870,0.02870,0.02705,0.03067,0.02903,-54.13328,-2635.00000
0.19775,0.19315,0.19907,0.18854,0.19775,0.17835,0.17703,0.17802,0.17769,0.18262,0.03001,0.02705,0.02607,0.02837,0.03001,-54.27367,-2634.00000
0.19545,0.19150,0.18887,0.19841,0.19446,0.18032,0.17638,0.17835,0.17572,0.17802,0.03001,0.02936,0.02672,0.02640,0.02804,-54.27367,-2633.00000
0.18854,0.19611,0.19150,0.19282,0.19183,0.17605,0.17934,0.17638,0.17966,0.17539,0.02705,0.02607,0.02771,0.02738,0.02837,-54.36096,-2632.00000
0.19315,0.19775,0.19512,0.19348,0.19282,0.17736,0.17769,0.17736,0.17342,0.17999,0.02968,0.02705,0.02968,0.02738,0.03034,-54.36096,-2631.00000
0.18920,0.19381,0.18887,0.18986,0.19348,0.17539,0.17802,0.17835,0.17769,0.17670,0.02672,0.03232,0.02936,0.03001,0.02804,-54.66583,-2630.00000
0.19216,0.19677,0.19446,0.19414,0.19512,0.17736,0.17966,0.17309,0.17374,0.17638,0.02738,0.02968,0.03232,0.03034,0.02936,-54.66583,-2629.00000
0.19381,0.19381,0.18953,0.19381,0.18723,0.17901,0.17934,0.17802,0.17605,0.17276,0.02936,0.03001,0.02936,0.02475,0.02738,-54.81583,-2628.00000
0.19315,0.19940,0.19150,0.19545,0.19118,0.17835,0.17769,0.17835,0.18164,0.17407,0.02837,0.03067,0.02771,0.02771,0.02903,-54.81583,-2627.00000
0.19019,0.19907,0.18558,0.19085,0.19381,0.17374,0.17638,0.17703,0.17934,0.17342,0.02738,0.02936,0.02574,0.02903,0.02771,-55.19112,-2626.00000
0.19742,0.18493,0.19216,0.19282,0.19118,0.17276,0.17506,0.17605,0.17999,0.17901,0.02607,0.02903,0.02936,0.02705,0.02936,-55.19112,-2625.00000
0.18690,0.19019,0.19315,0.18822,0.19381,0.17999,0.17868,0.17670,0.17374,0.17736,0.02442,0.02870,0.02574,0.02541,0.02870,-55.49107,-2624.00000
0.19249,0.19545,0.19150,0.19348,0.19710,0.17802,0.17539,0.17670,0.17276,0.17703,0.03100,0.02903,0.03133,0.02738,0.02903,-55.49107,-2623.00000
0.18822,0.18558,0.18986,0.19118,0.19282,0.17934,0.17703,0.17539,0.17440,0.17539,0.02936,0.03001,0.02640,0.02442,0.02640,-53.91497,-2622.00000
0.19183,0.19216,0.19183,0.19512,0.19249,0.16782,0.17802,0.17835,0.17506,0.17999,0.02672,0.03034,0.03232,0.02870,0.02541,-53.91497,-2621.00000
0.19118,0.19019,0.19348,0.19052,0.19545,0.17966,0.17572,0.17342,0.17999,0.17703,0.02936,0.02903,0.03199,0.02870,0.02640,-52.59713,-2620.00000
0.19019,0.19775,0.19052,0.19578,0.19118,0.17243,0.17670,0.17374,0.18098,0.17703,0.02968,0.02837,0.02738,0.03166,0.02870,-52.59713,-2619.00000
0.19282,0.18789,0.19611,0.19841,0.19414,0.17736,0.17638,0.17572,0.17473,0.17769,0.03100,0.02968,0.02738,0.02903,0.02936,-50.85179,-2618.00000
0.19183,0.19315,0.19249,0.19118,0.18822,0.18032,0.17868,0.17769,0.17966,0.17769,0.02475,0.02771,0.02672,0.02870,0.02607,-50.85179,-2617.00000
0.19348,0.19940,0.19611,0.19249,0.19710,0.17638,0.17539,0.17835,0.17539,0.17999,0.02640,0.02837,0.02936,0.02968,0.02771,-51.26818,-2616.00000
0.19775,0.19644,0.19381,0.19611,0.19183,0.17835,0.17868,0.17572,0.17736,0.17473,0.02508,0.02771,0.02771,0.02640,0.02541,-51.26818,-2615.00000
0.18822,0.19216,0.19052,0.18986,0.19118,0.17374,0.17539,0.17802,0.17966,0.17868,0.02640,0.02541,0.02376,0.02804,0.02442,-52.03790,-2614.00000
0.19611,0.19118,0.18920,0.19118,0.18624,0.17999,0.18032,0.17276,0.17013,0.17769,0.02837,0.02738,0.02672,0.03133,0.02936,-52.03790,-2613.00000
0.19775,0.19052,0.19019,0.19874,0.19118,0.17999,0.17769,0.18032,0.17243,0.17868,0.03166,0.02475,0.03232,0.02804,0.02705,-53.31143,-2612.00000
0.19578,0.19249,0.19742,0.18789,0.19578,0.17868,0.18427,0.17407,0.17835,0.17999,0.02837,0.02936,0.02541,0.02837,0.02870,-53.31143,-2611.00000
0.19381,0.19150,0.19545,0.19085,0.19512,0.17374,0.17802,0.17440,0.17703,0.17934,0.02936,0.03034,0.03001,0.02574,0.02705,-53.66255,-2610.00000
0.19150,0.19216,0.18789,0.18986,0.19315,0.17769,0.17670,0.17506,0.17736,0.17934,0.03100,0.02771,0.02475,0.02574,0.02804,-53.66255,-2609.00000
0.19085,0.19381,0.18723,0.19578,0.18657,0.17835,0.18098,0.17835,0.17901,0.17572,0.02607,0.02968,0.02837,0.02804,0.02574,-54.35325,-2608.00000
0.19216,0.18953,0.19512,0.19052,0.19282,0.17440,0.17144,0.18032,0.17802,0.17605,0.02245,0.02541,0.02607,0.02936,0.02903,-54.35325,-2607.00000
0.19019,0.19019,0.19710,0.18854,0.19052,0.17342,0.17703,0.17868,0.17835,0.17670,0.02738,0.02936,0.03034,0.02278,0.02968,-53.93932,-2606.00000
0.19348,0.19446,0.18723,0.19381,0.18920,0.17374,0.17572,0.17835,0.17374,0.17407,0.02738,0.02870,0.02870,0.02442,0.02607,-53.93932,-2605.00000
0.19742,0.18657,0.19677,0.19282,0.19677,0.17309,0.16881,0.17539,0.17374,0.17769,0.03034,0.02672,0.02738,0.02837,0.03133,-54.00091,-2604.00000
0.19348,0.19710,0.18723,0.19282,0.19644,0.17736,0.17539,0.17539,0.17572,0.17703,0.02936,0.02705,0.02607,0.02968,0.02837,-54.00091,-2603.00000
0.18920,0.19381,0.19183,0.19710,0.18591,0.17638,0.17440,0.17309,0.17802,0.17506,0.02837,0.02738,0.02771,0.02936,0.02804,-54.57126,-2602.00000
0.19578,0.18295,0.19742,0.19808,0.18624,0.17736,0.17407,0.17144,0.17999,0.17572,0.02837,0.02508,0.02804,0.02870,0.02936,-54.57126,-2601.00000
0.19381,0.18854,0.19841,0.18690,0.19874,0.17736,0.17407,0.17572,0.17638,0.17638,0.02936,0.02837,0.02738,0.02311,0.02804,-54.85643,-2600.00000
0.18986,0.19315,0.19052,0.19118,0.19446,0.17078,0.17868,0.17769,0.17802,0.17539,0.02508,0.02311,0.02574,0.03001,0.02672,-54.85643,-2599.00000
0.19611,0.19150,0.19249,0.19183,0.18953,0.17670,0.17605,0.17999,0.17999,0.17901,0.02936,0.02672,0.02771,0.02705,0.02541,-54.88671,-2598.00000
0.19282,0.18756,0.19282,0.19315,0.18854,0.17670,0.17769,0.17309,0.17473,0.17703,0.02574,0.03232,0.02541,0.03133,0.02903,-54.88671,-2597.00000
0.19216,0.18558,0.18986,0.19118,0.19775,0.17539,0.17670,0.17342,0.17572,0.17605,0.02442,0.02771,0.02541,0.02574,0.02771,-55.33642,-2596.00000
0.18493,0.18986,0.19414,0.19085,0.19348,0.17670,0.17901,0.18098,0.17506,0.17572,0.02738,0.02968,0.03265,0.02541,0.02640,-55.33642,-2595.00000
0.18887,0.18887,0.19414,0.19052,0.19479,0.17703,0.17605,0.17999,0.17374,0.18032,0.02936,0.02640,0.02640,0.03034,0.03001,-55.44409,-2594.00000
0.19052,0.19282,0.19085,0.19381,0.19183,0.17703,0.17473,0.17144,0.17276,0.17901,0.02705,0.02804,0.02771,0.02771,0.03001,-55.44409,-2593.00000
0.19282,0.19315,0.19446,0.18624,0.19282,0.17868,0.17440,0.16947,0.17736,0.17539,0.02705,0.02640,0.02508,0.02804,0.02508,-55.65906,-2592.00000
0.19446,0.18789,0.19348,0.19611,0.18756,0.17736,0.17934,0.17802,0.17473,0.17638,0.02870,0.02541,0.03001,0.02508,0.02870,-55.65906,-2591.00000
0.19282,0.18986,0.19118,0.19315,0.19150,0.17342,0.17703,0.17802,0.17703,0.17506,0.02640,0.02968,0.02409,0.02903,0.02508,-56.09369,-2590.00000
0.18920,0.19282,0.18953,0.19512,0.18953,0.17111,0.16980,0.18065,0.17342,0.17013,0.02837,0.02936,0.02936,0.02771,0.02508,-56.09369,-2589.00000
0.18624,0.19315,0.19150,0.18624,0.19052,0.17407,0.17703,0.17736,0.17638,0.17572,0.02771,0.02903,0.02705,0.02738,0.02870,-56.30856,-2588.00000
0.19414,0.18953,0.19118,0.19019,0.18624,0.17539,0.17473,0.17703,0.17769,0.17670,0.02574,0.02541,0.02508,0.03034,0.02771,-56.30856,-2587.00000
0.19118,0.19348,0.19249,0.19381,0.19282,0.17473,0.17868,0.17835,0.17835,0.17243,0.02475,0.03034,0.02837,0.03034,0.02968,-55.76659,-2586.00000
0.19249,0.19414,0.18920,0.19710,0.19315,0.17868,0.18065,0.17966,0.18032,0.17539,0.02475,0.02771,0.02212,0.02738,0.02936,-55.76659,-2585.00000
0.18723,0.18756,0.19545,0.19019,0.19446,0.17539,0.17769,0.17901,0.17572,0.17638,0.02804,0.02968,0.02705,0.02574,0.02771,-55.25634,-2584.00000
0.19249,0.19019,0.19611,0.19545,0.18920,0.17473,0.17572,0.17309,0.17868,0.17572,0.02672,0.02804,0.02672,0.02640,0.02705,-55.25634,-2583.00000
0.19381,0.19512,0.19118,0.18854,0.18986,0.17835,0.17638,0.17999,0.17901,0.17276,0.02837,0.02640,0.02936,0.02870,0.02640,-54.07837,-2582.00000
0.19249,0.19183,0.18789,0.19841,0.18920,0.17374,0.17670,0.17605,0.17670,0.17670,0.02475,0.02738,0.02672,0.03001,0.02804,-54.07837,-2581.00000
0.19446,0.19282,0.19611,0.19118,0.19183,0.17045,0.17506,0.17638,0.17769,0.17638,0.02508,0.02837,0.02607,0.02903,0.02968,-54.44153,-2580.00000
0.19249,0.19249,0.19052,0.19216,0.18756,0.17802,0.17342,0.17769,0.17539,0.17638,0.02936,0.02936,0.02705,0.02541,0.02607,-54.44153,-2579.00000
0.19019,0.18756,0.19249,0.19085,0.19085,0.17670,0.17243,0.17835,0.17703,0.17703,0.02804,0.02508,0.02705,0.02903,0.03034,-55.64361,-2578.00000
0.19677,0.19019,0.19118,0.19578,0.18526,0.18131,0.17539,0.17473,0.17736,0.17638,0.02607,0.02837,0.02705,0.03034,0.02640,-55.64361,-2577.00000
0.19183,0.19249,0.19414,0.19118,0.19611,0.17736,0.17966,0.17901,0.17835,0.17506,0.02804,0.03034,0.02903,0.02870,0.02936,-55.45608,-2576.00000
0.19216,0.19315,0.19381,0.19019,0.18986,0.17769,0.17835,0.17407,0.17769,0.17506,0.02442,0.02804,0.03001,0.02640,0.02771,-55.45608,-2575.00000
0.19019,0.19479,0.18986,0.18887,0.19677,0.18394,0.17342,0.17407,0.17934,0.17342,0.02376,0.02804,0.02574,0.02903,0.02508,-55.19386,-2574.00000
0.19315,0.19315,0.18986,0.18822,0.19019,0.18262,0.17934,0.17605,0.17703,0.17506,0.02574,0.02936,0.02640,0.02705,0.02771,-55.19386,-2573.00000
0.19183,0.19512,0.19446,0.19118,0.19348,0.17539,0.17374,0.17868,0.17802,0.18065,0.02804,0.03034,0.02804,0.02771,0.03232,-55.56568,-2572.00000
0.19578,0.18920,0.19052,0.18789,0.19282,0.17703,0.17999,0.17506,0.17572,0.17670,0.02607,0.02574,0.02640,0.02705,0.02311,-55.56568,-2571.00000
0.19611,0.18723,0.19183,0.19052,0.19348,0.17703,0.17276,0.17506,0.17539,0.17342,0.02705,0.02936,0.03034,0.03034,0.02541,-55.71741,-2570.00000
0.19282,0.18953,0.19446,0.19150,0.18920,0.17013,0.17309,0.17342,0.17802,0.17473,0.02278,0.02968,0.02837,0.03001,0.02640,-55.71741,-2569.00000
0.18723,0.19644,0.19446,0.19512,0.18657,0.17999,0.17210,0.17342,0.18032,0.17868,0.02442,0.02672,0.02705,0.02804,0.02541,-56.12531,-2568.00000
0.19150,0.19545,0.19019,0.18723,0.19118,0.18131,0.17605,0.17934,0.17407,0.17506,0.02574,0.02508,0.02837,0.02705,0.02672,-56.12531,-2567.00000
0.19644,0.18920,0.18986,0.18789,0.18723,0.17144,0.17802,0.17539,0.17670,0.17999,0.02837,0.02541,0.02936,0.02475,0.02968,-55.91177,-2566.00000
0.18427,0.18854,0.18657,0.19348,0.18854,0.17703,0.17243,0.17703,0.17802,0.17243,0.02968,0.02574,0.02508,0.02607,0.02936,-55.91177,-2565.00000
0.19183,0.19282,0.19118,0.18854,0.19512,0.17342,0.17769,0.17901,0.17572,0.17638,0.02837,0.02640,0.02870,0.02738,0.02475,-55.43391,-2564.00000
0.19512,0.18920,0.19710,0.18854,0.18526,0.17835,0.17177,0.17506,0.17638,0.17473,0.02508,0.02705,0.02968,0.02837,0.02968,-55.43391,-2563.00000
0.19118,0.19479,0.19052,0.19216,0.18756,0.17934,0.17638,0.17243,0.17966,0.18262,0.02738,0.02936,0.02804,0.02508,0.02738,-54.79215,-2562.00000
0.18197,0.19348,0.18756,0.19414,0.19578,0.17868,0.17703,0.17835,0.18262,0.17506,0.02804,0.02607,0.02672,0.02574,0.02771,-54.79215,-2561.00000
0.19019,0.18854,0.19479,0.18887,0.19216,0.18098,0.17539,0.17736,0.17769,0.17539,0.02344,0.02442,0.02738,0.02607,0.02376,-54.89852,-2560.00000
0.19019,0.18756,0.19019,0.19019,0.19216,0.17440,0.17868,0.17309,0.17473,0.17966,0.02705,0.02640,0.02541,0.02640,0.02409,-54.89852,-2559.00000
0.19282,0.19150,0.18887,0.18887,0.19282,0.17572,0.17934,0.17407,0.17572,0.17736,0.02640,0.02968,0.02475,0.02804,0.02771,-54.96879,-2558.00000
0.19183,0.18854,0.19446,0.19052,0.18657,0.17506,0.17276,0.17638,0.17802,0.17309,0.02705,0.02311,0.02508,0.03001,0.02771,-54.96879,-2557.00000
0.19611,0.19249,0.18657,0.19118,0.18690,0.17506,0.17736,0.17572,0.17407,0.17407,0.02903,0.02903,0.02672,0.02508,0.02311,-54.52297,-2556.00000
0.18920,0.19085,0.19085,0.18690,0.19677,0.17473,0.17276,0.17736,0.17407,0.17901,0.02672,0.02574,0.03100,0.02705,0.02738,-54.52297,-2555.00000
0.18854,0.19183,0.18920,0.19348,0.18887,0.17177,0.17670,0.17966,0.17835,0.17638,0.02640,0.02672,0.02705,0.02837,0.02771,-53.93629,-2554.00000
0.18920,0.19348,0.19085,0.18986,0.18920,0.17572,0.18065,0.17703,0.17440,0.17177,0.02508,0.03034,0.02607,0.02804,0.02968,-53.93629,-2553.00000
0.19150,0.18953,0.19512,0.19282,0.18394,0.17210,0.17638,0.17769,0.17901,0.17045,0.02508,0.02640,0.03133,0.02640,0.02607,-54.22156,-2552.00000
0.18953,0.19545,0.19348,0.18854,0.19085,0.17013,0.17309,0.17769,0.17309,0.17342,0.02738,0.02771,0.02672,0.02936,0.02640,-54.22156,-2551.00000
0.18328,0.19282,0.19479,0.19150,0.18887,0.17605,0.17901,0.17868,0.17309,0.17769,0.02705,0.02409,0.02640,0.02771,0.02278,-53.81488,-2550.00000
0.18394,0.19381,0.18822,0.18986,0.19348,0.17966,0.17736,0.17572,0.17572,0.16947,0.02574,0.02508,0.02738,0.02541,0.02870,-53.81488,-2549.00000
0.18723,0.19315,0.18756,0.19183,0.19085,0.17276,0.17670,0.17572,0.17243,0.17769,0.02672,0.02771,0.02344,0.02804,0.02672,-54.07053,-2548.00000
0.18756,0.19381,0.19052,0.18887,0.18854,0.17605,0.17769,0.17769,0.17572,0.17868,0.02771,0.02640,0.02738,0.02903,0.02705,-54.07053,-2547.00000
0.18789,0.19183,0.19348,0.18558,0.19150,0.18262,0.17374,0.18032,0.17572,0.17769,0.02771,0.02409,0.03067,0.02738,0.02541,-54.05187,-2546.00000
0.18920,0.19216,0.19348,0.19874,0.18657,0.17572,0.17440,0.17670,0.17966,0.17638,0.02771,0.02837,0.02936,0.02672,0.02541,-54.05187,-2545.00000
0.19446,0.19414,0.18854,0.18854,0.19381,0.17539,0.17736,0.17835,0.17868,0.17605,0.02442,0.02705,0.02376,0.02705,0.02607,-54.72857,-2544.00000
0.18789,0.19414,0.19052,0.19479,0.19282,0.17934,0.17440,0.17835,0.17736,0.17177,0.02738,0.02508,0.02738,0.02442,0.02672,-54.72857,-2543.00000
0.19545,0.18591,0.19216,0.19183,0.19348,0.18262,0.18164,0.17638,0.17638,0.17999,0.02640,0.02771,0.02344,0.03067,0.02508,-55.13040,-2542.00000
0.18756,0.19348,0.19150,0.18887,0.18986,0.17966,0.17144,0.17736,0.17539,0.17802,0.02837,0.02475,0.02738,0.02607,0.02640,-55.13040,-2541.00000
0.19249,0.19118,0.19446,0.19742,0.18887,0.17769,0.17736,0.17638,0.17769,0.17703,0.03232,0.02705,0.02475,0.02968,0.02968,-55.10182,-2540.00000
0.19677,0.18756,0.19644,0.18558,0.19315,0.17638,0.17342,0.17703,0.17736,0.17342,0.02870,0.02771,0.02344,0.02870,0.02574,-55.10182,-2539.00000
0.19512,0.19414,0.18986,0.18822,0.19118,0.17670,0.17703,0.17572,0.17440,0.17703,0.02245,0.02672,0.02541,0.02640,0.02903,-55.37806,-2538.00000
0.19446,0.18822,0.18690,0.19545,0.18591,0.16848,0.17572,0.17473,0.17966,0.17736,0.02738,0.02508,0.02672,0.02936,0.02541,-55.37806,-2537.00000
0.19677,0.19216,0.19183,0.19216,0.18789,0.17638,0.17835,0.17078,0.17638,0.17703,0.02640,0.02903,0.02607,0.02804,0.02376,-56.15827,-2536.00000
0.19085,0.18854,0.19052,0.18493,0.19446,0.17670,0.17473,0.17539,0.17638,0.17539,0.03067,0.02574,0.02738,0.02903,0.02278,-56.15827,-2535.00000
0.18887,0.19381,0.19381,0.19085,0.18756,0.17802,0.17572,0.17309,0.17342,0.17407,0.02672,0.02607,0.02672,0.02804,0.02738,-56.46536,-2534.00000
0.18756,0.19414,0.18789,0.19249,0.18756,0.17703,0.17473,0.18361,0.17572,0.17670,0.02936,0.02804,0.02771,0.02936,0.02837,-56.46536,-2533.00000
0.19315,0.18887,0.19446,0.19381,0.19085,0.17374,0.17802,0.17506,0.17999,0.17868,0.02771,0.02541,0.02837,0.02672,0.03067,-55.76442,-2532.00000
0.18756,0.18986,0.19742,0.18624,0.19414,0.17506,0.17506,0.18131,0.17670,0.17342,0.02574,0.02870,0.03001,0.02607,0.02804,-55.76442,-2531.00000
0.19249,0.18953,0.19085,0.19512,0.18854,0.17638,0.17605,0.17572,0.17868,0.18032,0.02672,0.02705,0.02903,0.02903,0.02804,-55.11854,-2530.00000
0.19446,0.18822,0.18460,0.19085,0.18690,0.17539,0.17309,0.17506,0.17407,0.17966,0.02771,0.02607,0.02738,0.02672,0.02607,-55.11854,-2529.00000
0.18822,0.19348,0.18690,0.18986,0.18789,0.18098,0.17243,0.17078,0.17802,0.17835,0.02607,0.02804,0.02738,0.02771,0.02968,-55.51581,-2528.00000
0.19183,0.18920,0.19282,0.18953,0.19512,0.17835,0.17966,0.16980,0.17638,0.17440,0.02672,0.02968,0.02771,0.02705,0.02804,-55.51581,-2527.00000
0.19019,0.19381,0.18493,0.19414,0.18986,0.17407,0.17736,0.17670,0.17638,0.17342,0.02870,0.02771,0.02804,0.02672,0.02837,-54.28134,-2526.00000
0.18558,0.19578,0.19052,0.19085,0.18460,0.17243,0.17736,0.17703,0.17868,0.17736,0.02804,0.02475,0.02936,0.02344,0.02508,-54.28134,-2525.00000
0.19052,0.19545,0.19348,0.19183,0.19118,0.17966,0.17473,0.17835,0.17572,0.17374,0.02936,0.02804,0.02936,0.02705,0.02508,-54.62358,-2524.00000
0.19019,0.19019,0.19479,0.18822,0.19677,0.17506,0.17506,0.17670,0.17309,0.17605,0.02837,0.02442,0.02705,0.02376,0.02574,-54.62358,-2523.00000
0.19414,0.18953,0.19611,0.18394,0.18723,0.17802,0.17769,0.17473,0.17835,0.17342,0.02442,0.02475,0.02212,0.02344,0.02508,-54.87771,-2522.00000
0.19644,0.19249,0.18756,0.19315,0.19085,0.17605,0.17736,0.17802,0.18032,0.17638,0.02672,0.02672,0.02672,0.03034,0.02541,-54.87771,-2521.00000
0.19183,0.18920,0.19183,0.19216,0.19348,0.17736,0.17309,0.17506,0.17539,0.17769,0.02936,0.02705,0.02771,0.02640,0.02475,-54.32606,-2520.00000
0.18756,0.19545,0.19052,0.19085,0.18986,0.17309,0.17539,0.17407,0.17407,0.17736,0.02442,0.02607,0.02903,0.02804,0.02705,-54.32606,-2519.00000
0.19775,0.19545,0.19414,0.19019,0.19183,0.17966,0.17736,0.18131,0.17605,0.17703,0.02475,0.02804,0.02344,0.02640,0.02738,-54.95112,-2518.00000
0.19249,0.18953,0.19282,0.19183,0.19677,0.17769,0.18065,0.17670,0.17703,0.17703,0.02607,0.02640,0.02442,0.03199,0.02705,-54.95112,-2517.00000
0.18953,0.19282,0.18526,0.19085,0.19183,0.17473,0.17506,0.17440,0.17670,0.17506,0.03265,0.02376,0.03100,0.02705,0.02738,-54.79245,-2516.00000
0.19282,0.19249,0.19183,0.20071,0.18657,0.17506,0.17210,0.17473,0.17473,0.17177,0.02705,0.02672,0.02640,0.02672,0.02870,-54.79245,-2515.00000
0.18920,0.18887,0.18065,0.19446,0.19216,0.17703,0.17802,0.17045,0.17966,0.17769,0.02738,0.02607,0.02574,0.02936,0.02837,-54.41283,-2514.00000
0.19512,0.19282,0.19446,0.19052,0.18230,0.17835,0.17999,0.17572,0.17473,0.17736,0.02804,0.02475,0.02245,0.02344,0.02771,-54.41283,-2513.00000
0.18558,0.19611,0.18854,0.19710,0.19348,0.17670,0.17342,0.17802,0.17407,0.17769,0.02936,0.03001,0.03001,0.02738,0.03001,-54.61608,-2512.00000
0.18986,0.19249,0.19085,0.18920,0.19348,0.17473,0.17506,0.17703,0.17670,0.17440,0.02574,0.02903,0.02804,0.02607,0.02574,-54.61608,-2511.00000
0.18887,0.18953,0.20038,0.19183,0.19348,0.17539,0.17374,0.17407,0.17440,0.17374,0.02968,0.03166,0.02541,0.02574,0.02804,-54.78363,-2510.00000
0.19216,0.18887,0.19150,0.19150,0.19381,0.17473,0.17506,0.17605,0.17506,0.17703,0.02541,0.02672,0.02146,0.02442,0.02409,-54.78363,-2509.00000
0.18197,0.19348,0.18986,0.18887,0.19479,0.18131,0.17835,0.17638,0.17440,0.17177,0.02870,0.02672,0.02574,0.02804,0.02640,-54.82834,-2508.00000
0.19348,0.19578,0.19150,0.18986,0.19315,0.17243,0.17342,0.18098,0.17572,0.17638,0.02442,0.02278,0.02672,0.02936,0.02541,-54.82834,-2507.00000
0.19677,0.19282,0.19348,0.19150,0.19742,0.17407,0.17572,0.18032,0.17144,0.17572,0.02804,0.02607,0.02870,0.02640,0.02837,-55.41222,-2506.00000
0.19052,0.19052,0.18854,0.19150,0.18723,0.17966,0.17769,0.17177,0.17440,0.17342,0.02212,0.02804,0.02574,0.02179,0.02640,-55.41222,-2505.00000
0.18854,0.19249,0.18953,0.18591,0.19282,0.17078,0.17934,0.17374,0.17539,0.17539,0.02705,0.02640,0.02738,0.02409,0.02870,-55.67242,-2504.00000
0.19216,0.19578,0.19249,0.19183,0.19150,0.17769,0.17342,0.17703,0.17506,0.17736,0.03067,0.02409,0.02837,0.02903,0.02607,-55.67242,-2503.00000
0.19019,0.19545,0.18756,0.19216,0.19381,0.17539,0.17440,0.17440,0.18098,0.17276,0.02804,0.02837,0.02804,0.02672,0.02475,-55.50467,-2502.00000
0.18986,0.19085,0.19216,0.19249,0.18460,0.17868,0.17638,0.17769,0.17407,0.17703,0.03001,0.02376,0.02870,0.02508,0.03001,-55.50467,-2501.00000
0.18854,0.19446,0.19216,0.19052,0.18887,0.17769,0.17407,0.18197,0.17539,0.17736,0.02738,0.02376,0.02672,0.02574,0.02442,-55.38417,-2500.00000
0.19183,0.19315,0.18953,0.19315,0.19118,0.17769,0.17506,0.17638,0.17999,0.17473,0.02607,0.03034,0.02771,0.02672,0.02574,-55.38417,-2499.00000
0.19249,0.19183,0.19118,0.19479,0.19019,0.17473,0.17703,0.17670,0.17835,0.17703,0.02705,0.02607,0.02607,0.02804,0.02738,-55.57050,-2498.00000
0.19315,0.19216,0.19150,0.19644,0.19282,0.17013,0.17374,0.17572,0.17769,0.17868,0.02936,0.02870,0.02409,0.02705,0.02672,-55.57050,-2497.00000
0.19249,0.18690,0.19315,0.18887,0.18558,0.17572,0.17638,0.17243,0.17703,0.17703,0.02344,0.02672,0.02475,0.02574,0.02442,-55.81015,-2496.00000
0.19150,0.18394,0.19183,0.18789,0.19249,0.17243,0.17605,0.17802,0.17802,0.17539,0.02245,0.03001,0.02607,0.02870,0.02607,-55.81015,-2495.00000
0.19085,0.19249,0.19085,0.18822,0.19052,0.17144,0.17440,0.17868,0.18131,0.17703,0.02705,0.02870,0.02705,0.02640,0.02475,-55.81279,-2494.00000
0.19446,0.19742,0.18690,0.19348,0.18854,0.17736,0.18098,0.17374,0.17868,0.17802,0.02672,0.02541,0.02409,0.02804,0.03199,-55.81279,-2493.00000
0.18953,0.19545,0.19348,0.18526,0.19512,0.17572,0.17572,0.17703,0.17966,0.17868,0.02640,0.02607,0.02705,0.03034,0.02640,-55.33804,-2492.00000
0.19414,0.19348,0.18986,0.19052,0.18953,0.17440,0.17703,0.17473,0.17802,0.17407,0.02903,0.02574,0.02870,0.02508,0.02738,-55.33804,-2491.00000
0.19644,0.19216,0.19216,0.19118,0.19446,0.17605,0.17670,0.17177,0.17440,0.17736,0.02344,0.02376,0.02475,0.02508,0.02738,-55.12019,-2490.00000
0.18756,0.19216,0.19315,0.18854,0.19512,0.17901,0.17144,0.17999,0.17736,0.17769,0.02574,0.02607,0.02640,0.03001,0.02409,-55.12019,-2489.00000
0.19775,0.18756,0.19841,0.19085,0.19118,0.17736,0.17999,0.17407,0.17605,0.17572,0.02607,0.02574,0.02640,0.02508,0.02804,-54.10306,-2488.00000
0.19414,0.18822,0.18920,0.18723,0.19282,0.17342,0.17670,0.17769,0.17769,0.16980,0.02837,0.02738,0.02903,0.02738,0.02705,-54.10306,-2487.00000
0.18887,0.19216,0.19118,0.19512,0.19479,0.17407,0.17901,0.17572,0.17572,0.17966,0.02574,0.02574,0.02837,0.02508,0.02508,-53.39186,-2486.00000
0.19052,0.18986,0.19348,0.19183,0.19085,0.17934,0.17440,0.17407,0.17309,0.17638,0.02607,0.02179,0.02771,0.02738,0.02344,-53.39186,-2485.00000
0.19183,0.19348,0.18558,0.19644,0.18690,0.17605,0.17407,0.17045,0.17407,0.17309,0.02640,0.02771,0.03001,0.02705,0.02738,-54.04456,-2484.00000
0.18493,0.18887,0.19348,0.19085,0.19381,0.17736,0.17605,0.17901,0.17605,0.17572,0.02607,0.02442,0.02541,0.02672,0.02607,-54.04456,-2483.00000
0.19710,0.19183,0.19249,0.18986,0.19381,0.17210,0.17309,0.17539,0.17835,0.17309,0.02212,0.02541,0.02705,0.02475,0.02804,-54.25617,-2482.00000
0.19216,0.18854,0.19183,0.19381,0.19446,0.17539,0.17374,0.17769,0.17736,0.17670,0.02508,0.02475,0.02607,0.02640,0.02903,-54.25617,-2481.00000
0.19019,0.18986,0.19512,0.19414,0.19118,0.17901,0.17210,0.17210,0.17013,0.17703,0.02837,0.02640,0.02574,0.03133,0.02968,-54.85758,-2480.00000
0.18657,0.20104,0.18394,0.19019,0.18558,0.17605,0.17966,0.17144,0.17539,0.17769,0.03034,0.03034,0.02475,0.02574,0.03001,-54.85758,-2479.00000
0.18854,0.18723,0.18854,0.19118,0.19282,0.17605,0.17605,0.17210,0.17703,0.17703,0.02738,0.02870,0.02508,0.02870,0.02837,-55.71736,-2478.00000
0.19150,0.19282,0.18854,0.19381,0.19118,0.17736,0.17506,0.17374,0.17111,0.17999,0.02672,0.02508,0.02672,0.02640,0.02804,-55.71736,-2477.00000
0.19512,0.18164,0.19216,0.18887,0.18986,0.17769,0.17999,0.17440,0.17309,0.17572,0.02804,0.02508,0.02574,0.02409,0.02738,-55.02177,-2476.00000
0.19381,0.18953,0.19249,0.19348,0.19052,0.17473,0.17670,0.17769,0.17605,0.17276,0.02376,0.02640,0.02705,0.02344,0.02870,-55.02177,-2475.00000
0.18986,0.18953,0.19315,0.18854,0.19085,0.17769,0.17703,0.17638,0.17276,0.17177,0.02640,0.02574,0.02607,0.02344,0.02738,-55.54311,-2474.00000
0.19677,0.18854,0.19183,0.18986,0.18887,0.17736,0.17934,0.17210,0.17736,0.17572,0.02640,0.02311,0.02705,0.02508,0.02442,-55.54311,-2473.00000
0.19808,0.18756,0.19216,0.18493,0.19479,0.17473,0.17374,0.17901,0.17868,0.17473,0.02607,0.02607,0.02968,0.02903,0.02771,-55.73054,-2472.00000
0.19348,0.18986,0.19710,0.19019,0.19052,0.17407,0.17210,0.17539,0.17473,0.17342,0.02607,0.02475,0.02508,0.02672,0.02508,-55.73054,-2471.00000
0.19348,0.19249,0.18854,0.19315,0.19381,0.17868,0.17605,0.17276,0.17309,0.17407,0.02738,0.03067,0.02508,0.03001,0.02672,-55.72416,-2470.00000
0.18657,0.19315,0.19085,0.19348,0.19775,0.17638,0.17506,0.17670,0.17572,0.17802,0.02376,0.02705,0.03034,0.02672,0.02508,-55.72416,-2469.00000
0.18887,0.19150,0.18394,0.19677,0.19085,0.17670,0.17539,0.17802,0.17605,0.17802,0.02771,0.02278,0.02804,0.02837,0.02607,-55.90895,-2468.00000
0.19052,0.19414,0.19315,0.19545,0.19282,0.17309,0.17769,0.17605,0.17539,0.17703,0.02903,0.02640,0.02475,0.02672,0.02541,-55.90895,-2467.00000
0.18920,0.19677,0.19118,0.19183,0.18591,0.17539,0.17638,0.17802,0.17868,0.17309,0.02541,0.02245,0.02705,0.02409,0.02409,-55.29090,-2466.00000
0.19183,0.19085,0.19052,0.19019,0.19118,0.17309,0.17736,0.17999,0.17473,0.17243,0.02344,0.02672,0.02837,0.02804,0.02771,-55.29090,-2465.00000
0.18953,0.18953,0.19216,0.19019,0.18328,0.17703,0.17605,0.17703,0.17802,0.17539,0.02278,0.02541,0.02574,0.02475,0.02738,-54.57172,-2464.00000
0.19907,0.18953,0.18789,0.19150,0.19216,0.17309,0.17835,0.17243,0.17539,0.18032,0.02409,0.02376,0.02640,0.02640,0.02508,-54.57172,-2463.00000
0.19611,0.19150,0.19348,0.19644,0.18756,0.17374,0.17144,0.17769,0.17374,0.17999,0.02376,0.02508,0.02738,0.02541,0.02541,-54.47336,-2462.00000
0.19282,0.19479,0.18854,0.19183,0.19085,0.17703,0.17638,0.17901,0.17638,0.17572,0.02771,0.02344,0.02870,0.02541,0.03034,-54.47336,-2461.00000
0.18854,0.19249,0.19118,0.19315,0.19282,0.17966,0.17506,0.17276,0.17342,0.17539,0.02771,0.02607,0.02903,0.02640,0.03133,-54.76598,-2460.00000
0.18822,0.19710,0.18920,0.19742,0.19644,0.17934,0.17440,0.17736,0.17539,0.17605,0.02672,0.02705,0.02903,0.02376,0.02574,-54.76598,-2459.00000
0.19479,0.19249,0.18789,0.18986,0.18789,0.17605,0.17769,0.17539,0.17539,0.17605,0.02738,0.02705,0.02705,0.02640,0.02278,-54.53875,-2458.00000
0.19348,0.19052,0.19512,0.19282,0.19578,0.18098,0.17703,0.17572,0.17670,0.17670,0.02607,0.02245,0.02311,0.02903,0.03001,-54.53875,-2457.00000
0.18624,0.19052,0.19052,0.19446,0.18394,0.17638,0.17243,0.17605,0.17309,0.17045,0.02475,0.02837,0.02804,0.02771,0.02475,-55.34066,-2456.00000
0.19578,0.18986,0.18920,0.19348,0.19085,0.17605,0.17605,0.17309,0.17144,0.17506,0.02409,0.02607,0.03100,0.02705,0.02672,-55.34066,-2455.00000
0.20071,0.18854,0.18822,0.18854,0.19118,0.17539,0.17638,0.17407,0.17703,0.16914,0.02442,0.02640,0.02376,0.02508,0.02640,-54.94328,-2454.00000
0.19446,0.19644,0.19282,0.19216,0.18690,0.17835,0.17309,0.17901,0.17966,0.17440,0.02475,0.02837,0.02475,0.02837,0.02475,-54.94328,-2453.00000
0.18690,0.18493,0.18723,0.18657,0.19446,0.17539,0.17670,0.17901,0.17638,0.17638,0.02738,0.02179,0.02344,0.02771,0.02672,-54.93014,-2452.00000
0.19644,0.19183,0.18822,0.19545,0.18690,0.17440,0.17342,0.17638,0.17703,0.17835,0.02870,0.02804,0.02212,0.02672,0.02968,-54.93014,-2451.00000
0.18986,0.18953,0.19282,0.19315,0.18986,0.17670,0.17374,0.17670,0.17539,0.17342,0.02442,0.02541,0.02409,0.02179,0.02475,-55.41185,-2450.00000
0.19150,0.19841,0.19249,0.19315,0.19150,0.17276,0.17901,0.17276,0.17638,0.17901,0.02409,0.02311,0.02804,0.02508,0.02146,-55.41185,-2449.00000
0.18690,0.18394,0.19052,0.19183,0.19249,0.17703,0.17868,0.17769,0.17605,0.17638,0.02705,0.02245,0.02672,0.02738,0.02771,-55.79430,-2448.00000
0.18756,0.18986,0.19381,0.18986,0.19052,0.17670,0.17144,0.17638,0.17506,0.17506,0.02278,0.02508,0.02376,0.02771,0.02376,-55.79430,-2447.00000
0.19348,0.18756,0.19874,0.18657,0.19216,0.17802,0.17342,0.17670,0.17177,0.17605,0.02574,0.02508,0.02607,0.02640,0.02870,-55.48992,-2446.00000
0.19052,0.19019,0.19841,0.19315,0.19118,0.17638,0.17572,0.17539,0.17736,0.17440,0.02475,0.02804,0.02212,0.02771,0.02804,-55.48992,-2445.00000
0.19775,0.19446,0.19348,0.18953,0.19282,0.17539,0.17572,0.17276,0.17276,0.17539,0.02278,0.02640,0.02311,0.02804,0.02541,-55.27670,-2444.00000
0.19183,0.18690,0.19348,0.18591,0.18854,0.17111,0.17736,0.17407,0.17802,0.17703,0.02475,0.02640,0.02968,0.02705,0.02738,-55.27670,-2443.00000
0.18591,0.19249,0.19150,0.19150,0.18986,0.17243,0.17440,0.17638,0.18032,0.17835,0.02640,0.02508,0.02442,0.02672,0.02409,-55.17009,-2442.00000
0.18723,0.19052,0.18953,0.18953,0.19381,0.18098,0.17342,0.17506,0.17276,0.17901,0.02475,0.02442,0.02475,0.02738,0.02607,-55.17009,-2441.00000
0.19183,0.19348,0.19019,0.19118,0.19019,0.17638,0.17868,0.17670,0.17506,0.17276,0.02903,0.02607,0.02640,0.02705,0.02376,-55.18514,-2440.00000
0.19315,0.19282,0.18624,0.18657,0.19479,0.17901,0.17703,0.17769,0.17144,0.17177,0.02574,0.02376,0.02475,0.02738,0.02705,-55.18514,-2439.00000
0.19118,0.19381,0.19381,0.18953,0.19183,0.18065,0.17638,0.17868,0.17736,0.17309,0.02771,0.02344,0.02607,0.02574,0.02738,-54.53837,-2438.00000
0.19183,0.18624,0.18953,0.19282,0.19381,0.17539,0.17440,0.17243,0.17374,0.17243,0.02837,0.02508,0.02574,0.02936,0.02640,-54.53837,-2437.00000
0.19578,0.18920,0.19118,0.19315,0.18887,0.17868,0.17638,0.17374,0.17342,0.17342,0.02936,0.02541,0.02837,0.02278,0.02672,-54.15639,-2436.00000
0.18624,0.19282,0.19183,0.19348,0.19216,0.17736,0.17835,0.17210,0.17539,0.17901,0.02508,0.02376,0.02936,0.02442,0.02705,-54.15639,-2435.00000
0.19578,0.18657,0.19315,0.18262,0.19644,0.17605,0.17802,0.17835,0.17703,0.17210,0.02409,0.03001,0.02508,0.02607,0.02475,-54.90779,-2434.00000
0.19019,0.19216,0.19841,0.19183,0.19808,0.17210,0.17638,0.17769,0.17835,0.17440,0.02607,0.02278,0.02705,0.02409,0.02344,-54.90779,-2433.00000
0.18920,0.19249,0.19644,0.19249,0.19644,0.17144,0.17078,0.17539,0.18032,0.17539,0.02705,0.02936,0.02738,0.02442,0.02278,-54.89774,-2432.00000
0.19479,0.18822,0.19414,0.19446,0.19611,0.17276,0.17440,0.17243,0.17473,0.17473,0.02442,0.02771,0.02607,0.02508,0.02705,-54.89774,-2431.00000
0.18723,0.19479,0.19019,0.18690,0.19150,0.17572,0.17736,0.17638,0.17539,0.17342,0.02771,0.02738,0.02771,0.02574,0.02409,-53.75258,-2430.00000
0.19052,0.19118,0.19150,0.19085,0.18591,0.17210,0.18197,0.17638,0.17736,0.17703,0.02245,0.02870,0.02705,0.02311,0.03232,-53.75258,-2429.00000
0.19381,0.18690,0.19282,0.18558,0.19249,0.17013,0.17177,0.17966,0.18032,0.17802,0.02672,0.02508,0.02179,0.02508,0.02508,-54.34211,-2428.00000
0.18953,0.18624,0.19216,0.19446,0.19775,0.17572,0.17144,0.17703,0.17572,0.17374,0.02541,0.02640,0.02968,0.02738,0.02278,-54.34211,-2427.00000
0.19052,0.18986,0.19545,0.18887,0.19019,0.17703,0.17605,0.17210,0.18131,0.17407,0.02409,0.02508,0.02409,0.02903,0.02541,-54.31461,-2426.00000
0.18657,0.18756,0.19414,0.19446,0.19019,0.17473,0.17638,0.17802,0.17243,0.17473,0.02508,0.02344,0.02508,0.02442,0.02475,-54.31461,-2425.00000
0.18986,0.19183,0.19118,0.19414,0.18822,0.17736,0.17605,0.17736,0.17638,0.17934,0.02409,0.02344,0.02640,0.02409,0.02212,-54.31063,-2424.00000
0.19414,0.18920,0.18854,0.19216,0.18197,0.17539,0.17374,0.17210,0.17769,0.18032,0.02870,0.02376,0.02837,0.02475,0.02672,-54.31063,-2423.00000
0.19183,0.19052,0.19216,0.19150,0.19216,0.17769,0.17934,0.17440,0.17736,0.18032,0.02574,0.02574,0.02705,0.02376,0.02508,-54.28910,-2422.00000
0.18822,0.18624,0.18789,0.19282,0.18920,0.17309,0.18131,0.17934,0.17605,0.17210,0.02179,0.02179,0.02508,0.02574,0.02179,-54.28910,-2421.00000
0.19414,0.19710,0.19019,0.19150,0.18624,0.17407,0.17638,0.17670,0.17276,0.17276,0.02870,0.02574,0.02804,0.02640,0.02278,-54.75686,-2420.00000
0.18986,0.18493,0.18986,0.19611,0.19118,0.17473,0.17473,0.17572,0.18065,0.17670,0.02442,0.02442,0.02771,0.02179,0.02508,-54.75686,-2419.00000
0.19315,0.19446,0.18460,0.19150,0.19052,0.17638,0.17670,0.17703,0.17572,0.17901,0.02705,0.02870,0.02442,0.02672,0.02442,-54.92970,-2418.00000
0.19249,0.19118,0.19414,0.19085,0.19019,0.17572,0.17374,0.17736,0.17868,0.17473,0.02574,0.02344,0.02672,0.02705,0.02409,-54.92970,-2417.00000
0.19348,0.19381,0.18723,0.18328,0.19282,0.17605,0.17473,0.17276,0.17506,0.17769,0.02705,0.02738,0.02508,0.02409,0.02376,-55.21387,-2416.00000
0.18887,0.18690,0.18822,0.19052,0.18986,0.17670,0.17407,0.17440,0.17407,0.17934,0.02574,0.02771,0.02475,0.02475,0.02442,-55.21387,-2415.00000
0.19414,0.19446,0.18624,0.18887,0.19019,0.17473,0.17901,0.17638,0.17539,0.17539,0.02870,0.02344,0.02179,0.02968,0.02672,-55.66846,-2414.00000
0.18526,0.19644,0.19315,0.19446,0.18887,0.17309,0.17276,0.17868,0.17802,0.17572,0.02409,0.02475,0.02442,0.02508,0.02607,-55.66846,-2413.00000
0.19183,0.19118,0.18230,0.19611,0.18394,0.17473,0.17868,0.17572,0.17210,0.17243,0.02048,0.02442,0.02672,0.02574,0.02311,-55.64429,-2412.00000
0.19085,0.19085,0.19710,0.19282,0.18690,0.17670,0.17572,0.17703,0.17210,0.17868,0.02442,0.02475,0.02179,0.02344,0.02574,-55.64429,-2411.00000
0.19446,0.19118,0.19512,0.19216,0.19118,0.17605,0.17802,0.17835,0.18032,0.17506,0.02672,0.02607,0.02245,0.02672,0.02278,-55.39050,-2410.00000
0.19150,0.18920,0.19710,0.19414,0.18756,0.17769,0.17868,0.17901,0.17638,0.17177,0.02705,0.02080,0.02672,0.02738,0.02311,-55.39050,-2409.00000
0.18789,0.20203,0.19348,0.18986,0.19907,0.17111,0.17572,0.17374,0.17769,0.17473,0.02574,0.02672,0.02212,0.02607,0.02607,-55.61029,-2408.00000
0.19282,0.19479,0.18822,0.19216,0.19282,0.17670,0.17638,0.17638,0.17802,0.17605,0.02311,0.02640,0.02705,0.02311,0.02376,-55.61029,-2407.00000
0.18986,0.19414,0.19348,0.18822,0.19315,0.17934,0.17506,0.17440,0.17605,0.17440,0.02640,0.02837,0.02837,0.01850,0.02048,-55.61032,-2406.00000
0.19446,0.19183,0.18789,0.19118,0.19183,0.17440,0.17901,0.17572,0.17835,0.17506,0.02574,0.02212,0.02771,0.02475,0.02442,-55.61032,-2405.00000
0.18953,0.19315,0.19578,0.18756,0.19315,0.17539,0.17506,0.17868,0.17670,0.17703,0.02574,0.02640,0.02179,0.02640,0.02837,-54.39207,-2404.00000
0.19775,0.19150,0.18756,0.18854,0.19052,0.17407,0.17473,0.17407,0.17473,0.17572,0.02376,0.02705,0.02409,0.02705,0.03100,-54.39207,-2403.00000
0.19085,0.19249,0.19545,0.18986,0.18361,0.17572,0.17901,0.17506,0.17440,0.17506,0.02080,0.02212,0.02936,0.02705,0.02672,-55.18676,-2402.00000
0.18953,0.19348,0.18953,0.19216,0.19545,0.17506,0.17934,0.18065,0.17605,0.18032,0.02376,0.02541,0.02574,0.02475,0.02376,-55.18676,-2401.00000
0.18723,0.19841,0.18887,0.19742,0.18756,0.17670,0.17703,0.17769,0.17802,0.17638,0.02475,0.02738,0.02179,0.02508,0.02179,-55.25207,-2400.00000
0.19315,0.19315,0.19874,0.19150,0.18920,0.17736,0.17374,0.17473,0.17342,0.17374,0.02541,0.02278,0.02508,0.02344,0.02640,-55.25207,-2399.00000
0.19019,0.19019,0.19315,0.18854,0.18756,0.17703,0.17407,0.17342,0.17342,0.17802,0.02640,0.02607,0.02311,0.02574,0.02212,-54.88678,-2398.00000
0.19052,0.19282,0.19414,0.18822,0.19348,0.17670,0.18065,0.17835,0.17506,0.17473,0.02640,0.02245,0.02672,0.02212,0.02442,-54.88678,-2397.00000
0.18986,0.19446,0.19479,0.18822,0.18920,0.17276,0.17638,0.17243,0.17539,0.17309,0.02376,0.02541,0.02870,0.02541,0.02837,-54.51370,-2396.00000
0.19118,0.18789,0.19611,0.18822,0.18822,0.17572,0.17769,0.17769,0.17473,0.17769,0.02146,0.02738,0.02541,0.02409,0.02738,-54.51370,-2395.00000
0.18690,0.19611,0.19052,0.18854,0.19150,0.17276,0.17572,0.17045,0.17276,0.17243,0.02409,0.02837,0.02409,0.02837,0.02640,-54.84474,-2394.00000
0.18986,0.19414,0.19249,0.19019,0.19315,0.17374,0.18065,0.17703,0.17243,0.17670,0.02179,0.02705,0.02146,0.02640,0.02344,-54.84474,-2393.00000
0.19150,0.18920,0.19216,0.19677,0.18986,0.17374,0.17407,0.17473,0.17572,0.17638,0.02607,0.02870,0.02672,0.02541,0.02508,-55.39600,-2392.00000
0.19085,0.19381,0.18756,0.19644,0.19315,0.17736,0.17374,0.17572,0.17638,0.17407,0.02311,0.02442,0.02640,0.02146,0.02508,-55.39600,-2391.00000
0.19479,0.19282,0.19710,0.18789,0.19808,0.17539,0.17638,0.17342,0.17736,0.17703,0.02541,0.02738,0.02837,0.02640,0.02771,-55.06128,-2390.00000
0.19118,0.19446,0.18789,0.18197,0.19348,0.17835,0.17539,0.17999,0.17440,0.17374,0.02475,0.02475,0.02442,0.02113,0.02508,-55.06128,-2389.00000
0.19414,0.19315,0.18920,0.19150,0.19381,0.17506,0.17868,0.17605,0.17670,0.17276,0.02640,0.02771,0.02409,0.02672,0.02080,-55.09412,-2388.00000
0.19315,0.19611,0.19019,0.19578,0.19249,0.17802,0.18065,0.17407,0.17407,0.17440,0.02837,0.02508,0.02442,0.02475,0.02837,-55.09412,-2387.00000
0.19545,0.19446,0.18624,0.19545,0.19183,0.17670,0.17703,0.17309,0.17473,0.17473,0.02376,0.02672,0.02344,0.02903,0.02311,-55.65741,-2386.00000
0.19052,0.19479,0.18591,0.19446,0.18920,0.17868,0.17440,0.17539,0.17703,0.17506,0.02475,0.02607,0.02409,0.02541,0.02245,-55.65741,-2385.00000
0.19282,0.19381,0.19611,0.19677,0.19249,0.17539,0.17473,0.18032,0.17736,0.17670,0.02376,0.02968,0.02311,0.02508,0.02409,-55.53867,-2384.00000
0.18756,0.18854,0.18854,0.19381,0.19414,0.17013,0.17210,0.17473,0.18098,0.17736,0.02672,0.02409,0.02475,0.02640,0.02376,-55.53867,-2383.00000
0.19512,0.18789,0.19611,0.18920,0.19150,0.17309,0.17703,0.17177,0.17506,0.17605,0.02640,0.02705,0.02146,0.02508,0.02672,-55.45244,-2382.00000
0.19118,0.19052,0.19085,0.19183,0.19315,0.17539,0.17736,0.17638,0.17835,0.17572,0.02475,0.02672,0.02672,0.02738,0.02376,-55.45244,-2381.00000
0.18920,0.19479,0.19512,0.18789,0.19348,0.17769,0.17670,0.17703,0.17769,0.17440,0.02409,0.02311,0.02705,0.02015,0.02409,-55.87319,-2380.00000
0.19907,0.18822,0.19085,0.19216,0.18854,0.17144,0.17638,0.17736,0.17769,0.17210,0.02409,0.02113,0.02508,0.02705,0.02672,-55.87319,-2379.00000
0.18526,0.19545,0.19150,0.18822,0.18986,0.17374,0.17473,0.17342,0.17572,0.17999,0.02344,0.02968,0.02475,0.02607,0.02574,-55.00203,-2378.00000
0.18986,0.19545,0.19085,0.19841,0.19216,0.17802,0.17999,0.17078,0.17177,0.17144,0.02376,0.02409,0.02278,0.02442,0.02113,-55.00203,-2377.00000
0.19808,0.19019,0.18328,0.19479,0.19183,0.17342,0.17769,0.18065,0.17605,0.18164,0.02705,0.02146,0.02574,0.02442,0.02015,-55.33304,-2376.00000
0.18920,0.19446,0.18920,0.19348,0.19118,0.18328,0.17374,0.17572,0.17934,0.17473,0.02311,0.02574,0.02376,0.02574,0.02541,-55.33304,-2375.00000
0.18953,0.19611,0.18756,0.18920,0.19118,0.17703,0.17276,0.17736,0.17638,0.17868,0.02245,0.02146,0.02475,0.02376,0.02574,-55.23732,-2374.00000
0.19545,0.18920,0.19118,0.19150,0.19874,0.17736,0.17736,0.17638,0.17374,0.18098,0.02278,0.02442,0.02080,0.02640,0.02179,-55.23732,-2373.00000
0.19019,0.19414,0.19775,0.19019,0.18953,0.17539,0.17506,0.17276,0.17835,0.17638,0.02475,0.02442,0.02442,0.02409,0.02607,-54.73536,-2372.00000
0.19249,0.19381,0.19414,0.19052,0.18854,0.17407,0.17539,0.17572,0.17966,0.17440,0.02146,0.02080,0.02409,0.02574,0.02442,-54.73536,-2371.00000
0.18953,0.19315,0.19085,0.19512,0.19545,0.17703,0.17736,0.17407,0.17868,0.17506,0.02376,0.02376,0.02278,0.02640,0.02705,-54.60157,-2370.00000
0.19183,0.18558,0.19216,0.19512,0.19216,0.17703,0.17638,0.17309,0.17210,0.17473,0.02672,0.02311,0.02442,0.02344,0.02672,-54.60157,-2369.00000
0.18591,0.18986,0.18953,0.19085,0.19578,0.17703,0.17309,0.17966,0.17736,0.17539,0.02574,0.02278,0.02245,0.02278,0.02376,-54.01709,-2368.00000
0.19019,0.18854,0.19381,0.18690,0.19052,0.17342,0.17276,0.17999,0.17868,0.17473,0.02574,0.02508,0.01982,0.02475,0.02278,-54.01709,-2367.00000
0.19118,0.19052,0.19578,0.19479,0.19150,0.17473,0.17177,0.17342,0.17539,0.17835,0.02212,0.02344,0.02705,0.02508,0.02475,-54.21314,-2366.00000
0.19052,0.18920,0.18854,0.19019,0.19315,0.17473,0.17407,0.17835,0.17638,0.17144,0.02574,0.02705,0.02607,0.02475,0.02607,-54.21314,-2365.00000
0.19414,0.19479,0.19578,0.19085,0.18756,0.17572,0.17901,0.17670,0.17309,0.17901,0.02574,0.02771,0.02771,0.02475,0.02311,-54.26477,-2364.00000
0.19249,0.18591,0.19282,0.19414,0.18460,0.17703,0.17210,0.17638,0.17539,0.17736,0.02278,0.02409,0.02640,0.02376,0.02376,-54.26477,-2363.00000
0.18789,0.19118,0.19249,0.18690,0.18789,0.17605,0.17868,0.17572,0.17309,0.17144,0.02607,0.02607,0.02541,0.02442,0.02409,-54.24420,-2362.00000
0.19249,0.18624,0.18920,0.19052,0.18657,0.17342,0.17638,0.17506,0.17802,0.17868,0.02640,0.02640,0.02541,0.02311,0.02376,-54.24420,-2361.00000
0.18920,0.18558,0.18953,0.19085,0.19183,0.17473,0.17605,0.17309,0.17572,0.17539,0.02409,0.02179,0.02475,0.02870,0.02146,-54.59280,-2360.00000
0.19052,0.19446,0.18822,0.19414,0.18953,0.17111,0.17999,0.17638,0.17638,0.17901,0.02344,0.02442,0.02442,0.02113,0.02113,-54.59280,-2359.00000
0.19085,0.19677,0.18887,0.18690,0.19578,0.17473,0.17901,0.17276,0.17144,0.17802,0.02311,0.02344,0.02672,0.02409,0.02179,-54.55959,-2358.00000
0.18986,0.19578,0.19183,0.19183,0.19446,0.17473,0.18098,0.17572,0.17276,0.17901,0.02607,0.02212,0.02672,0.02409,0.02278,-54.55959,-2357.00000
0.19578,0.18591,0.19052,0.19216,0.18953,0.17276,0.17638,0.17934,0.17177,0.17670,0.02409,0.02212,0.02672,0.02442,0.02541,-54.98731,-2356.00000
0.19085,0.19052,0.18953,0.18690,0.19414,0.17473,0.17572,0.17506,0.17670,0.16980,0.02804,0.02278,0.02113,0.03001,0.02080,-54.98731,-2355.00000
0.19479,0.18098,0.19348,0.18591,0.18789,0.17506,0.17473,0.17309,0.17342,0.17144,0.01982,0.02376,0.02738,0.02475,0.02409,-55.58448,-2354.00000
0.18756,0.18986,0.19973,0.18854,0.18887,0.17407,0.17440,0.17407,0.17572,0.17736,0.02344,0.02409,0.02508,0.02179,0.02278,-55.58448,-2353.00000
0.19085,0.18822,0.19216,0.19315,0.19052,0.17506,0.17374,0.17999,0.17605,0.17342,0.02376,0.02475,0.02179,0.02278,0.02278,-55.70484,-2352.00000
0.18920,0.19315,0.18920,0.18723,0.19446,0.17342,0.16980,0.17703,0.17868,0.17966,0.02311,0.01916,0.02146,0.02541,0.02376,-55.70484,-2351.00000
0.18558,0.18460,0.18591,0.19052,0.19019,0.17276,0.17703,0.17013,0.17407,0.17736,0.01752,0.02409,0.02311,0.02212,0.02245,-54.95935,-2350.00000
0.19249,0.19052,0.19052,0.18920,0.18920,0.17638,0.17045,0.17473,0.17934,0.17243,0.02541,0.02607,0.02080,0.02179,0.02048,-54.95935,-2349.00000
0.19019,0.18657,0.19150,0.19150,0.19479,0.17638,0.17243,0.17407,0.17473,0.17506,0.02409,0.02640,0.02640,0.02344,0.02475,-55.59491,-2348.00000
0.18887,0.19052,0.19710,0.18789,0.18460,0.17539,0.17506,0.17670,0.18065,0.17539,0.02672,0.02245,0.02475,0.01982,0.02475,-55.59491,-2347.00000
0.18920,0.18789,0.19118,0.19183,0.18822,0.17473,0.17407,0.17309,0.17440,0.18131,0.02212,0.02475,0.02146,0.02344,0.02278,-55.15585,-2346.00000
0.19150,0.18591,0.18624,0.19019,0.19282,0.17605,0.17539,0.17572,0.17111,0.17934,0.02376,0.02311,0.02311,0.02442,0.02607,-55.15585,-2345.00000
0.18690,0.19052,0.18822,0.18558,0.18887,0.17342,0.16881,0.17078,0.17736,0.17670,0.02640,0.02212,0.02015,0.02048,0.02245,-55.16338,-2344.00000
0.18756,0.19052,0.19611,0.18920,0.19249,0.17177,0.17407,0.17276,0.17309,0.17999,0.02344,0.02640,0.02146,0.02212,0.02212,-55.16338,-2343.00000
0.19183,0.18723,0.18920,0.18822,0.18822,0.17835,0.17638,0.18032,0.17572,0.17638,0.02146,0.02475,0.02311,0.02640,0.02738,-54.46645,-2342.00000
0.19052,0.19085,0.19052,0.19348,0.19183,0.17243,0.17539,0.17638,0.17506,0.17605,0.01916,0.02442,0.02376,0.02344,0.02179,-54.46645,-2341.00000
0.19150,0.19710,0.18032,0.19052,0.19249,0.17572,0.17572,0.17407,0.17045,0.17210,0.02245,0.02508,0.02376,0.01949,0.02344,-54.86995,-2340.00000
0.19644,0.18493,0.19150,0.19677,0.18854,0.17572,0.17670,0.17736,0.17835,0.17440,0.02607,0.02179,0.02278,0.02508,0.02080,-54.86995,-2339.00000
0.18756,0.19216,0.18657,0.18920,0.19019,0.17506,0.17473,0.17539,0.17605,0.17802,0.02409,0.02245,0.02113,0.02442,0.02080,-55.06925,-2338.00000
0.18920,0.19216,0.18854,0.18822,0.19677,0.17572,0.17440,0.17539,0.17407,0.17966,0.02804,0.02311,0.02179,0.02409,0.02278,-55.06925,-2337.00000
0.19085,0.19118,0.19282,0.19118,0.18953,0.17605,0.17210,0.17374,0.17934,0.17374,0.02311,0.02442,0.02278,0.02113,0.02146,-54.38033,-2336.00000
0.18723,0.18953,0.19118,0.19479,0.18822,0.17276,0.17276,0.17703,0.17440,0.17868,0.02179,0.02475,0.02311,0.02278,0.02541,-54.38033,-2335.00000
0.18986,0.19512,0.19578,0.18657,0.18986,0.17440,0.17638,0.17703,0.17374,0.17276,0.02113,0.02376,0.02212,0.02344,0.02409,-54.10423,-2334.00000
0.19085,0.19249,0.19150,0.18690,0.18854,0.17572,0.17473,0.17736,0.17966,0.17736,0.02409,0.02672,0.02212,0.02409,0.02278,-54.10423,-2333.00000
0.19118,0.18953,0.19052,0.18953,0.18887,0.17572,0.17572,0.17407,0.17605,0.17901,0.02311,0.02278,0.02245,0.02475,0.02409,-53.70006,-2332.00000
0.19677,0.18723,0.19282,0.18690,0.19085,0.17934,0.17407,0.17572,0.17111,0.17309,0.02376,0.02508,0.02212,0.02212,0.02212,-53.70006,-2331.00000
0.18328,0.18657,0.19150,0.18427,0.19446,0.17506,0.17177,0.17342,0.17078,0.18032,0.01949,0.02245,0.01883,0.02574,0.02179,-52.94622,-2330.00000
0.18920,0.19677,0.19085,0.18789,0.18887,0.17276,0.17638,0.17078,0.17769,0.17769,0.02344,0.02146,0.02146,0.02475,0.02245,-52.94622,-2329.00000
0.18460,0.19282,0.18887,0.18953,0.19249,0.17276,0.17473,0.17473,0.17605,0.17572,0.02146,0.02541,0.02442,0.02475,0.02442,-52.24948,-2328.00000
0.18953,0.19150,0.18953,0.19348,0.18065,0.17506,0.17605,0.17572,0.17407,0.17078,0.02607,0.02278,0.02278,0.02278,0.02607,-52.24948,-2327.00000
0.19512,0.19150,0.18789,0.19183,0.18953,0.16980,0.17539,0.17144,0.17638,0.17045,0.02080,0.02179,0.02311,0.02344,0.02212,-50.67308,-2326.00000
0.18723,0.19216,0.18657,0.19216,0.19249,0.17638,0.17605,0.17670,0.17901,0.17440,0.02870,0.02212,0.02080,0.02245,0.02245,-50.67308,-2325.00000
0.19446,0.18723,0.18558,0.19644,0.18723,0.17539,0.17638,0.17703,0.17539,0.17342,0.02672,0.02475,0.02212,0.02179,0.01949,-49.49425,-2324.00000
0.19315,0.18953,0.18822,0.18920,0.18854,0.17670,0.16947,0.17177,0.17703,0.17670,0.02771,0.02212,0.02705,0.02442,0.01817,-49.49425,-2323.00000
0.19446,0.18986,0.18460,0.19282,0.18789,0.17243,0.17342,0.17473,0.17407,0.17572,0.02475,0.02048,0.02245,0.02278,0.02080,-50.15240,-2322.00000
0.19578,0.18854,0.18920,0.19545,0.19414,0.17539,0.17473,0.17638,0.17440,0.17506,0.01916,0.02508,0.02376,0.02475,0.01949,-50.15240,-2321.00000
0.18986,0.19249,0.19019,0.18887,0.18789,0.17736,0.17210,0.17506,0.17342,0.17374,0.01850,0.02245,0.02179,0.02541,0.02344,-49.22659,-2320.00000
0.19282,0.19578,0.18986,0.18887,0.19479,0.17473,0.17374,0.17013,0.17605,0.17473,0.02146,0.02179,0.02048,0.01883,0.01982,-49.22659,-2319.00000
0.18493,0.18920,0.18887,0.19019,0.19118,0.17276,0.17506,0.17440,0.17144,0.17736,0.02278,0.02311,0.02541,0.02311,0.02212,-51.97658,-2318.00000
0.19150,0.18756,0.19150,0.19216,0.19052,0.17276,0.17638,0.17638,0.17703,0.18032,0.02245,0.02278,0.02344,0.02311,0.02245,-51.97658,-2317.00000
0.19479,0.19249,0.19052,0.18624,0.19315,0.17966,0.17670,0.17835,0.17473,0.17177,0.02607,0.01949,0.02344,0.02048,0.02475,-54.15968,-2316.00000
0.19150,0.18723,0.18624,0.18920,0.19052,0.17342,0.17670,0.17934,0.17506,0.17342,0.01686,0.02442,0.02409,0.01949,0.02146,-54.15968,-2315.00000
0.18920,0.18657,0.18723,0.19249,0.18723,0.17802,0.17309,0.17473,0.17966,0.17440,0.02475,0.02409,0.01916,0.02508,0.01982,-54.40894,-2314.00000
0.18854,0.19348,0.19118,0.18427,0.19446,0.17243,0.17473,0.17736,0.17703,0.17144,0.02146,0.01982,0.02344,0.02475,0.02541,-54.40894,-2313.00000
0.19019,0.19545,0.19446,0.19052,0.19512,0.16881,0.17342,0.17736,0.17572,0.17736,0.02409,0.02311,0.02212,0.02574,0.02015,-54.48963,-2312.00000
0.19085,0.19578,0.18493,0.19183,0.18789,0.17506,0.17407,0.17078,0.17144,0.17934,0.02015,0.01982,0.02113,0.02508,0.02311,-54.48963,-2311.00000
0.18690,0.19348,0.19118,0.18854,0.19742,0.17868,0.17638,0.17473,0.17868,0.17539,0.01982,0.02475,0.02376,0.02376,0.02278,-54.85956,-2310.00000
0.19381,0.19315,0.19315,0.18756,0.19052,0.17473,0.17802,0.17374,0.17638,0.17243,0.02475,0.02179,0.02344,0.02146,0.02607,-54.85956,-2309.00000
0.18789,0.18657,0.19512,0.19414,0.18328,0.17506,0.17342,0.17342,0.17309,0.17440,0.01982,0.02179,0.02245,0.02146,0.02278,-54.77597,-2308.00000
0.18854,0.18887,0.18723,0.19019,0.19348,0.17210,0.17374,0.17342,0.17473,0.17901,0.02344,0.02278,0.02146,0.02048,0.02541,-54.77597,-2307.00000
0.19578,0.18887,0.18657,0.19282,0.19216,0.17802,0.17374,0.17539,0.17407,0.17539,0.02607,0.02278,0.02080,0.02311,0.02212,-54.96123,-2306.00000
0.18854,0.19282,0.18920,0.18953,0.19052,0.17473,0.17177,0.17572,0.17703,0.17243,0.02146,0.02146,0.02212,0.01883,0.02080,-54.96123,-2305.00000
0.19545,0.18986,0.19052,0.19479,0.18295,0.17868,0.17342,0.17506,0.17736,0.17440,0.01916,0.02048,0.02475,0.02048,0.02278,-55.28335,-2304.00000
0.19216,0.18493,0.18558,0.19052,0.18953,0.17473,0.17638,0.17638,0.17703,0.17966,0.02113,0.02113,0.02508,0.01850,0.02541,-55.28335,-2303.00000
0.18789,0.19118,0.18723,0.18887,0.18887,0.17638,0.17440,0.17309,0.17769,0.17342,0.02376,0.02344,0.02376,0.02376,0.02311,-54.63874,-2302.00000
0.19085,0.19282,0.18854,0.18887,0.18789,0.17835,0.17703,0.17374,0.17243,0.17670,0.01883,0.02146,0.02607,0.02015,0.02278,-54.63874,-2301.00000
0.18723,0.19150,0.18723,0.18394,0.19348,0.17309,0.17407,0.17769,0.17605,0.17374,0.02113,0.02015,0.02607,0.02409,0.02278,-54.70218,-2300.00000
0.19512,0.18854,0.18789,0.18986,0.18887,0.17802,0.17342,0.17506,0.17210,0.17407,0.02048,0.02245,0.02179,0.02048,0.02048,-54.70218,-2299.00000
0.18887,0.19512,0.19841,0.18822,0.19019,0.17276,0.17670,0.17243,0.17473,0.17901,0.02212,0.02475,0.01949,0.02080,0.02409,-54.78517,-2298.00000
0.19545,0.19249,0.18854,0.19446,0.18986,0.17605,0.17605,0.17506,0.17638,0.17703,0.02179,0.02508,0.02311,0.02344,0.02475,-54.78517,-2297.00000
0.18624,0.18657,0.18986,0.19085,0.19348,0.17934,0.17934,0.17835,0.17966,0.17703,0.02311,0.02607,0.01883,0.02113,0.02179,-54.39942,-2296.00000
0.19150,0.19019,0.19479,0.18756,0.18854,0.17769,0.17572,0.17670,0.17670,0.17374,0.02048,0.01653,0.02574,0.02376,0.01982,-54.39942,-2295.00000
0.18953,0.18986,0.19183,0.19019,0.18624,0.17539,0.17440,0.17539,0.17999,0.17736,0.02048,0.02475,0.01982,0.01916,0.02311,-55.21485,-2294.00000
0.18789,0.18427,0.19348,0.18887,0.19150,0.17572,0.17670,0.17177,0.17572,0.17572,0.02015,0.02311,0.01916,0.02212,0.02179,-55.21485,-2293.00000
0.18920,0.18986,0.19085,0.19414,0.18953,0.17407,0.17440,0.16914,0.17966,0.17309,0.01817,0.02278,0.02113,0.02015,0.02113,-55.61524,-2292.00000
0.18953,0.19282,0.19249,0.18822,0.19118,0.17769,0.17901,0.17703,0.17670,0.17539,0.02015,0.02278,0.02640,0.02048,0.02146,-55.61524,-2291.00000
0.18854,0.19414,0.19315,0.18920,0.19578,0.17802,0.17276,0.17276,0.17506,0.17670,0.02311,0.02048,0.02212,0.02607,0.02541,-55.15625,-2290.00000
0.18624,0.20038,0.19381,0.19414,0.19512,0.17111,0.17309,0.17670,0.17868,0.17210,0.01850,0.02278,0.02409,0.02015,0.01784,-55.15625,-2289.00000
0.19644,0.18657,0.19085,0.19512,0.18887,0.17539,0.17276,0.17572,0.17539,0.17703,0.01982,0.02376,0.02245,0.02080,0.02015,-55.44434,-2288.00000
0.19118,0.18756,0.19150,0.19052,0.18690,0.17966,0.17638,0.17243,0.17539,0.17177,0.01982,0.01949,0.02015,0.02409,0.02344,-55.44434,-2287.00000
0.19150,0.18887,0.19052,0.19578,0.18822,0.17670,0.17506,0.17572,0.17144,0.17736,0.01949,0.01883,0.02179,0.02212,0.01883,-55.50537,-2286.00000
0.19348,0.19183,0.18986,0.19742,0.18493,0.17309,0.17736,0.17670,0.17736,0.17605,0.02245,0.02508,0.01916,0.01883,0.02344,-55.50537,-2285.00000
0.18657,0.19183,0.18822,0.18986,0.18822,0.17013,0.17572,0.17966,0.17605,0.17407,0.01949,0.02179,0.02015,0.02179,0.01817,-56.03638,-2284.00000
0.19216,0.19315,0.19414,0.18328,0.19775,0.17670,0.17572,0.17342,0.17769,0.17539,0.02179,0.02442,0.01949,0.02475,0.02212,-56.03638,-2283.00000
0.18953,0.19150,0.19907,0.18887,0.19545,0.17605,0.18098,0.17473,0.17374,0.17670,0.02344,0.01752,0.01752,0.01916,0.01982,-55.03235,-2282.00000
0.19479,0.19118,0.18854,0.19150,0.19644,0.17605,0.18197,0.17835,0.17374,0.17210,0.02212,0.01784,0.02212,0.01850,0.02080,-55.03235,-2281.00000
0.19479,0.18591,0.18657,0.19282,0.18920,0.17769,0.17473,0.17539,0.17736,0.17769,0.02278,0.01784,0.02015,0.02311,0.02245,-55.15045,-2280.00000
0.19085,0.19150,0.19381,0.19446,0.19315,0.17802,0.17703,0.17670,0.17374,0.17473,0.01883,0.02311,0.01587,0.01883,0.02245,-55.15045,-2279.00000
0.18822,0.19118,0.19183,0.19052,0.19282,0.17440,0.17342,0.17638,0.17473,0.17243,0.01982,0.02245,0.02344,0.02278,0.01850,-55.70267,-2278.00000
0.19348,0.18789,0.18854,0.19808,0.18822,0.17966,0.17111,0.17638,0.17638,0.17572,0.02113,0.02278,0.01916,0.01916,0.02015,-55.70267,-2277.00000
0.18953,0.18953,0.19545,0.19085,0.19019,0.17440,0.17407,0.17605,0.17539,0.17506,0.02376,0.02048,0.01686,0.01653,0.02212,-54.69948,-2276.00000
0.19446,0.18624,0.19249,0.19249,0.18756,0.17769,0.17473,0.17342,0.17934,0.17210,0.02245,0.01982,0.02179,0.02146,0.02146,-54.69948,-2275.00000
0.19545,0.19183,0.19052,0.19381,0.19183,0.17802,0.17473,0.17835,0.17638,0.17736,0.01752,0.01982,0.02113,0.02311,0.01883,-55.42591,-2274.00000
0.19150,0.19183,0.19381,0.18690,0.19118,0.17243,0.17572,0.17638,0.17868,0.17407,0.02475,0.02311,0.02146,0.02048,0.02146,-55.42591,-2273.00000
0.19216,0.19052,0.19578,0.18986,0.18822,0.17276,0.17440,0.17473,0.17407,0.17506,0.02146,0.02048,0.02212,0.02245,0.01982,-55.22516,-2272.00000
0.19907,0.18953,0.18789,0.19414,0.18493,0.17736,0.17276,0.17243,0.17374,0.17638,0.01916,0.01784,0.01883,0.02113,0.02015,-55.22516,-2271.00000
0.19710,0.19150,0.19249,0.18394,0.19348,0.17769,0.17638,0.17276,0.17177,0.17210,0.02245,0.02048,0.02179,0.02113,0.01752,-55.04666,-2270.00000
0.19381,0.19019,0.18756,0.19085,0.18822,0.18032,0.17539,0.17309,0.17605,0.17769,0.02311,0.02475,0.02080,0.01949,0.02146,-55.04666,-2269.00000
0.19118,0.19512,0.18526,0.18526,0.18986,0.17243,0.17670,0.17572,0.17638,0.17736,0.01587,0.02212,0.01784,0.02376,0.01883,-54.56191,-2268.00000
0.19052,0.18986,0.19052,0.18690,0.19019,0.17670,0.17736,0.17342,0.17703,0.17638,0.01949,0.02113,0.02015,0.01850,0.01883,-54.56191,-2267.00000
0.19118,0.18526,0.19085,0.19611,0.18690,0.17572,0.17769,0.16914,0.17276,0.17539,0.02015,0.01982,0.01850,0.02442,0.01686,-54.17304,-2266.00000
0.19315,0.19216,0.19775,0.18986,0.19348,0.17506,0.17638,0.17539,0.17736,0.17440,0.02080,0.02376,0.01817,0.01817,0.01883,-54.17304,-2265.00000
0.19512,0.18822,0.19348,0.19414,0.18756,0.17835,0.17736,0.17736,0.17868,0.17769,0.02311,0.02311,0.02048,0.02179,0.02344,-54.85996,-2264.00000
0.19479,0.19150,0.19019,0.18986,0.18361,0.18164,0.17670,0.17638,0.17177,0.17473,0.01982,0.01784,0.02048,0.02048,0.02442,-54.85996,-2263.00000
0.18920,0.19348,0.19315,0.18657,0.19315,0.18098,0.17802,0.17638,0.17539,0.17407,0.02212,0.01949,0.01752,0.01982,0.01982,-54.68584,-2262.00000
0.18493,0.19150,0.18920,0.19348,0.18822,0.17539,0.17802,0.17835,0.17407,0.17374,0.02113,0.01817,0.02212,0.01817,0.02080,-54.68584,-2261.00000
0.19578,0.19414,0.18920,0.19315,0.19150,0.17572,0.17638,0.17670,0.18262,0.17605,0.02212,0.02212,0.02080,0.01883,0.02048,-54.81851,-2260.00000
0.19249,0.18230,0.19414,0.19085,0.18854,0.17506,0.17276,0.17539,0.17769,0.17736,0.01883,0.02080,0.01982,0.01817,0.01949,-54.81851,-2259.00000
0.18756,0.19019,0.18361,0.20038,0.18723,0.17769,0.17736,0.17539,0.17605,0.17276,0.02015,0.01883,0.01817,0.02015,0.02146,-54.86287,-2258.00000
0.19118,0.18920,0.18854,0.19479,0.19150,0.17407,0.17670,0.17638,0.17210,0.17539,0.02311,0.02080,0.01850,0.01883,0.01982,-54.86287,-2257.00000
0.18723,0.19414,0.18920,0.19216,0.19019,0.17506,0.17736,0.17407,0.17374,0.18032,0.02344,0.01752,0.02080,0.02080,0.01719,-55.06571,-2256.00000
0.18460,0.19644,0.18822,0.18493,0.18657,0.17144,0.17440,0.17835,0.17572,0.17374,0.01719,0.01752,0.01850,0.01949,0.02442,-55.06571,-2255.00000
0.18920,0.18953,0.18854,0.18624,0.19282,0.17342,0.17013,0.17473,0.17374,0.18032,0.02015,0.02212,0.01883,0.01916,0.02179,-55.42592,-2254.00000
0.18953,0.18558,0.19019,0.19315,0.18493,0.17572,0.17868,0.17572,0.17901,0.17703,0.02146,0.02245,0.02278,0.01817,0.02048,-55.42592,-2253.00000
0.19282,0.18822,0.19019,0.19183,0.19479,0.17802,0.17309,0.17210,0.17736,0.17506,0.01982,0.01949,0.01850,0.01817,0.01916,-55.92585,-2252.00000
0.18789,0.18920,0.19052,0.18854,0.18986,0.17276,0.17374,0.17901,0.17111,0.18065,0.02409,0.02080,0.02409,0.01784,0.01817,-55.92585,-2251.00000
0.19019,0.19019,0.18986,0.19052,0.19118,0.17342,0.17473,0.17835,0.17407,0.17901,0.01982,0.01883,0.02146,0.01982,0.01982,-55.44339,-2250.00000
0.18394,0.19052,0.18164,0.19315,0.18493,0.17736,0.17638,0.17440,0.17078,0.17506,0.01521,0.01752,0.01982,0.01817,0.02376,-55.44339,-2249.00000
0.19249,0.18822,0.19085,0.19611,0.19446,0.17638,0.17605,0.17243,0.17144,0.17638,0.02015,0.02311,0.01620,0.01949,0.01982,-54.91164,-2248.00000
0.18756,0.19644,0.18887,0.19118,0.19019,0.17901,0.17440,0.17539,0.17638,0.17506,0.01850,0.02212,0.01784,0.02048,0.01784,-54.91164,-2247.00000
0.19348,0.18526,0.18624,0.19249,0.19315,0.16848,0.17407,0.17506,0.17605,0.17835,0.01620,0.01982,0.02146,0.01916,0.01719,-54.62379,-2246.00000
0.19216,0.18690,0.19545,0.19348,0.18723,0.17342,0.17703,0.18328,0.17111,0.18032,0.01916,0.01752,0.01752,0.01949,0.01916,-54.62379,-2245.00000
0.18690,0.19183,0.18230,0.19249,0.19085,0.17539,0.17638,0.17440,0.17638,0.17539,0.01620,0.01784,0.01916,0.01817,0.01817,-54.22840,-2244.00000
0.18723,0.18953,0.18887,0.19446,0.19019,0.17934,0.17440,0.17374,0.17605,0.17276,0.01850,0.02245,0.01916,0.01620,0.01982,-54.22840,-2243.00000
0.20038,0.18493,0.18822,0.19085,0.18854,0.17999,0.17407,0.17539,0.17670,0.17638,0.02179,0.01554,0.02409,0.02048,0.01521,-54.00385,-2242.00000
0.18986,0.19085,0.18690,0.18986,0.19085,0.17309,0.17407,0.17407,0.17638,0.17473,0.01850,0.01423,0.02212,0.01686,0.01719,-54.00385,-2241.00000
0.18756,0.18558,0.19315,0.19249,0.19282,0.17703,0.17703,0.17835,0.17276,0.17506,0.01817,0.01949,0.01883,0.01883,0.02048,-54.30417,-2240.00000
0.18986,0.18427,0.19019,0.18887,0.18986,0.17506,0.17374,0.17802,0.17736,0.17966,0.01883,0.01653,0.01817,0.02311,0.01949,-54.30417,-2239.00000
0.19085,0.19381,0.19150,0.18493,0.18394,0.17473,0.17243,0.17342,0.16881,0.17539,0.02048,0.02146,0.01784,0.01916,0.01949,-54.50560,-2238.00000
0.19282,0.19216,0.18591,0.18822,0.19118,0.17177,0.17736,0.17276,0.17769,0.17374,0.01752,0.01883,0.01686,0.01817,0.02080,-54.50560,-2237.00000
0.19315,0.18953,0.18986,0.19578,0.18789,0.17407,0.17638,0.17276,0.17539,0.17999,0.01949,0.01719,0.01752,0.02376,0.02113,-54.68444,-2236.00000
0.19446,0.19216,0.18822,0.19118,0.19611,0.17572,0.17835,0.17868,0.17670,0.17276,0.02146,0.01423,0.01982,0.01784,0.01817,-54.68444,-2235.00000
0.19644,0.18230,0.19479,0.18690,0.18756,0.17934,0.16914,0.17572,0.17966,0.17868,0.01521,0.01752,0.01752,0.02113,0.01784,-53.81195,-2234.00000
0.18887,0.18953,0.19052,0.19150,0.19249,0.17736,0.17144,0.17407,0.17276,0.17670,0.01817,0.02245,0.01653,0.01686,0.01752,-53.81195,-2233.00000
0.19052,0.18756,0.18591,0.18723,0.19183,0.17638,0.17111,0.17703,0.17407,0.17670,0.02015,0.01949,0.01653,0.01916,0.01653,-53.51242,-2232.00000
0.19249,0.18756,0.19249,0.18295,0.19183,0.17605,0.17177,0.17506,0.17539,0.17572,0.01982,0.01949,0.02146,0.01817,0.01587,-53.51242,-2231.00000
0.19315,0.19545,0.18854,0.19019,0.19085,0.17342,0.17868,0.17703,0.17342,0.17572,0.02015,0.01883,0.01521,0.01850,0.02113,-52.95006,-2230.00000
0.19118,0.19249,0.18854,0.19019,0.19118,0.17374,0.17407,0.17605,0.17572,0.17999,0.01488,0.02080,0.01390,0.01653,0.01817,-52.95006,-2229.00000
0.19183,0.18986,0.18986,0.18493,0.18723,0.17934,0.17473,0.16881,0.17868,0.17670,0.02080,0.01752,0.01587,0.01949,0.01488,-50.21038,-2228.00000
0.19085,0.18986,0.18920,0.18920,0.19085,0.17276,0.17177,0.17243,0.17835,0.17802,0.01456,0.01784,0.01752,0.01686,0.02113,-50.21038,-2227.00000
0.18920,0.19414,0.19118,0.19446,0.18493,0.17407,0.17703,0.17901,0.17703,0.17309,0.01719,0.01719,0.01686,0.01620,0.01488,-48.65744,-2226.00000
0.18986,0.17966,0.19446,0.19315,0.18657,0.17901,0.17835,0.17572,0.17111,0.17473,0.02015,0.01883,0.01850,0.01883,0.01719,-48.65744,-2225.00000
0.18690,0.19545,0.19019,0.19216,0.19052,0.17736,0.17638,0.17605,0.17901,0.17638,0.01784,0.01719,0.02212,0.01982,0.01324,-50.45909,-2224.00000
0.18624,0.19216,0.18493,0.19545,0.19348,0.17210,0.17966,0.17638,0.17769,0.17769,0.02113,0.01752,0.01521,0.01883,0.01850,-50.45909,-2223.00000
0.19249,0.19249,0.19249,0.18756,0.18690,0.16947,0.17078,0.17473,0.17210,0.17703,0.01719,0.02146,0.01192,0.01488,0.01850,-51.62359,-2222.00000
0.19414,0.18756,0.19282,0.18394,0.19644,0.17309,0.17276,0.17210,0.17210,0.17506,0.02048,0.01587,0.01784,0.01719,0.01554,-51.62359,-2221.00000
0.18460,0.18361,0.19578,0.19249,0.18854,0.17539,0.17078,0.17670,0.17539,0.17670,0.01752,0.01982,0.02179,0.01488,0.01357,-52.92605,-2220.00000
0.19677,0.18756,0.19052,0.19183,0.19118,0.17572,0.17506,0.17276,0.17835,0.17868,0.01719,0.01587,0.01554,0.01686,0.01949,-52.92605,-2219.00000
0.18822,0.19907,0.18953,0.19381,0.18822,0.17769,0.17473,0.17177,0.17407,0.17572,0.01653,0.01554,0.01817,0.01686,0.01587,-53.97035,-2218.00000
0.19118,0.18953,0.19644,0.18394,0.19381,0.17177,0.17572,0.16914,0.17243,0.17802,0.01554,0.01554,0.01686,0.01949,0.01686,-53.97035,-2217.00000
0.18854,0.18986,0.18657,0.18822,0.18558,0.17868,0.17703,0.17605,0.17407,0.17802,0.01686,0.01817,0.02113,0.01620,0.01752,-54.19465,-2216.00000
0.18394,0.19282,0.18723,0.19414,0.19216,0.17506,0.17506,0.17078,0.17572,0.17802,0.01653,0.01719,0.01686,0.01225,0.01587,-54.19465,-2215.00000
0.18526,0.19249,0.18591,0.19216,0.18657,0.17703,0.17473,0.17473,0.17210,0.17309,0.01883,0.01817,0.01456,0.01916,0.02015,-54.30436,-2214.00000
0.19118,0.19019,0.19052,0.18920,0.19414,0.17309,0.17572,0.17769,0.17210,0.17276,0.01620,0.01850,0.01587,0.01554,0.01949,-54.30436,-2213.00000
0.19019,0.18657,0.18953,0.18887,0.19578,0.17342,0.17473,0.17243,0.17670,0.17572,0.01390,0.01686,0.01554,0.01488,0.01982,-54.92317,-2212.00000
0.19578,0.18098,0.19348,0.18394,0.18822,0.17407,0.17045,0.17572,0.17901,0.17802,0.01488,0.01686,0.01488,0.01916,0.01554,-54.92317,-2211.00000
0.18789,0.18986,0.18854,0.18690,0.19183,0.17309,0.17473,0.17670,0.17901,0.17506,0.01883,0.01653,0.01883,0.01521,0.01752,-55.43034,-2210.00000
0.18394,0.18591,0.19150,0.18920,0.19348,0.17605,0.17670,0.17572,0.17342,0.17144,0.01784,0.01291,0.01554,0.01587,0.01587,-55.43034,-2209.00000
0.18822,0.19677,0.18591,0.18789,0.18953,0.17539,0.17769,0.16848,0.17309,0.17309,0.01521,0.01620,0.01488,0.01554,0.01028,-55.59847,-2208.00000
0.18723,0.19183,0.19052,0.19512,0.19085,0.17111,0.17802,0.17539,0.17539,0.16980,0.01291,0.01850,0.01291,0.02146,0.02113,-55.59847,-2207.00000
0.18493,0.19019,0.19150,0.19315,0.18361,0.17605,0.17144,0.17638,0.17440,0.17605,0.01784,0.01916,0.01423,0.01653,0.01521,-54.71574,-2206.00000
0.18789,0.19183,0.18164,0.19216,0.19019,0.17605,0.17539,0.17045,0.17802,0.17670,0.01784,0.01456,0.02179,0.02113,0.01883,-54.71574,-2205.00000
0.18953,0.19118,0.19150,0.19052,0.18953,0.17309,0.17638,0.17440,0.17539,0.17769,0.02080,0.02015,0.01587,0.01752,0.01554,-53.64937,-2204.00000
0.18953,0.19118,0.19183,0.18920,0.18789,0.17506,0.17670,0.17309,0.17539,0.17736,0.01653,0.01521,0.01653,0.02015,0.01916,-53.64937,-2203.00000
0.18690,0.18986,0.19282,0.18591,0.19085,0.17703,0.17868,0.17473,0.17802,0.17670,0.01620,0.01620,0.01127,0.01686,0.01357,-54.17088,-2202.00000
0.19150,0.19249,0.19446,0.18887,0.19150,0.17440,0.17144,0.17342,0.17835,0.17407,0.01719,0.01752,0.01192,0.01784,0.01423,-54.17088,-2201.00000
0.19545,0.19118,0.18624,0.18789,0.18789,0.16881,0.17473,0.17473,0.17670,0.17473,0.01883,0.01653,0.01686,0.01554,0.01883,-53.71630,-2200.00000
0.19381,0.18690,0.18756,0.18690,0.19085,0.17473,0.17638,0.17605,0.17868,0.17901,0.01817,0.01554,0.01883,0.01719,0.01752,-53.71630,-2199.00000
0.18526,0.19348,0.19216,0.19085,0.19183,0.17802,0.17835,0.17473,0.17374,0.17703,0.01554,0.01258,0.01554,0.01817,0.01653,-54.41674,-2198.00000
0.18920,0.18690,0.19118,0.18558,0.19578,0.17539,0.17966,0.17440,0.17177,0.17210,0.01686,0.01324,0.01554,0.01620,0.01850,-54.41674,-2197.00000
0.19775,0.18854,0.19183,0.18854,0.18657,0.17868,0.17572,0.17539,0.17802,0.17111,0.01324,0.01554,0.01752,0.01390,0.01653,-55.54333,-2196.00000
0.18690,0.18460,0.19052,0.18920,0.19052,0.16881,0.17407,0.17210,0.17901,0.17407,0.01817,0.01620,0.01817,0.01390,0.01291,-55.54333,-2195.00000
0.19874,0.18197,0.18854,0.19052,0.19052,0.17342,0.17539,0.17769,0.17605,0.17440,0.01719,0.01686,0.01291,0.01587,0.01752,-54.83954,-2194.00000
0.18328,0.19578,0.18953,0.18887,0.19150,0.17802,0.17605,0.17342,0.17736,0.17605,0.01620,0.01719,0.01784,0.01850,0.01390,-54.83954,-2193.00000
0.19019,0.19150,0.18854,0.19019,0.19183,0.17342,0.17407,0.17835,0.17276,0.17605,0.01488,0.01357,0.01456,0.01850,0.01291,-55.65707,-2192.00000
0.18690,0.18558,0.18986,0.18854,0.18887,0.17473,0.17572,0.17374,0.17605,0.17999,0.01653,0.01127,0.01225,0.01554,0.01357,-55.65707,-2191.00000
0.18756,0.19315,0.18822,0.18262,0.18690,0.17736,0.17835,0.17605,0.17769,0.17506,0.01225,0.01423,0.01554,0.01225,0.01587,-55.73869,-2190.00000
0.18723,0.18591,0.19381,0.18854,0.19282,0.17407,0.17802,0.17572,0.17670,0.17835,0.01225,0.01324,0.01784,0.01291,0.01521,-55.73869,-2189.00000
0.19315,0.18986,0.18986,0.19216,0.19973,0.17506,0.17868,0.17473,0.17769,0.17342,0.01423,0.01456,0.01521,0.01653,0.01521,-56.18478,-2188.00000
0.18920,0.19085,0.18920,0.19150,0.18887,0.17440,0.17440,0.17407,0.18032,0.17769,0.01883,0.01225,0.01686,0.02113,0.01225,-56.18478,-2187.00000
0.19249,0.18986,0.18822,0.19183,0.18822,0.17210,0.17999,0.17506,0.17605,0.16848,0.01883,0.01686,0.01521,0.01291,0.01521,-56.12461,-2186.00000
0.18723,0.18920,0.18624,0.18854,0.18262,0.17309,0.17506,0.17144,0.17342,0.17013,0.01423,0.01160,0.01521,0.01258,0.01719,-56.12461,-2185.00000
0.18920,0.19315,0.18854,0.19019,0.19118,0.17407,0.17374,0.17309,0.17670,0.17440,0.01061,0.01456,0.01456,0.01357,0.01488,-55.42559,-2184.00000
0.18427,0.19118,0.18460,0.19414,0.19315,0.17638,0.17407,0.17572,0.17342,0.17539,0.01357,0.01390,0.01423,0.01521,0.01192,-55.42559,-2183.00000
0.18789,0.18887,0.18854,0.19150,0.18493,0.17901,0.17342,0.17572,0.17243,0.17506,0.01949,0.01258,0.01456,0.01390,0.01423,-55.33975,-2182.00000
0.19677,0.18854,0.19019,0.18723,0.19348,0.17638,0.17407,0.17605,0.17506,0.17802,0.01587,0.01390,0.01225,0.01587,0.01488,-55.33975,-2181.00000
0.18953,0.18789,0.18887,0.19150,0.17802,0.17210,0.18098,0.17539,0.17802,0.17572,0.00995,0.01719,0.01521,0.01653,0.01291,-54.55220,-2180.00000
0.19414,0.18822,0.18822,0.19118,0.18986,0.17374,0.17703,0.17407,0.17013,0.17342,0.01488,0.01456,0.01521,0.01587,0.01357,-54.55220,-2179.00000
0.19216,0.19512,0.18493,0.19578,0.18887,0.17868,0.17473,0.17539,0.17374,0.17638,0.01949,0.01192,0.01554,0.01423,0.01061,-55.11790,-2178.00000
0.18854,0.19446,0.18822,0.19348,0.18854,0.17407,0.17374,0.17374,0.17703,0.17835,0.01521,0.01291,0.00995,0.01653,0.01390,-55.11790,-2177.00000
0.19019,0.19150,0.18822,0.18986,0.18887,0.17177,0.17243,0.17506,0.17440,0.17736,0.01488,0.01456,0.01258,0.01587,0.01817,-54.87584,-2176.00000
0.18789,0.18493,0.18723,0.18920,0.18854,0.17506,0.17342,0.17309,0.17868,0.17802,0.01719,0.01620,0.01225,0.01127,0.01488,-54.87584,-2175.00000
0.19381,0.18526,0.19085,0.18789,0.18756,0.17703,0.17144,0.17703,0.17572,0.17309,0.01225,0.01390,0.01291,0.01883,0.01488,-54.23724,-2174.00000
0.18887,0.18822,0.19183,0.18427,0.18756,0.17572,0.17736,0.18131,0.17736,0.17374,0.01488,0.01291,0.01390,0.01192,0.01192,-54.23724,-2173.00000
0.18493,0.18789,0.19085,0.18986,0.19381,0.17670,0.17276,0.17736,0.17868,0.17769,0.01423,0.01291,0.01357,0.01094,0.01127,-54.16208,-2172.00000
0.19414,0.18624,0.19085,0.18591,0.19414,0.17243,0.17473,0.17670,0.17407,0.17966,0.01456,0.01258,0.01488,0.01620,0.01225,-54.16208,-2171.00000
0.18723,0.19282,0.19216,0.18986,0.19644,0.17473,0.17736,0.17276,0.17342,0.17407,0.01258,0.01094,0.01192,0.01456,0.01324,-54.05125,-2170.00000
0.18558,0.18789,0.19578,0.18197,0.18756,0.17243,0.17638,0.17407,0.16980,0.17210,0.01587,0.01192,0.01357,0.01521,0.01390,-54.05125,-2169.00000
0.19052,0.18789,0.19183,0.18920,0.18986,0.17572,0.17835,0.17506,0.17309,0.17638,0.01225,0.01423,0.01225,0.01258,0.00765,-53.83227,-2168.00000
0.19019,0.18789,0.18558,0.18657,0.18657,0.17440,0.17572,0.17539,0.17440,0.17835,0.01521,0.01521,0.01094,0.01225,0.01192,-53.83227,-2167.00000
0.19118,0.19085,0.18526,0.18887,0.18690,0.17243,0.17473,0.17901,0.17703,0.17111,0.01686,0.01423,0.01291,0.01587,0.01357,-53.97180,-2166.00000
0.18887,0.18230,0.19414,0.18624,0.18822,0.17144,0.17901,0.17111,0.17769,0.17210,0.01061,0.01456,0.01357,0.01423,0.01324,-53.97180,-2165.00000
0.19085,0.18822,0.19052,0.19118,0.19446,0.17539,0.17901,0.17440,0.17374,0.17572,0.01752,0.01094,0.01160,0.01357,0.01160,-54.78131,-2164.00000
0.18789,0.19052,0.18394,0.18822,0.18986,0.17210,0.17835,0.17539,0.17638,0.17210,0.01488,0.01521,0.01291,0.01225,0.01488,-54.78131,-2163.00000
0.18854,0.19183,0.19545,0.18394,0.19446,0.17703,0.17276,0.17144,0.17243,0.17276,0.01192,0.01225,0.00962,0.01258,0.01225,-55.02249,-2162.00000
0.18789,0.19019,0.18657,0.18986,0.18854,0.17144,0.17506,0.17078,0.17473,0.17473,0.01390,0.01719,0.01456,0.01324,0.00896,-55.02249,-2161.00000
0.19216,0.18986,0.18723,0.19315,0.18493,0.17539,0.17572,0.17736,0.17572,0.17177,0.01291,0.01258,0.01291,0.00962,0.01291,-55.15285,-2160.00000
0.18690,0.19085,0.18690,0.19150,0.18756,0.17407,0.17572,0.17078,0.17473,0.17802,0.01390,0.01061,0.01127,0.00995,0.01061,-55.15285,-2159.00000
0.18460,0.18493,0.19183,0.18953,0.18822,0.17473,0.17342,0.17374,0.17210,0.17177,0.01160,0.01127,0.00864,0.01357,0.01620,-55.35230,-2158.00000
0.18854,0.18394,0.18789,0.18986,0.18394,0.17078,0.17835,0.17407,0.17835,0.18032,0.01061,0.01028,0.01094,0.01225,0.01390,-55.35230,-2157.00000
0.18690,0.19118,0.18789,0.18789,0.18723,0.17605,0.17144,0.17506,0.17605,0.17473,0.01192,0.01488,0.01423,0.01192,0.01258,-55.38123,-2156.00000
0.18690,0.18460,0.18756,0.19052,0.18690,0.17111,0.17374,0.17605,0.17276,0.17276,0.01291,0.01258,0.01488,0.01324,0.00896,-55.38123,-2155.00000
0.18723,0.19019,0.18657,0.19216,0.18822,0.17703,0.17407,0.17276,0.17407,0.17638,0.01192,0.01488,0.01160,0.01028,0.01488,-55.72040,-2154.00000
0.18394,0.19315,0.18887,0.19150,0.19019,0.17670,0.17078,0.17539,0.17473,0.17374,0.01456,0.01258,0.01390,0.01192,0.01456,-55.72040,-2153.00000
0.19183,0.18624,0.18624,0.18986,0.19282,0.17243,0.17539,0.17374,0.17572,0.17473,0.01686,0.01094,0.01686,0.01423,0.00699,-56.09995,-2152.00000
0.19150,0.18986,0.19315,0.18394,0.19183,0.17111,0.17703,0.17999,0.17440,0.17802,0.01324,0.01357,0.00995,0.01225,0.01456,-56.09995,-2151.00000
0.19249,0.19085,0.19183,0.18756,0.19019,0.17638,0.17473,0.17177,0.17802,0.17835,0.00995,0.01192,0.01324,0.01488,0.01192,-56.38738,-2150.00000
0.19216,0.18756,0.19085,0.18723,0.18887,0.17078,0.17605,0.17572,0.17966,0.17506,0.00995,0.00995,0.01456,0.01357,0.00864,-56.38738,-2149.00000
0.19150,0.18756,0.18690,0.18953,0.19085,0.17966,0.17605,0.17835,0.17670,0.17045,0.01094,0.01324,0.01061,0.00864,0.01390,-55.50082,-2148.00000
0.19052,0.18854,0.19019,0.19315,0.18887,0.17177,0.17670,0.17670,0.18262,0.17473,0.01423,0.01258,0.01456,0.01192,0.01390,-55.50082,-2147.00000
0.18887,0.18723,0.18657,0.19414,0.18920,0.17473,0.17309,0.17243,0.17769,0.17045,0.01291,0.00929,0.01028,0.01488,0.01456,-54.70353,-2146.00000
0.18920,0.19414,0.18887,0.18920,0.19019,0.17736,0.17407,0.17440,0.18262,0.17638,0.01061,0.01160,0.01028,0.01291,0.01028,-54.70353,-2145.00000
0.18526,0.19183,0.19348,0.19118,0.18986,0.17210,0.17539,0.17835,0.17703,0.17309,0.01094,0.01061,0.00995,0.01291,0.01028,-54.84444,-2144.00000
0.18723,0.19282,0.18822,0.19150,0.18822,0.17605,0.17078,0.17374,0.17276,0.17144,0.01192,0.00896,0.00929,0.01324,0.01160,-54.84444,-2143.00000
0.19545,0.19183,0.18690,0.18756,0.18657,0.17572,0.17473,0.17572,0.17703,0.17144,0.01225,0.00995,0.01324,0.00896,0.01521,-55.01988,-2142.00000
0.18756,0.18756,0.18822,0.19085,0.18854,0.17407,0.17045,0.17342,0.17736,0.17111,0.00962,0.01258,0.00929,0.01127,0.01324,-55.01988,-2141.00000
0.18460,0.18164,0.19611,0.18558,0.18756,0.17276,0.17835,0.17638,0.17407,0.17111,0.01192,0.01554,0.01291,0.00864,0.00995,-55.15886,-2140.00000
0.18953,0.18262,0.19216,0.18789,0.18986,0.17638,0.17835,0.17078,0.17144,0.17407,0.01127,0.00798,0.01160,0.01160,0.01094,-55.15886,-2139.00000
0.18953,0.18394,0.19052,0.18920,0.18920,0.17868,0.17078,0.17374,0.17506,0.17473,0.01028,0.01258,0.01357,0.01225,0.01028,-55.14291,-2138.00000
0.18854,0.18887,0.18887,0.18920,0.19052,0.17506,0.17210,0.17276,0.17276,0.17144,0.01160,0.01258,0.01587,0.00633,0.01258,-55.14291,-2137.00000
0.18986,0.18723,0.18558,0.18756,0.19150,0.17276,0.17539,0.17078,0.17572,0.17243,0.00929,0.01192,0.00896,0.01192,0.01258,-54.67351,-2136.00000
0.18657,0.19512,0.19150,0.18262,0.18591,0.17506,0.16947,0.17210,0.17407,0.17276,0.01094,0.01061,0.00896,0.01258,0.00864,-54.67351,-2135.00000
0.18526,0.18953,0.18986,0.18723,0.18427,0.17407,0.17638,0.17276,0.17342,0.17243,0.01028,0.01324,0.01094,0.00962,0.01192,-53.91390,-2134.00000
0.18657,0.17999,0.18822,0.18920,0.18822,0.17703,0.17605,0.17309,0.18262,0.16881,0.01028,0.00929,0.01357,0.01160,0.00864,-53.91390,-2133.00000
0.19052,0.19052,0.19019,0.18887,0.18657,0.17572,0.17407,0.17506,0.17210,0.17539,0.01587,0.01160,0.01028,0.01225,0.00962,-54.12736,-2132.00000
0.18789,0.18394,0.19479,0.18591,0.19052,0.17309,0.17177,0.17473,0.17934,0.17605,0.01291,0.00962,0.01160,0.01028,0.00962,-54.12736,-2131.00000
0.19019,0.19118,0.18723,0.18953,0.18460,0.17342,0.17440,0.17243,0.17670,0.17473,0.00864,0.00962,0.00962,0.00502,0.00864,-53.95333,-2130.00000
0.18427,0.18756,0.18723,0.19085,0.19348,0.17177,0.17210,0.17342,0.17374,0.17342,0.00831,0.00995,0.01258,0.01094,0.00962,-53.95333,-2129.00000
0.19150,0.18591,0.19118,0.18657,0.19183,0.16980,0.17045,0.17539,0.17342,0.17868,0.00633,0.01160,0.01094,0.00929,0.01127,-54.88194,-2128.00000
0.18493,0.18789,0.19052,0.18723,0.19019,0.17539,0.17539,0.17473,0.17078,0.17506,0.00995,0.00864,0.01061,0.01127,0.00798,-54.88194,-2127.00000
0.18493,0.18558,0.18032,0.19348,0.18065,0.18230,0.17506,0.17440,0.17835,0.17013,0.00699,0.00831,0.01028,0.00962,0.01160,-55.87114,-2126.00000
0.19249,0.18460,0.18822,0.18822,0.18986,0.17440,0.17638,0.17835,0.17638,0.17144,0.01094,0.00929,0.00568,0.01160,0.01390,-55.87114,-2125.00000
0.19282,0.19282,0.18756,0.18920,0.19085,0.17144,0.17243,0.17177,0.17407,0.17177,0.01094,0.00962,0.00995,0.00864,0.01127,-56.55374,-2124.00000
0.18756,0.18690,0.18854,0.18690,0.18789,0.17769,0.17407,0.17539,0.17407,0.17342,0.01127,0.00798,0.00831,0.00699,0.00995,-56.55374,-2123.00000
0.19118,0.18295,0.19216,0.18822,0.18953,0.16651,0.17144,0.17539,0.17440,0.17374,0.00995,0.00765,0.01094,0.01160,0.00896,-56.10402,-2122.00000
0.19085,0.18854,0.18953,0.19052,0.18164,0.17111,0.17539,0.17802,0.17210,0.17374,0.01192,0.00502,0.00929,0.01160,0.00469,-56.10402,-2121.00000
0.18591,0.19611,0.18953,0.18756,0.18394,0.17045,0.17309,0.17638,0.18032,0.17210,0.00699,0.00929,0.00995,0.00798,0.00864,-55.82300,-2120.00000
0.18690,0.18756,0.18822,0.19019,0.18394,0.17144,0.17013,0.17440,0.17144,0.17374,0.00896,0.00962,0.00896,0.01061,0.00864,-55.82300,-2119.00000
0.18361,0.18624,0.18920,0.18723,0.18986,0.17506,0.17243,0.17276,0.16782,0.17440,0.00995,0.00798,0.00864,0.00962,0.00962,-54.73523,-2118.00000
0.18460,0.18920,0.19118,0.18690,0.19019,0.17539,0.17440,0.17736,0.17670,0.17078,0.00995,0.00469,0.00798,0.01258,0.00633,-54.73523,-2117.00000
0.18230,0.18920,0.19085,0.18822,0.19183,0.17670,0.18098,0.17407,0.17736,0.17769,0.00633,0.00699,0.01028,0.01127,0.00666,-54.80658,-2116.00000
0.18690,0.19446,0.19249,0.19315,0.18394,0.17440,0.17473,0.17177,0.17111,0.17309,0.00864,0.00864,0.01225,0.00666,0.00864,-54.80658,-2115.00000
0.19118,0.19019,0.18822,0.18624,0.19052,0.17309,0.17309,0.17407,0.17276,0.17440,0.00633,0.00864,0.00765,0.00962,0.00929,-55.21091,-2114.00000
0.19381,0.18690,0.18657,0.18986,0.19019,0.17177,0.17572,0.17539,0.17210,0.17703,0.00535,0.00732,0.00732,0.00929,0.00732,-55.21091,-2113.00000
0.19578,0.18854,0.18558,0.18920,0.19446,0.17440,0.17276,0.17901,0.17539,0.17440,0.00831,0.00896,0.00568,0.01160,0.00864,-54.38524,-2112.00000
0.19381,0.19249,0.17999,0.18920,0.19216,0.17605,0.17473,0.17374,0.18098,0.17802,0.00798,0.00502,0.00962,0.00633,0.01160,-54.38524,-2111.00000
0.18887,0.18591,0.18526,0.18789,0.19348,0.17111,0.17309,0.17473,0.17342,0.17407,0.00370,0.00469,0.00633,0.00732,0.00929,-55.67162,-2110.00000
0.19085,0.19249,0.18427,0.19315,0.18558,0.17243,0.17506,0.17144,0.17572,0.17539,0.00929,0.00896,0.00798,0.00962,0.01028,-55.67162,-2109.00000
0.18394,0.19479,0.18657,0.19118,0.19183,0.17966,0.17407,0.17670,0.17802,0.17670,0.01160,0.00699,0.00732,0.01061,0.00864,-54.88659,-2108.00000
0.18657,0.18230,0.19019,0.18986,0.18756,0.17078,0.17670,0.17407,0.17539,0.17769,0.00666,0.00831,0.01160,0.00732,0.00995,-54.88659,-2107.00000
0.18493,0.18887,0.18756,0.19085,0.19150,0.17605,0.17342,0.17111,0.17506,0.17177,0.00666,0.00370,0.00436,0.00896,0.00600,-55.13128,-2106.00000
0.18197,0.18822,0.18920,0.18295,0.18789,0.17111,0.17473,0.17835,0.17309,0.17243,0.00798,0.01028,0.00831,0.01127,0.00929,-55.13128,-2105.00000
0.18657,0.18460,0.18887,0.18328,0.18822,0.17440,0.17605,0.17440,0.17177,0.17177,0.00535,0.01094,0.00798,0.00929,0.00929,-55.06076,-2104.00000
0.18986,0.18723,0.18624,0.18361,0.18854,0.17374,0.17144,0.17572,0.17111,0.17342,0.00535,0.00600,0.01028,0.00864,0.00699,-55.06076,-2103.00000
0.18822,0.19348,0.18591,0.19282,0.18920,0.17374,0.17144,0.17638,0.17868,0.17506,0.00962,0.00732,0.00896,0.00929,0.00600,-54.75694,-2102.00000
0.19118,0.18756,0.18887,0.18789,0.18394,0.17440,0.17111,0.17374,0.17440,0.17243,0.00370,0.00403,0.00732,0.00502,0.00469,-54.75694,-2101.00000
0.18953,0.18394,0.18953,0.19052,0.18756,0.17045,0.17506,0.17342,0.17210,0.18197,0.00469,0.00699,0.00666,0.00633,0.01061,-53.78960,-2100.00000
0.18197,0.18986,0.18854,0.18328,0.19118,0.17473,0.18032,0.17440,0.17638,0.17243,0.00864,0.00831,0.00469,0.00798,0.00798,-53.78960,-2099.00000
0.19578,0.18657,0.18854,0.18558,0.18427,0.17210,0.17276,0.17407,0.17638,0.17901,0.00831,0.00765,0.00436,0.01160,0.00502,-55.30545,-2098.00000
0.19381,0.19216,0.18098,0.18920,0.18558,0.17309,0.16980,0.17276,0.17309,0.17440,0.00798,0.00765,0.00337,0.00798,0.00765,-55.30545,-2097.00000
0.18920,0.18920,0.18822,0.19545,0.18953,0.17342,0.17473,0.17769,0.17309,0.17605,0.00798,0.00962,0.00535,0.00370,0.01192,-55.26503,-2096.00000
0.18460,0.18789,0.18657,0.19381,0.18854,0.17309,0.17111,0.17736,0.17572,0.17177,0.00666,0.00535,0.00995,0.00535,0.01192,-55.26503,-2095.00000
0.18822,0.18131,0.18854,0.18920,0.19085,0.17703,0.17342,0.17605,0.17440,0.17966,0.00502,0.00699,0.00600,0.00633,0.00370,-55.91621,-2094.00000
0.19282,0.18591,0.18887,0.18723,0.18920,0.17374,0.17342,0.17342,0.16914,0.17539,0.01061,0.00732,0.00140,0.00633,0.00732,-55.91621,-2093.00000
0.18920,0.18822,0.18624,0.18131,0.18624,0.17769,0.17243,0.17473,0.17374,0.17144,0.00633,0.00666,0.00962,0.00370,0.00633,-56.40049,-2092.00000
0.18657,0.18854,0.18822,0.18756,0.19183,0.17703,0.17703,0.17210,0.17078,0.17309,0.00995,0.00568,0.00600,0.00502,0.00337,-56.40049,-2091.00000
0.19216,0.18986,0.18887,0.18986,0.18591,0.17177,0.17473,0.17638,0.17539,0.17440,0.00436,0.00469,0.00568,0.00370,0.00732,-55.71489,-2090.00000
0.18920,0.18361,0.18854,0.18887,0.18887,0.17177,0.17144,0.17473,0.17539,0.17440,0.00436,0.00370,0.00798,0.00568,0.00403,-55.71489,-2089.00000
0.19216,0.18822,0.18591,0.18493,0.19183,0.17045,0.17276,0.17342,0.17342,0.17638,0.00436,0.00699,0.00239,0.00798,0.00765,-55.54055,-2088.00000
0.18756,0.18920,0.18657,0.19052,0.18526,0.17605,0.17374,0.17013,0.17144,0.17210,0.00304,0.00469,0.00699,0.00798,0.00568,-55.54055,-2087.00000
0.18460,0.19183,0.18657,0.18822,0.18624,0.17210,0.17342,0.17572,0.17013,0.17374,0.00502,0.00436,0.00798,0.00535,0.00600,-55.36793,-2086.00000
0.18920,0.19118,0.19118,0.18920,0.18098,0.17243,0.17572,0.17506,0.17177,0.17374,0.00864,0.00304,0.00568,0.00765,0.00304,-55.36793,-2085.00000
0.19249,0.18295,0.18953,0.18361,0.18526,0.17473,0.17177,0.17243,0.17210,0.17605,0.00568,0.00370,0.00699,0.00436,0.00765,-54.38807,-2084.00000
0.18756,0.18953,0.18657,0.19282,0.18690,0.17539,0.17276,0.16947,0.17309,0.17111,0.00502,0.00535,0.00436,0.00798,0.00304,-54.38807,-2083.00000
0.18164,0.19052,0.18361,0.19085,0.19052,0.17342,0.16947,0.17605,0.17407,0.16848,0.00633,0.00469,0.00239,0.00699,0.00699,-54.31073,-2082.00000
0.18822,0.18920,0.19085,0.18690,0.19052,0.16980,0.17539,0.17342,0.17374,0.17440,0.00107,0.00535,0.00666,0.00798,0.00173,-54.31073,-2081.00000
0.18526,0.18493,0.18953,0.18723,0.18493,0.17078,0.17144,0.17013,0.17309,0.17539,0.00436,0.00272,0.00798,0.00436,0.00272,-54.62851,-2080.00000
0.19052,0.18558,0.19052,0.18920,0.18953,0.17670,0.17342,0.17276,0.17407,0.17473,0.00436,0.00568,0.00831,0.00403,-0.00057,-54.62851,-2079.00000
0.18394,0.18789,0.19150,0.18328,0.19183,0.17473,0.17638,0.17670,0.17243,0.17013,0.00732,0.00633,0.00633,0.00896,0.00666,-54.98271,-2078.00000
0.18723,0.18953,0.18789,0.18460,0.18756,0.17243,0.17473,0.17243,0.17539,0.17670,0.00666,0.00633,0.00502,0.00732,0.00896,-54.98271,-2077.00000
0.18822,0.18591,0.18624,0.18065,0.19052,0.17013,0.16881,0.17736,0.17374,0.17539,0.00173,0.00337,0.00403,0.00337,0.00535,-54.69839,-2076.00000
0.18986,0.19183,0.18690,0.18986,0.18262,0.17539,0.17276,0.17177,0.17638,0.17605,0.00436,0.00436,0.00666,0.00568,0.00370,-54.69839,-2075.00000
0.18690,0.19118,0.18460,0.19118,0.18854,0.17276,0.16980,0.17670,0.16980,0.17473,0.00732,0.00699,0.00502,0.00206,0.00502,-54.28523,-2074.00000
0.18262,0.18822,0.19085,0.18920,0.18723,0.17144,0.17144,0.17670,0.17243,0.17572,0.00666,0.00403,0.00633,0.00206,0.00568,-54.28523,-2073.00000
0.18591,0.19118,0.18756,0.18953,0.18591,0.17374,0.17670,0.17111,0.17802,0.17309,0.00633,0.00272,0.00469,0.00666,0.00568,-54.45707,-2072.00000
0.19085,0.18756,0.18624,0.19282,0.18427,0.17736,0.17111,0.17506,0.17243,0.17177,0.00436,0.00568,0.00337,0.00370,0.00732,-54.45707,-2071.00000
0.19019,0.18953,0.18887,0.18427,0.18361,0.17374,0.17703,0.17440,0.17342,0.17374,0.00469,0.00633,0.00469,0.00765,0.00732,-55.18264,-2070.00000
0.18460,0.19052,0.18756,0.18986,0.18558,0.17473,0.17374,0.17342,0.17407,0.17243,0.00304,0.00535,0.00370,0.00568,0.00502,-55.18264,-2069.00000
0.19150,0.19150,0.18789,0.18624,0.18822,0.17670,0.17276,0.17736,0.17572,0.17572,0.00502,0.00436,0.00140,0.00272,0.00041,-55.39405,-2068.00000
0.18854,0.18690,0.18723,0.18460,0.18624,0.17769,0.17440,0.16947,0.17638,0.17177,0.00600,0.00436,0.00272,0.00008,0.00140,-55.39405,-2067.00000
0.18295,0.18657,0.18690,0.18558,0.19019,0.17736,0.17473,0.17342,0.17572,0.17835,0.00732,0.00568,0.00403,0.00272,0.00568,-55.31665,-2066.00000
0.18854,0.18460,0.19019,0.18920,0.18361,0.17440,0.17374,0.17670,0.17276,0.17177,0.00633,0.00304,0.00469,0.00337,0.00337,-55.31665,-2065.00000
0.18591,0.19118,0.18887,0.18460,0.18953,0.17374,0.17736,0.17835,0.17045,0.17177,0.00272,0.00831,0.00765,0.00765,0.00436,-55.16565,-2064.00000
0.18854,0.18657,0.19249,0.18723,0.18789,0.17506,0.17769,0.17736,0.17243,0.17539,0.00666,0.00304,0.00337,0.00272,0.00272,-55.16565,-2063.00000
0.18262,0.19052,0.18558,0.18690,0.18460,0.17473,0.17473,0.17506,0.17539,0.17309,0.00337,0.00568,0.00239,0.00568,0.00337,-55.42462,-2062.00000
0.18723,0.18920,0.18361,0.19381,0.18887,0.17342,0.17309,0.17243,0.17440,0.17440,0.00304,0.00337,0.00239,0.00173,0.00370,-55.42462,-2061.00000
0.18427,0.18591,0.18690,0.18756,0.18822,0.17407,0.17407,0.16980,0.17473,0.17013,0.00600,0.00140,0.00568,0.00535,0.00666,-56.02286,-2060.00000
0.18822,0.19183,0.18690,0.19183,0.18197,0.17605,0.17342,0.17407,0.17374,0.17144,0.00535,0.00008,0.00206,0.00337,0.00206,-56.02286,-2059.00000
0.19381,0.19019,0.18558,0.18526,0.19282,0.18032,0.17144,0.17901,0.17539,0.17374,0.00403,0.00403,0.00140,0.00041,0.00337,-56.32930,-2058.00000
0.18756,0.19019,0.18822,0.18953,0.18230,0.17572,0.17670,0.17210,0.17309,0.17342,0.00140,0.00633,0.00041,0.00370,0.00008,-56.32930,-2057.00000
0.18822,0.18789,0.18920,0.18920,0.18690,0.17506,0.17703,0.17342,0.17473,0.17243,0.00272,0.00633,0.00370,0.00502,0.00502,-56.06260,-2056.00000
0.18953,0.18854,0.18690,0.18756,0.18756,0.17144,0.17374,0.17111,0.17177,0.17013,0.00041,0.00173,0.00568,0.00535,0.00272,-56.06260,-2055.00000
0.19085,0.19019,0.18164,0.18690,0.18953,0.17539,0.17407,0.17144,0.17078,0.17111,0.00173,0.00403,0.00337,0.00206,0.00304,-56.00982,-2054.00000
0.19150,0.18624,0.18789,0.19052,0.18723,0.17638,0.17276,0.17572,0.17342,0.17177,0.00304,0.00206,0.00403,0.00173,0.00633,-56.00982,-2053.00000
0.18920,0.19150,0.18756,0.18624,0.18526,0.17407,0.17407,0.17407,0.17407,0.17309,0.00272,0.00600,0.00008,-0.00057,0.00370,-56.60354,-2052.00000
0.18723,0.18657,0.18756,0.18131,0.19150,0.17407,0.17605,0.17572,0.17144,0.17177,0.00239,0.00633,0.00370,0.00469,0.00206,-56.60354,-2051.00000
0.18558,0.18822,0.18624,0.18460,0.19479,0.17638,0.16881,0.17177,0.17638,0.17506,0.00173,0.00008,0.00568,0.00502,0.00469,-55.99464,-2050.00000
0.18526,0.18854,0.18591,0.19315,0.18558,0.17835,0.17276,0.17243,0.17309,0.17111,0.00173,0.00074,0.00140,0.00568,-0.00189,-55.99464,-2049.00000
0.19085,0.18953,0.18526,0.19183,0.19414,0.17407,0.17111,0.17440,0.16848,0.17407,0.00272,0.00436,0.00239,0.00140,0.00239,-55.29957,-2048.00000
0.18822,0.18591,0.18262,0.18986,0.18427,0.17440,0.17506,0.17703,0.17473,0.17374,0.00140,0.00074,0.00304,0.00469,0.00140,-55.29957,-2047.00000
0.18920,0.19183,0.18690,0.19282,0.18986,0.16980,0.17243,0.18262,0.17309,0.17506,-0.00025,0.00337,-0.00123,0.00272,0.00502,-55.19129,-2046.00000
0.18394,0.19019,0.19085,0.18657,0.18591,0.17638,0.17638,0.17111,0.17276,0.17374,0.00370,0.00502,0.00469,-0.00090,0.00041,-55.19129,-2045.00000
0.18920,0.18822,0.19249,0.18822,0.19249,0.17769,0.17374,0.16848,0.16947,0.17013,0.00337,0.00568,0.00337,0.00403,0.00337,-54.86371,-2044.00000
0.18723,0.18591,0.18197,0.18887,0.18131,0.17506,0.17144,0.17605,0.17144,0.17210,0.00568,0.00469,0.00535,0.00173,0.00403,-54.86371,-2043.00000
0.19249,0.18098,0.18591,0.18789,0.19545,0.17407,0.17539,0.17802,0.17868,0.17243,0.00535,0.00074,0.00272,-0.00025,0.00107,-54.48996,-2042.00000
0.18690,0.19414,0.19052,0.18822,0.19216,0.17572,0.17670,0.17440,0.17638,0.17572,0.00173,0.00074,0.00140,0.00568,0.00008,-54.48996,-2041.00000
0.18986,0.18854,0.18822,0.19216,0.18427,0.17276,0.17407,0.17374,0.17342,0.17078,0.00239,0.00732,0.00008,0.00633,0.00206,-54.74010,-2040.00000
0.18986,0.18986,0.18756,0.19282,0.19446,0.17572,0.17243,0.17670,0.17177,0.17309,0.00502,0.00304,0.00074,0.00370,0.00370,-54.74010,-2039.00000
0.18756,0.18460,0.19446,0.19216,0.18591,0.17670,0.17934,0.17210,0.17736,0.17276,0.00370,0.00337,0.00272,0.00272,0.00272,-54.64056,-2038.00000
0.18822,0.19282,0.18361,0.18657,0.18591,0.17078,0.17769,0.17342,0.17342,0.17407,0.00041,0.00403,0.00469,0.00469,0.00403,-54.64056,-2037.00000
0.18690,0.18887,0.18756,0.19414,0.19578,0.17605,0.17440,0.17111,0.17539,0.17934,0.00568,0.00107,0.00173,0.00107,-0.00025,-54.22946,-2036.00000
0.18460,0.18394,0.19414,0.18887,0.18854,0.17243,0.17440,0.17572,0.17473,0.17407,-0.00189,0.00008,-0.00025,-0.00057,0.00436,-54.22946,-2035.00000
0.18756,0.18558,0.18920,0.18558,0.18953,0.17374,0.17013,0.17572,0.17177,0.17243,0.00140,0.00140,0.00436,0.00107,0.00041,-54.57078,-2034.00000
0.18986,0.18197,0.19085,0.19019,0.18953,0.16881,0.17342,0.17473,0.17506,0.17177,-0.00156,0.00140,0.00107,0.00239,0.00173,-54.57078,-2033.00000
0.18789,0.18624,0.18822,0.19052,0.19052,0.17473,0.17144,0.16914,0.17769,0.17440,0.00107,0.00206,0.00140,0.00304,0.00107,-54.92943,-2032.00000
0.18690,0.18723,0.18624,0.18197,0.19315,0.17539,0.17605,0.17473,0.17670,0.16947,0.00370,0.00469,0.00272,0.00337,0.00173,-54.92943,-2031.00000
0.18887,0.19118,0.18986,0.18460,0.18624,0.16947,0.17638,0.17506,0.17342,0.17111,-0.00090,0.00304,0.00239,0.00535,0.00041,-54.43982,-2030.00000
0.17835,0.18690,0.18493,0.18690,0.18854,0.17045,0.17374,0.17802,0.17374,0.17736,0.00074,0.00206,0.00304,0.00337,-0.00123,-54.43982,-2029.00000
0.18230,0.18427,0.19019,0.18723,0.18493,0.17473,0.17144,0.17111,0.17802,0.17276,0.00239,0.00008,0.00272,0.00041,0.00206,-54.70038,-2028.00000
0.18690,0.18822,0.18920,0.18986,0.18887,0.17210,0.17309,0.16980,0.17243,0.17177,0.00304,0.00173,0.00206,0.00140,0.00272,-54.70038,-2027.00000
0.18887,0.19381,0.18854,0.18526,0.18887,0.16881,0.17078,0.17736,0.17078,0.17210,0.00074,0.00502,0.00337,0.00403,-0.00025,-55.63876,-2026.00000
0.19150,0.18624,0.18953,0.18591,0.18986,0.17440,0.17670,0.17506,0.17407,0.17374,-0.00156,0.00436,0.00107,-0.00090,-0.00025,-55.63876,-2025.00000
0.18723,0.18920,0.18789,0.18854,0.18591,0.17210,0.17605,0.17210,0.17177,0.17835,0.00304,0.00206,0.00337,0.00304,0.00074,-55.09477,-2024.00000
0.18460,0.19315,0.18558,0.18197,0.19118,0.17111,0.17013,0.17045,0.17473,0.17374,0.00568,0.00173,0.00008,0.00272,-0.00025,-55.09477,-2023.00000
0.19249,0.18854,0.18887,0.18526,0.18953,0.17473,0.17342,0.17407,0.17539,0.17506,-0.00156,0.00041,0.00469,0.00041,0.00370,-55.86282,-2022.00000
0.18986,0.18657,0.19052,0.18394,0.19019,0.16980,0.17243,0.16980,0.16881,0.17506,0.00239,-0.00222,0.00403,-0.00222,-0.00189,-55.86282,-2021.00000
0.18230,0.18953,0.19150,0.18591,0.18558,0.16749,0.17309,0.16980,0.17835,0.17473,0.00502,0.00107,0.00140,0.00074,0.00074,-55.47291,-2020.00000
0.19052,0.18887,0.19183,0.18361,0.18986,0.17572,0.17506,0.17243,0.17111,0.17243,-0.00123,0.00206,0.00206,0.00107,0.00370,-55.47291,-2019.00000
0.18493,0.18262,0.18558,0.18822,0.18920,0.17374,0.17440,0.16947,0.17276,0.17243,0.00206,0.00008,0.00337,0.00436,-0.00321,-55.52210,-2018.00000
0.18854,0.18328,0.18953,0.18887,0.18953,0.17966,0.17243,0.17638,0.17572,0.17966,0.00403,0.00206,0.00272,0.00041,0.00370,-55.52210,-2017.00000
0.18394,0.19118,0.18361,0.19282,0.18526,0.17243,0.17440,0.16947,0.17243,0.17276,0.00173,-0.00025,0.00041,0.00206,0.00666,-55.46613,-2016.00000
0.19150,0.18624,0.18854,0.18624,0.18789,0.17309,0.17210,0.17703,0.17605,0.17605,0.00436,0.00272,0.00304,-0.00090,0.00107,-55.46613,-2015.00000
0.18723,0.18032,0.18953,0.19052,0.18657,0.17703,0.17374,0.17045,0.17144,0.17703,0.00304,-0.00156,0.00502,-0.00090,-0.00353,-55.25260,-2014.00000
0.18558,0.18361,0.18690,0.18131,0.18493,0.17539,0.17309,0.17605,0.17407,0.16782,0.00074,-0.00025,0.00403,-0.00156,-0.00222,-55.25260,-2013.00000
0.18427,0.19019,0.18394,0.18295,0.18953,0.17276,0.17638,0.17374,0.16947,0.17572,0.00436,0.00074,-0.00025,0.00272,0.00107,-55.05794,-2012.00000
0.18822,0.18887,0.18624,0.18558,0.18986,0.17309,0.17605,0.17013,0.17111,0.17670,0.00370,0.00304,0.00041,0.00206,0.00107,-55.05794,-2011.00000
0.18591,0.19019,0.19282,0.18690,0.18690,0.17736,0.17342,0.17374,0.17374,0.17670,-0.00222,0.00140,0.00140,0.00206,0.00041,-54.68961,-2010.00000
0.18328,0.18624,0.18558,0.18657,0.18690,0.17276,0.17605,0.17605,0.17309,0.17210,-0.00123,0.00074,-0.00025,-0.00025,-0.00057,-54.68961,-2009.00000
0.18690,0.18854,0.18953,0.19118,0.18723,0.17342,0.17539,0.17276,0.17440,0.17407,0.00239,0.00107,0.00370,-0.00156,0.00239,-54.40535,-2008.00000
0.18526,0.19348,0.18986,0.18986,0.18822,0.17276,0.17539,0.17572,0.17703,0.17374,0.00107,0.00502,-0.00090,0.00107,0.00140,-54.40535,-2007.00000
0.18328,0.18427,0.19381,0.18723,0.17901,0.17342,0.17440,0.17111,0.17045,0.17342,0.00403,-0.00090,0.00502,0.00206,0.00304,-54.50736,-2006.00000
0.18197,0.18657,0.18854,0.18328,0.19052,0.17539,0.17078,0.17605,0.17506,0.17440,0.00008,-0.00090,-0.00123,-0.00123,0.00041,-54.50736,-2005.00000
0.18493,0.18493,0.18920,0.18328,0.19348,0.17868,0.17605,0.17144,0.17243,0.17276,-0.00123,-0.00090,-0.00156,-0.00288,0.00140,-54.34108,-2004.00000
0.19085,0.18427,0.18624,0.18558,0.18328,0.17045,0.16980,0.17374,0.17243,0.17440,0.00304,-0.00090,0.00206,-0.00057,0.00107,-54.34108,-2003.00000
0.18230,0.18526,0.18920,0.18822,0.18262,0.17013,0.17243,0.16980,0.17210,0.17111,0.00272,0.00337,0.00074,0.00337,0.00140,-54.80482,-2002.00000
0.18591,0.18854,0.18690,0.18526,0.19150,0.17243,0.17440,0.17111,0.17013,0.17144,0.00041,-0.00057,0.00140,0.00008,-0.00057,-54.80482,-2001.00000
0.18756,0.18854,0.18690,0.18822,0.18887,0.17473,0.17835,0.17670,0.17210,0.16947,-0.00123,0.00370,0.00272,0.00074,-0.00057,-54.94880,-2000.00000
0.18822,0.18920,0.18526,0.19118,0.18789,0.17473,0.17374,0.17210,0.17440,0.17210,-0.00025,0.00008,0.00041,-0.00123,-0.00386,-54.94880,-1999.00000
0.18328,0.18591,0.18920,0.18756,0.18295,0.17276,0.17144,0.17802,0.17473,0.17736,0.00206,0.00272,0.00140,0.00074,0.00140,-55.28690,-1998.00000
0.18789,0.18723,0.19118,0.18657,0.18887,0.17342,0.17210,0.17210,0.17506,0.17638,-0.00090,-0.00288,-0.00353,0.00107,-0.00321,-55.28690,-1997.00000
0.19545,0.18690,0.18953,0.18230,0.18657,0.17539,0.17407,0.17309,0.16881,0.17078,0.00173,0.00206,0.00008,0.00074,0.00140,-55.08730,-1996.00000
0.18624,0.18558,0.18361,0.18591,0.18789,0.17539,0.16980,0.17506,0.17243,0.17342,0.00304,0.00337,-0.00025,0.00304,0.00272,-55.08730,-1995.00000
0.18920,0.18953,0.18624,0.18953,0.18558,0.17111,0.17309,0.17342,0.17374,0.17177,0.00107,0.00206,0.00272,-0.00189,-0.00025,-55.49531,-1994.00000
0.19183,0.18591,0.18920,0.18822,0.18591,0.16947,0.17374,0.17342,0.17539,0.17342,-0.00189,-0.00419,0.00041,0.00107,0.00008,-55.49531,-1993.00000
0.18690,0.18723,0.18427,0.18624,0.18526,0.16980,0.17013,0.17013,0.17440,0.17309,0.00173,0.00041,-0.00090,0.00041,0.00206,-55.78721,-1992.00000
0.18854,0.19249,0.18624,0.18690,0.19118,0.17309,0.17374,0.17473,0.17210,0.17342,-0.00156,-0.00025,0.00206,0.00074,0.00206,-55.78721,-1991.00000
0.18690,0.19216,0.18887,0.18953,0.19150,0.17407,0.17572,0.17572,0.17835,0.17407,0.00239,0.00304,-0.00288,0.00041,0.00206,-55.70854,-1990.00000
0.19052,0.18427,0.18822,0.18230,0.18887,0.17013,0.17506,0.17703,0.17440,0.17440,0.00107,-0.00189,0.00304,-0.00025,0.00206,-55.70854,-1989.00000
0.18723,0.18328,0.18493,0.18920,0.18657,0.17473,0.17605,0.17440,0.17638,0.17342,-0.00321,0.00469,-0.00025,0.00008,0.00107,-55.34939,-1988.00000
0.19183,0.18526,0.18756,0.17802,0.19348,0.17243,0.17802,0.17309,0.17506,0.17177,-0.00518,-0.00156,0.00140,-0.00189,0.00304,-55.34939,-1987.00000
0.18262,0.18591,0.19183,0.18822,0.18756,0.17638,0.17638,0.17374,0.17309,0.16815,-0.00123,0.00008,-0.00025,0.00041,0.00074,-55.66542,-1986.00000
0.18230,0.18230,0.18789,0.18657,0.18822,0.17506,0.17243,0.17309,0.17670,0.17342,-0.00189,-0.00025,0.00041,-0.00353,0.00239,-55.66542,-1985.00000
0.18920,0.18789,0.19019,0.19249,0.19052,0.17769,0.17342,0.17638,0.17342,0.17144,0.00436,-0.00025,0.00272,0.00140,0.00041,-54.94697,-1984.00000
0.19052,0.18493,0.18427,0.18920,0.18262,0.17440,0.17506,0.16881,0.17638,0.16914,-0.00255,-0.00353,-0.00584,0.00140,-0.00222,-54.94697,-1983.00000
0.18920,0.18920,0.19052,0.18526,0.18690,0.16914,0.17243,0.17638,0.17078,0.17638,0.00107,0.00370,0.00074,0.00041,-0.00288,-54.92221,-1982.00000
0.18624,0.18756,0.19118,0.18822,0.18986,0.17407,0.17407,0.17638,0.17440,0.17144,-0.00353,-0.00090,0.00008,0.00272,0.00140,-54.92221,-1981.00000
0.18723,0.18920,0.18558,0.18493,0.18493,0.17276,0.17276,0.17309,0.17342,0.17013,0.00304,-0.00386,0.00173,-0.00025,0.00041,-54.79021,-1980.00000
0.18591,0.18986,0.18789,0.18526,0.19282,0.17111,0.17374,0.17342,0.17111,0.17078,0.00633,0.00304,-0.00222,-0.00419,0.00173,-54.79021,-1979.00000
0.18854,0.18953,0.19414,0.18887,0.18361,0.17407,0.16881,0.17802,0.17045,0.17572,-0.00222,0.00140,0.00107,0.00370,0.00074,-54.69979,-1978.00000
0.18493,0.18756,0.18822,0.18854,0.18526,0.17045,0.17407,0.17144,0.17802,0.17374,0.00008,-0.00419,0.00140,-0.00222,-0.00025,-54.69979,-1977.00000
0.18756,0.18361,0.18394,0.18920,0.18131,0.17638,0.17243,0.16980,0.17440,0.17670,-0.00255,-0.00090,0.00107,0.00074,0.00206,-54.52519,-1976.00000
0.18591,0.19414,0.18887,0.18920,0.19282,0.16947,0.17177,0.17440,0.17309,0.17078,0.00370,0.00107,0.00041,0.00074,-0.00255,-54.52519,-1975.00000
0.19019,0.18657,0.19282,0.19183,0.18427,0.16947,0.17670,0.17473,0.17374,0.17407,0.00140,-0.00156,-0.00025,-0.00321,0.00239,-54.61855,-1974.00000
0.18624,0.19019,0.18920,0.18558,0.19414,0.17638,0.17144,0.17309,0.17210,0.17374,0.00173,0.00173,0.00206,-0.00255,-0.00057,-54.61855,-1973.00000
0.18789,0.18295,0.18558,0.18887,0.18953,0.17703,0.17210,0.16947,0.17243,0.17374,0.00107,-0.00090,-0.00090,-0.00222,0.00272,-54.61640,-1972.00000
0.18756,0.18262,0.19150,0.18624,0.19085,0.17572,0.18328,0.17342,0.17769,0.17243,0.00107,0.00206,0.00107,-0.00386,-0.00025,-54.61640,-1971.00000
0.18723,0.18690,0.18690,0.18756,0.18591,0.17703,0.17177,0.17243,0.17111,0.17374,0.00304,-0.00025,0.00041,0.00107,-0.00419,-54.29307,-1970.00000
0.18065,0.18822,0.18887,0.18526,0.18789,0.17309,0.17802,0.17144,0.17605,0.17177,-0.00288,0.00140,0.00107,-0.00090,0.00304,-54.29307,-1969.00000
0.18526,0.18953,0.19183,0.18953,0.18394,0.17177,0.17374,0.17111,0.17407,0.17473,-0.00288,-0.00288,-0.00156,0.00140,0.00173,-55.24224,-1968.00000
0.19315,0.18526,0.18164,0.19282,0.18953,0.17177,0.17407,0.17177,0.17309,0.17276,0.00239,-0.00255,0.00370,0.00304,-0.00321,-55.24224,-1967.00000
0.18493,0.19315,0.18493,0.18756,0.18624,0.17276,0.16980,0.17144,0.17407,0.17013,-0.00057,0.00074,-0.00123,0.00272,-0.00123,-55.74612,-1966.00000
0.19183,0.19183,0.19019,0.19118,0.18854,0.17309,0.17440,0.17736,0.17440,0.18065,-0.00288,-0.00057,0.00370,-0.00288,-0.00321,-55.74612,-1965.00000
0.19381,0.18526,0.18723,0.18493,0.18822,0.17276,0.17144,0.17342,0.17638,0.17111,0.00107,-0.00452,0.00041,0.00173,-0.00057,-56.02736,-1964.00000
0.18920,0.19085,0.18854,0.19841,0.18789,0.17210,0.17210,0.17243,0.17144,0.17572,0.00140,0.00041,-0.00090,0.00206,0.00041,-56.02736,-1963.00000
0.19216,0.18723,0.18789,0.18427,0.19085,0.17736,0.16980,0.17144,0.17078,0.17276,-0.00156,0.00041,-0.00090,0.00041,-0.00156,-55.97266,-1962.00000
0.19315,0.18098,0.18756,0.18427,0.18854,0.17045,0.17111,0.17539,0.17013,0.17473,-0.00156,-0.00090,0.00107,0.00239,0.00140,-55.97266,-1961.00000
0.18493,0.18887,0.18164,0.18986,0.18986,0.17703,0.17605,0.17572,0.17769,0.17407,-0.00222,-0.00025,-0.00090,0.00074,-0.00025,-55.92090,-1960.00000
0.18262,0.18460,0.18098,0.19118,0.18098,0.17177,0.17407,0.17440,0.17440,0.17638,-0.00090,0.00370,0.00272,0.00041,-0.00255,-55.92090,-1959.00000
0.18361,0.18756,0.18591,0.18394,0.18526,0.17572,0.16947,0.17276,0.17506,0.17309,-0.00123,-0.00288,-0.00156,0.00041,0.00173,-55.66309,-1958.00000
0.18065,0.18558,0.18789,0.18690,0.19216,0.17374,0.17177,0.17440,0.17572,0.17572,0.00173,0.00272,-0.00025,-0.00288,-0.00090,-55.66309,-1957.00000
0.18558,0.18887,0.18624,0.18427,0.18690,0.17638,0.17835,0.17309,0.17177,0.17309,0.00140,-0.00057,0.00008,0.00239,-0.00485,-55.66846,-1956.00000
0.19348,0.19085,0.18295,0.19512,0.19348,0.17506,0.17506,0.17736,0.17638,0.17342,-0.00025,-0.00156,0.00074,0.00337,0.00041,-55.66846,-1955.00000
0.18822,0.19150,0.18427,0.18328,0.19216,0.17276,0.17276,0.17078,0.17605,0.17342,0.00173,-0.00452,0.00206,-0.00419,0.00173,-55.44897,-1954.00000
0.18887,0.18854,0.18493,0.18986,0.18723,0.17407,0.17309,0.17638,0.17407,0.17144,0.00206,0.00107,-0.00189,-0.00123,-0.00090,-55.44897,-1953.00000
0.18953,0.18328,0.19052,0.18591,0.19019,0.17835,0.17309,0.17374,0.17177,0.17473,0.00041,0.00041,-0.00025,-0.00156,0.00436,-55.05847,-1952.00000
0.18460,0.18361,0.19118,0.18558,0.18361,0.17309,0.17342,0.17013,0.17374,0.17605,-0.00156,0.00239,0.00206,0.00173,-0.00025,-55.05847,-1951.00000
0.18690,0.18657,0.18789,0.18986,0.18920,0.17473,0.17473,0.17243,0.17407,0.17440,0.00304,0.00074,0.00074,0.00337,0.00173,-54.74359,-1950.00000
0.19348,0.18460,0.18591,0.18854,0.18460,0.17111,0.17243,0.17407,0.17111,0.17374,0.00008,-0.00090,0.00074,0.00041,0.00173,-54.74359,-1949.00000
0.19381,0.18986,0.18657,0.18657,0.18427,0.17276,0.16782,0.17111,0.17309,0.17440,-0.00090,-0.00057,0.00337,0.00140,0.00272,-53.40207,-1948.00000
0.19150,0.19118,0.18920,0.19183,0.18493,0.17539,0.17342,0.17111,0.17144,0.17473,-0.00057,-0.00156,-0.00189,-0.00288,-0.00025,-53.40207,-1947.00000
0.19052,0.18131,0.18822,0.18657,0.18262,0.17638,0.18197,0.17243,0.17506,0.17177,-0.00189,-0.00025,0.00304,0.00008,0.00206,-52.57750,-1946.00000
0.18460,0.18920,0.18822,0.18657,0.19249,0.17506,0.16980,0.17210,0.17276,0.17374,-0.00123,0.00173,0.00206,0.00173,0.00173,-52.57750,-1945.00000
0.19019,0.19085,0.19118,0.18558,0.18591,0.17309,0.17868,0.17802,0.17374,0.17111,0.00370,0.00074,-0.00222,-0.00090,-0.00353,-49.75799,-1944.00000
0.18657,0.18591,0.19183,0.18262,0.18756,0.16980,0.17111,0.17177,0.17638,0.17177,-0.00617,0.00107,-0.00057,-0.00057,-0.00321,-49.75799,-1943.00000
0.18986,0.19183,0.18887,0.19282,0.18756,0.17407,0.17177,0.17309,0.17144,0.17835,-0.00386,-0.00057,-0.00288,0.00403,0.00107,-48.61190,-1942.00000
0.18657,0.18328,0.18723,0.18920,0.18493,0.17506,0.17638,0.17605,0.17407,0.17572,-0.00485,-0.00090,-0.00452,0.00074,0.00173,-48.61190,-1941.00000
0.19118,0.18756,0.18953,0.18526,0.18887,0.17045,0.17670,0.17638,0.17374,0.17210,0.00008,-0.00090,-0.00090,-0.00090,0.00173,-51.58378,-1940.00000
0.18887,0.19150,0.18361,0.18887,0.18526,0.17243,0.17506,0.17638,0.17473,0.17703,0.00140,-0.00090,-0.00222,-0.00189,-0.00025,-51.58378,-1939.00000
0.19052,0.18558,0.18098,0.18558,0.19052,0.17342,0.17111,0.16815,0.17506,0.17868,-0.00057,0.00074,0.00008,0.00272,-0.00321,-53.47744,-1938.00000
0.18262,0.18262,0.18262,0.18493,0.19118,0.17638,0.17703,0.17572,0.17111,0.17473,0.00140,-0.00222,-0.00222,0.00239,0.00008,-53.47744,-1937.00000
0.18887,0.18723,0.18295,0.18328,0.18690,0.17440,0.17342,0.17769,0.17177,0.17177,-0.00123,-0.00189,-0.00090,0.00041,-0.00288,-54.13618,-1936.00000
0.19249,0.19019,0.18493,0.18854,0.18756,0.17144,0.17045,0.17769,0.17703,0.17506,0.00173,0.00041,-0.00222,0.00206,0.00041,-54.13618,-1935.00000
0.18460,0.19216,0.18493,0.18427,0.18690,0.17111,0.17210,0.17506,0.17407,0.17670,-0.00189,0.00140,-0.00123,0.00173,0.00173,-54.90500,-1934.00000
0.18789,0.18887,0.18723,0.18493,0.18394,0.17374,0.17407,0.17111,0.17802,0.17342,-0.00025,0.00140,-0.00057,-0.00222,-0.00222,-54.90500,-1933.00000
0.18657,0.18887,0.18789,0.19085,0.18591,0.17144,0.17703,0.17342,0.17605,0.17440,-0.00090,-0.00156,0.00140,-0.00288,-0.00255,-54.77672,-1932.00000
0.17835,0.18197,0.18624,0.18361,0.18920,0.17309,0.16914,0.17473,0.17440,0.17210,-0.00255,0.00304,0.00107,0.00173,-0.00057,-54.77672,-1931.00000
0.18065,0.18986,0.18690,0.18460,0.18591,0.17342,0.17111,0.17309,0.17901,0.17605,0.00107,-0.00090,-0.00386,0.00107,0.00239,-54.96893,-1930.00000
0.18723,0.19118,0.19052,0.18526,0.18131,0.17342,0.17309,0.17276,0.17111,0.17111,-0.00025,0.00140,-0.00025,0.00206,0.00107,-54.96893,-1929.00000
0.18164,0.18986,0.18690,0.18460,0.18657,0.16947,0.16980,0.17276,0.17309,0.17144,0.00008,-0.00025,0.00107,-0.00222,0.00239,-55.21396,-1928.00000
0.18493,0.18887,0.18624,0.18756,0.18427,0.17868,0.17374,0.17374,0.17407,0.17309,-0.00189,0.00107,-0.00123,0.00008,0.00304,-55.21396,-1927.00000
0.19150,0.18756,0.19216,0.18822,0.18789,0.17703,0.17276,0.17605,0.17572,0.17572,0.00173,-0.00090,0.00008,0.00206,-0.00090,-55.69292,-1926.00000
0.19150,0.18723,0.18558,0.19282,0.18295,0.17144,0.17638,0.17539,0.17243,0.17736,-0.00222,0.00436,-0.00288,-0.00123,0.00206,-55.69292,-1925.00000
0.18953,0.18723,0.19150,0.18460,0.18986,0.17210,0.17506,0.17605,0.17572,0.17769,0.00140,-0.00156,0.00337,0.00206,0.00107,-55.77859,-1924.00000
0.18493,0.18822,0.18887,0.18953,0.18493,0.17374,0.17539,0.17605,0.17802,0.17638,-0.00353,0.00107,0.00074,-0.00255,0.00239,-55.77859,-1923.00000
0.18591,0.19052,0.18558,0.18854,0.19019,0.16881,0.17769,0.16947,0.17309,0.17045,0.00008,-0.00255,-0.00255,-0.00057,0.00206,-56.33656,-1922.00000
0.19479,0.18657,0.18361,0.18986,0.18953,0.17440,0.17769,0.17309,0.17638,0.17473,-0.00222,0.00173,-0.00452,0.00041,-0.00386,-56.33656,-1921.00000
0.19315,0.18526,0.19052,0.18526,0.18953,0.17539,0.17342,0.17638,0.17276,0.17045,-0.00057,0.00140,0.00008,0.00206,-0.00321,-55.83918,-1920.00000
0.19249,0.18822,0.18854,0.17999,0.18131,0.17177,0.17276,0.17473,0.16947,0.17210,-0.00057,0.00173,0.00140,0.00074,-0.00189,-55.83918,-1919.00000
0.19052,0.18098,0.18986,0.18032,0.18690,0.17966,0.17703,0.17473,0.17539,0.17309,0.00074,-0.00025,0.00173,-0.00123,-0.00057,-55.16324,-1918.00000
0.18723,0.18361,0.18854,0.18690,0.18065,0.17605,0.17276,0.17539,0.17342,0.17769,0.00008,-0.00025,-0.00353,0.00041,0.00041,-55.16324,-1917.00000
0.18986,0.18723,0.18657,0.18723,0.19052,0.17144,0.17440,0.17736,0.17111,0.17440,-0.00485,0.00206,0.00469,-0.00189,-0.00288,-54.76424,-1916.00000
0.18822,0.18657,0.18756,0.19348,0.19183,0.17374,0.17407,0.17440,0.17210,0.17309,0.00008,-0.00057,0.00140,-0.00386,0.00436,-54.76424,-1915.00000
0.18493,0.19019,0.18493,0.19052,0.18164,0.17506,0.17868,0.17572,0.17243,0.17572,0.00370,-0.00025,0.00272,0.00140,-0.00189,-54.29130,-1914.00000
0.18624,0.18920,0.19710,0.18164,0.18756,0.17177,0.17638,0.17572,0.17309,0.17440,-0.00156,-0.00189,0.00107,-0.00123,-0.00189,-54.29130,-1913.00000
0.18526,0.19282,0.18526,0.18723,0.18986,0.17407,0.17473,0.17177,0.17374,0.17407,-0.00025,0.00041,-0.00255,0.00041,-0.00222,-54.32583,-1912.00000
0.18723,0.18230,0.19085,0.19052,0.18887,0.17342,0.17374,0.17111,0.17473,0.16980,0.00140,0.00272,0.00074,0.00239,0.00107,-54.32583,-1911.00000
0.18920,0.18558,0.18789,0.18460,0.18887,0.17144,0.16881,0.17309,0.17638,0.17374,0.00041,-0.00025,-0.00090,-0.00222,-0.00090,-54.23078,-1910.00000
0.18295,0.18394,0.18493,0.18460,0.18920,0.17638,0.17539,0.17736,0.17802,0.17638,-0.00156,0.00074,-0.00090,-0.00025,0.00173,-54.23078,-1909.00000
0.18394,0.19512,0.18723,0.19052,0.18789,0.17276,0.17276,0.17572,0.17440,0.17276,-0.00057,-0.00288,0.00239,0.00008,-0.00057,-54.15885,-1908.00000
0.19052,0.19085,0.18230,0.18920,0.18986,0.17638,0.17506,0.17342,0.17473,0.17539,-0.00156,0.00206,-0.00255,-0.00189,-0.00255,-54.15885,-1907.00000
0.18854,0.18920,0.18262,0.19085,0.18953,0.17407,0.17638,0.17342,0.17572,0.17111,0.00008,-0.00353,0.00074,0.00008,0.00173,-54.52571,-1906.00000
0.19282,0.18526,0.19019,0.18756,0.18657,0.16914,0.17309,0.17177,0.17769,0.17045,-0.00025,0.00041,-0.00057,0.00206,-0.00057,-54.52571,-1905.00000
0.18822,0.18920,0.18920,0.18789,0.18032,0.17177,0.16749,0.17506,0.17934,0.17177,0.00304,-0.00419,-0.00222,0.00206,-0.00551,-55.15348,-1904.00000
0.18887,0.18986,0.18131,0.18558,0.18723,0.17703,0.17407,0.17572,0.17111,0.17243,0.00239,-0.00123,0.00469,0.00074,0.00140,-55.15348,-1903.00000
0.18624,0.18493,0.18558,0.18197,0.18295,0.17605,0.17374,0.17276,0.16848,0.17078,-0.00288,-0.00090,0.00206,0.00239,-0.00485,-54.86434,-1902.00000
0.18591,0.18493,0.18986,0.19052,0.18493,0.17177,0.17177,0.17670,0.17342,0.16717,-0.00090,-0.00090,-0.00057,0.00041,-0.00288,-54.86434,-1901.00000
0.19479,0.18262,0.18723,0.18690,0.18657,0.17670,0.17572,0.17243,0.17177,0.17276,-0.00057,0.00041,-0.00288,-0.00353,-0.00123,-56.24320,-1900.00000
0.18887,0.18098,0.18197,0.19216,0.18986,0.17605,0.17144,0.17407,0.17374,0.17539,-0.00123,0.00140,0.00206,0.00074,-0.00255,-56.24320,-1899.00000
0.18920,0.19216,0.18262,0.18789,0.18690,0.17407,0.17342,0.17111,0.17177,0.17473,-0.00222,-0.00255,-0.00123,-0.00189,-0.00222,-55.69729,-1898.00000
0.19216,0.18887,0.18427,0.19249,0.18328,0.17440,0.17309,0.17835,0.17572,0.17539,-0.00321,0.00206,0.00272,0.00074,0.00008,-55.69729,-1897.00000
0.18164,0.18526,0.18920,0.18756,0.19019,0.16947,0.17276,0.17440,0.17407,0.17407,-0.00025,-0.00255,0.00272,-0.00386,0.00008,-55.74171,-1896.00000
0.19414,0.18065,0.18986,0.18427,0.18690,0.17078,0.17407,0.17473,0.17210,0.16980,-0.00123,0.00206,-0.00255,-0.00156,0.00140,-55.74171,-1895.00000
0.18789,0.18986,0.18361,0.18953,0.18427,0.17078,0.17276,0.16881,0.17210,0.17572,-0.00222,0.00008,0.00206,0.00074,-0.00353,-55.35376,-1894.00000
0.19315,0.18460,0.18986,0.18197,0.18854,0.17638,0.17473,0.17045,0.17243,0.17670,0.00140,0.00008,-0.00419,0.00173,-0.00123,-55.35376,-1893.00000
0.19216,0.18131,0.18920,0.19052,0.19249,0.17177,0.17539,0.17045,0.16980,0.17440,-0.00025,0.00140,-0.00057,-0.00189,0.00140,-55.29895,-1892.00000
0.18558,0.18493,0.18460,0.18624,0.18690,0.17342,0.16947,0.17473,0.17309,0.17440,-0.00156,-0.00321,0.00008,0.00173,-0.00123,-55.29895,-1891.00000
0.18032,0.18493,0.18098,0.18657,0.18361,0.17276,0.17374,0.17539,0.17309,0.17342,-0.00057,-0.00255,-0.00123,-0.00156,0.00074,-55.57184,-1890.00000
0.18657,0.18624,0.18230,0.18624,0.18493,0.17605,0.17605,0.16486,0.17177,0.16947,0.00107,0.00304,-0.00156,-0.00386,-0.00057,-55.57184,-1889.00000
0.18756,0.18394,0.18789,0.18493,0.18460,0.17342,0.17473,0.16848,0.17309,0.17078,-0.00353,-0.00189,0.00041,0.00206,-0.00321,-55.67410,-1888.00000
0.18460,0.18427,0.18591,0.18756,0.17901,0.17374,0.17276,0.17440,0.17111,0.17440,0.00206,-0.00321,-0.00057,-0.00321,0.00140,-55.67410,-1887.00000
0.18690,0.18887,0.18624,0.18394,0.18591,0.17276,0.17243,0.17013,0.17407,0.17210,0.00304,0.00074,-0.00353,-0.00090,0.00140,-55.42738,-1886.00000
0.18197,0.18723,0.18690,0.18723,0.18953,0.17638,0.17177,0.17276,0.16782,0.16980,-0.00222,0.00041,-0.00090,0.00041,0.00041,-55.42738,-1885.00000
0.18920,0.18657,0.18558,0.18690,0.18822,0.17539,0.17210,0.16815,0.17670,0.16881,-0.00025,0.00041,-0.00057,-0.00025,-0.00288,-55.38947,-1884.00000
0.18230,0.18822,0.18657,0.18460,0.18526,0.17703,0.17769,0.17309,0.17407,0.17243,-0.00189,-0.00025,-0.00156,-0.00123,-0.00189,-55.38947,-1883.00000
0.18361,0.18526,0.18953,0.18295,0.18624,0.17703,0.17703,0.17013,0.17703,0.17078,-0.00057,0.00074,0.00140,0.00107,-0.00057,-54.79679,-1882.00000
0.18723,0.17966,0.19019,0.18065,0.18690,0.17736,0.17638,0.16947,0.17736,0.17210,-0.00090,-0.00025,0.00633,0.00140,-0.00222,-54.79679,-1881.00000
0.18591,0.18789,0.18558,0.18262,0.18789,0.17210,0.17078,0.16881,0.17309,0.17670,0.00008,-0.00288,-0.00090,-0.00123,-0.00057,-54.58589,-1880.00000
0.18526,0.18230,0.19446,0.18526,0.18427,0.17276,0.17177,0.17539,0.17605,0.17342,-0.00255,0.00107,0.00107,-0.00057,-0.00255,-54.58589,-1879.00000
0.18065,0.18065,0.18690,0.18526,0.17736,0.17638,0.17013,0.17078,0.17539,0.17210,0.00206,0.00173,-0.00025,-0.00090,-0.00057,-54.33640,-1878.00000
0.18624,0.18756,0.18295,0.18723,0.18526,0.17210,0.17210,0.17407,0.17276,0.16815,-0.00090,0.00239,0.00041,-0.00222,-0.00386,-54.33640,-1877.00000
0.18295,0.18920,0.18295,0.18690,0.18690,0.17407,0.17078,0.17736,0.17111,0.17835,-0.00123,0.00107,-0.00222,-0.00222,0.00008,-54.97826,-1876.00000
0.18723,0.18427,0.18394,0.18657,0.18789,0.17243,0.17638,0.17243,0.17144,0.17177,-0.00090,-0.00090,0.00008,-0.00057,0.00239,-54.97826,-1875.00000
0.18986,0.18328,0.18328,0.18756,0.18230,0.17572,0.17670,0.17407,0.17473,0.17013,-0.00090,0.00239,0.00140,-0.00025,0.00041,-55.15515,-1874.00000
0.18986,0.17835,0.19150,0.17802,0.18953,0.17210,0.17374,0.17309,0.17374,0.17210,0.00008,-0.00288,0.00074,0.00041,0.00008,-55.15515,-1873.00000
0.18262,0.18558,0.18526,0.18756,0.17999,0.17901,0.17210,0.17374,0.17276,0.16881,0.00107,-0.00156,0.00041,0.00436,-0.00189,-55.34613,-1872.00000
0.18361,0.18262,0.18558,0.18460,0.18657,0.17210,0.17638,0.16947,0.17440,0.17309,-0.00057,0.00041,-0.00057,0.00041,-0.00057,-55.34613,-1871.00000
0.18131,0.18295,0.18526,0.18328,0.18822,0.17045,0.17506,0.17243,0.17309,0.17177,-0.00057,0.00008,-0.00255,-0.00255,0.00337,-55.72238,-1870.00000
0.18756,0.18756,0.18460,0.18723,0.19183,0.17473,0.17539,0.17078,0.17342,0.17736,-0.00748,0.00239,0.00173,0.00140,-0.00123,-55.72238,-1869.00000
0.18262,0.18164,0.18756,0.19052,0.18295,0.17473,0.17210,0.17210,0.17210,0.16684,-0.00090,-0.00057,-0.00255,0.00173,0.00074,-56.27183,-1868.00000
0.18131,0.18690,0.18854,0.18328,0.18526,0.17078,0.17342,0.17539,0.17736,0.16749,0.00304,-0.00057,-0.00222,0.00107,-0.00156,-56.27183,-1867.00000
0.18427,0.18328,0.18394,0.19019,0.18690,0.17111,0.17342,0.17144,0.17276,0.17638,-0.00321,0.00074,-0.00321,0.00074,-0.00090,-55.43572,-1866.00000
0.18098,0.18624,0.18756,0.18098,0.18460,0.17440,0.17078,0.17506,0.17638,0.17177,0.00173,-0.00057,-0.00025,-0.00353,-0.00057,-55.43572,-1865.00000
0.18526,0.18262,0.19150,0.18657,0.18328,0.17243,0.17210,0.17539,0.17309,0.17309,-0.00452,-0.00222,-0.00255,-0.00288,0.00304,-55.16171,-1864.00000
0.18624,0.18065,0.19019,0.18690,0.18756,0.17342,0.17243,0.17572,0.17078,0.17144,-0.00123,0.00173,-0.00222,-0.00518,-0.00057,-55.16171,-1863.00000
0.18361,0.18328,0.18986,0.18986,0.18032,0.17407,0.17243,0.17638,0.17670,0.17177,0.00008,0.00107,-0.00090,-0.00222,0.00008,-55.60820,-1862.00000
0.18328,0.18394,0.18789,0.17868,0.18427,0.16815,0.16980,0.16980,0.17506,0.17276,0.00304,-0.00123,0.00173,0.00370,0.00272,-55.60820,-1861.00000
0.18295,0.17966,0.18558,0.18690,0.18197,0.17177,0.16980,0.17473,0.17374,0.17111,-0.00156,0.00304,0.00206,-0.00156,0.00041,-55.04775,-1860.00000
0.18131,0.18920,0.18493,0.18657,0.18164,0.17374,0.17078,0.16881,0.17111,0.17440,0.00502,-0.00090,0.00107,-0.00057,-0.00321,-55.04775,-1859.00000
0.18230,0.18789,0.18164,0.18723,0.19150,0.17605,0.17473,0.17802,0.17276,0.17144,-0.00386,0.00272,-0.00123,-0.00255,-0.00156,-54.47700,-1858.00000
0.17934,0.18986,0.18197,0.18887,0.18164,0.17342,0.17210,0.17045,0.17243,0.17703,-0.00156,-0.00222,0.00173,-0.00255,-0.00386,-54.47700,-1857.00000
0.18493,0.18131,0.18394,0.18328,0.18657,0.17013,0.17210,0.16947,0.17572,0.17342,-0.00123,0.00008,0.00173,-0.00123,0.00107,-54.35520,-1856.00000
0.18822,0.18690,0.18558,0.18164,0.18558,0.17309,0.17440,0.17177,0.17210,0.17539,0.00107,0.00041,-0.00386,-0.00321,0.00140,-54.35520,-1855.00000
0.18262,0.18657,0.18986,0.18262,0.18493,0.17276,0.17276,0.17210,0.17177,0.17374,0.00074,-0.00123,-0.00123,0.00403,-0.00222,-53.76696,-1854.00000
0.18690,0.19216,0.18493,0.18920,0.18262,0.16881,0.17342,0.17506,0.17276,0.17374,-0.00057,-0.00189,0.00074,-0.00090,-0.00090,-53.76696,-1853.00000
0.18887,0.18328,0.18526,0.18822,0.18756,0.17111,0.17243,0.17111,0.17342,0.18230,0.00304,0.00008,-0.00222,-0.00255,0.00008,-51.62713,-1852.00000
0.18986,0.18493,0.18328,0.17901,0.18558,0.17407,0.17078,0.17440,0.16782,0.17638,0.00173,-0.00057,-0.00189,-0.00057,0.00107,-51.62713,-1851.00000
0.18526,0.19085,0.18361,0.18197,0.19085,0.17670,0.17539,0.17374,0.16980,0.16914,-0.00057,-0.00057,0.00074,0.00107,0.00074,-49.19980,-1850.00000
0.18295,0.19150,0.19085,0.18262,0.18986,0.17703,0.17144,0.17440,0.17539,0.17276,0.00206,-0.00025,-0.00222,-0.00419,-0.00156,-49.19980,-1849.00000
0.18361,0.17999,0.18164,0.18920,0.18558,0.16914,0.17144,0.17309,0.16980,0.17243,-0.00255,-0.00156,-0.00025,-0.00090,-0.00288,-50.01982,-1848.00000
0.18690,0.18526,0.18822,0.18328,0.18526,0.17144,0.17605,0.17374,0.17407,0.17440,0.00107,0.00107,-0.00123,0.00107,0.00239,-50.01982,-1847.00000
0.18131,0.18986,0.18526,0.17539,0.19249,0.17407,0.17144,0.17407,0.17506,0.17638,0.00140,-0.00321,-0.00090,-0.00288,0.00403,-51.21596,-1846.00000
0.18065,0.18295,0.18197,0.18295,0.18164,0.16848,0.17374,0.17539,0.17473,0.17769,-0.00025,-0.00025,0.00239,-0.00090,0.00239,-51.21596,-1845.00000
0.18756,0.18822,0.18460,0.17769,0.18756,0.16980,0.17473,0.17506,0.17243,0.17276,0.00008,-0.00189,-0.00353,0.00008,-0.00288,-52.95173,-1844.00000
0.18690,0.18789,0.18887,0.18657,0.18164,0.17407,0.17210,0.17276,0.17440,0.17769,-0.00025,0.00173,-0.00057,0.00304,-0.00288,-52.95173,-1843.00000
0.18098,0.18723,0.18493,0.18427,0.19085,0.17111,0.17473,0.17539,0.17605,0.17572,0.00206,0.00041,-0.00057,0.00041,0.00041,-53.48758,-1842.00000
0.18427,0.18460,0.18756,0.18591,0.18789,0.17473,0.17276,0.17045,0.17276,0.17407,-0.00090,-0.00156,-0.00025,0.00008,-0.00485,-53.48758,-1841.00000
0.17868,0.18230,0.18493,0.18591,0.18854,0.17144,0.17243,0.17407,0.17309,0.17144,0.00008,-0.00189,0.00107,0.00469,0.00041,-53.71401,-1840.00000
0.18526,0.18756,0.18032,0.18526,0.18230,0.17934,0.17144,0.17342,0.16914,0.17506,-0.00386,0.00140,0.00008,-0.00057,0.00074,-53.71401,-1839.00000
0.18230,0.18690,0.18887,0.18295,0.18854,0.17210,0.17276,0.17045,0.16881,0.17309,0.00173,-0.00057,0.00008,0.00074,0.00008,-54.72810,-1838.00000
0.18493,0.18493,0.18624,0.18920,0.18032,0.17835,0.17407,0.16947,0.17572,0.17210,0.00272,-0.00090,-0.00189,0.00140,0.00206,-54.72810,-1837.00000
0.18295,0.18723,0.18526,0.18427,0.18493,0.17769,0.17407,0.17210,0.17605,0.17210,-0.00353,0.00337,0.00074,-0.00353,-0.00156,-55.08866,-1836.00000
0.18164,0.18558,0.18624,0.18591,0.18624,0.17342,0.17144,0.17111,0.16815,0.17374,0.00107,0.00008,-0.00353,0.00337,-0.00156,-55.08866,-1835.00000
0.18230,0.18262,0.18394,0.18361,0.18624,0.17835,0.17473,0.16782,0.17309,0.16980,-0.00156,-0.00288,0.00008,0.00140,-0.00222,-55.11269,-1834.00000
0.18526,0.19085,0.18624,0.18460,0.18460,0.17473,0.17078,0.17045,0.17111,0.17243,-0.00025,0.00140,-0.00386,-0.00419,0.00107,-55.11269,-1833.00000
0.18657,0.18295,0.18427,0.18591,0.19019,0.17013,0.17407,0.17374,0.17078,0.17572,-0.00123,0.00206,0.00337,0.00304,-0.00222,-55.93281,-1832.00000
0.17934,0.18460,0.18427,0.18690,0.18624,0.17177,0.17276,0.17539,0.17342,0.17276,-0.00189,-0.00288,-0.00222,0.00140,-0.00090,-55.93281,-1831.00000
0.18756,0.18262,0.18526,0.18164,0.18591,0.17210,0.17243,0.17670,0.17111,0.17539,0.00140,-0.00057,0.00074,0.00206,-0.00090,-55.86191,-1830.00000
0.18098,0.18822,0.18723,0.18361,0.18460,0.17210,0.17243,0.17111,0.17177,0.17144,-0.00288,-0.00189,0.00272,-0.00123,-0.00222,-55.86191,-1829.00000
0.18262,0.19052,0.18295,0.18591,0.18460,0.17243,0.17407,0.17670,0.17309,0.17243,-0.00123,0.00074,0.00140,0.00074,-0.00057,-55.69707,-1828.00000
0.18098,0.18197,0.18690,0.18657,0.18493,0.17276,0.17638,0.17374,0.17013,0.17309,-0.00288,0.00008,0.00041,0.00337,0.00304,-55.69707,-1827.00000
0.18295,0.18789,0.18789,0.18164,0.18361,0.17473,0.16651,0.17276,0.17506,0.17506,-0.00057,0.00107,-0.00057,-0.00222,-0.00025,-55.16299,-1826.00000
0.18032,0.18854,0.18361,0.18230,0.17868,0.17374,0.16881,0.17013,0.17276,0.17210,-0.00123,-0.00222,0.00041,0.00008,0.00041,-55.16299,-1825.00000
0.18854,0.18394,0.18986,0.18361,0.17736,0.17473,0.17013,0.17374,0.17243,0.17078,-0.00057,-0.00156,0.00140,-0.00321,0.00206,-55.13520,-1824.00000
0.18164,0.18723,0.18756,0.18164,0.18427,0.17210,0.17572,0.17374,0.17243,0.17111,0.00272,-0.00222,-0.00025,0.00041,-0.00321,-55.13520,-1823.00000
0.18591,0.18591,0.18756,0.18789,0.18558,0.17210,0.17407,0.17736,0.17703,0.17342,-0.00057,-0.00156,-0.00255,0.00370,0.00173,-54.44260,-1822.00000
0.18690,0.18032,0.19348,0.17638,0.18789,0.17473,0.17638,0.17210,0.17111,0.17342,0.00041,0.00008,0.00173,-0.00485,-0.00123,-54.44260,-1821.00000
0.18262,0.18361,0.17769,0.19150,0.17999,0.17539,0.17374,0.17407,0.17045,0.17013,0.00304,-0.00156,0.00173,0.00337,0.00107,-54.15001,-1820.00000
0.18295,0.17638,0.18789,0.18131,0.18361,0.17210,0.17703,0.17013,0.17440,0.17045,-0.00189,-0.00156,-0.00057,0.00206,-0.00156,-54.15001,-1819.00000
0.19052,0.18690,0.18493,0.18690,0.18098,0.17539,0.17506,0.17407,0.17407,0.16848,0.00008,-0.00123,0.00272,-0.00123,-0.00025,-53.84991,-1818.00000
0.18262,0.18328,0.18657,0.18065,0.18394,0.17210,0.17177,0.17440,0.16980,0.17407,0.00041,0.00041,-0.00156,0.00107,0.00206,-53.84991,-1817.00000
0.17999,0.18690,0.18394,0.18230,0.18920,0.17111,0.17276,0.17013,0.17309,0.17407,-0.00057,0.00239,-0.00156,-0.00123,0.00239,-54.25161,-1816.00000
0.18361,0.18295,0.18230,0.18657,0.18427,0.17309,0.17342,0.17045,0.17901,0.17342,0.00370,-0.00057,-0.00255,0.00239,0.00535,-54.25161,-1815.00000
0.18526,0.17999,0.18690,0.18558,0.18756,0.17013,0.17835,0.18164,0.17210,0.17374,-0.00025,-0.00057,0.00107,-0.00123,-0.00090,-53.85188,-1814.00000
0.18131,0.18065,0.18164,0.18756,0.18624,0.17045,0.17374,0.17407,0.17605,0.17342,0.00008,-0.00189,-0.00189,0.00074,0.00403,-53.85188,-1813.00000
0.18131,0.18657,0.18427,0.18098,0.18164,0.16914,0.17868,0.17078,0.17440,0.17473,0.00008,-0.00386,-0.00321,-0.00288,0.00107,-54.66276,-1812.00000
0.18427,0.18098,0.18822,0.18460,0.18493,0.17276,0.17342,0.17177,0.17111,0.17374,-0.00057,0.00173,0.00008,-0.00222,0.00272,-54.66276,-1811.00000
0.18526,0.18493,0.18032,0.18756,0.18624,0.17276,0.17144,0.17309,0.17111,0.17276,-0.00123,-0.00156,0.00107,0.00008,0.00107,-55.21956,-1810.00000
0.19019,0.18558,0.18032,0.18427,0.18493,0.17374,0.17539,0.17638,0.17374,0.17638,-0.00123,0.00008,-0.00189,-0.00090,-0.00189,-55.21956,-1809.00000
0.18032,0.18164,0.18493,0.18032,0.19183,0.17506,0.17078,0.16881,0.17605,0.17243,0.00008,-0.00189,0.00206,-0.00189,0.00272,-55.65421,-1808.00000
0.18526,0.17966,0.18756,0.18427,0.18262,0.17243,0.17539,0.17374,0.17045,0.17374,0.00074,-0.00551,-0.00386,0.00272,0.00041,-55.65421,-1807.00000
0.18493,0.18164,0.17736,0.18526,0.18230,0.17539,0.17506,0.17276,0.17111,0.17276,0.00140,-0.00057,-0.00156,-0.00419,-0.00156,-55.74215,-1806.00000
0.18394,0.18723,0.17966,0.18822,0.18065,0.17111,0.17407,0.17506,0.16947,0.17407,-0.00090,-0.00123,-0.00156,-0.00222,-0.00090,-55.74215,-1805.00000
0.18295,0.18230,0.18032,0.18230,0.18164,0.17276,0.17243,0.17374,0.17407,0.16881,0.00502,-0.00485,0.00140,0.00074,-0.00025,-55.72019,-1804.00000
0.18262,0.18657,0.17934,0.18361,0.18591,0.17243,0.17144,0.17309,0.17802,0.17835,0.00140,0.00107,0.00041,0.00469,0.00074,-55.72019,-1803.00000
0.18361,0.18131,0.18328,0.18460,0.18394,0.17276,0.17407,0.16815,0.17638,0.17111,0.00239,-0.00057,-0.00090,0.00008,0.00173,-55.60424,-1802.00000
0.18460,0.18920,0.18558,0.19183,0.18558,0.17111,0.17276,0.17374,0.17506,0.17638,-0.00222,0.00041,0.00272,0.00272,0.00239,-55.60424,-1801.00000
0.18065,0.18558,0.18361,0.19282,0.18756,0.17144,0.17309,0.17506,0.17342,0.17342,0.00074,-0.00222,-0.00025,0.00370,0.00535,-55.28259,-1800.00000
0.18394,0.17934,0.18558,0.18394,0.18394,0.17473,0.17342,0.17177,0.17177,0.17013,-0.00321,0.00041,-0.00156,-0.00189,0.00107,-55.28259,-1799.00000
0.18361,0.18295,0.17901,0.18624,0.18262,0.17045,0.17309,0.17309,0.17407,0.17605,-0.00123,-0.00353,0.00041,0.00008,-0.00419,-55.11444,-1798.00000
0.17966,0.18690,0.18723,0.18230,0.18295,0.17374,0.17342,0.16980,0.17473,0.17276,0.00008,0.00107,-0.00025,-0.00321,0.00304,-55.11444,-1797.00000
0.18427,0.18230,0.18591,0.18493,0.18427,0.17276,0.17111,0.17342,0.17506,0.17210,-0.00123,0.00666,-0.00321,0.00008,-0.00090,-55.40146,-1796.00000
0.18230,0.18854,0.18624,0.18098,0.18789,0.17440,0.17342,0.17342,0.17703,0.16947,0.00074,0.00008,0.00140,-0.00057,0.00173,-55.40146,-1795.00000
0.18295,0.18657,0.18032,0.18361,0.18131,0.17309,0.17572,0.17374,0.17572,0.17210,-0.00321,0.00173,-0.00321,0.00008,-0.00123,-55.03715,-1794.00000
0.18230,0.18131,0.18723,0.18131,0.18723,0.17440,0.17177,0.17506,0.17703,0.17539,0.00008,0.00239,0.00107,0.00304,-0.00090,-55.03715,-1793.00000
0.18230,0.18065,0.18032,0.18394,0.18427,0.16881,0.17111,0.18032,0.17506,0.17276,0.00107,-0.00123,0.00140,-0.00090,0.00173,-54.41799,-1792.00000
0.17802,0.18230,0.18098,0.18164,0.18460,0.17144,0.17177,0.17473,0.17440,0.17440,-0.00090,-0.00057,0.00272,0.00008,0.00107,-54.41799,-1791.00000
0.18328,0.18526,0.18789,0.18394,0.18230,0.17374,0.16980,0.17144,0.17342,0.17276,0.00239,-0.00057,0.00041,-0.00288,-0.00156,-54.69435,-1790.00000
0.18098,0.19085,0.17901,0.17638,0.18854,0.17572,0.17473,0.17539,0.17243,0.16980,0.00041,-0.00222,-0.00288,-0.00123,-0.00025,-54.69435,-1789.00000
0.18427,0.18526,0.18690,0.18131,0.18361,0.17276,0.17638,0.17374,0.17407,0.17045,0.00272,-0.00321,0.00535,-0.00090,-0.00551,-54.02686,-1788.00000
0.18493,0.18460,0.18065,0.18295,0.18098,0.17605,0.17243,0.16980,0.17638,0.17605,-0.00255,-0.00057,-0.00090,0.00008,0.00107,-54.02686,-1787.00000
0.18394,0.18328,0.18032,0.18065,0.18427,0.16980,0.17440,0.17078,0.16881,0.17539,0.00107,-0.00288,0.00008,-0.00156,-0.00255,-54.47925,-1786.00000
0.17868,0.18328,0.18789,0.18295,0.17769,0.17605,0.17440,0.17374,0.17539,0.17276,0.00173,0.00304,-0.00452,-0.00025,-0.00025,-54.47925,-1785.00000
0.18230,0.17835,0.18065,0.17966,0.17802,0.17407,0.17769,0.17473,0.17703,0.17605,-0.00156,0.00107,-0.00090,0.00173,-0.00123,-54.41004,-1784.00000
0.18624,0.18131,0.18558,0.18624,0.18065,0.17407,0.17276,0.17276,0.17670,0.17144,0.00041,-0.00288,0.00107,0.00041,0.00206,-54.41004,-1783.00000
0.18131,0.18822,0.18591,0.18328,0.18427,0.17210,0.17342,0.17342,0.17177,0.17276,-0.00255,-0.00025,0.00239,-0.00123,-0.00156,-54.26312,-1782.00000
0.18361,0.18558,0.18558,0.18624,0.18230,0.17374,0.16947,0.17144,0.17309,0.16717,-0.00288,0.00041,0.00107,0.00173,-0.00386,-54.26312,-1781.00000
0.18690,0.17966,0.18164,0.17868,0.18493,0.17045,0.17342,0.17342,0.17013,0.16815,0.00337,-0.00321,0.00107,0.00074,0.00304,-53.51584,-1780.00000
0.17966,0.18427,0.17999,0.18394,0.17539,0.17309,0.17276,0.17440,0.17045,0.17440,-0.00288,0.00107,0.00304,0.00239,0.00535,-53.51584,-1779.00000
0.18262,0.18328,0.18131,0.18131,0.18328,0.17045,0.17210,0.17473,0.17342,0.17506,-0.00255,-0.00090,0.00041,-0.00222,-0.00025,-54.43126,-1778.00000
0.18427,0.18460,0.18230,0.17769,0.18164,0.17309,0.16782,0.17045,0.17210,0.17605,-0.00189,-0.00189,0.00074,0.00008,0.00239,-54.43126,-1777.00000
0.18558,0.18953,0.17835,0.18131,0.17670,0.17506,0.17506,0.17144,0.16684,0.17276,0.00008,0.00107,-0.00123,0.00074,-0.00123,-55.10137,-1776.00000
0.18328,0.18690,0.19019,0.18427,0.17440,0.17309,0.16980,0.17177,0.17013,0.16881,-0.00057,0.00140,0.00206,0.00008,0.00206,-55.10137,-1775.00000
0.18361,0.17934,0.17736,0.18591,0.18032,0.16815,0.17374,0.17078,0.17045,0.17572,0.00107,0.00239,-0.00321,-0.00485,0.00140,-55.95401,-1774.00000
0.18295,0.18427,0.18098,0.18690,0.18624,0.17374,0.16980,0.16881,0.17045,0.17638,0.00107,-0.00419,0.00304,-0.00057,-0.00386,-55.95401,-1773.00000
0.17934,0.18098,0.18032,0.17868,0.18427,0.17506,0.17111,0.16848,0.17045,0.17572,-0.00156,0.00304,-0.00255,-0.00025,-0.00353,-56.04341,-1772.00000
0.19150,0.18065,0.18197,0.17605,0.18065,0.17769,0.17572,0.17111,0.17473,0.17144,-0.00321,-0.00156,0.00206,0.00304,0.00008,-56.04341,-1771.00000
0.17868,0.18657,0.18789,0.17309,0.18756,0.17506,0.17078,0.17440,0.17276,0.17045,-0.00189,-0.00123,0.00272,-0.00123,0.00206,-55.51194,-1770.00000
0.18065,0.17934,0.18624,0.18361,0.18361,0.17144,0.17210,0.17078,0.17736,0.17210,-0.00123,-0.00057,-0.00222,0.00140,0.00008,-55.51194,-1769.00000
0.18065,0.18723,0.18065,0.18328,0.18164,0.16651,0.17276,0.17045,0.16782,0.16980,0.00173,0.00304,0.00239,0.00107,-0.00156,-55.56115,-1768.00000
0.18558,0.18164,0.17769,0.18460,0.18394,0.17276,0.17013,0.17572,0.16848,0.17276,0.00173,-0.00386,-0.00222,0.00041,0.00041,-55.56115,-1767.00000
0.18460,0.18065,0.17868,0.18262,0.18394,0.17210,0.17045,0.17045,0.17078,0.17276,0.00370,0.00370,0.00206,-0.00156,-0.00025,-55.10235,-1766.00000
0.17999,0.18394,0.18032,0.18032,0.17835,0.17013,0.17210,0.17177,0.16980,0.16947,-0.00090,0.00041,0.00107,0.00008,-0.00025,-55.10235,-1765.00000
0.18098,0.18493,0.17966,0.18854,0.18065,0.17670,0.17111,0.17045,0.17144,0.17210,-0.00156,-0.00189,-0.00419,-0.00189,-0.00090,-55.13174,-1764.00000
0.18230,0.17966,0.18262,0.18230,0.18328,0.17177,0.17638,0.16881,0.17276,0.17111,0.00008,-0.00353,-0.00123,-0.00189,-0.00025,-55.13174,-1763.00000
0.17769,0.17999,0.18328,0.18624,0.18065,0.17539,0.17407,0.17210,0.17605,0.17506,0.00041,0.00140,-0.00222,-0.00057,-0.00156,-54.27486,-1762.00000
0.18295,0.17539,0.18230,0.18262,0.17868,0.17703,0.17374,0.17342,0.17111,0.16947,0.00272,-0.00123,0.00008,-0.00090,-0.00025,-54.27486,-1761.00000
0.18493,0.18065,0.18394,0.18328,0.18723,0.16848,0.17276,0.17736,0.17210,0.17506,0.00074,0.00370,-0.00025,-0.00255,-0.00222,-54.20042,-1760.00000
0.18657,0.18558,0.18098,0.18295,0.18065,0.17177,0.17144,0.17769,0.16947,0.17210,0.00008,-0.00090,-0.00255,-0.00025,0.00239,-54.20042,-1759.00000
0.18230,0.17835,0.18032,0.18131,0.18361,0.17440,0.17210,0.17177,0.17144,0.17309,-0.00025,0.00436,0.00304,-0.00156,-0.00057,-54.44152,-1758.00000
0.18032,0.18394,0.17966,0.17736,0.18098,0.17144,0.17111,0.17539,0.16914,0.17276,-0.00057,-0.00090,-0.00156,-0.00255,-0.00288,-54.44152,-1757.00000
0.17966,0.17901,0.18986,0.18098,0.18065,0.17111,0.17769,0.17111,0.17638,0.17473,-0.00057,0.00041,0.00008,-0.00057,0.00074,-54.52056,-1756.00000
0.18295,0.18427,0.18493,0.17605,0.18657,0.17243,0.17473,0.17111,0.17144,0.17506,-0.00321,0.00140,0.00008,-0.00156,-0.00025,-54.52056,-1755.00000
0.17999,0.18164,0.17868,0.18262,0.17901,0.17013,0.17407,0.17572,0.17342,0.17309,-0.00090,-0.00123,0.00041,0.00239,0.00140,-54.30130,-1754.00000
0.18394,0.17802,0.18328,0.18098,0.18262,0.17177,0.16881,0.17111,0.17177,0.17670,0.00008,-0.00090,0.00140,-0.00353,-0.00090,-54.30130,-1753.00000
0.18032,0.17934,0.18295,0.17934,0.18032,0.16815,0.17210,0.17342,0.17407,0.17144,0.00173,-0.00123,0.00074,-0.00156,-0.00123,-54.86061,-1752.00000
0.18591,0.18131,0.18690,0.18526,0.18690,0.16980,0.17144,0.17177,0.17243,0.17374,0.00206,-0.00090,-0.00321,-0.00419,-0.00353,-54.86061,-1751.00000
0.18657,0.17407,0.18460,0.17999,0.18098,0.17506,0.17539,0.17144,0.17013,0.17013,0.00008,-0.00255,-0.00057,0.00074,-0.00090,-54.74476,-1750.00000
0.18164,0.17638,0.17835,0.18164,0.18197,0.17572,0.17374,0.17078,0.17309,0.17572,-0.00090,-0.00222,0.00370,0.00206,0.00008,-54.74476,-1749.00000
0.17440,0.19019,0.17802,0.18624,0.18197,0.17111,0.16914,0.17309,0.17309,0.17342,-0.00090,-0.00090,0.00173,0.00041,-0.00123,-55.00421,-1748.00000
0.17638,0.18591,0.17934,0.18460,0.17539,0.17210,0.17473,0.16782,0.17111,0.17045,-0.00353,0.00304,-0.00123,-0.00025,0.00304,-55.00421,-1747.00000
0.18361,0.18164,0.18756,0.17572,0.18427,0.16914,0.17276,0.17572,0.17177,0.17144,0.00272,0.00008,-0.00123,0.00107,-0.00156,-55.46109,-1746.00000
0.17736,0.18657,0.17901,0.18328,0.17868,0.17177,0.17572,0.16980,0.17144,0.17440,-0.00222,0.00173,-0.00255,0.00074,0.00041,-55.46109,-1745.00000
0.17901,0.17802,0.18624,0.17868,0.17407,0.17210,0.17342,0.17210,0.17670,0.17769,-0.00025,-0.00715,0.00239,0.00173,0.00008,-55.27693,-1744.00000
0.17802,0.17999,0.17966,0.17999,0.17868,0.16914,0.17407,0.17506,0.16947,0.17407,0.00008,0.00337,0.00074,-0.00156,0.00173,-55.27693,-1743.00000
0.17506,0.18328,0.18032,0.18394,0.17999,0.16947,0.17309,0.17045,0.17407,0.17045,0.00074,-0.00222,0.00107,0.00074,0.00074,-56.08085,-1742.00000
0.17934,0.17835,0.17934,0.18328,0.17769,0.17539,0.16782,0.17374,0.17045,0.17276,0.00041,0.00008,0.00173,-0.00090,-0.00386,-56.08085,-1741.00000
0.18131,0.18493,0.18427,0.18361,0.18262,0.16848,0.17276,0.17440,0.17309,0.17342,-0.00057,-0.00156,-0.00025,-0.00057,-0.00222,-56.12148,-1740.00000
0.18197,0.18427,0.17835,0.18328,0.18032,0.16947,0.17078,0.17473,0.17374,0.17374,-0.00156,-0.00090,-0.00189,0.00107,-0.00222,-56.12148,-1739.00000
0.17638,0.17835,0.18065,0.18230,0.18197,0.16980,0.17572,0.16980,0.17276,0.17243,-0.00090,-0.00123,-0.00123,-0.00156,-0.00288,-55.83906,-1738.00000
0.18328,0.18427,0.17802,0.18295,0.17407,0.17605,0.17144,0.17078,0.16980,0.17210,0.00206,0.00304,0.00206,-0.00321,-0.00288,-55.83906,-1737.00000
0.17506,0.18558,0.18230,0.17835,0.17539,0.17210,0.17605,0.16782,0.17440,0.17243,-0.00222,0.00074,0.00173,0.00107,0.00568,-56.11777,-1736.00000
0.18394,0.17999,0.17999,0.18098,0.18361,0.17440,0.17769,0.16585,0.17013,0.17539,-0.00123,-0.00090,0.00107,0.00107,0.00074,-56.11777,-1735.00000
0.17473,0.18032,0.17835,0.17835,0.18197,0.16848,0.17638,0.17309,0.16749,0.17605,0.00074,0.00008,-0.00189,0.00008,-0.00353,-56.19853,-1734.00000
0.17638,0.18098,0.18295,0.18065,0.18065,0.17638,0.17309,0.17374,0.17111,0.17440,0.00370,0.00173,0.00074,0.00074,-0.00222,-56.19853,-1733.00000
0.17407,0.17934,0.18065,0.18230,0.18394,0.17013,0.17045,0.17144,0.17177,0.16914,-0.00090,-0.00123,0.00008,-0.00255,-0.00222,-55.44546,-1732.00000
0.17901,0.17736,0.17703,0.18032,0.17966,0.17210,0.17243,0.16980,0.17440,0.17078,0.00041,-0.00189,-0.00090,-0.00123,-0.00452,-55.44546,-1731.00000
0.17835,0.18460,0.17802,0.17670,0.17802,0.17539,0.17407,0.17177,0.17243,0.17144,-0.00288,-0.00025,0.00535,-0.00123,-0.00090,-54.58308,-1730.00000
0.17868,0.17769,0.17802,0.18131,0.18230,0.17342,0.16980,0.16980,0.17243,0.17078,-0.00123,0.00239,0.00074,-0.00090,-0.00057,-54.58308,-1729.00000
0.18230,0.17966,0.17506,0.18032,0.18032,0.17078,0.17309,0.17473,0.17210,0.16980,-0.00025,-0.00452,-0.00057,-0.00288,-0.00090,-54.98685,-1728.00000
0.17835,0.17934,0.17638,0.17934,0.17309,0.17111,0.17177,0.17210,0.17243,0.17243,0.00173,-0.00222,0.00239,0.00008,0.00041,-54.98685,-1727.00000
0.17934,0.18164,0.17934,0.17966,0.17901,0.17078,0.17243,0.16486,0.16980,0.17045,0.00074,0.00041,0.00041,0.00304,0.00107,-54.28542,-1726.00000
0.18690,0.18361,0.17769,0.18164,0.18460,0.17078,0.17572,0.17111,0.17342,0.16980,0.00206,-0.00222,0.00008,0.00206,-0.00090,-54.28542,-1725.00000
0.18427,0.18164,0.18262,0.17802,0.17901,0.17210,0.17638,0.17670,0.17276,0.17045,-0.00222,0.00008,-0.00057,-0.00452,0.00008,-54.46937,-1724.00000
0.17802,0.17703,0.18460,0.18295,0.17934,0.17045,0.17374,0.17342,0.17045,0.17177,0.00140,-0.00255,-0.00090,0.00206,-0.00682,-54.46937,-1723.00000
0.17670,0.17999,0.17670,0.18361,0.18065,0.16947,0.17342,0.17078,0.17177,0.17374,0.00173,-0.00353,-0.00222,-0.00057,0.00304,-53.93634,-1722.00000
0.17736,0.18065,0.18032,0.17572,0.17835,0.17407,0.17440,0.17045,0.17670,0.17309,0.00140,-0.00025,-0.00617,0.00107,0.00107,-53.93634,-1721.00000
0.18032,0.17309,0.17539,0.17835,0.18098,0.17144,0.17177,0.17210,0.17276,0.17374,0.00436,-0.00090,-0.00419,-0.00156,-0.00353,-54.58536,-1720.00000
0.17670,0.18065,0.17210,0.17901,0.17736,0.17572,0.17309,0.17605,0.17342,0.17078,0.00107,-0.00222,-0.00222,-0.00452,-0.00156,-54.58536,-1719.00000
0.18164,0.17736,0.17638,0.18361,0.17440,0.17078,0.17243,0.17243,0.17440,0.17440,-0.00617,0.00140,-0.00255,0.00140,-0.00222,-55.09541,-1718.00000
0.17703,0.17999,0.17868,0.17769,0.17999,0.17144,0.17703,0.17342,0.17045,0.17374,-0.00321,0.00272,0.00107,-0.00189,-0.00189,-55.09541,-1717.00000
0.18131,0.18164,0.17670,0.18295,0.17440,0.17144,0.17374,0.16618,0.17276,0.17638,0.00140,0.00272,0.00140,0.00107,0.00074,-55.36265,-1716.00000
0.18493,0.17440,0.17802,0.18032,0.17901,0.17374,0.17177,0.17210,0.17374,0.17309,0.00206,-0.00156,-0.00189,0.00107,-0.00057,-55.36265,-1715.00000
0.17670,0.18164,0.18032,0.17572,0.17736,0.17144,0.17177,0.17374,0.17473,0.17144,0.00074,0.00008,0.00304,0.00206,-0.00156,-55.54509,-1714.00000
0.17769,0.17572,0.17473,0.17999,0.17506,0.17111,0.17144,0.16980,0.17078,0.17045,-0.00255,-0.00288,0.00074,0.00206,0.00206,-55.54509,-1713.00000
0.17901,0.17736,0.18427,0.17868,0.17703,0.17045,0.17210,0.17769,0.17177,0.17078,-0.00255,-0.00255,0.00304,0.00107,0.00173,-55.35067,-1712.00000
0.17342,0.18164,0.17638,0.18098,0.17736,0.17407,0.16914,0.17309,0.17013,0.17703,0.00173,-0.00321,-0.00123,0.00107,-0.00025,-55.35067,-1711.00000
0.18460,0.17440,0.17572,0.18197,0.18098,0.17045,0.17473,0.17210,0.17473,0.17111,0.00173,-0.00057,0.00206,-0.00189,0.00107,-55.33159,-1710.00000
0.17210,0.17901,0.17868,0.17703,0.17736,0.17473,0.17539,0.17013,0.17670,0.17539,0.00041,-0.00353,-0.00353,0.00008,-0.00025,-55.33159,-1709.00000
0.17670,0.18262,0.17638,0.17703,0.17473,0.17243,0.17078,0.17506,0.17440,0.17506,0.00008,0.00173,0.00008,0.00140,0.00206,-54.73122,-1708.00000
0.17868,0.17769,0.17802,0.17703,0.17407,0.16914,0.17342,0.17374,0.17144,0.17342,0.00041,0.00173,0.00041,0.00239,0.00041,-54.73122,-1707.00000
0.17670,0.17210,0.17966,0.17802,0.17802,0.17243,0.17111,0.17374,0.17210,0.17374,-0.00090,0.00140,-0.00057,-0.00090,-0.00156,-55.55653,-1706.00000
0.18230,0.17703,0.18197,0.17144,0.18427,0.17177,0.17144,0.17605,0.17539,0.17572,0.00041,-0.00090,0.00074,0.00140,0.00140,-55.55653,-1705.00000
0.17999,0.17934,0.17407,0.17802,0.17868,0.17407,0.17177,0.17210,0.17440,0.17374,-0.00025,-0.00617,0.00370,0.00107,-0.00156,-55.08539,-1704.00000
0.18131,0.17966,0.17966,0.17999,0.17309,0.17440,0.16980,0.17407,0.17539,0.17638,0.00041,-0.00189,0.00206,0.00633,0.00206,-55.08539,-1703.00000
0.18032,0.18164,0.17309,0.18065,0.18230,0.17309,0.17111,0.17243,0.17276,0.17078,0.00107,-0.00222,0.00074,-0.00057,0.00140,-55.60910,-1702.00000
0.16980,0.18262,0.17572,0.17539,0.17835,0.17243,0.16980,0.17276,0.17111,0.17605,-0.00090,0.00140,-0.00057,0.00107,-0.00485,-55.60910,-1701.00000
0.17473,0.17440,0.17999,0.16881,0.17901,0.17144,0.17407,0.17013,0.17407,0.17144,0.00074,-0.00156,0.00008,-0.00090,-0.00321,-55.01158,-1700.00000
0.17243,0.17934,0.18262,0.17769,0.17868,0.16980,0.17210,0.17177,0.17374,0.17407,-0.00057,-0.00222,-0.00123,-0.00090,-0.00189,-55.01158,-1699.00000
0.18295,0.17638,0.18032,0.17802,0.17638,0.16980,0.17013,0.17342,0.17243,0.16980,0.00008,0.00272,-0.00156,0.00074,-0.00452,-55.28411,-1698.00000
0.17473,0.17769,0.17276,0.17473,0.17934,0.17013,0.17407,0.17407,0.16980,0.17539,0.00074,-0.00025,-0.00123,0.00074,0.00140,-55.28411,-1697.00000
0.17835,0.17539,0.17966,0.17901,0.17802,0.17177,0.17374,0.17276,0.17210,0.17013,0.00272,-0.00419,-0.00090,-0.00123,0.00107,-53.75778,-1696.00000
0.18065,0.17407,0.17210,0.17868,0.17111,0.17276,0.17309,0.17407,0.17177,0.17572,0.00041,0.00568,0.00008,-0.00156,-0.00123,-53.75778,-1695.00000
0.17868,0.17111,0.17473,0.17605,0.17835,0.17243,0.16947,0.17177,0.16947,0.16980,-0.00057,-0.00090,0.00041,-0.00156,-0.00025,-54.56444,-1694.00000
0.17111,0.17572,0.17670,0.17407,0.17703,0.17243,0.17144,0.17111,0.17407,0.17144,0.00173,-0.00156,0.00107,-0.00057,0.00304,-54.56444,-1693.00000
0.17868,0.17605,0.17802,0.17572,0.17572,0.17440,0.17045,0.16980,0.16782,0.17506,-0.00025,0.00239,0.00140,-0.00025,-0.00255,-54.56493,-1692.00000
0.17473,0.17703,0.17802,0.17111,0.17638,0.17276,0.16980,0.17506,0.16848,0.17342,-0.00222,-0.00057,0.00074,-0.00386,-0.00419,-54.56493,-1691.00000
0.17868,0.17407,0.17901,0.17670,0.17572,0.17473,0.17473,0.17440,0.17210,0.17111,0.00436,0.00206,-0.00025,0.00107,-0.00321,-54.24536,-1690.00000
0.17703,0.17374,0.17670,0.17407,0.17013,0.17309,0.17309,0.17703,0.16914,0.16651,0.00173,0.00173,0.00041,-0.00288,0.00008,-54.24536,-1689.00000
0.17605,0.17769,0.17769,0.17802,0.17473,0.17144,0.17243,0.17210,0.17670,0.17703,0.00041,0.00140,0.00074,-0.00288,0.00041,-53.99280,-1688.00000
0.17934,0.17802,0.17901,0.17144,0.17309,0.17045,0.17045,0.16947,0.17276,0.17144,-0.00057,-0.00353,-0.00090,0.00140,-0.00551,-53.99280,-1687.00000
0.17243,0.17802,0.17572,0.17638,0.17769,0.17605,0.17309,0.17045,0.16980,0.17605,-0.00518,-0.00123,0.00041,-0.00222,-0.00123,-54.60626,-1686.00000
0.17506,0.17736,0.17210,0.17539,0.17342,0.17177,0.17243,0.17177,0.17407,0.17144,0.00403,0.00074,-0.00090,0.00206,-0.00025,-54.60626,-1685.00000
0.17440,0.17703,0.17638,0.17309,0.17374,0.17407,0.17177,0.17309,0.17177,0.17111,0.00041,0.00173,0.00140,-0.00123,0.00008,-54.55899,-1684.00000
0.17572,0.17736,0.17638,0.17243,0.17703,0.17243,0.17309,0.17407,0.17276,0.17045,-0.00123,-0.00123,0.00107,-0.00386,-0.00222,-54.55899,-1683.00000
0.17045,0.17473,0.17440,0.17999,0.17736,0.16881,0.16881,0.17703,0.16585,0.17177,-0.00321,0.00107,0.00074,-0.00025,0.00107,-54.66475,-1682.00000
0.17177,0.17407,0.17802,0.17374,0.17638,0.17342,0.17013,0.17276,0.17374,0.17210,-0.00123,0.00041,0.00173,-0.00353,0.00173,-54.66475,-1681.00000
0.17670,0.17309,0.17342,0.18032,0.17144,0.17243,0.16717,0.17670,0.16914,0.17473,0.00304,-0.00090,0.00272,0.00699,0.00008,-55.05454,-1680.00000
0.17407,0.16881,0.17605,0.17078,0.17407,0.16815,0.16947,0.17177,0.17243,0.17276,-0.00288,0.00140,-0.00025,-0.00321,-0.00189,-55.05454,-1679.00000
0.17769,0.17638,0.17374,0.17703,0.17440,0.17177,0.17440,0.17210,0.17638,0.17440,0.00107,0.00173,0.00041,-0.00057,-0.00156,-54.92961,-1678.00000
0.17342,0.17144,0.17966,0.17309,0.17243,0.17210,0.16717,0.17210,0.16749,0.17045,-0.00222,0.00370,0.00502,0.00107,-0.00485,-54.92961,-1677.00000
0.17276,0.17572,0.17539,0.17276,0.16585,0.17243,0.17276,0.17276,0.17309,0.17342,-0.00156,-0.00288,0.00008,0.00008,-0.00156,-55.84127,-1676.00000
0.17473,0.17934,0.17407,0.17342,0.17144,0.17473,0.16651,0.16881,0.17111,0.17506,0.00337,0.00074,-0.00025,-0.00090,-0.00090,-55.84127,-1675.00000
0.17473,0.17374,0.17144,0.17572,0.17572,0.16651,0.17309,0.17276,0.17374,0.17703,-0.00156,-0.00222,-0.00156,-0.00123,-0.00255,-55.68187,-1674.00000
0.17506,0.16848,0.17670,0.17802,0.17276,0.17111,0.17210,0.16848,0.16947,0.17243,-0.00090,0.00107,0.00206,-0.00222,-0.00288,-55.68187,-1673.00000
0.17769,0.17703,0.17210,0.17506,0.17440,0.17013,0.17243,0.16782,0.17276,0.17440,0.00140,-0.00288,-0.00321,-0.00222,0.00272,-55.06994,-1672.00000
0.17769,0.17078,0.17572,0.17473,0.17670,0.17769,0.17374,0.17309,0.17539,0.17539,0.00173,-0.00090,0.00173,0.00272,-0.00090,-55.06994,-1671.00000
0.17210,0.16980,0.17045,0.17638,0.17111,0.16914,0.17210,0.17210,0.17013,0.17309,0.00140,-0.00156,-0.00156,0.00173,-0.00156,-55.37677,-1670.00000
0.17736,0.17276,0.17210,0.17243,0.17539,0.17144,0.17309,0.17374,0.17342,0.17506,0.00008,-0.00222,0.00173,0.00008,-0.00090,-55.37677,-1669.00000
0.17309,0.17309,0.17013,0.17703,0.17309,0.16848,0.17473,0.17045,0.17342,0.17736,0.00107,-0.00353,-0.00189,-0.00321,-0.00123,-55.41055,-1668.00000
0.17177,0.17407,0.17440,0.17802,0.17407,0.16881,0.16684,0.17111,0.17374,0.16848,0.00403,0.00107,-0.00057,-0.00123,-0.00025,-55.41055,-1667.00000
0.17506,0.17111,0.17276,0.17177,0.17144,0.17572,0.17078,0.17078,0.17045,0.17342,0.00239,-0.00123,-0.00025,0.00041,0.00239,-55.46651,-1666.00000
0.17111,0.17440,0.17111,0.17440,0.17309,0.17276,0.17243,0.17144,0.17374,0.16947,-0.00025,-0.00255,0.00041,0.00239,0.00008,-55.46651,-1665.00000
0.17802,0.17638,0.16980,0.17901,0.16848,0.16815,0.17144,0.17111,0.17374,0.17243,-0.00025,-0.00025,0.00304,-0.00090,-0.00025,-54.88169,-1664.00000
0.17144,0.18164,0.17111,0.16519,0.17572,0.17309,0.17144,0.17144,0.17144,0.17210,0.00173,-0.00090,-0.00156,-0.00419,0.00107,-54.88169,-1663.00000
0.17769,0.17045,0.17078,0.17473,0.16947,0.17802,0.17374,0.17572,0.17013,0.16980,0.00206,-0.00189,-0.00090,0.00173,-0.00025,-54.28411,-1662.00000
0.17473,0.17440,0.17407,0.17506,0.17276,0.16881,0.17605,0.17243,0.17440,0.17407,0.00008,-0.00255,-0.00057,-0.00288,-0.00518,-54.28411,-1661.00000
0.16914,0.17539,0.16717,0.17539,0.17473,0.17374,0.16980,0.17572,0.17144,0.17342,-0.00123,0.00140,-0.00090,-0.00025,-0.00025,-53.47750,-1660.00000
0.17144,0.16749,0.17309,0.17144,0.17276,0.17539,0.17342,0.17605,0.17177,0.17407,-0.00090,0.00370,-0.00057,0.00008,-0.00189,-53.47750,-1659.00000
0.16782,0.17407,0.17111,0.17901,0.16980,0.17572,0.17276,0.17736,0.17078,0.17144,-0.00353,-0.00025,-0.00057,-0.00353,-0.00452,-53.09129,-1658.00000
0.16421,0.17210,0.17243,0.17440,0.17407,0.17374,0.17045,0.17078,0.17539,0.17440,-0.00090,0.00304,0.00008,0.00074,0.00074,-53.09129,-1657.00000
0.16881,0.17078,0.17374,0.17407,0.17506,0.17506,0.17440,0.17473,0.17539,0.17177,0.00074,-0.00057,-0.00123,0.00008,-0.00090,-54.03100,-1656.00000
0.17407,0.17638,0.17045,0.17966,0.17473,0.17177,0.17342,0.17342,0.17670,0.17045,0.00469,0.00272,-0.00057,-0.00156,-0.00452,-54.03100,-1655.00000
0.16947,0.17342,0.17078,0.17407,0.17736,0.17374,0.17407,0.16749,0.17243,0.17013,0.00140,-0.00189,0.00107,-0.00222,-0.00649,-53.96130,-1654.00000
0.17835,0.17802,0.16947,0.17539,0.16815,0.16782,0.17374,0.17407,0.17177,0.17506,-0.00123,-0.00123,-0.00057,-0.00025,0.00173,-53.96130,-1653.00000
0.17243,0.17407,0.16980,0.17572,0.17243,0.17210,0.16881,0.17342,0.17013,0.17177,-0.00156,0.00008,0.00041,0.00107,-0.00288,-55.09100,-1652.00000
0.16815,0.17539,0.16782,0.17572,0.17276,0.17210,0.17506,0.17309,0.17901,0.17638,0.00008,-0.00222,-0.00123,-0.00090,0.00107,-55.09100,-1651.00000
0.17868,0.17572,0.17045,0.17539,0.17342,0.17111,0.17177,0.17210,0.17539,0.17407,0.00206,-0.00189,0.00403,-0.00189,-0.00156,-55.46298,-1650.00000
0.17111,0.17177,0.17210,0.17078,0.17440,0.17769,0.17440,0.17276,0.17078,0.17177,-0.00222,0.00008,0.00337,-0.00090,-0.00057,-55.46298,-1649.00000
0.17243,0.16914,0.17276,0.17276,0.17670,0.17407,0.17276,0.17111,0.17177,0.17276,0.00041,-0.00025,0.00074,0.00272,-0.00156,-55.71245,-1648.00000
0.16881,0.17045,0.17111,0.17440,0.17078,0.16980,0.17440,0.17144,0.17473,0.17506,0.00239,0.00304,-0.00353,0.00074,-0.00189,-55.71245,-1647.00000
0.17045,0.16519,0.16782,0.16684,0.17342,0.16980,0.17309,0.17177,0.17440,0.17144,-0.00057,0.00206,-0.00090,-0.00255,-0.00156,-55.53445,-1646.00000
0.17835,0.17407,0.16552,0.17177,0.17243,0.17539,0.17078,0.17144,0.17144,0.17605,0.00337,-0.00255,0.00206,-0.00057,-0.00485,-55.53445,-1645.00000
0.16717,0.17670,0.17243,0.17276,0.16881,0.16947,0.17703,0.17374,0.16717,0.17144,-0.00353,-0.00025,0.00041,0.00107,-0.00189,-55.43568,-1644.00000
0.16749,0.16947,0.16782,0.16881,0.17506,0.17440,0.17078,0.17243,0.17243,0.16980,0.00173,0.00272,-0.00090,0.00008,0.00140,-55.43568,-1643.00000
0.17868,0.16618,0.17473,0.16815,0.16585,0.17243,0.17243,0.17013,0.17374,0.17605,-0.00321,0.00074,-0.00123,0.00008,-0.00189,-55.72809,-1642.00000
0.17013,0.17342,0.17144,0.16947,0.16914,0.17342,0.17802,0.17276,0.17013,0.17210,0.00008,-0.00057,-0.00353,-0.00222,0.00337,-55.72809,-1641.00000
0.16355,0.17144,0.17374,0.17111,0.17506,0.17309,0.17440,0.17276,0.17638,0.17013,0.00272,-0.00321,-0.00156,-0.00353,-0.00288,-56.07938,-1640.00000
0.17276,0.16486,0.17407,0.16125,0.16519,0.17342,0.17276,0.17177,0.16651,0.17670,0.00272,0.00041,-0.00419,-0.00255,0.00469,-56.07938,-1639.00000
0.17309,0.17243,0.16947,0.17045,0.16815,0.17473,0.17177,0.17670,0.16749,0.17045,-0.00090,0.00107,-0.00321,-0.00156,-0.00419,-55.36879,-1638.00000
0.17473,0.17078,0.17309,0.16947,0.17769,0.16848,0.17111,0.17539,0.17309,0.17572,0.00041,0.00041,-0.00025,0.00239,-0.00222,-55.36879,-1637.00000
0.16453,0.17539,0.17243,0.16782,0.17177,0.16947,0.17210,0.17605,0.17670,0.17045,0.00008,-0.00255,-0.00123,0.00008,-0.00057,-55.06233,-1636.00000
0.17342,0.16815,0.16848,0.16947,0.17078,0.17440,0.17407,0.17638,0.17703,0.16947,-0.00057,0.00173,-0.00452,0.00173,-0.00485,-55.06233,-1635.00000
0.17210,0.16421,0.17144,0.17342,0.16717,0.17440,0.16980,0.17473,0.17473,0.17210,-0.00057,-0.00025,-0.00485,-0.00057,-0.00288,-54.63321,-1634.00000
0.17670,0.16486,0.16815,0.17243,0.17243,0.17309,0.17013,0.16980,0.17144,0.17342,0.00173,0.00107,0.00041,0.00173,0.00107,-54.63321,-1633.00000
0.16815,0.16980,0.17407,0.17342,0.17309,0.17045,0.17473,0.17473,0.17144,0.17243,-0.00222,0.00008,0.00041,0.00107,-0.00321,-55.22920,-1632.00000
0.17111,0.16881,0.17374,0.16782,0.16749,0.17045,0.17144,0.17605,0.16749,0.17605,-0.00025,0.00239,-0.00025,-0.00222,0.00272,-55.22920,-1631.00000
0.17013,0.17276,0.16782,0.16848,0.17177,0.17539,0.16815,0.17243,0.17539,0.17309,-0.00123,0.00239,-0.00057,-0.00090,-0.00025,-54.95103,-1630.00000
0.17078,0.17078,0.16421,0.16848,0.16684,0.17539,0.17342,0.16980,0.17407,0.17506,-0.00255,0.00041,-0.00057,-0.00123,-0.00255,-54.95103,-1629.00000
0.16717,0.16947,0.16717,0.16947,0.17111,0.17473,0.17013,0.17407,0.17473,0.16980,-0.00123,-0.00090,0.00239,0.00370,0.00074,-55.44915,-1628.00000
0.16618,0.16717,0.16914,0.16289,0.17539,0.17013,0.17177,0.17309,0.17276,0.17374,0.00074,0.00008,0.00008,0.00272,0.00140,-55.44915,-1627.00000
0.17407,0.16980,0.16782,0.16684,0.17045,0.17473,0.16848,0.16881,0.17144,0.16980,-0.00321,-0.00156,-0.00156,0.00206,-0.00057,-55.59811,-1626.00000
0.17276,0.16815,0.16947,0.16717,0.16782,0.16980,0.17111,0.17506,0.17243,0.17539,-0.00222,-0.00222,0.00436,0.00173,-0.00189,-55.59811,-1625.00000
0.17177,0.16782,0.16881,0.17045,0.16355,0.17703,0.17111,0.17638,0.17473,0.17309,-0.00156,0.00140,-0.00123,-0.00057,-0.00156,-55.06712,-1624.00000
0.16717,0.16256,0.16782,0.16848,0.16980,0.16881,0.17144,0.17440,0.17243,0.17243,-0.00025,-0.00222,0.00041,0.00041,0.00206,-55.06712,-1623.00000
0.16815,0.16782,0.17013,0.16552,0.16651,0.17276,0.17111,0.17243,0.17605,0.17506,-0.00057,-0.00288,0.00239,0.00272,-0.00025,-54.89196,-1622.00000
0.16618,0.16585,0.16815,0.16651,0.16256,0.17276,0.16815,0.17210,0.17177,0.16749,-0.00353,0.00107,-0.00123,0.00041,-0.00156,-54.89196,-1621.00000
0.16782,0.16684,0.16881,0.16125,0.16815,0.17342,0.16717,0.17111,0.16651,0.17013,0.00041,-0.00321,-0.00156,-0.00156,0.00107,-55.64422,-1620.00000
0.16881,0.16552,0.16881,0.16848,0.16289,0.17045,0.17177,0.17013,0.16980,0.17276,-0.00353,-0.00222,-0.00057,-0.00288,0.00304,-55.64422,-1619.00000
0.16190,0.16881,0.16355,0.16651,0.16749,0.17342,0.17177,0.17144,0.17013,0.17111,-0.00090,0.00206,-0.00123,-0.00123,0.00600,-55.96420,-1618.00000
0.16881,0.16453,0.16486,0.16815,0.16355,0.17144,0.17013,0.17078,0.17440,0.17703,-0.00156,-0.00156,0.00140,-0.00090,-0.00255,-55.96420,-1617.00000
0.16552,0.16782,0.16552,0.16717,0.16486,0.17013,0.17276,0.17342,0.16914,0.16980,-0.00090,-0.00057,-0.00222,0.00041,-0.00386,-55.93132,-1616.00000
0.17210,0.16749,0.16815,0.16421,0.16717,0.17078,0.17210,0.17111,0.16618,0.16815,-0.00090,-0.00255,0.00008,0.00140,-0.00452,-55.93132,-1615.00000
0.17243,0.16815,0.16355,0.16190,0.17045,0.17177,0.17243,0.17111,0.17177,0.16914,-0.00123,-0.00222,-0.00057,-0.00288,0.00041,-56.15169,-1614.00000
0.16782,0.16618,0.16552,0.16717,0.16157,0.17276,0.17210,0.17309,0.17407,0.17078,-0.00123,-0.00057,0.00140,-0.00025,0.00206,-56.15169,-1613.00000
0.16322,0.16256,0.16980,0.16651,0.16388,0.16684,0.17078,0.17407,0.17769,0.17013,-0.00189,-0.00057,-0.00321,0.00206,0.00008,-55.92009,-1612.00000
0.17177,0.17045,0.16486,0.16486,0.16684,0.16881,0.16848,0.17144,0.16782,0.17309,0.00239,-0.00090,-0.00288,-0.00123,-0.00386,-55.92009,-1611.00000
0.16651,0.16749,0.16552,0.16618,0.16749,0.17111,0.17078,0.16881,0.16717,0.17506,-0.00189,0.00140,-0.00057,-0.00025,0.00140,-55.48934,-1610.00000
0.16848,0.16651,0.16552,0.16651,0.16421,0.17374,0.17309,0.17243,0.17013,0.17605,-0.00419,-0.00123,-0.00353,-0.00255,0.00107,-55.48934,-1609.00000
0.17144,0.16486,0.16388,0.16519,0.17111,0.17407,0.17177,0.17078,0.17111,0.17440,-0.00057,-0.00025,0.00206,-0.00123,0.00502,-56.17973,-1608.00000
0.17045,0.16125,0.17045,0.16486,0.16749,0.16980,0.17243,0.17177,0.17506,0.17670,-0.00025,-0.00156,0.00074,0.00008,-0.00090,-56.17973,-1607.00000
0.16585,0.16749,0.16486,0.16815,0.16421,0.17111,0.17342,0.17605,0.17440,0.17045,-0.00057,0.00041,-0.00189,0.00239,0.00074,-56.05373,-1606.00000
0.16256,0.16782,0.16355,0.16256,0.16717,0.17144,0.17210,0.17605,0.17111,0.17342,-0.00353,-0.00057,0.00107,-0.00189,0.00008,-56.05373,-1605.00000
0.16190,0.16388,0.16388,0.16848,0.16026,0.17835,0.17309,0.17342,0.17177,0.17111,0.00008,-0.00189,-0.00057,-0.00353,-0.00123,-55.50001,-1604.00000
0.17045,0.16421,0.16289,0.17013,0.16322,0.17210,0.17638,0.17407,0.16749,0.17045,0.00041,-0.00353,0.00304,0.00173,0.00206,-55.50001,-1603.00000
0.16585,0.16388,0.16092,0.16980,0.15993,0.16947,0.17210,0.16914,0.17539,0.17440,-0.00156,0.00008,0.00173,0.00304,-0.00156,-55.33790,-1602.00000
0.16322,0.16881,0.16552,0.16552,0.16651,0.17506,0.16881,0.17210,0.17144,0.17210,-0.00090,-0.00057,0.00370,-0.00156,0.00206,-55.33790,-1601.00000
0.16125,0.16322,0.16421,0.16947,0.16322,0.17473,0.17045,0.16980,0.17013,0.16618,0.00173,0.00074,0.00370,-0.00551,0.00337,-55.09571,-1600.00000
0.16486,0.16519,0.16355,0.16355,0.16322,0.17243,0.17703,0.17144,0.17078,0.16980,-0.00057,-0.00353,0.00041,0.00370,0.00107,-55.09571,-1599.00000
0.16782,0.16059,0.16749,0.16092,0.16848,0.17539,0.17045,0.17539,0.17276,0.17078,0.00041,-0.00057,-0.00057,0.00008,0.00107,-54.58154,-1598.00000
0.16486,0.15631,0.17276,0.16486,0.16651,0.16881,0.16651,0.16947,0.16980,0.17243,-0.00321,0.00008,-0.00156,-0.00255,0.00206,-54.58154,-1597.00000
0.16486,0.16585,0.16980,0.16289,0.16388,0.17276,0.16782,0.17342,0.17210,0.17374,0.00140,-0.00123,-0.00156,0.00074,0.00074,-54.23901,-1596.00000
0.16125,0.15960,0.16256,0.16157,0.15631,0.17605,0.17342,0.17374,0.16717,0.16914,-0.00288,-0.00123,-0.00156,0.00008,-0.00255,-54.23901,-1595.00000
0.16355,0.16585,0.16651,0.16026,0.16618,0.17013,0.17111,0.17177,0.17506,0.17111,0.00107,-0.00255,-0.00025,-0.00156,-0.00189,-54.23132,-1594.00000
0.15960,0.16092,0.16190,0.16059,0.16552,0.17506,0.16717,0.16947,0.17045,0.17276,0.00206,0.00074,0.00173,0.00140,-0.00057,-54.23132,-1593.00000
0.16618,0.16486,0.15697,0.16585,0.16223,0.17013,0.17177,0.17177,0.17506,0.17078,-0.00156,-0.00222,-0.00419,-0.00321,0.00107,-55.06488,-1592.00000
0.16585,0.15960,0.16125,0.16585,0.17013,0.16848,0.16914,0.16881,0.17111,0.17144,-0.00222,-0.00189,-0.00189,0.00140,-0.00123,-55.06488,-1591.00000
0.16059,0.16749,0.16684,0.16289,0.16125,0.16749,0.17309,0.17506,0.17111,0.16717,0.00206,-0.00123,-0.00025,0.00140,0.00107,-55.96506,-1590.00000
0.16947,0.16092,0.16453,0.16355,0.15861,0.17407,0.17342,0.17276,0.17177,0.17111,0.00008,-0.00156,0.00074,-0.00222,-0.00189,-55.96506,-1589.00000
0.16388,0.16552,0.16289,0.16585,0.16092,0.17374,0.16881,0.17111,0.17309,0.17407,-0.00222,0.00008,-0.00123,-0.00288,-0.00025,-55.74132,-1588.00000
0.16421,0.15993,0.16059,0.16322,0.16157,0.16947,0.17572,0.17078,0.17111,0.17440,0.00041,0.00074,-0.00189,-0.00090,0.00008,-55.74132,-1587.00000
0.17013,0.16289,0.16618,0.16322,0.16256,0.17243,0.17243,0.16914,0.17440,0.17473,-0.00025,0.00008,0.00041,-0.00025,0.00173,-55.30962,-1586.00000
0.15829,0.16486,0.16256,0.15894,0.15993,0.17177,0.17177,0.16749,0.17078,0.17013,0.00041,0.00107,-0.00025,-0.00090,-0.00123,-55.30962,-1585.00000
0.16684,0.16421,0.16026,0.16749,0.15796,0.17078,0.17539,0.17605,0.17078,0.16914,-0.00255,0.00239,0.00074,-0.00321,0.00041,-55.78958,-1584.00000
0.16289,0.15927,0.15927,0.16322,0.16026,0.17473,0.16914,0.17440,0.17078,0.17473,0.00272,-0.00025,0.00239,-0.00057,0.00272,-55.78958,-1583.00000
0.16486,0.15894,0.16782,0.16157,0.16618,0.17407,0.17013,0.17013,0.17144,0.17013,0.00008,-0.00353,0.00206,-0.00025,-0.00419,-55.59743,-1582.00000
0.15335,0.15960,0.15960,0.15533,0.16289,0.17276,0.16947,0.17144,0.17309,0.16651,0.00074,-0.00156,0.00239,-0.00090,0.00337,-55.59743,-1581.00000
0.15927,0.16157,0.16059,0.16355,0.15796,0.17506,0.17111,0.17374,0.17440,0.16749,-0.00025,-0.00025,0.00041,-0.00123,-0.00321,-55.95301,-1580.00000
0.16453,0.16651,0.16125,0.16552,0.15565,0.16684,0.17111,0.16848,0.17144,0.17111,-0.00156,-0.00090,0.00140,0.00107,0.00272,-55.95301,-1579.00000
0.16421,0.16256,0.16190,0.15927,0.15894,0.17144,0.16848,0.16848,0.16848,0.17309,-0.00025,-0.00156,-0.00288,-0.00090,0.00206,-56.59223,-1578.00000
0.16684,0.16026,0.15467,0.15927,0.15598,0.17670,0.17177,0.16914,0.17078,0.17309,0.00206,0.00008,0.00173,0.00173,-0.00123,-56.59223,-1577.00000
0.15993,0.15960,0.15894,0.15730,0.17078,0.17638,0.17045,0.17177,0.16914,0.17342,0.00041,0.00469,0.00107,0.00173,0.00173,-56.48459,-1576.00000
0.15829,0.15730,0.16322,0.15533,0.15763,0.16881,0.17045,0.17407,0.17210,0.17013,0.00436,-0.00090,0.00239,-0.00025,-0.00321,-56.48459,-1575.00000
0.15993,0.16223,0.16256,0.15302,0.16289,0.17045,0.17210,0.17078,0.17342,0.17473,0.00008,-0.00321,0.00041,-0.00189,-0.00090,-54.79503,-1574.00000
0.15697,0.16059,0.16092,0.16092,0.15894,0.17045,0.17374,0.17374,0.16848,0.17111,0.00107,0.00008,-0.00288,-0.00353,0.00008,-54.79503,-1573.00000
0.15368,0.15204,0.16092,0.16256,0.15894,0.17342,0.16749,0.16980,0.17177,0.17736,-0.00353,-0.00288,0.00041,-0.00189,-0.00025,-54.99517,-1572.00000
0.16355,0.16388,0.15565,0.16125,0.16157,0.17013,0.17243,0.16881,0.17605,0.17111,-0.00156,0.00041,0.00206,-0.00057,0.00107,-54.99517,-1571.00000
0.15697,0.15894,0.16256,0.15565,0.16092,0.17473,0.17210,0.16947,0.17276,0.17144,0.00239,-0.00057,0.00239,0.00008,-0.00057,-54.38235,-1570.00000
0.15631,0.16190,0.15467,0.15664,0.16453,0.17210,0.17177,0.17078,0.17374,0.17276,0.00008,-0.00156,0.00140,0.00008,0.00206,-54.38235,-1569.00000
0.15533,0.15598,0.16092,0.15631,0.15500,0.17144,0.17670,0.17901,0.17506,0.17342,0.00041,0.00337,-0.00156,-0.00090,0.00107,-53.27028,-1568.00000
0.15796,0.16125,0.15894,0.16059,0.15927,0.17638,0.17177,0.17309,0.17473,0.17111,-0.00452,-0.00255,0.00074,0.00239,0.00304,-53.27028,-1567.00000
0.15500,0.16125,0.15927,0.15664,0.16421,0.17506,0.17210,0.17605,0.17572,0.16980,0.00140,-0.00353,-0.00222,-0.00288,-0.00090,-53.04383,-1566.00000
0.16519,0.15927,0.16125,0.15598,0.16519,0.17407,0.17374,0.17440,0.16782,0.17670,-0.00025,0.00107,-0.00419,0.00140,-0.00025,-53.04383,-1565.00000
0.16190,0.16322,0.15796,0.16026,0.15467,0.17243,0.17407,0.17276,0.17276,0.17144,0.00403,-0.00057,0.00107,-0.00518,0.00206,-50.28900,-1564.00000
0.16256,0.15763,0.15237,0.16026,0.15829,0.17572,0.17177,0.17605,0.17144,0.17078,0.00074,-0.00057,0.00239,-0.00025,-0.00485,-50.28900,-1563.00000
0.15138,0.15763,0.15763,0.16453,0.15927,0.17243,0.17078,0.17111,0.16815,0.17078,0.00008,-0.00123,0.00272,-0.00090,0.00041,-48.59177,-1562.00000
0.15171,0.15763,0.15204,0.15697,0.15697,0.17013,0.17407,0.17539,0.16881,0.17045,-0.00057,-0.00025,-0.00025,0.00140,0.00074,-48.59177,-1561.00000
0.16125,0.15434,0.16026,0.14908,0.15598,0.17440,0.16947,0.17473,0.17572,0.17276,-0.00222,0.00140,-0.00123,-0.00551,0.00107,-49.41551,-1560.00000
0.15434,0.16026,0.15697,0.15467,0.15894,0.16782,0.16749,0.17407,0.17309,0.17309,-0.00156,0.00074,-0.00288,-0.00123,0.00535,-49.41551,-1559.00000
0.15664,0.16157,0.15861,0.15927,0.15105,0.17078,0.17013,0.17309,0.17276,0.16717,-0.00156,0.00008,-0.00156,0.00074,0.00173,-52.19555,-1558.00000
0.15697,0.15631,0.15401,0.15302,0.15598,0.16815,0.17013,0.17144,0.17243,0.17078,0.00107,0.00074,-0.00057,0.00337,-0.00189,-52.19555,-1557.00000
0.15664,0.15335,0.15796,0.15763,0.15401,0.17309,0.17144,0.17177,0.17243,0.16914,-0.00321,0.00107,0.00008,0.00107,0.00107,-53.33654,-1556.00000
0.15401,0.15006,0.15861,0.15335,0.15960,0.17111,0.17177,0.16881,0.17473,0.17374,0.00140,0.00008,0.00140,-0.00353,-0.00321,-53.33654,-1555.00000
0.15237,0.15598,0.15598,0.15500,0.14875,0.17111,0.16881,0.17177,0.17440,0.17407,0.00107,0.00041,0.00107,0.00107,-0.00090,-54.09503,-1554.00000
0.15631,0.15829,0.15598,0.15730,0.14710,0.17177,0.17013,0.16684,0.17111,0.16684,-0.00222,0.00008,-0.00025,0.00008,-0.00189,-54.09503,-1553.00000
0.15598,0.15138,0.15500,0.15533,0.15500,0.17144,0.17045,0.17243,0.16947,0.17144,0.00041,0.00337,-0.00025,-0.00189,-0.00288,-56.71793,-1552.00000
0.15368,0.15302,0.15434,0.15829,0.15434,0.16881,0.17342,0.16947,0.17473,0.17309,-0.00025,-0.00321,-0.00090,0.00041,0.00206,-56.71793,-1551.00000
0.15533,0.15960,0.15302,0.15171,0.15598,0.17506,0.17177,0.17374,0.17506,0.17572,-0.00222,-0.00353,0.00074,0.00074,0.00337,-56.78181,-1550.00000
0.15204,0.15861,0.15237,0.15664,0.15434,0.16947,0.17572,0.17177,0.17374,0.17111,0.00107,-0.00123,0.00140,0.00304,0.00272,-56.78181,-1549.00000
0.15072,0.15894,0.15500,0.15500,0.15171,0.17342,0.16914,0.17045,0.16585,0.17572,-0.00123,0.00140,-0.00255,0.00304,-0.00255,-55.72977,-1548.00000
0.15730,0.15500,0.15039,0.15631,0.15006,0.17309,0.17144,0.17111,0.17506,0.17243,0.00140,0.00173,0.00173,-0.00452,-0.00584,-55.72977,-1547.00000
0.15105,0.14941,0.15237,0.15763,0.15434,0.17473,0.16782,0.17473,0.17243,0.17013,-0.00156,0.00140,0.00107,0.00008,-0.00123,-55.80434,-1546.00000
0.15434,0.14973,0.14973,0.15105,0.15039,0.17111,0.17177,0.16848,0.17572,0.16947,-0.00090,0.00074,0.00173,-0.00057,-0.00485,-55.80434,-1545.00000
0.15171,0.15631,0.15993,0.15401,0.15598,0.17177,0.17440,0.16914,0.16749,0.17276,-0.00353,-0.00090,0.00206,-0.00090,-0.00222,-55.65119,-1544.00000
0.15335,0.15138,0.15368,0.15565,0.15237,0.17013,0.17374,0.17144,0.17177,0.17144,-0.00090,-0.00189,-0.00255,-0.00090,0.00304,-55.65119,-1543.00000
0.14941,0.15565,0.14710,0.15565,0.15138,0.17013,0.16914,0.17309,0.16552,0.17539,-0.00189,-0.00156,-0.00090,-0.00288,-0.00255,-55.48917,-1542.00000
0.15533,0.15039,0.15335,0.15302,0.14677,0.17210,0.16914,0.17144,0.16914,0.17309,-0.00057,0.00008,-0.00288,0.00173,-0.00222,-55.48917,-1541.00000
0.15664,0.14710,0.15302,0.15533,0.15434,0.17078,0.16782,0.16881,0.17374,0.16947,0.00370,0.00008,-0.00353,-0.00090,0.00173,-55.91109,-1540.00000
0.15631,0.15861,0.15072,0.15598,0.15039,0.16914,0.16914,0.17342,0.17144,0.17473,-0.00025,0.00107,0.00140,0.00107,0.00074,-55.91109,-1539.00000
0.15401,0.14973,0.15269,0.15204,0.15368,0.16717,0.16651,0.17243,0.16881,0.16618,-0.00222,0.00074,-0.00551,0.00074,0.00239,-55.51170,-1538.00000
0.15500,0.15072,0.15072,0.15401,0.15434,0.17309,0.16749,0.16947,0.17309,0.17243,0.00304,-0.00189,0.00272,0.00041,-0.00288,-55.51170,-1537.00000
0.14513,0.15401,0.15368,0.14677,0.15368,0.16717,0.17901,0.17013,0.17374,0.17309,0.00206,0.00107,-0.00057,0.00272,0.00173,-54.77977,-1536.00000
0.15269,0.14908,0.14941,0.14677,0.15335,0.17210,0.17013,0.17210,0.17144,0.17210,-0.00090,0.00140,0.00173,0.00206,0.00206,-54.77977,-1535.00000
0.15237,0.15072,0.14414,0.15039,0.15171,0.17210,0.17539,0.16881,0.17506,0.17539,0.00173,-0.00123,0.00140,0.00008,-0.00288,-54.79711,-1534.00000
0.14710,0.14645,0.14875,0.15072,0.15368,0.17243,0.16585,0.17078,0.16980,0.17177,0.00469,-0.00156,-0.00057,0.00239,0.00107,-54.79711,-1533.00000
0.15533,0.14842,0.14612,0.15368,0.15006,0.16881,0.17506,0.17013,0.17177,0.17177,-0.00057,0.00074,0.00041,-0.00189,0.00074,-54.90344,-1532.00000
0.15302,0.15039,0.14776,0.15533,0.14546,0.16717,0.17572,0.17045,0.17342,0.17243,-0.00123,-0.00419,-0.00025,-0.00057,-0.00057,-54.90344,-1531.00000
0.15138,0.15335,0.15072,0.14743,0.14743,0.16980,0.17243,0.16717,0.17309,0.17013,-0.00321,-0.00156,-0.00025,-0.00025,-0.00189,-54.75885,-1530.00000
0.15565,0.15434,0.14677,0.14348,0.14908,0.16782,0.16782,0.17013,0.17342,0.16980,0.00304,-0.00123,0.00074,-0.00222,0.00041,-54.75885,-1529.00000
0.14842,0.14908,0.14908,0.15039,0.14316,0.17013,0.17111,0.17078,0.17013,0.17670,-0.00222,-0.00288,-0.00288,-0.00551,-0.00090,-54.90384,-1528.00000
0.14480,0.15105,0.14250,0.15664,0.15105,0.17013,0.17243,0.16980,0.17111,0.17013,0.00206,-0.00518,0.00008,0.00337,-0.00025,-54.90384,-1527.00000
0.14645,0.15631,0.14973,0.14612,0.15171,0.17769,0.17210,0.17144,0.17309,0.17177,0.00206,-0.00090,-0.00090,-0.00189,0.00008,-54.48805,-1526.00000
0.15138,0.14645,0.14579,0.14809,0.14973,0.16684,0.16914,0.17144,0.16947,0.17374,0.00140,0.00272,0.00107,0.00074,-0.00255,-54.48805,-1525.00000
0.14184,0.15171,0.14710,0.14809,0.14612,0.16980,0.17670,0.17111,0.17045,0.17506,0.00370,0.00140,0.00272,0.00008,-0.00057,-54.82948,-1524.00000
0.15269,0.14579,0.15072,0.14447,0.14973,0.17309,0.17111,0.16947,0.17111,0.17407,-0.00057,-0.00025,-0.00353,0.00370,-0.00057,-54.82948,-1523.00000
0.14579,0.14645,0.14579,0.14973,0.14612,0.17144,0.17111,0.16980,0.17078,0.17210,-0.00090,0.00107,-0.00025,-0.00189,0.00239,-55.32489,-1522.00000
0.14908,0.14875,0.14546,0.14875,0.15105,0.17243,0.16914,0.17440,0.17638,0.16980,0.00041,0.00140,-0.00090,-0.00321,-0.00025,-55.32489,-1521.00000
0.14447,0.15237,0.14875,0.14875,0.15171,0.17638,0.17539,0.17276,0.17407,0.16651,0.00008,0.00304,0.00173,-0.00025,-0.00288,-55.10874,-1520.00000
0.14414,0.14908,0.14612,0.14612,0.14546,0.17045,0.16848,0.17078,0.17276,0.16947,-0.00321,0.00337,0.00206,-0.00090,0.00074,-55.10874,-1519.00000
0.14710,0.14875,0.14250,0.14710,0.15039,0.17144,0.16980,0.16782,0.16815,0.17276,0.00008,-0.00189,0.00107,-0.00025,0.00173,-55.50115,-1518.00000
0.14645,0.14776,0.13954,0.15204,0.14348,0.17506,0.16519,0.17177,0.16947,0.16914,0.00239,-0.00518,0.00008,0.00337,-0.00057,-55.50115,-1517.00000
0.15237,0.14743,0.14414,0.15105,0.14316,0.17111,0.17506,0.17276,0.17276,0.17045,0.00107,-0.00057,-0.00288,-0.00156,-0.00025,-55.87801,-1516.00000
0.14842,0.14513,0.14908,0.13987,0.15039,0.16717,0.16815,0.17243,0.16782,0.17243,0.00008,0.00140,-0.00090,-0.00255,-0.00025,-55.87801,-1515.00000
0.14743,0.14743,0.14513,0.14579,0.14908,0.17309,0.17013,0.16914,0.17210,0.16980,0.00173,0.00140,0.00041,0.00008,0.00337,-55.28032,-1514.00000
0.14743,0.14381,0.14151,0.14052,0.15039,0.17111,0.17111,0.16782,0.17045,0.17013,0.00370,-0.00386,0.00206,-0.00156,0.00041,-55.28032,-1513.00000
0.14546,0.14348,0.14316,0.14612,0.14612,0.17243,0.17144,0.17111,0.17276,0.17111,-0.00288,-0.00123,-0.00090,-0.00025,0.00107,-54.73488,-1512.00000
0.14546,0.14447,0.14381,0.14842,0.14776,0.17177,0.17177,0.17506,0.16980,0.16947,-0.00288,0.00041,-0.00551,0.00074,0.00107,-54.73488,-1511.00000
0.15072,0.14052,0.13987,0.14184,0.14151,0.17243,0.16651,0.17638,0.17111,0.17342,-0.00386,0.00074,-0.00189,0.00600,0.00272,-54.66236,-1510.00000
0.14579,0.14579,0.14941,0.15039,0.14085,0.17309,0.16749,0.17407,0.16815,0.17506,-0.00222,0.00140,0.00074,0.00337,-0.00189,-54.66236,-1509.00000
0.14118,0.14743,0.14316,0.14710,0.14316,0.17309,0.17276,0.17374,0.17111,0.17045,-0.00156,-0.00123,-0.00353,-0.00057,-0.00090,-54.58704,-1508.00000
0.14447,0.14316,0.14480,0.14283,0.14316,0.17045,0.17243,0.16815,0.16947,0.17309,0.00140,-0.00255,-0.00090,0.00008,0.00272,-54.58704,-1507.00000
0.14513,0.13921,0.14480,0.14118,0.13658,0.17407,0.17539,0.16684,0.16815,0.17078,-0.00156,-0.00222,-0.00025,-0.00452,-0.00123,-54.97907,-1506.00000
0.14447,0.14184,0.14513,0.13888,0.15039,0.17078,0.17045,0.17243,0.16980,0.17276,-0.00123,-0.00321,-0.00057,0.00206,-0.00123,-54.97907,-1505.00000
0.14645,0.14020,0.14184,0.14677,0.14085,0.17407,0.17210,0.16881,0.17111,0.17144,0.00107,0.00337,0.00239,-0.00222,0.00041,-53.97147,-1504.00000
0.13921,0.14381,0.14316,0.14348,0.13921,0.17243,0.16980,0.16815,0.16881,0.16749,-0.00123,0.00074,0.00206,-0.00255,0.00041,-53.97147,-1503.00000
0.14973,0.14118,0.14217,0.14908,0.14677,0.17243,0.16618,0.16881,0.16881,0.17473,0.00107,-0.00025,-0.00025,0.00173,0.00206,-54.82509,-1502.00000
0.13921,0.14348,0.14020,0.14316,0.13954,0.17210,0.17276,0.17045,0.16684,0.17078,0.00041,-0.00090,-0.00386,0.00502,0.00074,-54.82509,-1501.00000
0.13987,0.14776,0.14447,0.14085,0.14217,0.16848,0.17111,0.17539,0.17144,0.17342,-0.00419,0.00140,-0.00189,-0.00090,-0.00485,-54.72700,-1500.00000
0.14743,0.14184,0.14743,0.14381,0.13954,0.16914,0.17407,0.17078,0.17111,0.17210,0.00107,0.00206,-0.00123,-0.00057,-0.00123,-54.72700,-1499.00000
0.14480,0.14348,0.14480,0.13921,0.14776,0.16651,0.16552,0.16947,0.17177,0.17539,-0.00123,0.00041,-0.00386,0.00107,0.00041,-54.47287,-1498.00000
0.14184,0.14283,0.14250,0.13822,0.14513,0.16947,0.17045,0.17045,0.17111,0.16980,-0.00156,-0.00057,0.00568,-0.00057,-0.00353,-54.47287,-1497.00000
0.13724,0.14118,0.14546,0.14052,0.13822,0.17078,0.17078,0.17013,0.16585,0.16749,-0.00156,-0.00090,0.00074,0.00272,0.00008,-54.36778,-1496.00000
0.14052,0.13888,0.14447,0.14151,0.13888,0.17078,0.16980,0.16651,0.17078,0.17177,-0.00057,0.00337,0.00107,0.00239,-0.00156,-54.36778,-1495.00000
0.14381,0.13691,0.13921,0.13691,0.14842,0.17144,0.17243,0.16914,0.16980,0.16881,-0.00386,-0.00255,-0.00617,0.00008,0.00239,-54.87432,-1494.00000
0.14020,0.14020,0.13855,0.13888,0.13822,0.16651,0.17045,0.16980,0.17572,0.17342,-0.00189,-0.00156,0.00107,-0.00255,-0.00189,-54.87432,-1493.00000
0.13822,0.14151,0.14381,0.14118,0.14447,0.17013,0.17210,0.17045,0.17342,0.16980,0.00041,0.00304,0.00304,-0.00123,-0.00057,-54.93960,-1492.00000
0.13756,0.13888,0.13954,0.13625,0.14414,0.17144,0.17407,0.17045,0.17638,0.16914,-0.00123,0.00074,0.00206,-0.00255,-0.00288,-54.93960,-1491.00000
0.13822,0.14020,0.14052,0.13987,0.13592,0.17045,0.16815,0.17078,0.17407,0.17144,0.00107,0.00041,-0.00090,-0.00090,0.00173,-55.45076,-1490.00000
0.14184,0.14151,0.13724,0.13987,0.14052,0.16914,0.17276,0.17177,0.17111,0.17078,0.00041,-0.00288,0.00173,-0.00156,-0.00090,-55.45076,-1489.00000
0.14151,0.14348,0.13822,0.13921,0.14118,0.17342,0.17111,0.16717,0.17013,0.17473,0.00107,-0.00353,-0.00090,-0.00288,0.00107,-55.88456,-1488.00000
0.14052,0.13789,0.13559,0.14414,0.14316,0.17243,0.17045,0.16914,0.17670,0.16815,-0.00156,-0.00090,0.00107,-0.00748,0.00107,-55.88456,-1487.00000
0.14020,0.14283,0.13789,0.13855,0.13921,0.17111,0.17111,0.17966,0.17342,0.16881,-0.00321,-0.00123,0.00008,0.00272,0.00140,-55.71328,-1486.00000
0.14348,0.13493,0.13888,0.13954,0.13921,0.16815,0.16782,0.17572,0.17013,0.16980,0.00074,-0.00057,0.00370,0.00008,-0.00090,-55.71328,-1485.00000
0.13296,0.13460,0.13428,0.13592,0.13691,0.17013,0.16914,0.17111,0.17309,0.16980,0.00008,-0.00025,0.00041,-0.00057,0.00239,-55.60078,-1484.00000
0.13395,0.13756,0.13691,0.14151,0.13625,0.16782,0.16815,0.17539,0.16848,0.17210,-0.00189,-0.00025,-0.00222,-0.00057,-0.00353,-55.60078,-1483.00000
0.13789,0.14151,0.13789,0.14283,0.13395,0.16914,0.17111,0.17243,0.16980,0.17111,0.00008,0.00140,-0.00025,0.00008,-0.00025,-55.21006,-1482.00000
0.13559,0.14184,0.14184,0.13756,0.13296,0.17013,0.17605,0.17111,0.16881,0.17210,-0.00353,0.00436,0.00206,-0.00057,0.00140,-55.21006,-1481.00000
0.13493,0.13954,0.13428,0.13296,0.13855,0.17473,0.16980,0.16749,0.17111,0.17342,0.00107,-0.00156,-0.00057,0.00107,0.00074,-55.69585,-1480.00000
0.14546,0.13559,0.13493,0.14283,0.13756,0.17144,0.17078,0.17670,0.17276,0.16618,0.00107,-0.00222,-0.00255,0.00041,0.00041,-55.69585,-1479.00000
0.13559,0.14151,0.13592,0.13888,0.13756,0.17276,0.16848,0.17572,0.17045,0.17276,0.00008,-0.00025,-0.00189,-0.00123,-0.00156,-55.32351,-1478.00000
0.13658,0.13460,0.13362,0.13526,0.13789,0.17309,0.17177,0.17078,0.16749,0.17013,-0.00551,0.00074,-0.00156,-0.00288,-0.00090,-55.32351,-1477.00000
0.13329,0.13822,0.12967,0.13822,0.14052,0.17309,0.17572,0.17111,0.17407,0.17078,-0.00123,0.00107,-0.00156,0.00008,0.00008,-54.91761,-1476.00000
0.13592,0.13855,0.12934,0.13493,0.13263,0.16749,0.17013,0.17374,0.17177,0.16980,0.00008,-0.00222,0.00140,-0.00090,-0.00156,-54.91761,-1475.00000
0.13066,0.13592,0.13493,0.13625,0.13954,0.16519,0.16717,0.16881,0.17078,0.16914,-0.00090,-0.00090,-0.00156,0.00107,-0.00025,-54.79035,-1474.00000
0.13855,0.13888,0.13197,0.14316,0.13855,0.17144,0.17078,0.17144,0.17670,0.17572,-0.00189,-0.00353,0.00008,0.00107,0.00239,-54.79035,-1473.00000
0.13263,0.13822,0.13592,0.13362,0.13329,0.16947,0.17309,0.17276,0.17342,0.17572,-0.00156,0.00173,-0.00419,-0.00025,0.00008,-53.88443,-1472.00000
0.13691,0.13921,0.13000,0.13691,0.13395,0.17440,0.17177,0.17078,0.17440,0.16684,-0.00057,0.00239,-0.00123,0.00107,-0.00057,-53.88443,-1471.00000
0.13559,0.13526,0.13493,0.14085,0.13395,0.17144,0.17078,0.17506,0.17111,0.17013,0.00272,-0.00288,0.00403,0.00041,0.00008,-53.39241,-1470.00000
0.13033,0.13822,0.13493,0.13658,0.13691,0.17407,0.17177,0.16881,0.17210,0.17078,-0.00321,-0.00222,-0.00123,-0.00353,-0.00025,-53.39241,-1469.00000
0.13526,0.13296,0.13428,0.13460,0.13428,0.16815,0.16947,0.17243,0.16881,0.16815,0.00436,0.00107,-0.00057,-0.00090,0.00436,-53.53458,-1468.00000
0.13395,0.13296,0.13066,0.13592,0.12770,0.16848,0.17013,0.16125,0.16848,0.17309,0.00074,0.00041,0.00337,0.00074,0.00140,-53.53458,-1467.00000
0.13691,0.13428,0.13789,0.13592,0.13460,0.17177,0.17144,0.17078,0.17045,0.16782,0.00107,0.00370,-0.00057,-0.00189,-0.00288,-50.75167,-1466.00000
0.13197,0.13197,0.13789,0.13756,0.13362,0.16749,0.16980,0.16717,0.16848,0.17342,-0.00057,-0.00025,0.00239,0.00140,-0.00090,-50.75167,-1465.00000
0.13033,0.13395,0.13000,0.13625,0.13493,0.17210,0.17243,0.17539,0.17605,0.17210,0.00337,0.00206,-0.00090,-0.00025,0.00206,-49.26988,-1464.00000
0.13428,0.13197,0.13724,0.13756,0.12605,0.17605,0.16881,0.17177,0.17210,0.16980,0.00074,-0.00156,0.00140,-0.00353,-0.00090,-49.26988,-1463.00000
0.12901,0.13592,0.13756,0.13888,0.13428,0.17144,0.17177,0.17210,0.17144,0.17210,-0.00057,-0.00090,-0.00584,-0.00321,0.00140,-49.22478,-1462.00000
0.13460,0.13526,0.13099,0.13493,0.13460,0.17111,0.17013,0.17276,0.17605,0.17276,0.00272,0.00074,0.00337,0.00074,-0.00156,-49.22478,-1461.00000
0.13164,0.13066,0.13362,0.13329,0.13559,0.17210,0.16881,0.17342,0.17210,0.16684,0.00107,-0.00288,-0.00419,-0.00156,0.00008,-50.46200,-1460.00000
0.13230,0.13592,0.13362,0.13789,0.12803,0.17572,0.17309,0.17013,0.17045,0.17177,0.00107,0.00272,-0.00156,-0.00090,-0.00090,-50.46200,-1459.00000
0.13362,0.13230,0.13033,0.13000,0.13066,0.17243,0.16684,0.17374,0.17177,0.17342,0.00206,-0.00189,-0.00123,-0.00189,-0.00156,-53.47563,-1458.00000
0.13033,0.12671,0.13263,0.13526,0.12934,0.16782,0.17045,0.17342,0.17374,0.17440,0.00173,-0.00156,0.00074,0.00107,0.00008,-53.47563,-1457.00000
0.13460,0.13066,0.12934,0.13296,0.13033,0.17473,0.16881,0.17243,0.17276,0.17111,-0.00255,-0.00090,0.00041,0.00074,-0.00222,-54.83596,-1456.00000
0.13460,0.13066,0.13428,0.13164,0.13296,0.17144,0.16585,0.16914,0.17045,0.17243,0.00206,-0.00123,0.00008,-0.00288,0.00140,-54.83596,-1455.00000
0.12836,0.13263,0.13395,0.12934,0.12474,0.16848,0.16947,0.16848,0.16980,0.17374,0.00140,-0.00090,0.00074,0.00107,0.00107,-55.40626,-1454.00000
0.12572,0.12901,0.12638,0.12934,0.12836,0.17210,0.17638,0.17407,0.17013,0.16717,-0.00321,-0.00123,-0.00123,-0.00189,-0.00288,-55.40626,-1453.00000
0.13658,0.12737,0.13164,0.12967,0.13197,0.17177,0.17243,0.17243,0.16881,0.16749,0.00140,-0.00419,0.00173,-0.00123,-0.00057,-55.23731,-1452.00000
0.12671,0.12704,0.12770,0.13296,0.12671,0.17243,0.17243,0.17473,0.17440,0.17045,-0.00222,0.00239,0.00140,0.00074,0.00239,-55.23731,-1451.00000
0.12836,0.12934,0.12079,0.13099,0.12605,0.16815,0.16684,0.16749,0.17473,0.16947,-0.00321,0.00140,-0.00156,0.00041,-0.00386,-55.98780,-1450.00000
0.12770,0.13395,0.12868,0.12868,0.12967,0.17703,0.16980,0.17802,0.17045,0.17144,-0.00452,0.00173,0.00239,-0.00090,0.00008,-55.98780,-1449.00000
0.12737,0.12934,0.12671,0.12737,0.12638,0.17769,0.16848,0.16881,0.16421,0.17670,-0.00057,-0.00222,-0.00452,0.00206,0.00140,-56.50220,-1448.00000
0.12540,0.12375,0.13066,0.12934,0.12572,0.16618,0.16914,0.17013,0.17013,0.17144,0.00403,-0.00288,-0.00057,0.00239,0.00074,-56.50220,-1447.00000
0.12046,0.13033,0.12836,0.12408,0.12309,0.17111,0.16914,0.17045,0.17374,0.17276,-0.00123,0.00370,-0.00156,0.00041,-0.00156,-56.26624,-1446.00000
0.12605,0.12967,0.13000,0.11980,0.13197,0.16848,0.17144,0.16914,0.17374,0.17374,0.00008,0.00239,-0.00386,0.00008,0.00140,-56.26624,-1445.00000
0.12342,0.12441,0.12309,0.12605,0.12507,0.17045,0.17111,0.17078,0.17111,0.16486,-0.00321,-0.00288,-0.00123,-0.00321,-0.00090,-55.73810,-1444.00000
0.12605,0.13164,0.12540,0.12474,0.12605,0.17374,0.17210,0.17045,0.17210,0.16947,-0.00025,-0.00255,0.00074,0.00107,-0.00090,-55.73810,-1443.00000
0.12671,0.12934,0.12572,0.13099,0.12309,0.17276,0.16717,0.17177,0.16914,0.17309,-0.00090,0.00107,-0.00025,-0.00518,0.00107,-55.22989,-1442.00000
0.12868,0.12803,0.12244,0.12803,0.12309,0.16717,0.17013,0.16453,0.17210,0.16618,-0.00222,-0.00189,0.00041,-0.00025,-0.00156,-55.22989,-1441.00000
0.12671,0.11980,0.13132,0.12507,0.12901,0.17013,0.16585,0.17144,0.17243,0.16749,-0.00057,0.00272,-0.00156,-0.00288,-0.00057,-54.68770,-1440.00000
0.12572,0.12934,0.13132,0.12638,0.12934,0.17045,0.17013,0.17342,0.17769,0.16947,-0.00025,0.00140,0.00008,0.00107,-0.00123,-54.68770,-1439.00000
0.12540,0.12342,0.12079,0.12276,0.12638,0.17309,0.17177,0.17111,0.17045,0.16717,-0.00025,0.00107,0.00239,-0.00025,0.00008,-54.80235,-1438.00000
0.13066,0.12704,0.12605,0.12572,0.12671,0.17045,0.17013,0.17045,0.16980,0.16782,-0.00189,-0.00090,0.00041,0.00403,0.00008,-54.80235,-1437.00000
0.11980,0.12671,0.12507,0.12540,0.12934,0.17309,0.17374,0.17078,0.17045,0.17013,-0.00123,-0.00090,-0.00321,-0.00090,0.00041,-54.36406,-1436.00000
0.12178,0.12474,0.12145,0.12803,0.12770,0.17078,0.17013,0.17013,0.17374,0.17177,0.00140,0.00370,-0.00255,0.00008,-0.00156,-54.36406,-1435.00000
0.11980,0.12211,0.12112,0.12572,0.12803,0.17210,0.16980,0.16980,0.17144,0.17210,0.00403,-0.00288,0.00568,-0.00222,-0.00123,-54.90176,-1434.00000
0.12342,0.12605,0.12441,0.12638,0.12309,0.17045,0.16749,0.17045,0.16947,0.17473,0.00239,-0.00057,0.00239,-0.00025,0.00239,-54.90176,-1433.00000
0.12408,0.12309,0.12770,0.12474,0.13066,0.17374,0.17177,0.17440,0.16848,0.17013,0.00173,0.00173,0.00074,0.00206,-0.00321,-54.49922,-1432.00000
0.11980,0.12638,0.12408,0.12342,0.12178,0.17440,0.17078,0.17078,0.17342,0.16618,0.00008,-0.00255,-0.00090,-0.00090,-0.00353,-54.49922,-1431.00000
0.12704,0.12836,0.12079,0.12211,0.12474,0.16881,0.17572,0.16815,0.16881,0.17309,0.00173,-0.00288,0.00008,-0.00156,0.00272,-55.29893,-1430.00000
0.12276,0.12408,0.12046,0.12375,0.12276,0.17440,0.16980,0.16782,0.16914,0.17013,0.00107,0.00041,-0.00123,-0.00123,-0.00222,-55.29893,-1429.00000
0.12178,0.12770,0.12540,0.12309,0.11816,0.17210,0.16815,0.17342,0.17078,0.16881,-0.00057,0.00041,-0.00123,0.00206,-0.00189,-54.51470,-1428.00000
0.12375,0.11553,0.12605,0.12211,0.12145,0.16782,0.17440,0.17013,0.16980,0.17177,-0.00057,-0.00386,0.00074,0.00074,-0.00222,-54.51470,-1427.00000
0.12112,0.12375,0.12540,0.12013,0.12901,0.16684,0.17374,0.17309,0.17309,0.17407,0.00107,-0.00090,-0.00090,-0.00025,0.00008,-55.28225,-1426.00000
0.12342,0.12572,0.12013,0.11849,0.11915,0.17013,0.17013,0.17473,0.17177,0.17342,-0.00123,-0.00156,0.00272,-0.00057,-0.00222,-55.28225,-1425.00000
0.12572,0.12408,0.12441,0.12704,0.12276,0.17210,0.17638,0.16782,0.17111,0.17605,-0.00025,-0.00288,-0.00353,-0.00090,0.00008,-55.20460,-1424.00000
0.12276,0.12178,0.12112,0.11980,0.11915,0.16585,0.16980,0.17374,0.17309,0.17210,0.00535,-0.00222,-0.00123,0.00041,-0.00386,-55.20460,-1423.00000
0.12112,0.12309,0.12178,0.12408,0.12309,0.17506,0.16848,0.17111,0.17276,0.17342,-0.00025,0.00239,-0.00156,-0.00025,-0.00025,-54.92408,-1422.00000
0.11980,0.12605,0.11586,0.12375,0.11323,0.16749,0.17473,0.17177,0.17966,0.17440,-0.00025,0.00140,0.00107,0.00008,-0.00057,-54.92408,-1421.00000
0.12474,0.11717,0.12605,0.11816,0.11948,0.17144,0.17177,0.16552,0.17276,0.17144,0.00206,0.00008,-0.00255,-0.00025,-0.00123,-55.27454,-1420.00000
0.11849,0.12079,0.11717,0.12112,0.12112,0.17407,0.17144,0.16749,0.17144,0.17144,-0.00419,0.00403,0.00041,-0.00057,-0.00485,-55.27454,-1419.00000
0.11882,0.11882,0.12046,0.11323,0.12441,0.17045,0.17078,0.17572,0.16980,0.16848,-0.00386,-0.00057,-0.00025,0.00239,-0.00025,-55.42047,-1418.00000
0.11586,0.11849,0.11454,0.11980,0.11520,0.17177,0.17506,0.17177,0.17670,0.17473,0.00041,0.00008,-0.00288,0.00337,-0.00057,-55.42047,-1417.00000
0.12112,0.11849,0.12408,0.11882,0.12013,0.16947,0.17309,0.16881,0.16486,0.17210,0.00337,-0.00551,-0.00057,0.00107,0.00173,-55.31522,-1416.00000
0.11586,0.12046,0.12079,0.12704,0.12408,0.16914,0.16980,0.17144,0.17078,0.17374,0.00074,0.00074,0.00008,-0.00189,-0.00288,-55.31522,-1415.00000
0.11816,0.11717,0.12046,0.11915,0.12178,0.17342,0.16914,0.17473,0.16782,0.16848,0.00107,-0.00123,-0.00189,-0.00255,-0.00386,-55.21864,-1414.00000
0.11783,0.11980,0.11454,0.11980,0.11520,0.17374,0.17210,0.16815,0.17144,0.17045,0.00107,-0.00057,-0.00222,-0.00025,0.00008,-55.21864,-1413.00000
0.11750,0.12276,0.11980,0.11684,0.11980,0.17309,0.16749,0.17276,0.17111,0.16749,0.00041,0.00008,0.00272,-0.00222,0.00008,-54.83344,-1412.00000
0.11454,0.11520,0.11915,0.12244,0.12244,0.17111,0.17210,0.17144,0.17111,0.17144,-0.00156,0.00107,0.00008,0.00173,0.00173,-54.83344,-1411.00000
0.11882,0.11388,0.12013,0.11750,0.11816,0.16717,0.17210,0.16848,0.16749,0.16289,0.00008,-0.00057,-0.00090,0.00008,0.00041,-54.63352,-1410.00000
0.11915,0.11421,0.11158,0.11553,0.11257,0.16717,0.17111,0.17111,0.17144,0.16684,0.00272,-0.00057,-0.00057,-0.00419,0.00107,-54.63352,-1409.00000
0.11191,0.11948,0.11684,0.12013,0.11454,0.17243,0.17243,0.16980,0.17243,0.17078,0.00535,-0.00057,-0.00353,-0.00584,0.00337,-55.03404,-1408.00000
0.11355,0.11882,0.11882,0.11849,0.11684,0.16651,0.16519,0.16749,0.16782,0.17078,0.00370,-0.00452,0.00107,-0.00156,0.00699,-55.03404,-1407.00000
0.11783,0.11619,0.11882,0.11158,0.11224,0.16815,0.17276,0.16782,0.17243,0.17078,-0.00189,0.00008,0.00173,0.00008,0.00206,-54.90960,-1406.00000
0.11816,0.11421,0.11684,0.12309,0.10862,0.17210,0.17440,0.17177,0.17210,0.17177,-0.00288,-0.00222,-0.00025,-0.00353,0.00041,-54.90960,-1405.00000
0.11915,0.11520,0.11027,0.11388,0.11290,0.17506,0.16717,0.17045,0.17111,0.16980,-0.00255,-0.00222,0.00008,-0.00057,-0.00189,-54.77414,-1404.00000
0.11421,0.11619,0.11520,0.11388,0.10961,0.17440,0.17342,0.16782,0.17210,0.16848,-0.00255,-0.00025,-0.00222,-0.00288,-0.00057,-54.77414,-1403.00000
0.11191,0.11586,0.11849,0.11158,0.11652,0.17572,0.17078,0.17276,0.17144,0.17078,-0.00222,0.00008,-0.00288,-0.00255,-0.00189,-54.70885,-1402.00000
0.11224,0.11257,0.12112,0.11454,0.11224,0.17276,0.16914,0.16881,0.17045,0.17177,-0.00189,-0.00090,-0.00353,-0.00025,0.00337,-54.70885,-1401.00000
0.11191,0.11553,0.11290,0.11619,0.11125,0.17111,0.17078,0.16914,0.17506,0.16914,-0.00419,-0.00222,-0.00189,0.00041,0.00469,-54.10979,-1400.00000
0.10961,0.11816,0.11257,0.11487,0.11915,0.17177,0.17078,0.16717,0.17473,0.16980,-0.00255,0.00403,-0.00222,-0.00321,0.00304,-54.10979,-1399.00000
0.11619,0.11816,0.11027,0.11092,0.12244,0.17144,0.17276,0.16980,0.16914,0.16815,-0.00222,0.00337,0.00173,0.00337,0.00107,-55.19943,-1398.00000
0.11487,0.11290,0.11355,0.10895,0.11421,0.16651,0.17078,0.16848,0.16947,0.17111,0.00304,-0.00452,-0.00386,-0.00222,0.00107,-55.19943,-1397.00000
0.10665,0.11816,0.11355,0.11553,0.11520,0.16486,0.16782,0.17210,0.17111,0.16980,0.00140,-0.00189,0.00173,-0.00123,-0.00485,-55.23887,-1396.00000
0.11520,0.11421,0.10994,0.11750,0.11323,0.16618,0.17144,0.17144,0.16453,0.17045,0.00140,-0.00452,0.00206,-0.00025,-0.00123,-55.23887,-1395.00000
0.11224,0.11783,0.11125,0.11224,0.11224,0.17013,0.17572,0.17210,0.17177,0.17440,0.00140,-0.00057,0.00074,0.00008,0.00272,-55.70537,-1394.00000
0.11092,0.11750,0.10862,0.11059,0.11355,0.17210,0.17309,0.16684,0.16848,0.16585,0.00535,0.00107,-0.00090,-0.00025,-0.00288,-55.70537,-1393.00000
0.11059,0.11783,0.11257,0.10829,0.11323,0.17177,0.16618,0.17572,0.17276,0.16651,0.00008,-0.00321,-0.00025,-0.00189,-0.00584,-55.57486,-1392.00000
0.11027,0.11421,0.11355,0.11421,0.11553,0.17243,0.17078,0.16815,0.17374,0.16848,-0.00057,-0.00090,0.00107,0.00107,-0.00123,-55.57486,-1391.00000
0.11290,0.11323,0.11191,0.11388,0.10599,0.16914,0.16815,0.16980,0.17177,0.17045,-0.00156,-0.00156,0.00304,-0.00123,-0.00057,-55.85872,-1390.00000
0.10928,0.10994,0.10994,0.11948,0.10829,0.17407,0.16782,0.17638,0.16749,0.16947,-0.00288,-0.00189,-0.00321,-0.00057,0.00140,-55.85872,-1389.00000
0.11421,0.11520,0.11224,0.11191,0.10731,0.17243,0.17309,0.17144,0.16552,0.16914,0.00041,-0.00222,-0.00123,-0.00255,-0.00025,-55.41227,-1388.00000
0.11290,0.10731,0.10928,0.10928,0.11454,0.17045,0.17013,0.17407,0.17309,0.16980,-0.00090,-0.00090,0.00008,0.00008,-0.00288,-55.41227,-1387.00000
0.11323,0.10961,0.11059,0.10500,0.10829,0.17078,0.17144,0.17078,0.16782,0.17506,0.00206,0.00107,-0.00090,-0.00090,0.00173,-55.35994,-1386.00000
0.10599,0.11652,0.11059,0.11520,0.11717,0.16782,0.17111,0.17144,0.16914,0.17177,-0.00025,0.00304,0.00008,-0.00025,-0.00090,-55.35994,-1385.00000
0.11191,0.10698,0.11191,0.10763,0.10895,0.17013,0.16749,0.17045,0.17111,0.16453,-0.00255,0.00074,0.00107,-0.00617,0.00140,-55.21415,-1384.00000
0.10829,0.10994,0.11323,0.10796,0.11191,0.17309,0.17013,0.17473,0.16881,0.17013,0.00173,0.00600,-0.00090,0.00173,0.00239,-55.21415,-1383.00000
0.10566,0.10731,0.11323,0.10961,0.10862,0.17605,0.17144,0.17473,0.17473,0.16914,0.00074,-0.00123,-0.00189,0.00041,-0.00189,-55.04604,-1382.00000
0.11059,0.10698,0.11191,0.11191,0.11257,0.16289,0.16947,0.17144,0.17078,0.16815,-0.00025,-0.00288,0.00041,0.00370,-0.00090,-55.04604,-1381.00000
0.11454,0.10796,0.11323,0.10796,0.10698,0.17111,0.17276,0.17506,0.17078,0.16881,0.00074,0.00107,-0.00222,-0.00156,0.00239,-54.89118,-1380.00000
0.11388,0.10599,0.10928,0.11487,0.10928,0.17276,0.17111,0.16947,0.16848,0.16881,-0.00025,0.00239,0.00107,-0.00222,-0.00090,-54.89118,-1379.00000
0.11059,0.10665,0.11290,0.10303,0.10928,0.17013,0.16947,0.16914,0.16947,0.16914,0.00436,0.00337,-0.00288,0.00041,0.00041,-54.73319,-1378.00000
0.10303,0.10829,0.11158,0.11553,0.10369,0.17045,0.17045,0.16815,0.17078,0.17045,0.00074,-0.00057,-0.00090,0.00206,0.00008,-54.73319,-1377.00000
0.11125,0.10435,0.11059,0.10533,0.10862,0.17210,0.16947,0.16947,0.17473,0.17177,-0.00189,-0.00123,0.00008,-0.00222,-0.00123,-54.78603,-1376.00000
0.10895,0.11323,0.10862,0.10895,0.10467,0.17374,0.16881,0.17309,0.16585,0.17144,0.00337,-0.00156,0.00600,-0.00057,-0.00123,-54.78603,-1375.00000
0.11355,0.10862,0.10763,0.10665,0.10796,0.16947,0.17374,0.16881,0.17210,0.17210,0.00074,0.00107,-0.00123,-0.00288,0.00370,-54.54145,-1374.00000
0.10928,0.10500,0.10698,0.11290,0.11158,0.17045,0.16980,0.17309,0.17407,0.16684,0.00074,-0.00156,0.00206,-0.00156,-0.00321,-54.54145,-1373.00000
0.10566,0.10533,0.10500,0.10632,0.11487,0.17013,0.17210,0.17144,0.17243,0.17309,-0.00255,0.00239,0.00074,0.00041,0.00140,-54.71946,-1372.00000
0.10467,0.10763,0.10073,0.10698,0.10336,0.16914,0.16914,0.17243,0.17013,0.17111,0.00140,-0.00090,-0.00189,0.00107,-0.00123,-54.71946,-1371.00000
0.10928,0.10533,0.10961,0.10270,0.10665,0.17177,0.17078,0.16980,0.17111,0.17210,0.00140,-0.00353,-0.00288,-0.00057,-0.00222,-54.65221,-1370.00000
0.10500,0.10994,0.10336,0.10566,0.10270,0.17078,0.17177,0.17276,0.16914,0.16980,-0.00057,0.00074,0.00074,0.00140,-0.00518,-54.65221,-1369.00000
0.10566,0.10796,0.10599,0.10336,0.10599,0.17144,0.17342,0.17243,0.16815,0.17309,0.00107,0.00469,-0.00123,0.00074,-0.00025,-54.46233,-1368.00000
0.10796,0.10139,0.10862,0.10566,0.10961,0.16717,0.17210,0.17177,0.17407,0.17210,0.00272,-0.00090,-0.00419,-0.00156,0.00107,-54.46233,-1367.00000
0.09711,0.10928,0.11092,0.10599,0.10139,0.17342,0.16848,0.16782,0.16848,0.16980,0.00337,-0.00255,0.00173,-0.00255,-0.00090,-54.76535,-1366.00000
0.10829,0.10796,0.11224,0.10500,0.10467,0.16980,0.17045,0.16980,0.17045,0.17111,0.00633,-0.00025,-0.00321,0.00173,-0.00189,-54.76535,-1365.00000
0.10533,0.10204,0.10533,0.10566,0.10139,0.16980,0.16848,0.16947,0.17078,0.17440,0.00206,0.00008,-0.00090,0.00239,0.00074,-55.56138,-1364.00000
0.10698,0.10204,0.10402,0.10533,0.10500,0.17144,0.17210,0.16947,0.17144,0.16453,0.00173,-0.00025,0.00074,-0.00156,-0.00090,-55.56138,-1363.00000
0.10402,0.10040,0.10336,0.10961,0.10270,0.17045,0.17276,0.17078,0.17210,0.17078,-0.00222,0.00173,-0.00090,0.00008,0.00140,-55.34905,-1362.00000
0.10533,0.10369,0.10895,0.10435,0.10369,0.17013,0.16914,0.16585,0.17177,0.17374,0.00206,-0.00189,0.00074,-0.00090,0.00173,-55.34905,-1361.00000
0.10270,0.10829,0.10467,0.10533,0.10139,0.17045,0.17407,0.16848,0.17342,0.16749,-0.00090,0.00140,-0.00025,-0.00288,-0.00222,-55.48458,-1360.00000
0.10829,0.10204,0.10731,0.10665,0.11125,0.17506,0.17374,0.16914,0.17342,0.16980,-0.00025,-0.00288,0.00041,-0.00123,-0.00321,-55.48458,-1359.00000
0.10467,0.10500,0.10796,0.10632,0.10402,0.16980,0.17177,0.17144,0.16848,0.16980,0.00107,-0.00156,0.00008,-0.00123,-0.00485,-55.55479,-1358.00000
0.10500,0.09547,0.10204,0.10237,0.10270,0.16848,0.17144,0.17309,0.16947,0.16914,-0.00057,-0.00321,0.00272,-0.00288,0.00107,-55.55479,-1357.00000
0.10007,0.10237,0.10336,0.10500,0.10007,0.16980,0.17013,0.16947,0.17144,0.17407,-0.00386,-0.00156,-0.00452,-0.00222,-0.00090,-55.88042,-1356.00000
0.10599,0.10467,0.10994,0.10599,0.10106,0.16947,0.17342,0.17276,0.17111,0.16980,-0.00090,-0.00057,0.00008,0.00107,-0.00222,-55.88042,-1355.00000
0.10533,0.10435,0.09941,0.10336,0.10040,0.17506,0.17045,0.16717,0.17243,0.16717,0.00173,0.00041,0.00140,0.00239,-0.00156,-56.16775,-1354.00000
0.10632,0.09941,0.10533,0.10139,0.10500,0.16782,0.17177,0.17177,0.16782,0.16848,0.00074,0.00041,0.00107,-0.00025,-0.00090,-56.16775,-1353.00000
0.10303,0.10698,0.10237,0.09514,0.10369,0.17078,0.16881,0.16947,0.17276,0.17243,0.00074,-0.00156,-0.00090,0.00008,-0.00025,-56.29188,-1352.00000
0.10270,0.10073,0.10171,0.09974,0.10336,0.16421,0.17111,0.17638,0.16782,0.17210,0.00008,0.00272,-0.00123,-0.00452,-0.00090,-56.29188,-1351.00000
0.10369,0.09612,0.09875,0.10665,0.10204,0.17111,0.16947,0.17177,0.17078,0.17210,-0.00123,0.00239,0.00074,-0.00419,0.00041,-56.36860,-1350.00000
0.10139,0.10336,0.10106,0.10171,0.10204,0.16815,0.17045,0.17177,0.16519,0.16914,-0.00222,0.00173,0.00074,0.00107,-0.00156,-56.36860,-1349.00000
0.10007,0.10599,0.09875,0.10040,0.10303,0.16421,0.17013,0.16717,0.17013,0.17045,0.00074,0.00008,-0.00025,-0.00123,-0.00123,-55.40354,-1348.00000
0.10270,0.10599,0.09974,0.10139,0.10007,0.16815,0.17013,0.16717,0.17177,0.17342,-0.00617,-0.00057,0.00074,0.00074,0.00041,-55.40354,-1347.00000
0.09941,0.10139,0.10040,0.09448,0.09678,0.16848,0.16848,0.16717,0.17473,0.16947,0.00206,-0.00090,-0.00090,0.00206,0.00140,-54.81114,-1346.00000
0.09579,0.10204,0.09612,0.10139,0.09514,0.16947,0.17177,0.16947,0.16980,0.16585,-0.00025,0.00370,-0.00321,0.00074,0.00272,-54.81114,-1345.00000
0.09678,0.10040,0.10171,0.09678,0.10303,0.16519,0.17177,0.17243,0.16947,0.16914,0.00107,-0.00255,-0.00222,0.00337,-0.00321,-54.66631,-1344.00000
0.10270,0.09810,0.09744,0.10171,0.10139,0.17144,0.17111,0.16947,0.17572,0.17111,0.00140,-0.00222,-0.00452,0.00041,0.00107,-54.66631,-1343.00000
0.09744,0.10796,0.10106,0.09645,0.09941,0.17078,0.16815,0.16815,0.16749,0.16881,-0.00090,0.00337,-0.00288,-0.00386,-0.00156,-53.99575,-1342.00000
0.10106,0.09810,0.09777,0.09777,0.09678,0.17078,0.17342,0.17045,0.17045,0.17013,0.00041,-0.00189,-0.00485,0.00041,-0.00222,-53.99575,-1341.00000
0.09908,0.09349,0.10303,0.09645,0.09777,0.16585,0.16684,0.17309,0.16782,0.16914,-0.00255,0.00140,-0.00025,0.00337,0.00107,-54.77131,-1340.00000
0.09777,0.09908,0.09810,0.10171,0.09810,0.16947,0.17342,0.17243,0.16815,0.17045,0.00041,-0.00255,-0.00222,-0.00025,0.00206,-54.77131,-1339.00000
0.09645,0.09645,0.09908,0.09711,0.09843,0.16947,0.17111,0.17013,0.17045,0.17177,-0.00156,-0.00090,-0.00090,-0.00288,0.00041,-54.83195,-1338.00000
0.09283,0.09711,0.10796,0.09711,0.10270,0.17177,0.16717,0.17177,0.16914,0.17111,0.00206,0.00140,-0.00057,-0.00288,0.00140,-54.83195,-1337.00000
0.10007,0.09481,0.10336,0.09744,0.10007,0.17111,0.17013,0.17045,0.16815,0.16848,0.00140,0.00239,0.00008,-0.00255,0.00239,-55.89742,-1336.00000
0.09777,0.10237,0.09218,0.10106,0.10139,0.16618,0.17342,0.16848,0.17309,0.16815,0.00008,-0.00255,0.00074,-0.00025,-0.00057,-55.89742,-1335.00000
0.09185,0.09744,0.09711,0.09908,0.10270,0.16848,0.16782,0.17243,0.16947,0.16815,-0.00057,-0.00156,-0.00288,-0.00090,0.00041,-55.67088,-1334.00000
0.09448,0.10435,0.09908,0.10040,0.10073,0.16848,0.16947,0.17407,0.17243,0.17210,0.00041,0.00140,-0.00189,-0.00452,0.00173,-55.67088,-1333.00000
0.09843,0.08560,0.10171,0.09744,0.09579,0.17045,0.16980,0.17177,0.17243,0.17177,0.00206,0.00173,0.00008,-0.00288,0.00304,-55.40868,-1332.00000
0.09777,0.10204,0.09711,0.09349,0.10533,0.17407,0.17473,0.17210,0.16519,0.17045,-0.00222,-0.00057,-0.00090,0.00074,-0.00222,-55.40868,-1331.00000
0.09974,0.09547,0.09283,0.10007,0.09152,0.17177,0.17078,0.17407,0.17309,0.17177,0.00272,0.00107,0.00074,-0.00353,-0.00057,-56.12231,-1330.00000
0.09974,0.09481,0.09382,0.09777,0.09579,0.17144,0.17506,0.17210,0.16914,0.17144,-0.00156,0.00140,-0.00025,-0.00189,-0.00386,-56.12231,-1329.00000
0.09974,0.09744,0.09316,0.09777,0.09777,0.16980,0.16881,0.16848,0.17342,0.17210,-0.00025,-0.00189,0.00337,-0.00090,-0.00353,-55.67590,-1328.00000
0.08922,0.09908,0.09086,0.09810,0.09514,0.17243,0.16947,0.16815,0.17144,0.17210,0.00107,-0.00452,0.00272,0.00173,-0.00288,-55.67590,-1327.00000
0.09777,0.09448,0.09514,0.09612,0.09382,0.16848,0.17045,0.17111,0.16980,0.17210,0.00107,0.00074,-0.00189,0.00074,-0.00090,-56.08990,-1326.00000
0.09382,0.09612,0.09382,0.09514,0.09448,0.16881,0.16881,0.16881,0.16848,0.17111,0.00173,0.00140,0.00008,-0.00057,0.00041,-56.08990,-1325.00000
0.09514,0.09612,0.09645,0.09547,0.09678,0.17177,0.17111,0.17605,0.17111,0.16749,0.00041,-0.00090,0.00666,0.00074,-0.00057,-55.36673,-1324.00000
0.09349,0.09908,0.09448,0.09974,0.09185,0.16749,0.16519,0.17374,0.17440,0.17243,0.00008,-0.00090,-0.00518,-0.00321,-0.00288,-55.36673,-1323.00000
0.09711,0.09283,0.09744,0.09251,0.09777,0.17572,0.16651,0.16947,0.16782,0.17144,-0.00025,0.00140,-0.00386,-0.00452,0.00008,-55.47633,-1322.00000
0.09382,0.09152,0.09020,0.09251,0.09711,0.17374,0.16848,0.16486,0.16651,0.16717,0.00008,-0.00156,0.00008,0.00304,-0.00189,-55.47633,-1321.00000
0.08823,0.09349,0.09152,0.09481,0.09678,0.17210,0.16684,0.16782,0.17210,0.17045,0.00074,0.00337,-0.00057,0.00074,-0.00321,-56.20252,-1320.00000
0.09053,0.09349,0.09843,0.08889,0.09678,0.17111,0.17078,0.16453,0.16782,0.16815,-0.00025,0.00041,-0.00156,-0.00090,0.00074,-56.20252,-1319.00000
0.09645,0.09251,0.09415,0.09941,0.08856,0.17144,0.16881,0.16881,0.17210,0.17407,0.00041,-0.00255,-0.00419,-0.00025,-0.00222,-55.65985,-1318.00000
0.09119,0.09218,0.09086,0.09283,0.09185,0.16947,0.17276,0.16684,0.17144,0.17078,0.00206,0.00206,0.00074,0.00173,-0.00025,-55.65985,-1317.00000
0.09218,0.09810,0.09481,0.08790,0.09875,0.17111,0.16848,0.16782,0.16717,0.17045,-0.00419,-0.00353,0.00107,-0.00222,0.00008,-54.38510,-1316.00000
0.09481,0.08889,0.09251,0.09316,0.09218,0.17111,0.17144,0.17111,0.17013,0.16980,-0.00090,-0.00025,-0.00156,0.00206,-0.00584,-54.38510,-1315.00000
0.09053,0.09547,0.09547,0.09481,0.08889,0.17276,0.17210,0.16782,0.17309,0.17111,0.00304,-0.00189,0.00272,-0.00353,-0.00123,-54.55827,-1314.00000
0.09316,0.09349,0.08889,0.09645,0.08889,0.16881,0.16618,0.17013,0.17078,0.17276,-0.00452,-0.00057,-0.00222,0.00140,-0.00123,-54.55827,-1313.00000
0.08922,0.09810,0.09119,0.09645,0.08987,0.17078,0.16947,0.17078,0.16947,0.16651,-0.00189,-0.00057,0.00074,0.00272,-0.00025,-54.44222,-1312.00000
0.09119,0.09448,0.09218,0.09020,0.09283,0.16618,0.16947,0.17078,0.16947,0.16717,-0.00090,-0.00025,-0.00189,-0.00485,-0.00090,-54.44222,-1311.00000
0.09382,0.08626,0.09547,0.09448,0.09415,0.16585,0.17111,0.16848,0.16651,0.17177,0.00008,-0.00123,-0.00057,0.00008,0.00041,-53.75431,-1310.00000
0.08889,0.08987,0.09645,0.09316,0.09415,0.16815,0.17045,0.17703,0.16749,0.17309,-0.00057,0.00074,-0.00090,-0.00057,-0.00025,-53.75431,-1309.00000
0.09711,0.08494,0.09810,0.09218,0.09185,0.17144,0.16980,0.17111,0.17309,0.17177,0.00206,-0.00353,-0.00617,0.00304,-0.00189,-54.00362,-1308.00000
0.09744,0.08889,0.09283,0.08856,0.08626,0.17210,0.17078,0.17045,0.16519,0.16815,0.00074,-0.00123,0.00107,-0.00419,0.00304,-54.00362,-1307.00000
0.08593,0.09481,0.09645,0.09152,0.09152,0.16881,0.17243,0.16848,0.16552,0.16684,-0.00189,-0.00222,0.00140,0.00008,-0.00222,-54.14537,-1306.00000
0.09020,0.09020,0.09283,0.08790,0.10204,0.16881,0.17374,0.17144,0.17539,0.17177,0.00337,0.00041,-0.00288,0.00239,-0.00156,-54.14537,-1305.00000
0.08757,0.09053,0.08724,0.09119,0.09382,0.17276,0.16618,0.17342,0.16717,0.16947,-0.00123,0.00008,0.00239,-0.00025,0.00074,-55.06341,-1304.00000
0.09382,0.08955,0.08987,0.09119,0.09053,0.16980,0.16684,0.17045,0.16684,0.16749,-0.00025,-0.00255,0.00304,-0.00156,0.00140,-55.06341,-1303.00000
0.08987,0.09711,0.08626,0.09481,0.08856,0.17605,0.17013,0.17177,0.17177,0.17045,0.00239,-0.00222,0.00041,0.00140,-0.00057,-55.11715,-1302.00000
0.08264,0.09349,0.09020,0.09645,0.09152,0.17539,0.17144,0.17243,0.17440,0.17013,-0.00025,0.00337,-0.00123,-0.00123,-0.00090,-55.11715,-1301.00000
0.09119,0.08856,0.09086,0.09612,0.08395,0.17144,0.16947,0.17276,0.17407,0.16881,-0.00123,-0.00090,0.00337,-0.00386,0.00008,-55.88133,-1300.00000
0.09020,0.08889,0.08560,0.09547,0.08724,0.16914,0.17045,0.17078,0.16914,0.17013,-0.00123,-0.00090,-0.00321,0.00008,0.00239,-55.88133,-1299.00000
0.09218,0.08922,0.09448,0.08658,0.09382,0.17111,0.16289,0.17210,0.16914,0.16651,0.00568,-0.00452,-0.00156,-0.00123,0.00140,-55.72143,-1298.00000
0.08626,0.09349,0.08987,0.09086,0.09053,0.16980,0.16980,0.16453,0.16782,0.16848,-0.00090,0.00008,-0.00090,-0.00222,0.00107,-55.72143,-1297.00000
0.08889,0.09218,0.08527,0.09119,0.09185,0.16947,0.17276,0.16980,0.17013,0.16914,-0.00025,-0.00123,0.00206,-0.00057,-0.00057,-56.67175,-1296.00000
0.08626,0.09119,0.08626,0.08955,0.08362,0.17210,0.17605,0.17013,0.17078,0.17111,-0.00452,-0.00025,-0.00057,-0.00090,0.00206,-56.67175,-1295.00000
0.09218,0.08790,0.08823,0.08724,0.09119,0.16453,0.16980,0.17013,0.16980,0.17374,0.00173,-0.00353,0.00173,-0.00057,0.00173,-56.31683,-1294.00000
0.08856,0.08955,0.08593,0.09053,0.09185,0.16980,0.16914,0.17144,0.17177,0.16980,-0.00288,-0.00353,-0.00189,-0.00057,0.00008,-56.31683,-1293.00000
0.08922,0.08626,0.08757,0.09349,0.08955,0.17078,0.17144,0.17045,0.17013,0.17111,-0.00156,0.00041,-0.00123,0.00074,-0.00123,-56.17844,-1292.00000
0.09086,0.09053,0.09316,0.08428,0.08362,0.17177,0.16618,0.17177,0.17407,0.16684,-0.00025,-0.00025,0.00173,0.00140,0.00140,-56.17844,-1291.00000
0.08494,0.08724,0.08494,0.09152,0.08593,0.17177,0.17013,0.16486,0.16947,0.16947,-0.00025,-0.00025,-0.00419,0.00140,-0.00156,-55.65269,-1290.00000
0.09152,0.08362,0.08330,0.08691,0.08691,0.17243,0.16947,0.17342,0.17276,0.16684,-0.00123,-0.00025,0.00140,-0.00255,-0.00090,-55.65269,-1289.00000
0.08955,0.09283,0.08198,0.08428,0.08987,0.16519,0.16782,0.17440,0.17473,0.17177,-0.00255,0.00173,0.00469,0.00074,-0.00057,-54.84295,-1288.00000
0.08724,0.09218,0.08428,0.08428,0.08790,0.17013,0.16815,0.17144,0.16486,0.17177,-0.00189,-0.00090,0.00272,0.00173,0.00304,-54.84295,-1287.00000
0.09218,0.08626,0.08494,0.08955,0.08955,0.17473,0.17309,0.16815,0.16717,0.16585,-0.00353,0.00074,-0.00123,-0.00090,-0.00090,-54.76034,-1286.00000
0.08066,0.08790,0.08560,0.09283,0.08987,0.17342,0.16914,0.17309,0.17144,0.16815,-0.00123,0.00304,0.00107,0.00074,-0.00386,-54.76034,-1285.00000
0.08922,0.08494,0.09086,0.08823,0.08461,0.17013,0.16947,0.16651,0.16684,0.17934,0.00173,-0.00288,-0.00255,-0.00057,0.00107,-53.98417,-1284.00000
0.08823,0.08658,0.08757,0.08757,0.08823,0.17210,0.17013,0.17144,0.17374,0.17210,-0.00057,-0.00090,0.00074,0.00239,-0.00353,-53.98417,-1283.00000
0.08856,0.08724,0.08560,0.08395,0.08428,0.17342,0.17045,0.16881,0.17045,0.17078,-0.00222,-0.00057,-0.00255,-0.00353,-0.00057,-54.84609,-1282.00000
0.08165,0.08593,0.09251,0.08658,0.08922,0.17210,0.17177,0.16815,0.17144,0.16947,0.00140,-0.00057,-0.00386,-0.00090,0.00041,-54.84609,-1281.00000
0.08757,0.08922,0.08330,0.08790,0.08527,0.16717,0.17440,0.17506,0.17144,0.17210,0.00206,-0.00090,-0.00156,0.00107,0.00337,-54.80586,-1280.00000
0.08198,0.09283,0.08626,0.08790,0.08198,0.17144,0.17013,0.16782,0.17045,0.17276,0.00107,-0.00025,-0.00353,0.00041,-0.00288,-54.80586,-1279.00000
0.08297,0.08034,0.09119,0.08132,0.08724,0.17045,0.17013,0.17013,0.16914,0.16815,0.00173,0.00074,-0.00189,-0.00222,0.00008,-54.15830,-1278.00000
0.08757,0.08428,0.08724,0.09020,0.08757,0.16881,0.17078,0.16749,0.17111,0.16848,-0.00189,0.00107,0.00041,0.00008,0.00337,-54.15830,-1277.00000
0.08461,0.08198,0.09316,0.08066,0.09316,0.16914,0.16914,0.17078,0.17078,0.17210,0.00041,-0.00222,-0.00189,-0.00090,0.00041,-56.17583,-1276.00000
0.07770,0.08560,0.08461,0.08231,0.08955,0.17374,0.17407,0.17045,0.17276,0.17539,-0.00057,0.00337,0.00206,-0.00222,0.00107,-56.17583,-1275.00000
0.08889,0.08790,0.08001,0.08494,0.07968,0.17144,0.17111,0.17374,0.16848,0.16749,-0.00156,-0.00090,0.00041,-0.00321,0.00502,-55.89797,-1274.00000
0.08724,0.08362,0.08724,0.08165,0.07968,0.17243,0.17111,0.17243,0.17078,0.17013,-0.00288,-0.00156,0.00107,0.00535,-0.00025,-55.89797,-1273.00000
0.07902,0.08560,0.07869,0.08823,0.08494,0.17144,0.16815,0.17045,0.17473,0.17045,0.00107,0.00304,-0.00156,0.00140,-0.00025,-55.98854,-1272.00000
0.08099,0.08856,0.08658,0.08330,0.08428,0.16881,0.17605,0.17276,0.16914,0.17177,0.00304,-0.00057,-0.00090,0.00239,0.00239,-55.98854,-1271.00000
0.08922,0.08527,0.08231,0.08395,0.08330,0.17177,0.17078,0.17177,0.16881,0.17045,-0.00255,0.00140,-0.00025,0.00041,0.00074,-56.29505,-1270.00000
0.08757,0.08823,0.08297,0.08066,0.08527,0.16881,0.17309,0.16782,0.16980,0.17276,0.00074,-0.00353,0.00173,-0.00353,-0.00452,-56.29505,-1269.00000
0.08231,0.08198,0.08626,0.08593,0.08626,0.17276,0.17078,0.17506,0.16486,0.17078,0.00008,-0.00189,0.00337,-0.00156,-0.00123,-56.20172,-1268.00000
0.08658,0.07902,0.07968,0.07672,0.08757,0.16947,0.16914,0.16815,0.17572,0.17177,0.00074,0.00206,-0.00189,0.00008,-0.00123,-56.20172,-1267.00000
0.08889,0.07803,0.08099,0.08790,0.08264,0.17210,0.17177,0.17243,0.17243,0.17670,0.00041,0.00206,-0.00057,0.00074,0.00206,-55.21512,-1266.00000
0.08165,0.08362,0.08231,0.08461,0.08198,0.17572,0.17144,0.16684,0.16848,0.17670,0.00173,-0.00288,-0.00057,0.00206,0.00041,-55.21512,-1265.00000
0.08658,0.08165,0.08856,0.08198,0.08527,0.17013,0.17013,0.16421,0.17473,0.17210,-0.00123,0.00008,0.00239,-0.00189,0.00041,-55.71059,-1264.00000
0.08165,0.08066,0.08362,0.08330,0.08593,0.16552,0.16749,0.16980,0.17473,0.17045,-0.00321,-0.00288,0.00206,0.00041,0.00206,-55.71059,-1263.00000
0.07869,0.08823,0.08165,0.08165,0.08198,0.16980,0.16947,0.16881,0.17078,0.17309,0.00074,0.00041,-0.00255,0.00206,0.00074,-55.51399,-1262.00000
0.07968,0.08099,0.08297,0.08395,0.07606,0.17309,0.17013,0.16947,0.17013,0.17210,-0.00255,-0.00057,-0.00025,-0.00025,0.00041,-55.51399,-1261.00000
0.08362,0.07738,0.08955,0.07968,0.07902,0.17177,0.17243,0.17506,0.16947,0.16848,-0.00321,-0.00485,-0.00090,-0.00090,0.00140,-54.81510,-1260.00000
0.08231,0.07770,0.08790,0.08001,0.08494,0.17342,0.16947,0.17144,0.17111,0.16749,-0.00156,-0.00156,0.00239,0.00173,-0.00090,-54.81510,-1259.00000
0.08099,0.07376,0.08231,0.08395,0.08362,0.17111,0.17111,0.17605,0.17605,0.16914,-0.00189,0.00239,0.00107,-0.00189,-0.00156,-54.24593,-1258.00000
0.08626,0.08066,0.07705,0.08823,0.08527,0.16782,0.17342,0.16651,0.17605,0.17078,0.00173,0.00074,-0.00222,0.00107,-0.00222,-54.24593,-1257.00000
0.08330,0.08461,0.08034,0.08330,0.07935,0.16980,0.17045,0.16980,0.17309,0.16914,0.00074,-0.00189,-0.00189,0.00140,-0.00288,-54.40080,-1256.00000
0.08198,0.08165,0.08099,0.07639,0.08922,0.17506,0.17144,0.17703,0.17013,0.16914,-0.00386,-0.00123,-0.00090,0.00107,-0.00255,-54.40080,-1255.00000
0.07803,0.08034,0.08330,0.07639,0.08461,0.16552,0.17309,0.17276,0.16815,0.16914,0.00206,-0.00518,-0.00156,-0.00255,-0.00090,-54.47335,-1254.00000
0.07968,0.08593,0.07770,0.08066,0.07902,0.17045,0.16881,0.16782,0.17045,0.16848,0.00173,-0.00123,-0.00222,-0.00090,0.00041,-54.47335,-1253.00000
0.07606,0.07968,0.08330,0.08132,0.08034,0.17309,0.17342,0.17506,0.17045,0.17276,-0.00090,-0.00025,-0.00222,-0.00025,-0.00123,-55.02232,-1252.00000
0.07902,0.08461,0.07803,0.08099,0.07573,0.17374,0.17078,0.17342,0.17210,0.17078,-0.00485,-0.00025,0.00140,0.00074,0.00008,-55.02232,-1251.00000
0.08297,0.08264,0.07902,0.08165,0.08461,0.16684,0.17111,0.17013,0.17111,0.17177,-0.00123,0.00140,-0.00025,-0.00255,0.00239,-54.88665,-1250.00000
0.07935,0.08461,0.07968,0.08165,0.08034,0.16749,0.16815,0.17045,0.17473,0.17276,-0.00353,-0.00485,-0.00189,0.00074,0.00239,-54.88665,-1249.00000
0.08001,0.08264,0.08132,0.07573,0.07836,0.17144,0.17506,0.17177,0.16684,0.17045,-0.00025,0.00041,0.00206,0.00173,-0.00353,-54.77731,-1248.00000
0.07442,0.08922,0.08165,0.07836,0.08231,0.17506,0.16980,0.17111,0.17243,0.16585,0.00337,0.00008,-0.00288,0.00140,-0.00189,-54.77731,-1247.00000
0.08297,0.07738,0.08297,0.07507,0.08362,0.17210,0.17342,0.16684,0.16355,0.16815,-0.00123,0.00239,-0.00057,0.00140,-0.00255,-54.73973,-1246.00000
0.08231,0.07310,0.08395,0.08165,0.09020,0.16421,0.17210,0.17210,0.17013,0.17638,0.00107,0.00008,-0.00123,-0.00123,-0.00123,-54.73973,-1245.00000
0.08297,0.07639,0.07902,0.08198,0.07869,0.16914,0.17111,0.17243,0.16651,0.16947,-0.00123,-0.00222,0.00041,-0.00025,0.00206,-55.27514,-1244.00000
0.08264,0.08066,0.08231,0.07343,0.08165,0.17210,0.17210,0.16782,0.17144,0.16618,0.00173,0.00206,-0.00123,-0.00057,-0.00123,-55.27514,-1243.00000
0.07573,0.08198,0.07705,0.08428,0.08066,0.16947,0.17440,0.16651,0.16749,0.17276,0.00173,0.00239,0.00107,0.00008,-0.00025,-55.56481,-1242.00000
0.08297,0.07606,0.07902,0.08099,0.07507,0.17078,0.17342,0.16453,0.17276,0.17572,-0.00222,0.00304,-0.00123,0.00107,-0.00255,-55.56481,-1241.00000
0.07869,0.08297,0.08132,0.07770,0.07606,0.17078,0.16717,0.17210,0.17506,0.16914,0.00140,-0.00222,0.00140,-0.00123,-0.00255,-54.88446,-1240.00000
0.07770,0.07606,0.08034,0.07869,0.07836,0.17177,0.16815,0.17078,0.17144,0.17309,-0.00123,-0.00419,-0.00156,-0.00551,0.00107,-54.88446,-1239.00000
0.07836,0.07343,0.07803,0.07014,0.08198,0.17276,0.17045,0.17078,0.17045,0.17111,-0.00025,0.00239,0.00272,0.00173,-0.00025,-55.34506,-1238.00000
0.08165,0.07803,0.08198,0.07606,0.08297,0.17276,0.16848,0.16980,0.17572,0.16947,-0.00255,-0.00090,0.00206,0.00173,0.00008,-55.34506,-1237.00000
0.07639,0.07606,0.08330,0.07738,0.07672,0.16848,0.16552,0.17440,0.16815,0.17177,-0.00090,-0.00123,-0.00222,0.00140,-0.00090,-55.04802,-1236.00000
0.07738,0.07836,0.07672,0.08330,0.07836,0.17638,0.16782,0.16717,0.17111,0.16453,0.00074,-0.00452,0.00140,0.00107,0.00008,-55.04802,-1235.00000
0.07080,0.08034,0.07672,0.08001,0.07935,0.17407,0.17177,0.16782,0.17407,0.16618,-0.00255,0.00173,-0.00090,-0.00288,-0.00189,-55.22420,-1234.00000
0.07770,0.07803,0.07738,0.08198,0.07540,0.16585,0.17342,0.16749,0.17276,0.16947,-0.00025,0.00173,-0.00025,0.00074,0.00008,-55.22420,-1233.00000
0.07738,0.07540,0.07573,0.07474,0.07672,0.17210,0.17210,0.17078,0.17045,0.17407,0.00239,0.00206,0.00107,-0.00156,0.00008,-55.78105,-1232.00000
0.07639,0.07277,0.07935,0.07244,0.07968,0.16782,0.16618,0.16421,0.17440,0.16848,0.00074,-0.00057,-0.00288,0.00239,-0.00189,-55.78105,-1231.00000
0.07705,0.07573,0.07836,0.07540,0.07869,0.17078,0.16881,0.16815,0.17210,0.17440,-0.00419,0.00074,-0.00057,-0.00057,-0.00123,-55.57119,-1230.00000
0.07442,0.07968,0.07639,0.08034,0.07244,0.16453,0.17572,0.16980,0.17078,0.16815,0.00074,-0.00222,-0.00255,-0.00123,-0.00321,-55.57119,-1229.00000
0.07770,0.07507,0.07705,0.07474,0.07409,0.17078,0.17111,0.17177,0.17111,0.16980,-0.00156,-0.00649,-0.00189,-0.00025,-0.00025,-55.50044,-1228.00000
0.07705,0.08066,0.07705,0.07705,0.07803,0.17144,0.17078,0.17078,0.17111,0.16914,-0.00025,0.00107,0.00239,-0.00025,-0.00189,-55.50044,-1227.00000
0.08165,0.07639,0.07014,0.07738,0.08034,0.16322,0.16815,0.17342,0.17342,0.17342,-0.00321,-0.00222,0.00041,-0.00288,0.00272,-54.78147,-1226.00000
0.08198,0.07277,0.07836,0.07836,0.08165,0.17045,0.17013,0.16980,0.16519,0.16881,0.00074,-0.00353,-0.00057,-0.00090,-0.00123,-54.78147,-1225.00000
0.07738,0.07672,0.07935,0.08034,0.07803,0.17078,0.17243,0.17144,0.16717,0.16848,-0.00288,0.00107,0.00272,0.00239,0.00469,-53.86779,-1224.00000
0.07310,0.07474,0.07803,0.08034,0.07507,0.16651,0.16980,0.17210,0.17078,0.17243,-0.00123,0.00140,-0.00321,-0.00025,0.00436,-53.86779,-1223.00000
0.07540,0.07738,0.07474,0.07474,0.07310,0.16848,0.16782,0.17506,0.16782,0.17210,-0.00090,-0.00057,0.00107,-0.00057,-0.00189,-53.74786,-1222.00000
0.07277,0.07606,0.07310,0.07738,0.07836,0.17638,0.17177,0.16947,0.16453,0.16980,0.00140,0.00140,-0.00057,0.00041,-0.00025,-53.74786,-1221.00000
0.07442,0.07343,0.07672,0.07606,0.07573,0.16947,0.16914,0.16618,0.16947,0.16684,0.00239,-0.00090,0.00008,-0.00123,-0.00189,-54.02481,-1220.00000
0.07803,0.07540,0.08099,0.07178,0.07376,0.17013,0.16848,0.17407,0.17243,0.16749,0.00107,-0.00090,-0.00123,-0.00090,-0.00419,-54.02481,-1219.00000
0.08560,0.06981,0.07836,0.08165,0.07705,0.16881,0.17177,0.16552,0.16486,0.17177,-0.00057,-0.00123,-0.00353,-0.00485,0.00140,-54.25850,-1218.00000
0.07310,0.07836,0.07606,0.07540,0.07409,0.16848,0.17605,0.16947,0.17638,0.16914,-0.00123,0.00107,0.00272,-0.00189,0.00206,-54.25850,-1217.00000
0.07474,0.07507,0.07573,0.07080,0.08264,0.16848,0.16618,0.17309,0.17342,0.17078,-0.00025,-0.00222,-0.00321,-0.00090,-0.00057,-54.25816,-1216.00000
0.07606,0.07968,0.07869,0.06915,0.07869,0.16717,0.16914,0.16947,0.16914,0.16815,-0.00090,0.00008,-0.00222,0.00173,-0.00321,-54.25816,-1215.00000
0.07902,0.06619,0.07409,0.07474,0.07409,0.16585,0.16848,0.17078,0.16815,0.16749,0.00041,-0.00057,-0.00090,0.00140,0.00008,-52.89080,-1214.00000
0.07639,0.07310,0.07178,0.07244,0.07343,0.16651,0.17144,0.17243,0.17144,0.16749,-0.00090,0.00041,0.00107,-0.00288,0.00074,-52.89080,-1213.00000
0.07409,0.07474,0.07474,0.08132,0.07442,0.17013,0.16914,0.17111,0.17013,0.17210,0.00140,-0.00090,-0.00288,0.00107,-0.00025,-53.40096,-1212.00000
0.07211,0.07277,0.07376,0.07869,0.07178,0.16717,0.16914,0.16782,0.16815,0.16815,0.00173,-0.00123,-0.00025,-0.00090,0.00041,-53.40096,-1211.00000
0.07770,0.07738,0.07474,0.07343,0.07409,0.17013,0.17045,0.16749,0.16585,0.16815,-0.00255,0.00107,0.00074,-0.00123,0.00074,-54.10527,-1210.00000
0.07770,0.07507,0.08132,0.07014,0.07277,0.16881,0.16947,0.17374,0.16651,0.17374,0.00140,-0.00123,0.00107,-0.00452,0.00041,-54.10527,-1209.00000
0.07113,0.07310,0.07573,0.07178,0.07507,0.17144,0.17407,0.17243,0.17276,0.16947,-0.00090,-0.00123,-0.00189,-0.00156,-0.00025,-55.73916,-1208.00000
0.07442,0.07803,0.07376,0.06981,0.07474,0.16881,0.16782,0.17407,0.16980,0.16980,0.00107,-0.00419,-0.00123,-0.00090,0.00140,-55.73916,-1207.00000
0.07672,0.06915,0.07178,0.07376,0.06915,0.16585,0.16815,0.16749,0.16914,0.16782,0.00239,-0.00353,-0.00321,-0.00156,0.00008,-56.38276,-1206.00000
0.07474,0.07968,0.07672,0.07738,0.06915,0.16618,0.17210,0.16717,0.16585,0.17078,0.00008,0.00008,-0.00288,-0.00156,0.00140,-56.38276,-1205.00000
0.07211,0.07310,0.07244,0.07277,0.07474,0.17144,0.16782,0.17078,0.16848,0.17111,-0.00321,0.00041,0.00337,-0.00025,-0.00419,-56.29685,-1204.00000
0.07310,0.07507,0.07442,0.06751,0.08066,0.17013,0.16585,0.16815,0.17111,0.17440,0.00041,0.00206,0.00041,-0.00288,-0.00255,-56.29685,-1203.00000
0.07178,0.07376,0.07738,0.07178,0.07803,0.17243,0.16881,0.16848,0.16914,0.17144,-0.00090,0.00535,0.00173,-0.00485,0.00173,-55.99755,-1202.00000
0.07474,0.07376,0.07507,0.07047,0.07047,0.17078,0.16651,0.16815,0.17144,0.16552,-0.00123,0.00008,-0.00057,-0.00353,0.00041,-55.99755,-1201.00000
0.07540,0.07540,0.07409,0.06915,0.07409,0.17342,0.16881,0.16848,0.17078,0.16914,0.00206,-0.00123,-0.00255,-0.00057,0.00041,-56.22387,-1200.00000
0.07738,0.07803,0.07310,0.07409,0.07606,0.17605,0.17276,0.17769,0.17144,0.16717,-0.00090,0.00304,0.00337,-0.00386,0.00173,-56.22387,-1199.00000
0.07376,0.07869,0.07540,0.07409,0.07540,0.17111,0.17111,0.17144,0.17210,0.16585,-0.00288,-0.00123,-0.00189,-0.00057,-0.00090,-55.92932,-1198.00000
0.07540,0.06948,0.07442,0.06850,0.07507,0.16980,0.16815,0.17045,0.17177,0.17045,-0.00123,0.00107,-0.00057,0.00074,0.00041,-55.92932,-1197.00000
0.07869,0.06948,0.07277,0.07869,0.07113,0.17045,0.16717,0.16815,0.16782,0.16815,-0.00123,0.00173,0.00107,-0.00222,-0.00090,-55.08868,-1196.00000
0.06784,0.07080,0.07738,0.07869,0.07343,0.17309,0.16881,0.17045,0.16848,0.16618,0.00272,-0.00057,0.00074,-0.00255,-0.00025,-55.08868,-1195.00000
0.07244,0.07606,0.07146,0.07113,0.07507,0.17144,0.16881,0.16914,0.16684,0.16815,0.00206,0.00272,0.00206,0.00304,-0.00057,-54.77823,-1194.00000
0.07211,0.07178,0.06817,0.07738,0.06619,0.16486,0.17144,0.16618,0.17045,0.16881,0.00140,-0.00288,-0.00090,0.00008,0.00140,-54.77823,-1193.00000
0.07343,0.07507,0.06915,0.08001,0.07474,0.16947,0.16881,0.17243,0.17210,0.16782,0.00436,-0.00090,0.00041,0.00041,-0.00156,-53.15816,-1192.00000
0.07080,0.07310,0.07507,0.07047,0.07178,0.17243,0.17309,0.16453,0.16881,0.16651,0.00041,0.00370,-0.00090,-0.00353,0.00403,-53.15816,-1191.00000
0.07211,0.07244,0.07080,0.07178,0.06850,0.16914,0.16552,0.16453,0.17342,0.16848,-0.00156,-0.00123,-0.00123,0.00173,-0.00090,-52.63865,-1190.00000
0.07244,0.07244,0.07146,0.07540,0.07540,0.16947,0.16947,0.17177,0.17078,0.16684,0.00008,0.00206,0.00008,0.00370,-0.00123,-52.63865,-1189.00000
0.07178,0.07507,0.07244,0.06981,0.07310,0.16782,0.17013,0.16914,0.16782,0.17309,0.00206,0.00337,-0.00057,0.00140,-0.00452,-51.02880,-1188.00000
0.06554,0.07146,0.07442,0.07014,0.07014,0.17045,0.16552,0.16980,0.17045,0.17078,0.00041,0.00337,-0.00090,-0.00189,0.00469,-51.02880,-1187.00000
0.06817,0.06619,0.07639,0.07803,0.06850,0.16749,0.16914,0.17243,0.16881,0.16717,-0.00123,0.00370,0.00140,-0.00156,-0.00090,-48.61498,-1186.00000
0.07014,0.06882,0.07409,0.07113,0.07047,0.17111,0.16618,0.17013,0.16947,0.16881,0.00173,-0.00156,-0.00025,0.00008,0.00041,-48.61498,-1185.00000
0.07277,0.07376,0.07376,0.07507,0.07507,0.16782,0.17078,0.16717,0.16749,0.16322,-0.00057,0.00008,-0.00288,0.00041,-0.00189,-49.15124,-1184.00000
0.07343,0.07409,0.07442,0.07047,0.06850,0.17243,0.17078,0.17144,0.17111,0.17177,-0.00485,-0.00255,0.00140,0.00469,-0.00090,-49.15124,-1183.00000
0.06948,0.07376,0.06554,0.07178,0.07014,0.16881,0.16881,0.17045,0.17670,0.17243,0.00206,-0.00025,-0.00025,0.00008,0.00337,-51.09418,-1182.00000
0.07080,0.07244,0.06521,0.07211,0.07178,0.16848,0.16914,0.17144,0.16980,0.17309,0.00107,0.00370,-0.00222,0.00140,-0.00090,-51.09418,-1181.00000
0.06981,0.07606,0.07343,0.08001,0.07080,0.16618,0.16914,0.16881,0.17144,0.16914,0.00173,-0.00090,-0.00057,0.00173,0.00008,-52.93478,-1180.00000
0.07343,0.06850,0.07146,0.07310,0.07376,0.17045,0.17276,0.17078,0.16947,0.16717,-0.00189,0.00140,-0.00156,-0.00025,-0.00189,-52.93478,-1179.00000
0.07080,0.07146,0.07047,0.07442,0.07211,0.16552,0.17177,0.17243,0.16749,0.16947,-0.00025,0.00206,-0.00123,-0.00057,-0.00090,-53.94542,-1178.00000
0.07113,0.06817,0.07442,0.07310,0.07376,0.16421,0.16914,0.17078,0.17309,0.17111,0.00206,-0.00353,-0.00123,-0.00255,0.00140,-53.94542,-1177.00000
0.07507,0.07376,0.07146,0.06850,0.06882,0.16947,0.16289,0.17078,0.16848,0.16782,0.00206,-0.00353,-0.00156,0.00041,-0.00321,-54.84869,-1176.00000
0.07409,0.07705,0.07014,0.07277,0.07310,0.16749,0.16881,0.16980,0.17309,0.16552,0.00206,-0.00090,-0.00222,0.00041,-0.00123,-54.84869,-1175.00000
0.07014,0.06586,0.07277,0.06882,0.07310,0.16618,0.17144,0.16585,0.17013,0.16618,-0.00222,-0.00123,-0.00353,-0.00123,0.00008,-54.44094,-1174.00000
0.06882,0.06850,0.07310,0.06981,0.07178,0.16782,0.16651,0.17309,0.16947,0.17045,0.00107,-0.00518,0.00304,0.00074,0.00074,-54.44094,-1173.00000
0.07573,0.07474,0.07310,0.07343,0.07080,0.16881,0.17111,0.17111,0.16684,0.16848,-0.00419,-0.00288,-0.00123,-0.00025,0.00074,-55.01344,-1172.00000
0.06817,0.06817,0.07343,0.07080,0.07310,0.16684,0.16947,0.16914,0.16421,0.16684,-0.00551,0.00008,0.00173,0.00107,0.00272,-55.01344,-1171.00000
0.07211,0.06915,0.07540,0.06521,0.07310,0.17013,0.17013,0.17276,0.16848,0.17342,-0.00255,-0.00090,0.00074,0.00041,-0.00189,-54.69178,-1170.00000
0.06882,0.07672,0.07277,0.07409,0.07080,0.17013,0.17111,0.16815,0.17243,0.17045,0.00469,0.00008,0.00140,-0.00156,0.00041,-54.69178,-1169.00000
0.07047,0.06850,0.07244,0.06981,0.07047,0.16782,0.16947,0.17045,0.16848,0.17177,0.00107,-0.00025,0.00304,-0.00222,0.00140,-54.65058,-1168.00000
0.06323,0.07178,0.07211,0.07343,0.07244,0.16651,0.16947,0.17243,0.16980,0.16749,0.00074,-0.00025,0.00041,0.00008,-0.00090,-54.65058,-1167.00000
0.07178,0.06948,0.06948,0.07113,0.07178,0.17144,0.16947,0.16651,0.16848,0.17276,-0.00057,0.00074,0.00206,-0.00025,-0.00255,-55.25742,-1166.00000
0.07047,0.07310,0.07442,0.06422,0.07211,0.17243,0.16980,0.16881,0.17078,0.16980,-0.00288,0.00107,-0.00090,0.00173,0.00074,-55.25742,-1165.00000
0.06850,0.07047,0.07606,0.07244,0.07442,0.16914,0.17276,0.16618,0.17769,0.17374,-0.00025,0.00008,-0.00419,0.00074,0.00074,-54.79424,-1164.00000
0.07113,0.07770,0.06817,0.07178,0.06981,0.17013,0.17177,0.16947,0.16914,0.17078,0.00107,-0.00189,-0.00025,0.00206,-0.00090,-54.79424,-1163.00000
0.06521,0.06718,0.07540,0.07113,0.07211,0.16815,0.16519,0.16947,0.16815,0.17243,0.00239,-0.00353,0.00074,0.00337,0.00008,-54.32095,-1162.00000
0.07606,0.07474,0.06948,0.06981,0.07343,0.17407,0.17078,0.16881,0.16782,0.17045,-0.00189,-0.00025,-0.00189,0.00074,-0.00255,-54.32095,-1161.00000
0.07211,0.07376,0.06850,0.06685,0.07178,0.16717,0.16585,0.17013,0.17177,0.16815,0.00008,0.00041,0.00041,-0.00123,-0.00386,-54.87532,-1160.00000
0.07606,0.07869,0.06948,0.06652,0.07277,0.17045,0.17309,0.17111,0.16618,0.17045,-0.00156,0.00206,-0.00189,0.00173,-0.00057,-54.87532,-1159.00000
0.07014,0.07178,0.06882,0.07573,0.06981,0.16881,0.17605,0.16585,0.17045,0.16848,0.00008,0.00239,0.00140,0.00173,-0.00090,-54.22233,-1158.00000
0.07146,0.06817,0.07146,0.06948,0.06554,0.17078,0.16782,0.16486,0.16947,0.17045,-0.00057,-0.00090,-0.00090,0.00008,-0.00057,-54.22233,-1157.00000
0.06948,0.07507,0.06882,0.07146,0.06356,0.17374,0.17276,0.16749,0.16552,0.16848,-0.00090,-0.00057,-0.00090,-0.00189,-0.00189,-54.45003,-1156.00000
0.07606,0.06882,0.06586,0.07211,0.06817,0.16881,0.16782,0.17144,0.17276,0.17407,-0.00123,-0.00123,0.00206,-0.00057,0.00173,-54.45003,-1155.00000
0.07277,0.07474,0.07310,0.06784,0.06652,0.16815,0.16980,0.17045,0.17309,0.16947,-0.00123,-0.00057,0.00173,0.00403,-0.00255,-53.93888,-1154.00000
0.06981,0.06850,0.07047,0.06422,0.06784,0.17013,0.17177,0.17374,0.16684,0.16947,-0.00222,-0.00321,-0.00321,-0.00123,-0.00288,-53.93888,-1153.00000
0.06948,0.07113,0.06619,0.07113,0.07409,0.16980,0.17177,0.16749,0.17210,0.16322,-0.00189,0.00239,-0.00781,0.00107,-0.00189,-53.98116,-1152.00000
0.06619,0.06685,0.06948,0.07277,0.07146,0.16782,0.17309,0.17111,0.16684,0.16881,0.00436,-0.00551,-0.00123,0.00008,0.00074,-53.98116,-1151.00000
0.06882,0.07277,0.06718,0.06882,0.06948,0.16980,0.17111,0.16815,0.16947,0.17177,-0.00057,-0.00025,-0.00123,0.00469,0.00107,-55.15220,-1150.00000
0.07080,0.06882,0.07277,0.07540,0.07178,0.16881,0.17111,0.16947,0.17144,0.17078,0.00107,0.00206,0.00239,0.00041,0.00041,-55.15220,-1149.00000
0.07080,0.06981,0.07277,0.06488,0.06751,0.17144,0.16848,0.16453,0.17045,0.16881,0.00041,-0.00255,0.00173,-0.00288,0.00239,-55.72551,-1148.00000
0.07343,0.06619,0.07310,0.07080,0.06915,0.17111,0.17177,0.17177,0.16782,0.16486,-0.00222,-0.00123,0.00074,0.00239,0.00008,-55.72551,-1147.00000
0.07178,0.07409,0.06981,0.06718,0.06389,0.16815,0.17078,0.16848,0.16881,0.16914,-0.00222,0.00206,-0.00222,-0.00255,0.00173,-55.66305,-1146.00000
0.07113,0.07310,0.07178,0.07376,0.06817,0.17013,0.16585,0.16684,0.16815,0.17210,-0.00123,-0.00288,0.00337,0.00074,-0.00090,-55.66305,-1145.00000
0.07507,0.07047,0.06422,0.07047,0.07540,0.16947,0.16947,0.16881,0.17111,0.16749,-0.00353,-0.00057,0.00074,-0.00156,0.00008,-55.98094,-1144.00000
0.06948,0.06718,0.06915,0.06521,0.07705,0.16914,0.17473,0.16585,0.17111,0.17243,-0.00255,-0.00255,-0.00025,-0.00386,0.00074,-55.98094,-1143.00000
0.07244,0.06192,0.05962,0.07014,0.07244,0.16782,0.16848,0.16848,0.16782,0.16355,0.00074,-0.00255,-0.00288,-0.00386,0.00041,-55.32201,-1142.00000
0.06850,0.06850,0.06948,0.07014,0.06619,0.16782,0.17342,0.16651,0.17078,0.17144,0.00140,-0.00189,-0.00321,-0.00452,0.00469,-55.32201,-1141.00000
0.07178,0.06718,0.06389,0.06850,0.06882,0.16717,0.17177,0.16684,0.17111,0.16881,-0.00057,0.00173,-0.00156,-0.00321,-0.00123,-55.37829,-1140.00000
0.06521,0.07639,0.07047,0.07113,0.06586,0.17309,0.17177,0.16684,0.17045,0.17210,-0.00123,-0.00222,-0.00123,-0.00386,0.00206,-55.37829,-1139.00000
0.06948,0.07244,0.06850,0.06586,0.07211,0.17013,0.16552,0.16881,0.17144,0.17342,0.00370,-0.00057,-0.00156,-0.00222,-0.00123,-54.77167,-1138.00000
0.07244,0.06751,0.06784,0.06619,0.07080,0.17111,0.16486,0.17111,0.16585,0.16782,0.00008,0.00008,-0.00288,-0.00090,-0.00156,-54.77167,-1137.00000
0.06554,0.07343,0.06915,0.07047,0.06751,0.17045,0.16914,0.16749,0.17013,0.17111,-0.00321,-0.00386,-0.00386,-0.00090,0.00008,-54.35361,-1136.00000
0.06619,0.06718,0.07014,0.06850,0.06948,0.17144,0.16552,0.16618,0.16749,0.16980,0.00074,-0.00386,0.00140,0.00107,-0.00090,-54.35361,-1135.00000
0.07376,0.07277,0.06389,0.06850,0.07573,0.16947,0.17111,0.16684,0.16947,0.16815,0.00272,-0.00189,-0.00057,0.00074,-0.00222,-53.88579,-1134.00000
0.07343,0.06389,0.06488,0.06685,0.06784,0.17078,0.17342,0.16881,0.16651,0.17045,-0.00025,0.00107,-0.00025,-0.00123,-0.00090,-53.88579,-1133.00000
0.06948,0.07014,0.06685,0.07869,0.06060,0.17013,0.16815,0.16881,0.17111,0.17111,-0.00353,-0.00156,-0.00419,0.00041,0.00239,-54.80666,-1132.00000
0.06586,0.07244,0.06850,0.06323,0.07211,0.17177,0.17309,0.16618,0.16947,0.16782,0.00074,0.00140,0.00041,-0.00321,0.00239,-54.80666,-1131.00000
0.06948,0.06619,0.06882,0.06882,0.07113,0.17342,0.16782,0.16947,0.17144,0.17342,-0.00156,-0.00222,0.00008,0.00469,-0.00123,-55.56739,-1130.00000
0.07310,0.07902,0.06586,0.06093,0.06948,0.16848,0.16881,0.16749,0.17013,0.17078,-0.00090,-0.00090,-0.00321,0.00140,0.00074,-55.56739,-1129.00000
0.06817,0.06882,0.07047,0.07376,0.06685,0.16848,0.16947,0.16815,0.16585,0.17177,-0.00057,0.00074,0.00074,-0.00321,-0.00189,-54.34620,-1128.00000
0.07343,0.06718,0.07047,0.07113,0.07080,0.16651,0.17045,0.17243,0.16947,0.16980,-0.00156,0.00206,0.00272,0.00206,-0.00321,-54.34620,-1127.00000
0.06488,0.06817,0.06422,0.06981,0.07080,0.17078,0.17013,0.17013,0.16881,0.16749,0.00008,-0.00189,-0.00485,0.00272,0.00206,-55.13452,-1126.00000
0.06488,0.06784,0.06882,0.07146,0.07376,0.16881,0.17309,0.17078,0.16848,0.16947,0.00173,-0.00156,0.00008,-0.00255,0.00173,-55.13452,-1125.00000
0.07244,0.06784,0.06784,0.06915,0.07474,0.16651,0.16914,0.16190,0.17078,0.16881,-0.00255,0.00107,-0.00156,-0.00025,-0.00025,-54.32996,-1124.00000
0.07113,0.07277,0.07277,0.07211,0.07178,0.16815,0.16782,0.16684,0.16782,0.16881,-0.00025,-0.00288,0.00041,-0.00255,0.00041,-54.32996,-1123.00000
0.07047,0.06258,0.07080,0.06784,0.06751,0.17144,0.16914,0.16421,0.16684,0.17243,-0.00255,-0.00156,0.00107,-0.00321,-0.00123,-54.45746,-1122.00000
0.07409,0.07211,0.06619,0.06751,0.06882,0.17243,0.17177,0.16782,0.17276,0.16914,-0.00321,0.00008,0.00074,0.00206,-0.00156,-54.45746,-1121.00000
0.06554,0.06751,0.06850,0.07014,0.07146,0.16881,0.17078,0.17276,0.16749,0.16881,-0.00452,-0.00057,-0.00189,-0.00123,0.00568,-54.53830,-1120.00000
0.06389,0.06521,0.06652,0.07146,0.07113,0.16947,0.16980,0.16717,0.16782,0.16815,-0.00222,0.00140,-0.00090,0.00041,-0.00057,-54.53830,-1119.00000
0.07277,0.06948,0.06981,0.07014,0.06850,0.17243,0.16881,0.17309,0.16914,0.16914,0.00008,-0.00189,0.00008,-0.00386,-0.00090,-55.65050,-1118.00000
0.07606,0.07178,0.06488,0.07573,0.06981,0.17045,0.16782,0.16684,0.17045,0.17177,-0.00123,0.00107,0.00041,0.00140,0.00074,-55.65050,-1117.00000
0.06751,0.07310,0.06817,0.06981,0.06685,0.16914,0.16848,0.17210,0.17374,0.17111,0.00304,-0.00057,-0.00189,-0.00353,0.00140,-55.80376,-1116.00000
0.06718,0.06652,0.06981,0.06817,0.07146,0.16881,0.16749,0.17506,0.16684,0.17309,0.00008,0.00173,0.00304,-0.00321,-0.00288,-55.80376,-1115.00000
0.06882,0.06652,0.06718,0.06784,0.06652,0.16618,0.17013,0.16848,0.16749,0.16914,-0.00452,-0.00025,0.00239,-0.00156,-0.00386,-55.72171,-1114.00000
0.06981,0.06784,0.07606,0.06422,0.06718,0.16618,0.16947,0.16980,0.16815,0.16749,-0.00090,0.00206,0.00074,0.00272,-0.00255,-55.72171,-1113.00000
0.06981,0.06981,0.06455,0.06619,0.07146,0.17309,0.17013,0.16585,0.16421,0.17013,0.00140,0.00140,0.00041,-0.00090,0.00008,-55.73683,-1112.00000
0.06554,0.07080,0.06784,0.06915,0.06784,0.16848,0.16947,0.16782,0.16749,0.16453,0.00239,0.00239,0.00140,-0.00090,0.00173,-55.73683,-1111.00000
0.07211,0.06850,0.06751,0.06093,0.07047,0.16618,0.16355,0.17276,0.17111,0.17374,-0.00025,0.00173,-0.00189,0.00206,-0.00584,-55.48804,-1110.00000
0.06817,0.07146,0.07376,0.06389,0.06817,0.16947,0.16749,0.16157,0.16881,0.17111,-0.00288,-0.00189,-0.00288,-0.00090,0.00074,-55.48804,-1109.00000
0.06586,0.07146,0.06554,0.06817,0.07080,0.16749,0.16782,0.16388,0.17111,0.17111,-0.00255,0.00074,-0.00255,0.00107,0.00239,-55.51258,-1108.00000
0.06817,0.06784,0.06915,0.06850,0.06751,0.16190,0.16980,0.17243,0.16848,0.16914,-0.00123,-0.00189,-0.00222,-0.00419,-0.00222,-55.51258,-1107.00000
0.06915,0.06389,0.06850,0.06685,0.06619,0.17013,0.17013,0.16881,0.17045,0.16749,-0.00189,-0.00321,-0.00321,-0.00485,0.00173,-55.32465,-1106.00000
0.06488,0.06422,0.06817,0.06751,0.06948,0.17078,0.17309,0.16684,0.16651,0.16749,-0.00090,-0.00156,-0.00156,-0.00156,-0.00156,-55.32465,-1105.00000
0.06981,0.06718,0.06915,0.07474,0.06521,0.16684,0.16749,0.16717,0.17111,0.17111,0.00107,0.00074,-0.00255,-0.00057,-0.00057,-54.50803,-1104.00000
0.06652,0.06850,0.07178,0.06521,0.06619,0.16881,0.17342,0.16815,0.16947,0.17177,-0.00353,-0.00057,0.00008,-0.00057,0.00140,-54.50803,-1103.00000
0.06948,0.06060,0.07310,0.07310,0.06981,0.16881,0.16782,0.16947,0.16815,0.16881,0.00173,-0.00025,0.00206,0.00173,-0.00288,-54.61974,-1102.00000
0.06455,0.06817,0.07014,0.07211,0.06488,0.16914,0.17144,0.16486,0.17078,0.17177,0.00107,0.00173,0.00272,0.00074,-0.00255,-54.61974,-1101.00000
0.07211,0.06685,0.06652,0.07507,0.06192,0.16684,0.16881,0.16914,0.17144,0.16881,0.00272,-0.00353,-0.00057,0.00140,-0.00419,-54.89043,-1100.00000
0.06455,0.06652,0.07047,0.06751,0.07014,0.16519,0.16947,0.17013,0.16881,0.16618,-0.00025,0.00304,-0.00123,0.00008,-0.00057,-54.89043,-1099.00000
0.07113,0.07047,0.07014,0.06882,0.07047,0.17276,0.16848,0.17210,0.17309,0.16881,-0.00255,-0.00123,0.00074,0.00173,0.00304,-52.28653,-1098.00000
0.06915,0.07014,0.06586,0.06718,0.07310,0.17473,0.16947,0.17342,0.17276,0.17210,-0.00682,0.00206,-0.00090,0.00074,0.00107,-52.28653,-1097.00000
0.06915,0.06882,0.07178,0.06652,0.06455,0.17144,0.16815,0.16914,0.17309,0.17309,0.00107,-0.00419,0.00239,-0.00057,-0.00156,-49.36836,-1096.00000
0.06554,0.06981,0.07310,0.06685,0.07540,0.17440,0.17013,0.16651,0.16684,0.17309,0.00304,0.00008,0.00337,0.00173,-0.00419,-49.36836,-1095.00000
0.07113,0.06817,0.07409,0.06685,0.06817,0.16914,0.16881,0.17276,0.16651,0.16815,-0.00057,-0.00090,0.00239,-0.00123,-0.00353,-49.13731,-1094.00000
0.06784,0.07211,0.06455,0.07442,0.07080,0.17111,0.17605,0.17407,0.16947,0.16947,-0.00222,0.00600,0.00173,0.00304,0.00107,-49.13731,-1093.00000
0.06850,0.07014,0.06882,0.07080,0.06554,0.16914,0.17243,0.16914,0.16585,0.17144,0.00008,0.00107,-0.00057,-0.00189,-0.00189,-51.12139,-1092.00000
0.07014,0.06488,0.07047,0.07178,0.07277,0.17045,0.16421,0.17374,0.16881,0.17506,-0.00156,-0.00288,-0.00321,0.00272,-0.00353,-51.12139,-1091.00000
0.06850,0.06389,0.06948,0.07310,0.06817,0.17045,0.16815,0.16980,0.16947,0.16881,0.00008,-0.00255,-0.00222,0.00173,0.00140,-52.55288,-1090.00000
0.06323,0.07310,0.06586,0.07146,0.06784,0.16947,0.17045,0.16815,0.16486,0.17045,-0.00452,-0.00123,0.00272,0.00304,0.00173,-52.55288,-1089.00000
0.07047,0.06586,0.06488,0.07376,0.06784,0.17177,0.17177,0.17440,0.16651,0.17013,0.00074,-0.00025,0.00272,-0.00255,0.00008,-52.68757,-1088.00000
0.06586,0.07211,0.06718,0.06882,0.06817,0.17276,0.16947,0.16980,0.17210,0.17276,-0.00156,-0.00189,0.00173,0.00272,-0.00386,-52.68757,-1087.00000
0.07047,0.06751,0.07014,0.07211,0.06225,0.16815,0.16585,0.17276,0.17045,0.17144,0.00107,-0.00419,0.00239,0.00633,-0.00321,-53.86820,-1086.00000
0.06981,0.07277,0.07442,0.07211,0.07080,0.16618,0.17407,0.16749,0.16914,0.17243,0.00074,0.00140,0.00041,-0.00189,0.00074,-53.86820,-1085.00000
0.07014,0.06817,0.07442,0.06751,0.06850,0.16684,0.16618,0.16519,0.16651,0.17045,0.00107,-0.00156,-0.00123,-0.00189,0.00008,-54.10207,-1084.00000
0.07244,0.06817,0.06718,0.07113,0.06619,0.17243,0.17045,0.17045,0.17144,0.16618,0.00436,0.00173,0.00041,0.00008,-0.00057,-54.10207,-1083.00000
0.06850,0.06488,0.07113,0.07211,0.06817,0.17045,0.16947,0.16947,0.17374,0.16980,-0.00123,0.00107,0.00272,-0.00255,0.00403,-54.69996,-1082.00000
0.07376,0.06586,0.06850,0.07146,0.06652,0.17013,0.17045,0.16717,0.17013,0.17045,0.00272,0.00008,-0.00386,-0.00321,-0.00288,-54.69996,-1081.00000
0.07178,0.06915,0.06455,0.07277,0.06751,0.17177,0.16947,0.16749,0.17210,0.17210,-0.00156,0.00041,0.00074,-0.00518,-0.00419,-54.50086,-1080.00000
0.07080,0.07343,0.06554,0.06817,0.06948,0.16782,0.16782,0.17013,0.16717,0.17045,0.00008,-0.00189,-0.00057,-0.00025,-0.00057,-54.50086,-1079.00000
0.06817,0.06915,0.07014,0.06948,0.06882,0.16947,0.17342,0.17078,0.17342,0.17210,-0.00288,-0.00156,-0.00255,0.00041,0.00008,-55.39740,-1078.00000
0.07672,0.06915,0.07113,0.06751,0.06948,0.16947,0.16585,0.16585,0.17078,0.17013,0.00041,0.00074,-0.00025,-0.00288,-0.00156,-55.39740,-1077.00000
0.07277,0.06685,0.06685,0.06586,0.07244,0.16848,0.16618,0.16651,0.17309,0.17013,-0.00123,-0.00057,0.00173,0.00140,0.00173,-55.41110,-1076.00000
0.06948,0.07047,0.07014,0.07639,0.06356,0.16453,0.17243,0.16684,0.16947,0.16782,-0.00353,0.00239,0.00436,-0.00255,-0.00123,-55.41110,-1075.00000
0.07211,0.06850,0.06784,0.07343,0.07113,0.16651,0.16651,0.16486,0.16717,0.16782,0.00239,0.00008,0.00107,0.00074,-0.00419,-55.28124,-1074.00000
0.06389,0.06685,0.06981,0.07474,0.07178,0.17045,0.16717,0.16881,0.16519,0.16388,-0.00025,-0.00255,0.00140,0.00173,0.00107,-55.28124,-1073.00000
0.06817,0.07376,0.06882,0.06619,0.06850,0.16848,0.17013,0.16651,0.17045,0.16848,0.00173,0.00074,-0.00222,0.00008,0.00337,-54.80615,-1072.00000
0.06817,0.06948,0.07080,0.06258,0.07080,0.16914,0.16848,0.17111,0.16749,0.16947,-0.00057,0.00140,0.00041,-0.00123,0.00140,-54.80615,-1071.00000
0.06751,0.06948,0.06521,0.06718,0.07014,0.17276,0.17078,0.17078,0.17243,0.17210,0.00107,-0.00057,-0.00255,0.00107,0.00173,-54.85913,-1070.00000
0.07113,0.06981,0.06784,0.07376,0.07080,0.16782,0.16749,0.16782,0.17078,0.17078,-0.00123,-0.00288,0.00173,0.00337,-0.00025,-54.85913,-1069.00000
0.07211,0.06784,0.07080,0.06850,0.07244,0.16914,0.16749,0.16980,0.17045,0.17045,0.00008,0.00304,0.00370,0.00107,-0.00156,-54.75134,-1068.00000
0.06389,0.06850,0.07573,0.06652,0.07672,0.16453,0.16684,0.16914,0.17013,0.17013,-0.00452,-0.00123,-0.00025,-0.00025,-0.00189,-54.75134,-1067.00000
0.07178,0.06915,0.07113,0.07639,0.07080,0.16651,0.17111,0.16782,0.16914,0.17243,-0.00090,-0.00156,0.00140,-0.00156,-0.00025,-55.46161,-1066.00000
0.06718,0.06915,0.06882,0.06784,0.06882,0.16256,0.17111,0.16618,0.16388,0.16914,-0.00090,-0.00123,0.00107,-0.00288,0.00008,-55.46161,-1065.00000
0.07277,0.07244,0.07047,0.06915,0.06948,0.17144,0.17407,0.17013,0.16782,0.17177,-0.00090,-0.00057,-0.00057,-0.00255,0.00107,-54.70590,-1064.00000
0.07113,0.07146,0.07014,0.06751,0.06817,0.17539,0.16256,0.17045,0.17177,0.17440,0.00140,0.00107,0.00436,-0.00255,-0.00123,-54.70590,-1063.00000
0.07211,0.06290,0.07277,0.07409,0.06554,0.16815,0.16914,0.17013,0.17111,0.16684,0.00239,-0.00090,-0.00090,0.00140,0.00173,-55.00432,-1062.00000
0.07047,0.07211,0.07442,0.06488,0.06915,0.16618,0.16815,0.16980,0.17210,0.17210,-0.00123,-0.00288,-0.00123,-0.00156,0.00304,-55.00432,-1061.00000
0.07080,0.06652,0.07474,0.06915,0.07014,0.17013,0.16585,0.16749,0.17177,0.17210,-0.00057,0.00304,0.00173,-0.00025,-0.00123,-54.30880,-1060.00000
0.07047,0.06488,0.07705,0.06751,0.07474,0.16980,0.16782,0.16684,0.17210,0.16980,0.00239,-0.00321,0.00107,-0.00452,-0.00090,-54.30880,-1059.00000
0.07113,0.06981,0.06619,0.06882,0.07836,0.17243,0.17045,0.16749,0.16486,0.16914,0.00041,0.00107,-0.00156,0.00304,-0.00649,-54.55430,-1058.00000
0.06619,0.07146,0.06948,0.07178,0.07146,0.16651,0.17045,0.17177,0.16947,0.16914,-0.00025,-0.00156,0.00008,0.00140,-0.00255,-54.55430,-1057.00000
0.07146,0.07178,0.07211,0.06915,0.07080,0.17144,0.16585,0.17078,0.17078,0.17111,-0.00057,0.00074,-0.00189,-0.00189,0.00074,-54.67461,-1056.00000
0.06915,0.06882,0.07803,0.07409,0.07277,0.16848,0.17045,0.17243,0.16980,0.17078,-0.00156,-0.00222,-0.00222,0.00008,0.00370,-54.67461,-1055.00000
0.06948,0.06882,0.07047,0.07014,0.06817,0.16914,0.16552,0.16980,0.17374,0.17210,-0.00123,-0.00057,-0.00123,-0.00090,0.00074,-54.79580,-1054.00000
0.07014,0.07080,0.07343,0.06586,0.07705,0.16717,0.16881,0.16815,0.16388,0.16388,-0.00288,0.00107,-0.00222,-0.00057,0.00304,-54.79580,-1053.00000
0.06817,0.07113,0.07146,0.06751,0.07146,0.17013,0.17342,0.16684,0.17111,0.16914,0.00008,0.00107,-0.00025,0.00107,-0.00057,-55.20552,-1052.00000
0.07178,0.07244,0.06784,0.07080,0.07442,0.17374,0.16980,0.16815,0.17045,0.16684,-0.00189,0.00041,-0.00189,-0.00156,-0.00090,-55.20552,-1051.00000
0.07178,0.06915,0.07014,0.07113,0.06685,0.16651,0.16782,0.17144,0.16618,0.17177,0.00173,-0.00255,-0.00222,-0.00123,0.00008,-55.26389,-1050.00000
0.06981,0.07343,0.06784,0.07244,0.06389,0.17111,0.16848,0.16749,0.16618,0.16782,-0.00090,-0.00321,-0.00123,-0.00123,-0.00057,-55.26389,-1049.00000
0.06981,0.06751,0.07738,0.07573,0.07014,0.17506,0.17374,0.16980,0.16881,0.17078,0.00140,-0.00222,-0.00123,-0.00255,0.00206,-55.47130,-1048.00000
0.06850,0.06882,0.07244,0.07146,0.07474,0.17210,0.16749,0.17045,0.17078,0.16717,0.00074,-0.00189,-0.00123,0.00008,-0.00156,-55.47130,-1047.00000
0.06784,0.07146,0.06850,0.06685,0.07047,0.16585,0.16848,0.17276,0.17013,0.16782,-0.00386,-0.00222,0.00008,-0.00025,-0.00189,-55.37237,-1046.00000
0.07047,0.07244,0.06389,0.06850,0.07376,0.16914,0.16749,0.16749,0.16947,0.16881,-0.00255,-0.00419,0.00041,-0.00321,-0.00222,-55.37237,-1045.00000
0.06915,0.07146,0.07244,0.06718,0.07277,0.17276,0.17144,0.17045,0.16947,0.17045,0.00173,-0.00353,-0.00386,0.00173,0.00041,-56.60464,-1044.00000
0.07047,0.06685,0.07211,0.06751,0.07474,0.17078,0.17243,0.17045,0.16848,0.16289,0.00206,0.00206,-0.00353,0.00206,-0.00057,-56.60464,-1043.00000
0.06915,0.07146,0.06948,0.06981,0.07376,0.16782,0.16947,0.17078,0.16749,0.17144,-0.00025,-0.00123,-0.00057,0.00008,0.00239,-55.76570,-1042.00000
0.06718,0.07540,0.06586,0.07113,0.07080,0.16585,0.16881,0.16684,0.16815,0.16815,-0.00222,0.00173,-0.00156,0.00107,0.00173,-55.76570,-1041.00000
0.06718,0.07803,0.06915,0.06882,0.06850,0.17210,0.17111,0.16684,0.17013,0.16881,0.00206,0.00107,0.00239,0.00008,0.00272,-54.53080,-1040.00000
0.06948,0.06981,0.07146,0.07211,0.07343,0.16552,0.16947,0.16749,0.16947,0.16519,0.00008,0.00272,0.00041,0.00239,0.00041,-54.53080,-1039.00000
0.07474,0.07409,0.06192,0.07343,0.07146,0.16881,0.17111,0.17078,0.16717,0.16749,0.00140,-0.00025,-0.00288,0.00041,0.00140,-54.49196,-1038.00000
0.07146,0.07080,0.07738,0.07113,0.07113,0.17670,0.16914,0.17210,0.16717,0.16782,0.00107,-0.00386,-0.00518,-0.00123,0.00173,-54.49196,-1037.00000
0.07836,0.07343,0.06784,0.07014,0.07047,0.17144,0.17210,0.17144,0.16684,0.16881,-0.00123,-0.00090,-0.00090,-0.00353,-0.00353,-55.00965,-1036.00000
0.07244,0.07146,0.07047,0.07310,0.07014,0.16519,0.17177,0.17078,0.16947,0.17703,-0.00222,-0.00057,-0.00057,-0.00156,-0.00156,-55.00965,-1035.00000
0.06948,0.07277,0.07047,0.07376,0.07277,0.17407,0.17210,0.16980,0.16684,0.17177,-0.00452,0.00140,-0.00025,0.00008,-0.00057,-55.12446,-1034.00000
0.07474,0.07310,0.07146,0.07343,0.07244,0.16914,0.16848,0.17013,0.16519,0.16881,0.00206,-0.00255,0.00008,-0.00222,-0.00025,-55.12446,-1033.00000
0.07080,0.07047,0.07178,0.07014,0.07376,0.17111,0.17111,0.17013,0.17177,0.16717,0.00008,-0.00189,0.00107,-0.00156,0.00206,-55.38205,-1032.00000
0.07672,0.07047,0.07343,0.06882,0.07507,0.16717,0.17045,0.16914,0.16980,0.17572,-0.00156,-0.00025,0.00008,-0.00222,0.00173,-55.38205,-1031.00000
0.07573,0.07047,0.07014,0.07573,0.07211,0.16815,0.16717,0.16585,0.17177,0.17342,0.00239,-0.00123,0.00206,-0.00156,0.00502,-55.37901,-1030.00000
0.07113,0.07014,0.07606,0.07211,0.07343,0.17078,0.16815,0.17078,0.16782,0.16914,-0.00189,0.00107,-0.00057,-0.00255,0.00008,-55.37901,-1029.00000
0.07047,0.07080,0.07507,0.07540,0.07540,0.17111,0.17045,0.17177,0.16651,0.16552,0.00107,-0.00156,-0.00288,0.00206,-0.00222,-55.34332,-1028.00000
0.07968,0.07376,0.06981,0.06850,0.06948,0.17210,0.16782,0.17078,0.16782,0.16717,0.00436,-0.00123,0.00140,0.00008,-0.00090,-55.34332,-1027.00000
0.07080,0.07672,0.07244,0.07507,0.07244,0.17111,0.16684,0.16782,0.16618,0.17309,0.00173,-0.00189,-0.00255,0.00008,-0.00222,-55.19851,-1026.00000
0.07409,0.07244,0.07540,0.07277,0.07968,0.16947,0.16717,0.16815,0.17013,0.16914,0.00173,0.00074,-0.00123,0.00008,0.00107,-55.19851,-1025.00000
0.06619,0.08001,0.07442,0.07178,0.07014,0.16848,0.16749,0.16749,0.16782,0.16717,0.00074,-0.00090,-0.00123,-0.00189,-0.00025,-55.05043,-1024.00000
0.07442,0.07178,0.07606,0.06850,0.07770,0.17243,0.16717,0.17045,0.17210,0.16815,0.00008,-0.00222,-0.00090,0.00107,0.00502,-55.05043,-1023.00000
0.07836,0.07277,0.07803,0.07639,0.07244,0.16618,0.16980,0.16684,0.17276,0.17407,0.00008,0.00107,0.00206,-0.00156,-0.00057,-54.77619,-1022.00000
0.07277,0.07244,0.08034,0.07672,0.07244,0.16881,0.16980,0.16881,0.16749,0.17177,0.00272,0.00568,0.00272,-0.00288,-0.00288,-54.77619,-1021.00000
0.07277,0.07244,0.07507,0.07672,0.07277,0.17045,0.16980,0.17177,0.16552,0.17111,-0.00353,-0.00353,-0.00189,0.00140,0.00074,-54.88077,-1020.00000
0.07014,0.07211,0.07507,0.06981,0.07244,0.17407,0.17045,0.16947,0.16618,0.16782,-0.00090,-0.00353,0.00436,-0.00090,0.00041,-54.88077,-1019.00000
0.07343,0.07474,0.07573,0.07474,0.07047,0.17276,0.16421,0.17506,0.16914,0.17111,-0.00057,0.00041,0.00337,-0.00057,-0.00222,-55.56783,-1018.00000
0.07738,0.07277,0.06685,0.07014,0.06718,0.16848,0.17144,0.16651,0.16848,0.16914,-0.00189,-0.00090,0.00206,0.00107,0.00041,-55.56783,-1017.00000
0.08099,0.07770,0.07573,0.07442,0.07803,0.17309,0.16947,0.16914,0.16717,0.16289,-0.00156,0.00239,-0.00156,-0.00189,0.00206,-54.56126,-1016.00000
0.07244,0.06817,0.07474,0.07442,0.07343,0.17342,0.17407,0.16749,0.16848,0.16848,0.00008,0.00272,-0.00189,-0.00222,0.00107,-54.56126,-1015.00000
0.07474,0.07672,0.07277,0.07146,0.07869,0.17078,0.17342,0.16947,0.17473,0.16815,0.00304,-0.00485,0.00140,-0.00715,0.00107,-54.82457,-1014.00000
0.07277,0.07968,0.07376,0.07047,0.07573,0.16914,0.17210,0.17276,0.16914,0.17506,0.00140,0.00008,0.00041,0.00140,-0.00025,-54.82457,-1013.00000
0.06981,0.07639,0.07244,0.07935,0.07376,0.16519,0.17078,0.16947,0.16223,0.16881,0.00074,-0.00222,0.00337,0.00008,-0.00025,-54.51434,-1012.00000
0.07573,0.07869,0.06981,0.07507,0.07376,0.16947,0.16881,0.16980,0.16947,0.17440,-0.00090,-0.00156,-0.00057,0.00173,-0.00222,-54.51434,-1011.00000
0.07968,0.07376,0.07474,0.06685,0.07409,0.16684,0.17078,0.17407,0.16947,0.16684,-0.00222,-0.00189,-0.00025,0.00337,-0.00090,-54.80111,-1010.00000
0.07836,0.07310,0.07507,0.07211,0.07178,0.16815,0.16684,0.16914,0.17210,0.17111,-0.00551,0.00502,-0.00222,-0.00025,-0.00123,-54.80111,-1009.00000
0.07869,0.07178,0.06948,0.07672,0.07244,0.17111,0.16486,0.16848,0.16651,0.16782,-0.00090,-0.00057,-0.00189,-0.00123,0.00140,-54.68327,-1008.00000
0.07639,0.08198,0.07211,0.07507,0.07639,0.16717,0.17045,0.16980,0.16848,0.16684,-0.00156,0.00107,-0.00025,-0.00255,-0.00123,-54.68327,-1007.00000
0.07836,0.07310,0.06817,0.07803,0.07573,0.16815,0.17078,0.16815,0.16618,0.16848,-0.00057,-0.00057,-0.00156,-0.00386,-0.00025,-55.02230,-1006.00000
0.07639,0.07705,0.07738,0.07277,0.07639,0.16914,0.17144,0.16684,0.16815,0.16947,0.00107,-0.00452,-0.00386,0.00107,-0.00057,-55.02230,-1005.00000
0.08132,0.07507,0.07573,0.07869,0.07639,0.17078,0.17177,0.17111,0.16782,0.16782,0.00173,0.00008,0.00173,-0.00025,-0.00222,-54.60832,-1004.00000
0.07376,0.07639,0.07573,0.07343,0.07639,0.16717,0.16881,0.16815,0.17309,0.17210,-0.00090,0.00008,-0.00025,0.00370,0.00173,-54.60832,-1003.00000
0.07672,0.08066,0.07178,0.07705,0.07672,0.16914,0.16651,0.16881,0.16980,0.16618,-0.00386,0.00140,-0.00123,-0.00189,0.00304,-54.24996,-1002.00000
0.07244,0.07343,0.08034,0.07902,0.07573,0.16815,0.16881,0.17374,0.16684,0.16552,-0.00222,0.00008,-0.00189,0.00008,-0.00123,-54.24996,-1001.00000
0.07606,0.07178,0.07409,0.07376,0.07113,0.17111,0.17342,0.16815,0.16848,0.16848,-0.00255,0.00173,0.00008,-0.00288,0.00074,-55.01805,-1000.00000
0.07803,0.07738,0.07705,0.07803,0.07573,0.16585,0.16980,0.16914,0.16947,0.16749,0.00074,-0.00156,0.00074,-0.00090,0.00206,-55.01805,-999.00000
0.07738,0.07178,0.08034,0.07540,0.07705,0.17045,0.16815,0.16815,0.16980,0.17210,-0.00123,-0.00025,0.00173,0.00239,-0.00156,-55.88549,-998.00000
0.07606,0.07639,0.07672,0.08264,0.07770,0.16848,0.16881,0.16980,0.16980,0.16881,0.00272,0.00206,0.00107,0.00272,-0.00222,-55.88549,-997.00000
0.07836,0.07672,0.07343,0.07738,0.07738,0.16717,0.17210,0.17078,0.17342,0.17309,0.00008,-0.00353,-0.00025,-0.00123,0.00140,-56.13122,-996.00000
0.07935,0.06850,0.08132,0.07902,0.07310,0.16289,0.17013,0.16980,0.16355,0.17111,0.00008,-0.00353,0.00008,0.00206,-0.00222,-56.13122,-995.00000
0.08066,0.07376,0.07738,0.07146,0.07836,0.17013,0.17342,0.17342,0.17210,0.17045,0.00272,0.00107,0.00074,-0.00222,-0.00156,-56.56415,-994.00000
0.08231,0.07935,0.07146,0.07705,0.07639,0.16684,0.16519,0.16881,0.16881,0.16980,-0.00123,-0.00485,0.00337,0.00272,-0.00189,-56.56415,-993.00000
0.07935,0.07672,0.07244,0.07738,0.08165,0.17177,0.16782,0.16881,0.16815,0.17243,0.00107,0.00107,0.00173,0.00272,0.00140,-55.86020,-992.00000
0.07869,0.07902,0.07738,0.07409,0.07968,0.16881,0.16881,0.16947,0.16881,0.16519,0.00008,-0.00025,-0.00025,-0.00156,0.00206,-55.86020,-991.00000
0.07573,0.07935,0.07770,0.07474,0.08165,0.17013,0.16782,0.16618,0.16881,0.16717,-0.00386,0.00173,-0.00156,-0.00123,0.00074,-55.67912,-990.00000
0.07540,0.07836,0.07770,0.08165,0.07902,0.17045,0.16815,0.17013,0.16782,0.16980,0.00337,-0.00353,-0.00189,0.00173,-0.00090,-55.67912,-989.00000
0.07803,0.08034,0.07409,0.07705,0.08231,0.16980,0.16782,0.17309,0.16914,0.16519,0.00206,-0.00025,0.00337,-0.00255,-0.00090,-55.49093,-988.00000
0.07770,0.08330,0.08297,0.07474,0.07738,0.16453,0.16980,0.17045,0.16749,0.17045,-0.00419,0.00370,-0.00255,-0.00090,0.00074,-55.49093,-987.00000
0.08395,0.07606,0.07606,0.07738,0.07442,0.17013,0.16782,0.16651,0.17177,0.16815,-0.00485,0.00206,0.00074,-0.00156,-0.00057,-55.63121,-986.00000
0.08001,0.07442,0.07507,0.08132,0.07540,0.16782,0.16684,0.16815,0.16684,0.16914,-0.00090,0.00074,0.00041,0.00272,0.00041,-55.63121,-985.00000
0.07836,0.08066,0.07277,0.07770,0.08099,0.17210,0.16980,0.17045,0.16782,0.16355,-0.00057,-0.00025,-0.00025,-0.00090,0.00041,-55.13006,-984.00000
0.07672,0.08034,0.06915,0.08034,0.07738,0.16815,0.17078,0.16552,0.16947,0.16881,0.00140,-0.00419,-0.00222,0.00140,0.00436,-55.13006,-983.00000
0.07442,0.08001,0.07540,0.07573,0.07869,0.16717,0.16815,0.16618,0.17013,0.17243,0.00206,-0.00057,0.00107,0.00403,-0.00123,-54.96249,-982.00000
0.07935,0.07606,0.08165,0.07442,0.07902,0.17045,0.16980,0.16749,0.16552,0.16552,0.00304,-0.00025,0.00074,-0.00090,0.00107,-54.96249,-981.00000
0.07803,0.08428,0.07738,0.07869,0.07540,0.16914,0.16684,0.17243,0.16684,0.17177,-0.00025,0.00008,-0.00123,-0.00057,-0.00255,-53.85576,-980.00000
0.07836,0.07540,0.07376,0.08330,0.07639,0.16651,0.16848,0.16980,0.17045,0.17440,-0.00090,-0.00255,0.00107,-0.00255,-0.00156,-53.85576,-979.00000
0.08066,0.07968,0.07803,0.07705,0.07705,0.17243,0.16782,0.16486,0.16980,0.16749,0.00140,0.00074,-0.00156,0.00206,-0.00353,-54.36684,-978.00000
0.07573,0.08165,0.08066,0.07968,0.08066,0.16815,0.16914,0.16980,0.16421,0.16717,0.00074,-0.00321,0.00107,0.00239,0.00041,-54.36684,-977.00000
0.08428,0.07738,0.08066,0.07639,0.08231,0.16782,0.16684,0.16749,0.16585,0.17013,0.00337,0.00272,0.00140,-0.00123,-0.00255,-54.03401,-976.00000
0.08165,0.07310,0.07770,0.07573,0.08001,0.16914,0.17013,0.16980,0.16881,0.16552,-0.00090,0.00074,-0.00090,0.00272,-0.00123,-54.03401,-975.00000
0.08658,0.08099,0.08428,0.07343,0.08165,0.16421,0.16585,0.16914,0.17342,0.16782,-0.00485,0.00107,-0.00156,-0.00222,-0.00057,-54.03605,-974.00000
0.08034,0.07606,0.07869,0.08198,0.07935,0.16881,0.16980,0.16684,0.17243,0.16552,-0.00025,0.00239,-0.00288,0.00107,0.00370,-54.03605,-973.00000
0.08165,0.07935,0.08066,0.08034,0.08099,0.17144,0.17144,0.16947,0.16749,0.16815,-0.00386,-0.00025,0.00008,-0.00288,-0.00156,-53.91988,-972.00000
0.07968,0.08001,0.07902,0.08231,0.08001,0.17177,0.16322,0.16815,0.16749,0.17506,0.00041,0.00173,-0.00025,0.00502,-0.00222,-53.91988,-971.00000
0.07343,0.08066,0.08165,0.08099,0.07869,0.17276,0.16519,0.16914,0.16388,0.17177,-0.00090,-0.00090,0.00239,-0.00090,0.00107,-54.52097,-970.00000
0.08724,0.08395,0.08231,0.07672,0.08395,0.17045,0.17013,0.16914,0.16848,0.16914,0.00107,0.00436,-0.00288,-0.00123,-0.00057,-54.52097,-969.00000
0.08362,0.08198,0.07540,0.07803,0.08099,0.16881,0.16684,0.16453,0.16651,0.17440,-0.00057,0.00008,-0.00156,-0.00025,0.00008,-55.56127,-968.00000
0.08165,0.07935,0.08099,0.08330,0.08231,0.16618,0.16980,0.17045,0.16848,0.16749,-0.00288,-0.00321,-0.00386,-0.00156,-0.00025,-55.56127,-967.00000
0.08001,0.08165,0.08001,0.08132,0.08001,0.17013,0.17013,0.17111,0.16881,0.16815,0.00370,0.00107,-0.00123,-0.00255,0.00140,-55.41491,-966.00000
0.08395,0.07968,0.08165,0.08099,0.07869,0.17013,0.16717,0.16618,0.16881,0.16815,0.00008,-0.00025,0.00107,0.00074,0.00173,-55.41491,-965.00000
0.07968,0.08330,0.07803,0.08001,0.08264,0.16519,0.16717,0.16815,0.17144,0.16585,0.00304,-0.00090,-0.00123,0.00041,-0.00189,-55.75433,-964.00000
0.08461,0.08066,0.08560,0.07573,0.08494,0.16585,0.16651,0.16947,0.16552,0.16684,-0.00452,-0.00156,-0.00189,0.00107,-0.00025,-55.75433,-963.00000
0.08099,0.08461,0.07672,0.08297,0.08297,0.16815,0.16289,0.16947,0.16453,0.17045,0.00173,-0.00189,-0.00057,0.00107,-0.00452,-55.50656,-962.00000
0.08494,0.07705,0.08691,0.08198,0.09053,0.17210,0.16914,0.16388,0.16848,0.16848,-0.00123,-0.00090,-0.00025,0.00173,-0.00057,-55.50656,-961.00000
0.08099,0.08099,0.07738,0.08264,0.07639,0.17111,0.16585,0.16980,0.16519,0.16815,-0.00156,0.00008,-0.00189,0.00107,-0.00353,-55.58287,-960.00000
0.08691,0.07803,0.08264,0.08001,0.08560,0.16881,0.16782,0.17111,0.17276,0.17045,0.00140,-0.00222,0.00008,-0.00090,-0.00090,-55.58287,-959.00000
0.08066,0.08264,0.08297,0.08034,0.07770,0.16980,0.16980,0.17374,0.16651,0.16980,0.00239,-0.00419,0.00173,0.00337,-0.00090,-55.92864,-958.00000
0.08527,0.08856,0.08297,0.08395,0.08165,0.17111,0.16947,0.17078,0.16651,0.16322,-0.00090,0.00403,0.00008,-0.00386,0.00107,-55.92864,-957.00000
0.07770,0.08330,0.08231,0.08165,0.08297,0.16486,0.17177,0.16684,0.17144,0.16914,-0.00189,0.00008,-0.00123,-0.00321,0.00074,-55.97213,-956.00000
0.08560,0.07869,0.08264,0.08165,0.08395,0.16815,0.16848,0.16585,0.16914,0.16980,0.00008,-0.00025,0.00272,0.00074,0.00107,-55.97213,-955.00000
0.07869,0.08264,0.08297,0.07738,0.08461,0.16684,0.17078,0.16815,0.17539,0.16815,-0.00353,0.00008,-0.00189,0.00074,0.00469,-55.83519,-954.00000
0.08330,0.08165,0.08099,0.07869,0.08724,0.16848,0.16947,0.16749,0.17013,0.17177,-0.00123,0.00206,0.00403,0.00074,-0.00584,-55.83519,-953.00000
0.08297,0.08626,0.08593,0.07968,0.08428,0.16651,0.16947,0.16881,0.16815,0.16651,-0.00189,-0.00156,0.00173,-0.00123,-0.00057,-55.53478,-952.00000
0.07968,0.07540,0.08955,0.08395,0.07869,0.17045,0.16618,0.16782,0.16815,0.16453,-0.00255,0.00173,-0.00156,-0.00419,-0.00321,-55.53478,-951.00000
0.09185,0.08001,0.08658,0.08494,0.08330,0.16881,0.16782,0.16717,0.17078,0.16585,0.00140,-0.00090,-0.00288,0.00074,0.00008,-54.90606,-950.00000
0.08231,0.08231,0.08297,0.08428,0.08264,0.16881,0.16881,0.17078,0.17210,0.16552,0.00041,-0.00057,-0.00452,0.00173,-0.00090,-54.90606,-949.00000
0.08724,0.08165,0.08198,0.08626,0.08724,0.16684,0.16782,0.16947,0.16486,0.17407,-0.00288,0.00041,0.00173,-0.00222,0.00403,-54.45254,-948.00000
0.08527,0.08362,0.08132,0.08461,0.07935,0.17013,0.16947,0.16881,0.16881,0.16815,0.00337,0.00173,0.00140,0.00173,0.00370,-54.45254,-947.00000
0.08593,0.08560,0.09119,0.08494,0.08790,0.17210,0.17210,0.16914,0.16815,0.16585,-0.00025,-0.00025,0.00074,-0.00057,-0.00419,-54.43574,-946.00000
0.07672,0.08889,0.08658,0.08297,0.08001,0.16881,0.16848,0.17243,0.16782,0.16322,-0.00288,0.00008,0.00206,-0.00156,-0.00255,-54.43574,-945.00000
0.08790,0.08132,0.08955,0.09185,0.07902,0.17045,0.16651,0.17111,0.17045,0.17013,0.00041,0.00107,-0.00025,0.00206,0.00173,-54.43955,-944.00000
0.08757,0.08362,0.08198,0.07935,0.08593,0.17045,0.16749,0.16651,0.16585,0.16848,0.00008,-0.00025,0.00107,0.00008,-0.00617,-54.43955,-943.00000
0.08593,0.08395,0.08757,0.08132,0.08494,0.17144,0.17506,0.16848,0.17309,0.16749,0.00074,0.00008,-0.00222,0.00041,-0.00321,-54.58794,-942.00000
0.08823,0.08626,0.07639,0.08987,0.08691,0.16717,0.16749,0.16914,0.16815,0.16684,-0.00123,0.00206,0.00304,-0.00025,-0.00123,-54.58794,-941.00000
0.08691,0.08198,0.08461,0.08757,0.08264,0.16486,0.16848,0.16749,0.16881,0.16651,-0.00057,-0.00386,0.00041,-0.00156,0.00041,-55.00881,-940.00000
0.08461,0.08461,0.08428,0.08264,0.08494,0.16519,0.17045,0.16815,0.16684,0.16651,-0.00057,-0.00255,-0.00123,0.00304,-0.00189,-55.00881,-939.00000
0.09020,0.08626,0.08823,0.08362,0.08362,0.16914,0.16980,0.16684,0.16618,0.16782,-0.00321,0.00140,-0.00123,-0.00057,-0.00386,-55.16554,-938.00000
0.08691,0.07968,0.08626,0.08395,0.08757,0.16782,0.16980,0.16881,0.17276,0.17078,-0.00156,-0.00156,-0.00123,0.00239,0.00140,-55.16554,-937.00000
0.08494,0.08593,0.08231,0.08658,0.08560,0.16980,0.16782,0.16519,0.16848,0.16782,-0.00123,0.00074,0.00008,0.00304,-0.00057,-55.04371,-936.00000
0.08132,0.08955,0.08560,0.08494,0.08330,0.17243,0.16947,0.17045,0.16421,0.16782,0.00370,0.00041,0.00041,-0.00123,-0.00419,-55.04371,-935.00000
0.08428,0.08922,0.08461,0.08527,0.08461,0.17045,0.16388,0.16519,0.16519,0.16717,0.00041,0.00107,-0.00419,-0.00057,0.00008,-55.45887,-934.00000
0.08823,0.08165,0.08198,0.08724,0.08395,0.17111,0.16782,0.16782,0.16914,0.16947,0.00041,-0.00025,-0.00025,0.00074,-0.00288,-55.45887,-933.00000
0.08593,0.08461,0.08889,0.08461,0.08691,0.16421,0.16782,0.17045,0.16552,0.16848,-0.00090,0.00041,0.00239,-0.00156,0.00008,-56.01068,-932.00000
0.08658,0.08987,0.08330,0.09481,0.09119,0.16190,0.16355,0.16848,0.16585,0.17013,-0.00255,0.00140,-0.00353,0.00008,-0.00057,-56.01068,-931.00000
0.08757,0.09119,0.08955,0.08461,0.08626,0.16782,0.17045,0.16684,0.16256,0.16881,-0.00123,0.00140,-0.00123,0.00140,-0.00222,-56.02048,-930.00000
0.08922,0.08691,0.08165,0.08724,0.08757,0.16881,0.17276,0.16815,0.16552,0.16552,0.00074,-0.00386,-0.00025,0.00008,0.00041,-56.02048,-929.00000
0.08626,0.08658,0.08955,0.08428,0.08724,0.16980,0.16848,0.17111,0.16947,0.16749,0.00140,0.00008,-0.00222,-0.00057,0.00206,-55.77147,-928.00000
0.08724,0.09020,0.08362,0.08395,0.08724,0.17276,0.16717,0.16552,0.17309,0.16914,0.00041,0.00140,0.00206,-0.00156,-0.00123,-55.77147,-927.00000
0.08165,0.08362,0.08724,0.08757,0.08724,0.16815,0.16519,0.16947,0.16815,0.17144,0.00041,-0.00057,-0.00386,-0.00584,-0.00255,-54.95361,-926.00000
0.08330,0.09020,0.09086,0.08330,0.09316,0.16848,0.16651,0.16256,0.17144,0.16651,0.00173,0.00074,-0.00057,-0.00057,-0.00222,-54.95361,-925.00000
0.09020,0.09020,0.09283,0.08395,0.09185,0.17374,0.16947,0.17210,0.16717,0.16486,0.00173,-0.00025,0.00206,0.00502,-0.00288,-55.13549,-924.00000
0.09185,0.08560,0.08790,0.09481,0.08757,0.17309,0.16782,0.16552,0.16651,0.16651,-0.00156,-0.00255,0.00041,0.00107,-0.00057,-55.13549,-923.00000
0.09218,0.08856,0.08922,0.09185,0.09875,0.17144,0.17013,0.17144,0.16519,0.16125,-0.00025,0.00107,0.00008,0.00074,-0.00255,-54.98474,-922.00000
0.08560,0.08955,0.09086,0.08856,0.09119,0.16848,0.17177,0.16585,0.16947,0.17309,-0.00485,-0.00090,0.00239,-0.00025,-0.00025,-54.98474,-921.00000
0.08691,0.08527,0.08165,0.09415,0.08955,0.16881,0.16717,0.17210,0.16947,0.17440,-0.00090,0.00041,-0.00090,0.00239,-0.00189,-54.75799,-920.00000
0.08527,0.09283,0.08922,0.09020,0.08724,0.17309,0.17111,0.17045,0.16519,0.16717,-0.00057,0.00074,-0.00025,0.00074,0.00370,-54.75799,-919.00000
0.08264,0.08691,0.09185,0.08823,0.09185,0.17243,0.16519,0.16782,0.17177,0.16947,0.00272,-0.00123,-0.00222,-0.00025,-0.00123,-55.08408,-918.00000
0.09053,0.09251,0.09251,0.08297,0.09020,0.17045,0.16782,0.17177,0.16749,0.17045,0.00206,-0.00222,0.00041,0.00008,0.00074,-55.08408,-917.00000
0.09218,0.09218,0.08724,0.09218,0.08132,0.16815,0.16881,0.16618,0.16717,0.16749,-0.00156,-0.00288,-0.00321,-0.00057,-0.00025,-54.69048,-916.00000
0.09481,0.08757,0.08823,0.08593,0.08330,0.16914,0.16421,0.16519,0.16355,0.16848,-0.00156,-0.00452,-0.00025,0.00008,0.00206,-54.69048,-915.00000
0.08560,0.08790,0.09382,0.08856,0.09448,0.17013,0.16947,0.16914,0.16782,0.16980,0.00206,0.00272,-0.00682,-0.00386,-0.00156,-54.10549,-914.00000
0.08987,0.08626,0.09514,0.09152,0.08955,0.16749,0.17013,0.16388,0.17111,0.16749,-0.00321,-0.00419,0.00008,-0.00551,-0.00288,-54.10549,-913.00000
0.08428,0.09053,0.09316,0.08856,0.09448,0.16881,0.16749,0.16947,0.17210,0.16717,-0.00123,0.00008,-0.00288,0.00173,0.00173,-54.57228,-912.00000
0.09053,0.09218,0.09744,0.08922,0.09481,0.17013,0.16651,0.16585,0.16914,0.16782,-0.00288,0.00107,-0.00090,-0.00090,-0.00156,-54.57228,-911.00000
0.09119,0.08922,0.09349,0.09119,0.09349,0.16980,0.16552,0.16815,0.16256,0.16322,0.00436,0.00074,0.00304,0.00074,-0.00321,-54.65186,-910.00000
0.08428,0.08856,0.08987,0.09119,0.09547,0.16519,0.16782,0.17013,0.16585,0.16782,0.00074,0.00206,-0.00025,-0.00025,0.00107,-54.65186,-909.00000
0.09283,0.09349,0.09119,0.09514,0.08823,0.17078,0.16717,0.16980,0.16881,0.16552,-0.00156,0.00206,-0.00090,0.00173,-0.00123,-54.81861,-908.00000
0.09053,0.09514,0.09251,0.09612,0.08889,0.16585,0.17045,0.16585,0.16947,0.17013,-0.00353,0.00140,-0.00222,-0.00156,-0.00156,-54.81861,-907.00000
0.08823,0.09547,0.09678,0.09152,0.09612,0.16651,0.16782,0.16947,0.16980,0.16782,-0.00419,0.00239,0.00173,-0.00288,0.00239,-56.02503,-906.00000
0.09020,0.08757,0.09744,0.09547,0.09152,0.16651,0.16980,0.16980,0.16618,0.16815,0.00074,-0.00123,-0.00123,0.00074,0.00239,-56.02503,-905.00000
0.10073,0.09251,0.09645,0.09415,0.09053,0.16980,0.16552,0.16914,0.16749,0.16717,-0.00025,0.00173,-0.00090,-0.00156,-0.00353,-55.84454,-904.00000
0.09251,0.09711,0.09251,0.09119,0.09382,0.16684,0.16914,0.16881,0.16749,0.16914,-0.00156,-0.00057,-0.00025,-0.00090,0.00304,-55.84454,-903.00000
0.09251,0.09481,0.09316,0.09119,0.09119,0.16717,0.16815,0.16519,0.16848,0.16749,0.00239,-0.00321,-0.00485,-0.00025,-0.00057,-55.85684,-902.00000
0.09579,0.09349,0.09547,0.09316,0.09448,0.16618,0.16782,0.17013,0.16980,0.17013,-0.00090,-0.00189,-0.00025,-0.00123,0.00008,-55.85684,-901.00000
0.09152,0.09645,0.09843,0.08724,0.09316,0.17144,0.16914,0.16717,0.17144,0.16749,0.00041,-0.00025,-0.00057,-0.00057,-0.00090,-55.40645,-900.00000
0.09843,0.09514,0.09185,0.09283,0.09448,0.16782,0.17013,0.17342,0.17243,0.17309,-0.00156,0.00008,-0.00057,0.00173,-0.00386,-55.40645,-899.00000
0.09349,0.09251,0.09251,0.09514,0.09514,0.16585,0.16947,0.16717,0.17177,0.16749,-0.00222,0.00272,-0.00090,0.00173,-0.00123,-55.65488,-898.00000
0.09777,0.09711,0.09448,0.09119,0.09612,0.17144,0.16749,0.16717,0.16486,0.16881,-0.00156,-0.00123,-0.00353,-0.00123,-0.00386,-55.65488,-897.00000
0.09152,0.09678,0.09612,0.09744,0.09875,0.17144,0.16815,0.16453,0.16651,0.16684,-0.00156,-0.00353,0.00436,0.00107,-0.00321,-55.60820,-896.00000
0.09810,0.09415,0.09612,0.09645,0.09448,0.16980,0.16815,0.16848,0.17243,0.16519,0.00469,-0.00025,-0.00123,0.00304,0.00304,-55.60820,-895.00000
0.09777,0.09514,0.09612,0.09547,0.09514,0.16947,0.16881,0.17144,0.17111,0.16881,-0.00025,0.00107,-0.00189,-0.00123,-0.00156,-55.86318,-894.00000
0.10040,0.09645,0.10204,0.09415,0.09218,0.16881,0.17045,0.17013,0.17177,0.16980,0.00107,0.00206,0.00008,-0.00189,-0.00057,-55.86318,-893.00000
0.09645,0.09218,0.09843,0.09612,0.08987,0.16749,0.17078,0.16684,0.16815,0.17111,-0.00025,0.00239,0.00074,-0.00123,-0.00584,-55.59272,-892.00000
0.09547,0.09119,0.09678,0.09941,0.10171,0.16881,0.16848,0.16486,0.17078,0.17013,-0.00057,-0.00156,-0.00025,-0.00156,-0.00321,-55.59272,-891.00000
0.09481,0.10007,0.09448,0.09481,0.09678,0.16815,0.16782,0.16749,0.16881,0.17078,-0.00057,-0.00057,0.00173,-0.00057,0.00239,-54.71775,-890.00000
0.09908,0.09514,0.09941,0.09481,0.09744,0.17210,0.16914,0.17243,0.16848,0.16190,0.00272,-0.00649,0.00304,0.00272,0.00107,-54.71775,-889.00000
0.09316,0.09645,0.09843,0.08724,0.10007,0.17177,0.17013,0.17177,0.16585,0.17045,0.00173,0.00535,0.00206,-0.00025,-0.00551,-53.97509,-888.00000
0.09711,0.10106,0.09448,0.09744,0.09744,0.16782,0.17342,0.16947,0.16749,0.17013,-0.00090,0.00206,0.00173,-0.00419,-0.00090,-53.97509,-887.00000
0.10007,0.09711,0.09843,0.09579,0.09941,0.16684,0.15993,0.16881,0.17013,0.16782,0.00140,-0.00189,-0.00025,0.00008,0.00304,-53.84789,-886.00000
0.09547,0.09744,0.09448,0.09382,0.10435,0.16782,0.17506,0.16322,0.16848,0.16388,0.00140,0.00436,0.00173,-0.00123,-0.00156,-53.84789,-885.00000
0.09481,0.10007,0.09711,0.09547,0.10435,0.17144,0.16980,0.17177,0.16848,0.16749,-0.00156,0.00370,0.00008,-0.00288,-0.00057,-54.07971,-884.00000
0.10040,0.10007,0.09941,0.10139,0.09974,0.16585,0.17407,0.17111,0.16914,0.16717,0.00206,-0.00255,0.00074,-0.00255,0.00239,-54.07971,-883.00000
0.09185,0.10007,0.10139,0.09711,0.09579,0.16322,0.16486,0.16717,0.16848,0.17407,0.00140,-0.00090,-0.00090,-0.00222,-0.00156,-54.12726,-882.00000
0.09777,0.09678,0.09843,0.09711,0.10040,0.17342,0.16585,0.16815,0.16684,0.16717,0.00140,0.00206,0.00008,-0.00255,0.00173,-54.12726,-881.00000
0.10402,0.09744,0.09678,0.09810,0.09283,0.16651,0.16848,0.16980,0.16717,0.16388,0.00173,0.00107,0.00206,0.00008,0.00074,-53.79703,-880.00000
0.10073,0.09711,0.10040,0.09645,0.11027,0.16552,0.17045,0.16881,0.17144,0.16486,0.00173,0.00206,0.00008,-0.00156,0.00041,-53.79703,-879.00000
0.10139,0.10303,0.10073,0.09810,0.09941,0.16848,0.16717,0.17111,0.16749,0.16486,-0.00353,0.00272,-0.00090,-0.00682,-0.00057,-54.33015,-878.00000
0.09678,0.09875,0.09448,0.10171,0.09711,0.16322,0.16618,0.16618,0.17111,0.16421,-0.00518,0.00370,-0.00452,0.00041,-0.00025,-54.33015,-877.00000
0.09974,0.09579,0.10171,0.10106,0.10106,0.17144,0.16914,0.16651,0.16223,0.17144,0.00008,0.00206,-0.00057,0.00140,-0.00321,-54.54057,-876.00000
0.10007,0.09908,0.09875,0.10106,0.09810,0.16684,0.16717,0.16947,0.16980,0.16651,-0.00386,0.00206,0.00008,0.00041,0.00041,-54.54057,-875.00000
0.10270,0.10763,0.10237,0.10435,0.09645,0.16848,0.16980,0.17111,0.16717,0.17013,0.00107,-0.00123,0.00041,-0.00189,-0.00090,-55.26345,-874.00000
0.10139,0.09941,0.09744,0.10500,0.10303,0.16651,0.16684,0.16585,0.16881,0.16453,-0.00321,-0.00025,0.00239,-0.00452,-0.00090,-55.26345,-873.00000
0.09908,0.09777,0.10007,0.10204,0.10435,0.16618,0.16881,0.16914,0.16782,0.16980,-0.00025,-0.00090,-0.00090,0.00173,-0.00189,-55.81288,-872.00000
0.10599,0.10073,0.10171,0.10270,0.10139,0.17210,0.16749,0.16980,0.16914,0.16914,-0.00025,0.00074,0.00469,-0.00156,-0.00288,-55.81288,-871.00000
0.10204,0.10467,0.10336,0.10829,0.09415,0.16914,0.16684,0.16388,0.16782,0.16519,-0.00123,0.00008,0.00041,-0.00090,-0.00123,-55.89472,-870.00000
0.10040,0.10204,0.10237,0.10303,0.10237,0.16388,0.16881,0.16980,0.16815,0.16749,-0.00025,-0.00222,0.00173,0.00041,-0.00025,-55.89472,-869.00000
0.09579,0.10237,0.10171,0.10435,0.10171,0.16914,0.16684,0.16914,0.17210,0.16848,-0.00025,0.00074,0.00370,0.00107,0.00173,-55.80136,-868.00000
0.10435,0.10369,0.10402,0.09908,0.09711,0.17111,0.16651,0.17243,0.16519,0.16914,0.00107,-0.00353,0.00337,-0.00123,0.00173,-55.80136,-867.00000
0.10500,0.10204,0.10303,0.10632,0.10106,0.16782,0.16848,0.16749,0.16815,0.16223,-0.00123,-0.00123,-0.00452,-0.00321,-0.00057,-55.32500,-866.00000
0.10204,0.09645,0.10073,0.10270,0.10139,0.17210,0.17013,0.17374,0.17309,0.16947,-0.00123,0.00041,-0.00123,-0.00452,0.00074,-55.32500,-865.00000
0.10336,0.10566,0.10237,0.10763,0.09875,0.16585,0.16782,0.17144,0.17045,0.16684,-0.00123,-0.00057,0.00140,-0.00321,-0.00321,-54.50332,-864.00000
0.10731,0.10204,0.10665,0.10731,0.10698,0.17243,0.17045,0.16749,0.16651,0.16914,0.00107,-0.00189,-0.00255,0.00008,-0.00288,-54.50332,-863.00000
0.10204,0.10270,0.10106,0.09941,0.10796,0.17111,0.16914,0.17144,0.16717,0.16947,0.00008,0.00008,0.00403,-0.00025,-0.00321,-55.19111,-862.00000
0.10467,0.10731,0.10862,0.10566,0.10763,0.16618,0.16848,0.16881,0.16717,0.16980,-0.00057,-0.00288,-0.00025,0.00041,-0.00584,-55.19111,-861.00000
0.10533,0.10731,0.10402,0.10336,0.09941,0.16618,0.16914,0.16684,0.16585,0.17342,-0.00025,0.00008,-0.00189,-0.00189,0.00008,-54.91733,-860.00000
0.10566,0.10171,0.10698,0.10139,0.10336,0.16947,0.16815,0.16782,0.17243,0.16848,0.00041,-0.00321,-0.00123,0.00206,-0.00057,-54.91733,-859.00000
0.10435,0.10303,0.09908,0.10336,0.10763,0.16684,0.16585,0.17078,0.16749,0.16486,0.00173,-0.00222,0.00140,0.00173,-0.00025,-54.84636,-858.00000
0.10533,0.10533,0.10237,0.10435,0.10237,0.16519,0.16848,0.17078,0.16717,0.17144,-0.00321,0.00140,-0.00090,0.00272,0.00239,-54.84636,-857.00000
0.10731,0.10336,0.10533,0.10500,0.10533,0.16980,0.16552,0.17144,0.16749,0.16717,-0.00255,-0.00123,0.00008,0.00140,-0.00156,-55.26986,-856.00000
0.10369,0.09579,0.10566,0.10763,0.10500,0.16717,0.16815,0.16980,0.17013,0.16782,-0.00090,-0.00222,0.00008,0.00140,0.00107,-55.26986,-855.00000
0.10599,0.10435,0.10796,0.10171,0.10402,0.16717,0.16552,0.17078,0.16848,0.16618,0.00041,-0.00255,-0.00321,0.00173,0.00535,-55.49138,-854.00000
0.10731,0.10895,0.10237,0.10040,0.10336,0.16585,0.16749,0.16552,0.17013,0.16717,-0.00255,0.00074,-0.00123,0.00107,-0.00288,-55.49138,-853.00000
0.10829,0.10796,0.10665,0.10599,0.10073,0.17111,0.16388,0.16684,0.16881,0.16486,-0.00255,0.00041,0.00041,0.00107,-0.00485,-54.78182,-852.00000
0.10731,0.10533,0.10632,0.10402,0.11125,0.16782,0.16684,0.17309,0.16585,0.16519,-0.00353,0.00272,-0.00090,0.00041,-0.00057,-54.78182,-851.00000
0.10533,0.10369,0.10862,0.11059,0.10303,0.17111,0.16486,0.16947,0.16815,0.16453,-0.00123,0.00041,0.00107,-0.00386,-0.00057,-55.62822,-850.00000
0.10303,0.10665,0.10171,0.11257,0.10895,0.16815,0.16717,0.16914,0.16618,0.16980,0.00173,0.00140,0.00074,-0.00156,-0.00090,-55.62822,-849.00000
0.10698,0.10467,0.10763,0.10665,0.11125,0.16980,0.16848,0.17013,0.16585,0.16717,-0.00057,-0.00321,0.00173,-0.00288,-0.00057,-56.11001,-848.00000
0.10731,0.10796,0.10862,0.10533,0.10698,0.16815,0.16585,0.16585,0.16881,0.16717,0.00074,-0.00353,0.00041,-0.00353,-0.00551,-56.11001,-847.00000
0.10435,0.11191,0.10895,0.10566,0.10599,0.17013,0.16881,0.16914,0.16552,0.16585,-0.00156,-0.00452,-0.00255,-0.00057,-0.00255,-56.69514,-846.00000
0.10731,0.11125,0.10961,0.10928,0.10665,0.16914,0.16782,0.16848,0.17177,0.16914,0.00370,-0.00255,0.00107,-0.00123,0.00107,-56.69514,-845.00000
0.10467,0.10632,0.10731,0.11027,0.10928,0.16782,0.16552,0.16618,0.16782,0.17670,0.00107,0.00008,-0.00189,-0.00025,0.00239,-56.08194,-844.00000
0.10763,0.10862,0.10369,0.11290,0.10270,0.16519,0.17045,0.16486,0.16618,0.16848,0.00272,-0.00025,-0.00255,0.00239,-0.00123,-56.08194,-843.00000
0.11125,0.10139,0.11224,0.10796,0.10961,0.16947,0.16585,0.16782,0.16223,0.17243,-0.00025,-0.00222,0.00074,-0.00156,0.00140,-55.78755,-842.00000
0.11290,0.10763,0.10862,0.10632,0.10862,0.16782,0.16881,0.17243,0.17013,0.16618,0.00272,0.00272,0.00173,0.00239,-0.00189,-55.78755,-841.00000
0.11257,0.10566,0.10566,0.10731,0.10862,0.16585,0.16914,0.16782,0.16552,0.16453,-0.00123,0.00206,-0.00222,-0.00353,0.00173,-55.70139,-840.00000
0.10994,0.11323,0.11191,0.10599,0.11652,0.16684,0.16651,0.16881,0.16782,0.16848,-0.00255,0.00008,-0.00321,0.00173,0.00140,-55.70139,-839.00000
0.10731,0.10073,0.11323,0.10731,0.11059,0.16947,0.16585,0.16388,0.16782,0.17144,0.00140,0.00041,0.00008,0.00239,-0.00255,-55.35314,-838.00000
0.11224,0.10994,0.10763,0.10928,0.10698,0.17013,0.16749,0.16684,0.16552,0.16618,0.00107,-0.00288,-0.00090,0.00074,0.00107,-55.35314,-837.00000
0.10862,0.11323,0.10829,0.10829,0.11290,0.16388,0.17013,0.16782,0.16519,0.16980,0.00272,-0.00156,0.00436,0.00041,0.00535,-55.81133,-836.00000
0.11027,0.11323,0.10961,0.10895,0.11191,0.16585,0.16322,0.16486,0.16717,0.16684,-0.00255,0.00436,-0.00255,-0.00288,0.00436,-55.81133,-835.00000
0.11355,0.10895,0.11355,0.10632,0.10500,0.16947,0.16519,0.17013,0.16881,0.16914,0.00008,-0.00057,0.00272,-0.00156,-0.00025,-55.20791,-834.00000
0.10665,0.10829,0.10994,0.11290,0.10731,0.16717,0.16947,0.17111,0.16618,0.16453,-0.00156,-0.00353,-0.00123,-0.00123,-0.00189,-55.20791,-833.00000
0.11224,0.10994,0.10731,0.11849,0.11158,0.16749,0.17309,0.16815,0.16749,0.16749,0.00272,-0.00156,0.00008,0.00239,0.00008,-54.35445,-832.00000
0.10862,0.10862,0.10928,0.11191,0.11092,0.16815,0.16914,0.16848,0.17342,0.17144,-0.00156,0.00107,-0.00025,0.00403,0.00008,-54.35445,-831.00000
0.11915,0.10731,0.10796,0.10961,0.10994,0.16684,0.16717,0.16223,0.16453,0.17243,0.00173,0.00173,0.00272,-0.00255,0.00008,-54.54295,-830.00000
0.11125,0.11224,0.10796,0.11257,0.11421,0.16486,0.16289,0.16651,0.16848,0.16322,0.00140,-0.00386,0.00239,-0.00255,-0.00123,-54.54295,-829.00000
0.11092,0.11125,0.11849,0.10566,0.11388,0.16552,0.16388,0.16618,0.16618,0.16782,-0.00123,-0.00156,0.00304,0.00107,0.00173,-54.01952,-828.00000
0.11158,0.11421,0.11421,0.10829,0.10961,0.16947,0.16980,0.16815,0.16421,0.16749,-0.00090,0.00272,-0.00189,0.00107,0.00173,-54.01952,-827.00000
0.11520,0.11092,0.11224,0.10698,0.11125,0.17144,0.16618,0.16848,0.16980,0.16914,-0.00057,-0.00189,-0.00189,0.00140,0.00272,-52.44189,-826.00000
0.10632,0.11323,0.11191,0.10763,0.11323,0.16453,0.16388,0.16980,0.16815,0.16585,0.00304,0.00008,-0.00090,-0.00057,-0.00025,-52.44189,-825.00000
0.11191,0.11257,0.10994,0.10928,0.11717,0.16815,0.16651,0.16947,0.16388,0.16815,0.00140,0.00140,-0.00057,-0.00156,0.00074,-50.50073,-824.00000
0.11553,0.10961,0.11027,0.11027,0.11421,0.17013,0.16421,0.16388,0.16552,0.16914,0.00239,-0.00156,0.00272,0.00041,0.00041,-50.50073,-823.00000
0.11355,0.11586,0.11092,0.11783,0.11224,0.16453,0.17013,0.16947,0.16881,0.16980,-0.00156,-0.00090,-0.00321,-0.00025,0.00041,-50.38464,-822.00000
0.11520,0.11454,0.11158,0.10566,0.11257,0.16914,0.16355,0.16782,0.17078,0.16881,-0.00057,0.00008,-0.00123,-0.00321,-0.00353,-50.38464,-821.00000
0.11092,0.11882,0.11059,0.11849,0.11421,0.17144,0.16486,0.16848,0.16914,0.17276,0.00041,-0.00057,-0.00123,-0.00025,0.00469,-52.96332,-820.00000
0.11355,0.11553,0.10961,0.11092,0.11454,0.17013,0.17309,0.16256,0.17111,0.17144,-0.00057,0.00272,0.00206,0.00140,-0.00156,-52.96332,-819.00000
0.11355,0.11125,0.11882,0.11290,0.11191,0.16717,0.16256,0.16585,0.16421,0.16519,-0.00452,0.00173,0.00041,-0.00485,-0.00485,-54.51144,-818.00000
0.11487,0.11586,0.11158,0.12211,0.10928,0.17111,0.16881,0.16651,0.16355,0.16848,0.00337,-0.00123,0.00140,-0.00057,0.00140,-54.51144,-817.00000
0.10961,0.11257,0.11454,0.11980,0.11125,0.16519,0.16651,0.16782,0.16552,0.16388,0.00140,-0.00123,-0.00057,-0.00189,-0.00057,-54.64586,-816.00000
0.11684,0.11323,0.11717,0.11717,0.11355,0.16782,0.16421,0.16585,0.16717,0.16848,0.00403,0.00206,0.00107,0.00206,-0.00025,-54.64586,-815.00000
0.11980,0.11355,0.11257,0.11454,0.11355,0.16585,0.16322,0.16651,0.17177,0.16782,-0.00222,0.00107,-0.00123,-0.00353,0.00041,-55.09637,-814.00000
0.10928,0.11849,0.11816,0.11619,0.11191,0.16585,0.16914,0.16980,0.16717,0.17013,-0.00288,0.00008,-0.00123,0.00008,0.00074,-55.09637,-813.00000
0.11191,0.11586,0.11224,0.12013,0.11158,0.16881,0.17210,0.16684,0.16651,0.16552,-0.00255,0.00008,-0.00353,0.00304,-0.00452,-55.55355,-812.00000
0.11290,0.10731,0.11388,0.11487,0.12013,0.17276,0.16717,0.16947,0.16980,0.16782,0.00107,0.00140,-0.00156,0.00041,0.00008,-55.55355,-811.00000
0.11948,0.11652,0.11323,0.11619,0.11487,0.16552,0.16618,0.17144,0.16486,0.17078,-0.00123,-0.00090,0.00173,0.00140,-0.00419,-55.94328,-810.00000
0.11750,0.11915,0.12112,0.11487,0.11684,0.17210,0.16947,0.16749,0.16749,0.16519,-0.00189,-0.00123,-0.00057,-0.00090,0.00041,-55.94328,-809.00000
0.11948,0.11915,0.11619,0.11882,0.11520,0.16782,0.16684,0.16223,0.16881,0.16651,-0.00123,-0.00025,-0.00288,-0.00189,-0.00123,-54.88082,-808.00000
0.11783,0.11684,0.11882,0.11915,0.11421,0.17045,0.17144,0.17078,0.16914,0.16815,-0.00222,-0.00156,0.00140,-0.00025,-0.00189,-54.88082,-807.00000
0.11553,0.11816,0.11816,0.11684,0.11915,0.16881,0.16980,0.16815,0.16980,0.17144,0.00140,-0.00222,-0.00386,-0.00123,-0.00321,-55.26268,-806.00000
0.11980,0.11948,0.11948,0.11553,0.11652,0.17177,0.16223,0.16552,0.17210,0.16881,0.00008,-0.00189,-0.00288,-0.00025,0.00107,-55.26268,-805.00000
0.11388,0.11882,0.11553,0.11487,0.11487,0.16684,0.16519,0.16947,0.16749,0.16453,0.00140,-0.00025,-0.00090,0.00074,0.00041,-54.69921,-804.00000
0.12046,0.12441,0.11684,0.11816,0.11652,0.16881,0.16749,0.16684,0.16684,0.16322,0.00173,-0.00255,-0.00090,0.00272,-0.00090,-54.69921,-803.00000
0.12046,0.11882,0.11257,0.11487,0.11849,0.16881,0.16717,0.17045,0.17342,0.16552,-0.00025,0.00206,-0.00090,-0.00057,0.00173,-55.22314,-802.00000
0.11553,0.12572,0.11915,0.11487,0.11882,0.16651,0.16881,0.17111,0.16980,0.17342,-0.00321,0.00140,0.00041,0.00469,0.00206,-55.22314,-801.00000
0.11388,0.12704,0.11684,0.11323,0.11487,0.17013,0.16092,0.16618,0.16815,0.16881,-0.00386,0.00140,0.00370,-0.00255,-0.00156,-55.78540,-800.00000
0.12408,0.12145,0.11586,0.12474,0.11750,0.16815,0.16519,0.16782,0.16322,0.16749,-0.00321,0.00370,-0.00057,0.00140,-0.00288,-55.78540,-799.00000
0.12540,0.11980,0.11586,0.11750,0.12112,0.16519,0.17440,0.17374,0.16848,0.17144,-0.00222,0.00008,-0.00090,0.00173,0.00173,-55.53674,-798.00000
0.12244,0.12474,0.11717,0.11915,0.12375,0.16618,0.17144,0.16980,0.16914,0.16782,0.00173,0.00041,-0.00057,0.00239,-0.00288,-55.53674,-797.00000
0.11783,0.12079,0.11783,0.11191,0.11980,0.16848,0.16717,0.16947,0.16980,0.16848,-0.00025,-0.00386,-0.00189,0.00239,-0.00025,-55.69073,-796.00000
0.12671,0.11586,0.12145,0.12013,0.11586,0.16355,0.16684,0.17078,0.16717,0.16684,-0.00025,0.00272,-0.00222,0.00304,0.00206,-55.69073,-795.00000
0.12046,0.12375,0.11980,0.12112,0.12046,0.16717,0.16848,0.16453,0.17177,0.16585,-0.00288,0.00041,0.00041,-0.00123,-0.00386,-55.37466,-794.00000
0.11750,0.12375,0.12145,0.12178,0.12046,0.17309,0.16486,0.17111,0.16815,0.17045,-0.00123,0.00140,-0.00222,-0.00222,0.00403,-55.37466,-793.00000
0.12375,0.11915,0.12178,0.11948,0.12178,0.16848,0.16486,0.16322,0.16684,0.16585,0.00140,-0.00288,-0.00057,-0.00222,-0.00255,-56.08577,-792.00000
0.11915,0.11783,0.12342,0.12441,0.12178,0.16388,0.16585,0.16453,0.16684,0.16947,0.00107,-0.00057,-0.00057,0.00107,-0.00057,-56.08577,-791.00000
0.11948,0.12474,0.12145,0.11619,0.12211,0.16881,0.16618,0.16749,0.16815,0.16848,0.00041,0.00173,-0.00255,0.00173,-0.00156,-55.26945,-790.00000
0.11816,0.12375,0.12112,0.12507,0.12112,0.16947,0.17045,0.16881,0.16947,0.16947,-0.00057,-0.00090,0.00436,0.00107,0.00535,-55.26945,-789.00000
0.12079,0.12803,0.12244,0.11882,0.12803,0.16519,0.16585,0.16881,0.16848,0.17013,0.00074,-0.00025,-0.00123,-0.00156,-0.00156,-55.75240,-788.00000
0.12638,0.13362,0.12013,0.12244,0.12244,0.16651,0.16552,0.16618,0.16881,0.16717,-0.00123,-0.00025,-0.00025,-0.00090,0.00107,-55.75240,-787.00000
0.11849,0.12605,0.12244,0.12441,0.11717,0.17078,0.16717,0.16519,0.16881,0.16848,-0.00057,-0.00057,0.00140,0.00173,0.00206,-55.69358,-786.00000
0.12408,0.11948,0.12276,0.12046,0.12540,0.16881,0.16782,0.16848,0.16552,0.16651,-0.00025,0.00337,-0.00189,-0.00025,-0.00321,-55.69358,-785.00000
0.12408,0.12178,0.12211,0.12046,0.12408,0.16881,0.16749,0.16881,0.16782,0.16486,0.00173,-0.00386,-0.00057,0.00140,0.00239,-55.15636,-784.00000
0.12803,0.11750,0.12704,0.12112,0.12507,0.16585,0.16782,0.16717,0.16815,0.17276,-0.00123,0.00008,0.00436,-0.00090,-0.00222,-55.15636,-783.00000
0.12309,0.12375,0.12309,0.12079,0.12868,0.16651,0.16782,0.16782,0.16815,0.16651,-0.00123,-0.00255,-0.00123,-0.00057,-0.00090,-55.36627,-782.00000
0.12572,0.12178,0.12276,0.12540,0.12375,0.16980,0.17276,0.16782,0.16947,0.16289,0.00304,0.00239,-0.00682,0.00239,-0.00189,-55.36627,-781.00000
0.12572,0.12934,0.12145,0.12408,0.12934,0.16618,0.17045,0.16717,0.16453,0.16782,-0.00057,0.00107,0.00140,-0.00090,-0.00057,-55.47610,-780.00000
0.12638,0.12605,0.12474,0.11980,0.12836,0.16881,0.16980,0.16585,0.16256,0.16552,0.00337,0.00239,0.00074,0.00206,-0.00222,-55.47610,-779.00000
0.12671,0.12046,0.12342,0.13132,0.11915,0.16848,0.16651,0.17506,0.16322,0.16815,-0.00057,-0.00189,-0.00123,0.00074,-0.00222,-55.07448,-778.00000
0.12408,0.12507,0.12540,0.11816,0.12901,0.16486,0.16453,0.16486,0.16585,0.16947,-0.00353,-0.00025,0.00173,0.00008,0.00239,-55.07448,-777.00000
0.12244,0.13000,0.12079,0.12671,0.12836,0.16651,0.16848,0.16256,0.16848,0.16947,0.00041,0.00304,0.00041,0.00041,0.00272,-54.76380,-776.00000
0.12342,0.12276,0.12474,0.13000,0.12112,0.17111,0.16848,0.16717,0.17078,0.16749,-0.00025,0.00107,-0.00057,-0.00386,-0.00123,-54.76380,-775.00000
0.12671,0.12507,0.12803,0.12013,0.12638,0.16421,0.16782,0.16552,0.16585,0.16684,0.00173,-0.00057,0.00304,0.00041,0.00272,-54.29596,-774.00000
0.13066,0.12737,0.12540,0.12967,0.12704,0.16980,0.16519,0.17013,0.16717,0.16815,0.00173,-0.00288,-0.00189,-0.00123,-0.00222,-54.29596,-773.00000
0.12507,0.12474,0.13230,0.12145,0.12178,0.16848,0.16322,0.16421,0.17078,0.17078,-0.00057,-0.00025,0.00041,0.00173,0.00074,-54.52835,-772.00000
0.12572,0.13000,0.12967,0.12901,0.13000,0.16421,0.16815,0.16848,0.16749,0.16749,-0.00321,0.00008,0.00403,-0.00025,-0.00222,-54.52835,-771.00000
0.12605,0.12638,0.13132,0.12079,0.12934,0.16651,0.16717,0.16815,0.16947,0.16684,0.00008,0.00370,-0.00189,0.00074,0.00008,-54.94972,-770.00000
0.12507,0.12605,0.12540,0.12441,0.12934,0.17111,0.16256,0.16421,0.16815,0.17210,0.00502,-0.00057,-0.00156,-0.00222,0.00041,-54.94972,-769.00000
0.12605,0.12408,0.13066,0.12474,0.12901,0.16388,0.16453,0.17045,0.16651,0.16782,-0.00057,-0.00090,-0.00189,-0.00025,-0.00123,-54.49146,-768.00000
0.12441,0.13164,0.12474,0.12605,0.13362,0.16289,0.16815,0.16092,0.16585,0.16914,-0.00025,0.00107,0.00173,0.00008,0.00337,-54.49146,-767.00000
0.13000,0.12638,0.12540,0.12868,0.12901,0.17045,0.17111,0.16914,0.16388,0.16717,-0.00255,0.00107,-0.00123,0.00008,-0.00222,-55.58558,-766.00000
0.12704,0.13460,0.12671,0.13164,0.12572,0.17144,0.16848,0.16980,0.16717,0.16717,-0.00156,0.00107,-0.00156,0.00008,-0.00156,-55.58558,-765.00000
0.12572,0.12572,0.13230,0.12868,0.13099,0.17078,0.17078,0.16947,0.16881,0.17177,0.00272,0.00502,0.00008,-0.00123,-0.00255,-56.20343,-764.00000
0.12540,0.12803,0.13066,0.12178,0.13329,0.16848,0.17177,0.16453,0.17045,0.16815,-0.00057,-0.00222,-0.00057,-0.00255,0.00107,-56.20343,-763.00000
0.12934,0.13164,0.12770,0.12967,0.13000,0.16782,0.16453,0.16157,0.16453,0.17045,-0.00057,-0.00222,0.00370,0.00239,0.00304,-55.84097,-762.00000
0.13000,0.12868,0.13000,0.12704,0.12605,0.16651,0.16749,0.17045,0.16684,0.16749,0.00074,0.00140,-0.00156,0.00041,-0.00025,-55.84097,-761.00000
0.12704,0.13066,0.13132,0.12934,0.12934,0.16552,0.16618,0.17309,0.17374,0.17177,0.00272,-0.00057,-0.00123,-0.00189,-0.00025,-56.15047,-760.00000
0.12934,0.12638,0.12901,0.12967,0.13592,0.17013,0.16684,0.17177,0.16782,0.16585,0.00337,0.00272,-0.00189,0.00041,0.00140,-56.15047,-759.00000
0.12901,0.12770,0.13066,0.13395,0.13230,0.16914,0.16388,0.16815,0.16980,0.16782,-0.00057,0.00041,-0.00189,0.00107,0.00107,-56.39555,-758.00000
0.13526,0.13000,0.13000,0.13559,0.12408,0.16421,0.16782,0.16552,0.16256,0.16651,0.00140,0.00008,-0.00321,-0.00025,-0.00090,-56.39555,-757.00000
0.13329,0.13592,0.13395,0.12375,0.13362,0.16881,0.16618,0.16815,0.16421,0.17276,-0.00156,-0.00222,-0.00123,0.00173,-0.00288,-56.37648,-756.00000
0.13263,0.12638,0.12836,0.13263,0.13033,0.16519,0.17013,0.17045,0.16684,0.16651,0.00272,-0.00222,0.00008,0.00140,-0.00353,-56.37648,-755.00000
0.13691,0.12803,0.13329,0.13625,0.13395,0.17045,0.16651,0.16684,0.16749,0.16881,0.00008,0.00239,0.00041,0.00041,0.00074,-56.13746,-754.00000
0.13066,0.13000,0.13033,0.13592,0.13230,0.16947,0.17078,0.16651,0.16388,0.16519,-0.00321,0.00140,-0.00419,-0.00551,0.00107,-56.13746,-753.00000
0.13362,0.13033,0.12967,0.13099,0.13230,0.16815,0.17276,0.16684,0.16618,0.16486,0.00206,0.00337,0.00008,0.00074,-0.00255,-55.36609,-752.00000
0.14184,0.13230,0.13099,0.13066,0.13329,0.16355,0.16684,0.16519,0.17342,0.17111,-0.00090,0.00173,-0.00025,-0.00288,0.00074,-55.36609,-751.00000
0.12868,0.13329,0.13592,0.13658,0.13658,0.16486,0.16684,0.16453,0.16881,0.16749,0.00041,-0.00419,0.00436,0.00008,0.00008,-55.62494,-750.00000
0.13691,0.12704,0.13329,0.13428,0.13362,0.16552,0.16618,0.16980,0.16980,0.16848,-0.00123,0.00107,-0.00123,-0.00090,0.00272,-55.62494,-749.00000
0.13066,0.13362,0.13197,0.12276,0.13658,0.16486,0.16618,0.16585,0.17045,0.17013,-0.00255,0.00107,-0.00156,0.00140,-0.00386,-54.57761,-748.00000
0.13559,0.13329,0.12704,0.13329,0.13132,0.16684,0.17111,0.16585,0.17013,0.16914,0.00008,0.00206,-0.00156,-0.00090,-0.00090,-54.57761,-747.00000
0.13592,0.13921,0.13263,0.13263,0.13658,0.16980,0.16914,0.16881,0.16914,0.17013,-0.00123,0.00041,-0.00025,-0.00255,-0.00222,-54.13695,-746.00000
0.13559,0.12901,0.13000,0.13888,0.13559,0.16486,0.17111,0.16421,0.16848,0.16684,-0.00189,-0.00353,-0.00025,0.00140,-0.00189,-54.13695,-745.00000
0.13230,0.13362,0.13164,0.13428,0.13395,0.16782,0.16848,0.16552,0.17243,0.17243,-0.00321,0.00041,0.00107,-0.00123,-0.00189,-53.93371,-744.00000
0.13395,0.13460,0.13164,0.13822,0.12836,0.16552,0.16684,0.17078,0.16453,0.17013,-0.00025,-0.00123,0.00206,-0.00025,0.00173,-53.93371,-743.00000
0.13625,0.13164,0.13921,0.13460,0.13526,0.16585,0.16486,0.16947,0.16585,0.16947,-0.00025,0.00008,-0.00255,-0.00156,-0.00057,-53.09723,-742.00000
0.13526,0.13526,0.13395,0.13724,0.12704,0.16453,0.16618,0.16486,0.16519,0.16684,0.00206,-0.00222,-0.00321,0.00469,-0.00255,-53.09723,-741.00000
0.13099,0.13625,0.13263,0.13460,0.13164,0.16618,0.16881,0.16453,0.16486,0.17013,-0.00057,0.00107,-0.00321,-0.00189,-0.00452,-53.98514,-740.00000
0.13493,0.13625,0.13460,0.13625,0.13691,0.16947,0.16815,0.16618,0.17045,0.16421,-0.00057,0.00239,0.00140,-0.00025,-0.00123,-53.98514,-739.00000
0.13362,0.13164,0.13822,0.13855,0.13592,0.16585,0.16848,0.16618,0.16749,0.16947,-0.00025,-0.00090,0.00008,-0.00057,0.00041,-54.19960,-738.00000
0.13855,0.13526,0.13296,0.13428,0.13691,0.17111,0.16388,0.16289,0.16552,0.16848,0.00140,0.00008,-0.00715,0.00008,-0.00419,-54.19960,-737.00000
0.13460,0.13625,0.13526,0.13559,0.13000,0.16585,0.16815,0.16486,0.16684,0.16486,0.00107,0.00304,-0.00057,-0.00090,0.00239,-54.61201,-736.00000
0.12967,0.13987,0.13526,0.13362,0.12967,0.16848,0.17177,0.16684,0.16815,0.16552,-0.00255,-0.00386,-0.00189,0.00272,-0.00123,-54.61201,-735.00000
0.13724,0.13592,0.13263,0.13855,0.13658,0.16486,0.16782,0.16782,0.16486,0.16585,0.00140,0.00041,-0.00057,-0.00123,-0.00353,-54.41538,-734.00000
0.13395,0.13756,0.13822,0.13691,0.13428,0.16717,0.16486,0.16618,0.16881,0.16684,-0.00255,0.00370,-0.00123,-0.00255,-0.00321,-54.41538,-733.00000
0.13921,0.13592,0.13493,0.13921,0.14151,0.16618,0.16585,0.16355,0.16684,0.16914,0.00008,-0.00353,-0.00123,0.00041,0.00140,-54.55144,-732.00000
0.14020,0.13888,0.13395,0.13559,0.13625,0.17276,0.17210,0.16289,0.16914,0.16914,-0.00090,-0.00222,0.00008,-0.00090,0.00239,-54.55144,-731.00000
0.14151,0.13756,0.13954,0.13559,0.14020,0.16519,0.16684,0.16618,0.16585,0.16585,0.00074,0.00041,0.00272,0.00272,0.00107,-54.08480,-730.00000
0.14151,0.13230,0.13888,0.14283,0.13428,0.16519,0.16815,0.16552,0.16980,0.16256,0.00107,-0.00255,0.00206,-0.00025,-0.00288,-54.08480,-729.00000
0.13756,0.13789,0.14480,0.13625,0.14283,0.16914,0.16947,0.16980,0.16782,0.17013,0.00403,-0.00452,0.00568,0.00173,-0.00255,-51.69572,-728.00000
0.13724,0.14052,0.13724,0.13493,0.13756,0.16848,0.16585,0.16651,0.16848,0.16486,0.00206,-0.00419,-0.00025,0.00107,-0.00386,-51.69572,-727.00000
0.13460,0.13987,0.14052,0.13559,0.13987,0.16947,0.16552,0.16651,0.16519,0.16519,-0.00189,0.00008,-0.00255,0.00206,0.00140,-50.13741,-726.00000
0.13263,0.13921,0.13987,0.13395,0.13789,0.16980,0.17013,0.17342,0.16388,0.17045,0.00008,-0.00057,-0.00057,0.00206,0.00074,-50.13741,-725.00000
0.13789,0.13756,0.13789,0.13691,0.13592,0.16453,0.16848,0.16618,0.16914,0.17078,-0.00288,-0.00090,-0.00090,-0.00057,-0.00222,-50.49839,-724.00000
0.13428,0.14184,0.13691,0.13691,0.14283,0.16749,0.16355,0.16519,0.16717,0.16782,-0.00189,0.00107,-0.00255,0.00008,-0.00025,-50.49839,-723.00000
0.13822,0.14020,0.14217,0.14085,0.13724,0.16749,0.16914,0.16585,0.16848,0.16552,-0.00123,-0.00123,-0.00025,0.00107,-0.00090,-52.30242,-722.00000
0.14020,0.13789,0.13789,0.13592,0.13691,0.17013,0.16355,0.16355,0.16848,0.16749,-0.00090,0.00173,-0.00123,-0.00288,-0.00452,-52.30242,-721.00000
0.13526,0.14052,0.13855,0.13921,0.14052,0.17013,0.16914,0.16717,0.16453,0.16749,0.00272,-0.00189,-0.00452,0.00206,0.00239,-53.37289,-720.00000
0.13658,0.13362,0.13822,0.14118,0.13296,0.16486,0.16749,0.16749,0.16914,0.16914,-0.00156,-0.00419,-0.00123,0.00469,-0.00057,-53.37289,-719.00000
0.13756,0.14316,0.13493,0.14118,0.13888,0.17144,0.16980,0.16585,0.16980,0.16717,-0.00353,-0.00189,0.00173,0.00272,-0.00025,-53.34660,-718.00000
0.14020,0.14118,0.14250,0.13724,0.13954,0.16486,0.17045,0.16848,0.17243,0.17243,0.00107,0.00239,0.00370,0.00107,0.00008,-53.34660,-717.00000
0.14118,0.13526,0.13921,0.13658,0.14316,0.17144,0.17243,0.16684,0.16651,0.16585,-0.00025,0.00074,0.00074,-0.00156,0.00041,-52.77926,-716.00000
0.13756,0.13855,0.14381,0.13724,0.14316,0.16322,0.16059,0.17013,0.16848,0.16947,-0.00025,0.00074,0.00304,0.00140,-0.00321,-52.77926,-715.00000
0.14217,0.14184,0.14579,0.14645,0.13724,0.16684,0.16289,0.16749,0.16421,0.16848,-0.00189,0.00272,-0.00123,0.00337,-0.00189,-53.39158,-714.00000
0.14250,0.13888,0.13855,0.14348,0.13592,0.17078,0.16486,0.16289,0.16355,0.16322,0.00107,0.00206,-0.00057,0.00041,0.00041,-53.39158,-713.00000
0.13855,0.14348,0.13789,0.14414,0.13954,0.16815,0.16256,0.16651,0.16914,0.16717,0.00008,-0.00222,-0.00419,0.00008,-0.00321,-54.35204,-712.00000
0.14677,0.13888,0.14184,0.13888,0.13954,0.16519,0.17374,0.17078,0.17045,0.17013,0.00173,0.00206,-0.00288,-0.00189,-0.00321,-54.35204,-711.00000
0.13921,0.14020,0.13691,0.14414,0.14447,0.16848,0.16815,0.16157,0.17276,0.16421,-0.00090,-0.00353,0.00107,0.00008,0.00173,-54.51000,-710.00000
0.13921,0.14217,0.14085,0.13954,0.14250,0.16782,0.16519,0.16190,0.17013,0.17177,0.00206,-0.00090,-0.00321,0.00140,-0.00156,-54.51000,-709.00000
0.14414,0.14579,0.14612,0.14184,0.13756,0.16815,0.16421,0.16486,0.16947,0.16190,-0.00386,-0.00057,0.00272,0.00041,0.00206,-54.07385,-708.00000
0.14250,0.14381,0.13691,0.13987,0.14513,0.16552,0.16651,0.16947,0.15927,0.16552,0.00074,0.00041,0.00239,-0.00156,-0.00353,-54.07385,-707.00000
0.14250,0.13888,0.13822,0.14480,0.13691,0.16421,0.16815,0.16651,0.16190,0.16815,-0.00386,0.00272,0.00008,0.00008,-0.00288,-55.21075,-706.00000
0.14973,0.14645,0.13921,0.14184,0.13724,0.17243,0.16585,0.16059,0.16881,0.16355,-0.00452,-0.00222,-0.00090,-0.00057,-0.00156,-55.21075,-705.00000
0.13658,0.14316,0.14513,0.14348,0.14217,0.16881,0.16651,0.16717,0.16749,0.16355,0.00239,-0.00584,-0.00090,0.00008,0.00272,-55.31778,-704.00000
0.14875,0.14842,0.14743,0.13789,0.14217,0.16453,0.16519,0.16289,0.16815,0.16486,-0.00353,-0.00156,0.00041,0.00041,-0.00057,-55.31778,-703.00000
0.14052,0.14348,0.13526,0.14612,0.14052,0.16585,0.16519,0.16815,0.16717,0.16322,0.00107,-0.00255,0.00206,0.00074,0.00008,-55.82051,-702.00000
0.14348,0.14645,0.14085,0.14480,0.15105,0.16453,0.16486,0.16914,0.16782,0.16519,0.00239,0.00041,-0.00255,-0.00123,-0.00485,-55.82051,-701.00000
0.14645,0.13724,0.14513,0.14612,0.14579,0.16717,0.16486,0.16815,0.16453,0.16388,0.00041,-0.00222,0.00535,0.00206,-0.00057,-55.91074,-700.00000
0.13691,0.15006,0.14743,0.14414,0.14316,0.16684,0.16749,0.16684,0.16585,0.17078,0.00206,-0.00057,-0.00123,0.00008,0.00074,-55.91074,-699.00000
0.14381,0.14414,0.14414,0.14480,0.14316,0.16947,0.16585,0.16421,0.16947,0.16585,-0.00123,-0.00288,-0.00288,-0.00123,0.00008,-55.12578,-698.00000
0.14480,0.14316,0.13921,0.14743,0.14612,0.17078,0.16914,0.16421,0.17013,0.16453,0.00173,0.00469,0.00173,0.00206,-0.00025,-55.12578,-697.00000
0.14217,0.14118,0.14875,0.14546,0.14513,0.17078,0.17407,0.16815,0.16717,0.16453,0.00304,0.00074,0.00041,-0.00255,0.00041,-54.73330,-696.00000
0.14414,0.14020,0.14348,0.14283,0.14875,0.17045,0.16651,0.16618,0.16322,0.16684,0.00272,-0.00057,0.00239,-0.00353,0.00206,-54.73330,-695.00000
0.14118,0.14381,0.14513,0.14809,0.14217,0.16815,0.16585,0.16519,0.17243,0.16684,0.00041,-0.00123,-0.00189,0.00173,0.00041,-54.46138,-694.00000
0.13987,0.14381,0.14546,0.13822,0.14513,0.16651,0.16684,0.16552,0.16618,0.16322,0.00140,0.00041,-0.00288,0.00173,0.00107,-54.46138,-693.00000
0.14677,0.14645,0.14283,0.14513,0.15237,0.16881,0.16486,0.16684,0.16717,0.16881,-0.00025,-0.00090,-0.00222,-0.00156,0.00107,-54.63059,-692.00000
0.14381,0.14316,0.14973,0.14743,0.14645,0.16914,0.16914,0.16585,0.16552,0.16486,-0.00057,-0.00123,0.00206,-0.00123,-0.00123,-54.63059,-691.00000
0.14612,0.14052,0.14908,0.15171,0.14447,0.16815,0.16585,0.16717,0.16749,0.16585,-0.00222,-0.00288,0.00370,0.00239,0.00008,-54.43932,-690.00000
0.14776,0.13789,0.14316,0.15006,0.14020,0.17045,0.16519,0.16256,0.16289,0.16749,0.00272,-0.00222,0.00008,-0.00090,-0.00156,-54.43932,-689.00000
0.14612,0.14579,0.15072,0.14217,0.14513,0.16223,0.16486,0.16519,0.16914,0.16421,0.00041,0.00140,0.00370,0.00272,0.00074,-54.76849,-688.00000
0.14677,0.14447,0.15006,0.14283,0.14217,0.17045,0.16585,0.16749,0.16388,0.16388,-0.00189,0.00041,0.00304,0.00370,0.00074,-54.76849,-687.00000
0.15565,0.14546,0.15039,0.14217,0.14842,0.16519,0.16947,0.16125,0.16618,0.16651,0.00206,-0.00189,-0.00025,0.00370,-0.00156,-54.99655,-686.00000
0.14710,0.14348,0.14973,0.14250,0.14447,0.16914,0.16289,0.16848,0.16486,0.16519,-0.00222,0.00140,0.00140,-0.00255,0.00272,-54.99655,-685.00000
0.14020,0.14612,0.14842,0.14381,0.14513,0.16782,0.16749,0.16651,0.16486,0.16618,-0.00090,0.00041,0.00173,-0.00156,-0.00025,-54.99583,-684.00000
0.14579,0.14348,0.14743,0.14513,0.14743,0.16749,0.16651,0.16782,0.16585,0.16881,-0.00156,-0.00419,-0.00156,-0.00123,-0.00156,-54.99583,-683.00000
0.14908,0.14579,0.15434,0.14710,0.14710,0.17078,0.16552,0.16684,0.16848,0.16157,-0.00222,-0.00123,-0.00189,-0.00386,0.00206,-55.16881,-682.00000
0.15204,0.14875,0.14546,0.14776,0.14579,0.16552,0.16651,0.16782,0.16421,0.16980,-0.00288,-0.00189,-0.00057,-0.00288,0.00041,-55.16881,-681.00000
0.14381,0.15006,0.14612,0.15039,0.14776,0.16651,0.16749,0.16914,0.16486,0.16717,0.00173,-0.00255,-0.00156,0.00041,-0.00156,-55.58001,-680.00000
0.15664,0.15302,0.14546,0.15434,0.14776,0.16749,0.16914,0.16223,0.16618,0.16618,-0.00156,-0.00123,-0.00353,0.00107,-0.00288,-55.58001,-679.00000
0.14941,0.14579,0.14776,0.15171,0.14908,0.16749,0.16947,0.16914,0.16651,0.17045,-0.00057,-0.00156,0.00140,-0.00025,-0.00123,-55.20944,-678.00000
0.14809,0.14579,0.15467,0.14447,0.15006,0.16618,0.16421,0.16651,0.16815,0.17078,0.00041,-0.00090,-0.00057,-0.00057,-0.00617,-55.20944,-677.00000
0.14316,0.15138,0.14842,0.15302,0.14842,0.16980,0.16388,0.16585,0.16322,0.17342,0.00239,-0.00518,-0.00025,0.00272,-0.00090,-55.14134,-676.00000
0.15204,0.15138,0.14348,0.15171,0.14809,0.16815,0.16618,0.16552,0.16552,0.16717,-0.00222,0.00008,-0.00123,0.00074,-0.00025,-55.14134,-675.00000
0.14973,0.14546,0.15072,0.14973,0.14973,0.16486,0.16618,0.16651,0.16519,0.16388,-0.00057,-0.00189,-0.00189,-0.00025,0.00008,-54.55065,-674.00000
0.15269,0.14842,0.15039,0.15072,0.15171,0.17078,0.16947,0.16881,0.16980,0.16914,0.00008,0.00074,-0.00386,0.00206,-0.00156,-54.55065,-673.00000
0.15138,0.14513,0.14973,0.15105,0.14645,0.16684,0.16684,0.16881,0.16947,0.16322,-0.00419,-0.00321,0.00074,-0.00321,0.00008,-55.46136,-672.00000
0.15039,0.14217,0.15171,0.15138,0.15368,0.16618,0.17045,0.16717,0.16684,0.16651,0.00041,-0.00123,-0.00156,0.00041,0.00041,-55.46136,-671.00000
0.14546,0.14348,0.15335,0.15237,0.14875,0.16881,0.16388,0.16289,0.16618,0.16980,-0.00189,-0.00025,0.00008,-0.00057,0.00041,-55.70431,-670.00000
0.14743,0.15500,0.15533,0.14546,0.15039,0.16848,0.16355,0.16881,0.16684,0.16684,-0.00090,-0.00025,0.00041,0.00074,0.00041,-55.70431,-669.00000
0.15368,0.15039,0.15105,0.14908,0.15171,0.16717,0.16157,0.16947,0.17013,0.16552,-0.00123,-0.00057,-0.00452,-0.00321,0.00140,-55.45714,-668.00000
0.15039,0.15269,0.15237,0.15269,0.14875,0.17013,0.17045,0.17045,0.16749,0.17111,0.00304,0.00041,-0.00057,0.00074,-0.00123,-55.45714,-667.00000
0.14973,0.14973,0.15631,0.15039,0.15500,0.17045,0.16947,0.17078,0.17013,0.16684,0.00074,0.00074,0.00140,0.00206,0.00041,-54.92583,-666.00000
0.14842,0.15861,0.15302,0.15006,0.15500,0.16322,0.16782,0.16749,0.16421,0.16980,-0.00025,-0.00386,-0.00156,0.00239,-0.00025,-54.92583,-665.00000
0.15434,0.14941,0.14908,0.14908,0.14776,0.16717,0.16519,0.16947,0.16815,0.16980,-0.00189,-0.00189,0.00107,-0.00156,0.00107,-55.28762,-664.00000
0.15269,0.14677,0.14973,0.15533,0.15269,0.16782,0.16881,0.16486,0.16848,0.16355,0.00337,0.00008,-0.00485,-0.00255,-0.00189,-55.28762,-663.00000
0.15105,0.15105,0.15237,0.15401,0.15039,0.16684,0.16651,0.16881,0.16881,0.17013,-0.00090,-0.00452,-0.00353,0.00173,0.00041,-54.52614,-662.00000
0.15467,0.15072,0.14283,0.15105,0.15237,0.16782,0.16322,0.16749,0.16914,0.16815,-0.00090,-0.00156,-0.00025,0.00008,0.00206,-54.52614,-661.00000
0.14941,0.15467,0.14645,0.15467,0.15138,0.16322,0.16157,0.16486,0.16980,0.17013,-0.00321,-0.00189,0.00239,0.00041,0.00140,-54.21619,-660.00000
0.14776,0.15664,0.14842,0.15401,0.15204,0.16815,0.16914,0.16552,0.16914,0.16651,0.00272,-0.00123,0.00140,-0.00057,0.00272,-54.21619,-659.00000
0.15434,0.15269,0.15039,0.15138,0.15467,0.16980,0.16947,0.16749,0.16453,0.16355,0.00272,-0.00222,0.00173,0.00074,-0.00419,-54.36396,-658.00000
0.15434,0.14973,0.15204,0.15072,0.15138,0.16223,0.16651,0.16388,0.16421,0.16618,-0.00057,-0.00321,0.00173,0.00370,-0.00025,-54.36396,-657.00000
0.15105,0.15467,0.15467,0.15039,0.15467,0.16618,0.16618,0.16421,0.16552,0.16618,-0.00123,-0.00189,-0.00321,0.00239,0.00239,-54.51352,-656.00000
0.15335,0.15171,0.16157,0.15302,0.15401,0.16947,0.16618,0.16980,0.16749,0.17013,-0.00090,0.00239,-0.00222,-0.00255,-0.00156,-54.51352,-655.00000
0.15861,0.15533,0.15204,0.14908,0.15631,0.16684,0.16848,0.16651,0.16388,0.16782,0.00337,-0.00189,-0.00321,0.00008,-0.00353,-55.44280,-654.00000
0.15105,0.15237,0.15237,0.15993,0.15861,0.16848,0.16848,0.16585,0.16651,0.16684,-0.00090,-0.00057,-0.00353,0.00074,-0.00156,-55.44280,-653.00000
0.15368,0.15565,0.14973,0.15039,0.15631,0.16815,0.16980,0.16815,0.16914,0.17013,-0.00057,0.00173,0.00074,0.00074,0.00173,-55.26534,-652.00000
0.15335,0.14941,0.15664,0.15467,0.15861,0.16585,0.16519,0.17144,0.16782,0.16914,-0.00485,-0.00288,-0.00025,0.00107,-0.00090,-55.26534,-651.00000
0.14743,0.15598,0.15467,0.15335,0.16125,0.16815,0.17013,0.16618,0.16552,0.16453,-0.00090,-0.00123,-0.00222,0.00173,-0.00353,-55.10826,-650.00000
0.15861,0.15401,0.15631,0.15664,0.15664,0.16651,0.16848,0.16585,0.16749,0.16881,-0.00123,0.00041,0.00074,0.00239,-0.00189,-55.10826,-649.00000
0.15500,0.15335,0.15401,0.15138,0.15368,0.17210,0.16815,0.17013,0.16618,0.16848,0.00041,-0.00057,0.00008,0.00107,0.00206,-55.07610,-648.00000
0.15006,0.15500,0.14941,0.14973,0.15763,0.16223,0.16552,0.17078,0.16782,0.16453,-0.00156,-0.00090,0.00436,-0.00321,0.00041,-55.07610,-647.00000
0.15467,0.15434,0.14973,0.15631,0.15829,0.16749,0.16585,0.16815,0.16717,0.16815,-0.00025,0.00074,-0.00090,-0.00090,0.00041,-55.56784,-646.00000
0.15598,0.15894,0.15598,0.15631,0.15467,0.17374,0.17013,0.16815,0.16223,0.16782,-0.00353,-0.00321,0.00008,0.00074,-0.00189,-55.56784,-645.00000
0.15861,0.15269,0.15434,0.15171,0.15664,0.16815,0.16914,0.16848,0.16421,0.16717,0.00140,0.00107,-0.00255,0.00074,-0.00057,-55.70628,-644.00000
0.15697,0.15269,0.16125,0.15302,0.15204,0.16388,0.16552,0.16519,0.16914,0.16749,0.00008,-0.00057,0.00370,-0.00057,0.00239,-55.70628,-643.00000
0.15467,0.15861,0.15993,0.15763,0.15533,0.16552,0.16453,0.16618,0.16782,0.16519,-0.00321,-0.00189,-0.00025,0.00173,-0.00090,-56.08800,-642.00000
0.15960,0.15697,0.15697,0.15467,0.16026,0.17111,0.16421,0.16585,0.16980,0.17045,0.00041,0.00008,-0.00189,0.00206,-0.00386,-56.08800,-641.00000
0.15105,0.15237,0.16059,0.15138,0.15467,0.16914,0.16782,0.16848,0.17144,0.16388,0.00008,0.00206,-0.00321,-0.00189,0.00041,-56.16900,-640.00000
0.15631,0.15533,0.15993,0.15730,0.15006,0.17243,0.16618,0.16947,0.17078,0.16322,0.00074,0.00272,-0.00288,-0.00518,-0.00090,-56.16900,-639.00000
0.15006,0.14908,0.15763,0.15533,0.15138,0.16157,0.16684,0.16651,0.16256,0.16980,0.00074,-0.00156,-0.00057,-0.00090,0.00272,-55.49661,-638.00000
0.15072,0.15796,0.15697,0.16092,0.15763,0.16421,0.16453,0.16618,0.16453,0.16289,0.00140,-0.00025,0.00008,-0.00025,-0.00090,-55.49661,-637.00000
0.15533,0.15335,0.15861,0.15204,0.15829,0.16717,0.16289,0.16782,0.16782,0.16388,0.00074,-0.00090,0.00107,0.00140,0.00206,-55.40700,-636.00000
0.15763,0.15204,0.15533,0.15105,0.15730,0.16684,0.16585,0.16256,0.17013,0.17013,-0.00189,-0.00353,-0.00057,-0.00255,-0.00025,-55.40700,-635.00000
0.15993,0.15533,0.15204,0.15697,0.15565,0.16815,0.16782,0.16980,0.16552,0.16749,-0.00123,0.00008,-0.00288,-0.00156,-0.00090,-55.40858,-634.00000
0.15829,0.15796,0.15697,0.15467,0.16157,0.16782,0.16585,0.16782,0.16717,0.16848,0.00173,-0.00452,-0.00452,-0.00090,0.00074,-55.40858,-633.00000
0.16125,0.15105,0.16355,0.15960,0.15368,0.16585,0.16848,0.16519,0.16881,0.17078,0.00337,-0.00222,-0.00057,0.00140,-0.00321,-54.80634,-632.00000
0.15500,0.15763,0.15467,0.15763,0.15565,0.16552,0.16355,0.16453,0.16453,0.16223,0.00272,-0.00123,0.00041,-0.00025,-0.00255,-54.80634,-631.00000
0.15861,0.15401,0.15500,0.15631,0.15894,0.17013,0.16717,0.16388,0.16223,0.16618,-0.00057,-0.00321,-0.00386,0.00107,-0.00156,-54.37827,-630.00000
0.15598,0.15894,0.16157,0.15434,0.15401,0.16881,0.16848,0.17013,0.16815,0.15960,0.00239,0.00008,-0.00222,-0.00057,0.00008,-54.37827,-629.00000
0.15894,0.15565,0.16256,0.15039,0.16355,0.16651,0.16815,0.17078,0.16684,0.17045,0.00206,-0.00025,-0.00057,0.00206,0.00107,-54.12761,-628.00000
0.15335,0.16585,0.15598,0.15861,0.15533,0.16717,0.16585,0.17111,0.16914,0.16684,-0.00255,0.00173,0.00107,-0.00288,-0.00189,-54.12761,-627.00000
0.15763,0.15533,0.15829,0.15861,0.15763,0.16848,0.16717,0.16782,0.16355,0.16684,-0.00288,-0.00025,0.00074,0.00107,-0.00025,-54.74935,-626.00000
0.16486,0.15993,0.15796,0.16125,0.16059,0.16421,0.16651,0.16980,0.16486,0.17342,0.00107,0.00074,-0.00222,0.00008,-0.00255,-54.74935,-625.00000
0.15730,0.15960,0.16125,0.16519,0.15434,0.17177,0.16618,0.17243,0.16684,0.16881,0.00173,0.00206,-0.00353,-0.00255,0.00041,-55.05534,-624.00000
0.15401,0.16125,0.16256,0.15664,0.14842,0.16717,0.16355,0.16815,0.17243,0.17013,-0.00123,-0.00090,0.00502,0.00008,-0.00123,-55.05534,-623.00000
0.15335,0.15993,0.15631,0.15368,0.16355,0.16421,0.16190,0.16421,0.17144,0.16552,-0.00189,-0.00057,0.00140,-0.00222,-0.00386,-55.18880,-622.00000
0.15631,0.15664,0.15927,0.15631,0.15500,0.16881,0.16453,0.16486,0.16421,0.16453,-0.00025,0.00173,-0.00090,0.00041,-0.00255,-55.18880,-621.00000
0.15598,0.15894,0.15565,0.16125,0.16223,0.17045,0.16749,0.16947,0.16190,0.16322,-0.00222,-0.00255,0.00107,-0.00485,-0.00386,-55.57048,-620.00000
0.15796,0.16388,0.16322,0.16421,0.16125,0.16947,0.16421,0.17078,0.16618,0.16618,0.00008,-0.00189,-0.00222,-0.00025,0.00074,-55.57048,-619.00000
0.16355,0.15598,0.15598,0.15861,0.15927,0.16815,0.16585,0.16552,0.16782,0.16256,-0.00485,-0.00090,-0.00123,0.00008,-0.00123,-55.97127,-618.00000
0.16125,0.15763,0.16585,0.15829,0.15533,0.16815,0.16552,0.16651,0.16453,0.16453,0.00239,0.00074,0.00403,-0.00057,-0.00025,-55.97127,-617.00000
0.15861,0.15401,0.15993,0.15927,0.16092,0.16552,0.16848,0.16980,0.16322,0.16486,-0.00025,0.00107,-0.00025,-0.00057,0.00272,-56.05693,-616.00000
0.15861,0.15993,0.15927,0.16651,0.16026,0.16782,0.16684,0.16585,0.16618,0.16519,0.00074,0.00107,-0.00156,0.00140,0.00140,-56.05693,-615.00000
0.15894,0.16421,0.15763,0.15927,0.15927,0.16388,0.16947,0.16651,0.16618,0.16256,0.00041,-0.00156,-0.00321,0.00239,-0.00090,-55.64809,-614.00000
0.16421,0.15763,0.16618,0.15631,0.16881,0.16651,0.17045,0.16749,0.16848,0.16848,-0.00321,-0.00222,0.00173,0.00173,0.00074,-55.64809,-613.00000
0.16651,0.15664,0.16453,0.15796,0.15960,0.17111,0.16947,0.16717,0.16684,0.16947,-0.00123,-0.00321,0.00107,0.00008,-0.00222,-54.98469,-612.00000
0.16223,0.16322,0.16059,0.15960,0.16815,0.16848,0.17144,0.16585,0.16421,0.16223,0.00074,-0.00288,0.00140,-0.00419,0.00272,-54.98469,-611.00000
0.16026,0.16453,0.15894,0.15993,0.16980,0.16717,0.17013,0.16684,0.16914,0.16684,-0.00353,-0.00222,0.00041,-0.00156,-0.00156,-55.03141,-610.00000
0.16322,0.15237,0.16059,0.16684,0.16749,0.16256,0.16519,0.16947,0.16585,0.16782,0.00206,0.00074,-0.00288,-0.00321,0.00272,-55.03141,-609.00000
0.16125,0.16947,0.15861,0.16651,0.15861,0.16749,0.16388,0.16388,0.16815,0.16749,-0.00057,-0.00090,-0.00189,0.00304,0.00074,-55.01082,-608.00000
0.16190,0.16355,0.15730,0.16651,0.15730,0.16585,0.17111,0.16552,0.16749,0.16519,-0.00123,-0.00025,-0.00057,-0.00090,-0.00222,-55.01082,-607.00000
0.16256,0.15697,0.16223,0.16223,0.16552,0.16749,0.16815,0.16684,0.16914,0.16421,-0.00123,0.00370,0.00206,0.00140,-0.00353,-54.27055,-606.00000
0.15894,0.16453,0.16421,0.15894,0.16190,0.16848,0.16782,0.16749,0.16684,0.16749,-0.00123,0.00370,-0.00485,0.00008,-0.00156,-54.27055,-605.00000
0.16651,0.16289,0.16881,0.15960,0.16486,0.16585,0.17045,0.17045,0.16618,0.16815,-0.00156,0.00239,-0.00288,0.00206,0.00041,-54.24709,-604.00000
0.16026,0.16585,0.16421,0.16157,0.15796,0.17045,0.16717,0.17144,0.16519,0.16947,0.00041,-0.00222,-0.00189,-0.00057,0.00041,-54.24709,-603.00000
0.16486,0.16519,0.16190,0.16322,0.16388,0.16388,0.16552,0.16684,0.16388,0.16486,0.00140,-0.00123,-0.00288,0.00535,-0.00025,-54.26954,-602.00000
0.15894,0.16453,0.16223,0.16519,0.16421,0.17374,0.16914,0.16388,0.17177,0.16519,-0.00057,0.00107,-0.00321,-0.00123,-0.00025,-54.26954,-601.00000
0.15927,0.16486,0.15467,0.15927,0.16125,0.16519,0.17111,0.16618,0.16980,0.16815,0.00107,-0.00123,0.00041,0.00239,-0.00057,-54.62745,-600.00000
0.16881,0.15927,0.16223,0.16092,0.16092,0.16223,0.16519,0.17276,0.16486,0.16947,-0.00057,0.00370,-0.00353,0.00173,0.00272,-54.62745,-599.00000
0.16815,0.16223,0.16388,0.16585,0.16157,0.16749,0.16651,0.16782,0.16815,0.16519,-0.00025,0.00337,0.00173,-0.00090,-0.00025,-54.55005,-598.00000
0.16059,0.16684,0.16355,0.16519,0.16388,0.16453,0.17177,0.16749,0.16749,0.16947,0.00173,0.00107,0.00041,0.00173,-0.00057,-54.55005,-597.00000
0.16157,0.16256,0.16585,0.16453,0.16947,0.16552,0.16585,0.16421,0.16486,0.16519,0.00041,-0.00156,-0.00189,-0.00386,-0.00222,-54.94592,-596.00000
0.16355,0.16552,0.16125,0.16421,0.16355,0.16651,0.17177,0.16552,0.16749,0.16881,-0.00156,-0.00025,-0.00057,-0.00189,-0.00386,-54.94592,-595.00000
0.15631,0.16355,0.16256,0.16125,0.16322,0.16585,0.16684,0.16585,0.17177,0.16980,0.00173,-0.00222,-0.00222,0.00337,0.00041,-55.23175,-594.00000
0.15829,0.16519,0.15960,0.16585,0.15533,0.16388,0.16618,0.16782,0.16980,0.16815,-0.00025,-0.00222,0.00173,-0.00222,-0.00189,-55.23175,-593.00000
0.16059,0.16125,0.15993,0.16223,0.16190,0.16651,0.16815,0.16388,0.16486,0.16947,0.00074,-0.00189,0.00140,0.00173,0.00140,-55.25748,-592.00000
0.16092,0.16355,0.16256,0.16059,0.15894,0.16684,0.17045,0.16453,0.16651,0.16914,0.00272,0.00140,-0.00025,-0.00123,-0.00255,-55.25748,-591.00000
0.16552,0.15861,0.16388,0.16585,0.16223,0.16749,0.16980,0.16881,0.16585,0.16815,-0.00123,0.00008,-0.00189,-0.00255,-0.00123,-55.62679,-590.00000
0.16289,0.15960,0.16322,0.15829,0.16289,0.16782,0.16782,0.17407,0.16914,0.16815,-0.00090,-0.00123,0.00140,0.00107,0.00074,-55.62679,-589.00000
0.16388,0.16782,0.16519,0.16486,0.16782,0.16881,0.16947,0.16980,0.16486,0.16848,-0.00090,-0.00025,0.00304,0.00008,-0.00123,-55.91886,-588.00000
0.16322,0.16125,0.16322,0.16618,0.16388,0.17111,0.16881,0.16881,0.17013,0.16848,-0.00057,0.00041,-0.00156,0.00272,0.00074,-55.91886,-587.00000
0.16947,0.16355,0.16125,0.16421,0.16059,0.16749,0.17013,0.17045,0.16815,0.16749,-0.00189,-0.00090,-0.00156,-0.00025,0.00008,-55.90865,-586.00000
0.16322,0.16717,0.16355,0.16486,0.16881,0.17243,0.16914,0.16980,0.16881,0.16618,0.00107,-0.00057,-0.00321,0.00008,0.00206,-55.90865,-585.00000
0.16289,0.17111,0.16453,0.16388,0.16355,0.16684,0.16749,0.17276,0.16782,0.17078,-0.00288,0.00008,0.00140,-0.00025,0.00107,-54.92454,-584.00000
0.16256,0.16749,0.16684,0.17045,0.16421,0.16684,0.16881,0.16881,0.16684,0.16749,-0.00123,0.00074,-0.00255,-0.00123,-0.00057,-54.92454,-583.00000
0.17243,0.16453,0.16881,0.16947,0.16486,0.16519,0.16947,0.16947,0.16782,0.16815,-0.00123,-0.00025,-0.00189,-0.00288,-0.00386,-54.65954,-582.00000
0.16519,0.16355,0.16190,0.16848,0.16322,0.17210,0.16848,0.16881,0.16848,0.16289,-0.00025,0.00008,0.00074,-0.00156,-0.00255,-54.65954,-581.00000
0.16585,0.16618,0.16848,0.16651,0.16684,0.17177,0.17111,0.16684,0.16223,0.16980,-0.00255,0.00173,-0.00353,0.00074,-0.00386,-54.09735,-580.00000
0.17078,0.16618,0.16355,0.16157,0.16322,0.16749,0.17440,0.16815,0.16486,0.17144,-0.00090,-0.00123,-0.00255,-0.00222,0.00041,-54.09735,-579.00000
0.16026,0.16848,0.16453,0.17243,0.16585,0.16651,0.16815,0.16486,0.16881,0.16717,-0.00156,0.00041,-0.00090,0.00304,0.00008,-53.74545,-578.00000
0.16421,0.16947,0.16519,0.16421,0.16355,0.17045,0.17276,0.16914,0.16651,0.16421,-0.00255,0.00041,0.00140,-0.00288,-0.00123,-53.74545,-577.00000
0.16815,0.16355,0.16914,0.16421,0.16486,0.16552,0.16552,0.16618,0.16585,0.16289,0.00107,-0.00485,0.00008,-0.00057,0.00173,-54.05534,-576.00000
0.16881,0.16059,0.16421,0.16552,0.16651,0.16782,0.17013,0.16782,0.17013,0.17111,-0.00649,-0.00189,-0.00057,-0.00156,-0.00156,-54.05534,-575.00000
0.15993,0.17506,0.16256,0.16914,0.16651,0.16519,0.16749,0.16585,0.16618,0.16684,0.00008,0.00074,-0.00156,0.00272,0.00304,-54.79623,-574.00000
0.16684,0.17111,0.16782,0.15796,0.17013,0.16552,0.17013,0.16453,0.17045,0.16815,0.00041,-0.00025,-0.00255,-0.00452,-0.00288,-54.79623,-573.00000
0.16782,0.16322,0.16519,0.16256,0.16486,0.16914,0.16651,0.16684,0.17013,0.16618,-0.00255,-0.00189,-0.00025,-0.00025,-0.00255,-54.67594,-572.00000
0.16914,0.15960,0.16388,0.16552,0.16388,0.16848,0.16322,0.17078,0.17144,0.16519,-0.00222,0.00074,0.00239,0.00107,0.00140,-54.67594,-571.00000
0.16322,0.17111,0.16848,0.16618,0.17144,0.16322,0.16618,0.16947,0.16749,0.16749,0.00140,0.00008,0.00107,-0.00090,-0.00255,-54.75985,-570.00000
0.16585,0.16618,0.17013,0.16980,0.16651,0.16717,0.16749,0.16782,0.16815,0.16355,-0.00419,0.00074,0.00008,0.00008,-0.00123,-54.75985,-569.00000
0.16486,0.16717,0.16651,0.17045,0.16782,0.16256,0.17144,0.16651,0.16585,0.16453,0.00239,-0.00419,0.00107,0.00206,-0.00057,-54.87504,-568.00000
0.16815,0.16552,0.16355,0.17078,0.16618,0.16585,0.16651,0.16322,0.16421,0.16486,0.00206,-0.00057,0.00008,0.00008,0.00041,-54.87504,-567.00000
0.17177,0.15960,0.16717,0.17045,0.15993,0.15960,0.16486,0.16552,0.16684,0.16519,-0.00057,0.00370,0.00469,0.00173,-0.00090,-54.96926,-566.00000
0.16125,0.16947,0.16519,0.16881,0.16717,0.16651,0.16749,0.16684,0.16585,0.16914,-0.00123,-0.00156,-0.00288,-0.00025,-0.00255,-54.96926,-565.00000
0.16453,0.16980,0.16947,0.16782,0.16717,0.16388,0.17013,0.16421,0.16388,0.17013,-0.00123,0.00008,0.00107,0.00206,0.00107,-55.33375,-564.00000
0.16026,0.16684,0.16717,0.16059,0.17045,0.17013,0.16848,0.16749,0.17342,0.16157,-0.00386,-0.00288,-0.00551,0.00041,-0.00222,-55.33375,-563.00000
0.17111,0.16125,0.16585,0.16322,0.16486,0.16815,0.16289,0.16782,0.17177,0.16684,0.00469,-0.00222,0.00074,0.00140,0.00239,-56.39246,-562.00000
0.16453,0.17078,0.17013,0.16881,0.16881,0.16749,0.16519,0.16717,0.16848,0.16684,0.00107,-0.00485,0.00370,-0.00189,-0.00057,-56.39246,-561.00000
0.16684,0.16453,0.16881,0.16125,0.16453,0.16519,0.16618,0.16322,0.16881,0.16651,-0.00321,-0.00255,0.00206,-0.00255,0.00173,-56.40424,-560.00000
0.16157,0.16684,0.16980,0.16190,0.17013,0.16453,0.16289,0.16157,0.16914,0.17078,0.00173,-0.00156,-0.00123,0.00140,-0.00123,-56.40424,-559.00000
0.16421,0.17078,0.16881,0.16453,0.16585,0.16552,0.16618,0.16289,0.16256,0.16256,-0.00057,0.00403,0.00107,0.00008,0.00074,-56.08054,-558.00000
0.16717,0.16717,0.17078,0.16421,0.17407,0.16684,0.17111,0.16684,0.16355,0.16749,0.00074,-0.00090,-0.00255,-0.00288,0.00074,-56.08054,-557.00000
0.16322,0.16421,0.16585,0.16223,0.17473,0.16749,0.16453,0.16717,0.16519,0.16782,-0.00353,-0.00189,0.00008,0.00008,-0.00123,-55.82591,-556.00000
0.16684,0.16190,0.16881,0.16486,0.16519,0.16749,0.16421,0.16355,0.16552,0.16421,-0.00386,-0.00222,0.00107,-0.00057,-0.00123,-55.82591,-555.00000
0.17309,0.16519,0.17440,0.16881,0.16585,0.17013,0.16618,0.16421,0.16453,0.16881,0.00074,-0.00189,0.00403,0.00469,-0.00057,-55.54968,-554.00000
0.17111,0.16289,0.17210,0.16881,0.17013,0.17276,0.16486,0.16157,0.16157,0.16749,-0.00386,0.00107,-0.00288,-0.00419,0.00173,-55.54968,-553.00000
0.16980,0.17045,0.16388,0.17473,0.16749,0.16223,0.16388,0.17177,0.16651,0.16618,0.00041,-0.00321,-0.00123,0.00041,0.00304,-54.63763,-552.00000
0.16782,0.16618,0.16782,0.16322,0.16125,0.17144,0.16914,0.16914,0.16717,0.16453,0.00107,-0.00156,-0.00189,-0.00025,-0.00025,-54.63763,-551.00000
0.17144,0.16552,0.16848,0.16651,0.16914,0.16322,0.16388,0.16125,0.16453,0.16881,-0.00057,-0.00222,0.00140,-0.00288,0.00140,-54.76755,-550.00000
0.16256,0.17177,0.16486,0.16782,0.17045,0.17144,0.16881,0.16355,0.16519,0.16355,0.00107,-0.00025,-0.00419,-0.00123,0.00403,-54.76755,-549.00000
0.16453,0.16453,0.16552,0.16486,0.17045,0.17276,0.16980,0.16552,0.16651,0.16519,-0.00288,0.00074,0.00173,-0.00518,0.00140,-54.46629,-548.00000
0.16223,0.16651,0.17407,0.16684,0.16322,0.16289,0.16585,0.16190,0.16914,0.16421,0.00173,-0.00288,0.00074,-0.00321,-0.00123,-54.46629,-547.00000
0.16848,0.16684,0.16585,0.16059,0.16421,0.16289,0.16289,0.16914,0.16914,0.16717,-0.00321,-0.00123,-0.00025,-0.00090,0.00436,-55.20190,-546.00000
0.16585,0.16453,0.15993,0.16585,0.17407,0.16092,0.16914,0.16552,0.16421,0.16717,0.00370,0.00074,-0.00255,-0.00353,-0.00025,-55.20190,-545.00000
0.16453,0.16848,0.16486,0.16355,0.16717,0.16684,0.16421,0.16388,0.17144,0.16749,-0.00057,-0.00090,-0.00156,-0.00189,0.00008,-54.85437,-544.00000
0.16914,0.16947,0.16947,0.16881,0.16749,0.16749,0.16421,0.16125,0.16289,0.16355,-0.00123,-0.00090,-0.00386,-0.00255,-0.00123,-54.85437,-543.00000
0.17078,0.16684,0.16815,0.16815,0.16486,0.16881,0.16355,0.17045,0.16848,0.16717,-0.00189,-0.00025,0.00107,-0.00288,-0.00222,-56.15765,-542.00000
0.17111,0.17078,0.16881,0.16289,0.16453,0.16684,0.16421,0.16355,0.16651,0.16980,-0.00090,0.00173,-0.00321,0.00140,-0.00485,-56.15765,-541.00000
0.16552,0.16947,0.18164,0.16519,0.16651,0.16717,0.16618,0.16453,0.16651,0.16914,-0.00090,0.00173,0.00173,-0.00090,0.00041,-56.04269,-540.00000
0.16289,0.16947,0.16782,0.16914,0.16388,0.16782,0.16585,0.16026,0.16651,0.16585,-0.00057,-0.00090,0.00140,-0.00222,0.00107,-56.04269,-539.00000
0.16947,0.16717,0.16848,0.17013,0.16223,0.16486,0.16914,0.16519,0.16749,0.16190,-0.00057,0.00140,-0.00057,-0.00551,-0.00156,-56.41490,-538.00000
0.16717,0.16947,0.17078,0.16749,0.16881,0.16815,0.16717,0.16717,0.16782,0.16914,-0.00057,-0.00090,0.00008,0.00107,-0.00123,-56.41490,-537.00000
0.16355,0.16881,0.17045,0.16421,0.16486,0.16585,0.16289,0.16815,0.17144,0.16782,0.00074,0.00304,0.00074,-0.00255,0.00206,-55.97601,-536.00000
0.16947,0.16980,0.16684,0.17177,0.16256,0.16519,0.16717,0.16552,0.16651,0.16684,-0.00090,-0.00090,0.00173,-0.00090,-0.00025,-55.97601,-535.00000
0.16552,0.16256,0.16815,0.16486,0.17045,0.16552,0.16421,0.16848,0.16881,0.16552,0.00074,-0.00452,-0.00057,-0.00222,0.00008,-55.83468,-534.00000
0.16388,0.17045,0.16519,0.16980,0.17342,0.16421,0.17144,0.16421,0.16421,0.15993,0.00304,0.00140,0.00239,0.00107,0.00173,-55.83468,-533.00000
0.16421,0.16552,0.16684,0.16289,0.16749,0.16552,0.16717,0.16684,0.16552,0.16125,0.00041,0.00008,-0.00025,0.00206,-0.00321,-55.14146,-532.00000
0.16815,0.16881,0.16519,0.17078,0.16092,0.16256,0.16585,0.16914,0.16618,0.16453,-0.00090,0.00140,0.00041,0.00074,0.00370,-55.14146,-531.00000
0.16749,0.16749,0.16157,0.17045,0.16289,0.16651,0.16190,0.16947,0.16651,0.16223,0.00041,-0.00255,0.00206,-0.00189,-0.00288,-55.41497,-530.00000
0.17670,0.15927,0.17243,0.16815,0.16552,0.16519,0.16618,0.16717,0.17013,0.16618,-0.00025,0.00041,-0.00189,-0.00189,0.00304,-55.41497,-529.00000
0.16782,0.17045,0.16618,0.16914,0.16486,0.16815,0.16552,0.16980,0.16355,0.16256,0.00173,0.00074,0.00173,0.00304,0.00041,-55.43942,-528.00000
0.16914,0.17045,0.16421,0.16848,0.16881,0.16552,0.16651,0.16453,0.16717,0.16749,-0.00288,-0.00090,0.00008,0.00041,-0.00025,-55.43942,-527.00000
0.16684,0.16585,0.16980,0.17177,0.16486,0.16355,0.16388,0.16914,0.16749,0.16585,0.00140,0.00206,-0.00156,0.00337,0.00304,-54.63377,-526.00000
0.17539,0.16519,0.17045,0.16618,0.16947,0.17013,0.16519,0.16585,0.16289,0.16519,0.00337,0.00074,-0.00189,-0.00090,-0.00222,-54.63377,-525.00000
0.16618,0.17013,0.17013,0.17243,0.17276,0.16092,0.16519,0.16421,0.16421,0.16256,-0.00025,-0.00189,-0.00025,0.00074,-0.00057,-54.66064,-524.00000
0.16815,0.17309,0.17013,0.16618,0.17440,0.16717,0.16256,0.16684,0.16782,0.16782,0.00107,-0.00025,-0.00090,-0.00025,-0.00123,-54.66064,-523.00000
0.16749,0.17539,0.17111,0.17013,0.16914,0.16980,0.16815,0.16749,0.16815,0.16388,-0.00057,0.00107,-0.00156,0.00403,0.00272,-54.81567,-522.00000
0.16848,0.16914,0.17374,0.16980,0.17078,0.16585,0.16355,0.16618,0.16717,0.16749,-0.00123,0.00041,0.00436,-0.00090,-0.00551,-54.81567,-521.00000
0.17309,0.16519,0.17506,0.16782,0.17342,0.16421,0.16684,0.17078,0.16684,0.16289,-0.00123,0.00173,-0.00222,0.00140,0.00074,-54.81018,-520.00000
0.16552,0.17013,0.17177,0.17144,0.16881,0.16848,0.16749,0.16388,0.16651,0.16157,-0.00057,0.00173,0.00206,-0.00156,-0.00090,-54.81018,-519.00000
0.16815,0.16914,0.17736,0.17309,0.17144,0.16486,0.16519,0.16256,0.16552,0.16585,-0.00057,0.00107,-0.00189,-0.00156,-0.00025,-54.82208,-518.00000
0.16585,0.17736,0.16947,0.16749,0.17342,0.16749,0.17045,0.16980,0.16914,0.16717,-0.00123,-0.00156,-0.00057,-0.00288,-0.00386,-54.82208,-517.00000
0.16947,0.17210,0.16914,0.16651,0.17177,0.16519,0.16815,0.16815,0.16914,0.16585,-0.00452,-0.00090,0.00074,-0.00090,-0.00025,-55.16251,-516.00000
0.17111,0.16947,0.16684,0.17539,0.17144,0.16585,0.16717,0.16552,0.16914,0.16618,-0.00189,0.00140,-0.00123,-0.00025,-0.00057,-55.16251,-515.00000
0.16881,0.17243,0.17835,0.16684,0.16552,0.16815,0.16421,0.16453,0.16355,0.16782,-0.00255,0.00206,-0.00255,0.00140,-0.00189,-55.86006,-514.00000
0.17769,0.16717,0.16947,0.17407,0.16749,0.16947,0.16815,0.16848,0.16782,0.16355,-0.00156,0.00140,0.00008,0.00140,-0.00025,-55.86006,-513.00000
0.17210,0.17210,0.17013,0.17144,0.16881,0.16651,0.16684,0.16421,0.16388,0.15861,-0.00090,-0.00353,0.00272,-0.00321,-0.00353,-55.12974,-512.00000
0.17013,0.16749,0.16947,0.17210,0.16749,0.16881,0.16684,0.16519,0.16453,0.16651,-0.00255,-0.00025,-0.00649,-0.00156,-0.00353,-55.12974,-511.00000
0.16421,0.16881,0.17210,0.16388,0.17309,0.16585,0.16782,0.16388,0.16881,0.16486,-0.00123,-0.00321,0.00140,-0.00057,0.00041,-55.06243,-510.00000
0.17342,0.17243,0.16914,0.16651,0.17144,0.16947,0.16881,0.16980,0.16618,0.16881,-0.00090,-0.00156,0.00140,-0.00123,-0.00321,-55.06243,-509.00000
0.17309,0.16289,0.16914,0.17309,0.16355,0.16651,0.16651,0.17276,0.16848,0.16059,-0.00090,-0.00156,-0.00123,0.00337,-0.00025,-55.00680,-508.00000
0.16848,0.16914,0.18065,0.16585,0.17309,0.16519,0.16421,0.16585,0.17045,0.16519,0.00173,0.00206,0.00436,-0.00057,0.00206,-55.00680,-507.00000
0.16815,0.17342,0.16618,0.17243,0.17210,0.16256,0.16717,0.16585,0.16749,0.16881,-0.00255,0.00074,-0.00156,-0.00025,-0.00222,-55.20848,-506.00000
0.16618,0.16782,0.17243,0.16881,0.17802,0.16618,0.16585,0.16519,0.16486,0.16684,-0.00057,-0.00321,-0.00025,0.00173,0.00206,-55.20848,-505.00000
0.16947,0.17440,0.16914,0.16980,0.17407,0.16815,0.16585,0.16421,0.16322,0.16486,0.00074,-0.00353,-0.00123,0.00008,0.00074,-55.72191,-504.00000
0.17013,0.17506,0.17045,0.17045,0.16914,0.16684,0.16651,0.16980,0.16914,0.16453,-0.00452,-0.00090,-0.00123,0.00304,0.00568,-55.72191,-503.00000
0.16815,0.16782,0.16552,0.17638,0.17078,0.16552,0.16092,0.16190,0.16453,0.16717,-0.00057,0.00140,-0.00353,0.00403,-0.00321,-55.10217,-502.00000
0.17342,0.16782,0.17835,0.16519,0.17276,0.16618,0.16421,0.16322,0.16749,0.16552,0.00107,-0.00452,-0.00025,-0.00057,0.00337,-55.10217,-501.00000
0.16947,0.17374,0.17111,0.16947,0.16717,0.16486,0.16947,0.16322,0.16486,0.16980,-0.00090,0.00008,-0.00419,0.00008,-0.00090,-55.37579,-500.00000
0.17374,0.17276,0.16980,0.17572,0.16421,0.16256,0.16453,0.16125,0.16585,0.16585,-0.00518,-0.00057,0.00008,-0.00321,0.00107,-55.37579,-499.00000
0.16749,0.17374,0.17013,0.17045,0.17440,0.16782,0.16618,0.16980,0.16519,0.16453,0.00272,0.00337,0.00173,0.00008,0.00008,-54.95596,-498.00000
0.17572,0.16684,0.17013,0.17111,0.16651,0.16519,0.16914,0.16519,0.16585,0.16717,-0.00025,0.00272,-0.00222,0.00239,0.00107,-54.95596,-497.00000
0.16980,0.17210,0.17539,0.17177,0.16914,0.16585,0.16519,0.16585,0.16618,0.16585,-0.00189,0.00436,0.00008,0.00304,-0.00255,-54.91939,-496.00000
0.16881,0.17045,0.17210,0.17144,0.16749,0.16585,0.16059,0.16618,0.16519,0.16585,0.00008,-0.00025,0.00173,0.00140,-0.00419,-54.91939,-495.00000
0.16717,0.16749,0.16881,0.16651,0.17210,0.16453,0.16914,0.16749,0.16552,0.16289,0.00206,-0.00025,-0.00321,-0.00321,0.00008,-54.30051,-494.00000
0.17243,0.16815,0.17868,0.16815,0.17670,0.16388,0.16486,0.16749,0.16519,0.16947,0.00008,-0.00057,-0.00255,-0.00057,0.00403,-54.30051,-493.00000
0.17013,0.17440,0.17045,0.17210,0.17440,0.16914,0.16190,0.15960,0.17045,0.16848,0.00173,-0.00025,-0.00090,0.00041,-0.00288,-54.25231,-492.00000
0.17078,0.16717,0.16749,0.17078,0.17802,0.16388,0.16782,0.16815,0.16355,0.16388,-0.00255,-0.00090,0.00206,0.00041,0.00140,-54.25231,-491.00000
0.16782,0.17342,0.17407,0.17013,0.17013,0.17045,0.16322,0.16388,0.16914,0.16684,0.00206,0.00107,0.00041,-0.00025,-0.00156,-54.51141,-490.00000
0.16421,0.17440,0.17407,0.16914,0.17243,0.16519,0.16552,0.16519,0.16651,0.16519,0.00140,-0.00025,0.00239,0.00008,-0.00288,-54.51141,-489.00000
0.17243,0.17342,0.17177,0.16782,0.16914,0.16355,0.16322,0.16355,0.16947,0.16388,-0.00189,0.00041,0.00041,-0.00057,0.00107,-55.05844,-488.00000
0.17309,0.17243,0.17243,0.16980,0.17111,0.16322,0.16618,0.16388,0.16552,0.16815,-0.00057,0.00041,-0.00255,0.00008,-0.00123,-55.05844,-487.00000
0.17309,0.17210,0.17506,0.16815,0.17309,0.16585,0.16717,0.16782,0.16848,0.16585,-0.00189,-0.00288,0.00140,0.00304,0.00041,-55.55412,-486.00000
0.17276,0.17506,0.16980,0.17078,0.17473,0.16256,0.16618,0.16552,0.16618,0.16421,0.00239,0.00206,-0.00123,0.00074,0.00140,-55.55412,-485.00000
0.16881,0.17572,0.17111,0.17177,0.17111,0.16684,0.16651,0.16980,0.16552,0.16157,0.00041,0.00074,-0.00452,-0.00321,0.00041,-56.32442,-484.00000
0.17473,0.16782,0.17638,0.16848,0.17374,0.16125,0.16519,0.16782,0.16322,0.16453,0.00140,-0.00057,-0.00222,-0.00057,-0.00025,-56.32442,-483.00000
0.17177,0.17013,0.16980,0.17210,0.17144,0.16190,0.16815,0.16585,0.16815,0.16585,-0.00090,-0.00189,-0.00123,-0.00189,-0.00617,-55.51573,-482.00000
0.17144,0.17210,0.17177,0.17769,0.17342,0.16717,0.16421,0.16585,0.16059,0.16223,-0.00485,-0.00090,-0.00025,0.00041,0.00107,-55.51573,-481.00000
0.16322,0.17177,0.17374,0.17144,0.17374,0.16585,0.16585,0.16355,0.16552,0.16684,0.00074,-0.00288,-0.00090,0.00008,-0.00057,-56.29790,-480.00000
0.17045,0.17111,0.16749,0.17144,0.17638,0.16552,0.16453,0.16717,0.16815,0.16486,0.00173,0.00600,0.00206,-0.00156,0.00304,-56.29790,-479.00000
0.16782,0.16914,0.17539,0.17045,0.17210,0.17078,0.16848,0.16848,0.16421,0.16651,-0.00123,-0.00255,0.00140,0.00008,-0.00222,-56.05178,-478.00000
0.17407,0.17111,0.16980,0.17177,0.17309,0.16519,0.15927,0.16223,0.16684,0.16749,-0.00025,0.00469,0.00469,-0.00123,0.00206,-56.05178,-477.00000
0.17440,0.16848,0.16980,0.17177,0.16980,0.16585,0.16322,0.16782,0.15861,0.16552,0.00041,0.00008,-0.00025,-0.00222,0.00041,-55.81154,-476.00000
0.17210,0.16782,0.16947,0.17473,0.17440,0.16256,0.16782,0.16453,0.16552,0.16651,0.00206,-0.00419,-0.00255,0.00041,-0.00090,-55.81154,-475.00000
0.17144,0.17144,0.17045,0.16947,0.16881,0.16388,0.16552,0.16947,0.16815,0.16618,-0.00156,-0.00222,-0.00156,0.00436,0.00107,-54.81495,-474.00000
0.17407,0.17407,0.17243,0.17177,0.16651,0.16289,0.16618,0.16223,0.16585,0.16223,0.00173,-0.00189,0.00074,-0.00255,-0.00189,-54.81495,-473.00000
0.17309,0.17078,0.17506,0.17473,0.17276,0.16519,0.15894,0.15960,0.16289,0.16289,-0.00156,0.00502,-0.00025,-0.00255,-0.00057,-55.23706,-472.00000
0.17078,0.17078,0.17111,0.17539,0.17407,0.16749,0.16684,0.16618,0.16749,0.16223,-0.00288,0.00206,-0.00551,0.00041,-0.00057,-55.23706,-471.00000
0.17342,0.17309,0.16914,0.17243,0.16782,0.16486,0.16486,0.16881,0.16815,0.16421,-0.00452,-0.00090,-0.00189,0.00337,-0.00353,-54.74500,-470.00000
0.16585,0.17374,0.16947,0.17407,0.17177,0.17111,0.16486,0.17013,0.16453,0.16749,0.00173,-0.00057,0.00107,-0.00288,-0.00090,-54.74500,-469.00000
0.16717,0.16947,0.16914,0.17078,0.18032,0.16848,0.16322,0.16618,0.16618,0.16749,0.00008,0.00107,0.00239,-0.00025,-0.00321,-54.26459,-468.00000
0.17342,0.16947,0.17177,0.18032,0.17309,0.16651,0.16684,0.16717,0.16552,0.16322,0.00272,0.00074,-0.00156,0.00008,-0.00090,-54.26459,-467.00000
0.17901,0.17670,0.17473,0.17177,0.17605,0.16486,0.17177,0.16947,0.16289,0.16289,-0.00321,-0.00025,0.00107,-0.00057,-0.00485,-54.25143,-466.00000
0.16881,0.17638,0.17736,0.17342,0.17111,0.16519,0.16684,0.17013,0.16782,0.16717,-0.00057,0.00206,0.00041,0.00008,-0.00090,-54.25143,-465.00000
0.17374,0.17078,0.16848,0.17309,0.16881,0.16881,0.17045,0.16651,0.16782,0.16684,-0.00321,0.00370,-0.00255,-0.00353,-0.00255,-54.63792,-464.00000
0.17276,0.17605,0.17440,0.17078,0.16848,0.16585,0.16322,0.16618,0.16651,0.16947,-0.00189,-0.00123,0.00173,0.00370,-0.00288,-54.63792,-463.00000
0.17309,0.17243,0.17440,0.16947,0.17013,0.16782,0.16815,0.16486,0.16651,0.16848,-0.00156,0.00403,0.00140,-0.00123,-0.00025,-54.70666,-462.00000
0.16585,0.17342,0.17210,0.17210,0.17078,0.17013,0.16815,0.16355,0.16092,0.16947,-0.00189,0.00041,0.00699,0.00272,0.00272,-54.70666,-461.00000
0.17210,0.17736,0.17473,0.17243,0.17374,0.16585,0.16881,0.16815,0.17144,0.16421,-0.00090,0.00041,0.00337,-0.00123,0.00107,-55.05108,-460.00000
0.17177,0.17440,0.17506,0.17243,0.17539,0.16618,0.16815,0.16388,0.16651,0.16651,0.00041,-0.00123,-0.00321,-0.00255,0.00107,-55.05108,-459.00000
0.17309,0.17309,0.17342,0.17407,0.17177,0.16815,0.16684,0.16453,0.17045,0.16190,-0.00156,0.00370,-0.00189,-0.00189,0.00239,-56.07290,-458.00000
0.17769,0.17374,0.17144,0.17374,0.17276,0.16881,0.16421,0.16421,0.16651,0.16782,0.00337,-0.00057,-0.00485,-0.00123,-0.00025,-56.07290,-457.00000
0.17309,0.17736,0.16881,0.17572,0.17374,0.16388,0.16585,0.16618,0.16223,0.16519,-0.00156,0.00206,-0.00156,-0.00222,0.00272,-55.12874,-456.00000
0.17572,0.16749,0.17539,0.17243,0.17572,0.16256,0.17506,0.16815,0.16486,0.16782,-0.00353,-0.00419,-0.00189,0.00173,-0.00025,-55.12874,-455.00000
0.17045,0.17013,0.17243,0.17309,0.17177,0.16355,0.16421,0.16355,0.16322,0.16486,0.00107,0.00140,0.00140,0.00008,-0.00288,-53.73380,-454.00000
0.17736,0.18032,0.17144,0.16618,0.17407,0.16190,0.16388,0.16585,0.16684,0.16717,0.00239,-0.00156,0.00304,-0.00057,0.00337,-53.73380,-453.00000
0.17473,0.17045,0.17210,0.17407,0.17144,0.17111,0.16585,0.16453,0.16519,0.16322,-0.00025,-0.00090,0.00272,-0.00025,-0.00288,-51.10762,-452.00000
0.17736,0.16388,0.16980,0.17276,0.17440,0.16585,0.16421,0.16256,0.16980,0.16848,-0.00156,-0.00156,0.00074,-0.00123,-0.00123,-51.10762,-451.00000
0.17473,0.17111,0.16947,0.16914,0.17440,0.16519,0.16453,0.16552,0.16322,0.16421,-0.00025,0.00107,-0.00057,-0.00057,0.00074,-49.01573,-450.00000
0.17407,0.17013,0.17342,0.17078,0.16815,0.16519,0.15960,0.16355,0.16388,0.16684,-0.00189,-0.00057,-0.00321,-0.00321,0.00008,-49.01573,-449.00000
0.17572,0.17210,0.17374,0.17670,0.17177,0.16223,0.16421,0.16486,0.16815,0.16421,-0.00255,-0.00156,-0.00288,0.00074,-0.00386,-50.82866,-448.00000
0.17144,0.16881,0.17243,0.18065,0.16421,0.16749,0.16355,0.16256,0.16223,0.16453,-0.00090,-0.00090,0.00107,0.00041,0.00173,-50.82866,-447.00000
0.17835,0.17342,0.17670,0.16848,0.17243,0.16815,0.16421,0.16190,0.16190,0.16914,0.00206,0.00239,0.00008,-0.00682,-0.00156,-52.31863,-446.00000
0.17670,0.17045,0.17144,0.17407,0.17243,0.16486,0.16453,0.16782,0.16618,0.16717,0.00140,-0.00123,0.00041,-0.00025,0.00074,-52.31863,-445.00000
0.17769,0.17736,0.17736,0.16519,0.16914,0.16552,0.17078,0.16388,0.16388,0.16355,-0.00025,-0.00518,0.00304,0.00239,-0.00025,-53.68861,-444.00000
0.17111,0.17407,0.17440,0.17078,0.16980,0.16618,0.16552,0.16651,0.16618,0.16848,-0.00025,0.00206,-0.00189,0.00074,-0.00090,-53.68861,-443.00000
0.17111,0.17703,0.17243,0.17670,0.17276,0.16486,0.16388,0.16749,0.16552,0.16585,0.00206,0.00304,0.00140,-0.00321,0.00107,-53.97077,-442.00000
0.17572,0.17177,0.17670,0.17868,0.17111,0.16914,0.16684,0.16782,0.16881,0.16552,0.00173,-0.00189,-0.00321,0.00008,0.00041,-53.97077,-441.00000
0.17177,0.17539,0.17769,0.18131,0.17407,0.15960,0.16980,0.16980,0.17243,0.16848,0.00337,-0.00025,-0.00090,-0.00189,-0.00025,-54.23636,-440.00000
0.17703,0.17309,0.17736,0.17111,0.17539,0.16585,0.16421,0.16980,0.16388,0.16519,0.00107,-0.00123,0.00074,-0.00090,0.00304,-54.23636,-439.00000
0.17473,0.17276,0.17111,0.17309,0.17736,0.16355,0.16256,0.16486,0.16815,0.16585,0.00173,0.00403,-0.00353,-0.00255,0.00239,-54.28859,-438.00000
0.17078,0.16881,0.17736,0.17374,0.17473,0.16980,0.16717,0.16388,0.16552,0.16453,0.00304,-0.00090,0.00304,-0.00189,-0.00090,-54.28859,-437.00000
0.17210,0.17703,0.17670,0.17374,0.17342,0.16618,0.16585,0.16782,0.16322,0.16519,-0.00156,-0.00123,0.00008,-0.00255,-0.00156,-54.82496,-436.00000
0.17736,0.17144,0.17769,0.17901,0.16815,0.16618,0.16815,0.16453,0.17013,0.17078,0.00041,0.00107,-0.00156,-0.00156,-0.00189,-54.82496,-435.00000
0.17769,0.17506,0.17440,0.16947,0.17605,0.16782,0.16848,0.16717,0.17177,0.17045,0.00272,0.00041,-0.00123,0.00272,-0.00057,-54.37049,-434.00000
0.17769,0.17670,0.16684,0.18164,0.17638,0.16519,0.16552,0.16256,0.16782,0.16618,-0.00255,0.00041,0.00107,-0.00025,0.00173,-54.37049,-433.00000
0.18032,0.17473,0.17440,0.17374,0.18361,0.16947,0.16289,0.16651,0.16585,0.16519,0.00041,-0.00419,0.00041,-0.00222,-0.00025,-55.11249,-432.00000
0.17868,0.17572,0.16980,0.17572,0.16881,0.16585,0.16519,0.16717,0.16289,0.16782,-0.00386,0.00008,0.00140,0.00140,0.00041,-55.11249,-431.00000
0.17177,0.17243,0.17638,0.17342,0.17374,0.16421,0.16815,0.16453,0.16453,0.16717,-0.00025,-0.00321,-0.00189,-0.00090,0.00008,-55.90830,-430.00000
0.17506,0.17374,0.17013,0.17342,0.17802,0.16947,0.16256,0.16486,0.16618,0.17144,-0.00090,0.00008,0.00008,-0.00090,-0.00189,-55.90830,-429.00000
0.17342,0.17440,0.17506,0.17670,0.17572,0.16322,0.16322,0.16552,0.16355,0.16585,0.00239,-0.00090,0.00140,0.00107,-0.00321,-55.97661,-428.00000
0.17243,0.17901,0.16980,0.17670,0.16717,0.17013,0.16815,0.16717,0.16980,0.16717,-0.00222,-0.00156,0.00239,-0.00156,-0.00090,-55.97661,-427.00000
0.17342,0.17407,0.16914,0.17342,0.17407,0.16585,0.16092,0.16519,0.16651,0.16355,-0.00090,-0.00255,0.00140,0.00304,-0.00419,-55.31741,-426.00000
0.17374,0.17670,0.17473,0.17210,0.17276,0.16355,0.16322,0.16749,0.16519,0.16848,0.00008,0.00074,-0.00123,-0.00386,0.00008,-55.31741,-425.00000
0.17309,0.17736,0.17210,0.17407,0.17473,0.16190,0.16355,0.16782,0.16717,0.16980,-0.00255,0.00140,0.00173,0.00074,-0.00057,-55.49562,-424.00000
0.17342,0.17078,0.17999,0.17473,0.18098,0.16486,0.16421,0.16453,0.16223,0.16552,0.00008,0.00206,-0.00123,-0.00419,0.00206,-55.49562,-423.00000
0.16815,0.17506,0.17539,0.17276,0.17638,0.16881,0.16684,0.16848,0.16552,0.16651,0.00239,0.00008,-0.00255,0.00535,-0.00090,-55.38453,-422.00000
0.17868,0.17276,0.17736,0.16980,0.18131,0.16651,0.16453,0.16026,0.16914,0.16651,-0.00419,-0.00123,0.00107,-0.00321,0.00074,-55.38453,-421.00000
0.17309,0.17605,0.17802,0.17243,0.17144,0.16486,0.16223,0.16585,0.16914,0.16322,-0.00189,-0.00156,0.00173,0.00107,-0.00255,-54.88221,-420.00000
0.17736,0.17703,0.16947,0.17407,0.17374,0.16552,0.16519,0.16519,0.16190,0.16749,-0.00189,0.00173,-0.00156,0.00008,-0.00057,-54.88221,-419.00000
0.17177,0.17999,0.17144,0.17506,0.17078,0.16782,0.16552,0.17013,0.16486,0.16289,-0.00222,-0.00025,0.00140,-0.00057,0.00239,-55.71991,-418.00000
0.17506,0.17572,0.16947,0.17276,0.17736,0.16914,0.16651,0.16947,0.16651,0.16223,-0.00222,-0.00025,0.00008,-0.00123,0.00140,-55.71991,-417.00000
0.17177,0.17868,0.17374,0.17276,0.17506,0.16223,0.16486,0.16453,0.16815,0.16125,-0.00189,-0.00123,-0.00288,-0.00189,-0.00156,-55.01083,-416.00000
0.17572,0.17769,0.17506,0.17572,0.17736,0.16289,0.16749,0.16519,0.16749,0.16486,-0.00584,0.00140,-0.00025,-0.00288,0.00173,-55.01083,-415.00000
0.17539,0.16914,0.17243,0.17638,0.17605,0.16585,0.16947,0.16815,0.16453,0.16421,-0.00090,-0.00156,0.00206,-0.00090,-0.00386,-54.39751,-414.00000
0.17835,0.17572,0.17966,0.17999,0.17670,0.16947,0.16355,0.16651,0.16059,0.16782,0.00272,-0.00288,0.00041,-0.00123,-0.00255,-54.39751,-413.00000
0.18032,0.17243,0.17111,0.17440,0.17769,0.17013,0.16190,0.16782,0.16782,0.16388,-0.00189,0.00107,0.00403,0.00008,0.00568,-54.56692,-412.00000
0.17407,0.17111,0.17210,0.17309,0.17473,0.16322,0.17045,0.16782,0.16749,0.16749,-0.00123,-0.00353,0.00272,-0.00090,0.00140,-54.56692,-411.00000
0.17901,0.17013,0.17407,0.17440,0.17177,0.16848,0.16749,0.16289,0.16947,0.16881,0.00206,-0.00156,0.00206,-0.00452,-0.00321,-54.27076,-410.00000
0.17078,0.16980,0.17736,0.17342,0.16782,0.16618,0.16092,0.16453,0.16388,0.17111,-0.00321,0.00140,0.00041,-0.00123,-0.00123,-54.27076,-409.00000
0.17144,0.17276,0.17243,0.17802,0.17506,0.16453,0.16355,0.16388,0.16322,0.16815,-0.00452,-0.00321,-0.00419,0.00074,-0.00222,-53.79066,-408.00000
0.18098,0.17835,0.16947,0.18230,0.16914,0.16717,0.16717,0.16749,0.16585,0.16717,-0.00255,-0.00057,0.00107,0.00008,-0.00123,-53.79066,-407.00000
0.17342,0.17309,0.16980,0.17243,0.17966,0.16355,0.16486,0.16256,0.17210,0.16618,-0.00189,-0.00189,-0.00156,-0.00255,-0.00255,-53.84845,-406.00000
0.17374,0.17736,0.17506,0.17769,0.17802,0.16289,0.17013,0.16848,0.16486,0.16453,-0.00025,-0.00189,-0.00057,0.00008,-0.00288,-53.84845,-405.00000
0.17868,0.17539,0.17769,0.17670,0.17736,0.16256,0.16749,0.16552,0.16453,0.16684,-0.00123,-0.00321,-0.00025,0.00173,-0.00353,-54.92471,-404.00000
0.17638,0.17999,0.17638,0.17111,0.17999,0.16388,0.16815,0.15993,0.16388,0.17045,-0.00353,0.00074,-0.00156,0.00272,-0.00123,-54.92471,-403.00000
0.17539,0.17309,0.17572,0.17342,0.17506,0.16618,0.16552,0.17013,0.16947,0.16486,-0.00025,0.00173,-0.00189,-0.00090,-0.00255,-54.47652,-402.00000
0.17342,0.17407,0.17177,0.17177,0.17605,0.16815,0.16618,0.16552,0.16684,0.16651,-0.00025,-0.00025,0.00074,-0.00156,0.00140,-54.47652,-401.00000
0.17045,0.17736,0.17440,0.17572,0.17934,0.16585,0.16552,0.16552,0.16421,0.16749,-0.00321,0.00337,-0.00025,-0.00518,0.00140,-55.72947,-400.00000
0.17440,0.17473,0.16980,0.17802,0.17572,0.16125,0.16717,0.16651,0.16552,0.16519,0.00074,-0.00057,-0.00189,-0.00025,-0.00090,-55.72947,-399.00000
0.18032,0.17111,0.17868,0.17374,0.17342,0.16618,0.16684,0.16190,0.17045,0.16717,-0.00123,-0.00090,0.00140,-0.00353,-0.00222,-56.17528,-398.00000
0.17868,0.17835,0.17835,0.17342,0.17638,0.16749,0.16881,0.17210,0.16881,0.16585,-0.00288,0.00041,-0.00222,0.00239,-0.00255,-56.17528,-397.00000
0.17605,0.17144,0.17670,0.17440,0.16914,0.16355,0.17013,0.16749,0.16585,0.16815,-0.00189,0.00041,-0.00255,0.00140,-0.00123,-56.28344,-396.00000
0.17572,0.17309,0.17473,0.17638,0.17703,0.16717,0.16914,0.16848,0.16486,0.16881,-0.00222,-0.00123,-0.00222,0.00272,-0.00584,-56.28344,-395.00000
0.17736,0.17835,0.16749,0.17769,0.17407,0.16388,0.16552,0.16388,0.16453,0.16815,0.00008,-0.00386,-0.00189,-0.00255,-0.00222,-56.13244,-394.00000
0.17572,0.17736,0.17539,0.18164,0.17111,0.16519,0.16848,0.16684,0.16421,0.16552,0.00074,-0.00584,-0.00025,-0.00288,0.00074,-56.13244,-393.00000
0.17506,0.17374,0.17572,0.17539,0.17144,0.16717,0.16848,0.16618,0.16717,0.16453,0.00074,0.00140,0.00239,-0.00057,0.00074,-56.51837,-392.00000
0.18131,0.16848,0.17736,0.17802,0.17210,0.16552,0.16552,0.16651,0.17111,0.16914,0.00304,0.00041,0.00239,-0.00386,-0.00617,-56.51837,-391.00000
0.17506,0.17243,0.17802,0.17013,0.18065,0.16256,0.17045,0.16782,0.16486,0.16453,0.00041,0.00304,-0.00551,-0.00189,-0.00025,-56.26456,-390.00000
0.17835,0.17407,0.17309,0.17440,0.17473,0.16881,0.16848,0.16651,0.16355,0.16684,-0.00156,-0.00090,0.00272,0.00074,-0.00090,-56.26456,-389.00000
0.17703,0.17934,0.17638,0.17144,0.17144,0.16651,0.16618,0.16947,0.16585,0.16881,-0.00485,0.00074,0.00074,0.00107,-0.00090,-55.41255,-388.00000
0.17736,0.17638,0.17769,0.17572,0.17309,0.17374,0.16717,0.16289,0.16684,0.16651,-0.00057,-0.00189,0.00041,0.00107,0.00107,-55.41255,-387.00000
0.18131,0.17638,0.17638,0.17440,0.17309,0.16388,0.17013,0.16914,0.17045,0.16848,0.00337,0.00173,0.00074,-0.00123,0.00008,-55.26731,-386.00000
0.17539,0.17276,0.17342,0.17736,0.17276,0.16749,0.16848,0.16486,0.17078,0.16388,0.00008,-0.00090,0.00239,-0.00156,-0.00189,-55.26731,-385.00000
0.17473,0.17374,0.17572,0.17670,0.17670,0.16552,0.16388,0.16519,0.16453,0.16651,0.00008,0.00008,-0.00189,0.00107,0.00304,-54.68200,-384.00000
0.17078,0.17506,0.16980,0.17243,0.17769,0.16749,0.16881,0.16486,0.16256,0.16388,-0.00090,-0.00353,-0.00123,-0.00189,0.00074,-54.68200,-383.00000
0.17473,0.17670,0.16947,0.17572,0.17605,0.16157,0.16749,0.16519,0.16651,0.16684,-0.00321,0.00304,0.00107,-0.00123,-0.00321,-54.55047,-382.00000
0.17045,0.17243,0.17440,0.17506,0.17539,0.16782,0.16684,0.16618,0.17111,0.16651,-0.00222,0.00337,0.00041,0.00140,-0.00057,-54.55047,-381.00000
0.17638,0.17703,0.17342,0.17111,0.17572,0.16552,0.16749,0.16256,0.16486,0.16782,-0.00156,0.00140,0.00041,-0.00255,0.00173,-54.40658,-380.00000
0.17638,0.17966,0.17506,0.17539,0.17736,0.16585,0.16980,0.16256,0.16059,0.16585,-0.00025,0.00239,-0.00025,0.00140,-0.00123,-54.40658,-379.00000
0.18262,0.16980,0.17309,0.17934,0.17506,0.16782,0.16914,0.16782,0.16552,0.16914,-0.00452,-0.00057,-0.00025,-0.00288,-0.00255,-54.18327,-378.00000
0.17835,0.17111,0.17111,0.17276,0.18098,0.16486,0.17144,0.16815,0.16223,0.16618,0.00008,0.00074,-0.00255,0.00074,0.00008,-54.18327,-377.00000
0.17605,0.17605,0.17342,0.17736,0.17473,0.16519,0.16947,0.16651,0.16486,0.16815,0.00107,0.00107,-0.00321,0.00140,-0.00025,-54.39632,-376.00000
0.17309,0.17539,0.17638,0.17276,0.18131,0.16717,0.16519,0.16552,0.16453,0.16651,0.00107,0.00140,-0.00156,-0.00057,0.00008,-54.39632,-375.00000
0.17407,0.17473,0.17440,0.18427,0.17966,0.16289,0.17045,0.17013,0.16388,0.17013,-0.00353,-0.00057,0.00107,-0.00189,-0.00353,-54.68351,-374.00000
0.17934,0.17605,0.17605,0.18032,0.17638,0.16585,0.16453,0.16486,0.16585,0.16684,-0.00189,0.00074,-0.00090,-0.00025,0.00206,-54.68351,-373.00000
0.17769,0.17309,0.17440,0.17506,0.16717,0.16585,0.16486,0.16717,0.16256,0.16486,-0.00025,-0.00090,-0.00353,0.00173,0.00206,-55.12008,-372.00000
0.17276,0.17670,0.17045,0.17440,0.17144,0.16651,0.16618,0.17013,0.16388,0.16552,0.00239,0.00041,0.00107,0.00074,-0.00057,-55.12008,-371.00000
0.17078,0.17638,0.17572,0.17407,0.17572,0.16519,0.16881,0.16289,0.16486,0.16585,0.00041,0.00041,0.00239,-0.00156,-0.00025,-55.22117,-370.00000
0.18164,0.17276,0.17638,0.17440,0.17243,0.16585,0.16421,0.16947,0.16453,0.16322,-0.00189,0.00041,-0.00189,0.00074,0.00206,-55.22117,-369.00000
0.17769,0.17013,0.17868,0.17473,0.16914,0.16848,0.16749,0.16388,0.16453,0.16848,0.00074,-0.00156,-0.00321,-0.00156,-0.00255,-55.05199,-368.00000
0.16980,0.17999,0.17802,0.17901,0.17144,0.16289,0.16684,0.16651,0.16585,0.16421,0.00008,0.00074,-0.00057,-0.00090,-0.00090,-55.05199,-367.00000
0.17177,0.17769,0.17243,0.17506,0.17539,0.16618,0.16618,0.16190,0.16388,0.16717,-0.00255,0.00041,-0.00255,0.00140,0.00008,-54.87951,-366.00000
0.17539,0.16947,0.17901,0.17342,0.17934,0.16519,0.16421,0.17243,0.16848,0.16388,0.00140,-0.00255,0.00041,-0.00321,-0.00222,-54.87951,-365.00000
0.17243,0.17966,0.17572,0.17374,0.17276,0.16618,0.16223,0.16453,0.16092,0.17078,0.00272,-0.00222,0.00304,0.00008,0.00140,-54.54425,-364.00000
0.17210,0.17670,0.17901,0.17769,0.17539,0.16980,0.16519,0.16355,0.16453,0.16618,0.00107,-0.00649,-0.00025,0.00107,0.00140,-54.54425,-363.00000
0.17407,0.17638,0.17670,0.17210,0.17670,0.16618,0.16157,0.16815,0.16651,0.16190,-0.00090,-0.00123,-0.00057,-0.00025,-0.00518,-51.32974,-362.00000
0.18032,0.17638,0.17276,0.17638,0.16914,0.16815,0.16421,0.16486,0.16388,0.16881,-0.00288,-0.00057,0.00008,-0.00090,-0.00321,-51.32974,-361.00000
0.17342,0.17243,0.17539,0.17802,0.17769,0.16388,0.16717,0.16289,0.16585,0.16190,-0.00025,-0.00090,-0.00090,0.00239,-0.00255,-50.86507,-360.00000
0.17736,0.17144,0.16585,0.17835,0.17276,0.16421,0.16585,0.16914,0.16453,0.16289,0.00239,-0.00321,-0.00288,-0.00123,-0.00452,-50.86507,-359.00000
0.17276,0.16980,0.17243,0.17276,0.17276,0.16256,0.16059,0.16881,0.16684,0.16585,0.00239,-0.00222,0.00239,-0.00123,-0.00123,-52.37589,-358.00000
0.17638,0.17670,0.16947,0.17999,0.17769,0.16651,0.16980,0.16684,0.16256,0.16256,-0.00090,0.00173,0.00403,-0.00090,0.00008,-52.37589,-357.00000
0.17473,0.17736,0.17539,0.17506,0.17605,0.16651,0.16388,0.16848,0.16355,0.16453,0.00206,0.00074,-0.00452,0.00173,0.00140,-53.96138,-356.00000
0.17605,0.17901,0.17539,0.18065,0.17703,0.16355,0.16618,0.16223,0.16749,0.16453,-0.00353,0.00173,0.00041,0.00272,-0.00123,-53.96138,-355.00000
0.17572,0.17144,0.17407,0.17506,0.17078,0.16914,0.16453,0.16322,0.16157,0.16618,0.00074,0.00239,-0.00156,-0.00321,-0.00222,-54.42210,-354.00000
0.17276,0.17407,0.17440,0.17407,0.17868,0.16782,0.16651,0.16125,0.16552,0.16289,0.00337,-0.00090,0.00337,-0.00123,-0.00222,-54.42210,-353.00000
0.17078,0.17506,0.17670,0.17440,0.17440,0.16256,0.16519,0.16388,0.16421,0.16223,-0.00090,0.00041,0.00107,0.00008,-0.00255,-54.13976,-352.00000
0.17309,0.17210,0.17473,0.17605,0.17045,0.16125,0.16749,0.16782,0.16421,0.16618,-0.00156,-0.00255,0.00272,0.00008,0.00272,-54.13976,-351.00000
0.17670,0.16486,0.18131,0.17670,0.17276,0.16223,0.16519,0.16157,0.16552,0.16388,-0.00189,0.00107,-0.00057,-0.00255,-0.00057,-54.87261,-350.00000
0.17572,0.17703,0.17276,0.17276,0.17506,0.16322,0.16552,0.16717,0.16059,0.16453,-0.00485,0.00041,-0.00255,-0.00321,-0.00025,-54.87261,-349.00000
0.17177,0.17473,0.17309,0.17078,0.17703,0.16421,0.16519,0.16355,0.16486,0.16618,-0.00255,-0.00090,0.00074,0.00304,-0.00025,-54.63357,-348.00000
0.16190,0.17539,0.17407,0.17276,0.17276,0.16388,0.16585,0.16717,0.16815,0.16782,-0.00222,-0.00123,-0.00123,-0.00255,-0.00156,-54.63357,-347.00000
0.17177,0.17473,0.17342,0.17638,0.17243,0.16782,0.16322,0.16355,0.16618,0.16848,0.00041,-0.00057,-0.00156,-0.00025,-0.00156,-54.88026,-346.00000
0.16980,0.17539,0.17539,0.17506,0.17506,0.16486,0.16914,0.16322,0.16190,0.16717,-0.00255,0.00041,-0.00025,-0.00353,-0.00222,-54.88026,-345.00000
0.17473,0.16881,0.17210,0.17736,0.17309,0.16355,0.16684,0.17013,0.16651,0.16256,0.00107,-0.00156,-0.00452,-0.00288,-0.00288,-55.19160,-344.00000
0.17736,0.17243,0.17374,0.17835,0.17934,0.16421,0.16749,0.16782,0.16815,0.16256,0.00074,0.00304,-0.00123,0.00173,0.00041,-55.19160,-343.00000
0.16881,0.17243,0.17440,0.17210,0.17177,0.16421,0.16355,0.16157,0.16947,0.16651,-0.00156,0.00041,0.00206,-0.00025,-0.00025,-54.71006,-342.00000
0.17144,0.17605,0.17013,0.17670,0.17572,0.16125,0.16618,0.17045,0.16618,0.16881,0.00107,0.00173,0.00074,0.00074,0.00304,-54.71006,-341.00000
0.17868,0.16421,0.17572,0.18098,0.17539,0.16026,0.16059,0.16519,0.16322,0.16486,0.00173,0.00304,-0.00452,0.00008,-0.00222,-54.25444,-340.00000
0.17703,0.17342,0.17440,0.17473,0.17835,0.16256,0.16289,0.16519,0.16190,0.16684,-0.00156,0.00436,0.00107,0.00107,-0.00090,-54.25444,-339.00000
0.17309,0.17473,0.17638,0.17309,0.16782,0.16618,0.16157,0.16355,0.16519,0.16717,-0.00156,-0.00189,-0.00222,0.00173,0.00206,-53.97292,-338.00000
0.17703,0.17177,0.17703,0.17539,0.17045,0.16519,0.16684,0.16651,0.16355,0.16453,-0.00057,-0.00353,-0.00189,0.00041,-0.00255,-53.97292,-337.00000
0.17999,0.17605,0.17309,0.17736,0.17572,0.16552,0.16519,0.16322,0.16980,0.16289,-0.00189,-0.00222,0.00107,-0.00189,-0.00386,-54.20082,-336.00000
0.17276,0.17539,0.17835,0.17177,0.17572,0.16388,0.16749,0.16552,0.16421,0.16717,-0.00025,-0.00090,0.00107,0.00008,0.00074,-54.20082,-335.00000
0.17045,0.17309,0.17045,0.17736,0.17539,0.16552,0.16749,0.16322,0.15697,0.16355,-0.00156,-0.00123,-0.00025,0.00008,-0.00123,-54.98371,-334.00000
0.17440,0.17177,0.17769,0.17276,0.17769,0.16223,0.16749,0.16881,0.16585,0.16486,0.00107,0.00074,-0.00025,-0.00222,0.00370,-54.98371,-333.00000
0.17144,0.16947,0.17703,0.17276,0.17440,0.17013,0.16092,0.16618,0.16684,0.16322,-0.00057,0.00173,-0.00452,0.00008,-0.00255,-54.58658,-332.00000
0.17407,0.17309,0.17835,0.17078,0.17605,0.16355,0.16157,0.16388,0.16092,0.16782,0.00008,-0.00452,0.00008,-0.00189,0.00074,-54.58658,-331.00000
0.17342,0.17309,0.17769,0.17703,0.17342,0.16552,0.16256,0.16026,0.16223,0.16519,-0.00321,0.00041,-0.00090,-0.00025,-0.00090,-55.51595,-330.00000
0.17276,0.17374,0.17506,0.16914,0.17013,0.16223,0.16388,0.16421,0.16651,0.16552,-0.00090,-0.00419,0.00272,0.00107,-0.00189,-55.51595,-329.00000
0.17309,0.17309,0.17506,0.17868,0.17407,0.16782,0.16453,0.16552,0.16256,0.16749,0.00041,-0.00057,0.00239,-0.00123,-0.00353,-55.66081,-328.00000
0.17670,0.18032,0.17374,0.17374,0.17276,0.16322,0.16322,0.16355,0.16519,0.16453,-0.00222,0.00008,-0.00288,-0.00123,0.00403,-55.66081,-327.00000
0.17572,0.17045,0.17539,0.17177,0.17868,0.16749,0.16749,0.16552,0.16453,0.16322,-0.00057,0.00041,0.00041,-0.00090,0.00074,-55.37923,-326.00000
0.17407,0.17605,0.17769,0.17210,0.17374,0.16980,0.16519,0.16618,0.16782,0.16651,0.00173,0.00304,0.00041,-0.00321,0.00074,-55.37923,-325.00000
0.17999,0.17309,0.17144,0.16848,0.17473,0.16355,0.16914,0.16717,0.16749,0.16289,-0.00090,0.00041,0.00107,0.00107,-0.00057,-54.83317,-324.00000
0.17539,0.17210,0.18098,0.17572,0.17243,0.16289,0.17177,0.16355,0.16486,0.16980,0.00041,-0.00057,0.00074,0.00074,-0.00255,-54.83317,-323.00000
0.17703,0.17243,0.17605,0.17177,0.17539,0.16749,0.16749,0.16157,0.16717,0.16453,0.00239,0.00008,-0.00386,-0.00189,0.00008,-54.86532,-322.00000
0.17769,0.17276,0.16848,0.17111,0.17473,0.16059,0.16453,0.16519,0.16585,0.16026,-0.00189,0.00140,0.00304,0.00041,0.00304,-54.86532,-321.00000
0.17013,0.17342,0.17966,0.17802,0.17506,0.17013,0.16552,0.16453,0.16914,0.16486,0.00107,-0.00321,-0.00222,0.00074,-0.00321,-54.63725,-320.00000
0.17868,0.17769,0.17736,0.16684,0.17835,0.16585,0.16355,0.16651,0.16782,0.16256,-0.00025,0.00107,0.00107,0.00107,-0.00617,-54.63725,-319.00000
0.17802,0.17276,0.17736,0.18032,0.17736,0.15993,0.15927,0.16684,0.16289,0.16421,-0.00189,-0.00156,0.00074,-0.00386,-0.00255,-55.31911,-318.00000
0.17736,0.17440,0.17473,0.17703,0.17374,0.16552,0.16519,0.16157,0.16486,0.16651,0.00436,-0.00025,-0.00090,0.00107,-0.00189,-55.31911,-317.00000
0.17078,0.17210,0.17177,0.17309,0.16980,0.16256,0.16815,0.16486,0.16388,0.16421,-0.00057,0.00008,-0.00090,0.00206,-0.00189,-55.12782,-316.00000
0.17243,0.17901,0.17407,0.17736,0.17539,0.16190,0.16453,0.16355,0.16782,0.16684,-0.00090,-0.00123,0.00008,0.00206,0.00008,-55.12782,-315.00000
0.17276,0.17309,0.17506,0.17473,0.17210,0.16651,0.15894,0.16552,0.16453,0.16585,0.00140,0.00107,0.00140,-0.00189,0.00107,-54.70746,-314.00000
0.16749,0.17309,0.17670,0.17440,0.16815,0.16848,0.16749,0.16421,0.16190,0.16980,0.00008,-0.00189,-0.00419,-0.00025,0.00041,-54.70746,-313.00000
0.17506,0.17078,0.16782,0.17736,0.17966,0.16486,0.16223,0.16651,0.16486,0.16355,-0.00057,-0.00353,-0.00057,-0.00057,0.00206,-55.44211,-312.00000
0.17309,0.18131,0.17835,0.17703,0.17309,0.16782,0.16355,0.16059,0.16486,0.16322,-0.00123,0.00041,0.00074,-0.00057,0.00008,-55.44211,-311.00000
0.17802,0.16815,0.17539,0.17670,0.17309,0.16322,0.16684,0.16651,0.16782,0.16322,-0.00222,-0.00123,-0.00452,0.00074,-0.00584,-55.88024,-310.00000
0.17045,0.17638,0.16618,0.16980,0.17736,0.16256,0.16651,0.16092,0.16322,0.16256,0.00206,-0.00156,-0.00222,0.00140,-0.00025,-55.88024,-309.00000
0.17473,0.17868,0.17901,0.17177,0.17670,0.16355,0.16749,0.15861,0.16684,0.16552,0.00074,0.00074,-0.00222,0.00041,0.00041,-55.64031,-308.00000
0.16815,0.17934,0.17013,0.17802,0.17670,0.16486,0.16717,0.16322,0.16585,0.16848,0.00469,-0.00222,-0.00123,0.00140,-0.00057,-55.64031,-307.00000
0.17572,0.17177,0.17374,0.17572,0.17407,0.16519,0.16355,0.16125,0.16157,0.16815,-0.00386,-0.00123,0.00008,-0.00353,0.00074,-55.43246,-306.00000
0.17276,0.18164,0.17638,0.17572,0.17670,0.16421,0.16914,0.16486,0.16486,0.16486,0.00173,0.00107,0.00041,-0.00123,-0.00025,-55.43246,-305.00000
0.17342,0.17703,0.16914,0.17243,0.17045,0.16388,0.16256,0.16486,0.16289,0.16552,0.00206,-0.00057,0.00008,-0.00452,-0.00025,-55.96818,-304.00000
0.17802,0.17572,0.17670,0.17506,0.17703,0.16486,0.16519,0.16388,0.16157,0.16388,0.00008,0.00008,0.00173,0.00041,0.00206,-55.96818,-303.00000
0.17966,0.17243,0.17572,0.17045,0.17572,0.16914,0.16421,0.16223,0.16388,0.16815,-0.00123,-0.00090,-0.00156,-0.00057,-0.00025,-55.95040,-302.00000
0.17407,0.17539,0.17736,0.16947,0.17440,0.16157,0.16980,0.16125,0.16157,0.16618,-0.00255,0.00272,-0.00123,-0.00288,0.00008,-55.95040,-301.00000
0.17835,0.17473,0.17539,0.16980,0.17670,0.16749,0.16684,0.16223,0.16157,0.16486,0.00206,0.00436,-0.00452,0.00008,-0.00222,-55.80235,-300.00000
0.17868,0.17769,0.16914,0.17901,0.17111,0.16453,0.16848,0.16585,0.16552,0.16453,-0.00090,0.00304,-0.00090,0.00337,0.00206,-55.80235,-299.00000
0.17342,0.16881,0.17572,0.17703,0.17572,0.16519,0.16651,0.17111,0.16552,0.16651,0.00041,-0.00288,-0.00189,-0.00485,-0.00189,-55.42071,-298.00000
0.17539,0.17407,0.17144,0.17605,0.17144,0.16256,0.16453,0.16125,0.16388,0.16157,0.00008,-0.00057,0.00272,0.00107,0.00304,-55.42071,-297.00000
0.17309,0.17243,0.17309,0.17111,0.17703,0.16388,0.16355,0.16322,0.16519,0.16585,0.00206,-0.00123,0.00107,0.00173,-0.00189,-55.83291,-296.00000
0.17638,0.17407,0.17605,0.17703,0.17111,0.16289,0.16717,0.16585,0.16717,0.16486,-0.00485,0.00041,-0.00485,-0.00156,-0.00551,-55.83291,-295.00000
0.17868,0.17440,0.17670,0.17638,0.17309,0.16157,0.16651,0.16355,0.17177,0.16322,0.00107,-0.00189,0.00008,-0.00189,-0.00090,-55.68745,-294.00000
0.17111,0.17144,0.17473,0.17374,0.17670,0.16453,0.16848,0.16388,0.16618,0.16749,-0.00288,0.00337,-0.00321,-0.00057,-0.00189,-55.68745,-293.00000
0.17177,0.17177,0.17374,0.17013,0.17243,0.16486,0.16453,0.16453,0.16190,0.16125,-0.00156,-0.00288,0.00140,0.00074,-0.00189,-55.36082,-292.00000
0.17342,0.17473,0.16618,0.17440,0.18394,0.16585,0.16552,0.16618,0.16552,0.16519,-0.00189,-0.00222,-0.00222,-0.00090,-0.00057,-55.36082,-291.00000
0.17802,0.17342,0.17736,0.17407,0.17078,0.16256,0.16585,0.16355,0.16651,0.16322,0.00074,-0.00025,-0.00090,0.00173,0.00041,-55.29760,-290.00000
0.17276,0.16881,0.17440,0.17407,0.17473,0.16618,0.16421,0.16519,0.16486,0.16749,-0.00025,-0.00222,-0.00222,-0.00123,-0.00025,-55.29760,-289.00000
0.17374,0.17210,0.18032,0.17144,0.17243,0.16717,0.16421,0.16256,0.16453,0.16651,-0.00189,0.00107,-0.00025,0.00074,-0.00025,-54.20886,-288.00000
0.17934,0.17276,0.17013,0.17670,0.17243,0.16322,0.16980,0.16223,0.16486,0.16684,-0.00057,-0.00090,0.00041,-0.00057,0.00008,-54.20886,-287.00000
0.17078,0.17572,0.17177,0.17144,0.17144,0.16519,0.16618,0.16519,0.16355,0.16421,0.00304,0.00107,-0.00057,0.00206,-0.00025,-54.25531,-286.00000
0.17276,0.17177,0.17670,0.17144,0.17210,0.16749,0.16618,0.15993,0.16453,0.16651,0.00107,0.00370,-0.00288,0.00337,0.00206,-54.25531,-285.00000
0.17473,0.16782,0.16552,0.17966,0.17342,0.16388,0.16749,0.16322,0.16355,0.16190,-0.00222,0.00239,-0.00156,-0.00222,0.00107,-54.40793,-284.00000
0.17210,0.17342,0.17177,0.17013,0.17638,0.16486,0.16618,0.16322,0.16388,0.16486,-0.00025,0.00041,-0.00386,0.00272,-0.00057,-54.40793,-283.00000
0.17342,0.17013,0.17374,0.17440,0.17539,0.16421,0.16388,0.16256,0.16421,0.16355,0.00074,0.00008,0.00304,0.00041,-0.00288,-54.23521,-282.00000
0.17440,0.17309,0.17078,0.17407,0.17703,0.16651,0.16585,0.16914,0.16421,0.16552,-0.00189,0.00008,0.00304,-0.00189,0.00074,-54.23521,-281.00000
0.17243,0.17703,0.17210,0.17144,0.17210,0.16453,0.16914,0.16782,0.16486,0.16453,-0.00025,-0.00156,0.00107,-0.00123,0.00370,-55.15227,-280.00000
0.17572,0.17407,0.17309,0.17868,0.17374,0.15993,0.16421,0.16585,0.16322,0.16388,-0.00156,0.00107,0.00469,-0.00025,-0.00057,-55.15227,-279.00000
0.17835,0.17276,0.17045,0.17407,0.17342,0.16421,0.16486,0.16585,0.16190,0.16289,-0.00189,-0.00222,0.00173,-0.00288,-0.00025,-55.01999,-278.00000
0.17342,0.17078,0.17013,0.18460,0.17276,0.16486,0.16519,0.16355,0.16782,0.16157,0.00107,0.00041,0.00272,-0.00189,-0.00189,-55.01999,-277.00000
0.17045,0.17078,0.17868,0.17736,0.17638,0.16486,0.16618,0.16552,0.16322,0.16585,-0.00090,-0.00288,0.00272,-0.00189,-0.00156,-54.72923,-276.00000
0.17210,0.17374,0.17013,0.17210,0.17901,0.16552,0.15960,0.16717,0.16453,0.16289,-0.00288,0.00041,-0.00057,0.00173,0.00107,-54.72923,-275.00000
0.17342,0.17440,0.17802,0.17342,0.17243,0.16289,0.16717,0.15927,0.16453,0.16947,-0.00025,0.00173,-0.00123,0.00107,0.00074,-54.99157,-274.00000
0.17670,0.17736,0.17736,0.17210,0.17638,0.16256,0.16585,0.16092,0.16322,0.16519,-0.00353,-0.00057,-0.00090,-0.00057,-0.00123,-54.99157,-273.00000
0.17539,0.17440,0.17243,0.18032,0.16749,0.16519,0.16552,0.16190,0.16157,0.16355,0.00041,0.00008,-0.00057,0.00272,0.00107,-55.15203,-272.00000
0.16947,0.17045,0.17868,0.17440,0.17473,0.16947,0.16486,0.16157,0.16421,0.15927,-0.00353,0.00173,0.00041,-0.00386,0.00272,-55.15203,-271.00000
0.17210,0.17078,0.17901,0.18197,0.17078,0.16355,0.16881,0.16749,0.15927,0.16782,-0.00090,-0.00025,0.00074,-0.00090,-0.00222,-54.79526,-270.00000
0.17769,0.17407,0.17374,0.17703,0.16717,0.16914,0.16322,0.16388,0.16256,0.16519,-0.00156,-0.00123,-0.00222,0.00140,-0.00123,-54.79526,-269.00000
0.17539,0.17572,0.16848,0.17703,0.16815,0.16815,0.16717,0.16519,0.16388,0.16749,0.00173,-0.00222,0.00206,-0.00288,-0.00057,-54.59733,-268.00000
0.17670,0.18065,0.17506,0.17177,0.17605,0.16289,0.16223,0.16651,0.16190,0.16421,-0.00518,0.00140,0.00370,-0.00090,-0.00123,-54.59733,-267.00000
0.17703,0.17210,0.16980,0.17374,0.17638,0.17177,0.16618,0.15993,0.16519,0.16519,0.00370,-0.00288,0.00272,0.00337,0.00206,-54.43246,-266.00000
0.17144,0.17835,0.17473,0.17111,0.17506,0.15993,0.16519,0.16749,0.16388,0.15730,0.00403,-0.00386,-0.00057,0.00272,0.00239,-54.43246,-265.00000
0.17440,0.17243,0.17309,0.17638,0.17407,0.16651,0.16651,0.16947,0.16322,0.16749,0.00239,-0.00288,0.00107,-0.00090,0.00304,-55.36564,-264.00000
0.17802,0.17342,0.17309,0.17572,0.17572,0.16585,0.16289,0.16421,0.16552,0.16289,0.00008,0.00008,-0.00485,-0.00090,-0.00485,-55.36564,-263.00000
0.17144,0.16947,0.18065,0.17078,0.17802,0.16947,0.16782,0.16289,0.16684,0.16486,-0.00025,0.00008,-0.00255,0.00008,0.00107,-55.92257,-262.00000
0.17605,0.17342,0.17539,0.17276,0.17934,0.16585,0.16519,0.16453,0.16453,0.16453,0.00008,0.00304,-0.00386,0.00107,0.00337,-55.92257,-261.00000
0.17506,0.17605,0.17703,0.17539,0.17342,0.16486,0.16585,0.17013,0.16388,0.16190,-0.00222,-0.00321,-0.00090,-0.00288,-0.00090,-55.62730,-260.00000
0.17342,0.17605,0.17506,0.17835,0.17111,0.16519,0.16717,0.16421,0.17144,0.16717,0.00008,-0.00156,-0.00025,0.00239,-0.00057,-55.62730,-259.00000
0.17440,0.17276,0.18230,0.17407,0.17111,0.16388,0.16421,0.16388,0.16782,0.16355,-0.00189,0.00140,-0.00485,-0.00222,0.00074,-55.35759,-258.00000
0.17407,0.17342,0.18032,0.17276,0.17374,0.16618,0.16157,0.16717,0.16256,0.16552,-0.00123,0.00107,-0.00090,-0.00057,-0.00057,-55.35759,-257.00000
0.17572,0.17342,0.17473,0.17572,0.17572,0.16388,0.16651,0.16453,0.15763,0.16421,0.00173,0.00173,0.00272,-0.00255,-0.00222,-54.71981,-256.00000
0.17210,0.17736,0.17506,0.17177,0.17177,0.16749,0.16355,0.16914,0.16552,0.16421,-0.00025,0.00272,0.00041,0.00074,0.00041,-54.71981,-255.00000
0.17276,0.17802,0.17440,0.17276,0.17144,0.16421,0.16717,0.16717,0.16717,0.16585,0.00008,0.00074,-0.00123,0.00041,0.00304,-55.47270,-254.00000
0.17572,0.17868,0.17605,0.17868,0.16815,0.16848,0.16453,0.16289,0.16355,0.16289,-0.00025,0.00403,0.00074,-0.00222,-0.00518,-55.47270,-253.00000
0.17638,0.17078,0.17769,0.17638,0.16881,0.17078,0.16947,0.16355,0.16651,0.16651,-0.00057,-0.00090,-0.00419,-0.00156,0.00337,-55.35354,-252.00000
0.17374,0.16749,0.17342,0.17802,0.17111,0.16618,0.16618,0.17045,0.16585,0.16421,-0.00419,-0.00386,-0.00288,-0.00288,0.00239,-55.35354,-251.00000
0.17342,0.17506,0.16947,0.17342,0.16684,0.16651,0.16684,0.16453,0.16355,0.16552,-0.00025,-0.00123,-0.00189,0.00074,-0.00090,-54.63478,-250.00000
0.17999,0.17342,0.18230,0.17605,0.17539,0.16585,0.16421,0.16157,0.16717,0.16585,0.00304,0.00272,-0.00255,0.00140,-0.00222,-54.63478,-249.00000
0.17736,0.17966,0.17276,0.17670,0.17342,0.16552,0.16684,0.16421,0.16486,0.16322,0.00173,-0.00353,-0.00222,-0.00090,0.00074,-55.41797,-248.00000
0.17539,0.16881,0.17440,0.17276,0.17144,0.16453,0.16618,0.17078,0.16486,0.16125,0.00304,0.00140,-0.00485,-0.00222,0.00502,-55.41797,-247.00000
0.17473,0.17440,0.17374,0.17078,0.17342,0.16190,0.16486,0.16059,0.16322,0.16256,-0.00057,0.00239,0.00041,0.00140,-0.00288,-55.49951,-246.00000
0.17966,0.17703,0.17802,0.17309,0.17835,0.16125,0.16651,0.16749,0.16388,0.16585,0.00008,-0.00222,0.00041,-0.00057,-0.00222,-55.49951,-245.00000
0.17769,0.17111,0.17638,0.17670,0.17309,0.16322,0.16651,0.15993,0.16256,0.16388,-0.00025,0.00008,0.00403,0.00206,0.00206,-54.23413,-244.00000
0.17506,0.17309,0.17276,0.17407,0.16881,0.16717,0.16552,0.16749,0.16355,0.16322,0.00173,-0.00189,-0.00321,0.00272,0.00041,-54.23413,-243.00000
0.17210,0.17736,0.16848,0.17539,0.17572,0.16618,0.16717,0.16618,0.16421,0.16125,-0.00222,0.00173,-0.00485,0.00008,-0.00123,-54.10681,-242.00000
0.17769,0.17374,0.17670,0.17210,0.17605,0.16355,0.16388,0.16684,0.16519,0.16519,-0.00057,-0.00156,0.00140,0.00074,-0.00222,-54.10681,-241.00000
0.17638,0.17440,0.17309,0.17111,0.17638,0.16092,0.16355,0.16256,0.16322,0.16815,0.00008,0.00206,-0.00255,0.00074,0.00041,-54.54852,-240.00000
0.18164,0.17605,0.17111,0.17243,0.17736,0.16651,0.16157,0.15993,0.16388,0.16651,-0.00189,0.00074,-0.00255,0.00041,-0.00288,-54.54852,-239.00000
0.17309,0.18197,0.16848,0.17407,0.17572,0.16618,0.16519,0.16421,0.15796,0.16717,0.00107,0.00074,-0.00551,0.00008,0.00206,-55.60190,-238.00000
0.17177,0.17374,0.17342,0.17013,0.18032,0.16421,0.16717,0.16421,0.16585,0.16618,-0.00090,-0.00057,-0.00288,-0.00090,0.00008,-55.60190,-237.00000
0.17045,0.17342,0.17539,0.18131,0.17736,0.16519,0.16717,0.16519,0.16322,0.16223,0.00173,-0.00222,-0.00090,-0.00156,0.00107,-55.79167,-236.00000
0.17210,0.16881,0.17638,0.17309,0.17736,0.16782,0.16026,0.16519,0.16223,0.16519,0.00206,-0.00222,-0.00288,0.00041,-0.00222,-55.79167,-235.00000
0.17276,0.17868,0.17802,0.17638,0.17210,0.16585,0.16355,0.16059,0.16322,0.16815,-0.00353,-0.00025,0.00074,-0.00123,0.00107,-56.17220,-234.00000
0.17999,0.16914,0.17473,0.16815,0.17210,0.16618,0.16684,0.16585,0.16289,0.16388,0.00140,0.00173,0.00041,-0.00222,-0.00057,-56.17220,-233.00000
0.17835,0.17243,0.17144,0.16980,0.17999,0.16125,0.16749,0.16815,0.16190,0.16026,-0.00090,-0.00189,-0.00057,-0.00485,-0.00255,-55.81804,-232.00000
0.17670,0.17539,0.17309,0.18065,0.17407,0.16585,0.16026,0.16618,0.16322,0.16322,-0.00057,-0.00222,0.00206,0.00074,-0.00321,-55.81804,-231.00000
0.17045,0.17572,0.17243,0.17506,0.17605,0.16585,0.16881,0.16782,0.15861,0.16585,0.00074,-0.00156,0.00074,0.00140,-0.00090,-56.28792,-230.00000
0.17276,0.17210,0.17539,0.17440,0.17506,0.16289,0.16289,0.16059,0.16289,0.16388,-0.00321,-0.00156,0.00469,-0.00025,-0.00156,-56.28792,-229.00000
0.17539,0.16914,0.17638,0.17835,0.17177,0.16322,0.16355,0.16421,0.16519,0.16881,-0.00485,-0.00189,0.00074,0.00140,-0.00156,-55.70500,-228.00000
0.17276,0.17835,0.17473,0.17210,0.17901,0.16388,0.16552,0.16256,0.16421,0.16125,-0.00090,0.00008,-0.00189,0.00008,0.00008,-55.70500,-227.00000
0.17342,0.17572,0.17539,0.17736,0.17045,0.16421,0.17078,0.16684,0.16684,0.16223,-0.00090,0.00436,-0.00419,0.00074,0.00173,-55.17916,-226.00000
0.17670,0.17374,0.17769,0.17243,0.17572,0.16125,0.16125,0.16157,0.16519,0.16684,0.00041,-0.00156,-0.00386,0.00008,-0.00255,-55.17916,-225.00000
0.17473,0.17440,0.17605,0.17506,0.17539,0.16256,0.16782,0.16618,0.16355,0.16289,-0.00090,-0.00156,0.00370,0.00107,-0.00057,-55.86595,-224.00000
0.17013,0.17144,0.17243,0.17407,0.17638,0.16618,0.16618,0.16223,0.16585,0.16684,-0.00057,-0.00353,-0.00189,-0.00123,0.00074,-55.86595,-223.00000
0.17440,0.17342,0.17342,0.17210,0.17078,0.16585,0.16519,0.16651,0.16453,0.16190,0.00107,0.00008,0.00074,-0.00189,-0.00419,-55.37438,-222.00000
0.17638,0.17177,0.17539,0.16947,0.17638,0.17078,0.16585,0.16651,0.17013,0.16421,-0.00090,-0.00189,-0.00288,0.00173,-0.00353,-55.37438,-221.00000
0.17769,0.17342,0.17440,0.17440,0.17374,0.16421,0.16519,0.16453,0.16552,0.16618,-0.00353,-0.00386,-0.00452,-0.00123,0.00041,-55.80975,-220.00000
0.17473,0.17934,0.17638,0.17407,0.17078,0.16486,0.16717,0.16453,0.16453,0.16782,-0.00090,0.00008,-0.00189,-0.00057,-0.00222,-55.80975,-219.00000
0.16947,0.17177,0.17144,0.17605,0.17144,0.16684,0.16651,0.16388,0.16486,0.16453,-0.00255,0.00008,-0.00025,-0.00321,-0.00321,-55.89071,-218.00000
0.18032,0.16980,0.16914,0.17901,0.17374,0.16618,0.15927,0.16223,0.16585,0.16322,-0.00156,-0.00156,-0.00123,0.00403,-0.00222,-55.89071,-217.00000
0.17374,0.18032,0.17670,0.16717,0.16815,0.17210,0.16618,0.16684,0.16453,0.16322,0.00008,0.00008,-0.00189,-0.00156,-0.00090,-55.35991,-216.00000
0.17374,0.17078,0.17276,0.17407,0.17177,0.16322,0.16355,0.15664,0.15960,0.16519,-0.00288,-0.00123,-0.00025,0.00403,-0.00321,-55.35991,-215.00000
0.17506,0.17309,0.17144,0.17177,0.17045,0.16782,0.16092,0.16322,0.15927,0.16421,-0.00255,-0.00255,0.00041,0.00140,-0.00288,-55.21657,-214.00000
0.17045,0.17736,0.17045,0.17111,0.16881,0.16717,0.16388,0.16684,0.16388,0.16782,-0.00156,0.00041,-0.00255,0.00140,-0.00123,-55.21657,-213.00000
0.17539,0.17210,0.16618,0.16848,0.17144,0.17013,0.16519,0.16453,0.16453,0.16190,-0.00025,0.00140,-0.00090,0.00041,0.00140,-54.62245,-212.00000
0.17473,0.17703,0.17144,0.17703,0.17539,0.16453,0.16092,0.16914,0.16618,0.16486,-0.00057,-0.00025,0.00239,0.00041,-0.00255,-54.62245,-211.00000
0.17901,0.16980,0.17440,0.17342,0.17374,0.16486,0.16717,0.16289,0.16618,0.16717,0.00206,-0.00025,-0.00321,-0.00189,-0.00123,-54.08857,-210.00000
0.17243,0.17210,0.17473,0.16815,0.17342,0.16453,0.16486,0.16355,0.16585,0.16815,0.00140,0.00206,0.00008,-0.00353,0.00041,-54.08857,-209.00000
0.17309,0.17210,0.17736,0.16947,0.17736,0.16421,0.16848,0.16684,0.16486,0.16388,0.00304,0.00239,0.00272,-0.00321,-0.00057,-54.05600,-208.00000
0.17078,0.17374,0.17572,0.17440,0.16815,0.16388,0.16618,0.16388,0.16355,0.16125,-0.00353,0.00107,-0.00090,-0.00288,0.00239,-54.05600,-207.00000
0.17111,0.17407,0.17045,0.16717,0.17342,0.16256,0.16717,0.16453,0.16453,0.16125,-0.00288,-0.00353,-0.00156,-0.00090,-0.00090,-54.27165,-206.00000
0.17473,0.17572,0.17670,0.17670,0.17013,0.16355,0.16388,0.16453,0.16289,0.16684,-0.00090,-0.00057,-0.00321,0.00304,-0.00123,-54.27165,-205.00000
0.17144,0.17506,0.17769,0.17407,0.16815,0.16453,0.15993,0.16815,0.15960,0.16618,0.00239,-0.00255,0.00173,-0.00321,-0.00452,-54.34042,-204.00000
0.17539,0.17144,0.17276,0.18032,0.17210,0.16157,0.16651,0.16684,0.16355,0.16026,0.00074,0.00239,0.00107,-0.00025,0.00074,-54.34042,-203.00000
0.16717,0.17144,0.17539,0.17769,0.17670,0.16453,0.16486,0.16125,0.16355,0.16651,-0.00025,-0.00123,-0.00090,-0.00025,0.00239,-54.09892,-202.00000
0.16651,0.16717,0.17473,0.16782,0.17572,0.16749,0.16552,0.16453,0.16256,0.16585,-0.00321,-0.00189,-0.00353,0.00140,0.00107,-54.09892,-201.00000
0.17342,0.17473,0.17670,0.17276,0.16782,0.16355,0.16782,0.16388,0.16421,0.16355,-0.00057,-0.00321,0.00337,0.00239,-0.00189,-54.63979,-200.00000
0.17013,0.17210,0.17243,0.17276,0.17177,0.17078,0.16749,0.16782,0.16322,0.16684,-0.00090,-0.00156,0.00041,0.00140,0.00206,-54.63979,-199.00000
0.17605,0.17802,0.16684,0.17111,0.17045,0.16717,0.16486,0.16289,0.16256,0.16223,-0.00255,-0.00189,0.00041,0.00304,-0.00123,-55.36921,-198.00000
0.17638,0.17374,0.17473,0.17605,0.17243,0.16289,0.16388,0.16815,0.16519,0.16190,0.00337,-0.00025,0.00272,-0.00222,-0.00584,-55.36921,-197.00000
0.17539,0.16980,0.17638,0.17835,0.17934,0.15861,0.16190,0.16125,0.16585,0.16355,-0.00090,0.00206,-0.00156,-0.00321,0.00008,-55.15531,-196.00000
0.17243,0.17703,0.17374,0.17572,0.17342,0.15927,0.15927,0.16289,0.16388,0.16585,0.00041,-0.00189,0.00107,0.00041,0.00041,-55.15531,-195.00000
0.17342,0.16585,0.17342,0.16980,0.17177,0.16618,0.15894,0.16421,0.16519,0.16585,-0.00321,-0.00156,-0.00025,-0.00255,0.00008,-55.64406,-194.00000
0.17407,0.17111,0.17407,0.17177,0.18164,0.16815,0.16848,0.16651,0.16749,0.15763,-0.00123,-0.00222,-0.00255,-0.00255,0.00074,-55.64406,-193.00000
0.17407,0.16947,0.17045,0.17243,0.16947,0.16914,0.16552,0.16914,0.16388,0.16421,0.00008,0.00206,-0.00025,0.00206,0.00074,-56.39381,-192.00000
0.16815,0.17605,0.17243,0.17144,0.17276,0.16453,0.16157,0.16552,0.16388,0.16749,0.00107,-0.00123,-0.00222,0.00140,-0.00353,-56.39381,-191.00000
0.16947,0.17144,0.17243,0.17177,0.17045,0.16421,0.16026,0.16486,0.16388,0.16355,0.00173,0.00535,-0.00123,0.00074,-0.00189,-57.23255,-190.00000
0.17539,0.17111,0.17177,0.17111,0.17243,0.16585,0.16421,0.16421,0.16453,0.16486,0.00074,-0.00353,-0.00189,-0.00321,-0.00057,-57.23255,-189.00000
0.17440,0.16684,0.17111,0.17407,0.17243,0.16585,0.16651,0.16749,0.15927,0.16388,-0.00057,0.00173,0.00008,0.00074,-0.00255,-56.25543,-188.00000
0.17210,0.16914,0.17440,0.17440,0.17407,0.16157,0.16552,0.16355,0.16355,0.17013,0.00041,0.00436,-0.00057,0.00041,-0.00189,-56.25543,-187.00000
0.17078,0.17342,0.17342,0.16749,0.17210,0.16519,0.16749,0.16453,0.16388,0.16519,-0.00584,0.00041,-0.00189,-0.00090,0.00173,-55.42996,-186.00000
0.16782,0.17177,0.16618,0.17177,0.16815,0.16421,0.16157,0.16223,0.16486,0.16486,0.00370,0.00107,-0.00025,0.00173,-0.00288,-55.42996,-185.00000
0.17177,0.17374,0.17440,0.17111,0.16947,0.15927,0.16881,0.16519,0.16585,0.16552,-0.00123,-0.00025,-0.00156,-0.00156,-0.00288,-55.06606,-184.00000
0.17177,0.17111,0.17506,0.17407,0.17342,0.16421,0.16157,0.16453,0.16289,0.16684,-0.00025,0.00107,0.00008,0.00074,-0.00222,-55.06606,-183.00000
0.16749,0.16980,0.16914,0.17243,0.17407,0.16552,0.16618,0.16421,0.16355,0.16421,0.00008,-0.00025,-0.00090,-0.00123,-0.00090,-55.32844,-182.00000
0.17177,0.16717,0.17144,0.17078,0.17736,0.16421,0.16322,0.16092,0.16355,0.16355,-0.00090,-0.00090,0.00041,0.00008,0.00173,-55.32844,-181.00000
0.17605,0.17276,0.16881,0.17177,0.16782,0.15697,0.16388,0.16092,0.16026,0.16223,-0.00025,-0.00255,-0.00025,0.00206,0.00370,-55.02018,-180.00000
0.17440,0.17605,0.17177,0.16848,0.17276,0.16322,0.16322,0.16651,0.16388,0.16092,0.00107,-0.00025,-0.00025,0.00272,0.00173,-55.02018,-179.00000
0.16388,0.17013,0.17539,0.17177,0.16980,0.16618,0.16717,0.16026,0.16519,0.16059,0.00140,-0.00386,-0.00321,0.00107,0.00370,-54.43636,-178.00000
0.16651,0.16749,0.16684,0.17243,0.17638,0.16125,0.16190,0.16486,0.16585,0.16749,-0.00025,0.00008,-0.00090,-0.00090,-0.00090,-54.43636,-177.00000
0.17769,0.17177,0.16519,0.17605,0.17440,0.16157,0.16223,0.16486,0.16486,0.16947,0.00074,-0.00090,0.00272,-0.00156,-0.00255,-54.44718,-176.00000
0.17144,0.17177,0.17276,0.17210,0.16749,0.17111,0.15927,0.16651,0.16125,0.16552,-0.00156,0.00239,-0.00123,0.00173,0.00140,-54.44718,-175.00000
0.17078,0.17506,0.17013,0.17243,0.16453,0.16190,0.16453,0.16453,0.16552,0.16190,-0.00090,0.00107,-0.00288,0.00173,0.00140,-54.55269,-174.00000
0.17670,0.17045,0.17309,0.16980,0.16717,0.15565,0.16289,0.16848,0.16651,0.16717,-0.00386,0.00173,0.00206,0.00008,0.00008,-54.55269,-173.00000
0.17473,0.17572,0.17342,0.16552,0.16486,0.16421,0.16651,0.16322,0.16388,0.16815,-0.00025,0.00008,0.00140,-0.00156,-0.00222,-54.68846,-172.00000
0.17670,0.17078,0.17539,0.17177,0.17605,0.16651,0.16453,0.16026,0.16388,0.16322,0.00140,-0.00057,-0.00123,0.00272,0.00337,-54.68846,-171.00000
0.17605,0.16421,0.17473,0.16585,0.17835,0.16486,0.16881,0.16453,0.16322,0.16125,-0.00222,-0.00090,0.00535,-0.00057,-0.00057,-54.43163,-170.00000
0.17638,0.16421,0.17868,0.17276,0.16815,0.16388,0.16355,0.16190,0.16026,0.16388,-0.00025,0.00140,-0.00255,-0.00123,-0.00123,-54.43163,-169.00000
0.17769,0.17210,0.17407,0.16651,0.17342,0.16519,0.16585,0.16223,0.16782,0.16519,-0.00156,-0.00255,0.00304,0.00239,-0.00222,-54.77441,-168.00000
0.17309,0.17736,0.17013,0.16618,0.17572,0.16684,0.16618,0.16125,0.16256,0.16552,0.00206,-0.00025,-0.00255,-0.00057,-0.00189,-54.77441,-167.00000
0.17506,0.17440,0.16947,0.16881,0.16717,0.16618,0.16749,0.16190,0.16289,0.16421,-0.00255,-0.00353,-0.00288,-0.00123,0.00140,-54.40136,-166.00000
0.17769,0.17440,0.16585,0.17309,0.17473,0.15993,0.16190,0.16289,0.16552,0.16552,-0.00321,0.00041,0.00107,0.00239,0.00272,-54.40136,-165.00000
0.17539,0.16848,0.17276,0.17736,0.16749,0.16486,0.16388,0.16651,0.16782,0.16322,0.00173,-0.00321,-0.00090,0.00272,0.00140,-55.31348,-164.00000
0.17473,0.16585,0.17670,0.16026,0.17111,0.16157,0.16815,0.16486,0.16486,0.16651,0.00173,-0.00025,-0.00156,0.00107,-0.00386,-55.31348,-163.00000
0.17769,0.17013,0.17342,0.17013,0.17769,0.16486,0.16585,0.16092,0.16651,0.15993,-0.00025,-0.00057,0.00074,0.00008,-0.00156,-55.85498,-162.00000
0.17013,0.16947,0.16519,0.16980,0.17111,0.16190,0.16223,0.16717,0.16190,0.16223,-0.00584,0.00107,0.00041,0.00173,0.00370,-55.85498,-161.00000
0.17144,0.17210,0.17144,0.16749,0.17210,0.16881,0.16059,0.16651,0.16519,0.16519,-0.00057,0.00239,0.00074,-0.00090,-0.00485,-55.74976,-160.00000
0.16717,0.16684,0.17144,0.17144,0.16651,0.16421,0.16355,0.16453,0.16914,0.16059,-0.00057,-0.00090,0.00173,0.00337,-0.00156,-55.74976,-159.00000
0.17078,0.17144,0.16881,0.17440,0.17276,0.16289,0.16651,0.16618,0.16848,0.16355,-0.00255,0.00107,-0.00288,0.00140,-0.00123,-56.07068,-158.00000
0.16782,0.17407,0.17342,0.17078,0.17703,0.16355,0.16749,0.16782,0.16519,0.16717,-0.00090,-0.00123,-0.00222,0.00107,0.00074,-56.07068,-157.00000
0.16815,0.17243,0.17210,0.16914,0.16618,0.16355,0.16651,0.16618,0.16585,0.16289,-0.00386,-0.00057,0.00041,0.00074,0.00304,-55.84540,-156.00000
0.16782,0.17276,0.16914,0.17045,0.17342,0.16684,0.17045,0.16223,0.16289,0.16519,-0.00057,-0.00255,-0.00025,-0.00222,-0.00189,-55.84540,-155.00000
0.16815,0.17374,0.16717,0.17342,0.17342,0.16585,0.16651,0.16552,0.16223,0.16289,0.00008,-0.00419,-0.00123,-0.00025,0.00272,-55.51303,-154.00000
0.17144,0.17736,0.17605,0.16881,0.17901,0.16651,0.16684,0.16157,0.16355,0.16190,-0.00222,-0.00057,0.00008,-0.00057,-0.00156,-55.51303,-153.00000
0.16815,0.17506,0.17243,0.16848,0.17670,0.16355,0.17374,0.16552,0.16256,0.16355,0.00008,0.00206,0.00041,0.00272,-0.00090,-55.62029,-152.00000
0.17144,0.16980,0.17013,0.17736,0.16980,0.16421,0.16026,0.16552,0.16552,0.16552,0.00239,0.00206,-0.00353,0.00107,0.00140,-55.62029,-151.00000
0.16914,0.17374,0.17177,0.17868,0.16388,0.16848,0.16322,0.16519,0.16618,0.16026,-0.00090,0.00173,0.00206,-0.00123,-0.00255,-55.43710,-150.00000
0.17210,0.17473,0.17374,0.17572,0.17407,0.16782,0.16289,0.16651,0.16355,0.16125,-0.00288,-0.00288,0.00041,-0.00518,0.00074,-55.43710,-149.00000
0.16980,0.17276,0.16914,0.16651,0.17440,0.16157,0.16782,0.16717,0.16651,0.16519,0.00239,0.00239,0.00107,-0.00156,0.00140,-54.51786,-148.00000
0.17144,0.16881,0.16421,0.17407,0.16651,0.16782,0.16092,0.16552,0.16519,0.16947,-0.00090,-0.00090,0.00074,-0.00025,0.00107,-54.51786,-147.00000
0.16519,0.16947,0.17177,0.17473,0.17440,0.16256,0.16256,0.16256,0.15960,0.16453,0.00239,-0.00123,0.00272,0.00436,0.00074,-55.11049,-146.00000
0.17111,0.16980,0.17243,0.16782,0.17473,0.16881,0.16651,0.16552,0.16355,0.16322,-0.00090,0.00074,0.00041,0.00041,0.00239,-55.11049,-145.00000
0.17539,0.16519,0.17605,0.16914,0.17276,0.16585,0.16618,0.16848,0.16486,0.16651,-0.00123,-0.00123,-0.00189,0.00173,-0.00156,-55.08699,-144.00000
0.17111,0.17276,0.16980,0.17374,0.16684,0.16256,0.16519,0.16749,0.16717,0.16519,-0.00156,0.00008,0.00206,-0.00057,-0.00090,-55.08699,-143.00000
0.17342,0.16749,0.17769,0.16947,0.17342,0.16421,0.16717,0.16585,0.16453,0.16585,-0.00156,-0.00255,0.00140,0.00008,0.00239,-54.70414,-142.00000
0.17374,0.16947,0.16848,0.17342,0.17835,0.16717,0.16585,0.16223,0.16059,0.16355,-0.00255,0.00107,-0.00156,0.00107,-0.00057,-54.70414,-141.00000
0.17243,0.17013,0.17374,0.17342,0.17506,0.16453,0.16519,0.16453,0.16322,0.16190,0.00206,-0.00288,-0.00090,-0.00156,-0.00123,-54.72023,-140.00000
0.16947,0.17374,0.16815,0.16585,0.17177,0.16453,0.16717,0.16651,0.16322,0.16684,-0.00189,-0.00025,-0.00222,-0.00090,-0.00090,-54.72023,-139.00000
0.17374,0.17440,0.17539,0.17374,0.16980,0.16289,0.16157,0.16782,0.16059,0.16223,-0.00057,-0.00222,-0.00090,0.00436,-0.00057,-54.34010,-138.00000
0.16782,0.16914,0.17144,0.16815,0.16848,0.16421,0.16256,0.16881,0.16848,0.16421,-0.00057,-0.00485,-0.00189,-0.00452,-0.00222,-54.34010,-137.00000
0.17703,0.16749,0.17276,0.16881,0.17045,0.16388,0.16749,0.16519,0.16157,0.16157,-0.00025,-0.00353,-0.00156,-0.00090,0.00140,-54.48206,-136.00000
0.16618,0.17177,0.17309,0.17276,0.17374,0.16552,0.16585,0.16749,0.15993,0.16947,0.00337,-0.00123,-0.00189,-0.00419,0.00041,-54.48206,-135.00000
0.17078,0.17342,0.17177,0.16749,0.17177,0.16552,0.16322,0.16092,0.16618,0.16684,0.00107,0.00041,0.00008,-0.00255,-0.00025,-54.75080,-134.00000
0.17111,0.17243,0.16782,0.17276,0.16749,0.16914,0.16059,0.16388,0.16947,0.16421,-0.00057,0.00107,0.00074,-0.00584,0.00074,-54.75080,-133.00000
0.17013,0.16914,0.17210,0.17111,0.17111,0.15829,0.16157,0.16519,0.16519,0.16486,-0.00419,-0.00090,0.00041,0.00008,-0.00255,-55.65421,-132.00000
0.16881,0.16749,0.17045,0.17111,0.16585,0.16355,0.16026,0.16552,0.16749,0.16256,0.00074,0.00074,-0.00189,-0.00189,-0.00123,-55.65421,-131.00000
0.17342,0.16717,0.17342,0.16322,0.17407,0.16289,0.16585,0.16125,0.16190,0.16388,0.00173,-0.00288,-0.00222,0.00304,0.00304,-54.77046,-130.00000
0.17342,0.16980,0.17013,0.17111,0.17374,0.16717,0.16585,0.16092,0.16421,0.16289,0.00008,0.00008,-0.00288,0.00008,0.00272,-54.77046,-129.00000
0.16289,0.16684,0.17473,0.16980,0.16815,0.16092,0.16125,0.15730,0.16421,0.16684,-0.00057,-0.00222,-0.00156,-0.00255,-0.00222,-55.52244,-128.00000
0.16848,0.16519,0.16749,0.17111,0.16947,0.16453,0.16223,0.16322,0.16421,0.16289,-0.00386,0.00107,-0.00321,0.00370,-0.00518,-55.52244,-127.00000
0.17342,0.16585,0.17276,0.16881,0.17111,0.16486,0.16782,0.16157,0.16684,0.16355,0.00206,0.00074,0.00436,-0.00255,-0.00353,-55.62255,-126.00000
0.17045,0.17013,0.16749,0.17177,0.16881,0.16421,0.16486,0.16256,0.16059,0.16322,-0.00057,0.00272,0.00272,-0.00057,0.00008,-55.62255,-125.00000
0.17276,0.17078,0.16453,0.17440,0.16782,0.16059,0.16289,0.16651,0.16684,0.16223,0.00074,-0.00156,-0.00222,-0.00386,-0.00288,-55.95580,-124.00000
0.16190,0.17177,0.16782,0.16749,0.17374,0.16355,0.16059,0.16289,0.16980,0.16322,0.00206,0.00107,0.00074,0.00337,-0.00090,-55.95580,-123.00000
0.17144,0.16618,0.16749,0.17276,0.16947,0.16486,0.16453,0.16618,0.16749,0.16486,-0.00057,-0.00156,0.00041,-0.00156,0.00535,-56.14929,-122.00000
0.17440,0.17013,0.17013,0.16881,0.16815,0.16453,0.16815,0.16125,0.16651,0.16684,-0.00189,-0.00123,-0.00123,0.00041,0.00008,-56.14929,-121.00000
0.16815,0.17638,0.17440,0.17243,0.17013,0.16552,0.16618,0.16026,0.16421,0.16651,-0.00090,0.00370,0.00008,-0.00255,-0.00123,-55.38666,-120.00000
0.17999,0.16980,0.16388,0.17078,0.17045,0.16684,0.16322,0.16421,0.16388,0.16815,0.00074,-0.00123,-0.00057,0.00272,0.00074,-55.38666,-119.00000
0.17045,0.16848,0.17144,0.16552,0.17309,0.16026,0.16815,0.16519,0.16519,0.16223,0.00206,0.00008,0.00304,0.00074,0.00206,-55.19333,-118.00000
0.16881,0.17013,0.16322,0.17243,0.16848,0.16421,0.16552,0.16289,0.16618,0.16881,0.00041,0.00206,-0.00222,0.00074,-0.00288,-55.19333,-117.00000
0.17309,0.16519,0.17309,0.16848,0.16914,0.16190,0.16388,0.16684,0.16453,0.16980,-0.00090,0.00107,-0.00189,-0.00189,-0.00025,-54.87450,-116.00000
0.17243,0.17276,0.16914,0.17276,0.17177,0.16717,0.16552,0.16618,0.16519,0.16815,0.00173,-0.00123,0.00107,-0.00090,-0.00156,-54.87450,-115.00000
0.16881,0.16947,0.16421,0.17506,0.16914,0.16026,0.16355,0.16421,0.15993,0.16453,-0.00025,-0.00090,-0.00057,0.00008,-0.00123,-54.49047,-114.00000
0.16815,0.17177,0.17374,0.16651,0.16749,0.16618,0.16421,0.16289,0.16782,0.16749,-0.00156,-0.00551,-0.00156,0.00173,-0.00189,-54.49047,-113.00000
0.16947,0.16980,0.17309,0.16717,0.16585,0.16585,0.16026,0.16585,0.16355,0.16585,-0.00025,0.00107,0.00403,0.00074,0.00041,-54.49865,-112.00000
0.16684,0.17342,0.16717,0.16322,0.16749,0.16322,0.16486,0.16881,0.16190,0.16388,-0.00057,0.00074,-0.00090,-0.00025,0.00074,-54.49865,-111.00000
0.17078,0.17177,0.16322,0.16815,0.17276,0.16289,0.16322,0.16256,0.16092,0.17111,-0.00321,-0.00057,-0.00255,-0.00123,-0.00025,-54.18048,-110.00000
0.16519,0.17440,0.17045,0.16782,0.16453,0.15960,0.17243,0.16256,0.16486,0.16289,0.00041,-0.00025,-0.00057,-0.00090,0.00337,-54.18048,-109.00000
0.17111,0.16684,0.17111,0.16684,0.16848,0.16815,0.16618,0.16684,0.16289,0.16519,-0.00025,-0.00255,0.00304,0.00173,0.00008,-53.16690,-108.00000
0.17309,0.17111,0.16552,0.17210,0.16980,0.16684,0.16552,0.16684,0.16388,0.16026,0.00008,-0.00057,0.00568,0.00008,0.00074,-53.16690,-107.00000
0.16881,0.16585,0.17013,0.17144,0.16388,0.16552,0.16519,0.16125,0.16421,0.16223,0.00041,0.00107,0.00008,0.00206,-0.00189,-53.69038,-106.00000
0.16289,0.16848,0.16519,0.16256,0.17374,0.15730,0.16355,0.16355,0.16256,0.16684,0.00272,0.00008,0.00008,0.00041,0.00074,-53.69038,-105.00000
0.17078,0.16881,0.16881,0.16947,0.16453,0.16157,0.16651,0.16651,0.16848,0.16026,-0.00255,-0.00288,-0.00353,0.00041,-0.00189,-53.42478,-104.00000
0.16256,0.16782,0.16980,0.16848,0.16980,0.16618,0.16914,0.16157,0.16618,0.16519,-0.00321,0.00239,0.00041,0.00239,-0.00255,-53.42478,-103.00000
0.17078,0.16125,0.16848,0.16881,0.16092,0.16585,0.16486,0.16190,0.16717,0.16157,0.00074,0.00008,0.00239,0.00239,-0.00123,-53.16991,-102.00000
0.16519,0.17013,0.17144,0.16651,0.16519,0.16519,0.16092,0.16519,0.16289,0.16355,-0.00057,0.00008,-0.00189,-0.00123,0.00173,-53.16991,-101.00000
0.16651,0.17013,0.16453,0.17309,0.17078,0.16585,0.16453,0.16289,0.16848,0.16486,0.00206,0.00074,0.00370,-0.00156,0.00008,-52.48339,-100.00000
0.17210,0.16749,0.16782,0.16947,0.17013,0.16519,0.16815,0.16519,0.16552,0.16552,0.00206,-0.00057,0.00272,-0.00057,-0.00090,-52.48339,-99.00000
0.16453,0.16092,0.16980,0.17078,0.16289,0.16322,0.16157,0.15927,0.16453,0.16848,-0.00025,-0.00189,-0.00123,-0.00255,-0.00090,-50.27734,-98.00000
0.16749,0.16684,0.17177,0.17045,0.16585,0.16256,0.16552,0.16749,0.16585,0.16651,0.00041,0.00008,0.00304,-0.00288,0.00107,-50.27734,-97.00000
0.16848,0.16157,0.17078,0.17111,0.16651,0.17013,0.16486,0.16585,0.16453,0.16651,-0.00189,0.00140,-0.00025,-0.00189,0.00337,-48.64209,-96.00000
0.16914,0.16585,0.16421,0.16717,0.17111,0.16223,0.16486,0.16815,0.16322,0.16519,-0.00189,0.00206,0.00239,-0.00156,0.00206,-48.64209,-95.00000
0.16815,0.16717,0.16815,0.16815,0.16782,0.16486,0.16125,0.16585,0.16322,0.16355,0.00436,0.00074,0.00239,0.00074,-0.00123,-50.44897,-94.00000
0.16453,0.16980,0.16256,0.17013,0.16947,0.16453,0.16552,0.16881,0.16717,0.16585,0.00436,-0.00288,0.00370,-0.00255,-0.00090,-50.44897,-93.00000
0.17670,0.16421,0.16947,0.17078,0.16618,0.16848,0.16322,0.16815,0.15993,0.16684,-0.00255,0.00337,-0.00222,0.00140,0.00206,-51.41833,-92.00000
0.17177,0.16322,0.16289,0.17342,0.16980,0.16486,0.16388,0.16815,0.16453,0.16256,0.00370,0.00403,-0.00518,-0.00090,0.00140,-51.41833,-91.00000
0.16651,0.16848,0.16782,0.16519,0.16618,0.16651,0.16684,0.16421,0.17013,0.16552,-0.00156,0.00304,0.00041,-0.00123,-0.00189,-53.10175,-90.00000
0.17078,0.16914,0.16980,0.17013,0.16914,0.16651,0.16256,0.16585,0.16881,0.16585,-0.00057,0.00140,-0.00518,0.00008,0.00008,-53.10175,-89.00000
0.16289,0.16749,0.17111,0.16486,0.16980,0.16355,0.16453,0.16881,0.16059,0.16585,0.00107,0.00008,0.00206,0.00008,0.00206,-54.25107,-88.00000
0.16848,0.17276,0.16486,0.17045,0.16421,0.16322,0.16223,0.16618,0.16552,0.16947,0.00173,0.00041,-0.00025,-0.00288,0.00041,-54.25107,-87.00000
0.16519,0.17177,0.16585,0.16881,0.16717,0.16256,0.16355,0.16815,0.16881,0.16749,-0.00255,-0.00255,-0.00025,0.00074,-0.00025,-54.93071,-86.00000
0.17144,0.16223,0.16585,0.16486,0.16782,0.16585,0.16486,0.16289,0.16190,0.16618,0.00239,-0.00057,0.00206,-0.00123,0.00041,-54.93071,-85.00000
0.16585,0.16453,0.17243,0.16585,0.17013,0.16585,0.16684,0.16256,0.16585,0.16453,-0.00025,0.00074,-0.00090,-0.00057,0.00239,-55.36575,-84.00000
0.17177,0.16388,0.16519,0.16256,0.16618,0.16256,0.16519,0.16289,0.16157,0.16651,-0.00288,0.00107,0.00140,-0.00255,-0.00353,-55.36575,-83.00000
0.16486,0.16585,0.16684,0.17013,0.16289,0.16157,0.16059,0.16355,0.16092,0.16881,-0.00321,-0.00123,0.00008,-0.00288,-0.00189,-55.22438,-82.00000
0.16223,0.16355,0.16848,0.16421,0.16585,0.16388,0.16289,0.16223,0.16322,0.16519,-0.00189,0.00008,-0.00255,-0.00123,-0.00025,-55.22438,-81.00000
0.16388,0.16322,0.16256,0.16585,0.17868,0.16223,0.16190,0.16749,0.16453,0.16585,-0.00255,0.00600,-0.00189,0.00206,-0.00057,-54.76795,-80.00000
0.16388,0.16749,0.16552,0.16092,0.16684,0.16125,0.16684,0.16157,0.16256,0.16453,-0.00156,0.00272,-0.00025,0.00107,0.00074,-54.76795,-79.00000
0.16815,0.16651,0.16388,0.16618,0.16947,0.16651,0.16815,0.16322,0.16684,0.16585,-0.00123,0.00107,0.00206,-0.00189,0.00140,-54.32489,-78.00000
0.16486,0.16355,0.16355,0.16749,0.17111,0.16717,0.15829,0.16749,0.16585,0.16125,0.00206,-0.00090,0.00074,-0.00123,0.00140,-54.32489,-77.00000
0.16749,0.16059,0.16486,0.16322,0.16421,0.16782,0.16355,0.16552,0.16322,0.16157,0.00041,0.00173,-0.00288,-0.00222,-0.00386,-54.13510,-76.00000
0.15829,0.16815,0.16355,0.16059,0.16421,0.16421,0.16289,0.16125,0.15993,0.16618,0.00140,-0.00057,-0.00025,0.00074,0.00008,-54.13510,-75.00000
0.16289,0.16486,0.16519,0.16421,0.16388,0.16355,0.16585,0.16421,0.16223,0.15730,0.00008,-0.00156,-0.00123,-0.00090,-0.00057,-53.86443,-74.00000
0.16519,0.16453,0.16256,0.16289,0.16355,0.16289,0.16125,0.16717,0.15829,0.16881,-0.00485,0.00041,-0.00189,-0.00025,-0.00123,-53.86443,-73.00000
0.16684,0.15697,0.16717,0.16157,0.16289,0.16421,0.16190,0.16355,0.16651,0.16322,0.00239,-0.00025,0.00140,-0.00715,0.00074,-53.86092,-72.00000
0.16980,0.16552,0.16256,0.16881,0.16059,0.16322,0.16059,0.16026,0.16355,0.16552,-0.00288,0.00173,-0.00057,0.00206,-0.00025,-53.86092,-71.00000
0.16157,0.15796,0.16881,0.16157,0.16190,0.16026,0.16421,0.16651,0.16157,0.16223,-0.00123,-0.00123,0.00304,0.00041,0.00074,-54.15214,-70.00000
0.16815,0.16585,0.16486,0.16486,0.16717,0.16026,0.16256,0.16421,0.16388,0.16355,-0.00518,-0.00090,0.00008,0.00008,0.00272,-54.15214,-69.00000
0.15960,0.16947,0.16421,0.15664,0.16717,0.16421,0.16618,0.15960,0.16289,0.16322,0.00272,-0.00090,0.00008,-0.00025,-0.00353,-54.81045,-68.00000
0.16651,0.16256,0.16125,0.15861,0.16190,0.16453,0.16256,0.16223,0.15960,0.16223,-0.00222,0.00008,0.00140,-0.00025,0.00041,-54.81045,-67.00000
0.15829,0.16717,0.15894,0.16388,0.16651,0.16289,0.15993,0.16552,0.16322,0.15861,0.00370,0.00403,-0.00057,0.00206,0.00173,-54.73432,-66.00000
0.16684,0.16717,0.15960,0.16190,0.16881,0.16815,0.16190,0.16585,0.15861,0.16453,0.00074,0.00107,0.00370,0.00140,0.00140,-54.73432,-65.00000
0.16552,0.16453,0.16815,0.16355,0.16322,0.16618,0.16585,0.16388,0.16552,0.16519,-0.00255,-0.00255,0.00008,-0.00156,-0.00123,-55.43357,-64.00000
0.16223,0.16552,0.16618,0.16519,0.15993,0.16618,0.16486,0.16026,0.16355,0.16684,-0.00353,0.00074,0.00074,0.00041,0.00107,-55.43357,-63.00000
0.16453,0.16125,0.16453,0.16848,0.16092,0.16190,0.16651,0.16651,0.16552,0.16421,0.00206,-0.00090,-0.00255,0.00272,-0.00156,-55.34862,-62.00000
0.16223,0.16552,0.15861,0.15894,0.16552,0.16322,0.16717,0.16190,0.16289,0.16453,-0.00025,-0.00222,0.00008,0.00206,0.00107,-55.34862,-61.00000
0.16322,0.16322,0.16684,0.16256,0.16355,0.16585,0.15960,0.16322,0.16421,0.16749,-0.00025,0.00239,-0.00123,0.00272,-0.00189,-55.31103,-60.00000
0.16421,0.16388,0.17144,0.16157,0.16651,0.17111,0.16421,0.17078,0.15894,0.16190,0.00041,0.00337,-0.00156,0.00008,-0.00485,-55.31103,-59.00000
0.16618,0.16256,0.15993,0.16421,0.16914,0.16519,0.16190,0.16289,0.16552,0.16585,-0.00156,0.00239,0.00370,0.00107,-0.00452,-55.09692,-58.00000
0.16519,0.16881,0.16157,0.16651,0.15993,0.16092,0.16322,0.16453,0.16190,0.16223,-0.00222,0.00008,-0.00288,-0.00814,-0.00090,-55.09692,-57.00000
0.16453,0.16388,0.16059,0.15993,0.17111,0.16421,0.16453,0.16684,0.16552,0.16651,-0.00156,0.00107,0.00206,0.00173,-0.00090,-55.75159,-56.00000
0.15993,0.15960,0.16026,0.16486,0.16453,0.16256,0.15894,0.16289,0.16749,0.16388,-0.00321,-0.00255,0.00173,0.00206,-0.00222,-55.75159,-55.00000
0.16125,0.16848,0.15960,0.16486,0.16388,0.16157,0.16421,0.16157,0.16782,0.17013,-0.00386,0.00074,0.00370,0.00074,-0.00189,-55.77618,-54.00000
0.16585,0.16223,0.16519,0.16322,0.16059,0.16552,0.16190,0.15960,0.16552,0.16585,0.00140,-0.00025,-0.00123,0.00370,-0.00156,-55.77618,-53.00000
0.16355,0.16322,0.15927,0.16684,0.16421,0.16486,0.16092,0.16355,0.16092,0.15993,-0.00321,0.00041,-0.00189,0.00206,-0.00123,-55.59073,-52.00000
0.15664,0.16881,0.15730,0.16388,0.16453,0.16519,0.16256,0.16026,0.16618,0.16322,-0.00123,0.00041,0.00041,-0.00353,0.00173,-55.59073,-51.00000
0.16256,0.16651,0.16026,0.16585,0.16552,0.16388,0.15993,0.16618,0.16157,0.16552,0.00074,-0.00551,-0.00057,-0.00255,0.00041,-55.58833,-50.00000
0.15763,0.16717,0.16026,0.16157,0.15664,0.16848,0.16421,0.16486,0.16355,0.16026,-0.00156,-0.00156,-0.00025,0.00041,-0.00090,-55.58833,-49.00000
0.16486,0.16552,0.15993,0.16256,0.16618,0.16585,0.16190,0.16585,0.16059,0.15927,-0.00222,0.00008,0.00107,-0.00057,-0.00353,-54.93284,-48.00000
0.15796,0.16355,0.16190,0.16256,0.16157,0.16256,0.16782,0.16552,0.16421,0.16519,0.00074,0.00041,0.00403,-0.00156,-0.00386,-54.93284,-47.00000
0.15335,0.16157,0.16256,0.15664,0.16289,0.16815,0.16585,0.16552,0.15730,0.16815,0.00041,0.00107,0.00041,-0.00222,-0.00090,-55.02990,-46.00000
0.16256,0.15631,0.16125,0.16289,0.16519,0.16486,0.16322,0.16289,0.16355,0.16914,0.00304,-0.00123,0.00041,-0.00353,-0.00255,-55.02990,-45.00000
0.16651,0.15796,0.16552,0.15894,0.16585,0.16486,0.16519,0.16256,0.16421,0.16388,-0.00156,-0.00288,-0.00386,0.00041,0.00206,-54.54620,-44.00000
0.16618,0.15894,0.15763,0.16190,0.16388,0.16585,0.16190,0.16388,0.16519,0.16782,-0.00288,-0.00255,-0.00123,0.00140,-0.00222,-54.54620,-43.00000
0.16059,0.15927,0.16618,0.15894,0.16355,0.16519,0.16421,0.16388,0.16256,0.16552,0.00272,0.00436,0.00337,0.00239,-0.00025,-54.38736,-42.00000
0.16289,0.15533,0.16256,0.16059,0.15894,0.16421,0.16388,0.16256,0.16717,0.16388,0.00107,-0.00288,0.00272,-0.00025,-0.00452,-54.38736,-41.00000
0.16552,0.17309,0.15533,0.15533,0.16782,0.16289,0.16157,0.16289,0.16355,0.16519,0.00041,0.00206,-0.00189,-0.00090,0.00239,-54.68147,-40.00000
0.16289,0.16190,0.16486,0.16125,0.15467,0.16157,0.16289,0.16749,0.16322,0.16256,0.00140,-0.00090,0.00140,-0.00090,-0.00090,-54.68147,-39.00000
0.15335,0.16125,0.16519,0.16125,0.16092,0.16388,0.16125,0.16749,0.16256,0.16552,-0.00353,0.00107,-0.00090,-0.00222,-0.00156,-54.60392,-38.00000
0.15598,0.16388,0.15401,0.16059,0.15598,0.16355,0.15927,0.16388,0.16190,0.16815,0.00008,-0.00156,-0.00090,0.00107,-0.00057,-54.60392,-37.00000
0.15894,0.15993,0.15894,0.16782,0.15598,0.16157,0.16322,0.16289,0.16618,0.16749,-0.00584,0.00008,-0.00090,-0.00386,-0.00057,-53.66182,-36.00000
0.16026,0.15664,0.16026,0.15730,0.16092,0.16519,0.16815,0.16026,0.15796,0.16552,-0.00255,-0.00090,0.00206,-0.00156,-0.00321,-53.66182,-35.00000
0.15829,0.16059,0.16157,0.16190,0.16651,0.16355,0.16190,0.16256,0.16486,0.16421,0.00140,0.00107,-0.00057,-0.00156,-0.00222,-54.67515,-34.00000
0.15697,0.15927,0.16092,0.15533,0.16125,0.16519,0.16585,0.16486,0.16749,0.15960,0.00074,-0.00485,-0.00090,-0.00255,0.00173,-54.67515,-33.00000
0.16157,0.15533,0.15533,0.16256,0.16388,0.15796,0.16223,0.16651,0.16552,0.16651,-0.00123,0.00074,-0.00025,-0.00123,0.00140,-55.31609,-32.00000
0.16388,0.16289,0.16388,0.15861,0.16157,0.16355,0.16322,0.16223,0.16388,0.16421,-0.00156,-0.00057,-0.00156,-0.00057,0.00173,-55.31609,-31.00000
0.15894,0.16190,0.16651,0.15401,0.16026,0.16355,0.16453,0.16914,0.16256,0.16355,-0.00419,-0.00222,0.00074,0.00173,-0.00123,-55.18246,-30.00000
0.15960,0.15664,0.15796,0.16552,0.15565,0.16684,0.16421,0.15927,0.16125,0.16355,-0.00189,-0.00057,-0.00025,0.00337,-0.00057,-55.18246,-29.00000
0.16519,0.15697,0.15730,0.15730,0.16026,0.16388,0.16223,0.16684,0.16421,0.16355,0.00173,0.00173,0.00074,0.00304,0.00041,-55.20842,-28.00000
0.15434,0.16223,0.16157,0.15434,0.15368,0.16223,0.16881,0.16092,0.16552,0.16421,-0.00288,-0.00057,-0.00057,0.00074,0.00370,-55.20842,-27.00000
0.15631,0.15598,0.16059,0.15664,0.15927,0.16355,0.16059,0.16322,0.16289,0.15927,-0.00156,0.00140,-0.00025,-0.00156,0.00140,-56.00020,-26.00000
0.15204,0.16125,0.15204,0.15500,0.15697,0.16453,0.16322,0.16717,0.16453,0.16453,0.00074,-0.00123,0.00206,-0.00255,0.00304,-56.00020,-25.00000
0.15368,0.16092,0.16223,0.15631,0.15697,0.16519,0.17013,0.16453,0.16453,0.16421,-0.00222,-0.00386,-0.00057,0.00304,0.00173,-55.99815,-24.00000
0.15697,0.15467,0.15697,0.15335,0.16026,0.16125,0.16125,0.16552,0.16157,0.16848,-0.00189,-0.00090,-0.00057,0.00173,0.00337,-55.99815,-23.00000
0.15664,0.15467,0.15993,0.15368,0.15697,0.16157,0.16421,0.16092,0.16223,0.16190,-0.00090,-0.00090,-0.00353,-0.00353,0.00140,-55.81646,-22.00000
0.16157,0.16256,0.15763,0.15434,0.15598,0.16585,0.16947,0.15861,0.16585,0.16289,-0.00353,-0.00057,-0.00123,-0.00222,0.00107,-55.81646,-21.00000
0.16059,0.15631,0.15598,0.15204,0.16059,0.16651,0.15927,0.16421,0.16355,0.16026,-0.00452,-0.00057,0.00173,0.00041,0.00206,-56.35794,-20.00000
0.15993,0.15302,0.15697,0.15993,0.15796,0.16256,0.16322,0.16256,0.16519,0.15763,-0.00288,0.00206,0.00206,0.00074,-0.00353,-56.35794,-19.00000
0.15829,0.15993,0.15730,0.15993,0.15598,0.16190,0.16749,0.16486,0.16421,0.16651,-0.00222,0.00403,-0.00090,-0.00057,-0.00025,-55.62282,-18.00000
0.15237,0.15631,0.15631,0.15796,0.15598,0.16256,0.16256,0.16256,0.16289,0.16453,-0.00419,0.00272,-0.00057,-0.00057,-0.00025,-55.62282,-17.00000
0.15697,0.16355,0.15565,0.15368,0.15697,0.16684,0.16421,0.16684,0.16552,0.16026,0.00041,0.00074,-0.00321,-0.00189,0.00304,-55.73133,-16.00000
0.15730,0.15237,0.15434,0.15302,0.16125,0.16618,0.16322,0.16914,0.16092,0.16421,0.00304,0.00107,-0.00057,0.00107,0.00140,-55.73133,-15.00000
0.15993,0.15302,0.15138,0.15467,0.15861,0.16651,0.16157,0.16421,0.16453,0.16026,0.00008,-0.00288,-0.00025,0.00041,-0.00288,-55.48285,-14.00000
0.15796,0.15138,0.15565,0.15072,0.15730,0.16355,0.16388,0.16223,0.16453,0.16388,-0.00025,0.00140,-0.00090,0.00107,-0.00090,-55.48285,-13.00000
0.15237,0.15269,0.15533,0.15763,0.15631,0.16388,0.16289,0.16651,0.16092,0.16092,0.00074,0.00535,-0.00321,0.00337,-0.00584,-54.86301,-12.00000
0.15829,0.15565,0.15993,0.15368,0.16355,0.15796,0.16388,0.16322,0.16585,0.16125,0.00008,-0.00090,0.00041,-0.00288,0.00173,-54.86301,-11.00000
0.15763,0.15434,0.15565,0.15697,0.14941,0.15960,0.16223,0.16519,0.16388,0.16322,-0.00123,-0.00189,-0.00353,-0.00156,0.00041,-55.31969,-10.00000
0.15631,0.15171,0.15960,0.15237,0.16125,0.16190,0.16322,0.16059,0.16552,0.16486,0.00008,-0.00057,-0.00321,-0.00353,-0.00353,-55.31969,-9.00000
0.15565,0.15533,0.15434,0.16092,0.15006,0.16552,0.16223,0.16453,0.16125,0.16486,-0.00156,-0.00156,-0.00057,-0.00288,-0.00321,-53.79754,-8.00000
0.15500,0.15302,0.15697,0.15697,0.15368,0.16092,0.16322,0.16848,0.16453,0.16355,-0.00123,0.00239,-0.00255,-0.00090,-0.00222,-53.79754,-7.00000
0.15763,0.15434,0.15467,0.15598,0.15730,0.16585,0.16059,0.16322,0.16815,0.16519,-0.00057,-0.00321,0.00173,0.00074,0.00074,-51.48129,-6.00000
0.15368,0.15467,0.15105,0.15401,0.15237,0.16092,0.16322,0.16190,0.15960,0.16421,-0.00419,-0.00123,-0.00057,-0.00025,-0.00288,-51.48129,-5.00000
0.15171,0.15171,0.15960,0.15204,0.15796,0.16157,0.16749,0.16453,0.16585,0.16355,-0.00288,0.00239,-0.00255,0.00239,-0.00025,-49.69572,-4.00000
0.15730,0.15302,0.15302,0.15730,0.15533,0.16157,0.16585,0.16256,0.16552,0.16881,0.00008,-0.00222,-0.00255,0.00041,-0.00123,-49.69572,-3.00000
0.15368,0.15598,0.15269,0.15368,0.15269,0.16453,0.15993,0.16355,0.16026,0.16881,-0.00649,-0.00057,0.00206,0.00107,-0.00551,-49.46212,-2.00000
0.15533,0.15533,0.15664,0.15237,0.15434,0.16749,0.16519,0.16519,0.16289,0.16289,-0.00386,-0.00222,-0.00321,0.00041,-0.00057,-49.46212,-1.00000
0.14908,0.15894,0.14842,0.15894,0.15006,0.16223,0.16289,0.16355,0.16388,0.16322,-0.00025,-0.00485,0.00206,0.00008,-0.00123,-52.08458,0.00000
0.15401,0.15697,0.15401,0.15533,0.15335,0.16322,0.16289,0.16223,0.16157,0.16486,-0.00156,-0.00353,0.00370,-0.00222,-0.00222,-52.08458,1.00000
0.14941,0.15401,0.14645,0.14645,0.15664,0.16289,0.15894,0.16651,0.16684,0.16388,-0.00156,-0.00057,-0.00156,-0.00025,-0.00123,-53.90117,2.00000
0.15467,0.15730,0.15269,0.15565,0.14842,0.16519,0.16322,0.16059,0.16157,0.16322,0.00239,-0.00189,0.00074,0.00206,-0.00025,-53.90117,3.00000
0.15368,0.15204,0.15368,0.15039,0.15006,0.16618,0.16585,0.16453,0.16125,0.16388,0.00239,0.00074,-0.00057,-0.00025,0.00074,-54.51895,4.00000
0.15039,0.15401,0.15565,0.15204,0.15335,0.16618,0.16421,0.16355,0.16453,0.16552,-0.00255,-0.00123,0.00337,-0.00025,-0.00057,-54.51895,5.00000
0.15434,0.15171,0.15368,0.14941,0.15269,0.16355,0.16421,0.16749,0.16190,0.16651,-0.00025,-0.00156,-0.00189,0.00304,-0.00189,-55.20381,6.00000
0.15039,0.15368,0.15500,0.14612,0.15138,0.16947,0.16552,0.16223,0.16256,0.16552,-0.00156,0.00272,-0.00255,0.00008,0.00107,-55.20381,7.00000
0.15467,0.15401,0.14809,0.14908,0.14908,0.16782,0.16453,0.16125,0.16453,0.16223,-0.00025,-0.00288,0.00206,-0.00288,0.00206,-55.72446,8.00000
0.15631,0.15730,0.15664,0.15072,0.15302,0.16717,0.16421,0.16092,0.16552,0.16421,-0.00156,0.00140,0.00041,0.00074,0.00008,-55.72446,9.00000
0.15072,0.15335,0.15598,0.15204,0.15434,0.16684,0.16618,0.15993,0.16092,0.15993,-0.00386,0.00008,-0.00156,-0.00025,0.00008,-55.68450,10.00000
0.15269,0.14579,0.15138,0.15796,0.14809,0.16026,0.16421,0.16289,0.16125,0.16519,-0.00288,0.00206,-0.00255,-0.00255,0.00239,-55.68450,11.00000
0.15269,0.15171,0.15302,0.15171,0.15500,0.16322,0.16585,0.16848,0.16585,0.16092,-0.00123,0.00107,0.00107,-0.00222,-0.00255,-55.18356,12.00000
0.15697,0.14645,0.15401,0.15533,0.14941,0.16355,0.16388,0.16453,0.16125,0.16256,0.00272,0.00239,0.00107,-0.00156,-0.00353,-55.18356,13.00000
0.14875,0.15533,0.15302,0.14677,0.15664,0.16125,0.16355,0.16618,0.16552,0.16421,0.00239,-0.00123,0.00436,-0.00288,0.00107,-55.83885,14.00000
0.14809,0.15269,0.15171,0.14941,0.15664,0.16421,0.16355,0.16289,0.16289,0.15894,-0.00057,0.00107,0.00272,-0.00255,0.00173,-55.83885,15.00000
0.14875,0.15565,0.15171,0.14842,0.15368,0.16651,0.16322,0.16190,0.16092,0.16223,0.00074,-0.00123,-0.00485,0.00041,-0.00025,-55.56347,16.00000
0.15072,0.15434,0.14612,0.15006,0.15401,0.16453,0.16092,0.16421,0.16125,0.16157,-0.00189,-0.00255,0.00074,0.00370,-0.00090,-55.56347,17.00000
0.14973,0.14908,0.15105,0.14973,0.15401,0.16190,0.16421,0.16355,0.16289,0.16388,0.00107,-0.00189,-0.00123,-0.00123,0.00337,-55.98974,18.00000
0.14973,0.15072,0.14710,0.14710,0.14414,0.16190,0.16684,0.16092,0.16190,0.16618,-0.00123,0.00304,0.00008,-0.00255,-0.00452,-55.98974,19.00000
0.14842,0.15006,0.15105,0.15269,0.13888,0.16453,0.16519,0.16519,0.15730,0.16092,-0.00353,-0.00090,0.00337,-0.00057,-0.00123,-55.01636,20.00000
0.14677,0.15434,0.15269,0.15006,0.14908,0.16355,0.16092,0.16552,0.16651,0.16717,-0.00353,-0.00222,-0.00189,-0.00090,-0.00025,-55.01636,21.00000
0.14677,0.14710,0.15138,0.14612,0.15368,0.16519,0.16552,0.16355,0.16453,0.16980,0.00041,-0.00288,-0.00222,0.00008,-0.00090,-55.52820,22.00000
0.14973,0.14875,0.15105,0.15171,0.15368,0.16421,0.16848,0.16092,0.16585,0.16388,0.00370,0.00140,-0.00682,-0.00321,-0.00288,-55.52820,23.00000
0.15237,0.13921,0.14875,0.14973,0.14941,0.16881,0.16684,0.16355,0.16322,0.16388,-0.00189,-0.00156,-0.00123,-0.00123,-0.00025,-54.92474,24.00000
0.15039,0.14677,0.14809,0.14776,0.14480,0.17045,0.16519,0.16289,0.16453,0.15960,0.00107,-0.00090,-0.00156,0.00107,0.00074,-54.92474,25.00000
0.15368,0.14184,0.14941,0.14743,0.15105,0.16355,0.16815,0.16388,0.16453,0.16749,0.00041,0.00206,0.00304,-0.00255,0.00107,-55.02341,26.00000
0.14875,0.15006,0.14743,0.14250,0.14710,0.16453,0.16157,0.16157,0.16421,0.16651,-0.00090,0.00173,0.00173,0.00041,0.00140,-55.02341,27.00000
0.14645,0.14776,0.14612,0.14677,0.14743,0.15861,0.16256,0.16125,0.16782,0.16355,0.00008,-0.00189,-0.00189,-0.00123,0.00041,-54.16209,28.00000
0.15302,0.14743,0.14283,0.14908,0.14710,0.16190,0.16585,0.16618,0.16782,0.16125,0.00502,0.00304,0.00041,-0.00222,-0.00419,-54.16209,29.00000
0.14677,0.15105,0.14612,0.15006,0.14743,0.16289,0.16651,0.16289,0.16289,0.16157,0.00140,-0.00288,-0.00090,-0.00090,0.00107,-54.28808,30.00000
0.15204,0.14513,0.14612,0.14875,0.15072,0.16782,0.16552,0.16717,0.16717,0.16157,-0.00057,-0.00189,-0.00321,-0.00222,0.00206,-54.28808,31.00000
0.14677,0.14941,0.14776,0.14710,0.14579,0.16355,0.16190,0.16388,0.16355,0.16388,0.00008,0.00272,0.00140,0.00041,0.00272,-54.86132,32.00000
0.14546,0.14842,0.14842,0.15269,0.14776,0.16848,0.15664,0.16585,0.16388,0.16256,-0.00156,-0.00189,0.00370,0.00008,0.00041,-54.86132,33.00000
0.14743,0.14776,0.14447,0.15664,0.14414,0.16486,0.16223,0.16092,0.16749,0.16388,-0.00156,0.00008,-0.00156,0.00107,-0.00321,-55.05762,34.00000
0.14316,0.14973,0.14381,0.14645,0.14513,0.16585,0.16388,0.16552,0.16585,0.16453,0.00173,0.00008,0.00107,-0.00419,0.00041,-55.05762,35.00000
0.14316,0.14743,0.14381,0.14875,0.14414,0.16092,0.16486,0.16289,0.16651,0.16453,-0.00025,-0.00222,-0.00090,-0.00057,-0.00123,-55.01904,36.00000
0.14447,0.14645,0.14941,0.14085,0.15368,0.16684,0.16125,0.16388,0.15993,0.16092,-0.00189,0.00074,0.00107,-0.00156,0.00107,-55.01904,37.00000
0.14447,0.14546,0.14283,0.14908,0.14480,0.16749,0.16125,0.16651,0.16125,0.16453,0.00173,-0.00025,0.00140,-0.00123,0.00272,-54.93384,38.00000
0.14480,0.14480,0.14052,0.14184,0.14842,0.16453,0.16289,0.16190,0.15927,0.16059,0.00173,-0.00025,0.00107,0.00074,0.00337,-54.93384,39.00000
0.14612,0.14184,0.14513,0.14151,0.14381,0.16486,0.16256,0.16749,0.16355,0.16421,-0.00025,0.00304,-0.00025,-0.00156,0.00041,-55.35266,40.00000
0.13855,0.14151,0.14283,0.14645,0.14151,0.16289,0.16322,0.17210,0.16552,0.15993,-0.00353,-0.00090,-0.00321,0.00140,-0.00353,-55.35266,41.00000
0.14085,0.14776,0.14184,0.13921,0.14283,0.16092,0.16223,0.15960,0.16421,0.16519,0.00272,-0.00288,-0.00057,0.00107,0.00206,-55.64264,42.00000
0.14480,0.14348,0.14184,0.14316,0.14085,0.16486,0.16486,0.16453,0.16223,0.16256,0.00074,-0.00057,-0.00189,-0.00189,0.00304,-55.64264,43.00000
0.14612,0.14480,0.13954,0.13789,0.15006,0.16486,0.16453,0.16519,0.16322,0.16125,-0.00156,0.00173,-0.00025,-0.00025,-0.00057,-55.29446,44.00000
0.14941,0.14546,0.14052,0.14743,0.14283,0.16125,0.16289,0.16256,0.16618,0.16684,-0.00353,-0.00025,0.00107,-0.00025,-0.00288,-55.29446,45.00000
0.13987,0.14710,0.14414,0.14546,0.13855,0.16355,0.16618,0.16059,0.16289,0.16289,-0.00156,0.00008,0.00107,0.00008,-0.00288,-55.87233,46.00000
0.14184,0.14184,0.13756,0.14546,0.14118,0.16157,0.15467,0.16157,0.16059,0.16782,0.00140,0.00239,-0.00321,0.00304,-0.00123,-55.87233,47.00000
0.13822,0.14020,0.14480,0.14217,0.14217,0.16190,0.16157,0.15960,0.16289,0.16618,0.00436,0.00140,0.00206,-0.00025,0.00140,-55.27747,48.00000
0.13855,0.14184,0.13987,0.14743,0.14184,0.16552,0.16388,0.16190,0.16289,0.16256,-0.00090,0.00370,0.00206,-0.00222,0.00074,-55.27747,49.00000
0.14085,0.14250,0.13822,0.14283,0.14118,0.16618,0.16355,0.16388,0.16355,0.16453,0.00008,-0.00419,0.00173,-0.00025,-0.00321,-55.53913,50.00000
0.14250,0.14085,0.14020,0.14217,0.14052,0.16059,0.15993,0.16026,0.16552,0.16322,-0.00156,0.00008,0.00239,-0.00123,0.00535,-55.53913,51.00000
0.14743,0.13888,0.14052,0.13888,0.14316,0.16552,0.15894,0.16453,0.15993,0.16519,-0.00222,0.00140,0.00041,-0.00156,0.00140,-55.06693,52.00000
0.14381,0.14348,0.14283,0.14447,0.14612,0.16388,0.16585,0.16355,0.15763,0.16157,-0.00057,-0.00123,-0.00025,-0.00057,-0.00222,-55.06693,53.00000
0.14250,0.14513,0.13625,0.13559,0.13888,0.16552,0.16322,0.16157,0.16059,0.16421,-0.00156,0.00206,0.00140,-0.00222,-0.00123,-54.66237,54.00000
0.14151,0.13724,0.13197,0.14381,0.13658,0.16322,0.16125,0.16256,0.16782,0.16519,-0.00057,0.00008,0.00041,0.00107,0.00173,-54.66237,55.00000
0.13724,0.13921,0.14184,0.13428,0.14809,0.16355,0.15861,0.15993,0.16026,0.16421,-0.00288,0.00107,0.00206,-0.00090,0.00107,-54.66761,56.00000
0.14776,0.13756,0.14250,0.13789,0.13987,0.16190,0.16322,0.16421,0.16223,0.16453,0.00107,-0.00123,-0.00255,-0.00025,0.00041,-54.66761,57.00000
0.13724,0.13625,0.13592,0.14151,0.14250,0.16519,0.16684,0.16355,0.16256,0.16092,-0.00353,-0.00189,-0.00288,0.00272,-0.00353,-54.20881,58.00000
0.13592,0.13789,0.14250,0.14348,0.13921,0.16059,0.16585,0.16125,0.16421,0.17013,-0.00057,-0.00090,0.00239,-0.00255,-0.00288,-54.20881,59.00000
0.13756,0.13526,0.13954,0.13428,0.13756,0.15894,0.16289,0.16289,0.16289,0.16355,-0.00189,0.00008,-0.00025,-0.00057,-0.00189,-54.42374,60.00000
0.13756,0.13724,0.13658,0.13855,0.14020,0.15960,0.16322,0.16421,0.16519,0.16059,0.00173,-0.00090,0.00173,-0.00057,0.00074,-54.42374,61.00000
0.13691,0.13987,0.14052,0.13395,0.13625,0.16092,0.16322,0.16552,0.16223,0.16190,0.00304,0.00304,0.00074,-0.00321,-0.00090,-54.26753,62.00000
0.13362,0.13658,0.14250,0.14250,0.13296,0.16223,0.16289,0.16223,0.16421,0.16026,-0.00025,-0.00123,0.00140,0.00107,-0.00189,-54.26753,63.00000
0.14118,0.13625,0.13855,0.13789,0.13756,0.16026,0.16223,0.16223,0.16256,0.15993,-0.00288,0.00140,-0.00123,-0.00222,0.00272,-54.76560,64.00000
0.13329,0.13164,0.13362,0.13460,0.13822,0.16289,0.16684,0.16453,0.16256,0.16322,0.00337,-0.00025,0.00173,0.00370,0.00140,-54.76560,65.00000
0.13724,0.13625,0.13822,0.13362,0.13888,0.16322,0.16223,0.16059,0.16256,0.16125,0.00140,0.00008,-0.00189,-0.00321,-0.00222,-54.78515,66.00000
0.13822,0.13855,0.13855,0.13789,0.13625,0.16157,0.16355,0.16026,0.15960,0.16421,-0.00321,-0.00288,-0.00452,-0.00123,-0.00123,-54.78515,67.00000
0.13592,0.13658,0.13230,0.13592,0.12803,0.16125,0.16519,0.16190,0.16190,0.16157,-0.00090,0.00206,0.00140,0.00041,-0.00321,-55.90820,68.00000
0.13263,0.13691,0.13066,0.13822,0.13230,0.16486,0.16519,0.16453,0.16190,0.16355,0.00107,-0.00156,0.00140,0.00041,0.00041,-55.90820,69.00000
0.13296,0.13691,0.13625,0.13099,0.14151,0.16157,0.16289,0.16585,0.16355,0.16552,-0.00156,-0.00353,-0.00189,-0.00057,0.00206,-55.55664,70.00000
0.13164,0.13460,0.13592,0.13559,0.13855,0.15993,0.16355,0.16322,0.16289,0.16322,0.00140,-0.00123,-0.00288,-0.00189,-0.00321,-55.55664,71.00000
0.13822,0.12901,0.13921,0.12605,0.13559,0.15927,0.16815,0.16223,0.16223,0.16749,-0.00255,0.00008,-0.00156,0.00502,0.00304,-55.32226,72.00000
0.13099,0.13362,0.13296,0.12770,0.13460,0.16190,0.16289,0.16223,0.15401,0.16421,-0.00353,-0.00551,-0.00090,0.00173,0.00041,-55.32226,73.00000
0.13230,0.13263,0.13296,0.13263,0.13000,0.16651,0.16256,0.16289,0.16059,0.16355,0.00206,-0.00025,-0.00090,0.00304,-0.00386,-55.75195,74.00000
0.14217,0.13296,0.13033,0.12967,0.13296,0.16322,0.16684,0.16256,0.16322,0.16355,0.00140,-0.00025,-0.00419,-0.00025,-0.00452,-55.75195,75.00000
0.13132,0.13362,0.13033,0.13099,0.13164,0.15993,0.16223,0.16749,0.16322,0.16552,0.00008,-0.00288,0.00173,0.00173,-0.00288,-55.74219,76.00000
0.13329,0.13000,0.13691,0.13099,0.13000,0.16256,0.16355,0.16980,0.16355,0.16717,0.00173,-0.00617,-0.00156,-0.00057,0.00140,-55.74219,77.00000
0.13756,0.13625,0.13099,0.12967,0.12770,0.15993,0.16717,0.16519,0.16421,0.16355,0.00041,0.00173,0.00008,-0.00025,0.00074,-55.76416,78.00000
0.13164,0.13197,0.13789,0.13428,0.13395,0.16092,0.15894,0.16848,0.16322,0.16486,-0.00025,-0.00025,-0.00189,-0.00386,0.00041,-55.76416,79.00000
0.13395,0.13526,0.12572,0.13559,0.13921,0.16223,0.16486,0.16092,0.16684,0.16717,-0.00419,0.00041,-0.00353,0.00074,-0.00090,-55.40161,80.00000
0.13493,0.13362,0.13033,0.13296,0.13362,0.16388,0.16256,0.16289,0.16388,0.16486,-0.00123,0.00337,0.00074,-0.00090,-0.00189,-55.40161,81.00000
0.13888,0.13592,0.12605,0.13954,0.13197,0.16486,0.16717,0.16322,0.16157,0.16125,-0.00025,-0.00189,0.00074,-0.00025,0.00107,-55.02014,82.00000
0.13197,0.13691,0.13329,0.12704,0.12868,0.16453,0.16190,0.16815,0.16914,0.16322,0.00304,0.00239,-0.00222,-0.00057,-0.00386,-55.02014,83.00000
0.12934,0.13230,0.13362,0.12901,0.13493,0.16618,0.16519,0.16289,0.16223,0.16914,-0.00386,0.00140,0.00107,0.00074,-0.00189,-55.01984,84.00000
0.12967,0.12276,0.13230,0.12605,0.13132,0.16223,0.16684,0.16322,0.16125,0.16355,-0.00386,0.00403,0.00041,0.00008,0.00074,-55.01984,85.00000
0.12572,0.13888,0.12803,0.13263,0.12836,0.16914,0.15927,0.16453,0.16388,0.16486,-0.00057,-0.00518,-0.00156,0.00140,0.00074,-54.14810,86.00000
0.12967,0.12836,0.12836,0.13296,0.12770,0.16749,0.16092,0.16453,0.16388,0.16914,0.00206,-0.00090,-0.00156,-0.00025,-0.00288,-54.14810,87.00000
0.12868,0.13263,0.12704,0.13066,0.12671,0.16453,0.16322,0.16388,0.16585,0.15697,-0.00025,-0.00057,-0.00189,0.00074,-0.00123,-54.27864,88.00000
0.13362,0.13033,0.12770,0.13033,0.13066,0.16453,0.16519,0.16453,0.16421,0.16026,-0.00321,-0.00156,0.00403,-0.00288,0.00008,-54.27864,89.00000
0.12868,0.13033,0.12671,0.12474,0.12836,0.16421,0.16552,0.15960,0.16223,0.16223,-0.00123,0.00041,-0.00222,0.00337,0.00140,-54.01676,90.00000
0.13493,0.12967,0.12868,0.12901,0.12868,0.16289,0.16355,0.16684,0.16157,0.16092,-0.00090,0.00041,0.00140,0.00008,0.00173,-54.01676,91.00000
0.13296,0.13197,0.12770,0.12803,0.12934,0.16190,0.16519,0.16651,0.16618,0.16486,0.00008,-0.00222,-0.00090,-0.00255,0.00008,-55.17000,92.00000
0.12605,0.13033,0.12704,0.13099,0.13296,0.16289,0.16618,0.16190,0.16157,0.16684,-0.00057,-0.00057,-0.00090,-0.00025,-0.00123,-55.17000,93.00000
0.12178,0.13033,0.12342,0.13000,0.12408,0.16684,0.16256,0.16421,0.16486,0.16092,-0.00189,0.00140,-0.00057,-0.00485,0.00008,-55.18510,94.00000
0.12901,0.12540,0.13099,0.12441,0.12408,0.16618,0.15993,0.16289,0.16618,0.16026,-0.00255,0.00107,0.00239,-0.00057,-0.00025,-55.18510,95.00000
0.12868,0.12342,0.12605,0.12572,0.13132,0.16684,0.16256,0.16717,0.16092,0.16223,0.00206,-0.00090,-0.00189,-0.00255,0.00008,-55.67849,96.00000
0.12704,0.12770,0.12704,0.12770,0.12211,0.16486,0.16125,0.15894,0.15993,0.16256,-0.00025,-0.00057,0.00436,-0.00057,0.00206,-55.67849,97.00000
0.13263,0.12507,0.12211,0.12770,0.12572,0.16059,0.16618,0.16157,0.16092,0.16092,-0.00057,-0.00025,0.00074,0.00074,0.00140,-55.74940,98.00000
0.12408,0.12178,0.12836,0.12211,0.12934,0.15960,0.15796,0.16157,0.16749,0.16421,0.00206,-0.00123,-0.00090,0.00436,-0.00189,-55.74940,99.00000
0.12605,0.12112,0.11816,0.12605,0.12079,0.16388,0.16486,0.16519,0.16519,0.16453,-0.00057,-0.00321,0.00041,0.00107,0.00107,-55.85322,100.00000
0.12605,0.12605,0.12605,0.12474,0.12145,0.16585,0.16421,0.16092,0.16684,0.16585,-0.00057,-0.00288,0.00041,0.00206,0.00074,-55.85322,101.00000
0.13592,0.12342,0.12211,0.12638,0.12178,0.17045,0.16059,0.16947,0.16289,0.16486,-0.00057,0.00107,-0.00123,-0.00156,-0.00222,-56.52768,102.00000
0.12605,0.13132,0.12309,0.12605,0.12507,0.15993,0.16223,0.16388,0.16782,0.15861,0.00008,-0.00452,-0.00123,0.00173,0.00140,-56.52768,103.00000
0.12408,0.12507,0.12836,0.12145,0.12408,0.16256,0.16355,0.16881,0.16815,0.16552,0.00239,-0.00057,0.00074,0.00041,0.00140,-55.71501,104.00000
0.11684,0.13099,0.12211,0.12540,0.12441,0.16651,0.16059,0.16092,0.15730,0.16157,-0.00222,0.00041,-0.00057,-0.00057,0.00074,-55.71501,105.00000
0.12309,0.12112,0.12474,0.12276,0.12244,0.16388,0.16289,0.16223,0.16026,0.16157,-0.00222,-0.00321,0.00173,0.00008,0.00008,-55.63094,106.00000
0.12046,0.12211,0.11586,0.12309,0.11882,0.16388,0.16453,0.16092,0.16289,0.16026,-0.00057,0.00239,-0.00025,0.00107,-0.00189,-55.63094,107.00000
0.11783,0.12145,0.11750,0.12244,0.11652,0.15960,0.16453,0.16618,0.16486,0.16026,0.00074,-0.00090,0.00436,0.00041,-0.00025,-54.78325,108.00000
0.12211,0.11915,0.13132,0.12178,0.12441,0.15894,0.16519,0.16388,0.16256,0.16651,-0.00189,-0.00123,0.00008,0.00239,-0.00090,-54.78325,109.00000
0.12079,0.12441,0.12145,0.11882,0.11487,0.16092,0.16289,0.16190,0.15993,0.16421,0.00173,0.00008,-0.00156,-0.00156,-0.00123,-55.02834,110.00000
0.12342,0.12013,0.11915,0.11948,0.12342,0.16355,0.16190,0.16059,0.16552,0.16322,0.00008,0.00074,-0.00255,-0.00156,0.00107,-55.02834,111.00000
0.12507,0.11717,0.12474,0.11750,0.12276,0.16355,0.15730,0.15993,0.16355,0.16256,-0.00123,-0.00222,0.00074,0.00370,-0.00321,-54.74806,112.00000
0.11849,0.11980,0.11783,0.12737,0.11783,0.16486,0.16289,0.16848,0.16388,0.16092,-0.00123,-0.00288,-0.00156,0.00140,-0.00025,-54.74806,113.00000
0.11783,0.11816,0.11915,0.11882,0.12079,0.16618,0.16651,0.16486,0.16453,0.16585,0.00239,-0.00222,0.00074,0.00337,-0.00255,-54.28565,114.00000
0.12572,0.11849,0.11684,0.11783,0.12342,0.16486,0.16684,0.15861,0.15993,0.16190,-0.00057,0.00304,-0.00090,0.00008,0.00107,-54.28565,115.00000
0.12244,0.12046,0.11915,0.11915,0.11684,0.16322,0.15697,0.16322,0.16519,0.16256,-0.00518,0.00206,0.00008,0.00140,-0.00321,-54.11304,116.00000
0.11586,0.12441,0.12013,0.11520,0.12145,0.16059,0.16322,0.16552,0.16355,0.15861,-0.00057,-0.00057,0.00140,-0.00156,-0.00386,-54.11304,117.00000
0.12013,0.11619,0.11783,0.11750,0.11717,0.16190,0.16421,0.16552,0.16684,0.16585,-0.00025,-0.00156,-0.00189,-0.00025,-0.00025,-54.61267,118.00000
0.11553,0.11619,0.11619,0.11257,0.11717,0.16486,0.16059,0.16388,0.16486,0.16585,0.00337,0.00074,0.00173,-0.00156,0.00173,-54.61267,119.00000
0.11882,0.11454,0.11816,0.12013,0.11684,0.16092,0.16157,0.15927,0.15993,0.16519,0.00107,-0.00551,-0.00123,0.00173,0.00107,-54.88202,120.00000
0.12112,0.11652,0.11816,0.11290,0.12013,0.16585,0.16355,0.16190,0.16289,0.16026,-0.00222,0.00107,0.00107,-0.00123,-0.00715,-54.88202,121.00000
0.11224,0.11750,0.11586,0.11059,0.11421,0.16190,0.16421,0.16552,0.16421,0.16421,-0.00156,-0.00189,0.00074,-0.00321,-0.00025,-54.54550,122.00000
0.11882,0.11191,0.11454,0.11882,0.11355,0.16223,0.15730,0.16059,0.16157,0.16322,-0.00189,-0.00386,-0.00123,0.00173,-0.00090,-54.54550,123.00000
0.11586,0.11059,0.11487,0.11454,0.11421,0.15763,0.15829,0.15763,0.16092,0.16289,-0.00025,0.00272,-0.00090,0.00041,-0.00321,-54.74834,124.00000
0.11619,0.11191,0.11948,0.11257,0.11652,0.15894,0.16947,0.16322,0.15927,0.15730,-0.00025,-0.00025,-0.00123,-0.00222,-0.00057,-54.74834,125.00000
0.11454,0.11323,0.11849,0.11323,0.11520,0.16190,0.16059,0.15730,0.16519,0.16157,0.00370,-0.00452,-0.00057,0.00107,0.00107,-55.07436,126.00000
0.11520,0.11915,0.11454,0.11388,0.11816,0.16289,0.16125,0.16980,0.15927,0.16223,0.00173,-0.00057,-0.00386,-0.00025,0.00008,-55.07436,127.00000
0.11323,0.10665,0.10961,0.11487,0.10829,0.16388,0.16157,0.16190,0.16092,0.16618,-0.00189,-0.00090,0.00239,0.00074,-0.00189,-55.28376,128.00000
0.10763,0.11520,0.11224,0.11421,0.10994,0.16453,0.15960,0.16388,0.16092,0.16322,-0.00222,-0.00025,0.00107,-0.00156,-0.00123,-55.28376,129.00000
0.11191,0.10862,0.11454,0.11257,0.11487,0.16223,0.16684,0.16388,0.16355,0.16388,0.00107,-0.00255,-0.00156,-0.00057,-0.00090,-54.88553,130.00000
0.10928,0.11158,0.11684,0.11257,0.11684,0.16355,0.15763,0.16322,0.16651,0.16552,-0.00057,0.00173,-0.00222,-0.00090,-0.00123,-54.88553,131.00000
0.10895,0.10796,0.11158,0.11421,0.10829,0.16092,0.16421,0.16092,0.16453,0.15763,-0.00156,0.00107,0.00008,-0.00288,-0.00452,-55.73134,132.00000
0.10928,0.11257,0.11355,0.11388,0.11191,0.16486,0.16486,0.16322,0.16585,0.16651,-0.00386,0.00008,0.00074,-0.00123,-0.00057,-55.73134,133.00000
0.11059,0.11355,0.11257,0.10994,0.11224,0.16322,0.16026,0.16190,0.16223,0.16125,0.00272,-0.00057,-0.00156,-0.00090,-0.00156,-55.46577,134.00000
0.11027,0.11191,0.11388,0.11355,0.11059,0.16256,0.15829,0.16157,0.16289,0.16092,-0.00090,-0.00222,-0.00057,0.00239,-0.00090,-55.46577,135.00000
0.10862,0.10796,0.11059,0.10763,0.11717,0.16223,0.16388,0.16092,0.16388,0.16421,0.00272,0.00074,0.00041,0.00304,-0.00255,-55.73337,136.00000
0.10928,0.11191,0.10928,0.10796,0.11454,0.16157,0.16026,0.16388,0.16749,0.15763,-0.00156,0.00206,-0.00057,-0.00123,0.00239,-55.73337,137.00000
0.10402,0.11224,0.10994,0.11027,0.10928,0.15960,0.16256,0.16026,0.16486,0.16519,0.00074,0.00304,-0.00288,-0.00452,-0.00255,-55.46434,138.00000
0.11421,0.10961,0.11059,0.10928,0.11257,0.16355,0.16388,0.16388,0.16256,0.15894,-0.00123,-0.00321,-0.00156,-0.00025,0.00140,-55.46434,139.00000
0.11191,0.10435,0.10862,0.11027,0.10731,0.16059,0.16388,0.15927,0.16519,0.16125,-0.00288,-0.00189,-0.00715,-0.00057,-0.00123,-55.67407,140.00000
0.10237,0.10862,0.10961,0.10994,0.10928,0.16486,0.16552,0.16059,0.16223,0.16749,0.00239,-0.00353,-0.00025,-0.00255,0.00239,-55.67407,141.00000
0.11125,0.10237,0.10731,0.11421,0.10500,0.15894,0.16585,0.16190,0.16453,0.16223,0.00074,0.00008,0.00074,-0.00090,0.00272,-55.81555,142.00000
0.10796,0.10566,0.10566,0.11191,0.10665,0.15861,0.16421,0.16322,0.16618,0.16289,-0.00189,-0.00025,0.00206,-0.00222,0.00074,-55.81555,143.00000
0.10698,0.10961,0.10599,0.10369,0.10665,0.15960,0.16092,0.15730,0.16256,0.16421,-0.00222,-0.00025,-0.00025,-0.00156,0.00140,-54.85358,144.00000
0.10632,0.10435,0.10829,0.10533,0.10796,0.16914,0.16651,0.16125,0.16486,0.16092,0.00140,0.00206,-0.00288,-0.00419,0.00041,-54.85358,145.00000
0.09941,0.10599,0.10928,0.11092,0.10402,0.16125,0.16223,0.15894,0.16059,0.16519,-0.00123,0.00140,0.00041,-0.00057,-0.00025,-54.74856,146.00000
0.10500,0.10566,0.10698,0.10237,0.10928,0.16717,0.15960,0.16388,0.15960,0.16453,0.00140,-0.00090,0.00239,-0.00255,0.00206,-54.74856,147.00000
0.10533,0.10928,0.10566,0.10566,0.10632,0.16717,0.16223,0.16223,0.16355,0.16388,-0.00189,-0.00025,-0.00057,-0.00189,0.00008,-54.39333,148.00000
0.10599,0.10237,0.09810,0.10533,0.09941,0.16190,0.16552,0.15927,0.16026,0.16782,0.00173,-0.00090,0.00337,-0.00353,0.00074,-54.39333,149.00000
0.10435,0.10139,0.10665,0.10402,0.10763,0.16815,0.16289,0.16782,0.16059,0.16453,-0.00025,0.00041,0.00140,0.00469,-0.00156,-54.41834,150.00000
0.10599,0.10500,0.10369,0.10435,0.10731,0.16092,0.16026,0.16618,0.16322,0.16256,0.00074,0.00206,0.00008,0.00008,0.00304,-54.41834,151.00000
0.10500,0.10336,0.10270,0.10467,0.10599,0.16157,0.16585,0.16388,0.16486,0.16322,-0.00321,-0.00156,-0.00123,0.00041,0.00304,-54.24530,152.00000
0.10369,0.09974,0.10007,0.10763,0.09843,0.16355,0.16486,0.16223,0.15861,0.15796,0.00403,-0.00156,0.00140,-0.00025,0.00008,-54.24530,153.00000
0.10599,0.10270,0.10139,0.10106,0.09875,0.16486,0.16256,0.16256,0.16355,0.15829,-0.00222,0.00206,0.00337,0.00008,-0.00123,-53.88291,154.00000
0.10270,0.10106,0.09875,0.10007,0.10237,0.16190,0.15796,0.16190,0.16618,0.16684,-0.00025,-0.00189,0.00008,-0.00025,0.00041,-53.88291,155.00000
0.10533,0.09941,0.10632,0.09612,0.11027,0.16355,0.15861,0.16322,0.16092,0.16552,-0.00025,0.00206,0.00239,-0.00189,0.00008,-54.36333,156.00000
0.10073,0.10171,0.10073,0.10171,0.10402,0.15894,0.16059,0.15730,0.16026,0.16026,0.00272,-0.00156,0.00008,-0.00156,-0.00090,-54.36333,157.00000
0.10698,0.10369,0.10665,0.10402,0.10467,0.16026,0.15993,0.15960,0.16388,0.16421,-0.00189,0.00206,-0.00353,-0.00057,-0.00090,-55.67776,158.00000
0.10073,0.10402,0.09645,0.09514,0.10237,0.16059,0.15927,0.16157,0.16749,0.16585,0.00041,-0.00090,-0.00386,0.00206,-0.00025,-55.67776,159.00000
0.10336,0.09678,0.09645,0.09382,0.10171,0.16026,0.16289,0.15960,0.16289,0.16355,0.00173,0.00074,-0.00189,0.00041,-0.00255,-55.05323,160.00000
0.10237,0.09843,0.10336,0.09974,0.10040,0.16289,0.15796,0.16585,0.16157,0.16125,0.00041,-0.00156,0.00074,0.00173,-0.00025,-55.05323,161.00000
0.10303,0.10171,0.09777,0.09908,0.09941,0.15927,0.16059,0.16388,0.15960,0.16092,-0.00156,-0.00156,0.00008,-0.00156,-0.00222,-55.22193,162.00000
0.09678,0.09908,0.09843,0.09382,0.09843,0.16289,0.16453,0.16190,0.15960,0.16190,0.00107,0.00107,0.00206,-0.00419,0.00239,-55.22193,163.00000
0.09777,0.09612,0.09645,0.09941,0.09974,0.16026,0.15927,0.16749,0.16388,0.16519,-0.00288,-0.00551,0.00173,0.00239,-0.00025,-56.09729,164.00000
0.09579,0.10171,0.09711,0.09448,0.10500,0.16421,0.15763,0.16453,0.16486,0.16322,-0.00090,-0.00025,0.00107,-0.00321,0.00206,-56.09729,165.00000
0.09711,0.09810,0.09843,0.09579,0.09711,0.16059,0.15763,0.16256,0.16092,0.15960,-0.00551,0.00370,0.00107,-0.00156,-0.00189,-55.66828,166.00000
0.09875,0.09777,0.09645,0.10435,0.09316,0.15796,0.16157,0.16421,0.15829,0.16157,-0.00222,0.00304,0.00041,-0.00025,-0.00090,-55.66828,167.00000
0.09941,0.09020,0.09349,0.09678,0.09185,0.16223,0.15829,0.16322,0.16289,0.16618,-0.00090,-0.00255,0.00041,-0.00156,-0.00321,-55.38052,168.00000
0.10204,0.10171,0.09941,0.09941,0.09645,0.16618,0.15796,0.15861,0.16092,0.16552,-0.00123,0.00140,0.00173,-0.00057,-0.00353,-55.38052,169.00000
0.09843,0.09810,0.09744,0.09349,0.09448,0.15796,0.15861,0.16486,0.16223,0.16453,-0.00123,0.00239,-0.00025,-0.00353,-0.00255,-55.32698,170.00000
0.09810,0.09744,0.09645,0.09349,0.09875,0.16519,0.16651,0.16059,0.16519,0.15796,0.00206,-0.00156,-0.00156,0.00272,-0.00353,-55.32698,171.00000
0.09415,0.09185,0.10040,0.08987,0.09744,0.16815,0.16684,0.16092,0.16453,0.15894,-0.00419,-0.00090,-0.00321,0.00304,0.00140,-55.49064,172.00000
0.09448,0.09908,0.09382,0.09481,0.09119,0.16717,0.16092,0.16190,0.16289,0.16026,-0.00584,-0.00123,-0.00222,0.00206,0.00173,-55.49064,173.00000
0.09547,0.09579,0.09547,0.09645,0.09053,0.16486,0.16322,0.16092,0.16421,0.15993,0.00041,-0.00189,-0.00222,-0.00222,-0.00025,-54.73262,174.00000
0.09579,0.08889,0.09612,0.09382,0.08889,0.16223,0.16486,0.16289,0.16092,0.16190,-0.00025,-0.00189,-0.00025,0.00074,-0.00057,-54.73262,175.00000
0.09415,0.09941,0.09810,0.09316,0.08856,0.15861,0.16618,0.16092,0.16190,0.16519,-0.00189,0.00403,0.00107,0.00041,-0.00090,-54.36827,176.00000
0.09481,0.09218,0.09415,0.08823,0.09415,0.16125,0.16651,0.16453,0.15894,0.16749,0.00008,-0.00057,-0.00419,-0.00123,0.00008,-54.36827,177.00000
0.09119,0.09251,0.08922,0.09547,0.09349,0.15960,0.16190,0.16026,0.16256,0.16519,0.00272,0.00370,-0.00057,-0.00551,-0.00156,-54.59136,178.00000
0.09481,0.09251,0.09283,0.09152,0.09678,0.15993,0.16256,0.15533,0.16749,0.16289,-0.00025,0.00239,0.00074,0.00140,-0.00025,-54.59136,179.00000
0.09185,0.09382,0.08757,0.09612,0.09481,0.16289,0.16322,0.16256,0.16355,0.16322,-0.00025,0.00206,-0.00222,-0.00189,-0.00123,-55.19607,180.00000
0.08856,0.09119,0.09185,0.09218,0.09185,0.16190,0.16717,0.16453,0.16421,0.16059,-0.00057,0.00206,0.00304,0.00239,-0.00057,-55.19607,181.00000
0.08428,0.09481,0.09185,0.08724,0.08626,0.15861,0.16453,0.16026,0.16026,0.16749,-0.00123,0.00239,0.00173,-0.00518,0.00173,-55.09315,182.00000
0.08757,0.08987,0.08593,0.09053,0.08790,0.15993,0.16092,0.16519,0.16157,0.16190,-0.00222,0.00403,-0.00255,-0.00123,-0.00321,-55.09315,183.00000
0.09349,0.08823,0.09053,0.08658,0.08790,0.16289,0.16651,0.15598,0.16256,0.16388,-0.00386,-0.00222,0.00107,0.00074,0.00173,-54.77070,184.00000
0.09053,0.09020,0.09349,0.08889,0.08757,0.15894,0.16717,0.16289,0.16355,0.16157,-0.00156,0.00304,-0.00353,-0.00057,0.00140,-54.77070,185.00000
0.08461,0.08856,0.08297,0.08856,0.09382,0.16157,0.16486,0.15697,0.16519,0.16585,0.00206,-0.00123,-0.00386,0.00337,0.00074,-55.39804,186.00000
0.08593,0.09283,0.08922,0.08724,0.08790,0.16486,0.16157,0.15993,0.15960,0.16190,-0.00025,0.00041,-0.00255,0.00074,-0.00189,-55.39804,187.00000
0.08461,0.09086,0.08724,0.08823,0.08823,0.15796,0.16223,0.16256,0.16651,0.16618,-0.00090,0.00041,-0.00189,-0.00156,0.00206,-55.31377,188.00000
0.09020,0.08527,0.08362,0.08790,0.09119,0.16289,0.16059,0.16453,0.16223,0.16322,0.00107,-0.00189,-0.00025,-0.00123,0.00206,-55.31377,189.00000
0.08955,0.08757,0.08955,0.09086,0.09152,0.16157,0.16421,0.16388,0.16552,0.15960,0.00239,0.00140,-0.00419,0.00041,0.00173,-55.06655,190.00000
0.08790,0.08560,0.08823,0.08330,0.09086,0.15993,0.16157,0.16190,0.15927,0.15631,-0.00255,0.00239,0.00074,-0.00090,-0.00090,-55.06655,191.00000
0.08922,0.08165,0.09218,0.07869,0.08724,0.15796,0.15960,0.15730,0.16256,0.16585,0.00304,-0.00025,0.00107,0.00140,-0.00222,-54.83308,192.00000
0.08527,0.08626,0.08428,0.09020,0.09086,0.16421,0.16092,0.16585,0.16684,0.16355,-0.00057,0.00337,-0.00156,0.00107,0.00173,-54.83308,193.00000
0.08494,0.08626,0.08823,0.08856,0.08330,0.15861,0.16421,0.16256,0.16782,0.16552,0.00272,-0.00288,0.00074,0.00403,-0.00123,-54.81400,194.00000
0.09020,0.08264,0.08823,0.08560,0.07935,0.16618,0.15960,0.16026,0.16092,0.16618,-0.00025,-0.00189,-0.00288,-0.00386,-0.00255,-54.81400,195.00000
0.08658,0.07902,0.08691,0.08757,0.08297,0.15993,0.16190,0.16125,0.16848,0.16223,-0.00518,0.00370,0.00074,-0.00189,-0.00321,-54.64577,196.00000
0.08626,0.08757,0.07935,0.08231,0.08066,0.16289,0.15796,0.16289,0.15960,0.15598,0.00107,0.00041,0.00074,0.00107,0.00074,-54.64577,197.00000
0.08527,0.08395,0.08724,0.08297,0.08527,0.16289,0.16125,0.16322,0.16585,0.16092,-0.00123,0.00272,-0.00057,-0.00156,0.00008,-54.46888,198.00000
0.08264,0.08264,0.08691,0.08395,0.08461,0.16421,0.15960,0.16322,0.16059,0.16421,0.00403,-0.00090,0.00107,-0.00025,-0.00057,-54.46888,199.00000
0.08626,0.07836,0.07770,0.08099,0.08691,0.15861,0.16552,0.16289,0.16256,0.16355,0.00370,0.00107,0.00008,0.00041,-0.00123,-55.40583,200.00000
0.07770,0.08757,0.08330,0.07902,0.08626,0.16223,0.15960,0.16092,0.15697,0.16552,0.00008,0.00008,0.00337,-0.00025,0.00206,-55.40583,201.00000
0.07902,0.08099,0.08395,0.08264,0.08494,0.15829,0.15960,0.15861,0.16125,0.16059,0.00107,-0.00321,-0.00189,-0.00090,-0.00156,-55.39090,202.00000
0.08198,0.08593,0.08099,0.08691,0.08001,0.15927,0.16059,0.16026,0.16190,0.15993,0.00074,-0.00057,0.00041,-0.00090,-0.00222,-55.39090,203.00000
0.08395,0.08395,0.08099,0.08395,0.08428,0.16322,0.16289,0.16026,0.15763,0.16256,0.00206,-0.00255,-0.00156,-0.00156,0.00206,-55.06850,204.00000
0.08297,0.08231,0.08494,0.07869,0.08231,0.16355,0.16388,0.16322,0.16421,0.16651,-0.00057,-0.00255,0.00173,0.00173,-0.00156,-55.06850,205.00000
0.07935,0.08395,0.08132,0.08724,0.07803,0.16157,0.15927,0.15697,0.16355,0.16322,-0.00222,0.00140,-0.00255,-0.00222,0.00140,-54.91950,206.00000
0.08362,0.08132,0.08593,0.07836,0.08198,0.15500,0.15894,0.16519,0.16355,0.16157,-0.00189,-0.00222,-0.00189,0.00008,0.00074,-54.91950,207.00000
0.08132,0.07770,0.07935,0.07573,0.08297,0.16322,0.16453,0.16256,0.16092,0.15796,-0.00255,-0.00353,0.00206,0.00272,0.00041,-54.75223,208.00000
0.08001,0.07836,0.08395,0.07902,0.07738,0.16782,0.16453,0.16157,0.16092,0.16223,0.00074,-0.00156,-0.00156,-0.00123,0.00041,-54.75223,209.00000
0.07705,0.08362,0.08395,0.08330,0.07507,0.16782,0.16388,0.16289,0.16388,0.16289,-0.00222,-0.00123,-0.00321,-0.00025,0.00008,-54.70033,210.00000
0.07770,0.08198,0.07869,0.08001,0.07672,0.16190,0.16749,0.15500,0.16421,0.16190,0.00239,0.00107,0.00074,-0.00255,-0.00123,-54.70033,211.00000
0.07507,0.07836,0.07474,0.08264,0.07836,0.15960,0.16223,0.16519,0.15829,0.16125,-0.00123,-0.00123,0.00272,0.00304,0.00173,-54.35456,212.00000
0.07178,0.08658,0.07902,0.08066,0.08066,0.16486,0.16092,0.16486,0.16223,0.16421,-0.00321,0.00206,0.00074,0.00272,-0.00123,-54.35456,213.00000
0.07770,0.08330,0.07968,0.07606,0.08001,0.16157,0.16684,0.16618,0.15894,0.16322,-0.00057,0.00074,-0.00156,-0.00189,-0.00057,-54.91166,214.00000
0.07935,0.07474,0.08297,0.07803,0.07409,0.16157,0.15861,0.16190,0.16355,0.16651,-0.00255,-0.00025,0.00173,-0.00025,0.00107,-54.91166,215.00000
0.07770,0.07474,0.07474,0.07968,0.07606,0.16190,0.16256,0.16388,0.16059,0.16157,0.00239,0.00008,0.00140,0.00041,-0.00057,-55.27321,216.00000
0.07540,0.08001,0.07705,0.07540,0.07474,0.15697,0.15730,0.16453,0.16256,0.16388,0.00140,-0.00123,-0.00288,-0.00025,0.00140,-55.27321,217.00000
0.07310,0.07507,0.07507,0.07507,0.07672,0.16289,0.16881,0.16651,0.16256,0.16223,-0.00222,-0.00025,0.00206,0.00074,-0.00353,-56.24745,218.00000
0.07474,0.07672,0.07869,0.07474,0.07178,0.16190,0.15927,0.16026,0.16125,0.16322,-0.00156,0.00140,-0.00288,-0.00189,-0.00386,-56.24745,219.00000
0.07277,0.07047,0.07507,0.07211,0.07244,0.16157,0.16223,0.16223,0.16585,0.16223,0.00502,-0.00353,-0.00123,-0.00025,-0.00353,-56.45624,220.00000
0.06850,0.07113,0.07770,0.07277,0.07507,0.16125,0.16256,0.15763,0.16585,0.16486,-0.00057,-0.00189,-0.00156,-0.00321,-0.00090,-56.45624,221.00000
0.07047,0.07738,0.07902,0.07935,0.07310,0.16322,0.16322,0.15894,0.16256,0.16618,-0.00288,0.00140,0.00107,0.00041,0.00107,-56.00888,222.00000
0.07376,0.07968,0.07277,0.07770,0.07047,0.16453,0.16256,0.16421,0.16322,0.16157,-0.00057,-0.00025,0.00107,0.00206,0.00041,-56.00888,223.00000
0.07606,0.07935,0.07409,0.07376,0.07409,0.16190,0.16388,0.16618,0.16815,0.16092,0.00140,-0.00025,-0.00057,-0.00288,-0.00255,-56.57622,224.00000
0.07047,0.07474,0.07277,0.07047,0.07705,0.16223,0.16157,0.16092,0.15960,0.16289,-0.00189,-0.00255,0.00304,0.00140,-0.00025,-56.57622,225.00000
0.07606,0.06915,0.07080,0.07376,0.07376,0.16125,0.15993,0.16256,0.15631,0.15796,-0.00353,0.00304,0.00107,0.00173,-0.00057,-55.97121,226.00000
0.07738,0.07770,0.07277,0.07442,0.06981,0.15730,0.16585,0.16125,0.16256,0.15434,0.00304,-0.00485,-0.00123,0.00370,-0.00123,-55.97121,227.00000
0.07047,0.07343,0.07047,0.07540,0.07113,0.16289,0.16223,0.16289,0.16223,0.16388,-0.00288,-0.00617,-0.00057,0.00140,-0.00123,-55.16578,228.00000
0.07869,0.07014,0.07343,0.07573,0.07146,0.16190,0.16881,0.16026,0.16026,0.16322,-0.00156,0.00041,-0.00156,-0.00288,0.00304,-55.16578,229.00000
0.07211,0.07770,0.06948,0.07540,0.07409,0.15796,0.16190,0.16256,0.16421,0.16289,0.00008,0.00337,-0.00321,-0.00419,0.00140,-55.00477,230.00000
0.06718,0.07277,0.06850,0.06981,0.06981,0.16289,0.15861,0.16157,0.15730,0.16256,-0.00156,-0.00156,0.00074,-0.00057,-0.00485,-55.00477,231.00000
0.06948,0.07211,0.07080,0.07080,0.06751,0.16585,0.16190,0.16289,0.16092,0.16289,-0.00025,-0.00057,0.00107,0.00272,-0.00419,-55.34174,232.00000
0.06586,0.07146,0.06751,0.07310,0.06882,0.15829,0.16684,0.16256,0.16355,0.16289,0.00074,-0.00123,0.00206,-0.00057,0.00008,-55.34174,233.00000
0.06784,0.07146,0.06685,0.06948,0.06915,0.16223,0.16519,0.16125,0.16256,0.16190,0.00403,0.00272,0.00140,-0.00057,0.00041,-54.93649,234.00000
0.06784,0.07178,0.06915,0.06817,0.06619,0.16223,0.16486,0.16125,0.16223,0.16453,0.00173,0.00074,-0.00025,0.00206,-0.00321,-54.93649,235.00000
0.07244,0.06718,0.06751,0.06488,0.06652,0.16519,0.16256,0.16256,0.16092,0.16256,-0.00518,-0.00156,-0.00255,-0.00255,0.00041,-54.25292,236.00000
0.06751,0.06784,0.06488,0.06093,0.06882,0.16157,0.16256,0.16059,0.16059,0.16322,-0.00189,-0.00321,0.00173,0.00173,-0.00419,-54.25292,237.00000
0.07409,0.06948,0.06751,0.06915,0.06652,0.16749,0.16749,0.15664,0.16256,0.16519,0.00239,0.00206,-0.00222,-0.00321,0.00370,-54.31884,238.00000
0.06882,0.06488,0.06981,0.06850,0.06619,0.15796,0.16322,0.16322,0.16256,0.16684,0.00107,0.00370,0.00107,-0.00255,-0.00222,-54.31884,239.00000
0.06323,0.06652,0.06850,0.06586,0.06685,0.16026,0.16190,0.15861,0.16519,0.16223,0.00074,0.00140,-0.00222,-0.00025,0.00206,-54.39819,240.00000
0.06948,0.06882,0.06751,0.06981,0.06685,0.15960,0.16322,0.16453,0.15960,0.15993,0.00107,0.00107,-0.00057,-0.00057,0.00206,-54.39819,241.00000
0.06060,0.06521,0.06652,0.06126,0.06850,0.16388,0.16092,0.16289,0.16256,0.16092,0.00008,0.00272,-0.00485,-0.00386,0.00239,-54.88708,242.00000
0.06521,0.06521,0.06718,0.06554,0.06948,0.16388,0.16486,0.16717,0.15631,0.16223,0.00239,-0.00090,-0.00222,-0.00123,-0.00419,-54.88708,243.00000
0.06554,0.06093,0.06192,0.06850,0.06784,0.16059,0.16486,0.16486,0.15993,0.16322,-0.00518,0.00239,0.00140,-0.00025,-0.00025,-55.33905,244.00000
0.06554,0.06817,0.06685,0.06159,0.06323,0.16190,0.16355,0.15796,0.16322,0.16026,0.00140,-0.00189,0.00140,0.00074,0.00173,-55.33905,245.00000
0.05929,0.07047,0.06751,0.06192,0.06586,0.16125,0.15894,0.16157,0.16388,0.16223,-0.00025,0.00008,-0.00090,-0.00288,-0.00255,-55.33798,246.00000
0.06685,0.06554,0.06586,0.07343,0.06389,0.16026,0.16223,0.15927,0.15960,0.16289,0.00074,0.00140,0.00107,0.00206,-0.00156,-55.33798,247.00000
0.06521,0.06258,0.06258,0.06554,0.06488,0.16651,0.15894,0.16519,0.16585,0.16552,-0.00057,-0.00353,-0.00255,-0.00353,-0.00353,-55.48637,248.00000
0.06521,0.06652,0.06521,0.06652,0.06554,0.16157,0.16190,0.16585,0.16618,0.16157,0.00107,0.00008,0.00008,0.00337,-0.00288,-55.48637,249.00000
0.06290,0.06817,0.06027,0.06356,0.06126,0.16388,0.16519,0.16223,0.16026,0.16223,0.00206,-0.00123,0.00140,-0.00386,-0.00057,-55.00393,250.00000
0.06323,0.06356,0.06093,0.06619,0.06093,0.16717,0.16486,0.16125,0.16092,0.16223,0.00239,0.00008,0.00107,-0.00156,-0.00057,-55.00393,251.00000
0.07014,0.06389,0.06258,0.06389,0.06093,0.16322,0.16684,0.16552,0.15697,0.15927,-0.00189,-0.00156,0.00173,-0.00123,-0.00156,-55.78566,252.00000
0.06323,0.05896,0.06817,0.06192,0.06192,0.15927,0.15730,0.16223,0.16355,0.15993,0.00469,-0.00025,0.00008,-0.00222,0.00074,-55.78566,253.00000
0.05665,0.06751,0.05994,0.06488,0.06554,0.16585,0.16782,0.16157,0.16421,0.16026,-0.00156,0.00041,-0.00255,-0.00255,-0.00255,-56.80640,254.00000
0.06586,0.05994,0.06192,0.05962,0.06093,0.16026,0.15861,0.16289,0.16026,0.16256,0.00041,-0.00156,-0.00156,0.00041,0.00304,-56.80640,255.00000
0.06027,0.05337,0.06422,0.05994,0.05830,0.16223,0.16355,0.16223,0.16026,0.16289,-0.00386,0.00008,0.00206,-0.00057,0.00074,-56.12293,256.00000
0.05797,0.06521,0.06060,0.05600,0.06093,0.16059,0.16256,0.16059,0.16453,0.16059,0.00041,0.00173,0.00206,-0.00025,-0.00288,-56.12293,257.00000
0.05896,0.06159,0.06488,0.05896,0.05764,0.16453,0.16355,0.16684,0.16059,0.16388,-0.00222,-0.00156,-0.00025,-0.00057,-0.00288,-55.37348,258.00000
0.05534,0.05863,0.05501,0.05994,0.06258,0.15829,0.16552,0.16223,0.16157,0.16388,-0.00057,-0.00057,-0.00057,-0.00189,-0.00057,-55.37348,259.00000
0.05698,0.05830,0.06126,0.05863,0.05731,0.16289,0.16486,0.16355,0.16421,0.15796,0.00140,-0.00057,-0.00057,-0.00288,0.00370,-53.46555,260.00000
0.06159,0.05962,0.06093,0.06093,0.05863,0.16585,0.16190,0.16059,0.16256,0.16289,-0.00090,0.00107,0.00074,-0.00321,0.00041,-53.46555,261.00000
0.05994,0.06488,0.05929,0.05962,0.05468,0.16519,0.16453,0.16256,0.16552,0.16519,0.00304,0.00173,-0.00386,0.00107,-0.00156,-51.51305,262.00000
0.06060,0.06060,0.05468,0.06027,0.05534,0.16026,0.16585,0.16947,0.15894,0.16453,-0.00419,0.00041,-0.00057,-0.00057,-0.00025,-51.51305,263.00000
0.05830,0.05633,0.05764,0.05600,0.06060,0.15993,0.15993,0.16322,0.15894,0.16059,0.00008,-0.00156,-0.00288,-0.00321,-0.00189,-50.71014,264.00000
0.05731,0.05402,0.05994,0.05994,0.05731,0.15763,0.16157,0.16289,0.16289,0.15631,-0.00057,0.00107,0.00041,-0.00189,-0.00222,-50.71014,265.00000
0.06027,0.06027,0.05929,0.05567,0.06093,0.15894,0.16157,0.16092,0.16519,0.15796,0.00074,0.00173,-0.00090,-0.00057,-0.00123,-50.92636,266.00000
0.06093,0.06093,0.05534,0.05567,0.06027,0.16388,0.15993,0.16256,0.16355,0.16651,0.00074,0.00008,-0.00090,0.00074,-0.00255,-50.92636,267.00000
0.05994,0.05698,0.05896,0.05534,0.05731,0.16585,0.16453,0.16289,0.16223,0.16092,-0.00255,0.00107,0.00140,0.00173,0.00239,-52.69462,268.00000
0.06192,0.05633,0.05402,0.05929,0.05665,0.15894,0.15763,0.16289,0.15796,0.16388,0.00008,-0.00123,-0.00057,-0.00123,-0.00123,-52.69462,269.00000
0.05501,0.04909,0.05633,0.05304,0.05698,0.16125,0.16388,0.15861,0.16256,0.15763,0.00008,-0.00057,-0.00025,-0.00156,0.00107,-53.25893,270.00000
0.05172,0.06159,0.05337,0.05896,0.06159,0.16223,0.16289,0.16092,0.16223,0.16223,-0.00189,-0.00090,-0.00156,0.00107,0.00206,-53.25893,271.00000
0.05534,0.05863,0.05600,0.05369,0.05633,0.16256,0.16717,0.15960,0.15927,0.15565,0.00074,0.00206,0.00107,-0.00057,0.00107,-54.58845,272.00000
0.05337,0.05929,0.05534,0.05962,0.05205,0.16026,0.15960,0.16157,0.16519,0.15829,0.00041,0.00008,0.00041,0.00173,0.00107,-54.58845,273.00000
0.05731,0.05139,0.05600,0.06027,0.05764,0.16355,0.15993,0.15993,0.16190,0.16322,-0.00123,0.00239,0.00173,0.00074,-0.00057,-54.91630,274.00000
0.05600,0.05041,0.05567,0.04745,0.05600,0.16322,0.16585,0.16388,0.16486,0.16355,-0.00090,-0.00090,-0.00321,-0.00123,-0.00057,-54.91630,275.00000
0.05271,0.05962,0.05337,0.05929,0.06258,0.16421,0.15960,0.15730,0.16059,0.16223,-0.00288,0.00041,-0.00288,-0.00123,0.00272,-56.02504,276.00000
0.04975,0.05665,0.05008,0.05567,0.05041,0.15927,0.16684,0.16223,0.16421,0.15829,-0.00025,0.00107,0.00239,-0.00156,0.00239,-56.02504,277.00000
0.05073,0.05172,0.05665,0.05369,0.05106,0.16256,0.16026,0.16453,0.16388,0.16157,0.00041,0.00206,0.00173,-0.00255,0.00041,-55.80549,278.00000
0.05830,0.04745,0.05962,0.05205,0.05633,0.16223,0.16289,0.15894,0.15993,0.16256,0.00107,-0.00255,0.00173,-0.00057,-0.00189,-55.80549,279.00000
0.04909,0.05304,0.05501,0.05501,0.05567,0.16026,0.16585,0.16421,0.16453,0.16486,-0.00255,0.00304,-0.00156,0.00074,0.00173,-55.97159,280.00000
0.05797,0.05238,0.05633,0.04810,0.05600,0.16059,0.16026,0.16585,0.16223,0.16059,-0.00222,-0.00551,0.00173,-0.00090,-0.00025,-55.97159,281.00000
0.05764,0.05304,0.05304,0.05534,0.05698,0.16421,0.16717,0.16322,0.16289,0.15960,-0.00156,-0.00090,0.00239,-0.00123,0.00239,-55.20259,282.00000
0.05534,0.05172,0.05863,0.05534,0.04909,0.16684,0.16223,0.16289,0.16289,0.16717,-0.00189,0.00074,-0.00123,0.00140,-0.00288,-55.20259,283.00000
0.05468,0.05205,0.05468,0.05435,0.05238,0.16190,0.15960,0.16322,0.16519,0.16453,-0.00156,-0.00222,0.00272,-0.00353,0.00173,-55.64573,284.00000
0.05238,0.04745,0.05402,0.05139,0.04975,0.16421,0.16190,0.16092,0.16223,0.16421,0.00041,-0.00025,0.00041,0.00041,-0.00156,-55.64573,285.00000
0.05402,0.05369,0.05041,0.05205,0.05073,0.16585,0.15697,0.16388,0.15796,0.16355,0.00041,-0.00090,0.00107,-0.00090,0.00107,-55.55968,286.00000
0.04876,0.05073,0.05369,0.05304,0.05468,0.16486,0.16355,0.16256,0.16092,0.16289,0.00272,-0.00255,-0.00321,-0.00617,-0.00090,-55.55968,287.00000
0.04613,0.05238,0.04777,0.04745,0.04909,0.16453,0.16355,0.16190,0.16552,0.16355,-0.00156,-0.00189,-0.00222,0.00041,0.00041,-55.52642,288.00000
0.05106,0.05008,0.04514,0.05172,0.05567,0.16684,0.16782,0.16289,0.16322,0.16125,-0.00090,0.00140,0.00239,0.00074,0.00008,-55.52642,289.00000
0.05106,0.04843,0.05172,0.05271,0.05073,0.16256,0.16388,0.15993,0.16223,0.16125,-0.00123,-0.00353,-0.00090,0.00469,-0.00025,-54.99222,290.00000
0.04810,0.05139,0.05172,0.04777,0.04876,0.16223,0.16552,0.16355,0.16190,0.16717,-0.00156,0.00206,-0.00288,-0.00419,0.00041,-54.99222,291.00000
0.04777,0.04514,0.05402,0.05271,0.04580,0.16289,0.16256,0.16256,0.16355,0.16256,-0.00025,-0.00222,-0.00485,-0.00222,-0.00057,-54.86671,292.00000
0.04514,0.05271,0.04712,0.04679,0.05073,0.16486,0.16092,0.16355,0.16190,0.16618,0.00370,0.00074,0.00140,0.00107,-0.00090,-54.86671,293.00000
0.05041,0.05139,0.04745,0.05238,0.04383,0.16585,0.15664,0.16421,0.16125,0.16026,0.00041,0.00239,-0.00353,-0.00222,0.00206,-54.64771,294.00000
0.04712,0.05008,0.04876,0.05271,0.05073,0.16453,0.16256,0.16059,0.16125,0.15861,0.00107,-0.00288,-0.00156,-0.00386,0.00107,-54.64771,295.00000
0.05304,0.05205,0.05501,0.04350,0.04613,0.16059,0.16026,0.16092,0.16223,0.16421,-0.00025,-0.00156,-0.00255,0.00041,-0.00090,-54.44300,296.00000
0.05238,0.04580,0.04745,0.04876,0.03791,0.16618,0.16486,0.16322,0.16289,0.16684,0.00140,0.00008,0.00140,0.00074,0.00272,-54.44300,297.00000
0.04975,0.04350,0.04679,0.04712,0.05172,0.15894,0.16092,0.16223,0.16256,0.16223,0.00272,-0.00189,-0.00025,-0.00090,-0.00025,-54.65558,298.00000
0.04810,0.05238,0.03988,0.04514,0.04416,0.16190,0.16026,0.15796,0.16059,0.16322,0.00239,-0.00189,0.00107,0.00272,0.00239,-54.65558,299.00000
0.05106,0.04843,0.04777,0.04646,0.04876,0.16486,0.16749,0.16157,0.16157,0.16782,-0.00156,-0.00222,-0.00123,-0.00288,-0.00156,-54.71304,300.00000
0.04580,0.04481,0.04481,0.04876,0.04942,0.16355,0.16092,0.15861,0.16157,0.16618,0.00074,-0.00321,0.00074,-0.00189,0.00008,-54.71304,301.00000
0.05041,0.04646,0.04777,0.03922,0.05106,0.15664,0.16453,0.16486,0.16092,0.16585,-0.00255,0.00272,-0.00222,0.00074,-0.00025,-54.78084,302.00000
0.04745,0.04745,0.05304,0.04712,0.04383,0.16322,0.16026,0.16453,0.16519,0.15796,-0.00090,-0.00321,0.00337,0.00173,-0.00156,-54.78084,303.00000
0.04745,0.04712,0.04514,0.05073,0.04580,0.15927,0.15796,0.16059,0.16552,0.15993,-0.00123,0.00074,-0.00353,-0.00222,0.00239,-54.99296,304.00000
0.04580,0.05139,0.04021,0.04580,0.04580,0.16157,0.15993,0.16092,0.16190,0.16190,0.00140,0.00337,0.00041,-0.00123,-0.00419,-54.99296,305.00000
0.05238,0.05041,0.04843,0.04251,0.05172,0.16684,0.16388,0.16190,0.16322,0.15861,0.00008,-0.00419,-0.00321,-0.00386,-0.00255,-54.36904,306.00000
0.05369,0.04777,0.04712,0.04021,0.05139,0.15796,0.16190,0.16322,0.15927,0.16256,-0.00123,0.00337,-0.00057,-0.00090,-0.00090,-54.36904,307.00000
0.04580,0.05073,0.04514,0.04810,0.05008,0.16157,0.16322,0.15993,0.16157,0.16157,-0.00090,0.00140,-0.00189,0.00140,0.00206,-54.67231,308.00000
0.04876,0.04547,0.04383,0.04153,0.04514,0.16223,0.16223,0.15829,0.16092,0.16355,0.00107,0.00173,0.00008,-0.00057,-0.00288,-54.67231,309.00000
0.04613,0.04481,0.04745,0.04449,0.04514,0.15763,0.16388,0.16421,0.16026,0.16157,-0.00057,0.00008,0.00041,-0.00222,0.00206,-54.77756,310.00000
0.04975,0.04514,0.04547,0.04383,0.04580,0.16157,0.16684,0.16355,0.16585,0.15763,0.00337,-0.00255,-0.00025,-0.00025,0.00206,-54.77756,311.00000
0.04646,0.04613,0.03561,0.04777,0.04120,0.16190,0.16289,0.16618,0.16322,0.15993,-0.00156,-0.00025,-0.00090,0.00107,-0.00189,-55.26720,312.00000
0.04153,0.04120,0.04942,0.04251,0.04580,0.16223,0.16421,0.16125,0.16322,0.16355,-0.00617,0.00140,0.00239,-0.00123,-0.00353,-55.26720,313.00000
0.05073,0.04218,0.04416,0.04613,0.04383,0.15631,0.15993,0.16322,0.15993,0.16125,-0.00189,-0.00255,-0.00518,0.00107,0.00107,-56.22247,314.00000
0.04087,0.04350,0.04876,0.04679,0.04416,0.16059,0.16651,0.16848,0.16289,0.16190,-0.00321,0.00074,0.00107,0.00074,-0.00123,-56.22247,315.00000
0.04218,0.04580,0.04481,0.04350,0.04284,0.16125,0.16059,0.16618,0.16059,0.15894,0.00206,-0.00288,-0.00090,0.00107,0.00206,-55.75039,316.00000
0.04153,0.04679,0.04087,0.04843,0.04317,0.16322,0.16289,0.15960,0.16289,0.15960,-0.00419,0.00074,-0.00156,-0.00025,-0.00222,-55.75039,317.00000
0.03988,0.04218,0.04185,0.03988,0.04153,0.16289,0.16092,0.16256,0.16552,0.16486,0.00074,-0.00189,-0.00255,0.00140,-0.00617,-54.94307,318.00000
0.04449,0.03824,0.04087,0.04416,0.04185,0.16552,0.16190,0.16289,0.16059,0.16256,-0.00090,-0.00222,-0.00321,0.00206,0.00074,-54.94307,319.00000
0.04317,0.03889,0.04087,0.04613,0.04185,0.15500,0.16059,0.15993,0.16092,0.15829,-0.00321,0.00239,-0.00025,-0.00255,-0.00057,-55.29380,320.00000
0.03824,0.04547,0.04580,0.04054,0.04284,0.15993,0.16717,0.16026,0.16125,0.15927,0.00041,-0.00288,-0.00090,-0.00025,0.00140,-55.29380,321.00000
0.03889,0.04449,0.04218,0.04514,0.04251,0.16289,0.16388,0.16157,0.16092,0.15829,0.00206,-0.00057,-0.00057,0.00107,-0.00156,-54.83196,322.00000
0.04514,0.04021,0.04350,0.04120,0.04218,0.16388,0.16256,0.16355,0.16092,0.16092,-0.00123,-0.00025,-0.00288,0.00436,0.00041,-54.83196,323.00000
0.03889,0.03824,0.04185,0.04120,0.04251,0.15861,0.16190,0.15993,0.16421,0.16157,-0.00057,0.00337,-0.00288,-0.00156,0.00107,-55.06246,324.00000
0.03857,0.04218,0.04054,0.04416,0.04449,0.15927,0.16651,0.16453,0.15927,0.15434,0.00304,0.00041,0.00008,0.00074,-0.00288,-55.06246,325.00000
0.04284,0.04185,0.04350,0.03626,0.04317,0.16322,0.16453,0.16355,0.15796,0.15960,-0.00123,0.00140,0.00074,-0.00057,0.00403,-54.53074,326.00000
0.03626,0.04251,0.04185,0.03692,0.03758,0.15894,0.16125,0.16125,0.16092,0.16256,0.00173,0.00008,-0.00123,0.00107,0.00008,-54.53074,327.00000
0.03593,0.04383,0.03725,0.04153,0.03988,0.16190,0.15894,0.16684,0.16092,0.16618,-0.00189,-0.00025,-0.00189,0.00140,-0.00353,-54.27221,328.00000
0.04251,0.03889,0.04054,0.04087,0.04218,0.16256,0.16125,0.16125,0.16289,0.16026,-0.00255,-0.00222,-0.00090,0.00304,0.00041,-54.27221,329.00000
0.04054,0.04120,0.04021,0.03889,0.04087,0.16223,0.16355,0.16092,0.15993,0.16059,-0.00090,0.00206,-0.00584,-0.00025,-0.00353,-55.03894,330.00000
0.04054,0.04185,0.04185,0.03330,0.03626,0.16059,0.16092,0.15927,0.16519,0.16421,0.00173,-0.00057,0.00272,-0.00419,-0.00255,-55.03894,331.00000
0.03889,0.04153,0.04153,0.04251,0.03758,0.16223,0.16388,0.16190,0.16881,0.16421,0.00206,-0.00123,-0.00156,0.00074,0.00107,-55.49798,332.00000
0.03955,0.03659,0.03725,0.03922,0.03824,0.15796,0.16223,0.15829,0.15960,0.16486,0.00074,-0.00551,-0.00123,-0.00057,0.00239,-55.49798,333.00000
0.03857,0.04218,0.03889,0.04021,0.03659,0.15927,0.16289,0.16223,0.16322,0.15960,0.00041,0.00140,0.00370,0.00074,-0.00419,-55.56882,334.00000
0.03857,0.03791,0.04087,0.04021,0.04383,0.16092,0.16059,0.16486,0.16125,0.16289,0.00074,-0.00090,-0.00485,-0.00025,0.00206,-55.56882,335.00000
0.03889,0.03528,0.03955,0.04153,0.03528,0.15697,0.16618,0.16782,0.16026,0.16585,-0.00189,0.00008,0.00173,-0.00123,-0.00452,-55.37230,336.00000
0.04153,0.04185,0.04120,0.03462,0.04054,0.15664,0.16519,0.15927,0.16453,0.16848,-0.00255,0.00370,-0.00156,-0.00189,0.00206,-55.37230,337.00000
0.04416,0.03725,0.04054,0.03791,0.03297,0.15861,0.15796,0.16125,0.16322,0.16355,0.00337,0.00140,-0.00156,-0.00025,0.00041,-55.43761,338.00000
0.03824,0.04317,0.03396,0.03955,0.04021,0.16256,0.16059,0.16749,0.16092,0.16125,-0.00156,-0.00386,0.00272,0.00107,0.00173,-55.43761,339.00000
0.04153,0.03593,0.03922,0.03495,0.03988,0.15960,0.15565,0.16421,0.16355,0.16684,0.00074,0.00041,0.00008,0.00041,-0.00025,-55.68023,340.00000
0.03659,0.03297,0.04054,0.04087,0.03889,0.15763,0.16125,0.15664,0.16125,0.16125,0.00304,-0.00025,-0.00156,-0.00321,-0.00255,-55.68023,341.00000
0.03297,0.04120,0.03988,0.03363,0.03889,0.15664,0.16092,0.15960,0.16355,0.15894,-0.00156,-0.00123,0.00502,-0.00057,0.00304,-55.40848,342.00000
0.03758,0.03561,0.03593,0.03922,0.03626,0.15993,0.15927,0.15829,0.16026,0.16355,0.00140,-0.00419,-0.00057,-0.00057,0.00173,-55.40848,343.00000
0.03659,0.04185,0.03889,0.03659,0.03824,0.16190,0.16223,0.16552,0.16421,0.16289,0.00107,-0.00156,-0.00288,0.00041,-0.00025,-55.57533,344.00000
0.03857,0.03495,0.03824,0.03593,0.03791,0.16256,0.16059,0.16059,0.15993,0.15664,-0.00123,-0.00156,0.00008,0.00140,0.00173,-55.57533,345.00000
0.03330,0.03265,0.03396,0.03429,0.04153,0.16486,0.16157,0.15960,0.16421,0.15763,0.00008,-0.00057,-0.00584,0.00041,-0.00419,-54.96296,346.00000
0.03857,0.03462,0.03330,0.03561,0.03100,0.15927,0.16289,0.15927,0.15960,0.16190,-0.00222,-0.00025,0.00008,-0.00090,0.00041,-54.96296,347.00000
0.03758,0.03758,0.03791,0.03626,0.03857,0.16223,0.15861,0.16059,0.16256,0.16190,0.00140,0.00206,-0.00123,-0.00057,-0.00090,-54.87162,348.00000
0.03067,0.03232,0.03495,0.03067,0.03330,0.16059,0.16125,0.16453,0.16388,0.15796,0.00239,-0.00452,-0.00156,0.00239,-0.00156,-54.87162,349.00000
0.03034,0.03988,0.03659,0.03725,0.03067,0.16453,0.16486,0.16717,0.16355,0.15927,0.00074,-0.00189,-0.00025,0.00008,0.00370,-54.68190,350.00000
0.03758,0.03659,0.03297,0.02968,0.03659,0.16256,0.15960,0.16355,0.16388,0.16223,-0.00222,-0.00288,-0.00123,0.00074,-0.00321,-54.68190,351.00000
0.03692,0.03495,0.03265,0.03100,0.03857,0.16289,0.16421,0.16552,0.16092,0.16125,-0.00123,-0.00386,0.00041,-0.00485,0.00304,-53.57386,352.00000
0.03791,0.03297,0.03429,0.02968,0.04251,0.15993,0.16486,0.15730,0.16256,0.16552,0.00041,-0.00090,-0.00419,0.00008,-0.00156,-53.57386,353.00000
0.03659,0.03528,0.03725,0.03593,0.03495,0.16190,0.16585,0.16190,0.16552,0.16421,-0.00222,-0.00386,-0.00255,-0.00057,0.00173,-51.48664,354.00000
0.03232,0.03232,0.03363,0.04087,0.03363,0.16322,0.16717,0.16092,0.16552,0.16322,-0.00222,-0.00090,-0.00386,0.00140,-0.00156,-51.48664,355.00000
0.03528,0.03133,0.03396,0.03100,0.03659,0.16749,0.15730,0.15993,0.16157,0.16125,0.00074,0.00008,0.00041,0.00502,0.00239,-50.24527,356.00000
0.03889,0.03396,0.03166,0.03232,0.03297,0.16223,0.16059,0.16486,0.16190,0.16651,-0.00222,-0.00025,-0.00485,0.00074,0.00206,-50.24527,357.00000
0.03922,0.03133,0.03297,0.03429,0.03692,0.16256,0.16026,0.16256,0.16026,0.16782,-0.00090,0.00074,-0.00025,-0.00156,-0.00255,-49.25838,358.00000
0.03561,0.03528,0.03593,0.03429,0.03265,0.16092,0.16059,0.16651,0.16256,0.16223,-0.00156,-0.00057,-0.00057,-0.00222,0.00041,-49.25838,359.00000
0.03857,0.02870,0.04120,0.03001,0.02936,0.16256,0.16190,0.16223,0.16190,0.16453,-0.00057,0.00304,0.00074,-0.00222,-0.00057,-51.70927,360.00000
0.03232,0.02968,0.03528,0.03791,0.03363,0.15829,0.16059,0.16355,0.16815,0.16289,0.00370,0.00272,-0.00189,-0.00386,-0.00156,-51.70927,361.00000
0.03265,0.03232,0.03593,0.02705,0.03692,0.15730,0.16059,0.16256,0.16421,0.16486,0.00041,-0.00189,-0.00156,-0.00255,-0.00156,-52.90541,362.00000
0.03561,0.03001,0.03626,0.03330,0.02936,0.15730,0.15894,0.16749,0.15927,0.16585,-0.00189,0.00041,0.00008,0.00502,0.00107,-52.90541,363.00000
0.03133,0.04054,0.03462,0.03758,0.03166,0.16421,0.16749,0.16190,0.16519,0.15894,0.00008,-0.00255,-0.00288,0.00140,-0.00025,-53.53034,364.00000
0.03955,0.02804,0.03067,0.02475,0.03330,0.16782,0.16256,0.16519,0.16453,0.16092,0.00272,-0.00353,-0.00321,-0.00025,0.00140,-53.53034,365.00000
0.02508,0.03824,0.03100,0.03265,0.03528,0.16322,0.15993,0.16519,0.16651,0.16355,-0.00090,-0.00090,0.00206,0.00074,0.00074,-53.83548,366.00000
0.02968,0.03692,0.03396,0.03528,0.03232,0.16289,0.16388,0.16388,0.16585,0.16026,0.00337,0.00272,-0.00090,-0.00222,0.00304,-53.83548,367.00000
0.03528,0.03593,0.03692,0.03166,0.03626,0.15960,0.16125,0.15664,0.15631,0.16190,-0.00057,0.00436,0.00239,0.00206,-0.00057,-54.63014,368.00000
0.03166,0.03462,0.02837,0.03330,0.03462,0.16289,0.15368,0.16256,0.16289,0.16223,0.00403,-0.00419,0.00304,-0.00090,-0.00025,-54.63014,369.00000
0.03659,0.02903,0.03528,0.03166,0.03528,0.15763,0.16157,0.16125,0.16289,0.16552,-0.00255,0.00107,-0.00025,0.00173,-0.00156,-55.24476,370.00000
0.03396,0.03528,0.03067,0.02870,0.03001,0.16355,0.16092,0.16486,0.16059,0.16322,-0.00025,-0.00156,0.00041,0.00041,-0.00189,-55.24476,371.00000
0.03199,0.03297,0.03232,0.03363,0.03857,0.15763,0.16059,0.16486,0.16421,0.15796,-0.00222,-0.00222,-0.00090,0.00008,-0.00090,-55.03449,372.00000
0.03232,0.03725,0.02837,0.03034,0.03561,0.16157,0.15796,0.16289,0.16453,0.15697,0.00041,0.00370,-0.00255,-0.00222,0.00008,-55.03449,373.00000
0.03429,0.03396,0.02837,0.03626,0.03528,0.16026,0.15796,0.16519,0.16486,0.16388,0.00206,-0.00090,0.00008,0.00008,-0.00123,-54.57047,374.00000
0.03100,0.03824,0.03297,0.03133,0.02738,0.15993,0.16289,0.16125,0.16289,0.16322,0.00140,-0.00255,-0.00057,-0.00025,0.00008,-54.57047,375.00000
0.02837,0.02738,0.03199,0.03001,0.02936,0.16355,0.16092,0.15829,0.15927,0.16618,-0.00386,-0.00025,0.00041,0.00304,0.00304,-55.32478,376.00000
0.03462,0.03626,0.02541,0.03001,0.03462,0.16453,0.16552,0.15829,0.15993,0.16223,0.00074,0.00107,-0.00321,0.00272,0.00173,-55.32478,377.00000
0.02936,0.02607,0.03561,0.02936,0.03330,0.16256,0.16223,0.16618,0.15664,0.16684,-0.00090,-0.00090,0.00239,0.00107,0.00041,-55.60917,378.00000
0.03133,0.03100,0.03363,0.03199,0.02936,0.16486,0.16388,0.16256,0.16486,0.16059,0.00008,0.00074,0.00107,0.00239,0.00140,-55.60917,379.00000
0.03363,0.03001,0.02672,0.03396,0.02705,0.16717,0.16684,0.16026,0.15894,0.16190,-0.00123,0.00337,-0.00156,-0.00353,-0.00090,-54.85048,380.00000
0.02541,0.02936,0.03133,0.03001,0.02640,0.15960,0.16026,0.15894,0.16388,0.16092,0.00008,-0.00025,-0.00123,-0.00090,-0.00057,-54.85048,381.00000
0.03100,0.03067,0.02607,0.03297,0.02968,0.16026,0.16157,0.15565,0.16026,0.15730,-0.00321,-0.00288,0.00173,-0.00057,-0.00288,-55.19868,382.00000
0.02344,0.02771,0.03265,0.02903,0.03232,0.16355,0.15829,0.16486,0.16486,0.16322,0.00008,-0.00057,-0.00123,-0.00156,0.00239,-55.19868,383.00000
0.03067,0.02640,0.03561,0.02968,0.03561,0.16256,0.15993,0.16256,0.16980,0.15927,0.00008,-0.00255,-0.00156,0.00041,0.00206,-54.96506,384.00000
0.03001,0.02968,0.02903,0.02903,0.03133,0.15730,0.16092,0.16519,0.15796,0.15960,-0.00485,-0.00090,0.00107,0.00008,-0.00288,-54.96506,385.00000
0.02870,0.03330,0.02903,0.03034,0.02344,0.15861,0.15894,0.16552,0.16256,0.16125,-0.00057,-0.00057,0.00633,-0.00222,0.00008,-54.77013,386.00000
0.02640,0.03133,0.02672,0.02804,0.03001,0.16026,0.15861,0.16256,0.16092,0.16223,0.00140,0.00239,-0.00321,0.00107,0.00239,-54.77013,387.00000
0.03133,0.02574,0.02771,0.02508,0.02804,0.15894,0.16223,0.16256,0.16190,0.16026,0.00140,-0.00419,0.00568,0.00173,-0.00057,-53.85479,388.00000
0.02870,0.02771,0.03067,0.02837,0.02968,0.16092,0.15302,0.15401,0.16289,0.16421,0.00041,0.00107,0.00206,0.00140,0.00107,-53.85479,389.00000
0.03166,0.03330,0.03100,0.02705,0.02672,0.16190,0.15993,0.16256,0.16157,0.15434,0.00074,-0.00353,0.00008,0.00206,-0.00386,-53.89273,390.00000
0.02936,0.02705,0.02936,0.02376,0.03067,0.15960,0.15861,0.16552,0.16223,0.16026,0.00008,0.00304,-0.00255,0.00074,-0.00321,-53.89273,391.00000
0.03133,0.03100,0.03166,0.02903,0.02804,0.15829,0.15960,0.16059,0.16125,0.16256,-0.00156,0.00107,0.00140,0.00370,0.00074,-54.29500,392.00000
0.02574,0.03297,0.02475,0.03100,0.03034,0.16223,0.16223,0.16486,0.16190,0.16618,-0.00255,0.00107,-0.00090,-0.00288,0.00403,-54.29500,393.00000
0.02903,0.02936,0.03067,0.02870,0.03429,0.16486,0.16782,0.16026,0.15993,0.16190,0.00107,0.00008,0.00041,0.00008,0.00008,-54.96732,394.00000
0.02738,0.02574,0.02968,0.03001,0.02607,0.16190,0.16289,0.15927,0.16059,0.16355,0.00008,-0.00057,0.00008,0.00074,-0.00090,-54.96732,395.00000
0.02179,0.03265,0.02705,0.02705,0.02936,0.16585,0.16355,0.16355,0.16618,0.16486,-0.00057,0.00041,-0.00189,-0.00025,0.00041,-55.29128,396.00000
0.02968,0.03396,0.02574,0.03133,0.02278,0.15796,0.16289,0.16289,0.16322,0.16157,-0.00057,-0.00353,-0.00255,0.00272,-0.00090,-55.29128,397.00000
0.03330,0.03166,0.02968,0.02640,0.03265,0.15664,0.16125,0.15894,0.16519,0.15960,0.00107,-0.00156,0.00074,-0.00057,-0.00057,-55.57044,398.00000
0.02475,0.02311,0.02837,0.02541,0.02738,0.16684,0.16289,0.16223,0.16059,0.16157,-0.00419,-0.00123,-0.00189,-0.00057,-0.00156,-55.57044,399.00000
0.02311,0.02672,0.03232,0.03034,0.03166,0.16355,0.15796,0.16223,0.16388,0.15927,-0.00156,0.00304,-0.00255,-0.00288,-0.00518,-55.98591,400.00000
0.02179,0.02640,0.03297,0.02771,0.02146,0.16618,0.16125,0.16223,0.16125,0.16190,0.00074,-0.00090,0.00272,0.00107,0.00041,-55.98591,401.00000
0.02376,0.02804,0.03067,0.02541,0.03429,0.16355,0.15993,0.16157,0.16322,0.16421,-0.00025,-0.00090,0.00107,-0.00222,0.00272,-56.08621,402.00000
0.03363,0.03297,0.02409,0.02607,0.02771,0.16125,0.16092,0.15763,0.16125,0.16256,-0.00288,-0.00057,-0.00025,0.00173,0.00272,-56.08621,403.00000
0.02705,0.03100,0.02409,0.02936,0.02376,0.16552,0.16223,0.16256,0.16026,0.16256,-0.00090,0.00041,-0.00288,0.00074,-0.00025,-55.76772,404.00000
0.02705,0.02442,0.03199,0.02442,0.02837,0.16059,0.16421,0.16092,0.16125,0.15763,-0.00222,-0.00057,-0.00255,0.00074,-0.00025,-55.76772,405.00000
0.02607,0.02409,0.02508,0.02936,0.02640,0.16421,0.15861,0.15960,0.16289,0.16289,0.00041,-0.00090,-0.00057,-0.00090,-0.00419,-56.60700,406.00000
0.02771,0.02705,0.02508,0.02508,0.03133,0.16289,0.16421,0.15960,0.16092,0.16092,0.00041,-0.00025,-0.00057,0.00074,-0.00123,-56.60700,407.00000
0.02344,0.02936,0.02672,0.03199,0.01883,0.15993,0.16486,0.15894,0.15993,0.16486,-0.00057,-0.00025,-0.00353,-0.00156,-0.00288,-55.83768,408.00000
0.02936,0.03067,0.02705,0.03593,0.03166,0.15960,0.16059,0.16355,0.16223,0.16421,0.00074,0.00074,-0.00025,-0.00156,0.00041,-55.83768,409.00000
0.03396,0.02574,0.02607,0.02705,0.02640,0.16717,0.15927,0.15927,0.16092,0.16059,0.00140,-0.00123,0.00074,-0.00222,-0.00090,-55.04042,410.00000
0.02903,0.02344,0.02738,0.02245,0.02804,0.16552,0.15993,0.16256,0.16223,0.16256,0.00008,0.00206,0.00041,0.00074,0.00206,-55.04042,411.00000
0.03330,0.02672,0.02804,0.02344,0.02968,0.16289,0.16157,0.16486,0.15960,0.16388,-0.00222,-0.00025,0.00074,0.00239,0.00041,-55.32783,412.00000
0.02903,0.02409,0.03034,0.02705,0.03001,0.15960,0.16651,0.16585,0.16322,0.15631,0.00074,0.00008,-0.00090,0.00041,-0.00123,-55.32783,413.00000
0.02672,0.03001,0.02804,0.02278,0.02968,0.15861,0.16125,0.16322,0.16157,0.15861,-0.00255,0.00469,0.00304,0.00140,-0.00222,-55.01743,414.00000
0.02376,0.02541,0.02771,0.03001,0.02903,0.16519,0.15697,0.15829,0.16190,0.16289,0.00008,-0.00156,-0.00419,0.00074,-0.00189,-55.01743,415.00000
0.02640,0.03265,0.02212,0.02771,0.02936,0.16519,0.15993,0.16223,0.16289,0.16026,0.00074,-0.00123,-0.00123,-0.00386,0.00074,-55.20159,416.00000
0.02475,0.02475,0.02804,0.02376,0.02574,0.16190,0.16486,0.16289,0.16289,0.16256,-0.00090,-0.00090,0.00140,0.00107,-0.00156,-55.20159,417.00000
0.03001,0.02508,0.02311,0.02574,0.02837,0.15730,0.16092,0.16125,0.15960,0.16157,-0.00057,-0.00222,0.00041,0.00074,-0.00057,-54.97140,418.00000
0.02475,0.02771,0.02936,0.02837,0.02804,0.16519,0.16289,0.15960,0.16289,0.16289,-0.00189,0.00140,-0.00222,-0.00090,-0.00025,-54.97140,419.00000
0.02640,0.02311,0.02376,0.02376,0.02936,0.16157,0.16651,0.15960,0.15927,0.15894,0.00041,0.00304,0.00239,-0.00353,-0.00353,-54.57066,420.00000
0.02245,0.02376,0.02080,0.03363,0.02508,0.15697,0.16322,0.15796,0.16453,0.16289,-0.00123,-0.00189,0.00272,-0.00090,-0.00057,-54.57066,421.00000
0.01883,0.02475,0.02212,0.02640,0.02607,0.16256,0.15927,0.16585,0.16157,0.16092,0.00008,0.00140,0.00041,0.00008,0.00502,-54.88787,422.00000
0.02738,0.02640,0.02409,0.02771,0.01949,0.15796,0.16256,0.16223,0.16322,0.16355,-0.00057,0.00041,-0.00485,-0.00156,0.00272,-54.88787,423.00000
0.03495,0.02344,0.02245,0.02179,0.02870,0.15894,0.16388,0.15960,0.16256,0.16125,0.00239,0.00074,-0.00057,0.00074,-0.00090,-55.40780,424.00000
0.02804,0.02376,0.02311,0.02508,0.02475,0.16223,0.16388,0.16256,0.15993,0.16289,0.00239,0.00140,-0.00123,0.00074,-0.00156,-55.40780,425.00000
0.01949,0.01916,0.02508,0.02278,0.02475,0.16092,0.16322,0.16651,0.16486,0.16223,-0.00485,-0.00025,-0.00419,0.00107,-0.00156,-55.88994,426.00000
0.02936,0.02574,0.02738,0.02311,0.03001,0.16519,0.16421,0.16190,0.16388,0.16289,0.00074,-0.00123,-0.00156,0.00272,0.00041,-55.88994,427.00000
0.02541,0.02541,0.02080,0.02442,0.02541,0.15993,0.16322,0.16223,0.16388,0.16190,0.00173,0.00041,-0.00156,-0.00222,-0.00288,-56.28969,428.00000
0.02508,0.03001,0.03100,0.02278,0.02705,0.16453,0.16486,0.15829,0.16157,0.16157,0.00008,0.00173,-0.00255,-0.00255,0.00239,-56.28969,429.00000
0.03034,0.02870,0.02409,0.02475,0.02607,0.16256,0.16519,0.15861,0.16618,0.15993,-0.00090,0.00107,-0.00321,-0.00156,0.00173,-55.74250,430.00000
0.02508,0.02672,0.02640,0.02870,0.02640,0.16059,0.16486,0.16256,0.16092,0.15763,-0.00518,-0.00321,-0.00057,0.00239,0.00140,-55.74250,431.00000
0.02903,0.02574,0.02475,0.02146,0.02442,0.15993,0.16453,0.15861,0.16486,0.16355,0.00074,0.00173,0.00239,0.00140,-0.00156,-55.17350,432.00000
0.02409,0.02146,0.02541,0.02376,0.02409,0.16059,0.16421,0.16289,0.16059,0.16256,-0.00189,0.00206,0.00008,-0.00321,-0.00222,-55.17350,433.00000
0.02672,0.01883,0.02870,0.02771,0.02048,0.15993,0.16453,0.16223,0.16223,0.15861,-0.00255,0.00008,-0.00057,0.00173,0.00304,-55.12093,434.00000
0.02508,0.02672,0.02344,0.02442,0.02541,0.16026,0.16289,0.16125,0.15993,0.16486,0.00140,-0.00222,0.00206,-0.00025,0.00008,-55.12093,435.00000
0.03133,0.02146,0.03067,0.02475,0.01916,0.15533,0.15796,0.16092,0.16157,0.16157,0.00074,0.00008,0.00107,0.00008,0.00008,-54.90421,436.00000
0.02212,0.02475,0.02705,0.01982,0.02179,0.16717,0.15861,0.15697,0.16256,0.16684,-0.00090,0.00041,-0.00025,-0.00123,0.00206,-54.90421,437.00000
0.02048,0.02837,0.02442,0.02508,0.02475,0.16289,0.16092,0.15960,0.16157,0.16322,-0.00255,0.00239,-0.00090,-0.00090,0.00074,-54.41256,438.00000
0.02311,0.02245,0.02738,0.02903,0.01719,0.16059,0.16059,0.15960,0.16223,0.16421,-0.00156,-0.00025,0.00173,0.00436,-0.00057,-54.41256,439.00000
0.02080,0.02442,0.02672,0.02048,0.02409,0.16355,0.16223,0.16125,0.16355,0.16092,-0.00617,0.00173,-0.00156,-0.00255,-0.00156,-54.43040,440.00000
0.03034,0.01686,0.02607,0.02475,0.02574,0.15796,0.16289,0.15500,0.16355,0.16223,-0.00123,-0.00123,0.00107,-0.00222,-0.00189,-54.43040,441.00000
0.02442,0.02376,0.02409,0.02936,0.01784,0.16223,0.16092,0.16157,0.16157,0.15829,0.00074,-0.00321,0.00008,-0.00090,0.00206,-54.38805,442.00000
0.02475,0.02376,0.02376,0.02541,0.02146,0.15993,0.16717,0.16059,0.16256,0.16256,0.00074,-0.00025,-0.00123,-0.00090,-0.00123,-54.38805,443.00000
0.02245,0.02607,0.02212,0.02146,0.03528,0.16026,0.16355,0.16256,0.15664,0.16157,0.00074,0.00173,0.00008,0.00074,0.00140,-54.74774,444.00000
0.02442,0.01784,0.02771,0.02508,0.01784,0.15631,0.15993,0.15763,0.16059,0.15993,0.00304,-0.00551,0.00008,-0.00386,0.00107,-54.74774,445.00000
0.02607,0.02508,0.03067,0.02113,0.02311,0.16519,0.16157,0.16157,0.15697,0.15598,-0.00189,0.00074,0.00140,0.00304,0.00041,-54.40024,446.00000
0.02048,0.02311,0.02245,0.02541,0.02541,0.16421,0.16125,0.16092,0.15861,0.16190,0.00107,0.00008,0.00107,0.00140,0.00173,-54.40024,447.00000
0.02640,0.02080,0.02607,0.02508,0.02936,0.15829,0.16388,0.16256,0.15960,0.16092,-0.00288,-0.00255,-0.00189,0.00173,-0.00025,-54.30461,448.00000
0.02212,0.01982,0.01982,0.02080,0.02771,0.15730,0.16289,0.16355,0.16552,0.15664,-0.00123,-0.00222,0.00337,-0.00123,0.00107,-54.30461,449.00000
0.02376,0.02409,0.02409,0.02574,0.02344,0.16421,0.16453,0.15927,0.16092,0.16157,-0.00090,-0.00123,-0.00353,-0.00189,-0.00090,-54.95016,450.00000
0.03232,0.01390,0.02442,0.02640,0.02245,0.15861,0.16289,0.16026,0.15697,0.16157,0.00074,0.00041,-0.00025,0.00107,0.00403,-54.95016,451.00000
0.02080,0.02870,0.02179,0.02146,0.01949,0.16651,0.16157,0.15500,0.16453,0.15927,0.00337,-0.00057,-0.00222,-0.00353,-0.00288,-55.30223,452.00000
0.02179,0.02245,0.02179,0.02278,0.02179,0.16092,0.16355,0.16157,0.15894,0.16256,0.00272,-0.00386,0.00107,0.00173,0.00041,-55.30223,453.00000
0.02607,0.02409,0.01850,0.02442,0.01916,0.15796,0.15796,0.16355,0.16223,0.16026,0.00337,-0.00485,-0.00156,0.00107,-0.00386,-55.62719,454.00000
0.02409,0.02771,0.02311,0.01620,0.02771,0.16519,0.16190,0.16421,0.16618,0.15697,0.00304,0.00272,-0.00255,-0.00156,0.00140,-55.62719,455.00000
0.02344,0.02607,0.01982,0.02640,0.02409,0.16256,0.15993,0.15894,0.16092,0.16388,-0.00057,-0.00123,0.00140,0.00206,-0.00123,-55.70178,456.00000
0.02212,0.01752,0.02442,0.02968,0.02672,0.15993,0.16059,0.16026,0.15829,0.15730,0.00041,0.00173,-0.00156,-0.00090,0.00239,-55.70178,457.00000
0.02278,0.02837,0.02113,0.02376,0.02475,0.15894,0.15829,0.16355,0.16157,0.16223,-0.00156,-0.00025,-0.00057,0.00239,-0.00057,-54.98712,458.00000
0.02475,0.01916,0.02245,0.02409,0.02640,0.16157,0.16355,0.16125,0.16125,0.16190,0.00107,-0.00353,-0.00057,0.00107,0.00140,-54.98712,459.00000
0.02146,0.02146,0.02278,0.02245,0.02179,0.16026,0.15993,0.16453,0.16256,0.16026,-0.00222,0.00074,0.00041,-0.00090,0.00173,-54.62247,460.00000
0.01982,0.02212,0.02179,0.02574,0.02080,0.15829,0.15993,0.16026,0.16289,0.15993,0.00337,-0.00189,0.00304,0.00239,0.00074,-54.62247,461.00000
0.02574,0.02179,0.02541,0.01258,0.02607,0.15993,0.16157,0.16190,0.16125,0.16092,0.00272,-0.00485,0.00041,-0.00025,-0.00288,-55.12129,462.00000
0.02080,0.02508,0.02146,0.02245,0.02574,0.16651,0.16453,0.16388,0.16223,0.16289,-0.00419,0.00041,0.00074,0.00107,-0.00123,-55.12129,463.00000
0.01817,0.02113,0.02080,0.02607,0.02015,0.16289,0.15861,0.16421,0.16223,0.16092,0.00074,-0.00156,0.00074,-0.00025,0.00337,-55.27061,464.00000
0.02640,0.02015,0.01982,0.02311,0.02409,0.16289,0.16026,0.16355,0.15894,0.16289,-0.00321,-0.00222,-0.00353,0.00008,0.00140,-55.27061,465.00000
0.01357,0.02048,0.02245,0.01949,0.02705,0.16388,0.15993,0.16092,0.16125,0.15894,-0.00156,-0.00025,0.00173,-0.00353,0.00074,-54.86187,466.00000
0.01784,0.02541,0.02113,0.02048,0.02442,0.16092,0.16157,0.16421,0.15861,0.16256,0.00107,-0.00090,0.00074,-0.00090,-0.00353,-54.86187,467.00000
0.02508,0.02508,0.02475,0.01653,0.01982,0.16157,0.15861,0.15763,0.16092,0.16026,-0.00189,0.00074,0.00008,-0.00025,0.00304,-54.88699,468.00000
0.02113,0.02541,0.02048,0.02705,0.02245,0.15960,0.15829,0.16157,0.16092,0.15960,0.00008,-0.00156,0.00041,0.00107,-0.00090,-54.88699,469.00000
0.01916,0.02048,0.02113,0.02015,0.02475,0.15894,0.15763,0.16190,0.16388,0.15664,-0.00321,-0.00353,0.00107,-0.00025,-0.00025,-54.49183,470.00000
0.01883,0.02475,0.02475,0.02409,0.01916,0.15829,0.16092,0.15861,0.15500,0.16618,-0.00353,-0.00123,-0.00090,-0.00025,0.00370,-54.49183,471.00000
0.02607,0.01817,0.01982,0.01982,0.02738,0.16223,0.15960,0.16059,0.15763,0.16190,-0.00156,-0.00090,0.00239,-0.00156,0.00008,-54.85334,472.00000
0.02508,0.02015,0.02344,0.01916,0.02146,0.16190,0.16388,0.16223,0.15894,0.16355,0.00502,0.00140,-0.00057,-0.00156,-0.00156,-54.85334,473.00000
0.02245,0.02409,0.02113,0.01456,0.02212,0.15993,0.16092,0.16059,0.16388,0.16059,0.00041,-0.00288,-0.00222,-0.00222,-0.00025,-55.16837,474.00000
0.02146,0.02311,0.01916,0.01982,0.02212,0.16486,0.16059,0.15664,0.16059,0.15697,0.00008,-0.00057,-0.00255,-0.00090,0.00173,-55.16837,475.00000
0.02344,0.02245,0.02278,0.02048,0.02640,0.16355,0.16157,0.16026,0.16125,0.16322,-0.00419,-0.00123,0.00107,0.00008,0.00239,-55.01582,476.00000
0.01982,0.02113,0.02080,0.02212,0.02278,0.16256,0.16519,0.15993,0.16421,0.16092,0.00074,0.00008,0.00074,-0.00156,-0.00090,-55.01582,477.00000
0.02278,0.02146,0.02113,0.02574,0.01686,0.16059,0.15993,0.15829,0.15993,0.15631,0.00173,-0.00123,-0.00123,-0.00025,-0.00025,-55.47666,478.00000
0.02771,0.02278,0.01752,0.01916,0.02015,0.16125,0.15730,0.15763,0.16026,0.16618,0.00008,0.00272,-0.00189,0.00173,-0.00321,-55.47666,479.00000
0.01752,0.02311,0.02146,0.02804,0.01357,0.15960,0.15796,0.16157,0.15927,0.16026,0.00173,-0.00025,-0.00288,-0.00057,0.00107,-55.57525,480.00000
0.02442,0.01916,0.02344,0.02080,0.02015,0.15894,0.15829,0.16256,0.15993,0.15697,-0.00123,-0.00057,-0.00189,-0.00090,-0.00189,-55.57525,481.00000
0.02344,0.02212,0.01982,0.02475,0.02113,0.16256,0.16092,0.15993,0.16223,0.16026,-0.00090,0.00074,-0.00386,-0.00189,-0.00057,-55.07766,482.00000
0.02278,0.02015,0.02048,0.02442,0.01752,0.15401,0.16190,0.16125,0.16453,0.16289,-0.00288,0.00370,0.00173,-0.00189,-0.00090,-55.07766,483.00000
0.02245,0.02212,0.02212,0.02278,0.02048,0.15927,0.16125,0.16256,0.16618,0.16256,-0.00123,0.00041,-0.00025,-0.00123,-0.00255,-55.03639,484.00000
0.02245,0.01949,0.02771,0.01587,0.02409,0.15927,0.16059,0.16026,0.16092,0.16059,0.00074,0.00403,0.00008,0.00140,-0.00057,-55.03639,485.00000
0.02113,0.02212,0.02640,0.02903,0.01949,0.16256,0.16355,0.15565,0.16125,0.15697,0.00107,0.00732,-0.00090,-0.00419,0.00074,-55.19886,486.00000
0.02113,0.02048,0.02179,0.01883,0.02344,0.16026,0.15960,0.16223,0.16486,0.16684,0.00041,-0.00025,-0.00156,-0.00288,0.00337,-55.19886,487.00000
0.02344,0.01752,0.01916,0.02245,0.02015,0.15960,0.15927,0.16322,0.15697,0.15796,0.00206,0.00239,-0.00057,-0.00222,-0.00189,-55.71222,488.00000
0.02146,0.02475,0.02574,0.02080,0.02113,0.16519,0.15993,0.15763,0.16256,0.15861,-0.00123,-0.00090,0.00173,-0.00222,0.00535,-55.71222,489.00000
0.01554,0.02508,0.01423,0.02278,0.01752,0.16026,0.16256,0.15631,0.15993,0.16092,-0.00222,-0.00025,0.00173,-0.00156,-0.00156,-55.06558,490.00000
0.02574,0.01916,0.02508,0.02442,0.02376,0.16026,0.15796,0.15565,0.15664,0.15927,0.00173,0.00173,0.00304,-0.00222,-0.00090,-55.06558,491.00000
0.01916,0.02179,0.02146,0.02574,0.01620,0.15960,0.15631,0.16157,0.16125,0.15894,0.00041,0.00140,-0.00222,-0.00222,-0.00057,-54.68367,492.00000
0.01883,0.02475,0.02212,0.02048,0.02278,0.15829,0.16256,0.16157,0.15829,0.16322,-0.00123,-0.00255,-0.00156,0.00206,-0.00025,-54.68367,493.00000
0.02113,0.02376,0.02311,0.01949,0.01949,0.15861,0.15927,0.16223,0.15993,0.15960,0.00041,-0.00288,-0.00123,0.00206,-0.00090,-54.49760,494.00000
0.01686,0.02376,0.01883,0.02376,0.01653,0.16092,0.16026,0.16256,0.15829,0.15960,-0.00025,-0.00025,-0.00057,0.00041,0.00140,-54.49760,495.00000
0.02475,0.01982,0.02409,0.01949,0.02015,0.16092,0.15960,0.16092,0.15763,0.16552,0.00107,-0.00288,0.00304,0.00008,0.00008,-54.06765,496.00000
0.02705,0.02212,0.01653,0.02804,0.02376,0.16092,0.16421,0.15927,0.15664,0.15763,0.00074,0.00436,0.00239,0.00173,-0.00090,-54.06765,497.00000
0.01554,0.02212,0.02311,0.01883,0.02442,0.16552,0.15894,0.16190,0.16256,0.15927,-0.00123,-0.00156,0.00304,-0.00057,0.00074,-54.97083,498.00000
0.02311,0.01883,0.02245,0.02640,0.02212,0.16059,0.16289,0.16355,0.15763,0.15631,0.00206,-0.00353,-0.00025,0.00107,-0.00090,-54.97083,499.00000
0.02903,0.01883,0.01817,0.01916,0.02015,0.15763,0.16256,0.15960,0.16289,0.16256,0.00272,-0.00025,-0.00321,-0.00156,0.00206,-55.33698,500.00000
0.02278,0.02705,0.01916,0.02146,0.02015,0.16092,0.15993,0.16552,0.16256,0.15565,-0.00090,-0.00156,0.00008,-0.00222,-0.00288,-55.33698,501.00000
0.01719,0.01850,0.02705,0.01949,0.01686,0.16157,0.16190,0.15960,0.16223,0.15993,0.00008,0.00008,0.00041,-0.00156,-0.00288,-54.78031,502.00000
0.02376,0.02146,0.02607,0.02048,0.02344,0.16190,0.15960,0.16486,0.15861,0.16157,-0.00057,-0.00123,-0.00156,0.00008,-0.00057,-54.78031,503.00000
0.02245,0.02475,0.01982,0.01719,0.02245,0.16059,0.15861,0.15730,0.16190,0.16256,0.00140,-0.00025,0.00173,0.00041,-0.00090,-55.15627,504.00000
0.02212,0.01982,0.02376,0.02113,0.01752,0.15960,0.16125,0.16026,0.16157,0.15993,0.00107,-0.00255,-0.00156,0.00272,-0.00222,-55.15627,505.00000
0.01752,0.01982,0.01850,0.01488,0.02376,0.16256,0.16026,0.15927,0.16421,0.15533,-0.00321,-0.00222,-0.00321,-0.00156,-0.00156,-55.01222,506.00000
0.02048,0.01784,0.01817,0.02179,0.01752,0.16322,0.16552,0.15960,0.16519,0.16388,0.00173,-0.00057,-0.00189,0.00041,-0.00222,-55.01222,507.00000
0.02475,0.02080,0.02574,0.02080,0.01752,0.16486,0.15861,0.16092,0.16190,0.15894,-0.00189,-0.00321,0.00436,0.00107,0.00173,-55.53345,508.00000
0.01817,0.02607,0.02376,0.02245,0.02245,0.15960,0.16026,0.16157,0.16125,0.16190,-0.00288,-0.00255,0.00337,-0.00090,-0.00057,-55.53345,509.00000
0.01949,0.02048,0.01587,0.02475,0.01620,0.16355,0.15664,0.16157,0.16223,0.16223,0.00008,0.00107,-0.00156,0.00173,0.00370,-55.73548,510.00000
0.02442,0.02113,0.01784,0.02278,0.02344,0.16256,0.16322,0.16059,0.16092,0.15796,-0.00386,0.00008,0.00173,-0.00025,-0.00156,-55.73548,511.00000
0.02508,0.01686,0.02080,0.02212,0.02048,0.16026,0.16092,0.16256,0.15993,0.15861,-0.00123,0.00173,-0.00025,-0.00189,0.00337,-55.75104,512.00000
0.01653,0.02113,0.01949,0.02179,0.01916,0.15927,0.16256,0.16125,0.16322,0.15927,-0.00156,0.00173,-0.00057,-0.00156,-0.00321,-55.75104,513.00000
0.01752,0.01949,0.02311,0.02212,0.02015,0.15697,0.15829,0.15894,0.16157,0.16026,-0.00025,-0.00123,-0.00025,0.00239,0.00107,-55.81741,514.00000
0.02311,0.01982,0.02080,0.01949,0.01916,0.15598,0.15565,0.16486,0.15927,0.15894,-0.00123,-0.00419,-0.00485,0.00074,0.00107,-55.81741,515.00000
0.02179,0.01423,0.02376,0.01719,0.01357,0.16618,0.15894,0.15796,0.16190,0.15993,0.00337,-0.00090,0.00370,0.00370,0.00239,-55.68214,516.00000
0.02080,0.02015,0.01817,0.01982,0.02278,0.15960,0.16322,0.16190,0.16190,0.15861,0.00107,0.00041,-0.00025,0.00173,0.00140,-55.68214,517.00000
0.01883,0.01357,0.01850,0.01784,0.02574,0.16289,0.16355,0.16717,0.16289,0.15565,0.00041,-0.00057,-0.00090,0.00008,0.00107,-55.11646,518.00000
0.02113,0.01982,0.02475,0.02311,0.01916,0.15861,0.16125,0.16388,0.16486,0.15894,-0.00123,-0.00222,0.00008,-0.00189,0.00008,-55.11646,519.00000
0.02048,0.02278,0.02212,0.02278,0.02278,0.16388,0.15927,0.15960,0.16190,0.15829,0.00370,0.00304,-0.00025,0.00041,-0.00321,-54.85559,520.00000
0.02278,0.02080,0.02409,0.02705,0.02245,0.16190,0.16092,0.15763,0.15533,0.16190,-0.00057,-0.00090,-0.00584,-0.00025,-0.00288,-54.85559,521.00000
0.02146,0.02146,0.02245,0.01554,0.02179,0.15763,0.15927,0.15697,0.16092,0.16289,0.00008,-0.00419,0.00272,-0.00057,0.00403,-55.66754,522.00000
0.01982,0.02179,0.02607,0.01554,0.02212,0.16289,0.15993,0.16059,0.16486,0.16355,0.00008,0.00140,-0.00025,-0.00057,0.00074,-55.66754,523.00000
0.02113,0.02113,0.02508,0.02080,0.02278,0.15960,0.15796,0.16289,0.15894,0.16749,-0.00025,-0.00156,-0.00386,-0.00485,-0.00255,-55.15311,524.00000
0.02179,0.01719,0.02212,0.01850,0.01554,0.16157,0.16092,0.16026,0.16190,0.16092,0.00008,-0.00452,-0.00123,-0.00057,0.00206,-55.15311,525.00000
0.02475,0.01752,0.02475,0.01784,0.02475,0.16026,0.16059,0.16026,0.15960,0.15631,0.00008,-0.00156,0.00107,-0.00485,0.00074,-55.15468,526.00000
0.01883,0.01620,0.02574,0.02442,0.01949,0.15401,0.16421,0.16125,0.15960,0.16256,-0.00090,-0.00321,0.00206,-0.00222,-0.00189,-55.15468,527.00000
0.02311,0.01653,0.02607,0.01916,0.01686,0.16125,0.16157,0.16256,0.16552,0.16059,-0.00288,-0.00057,0.00140,-0.00025,-0.00090,-55.24091,528.00000
0.01752,0.02048,0.02015,0.01587,0.01784,0.15697,0.16223,0.16125,0.15796,0.15861,0.00074,-0.00090,-0.00156,0.00173,0.00008,-55.24091,529.00000
0.01916,0.02245,0.02541,0.02245,0.01784,0.16026,0.16026,0.15664,0.16092,0.16157,0.00008,-0.00156,-0.00222,-0.00090,0.00272,-55.71616,530.00000
0.01850,0.03133,0.01587,0.01719,0.02541,0.16059,0.15829,0.16059,0.16651,0.15894,-0.00189,0.00041,-0.00682,-0.00156,0.00107,-55.71616,531.00000
0.02113,0.02080,0.02311,0.02607,0.02212,0.16026,0.15894,0.16190,0.16026,0.15730,-0.00255,0.00008,0.00272,-0.00090,0.00008,-56.09294,532.00000
0.01883,0.01324,0.02179,0.02113,0.02311,0.16486,0.16486,0.16289,0.15730,0.16355,-0.00255,-0.00189,-0.00123,-0.00090,0.00107,-56.09294,533.00000
0.01291,0.02179,0.01883,0.02212,0.01719,0.16059,0.16190,0.15927,0.15894,0.15993,0.00337,-0.00222,-0.00090,-0.00222,0.00272,-56.40096,534.00000
0.01521,0.02475,0.01587,0.02048,0.02376,0.15763,0.16059,0.16256,0.16125,0.16256,0.00074,0.00140,-0.00090,-0.00288,0.00239,-56.40096,535.00000
0.02376,0.01554,0.02080,0.01982,0.02146,0.15960,0.16618,0.15993,0.16256,0.15598,0.00041,0.00107,-0.00156,0.00074,-0.00189,-57.17753,536.00000
0.02048,0.02015,0.01456,0.01719,0.01653,0.15664,0.16782,0.15861,0.15796,0.16125,0.00140,0.00469,0.00140,0.00173,-0.00222,-57.17753,537.00000
0.02409,0.02278,0.01719,0.01916,0.02080,0.15960,0.16289,0.16717,0.15960,0.16256,0.00140,-0.00255,-0.00057,-0.00288,-0.00123,-56.21084,538.00000
0.01587,0.01784,0.02311,0.02672,0.02015,0.16026,0.15894,0.16223,0.15993,0.16092,-0.00288,0.00041,-0.00321,0.00535,0.00008,-56.21084,539.00000
0.01949,0.02179,0.01620,0.02245,0.02179,0.16421,0.16322,0.15993,0.16223,0.16421,-0.00057,-0.00025,-0.00255,0.00239,0.00173,-55.72505,540.00000
0.01916,0.01620,0.02376,0.01719,0.01752,0.16322,0.15927,0.16585,0.16059,0.16289,0.00008,0.00074,0.00041,0.00304,-0.00222,-55.72505,541.00000
0.01784,0.02179,0.02179,0.01916,0.01488,0.16190,0.15993,0.16223,0.16519,0.16190,-0.00189,0.00008,0.00206,0.00041,-0.00189,-55.34543,542.00000
0.01324,0.02048,0.01784,0.01850,0.01850,0.16092,0.16421,0.16289,0.15894,0.16223,-0.00189,-0.00057,-0.00090,-0.00189,0.00107,-55.34543,543.00000
0.02080,0.01719,0.01916,0.02705,0.01620,0.15697,0.16026,0.16059,0.16157,0.15993,-0.00156,-0.00189,-0.00288,0.00206,-0.00025,-55.14098,544.00000
0.02146,0.02376,0.01784,0.01456,0.02015,0.16256,0.15927,0.15894,0.16322,0.16684,-0.00057,-0.00189,0.00008,-0.00189,-0.00025,-55.14098,545.00000
0.01620,0.02080,0.01784,0.02508,0.01784,0.16388,0.16026,0.16190,0.15960,0.16190,-0.00189,-0.00090,0.00008,-0.00156,0.00140,-54.90447,546.00000
0.02672,0.01456,0.01883,0.02212,0.01817,0.15894,0.16157,0.16322,0.15730,0.16453,0.00239,0.00239,0.00173,-0.00123,0.00239,-54.90447,547.00000
0.01587,0.02245,0.02574,0.01653,0.02146,0.16289,0.16157,0.16125,0.15697,0.16223,0.00107,-0.00057,-0.00321,0.00272,0.00008,-54.34433,548.00000
0.02574,0.02113,0.01554,0.01225,0.02344,0.16059,0.15763,0.15894,0.15664,0.16256,-0.00386,-0.00321,0.00239,0.00041,0.00239,-54.34433,549.00000
0.01587,0.01883,0.01653,0.02179,0.02344,0.16322,0.15894,0.16059,0.15927,0.16059,-0.00057,0.00370,-0.00321,0.00140,-0.00222,-54.62578,550.00000
0.02245,0.02080,0.01719,0.02080,0.02705,0.15796,0.15861,0.16289,0.16256,0.15631,-0.00321,0.00074,0.00041,-0.00189,0.00074,-54.62578,551.00000
0.01653,0.02048,0.02245,0.01752,0.02607,0.16026,0.16289,0.16223,0.15927,0.16486,-0.00057,0.00008,0.00041,0.00107,-0.00222,-54.52480,552.00000
0.01554,0.02311,0.01784,0.01587,0.02080,0.16092,0.16157,0.15861,0.16421,0.16256,-0.00222,0.00074,-0.00222,0.00206,-0.00353,-54.52480,553.00000
0.01850,0.01850,0.01916,0.02048,0.02278,0.15796,0.15927,0.16026,0.16190,0.16388,-0.00025,0.00074,0.00041,0.00074,0.00272,-53.89814,554.00000
0.01488,0.01784,0.01587,0.02541,0.02442,0.15993,0.15631,0.16585,0.16190,0.16322,-0.00255,-0.00419,-0.00090,-0.00057,-0.00419,-53.89814,555.00000
0.02376,0.02179,0.01554,0.02080,0.01719,0.15697,0.16026,0.16552,0.15861,0.15894,-0.00485,0.00403,0.00173,-0.00222,-0.00090,-54.04380,556.00000
0.01850,0.01982,0.02179,0.01653,0.02311,0.15730,0.15861,0.16453,0.16125,0.15697,-0.00156,-0.00123,-0.00222,0.00304,-0.00222,-54.04380,557.00000
0.01916,0.01521,0.02508,0.02212,0.01620,0.16223,0.16190,0.15960,0.16289,0.15861,-0.00090,-0.00057,-0.00189,-0.00057,0.00008,-54.25334,558.00000
0.01456,0.02311,0.02015,0.01620,0.01291,0.16289,0.16223,0.16059,0.15829,0.16026,-0.00386,-0.00025,-0.00057,-0.00025,-0.00156,-54.25334,559.00000
0.01784,0.02607,0.01752,0.02475,0.01916,0.16355,0.16355,0.16355,0.15697,0.16026,0.00206,0.00074,0.00074,0.00206,0.00008,-55.69113,560.00000
0.02278,0.01982,0.02080,0.02179,0.01916,0.15861,0.15829,0.16618,0.16618,0.16125,0.00272,0.00140,0.00074,0.00008,0.00173,-55.69113,561.00000
0.01488,0.02146,0.01982,0.01817,0.02278,0.16059,0.15927,0.15861,0.15796,0.15829,0.00074,-0.00025,-0.00255,0.00041,-0.00255,-57.05943,562.00000
0.01949,0.01620,0.01883,0.02771,0.01817,0.16223,0.16289,0.15434,0.15533,0.15697,-0.00386,0.00140,0.00008,0.00337,-0.00057,-57.05943,563.00000
0.02080,0.01817,0.02705,0.01488,0.02278,0.16092,0.15993,0.15927,0.15993,0.15631,0.00008,0.00107,0.00107,-0.00321,0.00074,-56.33733,564.00000
0.01850,0.01752,0.02113,0.02409,0.02179,0.16026,0.16322,0.16125,0.15960,0.16157,-0.00123,0.00074,-0.00156,-0.00090,-0.00255,-56.33733,565.00000
0.01916,0.02344,0.02278,0.01784,0.02442,0.16157,0.15796,0.16289,0.16026,0.15533,0.00008,0.00008,0.00041,0.00041,-0.00255,-56.03976,566.00000
0.01850,0.01587,0.02146,0.01982,0.01784,0.16190,0.15631,0.15894,0.15829,0.16157,-0.00255,-0.00090,-0.00090,-0.00156,0.00600,-56.03976,567.00000
0.01982,0.02311,0.02212,0.01324,0.02311,0.15565,0.15763,0.15598,0.15927,0.15730,0.00239,-0.00123,-0.00057,0.00140,-0.00255,-54.74107,568.00000
0.02212,0.02245,0.01883,0.02212,0.02442,0.15763,0.15763,0.16157,0.16190,0.16026,0.00140,0.00337,-0.00518,-0.00057,-0.00386,-54.74107,569.00000
0.01850,0.02278,0.01620,0.01653,0.02640,0.16585,0.15894,0.16256,0.15894,0.15730,0.00107,-0.00057,0.00370,0.00008,0.00206,-54.12591,570.00000
0.02311,0.01982,0.01554,0.02179,0.02113,0.15598,0.15993,0.15796,0.16223,0.16486,-0.00156,0.00140,-0.00123,0.00074,-0.00452,-54.12591,571.00000
0.01620,0.02245,0.01850,0.02113,0.01916,0.15993,0.15894,0.16651,0.16092,0.15730,-0.00255,-0.00189,0.00008,-0.00255,-0.00025,-53.90133,572.00000
0.01817,0.02015,0.01719,0.01817,0.02738,0.16026,0.15829,0.15796,0.16322,0.16157,0.00074,0.00206,-0.00090,0.00107,-0.00321,-53.90133,573.00000
0.01620,0.02080,0.02179,0.01719,0.01817,0.15631,0.16388,0.16026,0.16289,0.15960,-0.00189,-0.00123,-0.00123,-0.00057,-0.00485,-55.26610,574.00000
0.01949,0.02245,0.02508,0.01883,0.02048,0.15927,0.16388,0.16157,0.15960,0.15796,0.00041,0.00008,-0.00255,-0.00452,-0.00025,-55.26610,575.00000
0.02344,0.01949,0.01949,0.01982,0.01784,0.16289,0.16322,0.15829,0.15993,0.16026,-0.00222,0.00173,-0.00222,-0.00156,-0.00090,-54.84984,576.00000
0.01653,0.01620,0.01883,0.01752,0.02278,0.15697,0.15664,0.15960,0.15664,0.15763,0.00107,-0.00222,0.00107,-0.00321,0.00436,-54.84984,577.00000
0.02212,0.02311,0.01916,0.02179,0.01850,0.15829,0.16026,0.16190,0.16026,0.15796,0.00041,0.00041,-0.00057,0.00041,0.00304,-53.95568,578.00000
0.01390,0.01587,0.02245,0.01850,0.01949,0.16092,0.16092,0.15960,0.15763,0.16125,0.00074,-0.00189,-0.00321,-0.00255,-0.00452,-53.95568,579.00000
0.02278,0.01982,0.02080,0.01784,0.02179,0.15664,0.15894,0.15960,0.15730,0.16026,-0.00090,-0.00025,0.00041,0.00074,0.00107,-53.39874,580.00000
0.01883,0.02311,0.01949,0.01620,0.02475,0.16421,0.16256,0.15730,0.16125,0.16289,0.00173,0.00206,0.00041,-0.00321,-0.00057,-53.39874,581.00000
0.02311,0.02245,0.01817,0.01784,0.02212,0.16618,0.15993,0.15631,0.16256,0.15927,-0.00156,-0.00123,-0.00288,-0.00057,0.00074,-53.71353,582.00000
0.01982,0.02212,0.01982,0.01817,0.01686,0.16289,0.15829,0.15927,0.15993,0.16026,0.00008,0.00041,-0.00123,0.00173,0.00173,-53.71353,583.00000
0.01686,0.01784,0.02212,0.01620,0.01883,0.16026,0.16157,0.16125,0.15664,0.16190,-0.00321,0.00140,0.00008,-0.00123,0.00140,-54.62288,584.00000
0.01850,0.02146,0.01784,0.02574,0.01653,0.16125,0.15927,0.15993,0.16355,0.15894,-0.00057,0.00304,-0.00321,-0.00189,0.00304,-54.62288,585.00000
0.01653,0.02672,0.01225,0.01620,0.01423,0.15829,0.15829,0.16092,0.16486,0.16519,0.00107,-0.00090,-0.00123,-0.00156,-0.00321,-54.79923,586.00000
0.02146,0.02015,0.02179,0.02179,0.02344,0.16289,0.16026,0.16026,0.15927,0.16092,0.00173,-0.00057,-0.00518,0.00173,-0.00025,-54.79923,587.00000
0.01686,0.01686,0.01817,0.01752,0.02080,0.15993,0.15829,0.15894,0.16059,0.16092,-0.00353,0.00107,-0.00189,-0.00156,0.00173,-54.82393,588.00000
0.01719,0.02048,0.01850,0.01784,0.02015,0.15763,0.16223,0.16157,0.15730,0.15861,-0.00090,0.00173,0.00074,-0.00288,0.00173,-54.82393,589.00000
0.02146,0.01949,0.02212,0.02015,0.01719,0.16026,0.16059,0.16585,0.15796,0.16059,0.00140,0.00074,-0.00222,-0.00189,-0.00025,-55.25865,590.00000
0.01949,0.01752,0.02015,0.02113,0.01620,0.16190,0.16125,0.15763,0.16453,0.15993,0.00239,0.00008,-0.00189,0.00337,-0.00057,-55.25865,591.00000
0.02212,0.01686,0.01883,0.02080,0.01686,0.16026,0.16223,0.15861,0.15697,0.16388,-0.00057,0.00041,-0.00321,-0.00156,0.00140,-55.19524,592.00000
0.02344,0.02409,0.02574,0.01554,0.02344,0.15598,0.15533,0.16092,0.16092,0.15861,0.00173,-0.00025,-0.00123,0.00041,-0.00156,-55.19524,593.00000
0.01883,0.02508,0.01587,0.02212,0.02574,0.15993,0.16026,0.16059,0.16157,0.15927,-0.00090,0.00239,0.00173,-0.00288,0.00041,-55.10006,594.00000
0.02179,0.02146,0.02278,0.02048,0.02080,0.15993,0.15829,0.16453,0.16026,0.16519,-0.00057,-0.00189,0.00074,0.00502,-0.00057,-55.10006,595.00000
0.01850,0.01752,0.01653,0.02113,0.02080,0.16026,0.15796,0.15927,0.16125,0.16125,-0.00156,0.00074,-0.00321,0.00074,0.00107,-54.75706,596.00000
0.02344,0.02376,0.01423,0.02146,0.01390,0.15730,0.16092,0.16256,0.16125,0.15894,-0.00189,-0.00025,-0.00386,0.00074,-0.00255,-54.75706,597.00000
0.02475,0.01883,0.01587,0.02278,0.02804,0.15829,0.15829,0.15927,0.15730,0.15565,-0.00419,0.00107,-0.00057,0.00107,-0.00025,-54.46105,598.00000
0.02344,0.01653,0.02179,0.01620,0.02376,0.15631,0.16125,0.16157,0.15861,0.15565,-0.00222,-0.00255,0.00074,-0.00485,0.00140,-54.46105,599.00000
0.01982,0.01817,0.02212,0.01817,0.02245,0.16388,0.16190,0.16256,0.15993,0.16223,-0.00189,-0.00123,0.00337,-0.00025,-0.00156,-54.72320,600.00000
0.02048,0.01357,0.02113,0.01784,0.01817,0.15894,0.16125,0.15598,0.15730,0.15796,0.00008,0.00272,-0.00025,-0.00123,0.00337,-54.72320,601.00000
0.02442,0.01883,0.02640,0.01982,0.01883,0.16223,0.16059,0.15960,0.15894,0.16125,0.00173,-0.00189,-0.00189,-0.00321,-0.00222,-53.93387,602.00000
0.01982,0.02048,0.02771,0.01883,0.02048,0.15927,0.15763,0.16486,0.16125,0.15631,-0.00057,-0.00222,0.00239,-0.00123,0.00074,-53.93387,603.00000
0.02212,0.02771,0.01620,0.01850,0.01982,0.15927,0.16322,0.16190,0.16190,0.15960,-0.00123,-0.00156,0.00008,-0.00485,-0.00123,-54.63295,604.00000
0.02048,0.01620,0.02574,0.02015,0.01883,0.16388,0.15993,0.16322,0.15730,0.16256,-0.00156,0.00074,-0.00123,-0.00189,-0.00025,-54.63295,605.00000
0.03067,0.01883,0.01982,0.02344,0.01916,0.16059,0.15927,0.15960,0.16256,0.16190,0.00206,0.00074,-0.00321,0.00008,-0.00025,-54.71882,606.00000
0.02311,0.02278,0.01817,0.02080,0.01883,0.16355,0.15730,0.15631,0.16026,0.15829,-0.00156,-0.00090,-0.00025,-0.00025,0.00041,-54.71882,607.00000
0.02015,0.01752,0.01982,0.01982,0.02409,0.15796,0.15664,0.16322,0.16157,0.15960,0.00107,-0.00156,0.00239,-0.00255,0.00107,-54.74222,608.00000
0.02311,0.01719,0.01817,0.01850,0.02015,0.15993,0.15861,0.15598,0.15927,0.15993,-0.00189,-0.00189,0.00272,0.00140,-0.00057,-54.74222,609.00000
0.02048,0.02179,0.02508,0.02080,0.01752,0.15993,0.15730,0.15763,0.15697,0.16256,0.00008,-0.00025,0.00140,0.00041,0.00107,-55.13234,610.00000
0.01291,0.02278,0.02245,0.02409,0.01949,0.15894,0.16289,0.16026,0.16059,0.15894,-0.00025,-0.00090,0.00074,0.00074,-0.00419,-55.13234,611.00000
0.02311,0.01390,0.02015,0.02409,0.01982,0.15697,0.15796,0.16059,0.16256,0.16125,-0.00353,-0.00090,0.00173,-0.00025,0.00074,-55.08082,612.00000
0.02113,0.02508,0.02015,0.02311,0.02048,0.15993,0.16289,0.15664,0.16256,0.15664,0.00074,0.00272,0.00074,0.00107,-0.00057,-55.08082,613.00000
0.01521,0.01949,0.01982,0.02015,0.01949,0.15697,0.16223,0.15598,0.16355,0.15664,0.00041,-0.00222,0.00173,0.00008,-0.00123,-54.67664,614.00000
0.01949,0.01883,0.02015,0.01916,0.01752,0.15927,0.16157,0.15829,0.16157,0.16092,-0.00057,0.00107,0.00140,0.00107,-0.00255,-54.67664,615.00000
0.01949,0.01850,0.02409,0.01719,0.01587,0.15927,0.15467,0.15697,0.16190,0.16453,0.00140,0.00008,-0.00255,-0.00189,-0.00156,-55.21674,616.00000
0.02146,0.01686,0.01949,0.02015,0.01982,0.15927,0.16059,0.16223,0.15829,0.16190,0.00074,0.00074,-0.00025,-0.00057,0.00041,-55.21674,617.00000
0.02640,0.02146,0.01719,0.02311,0.01784,0.15829,0.15664,0.16223,0.16157,0.15730,-0.00222,0.00107,-0.00156,0.00074,-0.00025,-53.26999,618.00000
0.01357,0.01916,0.02080,0.01653,0.02771,0.16157,0.15565,0.16355,0.16223,0.15763,-0.00057,-0.00156,0.00831,-0.00222,-0.00321,-53.26999,619.00000
0.02409,0.01883,0.01850,0.01719,0.02212,0.15631,0.15861,0.15960,0.16322,0.15993,0.00074,-0.00025,0.00041,-0.00123,-0.00090,-53.03880,620.00000
0.02048,0.02376,0.02278,0.01949,0.01949,0.15829,0.15434,0.15993,0.15697,0.16388,0.00041,-0.00353,0.00206,0.00173,-0.00255,-53.03880,621.00000
0.02048,0.01949,0.01883,0.01850,0.01817,0.16092,0.16059,0.16190,0.15631,0.16157,0.00206,-0.00123,-0.00057,-0.00025,0.00337,-50.13268,622.00000
0.01883,0.02179,0.02113,0.01850,0.02245,0.16289,0.15697,0.15960,0.16223,0.15960,0.00107,-0.00353,-0.00288,-0.00288,0.00272,-50.13268,623.00000
0.01982,0.02245,0.01620,0.01850,0.01719,0.15993,0.16157,0.16026,0.16092,0.16026,-0.00057,0.00107,-0.00090,0.00206,-0.00419,-51.89251,624.00000
0.01982,0.01653,0.02344,0.01817,0.02409,0.16223,0.16092,0.15796,0.16223,0.16421,0.00041,0.00008,-0.00123,-0.00057,-0.00222,-51.89251,625.00000
0.02508,0.02212,0.02245,0.01587,0.02080,0.16157,0.15894,0.15664,0.15730,0.16519,0.00173,0.00107,-0.00090,0.00304,0.00041,-52.31589,626.00000
0.02048,0.02113,0.01883,0.02015,0.02015,0.15763,0.15565,0.16059,0.16157,0.15861,0.00173,-0.00321,-0.00025,0.00272,-0.00057,-52.31589,627.00000
0.01817,0.01620,0.02146,0.02179,0.02672,0.15993,0.15664,0.16092,0.15796,0.15730,0.00370,0.00140,0.00107,0.00074,0.00173,-53.46263,628.00000
0.02080,0.01686,0.02508,0.01883,0.02146,0.15927,0.16223,0.15697,0.15763,0.16125,0.00107,-0.00090,-0.00025,-0.00057,-0.00222,-53.46263,629.00000
0.02146,0.02080,0.02771,0.02080,0.01456,0.15829,0.15894,0.16223,0.16059,0.15927,0.00041,-0.00057,-0.00090,0.00041,0.00074,-53.99694,630.00000
0.02179,0.01521,0.02541,0.01192,0.02080,0.16256,0.16190,0.16190,0.15829,0.16190,0.00074,0.00041,-0.00189,-0.00057,0.00206,-53.99694,631.00000
0.01949,0.02080,0.02015,0.01686,0.02113,0.16388,0.16026,0.16388,0.15533,0.15861,-0.00156,0.00008,-0.00090,0.00074,-0.00025,-54.61566,632.00000
0.02048,0.02475,0.02146,0.02607,0.01719,0.15368,0.15894,0.15796,0.15763,0.15960,-0.00288,-0.00156,0.00107,0.00008,-0.00584,-54.61566,633.00000
0.01949,0.02113,0.01982,0.01752,0.02015,0.15829,0.15894,0.16092,0.16190,0.15894,-0.00189,-0.00025,0.00107,-0.00123,-0.00189,-54.45382,634.00000
0.02311,0.01916,0.02212,0.02409,0.01620,0.15730,0.16289,0.15829,0.16125,0.15763,0.00074,-0.00025,-0.00123,-0.00288,-0.00386,-54.45382,635.00000
0.01817,0.02080,0.01982,0.01817,0.02212,0.16157,0.15927,0.15796,0.16026,0.16125,-0.00156,-0.00189,-0.00123,0.00107,-0.00025,-54.90514,636.00000
0.02640,0.02574,0.02080,0.01521,0.02179,0.16157,0.15993,0.16157,0.16223,0.16026,-0.00189,-0.00189,0.00173,0.00008,-0.00057,-54.90514,637.00000
0.01817,0.02278,0.01850,0.02705,0.01784,0.16453,0.15894,0.16026,0.15993,0.15763,-0.00025,-0.00255,0.00107,0.00041,0.00140,-56.33684,638.00000
0.02080,0.01719,0.02311,0.02179,0.02015,0.15796,0.16322,0.15894,0.16190,0.16453,-0.00321,-0.00057,-0.00123,0.00074,-0.00025,-56.33684,639.00000
0.02179,0.01982,0.02146,0.01817,0.01719,0.16355,0.16092,0.15927,0.15960,0.15927,0.00074,-0.00222,0.00041,-0.00025,-0.00090,-55.91256,640.00000
0.02212,0.02113,0.02080,0.01719,0.02048,0.15697,0.16157,0.15664,0.16059,0.16223,-0.00255,-0.00090,0.00041,-0.00156,-0.00617,-55.91256,641.00000
0.02837,0.02376,0.01883,0.01686,0.01883,0.15763,0.15960,0.16092,0.16059,0.15894,-0.00090,-0.00123,-0.00025,-0.00222,0.00436,-55.36595,642.00000
0.02015,0.02080,0.02442,0.02475,0.01258,0.16125,0.15796,0.15960,0.15861,0.16092,0.00008,-0.00057,0.00107,-0.00090,0.00041,-55.36595,643.00000
0.01850,0.02212,0.01587,0.03133,0.01784,0.16190,0.15631,0.15960,0.16157,0.15631,0.00074,-0.00090,-0.00419,-0.00123,0.00074,-55.70055,644.00000
0.02146,0.01719,0.01784,0.02903,0.01752,0.15533,0.15927,0.16256,0.16256,0.16322,-0.00156,-0.00189,-0.00057,0.00008,-0.00057,-55.70055,645.00000
0.01949,0.02113,0.02080,0.02376,0.01719,0.15829,0.15631,0.16289,0.16289,0.16223,0.00074,-0.00222,0.00140,-0.00057,0.00206,-54.75946,646.00000
0.02508,0.02903,0.01752,0.02015,0.02311,0.16223,0.16026,0.16256,0.15598,0.16125,0.00173,-0.00189,-0.00090,-0.00025,0.00074,-54.75946,647.00000
0.02311,0.02212,0.02508,0.02015,0.02640,0.16026,0.16322,0.16026,0.16157,0.16026,0.00008,-0.00090,-0.00090,-0.00222,0.00041,-55.35824,648.00000
0.01620,0.02442,0.01554,0.02113,0.02212,0.15927,0.16256,0.16322,0.16421,0.15730,-0.00222,-0.00090,-0.00189,-0.00255,0.00008,-55.35824,649.00000
0.02475,0.02080,0.02212,0.02245,0.02113,0.15861,0.16026,0.15993,0.16125,0.15993,0.00140,0.00140,-0.00090,0.00173,0.00008,-54.84709,650.00000
0.01587,0.01850,0.02212,0.02146,0.02212,0.16157,0.16190,0.15829,0.15829,0.16157,-0.00222,-0.00123,0.00107,0.00107,0.00337,-54.84709,651.00000
0.01620,0.02574,0.01554,0.02048,0.02344,0.15927,0.15861,0.16125,0.15697,0.16223,-0.00189,-0.00255,0.00008,-0.00189,-0.00123,-54.92843,652.00000
0.02212,0.01686,0.02015,0.02278,0.02179,0.16519,0.16125,0.16092,0.15894,0.15763,-0.00156,0.00041,-0.00222,0.00008,-0.00057,-54.92843,653.00000
0.02771,0.02146,0.01982,0.02640,0.01916,0.15993,0.15993,0.16289,0.15434,0.15927,-0.00156,-0.00025,0.00107,-0.00189,-0.00057,-54.52964,654.00000
0.02376,0.02344,0.01817,0.02278,0.02048,0.15861,0.16289,0.16125,0.16355,0.15829,0.00008,-0.00025,-0.00386,0.00041,-0.00090,-54.52964,655.00000
0.02311,0.02015,0.02245,0.02113,0.02245,0.15730,0.15894,0.15894,0.15598,0.15861,0.00008,0.00074,-0.00222,-0.00123,-0.00189,-54.32049,656.00000
0.02804,0.01620,0.02508,0.02048,0.02113,0.16388,0.16289,0.16026,0.16190,0.15829,0.00469,0.00008,0.00337,-0.00222,-0.00255,-54.32049,657.00000
0.01719,0.01949,0.02771,0.02048,0.02146,0.15927,0.15697,0.15565,0.16223,0.16190,-0.00255,-0.00255,-0.00156,-0.00255,-0.00255,-53.68368,658.00000
0.02179,0.02245,0.01653,0.02738,0.02113,0.16157,0.16223,0.15960,0.16322,0.15829,-0.00123,0.00107,-0.00222,-0.00025,0.00041,-53.68368,659.00000
0.01916,0.01686,0.02442,0.02311,0.02311,0.16059,0.16421,0.16421,0.15401,0.16223,-0.00123,-0.00090,0.00107,-0.00189,0.00173,-54.93754,660.00000
0.01423,0.02146,0.01949,0.02278,0.01784,0.16355,0.16223,0.15763,0.15631,0.16059,0.00107,0.00107,-0.00057,-0.00025,0.00074,-54.93754,661.00000
0.01784,0.02475,0.01949,0.02146,0.02212,0.16355,0.15960,0.15993,0.16092,0.15960,-0.00189,0.00041,0.00074,0.00140,-0.00551,-56.16262,662.00000
0.01653,0.02475,0.02113,0.01883,0.01686,0.16059,0.16421,0.15960,0.15533,0.15960,0.00074,-0.00288,-0.00156,-0.00123,0.00074,-56.16262,663.00000
0.02146,0.02409,0.02771,0.02278,0.02442,0.15763,0.16125,0.15894,0.16421,0.16125,-0.00057,0.00107,-0.00123,0.00370,0.00074,-56.29420,664.00000
0.01949,0.02245,0.01554,0.02278,0.02344,0.15829,0.16256,0.15927,0.16092,0.16125,-0.00189,-0.00189,0.00041,0.00304,-0.00222,-56.29420,665.00000
0.02048,0.02541,0.02212,0.01587,0.02048,0.16026,0.16092,0.15598,0.15993,0.15565,-0.00255,-0.00321,-0.00419,-0.00025,-0.00353,-55.86683,666.00000
0.01784,0.02278,0.01784,0.01258,0.02146,0.16092,0.16026,0.15697,0.16684,0.16125,0.00206,-0.00288,-0.00189,0.00041,0.00074,-55.86683,667.00000
0.02442,0.02080,0.02409,0.02245,0.02146,0.15697,0.15861,0.16256,0.15960,0.15993,-0.00090,0.00304,0.00041,-0.00057,-0.00321,-56.06330,668.00000
0.01817,0.02015,0.02245,0.02376,0.02212,0.15861,0.16157,0.15960,0.16256,0.15894,-0.00255,-0.00551,-0.00156,0.00403,-0.00452,-56.06330,669.00000
0.02574,0.02113,0.01949,0.02048,0.02344,0.16519,0.15960,0.15664,0.16190,0.15960,0.00074,0.00370,0.00041,0.00140,-0.00123,-55.60489,670.00000
0.02113,0.02212,0.01982,0.01916,0.02409,0.16453,0.16125,0.16322,0.15533,0.16190,0.00206,-0.00090,-0.00123,0.00008,-0.00288,-55.60489,671.00000
0.01883,0.01784,0.02409,0.02278,0.02212,0.16651,0.15796,0.16157,0.15796,0.15763,0.00304,-0.00025,0.00140,-0.00057,-0.00090,-55.35127,672.00000
0.01850,0.02442,0.01916,0.02311,0.01916,0.16059,0.15730,0.16190,0.15763,0.16125,-0.00452,0.00041,0.00337,-0.00057,0.00107,-55.35127,673.00000
0.01850,0.02113,0.02607,0.01620,0.02179,0.15730,0.15631,0.16157,0.15598,0.15993,-0.00321,-0.00025,-0.00353,0.00206,-0.00090,-54.81187,674.00000
0.01949,0.02804,0.01949,0.02903,0.01456,0.15697,0.15730,0.16355,0.15730,0.16223,0.00008,-0.00025,0.00206,-0.00123,0.00370,-54.81187,675.00000
0.02048,0.02344,0.02113,0.01949,0.02804,0.16190,0.15796,0.16092,0.15763,0.16157,-0.00288,0.00074,0.00074,-0.00156,0.00436,-55.87517,676.00000
0.01949,0.01488,0.02376,0.02179,0.01488,0.15829,0.16388,0.15894,0.16223,0.16256,0.00337,0.00206,0.00041,0.00107,0.00206,-55.87517,677.00000
0.02376,0.02278,0.02146,0.02607,0.02344,0.15861,0.15598,0.15434,0.15894,0.15697,0.00239,-0.00222,-0.00222,0.00008,-0.00222,-55.10311,678.00000
0.01784,0.02936,0.02245,0.02179,0.01784,0.15829,0.16092,0.15960,0.16585,0.16059,0.00337,-0.00189,-0.00321,-0.00222,0.00239,-55.10311,679.00000
0.02344,0.02376,0.02409,0.02475,0.01850,0.16026,0.15697,0.16125,0.15927,0.15993,0.00140,-0.00288,0.00107,-0.00090,0.00140,-54.65605,680.00000
0.02080,0.02146,0.02080,0.02015,0.02409,0.15796,0.16059,0.16486,0.16322,0.15730,-0.00156,0.00074,0.00173,0.00008,0.00008,-54.65605,681.00000
0.01752,0.02245,0.02442,0.02015,0.02048,0.16585,0.15927,0.15894,0.15796,0.15894,0.00337,0.00008,0.00107,0.00008,0.00206,-54.20058,682.00000
0.02015,0.02376,0.02278,0.02212,0.02376,0.15993,0.16355,0.16026,0.16059,0.16059,-0.00025,-0.00123,0.00008,-0.00057,-0.00255,-54.20058,683.00000
0.01817,0.02048,0.02705,0.02245,0.02409,0.15598,0.15894,0.15829,0.15796,0.15894,0.00304,-0.00288,-0.00123,-0.00025,0.00041,-54.22920,684.00000
0.01554,0.01817,0.02475,0.02080,0.01784,0.16289,0.15697,0.15796,0.15730,0.16223,0.00107,-0.00123,-0.00189,-0.00123,-0.00123,-54.22920,685.00000
0.03001,0.02146,0.01883,0.01916,0.02508,0.16092,0.15993,0.16190,0.15796,0.15894,0.00041,-0.00189,0.00469,0.00206,-0.00057,-55.46177,686.00000
0.02245,0.02376,0.01784,0.01949,0.02015,0.15368,0.16256,0.16388,0.15598,0.16651,-0.00156,0.00074,-0.00288,-0.00156,-0.00321,-55.46177,687.00000
0.02738,0.01587,0.02870,0.01817,0.01850,0.15894,0.15730,0.15829,0.15829,0.15894,-0.00156,0.00008,-0.00090,-0.00255,-0.00386,-55.57024,688.00000
0.02278,0.02080,0.02508,0.02409,0.02080,0.15861,0.15993,0.16157,0.16157,0.16256,-0.00057,0.00304,-0.00156,0.00074,-0.00189,-55.57024,689.00000
0.02409,0.02080,0.02705,0.02311,0.01949,0.15993,0.15861,0.15631,0.15993,0.15763,0.00074,-0.00288,0.00206,-0.00090,0.00107,-55.77828,690.00000
0.02508,0.01686,0.02903,0.01916,0.02146,0.15927,0.16157,0.16223,0.16125,0.15927,0.00107,-0.00288,-0.00353,-0.00090,-0.00156,-55.77828,691.00000
0.01850,0.02311,0.02113,0.01949,0.02640,0.16289,0.15697,0.16157,0.15861,0.15894,-0.00288,-0.00025,0.00272,-0.00123,-0.00485,-55.49412,692.00000
0.02409,0.02311,0.02344,0.02344,0.02146,0.16059,0.15598,0.15993,0.15829,0.16256,0.00008,-0.00156,-0.00551,0.00173,-0.00189,-55.49412,693.00000
0.02442,0.02607,0.02311,0.02705,0.01653,0.16092,0.15730,0.15861,0.15960,0.15697,0.00107,-0.00156,0.00008,-0.00123,0.00140,-55.41308,694.00000
0.01916,0.02541,0.02311,0.01817,0.02574,0.15960,0.15861,0.15763,0.16223,0.15861,0.00436,-0.00025,-0.00353,0.00041,-0.00189,-55.41308,695.00000
0.02179,0.02311,0.01456,0.02048,0.02179,0.15763,0.16355,0.16125,0.16223,0.15927,-0.00025,-0.00090,-0.00025,0.00304,0.00304,-55.42871,696.00000
0.02870,0.01521,0.02574,0.01784,0.02771,0.15861,0.15829,0.15335,0.16355,0.16059,0.00041,0.00206,-0.00222,-0.00222,0.00008,-55.42871,697.00000
0.02870,0.02607,0.02344,0.01653,0.02048,0.15894,0.15631,0.16059,0.15861,0.16092,-0.00156,0.00337,-0.00057,-0.00057,0.00140,-55.14355,698.00000
0.01850,0.01521,0.02771,0.02048,0.02541,0.15993,0.15796,0.15894,0.15763,0.16256,0.00206,0.00304,0.00370,0.00206,0.00008,-55.14355,699.00000
0.01850,0.02672,0.02771,0.01850,0.02508,0.16322,0.15993,0.15993,0.15697,0.15927,0.00140,0.00074,0.00140,0.00140,-0.00255,-54.75683,700.00000
0.02672,0.02376,0.02738,0.02080,0.02311,0.15993,0.15993,0.16322,0.16388,0.15993,-0.00321,0.00173,0.00074,-0.00255,-0.00057,-54.75683,701.00000
0.01883,0.02146,0.02344,0.02080,0.01291,0.15598,0.16519,0.15894,0.16125,0.16157,0.00074,-0.00057,0.00272,0.00074,0.00304,-54.56592,702.00000
0.02015,0.02179,0.02442,0.02442,0.02080,0.15796,0.15960,0.15894,0.15927,0.15598,-0.00288,-0.00057,-0.00419,-0.00123,-0.00057,-54.56592,703.00000
0.02376,0.02804,0.02179,0.02837,0.01916,0.16092,0.16453,0.15927,0.15631,0.15664,-0.00123,-0.00057,-0.00025,0.00304,0.00074,-53.85034,704.00000
0.02475,0.02278,0.02903,0.01982,0.01719,0.15763,0.16421,0.15829,0.15927,0.15565,-0.00025,-0.00222,-0.00189,-0.00222,-0.00025,-53.85034,705.00000
0.02376,0.02409,0.02968,0.01883,0.02113,0.15861,0.15927,0.15861,0.16289,0.16355,0.00272,-0.00090,-0.00156,-0.00025,0.00107,-53.94421,706.00000
0.02080,0.02771,0.02738,0.02113,0.02541,0.15927,0.16223,0.15796,0.15796,0.16125,-0.00288,0.00008,-0.00090,0.00239,-0.00288,-53.94421,707.00000
0.02705,0.02146,0.01554,0.01949,0.02344,0.15927,0.16190,0.15894,0.15796,0.15796,0.00304,-0.00057,0.00272,0.00041,-0.00419,-52.17474,708.00000
0.02179,0.02376,0.02409,0.01390,0.02245,0.15861,0.16026,0.15960,0.16651,0.15664,0.00239,0.00008,-0.00222,-0.00025,0.00502,-52.17474,709.00000
0.02442,0.02179,0.02344,0.02574,0.02475,0.16453,0.15763,0.15467,0.16322,0.16125,-0.00025,0.00107,-0.00090,0.00140,0.00074,-49.59079,710.00000
0.02409,0.02212,0.02574,0.02409,0.02376,0.15697,0.15730,0.15960,0.16256,0.15697,-0.00057,-0.00156,-0.00090,0.00206,-0.00123,-49.59079,711.00000
0.02442,0.02640,0.02245,0.02048,0.02672,0.15861,0.16421,0.16256,0.15894,0.15697,0.00041,-0.00386,-0.00123,-0.00255,0.00206,-49.20946,712.00000
0.02344,0.02113,0.01850,0.02344,0.01883,0.15960,0.15565,0.16355,0.15993,0.16421,0.00173,0.00140,-0.00222,0.00041,0.00140,-49.20946,713.00000
0.02015,0.02607,0.02409,0.02245,0.02376,0.16125,0.15960,0.15565,0.15993,0.15697,-0.00025,-0.00123,-0.00123,-0.00353,0.00074,-51.49438,714.00000
0.02245,0.02442,0.02179,0.02015,0.02508,0.15927,0.15894,0.15829,0.15796,0.15598,-0.00386,0.00107,-0.00288,0.00239,0.00206,-51.49438,715.00000
0.02541,0.02804,0.02048,0.02015,0.02607,0.15664,0.15960,0.15401,0.15960,0.16322,-0.00353,0.00239,0.00239,0.00008,-0.00057,-52.50256,716.00000
0.01982,0.02475,0.02771,0.02508,0.02508,0.16092,0.16190,0.15829,0.15993,0.15993,0.00008,0.00107,0.00272,0.00337,0.00074,-52.50256,717.00000
0.02442,0.02113,0.02738,0.02442,0.03034,0.15960,0.15467,0.15894,0.16388,0.15927,-0.00025,0.00304,-0.00222,-0.00057,-0.00057,-53.65118,718.00000
0.01817,0.02640,0.02311,0.02870,0.02541,0.16355,0.15730,0.15829,0.16157,0.16157,0.00074,0.00272,0.00206,0.00206,0.00173,-53.65118,719.00000
0.02048,0.01850,0.02442,0.02113,0.02771,0.15960,0.16092,0.16092,0.16026,0.16092,-0.00156,-0.00189,0.00074,-0.00156,0.00074,-54.28653,720.00000
0.01653,0.03067,0.02278,0.02475,0.02837,0.16223,0.15960,0.16223,0.16256,0.15894,0.00239,-0.00090,0.00107,-0.00123,-0.00255,-54.28653,721.00000
0.02080,0.02870,0.01817,0.02771,0.02705,0.15993,0.16289,0.16092,0.16355,0.16749,-0.00090,0.00239,0.00041,0.00041,-0.00386,-55.53194,722.00000
0.02344,0.02837,0.02015,0.02245,0.02278,0.15697,0.15697,0.16059,0.15763,0.16388,0.00041,0.00173,0.00272,0.00074,-0.00353,-55.53194,723.00000
0.02640,0.02344,0.01883,0.02541,0.02475,0.15763,0.16157,0.16322,0.15664,0.15861,-0.00419,0.00074,0.00107,-0.00386,0.00041,-55.44419,724.00000
0.02475,0.02541,0.01719,0.02344,0.03067,0.16388,0.15894,0.16223,0.15894,0.15730,-0.00288,-0.00189,0.00041,-0.00156,0.00370,-55.44419,725.00000
0.02278,0.02870,0.02015,0.02837,0.02278,0.15927,0.16059,0.15861,0.16322,0.16157,0.00074,-0.00025,-0.00090,-0.00386,0.00107,-55.02922,726.00000
0.02607,0.02672,0.02344,0.02508,0.02113,0.16256,0.16322,0.15993,0.16256,0.16223,-0.00255,-0.00288,0.00041,-0.00057,0.00304,-55.02922,727.00000
0.03067,0.02870,0.02475,0.02968,0.02376,0.15730,0.15993,0.15861,0.15861,0.16453,-0.00255,-0.00419,-0.00419,-0.00057,-0.00222,-55.23922,728.00000
0.01949,0.02541,0.02311,0.02245,0.02640,0.16256,0.16125,0.16355,0.16059,0.15993,-0.00156,-0.00419,0.00140,0.00337,-0.00123,-55.23922,729.00000
0.02376,0.02475,0.02968,0.02245,0.02574,0.15829,0.16289,0.15993,0.15565,0.15993,0.00403,-0.00222,-0.00156,-0.00288,0.00041,-55.52244,730.00000
0.02278,0.02837,0.02508,0.02344,0.02870,0.15598,0.16322,0.16355,0.16190,0.15927,-0.00156,-0.00222,-0.00222,0.00074,-0.00485,-55.52244,731.00000
0.02475,0.02804,0.02048,0.02344,0.02607,0.15993,0.16026,0.15796,0.16125,0.15861,0.00041,-0.00255,-0.00321,-0.00518,0.00337,-54.60937,732.00000
0.02672,0.01949,0.03100,0.02146,0.03034,0.16059,0.15467,0.16092,0.15730,0.15927,0.00239,0.00140,-0.00321,0.00666,0.00107,-54.60937,733.00000
0.02640,0.03133,0.02344,0.02475,0.02475,0.15993,0.15763,0.16223,0.15927,0.16289,0.00239,0.00337,0.00074,-0.00090,0.00272,-54.60693,734.00000
0.02607,0.02541,0.02508,0.02968,0.02179,0.15434,0.15434,0.16059,0.16486,0.16059,0.00206,-0.00321,0.00008,0.00304,-0.00189,-54.60693,735.00000
0.02640,0.01686,0.02903,0.01719,0.02442,0.15894,0.16059,0.16092,0.15829,0.15697,0.00272,-0.00321,-0.00156,0.00403,-0.00057,-54.95483,736.00000
0.02574,0.02442,0.02804,0.02344,0.02541,0.15763,0.15894,0.15861,0.16026,0.16190,0.00370,-0.00222,-0.00288,-0.00025,-0.00123,-54.95483,737.00000
0.03001,0.02442,0.02344,0.02738,0.02508,0.16322,0.16190,0.15631,0.16190,0.15861,-0.00288,0.00074,0.00173,0.00008,-0.00025,-55.09460,738.00000
0.03265,0.02278,0.02541,0.02212,0.02837,0.16355,0.16355,0.15730,0.15796,0.16289,0.00074,-0.00090,0.00239,0.00008,0.00206,-55.09460,739.00000
0.02508,0.02574,0.02541,0.02541,0.02475,0.15763,0.15894,0.16289,0.16190,0.16092,0.00107,-0.00255,0.00041,0.00107,-0.00321,-55.04486,740.00000
0.03034,0.02146,0.03001,0.02442,0.02376,0.15993,0.15960,0.16092,0.16059,0.15993,-0.00057,-0.00222,0.00107,-0.00452,0.00140,-55.04486,741.00000
0.02278,0.02771,0.02607,0.03034,0.02442,0.15993,0.15631,0.16388,0.15598,0.15598,-0.00452,-0.00518,0.00140,0.00370,0.00403,-55.33493,742.00000
0.02738,0.02804,0.02409,0.02607,0.02376,0.15796,0.16092,0.15598,0.16256,0.16092,0.00041,0.00403,-0.00025,0.00041,0.00140,-55.33493,743.00000
0.02475,0.02179,0.02705,0.02541,0.02640,0.16256,0.15269,0.16190,0.16026,0.15763,-0.00222,-0.00123,-0.00288,0.00041,0.00239,-55.92918,744.00000
0.02870,0.02968,0.03001,0.02804,0.03330,0.15894,0.15730,0.15664,0.16289,0.15829,-0.00156,-0.00057,-0.00090,0.00337,0.00173,-55.92918,745.00000
0.02376,0.02541,0.02607,0.02508,0.02146,0.16125,0.15730,0.16157,0.15894,0.16157,-0.00222,-0.00156,0.00074,-0.00584,-0.00222,-55.70385,746.00000
0.02771,0.03067,0.02738,0.02475,0.02804,0.16125,0.16125,0.15960,0.16059,0.15993,-0.00090,-0.00123,-0.00255,0.00239,0.00008,-55.70385,747.00000
0.02442,0.02311,0.02968,0.02245,0.03133,0.15927,0.15927,0.15960,0.15763,0.15993,-0.00156,0.00107,-0.00321,-0.00123,0.00041,-55.37634,748.00000
0.02574,0.02541,0.02870,0.02607,0.02837,0.16453,0.16256,0.16059,0.16092,0.15697,0.00074,-0.00090,0.00107,0.00041,0.00206,-55.37634,749.00000
0.02409,0.02804,0.03133,0.02475,0.02146,0.15861,0.16059,0.15829,0.16552,0.15730,-0.00090,-0.00025,-0.00057,-0.00255,-0.00156,-55.47626,750.00000
0.03001,0.02672,0.02376,0.02870,0.02376,0.15467,0.15434,0.16059,0.15960,0.15993,0.00173,0.00041,0.00272,0.00074,-0.00222,-55.47626,751.00000
0.02475,0.02771,0.02311,0.02311,0.02640,0.16125,0.16157,0.16223,0.16059,0.15861,-0.00321,0.00304,-0.00222,-0.00025,-0.00222,-55.90219,752.00000
0.02640,0.02771,0.03034,0.02607,0.02705,0.15829,0.16223,0.15730,0.16256,0.16059,0.00107,-0.00222,-0.00419,0.00239,-0.00222,-55.90219,753.00000
0.02870,0.02738,0.03067,0.02705,0.03001,0.15927,0.15598,0.16125,0.15598,0.15763,0.00041,0.00239,0.00173,-0.00025,-0.00025,-55.50725,754.00000
0.02475,0.02968,0.02903,0.02344,0.02870,0.15927,0.16223,0.15861,0.16322,0.15894,0.00173,0.00272,-0.00057,-0.00057,-0.00123,-55.50725,755.00000
0.03100,0.02804,0.02870,0.02672,0.02442,0.16223,0.16125,0.15927,0.16157,0.15927,0.00041,-0.00123,-0.00123,0.00140,0.00140,-55.30245,756.00000
0.02738,0.03593,0.02672,0.02442,0.02541,0.15829,0.15927,0.16059,0.15565,0.16157,0.00272,-0.00255,-0.00156,0.00469,0.00074,-55.30245,757.00000
0.02870,0.02672,0.03034,0.02870,0.02475,0.15763,0.15894,0.15993,0.15796,0.15960,0.00272,-0.00222,-0.00123,0.00206,0.00403,-54.51646,758.00000
0.02212,0.02212,0.02738,0.02738,0.02475,0.15565,0.16388,0.15302,0.15960,0.16848,0.00074,0.00173,-0.00057,-0.00057,-0.00222,-54.51646,759.00000
0.02475,0.02804,0.03067,0.02409,0.03232,0.15467,0.15993,0.15565,0.15960,0.16355,-0.00123,0.00337,0.00008,-0.00353,-0.00123,-54.21380,760.00000
0.03265,0.02409,0.03561,0.03001,0.02541,0.16190,0.16059,0.16026,0.15730,0.16355,-0.00090,-0.00255,0.00074,-0.00452,-0.00288,-54.21380,761.00000
0.02804,0.02409,0.02640,0.03100,0.02508,0.15894,0.15993,0.16223,0.15960,0.15993,-0.00123,0.00337,-0.00057,0.00008,-0.00288,-55.08786,762.00000
0.02442,0.03067,0.03133,0.03034,0.02804,0.15697,0.15993,0.15927,0.16026,0.16355,-0.00156,0.00041,0.00107,-0.00222,0.00074,-55.08786,763.00000
0.02968,0.02936,0.02870,0.03001,0.02903,0.16453,0.15960,0.15730,0.15730,0.16125,-0.00288,-0.00288,-0.00057,0.00107,0.00304,-54.66795,764.00000
0.02968,0.03659,0.02738,0.03001,0.02837,0.16059,0.15730,0.15927,0.15467,0.15763,-0.00090,-0.00189,0.00140,-0.00156,-0.00156,-54.66795,765.00000
0.03067,0.03133,0.02442,0.02804,0.02672,0.15565,0.15763,0.16125,0.15960,0.16157,-0.00288,-0.00255,-0.00321,0.00107,0.00074,-54.87548,766.00000
0.03133,0.03297,0.03199,0.02475,0.02574,0.15894,0.16256,0.16026,0.16190,0.15730,-0.00156,-0.00057,-0.00222,0.00008,0.00206,-54.87548,767.00000
0.02968,0.02607,0.03561,0.03265,0.02607,0.15434,0.16157,0.15565,0.15631,0.16552,-0.00156,0.00074,-0.00584,0.00041,0.00140,-54.75463,768.00000
0.02936,0.02968,0.03495,0.02541,0.02771,0.15829,0.15927,0.15927,0.16125,0.16059,0.00600,0.00008,0.00041,0.00074,-0.00025,-54.75463,769.00000
0.02705,0.03166,0.02475,0.02672,0.03001,0.15993,0.16190,0.16059,0.16322,0.15829,-0.00255,0.00041,-0.00156,0.00239,0.00041,-54.45251,770.00000
0.03626,0.02738,0.02640,0.03166,0.03067,0.16092,0.15763,0.16125,0.15631,0.16157,0.00206,0.00074,0.00272,-0.00025,0.00008,-54.45251,771.00000
0.03034,0.03067,0.03034,0.03330,0.03001,0.16026,0.16223,0.15894,0.15467,0.15763,0.00008,0.00041,0.00041,-0.00222,-0.00090,-55.42694,772.00000
0.02936,0.03166,0.03166,0.02705,0.02870,0.15368,0.15861,0.15368,0.16125,0.15993,0.00337,-0.00156,0.00008,-0.00057,-0.00222,-55.42694,773.00000
0.02903,0.03133,0.02903,0.02903,0.02738,0.15796,0.15730,0.16322,0.16223,0.16157,0.00666,-0.00025,-0.00321,-0.00057,-0.00123,-55.59921,774.00000
0.02311,0.02640,0.03889,0.03297,0.03429,0.16125,0.16157,0.15829,0.15533,0.16453,-0.00025,-0.00123,-0.00222,-0.00156,0.00107,-55.59921,775.00000
0.03593,0.02705,0.03067,0.03067,0.02705,0.16651,0.15829,0.15993,0.15533,0.15664,0.00008,0.00074,0.00107,-0.00288,-0.00057,-56.09550,776.00000
0.03561,0.03067,0.03034,0.02771,0.02672,0.16026,0.16026,0.15993,0.15730,0.15993,-0.00222,0.00008,-0.00189,-0.00321,0.00041,-56.09550,777.00000
0.02738,0.03034,0.03199,0.03067,0.03199,0.15861,0.15763,0.16157,0.15927,0.15927,-0.00025,0.00041,0.00140,-0.00353,0.00008,-55.69180,778.00000
0.03528,0.02344,0.03363,0.02771,0.03100,0.15533,0.16190,0.16026,0.15697,0.15993,-0.00288,-0.00090,0.00173,0.00041,-0.00090,-55.69180,779.00000
0.02903,0.03363,0.02903,0.02870,0.02804,0.15631,0.16388,0.16092,0.15401,0.16157,0.00140,-0.00123,0.00239,-0.00025,-0.00156,-55.75117,780.00000
0.03659,0.02475,0.02738,0.02968,0.02804,0.16486,0.15796,0.16125,0.15598,0.15829,-0.00189,0.00173,-0.00222,0.00140,0.00272,-55.75117,781.00000
0.02837,0.03396,0.03166,0.03001,0.02179,0.16092,0.15763,0.15927,0.15500,0.15763,-0.00025,0.00206,-0.00255,0.00502,0.00107,-55.64170,782.00000
0.03363,0.02738,0.04021,0.03363,0.02705,0.15796,0.16026,0.16453,0.15927,0.16651,-0.00090,0.00107,-0.00057,0.00337,0.00041,-55.64170,783.00000
0.02968,0.03824,0.03133,0.03297,0.03593,0.16157,0.16190,0.16026,0.15796,0.15335,-0.00189,-0.00189,-0.00123,-0.00288,-0.00551,-55.49419,784.00000
0.03429,0.03133,0.03396,0.03067,0.03758,0.15763,0.15598,0.15697,0.15664,0.16059,-0.00189,0.00008,0.00370,-0.00057,-0.00090,-55.49419,785.00000
0.03265,0.02804,0.03232,0.03363,0.03330,0.15927,0.15763,0.15697,0.15993,0.15664,-0.00321,-0.00386,0.00107,0.00140,-0.00123,-55.19338,786.00000
0.03528,0.03100,0.03133,0.02968,0.03561,0.16059,0.15500,0.15565,0.16059,0.16618,0.00074,0.00206,0.00140,0.00107,-0.00255,-55.19338,787.00000
0.02738,0.03495,0.03067,0.02804,0.03791,0.15927,0.16026,0.15894,0.16421,0.15894,-0.00057,-0.00156,0.00140,-0.00025,0.00304,-54.81837,788.00000
0.02738,0.03001,0.03659,0.02771,0.03166,0.15960,0.15927,0.15993,0.15533,0.16157,-0.00057,0.00074,-0.00057,0.00337,-0.00090,-54.81837,789.00000
0.03330,0.03330,0.03100,0.03199,0.03265,0.15763,0.16223,0.15664,0.16059,0.15763,0.00206,-0.00123,0.00008,-0.00090,0.00041,-54.83106,790.00000
0.03396,0.03396,0.03199,0.02837,0.02705,0.16223,0.16223,0.16223,0.16026,0.16223,0.00272,-0.00123,-0.00321,-0.00090,-0.00123,-54.83106,791.00000
0.03297,0.03067,0.03330,0.03330,0.03232,0.16125,0.16223,0.15796,0.16059,0.16190,-0.00419,-0.00321,0.00140,-0.00189,0.00041,-55.20606,792.00000
0.03889,0.03067,0.03889,0.02771,0.03429,0.16256,0.16223,0.15631,0.15829,0.15631,0.00206,-0.00353,-0.00222,0.00272,0.00074,-55.20606,793.00000
0.03593,0.03199,0.03265,0.03330,0.02936,0.16355,0.16190,0.16190,0.16388,0.15730,0.00140,-0.00321,0.00074,0.00041,-0.00123,-55.33008,794.00000
0.03166,0.03001,0.03363,0.03824,0.03495,0.16157,0.16026,0.16223,0.16157,0.15664,-0.00386,-0.00156,-0.00222,0.00041,0.00173,-55.33008,795.00000
0.03593,0.03133,0.03363,0.03232,0.03166,0.15335,0.15796,0.15927,0.16059,0.16157,0.00173,-0.00222,0.00074,-0.00090,0.00337,-55.29932,796.00000
0.02968,0.02738,0.03593,0.03363,0.03462,0.15664,0.16157,0.16125,0.15927,0.16092,-0.00189,-0.00255,-0.00025,0.00337,0.00008,-55.29932,797.00000
0.04021,0.02968,0.03429,0.03791,0.03396,0.16059,0.16289,0.15829,0.16388,0.15894,0.00074,0.00008,-0.00123,-0.00090,-0.00057,-55.47437,798.00000
0.03758,0.03495,0.03791,0.03232,0.03593,0.16092,0.15927,0.15565,0.15598,0.16092,0.00041,-0.00353,-0.00123,0.00403,0.00140,-55.47437,799.00000
0.03265,0.03528,0.03758,0.03659,0.03232,0.15664,0.16092,0.15500,0.15861,0.15664,0.00041,0.00074,-0.00419,-0.00057,0.00403,-55.81580,800.00000
0.03429,0.03429,0.03199,0.03593,0.03495,0.15631,0.15631,0.15993,0.15763,0.15664,0.00008,0.00008,-0.00288,-0.00123,-0.00123,-55.81580,801.00000
0.03692,0.03429,0.03396,0.03528,0.03133,0.16157,0.15730,0.15697,0.15763,0.16190,0.00008,0.00008,-0.00123,-0.00353,0.00206,-56.08905,802.00000
0.03199,0.02837,0.04021,0.03495,0.03265,0.15697,0.16256,0.16322,0.16190,0.16125,0.00008,-0.00090,0.00074,-0.00255,-0.00057,-56.08905,803.00000
0.03396,0.03857,0.03462,0.03659,0.03265,0.15861,0.15993,0.16026,0.15927,0.15730,-0.00255,0.00272,0.00304,0.00041,-0.00156,-56.44296,804.00000
0.03067,0.03955,0.03396,0.03922,0.03265,0.15894,0.15763,0.15730,0.15697,0.16453,0.00074,-0.00123,-0.00551,-0.00090,-0.00025,-56.44296,805.00000
0.03429,0.03330,0.03462,0.03528,0.03265,0.16289,0.15861,0.15730,0.15533,0.16125,-0.00025,0.00206,-0.00485,-0.00057,-0.00090,-56.14629,806.00000
0.03429,0.03561,0.03067,0.03692,0.03692,0.15861,0.16157,0.15894,0.15533,0.15829,-0.00025,-0.00189,-0.00419,0.00041,-0.00288,-56.14629,807.00000
0.03955,0.03955,0.03067,0.03725,0.03824,0.15960,0.16223,0.15960,0.16125,0.15960,0.00074,0.00074,-0.00090,-0.00156,-0.00025,-55.56338,808.00000
0.03692,0.03758,0.03824,0.03363,0.04218,0.16256,0.16256,0.16355,0.16256,0.15927,-0.00090,0.00337,-0.00156,0.00239,-0.00057,-55.56338,809.00000
0.03462,0.03297,0.04153,0.03593,0.03495,0.16092,0.15565,0.15796,0.15960,0.15993,0.00074,0.00008,-0.00057,0.00272,-0.00255,-55.37446,810.00000
0.03396,0.03166,0.03692,0.03561,0.03889,0.15993,0.15796,0.15598,0.15697,0.15861,-0.00123,0.00074,0.00239,-0.00255,-0.00419,-55.37446,811.00000
0.03593,0.03659,0.03330,0.04350,0.02968,0.15631,0.16125,0.15894,0.16223,0.15927,-0.00288,0.00074,0.00107,-0.00057,-0.00255,-54.81125,812.00000
0.03561,0.03889,0.03791,0.03988,0.02936,0.15894,0.15730,0.16125,0.15763,0.15829,-0.00123,-0.00156,0.00074,-0.00156,-0.00057,-54.81125,813.00000
0.03922,0.03297,0.03857,0.03725,0.03199,0.15960,0.15894,0.15894,0.15796,0.15829,-0.00057,-0.00255,-0.00353,0.00107,0.00568,-55.49645,814.00000
0.03857,0.03758,0.03922,0.03725,0.03593,0.16125,0.15763,0.16519,0.15960,0.15664,0.00403,-0.00222,-0.00255,-0.00353,-0.00025,-55.49645,815.00000
0.04251,0.03889,0.04350,0.03561,0.03857,0.15664,0.15829,0.15927,0.16026,0.15631,0.00239,0.00140,-0.00025,0.00272,0.00074,-54.65984,816.00000
0.03988,0.03725,0.03265,0.03396,0.03758,0.16125,0.15565,0.16026,0.15993,0.16157,0.00370,0.00304,0.00107,0.00206,-0.00222,-54.65984,817.00000
0.03626,0.03429,0.03889,0.03462,0.04185,0.16059,0.16125,0.15894,0.16190,0.16223,-0.00025,0.00173,0.00074,-0.00255,-0.00386,-55.05697,818.00000
0.03955,0.04251,0.03889,0.03791,0.03922,0.15829,0.16190,0.16190,0.16322,0.16223,-0.00255,-0.00025,0.00074,0.00239,0.00041,-55.05697,819.00000
0.03659,0.03758,0.04021,0.03955,0.03889,0.16256,0.16256,0.15861,0.15894,0.15927,0.00008,0.00173,-0.00025,-0.00090,-0.00090,-55.76579,820.00000
0.04054,0.03955,0.03791,0.04054,0.04383,0.16059,0.15861,0.16125,0.15533,0.15960,0.00008,-0.00090,-0.00452,0.00008,-0.00288,-55.76579,821.00000
0.03758,0.03692,0.04120,0.03824,0.04251,0.15993,0.15664,0.16322,0.15533,0.15730,-0.00025,-0.00386,-0.00156,-0.00255,-0.00255,-55.92489,822.00000
0.03922,0.03758,0.03561,0.03429,0.03988,0.15796,0.16059,0.15763,0.15763,0.16190,-0.00057,-0.00057,-0.00156,0.00403,-0.00288,-55.92489,823.00000
0.03561,0.03824,0.03692,0.03626,0.03429,0.16322,0.16190,0.15894,0.15763,0.15894,-0.00090,0.00206,-0.00288,0.00173,0.00140,-55.94096,824.00000
0.04383,0.03725,0.04416,0.03495,0.03758,0.16223,0.16157,0.16059,0.16026,0.16190,0.00337,0.00272,-0.00090,0.00107,0.00206,-55.94096,825.00000
0.03758,0.04547,0.03922,0.03725,0.04251,0.16157,0.16256,0.15861,0.15927,0.15894,0.00074,0.00272,-0.00222,-0.00288,0.00140,-55.76101,826.00000
0.04284,0.04251,0.04021,0.04153,0.03889,0.15927,0.15796,0.16059,0.15565,0.15631,-0.00057,0.00337,0.00074,0.00239,-0.00288,-55.76101,827.00000
0.04449,0.04350,0.04383,0.03791,0.03725,0.15533,0.16256,0.15894,0.15730,0.16289,-0.00255,-0.00321,0.00107,-0.00090,0.00206,-55.69544,828.00000
0.04284,0.03791,0.03265,0.04087,0.03528,0.15565,0.16026,0.16157,0.15664,0.16157,0.00173,-0.00090,0.00107,-0.00255,0.00008,-55.69544,829.00000
0.03330,0.03857,0.04481,0.03528,0.03857,0.15565,0.15927,0.16388,0.16026,0.15730,-0.00485,0.00074,-0.00452,0.00370,0.00074,-56.20221,830.00000
0.03593,0.04317,0.04284,0.04087,0.04185,0.16289,0.15763,0.15861,0.15960,0.16125,-0.00255,0.00008,0.00008,0.00041,-0.00025,-56.20221,831.00000
0.03692,0.03857,0.03889,0.04218,0.04317,0.15993,0.16256,0.15598,0.15927,0.15763,-0.00090,-0.00025,0.00173,0.00239,-0.00156,-55.17874,832.00000
0.04087,0.03265,0.04350,0.04449,0.04284,0.15664,0.15763,0.16190,0.15829,0.15533,0.00107,-0.00222,-0.00288,-0.00255,-0.00123,-55.17874,833.00000
0.04185,0.04021,0.04153,0.04120,0.03889,0.15763,0.15368,0.15664,0.15533,0.15960,-0.00090,-0.00123,0.00272,0.00140,0.00107,-54.73781,834.00000
0.04284,0.03659,0.04449,0.04153,0.04251,0.15697,0.15993,0.15434,0.15894,0.15960,0.00008,-0.00090,-0.00452,-0.00156,-0.00025,-54.73781,835.00000
0.04350,0.04153,0.04580,0.03824,0.03626,0.15763,0.15960,0.15434,0.15796,0.15598,0.00041,-0.00419,-0.00189,-0.00090,-0.00222,-54.39771,836.00000
0.04251,0.04416,0.03857,0.04153,0.04185,0.15697,0.16289,0.15697,0.15763,0.15763,-0.00222,-0.00222,0.00107,-0.00090,0.00074,-54.39771,837.00000
0.04021,0.03495,0.04218,0.03889,0.03988,0.16289,0.15861,0.15533,0.15401,0.15927,0.00041,0.00008,0.00206,-0.00189,0.00107,-54.64759,838.00000
0.03791,0.04317,0.04021,0.04350,0.03922,0.15533,0.16092,0.15631,0.15467,0.15697,0.00107,-0.00189,-0.00057,-0.00025,0.00107,-54.64759,839.00000
0.04087,0.03692,0.04350,0.04251,0.04087,0.16190,0.15565,0.15631,0.15631,0.16125,-0.00321,-0.00419,0.00206,-0.00321,0.00337,-54.68219,840.00000
0.04120,0.04054,0.04284,0.03889,0.04153,0.15697,0.15697,0.15302,0.16223,0.15861,-0.00057,-0.00090,-0.00123,-0.00156,0.00008,-54.68219,841.00000
0.03758,0.04185,0.04481,0.04514,0.04416,0.15927,0.15500,0.15565,0.16289,0.15565,0.00304,-0.00156,0.00370,0.00008,-0.00156,-54.83133,842.00000
0.04218,0.03857,0.04021,0.04185,0.03791,0.15993,0.16026,0.15796,0.15960,0.15796,-0.00452,0.00008,-0.00584,0.00304,0.00041,-54.83133,843.00000
0.03922,0.04021,0.04317,0.04054,0.03988,0.16223,0.15697,0.15368,0.15861,0.15730,-0.00156,0.00074,-0.00123,0.00140,-0.00189,-55.01332,844.00000
0.04350,0.04646,0.04547,0.03922,0.04679,0.15434,0.15894,0.16256,0.15829,0.15631,-0.00057,0.00239,-0.00419,-0.00057,0.00107,-55.01332,845.00000
0.04383,0.04317,0.04416,0.04449,0.04021,0.15993,0.16026,0.16355,0.15796,0.16059,-0.00025,0.00469,0.00074,-0.00419,-0.00321,-55.23371,846.00000
0.04449,0.04054,0.03561,0.04712,0.04054,0.16125,0.16157,0.16026,0.15730,0.16125,-0.00386,-0.00255,0.00008,-0.00222,-0.00288,-55.23371,847.00000
0.04383,0.04416,0.04580,0.04416,0.04745,0.16026,0.15368,0.15861,0.15796,0.15861,0.00074,-0.00353,0.00140,0.00140,-0.00353,-55.71012,848.00000
0.04383,0.05041,0.04514,0.04876,0.04021,0.15796,0.15861,0.16092,0.16059,0.15861,-0.00123,-0.00156,-0.00156,-0.00057,0.00008,-55.71012,849.00000
0.04383,0.04021,0.04547,0.04975,0.03758,0.16026,0.16355,0.16026,0.15697,0.15796,0.00107,-0.00321,0.00107,-0.00090,-0.00255,-56.00447,850.00000
0.04580,0.04153,0.04416,0.04416,0.04942,0.15598,0.16190,0.15894,0.15796,0.16092,-0.00255,-0.00156,0.00107,-0.00090,0.00239,-56.00447,851.00000
0.04547,0.04547,0.04843,0.04481,0.04777,0.15960,0.15401,0.15894,0.16322,0.15993,0.00107,0.00008,0.00239,0.00502,-0.00025,-56.22245,852.00000
0.04975,0.04646,0.04843,0.05073,0.04350,0.16026,0.15467,0.16157,0.15796,0.16026,0.00140,-0.00057,-0.00255,-0.00288,-0.00025,-56.22245,853.00000
0.04087,0.04777,0.04580,0.04745,0.04646,0.15927,0.15993,0.16289,0.16026,0.15467,-0.00123,0.00173,-0.00123,0.00008,0.00041,-56.29482,854.00000
0.04416,0.04284,0.04317,0.04679,0.04745,0.16059,0.16026,0.16125,0.16157,0.16059,0.00008,0.00074,0.00173,0.00107,-0.00123,-56.29482,855.00000
0.04646,0.04481,0.04580,0.04810,0.05468,0.16125,0.15763,0.16059,0.15894,0.15894,-0.00123,-0.00156,0.00206,-0.00025,-0.00090,-56.27485,856.00000
0.04580,0.04876,0.04416,0.04777,0.04350,0.16026,0.15763,0.15730,0.16157,0.16125,-0.00156,-0.00189,-0.00189,0.00074,-0.00090,-56.27485,857.00000
0.05139,0.04580,0.04317,0.04416,0.05567,0.15697,0.16092,0.15993,0.15960,0.16026,0.00008,0.00074,0.00304,0.00107,0.00239,-56.01340,858.00000
0.04218,0.04777,0.04712,0.04843,0.04613,0.16092,0.15730,0.15993,0.15401,0.16223,-0.00123,-0.00025,0.00370,-0.00057,0.00041,-56.01340,859.00000
0.05567,0.04251,0.04416,0.05041,0.04810,0.16026,0.15434,0.16289,0.15697,0.15763,0.00140,0.00107,-0.00386,0.00239,0.00239,-56.62731,860.00000
0.05304,0.04777,0.04777,0.05435,0.04909,0.15467,0.16092,0.16223,0.15598,0.15631,-0.00255,-0.00288,0.00206,-0.00288,-0.00123,-56.62731,861.00000
0.05073,0.05172,0.05041,0.04810,0.04745,0.15829,0.15730,0.15927,0.16125,0.15829,-0.00090,0.00272,-0.00090,-0.00090,-0.00025,-56.08953,862.00000
0.05172,0.04317,0.05172,0.04646,0.04580,0.15927,0.16026,0.15664,0.15401,0.15796,-0.00321,-0.00189,-0.00222,0.00304,-0.00057,-56.08953,863.00000
0.05172,0.05106,0.05106,0.04613,0.04975,0.15533,0.15960,0.15829,0.15861,0.15894,-0.00156,0.00206,0.00107,0.00008,0.00272,-55.88168,864.00000
0.04646,0.04942,0.04942,0.04547,0.04613,0.15697,0.15927,0.15927,0.15434,0.16092,-0.00057,-0.00189,-0.00189,-0.00189,0.00272,-55.88168,865.00000
0.04843,0.04712,0.04777,0.05567,0.05205,0.15927,0.15631,0.16157,0.15829,0.16157,0.00041,0.00041,-0.00123,-0.00156,-0.00222,-55.32854,866.00000
0.04810,0.04712,0.05139,0.04909,0.05106,0.16157,0.16355,0.15861,0.15664,0.16256,0.00074,-0.00090,-0.00386,-0.00386,-0.00057,-55.32854,867.00000
0.04909,0.05106,0.04876,0.05304,0.04613,0.15796,0.16190,0.15993,0.15829,0.15796,0.00041,0.00140,-0.00189,-0.00551,-0.00123,-55.06661,868.00000
0.04777,0.05139,0.05238,0.05073,0.05402,0.16289,0.15829,0.16388,0.16026,0.16190,-0.00025,-0.00288,0.00304,-0.00025,0.00173,-55.06661,869.00000
0.05172,0.05238,0.04580,0.05172,0.04909,0.15730,0.15960,0.15829,0.16157,0.15927,0.00107,0.00074,0.00206,-0.00189,0.00140,-54.92833,870.00000
0.05337,0.04909,0.05304,0.04745,0.05271,0.15894,0.16552,0.16157,0.15927,0.16190,0.00140,-0.00156,0.00140,-0.00222,-0.00255,-54.92833,871.00000
0.05271,0.05106,0.05271,0.05073,0.05468,0.16059,0.15829,0.15401,0.16059,0.16092,0.00008,-0.00222,-0.00189,0.00107,0.00140,-54.83233,872.00000
0.04547,0.05139,0.05337,0.04745,0.05402,0.16026,0.15730,0.15631,0.15960,0.15598,-0.00123,0.00173,0.00107,0.00206,-0.00123,-54.83233,873.00000
0.05139,0.04942,0.05764,0.04646,0.05041,0.15434,0.15960,0.15861,0.15664,0.16125,-0.00189,0.00173,0.00107,-0.00090,-0.00255,-54.51577,874.00000
0.05600,0.05567,0.05172,0.05402,0.05106,0.15730,0.15993,0.15533,0.16190,0.15565,0.00173,-0.00090,0.00008,0.00107,0.00074,-54.51577,875.00000
0.05633,0.05106,0.05106,0.05797,0.05468,0.16355,0.16289,0.15598,0.15730,0.15368,0.00041,0.00107,-0.00189,-0.00288,0.00008,-55.16316,876.00000
0.05665,0.05106,0.05698,0.05041,0.05172,0.15467,0.15796,0.15533,0.16355,0.16092,0.00041,-0.00090,-0.00057,0.00206,-0.00222,-55.16316,877.00000
0.05402,0.04942,0.05863,0.05698,0.04810,0.16092,0.16125,0.15697,0.15829,0.16256,0.00074,-0.00189,-0.00025,0.00272,0.00107,-55.18900,878.00000
0.05041,0.05797,0.05205,0.05106,0.05698,0.15861,0.15993,0.15565,0.15796,0.16026,-0.00090,-0.00025,0.00074,0.00173,0.00173,-55.18900,879.00000
0.05402,0.05567,0.05468,0.05205,0.05633,0.16355,0.16223,0.15993,0.15829,0.15730,-0.00156,0.00206,0.00107,-0.00189,-0.00255,-55.68044,880.00000
0.05402,0.05435,0.05567,0.05633,0.05534,0.15598,0.15993,0.15697,0.15993,0.15730,-0.00288,-0.00189,0.00041,0.00041,0.00074,-55.68044,881.00000
0.05041,0.05139,0.04745,0.05468,0.05929,0.15533,0.15401,0.15960,0.16026,0.15927,-0.00156,-0.00090,-0.00518,-0.00123,-0.00551,-55.78944,882.00000
0.05435,0.05369,0.05435,0.05665,0.05830,0.15368,0.15368,0.16026,0.15434,0.15697,-0.00222,-0.00057,0.00140,-0.00255,-0.00123,-55.78944,883.00000
0.05271,0.05797,0.05304,0.05073,0.05468,0.16026,0.15467,0.16092,0.15500,0.16125,-0.00353,0.00206,-0.00025,-0.00222,-0.00617,-55.96113,884.00000
0.05863,0.05205,0.05139,0.06027,0.05731,0.15763,0.15368,0.15829,0.15697,0.15565,-0.00090,0.00041,-0.00222,0.00041,0.00304,-55.96113,885.00000
0.05863,0.05797,0.05633,0.05369,0.05962,0.15631,0.16059,0.15763,0.16157,0.15861,-0.00090,-0.00090,-0.00156,0.00041,0.00206,-55.88339,886.00000
0.05501,0.05567,0.05567,0.05041,0.05797,0.16026,0.16190,0.15993,0.15631,0.16092,0.00074,-0.00321,-0.00222,0.00370,0.00239,-55.88339,887.00000
0.05863,0.05534,0.05567,0.05731,0.05962,0.15894,0.15861,0.15993,0.15565,0.16125,-0.00353,-0.00255,0.00173,-0.00222,0.00239,-54.62383,888.00000
0.05468,0.05205,0.05731,0.05468,0.05994,0.15467,0.15565,0.16125,0.15960,0.15894,-0.00025,-0.00321,0.00239,0.00008,-0.00386,-54.62383,889.00000
0.05402,0.05731,0.06060,0.05830,0.05665,0.16256,0.15993,0.15335,0.16125,0.16190,-0.00189,0.00008,0.00239,-0.00123,-0.00222,-55.13174,890.00000
0.06159,0.05896,0.05994,0.05994,0.05633,0.15861,0.15796,0.16355,0.16223,0.16322,0.00074,-0.00156,-0.00090,0.00107,-0.00222,-55.13174,891.00000
0.05665,0.05830,0.06060,0.05665,0.05830,0.15927,0.16026,0.15927,0.16256,0.15993,-0.00057,0.00272,-0.00025,-0.00057,0.00140,-54.71675,892.00000
0.05665,0.05731,0.05731,0.06225,0.06093,0.15993,0.15565,0.15960,0.15631,0.16092,0.00008,-0.00090,0.00206,-0.00025,-0.00518,-54.71675,893.00000
0.05369,0.05929,0.06060,0.05994,0.05665,0.16256,0.15861,0.15763,0.15796,0.15993,-0.00189,0.00370,0.00074,-0.00288,0.00239,-54.42869,894.00000
0.06159,0.05830,0.05731,0.05994,0.05501,0.15829,0.16388,0.16092,0.15598,0.15861,0.00337,-0.00156,-0.00025,-0.00189,-0.00485,-54.42869,895.00000
0.06027,0.06290,0.06060,0.05994,0.06060,0.16059,0.15993,0.16322,0.15960,0.16289,0.00239,0.00107,-0.00025,0.00008,-0.00189,-54.34325,896.00000
0.06258,0.06159,0.06093,0.06027,0.06258,0.16190,0.15730,0.15894,0.15302,0.15960,-0.00485,0.00107,-0.00386,0.00239,0.00337,-54.34325,897.00000
0.06225,0.05797,0.05896,0.06126,0.06225,0.15960,0.15796,0.15302,0.15533,0.15631,-0.00222,0.00107,0.00173,-0.00255,-0.00090,-54.39819,898.00000
0.05665,0.06422,0.05698,0.06192,0.05962,0.16125,0.15763,0.15927,0.15631,0.16026,-0.00419,0.00140,-0.00090,0.00074,-0.00156,-54.39819,899.00000
0.06356,0.05731,0.05665,0.06389,0.05962,0.16289,0.16026,0.16355,0.15960,0.15861,-0.00156,0.00272,0.00041,-0.00419,-0.00288,-54.89685,900.00000
0.05962,0.05994,0.06422,0.05896,0.06488,0.15796,0.15730,0.15631,0.16486,0.16190,-0.00057,-0.00189,0.00469,0.00304,0.00008,-54.89685,901.00000
0.05929,0.06356,0.05698,0.06685,0.06258,0.16157,0.16125,0.15730,0.16059,0.15565,0.00008,0.00008,-0.00025,-0.00057,0.00173,-55.02899,902.00000
0.05994,0.06422,0.06290,0.06389,0.05698,0.16289,0.15500,0.15960,0.16125,0.16125,-0.00025,-0.00189,0.00140,0.00140,0.00140,-55.02899,903.00000
0.06521,0.06290,0.06258,0.05665,0.06323,0.16322,0.15467,0.16059,0.15697,0.16157,-0.00419,0.00239,-0.00090,0.00140,-0.00386,-55.20737,904.00000
0.06356,0.06751,0.06554,0.06356,0.06126,0.15993,0.15598,0.15861,0.15960,0.15697,0.00239,-0.00156,0.00206,-0.00189,0.00436,-55.20737,905.00000
0.05633,0.06159,0.06389,0.06586,0.06586,0.15500,0.15730,0.15763,0.16026,0.16092,0.00074,0.00041,-0.00090,-0.00090,-0.00025,-55.26482,906.00000
0.06323,0.06455,0.06652,0.07146,0.06290,0.16355,0.16190,0.15796,0.15763,0.15763,-0.00156,-0.00025,0.00140,-0.00288,-0.00057,-55.26482,907.00000
0.06027,0.06718,0.06422,0.06422,0.06093,0.15664,0.16026,0.15927,0.15500,0.15500,0.00304,-0.00321,-0.00222,0.00173,0.00107,-55.10067,908.00000
0.05731,0.07146,0.06027,0.06389,0.05896,0.15763,0.15664,0.16059,0.15763,0.15631,-0.00057,-0.00025,-0.00189,-0.00156,0.00107,-55.10067,909.00000
0.06455,0.06323,0.06455,0.05731,0.06586,0.16026,0.16092,0.15664,0.15861,0.15335,-0.00123,0.00041,-0.00485,0.00206,0.00008,-55.28471,910.00000
0.06685,0.06225,0.05830,0.06586,0.06521,0.16421,0.16059,0.15631,0.16289,0.16026,-0.00156,0.00173,-0.00156,0.00304,0.00337,-55.28471,911.00000
0.06258,0.06751,0.06093,0.06882,0.06652,0.15598,0.15927,0.15960,0.16026,0.15763,-0.00090,-0.00485,0.00041,0.00173,-0.00025,-54.91286,912.00000
0.06586,0.05994,0.06290,0.06225,0.05863,0.15631,0.15894,0.15697,0.16289,0.16092,-0.00386,-0.00123,-0.00386,0.00107,0.00074,-54.91286,913.00000
0.06554,0.06751,0.06652,0.06915,0.06850,0.15993,0.15960,0.15368,0.15796,0.15861,0.00107,-0.00057,-0.00189,-0.00025,-0.00123,-55.20790,914.00000
0.06817,0.06685,0.06323,0.06554,0.06784,0.15434,0.15927,0.15796,0.16256,0.15763,-0.00057,-0.00057,-0.00321,-0.00222,0.00107,-55.20790,915.00000
0.07014,0.06850,0.06915,0.06915,0.06948,0.15927,0.15730,0.15927,0.15960,0.15401,0.00239,0.00272,-0.00025,0.00239,0.00304,-56.01459,916.00000
0.06554,0.06882,0.06455,0.06685,0.06554,0.15664,0.16092,0.15960,0.15302,0.15993,0.00008,-0.00353,-0.00025,-0.00025,0.00140,-56.01459,917.00000
0.07047,0.06751,0.06817,0.06554,0.06981,0.15763,0.15861,0.15664,0.15960,0.16092,0.00140,-0.00057,-0.00057,0.00272,-0.00090,-55.57566,918.00000
0.06850,0.06225,0.07014,0.06751,0.07211,0.16289,0.15598,0.15829,0.15335,0.15927,0.00140,-0.00057,0.00140,-0.00156,-0.00222,-55.57566,919.00000
0.06915,0.07047,0.06784,0.07310,0.06915,0.15993,0.16059,0.16421,0.16125,0.15894,-0.00025,0.00370,0.00008,0.00304,-0.00222,-55.26097,920.00000
0.06850,0.06981,0.06981,0.06554,0.06422,0.15697,0.15993,0.15796,0.15533,0.16223,-0.00123,-0.00353,0.00600,0.00041,0.00107,-55.26097,921.00000
0.07310,0.06751,0.06751,0.06389,0.06586,0.15368,0.15927,0.15631,0.15664,0.15894,-0.00222,-0.00090,-0.00255,0.00074,-0.00222,-55.08898,922.00000
0.06751,0.06948,0.07310,0.06718,0.06422,0.16256,0.16059,0.15467,0.15993,0.15697,-0.00090,-0.00123,-0.00025,-0.00419,-0.00156,-55.08898,923.00000
0.06652,0.06948,0.07507,0.06981,0.07080,0.16026,0.15993,0.15730,0.16059,0.15269,0.00140,0.00074,-0.00156,-0.00353,-0.00123,-54.64410,924.00000
0.07211,0.07080,0.07277,0.06981,0.07244,0.15763,0.16223,0.15730,0.16256,0.15598,0.00008,0.00074,-0.00057,0.00272,-0.00255,-54.64410,925.00000
0.06290,0.07146,0.07376,0.06652,0.06685,0.15631,0.15631,0.16157,0.15894,0.15730,0.00239,-0.00090,-0.00222,-0.00156,-0.00255,-54.65115,926.00000
0.06784,0.07639,0.07014,0.06718,0.07310,0.15960,0.15730,0.15927,0.15664,0.16453,0.00304,0.00074,-0.00321,0.00140,-0.00123,-54.65115,927.00000
0.07343,0.06751,0.07080,0.06915,0.06981,0.15565,0.15171,0.15533,0.15730,0.15697,-0.00222,0.00206,-0.00222,-0.00090,-0.00025,-54.64003,928.00000
0.07705,0.07047,0.07178,0.07178,0.06981,0.15861,0.16092,0.16092,0.15927,0.15664,-0.00090,-0.00189,0.00008,-0.00123,0.00074,-54.64003,929.00000
0.06751,0.07146,0.07639,0.06981,0.06850,0.15598,0.15861,0.15894,0.15467,0.15598,0.00304,-0.00123,-0.00090,-0.00156,-0.00255,-54.90546,930.00000
0.07080,0.07343,0.06981,0.07639,0.07080,0.15335,0.15697,0.15631,0.15565,0.15861,-0.00090,0.00074,0.00008,-0.00123,0.00008,-54.90546,931.00000
0.07540,0.07014,0.07244,0.07343,0.06521,0.15730,0.15861,0.15565,0.16059,0.15730,-0.00057,-0.00123,-0.00321,-0.00057,0.00173,-54.92099,932.00000
0.06817,0.07672,0.07705,0.07146,0.07080,0.16223,0.15434,0.15664,0.15401,0.15763,-0.00222,-0.00321,-0.00584,0.00041,-0.00123,-54.92099,933.00000
0.07803,0.07409,0.07573,0.07573,0.07244,0.15697,0.16125,0.15796,0.16322,0.15894,-0.00123,-0.00057,0.00008,0.00008,0.00469,-56.88921,934.00000
0.07902,0.07639,0.07178,0.07803,0.07376,0.15993,0.15927,0.15565,0.16223,0.15894,0.00272,-0.00419,-0.00057,0.00239,0.00041,-56.88921,935.00000
0.07672,0.07770,0.07540,0.06619,0.07705,0.15829,0.15763,0.15763,0.16092,0.15730,0.00140,0.00304,-0.00090,0.00074,0.00074,-56.12771,936.00000
0.07770,0.07540,0.07902,0.07211,0.07244,0.15697,0.15401,0.15829,0.16289,0.15894,0.00140,-0.00353,0.00107,0.00107,0.00173,-56.12771,937.00000
0.07738,0.07540,0.07442,0.07507,0.06948,0.16125,0.15565,0.16157,0.16190,0.15894,0.00008,0.00107,-0.00057,0.00239,0.00074,-56.06923,938.00000
0.08001,0.07738,0.07705,0.07474,0.07540,0.15533,0.15829,0.16157,0.15829,0.15763,-0.00288,-0.00584,-0.00189,-0.00090,-0.00057,-56.06923,939.00000
0.07968,0.07343,0.07803,0.07244,0.07968,0.16092,0.15829,0.15730,0.15467,0.15993,0.00041,-0.00057,0.00469,-0.00255,0.00304,-56.38666,940.00000
0.07113,0.08330,0.07606,0.07606,0.07507,0.15763,0.15927,0.15171,0.16125,0.15730,0.00041,-0.00452,-0.00090,-0.00156,-0.00123,-56.38666,941.00000
0.07836,0.07705,0.08034,0.08001,0.07343,0.16256,0.16223,0.15664,0.15960,0.15763,0.00239,-0.00025,0.00107,0.00304,0.00337,-56.54782,942.00000
0.07376,0.07836,0.08198,0.07639,0.07935,0.16092,0.15829,0.15861,0.15894,0.15533,0.00206,0.00041,0.00074,0.00436,0.00272,-56.54782,943.00000
0.07738,0.07672,0.07442,0.08198,0.07738,0.15861,0.15664,0.16289,0.15796,0.15960,0.00074,0.00206,0.00370,-0.00090,0.00074,-55.81053,944.00000
0.07738,0.07935,0.07178,0.07968,0.08330,0.15763,0.15894,0.15829,0.15763,0.15697,-0.00090,0.00008,0.00074,0.00041,-0.00255,-55.81053,945.00000
0.07277,0.08297,0.07277,0.08132,0.07639,0.15796,0.15993,0.16190,0.15960,0.15894,-0.00288,-0.00025,0.00041,0.00370,-0.00189,-54.85839,946.00000
0.07836,0.08428,0.07409,0.08099,0.08099,0.16190,0.15861,0.16092,0.15796,0.15927,-0.00255,-0.00288,-0.00682,0.00008,0.00008,-54.85839,947.00000
0.07968,0.07738,0.07738,0.08132,0.08034,0.15697,0.15565,0.16289,0.15763,0.16223,-0.00057,0.00008,0.00272,0.00633,-0.00057,-54.33593,948.00000
0.07507,0.08066,0.08428,0.08001,0.08132,0.16092,0.16322,0.16125,0.16157,0.15861,0.00008,-0.00123,0.00337,-0.00057,-0.00222,-54.33593,949.00000
0.08362,0.07836,0.08001,0.08132,0.08461,0.16289,0.15993,0.15829,0.15730,0.15894,0.00008,0.00074,-0.00123,0.00107,0.00173,-54.89746,950.00000
0.08099,0.08198,0.07902,0.08297,0.07968,0.15664,0.15861,0.15861,0.15861,0.15829,0.00008,0.00107,0.00173,0.00239,0.00074,-54.89746,951.00000
0.08691,0.07968,0.08066,0.07738,0.08362,0.15993,0.15664,0.16125,0.16190,0.15960,0.00008,-0.00057,-0.00025,0.00403,0.00272,-54.95605,952.00000
0.08790,0.08297,0.08198,0.08001,0.08264,0.16026,0.15763,0.15500,0.15565,0.15796,0.00140,-0.00025,0.00107,-0.00222,0.00173,-54.95605,953.00000
0.08099,0.08494,0.08198,0.07935,0.07442,0.15829,0.16026,0.15467,0.15664,0.15664,-0.00189,-0.00123,-0.00156,0.00206,0.00173,-55.13428,954.00000
0.08527,0.08099,0.08362,0.08494,0.08626,0.15796,0.16059,0.16125,0.16125,0.16026,-0.00090,-0.00057,0.00206,0.00041,-0.00156,-55.13428,955.00000
0.08922,0.08527,0.08132,0.08560,0.08395,0.16026,0.16059,0.15631,0.15993,0.15861,-0.00057,0.00173,-0.00057,0.00107,-0.00025,-54.97192,956.00000
0.08066,0.08362,0.08395,0.08593,0.07836,0.15763,0.15631,0.15697,0.16322,0.15927,0.00074,-0.00057,-0.00353,0.00008,-0.00222,-54.97192,957.00000
0.08724,0.08461,0.08823,0.08428,0.08494,0.15730,0.15763,0.15993,0.15894,0.16453,0.00107,-0.00321,0.00041,-0.00025,-0.00386,-56.03088,958.00000
0.08724,0.08330,0.07902,0.08494,0.08165,0.15598,0.16157,0.16256,0.15631,0.15894,-0.00025,-0.00057,0.00008,-0.00123,0.00140,-56.03088,959.00000
0.08461,0.08560,0.08165,0.08987,0.08494,0.16355,0.15960,0.16190,0.16190,0.15927,0.00304,-0.00057,0.00008,-0.00321,-0.00255,-55.76935,960.00000
0.08330,0.08198,0.08330,0.08691,0.08198,0.15434,0.16256,0.16026,0.15730,0.16059,-0.00057,-0.00123,-0.00222,-0.00189,0.00008,-55.76935,961.00000
0.08626,0.08691,0.08461,0.08626,0.08987,0.16125,0.15861,0.15829,0.15927,0.16092,0.00140,-0.00057,0.00107,-0.00156,0.00107,-56.03165,962.00000
0.08757,0.08527,0.08626,0.08691,0.08856,0.16059,0.15763,0.15829,0.16256,0.15467,0.00074,-0.00156,0.00107,0.00074,-0.00123,-56.03165,963.00000
0.08593,0.08593,0.08034,0.08658,0.08066,0.15993,0.16256,0.15533,0.16223,0.15598,0.00074,-0.00189,0.00239,0.00041,0.00074,-55.59883,964.00000
0.09053,0.09218,0.08658,0.08987,0.09185,0.15993,0.16322,0.16355,0.16355,0.15664,0.00008,0.00107,0.00074,-0.00057,0.00140,-55.59883,965.00000
0.08691,0.08395,0.08461,0.09218,0.08790,0.15894,0.16223,0.15894,0.15927,0.15401,-0.00288,-0.00419,0.00008,-0.00156,-0.00057,-54.74277,966.00000
0.09053,0.08658,0.08593,0.09316,0.08099,0.15598,0.15631,0.15269,0.15664,0.15861,0.00008,0.00370,0.00304,0.00107,0.00304,-54.74277,967.00000
0.08658,0.09349,0.08823,0.09086,0.08922,0.15829,0.15565,0.15894,0.15796,0.16026,0.00206,-0.00123,0.00008,-0.00090,0.00239,-54.19756,968.00000
0.09382,0.09119,0.08856,0.08790,0.07968,0.15829,0.15796,0.15467,0.15927,0.15861,0.00140,0.00304,-0.00025,-0.00255,-0.00123,-54.19756,969.00000
0.08856,0.08955,0.09020,0.08823,0.09382,0.16059,0.16355,0.16157,0.16421,0.15927,0.00140,-0.00123,0.00041,0.00107,-0.00222,-51.30288,970.00000
0.08955,0.08987,0.09086,0.08626,0.08856,0.16026,0.15302,0.15927,0.16059,0.16125,0.00041,-0.00156,-0.00025,-0.00156,0.00041,-51.30288,971.00000
0.08757,0.08823,0.09086,0.08001,0.09152,0.16026,0.15993,0.16421,0.16125,0.15861,0.00206,0.00008,0.00140,-0.00222,0.00140,-49.42341,972.00000
0.09415,0.09086,0.08724,0.08922,0.09481,0.15993,0.16059,0.15894,0.15434,0.15927,0.00140,-0.00419,-0.00025,0.00074,-0.00057,-49.42341,973.00000
0.08264,0.09514,0.09316,0.08658,0.09645,0.16289,0.15960,0.16059,0.15730,0.16059,-0.00156,0.00173,-0.00222,0.00041,-0.00288,-51.34989,974.00000
0.08856,0.09711,0.09185,0.09152,0.08362,0.16453,0.15697,0.15697,0.15565,0.15829,-0.00025,-0.00025,0.00074,0.00337,0.00107,-51.34989,975.00000
0.09316,0.09185,0.08461,0.09514,0.08691,0.15533,0.15664,0.15598,0.15763,0.15697,-0.00156,-0.00090,-0.00222,-0.00189,0.00568,-52.84780,976.00000
0.09612,0.09119,0.09612,0.09547,0.08955,0.15730,0.16322,0.15796,0.15631,0.16092,-0.00386,0.00008,-0.00419,0.00107,-0.00123,-52.84780,977.00000
0.08889,0.09481,0.10007,0.08922,0.09251,0.15993,0.16190,0.15533,0.16190,0.15861,0.00173,-0.00189,0.00370,0.00107,-0.00025,-55.37409,978.00000
0.09251,0.09711,0.09119,0.09382,0.08955,0.15927,0.15993,0.15598,0.15697,0.15894,0.00041,0.00140,0.00239,0.00041,-0.00485,-55.37409,979.00000
0.08757,0.09645,0.09185,0.09382,0.09382,0.16322,0.15796,0.15664,0.16125,0.15664,-0.00222,0.00107,-0.00025,-0.00057,-0.00156,-55.13822,980.00000
0.09053,0.08757,0.09185,0.09448,0.09514,0.15796,0.15697,0.15829,0.16026,0.15467,0.00140,-0.00255,0.00074,-0.00123,0.00239,-55.13822,981.00000
0.09678,0.09218,0.09711,0.09152,0.09481,0.16125,0.15730,0.15730,0.15697,0.15697,0.00041,-0.00123,-0.00386,0.00173,-0.00222,-54.99587,982.00000
0.09316,0.09448,0.09119,0.10073,0.08790,0.15960,0.15993,0.15927,0.16125,0.16026,-0.00090,-0.00386,0.00107,-0.00288,0.00074,-54.99587,983.00000
0.09218,0.09316,0.09415,0.09711,0.08955,0.15829,0.15631,0.15993,0.15565,0.16026,0.00107,-0.00057,0.00107,0.00074,-0.00419,-54.60731,984.00000
0.09251,0.09974,0.09514,0.09448,0.09744,0.16157,0.15763,0.15500,0.15763,0.16059,-0.00156,0.00008,0.00239,0.00140,-0.00057,-54.60731,985.00000
0.09678,0.09645,0.09448,0.09382,0.10007,0.15894,0.16388,0.15796,0.15631,0.16190,-0.00222,-0.00057,-0.00386,-0.00353,-0.00189,-55.03803,986.00000
0.09777,0.10007,0.09645,0.09711,0.09053,0.15664,0.15993,0.15631,0.15763,0.15960,-0.00649,0.00107,-0.00386,-0.00090,-0.00386,-55.03803,987.00000
0.09941,0.09448,0.08823,0.09481,0.09547,0.16125,0.16223,0.15138,0.15335,0.15171,-0.00288,-0.00321,0.00304,-0.00189,-0.00255,-55.51706,988.00000
0.09481,0.09481,0.09612,0.09316,0.10007,0.15861,0.16125,0.15730,0.15829,0.15829,0.00206,0.00107,0.00107,-0.00090,-0.00156,-55.51706,989.00000
0.09448,0.09547,0.09974,0.09382,0.09415,0.15368,0.16256,0.15993,0.15302,0.15565,-0.00189,0.00008,-0.00255,-0.00222,0.00008,-55.55394,990.00000
0.09908,0.09349,0.10073,0.09908,0.09283,0.15565,0.15401,0.15730,0.15993,0.16092,0.00008,-0.00255,-0.00090,-0.00222,-0.00123,-55.55394,991.00000
0.09053,0.09711,0.09218,0.09744,0.09843,0.15730,0.15829,0.16026,0.16092,0.15500,-0.00025,0.00074,0.00041,-0.00123,-0.00025,-55.30138,992.00000
0.10632,0.09579,0.10007,0.10007,0.09612,0.15861,0.15368,0.15993,0.15829,0.15960,-0.00090,0.00074,0.00140,0.00272,-0.00288,-55.30138,993.00000
0.10204,0.09810,0.08856,0.09645,0.09514,0.16486,0.15697,0.16125,0.15927,0.15894,0.00074,-0.00025,-0.00123,0.00041,-0.00025,-55.90265,994.00000
0.10763,0.10270,0.10106,0.09843,0.10270,0.15598,0.15993,0.15960,0.15631,0.15763,0.00074,0.00074,0.00008,-0.00353,-0.00090,-55.90265,995.00000
0.10040,0.09777,0.09514,0.09810,0.09974,0.15565,0.15565,0.15500,0.15829,0.15796,-0.00090,-0.00057,-0.00321,-0.00189,-0.00057,-55.88833,996.00000
0.10237,0.10040,0.09777,0.10040,0.09514,0.15697,0.16157,0.15631,0.15730,0.15829,0.00107,-0.00452,0.00239,-0.00255,-0.00189,-55.88833,997.00000
0.10237,0.10533,0.10073,0.09843,0.10106,0.16125,0.15763,0.15631,0.15993,0.15401,-0.00090,0.00107,0.00008,-0.00189,0.00074,-55.93001,998.00000
0.10040,0.10731,0.10237,0.10106,0.10566,0.15598,0.15960,0.15631,0.16059,0.15631,0.00074,0.00041,-0.00090,-0.00123,-0.00025,-55.93001,999.00000
0.10204,0.10073,0.09678,0.10763,0.09514,0.15894,0.16026,0.15598,0.15730,0.15861,-0.00025,-0.00025,0.00008,-0.00518,-0.00189,-55.18180,1000.00000
0.09349,0.10336,0.09941,0.10139,0.10402,0.16026,0.15763,0.15664,0.15697,0.15960,-0.00222,-0.00255,-0.00090,0.00206,0.00140,-55.18180,1001.00000
0.10270,0.09941,0.10073,0.09974,0.10139,0.15829,0.15401,0.15993,0.15697,0.16256,-0.00025,-0.00156,0.00074,-0.00321,0.00304,-55.09822,1002.00000
0.10139,0.10139,0.10632,0.09645,0.10500,0.15993,0.15993,0.15960,0.15434,0.15730,-0.00090,0.00140,0.00239,-0.00419,0.00074,-55.09822,1003.00000
0.10566,0.10336,0.09481,0.10698,0.10139,0.16256,0.16190,0.15960,0.16092,0.15730,-0.00025,-0.00090,0.00041,0.00074,0.00074,-55.40312,1004.00000
0.09941,0.10336,0.10435,0.10665,0.10369,0.15927,0.15894,0.15960,0.15861,0.15960,-0.00090,0.00239,-0.00156,-0.00288,-0.00452,-55.40312,1005.00000
0.10237,0.10139,0.10731,0.10204,0.10204,0.16223,0.15763,0.15467,0.16289,0.16223,0.00206,0.00239,-0.00156,0.00337,-0.00090,-54.98916,1006.00000
0.10402,0.10796,0.10369,0.10928,0.10204,0.16125,0.15796,0.15565,0.15565,0.15598,0.00239,0.00140,0.00107,0.00107,-0.00090,-54.98916,1007.00000
0.10632,0.10007,0.10369,0.10698,0.10270,0.15796,0.16322,0.15105,0.16125,0.15960,-0.00025,-0.00090,0.00041,-0.00156,0.00074,-54.62348,1008.00000
0.10402,0.10895,0.10336,0.10336,0.10303,0.16125,0.15763,0.16125,0.15861,0.15993,-0.00025,-0.00222,0.00140,-0.00057,0.00107,-54.62348,1009.00000
0.10632,0.10796,0.10040,0.10632,0.10533,0.15730,0.15927,0.15763,0.15598,0.15861,0.00206,0.00041,-0.00123,-0.00255,-0.00189,-54.84348,1010.00000
0.10994,0.10731,0.10500,0.10435,0.10994,0.15631,0.15434,0.16289,0.15960,0.15829,0.00206,-0.00255,0.00403,0.00272,0.00206,-54.84348,1011.00000
0.10402,0.10270,0.10961,0.10336,0.10731,0.15500,0.15631,0.16026,0.16190,0.15631,0.00041,0.00107,-0.00156,0.00107,0.00173,-55.42955,1012.00000
0.10796,0.10665,0.10204,0.10402,0.10895,0.15631,0.15664,0.15730,0.15796,0.15960,-0.00386,-0.00255,-0.00156,0.00074,-0.00255,-55.42955,1013.00000
0.10467,0.10862,0.10632,0.10500,0.11224,0.15598,0.16519,0.15960,0.15894,0.15960,-0.00123,-0.00518,-0.00452,-0.00090,-0.00255,-55.23187,1014.00000
0.10632,0.10665,0.10500,0.10171,0.11125,0.15829,0.15796,0.16092,0.15664,0.15631,-0.00222,-0.00123,0.00107,-0.00189,0.00041,-55.23187,1015.00000
0.10566,0.10862,0.10961,0.10961,0.10336,0.15631,0.15927,0.16486,0.15861,0.15335,0.00272,0.00008,-0.00255,-0.00321,-0.00090,-55.09152,1016.00000
0.11191,0.10796,0.10862,0.10731,0.10928,0.15829,0.15598,0.15533,0.15763,0.15861,0.00370,0.00173,-0.00123,0.00173,0.00140,-55.09152,1017.00000
0.11158,0.10698,0.10829,0.10270,0.10961,0.15894,0.16026,0.15796,0.15368,0.16585,-0.00123,0.00173,0.00041,0.00370,-0.00123,-55.87095,1018.00000
0.10665,0.10763,0.10763,0.10796,0.11290,0.15763,0.15894,0.15434,0.15533,0.15335,-0.00222,0.00107,0.00074,0.00272,0.00041,-55.87095,1019.00000
0.10796,0.11027,0.10961,0.10862,0.10698,0.15861,0.15960,0.15697,0.15697,0.16092,-0.00025,-0.00025,-0.00057,0.00041,0.00140,-55.82854,1020.00000
0.10467,0.11355,0.11454,0.10698,0.11191,0.16026,0.15763,0.15861,0.16190,0.16157,-0.00057,0.00107,0.00304,-0.00057,-0.00222,-55.82854,1021.00000
0.11027,0.11059,0.10665,0.11092,0.10895,0.15861,0.15960,0.15730,0.15697,0.16092,-0.00025,0.00074,0.00107,-0.00189,0.00304,-56.18820,1022.00000
0.10862,0.10928,0.11323,0.11027,0.11191,0.15763,0.16256,0.15565,0.15829,0.15269,-0.00123,-0.00123,0.00041,-0.00386,0.00140,-56.18820,1023.00000
0.10763,0.11092,0.10599,0.10829,0.11323,0.16157,0.15697,0.15796,0.15467,0.15598,-0.00025,-0.00090,-0.00353,0.00140,-0.00386,-55.98717,1024.00000
0.11027,0.11520,0.11882,0.10467,0.11290,0.15993,0.15796,0.15894,0.15467,0.16026,0.00008,-0.00156,-0.00090,0.00173,0.00140,-55.98717,1025.00000
0.12013,0.10796,0.10731,0.11290,0.11191,0.15664,0.15664,0.15894,0.15829,0.15796,0.00107,0.00008,0.00304,-0.00222,0.00337,-56.58977,1026.00000
0.10928,0.11092,0.11421,0.11191,0.10731,0.15927,0.15335,0.16125,0.15829,0.16157,-0.00189,-0.00321,-0.00090,-0.00288,0.00008,-56.58977,1027.00000
0.11191,0.10928,0.11092,0.11092,0.11191,0.15730,0.15993,0.16059,0.15598,0.15960,-0.00255,0.00140,0.00041,-0.00057,-0.00090,-55.95114,1028.00000
0.10961,0.11027,0.11684,0.10435,0.11948,0.15533,0.16157,0.15960,0.15697,0.15763,-0.00123,0.00304,-0.00156,0.00337,-0.00090,-55.95114,1029.00000
0.11355,0.11421,0.11158,0.11355,0.11191,0.15927,0.15533,0.16190,0.16125,0.16223,0.00239,-0.00057,0.00041,-0.00156,0.00074,-56.37645,1030.00000
0.11355,0.11224,0.11355,0.11290,0.10994,0.15730,0.15730,0.16059,0.15763,0.16026,-0.00189,0.00041,-0.00321,-0.00649,-0.00025,-56.37645,1031.00000
0.12013,0.11224,0.11323,0.11882,0.11290,0.15927,0.15434,0.15927,0.15631,0.15829,-0.00255,-0.00057,0.00041,0.00370,-0.00222,-56.04223,1032.00000
0.10994,0.12046,0.11553,0.11421,0.11027,0.15960,0.15993,0.15894,0.15927,0.15401,0.00206,0.00337,0.00272,0.00206,-0.00255,-56.04223,1033.00000
0.11388,0.11191,0.11586,0.11816,0.11257,0.16059,0.15894,0.15204,0.16125,0.16059,0.00074,0.00107,-0.00156,0.00304,0.00041,-55.61145,1034.00000
0.11191,0.11520,0.11849,0.10763,0.11355,0.15467,0.15598,0.16322,0.16059,0.15269,0.00140,-0.00189,-0.00386,0.00206,-0.00025,-55.61145,1035.00000
0.11388,0.11421,0.11290,0.11454,0.11520,0.15763,0.16092,0.15730,0.15763,0.15993,-0.00222,0.00239,0.00074,0.00041,0.00436,-55.16412,1036.00000
0.11553,0.11290,0.11158,0.11783,0.11619,0.15664,0.15631,0.15631,0.15434,0.15927,-0.00025,-0.00057,0.00206,-0.00123,0.00337,-55.16412,1037.00000
0.12013,0.11619,0.11619,0.11849,0.11619,0.16059,0.15631,0.15894,0.15664,0.15500,0.00074,0.00107,0.00008,0.00140,0.00041,-54.52054,1038.00000
0.11684,0.11158,0.11421,0.11125,0.11125,0.15565,0.15730,0.16092,0.15894,0.15730,0.00041,0.00304,-0.00090,-0.00090,0.00140,-54.52054,1039.00000
0.11849,0.11553,0.11487,0.11652,0.11290,0.15533,0.16157,0.15697,0.15927,0.15763,-0.00156,-0.00156,0.00107,0.00206,-0.00057,-54.08156,1040.00000
0.11948,0.11487,0.11388,0.12276,0.11355,0.15697,0.15269,0.15796,0.15960,0.15960,0.00074,-0.00452,0.00107,0.00107,0.00008,-54.08156,1041.00000
0.11191,0.12145,0.11257,0.11783,0.11191,0.15894,0.15894,0.15861,0.15533,0.15467,-0.00025,0.00272,0.00140,-0.00189,0.00008,-54.20875,1042.00000
0.11948,0.12211,0.11652,0.10763,0.12276,0.16256,0.15927,0.15631,0.15829,0.15598,-0.00025,-0.00123,-0.00123,-0.00090,0.00403,-54.20875,1043.00000
0.11586,0.11750,0.11454,0.11684,0.11783,0.15467,0.15960,0.15861,0.15565,0.15993,0.00041,0.00272,0.00173,0.00008,-0.00222,-54.89734,1044.00000
0.11652,0.10961,0.11717,0.12079,0.11388,0.16190,0.15993,0.15697,0.15368,0.15565,-0.00255,-0.00222,-0.00090,-0.00288,-0.00090,-54.89734,1045.00000
0.11980,0.11619,0.11421,0.12145,0.11948,0.15565,0.16388,0.15861,0.15697,0.15763,-0.00123,-0.00288,-0.00452,0.00272,0.00337,-55.20990,1046.00000
0.11520,0.12342,0.12408,0.11388,0.11980,0.15730,0.15796,0.15368,0.15565,0.16388,-0.00090,0.00041,0.00173,0.00370,-0.00288,-55.20990,1047.00000
0.11882,0.12408,0.11980,0.11323,0.12112,0.16256,0.15664,0.15796,0.15631,0.15697,0.00008,0.00140,-0.00057,0.00041,-0.00123,-55.66159,1048.00000
0.12211,0.11980,0.11816,0.11586,0.12211,0.15401,0.15697,0.15565,0.15533,0.15565,0.00206,0.00074,-0.00189,-0.00189,0.00074,-55.66159,1049.00000
0.11816,0.12079,0.11553,0.12046,0.12276,0.15894,0.16157,0.15796,0.15598,0.15533,-0.00222,-0.00057,-0.00255,-0.00386,0.00140,-56.09251,1050.00000
0.11684,0.12079,0.11948,0.12342,0.12507,0.15697,0.15730,0.15730,0.15631,0.15664,-0.00025,-0.00321,-0.00090,-0.00090,0.00107,-56.09251,1051.00000
0.12836,0.11355,0.12013,0.11783,0.11849,0.15829,0.15434,0.15664,0.15796,0.15763,-0.00189,0.00008,-0.00353,-0.00025,-0.00222,-55.95641,1052.00000
0.12836,0.12244,0.11882,0.12342,0.12408,0.15894,0.15861,0.15631,0.15500,0.15730,-0.00222,0.00008,-0.00025,0.00041,-0.00090,-55.95641,1053.00000
0.11980,0.11948,0.12441,0.12276,0.11684,0.16026,0.15664,0.15565,0.15598,0.15664,-0.00025,-0.00288,0.00173,-0.00452,0.00107,-56.02264,1054.00000
0.11684,0.12408,0.12309,0.12342,0.12178,0.16256,0.15730,0.16059,0.15730,0.15861,-0.00123,-0.00222,-0.00222,0.00239,-0.00156,-56.02264,1055.00000
0.12375,0.11750,0.12211,0.12079,0.11948,0.15697,0.15993,0.15927,0.15894,0.15598,-0.00353,-0.00090,0.00008,0.00206,0.00074,-54.80575,1056.00000
0.12408,0.12375,0.12375,0.12309,0.12441,0.15598,0.15500,0.15533,0.15894,0.15697,0.00304,0.00173,-0.00025,-0.00353,-0.00025,-54.80575,1057.00000
0.12013,0.12704,0.12375,0.12079,0.12112,0.15894,0.15533,0.15993,0.15730,0.15631,0.00272,-0.00090,-0.00156,0.00074,-0.00090,-52.77641,1058.00000
0.12803,0.11915,0.12211,0.11783,0.12474,0.15861,0.16125,0.16618,0.15467,0.15204,0.00041,0.00140,-0.00222,-0.00189,-0.00025,-52.77641,1059.00000
0.11849,0.12375,0.12211,0.12408,0.12342,0.15434,0.15072,0.15730,0.16322,0.15993,-0.00222,-0.00057,0.00140,-0.00288,-0.00156,-50.20901,1060.00000
0.11816,0.12737,0.12540,0.12309,0.12441,0.15500,0.15730,0.15500,0.15861,0.16026,-0.00156,-0.00189,-0.00123,0.00337,0.00041,-50.20901,1061.00000
0.12244,0.12408,0.12342,0.12112,0.12967,0.16157,0.15763,0.15631,0.15730,0.15861,-0.00386,0.00140,-0.00090,0.00074,-0.00123,-48.98878,1062.00000
0.12079,0.12309,0.12671,0.11915,0.12605,0.15664,0.15730,0.15467,0.15861,0.15237,-0.00156,-0.00090,-0.00123,-0.00025,0.00074,-48.98878,1063.00000
0.12507,0.11915,0.12441,0.12375,0.12967,0.15565,0.15598,0.15829,0.15434,0.16223,-0.00156,0.00008,0.00140,0.00370,0.00140,-49.91920,1064.00000
0.12309,0.12408,0.12441,0.12901,0.13066,0.15631,0.15664,0.15631,0.15763,0.15796,-0.00057,0.00173,-0.00090,-0.00255,-0.00057,-49.91920,1065.00000
0.11882,0.13066,0.12572,0.13033,0.12112,0.16092,0.15960,0.15664,0.15664,0.15730,-0.00189,0.00008,-0.00156,0.00140,0.00173,-51.18762,1066.00000
0.12836,0.12803,0.12276,0.12178,0.12803,0.15598,0.15598,0.15861,0.15796,0.15500,-0.00025,0.00074,-0.00189,-0.00255,-0.00057,-51.18762,1067.00000
0.12309,0.12934,0.12605,0.12770,0.11980,0.15796,0.15894,0.15565,0.15796,0.15697,-0.00156,-0.00123,0.00107,-0.00090,-0.00123,-52.78620,1068.00000
0.12342,0.12868,0.12671,0.12803,0.12375,0.16026,0.15730,0.15993,0.15796,0.15796,-0.00025,0.00272,-0.00419,0.00041,0.00008,-52.78620,1069.00000
0.12836,0.12836,0.12605,0.12803,0.12605,0.16026,0.15565,0.15763,0.15631,0.15631,0.00173,-0.00156,0.00008,0.00041,0.00074,-53.67581,1070.00000
0.13230,0.12671,0.12836,0.13033,0.13033,0.15829,0.15861,0.16388,0.15829,0.15598,-0.00288,0.00008,-0.00156,0.00173,-0.00057,-53.67581,1071.00000
0.13066,0.12671,0.12770,0.13395,0.12309,0.16421,0.15796,0.16157,0.15335,0.15927,-0.00189,-0.00189,-0.00090,-0.00025,0.00173,-54.28908,1072.00000
0.13164,0.12638,0.13197,0.12770,0.12671,0.15730,0.15796,0.16157,0.16157,0.15631,-0.00090,0.00370,-0.00452,0.00107,-0.00123,-54.28908,1073.00000
0.12868,0.13132,0.12507,0.12671,0.13033,0.15829,0.15829,0.15993,0.15960,0.15302,0.00337,0.00206,0.00304,-0.00057,-0.00123,-54.67384,1074.00000
0.12638,0.13197,0.12342,0.12967,0.13132,0.15829,0.15664,0.15993,0.15533,0.15598,-0.00090,0.00173,0.00206,-0.00057,0.00173,-54.67384,1075.00000
0.12967,0.12868,0.12375,0.12770,0.13033,0.15598,0.15565,0.16059,0.15993,0.15861,-0.00419,0.00140,-0.00353,0.00173,0.00206,-54.89307,1076.00000
0.12671,0.13197,0.12375,0.12507,0.13230,0.15434,0.16026,0.15829,0.15829,0.15861,0.00008,-0.00057,0.00206,-0.00025,-0.00584,-54.89307,1077.00000
0.12474,0.12868,0.12934,0.12934,0.13329,0.15861,0.15533,0.15763,0.15730,0.15269,0.00008,0.00074,0.00041,0.00107,0.00008,-55.53003,1078.00000
0.13033,0.12737,0.12967,0.13099,0.13263,0.15927,0.15697,0.15335,0.15533,0.15697,-0.00025,-0.00222,-0.00057,-0.00156,-0.00156,-55.53003,1079.00000
0.13132,0.12671,0.13263,0.13460,0.13164,0.15565,0.15565,0.15467,0.15993,0.16157,-0.00090,-0.00189,0.00008,0.00272,0.00173,-55.71179,1080.00000
0.13033,0.12901,0.13099,0.12836,0.13132,0.16059,0.16026,0.15598,0.15335,0.15796,-0.00156,-0.00156,-0.00025,-0.00123,0.00239,-55.71179,1081.00000
0.12638,0.13658,0.13099,0.13263,0.12211,0.16157,0.15960,0.15664,0.15861,0.15894,-0.00288,-0.00090,-0.00123,0.00239,0.00140,-55.74896,1082.00000
0.13263,0.12967,0.13164,0.12276,0.13428,0.15894,0.16453,0.15927,0.15631,0.15861,-0.00156,-0.00189,-0.00682,-0.00452,-0.00189,-55.74896,1083.00000
0.13526,0.13066,0.13000,0.13329,0.13132,0.15631,0.16157,0.16157,0.15763,0.16322,0.00074,-0.00189,0.00008,0.00304,0.00074,-56.05319,1084.00000
0.13460,0.13099,0.13066,0.13526,0.13000,0.15993,0.15631,0.15631,0.15763,0.15993,0.00107,0.00107,-0.00057,-0.00090,0.00074,-56.05319,1085.00000
0.12836,0.12737,0.13526,0.12836,0.13493,0.15598,0.15434,0.15829,0.15664,0.16125,-0.00156,-0.00222,0.00008,0.00008,-0.00025,-56.52757,1086.00000
0.13000,0.12868,0.13625,0.12967,0.13658,0.15598,0.15894,0.16059,0.16453,0.15269,0.00107,0.00008,-0.00353,-0.00288,0.00535,-56.52757,1087.00000
0.13263,0.13625,0.13428,0.12803,0.13428,0.15401,0.15993,0.15500,0.15960,0.15467,0.00403,-0.00222,-0.00057,0.00041,0.00008,-56.37902,1088.00000
0.13099,0.13099,0.12868,0.13329,0.12868,0.15401,0.15730,0.16125,0.15796,0.15993,-0.00189,0.00370,-0.00222,0.00074,0.00370,-56.37902,1089.00000
0.13263,0.12770,0.13296,0.12934,0.13066,0.16223,0.15401,0.15598,0.15894,0.15697,0.00107,-0.00386,-0.00123,0.00107,-0.00025,-55.88726,1090.00000
0.12605,0.13592,0.13460,0.13362,0.13000,0.15269,0.16223,0.15204,0.15861,0.15763,-0.00189,-0.00321,0.00140,0.00107,0.00370,-55.88726,1091.00000
0.12967,0.13000,0.13954,0.13000,0.13395,0.16256,0.16125,0.15631,0.15565,0.15730,0.00272,0.00041,-0.00321,0.00173,-0.00156,-55.69754,1092.00000
0.12868,0.13197,0.13066,0.13395,0.13000,0.15697,0.15533,0.15993,0.16092,0.16256,-0.00222,-0.00321,0.00074,0.00074,-0.00189,-55.69754,1093.00000
0.13197,0.13197,0.13592,0.13493,0.13132,0.15763,0.15861,0.15368,0.15072,0.16059,-0.00255,-0.00156,0.00370,0.00436,0.00140,-55.09486,1094.00000
0.13132,0.13263,0.13395,0.12704,0.14381,0.15335,0.15500,0.15960,0.15631,0.15697,-0.00057,-0.00025,-0.00222,-0.00025,-0.00123,-55.09486,1095.00000
0.12934,0.13888,0.13296,0.12934,0.13526,0.15335,0.15763,0.15565,0.15368,0.15302,-0.00025,-0.00025,0.00041,-0.00025,-0.00025,-54.40046,1096.00000
0.13428,0.13493,0.12704,0.13691,0.13296,0.15565,0.15796,0.15730,0.15204,0.15894,-0.00386,0.00008,0.00041,-0.00321,0.00173,-54.40046,1097.00000
0.13658,0.13263,0.13789,0.13625,0.12967,0.16322,0.15960,0.15368,0.15368,0.15269,0.00074,-0.00222,0.00206,-0.00255,-0.00189,-54.44876,1098.00000
0.13362,0.13822,0.13789,0.13362,0.14184,0.15335,0.15664,0.15730,0.16256,0.15993,-0.00222,-0.00189,0.00107,-0.00353,-0.00156,-54.44876,1099.00000
0.12934,0.13691,0.13888,0.12901,0.13921,0.15763,0.15894,0.15829,0.16190,0.15829,0.00041,0.00041,-0.00025,-0.00123,0.00074,-54.38747,1100.00000
0.13888,0.12605,0.13460,0.12868,0.13921,0.15565,0.15960,0.15960,0.15598,0.15763,-0.00025,-0.00090,0.00041,-0.00419,-0.00288,-54.38747,1101.00000
0.13230,0.13756,0.13789,0.13197,0.13658,0.15697,0.15500,0.16322,0.15631,0.15565,0.00008,0.00008,0.00140,-0.00025,0.00370,-54.39344,1102.00000
0.13428,0.13888,0.13197,0.13954,0.13132,0.16223,0.15631,0.16125,0.15927,0.15533,-0.00090,0.00107,0.00304,0.00074,0.00239,-54.39344,1103.00000
0.13987,0.13954,0.13428,0.13625,0.13559,0.16289,0.15533,0.15796,0.15796,0.15730,-0.00090,-0.00321,-0.00123,0.00107,-0.00189,-54.76996,1104.00000
0.13658,0.13625,0.13493,0.13789,0.13789,0.15664,0.15434,0.15894,0.15894,0.15763,0.00074,0.00008,0.00206,-0.00156,0.00107,-54.76996,1105.00000
0.13954,0.14085,0.13526,0.14085,0.14151,0.15565,0.15500,0.15697,0.15565,0.15796,-0.00090,-0.00156,-0.00057,0.00008,0.00206,-55.51731,1106.00000
0.13658,0.13526,0.13921,0.13954,0.13362,0.15664,0.15829,0.15434,0.15927,0.15763,0.00074,0.00239,0.00239,-0.00025,-0.00156,-55.51731,1107.00000
0.13855,0.14217,0.13033,0.13526,0.14316,0.15401,0.15434,0.16092,0.16125,0.16026,-0.00321,-0.00090,0.00140,-0.00025,-0.00156,-55.00963,1108.00000
0.13395,0.13756,0.14151,0.13592,0.13559,0.15796,0.15368,0.15631,0.15730,0.15533,-0.00156,0.00041,-0.00090,0.00041,0.00074,-55.00963,1109.00000
0.13230,0.13921,0.14250,0.13789,0.13921,0.15664,0.15500,0.16026,0.15664,0.15796,0.00041,0.00206,0.00074,-0.00123,-0.00057,-55.44183,1110.00000
0.13789,0.14085,0.13197,0.13592,0.13954,0.15927,0.16125,0.16256,0.15763,0.15861,-0.00057,0.00041,0.00304,-0.00189,-0.00090,-55.44183,1111.00000
0.14480,0.13888,0.13888,0.14250,0.14118,0.15763,0.15894,0.15861,0.15861,0.15631,0.00008,-0.00156,0.00008,0.00074,0.00272,-55.57248,1112.00000
0.13493,0.13789,0.13592,0.14316,0.14283,0.15697,0.15467,0.15927,0.15697,0.15829,-0.00090,0.00107,0.00074,0.00074,-0.00123,-55.57248,1113.00000
0.13822,0.14184,0.13493,0.13954,0.13460,0.15730,0.15697,0.15500,0.16125,0.15829,0.00337,0.00008,0.00008,0.00041,0.00140,-55.98204,1114.00000
0.13625,0.13855,0.13888,0.13987,0.13921,0.15796,0.15730,0.14908,0.15829,0.15796,0.00140,-0.00452,-0.00288,0.00074,-0.00123,-55.98204,1115.00000
0.14020,0.13855,0.14184,0.13493,0.14217,0.15763,0.16092,0.16125,0.16388,0.15697,-0.00321,-0.00386,0.00272,0.00535,-0.00288,-55.84746,1116.00000
0.13592,0.13724,0.13756,0.13724,0.14348,0.15598,0.15927,0.15796,0.15697,0.15697,-0.00255,0.00206,-0.00123,-0.00090,-0.00386,-55.84746,1117.00000
0.14118,0.13822,0.14052,0.13822,0.14118,0.16388,0.16157,0.15631,0.15993,0.15401,-0.00156,0.00074,0.00173,-0.00025,-0.00288,-55.96328,1118.00000
0.13888,0.14085,0.13888,0.13559,0.13756,0.15730,0.15993,0.15565,0.15697,0.15401,-0.00090,-0.00090,-0.00288,0.00173,0.00107,-55.96328,1119.00000
0.13789,0.14579,0.14283,0.13855,0.13789,0.15894,0.15631,0.15631,0.15894,0.15796,0.00173,-0.00584,0.00140,-0.00025,-0.00025,-55.66719,1120.00000
0.14151,0.14085,0.13921,0.13921,0.13921,0.15565,0.15269,0.15631,0.15335,0.15796,0.00074,-0.00419,-0.00189,0.00173,-0.00123,-55.66719,1121.00000
0.14250,0.14414,0.13855,0.14776,0.14513,0.15927,0.15697,0.15631,0.16092,0.15796,-0.00321,-0.00090,-0.00255,-0.00386,-0.00288,-55.48008,1122.00000
0.13559,0.13954,0.13855,0.14316,0.14052,0.15204,0.16125,0.15533,0.15697,0.15565,-0.00222,0.00041,0.00008,0.00272,-0.00189,-55.48008,1123.00000
0.14184,0.14118,0.14085,0.14316,0.14480,0.15960,0.15861,0.16453,0.15763,0.15894,0.00370,-0.00090,0.00041,-0.00090,0.00272,-54.97393,1124.00000
0.13987,0.14579,0.14020,0.13888,0.13658,0.15434,0.15697,0.15598,0.16092,0.16322,-0.00156,-0.00057,0.00239,0.00074,-0.00123,-54.97393,1125.00000
0.14612,0.14348,0.14250,0.14316,0.14414,0.15960,0.15894,0.16256,0.15861,0.15763,0.00304,-0.00255,0.00337,-0.00123,-0.00025,-54.84292,1126.00000
0.14546,0.14184,0.14250,0.14316,0.14217,0.15763,0.15533,0.15993,0.15796,0.16157,-0.00123,0.00239,0.00206,0.00074,-0.00255,-54.84292,1127.00000
0.14250,0.14710,0.13822,0.14645,0.14546,0.15927,0.15763,0.16026,0.15861,0.15434,0.00107,-0.00222,-0.00025,-0.00156,-0.00156,-54.93123,1128.00000
0.13987,0.14645,0.14316,0.14941,0.14217,0.15861,0.15039,0.15631,0.16157,0.15796,0.00008,-0.00057,-0.00156,-0.00255,-0.00025,-54.93123,1129.00000
0.14316,0.14381,0.14217,0.14085,0.14612,0.15894,0.16125,0.15105,0.15171,0.15039,-0.00123,-0.00057,0.00107,-0.00123,0.00107,-53.92802,1130.00000
0.13987,0.14184,0.14809,0.13888,0.14217,0.15993,0.15664,0.15598,0.15730,0.15664,0.00173,0.00206,0.00272,-0.00025,-0.00222,-53.92802,1131.00000
0.14085,0.13789,0.14052,0.14645,0.14052,0.15763,0.15763,0.16026,0.15927,0.15730,-0.00255,-0.00057,0.00041,-0.00090,-0.00057,-54.01479,1132.00000
0.14184,0.14020,0.14645,0.14348,0.14414,0.16157,0.15631,0.15796,0.15631,0.16421,-0.00222,-0.00025,-0.00222,-0.00123,-0.00189,-54.01479,1133.00000
0.14118,0.14348,0.14118,0.14414,0.13822,0.15302,0.15565,0.15894,0.15533,0.15730,-0.00189,0.00140,-0.00222,-0.00255,0.00403,-54.11433,1134.00000
0.14414,0.15006,0.13987,0.14381,0.14677,0.16026,0.15533,0.15927,0.15796,0.15598,-0.00123,-0.00057,-0.00025,0.00041,-0.00090,-54.11433,1135.00000
0.14250,0.14184,0.14513,0.14184,0.14184,0.16092,0.15171,0.15664,0.15434,0.16026,-0.00057,-0.00156,0.00370,-0.00189,-0.00090,-54.10306,1136.00000
0.14612,0.14447,0.14480,0.14513,0.14316,0.15631,0.15565,0.15796,0.16026,0.16157,0.00008,0.00206,0.00041,0.00074,-0.00386,-54.10306,1137.00000
0.14381,0.14776,0.14085,0.14184,0.14579,0.15434,0.15861,0.15368,0.15401,0.16026,0.00272,0.00107,-0.00156,-0.00123,0.00107,-54.90065,1138.00000
0.14546,0.14809,0.13954,0.14414,0.14118,0.15763,0.15697,0.15861,0.15533,0.15763,-0.00057,0.00074,0.00173,-0.00025,0.00370,-54.90065,1139.00000
0.14381,0.14348,0.14480,0.14052,0.15138,0.15894,0.15993,0.15598,0.15598,0.15829,0.00041,0.00173,-0.00288,-0.00123,-0.00189,-55.20912,1140.00000
0.14875,0.14316,0.14118,0.14776,0.14250,0.16190,0.15565,0.15664,0.15796,0.15960,-0.00452,-0.00156,-0.00025,-0.00386,-0.00288,-55.20912,1141.00000
0.14513,0.14447,0.14710,0.14184,0.14677,0.15072,0.15500,0.15368,0.15993,0.15763,-0.00288,-0.00222,-0.00057,-0.00025,-0.00090,-55.42438,1142.00000
0.14513,0.14941,0.14447,0.14776,0.14480,0.15960,0.15894,0.15730,0.15894,0.15993,0.00239,-0.00090,0.00107,-0.00057,-0.00222,-55.42438,1143.00000
0.14513,0.14875,0.14250,0.14776,0.14875,0.15565,0.15598,0.16092,0.15960,0.15763,0.00107,-0.00090,-0.00025,0.00535,0.00107,-55.80301,1144.00000
0.14908,0.15039,0.14908,0.14645,0.13822,0.15861,0.16026,0.15861,0.15861,0.15500,-0.00321,-0.00386,-0.00025,0.00107,-0.00090,-55.80301,1145.00000
0.14414,0.14973,0.14546,0.14710,0.14546,0.15763,0.15500,0.15730,0.15960,0.15894,0.00403,0.00173,0.00272,-0.00189,0.00239,-55.54311,1146.00000
0.14809,0.14973,0.15072,0.14316,0.14480,0.15861,0.15335,0.15467,0.15796,0.16125,0.00206,-0.00057,0.00008,-0.00156,-0.00255,-55.54311,1147.00000
0.14677,0.14941,0.14743,0.14480,0.15204,0.15467,0.15697,0.16355,0.15730,0.15927,-0.00025,0.00041,-0.00255,0.00008,0.00173,-55.91608,1148.00000
0.14677,0.14381,0.15072,0.14184,0.14546,0.15664,0.15861,0.15302,0.15500,0.15434,0.00173,-0.00123,-0.00025,-0.00189,-0.00025,-55.91608,1149.00000
0.14710,0.14579,0.14908,0.15171,0.14941,0.15763,0.15763,0.15368,0.15598,0.15368,-0.00189,0.00074,-0.00156,0.00041,-0.00353,-55.29935,1150.00000
0.15105,0.14579,0.14875,0.14348,0.15006,0.15894,0.15533,0.15894,0.15401,0.15861,-0.00025,0.00173,-0.00551,0.00074,-0.00649,-55.29935,1151.00000
0.14973,0.14513,0.15039,0.14776,0.15006,0.15829,0.15993,0.16486,0.15861,0.15269,0.00239,0.00041,0.00272,0.00173,0.00041,-55.14968,1152.00000
0.14579,0.14414,0.14842,0.14973,0.14316,0.15894,0.15763,0.15796,0.15598,0.15829,-0.00057,-0.00090,-0.00518,-0.00025,-0.00156,-55.14968,1153.00000
0.15072,0.14973,0.14908,0.14612,0.15335,0.15829,0.15960,0.15730,0.15664,0.15565,-0.00090,-0.00123,-0.00090,-0.00090,0.00008,-55.28480,1154.00000
0.14579,0.14908,0.14776,0.14809,0.15006,0.15829,0.16190,0.15598,0.15467,0.15598,-0.00057,0.00008,0.00370,0.00173,0.00140,-55.28480,1155.00000
0.14283,0.15039,0.15138,0.14447,0.14612,0.15927,0.15664,0.15401,0.15730,0.15861,0.00107,-0.00386,-0.00057,-0.00452,0.00041,-55.64533,1156.00000
0.15039,0.14447,0.14941,0.14217,0.15138,0.15993,0.15467,0.15763,0.15829,0.15763,0.00140,0.00074,0.00140,0.00074,0.00008,-55.64533,1157.00000
0.15171,0.14842,0.14776,0.14480,0.15105,0.16026,0.15664,0.15763,0.15960,0.15598,0.00173,-0.00025,0.00206,-0.00156,-0.00156,-55.78165,1158.00000
0.14875,0.15138,0.14677,0.15138,0.14710,0.15829,0.15631,0.15269,0.15697,0.15664,-0.00189,-0.00222,0.00140,0.00008,-0.00123,-55.78165,1159.00000
0.14875,0.14908,0.14217,0.15500,0.14710,0.15368,0.15829,0.15861,0.15500,0.15368,-0.00123,0.00206,0.00173,-0.00090,-0.00090,-55.22969,1160.00000
0.15039,0.14776,0.15072,0.15302,0.14973,0.15730,0.15927,0.15500,0.15204,0.15763,-0.00288,0.00041,0.00041,-0.00222,0.00469,-55.22969,1161.00000
0.15105,0.14743,0.14612,0.14645,0.14710,0.15861,0.15861,0.15631,0.15763,0.15763,-0.00189,0.00272,0.00337,0.00173,0.00272,-55.11973,1162.00000
0.14710,0.14908,0.15072,0.14513,0.15006,0.15697,0.16125,0.15204,0.15763,0.15894,0.00140,-0.00189,0.00173,0.00041,0.00041,-55.11973,1163.00000
0.15105,0.15500,0.14414,0.15269,0.14875,0.15565,0.16092,0.16519,0.15993,0.15368,-0.00485,-0.00222,0.00206,0.00140,0.00140,-54.24199,1164.00000
0.14677,0.14973,0.14480,0.15105,0.15237,0.15565,0.15796,0.15829,0.15894,0.15829,-0.00123,-0.00353,-0.00189,0.00074,-0.00025,-54.24199,1165.00000
0.14842,0.14480,0.15006,0.15072,0.14250,0.15368,0.15927,0.15730,0.15401,0.15664,-0.00189,-0.00057,0.00173,-0.00123,0.00140,-53.82754,1166.00000
0.15006,0.14579,0.15237,0.14973,0.14645,0.15960,0.16289,0.15533,0.15829,0.15796,0.00239,-0.00057,-0.00288,-0.00222,0.00272,-53.82754,1167.00000
0.15006,0.15368,0.14973,0.14743,0.15204,0.15697,0.15664,0.15796,0.15993,0.16059,0.00074,0.00041,0.00008,0.00107,0.00074,-54.65791,1168.00000
0.15861,0.14743,0.15434,0.14579,0.15072,0.15763,0.15598,0.15796,0.15796,0.15861,-0.00222,-0.00156,-0.00353,0.00074,-0.00156,-54.65791,1169.00000
0.14612,0.14842,0.14480,0.14842,0.14809,0.15598,0.15565,0.16125,0.15730,0.15796,0.00041,-0.00255,-0.00288,-0.00156,0.00140,-55.23179,1170.00000
0.15105,0.15237,0.14645,0.14776,0.14381,0.15598,0.15302,0.15796,0.15927,0.15927,0.00206,0.00206,0.00173,-0.00189,0.00074,-55.23179,1171.00000
0.15006,0.14941,0.14546,0.14908,0.14973,0.15533,0.15829,0.15927,0.15598,0.15598,-0.00057,-0.00255,0.00008,0.00140,-0.00156,-54.94255,1172.00000
0.15533,0.15072,0.14677,0.15368,0.14677,0.15664,0.15500,0.15631,0.16059,0.15598,-0.00189,-0.00123,-0.00156,-0.00057,0.00140,-54.94255,1173.00000
0.14875,0.14908,0.15039,0.15237,0.15237,0.15533,0.15533,0.15302,0.15500,0.15796,-0.00189,0.00173,0.00600,-0.00057,0.00173,-55.61337,1174.00000
0.14973,0.15072,0.15434,0.14546,0.15072,0.15796,0.15861,0.15533,0.16190,0.15697,-0.00025,-0.00518,0.00107,-0.00222,-0.00288,-55.61337,1175.00000
0.15237,0.15368,0.15006,0.15401,0.14645,0.15467,0.15697,0.15269,0.15927,0.16059,-0.00090,0.00140,0.00107,-0.00025,0.00239,-55.69487,1176.00000
0.14941,0.15368,0.15565,0.14941,0.15467,0.15631,0.15500,0.15434,0.15763,0.15993,-0.00321,-0.00090,0.00272,-0.00222,-0.00189,-55.69487,1177.00000
0.15500,0.14743,0.15039,0.14875,0.15204,0.15763,0.15697,0.15204,0.15204,0.15861,-0.00025,-0.00123,0.00304,-0.00189,-0.00156,-55.71609,1178.00000
0.14842,0.15401,0.15302,0.15105,0.15039,0.15401,0.16157,0.15861,0.16223,0.15730,-0.00090,-0.00057,0.00008,-0.00090,-0.00321,-55.71609,1179.00000
0.14842,0.15500,0.15072,0.15335,0.14941,0.16026,0.15861,0.15598,0.15598,0.15993,0.00008,-0.00090,0.00173,0.00008,0.00173,-56.09779,1180.00000
0.15500,0.14579,0.15467,0.15467,0.14776,0.15829,0.15368,0.15829,0.16223,0.15927,0.00173,-0.00222,-0.00255,0.00041,-0.00090,-56.09779,1181.00000
0.15401,0.15565,0.14809,0.14941,0.15697,0.15697,0.15960,0.15598,0.15631,0.15763,0.00107,0.00107,-0.00189,-0.00123,0.00041,-56.09333,1182.00000
0.15006,0.15533,0.14941,0.15598,0.15138,0.15894,0.15434,0.15829,0.16092,0.15598,-0.00123,-0.00189,-0.00057,0.00206,-0.00452,-56.09333,1183.00000
0.15039,0.15368,0.15631,0.15598,0.15401,0.15960,0.15697,0.15894,0.15335,0.15204,0.00008,0.00074,0.00173,0.00041,-0.00057,-55.81278,1184.00000
0.15072,0.15664,0.14842,0.15533,0.15269,0.16026,0.15861,0.15730,0.15533,0.15993,0.00239,-0.00057,-0.00090,0.00107,0.00008,-55.81278,1185.00000
0.15237,0.15204,0.15434,0.15335,0.14710,0.15598,0.15401,0.15960,0.15565,0.15368,-0.00090,-0.00189,0.00272,0.00206,0.00337,-55.59926,1186.00000
0.14973,0.15861,0.14875,0.15467,0.15500,0.15565,0.15500,0.15763,0.15927,0.15861,0.00206,0.00337,-0.00353,0.00140,0.00107,-55.59926,1187.00000
0.15072,0.15565,0.15269,0.15204,0.15434,0.15204,0.15500,0.15664,0.15861,0.15565,0.00140,-0.00057,0.00008,-0.00222,0.00173,-55.87092,1188.00000
0.15171,0.15697,0.15204,0.15368,0.15467,0.15829,0.15927,0.15467,0.15434,0.15533,-0.00189,0.00074,-0.00353,0.00074,0.00337,-55.87092,1189.00000
0.15039,0.15138,0.14842,0.15138,0.15664,0.16059,0.16059,0.15664,0.15565,0.15335,0.00337,0.00140,-0.00123,-0.00025,-0.00255,-55.77726,1190.00000
0.14776,0.15664,0.15368,0.15796,0.15664,0.15631,0.15434,0.15894,0.15763,0.15631,0.00304,0.00206,-0.00025,0.00008,-0.00255,-55.77726,1191.00000
0.15302,0.15467,0.15105,0.15434,0.15237,0.15894,0.15631,0.15335,0.15335,0.15598,0.00173,-0.00156,0.00140,-0.00156,0.00239,-54.81490,1192.00000
0.15368,0.15072,0.15697,0.15335,0.15467,0.15763,0.15960,0.15927,0.15861,0.15598,0.00337,-0.00189,0.00239,-0.00222,-0.00090,-54.81490,1193.00000
0.14973,0.15072,0.15204,0.15006,0.14677,0.15960,0.15500,0.15171,0.15664,0.15335,-0.00123,0.00008,-0.00255,0.00041,-0.00156,-54.38011,1194.00000
0.14908,0.15237,0.15072,0.15467,0.15368,0.15302,0.15631,0.15105,0.15302,0.15894,-0.00321,0.00041,-0.00123,0.00239,-0.00222,-54.38011,1195.00000
0.15730,0.15565,0.15302,0.14941,0.15894,0.15434,0.15927,0.15697,0.15664,0.15763,-0.00123,-0.00123,0.00074,0.00173,-0.00156,-54.06017,1196.00000
0.15467,0.15105,0.14809,0.15565,0.15993,0.15796,0.15204,0.15894,0.15960,0.15763,0.00173,0.00041,0.00041,0.00239,-0.00485,-54.06017,1197.00000
0.15598,0.15237,0.16125,0.15335,0.15697,0.15598,0.15237,0.15631,0.15500,0.15829,0.00173,-0.00189,-0.00386,0.00041,0.00008,-53.84649,1198.00000
0.14973,0.14776,0.15401,0.15401,0.15368,0.15631,0.15796,0.15565,0.15861,0.15072,0.00107,0.00206,-0.00386,0.00140,0.00436,-53.84649,1199.00000
0.15269,0.15993,0.15302,0.15237,0.15269,0.15302,0.15993,0.15927,0.15434,0.15894,0.00140,-0.00156,0.00074,-0.00386,-0.00025,-53.71524,1200.00000
0.15368,0.15796,0.15500,0.15138,0.15434,0.15598,0.15467,0.15631,0.16026,0.15763,-0.00057,0.00074,-0.00123,0.00239,0.00337,-53.71524,1201.00000
0.15631,0.15335,0.15730,0.14908,0.15269,0.15894,0.15894,0.15796,0.15598,0.15467,-0.00156,-0.00057,-0.00222,0.00370,-0.00057,-54.02803,1202.00000
0.15664,0.15565,0.15434,0.15401,0.15598,0.15368,0.16059,0.15533,0.15697,0.15631,0.00041,-0.00222,0.00206,0.00272,0.00074,-54.02803,1203.00000
0.15500,0.15565,0.15105,0.15894,0.15401,0.16059,0.15335,0.15598,0.15401,0.15796,-0.00057,-0.00189,-0.00090,-0.00288,0.00107,-54.39683,1204.00000
0.15631,0.15335,0.15664,0.15533,0.14776,0.15598,0.15927,0.15796,0.15565,0.15434,0.00206,-0.00123,-0.00025,-0.00025,-0.00025,-54.39683,1205.00000
0.15631,0.14612,0.15598,0.15631,0.15368,0.15467,0.15467,0.15533,0.15763,0.16092,-0.00288,-0.00156,0.00304,-0.00321,0.00140,-54.71062,1206.00000
0.15829,0.15204,0.15302,0.15467,0.15960,0.16157,0.16125,0.15894,0.15796,0.16059,-0.00025,0.00107,0.00074,-0.00025,-0.00025,-54.71062,1207.00000
0.14973,0.15467,0.15829,0.15763,0.15467,0.15829,0.15401,0.15763,0.16092,0.15829,-0.00452,0.00206,0.00041,0.00008,-0.00025,-55.43148,1208.00000
0.15960,0.15105,0.15368,0.15500,0.15598,0.15598,0.15598,0.16125,0.15796,0.15664,-0.00057,-0.00025,-0.00025,-0.00156,-0.00156,-55.43148,1209.00000
0.15664,0.15434,0.15730,0.15894,0.15533,0.15730,0.16157,0.15960,0.15796,0.15565,-0.00386,0.00173,-0.00321,0.00239,0.00008,-55.33049,1210.00000
0.15960,0.15072,0.15533,0.15105,0.15664,0.15138,0.15763,0.15631,0.16092,0.15993,0.00008,-0.00189,0.00008,0.00370,0.00041,-55.33049,1211.00000
0.15401,0.15434,0.15335,0.15533,0.15763,0.15829,0.15401,0.15631,0.16157,0.15631,-0.00123,-0.00189,-0.00321,0.00041,-0.00025,-55.37520,1212.00000
0.15565,0.16223,0.15335,0.15927,0.15697,0.15993,0.15894,0.15730,0.15763,0.15664,0.00173,-0.00057,0.00074,-0.00189,-0.00057,-55.37520,1213.00000
0.15664,0.15861,0.15664,0.15105,0.15697,0.16059,0.15565,0.15960,0.15631,0.15565,0.00239,0.00206,-0.00090,0.00272,0.00074,-55.01182,1214.00000
0.15072,0.15401,0.15533,0.15861,0.15401,0.15829,0.15829,0.15434,0.16157,0.15565,0.00107,0.00140,0.00008,-0.00156,-0.00057,-55.01182,1215.00000
0.15269,0.15697,0.15697,0.15565,0.16125,0.15894,0.15401,0.16059,0.15894,0.15401,0.00074,-0.00025,-0.00123,0.00239,-0.00189,-55.28911,1216.00000
0.15796,0.15467,0.15204,0.16190,0.15072,0.15368,0.15171,0.15664,0.15829,0.15763,-0.00255,0.00107,-0.00123,-0.00025,-0.00222,-55.28911,1217.00000
0.14743,0.15401,0.14941,0.15631,0.15335,0.15829,0.15861,0.16223,0.15467,0.15730,0.00173,0.00074,-0.00222,0.00206,0.00173,-55.84036,1218.00000
0.15664,0.15401,0.15894,0.15500,0.15467,0.16125,0.15500,0.15894,0.15861,0.15533,-0.00222,0.00304,-0.00222,-0.00123,0.00568,-55.84036,1219.00000
0.15598,0.15434,0.15829,0.16125,0.15730,0.15434,0.15960,0.15796,0.15960,0.15993,0.00107,-0.00189,0.00107,0.00239,0.00041,-55.85231,1220.00000
0.14973,0.15730,0.15533,0.15598,0.15105,0.15533,0.15960,0.15664,0.15664,0.15467,-0.00156,-0.00123,-0.00452,-0.00057,-0.00288,-55.85231,1221.00000
0.15565,0.16125,0.15500,0.15302,0.15894,0.15993,0.16026,0.15730,0.15861,0.15664,0.00107,0.00239,-0.00222,0.00074,0.00140,-56.02918,1222.00000
0.15598,0.15664,0.15631,0.15500,0.15500,0.15598,0.15927,0.15829,0.15302,0.15598,-0.00386,-0.00156,0.00041,0.00272,-0.00025,-56.02918,1223.00000
0.15401,0.15434,0.15533,0.15829,0.15894,0.15960,0.15664,0.15927,0.16190,0.15894,-0.00025,0.00074,-0.00123,-0.00189,-0.00025,-55.71967,1224.00000
0.15763,0.15598,0.15697,0.15401,0.15269,0.15763,0.15763,0.15763,0.15927,0.15697,0.00074,0.00239,-0.00255,0.00041,-0.00255,-55.71967,1225.00000
0.15598,0.15302,0.15237,0.15763,0.16223,0.15697,0.15368,0.15467,0.16026,0.15401,0.00239,-0.00386,-0.00419,-0.00255,0.00041,-55.02536,1226.00000
0.15927,0.15861,0.15401,0.15697,0.15993,0.15533,0.15664,0.15598,0.15861,0.15894,-0.00189,0.00370,0.00008,-0.00288,0.00107,-55.02536,1227.00000
0.16125,0.16223,0.16289,0.15763,0.15861,0.15697,0.16223,0.15960,0.16190,0.15993,0.00107,-0.00156,-0.00025,0.00074,0.00107,-54.42186,1228.00000
0.15927,0.15730,0.15861,0.15861,0.15500,0.16092,0.16157,0.16026,0.15631,0.15730,-0.00090,0.00140,-0.00189,0.00074,-0.00057,-54.42186,1229.00000
0.15631,0.15730,0.16059,0.15467,0.15204,0.15664,0.16223,0.15960,0.15993,0.15631,-0.00123,0.00173,0.00107,-0.00025,0.00074,-54.88915,1230.00000
0.15927,0.15763,0.15368,0.15598,0.15105,0.15533,0.15829,0.15697,0.15598,0.15664,0.00502,-0.00123,-0.00288,0.00074,0.00074,-54.88915,1231.00000
0.15138,0.16190,0.15993,0.15434,0.15368,0.15204,0.16157,0.15796,0.15434,0.15829,-0.00123,-0.00255,0.00074,-0.00321,0.00140,-55.38891,1232.00000
0.15894,0.15829,0.15993,0.15565,0.15993,0.15927,0.15894,0.15697,0.15894,0.15829,-0.00057,-0.00123,-0.00321,-0.00057,0.00206,-55.38891,1233.00000
0.15467,0.16059,0.15434,0.16256,0.15598,0.15533,0.15894,0.15631,0.16026,0.15302,-0.00123,-0.00255,0.00206,-0.00288,-0.00255,-54.71350,1234.00000
0.15533,0.15861,0.15861,0.16092,0.15467,0.15697,0.15631,0.15335,0.15598,0.15927,0.00337,0.00140,0.00008,-0.00222,-0.00025,-54.71350,1235.00000
0.15598,0.15105,0.15993,0.15302,0.16190,0.15861,0.15335,0.16026,0.15796,0.15993,-0.00123,0.00041,-0.00123,-0.00025,-0.00025,-55.24493,1236.00000
0.15401,0.15829,0.15993,0.15434,0.15138,0.15960,0.16125,0.15697,0.15631,0.15269,0.00239,0.00074,-0.00222,0.00173,-0.00057,-55.24493,1237.00000
0.15697,0.15730,0.15697,0.15302,0.15105,0.16059,0.15664,0.15993,0.15829,0.15533,0.00107,-0.00222,0.00337,-0.00057,-0.00090,-55.44473,1238.00000
0.15434,0.16157,0.15697,0.15533,0.16026,0.15894,0.15861,0.15565,0.15861,0.15697,-0.00189,0.00041,0.00008,0.00403,0.00206,-55.44473,1239.00000
0.16026,0.15664,0.15993,0.15598,0.15697,0.16059,0.15861,0.15927,0.15434,0.15894,0.00041,-0.00090,-0.00090,0.00041,0.00041,-56.05977,1240.00000
0.15401,0.15565,0.15500,0.15401,0.15861,0.15960,0.15861,0.16125,0.15401,0.16519,0.00041,0.00469,-0.00057,0.00008,0.00337,-56.05977,1241.00000
0.15631,0.16157,0.15796,0.15829,0.16026,0.15598,0.15861,0.16092,0.15861,0.15730,-0.00123,-0.00255,0.00107,-0.00025,-0.00419,-56.84580,1242.00000
0.16157,0.15565,0.16519,0.15829,0.15960,0.15302,0.15401,0.15335,0.15533,0.15730,0.00008,-0.00551,-0.00090,0.00304,-0.00123,-56.84580,1243.00000
0.15829,0.16059,0.15434,0.15894,0.15894,0.15434,0.15763,0.15533,0.15993,0.15237,-0.00189,-0.00057,-0.00288,-0.00025,0.00041,-56.36724,1244.00000
0.15697,0.16092,0.15500,0.16157,0.15829,0.15730,0.15565,0.16092,0.15598,0.15829,-0.00353,-0.00123,0.00370,-0.00386,-0.00090,-56.36724,1245.00000
0.15730,0.15631,0.15335,0.15796,0.15829,0.15401,0.15434,0.15697,0.15138,0.15763,0.00107,-0.00321,-0.00123,0.00107,-0.00321,-56.41604,1246.00000
0.15664,0.15993,0.15237,0.15796,0.15565,0.15697,0.15598,0.16289,0.15138,0.15237,0.00370,-0.00255,-0.00222,0.00008,-0.00321,-56.41604,1247.00000
0.15861,0.15796,0.15829,0.15927,0.15434,0.15664,0.15664,0.15500,0.15993,0.15171,-0.00255,0.00008,0.00239,0.00107,-0.00123,-55.94484,1248.00000
0.16125,0.15105,0.15598,0.15763,0.15467,0.15829,0.15829,0.15960,0.15598,0.15598,-0.00025,0.00140,-0.00288,0.00304,0.00074,-55.94484,1249.00000
0.16388,0.15697,0.15565,0.16355,0.15269,0.15631,0.15204,0.15598,0.15368,0.15500,0.00140,0.00008,0.00107,-0.00288,-0.00353,-54.87672,1250.00000
0.15664,0.15697,0.16125,0.15368,0.15927,0.15697,0.15533,0.16190,0.15894,0.15565,0.00568,0.00337,0.00008,-0.00189,0.00206,-54.87672,1251.00000
0.15533,0.15631,0.16092,0.15500,0.15697,0.15763,0.15401,0.15598,0.15664,0.15631,0.00008,0.00107,-0.00090,-0.00123,0.00337,-55.08972,1252.00000
0.15138,0.16717,0.15894,0.15500,0.16157,0.15763,0.15368,0.15401,0.15829,0.15796,-0.00123,-0.00156,-0.00123,-0.00057,-0.00255,-55.08972,1253.00000
0.15829,0.15730,0.16125,0.15829,0.16125,0.15434,0.15664,0.15993,0.16157,0.15565,-0.00025,0.00041,-0.00123,-0.00156,0.00008,-54.49799,1254.00000
0.15598,0.15927,0.15467,0.16453,0.15894,0.15861,0.15894,0.15664,0.15993,0.15664,-0.00123,0.00239,-0.00156,-0.00156,0.00008,-54.49799,1255.00000
0.15598,0.15533,0.16421,0.15730,0.15960,0.15927,0.15467,0.15500,0.15467,0.16059,-0.00090,-0.00156,-0.00255,-0.00090,0.00337,-54.73435,1256.00000
0.15763,0.15993,0.15763,0.15697,0.15565,0.15894,0.15796,0.15467,0.15861,0.15335,0.00304,-0.00025,-0.00090,0.00140,0.00008,-54.73435,1257.00000
0.15894,0.15335,0.15993,0.16486,0.16190,0.16190,0.15335,0.14941,0.15565,0.14973,0.00008,0.00041,-0.00025,0.00239,-0.00090,-54.40331,1258.00000
0.16026,0.15960,0.16059,0.15796,0.15993,0.15500,0.15796,0.15269,0.15631,0.15664,0.00173,0.00337,-0.00288,0.00337,0.00239,-54.40331,1259.00000
0.15993,0.15894,0.16026,0.15730,0.15269,0.15105,0.15829,0.15861,0.16125,0.15861,-0.00189,0.00239,-0.00123,-0.00025,0.00074,-54.21581,1260.00000
0.15861,0.16717,0.15697,0.16059,0.16289,0.15730,0.15894,0.15565,0.15796,0.15105,0.00272,0.00173,0.00272,0.00107,0.00041,-54.21581,1261.00000
0.15763,0.15927,0.15598,0.15631,0.15598,0.15796,0.15631,0.15763,0.15006,0.15533,0.00272,0.00074,0.00041,0.00074,0.00107,-53.97802,1262.00000
0.15894,0.16256,0.15237,0.15993,0.15960,0.15598,0.15796,0.15434,0.16453,0.15171,0.00272,0.00041,-0.00156,-0.00288,-0.00452,-53.97802,1263.00000
0.15533,0.15960,0.16190,0.15072,0.15697,0.15467,0.15697,0.15861,0.15401,0.15500,-0.00123,-0.00025,0.00272,-0.00090,0.00041,-53.97876,1264.00000
0.16453,0.15993,0.15861,0.16157,0.15927,0.16125,0.15565,0.15763,0.15302,0.15927,0.00403,0.00140,0.00041,-0.00551,-0.00386,-53.97876,1265.00000
0.16618,0.16388,0.15467,0.16125,0.15664,0.15533,0.15796,0.15664,0.15631,0.16125,0.00074,0.00304,0.00140,0.00239,0.00107,-54.31360,1266.00000
0.15631,0.15927,0.16125,0.16092,0.15730,0.16092,0.15664,0.15434,0.15533,0.15434,0.00041,0.00272,0.00337,0.00173,0.00173,-54.31360,1267.00000
0.15598,0.15993,0.15368,0.16026,0.15697,0.15861,0.15467,0.15631,0.15829,0.15894,0.00140,-0.00222,0.00140,-0.00057,0.00272,-55.66998,1268.00000
0.15829,0.15894,0.16059,0.15796,0.16026,0.15598,0.15697,0.15829,0.15302,0.16256,0.00140,-0.00025,0.00107,-0.00222,0.00074,-55.66998,1269.00000
0.15927,0.15697,0.15861,0.15829,0.16223,0.15565,0.15500,0.15368,0.15796,0.15565,-0.00090,0.00107,-0.00057,-0.00090,0.00008,-56.15286,1270.00000
0.16026,0.16026,0.15993,0.16190,0.15796,0.15697,0.15829,0.15861,0.15697,0.15763,-0.00419,-0.00321,-0.00189,-0.00090,-0.00156,-56.15286,1271.00000
0.15730,0.15500,0.16618,0.16190,0.15894,0.15993,0.15565,0.15335,0.15664,0.15467,-0.00222,-0.00156,-0.00123,-0.00222,-0.00386,-55.34450,1272.00000
0.16782,0.15960,0.15763,0.15598,0.15401,0.15467,0.15631,0.15960,0.15467,0.15302,0.00173,-0.00189,-0.00025,-0.00025,-0.00386,-55.34450,1273.00000
0.16125,0.15565,0.16125,0.15796,0.15960,0.15401,0.15631,0.15434,0.15697,0.16026,-0.00321,0.00107,0.00436,-0.00321,-0.00156,-55.20887,1274.00000
0.15697,0.16223,0.15894,0.15960,0.15927,0.15467,0.15401,0.15434,0.15697,0.15598,0.00239,-0.00123,-0.00255,0.00140,0.00436,-55.20887,1275.00000
0.15796,0.15401,0.16651,0.16157,0.15829,0.15829,0.15401,0.15533,0.15697,0.15500,0.00074,-0.00057,0.00074,0.00206,0.00140,-55.06781,1276.00000
0.15861,0.16092,0.16256,0.15105,0.16684,0.15401,0.15598,0.15927,0.15598,0.15796,-0.00255,0.00074,0.00074,-0.00419,-0.00090,-55.06781,1277.00000
0.16355,0.16026,0.16125,0.15763,0.16256,0.16388,0.16059,0.15894,0.15500,0.15861,-0.00419,-0.00255,-0.00025,-0.00222,0.00239,-54.86789,1278.00000
0.15533,0.16289,0.15434,0.15368,0.16289,0.15237,0.15467,0.15894,0.15927,0.15565,-0.00189,0.00140,0.00206,0.00239,-0.00452,-54.86789,1279.00000
0.16486,0.15927,0.16026,0.15763,0.15598,0.16388,0.15500,0.15467,0.15861,0.15565,-0.00025,0.00008,-0.00057,-0.00156,0.00107,-54.68004,1280.00000
0.16289,0.15796,0.15368,0.16059,0.16059,0.15894,0.15335,0.15434,0.15861,0.15302,0.00041,0.00173,0.00206,0.00008,-0.00057,-54.68004,1281.00000
0.16125,0.15927,0.15763,0.16453,0.15927,0.15565,0.15138,0.15730,0.15796,0.15960,0.00206,-0.00123,0.00074,0.00041,0.00140,-55.28191,1282.00000
0.16552,0.16157,0.16157,0.16026,0.16059,0.15500,0.15500,0.15730,0.15105,0.15894,0.00041,-0.00189,-0.00189,0.00239,0.00107,-55.28191,1283.00000
0.15960,0.15796,0.15796,0.15631,0.16421,0.15993,0.16322,0.15565,0.15467,0.15697,-0.00123,-0.00156,0.00008,-0.00123,-0.00222,-54.36459,1284.00000
0.15730,0.16125,0.15237,0.15960,0.15237,0.15664,0.15565,0.15730,0.15697,0.15500,0.00008,-0.00189,-0.00288,-0.00452,0.00107,-54.36459,1285.00000
0.15500,0.16125,0.15894,0.16289,0.15565,0.15993,0.15697,0.16059,0.15730,0.15763,0.00206,-0.00090,-0.00222,-0.00156,-0.00288,-54.02067,1286.00000
0.15894,0.15993,0.16421,0.15533,0.15631,0.15598,0.16125,0.15697,0.15533,0.15664,0.00469,0.00140,-0.00025,0.00041,0.00173,-54.02067,1287.00000
0.16157,0.15796,0.15993,0.16223,0.16421,0.15631,0.15763,0.15565,0.15763,0.16223,0.00239,-0.00090,0.00107,0.00239,0.00239,-53.85116,1288.00000
0.15763,0.15927,0.16026,0.16223,0.16026,0.15565,0.15368,0.15401,0.15730,0.15697,-0.00057,-0.00189,-0.00025,-0.00156,-0.00025,-53.85116,1289.00000
0.16421,0.16026,0.16190,0.15368,0.15861,0.15894,0.15368,0.15171,0.15269,0.15861,-0.00025,-0.00321,0.00008,-0.00386,0.00008,-54.44999,1290.00000
0.16092,0.15796,0.16223,0.15960,0.15960,0.15533,0.15730,0.15861,0.15697,0.15796,0.00173,-0.00189,0.00173,0.00272,-0.00123,-54.44999,1291.00000
0.16355,0.16453,0.15960,0.16651,0.15960,0.15500,0.15631,0.16026,0.15500,0.15565,-0.00288,-0.00025,0.00370,-0.00156,0.00107,-54.80312,1292.00000
0.16519,0.15664,0.15894,0.15993,0.16125,0.15500,0.15368,0.16059,0.15763,0.15368,-0.00025,-0.00255,0.00272,0.00337,0.00041,-54.80312,1293.00000
0.15763,0.16684,0.15598,0.16421,0.16289,0.15697,0.15631,0.15796,0.15533,0.15697,-0.00025,0.00008,-0.00090,-0.00353,0.00206,-54.29853,1294.00000
0.15861,0.16486,0.16388,0.15993,0.16026,0.15730,0.15993,0.15368,0.15927,0.15829,-0.00057,0.00206,-0.00090,0.00239,0.00206,-54.29853,1295.00000
0.15993,0.15927,0.16256,0.16453,0.16453,0.15894,0.15730,0.15796,0.15434,0.15533,-0.00321,-0.00025,-0.00025,-0.00123,-0.00222,-54.77134,1296.00000
0.15829,0.16059,0.16388,0.16618,0.15467,0.15631,0.15533,0.15598,0.15697,0.15927,0.00107,-0.00222,0.00173,-0.00222,-0.00057,-54.77134,1297.00000
0.16453,0.16322,0.15434,0.16684,0.15927,0.15631,0.16026,0.15631,0.15763,0.15894,-0.00156,0.00107,0.00140,-0.00156,0.00008,-54.45842,1298.00000
0.15467,0.16684,0.16026,0.16585,0.15565,0.15565,0.15533,0.15434,0.15927,0.15960,0.00041,0.00272,-0.00156,-0.00123,-0.00057,-54.45842,1299.00000
0.16092,0.15894,0.16421,0.16322,0.15664,0.15434,0.15302,0.15105,0.15664,0.15927,0.00074,0.00107,-0.00090,-0.00353,0.00041,-55.20040,1300.00000
0.15960,0.15927,0.16453,0.15631,0.16059,0.15664,0.15138,0.16125,0.15664,0.15631,0.00074,0.00239,0.00403,-0.00419,-0.00156,-55.20040,1301.00000
0.15796,0.15434,0.15993,0.16322,0.15861,0.15335,0.15697,0.15730,0.15927,0.15730,-0.00025,0.00041,0.00107,0.00304,-0.00090,-56.55040,1302.00000
0.16289,0.16026,0.16355,0.16190,0.15927,0.15631,0.15763,0.15533,0.15565,0.15631,-0.00156,-0.00090,0.00140,0.00041,-0.00156,-56.55040,1303.00000
0.15533,0.16684,0.15829,0.16223,0.15927,0.15927,0.15500,0.15171,0.15138,0.15565,0.00140,0.00140,0.00041,-0.00485,-0.00025,-55.78741,1304.00000
0.15796,0.15894,0.16322,0.16157,0.16388,0.15533,0.15664,0.15829,0.15368,0.15335,-0.00222,0.00239,0.00107,0.00074,-0.00288,-55.78741,1305.00000
0.16322,0.15664,0.16782,0.15598,0.16256,0.15763,0.16421,0.15697,0.15763,0.15335,-0.00025,-0.00156,-0.00090,0.00008,-0.00189,-55.81362,1306.00000
0.15598,0.16421,0.15598,0.16026,0.16256,0.15533,0.15829,0.15598,0.15467,0.16125,0.00272,0.00140,-0.00156,-0.00090,0.00140,-55.81362,1307.00000
0.16256,0.16059,0.16289,0.16125,0.16453,0.15171,0.15533,0.15697,0.15631,0.15763,0.00140,-0.00057,-0.00156,0.00107,0.00074,-55.78035,1308.00000
0.16223,0.16322,0.15664,0.16223,0.16453,0.15763,0.15763,0.15598,0.15763,0.15533,0.00239,0.00173,0.00337,-0.00057,-0.00057,-55.78035,1309.00000
0.16157,0.16125,0.15730,0.16453,0.15500,0.15631,0.15960,0.15960,0.15533,0.15598,-0.00123,0.00008,-0.00123,-0.00057,-0.00288,-55.08256,1310.00000
0.16157,0.16223,0.15894,0.16355,0.16157,0.15861,0.15697,0.15894,0.16026,0.15960,-0.00617,-0.00090,0.00173,0.00041,-0.00189,-55.08256,1311.00000
0.16092,0.15993,0.16453,0.15960,0.15960,0.15829,0.15631,0.15796,0.16190,0.15598,-0.00156,-0.00189,0.00173,0.00173,0.00107,-55.00954,1312.00000
0.15829,0.15697,0.15763,0.16421,0.16125,0.15533,0.15631,0.15401,0.15861,0.16092,0.00304,-0.00452,-0.00090,0.00140,0.00107,-55.00954,1313.00000
0.15894,0.15664,0.15993,0.16026,0.15861,0.15598,0.16125,0.15368,0.15927,0.15598,0.00074,-0.00090,-0.00090,-0.00090,0.00469,-54.20887,1314.00000
0.16552,0.15598,0.16355,0.16486,0.16157,0.15335,0.15763,0.15960,0.16026,0.15237,-0.00057,0.00304,0.00370,-0.00090,0.00206,-54.20887,1315.00000
0.15927,0.16322,0.15960,0.16223,0.16585,0.15467,0.15796,0.16059,0.15993,0.15335,-0.00189,-0.00025,-0.00025,-0.00222,-0.00057,-53.69623,1316.00000
0.16453,0.16453,0.16717,0.15796,0.16125,0.15467,0.15960,0.15763,0.16026,0.15894,-0.00025,0.00074,0.00272,-0.00025,-0.00156,-53.69623,1317.00000
0.15500,0.15927,0.16947,0.16289,0.16059,0.15302,0.15894,0.15237,0.15697,0.15335,-0.00123,-0.00288,0.00074,-0.00123,-0.00057,-53.36667,1318.00000
0.16289,0.16355,0.15796,0.16289,0.16519,0.15993,0.15598,0.15829,0.15434,0.15204,-0.00057,0.00041,0.00173,-0.00057,-0.00156,-53.36667,1319.00000
0.16355,0.16125,0.15829,0.16092,0.15467,0.15368,0.15565,0.15664,0.15269,0.15500,-0.00025,0.00107,0.00008,0.00173,0.00140,-53.18724,1320.00000
0.15697,0.16190,0.16453,0.16355,0.15598,0.15763,0.15861,0.15993,0.15171,0.15105,-0.00288,-0.00156,0.00173,-0.00288,0.00107,-53.18724,1321.00000
0.16585,0.16388,0.15500,0.16092,0.16552,0.15697,0.15335,0.15434,0.15697,0.15138,-0.00057,0.00140,0.00041,0.00107,-0.00255,-51.14684,1322.00000
0.16388,0.16125,0.16421,0.16453,0.15565,0.15598,0.15861,0.15302,0.15565,0.15368,0.00041,-0.00419,-0.00419,0.00206,0.00206,-51.14684,1323.00000
0.15993,0.15861,0.16355,0.15467,0.16684,0.15467,0.15598,0.15664,0.15434,0.15467,-0.00057,-0.00353,-0.00123,0.00107,-0.00452,-49.57733,1324.00000
0.16256,0.15565,0.16651,0.15927,0.15960,0.15796,0.15993,0.15927,0.15368,0.15302,-0.00123,-0.00189,-0.00288,-0.00386,-0.00025,-49.57733,1325.00000
0.16717,0.16059,0.15533,0.16848,0.16585,0.15730,0.15598,0.15631,0.16026,0.15269,-0.00057,0.00140,0.00140,-0.00156,-0.00025,-52.21054,1326.00000
0.15927,0.16125,0.16519,0.16223,0.15796,0.15434,0.15302,0.15697,0.15598,0.15072,-0.00189,0.00041,-0.00255,-0.00057,-0.00025,-52.21054,1327.00000
0.16421,0.15533,0.15993,0.16092,0.15927,0.15664,0.15500,0.15335,0.15829,0.15631,0.00107,-0.00025,0.00074,0.00140,0.00008,-53.37089,1328.00000
0.15763,0.15533,0.15368,0.15960,0.15993,0.15730,0.15763,0.15500,0.15335,0.15500,0.00239,0.00337,-0.00386,-0.00025,-0.00057,-53.37089,1329.00000
0.15796,0.15927,0.16618,0.16059,0.15664,0.15796,0.15368,0.15401,0.15006,0.15697,-0.00222,-0.00123,-0.00321,0.00008,0.00041,-54.61513,1330.00000
0.16585,0.16388,0.15631,0.16289,0.15960,0.15105,0.15598,0.15565,0.16190,0.16026,0.00206,-0.00090,-0.00419,-0.00123,0.00074,-54.61513,1331.00000
0.16190,0.15697,0.16059,0.16059,0.15697,0.15565,0.15598,0.15730,0.15631,0.15664,0.00041,0.00074,0.00304,-0.00255,-0.00123,-54.55854,1332.00000
0.15894,0.16486,0.15763,0.16453,0.16026,0.15533,0.15335,0.15598,0.15664,0.15697,-0.00518,-0.00156,0.00272,0.00436,-0.00025,-54.55854,1333.00000
0.15861,0.15993,0.16026,0.16190,0.16059,0.15467,0.15631,0.15565,0.15171,0.15302,0.00370,-0.00189,-0.00156,0.00173,0.00403,-54.63767,1334.00000
0.16026,0.16980,0.15565,0.16092,0.16289,0.15565,0.15565,0.15697,0.15664,0.15335,-0.00321,0.00173,-0.00057,0.00107,0.00074,-54.63767,1335.00000
0.16355,0.16256,0.16125,0.15533,0.15565,0.15368,0.15565,0.15960,0.15993,0.15664,-0.00025,-0.00090,-0.00090,0.00173,-0.00090,-55.23876,1336.00000
0.17144,0.15960,0.16651,0.16059,0.16651,0.15335,0.15368,0.15335,0.15467,0.15796,-0.00025,0.00140,-0.00090,-0.00321,0.00173,-55.23876,1337.00000
0.16749,0.15796,0.15894,0.16717,0.15171,0.15171,0.15237,0.15434,0.15664,0.15533,0.00041,0.00008,-0.00189,-0.00025,0.00436,-54.84838,1338.00000
0.15861,0.16256,0.16421,0.16190,0.16157,0.14842,0.15598,0.15105,0.15533,0.15697,-0.00025,-0.00123,-0.00090,0.00008,0.00074,-54.84838,1339.00000
0.16322,0.16421,0.15269,0.16289,0.15861,0.15171,0.15368,0.15467,0.15368,0.15861,-0.00156,-0.00090,-0.00123,-0.00288,0.00239,-54.33093,1340.00000
0.15993,0.16717,0.15565,0.16256,0.16125,0.15993,0.15763,0.15829,0.15763,0.15368,-0.00090,-0.00222,0.00041,0.00206,-0.00123,-54.33093,1341.00000
0.15730,0.16026,0.16355,0.16585,0.16092,0.15269,0.15796,0.15434,0.15434,0.15993,-0.00090,0.00272,-0.00057,0.00041,0.00304,-54.81683,1342.00000
0.16190,0.15829,0.16289,0.15598,0.16421,0.15631,0.15697,0.15664,0.15500,0.15598,-0.00123,0.00041,0.00074,-0.00255,-0.00090,-54.81683,1343.00000
0.16125,0.16190,0.15960,0.16157,0.16519,0.15861,0.15302,0.15598,0.15763,0.16453,0.00173,0.00140,0.00041,0.00140,0.00107,-54.36398,1344.00000
0.15796,0.15796,0.16585,0.16223,0.16092,0.15927,0.15565,0.15565,0.15467,0.15105,-0.00057,-0.00057,-0.00090,-0.00123,-0.00025,-54.36398,1345.00000
0.15861,0.15697,0.16092,0.16355,0.16355,0.15138,0.15434,0.15631,0.15401,0.16223,0.00107,-0.00255,-0.00057,0.00008,0.00008,-54.82848,1346.00000
0.16322,0.15697,0.16388,0.16125,0.16289,0.15664,0.15335,0.15467,0.15960,0.15434,0.00008,-0.00321,-0.00419,0.00140,-0.00090,-54.82848,1347.00000
0.17144,0.15500,0.16421,0.15631,0.16618,0.15434,0.15434,0.15664,0.16453,0.15565,-0.00189,0.00041,0.00272,-0.00222,-0.00123,-54.56512,1348.00000
0.16355,0.16552,0.15993,0.15927,0.16256,0.15861,0.15401,0.15631,0.15730,0.15763,-0.00025,0.00140,-0.00057,0.00041,0.00074,-54.56512,1349.00000
0.15993,0.15631,0.16059,0.15763,0.16223,0.15993,0.15565,0.15500,0.15138,0.16125,-0.00255,-0.00353,0.00041,0.00272,-0.00156,-54.88998,1350.00000
0.16256,0.16289,0.16092,0.15467,0.16059,0.15763,0.15664,0.15631,0.15368,0.15500,0.00337,-0.00156,0.00436,-0.00123,0.00239,-54.88998,1351.00000
0.15796,0.15960,0.16026,0.16190,0.16486,0.15697,0.15730,0.15927,0.15861,0.15368,0.00173,0.00140,-0.00123,0.00206,-0.00090,-54.95964,1352.00000
0.16026,0.16157,0.15565,0.16092,0.15927,0.15664,0.15664,0.15763,0.15565,0.15697,-0.00123,0.00272,-0.00419,0.00041,-0.00025,-54.95964,1353.00000
0.16125,0.16585,0.15697,0.16914,0.16486,0.15598,0.15697,0.15664,0.14973,0.15533,-0.00057,-0.00123,0.00008,-0.00090,-0.00090,-54.69417,1354.00000
0.16157,0.16125,0.15993,0.15697,0.16125,0.16059,0.16026,0.15730,0.15302,0.15565,-0.00419,0.00041,-0.00386,0.00074,0.00008,-54.69417,1355.00000
0.16223,0.15960,0.16519,0.15796,0.15598,0.15796,0.15763,0.15631,0.15533,0.15796,-0.00189,0.00041,0.00173,0.00140,0.00173,-54.90568,1356.00000
0.15894,0.16519,0.16125,0.15598,0.16289,0.15598,0.15138,0.15664,0.15697,0.14908,-0.00419,0.00008,-0.00321,0.00206,-0.00025,-54.90568,1357.00000
0.16388,0.16092,0.16157,0.16749,0.16157,0.15533,0.15960,0.15861,0.15500,0.15664,-0.00189,0.00041,-0.00123,0.00008,-0.00321,-55.37765,1358.00000
0.16519,0.16190,0.16289,0.16190,0.16486,0.15697,0.15302,0.15335,0.15598,0.15763,0.00140,-0.00288,-0.00156,-0.00057,0.00239,-55.37765,1359.00000
0.16223,0.16322,0.16092,0.15927,0.16453,0.15335,0.15763,0.15697,0.15565,0.15368,0.00074,-0.00814,-0.00025,-0.00321,-0.00222,-56.12388,1360.00000
0.16157,0.16125,0.15861,0.16157,0.16125,0.15467,0.15204,0.15796,0.15664,0.15730,0.00107,-0.00156,0.00337,-0.00025,-0.00353,-56.12388,1361.00000
0.16026,0.15631,0.15993,0.15894,0.15763,0.15434,0.15631,0.16092,0.15401,0.15894,0.00140,-0.00025,-0.00156,-0.00025,0.00206,-55.17132,1362.00000
0.16256,0.15664,0.16848,0.16125,0.15401,0.15302,0.16026,0.15565,0.15730,0.15697,0.00140,0.00074,-0.00090,-0.00057,-0.00025,-55.17132,1363.00000
0.16125,0.16519,0.16125,0.16026,0.15500,0.15467,0.15401,0.15763,0.15500,0.15697,0.00041,0.00304,-0.00189,-0.00288,-0.00057,-56.01339,1364.00000
0.15960,0.15467,0.16125,0.15763,0.15960,0.15237,0.15861,0.15171,0.15533,0.15730,0.00173,0.00074,-0.00156,0.00173,0.00140,-56.01339,1365.00000
0.15598,0.16223,0.16453,0.16026,0.15927,0.15269,0.15500,0.15598,0.15500,0.15829,0.00140,-0.00025,0.00008,-0.00090,-0.00189,-56.35386,1366.00000
0.16388,0.15829,0.16059,0.15697,0.15500,0.15237,0.15500,0.15368,0.15861,0.15664,-0.00090,-0.00255,-0.00288,0.00206,0.00107,-56.35386,1367.00000
0.15829,0.15763,0.15697,0.16092,0.15927,0.15467,0.15533,0.15500,0.15401,0.15894,0.00469,0.00074,-0.00222,-0.00682,-0.00222,-56.05535,1368.00000
0.15829,0.16190,0.15894,0.16618,0.15368,0.15796,0.15335,0.15664,0.15467,0.15533,-0.00156,0.00107,-0.00288,-0.00353,-0.00123,-56.05535,1369.00000
0.15927,0.16190,0.16190,0.16190,0.16289,0.15565,0.15500,0.15302,0.15730,0.15565,0.00041,0.00107,0.00008,0.00173,-0.00123,-55.53012,1370.00000
0.16059,0.15730,0.16092,0.15861,0.15894,0.15368,0.16256,0.15894,0.15171,0.15368,0.00074,0.00041,-0.00255,-0.00057,-0.00025,-55.53012,1371.00000
0.16026,0.16026,0.15861,0.16388,0.16421,0.15368,0.15500,0.15467,0.15894,0.15960,-0.00452,-0.00156,0.00008,-0.00189,0.00008,-55.22355,1372.00000
0.16552,0.15927,0.16453,0.16717,0.15598,0.15401,0.15269,0.15302,0.15368,0.15631,-0.00353,-0.00057,-0.00025,0.00041,0.00041,-55.22355,1373.00000
0.15960,0.16519,0.16125,0.16289,0.16092,0.15829,0.15730,0.15697,0.16026,0.15006,-0.00123,-0.00321,-0.00057,-0.00156,-0.00025,-54.88717,1374.00000
0.15598,0.16157,0.15763,0.16026,0.16322,0.15039,0.15467,0.15796,0.15171,0.15598,0.00107,-0.00419,-0.00353,-0.00057,0.00272,-54.88717,1375.00000
0.15960,0.16092,0.16157,0.15631,0.15730,0.15598,0.15368,0.15368,0.15763,0.15993,-0.00057,0.00074,-0.00123,0.00206,0.00140,-55.61741,1376.00000
0.16388,0.15861,0.15829,0.16026,0.16190,0.15730,0.15598,0.15894,0.15368,0.15730,-0.00321,-0.00222,0.00041,0.00173,-0.00090,-55.61741,1377.00000
0.15796,0.15861,0.16388,0.15631,0.16289,0.15763,0.15730,0.15401,0.15565,0.15598,0.00041,-0.00584,0.00107,-0.00156,0.00008,-55.08166,1378.00000
0.16289,0.16157,0.15664,0.15533,0.16519,0.15894,0.15269,0.15598,0.15434,0.15697,0.00140,-0.00025,-0.00025,-0.00057,0.00140,-55.08166,1379.00000
0.16157,0.16026,0.16125,0.16552,0.16486,0.15631,0.15993,0.15105,0.15368,0.16125,0.00272,-0.00025,-0.00617,0.00206,-0.00123,-54.82598,1380.00000
0.15796,0.16190,0.16026,0.16125,0.15861,0.15927,0.15237,0.15039,0.15039,0.15500,0.00008,-0.00156,0.00337,-0.00255,-0.00025,-54.82598,1381.00000
0.16190,0.16059,0.16651,0.15664,0.16289,0.15138,0.15368,0.15565,0.15401,0.15631,-0.00025,-0.00057,-0.00189,0.00041,0.00041,-54.88370,1382.00000
0.16453,0.15960,0.16125,0.16223,0.15598,0.15598,0.15335,0.15401,0.15072,0.15730,-0.00288,0.00041,-0.00156,0.00041,0.00008,-54.88370,1383.00000
0.16059,0.15993,0.16519,0.15861,0.16157,0.15697,0.15631,0.15565,0.15533,0.15335,-0.00485,-0.00353,0.00107,0.00074,0.00206,-54.54634,1384.00000
0.16684,0.16157,0.16289,0.16190,0.16026,0.15434,0.15598,0.15730,0.15467,0.15565,0.00107,-0.00353,0.00008,0.00206,-0.00090,-54.54634,1385.00000
0.15763,0.15960,0.16190,0.16717,0.16190,0.15598,0.15105,0.15598,0.15763,0.15796,0.00008,0.00074,-0.00485,-0.00025,-0.00090,-54.53879,1386.00000
0.16717,0.15894,0.16453,0.15631,0.16453,0.15500,0.15467,0.15796,0.15269,0.15434,0.00008,-0.00123,0.00206,0.00041,-0.00090,-54.53879,1387.00000
0.16256,0.15894,0.16059,0.15664,0.16421,0.15598,0.15796,0.15467,0.15861,0.15829,0.00074,0.00206,-0.00321,0.00008,0.00041,-54.41783,1388.00000
0.16026,0.16157,0.15631,0.16749,0.15598,0.15565,0.15237,0.15763,0.15993,0.15500,-0.00057,0.00436,-0.00025,-0.00090,-0.00222,-54.41783,1389.00000
0.16486,0.16552,0.16059,0.16519,0.16256,0.15204,0.15533,0.15269,0.15269,0.15894,0.00041,-0.00353,-0.00255,0.00074,-0.00090,-55.76116,1390.00000
0.15960,0.16552,0.15960,0.16421,0.16157,0.15533,0.15204,0.15467,0.15993,0.15335,0.00041,-0.00025,0.00272,-0.00156,-0.00057,-55.76116,1391.00000
0.15861,0.15631,0.16157,0.15993,0.15763,0.15598,0.15894,0.15434,0.15763,0.15763,-0.00222,-0.00189,-0.00288,-0.00255,0.00074,-55.99582,1392.00000
0.16190,0.16026,0.16223,0.16684,0.16125,0.15500,0.15763,0.15796,0.15335,0.15368,0.00074,0.00074,-0.00353,-0.00090,-0.00288,-55.99582,1393.00000
0.15105,0.16947,0.15829,0.16322,0.16552,0.15401,0.15829,0.15500,0.15237,0.15368,0.00107,0.00140,-0.00222,-0.00255,-0.00156,-55.76158,1394.00000
0.16289,0.15763,0.16157,0.16618,0.16717,0.15533,0.15829,0.15204,0.15500,0.15434,0.00074,-0.00222,-0.00123,-0.00090,-0.00123,-55.76158,1395.00000
0.16355,0.15829,0.16190,0.16223,0.16388,0.14842,0.15368,0.15500,0.15993,0.15500,-0.00090,-0.00025,-0.00156,-0.00090,-0.00156,-56.70403,1396.00000
0.16190,0.16486,0.16092,0.15730,0.15927,0.15894,0.15631,0.15664,0.15204,0.15565,-0.00057,0.00107,0.00074,0.00239,0.00008,-56.70403,1397.00000
0.16322,0.16585,0.15763,0.16585,0.15993,0.15335,0.15368,0.15533,0.15664,0.15204,-0.00057,0.00304,-0.00386,0.00206,-0.00189,-55.93258,1398.00000
0.16388,0.15894,0.16289,0.15434,0.16125,0.15664,0.15434,0.15401,0.15368,0.16125,-0.00025,-0.00090,0.00239,0.00074,-0.00156,-55.93258,1399.00000
0.16256,0.15960,0.15302,0.16519,0.15960,0.15763,0.15598,0.15664,0.15664,0.15697,0.00173,-0.00255,0.00041,0.00140,-0.00156,-55.52000,1400.00000
0.16519,0.15960,0.16486,0.15697,0.15467,0.15434,0.15730,0.15927,0.15401,0.15598,0.00239,0.00008,0.00173,-0.00321,-0.00189,-55.52000,1401.00000
0.15730,0.16684,0.16519,0.15763,0.16914,0.15730,0.15829,0.15730,0.15533,0.15565,-0.00156,-0.00156,0.00272,-0.00255,0.00304,-54.76440,1402.00000
0.16421,0.16092,0.16453,0.15993,0.16289,0.15796,0.15335,0.15730,0.15598,0.15500,0.00304,-0.00090,0.00074,0.00074,0.00272,-54.76440,1403.00000
0.16190,0.16519,0.15664,0.15861,0.16223,0.15204,0.15401,0.15302,0.15598,0.15927,0.00140,0.00173,-0.00222,0.00008,0.00107,-55.04821,1404.00000
0.15664,0.16190,0.15763,0.15861,0.16092,0.15368,0.15105,0.15697,0.15861,0.15631,0.00107,-0.00321,-0.00123,0.00436,-0.00156,-55.04821,1405.00000
0.16585,0.16322,0.16355,0.15861,0.15960,0.15302,0.15927,0.15664,0.15664,0.15401,0.00074,-0.00057,-0.00025,-0.00255,-0.00025,-54.31610,1406.00000
0.15829,0.16684,0.15631,0.15894,0.16519,0.15204,0.15631,0.15237,0.15434,0.15894,-0.00288,-0.00090,0.00041,-0.00090,0.00041,-54.31610,1407.00000
0.16651,0.15861,0.16651,0.15927,0.16092,0.15434,0.15796,0.15302,0.15861,0.15467,-0.00353,-0.00025,0.00074,0.00206,0.00041,-53.21274,1408.00000
0.15894,0.16223,0.16289,0.15664,0.16749,0.15401,0.15138,0.15631,0.15335,0.15565,-0.00485,-0.00321,-0.00189,-0.00090,0.00272,-53.21274,1409.00000
0.15631,0.15927,0.16355,0.16289,0.16026,0.15368,0.15072,0.15467,0.15204,0.15631,-0.00123,-0.00090,-0.00321,0.00107,0.00008,-51.16203,1410.00000
0.16059,0.15829,0.16618,0.15829,0.15993,0.15993,0.15171,0.15039,0.15598,0.15565,0.00140,0.00337,-0.00255,0.00272,-0.00090,-51.16203,1411.00000
0.16059,0.16388,0.15894,0.16355,0.16453,0.15960,0.16190,0.15467,0.15467,0.15697,-0.00156,0.00140,-0.00452,-0.00090,0.00107,-49.72164,1412.00000
0.16026,0.16355,0.16289,0.16684,0.15927,0.15927,0.15697,0.15533,0.15598,0.15763,0.00206,-0.00386,-0.00156,-0.00123,-0.00156,-49.72164,1413.00000
0.16552,0.16355,0.15927,0.16388,0.16486,0.15664,0.15763,0.15565,0.15894,0.15533,0.00008,0.00107,-0.00321,-0.00057,0.00140,-51.41600,1414.00000
0.16190,0.16322,0.16453,0.15861,0.16749,0.15204,0.15861,0.15401,0.15598,0.15500,0.00008,-0.00123,-0.00288,0.00107,-0.00090,-51.41600,1415.00000
0.16092,0.16881,0.15697,0.16421,0.16092,0.15631,0.15631,0.15500,0.15796,0.15434,0.00041,-0.00189,0.00272,-0.00189,-0.00189,-53.12987,1416.00000
0.16125,0.16289,0.16552,0.16453,0.15927,0.15269,0.15467,0.15500,0.15664,0.15171,-0.00156,-0.00156,0.00272,0.00140,0.00008,-53.12987,1417.00000
0.15697,0.16289,0.16552,0.16223,0.16289,0.15533,0.15204,0.15434,0.15631,0.15467,-0.00222,-0.00189,-0.00288,0.00074,-0.00025,-55.38574,1418.00000
0.16881,0.15894,0.16552,0.16157,0.16322,0.16026,0.15368,0.15730,0.15631,0.15171,0.00074,-0.00025,-0.00321,-0.00025,-0.00057,-55.38574,1419.00000
0.16190,0.16355,0.15631,0.16092,0.16388,0.15598,0.16026,0.15434,0.16059,0.15401,0.00140,-0.00419,0.00074,-0.00057,0.00008,-55.35888,1420.00000
0.15927,0.16190,0.16289,0.16157,0.16421,0.15763,0.15368,0.15434,0.15401,0.15664,-0.00189,0.00239,-0.00156,0.00107,0.00074,-55.35888,1421.00000
0.16157,0.16486,0.15960,0.15960,0.16157,0.15434,0.15500,0.15631,0.15697,0.15664,-0.00288,0.00140,0.00107,0.00173,-0.00123,-54.77173,1422.00000
0.16618,0.15467,0.16322,0.16486,0.15829,0.15697,0.15664,0.15796,0.15894,0.15598,0.00008,-0.00025,-0.00255,-0.00090,0.00272,-54.77173,1423.00000
0.16190,0.16322,0.17013,0.15927,0.15960,0.16026,0.15697,0.15664,0.15730,0.15763,-0.00518,0.00140,0.00272,-0.00386,0.00239,-55.64270,1424.00000
0.16618,0.16289,0.15993,0.16519,0.16289,0.15302,0.15368,0.15993,0.15401,0.15796,-0.00123,0.00140,-0.00222,-0.00222,0.00041,-55.64270,1425.00000
0.16749,0.16092,0.16289,0.16322,0.16322,0.15401,0.15829,0.15763,0.15730,0.15861,-0.00255,-0.00189,0.00008,0.00008,0.00140,-56.33209,1426.00000
0.16585,0.16059,0.16651,0.16421,0.16717,0.15697,0.15927,0.15401,0.16125,0.15927,0.00041,-0.00090,-0.00255,-0.00123,-0.00025,-56.33209,1427.00000
0.16190,0.16585,0.16092,0.16322,0.16092,0.15500,0.15796,0.15664,0.15434,0.15664,-0.00189,-0.00452,0.00370,0.00107,0.00107,-56.02982,1428.00000
0.16125,0.16322,0.16815,0.15434,0.16651,0.15730,0.15697,0.15829,0.15533,0.15565,0.00403,-0.00123,0.00074,-0.00025,0.00041,-56.02982,1429.00000
0.15960,0.16322,0.15960,0.16256,0.16453,0.15434,0.15927,0.15664,0.15927,0.15730,-0.00123,-0.00156,0.00008,-0.00057,-0.00123,-55.59792,1430.00000
0.16717,0.16815,0.16092,0.16256,0.16322,0.15335,0.15335,0.15335,0.15829,0.15631,0.00140,0.00337,0.00008,0.00041,0.00140,-55.59792,1431.00000
0.15796,0.16651,0.16486,0.16289,0.16388,0.15697,0.15730,0.15368,0.16256,0.15598,0.00041,0.00173,0.00272,0.00107,0.00041,-55.28675,1432.00000
0.16289,0.16289,0.16026,0.16453,0.15993,0.15960,0.15697,0.16059,0.15467,0.16289,-0.00057,-0.00025,-0.00057,0.00304,-0.00255,-55.28675,1433.00000
0.16322,0.16914,0.16125,0.16322,0.16157,0.15467,0.15565,0.15631,0.16289,0.15631,-0.00386,-0.00090,0.00074,-0.00025,-0.00123,-54.86750,1434.00000
0.16289,0.16059,0.15796,0.16190,0.16388,0.15796,0.15467,0.15796,0.16125,0.15697,-0.00255,-0.00090,-0.00255,-0.00189,0.00008,-54.86750,1435.00000
0.16453,0.16125,0.15861,0.16223,0.16190,0.15533,0.15565,0.15467,0.15664,0.15664,-0.00123,0.00107,-0.00057,0.00173,0.00074,-54.17447,1436.00000
0.16322,0.16421,0.16519,0.16190,0.16059,0.15796,0.15434,0.15631,0.15269,0.15697,0.00041,-0.00025,0.00074,0.00074,-0.00715,-54.17447,1437.00000
0.16223,0.16684,0.16815,0.15927,0.16552,0.15302,0.15039,0.15960,0.15138,0.15302,-0.00123,-0.00288,0.00370,-0.00057,0.00140,-54.48470,1438.00000
0.16157,0.16190,0.16125,0.16980,0.16881,0.15697,0.15829,0.15434,0.15467,0.15730,-0.00057,0.00041,0.00008,0.00239,-0.00025,-54.48470,1439.00000
0.16749,0.16651,0.16223,0.16092,0.16322,0.15829,0.15763,0.16519,0.15335,0.15138,-0.00025,0.00140,-0.00551,0.00239,0.00337,-54.68864,1440.00000
0.16388,0.16388,0.16618,0.16486,0.16486,0.15565,0.15829,0.15467,0.15697,0.15861,0.00041,-0.00156,-0.00025,-0.00057,0.00074,-54.68864,1441.00000
0.16388,0.16256,0.16026,0.16355,0.16223,0.15533,0.15730,0.15631,0.15533,0.15763,-0.00222,-0.00090,-0.00222,0.00304,-0.00090,-54.65633,1442.00000
0.15960,0.16256,0.16453,0.15829,0.16355,0.15927,0.15565,0.15565,0.15204,0.15533,0.00041,0.00436,0.00041,0.00074,0.00008,-54.65633,1443.00000
0.15960,0.15796,0.16157,0.16388,0.15894,0.15533,0.15533,0.15829,0.15565,0.15434,0.00173,0.00041,0.00008,0.00041,0.00041,-54.61332,1444.00000
0.15697,0.15894,0.16486,0.15763,0.16388,0.15401,0.15730,0.15434,0.15763,0.15335,-0.00090,0.00206,0.00041,-0.00025,0.00272,-54.61332,1445.00000
0.16980,0.15829,0.16453,0.16157,0.16026,0.15335,0.15171,0.15368,0.15072,0.15171,0.00304,-0.00156,-0.00189,-0.00057,0.00041,-54.38430,1446.00000
0.15730,0.15993,0.16453,0.15927,0.15763,0.15401,0.15335,0.15533,0.15467,0.15434,-0.00386,-0.00025,-0.00255,-0.00025,-0.00419,-54.38430,1447.00000
0.16782,0.16453,0.16157,0.16289,0.16256,0.15598,0.15730,0.15565,0.15697,0.15204,0.00140,0.00107,0.00074,-0.00090,-0.00321,-54.92164,1448.00000
0.16059,0.16289,0.16355,0.15861,0.16717,0.15829,0.15697,0.15204,0.15565,0.15335,-0.00057,0.00304,-0.00255,-0.00057,-0.00123,-54.92164,1449.00000
0.15598,0.16486,0.15861,0.16256,0.16190,0.15993,0.15204,0.15730,0.15730,0.15730,-0.00123,0.00041,0.00304,0.00008,0.00008,-55.37586,1450.00000
0.15927,0.15894,0.15829,0.16157,0.15730,0.15598,0.15796,0.15401,0.15631,0.15927,-0.00321,-0.00222,0.00304,-0.00090,-0.00090,-55.37586,1451.00000
0.16289,0.15467,0.16453,0.15993,0.16815,0.15434,0.15434,0.15796,0.15302,0.15467,-0.00222,-0.00025,0.00074,0.00206,-0.00025,-55.68354,1452.00000
0.16388,0.16256,0.16223,0.17342,0.16585,0.15664,0.15861,0.15664,0.15664,0.15861,-0.00321,-0.00321,-0.00255,0.00041,-0.00123,-55.68354,1453.00000
0.16519,0.16519,0.16289,0.16388,0.16059,0.15894,0.15960,0.15631,0.15368,0.15467,-0.00189,0.00272,-0.00255,-0.00123,-0.00025,-55.23923,1454.00000
0.16256,0.16190,0.15533,0.16717,0.15269,0.16059,0.15861,0.15829,0.15401,0.15697,-0.00057,-0.00057,-0.00025,0.00173,-0.00386,-55.23923,1455.00000
0.16223,0.15763,0.15598,0.16322,0.15401,0.15237,0.15237,0.15730,0.15302,0.15302,-0.00452,0.00239,0.00008,-0.00090,0.00041,-55.13426,1456.00000
0.16355,0.16651,0.15829,0.16651,0.16059,0.15631,0.15565,0.15565,0.15269,0.16026,-0.00288,-0.00025,-0.00025,0.00041,-0.00353,-55.13426,1457.00000
0.16256,0.16486,0.16092,0.16092,0.16782,0.15500,0.15894,0.15565,0.15697,0.15434,-0.00485,-0.00057,0.00140,0.00206,0.00337,-55.45043,1458.00000
0.16190,0.15730,0.16289,0.15927,0.16256,0.15368,0.15861,0.15894,0.15730,0.15302,-0.00156,-0.00057,0.00041,-0.00156,-0.00353,-55.45043,1459.00000
0.16059,0.15993,0.16453,0.16059,0.16190,0.15368,0.15697,0.15730,0.15105,0.15401,-0.00386,0.00008,0.00107,-0.00025,-0.00123,-55.53527,1460.00000
0.16684,0.16157,0.16223,0.15993,0.15927,0.15368,0.15664,0.15796,0.15434,0.15467,-0.00057,-0.00649,-0.00321,-0.00419,-0.00123,-55.53527,1461.00000
0.15631,0.16585,0.16256,0.16355,0.16552,0.15664,0.14973,0.15237,0.15039,0.15434,-0.00156,-0.00057,0.00140,0.00140,-0.00189,-56.18072,1462.00000
0.16749,0.16125,0.15697,0.16256,0.16223,0.15269,0.15697,0.15927,0.15335,0.15598,-0.00255,-0.00386,0.00304,-0.00222,-0.00090,-56.18072,1463.00000
0.16059,0.16355,0.16355,0.15763,0.16289,0.15861,0.15664,0.15204,0.15631,0.15763,-0.00189,-0.00057,-0.00090,-0.00057,0.00107,-56.55472,1464.00000
0.15861,0.15796,0.16223,0.16256,0.16125,0.15993,0.15401,0.15730,0.15368,0.15039,-0.00189,-0.00057,0.00041,-0.00156,-0.00222,-56.55472,1465.00000
0.15960,0.15894,0.16125,0.16190,0.16421,0.15598,0.15861,0.15565,0.15664,0.15204,-0.00255,-0.00025,0.00074,0.00206,-0.00123,-55.64064,1466.00000
0.15861,0.16585,0.16618,0.16388,0.16092,0.15598,0.15730,0.15401,0.15335,0.15796,0.00074,0.00008,0.00140,-0.00090,0.00337,-55.64064,1467.00000
0.16618,0.15894,0.16453,0.16322,0.15730,0.15664,0.15500,0.15204,0.15697,0.15237,-0.00518,0.00041,-0.00057,-0.00123,0.00337,-55.10059,1468.00000
0.16355,0.16157,0.16618,0.15500,0.16486,0.15467,0.15467,0.15565,0.15763,0.15894,-0.00057,0.00107,0.00206,0.00107,-0.00189,-55.10059,1469.00000
0.16322,0.16388,0.16519,0.16421,0.15960,0.15730,0.15730,0.15368,0.15467,0.15171,-0.00255,-0.00025,-0.00386,0.00107,0.00107,-55.27735,1470.00000
0.16190,0.15763,0.15993,0.15960,0.16190,0.15664,0.15467,0.15664,0.15368,0.15171,0.00337,0.00140,-0.00189,-0.00090,-0.00123,-55.27735,1471.00000
0.16157,0.16256,0.15960,0.16256,0.16388,0.15171,0.15796,0.16059,0.15368,0.14973,-0.00189,-0.00255,-0.00090,0.00074,0.00008,-54.29395,1472.00000
0.16223,0.15796,0.16157,0.16289,0.16223,0.15138,0.15730,0.15960,0.15796,0.15796,-0.00090,-0.00025,-0.00288,-0.00255,0.00041,-54.29395,1473.00000
0.16388,0.15763,0.16552,0.16519,0.16125,0.15960,0.15467,0.15565,0.15434,0.15302,0.00107,0.00403,0.00041,-0.00452,0.00107,-53.89502,1474.00000
0.15960,0.16092,0.16256,0.15894,0.15730,0.15237,0.15664,0.15237,0.15171,0.15302,0.00008,0.00140,0.00041,0.00107,0.00140,-53.89502,1475.00000
0.16717,0.16519,0.16157,0.16157,0.16125,0.15829,0.15533,0.15763,0.15565,0.15533,0.00074,0.00008,0.00140,-0.00123,-0.00156,-54.32544,1476.00000
0.16322,0.16289,0.15664,0.16421,0.15763,0.15598,0.16059,0.16026,0.15697,0.15763,-0.00452,-0.00123,0.00140,0.00008,0.00239,-54.32544,1477.00000
0.16782,0.16223,0.15565,0.16519,0.16355,0.15631,0.15730,0.15565,0.15204,0.15631,-0.00255,-0.00025,-0.00222,-0.00255,-0.00025,-54.61389,1478.00000
0.15861,0.15993,0.15763,0.15796,0.16552,0.15697,0.15631,0.15861,0.15171,0.15697,-0.00156,-0.00025,0.00008,-0.00321,0.00074,-54.61389,1479.00000
0.16125,0.16256,0.16486,0.16125,0.16322,0.15500,0.15434,0.15105,0.15598,0.15598,-0.00353,-0.00025,0.00107,-0.00288,0.00074,-53.87921,1480.00000
0.16256,0.16486,0.16026,0.15829,0.16026,0.15598,0.15434,0.15796,0.15467,0.15467,0.00206,-0.00189,0.00173,0.00074,-0.00255,-53.87921,1481.00000
0.16125,0.15763,0.15993,0.16157,0.16190,0.15533,0.15138,0.15467,0.15269,0.15763,-0.00057,-0.00156,0.00304,0.00140,0.00304,-54.78140,1482.00000
0.15730,0.16190,0.16256,0.16388,0.16453,0.15697,0.15796,0.15894,0.15664,0.15533,-0.00025,0.00173,0.00239,0.00140,-0.00090,-54.78140,1483.00000
0.16190,0.15927,0.15829,0.15894,0.16026,0.15434,0.15533,0.15237,0.15763,0.15861,-0.00222,0.00107,-0.00123,-0.00057,-0.00025,-55.50105,1484.00000
0.16125,0.15993,0.15894,0.16453,0.16190,0.15401,0.15302,0.14612,0.15664,0.15927,0.00107,-0.00222,-0.00156,-0.00288,-0.00353,-55.50105,1485.00000
0.16618,0.16453,0.16092,0.16486,0.16157,0.15598,0.15434,0.15105,0.15237,0.15763,-0.00189,0.00206,0.00074,0.00140,-0.00057,-55.73881,1486.00000
0.15631,0.16782,0.16256,0.15960,0.16388,0.15434,0.15368,0.15730,0.15368,0.15664,-0.00321,0.00074,-0.00321,0.00041,0.00272,-55.73881,1487.00000
0.16026,0.16223,0.16421,0.15927,0.16125,0.15927,0.15401,0.15829,0.15796,0.15829,0.00173,-0.00156,0.00074,-0.00057,0.00041,-55.70632,1488.00000
0.15894,0.15861,0.16421,0.16355,0.16256,0.15598,0.15697,0.15368,0.15796,0.15565,0.00173,-0.00485,-0.00189,-0.00025,-0.00255,-55.70632,1489.00000
0.15763,0.16355,0.15993,0.16618,0.15565,0.15533,0.15237,0.15565,0.15368,0.15664,0.00041,-0.00222,-0.00222,-0.00025,0.00008,-55.77796,1490.00000
0.15796,0.16322,0.16453,0.16092,0.16947,0.15796,0.15960,0.15335,0.15631,0.15533,0.00107,0.00041,-0.00222,-0.00090,0.00173,-55.77796,1491.00000
0.16585,0.16486,0.16223,0.15927,0.16190,0.16026,0.14973,0.15565,0.15500,0.15302,0.00304,-0.00057,0.00469,-0.00518,-0.00090,-55.20343,1492.00000
0.15927,0.16519,0.15565,0.15993,0.16026,0.15302,0.15763,0.15368,0.15829,0.15434,-0.00090,-0.00222,-0.00189,0.00008,-0.00057,-55.20343,1493.00000
0.15861,0.16355,0.16453,0.16651,0.16092,0.15368,0.15730,0.15269,0.15763,0.14842,-0.00090,0.00173,0.00008,0.00107,-0.00386,-56.09781,1494.00000
0.16322,0.16585,0.16190,0.15664,0.16125,0.15927,0.15368,0.15664,0.15138,0.15763,-0.00025,0.00008,-0.00584,-0.00386,-0.00057,-56.09781,1495.00000
0.16190,0.16717,0.16453,0.16125,0.15730,0.15993,0.15467,0.15500,0.15105,0.15533,-0.00353,-0.00090,0.00041,-0.00025,-0.00123,-55.62703,1496.00000
0.16486,0.16585,0.15894,0.16289,0.16223,0.15894,0.16059,0.15335,0.15401,0.15368,-0.00025,-0.00123,-0.00057,-0.00222,-0.00123,-55.62703,1497.00000
0.16092,0.16026,0.16125,0.15993,0.15763,0.15697,0.15796,0.15697,0.16026,0.15631,-0.00156,0.00008,0.00074,0.00173,0.00107,-55.57475,1498.00000
0.16749,0.16125,0.16322,0.16749,0.15796,0.15763,0.15565,0.15664,0.15664,0.15664,-0.00321,-0.00025,-0.00090,0.00173,0.00206,-55.57475,1499.00000
0.15894,0.16717,0.15500,0.16289,0.16914,0.15467,0.16059,0.15565,0.15927,0.15730,-0.00090,-0.00321,0.00041,0.00140,0.00140,-55.77077,1500.00000
0.16453,0.16651,0.16585,0.15829,0.16848,0.16092,0.15763,0.15565,0.15565,0.15072,0.00502,0.00206,-0.00025,-0.00057,0.00173,-55.77077,1501.00000
0.16223,0.16651,0.16026,0.16486,0.16092,0.15861,0.15565,0.15565,0.15565,0.15829,-0.00189,0.00173,-0.00123,-0.00156,0.00173,-55.42689,1502.00000
0.16388,0.16486,0.15500,0.15960,0.16519,0.15664,0.15598,0.15434,0.15598,0.15697,-0.00057,-0.00189,-0.00057,0.00041,0.00041,-55.42689,1503.00000
0.15894,0.16717,0.16125,0.16421,0.16355,0.15500,0.15434,0.16026,0.15631,0.15533,0.00272,-0.00090,0.00272,-0.00452,0.00074,-54.85700,1504.00000
0.16519,0.15664,0.16322,0.16453,0.16157,0.15204,0.15565,0.15533,0.15500,0.15302,0.00074,-0.00321,-0.00090,-0.00189,0.00107,-54.85700,1505.00000
0.16453,0.16289,0.16157,0.16519,0.16322,0.15368,0.15861,0.15302,0.16026,0.15598,-0.00123,0.00272,0.00206,-0.00222,-0.00090,-54.29862,1506.00000
0.16618,0.16092,0.16618,0.16552,0.16157,0.15006,0.15730,0.15861,0.15500,0.15960,0.00206,-0.00090,-0.00025,0.00140,0.00370,-54.29862,1507.00000
0.16092,0.15500,0.16322,0.16388,0.16881,0.15335,0.15204,0.15269,0.15401,0.15697,0.00107,0.00140,0.00107,0.00140,0.00765,-54.37587,1508.00000
0.16421,0.16618,0.16519,0.15697,0.16322,0.15730,0.15993,0.15631,0.15993,0.15368,-0.00123,0.00239,-0.00057,-0.00189,-0.00057,-54.37587,1509.00000
0.16519,0.16486,0.16421,0.16486,0.16289,0.15467,0.15565,0.15434,0.15237,0.15631,-0.00090,0.00140,-0.00156,0.00173,-0.00419,-54.72212,1510.00000
0.16585,0.15927,0.16552,0.15730,0.15730,0.15565,0.15335,0.15467,0.15927,0.15861,0.00107,0.00239,-0.00090,-0.00353,0.00239,-54.72212,1511.00000
0.16289,0.16519,0.16355,0.16190,0.16026,0.15302,0.15237,0.15927,0.15171,0.15500,-0.00057,0.00337,-0.00123,0.00304,0.00008,-54.67063,1512.00000
0.16256,0.16355,0.16256,0.16585,0.16223,0.15598,0.15269,0.15894,0.16026,0.15631,0.00568,0.00041,0.00074,0.00272,0.00008,-54.67063,1513.00000
0.16585,0.16486,0.16125,0.15993,0.16388,0.15861,0.15368,0.15565,0.15533,0.15401,-0.00090,0.00272,-0.00189,0.00008,0.00107,-54.79869,1514.00000
0.16190,0.16026,0.16157,0.16092,0.16486,0.15927,0.15368,0.15368,0.15401,0.15533,0.00272,0.00074,0.00074,0.00008,-0.00321,-54.79869,1515.00000
0.16519,0.15829,0.16190,0.15829,0.15960,0.15467,0.15796,0.15763,0.15894,0.15138,-0.00025,0.00107,0.00140,-0.00123,0.00140,-55.02142,1516.00000
0.15960,0.15894,0.16125,0.16552,0.15960,0.15269,0.15237,0.15861,0.15105,0.15302,0.00008,-0.00025,-0.00255,0.00206,0.00107,-55.02142,1517.00000
0.16519,0.15467,0.16585,0.16190,0.16322,0.15401,0.15730,0.15269,0.15467,0.15631,0.00041,-0.00189,0.00107,-0.00156,-0.00222,-55.32077,1518.00000
0.15631,0.16453,0.15697,0.16947,0.16059,0.15631,0.15533,0.15401,0.15401,0.15401,0.00239,-0.00222,0.00370,0.00074,0.00304,-55.32077,1519.00000
0.16355,0.16421,0.15960,0.15796,0.16749,0.15467,0.16157,0.15631,0.15434,0.15730,0.00239,0.00272,-0.00156,0.00666,-0.00025,-56.00755,1520.00000
0.16223,0.15894,0.16256,0.16092,0.16125,0.15171,0.15664,0.15335,0.15598,0.15434,-0.00123,-0.00156,0.00041,0.00041,0.00041,-56.00755,1521.00000
0.16289,0.16190,0.16157,0.16223,0.16157,0.15105,0.15829,0.15533,0.15302,0.15533,0.00206,-0.00090,0.00074,-0.00123,0.00206,-56.24596,1522.00000
0.16256,0.16421,0.15829,0.16026,0.16486,0.15697,0.15697,0.15598,0.15664,0.15302,-0.00353,-0.00090,0.00008,-0.00090,0.00304,-56.24596,1523.00000
0.16125,0.15927,0.16125,0.15993,0.15894,0.15302,0.15829,0.15533,0.15631,0.15335,0.00107,-0.00255,-0.00189,-0.00057,0.00008,-55.63519,1524.00000
0.16256,0.16388,0.16026,0.16157,0.16453,0.15467,0.16125,0.15105,0.15631,0.15434,-0.00123,0.00206,0.00107,-0.00025,0.00206,-55.63519,1525.00000
0.16388,0.15730,0.16388,0.16552,0.16289,0.15204,0.15763,0.15730,0.15861,0.15894,-0.00057,-0.00485,0.00337,0.00107,-0.00288,-55.37863,1526.00000
0.16190,0.16388,0.16322,0.16289,0.16092,0.15467,0.15533,0.15894,0.15500,0.15631,-0.00025,0.00436,-0.00156,0.00140,0.00272,-55.37863,1527.00000
0.16552,0.15894,0.16618,0.16157,0.15960,0.15631,0.15500,0.15598,0.15796,0.15368,-0.00353,0.00041,-0.00025,0.00206,-0.00123,-55.29185,1528.00000
0.16026,0.16256,0.16355,0.16585,0.16026,0.15598,0.15138,0.15368,0.15335,0.15204,-0.00090,0.00239,0.00272,0.00107,0.00272,-55.29185,1529.00000
0.16453,0.16388,0.16322,0.16223,0.16355,0.15763,0.15171,0.15861,0.15006,0.15598,0.00140,0.00370,0.00173,0.00173,0.00206,-55.41448,1530.00000
0.16585,0.16388,0.16026,0.16782,0.16453,0.15434,0.15335,0.15401,0.14908,0.15796,0.00502,-0.00123,0.00206,0.00173,-0.00057,-55.41448,1531.00000
0.15697,0.15894,0.15960,0.16782,0.16388,0.15829,0.15269,0.15598,0.15500,0.15993,-0.00057,-0.00189,0.00041,0.00206,-0.00288,-55.92990,1532.00000
0.15829,0.17078,0.16092,0.15730,0.16092,0.15302,0.15533,0.14973,0.14842,0.15598,0.00206,0.00403,0.00337,0.00041,0.00107,-55.92990,1533.00000
0.16059,0.16421,0.15894,0.16289,0.16157,0.15467,0.15763,0.15565,0.15894,0.15565,-0.00156,-0.00189,0.00041,0.00140,0.00107,-55.29649,1534.00000
0.16519,0.15796,0.16585,0.16190,0.16355,0.15533,0.15302,0.15434,0.15829,0.15664,0.00140,-0.00057,0.00041,0.00140,-0.00057,-55.29649,1535.00000
0.16059,0.16388,0.15993,0.16355,0.16355,0.15664,0.15500,0.15598,0.15697,0.15861,0.00436,0.00140,0.00239,0.00140,0.00041,-54.58916,1536.00000
0.16026,0.16355,0.16421,0.16552,0.16322,0.15434,0.15664,0.15565,0.15631,0.15861,-0.00025,0.00337,0.00337,-0.00025,0.00074,-54.58916,1537.00000
0.16684,0.16256,0.16355,0.15730,0.16223,0.15861,0.15401,0.15302,0.15302,0.15565,0.00239,0.00239,0.00337,0.00041,-0.00090,-56.23257,1538.00000
0.15960,0.16453,0.15993,0.16552,0.15894,0.15237,0.15467,0.15631,0.15631,0.15138,0.00239,0.00074,0.00074,0.00370,0.00107,-56.23257,1539.00000
0.16453,0.16059,0.16421,0.16552,0.15763,0.15631,0.15533,0.15664,0.15664,0.15204,0.00173,-0.00255,0.00370,0.00502,0.00107,-56.09724,1540.00000
0.16421,0.15565,0.16486,0.16092,0.15763,0.15171,0.15697,0.15006,0.15335,0.15335,-0.00057,-0.00123,-0.00189,0.00074,0.00403,-56.09724,1541.00000
0.15664,0.16618,0.16717,0.16388,0.15927,0.15631,0.15401,0.15664,0.15467,0.15368,-0.00123,0.00272,0.00041,0.00206,-0.00057,-55.12626,1542.00000
0.16585,0.16322,0.15960,0.15927,0.16618,0.15730,0.15335,0.15105,0.15730,0.15237,0.00568,0.00140,0.00140,0.00206,0.00304,-55.12626,1543.00000
0.15598,0.15993,0.16190,0.16256,0.15894,0.15401,0.15631,0.15565,0.15138,0.15368,-0.00057,-0.00057,0.00041,0.00074,-0.00057,-54.95327,1544.00000
0.16453,0.16190,0.15960,0.16684,0.16157,0.15269,0.15763,0.15631,0.15565,0.15664,0.00272,0.00239,0.00535,0.00107,0.00502,-54.95327,1545.00000
0.16815,0.15697,0.15960,0.17045,0.16125,0.15006,0.15533,0.15237,0.15598,0.15302,-0.00025,-0.00025,0.00041,0.00206,0.00173,-54.27351,1546.00000
0.16125,0.16651,0.16026,0.16190,0.16355,0.15500,0.15763,0.15533,0.15434,0.15631,-0.00025,0.00304,0.00403,-0.00123,0.00107,-54.27351,1547.00000
0.16059,0.16026,0.16322,0.16223,0.16157,0.15598,0.15401,0.15269,0.15467,0.15861,0.00041,-0.00123,0.00140,0.00239,-0.00025,-54.13138,1548.00000
0.16125,0.15730,0.16092,0.15993,0.15993,0.15631,0.15697,0.15138,0.15237,0.15171,0.00107,0.00107,0.00370,0.00074,0.00206,-54.13138,1549.00000
0.16585,0.16256,0.15763,0.16223,0.16059,0.15335,0.15565,0.15500,0.15565,0.15006,0.00403,-0.00057,0.00568,0.00272,-0.00189,-54.84157,1550.00000
0.16092,0.16355,0.16256,0.15796,0.16125,0.15894,0.15269,0.15631,0.15894,0.15730,0.00008,0.00107,0.00107,0.00272,0.00304,-54.84157,1551.00000
0.15927,0.16585,0.15631,0.15631,0.16881,0.15335,0.15302,0.15697,0.15730,0.15335,-0.00025,0.00436,0.00535,0.00206,0.00337,-54.94032,1552.00000
0.16059,0.16355,0.15697,0.15829,0.16289,0.15269,0.15171,0.15467,0.15368,0.15434,0.00239,0.00568,0.00140,0.00173,0.00140,-54.94032,1553.00000
0.15763,0.16355,0.15960,0.15598,0.16026,0.15237,0.15302,0.15565,0.15598,0.15500,-0.00025,0.00107,0.00107,0.00272,0.00304,-55.37543,1554.00000
0.15960,0.16092,0.15598,0.15763,0.16322,0.15401,0.15894,0.15730,0.15533,0.15204,-0.00025,0.00370,-0.00025,-0.00057,0.00173,-55.37543,1555.00000
0.16289,0.15993,0.15796,0.15829,0.16190,0.16125,0.15171,0.15829,0.15598,0.15763,0.00272,0.00600,0.00272,-0.00057,-0.00057,-55.89817,1556.00000
0.15796,0.15927,0.16256,0.16026,0.16322,0.15763,0.15894,0.15302,0.15105,0.15829,0.00107,0.00074,0.00206,0.00403,0.00370,-55.89817,1557.00000
0.15204,0.16486,0.16453,0.15697,0.16256,0.15598,0.15598,0.15138,0.15598,0.15598,0.00568,0.00041,-0.00025,-0.00156,0.00535,-55.61510,1558.00000
0.16453,0.16125,0.16157,0.16519,0.15467,0.15894,0.15401,0.15401,0.15269,0.15664,0.00239,0.00074,0.00337,0.00074,0.00337,-55.61510,1559.00000
0.15237,0.16618,0.16190,0.15664,0.16223,0.15960,0.15861,0.15565,0.15237,0.15861,0.00337,0.00272,0.00304,0.00403,-0.00090,-56.77972,1560.00000
0.15763,0.16421,0.16355,0.15664,0.16125,0.15697,0.15269,0.16059,0.15500,0.15533,-0.00123,0.00173,0.00008,0.00041,0.00140,-56.77972,1561.00000
0.16749,0.15960,0.16190,0.16388,0.16453,0.15533,0.15796,0.15533,0.15467,0.15697,0.00436,0.00272,0.00502,0.00403,0.00041,-55.94357,1562.00000
0.16190,0.16421,0.16848,0.16125,0.16388,0.15434,0.15138,0.15598,0.15500,0.15533,0.00239,0.00107,0.00403,0.00107,0.00206,-55.94357,1563.00000
0.15960,0.16026,0.16223,0.15631,0.16125,0.15500,0.15072,0.15467,0.15237,0.15565,0.00469,0.00140,0.00502,0.00304,0.00239,-55.68175,1564.00000
0.16618,0.16519,0.15829,0.16717,0.16157,0.15763,0.15664,0.15697,0.15598,0.15401,-0.00090,-0.00025,0.00337,0.00436,0.00140,-55.68175,1565.00000
0.16322,0.16256,0.16421,0.16322,0.15993,0.15697,0.15664,0.15730,0.15335,0.15237,0.00600,0.00173,-0.00057,0.00272,0.00370,-55.88775,1566.00000
0.15829,0.16618,0.16453,0.16322,0.15894,0.15697,0.14875,0.15368,0.15467,0.15631,-0.00025,0.00074,0.00337,0.00239,0.00337,-55.88775,1567.00000
0.16092,0.15993,0.16585,0.16322,0.16157,0.15105,0.15237,0.15927,0.15204,0.15138,0.00140,0.00074,0.00337,0.00074,0.00074,-55.19241,1568.00000
0.15763,0.16618,0.16223,0.15960,0.16618,0.15138,0.15598,0.15861,0.15335,0.15467,0.00272,0.00008,0.00074,0.00074,0.00304,-55.19241,1569.00000
0.16980,0.15598,0.15960,0.16782,0.16026,0.15697,0.15927,0.15302,0.15204,0.15631,0.00140,0.00239,0.00403,0.00239,-0.00025,-55.29640,1570.00000
0.16651,0.15796,0.16256,0.16322,0.16519,0.15204,0.15664,0.15829,0.15368,0.15598,0.00436,0.00469,0.00469,0.00206,0.00140,-55.29640,1571.00000
0.16289,0.15401,0.16355,0.16092,0.15763,0.15796,0.15927,0.15598,0.15763,0.15401,0.00239,0.00107,0.00173,-0.00025,-0.00123,-55.28004,1572.00000
0.15960,0.15861,0.16684,0.16421,0.16355,0.15533,0.15302,0.15237,0.15894,0.15894,0.00173,0.00140,0.00272,0.00469,0.00173,-55.28004,1573.00000
0.15500,0.16453,0.15894,0.16190,0.16289,0.15500,0.15565,0.15401,0.15829,0.15796,0.00272,0.00304,0.00272,0.00140,0.00272,-55.05457,1574.00000
0.16125,0.15664,0.16026,0.15763,0.16256,0.15829,0.15401,0.15467,0.15434,0.15598,0.00370,0.00469,0.00206,0.00337,0.00173,-55.05457,1575.00000
0.16388,0.16289,0.15927,0.16749,0.16059,0.15467,0.15664,0.15533,0.15664,0.15960,0.00173,0.00239,0.00107,0.00008,0.00469,-54.49262,1576.00000
0.16519,0.16223,0.16388,0.16453,0.15697,0.15302,0.15631,0.15237,0.15204,0.15434,0.00535,0.00107,0.00173,0.00337,0.00535,-54.49262,1577.00000
0.16289,0.15927,0.16157,0.15730,0.16256,0.15894,0.15039,0.15631,0.15269,0.15664,0.00403,0.00436,0.00304,0.00370,0.00008,-54.45578,1578.00000
0.17144,0.15565,0.16585,0.16157,0.16157,0.15631,0.15533,0.15467,0.15796,0.15993,0.00206,0.00370,0.00239,0.00370,0.00568,-54.45578,1579.00000
0.16552,0.16092,0.16322,0.16092,0.16355,0.15401,0.15697,0.15598,0.15138,0.15500,0.00568,0.00206,0.00370,0.00140,0.00535,-54.19322,1580.00000
0.16552,0.16486,0.16618,0.15697,0.16092,0.15237,0.15269,0.15631,0.15565,0.15565,0.00041,0.00469,0.00008,0.00239,0.00272,-54.19322,1581.00000
0.16059,0.15500,0.16519,0.16289,0.16421,0.15861,0.15927,0.16190,0.15434,0.15467,0.00272,0.00337,0.00436,0.00272,-0.00057,-54.81634,1582.00000
0.16355,0.16157,0.16749,0.15960,0.16552,0.15533,0.15598,0.15796,0.15533,0.15302,0.00107,0.00370,0.00304,0.00403,0.00403,-54.81634,1583.00000
0.16256,0.16585,0.17177,0.15796,0.15434,0.15533,0.15105,0.15565,0.15894,0.15500,0.00041,0.00403,0.00140,0.00633,0.00600,-55.35983,1584.00000
0.16157,0.16157,0.16092,0.16059,0.16618,0.16092,0.15237,0.16026,0.15500,0.15335,0.00436,0.00304,0.00469,0.00633,0.00568,-55.35983,1585.00000
0.16552,0.16585,0.15763,0.16486,0.15960,0.15401,0.15138,0.15533,0.15631,0.15894,0.00173,0.00272,-0.00123,0.00074,0.00535,-55.29466,1586.00000
0.16552,0.16256,0.16190,0.16190,0.16684,0.15401,0.15269,0.15335,0.15302,0.15237,0.00469,0.00370,0.00502,0.00370,0.00337,-55.29466,1587.00000
0.16388,0.16289,0.16026,0.16223,0.16223,0.15796,0.15730,0.15401,0.15467,0.15401,0.00535,0.00469,0.00337,0.00502,0.00600,-55.66003,1588.00000
0.16256,0.15500,0.16223,0.16355,0.15697,0.15565,0.15697,0.15368,0.15730,0.15565,0.00502,0.00600,0.00140,0.00272,0.00633,-55.66003,1589.00000
0.15927,0.16618,0.16289,0.16157,0.16486,0.15204,0.15565,0.16059,0.15829,0.15434,0.00304,0.00140,0.00502,-0.00025,0.00370,-55.19574,1590.00000
0.15861,0.15763,0.16190,0.16322,0.16256,0.15138,0.15894,0.15763,0.15269,0.15434,0.00600,0.00370,0.00600,0.00436,0.00633,-55.19574,1591.00000
0.15993,0.15861,0.15335,0.16125,0.16026,0.15138,0.15072,0.15269,0.15927,0.15598,0.00502,0.00666,0.00535,0.00600,0.00304,-56.21359,1592.00000
0.15796,0.16486,0.15763,0.15664,0.16388,0.15434,0.15763,0.15565,0.15697,0.15434,0.00239,0.00666,0.00337,0.00304,0.00272,-56.21359,1593.00000
0.16223,0.15631,0.16092,0.16552,0.16190,0.15401,0.15138,0.15730,0.15730,0.15533,0.00436,0.00666,0.00600,0.00600,0.00535,-56.35631,1594.00000
0.15894,0.16453,0.16355,0.15960,0.16223,0.15204,0.15829,0.15533,0.15533,0.16157,0.00765,0.00370,0.00436,0.00699,0.00304,-56.35631,1595.00000
0.16157,0.16157,0.16125,0.15730,0.16190,0.15730,0.15467,0.15401,0.15533,0.15565,0.00568,0.00436,0.00403,0.00436,0.00831,-55.90276,1596.00000
0.15631,0.16355,0.15960,0.16355,0.16388,0.15631,0.15861,0.15500,0.15335,0.15565,0.00041,0.00469,0.00502,0.00403,0.00502,-55.90276,1597.00000
0.15533,0.16388,0.15960,0.16026,0.16322,0.15664,0.15302,0.15138,0.15730,0.15434,0.00304,0.00502,0.00403,0.00239,0.00370,-56.46945,1598.00000
0.16815,0.16585,0.16157,0.16092,0.15664,0.15302,0.15533,0.15598,0.15269,0.15335,0.00239,0.00864,0.00436,0.00469,0.00173,-56.46945,1599.00000
0.16585,0.15631,0.16486,0.15894,0.16223,0.15631,0.15894,0.15335,0.15368,0.14973,0.00469,0.00272,0.00502,0.00173,-0.00025,-56.15709,1600.00000
0.15960,0.16552,0.16717,0.15927,0.16486,0.15039,0.15829,0.15993,0.15434,0.15204,0.00699,0.00633,0.00633,0.00535,0.00403,-56.15709,1601.00000
0.16223,0.15730,0.15697,0.15960,0.16059,0.15335,0.15467,0.15796,0.15664,0.15697,0.00535,0.00568,0.00798,0.00699,0.00041,-55.56878,1602.00000
0.15927,0.16256,0.16453,0.16322,0.16651,0.15533,0.15171,0.14941,0.15664,0.15500,0.00272,0.00403,0.00633,0.00370,0.00732,-55.56878,1603.00000
0.16815,0.16453,0.16092,0.15993,0.16651,0.15960,0.15533,0.15368,0.15697,0.15598,0.00469,0.00600,0.00074,0.00107,0.00107,-55.63595,1604.00000
0.15730,0.16026,0.16190,0.15697,0.16421,0.15894,0.16125,0.15335,0.15500,0.15269,0.00469,0.00568,0.00239,0.00600,0.00370,-55.63595,1605.00000
0.16026,0.16322,0.15467,0.16026,0.16125,0.15565,0.15302,0.15533,0.15829,0.15598,0.00403,0.00337,0.00239,0.00666,0.00469,-55.33995,1606.00000
0.16059,0.16092,0.15960,0.16651,0.16388,0.15730,0.14941,0.15861,0.15138,0.15204,0.00370,0.00798,0.00074,0.00929,0.00535,-55.33995,1607.00000
0.15138,0.16453,0.15763,0.16585,0.15993,0.15269,0.15500,0.15335,0.15500,0.15302,0.00206,0.00502,0.00929,0.00699,0.00370,-55.62408,1608.00000
0.16552,0.16125,0.15894,0.16552,0.16453,0.15434,0.15598,0.15269,0.15533,0.15533,0.00469,0.00732,0.01258,0.00732,0.00798,-55.62408,1609.00000
0.16157,0.16453,0.15861,0.16059,0.16059,0.15072,0.15533,0.16157,0.15960,0.15598,0.00272,0.00535,0.00633,0.00469,0.00304,-54.52102,1610.00000
0.15894,0.16388,0.16421,0.16421,0.16125,0.15664,0.15697,0.15105,0.15664,0.15565,0.00403,0.00633,0.00337,0.00272,0.00502,-54.52102,1611.00000
0.16421,0.15993,0.16289,0.16223,0.16223,0.15434,0.15138,0.15302,0.15697,0.15368,0.00173,0.00798,0.00699,0.00535,0.00831,-54.79225,1612.00000
0.16026,0.16519,0.15960,0.16026,0.16059,0.15204,0.15796,0.15500,0.15829,0.15105,0.00600,0.00502,0.00798,0.00732,0.00502,-54.79225,1613.00000
0.15664,0.16355,0.16026,0.16059,0.16157,0.15631,0.15697,0.15960,0.15730,0.16059,0.00864,0.00436,0.00403,0.00370,0.00304,-54.19544,1614.00000
0.15894,0.15993,0.16322,0.16421,0.16026,0.15171,0.15598,0.15664,0.16026,0.15302,0.00370,0.00568,0.00633,0.00600,0.00568,-54.19544,1615.00000
0.16256,0.16256,0.16026,0.16190,0.16684,0.15269,0.15697,0.15467,0.15401,0.15598,0.00666,0.00732,0.00502,0.00403,0.00798,-54.32184,1616.00000
0.16914,0.16486,0.15730,0.16453,0.16848,0.15631,0.15434,0.15763,0.15829,0.15697,0.00732,0.00502,0.00929,0.00502,0.00666,-54.32184,1617.00000
0.16190,0.16947,0.16256,0.16421,0.16059,0.15500,0.15434,0.15500,0.15664,0.15598,0.00469,0.00666,0.00765,0.00469,0.00502,-53.55008,1618.00000
0.16092,0.16223,0.16190,0.15697,0.16421,0.15829,0.15763,0.15565,0.15829,0.15631,0.00600,0.00469,0.00535,0.00699,0.00699,-53.55008,1619.00000
0.16322,0.16256,0.16059,0.16388,0.16059,0.15533,0.16026,0.15302,0.16157,0.15993,0.00469,0.00666,0.00633,0.01061,0.00403,-53.90883,1620.00000
0.16421,0.15763,0.15993,0.16486,0.16223,0.15105,0.15598,0.15598,0.15269,0.15664,0.00535,0.00633,0.00896,0.00798,0.00798,-53.90883,1621.00000
0.16421,0.15993,0.16026,0.16322,0.15631,0.15500,0.15467,0.15697,0.15467,0.15401,0.00568,0.00666,0.00633,0.00896,0.00535,-54.54719,1622.00000
0.15631,0.16289,0.15861,0.16190,0.16190,0.15500,0.15664,0.15401,0.15664,0.15204,0.00666,0.00633,0.00995,0.00831,0.00699,-54.54719,1623.00000
0.15796,0.16256,0.15927,0.16815,0.15467,0.15368,0.15763,0.15829,0.15269,0.15697,0.00535,0.00436,0.00469,0.00633,0.00666,-54.44889,1624.00000
0.16092,0.16092,0.16815,0.16157,0.15664,0.15401,0.15269,0.15598,0.15730,0.15467,0.00699,0.00765,0.00732,0.00896,0.00107,-54.44889,1625.00000
0.15730,0.15796,0.16815,0.16092,0.15829,0.15763,0.15302,0.15598,0.15335,0.15237,0.00633,0.00765,0.00831,0.00633,0.00699,-54.56819,1626.00000
0.16388,0.16256,0.15796,0.16552,0.15960,0.15565,0.15598,0.15598,0.15664,0.15533,0.00535,0.00206,0.00469,0.00929,0.00600,-54.56819,1627.00000
0.16453,0.16322,0.15565,0.16355,0.15204,0.15993,0.15401,0.15269,0.15138,0.15763,0.00633,0.00600,0.00929,0.00633,0.00666,-54.84269,1628.00000
0.16848,0.15796,0.16355,0.16256,0.16322,0.15368,0.15269,0.16289,0.15763,0.15533,0.00896,0.00666,0.00568,0.00568,0.00798,-54.84269,1629.00000
0.16388,0.16552,0.16289,0.16322,0.15960,0.15138,0.15500,0.15138,0.15138,0.15368,0.00469,0.00633,0.00535,0.00995,0.00896,-55.13863,1630.00000
0.16256,0.16026,0.15894,0.16223,0.15894,0.15302,0.15565,0.15796,0.15631,0.15467,0.00831,0.00568,0.00535,0.00699,0.00962,-55.13863,1631.00000
0.16355,0.16651,0.16256,0.15960,0.16651,0.15138,0.15565,0.15960,0.15598,0.15500,0.00798,0.00798,0.00699,0.00535,0.00995,-55.39646,1632.00000
0.16157,0.15829,0.16092,0.16585,0.16256,0.15861,0.15730,0.15368,0.15368,0.15631,0.00699,0.00831,0.00864,0.00633,0.00831,-55.39646,1633.00000
0.16125,0.15269,0.16651,0.16782,0.16256,0.15565,0.15598,0.15763,0.15565,0.15796,0.00633,0.01061,0.00568,0.00732,0.00831,-55.38378,1634.00000
0.16223,0.16453,0.16026,0.16453,0.15861,0.15664,0.15171,0.15861,0.15697,0.15138,0.00699,0.00732,0.00929,0.00633,0.00469,-55.38378,1635.00000
0.17013,0.15565,0.16355,0.15500,0.16486,0.15565,0.15697,0.15401,0.15664,0.15269,0.00798,0.00798,0.00600,0.00535,0.00798,-55.61914,1636.00000
0.15993,0.15730,0.16157,0.16355,0.15565,0.15533,0.15434,0.16059,0.15237,0.15796,0.00699,0.00765,0.00896,0.00469,0.01061,-55.61914,1637.00000
0.16190,0.15960,0.15631,0.16092,0.16355,0.15533,0.15730,0.15302,0.15302,0.15171,0.00929,0.00403,0.00765,0.00798,0.00568,-55.38037,1638.00000
0.15993,0.15927,0.16322,0.15993,0.15631,0.15500,0.15269,0.15533,0.15434,0.15401,0.00666,0.01127,0.00995,0.00765,0.01094,-55.38037,1639.00000
0.15993,0.15763,0.16684,0.16223,0.16552,0.15204,0.15565,0.15631,0.15039,0.15598,0.00535,0.00798,0.00469,0.00666,0.00831,-56.04956,1640.00000
0.16059,0.15960,0.15829,0.16388,0.16585,0.15401,0.15302,0.15796,0.15269,0.15401,0.00732,0.00765,0.01258,0.00962,0.01028,-56.04956,1641.00000
0.17111,0.15664,0.16157,0.15993,0.16486,0.15861,0.15072,0.15565,0.15598,0.14842,0.00798,0.00666,0.00633,0.00896,0.00403,-55.61511,1642.00000
0.16223,0.15829,0.16388,0.16190,0.16059,0.16157,0.15302,0.15368,0.15434,0.15237,0.01357,0.00699,0.00896,0.00535,0.00699,-55.61511,1643.00000
0.16421,0.15861,0.15565,0.16585,0.15598,0.15401,0.15434,0.15006,0.15565,0.15467,0.00633,0.01127,0.00732,0.00568,0.00633,-55.62250,1644.00000
0.15894,0.16289,0.16749,0.15664,0.16585,0.15138,0.15861,0.15467,0.15631,0.15302,0.00929,0.00929,0.00831,0.00798,0.00896,-55.62250,1645.00000
0.16289,0.16059,0.16026,0.16552,0.16059,0.15401,0.15861,0.15105,0.15434,0.15302,0.00535,0.01357,0.00798,0.00699,0.00535,-55.27219,1646.00000
0.15631,0.16190,0.16223,0.15533,0.15960,0.15796,0.15730,0.16092,0.15401,0.14710,0.00633,0.00633,0.00535,0.00962,0.00864,-55.27219,1647.00000
0.16486,0.16256,0.15598,0.16092,0.16190,0.15072,0.15269,0.15598,0.15565,0.15598,0.00929,0.01127,0.00896,0.00765,0.00929,-55.08482,1648.00000
0.16026,0.15927,0.16552,0.16223,0.16552,0.15664,0.15171,0.15302,0.15269,0.15500,0.00798,0.00798,0.00929,0.00798,0.00732,-55.08482,1649.00000
0.16519,0.16092,0.16092,0.16421,0.15730,0.15368,0.15631,0.15237,0.15631,0.15796,0.00864,0.00600,0.00798,0.00896,0.00995,-54.86419,1650.00000
0.16059,0.15993,0.16421,0.16026,0.16026,0.15138,0.15565,0.15368,0.15730,0.15763,0.00732,0.00962,0.00568,0.00896,0.00469,-54.86419,1651.00000
0.15894,0.15796,0.16092,0.16157,0.15894,0.15631,0.15204,0.15697,0.15302,0.15598,0.00633,0.01061,0.00568,0.00765,0.00864,-55.01754,1652.00000
0.16092,0.15730,0.16453,0.16059,0.16256,0.15598,0.15204,0.15829,0.15368,0.15500,0.00798,0.00864,0.00732,0.01192,0.00633,-55.01754,1653.00000
0.16026,0.15960,0.16322,0.16651,0.16157,0.15861,0.15598,0.15796,0.15565,0.15368,0.01061,0.00962,0.00962,0.00633,0.01028,-54.48387,1654.00000
0.16223,0.15927,0.15796,0.16125,0.16421,0.15269,0.15697,0.15368,0.15105,0.14941,0.01225,0.00699,0.00896,0.01094,0.00864,-54.48387,1655.00000
0.15829,0.16223,0.15993,0.16355,0.16486,0.15500,0.15796,0.15401,0.15434,0.15335,0.00600,0.00864,0.00896,0.00666,0.00666,-53.86547,1656.00000
0.16157,0.16453,0.15730,0.16355,0.16190,0.15500,0.15664,0.15565,0.15829,0.15631,0.00666,0.00831,0.00732,0.00798,0.00798,-53.86547,1657.00000
0.15697,0.15993,0.16684,0.16421,0.15894,0.15631,0.15467,0.15894,0.15467,0.15664,0.00864,0.01061,0.00995,0.00469,0.00798,-53.94934,1658.00000
0.16815,0.15927,0.15500,0.16717,0.16519,0.15434,0.15565,0.15500,0.15565,0.15204,0.00831,0.00666,0.00962,0.00896,0.01225,-53.94934,1659.00000
0.16815,0.16486,0.16453,0.15960,0.15894,0.15204,0.15565,0.15269,0.15598,0.15533,0.01061,0.00798,0.01160,0.00600,0.01192,-55.24371,1660.00000
0.16421,0.16388,0.15401,0.16256,0.16486,0.15664,0.15631,0.15302,0.15598,0.15006,0.00732,0.01094,0.01028,0.01127,0.01192,-55.24371,1661.00000
0.15993,0.16157,0.16388,0.16256,0.15796,0.15269,0.15730,0.15664,0.16157,0.16026,0.00699,0.00765,0.01127,0.00403,0.01061,-54.50418,1662.00000
0.16388,0.16223,0.16717,0.15664,0.16585,0.15006,0.15368,0.15006,0.14941,0.15763,0.00370,0.01127,0.01127,0.00831,0.01028,-54.50418,1663.00000
0.16486,0.16355,0.16289,0.16125,0.16190,0.15631,0.15763,0.15072,0.15204,0.15368,0.00896,0.00535,0.00699,0.01028,0.01225,-54.13686,1664.00000
0.16585,0.15434,0.16355,0.16125,0.16125,0.15697,0.15302,0.15302,0.15401,0.15105,0.01028,0.01127,0.00896,0.00798,0.00666,-54.13686,1665.00000
0.16322,0.16256,0.16388,0.16125,0.16421,0.15631,0.15500,0.15039,0.15368,0.15631,0.00798,0.00732,0.00765,0.00896,0.00765,-52.37849,1666.00000
0.16256,0.16026,0.16355,0.15763,0.15993,0.15664,0.15598,0.15500,0.15730,0.15204,0.01094,0.00962,0.00798,0.00732,0.01061,-52.37849,1667.00000
0.16026,0.16190,0.16223,0.16355,0.16881,0.15763,0.15861,0.16125,0.15368,0.15368,0.00864,0.01028,0.00896,0.00962,0.01028,-50.38602,1668.00000
0.16190,0.16486,0.16190,0.16125,0.16684,0.15565,0.15401,0.15763,0.15368,0.15302,0.00962,0.00699,0.00831,0.01028,0.00798,-50.38602,1669.00000
0.16355,0.16815,0.16125,0.16125,0.16322,0.15368,0.15138,0.15204,0.15763,0.15533,0.01061,0.01094,0.00962,0.01160,0.01061,-49.27992,1670.00000
0.15927,0.16749,0.16388,0.16026,0.15993,0.15237,0.15237,0.15467,0.15500,0.15894,0.00831,0.00831,0.01061,0.00666,0.00765,-49.27992,1671.00000
0.15993,0.16289,0.16223,0.16289,0.16585,0.15631,0.16059,0.15763,0.15730,0.15269,0.01061,0.01028,0.01094,0.00831,0.00831,-52.03254,1672.00000
0.16157,0.16157,0.15533,0.15927,0.16684,0.15467,0.15467,0.15697,0.15467,0.15565,0.01061,0.00732,0.00732,0.00995,0.00765,-52.03254,1673.00000
0.16092,0.16125,0.16256,0.16190,0.16717,0.15467,0.15861,0.15434,0.15533,0.15697,0.01258,0.00896,0.00995,0.00633,0.00962,-53.59928,1674.00000
0.15894,0.16256,0.16618,0.15960,0.16256,0.15467,0.15796,0.15697,0.15598,0.15598,0.00831,0.01028,0.00864,0.00929,0.01324,-53.59928,1675.00000
0.15927,0.16388,0.16223,0.15829,0.16355,0.15401,0.15467,0.15401,0.15434,0.15006,0.00995,0.00666,0.00896,0.00600,0.00699,-54.07991,1676.00000
0.15697,0.16256,0.16289,0.15467,0.16421,0.15565,0.15533,0.15894,0.15368,0.15533,0.00765,0.00864,0.00995,0.01061,0.00995,-54.07991,1677.00000
0.16289,0.15993,0.16256,0.16355,0.15993,0.15105,0.15368,0.15269,0.15467,0.15500,0.00732,0.01094,0.00995,0.00798,0.00896,-55.10392,1678.00000
0.15697,0.16190,0.16190,0.16190,0.16421,0.15368,0.15533,0.15565,0.15237,0.15368,0.00995,0.01028,0.01456,0.01028,0.01061,-55.10392,1679.00000
0.15993,0.15796,0.16026,0.16092,0.16092,0.15730,0.15269,0.15302,0.15368,0.15072,0.00929,0.01225,0.00732,0.01028,0.00699,-54.88350,1680.00000
0.16157,0.15730,0.16322,0.15993,0.15697,0.15467,0.15796,0.15467,0.15368,0.15105,0.00896,0.01028,0.01192,0.00962,0.00370,-54.88350,1681.00000
0.16223,0.16421,0.15763,0.15927,0.16157,0.15500,0.15204,0.15467,0.15269,0.15171,0.00765,0.01061,0.01291,0.00798,0.00765,-55.73277,1682.00000
0.15960,0.16092,0.15960,0.16453,0.16223,0.14908,0.15105,0.15138,0.15598,0.15401,0.00864,0.00469,0.01094,0.00798,0.01094,-55.73277,1683.00000
0.15861,0.16125,0.16618,0.15533,0.16190,0.15565,0.15730,0.15697,0.15171,0.15138,0.01423,0.00929,0.00732,0.00995,0.01061,-54.81218,1684.00000
0.15829,0.16190,0.15894,0.15730,0.16388,0.15401,0.15467,0.15171,0.15237,0.15500,0.01127,0.00962,0.01192,0.01324,0.00765,-54.81218,1685.00000
0.15763,0.15993,0.16322,0.16881,0.15335,0.15565,0.15204,0.15927,0.15565,0.15138,0.01160,0.01192,0.00962,0.01291,0.01357,-54.49594,1686.00000
0.15237,0.16881,0.15401,0.16749,0.16552,0.15335,0.15401,0.15598,0.15302,0.15401,0.01225,0.01061,0.01094,0.01094,0.00929,-54.49594,1687.00000
0.16125,0.15730,0.15829,0.16256,0.15730,0.15631,0.15237,0.15598,0.15368,0.15796,0.01192,0.00929,0.00929,0.00798,0.00995,-54.43303,1688.00000
0.15533,0.15993,0.16519,0.15927,0.16223,0.15302,0.15565,0.15039,0.15500,0.15302,0.01456,0.01192,0.00995,0.00896,0.00732,-54.43303,1689.00000
0.15565,0.16355,0.16059,0.16059,0.15763,0.15631,0.15500,0.15500,0.15237,0.15335,0.01291,0.01258,0.01291,0.00962,0.00962,-54.51144,1690.00000
0.15960,0.15401,0.16092,0.16059,0.15960,0.15401,0.15697,0.15039,0.15533,0.15237,0.00962,0.00962,0.00864,0.00929,0.01225,-54.51144,1691.00000
0.15960,0.16157,0.15368,0.16190,0.16322,0.15401,0.15829,0.15467,0.15533,0.15335,0.00896,0.00929,0.00929,0.01521,0.00929,-54.01353,1692.00000
0.15960,0.15730,0.16453,0.16256,0.15960,0.15500,0.15500,0.14875,0.15237,0.15598,0.01028,0.00798,0.01554,0.00929,0.01291,-54.01353,1693.00000
0.16125,0.15434,0.16256,0.16059,0.15829,0.15467,0.15565,0.15368,0.15269,0.15861,0.00798,0.00798,0.00995,0.01061,0.01061,-54.80462,1694.00000
0.16355,0.16322,0.16519,0.15302,0.15829,0.15565,0.15829,0.15368,0.15039,0.15368,0.01028,0.01127,0.01225,0.01094,0.01291,-54.80462,1695.00000
0.16026,0.15730,0.15993,0.15993,0.15861,0.15138,0.15368,0.15467,0.15006,0.15434,0.01291,0.01094,0.01061,0.01192,0.00995,-54.48971,1696.00000
0.16125,0.16125,0.15401,0.15993,0.15631,0.15401,0.15533,0.15401,0.15829,0.15237,0.00732,0.01061,0.01225,0.01028,0.01094,-54.48971,1697.00000
0.15730,0.15697,0.16125,0.16059,0.15861,0.15631,0.15368,0.15204,0.15237,0.15237,0.01324,0.00896,0.00831,0.01357,0.00995,-55.03782,1698.00000
0.15861,0.16223,0.15697,0.16157,0.15335,0.15335,0.15171,0.15565,0.15006,0.15269,0.01258,0.01488,0.00929,0.01324,0.00962,-55.03782,1699.00000
0.16092,0.15993,0.16388,0.15631,0.15533,0.15533,0.15368,0.15467,0.15730,0.15565,0.00896,0.01192,0.00962,0.00962,0.01291,-55.55846,1700.00000
0.16223,0.15730,0.15894,0.15861,0.15894,0.14941,0.15763,0.15401,0.15368,0.14941,0.01554,0.00962,0.00864,0.01160,0.00929,-55.55846,1701.00000
0.16190,0.15894,0.15763,0.16125,0.16026,0.15302,0.15467,0.15335,0.15927,0.15697,0.01160,0.01324,0.01258,0.00831,0.01160,-55.52093,1702.00000
0.16486,0.15829,0.16092,0.16453,0.16388,0.15335,0.15335,0.15730,0.15434,0.15500,0.00995,0.00929,0.01258,0.01521,0.01028,-55.52093,1703.00000
0.16322,0.16782,0.16289,0.15861,0.16157,0.15204,0.15302,0.15401,0.15993,0.15401,0.01225,0.00962,0.00765,0.01258,0.01192,-54.92599,1704.00000
0.16453,0.16157,0.16552,0.16125,0.16388,0.15730,0.15664,0.15368,0.15105,0.15631,0.01291,0.01324,0.01390,0.01028,0.00864,-54.92599,1705.00000
0.16289,0.16289,0.15960,0.16157,0.15664,0.15631,0.15204,0.15631,0.15664,0.15171,0.01192,0.01357,0.01160,0.01291,0.01357,-55.40001,1706.00000
0.16717,0.16519,0.15960,0.16289,0.15631,0.15039,0.15697,0.15664,0.15237,0.15664,0.01225,0.00962,0.01061,0.01620,0.01028,-55.40001,1707.00000
0.16289,0.16157,0.16388,0.15631,0.16223,0.14941,0.15631,0.15829,0.15401,0.15204,0.01127,0.01324,0.01192,0.01357,0.01225,-55.84209,1708.00000
0.16125,0.17045,0.16190,0.15664,0.16355,0.15072,0.15500,0.15105,0.15072,0.15368,0.00929,0.00962,0.01291,0.01192,0.00699,-55.84209,1709.00000
0.15796,0.16223,0.15664,0.16026,0.16059,0.15237,0.15302,0.15467,0.15105,0.15763,0.00864,0.01357,0.01028,0.00831,0.01160,-55.56997,1710.00000
0.15269,0.16651,0.16223,0.16190,0.15927,0.15598,0.15401,0.15631,0.15368,0.15302,0.01160,0.01258,0.00962,0.01554,0.01488,-55.56997,1711.00000
0.16421,0.15894,0.16552,0.15565,0.16223,0.15500,0.15467,0.15302,0.15039,0.15368,0.00929,0.01160,0.01094,0.01061,0.01192,-55.10188,1712.00000
0.16519,0.15993,0.16059,0.16125,0.15927,0.15302,0.15664,0.15434,0.15204,0.15500,0.01357,0.01127,0.01160,0.01225,0.00666,-55.10188,1713.00000
0.16125,0.16190,0.15598,0.15894,0.15927,0.15598,0.15335,0.15500,0.14809,0.15138,0.01160,0.01225,0.01324,0.01094,0.01028,-55.34391,1714.00000
0.15664,0.16026,0.16223,0.15927,0.15697,0.15500,0.15368,0.15368,0.15861,0.15401,0.01160,0.00929,0.01094,0.01028,0.01291,-55.34391,1715.00000
0.15993,0.16256,0.15500,0.15960,0.16421,0.15072,0.15138,0.15368,0.15335,0.15467,0.01258,0.01192,0.01094,0.00798,0.00962,-55.40389,1716.00000
0.16026,0.16289,0.16157,0.16190,0.15960,0.15368,0.15598,0.14776,0.15894,0.14908,0.00896,0.01521,0.01160,0.01028,0.01061,-55.40389,1717.00000
0.16782,0.15894,0.16256,0.16223,0.15730,0.15401,0.15072,0.15730,0.15697,0.15565,0.01192,0.01521,0.01160,0.01225,0.01324,-55.51689,1718.00000
0.15730,0.16125,0.16322,0.15533,0.15598,0.15467,0.15302,0.14875,0.14645,0.15697,0.01258,0.01160,0.01423,0.01225,0.00896,-55.51689,1719.00000
0.16059,0.16684,0.15631,0.15434,0.16190,0.14842,0.15171,0.15006,0.15105,0.15171,0.01686,0.01160,0.01291,0.01456,0.01258,-55.31460,1720.00000
0.16125,0.15960,0.16059,0.16519,0.16256,0.15730,0.15138,0.15401,0.15237,0.15269,0.00831,0.01291,0.01160,0.01357,0.01225,-55.31460,1721.00000
0.15894,0.16815,0.16355,0.16092,0.15598,0.15434,0.15237,0.15368,0.15894,0.15237,0.01488,0.01390,0.01620,0.01390,0.00929,-55.02058,1722.00000
0.15401,0.16519,0.16059,0.16256,0.15894,0.15796,0.15467,0.15171,0.15401,0.15171,0.01357,0.01094,0.01456,0.00929,0.01521,-55.02058,1723.00000
0.15565,0.16125,0.16059,0.16092,0.16486,0.15500,0.15664,0.15105,0.15796,0.15138,0.00765,0.01028,0.01357,0.01127,0.01521,-54.52933,1724.00000
0.15861,0.15829,0.16519,0.16223,0.16157,0.15796,0.15533,0.15368,0.15697,0.14776,0.01192,0.01423,0.01686,0.01127,0.01028,-54.52933,1725.00000
0.16125,0.15434,0.15993,0.16453,0.16059,0.15105,0.15565,0.15335,0.15467,0.15500,0.01258,0.01160,0.01127,0.01061,0.01028,-54.40578,1726.00000
0.15269,0.16881,0.15763,0.16190,0.15763,0.15763,0.15105,0.15105,0.15006,0.15269,0.00995,0.01423,0.01225,0.01127,0.01192,-54.40578,1727.00000
0.16421,0.15796,0.16453,0.16585,0.16223,0.15368,0.15006,0.15598,0.15598,0.15565,0.01028,0.01554,0.01192,0.00995,0.01258,-54.79322,1728.00000
0.16256,0.15861,0.16585,0.16322,0.15500,0.15302,0.15467,0.15335,0.15434,0.15105,0.01324,0.01291,0.01357,0.01620,0.01324,-54.79322,1729.00000
0.16453,0.15993,0.15993,0.15730,0.16059,0.15302,0.15302,0.15237,0.15105,0.15401,0.01291,0.01456,0.01094,0.01258,0.01225,-54.47913,1730.00000
0.15302,0.15829,0.15894,0.16453,0.15993,0.14941,0.15072,0.15434,0.15204,0.14842,0.01127,0.00995,0.01521,0.01686,0.01488,-54.47913,1731.00000
0.16421,0.16256,0.16486,0.15993,0.15993,0.15500,0.15204,0.14908,0.15796,0.15105,0.01587,0.01094,0.01488,0.01028,0.01357,-54.70539,1732.00000
0.15861,0.15993,0.16190,0.16026,0.16092,0.15368,0.15598,0.15171,0.15697,0.15401,0.00831,0.00929,0.01456,0.01258,0.01061,-54.70539,1733.00000
0.15401,0.15829,0.16421,0.15697,0.15631,0.15302,0.15237,0.15565,0.15269,0.15171,0.00765,0.01291,0.01291,0.01225,0.01258,-54.26920,1734.00000
0.15598,0.15664,0.16059,0.16355,0.15763,0.15237,0.14973,0.15467,0.15335,0.15237,0.01456,0.01653,0.01225,0.01061,0.01061,-54.26920,1735.00000
0.16322,0.15960,0.16059,0.15796,0.15730,0.15500,0.15533,0.15401,0.15927,0.15269,0.01291,0.01521,0.01488,0.01258,0.01324,-54.61995,1736.00000
0.15631,0.15631,0.16059,0.16223,0.15861,0.15237,0.15138,0.15631,0.15368,0.15565,0.01423,0.01291,0.01094,0.01061,0.01357,-54.61995,1737.00000
0.16486,0.15960,0.16519,0.15467,0.16453,0.15039,0.15302,0.15072,0.15335,0.15565,0.01488,0.01488,0.01160,0.01357,0.01291,-54.72941,1738.00000
0.16190,0.15598,0.16618,0.15730,0.15533,0.15894,0.15039,0.15237,0.15368,0.14447,0.01883,0.01225,0.01094,0.01094,0.01324,-54.72941,1739.00000
0.15894,0.15960,0.16289,0.16092,0.15401,0.15401,0.15401,0.15434,0.15204,0.14973,0.00864,0.00732,0.01587,0.01061,0.00962,-56.06832,1740.00000
0.16256,0.15993,0.15565,0.16157,0.16256,0.15565,0.15631,0.15467,0.14941,0.15269,0.01160,0.01357,0.01160,0.00995,0.01291,-56.06832,1741.00000
0.16388,0.15631,0.15269,0.16585,0.16388,0.15335,0.15401,0.16092,0.15204,0.15138,0.01291,0.01456,0.01127,0.00765,0.01291,-54.58201,1742.00000
0.16289,0.15993,0.15960,0.15598,0.16157,0.15302,0.14941,0.15368,0.15401,0.15237,0.01390,0.01390,0.01160,0.01620,0.01291,-54.58201,1743.00000
0.16157,0.15796,0.15105,0.15861,0.16190,0.15269,0.15434,0.15467,0.15434,0.15039,0.01258,0.01587,0.00962,0.01423,0.00995,-55.12792,1744.00000
0.16157,0.16125,0.16749,0.15664,0.16190,0.15237,0.15500,0.15269,0.15697,0.15598,0.01127,0.01225,0.01390,0.01521,0.01061,-55.12792,1745.00000
0.16092,0.16059,0.15894,0.16256,0.16223,0.14579,0.15269,0.15105,0.15565,0.15533,0.00995,0.01061,0.01456,0.01192,0.01357,-55.74511,1746.00000
0.15829,0.15697,0.15894,0.16651,0.15664,0.15335,0.15368,0.15730,0.15401,0.15533,0.01357,0.01620,0.01258,0.01127,0.01127,-55.74511,1747.00000
0.15302,0.16782,0.16223,0.15927,0.16651,0.15796,0.15401,0.15302,0.15039,0.15664,0.01192,0.01225,0.01225,0.01456,0.01324,-54.97705,1748.00000
0.16125,0.15894,0.16059,0.15960,0.16585,0.14612,0.15664,0.15565,0.15500,0.15368,0.01094,0.01225,0.01357,0.01324,0.01291,-54.97705,1749.00000
0.16190,0.15829,0.16355,0.15598,0.16059,0.15302,0.15237,0.15237,0.15697,0.15335,0.01390,0.01061,0.01192,0.01225,0.00896,-54.68823,1750.00000
0.15368,0.15763,0.15927,0.16190,0.15598,0.14941,0.15335,0.14941,0.15533,0.15401,0.01324,0.01423,0.01488,0.01916,0.01357,-54.68823,1751.00000
0.15927,0.16289,0.16157,0.16585,0.16355,0.15434,0.14941,0.15237,0.15237,0.15401,0.01094,0.00864,0.01456,0.01390,0.01061,-54.91980,1752.00000
0.15894,0.16125,0.15434,0.15927,0.16026,0.15565,0.15434,0.15533,0.15138,0.15500,0.01324,0.01324,0.01686,0.01521,0.01291,-54.91980,1753.00000
0.15894,0.15927,0.16223,0.15796,0.15664,0.15467,0.15171,0.15697,0.15500,0.15565,0.01521,0.01390,0.01061,0.01192,0.01127,-53.62445,1754.00000
0.15927,0.16289,0.16322,0.15664,0.15960,0.15368,0.15138,0.15664,0.15467,0.15434,0.01324,0.01521,0.01423,0.01291,0.00831,-53.62445,1755.00000
0.16684,0.15697,0.15763,0.15927,0.15993,0.15401,0.15500,0.15861,0.15434,0.15631,0.01028,0.01620,0.01488,0.01094,0.01620,-52.17111,1756.00000
0.16190,0.16125,0.15927,0.16421,0.15631,0.14973,0.14842,0.15467,0.14710,0.15171,0.01127,0.01521,0.01192,0.01324,0.01916,-52.17111,1757.00000
0.16157,0.16519,0.15993,0.16092,0.16092,0.15434,0.15105,0.15565,0.15269,0.15105,0.01390,0.01061,0.00929,0.01521,0.01127,-51.44444,1758.00000
0.15796,0.15533,0.16059,0.16223,0.16289,0.15335,0.15730,0.15796,0.15565,0.15237,0.01390,0.01160,0.01357,0.01686,0.01456,-51.44444,1759.00000
0.15993,0.15927,0.15631,0.16026,0.15796,0.15368,0.15697,0.15598,0.15500,0.15269,0.01225,0.01225,0.01521,0.01554,0.01423,-50.44146,1760.00000
0.16026,0.16190,0.15796,0.15763,0.15894,0.14908,0.15302,0.15434,0.15500,0.15829,0.01192,0.01488,0.01225,0.01160,0.01291,-50.44146,1761.00000
0.16453,0.15730,0.15861,0.16289,0.15302,0.15664,0.15796,0.15204,0.15335,0.15204,0.01488,0.01357,0.01357,0.00896,0.01390,-52.27639,1762.00000
0.15927,0.15960,0.15894,0.15763,0.16256,0.15565,0.15269,0.15697,0.15204,0.15631,0.01423,0.01160,0.01357,0.01423,0.01291,-52.27639,1763.00000
0.15467,0.15927,0.16355,0.16059,0.16388,0.15763,0.15138,0.15335,0.15434,0.15237,0.01620,0.01423,0.01225,0.01258,0.01521,-53.15236,1764.00000
0.15533,0.15763,0.16157,0.15368,0.15763,0.15237,0.15927,0.15237,0.15269,0.15467,0.01456,0.01192,0.01094,0.01291,0.01554,-53.15236,1765.00000
0.15829,0.16026,0.15598,0.15664,0.16486,0.15335,0.15039,0.15072,0.15204,0.15697,0.01094,0.01554,0.01587,0.01127,0.01390,-54.49366,1766.00000
0.16322,0.15697,0.15894,0.15631,0.15927,0.15138,0.15664,0.15533,0.15467,0.15171,0.01423,0.01127,0.01620,0.01456,0.00995,-54.49366,1767.00000
0.15565,0.15960,0.15993,0.15697,0.15796,0.15368,0.15401,0.15237,0.15138,0.15730,0.01456,0.01291,0.01192,0.01521,0.01817,-53.88745,1768.00000
0.16059,0.15796,0.15697,0.15829,0.15894,0.15335,0.15302,0.15730,0.15335,0.15171,0.01094,0.01028,0.01324,0.01094,0.01324,-53.88745,1769.00000
0.15763,0.16223,0.16125,0.15829,0.16421,0.15204,0.15565,0.15434,0.15598,0.15631,0.01390,0.01554,0.01357,0.01324,0.01488,-53.87488,1770.00000
0.16289,0.16815,0.15697,0.16289,0.15796,0.15467,0.14743,0.15237,0.15368,0.15171,0.01160,0.01587,0.01225,0.01423,0.01324,-53.87488,1771.00000
0.16355,0.16289,0.15598,0.15796,0.16190,0.15171,0.15500,0.15138,0.15500,0.15533,0.01390,0.01258,0.01817,0.01554,0.01653,-54.31781,1772.00000
0.15993,0.16388,0.15598,0.16190,0.15631,0.15960,0.15631,0.15072,0.15401,0.14809,0.01390,0.01225,0.01028,0.01357,0.01423,-54.31781,1773.00000
0.15927,0.16289,0.15730,0.16092,0.14941,0.15335,0.15533,0.15467,0.15796,0.15335,0.01521,0.01357,0.01192,0.01554,0.01390,-53.85568,1774.00000
0.15730,0.16322,0.16125,0.16421,0.15960,0.15335,0.15500,0.15565,0.15467,0.15598,0.01357,0.01324,0.01620,0.01752,0.01521,-53.85568,1775.00000
0.15960,0.15105,0.16322,0.16125,0.15500,0.14973,0.15105,0.15039,0.15302,0.15664,0.01160,0.01554,0.01258,0.01653,0.01686,-54.28868,1776.00000
0.15368,0.15927,0.16190,0.16519,0.15237,0.15533,0.15105,0.15072,0.15927,0.15335,0.01390,0.01390,0.01587,0.01225,0.01324,-54.28868,1777.00000
0.16421,0.16486,0.15763,0.16322,0.15763,0.15500,0.15467,0.15006,0.15368,0.15204,0.01423,0.01225,0.01554,0.01587,0.01686,-55.23516,1778.00000
0.15631,0.16157,0.15993,0.15434,0.16092,0.15894,0.15237,0.15269,0.15171,0.15401,0.01521,0.01554,0.01521,0.01587,0.01192,-55.23516,1779.00000
0.15927,0.16453,0.15664,0.16125,0.15993,0.15467,0.15533,0.15763,0.15335,0.15039,0.01291,0.01324,0.01423,0.01653,0.01423,-55.31533,1780.00000
0.15927,0.16388,0.15861,0.15697,0.15631,0.15269,0.15565,0.15927,0.15434,0.15500,0.01160,0.01258,0.01390,0.00962,0.01423,-55.31533,1781.00000
0.15269,0.16618,0.16125,0.15829,0.16125,0.15401,0.15500,0.15335,0.15006,0.15631,0.01554,0.01324,0.01784,0.01916,0.01357,-55.39204,1782.00000
0.15894,0.16026,0.15697,0.16223,0.15861,0.15763,0.15335,0.15171,0.15204,0.15993,0.01390,0.01390,0.01456,0.01587,0.01521,-55.39204,1783.00000
0.16125,0.15960,0.15829,0.16157,0.16223,0.15269,0.15861,0.15039,0.14908,0.15269,0.01423,0.01390,0.01324,0.01225,0.01554,-55.53782,1784.00000
0.15993,0.15894,0.15894,0.16125,0.15533,0.15368,0.15631,0.15533,0.15565,0.15631,0.01456,0.01521,0.01784,0.02015,0.01357,-55.53782,1785.00000
0.15730,0.15927,0.15598,0.16684,0.15861,0.15269,0.15171,0.15533,0.15335,0.15269,0.01488,0.01423,0.01686,0.01423,0.01225,-55.41783,1786.00000
0.16322,0.15763,0.16223,0.16125,0.16223,0.15763,0.15434,0.15434,0.15335,0.15467,0.01423,0.01488,0.01817,0.01521,0.01291,-55.41783,1787.00000
0.16223,0.16125,0.15894,0.15993,0.15565,0.15598,0.15993,0.15631,0.15401,0.15533,0.01423,0.01456,0.01357,0.01620,0.01752,-54.95257,1788.00000
0.15993,0.16059,0.16782,0.15664,0.15730,0.16125,0.15631,0.15631,0.15697,0.15368,0.01916,0.01521,0.01127,0.01521,0.01554,-54.95257,1789.00000
0.16125,0.16026,0.15565,0.15664,0.16256,0.16059,0.16026,0.15598,0.15565,0.15796,0.01521,0.01587,0.01850,0.01456,0.01521,-55.57931,1790.00000
0.16092,0.15434,0.16059,0.16256,0.15894,0.15894,0.15204,0.14973,0.15237,0.15368,0.01456,0.01554,0.01456,0.01620,0.01423,-55.57931,1791.00000
0.16157,0.16256,0.16256,0.15368,0.15861,0.15401,0.15631,0.15500,0.15039,0.14645,0.01357,0.01719,0.01390,0.01225,0.01719,-55.39708,1792.00000
0.16355,0.15565,0.16322,0.15763,0.15927,0.15598,0.15269,0.15138,0.15631,0.15697,0.01587,0.01225,0.01488,0.01324,0.01719,-55.39708,1793.00000
0.15796,0.16421,0.15237,0.16026,0.16157,0.15302,0.15467,0.15631,0.15598,0.15302,0.01587,0.01554,0.01554,0.01390,0.01784,-55.97002,1794.00000
0.15796,0.16059,0.16421,0.16092,0.16519,0.15171,0.15138,0.15368,0.15269,0.15533,0.01258,0.01653,0.01653,0.01160,0.01521,-55.97002,1795.00000
0.15861,0.15993,0.16684,0.15598,0.16157,0.14908,0.15335,0.15335,0.14875,0.15401,0.01192,0.01653,0.01258,0.01752,0.01554,-56.10757,1796.00000
0.16585,0.15861,0.16125,0.15697,0.16355,0.15368,0.15302,0.14941,0.15335,0.15434,0.01357,0.01423,0.01686,0.01357,0.01192,-56.10757,1797.00000
0.15829,0.15960,0.16190,0.15763,0.15664,0.15533,0.15434,0.14973,0.15533,0.15335,0.01291,0.01225,0.01587,0.01456,0.01587,-56.28865,1798.00000
0.15368,0.16026,0.15598,0.15993,0.16388,0.14908,0.15368,0.15631,0.15697,0.14973,0.01521,0.01357,0.01094,0.01784,0.01390,-56.28865,1799.00000
0.15500,0.15927,0.16256,0.15796,0.16026,0.15302,0.15171,0.14973,0.15500,0.15598,0.01357,0.01653,0.01127,0.01291,0.01554,-55.22929,1800.00000
0.15796,0.16585,0.15697,0.16486,0.15368,0.15072,0.15335,0.15138,0.15697,0.15105,0.01456,0.01357,0.01423,0.01324,0.01620,-55.22929,1801.00000
0.15730,0.15894,0.15763,0.15861,0.15861,0.15401,0.15204,0.15138,0.15204,0.15171,0.01883,0.01554,0.01752,0.01390,0.01291,-56.03505,1802.00000
0.15927,0.15993,0.15697,0.15993,0.15631,0.15565,0.15072,0.15204,0.15730,0.15105,0.01719,0.01982,0.01784,0.01357,0.01127,-56.03505,1803.00000
0.15500,0.16684,0.15467,0.16322,0.16322,0.14941,0.15565,0.15434,0.15664,0.15368,0.01587,0.01160,0.01620,0.01521,0.01554,-55.68598,1804.00000
0.15993,0.15302,0.16717,0.16453,0.15105,0.14941,0.14908,0.15598,0.14973,0.15171,0.01554,0.01258,0.01324,0.01587,0.01653,-55.68598,1805.00000
0.16125,0.15730,0.15730,0.15829,0.15861,0.15204,0.15138,0.15302,0.15796,0.14809,0.01488,0.01488,0.00995,0.01784,0.01357,-55.38450,1806.00000
0.15763,0.16289,0.15467,0.16322,0.15598,0.15631,0.15269,0.15565,0.15565,0.15533,0.01686,0.01521,0.01456,0.01423,0.01587,-55.38450,1807.00000
0.16059,0.15829,0.16092,0.16125,0.16059,0.15237,0.15105,0.15598,0.15302,0.15401,0.01521,0.01949,0.01686,0.01258,0.01390,-55.28990,1808.00000
0.16552,0.15204,0.15927,0.15894,0.15894,0.15335,0.15434,0.14645,0.15138,0.15598,0.01225,0.01653,0.01456,0.01653,0.01587,-55.28990,1809.00000
0.15500,0.15960,0.15829,0.15829,0.16651,0.15237,0.15269,0.15171,0.15565,0.15072,0.01554,0.01686,0.01620,0.01521,0.01784,-54.72747,1810.00000
0.16157,0.16453,0.16453,0.15763,0.15960,0.15072,0.15500,0.15204,0.15368,0.15335,0.01324,0.01719,0.01423,0.01686,0.01324,-54.72747,1811.00000
0.15960,0.16092,0.15960,0.16223,0.15697,0.15500,0.15631,0.15565,0.14743,0.15434,0.01817,0.01456,0.02015,0.00896,0.01521,-54.41452,1812.00000
0.16552,0.16256,0.16092,0.16125,0.15664,0.15434,0.15631,0.15171,0.15335,0.15204,0.01192,0.01817,0.01850,0.01883,0.01653,-54.41452,1813.00000
0.15533,0.15894,0.15960,0.16092,0.16125,0.15368,0.15401,0.15434,0.15664,0.15631,0.01653,0.01719,0.01719,0.01784,0.01521,-54.67552,1814.00000
0.15763,0.16157,0.15237,0.16223,0.16585,0.15302,0.15138,0.15697,0.15368,0.15335,0.01390,0.01587,0.01554,0.01587,0.01488,-54.67552,1815.00000
0.15927,0.15861,0.16355,0.15631,0.15894,0.15269,0.15269,0.15335,0.15894,0.15204,0.01587,0.01686,0.01357,0.01587,0.01686,-54.39587,1816.00000
0.16092,0.15796,0.16026,0.15861,0.16388,0.15237,0.15434,0.15171,0.15598,0.15796,0.01850,0.01686,0.01291,0.01653,0.01620,-54.39587,1817.00000
0.16355,0.15533,0.16618,0.15993,0.15796,0.15565,0.15237,0.15598,0.15302,0.15631,0.01587,0.01423,0.01686,0.01456,0.01258,-54.60760,1818.00000
0.15927,0.16289,0.16026,0.15829,0.15829,0.15894,0.15302,0.15467,0.15368,0.14941,0.01390,0.01291,0.01554,0.01620,0.01521,-54.60760,1819.00000
0.16322,0.15368,0.16388,0.15598,0.15796,0.15730,0.15171,0.15664,0.14743,0.15335,0.01916,0.01521,0.01324,0.01883,0.01554,-54.66708,1820.00000
0.16453,0.15697,0.15960,0.16125,0.15204,0.15368,0.15335,0.14710,0.15500,0.15631,0.01521,0.01916,0.01587,0.01620,0.01488,-54.66708,1821.00000
0.16026,0.16322,0.16059,0.16256,0.15960,0.15368,0.15039,0.15565,0.15598,0.15368,0.01324,0.01488,0.01686,0.01258,0.01620,-54.00590,1822.00000
0.15730,0.15829,0.15631,0.15730,0.16092,0.15204,0.15565,0.15598,0.15598,0.15368,0.01752,0.01456,0.01324,0.01620,0.01554,-54.00590,1823.00000
0.15368,0.16059,0.16256,0.15829,0.15565,0.15500,0.15105,0.15269,0.15072,0.15105,0.01554,0.01390,0.01423,0.01127,0.01916,-54.44924,1824.00000
0.15960,0.16453,0.15829,0.16256,0.15960,0.14908,0.15039,0.15302,0.15598,0.15631,0.01719,0.01817,0.01357,0.01817,0.01357,-54.44924,1825.00000
0.15697,0.16125,0.15993,0.15894,0.15631,0.15302,0.15237,0.15269,0.15763,0.15664,0.01653,0.01554,0.01488,0.01686,0.01061,-54.86134,1826.00000
0.16848,0.16157,0.15730,0.16026,0.16190,0.15598,0.15631,0.14941,0.15368,0.15434,0.01324,0.01620,0.01686,0.01686,0.01949,-54.86134,1827.00000
0.16256,0.15993,0.16157,0.16059,0.15927,0.15269,0.15533,0.15467,0.15302,0.15105,0.01291,0.01587,0.01357,0.01916,0.01719,-55.06006,1828.00000
0.15763,0.16059,0.16289,0.15763,0.16190,0.15302,0.16092,0.14973,0.15138,0.15598,0.01390,0.01488,0.02015,0.01686,0.01423,-55.06006,1829.00000
0.15598,0.16059,0.15829,0.15598,0.16059,0.14612,0.15335,0.15039,0.15237,0.15467,0.01456,0.01521,0.01390,0.01456,0.01784,-55.07886,1830.00000
0.16651,0.15796,0.15697,0.16421,0.15763,0.15302,0.15598,0.15138,0.15302,0.15500,0.01620,0.01620,0.01192,0.01488,0.01488,-55.07886,1831.00000
0.15993,0.16157,0.16190,0.16453,0.15533,0.15237,0.15401,0.15171,0.15763,0.15072,0.01258,0.01554,0.01817,0.01620,0.01784,-55.30554,1832.00000
0.16125,0.16289,0.16223,0.15763,0.15993,0.15368,0.15763,0.15565,0.15500,0.15467,0.01752,0.01456,0.01521,0.01653,0.01686,-55.30554,1833.00000
0.15434,0.15993,0.16289,0.15796,0.16059,0.15467,0.15533,0.15467,0.15927,0.15829,0.01817,0.01686,0.01554,0.01160,0.01488,-55.37250,1834.00000
0.15730,0.16322,0.15697,0.16651,0.15467,0.15533,0.15500,0.15269,0.15401,0.15105,0.01719,0.01225,0.01160,0.01686,0.01291,-55.37250,1835.00000
0.16059,0.16125,0.15861,0.15763,0.15730,0.15500,0.15138,0.15269,0.15237,0.15434,0.01324,0.01488,0.01949,0.01488,0.01752,-56.30685,1836.00000
0.15763,0.16125,0.15829,0.16092,0.15664,0.15368,0.14908,0.15072,0.15500,0.15171,0.01521,0.01719,0.01521,0.01192,0.01324,-56.30685,1837.00000
0.15993,0.15993,0.16223,0.15993,0.16256,0.15467,0.15302,0.15467,0.15171,0.15171,0.01784,0.01620,0.01850,0.01653,0.01784,-55.85118,1838.00000
0.16059,0.15894,0.16125,0.15796,0.16322,0.15302,0.15368,0.15467,0.15138,0.15565,0.01192,0.01423,0.01784,0.01620,0.01456,-55.85118,1839.00000
0.15763,0.15763,0.16684,0.15796,0.15927,0.14776,0.14973,0.15467,0.15105,0.15302,0.01883,0.01390,0.01719,0.01686,0.01686,-56.48760,1840.00000
0.16157,0.16256,0.15829,0.15565,0.15960,0.15401,0.15368,0.15302,0.14973,0.15500,0.01784,0.01291,0.01653,0.01488,0.01456,-56.48760,1841.00000
0.15730,0.15664,0.16157,0.15861,0.16322,0.15500,0.15269,0.15269,0.15204,0.15138,0.01653,0.01686,0.01686,0.01916,0.01488,-55.98550,1842.00000
0.15730,0.16322,0.15533,0.16749,0.15829,0.15533,0.15467,0.15697,0.14973,0.15500,0.01784,0.01686,0.01324,0.01554,0.01456,-55.98550,1843.00000
0.15796,0.16256,0.16223,0.16223,0.16157,0.15500,0.15269,0.15829,0.15039,0.15269,0.01784,0.01850,0.01784,0.01587,0.01686,-55.92488,1844.00000
0.16190,0.16453,0.15335,0.16157,0.16355,0.15467,0.15006,0.14941,0.15401,0.15467,0.01291,0.01719,0.01620,0.01916,0.01653,-55.92488,1845.00000
0.15664,0.16256,0.16388,0.16157,0.15302,0.16092,0.15565,0.15368,0.14842,0.15302,0.01423,0.01817,0.01554,0.01291,0.01916,-55.43803,1846.00000
0.15697,0.15730,0.16322,0.15894,0.16125,0.15664,0.15631,0.15204,0.15434,0.15105,0.01258,0.01784,0.01488,0.01488,0.01620,-55.43803,1847.00000
0.15796,0.16092,0.16026,0.15829,0.15565,0.15171,0.14973,0.15039,0.15533,0.15171,0.01258,0.02048,0.01488,0.01587,0.01291,-54.85768,1848.00000
0.15861,0.15697,0.15598,0.16125,0.15796,0.15302,0.15500,0.15533,0.15434,0.15269,0.01390,0.01587,0.01587,0.01653,0.01587,-54.85768,1849.00000
0.15829,0.15631,0.16355,0.15631,0.15927,0.14809,0.15401,0.15138,0.15730,0.15368,0.01653,0.01686,0.01521,0.01653,0.01653,-56.07386,1850.00000
0.15533,0.16092,0.16388,0.15730,0.15500,0.15533,0.15072,0.15237,0.15565,0.15237,0.01488,0.01719,0.01686,0.01488,0.01587,-56.07386,1851.00000
0.15664,0.15598,0.15960,0.15565,0.15960,0.15894,0.15401,0.15204,0.15368,0.15072,0.01587,0.01291,0.01883,0.01456,0.01850,-55.59797,1852.00000
0.15993,0.15533,0.15960,0.15664,0.15796,0.15171,0.15204,0.15237,0.15401,0.15302,0.01620,0.01653,0.01488,0.01620,0.01883,-55.59797,1853.00000
0.16322,0.15598,0.15598,0.16059,0.16059,0.15664,0.15697,0.15368,0.15368,0.15664,0.01357,0.01423,0.01521,0.01554,0.01883,-54.92789,1854.00000
0.16190,0.15500,0.15861,0.15796,0.16059,0.15434,0.15237,0.15039,0.16059,0.15204,0.01521,0.01883,0.01949,0.01916,0.01521,-54.92789,1855.00000
0.15829,0.16059,0.15894,0.15467,0.16421,0.15467,0.15664,0.15631,0.15105,0.15434,0.01488,0.01390,0.01686,0.01587,0.02179,-55.31551,1856.00000
0.16322,0.15993,0.15697,0.16059,0.15697,0.15105,0.15533,0.15533,0.15269,0.15204,0.01620,0.01620,0.01949,0.01620,0.02015,-55.31551,1857.00000
0.16815,0.15796,0.16552,0.16125,0.16026,0.15467,0.15006,0.15565,0.15598,0.15105,0.01686,0.01653,0.01784,0.01949,0.01982,-55.02103,1858.00000
0.16223,0.16585,0.15894,0.16125,0.15796,0.15598,0.15500,0.15237,0.15434,0.15598,0.01620,0.01883,0.01127,0.01817,0.01817,-55.02103,1859.00000
0.15697,0.15894,0.15664,0.16388,0.15730,0.15335,0.14579,0.15302,0.15401,0.15368,0.01587,0.01719,0.01587,0.01916,0.01850,-54.86403,1860.00000
0.16322,0.15664,0.16486,0.15861,0.15960,0.15335,0.15368,0.15039,0.15171,0.15500,0.01554,0.01587,0.01752,0.01423,0.01357,-54.86403,1861.00000
0.15829,0.15072,0.16026,0.16585,0.16256,0.15631,0.15500,0.15401,0.15302,0.15072,0.01456,0.01850,0.01291,0.01620,0.01850,-55.47645,1862.00000
0.15763,0.15302,0.16059,0.15631,0.16421,0.14941,0.15467,0.15138,0.15631,0.15368,0.01620,0.01784,0.01390,0.01291,0.01488,-55.47645,1863.00000
0.16322,0.15730,0.16125,0.16026,0.15796,0.15072,0.15204,0.15960,0.15401,0.15204,0.01291,0.01817,0.01916,0.01784,0.01587,-55.81440,1864.00000
0.15993,0.16815,0.16256,0.15796,0.16749,0.15401,0.15598,0.15138,0.15368,0.15335,0.01850,0.01488,0.01949,0.01784,0.01587,-55.81440,1865.00000
0.15598,0.16749,0.15796,0.16355,0.15861,0.15598,0.15368,0.15598,0.15302,0.15237,0.01883,0.01982,0.01587,0.01784,0.01423,-55.85153,1866.00000
0.15697,0.16125,0.15631,0.15763,0.16026,0.15598,0.15533,0.15302,0.15861,0.15302,0.01653,0.01653,0.01949,0.01817,0.01456,-55.85153,1867.00000
0.15697,0.16388,0.15796,0.15467,0.16223,0.15335,0.15796,0.15598,0.15861,0.15368,0.01488,0.01850,0.01686,0.01587,0.01784,-55.98973,1868.00000
0.15796,0.15993,0.15631,0.15960,0.16322,0.15533,0.15237,0.15533,0.15401,0.15302,0.01850,0.01488,0.01949,0.01752,0.01357,-55.98973,1869.00000
0.15138,0.16157,0.15927,0.16256,0.15894,0.15335,0.15401,0.15500,0.15434,0.15467,0.01423,0.01554,0.01587,0.01817,0.01554,-55.85864,1870.00000
0.16026,0.16190,0.16125,0.16190,0.15993,0.15138,0.14645,0.15237,0.15401,0.15565,0.02015,0.01784,0.01653,0.01817,0.01784,-55.85864,1871.00000
0.16190,0.15894,0.15664,0.16289,0.16125,0.15335,0.15302,0.15039,0.15861,0.15072,0.01883,0.01390,0.01719,0.01719,0.01982,-55.96399,1872.00000
0.15664,0.15796,0.15796,0.16256,0.15302,0.15105,0.15664,0.15598,0.15335,0.15500,0.01686,0.01883,0.01521,0.01620,0.01587,-55.96399,1873.00000
0.15565,0.16322,0.16059,0.15894,0.16125,0.15039,0.15204,0.15237,0.15302,0.15598,0.01653,0.02344,0.01587,0.01686,0.01620,-55.46979,1874.00000
0.16190,0.15237,0.15960,0.16223,0.15598,0.15533,0.15631,0.15401,0.15269,0.15500,0.01423,0.01653,0.01587,0.01587,0.01423,-55.46979,1875.00000
0.16125,0.15730,0.15763,0.15763,0.15927,0.15204,0.15533,0.15368,0.14875,0.15533,0.01719,0.01324,0.01456,0.01686,0.01653,-55.60843,1876.00000
0.15697,0.15763,0.16092,0.15730,0.15763,0.15302,0.15467,0.15500,0.15533,0.15269,0.01554,0.02048,0.01423,0.01324,0.01554,-55.60843,1877.00000
0.15434,0.15664,0.15861,0.15927,0.15894,0.15434,0.15269,0.15368,0.15664,0.15467,0.01883,0.01719,0.01488,0.01620,0.01620,-55.61916,1878.00000
0.16388,0.15829,0.15861,0.16256,0.15927,0.15039,0.15335,0.15105,0.15302,0.15237,0.01521,0.01653,0.01817,0.01982,0.01752,-55.61916,1879.00000
0.16552,0.15631,0.15138,0.16519,0.15368,0.15237,0.14776,0.15138,0.15533,0.15105,0.01390,0.01752,0.01686,0.01784,0.01719,-56.59864,1880.00000
0.15796,0.16157,0.16256,0.15927,0.16223,0.15565,0.15401,0.15697,0.15763,0.15302,0.01423,0.02048,0.02113,0.01850,0.01752,-56.59864,1881.00000
0.15533,0.16125,0.16388,0.15697,0.15533,0.15335,0.15368,0.15861,0.15763,0.15467,0.01225,0.01784,0.01521,0.01686,0.01653,-55.92139,1882.00000
0.15237,0.16157,0.15829,0.15763,0.16059,0.15237,0.15138,0.15269,0.15269,0.15533,0.01554,0.01521,0.01784,0.01949,0.01719,-55.92139,1883.00000
0.16256,0.15664,0.15894,0.15829,0.15664,0.15269,0.15204,0.15105,0.15237,0.15697,0.02113,0.01291,0.01850,0.01554,0.01521,-56.27857,1884.00000
0.15368,0.15500,0.15993,0.15993,0.15730,0.15302,0.15401,0.15368,0.15894,0.14941,0.01521,0.01456,0.01752,0.01686,0.01719,-56.27857,1885.00000
0.16322,0.15302,0.15829,0.16092,0.16190,0.15401,0.15434,0.15401,0.14809,0.15302,0.02146,0.01620,0.01850,0.01324,0.01521,-56.23254,1886.00000
0.16355,0.16092,0.15927,0.16223,0.16223,0.15533,0.15302,0.15861,0.15697,0.15565,0.01817,0.01817,0.01883,0.01719,0.02113,-56.23254,1887.00000
0.15730,0.15697,0.16223,0.15500,0.16355,0.15269,0.15204,0.15368,0.15269,0.15105,0.01883,0.01817,0.01916,0.01784,0.01752,-55.44782,1888.00000
0.16223,0.15467,0.15796,0.16059,0.16322,0.15631,0.15204,0.15401,0.14842,0.15335,0.01949,0.01554,0.01784,0.01883,0.01784,-55.44782,1889.00000
0.16355,0.15861,0.16092,0.15894,0.15631,0.15335,0.15171,0.15533,0.15335,0.15105,0.01423,0.01752,0.02015,0.01686,0.01850,-55.53885,1890.00000
0.15730,0.16059,0.16059,0.15861,0.15894,0.14973,0.15631,0.14579,0.15598,0.14776,0.01784,0.01949,0.02080,0.01686,0.01554,-55.53885,1891.00000
0.15993,0.16026,0.15533,0.16059,0.15730,0.15763,0.15138,0.14973,0.15500,0.15598,0.01850,0.01488,0.01784,0.01488,0.01883,-55.23036,1892.00000
0.15829,0.15993,0.16256,0.16059,0.16289,0.15204,0.15105,0.15730,0.15335,0.14776,0.01752,0.01225,0.01817,0.01620,0.01423,-55.23036,1893.00000
0.15829,0.15565,0.16322,0.15565,0.16421,0.15039,0.15269,0.15204,0.15434,0.15269,0.02080,0.01686,0.01456,0.01719,0.01488,-54.36567,1894.00000
0.15730,0.15335,0.16552,0.15861,0.15796,0.15401,0.15401,0.14973,0.15072,0.15697,0.02048,0.01653,0.01456,0.01784,0.01653,-54.36567,1895.00000
0.15467,0.15565,0.15960,0.16190,0.15631,0.15302,0.15039,0.15072,0.15565,0.15434,0.02113,0.01620,0.01719,0.01752,0.01752,-54.58030,1896.00000
0.15894,0.15894,0.15730,0.15335,0.16421,0.15204,0.15401,0.15434,0.15500,0.15500,0.01752,0.01719,0.01817,0.01752,0.01587,-54.58030,1897.00000
0.15500,0.15796,0.15960,0.15960,0.15401,0.15598,0.15664,0.15565,0.15039,0.15796,0.01850,0.01883,0.01587,0.01587,0.02048,-55.25890,1898.00000
0.15664,0.16223,0.15237,0.15335,0.16256,0.15237,0.15434,0.15533,0.15500,0.15730,0.01883,0.01784,0.01357,0.01883,0.01949,-55.25890,1899.00000
0.15763,0.15894,0.16059,0.16223,0.15565,0.15269,0.15401,0.15302,0.15171,0.15565,0.01850,0.01587,0.01324,0.01883,0.01850,-54.39214,1900.00000
0.15796,0.16157,0.15500,0.16026,0.16125,0.15039,0.15269,0.15500,0.15302,0.15204,0.01850,0.01653,0.01784,0.01653,0.01850,-54.39214,1901.00000
0.16421,0.15401,0.16421,0.16059,0.16059,0.15631,0.15171,0.15138,0.15072,0.15105,0.01521,0.01686,0.01390,0.01587,0.02212,-54.06131,1902.00000
0.16026,0.15434,0.16256,0.15960,0.15533,0.15039,0.14743,0.15302,0.15533,0.15861,0.01719,0.02113,0.01620,0.01192,0.01423,-54.06131,1903.00000
0.16059,0.15829,0.16059,0.15796,0.16421,0.14809,0.15467,0.15138,0.15401,0.15368,0.01521,0.01653,0.02015,0.01423,0.01686,-55.05067,1904.00000
0.15927,0.15664,0.16519,0.15796,0.15894,0.15434,0.15269,0.15894,0.15598,0.15072,0.01817,0.01653,0.01686,0.01456,0.01456,-55.05067,1905.00000
0.16125,0.16092,0.15796,0.16157,0.15960,0.15302,0.15434,0.15664,0.15237,0.15565,0.01752,0.01784,0.01653,0.01554,0.01752,-55.31342,1906.00000
0.16421,0.15993,0.15894,0.15302,0.16322,0.15335,0.15434,0.14941,0.15664,0.15829,0.01653,0.01817,0.02508,0.01949,0.01456,-55.31342,1907.00000
0.15565,0.15861,0.16256,0.16388,0.15467,0.15237,0.15171,0.14908,0.15237,0.15401,0.01587,0.01521,0.01982,0.01752,0.01784,-55.10788,1908.00000
0.15598,0.15894,0.15927,0.15598,0.16190,0.15434,0.15006,0.14842,0.14776,0.15401,0.01686,0.01982,0.01587,0.01982,0.02113,-55.10788,1909.00000
0.15960,0.16125,0.15927,0.15927,0.15829,0.15237,0.15500,0.15434,0.15368,0.15598,0.01817,0.01423,0.01784,0.01817,0.01916,-55.73265,1910.00000
0.15401,0.16355,0.16157,0.15796,0.16421,0.15796,0.15664,0.15368,0.15302,0.15434,0.01982,0.01949,0.01883,0.01982,0.01949,-55.73265,1911.00000
0.15796,0.16092,0.16289,0.16190,0.15368,0.16059,0.15138,0.15039,0.15368,0.15368,0.01620,0.01686,0.01752,0.01521,0.01456,-55.53478,1912.00000
0.15861,0.15993,0.16388,0.15861,0.15664,0.14941,0.15500,0.15533,0.15500,0.15829,0.02080,0.01752,0.01686,0.01456,0.01752,-55.53478,1913.00000
0.16453,0.16355,0.15368,0.15927,0.16157,0.15138,0.15072,0.15335,0.15631,0.15302,0.01620,0.01456,0.01653,0.01949,0.01850,-55.96075,1914.00000
0.16421,0.15796,0.16190,0.15763,0.16125,0.15401,0.15763,0.15533,0.15434,0.15269,0.01719,0.01949,0.01982,0.01883,0.01554,-55.96075,1915.00000
0.16026,0.15796,0.16256,0.15861,0.15730,0.15730,0.15039,0.15401,0.15730,0.15335,0.01719,0.01620,0.01653,0.01291,0.01719,-56.37393,1916.00000
0.16486,0.15796,0.16717,0.15993,0.16289,0.15237,0.15664,0.15434,0.15467,0.15697,0.01850,0.01686,0.01719,0.01423,0.01916,-56.37393,1917.00000
0.15434,0.15894,0.16190,0.16421,0.15763,0.15335,0.15467,0.15796,0.15105,0.15500,0.02179,0.01817,0.01719,0.02015,0.01423,-55.44038,1918.00000
0.16585,0.16190,0.15467,0.16092,0.15697,0.15302,0.15368,0.15171,0.15335,0.15434,0.01554,0.01521,0.01653,0.02113,0.01850,-55.44038,1919.00000
0.15565,0.16092,0.15664,0.16322,0.16125,0.15697,0.15171,0.15434,0.15039,0.15533,0.01620,0.01982,0.02179,0.01949,0.01916,-54.63914,1920.00000
0.15598,0.15598,0.15993,0.15960,0.15993,0.15335,0.15171,0.15105,0.15500,0.15565,0.01817,0.01949,0.01587,0.01817,0.01587,-54.63914,1921.00000
0.15631,0.16026,0.15927,0.16092,0.15533,0.15467,0.15631,0.15598,0.15500,0.15302,0.01752,0.01653,0.01686,0.02146,0.01521,-55.14428,1922.00000
0.15829,0.16059,0.15993,0.15500,0.16223,0.15533,0.15533,0.15631,0.15302,0.15368,0.01949,0.01850,0.01883,0.01850,0.01719,-55.14428,1923.00000
0.15927,0.16223,0.15664,0.16388,0.16190,0.14875,0.15467,0.15730,0.15434,0.15533,0.01850,0.01587,0.01817,0.01916,0.01817,-54.56188,1924.00000
0.15598,0.16388,0.15763,0.16486,0.15533,0.15105,0.15730,0.15171,0.15072,0.15204,0.02048,0.02146,0.01752,0.01752,0.01982,-54.56188,1925.00000
0.15664,0.16552,0.15829,0.15598,0.15730,0.15796,0.14973,0.15269,0.15138,0.15664,0.01883,0.01883,0.02080,0.01752,0.01784,-55.05194,1926.00000
0.16322,0.15434,0.16355,0.16585,0.15763,0.15434,0.15171,0.15730,0.15434,0.15401,0.01554,0.01817,0.01784,0.01620,0.01554,-55.05194,1927.00000
0.16453,0.15763,0.16223,0.15697,0.16388,0.15072,0.15763,0.15138,0.15598,0.15829,0.01850,0.01620,0.01817,0.02146,0.02179,-55.02597,1928.00000
0.15105,0.16190,0.15697,0.16092,0.15796,0.15631,0.15368,0.15237,0.15631,0.15434,0.02113,0.01817,0.01949,0.01686,0.01850,-55.02597,1929.00000
0.15927,0.15796,0.16256,0.16092,0.16092,0.15500,0.15565,0.15533,0.15138,0.15434,0.01817,0.01653,0.01916,0.02113,0.01686,-55.28154,1930.00000
0.15796,0.15631,0.15861,0.15565,0.16125,0.15434,0.15368,0.16059,0.15664,0.15598,0.01456,0.01850,0.01752,0.01521,0.01686,-55.28154,1931.00000
0.15500,0.16223,0.15335,0.17013,0.16059,0.15401,0.15269,0.15861,0.15533,0.15664,0.01719,0.01982,0.01850,0.01784,0.01817,-54.87954,1932.00000
0.15861,0.16684,0.15796,0.16157,0.15730,0.16026,0.15533,0.15401,0.15730,0.15335,0.01817,0.02080,0.01456,0.01850,0.02048,-54.87954,1933.00000
0.16552,0.16486,0.16388,0.15960,0.16388,0.15697,0.15565,0.15138,0.15598,0.15072,0.01423,0.01883,0.01653,0.02080,0.01686,-54.73713,1934.00000
0.16486,0.15796,0.15697,0.16059,0.15796,0.15500,0.15565,0.15631,0.15006,0.15171,0.02113,0.01883,0.01850,0.01587,0.02015,-54.73713,1935.00000
0.15500,0.16125,0.16322,0.15598,0.15861,0.15171,0.15763,0.15467,0.15401,0.15533,0.01850,0.01817,0.01784,0.01916,0.01883,-54.91251,1936.00000
0.16190,0.16355,0.15993,0.15565,0.15796,0.15500,0.15039,0.15565,0.15302,0.15302,0.01916,0.01949,0.02113,0.01752,0.01883,-54.91251,1937.00000
0.15829,0.16125,0.16618,0.15105,0.16256,0.15533,0.15302,0.15204,0.15401,0.15533,0.02015,0.01949,0.01357,0.01587,0.01817,-55.32247,1938.00000
0.15533,0.16355,0.15993,0.15993,0.15631,0.15467,0.15631,0.15368,0.15302,0.15237,0.01916,0.01949,0.01488,0.01817,0.01883,-55.32247,1939.00000
0.16717,0.15894,0.16092,0.16092,0.16157,0.15631,0.15697,0.15302,0.14973,0.15204,0.01752,0.01850,0.02146,0.02179,0.02048,-54.68760,1940.00000
0.15565,0.15664,0.16092,0.16355,0.15894,0.15039,0.15861,0.15368,0.15302,0.15796,0.01620,0.01817,0.01916,0.01587,0.01916,-54.68760,1941.00000
0.15631,0.16026,0.16125,0.15434,0.15763,0.15204,0.15072,0.15335,0.15401,0.15171,0.01719,0.01653,0.01719,0.01686,0.01719,-55.69585,1942.00000
0.15894,0.15697,0.16519,0.15368,0.15796,0.15138,0.15434,0.15368,0.15269,0.15302,0.01390,0.01982,0.02146,0.01784,0.01784,-55.69585,1943.00000
0.15598,0.16453,0.15796,0.15730,0.15960,0.15039,0.15565,0.15269,0.15664,0.15500,0.01554,0.01653,0.01784,0.01850,0.01784,-55.23318,1944.00000
0.16289,0.16421,0.15894,0.15697,0.17013,0.14941,0.14973,0.15302,0.15927,0.15730,0.01620,0.01850,0.01620,0.01521,0.01883,-55.23318,1945.00000
0.16059,0.15730,0.16157,0.15763,0.15960,0.15368,0.15697,0.15598,0.15237,0.15500,0.01587,0.01521,0.01719,0.02245,0.01554,-55.45839,1946.00000
0.15894,0.16059,0.15927,0.15598,0.15697,0.15565,0.15302,0.15335,0.15500,0.15467,0.02048,0.01554,0.01850,0.01817,0.01521,-55.45839,1947.00000
0.15664,0.16092,0.16125,0.16388,0.16059,0.15072,0.15039,0.14875,0.15401,0.15664,0.01883,0.01784,0.01916,0.01916,0.01686,-56.25214,1948.00000
0.16223,0.16190,0.15697,0.16322,0.16157,0.15631,0.15565,0.15533,0.15072,0.15467,0.02080,0.02179,0.01883,0.01949,0.01653,-56.25214,1949.00000
0.16256,0.15861,0.15500,0.16289,0.15993,0.15269,0.15302,0.15237,0.15039,0.15138,0.01817,0.01653,0.01719,0.01620,0.01784,-55.68222,1950.00000
0.16289,0.16223,0.16388,0.16421,0.15763,0.14941,0.14973,0.15302,0.15565,0.15401,0.01752,0.01850,0.01883,0.02015,0.01916,-55.68222,1951.00000
0.15631,0.15730,0.15730,0.15993,0.16059,0.14875,0.15204,0.15368,0.15598,0.15565,0.01620,0.01324,0.01817,0.01488,0.01949,-55.30205,1952.00000
0.15631,0.16223,0.15631,0.15664,0.16026,0.15598,0.15598,0.15368,0.15533,0.15138,0.01982,0.02080,0.01817,0.01752,0.02048,-55.30205,1953.00000
0.15664,0.15960,0.15894,0.15993,0.15894,0.15072,0.15730,0.15500,0.15072,0.15204,0.01982,0.01784,0.01719,0.01784,0.02113,-55.94448,1954.00000
0.15730,0.15500,0.15993,0.16453,0.15993,0.15565,0.15138,0.15302,0.15533,0.16355,0.01653,0.01949,0.01719,0.02048,0.01982,-55.94448,1955.00000
0.15171,0.15927,0.15500,0.15697,0.15730,0.15401,0.15039,0.15237,0.15138,0.15204,0.01554,0.01817,0.01587,0.01850,0.01719,-55.25007,1956.00000
0.15927,0.16355,0.15927,0.16486,0.15664,0.15171,0.15302,0.15269,0.15269,0.15500,0.01982,0.01456,0.01521,0.01982,0.01719,-55.25007,1957.00000
0.16289,0.15434,0.16421,0.16190,0.16486,0.15335,0.15664,0.15335,0.15434,0.15467,0.01883,0.01554,0.01752,0.01949,0.01883,-55.08842,1958.00000
0.16421,0.15730,0.15829,0.15664,0.15730,0.15237,0.15434,0.15598,0.15204,0.15565,0.02245,0.02015,0.01982,0.01850,0.01554,-55.08842,1959.00000
0.15960,0.16388,0.15467,0.15861,0.15697,0.15533,0.15368,0.15631,0.15565,0.15237,0.02541,0.02146,0.01883,0.02048,0.01587,-54.15554,1960.00000
0.15960,0.16125,0.16026,0.16322,0.16125,0.15598,0.15796,0.15368,0.15204,0.15467,0.02015,0.01850,0.01752,0.02080,0.02048,-54.15554,1961.00000
0.15960,0.15697,0.15960,0.16453,0.16059,0.15829,0.15500,0.15368,0.15533,0.14809,0.01916,0.01752,0.01784,0.01686,0.01916,-54.48011,1962.00000
0.15796,0.16388,0.15927,0.16026,0.16092,0.15598,0.15335,0.15467,0.15730,0.15335,0.01653,0.01949,0.02048,0.01883,0.01686,-54.48011,1963.00000
0.16421,0.15861,0.16190,0.15796,0.16026,0.15105,0.16059,0.15269,0.15105,0.14973,0.01752,0.01784,0.01850,0.01883,0.02048,-54.34943,1964.00000
0.15631,0.16059,0.16059,0.15565,0.16223,0.15598,0.15335,0.15401,0.15467,0.15434,0.02179,0.01817,0.01982,0.01620,0.01653,-54.34943,1965.00000
0.15335,0.16585,0.15894,0.16026,0.15829,0.15533,0.15697,0.15598,0.15368,0.15533,0.01982,0.01620,0.01850,0.01949,0.01653,-53.98624,1966.00000
0.16026,0.15565,0.15763,0.15993,0.16190,0.14941,0.15171,0.14875,0.15368,0.15533,0.01620,0.02278,0.01521,0.01949,0.01686,-53.98624,1967.00000
0.16289,0.16322,0.15993,0.16026,0.15861,0.15072,0.15302,0.15105,0.15730,0.15302,0.01784,0.02080,0.01719,0.01653,0.01883,-54.09029,1968.00000
0.16289,0.16322,0.16190,0.15861,0.15796,0.15434,0.15697,0.15006,0.15434,0.15105,0.02015,0.02015,0.01883,0.01719,0.01620,-54.09029,1969.00000
0.15730,0.15598,0.15993,0.15335,0.16026,0.15467,0.15434,0.15237,0.15533,0.15204,0.02048,0.01554,0.01554,0.01949,0.01883,-55.10667,1970.00000
0.15302,0.16190,0.15730,0.16256,0.15796,0.15467,0.15335,0.15598,0.15565,0.15269,0.01883,0.01883,0.01850,0.02278,0.02212,-55.10667,1971.00000
0.16355,0.15894,0.15664,0.15664,0.16256,0.15072,0.15072,0.15105,0.15730,0.15796,0.01587,0.01817,0.02015,0.01719,0.01982,-54.39904,1972.00000
0.16355,0.16256,0.15829,0.15861,0.16223,0.15006,0.15237,0.15269,0.15500,0.14973,0.02179,0.01817,0.02212,0.01784,0.02146,-54.39904,1973.00000
0.16256,0.15697,0.15993,0.15960,0.15730,0.15105,0.15500,0.15598,0.15434,0.15434,0.02146,0.01620,0.02080,0.01883,0.02048,-55.57354,1974.00000
0.15927,0.15631,0.16223,0.16190,0.15927,0.15434,0.15565,0.15467,0.15335,0.15664,0.01982,0.01916,0.01554,0.01850,0.02212,-55.57354,1975.00000
0.15730,0.15993,0.15697,0.15598,0.16223,0.15533,0.15631,0.15401,0.15368,0.15631,0.01982,0.02212,0.01752,0.02048,0.02179,-55.33804,1976.00000
0.16059,0.16026,0.16125,0.16552,0.16190,0.15006,0.15039,0.15598,0.15401,0.15960,0.01784,0.01488,0.01817,0.01949,0.01521,-55.33804,1977.00000
0.16157,0.15697,0.15072,0.15927,0.16125,0.15829,0.15171,0.15631,0.15072,0.15434,0.02442,0.02113,0.01357,0.01784,0.02080,-55.41316,1978.00000
0.15993,0.15138,0.15829,0.15533,0.15467,0.15401,0.15171,0.15138,0.15138,0.15105,0.02015,0.01883,0.01752,0.01949,0.02212,-55.41316,1979.00000
0.15894,0.15697,0.15829,0.15631,0.15105,0.15401,0.15237,0.15533,0.15565,0.15927,0.01916,0.02179,0.02080,0.01883,0.01949,-56.60306,1980.00000
0.15829,0.15631,0.16190,0.16059,0.16289,0.15335,0.15401,0.15204,0.15302,0.15204,0.01817,0.01916,0.01752,0.01752,0.01620,-56.60306,1981.00000
0.16322,0.15434,0.15861,0.15763,0.15730,0.15533,0.15138,0.15072,0.15434,0.15171,0.01752,0.01752,0.01982,0.02113,0.01949,-55.92360,1982.00000
0.15861,0.16355,0.15894,0.16059,0.16125,0.15138,0.15500,0.15664,0.15105,0.15138,0.01784,0.01784,0.02113,0.01620,0.01916,-55.92360,1983.00000
0.15894,0.15467,0.16486,0.15171,0.15993,0.15105,0.14973,0.15533,0.15335,0.15171,0.01719,0.01883,0.02278,0.01653,0.01686,-55.74256,1984.00000
0.15565,0.15763,0.16157,0.15730,0.15796,0.15467,0.15533,0.14776,0.15467,0.14941,0.01817,0.01817,0.02015,0.01686,0.01784,-55.74256,1985.00000
0.16059,0.15829,0.15829,0.16289,0.15138,0.15072,0.15039,0.15204,0.15631,0.15138,0.01916,0.01423,0.01916,0.01817,0.02311,-55.41034,1986.00000
0.16026,0.16026,0.15598,0.16453,0.15631,0.15368,0.15664,0.14710,0.15368,0.15302,0.02080,0.01850,0.01949,0.01653,0.01949,-55.41034,1987.00000
0.16092,0.15796,0.16453,0.15730,0.15631,0.15171,0.15664,0.15401,0.15401,0.15401,0.01784,0.02048,0.01752,0.02015,0.02015,-54.39707,1988.00000
0.16289,0.15302,0.15861,0.15598,0.15796,0.15401,0.15335,0.15302,0.15533,0.15500,0.01817,0.01817,0.01752,0.01752,0.01784,-54.39707,1989.00000
0.16059,0.15598,0.15730,0.15105,0.15335,0.14908,0.15335,0.15598,0.15796,0.14941,0.01456,0.01686,0.01686,0.01949,0.01653,-54.39092,1990.00000
0.16256,0.16092,0.15960,0.15269,0.16059,0.14908,0.15368,0.14908,0.15237,0.15565,0.01982,0.01916,0.01752,0.01883,0.02080,-54.39092,1991.00000
0.15697,0.16223,0.15467,0.15664,0.15960,0.15335,0.15631,0.14973,0.15171,0.15105,0.01850,0.02179,0.01883,0.01653,0.01423,-55.03481,1992.00000
0.16322,0.15894,0.16125,0.15927,0.15763,0.15335,0.15434,0.15039,0.15105,0.15269,0.01949,0.02245,0.01883,0.01686,0.02179,-55.03481,1993.00000
0.16223,0.15368,0.15631,0.16059,0.15335,0.15335,0.15335,0.14809,0.15335,0.16026,0.01620,0.01883,0.01949,0.01752,0.01916,-54.59260,1994.00000
0.15960,0.16421,0.16190,0.15861,0.15697,0.14973,0.15105,0.15269,0.15500,0.15697,0.01521,0.02146,0.01521,0.01883,0.01719,-54.59260,1995.00000
0.16190,0.15631,0.15631,0.15993,0.15960,0.14973,0.14973,0.15269,0.15401,0.15368,0.01719,0.01883,0.01982,0.01653,0.01817,-54.29581,1996.00000
0.15664,0.15598,0.15730,0.15993,0.15072,0.15072,0.15467,0.15105,0.15368,0.15829,0.02015,0.02146,0.01456,0.01949,0.01357,-54.29581,1997.00000
0.15861,0.15960,0.15697,0.15960,0.15598,0.15302,0.15401,0.15039,0.15072,0.15171,0.01653,0.01686,0.02080,0.01817,0.01587,-54.32076,1998.00000
0.15302,0.16026,0.15730,0.15664,0.15993,0.15072,0.15565,0.15631,0.14875,0.15237,0.02048,0.01587,0.01817,0.01719,0.01784,-54.32076,1999.00000
0.16848,0.15368,0.15598,0.16355,0.15664,0.15105,0.15533,0.15730,0.15204,0.15467,0.02080,0.01752,0.01949,0.02080,0.01784,-54.76536,2000.00000
0.15829,0.15368,0.16092,0.15335,0.16453,0.15006,0.15237,0.15072,0.15467,0.15302,0.01752,0.01850,0.01784,0.02212,0.01521,-54.76536,2001.00000
0.16256,0.16059,0.15171,0.15829,0.15796,0.14842,0.15335,0.15269,0.15204,0.15500,0.01719,0.01949,0.01620,0.01752,0.01817,-54.75573,2002.00000
0.15335,0.15565,0.15500,0.15533,0.16125,0.15434,0.15105,0.14973,0.15237,0.15368,0.01883,0.01982,0.01850,0.02015,0.01850,-54.75573,2003.00000
0.16125,0.15894,0.15368,0.15993,0.15631,0.14941,0.15368,0.15171,0.15533,0.15434,0.01620,0.01850,0.01850,0.01554,0.02080,-54.79974,2004.00000
0.15565,0.16388,0.16092,0.16125,0.16223,0.15269,0.15631,0.15006,0.15500,0.15763,0.01752,0.01850,0.02344,0.01620,0.01620,-54.79974,2005.00000
0.16190,0.16190,0.15796,0.15894,0.15829,0.14973,0.14973,0.15335,0.15204,0.15434,0.02080,0.02344,0.02113,0.01817,0.01653,-55.35153,2006.00000
0.16157,0.15763,0.15763,0.15533,0.15401,0.15500,0.15171,0.15533,0.15697,0.15138,0.02048,0.02080,0.02113,0.01784,0.01949,-55.35153,2007.00000
0.15434,0.16157,0.16157,0.15467,0.15697,0.15302,0.15533,0.14908,0.15269,0.14677,0.01587,0.02048,0.02048,0.01817,0.01620,-55.89110,2008.00000
0.16157,0.15960,0.15829,0.16092,0.15598,0.15204,0.15269,0.15269,0.15401,0.15697,0.01423,0.02080,0.02080,0.01752,0.01949,-55.89110,2009.00000
0.15861,0.15993,0.15500,0.15302,0.16289,0.15302,0.15171,0.14842,0.15138,0.15631,0.01620,0.01850,0.01982,0.02179,0.01752,-55.74096,2010.00000
0.15861,0.16388,0.15401,0.16092,0.16092,0.15105,0.14908,0.14809,0.15467,0.15664,0.01719,0.01752,0.01719,0.01916,0.01620,-55.74096,2011.00000
0.15335,0.15861,0.15993,0.15368,0.15598,0.15302,0.15072,0.15204,0.15565,0.15237,0.02245,0.01883,0.01883,0.01752,0.01784,-54.78942,2012.00000
0.15894,0.15861,0.15861,0.15763,0.16256,0.15039,0.15204,0.15368,0.15664,0.15368,0.02113,0.02146,0.01982,0.01883,0.01752,-54.78942,2013.00000
0.15730,0.15598,0.15960,0.15697,0.15565,0.15368,0.15105,0.15006,0.15500,0.15204,0.01883,0.02278,0.02048,0.02179,0.01784,-54.34051,2014.00000
0.15763,0.15072,0.15533,0.15894,0.15697,0.15302,0.15302,0.14677,0.14842,0.15105,0.02245,0.01817,0.02048,0.01949,0.01784,-54.34051,2015.00000
0.15434,0.16092,0.16125,0.15796,0.15664,0.14875,0.15269,0.15467,0.14612,0.15631,0.01784,0.01784,0.01982,0.02179,0.02311,-53.47641,2016.00000
0.15598,0.16157,0.15927,0.15829,0.15467,0.15335,0.15368,0.15664,0.15533,0.15237,0.02048,0.01653,0.01456,0.01620,0.01982,-53.47641,2017.00000
0.15993,0.15631,0.15533,0.15664,0.15533,0.15171,0.15302,0.15335,0.15006,0.15434,0.02048,0.01883,0.01850,0.01883,0.01949,-49.91692,2018.00000
0.15697,0.16322,0.15697,0.15598,0.15697,0.15105,0.15105,0.15500,0.15237,0.14973,0.01916,0.01686,0.01817,0.01850,0.02113,-49.91692,2019.00000
0.15565,0.15993,0.15467,0.16256,0.15829,0.15204,0.15171,0.15072,0.15269,0.15533,0.01949,0.01719,0.02048,0.01817,0.01686,-48.68893,2020.00000
0.16092,0.15565,0.15401,0.16421,0.15269,0.15763,0.15302,0.15401,0.15302,0.15533,0.01982,0.02113,0.01719,0.01686,0.01752,-48.68893,2021.00000
0.16519,0.15434,0.16519,0.15861,0.15565,0.15006,0.15500,0.15335,0.14941,0.15335,0.02015,0.02015,0.02442,0.01916,0.01357,-51.39280,2022.00000
0.15894,0.15664,0.16026,0.15796,0.16026,0.15631,0.15796,0.15697,0.15105,0.15434,0.01587,0.01653,0.01817,0.01949,0.01752,-51.39280,2023.00000
0.16223,0.15401,0.16157,0.16026,0.15467,0.14842,0.15533,0.15105,0.15302,0.15467,0.01916,0.01752,0.01883,0.01883,0.01883,-52.59826,2024.00000
0.16026,0.15467,0.15960,0.16157,0.15796,0.15631,0.15368,0.15138,0.14776,0.15763,0.02048,0.01752,0.01784,0.01686,0.01850,-52.59826,2025.00000
0.15368,0.15302,0.16125,0.15796,0.15565,0.15039,0.15302,0.15105,0.15500,0.15401,0.01883,0.01817,0.01620,0.01850,0.02048,-53.03741,2026.00000
0.16421,0.15861,0.15664,0.15763,0.15664,0.15533,0.15204,0.15269,0.15171,0.15697,0.02113,0.01719,0.01850,0.01784,0.02212,-53.03741,2027.00000
0.16092,0.16453,0.15664,0.16026,0.15302,0.15269,0.15204,0.15500,0.15204,0.15269,0.01883,0.01752,0.01883,0.01883,0.02311,-53.75015,2028.00000
0.15730,0.15006,0.16289,0.16256,0.15993,0.15105,0.15138,0.15204,0.15171,0.15697,0.01982,0.01982,0.01850,0.02015,0.01949,-53.75015,2029.00000
0.15467,0.15927,0.15039,0.16125,0.15500,0.15269,0.15006,0.15039,0.15006,0.15006,0.01784,0.01883,0.01817,0.01883,0.01916,-54.28718,2030.00000
0.15500,0.16026,0.15467,0.15500,0.15467,0.15138,0.15237,0.15368,0.14875,0.15105,0.02146,0.01883,0.02080,0.01916,0.01752,-54.28718,2031.00000
0.15763,0.15993,0.16026,0.15960,0.15960,0.15269,0.15072,0.15072,0.15434,0.15039,0.01883,0.02146,0.02015,0.02113,0.01949,-54.39945,2032.00000
0.15631,0.15730,0.15894,0.16223,0.15467,0.15269,0.15171,0.15631,0.15664,0.14776,0.01850,0.01916,0.01850,0.01686,0.02113,-54.39945,2033.00000
0.15533,0.16026,0.16223,0.15631,0.15861,0.15105,0.15796,0.15500,0.15171,0.15237,0.01850,0.02179,0.01817,0.02311,0.01883,-54.14797,2034.00000
0.15368,0.15105,0.15763,0.15861,0.16125,0.14973,0.15598,0.15302,0.14677,0.15039,0.01850,0.01817,0.02146,0.02376,0.02080,-54.14797,2035.00000
0.15796,0.15467,0.15993,0.15730,0.15829,0.15171,0.14710,0.15171,0.15500,0.15269,0.02048,0.02344,0.01653,0.01883,0.01949,-54.65211,2036.00000
0.16289,0.15730,0.15631,0.15697,0.15302,0.15368,0.15269,0.15533,0.15467,0.15434,0.02146,0.01916,0.01916,0.01883,0.02048,-54.65211,2037.00000
0.16157,0.16355,0.15434,0.16059,0.15829,0.15335,0.15401,0.15006,0.15171,0.15237,0.02015,0.02048,0.02015,0.02113,0.02048,-55.66590,2038.00000
0.15993,0.15533,0.16190,0.15796,0.15368,0.15237,0.15237,0.15237,0.15204,0.15664,0.02015,0.01982,0.01784,0.02015,0.02278,-55.66590,2039.00000
0.15730,0.15598,0.15730,0.15960,0.15664,0.15500,0.15171,0.15368,0.15072,0.15171,0.01784,0.01752,0.01554,0.02015,0.02048,-55.61615,2040.00000
0.16125,0.15664,0.15598,0.15796,0.16388,0.15664,0.15335,0.15598,0.15006,0.15664,0.02080,0.02245,0.02048,0.02113,0.02146,-55.61615,2041.00000
0.15434,0.16651,0.15565,0.15204,0.15631,0.15993,0.15697,0.15237,0.15335,0.15204,0.02179,0.01423,0.01949,0.01883,0.02015,-55.78415,2042.00000
0.16125,0.15664,0.16519,0.15730,0.15730,0.15598,0.15171,0.15434,0.15763,0.15730,0.01488,0.01850,0.01982,0.01916,0.02048,-55.78415,2043.00000
0.16026,0.16157,0.16026,0.15401,0.16322,0.15401,0.15302,0.15138,0.15368,0.15401,0.02048,0.02080,0.01752,0.02048,0.01686,-55.63133,2044.00000
0.15664,0.15993,0.15697,0.16026,0.15829,0.15697,0.15269,0.15467,0.15368,0.15072,0.02278,0.01521,0.01982,0.02311,0.01817,-55.63133,2045.00000
0.15434,0.15269,0.15796,0.15829,0.15960,0.15335,0.15368,0.15434,0.15697,0.15467,0.02113,0.01949,0.01883,0.02146,0.02048,-55.62573,2046.00000
0.15533,0.15730,0.15927,0.15500,0.15598,0.15039,0.15565,0.15598,0.15533,0.15171,0.01850,0.01752,0.01850,0.01686,0.02080,-55.62573,2047.00000
0.16125,0.15829,0.15401,0.15664,0.16059,0.15204,0.14842,0.15302,0.15204,0.15434,0.01784,0.02015,0.01850,0.01850,0.01653,-55.31530,2048.00000
0.15763,0.15993,0.15664,0.15829,0.15401,0.14875,0.15565,0.15302,0.15368,0.15368,0.01982,0.01554,0.01850,0.01982,0.01752,-55.31530,2049.00000
0.15565,0.15927,0.15302,0.15829,0.15335,0.15434,0.15105,0.15171,0.15138,0.15467,0.01686,0.01620,0.01883,0.01949,0.01949,-55.85589,2050.00000
0.16289,0.15829,0.16026,0.15467,0.16059,0.15138,0.15467,0.15368,0.15401,0.14875,0.01752,0.01883,0.02409,0.01850,0.01620,-55.85589,2051.00000
0.15861,0.15598,0.15927,0.15269,0.16322,0.15204,0.15072,0.15664,0.15269,0.15401,0.01719,0.01949,0.01949,0.01817,0.01883,-55.48654,2052.00000
0.16026,0.15401,0.15598,0.15763,0.16125,0.15171,0.15105,0.15105,0.15763,0.15467,0.02048,0.01554,0.02113,0.02080,0.01817,-55.48654,2053.00000
0.15533,0.16223,0.15796,0.15861,0.15631,0.15467,0.15401,0.15565,0.15072,0.15269,0.01554,0.01982,0.01817,0.02015,0.01686,-54.71837,2054.00000
0.15927,0.16519,0.16486,0.15993,0.15533,0.15401,0.15302,0.15269,0.15105,0.15434,0.01883,0.01719,0.02015,0.02146,0.02015,-54.71837,2055.00000
0.15434,0.16355,0.16026,0.15796,0.15401,0.15796,0.15467,0.15204,0.15138,0.15204,0.01982,0.02344,0.02278,0.02179,0.02048,-55.23760,2056.00000
0.15171,0.15730,0.15829,0.15730,0.15763,0.15269,0.15105,0.15138,0.15861,0.15335,0.02311,0.02080,0.01850,0.02278,0.02212,-55.23760,2057.00000
0.15434,0.15829,0.15829,0.15401,0.16026,0.15039,0.15335,0.15269,0.15171,0.15401,0.02080,0.01916,0.02212,0.01817,0.02048,-54.80874,2058.00000
0.16552,0.15533,0.16289,0.15796,0.16190,0.15500,0.15072,0.15006,0.15237,0.15335,0.01686,0.01784,0.01949,0.01949,0.01883,-54.80874,2059.00000
0.15565,0.15763,0.16125,0.15631,0.16355,0.15368,0.15368,0.15401,0.15039,0.15434,0.01982,0.02015,0.01817,0.02311,0.01982,-55.02400,2060.00000
0.16355,0.15697,0.16355,0.15269,0.16059,0.15598,0.15171,0.15269,0.15072,0.15368,0.01883,0.02245,0.01850,0.01850,0.01883,-55.02400,2061.00000
0.15565,0.16322,0.15861,0.15960,0.15697,0.15105,0.15500,0.15434,0.15401,0.15237,0.01817,0.02015,0.02146,0.02311,0.02080,-54.28202,2062.00000
0.15894,0.15763,0.16388,0.16059,0.15697,0.15533,0.14842,0.15204,0.14941,0.15204,0.02179,0.02048,0.01719,0.01817,0.01784,-54.28202,2063.00000
0.15664,0.16125,0.16157,0.15269,0.15927,0.15335,0.15237,0.15171,0.15533,0.15697,0.02344,0.01554,0.01653,0.01817,0.01916,-54.55800,2064.00000
0.16684,0.15434,0.16092,0.15894,0.16026,0.15335,0.15204,0.15039,0.14908,0.15072,0.01916,0.02179,0.02113,0.02146,0.01916,-54.55800,2065.00000
0.15697,0.15368,0.15796,0.15598,0.15796,0.14908,0.15796,0.15368,0.15204,0.15039,0.02048,0.01883,0.02278,0.02179,0.01620,-54.71797,2066.00000
0.15861,0.15960,0.15894,0.15960,0.15894,0.15039,0.15204,0.15664,0.15861,0.14710,0.02113,0.02409,0.01686,0.02048,0.01883,-54.71797,2067.00000
0.15730,0.15894,0.15993,0.15664,0.15894,0.15467,0.14776,0.15533,0.15697,0.15565,0.01982,0.01587,0.01982,0.02015,0.02080,-55.71836,2068.00000
0.16289,0.14973,0.16092,0.15861,0.15631,0.15105,0.15204,0.15927,0.15237,0.15730,0.01916,0.01817,0.01883,0.01949,0.01784,-55.71836,2069.00000
0.15894,0.15335,0.15598,0.15697,0.15105,0.15138,0.15368,0.15269,0.15368,0.14941,0.01850,0.01883,0.01686,0.01982,0.01719,-56.12822,2070.00000
0.15697,0.15565,0.15664,0.15796,0.16125,0.15368,0.15631,0.15434,0.15204,0.15368,0.01883,0.02015,0.02212,0.01817,0.01686,-56.12822,2071.00000
0.16157,0.15861,0.15829,0.15927,0.15697,0.15302,0.15598,0.15401,0.15072,0.15302,0.01949,0.01883,0.02015,0.02048,0.01719,-55.72524,2072.00000
0.15565,0.16486,0.15631,0.15664,0.15664,0.15204,0.15335,0.15171,0.15565,0.15072,0.01916,0.01784,0.01916,0.01784,0.01916,-55.72524,2073.00000
0.15993,0.15697,0.15829,0.16256,0.15697,0.15500,0.15401,0.15401,0.14941,0.15829,0.01817,0.01883,0.02179,0.02113,0.01916,-55.81916,2074.00000
0.15960,0.15894,0.16223,0.15302,0.15664,0.15401,0.15072,0.15368,0.14908,0.15237,0.01883,0.02113,0.01521,0.01784,0.01949,-55.81916,2075.00000
0.15467,0.16026,0.15763,0.15861,0.15598,0.15598,0.15434,0.15467,0.15500,0.15171,0.02146,0.01719,0.02080,0.01850,0.02245,-55.05558,2076.00000
0.16289,0.15335,0.16453,0.15894,0.15763,0.15335,0.15335,0.15335,0.15565,0.15302,0.01949,0.01949,0.02376,0.01653,0.02048,-55.05558,2077.00000
0.15434,0.15796,0.16092,0.15960,0.16256,0.15302,0.15500,0.15072,0.15467,0.15467,0.01949,0.02146,0.02048,0.01653,0.02278,-55.15230,2078.00000
0.15533,0.16388,0.15269,0.15533,0.16388,0.15565,0.15171,0.15368,0.14743,0.15467,0.01916,0.02015,0.01949,0.01916,0.02344,-55.15230,2079.00000
0.15993,0.15697,0.15796,0.16059,0.16190,0.15204,0.15105,0.15072,0.15533,0.15302,0.01916,0.02080,0.01784,0.01719,0.02080,-55.44480,2080.00000
0.15368,0.15730,0.16059,0.15894,0.16519,0.15368,0.15237,0.15204,0.15171,0.15302,0.02048,0.02080,0.01949,0.02113,0.01949,-55.44480,2081.00000
0.15631,0.15434,0.15500,0.16125,0.15171,0.15730,0.15533,0.15335,0.15368,0.15171,0.01982,0.02113,0.01883,0.01784,0.01817,-55.31762,2082.00000
0.15467,0.16289,0.15894,0.15434,0.16289,0.15598,0.15368,0.15072,0.15401,0.15730,0.01916,0.01916,0.01949,0.01850,0.01982,-55.31762,2083.00000
0.15631,0.15829,0.16190,0.15467,0.16190,0.15565,0.14842,0.14875,0.15500,0.14842,0.01817,0.01719,0.02015,0.02212,0.01916,-55.50305,2084.00000
0.14710,0.15861,0.15697,0.15565,0.16355,0.15500,0.15006,0.15138,0.15072,0.15335,0.01949,0.02048,0.01817,0.02015,0.01784,-55.50305,2085.00000
0.15829,0.15697,0.15927,0.16190,0.15927,0.15598,0.15105,0.15302,0.15237,0.15138,0.01916,0.02015,0.02048,0.01817,0.02080,-55.56646,2086.00000
0.16157,0.15631,0.15598,0.15598,0.15006,0.15138,0.15039,0.15269,0.15302,0.15500,0.01949,0.02344,0.02245,0.02080,0.02015,-55.56646,2087.00000
0.16256,0.15796,0.15598,0.15861,0.15565,0.15237,0.15467,0.15269,0.15204,0.15105,0.01949,0.02015,0.02080,0.01916,0.01357,-55.12698,2088.00000
0.15730,0.15565,0.16322,0.15467,0.15598,0.15138,0.15302,0.15401,0.15171,0.15631,0.01784,0.01587,0.02015,0.01916,0.02212,-55.12698,2089.00000
0.16092,0.15697,0.15993,0.15237,0.16190,0.15500,0.15302,0.14973,0.15467,0.15138,0.02212,0.02212,0.01949,0.01817,0.02278,-54.48976,2090.00000
0.16125,0.15631,0.15796,0.15730,0.15500,0.15467,0.15401,0.15138,0.15500,0.15105,0.01488,0.02015,0.01883,0.01784,0.02015,-54.48976,2091.00000
0.15434,0.16322,0.15829,0.15730,0.15993,0.15072,0.15204,0.14908,0.15171,0.15500,0.01784,0.01817,0.02048,0.02311,0.01916,-54.59351,2092.00000
0.15631,0.16322,0.15565,0.15631,0.16388,0.15105,0.14809,0.14973,0.15533,0.15565,0.01521,0.02080,0.01620,0.01817,0.02080,-54.59351,2093.00000
0.15204,0.15500,0.15894,0.15533,0.16059,0.15598,0.15039,0.15434,0.15500,0.15335,0.02245,0.02278,0.01817,0.01850,0.01883,-55.26307,2094.00000
0.16453,0.15894,0.15829,0.16092,0.15763,0.14973,0.15434,0.15072,0.14546,0.15237,0.01883,0.02080,0.02212,0.01949,0.01982,-55.26307,2095.00000
0.15598,0.15960,0.15796,0.15039,0.15598,0.15237,0.15105,0.15204,0.14842,0.14941,0.02344,0.02048,0.01719,0.01817,0.02311,-55.43427,2096.00000
0.16026,0.15434,0.15960,0.15302,0.15894,0.15467,0.15631,0.15302,0.15204,0.15664,0.01916,0.02179,0.02344,0.01883,0.02015,-55.43427,2097.00000
0.15401,0.15894,0.16190,0.15829,0.15894,0.15401,0.14677,0.15434,0.15302,0.15302,0.02278,0.01817,0.01883,0.02146,0.02344,-54.98032,2098.00000
0.16125,0.15302,0.15467,0.15730,0.16585,0.15204,0.14908,0.15138,0.15105,0.15171,0.02311,0.01982,0.02179,0.01686,0.01916,-54.98032,2099.00000
0.16157,0.15631,0.16026,0.16190,0.15335,0.15039,0.15072,0.15565,0.14908,0.14743,0.01752,0.02113,0.02080,0.01850,0.01752,-54.98039,2100.00000
0.15894,0.15565,0.15796,0.15434,0.15927,0.15631,0.14908,0.14743,0.14875,0.15171,0.01883,0.01949,0.02245,0.02146,0.01982,-54.98039,2101.00000
0.14973,0.16190,0.16092,0.15631,0.15500,0.15302,0.15335,0.15368,0.15072,0.15105,0.01784,0.02015,0.01850,0.01949,0.01784,-54.72164,2102.00000
0.15861,0.15598,0.15927,0.15664,0.15631,0.15039,0.14842,0.15269,0.15467,0.14973,0.01850,0.02113,0.01686,0.01653,0.01784,-54.72164,2103.00000
0.15763,0.15598,0.15730,0.15927,0.15401,0.15302,0.15335,0.14875,0.14908,0.15401,0.02212,0.01916,0.02212,0.01883,0.01949,-54.83152,2104.00000
0.15664,0.15565,0.15697,0.15598,0.16092,0.15204,0.15039,0.15565,0.14908,0.15631,0.02344,0.01883,0.01883,0.01916,0.01883,-54.83152,2105.00000
0.15598,0.16486,0.15138,0.16289,0.15401,0.15039,0.15204,0.15368,0.15171,0.15335,0.01817,0.01982,0.01719,0.02113,0.01949,-54.73510,2106.00000
0.15171,0.15763,0.16157,0.16717,0.15072,0.15171,0.15204,0.15269,0.15039,0.15467,0.02179,0.01850,0.01719,0.02015,0.01916,-54.73510,2107.00000
0.15697,0.15894,0.16125,0.15894,0.16125,0.14941,0.15302,0.15697,0.15006,0.15171,0.02015,0.02212,0.02179,0.02113,0.01982,-50.70983,2108.00000
0.15631,0.15500,0.15993,0.15960,0.15894,0.15039,0.14875,0.14941,0.14710,0.14973,0.01784,0.01949,0.01817,0.01784,0.01982,-50.70983,2109.00000
0.15368,0.15993,0.15697,0.15533,0.15302,0.15105,0.15006,0.14776,0.14875,0.15006,0.01784,0.02146,0.02212,0.02146,0.02344,-50.93109,2110.00000
0.15434,0.16092,0.15894,0.15796,0.15894,0.15105,0.15204,0.15533,0.15204,0.15697,0.01521,0.02146,0.01587,0.02113,0.01949,-50.93109,2111.00000
0.16092,0.15335,0.16092,0.15927,0.15533,0.14776,0.15138,0.15006,0.15302,0.14941,0.01949,0.01686,0.02179,0.01982,0.01916,-51.77902,2112.00000
0.15697,0.16125,0.15500,0.15533,0.15829,0.15368,0.15434,0.14941,0.15105,0.14645,0.02311,0.01982,0.01817,0.02212,0.01949,-51.77902,2113.00000
0.15927,0.15335,0.16223,0.15500,0.15730,0.15730,0.15401,0.14973,0.15335,0.14743,0.01752,0.01686,0.02015,0.01686,0.02048,-52.93541,2114.00000
0.16421,0.15763,0.15861,0.16223,0.15500,0.14973,0.15105,0.14776,0.15269,0.15138,0.01554,0.02080,0.01949,0.02212,0.01784,-52.93541,2115.00000
0.15894,0.15927,0.15993,0.15204,0.15467,0.15039,0.15072,0.15434,0.15006,0.15533,0.01554,0.01620,0.01850,0.01883,0.01784,-53.90667,2116.00000
0.16289,0.15500,0.15500,0.15730,0.15927,0.15039,0.15072,0.15533,0.15204,0.15237,0.02113,0.01620,0.01784,0.02179,0.02245,-53.90667,2117.00000
0.16125,0.15697,0.15697,0.14973,0.16289,0.14973,0.15138,0.14645,0.15204,0.15138,0.01817,0.01817,0.01817,0.02179,0.01784,-54.74142,2118.00000
0.15006,0.15631,0.15434,0.15565,0.15960,0.15237,0.15039,0.14973,0.14743,0.15105,0.01752,0.02080,0.02048,0.02048,0.01916,-54.74142,2119.00000
0.15072,0.15533,0.15533,0.15927,0.15927,0.14776,0.15664,0.15434,0.15368,0.15434,0.01817,0.02015,0.01850,0.02113,0.01982,-54.80235,2120.00000
0.15467,0.15861,0.15467,0.15730,0.15006,0.14875,0.15467,0.15500,0.15335,0.15269,0.01883,0.02015,0.02179,0.02278,0.01587,-54.80235,2121.00000
0.15796,0.15894,0.15368,0.16157,0.15500,0.15269,0.14743,0.14908,0.15434,0.15697,0.01883,0.02146,0.01817,0.02015,0.02015,-54.85723,2122.00000
0.15434,0.16125,0.15664,0.16157,0.15533,0.15401,0.15434,0.15237,0.15269,0.15006,0.01752,0.02344,0.01653,0.02179,0.02113,-54.85723,2123.00000
0.15960,0.15829,0.15631,0.15565,0.15467,0.14875,0.15237,0.15204,0.15664,0.15631,0.01784,0.01916,0.01686,0.02146,0.01949,-55.07266,2124.00000
0.15269,0.15796,0.15434,0.15500,0.15500,0.14941,0.15105,0.15072,0.15269,0.14908,0.02015,0.02212,0.01521,0.02179,0.02015,-55.07266,2125.00000
0.15960,0.15796,0.15829,0.15368,0.15763,0.15467,0.14941,0.15204,0.15105,0.15204,0.02146,0.01357,0.02015,0.01752,0.02278,-55.67598,2126.00000
0.15434,0.15434,0.15697,0.15302,0.15664,0.15697,0.15006,0.15434,0.15237,0.14941,0.01982,0.02146,0.01850,0.01752,0.01949,-55.67598,2127.00000
0.15763,0.15664,0.15730,0.15500,0.15434,0.14710,0.15269,0.14546,0.15500,0.15269,0.01719,0.01752,0.01949,0.02113,0.02344,-55.32822,2128.00000
0.15697,0.15861,0.16322,0.15631,0.15467,0.15105,0.15335,0.15171,0.15072,0.15204,0.01719,0.01817,0.01949,0.02048,0.01883,-55.32822,2129.00000
0.15730,0.15927,0.15204,0.16092,0.15533,0.15171,0.15335,0.15434,0.15269,0.15072,0.01719,0.01554,0.01916,0.02344,0.02146,-55.01030,2130.00000
0.15105,0.15598,0.16026,0.15533,0.15829,0.14908,0.14710,0.15072,0.15335,0.15565,0.02146,0.01850,0.01521,0.01916,0.02311,-55.01030,2131.00000
0.15763,0.14743,0.15533,0.16157,0.16026,0.14809,0.15500,0.14842,0.15072,0.15237,0.01686,0.01883,0.01949,0.01949,0.02015,-55.14919,2132.00000
0.15434,0.15171,0.15796,0.16157,0.15434,0.15269,0.15138,0.14480,0.14513,0.14973,0.02146,0.02113,0.02179,0.02015,0.01719,-55.14919,2133.00000
0.15631,0.16125,0.15796,0.15467,0.15894,0.15237,0.15237,0.14677,0.14875,0.14842,0.01719,0.02080,0.01949,0.01719,0.01817,-55.81678,2134.00000
0.15138,0.15500,0.15467,0.15829,0.16157,0.15269,0.15598,0.15500,0.14776,0.15302,0.01883,0.01850,0.01784,0.02048,0.01850,-55.81678,2135.00000
0.15927,0.15960,0.15861,0.15401,0.15927,0.15039,0.15072,0.15434,0.14941,0.15171,0.02015,0.02245,0.01587,0.02344,0.01982,-55.97236,2136.00000
0.15006,0.16223,0.15269,0.16289,0.15467,0.15105,0.15467,0.15006,0.14612,0.14842,0.02179,0.01982,0.01587,0.01587,0.01949,-55.97236,2137.00000
0.15631,0.15533,0.15500,0.15697,0.15039,0.15335,0.15434,0.14908,0.15006,0.15138,0.01784,0.02212,0.02245,0.02080,0.01817,-55.87436,2138.00000
0.15631,0.15829,0.15565,0.16026,0.15829,0.14842,0.15138,0.14908,0.15171,0.15138,0.01982,0.01916,0.02146,0.02311,0.02212,-55.87436,2139.00000
0.15730,0.15631,0.15533,0.15302,0.15664,0.14842,0.15006,0.15039,0.15269,0.15533,0.01784,0.02015,0.02048,0.02080,0.01883,-55.34197,2140.00000
0.15138,0.15598,0.16486,0.15434,0.15993,0.15072,0.14941,0.15204,0.15335,0.15072,0.02212,0.01653,0.01784,0.01982,0.01686,-55.34197,2141.00000
0.15894,0.15006,0.15730,0.16190,0.15861,0.15171,0.15006,0.14842,0.14645,0.14973,0.01784,0.01949,0.02442,0.01554,0.01982,-55.31747,2142.00000
0.15072,0.15335,0.15302,0.15500,0.15237,0.15269,0.14875,0.15105,0.15105,0.15138,0.01850,0.01850,0.02080,0.01949,0.01850,-55.31747,2143.00000
0.14908,0.15829,0.15894,0.15500,0.15072,0.15368,0.15138,0.14743,0.15269,0.14710,0.02179,0.02607,0.01521,0.02113,0.01916,-54.88041,2144.00000
0.15763,0.15697,0.15138,0.15269,0.16092,0.14908,0.14941,0.15434,0.15237,0.15401,0.01784,0.01686,0.02311,0.01587,0.02179,-54.88041,2145.00000
0.16092,0.15533,0.16157,0.15763,0.15894,0.15006,0.15796,0.15335,0.15302,0.15401,0.02409,0.02409,0.02080,0.02146,0.01916,-54.32253,2146.00000
0.14743,0.15861,0.15829,0.15598,0.15434,0.15302,0.15039,0.15072,0.14941,0.15105,0.02409,0.02015,0.02015,0.01620,0.01686,-54.32253,2147.00000
0.15631,0.15533,0.15796,0.14743,0.15829,0.15138,0.14973,0.15269,0.15237,0.15335,0.02146,0.02048,0.01916,0.02015,0.01850,-54.63929,2148.00000
0.15993,0.15796,0.15598,0.15763,0.15401,0.14776,0.15138,0.15302,0.15138,0.14809,0.01883,0.02080,0.02015,0.02212,0.02179,-54.63929,2149.00000
0.16059,0.15335,0.16026,0.15500,0.15697,0.15171,0.15533,0.15237,0.15138,0.15039,0.01719,0.01982,0.02080,0.02146,0.01850,-54.90998,2150.00000
0.15730,0.15302,0.15500,0.15927,0.15598,0.15006,0.15204,0.15204,0.15006,0.15006,0.01916,0.02344,0.01752,0.01850,0.01982,-54.90998,2151.00000
0.15434,0.15335,0.15861,0.15533,0.15204,0.14645,0.14546,0.14710,0.15138,0.15368,0.01784,0.02212,0.01982,0.01620,0.02080,-54.65470,2152.00000
0.15335,0.16092,0.15598,0.15500,0.15467,0.14809,0.15072,0.15237,0.14743,0.15269,0.01817,0.01719,0.01752,0.02311,0.01850,-54.65470,2153.00000
0.15237,0.15861,0.15796,0.15401,0.16059,0.15138,0.15533,0.14941,0.15204,0.15237,0.02048,0.01817,0.02212,0.01982,0.01653,-54.14131,2154.00000
0.15730,0.15598,0.15960,0.16223,0.15861,0.15302,0.15302,0.15039,0.15335,0.14809,0.01817,0.01784,0.02080,0.02475,0.02080,-54.14131,2155.00000
0.15993,0.16125,0.15335,0.15993,0.15302,0.14842,0.14908,0.15039,0.15565,0.15171,0.02048,0.02179,0.01850,0.01817,0.01916,-54.75620,2156.00000
0.15368,0.15434,0.15894,0.15533,0.15861,0.15105,0.15401,0.15204,0.14941,0.14677,0.02376,0.01817,0.01916,0.02311,0.01752,-54.75620,2157.00000
0.16125,0.15894,0.15368,0.15631,0.15500,0.15401,0.15500,0.15072,0.14908,0.14875,0.01949,0.02048,0.02179,0.01817,0.01817,-55.25408,2158.00000
0.15302,0.15993,0.15467,0.15533,0.15401,0.15039,0.15171,0.14908,0.15335,0.14875,0.01784,0.02113,0.02311,0.01817,0.01982,-55.25408,2159.00000
0.15269,0.15763,0.14941,0.15533,0.15993,0.14612,0.15039,0.15138,0.15302,0.15302,0.01916,0.02311,0.01982,0.02113,0.02080,-55.50546,2160.00000
0.15861,0.15204,0.15664,0.15237,0.16157,0.15368,0.14941,0.15368,0.14908,0.15171,0.01817,0.02146,0.01686,0.01949,0.01752,-55.50546,2161.00000
0.15763,0.15598,0.15434,0.15434,0.15335,0.15302,0.15368,0.15105,0.15302,0.15006,0.02212,0.01719,0.02146,0.02376,0.01653,-55.28691,2162.00000
0.15598,0.15237,0.15796,0.15401,0.15829,0.15105,0.15401,0.15237,0.15467,0.15434,0.02245,0.01587,0.01883,0.01949,0.01982,-55.28691,2163.00000
0.15434,0.15368,0.15533,0.14776,0.15500,0.15204,0.15039,0.15598,0.15368,0.15269,0.02376,0.01850,0.01949,0.01817,0.01850,-54.98232,2164.00000
0.16092,0.14941,0.15861,0.15565,0.15138,0.15598,0.15039,0.14973,0.14973,0.14743,0.02442,0.02015,0.01883,0.01817,0.01653,-54.98232,2165.00000
0.15796,0.15730,0.15565,0.16157,0.15598,0.15434,0.15171,0.15335,0.15006,0.15302,0.02080,0.01916,0.01916,0.01554,0.01686,-55.44770,2166.00000
0.15368,0.15993,0.15829,0.15894,0.15533,0.15664,0.15006,0.15434,0.14908,0.15105,0.01883,0.02541,0.01850,0.02212,0.01620,-55.44770,2167.00000
0.15565,0.15533,0.15533,0.15861,0.15664,0.15598,0.15335,0.14908,0.15467,0.15368,0.02080,0.01817,0.02113,0.01752,0.01916,-55.39475,2168.00000
0.16223,0.15434,0.15960,0.15204,0.16026,0.14710,0.15204,0.15237,0.15335,0.15237,0.01850,0.02146,0.01620,0.01916,0.01784,-55.39475,2169.00000
0.15401,0.15631,0.15960,0.15039,0.16421,0.15138,0.15072,0.15401,0.14941,0.14875,0.01949,0.02146,0.02113,0.01850,0.02245,-55.56847,2170.00000
0.15664,0.15039,0.15368,0.15006,0.15861,0.15335,0.15664,0.15006,0.15006,0.15105,0.01982,0.02080,0.02113,0.02179,0.01883,-55.56847,2171.00000
0.16125,0.15763,0.15500,0.15072,0.15763,0.14743,0.15269,0.15467,0.15072,0.15105,0.01784,0.01850,0.01324,0.02113,0.01719,-55.72125,2172.00000
0.15237,0.15763,0.15730,0.15401,0.16256,0.14677,0.15269,0.15269,0.15105,0.15500,0.01719,0.02278,0.01850,0.02179,0.01620,-55.72125,2173.00000
0.16026,0.15993,0.15697,0.15697,0.15796,0.14546,0.15072,0.15237,0.14973,0.15006,0.01521,0.02015,0.01949,0.01883,0.02113,-55.02859,2174.00000
0.15861,0.15796,0.15368,0.15302,0.16289,0.16026,0.15269,0.15434,0.15039,0.15533,0.02245,0.01982,0.02048,0.02080,0.01620,-55.02859,2175.00000
0.15598,0.15763,0.15631,0.15993,0.15368,0.15335,0.15072,0.15269,0.15368,0.15171,0.02015,0.01982,0.01784,0.02048,0.01916,-54.98744,2176.00000
0.15237,0.15796,0.15894,0.15467,0.15993,0.15335,0.14875,0.15434,0.15598,0.15598,0.01686,0.01949,0.02048,0.01817,0.02080,-54.98744,2177.00000
0.15861,0.15335,0.16026,0.16157,0.16092,0.14842,0.14973,0.14842,0.15204,0.15138,0.01883,0.02212,0.02113,0.02015,0.02080,-54.82526,2178.00000
0.15697,0.15993,0.16355,0.15237,0.15565,0.14875,0.14743,0.15105,0.15269,0.15138,0.02212,0.02146,0.01850,0.01850,0.01949,-54.82526,2179.00000
0.16125,0.16190,0.16486,0.15039,0.16059,0.14710,0.14908,0.15664,0.14973,0.15368,0.02212,0.01982,0.02080,0.01883,0.02048,-54.94681,2180.00000
0.15565,0.15763,0.15861,0.15533,0.16453,0.15237,0.15138,0.14941,0.14645,0.15565,0.02113,0.02080,0.01686,0.02080,0.02015,-54.94681,2181.00000
0.15730,0.16190,0.15763,0.15401,0.16092,0.14809,0.15006,0.14809,0.15302,0.14908,0.02245,0.01949,0.02113,0.02113,0.02048,-55.42751,2182.00000
0.15401,0.15993,0.15829,0.15730,0.15565,0.15467,0.15598,0.15368,0.15302,0.15138,0.02015,0.02015,0.01883,0.01817,0.02311,-55.42751,2183.00000
0.16157,0.15730,0.15664,0.15861,0.15105,0.15138,0.15434,0.15039,0.15105,0.15302,0.01752,0.01916,0.01784,0.02146,0.02048,-55.16004,2184.00000
0.16059,0.15861,0.15763,0.15829,0.16092,0.15204,0.14809,0.15467,0.15138,0.14875,0.02179,0.02080,0.01752,0.01719,0.02015,-55.16004,2185.00000
0.15894,0.15697,0.16026,0.15664,0.15730,0.14842,0.14908,0.15138,0.15171,0.15039,0.01817,0.01916,0.02475,0.02146,0.01817,-54.63569,2186.00000
0.15006,0.15368,0.15927,0.15993,0.15927,0.15565,0.15368,0.15401,0.15171,0.15138,0.02048,0.02048,0.01850,0.01883,0.01719,-54.63569,2187.00000
0.15763,0.15598,0.15039,0.15763,0.15368,0.15171,0.15204,0.15039,0.14941,0.15302,0.02048,0.02015,0.02080,0.01883,0.01916,-55.56735,2188.00000
0.15533,0.16026,0.15368,0.15533,0.15368,0.15039,0.15138,0.15171,0.15434,0.15237,0.01850,0.01653,0.02344,0.02080,0.01916,-55.56735,2189.00000
0.15927,0.15763,0.15894,0.15861,0.15730,0.14908,0.15269,0.15631,0.15039,0.15401,0.01982,0.02080,0.02146,0.01883,0.02245,-55.83299,2190.00000
0.15401,0.15730,0.15500,0.15697,0.15894,0.14908,0.15500,0.15138,0.15467,0.15467,0.01719,0.02048,0.02048,0.01686,0.01521,-55.83299,2191.00000
0.15993,0.15237,0.15927,0.15467,0.16289,0.15237,0.14612,0.14645,0.15335,0.15598,0.02179,0.01653,0.01719,0.01916,0.01982,-56.04150,2192.00000
0.16256,0.15631,0.15664,0.15697,0.15861,0.15039,0.15335,0.14908,0.15368,0.15039,0.02048,0.01850,0.01719,0.02508,0.01949,-56.04150,2193.00000
0.16157,0.15598,0.15434,0.16519,0.15565,0.15335,0.15302,0.15697,0.15302,0.15697,0.02212,0.02048,0.02311,0.01817,0.02080,-55.98950,2194.00000
0.15565,0.15368,0.15302,0.16190,0.15697,0.14941,0.15269,0.15039,0.15105,0.15171,0.02080,0.02146,0.02179,0.01752,0.02212,-55.98950,2195.00000
0.15927,0.15368,0.15500,0.15631,0.15335,0.15302,0.15434,0.15171,0.14743,0.15072,0.01949,0.02048,0.02245,0.01686,0.02179,-55.61194,2196.00000
0.15368,0.15927,0.15631,0.15697,0.15993,0.14875,0.15730,0.15796,0.14973,0.15401,0.02080,0.01982,0.02015,0.01817,0.02015,-55.61194,2197.00000
0.15368,0.15434,0.15829,0.15039,0.15171,0.15796,0.15565,0.15269,0.15598,0.15269,0.01982,0.01587,0.02048,0.02179,0.01719,-55.41827,2198.00000
0.15237,0.15993,0.15565,0.15302,0.15960,0.14875,0.14941,0.15533,0.14875,0.15401,0.02048,0.01620,0.01949,0.01817,0.02376,-55.41827,2199.00000
0.15664,0.15631,0.16453,0.15796,0.16059,0.15368,0.14776,0.14973,0.15105,0.15434,0.02311,0.01752,0.02080,0.01949,0.02212,-55.61929,2200.00000
0.15598,0.15335,0.15927,0.15072,0.15500,0.15072,0.15237,0.15335,0.14513,0.15006,0.02146,0.01916,0.02212,0.01784,0.02278,-55.61929,2201.00000
0.15861,0.15204,0.15401,0.15664,0.15861,0.15269,0.15171,0.14973,0.15171,0.15171,0.02113,0.02113,0.01883,0.02212,0.01719,-55.53914,2202.00000
0.15302,0.16388,0.15500,0.15763,0.15368,0.15138,0.15072,0.15006,0.15302,0.15072,0.02080,0.01719,0.01982,0.01982,0.01817,-55.53914,2203.00000
0.15664,0.15993,0.15533,0.16125,0.15368,0.15500,0.15072,0.14973,0.14875,0.14710,0.02179,0.02146,0.01850,0.01357,0.01916,-55.16703,2204.00000
0.15565,0.15664,0.15993,0.16026,0.15335,0.15302,0.15105,0.15237,0.15138,0.15006,0.01817,0.02113,0.01423,0.01916,0.01916,-55.16703,2205.00000
0.15796,0.15697,0.15368,0.15763,0.15763,0.15269,0.14875,0.14973,0.15204,0.15105,0.02146,0.02080,0.02113,0.02048,0.01686,-54.78322,2206.00000
0.16026,0.15861,0.15861,0.15500,0.15204,0.15237,0.15302,0.15368,0.14875,0.15039,0.02179,0.02245,0.01817,0.01686,0.02212,-54.78322,2207.00000
0.15697,0.15500,0.15237,0.15533,0.15302,0.15237,0.15105,0.15105,0.14941,0.15006,0.01587,0.01817,0.01883,0.01850,0.01949,-54.42286,2208.00000
0.15533,0.15861,0.15598,0.16059,0.15796,0.14842,0.15368,0.15631,0.15335,0.15829,0.01554,0.02442,0.02080,0.02212,0.02278,-54.42286,2209.00000
0.15894,0.15631,0.15894,0.15565,0.16289,0.15269,0.15269,0.14875,0.15368,0.15204,0.02179,0.02146,0.02146,0.01949,0.02146,-54.43311,2210.00000
0.15401,0.16026,0.15829,0.15565,0.16256,0.15401,0.14776,0.15006,0.14710,0.14973,0.01883,0.02080,0.01653,0.02015,0.01883,-54.43311,2211.00000
0.15368,0.16157,0.15730,0.15631,0.15927,0.15237,0.15138,0.15631,0.15105,0.14908,0.02212,0.02146,0.02212,0.02015,0.02212,-54.65064,2212.00000
0.15500,0.15730,0.15993,0.15598,0.15598,0.15335,0.15171,0.15204,0.14579,0.15237,0.01752,0.02080,0.02212,0.02179,0.01883,-54.65064,2213.00000
0.15631,0.15434,0.15237,0.15467,0.15664,0.15237,0.14973,0.15368,0.15565,0.15335,0.01850,0.01686,0.01817,0.02278,0.01587,-55.21838,2214.00000
0.16256,0.15598,0.15697,0.15631,0.16125,0.15269,0.14842,0.15105,0.15105,0.14612,0.01817,0.01916,0.01949,0.02048,0.02048,-55.21838,2215.00000
0.16092,0.15631,0.16289,0.15171,0.15796,0.15072,0.15237,0.15434,0.15269,0.14875,0.01949,0.02048,0.02311,0.02048,0.01949,-55.16534,2216.00000
0.16355,0.14842,0.15171,0.15697,0.15565,0.15401,0.15204,0.15105,0.15006,0.14875,0.01554,0.02179,0.02311,0.01916,0.02113,-55.16534,2217.00000
0.15697,0.15763,0.15401,0.15467,0.15565,0.15335,0.15039,0.14973,0.15434,0.14809,0.02179,0.01521,0.02179,0.01916,0.02080,-56.49625,2218.00000
0.15500,0.15796,0.14875,0.15533,0.15861,0.15105,0.14973,0.14941,0.15138,0.14809,0.01916,0.01883,0.02048,0.02048,0.02278,-56.49625,2219.00000
0.15631,0.15500,0.15368,0.15894,0.15204,0.15302,0.15500,0.15204,0.15072,0.14842,0.01653,0.02179,0.02344,0.01784,0.01949,-56.34383,2220.00000
0.14908,0.15664,0.15664,0.15237,0.16125,0.15138,0.14776,0.15204,0.14842,0.15138,0.02212,0.02245,0.01587,0.02311,0.02113,-56.34383,2221.00000
0.15401,0.15500,0.15861,0.15467,0.15269,0.15138,0.15368,0.15138,0.15072,0.14875,0.01916,0.01949,0.02015,0.01850,0.02212,-55.92826,2222.00000
0.15434,0.15039,0.15894,0.15796,0.15993,0.14941,0.15565,0.14908,0.15269,0.15138,0.02344,0.01982,0.02278,0.01949,0.01982,-55.92826,2223.00000
0.15894,0.16157,0.15796,0.15533,0.15730,0.15335,0.14973,0.15368,0.14941,0.15039,0.02146,0.01752,0.01982,0.01817,0.01982,-56.36501,2224.00000
0.15927,0.15894,0.15467,0.15631,0.15763,0.15335,0.15335,0.14941,0.14908,0.15072,0.01949,0.01784,0.02048,0.02080,0.02080,-56.36501,2225.00000
0.15565,0.15500,0.15204,0.16092,0.15894,0.14908,0.15302,0.15269,0.14875,0.14941,0.01817,0.01719,0.01817,0.01784,0.02015,-56.10975,2226.00000
0.16289,0.15664,0.15533,0.15829,0.15039,0.15204,0.14776,0.14973,0.15237,0.15467,0.02015,0.02179,0.01883,0.01949,0.02080,-56.10975,2227.00000
0.15533,0.15697,0.15730,0.15434,0.15467,0.15039,0.15237,0.15368,0.15269,0.14743,0.02508,0.01949,0.02311,0.01653,0.02015,-55.82587,2228.00000
0.16026,0.15171,0.16059,0.15335,0.15796,0.14941,0.14645,0.15105,0.15631,0.14710,0.01719,0.02212,0.01686,0.02113,0.01949,-55.82587,2229.00000
0.15500,0.15269,0.15730,0.15500,0.15269,0.15171,0.15237,0.15368,0.14973,0.15006,0.02048,0.02048,0.01982,0.01817,0.01883,-55.33969,2230.00000
0.15335,0.15993,0.15204,0.15894,0.16190,0.15730,0.15237,0.15039,0.15302,0.14842,0.02015,0.02113,0.01686,0.02080,0.01784,-55.33969,2231.00000
0.16157,0.15237,0.15697,0.15763,0.15171,0.15500,0.14973,0.14941,0.15006,0.15368,0.01949,0.02179,0.01850,0.02475,0.01883,-54.90373,2232.00000
0.15993,0.15467,0.15894,0.16026,0.16190,0.14875,0.15204,0.15171,0.15039,0.15335,0.02015,0.02344,0.02245,0.02311,0.02179,-54.90373,2233.00000
0.15730,0.15467,0.15829,0.15039,0.16190,0.15072,0.15335,0.14941,0.14710,0.15237,0.02442,0.02278,0.01686,0.02113,0.02212,-54.90304,2234.00000
0.15631,0.15434,0.16059,0.15697,0.15598,0.15368,0.15006,0.14941,0.15237,0.15368,0.02672,0.02080,0.01784,0.01850,0.02080,-54.90304,2235.00000
0.16157,0.15237,0.15072,0.15763,0.15993,0.15467,0.15138,0.14809,0.15401,0.15302,0.01949,0.02376,0.02080,0.02442,0.02344,-54.84898,2236.00000
0.15960,0.15269,0.15368,0.15598,0.15565,0.14941,0.15105,0.15533,0.15072,0.15171,0.01883,0.01982,0.02212,0.01784,0.01982,-54.84898,2237.00000
0.15730,0.15664,0.15664,0.15829,0.16322,0.15269,0.15072,0.15105,0.15105,0.15335,0.01916,0.01916,0.02179,0.02278,0.01784,-53.78679,2238.00000
0.15631,0.16421,0.15105,0.15664,0.15401,0.15664,0.15138,0.14908,0.15237,0.15204,0.02344,0.02048,0.02245,0.01982,0.02179,-53.78679,2239.00000
0.15894,0.15500,0.15269,0.16157,0.15763,0.15467,0.15006,0.15105,0.14941,0.14842,0.02179,0.02113,0.02475,0.01719,0.02376,-54.25424,2240.00000
0.14941,0.15763,0.16256,0.15796,0.15993,0.15664,0.14908,0.14908,0.15533,0.15467,0.02245,0.02212,0.02376,0.01719,0.01719,-54.25424,2241.00000
0.15697,0.16092,0.15105,0.15960,0.15861,0.15204,0.15269,0.15368,0.15072,0.15335,0.01784,0.02245,0.01719,0.02344,0.02245,-55.65007,2242.00000
0.15697,0.15072,0.15631,0.15664,0.15894,0.15237,0.15105,0.14973,0.15302,0.15171,0.02245,0.02311,0.02015,0.01916,0.02146,-55.65007,2243.00000
0.14908,0.15302,0.15401,0.15467,0.15763,0.15434,0.14875,0.14743,0.14743,0.15105,0.02113,0.01817,0.01456,0.01817,0.02146,-55.74984,2244.00000
0.16190,0.14941,0.16092,0.15302,0.15993,0.15335,0.15335,0.15006,0.15204,0.14941,0.02146,0.01982,0.02048,0.02376,0.02015,-55.74984,2245.00000
0.16059,0.15500,0.15796,0.15664,0.15960,0.15171,0.15533,0.15138,0.15763,0.15467,0.02344,0.01883,0.02278,0.02146,0.02179,-55.68010,2246.00000
0.15993,0.15368,0.15763,0.15533,0.15894,0.15664,0.15171,0.14809,0.14579,0.15598,0.02179,0.01817,0.02048,0.01883,0.02015,-55.68010,2247.00000
0.16026,0.16026,0.15269,0.15565,0.15763,0.14875,0.15105,0.15335,0.15467,0.15302,0.02179,0.02048,0.02048,0.01784,0.01686,-56.13350,2248.00000
0.15434,0.15269,0.16421,0.15204,0.15368,0.15302,0.15105,0.15269,0.14710,0.15237,0.02475,0.02015,0.02146,0.01883,0.02080,-56.13350,2249.00000
0.15993,0.15993,0.15697,0.15368,0.16223,0.14908,0.15171,0.14776,0.14809,0.14677,0.02146,0.01949,0.02278,0.02146,0.02179,-56.37486,2250.00000
0.15401,0.15960,0.14941,0.16059,0.15105,0.14809,0.14941,0.15533,0.15335,0.14875,0.02278,0.02048,0.01554,0.02113,0.02015,-56.37486,2251.00000
0.15730,0.16256,0.15730,0.15467,0.15829,0.15302,0.14875,0.15302,0.15138,0.14973,0.02048,0.01982,0.02015,0.01850,0.02113,-56.31487,2252.00000
0.16026,0.15730,0.15335,0.15335,0.15533,0.15302,0.15204,0.15204,0.14875,0.15105,0.01850,0.02278,0.02376,0.01817,0.01982,-56.31487,2253.00000
0.15861,0.16157,0.15565,0.15697,0.15960,0.15467,0.15467,0.14743,0.14973,0.15302,0.02015,0.02113,0.02048,0.02048,0.02278,-55.77951,2254.00000
0.15368,0.15171,0.15960,0.15467,0.15434,0.15269,0.14941,0.15204,0.15467,0.14875,0.02113,0.02080,0.01620,0.02344,0.02245,-55.77951,2255.00000
0.15171,0.16190,0.15302,0.14973,0.15006,0.15302,0.15171,0.14579,0.15072,0.14710,0.02278,0.01587,0.02080,0.01784,0.01752,-55.50938,2256.00000
0.14941,0.14941,0.15960,0.15631,0.15697,0.14875,0.15335,0.15763,0.15368,0.14875,0.01620,0.01752,0.02344,0.02048,0.02048,-55.50938,2257.00000
0.15171,0.15960,0.15631,0.15664,0.15631,0.15006,0.15533,0.15204,0.14941,0.15237,0.02113,0.01653,0.01982,0.02278,0.02015,-54.79327,2258.00000
0.15467,0.15269,0.15697,0.16190,0.15335,0.14973,0.15138,0.15006,0.14710,0.15368,0.02212,0.01949,0.02311,0.01719,0.01916,-54.79327,2259.00000
0.15565,0.15401,0.15500,0.14941,0.15171,0.14973,0.15763,0.15006,0.14645,0.14842,0.02409,0.01554,0.01719,0.01982,0.02113,-54.61831,2260.00000
0.15302,0.15269,0.15861,0.15763,0.15894,0.15730,0.15467,0.14743,0.14842,0.15302,0.02311,0.02015,0.02113,0.01686,0.02179,-54.61831,2261.00000
0.15894,0.15993,0.15138,0.15796,0.15138,0.14941,0.15302,0.15204,0.15204,0.15072,0.02080,0.02179,0.02442,0.02278,0.01982,-55.71736,2262.00000
0.15401,0.15500,0.15697,0.16125,0.15500,0.15237,0.15006,0.15204,0.15138,0.15434,0.02179,0.02113,0.01850,0.01883,0.01817,-55.71736,2263.00000
0.15500,0.15763,0.15763,0.15500,0.15368,0.15237,0.15335,0.15138,0.15302,0.15302,0.02080,0.02146,0.02179,0.02113,0.02475,-55.25126,2264.00000
0.15598,0.15467,0.15730,0.15697,0.15171,0.15072,0.15105,0.15237,0.14973,0.14842,0.01982,0.02409,0.01784,0.01883,0.01719,-55.25126,2265.00000
0.15829,0.15368,0.15631,0.15105,0.15500,0.14941,0.14908,0.14579,0.15138,0.15072,0.01916,0.02212,0.02212,0.02080,0.01752,-55.02797,2266.00000
0.15533,0.15335,0.15500,0.15927,0.16125,0.15105,0.14842,0.15105,0.15368,0.15171,0.02409,0.02048,0.01850,0.01817,0.02245,-55.02797,2267.00000
0.15565,0.16026,0.16092,0.15401,0.15368,0.14941,0.14842,0.15039,0.15105,0.15006,0.01817,0.02048,0.01850,0.02015,0.01982,-55.10920,2268.00000
0.15631,0.15763,0.15565,0.15335,0.15302,0.15401,0.15269,0.15171,0.15302,0.14908,0.02146,0.02146,0.01982,0.02015,0.01982,-55.10920,2269.00000
0.15467,0.15434,0.14776,0.15796,0.15960,0.15072,0.15269,0.15269,0.14973,0.15335,0.01850,0.02212,0.01817,0.02278,0.02015,-55.62345,2270.00000
0.15697,0.15533,0.15598,0.15861,0.15631,0.15237,0.15039,0.14941,0.15598,0.15171,0.01850,0.02278,0.01686,0.02344,0.02080,-55.62345,2271.00000
0.15598,0.15434,0.15533,0.16059,0.15237,0.15138,0.15171,0.15565,0.15072,0.14645,0.02179,0.02113,0.02080,0.02015,0.02146,-55.93917,2272.00000
0.16190,0.15829,0.15171,0.15138,0.15894,0.14941,0.15237,0.14973,0.15006,0.15039,0.02015,0.01916,0.02015,0.02080,0.02113,-55.93917,2273.00000
0.16190,0.15631,0.15434,0.15500,0.15763,0.14809,0.15138,0.14875,0.14809,0.15006,0.02179,0.02015,0.01817,0.02015,0.02409,-55.96519,2274.00000
0.15565,0.15861,0.15927,0.15302,0.16092,0.15204,0.15171,0.14973,0.15565,0.15039,0.01949,0.02179,0.01982,0.01686,0.02311,-55.96519,2275.00000
0.15730,0.15467,0.15697,0.15730,0.15631,0.15533,0.15302,0.15105,0.15368,0.15006,0.02146,0.02409,0.02344,0.02146,0.01883,-56.37859,2276.00000
0.15598,0.16092,0.15598,0.15796,0.15631,0.15039,0.15237,0.15401,0.15565,0.15138,0.02015,0.02179,0.02311,0.01982,0.01752,-56.37859,2277.00000
0.16157,0.15631,0.15664,0.15565,0.15565,0.15368,0.15598,0.15171,0.15500,0.15500,0.02048,0.02376,0.02508,0.02048,0.01850,-56.51693,2278.00000
0.15763,0.15993,0.16223,0.15598,0.16256,0.15204,0.15138,0.15171,0.14941,0.15138,0.02245,0.02015,0.02278,0.02146,0.02179,-56.51693,2279.00000
0.15631,0.15664,0.15894,0.16026,0.15467,0.15434,0.15368,0.15302,0.15237,0.15039,0.02048,0.01817,0.01949,0.01982,0.02146,-56.18815,2280.00000
0.15763,0.15993,0.16157,0.15960,0.15697,0.15302,0.15269,0.15500,0.15664,0.15237,0.02146,0.01883,0.02113,0.02048,0.02048,-56.18815,2281.00000
0.15631,0.15631,0.15894,0.15993,0.15598,0.14776,0.14973,0.15138,0.14809,0.15368,0.01916,0.02048,0.02278,0.02311,0.02344,-55.55501,2282.00000
0.15927,0.15730,0.15631,0.15796,0.15829,0.15072,0.14842,0.15434,0.14941,0.15237,0.02048,0.01850,0.02113,0.02245,0.02146,-55.55501,2283.00000
0.15697,0.15401,0.15335,0.16486,0.14908,0.15105,0.15401,0.15171,0.14973,0.14710,0.02080,0.01949,0.01949,0.01949,0.02146,-55.36540,2284.00000
0.16125,0.15829,0.15434,0.15697,0.16059,0.15631,0.15105,0.15006,0.15730,0.14875,0.02048,0.02409,0.02442,0.02113,0.02409,-55.36540,2285.00000
0.16125,0.15204,0.16125,0.15829,0.15565,0.15368,0.14908,0.15138,0.15039,0.14941,0.01916,0.02113,0.01949,0.02015,0.02048,-54.81161,2286.00000
0.14480,0.16157,0.15730,0.15894,0.15894,0.15072,0.14645,0.15072,0.14908,0.15631,0.01620,0.01817,0.02311,0.01883,0.01982,-54.81161,2287.00000
0.16190,0.16026,0.15960,0.15631,0.15894,0.15138,0.15039,0.14908,0.15302,0.15072,0.01916,0.02146,0.02245,0.02311,0.01949,-54.20024,2288.00000
0.15500,0.15664,0.15467,0.16223,0.16026,0.15237,0.15138,0.15302,0.15237,0.15204,0.02015,0.01982,0.02245,0.02245,0.02245,-54.20024,2289.00000
0.15631,0.16289,0.15105,0.15072,0.15927,0.15763,0.15072,0.15006,0.15204,0.15500,0.02245,0.02146,0.01686,0.01850,0.01719,-55.12258,2290.00000
0.15368,0.15500,0.15664,0.15302,0.16026,0.15368,0.15204,0.15401,0.15269,0.15006,0.02311,0.01949,0.01982,0.02311,0.01949,-55.12258,2291.00000
0.15664,0.15631,0.14875,0.16782,0.15960,0.15269,0.14842,0.15171,0.15237,0.15269,0.01817,0.01883,0.02048,0.02344,0.01817,-55.08814,2292.00000
0.15960,0.15368,0.16092,0.15500,0.15598,0.15533,0.14743,0.15006,0.15664,0.14842,0.01949,0.02048,0.02146,0.02212,0.02080,-55.08814,2293.00000
0.15533,0.15598,0.15368,0.15533,0.16059,0.15237,0.15237,0.14842,0.14743,0.15237,0.01949,0.02048,0.02146,0.02080,0.02311,-54.96351,2294.00000
0.15861,0.15697,0.15993,0.16059,0.15927,0.14941,0.15368,0.15533,0.15237,0.15237,0.02048,0.01587,0.02015,0.02245,0.02212,-54.96351,2295.00000
0.15730,0.16125,0.15565,0.15434,0.15796,0.15434,0.15171,0.15237,0.15204,0.15302,0.02080,0.02179,0.02212,0.02179,0.01916,-55.46759,2296.00000
0.15861,0.15861,0.16421,0.15631,0.15631,0.15204,0.15072,0.14842,0.14513,0.15171,0.02344,0.01916,0.02245,0.02245,0.01949,-55.46759,2297.00000
0.15401,0.16026,0.15697,0.15993,0.15697,0.15237,0.14743,0.15269,0.15269,0.14743,0.01982,0.02311,0.01949,0.02113,0.01817,-55.54141,2298.00000
0.16519,0.15927,0.16223,0.15039,0.15927,0.15204,0.14677,0.15335,0.14875,0.14908,0.01850,0.02376,0.01784,0.01784,0.02146,-55.54141,2299.00000
0.15796,0.15138,0.16552,0.15401,0.15861,0.15565,0.15500,0.15368,0.15237,0.15302,0.02015,0.02179,0.02080,0.02607,0.02080,-54.79707,2300.00000
0.15072,0.15500,0.15796,0.15533,0.15631,0.14973,0.15237,0.14973,0.15302,0.15105,0.01982,0.02015,0.02146,0.02245,0.02278,-54.79707,2301.00000
0.16289,0.15467,0.15763,0.15631,0.15237,0.15105,0.15237,0.14908,0.14875,0.15500,0.02376,0.01949,0.02344,0.02015,0.01719,-55.58457,2302.00000
0.16092,0.15829,0.15401,0.15861,0.15631,0.15401,0.14875,0.15039,0.15072,0.15237,0.02048,0.02278,0.02179,0.01686,0.01850,-55.58457,2303.00000
0.15697,0.16026,0.15335,0.16059,0.15763,0.15105,0.14875,0.15204,0.15072,0.14973,0.01817,0.02344,0.02409,0.02212,0.02278,-56.05400,2304.00000
0.15730,0.15894,0.15565,0.15763,0.16157,0.14546,0.15039,0.15204,0.15072,0.15072,0.02311,0.01982,0.02015,0.02311,0.02311,-56.05400,2305.00000
0.15993,0.15861,0.15960,0.15302,0.16355,0.15138,0.15368,0.15368,0.15335,0.15006,0.02376,0.02311,0.01883,0.02113,0.02146,-56.11538,2306.00000
0.15796,0.15500,0.15796,0.15960,0.15565,0.15401,0.15171,0.14809,0.14973,0.15335,0.02212,0.02146,0.02048,0.02080,0.02146,-56.11538,2307.00000
0.15960,0.15335,0.15598,0.16223,0.15861,0.15269,0.15763,0.15368,0.14941,0.15269,0.02278,0.02607,0.02574,0.02344,0.02376,-55.61873,2308.00000
0.15598,0.16059,0.15335,0.16092,0.15960,0.15204,0.15171,0.15565,0.15039,0.15533,0.02080,0.02179,0.02311,0.01390,0.01949,-55.61873,2309.00000
0.15664,0.15829,0.15697,0.15861,0.15697,0.15138,0.14973,0.15368,0.15006,0.15467,0.01916,0.01982,0.02179,0.02113,0.02146,-55.28983,2310.00000
0.16125,0.15368,0.15368,0.16092,0.15434,0.15237,0.15006,0.15631,0.15204,0.15237,0.02080,0.01982,0.02376,0.02179,0.02212,-55.28983,2311.00000
0.15434,0.15829,0.16157,0.15467,0.15796,0.15861,0.15565,0.15171,0.14842,0.15006,0.02311,0.01850,0.02080,0.02245,0.02245,-54.97158,2312.00000
0.15138,0.15861,0.15697,0.16157,0.15894,0.15565,0.15039,0.15269,0.15039,0.15269,0.02113,0.02278,0.02245,0.02245,0.02179,-54.97158,2313.00000
0.15204,0.15664,0.15565,0.15861,0.16355,0.15631,0.15335,0.15467,0.15368,0.14776,0.02212,0.02113,0.02015,0.01653,0.02015,-54.69282,2314.00000
0.15039,0.16092,0.15565,0.15500,0.15993,0.15368,0.15269,0.15072,0.15401,0.15302,0.01949,0.02080,0.01916,0.01916,0.02245,-54.69282,2315.00000
0.15335,0.16256,0.15533,0.15533,0.15894,0.15138,0.15138,0.15072,0.15565,0.15171,0.02212,0.02212,0.02376,0.01850,0.01949,-54.70725,2316.00000
0.15829,0.15927,0.15763,0.16519,0.15269,0.15204,0.15105,0.14875,0.15171,0.15368,0.02048,0.01686,0.02113,0.02311,0.02146,-54.70725,2317.00000
0.15533,0.15401,0.15960,0.16125,0.15533,0.15204,0.15467,0.15664,0.15598,0.15105,0.02179,0.01883,0.02113,0.02015,0.02212,-53.96739,2318.00000
0.16125,0.15763,0.16388,0.15269,0.15927,0.15302,0.15467,0.15105,0.15138,0.15335,0.02311,0.02048,0.02015,0.01949,0.02146,-53.96739,2319.00000
0.15598,0.16157,0.15730,0.15565,0.15598,0.15368,0.15072,0.15171,0.15204,0.15171,0.02113,0.02508,0.01817,0.02146,0.02179,-54.69122,2320.00000
0.16026,0.15171,0.16190,0.15894,0.15631,0.14908,0.15664,0.14941,0.14908,0.15302,0.02015,0.02080,0.02146,0.01752,0.01883,-54.69122,2321.00000
0.16059,0.15467,0.15664,0.15598,0.15927,0.14973,0.15105,0.15072,0.14941,0.15302,0.01752,0.02146,0.02640,0.01554,0.02080,-55.91983,2322.00000
0.15730,0.15500,0.15171,0.15664,0.15598,0.15302,0.15302,0.15335,0.14973,0.15105,0.01850,0.02080,0.01850,0.02080,0.01883,-55.91983,2323.00000
0.16059,0.15861,0.16322,0.15302,0.15927,0.15072,0.15302,0.14973,0.15631,0.14776,0.02344,0.01916,0.02245,0.01949,0.01752,-56.14107,2324.00000
0.16092,0.15894,0.15796,0.15434,0.15171,0.14677,0.14645,0.15763,0.15138,0.15039,0.02212,0.02179,0.01982,0.01916,0.02376,-56.14107,2325.00000
0.15631,0.16223,0.16026,0.16059,0.15861,0.15368,0.15237,0.15171,0.15039,0.15269,0.01883,0.02278,0.02212,0.01883,0.02015,-55.96116,2326.00000
0.15598,0.15993,0.15796,0.15829,0.15072,0.15237,0.15006,0.14809,0.14875,0.15401,0.02179,0.02179,0.01752,0.02212,0.02640,-55.96116,2327.00000
0.15796,0.15631,0.15401,0.15664,0.15730,0.15500,0.14875,0.15401,0.15171,0.15335,0.01850,0.02508,0.01982,0.01982,0.01752,-56.56212,2328.00000
0.15894,0.15993,0.15434,0.15269,0.15829,0.15237,0.15302,0.15072,0.15105,0.14973,0.02508,0.02113,0.02212,0.02245,0.01686,-56.56212,2329.00000
0.15730,0.15269,0.16322,0.15894,0.15763,0.14973,0.15730,0.15237,0.14973,0.15533,0.01784,0.01752,0.01949,0.02376,0.01982,-55.99102,2330.00000
0.16026,0.15829,0.15105,0.16322,0.16092,0.14842,0.15434,0.15237,0.14973,0.14908,0.02146,0.01982,0.01949,0.02278,0.02409,-55.99102,2331.00000
0.15631,0.15664,0.15269,0.15796,0.16157,0.15138,0.15138,0.15105,0.15105,0.15269,0.02442,0.01982,0.02376,0.01784,0.02409,-55.39053,2332.00000
0.15730,0.15269,0.15565,0.15763,0.16223,0.15105,0.15171,0.15434,0.15237,0.15138,0.01883,0.02376,0.02212,0.01916,0.02508,-55.39053,2333.00000
0.15565,0.15697,0.16289,0.15960,0.15796,0.15039,0.15072,0.15171,0.14875,0.15434,0.02278,0.01850,0.02080,0.02113,0.02146,-54.73140,2334.00000
0.15697,0.15631,0.15697,0.15829,0.15269,0.15565,0.15006,0.15006,0.14941,0.15335,0.01982,0.01949,0.02015,0.02212,0.02113,-54.73140,2335.00000
0.16026,0.14973,0.16157,0.15993,0.15960,0.15302,0.15237,0.15500,0.15072,0.15565,0.02080,0.02344,0.01949,0.02179,0.02113,-55.24900,2336.00000
0.15335,0.15368,0.15697,0.16388,0.15368,0.14875,0.15664,0.15335,0.14941,0.15533,0.02080,0.02475,0.02245,0.02080,0.01982,-55.24900,2337.00000
0.15631,0.15434,0.15829,0.15533,0.15631,0.15138,0.15401,0.15171,0.15368,0.14941,0.02475,0.02278,0.01883,0.02048,0.01817,-54.54589,2338.00000
0.15763,0.16157,0.15861,0.15335,0.16453,0.15138,0.15533,0.15697,0.15533,0.15237,0.02080,0.02212,0.02179,0.02048,0.02048,-54.54589,2339.00000
0.16125,0.15565,0.15763,0.15565,0.15269,0.15039,0.15039,0.15237,0.15269,0.15467,0.01653,0.01982,0.01982,0.02179,0.02311,-54.53124,2340.00000
0.15697,0.15664,0.15598,0.15138,0.16026,0.15730,0.15467,0.15006,0.15105,0.15434,0.02311,0.02146,0.02738,0.02113,0.01916,-54.53124,2341.00000
0.15237,0.15138,0.15894,0.16092,0.15927,0.14941,0.15171,0.15335,0.15467,0.15269,0.02113,0.02574,0.02311,0.01916,0.02442,-54.36035,2342.00000
0.16355,0.15565,0.15894,0.15401,0.15796,0.15006,0.15401,0.15500,0.15204,0.15171,0.02278,0.02212,0.02080,0.01817,0.01850,-54.36035,2343.00000
0.16190,0.16026,0.16092,0.15368,0.15237,0.15237,0.15368,0.15072,0.15335,0.15434,0.01949,0.02080,0.02409,0.01686,0.02146,-54.38965,2344.00000
0.15894,0.15467,0.15697,0.15993,0.15434,0.15105,0.15204,0.15335,0.15039,0.15269,0.02146,0.02113,0.01982,0.02146,0.02113,-54.38965,2345.00000
0.15829,0.16059,0.15598,0.15960,0.15335,0.15368,0.15598,0.14809,0.15006,0.15467,0.02376,0.01949,0.02212,0.02278,0.02015,-55.20264,2346.00000
0.15302,0.15598,0.16157,0.15039,0.15565,0.15467,0.15467,0.15237,0.15072,0.14710,0.01817,0.02311,0.02344,0.01916,0.02179,-55.20264,2347.00000
0.15598,0.16059,0.15894,0.15664,0.15861,0.15401,0.15368,0.15467,0.15697,0.15631,0.02113,0.02179,0.02179,0.02179,0.01883,-54.81323,2348.00000
0.15401,0.16289,0.15763,0.15697,0.15697,0.15533,0.15302,0.15368,0.15631,0.15335,0.01752,0.01883,0.02146,0.01949,0.01916,-54.81323,2349.00000
0.16026,0.15894,0.16092,0.15894,0.15993,0.14973,0.15631,0.15533,0.15598,0.15105,0.02048,0.02113,0.01982,0.01949,0.02245,-54.64050,2350.00000
0.15730,0.15533,0.15533,0.15993,0.15993,0.15631,0.15138,0.15072,0.15269,0.14941,0.01587,0.02245,0.02048,0.02080,0.02048,-54.64050,2351.00000
0.15039,0.15368,0.15533,0.15993,0.15927,0.15237,0.15204,0.14941,0.14973,0.14612,0.02475,0.02015,0.02311,0.02574,0.01752,-55.30609,2352.00000
0.15631,0.15894,0.15697,0.15467,0.16388,0.15039,0.14908,0.14941,0.15401,0.15335,0.01653,0.01784,0.02048,0.02080,0.02113,-55.30609,2353.00000
0.15631,0.15335,0.15335,0.15467,0.15565,0.15138,0.15335,0.15006,0.14612,0.15006,0.02146,0.02278,0.02015,0.02508,0.02146,-55.46066,2354.00000
0.15829,0.15730,0.15171,0.15237,0.15664,0.15368,0.15171,0.15204,0.15434,0.15302,0.02080,0.01784,0.02344,0.02311,0.01784,-55.46066,2355.00000
0.15533,0.15861,0.15861,0.15335,0.15730,0.15006,0.14743,0.15500,0.15533,0.14908,0.01817,0.02113,0.02376,0.02015,0.01883,-55.51353,2356.00000
0.15467,0.15664,0.15894,0.15763,0.16092,0.15335,0.15138,0.15138,0.15006,0.15072,0.02048,0.02048,0.02344,0.02179,0.02113,-55.51353,2357.00000
0.15993,0.15204,0.15368,0.15829,0.15598,0.15401,0.14908,0.15302,0.15072,0.15039,0.02311,0.02344,0.02179,0.01686,0.02015,-55.86468,2358.00000
0.15894,0.15335,0.15368,0.16157,0.15763,0.15171,0.15204,0.15039,0.14875,0.15368,0.01883,0.02113,0.02015,0.01850,0.02311,-55.86468,2359.00000
0.15664,0.15467,0.16026,0.15533,0.15631,0.14908,0.14908,0.14513,0.15105,0.15171,0.02080,0.02113,0.02080,0.02245,0.02179,-54.95871,2360.00000
0.15500,0.15894,0.15730,0.15730,0.15829,0.15401,0.14842,0.14973,0.15105,0.15039,0.02376,0.02311,0.02048,0.02278,0.02212,-54.95871,2361.00000
0.15237,0.16059,0.15434,0.15631,0.15829,0.14973,0.14875,0.14743,0.15006,0.14941,0.02179,0.02146,0.02278,0.02080,0.02311,-53.46324,2362.00000
0.15894,0.15631,0.15927,0.15072,0.15467,0.14941,0.15302,0.15204,0.14908,0.14973,0.02344,0.02015,0.01554,0.02245,0.02278,-53.46324,2363.00000
0.15237,0.16157,0.15434,0.15861,0.15631,0.15072,0.15368,0.15302,0.14645,0.15171,0.02245,0.02080,0.02146,0.01916,0.02376,-51.56560,2364.00000
0.15533,0.15565,0.15565,0.15434,0.14941,0.15138,0.14973,0.14908,0.15434,0.15401,0.01686,0.01719,0.02245,0.01883,0.02212,-51.56560,2365.00000
0.15960,0.15500,0.15598,0.16092,0.15796,0.14908,0.15006,0.14842,0.15565,0.15598,0.01982,0.01752,0.01949,0.02113,0.02015,-49.92343,2366.00000
0.15204,0.15368,0.15204,0.16190,0.15434,0.15105,0.15204,0.14677,0.15204,0.15039,0.02113,0.02344,0.02080,0.01620,0.01883,-49.92343,2367.00000
0.15763,0.15763,0.16125,0.16157,0.15171,0.14908,0.15237,0.15105,0.15138,0.15533,0.01949,0.01817,0.02015,0.02212,0.02048,-49.83232,2368.00000
0.16092,0.15500,0.16092,0.15500,0.15796,0.15006,0.15335,0.15368,0.15401,0.15204,0.02212,0.02015,0.02113,0.02080,0.02245,-49.83232,2369.00000
0.16125,0.15796,0.15467,0.15993,0.15467,0.15302,0.15237,0.15138,0.14546,0.14776,0.01784,0.02278,0.02113,0.02212,0.01784,-51.68374,2370.00000
0.15697,0.15730,0.15631,0.15894,0.15697,0.15401,0.15302,0.15302,0.15171,0.14973,0.02475,0.02048,0.02212,0.02409,0.01982,-51.68374,2371.00000
0.15500,0.15796,0.15368,0.16980,0.15237,0.15237,0.14941,0.15072,0.15269,0.15237,0.01949,0.02311,0.02179,0.01982,0.01916,-53.41267,2372.00000
0.16026,0.14875,0.15829,0.15763,0.15467,0.14941,0.15237,0.14776,0.14875,0.15006,0.02245,0.02311,0.01850,0.02080,0.02409,-53.41267,2373.00000
0.15401,0.15927,0.15335,0.15730,0.15467,0.14908,0.15006,0.14743,0.15269,0.15204,0.02179,0.02048,0.02245,0.01719,0.02311,-53.00272,2374.00000
0.15335,0.15631,0.15434,0.15697,0.16421,0.14776,0.15401,0.14908,0.15204,0.15138,0.02113,0.01850,0.02048,0.02311,0.01850,-53.00272,2375.00000
0.15763,0.15697,0.15993,0.15533,0.15993,0.15269,0.15500,0.15105,0.15302,0.14941,0.02179,0.01817,0.02080,0.02015,0.02146,-53.40810,2376.00000
0.16223,0.15500,0.15467,0.15467,0.15237,0.14941,0.15302,0.15598,0.15006,0.15072,0.02146,0.01817,0.02212,0.02245,0.02048,-53.40810,2377.00000
0.15434,0.15533,0.15072,0.15960,0.16256,0.15138,0.14941,0.15368,0.15006,0.14710,0.01817,0.02113,0.01719,0.02278,0.02048,-54.41889,2378.00000
0.15565,0.15763,0.15302,0.15829,0.16092,0.15204,0.15434,0.15072,0.14973,0.15072,0.02245,0.02212,0.02113,0.02672,0.02311,-54.41889,2379.00000
0.16223,0.15171,0.15697,0.14842,0.15631,0.14776,0.15335,0.14645,0.15302,0.15434,0.02212,0.02212,0.02344,0.01883,0.02048,-54.47507,2380.00000
0.15500,0.15368,0.15861,0.15302,0.15006,0.15006,0.15006,0.14842,0.15335,0.14973,0.01949,0.02080,0.01883,0.02113,0.02179,-54.47507,2381.00000
0.15631,0.15533,0.15368,0.15006,0.15730,0.15138,0.15105,0.14973,0.14941,0.15237,0.02048,0.01752,0.01982,0.01883,0.02212,-55.44554,2382.00000
0.16256,0.16453,0.15500,0.15598,0.15829,0.15335,0.15039,0.15006,0.15302,0.15269,0.02048,0.02146,0.02146,0.02146,0.02541,-55.44554,2383.00000
0.15565,0.15993,0.15664,0.15434,0.15302,0.15237,0.15302,0.15533,0.15171,0.15368,0.02376,0.02640,0.02311,0.01752,0.02080,-55.76232,2384.00000
0.15664,0.15434,0.16157,0.16322,0.15565,0.15500,0.15335,0.15171,0.15138,0.15138,0.02212,0.02048,0.02179,0.02146,0.02179,-55.76232,2385.00000
0.15565,0.15467,0.15401,0.15664,0.15697,0.15467,0.14677,0.15335,0.14941,0.15171,0.02344,0.02146,0.02179,0.01982,0.01916,-55.76202,2386.00000
0.15894,0.15335,0.15664,0.15302,0.15533,0.14941,0.14677,0.15105,0.15237,0.15434,0.02376,0.02048,0.01883,0.01587,0.01883,-55.76202,2387.00000
0.14908,0.15927,0.15039,0.15368,0.15829,0.14973,0.15171,0.15237,0.15039,0.15500,0.01719,0.02344,0.02212,0.02179,0.02113,-56.04019,2388.00000
0.15467,0.15598,0.15105,0.15237,0.15697,0.15171,0.15302,0.14743,0.14316,0.15335,0.02048,0.02015,0.02113,0.01949,0.02245,-56.04019,2389.00000
0.15138,0.15697,0.15138,0.15171,0.15434,0.15565,0.14842,0.15533,0.14908,0.14776,0.01982,0.02278,0.02344,0.01982,0.02179,-55.70808,2390.00000
0.15204,0.15763,0.15204,0.16125,0.14809,0.15204,0.15138,0.15302,0.15105,0.15730,0.01916,0.01982,0.02245,0.02409,0.02245,-55.70808,2391.00000
0.15105,0.15237,0.15664,0.15105,0.15335,0.15171,0.14710,0.15105,0.14941,0.14677,0.01949,0.02080,0.01916,0.02278,0.02409,-55.61283,2392.00000
0.15171,0.15631,0.15598,0.15829,0.15368,0.14908,0.15105,0.14809,0.15105,0.15269,0.02278,0.01916,0.02080,0.02146,0.01949,-55.61283,2393.00000
0.15829,0.15138,0.15763,0.15664,0.15598,0.14677,0.14875,0.14908,0.14908,0.15171,0.02376,0.01949,0.02048,0.02212,0.01587,-54.60329,2394.00000
0.15467,0.15796,0.15533,0.14842,0.15796,0.14875,0.14776,0.15138,0.15631,0.15138,0.02048,0.02146,0.02245,0.02015,0.02212,-54.60329,2395.00000
0.15993,0.15697,0.15105,0.15861,0.15302,0.15204,0.14842,0.15237,0.15467,0.14908,0.02278,0.02442,0.01916,0.01949,0.02508,-54.30116,2396.00000
0.15763,0.16322,0.15237,0.15204,0.15598,0.15302,0.15105,0.15368,0.15006,0.15171,0.01620,0.02245,0.02179,0.02179,0.02080,-54.30116,2397.00000
0.15105,0.15500,0.15006,0.15072,0.15894,0.14677,0.14941,0.15269,0.15138,0.14743,0.02015,0.02212,0.02080,0.02409,0.02212,-54.22822,2398.00000
0.15697,0.14941,0.16059,0.15105,0.15894,0.14710,0.14842,0.14973,0.15039,0.15269,0.01982,0.02376,0.02245,0.02080,0.02311,-54.22822,2399.00000
0.15894,0.14973,0.15533,0.16026,0.15368,0.15105,0.15302,0.14645,0.15335,0.14710,0.01949,0.02278,0.02212,0.02804,0.02146,-54.60434,2400.00000
0.16059,0.15006,0.15894,0.15500,0.15829,0.15302,0.15335,0.15072,0.15237,0.15237,0.01883,0.01817,0.02278,0.02409,0.02344,-54.60434,2401.00000
0.14875,0.15960,0.15894,0.14973,0.16223,0.15204,0.15269,0.15171,0.15434,0.15039,0.01949,0.02376,0.02146,0.02574,0.02212,-54.35784,2402.00000
0.15434,0.15138,0.15730,0.16092,0.15631,0.14908,0.15401,0.15335,0.15269,0.15105,0.02376,0.02080,0.01949,0.02311,0.01883,-54.35784,2403.00000
0.15467,0.15368,0.15631,0.15533,0.15434,0.15434,0.15434,0.14776,0.15204,0.15730,0.01883,0.02212,0.02245,0.02048,0.02080,-54.55196,2404.00000
0.15894,0.15302,0.15565,0.16157,0.15861,0.15368,0.15171,0.15237,0.15269,0.14908,0.02015,0.02146,0.02376,0.02080,0.01653,-54.55196,2405.00000
0.15631,0.15269,0.16059,0.15302,0.15368,0.15467,0.15171,0.14941,0.14842,0.15730,0.02113,0.02146,0.02113,0.02179,0.01850,-54.64170,2406.00000
0.15796,0.15894,0.16421,0.15631,0.15829,0.14579,0.15401,0.15401,0.15138,0.14908,0.02278,0.02146,0.01916,0.02278,0.02278,-54.64170,2407.00000
0.15171,0.15631,0.14973,0.16026,0.15401,0.15269,0.15072,0.15237,0.15138,0.14710,0.01982,0.02278,0.02179,0.02048,0.02442,-54.46441,2408.00000
0.15631,0.15401,0.15434,0.15861,0.15598,0.15039,0.15401,0.14677,0.14908,0.14513,0.02344,0.02015,0.02212,0.02146,0.02278,-54.46441,2409.00000
0.15829,0.15829,0.14941,0.15269,0.16256,0.15401,0.15269,0.15039,0.14875,0.15204,0.02015,0.01916,0.02376,0.01949,0.01752,-54.74441,2410.00000
0.15269,0.15302,0.15500,0.14973,0.15796,0.14908,0.15269,0.15697,0.15237,0.15006,0.02048,0.02245,0.01752,0.02113,0.02278,-54.74441,2411.00000
0.15302,0.14973,0.15894,0.15697,0.15697,0.14875,0.14743,0.14579,0.15467,0.15565,0.02245,0.02080,0.02245,0.02311,0.01982,-56.19301,2412.00000
0.15763,0.15302,0.14743,0.16059,0.15664,0.15105,0.15269,0.14809,0.14645,0.15105,0.02278,0.02278,0.01949,0.02048,0.02113,-56.19301,2413.00000
0.15171,0.15500,0.15500,0.15960,0.16157,0.15335,0.15302,0.14941,0.14973,0.15335,0.02541,0.01587,0.02179,0.02278,0.01949,-56.39484,2414.00000
0.15730,0.15697,0.15796,0.16092,0.15829,0.15368,0.15039,0.15204,0.15204,0.14809,0.01850,0.01686,0.01620,0.02080,0.02113,-56.39484,2415.00000
0.15796,0.15861,0.15565,0.15664,0.15993,0.15039,0.14842,0.14776,0.15269,0.15204,0.02113,0.01949,0.01982,0.02179,0.02212,-56.53727,2416.00000
0.14743,0.15960,0.15269,0.15500,0.15598,0.14513,0.14546,0.14908,0.15039,0.14743,0.01982,0.02146,0.02278,0.02080,0.02080,-56.53727,2417.00000
0.15533,0.15894,0.15500,0.15500,0.15467,0.15533,0.15105,0.15105,0.15237,0.14842,0.02113,0.02113,0.02080,0.02442,0.01982,-56.34480,2418.00000
0.15500,0.14776,0.15500,0.15302,0.15598,0.15171,0.15204,0.15105,0.14842,0.15269,0.02113,0.02015,0.02015,0.01916,0.01784,-56.34480,2419.00000
0.15368,0.15960,0.15631,0.15335,0.15861,0.15006,0.14776,0.14908,0.15138,0.14612,0.02179,0.01982,0.02113,0.02212,0.01883,-55.87260,2420.00000
0.15730,0.15467,0.15697,0.15335,0.15730,0.15006,0.14743,0.14842,0.15039,0.15237,0.01883,0.02048,0.01850,0.02212,0.02179,-55.87260,2421.00000
0.16059,0.15927,0.15829,0.16092,0.15467,0.15072,0.14809,0.15171,0.15335,0.14941,0.02442,0.02048,0.02409,0.02113,0.02245,-55.55104,2422.00000
0.15368,0.15664,0.15829,0.15533,0.15138,0.15138,0.14776,0.15171,0.15335,0.15039,0.02146,0.02080,0.02245,0.02179,0.02311,-55.55104,2423.00000
0.15664,0.16092,0.15204,0.15927,0.15302,0.15401,0.15072,0.15138,0.15204,0.14776,0.02048,0.02311,0.02015,0.02409,0.02113,-55.47083,2424.00000
0.15204,0.16092,0.15171,0.15796,0.15105,0.15072,0.14875,0.15171,0.14776,0.15039,0.01883,0.01949,0.02344,0.01982,0.01554,-55.47083,2425.00000
0.15269,0.15664,0.15269,0.16125,0.15434,0.14743,0.15072,0.15006,0.14941,0.14973,0.02541,0.02048,0.02048,0.01883,0.01817,-54.66413,2426.00000
0.15598,0.15434,0.15500,0.15204,0.14908,0.15138,0.15401,0.15269,0.14908,0.15204,0.02179,0.01752,0.02278,0.02146,0.02278,-54.66413,2427.00000
0.15565,0.15368,0.16092,0.15894,0.15796,0.14973,0.14941,0.14941,0.15237,0.15269,0.01982,0.02015,0.02179,0.02376,0.02344,-54.59281,2428.00000
0.15829,0.15105,0.15664,0.15598,0.15533,0.14776,0.15204,0.15204,0.15006,0.15467,0.02344,0.02080,0.02344,0.02048,0.02113,-54.59281,2429.00000
0.15204,0.15598,0.15039,0.15829,0.15237,0.15105,0.15368,0.15302,0.14875,0.15072,0.02146,0.01949,0.02080,0.01817,0.01784,-55.39943,2430.00000
0.15631,0.15434,0.15763,0.15335,0.15533,0.15434,0.15072,0.14941,0.15171,0.15368,0.01949,0.02015,0.02311,0.02179,0.01883,-55.39943,2431.00000
0.15960,0.15434,0.15796,0.15302,0.15467,0.15138,0.14645,0.14842,0.15237,0.15368,0.02015,0.02376,0.01916,0.02179,0.02080,-54.87745,2432.00000
0.15237,0.15467,0.15269,0.15598,0.14941,0.15237,0.14842,0.15269,0.15171,0.14908,0.02508,0.02278,0.02048,0.01982,0.01949,-54.87745,2433.00000
0.15796,0.15237,0.15006,0.15927,0.15664,0.15434,0.14546,0.14776,0.14776,0.14743,0.02475,0.02146,0.02113,0.02179,0.02048,-54.34546,2434.00000
0.15237,0.15664,0.15500,0.15730,0.15861,0.15335,0.14908,0.14809,0.15302,0.14908,0.02344,0.02113,0.02212,0.02146,0.02245,-54.34546,2435.00000
0.15237,0.15697,0.15467,0.15565,0.15664,0.14579,0.15171,0.15467,0.15401,0.14941,0.02442,0.01883,0.01949,0.02344,0.01949,-54.78015,2436.00000
0.15697,0.15204,0.15467,0.14973,0.15533,0.15072,0.14809,0.14908,0.15105,0.15237,0.01817,0.02311,0.02048,0.02409,0.02344,-54.78015,2437.00000
0.15072,0.15467,0.15500,0.15598,0.16026,0.14842,0.14908,0.15105,0.14776,0.15171,0.02344,0.01982,0.02080,0.02409,0.02311,-54.77289,2438.00000
0.15434,0.15401,0.15105,0.15829,0.15598,0.14612,0.15171,0.14908,0.14941,0.14677,0.01949,0.02015,0.02080,0.02015,0.02475,-54.77289,2439.00000
0.15796,0.15006,0.15829,0.15664,0.15500,0.15039,0.14776,0.14941,0.15204,0.14579,0.01949,0.02376,0.01850,0.02146,0.02212,-54.89621,2440.00000
0.15697,0.15664,0.15434,0.15861,0.15368,0.14710,0.14809,0.14546,0.15335,0.15467,0.02311,0.02278,0.02409,0.02080,0.02080,-54.89621,2441.00000
0.15697,0.15335,0.16092,0.15894,0.15237,0.15105,0.14973,0.14842,0.15039,0.15171,0.02409,0.02278,0.02344,0.02508,0.02113,-55.23375,2442.00000
0.15598,0.15533,0.15138,0.15335,0.15368,0.14875,0.15269,0.14612,0.15401,0.15335,0.02245,0.01916,0.02607,0.02179,0.02179,-55.23375,2443.00000
0.15697,0.15302,0.15861,0.15237,0.14941,0.15335,0.15302,0.14743,0.15204,0.14908,0.02113,0.02146,0.02376,0.02442,0.02311,-54.98016,2444.00000
0.15302,0.15664,0.15302,0.15269,0.15894,0.15237,0.14710,0.14941,0.14842,0.15434,0.02146,0.02278,0.02048,0.02344,0.02442,-54.98016,2445.00000
0.15335,0.15533,0.15533,0.15598,0.15565,0.15105,0.14875,0.14908,0.15368,0.15039,0.01850,0.02212,0.02311,0.02311,0.01686,-54.49936,2446.00000
0.15894,0.15368,0.15631,0.15533,0.15105,0.15105,0.14842,0.14842,0.15467,0.15401,0.02048,0.02475,0.02048,0.02212,0.02212,-54.49936,2447.00000
0.15697,0.16157,0.15138,0.15533,0.15368,0.14579,0.14546,0.14842,0.14710,0.15039,0.02179,0.02015,0.02311,0.01719,0.01982,-54.51774,2448.00000
0.15500,0.15039,0.15664,0.15993,0.16157,0.14579,0.15006,0.14941,0.15006,0.15039,0.02442,0.02212,0.02113,0.02311,0.02146,-54.51774,2449.00000
0.16125,0.15861,0.15829,0.15565,0.15138,0.14908,0.14973,0.15269,0.15105,0.14875,0.01883,0.02278,0.01686,0.02048,0.02048,-52.91561,2450.00000
0.15894,0.15796,0.15072,0.15565,0.15335,0.15138,0.15072,0.15368,0.14973,0.15335,0.02048,0.02245,0.02245,0.01982,0.01982,-52.91561,2451.00000
0.15796,0.15368,0.15500,0.15763,0.15697,0.15335,0.15204,0.15204,0.15171,0.15138,0.01949,0.02048,0.02278,0.02409,0.02607,-50.22734,2452.00000
0.15565,0.15237,0.15467,0.15204,0.15072,0.14447,0.14710,0.14809,0.15237,0.14776,0.02080,0.02179,0.02179,0.02344,0.01916,-50.22734,2453.00000
0.15335,0.15730,0.15204,0.15697,0.15631,0.14842,0.15533,0.14842,0.15072,0.14908,0.02113,0.02344,0.02376,0.02048,0.01916,-49.28847,2454.00000
0.15467,0.15006,0.15861,0.15565,0.15237,0.14875,0.15039,0.14612,0.15171,0.15039,0.02113,0.01817,0.02113,0.02179,0.02376,-49.28847,2455.00000
0.15533,0.15861,0.15730,0.15204,0.15664,0.14480,0.14973,0.15269,0.15171,0.15105,0.02212,0.02311,0.02212,0.01916,0.02672,-52.13935,2456.00000
0.15894,0.15171,0.15829,0.15500,0.15960,0.14842,0.15006,0.14908,0.15467,0.15105,0.02409,0.02146,0.02179,0.02179,0.02245,-52.13935,2457.00000
0.15434,0.15533,0.15861,0.15861,0.15500,0.14809,0.14875,0.15368,0.15039,0.14973,0.02442,0.02409,0.02179,0.02113,0.02311,-53.18882,2458.00000
0.15171,0.15467,0.15631,0.15500,0.15500,0.15105,0.14645,0.15302,0.15105,0.15500,0.01554,0.02113,0.02574,0.02146,0.02212,-53.18882,2459.00000
0.15730,0.15368,0.15533,0.15565,0.14941,0.15335,0.15269,0.15072,0.15171,0.15434,0.02672,0.02113,0.02113,0.02278,0.01982,-53.22039,2460.00000
0.15500,0.15763,0.15006,0.15730,0.16026,0.15072,0.15039,0.15006,0.15171,0.15302,0.02574,0.02146,0.02475,0.01883,0.02278,-53.22039,2461.00000
0.15533,0.15467,0.15269,0.15598,0.15237,0.15072,0.14677,0.15171,0.14908,0.14546,0.02245,0.01949,0.02080,0.02146,0.02278,-54.27621,2462.00000
0.15533,0.15237,0.15434,0.15171,0.15434,0.15335,0.14546,0.15138,0.15269,0.15171,0.01982,0.02080,0.01916,0.02245,0.02376,-54.27621,2463.00000
0.15631,0.15565,0.15072,0.15598,0.15697,0.15138,0.15072,0.15204,0.15006,0.15039,0.02475,0.01982,0.02245,0.02311,0.02574,-55.57805,2464.00000
0.15993,0.15894,0.15105,0.15993,0.15401,0.14875,0.14973,0.15269,0.15105,0.15006,0.02048,0.02212,0.02409,0.01554,0.02245,-55.57805,2465.00000
0.15598,0.15500,0.15105,0.15927,0.15237,0.15006,0.15269,0.14842,0.15335,0.15302,0.02179,0.02113,0.02113,0.01949,0.02278,-56.67818,2466.00000
0.15500,0.15631,0.15565,0.15302,0.15335,0.15105,0.15006,0.14875,0.14908,0.15204,0.01916,0.02212,0.02048,0.01883,0.02048,-56.67818,2467.00000
0.15796,0.15796,0.15237,0.15664,0.15434,0.15105,0.15105,0.15796,0.15138,0.15039,0.02278,0.02738,0.02179,0.02278,0.02245,-55.83421,2468.00000
0.15894,0.15467,0.15565,0.15565,0.15171,0.14579,0.15237,0.15500,0.14809,0.14973,0.01850,0.01982,0.02212,0.02048,0.02245,-55.83421,2469.00000
0.15533,0.15335,0.14941,0.15269,0.14480,0.15039,0.14316,0.15467,0.14776,0.15138,0.02048,0.01784,0.02245,0.01916,0.02179,-55.58800,2470.00000
0.15237,0.15829,0.15664,0.15697,0.15960,0.15631,0.15269,0.15138,0.15302,0.15565,0.01850,0.02376,0.01982,0.02278,0.02146,-55.58800,2471.00000
0.15565,0.15467,0.15631,0.15467,0.15631,0.15204,0.15204,0.15204,0.15204,0.15204,0.02245,0.01488,0.01949,0.01982,0.01982,-55.64556,2472.00000
0.15861,0.14941,0.16125,0.15664,0.15006,0.14776,0.15039,0.14875,0.15072,0.15039,0.02048,0.02376,0.02146,0.01982,0.02409,-55.64556,2473.00000
0.15894,0.14809,0.15565,0.15730,0.15631,0.15039,0.15138,0.15006,0.14875,0.15138,0.01949,0.01916,0.02146,0.02541,0.01883,-55.56936,2474.00000
0.15697,0.15500,0.15598,0.15861,0.15105,0.15171,0.15072,0.15237,0.14809,0.15237,0.02245,0.02607,0.02179,0.01916,0.01916,-55.56936,2475.00000
0.15763,0.15368,0.15500,0.15533,0.15138,0.14973,0.14973,0.15072,0.15302,0.14842,0.01916,0.02245,0.02640,0.02146,0.01982,-55.98292,2476.00000
0.14710,0.15500,0.15105,0.15171,0.16289,0.14941,0.14908,0.15138,0.14513,0.15467,0.02278,0.02278,0.02080,0.02278,0.02015,-55.98292,2477.00000
0.15533,0.15105,0.15467,0.16125,0.15039,0.15171,0.14743,0.14710,0.15105,0.14743,0.02278,0.02146,0.02475,0.02344,0.01850,-55.84058,2478.00000
0.15269,0.15302,0.15467,0.15105,0.15401,0.15237,0.14776,0.14513,0.15302,0.14677,0.02376,0.02344,0.02048,0.02179,0.02376,-55.84058,2479.00000
0.14776,0.15631,0.15598,0.15335,0.14908,0.14908,0.15401,0.15335,0.15039,0.14710,0.01817,0.02048,0.02048,0.02179,0.02278,-55.47400,2480.00000
0.15302,0.15533,0.15927,0.15039,0.15335,0.14941,0.14513,0.15006,0.14908,0.15171,0.02245,0.02179,0.01817,0.02146,0.02245,-55.47400,2481.00000
0.15664,0.14677,0.15565,0.15796,0.15467,0.14710,0.15138,0.14908,0.15302,0.14743,0.02442,0.01982,0.01883,0.02146,0.02048,-54.13104,2482.00000
0.16125,0.14973,0.15664,0.15302,0.15829,0.15730,0.15500,0.14710,0.14875,0.15269,0.01916,0.02048,0.02344,0.02048,0.02541,-54.13104,2483.00000
0.15302,0.15467,0.15467,0.15533,0.15302,0.14973,0.14842,0.14973,0.15237,0.14842,0.02278,0.01752,0.01982,0.02212,0.01850,-54.67539,2484.00000
0.14776,0.15829,0.15763,0.15269,0.15894,0.15237,0.14677,0.14710,0.14941,0.14677,0.02442,0.02278,0.02146,0.02048,0.02080,-54.67539,2485.00000
0.15105,0.14776,0.15631,0.15269,0.15401,0.15269,0.15006,0.14612,0.15401,0.15434,0.02278,0.02311,0.02015,0.02245,0.02278,-54.60332,2486.00000
0.15697,0.15993,0.15631,0.15763,0.15302,0.15467,0.14842,0.14875,0.14973,0.14677,0.02376,0.01850,0.02409,0.02113,0.02311,-54.60332,2487.00000
0.15072,0.15631,0.15368,0.15631,0.14973,0.14809,0.14973,0.15006,0.15006,0.15105,0.02278,0.02508,0.01982,0.02146,0.02574,-54.89932,2488.00000
0.15664,0.15269,0.15927,0.15368,0.15335,0.15368,0.15204,0.15006,0.15138,0.14842,0.01850,0.02015,0.02212,0.02311,0.01817,-54.89932,2489.00000
0.15730,0.15500,0.15533,0.15368,0.15105,0.14875,0.15302,0.15500,0.15434,0.14875,0.02278,0.02344,0.02080,0.02541,0.02409,-55.57710,2490.00000
0.15269,0.15171,0.15401,0.16157,0.15500,0.15072,0.14908,0.15138,0.15039,0.14809,0.02179,0.02376,0.01784,0.02048,0.02541,-55.57710,2491.00000
0.15664,0.15631,0.15269,0.14645,0.16026,0.14842,0.14710,0.14941,0.15237,0.14973,0.02113,0.01949,0.02048,0.02245,0.02179,-54.27781,2492.00000
0.16157,0.15533,0.15269,0.16092,0.15171,0.14908,0.15006,0.15171,0.15204,0.15138,0.02048,0.02245,0.02212,0.02113,0.02245,-54.27781,2493.00000
0.15697,0.15927,0.15598,0.15960,0.15401,0.14973,0.14809,0.15302,0.14809,0.14809,0.02311,0.02015,0.02179,0.01784,0.02212,-54.57787,2494.00000
0.15467,0.15269,0.15401,0.15598,0.15368,0.14776,0.15105,0.15565,0.15039,0.15006,0.02311,0.02705,0.02048,0.02015,0.02080,-54.57787,2495.00000
0.15565,0.15368,0.15039,0.15039,0.15960,0.14875,0.14513,0.14743,0.15237,0.15269,0.01883,0.02015,0.01982,0.02015,0.02376,-55.26745,2496.00000
0.15335,0.15894,0.15861,0.15434,0.15368,0.15335,0.14941,0.14809,0.15171,0.15335,0.01883,0.02376,0.02344,0.02311,0.02146,-55.26745,2497.00000
0.15763,0.15598,0.15138,0.15763,0.15598,0.15039,0.15467,0.15105,0.14710,0.14612,0.02541,0.02015,0.02212,0.02311,0.02311,-55.53167,2498.00000
0.15664,0.15171,0.15730,0.15763,0.15368,0.15204,0.14875,0.15500,0.15105,0.14710,0.02376,0.02179,0.02146,0.01784,0.02146,-55.53167,2499.00000
0.15269,0.15302,0.15697,0.15237,0.15204,0.15237,0.15072,0.15072,0.15171,0.14842,0.02015,0.02376,0.02212,0.02179,0.02442,-55.54660,2500.00000
0.15829,0.15204,0.15565,0.15467,0.15565,0.15171,0.15105,0.15039,0.15039,0.14941,0.01883,0.02311,0.01916,0.02015,0.02113,-55.54660,2501.00000
0.15861,0.15467,0.15401,0.15500,0.15796,0.15138,0.14842,0.14677,0.15039,0.14973,0.01883,0.02048,0.02245,0.02344,0.01949,-55.51988,2502.00000
0.15105,0.15368,0.15631,0.14546,0.15598,0.15138,0.14743,0.14414,0.14710,0.14743,0.02080,0.02409,0.02311,0.01949,0.01982,-55.51988,2503.00000
0.15467,0.15763,0.15631,0.15533,0.15533,0.14875,0.15138,0.14579,0.15335,0.15204,0.02409,0.01817,0.02442,0.02080,0.01982,-55.03045,2504.00000
0.15467,0.15368,0.15072,0.15533,0.15269,0.15237,0.15533,0.14710,0.15072,0.14973,0.02015,0.02311,0.02245,0.01554,0.02113,-55.03045,2505.00000
0.15763,0.15664,0.15730,0.15434,0.16125,0.15171,0.15006,0.15467,0.15171,0.15138,0.02212,0.02179,0.02048,0.02080,0.02146,-54.78573,2506.00000
0.15006,0.15500,0.15434,0.15829,0.15565,0.15269,0.15171,0.14612,0.14842,0.14743,0.01982,0.02048,0.02311,0.01949,0.02015,-54.78573,2507.00000
0.15138,0.15335,0.15335,0.15006,0.15204,0.14645,0.14875,0.14645,0.14710,0.14973,0.02048,0.01719,0.02574,0.02311,0.01817,-55.10039,2508.00000
0.15368,0.16289,0.15401,0.15664,0.15598,0.14908,0.14973,0.15269,0.15204,0.15269,0.02015,0.02113,0.02048,0.02048,0.02048,-55.10039,2509.00000
0.15006,0.15796,0.15072,0.15335,0.14875,0.15204,0.14908,0.15335,0.14875,0.15006,0.02080,0.02113,0.02475,0.02146,0.02212,-55.66543,2510.00000
0.15006,0.15368,0.15993,0.14973,0.15894,0.15204,0.14973,0.15302,0.14842,0.15105,0.02311,0.01850,0.02015,0.02475,0.01817,-55.66543,2511.00000
0.15401,0.15631,0.15335,0.15598,0.15500,0.15138,0.14677,0.15138,0.15335,0.14875,0.01883,0.02212,0.02113,0.02607,0.02376,-54.51728,2512.00000
0.14842,0.15533,0.15500,0.15500,0.15697,0.14776,0.15269,0.14677,0.14908,0.15105,0.02179,0.02442,0.02278,0.01949,0.02113,-54.51728,2513.00000
0.15763,0.15598,0.15368,0.15072,0.15730,0.15237,0.14579,0.15006,0.14776,0.14283,0.02212,0.02311,0.02179,0.02080,0.01752,-53.97251,2514.00000
0.15434,0.15993,0.15368,0.15467,0.15500,0.14776,0.15401,0.14908,0.14546,0.14809,0.02080,0.02442,0.01982,0.02442,0.02212,-53.97251,2515.00000
0.15105,0.16125,0.15072,0.15401,0.15171,0.14842,0.15204,0.15072,0.14973,0.15204,0.02080,0.02080,0.02048,0.02015,0.01982,-55.01604,2516.00000
0.15631,0.15368,0.15138,0.15730,0.15467,0.15237,0.14809,0.14579,0.15006,0.15039,0.02409,0.02245,0.02245,0.02212,0.01817,-55.01604,2517.00000
0.15467,0.15434,0.15829,0.15533,0.15237,0.14579,0.15105,0.14973,0.14776,0.14743,0.02146,0.02245,0.02212,0.02442,0.01850,-54.77853,2518.00000
0.15730,0.15796,0.14809,0.14776,0.15829,0.15171,0.14941,0.15105,0.14776,0.15138,0.01982,0.02179,0.02179,0.02179,0.02080,-54.77853,2519.00000
0.15138,0.14973,0.15763,0.15204,0.15664,0.15237,0.15204,0.14776,0.15368,0.15269,0.01883,0.01949,0.02245,0.02245,0.02212,-55.07725,2520.00000
0.15894,0.15401,0.15500,0.15697,0.15006,0.14743,0.14776,0.15072,0.14941,0.15138,0.02080,0.02146,0.02146,0.02278,0.01916,-55.07725,2521.00000
0.15269,0.15565,0.14908,0.15664,0.15401,0.15105,0.15171,0.15368,0.14941,0.14973,0.02344,0.02442,0.01686,0.02080,0.01916,-55.32183,2522.00000
0.14941,0.15730,0.15829,0.15039,0.15763,0.15302,0.14579,0.15006,0.15302,0.15302,0.01949,0.02311,0.02113,0.02344,0.02376,-55.32183,2523.00000
0.15302,0.15598,0.15467,0.15237,0.15861,0.14875,0.15302,0.14875,0.15105,0.14645,0.02080,0.02212,0.02376,0.02212,0.01883,-55.23416,2524.00000
0.15730,0.15368,0.15171,0.15598,0.15467,0.15302,0.14776,0.15138,0.15171,0.14743,0.01883,0.02376,0.02212,0.02640,0.02212,-55.23416,2525.00000
0.15960,0.14973,0.15171,0.15237,0.14842,0.14973,0.14941,0.14908,0.14546,0.14809,0.02212,0.02080,0.02278,0.02344,0.02179,-54.94130,2526.00000
0.15434,0.15533,0.15401,0.14842,0.16059,0.15204,0.15105,0.14612,0.15105,0.15237,0.02179,0.02179,0.02344,0.02212,0.02311,-54.94130,2527.00000
0.15072,0.15631,0.15697,0.15730,0.15565,0.15368,0.15072,0.14842,0.14875,0.15269,0.01817,0.02212,0.02212,0.02508,0.02376,-55.01215,2528.00000
0.15927,0.15401,0.15533,0.15500,0.15894,0.14842,0.15138,0.15302,0.15072,0.14908,0.02146,0.02146,0.01817,0.02278,0.02344,-55.01215,2529.00000
0.15072,0.15401,0.15171,0.15565,0.16190,0.15401,0.14776,0.14875,0.15269,0.15302,0.02245,0.02080,0.02344,0.02146,0.02574,-55.84836,2530.00000
0.15927,0.15565,0.15467,0.15631,0.15927,0.14546,0.14875,0.14743,0.15072,0.15204,0.02278,0.02245,0.01949,0.02311,0.01883,-55.84836,2531.00000
0.15467,0.15796,0.15072,0.15401,0.15467,0.14677,0.14316,0.15237,0.15072,0.15237,0.02015,0.02311,0.01982,0.02146,0.02179,-55.11412,2532.00000
0.15631,0.15763,0.15401,0.15565,0.16092,0.15138,0.14908,0.14941,0.15204,0.15368,0.02376,0.02146,0.02080,0.02146,0.02376,-55.11412,2533.00000
0.15730,0.15565,0.14776,0.15829,0.15533,0.15401,0.15171,0.15533,0.14875,0.14941,0.02376,0.02409,0.02113,0.01784,0.02048,-55.13763,2534.00000
0.15697,0.15796,0.15960,0.15730,0.15368,0.15072,0.15401,0.14973,0.15401,0.14842,0.01949,0.02344,0.02311,0.01916,0.02015,-55.13763,2535.00000
0.15565,0.15796,0.15204,0.15664,0.15138,0.14612,0.14973,0.14546,0.14809,0.15237,0.02376,0.02179,0.01752,0.01982,0.02179,-54.96872,2536.00000
0.15927,0.15368,0.15335,0.15401,0.15368,0.15237,0.14546,0.14908,0.15335,0.15434,0.01784,0.02311,0.02475,0.02278,0.02048,-54.96872,2537.00000
0.15894,0.15467,0.15138,0.15697,0.15138,0.15335,0.14743,0.15269,0.15072,0.14579,0.02212,0.02212,0.02311,0.02278,0.02080,-55.07225,2538.00000
0.15335,0.15500,0.15204,0.15796,0.15237,0.14842,0.15204,0.14579,0.15039,0.15269,0.02344,0.02245,0.02212,0.02146,0.02179,-55.07225,2539.00000
0.15664,0.15664,0.15335,0.15335,0.15237,0.15171,0.15500,0.14710,0.15105,0.15138,0.02080,0.02376,0.02475,0.02442,0.01883,-54.93114,2540.00000
0.15927,0.15565,0.15467,0.15500,0.15631,0.15434,0.15171,0.15039,0.14743,0.15401,0.02409,0.02409,0.02179,0.02146,0.02146,-54.93114,2541.00000
0.15467,0.15500,0.15598,0.15401,0.16190,0.14908,0.15335,0.15039,0.14973,0.14776,0.01587,0.02541,0.02212,0.02080,0.02409,-54.37231,2542.00000
0.15368,0.15631,0.15697,0.15533,0.15138,0.14316,0.15335,0.14842,0.14941,0.14941,0.02212,0.02080,0.02113,0.02146,0.02409,-54.37231,2543.00000
0.15533,0.15302,0.15368,0.15302,0.15039,0.14710,0.14677,0.15368,0.15171,0.15204,0.02376,0.02179,0.02080,0.02640,0.02344,-54.16858,2544.00000
0.15401,0.14973,0.15763,0.15335,0.15302,0.15763,0.15039,0.15039,0.14875,0.14908,0.02311,0.02376,0.02278,0.02278,0.01850,-54.16858,2545.00000
0.15763,0.14743,0.15138,0.15335,0.15302,0.14809,0.14842,0.15204,0.15368,0.15237,0.01719,0.02048,0.02278,0.01916,0.02541,-55.30939,2546.00000
0.14973,0.15467,0.15631,0.15039,0.15598,0.14941,0.14809,0.15006,0.14908,0.14776,0.02640,0.02278,0.02179,0.01949,0.02245,-55.30939,2547.00000
0.15993,0.15434,0.15237,0.15730,0.15237,0.15039,0.14743,0.14513,0.14809,0.14973,0.01982,0.01982,0.02146,0.01752,0.02015,-54.99112,2548.00000
0.15894,0.15368,0.15401,0.15072,0.14513,0.14908,0.14710,0.14645,0.14908,0.14908,0.02048,0.02048,0.02442,0.02541,0.02015,-54.99112,2549.00000
0.15467,0.15171,0.15861,0.15171,0.14776,0.14809,0.14941,0.15072,0.15138,0.15204,0.02146,0.01883,0.02080,0.02113,0.02212,-55.80855,2550.00000
0.15039,0.15401,0.15335,0.15269,0.15664,0.14710,0.14776,0.14809,0.14875,0.15138,0.02344,0.01719,0.02048,0.02146,0.02475,-55.80855,2551.00000
0.15467,0.15631,0.14875,0.15302,0.15861,0.14842,0.14743,0.14875,0.15302,0.14908,0.01982,0.02080,0.02080,0.02245,0.02212,-56.06101,2552.00000
0.15237,0.15368,0.15237,0.15368,0.15335,0.15302,0.15237,0.15171,0.14447,0.14941,0.02179,0.02607,0.01850,0.02113,0.02344,-56.06101,2553.00000
0.14809,0.15598,0.15664,0.15368,0.15237,0.14973,0.15237,0.14677,0.15631,0.14612,0.01817,0.02278,0.01620,0.02113,0.02245,-56.11156,2554.00000
0.15237,0.15072,0.15829,0.15434,0.15237,0.15204,0.15039,0.15171,0.15269,0.15237,0.02376,0.01982,0.02344,0.02574,0.02212,-56.11156,2555.00000
0.15631,0.15598,0.15533,0.15598,0.15302,0.14809,0.14579,0.15237,0.14973,0.14546,0.01784,0.02080,0.02278,0.02640,0.02278,-56.54211,2556.00000
0.15269,0.15664,0.15533,0.15467,0.15269,0.15039,0.15039,0.14941,0.15269,0.14809,0.02048,0.02475,0.01784,0.02015,0.02146,-56.54211,2557.00000
0.15598,0.15467,0.14973,0.15467,0.15861,0.14645,0.15039,0.14809,0.15171,0.14941,0.02311,0.02212,0.02376,0.02212,0.02146,-57.07965,2558.00000
0.15401,0.14710,0.15763,0.16059,0.15598,0.14908,0.15006,0.15302,0.14875,0.14677,0.02080,0.01850,0.01949,0.01752,0.01883,-57.07965,2559.00000
0.15269,0.15730,0.14875,0.15730,0.15960,0.14875,0.15006,0.14941,0.15072,0.14612,0.02475,0.02278,0.02278,0.02344,0.02015,-55.67850,2560.00000
0.14908,0.15796,0.15598,0.15335,0.15335,0.14743,0.14645,0.14809,0.15171,0.15204,0.02080,0.01916,0.02376,0.02146,0.01949,-55.67850,2561.00000
0.15105,0.15829,0.15204,0.15894,0.15204,0.15500,0.14710,0.15105,0.15105,0.15006,0.02048,0.02212,0.02080,0.02376,0.02409,-55.04140,2562.00000
0.15631,0.15401,0.16026,0.15927,0.15664,0.15105,0.15533,0.14677,0.14776,0.14842,0.02245,0.02508,0.02113,0.02146,0.02179,-55.04140,2563.00000
0.15039,0.15598,0.15631,0.15302,0.16223,0.15138,0.15237,0.14875,0.14579,0.15533,0.01686,0.01982,0.01653,0.02409,0.02080,-55.34785,2564.00000
0.15796,0.15664,0.15237,0.14941,0.15796,0.14973,0.14941,0.15138,0.15500,0.15006,0.02475,0.02113,0.02113,0.02113,0.01883,-55.34785,2565.00000
0.15237,0.15204,0.15993,0.15664,0.16190,0.15138,0.15302,0.14842,0.14743,0.15204,0.02146,0.02048,0.02376,0.02376,0.02146,-55.02744,2566.00000
0.15302,0.15204,0.15993,0.15434,0.15105,0.15171,0.14743,0.15138,0.15302,0.15006,0.02344,0.01817,0.02278,0.02179,0.02705,-55.02744,2567.00000
0.15105,0.15533,0.14776,0.15138,0.15763,0.15204,0.15401,0.15302,0.15006,0.15006,0.02278,0.02179,0.02179,0.02475,0.02015,-55.32866,2568.00000
0.15138,0.16223,0.15533,0.15237,0.15730,0.15204,0.15302,0.15171,0.15171,0.14842,0.02311,0.02048,0.02146,0.02080,0.02080,-55.32866,2569.00000
0.14645,0.15467,0.15138,0.15697,0.15796,0.15368,0.15072,0.15401,0.14743,0.14842,0.01916,0.02212,0.02245,0.02245,0.02146,-54.54177,2570.00000
0.15927,0.14973,0.14941,0.15335,0.14743,0.14645,0.14809,0.14414,0.15039,0.14908,0.02442,0.02376,0.02212,0.02080,0.02212,-54.54177,2571.00000
0.15533,0.15302,0.15237,0.15565,0.15861,0.14809,0.14842,0.15006,0.14612,0.14973,0.02245,0.01982,0.02179,0.02113,0.02212,-54.39735,2572.00000
0.15631,0.15072,0.15401,0.15927,0.15565,0.15072,0.15072,0.15006,0.14612,0.15467,0.02080,0.02245,0.02212,0.02245,0.02409,-54.39735,2573.00000
0.15730,0.15072,0.15269,0.15697,0.15763,0.15039,0.14973,0.14875,0.14710,0.15171,0.02409,0.02245,0.02080,0.01752,0.02442,-54.89887,2574.00000
0.15565,0.15697,0.15302,0.15565,0.15401,0.15204,0.15105,0.14842,0.14941,0.14480,0.02344,0.02409,0.02015,0.02376,0.02015,-54.89887,2575.00000
0.15631,0.15598,0.15533,0.15335,0.15434,0.15171,0.15204,0.15072,0.15237,0.14941,0.02541,0.02344,0.01982,0.02113,0.01949,-54.75656,2576.00000
0.15500,0.15861,0.15269,0.15302,0.15664,0.14776,0.15105,0.15105,0.15006,0.14776,0.02179,0.01719,0.02179,0.01949,0.02080,-54.75656,2577.00000
0.15565,0.15039,0.15467,0.15500,0.14908,0.15598,0.15204,0.14546,0.14875,0.14973,0.02113,0.02015,0.01982,0.02080,0.02376,-55.17858,2578.00000
0.15565,0.14809,0.16125,0.15105,0.14776,0.15565,0.15072,0.14941,0.15467,0.15631,0.02278,0.02048,0.02212,0.02015,0.02376,-55.17858,2579.00000
0.15171,0.15335,0.15664,0.15401,0.15500,0.15269,0.15105,0.14973,0.15006,0.14480,0.02376,0.02376,0.02344,0.02541,0.02376,-55.19427,2580.00000
0.15105,0.15565,0.15565,0.15401,0.15664,0.15401,0.14447,0.15105,0.14776,0.15204,0.02048,0.01949,0.02344,0.02508,0.02179,-55.19427,2581.00000
0.15861,0.14973,0.15500,0.15730,0.15335,0.14973,0.14710,0.14973,0.14842,0.15171,0.02080,0.02508,0.02311,0.01982,0.02245,-55.57321,2582.00000
0.15269,0.15500,0.15039,0.15631,0.15204,0.14941,0.14743,0.15039,0.14842,0.14743,0.01817,0.01949,0.02179,0.01817,0.01916,-55.57321,2583.00000
0.15927,0.15105,0.15664,0.15730,0.15269,0.14875,0.15039,0.15105,0.15006,0.14842,0.02245,0.02311,0.02212,0.01916,0.02245,-55.15233,2584.00000
0.15467,0.15237,0.15204,0.15237,0.15072,0.15434,0.14677,0.14743,0.14480,0.14875,0.02344,0.01916,0.02212,0.02080,0.02409,-55.15233,2585.00000
0.14973,0.15763,0.16026,0.15335,0.15664,0.14875,0.14842,0.15269,0.14908,0.14875,0.02344,0.01883,0.01916,0.01850,0.02442,-54.78075,2586.00000
0.15204,0.15664,0.15467,0.15138,0.15269,0.14776,0.15138,0.15368,0.15006,0.14809,0.02475,0.02179,0.01719,0.02048,0.02212,-54.78075,2587.00000
0.15204,0.15434,0.15204,0.15269,0.15565,0.15171,0.15072,0.14513,0.15171,0.15171,0.02245,0.02113,0.02376,0.02278,0.01949,-54.46557,2588.00000
0.14875,0.15894,0.15434,0.15006,0.15039,0.15368,0.15565,0.15335,0.15204,0.14710,0.02344,0.02442,0.02015,0.01949,0.02278,-54.46557,2589.00000
0.14579,0.15401,0.15796,0.15664,0.14908,0.14513,0.14677,0.14908,0.15171,0.14875,0.02212,0.02442,0.02048,0.01784,0.02015,-54.64245,2590.00000
0.15368,0.15631,0.15335,0.14908,0.15598,0.15039,0.14973,0.15335,0.14908,0.14645,0.02475,0.01883,0.02146,0.02541,0.02311,-54.64245,2591.00000
0.15039,0.15796,0.15829,0.15368,0.15697,0.14842,0.14908,0.14612,0.14842,0.15302,0.02541,0.02376,0.02442,0.01850,0.02344,-54.75531,2592.00000
0.16519,0.15237,0.15204,0.15631,0.15631,0.15204,0.14809,0.14908,0.14842,0.14776,0.02245,0.02278,0.02113,0.01949,0.01653,-54.75531,2593.00000
0.14908,0.15861,0.15204,0.15598,0.15730,0.14842,0.15401,0.14743,0.14908,0.14710,0.02574,0.02672,0.02376,0.01916,0.02311,-53.72043,2594.00000
0.15138,0.15500,0.15829,0.15401,0.15861,0.15072,0.14908,0.14743,0.15302,0.14809,0.02179,0.02278,0.02113,0.02376,0.02048,-53.72043,2595.00000
0.15335,0.15631,0.15105,0.15697,0.15763,0.15105,0.15269,0.14579,0.14776,0.14973,0.02442,0.01982,0.02113,0.02015,0.02113,-54.01353,2596.00000
0.14842,0.16059,0.15467,0.15237,0.14941,0.14546,0.15006,0.15302,0.15006,0.15204,0.02245,0.02245,0.02146,0.01784,0.02212,-54.01353,2597.00000
0.15171,0.15631,0.15072,0.15171,0.15072,0.14710,0.15105,0.14743,0.14710,0.15039,0.02278,0.02311,0.02245,0.02475,0.02541,-54.09173,2598.00000
0.15565,0.15631,0.15302,0.15598,0.15204,0.15105,0.14941,0.14875,0.15335,0.14973,0.02442,0.02113,0.02146,0.02245,0.01752,-54.09173,2599.00000
0.15763,0.15598,0.15335,0.15467,0.15302,0.15039,0.14809,0.15269,0.14710,0.15006,0.02146,0.02179,0.01719,0.02245,0.01916,-54.47262,2600.00000
0.15500,0.15401,0.15565,0.15335,0.14875,0.15072,0.15335,0.15434,0.15138,0.15072,0.02245,0.02278,0.02179,0.02245,0.01883,-54.47262,2601.00000
0.15072,0.15269,0.15006,0.15565,0.15138,0.15204,0.15105,0.14546,0.14612,0.14677,0.02245,0.01949,0.01982,0.02212,0.02015,-54.54832,2602.00000
0.15763,0.15105,0.15401,0.15138,0.15401,0.15401,0.15039,0.14809,0.15006,0.14941,0.02146,0.01982,0.02245,0.02015,0.01949,-54.54832,2603.00000
0.15401,0.15565,0.14645,0.14973,0.15565,0.15171,0.14710,0.14842,0.14941,0.14842,0.01949,0.02212,0.02376,0.02311,0.02245,-55.29906,2604.00000
0.15335,0.16125,0.15533,0.15269,0.15565,0.15072,0.14809,0.14776,0.15269,0.14875,0.02376,0.01916,0.02080,0.02376,0.02048,-55.29906,2605.00000
0.15368,0.15730,0.15302,0.14973,0.15533,0.14842,0.15171,0.15039,0.14776,0.15072,0.02113,0.02508,0.02344,0.02409,0.02475,-54.71740,2606.00000
0.15829,0.14875,0.15434,0.15664,0.15072,0.15171,0.14710,0.14941,0.14941,0.14809,0.02278,0.02179,0.02212,0.01784,0.02146,-54.71740,2607.00000
0.14776,0.15434,0.15598,0.15368,0.14480,0.14316,0.14480,0.14743,0.15138,0.14776,0.01949,0.02113,0.02146,0.01686,0.02146,-55.03692,2608.00000
0.15072,0.15467,0.15533,0.15368,0.15796,0.15039,0.14480,0.14875,0.15138,0.15006,0.02113,0.01982,0.02245,0.02212,0.02212,-55.03692,2609.00000
0.15335,0.15467,0.15565,0.15237,0.15565,0.14973,0.15105,0.15335,0.15467,0.14677,0.02311,0.02048,0.02212,0.02146,0.02015,-54.74991,2610.00000
0.15565,0.15829,0.15796,0.15533,0.15598,0.14842,0.14842,0.14612,0.15006,0.15105,0.02442,0.01982,0.02048,0.02146,0.02376,-54.74991,2611.00000
0.15269,0.15533,0.15467,0.15664,0.16026,0.15006,0.14776,0.15006,0.14973,0.14677,0.02344,0.01817,0.02344,0.02212,0.01883,-54.85054,2612.00000
0.15796,0.15237,0.15434,0.15533,0.15533,0.14776,0.15368,0.15006,0.14908,0.14908,0.02080,0.02113,0.02146,0.02409,0.02080,-54.85054,2613.00000
0.15796,0.15631,0.14809,0.15664,0.15171,0.15072,0.14546,0.14842,0.15138,0.15006,0.02113,0.02146,0.01949,0.02344,0.02376,-55.70164,2614.00000
0.15335,0.15533,0.15697,0.14941,0.15072,0.14743,0.14908,0.15006,0.15006,0.15072,0.02179,0.02080,0.02015,0.02179,0.02640,-55.70164,2615.00000
0.15368,0.15072,0.15072,0.15039,0.15730,0.15039,0.14710,0.14973,0.14612,0.15006,0.02376,0.02607,0.02344,0.02311,0.02705,-55.65599,2616.00000
0.15368,0.15039,0.15335,0.15171,0.15302,0.15039,0.14743,0.14973,0.14776,0.15269,0.02080,0.02179,0.02278,0.01916,0.02048,-55.65599,2617.00000
0.15039,0.15138,0.15829,0.15861,0.15598,0.14645,0.14809,0.15006,0.14941,0.14645,0.02179,0.02278,0.02344,0.01817,0.01982,-55.52575,2618.00000
0.15500,0.15269,0.15171,0.14842,0.15861,0.15237,0.14414,0.15105,0.15105,0.14579,0.02015,0.02409,0.02376,0.02113,0.02146,-55.52575,2619.00000
0.15368,0.15138,0.15500,0.15533,0.15533,0.14480,0.14842,0.15006,0.14743,0.14677,0.01982,0.02442,0.02179,0.02212,0.02146,-54.90643,2620.00000
0.15598,0.14710,0.15269,0.15138,0.15138,0.14875,0.14645,0.14743,0.15269,0.15105,0.02344,0.02508,0.02376,0.02409,0.02278,-54.90643,2621.00000
0.15565,0.15697,0.15335,0.15533,0.15500,0.15237,0.15105,0.15006,0.14809,0.15434,0.02146,0.02080,0.01949,0.02344,0.02245,-54.42587,2622.00000
0.15960,0.15302,0.15631,0.15072,0.15138,0.14941,0.14941,0.14973,0.14743,0.14875,0.02245,0.02442,0.02541,0.01982,0.02311,-54.42587,2623.00000
0.15171,0.15105,0.15598,0.15302,0.15500,0.14875,0.15072,0.15072,0.14546,0.14908,0.02048,0.02245,0.02048,0.02179,0.01817,-54.66167,2624.00000
0.15434,0.14579,0.15006,0.16092,0.14743,0.15664,0.14809,0.15105,0.14776,0.15039,0.02179,0.02574,0.02508,0.02179,0.02376,-54.66167,2625.00000
0.15204,0.15993,0.15894,0.15204,0.15598,0.15204,0.14579,0.14579,0.15105,0.14973,0.02179,0.02376,0.02344,0.02212,0.02311,-54.55495,2626.00000
0.15006,0.15204,0.15368,0.15730,0.15500,0.14710,0.14842,0.14941,0.15006,0.14776,0.02311,0.02409,0.01949,0.02146,0.02146,-54.55495,2627.00000
0.15565,0.14941,0.15697,0.15533,0.15467,0.15072,0.14776,0.14579,0.15434,0.15039,0.02278,0.02080,0.02179,0.02113,0.01949,-55.08754,2628.00000
0.15138,0.15533,0.15565,0.15467,0.15302,0.14677,0.15533,0.15039,0.14875,0.15105,0.02212,0.02015,0.02146,0.02212,0.02311,-55.08754,2629.00000
0.15598,0.15796,0.15204,0.15302,0.15763,0.14809,0.14908,0.15039,0.15368,0.14776,0.02278,0.01719,0.02080,0.01850,0.02672,-55.50519,2630.00000
0.15565,0.14677,0.15237,0.15763,0.15500,0.15171,0.14842,0.14645,0.14612,0.14579,0.02015,0.02179,0.01883,0.02179,0.02146,-55.50519,2631.00000
0.15434,0.15302,0.15335,0.14842,0.16026,0.15105,0.14973,0.14908,0.15204,0.14776,0.02113,0.02048,0.02311,0.02146,0.02146,-54.98404,2632.00000
0.15006,0.14612,0.14809,0.15335,0.14875,0.14842,0.14776,0.14941,0.15105,0.15006,0.02212,0.02113,0.02245,0.02212,0.02080,-54.98404,2633.00000
0.15105,0.15302,0.15401,0.15631,0.15500,0.15138,0.14973,0.14875,0.14908,0.14875,0.02113,0.02179,0.02146,0.02113,0.02245,-55.28011,2634.00000
0.15138,0.15598,0.15039,0.15237,0.15269,0.14447,0.15105,0.14809,0.14875,0.15335,0.02048,0.02278,0.02344,0.02113,0.02311,-55.28011,2635.00000
0.15500,0.15237,0.15269,0.15204,0.15796,0.15171,0.14546,0.15237,0.14546,0.14743,0.01949,0.01784,0.02048,0.02607,0.02080,-56.39005,2636.00000
0.15302,0.14809,0.15171,0.15861,0.15171,0.14908,0.14776,0.15105,0.14809,0.14645,0.02048,0.02278,0.02179,0.02311,0.02344,-56.39005,2637.00000
0.15467,0.15434,0.14908,0.15368,0.15039,0.15006,0.14875,0.15237,0.15072,0.15072,0.02179,0.02080,0.02179,0.02048,0.02475,-55.51680,2638.00000
0.15697,0.15204,0.15565,0.15434,0.15763,0.14842,0.14875,0.14875,0.15368,0.14809,0.02376,0.02146,0.02541,0.01982,0.02475,-55.51680,2639.00000
0.15237,0.15467,0.15302,0.14842,0.16125,0.14809,0.15006,0.15006,0.14941,0.15105,0.02245,0.01719,0.02442,0.02015,0.02376,-55.84922,2640.00000
0.15500,0.15105,0.14875,0.15204,0.15072,0.15006,0.15006,0.14710,0.14875,0.14414,0.01653,0.02212,0.02475,0.02113,0.02409,-55.84922,2641.00000
0.14973,0.15861,0.15598,0.15434,0.15565,0.14875,0.15171,0.14973,0.15006,0.15368,0.02475,0.02376,0.02146,0.02409,0.02541,-55.42217,2642.00000
0.15204,0.15565,0.15401,0.15434,0.14710,0.14973,0.14941,0.14809,0.14414,0.15138,0.02508,0.02245,0.02311,0.02541,0.01982,-55.42217,2643.00000
0.15237,0.15204,0.15138,0.15598,0.15993,0.14710,0.15072,0.14973,0.15434,0.14776,0.02409,0.01817,0.01949,0.02080,0.01784,-54.96939,2644.00000
0.15039,0.14875,0.15171,0.15269,0.15072,0.14776,0.15006,0.15434,0.15204,0.14776,0.02738,0.02672,0.02113,0.01949,0.02212,-54.96939,2645.00000
0.15467,0.15467,0.15138,0.15533,0.15039,0.14612,0.14710,0.14776,0.14776,0.14809,0.02015,0.02146,0.02475,0.02048,0.02311,-55.31917,2646.00000
0.15072,0.15434,0.15138,0.15434,0.15237,0.14809,0.14645,0.14677,0.15302,0.14842,0.01916,0.02146,0.02344,0.02048,0.01949,-55.31917,2647.00000
0.14743,0.15237,0.14842,0.15500,0.15927,0.14645,0.15006,0.14743,0.15269,0.14973,0.02048,0.02442,0.01883,0.02212,0.02179,-55.56730,2648.00000
0.15697,0.15861,0.15006,0.15237,0.15664,0.15039,0.14677,0.14743,0.15072,0.14908,0.02179,0.01982,0.02376,0.02245,0.02080,-55.56730,2649.00000
0.14809,0.15269,0.15434,0.15302,0.15269,0.15039,0.14875,0.14710,0.14776,0.14710,0.02508,0.02179,0.02212,0.02015,0.01949,-55.65718,2650.00000
0.15269,0.15631,0.15204,0.15533,0.15993,0.15434,0.14579,0.14612,0.14776,0.14776,0.02212,0.02113,0.02311,0.01982,0.02080,-55.65718,2651.00000
0.15335,0.15269,0.15138,0.15269,0.14776,0.15237,0.14941,0.14579,0.14645,0.14645,0.01752,0.02113,0.02179,0.02475,0.02212,-54.87205,2652.00000
0.15105,0.15302,0.15434,0.15105,0.15335,0.15105,0.15105,0.14612,0.14710,0.14875,0.02245,0.02015,0.02311,0.01850,0.02311,-54.87205,2653.00000
0.15598,0.15927,0.15237,0.15335,0.15401,0.14908,0.15006,0.15335,0.15138,0.15368,0.01883,0.02080,0.02376,0.02278,0.02146,-55.23876,2654.00000
0.14842,0.15598,0.15598,0.15697,0.14875,0.15500,0.15006,0.15237,0.15335,0.15006,0.02278,0.02344,0.02278,0.02442,0.02080,-55.23876,2655.00000
0.15829,0.15467,0.15072,0.15664,0.15533,0.14546,0.14645,0.15138,0.15368,0.15072,0.02048,0.01883,0.02541,0.02409,0.02080,-54.89477,2656.00000
0.15697,0.15861,0.14842,0.15829,0.15434,0.14941,0.15237,0.14842,0.14875,0.14480,0.02409,0.01949,0.01949,0.01949,0.02278,-54.89477,2657.00000
0.15434,0.15269,0.14842,0.15237,0.14875,0.14710,0.14875,0.14875,0.15204,0.15237,0.01982,0.02212,0.02278,0.02508,0.02475,-54.65930,2658.00000
0.15993,0.14776,0.15335,0.15237,0.15467,0.14842,0.15105,0.15138,0.14973,0.15006,0.02015,0.01784,0.02607,0.01916,0.02146,-54.65930,2659.00000
0.15631,0.15664,0.15269,0.15006,0.15664,0.14776,0.14973,0.15039,0.15631,0.15039,0.02311,0.02048,0.02245,0.02245,0.02015,-55.12506,2660.00000
0.15829,0.15335,0.15401,0.15434,0.15631,0.14941,0.14908,0.14809,0.15006,0.15039,0.01982,0.02311,0.02245,0.02442,0.02278,-55.12506,2661.00000
0.15204,0.15927,0.15302,0.16125,0.15138,0.14743,0.14842,0.14348,0.14776,0.14776,0.01850,0.02212,0.02212,0.02080,0.02179,-55.48001,2662.00000
0.15269,0.15993,0.15697,0.15204,0.15565,0.15237,0.15335,0.14809,0.15006,0.14809,0.02475,0.01883,0.02409,0.02212,0.02574,-55.48001,2663.00000
0.15993,0.15302,0.15269,0.15237,0.15368,0.14842,0.15171,0.14743,0.15401,0.14776,0.02080,0.02541,0.02146,0.02311,0.02278,-55.65016,2664.00000
0.15500,0.15269,0.14842,0.15335,0.15237,0.15237,0.15171,0.15368,0.14513,0.15006,0.01916,0.02311,0.02508,0.02245,0.02311,-55.65016,2665.00000
0.15237,0.15533,0.15269,0.16026,0.14908,0.14645,0.15138,0.15105,0.14645,0.15138,0.02080,0.02311,0.01982,0.02508,0.02146,-55.11756,2666.00000
0.15565,0.15204,0.15565,0.14710,0.15861,0.15006,0.14809,0.15171,0.14809,0.14447,0.02146,0.01883,0.02344,0.02311,0.01949,-55.11756,2667.00000
0.15335,0.15664,0.14908,0.15237,0.15138,0.14908,0.15138,0.14908,0.14645,0.15237,0.02607,0.02048,0.01850,0.01752,0.02409,-55.40302,2668.00000
0.14973,0.15565,0.15434,0.15269,0.15072,0.14908,0.15006,0.14973,0.14645,0.14414,0.02212,0.02245,0.02048,0.01982,0.02113,-55.40302,2669.00000
0.15598,0.15631,0.15434,0.15237,0.15072,0.14842,0.15171,0.14579,0.14908,0.15631,0.02344,0.02409,0.02080,0.02015,0.01982,-55.61899,2670.00000
0.15105,0.15631,0.15171,0.15664,0.14842,0.15138,0.14776,0.14809,0.14776,0.14710,0.01817,0.02344,0.02212,0.02376,0.02278,-55.61899,2671.00000
0.15138,0.15533,0.15138,0.15039,0.14612,0.14842,0.14677,0.14743,0.14645,0.14546,0.02311,0.02245,0.02311,0.02541,0.02048,-56.22746,2672.00000
0.14973,0.15269,0.14973,0.15664,0.14973,0.15072,0.14776,0.14973,0.15105,0.14118,0.02080,0.02574,0.02179,0.02212,0.02278,-56.22746,2673.00000
0.14908,0.15796,0.15204,0.15138,0.15039,0.14579,0.14875,0.15039,0.15006,0.15335,0.02475,0.02376,0.02015,0.02146,0.02113,-55.92623,2674.00000
0.15138,0.15763,0.15434,0.15993,0.15171,0.15105,0.14710,0.14480,0.14908,0.14908,0.02278,0.01850,0.02738,0.02541,0.01982,-55.92623,2675.00000
0.15072,0.15565,0.15302,0.15335,0.15006,0.14513,0.15072,0.14776,0.14612,0.14875,0.02146,0.02113,0.02475,0.02245,0.02475,-55.71214,2676.00000
0.15204,0.15598,0.15237,0.15171,0.14908,0.15237,0.14908,0.14973,0.14875,0.14677,0.02376,0.02278,0.02179,0.02508,0.02048,-55.71214,2677.00000
0.14973,0.15401,0.14645,0.14842,0.15105,0.14842,0.15171,0.14941,0.14842,0.14546,0.01949,0.02048,0.02409,0.02311,0.02113,-54.98498,2678.00000
0.15302,0.15171,0.15631,0.15237,0.15269,0.14414,0.15204,0.14809,0.14776,0.14908,0.02113,0.02278,0.02080,0.02179,0.02080,-54.98498,2679.00000
0.14875,0.15335,0.15006,0.15697,0.14809,0.14677,0.14546,0.14710,0.14842,0.14283,0.01949,0.02672,0.02541,0.02376,0.02015,-54.48956,2680.00000
0.15368,0.15006,0.15302,0.15039,0.14842,0.14908,0.14546,0.14677,0.15006,0.14908,0.01916,0.02212,0.02113,0.02344,0.02113,-54.48956,2681.00000
0.14941,0.15434,0.15335,0.15401,0.15401,0.14447,0.14710,0.14875,0.15138,0.14677,0.02048,0.02179,0.02048,0.02113,0.02080,-54.90835,2682.00000
0.15072,0.15204,0.15533,0.15237,0.15105,0.15467,0.14973,0.14809,0.14776,0.14414,0.02442,0.02179,0.02376,0.02212,0.01949,-54.90835,2683.00000
0.15401,0.14414,0.15171,0.15039,0.14776,0.14579,0.14743,0.14513,0.14842,0.14579,0.02179,0.01817,0.01949,0.02179,0.02179,-54.58064,2684.00000
0.15105,0.15533,0.14973,0.15006,0.15993,0.14283,0.14743,0.14546,0.14908,0.14842,0.01949,0.02179,0.02376,0.02278,0.02344,-54.58064,2685.00000
0.15335,0.15335,0.15500,0.15138,0.14743,0.14677,0.14546,0.14447,0.15006,0.14677,0.02541,0.02179,0.02080,0.02475,0.02113,-54.55106,2686.00000
0.15335,0.15072,0.15533,0.15335,0.15467,0.15039,0.15072,0.14513,0.14579,0.14612,0.02080,0.02080,0.02015,0.02278,0.02113,-54.55106,2687.00000
0.15565,0.15039,0.15434,0.14809,0.15697,0.14118,0.15434,0.14842,0.15006,0.14908,0.02015,0.02080,0.02212,0.02146,0.02311,-55.31752,2688.00000
0.15335,0.14546,0.15993,0.15335,0.15171,0.14973,0.14645,0.15006,0.14316,0.14612,0.02245,0.02278,0.02278,0.02508,0.01982,-55.31752,2689.00000
0.15302,0.15434,0.15565,0.14875,0.14579,0.14480,0.14941,0.14842,0.14941,0.14612,0.01850,0.02278,0.02311,0.02113,0.02113,-54.67292,2690.00000
0.15927,0.15335,0.15171,0.15401,0.15039,0.14941,0.15006,0.14579,0.14941,0.14480,0.02015,0.02278,0.02080,0.02245,0.02080,-54.67292,2691.00000
0.15763,0.14612,0.15960,0.15237,0.15664,0.15631,0.14579,0.14579,0.14908,0.14579,0.01982,0.02146,0.02442,0.02212,0.02146,-54.68998,2692.00000
0.15434,0.15269,0.15533,0.15335,0.15401,0.14710,0.14842,0.15138,0.15006,0.14546,0.02574,0.01982,0.02048,0.02179,0.02179,-54.68998,2693.00000
0.15105,0.15302,0.15302,0.15302,0.15401,0.14546,0.14414,0.14710,0.14973,0.15039,0.02541,0.02212,0.02574,0.02278,0.02179,-55.57985,2694.00000
0.14809,0.15664,0.15335,0.15335,0.15105,0.14677,0.14875,0.14579,0.14842,0.14447,0.01982,0.02245,0.02015,0.02541,0.01850,-55.57985,2695.00000
0.15631,0.15335,0.15894,0.15500,0.15927,0.14776,0.15072,0.14973,0.14809,0.15039,0.02409,0.02344,0.01850,0.02344,0.02245,-55.54139,2696.00000
0.15993,0.15105,0.15237,0.15533,0.14480,0.14908,0.14875,0.14480,0.14875,0.14875,0.02376,0.02442,0.02179,0.02442,0.02146,-55.54139,2697.00000
0.15171,0.15631,0.16125,0.15302,0.14908,0.14842,0.15171,0.15269,0.14776,0.14743,0.02245,0.02146,0.01784,0.02146,0.02048,-55.81513,2698.00000
0.15467,0.15302,0.15434,0.14776,0.15500,0.15105,0.14612,0.14809,0.14941,0.14941,0.02146,0.02508,0.02080,0.02508,0.02442,-55.81513,2699.00000
0.15269,0.15302,0.15302,0.15204,0.15533,0.14546,0.15006,0.14941,0.15006,0.14875,0.02442,0.02245,0.02015,0.02048,0.02146,-55.37583,2700.00000
0.14612,0.15204,0.15204,0.15335,0.15434,0.15237,0.14973,0.15302,0.14908,0.14941,0.01784,0.02048,0.02278,0.02212,0.02508,-55.37583,2701.00000
0.15237,0.15105,0.15368,0.15664,0.15105,0.15006,0.14743,0.14973,0.15039,0.15269,0.01949,0.02179,0.02475,0.02311,0.02146,-55.36125,2702.00000
0.16092,0.14875,0.14875,0.15631,0.16256,0.15039,0.14447,0.15072,0.14973,0.15204,0.01949,0.02607,0.02179,0.02278,0.02409,-55.36125,2703.00000
0.15368,0.15927,0.15302,0.14973,0.15763,0.15171,0.14710,0.14973,0.15171,0.14941,0.02212,0.02080,0.02146,0.02048,0.02245,-55.49557,2704.00000
0.15368,0.15861,0.15763,0.14941,0.15467,0.15039,0.14908,0.15171,0.14776,0.14908,0.01949,0.01784,0.02179,0.02311,0.02376,-55.49557,2705.00000
0.14941,0.15335,0.15565,0.14809,0.15697,0.14809,0.14710,0.15171,0.14612,0.14809,0.01883,0.01949,0.02344,0.02015,0.02442,-54.87181,2706.00000
0.14710,0.15664,0.15039,0.15631,0.14809,0.14875,0.15039,0.15204,0.15072,0.14480,0.02048,0.02442,0.02541,0.02048,0.02245,-54.87181,2707.00000
0.14677,0.15204,0.15269,0.15368,0.15598,0.15072,0.14645,0.15171,0.15204,0.15204,0.02048,0.01982,0.02245,0.02179,0.01850,-53.95446,2708.00000
0.15335,0.15500,0.15302,0.15664,0.15401,0.14941,0.14579,0.14809,0.14710,0.14973,0.02212,0.02475,0.02179,0.02376,0.02179,-53.95446,2709.00000
0.15204,0.15171,0.15500,0.15335,0.14710,0.15171,0.14875,0.14546,0.14941,0.14677,0.02344,0.02080,0.02048,0.02048,0.02245,-50.53436,2710.00000
0.15302,0.15237,0.15204,0.15269,0.16092,0.14908,0.15006,0.15039,0.14546,0.14908,0.02344,0.02179,0.02245,0.02278,0.01982,-50.53436,2711.00000
0.15237,0.15664,0.14710,0.15598,0.15237,0.15368,0.14710,0.14250,0.14941,0.14447,0.02146,0.01850,0.02212,0.02146,0.02541,-48.61679,2712.00000
0.14710,0.15664,0.15335,0.14743,0.15368,0.14645,0.14546,0.15006,0.14645,0.14908,0.02672,0.02409,0.02146,0.02376,0.02541,-48.61679,2713.00000
0.15138,0.15335,0.15631,0.15565,0.14941,0.14908,0.14908,0.14513,0.14776,0.14941,0.02409,0.02048,0.02113,0.02113,0.02212,-51.12236,2714.00000
0.15927,0.15204,0.14908,0.14842,0.15861,0.14809,0.14645,0.14842,0.15006,0.14677,0.02212,0.02376,0.01686,0.02311,0.02048,-51.12236,2715.00000
0.14776,0.15500,0.15204,0.15006,0.15598,0.15105,0.14677,0.15105,0.14579,0.15237,0.01949,0.02344,0.02508,0.02541,0.02376,-52.40688,2716.00000
0.15335,0.15368,0.15697,0.15533,0.15204,0.15039,0.14743,0.14973,0.14842,0.15006,0.02311,0.01883,0.02015,0.02771,0.02442,-52.40688,2717.00000
0.14645,0.14908,0.15204,0.15335,0.15269,0.14908,0.14875,0.14480,0.15039,0.15105,0.02574,0.02376,0.02311,0.01850,0.01949,-54.01350,2718.00000
0.15434,0.15861,0.15401,0.15401,0.14743,0.14809,0.14546,0.14908,0.15138,0.15138,0.02541,0.02080,0.02870,0.02640,0.02080,-54.01350,2719.00000
0.15335,0.15105,0.15335,0.15138,0.15796,0.14776,0.14875,0.14447,0.14645,0.15039,0.02311,0.02344,0.02311,0.01784,0.02278,-54.82169,2720.00000
0.15237,0.15072,0.15204,0.15269,0.15039,0.15105,0.14480,0.14480,0.14809,0.15237,0.02048,0.02080,0.02442,0.02311,0.02245,-54.82169,2721.00000
0.15302,0.15500,0.15204,0.15237,0.15204,0.15237,0.14710,0.14480,0.14973,0.14546,0.02442,0.01883,0.02376,0.02212,0.02442,-55.09639,2722.00000
0.15335,0.14842,0.15204,0.15467,0.14875,0.14480,0.14941,0.14875,0.15105,0.14973,0.02376,0.01949,0.02113,0.02212,0.02311,-55.09639,2723.00000
0.15171,0.15368,0.15631,0.15039,0.15269,0.15138,0.14283,0.14710,0.14908,0.15006,0.02475,0.02574,0.02212,0.01916,0.02541,-55.26792,2724.00000
0.15335,0.15368,0.14645,0.15434,0.14809,0.15269,0.14842,0.15006,0.14908,0.14973,0.02080,0.02245,0.01686,0.02278,0.02475,-55.26792,2725.00000
0.15138,0.15500,0.15500,0.14941,0.15664,0.14513,0.14842,0.15335,0.14579,0.14941,0.01883,0.02245,0.02212,0.01883,0.02344,-56.10564,2726.00000
0.15500,0.15598,0.15533,0.14842,0.15401,0.14809,0.14842,0.14908,0.15072,0.14842,0.02080,0.02113,0.01982,0.02376,0.02442,-56.10564,2727.00000
0.15204,0.15927,0.14645,0.15302,0.15335,0.14612,0.15204,0.14941,0.14973,0.14908,0.02442,0.02311,0.02048,0.02508,0.02146,-55.40878,2728.00000
0.15500,0.15105,0.15697,0.15138,0.14941,0.14579,0.15204,0.14941,0.15006,0.14941,0.02245,0.01949,0.02179,0.02278,0.02607,-55.40878,2729.00000
0.15269,0.15105,0.15500,0.14809,0.15565,0.15105,0.14908,0.15401,0.15302,0.15204,0.02080,0.02376,0.02212,0.02376,0.02409,-55.71708,2730.00000
0.15730,0.14809,0.15796,0.14941,0.15664,0.14842,0.14776,0.14513,0.14579,0.15072,0.02442,0.02311,0.02607,0.02442,0.02475,-55.71708,2731.00000
0.15237,0.15598,0.15335,0.15533,0.14677,0.14776,0.14941,0.15302,0.14710,0.14414,0.02278,0.02278,0.01916,0.01883,0.02311,-56.19594,2732.00000
0.15533,0.15631,0.14809,0.15664,0.15105,0.14776,0.15302,0.15138,0.15072,0.14941,0.02804,0.01883,0.02245,0.01883,0.01916,-56.19594,2733.00000
0.15335,0.15467,0.15105,0.15467,0.15269,0.14842,0.14941,0.14677,0.14973,0.14941,0.02376,0.02113,0.02508,0.02113,0.01488,-55.77375,2734.00000
0.15664,0.14677,0.15631,0.15039,0.15401,0.15171,0.15138,0.14908,0.15269,0.14776,0.02311,0.02442,0.02442,0.02475,0.02179,-55.77375,2735.00000
0.15434,0.15105,0.14776,0.15006,0.15039,0.14973,0.14743,0.14842,0.14710,0.14842,0.02508,0.02245,0.02146,0.02080,0.02212,-56.05338,2736.00000
0.15434,0.15631,0.15072,0.15302,0.15533,0.14579,0.15204,0.14710,0.14710,0.14743,0.02179,0.02080,0.01982,0.02574,0.02475,-56.05338,2737.00000
0.15894,0.15204,0.14908,0.15598,0.15631,0.14809,0.15006,0.14579,0.15105,0.15204,0.02212,0.02278,0.01883,0.01719,0.02278,-54.83821,2738.00000
0.15467,0.15138,0.15006,0.15039,0.15237,0.14908,0.14842,0.14381,0.14908,0.14579,0.02179,0.02113,0.02442,0.01982,0.02442,-54.83821,2739.00000
0.15039,0.15664,0.15598,0.15072,0.15204,0.15138,0.14480,0.14546,0.14809,0.14941,0.02212,0.02179,0.02179,0.02179,0.02442,-54.46256,2740.00000
0.15006,0.15796,0.14908,0.15105,0.15434,0.14875,0.14612,0.14480,0.14513,0.14447,0.02245,0.02574,0.02409,0.02409,0.02212,-54.46256,2741.00000
0.15565,0.15631,0.14973,0.15730,0.14480,0.15138,0.14645,0.14908,0.15269,0.14677,0.01982,0.02311,0.02113,0.02475,0.02080,-54.37972,2742.00000
0.15237,0.15434,0.15565,0.15039,0.15565,0.14579,0.14645,0.14710,0.15105,0.14941,0.02541,0.02212,0.01949,0.02475,0.02705,-54.37972,2743.00000
0.15006,0.15829,0.14447,0.15565,0.15467,0.14908,0.14612,0.14612,0.15138,0.14677,0.02278,0.02278,0.01784,0.02245,0.01982,-54.49211,2744.00000
0.15302,0.15269,0.15269,0.14973,0.15467,0.15039,0.15434,0.14546,0.14973,0.14743,0.02245,0.02245,0.01982,0.02508,0.02278,-54.49211,2745.00000
0.15072,0.15730,0.15434,0.15730,0.14809,0.14710,0.15006,0.14513,0.14710,0.14710,0.02212,0.02475,0.02015,0.02442,0.02015,-54.58736,2746.00000
0.15434,0.14908,0.15664,0.15631,0.15565,0.14612,0.14612,0.15237,0.14743,0.15138,0.02311,0.02344,0.02048,0.01719,0.01850,-54.58736,2747.00000
0.15533,0.15368,0.15006,0.15664,0.14842,0.14513,0.15467,0.14677,0.14941,0.15006,0.02376,0.02146,0.01883,0.02080,0.02212,-54.85472,2748.00000
0.15697,0.14809,0.15302,0.16092,0.15565,0.14546,0.14908,0.14809,0.14743,0.14973,0.02015,0.01982,0.02278,0.02475,0.02409,-54.85472,2749.00000
0.15434,0.15171,0.15960,0.15204,0.15368,0.15171,0.14809,0.14710,0.14842,0.14381,0.02738,0.02508,0.02475,0.02113,0.02048,-55.44005,2750.00000
0.15500,0.15204,0.15533,0.14973,0.15335,0.15006,0.14875,0.15105,0.14973,0.14414,0.01850,0.02212,0.02475,0.02311,0.02146,-55.44005,2751.00000
0.15401,0.14973,0.15565,0.15171,0.15335,0.15138,0.14908,0.15039,0.14710,0.14546,0.02409,0.02837,0.02311,0.02311,0.02179,-55.79620,2752.00000
0.14941,0.15631,0.15796,0.15105,0.15006,0.15006,0.15269,0.14645,0.14973,0.14645,0.02442,0.01949,0.02311,0.02113,0.01949,-55.79620,2753.00000
0.14842,0.15368,0.15237,0.15138,0.15500,0.14513,0.15237,0.15039,0.14973,0.14941,0.01982,0.02245,0.02376,0.02344,0.02344,-55.50308,2754.00000
0.15368,0.15269,0.15401,0.16157,0.15302,0.15237,0.14809,0.15006,0.14842,0.14809,0.02212,0.02409,0.02245,0.02245,0.02179,-55.50308,2755.00000
0.15467,0.15138,0.15565,0.15565,0.15237,0.14645,0.15368,0.14973,0.14513,0.14579,0.02113,0.02278,0.02015,0.01949,0.01949,-56.01326,2756.00000
0.15467,0.15730,0.15664,0.15302,0.15401,0.14743,0.15105,0.14809,0.15039,0.15401,0.02212,0.02376,0.02344,0.02311,0.02278,-56.01326,2757.00000
0.14875,0.15697,0.15335,0.15237,0.15730,0.14710,0.14776,0.15171,0.14875,0.15269,0.02376,0.02278,0.02080,0.01982,0.02015,-56.27079,2758.00000
0.15171,0.15039,0.15171,0.15138,0.15697,0.15105,0.14776,0.14776,0.15006,0.14513,0.01850,0.02607,0.02015,0.02376,0.02146,-56.27079,2759.00000
0.14875,0.15368,0.15335,0.15006,0.15631,0.14743,0.14612,0.15039,0.15039,0.14809,0.02015,0.01916,0.02179,0.02179,0.02015,-55.93080,2760.00000
0.15302,0.15467,0.15105,0.15730,0.14973,0.14875,0.14612,0.14677,0.14809,0.14842,0.02508,0.01982,0.02146,0.02376,0.02376,-55.93080,2761.00000
0.14776,0.15401,0.15894,0.14612,0.15368,0.14973,0.14908,0.14842,0.14579,0.14941,0.02245,0.02245,0.02245,0.02607,0.02048,-55.37751,2762.00000
0.15894,0.15138,0.15335,0.14875,0.15006,0.14809,0.14710,0.14645,0.14710,0.14743,0.02245,0.01982,0.02607,0.02113,0.01916,-55.37751,2763.00000
0.14875,0.14809,0.15368,0.15204,0.15335,0.14973,0.14645,0.14710,0.15039,0.15105,0.02607,0.02048,0.02245,0.02080,0.02080,-55.52567,2764.00000
0.14776,0.15237,0.14513,0.14908,0.15006,0.14842,0.15006,0.15171,0.14908,0.14875,0.02344,0.02278,0.02344,0.01817,0.02278,-55.52567,2765.00000
0.15401,0.15500,0.14710,0.14973,0.14743,0.14809,0.14842,0.14776,0.14513,0.14776,0.01982,0.02113,0.01949,0.02442,0.02212,-55.21889,2766.00000
0.15105,0.14973,0.15533,0.14842,0.15368,0.14941,0.14941,0.14809,0.15072,0.14645,0.01982,0.02442,0.02146,0.02113,0.02179,-55.21889,2767.00000
0.15565,0.15664,0.15434,0.15171,0.15467,0.14480,0.14875,0.14973,0.14710,0.14973,0.01982,0.02212,0.01982,0.01916,0.02113,-55.13874,2768.00000
0.14973,0.15368,0.15335,0.15335,0.15269,0.15565,0.15105,0.14579,0.15006,0.14842,0.02146,0.02048,0.02278,0.02245,0.02672,-55.13874,2769.00000
0.15960,0.14710,0.15500,0.15335,0.15368,0.14809,0.14579,0.14612,0.15072,0.15039,0.02475,0.01982,0.02442,0.02409,0.01817,-54.64457,2770.00000
0.15533,0.15171,0.15006,0.15697,0.14743,0.14316,0.14941,0.14842,0.14941,0.15039,0.02179,0.02113,0.01949,0.02146,0.02409,-54.64457,2771.00000
0.15500,0.15335,0.14973,0.15796,0.15269,0.14842,0.14645,0.14908,0.14875,0.15204,0.02311,0.02179,0.02376,0.02409,0.01982,-55.06398,2772.00000
0.15138,0.15006,0.15138,0.14973,0.15894,0.14513,0.14546,0.14809,0.15335,0.15171,0.01982,0.02212,0.01982,0.02541,0.01916,-55.06398,2773.00000
0.15335,0.15565,0.15006,0.15401,0.15565,0.14546,0.14842,0.14414,0.14973,0.15171,0.02376,0.02146,0.02311,0.02113,0.02080,-55.03932,2774.00000
0.14941,0.15697,0.15237,0.15697,0.15006,0.15237,0.14809,0.15105,0.15039,0.14908,0.02376,0.02344,0.01752,0.02442,0.02409,-55.03932,2775.00000
0.16092,0.15237,0.15204,0.15335,0.15204,0.15072,0.15565,0.14908,0.15006,0.14546,0.02278,0.01982,0.02245,0.02409,0.02080,-54.83899,2776.00000
0.15105,0.15237,0.14809,0.14941,0.14677,0.14776,0.15269,0.15401,0.14973,0.14842,0.01752,0.01982,0.02179,0.01982,0.02376,-54.83899,2777.00000
0.15565,0.15006,0.15204,0.15335,0.15335,0.14908,0.14842,0.14941,0.15171,0.14546,0.02245,0.02409,0.02278,0.02311,0.02179,-55.26374,2778.00000
0.15006,0.15697,0.15302,0.14941,0.15335,0.14973,0.14908,0.15006,0.14677,0.15171,0.01916,0.02409,0.02245,0.02311,0.01982,-55.26374,2779.00000
0.15269,0.15171,0.15171,0.14842,0.15171,0.14645,0.15072,0.14151,0.15105,0.14973,0.02344,0.02212,0.02245,0.02475,0.02278,-55.94974,2780.00000
0.14809,0.15829,0.15072,0.15006,0.15697,0.15237,0.14973,0.14842,0.14875,0.15368,0.02771,0.02672,0.01817,0.02508,0.02245,-55.94974,2781.00000
0.15763,0.15302,0.15039,0.15237,0.15598,0.14776,0.15368,0.15105,0.15269,0.15006,0.02508,0.02146,0.02574,0.02311,0.02344,-56.08034,2782.00000
0.15237,0.14908,0.15171,0.15335,0.15269,0.15072,0.14809,0.14579,0.14875,0.15237,0.02278,0.01916,0.02311,0.02113,0.01982,-56.08034,2783.00000
0.15105,0.14677,0.15072,0.15631,0.15105,0.14677,0.14612,0.14743,0.14908,0.14809,0.02212,0.02541,0.01784,0.01916,0.02048,-56.03577,2784.00000
0.15039,0.15039,0.15302,0.15039,0.15631,0.14941,0.14677,0.14941,0.14875,0.14414,0.02344,0.02278,0.02442,0.02146,0.02245,-56.03577,2785.00000
0.15368,0.14941,0.15138,0.14743,0.15861,0.15138,0.15368,0.15105,0.14743,0.14612,0.01817,0.02113,0.02048,0.02278,0.02344,-55.47882,2786.00000
0.15105,0.15467,0.15269,0.15533,0.15565,0.14710,0.14973,0.14645,0.14677,0.14743,0.02278,0.02311,0.02311,0.02278,0.02080,-55.47882,2787.00000
0.14776,0.15664,0.15204,0.15434,0.15664,0.14710,0.15039,0.15138,0.14677,0.14710,0.02376,0.02146,0.02311,0.02146,0.02344,-55.16861,2788.00000
0.15664,0.15138,0.15006,0.15368,0.15171,0.14480,0.14776,0.15039,0.14645,0.14842,0.01686,0.02344,0.02409,0.01817,0.02574,-55.16861,2789.00000
0.15237,0.15960,0.15302,0.15204,0.14973,0.15302,0.14546,0.14842,0.14447,0.15006,0.02574,0.02344,0.02607,0.02344,0.01982,-55.38704,2790.00000
0.15269,0.15204,0.15105,0.15467,0.15269,0.15138,0.15039,0.14973,0.14842,0.15237,0.02146,0.02376,0.02212,0.02278,0.02607,-55.38704,2791.00000
0.15171,0.15138,0.14875,0.14908,0.15072,0.14842,0.14513,0.15006,0.14842,0.14842,0.02311,0.02344,0.02146,0.02080,0.02015,-54.59049,2792.00000
0.15829,0.15204,0.14316,0.15697,0.15368,0.14579,0.14546,0.15105,0.14743,0.15237,0.02245,0.01850,0.02080,0.02376,0.02048,-54.59049,2793.00000
0.15664,0.15598,0.15533,0.14776,0.15006,0.14875,0.14546,0.14809,0.14579,0.14546,0.01850,0.02048,0.02015,0.02508,0.02015,-54.50228,2794.00000
0.15302,0.15302,0.15006,0.15204,0.15401,0.14414,0.14809,0.15302,0.15105,0.15171,0.02640,0.02113,0.02344,0.02376,0.02475,-54.50228,2795.00000
0.14842,0.15105,0.14908,0.15138,0.14941,0.14579,0.14776,0.14414,0.14743,0.14612,0.02015,0.02344,0.02541,0.02311,0.02146,-54.32633,2796.00000
0.15269,0.15434,0.15861,0.15631,0.15204,0.14710,0.14842,0.14908,0.14973,0.14941,0.02245,0.02113,0.02179,0.02508,0.02212,-54.32633,2797.00000
0.15138,0.15138,0.15269,0.15105,0.15302,0.14908,0.14809,0.14973,0.14875,0.14316,0.02409,0.01982,0.02015,0.01883,0.01850,-51.31844,2798.00000
0.14973,0.15368,0.15763,0.15467,0.15730,0.14973,0.14743,0.14710,0.15006,0.14480,0.02278,0.02245,0.02146,0.02146,0.02278,-51.31844,2799.00000
0.15269,0.15533,0.14842,0.15598,0.15072,0.15006,0.14941,0.14710,0.15269,0.14809,0.02771,0.02409,0.02080,0.02113,0.02048,-49.02104,2800.00000
0.14842,0.14612,0.15500,0.15565,0.15237,0.14579,0.14677,0.14480,0.15368,0.14710,0.02442,0.02015,0.02179,0.02080,0.02376,-49.02104,2801.00000
0.15401,0.15039,0.15829,0.15335,0.14973,0.14710,0.14908,0.15138,0.14546,0.14875,0.02344,0.02146,0.02409,0.02541,0.02344,-50.34304,2802.00000
0.14579,0.15138,0.15368,0.15565,0.15434,0.14579,0.14710,0.15500,0.15105,0.14809,0.02311,0.02212,0.02640,0.02409,0.01916,-50.34304,2803.00000
0.15269,0.14941,0.14710,0.15335,0.14710,0.14776,0.14776,0.14513,0.14645,0.14645,0.02278,0.02048,0.02146,0.02508,0.02344,-52.06361,2804.00000
0.15335,0.15467,0.15598,0.15138,0.14677,0.14809,0.14743,0.15434,0.14908,0.15171,0.02212,0.02245,0.02442,0.02212,0.02376,-52.06361,2805.00000
0.15039,0.15269,0.15368,0.15533,0.14645,0.14842,0.14677,0.14743,0.14842,0.14414,0.01916,0.02409,0.02607,0.02245,0.02212,-53.37067,2806.00000
0.15533,0.15467,0.15138,0.15533,0.14973,0.15039,0.15072,0.15006,0.14941,0.14645,0.02475,0.02146,0.02475,0.02245,0.02146,-53.37067,2807.00000
0.15039,0.15598,0.15039,0.15302,0.14941,0.14447,0.15138,0.15171,0.15302,0.15105,0.02344,0.01883,0.02475,0.02179,0.02179,-54.66629,2808.00000
0.15598,0.15697,0.15072,0.15006,0.15368,0.14776,0.14447,0.14776,0.14842,0.14480,0.02311,0.02278,0.02080,0.02409,0.02311,-54.66629,2809.00000
0.15697,0.15072,0.15434,0.15467,0.15006,0.14612,0.14973,0.14645,0.14579,0.15006,0.02672,0.02278,0.02475,0.02048,0.02080,-54.93569,2810.00000
0.15138,0.15335,0.15039,0.16256,0.15006,0.14546,0.14645,0.14743,0.14941,0.14710,0.02080,0.02541,0.02179,0.02344,0.02344,-54.93569,2811.00000
0.14809,0.15171,0.15533,0.14381,0.15565,0.15039,0.14710,0.15105,0.15039,0.14743,0.02508,0.02278,0.02409,0.02278,0.02607,-55.14118,2812.00000
0.14973,0.15500,0.15631,0.15269,0.15533,0.15072,0.15006,0.14809,0.14875,0.14710,0.02344,0.02837,0.02080,0.02245,0.02245,-55.14118,2813.00000
0.15500,0.14941,0.15204,0.15368,0.15269,0.14677,0.14941,0.14710,0.14809,0.14875,0.02146,0.02574,0.02278,0.02475,0.02574,-55.13163,2814.00000
0.15204,0.15368,0.14776,0.15434,0.15072,0.14809,0.14842,0.14973,0.14546,0.14645,0.02179,0.02015,0.02607,0.01916,0.02212,-55.13163,2815.00000
0.15500,0.16026,0.15434,0.15401,0.15401,0.15434,0.14776,0.14875,0.14776,0.14908,0.01883,0.02278,0.02245,0.02376,0.02376,-55.30507,2816.00000
0.15861,0.15434,0.15861,0.15237,0.15664,0.15171,0.14710,0.14579,0.14809,0.15072,0.01916,0.02245,0.02607,0.02278,0.02146,-55.30507,2817.00000
0.15138,0.14973,0.15467,0.14710,0.14973,0.14579,0.14776,0.14480,0.14546,0.15368,0.01817,0.02311,0.02245,0.02344,0.02048,-54.63984,2818.00000
0.15829,0.15237,0.15467,0.14513,0.15434,0.14941,0.14645,0.14809,0.14842,0.15039,0.02015,0.01949,0.02179,0.02672,0.02442,-54.63984,2819.00000
0.15434,0.14677,0.15006,0.15302,0.14908,0.14842,0.14612,0.14842,0.14677,0.14447,0.01982,0.02212,0.02146,0.02245,0.02607,-54.17295,2820.00000
0.15269,0.15434,0.15039,0.15598,0.15598,0.14776,0.15204,0.14842,0.14809,0.14875,0.02212,0.02672,0.02672,0.02015,0.02245,-54.17295,2821.00000
0.15006,0.15006,0.15171,0.14414,0.15565,0.14546,0.15072,0.15269,0.14908,0.14941,0.02344,0.02376,0.02080,0.02080,0.02442,-54.46929,2822.00000
0.15171,0.15072,0.15401,0.15533,0.14381,0.14645,0.14842,0.14842,0.15138,0.14875,0.02311,0.01916,0.02212,0.02015,0.02080,-54.46929,2823.00000
0.14941,0.14875,0.15237,0.15204,0.14743,0.14677,0.14118,0.15039,0.15039,0.15105,0.02278,0.02146,0.02376,0.02212,0.02015,-54.87136,2824.00000
0.15631,0.15138,0.14908,0.15204,0.15796,0.14513,0.14875,0.14447,0.14908,0.15006,0.02080,0.01916,0.02048,0.02080,0.02278,-54.87136,2825.00000
0.15302,0.15006,0.14908,0.14316,0.15500,0.15171,0.14743,0.14842,0.14842,0.14908,0.02245,0.01850,0.02212,0.02376,0.02146,-54.56703,2826.00000
0.14908,0.15401,0.14776,0.15697,0.15237,0.15171,0.14908,0.14645,0.14973,0.14579,0.02442,0.02574,0.02508,0.02179,0.02212,-54.56703,2827.00000
0.14875,0.15237,0.14908,0.15171,0.15138,0.15368,0.15171,0.14513,0.14579,0.14743,0.02179,0.02146,0.01817,0.02344,0.01982,-54.79328,2828.00000
0.15006,0.14842,0.15664,0.14743,0.15631,0.14414,0.14809,0.14842,0.14776,0.14743,0.02541,0.02080,0.02113,0.02048,0.01982,-54.79328,2829.00000
0.14776,0.15368,0.15335,0.15302,0.14546,0.14842,0.14908,0.14809,0.14414,0.14875,0.02344,0.02475,0.01784,0.02442,0.02179,-55.65348,2830.00000
0.15006,0.15039,0.15237,0.15138,0.15269,0.15072,0.15039,0.14677,0.14480,0.14677,0.02015,0.02672,0.02146,0.02179,0.02179,-55.65348,2831.00000
0.15500,0.14973,0.15335,0.15664,0.14743,0.14118,0.15039,0.14645,0.14743,0.15039,0.02442,0.02607,0.02048,0.02475,0.02344,-55.11922,2832.00000
0.15500,0.15269,0.15105,0.15302,0.14941,0.14348,0.15171,0.14645,0.15138,0.14842,0.02475,0.02278,0.01949,0.02113,0.02113,-55.11922,2833.00000
0.15500,0.15269,0.15006,0.14809,0.15006,0.15105,0.14710,0.15105,0.14941,0.14579,0.02245,0.02080,0.02311,0.02508,0.02113,-55.46732,2834.00000
0.14710,0.15467,0.14677,0.15039,0.14941,0.15105,0.14612,0.14250,0.14480,0.14677,0.02311,0.02245,0.02607,0.02376,0.01949,-55.46732,2835.00000
0.14941,0.15631,0.14973,0.15861,0.15631,0.15138,0.14743,0.15006,0.14447,0.14546,0.01949,0.02278,0.02212,0.02409,0.02146,-55.62185,2836.00000
0.15237,0.15105,0.15204,0.15302,0.14973,0.14743,0.14908,0.14743,0.14645,0.14809,0.02607,0.02015,0.01653,0.02508,0.01982,-55.62185,2837.00000
0.15500,0.15204,0.15138,0.14941,0.15368,0.14743,0.14710,0.14842,0.15072,0.14743,0.02080,0.02080,0.02113,0.02179,0.02080,-55.79432,2838.00000
0.15039,0.15138,0.14710,0.15598,0.15237,0.14908,0.14414,0.14875,0.14316,0.15006,0.01784,0.02080,0.02146,0.01916,0.02376,-55.79432,2839.00000
0.15434,0.15171,0.15171,0.15204,0.15434,0.14612,0.14809,0.14546,0.14612,0.14809,0.02179,0.02344,0.02442,0.02080,0.02344,-55.93427,2840.00000
0.15269,0.14842,0.15598,0.15368,0.14875,0.14973,0.14447,0.14743,0.14645,0.14381,0.02574,0.02080,0.02409,0.02212,0.02179,-55.93427,2841.00000
0.14875,0.14842,0.14776,0.15796,0.15006,0.14908,0.14842,0.14579,0.14316,0.14941,0.02080,0.02409,0.02344,0.02113,0.02278,-55.70883,2842.00000
0.15335,0.15237,0.15039,0.15105,0.15237,0.14348,0.14809,0.14941,0.15105,0.14677,0.02146,0.02212,0.02212,0.02179,0.02146,-55.70883,2843.00000
0.15039,0.14842,0.15894,0.15171,0.15204,0.15006,0.14941,0.14579,0.15006,0.14710,0.02179,0.01982,0.02015,0.02278,0.02080,-55.98186,2844.00000
0.15204,0.15434,0.15697,0.14743,0.15105,0.14677,0.14645,0.15138,0.14546,0.14612,0.01982,0.02574,0.02113,0.02212,0.02015,-55.98186,2845.00000
0.15533,0.14743,0.14842,0.15500,0.15434,0.15171,0.14743,0.14645,0.15401,0.14283,0.02245,0.02344,0.02607,0.02245,0.02475,-55.44454,2846.00000
0.14875,0.15138,0.14908,0.15335,0.15072,0.14677,0.14908,0.15204,0.14710,0.15039,0.01982,0.02409,0.02245,0.02245,0.01982,-55.44454,2847.00000
0.15533,0.14809,0.14809,0.15467,0.15434,0.15138,0.14842,0.14645,0.15302,0.14677,0.02508,0.02212,0.02048,0.02146,0.02311,-55.26866,2848.00000
0.14842,0.15467,0.15105,0.15269,0.15467,0.14908,0.14710,0.15237,0.14908,0.15269,0.01949,0.02376,0.02245,0.02179,0.02113,-55.26866,2849.00000
0.15204,0.15368,0.15533,0.15039,0.15697,0.14875,0.14973,0.14085,0.14809,0.14842,0.02640,0.02179,0.02080,0.02179,0.02048,-55.21978,2850.00000
0.14908,0.14875,0.14809,0.16157,0.15006,0.14776,0.15039,0.14184,0.14677,0.14645,0.01850,0.02212,0.02311,0.02212,0.02278,-55.21978,2851.00000
0.15237,0.15269,0.15269,0.15533,0.14941,0.14677,0.14612,0.14348,0.15072,0.14743,0.02376,0.02475,0.02311,0.02048,0.02080,-54.63870,2852.00000
0.14875,0.14743,0.14842,0.14875,0.15467,0.14973,0.15072,0.14645,0.14414,0.14710,0.02344,0.02048,0.02344,0.02344,0.01982,-54.63870,2853.00000
0.14973,0.15269,0.15730,0.14908,0.15401,0.15171,0.14809,0.14316,0.14842,0.14776,0.02442,0.02344,0.02212,0.02146,0.02409,-55.49562,2854.00000
0.14908,0.15664,0.15302,0.15204,0.15401,0.14973,0.14776,0.14546,0.15105,0.14447,0.02541,0.02146,0.02541,0.01850,0.02442,-55.49562,2855.00000
0.15204,0.15269,0.14842,0.15763,0.15500,0.14842,0.14710,0.14908,0.15039,0.14776,0.02245,0.02278,0.02146,0.02146,0.01982,-55.16968,2856.00000
0.14809,0.15763,0.14645,0.15434,0.14710,0.14316,0.15138,0.14908,0.14842,0.14710,0.02409,0.02080,0.02278,0.02179,0.02508,-55.16968,2857.00000
0.15006,0.15335,0.15006,0.14842,0.15138,0.14677,0.14480,0.14908,0.14414,0.15006,0.02376,0.02212,0.02146,0.01883,0.02442,-55.63904,2858.00000
0.15335,0.15204,0.15533,0.14875,0.15631,0.15039,0.14710,0.14710,0.14579,0.14875,0.02113,0.02245,0.02344,0.02344,0.02409,-55.63904,2859.00000
0.15072,0.15072,0.15533,0.14513,0.15730,0.15105,0.14513,0.14612,0.14710,0.14480,0.02278,0.02245,0.02738,0.02344,0.02541,-55.41718,2860.00000
0.15204,0.15006,0.14908,0.15500,0.15861,0.14645,0.15039,0.15006,0.14941,0.14908,0.02212,0.02344,0.01916,0.02409,0.02442,-55.41718,2861.00000
0.15533,0.14875,0.15302,0.15039,0.15138,0.14743,0.14875,0.15072,0.14612,0.14743,0.02015,0.02048,0.02245,0.02541,0.02311,-55.19394,2862.00000
0.14677,0.15533,0.14677,0.15072,0.15335,0.14283,0.14579,0.14645,0.14809,0.15072,0.02179,0.02508,0.02080,0.02311,0.02409,-55.19394,2863.00000
0.15598,0.15072,0.15533,0.14941,0.15072,0.15138,0.14579,0.14316,0.14875,0.15237,0.02245,0.02015,0.02080,0.02080,0.02344,-54.82109,2864.00000
0.14348,0.15269,0.15072,0.15467,0.15072,0.14908,0.15039,0.14710,0.14381,0.14743,0.02607,0.02376,0.02146,0.02311,0.02113,-54.82109,2865.00000
0.14645,0.15368,0.15335,0.15598,0.15434,0.14776,0.14908,0.14908,0.14645,0.14941,0.02113,0.02146,0.02442,0.02015,0.02080,-55.30605,2866.00000
0.15401,0.15006,0.14941,0.15237,0.14908,0.15039,0.14612,0.15039,0.15006,0.14776,0.02376,0.02245,0.02179,0.02113,0.02245,-55.30605,2867.00000
0.15138,0.15302,0.15171,0.15237,0.14579,0.14908,0.14579,0.14414,0.14546,0.14414,0.02245,0.02179,0.02442,0.02311,0.02409,-54.92353,2868.00000
0.15401,0.15565,0.14842,0.15697,0.15467,0.14809,0.14579,0.14908,0.14612,0.15105,0.01982,0.02442,0.02640,0.01916,0.02475,-54.92353,2869.00000
0.15500,0.15171,0.14941,0.15500,0.15039,0.15138,0.14710,0.14513,0.14941,0.14875,0.02278,0.02541,0.01784,0.02311,0.02574,-54.98374,2870.00000
0.15072,0.15631,0.15269,0.14809,0.15434,0.14546,0.14612,0.14875,0.14546,0.14809,0.02508,0.02903,0.02146,0.02311,0.02705,-54.98374,2871.00000
0.15105,0.15269,0.15105,0.15664,0.15039,0.14743,0.14809,0.14941,0.15072,0.15006,0.02146,0.02179,0.01916,0.02278,0.02376,-54.78435,2872.00000
0.15269,0.14941,0.15565,0.15500,0.15401,0.14612,0.14579,0.14776,0.14743,0.14579,0.02015,0.02311,0.02541,0.02475,0.02245,-54.78435,2873.00000
0.14941,0.15302,0.15204,0.15105,0.15138,0.14414,0.14973,0.14612,0.14546,0.14645,0.02508,0.02376,0.02278,0.02048,0.02146,-55.16561,2874.00000
0.15335,0.15335,0.15335,0.14612,0.14973,0.14645,0.14809,0.14809,0.14447,0.15138,0.02113,0.02278,0.02146,0.02376,0.02442,-55.16561,2875.00000
0.14973,0.14447,0.14842,0.15302,0.15631,0.14908,0.14513,0.14546,0.14908,0.14776,0.01784,0.02311,0.01850,0.02146,0.02311,-54.75810,2876.00000
0.15434,0.15598,0.15598,0.15072,0.15269,0.14546,0.14414,0.14941,0.15105,0.14546,0.01982,0.02508,0.02409,0.01949,0.02278,-54.75810,2877.00000
0.14809,0.15368,0.14677,0.14941,0.15697,0.15039,0.15269,0.14875,0.14842,0.14480,0.02080,0.01850,0.02311,0.02607,0.02344,-54.31753,2878.00000
0.15500,0.15072,0.14743,0.15401,0.15368,0.14283,0.15105,0.14710,0.15006,0.14645,0.02311,0.02080,0.02376,0.02113,0.02409,-54.31753,2879.00000
0.15269,0.15204,0.15105,0.15565,0.14809,0.14579,0.14710,0.15171,0.14973,0.14085,0.02212,0.02344,0.01752,0.02080,0.02278,-54.43904,2880.00000
0.14710,0.15269,0.14842,0.15368,0.15171,0.15171,0.15039,0.14645,0.14842,0.14908,0.02113,0.02212,0.02146,0.01916,0.01850,-54.43904,2881.00000
0.14809,0.15171,0.15204,0.15631,0.14776,0.15006,0.15237,0.14414,0.14842,0.15401,0.02113,0.02344,0.02179,0.02245,0.02311,-55.27860,2882.00000
0.15631,0.15237,0.14842,0.15072,0.15204,0.14908,0.14908,0.14842,0.14842,0.15006,0.02212,0.02212,0.02278,0.02344,0.02475,-55.27860,2883.00000
0.15039,0.15269,0.15631,0.15237,0.14908,0.14546,0.14480,0.14973,0.14217,0.14743,0.02508,0.02475,0.02245,0.02245,0.02541,-54.89028,2884.00000
0.14941,0.15302,0.15105,0.15269,0.15039,0.14842,0.14710,0.14908,0.14710,0.14612,0.02179,0.02278,0.02376,0.02409,0.02245,-54.89028,2885.00000
0.14973,0.14842,0.15204,0.15960,0.15533,0.15006,0.14645,0.14842,0.14973,0.14677,0.02080,0.02475,0.02344,0.02146,0.02048,-55.11360,2886.00000
0.14941,0.15138,0.15763,0.14579,0.15072,0.15039,0.15533,0.15105,0.14710,0.15105,0.02245,0.01784,0.02376,0.02113,0.02311,-55.11360,2887.00000
0.15500,0.14875,0.14973,0.14842,0.15039,0.14480,0.15006,0.14513,0.15171,0.14875,0.02212,0.02376,0.02311,0.02080,0.02113,-55.43522,2888.00000
0.15467,0.15269,0.14941,0.15105,0.15467,0.14579,0.14612,0.14941,0.14710,0.14710,0.02146,0.02212,0.02541,0.02113,0.02344,-55.43522,2889.00000
0.14941,0.14743,0.15664,0.15237,0.15401,0.14776,0.14546,0.14677,0.14348,0.14973,0.02311,0.02146,0.02442,0.02541,0.02146,-55.75960,2890.00000
0.15138,0.14973,0.15861,0.15039,0.15171,0.14677,0.14842,0.14677,0.14612,0.15500,0.01850,0.02245,0.02278,0.02409,0.02113,-55.75960,2891.00000
0.15697,0.14677,0.15631,0.15204,0.14677,0.14348,0.14809,0.14908,0.15039,0.14579,0.01949,0.02179,0.02146,0.02475,0.02574,-55.55314,2892.00000
0.14809,0.15302,0.14381,0.15927,0.14677,0.14842,0.15138,0.14579,0.14546,0.15006,0.02409,0.02212,0.01949,0.02113,0.02409,-55.55314,2893.00000
0.15730,0.15368,0.14941,0.14973,0.14941,0.14414,0.14776,0.15204,0.14348,0.14480,0.02475,0.01949,0.02146,0.02574,0.02344,-55.90645,2894.00000
0.15204,0.15368,0.15039,0.14875,0.14973,0.15171,0.14809,0.14809,0.15204,0.14677,0.02311,0.02771,0.02442,0.02245,0.01883,-55.90645,2895.00000
0.15631,0.14875,0.14677,0.14283,0.15598,0.15006,0.14677,0.14381,0.14743,0.14875,0.02508,0.01916,0.02146,0.02278,0.02508,-55.38975,2896.00000
0.14842,0.15302,0.15500,0.15237,0.14645,0.15302,0.14941,0.14677,0.14875,0.14645,0.01982,0.02080,0.02508,0.02179,0.02146,-55.38975,2897.00000
0.15105,0.14973,0.15138,0.15138,0.15335,0.14677,0.14842,0.14842,0.14842,0.14513,0.02344,0.02015,0.02080,0.02442,0.02245,-54.83599,2898.00000
0.15105,0.14710,0.15269,0.15434,0.15302,0.14842,0.14776,0.14414,0.14842,0.14250,0.02245,0.02146,0.02771,0.02080,0.02278,-54.83599,2899.00000
0.15861,0.15237,0.15401,0.14480,0.15138,0.15500,0.14579,0.14842,0.14316,0.14875,0.02048,0.02442,0.02179,0.02212,0.02146,-55.71878,2900.00000
0.15598,0.14908,0.15039,0.15006,0.15368,0.14842,0.14941,0.15039,0.14710,0.14908,0.02409,0.02212,0.02475,0.02212,0.02080,-55.71878,2901.00000
0.15039,0.14546,0.15302,0.15335,0.15006,0.14579,0.14908,0.14546,0.14973,0.14776,0.02672,0.02212,0.02015,0.02442,0.02442,-55.85499,2902.00000
0.14941,0.15006,0.14776,0.15072,0.15434,0.14710,0.14743,0.15269,0.14645,0.15072,0.01883,0.02541,0.02048,0.02080,0.02376,-55.85499,2903.00000
0.15434,0.15072,0.15533,0.15302,0.14480,0.15204,0.14612,0.14809,0.14513,0.14776,0.02376,0.02311,0.02048,0.02146,0.02278,-55.01978,2904.00000
0.14743,0.14776,0.15006,0.15138,0.15105,0.14743,0.15039,0.15302,0.15006,0.14875,0.02442,0.01982,0.02344,0.02179,0.02344,-55.01978,2905.00000
0.15467,0.14710,0.15302,0.15434,0.15368,0.14842,0.14710,0.14579,0.14316,0.14645,0.02212,0.02541,0.02278,0.02376,0.02245,-54.49720,2906.00000
0.14842,0.15171,0.15072,0.15730,0.14941,0.14973,0.14809,0.14809,0.15006,0.14941,0.02212,0.02574,0.02640,0.02245,0.02245,-54.49720,2907.00000
0.15500,0.15368,0.15434,0.15171,0.15138,0.15006,0.15072,0.14710,0.14645,0.14941,0.02344,0.02344,0.02607,0.02278,0.01982,-54.98297,2908.00000
0.15006,0.14645,0.14776,0.14842,0.15105,0.14645,0.15039,0.15105,0.15039,0.14348,0.02311,0.02212,0.01982,0.02212,0.02245,-54.98297,2909.00000
0.14283,0.15368,0.15138,0.15368,0.15138,0.15039,0.14941,0.14316,0.14316,0.14743,0.02475,0.02179,0.02409,0.02212,0.02278,-55.06961,2910.00000
0.15105,0.14973,0.14677,0.15434,0.15598,0.14973,0.15138,0.15204,0.14480,0.15138,0.02409,0.02607,0.02048,0.02376,0.02146,-55.06961,2911.00000
0.14579,0.15664,0.15072,0.14875,0.15664,0.15006,0.14908,0.14743,0.14743,0.15138,0.02508,0.02146,0.02113,0.02541,0.02475,-55.72572,2912.00000
0.15039,0.15697,0.14908,0.15171,0.14875,0.14381,0.15171,0.15039,0.14842,0.15171,0.02146,0.02508,0.02113,0.02146,0.02344,-55.72572,2913.00000
0.15138,0.14645,0.14875,0.15434,0.14842,0.15335,0.14184,0.14250,0.14776,0.14645,0.02344,0.02179,0.02475,0.02508,0.02146,-56.03913,2914.00000
0.15138,0.15171,0.15006,0.14513,0.15006,0.14677,0.14579,0.15072,0.14316,0.14710,0.01916,0.01916,0.02113,0.01982,0.02245,-56.03913,2915.00000
0.14710,0.15072,0.14875,0.15006,0.15269,0.14710,0.14677,0.14809,0.14710,0.14546,0.02212,0.02015,0.02475,0.02475,0.02080,-56.36673,2916.00000
0.15335,0.15039,0.15204,0.15204,0.15500,0.14710,0.14743,0.14875,0.14973,0.14612,0.02245,0.02179,0.01982,0.01982,0.02212,-56.36673,2917.00000
0.15467,0.15467,0.15269,0.14677,0.14809,0.14941,0.14743,0.14875,0.14645,0.15006,0.01883,0.02113,0.02508,0.02048,0.02048,-56.44264,2918.00000
0.14710,0.15368,0.14842,0.15335,0.15368,0.14809,0.14875,0.14842,0.14908,0.14579,0.02212,0.02146,0.01916,0.02146,0.02508,-56.44264,2919.00000
0.15829,0.15763,0.15039,0.15335,0.15500,0.15039,0.14842,0.15105,0.14513,0.14645,0.02080,0.02442,0.02442,0.02607,0.02344,-56.47572,2920.00000
0.15105,0.14645,0.15335,0.15039,0.15072,0.14809,0.14381,0.14875,0.15006,0.14546,0.02048,0.02146,0.02146,0.02344,0.02048,-56.47572,2921.00000
0.14941,0.15467,0.15631,0.15039,0.15401,0.14842,0.14842,0.14743,0.15006,0.14776,0.02015,0.02179,0.02442,0.02640,0.01916,-56.20905,2922.00000
0.15138,0.14908,0.15401,0.15204,0.15171,0.14973,0.14743,0.14743,0.14217,0.14612,0.02508,0.02179,0.02311,0.02212,0.01982,-56.20905,2923.00000
0.15072,0.14973,0.15401,0.15533,0.15006,0.14941,0.15105,0.14677,0.15006,0.14908,0.01752,0.02409,0.02344,0.02607,0.02311,-56.11234,2924.00000
0.15105,0.15565,0.14710,0.15105,0.15335,0.14447,0.15105,0.14579,0.15039,0.14710,0.02574,0.02179,0.02442,0.02376,0.02344,-56.11234,2925.00000
0.15204,0.14973,0.15204,0.14809,0.15763,0.14743,0.14842,0.15105,0.14973,0.15006,0.02475,0.02212,0.02278,0.02048,0.02179,-55.48781,2926.00000
0.15467,0.15368,0.14348,0.15467,0.15138,0.14908,0.14941,0.14875,0.15072,0.15006,0.02475,0.02179,0.02442,0.02015,0.02146,-55.48781,2927.00000
0.15171,0.15039,0.14414,0.15335,0.15763,0.14480,0.14579,0.14908,0.14381,0.14809,0.02344,0.02212,0.02245,0.02212,0.02179,-55.55396,2928.00000
0.15072,0.15434,0.15138,0.15631,0.14908,0.15105,0.14941,0.14776,0.15171,0.14941,0.02376,0.02837,0.02278,0.02640,0.02245,-55.55396,2929.00000
0.15302,0.14875,0.15302,0.15006,0.15302,0.15204,0.14743,0.14941,0.15072,0.14546,0.02212,0.02672,0.02146,0.02080,0.02409,-54.74964,2930.00000
0.15368,0.14908,0.15960,0.14973,0.15664,0.14085,0.14776,0.14677,0.15072,0.14809,0.02212,0.02409,0.02409,0.01883,0.02409,-54.74964,2931.00000
0.14677,0.15434,0.14677,0.15368,0.15598,0.14579,0.15269,0.15006,0.14941,0.14677,0.01916,0.02344,0.02508,0.02311,0.02508,-54.51105,2932.00000
0.15302,0.15204,0.14776,0.14710,0.14677,0.14875,0.14743,0.14875,0.14842,0.15039,0.02311,0.02442,0.02574,0.02212,0.02738,-54.51105,2933.00000
0.14941,0.15335,0.15204,0.14809,0.15533,0.14743,0.14645,0.15138,0.14973,0.15138,0.02376,0.02245,0.02113,0.02311,0.02245,-54.86539,2934.00000
0.14645,0.15565,0.15204,0.15302,0.14941,0.14283,0.14118,0.14579,0.15204,0.14875,0.02212,0.02344,0.02311,0.02278,0.02344,-54.86539,2935.00000
0.14842,0.15302,0.15368,0.15401,0.14941,0.15039,0.14776,0.15072,0.14546,0.14677,0.02146,0.02442,0.01817,0.02508,0.01850,-54.65926,2936.00000
0.15500,0.14677,0.14842,0.15269,0.15237,0.14677,0.14677,0.14513,0.15039,0.14645,0.02015,0.02672,0.02640,0.02376,0.02738,-54.65926,2937.00000
0.14875,0.14973,0.15105,0.15237,0.15171,0.14612,0.14941,0.14677,0.14842,0.14381,0.02672,0.02146,0.02146,0.02080,0.02574,-54.62943,2938.00000
0.15533,0.14842,0.14973,0.14710,0.14941,0.14776,0.14677,0.14842,0.14809,0.14776,0.02311,0.02311,0.02607,0.02245,0.02146,-54.62943,2939.00000
0.15434,0.15467,0.14842,0.15039,0.14908,0.14842,0.15006,0.14776,0.15006,0.14776,0.02607,0.02179,0.02705,0.02212,0.02146,-55.59597,2940.00000
0.15335,0.15434,0.14842,0.14743,0.15171,0.15006,0.15072,0.14447,0.15171,0.14710,0.02245,0.02278,0.01949,0.02442,0.02311,-55.59597,2941.00000
0.15335,0.15171,0.15039,0.15039,0.15467,0.14612,0.14184,0.14546,0.14546,0.15006,0.02080,0.02376,0.02311,0.02541,0.02344,-55.23939,2942.00000
0.14908,0.14710,0.15171,0.15401,0.15237,0.14941,0.14677,0.14513,0.14809,0.14908,0.02508,0.02113,0.02245,0.02409,0.02278,-55.23939,2943.00000
0.15368,0.15269,0.14809,0.14842,0.15237,0.15237,0.15006,0.14973,0.14710,0.14250,0.01916,0.02311,0.02344,0.02771,0.02212,-55.64948,2944.00000
0.14973,0.15006,0.15072,0.15006,0.15434,0.14941,0.15434,0.15072,0.15368,0.15039,0.02048,0.02212,0.02672,0.02574,0.02146,-55.64948,2945.00000
0.14809,0.15105,0.15006,0.14776,0.14908,0.14941,0.14842,0.14513,0.14612,0.14973,0.02146,0.02278,0.02508,0.02146,0.02015,-55.43216,2946.00000
0.14842,0.15039,0.15204,0.15237,0.14973,0.14217,0.14842,0.14973,0.14316,0.14677,0.02311,0.02409,0.02179,0.02409,0.02245,-55.43216,2947.00000
0.14842,0.15302,0.15039,0.14743,0.14973,0.14447,0.15006,0.14381,0.14612,0.14875,0.02278,0.02245,0.02278,0.02311,0.02212,-55.45290,2948.00000
0.15631,0.14875,0.14908,0.14480,0.15796,0.15039,0.15237,0.14842,0.14645,0.14546,0.02113,0.02376,0.02442,0.02344,0.02475,-55.45290,2949.00000
0.14875,0.15467,0.15105,0.15500,0.14513,0.14908,0.15006,0.14973,0.14348,0.15039,0.02442,0.02705,0.02080,0.02541,0.02212,-55.52918,2950.00000
0.14776,0.15204,0.14941,0.15500,0.14973,0.14579,0.14546,0.15105,0.14250,0.14842,0.02344,0.02146,0.02080,0.02409,0.02212,-55.52918,2951.00000
0.15368,0.14941,0.14973,0.14908,0.14316,0.14645,0.14546,0.14283,0.15204,0.14743,0.02146,0.01982,0.02508,0.02311,0.02508,-54.85444,2952.00000
0.15006,0.14612,0.14546,0.14842,0.15730,0.14184,0.14973,0.14480,0.15302,0.14414,0.02146,0.02311,0.01620,0.02640,0.02113,-54.85444,2953.00000
0.14875,0.15434,0.14645,0.14743,0.15237,0.14809,0.14546,0.14941,0.14743,0.14710,0.02344,0.02311,0.02376,0.02015,0.02179,-55.10300,2954.00000
0.15401,0.14381,0.14776,0.14645,0.14677,0.14973,0.14809,0.15072,0.14842,0.14645,0.02508,0.02311,0.01949,0.02212,0.02212,-55.10300,2955.00000
0.15039,0.15269,0.15105,0.14743,0.15335,0.14250,0.14809,0.14973,0.15006,0.14710,0.02245,0.02409,0.02442,0.02179,0.02409,-55.19798,2956.00000
0.15335,0.14842,0.15237,0.14875,0.15302,0.14677,0.14250,0.14908,0.14875,0.15302,0.02179,0.02409,0.02376,0.02113,0.02442,-55.19798,2957.00000
0.15302,0.14710,0.15302,0.14710,0.15269,0.14875,0.14776,0.14842,0.15171,0.14546,0.02015,0.01982,0.02771,0.01653,0.02015,-54.42761,2958.00000
0.15598,0.15467,0.14447,0.15434,0.15237,0.14743,0.14480,0.14941,0.14579,0.14809,0.02344,0.02442,0.02278,0.02376,0.02278,-54.42761,2959.00000
0.14842,0.15434,0.14612,0.14908,0.15401,0.14579,0.14579,0.15138,0.14316,0.14612,0.02080,0.02311,0.02541,0.02113,0.02771,-54.46478,2960.00000
0.14973,0.14710,0.15664,0.15368,0.15631,0.15072,0.14546,0.14579,0.14776,0.14875,0.02113,0.01982,0.02278,0.02146,0.02212,-54.46478,2961.00000
0.15237,0.15006,0.15335,0.14710,0.15006,0.14743,0.14579,0.14381,0.15138,0.14973,0.02080,0.02113,0.02672,0.02475,0.02278,-54.41501,2962.00000
0.14941,0.15105,0.14908,0.15006,0.15072,0.15171,0.14875,0.15269,0.14480,0.14743,0.02278,0.02475,0.02475,0.02278,0.02344,-54.41501,2963.00000
0.15335,0.15237,0.15105,0.15302,0.15401,0.14381,0.14809,0.14842,0.14250,0.14809,0.02015,0.02574,0.02607,0.02146,0.02080,-55.18846,2964.00000
0.14908,0.14908,0.15269,0.15269,0.15204,0.14776,0.14612,0.14875,0.14776,0.15006,0.02212,0.02179,0.01883,0.02574,0.02344,-55.18846,2965.00000
0.15335,0.14941,0.14842,0.15072,0.15138,0.14480,0.15237,0.14743,0.14842,0.14973,0.02179,0.02574,0.02344,0.02245,0.02344,-55.18212,2966.00000
0.15105,0.14776,0.14743,0.15500,0.15204,0.14677,0.14842,0.14809,0.14743,0.14743,0.02574,0.02344,0.02442,0.01982,0.02541,-55.18212,2967.00000
0.15697,0.14316,0.15894,0.15237,0.15039,0.14316,0.15105,0.14546,0.14710,0.15171,0.02212,0.01949,0.02278,0.02146,0.02245,-55.77954,2968.00000
0.15631,0.15171,0.15730,0.15171,0.15401,0.14645,0.14612,0.14250,0.14645,0.14645,0.02376,0.02146,0.02344,0.02179,0.01817,-55.77954,2969.00000
0.15072,0.15368,0.14776,0.15237,0.14579,0.14414,0.14908,0.15138,0.14973,0.14677,0.02212,0.02607,0.02015,0.02278,0.02475,-56.48596,2970.00000
0.15269,0.15269,0.14908,0.15368,0.15335,0.14776,0.14710,0.14743,0.14612,0.14414,0.02508,0.02146,0.02475,0.02113,0.01850,-56.48596,2971.00000
0.15237,0.15368,0.14645,0.15829,0.15039,0.15105,0.14381,0.14908,0.14513,0.14842,0.02376,0.02344,0.02311,0.02376,0.02311,-56.71466,2972.00000
0.15565,0.14743,0.15072,0.14743,0.15500,0.14908,0.14875,0.14776,0.14776,0.14941,0.02179,0.02508,0.02245,0.02376,0.02541,-56.71466,2973.00000
0.15631,0.15105,0.14973,0.14546,0.15664,0.14579,0.14842,0.14645,0.14941,0.14973,0.02179,0.02113,0.02442,0.02475,0.02442,-56.05264,2974.00000
0.14941,0.15598,0.15006,0.15763,0.15039,0.14710,0.15039,0.15138,0.15039,0.14579,0.02409,0.02508,0.02179,0.02376,0.02409,-56.05264,2975.00000
0.15302,0.15072,0.15204,0.15138,0.14973,0.14776,0.14118,0.14908,0.15039,0.14941,0.01982,0.02245,0.02475,0.02442,0.02179,-56.19038,2976.00000
0.14579,0.15138,0.15269,0.14809,0.15829,0.15006,0.14710,0.14480,0.14809,0.15171,0.02442,0.02146,0.02278,0.02409,0.02541,-56.19038,2977.00000
0.15302,0.14710,0.15368,0.15565,0.14842,0.14842,0.14908,0.14447,0.15105,0.14283,0.02475,0.02409,0.02311,0.02015,0.02146,-55.67332,2978.00000
0.14414,0.15171,0.15335,0.14612,0.15434,0.14842,0.14579,0.14645,0.15171,0.14809,0.02607,0.02409,0.02113,0.02146,0.02212,-55.67332,2979.00000
0.15763,0.15006,0.14283,0.14941,0.14941,0.14908,0.15237,0.14480,0.14842,0.15006,0.02179,0.02541,0.02409,0.02311,0.01850,-55.65160,2980.00000
0.14973,0.14316,0.15697,0.15105,0.14809,0.14513,0.14447,0.14908,0.15368,0.14908,0.02376,0.02475,0.02278,0.02278,0.02574,-55.65160,2981.00000
0.15631,0.14941,0.15039,0.14677,0.14743,0.14480,0.14677,0.14743,0.14908,0.14579,0.02508,0.02541,0.02311,0.02212,0.02442,-55.27453,2982.00000
0.14710,0.15664,0.14776,0.14941,0.14941,0.14447,0.14480,0.14809,0.14710,0.14645,0.02048,0.02245,0.02574,0.01916,0.02245,-55.27453,2983.00000
0.14480,0.15072,0.15039,0.15368,0.14776,0.14776,0.15039,0.14546,0.14612,0.14579,0.02113,0.02508,0.02113,0.02245,0.02179,-54.58307,2984.00000
0.15269,0.15631,0.15368,0.15039,0.15401,0.15138,0.14612,0.14875,0.14381,0.14546,0.02541,0.02376,0.02508,0.02409,0.02640,-54.58307,2985.00000
0.15171,0.15072,0.15204,0.15500,0.14612,0.14579,0.15138,0.15006,0.15006,0.14546,0.02245,0.02278,0.02146,0.02080,0.02278,-54.76956,2986.00000
0.14973,0.14973,0.15039,0.15138,0.14809,0.14743,0.14973,0.14710,0.14348,0.14743,0.02278,0.01949,0.02409,0.02278,0.02179,-54.76956,2987.00000
0.14480,0.15335,0.15105,0.15335,0.15302,0.14513,0.14743,0.14710,0.14480,0.15039,0.02278,0.02409,0.02113,0.02245,0.02376,-55.00441,2988.00000
0.15072,0.14809,0.14875,0.15302,0.14941,0.14677,0.14908,0.14809,0.14513,0.14513,0.02179,0.01883,0.02080,0.02015,0.02409,-55.00441,2989.00000
0.14546,0.15434,0.15368,0.15006,0.15237,0.15105,0.14546,0.14513,0.15006,0.14316,0.02113,0.02245,0.02146,0.02311,0.02376,-54.97291,2990.00000
0.14842,0.15434,0.15269,0.15237,0.15105,0.15006,0.15204,0.14875,0.15105,0.15204,0.02574,0.02080,0.02409,0.02179,0.02376,-54.97291,2991.00000
0.14941,0.15697,0.15039,0.14941,0.15269,0.14381,0.14546,0.14710,0.14677,0.14842,0.02212,0.02311,0.01982,0.02442,0.02212,-55.36487,2992.00000
0.15861,0.14710,0.14579,0.15368,0.15006,0.15269,0.15006,0.14875,0.14908,0.14414,0.02212,0.02048,0.02048,0.02640,0.02607,-55.36487,2993.00000
0.15401,0.15105,0.15006,0.15204,0.14447,0.14809,0.14513,0.14973,0.14776,0.14743,0.02015,0.02376,0.02212,0.02212,0.02376,-55.90021,2994.00000
0.15565,0.15335,0.15171,0.14743,0.15204,0.14743,0.14381,0.15006,0.15072,0.15204,0.02146,0.02311,0.02146,0.02278,0.02278,-55.90021,2995.00000
0.15072,0.14743,0.15631,0.15335,0.14579,0.15039,0.15302,0.14809,0.14908,0.14447,0.02278,0.02311,0.02344,0.02212,0.01883,-55.68692,2996.00000
0.15204,0.15105,0.15565,0.15237,0.15006,0.14809,0.14776,0.14908,0.14480,0.14776,0.02015,0.02179,0.02311,0.02015,0.02212,-55.68692,2997.00000
0.14875,0.15631,0.15204,0.15368,0.14973,0.14776,0.15072,0.15006,0.14579,0.14842,0.01883,0.02442,0.02311,0.01916,0.01949,-56.45674,2998.00000
0.15105,0.14710,0.15368,0.14480,0.15269,0.14809,0.14677,0.15533,0.14579,0.14743,0.02311,0.02508,0.02048,0.02146,0.01949,-56.45674,2999.00000
0.14875,0.15434,0.15368,0.14776,0.15467,0.14776,0.14447,0.14908,0.14809,0.14973,0.02015,0.02015,0.02278,0.02541,0.02640,-56.09702,3000.00000
0.14743,0.15006,0.15006,0.15434,0.14579,0.14447,0.14645,0.14908,0.14645,0.14743,0.02442,0.02179,0.02311,0.02574,0.02541,-56.09702,3001.00000
0.14973,0.14973,0.15565,0.15204,0.15006,0.14447,0.15039,0.14842,0.14677,0.14677,0.02048,0.02113,0.02409,0.02212,0.02212,-54.80877,3002.00000
0.15269,0.15204,0.15434,0.14480,0.15730,0.14677,0.14513,0.14809,0.14612,0.14612,0.02574,0.02212,0.01982,0.02541,0.02113,-54.80877,3003.00000
0.15072,0.14908,0.14908,0.14513,0.15467,0.14348,0.15467,0.15171,0.14875,0.14875,0.02212,0.02344,0.02574,0.02541,0.02146,-54.66512,3004.00000
0.15237,0.15302,0.14776,0.15302,0.15237,0.14941,0.15105,0.14645,0.15006,0.14546,0.02475,0.02344,0.02278,0.02344,0.02080,-54.66512,3005.00000
0.15171,0.15269,0.15237,0.15368,0.15171,0.14612,0.14908,0.15335,0.14480,0.15204,0.02541,0.02015,0.02212,0.02212,0.02278,-55.03520,3006.00000
0.14908,0.15171,0.15434,0.15138,0.15006,0.14842,0.14579,0.14677,0.14842,0.14612,0.02442,0.02080,0.02245,0.02409,0.02409,-55.03520,3007.00000
0.15302,0.15302,0.14612,0.15302,0.14710,0.14908,0.14743,0.14710,0.14283,0.14743,0.02245,0.01982,0.02508,0.02442,0.02442,-54.64651,3008.00000
0.15237,0.15039,0.15237,0.15072,0.15204,0.15138,0.15105,0.14513,0.14809,0.14513,0.02179,0.01982,0.02179,0.02442,0.02278,-54.64651,3009.00000
0.15105,0.15500,0.14941,0.15467,0.15105,0.14842,0.14546,0.14579,0.14348,0.14973,0.02015,0.02409,0.02245,0.02475,0.02344,-54.43995,3010.00000
0.15039,0.14513,0.15269,0.15598,0.15105,0.14973,0.14875,0.14645,0.14118,0.14908,0.02771,0.02080,0.02409,0.02113,0.02475,-54.43995,3011.00000
0.15006,0.15105,0.14612,0.15763,0.14941,0.14480,0.14973,0.15072,0.14973,0.14677,0.02344,0.02179,0.02475,0.02442,0.02508,-54.62232,3012.00000
0.15533,0.15039,0.15105,0.15335,0.15401,0.14908,0.15171,0.14283,0.14645,0.14151,0.02541,0.02508,0.01850,0.01850,0.02409,-54.62232,3013.00000
0.15533,0.14776,0.14743,0.15335,0.15302,0.14414,0.15237,0.14875,0.14776,0.14908,0.02278,0.02376,0.02146,0.02212,0.02607,-55.28968,3014.00000
0.14875,0.15730,0.15237,0.15105,0.15006,0.14612,0.15105,0.14546,0.14645,0.14875,0.02672,0.02278,0.02015,0.02179,0.02344,-55.28968,3015.00000
0.15105,0.15237,0.15533,0.15335,0.15500,0.14414,0.14875,0.15006,0.14710,0.14480,0.02409,0.02179,0.02311,0.01850,0.02080,-54.64679,3016.00000
0.14908,0.15171,0.15335,0.15269,0.14842,0.14217,0.14546,0.14645,0.14677,0.14776,0.02179,0.02146,0.02278,0.02376,0.02475,-54.64679,3017.00000
0.14809,0.15631,0.15237,0.14546,0.15138,0.15204,0.14546,0.14480,0.14184,0.14579,0.02278,0.02212,0.02212,0.02344,0.02574,-54.69888,3018.00000
0.14776,0.15138,0.15039,0.14842,0.14908,0.14645,0.14612,0.14743,0.14776,0.14809,0.01883,0.02179,0.02278,0.02376,0.02541,-54.69888,3019.00000
0.14973,0.14546,0.14710,0.15204,0.15006,0.14612,0.14875,0.14250,0.14908,0.14513,0.02607,0.02508,0.02344,0.02245,0.02574,-55.30843,3020.00000
0.14908,0.14941,0.15171,0.15368,0.15039,0.14677,0.14645,0.14908,0.14513,0.15072,0.02344,0.02113,0.02080,0.02212,0.02212,-55.30843,3021.00000
0.14480,0.14710,0.15039,0.15368,0.14875,0.14776,0.14941,0.14579,0.14546,0.15204,0.02278,0.02409,0.02574,0.02212,0.02113,-56.14787,3022.00000
0.14710,0.14809,0.15533,0.14908,0.15072,0.14743,0.15105,0.15138,0.15006,0.14546,0.02245,0.02113,0.02344,0.02146,0.02113,-56.14787,3023.00000
0.15039,0.15171,0.15302,0.15302,0.15368,0.15006,0.14776,0.14875,0.14546,0.14908,0.02245,0.02146,0.02541,0.02245,0.02311,-55.67647,3024.00000
0.15072,0.14743,0.14546,0.15237,0.15565,0.14612,0.14809,0.14776,0.14546,0.14776,0.02113,0.01982,0.02245,0.02344,0.01949,-55.67647,3025.00000
0.15500,0.15072,0.14710,0.15237,0.14645,0.14809,0.15006,0.15072,0.14480,0.14217,0.02179,0.02179,0.02344,0.02080,0.02475,-55.99986,3026.00000
0.15072,0.15039,0.14842,0.14348,0.15204,0.14381,0.14677,0.14151,0.14743,0.14809,0.02278,0.02245,0.02048,0.02278,0.02508,-55.99986,3027.00000
0.15006,0.14447,0.15138,0.15730,0.14118,0.14217,0.14348,0.14513,0.14447,0.15039,0.02212,0.02212,0.02278,0.02015,0.02475,-55.47063,3028.00000
0.14546,0.14875,0.14546,0.14743,0.14546,0.15006,0.14710,0.14677,0.14677,0.13987,0.02212,0.02376,0.02738,0.02607,0.02080,-55.47063,3029.00000
0.15302,0.14908,0.15138,0.15039,0.15697,0.14546,0.14776,0.14875,0.15269,0.14776,0.02245,0.02113,0.02080,0.02508,0.02015,-54.58590,3030.00000
0.15533,0.15006,0.15401,0.15500,0.15565,0.14710,0.14743,0.15039,0.15204,0.15006,0.02179,0.02311,0.02278,0.02574,0.02409,-54.58590,3031.00000
0.14941,0.14941,0.14381,0.14842,0.15138,0.14480,0.14250,0.14612,0.15072,0.14546,0.02212,0.01949,0.02245,0.02245,0.02113,-54.01414,3032.00000
0.15335,0.14941,0.15006,0.14677,0.15105,0.14447,0.14645,0.14710,0.14875,0.14250,0.02311,0.02015,0.02245,0.01719,0.02278,-54.01414,3033.00000
0.15105,0.15171,0.14973,0.14710,0.14842,0.14809,0.14579,0.14414,0.14677,0.14842,0.02508,0.02640,0.02508,0.02607,0.02080,-54.85375,3034.00000
0.14710,0.14842,0.14908,0.15171,0.15401,0.15105,0.14710,0.14546,0.14677,0.14414,0.02212,0.02311,0.02376,0.02113,0.02376,-54.85375,3035.00000
0.14941,0.15006,0.15368,0.14513,0.15467,0.14579,0.14480,0.14546,0.15039,0.14908,0.02212,0.02508,0.02015,0.02376,0.02475,-55.00012,3036.00000
0.15302,0.15006,0.14941,0.14677,0.14875,0.14447,0.14645,0.14316,0.15006,0.14513,0.02344,0.02245,0.02146,0.02048,0.01784,-55.00012,3037.00000
0.15204,0.14973,0.14809,0.15204,0.14842,0.14776,0.15039,0.14546,0.15039,0.13954,0.02344,0.02541,0.02245,0.02245,0.02376,-54.80963,3038.00000
0.15171,0.15204,0.14941,0.14875,0.15533,0.14875,0.14809,0.14842,0.14842,0.14809,0.02015,0.02409,0.02409,0.02442,0.02640,-54.80963,3039.00000
0.15105,0.15598,0.14875,0.15730,0.14184,0.14250,0.14776,0.15039,0.14908,0.14645,0.02311,0.02146,0.02015,0.02212,0.01982,-55.05374,3040.00000
0.15237,0.14941,0.15368,0.14809,0.15006,0.14348,0.15237,0.15039,0.15006,0.14612,0.02311,0.01916,0.02376,0.02442,0.02344,-55.05374,3041.00000
0.15269,0.15138,0.14941,0.15072,0.15072,0.14743,0.14513,0.14645,0.15006,0.14973,0.02804,0.02146,0.01982,0.02146,0.02278,-54.44826,3042.00000
0.14743,0.14283,0.15829,0.14908,0.15006,0.14809,0.14612,0.14710,0.14842,0.14579,0.02048,0.02376,0.02409,0.02508,0.02212,-54.44826,3043.00000
0.14842,0.15434,0.15467,0.14645,0.14908,0.14612,0.15006,0.14677,0.14908,0.14513,0.02179,0.02179,0.02442,0.02048,0.02640,-54.22608,3044.00000
0.14875,0.14776,0.14842,0.15598,0.15598,0.14809,0.14546,0.14513,0.14677,0.14513,0.02113,0.02508,0.02311,0.02146,0.02409,-54.22608,3045.00000
0.15072,0.15171,0.14546,0.14809,0.15565,0.14842,0.14776,0.14776,0.14612,0.14677,0.02048,0.02015,0.02344,0.02376,0.02245,-55.11597,3046.00000
0.14973,0.15302,0.15237,0.15039,0.15138,0.14842,0.14677,0.14645,0.14579,0.14908,0.02344,0.02212,0.02442,0.02574,0.02113,-55.11597,3047.00000
0.15072,0.15039,0.14677,0.14842,0.14842,0.14710,0.14250,0.14546,0.14776,0.14743,0.02475,0.02508,0.02278,0.02146,0.02311,-55.25574,3048.00000
0.14842,0.14875,0.15467,0.14743,0.14776,0.14842,0.14842,0.14348,0.14579,0.14645,0.02311,0.01982,0.02015,0.02245,0.02113,-55.25574,3049.00000
0.15171,0.14677,0.14973,0.15269,0.15237,0.14579,0.14447,0.14809,0.14875,0.14447,0.02442,0.02311,0.02113,0.02344,0.02080,-55.45746,3050.00000
0.14908,0.14941,0.15105,0.15072,0.15533,0.14776,0.14612,0.14875,0.14710,0.14809,0.02080,0.02015,0.02212,0.02245,0.02344,-55.45746,3051.00000
0.14973,0.14941,0.15368,0.14973,0.14809,0.14677,0.14645,0.14677,0.14348,0.14776,0.02245,0.02245,0.02311,0.02376,0.02179,-55.04074,3052.00000
0.15039,0.15138,0.15171,0.14973,0.15335,0.14842,0.14776,0.14480,0.14842,0.14612,0.02212,0.02245,0.01982,0.02344,0.02738,-55.04074,3053.00000
0.15105,0.15467,0.14875,0.15631,0.14348,0.15237,0.14809,0.14579,0.14875,0.14513,0.02376,0.02048,0.02344,0.02048,0.02113,-51.93687,3054.00000
0.15105,0.15138,0.15302,0.14546,0.15237,0.15072,0.14546,0.14842,0.14645,0.14447,0.01883,0.02113,0.02179,0.02311,0.02179,-51.93687,3055.00000
0.15335,0.14645,0.15368,0.15368,0.15072,0.14579,0.14480,0.14710,0.14612,0.14973,0.02179,0.02245,0.02574,0.02245,0.02048,-49.10320,3056.00000
0.15039,0.15105,0.14743,0.15269,0.14743,0.14941,0.14809,0.14316,0.14513,0.15565,0.02146,0.02607,0.01982,0.02376,0.02015,-49.10320,3057.00000
0.14809,0.14743,0.15335,0.14579,0.15039,0.14480,0.14250,0.15171,0.14908,0.14348,0.02179,0.02048,0.01949,0.02508,0.02475,-49.35629,3058.00000
0.14809,0.15138,0.14842,0.15335,0.14875,0.14908,0.14677,0.14908,0.14283,0.14381,0.01653,0.02146,0.02146,0.02344,0.02212,-49.35629,3059.00000
0.14908,0.15302,0.14776,0.15072,0.15105,0.14941,0.14645,0.14710,0.14513,0.15006,0.02146,0.01982,0.01982,0.02212,0.01982,-50.72307,3060.00000
0.14776,0.15302,0.14677,0.14973,0.15138,0.14579,0.14875,0.14710,0.14710,0.14414,0.01784,0.02015,0.02311,0.02245,0.02048,-50.72307,3061.00000
0.15006,0.15105,0.14546,0.15006,0.15269,0.14842,0.15269,0.14414,0.14973,0.14645,0.02146,0.02278,0.02311,0.02278,0.02015,-52.70528,3062.00000
0.14710,0.15237,0.14677,0.14941,0.15006,0.14480,0.14842,0.14348,0.14710,0.14184,0.02311,0.02179,0.02344,0.02048,0.02936,-52.70528,3063.00000
0.14941,0.15039,0.14381,0.15138,0.14973,0.14842,0.14546,0.14283,0.14447,0.14875,0.02245,0.02409,0.02311,0.02212,0.02245,-53.36436,3064.00000
0.15006,0.14941,0.15269,0.14710,0.14973,0.14184,0.14677,0.14546,0.14809,0.14743,0.02344,0.02376,0.02607,0.02376,0.02311,-53.36436,3065.00000
0.14941,0.15237,0.15500,0.14743,0.15631,0.14710,0.15467,0.14710,0.15105,0.14513,0.02113,0.02146,0.02048,0.02311,0.02311,-53.65484,3066.00000
0.15072,0.14710,0.14875,0.15368,0.14710,0.14710,0.14612,0.14677,0.14809,0.14842,0.01949,0.02508,0.02278,0.02212,0.01686,-53.65484,3067.00000
0.15467,0.15171,0.15105,0.15237,0.15237,0.14348,0.14513,0.14842,0.14743,0.14842,0.02245,0.02311,0.02113,0.02475,0.02146,-54.11990,3068.00000
0.15237,0.15401,0.14579,0.15039,0.15500,0.14381,0.15006,0.14381,0.15237,0.14513,0.02212,0.02245,0.02376,0.02672,0.02344,-54.11990,3069.00000
0.15006,0.14973,0.14973,0.15401,0.14776,0.14612,0.14677,0.15138,0.15072,0.14842,0.02080,0.02278,0.02344,0.02212,0.01982,-54.09608,3070.00000
0.15039,0.15204,0.14809,0.15105,0.15171,0.14283,0.14645,0.14908,0.15204,0.14842,0.02409,0.02080,0.02179,0.02048,0.02278,-54.09608,3071.00000
0.14842,0.14743,0.14941,0.14973,0.15138,0.14776,0.14776,0.14250,0.15072,0.14842,0.02278,0.02442,0.02344,0.02409,0.02278,-54.93622,3072.00000
0.15006,0.15302,0.14842,0.15368,0.15105,0.15039,0.14842,0.15105,0.14316,0.15138,0.02048,0.02376,0.02179,0.02409,0.02344,-54.93622,3073.00000
0.15006,0.14973,0.15105,0.15302,0.15204,0.15072,0.15171,0.14908,0.14381,0.14908,0.02278,0.02245,0.02311,0.02278,0.02541,-54.72397,3074.00000
0.15302,0.15565,0.15105,0.15302,0.15237,0.14776,0.14546,0.14381,0.14809,0.14645,0.02113,0.01982,0.02278,0.02409,0.02475,-54.72397,3075.00000
0.15204,0.14447,0.15533,0.14875,0.15401,0.14546,0.14381,0.14776,0.14809,0.14908,0.02015,0.02705,0.02475,0.02771,0.02640,-55.68474,3076.00000
0.15335,0.15072,0.15171,0.15072,0.14941,0.14677,0.14612,0.14612,0.14842,0.14875,0.01653,0.02475,0.01916,0.02179,0.02376,-55.68474,3077.00000
0.15335,0.14842,0.14941,0.15039,0.15204,0.14875,0.15006,0.14381,0.15006,0.14809,0.02311,0.02409,0.02475,0.02212,0.01883,-55.65731,3078.00000
0.14941,0.15368,0.14710,0.15204,0.14973,0.14842,0.14973,0.14381,0.14776,0.14480,0.02179,0.02376,0.02311,0.02179,0.01982,-55.65731,3079.00000
0.14941,0.14842,0.15533,0.15171,0.15138,0.15204,0.14710,0.14348,0.14875,0.14414,0.02278,0.02113,0.02541,0.02048,0.02146,-56.08793,3080.00000
0.14941,0.14612,0.15829,0.14743,0.14546,0.14546,0.14579,0.14645,0.14250,0.14381,0.01982,0.02442,0.02311,0.02146,0.02442,-56.08793,3081.00000
0.14677,0.14842,0.15697,0.14677,0.15105,0.14875,0.14513,0.14973,0.14546,0.14645,0.02146,0.02311,0.02146,0.02541,0.02113,-55.78811,3082.00000
0.15039,0.15006,0.14809,0.14743,0.14710,0.14710,0.14776,0.15237,0.14677,0.14316,0.02080,0.02048,0.02376,0.02278,0.02344,-55.78811,3083.00000
0.14941,0.14645,0.15171,0.14908,0.15006,0.14677,0.14579,0.14776,0.14677,0.15072,0.02344,0.02475,0.02179,0.02442,0.02080,-56.05079,3084.00000
0.14677,0.15401,0.14908,0.14941,0.14809,0.14414,0.14645,0.14875,0.14480,0.14546,0.02179,0.02508,0.02409,0.01982,0.02409,-56.05079,3085.00000
0.15039,0.15302,0.15138,0.14250,0.14743,0.14809,0.14842,0.14842,0.14414,0.14973,0.01949,0.01817,0.02080,0.02311,0.02409,-55.15674,3086.00000
0.14973,0.15401,0.14842,0.14941,0.15072,0.14612,0.14776,0.14447,0.14316,0.14414,0.02409,0.02015,0.02409,0.02936,0.02640,-55.15674,3087.00000
0.14612,0.15105,0.14973,0.14612,0.14941,0.14743,0.14546,0.14776,0.14447,0.14348,0.02245,0.02409,0.02278,0.02672,0.02344,-54.48023,3088.00000
0.14513,0.15434,0.15072,0.15006,0.15171,0.14875,0.14973,0.14579,0.15072,0.14348,0.02146,0.02113,0.02574,0.02212,0.02179,-54.48023,3089.00000
0.14809,0.14776,0.14875,0.14941,0.15796,0.14776,0.14710,0.14710,0.14513,0.14447,0.02015,0.02113,0.01850,0.02179,0.02640,-54.64246,3090.00000
0.14809,0.14776,0.15565,0.14710,0.14710,0.14414,0.14381,0.14809,0.14776,0.14612,0.02048,0.02508,0.02311,0.01949,0.02508,-54.64246,3091.00000
0.14809,0.15335,0.15006,0.15204,0.14677,0.14217,0.14677,0.14480,0.14677,0.14217,0.02311,0.02344,0.02245,0.02179,0.02179,-54.37689,3092.00000
0.15533,0.14973,0.14579,0.14710,0.14316,0.14480,0.14480,0.14480,0.14480,0.14513,0.02442,0.01949,0.02311,0.02080,0.02376,-54.37689,3093.00000
0.15368,0.14809,0.14579,0.15138,0.15006,0.14645,0.14546,0.14677,0.14348,0.14842,0.02475,0.02080,0.02179,0.01784,0.02113,-54.29294,3094.00000
0.14513,0.15500,0.14776,0.14710,0.15039,0.14677,0.14513,0.14677,0.14283,0.14513,0.02607,0.02080,0.02278,0.01949,0.02146,-54.29294,3095.00000
0.14677,0.15204,0.15237,0.15039,0.15171,0.14842,0.14546,0.14546,0.14316,0.14710,0.02245,0.02508,0.02278,0.02245,0.02113,-54.85643,3096.00000
0.14842,0.15434,0.15138,0.14973,0.14875,0.14677,0.14283,0.14579,0.15039,0.14316,0.02278,0.02311,0.02146,0.02344,0.02311,-54.85643,3097.00000
0.14941,0.14579,0.15039,0.15039,0.15171,0.14677,0.14546,0.14348,0.14842,0.14809,0.02048,0.01916,0.02640,0.01883,0.02442,-54.53271,3098.00000
0.14776,0.15072,0.15401,0.14941,0.15138,0.14743,0.14645,0.15039,0.14612,0.14743,0.02376,0.02179,0.02475,0.02278,0.01982,-54.53271,3099.00000
0.15105,0.14677,0.15763,0.14776,0.14809,0.15006,0.14612,0.14941,0.14842,0.14480,0.02015,0.02344,0.02442,0.02179,0.02278,-54.56128,3100.00000
0.14414,0.15138,0.15401,0.15171,0.15039,0.14348,0.14612,0.14414,0.15006,0.14875,0.02344,0.02508,0.02508,0.02080,0.02475,-54.56128,3101.00000
0.15039,0.14645,0.14677,0.15039,0.15467,0.14875,0.14579,0.14612,0.15138,0.14645,0.02475,0.02212,0.02771,0.02442,0.02015,-54.98083,3102.00000
0.15368,0.15138,0.14875,0.14842,0.14809,0.14809,0.14414,0.14250,0.14151,0.14546,0.02409,0.02640,0.02245,0.01752,0.02080,-54.98083,3103.00000
0.15039,0.14973,0.15631,0.14973,0.14447,0.14546,0.15006,0.14809,0.14579,0.14645,0.02146,0.02376,0.02475,0.02113,0.02442,-55.58856,3104.00000
0.15368,0.14743,0.14546,0.15138,0.15105,0.14908,0.14316,0.14052,0.14941,0.14809,0.02245,0.02475,0.02212,0.02738,0.02442,-55.58856,3105.00000
0.15039,0.14579,0.14809,0.14645,0.14941,0.14283,0.14513,0.14645,0.14612,0.14710,0.02179,0.02278,0.01850,0.02179,0.02212,-55.38950,3106.00000
0.14941,0.14842,0.14710,0.14020,0.14677,0.14645,0.14677,0.14612,0.14480,0.13987,0.01949,0.02278,0.02212,0.02475,0.01686,-55.38950,3107.00000
0.15335,0.14579,0.15763,0.14710,0.15796,0.15171,0.14973,0.14612,0.14579,0.14973,0.02771,0.02311,0.02278,0.02607,0.02508,-55.77824,3108.00000
0.15006,0.15269,0.14677,0.14809,0.14612,0.14513,0.14579,0.14546,0.14776,0.14677,0.02376,0.01949,0.02146,0.02508,0.02311,-55.77824,3109.00000
0.15039,0.14513,0.14941,0.14908,0.15006,0.14118,0.14513,0.14941,0.14710,0.14645,0.02245,0.02048,0.02146,0.02409,0.02278,-55.38424,3110.00000
0.15138,0.14513,0.15204,0.15302,0.15006,0.14184,0.14447,0.15006,0.14645,0.14645,0.02508,0.02278,0.02607,0.02311,0.02278,-55.38424,3111.00000
0.14677,0.15533,0.14579,0.15598,0.15434,0.14579,0.14381,0.14645,0.14513,0.14743,0.02048,0.02212,0.02179,0.02508,0.02015,-54.55491,3112.00000
0.15006,0.15204,0.14645,0.14941,0.14546,0.14776,0.14743,0.14513,0.14677,0.14217,0.02442,0.02475,0.02113,0.02376,0.02311,-54.55491,3113.00000
0.15204,0.14677,0.14743,0.15204,0.14908,0.14973,0.14579,0.14513,0.14645,0.14513,0.02442,0.01752,0.02113,0.01916,0.02376,-54.31603,3114.00000
0.15401,0.14513,0.14645,0.15401,0.14184,0.14480,0.14480,0.14579,0.14677,0.14546,0.02179,0.02344,0.02508,0.02179,0.02344,-54.31603,3115.00000
0.14677,0.15072,0.14381,0.14513,0.14579,0.14875,0.14743,0.14381,0.14579,0.14941,0.02080,0.02212,0.02541,0.02344,0.02278,-53.87188,3116.00000
0.14710,0.15006,0.14579,0.14809,0.14973,0.15105,0.14414,0.14020,0.14151,0.14710,0.02146,0.02278,0.02344,0.02442,0.02278,-53.87188,3117.00000
0.14710,0.15302,0.14875,0.14612,0.15171,0.14348,0.14908,0.14381,0.14316,0.14612,0.02080,0.02344,0.02311,0.02640,0.02409,-54.16983,3118.00000
0.15039,0.14908,0.14710,0.15204,0.15171,0.14513,0.14447,0.14842,0.14579,0.14710,0.02146,0.02344,0.02278,0.02344,0.02015,-54.16983,3119.00000
0.14546,0.14677,0.15269,0.14842,0.14776,0.13987,0.14184,0.14677,0.14973,0.14480,0.02311,0.02015,0.02212,0.01817,0.02245,-54.06489,3120.00000
0.14710,0.15039,0.15467,0.14776,0.14941,0.14546,0.14645,0.14381,0.14250,0.14480,0.02048,0.02475,0.02376,0.02475,0.02278,-54.06489,3121.00000
0.14908,0.15039,0.15039,0.14908,0.14546,0.14677,0.14579,0.14184,0.14579,0.14710,0.02146,0.02015,0.02311,0.02080,0.02146,-54.59348,3122.00000
0.15039,0.15335,0.14842,0.14776,0.14908,0.15105,0.14776,0.14118,0.14710,0.14809,0.02278,0.02278,0.02311,0.02475,0.02442,-54.59348,3123.00000
0.15500,0.14710,0.15171,0.15138,0.14414,0.14645,0.14908,0.14973,0.14743,0.14480,0.02179,0.02475,0.02607,0.02376,0.02080,-55.21666,3124.00000
0.14612,0.15237,0.15039,0.14941,0.15006,0.14546,0.14283,0.14217,0.14743,0.14283,0.02311,0.01982,0.02278,0.02607,0.02015,-55.21666,3125.00000
0.14250,0.15368,0.14645,0.15335,0.15302,0.14743,0.14546,0.15006,0.14447,0.14513,0.01817,0.02146,0.02212,0.01883,0.02278,-55.06927,3126.00000
0.15796,0.14908,0.14348,0.14973,0.14973,0.15072,0.14941,0.14776,0.15006,0.14283,0.02278,0.02212,0.02113,0.02245,0.02376,-55.06927,3127.00000
0.14875,0.14612,0.14381,0.14842,0.14776,0.14645,0.14645,0.14809,0.14842,0.14743,0.02245,0.02376,0.02146,0.01982,0.02245,-55.12985,3128.00000
0.14579,0.15072,0.15171,0.15039,0.15105,0.14612,0.14348,0.14809,0.14480,0.14250,0.02080,0.01982,0.02607,0.02376,0.01949,-55.12985,3129.00000
0.15434,0.15105,0.15039,0.14908,0.14513,0.14677,0.14414,0.14645,0.14480,0.14612,0.02409,0.02113,0.02344,0.02146,0.02245,-55.28465,3130.00000
0.14645,0.14480,0.15237,0.14579,0.14875,0.14414,0.14480,0.14513,0.15105,0.14546,0.01817,0.01916,0.02344,0.02080,0.02278,-55.28465,3131.00000
0.15006,0.15204,0.14973,0.15237,0.14020,0.15006,0.14480,0.14381,0.14973,0.14348,0.02409,0.02245,0.02376,0.01949,0.02080,-55.82348,3132.00000
0.15105,0.15006,0.14941,0.15368,0.15237,0.14875,0.14184,0.13987,0.14513,0.14414,0.02179,0.02080,0.02376,0.02245,0.01982,-55.82348,3133.00000
0.15105,0.14776,0.15105,0.15565,0.15171,0.14776,0.14480,0.14776,0.14513,0.14579,0.02212,0.02278,0.02146,0.02508,0.02278,-55.45324,3134.00000
0.15796,0.14776,0.14875,0.14743,0.14513,0.14381,0.15105,0.14316,0.14118,0.15006,0.02574,0.02705,0.02113,0.01883,0.02048,-55.45324,3135.00000
0.14677,0.14710,0.15533,0.15006,0.15072,0.14414,0.14546,0.14546,0.14908,0.15072,0.02442,0.02080,0.02475,0.02015,0.02278,-55.78326,3136.00000
0.15138,0.15335,0.14316,0.14776,0.14381,0.14875,0.14809,0.14842,0.14283,0.14546,0.02212,0.01883,0.02508,0.02376,0.02278,-55.78326,3137.00000
0.14710,0.14513,0.15401,0.15072,0.15302,0.14809,0.14710,0.14348,0.14875,0.14513,0.02574,0.02278,0.02475,0.02475,0.02475,-54.73733,3138.00000
0.15368,0.15237,0.15467,0.14480,0.15204,0.14612,0.14250,0.14579,0.14546,0.14941,0.02311,0.02376,0.02015,0.02344,0.02245,-54.73733,3139.00000
0.14973,0.14480,0.15533,0.14776,0.15302,0.14908,0.14710,0.14743,0.14217,0.14348,0.02278,0.01949,0.02146,0.01850,0.02080,-53.21828,3140.00000
0.15302,0.14612,0.14677,0.15105,0.14776,0.14480,0.14677,0.14381,0.14710,0.14316,0.02508,0.02475,0.02376,0.02541,0.02179,-53.21828,3141.00000
0.14875,0.15533,0.14908,0.15269,0.15039,0.14645,0.14612,0.14645,0.14348,0.14973,0.01982,0.02245,0.01916,0.02179,0.02245,-52.66138,3142.00000
0.15335,0.14743,0.15302,0.15237,0.14973,0.14184,0.14941,0.14151,0.14809,0.14776,0.02475,0.02245,0.02146,0.02376,0.02475,-52.66138,3143.00000
0.15171,0.14842,0.14842,0.15335,0.15302,0.14118,0.14414,0.14348,0.14710,0.14612,0.02442,0.02146,0.02409,0.02475,0.02344,-49.65833,3144.00000
0.14546,0.14941,0.14776,0.15138,0.15039,0.14546,0.14710,0.14612,0.14645,0.14250,0.02015,0.02080,0.02574,0.01883,0.02376,-49.65833,3145.00000
0.14842,0.15105,0.14941,0.14973,0.14381,0.14842,0.14217,0.14776,0.14546,0.14677,0.02903,0.02245,0.02640,0.02048,0.02245,-49.16266,3146.00000
0.15401,0.14809,0.14348,0.15697,0.15434,0.14184,0.15204,0.14743,0.14283,0.14579,0.02179,0.02146,0.02080,0.02146,0.02344,-49.16266,3147.00000
0.14973,0.14973,0.14677,0.15500,0.14941,0.14513,0.14677,0.14348,0.14579,0.14348,0.02245,0.02179,0.02179,0.02015,0.02245,-50.41385,3148.00000
0.14809,0.15105,0.15434,0.14677,0.15171,0.14710,0.14020,0.14973,0.14217,0.14118,0.02344,0.02080,0.02113,0.02376,0.01817,-50.41385,3149.00000
0.14908,0.14085,0.15368,0.15335,0.15171,0.14645,0.14480,0.14677,0.14809,0.14973,0.02344,0.02080,0.02409,0.02376,0.02475,-51.84999,3150.00000
0.15039,0.14908,0.14381,0.15237,0.15006,0.14283,0.14020,0.14809,0.14743,0.14842,0.02080,0.02903,0.02113,0.02179,0.02278,-51.84999,3151.00000
0.14941,0.14776,0.14809,0.14250,0.15269,0.14348,0.14513,0.14546,0.14710,0.14447,0.02048,0.02080,0.02015,0.02344,0.02311,-53.60566,3152.00000
0.15237,0.14776,0.15105,0.14908,0.14579,0.14677,0.14842,0.14842,0.15006,0.14348,0.02344,0.02113,0.01982,0.02212,0.02442,-53.60566,3153.00000
0.15302,0.14217,0.14776,0.15039,0.15368,0.14447,0.14316,0.14348,0.14941,0.14809,0.02245,0.02212,0.02080,0.01982,0.02179,-54.75937,3154.00000
0.15237,0.14842,0.14612,0.14217,0.15171,0.14283,0.14480,0.14776,0.14118,0.14546,0.01719,0.02409,0.02113,0.01784,0.02278,-54.75937,3155.00000
0.15138,0.14776,0.14941,0.14546,0.15533,0.14710,0.14184,0.14316,0.14381,0.15302,0.02311,0.02179,0.02245,0.02376,0.02048,-55.32891,3156.00000
0.15237,0.14776,0.14743,0.15204,0.14809,0.14414,0.14809,0.14973,0.14316,0.14809,0.02245,0.02080,0.02179,0.02508,0.02146,-55.32891,3157.00000
0.14941,0.15006,0.15105,0.14480,0.14645,0.14579,0.14250,0.14908,0.14612,0.14546,0.02179,0.02146,0.02015,0.02080,0.01784,-54.65420,3158.00000
0.14941,0.15204,0.15401,0.14809,0.15269,0.14348,0.14250,0.14513,0.14283,0.14710,0.02607,0.01916,0.02442,0.02146,0.02015,-54.65420,3159.00000
0.15204,0.14579,0.15204,0.14941,0.14414,0.14381,0.14414,0.14743,0.14645,0.14875,0.02376,0.02442,0.02607,0.02311,0.02344,-55.41060,3160.00000
0.14941,0.14842,0.15269,0.15368,0.14973,0.14645,0.14710,0.14645,0.14447,0.15006,0.02179,0.02376,0.02475,0.02179,0.02672,-55.41060,3161.00000
0.15171,0.15171,0.14973,0.15039,0.14414,0.14217,0.14743,0.14513,0.15138,0.14743,0.02672,0.01949,0.02212,0.02311,0.02245,-55.18333,3162.00000
0.15006,0.15105,0.15467,0.14710,0.14941,0.14546,0.14513,0.14381,0.14875,0.14546,0.02344,0.02146,0.02344,0.02344,0.02015,-55.18333,3163.00000
0.14908,0.14941,0.14973,0.14677,0.14908,0.14414,0.14546,0.14645,0.14842,0.14809,0.01982,0.02311,0.02508,0.02738,0.02212,-55.26256,3164.00000
0.15269,0.14645,0.15269,0.14776,0.14776,0.14612,0.14842,0.14908,0.14677,0.14184,0.02344,0.02409,0.02311,0.02015,0.02015,-55.26256,3165.00000
0.14348,0.14809,0.14743,0.15204,0.15072,0.14776,0.14677,0.14973,0.15204,0.14941,0.02409,0.02376,0.02409,0.01982,0.02245,-54.36956,3166.00000
0.14414,0.14842,0.15006,0.14842,0.14842,0.14743,0.14250,0.14447,0.14677,0.14447,0.02278,0.02541,0.02442,0.01949,0.02508,-54.36956,3167.00000
0.14217,0.15631,0.14447,0.14085,0.15269,0.14579,0.15105,0.14612,0.14677,0.14184,0.02475,0.01850,0.02278,0.02179,0.01949,-54.80685,3168.00000
0.15171,0.14941,0.14743,0.14612,0.14875,0.14612,0.14973,0.14941,0.14645,0.14151,0.02146,0.02015,0.02080,0.02442,0.02376,-54.80685,3169.00000
0.14612,0.14941,0.14710,0.15204,0.15105,0.14546,0.14447,0.14283,0.14875,0.13855,0.02475,0.02245,0.02409,0.02541,0.02179,-54.31261,3170.00000
0.15105,0.14809,0.14842,0.15368,0.14875,0.14546,0.14447,0.14316,0.14283,0.14414,0.02212,0.02113,0.02442,0.02048,0.02344,-54.31261,3171.00000
0.14743,0.15237,0.14973,0.14776,0.14842,0.14546,0.14250,0.14677,0.14151,0.15039,0.02344,0.02278,0.02311,0.02574,0.02113,-54.07769,3172.00000
0.15269,0.15500,0.14973,0.14546,0.14941,0.14677,0.14513,0.14677,0.14480,0.14546,0.01752,0.02344,0.02080,0.01850,0.01949,-54.07769,3173.00000
0.14579,0.14283,0.15368,0.14645,0.15269,0.14842,0.14677,0.14316,0.14480,0.14677,0.02837,0.02311,0.02146,0.02278,0.02212,-54.74392,3174.00000
0.14677,0.14612,0.15335,0.14743,0.15171,0.14316,0.14612,0.14381,0.14809,0.14908,0.02278,0.02146,0.01982,0.01686,0.02245,-54.74392,3175.00000
0.14645,0.14973,0.14710,0.14645,0.15006,0.14612,0.14612,0.14908,0.14513,0.14546,0.02245,0.02080,0.02245,0.02409,0.01850,-55.29921,3176.00000
0.14710,0.14348,0.14973,0.14645,0.14776,0.15006,0.14513,0.14283,0.14743,0.14645,0.02212,0.02607,0.02212,0.01982,0.02376,-55.29921,3177.00000
0.15006,0.14414,0.14743,0.14875,0.14809,0.14908,0.14513,0.14480,0.14513,0.14743,0.02146,0.02344,0.02245,0.02311,0.02278,-54.96162,3178.00000
0.14546,0.15039,0.14546,0.14743,0.15434,0.14776,0.14316,0.14283,0.14973,0.14743,0.02311,0.02475,0.02344,0.02475,0.02640,-54.96162,3179.00000
0.14480,0.14677,0.14875,0.14710,0.15105,0.14052,0.14118,0.14316,0.14875,0.14513,0.01916,0.01916,0.02376,0.02442,0.02278,-54.64145,3180.00000
0.14908,0.15335,0.14348,0.14480,0.14414,0.14743,0.14447,0.14776,0.14513,0.14480,0.02278,0.02376,0.01916,0.02113,0.02113,-54.64145,3181.00000
0.15171,0.14414,0.15533,0.14612,0.14908,0.14776,0.14579,0.14809,0.14513,0.14480,0.02179,0.02442,0.02278,0.02311,0.02245,-54.99895,3182.00000
0.15171,0.14546,0.14908,0.14973,0.14809,0.14217,0.14842,0.14316,0.14546,0.14513,0.02179,0.02278,0.02409,0.02640,0.02475,-54.99895,3183.00000
0.15105,0.15269,0.14842,0.14776,0.15237,0.14645,0.14480,0.14612,0.14908,0.14579,0.01949,0.01982,0.02245,0.02376,0.02442,-55.50240,3184.00000
0.15204,0.14710,0.14875,0.14776,0.14250,0.14645,0.14612,0.14118,0.14743,0.14579,0.02311,0.02311,0.02048,0.02245,0.01982,-55.50240,3185.00000
0.14776,0.15072,0.14612,0.14875,0.14480,0.14184,0.14151,0.14776,0.14184,0.14513,0.02541,0.02245,0.02344,0.02245,0.02212,-55.27806,3186.00000
0.15237,0.15039,0.14809,0.14579,0.14546,0.14447,0.15171,0.14677,0.14809,0.14645,0.02409,0.02541,0.02146,0.02146,0.02146,-55.27806,3187.00000
0.14546,0.15368,0.14513,0.15039,0.15105,0.14645,0.14381,0.14677,0.14710,0.14677,0.02574,0.02179,0.02146,0.02344,0.02245,-55.34899,3188.00000
0.14612,0.15533,0.14217,0.14941,0.15368,0.14645,0.14447,0.14085,0.14809,0.14217,0.02113,0.02442,0.02080,0.02179,0.02409,-55.34899,3189.00000
0.15500,0.14612,0.14941,0.14743,0.15171,0.14612,0.14776,0.14743,0.14973,0.14842,0.02212,0.02278,0.02113,0.02672,0.02015,-55.24041,3190.00000
0.14513,0.14908,0.14809,0.14348,0.15072,0.14645,0.14645,0.14316,0.14381,0.14513,0.02245,0.02508,0.02179,0.02048,0.02179,-55.24041,3191.00000
0.15664,0.15171,0.15171,0.14743,0.15006,0.14579,0.14941,0.14316,0.14381,0.14941,0.02344,0.02311,0.02048,0.02245,0.02508,-55.38632,3192.00000
0.15072,0.14447,0.14809,0.14809,0.15204,0.14480,0.14447,0.14381,0.14546,0.14776,0.02113,0.02179,0.02311,0.02376,0.02245,-55.38632,3193.00000
0.15368,0.15138,0.14842,0.15171,0.14348,0.14151,0.14447,0.14710,0.14381,0.15039,0.02311,0.02015,0.02508,0.02113,0.02409,-55.65947,3194.00000
0.15335,0.15105,0.14842,0.14908,0.15138,0.14645,0.14645,0.15072,0.14677,0.14645,0.02541,0.02278,0.02080,0.02179,0.02344,-55.65947,3195.00000
0.14941,0.14217,0.14941,0.14809,0.15204,0.14776,0.14513,0.15138,0.14776,0.14151,0.01916,0.02344,0.02705,0.02409,0.02640,-55.31264,3196.00000
0.15006,0.15105,0.14447,0.14908,0.14842,0.14842,0.14381,0.14348,0.14283,0.15039,0.02311,0.02179,0.02376,0.01916,0.02442,-55.31264,3197.00000
0.14973,0.15401,0.14842,0.14875,0.14908,0.14381,0.14513,0.14546,0.14217,0.14020,0.02376,0.01949,0.02640,0.02212,0.02278,-54.59480,3198.00000
0.14480,0.15500,0.14184,0.14842,0.14842,0.14743,0.14316,0.14348,0.14447,0.14710,0.02376,0.02245,0.02179,0.02146,0.02048,-54.59480,3199.00000
0.15072,0.14941,0.14776,0.15204,0.14612,0.14316,0.14381,0.14414,0.14645,0.14414,0.01949,0.02475,0.02245,0.02245,0.01982,-54.59720,3200.00000
0.14809,0.15401,0.14941,0.14480,0.15269,0.14480,0.14217,0.14677,0.14645,0.14973,0.02311,0.02015,0.02179,0.02179,0.02311,-54.59720,3201.00000
0.14546,0.14645,0.14842,0.15138,0.14677,0.14447,0.14743,0.14447,0.14480,0.14513,0.02672,0.02409,0.02442,0.02179,0.02212,-55.55056,3202.00000
0.15039,0.15006,0.14809,0.14776,0.14809,0.14217,0.14645,0.14546,0.14546,0.14447,0.02409,0.02574,0.02212,0.01949,0.02311,-55.55056,3203.00000
0.14612,0.14941,0.14381,0.14941,0.14546,0.14546,0.14875,0.14546,0.14645,0.14776,0.02311,0.02179,0.01949,0.02376,0.02409,-55.99061,3204.00000
0.14677,0.14973,0.14414,0.15401,0.14875,0.14414,0.13987,0.14447,0.14743,0.14381,0.02640,0.02376,0.01817,0.02574,0.02311,-55.99061,3205.00000
0.14645,0.14743,0.14480,0.15237,0.14480,0.14677,0.14776,0.14612,0.14381,0.14809,0.02837,0.02442,0.02311,0.02311,0.02245,-55.33173,3206.00000
0.14677,0.14710,0.15006,0.15302,0.15072,0.14776,0.15039,0.14513,0.14316,0.14579,0.02541,0.02344,0.02409,0.02344,0.02541,-55.33173,3207.00000
0.14875,0.14381,0.14217,0.14908,0.15204,0.14677,0.14809,0.14184,0.14480,0.14414,0.02080,0.02574,0.02278,0.02574,0.02376,-55.80063,3208.00000
0.14809,0.15006,0.14381,0.15500,0.15006,0.14579,0.14480,0.14612,0.14743,0.14579,0.02080,0.02212,0.02870,0.02837,0.02179,-55.80063,3209.00000
0.14612,0.15401,0.15006,0.14414,0.15006,0.14908,0.14546,0.14546,0.14283,0.15006,0.02212,0.02344,0.02344,0.02278,0.02179,-56.33537,3210.00000
0.14316,0.15072,0.15105,0.14612,0.14908,0.14381,0.14842,0.14677,0.14809,0.14546,0.01850,0.02311,0.02278,0.01850,0.01817,-56.33537,3211.00000
0.14743,0.14579,0.14414,0.14908,0.14217,0.14579,0.14579,0.14250,0.14612,0.14743,0.02179,0.02212,0.01916,0.02146,0.02738,-56.78829,3212.00000
0.15565,0.14414,0.15401,0.14710,0.15237,0.14283,0.14118,0.15006,0.14941,0.14316,0.02311,0.02278,0.02212,0.02344,0.02048,-56.78829,3213.00000
0.14250,0.15467,0.14381,0.14677,0.15368,0.14217,0.14809,0.14776,0.14809,0.14316,0.02212,0.03067,0.01982,0.02048,0.01916,-56.39952,3214.00000
0.14513,0.15269,0.14710,0.14941,0.14645,0.14447,0.14381,0.14612,0.14579,0.14447,0.02179,0.02146,0.02311,0.01982,0.02376,-56.39952,3215.00000
0.14941,0.14973,0.14908,0.14677,0.14348,0.15006,0.15039,0.14645,0.14480,0.14447,0.02311,0.02442,0.02574,0.02146,0.02344,-56.46880,3216.00000
0.14447,0.14776,0.15006,0.14875,0.15368,0.14776,0.14612,0.14546,0.14842,0.14217,0.02048,0.02048,0.01982,0.01949,0.01982,-56.46880,3217.00000
0.14151,0.14973,0.14710,0.14677,0.14743,0.14513,0.14710,0.14612,0.15565,0.14447,0.02113,0.01686,0.02376,0.02113,0.02311,-55.64163,3218.00000
0.15204,0.15138,0.15006,0.14579,0.14842,0.14645,0.14480,0.14513,0.14677,0.14447,0.02015,0.02541,0.02245,0.02442,0.02278,-55.64163,3219.00000
0.15302,0.15237,0.14908,0.15039,0.14875,0.14480,0.15138,0.14480,0.14612,0.14776,0.02278,0.02508,0.02508,0.02245,0.02344,-54.56398,3220.00000
0.14513,0.14776,0.15006,0.14645,0.14842,0.14579,0.14710,0.14809,0.14579,0.14677,0.02508,0.02475,0.02179,0.02278,0.02048,-54.56398,3221.00000
0.14776,0.14776,0.14710,0.14941,0.15204,0.15237,0.15006,0.14842,0.14579,0.14447,0.02179,0.02541,0.02574,0.02344,0.02245,-54.57691,3222.00000
0.15006,0.14612,0.15105,0.15006,0.15269,0.14579,0.14710,0.14283,0.14776,0.14414,0.02048,0.02376,0.02212,0.02442,0.02541,-54.57691,3223.00000
0.14743,0.14579,0.14677,0.15237,0.14546,0.14447,0.14809,0.14645,0.14414,0.14283,0.02212,0.02771,0.02212,0.01916,0.02607,-54.38074,3224.00000
0.14875,0.14908,0.14809,0.14908,0.14842,0.15039,0.14710,0.15039,0.14809,0.14348,0.01982,0.02442,0.01982,0.01982,0.02245,-54.38074,3225.00000
0.14250,0.15171,0.14973,0.15072,0.14842,0.15335,0.14579,0.14612,0.14283,0.14579,0.02212,0.02508,0.02376,0.02344,0.02245,-53.89203,3226.00000
0.15105,0.14612,0.14743,0.15039,0.15204,0.14316,0.14645,0.14546,0.14645,0.14579,0.02245,0.02442,0.02311,0.02113,0.02146,-53.89203,3227.00000
0.14842,0.14447,0.15006,0.14513,0.14908,0.14710,0.14579,0.14579,0.14283,0.14842,0.02212,0.02245,0.02442,0.02015,0.02475,-53.89914,3228.00000
0.14645,0.14743,0.15105,0.14480,0.14941,0.14710,0.14612,0.14283,0.14743,0.14546,0.02508,0.01949,0.01850,0.02508,0.02179,-53.89914,3229.00000
0.14743,0.14743,0.15105,0.14612,0.14743,0.14612,0.14710,0.14447,0.14677,0.14908,0.02311,0.02278,0.02048,0.02080,0.02442,-54.47643,3230.00000
0.14908,0.14941,0.13921,0.14908,0.14941,0.14612,0.14414,0.14776,0.14579,0.14743,0.02179,0.02475,0.02179,0.02278,0.02245,-54.47643,3231.00000
0.15138,0.14677,0.14941,0.14842,0.15006,0.14579,0.15039,0.14743,0.14612,0.14480,0.02080,0.02376,0.02245,0.02015,0.02475,-54.66985,3232.00000
0.14908,0.14480,0.15105,0.15368,0.14677,0.14776,0.14184,0.14381,0.14875,0.14447,0.02311,0.02311,0.02672,0.02475,0.02311,-54.66985,3233.00000
0.14941,0.14348,0.15138,0.14677,0.14546,0.14809,0.14513,0.14546,0.14184,0.14283,0.01982,0.02146,0.02344,0.02311,0.02080,-55.53317,3234.00000
0.15335,0.15105,0.14612,0.14908,0.15138,0.14612,0.14677,0.14513,0.14283,0.14480,0.02080,0.02212,0.02212,0.02015,0.01719,-55.53317,3235.00000
0.14743,0.14677,0.15072,0.14743,0.14776,0.14546,0.14973,0.14513,0.14348,0.15006,0.02376,0.02212,0.02080,0.02311,0.01850,-55.41795,3236.00000
0.15302,0.14612,0.15039,0.15237,0.14743,0.14579,0.14546,0.14677,0.14842,0.14480,0.02048,0.02015,0.02640,0.02212,0.02179,-55.41795,3237.00000
0.14743,0.14842,0.14842,0.14776,0.15664,0.14447,0.14480,0.14677,0.14776,0.15105,0.02344,0.02113,0.02344,0.02409,0.02376,-56.09765,3238.00000
0.14677,0.15237,0.15335,0.15006,0.15039,0.14579,0.14612,0.15039,0.14381,0.14612,0.02146,0.02113,0.02311,0.02409,0.02442,-56.09765,3239.00000
0.14809,0.14677,0.14776,0.15237,0.14941,0.14710,0.14645,0.14579,0.14513,0.14447,0.01949,0.02113,0.02344,0.02113,0.02080,-55.49755,3240.00000
0.14447,0.14743,0.15237,0.14743,0.14579,0.14447,0.14743,0.14316,0.14776,0.14184,0.02376,0.02146,0.01949,0.02212,0.02409,-55.49755,3241.00000
0.14809,0.14875,0.15204,0.14151,0.15500,0.14941,0.14842,0.14710,0.14710,0.14513,0.02541,0.01949,0.02212,0.02048,0.01982,-55.74682,3242.00000
0.15138,0.14908,0.14743,0.15204,0.14480,0.14283,0.14875,0.14710,0.14348,0.14875,0.02672,0.02475,0.02672,0.02475,0.02278,-55.74682,3243.00000
0.15401,0.14579,0.14677,0.15368,0.14842,0.14612,0.14941,0.14677,0.14612,0.14612,0.02212,0.01916,0.02672,0.02212,0.02015,-55.24890,3244.00000
0.15072,0.14908,0.15335,0.14348,0.14645,0.14809,0.14612,0.14579,0.14546,0.14118,0.02541,0.02278,0.02376,0.02409,0.02574,-55.24890,3245.00000
0.14645,0.15302,0.15237,0.15269,0.14316,0.14612,0.14348,0.14612,0.14776,0.14645,0.02245,0.02245,0.02146,0.02278,0.02212,-54.65326,3246.00000
0.15565,0.14941,0.15204,0.15039,0.15302,0.14908,0.14381,0.14250,0.14447,0.14283,0.01817,0.01982,0.01686,0.02245,0.02245,-54.65326,3247.00000
0.14710,0.14710,0.15500,0.15006,0.15006,0.14217,0.13954,0.15006,0.14513,0.14645,0.02080,0.02245,0.02113,0.02311,0.02048,-54.22360,3248.00000
0.14973,0.14513,0.14546,0.15335,0.14645,0.14710,0.14381,0.14612,0.14316,0.14283,0.02738,0.02278,0.02212,0.02442,0.02508,-54.22360,3249.00000
0.13921,0.15368,0.15269,0.14842,0.14776,0.14414,0.14710,0.14250,0.14677,0.14447,0.02376,0.02048,0.02672,0.02245,0.02015,-54.33836,3250.00000
0.14941,0.14875,0.14743,0.14776,0.14908,0.14546,0.14645,0.14710,0.14710,0.14283,0.02409,0.02376,0.02475,0.01949,0.02376,-54.33836,3251.00000
0.14941,0.15138,0.14809,0.14677,0.14973,0.14776,0.14316,0.14776,0.14480,0.15006,0.02179,0.02179,0.01817,0.02409,0.02212,-54.12963,3252.00000
0.14941,0.15072,0.15335,0.14908,0.15072,0.14217,0.14348,0.14776,0.14250,0.14579,0.02179,0.02344,0.02212,0.01982,0.02311,-54.12963,3253.00000
0.14809,0.14875,0.14973,0.14710,0.14645,0.14283,0.14381,0.14941,0.14447,0.14480,0.02015,0.02672,0.01949,0.02344,0.02409,-55.07019,3254.00000
0.15237,0.15302,0.14645,0.15368,0.15006,0.14677,0.15006,0.14184,0.14414,0.14776,0.02607,0.02376,0.02508,0.02278,0.02278,-55.07019,3255.00000
0.14908,0.15105,0.14776,0.14612,0.14579,0.14710,0.14809,0.14381,0.14645,0.14776,0.02113,0.02311,0.02475,0.01752,0.02442,-55.67962,3256.00000
0.14513,0.14645,0.15072,0.14842,0.14513,0.14677,0.14842,0.14875,0.14941,0.14513,0.02245,0.02409,0.02475,0.02442,0.02179,-55.67962,3257.00000
0.14875,0.14217,0.15072,0.14776,0.14776,0.14250,0.14020,0.14283,0.14743,0.14414,0.02311,0.02212,0.02442,0.02212,0.01883,-55.75241,3258.00000
0.14546,0.14579,0.15039,0.15039,0.15138,0.14184,0.14677,0.13921,0.14447,0.14414,0.02113,0.02048,0.02475,0.01850,0.01817,-55.75241,3259.00000
0.14743,0.15171,0.14908,0.14447,0.15697,0.14447,0.14677,0.14151,0.14677,0.14316,0.02409,0.02212,0.02146,0.02080,0.02113,-56.11595,3260.00000
0.14842,0.14348,0.14842,0.14546,0.14743,0.14348,0.14677,0.14480,0.14809,0.14677,0.02541,0.02541,0.01916,0.02113,0.02278,-56.11595,3261.00000
0.15335,0.14250,0.14776,0.15105,0.14579,0.14513,0.14414,0.14677,0.14710,0.14447,0.02541,0.02409,0.02113,0.02278,0.02376,-55.94860,3262.00000
0.15006,0.14973,0.14941,0.14645,0.15039,0.14776,0.14513,0.14875,0.14743,0.14677,0.02672,0.01916,0.02409,0.02179,0.02212,-55.94860,3263.00000
0.14414,0.14645,0.14809,0.15105,0.15335,0.14513,0.14414,0.14612,0.14250,0.15237,0.02311,0.02113,0.01916,0.02146,0.02376,-56.04803,3264.00000
0.14941,0.15434,0.14941,0.15006,0.14710,0.14612,0.14381,0.14316,0.14217,0.14447,0.01850,0.02278,0.02080,0.01883,0.02376,-56.04803,3265.00000
0.14743,0.15072,0.14743,0.14480,0.14546,0.14645,0.15368,0.14677,0.14414,0.14579,0.02212,0.02475,0.02048,0.02409,0.02080,-55.59482,3266.00000
0.14710,0.14776,0.14184,0.14612,0.15368,0.14677,0.14414,0.14480,0.14677,0.15467,0.02344,0.02015,0.01949,0.02048,0.02475,-55.59482,3267.00000
0.15533,0.15105,0.14809,0.14776,0.14645,0.14513,0.14743,0.14381,0.14480,0.14842,0.02376,0.02212,0.02607,0.01982,0.02607,-55.03618,3268.00000
0.14743,0.15171,0.14645,0.15072,0.15204,0.15006,0.14217,0.14316,0.14677,0.14579,0.01752,0.02278,0.02311,0.02672,0.02212,-55.03618,3269.00000
0.14546,0.14546,0.15269,0.14973,0.14645,0.14645,0.14480,0.14020,0.13954,0.14677,0.02475,0.02245,0.02607,0.02179,0.02311,-55.29153,3270.00000
0.15039,0.15434,0.15105,0.14579,0.14414,0.15138,0.14809,0.14908,0.14842,0.14447,0.02278,0.02311,0.02409,0.02113,0.02113,-55.29153,3271.00000
0.15467,0.15237,0.14710,0.15533,0.15500,0.14217,0.14381,0.14941,0.14316,0.14579,0.02311,0.02607,0.02080,0.02376,0.02442,-54.82594,3272.00000
0.14710,0.15072,0.15072,0.14941,0.14842,0.14645,0.14842,0.14381,0.14480,0.15105,0.02442,0.02475,0.02179,0.02344,0.02212,-54.82594,3273.00000
0.14875,0.14842,0.14809,0.14875,0.14579,0.14677,0.14414,0.14513,0.14348,0.14151,0.02508,0.02245,0.02245,0.02344,0.02574,-55.15223,3274.00000
0.15072,0.14809,0.14875,0.14316,0.14809,0.14710,0.14480,0.14283,0.14612,0.14612,0.02475,0.02212,0.02113,0.02146,0.02179,-55.15223,3275.00000
0.15598,0.14447,0.14809,0.14447,0.14645,0.14908,0.14480,0.14842,0.14579,0.14908,0.02245,0.02771,0.02080,0.02245,0.02409,-55.13715,3276.00000
0.14513,0.14085,0.14776,0.14645,0.14743,0.14677,0.14546,0.14645,0.14579,0.14743,0.01916,0.02442,0.02475,0.01850,0.02311,-55.13715,3277.00000
0.14710,0.15237,0.14217,0.14842,0.14875,0.14052,0.14250,0.14184,0.14973,0.15105,0.02113,0.02212,0.02212,0.01949,0.02409,-54.50705,3278.00000
0.14809,0.14612,0.14908,0.14612,0.14941,0.14020,0.14217,0.14250,0.14513,0.14546,0.02146,0.02080,0.02344,0.02475,0.02245,-54.50705,3279.00000
0.14743,0.14875,0.14875,0.15072,0.15105,0.14612,0.14908,0.14513,0.14447,0.14973,0.02212,0.02705,0.02311,0.02376,0.02278,-54.64855,3280.00000
0.15302,0.14776,0.14743,0.14447,0.14941,0.14414,0.14052,0.14809,0.14283,0.14809,0.02113,0.01784,0.02376,0.02508,0.02278,-54.64855,3281.00000
0.15171,0.15072,0.15072,0.15039,0.15072,0.14842,0.14348,0.14184,0.14546,0.14283,0.01784,0.02344,0.02113,0.02508,0.02376,-54.92437,3282.00000
0.14677,0.15401,0.15171,0.14776,0.14875,0.14875,0.14908,0.15039,0.14941,0.15006,0.02245,0.02212,0.02146,0.01916,0.02376,-54.92437,3283.00000
0.15039,0.15105,0.14842,0.15006,0.14513,0.14908,0.14645,0.14480,0.14743,0.14842,0.02541,0.02245,0.02541,0.02508,0.02376,-55.50662,3284.00000
0.15105,0.15171,0.14381,0.14743,0.14710,0.14480,0.14677,0.14546,0.14743,0.15302,0.02344,0.02179,0.02475,0.02475,0.02409,-55.50662,3285.00000
0.15302,0.14809,0.15006,0.14513,0.14809,0.14414,0.14875,0.14710,0.14612,0.14513,0.02245,0.02607,0.02409,0.02541,0.02212,-55.47548,3286.00000
0.14645,0.14546,0.15533,0.14348,0.14513,0.14776,0.14283,0.14612,0.15039,0.14447,0.02672,0.02113,0.02015,0.02475,0.02245,-55.47548,3287.00000
0.14842,0.15269,0.14875,0.14677,0.15335,0.14381,0.14579,0.14447,0.14875,0.14776,0.02376,0.02672,0.02344,0.02113,0.02344,-55.63325,3288.00000
0.15138,0.14743,0.14677,0.15006,0.15105,0.14480,0.14513,0.14776,0.14743,0.14579,0.02245,0.02311,0.02048,0.02541,0.02607,-55.63325,3289.00000
0.15302,0.15533,0.14645,0.14908,0.14118,0.14579,0.14677,0.14414,0.14776,0.14513,0.02376,0.02442,0.02113,0.02113,0.02080,-55.96604,3290.00000
0.14480,0.15171,0.14809,0.14645,0.14250,0.14612,0.14579,0.14645,0.14677,0.14546,0.02475,0.02442,0.02541,0.02475,0.02179,-55.96604,3291.00000
0.15105,0.14414,0.15105,0.14612,0.14414,0.14283,0.14743,0.14743,0.14546,0.14579,0.02212,0.02080,0.02541,0.02376,0.02015,-55.63194,3292.00000
0.14645,0.15631,0.14743,0.15434,0.14217,0.14776,0.15138,0.14842,0.14381,0.14710,0.02672,0.02048,0.02212,0.02344,0.02607,-55.63194,3293.00000
0.14052,0.15171,0.14677,0.15039,0.14809,0.14184,0.14776,0.14283,0.14809,0.14710,0.02508,0.02278,0.02442,0.02804,0.02212,-55.13287,3294.00000
0.15138,0.14776,0.14842,0.14743,0.15138,0.14776,0.14348,0.14217,0.14546,0.14414,0.01916,0.02607,0.02212,0.02311,0.02442,-55.13287,3295.00000
0.15335,0.14579,0.15006,0.15237,0.14612,0.14875,0.14809,0.14546,0.14020,0.14381,0.02475,0.02475,0.02409,0.02080,0.02113,-54.49514,3296.00000
0.15269,0.14941,0.15269,0.15072,0.14283,0.14743,0.14776,0.14612,0.14513,0.14645,0.02442,0.02672,0.02508,0.02409,0.02146,-54.49514,3297.00000
0.14875,0.14645,0.15335,0.15171,0.14776,0.14677,0.15171,0.14645,0.14480,0.15138,0.02278,0.02344,0.02376,0.02245,0.02212,-54.43995,3298.00000
0.14677,0.14973,0.15006,0.15105,0.14480,0.14085,0.14414,0.14414,0.14941,0.14283,0.02442,0.02212,0.02179,0.02212,0.02212,-54.43995,3299.00000
0.15006,0.15631,0.14645,0.15072,0.14546,0.15335,0.14513,0.14842,0.14645,0.14348,0.02376,0.02376,0.02508,0.02245,0.02048,-54.04371,3300.00000
0.14480,0.15006,0.15072,0.14809,0.14941,0.14414,0.14842,0.14710,0.14052,0.13789,0.02311,0.01982,0.02048,0.02705,0.02212,-54.04371,3301.00000
0.14776,0.14941,0.15204,0.14743,0.14612,0.14546,0.14546,0.14414,0.14546,0.14414,0.02475,0.02409,0.02179,0.01949,0.01850,-54.19959,3302.00000
0.15533,0.15072,0.14612,0.15204,0.15072,0.14645,0.14973,0.14250,0.14348,0.14908,0.02080,0.02179,0.02442,0.01949,0.02475,-54.19959,3303.00000
0.14710,0.15204,0.14908,0.15006,0.14645,0.14842,0.14809,0.15171,0.14513,0.14546,0.02179,0.02475,0.02245,0.02508,0.02475,-54.35565,3304.00000
0.14710,0.14348,0.14612,0.14941,0.15105,0.14710,0.14546,0.14743,0.15039,0.14447,0.02179,0.02212,0.01949,0.02442,0.02442,-54.35565,3305.00000
0.15171,0.14973,0.14579,0.14842,0.14908,0.14612,0.15138,0.15039,0.14875,0.14250,0.02146,0.02442,0.02311,0.02475,0.02508,-54.03330,3306.00000
0.13888,0.14513,0.14348,0.14941,0.15237,0.14513,0.14480,0.14480,0.14842,0.14612,0.02541,0.02409,0.02738,0.02212,0.02048,-54.03330,3307.00000
0.14973,0.14480,0.15072,0.14908,0.14677,0.15138,0.14447,0.14743,0.14710,0.14579,0.02278,0.02409,0.02015,0.02113,0.01949,-54.67534,3308.00000
0.15039,0.14776,0.14480,0.15204,0.14941,0.14612,0.14480,0.14316,0.14348,0.14973,0.02048,0.02475,0.02245,0.01949,0.02278,-54.67534,3309.00000
0.15204,0.14348,0.14809,0.14743,0.14941,0.14316,0.14908,0.15105,0.14743,0.14414,0.02376,0.02574,0.02376,0.02278,0.02245,-54.88406,3310.00000
0.14973,0.14776,0.14809,0.14677,0.15368,0.14612,0.14414,0.15006,0.14381,0.14645,0.02376,0.02442,0.02508,0.02442,0.02409,-54.88406,3311.00000
0.14612,0.15204,0.14645,0.15105,0.15269,0.14875,0.14908,0.15006,0.15006,0.14809,0.02212,0.02344,0.02344,0.02080,0.02179,-55.31068,3312.00000
0.15467,0.14645,0.15072,0.14941,0.14645,0.14316,0.15006,0.14710,0.14480,0.15039,0.02311,0.02508,0.02080,0.02508,0.02146,-55.31068,3313.00000
0.14579,0.14842,0.15368,0.15368,0.14546,0.14513,0.14316,0.14579,0.14184,0.14941,0.02245,0.02278,0.02442,0.01949,0.02113,-55.39460,3314.00000
0.14579,0.15302,0.15006,0.14677,0.15039,0.14579,0.14973,0.14217,0.14447,0.14480,0.02212,0.02376,0.02245,0.02409,0.02146,-55.39460,3315.00000
0.14842,0.14579,0.15368,0.15335,0.15237,0.15072,0.14677,0.14513,0.14612,0.14513,0.02080,0.01949,0.02212,0.02409,0.02508,-55.56351,3316.00000
0.15368,0.15401,0.15006,0.14579,0.14743,0.14612,0.14447,0.14316,0.14579,0.14710,0.02015,0.02311,0.02344,0.02409,0.02179,-55.56351,3317.00000
0.14348,0.14217,0.14973,0.14348,0.15368,0.14480,0.14645,0.15072,0.14612,0.14973,0.02212,0.02409,0.02541,0.02311,0.02409,-55.66017,3318.00000
0.14579,0.14612,0.14612,0.14908,0.14908,0.14776,0.15138,0.14447,0.14546,0.14348,0.01982,0.02179,0.02245,0.02640,0.02278,-55.66017,3319.00000
0.15072,0.14710,0.15072,0.14710,0.14842,0.15006,0.14513,0.14414,0.14414,0.14480,0.02574,0.02080,0.01883,0.02179,0.02080,-55.98682,3320.00000
0.14645,0.14645,0.14809,0.14875,0.14875,0.14875,0.14710,0.14579,0.14283,0.14677,0.01949,0.02508,0.02409,0.02508,0.02179,-55.98682,3321.00000
0.14250,0.15368,0.15401,0.14743,0.15039,0.14941,0.14480,0.14875,0.14283,0.14250,0.02080,0.02376,0.01916,0.02672,0.02376,-55.89380,3322.00000
0.14348,0.14776,0.14941,0.15138,0.14776,0.14151,0.14612,0.14941,0.15072,0.14414,0.01883,0.02475,0.02541,0.02508,0.02508,-55.89380,3323.00000
0.14908,0.15105,0.14973,0.15368,0.15171,0.14414,0.14316,0.14546,0.14381,0.14447,0.02311,0.02080,0.02376,0.02607,0.02442,-55.23694,3324.00000
0.15006,0.14579,0.15171,0.14612,0.14809,0.14710,0.14776,0.14447,0.14316,0.14316,0.02278,0.02376,0.02376,0.02212,0.02245,-55.23694,3325.00000
0.15302,0.14842,0.14809,0.14973,0.14579,0.14612,0.14710,0.14513,0.14283,0.14480,0.02344,0.02541,0.02146,0.02245,0.02344,-55.15997,3326.00000
0.15335,0.14941,0.15138,0.14118,0.14579,0.14348,0.14710,0.14612,0.14381,0.14579,0.02344,0.02344,0.02212,0.02179,0.02113,-55.15997,3327.00000
0.14743,0.15237,0.14842,0.15171,0.14480,0.14447,0.14414,0.14414,0.14776,0.14645,0.01850,0.02311,0.02080,0.02245,0.02376,-55.17032,3328.00000
0.14973,0.14710,0.15138,0.15105,0.14480,0.14414,0.14381,0.14776,0.14842,0.14809,0.02311,0.02278,0.02311,0.02212,0.02113,-55.17032,3329.00000
0.14677,0.15072,0.14809,0.14710,0.15204,0.14842,0.14776,0.14645,0.14809,0.14809,0.02212,0.02212,0.02409,0.01554,0.02376,-55.00703,3330.00000
0.14480,0.14809,0.14710,0.15072,0.14480,0.14842,0.14875,0.14776,0.14348,0.14875,0.02146,0.02376,0.02541,0.02080,0.02146,-55.00703,3331.00000
0.15664,0.15006,0.14908,0.14842,0.14743,0.14381,0.14381,0.14710,0.14776,0.14217,0.02113,0.02179,0.02245,0.02212,0.02245,-55.16953,3332.00000
0.15237,0.14875,0.15039,0.14776,0.14908,0.14612,0.14151,0.14743,0.14941,0.14546,0.02048,0.01982,0.02376,0.02705,0.02672,-55.16953,3333.00000
0.14151,0.14645,0.15105,0.14414,0.14875,0.14414,0.14710,0.14645,0.14052,0.14513,0.02376,0.02146,0.02113,0.02146,0.02771,-55.11162,3334.00000
0.14776,0.15039,0.15138,0.14513,0.14677,0.14184,0.14151,0.14908,0.14579,0.14217,0.02475,0.02475,0.02113,0.02245,0.02409,-55.11162,3335.00000
0.14217,0.14941,0.14348,0.15368,0.14579,0.14283,0.14710,0.14283,0.14809,0.14283,0.02311,0.02179,0.01850,0.02442,0.02508,-55.16079,3336.00000
0.15072,0.14941,0.15138,0.14776,0.15039,0.14283,0.14645,0.14645,0.14809,0.14677,0.02508,0.02508,0.02048,0.02409,0.02278,-55.16079,3337.00000
0.14447,0.14579,0.14809,0.14743,0.15533,0.14217,0.14809,0.14842,0.14217,0.14842,0.02344,0.02311,0.02113,0.02903,0.01982,-55.31721,3338.00000
0.15006,0.14020,0.15039,0.14316,0.14447,0.14513,0.14842,0.14645,0.14250,0.14809,0.01982,0.02048,0.02475,0.02607,0.02048,-55.31721,3339.00000
0.14842,0.15302,0.14875,0.14908,0.14480,0.14645,0.14645,0.14875,0.14250,0.14381,0.02376,0.01916,0.02541,0.01850,0.01982,-55.52482,3340.00000
0.14612,0.14612,0.15006,0.14908,0.14612,0.14809,0.14908,0.14579,0.14447,0.14677,0.02475,0.02245,0.02541,0.02574,0.02344,-55.52482,3341.00000
0.14316,0.14085,0.14875,0.15171,0.14973,0.14546,0.14710,0.14348,0.14546,0.14381,0.02179,0.02508,0.02475,0.02475,0.02278,-55.54317,3342.00000
0.15039,0.14546,0.14743,0.14875,0.14776,0.14414,0.14414,0.14250,0.14546,0.14546,0.02179,0.02278,0.02113,0.02146,0.01982,-55.54317,3343.00000
0.14743,0.14677,0.15302,0.14941,0.14710,0.14579,0.14776,0.14381,0.14217,0.14217,0.02113,0.02278,0.02278,0.01982,0.02048,-55.76231,3344.00000
0.14480,0.14776,0.15105,0.14842,0.14908,0.14184,0.14052,0.14414,0.14743,0.14381,0.02245,0.02015,0.02705,0.02278,0.02179,-55.76231,3345.00000
0.14645,0.14809,0.14546,0.14677,0.15039,0.13987,0.14546,0.14250,0.14908,0.14348,0.02442,0.02344,0.02278,0.01916,0.02409,-55.64727,3346.00000
0.15072,0.14348,0.14941,0.15039,0.14677,0.14677,0.13954,0.14414,0.14447,0.14612,0.01916,0.01817,0.02113,0.02508,0.02113,-55.64727,3347.00000
0.14875,0.14677,0.14743,0.14612,0.14776,0.14316,0.14381,0.14316,0.14546,0.14677,0.02113,0.02409,0.02705,0.02278,0.02245,-54.89639,3348.00000
0.14217,0.14776,0.14414,0.14151,0.15072,0.14645,0.14842,0.14480,0.14447,0.14480,0.02048,0.01752,0.02179,0.02442,0.02607,-54.89639,3349.00000
0.14612,0.14875,0.14645,0.14743,0.14776,0.14677,0.14513,0.14250,0.14381,0.14316,0.02344,0.02278,0.02146,0.02179,0.01982,-54.64790,3350.00000
0.14941,0.14579,0.14579,0.14908,0.14447,0.14447,0.14316,0.14381,0.14612,0.14513,0.02607,0.02212,0.02442,0.02179,0.02212,-54.64790,3351.00000
0.14612,0.15105,0.14447,0.15335,0.14973,0.14908,0.15039,0.14579,0.14283,0.14414,0.02409,0.02311,0.02245,0.02179,0.02508,-55.76389,3352.00000
0.15302,0.14250,0.14710,0.14348,0.14546,0.14184,0.14480,0.14283,0.14480,0.14776,0.02080,0.02442,0.02080,0.02113,0.02705,-55.76389,3353.00000
0.14677,0.14842,0.14776,0.14381,0.15105,0.14645,0.14348,0.14381,0.14217,0.14381,0.01982,0.02344,0.02574,0.02376,0.02278,-54.71544,3354.00000
0.14677,0.14645,0.14513,0.15434,0.14480,0.14645,0.14283,0.14480,0.14447,0.14513,0.02245,0.02113,0.02146,0.02278,0.01949,-54.71544,3355.00000
0.15006,0.14612,0.14612,0.15335,0.14381,0.14579,0.14809,0.14414,0.14513,0.14776,0.02376,0.02080,0.02212,0.01949,0.02245,-54.01544,3356.00000
0.14973,0.14579,0.15105,0.14776,0.14546,0.14743,0.14217,0.14677,0.14645,0.15006,0.02245,0.02179,0.01916,0.02179,0.02442,-54.01544,3357.00000
0.14743,0.14447,0.14908,0.15006,0.14710,0.14151,0.13987,0.14381,0.14151,0.14447,0.02311,0.02212,0.01982,0.02113,0.02442,-54.47842,3358.00000
0.14809,0.15039,0.14677,0.14743,0.14645,0.14151,0.14316,0.14612,0.14743,0.14250,0.02541,0.02311,0.02311,0.02344,0.02212,-54.47842,3359.00000
0.14875,0.15237,0.14250,0.15006,0.14283,0.14414,0.14283,0.14447,0.14283,0.14645,0.02311,0.02245,0.02278,0.02245,0.02344,-54.90034,3360.00000
0.15730,0.14645,0.14842,0.14020,0.14283,0.14677,0.15072,0.14250,0.14414,0.14250,0.01982,0.02212,0.02574,0.02508,0.02278,-54.90034,3361.00000
0.14579,0.14842,0.14579,0.15138,0.14710,0.14085,0.14381,0.14743,0.14546,0.14348,0.02376,0.02048,0.02541,0.02344,0.01883,-54.95017,3362.00000
0.15204,0.14941,0.14316,0.14875,0.15006,0.14546,0.14645,0.14414,0.14612,0.14612,0.02376,0.02015,0.02311,0.02015,0.02245,-54.95017,3363.00000
0.15138,0.14579,0.14776,0.14875,0.14677,0.14743,0.14546,0.14513,0.14414,0.14283,0.02442,0.02278,0.02475,0.02541,0.02344,-55.54882,3364.00000
0.14677,0.15434,0.14348,0.14579,0.15302,0.14546,0.14381,0.14546,0.14612,0.14546,0.02179,0.02344,0.02080,0.02212,0.02376,-55.54882,3365.00000
0.14217,0.14381,0.14908,0.15072,0.14908,0.14776,0.14776,0.14250,0.14776,0.14710,0.02672,0.02080,0.02409,0.02409,0.02179,-55.70898,3366.00000
0.14809,0.14710,0.14283,0.15072,0.14842,0.14250,0.14612,0.13888,0.14546,0.14348,0.02080,0.02344,0.02245,0.02409,0.02771,-55.70898,3367.00000
0.14217,0.15467,0.15467,0.14842,0.14579,0.14414,0.14283,0.14447,0.14118,0.14513,0.02146,0.02146,0.02048,0.02015,0.02311,-56.02588,3368.00000
0.14546,0.14842,0.15072,0.14941,0.14579,0.14842,0.14677,0.14414,0.14250,0.14710,0.02212,0.02311,0.02574,0.02245,0.02278,-56.02588,3369.00000
0.14217,0.14809,0.14743,0.14612,0.14612,0.14908,0.14184,0.14250,0.14677,0.14348,0.02705,0.02080,0.02376,0.02278,0.02541,-56.62134,3370.00000
0.14743,0.15006,0.14414,0.14875,0.14908,0.14447,0.14612,0.14414,0.14612,0.14020,0.02179,0.02245,0.02212,0.02607,0.02409,-56.62134,3371.00000
0.14316,0.14546,0.14973,0.14809,0.14645,0.13987,0.14612,0.14612,0.14776,0.14546,0.02113,0.02376,0.02015,0.02442,0.02015,-55.79358,3372.00000
0.14283,0.14809,0.14546,0.14710,0.14776,0.14579,0.14612,0.14184,0.14513,0.14710,0.02278,0.02311,0.02015,0.02508,0.02409,-55.79358,3373.00000
0.14381,0.15039,0.14743,0.14743,0.14348,0.14348,0.14743,0.14052,0.14480,0.14381,0.02245,0.02015,0.02245,0.02048,0.02442,-55.79474,3374.00000
0.14579,0.14447,0.15006,0.14908,0.14776,0.13954,0.14348,0.14645,0.14842,0.14348,0.02113,0.02442,0.02376,0.02409,0.02344,-55.79474,3375.00000
0.15105,0.15204,0.14710,0.14414,0.15237,0.14480,0.14579,0.14645,0.14579,0.14513,0.02212,0.02409,0.01883,0.02179,0.02409,-55.63419,3376.00000
0.14743,0.14743,0.15269,0.15072,0.14381,0.14480,0.14480,0.15006,0.14348,0.14217,0.02146,0.02376,0.02179,0.01719,0.02015,-55.63419,3377.00000
0.14908,0.15368,0.14118,0.13987,0.14875,0.14710,0.14579,0.14941,0.14217,0.14612,0.02278,0.02278,0.02344,0.02442,0.02344,-55.33662,3378.00000
0.14677,0.14776,0.14612,0.15039,0.15269,0.14447,0.14908,0.14809,0.14414,0.14447,0.02409,0.02212,0.02311,0.02541,0.02574,-55.33662,3379.00000
0.14743,0.14513,0.14645,0.14546,0.14941,0.14645,0.14612,0.15204,0.14710,0.14776,0.02278,0.01982,0.02278,0.01949,0.02541,-54.84849,3380.00000
0.14875,0.14612,0.14941,0.14677,0.14710,0.14677,0.14414,0.14151,0.15072,0.14348,0.02311,0.02672,0.02344,0.01817,0.02113,-54.84849,3381.00000
0.14743,0.14020,0.14908,0.14316,0.14908,0.14381,0.14217,0.14184,0.14809,0.14283,0.02278,0.01883,0.02376,0.02475,0.02179,-54.47991,3382.00000
0.14546,0.14480,0.14612,0.14645,0.14480,0.14414,0.14546,0.14743,0.14283,0.14250,0.02311,0.02278,0.02179,0.02311,0.02311,-54.47991,3383.00000
0.14480,0.14941,0.14842,0.14809,0.14941,0.14151,0.14217,0.14250,0.14414,0.14513,0.02278,0.02146,0.02376,0.01982,0.01949,-54.42990,3384.00000
0.14546,0.14710,0.14579,0.14842,0.15039,0.14875,0.14645,0.14941,0.14480,0.14052,0.02048,0.02475,0.02409,0.02508,0.02541,-54.42990,3385.00000
0.14283,0.15302,0.14612,0.15105,0.14973,0.14645,0.14809,0.14908,0.14645,0.14645,0.02179,0.02179,0.02640,0.02278,0.02541,-54.21202,3386.00000
0.14908,0.14316,0.15105,0.14973,0.14151,0.14612,0.13954,0.14480,0.14480,0.14677,0.02113,0.02508,0.02311,0.02179,0.02311,-54.21202,3387.00000
0.15237,0.14677,0.15138,0.14941,0.14875,0.14710,0.14579,0.14316,0.14743,0.14151,0.02179,0.02311,0.02146,0.02475,0.02179,-54.03472,3388.00000
0.14809,0.14973,0.14546,0.14645,0.14776,0.14381,0.14348,0.14546,0.14908,0.14316,0.02113,0.02508,0.02574,0.02311,0.02048,-54.03472,3389.00000
0.14677,0.15006,0.14579,0.14875,0.15237,0.14283,0.14283,0.14973,0.14809,0.14776,0.01982,0.02508,0.02344,0.02541,0.02475,-53.72879,3390.00000
0.14776,0.14612,0.14447,0.14579,0.14645,0.14348,0.14677,0.14513,0.14677,0.14743,0.02245,0.02245,0.02245,0.02409,0.02541,-53.72879,3391.00000
0.14513,0.14546,0.15039,0.14184,0.14612,0.14546,0.14085,0.14546,0.14710,0.14579,0.02442,0.02311,0.02080,0.02475,0.02409,-53.12416,3392.00000
0.14710,0.14743,0.14645,0.14710,0.14348,0.14677,0.14250,0.14480,0.14348,0.14283,0.02376,0.02048,0.01883,0.02574,0.02212,-53.12416,3393.00000
0.15105,0.14875,0.14513,0.15204,0.14546,0.14513,0.14316,0.14250,0.14414,0.14513,0.02179,0.02475,0.02146,0.02212,0.02278,-52.43122,3394.00000
0.13855,0.15269,0.14776,0.14743,0.14941,0.14348,0.14710,0.14677,0.14085,0.14480,0.02344,0.02212,0.02409,0.02344,0.02212,-52.43122,3395.00000
0.14085,0.14776,0.15105,0.15105,0.14184,0.14480,0.14579,0.14217,0.14842,0.14381,0.02409,0.02048,0.02409,0.02015,0.02146,-51.21805,3396.00000
0.14513,0.14677,0.14842,0.14908,0.14414,0.14677,0.14645,0.14414,0.14546,0.14381,0.02015,0.02179,0.02409,0.02475,0.02080,-51.21805,3397.00000
0.14612,0.14414,0.14348,0.14941,0.14710,0.14348,0.14645,0.14645,0.14250,0.14316,0.02311,0.02311,0.02705,0.02475,0.02080,-50.91908,3398.00000
0.15631,0.14612,0.14283,0.15335,0.14546,0.14710,0.14677,0.14513,0.14677,0.14612,0.02640,0.01850,0.02640,0.02015,0.02048,-50.91908,3399.00000
0.15138,0.14250,0.14941,0.14513,0.14941,0.14546,0.14546,0.14414,0.14217,0.14677,0.01949,0.02179,0.02212,0.01949,0.02113,-51.69001,3400.00000
0.14776,0.14776,0.14743,0.14645,0.14513,0.14546,0.14513,0.14316,0.14085,0.14447,0.02080,0.02376,0.02311,0.02278,0.02409,-51.69001,3401.00000
0.14941,0.15237,0.14612,0.14776,0.14381,0.14414,0.14085,0.14480,0.14513,0.14118,0.01949,0.02146,0.02212,0.02212,0.02376,-52.70047,3402.00000
0.15138,0.14710,0.14513,0.15171,0.14776,0.15302,0.14809,0.14842,0.14447,0.15138,0.02278,0.02475,0.02672,0.02311,0.02080,-52.70047,3403.00000
0.14875,0.15105,0.14875,0.14579,0.14151,0.14645,0.14645,0.14579,0.14020,0.14546,0.01817,0.02278,0.02409,0.02113,0.02212,-54.40444,3404.00000
0.14908,0.14645,0.14809,0.14513,0.14546,0.14348,0.14118,0.13954,0.14217,0.14381,0.02475,0.02179,0.02442,0.02245,0.02311,-54.40444,3405.00000
0.14973,0.14645,0.14776,0.15302,0.14480,0.14677,0.14677,0.14447,0.14085,0.14283,0.02376,0.02278,0.02475,0.02278,0.02376,-53.73542,3406.00000
0.14710,0.14710,0.15072,0.14809,0.14677,0.14414,0.14020,0.14381,0.14546,0.14743,0.02376,0.02311,0.02048,0.02311,0.01784,-53.73542,3407.00000
0.15269,0.14677,0.14776,0.14743,0.14941,0.14743,0.14480,0.14348,0.13987,0.14151,0.02146,0.02344,0.02311,0.02409,0.02344,-54.52152,3408.00000
0.14776,0.14973,0.14743,0.14612,0.14348,0.14645,0.14316,0.14513,0.14579,0.14250,0.01982,0.02475,0.01916,0.02212,0.02344,-54.52152,3409.00000
0.14677,0.15138,0.14480,0.15006,0.14348,0.14414,0.14414,0.14612,0.14447,0.14710,0.02409,0.02344,0.02376,0.02344,0.02146,-54.32375,3410.00000
0.14447,0.14677,0.14809,0.15533,0.14612,0.14316,0.14480,0.14250,0.14645,0.14710,0.02048,0.02278,0.02574,0.02705,0.02278,-54.32375,3411.00000
0.15335,0.14612,0.14645,0.14645,0.15204,0.14612,0.14513,0.14085,0.14414,0.14217,0.01916,0.02311,0.02015,0.02475,0.02278,-54.66920,3412.00000
0.13888,0.14809,0.14677,0.14085,0.15171,0.14612,0.14513,0.14447,0.14414,0.14217,0.02245,0.02344,0.02146,0.02475,0.02311,-54.66920,3413.00000
0.14809,0.14875,0.14612,0.14743,0.15204,0.15072,0.14645,0.14052,0.14316,0.14020,0.01949,0.02212,0.02344,0.02080,0.02672,-54.67591,3414.00000
0.14414,0.15237,0.14973,0.15006,0.14151,0.13954,0.14513,0.14447,0.14447,0.14348,0.02048,0.02015,0.02475,0.02508,0.02409,-54.67591,3415.00000
0.14776,0.14710,0.14316,0.14612,0.14546,0.14579,0.14348,0.14776,0.14283,0.14842,0.02212,0.02212,0.02015,0.02245,0.02376,-55.14801,3416.00000
0.14414,0.15138,0.14677,0.14809,0.14513,0.14447,0.14743,0.14020,0.14052,0.13658,0.02574,0.02245,0.02278,0.02245,0.02179,-55.14801,3417.00000
0.15269,0.14710,0.15269,0.14381,0.14447,0.14710,0.14381,0.14283,0.14513,0.14677,0.02541,0.02245,0.01916,0.02015,0.02278,-54.87869,3418.00000
0.14743,0.14381,0.14677,0.14677,0.14645,0.14776,0.14316,0.14250,0.14513,0.14118,0.02311,0.02541,0.02278,0.02442,0.02541,-54.87869,3419.00000
0.14677,0.15631,0.14283,0.15072,0.15072,0.14842,0.14513,0.14348,0.14513,0.14316,0.02442,0.02311,0.02376,0.02409,0.02080,-55.79628,3420.00000
0.14579,0.15039,0.14579,0.15269,0.14645,0.14217,0.14316,0.14447,0.14250,0.14908,0.02640,0.02508,0.02048,0.02179,0.02146,-55.79628,3421.00000
0.13888,0.14908,0.14447,0.13987,0.15302,0.14480,0.14513,0.13954,0.14809,0.14316,0.02344,0.02376,0.02146,0.02113,0.02212,-55.96211,3422.00000
0.15204,0.15138,0.14513,0.14941,0.14941,0.14941,0.14513,0.14645,0.14776,0.14513,0.02311,0.02311,0.02311,0.02179,0.02442,-55.96211,3423.00000
0.14809,0.14875,0.15105,0.15269,0.14908,0.14645,0.14513,0.14546,0.14480,0.14743,0.02409,0.02245,0.02179,0.02080,0.02245,-55.75937,3424.00000
0.14743,0.13756,0.14776,0.14381,0.15204,0.14381,0.14645,0.14513,0.14677,0.14973,0.02245,0.02409,0.02278,0.02146,0.02508,-55.75937,3425.00000
0.15006,0.15006,0.14973,0.15105,0.14677,0.14316,0.14513,0.14710,0.14283,0.14710,0.02278,0.01982,0.02278,0.02607,0.02048,-55.48467,3426.00000
0.14645,0.15072,0.14809,0.15039,0.14645,0.14612,0.14546,0.14348,0.14941,0.14348,0.02245,0.02508,0.02146,0.02376,0.02245,-55.48467,3427.00000
0.14677,0.14710,0.14677,0.14710,0.14842,0.14381,0.14677,0.14842,0.14579,0.14184,0.02442,0.02475,0.02311,0.02311,0.02212,-55.84536,3428.00000
0.14480,0.14743,0.14348,0.14941,0.15269,0.14381,0.14217,0.14480,0.14480,0.14480,0.02179,0.02146,0.02442,0.02409,0.02442,-55.84536,3429.00000
0.15269,0.14842,0.14743,0.14348,0.14447,0.14414,0.14513,0.14941,0.14480,0.14875,0.02245,0.02442,0.02212,0.02048,0.02048,-55.31526,3430.00000
0.15631,0.14809,0.14776,0.14612,0.14809,0.14546,0.14447,0.14579,0.14480,0.14184,0.01817,0.02409,0.02113,0.02245,0.02409,-55.31526,3431.00000
0.14776,0.14579,0.14743,0.14710,0.14875,0.14612,0.14447,0.14809,0.14743,0.14677,0.02508,0.02705,0.02409,0.01554,0.02080,-55.28214,3432.00000
0.14908,0.14908,0.14875,0.15006,0.15204,0.14710,0.14612,0.14316,0.14645,0.14579,0.02409,0.02409,0.02409,0.02212,0.02048,-55.28214,3433.00000
0.15138,0.14348,0.15138,0.14151,0.14579,0.14842,0.14447,0.14546,0.14381,0.14612,0.02344,0.02015,0.02278,0.02344,0.02541,-54.83345,3434.00000
0.14941,0.14842,0.14677,0.15533,0.13789,0.14085,0.14447,0.15006,0.14513,0.14612,0.02212,0.02212,0.01883,0.01916,0.02344,-54.83345,3435.00000
0.14645,0.14842,0.14612,0.14612,0.14546,0.14447,0.14710,0.14612,0.14612,0.14546,0.02146,0.02442,0.02146,0.02311,0.02376,-54.60179,3436.00000
0.14217,0.14875,0.14908,0.14743,0.14842,0.14546,0.14447,0.14645,0.14546,0.14118,0.02409,0.02311,0.01949,0.02048,0.02738,-54.60179,3437.00000
0.15105,0.14447,0.14579,0.14677,0.14645,0.14085,0.14513,0.14283,0.14842,0.14250,0.02376,0.02311,0.02442,0.02245,0.02475,-54.52746,3438.00000
0.14875,0.13921,0.14710,0.15138,0.14513,0.14283,0.14414,0.14447,0.14414,0.14513,0.02048,0.02278,0.02245,0.02475,0.02015,-54.52746,3439.00000
0.14447,0.14908,0.14710,0.14842,0.14447,0.14085,0.14283,0.14250,0.14217,0.14710,0.02245,0.02541,0.02672,0.02574,0.02442,-54.17779,3440.00000
0.14645,0.15237,0.14776,0.14085,0.14809,0.14217,0.14546,0.14447,0.14480,0.14052,0.02048,0.02212,0.01949,0.02212,0.01949,-54.17779,3441.00000
0.13954,0.14283,0.14612,0.14217,0.15401,0.14414,0.14546,0.14447,0.14743,0.14085,0.02212,0.02048,0.02475,0.02705,0.02344,-53.96878,3442.00000
0.14546,0.14743,0.14316,0.15171,0.14743,0.14316,0.14217,0.14184,0.14414,0.14546,0.02475,0.02015,0.02508,0.02179,0.02311,-53.96878,3443.00000
0.14546,0.14052,0.14645,0.15302,0.14316,0.14348,0.14447,0.14513,0.14085,0.14447,0.02311,0.02508,0.02048,0.02409,0.02212,-54.63087,3444.00000
0.15006,0.14480,0.14973,0.14480,0.14645,0.14480,0.14579,0.14546,0.14118,0.14513,0.02245,0.02212,0.02311,0.02212,0.02442,-54.63087,3445.00000
0.14941,0.15138,0.14875,0.14743,0.14710,0.14809,0.14381,0.14612,0.14381,0.14546,0.02311,0.02245,0.02442,0.01916,0.02376,-54.38331,3446.00000
0.14908,0.14447,0.14579,0.15039,0.14480,0.14348,0.14908,0.14381,0.14809,0.14316,0.02442,0.02278,0.02640,0.02278,0.02048,-54.38331,3447.00000
0.14776,0.14908,0.14513,0.15006,0.14875,0.14546,0.14546,0.14579,0.14414,0.14184,0.02212,0.02113,0.02409,0.02738,0.02541,-55.63648,3448.00000
0.14480,0.14710,0.15006,0.14973,0.14151,0.14316,0.14381,0.14184,0.14809,0.13921,0.02541,0.02376,0.02212,0.02245,0.02344,-55.63648,3449.00000
0.14973,0.14414,0.15335,0.13789,0.14645,0.14710,0.14612,0.14381,0.14447,0.14085,0.02640,0.02179,0.02245,0.02607,0.02311,-55.82605,3450.00000
0.14118,0.15039,0.15006,0.14447,0.14381,0.14513,0.14480,0.14809,0.14612,0.14381,0.02146,0.02146,0.02113,0.02344,0.02409,-55.82605,3451.00000
0.14710,0.14217,0.14809,0.15105,0.14447,0.14579,0.14645,0.14316,0.14809,0.14579,0.02376,0.02015,0.02311,0.02409,0.02344,-55.27875,3452.00000
0.14612,0.14776,0.14743,0.14941,0.14710,0.14316,0.14381,0.14414,0.14579,0.14743,0.01982,0.02376,0.02278,0.02048,0.02344,-55.27875,3453.00000
0.15138,0.14414,0.14151,0.14908,0.14842,0.14020,0.13921,0.13987,0.14612,0.14579,0.02212,0.02212,0.02311,0.01982,0.02672,-55.66672,3454.00000
0.14908,0.14250,0.14546,0.14579,0.13954,0.14381,0.14710,0.13954,0.14480,0.14381,0.02113,0.02212,0.02541,0.02048,0.02015,-55.66672,3455.00000
0.14480,0.14217,0.14710,0.14973,0.14776,0.14283,0.14710,0.14677,0.14612,0.14184,0.02179,0.02442,0.02574,0.02508,0.02705,-55.70445,3456.00000
0.14513,0.15039,0.14973,0.14546,0.13987,0.14973,0.14283,0.14677,0.14052,0.14118,0.02376,0.02245,0.02607,0.01752,0.02179,-55.70445,3457.00000
0.15138,0.14710,0.14447,0.14842,0.14645,0.14283,0.14612,0.14151,0.14513,0.14217,0.02409,0.02245,0.02245,0.02541,0.02080,-55.65496,3458.00000
0.15006,0.15237,0.14875,0.14480,0.15302,0.14612,0.14579,0.14842,0.15039,0.14020,0.02475,0.01850,0.02607,0.02113,0.02508,-55.65496,3459.00000
0.14776,0.15072,0.14809,0.14480,0.14809,0.14381,0.14414,0.14546,0.14118,0.15006,0.02278,0.02508,0.02607,0.01653,0.02179,-55.67416,3460.00000
0.14579,0.14973,0.14908,0.14513,0.14908,0.14809,0.14316,0.14447,0.14151,0.14151,0.01949,0.01949,0.02311,0.02475,0.02179,-55.67416,3461.00000
0.14645,0.14118,0.14776,0.15072,0.14381,0.14447,0.14316,0.14743,0.14414,0.14414,0.02541,0.02311,0.01949,0.02015,0.02640,-55.14421,3462.00000
0.14743,0.14842,0.14710,0.14973,0.14645,0.14875,0.14677,0.14743,0.14447,0.14546,0.02771,0.02442,0.02311,0.02146,0.02311,-55.14421,3463.00000
0.14875,0.14875,0.13822,0.14612,0.14447,0.14348,0.14645,0.14513,0.14546,0.14151,0.01982,0.02705,0.02179,0.02278,0.01982,-55.34310,3464.00000
0.14776,0.14414,0.14743,0.15138,0.13888,0.14973,0.14612,0.14316,0.14348,0.14579,0.02311,0.01883,0.02179,0.02146,0.02376,-55.34310,3465.00000
0.14348,0.14217,0.13987,0.14743,0.14645,0.14612,0.14546,0.14316,0.13921,0.14381,0.02344,0.02080,0.02574,0.02048,0.02048,-55.29362,3466.00000
0.14381,0.14908,0.14743,0.15105,0.14677,0.14776,0.14743,0.14875,0.14283,0.14579,0.01982,0.02179,0.02409,0.02179,0.02442,-55.29362,3467.00000
0.14842,0.14776,0.14941,0.14645,0.15138,0.14513,0.14579,0.14645,0.14842,0.14513,0.02179,0.02311,0.02409,0.02475,0.02245,-54.80990,3468.00000
0.14414,0.14710,0.14513,0.14513,0.14414,0.14020,0.13987,0.14447,0.14677,0.14579,0.02278,0.02311,0.01949,0.02212,0.02245,-54.80990,3469.00000
0.14645,0.14546,0.14645,0.15269,0.14842,0.14052,0.14480,0.14217,0.14250,0.13987,0.02212,0.02705,0.02212,0.02245,0.02640,-54.63395,3470.00000
0.14809,0.14645,0.14842,0.14743,0.15204,0.14447,0.14908,0.14579,0.14414,0.14348,0.02080,0.02376,0.02508,0.02278,0.02344,-54.63395,3471.00000
0.14480,0.14809,0.14809,0.14908,0.14316,0.14677,0.14052,0.14184,0.14480,0.14316,0.02113,0.02738,0.02344,0.02475,0.02344,-54.73153,3472.00000
0.14546,0.14579,0.14612,0.14020,0.14118,0.14250,0.14973,0.14348,0.14348,0.14020,0.02409,0.02113,0.02607,0.02640,0.02376,-54.73153,3473.00000
0.14414,0.14316,0.14842,0.14645,0.14908,0.14480,0.14348,0.14645,0.14546,0.14776,0.02048,0.01883,0.02212,0.02048,0.02311,-55.16361,3474.00000
0.14809,0.15302,0.14710,0.14809,0.14513,0.14118,0.14513,0.14250,0.14184,0.14151,0.02278,0.02179,0.02541,0.02475,0.02080,-55.16361,3475.00000
0.14283,0.14612,0.14348,0.15467,0.14381,0.13822,0.14250,0.14217,0.14381,0.14513,0.02376,0.02376,0.02245,0.02376,0.02245,-55.08425,3476.00000
0.14447,0.14710,0.14677,0.15105,0.15006,0.14283,0.14513,0.14414,0.14480,0.14447,0.02574,0.02376,0.02409,0.02080,0.02212,-55.08425,3477.00000
0.14645,0.14875,0.15006,0.13987,0.14875,0.14875,0.14579,0.13954,0.14217,0.14579,0.02541,0.02048,0.02376,0.02409,0.02541,-55.13978,3478.00000
0.14513,0.14250,0.14546,0.14020,0.14842,0.14677,0.14677,0.14414,0.14579,0.14546,0.02015,0.02442,0.02344,0.01916,0.02738,-55.13978,3479.00000
0.14546,0.14085,0.14612,0.14546,0.15664,0.14579,0.14480,0.14052,0.14118,0.14973,0.02344,0.02048,0.02080,0.02409,0.02508,-55.37018,3480.00000
0.15237,0.14579,0.14875,0.14973,0.14348,0.15006,0.14776,0.14283,0.14612,0.14250,0.02409,0.02146,0.02376,0.02212,0.02311,-55.37018,3481.00000
0.14809,0.14217,0.14612,0.14710,0.14546,0.14085,0.14973,0.14316,0.14348,0.14546,0.02376,0.02607,0.02376,0.02179,0.02344,-52.29935,3482.00000
0.14908,0.14546,0.14414,0.15138,0.14908,0.14480,0.14316,0.14513,0.14513,0.14875,0.02113,0.02212,0.02179,0.02179,0.02179,-52.29935,3483.00000
0.14513,0.14546,0.15105,0.15171,0.14710,0.14677,0.14414,0.14020,0.14085,0.14250,0.02409,0.02212,0.02508,0.02146,0.02640,-49.77760,3484.00000
0.14579,0.14677,0.15105,0.14842,0.14710,0.14908,0.14250,0.14710,0.14151,0.14151,0.02245,0.02344,0.02048,0.02278,0.02672,-49.77760,3485.00000
0.14743,0.14513,0.14480,0.14513,0.14612,0.14710,0.13789,0.14612,0.14776,0.14151,0.02738,0.02179,0.02508,0.02442,0.02475,-50.36488,3486.00000
0.14743,0.14612,0.14875,0.14710,0.14908,0.14020,0.14184,0.14546,0.14316,0.14414,0.02409,0.02146,0.02245,0.02508,0.02113,-50.36488,3487.00000
0.14447,0.14743,0.14973,0.14414,0.14842,0.14480,0.14283,0.14612,0.14480,0.14776,0.02278,0.02245,0.02146,0.02376,0.02705,-52.22345,3488.00000
0.14677,0.14743,0.15072,0.14645,0.14809,0.14381,0.14184,0.14513,0.14579,0.14513,0.02146,0.02607,0.02113,0.02080,0.02048,-52.22345,3489.00000
0.14973,0.14316,0.14809,0.14250,0.14546,0.14250,0.14250,0.14875,0.14645,0.14480,0.02475,0.02475,0.02442,0.01850,0.02146,-53.17716,3490.00000
0.14612,0.14941,0.14776,0.14908,0.14776,0.14414,0.14381,0.14875,0.14250,0.14579,0.02705,0.02376,0.02146,0.02475,0.02212,-53.17716,3491.00000
0.14645,0.14348,0.14250,0.15039,0.14480,0.14612,0.14546,0.14710,0.14250,0.14480,0.02672,0.02541,0.02146,0.02541,0.02409,-54.14229,3492.00000
0.15204,0.14612,0.14710,0.14579,0.14085,0.14612,0.13855,0.14513,0.14184,0.14579,0.02146,0.02212,0.02212,0.02442,0.02146,-54.14229,3493.00000
0.15171,0.14118,0.14612,0.14184,0.14809,0.14480,0.14118,0.14480,0.14414,0.14776,0.02311,0.02048,0.02015,0.02541,0.02640,-54.23911,3494.00000
0.15006,0.14184,0.14447,0.14809,0.14414,0.14118,0.14513,0.14052,0.14414,0.14283,0.02442,0.02409,0.02212,0.02376,0.02409,-54.23911,3495.00000
0.14579,0.15006,0.15006,0.14908,0.14612,0.14348,0.14546,0.14348,0.14414,0.14414,0.02278,0.01883,0.02541,0.02574,0.02311,-55.40569,3496.00000
0.14217,0.14513,0.14579,0.15237,0.14480,0.14612,0.14283,0.14118,0.14447,0.14480,0.02245,0.02080,0.02048,0.02015,0.02475,-55.40569,3497.00000
0.14908,0.14250,0.14908,0.14579,0.15006,0.14348,0.14447,0.14348,0.14579,0.14743,0.02179,0.02113,0.01949,0.02376,0.02113,-55.13693,3498.00000
0.15039,0.14283,0.15006,0.14447,0.14546,0.14677,0.14184,0.13987,0.14184,0.14743,0.02278,0.02048,0.02508,0.02607,0.02146,-55.13693,3499.00000
0.14710,0.14677,0.14809,0.15039,0.14842,0.14348,0.14480,0.14316,0.14052,0.14743,0.02146,0.02508,0.02311,0.02442,0.02442,-55.66417,3500.00000
0.14710,0.14414,0.15204,0.14645,0.14842,0.14316,0.14743,0.14513,0.14546,0.14546,0.02278,0.02212,0.02080,0.02080,0.02475,-55.66417,3501.00000
0.15434,0.15105,0.14085,0.15598,0.15072,0.14217,0.14743,0.14118,0.14414,0.14480,0.02607,0.02245,0.01949,0.01883,0.02113,-56.89702,3502.00000
0.14842,0.14184,0.15237,0.14381,0.15171,0.14151,0.13822,0.14645,0.14480,0.14875,0.02442,0.02344,0.02212,0.02311,0.02311,-56.89702,3503.00000
0.14776,0.14217,0.15302,0.14052,0.14973,0.14118,0.14480,0.14250,0.14743,0.14645,0.02376,0.02212,0.02475,0.02179,0.02409,-56.61746,3504.00000
0.15105,0.14546,0.14941,0.14414,0.14908,0.14677,0.13987,0.14480,0.14283,0.14710,0.02344,0.02278,0.02311,0.02442,0.02179,-56.61746,3505.00000
0.15072,0.14710,0.14973,0.14316,0.15006,0.14579,0.14513,0.14020,0.14414,0.14513,0.02376,0.02245,0.02344,0.02212,0.02574,-55.61342,3506.00000
0.14612,0.14875,0.15006,0.15171,0.14348,0.14579,0.14480,0.13921,0.14546,0.14579,0.02508,0.02278,0.02344,0.02409,0.02080,-55.61342,3507.00000
0.15335,0.14776,0.14710,0.14546,0.14875,0.14579,0.14710,0.14579,0.14743,0.14546,0.02212,0.01982,0.02278,0.02179,0.02475,-56.81061,3508.00000
0.14941,0.14348,0.14973,0.14908,0.13888,0.14677,0.14809,0.14579,0.14381,0.14414,0.02245,0.02376,0.02278,0.02015,0.01949,-56.81061,3509.00000
0.14546,0.14941,0.14842,0.14447,0.15237,0.14710,0.14447,0.14348,0.14875,0.14381,0.02705,0.02278,0.02080,0.02837,0.01949,-56.17874,3510.00000
0.13855,0.14250,0.14118,0.14842,0.14579,0.14612,0.14447,0.14414,0.14645,0.14941,0.02442,0.02475,0.02442,0.02212,0.02344,-56.17874,3511.00000
0.14513,0.14250,0.14480,0.15039,0.14842,0.14348,0.14480,0.14414,0.14052,0.14579,0.02080,0.02179,0.02409,0.02245,0.02278,-55.75051,3512.00000
0.14447,0.14480,0.15006,0.15105,0.14513,0.14612,0.14480,0.14348,0.13921,0.14217,0.02475,0.02080,0.02245,0.02179,0.02311,-55.75051,3513.00000
0.14875,0.14217,0.15105,0.14710,0.14283,0.14677,0.14809,0.14283,0.14480,0.14085,0.02278,0.02409,0.02344,0.02113,0.02146,-55.14088,3514.00000
0.14513,0.14809,0.14743,0.14546,0.14250,0.14743,0.14447,0.14710,0.14217,0.14513,0.02541,0.01817,0.02113,0.02212,0.02179,-55.14088,3515.00000
0.14743,0.14941,0.15105,0.14842,0.14217,0.14184,0.14217,0.14579,0.14645,0.14414,0.02245,0.02344,0.02212,0.02146,0.02541,-54.55774,3516.00000
0.14776,0.15006,0.14414,0.14480,0.15006,0.14348,0.14743,0.14677,0.14677,0.15072,0.02113,0.02541,0.02245,0.02278,0.02442,-54.55774,3517.00000
0.14414,0.14809,0.14118,0.14546,0.14217,0.14250,0.14447,0.14052,0.14118,0.14348,0.02278,0.02179,0.02541,0.02607,0.02442,-54.64459,3518.00000
0.14546,0.15237,0.14151,0.14579,0.14414,0.14513,0.14283,0.13625,0.13921,0.14020,0.02442,0.02080,0.02311,0.02409,0.02080,-54.64459,3519.00000
0.15006,0.14875,0.14842,0.13987,0.15105,0.14381,0.14414,0.14710,0.14118,0.14480,0.02344,0.02344,0.02344,0.02442,0.02442,-55.00052,3520.00000
0.14645,0.15171,0.14414,0.15105,0.15105,0.14250,0.14381,0.14381,0.14776,0.14447,0.02212,0.02146,0.02508,0.01949,0.02672,-55.00052,3521.00000
0.14710,0.14348,0.14250,0.14842,0.14546,0.14348,0.14283,0.14348,0.14677,0.14348,0.02278,0.02113,0.02212,0.02080,0.02146,-55.31032,3522.00000
0.14776,0.14973,0.15237,0.14447,0.14612,0.14513,0.14875,0.14217,0.14283,0.14381,0.02574,0.02245,0.02245,0.02705,0.02475,-55.31032,3523.00000
0.14677,0.14348,0.14546,0.14316,0.14480,0.14710,0.14348,0.14283,0.14579,0.14579,0.02146,0.02311,0.02245,0.02376,0.01916,-55.35291,3524.00000
0.14546,0.13921,0.15467,0.14020,0.15006,0.14151,0.14217,0.14316,0.15006,0.14546,0.02344,0.02442,0.02080,0.01982,0.02245,-55.35291,3525.00000
0.14579,0.14645,0.14381,0.15138,0.14513,0.14513,0.14250,0.14612,0.14842,0.14513,0.02574,0.02080,0.02048,0.02376,0.02278,-55.59882,3526.00000
0.14842,0.14612,0.15072,0.15006,0.14546,0.14579,0.14020,0.14250,0.14612,0.14184,0.02376,0.02146,0.02344,0.02080,0.02376,-55.59882,3527.00000
0.15171,0.14842,0.14348,0.15006,0.14118,0.14546,0.14283,0.14842,0.14283,0.14381,0.02212,0.02475,0.02508,0.02344,0.02574,-55.82431,3528.00000
0.14480,0.14316,0.14875,0.14348,0.14414,0.14020,0.14480,0.14612,0.14348,0.13987,0.02179,0.02409,0.02311,0.02311,0.02015,-55.82431,3529.00000
0.14612,0.15105,0.15072,0.14480,0.14743,0.14677,0.14546,0.14283,0.14579,0.14447,0.02179,0.02376,0.02475,0.02179,0.02409,-55.88335,3530.00000
0.14743,0.14710,0.14710,0.15302,0.14348,0.14480,0.14316,0.14579,0.14184,0.14546,0.02179,0.01949,0.02245,0.02212,0.02048,-55.88335,3531.00000
0.15171,0.14447,0.14447,0.15039,0.14710,0.14447,0.14677,0.14842,0.14381,0.14579,0.02376,0.01949,0.02376,0.02409,0.02442,-55.64431,3532.00000
0.14414,0.15105,0.14645,0.15006,0.14316,0.14809,0.14283,0.14414,0.13987,0.14579,0.01883,0.02442,0.02179,0.02245,0.02475,-55.64431,3533.00000
0.14842,0.14184,0.14414,0.14875,0.14973,0.14020,0.14710,0.14283,0.14414,0.14677,0.02278,0.02278,0.02245,0.02245,0.02080,-55.54188,3534.00000
0.14579,0.15434,0.14447,0.14677,0.14579,0.14480,0.14579,0.14546,0.14348,0.14151,0.01784,0.02409,0.02409,0.02080,0.01817,-55.54188,3535.00000
0.15105,0.14743,0.14480,0.15105,0.15467,0.14645,0.15072,0.14710,0.14612,0.14875,0.02311,0.02344,0.02212,0.01916,0.02212,-55.10248,3536.00000
0.15138,0.14414,0.15072,0.15138,0.15006,0.14579,0.14348,0.14480,0.14612,0.14184,0.02146,0.02640,0.02015,0.02409,0.02015,-55.10248,3537.00000
0.14842,0.14513,0.15171,0.14283,0.14809,0.14184,0.14348,0.14447,0.14118,0.14217,0.02376,0.02475,0.02015,0.02607,0.02574,-55.09519,3538.00000
0.14414,0.14941,0.14908,0.14941,0.14908,0.14809,0.14414,0.13921,0.14020,0.14316,0.02541,0.02179,0.02344,0.02475,0.02508,-55.09519,3539.00000
0.15039,0.13921,0.14546,0.14677,0.14513,0.14842,0.14447,0.14546,0.14677,0.14414,0.02311,0.02475,0.02113,0.02640,0.02212,-55.05004,3540.00000
0.15204,0.14677,0.14118,0.14677,0.14842,0.14776,0.14579,0.14381,0.14217,0.14546,0.02278,0.02344,0.02015,0.02344,0.02179,-55.05004,3541.00000
0.14842,0.14776,0.14710,0.14677,0.14743,0.14908,0.14579,0.14118,0.14052,0.14513,0.02212,0.02344,0.01916,0.02475,0.01982,-55.49621,3542.00000
0.14480,0.14513,0.14677,0.14710,0.14710,0.14414,0.14348,0.14316,0.14250,0.14414,0.02508,0.02311,0.02508,0.01982,0.02212,-55.49621,3543.00000
0.15105,0.14348,0.15335,0.14546,0.14579,0.14513,0.14612,0.14809,0.14020,0.14645,0.02475,0.02475,0.02015,0.02442,0.01949,-54.82330,3544.00000
0.14513,0.14677,0.15171,0.14348,0.14941,0.14480,0.14184,0.14217,0.14546,0.14908,0.02475,0.01982,0.02212,0.02146,0.02311,-54.82330,3545.00000
0.15138,0.14579,0.15269,0.14809,0.15171,0.14348,0.14283,0.14875,0.14348,0.14809,0.02113,0.02146,0.01982,0.02080,0.02212,-53.86185,3546.00000
0.14743,0.14842,0.14085,0.14908,0.15368,0.14710,0.14579,0.14184,0.14414,0.14447,0.02442,0.02212,0.02344,0.01982,0.02640,-53.86185,3547.00000
0.14710,0.14612,0.14710,0.14381,0.14776,0.14447,0.14776,0.14645,0.14020,0.14546,0.02475,0.02212,0.02245,0.02442,0.02311,-54.75563,3548.00000
0.14513,0.15072,0.14546,0.14480,0.14381,0.13789,0.14875,0.14546,0.14677,0.14776,0.02212,0.02311,0.02113,0.02640,0.02344,-54.75563,3549.00000
0.14612,0.15072,0.14776,0.15269,0.14908,0.14579,0.14645,0.14151,0.14710,0.14546,0.02245,0.02541,0.02113,0.02442,0.02409,-54.10633,3550.00000
0.14612,0.14875,0.15006,0.15500,0.14513,0.15039,0.14546,0.14381,0.14612,0.14546,0.02146,0.02508,0.02574,0.01916,0.01883,-54.10633,3551.00000
0.14908,0.14546,0.14612,0.15368,0.15302,0.15072,0.14447,0.14710,0.14743,0.14875,0.02113,0.02311,0.02607,0.02212,0.02376,-54.99994,3552.00000
0.14842,0.14414,0.14743,0.15237,0.15269,0.14710,0.14579,0.14447,0.14316,0.14414,0.01883,0.02672,0.02179,0.02409,0.02344,-54.99994,3553.00000
0.14546,0.14645,0.15171,0.14743,0.14579,0.14250,0.14052,0.14414,0.14184,0.14151,0.02113,0.02475,0.02376,0.02146,0.01784,-55.91794,3554.00000
0.14612,0.14316,0.14645,0.14316,0.14809,0.14020,0.14579,0.14316,0.14381,0.14743,0.02146,0.02672,0.02442,0.02442,0.02212,-55.91794,3555.00000
0.14118,0.14645,0.14875,0.14381,0.14513,0.14414,0.14579,0.14743,0.14184,0.14842,0.02179,0.02080,0.02541,0.02409,0.02179,-55.81053,3556.00000
0.14447,0.14941,0.14316,0.14579,0.14809,0.14316,0.14381,0.14348,0.14316,0.14085,0.02146,0.02212,0.02245,0.01850,0.02048,-55.81053,3557.00000
0.14875,0.14710,0.14710,0.14118,0.14973,0.14414,0.14546,0.14217,0.14052,0.14020,0.02541,0.02376,0.02278,0.02376,0.02804,-56.41845,3558.00000
0.14842,0.14809,0.14973,0.14743,0.15105,0.14513,0.14612,0.14283,0.14414,0.14645,0.02212,0.02080,0.02442,0.02278,0.02048,-56.41845,3559.00000
0.14513,0.14348,0.14612,0.14480,0.14710,0.14677,0.14513,0.14381,0.14776,0.14513,0.02541,0.02245,0.01982,0.02212,0.02344,-56.51733,3560.00000
0.15105,0.14283,0.15006,0.14710,0.14612,0.14447,0.14645,0.13855,0.14283,0.14381,0.02278,0.02311,0.02574,0.02245,0.02344,-56.51733,3561.00000
0.14875,0.14842,0.14809,0.14743,0.14809,0.14414,0.14447,0.14316,0.14381,0.13954,0.02212,0.02574,0.02475,0.02113,0.02607,-55.91980,3562.00000
0.15039,0.14020,0.14710,0.14579,0.14546,0.14250,0.14908,0.14546,0.14381,0.14283,0.02146,0.02212,0.02475,0.02245,0.02442,-55.91980,3563.00000
0.14776,0.13855,0.14941,0.14710,0.15072,0.14348,0.14677,0.14348,0.14283,0.14217,0.02245,0.02376,0.02574,0.02245,0.02278,-55.02045,3564.00000
0.14579,0.15138,0.14973,0.14085,0.15105,0.14908,0.14250,0.14480,0.14645,0.14250,0.02179,0.02376,0.02475,0.02311,0.02212,-55.02045,3565.00000
0.14743,0.14447,0.14118,0.14546,0.14612,0.14348,0.14710,0.14546,0.14217,0.14184,0.02245,0.01719,0.02376,0.02080,0.02541,-55.11276,3566.00000
0.14941,0.14546,0.14743,0.14710,0.14677,0.14217,0.14546,0.14316,0.14645,0.14579,0.02278,0.02574,0.02212,0.02672,0.02212,-55.11276,3567.00000
0.14677,0.14381,0.15006,0.14710,0.14908,0.14250,0.14809,0.13987,0.13921,0.14579,0.02311,0.02442,0.02015,0.02442,0.02179,-54.16771,3568.00000
0.14941,0.14283,0.14677,0.14381,0.14612,0.14348,0.14414,0.14283,0.14447,0.14743,0.02278,0.02574,0.02179,0.02475,0.02212,-54.16771,3569.00000
0.15598,0.14414,0.14546,0.14645,0.14612,0.14381,0.14908,0.14546,0.14546,0.14151,0.02278,0.02376,0.02344,0.02015,0.02278,-54.08337,3570.00000
0.14776,0.15039,0.14776,0.14579,0.14645,0.14283,0.14381,0.14546,0.14710,0.14776,0.02409,0.02146,0.02574,0.02475,0.02146,-54.08337,3571.00000
0.14381,0.14677,0.15368,0.14381,0.14480,0.14480,0.14348,0.13987,0.13789,0.13855,0.02278,0.02146,0.02607,0.01982,0.02442,-54.10467,3572.00000
0.14776,0.14809,0.14908,0.14513,0.15302,0.14348,0.14579,0.14645,0.14151,0.14513,0.02672,0.02113,0.02278,0.02376,0.02212,-54.10467,3573.00000
0.14612,0.14612,0.14480,0.14677,0.14710,0.14677,0.14020,0.14381,0.14480,0.14217,0.02179,0.02442,0.02080,0.02278,0.02113,-54.09335,3574.00000
0.14381,0.15039,0.14645,0.14283,0.14283,0.14085,0.14052,0.14809,0.14381,0.14809,0.02278,0.02179,0.02212,0.02442,0.02475,-54.09335,3575.00000
0.14513,0.14743,0.14414,0.15138,0.13987,0.14184,0.14381,0.14085,0.14579,0.14381,0.02048,0.02409,0.02113,0.02245,0.02048,-53.92412,3576.00000
0.14710,0.14480,0.14645,0.14743,0.14776,0.14381,0.14184,0.14710,0.14513,0.14414,0.02475,0.02015,0.02376,0.02278,0.02245,-53.92412,3577.00000
0.14546,0.14776,0.14052,0.14414,0.14710,0.14743,0.14809,0.14052,0.14480,0.14250,0.02376,0.01982,0.02146,0.02015,0.02146,-54.20083,3578.00000
0.14875,0.14579,0.14480,0.14677,0.14348,0.14875,0.14381,0.14677,0.14184,0.14546,0.02607,0.02048,0.02113,0.02475,0.02179,-54.20083,3579.00000
0.14842,0.14414,0.14710,0.15171,0.15072,0.14645,0.14612,0.14809,0.14250,0.14151,0.02311,0.02179,0.02179,0.02048,0.02541,-54.20491,3580.00000
0.15039,0.14348,0.13789,0.14052,0.15302,0.14513,0.14710,0.14743,0.14184,0.14579,0.02311,0.02344,0.02179,0.02212,0.02640,-54.20491,3581.00000
0.14612,0.14283,0.14348,0.14677,0.15006,0.14710,0.14348,0.14348,0.14776,0.14875,0.02179,0.02442,0.02574,0.02015,0.02015,-54.49015,3582.00000
0.14184,0.14842,0.14118,0.14447,0.14710,0.14447,0.14381,0.14645,0.14348,0.14348,0.02212,0.02311,0.02080,0.01982,0.02048,-54.49015,3583.00000
0.14809,0.14085,0.14710,0.14743,0.14513,0.14809,0.14447,0.13954,0.14020,0.14513,0.02376,0.02475,0.02015,0.02048,0.02442,-55.13082,3584.00000
0.14612,0.14480,0.14480,0.14447,0.14776,0.14710,0.14381,0.14809,0.15105,0.14677,0.02179,0.02212,0.02311,0.02212,0.02607,-55.13082,3585.00000
0.14710,0.14381,0.14612,0.14316,0.15269,0.14677,0.14250,0.14776,0.14645,0.14612,0.02278,0.02311,0.02344,0.01916,0.02048,-55.06541,3586.00000
0.14908,0.15072,0.14283,0.14743,0.14677,0.14316,0.14316,0.14809,0.14612,0.14151,0.02113,0.02146,0.02409,0.02212,0.02113,-55.06541,3587.00000
0.14941,0.14645,0.14480,0.14414,0.14513,0.14809,0.14743,0.14414,0.14546,0.14480,0.02574,0.02212,0.02146,0.02212,0.02475,-55.41845,3588.00000
0.14677,0.15105,0.14348,0.14546,0.14645,0.14283,0.13987,0.14085,0.13921,0.14250,0.02442,0.02080,0.02541,0.02409,0.02179,-55.41845,3589.00000
0.14612,0.15171,0.13559,0.14908,0.14677,0.14645,0.14316,0.14283,0.14546,0.14085,0.01686,0.02344,0.02278,0.02179,0.02311,-55.96362,3590.00000
0.14414,0.14842,0.14809,0.14579,0.14480,0.14513,0.14546,0.13987,0.14151,0.14381,0.02541,0.02409,0.02212,0.02212,0.02311,-55.96362,3591.00000
0.14480,0.14381,0.15138,0.14579,0.14381,0.14316,0.14283,0.14875,0.14513,0.14480,0.02442,0.02212,0.02376,0.02245,0.02146,-55.58679,3592.00000
0.14875,0.14414,0.15039,0.14612,0.14908,0.14513,0.14447,0.14677,0.14316,0.14250,0.02048,0.02146,0.02113,0.02738,0.02080,-55.58679,3593.00000
0.15500,0.14710,0.14710,0.14842,0.14513,0.14513,0.14414,0.14776,0.14546,0.14579,0.02080,0.02080,0.02508,0.02409,0.02409,-56.04291,3594.00000
0.14612,0.15138,0.14710,0.14579,0.14941,0.14710,0.14381,0.14776,0.14546,0.14348,0.02409,0.02607,0.02179,0.02080,0.02311,-56.04291,3595.00000
0.14381,0.15237,0.14250,0.14579,0.15335,0.14283,0.14348,0.14513,0.14217,0.15105,0.02376,0.02705,0.02508,0.02442,0.02442,-55.87057,3596.00000
0.14414,0.14973,0.15039,0.15302,0.14348,0.14217,0.14283,0.14743,0.14316,0.14118,0.02278,0.02278,0.02080,0.02344,0.02245,-55.87057,3597.00000
0.14875,0.14447,0.15237,0.14612,0.15335,0.14513,0.14480,0.14776,0.14809,0.14085,0.02376,0.02475,0.02146,0.02442,0.02771,-55.59642,3598.00000
0.14480,0.14710,0.14513,0.14447,0.15302,0.14908,0.14677,0.14710,0.14381,0.14941,0.02080,0.02113,0.02541,0.02574,0.02311,-55.59642,3599.00000
0.14283,0.14645,0.14612,0.14316,0.14513,0.14250,0.14283,0.14414,0.14677,0.14381,0.02409,0.02344,0.02311,0.02048,0.02475,-55.02477,3600.00000
0.14414,0.14809,0.14776,0.15533,0.13724,0.14348,0.14612,0.14513,0.14414,0.14283,0.02409,0.01883,0.02048,0.02146,0.02409,-55.02477,3601.00000
0.14316,0.14842,0.14348,0.14677,0.14052,0.14513,0.14677,0.14842,0.14513,0.14151,0.02541,0.02146,0.02409,0.02442,0.02278,-54.63885,3602.00000
0.14941,0.14447,0.14908,0.14809,0.13954,0.14283,0.14776,0.14579,0.14052,0.13987,0.02344,0.02344,0.02080,0.01949,0.02311,-54.63885,3603.00000
0.14579,0.14908,0.14645,0.14316,0.14513,0.14414,0.14710,0.14217,0.14250,0.14513,0.02048,0.02738,0.02146,0.02179,0.02607,-54.57528,3604.00000
0.14579,0.15006,0.14710,0.14579,0.14579,0.14283,0.14513,0.14546,0.14776,0.14546,0.02508,0.02015,0.02541,0.02344,0.02344,-54.57528,3605.00000
0.14118,0.14316,0.14677,0.14809,0.14677,0.14513,0.13855,0.13954,0.14283,0.14447,0.02409,0.01916,0.02015,0.02475,0.02376,-54.68754,3606.00000
0.14842,0.14513,0.14908,0.15072,0.14381,0.14381,0.14645,0.14348,0.14283,0.14546,0.02409,0.02344,0.02278,0.02113,0.02376,-54.68754,3607.00000
0.14579,0.14414,0.15335,0.14776,0.14710,0.14348,0.14645,0.14283,0.15105,0.14151,0.02245,0.02179,0.02245,0.02015,0.02442,-55.09280,3608.00000
0.14612,0.14677,0.14842,0.14842,0.14776,0.14710,0.14217,0.14316,0.14381,0.14710,0.02475,0.02344,0.02212,0.02311,0.02541,-55.09280,3609.00000
0.14875,0.14052,0.14875,0.14842,0.14710,0.14283,0.13789,0.14085,0.14085,0.14316,0.01982,0.01982,0.01916,0.02442,0.02179,-55.63234,3610.00000
0.14085,0.14776,0.14645,0.14677,0.14710,0.14743,0.14414,0.14020,0.14513,0.14184,0.02508,0.02442,0.02113,0.02344,0.02508,-55.63234,3611.00000
0.14118,0.14612,0.14743,0.14348,0.14645,0.13822,0.14875,0.14283,0.14579,0.14414,0.02771,0.02278,0.02146,0.02212,0.02376,-55.25269,3612.00000
0.14283,0.14085,0.14908,0.14973,0.13987,0.14447,0.14283,0.14513,0.14447,0.14020,0.02409,0.02409,0.02344,0.02376,0.02113,-55.25269,3613.00000
0.14480,0.14513,0.14085,0.14842,0.14875,0.14348,0.14645,0.14085,0.14283,0.14217,0.01982,0.02146,0.02146,0.02442,0.02212,-55.57068,3614.00000
0.14118,0.15434,0.13987,0.14710,0.14480,0.14184,0.14414,0.13987,0.14020,0.14348,0.02113,0.02475,0.02113,0.02212,0.02278,-55.57068,3615.00000
0.14283,0.14743,0.14579,0.14973,0.14381,0.14447,0.14020,0.14645,0.14414,0.14283,0.02344,0.02278,0.02146,0.02146,0.02080,-55.48065,3616.00000
0.14776,0.14513,0.14085,0.14809,0.14776,0.14348,0.14217,0.14283,0.14348,0.14217,0.02376,0.02146,0.02508,0.02278,0.02344,-55.48065,3617.00000
0.14316,0.15072,0.13954,0.14348,0.14546,0.14546,0.14447,0.14842,0.14217,0.15138,0.02607,0.02607,0.02376,0.02409,0.02146,-55.61386,3618.00000
0.14973,0.14645,0.14875,0.14842,0.14316,0.14348,0.14579,0.14381,0.14645,0.14217,0.02607,0.02607,0.02409,0.02311,0.02409,-55.61386,3619.00000
0.14875,0.15171,0.14480,0.14381,0.14842,0.14513,0.14316,0.14118,0.14612,0.14283,0.02113,0.02344,0.02311,0.02344,0.02409,-55.81230,3620.00000
0.15072,0.15237,0.14743,0.14546,0.14579,0.14579,0.14480,0.14381,0.13921,0.14612,0.02672,0.02311,0.02475,0.02212,0.02376,-55.81230,3621.00000
0.14677,0.14941,0.14447,0.14283,0.14743,0.14875,0.14348,0.14710,0.14480,0.14546,0.02080,0.02607,0.01916,0.02113,0.01949,-56.17764,3622.00000
0.14776,0.14480,0.14283,0.14875,0.15105,0.14348,0.14118,0.14677,0.14250,0.14447,0.02245,0.02212,0.02409,0.02705,0.02015,-56.17764,3623.00000
0.14612,0.14414,0.14743,0.14776,0.14118,0.13888,0.14217,0.14908,0.14743,0.14612,0.01916,0.02113,0.02212,0.02179,0.02278,-55.55952,3624.00000
0.14941,0.15171,0.14513,0.15039,0.15039,0.14546,0.14250,0.14348,0.14151,0.14677,0.02508,0.02607,0.02146,0.02245,0.02376,-55.55952,3625.00000
0.15006,0.15861,0.15006,0.14710,0.14283,0.14316,0.14809,0.14283,0.14546,0.14217,0.02574,0.02212,0.02278,0.02146,0.02311,-55.65818,3626.00000
0.14480,0.14052,0.14809,0.15072,0.14776,0.14743,0.14776,0.14447,0.14283,0.14480,0.02409,0.02113,0.02409,0.02311,0.02409,-55.65818,3627.00000
0.15171,0.14743,0.14743,0.14710,0.14546,0.14612,0.14348,0.14941,0.14645,0.14546,0.02113,0.02212,0.02278,0.02015,0.02409,-54.65526,3628.00000
0.14842,0.14348,0.14316,0.14546,0.14480,0.14447,0.14316,0.14579,0.14480,0.14414,0.02475,0.02442,0.02607,0.02311,0.02442,-54.65526,3629.00000
0.14612,0.14546,0.15138,0.13822,0.14677,0.14447,0.14645,0.14316,0.14480,0.14118,0.02311,0.02442,0.02245,0.02278,0.02015,-55.16943,3630.00000
0.14348,0.15269,0.14645,0.14480,0.14316,0.14447,0.14052,0.14414,0.14414,0.13592,0.02475,0.02146,0.02080,0.02179,0.02146,-55.16943,3631.00000
0.14447,0.14513,0.14217,0.14250,0.14743,0.14579,0.14579,0.14480,0.14513,0.14020,0.02179,0.02804,0.02146,0.02311,0.02508,-54.37426,3632.00000
0.15401,0.14118,0.14776,0.14908,0.15039,0.14414,0.14480,0.14579,0.14677,0.14151,0.02442,0.02179,0.02212,0.02705,0.02409,-54.37426,3633.00000
0.14480,0.15105,0.14809,0.14842,0.14546,0.14381,0.14118,0.14283,0.14645,0.14546,0.02376,0.01784,0.02640,0.02146,0.02541,-55.27795,3634.00000
0.15039,0.14348,0.15105,0.14447,0.14710,0.14184,0.14645,0.14316,0.14184,0.14118,0.02245,0.02146,0.02837,0.02245,0.02113,-55.27795,3635.00000
0.15204,0.14414,0.14085,0.14842,0.14283,0.14645,0.14480,0.13987,0.14546,0.15105,0.02508,0.02278,0.02344,0.02179,0.02179,-55.96173,3636.00000
0.15138,0.14776,0.14941,0.14809,0.14217,0.14546,0.14480,0.14579,0.14316,0.14447,0.02278,0.02278,0.02409,0.02541,0.02048,-55.96173,3637.00000
0.14809,0.14612,0.14513,0.13756,0.14908,0.14118,0.14283,0.14250,0.14381,0.14546,0.02278,0.02245,0.02442,0.02344,0.01719,-55.46866,3638.00000
0.14645,0.14447,0.14645,0.14743,0.14447,0.14480,0.14612,0.14480,0.14546,0.14447,0.02080,0.02212,0.02212,0.02311,0.02376,-55.46866,3639.00000
0.15006,0.14480,0.14645,0.14348,0.14743,0.14118,0.14184,0.14052,0.14809,0.14743,0.02278,0.02344,0.02475,0.02640,0.02179,-55.52241,3640.00000
0.14250,0.15204,0.14776,0.14546,0.13855,0.14842,0.14710,0.14513,0.14348,0.14809,0.02048,0.02048,0.02015,0.02508,0.01949,-55.52241,3641.00000
0.14809,0.15237,0.13954,0.14612,0.15006,0.14052,0.14447,0.14217,0.14381,0.13987,0.02409,0.02475,0.02607,0.02278,0.02442,-55.19285,3642.00000
0.15237,0.14743,0.14414,0.14414,0.14579,0.14348,0.14513,0.14283,0.14480,0.14283,0.02278,0.02409,0.02804,0.02541,0.02508,-55.19285,3643.00000
0.14612,0.14677,0.14085,0.14645,0.14941,0.14151,0.14414,0.14447,0.14743,0.14151,0.02344,0.02048,0.02245,0.02442,0.02048,-55.26976,3644.00000
0.14151,0.15565,0.14316,0.14809,0.14513,0.14447,0.14184,0.14480,0.14184,0.14052,0.02278,0.02311,0.02409,0.02409,0.02672,-55.26976,3645.00000
0.14973,0.14941,0.14612,0.14875,0.14151,0.14020,0.13888,0.13987,0.14217,0.14020,0.02376,0.02607,0.02245,0.02574,0.02607,-54.77355,3646.00000
0.15072,0.14579,0.14645,0.14579,0.14908,0.14546,0.14283,0.13987,0.13855,0.14283,0.02574,0.02278,0.02968,0.02771,0.02376,-54.77355,3647.00000
0.14677,0.14381,0.14645,0.14776,0.14776,0.14085,0.14283,0.14579,0.14118,0.14645,0.02376,0.02541,0.02475,0.02475,0.02179,-55.43121,3648.00000
0.15401,0.14612,0.14052,0.14480,0.14414,0.14020,0.14250,0.14480,0.14085,0.14579,0.02278,0.02640,0.02311,0.02475,0.02344,-55.43121,3649.00000
0.13954,0.14842,0.14612,0.14414,0.14184,0.14085,0.14612,0.14151,0.14513,0.14348,0.02442,0.02376,0.02245,0.02146,0.02080,-55.70389,3650.00000
0.14316,0.14316,0.14579,0.14250,0.14941,0.14414,0.14348,0.14513,0.14480,0.13921,0.02245,0.02179,0.02278,0.02508,0.02212,-55.70389,3651.00000
0.14612,0.13954,0.14645,0.14414,0.15204,0.14677,0.14020,0.14677,0.14513,0.14052,0.02179,0.02442,0.02475,0.02508,0.02640,-54.92470,3652.00000
0.14316,0.14579,0.14546,0.14842,0.14348,0.14677,0.14645,0.14677,0.14480,0.14546,0.01850,0.02344,0.02146,0.02113,0.02179,-54.92470,3653.00000
0.14381,0.14776,0.14612,0.14875,0.14447,0.14250,0.13921,0.14283,0.14414,0.14184,0.02311,0.02048,0.02311,0.02080,0.02640,-55.62641,3654.00000
0.14480,0.14776,0.13822,0.14447,0.14579,0.14513,0.14250,0.14348,0.14908,0.14710,0.02574,0.02541,0.02574,0.02607,0.02278,-55.62641,3655.00000
0.14941,0.14743,0.14546,0.14645,0.14480,0.14348,0.13855,0.14677,0.14612,0.14513,0.02146,0.02541,0.02113,0.01949,0.02179,-55.61594,3656.00000
0.14283,0.14579,0.14085,0.14612,0.14546,0.14513,0.14677,0.14381,0.14414,0.14085,0.02278,0.02804,0.02146,0.03034,0.02475,-55.61594,3657.00000
0.14217,0.14546,0.14809,0.14743,0.14381,0.14316,0.14677,0.14316,0.14513,0.14546,0.02080,0.02080,0.02508,0.01982,0.02409,-56.46031,3658.00000
0.14085,0.14875,0.14809,0.14842,0.14809,0.14612,0.14184,0.14316,0.14283,0.14513,0.02442,0.02179,0.02278,0.02705,0.02311,-56.46031,3659.00000
0.14612,0.13954,0.14941,0.14020,0.15006,0.14381,0.14546,0.14546,0.14842,0.14447,0.02376,0.02376,0.02442,0.02048,0.02541,-56.32342,3660.00000
0.14776,0.14546,0.15039,0.14973,0.14579,0.14250,0.14612,0.14052,0.14480,0.14381,0.02376,0.02113,0.02508,0.02113,0.02344,-56.32342,3661.00000
0.15039,0.13987,0.14612,0.14776,0.14381,0.14217,0.14316,0.14381,0.14480,0.14710,0.02048,0.02672,0.01916,0.02245,0.02212,-55.68368,3662.00000
0.14414,0.14480,0.14743,0.15171,0.14316,0.14316,0.14118,0.14579,0.14414,0.14513,0.02344,0.02179,0.02311,0.02311,0.02015,-55.68368,3663.00000
0.15467,0.14875,0.14710,0.13987,0.14941,0.14414,0.14743,0.14414,0.14480,0.14447,0.02311,0.02409,0.02508,0.02475,0.02541,-55.59819,3664.00000
0.14710,0.14217,0.14151,0.14546,0.14579,0.14579,0.14546,0.14118,0.14513,0.14250,0.02705,0.02179,0.02344,0.02113,0.02311,-55.59819,3665.00000
0.14908,0.14546,0.14085,0.15269,0.14875,0.14645,0.14348,0.14447,0.14316,0.14447,0.02409,0.01784,0.02048,0.02640,0.02475,-55.74343,3666.00000
0.14085,0.14414,0.14809,0.15006,0.14184,0.14546,0.14776,0.14710,0.14480,0.14348,0.02574,0.02212,0.02475,0.02574,0.02146,-55.74343,3667.00000
0.14612,0.15039,0.14447,0.14710,0.14677,0.14184,0.14118,0.14447,0.14710,0.14250,0.02113,0.01982,0.02278,0.02541,0.02212,-55.73060,3668.00000
0.14250,0.14085,0.14250,0.14348,0.14546,0.14020,0.14480,0.14447,0.14217,0.14645,0.02113,0.02015,0.02113,0.02048,0.02574,-55.73060,3669.00000
0.14480,0.14743,0.14480,0.14677,0.15039,0.14381,0.13789,0.14546,0.14447,0.14316,0.02475,0.02212,0.02409,0.02442,0.01653,-55.72907,3670.00000
0.14875,0.14710,0.14612,0.14710,0.14414,0.14052,0.13987,0.14677,0.14250,0.14118,0.02179,0.02376,0.02212,0.01686,0.02113,-55.72907,3671.00000
0.13888,0.14447,0.15105,0.14348,0.14283,0.14447,0.14809,0.14546,0.14809,0.14020,0.02442,0.02344,0.02278,0.02442,0.02442,-56.35330,3672.00000
0.14513,0.14283,0.14677,0.14283,0.14677,0.14348,0.14085,0.14381,0.14348,0.14085,0.02344,0.02212,0.01949,0.02376,0.02311,-56.35330,3673.00000
0.14316,0.14316,0.14809,0.14414,0.13954,0.14184,0.14151,0.14480,0.14414,0.14283,0.02376,0.02705,0.02837,0.02409,0.02574,-56.14540,3674.00000
0.14480,0.14645,0.14776,0.13954,0.14612,0.14480,0.14447,0.14480,0.14447,0.14414,0.02311,0.02146,0.02245,0.02508,0.02212,-56.14540,3675.00000
0.14381,0.14677,0.14908,0.14447,0.14776,0.14217,0.13921,0.14316,0.14085,0.14250,0.02278,0.02245,0.02113,0.02048,0.02409,-55.63862,3676.00000
0.14217,0.15072,0.14546,0.14151,0.14085,0.14677,0.14184,0.14283,0.14348,0.13954,0.02607,0.02113,0.02212,0.02113,0.02442,-55.63862,3677.00000
0.14513,0.15006,0.14414,0.15006,0.14842,0.14480,0.14414,0.14381,0.14414,0.14085,0.02311,0.02179,0.02113,0.02212,0.02409,-55.84177,3678.00000
0.14546,0.14381,0.15006,0.14414,0.14776,0.14513,0.14316,0.14513,0.13987,0.14941,0.02409,0.02245,0.02245,0.02146,0.01949,-55.84177,3679.00000
0.14250,0.14809,0.14579,0.14776,0.14941,0.14217,0.14348,0.14447,0.14184,0.14118,0.01850,0.02574,0.02475,0.02245,0.02311,-56.30223,3680.00000
0.14809,0.14052,0.15105,0.14447,0.14809,0.14250,0.14151,0.14513,0.14381,0.14085,0.02442,0.02113,0.02212,0.02541,0.02442,-56.30223,3681.00000
0.14480,0.14546,0.14316,0.14776,0.15105,0.14250,0.14118,0.14447,0.14085,0.14381,0.02146,0.02574,0.02475,0.02475,0.02113,-55.75610,3682.00000
0.14842,0.14677,0.15039,0.14513,0.14579,0.14316,0.14546,0.14579,0.13987,0.13855,0.02344,0.02771,0.02442,0.02080,0.02442,-55.75610,3683.00000
0.14546,0.14743,0.14875,0.14118,0.14316,0.14645,0.14283,0.14250,0.14381,0.14283,0.02146,0.02344,0.02179,0.02376,0.01916,-56.10315,3684.00000
0.13822,0.14612,0.14184,0.14743,0.14480,0.14710,0.14283,0.14217,0.13691,0.14085,0.02640,0.02212,0.02146,0.02475,0.02311,-56.10315,3685.00000
0.13888,0.14447,0.14513,0.14973,0.14743,0.14612,0.14184,0.14184,0.13921,0.14184,0.01982,0.02376,0.02048,0.02179,0.02212,-56.03985,3686.00000
0.14447,0.14052,0.14973,0.14381,0.14842,0.14283,0.14480,0.14118,0.14414,0.14480,0.02146,0.02311,0.02278,0.02508,0.02245,-56.03985,3687.00000
0.14118,0.14941,0.14316,0.14546,0.15072,0.14250,0.14316,0.14381,0.14348,0.14743,0.02376,0.02278,0.02376,0.02179,0.01982,-55.65420,3688.00000
0.14677,0.14414,0.14579,0.14776,0.14381,0.14546,0.14184,0.14316,0.14381,0.14250,0.01949,0.02113,0.02640,0.02179,0.02508,-55.65420,3689.00000
0.14414,0.14809,0.13658,0.14842,0.14348,0.14908,0.14612,0.14052,0.13756,0.14447,0.02409,0.02672,0.02771,0.02179,0.02442,-55.21236,3690.00000
0.14513,0.13954,0.14414,0.15039,0.14184,0.14151,0.13855,0.14414,0.14414,0.13658,0.02376,0.02409,0.02080,0.02278,0.02672,-55.21236,3691.00000
0.14513,0.14316,0.14579,0.14546,0.14908,0.14677,0.14217,0.14941,0.14020,0.14316,0.02015,0.02376,0.02640,0.02376,0.02409,-55.55051,3692.00000
0.14710,0.14908,0.14677,0.15006,0.14184,0.14316,0.14250,0.14217,0.13888,0.14677,0.02475,0.02344,0.02311,0.02311,0.02409,-55.55051,3693.00000
0.14447,0.14381,0.15039,0.14546,0.14381,0.14348,0.14447,0.14414,0.14414,0.14381,0.02212,0.01850,0.02672,0.02541,0.02015,-55.11901,3694.00000
0.14085,0.14381,0.14283,0.14250,0.14842,0.14052,0.14612,0.14085,0.14283,0.14118,0.02344,0.02705,0.02574,0.02179,0.02640,-55.11901,3695.00000
0.15171,0.14776,0.14447,0.15204,0.14973,0.14546,0.14677,0.14579,0.14645,0.14184,0.02278,0.02179,0.02442,0.02311,0.02738,-54.80316,3696.00000
0.14645,0.13954,0.14480,0.14710,0.14447,0.14020,0.14677,0.14480,0.14480,0.13987,0.02113,0.02245,0.02508,0.02409,0.02146,-54.80316,3697.00000
0.14710,0.14085,0.14743,0.14381,0.14776,0.14579,0.14381,0.14645,0.14250,0.14283,0.02245,0.02245,0.02574,0.02080,0.02409,-55.33615,3698.00000
0.14348,0.15401,0.14118,0.14348,0.14645,0.14283,0.14283,0.14381,0.14348,0.14908,0.02080,0.02607,0.02508,0.02409,0.02311,-55.33615,3699.00000
0.14447,0.15138,0.15138,0.14809,0.14973,0.13954,0.14743,0.14513,0.14217,0.14348,0.02311,0.01982,0.02278,0.02344,0.02837,-54.92637,3700.00000
0.14579,0.14217,0.15138,0.14414,0.14020,0.14184,0.14316,0.14743,0.14612,0.14546,0.02146,0.02344,0.02344,0.02080,0.02311,-54.92637,3701.00000
0.14348,0.14348,0.15105,0.14513,0.14546,0.14348,0.14875,0.14645,0.14381,0.14250,0.02113,0.01949,0.02113,0.02640,0.02179,-55.20245,3702.00000
0.14546,0.15039,0.14184,0.14612,0.14414,0.14250,0.14217,0.14381,0.14151,0.14710,0.02607,0.01916,0.02113,0.02442,0.02146,-55.20245,3703.00000
0.14710,0.14645,0.14480,0.14513,0.14677,0.14579,0.14513,0.14052,0.14118,0.14513,0.02541,0.02376,0.02409,0.02475,0.02409,-55.25747,3704.00000
0.15138,0.14645,0.14414,0.14875,0.14941,0.14085,0.14546,0.14546,0.14381,0.14283,0.02146,0.02442,0.02442,0.02212,0.02409,-55.25747,3705.00000
0.14348,0.14677,0.14842,0.14184,0.14875,0.14546,0.14973,0.14579,0.14250,0.14677,0.02311,0.02245,0.02771,0.02212,0.02179,-55.53157,3706.00000
0.14743,0.14217,0.14579,0.14710,0.14414,0.14480,0.14184,0.14447,0.14283,0.14381,0.02015,0.02080,0.01784,0.02212,0.02048,-55.53157,3707.00000
0.14710,0.14677,0.14118,0.14677,0.14085,0.14776,0.14743,0.13987,0.14151,0.14348,0.02278,0.02278,0.02672,0.01784,0.02409,-55.32194,3708.00000
0.15072,0.15072,0.14184,0.14414,0.14941,0.14414,0.14612,0.14513,0.14381,0.13987,0.02080,0.02541,0.01916,0.02442,0.02640,-55.32194,3709.00000
0.14151,0.15072,0.14645,0.14579,0.14447,0.14250,0.14809,0.14447,0.14381,0.14250,0.02344,0.02409,0.02245,0.02146,0.02607,-56.14485,3710.00000
0.14217,0.14677,0.14710,0.14612,0.14645,0.14579,0.14414,0.14414,0.14513,0.13987,0.02113,0.01982,0.02475,0.02278,0.02212,-56.14485,3711.00000
0.14842,0.13888,0.14447,0.14316,0.14250,0.13987,0.14151,0.14085,0.14250,0.14348,0.02080,0.02409,0.02048,0.02146,0.02245,-55.75553,3712.00000
0.14217,0.14579,0.14776,0.14645,0.14283,0.14217,0.14151,0.14513,0.14842,0.14842,0.01850,0.02048,0.02376,0.02311,0.02574,-55.75553,3713.00000
0.14973,0.14118,0.14776,0.14579,0.14579,0.14316,0.14381,0.14447,0.14513,0.14710,0.02048,0.02015,0.02672,0.02146,0.02146,-55.05794,3714.00000
0.14414,0.14842,0.14217,0.14743,0.14677,0.14217,0.14612,0.14052,0.14348,0.14414,0.02376,0.02245,0.02146,0.02344,0.02409,-55.05794,3715.00000
0.14612,0.15105,0.13921,0.14217,0.14316,0.14283,0.14085,0.14118,0.14381,0.14414,0.02442,0.02409,0.02409,0.02541,0.02442,-56.00309,3716.00000
0.14381,0.15006,0.14908,0.14283,0.14743,0.13822,0.14677,0.14546,0.14546,0.14283,0.02508,0.02146,0.01949,0.02245,0.02442,-56.00309,3717.00000
0.15138,0.14875,0.14414,0.14217,0.14842,0.14348,0.14546,0.13658,0.14546,0.14579,0.02015,0.02376,0.02344,0.01982,0.02278,-55.86043,3718.00000
0.14447,0.14217,0.14612,0.14217,0.14941,0.14414,0.14316,0.14217,0.14052,0.13888,0.02179,0.02278,0.02311,0.02311,0.02048,-55.86043,3719.00000
0.14513,0.15269,0.14447,0.14546,0.14612,0.14677,0.14645,0.14052,0.14151,0.14118,0.02048,0.01784,0.02311,0.02672,0.02442,-55.21049,3720.00000
0.14217,0.14677,0.14612,0.14875,0.14579,0.14447,0.14447,0.14184,0.14184,0.14381,0.02048,0.01949,0.02672,0.02113,0.02442,-55.21049,3721.00000
0.15006,0.14677,0.14316,0.14381,0.14052,0.14250,0.14250,0.14283,0.14217,0.14447,0.02048,0.02409,0.02475,0.02179,0.02146,-54.82204,3722.00000
0.14513,0.14776,0.14447,0.14645,0.14710,0.14645,0.14316,0.14316,0.14316,0.14118,0.01719,0.02508,0.02015,0.01850,0.02113,-54.82204,3723.00000
0.14085,0.14316,0.14184,0.14316,0.14151,0.14414,0.14316,0.14447,0.14480,0.13789,0.02278,0.02113,0.02179,0.02113,0.02212,-55.22840,3724.00000
0.13954,0.14710,0.14645,0.14085,0.14776,0.14381,0.14348,0.14052,0.14447,0.14414,0.02278,0.02376,0.02245,0.01850,0.02475,-55.22840,3725.00000
0.15138,0.14348,0.14250,0.14184,0.14579,0.14645,0.14776,0.14579,0.14645,0.14480,0.02344,0.02278,0.02179,0.02475,0.02376,-55.00678,3726.00000
0.14052,0.15006,0.14184,0.14612,0.14348,0.14052,0.14677,0.14118,0.14184,0.14381,0.02245,0.02080,0.02376,0.01686,0.01982,-55.00678,3727.00000
0.14513,0.15138,0.14908,0.15039,0.14414,0.14513,0.14316,0.15171,0.14316,0.14283,0.02771,0.02541,0.02278,0.02179,0.02278,-55.06687,3728.00000
0.14579,0.14250,0.14283,0.14151,0.13987,0.14776,0.14085,0.14381,0.14250,0.14283,0.02409,0.02376,0.01784,0.02146,0.02475,-55.06687,3729.00000
0.14447,0.14776,0.14447,0.14710,0.14348,0.14447,0.14052,0.14250,0.14348,0.14250,0.02574,0.01982,0.02048,0.02080,0.02376,-55.35082,3730.00000
0.14941,0.14052,0.14875,0.14612,0.14513,0.14348,0.14217,0.14381,0.14645,0.14480,0.02376,0.02508,0.02113,0.02212,0.02607,-55.35082,3731.00000
0.14546,0.15039,0.14414,0.14645,0.14052,0.14447,0.14414,0.14809,0.14579,0.14579,0.02015,0.02278,0.02442,0.02870,0.02574,-55.36828,3732.00000
0.14480,0.14941,0.14316,0.14381,0.14875,0.14513,0.14283,0.14513,0.14151,0.14118,0.02409,0.02245,0.02409,0.01850,0.02015,-55.36828,3733.00000
0.14546,0.14973,0.14381,0.14710,0.14250,0.14480,0.13987,0.14776,0.14020,0.14513,0.02508,0.02048,0.02508,0.02146,0.02409,-55.69683,3734.00000
0.14776,0.14447,0.14447,0.14546,0.14579,0.14645,0.14283,0.14447,0.14118,0.14348,0.02311,0.02409,0.01949,0.02508,0.02015,-55.69683,3735.00000
0.13987,0.14776,0.13855,0.15138,0.14546,0.14283,0.14283,0.14776,0.14677,0.14513,0.02146,0.02212,0.02409,0.02508,0.02245,-54.93338,3736.00000
0.14677,0.14283,0.14645,0.14250,0.14579,0.14283,0.13921,0.14612,0.14546,0.14677,0.02344,0.02179,0.02212,0.02015,0.02475,-54.93338,3737.00000
0.14710,0.14612,0.14908,0.14381,0.14973,0.14776,0.13954,0.13987,0.13855,0.14447,0.02442,0.02311,0.02278,0.02738,0.02245,-53.78261,3738.00000
0.15138,0.14447,0.14513,0.14480,0.14743,0.14052,0.14480,0.14579,0.14579,0.14513,0.02442,0.02311,0.02640,0.02245,0.02541,-53.78261,3739.00000
0.14579,0.14579,0.15039,0.14645,0.14151,0.14381,0.14513,0.14447,0.14348,0.14414,0.02475,0.02541,0.02344,0.02212,0.02344,-51.52265,3740.00000
0.14283,0.14710,0.14513,0.15006,0.14316,0.14480,0.14381,0.14414,0.14645,0.14316,0.02245,0.02179,0.02048,0.02541,0.02015,-51.52265,3741.00000
0.14513,0.14842,0.14052,0.14052,0.14710,0.14283,0.14151,0.14085,0.14085,0.14085,0.02475,0.01949,0.02113,0.02442,0.02738,-50.06308,3742.00000
0.13987,0.15006,0.14052,0.14381,0.14250,0.14381,0.14184,0.14085,0.14250,0.14447,0.02080,0.02376,0.02146,0.02278,0.02376,-50.06308,3743.00000
0.14546,0.14480,0.14316,0.14546,0.14381,0.14250,0.14677,0.14348,0.14052,0.13888,0.02015,0.01916,0.02475,0.02837,0.02574,-50.34404,3744.00000
0.14316,0.14743,0.14645,0.14809,0.14677,0.14809,0.14842,0.14348,0.14381,0.14414,0.02146,0.02640,0.02015,0.02607,0.02015,-50.34404,3745.00000
0.14645,0.14579,0.14250,0.14743,0.14612,0.14085,0.14447,0.14250,0.14283,0.14381,0.02508,0.02442,0.02475,0.02376,0.02344,-51.59780,3746.00000
0.14908,0.14645,0.14513,0.14776,0.13987,0.14217,0.14184,0.14184,0.14316,0.14447,0.02344,0.02771,0.02508,0.02607,0.02442,-51.59780,3747.00000
0.14612,0.14710,0.14414,0.14447,0.14480,0.14085,0.14316,0.14776,0.14480,0.14085,0.02344,0.02245,0.02278,0.02442,0.02475,-52.69587,3748.00000
0.14973,0.14908,0.14612,0.14513,0.15006,0.14546,0.14184,0.14414,0.14283,0.14085,0.02344,0.02245,0.02179,0.02837,0.02245,-52.69587,3749.00000
0.14250,0.14085,0.14546,0.14480,0.14414,0.14546,0.14447,0.14085,0.14447,0.14316,0.02376,0.02409,0.02376,0.02672,0.02245,-53.71610,3750.00000
0.13756,0.14842,0.14184,0.14513,0.14546,0.14710,0.14348,0.14316,0.14513,0.14414,0.02442,0.02508,0.02015,0.02311,0.02278,-53.71610,3751.00000
0.14908,0.14677,0.14513,0.14743,0.14612,0.13822,0.13658,0.14052,0.14316,0.14316,0.02311,0.02442,0.02311,0.02376,0.02442,-53.71596,3752.00000
0.14085,0.14809,0.14316,0.14151,0.14250,0.14941,0.14381,0.14316,0.14217,0.14217,0.02113,0.02212,0.02574,0.02541,0.02409,-53.71596,3753.00000
0.14316,0.13921,0.15072,0.14217,0.15006,0.14414,0.14381,0.14184,0.14217,0.14480,0.02344,0.02245,0.02212,0.02640,0.02113,-53.87946,3754.00000
0.14645,0.14348,0.14710,0.14348,0.14941,0.14842,0.14447,0.14710,0.14677,0.14414,0.02212,0.02344,0.02311,0.02640,0.02146,-53.87946,3755.00000
0.14809,0.14513,0.14184,0.15269,0.13855,0.14118,0.13888,0.14579,0.14743,0.14842,0.02475,0.02179,0.02541,0.02607,0.02278,-54.74003,3756.00000
0.14151,0.14184,0.14184,0.14612,0.14809,0.13954,0.13789,0.14217,0.14677,0.14381,0.02113,0.02376,0.02048,0.02344,0.02344,-54.74003,3757.00000
0.14579,0.14645,0.13822,0.14743,0.14776,0.14184,0.14447,0.13756,0.13756,0.14316,0.02311,0.02278,0.02179,0.02311,0.02607,-54.77724,3758.00000
0.14579,0.14414,0.14348,0.14809,0.14184,0.14184,0.14283,0.14348,0.14414,0.14480,0.02179,0.02738,0.02409,0.02409,0.02212,-54.77724,3759.00000
0.14316,0.14908,0.14480,0.13855,0.13855,0.13987,0.14217,0.13954,0.14710,0.14151,0.02344,0.02278,0.01982,0.02376,0.02080,-54.58100,3760.00000
0.13822,0.14283,0.15138,0.14184,0.14612,0.14052,0.14085,0.13987,0.14316,0.14316,0.02936,0.02212,0.02409,0.02409,0.02376,-54.58100,3761.00000
0.14743,0.14710,0.14151,0.14381,0.15072,0.13987,0.14184,0.14283,0.14546,0.13855,0.02344,0.02541,0.02278,0.02048,0.02837,-55.65232,3762.00000
0.15039,0.14645,0.13987,0.15269,0.14217,0.14645,0.14612,0.14546,0.13756,0.13888,0.02376,0.02179,0.02409,0.02146,0.02278,-55.65232,3763.00000
0.14743,0.14546,0.14579,0.14283,0.14447,0.14414,0.14316,0.14447,0.14184,0.14579,0.02278,0.02442,0.02311,0.02245,0.01883,-55.30663,3764.00000
0.14184,0.14414,0.13822,0.14480,0.14579,0.14546,0.14184,0.13888,0.14414,0.14677,0.02048,0.02245,0.02508,0.02048,0.02212,-55.30663,3765.00000
0.14579,0.14513,0.14809,0.14020,0.14447,0.14316,0.14579,0.14217,0.14283,0.13987,0.02179,0.02672,0.02311,0.02080,0.02376,-55.28027,3766.00000
0.13921,0.14250,0.14052,0.14908,0.15138,0.13789,0.14710,0.14316,0.13888,0.14348,0.02278,0.02508,0.02015,0.02179,0.02508,-55.28027,3767.00000
0.14052,0.14414,0.14381,0.14217,0.14283,0.14283,0.14085,0.14118,0.14217,0.14118,0.02475,0.02311,0.02080,0.02015,0.02179,-55.41113,3768.00000
0.14776,0.14513,0.14875,0.14118,0.14414,0.13987,0.13724,0.14513,0.14283,0.13987,0.02278,0.02607,0.02278,0.02508,0.02212,-55.41113,3769.00000
0.14612,0.14250,0.14414,0.13888,0.14809,0.14184,0.14677,0.14250,0.14316,0.14710,0.02804,0.02541,0.02080,0.02212,0.02607,-55.49609,3770.00000
0.14447,0.14776,0.14677,0.14381,0.14513,0.14151,0.14414,0.14052,0.14052,0.14348,0.02541,0.02541,0.02672,0.02113,0.02607,-55.49609,3771.00000
0.14546,0.14447,0.14677,0.14052,0.13888,0.14776,0.14348,0.14743,0.14217,0.14020,0.02048,0.02113,0.02376,0.02705,0.02442,-55.08691,3772.00000
0.14842,0.14316,0.14908,0.14677,0.14546,0.13888,0.14677,0.14217,0.14052,0.13921,0.02574,0.02541,0.02442,0.02344,0.02212,-55.08691,3773.00000
0.14217,0.14546,0.14118,0.14809,0.14118,0.14414,0.14645,0.13724,0.14118,0.14118,0.02541,0.02311,0.02705,0.02508,0.02705,-54.75293,3774.00000
0.14513,0.14710,0.14414,0.14513,0.14447,0.14151,0.14217,0.14184,0.14316,0.14414,0.02640,0.01982,0.02146,0.02245,0.02508,-54.75293,3775.00000
0.14118,0.14085,0.14941,0.14447,0.14283,0.14480,0.14217,0.14579,0.14250,0.13855,0.02015,0.02311,0.02146,0.02442,0.02179,-54.78369,3776.00000
0.14776,0.14381,0.14513,0.14414,0.14677,0.14743,0.14151,0.13756,0.14283,0.14612,0.02048,0.02212,0.02541,0.02376,0.02672,-54.78369,3777.00000
0.14645,0.14743,0.14579,0.14513,0.14645,0.14414,0.13625,0.14414,0.14776,0.14118,0.01949,0.02344,0.02442,0.02080,0.02508,-54.49390,3778.00000
0.14085,0.13954,0.14513,0.14546,0.14381,0.14645,0.14348,0.14381,0.14184,0.14118,0.02442,0.02442,0.02442,0.02376,0.02212,-54.49390,3779.00000
0.14348,0.13954,0.14020,0.14875,0.14085,0.13921,0.14579,0.14316,0.14414,0.13822,0.02541,0.02508,0.02640,0.02574,0.01949,-54.98132,3780.00000
0.14283,0.14316,0.14677,0.14118,0.14546,0.14710,0.13954,0.14414,0.13724,0.13789,0.02179,0.02376,0.02146,0.02344,0.02442,-54.98132,3781.00000
0.13954,0.14250,0.14085,0.14184,0.14052,0.14677,0.14085,0.14217,0.13855,0.13954,0.02376,0.02376,0.02442,0.02278,0.02771,-54.77582,3782.00000
0.14414,0.13921,0.14085,0.14677,0.13724,0.14283,0.13822,0.14414,0.14513,0.14447,0.02212,0.02146,0.02376,0.02113,0.02212,-54.77582,3783.00000
0.14348,0.13888,0.14414,0.14677,0.14513,0.14480,0.14447,0.14217,0.14184,0.14283,0.02771,0.02311,0.02442,0.02508,0.02475,-55.01730,3784.00000
0.14546,0.14447,0.14316,0.14184,0.15105,0.14052,0.13855,0.14348,0.13954,0.13888,0.02705,0.02245,0.02146,0.02574,0.02442,-55.01730,3785.00000
0.14250,0.14579,0.14085,0.14316,0.14776,0.13888,0.14381,0.14283,0.14480,0.14020,0.02080,0.02212,0.01850,0.02311,0.01949,-55.01842,3786.00000
0.14480,0.14250,0.13987,0.14513,0.13559,0.13855,0.14414,0.14118,0.14348,0.14250,0.02311,0.02245,0.02015,0.01949,0.02212,-55.01842,3787.00000
0.14184,0.14612,0.14480,0.14348,0.14151,0.14743,0.13921,0.14118,0.14052,0.14151,0.01916,0.02541,0.02508,0.02508,0.01982,-55.54388,3788.00000
0.14513,0.14941,0.14480,0.14020,0.14480,0.14052,0.14020,0.13888,0.14052,0.14546,0.02146,0.02344,0.02311,0.02146,0.02048,-55.54388,3789.00000
0.14151,0.14776,0.14776,0.13855,0.14447,0.14085,0.13855,0.14250,0.14381,0.13888,0.02442,0.02245,0.02278,0.02409,0.02113,-55.01559,3790.00000
0.14151,0.14480,0.14579,0.14480,0.14743,0.14677,0.14052,0.14184,0.14480,0.13954,0.02048,0.02080,0.02245,0.01883,0.02113,-55.01559,3791.00000
0.14710,0.14447,0.14348,0.13789,0.14414,0.14085,0.14316,0.14118,0.14776,0.14645,0.01916,0.01982,0.02015,0.02212,0.02179,-55.40819,3792.00000
0.14973,0.14250,0.14579,0.15006,0.14842,0.14414,0.14316,0.14316,0.14546,0.14250,0.02376,0.02278,0.02048,0.02344,0.02179,-55.40819,3793.00000
0.13822,0.15138,0.14348,0.14283,0.14842,0.14316,0.14184,0.14612,0.13789,0.14612,0.02113,0.02311,0.02344,0.02179,0.02344,-55.89989,3794.00000
0.14348,0.14184,0.14546,0.14052,0.14908,0.14480,0.14020,0.14414,0.14151,0.14842,0.02245,0.01982,0.02080,0.02080,0.02048,-55.89989,3795.00000
0.14052,0.14677,0.14348,0.14579,0.14052,0.14381,0.14217,0.14052,0.14283,0.14348,0.01949,0.02113,0.02245,0.02212,0.02245,-55.79174,3796.00000
0.14480,0.14513,0.14447,0.14381,0.14645,0.14250,0.14085,0.14480,0.14052,0.14250,0.02179,0.01982,0.02015,0.02344,0.02245,-55.79174,3797.00000
0.15006,0.14250,0.14710,0.14020,0.14348,0.13822,0.14184,0.14316,0.14151,0.14316,0.02048,0.02344,0.02508,0.01752,0.02475,-55.13464,3798.00000
0.14513,0.14381,0.15269,0.15039,0.14151,0.14052,0.14480,0.14020,0.14151,0.14809,0.02442,0.02376,0.02311,0.02015,0.02113,-55.13464,3799.00000
0.15237,0.14316,0.15138,0.14052,0.14546,0.14151,0.14151,0.14316,0.14283,0.14348,0.02015,0.02442,0.02278,0.02048,0.02442,-54.59613,3800.00000
0.14447,0.14645,0.14710,0.14217,0.14809,0.14513,0.14283,0.14513,0.14151,0.14118,0.02508,0.02376,0.02442,0.02179,0.02607,-54.59613,3801.00000
0.14743,0.14052,0.14546,0.13987,0.14776,0.14283,0.14348,0.14085,0.14776,0.14250,0.02245,0.02311,0.02080,0.02409,0.02344,-54.64426,3802.00000
0.13888,0.14513,0.14743,0.15467,0.15039,0.14184,0.14875,0.14184,0.14250,0.14085,0.02179,0.02278,0.02344,0.02475,0.01949,-54.64426,3803.00000
0.14842,0.14842,0.14184,0.13625,0.15171,0.14348,0.14184,0.14612,0.14414,0.14381,0.02080,0.01949,0.02146,0.02146,0.02146,-55.28600,3804.00000
0.14513,0.15006,0.14447,0.14151,0.15006,0.14316,0.14118,0.14118,0.14283,0.14020,0.02146,0.02376,0.02245,0.02376,0.02080,-55.28600,3805.00000
0.14250,0.14052,0.14151,0.14842,0.14217,0.14085,0.14677,0.14052,0.14151,0.14217,0.02113,0.02179,0.02344,0.02508,0.02048,-55.08929,3806.00000
0.14579,0.14414,0.14316,0.14414,0.14809,0.14875,0.13822,0.14316,0.14414,0.14184,0.01817,0.02475,0.02015,0.02212,0.02344,-55.08929,3807.00000
0.14052,0.14151,0.14381,0.15072,0.14118,0.14414,0.14348,0.14316,0.14020,0.14381,0.01949,0.02344,0.02344,0.02311,0.02508,-54.49289,3808.00000
0.14513,0.14612,0.14612,0.14085,0.15467,0.13756,0.14348,0.14151,0.14118,0.14809,0.02179,0.02080,0.02541,0.02409,0.02212,-54.49289,3809.00000
0.14842,0.14316,0.14184,0.14151,0.14316,0.14381,0.14118,0.14447,0.14052,0.14118,0.02344,0.02738,0.02344,0.02080,0.02311,-54.62681,3810.00000
0.14743,0.14316,0.14085,0.14513,0.14710,0.14316,0.14579,0.14085,0.14546,0.14250,0.02376,0.01686,0.02311,0.02245,0.02607,-54.62681,3811.00000
0.14612,0.14908,0.14480,0.14414,0.14217,0.14612,0.14250,0.14447,0.14085,0.14743,0.02015,0.02409,0.02508,0.02771,0.02442,-54.93548,3812.00000
0.14546,0.14875,0.13987,0.14151,0.14546,0.14414,0.14316,0.13954,0.14151,0.14217,0.02311,0.02344,0.02146,0.02179,0.02311,-54.93548,3813.00000
0.15204,0.13954,0.14316,0.14118,0.14480,0.13756,0.14414,0.14085,0.14381,0.14283,0.01587,0.02278,0.02409,0.02607,0.01817,-55.02389,3814.00000
0.14151,0.14513,0.14842,0.14414,0.14348,0.14052,0.14480,0.14316,0.13822,0.14316,0.02574,0.02179,0.02311,0.02113,0.02541,-55.02389,3815.00000
0.14381,0.14316,0.14381,0.14513,0.14579,0.14414,0.14250,0.14085,0.14513,0.14414,0.02574,0.02278,0.02442,0.02607,0.02376,-55.51243,3816.00000
0.14546,0.14316,0.14579,0.14645,0.14381,0.14348,0.13987,0.14085,0.14513,0.14381,0.02048,0.02409,0.02508,0.02344,0.02179,-55.51243,3817.00000
0.14480,0.14348,0.14941,0.14645,0.14052,0.14118,0.14579,0.14612,0.14085,0.14579,0.02048,0.02245,0.02541,0.02311,0.02705,-55.50768,3818.00000
0.14250,0.14348,0.14381,0.14480,0.14316,0.14283,0.14447,0.14414,0.14579,0.14710,0.02475,0.02409,0.02574,0.02245,0.02409,-55.50768,3819.00000
0.13658,0.14875,0.14085,0.15105,0.14348,0.14085,0.14184,0.14381,0.14348,0.14381,0.02179,0.02245,0.02212,0.02048,0.02278,-55.31488,3820.00000
0.14973,0.14480,0.13822,0.14250,0.15237,0.14151,0.14283,0.14414,0.14316,0.13954,0.02015,0.02574,0.02179,0.02574,0.02574,-55.31488,3821.00000
0.14480,0.14283,0.13724,0.15039,0.14348,0.14184,0.14217,0.14052,0.14710,0.14875,0.02409,0.02278,0.02574,0.02475,0.02409,-55.72140,3822.00000
0.14052,0.14348,0.14677,0.14414,0.14546,0.14217,0.14513,0.14579,0.14316,0.14348,0.02508,0.02245,0.02278,0.02442,0.02146,-55.72140,3823.00000
0.14645,0.14743,0.14381,0.15072,0.14348,0.14020,0.14217,0.14579,0.13855,0.14579,0.02344,0.02508,0.02574,0.02080,0.01949,-55.12877,3824.00000
0.13888,0.14250,0.14316,0.14941,0.14414,0.14217,0.14776,0.13987,0.13987,0.14546,0.02738,0.02179,0.02344,0.02705,0.02475,-55.12877,3825.00000
0.14513,0.14348,0.14250,0.14875,0.14513,0.14513,0.14645,0.14513,0.14250,0.14645,0.02212,0.02311,0.02475,0.02146,0.02771,-54.92767,3826.00000
0.14020,0.14316,0.14250,0.14941,0.14316,0.14414,0.14645,0.14250,0.14447,0.14151,0.02705,0.02508,0.02508,0.02311,0.02508,-54.92767,3827.00000
0.14184,0.15467,0.14316,0.14447,0.14743,0.14414,0.14283,0.14118,0.14085,0.14250,0.02311,0.02344,0.02442,0.02475,0.02607,-51.25290,3828.00000
0.14414,0.14612,0.14283,0.15039,0.14645,0.14348,0.14250,0.14612,0.14118,0.14348,0.02146,0.01982,0.02245,0.02574,0.02376,-51.25290,3829.00000
0.14414,0.14480,0.14743,0.14480,0.14579,0.14381,0.14184,0.14513,0.14118,0.14052,0.02541,0.02409,0.02344,0.02311,0.02245,-50.69969,3830.00000
0.14316,0.14118,0.14184,0.14546,0.14579,0.14348,0.14414,0.14546,0.14414,0.14348,0.02442,0.02245,0.02311,0.02409,0.02475,-50.69969,3831.00000
0.14414,0.14710,0.14414,0.14151,0.14414,0.14217,0.14151,0.14283,0.14447,0.14085,0.02048,0.02640,0.02245,0.02376,0.02409,-51.42651,3832.00000
0.14612,0.14908,0.14447,0.14447,0.14908,0.14348,0.14710,0.14677,0.14151,0.14118,0.02146,0.01949,0.02541,0.02837,0.02245,-51.42651,3833.00000
0.14151,0.15039,0.14677,0.14414,0.13987,0.14381,0.14217,0.14381,0.14348,0.14085,0.02080,0.02475,0.02245,0.02508,0.02212,-52.38806,3834.00000
0.14447,0.14283,0.14908,0.14151,0.14710,0.14381,0.14020,0.14316,0.14612,0.14052,0.02015,0.02442,0.02212,0.02212,0.02146,-52.38806,3835.00000
0.14316,0.14381,0.14348,0.14381,0.14743,0.13888,0.14513,0.14579,0.14348,0.14020,0.02442,0.02409,0.02278,0.02376,0.02212,-54.19696,3836.00000
0.14217,0.14677,0.14579,0.14908,0.14414,0.14776,0.14414,0.13855,0.14151,0.14447,0.02212,0.02607,0.01949,0.02048,0.02311,-54.19696,3837.00000
0.14875,0.14414,0.14085,0.14381,0.14151,0.14381,0.14052,0.14842,0.13855,0.14480,0.02672,0.02146,0.02212,0.02278,0.02409,-54.70834,3838.00000
0.14316,0.14480,0.14612,0.14151,0.14546,0.14381,0.13822,0.14118,0.14381,0.13724,0.02048,0.02344,0.02442,0.02344,0.02311,-54.70834,3839.00000
0.14579,0.14710,0.14546,0.14381,0.14118,0.14184,0.14316,0.13987,0.14612,0.14052,0.02278,0.02541,0.02080,0.02080,0.02245,-55.10075,3840.00000
0.14283,0.14743,0.14645,0.14414,0.14381,0.14348,0.13921,0.14414,0.14348,0.14546,0.02146,0.02475,0.02179,0.02113,0.02574,-55.10075,3841.00000
0.14513,0.14612,0.13954,0.14316,0.14217,0.13987,0.13954,0.13921,0.14414,0.14283,0.02376,0.02475,0.02245,0.02376,0.01949,-55.12850,3842.00000
0.14546,0.14381,0.14677,0.13789,0.14579,0.14447,0.13987,0.14316,0.14052,0.13954,0.02080,0.02278,0.02541,0.02179,0.02015,-55.12850,3843.00000
0.14020,0.14414,0.14250,0.15138,0.14513,0.14546,0.14316,0.13691,0.14085,0.14743,0.02771,0.02508,0.02212,0.02409,0.02212,-55.28642,3844.00000
0.14908,0.14381,0.14381,0.14480,0.14348,0.14316,0.14677,0.14283,0.14316,0.14809,0.02048,0.02080,0.02146,0.02113,0.02376,-55.28642,3845.00000
0.14480,0.14645,0.14414,0.13822,0.14381,0.14710,0.14381,0.13855,0.14250,0.14184,0.02607,0.01949,0.02080,0.02212,0.02541,-54.89907,3846.00000
0.14612,0.14348,0.14612,0.14414,0.14381,0.14316,0.14217,0.14677,0.14645,0.14381,0.02015,0.02376,0.02738,0.02113,0.02278,-54.89907,3847.00000
0.14546,0.14414,0.14250,0.14513,0.14941,0.14020,0.14381,0.14217,0.14283,0.14250,0.01949,0.02475,0.02508,0.02574,0.02080,-55.33039,3848.00000
0.14447,0.14973,0.14414,0.13691,0.14283,0.13954,0.14151,0.13855,0.14151,0.14348,0.02837,0.02409,0.02015,0.01949,0.02278,-55.33039,3849.00000
0.14743,0.13822,0.14151,0.14513,0.14151,0.14447,0.14480,0.14184,0.14151,0.14085,0.02409,0.01949,0.02048,0.02311,0.02179,-55.58024,3850.00000
0.15039,0.14052,0.14250,0.13921,0.14875,0.13921,0.14645,0.14020,0.14052,0.14052,0.02015,0.02015,0.02311,0.01982,0.02409,-55.58024,3851.00000
0.14579,0.13954,0.14480,0.14513,0.14250,0.13921,0.14480,0.14250,0.14184,0.14316,0.02409,0.02278,0.02212,0.01817,0.02640,-56.05916,3852.00000
0.14283,0.14316,0.14677,0.14513,0.14546,0.14348,0.14381,0.14316,0.14612,0.13921,0.02179,0.02738,0.02212,0.02311,0.02146,-56.05916,3853.00000
0.14612,0.14217,0.14612,0.14151,0.14480,0.14447,0.14447,0.14579,0.14381,0.14151,0.02278,0.02146,0.01949,0.02508,0.02113,-55.16093,3854.00000
0.14184,0.14776,0.15006,0.13395,0.14513,0.14316,0.14283,0.13987,0.14085,0.14546,0.02245,0.02278,0.02146,0.02278,0.02278,-55.16093,3855.00000
0.14645,0.14250,0.14348,0.14875,0.14809,0.14184,0.14480,0.14085,0.14250,0.13954,0.02080,0.02409,0.02541,0.02311,0.02080,-54.85830,3856.00000
0.14381,0.13855,0.14612,0.14283,0.14480,0.14414,0.14677,0.14283,0.14414,0.13987,0.02212,0.02146,0.02442,0.01686,0.02146,-54.85830,3857.00000
0.14020,0.14250,0.14414,0.14677,0.13559,0.14645,0.14283,0.14250,0.14184,0.14579,0.02409,0.02376,0.02113,0.02048,0.02245,-54.69966,3858.00000
0.14348,0.14612,0.14184,0.13921,0.14348,0.14381,0.14579,0.13954,0.14381,0.14118,0.02179,0.02442,0.02475,0.02344,0.02245,-54.69966,3859.00000
0.14677,0.14381,0.14612,0.13493,0.14316,0.14052,0.13756,0.14118,0.14184,0.13954,0.02376,0.02409,0.02278,0.02212,0.02080,-54.37620,3860.00000
0.14414,0.14217,0.14776,0.14283,0.14118,0.14085,0.14020,0.14645,0.14480,0.14052,0.01883,0.02409,0.02705,0.02311,0.02146,-54.37620,3861.00000
0.14875,0.14480,0.14546,0.14513,0.13822,0.13691,0.13987,0.14447,0.14348,0.14677,0.02146,0.02607,0.02475,0.02442,0.02311,-54.45128,3862.00000
0.13987,0.14316,0.14052,0.14316,0.14513,0.14052,0.14250,0.14645,0.14217,0.14052,0.02245,0.02804,0.02179,0.02278,0.02705,-54.45128,3863.00000
0.14348,0.14842,0.14348,0.14283,0.15237,0.13954,0.13987,0.14480,0.14184,0.14513,0.02376,0.02541,0.02672,0.01982,0.02672,-54.52056,3864.00000
0.14776,0.14480,0.14052,0.14677,0.14480,0.14217,0.14085,0.14217,0.14283,0.14480,0.02080,0.02344,0.02409,0.02607,0.02409,-54.52056,3865.00000
0.14908,0.13855,0.14085,0.14052,0.14118,0.14447,0.14743,0.14645,0.14085,0.14546,0.02278,0.02113,0.02574,0.02278,0.02607,-54.21585,3866.00000
0.14710,0.14447,0.14645,0.14513,0.14776,0.14085,0.14316,0.13888,0.14381,0.14546,0.02376,0.02311,0.02672,0.02574,0.02311,-54.21585,3867.00000
0.14480,0.14579,0.14217,0.14250,0.14217,0.14381,0.14184,0.14677,0.14283,0.14447,0.02278,0.02278,0.02475,0.02015,0.02607,-54.35158,3868.00000
0.14447,0.14283,0.14513,0.14283,0.14612,0.14414,0.14250,0.14316,0.14052,0.14283,0.02376,0.02541,0.02672,0.02541,0.02015,-54.35158,3869.00000
0.14020,0.14875,0.15171,0.13888,0.14020,0.14217,0.14447,0.14776,0.14316,0.14151,0.02311,0.02344,0.02672,0.02508,0.02475,-54.59766,3870.00000
0.14250,0.14743,0.14348,0.14612,0.14348,0.14283,0.14118,0.14184,0.14184,0.14645,0.02672,0.02179,0.02475,0.02179,0.02541,-54.59766,3871.00000
0.14677,0.14513,0.14776,0.15006,0.13921,0.14414,0.14250,0.14085,0.14645,0.14513,0.02080,0.02015,0.02442,0.02475,0.02508,-55.10157,3872.00000
0.14480,0.14348,0.14513,0.14579,0.14710,0.14283,0.14513,0.14184,0.14151,0.14151,0.02541,0.02344,0.02607,0.02475,0.02409,-55.10157,3873.00000
0.14118,0.14316,0.14381,0.14579,0.14809,0.13987,0.14480,0.14710,0.14908,0.14184,0.02311,0.02344,0.02409,0.02311,0.02409,-54.99219,3874.00000
0.14546,0.14546,0.14579,0.14348,0.14447,0.14513,0.14052,0.13987,0.14645,0.14118,0.02376,0.02245,0.02311,0.02344,0.02738,-54.99219,3875.00000
0.14283,0.14052,0.14414,0.14217,0.14612,0.14480,0.14020,0.14480,0.14316,0.14645,0.02278,0.02113,0.02409,0.02475,0.02409,-56.11426,3876.00000
0.14348,0.14677,0.15039,0.14776,0.14381,0.14151,0.14480,0.14250,0.13954,0.14381,0.02409,0.02212,0.02179,0.02179,0.02015,-56.11426,3877.00000
0.14381,0.15006,0.15006,0.14677,0.14579,0.14250,0.14875,0.14513,0.14250,0.14447,0.02574,0.02541,0.02212,0.02212,0.02376,-55.73535,3878.00000
0.14645,0.14151,0.14710,0.14283,0.14480,0.14085,0.14348,0.14118,0.14480,0.14250,0.03034,0.02278,0.02212,0.02475,0.02146,-55.73535,3879.00000
0.14645,0.14250,0.14809,0.14316,0.14381,0.13987,0.14447,0.14283,0.14316,0.14250,0.02179,0.02442,0.01949,0.02376,0.02179,-55.96094,3880.00000
0.14283,0.14414,0.14579,0.14480,0.14348,0.14513,0.13691,0.13987,0.14020,0.14447,0.02113,0.02146,0.02771,0.01850,0.02344,-55.96094,3881.00000
0.14579,0.14316,0.13987,0.14513,0.14579,0.14052,0.14052,0.14151,0.14710,0.14020,0.02344,0.02245,0.02409,0.02278,0.02344,-56.77686,3882.00000
0.14480,0.14414,0.14447,0.14546,0.14151,0.14217,0.14085,0.14151,0.14414,0.14348,0.02212,0.02146,0.02541,0.01982,0.02475,-56.77686,3883.00000
0.14447,0.14645,0.14414,0.14447,0.14283,0.14118,0.14250,0.14348,0.14381,0.13888,0.02212,0.02344,0.02179,0.02278,0.02607,-55.61743,3884.00000
0.14250,0.14151,0.15401,0.14348,0.13756,0.13855,0.14250,0.14348,0.14579,0.14677,0.02442,0.03001,0.02245,0.02212,0.02146,-55.61743,3885.00000
0.14250,0.14447,0.14546,0.14677,0.14250,0.14480,0.14480,0.14414,0.14414,0.14283,0.02146,0.02475,0.02245,0.02048,0.02376,-55.83606,3886.00000
0.14677,0.14776,0.14414,0.14842,0.14151,0.14809,0.14052,0.14316,0.14217,0.14645,0.02278,0.02245,0.02344,0.02212,0.02376,-55.83606,3887.00000
0.14414,0.14809,0.14842,0.13855,0.14612,0.13855,0.13855,0.14480,0.14447,0.14414,0.02015,0.02475,0.02080,0.02278,0.02376,-55.33502,3888.00000
0.14052,0.14217,0.14645,0.14513,0.14020,0.13789,0.13888,0.14743,0.14020,0.14348,0.02607,0.02311,0.02574,0.02245,0.01817,-55.33502,3889.00000
0.14480,0.14217,0.14809,0.14447,0.14546,0.14085,0.13987,0.14085,0.14316,0.14217,0.02212,0.02376,0.02146,0.02179,0.02048,-54.94778,3890.00000
0.14579,0.14941,0.14546,0.14447,0.13822,0.14184,0.14645,0.13954,0.14250,0.14513,0.02311,0.02179,0.01916,0.02475,0.02311,-54.94778,3891.00000
0.14250,0.14250,0.13888,0.14842,0.14447,0.13987,0.14151,0.13921,0.14645,0.14546,0.02015,0.02048,0.02179,0.02212,0.02015,-55.26930,3892.00000
0.14941,0.13987,0.14348,0.14250,0.14217,0.14316,0.14283,0.14414,0.14151,0.13987,0.02212,0.02048,0.01949,0.02278,0.02113,-55.26930,3893.00000
0.14020,0.14283,0.13954,0.14184,0.14381,0.14151,0.14085,0.13987,0.13855,0.14283,0.02640,0.02574,0.02048,0.02048,0.02015,-55.82557,3894.00000
0.14085,0.14743,0.13921,0.14973,0.14184,0.14118,0.14283,0.14776,0.14875,0.14414,0.02475,0.02245,0.02541,0.02311,0.02475,-55.82557,3895.00000
0.14480,0.13888,0.14645,0.14842,0.14052,0.14710,0.14217,0.14743,0.14250,0.14513,0.02344,0.02179,0.02179,0.02311,0.02179,-55.82538,3896.00000
0.14809,0.14645,0.14381,0.14973,0.14250,0.14513,0.13822,0.14546,0.14612,0.14348,0.01883,0.02508,0.02146,0.02311,0.02541,-55.82538,3897.00000
0.14217,0.14381,0.14743,0.13954,0.14908,0.14085,0.13789,0.13691,0.14316,0.14118,0.02015,0.02212,0.02245,0.02245,0.02344,-55.48349,3898.00000
0.14513,0.14151,0.15039,0.14973,0.14645,0.14085,0.14283,0.14151,0.14710,0.14151,0.02278,0.02508,0.02311,0.02179,0.02113,-55.48349,3899.00000
0.14414,0.14809,0.14381,0.14217,0.14776,0.14447,0.14710,0.14052,0.14118,0.14283,0.02804,0.02376,0.02344,0.02640,0.02541,-55.13677,3900.00000
0.14217,0.14085,0.14217,0.14381,0.14316,0.14118,0.14052,0.14513,0.14283,0.14348,0.02113,0.02640,0.02080,0.02212,0.02113,-55.13677,3901.00000
0.14348,0.14414,0.14710,0.14809,0.13855,0.14118,0.14151,0.14447,0.14381,0.14250,0.02245,0.02179,0.02344,0.02311,0.01686,-55.81545,3902.00000
0.14052,0.14217,0.14052,0.15039,0.13625,0.14546,0.13954,0.14316,0.14513,0.14381,0.02574,0.02245,0.02541,0.02179,0.02212,-55.81545,3903.00000
0.14316,0.14513,0.14710,0.14217,0.14710,0.14020,0.14283,0.14283,0.14348,0.14316,0.02409,0.02245,0.02212,0.02311,0.01982,-55.78859,3904.00000
0.14612,0.14151,0.14677,0.14743,0.14381,0.14710,0.13888,0.14151,0.14052,0.14381,0.02607,0.02146,0.02245,0.01752,0.02475,-55.78859,3905.00000
0.14546,0.14118,0.14842,0.14381,0.14513,0.14184,0.14118,0.14612,0.14020,0.14381,0.01883,0.02048,0.02278,0.02179,0.02113,-56.29761,3906.00000
0.14151,0.14941,0.14283,0.14546,0.14875,0.14579,0.14283,0.14316,0.14480,0.14250,0.02409,0.02640,0.02311,0.02212,0.02508,-56.29761,3907.00000
0.14447,0.13987,0.14908,0.14085,0.14381,0.14579,0.14414,0.14513,0.14151,0.14151,0.02015,0.01982,0.02574,0.02508,0.02278,-56.02478,3908.00000
0.14579,0.14217,0.14776,0.14085,0.14875,0.14447,0.14283,0.13888,0.14579,0.14546,0.02344,0.02607,0.02640,0.02640,0.02278,-56.02478,3909.00000
0.14480,0.14217,0.13954,0.14743,0.14151,0.14250,0.14316,0.14283,0.14217,0.14513,0.02442,0.02245,0.02278,0.02179,0.02640,-55.68085,3910.00000
0.14414,0.14085,0.14118,0.14710,0.14710,0.14316,0.14217,0.14085,0.14250,0.14381,0.02146,0.02080,0.02212,0.02475,0.02311,-55.68085,3911.00000
0.14941,0.14546,0.14381,0.14085,0.14348,0.14283,0.14151,0.13987,0.14381,0.13855,0.02179,0.02179,0.02113,0.02080,0.02344,-55.78232,3912.00000
0.14118,0.14316,0.15039,0.14612,0.14217,0.14250,0.14184,0.14085,0.14250,0.14020,0.02015,0.02311,0.02376,0.02278,0.02278,-55.78232,3913.00000
0.14645,0.14414,0.14217,0.14250,0.14381,0.14250,0.14085,0.14020,0.14052,0.14447,0.02080,0.02442,0.02376,0.02015,0.02442,-55.82085,3914.00000
0.14118,0.14677,0.14513,0.14217,0.14546,0.14250,0.13987,0.14480,0.14020,0.13888,0.02804,0.02672,0.02640,0.02541,0.02179,-55.82085,3915.00000
0.14809,0.14085,0.15302,0.14842,0.13921,0.14085,0.14118,0.14381,0.14579,0.14809,0.02903,0.02311,0.02311,0.02212,0.01982,-55.28347,3916.00000
0.14546,0.13756,0.14842,0.14480,0.14513,0.14316,0.14151,0.14184,0.13855,0.14348,0.02508,0.02672,0.02245,0.02442,0.02311,-55.28347,3917.00000
0.14316,0.14316,0.14447,0.15105,0.14283,0.14513,0.14217,0.14283,0.14381,0.14250,0.02344,0.02508,0.02146,0.02146,0.02442,-54.99037,3918.00000
0.14579,0.14612,0.14908,0.14381,0.13822,0.14085,0.14020,0.14414,0.14612,0.14546,0.02344,0.02113,0.02048,0.02212,0.02311,-54.99037,3919.00000
0.13987,0.14480,0.14513,0.13855,0.15006,0.14480,0.13954,0.14316,0.14085,0.14612,0.02574,0.01982,0.02376,0.02607,0.01949,-54.92927,3920.00000
0.14480,0.14283,0.14316,0.14546,0.14480,0.14118,0.14414,0.14447,0.14447,0.14085,0.02146,0.02212,0.02311,0.02212,0.02376,-54.92927,3921.00000
0.14941,0.14052,0.14447,0.14809,0.14612,0.14612,0.13756,0.14217,0.14217,0.13526,0.02311,0.02541,0.02475,0.02475,0.02179,-54.46170,3922.00000
0.14710,0.14020,0.14348,0.14052,0.14381,0.14283,0.14085,0.13987,0.14184,0.14085,0.02344,0.02113,0.02508,0.01817,0.02080,-54.46170,3923.00000
0.14513,0.14118,0.14842,0.14414,0.14842,0.14085,0.14316,0.13888,0.14447,0.14217,0.02113,0.02311,0.01850,0.02376,0.02212,-54.22548,3924.00000
0.14283,0.14809,0.14217,0.14250,0.14875,0.14283,0.14151,0.14480,0.14184,0.13921,0.01982,0.02245,0.02344,0.02179,0.02344,-54.22548,3925.00000
0.14809,0.14645,0.14316,0.14250,0.14447,0.14118,0.14908,0.14612,0.14217,0.14052,0.01850,0.02179,0.02574,0.02508,0.02541,-54.94477,3926.00000
0.14447,0.14414,0.13756,0.14546,0.14546,0.14513,0.13625,0.14151,0.13987,0.14513,0.02607,0.02048,0.02278,0.02278,0.02376,-54.94477,3927.00000
0.14743,0.14710,0.14579,0.13756,0.14941,0.14579,0.14776,0.14052,0.14381,0.14250,0.02442,0.02179,0.02113,0.02672,0.02113,-54.77219,3928.00000
0.14776,0.13987,0.14151,0.14414,0.14447,0.14217,0.14020,0.14381,0.14579,0.14283,0.02311,0.02475,0.01850,0.02278,0.02311,-54.77219,3929.00000
0.14184,0.14283,0.15006,0.14381,0.14677,0.14546,0.14743,0.14447,0.14381,0.14020,0.02344,0.02080,0.02541,0.02607,0.02048,-55.34264,3930.00000
0.14645,0.14645,0.14316,0.14348,0.14283,0.14283,0.14414,0.14513,0.14118,0.14283,0.02212,0.02278,0.02080,0.02278,0.02376,-55.34264,3931.00000
0.14447,0.14579,0.14348,0.14447,0.14480,0.14118,0.13954,0.14184,0.14776,0.14480,0.02376,0.02179,0.02409,0.02607,0.02113,-55.32269,3932.00000
0.14513,0.14052,0.14645,0.14513,0.14579,0.14118,0.14118,0.14414,0.14414,0.14480,0.02146,0.02113,0.01916,0.02574,0.02640,-55.32269,3933.00000
0.14480,0.13822,0.14743,0.14348,0.15368,0.14612,0.14118,0.14316,0.14283,0.13954,0.02541,0.02344,0.01817,0.02376,0.02442,-55.40060,3934.00000
0.13987,0.14579,0.15171,0.14776,0.14513,0.13921,0.14052,0.14546,0.14414,0.14316,0.02607,0.02508,0.02344,0.02475,0.02179,-55.40060,3935.00000
0.14973,0.14480,0.14612,0.14217,0.14908,0.14085,0.14283,0.14710,0.14283,0.14941,0.02179,0.02376,0.02311,0.02344,0.02048,-55.73985,3936.00000
0.14381,0.14645,0.14217,0.14217,0.14579,0.14316,0.14020,0.14645,0.14381,0.14875,0.02344,0.02245,0.02311,0.02705,0.02311,-55.73985,3937.00000
0.13855,0.14743,0.14085,0.14316,0.14513,0.14151,0.14414,0.14414,0.14381,0.14184,0.02409,0.02607,0.02442,0.02344,0.02344,-55.70440,3938.00000
0.15006,0.14020,0.14875,0.14316,0.14118,0.13789,0.14447,0.14250,0.14348,0.14217,0.02870,0.02080,0.02212,0.02212,0.02113,-55.70440,3939.00000
0.13954,0.13888,0.14776,0.13921,0.14381,0.14250,0.14414,0.14052,0.14283,0.14184,0.02344,0.02212,0.02903,0.02442,0.02146,-56.25064,3940.00000
0.14480,0.14348,0.14645,0.14809,0.14941,0.14283,0.14513,0.14151,0.14184,0.14414,0.02179,0.02015,0.02738,0.02146,0.02048,-56.25064,3941.00000
0.14217,0.14316,0.15368,0.14118,0.13888,0.13789,0.14250,0.14151,0.13822,0.13987,0.02179,0.02442,0.02442,0.02376,0.02344,-55.90120,3942.00000
0.14217,0.14612,0.14546,0.14348,0.14710,0.13954,0.14776,0.14020,0.14118,0.14085,0.02212,0.02311,0.02212,0.02311,0.02541,-55.90120,3943.00000
0.14217,0.14579,0.14743,0.13954,0.14447,0.14480,0.14118,0.14052,0.14710,0.14250,0.02475,0.02409,0.02344,0.02080,0.02344,-55.10636,3944.00000
0.14546,0.13987,0.14283,0.14677,0.14283,0.14809,0.14513,0.14283,0.14316,0.14151,0.02146,0.02311,0.02508,0.02311,0.02409,-55.10636,3945.00000
0.14809,0.14316,0.14316,0.14776,0.14381,0.14579,0.14118,0.14348,0.14579,0.14447,0.01949,0.02278,0.02508,0.01883,0.02344,-55.94918,3946.00000
0.13921,0.13855,0.14875,0.14809,0.14020,0.13691,0.14085,0.14118,0.14217,0.14579,0.02113,0.02212,0.01784,0.02541,0.02080,-55.94918,3947.00000
0.14710,0.14184,0.14710,0.14184,0.14381,0.14381,0.14579,0.14283,0.14513,0.14283,0.02574,0.02311,0.02146,0.02212,0.02179,-56.17039,3948.00000
0.14579,0.14151,0.14612,0.14480,0.14842,0.13789,0.14283,0.14480,0.14020,0.14184,0.02771,0.02212,0.02245,0.01982,0.02015,-56.17039,3949.00000
0.14743,0.15006,0.14776,0.14217,0.14381,0.14743,0.14250,0.14348,0.14645,0.14381,0.02508,0.02146,0.02113,0.02344,0.02146,-55.05053,3950.00000
0.14184,0.14250,0.13855,0.14513,0.14217,0.14118,0.14480,0.14184,0.13789,0.14480,0.02179,0.02409,0.02541,0.02409,0.02344,-55.05053,3951.00000
0.14020,0.14348,0.14776,0.14776,0.14480,0.14151,0.14085,0.14085,0.14316,0.14809,0.02508,0.02245,0.02475,0.02015,0.02541,-55.55505,3952.00000
0.14546,0.14546,0.14316,0.14677,0.14447,0.14381,0.13888,0.14612,0.14283,0.14052,0.02574,0.02212,0.02245,0.02475,0.02672,-55.55505,3953.00000
0.14381,0.14513,0.13756,0.14052,0.14250,0.14645,0.14381,0.14118,0.14052,0.14250,0.02245,0.02442,0.02245,0.02212,0.02475,-54.96747,3954.00000
0.14710,0.14381,0.13625,0.14217,0.14513,0.14283,0.13855,0.14414,0.14348,0.14546,0.02179,0.02048,0.02475,0.02409,0.02705,-54.96747,3955.00000
0.14842,0.14809,0.14283,0.14348,0.14052,0.14381,0.14612,0.14250,0.14052,0.14381,0.02475,0.02146,0.02278,0.02212,0.02080,-54.91781,3956.00000
0.14612,0.14052,0.14020,0.14579,0.14052,0.14250,0.14250,0.14316,0.14118,0.14381,0.02508,0.02278,0.02344,0.02344,0.02179,-54.91781,3957.00000
0.14875,0.13888,0.14283,0.14085,0.13987,0.14250,0.13822,0.14085,0.14118,0.13954,0.02278,0.02179,0.02278,0.02212,0.02245,-54.16301,3958.00000
0.14677,0.14710,0.14348,0.14612,0.14480,0.14283,0.14513,0.13855,0.14414,0.14414,0.02344,0.02245,0.01982,0.02738,0.02212,-54.16301,3959.00000
0.14414,0.14316,0.14842,0.14447,0.14414,0.14348,0.14381,0.14283,0.14184,0.14513,0.02442,0.02442,0.02409,0.02311,0.02442,-54.21041,3960.00000
0.14579,0.13855,0.14480,0.14151,0.14513,0.14381,0.14020,0.14052,0.14020,0.14710,0.03100,0.01949,0.02245,0.02672,0.02409,-54.21041,3961.00000
0.14908,0.13756,0.14414,0.14020,0.14710,0.14184,0.14348,0.14348,0.14250,0.14645,0.02311,0.02376,0.02640,0.02409,0.02146,-55.24730,3962.00000
0.14283,0.15204,0.14414,0.14151,0.15006,0.13987,0.14250,0.14480,0.13691,0.14546,0.02475,0.02212,0.02442,0.01949,0.02113,-55.24730,3963.00000
0.14579,0.14776,0.14447,0.14283,0.14809,0.14151,0.14447,0.14085,0.14184,0.13855,0.02475,0.01784,0.02278,0.02574,0.02442,-55.15539,3964.00000
0.14546,0.14645,0.14250,0.14546,0.14612,0.14217,0.14381,0.14447,0.14250,0.14250,0.02080,0.02376,0.02705,0.02278,0.02640,-55.15539,3965.00000
0.14809,0.14085,0.14348,0.14677,0.13822,0.14151,0.14316,0.13526,0.14184,0.14250,0.02508,0.02080,0.02376,0.02146,0.02442,-55.26812,3966.00000
0.14250,0.14381,0.14743,0.14184,0.14645,0.14283,0.14052,0.14085,0.14381,0.14447,0.02442,0.02409,0.02672,0.02508,0.02475,-55.26812,3967.00000
0.14579,0.14776,0.14546,0.14513,0.14316,0.14513,0.14381,0.14645,0.13987,0.14184,0.02278,0.02376,0.02113,0.02508,0.01982,-55.42703,3968.00000
0.14579,0.14973,0.14348,0.14546,0.13855,0.14118,0.14250,0.14579,0.14085,0.14184,0.02245,0.02080,0.02903,0.02541,0.02113,-55.42703,3969.00000
0.14151,0.14842,0.14645,0.14677,0.15006,0.14480,0.14414,0.14217,0.14612,0.14348,0.02541,0.02212,0.02607,0.02146,0.02015,-56.50502,3970.00000
0.14381,0.14612,0.13921,0.14645,0.14151,0.14283,0.14217,0.14151,0.13756,0.13987,0.02574,0.02080,0.02409,0.02574,0.02146,-56.50502,3971.00000
0.14579,0.14414,0.14414,0.14480,0.14250,0.14020,0.14283,0.13987,0.14118,0.14118,0.02344,0.02212,0.02311,0.02475,0.02640,-55.94050,3972.00000
0.14250,0.14118,0.14480,0.14151,0.14118,0.14348,0.13987,0.14052,0.14184,0.14316,0.02080,0.02113,0.02278,0.02048,0.02080,-55.94050,3973.00000
0.14513,0.14677,0.13493,0.14809,0.14414,0.14381,0.13822,0.14184,0.13987,0.14612,0.02212,0.02508,0.02574,0.02344,0.01883,-55.12601,3974.00000
0.14250,0.14710,0.14381,0.14579,0.14184,0.14020,0.14118,0.14020,0.14316,0.14184,0.02705,0.02442,0.02179,0.02837,0.02936,-55.12601,3975.00000
0.14250,0.14414,0.14414,0.14677,0.14645,0.14085,0.14381,0.13987,0.14118,0.14184,0.02574,0.02442,0.02442,0.02311,0.02508,-55.10695,3976.00000
0.14645,0.14250,0.14217,0.14118,0.14941,0.14381,0.14480,0.14250,0.14052,0.14710,0.02311,0.02113,0.02113,0.02344,0.02442,-55.10695,3977.00000
0.13888,0.14250,0.14776,0.14414,0.14348,0.14250,0.13888,0.14710,0.14316,0.14020,0.02311,0.02311,0.02212,0.02113,0.02508,-55.77613,3978.00000
0.14414,0.14710,0.14381,0.14645,0.14546,0.14546,0.14381,0.14020,0.14447,0.14381,0.02344,0.02015,0.02475,0.02311,0.01916,-55.77613,3979.00000
0.14348,0.14677,0.14151,0.13954,0.14414,0.13855,0.14250,0.14151,0.14316,0.14579,0.02311,0.02245,0.02245,0.02048,0.02344,-54.92908,3980.00000
0.14381,0.14283,0.14020,0.14085,0.13691,0.13789,0.14546,0.14250,0.14283,0.14710,0.02212,0.02179,0.02442,0.02015,0.02278,-54.92908,3981.00000
0.14184,0.13691,0.13625,0.14052,0.14743,0.14381,0.14579,0.13888,0.14085,0.14316,0.02278,0.02278,0.02804,0.02146,0.02080,-54.65936,3982.00000
0.14316,0.14645,0.14381,0.13888,0.14250,0.14348,0.13888,0.14184,0.14250,0.14579,0.02179,0.02475,0.02409,0.02212,0.01850,-54.65936,3983.00000
0.14710,0.14645,0.13987,0.14645,0.14217,0.14085,0.14184,0.14480,0.14151,0.14184,0.02278,0.02245,0.02574,0.02376,0.02245,-54.32675,3984.00000
0.13921,0.14085,0.14020,0.14579,0.14052,0.14052,0.14316,0.13921,0.14184,0.13987,0.02475,0.02475,0.02508,0.02113,0.02113,-54.32675,3985.00000
0.14645,0.14447,0.14776,0.14020,0.14052,0.13658,0.13954,0.14217,0.13855,0.13789,0.02442,0.02048,0.02672,0.02212,0.01982,-54.17998,3986.00000
0.14217,0.14283,0.14546,0.14546,0.14381,0.14085,0.14118,0.14052,0.14480,0.13756,0.01949,0.02278,0.02048,0.02146,0.02607,-54.17998,3987.00000
0.13822,0.14414,0.14546,0.14085,0.14513,0.14316,0.14217,0.14348,0.13888,0.14020,0.02311,0.02113,0.02179,0.01850,0.02245,-54.90493,3988.00000
0.14283,0.13756,0.15237,0.14020,0.14645,0.14085,0.14052,0.13954,0.14118,0.13822,0.02311,0.02278,0.01949,0.02179,0.02113,-54.90493,3989.00000
0.13559,0.15006,0.14052,0.14381,0.13888,0.14217,0.13954,0.14645,0.14118,0.14348,0.02442,0.02442,0.02442,0.02278,0.02376,-54.93538,3990.00000
0.14283,0.14217,0.14743,0.14513,0.13691,0.13888,0.14579,0.14151,0.14020,0.14513,0.01784,0.01916,0.02344,0.02113,0.02278,-54.93538,3991.00000
0.14020,0.13789,0.14283,0.14513,0.14381,0.14283,0.14217,0.14250,0.13855,0.14052,0.02212,0.02278,0.01982,0.02541,0.02311,-54.97257,3992.00000
0.14118,0.14480,0.14414,0.14842,0.14118,0.14381,0.14316,0.14414,0.13724,0.13724,0.02541,0.02376,0.01883,0.02442,0.02376,-54.97257,3993.00000
0.14381,0.13855,0.14447,0.14217,0.14776,0.14381,0.14085,0.13855,0.14052,0.13493,0.02607,0.02179,0.01883,0.02376,0.02113,-55.43306,3994.00000
0.14085,0.13559,0.14776,0.14677,0.13822,0.14184,0.14414,0.14085,0.13987,0.13987,0.02179,0.02278,0.02344,0.02048,0.02475,-55.43306,3995.00000
0.13756,0.14020,0.14480,0.14085,0.14348,0.14151,0.14381,0.14447,0.14052,0.14480,0.02146,0.02015,0.02442,0.02409,0.02344,-55.79270,3996.00000
0.14480,0.13559,0.14118,0.14316,0.13822,0.14020,0.14085,0.13756,0.13954,0.14348,0.02212,0.02080,0.02179,0.02048,0.02837,-55.79270,3997.00000
0.14513,0.14546,0.14020,0.14316,0.14546,0.14381,0.14480,0.14283,0.13987,0.14381,0.02771,0.02475,0.02113,0.02113,0.02574,-55.08873,3998.00000
0.13987,0.13888,0.14546,0.14151,0.13954,0.14118,0.13987,0.14184,0.14381,0.14316,0.02245,0.02113,0.02640,0.02541,0.02475,-55.08873,3999.00000
0.14579,0.14348,0.14941,0.14414,0.13855,0.13724,0.13921,0.13855,0.13954,0.14513,0.02376,0.02212,0.02344,0.02409,0.02574,-55.09075,4000.00000
0.14381,0.14184,0.14612,0.14480,0.14447,0.14052,0.14052,0.14447,0.14217,0.14283,0.01949,0.02080,0.02015,0.02146,0.02344,-55.09075,4001.00000
0.14842,0.13756,0.14447,0.13888,0.14217,0.14217,0.14217,0.14118,0.13987,0.14381,0.02311,0.02344,0.02245,0.02508,0.02245,-54.96969,4002.00000
0.14052,0.14513,0.14250,0.14118,0.14151,0.14020,0.13855,0.13888,0.14151,0.13954,0.02048,0.01850,0.02113,0.02212,0.02179,-54.96969,4003.00000
0.14283,0.14250,0.14184,0.14217,0.14710,0.14316,0.14612,0.13658,0.14151,0.14250,0.02212,0.02245,0.02311,0.02376,0.02212,-55.70262,4004.00000
0.14480,0.14348,0.14546,0.13954,0.14513,0.14151,0.14480,0.14447,0.13987,0.14283,0.02179,0.02705,0.02146,0.02376,0.02311,-55.70262,4005.00000
0.14809,0.14118,0.14612,0.14151,0.14414,0.14316,0.14250,0.14283,0.14217,0.14283,0.02376,0.02080,0.01982,0.02245,0.02146,-55.45141,4006.00000
0.14414,0.14118,0.13855,0.14579,0.14151,0.14217,0.13987,0.14447,0.14546,0.14513,0.02278,0.02442,0.01982,0.02278,0.02080,-55.45141,4007.00000
0.14546,0.14612,0.14283,0.14414,0.13921,0.14447,0.14283,0.13987,0.13921,0.14151,0.02015,0.02146,0.02475,0.02311,0.02113,-55.35998,4008.00000
0.14842,0.14283,0.14447,0.14776,0.14546,0.14513,0.14151,0.14414,0.14184,0.14020,0.01949,0.02212,0.02146,0.01949,0.02113,-55.35998,4009.00000
0.14151,0.14546,0.14447,0.14184,0.14941,0.14085,0.13987,0.14283,0.14316,0.13691,0.02311,0.02607,0.02113,0.02640,0.02080,-55.29474,4010.00000
0.14217,0.14414,0.14217,0.13592,0.14546,0.14020,0.14151,0.14052,0.14283,0.14316,0.02442,0.02311,0.02311,0.02376,0.02508,-55.29474,4011.00000
0.13921,0.14480,0.14151,0.14118,0.13756,0.14447,0.13855,0.14085,0.14381,0.13921,0.02607,0.02442,0.02278,0.02245,0.02475,-55.29141,4012.00000
0.14118,0.14283,0.14250,0.14217,0.14250,0.14348,0.14414,0.14447,0.14250,0.13493,0.02376,0.02245,0.02212,0.02344,0.02245,-55.29141,4013.00000
0.14941,0.14118,0.13987,0.13691,0.14348,0.14020,0.14250,0.14381,0.14184,0.14513,0.02311,0.02409,0.01949,0.02278,0.02376,-55.16035,4014.00000
