3.522,3.526,3.524,3.522,3.521,9.520,9.510,9.515,9.515,9.512,-55.127,-4014.000
3.521,3.525,3.528,3.523,3.521,9.506,9.508,9.509,9.509,9.507,-55.127,-4013.000
3.527,3.533,3.525,3.522,3.522,9.509,9.512,9.510,9.510,9.510,-55.654,-4012.000
3.527,3.518,3.524,3.525,3.523,9.506,9.502,9.503,9.505,9.505,-55.654,-4011.000
3.522,3.526,3.523,3.526,3.521,9.507,9.508,9.505,9.507,9.511,-56.287,-4010.000
3.517,3.520,3.524,3.522,3.521,9.501,9.503,9.502,9.511,9.502,-56.287,-4009.000
3.519,3.524,3.521,3.521,3.524,9.503,9.504,9.507,9.506,9.503,-55.997,-4008.000
3.522,3.519,3.531,3.519,3.530,9.504,9.502,9.503,9.501,9.508,-55.997,-4007.000
3.528,3.528,3.525,3.520,3.524,9.509,9.509,9.511,9.506,9.508,-55.401,-4006.000
3.534,3.532,3.529,3.530,3.532,9.518,9.523,9.521,9.522,9.520,-55.401,-4005.000
3.532,3.529,3.532,3.531,3.529,9.527,9.527,9.528,9.527,9.530,-55.406,-4004.000
3.523,3.530,3.532,3.530,3.528,9.527,9.526,9.527,9.527,9.527,-55.406,-4003.000
3.528,3.529,3.530,3.538,3.533,9.530,9.527,9.525,9.528,9.529,-55.525,-4002.000
3.528,3.529,3.529,3.526,3.529,9.527,9.530,9.523,9.522,9.527,-55.525,-4001.000
3.526,3.529,3.524,3.526,3.525,9.528,9.529,9.528,9.524,9.521,-56.122,-4000.000
3.521,3.529,3.532,3.521,3.527,9.527,9.519,9.521,9.522,9.524,-56.122,-3999.000
3.519,3.525,3.531,3.527,3.527,9.525,9.529,9.528,9.526,9.524,-56.074,-3998.000
3.532,3.529,3.525,3.532,3.530,9.526,9.535,9.532,9.534,9.531,-56.074,-3997.000
3.528,3.529,3.531,3.527,3.532,9.535,9.540,9.540,9.537,9.536,-55.969,-3996.000
3.526,3.541,3.532,3.528,3.534,9.541,9.552,9.548,9.547,9.546,-55.969,-3995.000
3.534,3.533,3.534,3.532,3.536,9.544,9.540,9.550,9.548,9.546,-55.472,-3994.000
3.531,3.530,3.532,3.537,3.532,9.545,9.541,9.543,9.540,9.542,-55.472,-3993.000
3.532,3.531,3.532,3.531,3.532,9.544,9.544,9.550,9.542,9.539,-56.069,-3992.000
3.534,3.526,3.532,3.529,3.534,9.546,9.543,9.542,9.540,9.544,-56.069,-3991.000
3.535,3.535,3.530,3.537,3.531,9.552,9.549,9.547,9.546,9.548,-56.162,-3990.000
3.533,3.535,3.532,3.539,3.535,9.553,9.550,9.550,9.552,9.551,-56.162,-3989.000
3.535,3.540,3.539,3.534,3.527,9.558,9.562,9.559,9.552,9.556,-56.340,-3988.000
3.540,3.535,3.532,3.534,3.534,9.559,9.558,9.558,9.558,9.559,-56.340,-3987.000
3.533,3.535,3.536,3.536,3.540,9.553,9.545,9.550,9.547,9.553,-56.112,-3986.000
3.528,3.535,3.527,3.528,3.531,9.546,9.549,9.544,9.543,9.544,-56.112,-3985.000
3.526,3.527,3.525,3.524,3.521,9.539,9.530,9.539,9.533,9.533,-56.584,-3984.000
3.526,3.526,3.530,3.525,3.530,9.529,9.527,9.528,9.532,9.532,-56.584,-3983.000
3.527,3.526,3.526,3.531,3.528,9.528,9.528,9.528,9.529,9.534,-56.585,-3982.000
3.521,3.531,3.531,3.523,3.527,9.535,9.531,9.536,9.533,9.531,-56.585,-3981.000
3.527,3.530,3.527,3.529,3.528,9.531,9.530,9.527,9.530,9.535,-56.239,-3980.000
3.534,3.527,3.525,3.529,3.520,9.525,9.530,9.531,9.530,9.525,-56.239,-3979.000
3.526,3.533,3.522,3.524,3.528,9.529,9.530,9.528,9.521,9.527,-56.027,-3978.000
3.519,3.523,3.524,3.519,3.527,9.522,9.517,9.520,9.513,9.517,-56.027,-3977.000
3.520,3.523,3.522,3.519,3.522,9.511,9.512,9.509,9.512,9.510,-56.505,-3976.000
3.513,3.512,3.519,3.515,3.517,9.496,9.498,9.497,9.496,9.498,-56.505,-3975.000
3.515,3.517,3.510,3.516,3.514,9.490,9.493,9.497,9.494,9.488,-56.246,-3974.000
3.502,3.512,3.511,3.510,3.509,9.484,9.481,9.481,9.481,9.481,-56.246,-3973.000
3.508,3.512,3.507,3.502,3.505,9.478,9.472,9.474,9.473,9.479,-56.246,-3972.000
3.506,3.509,3.503,3.499,3.501,9.469,9.467,9.464,9.465,9.468,-56.961,-3971.000
3.505,3.500,3.504,3.500,3.498,9.456,9.454,9.458,9.459,9.457,-56.961,-3970.000
3.497,3.493,3.499,3.496,3.493,9.450,9.449,9.446,9.444,9.444,-56.293,-3969.000
3.495,3.493,3.490,3.493,3.493,9.435,9.438,9.435,9.436,9.436,-56.293,-3968.000
3.493,3.496,3.499,3.496,3.498,9.447,9.446,9.448,9.452,9.452,-55.624,-3967.000
3.504,3.497,3.499,3.501,3.495,9.459,9.454,9.460,9.459,9.462,-55.624,-3966.000
3.505,3.501,3.505,3.502,3.504,9.471,9.467,9.466,9.469,9.470,-55.822,-3965.000
3.506,3.511,3.510,3.505,3.509,9.483,9.482,9.476,9.480,9.479,-55.822,-3964.000
3.509,3.511,3.508,3.514,3.515,9.486,9.489,9.492,9.493,9.487,-55.189,-3963.000
3.512,3.519,3.515,3.519,3.517,9.498,9.506,9.503,9.503,9.507,-55.189,-3962.000
3.515,3.515,3.521,3.521,3.522,9.517,9.511,9.513,9.516,9.517,-54.867,-3961.000
3.522,3.521,3.519,3.525,3.519,9.521,9.515,9.518,9.520,9.522,-54.867,-3960.000
3.525,3.526,3.526,3.526,3.526,9.528,9.525,9.527,9.528,9.529,-55.134,-3959.000
3.525,3.525,3.524,3.528,3.523,9.528,9.524,9.527,9.528,9.530,-55.134,-3958.000
3.529,3.526,3.524,3.526,3.522,9.536,9.532,9.532,9.529,9.530,-55.885,-3957.000
3.523,3.525,3.532,3.524,3.531,9.534,9.527,9.533,9.539,9.535,-55.885,-3956.000
3.528,3.528,3.524,3.531,3.524,9.538,9.531,9.533,9.530,9.539,-55.940,-3955.000
3.532,3.527,3.524,3.529,3.526,9.539,9.532,9.540,9.534,9.538,-55.940,-3954.000
3.523,3.523,3.525,3.519,3.527,9.538,9.538,9.539,9.544,9.539,-55.192,-3953.000
3.524,3.521,3.525,3.527,3.522,9.535,9.529,9.533,9.533,9.534,-55.192,-3952.000
3.524,3.521,3.517,3.516,3.524,9.524,9.523,9.526,9.520,9.529,-55.750,-3951.000
3.516,3.517,3.509,3.513,3.517,9.511,9.509,9.507,9.503,9.509,-55.750,-3950.000
3.508,3.507,3.508,3.506,3.500,9.483,9.484,9.481,9.478,9.483,-56.881,-3949.000
3.491,3.490,3.490,3.489,3.493,9.452,9.451,9.446,9.446,9.449,-56.881,-3948.000
3.481,3.483,3.481,3.487,3.480,9.417,9.413,9.418,9.416,9.418,-56.507,-3947.000
3.478,3.470,3.471,3.480,3.470,9.402,9.399,9.399,9.400,9.397,-56.507,-3946.000
3.481,3.475,3.480,3.478,3.481,9.403,9.404,9.402,9.406,9.409,-56.193,-3945.000
3.477,3.486,3.484,3.475,3.477,9.415,9.414,9.413,9.408,9.408,-56.193,-3944.000
3.473,3.478,3.478,3.474,3.478,9.396,9.399,9.402,9.395,9.401,-55.709,-3943.000
3.468,3.474,3.466,3.468,3.467,9.384,9.382,9.385,9.384,9.382,-55.709,-3942.000
3.479,3.471,3.479,3.473,3.480,9.400,9.395,9.405,9.408,9.404,-55.747,-3941.000
3.500,3.505,3.502,3.505,3.506,9.470,9.474,9.471,9.472,9.472,-55.747,-3940.000
3.517,3.519,3.518,3.518,3.522,9.510,9.514,9.509,9.525,9.520,-55.879,-3939.000
3.537,3.529,3.543,3.534,3.538,9.556,9.559,9.563,9.559,9.557,-55.879,-3938.000
3.522,3.518,3.522,3.519,3.513,9.524,9.524,9.523,9.518,9.520,-56.060,-3937.000
3.494,3.501,3.489,3.492,3.489,9.452,9.448,9.445,9.446,9.444,-56.060,-3936.000
3.476,3.480,3.468,3.478,3.471,9.402,9.401,9.406,9.402,9.402,-55.386,-3935.000
3.471,3.467,3.474,3.474,3.472,9.394,9.398,9.400,9.397,9.393,-55.386,-3934.000
3.481,3.474,3.477,3.483,3.479,9.413,9.417,9.412,9.412,9.420,-55.359,-3933.000
3.500,3.500,3.498,3.490,3.497,9.460,9.464,9.459,9.462,9.466,-55.359,-3932.000
3.505,3.508,3.509,3.507,3.511,9.505,9.501,9.506,9.505,9.504,-54.940,-3931.000
3.508,3.504,3.511,3.509,3.504,9.502,9.506,9.505,9.500,9.500,-54.940,-3930.000
3.490,3.496,3.495,3.497,3.489,9.465,9.460,9.462,9.457,9.459,-55.241,-3929.000
3.488,3.480,3.481,3.483,3.486,9.437,9.437,9.439,9.438,9.443,-55.241,-3928.000
3.494,3.497,3.498,3.497,3.501,9.461,9.463,9.462,9.467,9.467,-55.846,-3927.000
3.509,3.508,3.510,3.511,3.514,9.502,9.505,9.506,9.505,9.510,-55.846,-3926.000
3.524,3.522,3.525,3.527,3.525,9.544,9.535,9.539,9.541,9.547,-55.491,-3925.000
3.530,3.531,3.529,3.533,3.530,9.547,9.553,9.548,9.549,9.552,-55.491,-3924.000
3.522,3.526,3.522,3.527,3.527,9.533,9.530,9.529,9.531,9.533,-55.491,-3923.000
3.513,3.507,3.519,3.514,3.510,9.503,9.504,9.502,9.499,9.492,-56.342,-3922.000
3.496,3.494,3.487,3.493,3.492,9.453,9.449,9.448,9.445,9.448,-56.342,-3921.000
3.485,3.485,3.490,3.484,3.481,9.426,9.421,9.424,9.420,9.422,-55.830,-3920.000
3.484,3.481,3.486,3.480,3.489,9.414,9.415,9.420,9.420,9.418,-55.830,-3919.000
3.488,3.485,3.486,3.486,3.492,9.424,9.426,9.423,9.424,9.417,-55.720,-3918.000
3.487,3.487,3.489,3.489,3.488,9.430,9.426,9.426,9.425,9.427,-55.720,-3917.000
3.487,3.483,3.487,3.486,3.489,9.427,9.423,9.427,9.424,9.421,-56.405,-3916.000
3.488,3.487,3.486,3.493,3.491,9.421,9.421,9.429,9.429,9.428,-56.405,-3915.000
3.487,3.490,3.489,3.488,3.490,9.429,9.424,9.425,9.428,9.433,-57.021,-3914.000
3.489,3.492,3.485,3.490,3.485,9.428,9.426,9.429,9.428,9.425,-57.021,-3913.000
3.486,3.490,3.489,3.486,3.485,9.423,9.423,9.426,9.427,9.430,-56.125,-3912.000
3.490,3.483,3.483,3.487,3.484,9.417,9.414,9.416,9.419,9.412,-56.125,-3911.000
3.482,3.481,3.474,3.483,3.484,9.400,9.399,9.398,9.403,9.404,-57.101,-3910.000
3.479,3.476,3.477,3.480,3.486,9.395,9.391,9.391,9.396,9.396,-57.101,-3909.000
3.479,3.480,3.480,3.483,3.477,9.394,9.397,9.399,9.397,9.397,-56.402,-3908.000
3.482,3.476,3.483,3.478,3.484,9.398,9.398,9.397,9.402,9.397,-56.402,-3907.000
3.479,3.480,3.483,3.473,3.481,9.398,9.403,9.398,9.393,9.397,-56.184,-3906.000
3.482,3.475,3.472,3.471,3.474,9.385,9.383,9.382,9.385,9.386,-56.184,-3905.000
3.485,3.485,3.477,3.479,3.478,9.403,9.397,9.398,9.400,9.399,-55.770,-3904.000
3.502,3.488,3.490,3.498,3.490,9.430,9.429,9.433,9.431,9.432,-55.770,-3903.000
3.497,3.498,3.498,3.496,3.501,9.445,9.447,9.445,9.445,9.446,-55.954,-3902.000
3.501,3.498,3.505,3.498,3.502,9.451,9.451,9.454,9.454,9.457,-55.954,-3901.000
3.508,3.499,3.503,3.505,3.505,9.457,9.458,9.456,9.456,9.458,-56.446,-3900.000
3.498,3.506,3.500,3.501,3.499,9.458,9.457,9.454,9.458,9.456,-56.446,-3899.000
3.498,3.497,3.499,3.498,3.501,9.449,9.453,9.451,9.447,9.448,-55.840,-3898.000
3.502,3.502,3.495,3.498,3.496,9.442,9.441,9.444,9.442,9.439,-55.840,-3897.000
3.498,3.491,3.499,3.498,3.495,9.443,9.443,9.442,9.442,9.448,-55.906,-3896.000
3.498,3.499,3.499,3.493,3.499,9.444,9.450,9.447,9.445,9.449,-55.906,-3895.000
3.500,3.500,3.497,3.501,3.496,9.448,9.455,9.452,9.450,9.450,-56.200,-3894.000
3.501,3.501,3.506,3.499,3.497,9.456,9.454,9.458,9.453,9.451,-56.200,-3893.000
3.502,3.504,3.502,3.498,3.503,9.453,9.455,9.459,9.457,9.460,-56.200,-3892.000
3.502,3.499,3.503,3.502,3.502,9.456,9.457,9.461,9.457,9.454,-56.391,-3891.000
3.502,3.500,3.505,3.503,3.501,9.457,9.461,9.463,9.461,9.458,-56.391,-3890.000
3.505,3.507,3.502,3.499,3.503,9.461,9.464,9.464,9.461,9.467,-56.391,-3889.000
3.504,3.505,3.502,3.499,3.505,9.466,9.465,9.467,9.463,9.473,-56.758,-3888.000
3.502,3.508,3.506,3.506,3.504,9.469,9.472,9.470,9.469,9.468,-56.758,-3887.000
3.508,3.505,3.507,3.509,3.501,9.471,9.467,9.475,9.475,9.471,-56.758,-3886.000
3.505,3.506,3.506,3.511,3.509,9.475,9.474,9.465,9.472,9.472,-55.896,-3885.000
3.509,3.503,3.510,3.506,3.509,9.475,9.475,9.474,9.470,9.474,-55.896,-3884.000
3.504,3.507,3.505,3.508,3.512,9.469,9.467,9.473,9.471,9.471,-55.953,-3883.000
3.505,3.508,3.502,3.496,3.507,9.461,9.461,9.460,9.460,9.471,-55.953,-3882.000
3.501,3.498,3.502,3.495,3.497,9.456,9.458,9.455,9.458,9.457,-55.850,-3881.000
3.500,3.503,3.501,3.502,3.496,9.458,9.453,9.456,9.451,9.457,-55.850,-3880.000
3.493,3.501,3.496,3.501,3.493,9.455,9.448,9.451,9.452,9.450,-56.162,-3879.000
3.500,3.500,3.498,3.499,3.496,9.452,9.450,9.444,9.446,9.447,-56.162,-3878.000
3.498,3.499,3.496,3.499,3.495,9.450,9.454,9.450,9.452,9.454,-55.288,-3877.000
3.501,3.508,3.507,3.503,3.498,9.462,9.456,9.457,9.461,9.462,-55.288,-3876.000
3.502,3.503,3.505,3.501,3.507,9.471,9.464,9.466,9.472,9.465,-55.425,-3875.000
3.508,3.504,3.508,3.509,3.505,9.476,9.478,9.482,9.478,9.477,-55.425,-3874.000
3.513,3.505,3.512,3.504,3.508,9.485,9.479,9.485,9.483,9.488,-55.425,-3873.000
3.510,3.513,3.507,3.515,3.509,9.486,9.486,9.492,9.490,9.493,-55.569,-3872.000
3.515,3.507,3.513,3.510,3.504,9.486,9.492,9.488,9.493,9.487,-55.569,-3871.000
3.511,3.508,3.510,3.507,3.508,9.487,9.479,9.482,9.488,9.480,-55.992,-3870.000
3.500,3.500,3.506,3.498,3.501,9.469,9.471,9.467,9.466,9.472,-55.992,-3869.000
3.501,3.498,3.496,3.499,3.498,9.462,9.460,9.456,9.456,9.456,-55.403,-3868.000
3.496,3.494,3.491,3.489,3.492,9.453,9.451,9.451,9.457,9.446,-55.403,-3867.000
3.494,3.490,3.490,3.490,3.496,9.444,9.441,9.445,9.447,9.441,-55.021,-3866.000
3.481,3.484,3.483,3.483,3.482,9.423,9.438,9.424,9.430,9.422,-55.021,-3865.000
3.484,3.483,3.481,3.485,3.483,9.424,9.420,9.415,9.424,9.425,-56.178,-3864.000
3.472,3.476,3.480,3.477,3.477,9.408,9.404,9.405,9.407,9.409,-56.178,-3863.000
3.477,3.471,3.470,3.464,3.465,9.386,9.393,9.385,9.392,9.391,-56.541,-3862.000
3.465,3.463,3.470,3.462,3.470,9.376,9.372,9.375,9.374,9.377,-56.541,-3861.000
3.457,3.459,3.459,3.467,3.463,9.364,9.365,9.360,9.370,9.363,-56.293,-3860.000
3.457,3.452,3.453,3.454,3.457,9.358,9.353,9.349,9.348,9.353,-56.293,-3859.000
3.451,3.454,3.450,3.458,3.456,9.346,9.346,9.344,9.352,9.343,-55.978,-3858.000
3.445,3.451,3.454,3.445,3.447,9.339,9.349,9.340,9.341,9.337,-55.978,-3857.000
3.440,3.445,3.446,3.446,3.447,9.334,9.332,9.333,9.333,9.330,-56.004,-3856.000
3.447,3.443,3.445,3.444,3.443,9.325,9.326,9.324,9.321,9.323,-56.004,-3855.000
3.438,3.439,3.442,3.438,3.435,9.308,9.310,9.307,9.302,9.307,-56.117,-3854.000
3.435,3.439,3.439,3.441,3.433,9.304,9.299,9.304,9.302,9.304,-56.117,-3853.000
3.435,3.434,3.438,3.437,3.436,9.290,9.292,9.296,9.302,9.302,-55.649,-3852.000
3.431,3.434,3.425,3.434,3.432,9.286,9.293,9.293,9.291,9.291,-55.649,-3851.000
3.426,3.420,3.436,3.427,3.433,9.281,9.279,9.276,9.280,9.277,-56.274,-3850.000
3.428,3.427,3.423,3.425,3.432,9.273,9.269,9.265,9.276,9.270,-56.274,-3849.000
3.427,3.417,3.423,3.422,3.417,9.269,9.265,9.270,9.266,9.268,-56.274,-3848.000
3.417,3.423,3.419,3.424,3.423,9.265,9.265,9.265,9.256,9.262,-55.803,-3847.000
3.425,3.419,3.423,3.425,3.423,9.262,9.251,9.258,9.256,9.258,-55.803,-3846.000
3.419,3.419,3.418,3.416,3.422,9.254,9.260,9.255,9.250,9.252,-55.580,-3845.000
3.424,3.422,3.420,3.420,3.418,9.251,9.258,9.254,9.252,9.255,-55.580,-3844.000
3.414,3.416,3.417,3.421,3.417,9.249,9.249,9.245,9.253,9.250,-55.805,-3843.000
3.416,3.415,3.425,3.421,3.412,9.247,9.248,9.248,9.250,9.252,-55.805,-3842.000
3.415,3.413,3.417,3.424,3.412,9.245,9.246,9.250,9.248,9.250,-55.483,-3841.000
3.420,3.411,3.417,3.414,3.414,9.246,9.242,9.243,9.240,9.242,-55.483,-3840.000
3.414,3.410,3.413,3.407,3.419,9.235,9.240,9.241,9.236,9.236,-56.003,-3839.000
3.408,3.411,3.408,3.411,3.415,9.232,9.232,9.230,9.232,9.231,-56.003,-3838.000
3.413,3.412,3.409,3.406,3.413,9.230,9.225,9.227,9.219,9.224,-54.894,-3837.000
3.410,3.412,3.406,3.409,3.409,9.220,9.225,9.224,9.230,9.230,-54.894,-3836.000
3.412,3.413,3.410,3.414,3.405,9.227,9.226,9.230,9.228,9.230,-54.771,-3835.000
3.414,3.409,3.411,3.410,3.407,9.224,9.224,9.223,9.227,9.226,-54.771,-3834.000
3.409,3.414,3.409,3.414,3.413,9.221,9.227,9.223,9.230,9.227,-54.639,-3833.000
3.406,3.417,3.406,3.412,3.410,9.222,9.226,9.231,9.231,9.226,-54.639,-3832.000
3.408,3.412,3.406,3.408,3.405,9.226,9.216,9.221,9.217,9.221,-54.800,-3831.000
3.406,3.409,3.410,3.400,3.403,9.218,9.213,9.214,9.214,9.217,-54.800,-3830.000
3.407,3.411,3.406,3.406,3.405,9.209,9.211,9.208,9.215,9.206,-54.907,-3829.000
3.403,3.399,3.404,3.403,3.400,9.201,9.206,9.202,9.208,9.200,-54.907,-3828.000
3.398,3.401,3.397,3.394,3.402,9.202,9.206,9.202,9.199,9.196,-55.366,-3827.000
3.398,3.402,3.400,3.404,3.400,9.202,9.198,9.199,9.197,9.198,-55.366,-3826.000
3.398,3.392,3.403,3.396,3.396,9.192,9.191,9.196,9.200,9.197,-54.888,-3825.000
3.398,3.399,3.396,3.397,3.398,9.190,9.193,9.191,9.196,9.191,-54.888,-3824.000
3.395,3.401,3.394,3.396,3.396,9.185,9.187,9.187,9.191,9.185,-54.670,-3823.000
3.399,3.397,3.396,3.394,3.395,9.189,9.187,9.183,9.190,9.189,-54.670,-3822.000
3.398,3.394,3.396,3.399,3.392,9.190,9.188,9.193,9.190,9.187,-55.048,-3821.000
3.398,3.391,3.393,3.394,3.394,9.191,9.185,9.186,9.189,9.184,-55.048,-3820.000
3.390,3.396,3.390,3.397,3.397,9.189,9.187,9.189,9.185,9.191,-54.528,-3819.000
3.395,3.396,3.392,3.398,3.395,9.185,9.178,9.191,9.187,9.192,-54.528,-3818.000
3.396,3.397,3.394,3.400,3.396,9.188,9.189,9.187,9.192,9.188,-53.773,-3817.000
3.392,3.404,3.392,3.399,3.396,9.187,9.189,9.188,9.190,9.186,-53.773,-3816.000
3.391,3.398,3.388,3.398,3.395,9.194,9.190,9.189,9.186,9.187,-52.839,-3815.000
3.398,3.399,3.394,3.398,3.398,9.190,9.190,9.192,9.186,9.190,-52.839,-3814.000
3.400,3.395,3.392,3.400,3.399,9.195,9.200,9.193,9.196,9.187,-54.022,-3813.000
3.400,3.400,3.403,3.402,3.396,9.199,9.198,9.193,9.200,9.197,-54.022,-3812.000
3.395,3.407,3.401,3.402,3.399,9.200,9.205,9.203,9.203,9.206,-54.377,-3811.000
3.404,3.407,3.401,3.400,3.409,9.210,9.212,9.214,9.212,9.213,-54.377,-3810.000
3.404,3.407,3.407,3.409,3.406,9.215,9.217,9.217,9.224,9.220,-54.342,-3809.000
3.409,3.410,3.408,3.411,3.409,9.228,9.229,9.224,9.227,9.223,-54.342,-3808.000
3.413,3.414,3.410,3.411,3.409,9.226,9.231,9.226,9.230,9.232,-53.811,-3807.000
3.409,3.408,3.411,3.414,3.413,9.233,9.237,9.230,9.231,9.230,-53.811,-3806.000
3.407,3.412,3.412,3.409,3.409,9.227,9.227,9.231,9.224,9.230,-54.386,-3805.000
3.414,3.410,3.416,3.408,3.409,9.235,9.227,9.232,9.227,9.231,-54.386,-3804.000
3.415,3.406,3.414,3.409,3.414,9.230,9.224,9.236,9.227,9.227,-54.412,-3803.000
3.408,3.410,3.409,3.405,3.407,9.223,9.225,9.227,9.228,9.229,-54.412,-3802.000
3.409,3.406,3.410,3.406,3.412,9.222,9.223,9.224,9.227,9.224,-54.735,-3801.000
3.412,3.407,3.406,3.412,3.407,9.222,9.220,9.222,9.224,9.218,-54.735,-3800.000
3.408,3.407,3.411,3.409,3.406,9.223,9.223,9.221,9.223,9.215,-55.273,-3799.000
3.406,3.406,3.403,3.407,3.405,9.221,9.221,9.219,9.218,9.222,-55.273,-3798.000
3.403,3.409,3.405,3.412,3.409,9.223,9.224,9.220,9.221,9.220,-54.758,-3797.000
3.405,3.405,3.404,3.406,3.404,9.219,9.220,9.214,9.213,9.212,-54.758,-3796.000
3.405,3.406,3.405,3.400,3.401,9.210,9.209,9.209,9.212,9.213,-55.568,-3795.000
3.407,3.401,3.404,3.404,3.409,9.208,9.208,9.210,9.213,9.216,-55.568,-3794.000
3.405,3.401,3.406,3.401,3.399,9.210,9.215,9.208,9.207,9.214,-55.694,-3793.000
3.400,3.402,3.405,3.401,3.403,9.213,9.212,9.207,9.212,9.215,-55.694,-3792.000
3.400,3.402,3.397,3.401,3.408,9.213,9.214,9.210,9.209,9.208,-55.293,-3791.000
3.403,3.401,3.399,3.403,3.400,9.210,9.208,9.205,9.207,9.209,-55.293,-3790.000
3.401,3.395,3.402,3.398,3.402,9.210,9.207,9.209,9.210,9.213,-55.828,-3789.000
3.397,3.405,3.397,3.400,3.397,9.208,9.210,9.210,9.209,9.209,-55.828,-3788.000
3.399,3.398,3.403,3.398,3.398,9.209,9.212,9.213,9.210,9.212,-55.067,-3787.000
3.404,3.401,3.406,3.412,3.403,9.215,9.214,9.217,9.210,9.214,-55.067,-3786.000
3.401,3.404,3.411,3.402,3.406,9.218,9.224,9.220,9.225,9.221,-55.678,-3785.000
3.398,3.402,3.402,3.408,3.401,9.226,9.222,9.225,9.224,9.221,-55.678,-3784.000
3.401,3.405,3.401,3.407,3.401,9.221,9.218,9.220,9.220,9.214,-55.556,-3783.000
3.406,3.397,3.408,3.403,3.398,9.212,9.213,9.211,9.215,9.213,-55.556,-3782.000
3.401,3.401,3.401,3.399,3.407,9.214,9.213,9.219,9.220,9.214,-54.993,-3781.000
3.400,3.404,3.393,3.399,3.401,9.216,9.217,9.212,9.220,9.217,-54.993,-3780.000
3.395,3.400,3.399,3.395,3.403,9.217,9.216,9.215,9.219,9.216,-54.537,-3779.000
3.406,3.403,3.404,3.400,3.401,9.221,9.220,9.212,9.214,9.217,-54.537,-3778.000
3.404,3.408,3.399,3.399,3.402,9.218,9.217,9.220,9.220,9.222,-55.096,-3777.000
3.401,3.404,3.403,3.403,3.397,9.225,9.225,9.222,9.223,9.220,-55.096,-3776.000
3.409,3.406,3.408,3.407,3.404,9.224,9.229,9.229,9.230,9.232,-55.096,-3775.000
3.407,3.404,3.403,3.403,3.409,9.232,9.237,9.238,9.235,9.235,-54.933,-3774.000
3.409,3.408,3.415,3.410,3.403,9.246,9.241,9.242,9.241,9.239,-54.933,-3773.000
3.412,3.406,3.414,3.415,3.412,9.252,9.251,9.250,9.252,9.255,-54.933,-3772.000
3.414,3.415,3.418,3.417,3.415,9.260,9.251,9.253,9.254,9.255,-54.857,-3771.000
3.419,3.416,3.412,3.418,3.409,9.261,9.263,9.264,9.260,9.267,-54.857,-3770.000
3.417,3.426,3.418,3.419,3.419,9.260,9.268,9.268,9.270,9.272,-54.857,-3769.000
3.423,3.426,3.421,3.421,3.418,9.272,9.275,9.277,9.277,9.280,-55.368,-3768.000
3.428,3.420,3.424,3.428,3.427,9.278,9.281,9.280,9.280,9.280,-55.368,-3767.000
3.421,3.430,3.420,3.428,3.426,9.286,9.283,9.284,9.286,9.284,-55.086,-3766.000
3.424,3.424,3.426,3.424,3.432,9.293,9.288,9.292,9.292,9.287,-55.086,-3765.000
3.422,3.427,3.423,3.422,3.421,9.288,9.293,9.292,9.291,9.293,-55.160,-3764.000
3.431,3.426,3.426,3.421,3.430,9.295,9.292,9.293,9.299,9.297,-55.160,-3763.000
3.428,3.431,3.425,3.432,3.423,9.287,9.295,9.290,9.289,9.291,-55.456,-3762.000
3.426,3.422,3.424,3.430,3.424,9.287,9.287,9.282,9.290,9.287,-55.456,-3761.000
3.421,3.425,3.421,3.423,3.421,9.281,9.279,9.278,9.273,9.271,-55.514,-3760.000
3.421,3.414,3.423,3.415,3.422,9.265,9.266,9.264,9.270,9.264,-55.514,-3759.000
3.414,3.418,3.414,3.412,3.416,9.263,9.261,9.265,9.262,9.264,-55.396,-3758.000
3.416,3.423,3.415,3.415,3.412,9.255,9.256,9.255,9.254,9.255,-55.396,-3757.000
3.415,3.412,3.406,3.415,3.411,9.253,9.255,9.252,9.253,9.252,-56.111,-3756.000
3.412,3.411,3.411,3.410,3.410,9.250,9.246,9.248,9.247,9.245,-56.111,-3755.000
3.412,3.410,3.411,3.408,3.411,9.244,9.246,9.242,9.245,9.244,-55.370,-3754.000
3.409,3.408,3.403,3.402,3.408,9.238,9.239,9.239,9.238,9.238,-55.370,-3753.000
3.403,3.408,3.412,3.405,3.403,9.236,9.232,9.241,9.232,9.235,-55.231,-3752.000
3.408,3.410,3.407,3.407,3.405,9.235,9.233,9.235,9.233,9.232,-55.231,-3751.000
3.411,3.409,3.405,3.413,3.408,9.237,9.232,9.229,9.236,9.238,-55.675,-3750.000
3.411,3.410,3.412,3.406,3.408,9.241,9.241,9.240,9.241,9.240,-55.675,-3749.000
3.410,3.408,3.410,3.412,3.406,9.242,9.244,9.246,9.247,9.245,-55.506,-3748.000
3.136,3.142,3.138,3.135,3.137,8.438,8.432,8.433,8.439,8.438,-55.506,-3747.000
3.140,3.141,3.148,3.144,3.147,8.449,8.452,8.451,8.449,8.446,-55.663,-3746.000
3.143,3.149,3.152,3.149,3.148,8.458,8.456,8.462,8.460,8.461,-55.663,-3745.000
3.149,3.144,3.152,3.152,3.152,8.470,8.473,8.466,8.473,8.471,-55.219,-3744.000
3.155,3.154,3.155,3.153,3.154,8.476,8.475,8.475,8.486,8.480,-55.219,-3743.000
3.157,3.155,3.158,3.157,3.158,8.490,8.486,8.485,8.482,8.485,-56.008,-3742.000
3.156,3.161,3.154,3.155,3.158,8.490,8.491,8.493,8.496,8.492,-56.008,-3741.000
3.160,3.156,3.161,3.163,3.160,8.488,8.494,8.495,8.499,8.493,-55.724,-3740.000
3.163,3.156,3.155,3.162,3.156,8.493,8.495,8.495,8.490,8.491,-55.724,-3739.000
3.161,3.155,3.154,3.159,3.161,8.486,8.486,8.487,8.490,8.495,-55.342,-3738.000
3.157,3.156,3.158,3.155,3.155,8.479,8.482,8.487,8.481,8.481,-55.342,-3737.000
3.156,3.151,3.151,3.151,3.147,8.477,8.476,8.475,8.473,8.479,-55.523,-3736.000
3.146,3.150,3.150,3.148,3.155,8.470,8.472,8.469,8.476,8.471,-55.523,-3735.000
3.151,3.154,3.152,3.152,3.148,8.464,8.463,8.461,8.465,8.468,-55.676,-3734.000
3.145,3.154,3.146,3.151,3.146,8.466,8.468,8.467,8.467,8.466,-55.676,-3733.000
3.148,3.151,3.151,3.153,3.152,8.468,8.459,8.465,8.460,8.462,-56.095,-3732.000
3.151,3.150,3.152,3.154,3.150,8.470,8.474,8.471,8.472,8.472,-56.095,-3731.000
3.152,3.158,3.152,3.154,3.156,8.467,8.469,8.474,8.469,8.476,-55.853,-3730.000
3.149,3.159,3.156,3.153,3.156,8.474,8.475,8.477,8.480,8.480,-55.853,-3729.000
3.151,3.157,3.156,3.157,3.156,8.477,8.480,8.481,8.480,8.481,-56.342,-3728.000
3.159,3.155,3.154,3.155,3.159,8.483,8.478,8.486,8.484,8.481,-56.342,-3727.000
3.155,3.158,3.157,3.159,3.157,8.484,8.485,8.484,8.484,8.484,-56.626,-3726.000
3.154,3.165,3.157,3.160,3.154,8.481,8.484,8.484,8.487,8.491,-56.626,-3725.000
3.151,3.157,3.155,3.157,3.156,8.489,8.493,8.490,8.496,8.485,-55.229,-3724.000
3.156,3.161,3.155,3.159,3.158,8.490,8.493,8.492,8.489,8.498,-55.229,-3723.000
3.162,3.154,3.163,3.158,3.160,8.495,8.489,8.495,8.494,8.492,-55.806,-3722.000
3.159,3.165,3.159,3.160,3.154,8.502,8.497,8.493,8.499,8.496,-55.806,-3721.000
3.166,3.165,3.160,3.161,3.161,8.502,8.503,8.502,8.508,8.500,-55.693,-3720.000
3.166,3.169,3.166,3.165,3.163,8.511,8.507,8.513,8.510,8.510,-55.693,-3719.000
3.167,3.170,3.163,3.167,3.166,8.511,8.514,8.513,8.512,8.511,-56.184,-3718.000
3.170,3.172,3.168,3.172,3.174,8.519,8.517,8.520,8.517,8.519,-56.184,-3717.000
3.168,3.176,3.169,3.174,3.173,8.521,8.528,8.523,8.525,8.524,-56.471,-3716.000
3.170,3.175,3.176,3.185,3.176,8.523,8.537,8.534,8.535,8.530,-56.471,-3715.000
3.175,3.175,3.179,3.177,3.175,8.537,8.543,8.535,8.539,8.539,-55.225,-3714.000
3.183,3.180,3.184,3.177,3.181,8.545,8.542,8.541,8.539,8.545,-55.225,-3713.000
3.181,3.177,3.181,3.183,3.183,8.547,8.541,8.546,8.543,8.547,-54.214,-3712.000
3.186,3.184,3.185,3.178,3.188,8.548,8.556,8.550,8.553,8.544,-54.214,-3711.000
3.181,3.183,3.186,3.177,3.183,8.550,8.554,8.546,8.556,8.552,-54.841,-3710.000
3.185,3.182,3.183,3.186,3.186,8.550,8.551,8.553,8.551,8.553,-54.841,-3709.000
3.182,3.181,3.183,3.180,3.186,8.557,8.554,8.555,8.552,8.552,-54.906,-3708.000
3.187,3.183,3.188,3.184,3.184,8.548,8.552,8.555,8.555,8.549,-54.906,-3707.000
3.184,3.181,3.183,3.181,3.184,8.556,8.553,8.561,8.548,8.551,-55.627,-3706.000
3.184,3.186,3.182,3.185,3.177,8.544,8.551,8.547,8.549,8.552,-55.627,-3705.000
3.181,3.187,3.180,3.182,3.185,8.544,8.548,8.549,8.550,8.556,-55.846,-3704.000
3.177,3.181,3.178,3.178,3.178,8.541,8.542,8.539,8.543,8.541,-55.846,-3703.000
3.176,3.182,3.178,3.181,3.178,8.533,8.536,8.540,8.538,8.540,-56.026,-3702.000
3.171,3.178,3.173,3.174,3.175,8.531,8.526,8.529,8.532,8.529,-56.026,-3701.000
3.178,3.179,3.172,3.169,3.176,8.526,8.525,8.526,8.527,8.531,-56.507,-3700.000
3.175,3.172,3.174,3.180,3.172,8.524,8.524,8.525,8.528,8.520,-56.507,-3699.000
3.174,3.172,3.172,3.175,3.171,8.528,8.528,8.529,8.521,8.521,-55.968,-3698.000
3.177,3.167,3.172,3.173,3.176,8.527,8.527,8.520,8.523,8.521,-55.968,-3697.000
3.175,3.171,3.171,3.172,3.174,8.522,8.522,8.520,8.522,8.518,-55.904,-3696.000
3.173,3.174,3.174,3.167,3.174,8.524,8.528,8.524,8.525,8.525,-55.904,-3695.000
3.174,3.177,3.177,3.172,3.173,8.527,8.526,8.533,8.525,8.524,-55.484,-3694.000
3.179,3.174,3.174,3.178,3.175,8.532,8.529,8.529,8.530,8.525,-55.484,-3693.000
3.176,3.177,3.179,3.174,3.175,8.525,8.529,8.527,8.534,8.534,-56.140,-3692.000
3.174,3.172,3.174,3.181,3.174,8.538,8.538,8.532,8.534,8.533,-56.140,-3691.000
3.176,3.175,3.184,3.177,3.185,8.535,8.539,8.539,8.539,8.546,-55.502,-3690.000
3.181,3.186,3.182,3.174,3.178,8.540,8.547,8.545,8.539,8.542,-55.502,-3689.000
3.179,3.176,3.175,3.181,3.175,8.540,8.543,8.543,8.547,8.541,-55.607,-3688.000
3.180,3.179,3.183,3.179,3.178,8.545,8.547,8.546,8.547,8.547,-55.607,-3687.000
3.186,3.178,3.175,3.185,3.181,8.542,8.548,8.545,8.553,8.547,-55.858,-3686.000
3.174,3.180,3.175,3.187,3.179,8.542,8.544,8.541,8.543,8.541,-55.858,-3685.000
3.180,3.186,3.180,3.176,3.186,8.544,8.543,8.550,8.547,8.544,-55.097,-3684.000
3.181,3.185,3.173,3.180,3.184,8.549,8.544,8.543,8.550,8.539,-55.097,-3683.000
3.182,3.184,3.175,3.179,3.182,8.550,8.544,8.547,8.542,8.546,-55.273,-3682.000
3.180,3.176,3.182,3.177,3.181,8.542,8.545,8.538,8.541,8.541,-55.273,-3681.000
3.176,3.178,3.182,3.178,3.187,8.547,8.548,8.545,8.546,8.540,-55.366,-3680.000
3.179,3.180,3.176,3.173,3.178,8.539,8.545,8.544,8.545,8.543,-55.366,-3679.000
3.184,3.176,3.183,3.184,3.181,8.547,8.543,8.547,8.539,8.543,-56.279,-3678.000
3.186,3.182,3.183,3.186,3.183,8.550,8.548,8.549,8.546,8.548,-56.279,-3677.000
3.182,3.184,3.182,3.186,3.180,8.548,8.550,8.549,8.552,8.555,-56.594,-3676.000
3.189,3.180,3.181,3.181,3.186,8.557,8.552,8.558,8.559,8.553,-56.594,-3675.000
3.181,3.185,3.189,3.188,3.186,8.557,8.559,8.559,8.557,8.560,-55.575,-3674.000
3.191,3.180,3.187,3.186,3.185,8.561,8.560,8.562,8.567,8.562,-55.575,-3673.000
3.185,3.190,3.184,3.188,3.192,8.567,8.567,8.565,8.564,8.560,-56.047,-3672.000
3.187,3.187,3.190,3.192,3.187,8.563,8.568,8.562,8.566,8.566,-56.047,-3671.000
3.186,3.183,3.191,3.189,3.188,8.573,8.566,8.572,8.568,8.566,-56.047,-3670.000
3.183,3.186,3.189,3.192,3.188,8.573,8.571,8.565,8.570,8.574,-55.728,-3669.000
3.187,3.189,3.188,3.182,3.189,8.573,8.570,8.574,8.572,8.575,-55.728,-3668.000
3.186,3.184,3.191,3.187,3.191,8.575,8.577,8.573,8.571,8.573,-55.520,-3667.000
3.198,3.187,3.189,3.191,3.188,8.581,8.569,8.578,8.573,8.574,-55.520,-3666.000
3.195,3.190,3.193,3.188,3.194,8.581,8.582,8.579,8.582,8.576,-55.397,-3665.000
3.201,3.195,3.190,3.192,3.196,8.587,8.587,8.585,8.588,8.583,-55.397,-3664.000
3.201,3.195,3.199,3.195,3.200,8.593,8.588,8.593,8.599,8.596,-54.869,-3663.000
3.201,3.198,3.201,3.205,3.195,8.600,8.601,8.601,8.605,8.600,-54.869,-3662.000
3.200,3.203,3.202,3.197,3.200,8.603,8.604,8.603,8.606,8.606,-54.986,-3661.000
3.208,3.201,3.198,3.200,3.201,8.603,8.604,8.603,8.604,8.609,-54.986,-3660.000
3.204,3.200,3.201,3.197,3.196,8.608,8.602,8.602,8.597,8.600,-55.110,-3659.000
3.199,3.202,3.203,3.197,3.201,8.597,8.601,8.601,8.604,8.602,-55.110,-3658.000
3.203,3.205,3.206,3.203,3.201,8.603,8.606,8.602,8.606,8.606,-54.679,-3657.000
3.196,3.205,3.202,3.198,3.198,8.596,8.600,8.602,8.599,8.601,-54.679,-3656.000
3.199,3.201,3.205,3.200,3.198,8.602,8.597,8.596,8.601,8.602,-55.797,-3655.000
3.205,3.198,3.199,3.197,3.199,8.599,8.596,8.589,8.592,8.592,-55.797,-3654.000
3.202,3.192,3.197,3.197,3.198,8.589,8.595,8.593,8.592,8.596,-55.725,-3653.000
3.191,3.200,3.195,3.201,3.203,8.597,8.595,8.594,8.592,8.588,-55.725,-3652.000
3.199,3.201,3.205,3.193,3.198,8.590,8.593,8.598,8.589,8.587,-55.809,-3651.000
3.200,3.195,3.203,3.203,3.200,8.587,8.591,8.586,8.587,8.591,-55.809,-3650.000
3.191,3.197,3.196,3.196,3.195,8.584,8.587,8.587,8.592,8.588,-54.902,-3649.000
3.197,3.192,3.200,3.192,3.198,8.580,8.583,8.590,8.586,8.583,-54.902,-3648.000
3.200,3.196,3.197,3.192,3.193,8.584,8.580,8.581,8.577,8.576,-55.007,-3647.000
3.197,3.191,3.193,3.193,3.193,8.584,8.586,8.585,8.583,8.580,-55.007,-3646.000
3.192,3.194,3.192,3.193,3.196,8.580,8.579,8.578,8.579,8.580,-55.143,-3645.000
3.195,3.195,3.193,3.193,3.189,8.580,8.580,8.578,8.582,8.578,-55.143,-3644.000
3.196,3.192,3.192,3.193,3.195,8.576,8.578,8.574,8.578,8.581,-55.145,-3643.000
3.194,3.193,3.191,3.192,3.188,8.578,8.581,8.575,8.580,8.582,-55.145,-3642.000
3.195,3.190,3.191,3.192,3.190,8.574,8.575,8.576,8.578,8.580,-55.180,-3641.000
3.194,3.186,3.190,3.193,3.189,8.576,8.580,8.581,8.580,8.577,-55.180,-3640.000
3.197,3.190,3.190,3.192,3.195,8.574,8.574,8.578,8.580,8.580,-56.428,-3639.000
3.195,3.199,3.194,3.195,3.192,8.582,8.580,8.578,8.582,8.583,-56.428,-3638.000
3.197,3.193,3.198,3.195,3.194,8.576,8.576,8.582,8.584,8.583,-56.202,-3637.000
3.200,3.196,3.195,3.197,3.191,8.586,8.584,8.582,8.582,8.584,-56.202,-3636.000
3.195,3.193,3.194,3.198,3.196,8.583,8.585,8.582,8.585,8.579,-56.460,-3635.000
3.192,3.193,3.199,3.197,3.196,8.582,8.579,8.584,8.583,8.587,-56.460,-3634.000
3.189,3.195,3.195,3.199,3.186,8.578,8.584,8.587,8.577,8.581,-56.336,-3633.000
3.193,3.192,3.193,3.193,3.188,8.572,8.578,8.568,8.571,8.574,-56.336,-3632.000
3.189,3.184,3.194,3.183,3.191,8.577,8.571,8.571,8.573,8.569,-55.685,-3631.000
3.187,3.183,3.192,3.194,3.190,8.561,8.564,8.564,8.564,8.566,-55.685,-3630.000
3.188,3.189,3.190,3.192,3.188,8.558,8.557,8.558,8.557,8.561,-56.102,-3629.000
3.184,3.187,3.187,3.190,3.188,8.557,8.556,8.553,8.556,8.553,-56.102,-3628.000
3.185,3.188,3.186,3.186,3.186,8.549,8.556,8.548,8.549,8.552,-55.268,-3627.000
3.186,3.183,3.190,3.179,3.186,8.549,8.547,8.552,8.550,8.547,-55.268,-3626.000
3.189,3.188,3.185,3.185,3.186,8.543,8.545,8.542,8.548,8.546,-55.205,-3625.000
3.186,3.186,3.181,3.187,3.181,8.550,8.544,8.545,8.544,8.542,-55.205,-3624.000
3.187,3.183,3.194,3.181,3.183,8.541,8.540,8.546,8.545,8.545,-54.924,-3623.000
3.183,3.184,3.186,3.181,3.185,8.537,8.546,8.542,8.546,8.541,-54.924,-3622.000
3.180,3.181,3.181,3.179,3.181,8.533,8.534,8.531,8.533,8.538,-55.096,-3621.000
3.183,3.178,3.180,3.176,3.176,8.525,8.531,8.532,8.525,8.527,-55.096,-3620.000
3.180,3.176,3.178,3.180,3.177,8.525,8.527,8.530,8.524,8.529,-55.195,-3619.000
3.175,3.172,3.178,3.170,3.174,8.518,8.516,8.518,8.523,8.518,-55.195,-3618.000
3.176,3.172,3.173,3.174,3.172,8.514,8.513,8.515,8.516,8.511,-55.398,-3617.000
3.180,3.173,3.171,3.174,3.178,8.510,8.509,8.510,8.510,8.509,-55.398,-3616.000
3.164,3.173,3.173,3.167,3.172,8.500,8.497,8.501,8.497,8.493,-55.035,-3615.000
3.161,3.167,3.168,3.171,3.170,8.493,8.496,8.489,8.493,8.490,-55.035,-3614.000
3.170,3.164,3.167,3.157,3.171,8.492,8.492,8.486,8.488,8.487,-55.328,-3613.000
3.168,3.169,3.169,3.165,3.167,8.483,8.491,8.488,8.488,8.484,-55.328,-3612.000
3.163,3.165,3.163,3.168,3.167,8.486,8.490,8.489,8.487,8.486,-55.137,-3611.000
3.168,3.170,3.166,3.172,3.168,8.488,8.491,8.495,8.493,8.500,-55.137,-3610.000
3.170,3.171,3.170,3.168,3.173,8.500,8.499,8.499,8.505,8.496,-55.047,-3609.000
3.167,3.179,3.173,3.175,3.175,8.509,8.506,8.508,8.511,8.511,-55.047,-3608.000
3.179,3.180,3.176,3.176,3.182,8.522,8.521,8.516,8.516,8.518,-55.138,-3607.000
3.182,3.190,3.181,3.180,3.181,8.534,8.533,8.529,8.531,8.536,-55.138,-3606.000
3.194,3.186,3.185,3.189,3.183,8.541,8.544,8.542,8.539,8.536,-54.847,-3605.000
3.192,3.196,3.185,3.195,3.189,8.555,8.552,8.552,8.552,8.556,-54.847,-3604.000
3.190,3.197,3.194,3.196,3.197,8.561,8.561,8.562,8.563,8.563,-55.834,-3603.000
3.194,3.200,3.197,3.204,3.203,8.568,8.566,8.569,8.570,8.571,-55.834,-3602.000
3.199,3.195,3.197,3.201,3.196,8.571,8.572,8.570,8.573,8.573,-55.918,-3601.000
3.202,3.201,3.206,3.198,3.204,8.575,8.580,8.584,8.580,8.579,-55.918,-3600.000
3.202,3.204,3.202,3.203,3.203,8.583,8.581,8.583,8.581,8.582,-55.405,-3599.000
3.202,3.198,3.201,3.202,3.204,8.587,8.585,8.587,8.586,8.589,-55.405,-3598.000
3.202,3.203,3.207,3.202,3.201,8.591,8.588,8.591,8.589,8.588,-55.391,-3597.000
3.204,3.210,3.202,3.205,3.199,8.588,8.588,8.589,8.589,8.592,-55.391,-3596.000
3.197,3.204,3.202,3.204,3.201,8.589,8.591,8.591,8.586,8.587,-55.615,-3595.000
3.209,3.196,3.205,3.205,3.207,8.589,8.589,8.589,8.587,8.586,-55.615,-3594.000
3.210,3.202,3.211,3.203,3.205,8.590,8.587,8.586,8.592,8.588,-55.981,-3593.000
3.199,3.202,3.197,3.207,3.200,8.588,8.592,8.587,8.586,8.594,-55.981,-3592.000
3.198,3.204,3.202,3.206,3.209,8.589,8.590,8.587,8.590,8.594,-54.929,-3591.000
3.203,3.206,3.198,3.205,3.205,8.589,8.591,8.586,8.588,8.586,-54.929,-3590.000
3.208,3.203,3.201,3.205,3.207,8.587,8.593,8.589,8.589,8.585,-55.160,-3589.000
3.208,3.202,3.203,3.201,3.200,8.586,8.587,8.590,8.585,8.588,-55.160,-3588.000
3.199,3.207,3.202,3.200,3.201,8.586,8.589,8.594,8.587,8.589,-54.780,-3587.000
3.208,3.199,3.204,3.198,3.205,8.589,8.583,8.587,8.584,8.588,-54.780,-3586.000
3.200,3.197,3.204,3.206,3.208,8.587,8.587,8.588,8.588,8.587,-54.746,-3585.000
3.205,3.201,3.202,3.198,3.204,8.591,8.587,8.589,8.589,8.590,-54.746,-3584.000
3.203,3.206,3.202,3.205,3.203,8.591,8.592,8.587,8.591,8.588,-54.621,-3583.000
3.201,3.204,3.204,3.205,3.198,8.589,8.589,8.587,8.586,8.584,-54.621,-3582.000
3.203,3.201,3.199,3.200,3.200,8.586,8.590,8.586,8.591,8.584,-53.771,-3581.000
3.204,3.210,3.199,3.204,3.198,8.590,8.588,8.587,8.583,8.588,-53.771,-3580.000
3.204,3.200,3.204,3.198,3.209,8.587,8.591,8.587,8.588,8.594,-54.080,-3579.000
3.196,3.201,3.200,3.198,3.203,8.586,8.588,8.584,8.585,8.589,-54.080,-3578.000
3.200,3.203,3.203,3.200,3.199,8.589,8.587,8.588,8.585,8.588,-54.853,-3577.000
3.200,3.200,3.199,3.200,3.202,8.588,8.591,8.596,8.587,8.588,-54.853,-3576.000
3.198,3.203,3.200,3.203,3.204,8.590,8.591,8.588,8.589,8.594,-54.582,-3575.000
3.202,3.196,3.203,3.199,3.201,8.590,8.591,8.591,8.589,8.588,-54.582,-3574.000
3.203,3.201,3.202,3.203,3.197,8.590,8.586,8.593,8.591,8.592,-54.811,-3573.000
3.200,3.200,3.199,3.198,3.201,8.592,8.593,8.594,8.592,8.593,-54.811,-3572.000
3.206,3.200,3.203,3.200,3.202,8.594,8.593,8.594,8.592,8.595,-54.468,-3571.000
3.198,3.210,3.199,3.204,3.203,8.598,8.595,8.598,8.598,8.598,-54.468,-3570.000
3.204,3.200,3.203,3.200,3.204,8.591,8.602,8.601,8.600,8.596,-54.546,-3569.000
3.201,3.205,3.201,3.205,3.205,8.597,8.596,8.600,8.602,8.594,-54.546,-3568.000
3.201,3.204,3.198,3.207,3.198,8.600,8.597,8.603,8.601,8.605,-55.440,-3567.000
3.203,3.208,3.205,3.212,3.204,8.600,8.597,8.598,8.604,8.604,-55.440,-3566.000
3.202,3.205,3.206,3.203,3.205,8.602,8.603,8.607,8.609,8.604,-55.930,-3565.000
3.200,3.206,3.204,3.213,3.209,8.597,8.599,8.604,8.606,8.603,-55.930,-3564.000
3.203,3.209,3.204,3.205,3.211,8.607,8.602,8.607,8.603,8.603,-55.460,-3563.000
3.204,3.203,3.203,3.209,3.200,8.597,8.609,8.605,8.603,8.602,-55.460,-3562.000
3.209,3.200,3.206,3.205,3.200,8.604,8.603,8.601,8.600,8.599,-55.648,-3561.000
3.202,3.206,3.202,3.207,3.199,8.596,8.600,8.604,8.601,8.603,-55.648,-3560.000
3.206,3.198,3.201,3.196,3.207,8.600,8.602,8.599,8.596,8.595,-55.534,-3559.000
3.203,3.199,3.197,3.197,3.201,8.594,8.599,8.595,8.597,8.596,-55.534,-3558.000
3.198,3.202,3.203,3.205,3.200,8.594,8.589,8.594,8.593,8.582,-56.016,-3557.000
3.201,3.201,3.203,3.202,3.199,8.585,8.582,8.588,8.585,8.582,-56.016,-3556.000
3.196,3.199,3.202,3.197,3.200,8.586,8.587,8.585,8.587,8.582,-56.028,-3555.000
3.198,3.194,3.202,3.199,3.199,8.581,8.584,8.587,8.584,8.585,-56.028,-3554.000
3.200,3.203,3.203,3.201,3.199,8.586,8.584,8.581,8.585,8.586,-55.858,-3553.000
3.203,3.200,3.201,3.201,3.202,8.593,8.588,8.591,8.587,8.590,-55.858,-3552.000
3.205,3.205,3.206,3.200,3.201,8.590,8.596,8.592,8.593,8.600,-56.215,-3551.000
3.202,3.201,3.199,3.204,3.204,8.604,8.598,8.595,8.599,8.599,-56.215,-3550.000
3.201,3.205,3.210,3.205,3.207,8.600,8.603,8.599,8.599,8.601,-55.776,-3549.000
3.203,3.211,3.204,3.206,3.204,8.601,8.606,8.604,8.601,8.597,-55.776,-3548.000
3.206,3.205,3.203,3.207,3.206,8.609,8.606,8.598,8.608,8.609,-55.925,-3547.000
3.204,3.204,3.203,3.207,3.209,8.607,8.599,8.608,8.602,8.606,-55.925,-3546.000
3.202,3.212,3.201,3.206,3.203,8.606,8.605,8.610,8.610,8.608,-55.729,-3545.000
3.208,3.209,3.205,3.207,3.208,8.607,8.609,8.610,8.604,8.610,-55.729,-3544.000
3.215,3.211,3.208,3.207,3.205,8.606,8.608,8.610,8.609,8.613,-56.429,-3543.000
3.207,3.207,3.210,3.208,3.208,8.610,8.608,8.614,8.610,8.612,-56.429,-3542.000
3.211,3.210,3.211,3.211,3.207,8.614,8.610,8.612,8.617,8.613,-56.188,-3541.000
3.206,3.210,3.206,3.208,3.211,8.618,8.618,8.614,8.617,8.618,-56.188,-3540.000
3.207,3.210,3.210,3.205,3.211,8.616,8.617,8.613,8.620,8.622,-57.117,-3539.000
3.206,3.212,3.209,3.201,3.209,8.622,8.618,8.612,8.615,8.615,-57.117,-3538.000
3.212,3.210,3.207,3.213,3.207,8.614,8.621,8.616,8.616,8.611,-55.910,-3537.000
3.204,3.207,3.213,3.203,3.206,8.611,8.621,8.619,8.620,8.613,-55.910,-3536.000
3.209,3.213,3.204,3.211,3.208,8.613,8.612,8.614,8.617,8.618,-55.347,-3535.000
3.212,3.206,3.202,3.206,3.204,8.611,8.613,8.619,8.614,8.616,-55.347,-3534.000
3.210,3.206,3.203,3.203,3.202,8.611,8.608,8.609,8.614,8.615,-55.850,-3533.000
3.208,3.211,3.211,3.205,3.208,8.611,8.613,8.610,8.613,8.616,-55.850,-3532.000
3.201,3.201,3.208,3.208,3.209,8.616,8.613,8.611,8.614,8.612,-56.223,-3531.000
3.207,3.207,3.211,3.211,3.207,8.613,8.610,8.610,8.610,8.612,-56.223,-3530.000
3.204,3.204,3.208,3.206,3.206,8.616,8.614,8.613,8.619,8.612,-56.893,-3529.000
3.210,3.204,3.211,3.208,3.209,8.609,8.614,8.615,8.614,8.613,-56.893,-3528.000
3.205,3.207,3.209,3.206,3.210,8.611,8.607,8.606,8.607,8.610,-57.065,-3527.000
3.204,3.200,3.203,3.202,3.205,8.600,8.599,8.599,8.603,8.597,-57.065,-3526.000
3.204,3.196,3.198,3.199,3.200,8.599,8.593,8.589,8.587,8.586,-55.761,-3525.000
3.196,3.197,3.197,3.199,3.191,8.582,8.580,8.582,8.576,8.583,-55.761,-3524.000
3.197,3.191,3.196,3.198,3.198,8.581,8.576,8.577,8.578,8.585,-55.835,-3523.000
3.191,3.194,3.193,3.196,3.196,8.572,8.579,8.574,8.574,8.574,-55.835,-3522.000
3.190,3.196,3.194,3.195,3.197,8.575,8.579,8.574,8.575,8.570,-55.347,-3521.000
3.198,3.195,3.190,3.197,3.190,8.573,8.572,8.575,8.574,8.578,-55.347,-3520.000
3.197,3.198,3.194,3.197,3.198,8.575,8.576,8.577,8.582,8.577,-55.547,-3519.000
3.201,3.194,3.195,3.200,3.197,8.582,8.581,8.590,8.586,8.589,-55.547,-3518.000
3.191,3.196,3.200,3.211,3.200,8.584,8.592,8.591,8.594,8.594,-55.674,-3517.000
3.204,3.200,3.197,3.202,3.204,8.599,8.597,8.595,8.601,8.599,-55.674,-3516.000
3.201,3.205,3.203,3.213,3.200,8.596,8.603,8.601,8.606,8.605,-55.652,-3515.000
3.209,3.212,3.202,3.212,3.208,8.612,8.601,8.607,8.607,8.609,-55.652,-3514.000
3.206,3.207,3.206,3.208,3.208,8.619,8.611,8.614,8.613,8.616,-55.931,-3513.000
3.210,3.211,3.211,3.215,3.208,8.618,8.620,8.619,8.621,8.625,-55.931,-3512.000
3.218,3.209,3.213,3.211,3.210,8.618,8.626,8.625,8.629,8.625,-56.127,-3511.000
3.206,3.215,3.210,3.213,3.215,8.627,8.626,8.625,8.629,8.627,-56.127,-3510.000
3.220,3.216,3.211,3.208,3.210,8.628,8.632,8.627,8.630,8.634,-56.015,-3509.000
3.213,3.215,3.215,3.209,3.215,8.628,8.629,8.629,8.628,8.634,-56.015,-3508.000
3.214,3.214,3.213,3.214,3.217,8.631,8.633,8.629,8.632,8.631,-56.015,-3507.000
3.214,3.214,3.214,3.212,3.214,8.630,8.628,8.631,8.639,8.630,-55.361,-3506.000
3.215,3.210,3.216,3.214,3.215,8.631,8.627,8.629,8.629,8.631,-55.361,-3505.000
3.211,3.203,3.207,3.215,3.215,8.626,8.625,8.630,8.626,8.634,-55.225,-3504.000
3.210,3.208,3.208,3.206,3.210,8.621,8.621,8.622,8.619,8.621,-55.225,-3503.000
3.206,3.211,3.202,3.204,3.199,8.615,8.619,8.612,8.611,8.616,-55.410,-3502.000
3.204,3.198,3.208,3.201,3.201,8.605,8.608,8.605,8.604,8.607,-55.410,-3501.000
3.200,3.197,3.198,3.193,3.206,8.597,8.604,8.601,8.601,8.599,-55.139,-3500.000
3.196,3.199,3.203,3.193,3.196,8.597,8.598,8.598,8.595,8.595,-55.139,-3499.000
3.197,3.195,3.190,3.199,3.200,8.602,8.596,8.595,8.603,8.598,-55.616,-3498.000
3.200,3.204,3.199,3.199,3.197,8.601,8.599,8.598,8.598,8.595,-55.616,-3497.000
3.199,3.200,3.198,3.200,3.200,8.596,8.595,8.597,8.597,8.599,-54.986,-3496.000
3.196,3.196,3.206,3.200,3.200,8.606,8.605,8.599,8.605,8.601,-54.986,-3495.000
3.200,3.203,3.202,3.199,3.196,8.610,8.608,8.607,8.603,8.606,-54.502,-3494.000
3.202,3.195,3.202,3.204,3.198,8.606,8.606,8.600,8.606,8.610,-54.502,-3493.000
3.200,3.198,3.203,3.197,3.199,8.602,8.602,8.606,8.605,8.600,-55.120,-3492.000
3.199,3.201,3.199,3.204,3.198,8.601,8.603,8.598,8.602,8.598,-55.120,-3491.000
3.196,3.194,3.192,3.199,3.189,8.600,8.597,8.602,8.597,8.595,-54.513,-3490.000
3.199,3.197,3.193,3.196,3.195,8.598,8.596,8.597,8.598,8.596,-54.513,-3489.000
3.207,3.197,3.200,3.201,3.195,8.595,8.596,8.596,8.600,8.595,-53.528,-3488.000
3.192,3.195,3.197,3.195,3.191,8.597,8.599,8.597,8.604,8.599,-53.528,-3487.000
3.192,3.197,3.198,3.201,3.198,8.595,8.604,8.603,8.603,8.603,-51.750,-3486.000
3.200,3.201,3.202,3.200,3.199,8.605,8.608,8.608,8.610,8.605,-51.750,-3485.000
3.202,3.202,3.202,3.203,3.199,8.610,8.613,8.609,8.608,8.609,-52.332,-3484.000
3.203,3.204,3.204,3.202,3.201,8.619,8.620,8.623,8.614,8.621,-52.332,-3483.000
3.207,3.205,3.206,3.204,3.208,8.630,8.627,8.625,8.625,8.634,-52.694,-3482.000
3.208,3.203,3.212,3.207,3.208,8.626,8.629,8.633,8.630,8.633,-52.694,-3481.000
3.206,3.208,3.204,3.209,3.214,8.633,8.629,8.628,8.633,8.629,-53.098,-3480.000
3.207,3.207,3.208,3.210,3.210,8.626,8.629,8.628,8.625,8.629,-53.098,-3479.000
3.205,3.204,3.203,3.206,3.206,8.627,8.626,8.624,8.625,8.624,-53.177,-3478.000
3.200,3.209,3.197,3.202,3.207,8.620,8.617,8.619,8.620,8.622,-53.177,-3477.000
3.200,3.198,3.206,3.204,3.206,8.619,8.617,8.621,8.617,8.617,-54.540,-3476.000
3.199,3.205,3.207,3.205,3.206,8.622,8.619,8.615,8.615,8.614,-54.540,-3475.000
3.194,3.202,3.208,3.206,3.207,8.618,8.618,8.616,8.620,8.616,-54.540,-3474.000
3.204,3.207,3.206,3.204,3.204,8.617,8.618,8.610,8.616,8.615,-55.102,-3473.000
3.207,3.202,3.205,3.208,3.204,8.622,8.621,8.626,8.626,8.617,-55.102,-3472.000
3.206,3.205,3.210,3.205,3.206,8.618,8.618,8.616,8.621,8.615,-55.102,-3471.000
3.204,3.206,3.207,3.204,3.209,8.621,8.619,8.619,8.617,8.621,-55.942,-3470.000
3.208,3.208,3.211,3.209,3.208,8.618,8.621,8.623,8.621,8.622,-55.942,-3469.000
3.209,3.203,3.211,3.204,3.209,8.623,8.616,8.622,8.620,8.627,-55.942,-3468.000
3.209,3.211,3.208,3.206,3.209,8.624,8.621,8.632,8.619,8.622,-56.958,-3467.000
3.209,3.207,3.213,3.207,3.212,8.617,8.623,8.620,8.626,8.621,-56.958,-3466.000
3.210,3.208,3.209,3.209,3.209,8.630,8.627,8.628,8.623,8.626,-56.958,-3465.000
3.211,3.209,3.214,3.209,3.211,8.627,8.625,8.629,8.624,8.625,-56.572,-3464.000
3.214,3.209,3.212,3.211,3.210,8.630,8.631,8.632,8.627,8.627,-56.572,-3463.000
3.211,3.213,3.210,3.220,3.213,8.630,8.628,8.628,8.635,8.628,-55.557,-3462.000
3.217,3.215,3.213,3.205,3.215,8.640,8.639,8.639,8.638,8.635,-55.557,-3461.000
3.212,3.213,3.213,3.218,3.218,8.649,8.639,8.638,8.636,8.635,-55.220,-3460.000
3.220,3.218,3.212,3.220,3.211,8.633,8.642,8.647,8.646,8.647,-55.220,-3459.000
3.220,3.218,3.214,3.220,3.220,8.648,8.641,8.642,8.644,8.645,-55.500,-3458.000
3.218,3.222,3.215,3.218,3.221,8.648,8.647,8.645,8.650,8.650,-55.500,-3457.000
3.224,3.221,3.221,3.219,3.220,8.648,8.652,8.648,8.648,8.655,-55.519,-3456.000
3.220,3.224,3.224,3.220,3.219,8.652,8.654,8.657,8.656,8.658,-55.519,-3455.000
3.222,3.220,3.223,3.224,3.227,8.660,8.658,8.659,8.660,8.660,-54.988,-3454.000
3.224,3.229,3.228,3.229,3.226,8.661,8.663,8.660,8.663,8.660,-54.988,-3453.000
3.225,3.228,3.233,3.225,3.229,8.665,8.669,8.663,8.669,8.664,-55.297,-3452.000
3.225,3.233,3.233,3.231,3.223,8.670,8.666,8.668,8.668,8.676,-55.297,-3451.000
3.235,3.224,3.237,3.228,3.228,8.674,8.676,8.668,8.670,8.672,-55.224,-3450.000
3.237,3.233,3.235,3.231,3.237,8.674,8.679,8.678,8.674,8.677,-55.224,-3449.000
3.235,3.236,3.237,3.234,3.232,8.679,8.681,8.680,8.677,8.676,-56.018,-3448.000
3.229,3.235,3.231,3.234,3.230,8.682,8.682,8.679,8.677,8.677,-56.018,-3447.000
3.233,3.238,3.241,3.226,3.235,8.675,8.679,8.676,8.682,8.683,-56.039,-3446.000
3.236,3.236,3.236,3.230,3.228,8.680,8.675,8.673,8.674,8.680,-56.039,-3445.000
3.234,3.233,3.232,3.237,3.233,8.680,8.676,8.675,8.679,8.679,-55.678,-3444.000
3.231,3.232,3.234,3.231,3.228,8.670,8.675,8.677,8.676,8.675,-55.678,-3443.000
3.233,3.230,3.230,3.235,3.235,8.671,8.673,8.674,8.673,8.676,-55.459,-3442.000
3.226,3.231,3.235,3.235,3.235,8.674,8.673,8.673,8.678,8.675,-55.459,-3441.000
3.232,3.232,3.232,3.237,3.235,8.671,8.677,8.676,8.673,8.670,-55.600,-3440.000
3.233,3.231,3.233,3.231,3.231,8.675,8.678,8.672,8.674,8.679,-55.600,-3439.000
3.226,3.233,3.229,3.233,3.235,8.677,8.675,8.672,8.669,8.672,-56.470,-3438.000
3.231,3.230,3.232,3.233,3.229,8.676,8.667,8.678,8.676,8.671,-56.470,-3437.000
3.230,3.227,3.232,3.228,3.227,8.672,8.674,8.676,8.667,8.673,-56.238,-3436.000
3.233,3.227,3.235,3.223,3.227,8.674,8.670,8.676,8.671,8.671,-56.238,-3435.000
3.229,3.226,3.229,3.225,3.230,8.676,8.673,8.667,8.675,8.669,-56.102,-3434.000
3.231,3.225,3.226,3.229,3.230,8.668,8.666,8.667,8.668,8.661,-56.102,-3433.000
3.232,3.225,3.225,3.224,3.228,8.672,8.663,8.666,8.666,8.670,-56.735,-3432.000
3.222,3.230,3.230,3.227,3.231,8.666,8.661,8.664,8.662,8.661,-56.735,-3431.000
3.223,3.229,3.230,3.231,3.229,8.660,8.662,8.661,8.664,8.662,-55.775,-3430.000
3.232,3.223,3.231,3.223,3.222,8.659,8.668,8.664,8.661,8.660,-55.775,-3429.000
3.228,3.228,3.228,3.220,3.229,8.662,8.667,8.660,8.666,8.664,-56.125,-3428.000
3.223,3.230,3.228,3.230,3.228,8.663,8.663,8.664,8.663,8.659,-56.125,-3427.000
3.229,3.228,3.231,3.229,3.233,8.670,8.663,8.669,8.669,8.670,-56.505,-3426.000
3.233,3.230,3.232,3.233,3.227,8.660,8.668,8.668,8.668,8.668,-56.505,-3425.000
3.230,3.230,3.228,3.230,3.232,8.665,8.659,8.665,8.664,8.664,-56.167,-3424.000
3.234,3.236,3.231,3.231,3.233,8.667,8.670,8.665,8.667,8.668,-56.167,-3423.000
3.231,3.224,3.230,3.231,3.232,8.669,8.669,8.666,8.668,8.662,-56.153,-3422.000
3.230,3.228,3.230,3.234,3.227,8.661,8.668,8.671,8.669,8.668,-56.153,-3421.000
3.227,3.227,3.230,3.232,3.228,8.665,8.660,8.668,8.666,8.663,-56.487,-3420.000
3.227,3.229,3.231,3.229,3.229,8.665,8.660,8.657,8.661,8.667,-56.487,-3419.000
3.227,3.223,3.225,3.228,3.222,8.663,8.658,8.660,8.657,8.661,-56.224,-3418.000
3.229,3.227,3.226,3.224,3.227,8.649,8.658,8.656,8.658,8.655,-56.224,-3417.000
3.232,3.231,3.220,3.226,3.226,8.652,8.650,8.651,8.652,8.657,-56.415,-3416.000
3.223,3.223,3.226,3.231,3.218,8.645,8.654,8.651,8.652,8.654,-56.415,-3415.000
3.222,3.220,3.224,3.223,3.221,8.649,8.646,8.649,8.646,8.654,-56.526,-3414.000
3.216,3.221,3.221,3.223,3.226,8.634,8.641,8.641,8.643,8.640,-56.526,-3413.000
3.218,3.219,3.221,3.227,3.218,8.643,8.638,8.645,8.640,8.641,-56.498,-3412.000
3.215,3.220,3.221,3.220,3.220,8.632,8.634,8.628,8.635,8.631,-56.498,-3411.000
3.214,3.216,3.213,3.216,3.219,8.628,8.632,8.628,8.627,8.632,-56.059,-3410.000
3.216,3.220,3.215,3.221,3.214,8.631,8.628,8.629,8.629,8.630,-56.059,-3409.000
3.212,3.215,3.211,3.218,3.215,8.624,8.626,8.626,8.624,8.623,-56.401,-3408.000
3.217,3.209,3.212,3.210,3.211,8.623,8.625,8.624,8.615,8.627,-56.401,-3407.000
3.214,3.213,3.210,3.211,3.210,8.620,8.620,8.623,8.619,8.618,-56.426,-3406.000
3.210,3.217,3.220,3.205,3.212,8.617,8.614,8.617,8.615,8.622,-56.426,-3405.000
3.209,3.209,3.211,3.211,3.214,8.618,8.614,8.619,8.619,8.618,-56.987,-3404.000
3.203,3.209,3.209,3.211,3.209,8.613,8.616,8.615,8.620,8.615,-56.987,-3403.000
3.211,3.207,3.216,3.207,3.214,8.614,8.611,8.618,8.618,8.618,-55.381,-3402.000
3.212,3.212,3.208,3.211,3.214,8.614,8.614,8.616,8.617,8.617,-55.381,-3401.000
3.217,3.216,3.208,3.208,3.212,8.616,8.614,8.612,8.613,8.617,-53.560,-3400.000
3.211,3.210,3.209,3.208,3.206,8.619,8.619,8.616,8.618,8.615,-53.560,-3399.000
3.212,3.209,3.207,3.208,3.212,8.617,8.615,8.619,8.619,8.619,-52.971,-3398.000
3.206,3.209,3.207,3.212,3.206,8.615,8.618,8.615,8.619,8.617,-52.971,-3397.000
3.211,3.209,3.206,3.207,3.209,8.618,8.617,8.618,8.621,8.618,-52.030,-3396.000
3.211,3.213,3.208,3.207,3.213,8.616,8.614,8.617,8.616,8.616,-52.030,-3395.000
3.211,3.206,3.212,3.209,3.216,8.617,8.612,8.614,8.615,8.620,-52.766,-3394.000
3.212,3.211,3.208,3.214,3.207,8.616,8.615,8.614,8.613,8.617,-52.766,-3393.000
3.205,3.209,3.203,3.210,3.207,8.619,8.620,8.618,8.621,8.616,-52.606,-3392.000
3.215,3.211,3.212,3.208,3.207,8.616,8.617,8.620,8.617,8.617,-52.606,-3391.000
3.211,3.207,3.214,3.208,3.204,8.625,8.616,8.619,8.619,8.617,-54.350,-3390.000
3.202,3.220,3.209,3.210,3.213,8.616,8.618,8.618,8.624,8.619,-54.350,-3389.000
3.212,3.208,3.212,3.205,3.211,8.625,8.619,8.624,8.620,8.618,-54.436,-3388.000
3.213,3.210,3.210,3.215,3.209,8.624,8.621,8.620,8.620,8.619,-54.436,-3387.000
3.213,3.209,3.212,3.209,3.213,8.625,8.622,8.620,8.628,8.622,-54.764,-3386.000
3.214,3.211,3.215,3.211,3.210,8.626,8.624,8.630,8.624,8.624,-54.764,-3385.000
3.215,3.209,3.214,3.211,3.208,8.628,8.625,8.628,8.629,8.632,-54.689,-3384.000
3.216,3.209,3.219,3.211,3.209,8.625,8.625,8.625,8.623,8.627,-54.689,-3383.000
3.214,3.208,3.218,3.209,3.209,8.627,8.624,8.628,8.625,8.624,-55.216,-3382.000
3.212,3.212,3.212,3.205,3.211,8.627,8.627,8.625,8.625,8.625,-55.216,-3381.000
3.212,3.209,3.213,3.210,3.208,8.626,8.623,8.622,8.628,8.627,-55.809,-3380.000
3.214,3.204,3.215,3.215,3.210,8.626,8.627,8.626,8.629,8.628,-55.809,-3379.000
3.214,3.210,3.210,3.219,3.215,8.629,8.627,8.629,8.632,8.631,-55.690,-3378.000
3.213,3.212,3.213,3.214,3.216,8.627,8.626,8.627,8.629,8.627,-55.690,-3377.000
3.212,3.211,3.211,3.211,3.212,8.635,8.632,8.632,8.626,8.629,-55.977,-3376.000
3.212,3.214,3.211,3.217,3.213,8.630,8.630,8.635,8.629,8.633,-55.977,-3375.000
3.212,3.215,3.221,3.214,3.216,8.634,8.630,8.630,8.630,8.632,-55.398,-3374.000
3.214,3.216,3.215,3.212,3.212,8.633,8.634,8.635,8.640,8.635,-55.398,-3373.000
3.211,3.215,3.209,3.223,3.216,8.626,8.635,8.634,8.632,8.633,-54.835,-3372.000
3.212,3.216,3.210,3.210,3.216,8.632,8.633,8.626,8.628,8.631,-54.835,-3371.000
3.211,3.211,3.212,3.215,3.207,8.625,8.633,8.628,8.628,8.626,-55.606,-3370.000
3.214,3.208,3.208,3.217,3.211,8.624,8.623,8.628,8.627,8.622,-55.606,-3369.000
3.215,3.213,3.208,3.209,3.211,8.624,8.621,8.627,8.629,8.625,-55.249,-3368.000
3.207,3.207,3.211,3.210,3.209,8.620,8.619,8.623,8.614,8.617,-55.249,-3367.000
3.210,3.208,3.208,3.208,3.211,8.621,8.617,8.618,8.615,8.615,-54.927,-3366.000
3.207,3.207,3.211,3.205,3.200,8.615,8.616,8.607,8.611,8.611,-54.927,-3365.000
3.206,3.206,3.204,3.205,3.209,8.610,8.614,8.613,8.614,8.610,-55.581,-3364.000
3.200,3.201,3.204,3.208,3.204,8.610,8.610,8.610,8.606,8.605,-55.581,-3363.000
3.203,3.202,3.203,3.202,3.205,8.600,8.600,8.605,8.602,8.599,-56.126,-3362.000
3.200,3.198,3.199,3.205,3.200,8.596,8.599,8.603,8.598,8.599,-56.126,-3361.000
3.199,3.201,3.203,3.207,3.198,8.595,8.601,8.598,8.598,8.593,-55.885,-3360.000
3.196,3.203,3.201,3.198,3.199,8.590,8.589,8.600,8.596,8.595,-55.885,-3359.000
3.200,3.200,3.198,3.195,3.193,8.590,8.591,8.593,8.590,8.588,-55.779,-3358.000
3.202,3.195,3.194,3.199,3.201,8.589,8.583,8.586,8.586,8.586,-55.779,-3357.000
3.194,3.204,3.194,3.196,3.197,8.588,8.588,8.584,8.585,8.588,-56.252,-3356.000
3.194,3.201,3.197,3.191,3.198,8.586,8.590,8.589,8.590,8.592,-56.252,-3355.000
3.202,3.199,3.199,3.194,3.199,8.589,8.587,8.590,8.589,8.588,-55.682,-3354.000
3.202,3.193,3.197,3.197,3.198,8.588,8.586,8.587,8.592,8.592,-55.682,-3353.000
3.192,3.194,3.197,3.197,3.197,8.593,8.590,8.591,8.597,8.591,-54.814,-3352.000
3.197,3.201,3.197,3.196,3.199,8.595,8.592,8.592,8.593,8.586,-54.814,-3351.000
3.199,3.200,3.197,3.201,3.200,8.596,8.590,8.591,8.588,8.593,-55.124,-3350.000
3.197,3.199,3.193,3.196,3.196,8.587,8.593,8.594,8.597,8.596,-55.124,-3349.000
3.194,3.199,3.196,3.204,3.196,8.591,8.590,8.590,8.594,8.589,-56.009,-3348.000
3.200,3.192,3.198,3.194,3.199,8.594,8.589,8.593,8.592,8.592,-56.009,-3347.000
3.194,3.199,3.197,3.199,3.198,8.590,8.588,8.593,8.589,8.593,-55.578,-3346.000
3.199,3.197,3.197,3.197,3.195,8.594,8.595,8.591,8.595,8.598,-55.578,-3345.000
3.196,3.199,3.199,3.196,3.196,8.591,8.589,8.588,8.590,8.594,-55.477,-3344.000
3.194,3.199,3.192,3.195,3.204,8.590,8.596,8.599,8.595,8.596,-55.477,-3343.000
3.198,3.199,3.192,3.199,3.193,8.592,8.593,8.592,8.593,8.591,-55.824,-3342.000
3.198,3.196,3.193,3.191,3.197,8.594,8.593,8.589,8.595,8.591,-55.824,-3341.000
3.200,3.199,3.200,3.194,3.191,8.594,8.593,8.599,8.595,8.598,-56.618,-3340.000
3.195,3.198,3.201,3.199,3.195,8.598,8.594,8.593,8.592,8.598,-56.618,-3339.000
3.201,3.195,3.197,3.199,3.197,8.596,8.594,8.596,8.596,8.595,-55.753,-3338.000
3.199,3.195,3.206,3.201,3.193,8.595,8.599,8.600,8.604,8.600,-55.753,-3337.000
3.198,3.201,3.200,3.200,3.192,8.599,8.605,8.605,8.602,8.599,-55.767,-3336.000
3.197,3.208,3.198,3.196,3.198,8.599,8.599,8.605,8.603,8.605,-55.767,-3335.000
3.195,3.197,3.196,3.202,3.195,8.604,8.603,8.598,8.598,8.601,-55.772,-3334.000
3.198,3.199,3.202,3.195,3.202,8.608,8.608,8.603,8.603,8.600,-55.772,-3333.000
3.199,3.199,3.198,3.197,3.198,8.609,8.604,8.608,8.602,8.603,-56.040,-3332.000
3.198,3.194,3.202,3.196,3.202,8.605,8.603,8.607,8.606,8.601,-56.040,-3331.000
3.201,3.200,3.202,3.194,3.199,8.603,8.608,8.602,8.601,8.606,-55.852,-3330.000
3.195,3.196,3.198,3.201,3.198,8.602,8.601,8.601,8.605,8.602,-55.852,-3329.000
3.199,3.191,3.192,3.197,3.199,8.600,8.603,8.602,8.595,8.605,-56.102,-3328.000
3.194,3.196,3.196,3.198,3.191,8.595,8.600,8.599,8.597,8.599,-56.102,-3327.000
3.200,3.191,3.196,3.200,3.198,8.591,8.594,8.594,8.598,8.591,-55.947,-3326.000
3.198,3.199,3.198,3.195,3.200,8.590,8.591,8.590,8.592,8.592,-55.947,-3325.000
3.192,3.196,3.199,3.198,3.193,8.591,8.589,8.590,8.590,8.594,-55.866,-3324.000
3.193,3.199,3.196,3.200,3.191,8.588,8.591,8.592,8.594,8.587,-55.866,-3323.000
3.195,3.196,3.195,3.197,3.189,8.587,8.590,8.582,8.586,8.583,-56.473,-3322.000
3.199,3.201,3.196,3.196,3.199,8.580,8.585,8.584,8.585,8.585,-56.473,-3321.000
3.194,3.196,3.192,3.192,3.188,8.584,8.586,8.584,8.583,8.581,-56.850,-3320.000
3.198,3.191,3.194,3.193,3.194,8.579,8.577,8.581,8.578,8.582,-56.850,-3319.000
3.195,3.192,3.194,3.192,3.194,8.583,8.582,8.581,8.581,8.582,-56.233,-3318.000
3.195,3.199,3.198,3.192,3.201,8.582,8.583,8.585,8.577,8.582,-56.233,-3317.000
3.198,3.194,3.191,3.199,3.195,8.585,8.580,8.585,8.585,8.587,-55.426,-3316.000
3.197,3.197,3.191,3.196,3.194,8.591,8.587,8.585,8.586,8.592,-55.426,-3315.000
3.197,3.198,3.200,3.195,3.194,8.589,8.590,8.596,8.589,8.592,-55.738,-3314.000
3.202,3.195,3.195,3.200,3.198,8.599,8.600,8.595,8.595,8.595,-55.738,-3313.000
3.198,3.205,3.199,3.201,3.201,8.594,8.599,8.600,8.602,8.602,-55.396,-3312.000
3.201,3.207,3.198,3.203,3.200,8.602,8.602,8.604,8.600,8.599,-55.396,-3311.000
3.201,3.207,3.206,3.202,3.203,8.608,8.610,8.604,8.611,8.605,-56.563,-3310.000
3.205,3.198,3.200,3.200,3.202,8.605,8.605,8.608,8.609,8.612,-56.563,-3309.000
3.203,3.204,3.206,3.202,3.204,8.610,8.610,8.610,8.606,8.611,-55.276,-3308.000
3.205,3.200,3.211,3.203,3.209,8.613,8.609,8.612,8.613,8.610,-55.276,-3307.000
3.206,3.202,3.206,3.209,3.208,8.610,8.615,8.612,8.615,8.613,-55.236,-3306.000
3.209,3.202,3.206,3.206,3.209,8.616,8.619,8.617,8.614,8.612,-55.236,-3305.000
3.212,3.208,3.211,3.212,3.209,8.618,8.613,8.613,8.616,8.619,-55.491,-3304.000
3.212,3.207,3.210,3.212,3.211,8.613,8.617,8.621,8.618,8.616,-55.491,-3303.000
3.211,3.215,3.209,3.208,3.205,8.615,8.618,8.616,8.615,8.619,-55.282,-3302.000
3.206,3.216,3.214,3.208,3.212,8.619,8.621,8.620,8.618,8.622,-55.282,-3301.000
3.208,3.207,3.212,3.214,3.206,8.619,8.620,8.621,8.618,8.617,-56.044,-3300.000
3.211,3.209,3.211,3.210,3.209,8.619,8.622,8.620,8.621,8.618,-56.044,-3299.000
3.207,3.211,3.207,3.209,3.208,8.617,8.620,8.619,8.619,8.615,-55.630,-3298.000
3.210,3.211,3.202,3.210,3.209,8.617,8.616,8.621,8.613,8.621,-55.630,-3297.000
3.209,3.207,3.211,3.211,3.208,8.619,8.617,8.619,8.614,8.617,-55.962,-3296.000
3.206,3.211,3.206,3.209,3.203,8.610,8.608,8.613,8.616,8.617,-55.962,-3295.000
3.207,3.205,3.206,3.205,3.206,8.613,8.614,8.610,8.609,8.610,-55.996,-3294.000
3.205,3.203,3.205,3.198,3.207,8.611,8.611,8.612,8.609,8.609,-55.996,-3293.000
3.201,3.203,3.203,3.201,3.201,8.607,8.605,8.603,8.604,8.610,-56.421,-3292.000
3.203,3.207,3.200,3.205,3.197,8.604,8.607,8.605,8.607,8.605,-56.421,-3291.000
3.204,3.197,3.206,3.201,3.194,8.605,8.602,8.599,8.601,8.598,-55.979,-3290.000
3.197,3.195,3.203,3.201,3.203,8.601,8.597,8.600,8.603,8.602,-55.979,-3289.000
3.201,3.203,3.200,3.202,3.198,8.602,8.596,8.599,8.599,8.597,-56.273,-3288.000
3.198,3.196,3.196,3.199,3.197,8.596,8.599,8.602,8.597,8.603,-56.273,-3287.000
3.201,3.199,3.198,3.198,3.197,8.598,8.595,8.596,8.601,8.600,-56.284,-3286.000
3.198,3.196,3.198,3.197,3.190,8.596,8.600,8.602,8.594,8.595,-56.284,-3285.000
3.202,3.198,3.198,3.198,3.193,8.598,8.601,8.604,8.605,8.594,-56.408,-3284.000
3.199,3.199,3.196,3.196,3.196,8.605,8.601,8.604,8.604,8.600,-56.408,-3283.000
3.197,3.204,3.200,3.198,3.192,8.603,8.606,8.598,8.602,8.602,-55.555,-3282.000
3.200,3.198,3.207,3.203,3.199,8.604,8.604,8.602,8.598,8.603,-55.555,-3281.000
3.198,3.199,3.199,3.195,3.207,8.609,8.606,8.605,8.604,8.600,-56.032,-3280.000
3.207,3.206,3.205,3.202,3.199,8.604,8.610,8.608,8.610,8.608,-56.032,-3279.000
3.202,3.200,3.203,3.202,3.201,8.616,8.605,8.610,8.608,8.605,-55.865,-3278.000
3.204,3.199,3.201,3.200,3.204,8.613,8.612,8.613,8.619,8.619,-55.865,-3277.000
3.210,3.205,3.204,3.209,3.209,8.618,8.621,8.614,8.615,8.618,-56.775,-3276.000
3.208,3.210,3.204,3.211,3.205,8.625,8.627,8.620,8.621,8.625,-56.775,-3275.000
3.211,3.210,3.203,3.206,3.205,8.627,8.626,8.628,8.628,8.624,-56.583,-3274.000
3.209,3.210,3.212,3.213,3.206,8.630,8.627,8.630,8.632,8.630,-56.583,-3273.000
3.204,3.204,3.215,3.213,3.210,8.631,8.633,8.633,8.629,8.630,-55.926,-3272.000
3.213,3.207,3.210,3.213,3.210,8.630,8.630,8.632,8.631,8.632,-55.926,-3271.000
3.213,3.214,3.215,3.217,3.209,8.625,8.625,8.628,8.626,8.626,-55.158,-3270.000
3.213,3.206,3.214,3.208,3.213,8.624,8.625,8.627,8.624,8.631,-55.158,-3269.000
3.211,3.211,3.212,3.215,3.211,8.625,8.630,8.624,8.629,8.621,-56.134,-3268.000
3.209,3.211,3.207,3.206,3.213,8.623,8.635,8.627,8.627,8.628,-56.134,-3267.000
3.216,3.212,3.209,3.214,3.207,8.624,8.631,8.635,8.634,8.632,-55.628,-3266.000
3.214,3.214,3.211,3.216,3.217,8.635,8.634,8.634,8.637,8.638,-55.628,-3265.000
3.211,3.215,3.218,3.209,3.210,8.641,8.636,8.637,8.637,8.635,-55.153,-3264.000
3.213,3.217,3.215,3.215,3.210,8.635,8.634,8.635,8.637,8.640,-55.153,-3263.000
3.212,3.211,3.209,3.217,3.211,8.635,8.636,8.631,8.634,8.633,-55.062,-3262.000
3.215,3.212,3.212,3.210,3.211,8.632,8.641,8.631,8.633,8.629,-55.062,-3261.000
3.210,3.213,3.209,3.214,3.219,8.638,8.630,8.634,8.634,8.635,-54.655,-3260.000
3.209,3.216,3.209,3.211,3.208,8.629,8.632,8.628,8.633,8.631,-54.655,-3259.000
3.210,3.211,3.213,3.209,3.212,8.629,8.627,8.625,8.634,8.630,-55.318,-3258.000
3.214,3.215,3.209,3.209,3.220,8.628,8.631,8.631,8.637,8.635,-55.318,-3257.000
3.208,3.213,3.211,3.211,3.215,8.635,8.632,8.633,8.627,8.631,-55.979,-3256.000
3.210,3.212,3.211,3.211,3.215,8.635,8.636,8.634,8.629,8.635,-55.979,-3255.000
3.214,3.210,3.213,3.210,3.213,8.636,8.635,8.635,8.634,8.636,-56.056,-3254.000
3.211,3.208,3.213,3.209,3.209,8.633,8.636,8.634,8.636,8.632,-56.056,-3253.000
3.211,3.216,3.207,3.218,3.210,8.631,8.632,8.628,8.632,8.635,-55.548,-3252.000
3.212,3.205,3.211,3.210,3.212,8.625,8.627,8.628,8.627,8.629,-55.548,-3251.000
3.204,3.205,3.207,3.213,3.205,8.628,8.625,8.628,8.624,8.628,-55.432,-3250.000
3.211,3.212,3.211,3.205,3.211,8.627,8.624,8.624,8.624,8.626,-55.432,-3249.000
3.208,3.214,3.219,3.204,3.218,8.631,8.632,8.628,8.625,8.624,-55.432,-3248.000
3.213,3.212,3.213,3.210,3.211,8.629,8.629,8.631,8.628,8.631,-55.927,-3247.000
3.211,3.211,3.210,3.210,3.213,8.630,8.633,8.628,8.634,8.633,-55.927,-3246.000
3.210,3.215,3.216,3.217,3.208,8.635,8.630,8.633,8.633,8.636,-56.425,-3245.000
3.213,3.211,3.216,3.214,3.219,8.636,8.641,8.640,8.641,8.640,-56.425,-3244.000
3.212,3.219,3.212,3.217,3.216,8.636,8.643,8.640,8.642,8.641,-56.213,-3243.000
3.218,3.214,3.215,3.222,3.217,8.648,8.645,8.642,8.645,8.643,-56.213,-3242.000
3.216,3.216,3.220,3.220,3.216,8.652,8.648,8.649,8.650,8.650,-56.036,-3241.000
3.222,3.218,3.221,3.221,3.219,8.650,8.648,8.647,8.649,8.647,-56.036,-3240.000
3.215,3.216,3.221,3.215,3.220,8.648,8.652,8.647,8.646,8.646,-55.408,-3239.000
3.211,3.211,3.217,3.214,3.218,8.640,8.643,8.644,8.642,8.641,-55.408,-3238.000
3.216,3.211,3.215,3.209,3.211,8.635,8.634,8.635,8.635,8.631,-55.939,-3237.000
3.216,3.213,3.211,3.211,3.215,8.629,8.625,8.626,8.621,8.628,-55.939,-3236.000
3.203,3.212,3.200,3.212,3.203,8.615,8.617,8.618,8.619,8.617,-56.412,-3235.000
3.206,3.201,3.208,3.207,3.202,8.615,8.610,8.617,8.609,8.610,-56.412,-3234.000
3.201,3.205,3.206,3.208,3.207,8.608,8.611,8.606,8.608,8.603,-55.433,-3233.000
3.210,3.205,3.197,3.198,3.208,8.602,8.606,8.605,8.606,8.609,-55.433,-3232.000
3.202,3.207,3.207,3.202,3.211,8.598,8.603,8.603,8.602,8.604,-56.320,-3231.000
3.206,3.205,3.200,3.196,3.202,8.598,8.599,8.593,8.602,8.595,-56.320,-3230.000
3.196,3.204,3.197,3.202,3.194,8.593,8.597,8.590,8.595,8.594,-56.490,-3229.000
3.198,3.200,3.200,3.205,3.197,8.584,8.591,8.585,8.586,8.585,-56.490,-3228.000
3.195,3.195,3.200,3.200,3.197,8.589,8.585,8.589,8.589,8.582,-55.860,-3227.000
3.198,3.199,3.198,3.192,3.201,8.585,8.582,8.584,8.585,8.586,-55.860,-3226.000
3.196,3.202,3.201,3.199,3.198,8.587,8.588,8.586,8.582,8.578,-56.123,-3225.000
3.190,3.198,3.196,3.196,3.197,8.585,8.583,8.584,8.581,8.579,-56.123,-3224.000
3.194,3.198,3.195,3.192,3.193,8.579,8.576,8.581,8.579,8.574,-55.581,-3223.000
3.191,3.194,3.194,3.191,3.197,8.571,8.573,8.570,8.570,8.565,-55.581,-3222.000
3.194,3.195,3.188,3.195,3.191,8.567,8.563,8.563,8.570,8.569,-55.398,-3221.000
3.188,3.195,3.187,3.190,3.187,8.558,8.558,8.558,8.563,8.556,-55.398,-3220.000
3.191,3.187,3.186,3.193,3.189,8.552,8.558,8.553,8.561,8.556,-55.367,-3219.000
3.186,3.186,3.182,3.189,3.183,8.556,8.549,8.555,8.548,8.546,-55.367,-3218.000
3.190,3.187,3.188,3.182,3.178,8.553,8.549,8.548,8.541,8.544,-55.145,-3217.000
3.186,3.190,3.192,3.183,3.187,8.550,8.549,8.549,8.547,8.549,-55.145,-3216.000
3.180,3.188,3.190,3.188,3.187,8.547,8.551,8.549,8.547,8.550,-56.071,-3215.000
3.187,3.190,3.191,3.191,3.190,8.549,8.554,8.556,8.557,8.558,-56.071,-3214.000
3.189,3.194,3.187,3.187,3.190,8.556,8.560,8.558,8.560,8.556,-55.899,-3213.000
3.193,3.190,3.190,3.189,3.189,8.556,8.559,8.561,8.560,8.565,-55.899,-3212.000
3.196,3.192,3.193,3.191,3.193,8.566,8.567,8.568,8.569,8.563,-56.678,-3211.000
3.192,3.198,3.192,3.198,3.197,8.571,8.572,8.566,8.566,8.566,-56.678,-3210.000
3.192,3.194,3.191,3.195,3.194,8.568,8.564,8.567,8.571,8.571,-56.674,-3209.000
3.196,3.191,3.194,3.198,3.192,8.565,8.568,8.571,8.571,8.571,-56.674,-3208.000
3.194,3.193,3.193,3.198,3.188,8.566,8.566,8.567,8.563,8.568,-56.315,-3207.000
3.195,3.187,3.196,3.190,3.194,8.564,8.566,8.565,8.561,8.565,-56.315,-3206.000
3.186,3.187,3.192,3.190,3.197,8.555,8.555,8.558,8.552,8.557,-55.240,-3205.000
3.189,3.186,3.194,3.190,3.191,8.549,8.555,8.550,8.550,8.548,-55.240,-3204.000
3.181,3.184,3.186,3.183,3.189,8.549,8.545,8.544,8.537,8.542,-55.362,-3203.000
3.180,3.179,3.181,3.183,3.185,8.542,8.536,8.539,8.540,8.535,-55.362,-3202.000
3.180,3.183,3.176,3.184,3.184,8.531,8.536,8.536,8.541,8.536,-56.570,-3201.000
3.175,3.183,3.179,3.184,3.184,8.528,8.527,8.529,8.529,8.531,-56.570,-3200.000
3.171,3.178,3.176,3.179,3.172,8.524,8.529,8.528,8.527,8.526,-56.015,-3199.000
3.177,3.174,3.176,3.180,3.180,8.526,8.528,8.528,8.530,8.520,-56.015,-3198.000
3.179,3.177,3.177,3.175,3.181,8.529,8.531,8.526,8.531,8.536,-55.703,-3197.000
3.180,3.179,3.179,3.173,3.175,8.532,8.533,8.531,8.534,8.529,-55.703,-3196.000
3.178,3.180,3.175,3.180,3.180,8.535,8.535,8.533,8.540,8.538,-56.191,-3195.000
3.185,3.180,3.180,3.184,3.181,8.548,8.541,8.538,8.541,8.536,-56.191,-3194.000
3.180,3.186,3.179,3.180,3.185,8.549,8.542,8.543,8.544,8.541,-56.391,-3193.000
3.185,3.180,3.188,3.186,3.187,8.547,8.549,8.549,8.550,8.551,-56.391,-3192.000
3.188,3.188,3.185,3.185,3.183,8.554,8.552,8.555,8.554,8.551,-56.226,-3191.000
3.188,3.187,3.188,3.187,3.195,8.561,8.561,8.563,8.558,8.560,-56.226,-3190.000
3.190,3.192,3.195,3.195,3.187,8.567,8.561,8.561,8.566,8.563,-55.500,-3189.000
3.188,3.189,3.188,3.189,3.194,8.574,8.570,8.568,8.567,8.564,-55.500,-3188.000
3.191,3.192,3.191,3.190,3.194,8.566,8.569,8.572,8.570,8.569,-56.271,-3187.000
3.190,3.196,3.199,3.189,3.193,8.578,8.571,8.571,8.580,8.573,-56.271,-3186.000
3.197,3.194,3.195,3.195,3.194,8.575,8.576,8.580,8.577,8.578,-56.092,-3185.000
3.194,3.199,3.194,3.200,3.195,8.580,8.582,8.585,8.587,8.584,-56.092,-3184.000
3.199,3.201,3.196,3.200,3.199,8.585,8.579,8.584,8.584,8.590,-56.193,-3183.000
3.200,3.203,3.201,3.202,3.198,8.591,8.593,8.589,8.587,8.596,-56.193,-3182.000
3.199,3.202,3.204,3.204,3.201,8.588,8.589,8.587,8.591,8.593,-54.976,-3181.000
3.200,3.203,3.198,3.199,3.203,8.596,8.589,8.593,8.589,8.591,-54.976,-3180.000
3.202,3.198,3.200,3.194,3.201,8.588,8.586,8.589,8.586,8.591,-56.060,-3179.000
3.203,3.192,3.208,3.197,3.200,8.593,8.584,8.589,8.584,8.586,-56.060,-3178.000
3.192,3.208,3.201,3.199,3.200,8.586,8.582,8.579,8.583,8.581,-54.844,-3177.000
3.199,3.209,3.195,3.193,3.200,8.582,8.586,8.588,8.579,8.582,-54.844,-3176.000
3.199,3.193,3.201,3.196,3.196,8.578,8.585,8.579,8.580,8.579,-54.968,-3175.000
3.193,3.194,3.192,3.203,3.196,8.586,8.585,8.584,8.579,8.585,-54.968,-3174.000
3.196,3.193,3.196,3.194,3.197,8.584,8.585,8.581,8.582,8.582,-55.160,-3173.000
3.189,3.197,3.201,3.200,3.196,8.583,8.582,8.584,8.586,8.584,-55.160,-3172.000
3.200,3.195,3.203,3.196,3.200,8.588,8.589,8.585,8.589,8.590,-55.556,-3171.000
3.200,3.192,3.201,3.199,3.202,8.587,8.590,8.595,8.594,8.588,-55.556,-3170.000
3.196,3.201,3.203,3.198,3.200,8.589,8.587,8.585,8.592,8.593,-55.595,-3169.000
3.199,3.196,3.203,3.202,3.200,8.594,8.589,8.591,8.594,8.596,-55.595,-3168.000
3.200,3.199,3.202,3.199,3.201,8.592,8.601,8.596,8.597,8.597,-55.464,-3167.000
3.202,3.196,3.206,3.205,3.205,8.601,8.603,8.604,8.600,8.598,-55.464,-3166.000
3.208,3.202,3.205,3.204,3.202,8.607,8.605,8.603,8.603,8.607,-55.437,-3165.000
3.212,3.201,3.208,3.201,3.212,8.616,8.614,8.611,8.617,8.616,-55.437,-3164.000
3.207,3.207,3.208,3.214,3.205,8.615,8.614,8.615,8.616,8.621,-56.005,-3163.000
3.208,3.211,3.209,3.209,3.203,8.624,8.631,8.625,8.626,8.620,-56.005,-3162.000
3.209,3.203,3.215,3.220,3.215,8.633,8.627,8.635,8.633,8.627,-55.197,-3161.000
3.214,3.215,3.216,3.220,3.211,8.633,8.636,8.641,8.637,8.639,-55.197,-3160.000
3.213,3.213,3.217,3.212,3.214,8.646,8.641,8.644,8.636,8.640,-55.492,-3159.000
3.218,3.212,3.221,3.217,3.217,8.642,8.641,8.644,8.642,8.645,-55.492,-3158.000
3.218,3.218,3.222,3.211,3.222,8.638,8.639,8.639,8.640,8.642,-56.039,-3157.000
3.218,3.217,3.216,3.220,3.213,8.642,8.639,8.642,8.643,8.645,-56.039,-3156.000
3.225,3.216,3.217,3.217,3.223,8.641,8.643,8.645,8.638,8.645,-55.639,-3155.000
3.219,3.220,3.212,3.222,3.218,8.645,8.641,8.642,8.642,8.642,-55.639,-3154.000
3.222,3.214,3.215,3.218,3.218,8.639,8.644,8.642,8.642,8.643,-55.805,-3153.000
3.222,3.212,3.218,3.220,3.219,8.647,8.645,8.639,8.647,8.643,-55.805,-3152.000
3.220,3.217,3.216,3.218,3.220,8.643,8.645,8.646,8.645,8.639,-56.831,-3151.000
3.221,3.219,3.218,3.212,3.217,8.642,8.636,8.638,8.635,8.638,-56.831,-3150.000
3.222,3.214,3.218,3.217,3.216,8.645,8.642,8.640,8.642,8.638,-56.272,-3149.000
3.222,3.212,3.219,3.217,3.217,8.640,8.643,8.641,8.649,8.638,-56.272,-3148.000
3.215,3.213,3.214,3.212,3.215,8.636,8.636,8.640,8.641,8.645,-56.771,-3147.000
3.212,3.214,3.216,3.215,3.215,8.632,8.633,8.636,8.640,8.635,-56.771,-3146.000
3.214,3.214,3.219,3.216,3.212,8.635,8.638,8.635,8.632,8.633,-56.396,-3145.000
3.212,3.211,3.214,3.215,3.218,8.634,8.631,8.630,8.636,8.635,-56.396,-3144.000
3.217,3.214,3.211,3.215,3.209,8.629,8.626,8.629,8.633,8.632,-54.824,-3143.000
3.216,3.214,3.211,3.207,3.212,8.637,8.633,8.630,8.635,8.635,-54.824,-3142.000
3.209,3.215,3.211,3.210,3.210,8.630,8.630,8.627,8.633,8.630,-54.368,-3141.000
3.213,3.214,3.213,3.210,3.207,8.630,8.625,8.624,8.625,8.629,-54.368,-3140.000
3.211,3.211,3.207,3.217,3.217,8.627,8.627,8.620,8.630,8.627,-52.779,-3139.000
3.208,3.217,3.216,3.209,3.210,8.625,8.627,8.623,8.622,8.622,-52.779,-3138.000
3.209,3.203,3.215,3.216,3.215,8.622,8.626,8.619,8.623,8.625,-53.213,-3137.000
3.219,3.210,3.207,3.210,3.212,8.624,8.624,8.621,8.623,8.621,-53.213,-3136.000
3.213,3.217,3.210,3.207,3.210,8.626,8.622,8.619,8.620,8.623,-53.091,-3135.000
3.216,3.206,3.211,3.212,3.210,8.623,8.616,8.618,8.618,8.626,-53.091,-3134.000
3.210,3.213,3.209,3.207,3.208,8.620,8.620,8.621,8.618,8.619,-54.400,-3133.000
3.208,3.210,3.208,3.205,3.209,8.615,8.618,8.616,8.616,8.616,-54.400,-3132.000
3.201,3.209,3.208,3.207,3.204,8.611,8.613,8.611,8.615,8.617,-54.561,-3131.000
3.206,3.207,3.210,3.204,3.214,8.615,8.610,8.610,8.611,8.609,-54.561,-3130.000
3.208,3.208,3.206,3.204,3.205,8.610,8.609,8.610,8.608,8.603,-55.044,-3129.000
3.204,3.207,3.202,3.204,3.202,8.606,8.605,8.606,8.608,8.601,-55.044,-3128.000
3.206,3.206,3.200,3.204,3.200,8.598,8.595,8.596,8.601,8.599,-55.959,-3127.000
3.202,3.204,3.201,3.198,3.201,8.594,8.601,8.591,8.596,8.591,-55.959,-3126.000
3.201,3.201,3.202,3.200,3.199,8.590,8.596,8.587,8.595,8.589,-55.795,-3125.000
3.203,3.197,3.204,3.196,3.202,8.593,8.587,8.589,8.588,8.588,-55.795,-3124.000
3.196,3.204,3.196,3.201,3.196,8.584,8.582,8.587,8.584,8.587,-55.681,-3123.000
3.197,3.197,3.198,3.198,3.198,8.581,8.579,8.581,8.582,8.582,-55.681,-3122.000
3.197,3.196,3.198,3.196,3.195,8.578,8.577,8.575,8.583,8.581,-55.999,-3121.000
3.196,3.189,3.192,3.195,3.195,8.579,8.580,8.579,8.581,8.579,-55.999,-3120.000
3.194,3.192,3.193,3.189,3.195,8.584,8.583,8.578,8.573,8.577,-55.253,-3119.000
3.189,3.197,3.192,3.192,3.195,8.574,8.582,8.575,8.580,8.582,-55.253,-3118.000
3.195,3.191,3.189,3.196,3.188,8.581,8.582,8.578,8.583,8.575,-55.088,-3117.000
3.191,3.198,3.187,3.193,3.190,8.574,8.577,8.575,8.579,8.576,-55.088,-3116.000
3.196,3.197,3.192,3.197,3.189,8.573,8.578,8.576,8.580,8.575,-54.966,-3115.000
3.194,3.196,3.189,3.196,3.194,8.576,8.576,8.575,8.575,8.582,-54.966,-3114.000
3.194,3.193,3.192,3.192,3.190,8.576,8.578,8.577,8.569,8.570,-55.649,-3113.000
3.191,3.192,3.192,3.192,3.190,8.567,8.569,8.569,8.569,8.573,-55.649,-3112.000
3.193,3.187,3.193,3.188,3.188,8.565,8.567,8.567,8.569,8.562,-55.674,-3111.000
3.188,3.192,3.187,3.188,3.191,8.560,8.560,8.561,8.566,8.566,-55.674,-3110.000
3.188,3.189,3.188,3.188,3.195,8.562,8.562,8.557,8.555,8.556,-55.212,-3109.000
3.190,3.190,3.193,3.187,3.186,8.559,8.559,8.555,8.556,8.554,-55.212,-3108.000
3.187,3.187,3.186,3.185,3.182,8.551,8.553,8.557,8.552,8.553,-55.631,-3107.000
3.184,3.186,3.189,3.186,3.182,8.551,8.550,8.553,8.548,8.548,-55.631,-3106.000
3.187,3.181,3.187,3.183,3.182,8.553,8.551,8.550,8.552,8.549,-55.779,-3105.000
3.181,3.180,3.180,3.186,3.185,8.546,8.550,8.550,8.546,8.546,-55.779,-3104.000
3.180,3.186,3.180,3.194,3.184,8.548,8.547,8.548,8.549,8.547,-56.696,-3103.000
3.189,3.186,3.187,3.179,3.183,8.548,8.548,8.547,8.553,8.554,-56.696,-3102.000
3.186,3.188,3.187,3.182,3.189,8.549,8.548,8.554,8.560,8.553,-56.278,-3101.000
3.189,3.190,3.180,3.190,3.182,8.554,8.552,8.561,8.553,8.559,-56.278,-3100.000
3.186,3.185,3.192,3.189,3.186,8.555,8.557,8.562,8.560,8.561,-55.959,-3099.000
3.192,3.188,3.189,3.190,3.189,8.561,8.561,8.557,8.559,8.560,-55.959,-3098.000
3.195,3.194,3.191,3.187,3.202,8.564,8.562,8.559,8.560,8.562,-55.941,-3097.000
3.197,3.182,3.194,3.192,3.196,8.568,8.562,8.568,8.568,8.570,-55.941,-3096.000
3.194,3.191,3.188,3.200,3.189,8.571,8.567,8.569,8.565,8.570,-56.227,-3095.000
3.192,3.195,3.194,3.194,3.195,8.572,8.569,8.571,8.572,8.570,-56.227,-3094.000
3.195,3.197,3.197,3.194,3.191,8.574,8.571,8.568,8.571,8.575,-56.227,-3093.000
3.200,3.190,3.193,3.194,3.194,8.573,8.575,8.571,8.578,8.572,-55.377,-3092.000
3.197,3.189,3.188,3.194,3.198,8.570,8.577,8.575,8.575,8.574,-55.377,-3091.000
3.190,3.191,3.198,3.199,3.198,8.571,8.568,8.569,8.571,8.575,-55.474,-3090.000
3.197,3.196,3.198,3.193,3.195,8.577,8.569,8.572,8.574,8.573,-55.474,-3089.000
3.194,3.200,3.194,3.197,3.197,8.575,8.575,8.579,8.578,8.576,-55.293,-3088.000
3.200,3.195,3.197,3.195,3.191,8.575,8.578,8.573,8.584,8.575,-55.293,-3087.000
3.200,3.193,3.191,3.197,3.196,8.584,8.576,8.572,8.574,8.579,-56.194,-3086.000
3.199,3.197,3.197,3.199,3.195,8.572,8.579,8.574,8.576,8.574,-56.194,-3085.000
3.196,3.195,3.196,3.195,3.201,8.575,8.575,8.576,8.581,8.578,-55.394,-3084.000
3.195,3.200,3.201,3.194,3.193,8.574,8.580,8.583,8.580,8.574,-55.394,-3083.000
3.191,3.197,3.200,3.193,3.205,8.577,8.580,8.577,8.574,8.579,-54.018,-3082.000
3.196,3.187,3.196,3.189,3.200,8.580,8.581,8.577,8.579,8.576,-54.018,-3081.000
3.191,3.197,3.196,3.193,3.200,8.582,8.581,8.578,8.579,8.580,-53.083,-3080.000
3.197,3.202,3.195,3.203,3.197,8.582,8.578,8.576,8.579,8.582,-53.083,-3079.000
3.193,3.198,3.197,3.200,3.207,8.584,8.585,8.581,8.585,8.575,-52.616,-3078.000
3.197,3.203,3.194,3.201,3.195,8.577,8.583,8.579,8.581,8.580,-52.616,-3077.000
3.199,3.198,3.197,3.198,3.195,8.582,8.582,8.581,8.581,8.582,-52.912,-3076.000
3.196,3.197,3.202,3.195,3.195,8.580,8.582,8.577,8.571,8.575,-52.912,-3075.000
3.198,3.197,3.193,3.201,3.199,8.577,8.577,8.574,8.573,8.581,-55.011,-3074.000
3.195,3.193,3.187,3.196,3.198,8.572,8.567,8.567,8.569,8.569,-55.011,-3073.000
3.193,3.194,3.192,3.194,3.190,8.567,8.564,8.564,8.566,8.566,-54.754,-3072.000
3.192,3.196,3.191,3.194,3.192,8.568,8.567,8.565,8.560,8.564,-54.754,-3071.000
3.190,3.196,3.191,3.196,3.192,8.571,8.560,8.571,8.568,8.566,-55.038,-3070.000
3.188,3.191,3.192,3.190,3.198,8.564,8.570,8.568,8.571,8.567,-55.038,-3069.000
3.192,3.191,3.193,3.197,3.196,8.572,8.566,8.572,8.570,8.570,-55.136,-3068.000
3.189,3.193,3.189,3.192,3.196,8.574,8.570,8.567,8.575,8.577,-55.136,-3067.000
3.190,3.196,3.198,3.194,3.194,8.575,8.568,8.573,8.569,8.567,-55.349,-3066.000
3.195,3.197,3.188,3.194,3.194,8.568,8.568,8.567,8.567,8.568,-55.349,-3065.000
3.192,3.194,3.195,3.187,3.187,8.562,8.565,8.567,8.568,8.571,-55.682,-3064.000
3.190,3.188,3.189,3.192,3.186,8.570,8.567,8.557,8.565,8.569,-55.682,-3063.000
3.189,3.190,3.193,3.190,3.191,8.562,8.563,8.565,8.566,8.565,-55.446,-3062.000
3.194,3.189,3.190,3.186,3.195,8.561,8.566,8.562,8.566,8.568,-55.446,-3061.000
3.199,3.193,3.192,3.194,3.185,8.567,8.570,8.568,8.569,8.564,-54.930,-3060.000
3.193,3.186,3.195,3.195,3.194,8.566,8.572,8.569,8.567,8.572,-54.930,-3059.000
3.195,3.192,3.193,3.188,3.196,8.564,8.569,8.571,8.569,8.570,-54.904,-3058.000
3.193,3.198,3.196,3.191,3.189,8.573,8.567,8.566,8.569,8.570,-54.904,-3057.000
3.191,3.193,3.189,3.192,3.196,8.574,8.573,8.569,8.574,8.576,-54.904,-3056.000
3.190,3.200,3.196,3.191,3.201,8.573,8.571,8.571,8.572,8.575,-54.903,-3055.000
3.192,3.199,3.193,3.197,3.192,8.569,8.578,8.571,8.572,8.575,-54.903,-3054.000
3.189,3.189,3.197,3.188,3.190,8.574,8.570,8.572,8.569,8.573,-55.408,-3053.000
3.193,3.195,3.196,3.194,3.191,8.570,8.567,8.568,8.569,8.571,-55.408,-3052.000
3.196,3.191,3.199,3.189,3.194,8.574,8.569,8.565,8.565,8.568,-55.778,-3051.000
3.191,3.192,3.198,3.190,3.191,8.562,8.563,8.567,8.564,8.571,-55.778,-3050.000
3.191,3.188,3.196,3.191,3.189,8.562,8.567,8.566,8.561,8.561,-56.243,-3049.000
3.190,3.186,3.185,3.191,3.194,8.560,8.559,8.561,8.555,8.561,-56.243,-3048.000
3.197,3.186,3.186,3.187,3.186,8.561,8.551,8.559,8.554,8.552,-56.825,-3047.000
3.187,3.187,3.184,3.184,3.186,8.552,8.548,8.549,8.553,8.550,-56.825,-3046.000
3.188,3.179,3.187,3.188,3.180,8.545,8.550,8.549,8.547,8.549,-55.773,-3045.000
3.188,3.186,3.183,3.180,3.186,8.544,8.545,8.549,8.541,8.548,-55.773,-3044.000
3.184,3.185,3.183,3.181,3.182,8.548,8.552,8.546,8.540,8.548,-55.196,-3043.000
3.185,3.186,3.184,3.182,3.182,8.549,8.547,8.548,8.547,8.547,-55.196,-3042.000
3.184,3.185,3.179,3.186,3.186,8.545,8.542,8.545,8.547,8.545,-55.931,-3041.000
3.186,3.184,3.182,3.186,3.184,8.547,8.546,8.541,8.548,8.545,-55.931,-3040.000
3.184,3.186,3.179,3.187,3.184,8.547,8.544,8.549,8.544,8.544,-55.272,-3039.000
3.190,3.184,3.185,3.186,3.180,8.540,8.546,8.547,8.541,8.547,-55.272,-3038.000
3.184,3.179,3.190,3.177,3.192,8.546,8.545,8.542,8.544,8.543,-55.844,-3037.000
3.180,3.186,3.185,3.183,3.185,8.549,8.549,8.546,8.543,8.542,-55.844,-3036.000
3.180,3.189,3.187,3.185,3.185,8.546,8.541,8.549,8.548,8.545,-55.908,-3035.000
3.186,3.181,3.190,3.189,3.184,8.547,8.546,8.545,8.543,8.549,-55.908,-3034.000
3.182,3.191,3.182,3.182,3.184,8.548,8.546,8.552,8.547,8.549,-55.766,-3033.000
3.187,3.190,3.185,3.187,3.188,8.550,8.554,8.549,8.551,8.549,-55.766,-3032.000
3.187,3.184,3.182,3.192,3.188,8.556,8.552,8.552,8.547,8.549,-56.455,-3031.000
3.186,3.185,3.191,3.189,3.190,8.547,8.546,8.550,8.548,8.551,-56.455,-3030.000
3.187,3.187,3.187,3.185,3.190,8.553,8.558,8.552,8.552,8.551,-56.038,-3029.000
3.191,3.190,3.185,3.192,3.182,8.554,8.555,8.549,8.552,8.551,-56.038,-3028.000
3.188,3.190,3.184,3.185,3.190,8.556,8.553,8.551,8.552,8.555,-55.768,-3027.000
3.192,3.191,3.188,3.190,3.186,8.552,8.555,8.552,8.552,8.552,-55.768,-3026.000
3.195,3.187,3.189,3.189,3.190,8.556,8.552,8.547,8.556,8.555,-55.784,-3025.000
3.189,3.189,3.188,3.186,3.189,8.556,8.555,8.553,8.551,8.552,-55.784,-3024.000
3.189,3.189,3.185,3.193,3.192,8.555,8.553,8.557,8.555,8.555,-55.636,-3023.000
3.191,3.194,3.186,3.189,3.192,8.557,8.559,8.556,8.557,8.555,-55.636,-3022.000
3.189,3.191,3.196,3.187,3.193,8.557,8.557,8.559,8.560,8.563,-55.543,-3021.000
3.188,3.192,3.185,3.197,3.198,8.563,8.564,8.561,8.565,8.565,-55.543,-3020.000
3.190,3.194,3.194,3.194,3.195,8.564,8.564,8.570,8.572,8.568,-55.306,-3019.000
3.193,3.195,3.193,3.197,3.198,8.570,8.570,8.570,8.567,8.573,-55.306,-3018.000
3.196,3.192,3.199,3.195,3.194,8.572,8.578,8.571,8.575,8.574,-55.812,-3017.000
3.197,3.194,3.203,3.194,3.195,8.583,8.578,8.576,8.577,8.573,-55.812,-3016.000
3.202,3.197,3.196,3.201,3.197,8.574,8.582,8.578,8.577,8.575,-55.408,-3015.000
3.196,3.198,3.202,3.197,3.197,8.586,8.584,8.583,8.586,8.579,-55.408,-3014.000
3.196,3.200,3.202,3.193,3.203,8.581,8.583,8.585,8.583,8.585,-54.882,-3013.000
3.196,3.202,3.201,3.197,3.203,8.579,8.581,8.584,8.583,8.585,-54.882,-3012.000
3.203,3.199,3.194,3.197,3.195,8.580,8.578,8.580,8.577,8.580,-55.742,-3011.000
3.199,3.199,3.196,3.196,3.196,8.578,8.577,8.574,8.570,8.571,-55.742,-3010.000
3.195,3.198,3.190,3.195,3.188,8.572,8.571,8.572,8.580,8.572,-55.835,-3009.000
3.189,3.198,3.197,3.189,3.193,8.566,8.572,8.567,8.563,8.574,-55.835,-3008.000
3.190,3.192,3.193,3.197,3.188,8.565,8.568,8.567,8.560,8.567,-55.403,-3007.000
3.194,3.193,3.196,3.194,3.197,8.560,8.564,8.570,8.565,8.568,-55.403,-3006.000
3.191,3.199,3.193,3.186,3.195,8.568,8.571,8.567,8.561,8.566,-55.465,-3005.000
3.194,3.189,3.197,3.192,3.187,8.565,8.563,8.561,8.562,8.569,-55.465,-3004.000
3.195,3.192,3.199,3.194,3.195,8.562,8.563,8.569,8.571,8.568,-54.908,-3003.000
3.199,3.192,3.197,3.193,3.194,8.570,8.572,8.571,8.575,8.571,-54.908,-3002.000
3.188,3.192,3.192,3.193,3.193,8.567,8.572,8.563,8.560,8.573,-55.200,-3001.000
3.193,3.195,3.194,3.195,3.198,8.574,8.570,8.575,8.573,8.572,-55.200,-3000.000
3.196,3.195,3.196,3.192,3.195,8.572,8.567,8.567,8.574,8.576,-54.922,-2999.000
3.196,3.193,3.191,3.198,3.198,8.570,8.569,8.568,8.574,8.576,-54.922,-2998.000
3.193,3.193,3.195,3.192,3.193,8.569,8.572,8.568,8.571,8.569,-55.479,-2997.000
3.194,3.195,3.187,3.199,3.191,8.570,8.568,8.575,8.568,8.568,-55.479,-2996.000
3.189,3.192,3.190,3.189,3.191,8.577,8.569,8.575,8.568,8.567,-55.674,-2995.000
3.190,3.194,3.193,3.192,3.195,8.570,8.566,8.569,8.568,8.562,-55.674,-2994.000
3.189,3.196,3.192,3.191,3.190,8.570,8.565,8.561,8.564,8.559,-55.884,-2993.000
3.185,3.189,3.186,3.189,3.196,8.563,8.562,8.563,8.560,8.561,-55.884,-2992.000
3.191,3.191,3.191,3.189,3.189,8.554,8.561,8.557,8.562,8.561,-55.896,-2991.000
3.189,3.186,3.188,3.185,3.189,8.554,8.552,8.553,8.551,8.549,-55.896,-2990.000
3.191,3.188,3.186,3.184,3.187,8.551,8.551,8.557,8.551,8.550,-55.924,-2989.000
3.182,3.191,3.186,3.188,3.185,8.543,8.551,8.550,8.544,8.547,-55.924,-2988.000
3.190,3.185,3.189,3.185,3.177,8.545,8.546,8.546,8.543,8.546,-55.738,-2987.000
3.186,3.180,3.188,3.184,3.187,8.540,8.537,8.547,8.540,8.543,-55.738,-2986.000
3.180,3.182,3.178,3.187,3.177,8.539,8.537,8.543,8.543,8.539,-55.789,-2985.000
3.182,3.185,3.179,3.182,3.185,8.539,8.538,8.541,8.544,8.542,-55.789,-2984.000
3.185,3.181,3.179,3.177,3.187,8.541,8.541,8.539,8.537,8.538,-55.600,-2983.000
3.181,3.181,3.186,3.183,3.182,8.540,8.539,8.539,8.539,8.541,-55.600,-2982.000
3.182,3.178,3.181,3.179,3.181,8.542,8.541,8.537,8.541,8.538,-56.647,-2981.000
3.181,3.183,3.183,3.183,3.182,8.538,8.541,8.540,8.539,8.537,-56.647,-2980.000
3.182,3.182,3.181,3.180,3.178,8.535,8.532,8.537,8.539,8.535,-56.900,-2979.000
3.173,3.182,3.182,3.180,3.178,8.537,8.530,8.530,8.529,8.534,-56.900,-2978.000
3.177,3.176,3.176,3.183,3.177,8.532,8.528,8.531,8.529,8.531,-56.277,-2977.000
3.179,3.180,3.175,3.177,3.178,8.525,8.527,8.525,8.522,8.520,-56.277,-2976.000
3.183,3.173,3.179,3.170,3.178,8.522,8.525,8.522,8.521,8.522,-56.073,-2975.000
3.172,3.169,3.175,3.173,3.178,8.522,8.521,8.520,8.522,8.516,-56.073,-2974.000
3.172,3.174,3.172,3.174,3.177,8.518,8.522,8.519,8.518,8.512,-56.086,-2973.000
3.166,3.173,3.178,3.174,3.171,8.518,8.515,8.517,8.519,8.520,-56.086,-2972.000
3.177,3.170,3.174,3.174,3.168,8.516,8.515,8.523,8.524,8.516,-55.948,-2971.000
3.174,3.174,3.174,3.171,3.180,8.519,8.525,8.520,8.518,8.521,-55.948,-2970.000
3.175,3.178,3.173,3.173,3.174,8.528,8.523,8.522,8.522,8.522,-56.094,-2969.000
3.175,3.177,3.180,3.179,3.175,8.516,8.526,8.528,8.522,8.525,-56.094,-2968.000
3.175,3.177,3.177,3.180,3.181,8.525,8.530,8.531,8.528,8.527,-55.816,-2967.000
3.181,3.182,3.182,3.178,3.185,8.532,8.525,8.533,8.534,8.528,-55.816,-2966.000
3.179,3.183,3.180,3.182,3.179,8.531,8.533,8.533,8.532,8.537,-55.481,-2965.000
3.183,3.175,3.186,3.177,3.181,8.536,8.529,8.531,8.535,8.533,-55.481,-2964.000
3.187,3.183,3.181,3.183,3.183,8.530,8.535,8.542,8.541,8.541,-55.333,-2963.000
3.186,3.190,3.186,3.188,3.190,8.538,8.542,8.548,8.543,8.546,-55.333,-2962.000
3.186,3.179,3.188,3.187,3.184,8.546,8.547,8.545,8.541,8.540,-55.821,-2961.000
3.183,3.188,3.186,3.187,3.185,8.550,8.545,8.540,8.545,8.548,-55.821,-2960.000
3.188,3.185,3.183,3.190,3.179,8.545,8.543,8.544,8.543,8.546,-56.394,-2959.000
3.186,3.185,3.184,3.182,3.185,8.550,8.545,8.553,8.547,8.547,-56.394,-2958.000
3.186,3.182,3.179,3.181,3.185,8.544,8.546,8.548,8.544,8.544,-56.093,-2957.000
3.182,3.183,3.193,3.186,3.187,8.547,8.544,8.550,8.548,8.546,-56.093,-2956.000
3.179,3.182,3.186,3.188,3.183,8.547,8.545,8.549,8.546,8.546,-55.200,-2955.000
3.187,3.184,3.175,3.188,3.182,8.547,8.546,8.546,8.543,8.545,-55.200,-2954.000
3.179,3.184,3.178,3.182,3.181,8.548,8.546,8.546,8.549,8.540,-56.128,-2953.000
3.187,3.181,3.187,3.177,3.183,8.541,8.542,8.542,8.540,8.542,-56.128,-2952.000
3.182,3.183,3.180,3.182,3.183,8.548,8.546,8.540,8.539,8.545,-55.967,-2951.000
3.181,3.183,3.183,3.183,3.183,8.545,8.545,8.544,8.545,8.545,-55.967,-2950.000
3.179,3.185,3.179,3.185,3.184,8.548,8.548,8.538,8.547,8.543,-56.116,-2949.000
3.184,3.190,3.184,3.183,3.185,8.552,8.542,8.547,8.550,8.548,-56.116,-2948.000
3.191,3.183,3.185,3.183,3.194,8.551,8.551,8.554,8.552,8.551,-55.499,-2947.000
3.181,3.190,3.185,3.185,3.185,8.555,8.550,8.556,8.554,8.548,-55.499,-2946.000
3.184,3.189,3.186,3.188,3.185,8.555,8.556,8.555,8.561,8.556,-55.338,-2945.000
3.189,3.188,3.184,3.180,3.187,8.553,8.557,8.556,8.555,8.554,-55.338,-2944.000
3.187,3.188,3.183,3.187,3.183,8.555,8.556,8.559,8.547,8.555,-55.611,-2943.000
3.185,3.183,3.183,3.183,3.189,8.555,8.559,8.561,8.559,8.555,-55.611,-2942.000
3.190,3.184,3.192,3.186,3.184,8.562,8.560,8.557,8.556,8.560,-55.217,-2941.000
3.191,3.186,3.187,3.189,3.186,8.564,8.561,8.563,8.565,8.565,-55.217,-2940.000
3.183,3.186,3.189,3.186,3.186,8.556,8.560,8.565,8.560,8.563,-55.038,-2939.000
3.187,3.190,3.188,3.184,3.193,8.567,8.565,8.566,8.560,8.561,-55.038,-2938.000
3.184,3.189,3.193,3.194,3.188,8.564,8.569,8.563,8.568,8.564,-55.156,-2937.000
3.186,3.191,3.192,3.187,3.186,8.568,8.566,8.570,8.567,8.572,-55.156,-2936.000
3.191,3.191,3.184,3.192,3.189,8.569,8.569,8.569,8.566,8.571,-55.688,-2935.000
3.191,3.187,3.193,3.187,3.190,8.572,8.570,8.573,8.572,8.572,-55.688,-2934.000
3.193,3.193,3.188,3.192,3.189,8.574,8.571,8.573,8.568,8.570,-56.059,-2933.000
3.200,3.191,3.194,3.192,3.194,8.579,8.575,8.574,8.576,8.575,-56.059,-2932.000
3.191,3.190,3.193,3.198,3.190,8.579,8.576,8.578,8.573,8.573,-55.278,-2931.000
3.197,3.191,3.190,3.196,3.194,8.577,8.580,8.579,8.578,8.582,-55.278,-2930.000
3.192,3.186,3.192,3.195,3.191,8.582,8.584,8.575,8.580,8.581,-55.574,-2929.000
3.195,3.194,3.193,3.193,3.194,8.585,8.582,8.586,8.583,8.586,-55.574,-2928.000
3.196,3.194,3.194,3.199,3.197,8.581,8.583,8.587,8.582,8.584,-56.598,-2927.000
3.193,3.190,3.198,3.197,3.199,8.590,8.586,8.583,8.593,8.582,-56.598,-2926.000
3.196,3.195,3.193,3.196,3.201,8.589,8.591,8.593,8.588,8.586,-56.270,-2925.000
3.195,3.198,3.200,3.194,3.201,8.586,8.589,8.592,8.590,8.591,-56.270,-2924.000
3.200,3.197,3.196,3.195,3.204,8.588,8.594,8.591,8.592,8.595,-56.531,-2923.000
3.193,3.194,3.204,3.195,3.195,8.593,8.591,8.588,8.590,8.593,-56.531,-2922.000
3.198,3.201,3.192,3.199,3.199,8.593,8.592,8.591,8.596,8.594,-55.697,-2921.000
3.199,3.196,3.201,3.198,3.200,8.593,8.592,8.592,8.594,8.595,-55.697,-2920.000
3.197,3.197,3.195,3.193,3.194,8.595,8.595,8.594,8.586,8.593,-55.671,-2919.000
3.191,3.200,3.198,3.194,3.197,8.589,8.590,8.595,8.590,8.591,-55.671,-2918.000
3.192,3.201,3.202,3.196,3.197,8.591,8.587,8.584,8.585,8.590,-55.140,-2917.000
3.200,3.191,3.195,3.192,3.202,8.589,8.583,8.586,8.586,8.593,-55.140,-2916.000
3.200,3.199,3.188,3.196,3.198,8.591,8.592,8.587,8.587,8.586,-55.140,-2915.000
3.190,3.197,3.195,3.196,3.195,8.588,8.585,8.586,8.593,8.588,-55.734,-2914.000
3.196,3.192,3.197,3.199,3.195,8.586,8.591,8.591,8.583,8.586,-55.734,-2913.000
3.199,3.193,3.197,3.191,3.200,8.587,8.583,8.587,8.588,8.584,-55.484,-2912.000
3.194,3.197,3.200,3.201,3.197,8.586,8.588,8.586,8.586,8.585,-55.484,-2911.000
3.197,3.194,3.199,3.197,3.196,8.586,8.583,8.580,8.589,8.589,-56.482,-2910.000
3.200,3.197,3.197,3.195,3.193,8.584,8.587,8.586,8.585,8.586,-56.482,-2909.000
3.194,3.191,3.196,3.192,3.200,8.587,8.584,8.588,8.581,8.582,-55.626,-2908.000
3.189,3.197,3.194,3.193,3.190,8.585,8.581,8.583,8.587,8.586,-55.626,-2907.000
3.193,3.197,3.201,3.196,3.205,8.583,8.581,8.573,8.579,8.579,-55.684,-2906.000
3.198,3.191,3.194,3.193,3.196,8.575,8.576,8.577,8.583,8.576,-55.684,-2905.000
3.198,3.197,3.188,3.191,3.199,8.576,8.573,8.573,8.572,8.577,-55.660,-2904.000
3.193,3.194,3.192,3.197,3.193,8.571,8.574,8.573,8.570,8.576,-55.660,-2903.000
3.188,3.194,3.193,3.191,3.188,8.572,8.572,8.575,8.574,8.568,-56.509,-2902.000
3.184,3.200,3.189,3.191,3.189,8.572,8.566,8.567,8.567,8.567,-56.509,-2901.000
3.186,3.192,3.192,3.193,3.186,8.566,8.564,8.571,8.569,8.568,-55.847,-2900.000
3.186,3.192,3.193,3.192,3.192,8.569,8.562,8.565,8.569,8.567,-55.847,-2899.000
3.189,3.189,3.187,3.191,3.192,8.571,8.567,8.570,8.565,8.567,-55.424,-2898.000
3.185,3.193,3.194,3.192,3.188,8.562,8.566,8.561,8.563,8.565,-55.424,-2897.000
3.188,3.192,3.192,3.192,3.186,8.564,8.569,8.561,8.561,8.566,-56.259,-2896.000
3.189,3.189,3.187,3.185,3.199,8.566,8.564,8.564,8.563,8.566,-56.259,-2895.000
3.187,3.186,3.190,3.187,3.192,8.556,8.557,8.559,8.562,8.555,-56.355,-2894.000
3.192,3.185,3.192,3.186,3.192,8.564,8.564,8.563,8.568,8.567,-56.355,-2893.000
3.190,3.190,3.192,3.192,3.188,8.567,8.568,8.561,8.565,8.565,-56.068,-2892.000
3.192,3.190,3.191,3.189,3.186,8.568,8.562,8.562,8.569,8.559,-56.068,-2891.000
3.191,3.192,3.189,3.191,3.188,8.566,8.562,8.564,8.563,8.567,-56.068,-2890.000
3.197,3.183,3.198,3.194,3.195,8.565,8.565,8.567,8.565,8.567,-55.988,-2889.000
3.195,3.192,3.188,3.189,3.196,8.569,8.572,8.571,8.569,8.571,-55.988,-2888.000
3.191,3.194,3.191,3.197,3.190,8.571,8.576,8.569,8.569,8.573,-56.058,-2887.000
3.193,3.190,3.191,3.187,3.189,8.575,8.574,8.575,8.575,8.570,-56.058,-2886.000
3.193,3.197,3.194,3.197,3.188,8.575,8.580,8.582,8.571,8.573,-55.190,-2885.000
3.196,3.196,3.196,3.193,3.195,8.580,8.579,8.577,8.576,8.575,-55.190,-2884.000
3.197,3.192,3.195,3.194,3.193,8.574,8.577,8.577,8.575,8.573,-55.485,-2883.000
3.189,3.193,3.196,3.192,3.191,8.574,8.569,8.571,8.572,8.574,-55.485,-2882.000
3.193,3.194,3.189,3.189,3.188,8.565,8.572,8.570,8.571,8.573,-55.877,-2881.000
3.194,3.194,3.193,3.191,3.189,8.562,8.566,8.574,8.567,8.562,-55.877,-2880.000
3.188,3.190,3.185,3.184,3.186,8.561,8.561,8.563,8.560,8.566,-56.337,-2879.000
3.189,3.183,3.177,3.186,3.190,8.560,8.555,8.554,8.557,8.557,-56.337,-2878.000
3.180,3.182,3.184,3.184,3.187,8.553,8.555,8.552,8.554,8.553,-55.676,-2877.000
3.183,3.179,3.179,3.183,3.181,8.545,8.544,8.544,8.545,8.538,-55.676,-2876.000
3.180,3.178,3.178,3.179,3.180,8.540,8.539,8.539,8.537,8.537,-56.041,-2875.000
3.177,3.175,3.169,3.181,3.176,8.525,8.528,8.529,8.532,8.529,-56.041,-2874.000
3.170,3.170,3.173,3.170,3.169,8.520,8.521,8.522,8.527,8.525,-55.655,-2873.000
3.170,3.173,3.170,3.175,3.172,8.515,8.513,8.513,8.513,8.513,-55.655,-2872.000
3.170,3.169,3.168,3.161,3.171,8.511,8.510,8.509,8.516,8.513,-55.911,-2871.000
3.168,3.160,3.172,3.168,3.173,8.510,8.510,8.506,8.511,8.508,-55.911,-2870.000
3.166,3.166,3.172,3.166,3.165,8.506,8.507,8.511,8.512,8.507,-55.911,-2869.000
3.165,3.170,3.176,3.169,3.172,8.511,8.510,8.512,8.512,8.513,-55.734,-2868.000
3.175,3.177,3.168,3.176,3.167,8.513,8.512,8.515,8.525,8.517,-55.734,-2867.000
3.176,3.180,3.172,3.173,3.184,8.520,8.526,8.525,8.529,8.521,-55.128,-2866.000
3.182,3.181,3.179,3.179,3.174,8.537,8.538,8.538,8.533,8.533,-55.128,-2865.000
3.181,3.183,3.183,3.188,3.179,8.541,8.546,8.542,8.546,8.544,-55.987,-2864.000
3.184,3.188,3.182,3.186,3.186,8.544,8.547,8.547,8.548,8.549,-55.987,-2863.000
3.185,3.186,3.186,3.184,3.182,8.555,8.555,8.554,8.554,8.557,-55.737,-2862.000
3.193,3.189,3.193,3.187,3.189,8.557,8.563,8.557,8.558,8.559,-55.737,-2861.000
3.184,3.191,3.185,3.194,3.186,8.560,8.555,8.559,8.563,8.565,-56.179,-2860.000
3.191,3.181,3.186,3.192,3.188,8.564,8.564,8.562,8.564,8.564,-56.179,-2859.000
3.194,3.188,3.189,3.189,3.189,8.561,8.564,8.559,8.560,8.566,-55.385,-2858.000
3.194,3.192,3.197,3.188,3.192,8.563,8.560,8.565,8.567,8.561,-55.385,-2857.000
3.186,3.188,3.192,3.186,3.190,8.560,8.564,8.564,8.561,8.562,-55.783,-2856.000
3.195,3.188,3.189,3.193,3.195,8.569,8.567,8.564,8.567,8.562,-55.783,-2855.000
3.197,3.189,3.191,3.194,3.191,8.564,8.564,8.564,8.564,8.565,-55.514,-2854.000
3.191,3.194,3.192,3.191,3.193,8.565,8.566,8.566,8.559,8.567,-55.514,-2853.000
3.196,3.193,3.192,3.189,3.193,8.563,8.563,8.561,8.565,8.561,-55.330,-2852.000
3.193,3.190,3.189,3.187,3.194,8.564,8.562,8.560,8.565,8.566,-55.330,-2851.000
3.191,3.190,3.190,3.194,3.190,8.568,8.564,8.565,8.566,8.563,-55.604,-2850.000
3.188,3.187,3.190,3.193,3.196,8.561,8.565,8.556,8.558,8.564,-55.604,-2849.000
3.189,3.188,3.192,3.186,3.192,8.560,8.566,8.560,8.562,8.560,-54.907,-2848.000
3.186,3.191,3.189,3.188,3.188,8.555,8.556,8.556,8.551,8.557,-54.907,-2847.000
3.183,3.189,3.185,3.191,3.182,8.552,8.550,8.550,8.546,8.553,-54.848,-2846.000
3.187,3.181,3.185,3.186,3.185,8.544,8.546,8.547,8.548,8.547,-54.848,-2845.000
3.186,3.189,3.184,3.181,3.183,8.541,8.537,8.542,8.539,8.535,-53.638,-2844.000
3.177,3.181,3.187,3.179,3.183,8.535,8.535,8.529,8.535,8.537,-53.638,-2843.000
3.183,3.181,3.183,3.178,3.185,8.538,8.534,8.536,8.536,8.537,-53.135,-2842.000
3.176,3.182,3.179,3.182,3.174,8.531,8.530,8.534,8.530,8.530,-53.135,-2841.000
3.176,3.180,3.180,3.178,3.186,8.530,8.531,8.528,8.536,8.530,-52.292,-2840.000
3.178,3.185,3.180,3.177,3.176,8.535,8.526,8.534,8.530,8.525,-52.292,-2839.000
3.181,3.176,3.181,3.180,3.186,8.534,8.529,8.535,8.530,8.532,-52.479,-2838.000
3.177,3.178,3.183,3.178,3.182,8.534,8.534,8.534,8.533,8.535,-52.479,-2837.000
3.177,3.178,3.176,3.185,3.180,8.532,8.532,8.532,8.531,8.532,-53.178,-2836.000
3.181,3.183,3.180,3.180,3.183,8.534,8.534,8.539,8.539,8.539,-53.178,-2835.000
3.179,3.185,3.184,3.185,3.184,8.538,8.539,8.541,8.541,8.542,-53.820,-2834.000
3.185,3.183,3.190,3.186,3.184,8.545,8.543,8.541,8.541,8.541,-53.820,-2833.000
3.193,3.183,3.182,3.177,3.187,8.541,8.551,8.549,8.551,8.544,-54.154,-2832.000
3.182,3.188,3.190,3.187,3.182,8.550,8.551,8.552,8.551,8.555,-54.154,-2831.000
3.182,3.189,3.186,3.181,3.188,8.546,8.551,8.555,8.554,8.553,-54.325,-2830.000
3.184,3.186,3.191,3.195,3.188,8.555,8.551,8.553,8.550,8.549,-54.325,-2829.000
3.187,3.191,3.189,3.190,3.192,8.549,8.556,8.551,8.548,8.547,-54.917,-2828.000
3.180,3.185,3.184,3.184,3.187,8.551,8.549,8.548,8.550,8.550,-54.917,-2827.000
3.187,3.187,3.185,3.180,3.183,8.544,8.543,8.543,8.539,8.543,-55.498,-2826.000
3.182,3.179,3.184,3.183,3.187,8.533,8.543,8.539,8.541,8.544,-55.498,-2825.000
3.178,3.178,3.183,3.175,3.179,8.536,8.537,8.533,8.531,8.527,-55.283,-2824.000
3.178,3.180,3.175,3.179,3.176,8.529,8.525,8.525,8.532,8.533,-55.283,-2823.000
3.172,3.175,3.171,3.174,3.170,8.524,8.525,8.523,8.522,8.524,-55.676,-2822.000
3.179,3.170,3.172,3.172,3.176,8.518,8.518,8.520,8.520,8.514,-55.676,-2821.000
3.171,3.171,3.174,3.170,3.176,8.518,8.519,8.512,8.514,8.520,-55.778,-2820.000
3.170,3.175,3.170,3.172,3.174,8.519,8.523,8.520,8.522,8.521,-55.778,-2819.000
3.174,3.174,3.165,3.173,3.172,8.523,8.519,8.522,8.521,8.526,-55.516,-2818.000
3.170,3.175,3.175,3.174,3.172,8.531,8.531,8.533,8.533,8.534,-55.516,-2817.000
3.178,3.182,3.167,3.175,3.179,8.533,8.535,8.535,8.532,8.536,-55.365,-2816.000
3.179,3.181,3.182,3.184,3.178,8.540,8.539,8.544,8.540,8.539,-55.365,-2815.000
3.176,3.179,3.175,3.179,3.178,8.545,8.543,8.541,8.546,8.541,-56.398,-2814.000
3.177,3.179,3.179,3.178,3.179,8.546,8.547,8.551,8.548,8.551,-56.398,-2813.000
3.182,3.179,3.183,3.184,3.182,8.549,8.546,8.549,8.547,8.549,-55.895,-2812.000
3.179,3.183,3.181,3.182,3.183,8.551,8.552,8.551,8.553,8.547,-55.895,-2811.000
3.188,3.180,3.178,3.182,3.182,8.547,8.550,8.545,8.546,8.544,-55.547,-2810.000
3.179,3.181,3.180,3.183,3.181,8.541,8.551,8.547,8.547,8.548,-55.547,-2809.000
3.186,3.178,3.178,3.185,3.179,8.547,8.552,8.546,8.544,8.545,-55.122,-2808.000
3.182,3.189,3.181,3.187,3.188,8.549,8.553,8.552,8.548,8.548,-55.122,-2807.000
3.186,3.186,3.184,3.189,3.183,8.550,8.553,8.551,8.554,8.553,-55.830,-2806.000
3.182,3.182,3.189,3.183,3.187,8.557,8.559,8.555,8.555,8.560,-55.830,-2805.000
3.192,3.186,3.185,3.190,3.185,8.562,8.562,8.558,8.562,8.563,-55.593,-2804.000
3.189,3.190,3.188,3.195,3.185,8.561,8.565,8.564,8.563,8.565,-55.593,-2803.000
3.188,3.191,3.188,3.190,3.190,8.563,8.567,8.569,8.563,8.563,-54.738,-2802.000
3.197,3.186,3.189,3.189,3.193,8.567,8.570,8.566,8.571,8.567,-54.738,-2801.000
3.188,3.189,3.191,3.188,3.186,8.565,8.566,8.562,8.562,8.563,-55.601,-2800.000
3.190,3.192,3.196,3.185,3.186,8.560,8.559,8.561,8.568,8.565,-55.601,-2799.000
3.186,3.189,3.189,3.187,3.195,8.561,8.558,8.563,8.562,8.561,-56.336,-2798.000
3.189,3.188,3.187,3.185,3.188,8.559,8.557,8.557,8.562,8.563,-56.336,-2797.000
3.184,3.185,3.193,3.182,3.188,8.557,8.562,8.556,8.559,8.561,-55.922,-2796.000
3.183,3.191,3.189,3.190,3.187,8.561,8.561,8.566,8.561,8.562,-55.922,-2795.000
3.187,3.189,3.194,3.184,3.188,8.559,8.561,8.563,8.562,8.568,-55.288,-2794.000
3.188,3.189,3.187,3.194,3.192,8.570,8.565,8.562,8.567,8.571,-55.288,-2793.000
3.195,3.195,3.189,3.198,3.193,8.575,8.574,8.566,8.573,8.576,-55.849,-2792.000
3.191,3.194,3.197,3.191,3.196,8.584,8.579,8.576,8.577,8.581,-55.849,-2791.000
3.199,3.197,3.195,3.194,3.199,8.593,8.592,8.593,8.592,8.589,-55.532,-2790.000
3.201,3.199,3.199,3.199,3.205,8.596,8.603,8.600,8.597,8.600,-55.532,-2789.000
3.200,3.202,3.195,3.205,3.196,8.602,8.606,8.606,8.606,8.606,-55.625,-2788.000
3.200,3.205,3.198,3.203,3.206,8.605,8.608,8.611,8.612,8.610,-55.625,-2787.000
3.202,3.200,3.207,3.208,3.208,8.612,8.613,8.616,8.612,8.612,-56.038,-2786.000
3.207,3.206,3.201,3.204,3.203,8.607,8.610,8.615,8.615,8.615,-56.038,-2785.000
3.207,3.203,3.204,3.206,3.206,8.618,8.616,8.619,8.619,8.618,-55.104,-2784.000
3.207,3.208,3.208,3.206,3.207,8.623,8.618,8.624,8.616,8.623,-55.104,-2783.000
3.211,3.207,3.207,3.211,3.203,8.628,8.623,8.623,8.621,8.626,-53.763,-2782.000
3.214,3.211,3.201,3.209,3.214,8.621,8.622,8.622,8.625,8.617,-53.763,-2781.000
3.209,3.212,3.205,3.209,3.207,8.624,8.621,8.621,8.621,8.616,-53.105,-2780.000
3.203,3.209,3.210,3.211,3.205,8.624,8.621,8.620,8.619,8.618,-53.105,-2779.000
3.210,3.216,3.211,3.205,3.208,8.624,8.622,8.617,8.620,8.624,-52.800,-2778.000
3.207,3.206,3.209,3.207,3.209,8.622,8.623,8.624,8.617,8.620,-52.800,-2777.000
3.202,3.209,3.204,3.203,3.204,8.618,8.619,8.619,8.619,8.616,-53.175,-2776.000
3.204,3.201,3.207,3.201,3.204,8.621,8.617,8.620,8.612,8.615,-53.175,-2775.000
3.205,3.203,3.207,3.200,3.205,8.611,8.617,8.611,8.618,8.615,-54.263,-2774.000
3.207,3.204,3.206,3.207,3.202,8.608,8.615,8.619,8.611,8.614,-54.263,-2773.000
3.199,3.206,3.202,3.201,3.203,8.614,8.612,8.616,8.613,8.610,-55.274,-2772.000
3.202,3.208,3.198,3.200,3.203,8.606,8.602,8.606,8.605,8.612,-55.274,-2771.000
3.203,3.206,3.207,3.206,3.197,8.611,8.612,8.609,8.615,8.610,-55.503,-2770.000
3.202,3.202,3.204,3.209,3.206,8.608,8.606,8.605,8.609,8.610,-55.503,-2769.000
3.203,3.205,3.201,3.207,3.195,8.605,8.610,8.607,8.608,8.611,-55.984,-2768.000
3.202,3.202,3.200,3.204,3.206,8.610,8.609,8.605,8.610,8.610,-55.984,-2767.000
3.205,3.206,3.204,3.197,3.203,8.614,8.609,8.609,8.610,8.609,-55.807,-2766.000
3.197,3.201,3.206,3.203,3.201,8.611,8.607,8.604,8.609,8.611,-55.807,-2765.000
3.200,3.203,3.201,3.200,3.206,8.612,8.610,8.609,8.609,8.614,-55.521,-2764.000
3.207,3.208,3.202,3.206,3.208,8.614,8.613,8.613,8.612,8.614,-55.521,-2763.000
3.205,3.201,3.206,3.202,3.212,8.614,8.615,8.612,8.617,8.616,-56.205,-2762.000
3.210,3.211,3.207,3.209,3.209,8.615,8.622,8.622,8.620,8.618,-56.205,-2761.000
3.206,3.211,3.206,3.204,3.205,8.622,8.619,8.614,8.619,8.621,-56.770,-2760.000
3.201,3.202,3.205,3.208,3.203,8.618,8.619,8.619,8.623,8.621,-56.770,-2759.000
3.206,3.202,3.208,3.203,3.201,8.615,8.616,8.623,8.619,8.617,-56.661,-2758.000
3.200,3.207,3.202,3.197,3.208,8.615,8.612,8.608,8.607,8.616,-56.661,-2757.000
3.199,3.201,3.206,3.200,3.205,8.610,8.604,8.609,8.607,8.605,-56.414,-2756.000
3.204,3.196,3.201,3.201,3.197,8.606,8.607,8.608,8.603,8.608,-56.414,-2755.000
3.198,3.197,3.197,3.199,3.197,8.598,8.604,8.604,8.603,8.600,-55.431,-2754.000
3.198,3.197,3.198,3.197,3.204,8.599,8.602,8.601,8.598,8.602,-55.431,-2753.000
3.194,3.196,3.192,3.194,3.200,8.596,8.602,8.599,8.600,8.596,-55.618,-2752.000
3.197,3.194,3.194,3.199,3.195,8.594,8.597,8.594,8.595,8.595,-55.618,-2751.000
3.199,3.194,3.199,3.197,3.199,8.592,8.593,8.600,8.594,8.596,-55.885,-2750.000
3.199,3.195,3.193,3.199,3.195,8.591,8.589,8.592,8.593,8.593,-55.885,-2749.000
3.197,3.196,3.201,3.199,3.195,8.589,8.590,8.590,8.589,8.594,-55.628,-2748.000
3.190,3.197,3.194,3.197,3.197,8.594,8.591,8.587,8.586,8.591,-55.628,-2747.000
3.192,3.196,3.199,3.197,3.192,8.587,8.585,8.593,8.591,8.591,-56.122,-2746.000
3.197,3.193,3.201,3.197,3.196,8.594,8.589,8.598,8.599,8.597,-56.122,-2745.000
3.202,3.197,3.196,3.199,3.191,8.597,8.595,8.596,8.600,8.596,-55.791,-2744.000
3.197,3.197,3.197,3.199,3.197,8.599,8.600,8.597,8.595,8.603,-55.791,-2743.000
3.202,3.195,3.195,3.207,3.193,8.598,8.598,8.604,8.599,8.600,-55.652,-2742.000
3.194,3.191,3.196,3.203,3.198,8.602,8.596,8.599,8.595,8.599,-55.652,-2741.000
3.198,3.197,3.196,3.200,3.197,8.596,8.594,8.597,8.598,8.595,-55.411,-2740.000
3.192,3.196,3.196,3.190,3.194,8.591,8.589,8.591,8.587,8.585,-55.411,-2739.000
3.190,3.192,3.193,3.192,3.195,8.587,8.589,8.588,8.589,8.585,-55.232,-2738.000
3.188,3.187,3.193,3.191,3.185,8.577,8.575,8.580,8.578,8.578,-55.232,-2737.000
3.192,3.190,3.192,3.186,3.186,8.574,8.576,8.574,8.570,8.575,-55.214,-2736.000
3.186,3.187,3.188,3.183,3.188,8.570,8.573,8.567,8.568,8.566,-55.214,-2735.000
3.183,3.189,3.187,3.187,3.184,8.563,8.568,8.564,8.564,8.565,-56.435,-2734.000
3.183,3.183,3.184,3.188,3.182,8.563,8.564,8.562,8.562,8.564,-56.435,-2733.000
3.181,3.186,3.188,3.189,3.182,8.564,8.563,8.554,8.557,8.561,-55.847,-2732.000
3.187,3.187,3.184,3.183,3.190,8.559,8.559,8.555,8.564,8.558,-55.847,-2731.000
3.184,3.186,3.186,3.180,3.186,8.558,8.560,8.556,8.556,8.553,-55.665,-2730.000
3.188,3.181,3.180,3.182,3.185,8.549,8.556,8.556,8.552,8.551,-55.665,-2729.000
3.183,3.176,3.180,3.183,3.183,8.546,8.551,8.551,8.551,8.550,-55.379,-2728.000
3.181,3.180,3.177,3.177,3.178,8.546,8.549,8.547,8.546,8.543,-55.379,-2727.000
3.174,3.178,3.178,3.180,3.178,8.540,8.542,8.542,8.539,8.541,-56.227,-2726.000
3.173,3.171,3.173,3.179,3.177,8.534,8.532,8.535,8.534,8.535,-56.227,-2725.000
3.168,3.170,3.166,3.171,3.171,8.521,8.517,8.523,8.519,8.519,-56.849,-2724.000
3.161,3.167,3.155,3.174,3.161,8.508,8.507,8.503,8.509,8.506,-56.849,-2723.000
3.161,3.159,3.159,3.159,3.158,8.497,8.490,8.496,8.495,8.490,-57.177,-2722.000
3.154,3.151,3.153,3.158,3.155,8.483,8.481,8.475,8.482,8.478,-57.177,-2721.000
3.156,3.147,3.147,3.155,3.149,8.471,8.475,8.471,8.473,8.472,-57.067,-2720.000
3.150,3.151,3.149,3.150,3.151,8.474,8.475,8.466,8.474,8.471,-57.067,-2719.000
3.152,3.153,3.157,3.149,3.157,8.470,8.472,8.475,8.471,8.470,-56.747,-2718.000
3.154,3.155,3.148,3.157,3.156,8.480,8.478,8.477,8.478,8.476,-56.747,-2717.000
3.159,3.156,3.153,3.159,3.156,8.477,8.481,8.478,8.486,8.479,-56.332,-2716.000
3.155,3.159,3.156,3.160,3.159,8.483,8.483,8.485,8.488,8.482,-56.332,-2715.000
3.157,3.158,3.156,3.158,3.154,8.486,8.489,8.486,8.486,8.484,-56.132,-2714.000
3.153,3.155,3.153,3.156,3.156,8.480,8.482,8.481,8.481,8.482,-56.132,-2713.000
3.155,3.153,3.153,3.158,3.156,8.479,8.484,8.484,8.477,8.472,-55.364,-2712.000
3.153,3.157,3.150,3.155,3.157,8.482,8.476,8.478,8.474,8.478,-55.364,-2711.000
3.155,3.152,3.152,3.151,3.154,8.474,8.471,8.473,8.478,8.472,-55.233,-2710.000
3.159,3.154,3.153,3.154,3.159,8.474,8.471,8.475,8.474,8.478,-55.233,-2709.000
3.157,3.154,3.160,3.152,3.151,8.481,8.479,8.478,8.474,8.477,-55.363,-2708.000
3.158,3.156,3.157,3.161,3.160,8.484,8.483,8.486,8.484,8.483,-55.363,-2707.000
3.162,3.160,3.168,3.159,3.161,8.500,8.499,8.497,8.500,8.503,-56.392,-2706.000
3.165,3.165,3.168,3.168,3.170,8.511,8.513,8.519,8.517,8.515,-56.392,-2705.000
3.176,3.174,3.173,3.170,3.177,8.519,8.527,8.523,8.521,8.525,-56.062,-2704.000
3.180,3.186,3.180,3.184,3.182,8.545,8.545,8.543,8.540,8.543,-56.062,-2703.000
3.174,3.182,3.187,3.187,3.182,8.557,8.553,8.553,8.553,8.552,-56.154,-2702.000
3.185,3.190,3.184,3.188,3.188,8.567,8.565,8.565,8.566,8.564,-56.154,-2701.000
3.194,3.187,3.194,3.192,3.193,8.576,8.574,8.576,8.575,8.577,-55.692,-2700.000
3.195,3.195,3.190,3.197,3.191,8.580,8.579,8.582,8.586,8.583,-55.692,-2699.000
3.193,3.194,3.198,3.193,3.195,8.589,8.593,8.589,8.585,8.591,-55.209,-2698.000
3.196,3.196,3.190,3.203,3.195,8.595,8.593,8.591,8.589,8.590,-55.209,-2697.000
3.193,3.197,3.198,3.197,3.201,8.597,8.595,8.598,8.598,8.596,-56.486,-2696.000
3.198,3.195,3.202,3.193,3.206,8.602,8.599,8.598,8.599,8.593,-56.486,-2695.000
3.199,3.199,3.202,3.193,3.201,8.597,8.602,8.600,8.597,8.596,-56.486,-2694.000
3.203,3.202,3.201,3.204,3.197,8.599,8.598,8.599,8.598,8.596,-57.025,-2693.000
3.200,3.200,3.200,3.200,3.194,8.594,8.598,8.595,8.599,8.599,-57.025,-2692.000
3.197,3.198,3.198,3.201,3.197,8.596,8.601,8.596,8.599,8.595,-57.025,-2691.000
3.195,3.197,3.194,3.196,3.194,8.599,8.598,8.598,8.594,8.594,-56.916,-2690.000
3.196,3.195,3.199,3.201,3.194,8.592,8.590,8.590,8.598,8.596,-56.916,-2689.000
3.200,3.191,3.197,3.199,3.197,8.587,8.586,8.590,8.592,8.590,-56.916,-2688.000
3.196,3.191,3.186,3.199,3.190,8.587,8.587,8.590,8.587,8.586,-56.441,-2687.000
3.198,3.192,3.188,3.193,3.194,8.587,8.579,8.580,8.586,8.586,-56.441,-2686.000
3.199,3.192,3.186,3.196,3.192,8.582,8.581,8.578,8.582,8.587,-56.834,-2685.000
3.191,3.195,3.190,3.192,3.195,8.581,8.580,8.579,8.581,8.582,-56.834,-2684.000
3.193,3.194,3.189,3.191,3.187,8.580,8.579,8.586,8.582,8.582,-56.376,-2683.000
3.187,3.190,3.188,3.194,3.199,8.583,8.582,8.581,8.580,8.584,-56.376,-2682.000
3.188,3.191,3.185,3.193,3.193,8.581,8.577,8.578,8.579,8.584,-56.455,-2681.000
3.194,3.194,3.189,3.191,3.191,8.583,8.585,8.581,8.579,8.585,-56.455,-2680.000
3.192,3.189,3.189,3.196,3.191,8.581,8.580,8.582,8.584,8.589,-56.596,-2679.000
3.190,3.189,3.192,3.186,3.193,8.579,8.586,8.583,8.586,8.581,-56.596,-2678.000
3.185,3.188,3.186,3.187,3.187,8.575,8.579,8.578,8.576,8.578,-56.140,-2677.000
3.189,3.182,3.187,3.190,3.187,8.574,8.570,8.575,8.579,8.570,-56.140,-2676.000
3.184,3.189,3.184,3.187,3.179,8.575,8.565,8.569,8.570,8.569,-57.218,-2675.000
3.187,3.188,3.187,3.183,3.192,8.570,8.569,8.568,8.569,8.565,-57.218,-2674.000
3.181,3.187,3.188,3.182,3.187,8.566,8.567,8.565,8.564,8.567,-57.442,-2673.000
3.179,3.184,3.184,3.186,3.185,8.565,8.568,8.567,8.564,8.566,-57.442,-2672.000
3.181,3.181,3.187,3.184,3.181,8.564,8.561,8.565,8.562,8.561,-56.568,-2671.000
3.181,3.183,3.187,3.181,3.180,8.562,8.564,8.566,8.563,8.563,-56.568,-2670.000
3.182,3.178,3.186,3.184,3.183,8.556,8.557,8.560,8.562,8.560,-56.384,-2669.000
3.185,3.174,3.184,3.186,3.180,8.555,8.555,8.556,8.552,8.556,-56.384,-2668.000
3.173,3.179,3.177,3.177,3.175,8.549,8.552,8.551,8.550,8.547,-55.636,-2667.000
3.177,3.172,3.170,3.176,3.175,8.539,8.540,8.541,8.536,8.536,-55.636,-2666.000
3.174,3.170,3.169,3.173,3.166,8.534,8.536,8.534,8.531,8.533,-55.486,-2665.000
3.174,3.164,3.166,3.164,3.168,8.521,8.522,8.519,8.525,8.524,-55.486,-2664.000
3.170,3.162,3.165,3.161,3.162,8.518,8.517,8.518,8.514,8.518,-55.348,-2663.000
3.159,3.164,3.164,3.163,3.162,8.509,8.506,8.503,8.507,8.507,-55.348,-2662.000
3.161,3.156,3.160,3.155,3.164,8.507,8.506,8.502,8.502,8.507,-55.111,-2661.000
3.159,3.160,3.159,3.157,3.157,8.506,8.508,8.504,8.506,8.505,-55.111,-2660.000
3.162,3.155,3.161,3.161,3.160,8.505,8.504,8.510,8.509,8.505,-55.173,-2659.000
3.163,3.158,3.166,3.163,3.163,8.514,8.509,8.514,8.511,8.511,-55.173,-2658.000
3.163,3.168,3.171,3.169,3.173,8.525,8.519,8.522,8.522,8.523,-55.426,-2657.000
3.169,3.170,3.169,3.174,3.173,8.531,8.529,8.532,8.528,8.527,-55.426,-2656.000
3.171,3.179,3.176,3.176,3.172,8.541,8.543,8.544,8.533,8.539,-55.616,-2655.000
3.179,3.174,3.177,3.179,3.182,8.544,8.546,8.548,8.548,8.550,-55.616,-2654.000
3.180,3.179,3.174,3.181,3.181,8.563,8.555,8.554,8.548,8.553,-56.060,-2653.000
3.182,3.183,3.186,3.185,3.181,8.557,8.556,8.560,8.561,8.561,-56.060,-2652.000
3.184,3.185,3.182,3.185,3.187,8.562,8.561,8.565,8.562,8.562,-56.235,-2651.000
3.185,3.190,3.189,3.185,3.186,8.560,8.560,8.566,8.568,8.564,-56.235,-2650.000
3.187,3.189,3.192,3.186,3.186,8.566,8.566,8.566,8.568,8.562,-56.736,-2649.000
3.189,3.187,3.182,3.191,3.187,8.569,8.566,8.567,8.566,8.570,-56.736,-2648.000
3.194,3.192,3.186,3.192,3.191,8.571,8.571,8.570,8.574,8.570,-56.049,-2647.000
3.185,3.188,3.188,3.194,3.180,8.577,8.571,8.577,8.567,8.576,-56.049,-2646.000
3.192,3.184,3.189,3.194,3.190,8.579,8.577,8.573,8.576,8.568,-57.045,-2645.000
3.185,3.193,3.192,3.189,3.182,8.575,8.577,8.573,8.580,8.575,-57.045,-2644.000
3.189,3.187,3.186,3.189,3.192,8.578,8.574,8.579,8.575,8.575,-56.252,-2643.000
3.189,3.190,3.187,3.185,3.186,8.574,8.576,8.575,8.573,8.577,-56.252,-2642.000
3.195,3.186,3.187,3.190,3.183,8.576,8.574,8.578,8.573,8.570,-56.180,-2641.000
3.186,3.189,3.181,3.189,3.186,8.565,8.566,8.574,8.573,8.569,-56.180,-2640.000
3.182,3.189,3.188,3.188,3.184,8.567,8.570,8.567,8.569,8.568,-56.655,-2639.000
3.183,3.185,3.181,3.193,3.179,8.561,8.565,8.562,8.555,8.562,-56.655,-2638.000
3.185,3.188,3.177,3.185,3.183,8.555,8.558,8.561,8.558,8.566,-55.925,-2637.000
3.182,3.179,3.180,3.183,3.186,8.548,8.555,8.558,8.555,8.553,-55.925,-2636.000
3.184,3.177,3.180,3.180,3.177,8.554,8.553,8.552,8.551,8.549,-56.324,-2635.000
3.182,3.174,3.177,3.180,3.178,8.550,8.543,8.545,8.545,8.546,-56.324,-2634.000
3.175,3.171,3.177,3.178,3.176,8.539,8.541,8.545,8.544,8.546,-56.060,-2633.000
3.174,3.175,3.177,3.180,3.173,8.535,8.536,8.538,8.541,8.535,-56.060,-2632.000
3.171,3.176,3.179,3.175,3.173,8.540,8.538,8.538,8.537,8.538,-56.184,-2631.000
3.174,3.174,3.174,3.177,3.176,8.537,8.541,8.534,8.536,8.539,-56.184,-2630.000
3.178,3.179,3.177,3.174,3.172,8.537,8.541,8.543,8.538,8.539,-55.917,-2629.000
3.178,3.175,3.177,3.177,3.179,8.543,8.546,8.545,8.542,8.541,-55.917,-2628.000
3.177,3.181,3.176,3.181,3.178,8.548,8.543,8.552,8.548,8.543,-56.555,-2627.000
3.179,3.173,3.184,3.183,3.177,8.550,8.549,8.551,8.553,8.544,-56.555,-2626.000
3.183,3.180,3.183,3.180,3.182,8.550,8.548,8.546,8.552,8.550,-56.002,-2625.000
3.180,3.180,3.182,3.178,3.181,8.554,8.549,8.553,8.553,8.554,-56.002,-2624.000
3.179,3.178,3.175,3.186,3.186,8.555,8.551,8.549,8.552,8.551,-55.958,-2623.000
3.178,3.186,3.175,3.180,3.180,8.547,8.550,8.550,8.545,8.550,-55.958,-2622.000
3.182,3.179,3.177,3.180,3.180,8.549,8.545,8.541,8.535,8.539,-55.742,-2621.000
3.176,3.170,3.176,3.173,3.169,8.533,8.539,8.534,8.534,8.533,-55.742,-2620.000
3.171,3.180,3.175,3.178,3.176,8.535,8.536,8.536,8.532,8.532,-56.201,-2619.000
3.174,3.177,3.172,3.173,3.175,8.525,8.530,8.527,8.530,8.530,-56.201,-2618.000
3.168,3.169,3.169,3.169,3.172,8.521,8.517,8.522,8.521,8.523,-56.128,-2617.000
3.173,3.171,3.166,3.165,3.170,8.517,8.510,8.517,8.514,8.514,-56.128,-2616.000
3.169,3.169,3.172,3.172,3.165,8.508,8.511,8.512,8.513,8.508,-55.496,-2615.000
3.170,3.166,3.168,3.171,3.172,8.507,8.504,8.506,8.506,8.509,-55.496,-2614.000
3.165,3.172,3.175,3.163,3.169,8.508,8.505,8.508,8.501,8.511,-55.402,-2613.000
3.161,3.166,3.162,3.165,3.169,8.507,8.496,8.504,8.503,8.503,-55.402,-2612.000
3.162,3.165,3.167,3.161,3.163,8.496,8.497,8.500,8.503,8.499,-55.235,-2611.000
3.168,3.159,3.167,3.166,3.166,8.497,8.494,8.496,8.499,8.499,-55.235,-2610.000
3.167,3.165,3.172,3.169,3.167,8.492,8.498,8.500,8.503,8.497,-55.252,-2609.000
3.164,3.168,3.168,3.163,3.168,8.498,8.499,8.502,8.502,8.503,-55.252,-2608.000
3.163,3.160,3.169,3.163,3.163,8.499,8.503,8.503,8.498,8.502,-55.070,-2607.000
3.166,3.162,3.163,3.167,3.168,8.504,8.498,8.503,8.496,8.503,-55.070,-2606.000
3.167,3.162,3.174,3.163,3.165,8.500,8.502,8.501,8.502,8.497,-54.495,-2605.000
3.167,3.165,3.161,3.165,3.161,8.500,8.502,8.503,8.502,8.502,-54.495,-2604.000
3.167,3.165,3.165,3.169,3.162,8.497,8.502,8.501,8.502,8.508,-54.948,-2603.000
3.169,3.168,3.169,3.170,3.165,8.503,8.510,8.501,8.509,8.504,-54.948,-2602.000
3.168,3.166,3.170,3.163,3.173,8.503,8.504,8.510,8.505,8.504,-55.897,-2601.000
3.169,3.168,3.168,3.171,3.172,8.508,8.509,8.506,8.508,8.512,-55.897,-2600.000
3.165,3.175,3.174,3.172,3.170,8.517,8.516,8.510,8.511,8.512,-55.639,-2599.000
3.169,3.170,3.175,3.171,3.173,8.511,8.516,8.511,8.512,8.511,-55.639,-2598.000
3.161,3.177,3.170,3.168,3.169,8.517,8.516,8.514,8.513,8.518,-55.839,-2597.000
3.172,3.168,3.175,3.166,3.176,8.514,8.519,8.513,8.519,8.516,-55.839,-2596.000
3.172,3.176,3.168,3.170,3.169,8.511,8.516,8.508,8.507,8.514,-56.538,-2595.000
3.167,3.169,3.170,3.161,3.172,8.503,8.506,8.506,8.511,8.509,-56.538,-2594.000
3.164,3.160,3.173,3.165,3.166,8.505,8.506,8.499,8.500,8.502,-56.855,-2593.000
3.169,3.166,3.165,3.162,3.163,8.503,8.496,8.497,8.500,8.497,-56.855,-2592.000
3.166,3.166,3.164,3.163,3.162,8.498,8.496,8.493,8.494,8.490,-56.228,-2591.000
3.158,3.164,3.161,3.164,3.161,8.489,8.486,8.492,8.489,8.492,-56.228,-2590.000
3.156,3.163,3.162,3.157,3.158,8.492,8.495,8.484,8.488,8.490,-55.843,-2589.000
3.161,3.160,3.156,3.159,3.161,8.483,8.485,8.482,8.479,8.483,-55.843,-2588.000
3.160,3.161,3.160,3.161,3.151,8.482,8.477,8.478,8.477,8.485,-55.488,-2587.000
3.155,3.155,3.150,3.153,3.149,8.463,8.466,8.465,8.462,8.467,-55.488,-2586.000
3.151,3.155,3.149,3.152,3.143,8.460,8.455,8.455,8.461,8.458,-56.176,-2585.000
3.149,3.150,3.149,3.146,3.148,8.457,8.462,8.452,8.453,8.458,-56.176,-2584.000
3.150,3.146,3.149,3.157,3.147,8.456,8.461,8.463,8.460,8.461,-56.264,-2583.000
3.151,3.154,3.154,3.154,3.150,8.464,8.465,8.464,8.467,8.460,-56.264,-2582.000
3.159,3.156,3.157,3.153,3.155,8.467,8.472,8.467,8.470,8.469,-55.356,-2581.000
3.156,3.159,3.158,3.154,3.158,8.478,8.475,8.477,8.477,8.472,-55.356,-2580.000
3.160,3.153,3.157,3.153,3.158,8.475,8.478,8.478,8.479,8.482,-55.742,-2579.000
3.160,3.160,3.165,3.158,3.151,8.481,8.483,8.483,8.482,8.480,-55.742,-2578.000
3.160,3.158,3.155,3.157,3.156,8.479,8.481,8.480,8.478,8.478,-56.260,-2577.000
3.157,3.156,3.160,3.157,3.160,8.473,8.475,8.474,8.475,8.474,-56.260,-2576.000
3.155,3.158,3.153,3.155,3.156,8.469,8.471,8.472,8.462,8.468,-55.654,-2575.000
3.153,3.148,3.154,3.149,3.152,8.466,8.462,8.465,8.464,8.456,-55.654,-2574.000
3.150,3.144,3.149,3.151,3.144,8.455,8.446,8.447,8.445,8.448,-56.211,-2573.000
3.144,3.154,3.140,3.138,3.144,8.442,8.444,8.443,8.448,8.441,-56.211,-2572.000
3.145,3.144,3.142,3.141,3.142,8.441,8.436,8.437,8.441,8.439,-56.108,-2571.000
3.145,3.139,3.143,3.143,3.144,8.445,8.441,8.440,8.447,8.442,-56.108,-2570.000
3.146,3.143,3.146,3.147,3.149,8.445,8.451,8.454,8.449,8.450,-56.333,-2569.000
3.149,3.143,3.144,3.149,3.151,8.457,8.450,8.461,8.463,8.463,-56.333,-2568.000
3.155,3.155,3.158,3.151,3.156,8.473,8.470,8.471,8.472,8.473,-55.713,-2567.000
3.154,3.157,3.157,3.160,3.155,8.483,8.484,8.482,8.486,8.483,-55.713,-2566.000
3.160,3.165,3.159,3.168,3.164,8.489,8.489,8.487,8.491,8.488,-55.872,-2565.000
3.166,3.166,3.161,3.167,3.167,8.495,8.500,8.500,8.497,8.502,-55.872,-2564.000
3.161,3.163,3.162,3.162,3.167,8.508,8.503,8.502,8.504,8.503,-55.428,-2563.000
3.161,3.172,3.164,3.165,3.169,8.502,8.511,8.505,8.504,8.498,-55.428,-2562.000
3.162,3.162,3.171,3.167,3.167,8.504,8.507,8.505,8.505,8.498,-55.473,-2561.000
3.165,3.164,3.167,3.169,3.165,8.501,8.506,8.503,8.509,8.509,-55.473,-2560.000
3.164,3.167,3.169,3.168,3.163,8.511,8.505,8.505,8.506,8.503,-55.786,-2559.000
3.167,3.167,3.167,3.171,3.168,8.508,8.510,8.509,8.508,8.506,-55.786,-2558.000
3.171,3.166,3.163,3.169,3.166,8.509,8.508,8.504,8.503,8.505,-55.686,-2557.000
3.167,3.166,3.158,3.164,3.167,8.504,8.499,8.504,8.504,8.508,-55.686,-2556.000
3.163,3.172,3.163,3.169,3.166,8.491,8.499,8.501,8.497,8.503,-55.616,-2555.000
3.163,3.164,3.165,3.165,3.163,8.499,8.492,8.489,8.496,8.497,-55.616,-2554.000
3.164,3.166,3.157,3.168,3.157,8.494,8.491,8.493,8.491,8.487,-55.855,-2553.000
3.166,3.160,3.161,3.155,3.160,8.492,8.487,8.488,8.487,8.479,-55.855,-2552.000
3.158,3.154,3.157,3.160,3.155,8.485,8.484,8.483,8.482,8.485,-55.972,-2551.000
3.156,3.157,3.153,3.156,3.154,8.482,8.483,8.481,8.480,8.481,-55.972,-2550.000
3.153,3.152,3.157,3.155,3.154,8.472,8.475,8.480,8.475,8.475,-56.353,-2549.000
3.151,3.152,3.151,3.149,3.154,8.469,8.467,8.462,8.465,8.475,-56.353,-2548.000
3.147,3.146,3.149,3.152,3.150,8.464,8.467,8.469,8.466,8.467,-55.825,-2547.000
3.148,3.148,3.147,3.153,3.150,8.466,8.464,8.468,8.461,8.465,-55.825,-2546.000
3.154,3.148,3.155,3.150,3.150,8.462,8.463,8.468,8.462,8.464,-55.845,-2545.000
3.145,3.146,3.149,3.150,3.155,8.459,8.456,8.460,8.463,8.465,-55.845,-2544.000
3.150,3.152,3.151,3.148,3.150,8.458,8.461,8.468,8.464,8.462,-56.714,-2543.000
3.148,3.152,3.146,3.148,3.151,8.461,8.463,8.467,8.460,8.458,-56.714,-2542.000
3.151,3.154,3.149,3.145,3.158,8.456,8.462,8.466,8.470,8.469,-55.759,-2541.000
3.154,3.155,3.158,3.155,3.150,8.464,8.471,8.476,8.474,8.473,-55.759,-2540.000
3.156,3.157,3.153,3.159,3.151,8.474,8.476,8.474,8.475,8.477,-55.211,-2539.000
3.162,3.160,3.152,3.164,3.161,8.482,8.483,8.483,8.485,8.479,-55.211,-2538.000
3.161,3.161,3.161,3.160,3.163,8.494,8.496,8.500,8.491,8.495,-53.690,-2537.000
3.162,3.172,3.173,3.173,3.172,8.509,8.508,8.508,8.508,8.511,-53.690,-2536.000
3.168,3.168,3.173,3.165,3.172,8.515,8.511,8.519,8.517,8.515,-53.483,-2535.000
3.164,3.168,3.167,3.165,3.171,8.514,8.513,8.515,8.512,8.518,-53.483,-2534.000
3.167,3.167,3.162,3.166,3.163,8.496,8.500,8.494,8.496,8.502,-52.703,-2533.000
3.157,3.159,3.164,3.153,3.156,8.486,8.483,8.480,8.482,8.476,-52.703,-2532.000
3.151,3.146,3.150,3.146,3.152,8.464,8.461,8.461,8.461,8.457,-52.294,-2531.000
3.151,3.142,3.142,3.147,3.152,8.450,8.452,8.452,8.451,8.448,-52.294,-2530.000
3.151,3.138,3.147,3.146,3.146,8.446,8.447,8.446,8.449,8.449,-52.497,-2529.000
3.144,3.144,3.142,3.141,3.145,8.447,8.444,8.445,8.445,8.439,-52.497,-2528.000
3.148,3.151,3.149,3.146,3.145,8.445,8.446,8.454,8.447,8.449,-53.187,-2527.000
3.146,3.140,3.149,3.143,3.147,8.446,8.447,8.445,8.445,8.449,-53.187,-2526.000
3.149,3.151,3.145,3.145,3.149,8.452,8.457,8.451,8.453,8.455,-53.454,-2525.000
3.147,3.147,3.153,3.148,3.147,8.451,8.455,8.458,8.450,8.454,-53.454,-2524.000
3.144,3.146,3.149,3.149,3.145,8.457,8.458,8.455,8.456,8.457,-54.085,-2523.000
3.145,3.149,3.147,3.155,3.149,8.458,8.463,8.461,8.462,8.461,-54.085,-2522.000
3.152,3.149,3.155,3.147,3.150,8.461,8.460,8.463,8.461,8.457,-54.540,-2521.000
3.155,3.146,3.148,3.145,3.155,8.464,8.463,8.460,8.458,8.462,-54.540,-2520.000
3.143,3.148,3.147,3.148,3.153,8.459,8.461,8.456,8.454,8.454,-54.936,-2519.000
3.145,3.150,3.144,3.149,3.148,8.453,8.457,8.458,8.454,8.455,-54.936,-2518.000
3.146,3.149,3.150,3.145,3.150,8.451,8.453,8.452,8.448,8.454,-55.425,-2517.000
3.140,3.144,3.149,3.139,3.145,8.451,8.449,8.450,8.443,8.449,-55.425,-2516.000
3.144,3.148,3.150,3.146,3.142,8.447,8.446,8.445,8.443,8.445,-55.884,-2515.000
3.148,3.141,3.146,3.141,3.141,8.445,8.447,8.449,8.450,8.453,-55.884,-2514.000
3.143,3.144,3.144,3.143,3.151,8.450,8.448,8.449,8.443,8.447,-55.964,-2513.000
3.146,3.145,3.146,3.149,3.152,8.450,8.453,8.450,8.451,8.454,-55.964,-2512.000
3.147,3.144,3.144,3.150,3.151,8.455,8.451,8.448,8.451,8.454,-56.229,-2511.000
3.146,3.143,3.151,3.148,3.146,8.462,8.460,8.458,8.460,8.463,-56.229,-2510.000
3.147,3.157,3.146,3.151,3.158,8.456,8.464,8.466,8.464,8.462,-56.193,-2509.000
3.145,3.153,3.146,3.156,3.150,8.460,8.464,8.459,8.460,8.463,-56.193,-2508.000
3.152,3.151,3.152,3.150,3.154,8.467,8.470,8.471,8.463,8.466,-56.405,-2507.000
3.154,3.148,3.152,3.155,3.155,8.468,8.466,8.469,8.471,8.470,-56.405,-2506.000
3.157,3.154,3.153,3.153,3.153,8.473,8.472,8.473,8.473,8.473,-55.724,-2505.000
3.156,3.156,3.158,3.157,3.157,8.474,8.476,8.473,8.473,8.475,-55.724,-2504.000
3.160,3.156,3.157,3.156,3.157,8.480,8.478,8.476,8.476,8.479,-56.143,-2503.000
3.159,3.154,3.159,3.152,3.159,8.481,8.478,8.483,8.480,8.480,-56.143,-2502.000
3.161,3.160,3.157,3.154,3.154,8.481,8.480,8.480,8.478,8.480,-56.143,-2501.000
3.157,3.159,3.157,3.152,3.158,8.483,8.483,8.483,8.477,8.478,-55.452,-2500.000
3.158,3.164,3.158,3.162,3.158,8.482,8.478,8.483,8.484,8.489,-55.452,-2499.000
3.164,3.156,3.161,3.154,3.160,8.482,8.484,8.484,8.478,8.479,-55.452,-2498.000
3.155,3.162,3.156,3.163,3.160,8.487,8.484,8.480,8.483,8.482,-55.521,-2497.000
3.163,3.161,3.154,3.158,3.160,8.488,8.485,8.486,8.487,8.485,-55.521,-2496.000
3.162,3.160,3.162,3.160,3.167,8.484,8.483,8.489,8.487,8.486,-56.013,-2495.000
3.163,3.154,3.159,3.166,3.160,8.493,8.487,8.486,8.486,8.489,-56.013,-2494.000
3.161,3.163,3.157,3.158,3.163,8.484,8.484,8.489,8.483,8.483,-56.336,-2493.000
3.156,3.161,3.158,3.155,3.157,8.491,8.484,8.484,8.482,8.479,-56.336,-2492.000
3.162,3.158,3.153,3.158,3.158,8.481,8.480,8.477,8.478,8.485,-56.336,-2491.000
3.155,3.160,3.161,3.160,3.158,8.483,8.480,8.480,8.478,8.481,-55.976,-2490.000
3.154,3.160,3.158,3.155,3.161,8.483,8.481,8.484,8.481,8.485,-55.976,-2489.000
3.154,3.155,3.157,3.153,3.161,8.483,8.480,8.480,8.485,8.483,-55.815,-2488.000
3.154,3.157,3.155,3.154,3.156,8.485,8.481,8.480,8.478,8.480,-55.815,-2487.000
3.157,3.155,3.157,3.155,3.158,8.475,8.486,8.481,8.481,8.483,-56.484,-2486.000
3.161,3.156,3.154,3.157,3.158,8.476,8.480,8.477,8.481,8.478,-56.484,-2485.000
3.156,3.156,3.161,3.156,3.161,8.475,8.479,8.477,8.480,8.474,-56.269,-2484.000
3.164,3.157,3.160,3.153,3.157,8.477,8.481,8.483,8.483,8.484,-56.269,-2483.000
3.156,3.159,3.158,3.159,3.154,8.478,8.481,8.483,8.485,8.484,-55.559,-2482.000
3.159,3.159,3.160,3.151,3.160,8.479,8.484,8.481,8.478,8.483,-55.559,-2481.000
3.146,3.156,3.154,3.156,3.154,8.473,8.481,8.476,8.480,8.485,-55.262,-2480.000
3.154,3.151,3.157,3.158,3.158,8.473,8.476,8.476,8.474,8.471,-55.262,-2479.000
3.151,3.161,3.152,3.156,3.157,8.480,8.475,8.478,8.477,8.474,-55.285,-2478.000
3.157,3.159,3.154,3.156,3.154,8.473,8.473,8.475,8.475,8.474,-55.285,-2477.000
3.154,3.155,3.154,3.154,3.162,8.473,8.474,8.472,8.470,8.470,-55.152,-2476.000
3.153,3.160,3.154,3.156,3.154,8.468,8.475,8.474,8.471,8.470,-55.152,-2475.000
3.148,3.154,3.149,3.153,3.154,8.466,8.465,8.464,8.468,8.469,-55.411,-2474.000
3.145,3.157,3.148,3.153,3.155,8.464,8.465,8.469,8.469,8.465,-55.411,-2473.000
3.154,3.151,3.150,3.154,3.151,8.463,8.465,8.460,8.463,8.465,-55.811,-2472.000
3.143,3.147,3.148,3.145,3.153,8.465,8.461,8.461,8.462,8.460,-55.811,-2471.000
3.147,3.151,3.150,3.150,3.148,8.459,8.460,8.462,8.455,8.462,-54.578,-2470.000
3.149,3.149,3.141,3.149,3.148,8.458,8.458,8.455,8.455,8.454,-54.578,-2469.000
3.148,3.144,3.149,3.146,3.153,8.452,8.460,8.452,8.458,8.458,-53.046,-2468.000
3.141,3.153,3.151,3.146,3.149,8.452,8.451,8.454,8.452,8.455,-53.046,-2467.000
3.147,3.144,3.147,3.146,3.149,8.450,8.449,8.454,8.450,8.455,-52.543,-2466.000
3.147,3.151,3.145,3.143,3.145,8.450,8.454,8.455,8.455,8.451,-52.543,-2465.000
3.152,3.146,3.148,3.145,3.147,8.454,8.450,8.451,8.448,8.447,-52.439,-2464.000
3.148,3.146,3.146,3.140,3.146,8.448,8.451,8.444,8.447,8.455,-52.439,-2463.000
3.141,3.150,3.139,3.147,3.141,8.447,8.447,8.450,8.450,8.448,-53.487,-2462.000
3.143,3.141,3.140,3.142,3.143,8.441,8.448,8.449,8.446,8.441,-53.487,-2461.000
3.135,3.143,3.147,3.143,3.144,8.442,8.443,8.449,8.446,8.443,-54.642,-2460.000
3.143,3.144,3.146,3.143,3.142,8.448,8.443,8.443,8.440,8.445,-54.642,-2459.000
3.142,3.144,3.146,3.144,3.141,8.449,8.447,8.448,8.448,8.447,-54.491,-2458.000
3.136,3.146,3.139,3.135,3.144,8.445,8.451,8.445,8.452,8.450,-54.491,-2457.000
3.140,3.143,3.146,3.142,3.139,8.443,8.446,8.444,8.448,8.445,-54.519,-2456.000
3.137,3.143,3.144,3.144,3.146,8.442,8.444,8.439,8.442,8.437,-54.519,-2455.000
3.145,3.142,3.141,3.146,3.137,8.434,8.438,8.439,8.443,8.435,-55.228,-2454.000
3.137,3.142,3.143,3.141,3.142,8.439,8.437,8.434,8.435,8.436,-55.228,-2453.000
3.137,3.141,3.132,3.138,3.137,8.437,8.430,8.432,8.428,8.435,-55.502,-2452.000
3.138,3.142,3.139,3.138,3.139,8.439,8.437,8.436,8.433,8.431,-55.502,-2451.000
3.139,3.137,3.141,3.134,3.138,8.436,8.436,8.437,8.432,8.434,-55.146,-2450.000
3.141,3.134,3.144,3.141,3.144,8.437,8.435,8.438,8.431,8.427,-55.146,-2449.000
3.144,3.142,3.138,3.140,3.140,8.437,8.431,8.434,8.431,8.437,-55.537,-2448.000
3.145,3.141,3.141,3.138,3.137,8.435,8.439,8.436,8.434,8.436,-55.537,-2447.000
3.137,3.142,3.143,3.139,3.143,8.440,8.438,8.435,8.433,8.432,-55.461,-2446.000
3.140,3.145,3.135,3.139,3.142,8.438,8.440,8.434,8.435,8.435,-55.461,-2445.000
3.139,3.145,3.136,3.142,3.140,8.437,8.436,8.432,8.435,8.437,-55.665,-2444.000
3.142,3.140,3.143,3.138,3.140,8.440,8.436,8.435,8.435,8.434,-55.665,-2443.000
3.145,3.143,3.143,3.141,3.144,8.438,8.435,8.437,8.439,8.437,-55.599,-2442.000
3.142,3.148,3.143,3.144,3.148,8.446,8.443,8.443,8.443,8.441,-55.599,-2441.000
3.142,3.139,3.137,3.143,3.152,8.443,8.449,8.443,8.443,8.442,-56.161,-2440.000
3.145,3.141,3.146,3.147,3.143,8.446,8.453,8.452,8.452,8.449,-56.161,-2439.000
3.145,3.149,3.145,3.144,3.152,8.457,8.450,8.451,8.454,8.452,-56.540,-2438.000
3.146,3.145,3.146,3.149,3.151,8.455,8.460,8.453,8.450,8.457,-56.540,-2437.000
3.151,3.153,3.146,3.157,3.148,8.463,8.464,8.460,8.466,8.462,-56.524,-2436.000
3.146,3.150,3.151,3.153,3.153,8.466,8.465,8.466,8.466,8.469,-56.524,-2435.000
3.157,3.153,3.153,3.155,3.152,8.473,8.467,8.469,8.469,8.466,-55.784,-2434.000
3.157,3.151,3.152,3.159,3.154,8.465,8.468,8.470,8.470,8.472,-55.784,-2433.000
3.157,3.155,3.152,3.156,3.153,8.469,8.469,8.475,8.472,8.476,-55.666,-2432.000
3.158,3.152,3.153,3.153,3.151,8.478,8.472,8.474,8.472,8.467,-55.666,-2431.000
3.156,3.152,3.160,3.154,3.157,8.472,8.476,8.472,8.475,8.473,-56.009,-2430.000
3.155,3.149,3.153,3.151,3.155,8.478,8.472,8.475,8.474,8.470,-56.009,-2429.000
3.154,3.154,3.154,3.162,3.148,8.479,8.473,8.475,8.473,8.471,-55.871,-2428.000
3.159,3.154,3.152,3.151,3.157,8.472,8.473,8.477,8.479,8.481,-55.871,-2427.000
3.159,3.160,3.153,3.159,3.155,8.480,8.483,8.482,8.482,8.482,-55.579,-2426.000
3.158,3.158,3.158,3.162,3.160,8.490,8.489,8.488,8.486,8.492,-55.579,-2425.000
3.161,3.162,3.161,3.163,3.162,8.487,8.495,8.500,8.494,8.493,-55.568,-2424.000
3.161,3.162,3.165,3.161,3.163,8.498,8.495,8.496,8.501,8.494,-55.568,-2423.000
3.161,3.161,3.156,3.161,3.163,8.492,8.497,8.487,8.494,8.495,-57.166,-2422.000
3.163,3.157,3.161,3.160,3.152,8.487,8.490,8.490,8.486,8.490,-57.166,-2421.000
3.154,3.159,3.163,3.152,3.158,8.485,8.483,8.485,8.485,8.480,-56.667,-2420.000
3.156,3.148,3.158,3.155,3.151,8.479,8.476,8.475,8.476,8.471,-56.667,-2419.000
3.154,3.154,3.152,3.152,3.155,8.469,8.472,8.474,8.471,8.469,-56.095,-2418.000
3.157,3.152,3.151,3.151,3.150,8.465,8.470,8.464,8.465,8.465,-56.095,-2417.000
3.151,3.154,3.151,3.148,3.147,8.468,8.461,8.463,8.462,8.462,-55.420,-2416.000
3.151,3.146,3.155,3.152,3.148,8.461,8.462,8.464,8.461,8.466,-55.420,-2415.000
3.149,3.151,3.149,3.146,3.149,8.461,8.451,8.460,8.461,8.461,-55.266,-2414.000
3.141,3.144,3.144,3.147,3.146,8.451,8.456,8.453,8.453,8.449,-55.266,-2413.000
3.142,3.148,3.144,3.144,3.137,8.445,8.449,8.443,8.442,8.439,-55.477,-2412.000
3.144,3.134,3.140,3.138,3.137,8.433,8.429,8.429,8.429,8.434,-55.477,-2411.000
3.126,3.133,3.131,3.131,3.131,8.415,8.411,8.417,8.413,8.410,-56.269,-2410.000
3.124,3.128,3.127,3.121,3.127,8.398,8.403,8.401,8.401,8.407,-56.269,-2409.000
3.124,3.123,3.118,3.123,3.129,8.401,8.398,8.391,8.400,8.407,-56.362,-2408.000
3.126,3.125,3.128,3.129,3.125,8.400,8.399,8.408,8.400,8.407,-56.362,-2407.000
3.127,3.130,3.126,3.134,3.126,8.411,8.416,8.411,8.417,8.418,-55.273,-2406.000
3.137,3.135,3.138,3.134,3.137,8.424,8.420,8.427,8.428,8.425,-55.273,-2405.000
3.135,3.142,3.145,3.135,3.137,8.445,8.443,8.443,8.442,8.442,-55.217,-2404.000
3.142,3.143,3.140,3.146,3.142,8.451,8.451,8.454,8.455,8.455,-55.217,-2403.000
3.149,3.151,3.145,3.144,3.153,8.465,8.460,8.464,8.459,8.464,-56.083,-2402.000
3.153,3.150,3.152,3.157,3.147,8.473,8.474,8.469,8.481,8.471,-56.083,-2401.000
3.153,3.158,3.151,3.161,3.154,8.473,8.479,8.480,8.475,8.473,-55.383,-2400.000
3.155,3.154,3.157,3.164,3.154,8.478,8.484,8.483,8.481,8.478,-55.383,-2399.000
3.157,3.162,3.161,3.158,3.153,8.487,8.488,8.481,8.484,8.486,-55.792,-2398.000
3.159,3.161,3.161,3.161,3.162,8.485,8.485,8.486,8.488,8.488,-55.792,-2397.000
3.162,3.160,3.159,3.161,3.160,8.484,8.490,8.498,8.495,8.488,-55.267,-2396.000
3.160,3.161,3.162,3.166,3.164,8.504,8.497,8.495,8.494,8.498,-55.267,-2395.000
3.162,3.157,3.163,3.162,3.161,8.497,8.497,8.502,8.501,8.498,-55.580,-2394.000
3.164,3.160,3.166,3.163,3.165,8.501,8.501,8.501,8.505,8.502,-55.580,-2393.000
3.170,3.167,3.165,3.166,3.161,8.505,8.504,8.511,8.507,8.505,-55.598,-2392.000
3.172,3.169,3.168,3.165,3.170,8.509,8.504,8.510,8.507,8.505,-55.598,-2391.000
3.163,3.164,3.161,3.163,3.166,8.510,8.508,8.510,8.506,8.508,-55.826,-2390.000
3.168,3.165,3.171,3.170,3.167,8.507,8.506,8.506,8.507,8.508,-55.826,-2389.000
3.162,3.168,3.161,3.163,3.161,8.504,8.503,8.501,8.496,8.507,-55.684,-2388.000
3.168,3.162,3.162,3.167,3.163,8.500,8.501,8.505,8.501,8.503,-55.684,-2387.000
3.164,3.159,3.161,3.161,3.163,8.495,8.501,8.499,8.499,8.500,-55.816,-2386.000
3.161,3.160,3.157,3.155,3.162,8.493,8.492,8.488,8.492,8.487,-55.816,-2385.000
3.158,3.159,3.158,3.162,3.156,8.488,8.491,8.483,8.490,8.490,-55.986,-2384.000
3.156,3.150,3.152,3.156,3.156,8.481,8.484,8.488,8.483,8.481,-55.986,-2383.000
3.160,3.153,3.151,3.155,3.157,8.484,8.483,8.488,8.477,8.480,-55.828,-2382.000
3.153,3.158,3.154,3.146,3.153,8.482,8.480,8.477,8.476,8.476,-55.828,-2381.000
3.152,3.154,3.147,3.155,3.155,8.482,8.476,8.484,8.484,8.486,-55.555,-2380.000
3.155,3.155,3.154,3.155,3.151,8.485,8.486,8.483,8.480,8.483,-55.555,-2379.000
3.153,3.159,3.153,3.156,3.154,8.487,8.487,8.487,8.483,8.484,-55.742,-2378.000
3.155,3.155,3.152,3.159,3.154,8.489,8.486,8.486,8.481,8.477,-55.742,-2377.000
3.151,3.158,3.153,3.158,3.156,8.483,8.481,8.481,8.478,8.479,-56.040,-2376.000
3.153,3.149,3.156,3.153,3.153,8.482,8.483,8.481,8.481,8.483,-56.040,-2375.000
3.154,3.157,3.153,3.158,3.154,8.479,8.484,8.482,8.485,8.479,-56.819,-2374.000
3.149,3.153,3.154,3.151,3.154,8.477,8.484,8.482,8.484,8.480,-56.819,-2373.000
3.157,3.153,3.158,3.155,3.153,8.485,8.483,8.486,8.490,8.482,-56.122,-2372.000
3.155,3.156,3.155,3.157,3.157,8.491,8.486,8.483,8.492,8.490,-56.122,-2371.000
3.153,3.162,3.161,3.157,3.161,8.484,8.491,8.496,8.485,8.492,-56.721,-2370.000
3.160,3.159,3.166,3.156,3.162,8.495,8.505,8.492,8.487,8.496,-56.721,-2369.000
3.163,3.161,3.166,3.158,3.165,8.499,8.504,8.504,8.506,8.503,-56.864,-2368.000
3.165,3.167,3.169,3.166,3.164,8.508,8.509,8.509,8.513,8.506,-56.864,-2367.000
3.166,3.169,3.164,3.169,3.168,8.517,8.515,8.516,8.517,8.518,-56.132,-2366.000
3.169,3.171,3.169,3.166,3.173,8.516,8.521,8.520,8.517,8.520,-56.132,-2365.000
3.173,3.171,3.174,3.173,3.168,8.521,8.524,8.524,8.528,8.526,-55.898,-2364.000
3.180,3.169,3.176,3.168,3.177,8.526,8.525,8.526,8.524,8.527,-55.898,-2363.000
3.174,3.169,3.175,3.172,3.171,8.526,8.531,8.531,8.531,8.528,-56.323,-2362.000
3.176,3.177,3.175,3.173,3.176,8.529,8.541,8.531,8.534,8.534,-56.323,-2361.000
3.169,3.176,3.174,3.176,3.178,8.535,8.536,8.538,8.538,8.538,-56.106,-2360.000
3.177,3.177,3.178,3.177,3.178,8.533,8.539,8.539,8.540,8.537,-56.106,-2359.000
3.181,3.174,3.178,3.178,3.178,8.543,8.542,8.537,8.542,8.542,-55.902,-2358.000
3.167,3.172,3.174,3.178,3.174,8.536,8.541,8.538,8.539,8.533,-55.902,-2357.000
3.175,3.171,3.172,3.170,3.175,8.531,8.524,8.531,8.536,8.534,-55.969,-2356.000
3.166,3.171,3.174,3.173,3.162,8.527,8.527,8.525,8.527,8.524,-55.969,-2355.000
3.164,3.165,3.168,3.161,3.169,8.521,8.512,8.516,8.513,8.518,-56.165,-2354.000
3.162,3.159,3.157,3.166,3.159,8.500,8.506,8.503,8.496,8.502,-56.165,-2353.000
3.157,3.165,3.158,3.152,3.153,8.494,8.491,8.490,8.490,8.487,-55.942,-2352.000
3.155,3.157,3.158,3.153,3.156,8.480,8.484,8.484,8.480,8.479,-55.942,-2351.000
3.155,3.154,3.157,3.150,3.150,8.478,8.479,8.474,8.473,8.476,-55.278,-2350.000
3.152,3.152,3.146,3.154,3.146,8.470,8.468,8.469,8.468,8.467,-55.278,-2349.000
3.150,3.150,3.152,3.148,3.150,8.466,8.465,8.471,8.468,8.468,-56.269,-2348.000
3.145,3.151,3.152,3.144,3.151,8.464,8.465,8.464,8.461,8.464,-56.269,-2347.000
3.154,3.152,3.151,3.150,3.156,8.461,8.464,8.464,8.465,8.464,-56.628,-2346.000
3.150,3.144,3.150,3.153,3.158,8.464,8.461,8.466,8.463,8.465,-56.628,-2345.000
3.159,3.146,3.154,3.151,3.153,8.468,8.470,8.469,8.467,8.470,-56.263,-2344.000
3.149,3.149,3.154,3.152,3.149,8.470,8.467,8.467,8.474,8.471,-56.263,-2343.000
3.152,3.155,3.157,3.153,3.154,8.463,8.464,8.466,8.466,8.469,-55.676,-2342.000
3.151,3.150,3.153,3.153,3.155,8.460,8.461,8.462,8.468,8.468,-55.676,-2341.000
3.150,3.154,3.148,3.147,3.152,8.468,8.467,8.464,8.462,8.461,-56.026,-2340.000
3.154,3.144,3.155,3.153,3.147,8.462,8.464,8.460,8.464,8.461,-56.026,-2339.000
3.150,3.149,3.151,3.146,3.147,8.460,8.462,8.459,8.463,8.457,-56.871,-2338.000
3.151,3.149,3.146,3.148,3.155,8.462,8.463,8.457,8.459,8.456,-56.871,-2337.000
3.153,3.153,3.149,3.148,3.146,8.458,8.458,8.454,8.460,8.455,-56.758,-2336.000
3.148,3.151,3.147,3.147,3.144,8.461,8.453,8.456,8.455,8.455,-56.758,-2335.000
3.149,3.148,3.143,3.151,3.144,8.451,8.451,8.461,8.458,8.455,-56.001,-2334.000
3.151,3.148,3.147,3.145,3.145,8.457,8.458,8.448,8.451,8.452,-56.001,-2333.000
3.146,3.154,3.138,3.150,3.157,8.454,8.452,8.449,8.455,8.457,-56.636,-2332.000
3.148,3.155,3.142,3.151,3.145,8.454,8.458,8.452,8.453,8.449,-56.636,-2331.000
3.141,3.148,3.146,3.145,3.146,8.453,8.448,8.446,8.449,8.455,-55.740,-2330.000
3.148,3.146,3.145,3.149,3.150,8.453,8.450,8.456,8.458,8.456,-55.740,-2329.000
3.143,3.153,3.148,3.152,3.147,8.456,8.456,8.447,8.456,8.454,-55.778,-2328.000
3.146,3.156,3.148,3.151,3.151,8.458,8.457,8.457,8.459,8.458,-55.778,-2327.000
3.154,3.149,3.150,3.154,3.152,8.464,8.464,8.466,8.465,8.462,-56.185,-2326.000
3.155,3.150,3.154,3.151,3.152,8.462,8.476,8.467,8.465,8.468,-56.185,-2325.000
3.157,3.152,3.155,3.156,3.156,8.467,8.472,8.474,8.477,8.468,-55.915,-2324.000
3.160,3.160,3.162,3.152,3.159,8.476,8.477,8.484,8.483,8.482,-55.915,-2323.000
3.161,3.164,3.157,3.159,3.156,8.482,8.476,8.487,8.482,8.489,-55.948,-2322.000
3.160,3.156,3.160,3.165,3.160,8.487,8.488,8.483,8.490,8.487,-55.948,-2321.000
3.159,3.161,3.155,3.161,3.156,8.488,8.482,8.486,8.487,8.483,-55.948,-2320.000
3.163,3.155,3.159,3.160,3.156,8.487,8.483,8.479,8.478,8.481,-56.189,-2319.000
3.165,3.153,3.156,3.160,3.162,8.486,8.483,8.484,8.478,8.484,-56.189,-2318.000
3.161,3.159,3.156,3.154,3.161,8.476,8.479,8.478,8.477,8.477,-56.189,-2317.000
3.158,3.148,3.156,3.148,3.156,8.474,8.477,8.474,8.479,8.471,-56.098,-2316.000
3.161,3.156,3.148,3.157,3.149,8.476,8.477,8.476,8.476,8.472,-56.098,-2315.000
3.153,3.153,3.156,3.148,3.155,8.463,8.468,8.477,8.473,8.474,-55.783,-2314.000
3.152,3.151,3.161,3.151,3.155,8.472,8.463,8.468,8.471,8.464,-55.783,-2313.000
3.156,3.153,3.155,3.152,3.155,8.470,8.467,8.471,8.474,8.470,-55.973,-2312.000
3.151,3.152,3.154,3.158,3.154,8.469,8.472,8.474,8.476,8.473,-55.973,-2311.000
3.149,3.157,3.153,3.150,3.154,8.475,8.478,8.477,8.479,8.475,-56.414,-2310.000
3.156,3.158,3.156,3.151,3.156,8.479,8.476,8.481,8.478,8.477,-56.414,-2309.000
3.156,3.160,3.160,3.155,3.153,8.477,8.479,8.480,8.482,8.479,-56.933,-2308.000
3.157,3.152,3.157,3.157,3.152,8.485,8.485,8.483,8.479,8.480,-56.933,-2307.000
3.157,3.158,3.154,3.162,3.157,8.485,8.480,8.480,8.481,8.481,-56.113,-2306.000
3.156,3.155,3.155,3.156,3.154,8.483,8.484,8.481,8.480,8.481,-56.113,-2305.000
3.159,3.156,3.155,3.154,3.157,8.478,8.482,8.482,8.475,8.476,-55.383,-2304.000
3.155,3.155,3.152,3.153,3.153,8.472,8.479,8.475,8.476,8.476,-55.383,-2303.000
3.151,3.153,3.157,3.156,3.155,8.472,8.474,8.481,8.475,8.478,-55.953,-2302.000
3.153,3.151,3.154,3.155,3.151,8.470,8.474,8.474,8.476,8.474,-55.953,-2301.000
3.149,3.152,3.153,3.151,3.157,8.468,8.470,8.480,8.472,8.474,-56.133,-2300.000
3.155,3.153,3.152,3.152,3.150,8.479,8.474,8.478,8.474,8.478,-56.133,-2299.000
3.151,3.152,3.159,3.155,3.153,8.477,8.477,8.476,8.473,8.477,-56.458,-2298.000
3.152,3.155,3.151,3.153,3.156,8.481,8.477,8.472,8.475,8.470,-56.458,-2297.000
3.148,3.148,3.150,3.155,3.157,8.473,8.477,8.477,8.477,8.471,-56.498,-2296.000
3.160,3.149,3.155,3.152,3.151,8.472,8.473,8.469,8.475,8.467,-56.498,-2295.000
3.154,3.157,3.150,3.150,3.155,8.472,8.467,8.470,8.470,8.468,-56.110,-2294.000
3.152,3.151,3.148,3.147,3.149,8.466,8.463,8.465,8.466,8.462,-56.110,-2293.000
3.148,3.149,3.147,3.152,3.140,8.459,8.458,8.459,8.461,8.459,-55.990,-2292.000
3.141,3.140,3.152,3.153,3.144,8.461,8.457,8.459,8.454,8.448,-55.990,-2291.000
3.146,3.142,3.146,3.146,3.143,8.452,8.455,8.454,8.454,8.455,-55.522,-2290.000
3.148,3.144,3.140,3.147,3.142,8.446,8.450,8.452,8.443,8.448,-55.522,-2289.000
3.138,3.141,3.147,3.138,3.144,8.447,8.448,8.443,8.442,8.441,-55.676,-2288.000
3.142,3.139,3.142,3.134,3.145,8.438,8.443,8.445,8.444,8.439,-55.676,-2287.000
3.141,3.137,3.136,3.145,3.136,8.437,8.437,8.436,8.438,8.437,-55.609,-2286.000
3.138,3.139,3.142,3.142,3.139,8.437,8.428,8.438,8.431,8.433,-55.609,-2285.000
3.138,3.138,3.138,3.134,3.136,8.433,8.435,8.428,8.435,8.433,-55.658,-2284.000
3.141,3.140,3.135,3.140,3.137,8.431,8.430,8.430,8.437,8.436,-55.658,-2283.000
3.128,3.135,3.143,3.133,3.135,8.435,8.437,8.432,8.440,8.434,-56.142,-2282.000
3.139,3.140,3.139,3.137,3.142,8.436,8.436,8.439,8.438,8.440,-56.142,-2281.000
3.138,3.143,3.141,3.144,3.141,8.446,8.444,8.447,8.443,8.445,-55.163,-2280.000
3.149,3.142,3.144,3.140,3.145,8.455,8.459,8.453,8.452,8.449,-55.163,-2279.000
3.145,3.146,3.140,3.143,3.149,8.448,8.454,8.451,8.454,8.457,-55.038,-2278.000
3.146,3.145,3.142,3.141,3.148,8.458,8.458,8.463,8.460,8.450,-55.038,-2277.000
3.142,3.147,3.145,3.147,3.147,8.457,8.454,8.457,8.457,8.458,-54.899,-2276.000
3.146,3.142,3.142,3.146,3.144,8.453,8.451,8.450,8.462,8.459,-54.899,-2275.000
3.139,3.145,3.138,3.144,3.139,8.450,8.452,8.455,8.452,8.448,-55.311,-2274.000
3.139,3.144,3.141,3.144,3.139,8.444,8.451,8.446,8.453,8.447,-55.311,-2273.000
3.142,3.139,3.141,3.139,3.139,8.444,8.446,8.443,8.443,8.450,-55.383,-2272.000
3.148,3.140,3.145,3.142,3.141,8.453,8.453,8.446,8.451,8.447,-55.383,-2271.000
3.145,3.144,3.137,3.136,3.138,8.452,8.448,8.447,8.450,8.450,-54.598,-2270.000
3.138,3.141,3.147,3.145,3.144,8.453,8.443,8.449,8.456,8.450,-54.598,-2269.000
3.143,3.142,3.145,3.143,3.142,8.454,8.453,8.448,8.450,8.450,-55.348,-2268.000
3.137,3.132,3.145,3.141,3.142,8.449,8.443,8.441,8.444,8.444,-55.348,-2267.000
3.134,3.140,3.141,3.134,3.146,8.437,8.442,8.442,8.444,8.442,-55.680,-2266.000
3.138,3.140,3.139,3.128,3.131,8.426,8.428,8.429,8.427,8.428,-55.680,-2265.000
3.136,3.135,3.137,3.135,3.133,8.421,8.424,8.423,8.425,8.426,-55.064,-2264.000
3.128,3.141,3.126,3.135,3.131,8.412,8.416,8.418,8.417,8.416,-55.064,-2263.000
3.132,3.128,3.135,3.129,3.128,8.413,8.415,8.410,8.410,8.415,-55.608,-2262.000
3.130,3.129,3.130,3.130,3.134,8.408,8.410,8.402,8.411,8.412,-55.608,-2261.000
3.131,3.126,3.132,3.126,3.126,8.408,8.406,8.405,8.405,8.404,-56.373,-2260.000
3.122,3.125,3.134,3.133,3.126,8.409,8.409,8.410,8.410,8.409,-56.373,-2259.000
3.133,3.131,3.128,3.138,3.128,8.417,8.415,8.414,8.408,8.412,-55.545,-2258.000
3.139,3.135,3.143,3.137,3.137,8.426,8.428,8.422,8.426,8.425,-55.545,-2257.000
3.137,3.140,3.134,3.142,3.139,8.440,8.438,8.439,8.438,8.441,-55.636,-2256.000
3.145,3.148,3.145,3.144,3.145,8.453,8.451,8.451,8.449,8.452,-55.636,-2255.000
3.143,3.147,3.153,3.152,3.154,8.454,8.453,8.452,8.453,8.457,-55.636,-2254.000
3.148,3.151,3.147,3.152,3.151,8.461,8.462,8.460,8.461,8.455,-56.356,-2253.000
3.154,3.154,3.148,3.153,3.149,8.454,8.461,8.458,8.460,8.457,-56.356,-2252.000
3.146,3.151,3.150,3.151,3.149,8.463,8.457,8.457,8.459,8.459,-55.080,-2251.000
3.149,3.143,3.145,3.143,3.148,8.452,8.447,8.448,8.450,8.451,-55.080,-2250.000
3.144,3.142,3.144,3.144,3.143,8.443,8.443,8.439,8.442,8.442,-55.540,-2249.000
3.140,3.138,3.145,3.141,3.137,8.432,8.438,8.428,8.432,8.435,-55.540,-2248.000
3.137,3.135,3.138,3.136,3.137,8.421,8.423,8.425,8.420,8.423,-56.132,-2247.000
3.133,3.131,3.134,3.135,3.134,8.413,8.416,8.410,8.415,8.419,-56.132,-2246.000
3.126,3.132,3.129,3.129,3.133,8.410,8.413,8.409,8.409,8.408,-55.866,-2245.000
3.126,3.126,3.124,3.126,3.129,8.405,8.403,8.402,8.403,8.401,-55.866,-2244.000
3.134,3.128,3.130,3.124,3.127,8.400,8.401,8.399,8.401,8.402,-54.877,-2243.000
3.127,3.127,3.127,3.121,3.125,8.402,8.397,8.403,8.399,8.402,-54.877,-2242.000
3.126,3.135,3.125,3.131,3.128,8.400,8.402,8.401,8.406,8.398,-55.483,-2241.000
3.129,3.132,3.128,3.132,3.129,8.400,8.406,8.406,8.406,8.405,-55.483,-2240.000
3.134,3.122,3.128,3.129,3.126,8.407,8.405,8.404,8.408,8.399,-55.429,-2239.000
3.129,3.127,3.134,3.134,3.125,8.411,8.406,8.415,8.410,8.407,-55.429,-2238.000
3.132,3.130,3.130,3.133,3.132,8.411,8.413,8.416,8.409,8.407,-55.454,-2237.000
3.135,3.128,3.132,3.133,3.129,8.413,8.415,8.418,8.413,8.414,-55.454,-2236.000
3.141,3.134,3.138,3.140,3.139,8.421,8.421,8.419,8.424,8.421,-56.130,-2235.000
3.139,3.138,3.132,3.134,3.135,8.425,8.426,8.428,8.424,8.419,-56.130,-2234.000
3.131,3.136,3.138,3.138,3.140,8.426,8.422,8.427,8.421,8.426,-56.371,-2233.000
3.134,3.135,3.136,3.136,3.139,8.432,8.428,8.425,8.430,8.427,-56.371,-2232.000
3.134,3.141,3.140,3.144,3.142,8.425,8.425,8.432,8.432,8.432,-56.056,-2231.000
3.143,3.146,3.142,3.139,3.137,8.436,8.430,8.430,8.434,8.432,-56.056,-2230.000
3.140,3.143,3.140,3.134,3.144,8.430,8.430,8.429,8.425,8.433,-56.097,-2229.000
3.140,3.138,3.145,3.141,3.143,8.433,8.434,8.430,8.437,8.432,-56.097,-2228.000
3.146,3.141,3.140,3.143,3.140,8.434,8.436,8.437,8.433,8.437,-55.270,-2227.000
3.141,3.144,3.139,3.146,3.140,8.431,8.429,8.431,8.435,8.434,-55.270,-2226.000
3.144,3.140,3.135,3.142,3.136,8.432,8.429,8.432,8.435,8.431,-55.277,-2225.000
3.137,3.137,3.139,3.140,3.140,8.434,8.428,8.430,8.428,8.432,-55.277,-2224.000
3.139,3.138,3.141,3.140,3.135,8.429,8.427,8.430,8.430,8.431,-56.130,-2223.000
3.140,3.139,3.136,3.136,3.135,8.422,8.421,8.426,8.425,8.423,-56.130,-2222.000
3.139,3.133,3.136,3.137,3.137,8.423,8.416,8.423,8.420,8.422,-56.075,-2221.000
3.138,3.138,3.135,3.136,3.129,8.414,8.418,8.416,8.415,8.414,-56.075,-2220.000
3.138,3.129,3.134,3.132,3.131,8.422,8.414,8.413,8.409,8.416,-56.512,-2219.000
3.137,3.137,3.129,3.130,3.133,8.408,8.412,8.407,8.414,8.411,-56.512,-2218.000
3.126,3.125,3.132,3.128,3.133,8.407,8.408,8.405,8.412,8.412,-56.127,-2217.000
3.132,3.134,3.130,3.129,3.135,8.405,8.405,8.410,8.412,8.407,-56.127,-2216.000
3.130,3.134,3.131,3.129,3.127,8.410,8.408,8.403,8.407,8.408,-56.779,-2215.000
3.132,3.132,3.132,3.131,3.134,8.406,8.410,8.409,8.414,8.408,-56.779,-2214.000
3.123,3.136,3.129,3.129,3.139,8.410,8.408,8.410,8.410,8.408,-56.520,-2213.000
3.124,3.132,3.130,3.127,3.131,8.412,8.409,8.402,8.409,8.411,-56.520,-2212.000
3.130,3.127,3.132,3.134,3.129,8.412,8.411,8.404,8.409,8.410,-56.595,-2211.000
3.129,3.128,3.133,3.133,3.127,8.411,8.408,8.411,8.412,8.405,-56.595,-2210.000
3.131,3.128,3.129,3.129,3.137,8.413,8.412,8.411,8.417,8.409,-56.967,-2209.000
3.125,3.129,3.124,3.128,3.130,8.409,8.410,8.407,8.403,8.404,-56.967,-2208.000
3.127,3.126,3.125,3.129,3.128,8.403,8.401,8.398,8.404,8.400,-56.774,-2207.000
3.123,3.129,3.132,3.128,3.129,8.403,8.401,8.398,8.397,8.403,-56.774,-2206.000
3.126,3.123,3.126,3.127,3.122,8.400,8.402,8.400,8.398,8.396,-56.124,-2205.000
3.125,3.125,3.127,3.123,3.126,8.398,8.398,8.400,8.394,8.396,-56.124,-2204.000
3.124,3.129,3.121,3.125,3.127,8.397,8.394,8.394,8.399,8.395,-55.733,-2203.000
3.129,3.121,3.128,3.124,3.130,8.400,8.401,8.396,8.405,8.394,-55.733,-2202.000
3.123,3.129,3.125,3.131,3.124,8.405,8.408,8.407,8.405,8.406,-55.955,-2201.000
3.138,3.128,3.136,3.133,3.136,8.415,8.418,8.413,8.413,8.415,-55.955,-2200.000
3.131,3.128,3.136,3.127,3.136,8.417,8.418,8.420,8.413,8.416,-56.007,-2199.000
3.144,3.137,3.132,3.129,3.134,8.412,8.419,8.416,8.416,8.413,-56.007,-2198.000
3.132,3.138,3.134,3.139,3.139,8.419,8.416,8.420,8.421,8.421,-56.138,-2197.000
3.135,3.135,3.135,3.141,3.144,8.421,8.423,8.422,8.421,8.422,-56.138,-2196.000
3.136,3.137,3.133,3.137,3.134,8.420,8.422,8.421,8.421,8.421,-56.414,-2195.000
3.135,3.146,3.138,3.137,3.143,8.427,8.426,8.431,8.424,8.420,-56.414,-2194.000
3.136,3.140,3.139,3.135,3.137,8.421,8.426,8.421,8.421,8.424,-56.061,-2193.000
3.136,3.138,3.137,3.143,3.140,8.415,8.418,8.425,8.425,8.423,-56.061,-2192.000
3.131,3.142,3.132,3.136,3.135,8.427,8.430,8.423,8.422,8.424,-56.192,-2191.000
3.141,3.134,3.135,3.133,3.142,8.420,8.424,8.420,8.416,8.413,-56.192,-2190.000
3.136,3.137,3.139,3.137,3.141,8.418,8.417,8.419,8.418,8.419,-56.294,-2189.000
3.135,3.131,3.137,3.133,3.138,8.416,8.420,8.420,8.421,8.416,-56.294,-2188.000
3.133,3.139,3.133,3.128,3.133,8.417,8.417,8.423,8.414,8.419,-56.494,-2187.000
3.129,3.136,3.137,3.137,3.133,8.420,8.415,8.416,8.419,8.420,-56.494,-2186.000
3.131,3.141,3.136,3.135,3.132,8.416,8.416,8.416,8.422,8.416,-56.836,-2185.000
3.136,3.134,3.139,3.137,3.136,8.418,8.423,8.417,8.418,8.418,-56.836,-2184.000
3.134,3.132,3.137,3.139,3.135,8.428,8.422,8.423,8.423,8.424,-55.784,-2183.000
3.133,3.137,3.143,3.136,3.138,8.422,8.427,8.427,8.427,8.427,-55.784,-2182.000
3.138,3.142,3.135,3.143,3.136,8.429,8.431,8.424,8.428,8.427,-56.498,-2181.000
3.136,3.141,3.137,3.135,3.143,8.432,8.425,8.432,8.425,8.426,-56.498,-2180.000
3.132,3.137,3.137,3.135,3.137,8.432,8.426,8.426,8.423,8.427,-55.678,-2179.000
3.132,3.137,3.138,3.135,3.136,8.430,8.426,8.425,8.422,8.420,-55.678,-2178.000
3.135,3.138,3.137,3.135,3.136,8.426,8.423,8.432,8.432,8.428,-55.373,-2177.000
3.132,3.137,3.132,3.139,3.138,8.426,8.424,8.426,8.425,8.427,-55.373,-2176.000
3.135,3.132,3.132,3.135,3.144,8.422,8.422,8.419,8.424,8.420,-55.924,-2175.000
3.138,3.128,3.131,3.135,3.132,8.414,8.421,8.423,8.423,8.419,-55.924,-2174.000
3.130,3.137,3.139,3.140,3.132,8.418,8.413,8.415,8.420,8.415,-56.600,-2173.000
3.130,3.128,3.132,3.134,3.128,8.415,8.419,8.413,8.413,8.417,-56.600,-2172.000
3.135,3.129,3.135,3.130,3.136,8.413,8.412,8.413,8.412,8.411,-55.814,-2171.000
3.127,3.136,3.124,3.126,3.132,8.413,8.412,8.417,8.412,8.408,-55.814,-2170.000
3.132,3.135,3.132,3.132,3.129,8.409,8.408,8.411,8.410,8.413,-56.152,-2169.000
3.127,3.136,3.130,3.134,3.130,8.408,8.410,8.409,8.410,8.410,-56.152,-2168.000
3.132,3.134,3.131,3.128,3.128,8.410,8.412,8.409,8.415,8.411,-56.267,-2167.000
3.130,3.132,3.133,3.137,3.128,8.412,8.407,8.412,8.413,8.413,-56.267,-2166.000
3.131,3.125,3.128,3.133,3.131,8.412,8.411,8.408,8.406,8.412,-55.736,-2165.000
3.134,3.124,3.131,3.132,3.128,8.409,8.408,8.407,8.406,8.410,-55.736,-2164.000
3.131,3.130,3.135,3.130,3.131,8.404,8.411,8.410,8.411,8.407,-55.842,-2163.000
3.132,3.129,3.130,3.131,3.131,8.408,8.407,8.405,8.403,8.404,-55.842,-2162.000
3.134,3.132,3.129,3.132,3.129,8.405,8.415,8.405,8.405,8.410,-55.309,-2161.000
3.131,3.125,3.129,3.134,3.133,8.402,8.406,8.402,8.404,8.406,-55.309,-2160.000
3.127,3.132,3.129,3.123,3.132,8.407,8.399,8.408,8.406,8.405,-55.127,-2159.000
3.133,3.132,3.131,3.128,3.130,8.406,8.410,8.410,8.407,8.408,-55.127,-2158.000
3.122,3.129,3.129,3.131,3.130,8.405,8.408,8.408,8.399,8.405,-56.309,-2157.000
3.134,3.131,3.132,3.127,3.129,8.401,8.406,8.406,8.403,8.401,-56.309,-2156.000
3.134,3.131,3.132,3.126,3.129,8.402,8.402,8.400,8.400,8.404,-55.903,-2155.000
3.132,3.130,3.130,3.127,3.132,8.409,8.404,8.402,8.406,8.402,-55.903,-2154.000
3.129,3.128,3.126,3.133,3.127,8.400,8.402,8.404,8.398,8.402,-55.459,-2153.000
3.129,3.127,3.121,3.125,3.130,8.401,8.401,8.400,8.401,8.404,-55.459,-2152.000
3.126,3.128,3.126,3.127,3.124,8.402,8.400,8.399,8.394,8.395,-55.361,-2151.000
3.129,3.124,3.130,3.127,3.131,8.391,8.399,8.392,8.398,8.392,-55.361,-2150.000
3.125,3.127,3.123,3.133,3.128,8.395,8.393,8.393,8.398,8.394,-55.493,-2149.000
3.135,3.126,3.126,3.130,3.127,8.392,8.393,8.395,8.400,8.394,-55.493,-2148.000
3.127,3.128,3.129,3.128,3.128,8.394,8.398,8.399,8.395,8.395,-56.055,-2147.000
3.128,3.131,3.125,3.128,3.126,8.396,8.395,8.400,8.394,8.395,-56.055,-2146.000
3.123,3.130,3.127,3.127,3.128,8.401,8.400,8.401,8.400,8.400,-56.101,-2145.000
3.128,3.132,3.129,3.126,3.130,8.399,8.401,8.402,8.403,8.398,-56.101,-2144.000
3.127,3.128,3.126,3.133,3.129,8.402,8.405,8.404,8.403,8.402,-56.410,-2143.000
3.131,3.136,3.128,3.131,3.129,8.396,8.396,8.404,8.406,8.403,-56.410,-2142.000
3.127,3.127,3.130,3.128,3.133,8.400,8.402,8.399,8.396,8.400,-56.345,-2141.000
3.134,3.128,3.125,3.126,3.124,8.394,8.394,8.396,8.398,8.398,-56.345,-2140.000
3.128,3.127,3.125,3.131,3.128,8.391,8.393,8.395,8.395,8.392,-55.216,-2139.000
3.120,3.122,3.122,3.128,3.121,8.390,8.386,8.394,8.395,8.394,-55.216,-2138.000
3.128,3.124,3.121,3.127,3.119,8.391,8.389,8.389,8.389,8.397,-54.939,-2137.000
3.127,3.130,3.130,3.126,3.127,8.402,8.397,8.396,8.403,8.402,-54.939,-2136.000
3.134,3.124,3.125,3.125,3.130,8.403,8.406,8.402,8.404,8.403,-54.750,-2135.000
3.137,3.140,3.135,3.142,3.129,8.417,8.414,8.415,8.413,8.411,-54.750,-2134.000
3.136,3.138,3.140,3.138,3.133,8.421,8.419,8.422,8.418,8.428,-53.691,-2133.000
3.139,3.139,3.143,3.141,3.141,8.428,8.431,8.432,8.429,8.432,-53.691,-2132.000
3.137,3.146,3.138,3.142,3.138,8.436,8.437,8.433,8.432,8.438,-53.437,-2131.000
3.141,3.142,3.144,3.135,3.140,8.438,8.436,8.439,8.441,8.437,-53.437,-2130.000
3.139,3.149,3.144,3.147,3.145,8.437,8.434,8.438,8.436,8.433,-52.339,-2129.000
3.141,3.140,3.143,3.137,3.144,8.442,8.438,8.433,8.434,8.437,-52.339,-2128.000
3.144,3.140,3.144,3.146,3.140,8.440,8.439,8.440,8.437,8.436,-51.580,-2127.000
3.145,3.140,3.142,3.144,3.138,8.434,8.435,8.436,8.434,8.433,-51.580,-2126.000
3.144,3.144,3.141,3.146,3.138,8.439,8.437,8.433,8.432,8.435,-53.099,-2125.000
3.143,3.139,3.134,3.144,3.140,8.433,8.428,8.430,8.432,8.428,-53.099,-2124.000
3.135,3.142,3.137,3.134,3.140,8.434,8.432,8.429,8.435,8.428,-53.652,-2123.000
3.143,3.136,3.139,3.136,3.136,8.427,8.424,8.427,8.429,8.426,-53.652,-2122.000
3.137,3.142,3.137,3.143,3.140,8.424,8.430,8.430,8.425,8.420,-54.419,-2121.000
3.134,3.141,3.136,3.134,3.133,8.427,8.422,8.418,8.421,8.424,-54.419,-2120.000
3.135,3.136,3.132,3.138,3.132,8.419,8.420,8.421,8.417,8.415,-54.560,-2119.000
3.136,3.138,3.129,3.130,3.136,8.415,8.418,8.415,8.415,8.409,-54.560,-2118.000
3.130,3.130,3.129,3.140,3.125,8.414,8.412,8.414,8.412,8.415,-54.499,-2117.000
3.129,3.132,3.130,3.129,3.131,8.414,8.417,8.414,8.419,8.406,-54.499,-2116.000
3.130,3.136,3.133,3.133,3.136,8.408,8.412,8.410,8.412,8.416,-55.092,-2115.000
3.137,3.138,3.129,3.134,3.133,8.414,8.413,8.412,8.411,8.414,-55.092,-2114.000
3.131,3.138,3.127,3.130,3.132,8.411,8.416,8.417,8.414,8.412,-54.973,-2113.000
3.135,3.135,3.132,3.135,3.133,8.412,8.417,8.411,8.414,8.413,-54.973,-2112.000
3.136,3.128,3.131,3.129,3.132,8.408,8.409,8.415,8.410,8.407,-55.604,-2111.000
3.133,3.131,3.135,3.130,3.131,8.406,8.408,8.410,8.409,8.406,-55.604,-2110.000
3.134,3.129,3.133,3.131,3.134,8.407,8.402,8.404,8.402,8.401,-56.479,-2109.000
3.132,3.127,3.131,3.133,3.128,8.403,8.400,8.406,8.405,8.399,-56.479,-2108.000
3.127,3.128,3.129,3.126,3.134,8.403,8.395,8.402,8.404,8.403,-56.201,-2107.000
3.124,3.133,3.126,3.129,3.122,8.400,8.404,8.400,8.404,8.400,-56.201,-2106.000
3.132,3.129,3.132,3.126,3.127,8.402,8.402,8.398,8.401,8.400,-56.074,-2105.000
3.131,3.130,3.127,3.130,3.129,8.406,8.399,8.405,8.396,8.399,-56.074,-2104.000
3.130,3.131,3.131,3.132,3.126,8.401,8.405,8.406,8.407,8.403,-56.326,-2103.000
3.131,3.135,3.135,3.140,3.128,8.409,8.412,8.407,8.405,8.404,-56.326,-2102.000
3.135,3.133,3.134,3.131,3.134,8.404,8.413,8.414,8.412,8.409,-56.114,-2101.000
3.138,3.139,3.134,3.133,3.136,8.414,8.419,8.420,8.415,8.410,-56.114,-2100.000
3.138,3.137,3.137,3.139,3.136,8.418,8.414,8.418,8.418,8.417,-56.187,-2099.000
3.135,3.137,3.134,3.138,3.132,8.414,8.421,8.421,8.419,8.416,-56.187,-2098.000
3.133,3.132,3.132,3.129,3.143,8.413,8.416,8.415,8.418,8.414,-56.187,-2097.000
3.135,3.128,3.136,3.134,3.136,8.418,8.416,8.416,8.415,8.413,-56.529,-2096.000
3.139,3.134,3.133,3.133,3.130,8.411,8.413,8.415,8.409,8.412,-56.529,-2095.000
3.135,3.135,3.134,3.130,3.130,8.412,8.411,8.408,8.411,8.407,-56.529,-2094.000
3.132,3.130,3.134,3.131,3.135,8.407,8.404,8.406,8.404,8.403,-56.936,-2093.000
3.133,3.131,3.134,3.133,3.137,8.403,8.402,8.399,8.404,8.402,-56.936,-2092.000
3.131,3.130,3.132,3.126,3.132,8.402,8.403,8.400,8.402,8.406,-55.575,-2091.000
3.127,3.128,3.129,3.130,3.137,8.392,8.394,8.398,8.397,8.395,-55.575,-2090.000
3.131,3.124,3.127,3.127,3.125,8.391,8.392,8.394,8.392,8.390,-55.681,-2089.000
3.120,3.128,3.118,3.122,3.120,8.381,8.388,8.381,8.378,8.379,-55.681,-2088.000
3.118,3.119,3.117,3.116,3.125,8.370,8.369,8.373,8.371,8.369,-55.362,-2087.000
3.119,3.116,3.122,3.121,3.120,8.364,8.367,8.367,8.364,8.367,-55.362,-2086.000
3.115,3.122,3.125,3.110,3.118,8.366,8.365,8.361,8.368,8.363,-55.223,-2085.000
3.116,3.117,3.123,3.112,3.108,8.358,8.360,8.362,8.364,8.357,-55.223,-2084.000
3.119,3.113,3.116,3.115,3.119,8.357,8.362,8.362,8.362,8.361,-55.863,-2083.000
3.115,3.113,3.116,3.117,3.116,8.360,8.358,8.360,8.361,8.360,-55.863,-2082.000
3.115,3.113,3.110,3.122,3.114,8.359,8.364,8.363,8.371,8.365,-55.913,-2081.000
3.117,3.111,3.122,3.117,3.115,8.366,8.366,8.361,8.364,8.371,-55.913,-2080.000
3.124,3.119,3.120,3.126,3.119,8.372,8.372,8.369,8.367,8.370,-56.028,-2079.000
3.124,3.122,3.116,3.120,3.113,8.373,8.373,8.371,8.374,8.374,-56.028,-2078.000
3.118,3.127,3.120,3.121,3.120,8.377,8.374,8.374,8.369,8.366,-55.790,-2077.000
3.123,3.120,3.119,3.119,3.119,8.375,8.372,8.375,8.374,8.376,-55.790,-2076.000
3.120,3.116,3.117,3.123,3.116,8.378,8.375,8.377,8.374,8.376,-55.883,-2075.000
3.120,3.121,3.118,3.124,3.120,8.374,8.372,8.373,8.375,8.374,-55.883,-2074.000
3.121,3.118,3.118,3.120,3.123,8.368,8.374,8.371,8.369,8.371,-55.219,-2073.000
3.116,3.118,3.122,3.120,3.120,8.369,8.371,8.368,8.367,8.367,-55.219,-2072.000
3.119,3.114,3.113,3.117,3.112,8.363,8.362,8.368,8.371,8.368,-55.686,-2071.000
3.113,3.116,3.118,3.115,3.118,8.365,8.361,8.358,8.358,8.361,-55.686,-2070.000
3.117,3.111,3.113,3.111,3.113,8.354,8.362,8.355,8.358,8.360,-56.031,-2069.000
3.114,3.110,3.112,3.113,3.113,8.354,8.358,8.359,8.360,8.354,-56.031,-2068.000
3.114,3.112,3.109,3.115,3.114,8.362,8.355,8.361,8.361,8.353,-56.107,-2067.000
3.120,3.108,3.110,3.107,3.112,8.355,8.357,8.355,8.356,8.359,-56.107,-2066.000
3.110,3.110,3.104,3.109,3.115,8.358,8.351,8.356,8.350,8.353,-55.834,-2065.000
3.110,3.110,3.111,3.118,3.112,8.361,8.360,8.357,8.360,8.354,-55.834,-2064.000
3.116,3.109,3.112,3.114,3.113,8.358,8.361,8.357,8.361,8.360,-56.516,-2063.000
3.117,3.113,3.111,3.111,3.116,8.362,8.362,8.365,8.360,8.361,-56.516,-2062.000
3.116,3.116,3.109,3.119,3.112,8.370,8.363,8.367,8.369,8.366,-56.769,-2061.000
3.119,3.115,3.116,3.112,3.113,8.366,8.365,8.365,8.365,8.366,-56.769,-2060.000
3.122,3.111,3.123,3.112,3.116,8.374,8.370,8.372,8.372,8.369,-55.779,-2059.000
3.115,3.120,3.118,3.117,3.118,8.375,8.375,8.377,8.374,8.374,-55.779,-2058.000
3.123,3.121,3.119,3.124,3.114,8.374,8.379,8.379,8.381,8.380,-55.895,-2057.000
3.122,3.120,3.121,3.122,3.126,8.385,8.381,8.384,8.379,8.384,-55.895,-2056.000
3.121,3.120,3.124,3.121,3.119,8.385,8.384,8.380,8.387,8.384,-55.274,-2055.000
3.124,3.125,3.130,3.121,3.126,8.385,8.387,8.386,8.386,8.393,-55.274,-2054.000
3.128,3.122,3.124,3.124,3.124,8.388,8.390,8.393,8.395,8.393,-53.714,-2053.000
3.120,3.125,3.127,3.123,3.123,8.395,8.393,8.394,8.393,8.396,-53.714,-2052.000
3.125,3.127,3.123,3.124,3.125,8.392,8.392,8.394,8.394,8.393,-52.899,-2051.000
3.127,3.129,3.120,3.123,3.122,8.394,8.392,8.392,8.395,8.396,-52.899,-2050.000
3.122,3.125,3.122,3.127,3.123,8.399,8.396,8.395,8.396,8.394,-52.722,-2049.000
3.129,3.123,3.123,3.121,3.131,8.400,8.398,8.396,8.394,8.397,-52.722,-2048.000
3.123,3.125,3.127,3.124,3.122,8.399,8.403,8.392,8.392,8.398,-52.850,-2047.000
3.125,3.128,3.126,3.124,3.124,8.397,8.396,8.398,8.395,8.393,-52.850,-2046.000
3.123,3.122,3.123,3.118,3.128,8.393,8.399,8.398,8.398,8.398,-53.193,-2045.000
3.126,3.127,3.122,3.118,3.125,8.398,8.394,8.391,8.399,8.396,-53.193,-2044.000
3.122,3.125,3.123,3.122,3.127,8.394,8.400,8.395,8.395,8.393,-54.521,-2043.000
3.117,3.124,3.118,3.119,3.129,8.399,8.393,8.395,8.393,8.391,-54.521,-2042.000
3.119,3.121,3.122,3.121,3.120,8.390,8.391,8.392,8.399,8.394,-54.814,-2041.000
3.122,3.119,3.126,3.126,3.122,8.393,8.393,8.388,8.389,8.390,-54.814,-2040.000
3.125,3.121,3.126,3.122,3.125,8.393,8.390,8.391,8.387,8.389,-55.290,-2039.000
3.117,3.122,3.122,3.127,3.124,8.387,8.386,8.392,8.390,8.388,-55.290,-2038.000
3.120,3.129,3.121,3.130,3.124,8.386,8.388,8.386,8.392,8.387,-55.441,-2037.000
3.118,3.122,3.114,3.118,3.118,8.385,8.385,8.386,8.386,8.384,-55.441,-2036.000
3.123,3.126,3.120,3.125,3.115,8.380,8.388,8.392,8.389,8.388,-56.046,-2035.000
3.125,3.120,3.121,3.119,3.116,8.382,8.383,8.382,8.380,8.393,-56.046,-2034.000
3.117,3.121,3.122,3.118,3.120,8.385,8.384,8.390,8.387,8.386,-56.424,-2033.000
3.119,3.120,3.122,3.120,3.117,8.388,8.387,8.389,8.383,8.383,-56.424,-2032.000
3.124,3.121,3.118,3.112,3.119,8.382,8.386,8.387,8.384,8.383,-55.492,-2031.000
3.118,3.114,3.121,3.112,3.120,8.383,8.383,8.380,8.383,8.383,-55.492,-2030.000
3.118,3.112,3.122,3.118,3.118,8.381,8.378,8.379,8.376,8.380,-55.666,-2029.000
3.119,3.121,3.111,3.117,3.108,8.377,8.376,8.378,8.373,8.377,-55.666,-2028.000
3.120,3.116,3.111,3.116,3.121,8.378,8.372,8.372,8.376,8.374,-56.417,-2027.000
3.116,3.118,3.120,3.122,3.109,8.370,8.369,8.378,8.376,8.377,-56.417,-2026.000
3.116,3.113,3.121,3.117,3.113,8.374,8.376,8.374,8.371,8.375,-55.855,-2025.000
3.117,3.122,3.113,3.114,3.111,8.375,8.378,8.375,8.375,8.374,-55.855,-2024.000
3.118,3.121,3.117,3.116,3.109,8.378,8.381,8.383,8.381,8.382,-55.325,-2023.000
3.123,3.119,3.119,3.124,3.117,8.383,8.383,8.382,8.387,8.381,-55.325,-2022.000
3.116,3.121,3.123,3.117,3.118,8.383,8.388,8.385,8.384,8.385,-55.177,-2021.000
3.120,3.120,3.118,3.126,3.121,8.388,8.382,8.386,8.391,8.387,-55.177,-2020.000
3.120,3.113,3.126,3.125,3.124,8.386,8.388,8.388,8.385,8.387,-55.963,-2019.000
3.128,3.122,3.127,3.126,3.120,8.387,8.388,8.387,8.393,8.392,-55.963,-2018.000
3.117,3.120,3.126,3.125,3.122,8.391,8.389,8.385,8.390,8.395,-56.416,-2017.000
3.121,3.119,3.125,3.125,3.120,8.391,8.393,8.393,8.395,8.393,-56.416,-2016.000
3.126,3.126,3.125,3.124,3.125,8.396,8.394,8.397,8.389,8.396,-56.255,-2015.000
3.122,3.124,3.123,3.124,3.125,8.391,8.392,8.395,8.395,8.395,-56.255,-2014.000
3.124,3.120,3.119,3.129,3.122,8.389,8.389,8.392,8.398,8.393,-55.691,-2013.000
3.122,3.120,3.125,3.126,3.128,8.391,8.389,8.393,8.392,8.390,-55.691,-2012.000
3.121,3.125,3.124,3.131,3.122,8.389,8.392,8.390,8.393,8.397,-56.100,-2011.000
3.124,3.118,3.124,3.118,3.125,8.396,8.394,8.393,8.387,8.390,-56.100,-2010.000
3.121,3.118,3.123,3.126,3.117,8.395,8.388,8.394,8.389,8.391,-56.229,-2009.000
3.120,3.124,3.121,3.125,3.126,8.392,8.391,8.391,8.390,8.395,-56.229,-2008.000
3.126,3.122,3.119,3.130,3.126,8.392,8.394,8.396,8.397,8.389,-56.042,-2007.000
3.126,3.123,3.126,3.124,3.122,8.392,8.391,8.395,8.394,8.394,-56.042,-2006.000
3.127,3.125,3.123,3.127,3.121,8.390,8.397,8.389,8.393,8.399,-56.043,-2005.000
3.131,3.123,3.127,3.119,3.125,8.397,8.394,8.392,8.393,8.397,-56.043,-2004.000
3.125,3.125,3.124,3.123,3.123,8.393,8.394,8.395,8.398,8.401,-56.303,-2003.000
3.126,3.124,3.129,3.122,3.129,8.395,8.402,8.397,8.396,8.400,-56.303,-2002.000
3.127,3.123,3.123,3.122,3.127,8.401,8.400,8.401,8.397,8.398,-55.400,-2001.000
3.130,3.122,3.128,3.130,3.126,8.402,8.405,8.403,8.402,8.401,-55.400,-2000.000
3.128,3.131,3.128,3.128,3.122,8.403,8.405,8.401,8.402,8.404,-55.639,-1999.000
3.121,3.129,3.130,3.129,3.123,8.405,8.408,8.405,8.404,8.405,-55.639,-1998.000
3.127,3.123,3.126,3.127,3.125,8.408,8.408,8.402,8.408,8.409,-56.094,-1997.000
3.129,3.125,3.131,3.129,3.128,8.406,8.402,8.401,8.412,8.409,-56.094,-1996.000
3.123,3.128,3.121,3.123,3.124,8.406,8.403,8.400,8.410,8.405,-56.143,-1995.000
3.124,3.125,3.126,3.126,3.126,8.408,8.404,8.405,8.408,8.406,-56.143,-1994.000
3.127,3.128,3.129,3.126,3.126,8.406,8.408,8.409,8.411,8.412,-55.334,-1993.000
3.126,3.134,3.131,3.125,3.122,8.410,8.407,8.405,8.408,8.406,-55.334,-1992.000
3.126,3.129,3.128,3.129,3.129,8.409,8.413,8.413,8.410,8.407,-55.221,-1991.000
3.128,3.131,3.130,3.132,3.132,8.414,8.408,8.414,8.410,8.412,-55.221,-1990.000
3.125,3.140,3.133,3.127,3.132,8.413,8.410,8.411,8.415,8.418,-55.538,-1989.000
3.131,3.126,3.136,3.123,3.133,8.414,8.414,8.407,8.416,8.415,-55.538,-1988.000
3.133,3.131,3.131,3.130,3.133,8.413,8.422,8.415,8.414,8.413,-55.652,-1987.000
3.130,3.133,3.132,3.132,3.129,8.422,8.423,8.413,8.412,8.413,-55.652,-1986.000
3.131,3.134,3.130,3.134,3.128,8.415,8.417,8.416,8.420,8.415,-55.910,-1985.000
3.131,3.132,3.131,3.133,3.130,8.417,8.415,8.420,8.416,8.417,-55.910,-1984.000
3.132,3.132,3.126,3.136,3.129,8.417,8.417,8.422,8.425,8.419,-55.999,-1983.000
3.132,3.135,3.133,3.132,3.127,8.421,8.419,8.424,8.417,8.418,-55.999,-1982.000
3.131,3.129,3.131,3.134,3.131,8.416,8.420,8.421,8.426,8.424,-55.844,-1981.000
3.136,3.133,3.127,3.131,3.135,8.420,8.425,8.427,8.431,8.424,-55.844,-1980.000
3.132,3.133,3.133,3.133,3.135,8.425,8.429,8.426,8.419,8.423,-56.262,-1979.000
3.134,3.137,3.127,3.132,3.131,8.421,8.420,8.424,8.421,8.419,-56.262,-1978.000
3.131,3.129,3.126,3.133,3.128,8.418,8.415,8.419,8.415,8.420,-56.239,-1977.000
3.124,3.123,3.126,3.126,3.131,8.409,8.409,8.415,8.410,8.407,-56.239,-1976.000
3.124,3.119,3.120,3.124,3.126,8.398,8.401,8.404,8.397,8.400,-56.261,-1975.000
3.112,3.119,3.121,3.115,3.117,8.393,8.391,8.393,8.388,8.389,-56.261,-1974.000
3.120,3.120,3.113,3.115,3.116,8.381,8.379,8.384,8.381,8.386,-56.075,-1973.000
3.121,3.114,3.112,3.113,3.115,8.376,8.375,8.376,8.376,8.377,-56.075,-1972.000
3.117,3.113,3.114,3.114,3.107,8.377,8.372,8.376,8.374,8.367,-55.877,-1971.000
3.115,3.115,3.113,3.119,3.118,8.375,8.376,8.372,8.379,8.376,-55.877,-1970.000
3.122,3.119,3.112,3.121,3.113,8.380,8.378,8.379,8.382,8.380,-55.736,-1969.000
3.123,3.118,3.120,3.121,3.125,8.393,8.389,8.388,8.393,8.390,-55.736,-1968.000
3.124,3.130,3.121,3.133,3.126,8.404,8.400,8.401,8.403,8.400,-56.110,-1967.000
3.126,3.130,3.129,3.130,3.133,8.409,8.413,8.408,8.414,8.406,-56.110,-1966.000
3.133,3.133,3.127,3.132,3.129,8.420,8.422,8.416,8.417,8.413,-55.592,-1965.000
3.132,3.132,3.127,3.134,3.129,8.413,8.413,8.417,8.415,8.412,-55.592,-1964.000
3.133,3.128,3.130,3.133,3.132,8.412,8.412,8.414,8.416,8.407,-55.665,-1963.000
3.126,3.130,3.128,3.130,3.130,8.409,8.406,8.405,8.407,8.405,-55.665,-1962.000
3.127,3.131,3.129,3.127,3.129,8.410,8.410,8.406,8.410,8.411,-55.200,-1961.000
3.122,3.127,3.130,3.132,3.130,8.406,8.405,8.413,8.407,8.411,-55.200,-1960.000
3.125,3.130,3.135,3.128,3.128,8.408,8.406,8.406,8.414,8.404,-55.056,-1959.000
3.136,3.131,3.132,3.122,3.131,8.413,8.413,8.405,8.407,8.405,-55.056,-1958.000
3.132,3.131,3.128,3.129,3.133,8.407,8.404,8.407,8.412,8.412,-55.634,-1957.000
3.128,3.130,3.128,3.126,3.127,8.407,8.411,8.407,8.403,8.409,-55.634,-1956.000
3.129,3.133,3.124,3.131,3.124,8.405,8.412,8.409,8.406,8.405,-55.566,-1955.000
3.133,3.132,3.130,3.131,3.127,8.404,8.411,8.408,8.406,8.403,-55.566,-1954.000
3.134,3.128,3.129,3.125,3.131,8.407,8.405,8.405,8.403,8.401,-55.459,-1953.000
3.123,3.134,3.121,3.128,3.127,8.403,8.409,8.397,8.406,8.402,-55.459,-1952.000
3.125,3.124,3.129,3.125,3.130,8.400,8.402,8.401,8.395,8.405,-55.862,-1951.000
3.129,3.121,3.128,3.120,3.126,8.398,8.403,8.399,8.402,8.399,-55.862,-1950.000
3.127,3.127,3.126,3.131,3.123,8.401,8.399,8.394,8.395,8.392,-55.724,-1949.000
3.125,3.123,3.126,3.129,3.124,8.393,8.397,8.399,8.398,8.399,-55.724,-1948.000
3.123,3.124,3.126,3.127,3.128,8.396,8.397,8.395,8.391,8.396,-56.336,-1947.000
3.119,3.123,3.120,3.125,3.129,8.393,8.394,8.397,8.391,8.398,-56.336,-1946.000
3.128,3.122,3.119,3.121,3.117,8.396,8.395,8.388,8.394,8.394,-57.318,-1945.000
3.122,3.124,3.117,3.120,3.124,8.392,8.396,8.393,8.395,8.397,-57.318,-1944.000
3.122,3.130,3.122,3.129,3.124,8.395,8.394,8.394,8.395,8.395,-56.774,-1943.000
3.126,3.125,3.122,3.125,3.123,8.397,8.397,8.400,8.400,8.398,-56.774,-1942.000
3.123,3.121,3.127,3.128,3.120,8.400,8.400,8.400,8.397,8.396,-56.798,-1941.000
3.128,3.118,3.124,3.125,3.127,8.400,8.405,8.402,8.400,8.407,-56.798,-1940.000
3.128,3.131,3.129,3.127,3.127,8.408,8.401,8.402,8.404,8.401,-56.451,-1939.000
3.134,3.124,3.127,3.124,3.124,8.405,8.408,8.405,8.405,8.402,-56.451,-1938.000
3.123,3.128,3.124,3.133,3.125,8.405,8.402,8.397,8.402,8.403,-55.225,-1937.000
3.124,3.127,3.125,3.127,3.133,8.404,8.398,8.403,8.400,8.398,-55.225,-1936.000
3.127,3.118,3.130,3.125,3.130,8.402,8.402,8.400,8.403,8.398,-55.750,-1935.000
3.123,3.127,3.125,3.125,3.125,8.401,8.405,8.403,8.401,8.400,-55.750,-1934.000
3.131,3.127,3.130,3.133,3.119,8.404,8.401,8.402,8.403,8.397,-54.806,-1933.000
3.132,3.125,3.123,3.131,3.125,8.405,8.407,8.401,8.405,8.401,-54.806,-1932.000
3.123,3.126,3.129,3.131,3.126,8.401,8.403,8.400,8.399,8.402,-55.406,-1931.000
3.129,3.126,3.126,3.123,3.126,8.398,8.399,8.403,8.397,8.396,-55.406,-1930.000
3.124,3.126,3.124,3.126,3.129,8.398,8.402,8.402,8.398,8.400,-55.403,-1929.000
3.124,3.123,3.129,3.129,3.121,8.394,8.397,8.395,8.394,8.396,-55.403,-1928.000
3.127,3.121,3.123,3.122,3.126,8.394,8.392,8.387,8.398,8.396,-56.124,-1927.000
3.125,3.128,3.124,3.124,3.121,8.388,8.391,8.394,8.392,8.388,-56.124,-1926.000
3.120,3.128,3.125,3.121,3.120,8.388,8.384,8.389,8.390,8.392,-55.386,-1925.000
3.123,3.117,3.124,3.116,3.123,8.381,8.380,8.381,8.374,8.383,-55.386,-1924.000
3.115,3.115,3.121,3.119,3.118,8.372,8.378,8.379,8.376,8.377,-55.266,-1923.000
3.117,3.119,3.114,3.124,3.117,8.372,8.376,8.373,8.372,8.372,-55.266,-1922.000
3.117,3.117,3.112,3.116,3.115,8.369,8.374,8.374,8.375,8.373,-55.084,-1921.000
3.112,3.113,3.114,3.117,3.119,8.373,8.369,8.367,8.366,8.375,-55.084,-1920.000
3.120,3.116,3.117,3.111,3.116,8.372,8.378,8.376,8.371,8.370,-55.467,-1919.000
3.116,3.116,3.117,3.118,3.113,8.371,8.373,8.375,8.374,8.373,-55.467,-1918.000
3.120,3.118,3.116,3.116,3.120,8.377,8.372,8.381,8.382,8.384,-55.358,-1917.000
3.114,3.121,3.120,3.121,3.122,8.380,8.385,8.383,8.381,8.380,-55.358,-1916.000
3.120,3.119,3.118,3.121,3.115,8.378,8.382,8.380,8.381,8.385,-56.004,-1915.000
3.115,3.115,3.121,3.118,3.122,8.381,8.383,8.380,8.380,8.376,-56.004,-1914.000
3.123,3.120,3.118,3.122,3.118,8.388,8.380,8.385,8.385,8.384,-56.640,-1913.000
3.126,3.129,3.125,3.119,3.122,8.387,8.380,8.383,8.386,8.384,-56.640,-1912.000
3.124,3.121,3.122,3.122,3.122,8.385,8.385,8.386,8.385,8.386,-56.120,-1911.000
3.128,3.119,3.125,3.124,3.126,8.389,8.385,8.390,8.385,8.392,-56.120,-1910.000
3.119,3.128,3.119,3.123,3.123,8.388,8.389,8.388,8.386,8.390,-55.235,-1909.000
3.118,3.123,3.125,3.124,3.126,8.389,8.392,8.389,8.389,8.395,-55.235,-1908.000
3.124,3.123,3.124,3.122,3.124,8.399,8.389,8.393,8.392,8.390,-56.041,-1907.000
3.125,3.122,3.123,3.125,3.125,8.394,8.393,8.396,8.389,8.394,-56.041,-1906.000
3.123,3.127,3.126,3.126,3.125,8.388,8.393,8.393,8.391,8.390,-56.079,-1905.000
3.125,3.122,3.126,3.126,3.122,8.387,8.390,8.391,8.388,8.390,-56.079,-1904.000
3.119,3.127,3.117,3.126,3.118,8.385,8.384,8.381,8.384,8.387,-55.852,-1903.000
3.125,3.115,3.116,3.126,3.112,8.380,8.376,8.378,8.381,8.378,-55.852,-1902.000
3.116,3.117,3.115,3.123,3.118,8.376,8.374,8.374,8.378,8.375,-55.394,-1901.000
3.121,3.117,3.116,3.119,3.116,8.371,8.372,8.370,8.374,8.374,-55.394,-1900.000
3.114,3.116,3.107,3.117,3.117,8.367,8.369,8.376,8.369,8.367,-55.422,-1899.000
3.114,3.119,3.110,3.112,3.119,8.362,8.360,8.366,8.367,8.362,-55.422,-1898.000
3.114,3.111,3.120,3.113,3.112,8.362,8.364,8.362,8.363,8.360,-55.902,-1897.000
3.111,3.119,3.112,3.114,3.122,8.365,8.361,8.360,8.363,8.363,-55.902,-1896.000
3.115,3.117,3.112,3.113,3.114,8.362,8.365,8.363,8.363,8.358,-55.187,-1895.000
3.116,3.112,3.113,3.115,3.116,8.363,8.371,8.364,8.356,8.362,-55.187,-1894.000
3.118,3.113,3.112,3.119,3.111,8.361,8.366,8.361,8.366,8.366,-56.109,-1893.000
3.119,3.115,3.117,3.113,3.120,8.356,8.365,8.357,8.359,8.360,-56.109,-1892.000
3.109,3.116,3.115,3.117,3.111,8.363,8.360,8.365,8.367,8.361,-55.350,-1891.000
3.113,3.113,3.118,3.116,3.110,8.362,8.363,8.362,8.364,8.365,-55.350,-1890.000
3.115,3.120,3.116,3.112,3.115,8.368,8.362,8.367,8.361,8.365,-55.553,-1889.000
3.115,3.119,3.119,3.120,3.117,8.359,8.365,8.359,8.364,8.366,-55.553,-1888.000
3.124,3.121,3.117,3.114,3.112,8.363,8.364,8.360,8.364,8.361,-55.430,-1887.000
3.115,3.114,3.114,3.110,3.114,8.367,8.362,8.364,8.362,8.362,-55.430,-1886.000
3.113,3.112,3.114,3.117,3.115,8.363,8.362,8.361,8.364,8.363,-55.445,-1885.000
3.111,3.121,3.114,3.118,3.114,8.365,8.362,8.367,8.368,8.363,-55.445,-1884.000
3.112,3.107,3.109,3.114,3.108,8.362,8.363,8.362,8.362,8.361,-55.315,-1883.000
3.114,3.109,3.115,3.115,3.114,8.364,8.363,8.364,8.356,8.361,-55.315,-1882.000
3.106,3.110,3.117,3.114,3.108,8.359,8.353,8.358,8.357,8.356,-55.263,-1881.000
3.119,3.113,3.112,3.111,3.110,8.359,8.351,8.357,8.358,8.356,-55.263,-1880.000
3.109,3.107,3.108,3.108,3.110,8.354,8.348,8.351,8.351,8.342,-55.510,-1879.000
3.104,3.104,3.104,3.108,3.107,8.344,8.347,8.348,8.345,8.351,-55.510,-1878.000
3.112,3.110,3.110,3.107,3.104,8.344,8.348,8.342,8.343,8.348,-55.370,-1877.000
3.106,3.101,3.104,3.109,3.107,8.346,8.349,8.347,8.346,8.350,-55.370,-1876.000
3.109,3.106,3.106,3.106,3.110,8.348,8.347,8.346,8.349,8.348,-55.339,-1875.000
3.109,3.106,3.106,3.109,3.102,8.345,8.346,8.342,8.343,8.348,-55.339,-1874.000
3.107,3.102,3.106,3.108,3.104,8.348,8.349,8.342,8.340,8.342,-56.295,-1873.000
3.105,3.109,3.105,3.104,3.104,8.348,8.346,8.349,8.345,8.346,-56.295,-1872.000
3.111,3.108,3.111,3.106,3.109,8.343,8.347,8.341,8.351,8.349,-56.475,-1871.000
3.106,3.104,3.105,3.106,3.109,8.340,8.351,8.347,8.349,8.347,-56.475,-1870.000
3.111,3.111,3.103,3.103,3.111,8.345,8.345,8.345,8.348,8.347,-56.956,-1869.000
3.105,3.103,3.111,3.110,3.113,8.350,8.350,8.350,8.351,8.343,-56.956,-1868.000
3.113,3.112,3.105,3.109,3.107,8.344,8.349,8.349,8.350,8.353,-56.915,-1867.000
3.106,3.106,3.107,3.106,3.109,8.351,8.351,8.351,8.350,8.348,-56.915,-1866.000
3.115,3.107,3.108,3.108,3.109,8.354,8.350,8.349,8.346,8.351,-56.798,-1865.000
3.110,3.108,3.106,3.111,3.106,8.353,8.351,8.353,8.353,8.352,-56.798,-1864.000
3.107,3.111,3.114,3.115,3.110,8.359,8.356,8.354,8.356,8.362,-56.529,-1863.000
3.114,3.108,3.109,3.110,3.111,8.359,8.363,8.359,8.365,8.362,-56.529,-1862.000
3.114,3.114,3.114,3.115,3.115,8.360,8.359,8.360,8.357,8.355,-55.371,-1861.000
3.112,3.107,3.118,3.109,3.106,8.364,8.363,8.359,8.365,8.364,-55.371,-1860.000
3.115,3.118,3.117,3.112,3.115,8.363,8.368,8.366,8.369,8.364,-55.432,-1859.000
3.111,3.116,3.119,3.115,3.112,8.366,8.367,8.367,8.365,8.368,-55.432,-1858.000
3.111,3.117,3.110,3.114,3.118,8.363,8.364,8.368,8.366,8.365,-56.386,-1857.000
3.117,3.117,3.117,3.111,3.114,8.369,8.367,8.370,8.365,8.363,-56.386,-1856.000
3.113,3.123,3.115,3.115,3.111,8.368,8.363,8.364,8.361,8.369,-55.744,-1855.000
3.115,3.114,3.111,3.113,3.114,8.367,8.373,8.370,8.369,8.369,-55.744,-1854.000
3.116,3.116,3.115,3.122,3.118,8.369,8.367,8.368,8.367,8.370,-55.853,-1853.000
3.113,3.115,3.116,3.115,3.113,8.369,8.372,8.367,8.370,8.366,-55.853,-1852.000
3.118,3.118,3.114,3.118,3.112,8.374,8.373,8.367,8.374,8.375,-55.641,-1851.000
3.122,3.120,3.117,3.120,3.114,8.375,8.373,8.370,8.375,8.369,-55.641,-1850.000
3.123,3.115,3.110,3.119,3.115,8.375,8.372,8.379,8.377,8.374,-56.048,-1849.000
3.117,3.122,3.122,3.116,3.116,8.373,8.371,8.374,8.375,8.377,-56.048,-1848.000
3.117,3.119,3.118,3.114,3.118,8.373,8.375,8.379,8.375,8.382,-55.529,-1847.000
3.118,3.118,3.118,3.119,3.120,8.374,8.372,8.371,8.375,8.371,-55.529,-1846.000
3.118,3.114,3.120,3.115,3.122,8.374,8.376,8.376,8.374,8.373,-54.984,-1845.000
3.114,3.119,3.115,3.117,3.117,8.378,8.373,8.377,8.375,8.374,-54.984,-1844.000
3.115,3.121,3.115,3.111,3.117,8.378,8.370,8.372,8.372,8.372,-55.163,-1843.000
3.121,3.118,3.119,3.115,3.114,8.374,8.371,8.368,8.368,8.371,-55.163,-1842.000
3.111,3.116,3.112,3.114,3.112,8.373,8.368,8.376,8.370,8.372,-55.316,-1841.000
3.114,3.115,3.112,3.105,3.120,8.363,8.368,8.365,8.365,8.367,-55.316,-1840.000
3.112,3.112,3.112,3.122,3.121,8.366,8.366,8.370,8.361,8.368,-55.011,-1839.000
3.116,3.117,3.119,3.113,3.113,8.364,8.366,8.363,8.364,8.367,-55.011,-1838.000
3.109,3.115,3.119,3.117,3.119,8.366,8.367,8.368,8.370,8.365,-55.391,-1837.000
3.116,3.120,3.117,3.113,3.113,8.376,8.376,8.376,8.375,8.373,-55.391,-1836.000
3.120,3.115,3.117,3.115,3.119,8.380,8.380,8.381,8.377,8.383,-55.633,-1835.000
3.126,3.121,3.127,3.121,3.126,8.384,8.387,8.380,8.388,8.391,-55.633,-1834.000
3.124,3.127,3.127,3.123,3.127,8.395,8.401,8.393,8.396,8.394,-55.126,-1833.000
3.122,3.126,3.128,3.124,3.122,8.398,8.399,8.397,8.398,8.396,-55.126,-1832.000
3.130,3.131,3.127,3.129,3.129,8.401,8.400,8.399,8.401,8.402,-55.451,-1831.000
3.133,3.132,3.124,3.130,3.128,8.408,8.407,8.404,8.401,8.405,-55.451,-1830.000
3.128,3.126,3.131,3.122,3.134,8.408,8.408,8.405,8.406,8.404,-55.045,-1829.000
3.131,3.131,3.131,3.129,3.132,8.413,8.409,8.406,8.402,8.402,-55.045,-1828.000
3.136,3.128,3.131,3.130,3.134,8.409,8.408,8.405,8.411,8.406,-54.883,-1827.000
3.129,3.132,3.134,3.130,3.132,8.407,8.409,8.408,8.412,8.415,-54.883,-1826.000
3.131,3.131,3.137,3.130,3.137,8.409,8.413,8.414,8.416,8.419,-55.926,-1825.000
3.135,3.134,3.132,3.135,3.132,8.415,8.414,8.415,8.413,8.419,-55.926,-1824.000
3.134,3.134,3.134,3.135,3.135,8.416,8.414,8.412,8.416,8.417,-55.866,-1823.000
3.127,3.128,3.123,3.137,3.133,8.408,8.412,8.415,8.408,8.416,-55.866,-1822.000
3.132,3.129,3.131,3.137,3.128,8.413,8.411,8.405,8.408,8.403,-55.948,-1821.000
3.124,3.135,3.126,3.127,3.130,8.403,8.398,8.401,8.401,8.400,-55.948,-1820.000
3.128,3.127,3.132,3.128,3.125,8.397,8.394,8.395,8.390,8.398,-55.699,-1819.000
3.122,3.134,3.122,3.121,3.125,8.390,8.388,8.388,8.387,8.387,-55.699,-1818.000
3.120,3.129,3.125,3.121,3.121,8.387,8.382,8.384,8.383,8.387,-56.013,-1817.000
3.121,3.124,3.119,3.123,3.118,8.379,8.375,8.383,8.378,8.385,-56.013,-1816.000
3.121,3.119,3.117,3.120,3.116,8.377,8.381,8.379,8.377,8.379,-55.765,-1815.000
3.118,3.119,3.119,3.119,3.116,8.377,8.383,8.383,8.379,8.384,-55.765,-1814.000
3.120,3.120,3.122,3.122,3.124,8.386,8.377,8.382,8.378,8.382,-56.225,-1813.000
3.122,3.123,3.126,3.123,3.123,8.381,8.385,8.384,8.380,8.385,-56.225,-1812.000
3.124,3.126,3.125,3.121,3.124,8.386,8.387,8.384,8.387,8.381,-56.040,-1811.000
3.127,3.120,3.124,3.128,3.128,8.396,8.398,8.402,8.389,8.393,-56.040,-1810.000
3.126,3.129,3.125,3.131,3.128,8.398,8.391,8.397,8.400,8.398,-55.762,-1809.000
3.131,3.129,3.125,3.127,3.127,8.400,8.397,8.399,8.397,8.399,-55.762,-1808.000
3.130,3.125,3.125,3.126,3.124,8.400,8.390,8.388,8.395,8.394,-55.691,-1807.000
3.124,3.127,3.122,3.126,3.126,8.388,8.386,8.385,8.389,8.388,-55.691,-1806.000
3.120,3.123,3.126,3.126,3.117,8.386,8.386,8.378,8.380,8.375,-55.314,-1805.000
3.118,3.120,3.115,3.113,3.113,8.366,8.372,8.370,8.374,8.368,-55.314,-1804.000
3.118,3.116,3.113,3.121,3.112,8.367,8.367,8.370,8.365,8.363,-55.472,-1803.000
3.109,3.112,3.112,3.111,3.115,8.359,8.362,8.364,8.358,8.361,-56.291,-1802.000
3.113,3.104,3.109,3.110,3.110,8.352,8.354,8.348,8.354,8.356,-56.291,-1801.000
3.110,3.107,3.105,3.112,3.106,8.349,8.352,8.356,8.348,8.347,-55.675,-1800.000
3.113,3.105,3.106,3.110,3.112,8.342,8.348,8.348,8.345,8.348,-55.675,-1799.000
3.109,3.108,3.104,3.107,3.103,8.345,8.344,8.339,8.339,8.345,-55.675,-1798.000
3.109,3.106,3.105,3.104,3.104,8.340,8.345,8.344,8.346,8.345,-55.162,-1797.000
3.103,3.108,3.107,3.109,3.110,8.342,8.343,8.349,8.351,8.343,-55.162,-1796.000
3.108,3.107,3.109,3.105,3.105,8.345,8.344,8.346,8.349,8.350,-55.162,-1795.000
3.111,3.107,3.112,3.106,3.113,8.352,8.351,8.349,8.350,8.346,-56.519,-1794.000
3.110,3.114,3.103,3.110,3.114,8.356,8.356,8.358,8.356,8.356,-56.519,-1793.000
3.113,3.110,3.114,3.115,3.118,8.359,8.362,8.362,8.362,8.366,-56.411,-1792.000
3.114,3.118,3.126,3.118,3.117,8.374,8.373,8.377,8.375,8.380,-56.411,-1791.000
3.123,3.126,3.116,3.123,3.117,8.384,8.384,8.377,8.386,8.385,-56.277,-1790.000
3.119,3.120,3.123,3.121,3.125,8.382,8.388,8.383,8.389,8.390,-56.277,-1789.000
3.122,3.124,3.123,3.121,3.122,8.380,8.385,8.383,8.387,8.387,-55.687,-1788.000
3.125,3.114,3.122,3.120,3.120,8.378,8.376,8.372,8.375,8.375,-55.687,-1787.000
3.115,3.111,3.113,3.117,3.116,8.368,8.366,8.361,8.364,8.365,-55.849,-1786.000
3.111,3.119,3.115,3.112,3.109,8.357,8.354,8.356,8.353,8.352,-55.849,-1785.000
3.112,3.118,3.112,3.111,3.111,8.347,8.351,8.351,8.348,8.349,-55.962,-1784.000
3.108,3.109,3.106,3.105,3.106,8.342,8.348,8.349,8.338,8.345,-55.962,-1783.000
3.105,3.105,3.105,3.099,3.108,8.340,8.336,8.335,8.335,8.331,-55.415,-1782.000
3.103,3.097,3.102,3.102,3.103,8.330,8.329,8.331,8.331,8.330,-55.415,-1781.000
3.103,3.099,3.099,3.098,3.097,8.328,8.329,8.330,8.328,8.328,-56.030,-1780.000
3.104,3.099,3.099,3.104,3.099,8.324,8.328,8.324,8.321,8.321,-56.030,-1779.000
3.102,3.094,3.104,3.102,3.099,8.324,8.325,8.317,8.327,8.321,-55.095,-1778.000
3.102,3.099,3.102,3.106,3.099,8.324,8.323,8.320,8.326,8.323,-55.095,-1777.000
3.107,3.097,3.104,3.097,3.107,8.323,8.324,8.329,8.324,8.322,-55.060,-1776.000
3.096,3.105,3.095,3.102,3.100,8.323,8.322,8.324,8.321,8.320,-55.060,-1775.000
3.102,3.101,3.104,3.097,3.104,8.331,8.329,8.323,8.328,8.327,-55.030,-1774.000
3.106,3.110,3.101,3.096,3.100,8.325,8.324,8.326,8.324,8.327,-55.030,-1773.000
3.105,3.102,3.102,3.106,3.108,8.329,8.330,8.333,8.331,8.331,-54.207,-1772.000
3.102,3.106,3.106,3.105,3.104,8.325,8.326,8.332,8.334,8.337,-54.207,-1771.000
3.100,3.101,3.103,3.105,3.106,8.336,8.329,8.336,8.331,8.335,-54.484,-1770.000
3.107,3.103,3.101,3.106,3.109,8.333,8.334,8.330,8.335,8.333,-54.484,-1769.000
3.095,3.106,3.105,3.104,3.100,8.340,8.337,8.339,8.336,8.338,-54.776,-1768.000
3.106,3.106,3.109,3.106,3.109,8.339,8.338,8.338,8.340,8.340,-54.776,-1767.000
3.109,3.105,3.107,3.109,3.102,8.340,8.342,8.341,8.346,8.342,-53.601,-1766.000
3.101,3.107,3.108,3.106,3.109,8.338,8.342,8.336,8.337,8.338,-53.601,-1765.000
3.107,3.101,3.107,3.102,3.106,8.335,8.336,8.333,8.336,8.340,-53.285,-1764.000
3.098,3.102,3.111,3.103,3.098,8.330,8.332,8.327,8.330,8.330,-53.285,-1763.000
3.099,3.100,3.099,3.105,3.107,8.326,8.331,8.327,8.329,8.322,-53.303,-1762.000
3.101,3.100,3.097,3.103,3.097,8.321,8.320,8.322,8.330,8.325,-53.303,-1761.000
3.094,3.103,3.103,3.098,3.097,8.315,8.310,8.318,8.317,8.316,-53.275,-1760.000
3.101,3.095,3.097,3.097,3.100,8.318,8.318,8.323,8.319,8.316,-53.275,-1759.000
3.101,3.101,3.101,3.096,3.100,8.322,8.320,8.316,8.320,8.315,-53.183,-1758.000
3.099,3.098,3.101,3.099,3.099,8.321,8.318,8.318,8.311,8.314,-53.183,-1757.000
3.099,3.094,3.101,3.094,3.099,8.313,8.304,8.311,8.311,8.310,-54.538,-1756.000
3.087,3.093,3.093,3.094,3.095,8.298,8.301,8.299,8.296,8.305,-54.538,-1755.000
3.091,3.090,3.088,3.088,3.092,8.293,8.290,8.292,8.292,8.292,-54.176,-1754.000
3.087,3.084,3.088,3.078,3.086,8.274,8.276,8.273,8.272,8.277,-54.176,-1753.000
3.078,3.085,3.087,3.078,3.083,8.269,8.267,8.267,8.268,8.268,-55.054,-1752.000
3.077,3.077,3.079,3.076,3.081,8.254,8.255,8.255,8.255,8.261,-55.054,-1751.000
3.080,3.073,3.077,3.069,3.078,8.256,8.251,8.253,8.255,8.260,-55.164,-1750.000
3.079,3.077,3.079,3.077,3.076,8.257,8.260,8.256,8.258,8.266,-55.164,-1749.000
3.078,3.088,3.079,3.084,3.077,8.259,8.258,8.262,8.259,8.262,-54.916,-1748.000
3.084,3.085,3.080,3.079,3.077,8.263,8.271,8.265,8.261,8.264,-54.916,-1747.000
3.083,3.082,3.078,3.078,3.083,8.260,8.264,8.267,8.271,8.267,-55.397,-1746.000
3.078,3.083,3.081,3.079,3.074,8.264,8.262,8.263,8.263,8.259,-55.397,-1745.000
3.081,3.082,3.075,3.079,3.072,8.258,8.259,8.255,8.256,8.258,-55.570,-1744.000
3.079,3.072,3.076,3.080,3.073,8.258,8.256,8.258,8.253,8.261,-55.570,-1743.000
3.074,3.075,3.071,3.074,3.075,8.254,8.254,8.254,8.255,8.254,-55.746,-1742.000
3.074,3.070,3.079,3.076,3.081,8.256,8.253,8.256,8.252,8.251,-55.746,-1741.000
3.073,3.075,3.076,3.077,3.075,8.257,8.253,8.258,8.256,8.258,-55.241,-1740.000
3.077,3.078,3.076,3.080,3.076,8.253,8.255,8.261,8.255,8.261,-55.241,-1739.000
3.077,3.078,3.080,3.077,3.075,8.261,8.256,8.265,8.266,8.267,-55.013,-1738.000
3.077,3.080,3.080,3.079,3.078,8.264,8.270,8.265,8.268,8.268,-55.013,-1737.000
3.078,3.086,3.081,3.080,3.082,8.266,8.267,8.269,8.268,8.268,-55.556,-1736.000
3.078,3.087,3.086,3.081,3.076,8.270,8.272,8.274,8.271,8.272,-55.556,-1735.000
3.082,3.082,3.087,3.083,3.084,8.282,8.280,8.281,8.280,8.281,-55.993,-1734.000
3.087,3.084,3.090,3.090,3.089,8.294,8.291,8.289,8.292,8.295,-55.993,-1733.000
3.094,3.095,3.092,3.092,3.094,8.308,8.307,8.299,8.304,8.304,-55.426,-1732.000
3.099,3.096,3.096,3.094,3.095,8.309,8.310,8.308,8.310,8.309,-55.426,-1731.000
3.090,3.095,3.097,3.093,3.092,8.310,8.308,8.305,8.309,8.307,-55.547,-1730.000
3.095,3.092,3.094,3.091,3.097,8.295,8.300,8.301,8.304,8.305,-55.547,-1729.000
3.093,3.091,3.088,3.091,3.090,8.294,8.297,8.298,8.295,8.301,-55.808,-1728.000
3.089,3.086,3.088,3.084,3.087,8.292,8.288,8.289,8.288,8.285,-55.808,-1727.000
3.084,3.085,3.080,3.080,3.083,8.285,8.282,8.282,8.286,8.280,-55.553,-1726.000
3.087,3.080,3.076,3.087,3.081,8.277,8.283,8.281,8.282,8.288,-55.553,-1725.000
3.089,3.085,3.092,3.092,3.087,8.292,8.291,8.285,8.290,8.288,-54.605,-1724.000
3.094,3.082,3.090,3.094,3.088,8.293,8.299,8.300,8.296,8.296,-54.605,-1723.000
3.091,3.101,3.096,3.093,3.091,8.305,8.309,8.308,8.305,8.311,-55.223,-1722.000
3.093,3.091,3.100,3.093,3.095,8.309,8.315,8.307,8.312,8.311,-55.223,-1721.000
3.087,3.095,3.096,3.099,3.098,8.311,8.306,8.307,8.309,8.311,-55.319,-1720.000
3.092,3.093,3.095,3.092,3.096,8.310,8.305,8.307,8.310,8.311,-55.319,-1719.000
3.094,3.095,3.099,3.097,3.087,8.313,8.306,8.309,8.307,8.308,-55.823,-1718.000
3.093,3.096,3.092,3.094,3.094,8.304,8.306,8.306,8.298,8.302,-55.823,-1717.000
3.094,3.094,3.092,3.092,3.089,8.304,8.299,8.302,8.299,8.299,-55.368,-1716.000
3.092,3.090,3.088,3.086,3.088,8.298,8.299,8.298,8.300,8.300,-55.368,-1715.000
3.086,3.090,3.086,3.081,3.089,8.290,8.290,8.290,8.288,8.290,-55.360,-1714.000
3.085,3.081,3.086,3.084,3.088,8.286,8.278,8.285,8.283,8.282,-55.360,-1713.000
3.081,3.083,3.082,3.089,3.087,8.280,8.281,8.277,8.278,8.282,-55.819,-1712.000
3.091,3.086,3.084,3.085,3.086,8.284,8.287,8.285,8.281,8.285,-55.819,-1711.000
3.089,3.086,3.092,3.092,3.085,8.293,8.296,8.294,8.294,8.298,-55.764,-1710.000
3.094,3.090,3.097,3.095,3.086,8.302,8.308,8.305,8.308,8.304,-55.764,-1709.000
3.091,3.099,3.095,3.095,3.098,8.319,8.313,8.313,8.316,8.319,-55.841,-1708.000
3.102,3.102,3.107,3.100,3.104,8.342,8.336,8.332,8.334,8.335,-55.841,-1707.000
3.105,3.105,3.112,3.105,3.111,8.340,8.344,8.342,8.344,8.346,-55.257,-1706.000
3.108,3.107,3.108,3.110,3.107,8.359,8.359,8.356,8.351,8.357,-55.257,-1705.000
3.111,3.109,3.112,3.107,3.114,8.356,8.349,8.344,8.354,8.349,-54.752,-1704.000
3.112,3.108,3.110,3.105,3.109,8.354,8.352,8.346,8.346,8.350,-54.752,-1703.000
3.107,3.109,3.104,3.109,3.108,8.346,8.345,8.349,8.347,8.350,-54.207,-1702.000
3.101,3.112,3.103,3.103,3.102,8.346,8.349,8.350,8.347,8.345,-54.207,-1701.000
3.102,3.108,3.104,3.103,3.110,8.339,8.344,8.346,8.346,8.343,-55.353,-1700.000
3.099,3.105,3.102,3.099,3.098,8.337,8.334,8.338,8.343,8.342,-55.353,-1699.000
3.101,3.103,3.094,3.108,3.097,8.333,8.331,8.332,8.338,8.328,-54.539,-1698.000
3.095,3.099,3.098,3.098,3.097,8.321,8.326,8.325,8.326,8.330,-54.539,-1697.000
3.099,3.104,3.101,3.102,3.101,8.325,8.326,8.322,8.324,8.321,-53.698,-1696.000
3.101,3.104,3.103,3.102,3.098,8.322,8.317,8.315,8.317,8.322,-53.698,-1695.000
3.102,3.093,3.098,3.093,3.101,8.316,8.315,8.313,8.318,8.319,-53.233,-1694.000
3.095,3.096,3.099,3.097,3.094,8.315,8.316,8.311,8.313,8.316,-53.233,-1693.000
3.093,3.095,3.102,3.096,3.093,8.316,8.318,8.313,8.311,8.313,-52.427,-1692.000
3.100,3.089,3.105,3.101,3.094,8.314,8.315,8.319,8.316,8.322,-52.427,-1691.000
3.102,3.100,3.100,3.096,3.097,8.320,8.319,8.317,8.321,8.316,-52.888,-1690.000
3.095,3.091,3.099,3.098,3.094,8.317,8.318,8.317,8.314,8.314,-52.888,-1689.000
3.095,3.095,3.092,3.094,3.096,8.311,8.315,8.313,8.311,8.308,-53.124,-1688.000
3.100,3.097,3.096,3.092,3.097,8.312,8.305,8.300,8.308,8.304,-53.124,-1687.000
3.089,3.093,3.091,3.091,3.090,8.300,8.303,8.294,8.299,8.301,-54.330,-1686.000
3.092,3.093,3.095,3.090,3.096,8.302,8.306,8.299,8.299,8.306,-54.330,-1685.000
3.091,3.091,3.091,3.090,3.095,8.303,8.302,8.301,8.308,8.308,-54.863,-1684.000
3.097,3.097,3.094,3.099,3.099,8.316,8.313,8.320,8.317,8.311,-54.863,-1683.000
3.100,3.097,3.100,3.101,3.099,8.322,8.326,8.319,8.321,8.326,-54.812,-1682.000
3.100,3.102,3.103,3.102,3.099,8.327,8.334,8.339,8.335,8.337,-54.812,-1681.000
3.100,3.099,3.106,3.104,3.101,8.339,8.341,8.337,8.338,8.334,-54.906,-1680.000
3.102,3.107,3.098,3.103,3.103,8.336,8.328,8.333,8.337,8.332,-54.906,-1679.000
3.101,3.103,3.102,3.100,3.102,8.323,8.330,8.328,8.323,8.328,-55.131,-1678.000
3.094,3.096,3.091,3.096,3.095,8.315,8.314,8.315,8.316,8.313,-55.131,-1677.000
3.084,3.089,3.090,3.093,3.093,8.303,8.301,8.301,8.303,8.298,-54.990,-1676.000
3.087,3.093,3.086,3.085,3.089,8.293,8.294,8.296,8.291,8.299,-54.990,-1675.000
3.084,3.082,3.081,3.081,3.088,8.281,8.286,8.283,8.285,8.284,-54.172,-1674.000
3.079,3.072,3.083,3.079,3.081,8.271,8.278,8.275,8.271,8.275,-54.172,-1673.000
3.075,3.078,3.076,3.078,3.073,8.271,8.265,8.264,8.269,8.264,-53.754,-1672.000
3.075,3.071,3.070,3.067,3.074,8.248,8.247,8.247,8.248,8.248,-53.754,-1671.000
3.062,3.069,3.069,3.060,3.065,8.237,8.239,8.236,8.230,8.235,-54.450,-1670.000
3.064,3.065,3.058,3.061,3.061,8.227,8.225,8.224,8.224,8.220,-54.450,-1669.000
3.060,3.058,3.057,3.054,3.058,8.215,8.214,8.217,8.215,8.214,-54.342,-1668.000
3.056,3.058,3.053,3.060,3.058,8.212,8.210,8.211,8.208,8.206,-54.342,-1667.000
3.054,3.053,3.057,3.062,3.057,8.207,8.210,8.213,8.212,8.213,-54.871,-1666.000
3.054,3.064,3.055,3.057,3.063,8.208,8.210,8.212,8.214,8.210,-54.871,-1665.000
3.059,3.061,3.057,3.060,3.056,8.211,8.219,8.214,8.209,8.216,-54.892,-1664.000
3.063,3.052,3.058,3.062,3.057,8.217,8.215,8.218,8.218,8.216,-54.892,-1663.000
3.060,3.065,3.055,3.059,3.058,8.218,8.221,8.216,8.220,8.221,-55.705,-1662.000
3.060,3.066,3.062,3.067,3.066,8.218,8.223,8.224,8.226,8.227,-55.705,-1661.000
3.060,3.073,3.066,3.067,3.066,8.232,8.228,8.227,8.231,8.230,-54.691,-1660.000
3.076,3.063,3.069,3.075,3.070,8.245,8.247,8.243,8.244,8.246,-54.691,-1659.000
3.076,3.074,3.075,3.075,3.079,8.259,8.261,8.262,8.266,8.260,-54.389,-1658.000
3.087,3.087,3.084,3.085,3.091,8.285,8.283,8.285,8.280,8.279,-54.389,-1657.000
3.091,3.092,3.088,3.096,3.090,8.297,8.301,8.295,8.296,8.295,-54.172,-1656.000
3.092,3.092,3.100,3.095,3.090,8.301,8.302,8.307,8.302,8.302,-54.172,-1655.000
3.091,3.094,3.091,3.092,3.096,8.310,8.308,8.305,8.302,8.303,-53.656,-1654.000
3.092,3.101,3.089,3.088,3.093,8.309,8.309,8.301,8.303,8.306,-53.656,-1653.000
3.093,3.093,3.098,3.089,3.093,8.308,8.308,8.304,8.309,8.312,-54.443,-1652.000
3.097,3.100,3.092,3.097,3.093,8.307,8.307,8.303,8.310,8.310,-54.443,-1651.000
3.093,3.093,3.092,3.094,3.092,8.305,8.301,8.301,8.305,8.303,-54.922,-1650.000
3.089,3.092,3.089,3.094,3.088,8.295,8.300,8.301,8.297,8.300,-54.922,-1649.000
3.088,3.089,3.093,3.084,3.087,8.290,8.290,8.296,8.289,8.299,-55.180,-1648.000
3.086,3.089,3.087,3.088,3.084,8.289,8.291,8.288,8.291,8.288,-55.180,-1647.000
3.089,3.087,3.086,3.085,3.092,8.285,8.286,8.286,8.286,8.288,-54.590,-1646.000
3.089,3.083,3.084,3.091,3.091,8.282,8.287,8.280,8.280,8.283,-54.590,-1645.000
3.081,3.083,3.088,3.083,3.081,8.275,8.275,8.278,8.276,8.280,-54.939,-1644.000
3.084,3.079,3.084,3.086,3.078,8.265,8.267,8.270,8.267,8.269,-54.939,-1643.000
3.080,3.079,3.079,3.080,3.084,8.271,8.268,8.265,8.269,8.268,-55.480,-1642.000
3.080,3.079,3.079,3.076,3.082,8.260,8.260,8.258,8.262,8.261,-55.480,-1641.000
3.080,3.076,3.080,3.085,3.079,8.261,8.259,8.266,8.263,8.264,-54.319,-1640.000
3.081,3.077,3.086,3.078,3.083,8.263,8.274,8.270,8.267,8.269,-54.319,-1639.000
3.084,3.082,3.084,3.083,3.086,8.272,8.270,8.270,8.278,8.271,-53.891,-1638.000
3.078,3.082,3.086,3.088,3.082,8.276,8.274,8.279,8.276,8.276,-53.891,-1637.000
3.082,3.078,3.079,3.077,3.081,8.273,8.275,8.276,8.271,8.270,-54.409,-1636.000
3.075,3.076,3.079,3.075,3.082,8.262,8.263,8.264,8.265,8.268,-54.409,-1635.000
3.072,3.077,3.083,3.076,3.076,8.264,8.265,8.263,8.265,8.262,-54.470,-1634.000
3.075,3.074,3.070,3.076,3.072,8.260,8.254,8.255,8.253,8.258,-54.470,-1633.000
3.071,3.072,3.075,3.076,3.076,8.254,8.260,8.256,8.259,8.257,-54.833,-1632.000
3.078,3.074,3.074,3.077,3.078,8.260,8.265,8.263,8.261,8.266,-54.833,-1631.000
3.077,3.083,3.071,3.078,3.078,8.263,8.267,8.269,8.272,8.267,-55.190,-1630.000
3.082,3.076,3.079,3.081,3.078,8.270,8.266,8.263,8.265,8.266,-55.190,-1629.000
3.077,3.071,3.078,3.079,3.079,8.262,8.265,8.261,8.258,8.265,-54.951,-1628.000
3.074,3.072,3.073,3.080,3.078,8.257,8.257,8.259,8.263,8.259,-54.951,-1627.000
3.079,3.075,3.072,3.075,3.077,8.255,8.249,8.255,8.250,8.250,-54.822,-1626.000
3.070,3.070,3.071,3.073,3.069,8.252,8.248,8.251,8.247,8.246,-54.822,-1625.000
3.077,3.072,3.077,3.070,3.071,8.245,8.244,8.243,8.248,8.250,-54.725,-1624.000
3.072,3.075,3.069,3.073,3.071,8.253,8.251,8.250,8.254,8.254,-54.725,-1623.000
3.076,3.066,3.061,3.068,3.067,8.247,8.247,8.246,8.250,8.240,-54.050,-1622.000
3.063,3.064,3.065,3.069,3.070,8.239,8.234,8.233,8.238,8.240,-54.050,-1621.000
3.056,3.059,3.064,3.062,3.062,8.227,8.218,8.223,8.223,8.221,-54.254,-1620.000
3.061,3.054,3.056,3.053,3.056,8.213,8.209,8.216,8.210,8.207,-54.254,-1619.000
3.061,3.049,3.052,3.055,3.060,8.210,8.211,8.212,8.206,8.214,-54.529,-1618.000
3.053,3.055,3.058,3.059,3.058,8.217,8.210,8.213,8.213,8.212,-54.529,-1617.000
3.058,3.062,3.061,3.059,3.056,8.218,8.208,8.216,8.217,8.218,-54.206,-1616.000
3.058,3.054,3.060,3.058,3.058,8.217,8.222,8.223,8.224,8.218,-54.206,-1615.000
3.060,3.062,3.059,3.061,3.061,8.232,8.228,8.232,8.223,8.226,-54.451,-1614.000
3.071,3.069,3.071,3.069,3.071,8.242,8.242,8.240,8.239,8.243,-54.451,-1613.000
3.075,3.068,3.068,3.071,3.070,8.256,8.255,8.252,8.249,8.255,-54.316,-1612.000
3.074,3.072,3.071,3.077,3.079,8.269,8.265,8.265,8.270,8.269,-54.316,-1611.000
3.078,3.079,3.083,3.076,3.073,8.272,8.271,8.271,8.276,8.275,-54.299,-1610.000
3.079,3.080,3.079,3.078,3.075,8.273,8.276,8.267,8.278,8.269,-54.299,-1609.000
3.074,3.077,3.079,3.077,3.077,8.267,8.267,8.272,8.270,8.268,-54.299,-1608.000
3.078,3.076,3.081,3.077,3.074,8.270,8.268,8.267,8.273,8.267,-54.222,-1607.000
3.080,3.083,3.076,3.074,3.087,8.277,8.272,8.271,8.273,8.278,-54.222,-1606.000
3.083,3.080,3.087,3.087,3.082,8.280,8.281,8.279,8.282,8.281,-54.191,-1605.000
3.088,3.085,3.089,3.086,3.088,8.292,8.296,8.291,8.294,8.289,-54.191,-1604.000
3.090,3.090,3.085,3.089,3.086,8.298,8.295,8.302,8.300,8.305,-55.504,-1603.000
3.092,3.095,3.096,3.092,3.097,8.310,8.308,8.313,8.310,8.309,-55.504,-1602.000
3.095,3.094,3.095,3.099,3.098,8.316,8.315,8.309,8.308,8.315,-55.504,-1601.000
3.093,3.091,3.096,3.092,3.087,8.304,8.303,8.301,8.303,8.303,-54.588,-1600.000
3.083,3.091,3.087,3.088,3.083,8.286,8.284,8.287,8.286,8.282,-54.588,-1599.000
3.082,3.081,3.079,3.082,3.074,8.273,8.270,8.271,8.269,8.271,-54.588,-1598.000
3.082,3.077,3.077,3.074,3.078,8.260,8.261,8.264,8.260,8.255,-53.827,-1597.000
3.080,3.062,3.069,3.071,3.066,8.244,8.239,8.243,8.241,8.244,-53.827,-1596.000
3.064,3.070,3.070,3.072,3.060,8.242,8.233,8.239,8.231,8.231,-54.033,-1595.000
3.057,3.059,3.062,3.061,3.062,8.222,8.224,8.222,8.225,8.221,-54.033,-1594.000
3.055,3.061,3.057,3.057,3.061,8.213,8.215,8.214,8.215,8.215,-54.624,-1593.000
3.061,3.059,3.060,3.055,3.060,8.215,8.215,8.214,8.215,8.216,-54.624,-1592.000
3.058,3.063,3.065,3.062,3.064,8.228,8.227,8.224,8.224,8.225,-55.356,-1591.000
3.073,3.072,3.075,3.075,3.074,8.249,8.248,8.251,8.251,8.253,-55.356,-1590.000
3.077,3.078,3.075,3.079,3.080,8.267,8.267,8.269,8.266,8.266,-54.748,-1589.000
3.087,3.084,3.085,3.087,3.080,8.285,8.281,8.282,8.279,8.286,-54.748,-1588.000
3.083,3.083,3.083,3.082,3.081,8.278,8.283,8.287,8.284,8.284,-55.172,-1587.000
3.078,3.079,3.081,3.076,3.076,8.272,8.269,8.269,8.271,8.270,-55.172,-1586.000
3.081,3.077,3.075,3.072,3.077,8.265,8.263,8.261,8.257,8.260,-55.379,-1585.000
3.076,3.078,3.075,3.076,3.076,8.260,8.259,8.252,8.248,8.254,-55.379,-1584.000
3.071,3.070,3.075,3.071,3.074,8.248,8.258,8.249,8.255,8.250,-55.456,-1583.000
3.072,3.064,3.076,3.066,3.067,8.245,8.247,8.249,8.247,8.246,-55.456,-1582.000
3.071,3.069,3.065,3.072,3.073,8.240,8.245,8.244,8.246,8.240,-55.709,-1581.000
3.070,3.065,3.071,3.068,3.067,8.238,8.243,8.238,8.241,8.242,-55.709,-1580.000
3.068,3.068,3.062,3.067,3.063,8.240,8.239,8.242,8.240,8.238,-55.638,-1579.000
3.067,3.074,3.074,3.074,3.062,8.247,8.245,8.246,8.248,8.247,-55.638,-1578.000
3.082,3.076,3.075,3.075,3.075,8.252,8.259,8.254,8.255,8.256,-54.943,-1577.000
3.078,3.078,3.079,3.080,3.078,8.275,8.274,8.273,8.273,8.273,-54.943,-1576.000
3.079,3.090,3.079,3.090,3.084,8.284,8.281,8.286,8.284,8.282,-55.494,-1575.000
3.090,3.090,3.083,3.089,3.088,8.297,8.300,8.294,8.297,8.293,-55.494,-1574.000
3.094,3.093,3.092,3.097,3.104,8.311,8.314,8.312,8.307,8.312,-55.335,-1573.000
3.100,3.100,3.099,3.097,3.099,8.318,8.313,8.314,8.315,8.318,-55.335,-1572.000
3.099,3.099,3.101,3.101,3.096,8.317,8.321,8.314,8.313,8.314,-55.153,-1571.000
3.099,3.094,3.093,3.096,3.088,8.307,8.303,8.305,8.304,8.309,-55.153,-1570.000
3.088,3.083,3.089,3.093,3.087,8.294,8.294,8.288,8.291,8.294,-54.366,-1569.000
3.081,3.080,3.087,3.082,3.086,8.280,8.274,8.275,8.280,8.272,-54.366,-1568.000
3.079,3.085,3.080,3.077,3.080,8.263,8.266,8.269,8.270,8.265,-54.290,-1567.000
3.079,3.075,3.081,3.073,3.077,8.262,8.269,8.266,8.265,8.268,-54.290,-1566.000
3.076,3.076,3.078,3.079,3.078,8.269,8.267,8.263,8.270,8.271,-54.581,-1565.000
3.087,3.083,3.083,3.082,3.081,8.273,8.276,8.273,8.275,8.274,-54.581,-1564.000
3.085,3.086,3.079,3.085,3.086,8.282,8.281,8.280,8.283,8.287,-54.293,-1563.000
3.088,3.088,3.088,3.088,3.088,8.292,8.284,8.285,8.288,8.288,-54.293,-1562.000
3.088,3.087,3.086,3.083,3.089,8.294,8.292,8.286,8.286,8.288,-55.225,-1561.000
3.080,3.085,3.087,3.087,3.089,8.282,8.280,8.282,8.281,8.288,-55.225,-1560.000
3.078,3.082,3.086,3.079,3.082,8.274,8.273,8.272,8.269,8.266,-55.689,-1559.000
3.077,3.075,3.075,3.079,3.077,8.260,8.258,8.258,8.257,8.258,-55.689,-1558.000
3.074,3.072,3.071,3.075,3.079,8.255,8.253,8.251,8.252,8.251,-54.758,-1557.000
3.071,3.066,3.073,3.068,3.072,8.241,8.247,8.246,8.245,8.241,-54.758,-1556.000
3.075,3.063,3.072,3.069,3.067,8.243,8.243,8.244,8.245,8.240,-54.758,-1555.000
3.076,3.069,3.074,3.068,3.065,8.239,8.235,8.236,8.243,8.239,-54.642,-1554.000
3.065,3.070,3.070,3.067,3.066,8.232,8.237,8.229,8.233,8.234,-54.642,-1553.000
3.065,3.060,3.068,3.060,3.067,8.232,8.226,8.235,8.228,8.230,-54.611,-1552.000
3.060,3.062,3.059,3.063,3.064,8.228,8.227,8.227,8.225,8.228,-54.611,-1551.000
3.061,3.071,3.065,3.068,3.063,8.227,8.227,8.226,8.227,8.224,-54.105,-1550.000
3.071,3.062,3.065,3.059,3.063,8.223,8.220,8.220,8.222,8.222,-54.105,-1549.000
3.059,3.058,3.060,3.063,3.063,8.218,8.218,8.218,8.216,8.218,-54.186,-1548.000
3.059,3.057,3.056,3.060,3.061,8.207,8.210,8.209,8.216,8.211,-54.186,-1547.000
3.062,3.060,3.059,3.063,3.062,8.216,8.213,8.210,8.211,8.211,-54.976,-1546.000
3.058,3.063,3.062,3.065,3.062,8.216,8.222,8.217,8.214,8.215,-54.976,-1545.000
3.064,3.070,3.057,3.065,3.062,8.222,8.221,8.217,8.225,8.221,-55.450,-1544.000
3.057,3.060,3.058,3.057,3.060,8.211,8.219,8.211,8.215,8.213,-55.450,-1543.000
3.054,3.055,3.061,3.054,3.057,8.209,8.210,8.212,8.209,8.208,-54.693,-1542.000
3.060,3.062,3.061,3.057,3.062,8.210,8.209,8.216,8.214,8.215,-54.693,-1541.000
3.065,3.066,3.065,3.063,3.069,8.227,8.227,8.230,8.233,8.231,-55.156,-1540.000
3.076,3.082,3.078,3.075,3.078,8.268,8.265,8.263,8.265,8.265,-55.156,-1539.000
3.082,3.083,3.081,3.084,3.084,8.279,8.281,8.278,8.274,8.282,-55.933,-1538.000
3.088,3.092,3.085,3.087,3.088,8.289,8.295,8.292,8.296,8.296,-55.933,-1537.000
3.093,3.095,3.090,3.086,3.090,8.295,8.294,8.296,8.291,8.296,-55.933,-1536.000
3.090,3.088,3.086,3.082,3.086,8.291,8.296,8.295,8.292,8.291,-55.637,-1535.000
3.081,3.080,3.083,3.089,3.082,8.287,8.284,8.285,8.280,8.282,-55.637,-1534.000
3.073,3.081,3.082,3.078,3.076,8.271,8.272,8.273,8.268,8.264,-55.637,-1533.000
3.078,3.079,3.080,3.075,3.072,8.265,8.263,8.263,8.264,8.260,-54.911,-1532.000
3.069,3.072,3.075,3.080,3.082,8.261,8.255,8.253,8.257,8.253,-54.911,-1531.000
3.076,3.075,3.075,3.078,3.071,8.259,8.258,8.260,8.255,8.257,-54.789,-1530.000
3.076,3.071,3.070,3.068,3.071,8.251,8.257,8.255,8.252,8.250,-54.789,-1529.000
3.071,3.067,3.072,3.071,3.068,8.251,8.247,8.252,8.248,8.247,-55.312,-1528.000
3.070,3.068,3.070,3.066,3.075,8.246,8.245,8.242,8.247,8.251,-55.312,-1527.000
3.067,3.072,3.071,3.066,3.070,8.243,8.247,8.239,8.238,8.240,-54.885,-1526.000
3.067,3.066,3.068,3.069,3.062,8.237,8.237,8.242,8.237,8.242,-54.885,-1525.000
3.062,3.065,3.069,3.066,3.063,8.233,8.235,8.235,8.239,8.238,-54.681,-1524.000
3.070,3.059,3.061,3.062,3.064,8.236,8.232,8.231,8.235,8.236,-54.681,-1523.000
3.065,3.062,3.064,3.064,3.064,8.237,8.239,8.235,8.235,8.239,-54.174,-1522.000
3.070,3.070,3.076,3.073,3.068,8.255,8.253,8.250,8.246,8.252,-54.174,-1521.000
3.079,3.080,3.082,3.076,3.075,8.265,8.267,8.266,8.267,8.271,-54.909,-1520.000
3.088,3.083,3.081,3.087,3.091,8.290,8.288,8.294,8.287,8.293,-54.909,-1519.000
3.093,3.094,3.093,3.093,3.087,8.302,8.303,8.301,8.300,8.298,-54.830,-1518.000
3.093,3.091,3.092,3.086,3.092,8.304,8.301,8.300,8.303,8.303,-54.830,-1517.000
3.090,3.091,3.089,3.089,3.093,8.301,8.305,8.305,8.304,8.301,-54.412,-1516.000
3.089,3.089,3.089,3.089,3.086,8.299,8.295,8.295,8.296,8.296,-54.412,-1515.000
3.087,3.084,3.084,3.087,3.092,8.296,8.296,8.292,8.291,8.293,-55.409,-1514.000
3.085,3.085,3.086,3.090,3.083,8.283,8.285,8.287,8.286,8.296,-55.409,-1513.000
3.089,3.087,3.087,3.085,3.083,8.288,8.289,8.286,8.288,8.286,-55.612,-1512.000
3.077,3.081,3.080,3.085,3.083,8.283,8.278,8.280,8.282,8.284,-55.612,-1511.000
3.085,3.087,3.083,3.085,3.085,8.282,8.282,8.285,8.286,8.277,-56.029,-1510.000
3.083,3.085,3.084,3.083,3.087,8.289,8.290,8.291,8.286,8.285,-56.029,-1509.000
3.083,3.077,3.089,3.086,3.086,8.284,8.288,8.287,8.289,8.284,-55.981,-1508.000
3.076,3.084,3.082,3.083,3.075,8.282,8.282,8.278,8.280,8.281,-55.981,-1507.000
3.078,3.081,3.076,3.078,3.084,8.280,8.272,8.275,8.274,8.281,-55.593,-1506.000
3.081,3.079,3.074,3.079,3.078,8.273,8.276,8.276,8.272,8.275,-55.593,-1505.000
3.082,3.083,3.079,3.081,3.076,8.275,8.275,8.276,8.269,8.273,-54.877,-1504.000
3.078,3.076,3.085,3.075,3.080,8.277,8.280,8.279,8.272,8.276,-54.877,-1503.000
3.081,3.082,3.078,3.081,3.074,8.276,8.275,8.283,8.269,8.273,-54.211,-1502.000
3.078,3.081,3.077,3.075,3.082,8.270,8.271,8.270,8.270,8.271,-54.211,-1501.000
3.077,3.081,3.071,3.077,3.082,8.260,8.260,8.260,8.262,8.261,-55.062,-1500.000
3.068,3.070,3.067,3.065,3.072,8.250,8.247,8.248,8.244,8.248,-55.062,-1499.000
3.068,3.072,3.064,3.063,3.070,8.247,8.244,8.244,8.247,8.247,-55.046,-1498.000
3.067,3.074,3.072,3.069,3.073,8.251,8.251,8.256,8.252,8.258,-55.046,-1497.000
3.079,3.078,3.078,3.082,3.083,8.269,8.272,8.272,8.278,8.276,-54.876,-1496.000
3.085,3.091,3.086,3.089,3.091,8.300,8.294,8.300,8.297,8.297,-54.876,-1495.000
3.096,3.094,3.093,3.090,3.093,8.311,8.310,8.315,8.311,8.313,-55.468,-1494.000
3.104,3.107,3.100,3.102,3.095,8.333,8.332,8.335,8.338,8.332,-55.468,-1493.000
3.106,3.106,3.106,3.102,3.110,8.338,8.343,8.342,8.343,8.345,-55.144,-1492.000
3.101,3.111,3.104,3.104,3.109,8.340,8.347,8.340,8.346,8.340,-55.144,-1491.000
3.103,3.100,3.104,3.099,3.109,8.341,8.337,8.334,8.329,8.326,-55.670,-1490.000
3.093,3.094,3.090,3.095,3.093,8.318,8.315,8.313,8.317,8.307,-55.670,-1489.000
3.083,3.094,3.085,3.086,3.085,8.296,8.295,8.298,8.293,8.297,-55.594,-1488.000
3.081,3.077,3.080,3.081,3.078,8.277,8.276,8.280,8.278,8.277,-55.594,-1487.000
3.076,3.076,3.076,3.070,3.070,8.264,8.268,8.264,8.263,8.262,-54.982,-1486.000
3.072,3.070,3.065,3.066,3.069,8.253,8.251,8.250,8.249,8.247,-54.982,-1485.000
3.066,3.062,3.069,3.068,3.064,8.238,8.234,8.233,8.236,8.232,-55.914,-1484.000
3.058,3.061,3.055,3.050,3.059,8.226,8.222,8.220,8.224,8.227,-55.914,-1483.000
3.051,3.053,3.057,3.053,3.049,8.217,8.220,8.217,8.219,8.219,-55.750,-1482.000
3.054,3.048,3.055,3.054,3.054,8.217,8.212,8.215,8.217,8.221,-55.750,-1481.000
3.054,3.051,3.054,3.053,3.054,8.212,8.211,8.213,8.214,8.212,-55.224,-1480.000
3.052,3.053,3.050,3.055,3.052,8.212,8.211,8.209,8.217,8.213,-55.224,-1479.000
3.053,3.059,3.049,3.049,3.054,8.210,8.214,8.213,8.216,8.212,-55.339,-1478.000
3.057,3.052,3.055,3.058,3.060,8.216,8.216,8.214,8.214,8.213,-55.339,-1477.000
3.056,3.058,3.058,3.056,3.054,8.215,8.217,8.216,8.217,8.215,-56.156,-1476.000
3.059,3.057,3.057,3.054,3.056,8.219,8.218,8.223,8.221,8.217,-56.156,-1475.000
3.059,3.053,3.058,3.062,3.055,8.216,8.223,8.223,8.217,8.217,-56.135,-1474.000
3.058,3.060,3.056,3.058,3.058,8.218,8.218,8.221,8.217,8.220,-56.135,-1473.000
3.064,3.062,3.064,3.065,3.063,8.216,8.221,8.220,8.225,8.224,-55.936,-1472.000
3.060,3.065,3.061,3.061,3.063,8.230,8.231,8.226,8.228,8.222,-55.936,-1471.000
3.073,3.064,3.064,3.068,3.060,8.232,8.227,8.232,8.234,8.232,-55.741,-1470.000
3.069,3.063,3.075,3.069,3.067,8.238,8.241,8.236,8.238,8.232,-55.741,-1469.000
3.068,3.068,3.067,3.069,3.067,8.238,8.236,8.233,8.240,8.235,-55.149,-1468.000
3.064,3.066,3.070,3.069,3.075,8.239,8.240,8.239,8.237,8.238,-55.149,-1467.000
3.069,3.071,3.068,3.066,3.068,8.240,8.239,8.239,8.245,8.239,-55.149,-1466.000
3.069,3.065,3.069,3.067,3.067,8.235,8.243,8.242,8.236,8.241,-54.962,-1465.000
3.069,3.067,3.066,3.070,3.070,8.237,8.238,8.239,8.237,8.239,-54.962,-1464.000
3.067,3.062,3.076,3.063,3.065,8.234,8.240,8.239,8.234,8.234,-54.962,-1463.000
3.062,3.062,3.068,3.062,3.066,8.236,8.235,8.231,8.234,8.233,-55.037,-1462.000
3.065,3.064,3.065,3.064,3.064,8.228,8.224,8.226,8.226,8.235,-55.037,-1461.000
3.057,3.060,3.052,3.064,3.070,8.229,8.228,8.223,8.227,8.221,-55.037,-1460.000
3.062,3.058,3.062,3.061,3.058,8.226,8.229,8.230,8.226,8.231,-55.180,-1459.000
3.061,3.064,3.062,3.059,3.064,8.224,8.227,8.235,8.232,8.231,-55.180,-1458.000
3.059,3.056,3.064,3.064,3.060,8.229,8.232,8.234,8.229,8.230,-56.086,-1457.000
3.061,3.068,3.063,3.061,3.068,8.239,8.235,8.234,8.236,8.235,-56.086,-1456.000
3.062,3.068,3.062,3.062,3.061,8.239,8.242,8.238,8.238,8.235,-56.075,-1455.000
3.061,3.068,3.064,3.060,3.062,8.234,8.236,8.234,8.239,8.237,-56.075,-1454.000
3.066,3.061,3.066,3.062,3.060,8.234,8.230,8.236,8.231,8.232,-55.865,-1453.000
3.067,3.063,3.062,3.063,3.062,8.232,8.235,8.234,8.235,8.234,-55.865,-1452.000
3.060,3.066,3.061,3.061,3.054,8.229,8.231,8.235,8.230,8.231,-55.781,-1451.000
3.060,3.062,3.055,3.062,3.062,8.224,8.228,8.228,8.230,8.231,-55.781,-1450.000
3.061,3.063,3.060,3.060,3.058,8.232,8.229,8.226,8.226,8.229,-55.637,-1449.000
3.059,3.062,3.056,3.054,3.060,8.224,8.231,8.227,8.224,8.224,-55.637,-1448.000
3.056,3.055,3.058,3.054,3.058,8.217,8.219,8.215,8.213,8.214,-55.402,-1447.000
3.055,3.050,3.053,3.052,3.053,8.208,8.209,8.212,8.211,8.208,-55.402,-1446.000
3.053,3.049,3.051,3.056,3.053,8.201,8.208,8.208,8.207,8.208,-55.347,-1445.000
3.051,3.051,3.049,3.050,3.049,8.205,8.206,8.200,8.205,8.202,-55.347,-1444.000
3.046,3.054,3.045,3.046,3.048,8.201,8.204,8.201,8.197,8.199,-54.222,-1443.000
3.046,3.046,3.051,3.049,3.042,8.194,8.190,8.197,8.197,8.196,-54.222,-1442.000
3.047,3.044,3.043,3.046,3.048,8.182,8.182,8.180,8.185,8.182,-53.466,-1441.000
3.042,3.036,3.039,3.036,3.044,8.182,8.181,8.176,8.178,8.175,-53.466,-1440.000
3.037,3.040,3.042,3.035,3.042,8.176,8.173,8.171,8.173,8.169,-52.380,-1439.000
3.034,3.034,3.031,3.043,3.040,8.164,8.168,8.162,8.168,8.168,-52.380,-1438.000
3.032,3.031,3.029,3.037,3.033,8.162,8.163,8.163,8.164,8.160,-52.245,-1437.000
3.034,3.038,3.035,3.040,3.040,8.160,8.162,8.167,8.164,8.166,-52.245,-1436.000
3.038,3.040,3.042,3.038,3.035,8.165,8.164,8.166,8.166,8.165,-53.549,-1435.000
3.043,3.038,3.043,3.038,3.039,8.176,8.179,8.174,8.174,8.176,-53.549,-1434.000
3.043,3.046,3.043,3.046,3.047,8.180,8.183,8.185,8.182,8.185,-55.075,-1433.000
3.053,3.052,3.047,3.052,3.050,8.197,8.193,8.192,8.196,8.191,-55.075,-1432.000
3.053,3.048,3.055,3.053,3.057,8.200,8.197,8.200,8.200,8.204,-54.691,-1431.000
3.055,3.058,3.060,3.056,3.052,8.208,8.210,8.205,8.210,8.210,-54.691,-1430.000
3.064,3.053,3.064,3.054,3.066,8.217,8.223,8.219,8.221,8.226,-54.496,-1429.000
3.064,3.055,3.065,3.060,3.062,8.220,8.227,8.226,8.231,8.228,-54.496,-1428.000
3.062,3.058,3.064,3.060,3.057,8.221,8.227,8.226,8.227,8.223,-54.140,-1427.000
3.070,3.059,3.056,3.064,3.059,8.226,8.224,8.227,8.227,8.230,-54.140,-1426.000
3.060,3.062,3.063,3.066,3.065,8.225,8.221,8.223,8.227,8.232,-54.187,-1425.000
3.059,3.065,3.064,3.066,3.059,8.227,8.219,8.221,8.223,8.221,-54.187,-1424.000
3.057,3.059,3.061,3.053,3.058,8.213,8.218,8.215,8.214,8.214,-54.501,-1423.000
3.052,3.052,3.050,3.046,3.051,8.201,8.202,8.193,8.191,8.193,-54.501,-1422.000
3.048,3.043,3.044,3.046,3.046,8.178,8.183,8.183,8.183,8.177,-55.344,-1421.000
3.036,3.033,3.035,3.035,3.040,8.152,8.146,8.146,8.144,8.147,-55.344,-1420.000
3.032,3.027,3.026,3.028,3.027,8.143,8.140,8.135,8.137,8.134,-55.738,-1419.000
3.024,3.027,3.023,3.029,3.019,8.122,8.117,8.123,8.125,8.127,-55.738,-1418.000
3.030,3.033,3.035,3.030,3.040,8.149,8.151,8.153,8.154,8.154,-55.533,-1417.000
3.051,3.052,3.057,3.051,3.056,8.204,8.198,8.201,8.208,8.204,-55.533,-1416.000
3.062,3.068,3.067,3.069,3.071,8.239,8.239,8.241,8.238,8.234,-55.476,-1415.000
3.081,3.084,3.085,3.085,3.081,8.288,8.296,8.292,8.296,8.294,-55.476,-1414.000
3.102,3.097,3.107,3.101,3.097,8.335,8.334,8.337,8.338,8.336,-55.370,-1413.000
3.119,3.118,3.117,3.119,3.123,8.388,8.387,8.390,8.392,8.391,-55.370,-1412.000
3.122,3.120,3.119,3.118,3.117,8.390,8.393,8.387,8.388,8.390,-55.363,-1411.000
3.108,3.105,3.109,3.106,3.110,8.358,8.361,8.355,8.355,8.356,-55.363,-1410.000
3.096,3.098,3.096,3.095,3.099,8.327,8.331,8.328,8.328,8.324,-55.880,-1409.000
3.088,3.085,3.089,3.089,3.083,8.311,8.315,8.318,8.308,8.311,-55.880,-1408.000
3.085,3.089,3.090,3.091,3.093,8.305,8.309,8.308,8.308,8.306,-55.660,-1407.000
3.079,3.084,3.084,3.087,3.084,8.297,8.297,8.303,8.302,8.309,-55.660,-1406.000
3.079,3.087,3.087,3.079,3.080,8.291,8.294,8.292,8.296,8.289,-55.222,-1405.000
3.082,3.078,3.082,3.080,3.073,8.287,8.285,8.286,8.285,8.285,-55.222,-1404.000
3.081,3.079,3.080,3.084,3.081,8.281,8.273,8.278,8.279,8.283,-55.360,-1403.000
3.078,3.076,3.075,3.076,3.075,8.279,8.276,8.275,8.276,8.278,-55.360,-1402.000
3.075,3.076,3.075,3.075,3.076,8.268,8.270,8.269,8.277,8.276,-55.793,-1401.000
3.073,3.071,3.075,3.079,3.074,8.276,8.270,8.270,8.272,8.272,-55.793,-1400.000
3.076,3.082,3.078,3.073,3.076,8.275,8.271,8.266,8.269,8.274,-55.704,-1399.000
3.074,3.072,3.069,3.074,3.075,8.265,8.269,8.263,8.268,8.268,-55.704,-1398.000
3.071,3.078,3.074,3.072,3.075,8.259,8.265,8.262,8.266,8.269,-55.257,-1397.000
3.074,3.064,3.076,3.080,3.075,8.255,8.263,8.263,8.261,8.262,-55.257,-1396.000
3.074,3.072,3.078,3.079,3.076,8.265,8.266,8.265,8.263,8.267,-54.967,-1395.000
3.078,3.079,3.082,3.071,3.077,8.272,8.268,8.269,8.276,8.280,-54.967,-1394.000
3.078,3.086,3.078,3.083,3.084,8.279,8.279,8.276,8.283,8.282,-55.684,-1393.000
3.079,3.078,3.081,3.078,3.082,8.274,8.275,8.276,8.276,8.275,-55.684,-1392.000
3.078,3.081,3.082,3.074,3.078,8.268,8.269,8.267,8.272,8.276,-54.781,-1391.000
3.071,3.078,3.072,3.071,3.070,8.266,8.264,8.266,8.263,8.264,-54.781,-1390.000
3.075,3.071,3.070,3.070,3.074,8.256,8.256,8.257,8.253,8.251,-55.091,-1389.000
3.066,3.067,3.066,3.074,3.066,8.249,8.248,8.247,8.242,8.245,-55.091,-1388.000
3.066,3.061,3.069,3.066,3.061,8.236,8.234,8.237,8.239,8.234,-54.518,-1387.000
3.063,3.058,3.060,3.065,3.062,8.226,8.224,8.225,8.227,8.230,-54.518,-1386.000
3.057,3.059,3.059,3.060,3.059,8.219,8.222,8.220,8.224,8.229,-54.761,-1385.000
3.056,3.055,3.058,3.059,3.059,8.212,8.213,8.214,8.211,8.209,-54.761,-1384.000
3.050,3.058,3.055,3.057,3.053,8.207,8.208,8.205,8.211,8.207,-54.451,-1383.000
3.055,3.052,3.059,3.059,3.053,8.218,8.211,8.209,8.211,8.211,-54.451,-1382.000
3.064,3.060,3.063,3.059,3.058,8.225,8.222,8.223,8.220,8.219,-53.910,-1381.000
3.069,3.060,3.061,3.072,3.069,8.241,8.239,8.239,8.238,8.242,-53.910,-1380.000
3.071,3.070,3.071,3.075,3.066,8.261,8.256,8.260,8.257,8.257,-53.410,-1379.000
3.083,3.085,3.088,3.091,3.083,8.290,8.294,8.291,8.290,8.292,-53.410,-1378.000
3.095,3.098,3.096,3.094,3.094,8.317,8.319,8.320,8.325,8.326,-51.974,-1377.000
3.108,3.111,3.107,3.103,3.106,8.348,8.352,8.353,8.354,8.356,-51.974,-1376.000
3.121,3.116,3.121,3.118,3.120,8.382,8.388,8.380,8.382,8.382,-51.890,-1375.000
3.116,3.117,3.115,3.121,3.114,8.384,8.383,8.380,8.383,8.384,-51.890,-1374.000
3.112,3.106,3.106,3.105,3.115,8.360,8.359,8.362,8.360,8.353,-52.818,-1373.000
3.095,3.085,3.093,3.088,3.095,8.312,8.316,8.306,8.311,8.314,-52.818,-1372.000
3.090,3.082,3.087,3.086,3.083,8.289,8.295,8.291,8.290,8.290,-53.696,-1371.000
3.082,3.082,3.077,3.077,3.079,8.278,8.275,8.279,8.271,8.275,-53.696,-1370.000
3.072,3.073,3.078,3.069,3.074,8.265,8.267,8.269,8.261,8.261,-54.429,-1369.000
3.067,3.072,3.071,3.076,3.069,8.248,8.254,8.252,8.250,8.254,-54.429,-1368.000
3.063,3.075,3.067,3.060,3.069,8.245,8.239,8.241,8.240,8.241,-54.751,-1367.000
3.061,3.061,3.061,3.062,3.065,8.239,8.235,8.241,8.238,8.235,-54.751,-1366.000
3.063,3.064,3.068,3.065,3.064,8.232,8.237,8.233,8.236,8.237,-55.237,-1365.000
3.065,3.067,3.068,3.066,3.063,8.242,8.239,8.240,8.246,8.240,-55.237,-1364.000
3.071,3.076,3.068,3.077,3.070,8.254,8.255,8.263,8.260,8.265,-54.718,-1363.000
3.079,3.084,3.078,3.079,3.085,8.280,8.280,8.280,8.276,8.284,-54.718,-1362.000
3.078,3.081,3.082,3.087,3.087,8.295,8.296,8.297,8.298,8.291,-55.215,-1361.000
3.094,3.102,3.091,3.092,3.092,8.324,8.327,8.318,8.321,8.324,-55.215,-1360.000
3.103,3.100,3.104,3.098,3.100,8.333,8.332,8.338,8.332,8.333,-55.474,-1359.000
3.100,3.100,3.102,3.099,3.099,8.334,8.336,8.337,8.339,8.343,-55.474,-1358.000
3.105,3.099,3.103,3.102,3.102,8.344,8.342,8.336,8.338,8.343,-55.740,-1357.000
3.101,3.098,3.103,3.101,3.098,8.333,8.334,8.334,8.334,8.336,-55.740,-1356.000
3.101,3.097,3.096,3.092,3.103,8.329,8.332,8.335,8.331,8.332,-56.166,-1355.000
3.100,3.101,3.102,3.096,3.096,8.326,8.324,8.327,8.322,8.325,-56.166,-1354.000
3.103,3.096,3.093,3.097,3.096,8.323,8.321,8.322,8.321,8.324,-55.839,-1353.000
3.097,3.094,3.094,3.094,3.096,8.316,8.326,8.312,8.319,8.319,-55.839,-1352.000
3.094,3.094,3.092,3.094,3.095,8.314,8.313,8.315,8.316,8.320,-55.503,-1351.000
3.094,3.094,3.091,3.095,3.086,8.307,8.309,8.309,8.318,8.315,-55.503,-1350.000
3.102,3.091,3.087,3.091,3.090,8.313,8.312,8.312,8.307,8.309,-55.217,-1349.000
3.093,3.094,3.085,3.079,3.091,8.304,8.304,8.297,8.299,8.299,-55.217,-1348.000
3.085,3.089,3.085,3.083,3.087,8.301,8.294,8.296,8.291,8.292,-55.853,-1347.000
3.089,3.078,3.081,3.083,3.084,8.283,8.290,8.285,8.283,8.287,-55.853,-1346.000
3.083,3.086,3.087,3.085,3.080,8.287,8.282,8.288,8.282,8.288,-56.706,-1345.000
3.085,3.088,3.089,3.081,3.083,8.286,8.289,8.292,8.287,8.291,-56.706,-1344.000
3.086,3.087,3.088,3.082,3.086,8.288,8.287,8.289,8.290,8.286,-55.965,-1343.000
3.084,3.081,3.082,3.084,3.082,8.283,8.288,8.289,8.286,8.286,-55.965,-1342.000
3.080,3.084,3.085,3.079,3.085,8.285,8.288,8.288,8.290,8.291,-55.903,-1341.000
3.093,3.075,3.089,3.084,3.081,8.282,8.289,8.286,8.285,8.286,-55.903,-1340.000
3.076,3.087,3.086,3.086,3.080,8.283,8.286,8.285,8.292,8.289,-55.488,-1339.000
3.081,3.085,3.086,3.085,3.075,8.289,8.288,8.287,8.291,8.296,-55.488,-1338.000
3.088,3.087,3.080,3.083,3.086,8.292,8.294,8.297,8.299,8.296,-55.810,-1337.000
3.084,3.089,3.085,3.087,3.087,8.302,8.302,8.300,8.306,8.299,-55.810,-1336.000
3.087,3.086,3.094,3.090,3.090,8.305,8.304,8.304,8.304,8.309,-56.055,-1335.000
3.088,3.089,3.092,3.093,3.095,8.313,8.313,8.311,8.312,8.308,-56.055,-1334.000
3.097,3.083,3.097,3.089,3.092,8.316,8.323,8.319,8.319,8.316,-56.260,-1333.000
3.096,3.096,3.090,3.097,3.091,8.325,8.322,8.322,8.321,8.321,-56.260,-1332.000
3.094,3.102,3.097,3.097,3.096,8.328,8.330,8.326,8.327,8.324,-56.633,-1331.000
3.100,3.100,3.098,3.102,3.098,8.331,8.337,8.334,8.330,8.330,-56.633,-1330.000
3.097,3.101,3.108,3.098,3.101,8.334,8.334,8.334,8.338,8.340,-56.241,-1329.000
3.102,3.104,3.101,3.096,3.099,8.347,8.343,8.344,8.340,8.353,-56.241,-1328.000
3.106,3.105,3.106,3.108,3.105,8.350,8.353,8.353,8.356,8.349,-55.716,-1327.000
3.116,3.111,3.108,3.111,3.108,8.363,8.362,8.355,8.362,8.362,-55.716,-1326.000
3.113,3.111,3.113,3.109,3.115,8.361,8.365,8.362,8.360,8.359,-55.624,-1325.000
3.107,3.110,3.114,3.106,3.109,8.359,8.364,8.361,8.361,8.359,-55.624,-1324.000
3.106,3.109,3.105,3.107,3.104,8.360,8.353,8.356,8.353,8.351,-55.588,-1323.000
3.107,3.107,3.103,3.102,3.102,8.339,8.348,8.340,8.341,8.343,-55.588,-1322.000
3.096,3.101,3.098,3.100,3.096,8.335,8.333,8.328,8.333,8.327,-55.209,-1321.000
3.097,3.097,3.093,3.089,3.092,8.319,8.322,8.316,8.317,8.315,-55.209,-1320.000
3.090,3.095,3.091,3.094,3.093,8.307,8.311,8.312,8.305,8.310,-55.541,-1319.000
3.080,3.085,3.084,3.084,3.087,8.292,8.292,8.290,8.296,8.295,-55.541,-1318.000
3.087,3.080,3.089,3.081,3.080,8.290,8.286,8.290,8.292,8.289,-56.123,-1317.000
3.075,3.080,3.081,3.077,3.075,8.281,8.275,8.276,8.275,8.278,-56.123,-1316.000
3.077,3.080,3.080,3.074,3.076,8.274,8.274,8.275,8.273,8.275,-54.946,-1315.000
3.075,3.078,3.076,3.072,3.072,8.263,8.268,8.268,8.268,8.264,-54.946,-1314.000
3.076,3.071,3.076,3.071,3.071,8.259,8.260,8.262,8.260,8.257,-55.620,-1313.000
3.070,3.068,3.068,3.067,3.062,8.249,8.251,8.249,8.244,8.248,-55.620,-1312.000
3.070,3.060,3.060,3.063,3.069,8.246,8.246,8.247,8.238,8.247,-55.593,-1311.000
3.065,3.064,3.060,3.068,3.065,8.239,8.236,8.240,8.238,8.235,-55.593,-1310.000
3.065,3.059,3.063,3.060,3.067,8.230,8.237,8.233,8.228,8.229,-55.411,-1309.000
3.059,3.062,3.059,3.060,3.054,8.214,8.226,8.227,8.224,8.226,-55.411,-1308.000
3.062,3.059,3.056,3.060,3.066,8.219,8.218,8.216,8.217,8.217,-55.513,-1307.000
3.057,3.053,3.058,3.054,3.060,8.217,8.214,8.214,8.216,8.216,-55.513,-1306.000
3.064,3.054,3.056,3.063,3.060,8.213,8.206,8.215,8.215,8.218,-55.979,-1305.000
3.060,3.053,3.060,3.056,3.057,8.214,8.209,8.207,8.206,8.213,-55.979,-1304.000
3.056,3.059,3.056,3.056,3.057,8.210,8.214,8.216,8.215,8.212,-55.979,-1303.000
3.063,3.053,3.058,3.063,3.067,8.211,8.213,8.214,8.208,8.214,-55.822,-1302.000
3.061,3.057,3.052,3.055,3.060,8.214,8.212,8.213,8.214,8.215,-55.822,-1301.000
3.059,3.058,3.057,3.061,3.059,8.214,8.217,8.218,8.212,8.212,-56.148,-1300.000
3.061,3.060,3.064,3.062,3.056,8.216,8.220,8.216,8.224,8.221,-56.148,-1299.000
3.062,3.060,3.061,3.057,3.057,8.224,8.225,8.218,8.218,8.221,-55.884,-1298.000
3.062,3.060,3.060,3.064,3.066,8.231,8.228,8.227,8.224,8.232,-55.884,-1297.000
3.065,3.059,3.069,3.064,3.067,8.235,8.233,8.229,8.233,8.237,-55.598,-1296.000
3.062,3.065,3.063,3.065,3.068,8.235,8.239,8.236,8.238,8.236,-55.598,-1295.000
3.070,3.069,3.063,3.075,3.070,8.242,8.246,8.242,8.248,8.243,-56.293,-1294.000
3.070,3.070,3.069,3.070,3.069,8.248,8.247,8.260,8.250,8.254,-56.293,-1293.000
3.072,3.072,3.070,3.072,3.069,8.253,8.250,8.258,8.252,8.253,-55.847,-1292.000
3.075,3.067,3.072,3.071,3.076,8.256,8.251,8.254,8.255,8.259,-55.847,-1291.000
3.077,3.076,3.071,3.073,3.079,8.260,8.260,8.259,8.263,8.260,-55.575,-1290.000
3.076,3.073,3.075,3.072,3.071,8.260,8.259,8.265,8.261,8.263,-55.575,-1289.000
3.074,3.072,3.076,3.073,3.072,8.261,8.263,8.261,8.263,8.259,-55.422,-1288.000
3.071,3.070,3.069,3.074,3.068,8.260,8.259,8.257,8.265,8.263,-55.422,-1287.000
3.070,3.073,3.078,3.072,3.069,8.258,8.256,8.260,8.260,8.259,-56.026,-1286.000
3.068,3.070,3.072,3.067,3.074,8.259,8.260,8.258,8.262,8.261,-56.026,-1285.000
3.068,3.069,3.068,3.068,3.068,8.260,8.255,8.257,8.257,8.258,-55.508,-1284.000
3.067,3.069,3.068,3.072,3.063,8.257,8.262,8.257,8.256,8.256,-55.508,-1283.000
3.074,3.072,3.070,3.071,3.069,8.255,8.253,8.258,8.256,8.259,-55.718,-1282.000
3.070,3.066,3.069,3.072,3.064,8.247,8.238,8.248,8.243,8.243,-55.718,-1281.000
3.068,3.063,3.068,3.065,3.059,8.250,8.243,8.243,8.240,8.245,-56.257,-1280.000
3.060,3.070,3.064,3.064,3.063,8.235,8.242,8.238,8.244,8.241,-56.257,-1279.000
3.068,3.065,3.070,3.064,3.061,8.239,8.238,8.238,8.237,8.239,-56.459,-1278.000
3.066,3.062,3.063,3.068,3.061,8.250,8.242,8.239,8.242,8.236,-56.459,-1277.000
3.066,3.063,3.069,3.069,3.071,8.242,8.243,8.245,8.243,8.241,-56.157,-1276.000
3.065,3.062,3.069,3.061,3.066,8.240,8.235,8.239,8.237,8.239,-56.157,-1275.000
3.065,3.064,3.063,3.063,3.060,8.244,8.240,8.242,8.242,8.234,-55.805,-1274.000
3.061,3.067,3.065,3.068,3.069,8.241,8.242,8.242,8.241,8.244,-55.805,-1273.000
3.066,3.062,3.070,3.061,3.066,8.239,8.239,8.244,8.238,8.247,-55.859,-1272.000
3.065,3.065,3.064,3.069,3.066,8.249,8.243,8.248,8.246,8.248,-55.859,-1271.000
3.069,3.068,3.067,3.071,3.062,8.247,8.250,8.248,8.249,8.252,-55.513,-1270.000
3.071,3.068,3.069,3.068,3.067,8.253,8.251,8.251,8.250,8.255,-55.513,-1269.000
3.072,3.069,3.061,3.072,3.066,8.256,8.253,8.254,8.256,8.259,-55.378,-1268.000
3.067,3.072,3.070,3.070,3.073,8.258,8.254,8.256,8.256,8.255,-55.378,-1267.000
3.069,3.064,3.065,3.071,3.068,8.264,8.255,8.256,8.256,8.254,-55.021,-1266.000
3.067,3.067,3.072,3.066,3.071,8.260,8.260,8.255,8.262,8.262,-55.021,-1265.000
3.075,3.068,3.067,3.068,3.070,8.257,8.257,8.263,8.257,8.257,-55.652,-1264.000
3.071,3.070,3.068,3.073,3.071,8.260,8.256,8.255,8.255,8.258,-55.652,-1263.000
3.065,3.071,3.066,3.072,3.068,8.253,8.254,8.256,8.254,8.256,-56.398,-1262.000
3.062,3.065,3.068,3.067,3.065,8.251,8.248,8.250,8.249,8.248,-56.398,-1261.000
3.067,3.064,3.065,3.064,3.063,8.246,8.238,8.247,8.244,8.249,-56.261,-1260.000
3.068,3.065,3.064,3.063,3.064,8.242,8.239,8.238,8.243,8.239,-56.261,-1259.000
3.064,3.068,3.063,3.064,3.065,8.233,8.238,8.240,8.241,8.244,-56.272,-1258.000
3.062,3.066,3.063,3.068,3.064,8.236,8.238,8.243,8.236,8.236,-56.272,-1257.000
3.066,3.063,3.060,3.062,3.069,8.237,8.238,8.240,8.237,8.239,-56.859,-1256.000
3.065,3.064,3.063,3.061,3.061,8.244,8.239,8.239,8.241,8.240,-56.859,-1255.000
3.062,3.066,3.062,3.060,3.059,8.244,8.239,8.240,8.241,8.236,-56.215,-1254.000
3.060,3.062,3.065,3.063,3.064,8.241,8.243,8.240,8.241,8.239,-56.215,-1253.000
3.059,3.058,3.067,3.063,3.064,8.239,8.236,8.242,8.240,8.239,-56.294,-1252.000
3.059,3.062,3.058,3.064,3.057,8.243,8.242,8.234,8.234,8.236,-56.294,-1251.000
3.059,3.060,3.061,3.058,3.063,8.234,8.234,8.236,8.228,8.237,-56.609,-1250.000
3.050,3.053,3.058,3.057,3.060,8.228,8.234,8.231,8.236,8.227,-56.609,-1249.000
3.059,3.062,3.059,3.060,3.055,8.229,8.226,8.228,8.229,8.224,-56.178,-1248.000
3.059,3.057,3.053,3.060,3.062,8.230,8.231,8.226,8.234,8.230,-56.178,-1247.000
3.058,3.057,3.055,3.055,3.060,8.229,8.232,8.226,8.226,8.233,-55.049,-1246.000
3.054,3.061,3.056,3.063,3.062,8.233,8.233,8.237,8.229,8.232,-55.049,-1245.000
3.063,3.062,3.062,3.064,3.062,8.240,8.235,8.240,8.240,8.235,-55.327,-1244.000
3.069,3.067,3.062,3.065,3.061,8.241,8.242,8.243,8.243,8.245,-55.327,-1243.000
3.060,3.068,3.060,3.064,3.070,8.240,8.244,8.242,8.242,8.248,-55.645,-1242.000
3.061,3.062,3.067,3.069,3.065,8.242,8.245,8.250,8.242,8.243,-55.645,-1241.000
3.065,3.060,3.062,3.061,3.067,8.246,8.242,8.249,8.251,8.251,-55.833,-1240.000
3.062,3.061,3.062,3.068,3.067,8.244,8.244,8.243,8.242,8.248,-55.833,-1239.000
3.061,3.064,3.066,3.064,3.067,8.245,8.242,8.246,8.248,8.254,-55.267,-1238.000
3.066,3.063,3.067,3.063,3.063,8.250,8.243,8.241,8.245,8.243,-55.267,-1237.000
3.069,3.059,3.061,3.065,3.060,8.246,8.245,8.245,8.248,8.249,-56.169,-1236.000
3.060,3.057,3.065,3.068,3.055,8.245,8.247,8.249,8.245,8.243,-56.169,-1235.000
3.062,3.058,3.063,3.060,3.059,8.242,8.245,8.243,8.245,8.245,-56.305,-1234.000
3.061,3.069,3.065,3.059,3.059,8.239,8.239,8.244,8.242,8.243,-56.305,-1233.000
3.063,3.054,3.059,3.060,3.067,8.240,8.244,8.243,8.245,8.240,-55.293,-1232.000
3.059,3.060,3.062,3.061,3.063,8.244,8.241,8.241,8.246,8.241,-55.293,-1231.000
3.058,3.063,3.062,3.065,3.060,8.245,8.241,8.244,8.244,8.244,-55.130,-1230.000
3.067,3.065,3.063,3.058,3.059,8.241,8.240,8.242,8.247,8.245,-55.130,-1229.000
3.063,3.064,3.062,3.063,3.063,8.243,8.241,8.245,8.245,8.247,-54.642,-1228.000
3.063,3.066,3.066,3.065,3.057,8.245,8.249,8.244,8.249,8.247,-54.642,-1227.000
3.061,3.062,3.073,3.067,3.065,8.248,8.249,8.252,8.247,8.250,-55.297,-1226.000
3.066,3.059,3.067,3.062,3.070,8.251,8.250,8.252,8.245,8.246,-55.297,-1225.000
3.065,3.065,3.062,3.066,3.066,8.250,8.255,8.254,8.251,8.251,-55.786,-1224.000
3.065,3.067,3.064,3.064,3.063,8.250,8.251,8.248,8.249,8.253,-55.786,-1223.000
3.067,3.066,3.064,3.063,3.067,8.249,8.251,8.252,8.251,8.250,-55.666,-1222.000
3.057,3.072,3.064,3.065,3.072,8.246,8.252,8.248,8.253,8.250,-55.666,-1221.000
3.067,3.068,3.069,3.065,3.066,8.251,8.251,8.250,8.251,8.247,-55.489,-1220.000
3.066,3.065,3.065,3.068,3.066,8.250,8.256,8.249,8.252,8.251,-55.489,-1219.000
3.064,3.066,3.065,3.072,3.068,8.251,8.251,8.249,8.253,8.252,-55.096,-1218.000
3.067,3.070,3.068,3.069,3.068,8.254,8.251,8.254,8.256,8.253,-55.096,-1217.000
3.071,3.060,3.071,3.066,3.066,8.255,8.254,8.253,8.255,8.259,-55.241,-1216.000
3.066,3.069,3.064,3.069,3.067,8.253,8.251,8.254,8.254,8.248,-55.241,-1215.000
3.062,3.062,3.071,3.064,3.064,8.251,8.253,8.256,8.254,8.248,-55.572,-1214.000
3.065,3.064,3.066,3.073,3.069,8.250,8.255,8.251,8.253,8.251,-55.572,-1213.000
3.069,3.059,3.064,3.063,3.068,8.249,8.250,8.250,8.253,8.248,-54.949,-1212.000
3.067,3.064,3.064,3.065,3.064,8.248,8.250,8.250,8.249,8.251,-54.949,-1211.000
3.067,3.066,3.068,3.075,3.068,8.252,8.248,8.247,8.251,8.250,-55.145,-1210.000
3.071,3.062,3.069,3.069,3.072,8.252,8.254,8.260,8.255,8.259,-55.145,-1209.000
3.069,3.068,3.071,3.068,3.072,8.255,8.256,8.258,8.259,8.260,-54.416,-1208.000
3.074,3.071,3.074,3.072,3.067,8.264,8.267,8.258,8.260,8.256,-54.416,-1207.000
3.072,3.068,3.067,3.075,3.064,8.263,8.264,8.259,8.264,8.258,-55.641,-1206.000
3.074,3.071,3.077,3.067,3.068,8.261,8.265,8.258,8.253,8.261,-55.641,-1205.000
3.072,3.071,3.069,3.071,3.066,8.262,8.264,8.259,8.260,8.257,-55.577,-1204.000
3.066,3.065,3.060,3.069,3.068,8.247,8.250,8.246,8.251,8.246,-55.577,-1203.000
3.062,3.069,3.060,3.059,3.067,8.239,8.241,8.246,8.242,8.239,-55.279,-1202.000
3.059,3.064,3.059,3.057,3.063,8.232,8.233,8.233,8.231,8.233,-55.279,-1201.000
3.049,3.054,3.052,3.051,3.054,8.220,8.220,8.220,8.215,8.223,-55.261,-1200.000
3.054,3.046,3.047,3.049,3.047,8.210,8.205,8.210,8.210,8.205,-55.261,-1199.000
3.052,3.045,3.048,3.048,3.048,8.201,8.201,8.198,8.198,8.202,-54.508,-1198.000
3.040,3.041,3.041,3.039,3.048,8.187,8.187,8.193,8.184,8.185,-54.508,-1197.000
3.032,3.034,3.035,3.034,3.036,8.185,8.180,8.174,8.178,8.185,-54.427,-1196.000
3.033,3.033,3.036,3.035,3.034,8.173,8.179,8.174,8.173,8.176,-54.427,-1195.000
3.032,3.025,3.033,3.036,3.035,8.166,8.172,8.170,8.170,8.164,-54.770,-1194.000
3.027,3.026,3.026,3.026,3.029,8.166,8.160,8.157,8.162,8.159,-54.770,-1193.000
3.023,3.031,3.027,3.032,3.034,8.157,8.154,8.156,8.158,8.154,-55.468,-1192.000
3.023,3.026,3.031,3.027,3.024,8.151,8.148,8.150,8.152,8.155,-55.468,-1191.000
3.026,3.021,3.022,3.023,3.021,8.151,8.148,8.147,8.146,8.149,-55.178,-1190.000
3.020,3.030,3.028,3.021,3.028,8.139,8.145,8.146,8.143,8.144,-55.178,-1189.000
3.028,3.024,3.025,3.019,3.026,8.143,8.139,8.142,8.143,8.147,-55.277,-1188.000
3.023,3.029,3.019,3.020,3.023,8.146,8.146,8.149,8.147,8.143,-55.277,-1187.000
3.026,3.025,3.022,3.020,3.024,8.146,8.148,8.143,8.145,8.143,-55.185,-1186.000
3.028,3.033,3.030,3.027,3.025,8.150,8.152,8.148,8.146,8.153,-55.185,-1185.000
3.028,3.028,3.026,3.023,3.031,8.161,8.155,8.152,8.155,8.152,-55.854,-1184.000
3.032,3.029,3.030,3.034,3.036,8.161,8.163,8.166,8.166,8.164,-55.854,-1183.000
3.031,3.038,3.038,3.030,3.033,8.168,8.168,8.169,8.167,8.172,-56.262,-1182.000
3.038,3.035,3.033,3.037,3.032,8.175,8.178,8.179,8.180,8.180,-56.262,-1181.000
3.037,3.041,3.043,3.039,3.038,8.181,8.183,8.184,8.184,8.184,-54.884,-1180.000
3.043,3.042,3.042,3.039,3.041,8.197,8.197,8.190,8.187,8.188,-54.884,-1179.000
3.038,3.036,3.040,3.043,3.043,8.190,8.194,8.194,8.192,8.198,-54.944,-1178.000
3.043,3.043,3.045,3.048,3.050,8.203,8.204,8.197,8.199,8.198,-54.944,-1177.000
3.046,3.049,3.048,3.047,3.051,8.199,8.201,8.199,8.206,8.209,-55.028,-1176.000
3.053,3.049,3.047,3.044,3.053,8.216,8.211,8.207,8.212,8.216,-55.028,-1175.000
3.050,3.048,3.054,3.050,3.049,8.214,8.212,8.212,8.210,8.209,-55.314,-1174.000
3.054,3.043,3.053,3.050,3.048,8.211,8.219,8.215,8.217,8.214,-55.314,-1173.000
3.051,3.053,3.050,3.044,3.051,8.218,8.219,8.217,8.215,8.219,-55.577,-1172.000
3.054,3.047,3.045,3.060,3.052,8.210,8.214,8.224,8.219,8.216,-55.577,-1171.000
3.046,3.046,3.045,3.048,3.045,8.214,8.212,8.213,8.214,8.214,-56.414,-1170.000
3.050,3.053,3.046,3.052,3.051,8.218,8.207,8.210,8.213,8.215,-56.414,-1169.000
3.050,3.048,3.049,3.044,3.053,8.213,8.216,8.211,8.213,8.210,-56.505,-1168.000
3.042,3.042,3.048,3.051,3.049,8.214,8.213,8.212,8.208,8.211,-56.505,-1167.000
3.046,3.044,3.046,3.058,3.048,8.211,8.209,8.211,8.214,8.216,-56.143,-1166.000
3.041,3.048,3.044,3.051,3.045,8.211,8.214,8.210,8.206,8.208,-56.143,-1165.000
3.048,3.059,3.047,3.050,3.042,8.208,8.211,8.208,8.210,8.207,-56.531,-1164.000
3.047,3.047,3.043,3.046,3.044,8.212,8.214,8.209,8.214,8.211,-56.531,-1163.000
3.047,3.049,3.050,3.045,3.048,8.207,8.213,8.217,8.212,8.207,-56.286,-1162.000
3.048,3.044,3.044,3.051,3.048,8.210,8.209,8.209,8.209,8.209,-56.286,-1161.000
3.048,3.043,3.042,3.047,3.047,8.211,8.206,8.205,8.206,8.209,-55.675,-1160.000
3.039,3.043,3.041,3.043,3.034,8.201,8.200,8.202,8.198,8.198,-55.675,-1159.000
3.038,3.041,3.040,3.038,3.039,8.198,8.193,8.195,8.198,8.200,-55.989,-1158.000
3.043,3.042,3.043,3.042,3.045,8.203,8.192,8.195,8.196,8.196,-55.989,-1157.000
3.041,3.040,3.044,3.047,3.048,8.197,8.201,8.198,8.203,8.203,-56.398,-1156.000
3.048,3.043,3.048,3.046,3.052,8.208,8.211,8.204,8.208,8.212,-56.398,-1155.000
3.048,3.046,3.044,3.049,3.050,8.208,8.217,8.212,8.216,8.215,-56.710,-1154.000
3.046,3.056,3.049,3.052,3.047,8.210,8.212,8.214,8.210,8.212,-56.710,-1153.000
3.046,3.043,3.050,3.050,3.051,8.208,8.205,8.211,8.204,8.203,-56.536,-1152.000
3.046,3.044,3.048,3.041,3.044,8.203,8.206,8.210,8.204,8.208,-56.536,-1151.000
3.046,3.052,3.043,3.039,3.049,8.206,8.200,8.206,8.203,8.208,-56.510,-1150.000
3.044,3.047,3.050,3.046,3.050,8.207,8.209,8.210,8.208,8.209,-56.510,-1149.000
3.041,3.051,3.052,3.046,3.049,8.216,8.214,8.219,8.218,8.214,-55.921,-1148.000
3.046,3.047,3.050,3.047,3.050,8.211,8.213,8.214,8.217,8.213,-55.921,-1147.000
3.042,3.048,3.046,3.043,3.044,8.218,8.214,8.218,8.213,8.215,-55.536,-1146.000
3.045,3.043,3.050,3.045,3.039,8.211,8.220,8.211,8.211,8.209,-55.536,-1145.000
3.043,3.045,3.043,3.043,3.045,8.210,8.210,8.206,8.204,8.206,-55.529,-1144.000
3.040,3.037,3.028,3.046,3.035,8.197,8.201,8.200,8.196,8.201,-55.529,-1143.000
3.037,3.038,3.038,3.035,3.041,8.196,8.195,8.199,8.195,8.198,-55.421,-1142.000
3.041,3.037,3.041,3.039,3.041,8.201,8.192,8.198,8.198,8.198,-55.421,-1141.000
3.042,3.043,3.040,3.040,3.039,8.202,8.205,8.205,8.201,8.205,-55.818,-1140.000
3.041,3.051,3.040,3.039,3.044,8.203,8.214,8.208,8.208,8.211,-55.818,-1139.000
3.048,3.046,3.043,3.045,3.041,8.211,8.214,8.214,8.211,8.214,-56.227,-1138.000
3.048,3.047,3.045,3.050,3.046,8.217,8.222,8.222,8.223,8.219,-56.227,-1137.000
3.040,3.047,3.047,3.045,3.048,8.222,8.221,8.217,8.221,8.222,-55.648,-1136.000
3.044,3.048,3.050,3.047,3.047,8.227,8.226,8.226,8.223,8.228,-55.648,-1135.000
3.042,3.049,3.047,3.041,3.041,8.230,8.228,8.228,8.228,8.228,-55.243,-1134.000
3.050,3.045,3.054,3.049,3.051,8.230,8.233,8.229,8.232,8.236,-55.243,-1133.000
3.045,3.050,3.048,3.054,3.049,8.238,8.237,8.231,8.232,8.234,-55.864,-1132.000
3.054,3.047,3.052,3.053,3.045,8.239,8.231,8.240,8.238,8.233,-55.864,-1131.000
3.051,3.048,3.053,3.053,3.054,8.237,8.241,8.239,8.245,8.241,-55.979,-1130.000
3.051,3.057,3.055,3.057,3.054,8.235,8.239,8.236,8.240,8.241,-55.979,-1129.000
3.046,3.058,3.055,3.056,3.056,8.247,8.245,8.241,8.244,8.243,-55.609,-1128.000
3.061,3.056,3.058,3.055,3.055,8.246,8.247,8.243,8.244,8.247,-55.609,-1127.000
3.063,3.059,3.055,3.056,3.055,8.251,8.243,8.245,8.254,8.245,-56.047,-1126.000
3.060,3.065,3.056,3.057,3.063,8.256,8.250,8.255,8.256,8.253,-56.047,-1125.000
3.056,3.066,3.065,3.061,3.067,8.260,8.256,8.258,8.258,8.258,-56.219,-1124.000
3.066,3.064,3.066,3.066,3.069,8.265,8.261,8.260,8.260,8.264,-56.219,-1123.000
3.060,3.066,3.061,3.065,3.063,8.265,8.263,8.267,8.267,8.262,-55.488,-1122.000
3.064,3.067,3.068,3.062,3.065,8.266,8.267,8.266,8.266,8.269,-55.488,-1121.000
3.068,3.065,3.065,3.070,3.066,8.267,8.267,8.269,8.265,8.267,-56.062,-1120.000
3.063,3.065,3.064,3.068,3.064,8.264,8.262,8.266,8.264,8.260,-56.062,-1119.000
3.063,3.058,3.058,3.062,3.064,8.258,8.260,8.256,8.258,8.259,-56.800,-1118.000
3.063,3.058,3.058,3.059,3.062,8.256,8.255,8.249,8.248,8.246,-56.800,-1117.000
3.063,3.059,3.060,3.052,3.055,8.243,8.247,8.247,8.244,8.242,-57.372,-1116.000
3.054,3.052,3.050,3.048,3.052,8.239,8.238,8.235,8.237,8.239,-57.372,-1115.000
3.050,3.061,3.056,3.050,3.054,8.238,8.237,8.236,8.240,8.235,-57.372,-1114.000
3.056,3.049,3.048,3.051,3.053,8.232,8.233,8.234,8.238,8.235,-55.905,-1113.000
3.054,3.051,3.053,3.052,3.048,8.228,8.228,8.232,8.230,8.241,-55.905,-1112.000
3.055,3.048,3.051,3.055,3.046,8.234,8.232,8.233,8.234,8.234,-55.414,-1111.000
3.050,3.048,3.051,3.052,3.048,8.224,8.226,8.226,8.228,8.231,-55.414,-1110.000
3.050,3.046,3.053,3.054,3.041,8.231,8.229,8.223,8.228,8.226,-54.821,-1109.000
3.043,3.046,3.043,3.048,3.045,8.226,8.218,8.221,8.220,8.219,-54.821,-1108.000
3.047,3.050,3.051,3.045,3.049,8.218,8.220,8.218,8.216,8.220,-53.370,-1107.000
3.048,3.047,3.046,3.043,3.048,8.211,8.218,8.217,8.209,8.213,-53.370,-1106.000
3.042,3.042,3.045,3.037,3.038,8.217,8.209,8.208,8.212,8.208,-52.503,-1105.000
3.042,3.038,3.033,3.036,3.030,8.198,8.198,8.194,8.190,8.196,-52.503,-1104.000
3.028,3.032,3.030,3.032,3.028,8.190,8.185,8.181,8.180,8.186,-52.653,-1103.000
3.036,3.029,3.030,3.032,3.034,8.176,8.181,8.185,8.184,8.179,-52.653,-1102.000
3.031,3.028,3.033,3.026,3.031,8.177,8.187,8.186,8.181,8.180,-53.660,-1101.000
3.030,3.037,3.030,3.035,3.029,8.188,8.193,8.180,8.181,8.187,-53.660,-1100.000
3.033,3.031,3.039,3.028,3.033,8.187,8.188,8.192,8.189,8.190,-53.962,-1099.000
3.033,3.036,3.040,3.040,3.039,8.189,8.187,8.189,8.189,8.187,-53.962,-1098.000
3.028,3.034,3.039,3.036,3.039,8.184,8.189,8.190,8.186,8.189,-54.657,-1097.000
3.032,3.035,3.031,3.030,3.031,8.180,8.184,8.185,8.179,8.184,-54.657,-1096.000
3.026,3.034,3.027,3.030,3.030,8.179,8.182,8.185,8.184,8.182,-54.840,-1095.000
3.027,3.032,3.027,3.027,3.030,8.174,8.181,8.176,8.176,8.184,-54.840,-1094.000
3.033,3.026,3.032,3.030,3.032,8.179,8.182,8.184,8.181,8.181,-55.028,-1093.000
3.025,3.033,3.027,3.031,3.035,8.182,8.185,8.180,8.185,8.186,-55.028,-1092.000
3.030,3.030,3.032,3.031,3.034,8.181,8.187,8.188,8.187,8.190,-55.556,-1091.000
3.030,3.035,3.031,3.034,3.035,8.188,8.193,8.188,8.184,8.188,-55.556,-1090.000
3.035,3.034,3.031,3.033,3.030,8.190,8.183,8.182,8.190,8.187,-56.377,-1089.000
3.031,3.031,3.029,3.026,3.031,8.187,8.182,8.189,8.184,8.178,-56.377,-1088.000
3.036,3.029,3.029,3.037,3.027,8.177,8.177,8.180,8.179,8.180,-57.033,-1087.000
3.025,3.028,3.024,3.030,3.027,8.179,8.182,8.178,8.178,8.173,-57.033,-1086.000
3.028,3.024,3.035,3.024,3.029,8.181,8.182,8.176,8.182,8.179,-56.559,-1085.000
3.023,3.027,3.030,3.028,3.027,8.183,8.182,8.184,8.185,8.187,-56.559,-1084.000
3.030,3.034,3.029,3.030,3.034,8.190,8.190,8.194,8.190,8.193,-56.375,-1083.000
3.032,3.032,3.034,3.032,3.036,8.197,8.199,8.196,8.201,8.199,-56.375,-1082.000
3.031,3.031,3.035,3.037,3.030,8.203,8.202,8.197,8.199,8.199,-56.322,-1081.000
3.034,3.037,3.033,3.035,3.035,8.200,8.200,8.200,8.205,8.199,-56.322,-1080.000
3.039,3.032,3.035,3.042,3.035,8.200,8.204,8.198,8.197,8.201,-55.527,-1079.000
3.032,3.031,3.040,3.037,3.030,8.201,8.195,8.197,8.197,8.194,-55.527,-1078.000
3.035,3.037,3.026,3.036,3.036,8.200,8.196,8.194,8.192,8.194,-56.645,-1077.000
3.031,3.027,3.026,3.035,3.033,8.196,8.188,8.188,8.187,8.187,-56.645,-1076.000
3.030,3.033,3.028,3.025,3.023,8.187,8.181,8.183,8.183,8.181,-56.037,-1075.000
3.019,3.028,3.025,3.024,3.023,8.173,8.174,8.177,8.175,8.176,-56.037,-1074.000
3.019,3.026,3.019,3.028,3.024,8.168,8.168,8.174,8.168,8.173,-56.385,-1073.000
3.022,3.022,3.019,3.020,3.023,8.167,8.164,8.164,8.164,8.158,-56.385,-1072.000
3.017,3.023,3.022,3.021,3.022,8.158,8.158,8.163,8.159,8.161,-56.127,-1071.000
3.020,3.016,3.020,3.013,3.024,8.155,8.154,8.155,8.157,8.160,-56.127,-1070.000
3.019,3.015,3.020,3.023,3.013,8.155,8.151,8.153,8.149,8.150,-55.947,-1069.000
3.021,3.017,3.016,3.017,3.011,8.153,8.157,8.151,8.154,8.153,-55.947,-1068.000
3.020,3.017,3.020,3.023,3.020,8.156,8.151,8.158,8.155,8.153,-55.986,-1067.000
3.020,3.020,3.022,3.023,3.023,8.165,8.161,8.161,8.161,8.160,-55.986,-1066.000
3.025,3.023,3.022,3.024,3.020,8.171,8.162,8.166,8.166,8.166,-55.581,-1065.000
3.022,3.027,3.019,3.022,3.024,8.167,8.171,8.165,8.171,8.168,-55.581,-1064.000
3.023,3.026,3.019,3.021,3.028,8.167,8.172,8.171,8.172,8.167,-55.969,-1063.000
3.025,3.023,3.023,3.022,3.028,8.175,8.174,8.173,8.172,8.174,-55.969,-1062.000
3.031,3.022,3.024,3.034,3.023,8.171,8.172,8.172,8.175,8.180,-55.526,-1061.000
3.025,3.023,3.022,3.024,3.026,8.171,8.172,8.167,8.166,8.169,-55.526,-1060.000
3.022,3.026,3.022,3.021,3.021,8.170,8.168,8.166,8.169,8.168,-55.969,-1059.000
3.023,3.022,3.025,3.020,3.030,8.168,8.171,8.172,8.170,8.164,-55.969,-1058.000
3.025,3.025,3.025,3.020,3.021,8.172,8.172,8.171,8.175,8.168,-55.587,-1057.000
3.020,3.018,3.022,3.023,3.024,8.169,8.167,8.168,8.170,8.172,-55.587,-1056.000
3.021,3.026,3.028,3.025,3.018,8.160,8.165,8.172,8.167,8.170,-56.133,-1055.000
3.019,3.016,3.019,3.025,3.022,8.162,8.163,8.168,8.165,8.166,-56.133,-1054.000
3.020,3.020,3.022,3.020,3.022,8.159,8.162,8.156,8.160,8.164,-56.133,-1053.000
3.020,3.025,3.018,3.020,3.010,8.155,8.156,8.151,8.153,8.150,-56.204,-1052.000
3.013,3.017,3.015,3.011,3.018,8.146,8.147,8.148,8.148,8.145,-56.204,-1051.000
3.016,3.018,3.013,3.010,3.012,8.141,8.139,8.145,8.137,8.143,-56.204,-1050.000
3.013,3.013,3.016,3.011,3.013,8.138,8.141,8.136,8.139,8.142,-56.378,-1049.000
3.008,3.015,3.008,3.013,3.008,8.132,8.134,8.132,8.133,8.133,-56.378,-1048.000
3.010,3.009,3.014,3.017,3.006,8.140,8.132,8.136,8.130,8.131,-55.501,-1047.000
3.010,3.007,3.007,3.009,3.010,8.133,8.131,8.132,8.134,8.131,-55.501,-1046.000
3.007,3.005,3.013,3.012,3.012,8.134,8.141,8.134,8.134,8.136,-55.697,-1045.000
3.011,3.009,3.011,3.010,3.010,8.136,8.141,8.133,8.138,8.137,-55.697,-1044.000
3.013,3.011,3.011,3.011,3.012,8.140,8.140,8.145,8.142,8.145,-55.673,-1043.000
3.013,3.016,3.016,3.014,3.016,8.147,8.145,8.147,8.147,8.151,-55.673,-1042.000
3.018,3.018,3.015,3.022,3.015,8.154,8.154,8.145,8.149,8.152,-55.837,-1041.000
3.022,3.017,3.020,3.021,3.018,8.161,8.160,8.162,8.168,8.157,-55.837,-1040.000
3.025,3.027,3.022,3.016,3.022,8.166,8.162,8.167,8.164,8.163,-55.763,-1039.000
3.016,3.023,3.025,3.026,3.021,8.170,8.165,8.163,8.164,8.165,-55.763,-1038.000
3.022,3.023,3.023,3.026,3.016,8.169,8.163,8.169,8.173,8.162,-55.396,-1037.000
3.024,3.022,3.020,3.028,3.025,8.168,8.174,8.170,8.171,8.167,-55.396,-1036.000
3.021,3.019,3.024,3.019,3.018,8.166,8.165,8.165,8.171,8.168,-55.056,-1035.000
3.019,3.017,3.020,3.013,3.014,8.167,8.163,8.163,8.160,8.162,-55.056,-1034.000
3.020,3.011,3.016,3.020,3.017,8.161,8.157,8.163,8.161,8.162,-54.232,-1033.000
3.017,3.016,3.013,3.016,3.012,8.155,8.156,8.163,8.158,8.157,-54.232,-1032.000
3.008,3.017,3.011,3.012,3.017,8.151,8.152,8.152,8.152,8.156,-53.818,-1031.000
3.009,3.016,3.014,3.016,3.016,8.154,8.157,8.156,8.151,8.152,-53.818,-1030.000
3.010,3.011,3.016,3.012,3.009,8.148,8.150,8.147,8.145,8.153,-52.939,-1029.000
3.016,3.013,3.014,3.008,3.015,8.149,8.154,8.151,8.148,8.150,-52.939,-1028.000
3.018,3.011,3.006,3.012,3.014,8.152,8.152,8.152,8.155,8.156,-52.788,-1027.000
3.016,3.015,3.011,3.013,3.014,8.156,8.152,8.155,8.160,8.156,-52.788,-1026.000
3.017,3.016,3.015,3.015,3.021,8.160,8.159,8.151,8.157,8.160,-52.666,-1025.000
3.018,3.019,3.017,3.015,3.016,8.160,8.162,8.158,8.160,8.164,-52.666,-1024.000
3.016,3.011,3.020,3.011,3.020,8.163,8.165,8.164,8.162,8.163,-53.110,-1023.000
3.019,3.013,3.019,3.014,3.026,8.164,8.164,8.164,8.163,8.167,-53.110,-1022.000
3.018,3.016,3.014,3.017,3.019,8.170,8.166,8.162,8.159,8.160,-53.889,-1021.000
3.020,3.017,3.014,3.017,3.023,8.162,8.161,8.163,8.164,8.157,-53.889,-1020.000
3.019,3.015,3.017,3.016,3.013,8.154,8.151,8.153,8.153,8.155,-53.889,-1019.000
3.008,3.015,3.013,3.009,3.011,8.153,8.156,8.148,8.149,8.149,-53.590,-1018.000
3.010,3.011,3.016,3.009,3.010,8.147,8.147,8.146,8.145,8.142,-53.590,-1017.000
3.008,3.012,3.013,3.007,3.014,8.145,8.140,8.141,8.140,8.141,-54.088,-1016.000
3.001,3.015,3.004,3.005,3.005,8.135,8.139,8.142,8.137,8.137,-54.088,-1015.000
3.003,3.012,3.010,3.008,3.012,8.137,8.136,8.135,8.133,8.131,-54.612,-1014.000
3.010,3.004,3.006,2.999,3.003,8.124,8.128,8.128,8.131,8.136,-54.612,-1013.000
3.004,2.999,3.011,3.009,3.006,8.130,8.127,8.131,8.129,8.127,-54.611,-1012.000
3.003,3.000,3.005,3.001,3.003,8.123,8.125,8.129,8.129,8.125,-54.611,-1011.000
2.998,2.999,3.000,3.009,3.004,8.121,8.123,8.125,8.117,8.122,-54.346,-1010.000
2.995,3.002,3.001,2.998,3.001,8.123,8.118,8.116,8.121,8.116,-54.346,-1009.000
2.994,2.994,2.999,2.998,2.998,8.119,8.118,8.119,8.120,8.116,-55.122,-1008.000
2.995,3.001,2.993,3.000,2.995,8.114,8.116,8.112,8.114,8.114,-55.122,-1007.000
2.999,2.990,2.996,2.996,2.999,8.112,8.114,8.111,8.110,8.116,-54.885,-1006.000
2.996,2.998,2.996,2.995,2.999,8.113,8.107,8.104,8.111,8.111,-54.885,-1005.000
2.998,2.990,3.001,2.999,3.003,8.112,8.111,8.113,8.108,8.116,-55.182,-1004.000
3.001,2.993,2.997,2.991,3.000,8.115,8.111,8.111,8.110,8.109,-55.182,-1003.000
2.994,2.991,2.995,2.996,2.998,8.111,8.113,8.109,8.106,8.106,-54.932,-1002.000
2.992,2.993,2.999,2.991,3.000,8.110,8.111,8.106,8.104,8.107,-54.932,-1001.000
2.997,3.000,2.992,2.990,2.990,8.106,8.101,8.096,8.101,8.104,-55.237,-1000.000
2.992,2.994,2.995,2.991,2.991,8.095,8.092,8.099,8.097,8.093,-55.237,-999.000
2.993,2.992,2.988,2.988,2.990,8.090,8.094,8.099,8.096,8.101,-54.926,-998.000
2.990,2.990,2.985,2.988,2.989,8.093,8.096,8.092,8.097,8.095,-54.926,-997.000
2.991,2.985,2.987,2.992,2.987,8.091,8.090,8.090,8.089,8.093,-54.467,-996.000
2.993,2.993,2.992,2.998,2.986,8.090,8.090,8.090,8.094,8.097,-54.467,-995.000
2.986,2.992,2.991,2.988,2.986,8.095,8.102,8.101,8.098,8.097,-54.812,-994.000
2.985,2.992,2.992,2.991,2.993,8.100,8.098,8.099,8.104,8.099,-54.812,-993.000
2.994,2.991,2.990,2.992,2.996,8.098,8.107,8.107,8.102,8.111,-54.767,-992.000
2.993,2.996,2.994,2.993,2.991,8.106,8.110,8.110,8.106,8.108,-54.767,-991.000
2.995,2.994,2.996,2.996,3.003,8.111,8.114,8.112,8.111,8.114,-55.103,-990.000
2.996,2.998,2.996,2.994,2.990,8.110,8.114,8.112,8.110,8.115,-55.103,-989.000
3.001,2.998,2.998,2.996,2.998,8.111,8.109,8.116,8.123,8.112,-55.323,-988.000
2.993,3.000,3.001,2.993,3.001,8.118,8.115,8.117,8.116,8.114,-55.323,-987.000
2.994,2.995,3.001,2.997,3.000,8.118,8.118,8.119,8.116,8.122,-55.252,-986.000
2.992,2.997,2.992,2.997,2.998,8.120,8.120,8.121,8.120,8.119,-55.252,-985.000
2.997,2.998,2.995,2.995,2.993,8.123,8.125,8.122,8.119,8.121,-54.957,-984.000
2.999,3.001,3.002,2.996,3.001,8.119,8.120,8.118,8.123,8.124,-54.957,-983.000
2.999,2.996,3.004,3.000,2.993,8.122,8.120,8.126,8.123,8.125,-55.472,-982.000
3.003,2.992,2.998,2.997,2.996,8.122,8.125,8.124,8.123,8.124,-55.472,-981.000
3.000,3.004,2.994,2.998,3.003,8.121,8.130,8.126,8.126,8.129,-54.953,-980.000
3.000,3.000,3.007,3.000,3.004,8.125,8.123,8.123,8.126,8.117,-54.953,-979.000
2.998,2.993,3.005,2.994,3.002,8.121,8.124,8.124,8.128,8.122,-55.433,-978.000
2.996,2.995,2.995,3.000,3.000,8.126,8.121,8.115,8.123,8.121,-55.433,-977.000
3.001,3.004,2.998,3.000,2.994,8.121,8.119,8.122,8.123,8.120,-55.409,-976.000
2.994,3.001,3.001,2.994,2.998,8.113,8.115,8.117,8.116,8.118,-55.409,-975.000
2.998,2.996,2.995,2.997,2.998,8.115,8.113,8.113,8.115,8.114,-55.327,-974.000
2.996,2.997,2.995,2.991,2.992,8.107,8.113,8.111,8.105,8.110,-55.327,-973.000
2.993,2.998,2.989,2.994,2.988,8.108,8.109,8.106,8.106,8.107,-54.778,-972.000
2.993,2.989,2.992,2.991,2.991,8.107,8.095,8.102,8.102,8.102,-54.778,-971.000
2.993,2.989,2.985,2.993,2.993,8.099,8.103,8.093,8.096,8.095,-55.895,-970.000
2.983,2.984,2.987,2.994,2.983,8.093,8.099,8.092,8.095,8.091,-55.895,-969.000
2.987,2.989,2.984,2.986,2.989,8.088,8.091,8.096,8.094,8.100,-56.087,-968.000
2.987,2.986,2.987,2.987,2.986,8.089,8.090,8.092,8.094,8.092,-56.087,-967.000
2.992,2.985,2.989,2.982,2.991,8.097,8.089,8.092,8.090,8.099,-56.110,-966.000
2.990,2.986,2.987,2.983,2.987,8.091,8.092,8.096,8.097,8.092,-56.110,-965.000
2.987,2.985,2.983,2.989,2.988,8.098,8.094,8.094,8.094,8.098,-56.051,-964.000
2.987,2.990,2.994,2.993,2.989,8.103,8.096,8.096,8.094,8.106,-56.051,-963.000
2.988,2.987,2.987,2.992,2.992,8.104,8.105,8.106,8.100,8.102,-56.394,-962.000
2.988,2.993,2.990,2.995,2.990,8.108,8.108,8.109,8.107,8.109,-56.394,-961.000
2.995,2.996,2.994,2.989,2.994,8.109,8.111,8.113,8.109,8.112,-56.486,-960.000
2.998,2.990,2.995,2.993,2.990,8.111,8.111,8.110,8.114,8.116,-56.486,-959.000
2.992,2.993,2.999,2.997,2.993,8.117,8.112,8.116,8.111,8.112,-55.560,-958.000
2.994,2.998,2.996,2.994,2.993,8.116,8.113,8.114,8.116,8.111,-55.560,-957.000
2.996,2.993,2.992,2.992,2.990,8.110,8.112,8.112,8.112,8.117,-55.082,-956.000
2.985,2.995,2.990,2.987,2.988,8.107,8.109,8.103,8.108,8.105,-55.082,-955.000
2.987,2.991,2.992,2.994,2.991,8.110,8.107,8.114,8.108,8.109,-55.095,-954.000
2.987,2.987,2.991,2.990,2.988,8.107,8.106,8.110,8.102,8.103,-55.095,-953.000
2.989,2.984,2.993,2.986,2.986,8.102,8.109,8.105,8.100,8.100,-55.743,-952.000
2.994,2.989,2.987,2.986,2.992,8.103,8.101,8.106,8.103,8.100,-55.743,-951.000
2.986,2.988,2.988,2.987,2.991,8.100,8.102,8.107,8.107,8.107,-55.105,-950.000
2.983,2.985,2.983,2.985,2.984,8.100,8.101,8.105,8.100,8.096,-55.105,-949.000
2.988,2.982,2.987,2.986,2.983,8.096,8.097,8.100,8.100,8.104,-55.897,-948.000
2.983,2.987,2.985,2.982,2.987,8.097,8.095,8.094,8.099,8.097,-55.897,-947.000
2.982,2.978,2.982,2.983,2.975,8.095,8.093,8.093,8.090,8.090,-55.517,-946.000
2.976,2.979,2.978,2.980,2.984,8.087,8.089,8.087,8.091,8.088,-55.517,-945.000
2.978,2.981,2.981,2.978,2.983,8.085,8.085,8.090,8.084,8.089,-55.603,-944.000
2.984,2.979,2.980,2.980,2.978,8.084,8.085,8.082,8.085,8.085,-55.603,-943.000
2.981,2.977,2.982,2.977,2.982,8.085,8.085,8.086,8.084,8.080,-56.224,-942.000
2.981,2.974,2.983,2.982,2.982,8.084,8.084,8.085,8.085,8.087,-56.224,-941.000
2.978,2.981,2.977,2.978,2.983,8.084,8.083,8.089,8.088,8.087,-56.398,-940.000
2.976,2.978,2.985,2.977,2.979,8.085,8.084,8.085,8.088,8.090,-56.398,-939.000
2.975,2.986,2.982,2.983,2.981,8.084,8.085,8.085,8.084,8.085,-55.870,-938.000
2.975,2.980,2.975,2.985,2.982,8.089,8.089,8.090,8.082,8.089,-55.870,-937.000
2.977,2.984,2.983,2.981,2.979,8.087,8.086,8.087,8.086,8.088,-55.394,-936.000
2.982,2.985,2.983,2.983,2.978,8.091,8.092,8.093,8.087,8.091,-55.394,-935.000
2.985,2.984,2.981,2.983,2.987,8.099,8.091,8.089,8.094,8.098,-55.651,-934.000
2.982,2.988,2.981,2.988,2.982,8.094,8.095,8.092,8.098,8.094,-55.651,-933.000
2.984,2.992,2.984,2.979,2.979,8.096,8.091,8.099,8.095,8.094,-55.247,-932.000
2.986,2.981,2.987,2.986,2.987,8.099,8.099,8.099,8.097,8.099,-55.247,-931.000
2.989,2.982,2.986,2.981,2.981,8.101,8.099,8.102,8.104,8.103,-54.884,-930.000
2.981,2.985,2.981,2.982,2.985,8.092,8.094,8.096,8.093,8.091,-54.884,-929.000
2.979,2.984,2.988,2.984,2.985,8.093,8.092,8.099,8.103,8.101,-55.167,-928.000
2.985,2.984,2.984,2.988,2.982,8.095,8.096,8.099,8.096,8.096,-55.167,-927.000
2.981,2.988,2.990,2.981,2.980,8.101,8.098,8.100,8.092,8.095,-54.776,-926.000
2.985,2.988,2.976,2.983,2.985,8.099,8.101,8.097,8.101,8.094,-54.776,-925.000
2.982,2.986,2.988,2.987,2.988,8.099,8.099,8.097,8.098,8.103,-54.878,-924.000
2.986,2.990,2.991,2.988,2.989,8.110,8.107,8.104,8.104,8.101,-54.878,-923.000
2.982,2.992,2.981,2.988,2.990,8.103,8.112,8.110,8.112,8.114,-55.127,-922.000
2.988,2.990,2.991,2.989,2.990,8.112,8.110,8.115,8.109,8.109,-55.127,-921.000
2.989,2.990,2.987,2.986,2.998,8.111,8.115,8.112,8.109,8.109,-55.576,-920.000
2.990,2.990,2.984,2.993,2.992,8.111,8.114,8.108,8.111,8.111,-55.576,-919.000
2.991,2.996,2.988,2.987,2.989,8.115,8.109,8.114,8.118,8.112,-55.547,-918.000
2.989,2.989,2.992,2.989,2.990,8.112,8.111,8.112,8.111,8.115,-55.547,-917.000
2.994,2.990,2.988,2.991,2.993,8.116,8.120,8.120,8.118,8.122,-55.112,-916.000
2.988,2.997,2.995,2.992,2.996,8.122,8.124,8.125,8.119,8.125,-55.112,-915.000
2.993,2.997,2.999,2.999,2.990,8.132,8.131,8.128,8.129,8.127,-54.780,-914.000
2.993,3.001,3.002,3.000,2.995,8.133,8.138,8.143,8.139,8.137,-54.780,-913.000
3.003,2.995,2.997,3.003,3.004,8.143,8.149,8.148,8.143,8.139,-54.910,-912.000
3.003,3.006,3.001,3.002,3.006,8.155,8.152,8.144,8.146,8.151,-54.910,-911.000
3.003,3.003,3.008,3.007,3.003,8.160,8.156,8.153,8.160,8.154,-55.131,-910.000
3.008,3.007,3.005,3.008,3.003,8.161,8.155,8.158,8.159,8.160,-55.131,-909.000
3.004,3.009,3.003,3.008,3.002,8.160,8.158,8.159,8.155,8.158,-54.531,-908.000
3.007,3.005,3.007,3.003,3.005,8.159,8.158,8.164,8.163,8.160,-54.531,-907.000
3.009,3.001,3.004,3.003,3.005,8.160,8.153,8.161,8.159,8.157,-54.799,-906.000
3.002,3.011,3.003,2.997,3.001,8.156,8.158,8.162,8.157,8.158,-54.799,-905.000
3.002,3.000,3.002,2.996,3.004,8.149,8.153,8.152,8.154,8.154,-55.022,-904.000
3.006,2.998,3.004,2.997,3.005,8.156,8.150,8.152,8.151,8.147,-55.022,-903.000
3.001,3.000,3.009,3.001,3.002,8.152,8.149,8.153,8.152,8.149,-54.984,-902.000
2.999,2.992,3.001,2.994,3.000,8.146,8.145,8.141,8.144,8.149,-54.984,-901.000
2.991,2.999,2.994,2.998,2.990,8.149,8.144,8.144,8.140,8.146,-55.507,-900.000
2.999,2.993,3.004,2.987,2.997,8.143,8.142,8.144,8.142,8.133,-55.507,-899.000
2.991,2.992,2.994,2.996,2.992,8.141,8.142,8.142,8.141,8.139,-56.218,-898.000
2.998,2.999,2.992,2.993,2.998,8.139,8.143,8.145,8.146,8.141,-56.218,-897.000
3.000,2.999,2.996,2.996,2.992,8.143,8.139,8.142,8.142,8.138,-55.099,-896.000
2.997,3.000,2.993,2.995,2.997,8.143,8.141,8.139,8.138,8.139,-55.099,-895.000
2.994,3.000,2.996,2.996,2.993,8.142,8.144,8.139,8.139,8.144,-55.106,-894.000
2.998,2.996,2.996,2.994,2.997,8.144,8.144,8.142,8.145,8.142,-55.106,-893.000
2.996,2.993,2.995,2.993,2.996,8.140,8.143,8.144,8.139,8.145,-55.326,-892.000
2.998,2.998,2.995,2.998,2.994,8.141,8.144,8.147,8.145,8.152,-55.326,-891.000
2.995,2.996,2.998,2.996,2.993,8.146,8.149,8.150,8.152,8.147,-54.887,-890.000
2.995,2.994,2.995,3.001,2.999,8.150,8.150,8.146,8.144,8.143,-54.887,-889.000
3.001,2.990,2.996,2.998,2.990,8.149,8.148,8.151,8.154,8.147,-55.105,-888.000
2.997,2.990,2.996,2.993,2.993,8.145,8.146,8.143,8.151,8.151,-55.105,-887.000
2.993,2.996,2.999,3.001,2.997,8.152,8.150,8.144,8.148,8.149,-55.887,-886.000
2.995,2.995,2.996,2.999,2.997,8.150,8.142,8.148,8.147,8.147,-55.887,-885.000
2.994,2.997,3.001,2.990,2.999,8.150,8.151,8.146,8.148,8.147,-55.732,-884.000
2.992,2.993,2.999,2.997,2.998,8.146,8.142,8.146,8.141,8.146,-55.732,-883.000
2.995,2.996,2.996,2.993,2.991,8.141,8.144,8.147,8.143,8.141,-55.803,-882.000
2.994,3.000,2.990,2.994,2.993,8.137,8.138,8.138,8.138,8.136,-55.803,-881.000
2.994,2.994,2.987,2.991,2.990,8.134,8.136,8.142,8.138,8.135,-55.616,-880.000
2.988,2.988,2.987,2.989,2.987,8.129,8.133,8.131,8.131,8.133,-55.616,-879.000
2.992,2.992,2.983,2.988,2.980,8.128,8.130,8.136,8.131,8.127,-55.386,-878.000
2.987,2.985,2.987,2.987,2.990,8.124,8.122,8.125,8.127,8.127,-55.386,-877.000
2.988,2.985,2.987,2.984,2.989,8.122,8.120,8.123,8.124,8.126,-55.562,-876.000
2.991,2.982,2.983,2.984,2.975,8.120,8.119,8.115,8.117,8.115,-55.562,-875.000
2.985,2.976,2.987,2.980,2.984,8.112,8.115,8.115,8.112,8.116,-55.357,-874.000
2.981,2.977,2.980,2.983,2.979,8.108,8.115,8.111,8.111,8.114,-55.357,-873.000
2.983,2.986,2.981,2.980,2.987,8.104,8.109,8.102,8.108,8.107,-55.344,-872.000
2.974,2.980,2.981,2.981,2.983,8.101,8.095,8.102,8.109,8.105,-55.344,-871.000
2.978,2.972,2.984,2.979,2.978,8.104,8.105,8.110,8.106,8.106,-55.270,-870.000
2.981,2.981,2.984,2.980,2.978,8.105,8.102,8.102,8.107,8.100,-55.270,-869.000
2.980,2.978,2.972,2.978,2.977,8.102,8.105,8.104,8.099,8.097,-55.518,-868.000
2.973,2.968,2.971,2.975,2.974,8.097,8.104,8.102,8.104,8.102,-55.518,-867.000
2.974,2.977,2.969,2.973,2.970,8.095,8.098,8.093,8.091,8.094,-54.932,-866.000
2.969,2.973,2.971,2.972,2.969,8.093,8.094,8.097,8.097,8.094,-54.932,-865.000
2.967,2.971,2.974,2.972,2.968,8.092,8.092,8.100,8.092,8.096,-55.261,-864.000
2.971,2.972,2.971,2.972,2.971,8.087,8.089,8.091,8.088,8.087,-55.261,-863.000
2.969,2.967,2.975,2.968,2.969,8.090,8.090,8.086,8.090,8.086,-55.599,-862.000
2.970,2.975,2.973,2.974,2.972,8.087,8.087,8.089,8.086,8.087,-55.599,-861.000
2.971,2.963,2.974,2.974,2.969,8.083,8.088,8.088,8.088,8.090,-56.030,-860.000
2.970,2.965,2.970,2.971,2.971,8.086,8.084,8.086,8.084,8.085,-56.030,-859.000
2.973,2.965,2.969,2.973,2.973,8.088,8.085,8.083,8.086,8.088,-55.893,-858.000
2.973,2.968,2.970,2.970,2.973,8.085,8.084,8.087,8.081,8.089,-55.893,-857.000
2.969,2.968,2.971,2.969,2.966,8.083,8.088,8.090,8.090,8.086,-55.349,-856.000
2.969,2.971,2.971,2.972,2.974,8.089,8.089,8.093,8.093,8.091,-55.349,-855.000
2.972,2.977,2.973,2.966,2.968,8.098,8.099,8.092,8.085,8.090,-56.175,-854.000
2.974,2.975,2.971,2.974,2.973,8.097,8.097,8.093,8.095,8.094,-56.175,-853.000
2.969,2.974,2.972,2.974,2.973,8.099,8.102,8.102,8.097,8.098,-55.817,-852.000
2.971,2.977,2.980,2.977,2.976,8.097,8.101,8.099,8.101,8.098,-55.817,-851.000
2.976,2.972,2.977,2.976,2.977,8.103,8.101,8.104,8.100,8.103,-55.817,-850.000
2.974,2.976,2.975,2.973,2.983,8.103,8.102,8.104,8.098,8.097,-56.109,-849.000
2.983,2.972,2.979,2.983,2.977,8.104,8.111,8.103,8.105,8.108,-56.109,-848.000
2.972,2.979,2.979,2.978,2.978,8.115,8.110,8.106,8.114,8.107,-56.109,-847.000
2.973,2.979,2.981,2.977,2.976,8.108,8.111,8.104,8.108,8.109,-55.340,-846.000
2.984,2.976,2.975,2.980,2.974,8.119,8.118,8.113,8.115,8.113,-55.340,-845.000
2.977,2.983,2.982,2.983,2.975,8.114,8.115,8.113,8.115,8.113,-55.340,-844.000
2.979,2.975,2.980,2.976,2.981,8.117,8.108,8.110,8.115,8.118,-55.319,-843.000
2.978,2.980,2.978,2.982,2.987,8.119,8.119,8.112,8.110,8.119,-55.319,-842.000
2.972,2.976,2.982,2.978,2.982,8.116,8.117,8.110,8.111,8.118,-55.006,-841.000
2.979,2.975,2.974,2.981,2.981,8.120,8.112,8.121,8.114,8.117,-55.006,-840.000
2.978,2.979,2.978,2.978,2.977,8.118,8.119,8.119,8.116,8.121,-55.098,-839.000
2.978,2.978,2.982,2.977,2.978,8.112,8.114,8.118,8.121,8.122,-55.098,-838.000
2.978,2.979,2.980,2.977,2.982,8.114,8.114,8.115,8.116,8.119,-55.313,-837.000
2.976,2.975,2.979,2.987,2.976,8.113,8.116,8.120,8.110,8.116,-55.313,-836.000
2.975,2.975,2.972,2.976,2.975,8.118,8.111,8.108,8.111,8.111,-55.645,-835.000
2.973,2.973,2.972,2.974,2.971,8.110,8.109,8.108,8.110,8.112,-55.645,-834.000
2.979,2.971,2.968,2.973,2.974,8.101,8.102,8.101,8.103,8.108,-56.021,-833.000
2.976,2.969,2.965,2.972,2.971,8.098,8.095,8.098,8.102,8.098,-56.021,-832.000
2.966,2.964,2.971,2.967,2.968,8.092,8.091,8.088,8.093,8.091,-55.183,-831.000
2.967,2.967,2.967,2.966,2.966,8.085,8.084,8.089,8.083,8.081,-55.183,-830.000
2.967,2.964,2.969,2.967,2.968,8.080,8.085,8.083,8.081,8.080,-54.545,-829.000
2.964,2.962,2.961,2.966,2.963,8.072,8.075,8.070,8.079,8.072,-54.545,-828.000
2.961,2.958,2.957,2.962,2.963,8.072,8.070,8.068,8.067,8.071,-55.573,-827.000
2.959,2.956,2.962,2.954,2.954,8.065,8.065,8.070,8.065,8.065,-55.573,-826.000
2.960,2.960,2.956,2.953,2.951,8.060,8.064,8.061,8.059,8.056,-54.884,-825.000
2.955,2.958,2.951,2.957,2.954,8.052,8.060,8.058,8.056,8.052,-54.884,-824.000
2.954,2.945,2.960,2.954,2.960,8.049,8.051,8.052,8.059,8.055,-54.886,-823.000
2.956,2.953,2.955,2.956,2.958,8.053,8.057,8.053,8.059,8.049,-54.886,-822.000
2.948,2.953,2.954,2.954,2.958,8.049,8.054,8.054,8.057,8.054,-54.518,-821.000
2.948,2.954,2.954,2.947,2.954,8.052,8.055,8.059,8.056,8.053,-54.518,-820.000
2.953,2.955,2.952,2.955,2.948,8.054,8.060,8.056,8.054,8.053,-55.020,-819.000
2.954,2.953,2.949,2.954,2.953,8.061,8.056,8.053,8.058,8.056,-55.020,-818.000
2.954,2.953,2.956,2.947,2.953,8.058,8.062,8.060,8.062,8.060,-55.992,-817.000
2.955,2.959,2.959,2.958,2.958,8.062,8.060,8.060,8.058,8.061,-55.992,-816.000
2.960,2.951,2.958,2.955,2.957,8.060,8.064,8.064,8.061,8.056,-55.347,-815.000
2.961,2.952,2.957,2.957,2.951,8.066,8.063,8.065,8.068,8.065,-55.347,-814.000
2.954,2.956,2.958,2.952,2.958,8.068,8.066,8.062,8.063,8.067,-54.880,-813.000
2.954,2.955,2.953,2.955,2.959,8.074,8.067,8.065,8.068,8.072,-54.880,-812.000
2.952,2.958,2.956,2.956,2.958,8.063,8.063,8.066,8.070,8.069,-55.319,-811.000
2.952,2.957,2.952,2.957,2.955,8.068,8.072,8.068,8.070,8.068,-55.319,-810.000
2.956,2.954,2.957,2.957,2.954,8.066,8.071,8.068,8.071,8.068,-55.430,-809.000
2.951,2.958,2.958,2.957,2.958,8.067,8.071,8.070,8.074,8.070,-55.430,-808.000
2.956,2.954,2.954,2.955,2.959,8.069,8.073,8.073,8.071,8.073,-55.159,-807.000
2.956,2.962,2.956,2.961,2.957,8.070,8.075,8.071,8.066,8.070,-55.159,-806.000
2.955,2.955,2.958,2.955,2.956,8.075,8.077,8.074,8.080,8.077,-55.538,-805.000
2.958,2.957,2.964,2.955,2.964,8.080,8.079,8.079,8.077,8.080,-55.538,-804.000
2.960,2.963,2.965,2.962,2.958,8.084,8.080,8.085,8.079,8.085,-55.772,-803.000
2.962,2.961,2.956,2.963,2.959,8.088,8.088,8.091,8.090,8.085,-55.772,-802.000
2.965,2.959,2.965,2.960,2.959,8.092,8.090,8.087,8.093,8.088,-55.909,-801.000
2.968,2.962,2.959,2.965,2.969,8.096,8.093,8.088,8.092,8.094,-55.909,-800.000
2.963,2.966,2.966,2.964,2.973,8.100,8.099,8.101,8.100,8.098,-55.708,-799.000
2.963,2.965,2.972,2.972,2.964,8.106,8.107,8.107,8.104,8.103,-55.708,-798.000
2.969,2.967,2.971,2.965,2.967,8.105,8.112,8.110,8.111,8.108,-54.963,-797.000
2.967,2.965,2.975,2.969,2.967,8.114,8.108,8.113,8.115,8.118,-54.963,-796.000
2.973,2.969,2.972,2.965,2.966,8.114,8.121,8.116,8.124,8.120,-54.618,-795.000
2.974,2.967,2.977,2.974,2.972,8.120,8.117,8.123,8.122,8.127,-54.618,-794.000
2.968,2.971,2.971,2.971,2.965,8.122,8.120,8.127,8.123,8.122,-54.863,-793.000
2.976,2.971,2.971,2.969,2.972,8.117,8.126,8.119,8.118,8.121,-54.863,-792.000
2.975,2.975,2.970,2.969,2.968,8.124,8.124,8.122,8.126,8.126,-54.655,-791.000
2.965,2.968,2.976,2.973,2.969,8.120,8.123,8.119,8.121,8.121,-54.655,-790.000
2.971,2.966,2.973,2.970,2.968,8.123,8.120,8.124,8.122,8.124,-54.720,-789.000
2.972,2.967,2.965,2.967,2.965,8.120,8.121,8.117,8.120,8.118,-54.720,-788.000
2.969,2.963,2.967,2.965,2.964,8.118,8.117,8.121,8.118,8.122,-55.112,-787.000
2.969,2.964,2.969,2.967,2.968,8.117,8.116,8.115,8.116,8.117,-55.112,-786.000
2.963,2.964,2.966,2.962,2.965,8.111,8.110,8.111,8.111,8.114,-55.954,-785.000
2.964,2.968,2.964,2.962,2.966,8.112,8.110,8.114,8.113,8.113,-55.954,-784.000
2.963,2.962,2.961,2.965,2.959,8.109,8.110,8.111,8.104,8.102,-55.882,-783.000
2.962,2.963,2.961,2.966,2.962,8.099,8.103,8.103,8.103,8.101,-55.882,-782.000
2.961,2.956,2.959,2.959,2.958,8.094,8.097,8.097,8.095,8.103,-54.548,-781.000
2.953,2.952,2.957,2.951,2.956,8.090,8.091,8.094,8.093,8.089,-54.548,-780.000
2.949,2.958,2.954,2.957,2.954,8.090,8.090,8.082,8.089,8.086,-55.089,-779.000
2.953,2.953,2.949,2.954,2.951,8.082,8.083,8.079,8.083,8.076,-55.089,-778.000
2.949,2.946,2.948,2.945,2.944,8.072,8.070,8.074,8.073,8.073,-55.018,-777.000
2.943,2.948,2.952,2.946,2.949,8.068,8.074,8.068,8.064,8.068,-55.018,-776.000
2.943,2.942,2.943,2.947,2.942,8.062,8.062,8.069,8.060,8.062,-55.480,-775.000
2.950,2.937,2.942,2.944,2.944,8.062,8.060,8.058,8.058,8.056,-55.480,-774.000
2.941,2.944,2.939,2.941,2.941,8.051,8.054,8.053,8.056,8.053,-55.174,-773.000
2.941,2.945,2.940,2.937,2.939,8.053,8.057,8.052,8.053,8.050,-55.174,-772.000
2.940,2.940,2.944,2.943,2.939,8.049,8.049,8.053,8.051,8.051,-55.558,-771.000
2.935,2.945,2.943,2.938,2.944,8.044,8.052,8.046,8.047,8.049,-55.558,-770.000
2.943,2.948,2.937,2.939,2.937,8.048,8.041,8.045,8.043,8.050,-54.796,-769.000
2.937,2.935,2.938,2.932,2.933,8.040,8.036,8.036,8.036,8.039,-54.796,-768.000
2.933,2.934,2.935,2.936,2.937,8.031,8.029,8.030,8.031,8.030,-55.506,-767.000
2.924,2.932,2.931,2.932,2.930,8.028,8.024,8.026,8.025,8.022,-55.506,-766.000
2.927,2.929,2.934,2.925,2.928,8.013,8.010,8.008,8.010,8.010,-55.382,-765.000
2.922,2.925,2.921,2.926,2.922,8.001,8.005,8.008,8.003,8.000,-55.382,-764.000
2.923,2.918,2.918,2.921,2.918,7.994,7.992,8.000,7.992,8.000,-54.998,-763.000
2.918,2.922,2.915,2.918,2.909,7.990,7.985,7.979,7.992,7.988,-54.998,-762.000
2.909,2.913,2.914,2.919,2.910,7.986,7.984,7.980,7.987,7.988,-55.224,-761.000
2.914,2.910,2.921,2.912,2.913,7.975,7.978,7.979,7.978,7.983,-55.224,-760.000
2.914,2.911,2.916,2.906,2.913,7.976,7.980,7.979,7.975,7.980,-55.000,-759.000
2.913,2.913,2.909,2.910,2.911,7.984,7.981,7.980,7.978,7.985,-55.000,-758.000
2.911,2.916,2.907,2.918,2.914,7.978,7.977,7.981,7.977,7.984,-54.682,-757.000
2.914,2.916,2.914,2.913,2.910,7.988,7.984,7.985,7.988,7.986,-54.682,-756.000
2.909,2.916,2.915,2.910,2.913,7.984,7.991,7.991,7.989,7.988,-54.595,-755.000
2.915,2.912,2.917,2.908,2.916,7.992,7.991,7.992,7.993,7.992,-54.595,-754.000
2.919,2.924,2.918,2.919,2.922,8.002,8.002,8.002,8.002,8.003,-55.083,-753.000
2.918,2.924,2.927,2.923,2.921,8.011,8.011,8.011,8.015,8.014,-55.083,-752.000
2.927,2.921,2.924,2.924,2.930,8.017,8.014,8.020,8.024,8.021,-54.902,-751.000
2.926,2.926,2.925,2.930,2.921,8.035,8.029,8.032,8.026,8.030,-54.902,-750.000
2.928,2.930,2.933,2.932,2.933,8.039,8.041,8.041,8.040,8.039,-54.961,-749.000
2.934,2.933,2.938,2.934,2.932,8.045,8.047,8.043,8.043,8.043,-54.961,-748.000
2.935,2.936,2.934,2.932,2.924,8.053,8.047,8.053,8.046,8.048,-55.154,-747.000
2.930,2.937,2.935,2.936,2.937,8.055,8.048,8.055,8.058,8.055,-55.154,-746.000
2.932,2.930,2.933,2.934,2.935,8.053,8.053,8.049,8.052,8.052,-55.140,-745.000
2.931,2.931,2.935,2.932,2.932,8.054,8.051,8.047,8.055,8.049,-55.140,-744.000
2.933,2.935,2.932,2.934,2.930,8.052,8.052,8.050,8.056,8.057,-54.916,-743.000
2.938,2.931,2.936,2.932,2.934,8.062,8.062,8.057,8.057,8.056,-54.916,-742.000
2.939,2.928,2.933,2.938,2.941,8.067,8.067,8.069,8.071,8.065,-54.494,-741.000
2.938,2.944,2.937,2.938,2.942,8.076,8.083,8.079,8.075,8.078,-54.494,-740.000
2.950,2.942,2.940,2.945,2.944,8.086,8.086,8.085,8.092,8.088,-53.343,-739.000
2.952,2.951,2.949,2.945,2.949,8.098,8.097,8.100,8.102,8.101,-53.343,-738.000
2.953,2.947,2.948,2.955,2.953,8.108,8.110,8.113,8.114,8.111,-52.927,-737.000
2.951,2.953,2.956,2.952,2.955,8.116,8.117,8.125,8.127,8.120,-52.927,-736.000
2.957,2.957,2.956,2.957,2.955,8.123,8.124,8.126,8.130,8.128,-52.210,-735.000
2.957,2.956,2.959,2.962,2.961,8.134,8.135,8.138,8.139,8.135,-52.210,-734.000
2.961,2.964,2.961,2.959,2.961,8.137,8.135,8.134,8.134,8.136,-52.572,-733.000
2.966,2.951,2.964,2.962,2.961,8.137,8.139,8.138,8.137,8.139,-52.572,-732.000
2.960,2.958,2.955,2.960,2.963,8.135,8.139,8.134,8.134,8.139,-52.575,-731.000
2.956,2.956,2.960,2.958,2.959,8.135,8.135,8.133,8.138,8.132,-52.575,-730.000
2.956,2.956,2.957,2.952,2.958,8.130,8.134,8.131,8.131,8.137,-53.775,-729.000
2.952,2.953,2.958,2.955,2.957,8.125,8.130,8.127,8.132,8.130,-53.775,-728.000
2.953,2.951,2.952,2.956,2.954,8.127,8.127,8.129,8.131,8.132,-54.483,-727.000
2.952,2.951,2.955,2.950,2.954,8.120,8.121,8.123,8.125,8.122,-54.483,-726.000
2.948,2.950,2.953,2.950,2.959,8.118,8.117,8.120,8.123,8.118,-54.815,-725.000
2.948,2.950,2.946,2.954,2.952,8.117,8.119,8.117,8.117,8.121,-54.815,-724.000
2.944,2.947,2.950,2.947,2.947,8.114,8.118,8.111,8.111,8.110,-55.303,-723.000
2.943,2.949,2.947,2.941,2.942,8.105,8.114,8.112,8.113,8.114,-55.303,-722.000
2.945,2.950,2.942,2.943,2.952,8.111,8.109,8.105,8.107,8.110,-54.631,-721.000
2.944,2.944,2.942,2.947,2.942,8.099,8.102,8.103,8.108,8.108,-54.631,-720.000
2.944,2.942,2.939,2.942,2.941,8.103,8.109,8.105,8.105,8.108,-54.865,-719.000
2.937,2.937,2.940,2.945,2.948,8.101,8.104,8.104,8.107,8.104,-54.865,-718.000
2.945,2.944,2.938,2.932,2.942,8.097,8.102,8.104,8.102,8.098,-55.215,-717.000
2.939,2.942,2.942,2.940,2.943,8.093,8.102,8.102,8.097,8.096,-55.215,-716.000
2.942,2.940,2.941,2.936,2.938,8.098,8.096,8.100,8.095,8.103,-55.518,-715.000
2.937,2.936,2.938,2.935,2.937,8.090,8.099,8.091,8.099,8.097,-55.518,-714.000
2.933,2.941,2.937,2.944,2.941,8.089,8.096,8.094,8.095,8.096,-55.686,-713.000
2.935,2.937,2.938,2.938,2.939,8.091,8.089,8.093,8.092,8.091,-55.686,-712.000
2.942,2.942,2.937,2.935,2.937,8.091,8.095,8.095,8.099,8.091,-55.555,-711.000
2.936,2.940,2.937,2.936,2.939,8.097,8.094,8.098,8.092,8.101,-55.555,-710.000
2.937,2.943,2.939,2.938,2.932,8.092,8.102,8.093,8.092,8.094,-55.371,-709.000
2.936,2.934,2.933,2.935,2.933,8.090,8.090,8.095,8.099,8.092,-55.371,-708.000
2.938,2.937,2.937,2.944,2.937,8.094,8.093,8.093,8.093,8.092,-55.056,-707.000
2.938,2.933,2.936,2.937,2.937,8.093,8.093,8.089,8.090,8.091,-55.056,-706.000
2.937,2.935,2.934,2.934,2.936,8.085,8.084,8.089,8.090,8.089,-55.519,-705.000
2.938,2.932,2.937,2.937,2.934,8.087,8.089,8.086,8.086,8.084,-55.519,-704.000
2.934,2.934,2.927,2.935,2.934,8.082,8.087,8.083,8.079,8.088,-56.409,-703.000
2.934,2.934,2.928,2.927,2.932,8.079,8.075,8.077,8.075,8.076,-56.409,-702.000
2.928,2.934,2.930,2.924,2.930,8.078,8.077,8.067,8.073,8.074,-55.688,-701.000
2.927,2.930,2.926,2.928,2.933,8.075,8.072,8.067,8.066,8.068,-55.688,-700.000
2.928,2.924,2.923,2.926,2.923,8.069,8.065,8.067,8.067,8.069,-56.406,-699.000
2.919,2.929,2.922,2.930,2.923,8.065,8.066,8.068,8.063,8.066,-56.406,-698.000
2.925,2.919,2.925,2.922,2.924,8.065,8.063,8.060,8.059,8.062,-56.074,-697.000
2.926,2.925,2.925,2.927,2.921,8.065,8.070,8.061,8.062,8.061,-56.074,-696.000
2.919,2.924,2.933,2.924,2.924,8.064,8.066,8.062,8.068,8.070,-55.364,-695.000
2.924,2.924,2.920,2.925,2.924,8.068,8.072,8.067,8.071,8.068,-55.364,-694.000
2.928,2.924,2.921,2.923,2.920,8.073,8.072,8.070,8.070,8.070,-55.175,-693.000
2.923,2.928,2.927,2.925,2.925,8.075,8.080,8.077,8.068,8.071,-55.175,-692.000
2.931,2.931,2.926,2.931,2.923,8.073,8.080,8.081,8.086,8.080,-55.361,-691.000
2.927,2.926,2.933,2.930,2.927,8.084,8.081,8.086,8.085,8.078,-55.361,-690.000
2.929,2.927,2.926,2.931,2.925,8.084,8.079,8.083,8.083,8.081,-55.202,-689.000
2.930,2.928,2.930,2.926,2.927,8.087,8.089,8.087,8.089,8.079,-55.202,-688.000
2.928,2.928,2.931,2.929,2.928,8.088,8.087,8.085,8.088,8.085,-55.694,-687.000
2.929,2.937,2.928,2.934,2.935,8.086,8.090,8.086,8.090,8.086,-55.694,-686.000
2.925,2.925,2.927,2.927,2.928,8.090,8.086,8.083,8.087,8.087,-55.818,-685.000
2.925,2.928,2.922,2.929,2.925,8.088,8.087,8.084,8.086,8.088,-55.818,-684.000
2.925,2.934,2.927,2.923,2.923,8.079,8.081,8.083,8.080,8.079,-56.220,-683.000
2.917,2.926,2.933,2.920,2.922,8.077,8.076,8.078,8.077,8.078,-56.220,-682.000
2.924,2.926,2.920,2.919,2.923,8.068,8.062,8.071,8.066,8.063,-55.991,-681.000
2.918,2.911,2.920,2.917,2.915,8.061,8.062,8.059,8.063,8.060,-55.991,-680.000
2.912,2.921,2.919,2.917,2.912,8.054,8.052,8.050,8.055,8.059,-55.842,-679.000
2.912,2.918,2.915,2.915,2.912,8.050,8.047,8.042,8.048,8.049,-55.842,-678.000
2.913,2.914,2.912,2.913,2.911,8.040,8.045,8.042,8.047,8.048,-55.001,-677.000
2.910,2.907,2.907,2.910,2.910,8.045,8.042,8.041,8.040,8.042,-55.001,-676.000
2.909,2.909,2.903,2.909,2.903,8.041,8.040,8.039,8.040,8.040,-54.830,-675.000
2.906,2.901,2.906,2.906,2.905,8.040,8.037,8.042,8.034,8.034,-54.830,-674.000
2.908,2.903,2.909,2.907,2.905,8.034,8.031,8.035,8.035,8.035,-54.568,-673.000
2.910,2.907,2.902,2.907,2.899,8.031,8.032,8.032,8.032,8.033,-54.568,-672.000
2.899,2.908,2.907,2.899,2.901,8.030,8.031,8.031,8.028,8.025,-53.207,-671.000
2.903,2.906,2.902,2.898,2.900,8.029,8.030,8.029,8.030,8.029,-53.207,-670.000
2.901,2.902,2.902,2.902,2.902,8.033,8.032,8.023,8.030,8.030,-53.073,-669.000
2.904,2.907,2.901,2.902,2.909,8.037,8.039,8.039,8.034,8.042,-53.073,-668.000
2.908,2.898,2.908,2.909,2.904,8.037,8.040,8.045,8.043,8.039,-53.346,-667.000
2.907,2.906,2.910,2.908,2.902,8.049,8.049,8.043,8.050,8.049,-53.346,-666.000
2.910,2.906,2.908,2.909,2.905,8.047,8.052,8.055,8.052,8.052,-54.197,-665.000
2.905,2.906,2.914,2.908,2.911,8.046,8.050,8.054,8.052,8.052,-54.197,-664.000
2.906,2.907,2.906,2.907,2.902,8.052,8.050,8.047,8.049,8.050,-54.789,-663.000
2.902,2.906,2.905,2.905,2.909,8.053,8.048,8.048,8.049,8.048,-54.789,-662.000
2.902,2.905,2.904,2.903,2.904,8.047,8.052,8.052,8.047,8.051,-54.475,-661.000
2.904,2.902,2.902,2.910,2.904,8.048,8.045,8.050,8.050,8.049,-54.475,-660.000
2.903,2.897,2.902,2.901,2.904,8.046,8.042,8.050,8.049,8.049,-54.747,-659.000
2.902,2.904,2.901,2.903,2.901,8.046,8.047,8.045,8.044,8.044,-54.747,-658.000
2.903,2.904,2.897,2.902,2.906,8.045,8.044,8.048,8.048,8.050,-55.711,-657.000
2.904,2.897,2.908,2.899,2.895,8.047,8.046,8.043,8.043,8.046,-55.711,-656.000
2.907,2.900,2.903,2.908,2.903,8.047,8.050,8.045,8.049,8.050,-55.634,-655.000
2.902,2.907,2.908,2.901,2.907,8.050,8.054,8.055,8.053,8.052,-55.634,-654.000
2.901,2.905,2.904,2.906,2.901,8.057,8.051,8.051,8.050,8.056,-55.192,-653.000
2.909,2.912,2.909,2.903,2.900,8.062,8.058,8.059,8.055,8.061,-55.192,-652.000
2.903,2.909,2.905,2.906,2.908,8.060,8.060,8.060,8.061,8.065,-55.169,-651.000
2.898,2.904,2.903,2.905,2.903,8.063,8.060,8.066,8.063,8.067,-55.169,-650.000
2.909,2.903,2.912,2.906,2.911,8.064,8.069,8.069,8.066,8.070,-56.095,-649.000
2.904,2.909,2.902,2.908,2.906,8.070,8.061,8.068,8.069,8.074,-56.095,-648.000
2.904,2.905,2.907,2.908,2.907,8.068,8.066,8.065,8.069,8.068,-57.689,-647.000
2.906,2.906,2.907,2.908,2.903,8.069,8.067,8.063,8.071,8.069,-57.689,-646.000
2.905,2.904,2.910,2.904,2.907,8.071,8.063,8.071,8.069,8.072,-56.042,-645.000
2.903,2.902,2.905,2.906,2.903,8.069,8.066,8.070,8.070,8.063,-56.042,-644.000
2.904,2.900,2.903,2.910,2.899,8.072,8.072,8.070,8.069,8.067,-56.241,-643.000
2.908,2.909,2.905,2.903,2.899,8.073,8.078,8.072,8.069,8.070,-56.241,-642.000
2.907,2.894,2.909,2.904,2.904,8.078,8.074,8.072,8.071,8.071,-55.550,-641.000
2.907,2.901,2.905,2.901,2.901,8.077,8.074,8.074,8.075,8.079,-55.550,-640.000
2.905,2.904,2.904,2.902,2.903,8.080,8.076,8.080,8.077,8.078,-56.171,-639.000
2.906,2.906,2.901,2.903,2.906,8.078,8.074,8.078,8.071,8.082,-56.171,-638.000
2.901,2.906,2.908,2.909,2.903,8.084,8.082,8.077,8.079,8.082,-55.905,-637.000
2.908,2.911,2.913,2.906,2.903,8.084,8.086,8.087,8.087,8.090,-55.905,-636.000
2.909,2.908,2.909,2.906,2.910,8.086,8.087,8.084,8.085,8.088,-55.362,-635.000
2.901,2.905,2.903,2.906,2.910,8.089,8.090,8.085,8.091,8.091,-55.362,-634.000
2.906,2.909,2.903,2.912,2.914,8.090,8.089,8.089,8.090,8.087,-55.845,-633.000
2.911,2.910,2.906,2.904,2.905,8.091,8.090,8.093,8.092,8.084,-55.845,-632.000
2.905,2.904,2.904,2.901,2.910,8.089,8.089,8.085,8.086,8.091,-55.962,-631.000
2.907,2.907,2.906,2.905,2.910,8.086,8.087,8.088,8.093,8.090,-55.962,-630.000
2.904,2.903,2.903,2.906,2.904,8.087,8.086,8.082,8.083,8.086,-55.642,-629.000
2.901,2.905,2.898,2.907,2.904,8.088,8.076,8.089,8.079,8.083,-55.642,-628.000
2.900,2.901,2.901,2.900,2.902,8.085,8.087,8.083,8.085,8.079,-55.280,-627.000
2.905,2.903,2.904,2.900,2.909,8.084,8.089,8.089,8.087,8.086,-55.280,-626.000
2.903,2.907,2.905,2.903,2.914,8.090,8.089,8.090,8.087,8.087,-55.682,-625.000
2.902,2.896,2.907,2.902,2.902,8.087,8.089,8.082,8.087,8.083,-55.682,-624.000
2.906,2.905,2.903,2.905,2.900,8.092,8.089,8.088,8.089,8.092,-55.378,-623.000
2.903,2.902,2.904,2.909,2.900,8.084,8.088,8.088,8.092,8.093,-55.378,-622.000
2.906,2.906,2.902,2.905,2.898,8.088,8.085,8.086,8.088,8.094,-55.277,-621.000
2.907,2.904,2.903,2.903,2.905,8.089,8.086,8.085,8.087,8.090,-55.277,-620.000
2.903,2.904,2.902,2.898,2.906,8.088,8.091,8.086,8.086,8.087,-55.260,-619.000
2.905,2.906,2.910,2.906,2.906,8.086,8.091,8.094,8.093,8.095,-55.260,-618.000
2.900,2.905,2.902,2.900,2.901,8.092,8.097,8.098,8.089,8.090,-55.506,-617.000
2.901,2.908,2.901,2.904,2.896,8.098,8.096,8.092,8.094,8.095,-55.506,-616.000
2.902,2.899,2.910,2.906,2.906,8.100,8.100,8.098,8.099,8.095,-55.939,-615.000
2.904,2.908,2.905,2.914,2.912,8.098,8.103,8.101,8.103,8.104,-55.939,-614.000
2.907,2.905,2.905,2.905,2.908,8.104,8.104,8.104,8.102,8.104,-55.640,-613.000
2.902,2.902,2.901,2.909,2.901,8.106,8.104,8.104,8.100,8.103,-55.640,-612.000
2.907,2.903,2.905,2.906,2.910,8.104,8.104,8.104,8.105,8.107,-55.901,-611.000
2.906,2.905,2.905,2.909,2.909,8.109,8.110,8.104,8.104,8.101,-55.901,-610.000
2.905,2.910,2.903,2.904,2.914,8.104,8.102,8.107,8.103,8.106,-55.785,-609.000
2.906,2.902,2.902,2.901,2.905,8.106,8.106,8.102,8.110,8.111,-55.785,-608.000
2.902,2.906,2.903,2.904,2.905,8.103,8.109,8.106,8.102,8.105,-56.274,-607.000
2.904,2.903,2.900,2.903,2.900,8.102,8.099,8.103,8.108,8.106,-56.274,-606.000
2.904,2.911,2.904,2.906,2.902,8.110,8.107,8.107,8.105,8.111,-55.378,-605.000
2.901,2.903,2.906,2.900,2.903,8.107,8.106,8.115,8.111,8.109,-55.378,-604.000
2.906,2.904,2.904,2.905,2.903,8.108,8.116,8.105,8.106,8.109,-55.201,-603.000
2.902,2.907,2.905,2.903,2.900,8.108,8.109,8.109,8.107,8.113,-55.201,-602.000
2.908,2.902,2.902,2.911,2.906,8.111,8.113,8.113,8.113,8.114,-55.201,-601.000
2.902,2.901,2.909,2.902,2.904,8.111,8.114,8.113,8.110,8.110,-55.211,-600.000
2.906,2.903,2.903,2.906,2.902,8.113,8.114,8.111,8.112,8.119,-55.211,-599.000
2.903,2.909,2.903,2.903,2.902,8.118,8.118,8.117,8.113,8.112,-55.735,-598.000
2.906,2.906,2.907,2.910,2.902,8.124,8.116,8.122,8.123,8.122,-55.735,-597.000
2.911,2.907,2.905,2.909,2.907,8.122,8.124,8.119,8.121,8.123,-55.194,-596.000
2.902,2.908,2.902,2.907,2.909,8.126,8.129,8.124,8.124,8.122,-55.194,-595.000
2.905,2.907,2.905,2.907,2.912,8.125,8.128,8.123,8.125,8.122,-55.063,-594.000
2.898,2.901,2.906,2.906,2.902,8.129,8.125,8.125,8.125,8.121,-55.063,-593.000
2.903,2.904,2.903,2.906,2.907,8.121,8.122,8.122,8.126,8.123,-54.673,-592.000
2.905,2.898,2.901,2.899,2.904,8.125,8.128,8.121,8.119,8.122,-54.673,-591.000
2.903,2.904,2.904,2.902,2.906,8.125,8.123,8.122,8.124,8.121,-55.093,-590.000
2.901,2.900,2.904,2.900,2.896,8.121,8.118,8.119,8.121,8.125,-55.093,-589.000
2.907,2.901,2.905,2.906,2.899,8.124,8.121,8.124,8.121,8.120,-55.561,-588.000
2.902,2.898,2.899,2.900,2.901,8.124,8.120,8.118,8.116,8.120,-55.561,-587.000
2.896,2.902,2.891,2.903,2.901,8.123,8.121,8.120,8.119,8.117,-54.929,-586.000
2.899,2.897,2.906,2.902,2.900,8.121,8.123,8.117,8.120,8.118,-54.929,-585.000
2.901,2.898,2.900,2.898,2.906,8.124,8.121,8.119,8.117,8.117,-54.921,-584.000
2.899,2.903,2.899,2.899,2.901,8.117,8.115,8.117,8.118,8.119,-54.921,-583.000
2.898,2.894,2.898,2.892,2.897,8.118,8.114,8.113,8.114,8.111,-55.475,-582.000
2.901,2.897,2.899,2.897,2.898,8.110,8.116,8.114,8.109,8.112,-55.475,-581.000
2.894,2.894,2.894,2.894,2.893,8.112,8.116,8.114,8.110,8.111,-55.809,-580.000
2.889,2.890,2.892,2.893,2.887,8.102,8.109,8.104,8.108,8.106,-55.809,-579.000
2.892,2.891,2.890,2.895,2.889,8.104,8.105,8.110,8.103,8.108,-55.417,-578.000
2.892,2.890,2.889,2.889,2.894,8.105,8.102,8.107,8.105,8.107,-55.417,-577.000
2.888,2.890,2.889,2.892,2.891,8.102,8.109,8.107,8.107,8.105,-54.959,-576.000
2.892,2.897,2.883,2.888,2.890,8.104,8.101,8.104,8.107,8.104,-54.959,-575.000
2.890,2.890,2.886,2.888,2.891,8.110,8.103,8.105,8.106,8.107,-54.797,-574.000
2.890,2.891,2.886,2.887,2.888,8.105,8.102,8.099,8.101,8.102,-54.797,-573.000
2.891,2.889,2.896,2.894,2.887,8.100,8.098,8.101,8.091,8.094,-54.312,-572.000
2.884,2.886,2.874,2.890,2.888,8.092,8.095,8.094,8.088,8.092,-54.312,-571.000
2.884,2.886,2.879,2.884,2.880,8.084,8.084,8.085,8.084,8.078,-54.534,-570.000
2.875,2.883,2.877,2.881,2.878,8.082,8.073,8.077,8.079,8.076,-54.534,-569.000
2.874,2.881,2.879,2.872,2.879,8.069,8.067,8.066,8.070,8.075,-54.252,-568.000
2.878,2.876,2.870,2.878,2.879,8.064,8.067,8.063,8.064,8.067,-54.252,-567.000
2.871,2.869,2.865,2.874,2.870,8.065,8.065,8.064,8.062,8.064,-54.101,-566.000
2.869,2.878,2.871,2.872,2.872,8.061,8.060,8.056,8.057,8.057,-54.101,-565.000
2.866,2.871,2.870,2.867,2.868,8.055,8.056,8.059,8.054,8.056,-54.101,-564.000
2.865,2.872,2.867,2.873,2.870,8.058,8.057,8.058,8.054,8.057,-53.974,-563.000
2.863,2.865,2.870,2.871,2.875,8.053,8.055,8.060,8.055,8.055,-53.974,-562.000
2.869,2.870,2.872,2.872,2.867,8.057,8.054,8.054,8.055,8.059,-53.730,-561.000
2.869,2.866,2.871,2.869,2.867,8.060,8.059,8.058,8.056,8.056,-53.730,-560.000
2.868,2.865,2.870,2.864,2.874,8.061,8.058,8.061,8.054,8.056,-54.819,-559.000
2.872,2.870,2.867,2.870,2.864,8.057,8.059,8.060,8.059,8.065,-54.819,-558.000
2.867,2.870,2.868,2.874,2.870,8.054,8.060,8.060,8.058,8.060,-55.425,-557.000
2.871,2.866,2.870,2.866,2.870,8.062,8.065,8.062,8.062,8.061,-55.425,-556.000
2.868,2.866,2.870,2.865,2.873,8.063,8.065,8.061,8.058,8.062,-55.610,-555.000
2.868,2.870,2.869,2.868,2.871,8.064,8.068,8.064,8.068,8.065,-55.610,-554.000
2.869,2.871,2.871,2.866,2.867,8.064,8.060,8.069,8.070,8.069,-55.964,-553.000
2.869,2.867,2.870,2.867,2.869,8.066,8.068,8.073,8.072,8.070,-55.964,-552.000
2.872,2.872,2.874,2.869,2.871,8.066,8.071,8.072,8.072,8.070,-55.892,-551.000
2.869,2.864,2.869,2.872,2.868,8.077,8.070,8.072,8.074,8.081,-55.892,-550.000
2.873,2.875,2.873,2.872,2.873,8.082,8.075,8.077,8.076,8.077,-55.659,-549.000
2.871,2.871,2.868,2.876,2.869,8.079,8.075,8.081,8.077,8.077,-55.659,-548.000
2.875,2.871,2.868,2.874,2.871,8.082,8.084,8.073,8.083,8.078,-55.713,-547.000
2.875,2.877,2.870,2.871,2.874,8.083,8.090,8.083,8.085,8.081,-55.713,-546.000
2.870,2.866,2.874,2.865,2.872,8.083,8.086,8.088,8.084,8.083,-56.477,-545.000
2.871,2.874,2.874,2.869,2.872,8.089,8.086,8.084,8.085,8.083,-56.477,-544.000
2.865,2.868,2.863,2.872,2.873,8.088,8.089,8.087,8.088,8.083,-56.327,-543.000
2.869,2.873,2.868,2.871,2.867,8.090,8.083,8.085,8.080,8.088,-56.327,-542.000
2.867,2.866,2.864,2.871,2.871,8.090,8.086,8.087,8.087,8.089,-55.746,-541.000
2.873,2.873,2.867,2.869,2.869,8.089,8.090,8.087,8.090,8.093,-55.746,-540.000
2.870,2.866,2.866,2.868,2.863,8.086,8.086,8.086,8.086,8.090,-55.605,-539.000
2.860,2.863,2.867,2.865,2.869,8.088,8.085,8.088,8.085,8.089,-55.605,-538.000
2.865,2.870,2.865,2.859,2.870,8.085,8.078,8.082,8.088,8.084,-56.421,-537.000
2.865,2.866,2.860,2.860,2.859,8.082,8.085,8.084,8.085,8.080,-56.421,-536.000
2.860,2.863,2.863,2.860,2.862,8.083,8.085,8.081,8.078,8.075,-56.059,-535.000
2.865,2.862,2.864,2.863,2.870,8.083,8.082,8.078,8.077,8.090,-56.059,-534.000
2.862,2.862,2.864,2.863,2.866,8.078,8.078,8.080,8.084,8.081,-55.901,-533.000
2.861,2.866,2.863,2.861,2.862,8.082,8.081,8.082,8.079,8.080,-55.901,-532.000
2.864,2.862,2.860,2.863,2.866,8.077,8.081,8.083,8.088,8.086,-54.884,-531.000
2.861,2.862,2.866,2.865,2.865,8.084,8.083,8.080,8.084,8.084,-54.884,-530.000
2.856,2.864,2.865,2.863,2.862,8.087,8.082,8.083,8.083,8.075,-54.778,-529.000
2.860,2.861,2.861,2.858,2.862,8.084,8.084,8.081,8.083,8.083,-54.778,-528.000
2.855,2.857,2.863,2.856,2.857,8.081,8.076,8.080,8.082,8.080,-56.076,-527.000
2.860,2.850,2.858,2.860,2.862,8.078,8.077,8.083,8.083,8.078,-56.076,-526.000
2.857,2.860,2.855,2.862,2.853,8.083,8.075,8.078,8.080,8.081,-55.408,-525.000
2.863,2.856,2.859,2.858,2.856,8.080,8.081,8.084,8.078,8.086,-55.408,-524.000
2.861,2.860,2.856,2.858,2.861,8.080,8.086,8.085,8.081,8.084,-55.085,-523.000
2.862,2.861,2.860,2.856,2.859,8.077,8.078,8.087,8.085,8.088,-55.085,-522.000
2.859,2.858,2.859,2.854,2.861,8.083,8.084,8.087,8.082,8.084,-54.798,-521.000
2.853,2.856,2.860,2.861,2.856,8.081,8.084,8.085,8.088,8.087,-54.798,-520.000
2.862,2.863,2.865,2.853,2.863,8.084,8.088,8.086,8.086,8.090,-54.679,-519.000
2.861,2.858,2.858,2.860,2.859,8.092,8.086,8.086,8.086,8.091,-54.679,-518.000
2.863,2.858,2.855,2.856,2.863,8.086,8.091,8.092,8.084,8.086,-54.664,-517.000
2.860,2.865,2.860,2.861,2.861,8.086,8.088,8.088,8.083,8.086,-54.664,-516.000
2.866,2.855,2.859,2.857,2.858,8.089,8.087,8.090,8.090,8.088,-55.450,-515.000
2.863,2.855,2.860,2.860,2.851,8.089,8.090,8.087,8.085,8.083,-55.450,-514.000
2.852,2.856,2.858,2.852,2.853,8.086,8.082,8.087,8.089,8.087,-54.959,-513.000
2.854,2.859,2.852,2.854,2.857,8.080,8.084,8.084,8.080,8.084,-54.959,-512.000
2.849,2.857,2.863,2.851,2.851,8.084,8.080,8.084,8.080,8.078,-54.808,-511.000
2.850,2.854,2.854,2.859,2.850,8.079,8.081,8.082,8.081,8.082,-54.808,-510.000
2.848,2.855,2.850,2.849,2.850,8.078,8.076,8.080,8.079,8.077,-54.965,-509.000
2.846,2.852,2.854,2.858,2.851,8.070,8.077,8.079,8.071,8.079,-54.965,-508.000
2.851,2.846,2.849,2.848,2.852,8.068,8.076,8.070,8.069,8.077,-54.995,-507.000
2.845,2.845,2.847,2.846,2.839,8.074,8.070,8.067,8.072,8.065,-54.995,-506.000
2.845,2.842,2.844,2.846,2.850,8.067,8.063,8.067,8.065,8.068,-55.808,-505.000
2.843,2.835,2.841,2.842,2.841,8.054,8.052,8.059,8.057,8.057,-55.808,-504.000
2.839,2.837,2.840,2.841,2.837,8.055,8.056,8.055,8.059,8.057,-56.153,-503.000
2.840,2.841,2.839,2.841,2.839,8.054,8.059,8.055,8.063,8.052,-56.153,-502.000
2.840,2.842,2.836,2.833,2.841,8.056,8.059,8.051,8.050,8.056,-55.416,-501.000
2.838,2.844,2.836,2.838,2.844,8.058,8.057,8.059,8.062,8.060,-55.416,-500.000
2.839,2.840,2.838,2.840,2.835,8.066,8.059,8.060,8.058,8.058,-55.537,-499.000
2.849,2.838,2.847,2.841,2.840,8.067,8.064,8.067,8.066,8.062,-55.537,-498.000
2.835,2.844,2.834,2.847,2.839,8.067,8.073,8.067,8.067,8.069,-55.745,-497.000
2.841,2.844,2.840,2.847,2.847,8.072,8.070,8.073,8.070,8.071,-55.745,-496.000
2.843,2.847,2.851,2.847,2.847,8.078,8.075,8.072,8.077,8.074,-55.426,-495.000
2.840,2.847,2.844,2.849,2.843,8.076,8.083,8.077,8.084,8.082,-55.426,-494.000
2.849,2.847,2.842,2.844,2.849,8.081,8.081,8.086,8.084,8.085,-55.074,-493.000
2.849,2.845,2.846,2.853,2.847,8.088,8.086,8.077,8.084,8.085,-55.074,-492.000
2.848,2.848,2.850,2.846,2.844,8.081,8.089,8.091,8.089,8.090,-55.074,-491.000
2.847,2.848,2.842,2.848,2.847,8.090,8.087,8.091,8.090,8.086,-55.591,-490.000
2.848,2.848,2.844,2.846,2.848,8.089,8.090,8.089,8.089,8.087,-55.591,-489.000
2.850,2.842,2.848,2.845,2.841,8.085,8.086,8.088,8.085,8.086,-55.491,-488.000
2.846,2.847,2.845,2.844,2.845,8.089,8.084,8.082,8.082,8.086,-55.491,-487.000
2.840,2.846,2.847,2.843,2.843,8.089,8.082,8.082,8.081,8.082,-55.658,-486.000
2.840,2.842,2.841,2.847,2.846,8.084,8.085,8.079,8.086,8.086,-55.658,-485.000
2.840,2.841,2.838,2.849,2.844,8.082,8.080,8.073,8.079,8.081,-55.620,-484.000
2.838,2.836,2.840,2.838,2.844,8.079,8.080,8.083,8.079,8.077,-55.620,-483.000
2.839,2.840,2.841,2.836,2.841,8.079,8.079,8.082,8.081,8.084,-56.440,-482.000
2.841,2.838,2.838,2.841,2.835,8.078,8.081,8.079,8.081,8.077,-56.440,-481.000
2.839,2.841,2.839,2.841,2.838,8.078,8.082,8.078,8.073,8.073,-55.605,-480.000
2.836,2.845,2.836,2.832,2.837,8.079,8.072,8.076,8.076,8.076,-55.605,-479.000
2.837,2.837,2.839,2.833,2.837,8.076,8.075,8.072,8.075,8.071,-55.212,-478.000
2.834,2.833,2.836,2.841,2.839,8.072,8.069,8.070,8.070,8.074,-55.212,-477.000
2.833,2.835,2.835,2.836,2.835,8.070,8.073,8.068,8.071,8.067,-55.519,-476.000
2.838,2.827,2.836,2.830,2.830,8.069,8.073,8.069,8.067,8.074,-55.519,-475.000
2.829,2.836,2.832,2.837,2.830,8.068,8.072,8.068,8.064,8.065,-55.447,-474.000
2.829,2.836,2.832,2.829,2.836,8.067,8.071,8.065,8.063,8.073,-55.447,-473.000
2.833,2.825,2.832,2.833,2.833,8.065,8.066,8.072,8.070,8.065,-54.933,-472.000
2.829,2.827,2.834,2.829,2.830,8.064,8.061,8.065,8.063,8.067,-54.933,-471.000
2.829,2.825,2.830,2.827,2.824,8.070,8.062,8.061,8.062,8.062,-55.079,-470.000
2.825,2.829,2.829,2.831,2.830,8.064,8.066,8.064,8.065,8.063,-55.079,-469.000
2.829,2.832,2.831,2.828,2.825,8.063,8.065,8.059,8.057,8.061,-55.213,-468.000
2.827,2.826,2.832,2.829,2.828,8.060,8.057,8.059,8.062,8.062,-55.213,-467.000
2.828,2.824,2.829,2.825,2.829,8.058,8.053,8.057,8.059,8.062,-54.894,-466.000
2.826,2.829,2.826,2.824,2.824,8.055,8.057,8.053,8.057,8.056,-54.894,-465.000
2.827,2.822,2.820,2.825,2.821,8.054,8.053,8.057,8.053,8.053,-55.347,-464.000
2.821,2.823,2.824,2.825,2.825,8.050,8.054,8.056,8.055,8.057,-55.347,-463.000
2.825,2.823,2.824,2.825,2.818,8.051,8.050,8.056,8.052,8.059,-55.181,-462.000
2.819,2.822,2.827,2.826,2.827,8.052,8.053,8.058,8.056,8.057,-55.181,-461.000
2.825,2.824,2.823,2.821,2.824,8.060,8.057,8.063,8.057,8.057,-55.298,-460.000
2.826,2.823,2.822,2.822,2.831,8.058,8.057,8.058,8.060,8.061,-55.298,-459.000
2.825,2.824,2.831,2.820,2.824,8.059,8.060,8.061,8.069,8.064,-55.720,-458.000
2.831,2.825,2.822,2.827,2.827,8.059,8.063,8.062,8.065,8.062,-55.720,-457.000
2.820,2.828,2.829,2.818,2.825,8.065,8.065,8.064,8.067,8.062,-55.372,-456.000
2.825,2.826,2.820,2.823,2.822,8.061,8.063,8.064,8.065,8.063,-55.372,-455.000
2.823,2.829,2.821,2.819,2.818,8.058,8.062,8.063,8.062,8.058,-55.279,-454.000
2.824,2.817,2.822,2.822,2.822,8.061,8.052,8.055,8.054,8.055,-55.279,-453.000
2.820,2.821,2.823,2.822,2.821,8.051,8.054,8.056,8.058,8.052,-55.345,-452.000
2.821,2.815,2.819,2.820,2.818,8.044,8.048,8.041,8.042,8.048,-55.345,-451.000
2.813,2.818,2.821,2.818,2.815,8.047,8.041,8.042,8.043,8.040,-55.070,-450.000
2.811,2.810,2.813,2.813,2.813,8.043,8.041,8.040,8.037,8.040,-55.070,-449.000
2.817,2.815,2.814,2.816,2.810,8.039,8.037,8.038,8.037,8.033,-55.040,-448.000
2.811,2.817,2.814,2.811,2.808,8.035,8.038,8.040,8.033,8.036,-55.040,-447.000
2.815,2.813,2.812,2.810,2.807,8.044,8.036,8.042,8.037,8.036,-54.798,-446.000
2.808,2.815,2.812,2.810,2.812,8.042,8.041,8.040,8.038,8.037,-54.798,-445.000
2.816,2.813,2.814,2.816,2.818,8.041,8.042,8.042,8.046,8.043,-54.796,-444.000
2.815,2.813,2.814,2.816,2.812,8.046,8.051,8.048,8.047,8.045,-54.796,-443.000
2.816,2.815,2.809,2.815,2.812,8.048,8.044,8.045,8.043,8.046,-54.884,-442.000
2.815,2.818,2.813,2.810,2.814,8.046,8.045,8.045,8.047,8.048,-54.884,-441.000
2.811,2.808,2.810,2.813,2.805,8.045,8.043,8.045,8.048,8.047,-54.695,-440.000
2.814,2.806,2.808,2.812,2.812,8.044,8.043,8.047,8.043,8.041,-54.695,-439.000
2.815,2.813,2.805,2.816,2.814,8.051,8.043,8.043,8.038,8.040,-54.918,-438.000
2.812,2.811,2.806,2.808,2.810,8.038,8.038,8.040,8.039,8.040,-54.918,-437.000
2.808,2.807,2.807,2.808,2.799,8.033,8.038,8.035,8.036,8.039,-54.569,-436.000
2.810,2.798,2.799,2.808,2.815,8.031,8.026,8.033,8.035,8.026,-54.569,-435.000
2.802,2.803,2.805,2.808,2.802,8.035,8.028,8.025,8.026,8.021,-55.002,-434.000
2.798,2.803,2.801,2.800,2.808,8.029,8.024,8.021,8.020,8.023,-55.002,-433.000
2.804,2.800,2.801,2.801,2.800,8.022,8.015,8.018,8.015,8.019,-55.299,-432.000
2.802,2.800,2.802,2.799,2.801,8.019,8.014,8.017,8.014,8.016,-55.299,-431.000
2.796,2.796,2.800,2.800,2.803,8.015,8.014,8.013,8.010,8.015,-55.299,-430.000
2.804,2.802,2.797,2.802,2.793,8.013,8.012,8.007,8.011,8.014,-54.876,-429.000
2.798,2.794,2.801,2.799,2.793,8.005,8.009,8.015,8.011,8.009,-54.876,-428.000
2.791,2.797,2.797,2.792,2.797,8.006,8.005,8.008,8.009,8.004,-54.876,-427.000
2.790,2.792,2.793,2.793,2.792,8.005,8.003,8.006,8.001,8.003,-55.092,-426.000
2.797,2.783,2.790,2.790,2.795,8.000,7.996,8.001,7.995,7.996,-55.092,-425.000
2.792,2.788,2.801,2.789,2.786,7.992,7.993,7.994,7.997,7.997,-53.156,-424.000
2.784,2.787,2.788,2.784,2.779,7.985,7.986,7.980,7.988,7.985,-53.156,-423.000
2.791,2.787,2.785,2.784,2.792,7.981,7.983,7.983,7.987,7.981,-53.014,-422.000
2.785,2.785,2.783,2.782,2.786,7.987,7.985,7.984,7.987,7.987,-53.014,-421.000
2.790,2.787,2.790,2.788,2.783,7.983,7.991,7.993,7.993,7.997,-53.238,-420.000
2.785,2.790,2.785,2.790,2.792,8.000,7.995,8.002,7.994,8.000,-53.238,-419.000
2.792,2.789,2.798,2.795,2.788,8.012,8.009,8.005,8.010,8.006,-53.084,-418.000
2.798,2.794,2.790,2.792,2.793,8.018,8.017,8.019,8.024,8.025,-53.084,-417.000
2.795,2.795,2.792,2.792,2.803,8.023,8.027,8.032,8.025,8.023,-54.054,-416.000
2.797,2.804,2.797,2.794,2.800,8.030,8.028,8.026,8.034,8.032,-54.054,-415.000
2.799,2.799,2.800,2.804,2.796,8.039,8.038,8.038,8.037,8.042,-55.218,-414.000
2.804,2.801,2.799,2.799,2.805,8.035,8.033,8.037,8.039,8.039,-55.218,-413.000
2.803,2.800,2.805,2.800,2.796,8.040,8.036,8.035,8.037,8.040,-55.392,-412.000
2.802,2.799,2.796,2.802,2.799,8.040,8.042,8.038,8.043,8.040,-55.392,-411.000
2.801,2.798,2.801,2.799,2.796,8.031,8.039,8.042,8.043,8.038,-55.770,-410.000
2.800,2.802,2.806,2.791,2.798,8.044,8.042,8.042,8.042,8.044,-55.770,-409.000
2.797,2.802,2.800,2.805,2.800,8.041,8.043,8.045,8.042,8.043,-55.597,-408.000
2.798,2.803,2.800,2.799,2.800,8.051,8.052,8.050,8.052,8.049,-55.597,-407.000
2.808,2.802,2.799,2.806,2.801,8.056,8.054,8.053,8.055,8.051,-55.597,-406.000
2.806,2.802,2.800,2.801,2.802,8.053,8.054,8.057,8.050,8.053,-54.786,-405.000
2.802,2.803,2.806,2.807,2.804,8.057,8.057,8.054,8.059,8.053,-54.786,-404.000
2.804,2.808,2.808,2.803,2.810,8.059,8.062,8.059,8.058,8.060,-55.254,-403.000
2.800,2.806,2.804,2.804,2.812,8.059,8.059,8.059,8.057,8.057,-55.254,-402.000
2.803,2.802,2.795,2.795,2.805,8.055,8.056,8.062,8.060,8.059,-55.149,-401.000
2.800,2.804,2.796,2.801,2.802,8.057,8.051,8.052,8.059,8.058,-55.149,-400.000
2.803,2.799,2.798,2.801,2.798,8.052,8.051,8.055,8.055,8.057,-55.149,-399.000
2.800,2.801,2.798,2.797,2.793,8.051,8.054,8.046,8.054,8.054,-55.734,-398.000
2.798,2.796,2.796,2.798,2.791,8.051,8.058,8.053,8.057,8.055,-55.734,-397.000
2.804,2.793,2.793,2.793,2.791,8.052,8.046,8.046,8.047,8.045,-55.734,-396.000
2.795,2.793,2.794,2.796,2.791,8.044,8.043,8.044,8.048,8.049,-55.465,-395.000
2.795,2.795,2.796,2.790,2.795,8.043,8.047,8.042,8.041,8.042,-55.465,-394.000
2.795,2.799,2.787,2.796,2.789,8.040,8.039,8.040,8.047,8.044,-55.465,-393.000
2.790,2.792,2.791,2.791,2.798,8.043,8.039,8.039,8.047,8.043,-55.357,-392.000
2.792,2.794,2.791,2.791,2.792,8.039,8.040,8.040,8.042,8.042,-55.357,-391.000
2.798,2.787,2.792,2.785,2.785,8.041,8.037,8.042,8.039,8.039,-55.357,-390.000
2.786,2.785,2.793,2.787,2.784,8.043,8.043,8.040,8.044,8.045,-56.050,-389.000
2.788,2.792,2.788,2.790,2.790,8.032,8.039,8.043,8.042,8.040,-56.050,-388.000
2.787,2.785,2.789,2.787,2.788,8.045,8.041,8.037,8.034,8.041,-56.082,-387.000
2.786,2.783,2.784,2.790,2.785,8.041,8.037,8.037,8.042,8.044,-56.082,-386.000
2.790,2.787,2.793,2.785,2.792,8.039,8.037,8.042,8.041,8.044,-56.007,-385.000
2.784,2.791,2.788,2.788,2.784,8.052,8.046,8.045,8.044,8.049,-56.007,-384.000
2.789,2.789,2.789,2.789,2.797,8.045,8.050,8.051,8.052,8.052,-55.596,-383.000
2.788,2.795,2.791,2.796,2.783,8.056,8.053,8.055,8.058,8.053,-55.596,-382.000
2.794,2.789,2.787,2.785,2.788,8.057,8.059,8.058,8.056,8.055,-55.952,-381.000
2.782,2.794,2.794,2.790,2.790,8.058,8.056,8.057,8.061,8.058,-55.952,-380.000
2.790,2.794,2.789,2.791,2.790,8.061,8.066,8.061,8.059,8.060,-55.269,-379.000
2.792,2.792,2.798,2.793,2.791,8.064,8.063,8.061,8.067,8.065,-55.269,-378.000
2.790,2.795,2.790,2.792,2.788,8.069,8.068,8.068,8.068,8.063,-55.403,-377.000
2.792,2.793,2.799,2.795,2.794,8.068,8.072,8.074,8.072,8.074,-55.403,-376.000
2.792,2.789,2.794,2.791,2.799,8.071,8.067,8.072,8.070,8.069,-55.096,-375.000
2.793,2.797,2.796,2.793,2.799,8.073,8.077,8.074,8.074,8.072,-55.096,-374.000
2.801,2.795,2.797,2.793,2.793,8.074,8.081,8.078,8.076,8.082,-54.948,-373.000
2.791,2.792,2.796,2.795,2.796,8.082,8.077,8.080,8.077,8.075,-54.948,-372.000
2.790,2.798,2.789,2.788,2.793,8.081,8.084,8.080,8.075,8.079,-56.222,-371.000
2.797,2.792,2.797,2.794,2.795,8.081,8.083,8.084,8.080,8.080,-56.222,-370.000
2.795,2.794,2.796,2.798,2.786,8.077,8.080,8.079,8.085,8.083,-55.572,-369.000
2.797,2.794,2.793,2.794,2.791,8.081,8.083,8.077,8.083,8.083,-55.572,-368.000
2.796,2.788,2.792,2.798,2.797,8.083,8.084,8.087,8.081,8.080,-55.191,-367.000
2.784,2.790,2.789,2.788,2.786,8.077,8.082,8.079,8.078,8.080,-55.191,-366.000
2.788,2.792,2.790,2.794,2.795,8.075,8.078,8.076,8.078,8.083,-54.976,-365.000
2.795,2.788,2.787,2.789,2.786,8.075,8.077,8.076,8.072,8.076,-54.976,-364.000
2.792,2.794,2.789,2.783,2.792,8.073,8.075,8.077,8.071,8.075,-53.853,-363.000
2.789,2.790,2.788,2.786,2.789,8.068,8.064,8.066,8.070,8.066,-53.853,-362.000
2.787,2.785,2.782,2.793,2.781,8.064,8.060,8.061,8.056,8.065,-53.176,-361.000
2.781,2.779,2.787,2.780,2.782,8.052,8.051,8.048,8.052,8.057,-53.176,-360.000
2.777,2.777,2.774,2.780,2.777,8.045,8.042,8.048,8.047,8.047,-53.126,-359.000
2.776,2.776,2.774,2.778,2.774,8.038,8.036,8.042,8.043,8.042,-53.126,-358.000
2.774,2.774,2.779,2.775,2.775,8.036,8.035,8.035,8.036,8.030,-53.177,-357.000
2.773,2.774,2.772,2.771,2.771,8.025,8.025,8.022,8.027,8.028,-53.177,-356.000
2.765,2.768,2.766,2.765,2.764,8.013,8.014,8.013,8.016,8.014,-53.876,-355.000
2.759,2.761,2.761,2.761,2.757,8.007,8.001,8.009,8.004,8.005,-53.876,-354.000
2.758,2.756,2.762,2.758,2.751,7.992,7.992,7.997,7.989,7.991,-54.428,-353.000
2.746,2.754,2.756,2.755,2.759,7.986,7.991,7.986,7.987,7.987,-54.428,-352.000
2.752,2.759,2.753,2.752,2.751,7.990,7.986,7.989,7.991,7.992,-54.765,-351.000
2.758,2.753,2.755,2.759,2.756,7.987,7.992,7.990,7.997,7.991,-54.765,-350.000
2.755,2.758,2.762,2.758,2.754,8.000,7.996,7.998,7.998,7.999,-54.839,-349.000
2.762,2.753,2.758,2.756,2.758,8.011,8.002,8.004,8.003,8.010,-54.839,-348.000
2.763,2.758,2.765,2.762,2.756,8.011,8.012,8.011,8.013,8.009,-55.347,-347.000
2.768,2.762,2.766,2.764,2.765,8.014,8.017,8.015,8.017,8.017,-55.347,-346.000
2.764,2.762,2.761,2.763,2.764,8.013,8.016,8.011,8.010,8.016,-54.971,-345.000
2.761,2.758,2.761,2.759,2.758,8.010,8.010,8.011,8.011,8.012,-54.971,-344.000
2.762,2.756,2.758,2.762,2.758,8.010,8.003,8.004,8.000,8.003,-55.173,-343.000
2.749,2.755,2.758,2.753,2.756,8.006,8.004,8.005,8.004,8.000,-55.173,-342.000
2.756,2.760,2.752,2.755,2.755,8.012,8.010,8.006,8.011,8.008,-55.311,-341.000
2.764,2.759,2.758,2.755,2.757,8.018,8.019,8.020,8.022,8.016,-55.311,-340.000
2.763,2.765,2.772,2.760,2.764,8.029,8.032,8.029,8.026,8.027,-55.698,-339.000
2.770,2.772,2.771,2.771,2.765,8.046,8.043,8.047,8.043,8.041,-55.698,-338.000
2.771,2.772,2.770,2.770,2.771,8.051,8.051,8.051,8.047,8.054,-55.395,-337.000
2.772,2.772,2.778,2.771,2.773,8.057,8.060,8.063,8.059,8.054,-55.395,-336.000
2.773,2.775,2.774,2.769,2.772,8.061,8.062,8.064,8.061,8.065,-55.171,-335.000
2.773,2.775,2.779,2.774,2.781,8.067,8.064,8.069,8.068,8.070,-55.171,-334.000
2.775,2.769,2.778,2.776,2.773,8.066,8.066,8.071,8.070,8.074,-55.259,-333.000
2.776,2.780,2.775,2.776,2.777,8.074,8.073,8.068,8.074,8.070,-55.259,-332.000
2.776,2.777,2.776,2.780,2.778,8.072,8.069,8.070,8.070,8.069,-55.478,-331.000
2.763,2.774,2.779,2.773,2.769,8.068,8.065,8.065,8.061,8.068,-55.478,-330.000
2.775,2.774,2.771,2.776,2.774,8.063,8.065,8.067,8.064,8.060,-55.452,-329.000
2.774,2.773,2.770,2.779,2.768,8.058,8.056,8.057,8.059,8.065,-55.452,-328.000
2.773,2.776,2.770,2.768,2.770,8.062,8.057,8.057,8.064,8.053,-55.763,-327.000
2.767,2.767,2.767,2.772,2.772,8.053,8.050,8.051,8.053,8.056,-55.763,-326.000
2.768,2.771,2.767,2.770,2.768,8.051,8.052,8.055,8.049,8.054,-56.509,-325.000
2.767,2.764,2.770,2.775,2.763,8.053,8.049,8.052,8.056,8.053,-56.509,-324.000
2.763,2.769,2.771,2.771,2.769,8.053,8.047,8.049,8.055,8.053,-55.901,-323.000
2.765,2.766,2.767,2.767,2.767,8.053,8.047,8.053,8.055,8.054,-55.901,-322.000
2.768,2.773,2.770,2.771,2.770,8.055,8.053,8.053,8.059,8.057,-55.746,-321.000
2.766,2.768,2.763,2.768,2.769,8.058,8.052,8.059,8.050,8.053,-55.746,-320.000
2.766,2.767,2.772,2.764,2.770,8.051,8.051,8.052,8.054,8.051,-55.859,-319.000
2.761,2.763,2.766,2.765,2.765,8.048,8.048,8.045,8.047,8.051,-55.859,-318.000
2.767,2.758,2.768,2.765,2.763,8.046,8.048,8.046,8.048,8.047,-55.830,-317.000
2.757,2.761,2.760,2.759,2.758,8.039,8.042,8.044,8.045,8.046,-55.830,-316.000
2.761,2.765,2.766,2.767,2.758,8.039,8.042,8.039,8.042,8.042,-55.588,-315.000
2.762,2.762,2.763,2.761,2.760,8.034,8.039,8.038,8.038,8.040,-55.588,-314.000
2.766,2.760,2.768,2.763,2.758,8.035,8.037,8.036,8.044,8.042,-55.331,-313.000
2.761,2.763,2.756,2.761,2.760,8.040,8.040,8.039,8.041,8.037,-55.331,-312.000
2.754,2.757,2.755,2.762,2.756,8.041,8.041,8.038,8.043,8.038,-55.422,-311.000
2.759,2.755,2.760,2.758,2.757,8.047,8.043,8.041,8.041,8.037,-55.422,-310.000
2.760,2.763,2.759,2.761,2.758,8.040,8.040,8.042,8.042,8.041,-55.394,-309.000
2.759,2.753,2.755,2.753,2.758,8.043,8.045,8.041,8.040,8.042,-55.394,-308.000
2.757,2.759,2.753,2.761,2.761,8.042,8.041,8.043,8.047,8.043,-55.268,-307.000
2.758,2.757,2.758,2.757,2.758,8.050,8.042,8.051,8.050,8.050,-55.268,-306.000
2.759,2.754,2.758,2.758,2.762,8.052,8.049,8.050,8.056,8.056,-55.219,-305.000
2.763,2.761,2.765,2.759,2.766,8.060,8.059,8.062,8.065,8.064,-55.219,-304.000
2.771,2.759,2.764,2.760,2.767,8.069,8.066,8.068,8.070,8.063,-55.666,-303.000
2.766,2.766,2.764,2.764,2.762,8.075,8.079,8.076,8.076,8.072,-55.666,-302.000
2.770,2.764,2.765,2.768,2.765,8.083,8.086,8.080,8.086,8.081,-55.033,-301.000
2.769,2.767,2.771,2.765,2.770,8.083,8.086,8.088,8.081,8.086,-55.033,-300.000
2.765,2.774,2.764,2.763,2.763,8.078,8.077,8.082,8.080,8.079,-54.660,-299.000
2.761,2.763,2.765,2.764,2.771,8.073,8.074,8.073,8.074,8.068,-54.660,-298.000
2.761,2.764,2.761,2.764,2.760,8.066,8.065,8.065,8.061,8.064,-55.206,-297.000
2.759,2.757,2.757,2.762,2.758,8.057,8.058,8.058,8.061,8.056,-55.206,-296.000
2.750,2.756,2.757,2.752,2.756,8.051,8.050,8.051,8.057,8.052,-56.067,-295.000
2.750,2.757,2.753,2.755,2.756,8.046,8.040,8.043,8.043,8.042,-56.067,-294.000
2.749,2.748,2.754,2.751,2.747,8.039,8.040,8.036,8.039,8.040,-56.486,-293.000
2.747,2.751,2.746,2.747,2.746,8.028,8.027,8.027,8.027,8.031,-56.486,-292.000
2.752,2.744,2.746,2.751,2.749,8.031,8.034,8.032,8.029,8.025,-56.192,-291.000
2.742,2.745,2.747,2.744,2.745,8.025,8.026,8.020,8.026,8.022,-56.192,-290.000
2.741,2.740,2.744,2.739,2.737,8.018,8.018,8.019,8.019,8.010,-55.479,-289.000
2.738,2.742,2.741,2.736,2.741,8.007,8.008,8.015,8.010,8.014,-55.479,-288.000
2.730,2.740,2.736,2.737,2.733,8.009,8.010,8.008,8.007,8.007,-55.552,-287.000
2.734,2.735,2.741,2.734,2.739,8.000,7.996,7.997,7.997,8.002,-55.552,-286.000
2.737,2.729,2.739,2.741,2.729,7.993,7.991,7.993,7.996,7.992,-55.066,-285.000
2.729,2.726,2.729,2.735,2.733,7.989,7.990,7.990,7.988,7.991,-55.066,-284.000
2.730,2.725,2.731,2.727,2.730,7.980,7.987,7.982,7.980,7.979,-54.796,-283.000
2.728,2.725,2.724,2.723,2.725,7.974,7.979,7.978,7.972,7.979,-54.796,-282.000
2.725,2.730,2.728,2.720,2.716,7.972,7.970,7.970,7.977,7.970,-55.181,-281.000
2.719,2.726,2.713,2.719,2.724,7.964,7.968,7.967,7.965,7.961,-55.181,-280.000
2.721,2.723,2.721,2.724,2.716,7.966,7.965,7.963,7.965,7.965,-55.533,-279.000
2.716,2.718,2.719,2.722,2.724,7.959,7.959,7.963,7.963,7.961,-55.533,-278.000
2.720,2.720,2.719,2.722,2.720,7.960,7.958,7.959,7.957,7.954,-56.140,-277.000
2.719,2.719,2.720,2.711,2.716,7.957,7.962,7.956,7.953,7.953,-56.140,-276.000
2.715,2.718,2.717,2.717,2.713,7.955,7.954,7.960,7.957,7.957,-56.140,-275.000
2.716,2.715,2.714,2.722,2.716,7.955,7.958,7.956,7.959,7.956,-55.621,-274.000
2.718,2.720,2.723,2.717,2.712,7.955,7.955,7.958,7.957,7.963,-55.621,-273.000
2.721,2.718,2.721,2.720,2.720,7.962,7.959,7.965,7.960,7.957,-55.350,-272.000
2.717,2.718,2.716,2.712,2.714,7.964,7.960,7.959,7.964,7.967,-55.350,-271.000
2.717,2.720,2.723,2.718,2.722,7.969,7.970,7.970,7.968,7.970,-54.626,-270.000
2.718,2.725,2.717,2.721,2.723,7.973,7.978,7.973,7.975,7.978,-54.626,-269.000
2.721,2.722,2.723,2.725,2.730,7.982,7.983,7.984,7.985,7.983,-54.779,-268.000
2.723,2.724,2.725,2.727,2.722,7.989,7.992,7.988,7.986,7.982,-54.779,-267.000
2.729,2.719,2.724,2.727,2.720,7.993,7.993,7.991,7.990,7.989,-55.053,-266.000
2.727,2.723,2.728,2.725,2.726,7.998,7.993,7.991,7.993,7.991,-55.053,-265.000
2.720,2.722,2.722,2.724,2.729,7.992,7.994,7.993,7.991,7.991,-55.420,-264.000
2.728,2.724,2.725,2.721,2.721,7.993,7.992,7.994,7.994,7.995,-55.420,-263.000
2.725,2.723,2.727,2.725,2.733,7.990,7.991,7.990,7.990,7.991,-55.493,-262.000
2.729,2.725,2.730,2.727,2.727,7.994,7.996,7.993,7.996,7.997,-55.493,-261.000
2.726,2.722,2.727,2.725,2.732,7.990,7.995,7.994,7.995,7.994,-55.181,-260.000
2.729,2.724,2.719,2.723,2.721,7.992,7.996,7.993,7.991,7.988,-55.181,-259.000
2.721,2.722,2.727,2.723,2.727,7.996,7.990,7.990,7.988,7.991,-55.359,-258.000
2.729,2.725,2.717,2.724,2.725,7.993,7.994,7.996,7.987,7.991,-55.359,-257.000
2.722,2.721,2.727,2.714,2.727,7.989,7.984,7.989,7.986,7.994,-55.443,-256.000
2.721,2.723,2.719,2.720,2.730,7.989,7.991,7.988,7.985,7.987,-55.443,-255.000
2.720,2.718,2.722,2.722,2.718,7.991,7.987,7.988,7.984,7.986,-55.251,-254.000
2.718,2.715,2.725,2.723,2.722,7.986,7.985,7.982,7.984,7.981,-55.251,-253.000
2.721,2.716,2.713,2.716,2.714,7.979,7.975,7.980,7.978,7.974,-55.184,-252.000
2.716,2.710,2.707,2.708,2.711,7.968,7.967,7.970,7.966,7.974,-55.184,-251.000
2.710,2.712,2.712,2.703,2.710,7.960,7.959,7.961,7.969,7.964,-55.104,-250.000
2.707,2.710,2.707,2.707,2.704,7.951,7.955,7.954,7.953,7.957,-55.104,-249.000
2.705,2.704,2.700,2.707,2.703,7.946,7.947,7.951,7.943,7.950,-54.806,-248.000
2.699,2.693,2.701,2.705,2.705,7.941,7.937,7.939,7.937,7.943,-54.806,-247.000
2.700,2.697,2.700,2.695,2.699,7.936,7.932,7.931,7.933,7.932,-54.954,-246.000
2.699,2.694,2.691,2.701,2.693,7.934,7.932,7.931,7.935,7.931,-54.954,-245.000
2.697,2.692,2.694,2.693,2.691,7.932,7.930,7.930,7.931,7.934,-55.404,-244.000
2.693,2.691,2.697,2.699,2.696,7.935,7.938,7.933,7.934,7.933,-55.404,-243.000
2.698,2.694,2.691,2.697,2.696,7.929,7.926,7.930,7.924,7.926,-55.219,-242.000
2.702,2.694,2.692,2.698,2.697,7.931,7.930,7.927,7.931,7.931,-55.219,-241.000
2.694,2.696,2.700,2.692,2.702,7.927,7.928,7.926,7.928,7.931,-55.561,-240.000
2.694,2.694,2.696,2.697,2.697,7.928,7.926,7.927,7.926,7.933,-55.561,-239.000
2.687,2.699,2.693,2.694,2.694,7.926,7.926,7.930,7.922,7.924,-55.456,-238.000
2.692,2.689,2.694,2.696,2.687,7.925,7.931,7.930,7.926,7.923,-55.456,-237.000
2.699,2.694,2.694,2.697,2.696,7.930,7.926,7.924,7.928,7.934,-54.996,-236.000
2.694,2.691,2.700,2.695,2.690,7.930,7.929,7.932,7.934,7.928,-54.996,-235.000
2.702,2.694,2.698,2.699,2.696,7.931,7.934,7.936,7.933,7.937,-55.274,-234.000
2.703,2.693,2.701,2.707,2.700,7.939,7.939,7.944,7.940,7.943,-55.274,-233.000
2.708,2.708,2.700,2.700,2.699,7.948,7.944,7.945,7.949,7.948,-55.684,-232.000
2.700,2.706,2.701,2.709,2.702,7.952,7.950,7.951,7.955,7.951,-55.684,-231.000
2.708,2.704,2.702,2.699,2.705,7.954,7.951,7.951,7.951,7.957,-55.313,-230.000
2.700,2.704,2.702,2.703,2.702,7.957,7.957,7.959,7.954,7.952,-55.313,-229.000
2.706,2.706,2.705,2.706,2.701,7.954,7.954,7.960,7.954,7.959,-55.501,-228.000
2.702,2.702,2.708,2.703,2.704,7.954,7.950,7.956,7.961,7.960,-55.501,-227.000
2.708,2.707,2.707,2.704,2.696,7.952,7.955,7.955,7.961,7.957,-55.477,-226.000
2.707,2.704,2.700,2.701,2.707,7.953,7.951,7.953,7.949,7.955,-55.477,-225.000
2.706,2.705,2.697,2.696,2.705,7.955,7.955,7.955,7.949,7.950,-54.785,-224.000
2.703,2.708,2.703,2.705,2.697,7.949,7.949,7.949,7.949,7.946,-54.785,-223.000
2.703,2.699,2.702,2.699,2.694,7.950,7.950,7.944,7.949,7.945,-55.232,-222.000
2.699,2.705,2.704,2.694,2.698,7.943,7.948,7.946,7.947,7.943,-55.232,-221.000
2.700,2.701,2.698,2.707,2.695,7.949,7.944,7.947,7.944,7.947,-55.028,-220.000
2.695,2.693,2.700,2.702,2.698,7.944,7.944,7.941,7.944,7.944,-55.028,-219.000
2.694,2.695,2.698,2.696,2.696,7.949,7.944,7.943,7.944,7.947,-55.329,-218.000
2.699,2.694,2.701,2.695,2.701,7.941,7.941,7.945,7.939,7.940,-55.329,-217.000
2.694,2.697,2.692,2.689,2.698,7.940,7.941,7.942,7.943,7.941,-54.864,-216.000
2.693,2.696,2.695,2.701,2.695,7.943,7.941,7.939,7.941,7.942,-54.864,-215.000
2.699,2.691,2.696,2.693,2.694,7.938,7.942,7.943,7.941,7.942,-54.981,-214.000
2.694,2.697,2.697,2.688,2.695,7.940,7.940,7.938,7.941,7.939,-54.981,-213.000
2.690,2.691,2.695,2.696,2.691,7.940,7.940,7.939,7.936,7.942,-55.244,-212.000
2.695,2.692,2.694,2.694,2.699,7.931,7.940,7.944,7.939,7.945,-55.244,-211.000
2.690,2.691,2.689,2.690,2.693,7.931,7.939,7.935,7.938,7.941,-55.691,-210.000
2.682,2.687,2.694,2.689,2.698,7.937,7.936,7.939,7.935,7.935,-55.691,-209.000
2.692,2.686,2.691,2.691,2.687,7.934,7.932,7.932,7.940,7.934,-55.691,-208.000
2.690,2.689,2.697,2.692,2.692,7.939,7.931,7.933,7.935,7.937,-55.409,-207.000
2.689,2.696,2.686,2.691,2.689,7.934,7.934,7.941,7.937,7.940,-55.409,-206.000
2.686,2.690,2.687,2.687,2.698,7.934,7.933,7.940,7.932,7.932,-55.409,-205.000
2.691,2.691,2.686,2.696,2.690,7.935,7.938,7.943,7.942,7.942,-55.336,-204.000
2.697,2.685,2.690,2.682,2.688,7.934,7.941,7.944,7.939,7.938,-55.336,-203.000
2.691,2.687,2.691,2.690,2.692,7.938,7.941,7.940,7.938,7.936,-55.336,-202.000
2.689,2.687,2.689,2.685,2.691,7.943,7.941,7.943,7.936,7.940,-55.544,-201.000
2.696,2.688,2.688,2.690,2.684,7.947,7.943,7.941,7.945,7.945,-55.544,-200.000
2.687,2.693,2.689,2.686,2.690,7.946,7.942,7.942,7.940,7.940,-54.989,-199.000
2.689,2.684,2.680,2.691,2.685,7.941,7.943,7.945,7.942,7.940,-54.989,-198.000
2.692,2.693,2.694,2.684,2.689,7.938,7.944,7.945,7.944,7.945,-55.766,-197.000
2.696,2.692,2.693,2.686,2.690,7.948,7.947,7.949,7.945,7.941,-55.766,-196.000
2.690,2.689,2.695,2.690,2.694,7.948,7.948,7.950,7.953,7.946,-55.654,-195.000
2.690,2.690,2.689,2.689,2.692,7.952,7.956,7.952,7.956,7.952,-55.654,-194.000
2.693,2.697,2.692,2.695,2.690,7.953,7.954,7.957,7.959,7.955,-55.510,-193.000
2.685,2.693,2.692,2.692,2.693,7.963,7.963,7.966,7.960,7.963,-55.510,-192.000
2.694,2.694,2.694,2.695,2.687,7.957,7.963,7.959,7.966,7.961,-55.297,-191.000
2.694,2.688,2.695,2.692,2.693,7.965,7.964,7.963,7.964,7.961,-55.297,-190.000
2.686,2.695,2.688,2.687,2.690,7.959,7.958,7.959,7.961,7.957,-55.258,-189.000
2.691,2.699,2.686,2.693,2.684,7.950,7.953,7.956,7.961,7.958,-55.258,-188.000
2.686,2.691,2.685,2.691,2.686,7.951,7.952,7.956,7.957,7.956,-54.929,-187.000
2.688,2.690,2.688,2.691,2.687,7.961,7.954,7.955,7.957,7.951,-54.929,-186.000
2.688,2.690,2.690,2.688,2.686,7.951,7.958,7.955,7.961,7.959,-54.867,-185.000
2.691,2.688,2.691,2.686,2.688,7.962,7.958,7.956,7.960,7.958,-54.867,-184.000
2.690,2.694,2.690,2.688,2.688,7.959,7.961,7.959,7.958,7.959,-55.610,-183.000
2.689,2.693,2.689,2.692,2.692,7.959,7.965,7.965,7.963,7.966,-55.610,-182.000
2.692,2.690,2.696,2.695,2.696,7.962,7.968,7.968,7.973,7.967,-56.132,-181.000
2.692,2.699,2.694,2.690,2.691,7.975,7.973,7.972,7.975,7.971,-56.132,-180.000
2.695,2.699,2.698,2.705,2.699,7.983,7.975,7.979,7.983,7.983,-55.869,-179.000
2.703,2.704,2.703,2.702,2.703,7.990,7.989,7.993,7.988,7.993,-55.869,-178.000
2.698,2.707,2.704,2.706,2.706,7.992,7.995,7.992,7.997,7.994,-56.003,-177.000
2.700,2.702,2.700,2.704,2.696,8.001,8.001,7.993,7.996,7.995,-56.003,-176.000
2.703,2.706,2.700,2.707,2.709,7.999,8.003,8.000,7.997,7.994,-55.521,-175.000
2.705,2.702,2.700,2.694,2.698,7.994,7.997,7.993,7.996,7.999,-55.521,-174.000
2.697,2.703,2.701,2.700,2.706,7.997,7.993,7.994,8.001,7.997,-54.714,-173.000
2.700,2.699,2.703,2.709,2.700,7.995,7.992,7.993,7.996,7.996,-54.714,-172.000
2.701,2.703,2.699,2.698,2.704,7.991,7.991,7.988,7.991,7.994,-54.837,-171.000
2.703,2.697,2.705,2.697,2.695,7.991,7.987,7.989,7.991,7.991,-54.837,-170.000
2.698,2.694,2.697,2.698,2.699,7.982,7.985,7.989,7.986,7.987,-54.701,-169.000
2.697,2.696,2.699,2.695,2.698,7.990,7.985,7.982,7.988,7.980,-54.701,-168.000
2.695,2.697,2.694,2.695,2.697,7.982,7.974,7.980,7.985,7.984,-54.790,-167.000
2.701,2.693,2.697,2.691,2.697,7.980,7.979,7.977,7.979,7.979,-54.790,-166.000
2.693,2.695,2.698,2.695,2.694,7.972,7.972,7.976,7.975,7.973,-55.090,-165.000
2.693,2.693,2.700,2.700,2.692,7.967,7.971,7.968,7.966,7.971,-55.090,-164.000
2.691,2.691,2.695,2.690,2.686,7.967,7.964,7.966,7.969,7.968,-55.233,-163.000
2.684,2.690,2.689,2.691,2.694,7.958,7.966,7.962,7.963,7.962,-55.233,-162.000
2.695,2.690,2.691,2.684,2.689,7.961,7.969,7.962,7.966,7.963,-55.285,-161.000
2.688,2.693,2.698,2.695,2.691,7.965,7.961,7.973,7.963,7.962,-55.285,-160.000
2.693,2.698,2.692,2.693,2.693,7.973,7.967,7.972,7.967,7.967,-55.379,-159.000
2.695,2.697,2.697,2.694,2.700,7.970,7.975,7.972,7.976,7.974,-55.379,-158.000
2.694,2.695,2.693,2.696,2.696,7.976,7.971,7.976,7.974,7.976,-55.502,-157.000
2.699,2.703,2.697,2.698,2.696,7.984,7.982,7.982,7.983,7.978,-55.502,-156.000
2.697,2.689,2.693,2.696,2.694,7.983,7.985,7.989,7.985,7.985,-55.427,-155.000
2.700,2.700,2.702,2.699,2.701,7.985,7.986,7.985,7.983,7.986,-55.427,-154.000
2.699,2.692,2.697,2.696,2.695,7.987,7.985,7.990,7.990,7.986,-55.660,-153.000
2.697,2.695,2.704,2.702,2.699,7.989,7.988,7.986,7.990,7.987,-55.660,-152.000
2.694,2.692,2.696,2.694,2.699,7.986,7.985,7.984,7.988,7.989,-55.557,-151.000
2.698,2.694,2.696,2.697,2.693,7.989,7.983,7.983,7.983,7.987,-55.557,-150.000
2.694,2.695,2.698,2.691,2.696,7.986,7.987,7.983,7.983,7.973,-56.136,-149.000
2.694,2.691,2.689,2.696,2.694,7.981,7.982,7.977,7.980,7.976,-56.136,-148.000
2.692,2.687,2.689,2.697,2.691,7.976,7.977,7.979,7.974,7.976,-55.968,-147.000
2.691,2.692,2.693,2.687,2.689,7.969,7.966,7.967,7.968,7.968,-55.968,-146.000
2.684,2.691,2.690,2.685,2.690,7.966,7.968,7.962,7.972,7.968,-55.225,-145.000
2.685,2.685,2.687,2.683,2.685,7.955,7.954,7.964,7.960,7.962,-55.225,-144.000
2.685,2.678,2.687,2.678,2.680,7.948,7.956,7.950,7.954,7.948,-55.950,-143.000
2.687,2.677,2.686,2.684,2.679,7.948,7.953,7.946,7.950,7.946,-55.950,-142.000
2.673,2.681,2.676,2.673,2.681,7.937,7.942,7.941,7.943,7.943,-56.195,-141.000
2.679,2.684,2.676,2.671,2.681,7.934,7.941,7.938,7.933,7.936,-56.195,-140.000
2.676,2.675,2.678,2.679,2.680,7.927,7.936,7.933,7.936,7.932,-56.225,-139.000
2.675,2.678,2.677,2.674,2.679,7.928,7.924,7.926,7.924,7.926,-56.225,-138.000
2.668,2.676,2.672,2.673,2.680,7.925,7.918,7.919,7.919,7.922,-55.639,-137.000
2.669,2.671,2.673,2.672,2.674,7.913,7.916,7.916,7.916,7.916,-55.639,-136.000
2.670,2.663,2.672,2.667,2.671,7.911,7.916,7.912,7.909,7.916,-54.973,-135.000
2.671,2.667,2.667,2.667,2.675,7.909,7.911,7.909,7.908,7.906,-54.973,-134.000
2.670,2.664,2.666,2.670,2.667,7.909,7.907,7.906,7.905,7.903,-55.680,-133.000
2.660,2.666,2.665,2.666,2.665,7.905,7.907,7.903,7.905,7.905,-55.680,-132.000
2.667,2.672,2.664,2.663,2.665,7.898,7.904,7.903,7.902,7.899,-55.635,-131.000
2.665,2.662,2.672,2.665,2.668,7.905,7.897,7.900,7.903,7.905,-55.635,-130.000
2.664,2.671,2.666,2.666,2.667,7.906,7.913,7.910,7.904,7.906,-55.642,-129.000
2.667,2.668,2.673,2.667,2.670,7.909,7.912,7.912,7.913,7.906,-55.642,-128.000
2.669,2.668,2.671,2.667,2.668,7.911,7.914,7.909,7.912,7.907,-56.115,-127.000
2.665,2.670,2.669,2.667,2.668,7.912,7.912,7.908,7.909,7.913,-56.115,-126.000
2.666,2.668,2.667,2.670,2.670,7.909,7.911,7.911,7.915,7.912,-55.616,-125.000
2.667,2.666,2.667,2.668,2.665,7.912,7.914,7.905,7.909,7.911,-55.616,-124.000
2.667,2.668,2.664,2.672,2.670,7.906,7.910,7.909,7.911,7.909,-56.045,-123.000
2.664,2.665,2.668,2.667,2.672,7.909,7.908,7.907,7.909,7.914,-56.045,-122.000
2.665,2.663,2.668,2.664,2.665,7.913,7.904,7.910,7.911,7.912,-55.459,-121.000
2.672,2.666,2.665,2.666,2.672,7.914,7.912,7.912,7.910,7.915,-55.459,-120.000
2.670,2.668,2.670,2.668,2.668,7.917,7.916,7.915,7.918,7.915,-55.073,-119.000
2.665,2.671,2.664,2.666,2.669,7.926,7.917,7.927,7.918,7.919,-55.073,-118.000
2.673,2.669,2.672,2.673,2.673,7.928,7.923,7.929,7.924,7.926,-55.544,-117.000
2.673,2.675,2.671,2.673,2.675,7.927,7.927,7.928,7.931,7.932,-55.544,-116.000
2.666,2.667,2.675,2.671,2.677,7.932,7.934,7.934,7.935,7.936,-55.949,-115.000
2.678,2.669,2.673,2.670,2.674,7.933,7.932,7.935,7.935,7.923,-55.949,-114.000
2.677,2.677,2.677,2.677,2.673,7.938,7.939,7.939,7.938,7.939,-55.172,-113.000
2.670,2.675,2.678,2.675,2.669,7.940,7.940,7.939,7.936,7.938,-55.172,-112.000
2.678,2.684,2.672,2.681,2.676,7.942,7.937,7.941,7.941,7.940,-55.266,-111.000
2.671,2.675,2.677,2.676,2.679,7.942,7.943,7.948,7.939,7.946,-55.266,-110.000
2.676,2.678,2.677,2.675,2.676,7.945,7.947,7.941,7.949,7.943,-55.311,-109.000
2.677,2.678,2.678,2.677,2.679,7.936,7.948,7.945,7.948,7.943,-55.311,-108.000
2.677,2.679,2.679,2.682,2.681,7.938,7.943,7.939,7.940,7.939,-55.966,-107.000
2.674,2.675,2.674,2.673,2.672,7.937,7.938,7.938,7.931,7.933,-55.966,-106.000
2.671,2.673,2.675,2.674,2.671,7.925,7.920,7.917,7.925,7.927,-55.005,-105.000
2.667,2.670,2.667,2.669,2.669,7.914,7.916,7.917,7.924,7.917,-55.005,-104.000
2.672,2.672,2.670,2.666,2.665,7.909,7.912,7.908,7.911,7.907,-55.325,-103.000
2.665,2.663,2.662,2.663,2.663,7.905,7.902,7.903,7.904,7.902,-55.325,-102.000
2.663,2.661,2.662,2.664,2.661,7.895,7.898,7.896,7.892,7.890,-54.930,-101.000
2.653,2.656,2.659,2.659,2.660,7.885,7.887,7.889,7.890,7.890,-54.930,-100.000
2.666,2.658,2.657,2.657,2.657,7.879,7.879,7.880,7.885,7.881,-54.304,-99.000
2.660,2.657,2.660,2.653,2.659,7.877,7.871,7.872,7.875,7.875,-54.304,-98.000
2.652,2.658,2.655,2.653,2.653,7.873,7.874,7.879,7.871,7.877,-53.885,-97.000
2.655,2.655,2.652,2.657,2.657,7.872,7.876,7.873,7.869,7.871,-53.885,-96.000
2.657,2.651,2.651,2.659,2.654,7.873,7.876,7.875,7.871,7.872,-52.629,-95.000
2.652,2.648,2.655,2.655,2.654,7.868,7.870,7.865,7.865,7.866,-52.629,-94.000
2.651,2.654,2.657,2.650,2.649,7.865,7.857,7.861,7.865,7.858,-52.503,-93.000
2.650,2.642,2.647,2.644,2.648,7.861,7.857,7.860,7.864,7.857,-52.503,-92.000
2.653,2.646,2.646,2.649,2.648,7.858,7.857,7.854,7.859,7.853,-52.211,-91.000
2.649,2.651,2.651,2.651,2.649,7.854,7.848,7.853,7.853,7.858,-52.211,-90.000
2.647,2.643,2.643,2.650,2.648,7.857,7.848,7.850,7.856,7.852,-52.456,-89.000
2.644,2.646,2.645,2.649,2.647,7.858,7.855,7.861,7.860,7.853,-52.456,-88.000
2.650,2.648,2.648,2.645,2.647,7.869,7.862,7.866,7.856,7.861,-52.456,-87.000
2.651,2.654,2.656,2.651,2.650,7.869,7.867,7.865,7.865,7.870,-53.020,-86.000
2.659,2.651,2.660,2.657,2.653,7.879,7.880,7.878,7.879,7.879,-54.264,-85.000
2.659,2.653,2.661,2.652,2.656,7.885,7.883,7.883,7.887,7.890,-54.264,-84.000
2.652,2.653,2.655,2.658,2.658,7.884,7.881,7.883,7.882,7.892,-54.864,-83.000
2.664,2.667,2.658,2.657,2.661,7.882,7.883,7.884,7.891,7.887,-54.864,-82.000
2.658,2.660,2.655,2.656,2.656,7.880,7.882,7.883,7.884,7.882,-55.486,-81.000
2.652,2.657,2.657,2.655,2.652,7.890,7.890,7.891,7.886,7.890,-55.486,-80.000
2.658,2.653,2.659,2.658,2.658,7.889,7.896,7.892,7.890,7.889,-55.016,-79.000
2.656,2.656,2.657,2.657,2.654,7.895,7.894,7.892,7.899,7.897,-55.016,-78.000
2.660,2.657,2.657,2.659,2.663,7.893,7.898,7.892,7.901,7.899,-55.516,-77.000
2.661,2.662,2.663,2.659,2.661,7.901,7.902,7.894,7.898,7.900,-55.516,-76.000
2.659,2.660,2.661,2.657,2.657,7.896,7.895,7.900,7.901,7.899,-54.577,-75.000
2.659,2.663,2.659,2.659,2.662,7.907,7.905,7.906,7.901,7.903,-54.577,-74.000
2.664,2.658,2.666,2.660,2.665,7.906,7.905,7.902,7.907,7.902,-54.906,-73.000
2.668,2.660,2.670,2.663,2.664,7.917,7.915,7.909,7.907,7.909,-54.906,-72.000
2.665,2.662,2.662,2.659,2.663,7.918,7.921,7.913,7.915,7.911,-55.258,-71.000
2.663,2.663,2.666,2.665,2.672,7.923,7.921,7.921,7.921,7.919,-55.258,-70.000
2.663,2.666,2.670,2.668,2.673,7.922,7.927,7.923,7.924,7.921,-55.024,-69.000
2.666,2.667,2.667,2.670,2.672,7.922,7.928,7.924,7.929,7.926,-55.024,-68.000
2.669,2.666,2.668,2.671,2.668,7.927,7.929,7.932,7.933,7.931,-55.512,-67.000
2.667,2.670,2.671,2.673,2.670,7.931,7.930,7.934,7.934,7.938,-55.512,-66.000
2.675,2.674,2.668,2.673,2.671,7.935,7.933,7.935,7.938,7.939,-55.205,-65.000
2.679,2.678,2.669,2.671,2.672,7.943,7.935,7.944,7.938,7.941,-55.205,-64.000
2.674,2.669,2.672,2.674,2.675,7.947,7.948,7.942,7.940,7.941,-55.618,-63.000
2.671,2.667,2.669,2.671,2.672,7.936,7.943,7.938,7.939,7.937,-55.618,-62.000
2.672,2.673,2.674,2.680,2.671,7.940,7.941,7.949,7.941,7.942,-55.316,-61.000
2.672,2.672,2.669,2.676,2.674,7.935,7.932,7.935,7.934,7.939,-55.316,-60.000
2.667,2.667,2.665,2.666,2.666,7.930,7.929,7.936,7.929,7.925,-55.417,-59.000
2.657,2.668,2.666,2.666,2.667,7.920,7.925,7.921,7.925,7.922,-55.417,-58.000
2.663,2.664,2.660,2.659,2.664,7.912,7.914,7.910,7.913,7.914,-56.368,-57.000
2.659,2.661,2.664,2.662,2.658,7.904,7.903,7.904,7.907,7.904,-56.368,-56.000
2.660,2.658,2.664,2.659,2.662,7.899,7.898,7.902,7.902,7.900,-56.626,-55.000
2.658,2.665,2.659,2.658,2.662,7.897,7.895,7.900,7.906,7.908,-56.626,-54.000
2.663,2.662,2.665,2.657,2.660,7.903,7.903,7.899,7.900,7.905,-56.096,-53.000
2.663,2.661,2.661,2.658,2.659,7.903,7.908,7.907,7.905,7.899,-56.096,-52.000
2.656,2.661,2.654,2.661,2.659,7.898,7.905,7.907,7.903,7.895,-55.429,-51.000
2.657,2.653,2.654,2.657,2.650,7.888,7.885,7.880,7.883,7.879,-55.429,-50.000
2.649,2.652,2.648,2.652,2.647,7.873,7.872,7.875,7.875,7.874,-56.577,-49.000
2.642,2.641,2.646,2.639,2.644,7.851,7.852,7.850,7.855,7.855,-56.577,-48.000
2.640,2.636,2.643,2.639,2.641,7.839,7.843,7.841,7.846,7.842,-55.747,-47.000
2.642,2.645,2.644,2.639,2.639,7.844,7.840,7.837,7.844,7.841,-55.747,-46.000
2.645,2.641,2.641,2.637,2.639,7.841,7.843,7.846,7.846,7.845,-54.892,-45.000
2.643,2.644,2.640,2.642,2.646,7.857,7.858,7.856,7.857,7.853,-54.892,-44.000
2.644,2.649,2.644,2.644,2.648,7.861,7.864,7.869,7.866,7.863,-54.893,-43.000
2.646,2.654,2.646,2.647,2.643,7.872,7.873,7.872,7.874,7.872,-54.893,-42.000
2.657,2.659,2.655,2.646,2.649,7.886,7.886,7.889,7.888,7.892,-54.971,-41.000
2.658,2.658,2.659,2.657,2.661,7.896,7.893,7.893,7.893,7.901,-54.971,-40.000
2.658,2.658,2.657,2.656,2.657,7.897,7.897,7.900,7.903,7.901,-55.056,-39.000
2.662,2.655,2.656,2.660,2.663,7.903,7.898,7.900,7.901,7.897,-55.056,-38.000
2.654,2.655,2.655,2.659,2.655,7.903,7.898,7.899,7.909,7.902,-55.077,-37.000
2.667,2.666,2.661,2.660,2.664,7.904,7.908,7.904,7.910,7.905,-55.077,-36.000
2.667,2.664,2.661,2.665,2.664,7.910,7.913,7.921,7.914,7.912,-55.124,-35.000
2.666,2.667,2.663,2.669,2.666,7.920,7.920,7.917,7.920,7.923,-55.124,-34.000
2.662,2.666,2.674,2.663,2.666,7.926,7.928,7.919,7.925,7.924,-54.669,-33.000
2.660,2.658,2.669,2.665,2.660,7.920,7.925,7.918,7.925,7.919,-54.669,-32.000
2.665,2.663,2.661,2.664,2.660,7.917,7.916,7.919,7.915,7.915,-53.326,-31.000
2.655,2.660,2.665,2.660,2.657,7.901,7.905,7.905,7.905,7.900,-53.326,-30.000
2.661,2.655,2.652,2.654,2.658,7.896,7.898,7.893,7.889,7.894,-53.169,-29.000
2.650,2.652,2.658,2.651,2.650,7.883,7.884,7.886,7.883,7.884,-53.169,-28.000
2.654,2.662,2.650,2.646,2.648,7.874,7.875,7.874,7.873,7.875,-52.974,-27.000
2.643,2.645,2.647,2.651,2.649,7.859,7.865,7.864,7.861,7.860,-52.974,-26.000
2.648,2.643,2.645,2.645,2.643,7.860,7.854,7.859,7.859,7.861,-53.584,-25.000
2.641,2.646,2.640,2.642,2.637,7.850,7.847,7.850,7.845,7.844,-53.584,-24.000
2.640,2.636,2.640,2.641,2.641,7.844,7.844,7.846,7.840,7.842,-54.368,-23.000
2.640,2.640,2.641,2.636,2.641,7.846,7.844,7.845,7.848,7.844,-54.368,-22.000
2.644,2.643,2.649,2.644,2.643,7.850,7.848,7.852,7.850,7.853,-54.589,-21.000
2.643,2.642,2.642,2.642,2.643,7.863,7.863,7.867,7.863,7.863,-54.589,-20.000
2.643,2.645,2.653,2.652,2.647,7.871,7.866,7.873,7.865,7.872,-54.760,-19.000
2.646,2.653,2.653,2.651,2.646,7.881,7.877,7.875,7.882,7.883,-54.760,-18.000
2.653,2.653,2.653,2.655,2.650,7.885,7.885,7.884,7.878,7.884,-54.778,-17.000
2.655,2.650,2.656,2.661,2.658,7.886,7.884,7.881,7.886,7.887,-54.778,-16.000
2.652,2.658,2.655,2.654,2.653,7.890,7.887,7.887,7.887,7.892,-55.880,-15.000
2.657,2.651,2.653,2.653,2.657,7.896,7.891,7.892,7.897,7.892,-55.880,-14.000
2.662,2.662,2.654,2.659,2.655,7.894,7.899,7.899,7.900,7.902,-55.633,-13.000
2.653,2.653,2.666,2.664,2.657,7.906,7.906,7.909,7.904,7.909,-55.633,-12.000
2.657,2.665,2.665,2.662,2.659,7.914,7.916,7.914,7.915,7.914,-56.234,-11.000
2.666,2.666,2.666,2.663,2.662,7.919,7.921,7.923,7.924,7.923,-56.234,-10.000
2.675,2.675,2.667,2.666,2.666,7.933,7.933,7.927,7.933,7.927,-56.147,-9.000
2.669,2.667,2.670,2.670,2.672,7.944,7.941,7.940,7.938,7.946,-56.147,-8.000
2.683,2.676,2.678,2.675,2.676,7.950,7.949,7.954,7.949,7.950,-55.788,-7.000
2.681,2.684,2.685,2.681,2.682,7.966,7.962,7.965,7.967,7.963,-55.788,-6.000
2.684,2.687,2.681,2.684,2.681,7.975,7.976,7.974,7.972,7.977,-55.658,-5.000
2.691,2.687,2.684,2.687,2.685,7.988,7.987,7.984,7.988,7.987,-55.658,-4.000
2.693,2.688,2.691,2.695,2.691,7.997,7.996,7.994,7.996,7.998,-56.027,-3.000
2.689,2.696,2.700,2.698,2.696,8.002,8.003,8.003,8.005,8.006,-56.027,-2.000
2.693,2.697,2.696,2.697,2.696,8.012,8.012,8.011,8.022,8.012,-55.941,-1.000
2.701,2.696,2.702,2.703,2.703,8.017,8.016,8.014,8.016,8.021,-55.941,0.000
2.703,2.701,2.700,2.704,2.696,8.016,8.018,8.016,8.014,8.017,-55.944,1.000
2.701,2.702,2.693,2.698,2.699,8.004,8.005,8.008,8.007,8.010,-55.944,2.000
2.687,2.688,2.690,2.690,2.690,7.995,7.990,7.992,7.991,7.991,-56.241,3.000
2.691,2.689,2.683,2.683,2.683,7.979,7.981,7.977,7.977,7.981,-56.241,4.000
2.685,2.677,2.686,2.684,2.684,7.973,7.968,7.975,7.973,7.970,-55.962,5.000
2.687,2.678,2.684,2.678,2.683,7.963,7.957,7.959,7.963,7.961,-55.962,6.000
2.680,2.683,2.682,2.680,2.681,7.962,7.954,7.960,7.953,7.961,-55.564,7.000
2.678,2.685,2.682,2.676,2.676,7.955,7.955,7.956,7.952,7.952,-55.564,8.000
2.678,2.679,2.674,2.681,2.682,7.949,7.950,7.952,7.954,7.950,-55.055,9.000
2.672,2.677,2.678,2.668,2.671,7.943,7.939,7.939,7.941,7.932,-55.055,10.000
2.674,2.665,2.670,2.671,2.670,7.928,7.930,7.934,7.927,7.928,-55.055,11.000
2.663,2.663,2.666,2.665,2.664,7.917,7.914,7.921,7.921,7.925,-55.716,12.000
2.661,2.673,2.666,2.670,2.667,7.905,7.909,7.911,7.912,7.911,-55.143,13.000
2.665,2.667,2.665,2.659,2.661,7.906,7.903,7.906,7.898,7.902,-55.143,14.000
2.668,2.660,2.664,2.661,2.662,7.903,7.900,7.900,7.898,7.901,-55.706,15.000
2.662,2.665,2.666,2.666,2.661,7.901,7.898,7.901,7.899,7.894,-55.706,16.000
2.662,2.667,2.660,2.666,2.662,7.906,7.902,7.900,7.901,7.901,-56.088,17.000
2.668,2.665,2.665,2.658,2.666,7.912,7.903,7.905,7.908,7.908,-56.088,18.000
2.664,2.663,2.668,2.662,2.670,7.909,7.909,7.912,7.912,7.910,-55.715,19.000
2.664,2.666,2.669,2.664,2.669,7.912,7.910,7.909,7.915,7.915,-55.715,20.000
2.670,2.664,2.668,2.670,2.676,7.913,7.919,7.918,7.916,7.913,-56.249,21.000
2.668,2.670,2.673,2.671,2.671,7.914,7.918,7.922,7.921,7.918,-56.249,22.000
2.667,2.668,2.668,2.669,2.669,7.918,7.917,7.923,7.916,7.916,-55.431,23.000
2.668,2.666,2.665,2.658,2.670,7.913,7.914,7.910,7.915,7.912,-55.431,24.000
2.664,2.663,2.667,2.664,2.668,7.906,7.909,7.906,7.914,7.908,-54.801,25.000
2.665,2.666,2.667,2.664,2.666,7.898,7.904,7.908,7.907,7.901,-54.801,26.000
2.664,2.667,2.657,2.660,2.667,7.901,7.894,7.895,7.894,7.900,-54.407,27.000
2.656,2.670,2.666,2.665,2.668,7.902,7.899,7.905,7.898,7.893,-54.407,28.000
2.664,2.665,2.664,2.662,2.667,7.900,7.905,7.898,7.901,7.903,-55.067,29.000
2.667,2.667,2.667,2.666,2.670,7.903,7.905,7.911,7.904,7.902,-55.067,30.000
2.662,2.671,2.665,2.669,2.671,7.909,7.905,7.908,7.901,7.904,-54.672,31.000
2.663,2.670,2.668,2.668,2.670,7.900,7.904,7.904,7.899,7.905,-54.672,32.000
2.671,2.667,2.666,2.662,2.666,7.906,7.905,7.906,7.901,7.902,-54.602,33.000
2.668,2.675,2.670,2.668,2.671,7.901,7.905,7.908,7.906,7.904,-54.602,34.000
2.670,2.669,2.666,2.667,2.670,7.896,7.901,7.901,7.903,7.897,-55.983,35.000
2.663,2.666,2.665,2.667,2.667,7.892,7.898,7.897,7.892,7.892,-55.983,36.000
2.670,2.666,2.661,2.663,2.664,7.892,7.891,7.887,7.894,7.890,-55.406,37.000
2.663,2.667,2.663,2.662,2.662,7.887,7.889,7.882,7.883,7.882,-55.406,38.000
2.662,2.653,2.656,2.659,2.656,7.875,7.874,7.876,7.872,7.874,-55.371,39.000
2.658,2.657,2.666,2.660,2.658,7.874,7.873,7.872,7.871,7.876,-55.371,40.000
2.656,2.656,2.662,2.659,2.662,7.877,7.880,7.875,7.875,7.881,-55.357,41.000
2.663,2.667,2.664,2.667,2.654,7.887,7.885,7.890,7.885,7.884,-55.357,42.000
2.662,2.661,2.666,2.660,2.664,7.888,7.886,7.886,7.886,7.884,-55.659,43.000
2.671,2.662,2.663,2.665,2.661,7.890,7.888,7.890,7.887,7.887,-55.659,44.000
2.660,2.660,2.659,2.659,2.661,7.889,7.885,7.884,7.886,7.883,-55.452,45.000
2.653,2.661,2.660,2.657,2.664,7.882,7.883,7.885,7.889,7.884,-55.452,46.000
2.663,2.669,2.658,2.661,2.663,7.886,7.886,7.888,7.890,7.893,-54.923,47.000
2.667,2.663,2.668,2.665,2.662,7.898,7.896,7.892,7.893,7.898,-54.923,48.000
2.667,2.666,2.672,2.666,2.666,7.907,7.904,7.906,7.912,7.906,-55.091,49.000
2.677,2.675,2.678,2.675,2.675,7.921,7.919,7.921,7.920,7.921,-55.091,50.000
2.680,2.683,2.679,2.683,2.680,7.929,7.936,7.930,7.929,7.937,-55.795,51.000
2.684,2.684,2.682,2.685,2.683,7.941,7.944,7.944,7.944,7.945,-55.795,52.000
2.681,2.691,2.692,2.691,2.688,7.948,7.953,7.957,7.957,7.954,-55.539,53.000
2.684,2.688,2.687,2.689,2.686,7.955,7.953,7.959,7.954,7.959,-55.539,54.000
2.687,2.686,2.688,2.688,2.689,7.958,7.958,7.959,7.954,7.959,-55.436,55.000
2.689,2.678,2.686,2.689,2.688,7.953,7.945,7.949,7.951,7.948,-55.436,56.000
2.683,2.682,2.686,2.677,2.690,7.938,7.941,7.941,7.941,7.937,-55.250,57.000
2.679,2.682,2.678,2.685,2.683,7.935,7.934,7.937,7.935,7.937,-55.250,58.000
2.681,2.682,2.682,2.681,2.680,7.929,7.927,7.924,7.923,7.927,-55.957,59.000
2.677,2.682,2.682,2.680,2.678,7.930,7.929,7.932,7.929,7.924,-55.957,60.000
2.675,2.678,2.679,2.679,2.678,7.933,7.935,7.931,7.924,7.932,-55.022,61.000
2.678,2.680,2.679,2.683,2.680,7.933,7.936,7.935,7.933,7.931,-55.022,62.000
2.681,2.684,2.677,2.680,2.679,7.936,7.936,7.938,7.934,7.935,-55.382,63.000
2.681,2.680,2.686,2.685,2.689,7.934,7.943,7.942,7.944,7.940,-55.382,64.000
2.687,2.688,2.691,2.685,2.691,7.945,7.945,7.940,7.943,7.942,-54.774,65.000
2.687,2.691,2.690,2.681,2.686,7.945,7.945,7.944,7.945,7.945,-54.774,66.000
2.686,2.690,2.685,2.689,2.684,7.942,7.945,7.945,7.941,7.946,-55.275,67.000
2.689,2.689,2.685,2.688,2.686,7.938,7.940,7.947,7.948,7.943,-55.275,68.000
2.684,2.683,2.689,2.686,2.688,7.946,7.947,7.944,7.946,7.945,-55.387,69.000
2.689,2.692,2.690,2.687,2.689,7.952,7.952,7.942,7.951,7.947,-55.387,70.000
2.691,2.689,2.693,2.688,2.691,7.953,7.955,7.953,7.951,7.956,-55.667,71.000
2.695,2.697,2.697,2.693,2.688,7.960,7.958,7.961,7.958,7.960,-55.667,72.000
2.688,2.698,2.696,2.695,2.700,7.963,7.966,7.965,7.963,7.962,-55.451,73.000
2.700,2.694,2.695,2.692,2.695,7.967,7.967,7.965,7.966,7.966,-55.451,74.000
2.701,2.697,2.697,2.699,2.694,7.970,7.970,7.965,7.968,7.973,-54.879,75.000
2.697,2.695,2.699,2.701,2.699,7.976,7.978,7.972,7.975,7.974,-54.879,76.000
2.699,2.699,2.697,2.702,2.697,7.970,7.975,7.976,7.977,7.975,-55.183,77.000
2.695,2.700,2.698,2.697,2.704,7.978,7.972,7.972,7.980,7.972,-55.183,78.000
2.698,2.699,2.699,2.704,2.701,7.973,7.977,7.978,7.977,7.974,-55.375,79.000
2.699,2.698,2.703,2.700,2.702,7.976,7.980,7.983,7.981,7.981,-55.375,80.000
2.701,2.698,2.700,2.707,2.701,7.982,7.984,7.983,7.983,7.979,-55.334,81.000
2.706,2.707,2.705,2.705,2.702,7.993,7.995,7.993,7.992,7.992,-55.334,82.000
2.710,2.699,2.703,2.708,2.713,7.998,7.993,7.998,7.998,8.005,-55.760,83.000
2.708,2.704,2.713,2.709,2.709,7.991,8.000,8.004,8.000,7.995,-55.760,84.000
2.705,2.707,2.705,2.709,2.711,7.997,7.995,7.993,7.994,7.992,-55.961,85.000
2.698,2.701,2.699,2.699,2.695,7.983,7.984,7.987,7.982,7.976,-55.961,86.000
2.702,2.696,2.699,2.695,2.702,7.970,7.974,7.972,7.974,7.970,-56.274,87.000
2.699,2.691,2.698,2.694,2.693,7.954,7.958,7.963,7.961,7.957,-56.274,88.000
2.688,2.691,2.688,2.690,2.686,7.940,7.940,7.940,7.936,7.940,-56.074,89.000
2.676,2.683,2.678,2.680,2.681,7.928,7.922,7.922,7.923,7.923,-56.074,90.000
2.672,2.685,2.677,2.676,2.676,7.912,7.916,7.913,7.916,7.914,-55.491,91.000
2.679,2.672,2.679,2.676,2.678,7.900,7.902,7.901,7.900,7.897,-55.491,92.000
2.678,2.677,2.679,2.678,2.680,7.896,7.905,7.898,7.899,7.903,-55.404,93.000
2.678,2.679,2.676,2.679,2.682,7.896,7.906,7.896,7.899,7.899,-55.404,94.000
2.680,2.684,2.675,2.682,2.679,7.902,7.905,7.902,7.901,7.909,-55.524,95.000
2.683,2.681,2.685,2.678,2.685,7.906,7.910,7.904,7.906,7.901,-55.524,96.000
2.681,2.680,2.679,2.682,2.681,7.905,7.907,7.902,7.908,7.903,-55.099,97.000
2.677,2.681,2.681,2.686,2.681,7.907,7.905,7.908,7.903,7.903,-55.099,98.000
2.676,2.683,2.681,2.681,2.687,7.910,7.911,7.906,7.908,7.912,-54.419,99.000
2.684,2.679,2.686,2.682,2.684,7.913,7.912,7.913,7.911,7.921,-54.419,100.000
2.686,2.685,2.690,2.689,2.684,7.924,7.922,7.919,7.918,7.922,-54.783,101.000
2.692,2.688,2.687,2.685,2.691,7.925,7.928,7.920,7.926,7.923,-54.783,102.000
2.693,2.691,2.687,2.697,2.687,7.932,7.931,7.929,7.930,7.933,-55.778,103.000
2.695,2.691,2.688,2.691,2.690,7.930,7.930,7.930,7.926,7.930,-55.778,104.000
2.692,2.688,2.688,2.683,2.690,7.926,7.926,7.925,7.927,7.924,-55.159,105.000
2.691,2.692,2.688,2.691,2.689,7.930,7.923,7.928,7.931,7.931,-55.159,106.000
2.689,2.692,2.692,2.687,2.692,7.932,7.930,7.932,7.926,7.933,-55.285,107.000
2.691,2.693,2.691,2.696,2.696,7.937,7.933,7.938,7.936,7.941,-55.285,108.000
2.695,2.693,2.698,2.699,2.699,7.944,7.942,7.944,7.938,7.943,-55.155,109.000
2.701,2.702,2.699,2.708,2.696,7.950,7.956,7.953,7.948,7.949,-55.155,110.000
2.700,2.701,2.698,2.703,2.704,7.960,7.957,7.956,7.961,7.958,-55.080,111.000
2.705,2.706,2.704,2.704,2.699,7.967,7.960,7.961,7.963,7.960,-55.080,112.000
2.701,2.702,2.700,2.703,2.705,7.965,7.962,7.963,7.964,7.959,-55.294,113.000
2.711,2.705,2.705,2.701,2.705,7.965,7.961,7.955,7.961,7.958,-55.294,114.000
2.706,2.703,2.704,2.703,2.706,7.963,7.959,7.956,7.958,7.955,-56.060,115.000
2.701,2.700,2.708,2.700,2.698,7.955,7.957,7.950,7.952,7.945,-56.060,116.000
2.696,2.698,2.697,2.698,2.699,7.941,7.940,7.944,7.942,7.938,-55.591,117.000
2.695,2.695,2.693,2.694,2.692,7.933,7.935,7.934,7.930,7.934,-55.591,118.000
2.689,2.694,2.689,2.688,2.694,7.918,7.919,7.919,7.917,7.920,-55.679,119.000
2.685,2.688,2.687,2.687,2.685,7.909,7.907,7.910,7.905,7.909,-55.679,120.000
2.679,2.679,2.690,2.690,2.685,7.898,7.895,7.901,7.898,7.894,-55.461,121.000
2.681,2.682,2.679,2.681,2.681,7.891,7.887,7.888,7.888,7.893,-55.461,122.000
2.677,2.685,2.690,2.679,2.678,7.887,7.890,7.893,7.889,7.890,-55.712,123.000
2.683,2.678,2.684,2.687,2.688,7.890,7.894,7.894,7.894,7.889,-55.712,124.000
2.686,2.689,2.686,2.685,2.677,7.892,7.892,7.896,7.895,7.887,-55.300,125.000
2.679,2.679,2.685,2.682,2.682,7.894,7.889,7.886,7.890,7.894,-55.300,126.000
2.684,2.685,2.688,2.684,2.684,7.893,7.893,7.889,7.889,7.891,-55.755,127.000
2.687,2.684,2.689,2.683,2.685,7.892,7.893,7.895,7.890,7.891,-55.755,128.000
2.684,2.683,2.687,2.683,2.683,7.894,7.894,7.892,7.891,7.894,-55.165,129.000
2.690,2.682,2.686,2.682,2.683,7.896,7.889,7.892,7.892,7.895,-55.165,130.000
2.689,2.680,2.687,2.684,2.684,7.896,7.894,7.897,7.895,7.893,-54.860,131.000
2.692,2.693,2.686,2.692,2.690,7.894,7.895,7.896,7.896,7.899,-54.860,132.000
2.689,2.685,2.680,2.689,2.684,7.897,7.895,7.893,7.891,7.896,-55.165,133.000
2.686,2.686,2.690,2.688,2.688,7.893,7.893,7.892,7.896,7.895,-55.165,134.000
2.685,2.685,2.684,2.691,2.686,7.887,7.889,7.888,7.891,7.888,-54.675,135.000
2.688,2.688,2.689,2.688,2.686,7.888,7.888,7.892,7.891,7.890,-54.675,136.000
2.687,2.693,2.689,2.696,2.689,7.901,7.895,7.900,7.897,7.897,-55.040,137.000
2.694,2.698,2.694,2.698,2.694,7.904,7.902,7.910,7.910,7.912,-55.040,138.000
2.695,2.696,2.697,2.696,2.698,7.909,7.909,7.913,7.917,7.915,-55.650,139.000
2.697,2.700,2.695,2.695,2.698,7.912,7.919,7.920,7.920,7.916,-55.650,140.000
2.699,2.700,2.696,2.699,2.702,7.923,7.919,7.928,7.922,7.921,-55.437,141.000
2.705,2.703,2.696,2.700,2.702,7.919,7.917,7.921,7.923,7.923,-55.437,142.000
2.702,2.705,2.701,2.708,2.699,7.922,7.922,7.923,7.927,7.923,-54.996,143.000
2.695,2.697,2.696,2.706,2.708,7.919,7.918,7.924,7.920,7.926,-54.996,144.000
2.697,2.701,2.701,2.702,2.699,7.917,7.923,7.922,7.922,7.925,-54.996,145.000
2.706,2.704,2.704,2.701,2.700,7.917,7.918,7.922,7.926,7.919,-55.211,146.000
2.696,2.701,2.700,2.704,2.703,7.927,7.919,7.919,7.925,7.917,-55.211,147.000
2.703,2.702,2.695,2.707,2.701,7.923,7.922,7.921,7.918,7.925,-55.821,148.000
2.700,2.697,2.702,2.699,2.703,7.921,7.921,7.919,7.921,7.918,-55.821,149.000
2.704,2.698,2.699,2.700,2.695,7.916,7.923,7.918,7.920,7.923,-55.061,150.000
2.704,2.700,2.700,2.704,2.704,7.921,7.921,7.924,7.921,7.918,-55.061,151.000
2.697,2.702,2.701,2.697,2.700,7.925,7.921,7.919,7.920,7.915,-54.752,152.000
2.703,2.706,2.697,2.705,2.704,7.916,7.923,7.922,7.921,7.916,-54.752,153.000
2.700,2.701,2.699,2.705,2.701,7.919,7.921,7.921,7.916,7.919,-55.355,154.000
2.700,2.704,2.702,2.698,2.701,7.918,7.924,7.922,7.920,7.923,-55.355,155.000
2.701,2.704,2.701,2.701,2.701,7.919,7.922,7.916,7.920,7.916,-54.613,156.000
2.701,2.707,2.696,2.700,2.706,7.918,7.924,7.920,7.918,7.920,-54.613,157.000
2.702,2.700,2.697,2.700,2.697,7.916,7.917,7.913,7.912,7.907,-54.748,158.000
2.700,2.700,2.700,2.697,2.702,7.903,7.905,7.906,7.905,7.905,-54.748,159.000
2.697,2.692,2.691,2.692,2.698,7.895,7.900,7.902,7.897,7.896,-54.432,160.000
2.692,2.700,2.694,2.692,2.694,7.899,7.899,7.891,7.894,7.892,-54.432,161.000
2.696,2.693,2.691,2.686,2.692,7.882,7.880,7.882,7.885,7.885,-54.894,162.000
2.696,2.695,2.693,2.694,2.689,7.873,7.872,7.868,7.876,7.871,-54.894,163.000
2.691,2.682,2.686,2.683,2.685,7.860,7.860,7.858,7.861,7.867,-55.645,164.000
2.675,2.679,2.684,2.683,2.687,7.848,7.851,7.852,7.851,7.850,-55.645,165.000
2.679,2.679,2.680,2.681,2.684,7.842,7.851,7.849,7.847,7.845,-55.884,166.000
2.681,2.688,2.679,2.686,2.680,7.843,7.844,7.847,7.847,7.846,-55.884,167.000
2.683,2.683,2.682,2.678,2.685,7.851,7.851,7.854,7.853,7.854,-55.720,168.000
2.682,2.692,2.688,2.692,2.688,7.863,7.868,7.862,7.866,7.860,-55.720,169.000
2.694,2.691,2.692,2.692,2.689,7.874,7.877,7.877,7.880,7.872,-56.361,170.000
2.692,2.695,2.699,2.701,2.693,7.879,7.884,7.884,7.883,7.884,-56.361,171.000
2.696,2.694,2.693,2.701,2.697,7.888,7.883,7.888,7.888,7.887,-55.642,172.000
2.700,2.700,2.701,2.699,2.700,7.891,7.892,7.892,7.887,7.888,-55.642,173.000
2.699,2.701,2.702,2.699,2.697,7.890,7.888,7.887,7.891,7.892,-55.262,174.000
2.698,2.694,2.698,2.698,2.697,7.887,7.886,7.891,7.886,7.887,-55.262,175.000
2.700,2.693,2.699,2.700,2.700,7.888,7.887,7.884,7.884,7.885,-54.538,176.000
2.702,2.700,2.698,2.700,2.702,7.882,7.889,7.882,7.882,7.888,-54.538,177.000
2.701,2.695,2.696,2.701,2.697,7.882,7.882,7.886,7.881,7.880,-55.389,178.000
2.700,2.696,2.695,2.695,2.693,7.876,7.877,7.875,7.879,7.880,-55.389,179.000
2.696,2.699,2.702,2.692,2.695,7.879,7.881,7.878,7.878,7.873,-55.570,180.000
2.706,2.701,2.695,2.699,2.692,7.868,7.871,7.873,7.868,7.869,-55.570,181.000
2.691,2.694,2.695,2.690,2.688,7.860,7.863,7.863,7.862,7.865,-55.969,182.000
2.691,2.686,2.693,2.692,2.690,7.855,7.857,7.856,7.856,7.852,-55.969,183.000
2.689,2.690,2.685,2.692,2.697,7.849,7.848,7.845,7.848,7.844,-55.663,184.000
2.691,2.685,2.685,2.686,2.685,7.842,7.838,7.848,7.839,7.845,-55.663,185.000
2.685,2.687,2.685,2.686,2.691,7.847,7.837,7.838,7.831,7.838,-55.927,186.000
2.677,2.676,2.686,2.683,2.682,7.831,7.831,7.831,7.839,7.839,-55.927,187.000
2.688,2.680,2.679,2.681,2.684,7.828,7.828,7.828,7.823,7.830,-55.927,188.000
2.684,2.679,2.676,2.688,2.691,7.821,7.823,7.821,7.831,7.827,-55.927,189.000
2.682,2.678,2.684,2.679,2.681,7.831,7.820,7.819,7.825,7.827,-55.969,190.000
2.686,2.687,2.678,2.685,2.684,7.829,7.831,7.826,7.828,7.833,-55.969,191.000
2.688,2.684,2.683,2.679,2.685,7.836,7.830,7.832,7.838,7.837,-56.659,192.000
2.683,2.687,2.692,2.691,2.687,7.848,7.843,7.849,7.846,7.844,-56.659,193.000
2.694,2.693,2.694,2.692,2.691,7.857,7.853,7.852,7.855,7.855,-56.076,194.000
2.700,2.698,2.695,2.694,2.701,7.867,7.868,7.868,7.869,7.872,-56.076,195.000
2.704,2.705,2.704,2.698,2.699,7.874,7.875,7.878,7.882,7.877,-55.667,196.000
2.704,2.708,2.709,2.707,2.699,7.891,7.885,7.883,7.886,7.884,-55.667,197.000
2.708,2.711,2.702,2.705,2.703,7.887,7.887,7.887,7.892,7.891,-55.959,198.000
2.706,2.712,2.712,2.713,2.714,7.895,7.896,7.894,7.889,7.894,-55.959,199.000
2.712,2.710,2.711,2.711,2.711,7.905,7.899,7.902,7.903,7.907,-55.640,200.000
2.712,2.709,2.716,2.718,2.712,7.911,7.909,7.913,7.912,7.909,-55.640,201.000
2.720,2.724,2.719,2.722,2.719,7.920,7.916,7.921,7.916,7.920,-55.965,202.000
2.719,2.719,2.728,2.724,2.720,7.926,7.923,7.929,7.928,7.927,-55.965,203.000
2.727,2.721,2.724,2.723,2.726,7.933,7.927,7.927,7.925,7.926,-56.601,204.000
2.727,2.722,2.726,2.727,2.717,7.936,7.934,7.933,7.936,7.936,-56.601,205.000
2.724,2.727,2.726,2.728,2.727,7.941,7.942,7.942,7.945,7.947,-55.485,206.000
2.728,2.728,2.732,2.735,2.735,7.949,7.950,7.952,7.951,7.953,-55.485,207.000
2.732,2.730,2.733,2.733,2.735,7.952,7.953,7.953,7.956,7.950,-55.528,208.000
2.740,2.731,2.732,2.732,2.737,7.958,7.958,7.960,7.959,7.955,-55.528,209.000
2.733,2.732,2.734,2.733,2.735,7.958,7.952,7.952,7.957,7.953,-55.835,210.000
2.734,2.726,2.734,2.728,2.730,7.955,7.960,7.958,7.954,7.954,-55.835,211.000
2.731,2.735,2.735,2.726,2.734,7.957,7.956,7.949,7.950,7.951,-54.837,212.000
2.726,2.730,2.740,2.732,2.730,7.953,7.952,7.951,7.947,7.947,-54.837,213.000
2.727,2.731,2.727,2.730,2.729,7.951,7.946,7.950,7.950,7.946,-53.900,214.000
2.726,2.732,2.729,2.730,2.724,7.948,7.942,7.946,7.948,7.943,-53.900,215.000
2.731,2.730,2.727,2.730,2.728,7.947,7.950,7.946,7.946,7.945,-52.739,216.000
2.727,2.723,2.726,2.725,2.730,7.943,7.948,7.943,7.948,7.947,-52.739,217.000
2.727,2.724,2.734,2.731,2.732,7.943,7.947,7.948,7.948,7.947,-52.353,218.000
2.734,2.727,2.732,2.734,2.733,7.952,7.945,7.951,7.953,7.947,-52.353,219.000
2.730,2.730,2.732,2.725,2.731,7.950,7.953,7.950,7.952,7.951,-52.358,220.000
2.732,2.727,2.728,2.732,2.732,7.948,7.948,7.947,7.948,7.948,-52.358,221.000
2.731,2.731,2.727,2.733,2.727,7.946,7.945,7.946,7.941,7.944,-53.293,222.000
2.725,2.727,2.731,2.733,2.733,7.939,7.942,7.941,7.942,7.947,-53.293,223.000
2.725,2.733,2.731,2.730,2.722,7.935,7.940,7.936,7.937,7.936,-53.693,224.000
2.724,2.725,2.726,2.720,2.724,7.928,7.927,7.930,7.932,7.931,-53.693,225.000
2.727,2.724,2.729,2.724,2.726,7.927,7.925,7.925,7.929,7.929,-54.202,226.000
2.725,2.727,2.725,2.727,2.720,7.923,7.925,7.926,7.922,7.923,-54.202,227.000
2.723,2.725,2.728,2.725,2.725,7.924,7.925,7.924,7.924,7.923,-54.521,228.000
2.725,2.725,2.725,2.722,2.722,7.923,7.922,7.920,7.921,7.922,-54.521,229.000
2.727,2.725,2.731,2.724,2.726,7.922,7.925,7.922,7.921,7.921,-55.366,230.000
2.720,2.721,2.723,2.727,2.726,7.916,7.922,7.919,7.921,7.913,-55.366,231.000
2.729,2.722,2.726,2.725,2.722,7.909,7.910,7.916,7.912,7.916,-55.517,232.000
2.722,2.719,2.721,2.723,2.717,7.900,7.904,7.903,7.899,7.898,-55.517,233.000
2.724,2.721,2.717,2.723,2.720,7.892,7.891,7.892,7.891,7.890,-55.373,234.000
2.715,2.717,2.715,2.721,2.718,7.885,7.884,7.883,7.883,7.882,-55.373,235.000
2.713,2.715,2.716,2.719,2.714,7.876,7.876,7.871,7.870,7.875,-54.977,236.000
2.714,2.713,2.716,2.712,2.713,7.873,7.872,7.871,7.871,7.869,-54.977,237.000
2.714,2.718,2.711,2.718,2.710,7.869,7.874,7.876,7.870,7.871,-55.108,238.000
2.718,2.721,2.719,2.716,2.716,7.883,7.877,7.873,7.876,7.874,-55.108,239.000
2.713,2.716,2.717,2.717,2.718,7.876,7.877,7.874,7.874,7.874,-56.087,240.000
2.716,2.716,2.717,2.716,2.721,7.872,7.869,7.873,7.874,7.874,-56.087,241.000
2.716,2.717,2.714,2.716,2.716,7.867,7.861,7.868,7.871,7.868,-55.802,242.000
2.712,2.710,2.714,2.716,2.711,7.864,7.862,7.860,7.857,7.863,-55.802,243.000
2.713,2.708,2.713,2.705,2.714,7.858,7.855,7.850,7.853,7.853,-56.099,244.000
2.706,2.711,2.711,2.710,2.705,7.838,7.841,7.840,7.835,7.841,-56.099,245.000
2.702,2.706,2.709,2.713,2.709,7.836,7.839,7.835,7.840,7.836,-55.474,246.000
2.703,2.705,2.704,2.703,2.707,7.826,7.828,7.831,7.829,7.824,-55.474,247.000
2.702,2.707,2.704,2.703,2.703,7.823,7.825,7.824,7.821,7.825,-56.282,248.000
2.707,2.708,2.702,2.705,2.712,7.822,7.820,7.824,7.825,7.822,-56.282,249.000
2.712,2.704,2.706,2.709,2.706,7.823,7.820,7.820,7.815,7.821,-56.549,250.000
2.714,2.707,2.715,2.712,2.711,7.832,7.829,7.825,7.829,7.826,-56.549,251.000
2.713,2.715,2.711,2.715,2.712,7.828,7.827,7.821,7.827,7.830,-56.905,252.000
2.717,2.711,2.716,2.715,2.714,7.827,7.833,7.828,7.828,7.823,-56.905,253.000
2.713,2.716,2.714,2.715,2.719,7.830,7.837,7.833,7.834,7.829,-56.839,254.000
2.719,2.719,2.716,2.717,2.716,7.836,7.834,7.836,7.834,7.832,-56.839,255.000
2.720,2.720,2.714,2.716,2.722,7.837,7.837,7.841,7.839,7.837,-56.019,256.000
2.719,2.715,2.713,2.716,2.711,7.838,7.838,7.839,7.842,7.841,-56.019,257.000
2.720,2.715,2.715,2.719,2.711,7.841,7.841,7.843,7.839,7.844,-56.249,258.000
2.718,2.721,2.718,2.718,2.712,7.844,7.841,7.848,7.843,7.843,-56.249,259.000
2.723,2.714,2.716,2.725,2.730,7.849,7.846,7.847,7.848,7.850,-55.434,260.000
2.715,2.722,2.718,2.721,2.724,7.857,7.854,7.853,7.854,7.847,-55.434,261.000
2.723,2.720,2.723,2.721,2.724,7.854,7.858,7.857,7.853,7.854,-55.242,262.000
2.728,2.715,2.720,2.727,2.723,7.857,7.854,7.858,7.854,7.854,-55.242,263.000
2.722,2.730,2.722,2.720,2.719,7.855,7.852,7.856,7.852,7.855,-54.752,264.000
2.721,2.723,2.718,2.719,2.716,7.861,7.856,7.854,7.855,7.853,-54.752,265.000
2.719,2.719,2.716,2.721,2.718,7.849,7.847,7.853,7.849,7.855,-54.676,266.000
2.722,2.719,2.716,2.722,2.721,7.843,7.843,7.840,7.849,7.844,-54.676,267.000
2.710,2.715,2.714,2.720,2.714,7.837,7.839,7.833,7.836,7.836,-54.687,268.000
2.713,2.712,2.710,2.711,2.712,7.824,7.826,7.825,7.823,7.831,-54.687,269.000
2.713,2.701,2.706,2.709,2.710,7.820,7.817,7.817,7.819,7.813,-54.782,270.000
2.700,2.704,2.710,2.700,2.705,7.806,7.811,7.810,7.812,7.810,-54.782,271.000
2.703,2.705,2.705,2.703,2.705,7.800,7.806,7.801,7.805,7.800,-55.306,272.000
2.703,2.704,2.705,2.701,2.701,7.791,7.798,7.797,7.799,7.797,-55.306,273.000
2.697,2.700,2.702,2.708,2.699,7.792,7.796,7.796,7.798,7.792,-54.181,274.000
2.704,2.702,2.698,2.707,2.697,7.796,7.800,7.798,7.799,7.797,-54.181,275.000
2.703,2.709,2.705,2.708,2.705,7.799,7.805,7.797,7.802,7.800,-53.917,276.000
2.701,2.712,2.712,2.706,2.705,7.801,7.801,7.805,7.806,7.799,-53.917,277.000
2.709,2.702,2.706,2.712,2.700,7.804,7.811,7.802,7.808,7.809,-53.050,278.000
2.711,2.711,2.711,2.703,2.706,7.806,7.804,7.802,7.806,7.807,-53.050,279.000
2.705,2.705,2.710,2.705,2.712,7.798,7.802,7.802,7.806,7.807,-52.672,280.000
2.699,2.707,2.705,2.709,2.704,7.801,7.796,7.789,7.791,7.795,-52.672,281.000
2.702,2.703,2.699,2.702,2.707,7.789,7.787,7.786,7.785,7.781,-52.581,282.000
2.697,2.693,2.696,2.700,2.692,7.776,7.773,7.772,7.777,7.772,-52.581,283.000
2.689,2.700,2.687,2.691,2.698,7.762,7.763,7.766,7.758,7.761,-52.702,284.000
2.693,2.689,2.697,2.690,2.688,7.753,7.757,7.755,7.758,7.753,-52.702,285.000
2.691,2.691,2.685,2.688,2.695,7.745,7.748,7.744,7.749,7.747,-53.514,286.000
2.690,2.688,2.692,2.686,2.686,7.737,7.737,7.739,7.741,7.736,-53.514,287.000
2.687,2.685,2.689,2.690,2.688,7.731,7.732,7.736,7.735,7.739,-54.328,288.000
2.695,2.684,2.691,2.680,2.687,7.736,7.728,7.731,7.731,7.737,-54.328,289.000
2.685,2.689,2.689,2.687,2.686,7.733,7.734,7.735,7.737,7.735,-54.871,290.000
2.686,2.687,2.694,2.686,2.690,7.738,7.734,7.738,7.736,7.744,-54.871,291.000
2.689,2.689,2.694,2.694,2.690,7.747,7.744,7.743,7.743,7.740,-54.423,292.000
2.697,2.695,2.700,2.693,2.692,7.752,7.758,7.756,7.759,7.759,-54.423,293.000
2.693,2.695,2.699,2.688,2.698,7.762,7.764,7.757,7.763,7.757,-54.834,294.000
2.698,2.698,2.699,2.693,2.702,7.763,7.775,7.770,7.773,7.769,-54.834,295.000
2.704,2.708,2.701,2.702,2.698,7.773,7.774,7.775,7.776,7.770,-55.105,296.000
2.711,2.703,2.699,2.704,2.703,7.774,7.775,7.780,7.778,7.778,-55.105,297.000
2.702,2.708,2.698,2.704,2.702,7.777,7.781,7.776,7.777,7.771,-55.194,298.000
2.705,2.700,2.703,2.700,2.699,7.774,7.771,7.772,7.771,7.770,-55.194,299.000
2.703,2.699,2.697,2.695,2.705,7.774,7.767,7.761,7.765,7.763,-56.096,300.000
2.700,2.696,2.701,2.703,2.697,7.761,7.765,7.761,7.762,7.764,-56.096,301.000
2.697,2.697,2.695,2.699,2.696,7.759,7.752,7.755,7.761,7.754,-56.136,302.000
2.692,2.699,2.700,2.694,2.696,7.751,7.753,7.751,7.749,7.750,-56.136,303.000
2.694,2.698,2.691,2.695,2.698,7.752,7.749,7.746,7.749,7.745,-55.832,304.000
2.695,2.700,2.697,2.698,2.703,7.750,7.749,7.754,7.755,7.751,-55.832,305.000
2.706,2.703,2.705,2.699,2.704,7.758,7.759,7.758,7.759,7.762,-55.819,306.000
2.702,2.706,2.706,2.703,2.709,7.767,7.767,7.769,7.768,7.766,-55.819,307.000
2.709,2.706,2.711,2.714,2.706,7.778,7.775,7.774,7.773,7.778,-55.343,308.000
2.715,2.715,2.714,2.711,2.715,7.781,7.785,7.787,7.787,7.785,-55.343,309.000
2.715,2.714,2.712,2.719,2.718,7.789,7.792,7.790,7.789,7.790,-55.565,310.000
2.725,2.721,2.725,2.721,2.720,7.804,7.806,7.803,7.805,7.804,-55.565,311.000
2.722,2.723,2.723,2.716,2.728,7.809,7.806,7.801,7.809,7.809,-55.841,312.000
2.736,2.719,2.720,2.720,2.723,7.811,7.811,7.814,7.814,7.813,-55.841,313.000
2.722,2.724,2.719,2.724,2.721,7.813,7.810,7.809,7.818,7.810,-55.780,314.000
2.721,2.729,2.728,2.725,2.719,7.808,7.805,7.809,7.809,7.812,-55.780,315.000
2.724,2.729,2.721,2.718,2.718,7.810,7.808,7.807,7.804,7.803,-55.331,316.000
2.718,2.721,2.722,2.725,2.722,7.806,7.802,7.801,7.801,7.801,-55.331,317.000
2.720,2.720,2.721,2.724,2.721,7.802,7.802,7.804,7.796,7.799,-55.024,318.000
2.721,2.719,2.724,2.718,2.720,7.802,7.803,7.803,7.806,7.802,-55.024,319.000
2.724,2.723,2.716,2.716,2.722,7.805,7.806,7.808,7.805,7.805,-55.823,320.000
2.730,2.724,2.723,2.720,2.724,7.812,7.816,7.814,7.812,7.807,-55.823,321.000
2.724,2.724,2.729,2.727,2.727,7.815,7.819,7.816,7.819,7.810,-54.908,322.000
2.729,2.728,2.730,2.732,2.731,7.818,7.821,7.826,7.830,7.826,-54.908,323.000
2.730,2.734,2.734,2.732,2.733,7.823,7.826,7.827,7.832,7.823,-54.817,324.000
2.734,2.737,2.733,2.735,2.731,7.830,7.833,7.829,7.834,7.832,-54.817,325.000
2.734,2.737,2.734,2.734,2.739,7.832,7.832,7.832,7.834,7.835,-54.694,326.000
2.740,2.735,2.735,2.738,2.736,7.834,7.830,7.834,7.840,7.839,-54.694,327.000
2.737,2.738,2.733,2.738,2.737,7.836,7.832,7.834,7.838,7.837,-55.150,328.000
2.735,2.738,2.734,2.734,2.734,7.832,7.828,7.830,7.828,7.829,-55.150,329.000
2.744,2.741,2.742,2.740,2.739,7.836,7.832,7.835,7.834,7.837,-55.534,330.000
2.736,2.739,2.735,2.738,2.740,7.829,7.830,7.828,7.834,7.828,-55.534,331.000
2.735,2.740,2.735,2.731,2.733,7.827,7.826,7.821,7.821,7.825,-55.704,332.000
2.736,2.732,2.740,2.733,2.737,7.819,7.819,7.817,7.820,7.820,-55.704,333.000
2.730,2.737,2.732,2.733,2.734,7.816,7.813,7.814,7.814,7.814,-55.105,334.000
2.730,2.738,2.730,2.734,2.736,7.801,7.800,7.801,7.800,7.802,-55.105,335.000
2.731,2.729,2.728,2.727,2.726,7.793,7.798,7.800,7.792,7.799,-55.351,336.000
2.728,2.726,2.727,2.725,2.722,7.792,7.786,7.790,7.783,7.788,-55.351,337.000
2.722,2.727,2.723,2.722,2.720,7.774,7.774,7.774,7.782,7.774,-55.087,338.000
2.719,2.723,2.718,2.720,2.726,7.768,7.764,7.761,7.759,7.763,-55.087,339.000
2.719,2.715,2.719,2.718,2.719,7.755,7.757,7.755,7.751,7.754,-55.674,340.000
2.716,2.717,2.722,2.714,2.716,7.749,7.745,7.748,7.746,7.742,-55.674,341.000
2.710,2.705,2.716,2.717,2.712,7.743,7.743,7.740,7.741,7.740,-55.613,342.000
2.713,2.716,2.712,2.712,2.713,7.738,7.744,7.740,7.742,7.742,-55.613,343.000
2.714,2.709,2.712,2.716,2.713,7.743,7.737,7.745,7.739,7.746,-55.699,344.000
2.719,2.717,2.716,2.717,2.719,7.744,7.745,7.746,7.744,7.744,-55.699,345.000
2.717,2.718,2.717,2.714,2.715,7.749,7.745,7.746,7.747,7.747,-55.953,346.000
2.716,2.719,2.715,2.719,2.719,7.755,7.753,7.759,7.753,7.754,-55.953,347.000
2.722,2.718,2.719,2.721,2.722,7.751,7.758,7.752,7.756,7.757,-55.823,348.000
2.719,2.721,2.720,2.722,2.719,7.756,7.759,7.761,7.764,7.758,-55.823,349.000
2.723,2.729,2.722,2.729,2.723,7.765,7.764,7.756,7.760,7.767,-55.619,350.000
2.721,2.719,2.726,2.722,2.720,7.761,7.762,7.763,7.769,7.762,-55.619,351.000
2.720,2.723,2.722,2.729,2.728,7.768,7.765,7.764,7.767,7.769,-55.390,352.000
2.725,2.725,2.724,2.722,2.724,7.768,7.769,7.761,7.771,7.776,-55.390,353.000
2.726,2.722,2.730,2.730,2.733,7.775,7.772,7.773,7.773,7.766,-56.062,354.000
2.729,2.729,2.725,2.728,2.730,7.777,7.775,7.777,7.778,7.775,-56.062,355.000
2.731,2.728,2.730,2.730,2.731,7.779,7.776,7.777,7.778,7.771,-55.355,356.000
2.729,2.736,2.731,2.732,2.727,7.781,7.773,7.780,7.776,7.781,-55.355,357.000
2.735,2.735,2.731,2.731,2.733,7.783,7.774,7.784,7.788,7.787,-55.346,358.000
2.734,2.730,2.733,2.732,2.735,7.795,7.786,7.784,7.784,7.783,-55.346,359.000
2.736,2.736,2.731,2.733,2.735,7.786,7.790,7.787,7.788,7.783,-55.190,360.000
2.739,2.732,2.731,2.731,2.736,7.783,7.788,7.786,7.787,7.787,-55.190,361.000
2.732,2.738,2.737,2.730,2.733,7.785,7.782,7.788,7.787,7.788,-55.427,362.000
2.740,2.735,2.741,2.734,2.730,7.786,7.788,7.792,7.785,7.789,-55.427,363.000
2.736,2.738,2.736,2.737,2.740,7.785,7.784,7.788,7.785,7.790,-54.686,364.000
2.736,2.727,2.731,2.737,2.737,7.786,7.787,7.788,7.789,7.788,-54.686,365.000
2.733,2.735,2.733,2.733,2.735,7.784,7.781,7.780,7.785,7.787,-55.209,366.000
2.734,2.731,2.732,2.736,2.734,7.780,7.779,7.785,7.779,7.781,-55.209,367.000
2.724,2.737,2.730,2.734,2.728,7.776,7.783,7.780,7.777,7.775,-55.363,368.000
2.725,2.733,2.728,2.729,2.725,7.773,7.770,7.773,7.772,7.774,-55.363,369.000
2.724,2.728,2.736,2.730,2.729,7.768,7.764,7.768,7.763,7.769,-55.272,370.000
2.730,2.725,2.723,2.726,2.724,7.761,7.756,7.755,7.754,7.759,-55.272,371.000
2.727,2.724,2.724,2.724,2.721,7.758,7.753,7.759,7.758,7.755,-55.417,372.000
2.722,2.720,2.722,2.723,2.723,7.761,7.755,7.757,7.755,7.758,-55.417,373.000
2.724,2.722,2.720,2.723,2.731,7.753,7.757,7.756,7.752,7.760,-55.417,374.000
2.721,2.727,2.726,2.726,2.728,7.757,7.759,7.764,7.758,7.761,-55.074,375.000
2.729,2.729,2.727,2.723,2.727,7.761,7.760,7.765,7.767,7.768,-55.074,376.000
2.727,2.727,2.725,2.727,2.728,7.761,7.764,7.767,7.765,7.769,-55.074,377.000
2.731,2.739,2.732,2.731,2.728,7.780,7.769,7.774,7.765,7.770,-55.599,378.000
2.723,2.730,2.731,2.731,2.730,7.775,7.767,7.764,7.766,7.768,-55.599,379.000
2.728,2.732,2.734,2.730,2.730,7.766,7.770,7.768,7.768,7.766,-55.189,380.000
2.732,2.726,2.729,2.735,2.731,7.768,7.769,7.765,7.764,7.768,-55.189,381.000
2.726,2.733,2.732,2.727,2.727,7.766,7.768,7.761,7.763,7.762,-55.441,382.000
2.729,2.728,2.732,2.724,2.725,7.762,7.762,7.756,7.758,7.756,-55.441,383.000
2.733,2.730,2.726,2.723,2.722,7.747,7.747,7.753,7.750,7.753,-55.853,384.000
2.722,2.726,2.727,2.728,2.726,7.750,7.747,7.746,7.747,7.741,-55.853,385.000
2.729,2.732,2.723,2.729,2.725,7.744,7.741,7.745,7.744,7.740,-55.583,386.000
2.722,2.722,2.727,2.723,2.716,7.741,7.738,7.738,7.745,7.737,-55.583,387.000
2.716,2.725,2.724,2.721,2.724,7.735,7.736,7.737,7.737,7.735,-55.191,388.000
2.724,2.722,2.728,2.727,2.720,7.735,7.733,7.741,7.739,7.729,-55.191,389.000
2.723,2.720,2.713,2.725,2.721,7.730,7.731,7.729,7.727,7.729,-55.320,390.000
2.716,2.724,2.729,2.724,2.723,7.724,7.722,7.726,7.728,7.725,-55.320,391.000
2.715,2.722,2.713,2.722,2.716,7.725,7.716,7.718,7.722,7.720,-55.600,392.000
2.717,2.718,2.722,2.721,2.714,7.713,7.717,7.713,7.711,7.714,-55.600,393.000
2.710,2.716,2.708,2.714,2.713,7.703,7.704,7.704,7.705,7.705,-56.101,394.000
2.713,2.711,2.715,2.716,2.713,7.706,7.706,7.699,7.704,7.698,-56.101,395.000
2.715,2.711,2.713,2.715,2.715,7.707,7.707,7.701,7.706,7.704,-55.704,396.000
2.721,2.719,2.719,2.714,2.721,7.708,7.707,7.710,7.704,7.707,-55.704,397.000
2.713,2.720,2.719,2.718,2.719,7.712,7.709,7.714,7.713,7.713,-55.691,398.000
2.721,2.721,2.724,2.723,2.720,7.720,7.720,7.715,7.717,7.717,-55.691,399.000
2.721,2.723,2.725,2.722,2.723,7.719,7.718,7.718,7.714,7.712,-55.709,400.000
2.720,2.718,2.722,2.718,2.720,7.713,7.714,7.718,7.716,7.714,-55.709,401.000
2.726,2.722,2.721,2.719,2.721,7.709,7.710,7.710,7.708,7.710,-55.709,402.000
2.717,2.716,2.719,2.716,2.722,7.708,7.706,7.707,7.714,7.708,-55.999,403.000
2.716,2.718,2.722,2.718,2.721,7.716,7.709,7.709,7.711,7.710,-55.999,404.000
2.721,2.725,2.726,2.727,2.718,7.718,7.716,7.718,7.720,7.715,-55.902,405.000
2.729,2.729,2.730,2.728,2.731,7.733,7.739,7.734,7.738,7.738,-55.902,406.000
2.741,2.733,2.734,2.731,2.733,7.747,7.746,7.747,7.743,7.744,-56.115,407.000
2.741,2.740,2.738,2.735,2.737,7.747,7.757,7.756,7.755,7.750,-56.115,408.000
2.742,2.737,2.740,2.737,2.744,7.755,7.753,7.753,7.755,7.759,-56.092,409.000
2.737,2.743,2.738,2.733,2.739,7.749,7.749,7.755,7.752,7.750,-56.092,410.000
2.732,2.733,2.737,2.737,2.738,7.747,7.749,7.749,7.747,7.745,-55.387,411.000
2.734,2.736,2.728,2.731,2.731,7.737,7.743,7.736,7.735,7.733,-55.387,412.000
2.735,2.732,2.732,2.734,2.730,7.733,7.733,7.729,7.733,7.735,-55.467,413.000
2.728,2.726,2.733,2.727,2.727,7.727,7.724,7.721,7.722,7.723,-55.467,414.000
2.727,2.727,2.722,2.721,2.726,7.717,7.722,7.712,7.718,7.720,-55.883,415.000
2.725,2.731,2.728,2.728,2.726,7.711,7.715,7.715,7.715,7.727,-55.883,416.000
2.725,2.725,2.720,2.726,2.724,7.713,7.712,7.718,7.715,7.716,-56.257,417.000
2.730,2.725,2.729,2.723,2.729,7.718,7.707,7.709,7.709,7.715,-56.257,418.000
2.725,2.720,2.724,2.722,2.730,7.709,7.713,7.712,7.716,7.715,-55.768,419.000
2.726,2.733,2.726,2.729,2.738,7.709,7.712,7.710,7.713,7.713,-55.768,420.000
2.730,2.731,2.724,2.724,2.735,7.716,7.714,7.712,7.713,7.714,-55.254,421.000
2.731,2.723,2.729,2.732,2.736,7.714,7.714,7.716,7.718,7.715,-55.254,422.000
2.733,2.730,2.736,2.736,2.733,7.723,7.719,7.723,7.717,7.722,-54.639,423.000
2.737,2.736,2.734,2.731,2.734,7.732,7.731,7.733,7.732,7.735,-54.639,424.000
2.747,2.745,2.741,2.736,2.737,7.733,7.742,7.743,7.739,7.741,-55.222,425.000
2.740,2.740,2.738,2.738,2.742,7.748,7.751,7.743,7.743,7.741,-55.222,426.000
2.748,2.747,2.741,2.746,2.740,7.765,7.755,7.760,7.761,7.759,-56.307,427.000
2.743,2.747,2.749,2.744,2.750,7.765,7.766,7.769,7.770,7.766,-56.307,428.000
2.754,2.754,2.752,2.753,2.751,7.771,7.780,7.773,7.777,7.781,-56.352,429.000
2.759,2.758,2.766,2.761,2.757,7.792,7.785,7.787,7.792,7.793,-56.352,430.000
2.755,2.764,2.770,2.767,2.761,7.798,7.794,7.797,7.798,7.800,-56.220,431.000
2.770,2.769,2.768,2.769,2.767,7.811,7.808,7.808,7.810,7.809,-56.220,432.000
2.765,2.772,2.769,2.774,2.770,7.818,7.817,7.820,7.820,7.824,-56.470,433.000
2.774,2.770,2.777,2.768,2.772,7.824,7.829,7.828,7.826,7.826,-56.470,434.000
2.776,2.773,2.773,2.778,2.778,7.834,7.828,7.832,7.831,7.829,-56.435,435.000
2.781,2.772,2.772,2.780,2.776,7.833,7.833,7.829,7.831,7.830,-56.435,436.000
2.777,2.776,2.775,2.776,2.776,7.833,7.833,7.836,7.830,7.831,-56.470,437.000
2.775,2.779,2.772,2.777,2.778,7.831,7.833,7.835,7.835,7.833,-56.470,438.000
2.770,2.778,2.777,2.775,2.779,7.836,7.837,7.833,7.830,7.835,-56.294,439.000
2.778,2.777,2.774,2.777,2.778,7.837,7.839,7.843,7.842,7.839,-56.294,440.000
2.784,2.780,2.787,2.783,2.789,7.841,7.849,7.846,7.849,7.849,-56.150,441.000
2.782,2.788,2.790,2.789,2.783,7.863,7.866,7.866,7.861,7.863,-56.150,442.000
2.792,2.792,2.786,2.790,2.791,7.868,7.869,7.867,7.864,7.870,-56.168,443.000
2.791,2.787,2.784,2.790,2.789,7.860,7.866,7.869,7.867,7.863,-56.168,444.000
2.789,2.790,2.785,2.792,2.789,7.856,7.858,7.861,7.862,7.856,-56.502,445.000
2.786,2.787,2.787,2.775,2.784,7.850,7.840,7.845,7.848,7.840,-56.502,446.000
2.781,2.772,2.780,2.777,2.779,7.833,7.831,7.832,7.832,7.835,-56.525,447.000
2.774,2.776,2.770,2.776,2.777,7.814,7.815,7.810,7.809,7.811,-56.525,448.000
2.770,2.769,2.765,2.775,2.770,7.805,7.802,7.805,7.801,7.796,-56.629,449.000
2.770,2.765,2.759,2.765,2.770,7.796,7.793,7.793,7.795,7.788,-56.629,450.000
2.761,2.765,2.764,2.770,2.767,7.781,7.788,7.787,7.782,7.779,-56.383,451.000
2.761,2.765,2.759,2.756,2.755,7.775,7.776,7.776,7.770,7.771,-56.383,452.000
2.758,2.760,2.759,2.756,2.762,7.771,7.769,7.768,7.771,7.773,-56.275,453.000
2.758,2.761,2.751,2.756,2.761,7.762,7.767,7.759,7.764,7.760,-56.275,454.000
2.754,2.757,2.754,2.755,2.755,7.755,7.755,7.758,7.752,7.747,-55.728,455.000
2.757,2.754,2.750,2.756,2.751,7.750,7.748,7.749,7.746,7.742,-55.728,456.000
2.754,2.753,2.756,2.745,2.750,7.743,7.745,7.748,7.743,7.739,-55.310,457.000
2.753,2.756,2.753,2.751,2.749,7.748,7.744,7.747,7.744,7.740,-55.310,458.000
2.757,2.749,2.757,2.754,2.756,7.746,7.747,7.747,7.746,7.747,-54.938,459.000
2.759,2.756,2.758,2.762,2.759,7.755,7.752,7.753,7.754,7.750,-54.938,460.000
2.757,2.761,2.753,2.758,2.761,7.758,7.760,7.758,7.756,7.755,-55.777,461.000
2.761,2.758,2.762,2.759,2.764,7.763,7.768,7.769,7.770,7.772,-55.777,462.000
2.763,2.765,2.763,2.765,2.764,7.776,7.775,7.782,7.777,7.785,-55.923,463.000
2.773,2.776,2.767,2.771,2.770,7.792,7.789,7.792,7.793,7.794,-55.923,464.000
2.775,2.774,2.770,2.771,2.777,7.799,7.794,7.798,7.802,7.801,-55.518,465.000
2.786,2.786,2.776,2.778,2.777,7.810,7.811,7.815,7.816,7.818,-55.518,466.000
2.785,2.779,2.782,2.788,2.783,7.820,7.824,7.821,7.820,7.827,-55.642,467.000
2.784,2.785,2.787,2.786,2.791,7.829,7.834,7.831,7.828,7.833,-55.642,468.000
2.787,2.784,2.789,2.790,2.793,7.839,7.837,7.836,7.841,7.839,-56.703,469.000
2.790,2.792,2.794,2.791,2.790,7.842,7.842,7.838,7.842,7.846,-56.703,470.000
2.792,2.794,2.794,2.796,2.797,7.839,7.840,7.840,7.842,7.839,-56.525,471.000
2.795,2.794,2.795,2.789,2.793,7.834,7.834,7.835,7.833,7.834,-56.525,472.000
2.793,2.790,2.786,2.787,2.797,7.830,7.829,7.826,7.829,7.828,-56.097,473.000
2.788,2.787,2.790,2.780,2.783,7.821,7.821,7.824,7.818,7.814,-56.097,474.000
2.788,2.785,2.787,2.794,2.786,7.817,7.816,7.816,7.817,7.814,-55.817,475.000
2.784,2.788,2.784,2.788,2.790,7.812,7.815,7.814,7.812,7.816,-55.817,476.000
2.793,2.796,2.790,2.789,2.784,7.812,7.818,7.811,7.819,7.824,-55.684,477.000
2.788,2.792,2.793,2.787,2.792,7.824,7.824,7.824,7.822,7.817,-55.684,478.000
2.790,2.788,2.794,2.794,2.789,7.829,7.828,7.821,7.826,7.828,-56.343,479.000
2.790,2.794,2.791,2.792,2.796,7.825,7.828,7.823,7.822,7.821,-56.343,480.000
2.794,2.792,2.795,2.788,2.789,7.821,7.824,7.816,7.826,7.826,-56.299,481.000
2.794,2.793,2.787,2.797,2.793,7.819,7.825,7.824,7.820,7.820,-56.299,482.000
2.793,2.785,2.788,2.789,2.797,7.824,7.819,7.818,7.816,7.817,-55.505,483.000
2.787,2.790,2.788,2.785,2.789,7.810,7.808,7.807,7.810,7.805,-55.505,484.000
2.789,2.784,2.785,2.783,2.783,7.802,7.803,7.797,7.796,7.800,-56.071,485.000
2.780,2.779,2.782,2.776,2.779,7.787,7.782,7.791,7.791,7.789,-56.071,486.000
2.776,2.781,2.775,2.783,2.780,7.779,7.780,7.779,7.776,7.777,-55.948,487.000
2.776,2.778,2.775,2.776,2.772,7.778,7.774,7.777,7.773,7.769,-55.948,488.000
2.776,2.773,2.774,2.773,2.771,7.768,7.770,7.771,7.770,7.773,-56.180,489.000
2.775,2.778,2.776,2.778,2.776,7.771,7.772,7.774,7.774,7.777,-56.180,490.000
2.782,2.776,2.780,2.781,2.776,7.772,7.770,7.778,7.773,7.775,-56.232,491.000
2.778,2.778,2.781,2.777,2.774,7.778,7.777,7.780,7.777,7.782,-56.232,492.000
2.779,2.783,2.782,2.782,2.776,7.779,7.779,7.782,7.779,7.780,-55.965,493.000
2.777,2.781,2.782,2.782,2.781,7.780,7.778,7.777,7.775,7.782,-55.965,494.000
2.784,2.777,2.779,2.780,2.782,7.786,7.778,7.784,7.776,7.777,-55.436,495.000
2.782,2.783,2.783,2.787,2.783,7.775,7.776,7.778,7.781,7.777,-55.436,496.000
2.783,2.784,2.781,2.777,2.775,7.781,7.776,7.773,7.780,7.772,-56.185,497.000
2.776,2.781,2.781,2.777,2.780,7.779,7.779,7.781,7.780,7.778,-56.185,498.000
2.779,2.778,2.777,2.780,2.784,7.777,7.776,7.775,7.769,7.772,-55.846,499.000
2.783,2.779,2.777,2.780,2.787,7.774,7.774,7.770,7.773,7.775,-55.846,500.000
2.783,2.781,2.780,2.779,2.774,7.777,7.777,7.776,7.777,7.772,-55.821,501.000
2.789,2.784,2.781,2.785,2.791,7.779,7.777,7.783,7.779,7.777,-55.821,502.000
2.782,2.787,2.786,2.787,2.782,7.776,7.781,7.780,7.780,7.781,-55.591,503.000
2.788,2.793,2.789,2.791,2.784,7.779,7.784,7.786,7.787,7.785,-55.591,504.000
2.791,2.786,2.788,2.786,2.787,7.790,7.789,7.787,7.788,7.788,-55.825,505.000
2.794,2.793,2.792,2.793,2.788,7.798,7.793,7.792,7.792,7.796,-55.825,506.000
2.790,2.793,2.797,2.792,2.795,7.799,7.797,7.798,7.796,7.800,-55.708,507.000
2.798,2.796,2.796,2.797,2.798,7.802,7.801,7.810,7.800,7.803,-55.708,508.000
2.796,2.802,2.797,2.798,2.795,7.802,7.801,7.800,7.806,7.800,-55.720,509.000
2.803,2.793,2.796,2.790,2.790,7.801,7.802,7.804,7.801,7.799,-55.720,510.000
2.795,2.791,2.792,2.794,2.800,7.804,7.796,7.800,7.797,7.792,-55.699,511.000
2.790,2.797,2.795,2.791,2.800,7.792,7.793,7.794,7.788,7.794,-55.699,512.000
2.786,2.800,2.793,2.799,2.791,7.789,7.785,7.789,7.788,7.786,-55.826,513.000
2.790,2.785,2.793,2.789,2.791,7.787,7.782,7.786,7.786,7.782,-55.826,514.000
2.792,2.785,2.789,2.790,2.786,7.783,7.785,7.788,7.781,7.788,-56.438,515.000
2.787,2.785,2.798,2.795,2.793,7.784,7.783,7.785,7.785,7.783,-56.438,516.000
2.800,2.791,2.793,2.798,2.791,7.784,7.787,7.789,7.789,7.787,-56.305,517.000
2.793,2.797,2.792,2.791,2.796,7.792,7.786,7.785,7.783,7.786,-56.305,518.000
2.795,2.790,2.794,2.793,2.793,7.795,7.787,7.794,7.793,7.792,-56.837,519.000
2.793,2.789,2.795,2.798,2.792,7.785,7.789,7.793,7.793,7.792,-56.837,520.000
2.794,2.796,2.793,2.794,2.789,7.793,7.795,7.793,7.787,7.796,-56.079,521.000
2.800,2.797,2.794,2.789,2.790,7.792,7.793,7.793,7.796,7.802,-56.079,522.000
2.796,2.799,2.794,2.792,2.794,7.799,7.792,7.801,7.792,7.792,-55.891,523.000
2.793,2.798,2.803,2.794,2.801,7.803,7.798,7.804,7.798,7.800,-55.891,524.000
2.803,2.800,2.801,2.798,2.800,7.809,7.806,7.812,7.807,7.809,-56.264,525.000
2.799,2.803,2.803,2.806,2.806,7.817,7.815,7.814,7.811,7.813,-56.264,526.000
2.808,2.810,2.806,2.807,2.803,7.820,7.814,7.815,7.817,7.819,-55.805,527.000
2.813,2.805,2.807,2.809,2.805,7.828,7.821,7.827,7.822,7.825,-55.805,528.000
2.807,2.812,2.817,2.808,2.810,7.830,7.832,7.835,7.831,7.834,-55.488,529.000
2.811,2.812,2.812,2.815,2.815,7.834,7.829,7.833,7.827,7.830,-55.488,530.000
2.813,2.814,2.813,2.809,2.813,7.834,7.835,7.835,7.834,7.836,-56.013,531.000
2.810,2.808,2.813,2.815,2.812,7.837,7.837,7.831,7.830,7.834,-56.013,532.000
2.816,2.811,2.808,2.813,2.810,7.836,7.838,7.834,7.832,7.830,-55.856,533.000
2.810,2.807,2.812,2.813,2.813,7.833,7.833,7.832,7.834,7.830,-55.856,534.000
2.807,2.805,2.810,2.813,2.811,7.825,7.829,7.827,7.833,7.833,-55.110,535.000
2.813,2.810,2.818,2.815,2.818,7.826,7.832,7.833,7.834,7.826,-55.110,536.000
2.811,2.813,2.816,2.815,2.814,7.829,7.825,7.828,7.828,7.828,-54.867,537.000
2.817,2.813,2.818,2.813,2.813,7.825,7.828,7.833,7.823,7.829,-54.867,538.000
2.814,2.807,2.813,2.815,2.815,7.826,7.824,7.829,7.826,7.820,-55.288,539.000
2.814,2.807,2.812,2.810,2.815,7.825,7.822,7.825,7.826,7.824,-55.288,540.000
2.809,2.812,2.811,2.812,2.804,7.821,7.822,7.825,7.827,7.824,-55.298,541.000
2.813,2.812,2.812,2.811,2.811,7.825,7.822,7.818,7.822,7.820,-55.298,542.000
2.809,2.810,2.816,2.812,2.814,7.821,7.817,7.820,7.822,7.823,-55.273,543.000
2.813,2.814,2.812,2.815,2.814,7.821,7.818,7.825,7.817,7.820,-55.273,544.000
2.809,2.814,2.809,2.811,2.808,7.817,7.818,7.820,7.819,7.817,-54.558,545.000
2.814,2.811,2.806,2.812,2.813,7.823,7.814,7.819,7.820,7.813,-54.558,546.000
2.814,2.809,2.814,2.809,2.810,7.817,7.824,7.820,7.812,7.817,-54.603,547.000
2.814,2.813,2.805,2.808,2.809,7.820,7.819,7.819,7.817,7.817,-54.603,548.000
2.810,2.808,2.812,2.809,2.812,7.822,7.815,7.816,7.821,7.817,-53.727,549.000
2.812,2.817,2.815,2.814,2.811,7.817,7.816,7.821,7.816,7.815,-53.727,550.000
2.814,2.811,2.810,2.808,2.814,7.814,7.813,7.815,7.817,7.819,-52.747,551.000
2.813,2.811,2.815,2.808,2.813,7.813,7.813,7.810,7.820,7.811,-52.747,552.000
2.808,2.806,2.809,2.811,2.810,7.809,7.813,7.811,7.809,7.807,-53.066,553.000
2.815,2.810,2.814,2.812,2.815,7.809,7.808,7.808,7.811,7.812,-53.066,554.000
2.807,2.808,2.810,2.811,2.811,7.801,7.806,7.806,7.801,7.808,-53.073,555.000
2.811,2.809,2.810,2.807,2.807,7.800,7.800,7.799,7.796,7.802,-53.073,556.000
2.809,2.808,2.809,2.810,2.808,7.797,7.797,7.797,7.793,7.801,-53.048,557.000
2.804,2.810,2.809,2.808,2.804,7.794,7.792,7.796,7.797,7.796,-53.048,558.000
2.806,2.810,2.814,2.806,2.804,7.799,7.796,7.796,7.793,7.793,-53.963,559.000
2.801,2.807,2.801,2.808,2.805,7.789,7.789,7.788,7.787,7.784,-53.963,560.000
2.807,2.807,2.804,2.809,2.802,7.783,7.784,7.787,7.790,7.787,-54.645,561.000
2.813,2.807,2.808,2.806,2.813,7.790,7.792,7.787,7.782,7.785,-54.645,562.000
2.805,2.805,2.805,2.807,2.804,7.786,7.788,7.787,7.791,7.787,-54.046,563.000
2.808,2.807,2.808,2.806,2.809,7.788,7.790,7.787,7.787,7.791,-54.046,564.000
2.808,2.806,2.814,2.814,2.806,7.788,7.783,7.786,7.788,7.786,-54.972,565.000
2.808,2.813,2.811,2.810,2.809,7.790,7.795,7.794,7.791,7.789,-54.972,566.000
2.807,2.812,2.811,2.808,2.808,7.788,7.791,7.782,7.789,7.789,-55.045,567.000
2.803,2.816,2.806,2.809,2.808,7.788,7.787,7.792,7.788,7.792,-55.045,568.000
2.816,2.811,2.800,2.804,2.813,7.787,7.785,7.790,7.785,7.786,-56.495,569.000
2.809,2.807,2.807,2.810,2.811,7.784,7.780,7.783,7.785,7.786,-56.495,570.000
2.804,2.813,2.808,2.805,2.807,7.779,7.782,7.783,7.780,7.783,-55.647,571.000
2.806,2.808,2.806,2.802,2.811,7.773,7.775,7.773,7.774,7.776,-55.647,572.000
2.806,2.802,2.800,2.807,2.799,7.777,7.778,7.774,7.770,7.768,-55.321,573.000
2.801,2.801,2.795,2.801,2.793,7.760,7.760,7.756,7.766,7.757,-55.321,574.000
2.798,2.791,2.797,2.797,2.796,7.748,7.751,7.754,7.751,7.750,-55.463,575.000
2.795,2.796,2.794,2.793,2.798,7.746,7.747,7.747,7.741,7.749,-55.463,576.000
2.784,2.791,2.790,2.790,2.788,7.735,7.735,7.732,7.738,7.733,-55.769,577.000
2.780,2.790,2.790,2.788,2.791,7.716,7.721,7.724,7.724,7.722,-55.769,578.000
2.786,2.783,2.786,2.782,2.787,7.708,7.711,7.708,7.714,7.706,-55.987,579.000
2.777,2.777,2.781,2.773,2.779,7.700,7.702,7.699,7.695,7.696,-55.987,580.000
2.779,2.777,2.780,2.777,2.778,7.690,7.688,7.695,7.691,7.687,-54.839,581.000
2.779,2.779,2.770,2.779,2.776,7.674,7.682,7.680,7.680,7.680,-54.839,582.000
2.779,2.774,2.779,2.773,2.774,7.673,7.673,7.677,7.674,7.674,-55.835,583.000
2.770,2.772,2.766,2.772,2.772,7.670,7.670,7.674,7.668,7.668,-55.835,584.000
2.776,2.773,2.769,2.776,2.772,7.667,7.668,7.668,7.665,7.666,-55.774,585.000
2.775,2.772,2.776,2.773,2.770,7.669,7.668,7.671,7.674,7.673,-55.774,586.000
2.773,2.782,2.777,2.776,2.774,7.676,7.675,7.675,7.668,7.677,-55.787,587.000
2.775,2.773,2.781,2.777,2.771,7.685,7.681,7.680,7.676,7.675,-55.787,588.000
2.778,2.777,2.779,2.774,2.772,7.682,7.687,7.688,7.684,7.687,-55.279,589.000
2.777,2.772,2.777,2.775,2.780,7.687,7.688,7.691,7.690,7.687,-55.279,590.000
2.787,2.776,2.781,2.781,2.781,7.693,7.696,7.695,7.692,7.696,-55.003,591.000
2.786,2.782,2.790,2.779,2.784,7.702,7.699,7.702,7.702,7.698,-55.003,592.000
2.790,2.786,2.787,2.786,2.788,7.706,7.710,7.714,7.712,7.717,-54.579,593.000
2.790,2.796,2.787,2.787,2.786,7.717,7.719,7.718,7.721,7.718,-54.579,594.000
2.793,2.796,2.795,2.796,2.796,7.728,7.733,7.731,7.733,7.730,-54.926,595.000
2.798,2.801,2.804,2.798,2.798,7.745,7.742,7.746,7.744,7.745,-54.926,596.000
2.803,2.806,2.800,2.795,2.799,7.748,7.754,7.749,7.750,7.751,-55.805,597.000
2.805,2.801,2.806,2.800,2.802,7.758,7.758,7.766,7.759,7.759,-55.805,598.000
2.801,2.803,2.802,2.806,2.810,7.761,7.761,7.756,7.757,7.764,-56.050,599.000
2.805,2.803,2.805,2.810,2.802,7.758,7.764,7.760,7.759,7.756,-56.050,600.000
2.802,2.806,2.807,2.811,2.807,7.757,7.759,7.758,7.757,7.755,-55.596,601.000
2.801,2.809,2.807,2.810,2.808,7.758,7.761,7.756,7.757,7.757,-55.596,602.000
2.806,2.804,2.801,2.809,2.806,7.761,7.751,7.755,7.754,7.753,-55.652,603.000
2.804,2.807,2.800,2.801,2.802,7.756,7.759,7.756,7.755,7.755,-55.652,604.000
2.802,2.799,2.800,2.807,2.807,7.752,7.752,7.747,7.758,7.749,-55.739,605.000
2.800,2.806,2.806,2.809,2.802,7.745,7.745,7.748,7.752,7.749,-55.739,606.000
2.810,2.803,2.802,2.803,2.807,7.742,7.747,7.747,7.750,7.743,-55.381,607.000
2.796,2.801,2.799,2.797,2.802,7.739,7.744,7.742,7.746,7.743,-55.381,608.000
2.794,2.795,2.799,2.800,2.798,7.741,7.740,7.737,7.743,7.738,-55.430,609.000
2.799,2.799,2.796,2.800,2.801,7.732,7.736,7.736,7.731,7.737,-55.430,610.000
2.795,2.795,2.799,2.803,2.796,7.727,7.733,7.730,7.736,7.732,-55.755,611.000
2.794,2.796,2.799,2.792,2.795,7.725,7.725,7.723,7.727,7.736,-55.755,612.000
2.796,2.795,2.791,2.796,2.797,7.725,7.723,7.722,7.721,7.723,-55.558,613.000
2.796,2.788,2.792,2.794,2.791,7.719,7.722,7.720,7.719,7.719,-55.558,614.000
2.789,2.790,2.790,2.794,2.793,7.716,7.720,7.720,7.714,7.716,-55.653,615.000
2.791,2.792,2.785,2.796,2.795,7.716,7.723,7.719,7.720,7.723,-55.653,616.000
2.797,2.793,2.790,2.797,2.797,7.723,7.721,7.721,7.720,7.719,-54.565,617.000
2.796,2.795,2.794,2.799,2.796,7.728,7.728,7.726,7.726,7.722,-54.565,618.000
2.799,2.791,2.795,2.796,2.795,7.733,7.727,7.724,7.733,7.729,-54.050,619.000
2.806,2.797,2.804,2.802,2.800,7.732,7.730,7.739,7.737,7.734,-54.050,620.000
2.803,2.799,2.802,2.795,2.801,7.735,7.737,7.737,7.730,7.734,-53.697,621.000
2.801,2.804,2.800,2.805,2.811,7.741,7.740,7.737,7.740,7.741,-53.697,622.000
2.802,2.802,2.802,2.805,2.810,7.743,7.741,7.743,7.742,7.743,-52.688,623.000
2.802,2.803,2.803,2.805,2.801,7.742,7.746,7.749,7.748,7.746,-52.688,624.000
2.808,2.812,2.810,2.806,2.810,7.753,7.752,7.750,7.751,7.748,-52.814,625.000
2.810,2.803,2.808,2.811,2.813,7.754,7.752,7.753,7.760,7.751,-52.814,626.000
2.809,2.807,2.807,2.806,2.811,7.758,7.762,7.757,7.757,7.752,-53.397,627.000
2.807,2.812,2.815,2.813,2.812,7.764,7.756,7.758,7.761,7.760,-53.397,628.000
2.812,2.811,2.811,2.810,2.813,7.765,7.763,7.765,7.760,7.759,-53.481,629.000
2.816,2.816,2.815,2.810,2.822,7.762,7.762,7.767,7.764,7.756,-53.481,630.000
2.817,2.815,2.824,2.812,2.805,7.766,7.766,7.766,7.770,7.764,-54.304,631.000
2.812,2.815,2.816,2.813,2.812,7.763,7.762,7.764,7.765,7.768,-54.304,632.000
2.816,2.819,2.815,2.815,2.819,7.762,7.762,7.767,7.769,7.769,-54.056,633.000
2.821,2.815,2.820,2.816,2.813,7.760,7.765,7.769,7.765,7.768,-54.056,634.000
2.824,2.817,2.810,2.817,2.819,7.763,7.766,7.766,7.765,7.768,-55.004,635.000
2.809,2.818,2.819,2.820,2.821,7.760,7.765,7.763,7.768,7.768,-55.004,636.000
2.819,2.818,2.818,2.818,2.815,7.764,7.766,7.766,7.764,7.765,-55.803,637.000
2.817,2.816,2.815,2.816,2.813,7.763,7.760,7.760,7.761,7.764,-55.803,638.000
2.819,2.816,2.816,2.813,2.821,7.764,7.765,7.766,7.767,7.761,-55.707,639.000
2.817,2.818,2.814,2.812,2.814,7.765,7.762,7.760,7.763,7.760,-55.707,640.000
2.817,2.812,2.817,2.819,2.812,7.763,7.765,7.763,7.766,7.755,-55.231,641.000
2.819,2.809,2.814,2.819,2.816,7.762,7.764,7.761,7.758,7.762,-55.231,642.000
2.816,2.813,2.815,2.814,2.813,7.754,7.753,7.755,7.753,7.756,-55.409,643.000
2.814,2.815,2.818,2.816,2.819,7.752,7.754,7.756,7.756,7.747,-55.409,644.000
2.813,2.815,2.820,2.816,2.814,7.749,7.747,7.750,7.749,7.747,-54.963,645.000
2.811,2.818,2.819,2.814,2.816,7.751,7.744,7.748,7.744,7.750,-54.963,646.000
2.812,2.816,2.814,2.814,2.819,7.747,7.749,7.749,7.742,7.745,-55.450,647.000
2.807,2.812,2.820,2.813,2.818,7.747,7.748,7.751,7.746,7.750,-55.450,648.000
2.817,2.818,2.812,2.810,2.808,7.751,7.742,7.746,7.745,7.744,-55.840,649.000
2.817,2.812,2.815,2.813,2.823,7.743,7.742,7.743,7.745,7.748,-55.840,650.000
2.817,2.818,2.818,2.816,2.813,7.745,7.741,7.741,7.743,7.745,-55.542,651.000
2.818,2.818,2.821,2.815,2.819,7.743,7.737,7.739,7.740,7.747,-55.542,652.000
2.813,2.813,2.811,2.819,2.816,7.743,7.745,7.739,7.745,7.742,-55.213,653.000
2.815,2.816,2.812,2.813,2.812,7.745,7.746,7.743,7.745,7.739,-55.213,654.000
2.813,2.816,2.815,2.815,2.816,7.743,7.735,7.742,7.741,7.745,-55.443,655.000
2.817,2.822,2.813,2.814,2.817,7.743,7.749,7.750,7.746,7.745,-55.443,656.000
2.821,2.816,2.819,2.817,2.821,7.749,7.745,7.743,7.742,7.739,-55.436,657.000
2.818,2.820,2.825,2.817,2.815,7.743,7.739,7.748,7.744,7.746,-55.436,658.000
2.817,2.819,2.815,2.809,2.814,7.745,7.748,7.746,7.745,7.744,-55.658,659.000
2.815,2.823,2.819,2.814,2.814,7.742,7.740,7.740,7.739,7.741,-55.658,660.000
2.816,2.813,2.815,2.816,2.816,7.742,7.743,7.739,7.743,7.742,-55.424,661.000
2.817,2.814,2.815,2.816,2.814,7.743,7.743,7.746,7.736,7.745,-55.424,662.000
2.817,2.817,2.813,2.820,2.819,7.743,7.751,7.748,7.746,7.746,-54.956,663.000
2.817,2.817,2.811,2.821,2.823,7.750,7.748,7.744,7.744,7.742,-54.956,664.000
2.822,2.818,2.823,2.822,2.818,7.748,7.743,7.751,7.748,7.749,-55.664,665.000
2.819,2.820,2.816,2.816,2.818,7.750,7.751,7.753,7.747,7.748,-55.664,666.000
2.820,2.823,2.823,2.818,2.821,7.752,7.750,7.747,7.749,7.746,-55.864,667.000
2.822,2.829,2.819,2.830,2.822,7.748,7.749,7.753,7.752,7.752,-55.864,668.000
2.817,2.821,2.817,2.826,2.820,7.757,7.746,7.751,7.755,7.751,-55.510,669.000
2.818,2.819,2.818,2.817,2.823,7.752,7.751,7.748,7.747,7.750,-55.510,670.000
2.825,2.815,2.817,2.823,2.819,7.751,7.746,7.746,7.746,7.745,-55.223,671.000
2.821,2.820,2.825,2.821,2.821,7.748,7.751,7.745,7.742,7.755,-55.223,672.000
2.820,2.821,2.817,2.819,2.822,7.743,7.744,7.743,7.741,7.742,-55.153,673.000
2.819,2.817,2.818,2.819,2.818,7.738,7.734,7.743,7.740,7.745,-55.153,674.000
2.818,2.820,2.821,2.821,2.819,7.736,7.731,7.737,7.736,7.741,-55.431,675.000
2.817,2.817,2.818,2.818,2.816,7.730,7.734,7.729,7.734,7.732,-55.431,676.000
2.814,2.820,2.817,2.815,2.818,7.723,7.729,7.728,7.722,7.729,-55.767,677.000
2.815,2.814,2.814,2.809,2.819,7.723,7.722,7.721,7.720,7.724,-55.767,678.000
2.812,2.815,2.805,2.812,2.814,7.719,7.717,7.722,7.721,7.712,-55.579,679.000
2.812,2.810,2.807,2.814,2.812,7.713,7.717,7.714,7.712,7.708,-55.579,680.000
2.816,2.815,2.805,2.809,2.812,7.719,7.715,7.709,7.712,7.715,-55.709,681.000
2.815,2.813,2.808,2.813,2.811,7.715,7.711,7.712,7.713,7.714,-55.709,682.000
2.811,2.815,2.815,2.815,2.817,7.713,7.720,7.715,7.716,7.717,-55.682,683.000
2.811,2.809,2.812,2.810,2.818,7.722,7.724,7.722,7.723,7.723,-55.682,684.000
2.814,2.819,2.821,2.821,2.818,7.733,7.732,7.734,7.732,7.727,-55.895,685.000
2.819,2.825,2.822,2.824,2.826,7.737,7.736,7.739,7.735,7.740,-55.895,686.000
2.825,2.825,2.827,2.827,2.829,7.746,7.740,7.746,7.749,7.747,-56.324,687.000
2.830,2.827,2.820,2.826,2.830,7.749,7.749,7.746,7.743,7.748,-56.324,688.000
2.827,2.825,2.830,2.832,2.827,7.750,7.751,7.747,7.748,7.754,-55.386,689.000
2.826,2.829,2.832,2.828,2.822,7.749,7.754,7.752,7.748,7.750,-55.386,690.000
2.833,2.835,2.829,2.831,2.833,7.757,7.757,7.757,7.757,7.756,-55.623,691.000
2.836,2.838,2.826,2.834,2.828,7.759,7.759,7.762,7.762,7.763,-55.623,692.000
2.832,2.833,2.835,2.829,2.830,7.760,7.762,7.757,7.762,7.761,-55.131,693.000
2.831,2.836,2.833,2.833,2.832,7.763,7.763,7.761,7.764,7.763,-55.131,694.000
2.833,2.831,2.835,2.833,2.833,7.768,7.764,7.762,7.760,7.765,-55.490,695.000
2.837,2.828,2.834,2.829,2.837,7.763,7.768,7.762,7.768,7.763,-55.490,696.000
2.832,2.833,2.836,2.838,2.832,7.762,7.759,7.758,7.762,7.763,-55.267,697.000
2.830,2.829,2.830,2.833,2.835,7.756,7.754,7.756,7.752,7.755,-55.267,698.000
2.827,2.823,2.824,2.829,2.827,7.752,7.746,7.748,7.746,7.745,-55.678,699.000
2.826,2.825,2.816,2.829,2.828,7.741,7.743,7.741,7.741,7.744,-55.678,700.000
2.829,2.823,2.824,2.819,2.822,7.734,7.737,7.733,7.732,7.736,-55.507,701.000
2.827,2.815,2.815,2.821,2.821,7.733,7.736,7.726,7.728,7.728,-55.507,702.000
2.825,2.818,2.821,2.818,2.819,7.725,7.726,7.727,7.726,7.730,-54.861,703.000
2.823,2.818,2.821,2.818,2.821,7.720,7.724,7.723,7.726,7.722,-54.861,704.000
2.819,2.817,2.813,2.816,2.819,7.717,7.716,7.716,7.718,7.721,-55.106,705.000
2.810,2.818,2.814,2.814,2.813,7.708,7.707,7.710,7.707,7.711,-55.106,706.000
2.812,2.815,2.818,2.817,2.811,7.701,7.698,7.698,7.702,7.699,-55.268,707.000
2.803,2.806,2.809,2.807,2.809,7.692,7.692,7.691,7.689,7.690,-55.268,708.000
2.804,2.802,2.797,2.800,2.802,7.682,7.679,7.682,7.680,7.680,-54.882,709.000
2.803,2.802,2.796,2.811,2.795,7.675,7.675,7.675,7.674,7.675,-54.882,710.000
2.797,2.798,2.804,2.802,2.800,7.673,7.674,7.675,7.672,7.671,-54.785,711.000
2.802,2.803,2.801,2.805,2.802,7.675,7.672,7.672,7.670,7.674,-54.785,712.000
2.810,2.803,2.806,2.805,2.802,7.673,7.672,7.678,7.678,7.674,-55.513,713.000
2.802,2.807,2.798,2.804,2.801,7.678,7.682,7.676,7.679,7.680,-55.513,714.000
2.811,2.810,2.803,2.800,2.807,7.676,7.676,7.681,7.683,7.680,-55.659,715.000
2.802,2.803,2.800,2.808,2.807,7.677,7.678,7.680,7.679,7.677,-55.659,716.000
2.802,2.807,2.803,2.797,2.802,7.678,7.676,7.678,7.679,7.681,-55.173,717.000
2.807,2.803,2.812,2.803,2.801,7.681,7.677,7.674,7.682,7.674,-55.173,718.000
2.803,2.801,2.807,2.799,2.804,7.671,7.672,7.675,7.683,7.672,-55.375,719.000
2.805,2.801,2.800,2.802,2.802,7.670,7.672,7.674,7.676,7.670,-55.375,720.000
2.801,2.802,2.804,2.801,2.795,7.666,7.664,7.668,7.667,7.671,-55.693,721.000
2.800,2.800,2.802,2.803,2.803,7.665,7.661,7.658,7.669,7.667,-55.693,722.000
2.805,2.800,2.793,2.800,2.798,7.658,7.660,7.653,7.655,7.658,-56.023,723.000
2.797,2.794,2.793,2.790,2.795,7.651,7.650,7.648,7.651,7.647,-56.023,724.000
2.799,2.792,2.795,2.791,2.794,7.650,7.646,7.643,7.647,7.644,-55.065,725.000
2.791,2.792,2.788,2.785,2.793,7.641,7.642,7.638,7.643,7.640,-55.065,726.000
2.790,2.793,2.790,2.796,2.790,7.637,7.641,7.638,7.641,7.642,-55.281,727.000
2.787,2.790,2.786,2.790,2.793,7.639,7.640,7.635,7.640,7.636,-55.281,728.000
2.787,2.785,2.793,2.790,2.792,7.637,7.637,7.638,7.639,7.634,-55.226,729.000
2.793,2.794,2.792,2.790,2.791,7.645,7.644,7.645,7.643,7.646,-55.226,730.000
2.797,2.796,2.793,2.796,2.795,7.647,7.647,7.645,7.644,7.647,-55.401,731.000
2.801,2.791,2.799,2.802,2.797,7.656,7.655,7.654,7.655,7.655,-55.401,732.000
2.801,2.802,2.805,2.801,2.794,7.657,7.660,7.662,7.657,7.660,-54.837,733.000
2.806,2.809,2.802,2.805,2.804,7.668,7.665,7.673,7.670,7.670,-54.837,734.000
2.809,2.811,2.805,2.807,2.806,7.672,7.672,7.675,7.673,7.674,-54.562,735.000
2.808,2.807,2.808,2.808,2.807,7.684,7.682,7.680,7.682,7.678,-54.562,736.000
2.814,2.809,2.813,2.809,2.812,7.685,7.686,7.684,7.690,7.690,-55.579,737.000
2.812,2.817,2.818,2.813,2.812,7.693,7.689,7.690,7.688,7.688,-55.579,738.000
2.819,2.812,2.815,2.811,2.813,7.692,7.688,7.697,7.695,7.693,-55.485,739.000
2.816,2.814,2.811,2.815,2.812,7.698,7.695,7.693,7.691,7.691,-55.485,740.000
2.816,2.811,2.812,2.815,2.817,7.700,7.692,7.697,7.693,7.697,-56.453,741.000
2.813,2.815,2.816,2.815,2.819,7.691,7.697,7.696,7.697,7.693,-56.453,742.000
2.821,2.814,2.813,2.818,2.815,7.695,7.696,7.692,7.696,7.697,-55.382,743.000
2.811,2.813,2.813,2.819,2.809,7.689,7.690,7.694,7.696,7.695,-55.382,744.000
2.814,2.812,2.810,2.811,2.815,7.698,7.688,7.691,7.693,7.685,-55.704,745.000
2.814,2.810,2.809,2.811,2.814,7.687,7.696,7.693,7.694,7.696,-55.704,746.000
2.814,2.818,2.819,2.816,2.812,7.693,7.693,7.697,7.702,7.695,-55.613,747.000
2.816,2.819,2.814,2.815,2.816,7.700,7.698,7.697,7.700,7.697,-55.613,748.000
2.818,2.821,2.815,2.818,2.817,7.699,7.701,7.700,7.702,7.706,-55.502,749.000
2.825,2.824,2.817,2.817,2.816,7.711,7.711,7.713,7.709,7.707,-55.502,750.000
2.817,2.818,2.822,2.818,2.821,7.712,7.712,7.709,7.714,7.712,-55.571,751.000
2.823,2.827,2.822,2.820,2.823,7.716,7.720,7.714,7.715,7.716,-55.571,752.000
2.820,2.824,2.824,2.824,2.825,7.716,7.716,7.717,7.715,7.721,-55.610,753.000
2.825,2.822,2.828,2.830,2.826,7.720,7.725,7.718,7.718,7.727,-55.610,754.000
2.823,2.825,2.822,2.825,2.824,7.720,7.726,7.723,7.723,7.721,-55.727,755.000
2.826,2.827,2.827,2.831,2.827,7.729,7.721,7.728,7.724,7.726,-55.727,756.000
2.828,2.830,2.828,2.826,2.831,7.728,7.725,7.725,7.731,7.729,-55.872,757.000
2.828,2.834,2.829,2.829,2.827,7.730,7.731,7.732,7.734,7.726,-55.872,758.000
2.829,2.833,2.830,2.830,2.829,7.733,7.729,7.732,7.734,7.728,-55.455,759.000
2.837,2.829,2.831,2.830,2.837,7.733,7.735,7.736,7.733,7.737,-55.455,760.000
2.827,2.830,2.826,2.832,2.830,7.735,7.735,7.735,7.740,7.735,-55.421,761.000
2.841,2.832,2.832,2.833,2.830,7.743,7.743,7.744,7.744,7.737,-55.421,762.000
2.835,2.837,2.839,2.834,2.832,7.748,7.746,7.746,7.742,7.747,-54.986,763.000
2.835,2.835,2.835,2.838,2.838,7.750,7.749,7.745,7.744,7.749,-54.986,764.000
2.833,2.835,2.842,2.832,2.835,7.747,7.746,7.743,7.743,7.751,-55.684,765.000
2.836,2.840,2.834,2.840,2.833,7.748,7.744,7.752,7.746,7.748,-55.684,766.000
2.836,2.836,2.834,2.844,2.839,7.747,7.744,7.750,7.744,7.753,-55.591,767.000
2.838,2.841,2.840,2.835,2.838,7.745,7.752,7.746,7.743,7.749,-55.591,768.000
2.837,2.835,2.843,2.840,2.835,7.746,7.744,7.750,7.746,7.748,-54.399,769.000
2.840,2.844,2.839,2.839,2.835,7.749,7.746,7.745,7.744,7.742,-54.399,770.000
2.839,2.834,2.837,2.834,2.841,7.746,7.745,7.749,7.746,7.747,-54.922,771.000
2.837,2.840,2.833,2.839,2.832,7.742,7.739,7.742,7.738,7.731,-54.922,772.000
2.834,2.832,2.837,2.839,2.834,7.738,7.738,7.737,7.742,7.737,-54.536,773.000
2.838,2.838,2.837,2.840,2.828,7.738,7.734,7.736,7.739,7.743,-54.536,774.000
2.833,2.838,2.832,2.838,2.842,7.736,7.740,7.739,7.741,7.740,-55.088,775.000
2.842,2.833,2.833,2.841,2.838,7.737,7.742,7.741,7.744,7.749,-55.088,776.000
2.843,2.835,2.840,2.839,2.840,7.749,7.745,7.746,7.746,7.749,-54.753,777.000
2.845,2.845,2.843,2.840,2.848,7.762,7.758,7.760,7.760,7.764,-54.753,778.000
2.845,2.847,2.845,2.846,2.846,7.760,7.766,7.760,7.759,7.763,-54.808,779.000
2.846,2.844,2.845,2.849,2.848,7.762,7.759,7.759,7.757,7.757,-54.808,780.000
2.848,2.845,2.847,2.847,2.846,7.747,7.757,7.754,7.751,7.752,-54.882,781.000
2.838,2.841,2.844,2.841,2.842,7.744,7.747,7.744,7.746,7.746,-54.882,782.000
2.842,2.840,2.837,2.842,2.839,7.739,7.737,7.741,7.742,7.743,-55.175,783.000
2.842,2.837,2.836,2.838,2.834,7.732,7.731,7.735,7.738,7.740,-55.175,784.000
2.836,2.836,2.836,2.833,2.839,7.734,7.733,7.735,7.731,7.739,-55.212,785.000
2.834,2.836,2.839,2.829,2.834,7.724,7.728,7.728,7.732,7.735,-55.212,786.000
2.831,2.826,2.831,2.835,2.844,7.723,7.727,7.719,7.726,7.725,-55.658,787.000
2.831,2.835,2.841,2.830,2.833,7.717,7.725,7.713,7.713,7.721,-55.658,788.000
2.831,2.828,2.833,2.832,2.830,7.710,7.714,7.714,7.711,7.708,-55.629,789.000
2.827,2.827,2.822,2.827,2.829,7.707,7.704,7.699,7.700,7.705,-55.629,790.000
2.824,2.828,2.824,2.822,2.828,7.694,7.696,7.698,7.697,7.703,-55.180,791.000
2.827,2.824,2.825,2.826,2.823,7.693,7.696,7.700,7.697,7.697,-55.180,792.000
2.827,2.828,2.828,2.826,2.824,7.696,7.697,7.700,7.703,7.700,-54.917,793.000
2.826,2.828,2.827,2.829,2.823,7.703,7.708,7.705,7.710,7.705,-54.917,794.000
2.833,2.832,2.832,2.832,2.836,7.708,7.705,7.708,7.710,7.707,-55.278,795.000
2.836,2.833,2.834,2.833,2.839,7.728,7.716,7.724,7.722,7.726,-55.278,796.000
2.833,2.841,2.839,2.839,2.845,7.733,7.731,7.731,7.730,7.730,-56.040,797.000
2.840,2.836,2.841,2.839,2.839,7.733,7.736,7.738,7.737,7.738,-56.040,798.000
2.843,2.842,2.843,2.841,2.840,7.743,7.742,7.746,7.743,7.741,-55.620,799.000
2.838,2.852,2.840,2.842,2.852,7.747,7.743,7.742,7.745,7.750,-55.620,800.000
2.842,2.847,2.835,2.846,2.839,7.743,7.749,7.750,7.749,7.748,-55.437,801.000
2.839,2.843,2.844,2.844,2.842,7.743,7.743,7.740,7.743,7.742,-55.437,802.000
2.845,2.838,2.835,2.838,2.840,7.739,7.741,7.743,7.735,7.739,-55.153,803.000
2.834,2.838,2.838,2.834,2.834,7.726,7.729,7.727,7.724,7.726,-55.153,804.000
2.830,2.830,2.831,2.823,2.829,7.707,7.705,7.707,7.709,7.714,-54.769,805.000
2.826,2.820,2.831,2.825,2.822,7.699,7.693,7.697,7.697,7.693,-54.769,806.000
2.821,2.825,2.817,2.818,2.817,7.686,7.688,7.692,7.691,7.690,-54.401,807.000
2.824,2.822,2.824,2.815,2.821,7.683,7.686,7.685,7.683,7.688,-54.401,808.000
2.819,2.822,2.824,2.821,2.822,7.693,7.692,7.692,7.689,7.689,-55.047,809.000
2.830,2.826,2.826,2.829,2.834,7.708,7.703,7.701,7.705,7.713,-55.047,810.000
2.839,2.834,2.843,2.830,2.834,7.724,7.721,7.728,7.726,7.727,-55.463,811.000
2.841,2.847,2.849,2.842,2.840,7.746,7.748,7.742,7.744,7.750,-55.463,812.000
2.846,2.849,2.847,2.842,2.845,7.755,7.750,7.750,7.755,7.755,-55.376,813.000
2.845,2.853,2.851,2.850,2.846,7.758,7.754,7.750,7.750,7.754,-55.376,814.000
2.838,2.844,2.843,2.842,2.849,7.746,7.745,7.748,7.741,7.737,-55.876,815.000
2.839,2.850,2.843,2.839,2.840,7.735,7.732,7.735,7.728,7.726,-55.876,816.000
2.842,2.839,2.839,2.839,2.834,7.727,7.726,7.730,7.729,7.729,-55.589,817.000
2.835,2.838,2.834,2.839,2.842,7.728,7.729,7.728,7.728,7.729,-55.589,818.000
2.840,2.839,2.839,2.840,2.840,7.732,7.729,7.737,7.732,7.731,-55.444,819.000
2.844,2.846,2.848,2.843,2.843,7.746,7.738,7.739,7.734,7.734,-55.444,820.000
2.848,2.846,2.840,2.839,2.848,7.744,7.745,7.740,7.740,7.746,-55.439,821.000
2.848,2.851,2.841,2.848,2.843,7.744,7.745,7.742,7.744,7.741,-55.439,822.000
2.848,2.840,2.845,2.845,2.848,7.739,7.738,7.743,7.739,7.739,-55.447,823.000
2.849,2.840,2.842,2.844,2.839,7.736,7.731,7.735,7.730,7.732,-55.447,824.000
2.845,2.840,2.844,2.840,2.837,7.731,7.723,7.731,7.731,7.730,-55.148,825.000
2.840,2.843,2.838,2.839,2.839,7.723,7.723,7.727,7.728,7.727,-55.148,826.000
2.839,2.843,2.845,2.838,2.844,7.723,7.729,7.727,7.724,7.723,-54.988,827.000
2.843,2.842,2.842,2.841,2.841,7.728,7.726,7.726,7.721,7.729,-54.988,828.000
2.845,2.845,2.848,2.841,2.845,7.728,7.732,7.734,7.735,7.735,-55.033,829.000
2.845,2.852,2.843,2.846,2.848,7.741,7.732,7.741,7.737,7.739,-55.033,830.000
2.850,2.845,2.842,2.845,2.847,7.743,7.744,7.736,7.740,7.738,-54.846,831.000
2.847,2.852,2.846,2.845,2.843,7.740,7.740,7.738,7.746,7.741,-54.846,832.000
2.848,2.842,2.849,2.845,2.854,7.741,7.741,7.741,7.744,7.741,-55.333,833.000
2.842,2.845,2.850,2.848,2.852,7.737,7.737,7.742,7.741,7.737,-55.333,834.000
2.850,2.845,2.848,2.848,2.853,7.741,7.741,7.742,7.746,7.737,-55.965,835.000
2.847,2.850,2.853,2.853,2.853,7.740,7.741,7.745,7.748,7.741,-55.965,836.000
2.849,2.853,2.848,2.851,2.849,7.747,7.742,7.747,7.745,7.743,-55.492,837.000
2.851,2.851,2.849,2.846,2.848,7.743,7.743,7.738,7.738,7.742,-55.492,838.000
2.850,2.852,2.850,2.844,2.853,7.741,7.738,7.742,7.739,7.734,-55.415,839.000
2.843,2.854,2.848,2.851,2.843,7.741,7.738,7.738,7.739,7.740,-55.415,840.000
2.855,2.848,2.848,2.845,2.842,7.743,7.748,7.746,7.742,7.736,-55.310,841.000
2.850,2.848,2.850,2.846,2.856,7.743,7.749,7.746,7.746,7.742,-55.310,842.000
2.851,2.846,2.853,2.851,2.849,7.744,7.744,7.746,7.748,7.748,-54.901,843.000
2.850,2.852,2.845,2.853,2.852,7.747,7.743,7.749,7.744,7.750,-54.901,844.000
2.849,2.850,2.857,2.851,2.851,7.743,7.751,7.750,7.751,7.748,-55.251,845.000
2.851,2.848,2.851,2.854,2.847,7.744,7.745,7.747,7.745,7.747,-55.251,846.000
2.841,2.850,2.854,2.854,2.848,7.744,7.747,7.739,7.748,7.743,-54.969,847.000
2.847,2.854,2.855,2.847,2.846,7.739,7.743,7.740,7.736,7.737,-54.969,848.000
2.845,2.849,2.845,2.846,2.848,7.736,7.734,7.735,7.737,7.735,-55.143,849.000
2.849,2.842,2.841,2.843,2.842,7.728,7.726,7.722,7.720,7.720,-55.143,850.000
2.844,2.842,2.844,2.839,2.843,7.722,7.718,7.719,7.716,7.719,-55.208,851.000
2.836,2.837,2.836,2.839,2.842,7.712,7.710,7.715,7.710,7.714,-55.208,852.000
2.836,2.838,2.836,2.836,2.832,7.703,7.701,7.711,7.707,7.711,-55.199,853.000
2.834,2.842,2.837,2.835,2.840,7.699,7.701,7.701,7.707,7.712,-55.199,854.000
2.839,2.839,2.839,2.837,2.843,7.702,7.702,7.701,7.701,7.703,-55.476,855.000
2.843,2.836,2.834,2.839,2.841,7.709,7.706,7.705,7.708,7.707,-55.476,856.000
2.833,2.839,2.841,2.839,2.845,7.708,7.710,7.711,7.708,7.709,-54.791,857.000
2.839,2.838,2.840,2.846,2.848,7.715,7.713,7.715,7.715,7.713,-54.791,858.000
2.840,2.842,2.845,2.847,2.844,7.717,7.717,7.712,7.715,7.716,-54.791,859.000
2.843,2.846,2.847,2.846,2.841,7.719,7.723,7.724,7.720,7.724,-54.690,860.000
2.850,2.848,2.846,2.845,2.846,7.718,7.721,7.727,7.728,7.727,-54.690,861.000
2.851,2.849,2.840,2.851,2.851,7.725,7.728,7.733,7.730,7.728,-54.690,862.000
2.853,2.846,2.843,2.851,2.850,7.730,7.733,7.726,7.731,7.732,-55.346,863.000
2.852,2.852,2.848,2.851,2.853,7.738,7.743,7.733,7.735,7.737,-55.346,864.000
2.860,2.852,2.851,2.851,2.853,7.743,7.736,7.733,7.742,7.742,-55.681,865.000
2.852,2.861,2.851,2.853,2.850,7.743,7.745,7.747,7.743,7.739,-55.681,866.000
2.852,2.856,2.851,2.852,2.857,7.743,7.741,7.747,7.748,7.743,-55.716,867.000
2.856,2.859,2.854,2.857,2.857,7.745,7.743,7.746,7.745,7.744,-55.716,868.000
2.855,2.853,2.854,2.856,2.854,7.747,7.746,7.745,7.747,7.746,-55.549,869.000
2.859,2.855,2.858,2.856,2.857,7.747,7.744,7.750,7.756,7.751,-55.549,870.000
2.850,2.857,2.856,2.858,2.856,7.749,7.750,7.748,7.751,7.754,-55.501,871.000
2.860,2.857,2.859,2.864,2.849,7.751,7.753,7.754,7.754,7.756,-55.501,872.000
2.856,2.860,2.857,2.856,2.861,7.762,7.760,7.757,7.756,7.753,-55.094,873.000
2.858,2.854,2.856,2.865,2.855,7.751,7.755,7.752,7.755,7.754,-55.094,874.000
2.851,2.857,2.853,2.859,2.857,7.751,7.750,7.753,7.756,7.757,-55.699,875.000
2.855,2.855,2.860,2.856,2.853,7.753,7.746,7.751,7.750,7.755,-55.699,876.000
2.859,2.857,2.853,2.862,2.860,7.750,7.748,7.748,7.752,7.750,-56.548,877.000
2.853,2.855,2.864,2.851,2.852,7.745,7.740,7.743,7.742,7.739,-56.548,878.000
2.851,2.852,2.852,2.852,2.848,7.733,7.736,7.738,7.733,7.738,-56.238,879.000
2.849,2.853,2.846,2.849,2.849,7.733,7.732,7.728,7.726,7.731,-56.238,880.000
2.845,2.841,2.847,2.844,2.849,7.723,7.724,7.724,7.726,7.722,-55.038,881.000
2.847,2.836,2.845,2.847,2.846,7.714,7.710,7.718,7.712,7.711,-55.038,882.000
2.842,2.845,2.844,2.837,2.840,7.707,7.706,7.711,7.710,7.701,-55.219,883.000
2.839,2.835,2.837,2.837,2.839,7.696,7.694,7.695,7.694,7.690,-55.219,884.000
2.836,2.836,2.839,2.833,2.835,7.691,7.685,7.688,7.693,7.690,-55.468,885.000
2.833,2.829,2.828,2.830,2.829,7.678,7.673,7.677,7.674,7.674,-55.468,886.000
2.824,2.825,2.824,2.821,2.827,7.664,7.662,7.656,7.662,7.661,-55.334,887.000
2.823,2.821,2.819,2.823,2.823,7.648,7.650,7.649,7.648,7.654,-55.334,888.000
2.817,2.824,2.819,2.820,2.824,7.642,7.646,7.645,7.644,7.647,-55.958,889.000
2.815,2.814,2.817,2.814,2.819,7.637,7.634,7.637,7.630,7.634,-55.958,890.000
2.815,2.813,2.817,2.815,2.814,7.626,7.629,7.627,7.630,7.630,-55.545,891.000
2.807,2.811,2.815,2.811,2.815,7.624,7.625,7.628,7.630,7.628,-55.545,892.000
2.810,2.811,2.814,2.816,2.808,7.627,7.624,7.629,7.627,7.632,-55.631,893.000
2.809,2.817,2.813,2.815,2.816,7.629,7.628,7.626,7.627,7.627,-55.631,894.000
2.811,2.814,2.815,2.816,2.814,7.628,7.629,7.628,7.633,7.633,-54.928,895.000
2.820,2.812,2.812,2.815,2.816,7.636,7.639,7.639,7.632,7.642,-54.928,896.000
2.822,2.819,2.819,2.820,2.819,7.644,7.644,7.640,7.639,7.639,-54.978,897.000
2.818,2.816,2.817,2.822,2.818,7.646,7.647,7.645,7.643,7.640,-54.978,898.000
2.826,2.822,2.818,2.816,2.820,7.644,7.645,7.648,7.645,7.652,-54.074,899.000
2.815,2.819,2.819,2.815,2.821,7.649,7.652,7.648,7.649,7.649,-54.074,900.000
2.821,2.823,2.820,2.820,2.820,7.646,7.656,7.648,7.650,7.648,-53.555,901.000
2.820,2.820,2.822,2.815,2.824,7.652,7.657,7.655,7.652,7.651,-53.555,902.000
2.828,2.828,2.829,2.828,2.828,7.656,7.659,7.658,7.664,7.658,-53.462,903.000
2.826,2.837,2.826,2.828,2.829,7.665,7.663,7.661,7.664,7.669,-53.462,904.000
2.831,2.827,2.831,2.824,2.834,7.677,7.676,7.668,7.672,7.678,-52.493,905.000
2.835,2.845,2.836,2.831,2.835,7.689,7.684,7.686,7.691,7.688,-52.493,906.000
2.840,2.844,2.841,2.846,2.850,7.702,7.706,7.705,7.708,7.705,-52.477,907.000
2.847,2.849,2.849,2.847,2.846,7.718,7.717,7.715,7.713,7.713,-52.477,908.000
2.851,2.849,2.839,2.845,2.851,7.721,7.720,7.715,7.714,7.721,-52.799,909.000
2.846,2.846,2.848,2.848,2.848,7.720,7.716,7.717,7.713,7.715,-52.799,910.000
2.847,2.842,2.852,2.846,2.847,7.715,7.713,7.716,7.712,7.711,-52.766,911.000
2.850,2.850,2.848,2.845,2.840,7.708,7.707,7.711,7.709,7.707,-52.766,912.000
2.840,2.842,2.845,2.841,2.841,7.705,7.705,7.704,7.703,7.702,-52.465,913.000
2.840,2.845,2.840,2.845,2.838,7.703,7.702,7.697,7.699,7.700,-52.465,914.000
2.843,2.835,2.840,2.838,2.837,7.696,7.698,7.698,7.700,7.694,-53.886,915.000
2.837,2.838,2.842,2.845,2.838,7.695,7.694,7.693,7.696,7.699,-53.886,916.000
2.835,2.836,2.839,2.837,2.841,7.695,7.695,7.699,7.693,7.691,-53.886,917.000
2.837,2.836,2.839,2.837,2.838,7.690,7.692,7.693,7.694,7.693,-54.917,918.000
2.832,2.841,2.840,2.838,2.839,7.683,7.683,7.684,7.685,7.683,-54.917,919.000
2.842,2.835,2.834,2.835,2.834,7.684,7.677,7.682,7.678,7.676,-55.159,920.000
2.839,2.829,2.830,2.834,2.841,7.673,7.669,7.672,7.671,7.671,-55.159,921.000
2.835,2.825,2.831,2.836,2.826,7.665,7.665,7.670,7.674,7.663,-54.445,922.000
2.835,2.827,2.822,2.828,2.828,7.661,7.661,7.661,7.658,7.663,-54.445,923.000
2.831,2.828,2.830,2.827,2.828,7.657,7.658,7.659,7.654,7.657,-54.227,924.000
2.823,2.825,2.827,2.828,2.822,7.656,7.649,7.654,7.651,7.652,-54.227,925.000
2.827,2.819,2.821,2.829,2.828,7.648,7.650,7.652,7.653,7.651,-54.062,926.000
2.821,2.827,2.829,2.822,2.826,7.649,7.643,7.642,7.647,7.639,-54.062,927.000
2.823,2.825,2.822,2.824,2.821,7.645,7.642,7.639,7.636,7.636,-54.279,928.000
2.816,2.827,2.823,2.823,2.818,7.635,7.638,7.633,7.633,7.638,-54.279,929.000
2.821,2.823,2.819,2.821,2.821,7.630,7.632,7.634,7.628,7.631,-54.649,930.000
2.816,2.817,2.823,2.817,2.811,7.630,7.625,7.632,7.629,7.624,-54.649,931.000
2.818,2.818,2.819,2.815,2.818,7.629,7.622,7.634,7.627,7.624,-55.176,932.000
2.819,2.817,2.817,2.814,2.817,7.629,7.627,7.623,7.629,7.627,-55.176,933.000
2.816,2.817,2.814,2.818,2.819,7.626,7.630,7.627,7.623,7.628,-55.877,934.000
2.817,2.815,2.820,2.817,2.820,7.626,7.628,7.629,7.631,7.627,-55.877,935.000
2.816,2.824,2.817,2.816,2.816,7.629,7.632,7.628,7.629,7.630,-55.877,936.000
2.819,2.825,2.818,2.819,2.823,7.632,7.632,7.627,7.635,7.628,-55.199,937.000
2.819,2.820,2.822,2.822,2.819,7.632,7.627,7.628,7.629,7.633,-55.199,938.000
2.823,2.823,2.816,2.816,2.822,7.634,7.633,7.635,7.628,7.633,-55.199,939.000
2.821,2.819,2.820,2.819,2.815,7.633,7.635,7.627,7.636,7.639,-55.512,940.000
2.821,2.817,2.821,2.823,2.816,7.635,7.633,7.633,7.631,7.638,-55.512,941.000
2.820,2.825,2.821,2.822,2.818,7.635,7.628,7.635,7.635,7.635,-55.512,942.000
2.816,2.822,2.821,2.817,2.817,7.630,7.630,7.634,7.629,7.634,-55.512,943.000
2.811,2.823,2.820,2.815,2.818,7.626,7.627,7.630,7.629,7.624,-55.512,944.000
2.813,2.808,2.818,2.819,2.817,7.625,7.623,7.626,7.621,7.619,-55.512,945.000
2.812,2.811,2.811,2.806,2.809,7.624,7.617,7.616,7.619,7.619,-55.998,946.000
2.806,2.809,2.812,2.814,2.813,7.621,7.616,7.616,7.613,7.615,-55.998,947.000
2.810,2.808,2.812,2.805,2.812,7.612,7.614,7.609,7.614,7.613,-55.973,948.000
2.807,2.806,2.809,2.810,2.812,7.616,7.613,7.614,7.612,7.614,-55.973,949.000
2.804,2.807,2.813,2.812,2.811,7.614,7.617,7.613,7.616,7.617,-55.464,950.000
2.807,2.821,2.813,2.816,2.812,7.621,7.623,7.627,7.622,7.626,-55.464,951.000
2.817,2.818,2.818,2.815,2.818,7.626,7.624,7.626,7.621,7.624,-55.296,952.000
2.816,2.817,2.814,2.816,2.819,7.628,7.633,7.629,7.628,7.626,-55.296,953.000
2.815,2.816,2.819,2.821,2.817,7.625,7.630,7.627,7.627,7.622,-55.592,954.000
2.811,2.810,2.809,2.812,2.814,7.618,7.622,7.621,7.621,7.617,-55.592,955.000
2.811,2.813,2.812,2.812,2.814,7.621,7.614,7.618,7.618,7.613,-55.169,956.000
2.812,2.814,2.812,2.810,2.810,7.607,7.613,7.612,7.612,7.609,-55.169,957.000
2.808,2.806,2.808,2.812,2.804,7.605,7.606,7.603,7.607,7.607,-55.331,958.000
2.807,2.812,2.809,2.810,2.807,7.594,7.596,7.601,7.604,7.603,-55.331,959.000
2.809,2.804,2.807,2.809,2.809,7.598,7.600,7.599,7.598,7.599,-54.939,960.000
2.807,2.803,2.809,2.803,2.807,7.598,7.595,7.596,7.598,7.598,-54.939,961.000
2.806,2.808,2.801,2.811,2.805,7.596,7.600,7.596,7.600,7.598,-55.091,962.000
2.804,2.809,2.807,2.806,2.814,7.603,7.597,7.594,7.599,7.605,-55.091,963.000
2.809,2.806,2.811,2.815,2.815,7.603,7.598,7.602,7.605,7.602,-55.129,964.000
2.807,2.808,2.811,2.811,2.810,7.605,7.610,7.609,7.600,7.607,-55.129,965.000
2.812,2.815,2.813,2.813,2.811,7.611,7.613,7.611,7.609,7.608,-55.135,966.000
2.819,2.813,2.816,2.812,2.816,7.616,7.623,7.623,7.620,7.618,-55.135,967.000
2.818,2.818,2.818,2.820,2.824,7.622,7.623,7.624,7.622,7.622,-53.266,968.000
2.816,2.825,2.819,2.828,2.819,7.633,7.632,7.633,7.634,7.633,-53.266,969.000
2.819,2.821,2.827,2.823,2.823,7.634,7.637,7.635,7.636,7.634,-52.710,970.000
2.827,2.827,2.830,2.828,2.825,7.642,7.640,7.639,7.645,7.647,-52.710,971.000
2.827,2.828,2.822,2.828,2.825,7.637,7.638,7.643,7.645,7.648,-52.263,972.000
2.829,2.825,2.820,2.823,2.821,7.649,7.648,7.649,7.641,7.651,-52.263,973.000
2.826,2.830,2.827,2.828,2.820,7.649,7.647,7.650,7.654,7.645,-53.119,974.000
2.824,2.833,2.829,2.832,2.831,7.645,7.642,7.646,7.646,7.648,-53.119,975.000
2.826,2.822,2.833,2.824,2.827,7.650,7.649,7.649,7.649,7.643,-53.351,976.000
2.826,2.830,2.830,2.833,2.827,7.654,7.654,7.648,7.647,7.651,-53.351,977.000
2.836,2.829,2.831,2.822,2.830,7.652,7.653,7.658,7.652,7.649,-53.849,978.000
2.831,2.834,2.830,2.831,2.836,7.654,7.662,7.657,7.661,7.654,-53.849,979.000
2.834,2.832,2.832,2.834,2.835,7.669,7.659,7.662,7.663,7.664,-54.036,980.000
2.838,2.837,2.839,2.839,2.834,7.673,7.670,7.668,7.671,7.671,-54.036,981.000
2.839,2.837,2.837,2.835,2.840,7.673,7.675,7.671,7.676,7.670,-54.586,982.000
2.839,2.841,2.839,2.839,2.839,7.675,7.674,7.676,7.673,7.681,-54.586,983.000
2.835,2.838,2.830,2.839,2.839,7.677,7.673,7.679,7.679,7.681,-55.433,984.000
2.836,2.843,2.842,2.842,2.840,7.683,7.678,7.681,7.677,7.679,-55.433,985.000
2.838,2.845,2.846,2.841,2.845,7.689,7.682,7.683,7.684,7.686,-55.719,986.000
2.844,2.845,2.846,2.850,2.844,7.687,7.690,7.690,7.693,7.694,-55.719,987.000
2.848,2.857,2.851,2.846,2.848,7.705,7.699,7.701,7.698,7.703,-54.871,988.000
2.855,2.855,2.849,2.853,2.852,7.707,7.707,7.701,7.698,7.703,-54.871,989.000
2.853,2.855,2.857,2.845,2.850,7.709,7.704,7.703,7.704,7.701,-55.094,990.000
2.854,2.853,2.848,2.853,2.851,7.708,7.706,7.703,7.704,7.701,-55.094,991.000
2.850,2.859,2.851,2.857,2.854,7.706,7.705,7.709,7.704,7.706,-54.659,992.000
2.857,2.849,2.850,2.849,2.854,7.709,7.705,7.711,7.707,7.710,-54.659,993.000
2.855,2.851,2.859,2.857,2.860,7.715,7.710,7.717,7.712,7.718,-55.242,994.000
2.858,2.863,2.859,2.863,2.861,7.721,7.720,7.721,7.725,7.719,-55.242,995.000
2.860,2.860,2.861,2.860,2.857,7.730,7.726,7.724,7.729,7.731,-55.126,996.000
2.866,2.860,2.861,2.865,2.862,7.733,7.732,7.732,7.732,7.729,-55.126,997.000
2.866,2.864,2.863,2.862,2.864,7.732,7.734,7.738,7.739,7.737,-55.273,998.000
2.861,2.862,2.865,2.867,2.865,7.738,7.740,7.735,7.738,7.742,-55.273,999.000
2.870,2.865,2.866,2.863,2.866,7.746,7.740,7.740,7.739,7.740,-55.591,1000.000
2.860,2.863,2.867,2.870,2.866,7.746,7.742,7.745,7.743,7.744,-55.591,1001.000
2.867,2.865,2.872,2.864,2.864,7.745,7.752,7.749,7.745,7.745,-56.167,1002.000
2.871,2.871,2.867,2.867,2.869,7.746,7.745,7.743,7.748,7.751,-56.167,1003.000
2.872,2.871,2.869,2.870,2.869,7.748,7.753,7.748,7.753,7.750,-55.281,1004.000
2.869,2.873,2.868,2.870,2.870,7.754,7.749,7.759,7.755,7.755,-55.281,1005.000
2.872,2.871,2.875,2.870,2.865,7.751,7.755,7.757,7.754,7.760,-55.243,1006.000
2.872,2.871,2.875,2.871,2.874,7.760,7.756,7.760,7.756,7.754,-55.243,1007.000
2.870,2.871,2.873,2.869,2.867,7.757,7.762,7.752,7.760,7.758,-55.009,1008.000
2.869,2.872,2.873,2.872,2.873,7.761,7.763,7.762,7.759,7.755,-55.009,1009.000
2.880,2.875,2.869,2.872,2.877,7.764,7.763,7.763,7.759,7.762,-55.061,1010.000
2.871,2.870,2.879,2.867,2.872,7.760,7.762,7.762,7.762,7.764,-55.061,1011.000
2.869,2.878,2.876,2.873,2.870,7.764,7.757,7.762,7.764,7.756,-54.779,1012.000
2.873,2.875,2.873,2.868,2.877,7.760,7.766,7.763,7.756,7.761,-54.779,1013.000
2.868,2.874,2.873,2.871,2.877,7.761,7.760,7.759,7.763,7.765,-54.779,1014.000
2.872,2.871,2.868,2.872,2.874,7.762,7.758,7.757,7.762,7.762,-54.926,1015.000
2.872,2.875,2.871,2.869,2.874,7.762,7.758,7.761,7.754,7.758,-54.926,1016.000
2.870,2.875,2.868,2.868,2.866,7.758,7.753,7.759,7.758,7.760,-54.482,1017.000
2.871,2.869,2.873,2.870,2.870,7.757,7.753,7.754,7.756,7.754,-54.482,1018.000
2.873,2.860,2.870,2.871,2.876,7.757,7.759,7.760,7.752,7.760,-54.914,1019.000
2.869,2.868,2.872,2.870,2.872,7.756,7.763,7.755,7.760,7.755,-54.914,1020.000
2.873,2.866,2.866,2.870,2.870,7.758,7.752,7.753,7.753,7.754,-55.055,1021.000
2.870,2.875,2.872,2.878,2.866,7.755,7.754,7.751,7.753,7.753,-55.055,1022.000
2.875,2.870,2.868,2.874,2.869,7.746,7.748,7.748,7.752,7.749,-56.158,1023.000
2.865,2.868,2.865,2.865,2.868,7.746,7.740,7.744,7.747,7.743,-56.158,1024.000
2.872,2.866,2.863,2.868,2.865,7.738,7.739,7.740,7.746,7.740,-55.281,1025.000
2.864,2.866,2.863,2.859,2.861,7.732,7.732,7.734,7.733,7.733,-55.281,1026.000
2.855,2.864,2.860,2.864,2.862,7.725,7.729,7.726,7.729,7.730,-55.165,1027.000
2.852,2.862,2.860,2.862,2.855,7.719,7.722,7.721,7.720,7.717,-55.165,1028.000
2.857,2.854,2.856,2.857,2.855,7.711,7.708,7.718,7.717,7.713,-55.273,1029.000
2.851,2.858,2.852,2.854,2.846,7.705,7.709,7.705,7.710,7.702,-55.273,1030.000
2.851,2.853,2.853,2.857,2.856,7.703,7.702,7.706,7.704,7.702,-56.067,1031.000
2.854,2.849,2.850,2.853,2.852,7.698,7.694,7.700,7.691,7.696,-56.067,1032.000
2.848,2.850,2.848,2.853,2.844,7.693,7.692,7.692,7.685,7.690,-55.704,1033.000
2.852,2.842,2.848,2.848,2.846,7.687,7.682,7.684,7.685,7.683,-55.704,1034.000
2.843,2.841,2.845,2.841,2.845,7.679,7.676,7.676,7.674,7.681,-55.953,1035.000
2.838,2.845,2.839,2.842,2.848,7.673,7.673,7.673,7.672,7.673,-55.953,1036.000
2.836,2.836,2.835,2.835,2.839,7.669,7.668,7.666,7.667,7.673,-56.136,1037.000
2.837,2.840,2.838,2.837,2.837,7.667,7.661,7.664,7.662,7.665,-56.136,1038.000
2.838,2.838,2.837,2.839,2.841,7.664,7.669,7.658,7.662,7.663,-55.507,1039.000
2.836,2.839,2.832,2.839,2.835,7.664,7.656,7.657,7.656,7.657,-55.507,1040.000
2.834,2.838,2.831,2.834,2.837,7.657,7.661,7.660,7.656,7.652,-54.948,1041.000
2.830,2.834,2.840,2.831,2.833,7.654,7.655,7.654,7.654,7.651,-54.948,1042.000
2.829,2.828,2.833,2.839,2.836,7.651,7.650,7.653,7.649,7.650,-55.726,1043.000
2.838,2.834,2.839,2.835,2.832,7.649,7.650,7.649,7.644,7.649,-55.726,1044.000
2.829,2.832,2.832,2.834,2.835,7.646,7.644,7.645,7.642,7.641,-55.207,1045.000
2.829,2.827,2.827,2.832,2.826,7.643,7.640,7.639,7.638,7.640,-55.207,1046.000
2.833,2.829,2.835,2.833,2.834,7.637,7.634,7.642,7.639,7.636,-55.604,1047.000
2.830,2.825,2.822,2.822,2.829,7.631,7.629,7.629,7.633,7.632,-55.604,1048.000
2.831,2.826,2.827,2.827,2.827,7.627,7.631,7.634,7.626,7.624,-55.556,1049.000
2.829,2.821,2.821,2.820,2.822,7.625,7.621,7.625,7.625,7.623,-55.556,1050.000
2.825,2.825,2.820,2.829,2.825,7.621,7.618,7.620,7.619,7.624,-55.556,1051.000
2.825,2.820,2.820,2.825,2.821,7.625,7.624,7.620,7.622,7.624,-56.005,1052.000
2.820,2.826,2.825,2.824,2.832,7.619,7.620,7.621,7.624,7.620,-56.005,1053.000
2.827,2.823,2.825,2.820,2.828,7.621,7.621,7.622,7.622,7.624,-55.815,1054.000
2.824,2.823,2.825,2.823,2.827,7.623,7.624,7.622,7.621,7.622,-55.815,1055.000
2.828,2.827,2.828,2.825,2.823,7.629,7.629,7.624,7.620,7.619,-55.862,1056.000
2.823,2.830,2.825,2.824,2.833,7.628,7.628,7.627,7.626,7.631,-55.862,1057.000
2.829,2.828,2.824,2.826,2.827,7.634,7.623,7.630,7.627,7.632,-55.862,1058.000
2.824,2.830,2.832,2.826,2.825,7.631,7.633,7.634,7.633,7.634,-55.895,1059.000
2.826,2.831,2.824,2.827,2.831,7.629,7.634,7.634,7.640,7.636,-55.895,1060.000
2.828,2.831,2.836,2.831,2.834,7.639,7.637,7.637,7.639,7.637,-55.895,1061.000
2.827,2.829,2.835,2.825,2.829,7.642,7.634,7.632,7.639,7.636,-56.194,1062.000
2.829,2.830,2.830,2.830,2.836,7.639,7.638,7.642,7.643,7.641,-56.194,1063.000
2.836,2.835,2.835,2.834,2.831,7.639,7.641,7.634,7.641,7.640,-56.194,1064.000
2.831,2.829,2.831,2.837,2.833,7.643,7.637,7.637,7.637,7.642,-55.426,1065.000
2.832,2.828,2.830,2.832,2.833,7.641,7.640,7.637,7.636,7.633,-55.426,1066.000
2.832,2.829,2.830,2.836,2.834,7.641,7.636,7.643,7.632,7.640,-55.426,1067.000
2.826,2.826,2.831,2.828,2.834,7.636,7.636,7.639,7.640,7.641,-55.626,1068.000
2.834,2.835,2.827,2.827,2.826,7.640,7.635,7.639,7.637,7.639,-55.626,1069.000
2.822,2.826,2.837,2.832,2.831,7.637,7.634,7.637,7.638,7.634,-55.386,1070.000
2.836,2.829,2.833,2.834,2.829,7.640,7.632,7.634,7.637,7.631,-55.386,1071.000
2.834,2.831,2.834,2.831,2.832,7.637,7.641,7.637,7.636,7.639,-56.143,1072.000
2.832,2.835,2.826,2.834,2.827,7.641,7.635,7.639,7.635,7.637,-56.143,1073.000
2.832,2.824,2.831,2.829,2.835,7.634,7.636,7.635,7.640,7.631,-55.730,1074.000
2.836,2.829,2.833,2.833,2.830,7.635,7.639,7.638,7.637,7.643,-55.730,1075.000
2.829,2.829,2.835,2.831,2.825,7.634,7.640,7.640,7.642,7.637,-55.543,1076.000
2.834,2.828,2.830,2.832,2.834,7.642,7.642,7.637,7.642,7.638,-55.543,1077.000
2.835,2.833,2.834,2.829,2.833,7.643,7.644,7.639,7.636,7.641,-55.643,1078.000
2.830,2.836,2.833,2.834,2.839,7.639,7.636,7.637,7.640,7.638,-55.643,1079.000
2.836,2.831,2.834,2.835,2.832,7.639,7.640,7.638,7.642,7.646,-55.253,1080.000
2.839,2.830,2.835,2.837,2.837,7.635,7.642,7.643,7.642,7.641,-55.253,1081.000
2.837,2.837,2.836,2.839,2.832,7.642,7.647,7.645,7.636,7.642,-55.495,1082.000
2.840,2.836,2.842,2.832,2.836,7.647,7.646,7.650,7.650,7.647,-55.495,1083.000
2.841,2.836,2.834,2.839,2.833,7.651,7.651,7.648,7.646,7.649,-54.767,1084.000
2.836,2.833,2.847,2.843,2.833,7.656,7.658,7.658,7.661,7.657,-54.767,1085.000
2.837,2.839,2.845,2.836,2.843,7.665,7.668,7.668,7.662,7.664,-54.554,1086.000
2.835,2.842,2.852,2.848,2.846,7.670,7.670,7.671,7.664,7.669,-54.554,1087.000
2.846,2.850,2.843,2.844,2.845,7.672,7.674,7.668,7.670,7.671,-55.207,1088.000
2.851,2.848,2.845,2.848,2.848,7.677,7.675,7.677,7.677,7.677,-55.207,1089.000
2.842,2.836,2.846,2.840,2.843,7.676,7.676,7.674,7.680,7.675,-54.671,1090.000
2.840,2.846,2.847,2.844,2.838,7.676,7.677,7.670,7.673,7.675,-54.671,1091.000
2.846,2.838,2.844,2.847,2.841,7.679,7.675,7.673,7.676,7.676,-54.425,1092.000
2.845,2.845,2.844,2.840,2.834,7.666,7.668,7.670,7.662,7.660,-54.425,1093.000
2.833,2.837,2.832,2.838,2.836,7.665,7.662,7.663,7.667,7.658,-54.930,1094.000
2.840,2.836,2.837,2.841,2.831,7.653,7.649,7.651,7.657,7.651,-54.930,1095.000
2.829,2.836,2.838,2.835,2.832,7.650,7.649,7.644,7.643,7.645,-54.919,1096.000
2.835,2.826,2.837,2.830,2.839,7.638,7.639,7.644,7.642,7.640,-54.919,1097.000
2.831,2.834,2.831,2.829,2.830,7.638,7.639,7.639,7.641,7.641,-55.050,1098.000
2.828,2.825,2.833,2.831,2.832,7.640,7.641,7.637,7.641,7.634,-55.050,1099.000
2.831,2.830,2.839,2.831,2.838,7.645,7.643,7.646,7.641,7.643,-54.820,1100.000
2.836,2.833,2.828,2.835,2.832,7.646,7.647,7.643,7.641,7.654,-54.820,1101.000
2.837,2.838,2.836,2.840,2.834,7.648,7.654,7.650,7.650,7.650,-55.701,1102.000
2.833,2.833,2.839,2.838,2.838,7.649,7.650,7.654,7.655,7.652,-55.701,1103.000
2.836,2.834,2.832,2.838,2.830,7.651,7.656,7.647,7.649,7.654,-55.419,1104.000
2.831,2.834,2.832,2.831,2.839,7.647,7.648,7.650,7.650,7.652,-55.419,1105.000
2.838,2.831,2.833,2.836,2.831,7.638,7.644,7.641,7.645,7.644,-55.913,1106.000
2.829,2.832,2.830,2.835,2.831,7.639,7.636,7.634,7.639,7.636,-55.913,1107.000
2.827,2.830,2.829,2.827,2.825,7.634,7.627,7.632,7.632,7.629,-55.273,1108.000
2.825,2.822,2.828,2.833,2.828,7.619,7.617,7.622,7.625,7.620,-55.273,1109.000
2.818,2.819,2.820,2.822,2.817,7.615,7.604,7.609,7.613,7.611,-55.378,1110.000
2.816,2.815,2.820,2.820,2.816,7.597,7.598,7.602,7.597,7.603,-55.378,1111.000
2.818,2.822,2.812,2.819,2.816,7.594,7.602,7.600,7.594,7.594,-56.056,1112.000
2.813,2.814,2.810,2.814,2.820,7.588,7.590,7.592,7.590,7.591,-56.056,1113.000
2.815,2.815,2.810,2.812,2.809,7.591,7.590,7.592,7.593,7.591,-55.865,1114.000
2.816,2.809,2.815,2.814,2.814,7.584,7.591,7.595,7.589,7.586,-55.865,1115.000
2.811,2.809,2.817,2.815,2.817,7.593,7.592,7.591,7.595,7.592,-55.481,1116.000
2.815,2.819,2.819,2.817,2.818,7.589,7.598,7.598,7.599,7.592,-55.481,1117.000
2.817,2.818,2.823,2.820,2.822,7.597,7.598,7.598,7.608,7.598,-55.651,1118.000
2.817,2.815,2.816,2.815,2.820,7.601,7.604,7.602,7.600,7.604,-55.651,1119.000
2.819,2.820,2.814,2.816,2.821,7.601,7.602,7.603,7.603,7.604,-54.810,1120.000
2.818,2.823,2.821,2.821,2.812,7.602,7.600,7.602,7.603,7.600,-54.810,1121.000
2.817,2.818,2.816,2.819,2.817,7.600,7.598,7.601,7.599,7.602,-54.666,1122.000
2.819,2.817,2.816,2.821,2.814,7.596,7.595,7.597,7.596,7.599,-54.666,1123.000
2.821,2.820,2.816,2.817,2.819,7.600,7.594,7.594,7.598,7.597,-55.307,1124.000
2.815,2.818,2.814,2.818,2.821,7.602,7.602,7.600,7.603,7.604,-55.307,1125.000
2.822,2.817,2.812,2.817,2.819,7.600,7.599,7.597,7.602,7.603,-55.495,1126.000
2.815,2.823,2.821,2.817,2.819,7.601,7.595,7.601,7.605,7.603,-55.495,1127.000
2.824,2.819,2.820,2.818,2.822,7.601,7.599,7.604,7.603,7.602,-55.443,1128.000
2.815,2.815,2.822,2.815,2.821,7.605,7.606,7.603,7.605,7.600,-55.443,1129.000
2.814,2.822,2.820,2.827,2.823,7.600,7.602,7.601,7.604,7.601,-55.407,1130.000
2.816,2.818,2.822,2.822,2.822,7.607,7.603,7.605,7.610,7.603,-55.407,1131.000
2.830,2.824,2.826,2.826,2.823,7.612,7.611,7.610,7.606,7.609,-55.262,1132.000
2.819,2.826,2.826,2.825,2.825,7.608,7.618,7.615,7.614,7.617,-55.262,1133.000
2.821,2.829,2.828,2.828,2.827,7.616,7.618,7.621,7.623,7.619,-55.314,1134.000
2.829,2.829,2.826,2.830,2.822,7.623,7.621,7.619,7.624,7.624,-55.314,1135.000
2.827,2.824,2.832,2.831,2.831,7.623,7.627,7.623,7.626,7.626,-55.706,1136.000
2.830,2.823,2.833,2.830,2.826,7.628,7.622,7.626,7.624,7.630,-55.706,1137.000
2.825,2.830,2.832,2.831,2.833,7.629,7.628,7.627,7.627,7.624,-56.916,1138.000
2.827,2.827,2.827,2.828,2.831,7.625,7.614,7.620,7.626,7.625,-56.916,1139.000
2.828,2.825,2.823,2.829,2.827,7.618,7.619,7.624,7.621,7.617,-55.570,1140.000
2.815,2.829,2.825,2.827,2.828,7.618,7.617,7.612,7.615,7.613,-55.570,1141.000
2.829,2.827,2.823,2.827,2.826,7.616,7.614,7.615,7.616,7.614,-55.605,1142.000
2.828,2.826,2.819,2.821,2.822,7.609,7.614,7.614,7.612,7.607,-55.605,1143.000
2.823,2.825,2.824,2.826,2.820,7.614,7.612,7.611,7.612,7.607,-55.571,1144.000
2.829,2.822,2.826,2.828,2.827,7.613,7.618,7.610,7.610,7.608,-55.571,1145.000
2.825,2.827,2.829,2.827,2.824,7.611,7.611,7.613,7.610,7.611,-54.795,1146.000
2.828,2.823,2.820,2.822,2.830,7.609,7.612,7.615,7.613,7.610,-54.795,1147.000
2.826,2.823,2.824,2.823,2.824,7.607,7.608,7.607,7.609,7.607,-54.783,1148.000
2.816,2.818,2.822,2.822,2.816,7.601,7.602,7.598,7.601,7.598,-54.783,1149.000
2.819,2.817,2.819,2.826,2.821,7.595,7.595,7.597,7.598,7.596,-55.013,1150.000
2.816,2.818,2.815,2.813,2.816,7.598,7.594,7.595,7.600,7.596,-55.013,1151.000
2.827,2.822,2.823,2.819,2.821,7.594,7.602,7.596,7.596,7.599,-55.097,1152.000
2.819,2.826,2.824,2.824,2.820,7.603,7.600,7.605,7.603,7.607,-55.097,1153.000
2.825,2.831,2.822,2.825,2.824,7.611,7.608,7.610,7.608,7.610,-55.327,1154.000
2.822,2.830,2.828,2.829,2.828,7.618,7.611,7.614,7.614,7.615,-55.327,1155.000
2.826,2.830,2.822,2.825,2.830,7.620,7.618,7.620,7.615,7.617,-54.851,1156.000
2.831,2.829,2.832,2.821,2.832,7.617,7.620,7.618,7.620,7.620,-54.851,1157.000
2.829,2.826,2.829,2.832,2.828,7.617,7.618,7.617,7.621,7.620,-55.450,1158.000
2.829,2.830,2.831,2.822,2.828,7.619,7.613,7.617,7.614,7.618,-55.450,1159.000
2.828,2.830,2.832,2.825,2.825,7.616,7.613,7.620,7.612,7.611,-55.457,1160.000
2.822,2.827,2.824,2.827,2.819,7.615,7.617,7.614,7.618,7.615,-55.457,1161.000
2.832,2.835,2.824,2.830,2.818,7.618,7.619,7.619,7.615,7.615,-55.294,1162.000
2.829,2.833,2.828,2.831,2.828,7.624,7.616,7.617,7.624,7.625,-55.294,1163.000
2.829,2.834,2.819,2.828,2.825,7.628,7.622,7.622,7.624,7.623,-54.786,1164.000
2.830,2.832,2.827,2.823,2.831,7.628,7.631,7.629,7.624,7.625,-54.786,1165.000
2.830,2.828,2.827,2.829,2.828,7.633,7.626,7.626,7.629,7.630,-55.953,1166.000
2.830,2.823,2.832,2.825,2.827,7.621,7.625,7.623,7.624,7.626,-55.953,1167.000
2.821,2.820,2.826,2.823,2.824,7.620,7.620,7.623,7.622,7.622,-56.021,1168.000
2.823,2.822,2.825,2.821,2.825,7.624,7.622,7.626,7.623,7.620,-56.021,1169.000
2.822,2.828,2.825,2.828,2.825,7.619,7.624,7.614,7.624,7.619,-55.891,1170.000
2.824,2.827,2.822,2.827,2.821,7.615,7.619,7.616,7.618,7.614,-55.891,1171.000
2.823,2.824,2.817,2.827,2.826,7.615,7.614,7.613,7.613,7.617,-56.549,1172.000
2.825,2.822,2.822,2.826,2.836,7.617,7.619,7.623,7.622,7.615,-56.549,1173.000
2.829,2.824,2.820,2.821,2.827,7.618,7.626,7.624,7.616,7.624,-56.370,1174.000
2.832,2.829,2.830,2.825,2.832,7.627,7.628,7.623,7.621,7.621,-56.370,1175.000
2.828,2.827,2.826,2.831,2.834,7.626,7.623,7.627,7.624,7.619,-55.414,1176.000
2.833,2.834,2.831,2.833,2.830,7.628,7.626,7.632,7.632,7.628,-55.414,1177.000
2.837,2.834,2.826,2.829,2.824,7.627,7.630,7.624,7.626,7.630,-55.927,1178.000
2.828,2.833,2.834,2.827,2.831,7.627,7.634,7.631,7.632,7.627,-55.927,1179.000
2.839,2.833,2.831,2.831,2.830,7.633,7.630,7.633,7.633,7.636,-55.183,1180.000
2.833,2.827,2.830,2.830,2.823,7.631,7.631,7.628,7.632,7.635,-55.183,1181.000
2.828,2.825,2.826,2.825,2.831,7.633,7.630,7.629,7.631,7.629,-55.511,1182.000
2.824,2.823,2.832,2.830,2.825,7.626,7.629,7.630,7.633,7.633,-55.511,1183.000
2.826,2.831,2.827,2.831,2.836,7.631,7.632,7.630,7.630,7.631,-54.848,1184.000
2.835,2.830,2.828,2.832,2.836,7.633,7.635,7.640,7.640,7.634,-54.848,1185.000
2.831,2.829,2.834,2.834,2.834,7.636,7.637,7.630,7.634,7.640,-55.202,1186.000
2.831,2.828,2.827,2.835,2.836,7.634,7.630,7.621,7.631,7.632,-55.202,1187.000
2.828,2.827,2.829,2.826,2.829,7.618,7.622,7.620,7.616,7.618,-55.582,1188.000
2.824,2.822,2.816,2.822,2.823,7.606,7.609,7.613,7.605,7.610,-55.582,1189.000
2.821,2.823,2.822,2.825,2.820,7.596,7.598,7.600,7.598,7.595,-55.501,1190.000
2.815,2.821,2.815,2.817,2.822,7.584,7.585,7.586,7.583,7.582,-55.501,1191.000
2.821,2.818,2.813,2.818,2.817,7.581,7.579,7.583,7.582,7.577,-54.960,1192.000
2.808,2.810,2.815,2.806,2.803,7.578,7.571,7.575,7.569,7.571,-54.960,1193.000
2.806,2.809,2.808,2.807,2.807,7.562,7.565,7.567,7.566,7.568,-54.960,1194.000
2.804,2.804,2.802,2.800,2.800,7.553,7.552,7.549,7.552,7.549,-55.339,1195.000
2.791,2.795,2.790,2.793,2.791,7.528,7.525,7.518,7.524,7.516,-55.339,1196.000
2.782,2.774,2.780,2.780,2.777,7.494,7.499,7.494,7.491,7.493,-55.339,1197.000
2.770,2.766,2.769,2.765,2.769,7.469,7.465,7.465,7.466,7.466,-55.885,1198.000
2.760,2.756,2.756,2.754,2.756,7.435,7.437,7.432,7.433,7.432,-55.885,1199.000
2.750,2.751,2.748,2.750,2.750,7.416,7.421,7.419,7.412,7.415,-55.885,1200.000
2.741,2.745,2.748,2.754,2.748,7.415,7.413,7.412,7.415,7.416,-56.148,1201.000
2.744,2.758,2.750,2.752,2.753,7.421,7.427,7.427,7.424,7.425,-56.148,1202.000
2.757,2.763,2.768,2.768,2.771,7.449,7.444,7.448,7.453,7.450,-55.579,1203.000
2.785,2.782,2.784,2.783,2.787,7.504,7.503,7.503,7.509,7.509,-55.579,1204.000
2.798,2.796,2.804,2.796,2.801,7.541,7.537,7.548,7.546,7.545,-55.875,1205.000
2.812,2.819,2.815,2.817,2.813,7.588,7.581,7.585,7.582,7.587,-55.875,1206.000
2.825,2.822,2.822,2.818,2.824,7.617,7.611,7.610,7.611,7.617,-54.141,1207.000
2.830,2.832,2.833,2.832,2.831,7.626,7.624,7.627,7.626,7.633,-54.141,1208.000
2.832,2.824,2.833,2.824,2.830,7.635,7.630,7.638,7.632,7.630,-52.942,1209.000
2.836,2.835,2.833,2.826,2.833,7.636,7.635,7.635,7.633,7.635,-52.942,1210.000
2.831,2.836,2.833,2.835,2.829,7.632,7.636,7.637,7.636,7.636,-52.658,1211.000
2.825,2.826,2.831,2.827,2.832,7.628,7.638,7.636,7.629,7.630,-52.658,1212.000
2.836,2.827,2.823,2.825,2.829,7.633,7.631,7.633,7.635,7.633,-52.845,1213.000
2.831,2.828,2.827,2.831,2.827,7.632,7.633,7.636,7.635,7.633,-52.845,1214.000
2.832,2.827,2.834,2.832,2.828,7.632,7.635,7.633,7.637,7.638,-53.564,1215.000
2.828,2.832,2.830,2.832,2.827,7.641,7.637,7.638,7.633,7.636,-53.564,1216.000
2.834,2.828,2.833,2.834,2.833,7.639,7.642,7.645,7.639,7.644,-54.863,1217.000
2.838,2.838,2.839,2.835,2.834,7.650,7.650,7.651,7.650,7.650,-54.863,1218.000
2.837,2.838,2.842,2.836,2.840,7.661,7.660,7.657,7.657,7.659,-55.215,1219.000
2.845,2.840,2.839,2.848,2.838,7.656,7.658,7.658,7.658,7.659,-55.215,1220.000
2.839,2.840,2.840,2.840,2.837,7.653,7.655,7.654,7.656,7.655,-55.481,1221.000
2.834,2.833,2.833,2.833,2.834,7.643,7.640,7.635,7.634,7.631,-55.481,1222.000
2.826,2.822,2.833,2.827,2.819,7.625,7.627,7.629,7.623,7.631,-55.421,1223.000
2.824,2.823,2.827,2.821,2.820,7.611,7.615,7.614,7.612,7.616,-55.421,1224.000
2.820,2.818,2.818,2.817,2.815,7.597,7.604,7.605,7.599,7.600,-55.359,1225.000
2.817,2.819,2.811,2.819,2.820,7.595,7.597,7.598,7.595,7.595,-55.359,1226.000
2.817,2.816,2.813,2.821,2.812,7.599,7.594,7.598,7.593,7.592,-55.309,1227.000
2.814,2.812,2.814,2.809,2.813,7.593,7.592,7.590,7.591,7.585,-55.309,1228.000
2.810,2.808,2.811,2.812,2.805,7.589,7.588,7.587,7.588,7.590,-55.155,1229.000
2.806,2.810,2.814,2.807,2.805,7.583,7.581,7.581,7.580,7.582,-55.155,1230.000
2.801,2.803,2.798,2.798,2.799,7.565,7.561,7.564,7.563,7.569,-54.950,1231.000
2.789,2.803,2.797,2.795,2.792,7.548,7.550,7.553,7.553,7.549,-54.950,1232.000
2.795,2.792,2.791,2.790,2.792,7.549,7.546,7.545,7.547,7.544,-55.593,1233.000
2.786,2.793,2.792,2.789,2.791,7.536,7.542,7.538,7.540,7.542,-55.593,1234.000
2.794,2.794,2.793,2.792,2.788,7.541,7.541,7.545,7.536,7.538,-55.423,1235.000
2.795,2.788,2.794,2.797,2.794,7.545,7.546,7.548,7.551,7.552,-55.423,1236.000
2.800,2.797,2.792,2.797,2.797,7.561,7.555,7.557,7.557,7.550,-55.466,1237.000
2.808,2.807,2.798,2.805,2.809,7.568,7.560,7.568,7.567,7.561,-55.466,1238.000
2.807,2.805,2.805,2.808,2.803,7.571,7.573,7.568,7.575,7.572,-55.394,1239.000
2.814,2.806,2.807,2.813,2.811,7.579,7.584,7.584,7.585,7.581,-55.394,1240.000
2.808,2.816,2.811,2.816,2.811,7.579,7.592,7.587,7.587,7.584,-55.986,1241.000
2.815,2.813,2.810,2.816,2.815,7.587,7.585,7.582,7.585,7.586,-55.986,1242.000
2.817,2.817,2.815,2.814,2.811,7.592,7.589,7.593,7.590,7.591,-55.703,1243.000
2.813,2.815,2.820,2.816,2.815,7.594,7.597,7.597,7.597,7.594,-55.703,1244.000
2.813,2.818,2.815,2.813,2.816,7.600,7.598,7.600,7.601,7.602,-55.932,1245.000
2.817,2.823,2.825,2.822,2.816,7.614,7.610,7.613,7.613,7.612,-55.932,1246.000
2.825,2.824,2.828,2.825,2.831,7.614,7.615,7.617,7.620,7.623,-55.188,1247.000
2.821,2.826,2.827,2.823,2.832,7.631,7.630,7.621,7.626,7.624,-55.188,1248.000
2.831,2.831,2.829,2.832,2.833,7.640,7.633,7.638,7.639,7.643,-55.365,1249.000
2.836,2.834,2.836,2.840,2.834,7.636,7.641,7.646,7.648,7.638,-55.365,1250.000
2.837,2.834,2.831,2.837,2.837,7.654,7.650,7.648,7.650,7.651,-54.882,1251.000
2.836,2.834,2.837,2.840,2.836,7.651,7.652,7.652,7.653,7.654,-54.882,1252.000
2.836,2.834,2.837,2.837,2.836,7.654,7.655,7.654,7.657,7.655,-54.795,1253.000
2.837,2.833,2.840,2.837,2.838,7.647,7.655,7.650,7.653,7.653,-54.795,1254.000
2.833,2.839,2.837,2.839,2.835,7.654,7.656,7.649,7.646,7.652,-54.380,1255.000
2.836,2.835,2.830,2.835,2.835,7.648,7.651,7.648,7.643,7.649,-54.380,1256.000
2.835,2.835,2.840,2.839,2.836,7.649,7.647,7.646,7.644,7.645,-54.988,1257.000
2.836,2.830,2.838,2.839,2.834,7.652,7.648,7.650,7.649,7.648,-54.988,1258.000
2.837,2.834,2.838,2.832,2.843,7.647,7.652,7.645,7.645,7.644,-55.301,1259.000
2.830,2.833,2.829,2.838,2.832,7.646,7.648,7.647,7.646,7.642,-55.301,1260.000
2.834,2.834,2.832,2.836,2.835,7.641,7.646,7.645,7.643,7.644,-55.612,1261.000
2.835,2.838,2.831,2.836,2.834,7.644,7.645,7.645,7.644,7.639,-55.612,1262.000
2.835,2.833,2.832,2.833,2.832,7.637,7.639,7.637,7.639,7.635,-54.991,1263.000
2.829,2.834,2.831,2.832,2.827,7.632,7.630,7.625,7.628,7.627,-54.991,1264.000
2.833,2.828,2.833,2.828,2.829,7.625,7.621,7.629,7.623,7.620,-55.013,1265.000
2.822,2.824,2.830,2.828,2.824,7.619,7.621,7.619,7.620,7.618,-55.013,1266.000
2.823,2.824,2.822,2.825,2.826,7.616,7.617,7.615,7.612,7.612,-54.054,1267.000
2.819,2.817,2.819,2.818,2.816,7.607,7.612,7.608,7.607,7.610,-54.054,1268.000
2.819,2.821,2.816,2.820,2.823,7.606,7.609,7.607,7.605,7.602,-53.800,1269.000
2.821,2.824,2.825,2.817,2.817,7.603,7.604,7.610,7.605,7.607,-53.800,1270.000
2.819,2.821,2.815,2.818,2.814,7.598,7.601,7.604,7.602,7.605,-53.374,1271.000
2.827,2.819,2.823,2.815,2.825,7.599,7.602,7.601,7.601,7.607,-53.374,1272.000
2.820,2.815,2.823,2.815,2.819,7.603,7.607,7.604,7.603,7.606,-53.513,1273.000
2.817,2.815,2.814,2.816,2.819,7.605,7.603,7.602,7.600,7.606,-53.513,1274.000
2.816,2.819,2.819,2.822,2.817,7.603,7.598,7.600,7.595,7.599,-54.061,1275.000
2.819,2.812,2.813,2.814,2.818,7.595,7.596,7.596,7.594,7.594,-54.061,1276.000
2.809,2.810,2.811,2.810,2.814,7.597,7.590,7.593,7.592,7.591,-54.619,1277.000
2.816,2.816,2.815,2.805,2.810,7.596,7.589,7.587,7.585,7.589,-54.619,1278.000
2.811,2.802,2.802,2.810,2.811,7.581,7.581,7.579,7.576,7.582,-54.319,1279.000
2.811,2.811,2.812,2.805,2.806,7.580,7.581,7.583,7.578,7.579,-54.319,1280.000
2.805,2.808,2.804,2.807,2.805,7.575,7.576,7.574,7.579,7.572,-54.319,1281.000
2.808,2.809,2.804,2.808,2.803,7.571,7.570,7.571,7.569,7.570,-54.816,1282.000
2.799,2.802,2.802,2.809,2.803,7.573,7.567,7.567,7.569,7.571,-54.816,1283.000
2.800,2.800,2.804,2.810,2.801,7.569,7.568,7.568,7.572,7.569,-55.486,1284.000
2.799,2.801,2.806,2.806,2.794,7.576,7.581,7.571,7.574,7.576,-55.486,1285.000
2.811,2.804,2.803,2.809,2.806,7.584,7.580,7.582,7.582,7.586,-55.585,1286.000
2.809,2.809,2.808,2.812,2.812,7.584,7.592,7.589,7.594,7.586,-55.585,1287.000
2.807,2.805,2.813,2.817,2.809,7.595,7.596,7.592,7.595,7.592,-55.585,1288.000
2.807,2.816,2.811,2.816,2.807,7.604,7.600,7.600,7.594,7.596,-54.948,1289.000
2.813,2.811,2.818,2.818,2.812,7.611,7.609,7.604,7.608,7.605,-54.948,1290.000
2.816,2.816,2.821,2.814,2.817,7.615,7.611,7.613,7.617,7.610,-54.948,1291.000
2.820,2.823,2.819,2.819,2.819,7.616,7.617,7.617,7.619,7.615,-54.684,1292.000
2.821,2.823,2.827,2.821,2.819,7.619,7.621,7.618,7.617,7.619,-54.684,1293.000
2.822,2.818,2.827,2.824,2.822,7.619,7.621,7.620,7.622,7.623,-55.237,1294.000
2.818,2.820,2.823,2.823,2.821,7.619,7.619,7.619,7.619,7.620,-55.237,1295.000
2.816,2.818,2.821,2.824,2.817,7.621,7.617,7.619,7.614,7.615,-55.063,1296.000
2.822,2.824,2.818,2.821,2.824,7.617,7.615,7.621,7.617,7.614,-55.063,1297.000
2.825,2.818,2.819,2.827,2.827,7.617,7.616,7.618,7.619,7.622,-54.780,1298.000
2.827,2.822,2.821,2.819,2.817,7.614,7.616,7.618,7.617,7.620,-54.780,1299.000
2.822,2.819,2.817,2.822,2.818,7.615,7.617,7.619,7.620,7.617,-55.644,1300.000
2.822,2.823,2.822,2.824,2.819,7.619,7.620,7.618,7.612,7.621,-55.644,1301.000
2.827,2.822,2.822,2.821,2.822,7.617,7.622,7.622,7.619,7.621,-54.883,1302.000
2.824,2.826,2.825,2.828,2.817,7.620,7.616,7.618,7.617,7.616,-54.883,1303.000
2.829,2.827,2.817,2.821,2.825,7.617,7.617,7.616,7.618,7.615,-54.160,1304.000
2.827,2.825,2.824,2.822,2.825,7.618,7.614,7.612,7.616,7.619,-54.160,1305.000
2.822,2.823,2.826,2.822,2.823,7.616,7.620,7.618,7.620,7.608,-54.436,1306.000
2.823,2.814,2.826,2.818,2.821,7.607,7.610,7.610,7.608,7.608,-54.436,1307.000
2.815,2.823,2.820,2.815,2.815,7.613,7.609,7.607,7.613,7.603,-54.816,1308.000
2.819,2.817,2.820,2.815,2.818,7.603,7.597,7.600,7.600,7.599,-54.816,1309.000
2.816,2.818,2.821,2.820,2.818,7.598,7.594,7.595,7.593,7.597,-54.676,1310.000
2.817,2.817,2.816,2.818,2.817,7.601,7.598,7.595,7.598,7.600,-54.676,1311.000
2.820,2.819,2.813,2.819,2.815,7.593,7.593,7.594,7.594,7.593,-54.767,1312.000
2.819,2.821,2.816,2.819,2.812,7.593,7.593,7.595,7.600,7.599,-54.767,1313.000
2.822,2.821,2.816,2.820,2.822,7.597,7.595,7.600,7.594,7.593,-54.571,1314.000
2.821,2.822,2.822,2.824,2.822,7.599,7.591,7.591,7.596,7.595,-54.571,1315.000
2.820,2.814,2.819,2.824,2.815,7.597,7.596,7.594,7.593,7.591,-54.439,1316.000
2.822,2.818,2.822,2.819,2.820,7.588,7.590,7.589,7.591,7.591,-54.439,1317.000
2.819,2.819,2.820,2.817,2.822,7.589,7.593,7.594,7.591,7.590,-55.091,1318.000
2.821,2.816,2.815,2.814,2.815,7.585,7.588,7.586,7.586,7.591,-55.091,1319.000
2.817,2.815,2.817,2.818,2.814,7.589,7.594,7.589,7.583,7.584,-54.371,1320.000
2.813,2.814,2.808,2.815,2.816,7.584,7.582,7.579,7.580,7.582,-54.371,1321.000
2.811,2.806,2.809,2.813,2.810,7.576,7.578,7.578,7.578,7.573,-55.530,1322.000
2.809,2.803,2.811,2.806,2.803,7.571,7.571,7.568,7.566,7.565,-55.530,1323.000
2.806,2.811,2.799,2.806,2.803,7.556,7.562,7.563,7.557,7.559,-55.036,1324.000
2.808,2.802,2.799,2.800,2.801,7.550,7.545,7.543,7.546,7.547,-55.036,1325.000
2.791,2.796,2.802,2.800,2.800,7.545,7.544,7.546,7.543,7.541,-55.726,1326.000
2.798,2.802,2.800,2.806,2.795,7.540,7.546,7.544,7.543,7.536,-55.726,1327.000
2.802,2.801,2.802,2.804,2.800,7.542,7.544,7.551,7.548,7.549,-55.726,1328.000
2.802,2.812,2.802,2.807,2.807,7.548,7.546,7.546,7.553,7.556,-54.933,1329.000
2.810,2.809,2.801,2.813,2.813,7.564,7.566,7.566,7.562,7.568,-54.933,1330.000
2.812,2.808,2.813,2.812,2.807,7.569,7.567,7.564,7.567,7.569,-54.737,1331.000
2.810,2.814,2.818,2.815,2.821,7.577,7.578,7.576,7.576,7.574,-54.737,1332.000
2.815,2.815,2.817,2.813,2.824,7.584,7.584,7.591,7.585,7.583,-55.608,1333.000
2.818,2.822,2.818,2.820,2.816,7.592,7.591,7.590,7.594,7.592,-55.608,1334.000
2.828,2.820,2.828,2.825,2.822,7.595,7.594,7.593,7.600,7.599,-56.049,1335.000
2.825,2.823,2.825,2.824,2.824,7.601,7.603,7.600,7.601,7.604,-56.049,1336.000
2.823,2.822,2.824,2.818,2.826,7.602,7.600,7.602,7.595,7.600,-55.700,1337.000
2.819,2.819,2.819,2.821,2.822,7.590,7.591,7.594,7.593,7.586,-55.700,1338.000
2.819,2.814,2.813,2.814,2.819,7.588,7.579,7.577,7.581,7.580,-54.930,1339.000
2.814,2.817,2.817,2.820,2.820,7.578,7.571,7.572,7.572,7.571,-54.930,1340.000
2.814,2.809,2.812,2.815,2.810,7.572,7.572,7.577,7.574,7.575,-55.246,1341.000
2.815,2.815,2.809,2.814,2.810,7.577,7.577,7.567,7.572,7.575,-55.246,1342.000
2.811,2.811,2.815,2.810,2.809,7.576,7.570,7.572,7.571,7.575,-56.046,1343.000
2.814,2.815,2.811,2.811,2.814,7.568,7.568,7.568,7.571,7.570,-56.046,1344.000
2.813,2.807,2.809,2.813,2.809,7.563,7.568,7.567,7.569,7.567,-55.625,1345.000
2.810,2.810,2.808,2.800,2.805,7.562,7.564,7.558,7.557,7.563,-55.625,1346.000
2.809,2.802,2.803,2.804,2.806,7.551,7.553,7.551,7.557,7.551,-55.108,1347.000
2.803,2.809,2.807,2.804,2.805,7.551,7.549,7.546,7.554,7.551,-55.108,1348.000
2.803,2.799,2.806,2.799,2.805,7.548,7.548,7.552,7.546,7.552,-54.934,1349.000
2.805,2.803,2.799,2.799,2.801,7.548,7.547,7.543,7.544,7.539,-54.934,1350.000
2.798,2.799,2.791,2.799,2.793,7.544,7.542,7.544,7.540,7.541,-55.365,1351.000
2.799,2.804,2.800,2.800,2.802,7.543,7.540,7.542,7.543,7.541,-55.365,1352.000
2.798,2.802,2.800,2.801,2.801,7.540,7.540,7.545,7.541,7.547,-55.810,1353.000
2.798,2.797,2.799,2.799,2.800,7.540,7.545,7.543,7.546,7.537,-55.810,1354.000
2.799,2.799,2.806,2.801,2.804,7.544,7.542,7.542,7.543,7.541,-56.389,1355.000
2.801,2.802,2.799,2.799,2.804,7.540,7.539,7.542,7.542,7.549,-56.389,1356.000
2.797,2.800,2.804,2.794,2.799,7.540,7.543,7.546,7.546,7.548,-56.358,1357.000
2.801,2.799,2.802,2.805,2.803,7.543,7.545,7.543,7.544,7.548,-56.358,1358.000
2.805,2.801,2.806,2.801,2.800,7.546,7.545,7.551,7.551,7.551,-56.094,1359.000
2.800,2.804,2.805,2.805,2.808,7.550,7.559,7.554,7.551,7.546,-56.094,1360.000
2.806,2.806,2.802,2.804,2.806,7.552,7.555,7.557,7.558,7.555,-55.152,1361.000
2.807,2.804,2.809,2.809,2.808,7.559,7.561,7.557,7.557,7.560,-55.152,1362.000
2.805,2.806,2.807,2.804,2.803,7.562,7.557,7.560,7.555,7.557,-55.762,1363.000
2.803,2.804,2.806,2.804,2.804,7.558,7.557,7.557,7.563,7.558,-55.762,1364.000
2.805,2.805,2.799,2.807,2.801,7.560,7.554,7.558,7.555,7.557,-55.295,1365.000
2.805,2.800,2.804,2.804,2.806,7.553,7.551,7.551,7.552,7.548,-55.295,1366.000
2.798,2.801,2.803,2.802,2.796,7.553,7.550,7.555,7.552,7.547,-55.158,1367.000
2.798,2.805,2.799,2.796,2.799,7.546,7.548,7.551,7.551,7.551,-55.158,1368.000
2.796,2.805,2.800,2.800,2.803,7.547,7.546,7.545,7.546,7.554,-55.528,1369.000
2.799,2.793,2.797,2.803,2.799,7.553,7.553,7.547,7.543,7.550,-55.528,1370.000
2.802,2.801,2.795,2.802,2.800,7.548,7.556,7.555,7.549,7.552,-54.666,1371.000
2.802,2.803,2.803,2.803,2.798,7.553,7.553,7.551,7.552,7.550,-54.666,1372.000
2.804,2.801,2.806,2.801,2.804,7.554,7.551,7.554,7.556,7.552,-55.275,1373.000
2.806,2.804,2.802,2.801,2.807,7.558,7.554,7.558,7.560,7.552,-55.275,1374.000
2.804,2.802,2.801,2.805,2.808,7.563,7.555,7.561,7.557,7.559,-55.208,1375.000
2.807,2.810,2.809,2.805,2.799,7.557,7.563,7.561,7.559,7.559,-55.208,1376.000
2.811,2.802,2.807,2.808,2.807,7.563,7.563,7.560,7.563,7.566,-55.370,1377.000
2.803,2.803,2.807,2.805,2.804,7.559,7.562,7.563,7.566,7.571,-55.370,1378.000
2.811,2.802,2.811,2.803,2.809,7.562,7.563,7.564,7.563,7.562,-55.825,1379.000
2.807,2.802,2.811,2.804,2.807,7.569,7.568,7.575,7.567,7.565,-55.825,1380.000
2.805,2.808,2.805,2.805,2.807,7.565,7.566,7.568,7.571,7.569,-55.525,1381.000
2.805,2.805,2.807,2.807,2.803,7.569,7.573,7.566,7.567,7.565,-55.525,1382.000
2.811,2.810,2.808,2.806,2.809,7.567,7.571,7.567,7.565,7.569,-55.729,1383.000
2.810,2.807,2.804,2.806,2.807,7.572,7.571,7.571,7.570,7.573,-55.729,1384.000
2.809,2.805,2.805,2.813,2.809,7.572,7.573,7.568,7.567,7.570,-55.738,1385.000
2.806,2.810,2.815,2.805,2.808,7.575,7.572,7.575,7.572,7.574,-55.738,1386.000
2.808,2.808,2.809,2.809,2.813,7.576,7.577,7.575,7.574,7.576,-55.689,1387.000
2.811,2.814,2.811,2.814,2.805,7.580,7.585,7.584,7.578,7.579,-55.689,1388.000
2.804,2.814,2.816,2.809,2.811,7.589,7.582,7.584,7.582,7.585,-56.538,1389.000
2.815,2.807,2.809,2.815,2.811,7.584,7.579,7.586,7.581,7.584,-56.538,1390.000
2.812,2.816,2.812,2.811,2.815,7.585,7.586,7.587,7.586,7.588,-56.248,1391.000
2.815,2.815,2.810,2.813,2.815,7.585,7.590,7.587,7.590,7.588,-56.248,1392.000
2.817,2.814,2.812,2.813,2.813,7.589,7.590,7.586,7.589,7.588,-56.783,1393.000
2.824,2.816,2.811,2.811,2.811,7.591,7.594,7.594,7.591,7.591,-56.783,1394.000
2.807,2.815,2.813,2.808,2.814,7.588,7.593,7.584,7.584,7.587,-55.631,1395.000
2.809,2.815,2.815,2.806,2.815,7.591,7.594,7.594,7.592,7.590,-55.631,1396.000
2.813,2.810,2.812,2.810,2.812,7.587,7.586,7.587,7.584,7.592,-55.528,1397.000
2.813,2.812,2.809,2.815,2.813,7.582,7.586,7.588,7.590,7.588,-55.528,1398.000
2.805,2.812,2.810,2.811,2.812,7.587,7.584,7.584,7.589,7.587,-55.200,1399.000
2.813,2.810,2.814,2.812,2.804,7.582,7.581,7.589,7.578,7.590,-55.200,1400.000
2.809,2.811,2.816,2.804,2.812,7.583,7.583,7.579,7.585,7.572,-55.969,1401.000
2.815,2.808,2.812,2.804,2.803,7.577,7.578,7.577,7.574,7.573,-55.969,1402.000
2.802,2.805,2.803,2.805,2.802,7.568,7.567,7.565,7.570,7.569,-55.634,1403.000
2.800,2.807,2.802,2.806,2.803,7.564,7.561,7.564,7.564,7.564,-55.634,1404.000
2.798,2.806,2.798,2.802,2.801,7.554,7.553,7.551,7.554,7.561,-55.768,1405.000
2.798,2.793,2.804,2.798,2.797,7.546,7.543,7.544,7.540,7.538,-55.768,1406.000
2.796,2.790,2.799,2.790,2.797,7.533,7.533,7.536,7.535,7.541,-56.019,1407.000
2.791,2.791,2.798,2.788,2.792,7.529,7.531,7.533,7.533,7.532,-56.019,1408.000
2.791,2.789,2.796,2.797,2.789,7.529,7.529,7.527,7.531,7.531,-54.916,1409.000
2.788,2.787,2.786,2.794,2.794,7.527,7.530,7.534,7.530,7.525,-54.916,1410.000
2.787,2.794,2.789,2.790,2.794,7.525,7.526,7.529,7.529,7.529,-55.124,1411.000
2.798,2.790,2.791,2.796,2.790,7.529,7.534,7.530,7.534,7.534,-55.124,1412.000
2.785,2.791,2.787,2.795,2.790,7.525,7.531,7.522,7.529,7.532,-56.000,1413.000
2.793,2.793,2.795,2.795,2.794,7.528,7.527,7.528,7.530,7.532,-56.000,1414.000
2.787,2.797,2.790,2.795,2.792,7.525,7.527,7.529,7.530,7.526,-56.252,1415.000
2.793,2.789,2.789,2.783,2.790,7.528,7.533,7.530,7.526,7.524,-56.252,1416.000
2.791,2.786,2.789,2.791,2.794,7.525,7.526,7.528,7.529,7.525,-56.534,1417.000
2.788,2.790,2.790,2.790,2.788,7.526,7.522,7.527,7.528,7.530,-56.534,1418.000
2.790,2.790,2.790,2.793,2.789,7.524,7.529,7.524,7.523,7.527,-56.045,1419.000
2.790,2.789,2.790,2.788,2.790,7.531,7.529,7.524,7.525,7.522,-56.045,1420.000
2.780,2.792,2.785,2.787,2.792,7.522,7.523,7.519,7.521,7.523,-56.016,1421.000
2.785,2.787,2.787,2.788,2.794,7.520,7.524,7.517,7.523,7.526,-56.016,1422.000
2.788,2.789,2.783,2.790,2.786,7.519,7.520,7.524,7.523,7.525,-55.547,1423.000
2.791,2.785,2.790,2.789,2.792,7.520,7.523,7.520,7.519,7.522,-55.547,1424.000
2.788,2.789,2.789,2.788,2.789,7.518,7.524,7.523,7.522,7.518,-55.562,1425.000
2.786,2.785,2.788,2.786,2.791,7.520,7.522,7.520,7.519,7.523,-55.562,1426.000
2.789,2.787,2.786,2.786,2.781,7.519,7.524,7.523,7.517,7.522,-55.667,1427.000
2.788,2.788,2.784,2.793,2.786,7.524,7.520,7.517,7.518,7.516,-55.667,1428.000
2.789,2.782,2.786,2.788,2.791,7.515,7.520,7.516,7.519,7.521,-55.580,1429.000
2.787,2.783,2.788,2.782,2.785,7.514,7.514,7.513,7.513,7.517,-55.580,1430.000
2.787,2.783,2.785,2.785,2.790,7.516,7.514,7.517,7.515,7.513,-55.978,1431.000
2.790,2.788,2.783,2.781,2.785,7.512,7.514,7.506,7.503,7.516,-55.978,1432.000
2.783,2.782,2.784,2.779,2.777,7.500,7.503,7.505,7.510,7.507,-56.566,1433.000
2.782,2.781,2.780,2.783,2.783,7.502,7.504,7.502,7.505,7.503,-56.566,1434.000
2.786,2.780,2.781,2.779,2.779,7.500,7.499,7.499,7.501,7.503,-56.203,1435.000
2.777,2.778,2.778,2.784,2.777,7.494,7.496,7.492,7.501,7.492,-56.203,1436.000
2.774,2.777,2.778,2.779,2.775,7.494,7.491,7.494,7.495,7.493,-55.074,1437.000
2.778,2.781,2.778,2.777,2.775,7.489,7.490,7.487,7.489,7.495,-55.074,1438.000
2.774,2.775,2.769,2.780,2.777,7.491,7.487,7.493,7.489,7.492,-55.621,1439.000
2.779,2.779,2.779,2.782,2.773,7.492,7.494,7.490,7.487,7.489,-55.621,1440.000
2.772,2.775,2.775,2.781,2.778,7.491,7.493,7.491,7.486,7.498,-55.706,1441.000
2.776,2.776,2.776,2.777,2.776,7.492,7.492,7.492,7.492,7.492,-55.706,1442.000
2.777,2.780,2.779,2.787,2.782,7.493,7.496,7.493,7.498,7.491,-55.917,1443.000
2.782,2.783,2.780,2.777,2.783,7.499,7.494,7.495,7.494,7.496,-55.917,1444.000
2.776,2.781,2.778,2.781,2.776,7.496,7.499,7.504,7.496,7.495,-56.144,1445.000
2.782,2.786,2.779,2.778,2.781,7.498,7.501,7.497,7.497,7.496,-56.144,1446.000
2.777,2.774,2.784,2.779,2.783,7.497,7.501,7.495,7.497,7.501,-55.509,1447.000
2.775,2.773,2.778,2.784,2.778,7.494,7.492,7.493,7.498,7.496,-55.509,1448.000
2.780,2.779,2.780,2.781,2.773,7.499,7.494,7.489,7.490,7.493,-56.036,1449.000
2.776,2.777,2.774,2.774,2.778,7.493,7.488,7.491,7.488,7.491,-56.036,1450.000
2.779,2.782,2.777,2.768,2.776,7.487,7.485,7.485,7.489,7.489,-56.345,1451.000
2.775,2.769,2.772,2.779,2.773,7.487,7.492,7.484,7.484,7.484,-56.345,1452.000
2.775,2.778,2.774,2.777,2.782,7.487,7.491,7.491,7.488,7.489,-56.600,1453.000
2.778,2.778,2.779,2.778,2.782,7.487,7.497,7.491,7.491,7.492,-56.600,1454.000
2.785,2.781,2.780,2.777,2.779,7.497,7.497,7.498,7.494,7.496,-56.323,1455.000
2.783,2.786,2.781,2.779,2.781,7.505,7.506,7.502,7.505,7.505,-56.323,1456.000
2.788,2.783,2.782,2.779,2.787,7.511,7.512,7.510,7.514,7.513,-56.430,1457.000
2.793,2.790,2.783,2.789,2.789,7.518,7.523,7.524,7.517,7.518,-56.430,1458.000
2.783,2.793,2.787,2.789,2.792,7.519,7.520,7.518,7.522,7.517,-56.152,1459.000
2.789,2.788,2.790,2.791,2.793,7.530,7.521,7.524,7.527,7.527,-56.152,1460.000
2.790,2.795,2.790,2.790,2.791,7.530,7.530,7.533,7.529,7.527,-55.544,1461.000
2.789,2.792,2.787,2.788,2.789,7.522,7.528,7.527,7.526,7.525,-55.544,1462.000
2.790,2.790,2.782,2.790,2.786,7.526,7.526,7.528,7.528,7.530,-55.345,1463.000
2.791,2.784,2.787,2.790,2.789,7.528,7.525,7.521,7.522,7.523,-55.345,1464.000
2.790,2.782,2.790,2.784,2.787,7.528,7.524,7.523,7.527,7.522,-56.308,1465.000
2.785,2.784,2.785,2.788,2.783,7.523,7.521,7.521,7.527,7.522,-56.308,1466.000
2.787,2.791,2.791,2.789,2.781,7.524,7.526,7.526,7.532,7.532,-56.374,1467.000
2.785,2.791,2.794,2.783,2.788,7.530,7.531,7.527,7.530,7.529,-56.374,1468.000
2.788,2.793,2.795,2.787,2.785,7.530,7.537,7.534,7.535,7.536,-55.567,1469.000
2.793,2.790,2.788,2.790,2.790,7.535,7.534,7.536,7.536,7.529,-55.567,1470.000
2.790,2.785,2.789,2.794,2.787,7.534,7.534,7.535,7.539,7.532,-56.192,1471.000
2.795,2.788,2.792,2.787,2.786,7.532,7.535,7.532,7.537,7.535,-56.192,1472.000
2.788,2.796,2.788,2.787,2.790,7.530,7.533,7.530,7.529,7.534,-55.672,1473.000
2.789,2.790,2.790,2.792,2.787,7.532,7.531,7.531,7.535,7.533,-55.672,1474.000
2.783,2.794,2.788,2.796,2.795,7.532,7.530,7.532,7.527,7.533,-55.402,1475.000
2.790,2.792,2.789,2.788,2.794,7.529,7.530,7.531,7.534,7.536,-55.402,1476.000
2.792,2.790,2.792,2.789,2.790,7.530,7.532,7.531,7.529,7.531,-54.359,1477.000
2.790,2.793,2.791,2.786,2.793,7.531,7.528,7.530,7.531,7.529,-54.359,1478.000
2.795,2.794,2.789,2.794,2.797,7.526,7.530,7.531,7.523,7.534,-55.407,1479.000
2.791,2.789,2.791,2.791,2.795,7.529,7.531,7.526,7.534,7.532,-55.407,1480.000
2.793,2.788,2.789,2.795,2.796,7.531,7.531,7.536,7.534,7.533,-54.874,1481.000
2.794,2.790,2.788,2.785,2.792,7.532,7.534,7.535,7.528,7.529,-54.874,1482.000
2.788,2.799,2.790,2.790,2.792,7.530,7.534,7.532,7.529,7.528,-55.418,1483.000
2.793,2.791,2.790,2.794,2.791,7.531,7.532,7.533,7.532,7.533,-55.418,1484.000
2.793,2.788,2.793,2.789,2.786,7.529,7.533,7.528,7.533,7.530,-55.673,1485.000
2.790,2.794,2.788,2.793,2.792,7.527,7.530,7.527,7.531,7.531,-55.673,1486.000
2.791,2.798,2.791,2.785,2.788,7.528,7.532,7.532,7.530,7.533,-55.488,1487.000
2.789,2.796,2.792,2.787,2.788,7.535,7.534,7.526,7.528,7.525,-55.488,1488.000
2.786,2.790,2.794,2.788,2.791,7.526,7.528,7.530,7.532,7.524,-55.847,1489.000
2.788,2.790,2.788,2.788,2.790,7.527,7.531,7.528,7.525,7.531,-55.847,1490.000
2.789,2.790,2.788,2.797,2.789,7.526,7.525,7.528,7.533,7.524,-55.282,1491.000
2.784,2.786,2.791,2.791,2.786,7.520,7.525,7.534,7.526,7.525,-55.282,1492.000
2.795,2.790,2.793,2.792,2.786,7.527,7.527,7.527,7.526,7.530,-54.604,1493.000
2.787,2.786,2.791,2.789,2.788,7.529,7.526,7.531,7.525,7.527,-54.604,1494.000
2.785,2.789,2.789,2.787,2.787,7.526,7.526,7.531,7.529,7.529,-53.615,1495.000
2.793,2.785,2.795,2.792,2.793,7.532,7.532,7.530,7.527,7.530,-53.615,1496.000
2.789,2.792,2.785,2.791,2.793,7.533,7.532,7.527,7.533,7.532,-53.482,1497.000
2.789,2.789,2.792,2.789,2.790,7.533,7.529,7.535,7.537,7.533,-53.482,1498.000
2.788,2.795,2.796,2.789,2.792,7.538,7.533,7.538,7.537,7.538,-53.104,1499.000
2.787,2.792,2.787,2.793,2.790,7.537,7.545,7.537,7.538,7.541,-53.104,1500.000
2.792,2.792,2.789,2.792,2.786,7.541,7.537,7.542,7.539,7.543,-54.064,1501.000
2.792,2.797,2.794,2.801,2.789,7.543,7.538,7.539,7.538,7.544,-54.064,1502.000
2.798,2.791,2.794,2.798,2.795,7.541,7.540,7.547,7.540,7.539,-54.237,1503.000
2.795,2.798,2.794,2.793,2.799,7.540,7.545,7.545,7.545,7.545,-54.237,1504.000
2.792,2.796,2.794,2.794,2.794,7.542,7.541,7.542,7.543,7.541,-54.667,1505.000
2.792,2.790,2.792,2.799,2.790,7.536,7.534,7.546,7.543,7.533,-54.667,1506.000
2.790,2.788,2.794,2.796,2.788,7.537,7.537,7.536,7.533,7.537,-55.112,1507.000
2.786,2.788,2.790,2.791,2.788,7.539,7.532,7.534,7.532,7.533,-55.112,1508.000
2.788,2.788,2.786,2.790,2.789,7.534,7.533,7.528,7.532,7.529,-55.090,1509.000
2.785,2.790,2.788,2.792,2.793,7.534,7.526,7.530,7.532,7.533,-55.090,1510.000
2.783,2.791,2.786,2.785,2.792,7.534,7.527,7.521,7.532,7.527,-54.806,1511.000
2.782,2.787,2.778,2.785,2.786,7.526,7.526,7.526,7.526,7.520,-54.806,1512.000
2.788,2.782,2.781,2.787,2.789,7.528,7.528,7.527,7.526,7.524,-54.954,1513.000
2.789,2.787,2.789,2.789,2.792,7.523,7.526,7.531,7.528,7.532,-54.954,1514.000
2.784,2.785,2.789,2.787,2.787,7.531,7.526,7.526,7.519,7.520,-55.724,1515.000
2.790,2.784,2.783,2.783,2.783,7.520,7.520,7.522,7.527,7.523,-55.724,1516.000
2.790,2.784,2.783,2.787,2.781,7.525,7.524,7.521,7.522,7.518,-55.362,1517.000
2.784,2.783,2.791,2.782,2.784,7.524,7.530,7.527,7.522,7.523,-55.362,1518.000
2.784,2.783,2.780,2.779,2.786,7.525,7.526,7.520,7.526,7.524,-55.784,1519.000
2.775,2.779,2.788,2.778,2.782,7.526,7.522,7.528,7.524,7.525,-55.784,1520.000
2.785,2.788,2.777,2.783,2.779,7.527,7.525,7.523,7.526,7.522,-55.853,1521.000
2.784,2.778,2.778,2.783,2.773,7.525,7.522,7.526,7.525,7.528,-55.853,1522.000
2.778,2.780,2.777,2.775,2.777,7.523,7.525,7.525,7.523,7.523,-56.249,1523.000
2.778,2.776,2.777,2.777,2.778,7.519,7.522,7.516,7.519,7.516,-56.249,1524.000
2.778,2.773,2.772,2.775,2.776,7.516,7.515,7.514,7.515,7.517,-56.003,1525.000
2.773,2.774,2.773,2.770,2.778,7.512,7.509,7.506,7.511,7.515,-56.003,1526.000
2.771,2.777,2.774,2.776,2.773,7.511,7.508,7.510,7.506,7.511,-56.354,1527.000
2.768,2.774,2.771,2.772,2.772,7.506,7.512,7.512,7.505,7.507,-56.354,1528.000
2.776,2.775,2.775,2.778,2.771,7.513,7.509,7.508,7.502,7.500,-55.369,1529.000
2.770,2.772,2.772,2.772,2.777,7.510,7.505,7.506,7.505,7.507,-55.369,1530.000
2.772,2.780,2.774,2.774,2.773,7.504,7.506,7.505,7.506,7.507,-55.648,1531.000
2.777,2.773,2.774,2.776,2.773,7.504,7.506,7.507,7.508,7.507,-55.648,1532.000
2.781,2.773,2.771,2.773,2.778,7.503,7.510,7.510,7.504,7.507,-54.924,1533.000
2.781,2.776,2.778,2.774,2.776,7.500,7.503,7.507,7.506,7.505,-54.924,1534.000
2.773,2.780,2.782,2.776,2.775,7.500,7.502,7.508,7.497,7.496,-55.516,1535.000
2.775,2.774,2.776,2.775,2.776,7.496,7.501,7.500,7.498,7.501,-55.516,1536.000
2.770,2.776,2.776,2.772,2.781,7.495,7.492,7.500,7.498,7.499,-55.148,1537.000
2.772,2.768,2.777,2.775,2.779,7.497,7.492,7.497,7.498,7.497,-55.148,1538.000
2.777,2.780,2.776,2.774,2.775,7.494,7.495,7.491,7.494,7.496,-55.914,1539.000
2.776,2.775,2.777,2.773,2.772,7.491,7.492,7.491,7.498,7.491,-55.914,1540.000
2.780,2.772,2.780,2.770,2.773,7.486,7.488,7.493,7.491,7.489,-56.199,1541.000
2.772,2.771,2.783,2.773,2.774,7.487,7.488,7.486,7.484,7.489,-56.199,1542.000
2.770,2.775,2.770,2.777,2.776,7.488,7.482,7.486,7.489,7.486,-56.449,1543.000
2.773,2.774,2.774,2.779,2.772,7.486,7.490,7.484,7.484,7.484,-56.449,1544.000
2.771,2.775,2.771,2.779,2.772,7.486,7.488,7.487,7.486,7.488,-55.805,1545.000
2.776,2.776,2.774,2.773,2.776,7.483,7.482,7.486,7.484,7.484,-55.805,1546.000
2.770,2.771,2.771,2.775,2.770,7.482,7.486,7.484,7.480,7.480,-55.647,1547.000
2.769,2.773,2.770,2.770,2.770,7.482,7.485,7.487,7.486,7.483,-55.647,1548.000
2.768,2.768,2.772,2.765,2.773,7.481,7.483,7.488,7.482,7.487,-55.506,1549.000
2.770,2.773,2.776,2.770,2.765,7.481,7.487,7.488,7.483,7.483,-55.506,1550.000
2.773,2.772,2.778,2.776,2.773,7.485,7.483,7.486,7.484,7.487,-54.894,1551.000
2.770,2.779,2.767,2.774,2.775,7.486,7.480,7.484,7.481,7.486,-54.894,1552.000
2.766,2.771,2.770,2.773,2.770,7.483,7.480,7.479,7.476,7.484,-55.338,1553.000
2.773,2.770,2.771,2.776,2.769,7.486,7.485,7.485,7.478,7.479,-55.338,1554.000
2.774,2.775,2.772,2.778,2.777,7.482,7.480,7.493,7.481,7.488,-55.123,1555.000
2.774,2.776,2.776,2.772,2.770,7.486,7.485,7.483,7.484,7.481,-55.123,1556.000
2.775,2.775,2.774,2.781,2.774,7.483,7.484,7.488,7.482,7.482,-54.026,1557.000
2.769,2.771,2.770,2.774,2.775,7.483,7.487,7.480,7.475,7.483,-54.026,1558.000
2.777,2.779,2.774,2.772,2.771,7.483,7.484,7.482,7.480,7.482,-53.612,1559.000
2.765,2.774,2.776,2.775,2.774,7.478,7.480,7.485,7.480,7.486,-53.612,1560.000
2.773,2.771,2.772,2.774,2.771,7.481,7.485,7.483,7.484,7.488,-52.512,1561.000
2.772,2.770,2.772,2.773,2.776,7.483,7.477,7.480,7.483,7.483,-52.512,1562.000
2.775,2.774,2.772,2.773,2.774,7.485,7.487,7.482,7.488,7.486,-52.855,1563.000
2.778,2.775,2.773,2.775,2.766,7.480,7.484,7.490,7.485,7.480,-52.855,1564.000
2.775,2.773,2.781,2.775,2.772,7.489,7.483,7.484,7.483,7.484,-53.056,1565.000
2.777,2.774,2.775,2.777,2.775,7.488,7.488,7.488,7.485,7.486,-53.056,1566.000
2.776,2.772,2.775,2.779,2.773,7.489,7.494,7.486,7.494,7.491,-53.628,1567.000
2.777,2.778,2.777,2.776,2.776,7.493,7.492,7.494,7.490,7.493,-53.628,1568.000
2.774,2.777,2.778,2.773,2.776,7.493,7.492,7.494,7.492,7.492,-54.282,1569.000
2.780,2.775,2.775,2.780,2.783,7.496,7.495,7.497,7.495,7.497,-54.282,1570.000
2.782,2.779,2.784,2.776,2.778,7.499,7.502,7.501,7.495,7.502,-54.104,1571.000
2.780,2.780,2.781,2.781,2.776,7.504,7.503,7.500,7.504,7.502,-54.104,1572.000
2.780,2.781,2.783,2.782,2.781,7.501,7.498,7.505,7.508,7.506,-54.104,1573.000
2.786,2.780,2.781,2.777,2.779,7.504,7.505,7.507,7.503,7.505,-54.886,1574.000
2.785,2.787,2.784,2.783,2.790,7.511,7.509,7.508,7.511,7.508,-54.886,1575.000
2.787,2.784,2.785,2.782,2.785,7.512,7.510,7.503,7.512,7.512,-55.178,1576.000
2.791,2.786,2.783,2.784,2.779,7.511,7.513,7.508,7.508,7.510,-55.178,1577.000
2.785,2.786,2.782,2.783,2.785,7.511,7.510,7.507,7.518,7.510,-54.906,1578.000
2.785,2.784,2.778,2.786,2.787,7.509,7.500,7.504,7.504,7.501,-54.906,1579.000
2.779,2.774,2.783,2.784,2.788,7.502,7.496,7.504,7.504,7.500,-55.607,1580.000
2.776,2.779,2.779,2.772,2.776,7.494,7.497,7.495,7.491,7.501,-55.607,1581.000
2.779,2.779,2.778,2.780,2.783,7.496,7.494,7.495,7.495,7.489,-55.650,1582.000
2.779,2.771,2.774,2.775,2.771,7.489,7.484,7.487,7.487,7.491,-55.650,1583.000
2.771,2.778,2.776,2.774,2.772,7.483,7.484,7.485,7.482,7.481,-54.917,1584.000
2.779,2.769,2.771,2.777,2.778,7.482,7.481,7.484,7.482,7.484,-54.917,1585.000
2.778,2.777,2.777,2.775,2.779,7.490,7.485,7.482,7.487,7.482,-54.741,1586.000
2.777,2.776,2.775,2.774,2.772,7.486,7.484,7.485,7.485,7.482,-54.741,1587.000
2.777,2.774,2.772,2.777,2.773,7.484,7.482,7.486,7.483,7.484,-54.927,1588.000
2.778,2.778,2.777,2.776,2.789,7.486,7.487,7.487,7.484,7.491,-54.927,1589.000
2.774,2.775,2.782,2.781,2.785,7.496,7.495,7.487,7.491,7.494,-54.922,1590.000
2.773,2.776,2.772,2.774,2.776,7.492,7.485,7.489,7.490,7.491,-54.922,1591.000
2.776,2.780,2.779,2.776,2.778,7.489,7.490,7.488,7.484,7.484,-55.559,1592.000
2.773,2.774,2.775,2.777,2.779,7.490,7.487,7.491,7.492,7.492,-55.559,1593.000
2.774,2.774,2.781,2.784,2.778,7.493,7.490,7.493,7.490,7.492,-56.229,1594.000
2.780,2.779,2.777,2.778,2.774,7.492,7.486,7.491,7.488,7.492,-56.229,1595.000
2.777,2.779,2.776,2.781,2.784,7.494,7.495,7.490,7.494,7.500,-56.772,1596.000
2.776,2.783,2.780,2.775,2.772,7.498,7.496,7.494,7.495,7.492,-56.772,1597.000
2.781,2.785,2.782,2.778,2.778,7.494,7.496,7.497,7.500,7.501,-56.120,1598.000
2.785,2.782,2.788,2.781,2.781,7.497,7.501,7.502,7.494,7.505,-56.120,1599.000
2.784,2.781,2.786,2.783,2.779,7.498,7.502,7.505,7.493,7.499,-55.326,1600.000
2.783,2.786,2.781,2.783,2.783,7.500,7.503,7.500,7.503,7.501,-55.326,1601.000
2.786,2.784,2.782,2.779,2.781,7.499,7.505,7.506,7.502,7.501,-56.093,1602.000
2.779,2.784,2.778,2.785,2.790,7.498,7.500,7.500,7.501,7.504,-56.093,1603.000
2.786,2.785,2.779,2.788,2.781,7.507,7.504,7.505,7.503,7.502,-55.273,1604.000
2.783,2.785,2.783,2.782,2.779,7.500,7.504,7.498,7.500,7.504,-55.273,1605.000
2.779,2.785,2.788,2.787,2.787,7.509,7.507,7.509,7.502,7.503,-54.792,1606.000
2.789,2.787,2.786,2.788,2.785,7.504,7.514,7.510,7.518,7.508,-54.792,1607.000
2.785,2.786,2.789,2.788,2.788,7.509,7.511,7.511,7.515,7.510,-54.569,1608.000
2.787,2.787,2.788,2.787,2.779,7.509,7.520,7.508,7.514,7.517,-54.569,1609.000
2.788,2.785,2.784,2.789,2.789,7.513,7.513,7.507,7.512,7.515,-54.011,1610.000
2.785,2.793,2.782,2.788,2.789,7.513,7.508,7.510,7.511,7.505,-54.011,1611.000
2.789,2.783,2.782,2.785,2.780,7.510,7.509,7.504,7.506,7.509,-55.423,1612.000
2.784,2.789,2.788,2.782,2.786,7.505,7.502,7.505,7.498,7.499,-55.423,1613.000
2.791,2.784,2.783,2.781,2.779,7.501,7.502,7.500,7.491,7.494,-55.641,1614.000
2.788,2.784,2.786,2.777,2.783,7.487,7.493,7.494,7.496,7.499,-55.641,1615.000
2.783,2.775,2.782,2.780,2.782,7.487,7.485,7.486,7.485,7.487,-55.714,1616.000
2.781,2.775,2.779,2.778,2.767,7.480,7.485,7.481,7.484,7.482,-55.714,1617.000
2.777,2.781,2.781,2.779,2.772,7.480,7.473,7.475,7.481,7.486,-55.511,1618.000
2.775,2.773,2.781,2.773,2.779,7.479,7.481,7.480,7.484,7.479,-55.511,1619.000
2.780,2.773,2.780,2.778,2.778,7.476,7.474,7.477,7.484,7.478,-54.860,1620.000
2.776,2.776,2.775,2.781,2.781,7.482,7.484,7.478,7.481,7.478,-54.860,1621.000
2.773,2.776,2.775,2.777,2.773,7.478,7.476,7.480,7.478,7.480,-55.223,1622.000
2.773,2.769,2.772,2.776,2.769,7.471,7.470,7.468,7.471,7.470,-55.223,1623.000
2.772,2.770,2.774,2.770,2.772,7.469,7.472,7.469,7.473,7.471,-55.898,1624.000
2.776,2.768,2.772,2.767,2.773,7.469,7.460,7.459,7.466,7.465,-55.898,1625.000
2.765,2.767,2.770,2.770,2.767,7.456,7.462,7.456,7.459,7.456,-55.376,1626.000
2.767,2.762,2.768,2.774,2.760,7.449,7.450,7.449,7.455,7.450,-55.376,1627.000
2.756,2.758,2.758,2.756,2.760,7.440,7.440,7.436,7.438,7.441,-55.969,1628.000
2.757,2.757,2.757,2.756,2.758,7.432,7.433,7.435,7.433,7.435,-55.969,1629.000
2.753,2.757,2.756,2.751,2.757,7.432,7.429,7.424,7.425,7.433,-56.337,1630.000
2.752,2.758,2.757,2.751,2.755,7.419,7.425,7.421,7.421,7.427,-56.337,1631.000
2.754,2.759,2.750,2.758,2.753,7.423,7.420,7.423,7.421,7.422,-56.100,1632.000
2.750,2.758,2.760,2.756,2.757,7.422,7.422,7.421,7.420,7.417,-56.100,1633.000
2.759,2.759,2.756,2.759,2.760,7.426,7.421,7.421,7.425,7.425,-55.543,1634.000
2.758,2.757,2.757,2.757,2.753,7.431,7.431,7.428,7.427,7.426,-55.543,1635.000
2.758,2.762,2.755,2.764,2.760,7.437,7.431,7.436,7.431,7.433,-56.087,1636.000
2.761,2.759,2.764,2.760,2.759,7.441,7.442,7.445,7.441,7.445,-56.087,1637.000
2.764,2.769,2.761,2.769,2.769,7.448,7.447,7.446,7.444,7.445,-56.012,1638.000
2.765,2.768,2.761,2.773,2.764,7.454,7.448,7.449,7.451,7.449,-56.012,1639.000
2.768,2.767,2.767,2.762,2.767,7.450,7.452,7.453,7.454,7.454,-55.362,1640.000
2.766,2.770,2.767,2.765,2.771,7.454,7.458,7.459,7.453,7.455,-55.362,1641.000
2.769,2.766,2.765,2.770,2.771,7.459,7.456,7.459,7.462,7.460,-55.882,1642.000
2.772,2.776,2.771,2.765,2.774,7.460,7.462,7.466,7.463,7.463,-55.882,1643.000
2.772,2.772,2.775,2.774,2.769,7.461,7.466,7.465,7.465,7.465,-55.861,1644.000
2.773,2.775,2.777,2.766,2.770,7.465,7.464,7.468,7.463,7.472,-55.861,1645.000
2.774,2.773,2.767,2.775,2.775,7.472,7.473,7.470,7.469,7.475,-56.380,1646.000
2.771,2.774,2.779,2.775,2.778,7.472,7.477,7.472,7.480,7.479,-56.380,1647.000
2.773,2.774,2.777,2.780,2.776,7.476,7.479,7.472,7.478,7.476,-56.347,1648.000
2.770,2.774,2.778,2.777,2.774,7.481,7.475,7.480,7.475,7.482,-56.347,1649.000
2.780,2.778,2.779,2.785,2.777,7.486,7.483,7.485,7.482,7.481,-56.044,1650.000
2.780,2.780,2.774,2.777,2.784,7.491,7.489,7.487,7.488,7.487,-56.044,1651.000
2.781,2.785,2.786,2.785,2.778,7.494,7.493,7.497,7.496,7.491,-56.238,1652.000
2.782,2.780,2.782,2.785,2.783,7.493,7.503,7.501,7.500,7.503,-56.238,1653.000
2.781,2.787,2.787,2.788,2.780,7.503,7.503,7.502,7.501,7.505,-55.902,1654.000
2.789,2.792,2.785,2.785,2.785,7.515,7.516,7.510,7.513,7.517,-55.902,1655.000
2.788,2.788,2.788,2.783,2.789,7.511,7.514,7.518,7.516,7.518,-55.734,1656.000
2.786,2.795,2.788,2.788,2.790,7.522,7.525,7.519,7.513,7.521,-55.734,1657.000
2.790,2.790,2.793,2.791,2.792,7.520,7.521,7.515,7.515,7.516,-55.973,1658.000
2.786,2.785,2.777,2.784,2.786,7.512,7.516,7.511,7.511,7.512,-55.973,1659.000
2.783,2.787,2.785,2.782,2.784,7.508,7.499,7.502,7.500,7.501,-55.394,1660.000
2.784,2.781,2.774,2.776,2.778,7.490,7.490,7.491,7.486,7.484,-55.394,1661.000
2.776,2.776,2.778,2.778,2.773,7.484,7.481,7.483,7.483,7.481,-56.044,1662.000
2.775,2.772,2.774,2.776,2.773,7.476,7.477,7.482,7.476,7.473,-56.044,1663.000
2.777,2.766,2.770,2.772,2.772,7.473,7.469,7.467,7.464,7.472,-56.064,1664.000
2.774,2.770,2.770,2.768,2.774,7.470,7.466,7.467,7.464,7.465,-56.064,1665.000
2.769,2.771,2.777,2.777,2.770,7.468,7.464,7.468,7.464,7.466,-56.081,1666.000
2.777,2.772,2.775,2.772,2.770,7.468,7.469,7.468,7.469,7.466,-56.081,1667.000
2.770,2.767,2.777,2.777,2.773,7.466,7.471,7.468,7.471,7.467,-56.171,1668.000
2.776,2.772,2.777,2.773,2.773,7.470,7.470,7.470,7.470,7.468,-56.171,1669.000
2.776,2.781,2.779,2.778,2.778,7.478,7.479,7.476,7.476,7.472,-55.746,1670.000
2.781,2.772,2.783,2.774,2.778,7.480,7.475,7.478,7.484,7.480,-55.746,1671.000
2.776,2.780,2.778,2.774,2.782,7.485,7.478,7.483,7.485,7.483,-56.460,1672.000
2.779,2.781,2.782,2.779,2.777,7.489,7.485,7.485,7.490,7.495,-56.460,1673.000
2.782,2.781,2.784,2.779,2.784,7.492,7.490,7.494,7.493,7.499,-55.757,1674.000
2.781,2.788,2.784,2.786,2.789,7.496,7.496,7.498,7.501,7.499,-55.757,1675.000
2.786,2.790,2.783,2.787,2.780,7.503,7.500,7.503,7.502,7.507,-55.920,1676.000
2.791,2.788,2.788,2.783,2.785,7.509,7.507,7.504,7.510,7.509,-55.920,1677.000
2.789,2.790,2.786,2.784,2.792,7.510,7.516,7.515,7.509,7.517,-56.071,1678.000
2.798,2.790,2.790,2.790,2.795,7.520,7.520,7.519,7.523,7.522,-56.071,1679.000
2.790,2.793,2.794,2.793,2.796,7.521,7.526,7.526,7.523,7.521,-56.019,1680.000
2.795,2.793,2.797,2.792,2.799,7.532,7.532,7.529,7.531,7.532,-56.019,1681.000
2.796,2.801,2.794,2.795,2.798,7.534,7.536,7.539,7.534,7.536,-56.027,1682.000
2.806,2.803,2.801,2.799,2.798,7.537,7.540,7.535,7.538,7.543,-56.027,1683.000
2.797,2.796,2.798,2.795,2.800,7.537,7.542,7.539,7.538,7.546,-56.070,1684.000
2.796,2.803,2.805,2.801,2.806,7.538,7.545,7.543,7.545,7.542,-56.070,1685.000
2.798,2.804,2.802,2.805,2.791,7.539,7.536,7.539,7.547,7.540,-55.403,1686.000
2.800,2.795,2.801,2.800,2.799,7.533,7.540,7.535,7.539,7.536,-55.403,1687.000
2.796,2.794,2.794,2.797,2.793,7.535,7.529,7.538,7.532,7.534,-55.031,1688.000
2.790,2.791,2.795,2.796,2.793,7.529,7.529,7.527,7.530,7.523,-55.031,1689.000
2.791,2.787,2.791,2.791,2.792,7.519,7.516,7.521,7.521,7.520,-55.513,1690.000
2.781,2.784,2.786,2.782,2.782,7.506,7.506,7.504,7.502,7.503,-55.513,1691.000
2.781,2.784,2.782,2.781,2.778,7.493,7.491,7.494,7.493,7.491,-55.450,1692.000
2.776,2.774,2.773,2.773,2.776,7.470,7.472,7.476,7.470,7.477,-55.450,1693.000
2.765,2.765,2.764,2.767,2.767,7.459,7.462,7.458,7.456,7.454,-56.260,1694.000
2.757,2.764,2.758,2.758,2.764,7.433,7.436,7.429,7.439,7.436,-56.260,1695.000
2.759,2.760,2.756,2.759,2.756,7.430,7.433,7.427,7.431,7.434,-56.018,1696.000
2.755,2.754,2.755,2.755,2.758,7.422,7.425,7.428,7.421,7.423,-56.018,1697.000
2.751,2.755,2.750,2.756,2.756,7.428,7.428,7.426,7.426,7.428,-56.190,1698.000
2.755,2.763,2.759,2.756,2.761,7.432,7.442,7.441,7.439,7.440,-56.190,1699.000
2.764,2.762,2.762,2.762,2.761,7.448,7.445,7.446,7.448,7.447,-56.418,1700.000
2.769,2.765,2.764,2.773,2.770,7.461,7.460,7.463,7.463,7.462,-56.418,1701.000
2.773,2.769,2.770,2.775,2.773,7.470,7.471,7.474,7.472,7.471,-56.418,1702.000
2.774,2.773,2.780,2.781,2.779,7.489,7.481,7.479,7.488,7.481,-56.871,1703.000
2.780,2.782,2.779,2.784,2.785,7.495,7.496,7.500,7.495,7.491,-56.871,1704.000
2.785,2.781,2.786,2.789,2.789,7.506,7.507,7.507,7.504,7.511,-56.871,1705.000
2.792,2.794,2.792,2.796,2.791,7.521,7.522,7.523,7.520,7.520,-56.165,1706.000
2.808,2.801,2.798,2.804,2.798,7.536,7.535,7.537,7.534,7.530,-55.644,1707.000
2.800,2.798,2.804,2.803,2.799,7.540,7.548,7.549,7.547,7.545,-55.644,1708.000
2.806,2.802,2.797,2.801,2.808,7.545,7.547,7.547,7.553,7.551,-56.276,1709.000
2.803,2.797,2.802,2.807,2.800,7.548,7.548,7.546,7.545,7.548,-56.276,1710.000
2.806,2.801,2.803,2.798,2.796,7.543,7.547,7.545,7.545,7.546,-55.733,1711.000
2.799,2.794,2.804,2.793,2.792,7.533,7.536,7.534,7.539,7.538,-55.733,1712.000
2.791,2.793,2.793,2.795,2.794,7.534,7.532,7.531,7.533,7.534,-55.811,1713.000
2.791,2.792,2.790,2.792,2.793,7.518,7.517,7.527,7.525,7.521,-55.811,1714.000
2.793,2.787,2.790,2.789,2.789,7.517,7.519,7.515,7.519,7.516,-55.847,1715.000
2.783,2.788,2.792,2.796,2.791,7.520,7.524,7.521,7.514,7.520,-55.847,1716.000
2.790,2.781,2.790,2.792,2.790,7.517,7.517,7.513,7.521,7.522,-56.024,1717.000
2.788,2.787,2.787,2.787,2.790,7.513,7.511,7.513,7.512,7.512,-56.024,1718.000
2.786,2.785,2.787,2.783,2.784,7.507,7.505,7.508,7.508,7.506,-55.861,1719.000
2.780,2.784,2.783,2.787,2.788,7.502,7.501,7.504,7.502,7.496,-55.861,1720.000
2.781,2.784,2.781,2.785,2.778,7.501,7.504,7.501,7.498,7.503,-55.912,1721.000
2.775,2.785,2.781,2.781,2.784,7.501,7.496,7.491,7.494,7.495,-55.912,1722.000
2.781,2.778,2.782,2.785,2.778,7.489,7.484,7.494,7.492,7.491,-55.964,1723.000
2.779,2.777,2.784,2.782,2.777,7.489,7.489,7.491,7.488,7.491,-55.964,1724.000
2.784,2.780,2.782,2.778,2.777,7.480,7.486,7.489,7.480,7.483,-56.317,1725.000
2.775,2.777,2.775,2.775,2.784,7.485,7.485,7.491,7.481,7.488,-56.317,1726.000
2.773,2.778,2.773,2.776,2.775,7.478,7.485,7.481,7.478,7.484,-56.327,1727.000
2.767,2.778,2.775,2.778,2.774,7.477,7.473,7.476,7.474,7.473,-56.327,1728.000
2.772,2.771,2.770,2.765,2.777,7.472,7.470,7.473,7.474,7.474,-56.037,1729.000
2.764,2.780,2.771,2.767,2.767,7.470,7.469,7.468,7.471,7.466,-56.037,1730.000
2.772,2.768,2.776,2.773,2.769,7.462,7.464,7.462,7.467,7.464,-56.007,1731.000
2.776,2.763,2.768,2.773,2.771,7.457,7.452,7.451,7.457,7.459,-56.007,1732.000
2.765,2.767,2.768,2.764,2.766,7.455,7.454,7.455,7.449,7.455,-56.460,1733.000
2.765,2.762,2.762,2.762,2.760,7.445,7.443,7.441,7.441,7.444,-56.460,1734.000
2.763,2.761,2.754,2.759,2.757,7.434,7.437,7.439,7.432,7.436,-55.425,1735.000
2.752,2.755,2.751,2.752,2.751,7.425,7.425,7.429,7.419,7.427,-55.425,1736.000
2.753,2.751,2.756,2.753,2.757,7.421,7.420,7.421,7.420,7.421,-55.584,1737.000
2.752,2.750,2.752,2.750,2.747,7.414,7.416,7.417,7.414,7.414,-55.584,1738.000
2.749,2.756,2.755,2.753,2.751,7.420,7.414,7.414,7.416,7.414,-55.267,1739.000
2.756,2.748,2.747,2.753,2.754,7.419,7.419,7.419,7.417,7.416,-55.267,1740.000
2.751,2.753,2.757,2.750,2.758,7.424,7.423,7.423,7.423,7.426,-54.973,1741.000
2.755,2.751,2.762,2.753,2.756,7.430,7.431,7.430,7.432,7.425,-54.973,1742.000
2.754,2.753,2.753,2.751,2.761,7.432,7.428,7.433,7.431,7.430,-55.694,1743.000
2.753,2.760,2.761,2.759,2.760,7.428,7.425,7.429,7.426,7.429,-55.694,1744.000
2.758,2.756,2.760,2.756,2.754,7.426,7.430,7.425,7.429,7.424,-55.560,1745.000
2.754,2.755,2.757,2.757,2.755,7.422,7.426,7.420,7.421,7.429,-55.560,1746.000
2.756,2.758,2.756,2.750,2.750,7.423,7.421,7.423,7.415,7.418,-55.360,1747.000
2.755,2.754,2.755,2.757,2.754,7.418,7.419,7.415,7.421,7.422,-55.360,1748.000
2.760,2.757,2.754,2.756,2.758,7.419,7.420,7.424,7.420,7.415,-55.153,1749.000
2.757,2.753,2.756,2.753,2.752,7.423,7.427,7.425,7.426,7.422,-55.153,1750.000
2.757,2.758,2.756,2.761,2.764,7.421,7.430,7.427,7.430,7.430,-55.482,1751.000
2.759,2.756,2.766,2.760,2.755,7.432,7.429,7.429,7.427,7.433,-55.482,1752.000
2.767,2.758,2.762,2.762,2.756,7.434,7.432,7.427,7.431,7.429,-54.731,1753.000
2.762,2.759,2.761,2.759,2.761,7.431,7.428,7.430,7.436,7.435,-54.731,1754.000
2.764,2.759,2.760,2.758,2.762,7.437,7.438,7.436,7.432,7.432,-54.499,1755.000
2.766,2.762,2.763,2.763,2.764,7.439,7.449,7.440,7.445,7.439,-54.499,1756.000
2.764,2.761,2.761,2.766,2.761,7.440,7.440,7.441,7.442,7.443,-55.262,1757.000
2.761,2.763,2.765,2.756,2.762,7.441,7.444,7.447,7.444,7.439,-55.262,1758.000
2.766,2.765,2.762,2.765,2.768,7.444,7.439,7.446,7.438,7.443,-55.678,1759.000
2.768,2.764,2.766,2.763,2.764,7.443,7.439,7.443,7.444,7.445,-55.678,1760.000
2.763,2.763,2.768,2.763,2.764,7.438,7.442,7.445,7.445,7.442,-56.545,1761.000
2.759,2.767,2.762,2.761,2.765,7.441,7.442,7.438,7.445,7.442,-56.545,1762.000
2.762,2.760,2.767,2.757,2.766,7.439,7.442,7.443,7.444,7.443,-56.112,1763.000
2.762,2.763,2.761,2.765,2.765,7.445,7.443,7.445,7.442,7.441,-56.112,1764.000
2.761,2.764,2.764,2.762,2.763,7.441,7.442,7.445,7.444,7.442,-56.112,1765.000
2.762,2.766,2.764,2.770,2.769,7.444,7.438,7.441,7.445,7.444,-55.751,1766.000
2.768,2.761,2.768,2.766,2.771,7.445,7.443,7.445,7.446,7.447,-55.751,1767.000
2.769,2.766,2.765,2.767,2.770,7.451,7.452,7.451,7.451,7.444,-56.399,1768.000
2.768,2.767,2.768,2.776,2.769,7.455,7.454,7.459,7.453,7.455,-56.399,1769.000
2.775,2.767,2.771,2.771,2.776,7.461,7.462,7.462,7.463,7.462,-56.444,1770.000
2.769,2.779,2.777,2.773,2.774,7.465,7.466,7.464,7.468,7.460,-56.444,1771.000
2.768,2.772,2.778,2.779,2.782,7.473,7.470,7.474,7.470,7.473,-56.115,1772.000
2.784,2.780,2.775,2.776,2.776,7.469,7.473,7.470,7.470,7.475,-56.115,1773.000
2.780,2.779,2.779,2.773,2.778,7.476,7.475,7.480,7.478,7.472,-55.912,1774.000
2.777,2.780,2.778,2.773,2.779,7.476,7.471,7.475,7.479,7.479,-55.912,1775.000
2.782,2.778,2.775,2.776,2.776,7.480,7.475,7.478,7.481,7.471,-55.900,1776.000
2.780,2.774,2.771,2.775,2.772,7.473,7.467,7.471,7.474,7.472,-55.900,1777.000
2.777,2.774,2.773,2.778,2.771,7.467,7.464,7.467,7.469,7.468,-56.336,1778.000
2.775,2.771,2.776,2.771,2.771,7.459,7.460,7.461,7.457,7.460,-56.336,1779.000
2.769,2.767,2.772,2.763,2.767,7.454,7.449,7.447,7.454,7.451,-56.364,1780.000
2.766,2.770,2.765,2.767,2.760,7.445,7.444,7.445,7.442,7.444,-56.364,1781.000
2.765,2.760,2.765,2.770,2.765,7.442,7.441,7.441,7.443,7.441,-56.119,1782.000
2.761,2.758,2.762,2.761,2.760,7.436,7.433,7.435,7.430,7.434,-56.119,1783.000
2.763,2.761,2.758,2.757,2.758,7.432,7.435,7.438,7.436,7.428,-56.292,1784.000
2.755,2.757,2.756,2.754,2.758,7.422,7.427,7.427,7.424,7.426,-56.292,1785.000
2.752,2.751,2.755,2.756,2.751,7.426,7.424,7.420,7.420,7.415,-56.725,1786.000
2.749,2.751,2.755,2.756,2.749,7.408,7.414,7.417,7.415,7.410,-56.725,1787.000
2.752,2.754,2.748,2.752,2.753,7.407,7.410,7.412,7.411,7.416,-55.853,1788.000
2.752,2.757,2.751,2.751,2.759,7.421,7.419,7.421,7.425,7.425,-55.853,1789.000
2.757,2.759,2.762,2.758,2.759,7.435,7.436,7.436,7.434,7.441,-56.064,1790.000
2.768,2.770,2.770,2.769,2.765,7.452,7.445,7.450,7.449,7.455,-56.064,1791.000
2.768,2.768,2.767,2.768,2.775,7.459,7.455,7.460,7.461,7.464,-56.291,1792.000
2.775,2.767,2.769,2.770,2.774,7.464,7.460,7.460,7.463,7.461,-56.291,1793.000
2.771,2.780,2.769,2.772,2.774,7.459,7.464,7.459,7.460,7.461,-56.063,1794.000
2.771,2.771,2.763,2.774,2.766,7.461,7.453,7.454,7.447,7.449,-56.063,1795.000
2.767,2.764,2.763,2.768,2.762,7.447,7.445,7.450,7.445,7.446,-56.037,1796.000
2.760,2.762,2.761,2.756,2.767,7.436,7.435,7.436,7.437,7.438,-56.037,1797.000
2.762,2.760,2.760,2.767,2.765,7.440,7.432,7.430,7.432,7.430,-55.692,1798.000
2.766,2.762,2.765,2.761,2.762,7.437,7.437,7.434,7.433,7.433,-55.692,1799.000
2.763,2.762,2.765,2.763,2.763,7.440,7.439,7.440,7.444,7.439,-54.945,1800.000
2.764,2.765,2.765,2.767,2.769,7.453,7.455,7.453,7.449,7.453,-54.945,1801.000
2.775,2.776,2.769,2.768,2.775,7.466,7.465,7.466,7.464,7.461,-53.342,1802.000
2.776,2.776,2.779,2.774,2.781,7.478,7.473,7.481,7.480,7.484,-53.342,1803.000
2.782,2.786,2.789,2.787,2.785,7.493,7.494,7.493,7.492,7.496,-52.230,1804.000
2.792,2.791,2.787,2.790,2.785,7.509,7.507,7.505,7.515,7.509,-52.230,1805.000
2.791,2.797,2.796,2.792,2.792,7.516,7.520,7.522,7.518,7.521,-51.830,1806.000
2.801,2.793,2.795,2.797,2.800,7.528,7.524,7.534,7.526,7.527,-51.830,1807.000
2.791,2.791,2.797,2.799,2.799,7.531,7.533,7.528,7.527,7.533,-52.583,1808.000
2.794,2.798,2.795,2.795,2.803,7.535,7.535,7.532,7.535,7.538,-52.583,1809.000
2.797,2.797,2.800,2.794,2.797,7.530,7.533,7.537,7.531,7.535,-53.503,1810.000
2.798,2.804,2.800,2.802,2.791,7.527,7.528,7.532,7.535,7.531,-53.503,1811.000
2.798,2.791,2.798,2.799,2.801,7.528,7.523,7.525,7.534,7.536,-54.613,1812.000
2.789,2.793,2.793,2.793,2.795,7.525,7.520,7.526,7.521,7.526,-54.613,1813.000
2.794,2.790,2.795,2.793,2.795,7.524,7.524,7.521,7.522,7.522,-56.074,1814.000
2.788,2.790,2.791,2.798,2.795,7.525,7.518,7.518,7.520,7.521,-56.074,1815.000
2.801,2.793,2.798,2.797,2.791,7.522,7.521,7.523,7.522,7.522,-56.272,1816.000
2.792,2.798,2.791,2.787,2.797,7.530,7.522,7.519,7.523,7.524,-56.272,1817.000
2.795,2.794,2.799,2.796,2.791,7.523,7.522,7.528,7.527,7.527,-55.909,1818.000
2.795,2.792,2.794,2.790,2.787,7.522,7.518,7.518,7.516,7.519,-55.909,1819.000
2.791,2.789,2.790,2.787,2.795,7.518,7.516,7.519,7.518,7.518,-55.838,1820.000
2.793,2.787,2.790,2.790,2.786,7.510,7.515,7.510,7.511,7.517,-55.838,1821.000
2.793,2.790,2.792,2.786,2.789,7.507,7.508,7.512,7.509,7.510,-56.605,1822.000
2.788,2.785,2.785,2.785,2.786,7.502,7.500,7.504,7.501,7.501,-56.605,1823.000
2.785,2.780,2.783,2.781,2.781,7.503,7.498,7.506,7.496,7.499,-56.318,1824.000
2.779,2.785,2.780,2.779,2.781,7.495,7.494,7.488,7.494,7.490,-56.318,1825.000
2.785,2.778,2.786,2.778,2.784,7.493,7.490,7.492,7.492,7.494,-55.625,1826.000
2.776,2.776,2.776,2.783,2.783,7.489,7.486,7.493,7.496,7.491,-55.625,1827.000
2.780,2.783,2.785,2.780,2.783,7.495,7.489,7.493,7.496,7.500,-55.613,1828.000
2.784,2.788,2.783,2.782,2.788,7.497,7.501,7.502,7.501,7.504,-55.613,1829.000
2.789,2.784,2.787,2.784,2.785,7.508,7.505,7.504,7.511,7.506,-55.829,1830.000
2.790,2.792,2.790,2.788,2.790,7.511,7.512,7.511,7.516,7.518,-55.829,1831.000
2.785,2.795,2.788,2.800,2.792,7.525,7.520,7.518,7.514,7.516,-56.264,1832.000
2.790,2.793,2.792,2.796,2.794,7.519,7.520,7.524,7.525,7.523,-56.264,1833.000
2.792,2.789,2.788,2.795,2.795,7.525,7.521,7.519,7.521,7.521,-56.689,1834.000
2.787,2.789,2.795,2.790,2.795,7.516,7.523,7.524,7.517,7.519,-56.689,1835.000
2.790,2.793,2.792,2.787,2.788,7.516,7.521,7.521,7.518,7.520,-56.042,1836.000
2.790,2.794,2.790,2.789,2.793,7.511,7.514,7.516,7.511,7.517,-56.042,1837.000
2.786,2.786,2.782,2.797,2.791,7.514,7.511,7.512,7.512,7.512,-56.298,1838.000
2.792,2.781,2.789,2.786,2.790,7.509,7.515,7.509,7.509,7.512,-56.298,1839.000
2.794,2.793,2.785,2.788,2.794,7.514,7.512,7.516,7.519,7.517,-56.303,1840.000
2.792,2.791,2.788,2.796,2.792,7.524,7.525,7.526,7.524,7.523,-56.303,1841.000
2.795,2.798,2.797,2.794,2.796,7.533,7.534,7.536,7.534,7.532,-55.578,1842.000
2.796,2.804,2.800,2.799,2.803,7.547,7.545,7.550,7.554,7.547,-55.578,1843.000
2.803,2.807,2.802,2.798,2.799,7.551,7.555,7.550,7.559,7.557,-55.536,1844.000
2.806,2.803,2.804,2.812,2.802,7.562,7.561,7.562,7.562,7.563,-55.536,1845.000
2.810,2.810,2.812,2.808,2.811,7.559,7.567,7.569,7.563,7.569,-55.683,1846.000
2.810,2.808,2.809,2.812,2.806,7.569,7.566,7.562,7.565,7.566,-55.683,1847.000
2.807,2.803,2.812,2.805,2.805,7.571,7.565,7.564,7.569,7.572,-56.318,1848.000
2.816,2.810,2.806,2.808,2.812,7.568,7.572,7.569,7.573,7.569,-56.318,1849.000
2.811,2.807,2.808,2.813,2.808,7.573,7.571,7.568,7.565,7.566,-55.759,1850.000
2.803,2.807,2.808,2.806,2.801,7.562,7.560,7.561,7.558,7.560,-55.759,1851.000
2.797,2.795,2.795,2.803,2.795,7.546,7.544,7.548,7.542,7.546,-56.407,1852.000
2.790,2.788,2.790,2.792,2.794,7.538,7.533,7.529,7.533,7.528,-56.407,1853.000
2.788,2.784,2.788,2.788,2.791,7.518,7.523,7.518,7.518,7.514,-55.992,1854.000
2.783,2.776,2.784,2.772,2.780,7.495,7.495,7.493,7.499,7.496,-55.992,1855.000
2.777,2.780,2.777,2.770,2.769,7.488,7.478,7.483,7.477,7.480,-55.933,1856.000
2.771,2.765,2.772,2.764,2.766,7.465,7.475,7.461,7.465,7.467,-55.933,1857.000
2.765,2.763,2.764,2.761,2.760,7.462,7.458,7.454,7.451,7.453,-53.447,1858.000
2.762,2.765,2.762,2.765,2.759,7.447,7.450,7.450,7.449,7.443,-53.447,1859.000
2.762,2.760,2.762,2.762,2.757,7.441,7.447,7.445,7.442,7.442,-53.152,1860.000
2.753,2.752,2.757,2.758,2.759,7.440,7.438,7.437,7.444,7.438,-53.152,1861.000
2.749,2.754,2.761,2.756,2.763,7.437,7.434,7.436,7.433,7.433,-53.585,1862.000
2.752,2.754,2.757,2.754,2.757,7.434,7.427,7.433,7.429,7.429,-53.585,1863.000
2.753,2.759,2.753,2.754,2.750,7.435,7.424,7.427,7.429,7.429,-54.783,1864.000
2.750,2.753,2.746,2.753,2.753,7.431,7.425,7.428,7.427,7.420,-54.783,1865.000
2.753,2.747,2.752,2.750,2.753,7.423,7.434,7.426,7.423,7.422,-55.429,1866.000
2.745,2.754,2.756,2.755,2.750,7.424,7.433,7.425,7.425,7.423,-55.429,1867.000
2.757,2.754,2.750,2.754,2.757,7.426,7.429,7.427,7.426,7.422,-55.134,1868.000
2.757,2.755,2.753,2.751,2.754,7.428,7.432,7.427,7.428,7.427,-55.134,1869.000
2.760,2.759,2.760,2.759,2.756,7.439,7.432,7.438,7.430,7.431,-54.940,1870.000
2.761,2.759,2.760,2.758,2.759,7.437,7.441,7.440,7.440,7.435,-54.940,1871.000
2.763,2.766,2.763,2.765,2.761,7.445,7.443,7.441,7.448,7.449,-55.351,1872.000
2.758,2.761,2.763,2.764,2.764,7.450,7.455,7.449,7.454,7.452,-55.351,1873.000
2.767,2.763,2.767,2.768,2.763,7.457,7.453,7.458,7.457,7.459,-55.451,1874.000
2.770,2.765,2.775,2.771,2.769,7.467,7.466,7.466,7.463,7.465,-55.451,1875.000
2.767,2.771,2.770,2.771,2.768,7.466,7.473,7.472,7.473,7.471,-54.735,1876.000
2.768,2.775,2.779,2.771,2.772,7.481,7.483,7.483,7.479,7.479,-54.735,1877.000
2.775,2.774,2.769,2.780,2.776,7.482,7.489,7.483,7.487,7.488,-54.968,1878.000
2.778,2.782,2.774,2.779,2.778,7.494,7.493,7.496,7.493,7.492,-54.968,1879.000
2.784,2.777,2.779,2.780,2.785,7.499,7.497,7.497,7.499,7.501,-55.182,1880.000
2.783,2.785,2.791,2.786,2.787,7.505,7.511,7.503,7.504,7.506,-55.182,1881.000
2.785,2.783,2.782,2.786,2.788,7.512,7.510,7.508,7.511,7.510,-55.508,1882.000
2.790,2.788,2.787,2.788,2.789,7.519,7.514,7.513,7.512,7.515,-55.508,1883.000
2.788,2.794,2.787,2.788,2.787,7.520,7.522,7.516,7.516,7.522,-55.789,1884.000
2.787,2.794,2.795,2.789,2.787,7.522,7.513,7.518,7.520,7.528,-55.789,1885.000
2.792,2.788,2.784,2.787,2.792,7.524,7.524,7.524,7.526,7.521,-56.483,1886.000
2.787,2.788,2.789,2.786,2.791,7.523,7.521,7.519,7.521,7.526,-56.483,1887.000
2.792,2.790,2.790,2.790,2.791,7.519,7.521,7.514,7.520,7.519,-55.847,1888.000
2.785,2.789,2.785,2.784,2.789,7.514,7.515,7.512,7.515,7.517,-55.847,1889.000
2.778,2.781,2.780,2.777,2.780,7.508,7.506,7.508,7.505,7.511,-55.350,1890.000
2.774,2.778,2.778,2.778,2.776,7.492,7.497,7.495,7.492,7.492,-55.350,1891.000
2.771,2.777,2.773,2.767,2.774,7.478,7.481,7.480,7.484,7.480,-54.743,1892.000
2.771,2.770,2.769,2.770,2.767,7.472,7.467,7.470,7.464,7.471,-54.743,1893.000
2.762,2.760,2.765,2.760,2.758,7.459,7.459,7.457,7.457,7.456,-55.653,1894.000
2.765,2.753,2.760,2.758,2.755,7.445,7.440,7.441,7.442,7.443,-55.653,1895.000
2.748,2.751,2.749,2.758,2.753,7.437,7.432,7.435,7.429,7.431,-55.717,1896.000
2.754,2.751,2.749,2.741,2.749,7.422,7.424,7.425,7.423,7.424,-55.717,1897.000
2.745,2.753,2.742,2.746,2.751,7.411,7.416,7.415,7.409,7.413,-55.510,1898.000
2.742,2.753,2.741,2.743,2.749,7.410,7.398,7.408,7.407,7.404,-55.510,1899.000
2.740,2.735,2.743,2.745,2.746,7.396,7.403,7.393,7.395,7.395,-55.765,1900.000
2.737,2.735,2.736,2.742,2.740,7.396,7.391,7.393,7.387,7.391,-55.765,1901.000
2.736,2.735,2.738,2.734,2.732,7.387,7.380,7.381,7.377,7.385,-55.610,1902.000
2.732,2.733,2.737,2.729,2.732,7.376,7.375,7.374,7.374,7.376,-55.610,1903.000
2.735,2.725,2.732,2.729,2.728,7.368,7.368,7.369,7.369,7.365,-55.434,1904.000
2.728,2.729,2.732,2.730,2.729,7.365,7.365,7.365,7.365,7.366,-55.434,1905.000
2.726,2.725,2.723,2.723,2.733,7.361,7.364,7.363,7.361,7.360,-55.251,1906.000
2.728,2.729,2.726,2.726,2.722,7.359,7.362,7.358,7.362,7.362,-55.251,1907.000
2.726,2.722,2.731,2.725,2.729,7.360,7.364,7.362,7.365,7.363,-55.052,1908.000
2.725,2.732,2.730,2.727,2.731,7.365,7.363,7.363,7.363,7.368,-55.052,1909.000
2.725,2.732,2.733,2.726,2.730,7.364,7.364,7.368,7.365,7.362,-55.468,1910.000
2.731,2.723,2.734,2.729,2.723,7.369,7.373,7.369,7.374,7.371,-55.468,1911.000
2.736,2.734,2.732,2.735,2.730,7.378,7.377,7.371,7.371,7.374,-55.468,1912.000
2.734,2.728,2.727,2.730,2.725,7.368,7.372,7.377,7.374,7.371,-55.715,1913.000
2.730,2.728,2.733,2.729,2.730,7.372,7.368,7.371,7.368,7.367,-55.715,1914.000
2.732,2.732,2.732,2.730,2.731,7.373,7.367,7.370,7.368,7.367,-55.715,1915.000
2.731,2.726,2.731,2.728,2.736,7.366,7.379,7.369,7.366,7.365,-55.187,1916.000
2.733,2.737,2.732,2.727,2.731,7.365,7.370,7.371,7.370,7.370,-55.187,1917.000
2.727,2.726,2.727,2.728,2.731,7.369,7.366,7.367,7.373,7.370,-55.503,1918.000
2.728,2.730,2.723,2.727,2.731,7.371,7.372,7.376,7.378,7.377,-55.503,1919.000
2.725,2.730,2.730,2.732,2.734,7.377,7.382,7.377,7.382,7.381,-55.791,1920.000
2.733,2.735,2.742,2.731,2.734,7.387,7.384,7.383,7.383,7.384,-55.791,1921.000
2.734,2.731,2.739,2.732,2.736,7.383,7.380,7.384,7.383,7.382,-55.762,1922.000
2.733,2.737,2.734,2.730,2.735,7.384,7.378,7.380,7.382,7.376,-55.762,1923.000
2.734,2.734,2.737,2.739,2.737,7.376,7.376,7.379,7.383,7.384,-55.815,1924.000
2.736,2.739,2.742,2.731,2.732,7.380,7.377,7.383,7.382,7.382,-55.815,1925.000
2.738,2.735,2.735,2.735,2.733,7.384,7.385,7.378,7.380,7.383,-55.737,1926.000
2.739,2.731,2.736,2.740,2.734,7.386,7.387,7.389,7.382,7.388,-55.737,1927.000
2.743,2.740,2.743,2.739,2.734,7.391,7.387,7.385,7.385,7.391,-55.571,1928.000
2.738,2.740,2.739,2.740,2.739,7.391,7.390,7.394,7.397,7.395,-55.571,1929.000
2.741,2.738,2.741,2.744,2.746,7.391,7.392,7.396,7.399,7.391,-55.571,1930.000
2.743,2.737,2.748,2.745,2.742,7.393,7.396,7.401,7.398,7.395,-55.649,1931.000
2.740,2.748,2.742,2.742,2.739,7.401,7.395,7.400,7.402,7.398,-55.649,1932.000
2.741,2.747,2.738,2.743,2.743,7.404,7.403,7.396,7.402,7.403,-55.330,1933.000
2.750,2.747,2.747,2.748,2.741,7.403,7.400,7.399,7.403,7.404,-55.330,1934.000
2.746,2.743,2.746,2.738,2.743,7.405,7.404,7.405,7.404,7.408,-56.239,1935.000
2.749,2.744,2.746,2.743,2.751,7.407,7.407,7.409,7.409,7.413,-56.239,1936.000
2.751,2.748,2.746,2.750,2.750,7.409,7.410,7.415,7.415,7.411,-55.417,1937.000
2.750,2.746,2.752,2.744,2.745,7.411,7.419,7.418,7.412,7.413,-55.417,1938.000
2.749,2.751,2.740,2.755,2.745,7.416,7.419,7.415,7.415,7.417,-55.663,1939.000
2.749,2.744,2.748,2.750,2.748,7.416,7.422,7.422,7.422,7.415,-55.663,1940.000
2.753,2.750,2.747,2.755,2.746,7.423,7.417,7.421,7.422,7.422,-55.680,1941.000
2.746,2.751,2.756,2.752,2.749,7.425,7.428,7.423,7.423,7.428,-55.680,1942.000
2.754,2.753,2.756,2.753,2.761,7.428,7.427,7.432,7.427,7.424,-56.063,1943.000
2.754,2.756,2.755,2.752,2.752,7.428,7.438,7.433,7.436,7.434,-56.063,1944.000
2.756,2.760,2.758,2.758,2.756,7.437,7.436,7.435,7.441,7.433,-56.427,1945.000
2.758,2.755,2.757,2.759,2.758,7.447,7.441,7.439,7.442,7.441,-56.427,1946.000
2.762,2.758,2.763,2.760,2.763,7.445,7.448,7.446,7.446,7.446,-55.540,1947.000
2.759,2.765,2.758,2.763,2.763,7.449,7.454,7.449,7.454,7.448,-55.540,1948.000
2.765,2.758,2.760,2.761,2.765,7.460,7.458,7.452,7.455,7.455,-55.876,1949.000
2.769,2.758,2.765,2.769,2.763,7.458,7.463,7.462,7.461,7.460,-55.876,1950.000
2.764,2.763,2.767,2.767,2.765,7.465,7.463,7.464,7.461,7.466,-55.882,1951.000
2.771,2.775,2.763,2.773,2.769,7.467,7.468,7.463,7.476,7.469,-55.882,1952.000
2.766,2.773,2.772,2.774,2.768,7.468,7.464,7.467,7.472,7.469,-55.800,1953.000
2.772,2.769,2.771,2.767,2.772,7.474,7.469,7.466,7.465,7.469,-55.800,1954.000
2.769,2.767,2.774,2.770,2.763,7.468,7.468,7.468,7.468,7.463,-55.800,1955.000
2.771,2.774,2.770,2.774,2.765,7.471,7.467,7.466,7.467,7.462,-55.800,1956.000
2.762,2.765,2.771,2.767,2.763,7.463,7.465,7.467,7.459,7.456,-55.632,1957.000
2.768,2.767,2.765,2.770,2.767,7.462,7.458,7.454,7.463,7.455,-55.632,1958.000
2.762,2.765,2.758,2.765,2.763,7.455,7.456,7.457,7.455,7.456,-55.282,1959.000
2.771,2.762,2.760,2.768,2.763,7.450,7.448,7.453,7.446,7.447,-55.282,1960.000
2.761,2.757,2.760,2.764,2.764,7.449,7.447,7.445,7.448,7.444,-55.282,1961.000
2.764,2.762,2.760,2.764,2.756,7.443,7.449,7.449,7.445,7.447,-55.624,1962.000
2.761,2.763,2.760,2.761,2.757,7.443,7.450,7.443,7.443,7.449,-55.624,1963.000
2.761,2.762,2.758,2.761,2.765,7.448,7.443,7.453,7.448,7.449,-55.624,1964.000
2.759,2.761,2.764,2.761,2.767,7.449,7.450,7.448,7.448,7.449,-55.713,1965.000
2.768,2.763,2.768,2.767,2.761,7.455,7.455,7.453,7.454,7.448,-55.713,1966.000
2.766,2.760,2.763,2.770,2.769,7.454,7.456,7.458,7.458,7.458,-55.713,1967.000
2.767,2.765,2.764,2.769,2.766,7.461,7.464,7.461,7.460,7.458,-56.050,1968.000
2.770,2.762,2.774,2.772,2.769,7.468,7.468,7.470,7.473,7.469,-56.050,1969.000
2.774,2.772,2.779,2.771,2.775,7.473,7.474,7.476,7.473,7.472,-55.757,1970.000
2.774,2.775,2.774,2.773,2.774,7.476,7.478,7.483,7.476,7.480,-55.757,1971.000
2.776,2.776,2.782,2.777,2.775,7.487,7.483,7.489,7.486,7.489,-55.425,1972.000
2.775,2.779,2.776,2.781,2.779,7.485,7.490,7.495,7.488,7.492,-55.425,1973.000
2.775,2.784,2.779,2.781,2.783,7.495,7.499,7.496,7.495,7.484,-55.425,1974.000
2.782,2.776,2.774,2.774,2.778,7.491,7.492,7.495,7.496,7.495,-55.642,1975.000
2.780,2.778,2.777,2.784,2.782,7.488,7.486,7.488,7.493,7.490,-55.642,1976.000
2.770,2.783,2.779,2.777,2.775,7.486,7.492,7.493,7.496,7.489,-55.642,1977.000
2.776,2.776,2.779,2.779,2.781,7.494,7.495,7.494,7.488,7.492,-55.724,1978.000
2.782,2.777,2.781,2.780,2.777,7.494,7.490,7.487,7.493,7.489,-55.724,1979.000
2.775,2.775,2.777,2.773,2.778,7.486,7.482,7.484,7.488,7.488,-55.724,1980.000
2.775,2.777,2.776,2.776,2.777,7.481,7.481,7.478,7.477,7.472,-55.591,1981.000
2.774,2.766,2.774,2.771,2.769,7.471,7.471,7.472,7.472,7.476,-55.591,1982.000
2.774,2.766,2.770,2.770,2.769,7.463,7.457,7.459,7.463,7.461,-55.591,1983.000
2.766,2.763,2.760,2.769,2.764,7.454,7.450,7.446,7.450,7.448,-56.275,1984.000
2.762,2.768,2.761,2.762,2.769,7.442,7.442,7.442,7.440,7.445,-56.275,1985.000
2.763,2.761,2.758,2.759,2.762,7.441,7.438,7.439,7.442,7.440,-55.957,1986.000
2.763,2.765,2.761,2.763,2.761,7.447,7.446,7.448,7.454,7.455,-55.957,1987.000
2.765,2.765,2.762,2.767,2.766,7.454,7.458,7.464,7.463,7.464,-55.266,1988.000
2.770,2.772,2.777,2.772,2.779,7.469,7.473,7.472,7.479,7.475,-55.266,1989.000
2.769,2.774,2.776,2.772,2.774,7.477,7.479,7.480,7.478,7.480,-54.904,1990.000
2.770,2.775,2.778,2.771,2.769,7.483,7.481,7.482,7.481,7.474,-54.904,1991.000
2.774,2.770,2.773,2.769,2.777,7.479,7.481,7.477,7.478,7.481,-54.954,1992.000
2.773,2.770,2.777,2.776,2.772,7.489,7.485,7.478,7.477,7.481,-54.954,1993.000
2.775,2.773,2.776,2.771,2.770,7.478,7.483,7.481,7.480,7.477,-55.463,1994.000
2.769,2.764,2.775,2.770,2.769,7.474,7.475,7.475,7.475,7.471,-55.463,1995.000
2.773,2.772,2.769,2.772,2.765,7.468,7.472,7.474,7.474,7.472,-55.883,1996.000
2.764,2.773,2.764,2.773,2.767,7.465,7.465,7.465,7.466,7.464,-55.883,1997.000
2.768,2.766,2.765,2.767,2.763,7.462,7.464,7.467,7.464,7.463,-56.450,1998.000
2.766,2.766,2.772,2.766,2.765,7.463,7.464,7.468,7.467,7.468,-56.450,1999.000
2.769,2.767,2.767,2.770,2.773,7.466,7.466,7.461,7.464,7.466,-56.582,2000.000
2.773,2.774,2.772,2.772,2.760,7.474,7.473,7.468,7.470,7.471,-56.582,2001.000
2.770,2.769,2.773,2.773,2.773,7.472,7.469,7.469,7.471,7.474,-56.138,2002.000
2.770,2.766,2.767,2.771,2.774,7.469,7.473,7.473,7.471,7.470,-56.138,2003.000
2.767,2.768,2.770,2.762,2.766,7.469,7.471,7.466,7.467,7.467,-55.752,2004.000
2.768,2.762,2.766,2.769,2.771,7.455,7.458,7.462,7.455,7.459,-55.752,2005.000
2.768,2.762,2.761,2.763,2.769,7.453,7.456,7.459,7.457,7.461,-55.747,2006.000
2.764,2.758,2.758,2.764,2.761,7.450,7.447,7.451,7.456,7.447,-55.747,2007.000
2.766,2.766,2.757,2.764,2.761,7.448,7.451,7.452,7.453,7.454,-55.698,2008.000
2.762,2.764,2.764,2.760,2.761,7.440,7.443,7.440,7.450,7.449,-55.698,2009.000
2.761,2.756,2.756,2.762,2.763,7.439,7.441,7.444,7.441,7.437,-56.199,2010.000
2.761,2.759,2.757,2.766,2.757,7.437,7.439,7.438,7.435,7.434,-56.199,2011.000
2.754,2.755,2.755,2.753,2.761,7.433,7.430,7.429,7.435,7.432,-56.012,2012.000
2.753,2.755,2.755,2.751,2.751,7.425,7.428,7.427,7.418,7.426,-56.012,2013.000
2.759,2.754,2.755,2.753,2.751,7.421,7.427,7.422,7.421,7.421,-56.012,2014.000
2.753,2.752,2.752,2.754,2.752,7.416,7.419,7.419,7.417,7.417,-55.853,2015.000
2.745,2.752,2.751,2.752,2.754,7.413,7.415,7.415,7.410,7.409,-55.853,2016.000
2.746,2.747,2.750,2.748,2.746,7.412,7.411,7.408,7.413,7.410,-55.853,2017.000
2.744,2.750,2.745,2.743,2.748,7.404,7.409,7.413,7.408,7.409,-55.641,2018.000
2.748,2.748,2.746,2.748,2.751,7.410,7.413,7.408,7.407,7.407,-55.641,2019.000
2.741,2.750,2.744,2.752,2.757,7.407,7.411,7.409,7.407,7.408,-55.247,2020.000
2.746,2.751,2.750,2.752,2.754,7.413,7.412,7.413,7.408,7.410,-55.247,2021.000
2.753,2.749,2.742,2.749,2.750,7.412,7.412,7.410,7.414,7.414,-54.528,2022.000
2.757,2.747,2.755,2.748,2.750,7.415,7.409,7.412,7.415,7.413,-54.528,2023.000
2.748,2.751,2.752,2.750,2.748,7.412,7.418,7.414,7.419,7.412,-55.101,2024.000
2.754,2.750,2.748,2.745,2.743,7.409,7.416,7.411,7.411,7.416,-55.101,2025.000
2.749,2.747,2.755,2.749,2.740,7.418,7.413,7.407,7.412,7.410,-55.182,2026.000
2.748,2.746,2.743,2.747,2.743,7.411,7.407,7.405,7.402,7.403,-55.182,2027.000
2.746,2.753,2.744,2.746,2.743,7.403,7.402,7.406,7.405,7.402,-55.701,2028.000
2.744,2.743,2.748,2.744,2.743,7.400,7.402,7.407,7.400,7.401,-55.701,2029.000
2.741,2.744,2.742,2.748,2.745,7.401,7.398,7.400,7.397,7.393,-55.881,2030.000
2.744,2.738,2.744,2.745,2.744,7.397,7.395,7.398,7.400,7.397,-55.881,2031.000
2.738,2.745,2.745,2.745,2.741,7.393,7.397,7.396,7.401,7.396,-55.064,2032.000
2.741,2.745,2.741,2.745,2.746,7.393,7.399,7.398,7.397,7.398,-55.064,2033.000
2.740,2.738,2.736,2.740,2.741,7.397,7.392,7.397,7.399,7.390,-55.164,2034.000
2.737,2.745,2.741,2.741,2.738,7.397,7.396,7.397,7.392,7.401,-55.164,2035.000
2.747,2.743,2.742,2.740,2.745,7.399,7.396,7.397,7.398,7.396,-54.960,2036.000
2.746,2.741,2.741,2.741,2.741,7.396,7.399,7.397,7.395,7.394,-54.960,2037.000
2.742,2.741,2.741,2.737,2.740,7.392,7.392,7.388,7.395,7.388,-54.914,2038.000
2.742,2.738,2.744,2.735,2.741,7.389,7.393,7.388,7.392,7.391,-54.914,2039.000
2.739,2.735,2.740,2.745,2.740,7.394,7.395,7.397,7.400,7.394,-56.017,2040.000
2.744,2.748,2.748,2.744,2.744,7.416,7.413,7.410,7.408,7.410,-56.017,2041.000
2.751,2.750,2.759,2.755,2.753,7.426,7.427,7.429,7.431,7.435,-56.011,2042.000
2.763,2.761,2.758,2.766,2.761,7.449,7.454,7.453,7.454,7.453,-56.011,2043.000
2.765,2.763,2.763,2.767,2.757,7.465,7.466,7.458,7.466,7.468,-56.697,2044.000
2.765,2.769,2.772,2.770,2.771,7.469,7.474,7.473,7.474,7.474,-56.697,2045.000
2.772,2.769,2.771,2.774,2.770,7.474,7.474,7.472,7.478,7.474,-55.919,2046.000
2.765,2.769,2.766,2.764,2.773,7.473,7.472,7.474,7.466,7.472,-55.919,2047.000
2.767,2.765,2.768,2.768,2.766,7.467,7.467,7.464,7.462,7.467,-55.674,2048.000
2.761,2.765,2.763,2.758,2.764,7.451,7.450,7.449,7.452,7.445,-55.674,2049.000
2.764,2.759,2.760,2.760,2.760,7.441,7.441,7.443,7.439,7.443,-55.931,2050.000
2.753,2.753,2.755,2.744,2.751,7.429,7.426,7.429,7.425,7.424,-55.931,2051.000
2.746,2.745,2.750,2.747,2.749,7.411,7.410,7.413,7.410,7.404,-55.514,2052.000
2.735,2.731,2.731,2.733,2.733,7.387,7.382,7.380,7.382,7.377,-55.514,2053.000
2.720,2.725,2.724,2.719,2.719,7.345,7.342,7.339,7.339,7.341,-55.548,2054.000
2.711,2.712,2.708,2.703,2.706,7.310,7.312,7.314,7.311,7.313,-55.548,2055.000
2.699,2.702,2.704,2.701,2.702,7.299,7.296,7.296,7.295,7.295,-55.181,2056.000
2.699,2.704,2.702,2.704,2.701,7.297,7.299,7.303,7.301,7.304,-55.181,2057.000
2.706,2.710,2.717,2.711,2.714,7.314,7.311,7.315,7.313,7.316,-55.161,2058.000
2.725,2.718,2.722,2.709,2.721,7.338,7.338,7.340,7.343,7.342,-55.161,2059.000
2.727,2.731,2.726,2.734,2.734,7.360,7.366,7.367,7.367,7.372,-55.244,2060.000
2.732,2.734,2.735,2.729,2.738,7.382,7.382,7.387,7.385,7.387,-55.244,2061.000
2.745,2.742,2.736,2.738,2.742,7.392,7.389,7.391,7.393,7.394,-55.012,2062.000
2.755,2.743,2.743,2.745,2.749,7.407,7.401,7.401,7.406,7.404,-55.012,2063.000
2.745,2.752,2.744,2.749,2.745,7.404,7.401,7.396,7.398,7.402,-55.934,2064.000
2.743,2.739,2.745,2.741,2.741,7.398,7.399,7.395,7.394,7.394,-55.934,2065.000
2.735,2.737,2.736,2.741,2.736,7.383,7.383,7.385,7.384,7.382,-55.545,2066.000
2.734,2.726,2.732,2.729,2.731,7.372,7.373,7.369,7.369,7.370,-55.545,2067.000
2.726,2.734,2.729,2.733,2.726,7.363,7.359,7.365,7.364,7.358,-55.644,2068.000
2.721,2.731,2.727,2.728,2.723,7.352,7.354,7.353,7.360,7.350,-55.644,2069.000
2.725,2.726,2.723,2.724,2.724,7.347,7.349,7.350,7.348,7.353,-55.539,2070.000
2.725,2.725,2.723,2.727,2.731,7.358,7.361,7.351,7.353,7.355,-55.539,2071.000
2.726,2.729,2.726,2.726,2.731,7.356,7.360,7.365,7.356,7.361,-55.631,2072.000
2.731,2.738,2.738,2.734,2.733,7.365,7.368,7.372,7.370,7.373,-55.631,2073.000
2.728,2.738,2.736,2.727,2.736,7.376,7.373,7.374,7.374,7.375,-55.386,2074.000
2.738,2.732,2.736,2.733,2.735,7.375,7.379,7.372,7.374,7.372,-55.386,2075.000
2.732,2.731,2.732,2.732,2.727,7.366,7.367,7.371,7.369,7.370,-55.816,2076.000
2.725,2.729,2.723,2.724,2.726,7.362,7.360,7.359,7.359,7.360,-55.816,2077.000
2.723,2.725,2.723,2.721,2.718,7.345,7.345,7.350,7.342,7.342,-55.816,2078.000
2.718,2.716,2.721,2.716,2.714,7.334,7.329,7.327,7.326,7.332,-55.816,2079.000
2.711,2.716,2.707,2.706,2.706,7.319,7.318,7.317,7.315,7.313,-56.096,2080.000
2.697,2.709,2.703,2.709,2.703,7.302,7.300,7.295,7.295,7.293,-56.096,2081.000
2.704,2.705,2.702,2.707,2.699,7.285,7.293,7.294,7.283,7.285,-55.863,2082.000
2.695,2.690,2.697,2.697,2.694,7.278,7.276,7.275,7.279,7.275,-55.863,2083.000
2.696,2.692,2.697,2.694,2.693,7.268,7.273,7.272,7.271,7.271,-54.340,2084.000
2.693,2.692,2.689,2.691,2.693,7.263,7.263,7.268,7.262,7.260,-54.340,2085.000
2.693,2.689,2.695,2.691,2.696,7.262,7.260,7.259,7.256,7.259,-54.616,2086.000
2.694,2.694,2.691,2.696,2.687,7.254,7.261,7.259,7.254,7.253,-54.616,2087.000
2.691,2.689,2.690,2.689,2.692,7.261,7.261,7.259,7.261,7.258,-55.084,2088.000
2.694,2.691,2.698,2.703,2.697,7.272,7.275,7.267,7.269,7.275,-55.084,2089.000
2.699,2.701,2.703,2.693,2.702,7.286,7.288,7.287,7.284,7.286,-55.049,2090.000
2.708,2.706,2.715,2.711,2.713,7.302,7.306,7.302,7.299,7.303,-55.049,2091.000
2.704,2.717,2.706,2.714,2.710,7.305,7.314,7.314,7.311,7.306,-54.937,2092.000
2.715,2.705,2.715,2.711,2.707,7.315,7.317,7.311,7.314,7.309,-54.937,2093.000
2.714,2.706,2.708,2.706,2.709,7.302,7.315,7.314,7.313,7.314,-55.498,2094.000
2.706,2.708,2.708,2.709,2.713,7.304,7.305,7.309,7.308,7.301,-55.498,2095.000
2.709,2.707,2.708,2.708,2.714,7.302,7.305,7.303,7.302,7.299,-55.327,2096.000
2.706,2.708,2.701,2.704,2.708,7.299,7.302,7.302,7.305,7.298,-55.327,2097.000
2.705,2.704,2.701,2.707,2.710,7.305,7.302,7.306,7.305,7.307,-54.946,2098.000
2.708,2.706,2.703,2.711,2.706,7.309,7.304,7.303,7.303,7.305,-54.946,2099.000
2.703,2.709,2.708,2.710,2.708,7.297,7.303,7.303,7.306,7.302,-55.918,2100.000
2.713,2.702,2.708,2.711,2.710,7.301,7.300,7.296,7.300,7.300,-55.918,2101.000
2.711,2.710,2.710,2.708,2.707,7.302,7.298,7.303,7.300,7.299,-56.223,2102.000
2.711,2.706,2.709,2.707,2.707,7.309,7.303,7.303,7.302,7.302,-56.223,2103.000
2.711,2.710,2.713,2.710,2.714,7.305,7.311,7.307,7.309,7.306,-55.414,2104.000
2.711,2.716,2.713,2.715,2.711,7.313,7.309,7.314,7.312,7.312,-55.414,2105.000
2.713,2.718,2.716,2.714,2.718,7.317,7.319,7.319,7.316,7.318,-55.278,2106.000
2.716,2.718,2.717,2.718,2.716,7.317,7.325,7.320,7.326,7.326,-55.278,2107.000
2.720,2.715,2.722,2.718,2.719,7.327,7.328,7.324,7.326,7.328,-55.810,2108.000
2.716,2.720,2.720,2.718,2.717,7.328,7.329,7.330,7.333,7.328,-55.810,2109.000
2.721,2.721,2.719,2.719,2.721,7.330,7.331,7.332,7.333,7.337,-55.517,2110.000
2.727,2.719,2.717,2.720,2.723,7.333,7.337,7.336,7.333,7.335,-55.517,2111.000
2.720,2.717,2.721,2.722,2.715,7.331,7.329,7.331,7.330,7.333,-55.112,2112.000
2.717,2.713,2.722,2.718,2.714,7.330,7.329,7.323,7.331,7.326,-55.112,2113.000
2.722,2.720,2.719,2.721,2.724,7.327,7.332,7.330,7.334,7.325,-53.967,2114.000
2.716,2.714,2.717,2.719,2.716,7.325,7.326,7.326,7.325,7.330,-53.967,2115.000
2.716,2.722,2.716,2.718,2.720,7.327,7.332,7.321,7.327,7.325,-52.787,2116.000
2.715,2.713,2.718,2.725,2.719,7.329,7.326,7.329,7.328,7.328,-52.787,2117.000
2.719,2.719,2.720,2.721,2.721,7.334,7.335,7.332,7.329,7.333,-51.772,2118.000
2.721,2.719,2.722,2.718,2.728,7.335,7.331,7.335,7.338,7.333,-51.772,2119.000
2.726,2.727,2.713,2.719,2.719,7.335,7.340,7.330,7.333,7.334,-52.146,2120.000
2.722,2.720,2.721,2.718,2.722,7.336,7.338,7.335,7.336,7.333,-52.146,2121.000
2.717,2.716,2.718,2.723,2.719,7.330,7.333,7.333,7.330,7.328,-52.311,2122.000
2.720,2.719,2.713,2.718,2.715,7.329,7.328,7.331,7.325,7.326,-52.311,2123.000
2.719,2.711,2.714,2.716,2.709,7.325,7.323,7.327,7.324,7.325,-53.936,2124.000
2.712,2.720,2.717,2.710,2.718,7.326,7.324,7.323,7.328,7.326,-53.936,2125.000
2.715,2.718,2.717,2.707,2.716,7.323,7.321,7.322,7.315,7.319,-53.943,2126.000
2.712,2.716,2.716,2.715,2.714,7.323,7.319,7.318,7.315,7.322,-53.943,2127.000
2.718,2.713,2.709,2.713,2.715,7.313,7.323,7.317,7.315,7.318,-54.122,2128.000
2.712,2.716,2.719,2.715,2.714,7.317,7.312,7.320,7.319,7.314,-54.122,2129.000
2.710,2.716,2.718,2.714,2.711,7.315,7.316,7.319,7.317,7.319,-54.735,2130.000
2.714,2.714,2.716,2.710,2.711,7.317,7.312,7.308,7.317,7.312,-54.735,2131.000
2.711,2.707,2.708,2.708,2.718,7.311,7.307,7.306,7.307,7.304,-56.105,2132.000
2.715,2.715,2.706,2.705,2.702,7.305,7.300,7.297,7.296,7.296,-56.105,2133.000
2.707,2.708,2.703,2.706,2.700,7.294,7.291,7.291,7.293,7.292,-55.806,2134.000
2.706,2.698,2.701,2.700,2.703,7.278,7.272,7.276,7.280,7.280,-55.806,2135.000
2.696,2.700,2.701,2.699,2.695,7.272,7.273,7.270,7.270,7.268,-54.759,2136.000
2.694,2.684,2.693,2.696,2.699,7.269,7.264,7.270,7.271,7.264,-54.759,2137.000
2.698,2.693,2.697,2.694,2.695,7.268,7.259,7.264,7.265,7.262,-55.111,2138.000
2.694,2.688,2.688,2.692,2.686,7.260,7.262,7.262,7.264,7.259,-55.111,2139.000
2.691,2.690,2.686,2.691,2.692,7.264,7.260,7.263,7.259,7.258,-55.915,2140.000
2.685,2.690,2.690,2.688,2.695,7.256,7.253,7.255,7.252,7.256,-55.915,2141.000
2.691,2.683,2.686,2.688,2.689,7.246,7.252,7.251,7.250,7.247,-55.362,2142.000
2.684,2.689,2.681,2.690,2.688,7.250,7.247,7.247,7.256,7.251,-55.362,2143.000
2.689,2.685,2.690,2.690,2.685,7.247,7.250,7.249,7.249,7.246,-55.052,2144.000
2.687,2.680,2.687,2.682,2.683,7.242,7.240,7.243,7.242,7.239,-55.052,2145.000
2.686,2.688,2.692,2.680,2.685,7.245,7.243,7.242,7.240,7.242,-54.801,2146.000
2.688,2.686,2.684,2.684,2.686,7.245,7.247,7.247,7.247,7.250,-54.801,2147.000
2.692,2.689,2.692,2.694,2.687,7.247,7.249,7.256,7.250,7.248,-55.172,2148.000
2.688,2.690,2.695,2.691,2.699,7.263,7.263,7.264,7.260,7.262,-55.172,2149.000
2.695,2.697,2.701,2.698,2.698,7.275,7.279,7.280,7.274,7.272,-55.450,2150.000
2.702,2.703,2.704,2.699,2.697,7.291,7.281,7.286,7.285,7.288,-55.450,2151.000
2.709,2.707,2.707,2.705,2.702,7.289,7.287,7.292,7.290,7.288,-55.374,2152.000
2.707,2.708,2.709,2.707,2.708,7.293,7.292,7.294,7.291,7.295,-55.374,2153.000
2.709,2.709,2.705,2.707,2.711,7.307,7.302,7.304,7.298,7.304,-56.159,2154.000
2.713,2.712,2.720,2.715,2.711,7.309,7.314,7.317,7.313,7.316,-56.159,2155.000
2.719,2.719,2.725,2.726,2.723,7.338,7.336,7.340,7.339,7.346,-56.268,2156.000
2.732,2.737,2.733,2.730,2.737,7.361,7.367,7.368,7.368,7.370,-56.268,2157.000
2.731,2.735,2.736,2.736,2.737,7.375,7.370,7.373,7.370,7.371,-55.661,2158.000
2.729,2.728,2.729,2.724,2.730,7.360,7.359,7.353,7.356,7.359,-55.661,2159.000
2.723,2.734,2.722,2.722,2.723,7.342,7.342,7.346,7.345,7.346,-55.130,2160.000
2.726,2.724,2.728,2.721,2.715,7.336,7.332,7.332,7.335,7.334,-55.130,2161.000
2.717,2.710,2.720,2.721,2.718,7.330,7.322,7.322,7.325,7.326,-55.402,2162.000
2.715,2.716,2.721,2.720,2.716,7.326,7.322,7.318,7.324,7.321,-55.402,2163.000
2.717,2.718,2.716,2.713,2.714,7.320,7.323,7.317,7.320,7.324,-54.964,2164.000
2.726,2.724,2.723,2.725,2.719,7.335,7.346,7.338,7.341,7.340,-54.964,2165.000
2.734,2.732,2.725,2.729,2.727,7.361,7.356,7.355,7.351,7.359,-56.034,2166.000
2.735,2.737,2.733,2.736,2.733,7.361,7.365,7.364,7.364,7.359,-56.034,2167.000
2.724,2.730,2.729,2.732,2.725,7.353,7.353,7.350,7.348,7.348,-56.203,2168.000
2.718,2.722,2.719,2.720,2.722,7.335,7.337,7.338,7.336,7.331,-56.203,2169.000
2.715,2.721,2.720,2.721,2.721,7.327,7.327,7.327,7.326,7.321,-55.670,2170.000
2.716,2.713,2.715,2.713,2.713,7.317,7.314,7.315,7.312,7.316,-55.670,2171.000
2.710,2.710,2.711,2.711,2.715,7.308,7.313,7.313,7.308,7.312,-55.867,2172.000
2.714,2.709,2.715,2.715,2.712,7.304,7.313,7.312,7.308,7.311,-55.867,2173.000
2.709,2.714,2.716,2.713,2.710,7.307,7.307,7.313,7.307,7.310,-56.056,2174.000
2.709,2.710,2.708,2.712,2.713,7.307,7.303,7.309,7.307,7.311,-56.056,2175.000
2.712,2.710,2.715,2.708,2.712,7.307,7.305,7.304,7.303,7.307,-55.377,2176.000
2.709,2.711,2.709,2.713,2.716,7.310,7.309,7.311,7.306,7.311,-55.377,2177.000
2.717,2.712,2.715,2.715,2.710,7.312,7.309,7.312,7.310,7.314,-55.254,2178.000
2.710,2.716,2.713,2.712,2.708,7.314,7.316,7.308,7.314,7.310,-55.254,2179.000
2.716,2.719,2.708,2.712,2.714,7.317,7.315,7.311,7.310,7.310,-55.205,2180.000
2.717,2.713,2.715,2.717,2.714,7.315,7.314,7.308,7.309,7.305,-55.205,2181.000
2.716,2.719,2.714,2.712,2.711,7.308,7.309,7.308,7.306,7.307,-55.579,2182.000
2.714,2.713,2.719,2.717,2.720,7.317,7.318,7.313,7.315,7.313,-55.579,2183.000
2.718,2.715,2.717,2.712,2.717,7.318,7.314,7.319,7.317,7.316,-54.979,2184.000
2.716,2.717,2.716,2.716,2.715,7.323,7.327,7.325,7.322,7.323,-54.979,2185.000
2.725,2.726,2.722,2.721,2.717,7.336,7.333,7.335,7.337,7.333,-54.077,2186.000
2.726,2.723,2.718,2.721,2.720,7.338,7.337,7.332,7.335,7.331,-54.077,2187.000
2.725,2.724,2.728,2.729,2.726,7.341,7.339,7.346,7.346,7.347,-53.398,2188.000
2.728,2.725,2.726,2.732,2.730,7.358,7.353,7.356,7.356,7.352,-53.398,2189.000
2.728,2.724,2.725,2.731,2.726,7.359,7.347,7.355,7.352,7.355,-52.659,2190.000
2.736,2.723,2.734,2.726,2.727,7.360,7.359,7.365,7.359,7.357,-52.659,2191.000
2.735,2.728,2.729,2.725,2.725,7.360,7.365,7.360,7.360,7.359,-52.692,2192.000
2.729,2.730,2.733,2.732,2.728,7.365,7.360,7.363,7.364,7.362,-52.692,2193.000
2.733,2.728,2.725,2.731,2.732,7.368,7.364,7.363,7.361,7.364,-52.195,2194.000
2.725,2.727,2.728,2.723,2.726,7.362,7.359,7.361,7.355,7.361,-52.195,2195.000
2.734,2.729,2.724,2.734,2.732,7.356,7.359,7.357,7.356,7.354,-52.384,2196.000
2.730,2.726,2.731,2.725,2.730,7.349,7.356,7.352,7.350,7.347,-52.384,2197.000
2.730,2.725,2.724,2.725,2.729,7.353,7.353,7.351,7.347,7.352,-52.957,2198.000
2.726,2.729,2.723,2.721,2.724,7.350,7.347,7.351,7.349,7.350,-52.957,2199.000
2.728,2.724,2.725,2.728,2.726,7.350,7.350,7.352,7.356,7.353,-54.008,2200.000
2.734,2.729,2.730,2.729,2.733,7.356,7.357,7.356,7.358,7.357,-54.008,2201.000
2.736,2.732,2.734,2.730,2.728,7.358,7.361,7.359,7.362,7.363,-54.118,2202.000
2.731,2.736,2.728,2.729,2.732,7.366,7.360,7.360,7.364,7.363,-54.118,2203.000
2.730,2.727,2.732,2.730,2.730,7.363,7.362,7.364,7.363,7.364,-54.118,2204.000
2.730,2.731,2.729,2.730,2.732,7.364,7.365,7.365,7.365,7.362,-54.808,2205.000
2.730,2.725,2.737,2.735,2.729,7.365,7.359,7.363,7.364,7.364,-54.808,2206.000
2.726,2.728,2.733,2.727,2.729,7.362,7.359,7.359,7.360,7.358,-54.808,2207.000
2.730,2.732,2.723,2.728,2.725,7.358,7.362,7.358,7.355,7.355,-54.968,2208.000
2.723,2.726,2.722,2.721,2.733,7.352,7.356,7.353,7.350,7.358,-54.968,2209.000
2.726,2.724,2.724,2.728,2.728,7.351,7.353,7.353,7.355,7.348,-55.238,2210.000
2.724,2.721,2.722,2.723,2.725,7.353,7.350,7.348,7.352,7.347,-55.238,2211.000
2.722,2.721,2.726,2.726,2.717,7.347,7.350,7.349,7.348,7.342,-55.900,2212.000
2.732,2.720,2.725,2.723,2.723,7.346,7.341,7.348,7.349,7.350,-55.900,2213.000
2.717,2.722,2.722,2.726,2.723,7.346,7.345,7.351,7.342,7.346,-55.648,2214.000
2.717,2.721,2.711,2.721,2.717,7.341,7.341,7.338,7.343,7.342,-55.648,2215.000
2.717,2.718,2.721,2.720,2.720,7.337,7.342,7.335,7.337,7.332,-55.219,2216.000
2.720,2.714,2.718,2.716,2.712,7.323,7.325,7.327,7.324,7.328,-55.219,2217.000
2.713,2.707,2.714,2.710,2.712,7.321,7.318,7.314,7.316,7.315,-55.087,2218.000
2.714,2.711,2.711,2.716,2.709,7.313,7.311,7.311,7.312,7.311,-55.087,2219.000
2.705,2.709,2.707,2.705,2.706,7.306,7.302,7.306,7.308,7.311,-55.491,2220.000
2.703,2.708,2.707,2.702,2.707,7.308,7.308,7.306,7.309,7.308,-55.491,2221.000
2.705,2.707,2.711,2.709,2.709,7.308,7.309,7.309,7.308,7.307,-55.216,2222.000
2.704,2.709,2.703,2.711,2.705,7.309,7.303,7.304,7.296,7.301,-55.216,2223.000
2.700,2.701,2.700,2.704,2.704,7.290,7.291,7.287,7.286,7.286,-54.981,2224.000
2.689,2.691,2.691,2.693,2.689,7.264,7.266,7.264,7.267,7.261,-54.981,2225.000
2.680,2.684,2.681,2.683,2.680,7.248,7.246,7.248,7.245,7.246,-54.927,2226.000
2.679,2.686,2.680,2.685,2.683,7.242,7.241,7.237,7.243,7.239,-54.927,2227.000
2.685,2.679,2.681,2.689,2.679,7.240,7.238,7.237,7.235,7.240,-55.205,2228.000
2.677,2.674,2.674,2.681,2.682,7.229,7.223,7.224,7.222,7.225,-55.205,2229.000
2.680,2.680,2.682,2.677,2.683,7.233,7.234,7.232,7.232,7.232,-55.149,2230.000
2.683,2.683,2.690,2.684,2.688,7.248,7.255,7.247,7.257,7.252,-55.149,2231.000
2.687,2.691,2.697,2.695,2.694,7.263,7.266,7.261,7.266,7.266,-55.660,2232.000
2.697,2.694,2.699,2.701,2.697,7.280,7.284,7.281,7.284,7.280,-55.660,2233.000
2.697,2.696,2.699,2.701,2.695,7.285,7.290,7.289,7.285,7.291,-56.290,2234.000
2.702,2.700,2.704,2.703,2.704,7.288,7.298,7.288,7.290,7.292,-56.290,2235.000
2.701,2.701,2.709,2.705,2.701,7.293,7.295,7.294,7.299,7.295,-55.755,2236.000
2.700,2.701,2.701,2.701,2.709,7.295,7.294,7.292,7.295,7.297,-55.755,2237.000
2.700,2.698,2.704,2.704,2.704,7.297,7.290,7.299,7.294,7.292,-54.874,2238.000
2.718,2.718,2.711,2.712,2.719,7.326,7.322,7.324,7.330,7.323,-54.874,2239.000
2.728,2.727,2.728,2.727,2.739,7.362,7.368,7.364,7.366,7.372,-55.733,2240.000
2.746,2.750,2.747,2.753,2.743,7.403,7.407,7.412,7.410,7.408,-55.733,2241.000
2.743,2.740,2.741,2.743,2.742,7.394,7.394,7.392,7.400,7.393,-55.789,2242.000
2.727,2.731,2.728,2.722,2.729,7.364,7.366,7.361,7.358,7.365,-55.789,2243.000
2.724,2.721,2.724,2.721,2.726,7.338,7.340,7.338,7.338,7.342,-54.948,2244.000
2.712,2.716,2.710,2.716,2.716,7.333,7.334,7.330,7.331,7.323,-54.948,2245.000
2.720,2.718,2.720,2.706,2.714,7.327,7.330,7.331,7.327,7.328,-56.141,2246.000
2.715,2.716,2.720,2.723,2.715,7.337,7.337,7.337,7.339,7.335,-56.141,2247.000
2.720,2.720,2.728,2.719,2.719,7.350,7.345,7.341,7.345,7.346,-55.988,2248.000
2.729,2.724,2.726,2.720,2.719,7.353,7.351,7.352,7.351,7.353,-55.988,2249.000
2.725,2.721,2.721,2.722,2.722,7.351,7.354,7.352,7.352,7.353,-56.512,2250.000
2.725,2.722,2.728,2.720,2.724,7.354,7.352,7.352,7.354,7.356,-56.512,2251.000
2.723,2.727,2.720,2.726,2.723,7.346,7.349,7.348,7.353,7.353,-55.990,2252.000
2.725,2.728,2.721,2.720,2.720,7.343,7.339,7.344,7.345,7.343,-55.990,2253.000
2.714,2.715,2.715,2.719,2.718,7.340,7.335,7.339,7.336,7.339,-55.786,2254.000
2.716,2.722,2.714,2.716,2.716,7.328,7.328,7.324,7.329,7.332,-55.786,2255.000
2.715,2.718,2.716,2.710,2.716,7.327,7.324,7.326,7.323,7.327,-55.786,2256.000
2.712,2.716,2.712,2.707,2.710,7.319,7.326,7.321,7.317,7.320,-55.957,2257.000
2.717,2.709,2.712,2.719,2.717,7.315,7.320,7.316,7.321,7.314,-55.957,2258.000
2.708,2.711,2.711,2.708,2.712,7.314,7.319,7.317,7.316,7.320,-55.254,2259.000
2.708,2.710,2.707,2.713,2.712,7.316,7.314,7.314,7.316,7.321,-55.254,2260.000
2.712,2.707,2.706,2.713,2.719,7.320,7.316,7.311,7.319,7.320,-55.652,2261.000
2.712,2.712,2.707,2.714,2.712,7.319,7.317,7.313,7.319,7.319,-55.652,2262.000
2.714,2.711,2.710,2.706,2.711,7.317,7.317,7.318,7.315,7.313,-55.167,2263.000
2.714,2.707,2.702,2.709,2.710,7.320,7.319,7.316,7.321,7.316,-55.167,2264.000
2.715,2.715,2.710,2.712,2.706,7.317,7.315,7.314,7.318,7.312,-55.069,2265.000
2.710,2.709,2.708,2.709,2.708,7.317,7.316,7.315,7.315,7.311,-55.069,2266.000
2.713,2.711,2.708,2.712,2.711,7.312,7.311,7.315,7.313,7.316,-55.486,2267.000
2.711,2.715,2.715,2.714,2.712,7.325,7.320,7.320,7.324,7.323,-55.486,2268.000
2.717,2.709,2.717,2.717,2.717,7.328,7.324,7.324,7.328,7.333,-55.900,2269.000
2.719,2.720,2.717,2.719,2.718,7.341,7.342,7.340,7.338,7.336,-55.900,2270.000
2.720,2.719,2.729,2.722,2.717,7.346,7.347,7.348,7.346,7.349,-55.609,2271.000
2.722,2.725,2.724,2.723,2.725,7.355,7.347,7.352,7.349,7.347,-55.609,2272.000
2.716,2.716,2.724,2.719,2.725,7.353,7.352,7.351,7.354,7.347,-55.407,2273.000
2.728,2.720,2.720,2.725,2.720,7.357,7.353,7.355,7.355,7.352,-55.407,2274.000
2.730,2.722,2.722,2.721,2.727,7.354,7.359,7.360,7.354,7.354,-55.101,2275.000
2.729,2.723,2.725,2.724,2.720,7.350,7.355,7.356,7.358,7.360,-55.101,2276.000
2.720,2.727,2.715,2.720,2.726,7.357,7.359,7.365,7.363,7.360,-54.880,2277.000
2.720,2.728,2.715,2.727,2.728,7.355,7.360,7.357,7.359,7.359,-54.880,2278.000
2.726,2.728,2.723,2.734,2.723,7.366,7.360,7.361,7.361,7.358,-55.445,2279.000
2.725,2.722,2.723,2.727,2.726,7.362,7.362,7.362,7.364,7.359,-55.445,2280.000
2.732,2.725,2.724,2.722,2.728,7.363,7.359,7.356,7.359,7.358,-55.174,2281.000
2.730,2.728,2.727,2.723,2.724,7.363,7.366,7.360,7.360,7.363,-55.174,2282.000
2.724,2.724,2.725,2.732,2.730,7.361,7.363,7.366,7.363,7.364,-54.735,2283.000
2.724,2.726,2.726,2.728,2.727,7.361,7.366,7.362,7.363,7.361,-54.735,2284.000
2.726,2.729,2.730,2.722,2.723,7.362,7.361,7.363,7.360,7.360,-56.123,2285.000
2.726,2.725,2.728,2.731,2.728,7.357,7.363,7.359,7.362,7.358,-56.123,2286.000
2.724,2.728,2.721,2.723,2.723,7.357,7.353,7.355,7.354,7.356,-55.798,2287.000
2.724,2.723,2.725,2.726,2.722,7.352,7.346,7.352,7.353,7.353,-55.798,2288.000
2.725,2.725,2.724,2.722,2.719,7.348,7.351,7.356,7.344,7.348,-55.157,2289.000
2.721,2.718,2.724,2.724,2.718,7.347,7.352,7.349,7.347,7.348,-55.157,2290.000
2.715,2.725,2.720,2.714,2.713,7.346,7.346,7.347,7.341,7.350,-54.837,2291.000
2.717,2.715,2.717,2.722,2.713,7.344,7.343,7.342,7.346,7.344,-54.837,2292.000
2.723,2.724,2.725,2.718,2.716,7.346,7.347,7.345,7.344,7.343,-55.822,2293.000
2.719,2.715,2.720,2.717,2.721,7.350,7.344,7.349,7.349,7.348,-55.822,2294.000
2.722,2.723,2.721,2.724,2.720,7.347,7.348,7.345,7.344,7.348,-56.065,2295.000
2.721,2.721,2.725,2.722,2.718,7.353,7.354,7.351,7.346,7.348,-56.065,2296.000
2.721,2.731,2.725,2.719,2.722,7.349,7.358,7.356,7.354,7.357,-55.757,2297.000
2.722,2.721,2.720,2.727,2.721,7.345,7.354,7.351,7.352,7.352,-55.757,2298.000
2.719,2.716,2.717,2.716,2.718,7.353,7.351,7.346,7.342,7.346,-55.369,2299.000
2.716,2.712,2.716,2.714,2.716,7.337,7.335,7.342,7.341,7.336,-55.369,2300.000
2.713,2.713,2.711,2.712,2.712,7.334,7.331,7.328,7.333,7.331,-55.443,2301.000
2.707,2.707,2.708,2.704,2.704,7.325,7.323,7.320,7.315,7.312,-55.443,2302.000
2.697,2.706,2.704,2.706,2.705,7.310,7.313,7.311,7.309,7.309,-56.154,2303.000
2.703,2.701,2.701,2.700,2.702,7.302,7.302,7.300,7.302,7.297,-56.154,2304.000
2.699,2.695,2.693,2.699,2.703,7.295,7.291,7.293,7.296,7.291,-55.289,2305.000
2.697,2.696,2.697,2.694,2.696,7.293,7.288,7.293,7.291,7.290,-55.289,2306.000
2.701,2.702,2.702,2.695,2.702,7.297,7.296,7.297,7.296,7.296,-55.293,2307.000
2.698,2.696,2.700,2.701,2.705,7.302,7.298,7.294,7.298,7.297,-55.293,2308.000
2.705,2.706,2.703,2.706,2.699,7.306,7.304,7.306,7.303,7.303,-55.593,2309.000
2.703,2.703,2.706,2.705,2.708,7.305,7.304,7.305,7.304,7.306,-55.593,2310.000
2.702,2.704,2.705,2.703,2.705,7.312,7.311,7.312,7.313,7.312,-55.883,2311.000
2.707,2.704,2.709,2.706,2.700,7.310,7.311,7.308,7.317,7.310,-55.883,2312.000
2.709,2.708,2.708,2.707,2.703,7.307,7.315,7.315,7.315,7.318,-55.742,2313.000
2.710,2.706,2.709,2.704,2.711,7.319,7.318,7.322,7.318,7.318,-55.742,2314.000
2.711,2.716,2.707,2.707,2.707,7.320,7.317,7.321,7.317,7.318,-55.102,2315.000
2.708,2.720,2.707,2.713,2.702,7.323,7.318,7.322,7.319,7.324,-55.102,2316.000
2.712,2.716,2.711,2.712,2.711,7.320,7.318,7.325,7.321,7.321,-55.056,2317.000
2.712,2.712,2.712,2.712,2.711,7.321,7.321,7.321,7.322,7.320,-55.056,2318.000
2.712,2.713,2.711,2.708,2.711,7.324,7.321,7.323,7.321,7.321,-55.663,2319.000
2.711,2.717,2.711,2.711,2.706,7.319,7.321,7.320,7.321,7.324,-55.663,2320.000
2.709,2.712,2.708,2.714,2.707,7.317,7.319,7.321,7.323,7.327,-56.838,2321.000
2.708,2.701,2.703,2.707,2.705,7.310,7.312,7.315,7.316,7.315,-56.838,2322.000
2.703,2.714,2.710,2.701,2.706,7.309,7.313,7.310,7.305,7.310,-55.912,2323.000
2.707,2.702,2.700,2.704,2.706,7.295,7.299,7.301,7.302,7.300,-55.912,2324.000
2.708,2.703,2.707,2.698,2.703,7.294,7.292,7.296,7.298,7.294,-55.866,2325.000
2.697,2.700,2.701,2.697,2.701,7.288,7.283,7.287,7.288,7.290,-55.866,2326.000
2.699,2.695,2.695,2.693,2.701,7.282,7.287,7.284,7.285,7.284,-56.087,2327.000
2.688,2.700,2.696,2.693,2.697,7.276,7.284,7.281,7.278,7.278,-56.087,2328.000
2.691,2.690,2.691,2.693,2.691,7.276,7.276,7.270,7.277,7.271,-55.995,2329.000
2.694,2.695,2.691,2.694,2.692,7.279,7.276,7.269,7.275,7.271,-55.995,2330.000
2.692,2.695,2.695,2.689,2.691,7.280,7.273,7.276,7.270,7.273,-55.998,2331.000
2.697,2.696,2.694,2.694,2.691,7.278,7.279,7.274,7.273,7.278,-55.998,2332.000
2.691,2.702,2.702,2.697,2.694,7.274,7.280,7.279,7.279,7.277,-56.212,2333.000
2.691,2.695,2.692,2.700,2.696,7.273,7.277,7.273,7.275,7.275,-56.212,2334.000
2.696,2.696,2.694,2.692,2.691,7.278,7.272,7.278,7.275,7.274,-56.529,2335.000
2.696,2.691,2.690,2.690,2.691,7.274,7.277,7.279,7.274,7.274,-56.529,2336.000
2.695,2.700,2.694,2.697,2.697,7.272,7.271,7.274,7.279,7.277,-57.344,2337.000
2.689,2.692,2.694,2.694,2.690,7.263,7.271,7.269,7.266,7.273,-57.344,2338.000
2.692,2.683,2.691,2.693,2.687,7.272,7.264,7.265,7.270,7.271,-56.753,2339.000
2.688,2.691,2.691,2.686,2.689,7.260,7.262,7.258,7.258,7.258,-56.753,2340.000
2.688,2.685,2.682,2.685,2.685,7.260,7.258,7.261,7.266,7.264,-55.989,2341.000
2.691,2.686,2.687,2.685,2.684,7.265,7.266,7.267,7.262,7.261,-55.989,2342.000
2.686,2.688,2.692,2.690,2.689,7.271,7.270,7.266,7.271,7.275,-55.907,2343.000
2.693,2.694,2.686,2.696,2.693,7.275,7.275,7.279,7.279,7.280,-55.907,2344.000
2.699,2.686,2.698,2.694,2.691,7.282,7.283,7.285,7.283,7.281,-56.291,2345.000
2.688,2.694,2.693,2.694,2.694,7.287,7.287,7.290,7.289,7.290,-56.291,2346.000
2.695,2.695,2.694,2.695,2.699,7.290,7.291,7.289,7.291,7.288,-56.046,2347.000
2.694,2.691,2.698,2.690,2.692,7.290,7.284,7.294,7.291,7.292,-56.046,2348.000
2.692,2.687,2.690,2.693,2.697,7.290,7.291,7.287,7.288,7.285,-55.735,2349.000
2.691,2.691,2.693,2.692,2.691,7.284,7.285,7.284,7.285,7.282,-55.735,2350.000
2.690,2.687,2.684,2.691,2.685,7.280,7.277,7.278,7.279,7.273,-55.463,2351.000
2.691,2.690,2.689,2.691,2.688,7.274,7.276,7.272,7.273,7.272,-55.463,2352.000
2.688,2.680,2.685,2.688,2.680,7.267,7.268,7.267,7.265,7.264,-55.258,2353.000
2.682,2.686,2.682,2.687,2.685,7.268,7.261,7.259,7.264,7.259,-55.258,2354.000
2.680,2.684,2.684,2.683,2.688,7.256,7.260,7.259,7.257,7.256,-55.312,2355.000
2.681,2.679,2.682,2.682,2.682,7.255,7.255,7.257,7.253,7.256,-55.312,2356.000
2.683,2.687,2.680,2.679,2.683,7.253,7.252,7.250,7.253,7.252,-55.552,2357.000
2.681,2.679,2.683,2.680,2.680,7.245,7.253,7.247,7.249,7.248,-55.552,2358.000
2.676,2.682,2.682,2.683,2.680,7.242,7.243,7.245,7.251,7.246,-55.767,2359.000
2.685,2.680,2.684,2.683,2.678,7.240,7.241,7.241,7.245,7.247,-55.767,2360.000
2.682,2.674,2.683,2.677,2.676,7.242,7.241,7.242,7.246,7.240,-56.077,2361.000
2.686,2.680,2.679,2.685,2.677,7.238,7.243,7.243,7.246,7.240,-56.077,2362.000
2.683,2.685,2.686,2.680,2.673,7.245,7.245,7.243,7.245,7.244,-55.651,2363.000
2.684,2.679,2.685,2.682,2.685,7.245,7.244,7.244,7.242,7.241,-55.651,2364.000
2.679,2.684,2.690,2.684,2.688,7.248,7.248,7.247,7.246,7.245,-55.391,2365.000
2.682,2.682,2.684,2.685,2.686,7.249,7.248,7.248,7.242,7.244,-55.391,2366.000
2.682,2.683,2.685,2.687,2.684,7.247,7.252,7.247,7.245,7.243,-55.811,2367.000
2.687,2.688,2.682,2.691,2.686,7.242,7.241,7.239,7.242,7.242,-55.811,2368.000
2.678,2.684,2.682,2.685,2.686,7.235,7.237,7.239,7.233,7.238,-55.803,2369.000
2.683,2.681,2.682,2.675,2.682,7.225,7.233,7.229,7.229,7.232,-55.803,2370.000
2.684,2.679,2.673,2.679,2.680,7.228,7.224,7.227,7.226,7.223,-56.556,2371.000
2.677,2.679,2.674,2.675,2.678,7.219,7.223,7.218,7.224,7.217,-56.556,2372.000
2.678,2.672,2.679,2.679,2.676,7.217,7.221,7.221,7.219,7.215,-56.205,2373.000
2.677,2.677,2.680,2.678,2.678,7.212,7.212,7.211,7.212,7.210,-56.205,2374.000
2.675,2.670,2.675,2.671,2.671,7.208,7.204,7.203,7.206,7.208,-56.443,2375.000
2.672,2.674,2.672,2.674,2.671,7.200,7.201,7.203,7.201,7.206,-56.443,2376.000
2.671,2.673,2.674,2.671,2.668,7.202,7.198,7.204,7.206,7.201,-55.599,2377.000
2.670,2.672,2.673,2.671,2.667,7.203,7.203,7.200,7.199,7.198,-55.599,2378.000
2.672,2.672,2.676,2.674,2.670,7.202,7.199,7.196,7.199,7.201,-55.363,2379.000
2.662,2.673,2.674,2.672,2.674,7.201,7.202,7.196,7.199,7.202,-55.363,2380.000
2.677,2.671,2.667,2.670,2.681,7.208,7.202,7.204,7.200,7.206,-55.836,2381.000
2.676,2.680,2.670,2.675,2.671,7.208,7.213,7.212,7.205,7.209,-55.836,2382.000
2.676,2.676,2.674,2.675,2.679,7.209,7.212,7.210,7.210,7.214,-55.836,2383.000
2.671,2.678,2.677,2.671,2.675,7.214,7.213,7.212,7.217,7.214,-56.185,2384.000
2.679,2.677,2.674,2.675,2.683,7.217,7.221,7.216,7.219,7.216,-56.185,2385.000
2.679,2.680,2.681,2.677,2.680,7.223,7.215,7.218,7.218,7.218,-56.185,2386.000
2.679,2.676,2.677,2.678,2.681,7.225,7.221,7.223,7.223,7.226,-55.702,2387.000
2.681,2.679,2.684,2.678,2.680,7.225,7.226,7.226,7.229,7.229,-55.702,2388.000
2.681,2.686,2.683,2.684,2.680,7.232,7.232,7.229,7.229,7.226,-55.702,2389.000
2.685,2.683,2.682,2.682,2.681,7.228,7.229,7.233,7.231,7.227,-55.820,2390.000
2.686,2.687,2.679,2.684,2.678,7.230,7.228,7.233,7.223,7.227,-55.820,2391.000
2.681,2.675,2.682,2.684,2.687,7.230,7.236,7.226,7.227,7.237,-55.820,2392.000
2.679,2.686,2.691,2.684,2.686,7.235,7.233,7.231,7.233,7.230,-56.169,2393.000
2.681,2.684,2.686,2.689,2.681,7.237,7.231,7.232,7.223,7.234,-56.169,2394.000
2.685,2.687,2.680,2.685,2.681,7.232,7.233,7.235,7.234,7.232,-55.736,2395.000
2.687,2.686,2.682,2.677,2.685,7.234,7.234,7.231,7.231,7.238,-55.736,2396.000
2.684,2.690,2.688,2.685,2.685,7.235,7.238,7.235,7.237,7.239,-55.544,2397.000
2.686,2.684,2.685,2.684,2.690,7.237,7.237,7.236,7.236,7.237,-55.544,2398.000
2.689,2.693,2.692,2.689,2.688,7.238,7.239,7.238,7.244,7.238,-55.135,2399.000
2.687,2.688,2.688,2.691,2.693,7.247,7.244,7.246,7.245,7.245,-55.135,2400.000
2.694,2.692,2.691,2.693,2.689,7.248,7.248,7.251,7.250,7.248,-55.287,2401.000
2.690,2.695,2.690,2.696,2.695,7.256,7.251,7.250,7.255,7.254,-55.287,2402.000
2.692,2.691,2.695,2.690,2.690,7.258,7.252,7.252,7.256,7.257,-55.092,2403.000
2.694,2.696,2.690,2.700,2.701,7.258,7.252,7.259,7.263,7.262,-55.092,2404.000
2.697,2.702,2.699,2.701,2.702,7.263,7.262,7.264,7.264,7.262,-55.193,2405.000
2.702,2.701,2.698,2.700,2.701,7.265,7.264,7.262,7.268,7.269,-55.193,2406.000
2.695,2.698,2.700,2.700,2.699,7.269,7.268,7.274,7.267,7.273,-54.921,2407.000
2.699,2.702,2.704,2.698,2.704,7.271,7.270,7.270,7.269,7.267,-54.921,2408.000
2.705,2.703,2.705,2.700,2.706,7.275,7.273,7.274,7.274,7.275,-55.322,2409.000
2.709,2.702,2.694,2.703,2.707,7.273,7.278,7.276,7.279,7.280,-55.322,2410.000
2.702,2.707,2.704,2.703,2.708,7.280,7.281,7.278,7.282,7.282,-55.239,2411.000
2.710,2.707,2.710,2.701,2.707,7.286,7.282,7.283,7.279,7.281,-55.239,2412.000
2.711,2.706,2.707,2.706,2.713,7.281,7.281,7.279,7.287,7.279,-55.823,2413.000
2.704,2.706,2.714,2.706,2.705,7.286,7.283,7.281,7.284,7.284,-55.823,2414.000
2.706,2.707,2.707,2.703,2.709,7.280,7.286,7.291,7.280,7.280,-55.192,2415.000
2.705,2.703,2.706,2.705,2.704,7.281,7.284,7.280,7.281,7.281,-55.192,2416.000
2.707,2.706,2.706,2.702,2.701,7.279,7.278,7.279,7.284,7.283,-54.764,2417.000
2.710,2.704,2.703,2.700,2.698,7.278,7.278,7.279,7.278,7.277,-54.764,2418.000
2.699,2.701,2.705,2.697,2.699,7.273,7.271,7.271,7.274,7.269,-54.970,2419.000
2.696,2.697,2.695,2.702,2.699,7.266,7.265,7.262,7.269,7.266,-54.970,2420.000
2.694,2.701,2.696,2.699,2.698,7.265,7.265,7.263,7.261,7.264,-55.229,2421.000
2.692,2.690,2.693,2.699,2.694,7.264,7.258,7.256,7.261,7.258,-55.229,2422.000
2.694,2.694,2.693,2.700,2.697,7.264,7.262,7.259,7.263,7.262,-54.573,2423.000
2.693,2.697,2.694,2.692,2.696,7.260,7.265,7.256,7.256,7.260,-54.573,2424.000
2.695,2.697,2.698,2.691,2.696,7.263,7.263,7.263,7.261,7.257,-54.901,2425.000
2.692,2.692,2.691,2.696,2.690,7.260,7.259,7.261,7.261,7.254,-54.901,2426.000
2.687,2.696,2.691,2.698,2.691,7.258,7.255,7.258,7.265,7.257,-55.427,2427.000
2.696,2.686,2.691,2.692,2.690,7.258,7.257,7.258,7.260,7.258,-55.427,2428.000
2.694,2.693,2.698,2.695,2.696,7.255,7.260,7.254,7.262,7.261,-54.852,2429.000
2.699,2.692,2.692,2.695,2.692,7.261,7.262,7.260,7.266,7.262,-54.852,2430.000
2.694,2.694,2.689,2.695,2.698,7.265,7.262,7.262,7.260,7.263,-55.385,2431.000
2.693,2.700,2.701,2.697,2.701,7.271,7.269,7.269,7.271,7.268,-55.385,2432.000
2.697,2.696,2.700,2.701,2.688,7.273,7.275,7.273,7.271,7.273,-54.721,2433.000
2.703,2.696,2.698,2.704,2.703,7.272,7.278,7.280,7.281,7.281,-54.721,2434.000
2.699,2.699,2.701,2.704,2.703,7.280,7.282,7.288,7.283,7.288,-55.476,2435.000
2.700,2.701,2.708,2.697,2.707,7.287,7.288,7.290,7.286,7.295,-55.476,2436.000
2.703,2.709,2.708,2.702,2.703,7.293,7.292,7.292,7.293,7.292,-55.428,2437.000
2.714,2.706,2.708,2.706,2.702,7.300,7.299,7.298,7.295,7.299,-55.428,2438.000
2.711,2.707,2.712,2.708,2.705,7.299,7.299,7.303,7.301,7.302,-55.580,2439.000
2.708,2.705,2.712,2.706,2.706,7.301,7.297,7.299,7.296,7.297,-55.580,2440.000
2.703,2.706,2.706,2.705,2.708,7.298,7.298,7.293,7.300,7.300,-55.442,2441.000
2.704,2.704,2.706,2.706,2.708,7.294,7.297,7.298,7.297,7.295,-55.442,2442.000
2.705,2.705,2.710,2.704,2.703,7.296,7.290,7.295,7.294,7.292,-55.797,2443.000
2.703,2.707,2.699,2.710,2.704,7.297,7.293,7.294,7.292,7.293,-55.797,2444.000
2.699,2.704,2.710,2.702,2.709,7.292,7.291,7.297,7.293,7.293,-55.914,2445.000
2.705,2.703,2.698,2.706,2.701,7.290,7.287,7.289,7.288,7.288,-55.914,2446.000
2.704,2.703,2.705,2.705,2.703,7.288,7.286,7.289,7.280,7.286,-55.347,2447.000
2.704,2.707,2.699,2.705,2.702,7.287,7.291,7.288,7.290,7.289,-55.347,2448.000
2.700,2.707,2.700,2.705,2.698,7.284,7.283,7.288,7.288,7.289,-55.198,2449.000
2.698,2.705,2.702,2.701,2.699,7.287,7.287,7.287,7.283,7.284,-55.198,2450.000
2.702,2.699,2.698,2.700,2.705,7.289,7.284,7.284,7.285,7.281,-55.238,2451.000
2.698,2.706,2.700,2.703,2.703,7.278,7.281,7.281,7.283,7.284,-55.238,2452.000
2.704,2.705,2.701,2.700,2.703,7.287,7.284,7.287,7.286,7.285,-55.368,2453.000
2.704,2.694,2.702,2.701,2.703,7.288,7.289,7.289,7.290,7.282,-55.368,2454.000
2.703,2.700,2.702,2.701,2.702,7.283,7.281,7.283,7.279,7.282,-55.311,2455.000
2.696,2.700,2.706,2.698,2.701,7.281,7.278,7.284,7.285,7.285,-55.311,2456.000
2.702,2.702,2.705,2.705,2.699,7.279,7.281,7.282,7.282,7.287,-55.715,2457.000
2.706,2.697,2.700,2.698,2.699,7.289,7.284,7.289,7.285,7.284,-55.715,2458.000
2.697,2.704,2.703,2.703,2.706,7.288,7.286,7.287,7.291,7.292,-55.601,2459.000
2.699,2.712,2.708,2.704,2.703,7.291,7.296,7.292,7.296,7.296,-55.601,2460.000
2.709,2.704,2.707,2.698,2.707,7.292,7.290,7.289,7.297,7.289,-55.193,2461.000
2.705,2.700,2.707,2.705,2.707,7.288,7.294,7.289,7.291,7.290,-55.193,2462.000
2.706,2.701,2.699,2.700,2.704,7.287,7.286,7.286,7.285,7.285,-55.998,2463.000
2.696,2.697,2.701,2.708,2.695,7.280,7.279,7.279,7.273,7.280,-55.998,2464.000
2.703,2.695,2.692,2.698,2.696,7.271,7.272,7.275,7.279,7.270,-55.733,2465.000
2.695,2.691,2.698,2.700,2.694,7.271,7.273,7.273,7.272,7.271,-55.733,2466.000
2.696,2.698,2.699,2.695,2.696,7.269,7.272,7.270,7.269,7.272,-55.159,2467.000
2.694,2.698,2.699,2.697,2.698,7.269,7.271,7.272,7.276,7.278,-55.159,2468.000
2.696,2.700,2.701,2.700,2.698,7.271,7.274,7.274,7.272,7.278,-54.689,2469.000
2.695,2.700,2.695,2.699,2.695,7.275,7.276,7.276,7.271,7.279,-54.689,2470.000
2.700,2.694,2.693,2.697,2.698,7.269,7.275,7.270,7.271,7.275,-55.184,2471.000
2.698,2.699,2.695,2.696,2.691,7.272,7.272,7.272,7.276,7.268,-55.184,2472.000
2.698,2.694,2.692,2.698,2.698,7.270,7.268,7.270,7.269,7.273,-54.010,2473.000
2.699,2.695,2.695,2.699,2.694,7.271,7.269,7.267,7.270,7.268,-54.010,2474.000
2.695,2.694,2.693,2.703,2.698,7.269,7.265,7.270,7.268,7.274,-52.550,2475.000
2.697,2.696,2.692,2.703,2.693,7.266,7.270,7.272,7.265,7.262,-52.550,2476.000
2.691,2.704,2.698,2.698,2.699,7.272,7.275,7.271,7.271,7.271,-51.578,2477.000
2.695,2.699,2.700,2.698,2.701,7.275,7.271,7.269,7.270,7.272,-51.578,2478.000
2.692,2.698,2.694,2.696,2.700,7.276,7.272,7.273,7.268,7.276,-51.944,2479.000
2.700,2.690,2.700,2.699,2.698,7.274,7.273,7.274,7.277,7.276,-51.944,2480.000
2.694,2.696,2.697,2.697,2.693,7.277,7.281,7.271,7.275,7.267,-54.072,2481.000
2.698,2.695,2.694,2.695,2.696,7.273,7.275,7.276,7.277,7.273,-54.072,2482.000
2.698,2.692,2.697,2.694,2.698,7.273,7.275,7.272,7.274,7.275,-54.119,2483.000
2.697,2.697,2.696,2.694,2.691,7.275,7.274,7.278,7.273,7.273,-54.119,2484.000
2.693,2.694,2.698,2.697,2.693,7.275,7.277,7.273,7.272,7.278,-54.506,2485.000
2.695,2.697,2.695,2.692,2.695,7.271,7.275,7.271,7.272,7.275,-54.506,2486.000
2.697,2.700,2.692,2.697,2.696,7.271,7.274,7.275,7.275,7.269,-54.345,2487.000
2.688,2.691,2.700,2.694,2.693,7.269,7.269,7.269,7.274,7.272,-54.345,2488.000
2.693,2.688,2.688,2.690,2.688,7.266,7.267,7.271,7.264,7.270,-54.536,2489.000
2.693,2.690,2.691,2.693,2.692,7.264,7.263,7.262,7.256,7.263,-54.536,2490.000
2.689,2.688,2.687,2.684,2.689,7.255,7.252,7.259,7.263,7.261,-55.036,2491.000
2.690,2.685,2.690,2.685,2.680,7.247,7.246,7.246,7.244,7.245,-55.036,2492.000
2.688,2.688,2.683,2.687,2.679,7.237,7.238,7.239,7.242,7.240,-55.677,2493.000
2.683,2.680,2.684,2.675,2.688,7.231,7.233,7.230,7.228,7.227,-55.677,2494.000
2.684,2.681,2.685,2.680,2.682,7.230,7.231,7.227,7.231,7.232,-55.497,2495.000
2.677,2.681,2.684,2.677,2.684,7.237,7.235,7.233,7.232,7.234,-55.497,2496.000
2.685,2.685,2.687,2.686,2.690,7.240,7.248,7.251,7.238,7.245,-55.395,2497.000
2.693,2.691,2.689,2.690,2.695,7.256,7.258,7.255,7.253,7.256,-55.395,2498.000
2.697,2.691,2.690,2.690,2.692,7.256,7.252,7.253,7.250,7.246,-55.491,2499.000
2.681,2.686,2.682,2.685,2.679,7.243,7.236,7.239,7.230,7.232,-55.491,2500.000
2.682,2.680,2.673,2.676,2.679,7.227,7.227,7.222,7.226,7.225,-55.382,2501.000
2.678,2.686,2.677,2.675,2.675,7.226,7.224,7.232,7.224,7.232,-55.382,2502.000
2.679,2.682,2.677,2.677,2.676,7.227,7.224,7.223,7.228,7.226,-55.643,2503.000
2.685,2.685,2.677,2.682,2.674,7.229,7.236,7.230,7.229,7.227,-55.643,2504.000
2.681,2.684,2.679,2.677,2.677,7.225,7.229,7.224,7.227,7.233,-55.614,2505.000
2.675,2.673,2.672,2.678,2.683,7.222,7.212,7.218,7.214,7.218,-55.614,2506.000
2.669,2.673,2.675,2.679,2.675,7.211,7.212,7.211,7.214,7.215,-54.963,2507.000
2.671,2.677,2.671,2.673,2.675,7.209,7.207,7.208,7.207,7.208,-54.963,2508.000
2.671,2.673,2.672,2.674,2.677,7.213,7.205,7.209,7.203,7.211,-54.652,2509.000
2.671,2.676,2.669,2.673,2.672,7.208,7.211,7.209,7.215,7.213,-54.652,2510.000
2.671,2.676,2.675,2.675,2.676,7.205,7.207,7.207,7.204,7.203,-54.799,2511.000
2.672,2.675,2.674,2.678,2.678,7.211,7.209,7.210,7.203,7.203,-54.799,2512.000
2.675,2.674,2.672,2.672,2.673,7.206,7.209,7.209,7.210,7.208,-54.926,2513.000
2.671,2.674,2.671,2.675,2.675,7.208,7.213,7.209,7.204,7.212,-54.926,2514.000
2.673,2.674,2.669,2.673,2.677,7.210,7.218,7.206,7.209,7.202,-55.119,2515.000
2.676,2.676,2.678,2.675,2.677,7.209,7.207,7.210,7.210,7.211,-55.119,2516.000
2.677,2.676,2.670,2.669,2.668,7.215,7.212,7.213,7.209,7.208,-54.857,2517.000
2.673,2.678,2.674,2.668,2.680,7.208,7.214,7.214,7.210,7.206,-54.857,2518.000
2.671,2.676,2.675,2.673,2.675,7.209,7.203,7.207,7.207,7.212,-55.370,2519.000
2.674,2.665,2.672,2.667,2.670,7.211,7.207,7.211,7.211,7.206,-55.370,2520.000
2.675,2.668,2.674,2.674,2.677,7.206,7.210,7.215,7.212,7.220,-54.983,2521.000
2.673,2.674,2.671,2.669,2.668,7.207,7.211,7.218,7.213,7.215,-54.983,2522.000
2.673,2.671,2.672,2.673,2.669,7.213,7.205,7.209,7.210,7.209,-54.686,2523.000
2.671,2.664,2.671,2.669,2.667,7.206,7.205,7.211,7.207,7.206,-54.686,2524.000
2.674,2.669,2.671,2.675,2.670,7.203,7.207,7.204,7.206,7.203,-55.698,2525.000
2.670,2.670,2.668,2.669,2.672,7.203,7.200,7.198,7.200,7.204,-55.698,2526.000
2.661,2.665,2.668,2.670,2.665,7.200,7.196,7.197,7.193,7.200,-56.071,2527.000
2.675,2.676,2.669,2.669,2.677,7.200,7.202,7.207,7.201,7.205,-56.071,2528.000
2.671,2.667,2.670,2.679,2.671,7.210,7.206,7.206,7.199,7.205,-55.714,2529.000
2.669,2.670,2.670,2.672,2.673,7.217,7.218,7.215,7.215,7.214,-55.714,2530.000
2.673,2.670,2.672,2.675,2.677,7.220,7.221,7.219,7.226,7.216,-55.184,2531.000
2.683,2.681,2.683,2.681,2.681,7.231,7.229,7.229,7.230,7.223,-55.184,2532.000
2.689,2.680,2.682,2.682,2.682,7.228,7.230,7.233,7.237,7.234,-53.214,2533.000
2.683,2.683,2.688,2.684,2.688,7.237,7.240,7.241,7.239,7.242,-53.214,2534.000
2.682,2.693,2.692,2.684,2.688,7.246,7.246,7.245,7.243,7.245,-52.449,2535.000
2.692,2.689,2.687,2.691,2.691,7.250,7.251,7.251,7.251,7.250,-52.449,2536.000
2.695,2.691,2.695,2.692,2.690,7.264,7.259,7.258,7.258,7.263,-51.772,2537.000
2.686,2.688,2.687,2.688,2.690,7.264,7.259,7.264,7.259,7.262,-51.772,2538.000
2.693,2.689,2.694,2.690,2.696,7.260,7.262,7.258,7.261,7.263,-52.465,2539.000
2.690,2.691,2.691,2.691,2.692,7.260,7.259,7.263,7.258,7.259,-52.465,2540.000
2.690,2.696,2.689,2.687,2.695,7.259,7.256,7.261,7.262,7.260,-52.585,2541.000
2.692,2.690,2.696,2.696,2.689,7.256,7.257,7.258,7.268,7.254,-52.585,2542.000
2.692,2.689,2.693,2.697,2.694,7.259,7.258,7.258,7.264,7.260,-53.453,2543.000
2.695,2.700,2.694,2.691,2.697,7.261,7.260,7.268,7.263,7.264,-53.453,2544.000
2.693,2.689,2.690,2.693,2.697,7.264,7.265,7.261,7.266,7.265,-53.616,2545.000
2.694,2.693,2.697,2.696,2.696,7.275,7.268,7.270,7.267,7.261,-53.616,2546.000
2.702,2.691,2.692,2.691,2.692,7.272,7.268,7.272,7.270,7.269,-54.159,2547.000
2.700,2.703,2.697,2.696,2.696,7.274,7.268,7.274,7.274,7.273,-54.159,2548.000
2.697,2.693,2.704,2.708,2.697,7.280,7.280,7.278,7.278,7.275,-55.253,2549.000
2.695,2.698,2.700,2.701,2.693,7.274,7.274,7.270,7.280,7.276,-55.253,2550.000
2.702,2.694,2.695,2.692,2.696,7.277,7.273,7.272,7.268,7.266,-55.576,2551.000
2.690,2.693,2.689,2.686,2.689,7.260,7.265,7.266,7.267,7.266,-55.576,2552.000
2.692,2.695,2.689,2.684,2.690,7.259,7.256,7.256,7.255,7.260,-55.339,2553.000
2.688,2.688,2.685,2.690,2.690,7.250,7.254,7.251,7.250,7.247,-55.339,2554.000
2.686,2.690,2.690,2.689,2.689,7.249,7.250,7.248,7.252,7.252,-55.543,2555.000
2.694,2.691,2.687,2.682,2.687,7.248,7.254,7.253,7.254,7.261,-55.543,2556.000
2.687,2.689,2.693,2.692,2.690,7.258,7.261,7.256,7.258,7.264,-55.233,2557.000
2.697,2.690,2.693,2.691,2.688,7.260,7.256,7.258,7.255,7.260,-55.233,2558.000
2.685,2.691,2.695,2.691,2.690,7.259,7.259,7.261,7.258,7.256,-54.982,2559.000
2.688,2.685,2.691,2.682,2.693,7.256,7.261,7.256,7.261,7.256,-54.982,2560.000
2.693,2.689,2.689,2.684,2.693,7.256,7.254,7.255,7.253,7.257,-55.050,2561.000
2.689,2.690,2.691,2.686,2.688,7.252,7.257,7.250,7.255,7.251,-55.050,2562.000
2.692,2.690,2.692,2.691,2.686,7.257,7.254,7.251,7.258,7.256,-54.900,2563.000
2.685,2.691,2.688,2.688,2.692,7.259,7.255,7.253,7.254,7.255,-54.900,2564.000
2.685,2.690,2.686,2.687,2.686,7.257,7.259,7.250,7.256,7.253,-54.799,2565.000
2.690,2.687,2.690,2.692,2.688,7.262,7.258,7.258,7.257,7.259,-54.799,2566.000
2.689,2.690,2.687,2.692,2.692,7.255,7.253,7.256,7.250,7.255,-54.604,2567.000
2.685,2.687,2.686,2.692,2.693,7.256,7.254,7.251,7.256,7.248,-54.604,2568.000
2.687,2.690,2.687,2.687,2.685,7.253,7.255,7.254,7.252,7.255,-54.709,2569.000
2.690,2.687,2.682,2.692,2.692,7.252,7.252,7.252,7.250,7.251,-54.709,2570.000
2.686,2.687,2.685,2.686,2.687,7.251,7.244,7.246,7.244,7.254,-54.464,2571.000
2.683,2.687,2.690,2.683,2.686,7.240,7.241,7.238,7.240,7.238,-54.464,2572.000
2.684,2.683,2.683,2.680,2.685,7.237,7.232,7.235,7.233,7.233,-53.897,2573.000
2.682,2.683,2.683,2.676,2.681,7.231,7.225,7.224,7.230,7.224,-53.897,2574.000
2.675,2.679,2.675,2.675,2.671,7.222,7.224,7.220,7.222,7.219,-54.073,2575.000
2.679,2.666,2.675,2.677,2.669,7.214,7.213,7.208,7.207,7.210,-54.073,2576.000
2.673,2.674,2.666,2.673,2.671,7.210,7.207,7.209,7.208,7.212,-54.658,2577.000
2.670,2.664,2.672,2.672,2.673,7.206,7.210,7.211,7.208,7.208,-54.658,2578.000
2.672,2.669,2.669,2.671,2.671,7.209,7.212,7.213,7.206,7.207,-54.448,2579.000
2.680,2.675,2.672,2.672,2.667,7.210,7.214,7.215,7.213,7.212,-54.448,2580.000
2.674,2.672,2.670,2.674,2.677,7.214,7.215,7.213,7.215,7.213,-54.224,2581.000
2.674,2.675,2.679,2.677,2.680,7.222,7.223,7.222,7.223,7.219,-54.224,2582.000
2.682,2.680,2.680,2.681,2.680,7.226,7.224,7.224,7.229,7.227,-53.960,2583.000
2.680,2.679,2.681,2.673,2.682,7.238,7.232,7.236,7.233,7.230,-53.960,2584.000
2.680,2.683,2.679,2.674,2.678,7.240,7.236,7.237,7.236,7.234,-53.906,2585.000
2.686,2.681,2.684,2.684,2.685,7.245,7.239,7.241,7.245,7.242,-53.906,2586.000
2.682,2.686,2.687,2.689,2.688,7.247,7.248,7.242,7.249,7.248,-54.092,2587.000
2.686,2.687,2.684,2.685,2.688,7.253,7.244,7.248,7.248,7.249,-54.092,2588.000
2.692,2.689,2.686,2.690,2.687,7.263,7.251,7.253,7.254,7.253,-54.487,2589.000
2.686,2.690,2.685,2.690,2.686,7.261,7.258,7.254,7.261,7.256,-54.487,2590.000
2.688,2.694,2.691,2.696,2.690,7.261,7.257,7.254,7.261,7.258,-55.383,2591.000
2.688,2.689,2.686,2.695,2.692,7.256,7.261,7.262,7.256,7.257,-55.383,2592.000
2.687,2.693,2.693,2.680,2.690,7.261,7.257,7.258,7.256,7.254,-54.313,2593.000
2.688,2.684,2.687,2.684,2.691,7.253,7.256,7.257,7.254,7.257,-54.313,2594.000
2.688,2.689,2.684,2.691,2.689,7.255,7.256,7.255,7.257,7.255,-55.279,2595.000
2.686,2.684,2.690,2.693,2.687,7.245,7.251,7.248,7.252,7.250,-55.279,2596.000
2.690,2.684,2.688,2.684,2.685,7.249,7.246,7.248,7.252,7.247,-54.829,2597.000
2.682,2.688,2.686,2.690,2.684,7.244,7.242,7.245,7.247,7.243,-54.829,2598.000
2.687,2.684,2.686,2.684,2.682,7.244,7.241,7.239,7.243,7.240,-54.900,2599.000
2.678,2.681,2.676,2.683,2.673,7.233,7.234,7.235,7.235,7.233,-54.900,2600.000
2.680,2.680,2.680,2.677,2.677,7.230,7.225,7.225,7.228,7.233,-54.713,2601.000
2.679,2.671,2.676,2.673,2.672,7.226,7.222,7.226,7.223,7.224,-54.713,2602.000
2.670,2.675,2.678,2.676,2.680,7.219,7.218,7.215,7.215,7.213,-54.859,2603.000
2.672,2.674,2.671,2.670,2.670,7.216,7.214,7.218,7.211,7.212,-54.859,2604.000
2.664,2.671,2.672,2.667,2.675,7.207,7.214,7.211,7.212,7.213,-55.630,2605.000
2.673,2.675,2.673,2.675,2.674,7.212,7.209,7.213,7.215,7.214,-55.630,2606.000
2.678,2.670,2.670,2.676,2.672,7.218,7.216,7.213,7.214,7.213,-55.852,2607.000
2.670,2.671,2.670,2.675,2.673,7.219,7.213,7.220,7.217,7.214,-55.852,2608.000
2.678,2.674,2.675,2.680,2.671,7.221,7.223,7.222,7.216,7.215,-55.045,2609.000
2.675,2.673,2.674,2.674,2.675,7.220,7.212,7.219,7.224,7.224,-55.045,2610.000
2.672,2.674,2.673,2.675,2.678,7.224,7.223,7.220,7.222,7.218,-55.325,2611.000
2.678,2.678,2.678,2.676,2.674,7.224,7.216,7.223,7.224,7.228,-55.325,2612.000
2.677,2.674,2.676,2.671,2.675,7.225,7.221,7.222,7.227,7.229,-55.080,2613.000
2.674,2.679,2.679,2.681,2.678,7.225,7.222,7.227,7.226,7.225,-55.080,2614.000
2.678,2.685,2.684,2.678,2.678,7.228,7.229,7.233,7.231,7.232,-54.281,2615.000
2.685,2.681,2.680,2.681,2.674,7.230,7.230,7.228,7.230,7.229,-54.281,2616.000
2.679,2.679,2.677,2.679,2.674,7.236,7.226,7.233,7.234,7.226,-55.177,2617.000
2.681,2.678,2.679,2.685,2.680,7.226,7.225,7.224,7.229,7.225,-55.177,2618.000
2.674,2.676,2.680,2.674,2.675,7.226,7.223,7.230,7.223,7.224,-54.403,2619.000
2.675,2.670,2.685,2.668,2.681,7.223,7.224,7.221,7.222,7.225,-54.403,2620.000
2.680,2.676,2.676,2.677,2.684,7.225,7.227,7.224,7.229,7.230,-54.028,2621.000
2.678,2.678,2.678,2.685,2.677,7.230,7.237,7.234,7.233,7.238,-54.028,2622.000
2.683,2.682,2.681,2.682,2.680,7.229,7.232,7.231,7.234,7.236,-54.350,2623.000
2.686,2.682,2.688,2.681,2.682,7.236,7.237,7.236,7.235,7.238,-54.350,2624.000
2.686,2.681,2.681,2.684,2.679,7.233,7.238,7.235,7.230,7.235,-54.660,2625.000
2.676,2.680,2.674,2.682,2.677,7.233,7.235,7.235,7.241,7.237,-54.660,2626.000
2.682,2.675,2.678,2.684,2.680,7.233,7.229,7.233,7.230,7.233,-55.201,2627.000
2.681,2.673,2.678,2.674,2.675,7.230,7.233,7.234,7.225,7.228,-55.201,2628.000
2.674,2.674,2.674,2.681,2.675,7.225,7.229,7.227,7.224,7.225,-55.132,2629.000
2.666,2.678,2.675,2.672,2.677,7.226,7.223,7.217,7.220,7.217,-55.132,2630.000
2.670,2.671,2.671,2.669,2.668,7.213,7.213,7.213,7.218,7.210,-55.794,2631.000
2.676,2.664,2.665,2.669,2.675,7.204,7.203,7.202,7.205,7.200,-55.794,2632.000
2.670,2.668,2.668,2.668,2.668,7.199,7.199,7.199,7.198,7.196,-55.551,2633.000
2.665,2.670,2.664,2.661,2.664,7.193,7.188,7.187,7.187,7.196,-55.551,2634.000
2.664,2.666,2.656,2.664,2.661,7.185,7.190,7.185,7.189,7.188,-55.017,2635.000
2.662,2.667,2.669,2.670,2.664,7.183,7.189,7.189,7.191,7.191,-55.017,2636.000
2.666,2.669,2.662,2.657,2.662,7.195,7.191,7.186,7.185,7.185,-55.194,2637.000
2.661,2.660,2.662,2.666,2.668,7.193,7.192,7.197,7.197,7.193,-55.194,2638.000
2.661,2.668,2.667,2.664,2.668,7.194,7.197,7.200,7.196,7.199,-55.041,2639.000
2.669,2.666,2.671,2.666,2.667,7.202,7.201,7.203,7.204,7.202,-55.041,2640.000
2.671,2.668,2.670,2.667,2.673,7.203,7.205,7.207,7.203,7.208,-54.649,2641.000
2.670,2.664,2.672,2.675,2.670,7.207,7.209,7.208,7.209,7.208,-54.649,2642.000
2.677,2.673,2.669,2.671,2.671,7.209,7.216,7.216,7.215,7.217,-55.169,2643.000
2.666,2.675,2.673,2.676,2.670,7.217,7.215,7.211,7.217,7.214,-55.169,2644.000
2.681,2.672,2.667,2.673,2.672,7.221,7.212,7.215,7.215,7.215,-54.652,2645.000
2.674,2.674,2.673,2.672,2.671,7.215,7.218,7.210,7.215,7.217,-54.652,2646.000
2.669,2.675,2.679,2.672,2.669,7.212,7.211,7.215,7.213,7.216,-54.387,2647.000
2.673,2.669,2.669,2.666,2.664,7.206,7.204,7.212,7.207,7.207,-54.387,2648.000
2.664,2.667,2.673,2.669,2.674,7.204,7.204,7.199,7.201,7.203,-54.850,2649.000
2.662,2.668,2.665,2.659,2.667,7.200,7.197,7.202,7.200,7.197,-54.850,2650.000
2.662,2.669,2.664,2.666,2.668,7.196,7.190,7.197,7.199,7.189,-55.086,2651.000
2.665,2.667,2.668,2.663,2.665,7.192,7.190,7.188,7.190,7.191,-55.086,2652.000
2.664,2.657,2.661,2.660,2.665,7.183,7.186,7.181,7.187,7.183,-54.662,2653.000
2.666,2.661,2.656,2.657,2.660,7.182,7.181,7.175,7.180,7.173,-54.662,2654.000
2.660,2.659,2.660,2.658,2.655,7.176,7.176,7.176,7.178,7.180,-55.195,2655.000
2.651,2.660,2.659,2.655,2.660,7.174,7.173,7.172,7.171,7.177,-55.195,2656.000
2.656,2.652,2.660,2.657,2.656,7.169,7.169,7.165,7.162,7.159,-55.530,2657.000
2.654,2.651,2.650,2.659,2.649,7.162,7.158,7.159,7.158,7.157,-55.530,2658.000
2.650,2.650,2.651,2.651,2.654,7.152,7.157,7.155,7.151,7.154,-55.773,2659.000
2.647,2.651,2.645,2.648,2.655,7.146,7.145,7.147,7.148,7.140,-55.773,2660.000
2.649,2.646,2.646,2.645,2.644,7.142,7.139,7.140,7.142,7.145,-55.130,2661.000
2.644,2.640,2.643,2.651,2.643,7.134,7.137,7.137,7.132,7.135,-55.130,2662.000
2.643,2.643,2.642,2.643,2.641,7.127,7.130,7.128,7.132,7.128,-55.292,2663.000
2.645,2.637,2.642,2.640,2.643,7.129,7.127,7.128,7.126,7.134,-55.292,2664.000
2.648,2.645,2.641,2.641,2.641,7.130,7.126,7.129,7.128,7.126,-55.722,2665.000
2.648,2.648,2.644,2.642,2.644,7.133,7.130,7.129,7.130,7.131,-55.722,2666.000
2.647,2.639,2.645,2.646,2.641,7.134,7.132,7.138,7.133,7.134,-55.134,2667.000
2.642,2.650,2.644,2.640,2.642,7.144,7.137,7.134,7.141,7.139,-55.134,2668.000
2.645,2.642,2.643,2.648,2.646,7.139,7.138,7.138,7.136,7.139,-54.838,2669.000
2.642,2.645,2.646,2.643,2.647,7.133,7.135,7.134,7.129,7.134,-54.838,2670.000
2.644,2.643,2.642,2.635,2.643,7.131,7.132,7.129,7.131,7.126,-55.038,2671.000
2.642,2.640,2.644,2.640,2.642,7.128,7.128,7.121,7.120,7.128,-55.038,2672.000
2.649,2.644,2.645,2.643,2.643,7.133,7.132,7.136,7.131,7.137,-54.729,2673.000
2.652,2.643,2.649,2.652,2.656,7.149,7.154,7.151,7.148,7.151,-54.729,2674.000
2.653,2.650,2.655,2.657,2.659,7.161,7.157,7.166,7.169,7.163,-55.231,2675.000
2.659,2.658,2.664,2.663,2.659,7.180,7.173,7.173,7.172,7.172,-55.231,2676.000
2.660,2.660,2.665,2.662,2.658,7.183,7.182,7.181,7.183,7.181,-55.231,2677.000
2.658,2.662,2.659,2.657,2.667,7.181,7.183,7.182,7.184,7.184,-54.124,2678.000
2.668,2.666,2.666,2.665,2.670,7.189,7.188,7.186,7.187,7.186,-54.124,2679.000
2.662,2.667,2.665,2.670,2.664,7.192,7.193,7.193,7.189,7.190,-54.124,2680.000
2.665,2.670,2.668,2.671,2.674,7.195,7.198,7.197,7.198,7.196,-54.572,2681.000
2.672,2.671,2.668,2.679,2.672,7.204,7.209,7.208,7.212,7.205,-54.572,2682.000
2.676,2.673,2.680,2.682,2.681,7.217,7.218,7.217,7.219,7.218,-54.561,2683.000
2.680,2.683,2.683,2.683,2.684,7.236,7.232,7.239,7.240,7.234,-54.561,2684.000
2.684,2.685,2.685,2.686,2.686,7.240,7.245,7.240,7.245,7.249,-54.724,2685.000
2.686,2.688,2.690,2.688,2.691,7.248,7.246,7.249,7.246,7.248,-54.724,2686.000
2.688,2.684,2.693,2.687,2.684,7.252,7.251,7.249,7.247,7.253,-55.275,2687.000
2.687,2.681,2.689,2.691,2.687,7.247,7.242,7.244,7.245,7.243,-55.275,2688.000
2.684,2.680,2.689,2.684,2.686,7.245,7.237,7.243,7.241,7.241,-54.967,2689.000
2.683,2.682,2.684,2.681,2.683,7.245,7.236,7.241,7.240,7.240,-54.967,2690.000
2.685,2.678,2.679,2.679,2.681,7.235,7.235,7.237,7.241,7.233,-54.900,2691.000
2.681,2.680,2.680,2.677,2.683,7.239,7.241,7.232,7.235,7.239,-54.900,2692.000
2.682,2.683,2.681,2.679,2.683,7.243,7.237,7.235,7.231,7.233,-54.689,2693.000
2.684,2.682,2.682,2.681,2.680,7.235,7.235,7.238,7.237,7.235,-54.689,2694.000
2.681,2.686,2.680,2.688,2.679,7.239,7.240,7.241,7.240,7.241,-55.333,2695.000
2.685,2.681,2.678,2.684,2.682,7.237,7.238,7.238,7.237,7.239,-55.333,2696.000
2.680,2.685,2.681,2.679,2.682,7.237,7.235,7.239,7.237,7.233,-55.611,2697.000
2.681,2.682,2.680,2.684,2.679,7.234,7.238,7.234,7.231,7.234,-55.611,2698.000
2.685,2.677,2.683,2.681,2.675,7.229,7.234,7.232,7.228,7.231,-55.791,2699.000
2.677,2.677,2.680,2.685,2.682,7.232,7.234,7.227,7.229,7.226,-55.791,2700.000
2.679,2.679,2.676,2.674,2.674,7.236,7.233,7.229,7.229,7.229,-55.046,2701.000
2.675,2.679,2.679,2.678,2.675,7.226,7.226,7.228,7.226,7.232,-55.046,2702.000
2.672,2.677,2.676,2.679,2.673,7.224,7.226,7.219,7.221,7.216,-55.258,2703.000
2.673,2.671,2.672,2.677,2.671,7.220,7.217,7.214,7.219,7.207,-55.258,2704.000
2.673,2.669,2.676,2.673,2.679,7.214,7.208,7.215,7.210,7.207,-55.742,2705.000
2.669,2.676,2.667,2.669,2.671,7.204,7.213,7.209,7.206,7.205,-55.742,2706.000
2.669,2.671,2.666,2.675,2.666,7.204,7.209,7.204,7.208,7.210,-55.532,2707.000
2.667,2.669,2.670,2.672,2.671,7.203,7.199,7.201,7.201,7.200,-55.532,2708.000
2.667,2.671,2.666,2.675,2.671,7.202,7.201,7.202,7.199,7.197,-55.827,2709.000
2.671,2.671,2.666,2.668,2.668,7.202,7.202,7.202,7.199,7.198,-55.827,2710.000
2.668,2.663,2.672,2.666,2.672,7.200,7.204,7.202,7.200,7.205,-55.323,2711.000
2.669,2.668,2.665,2.669,2.668,7.204,7.201,7.207,7.205,7.201,-55.323,2712.000
2.671,2.670,2.670,2.669,2.663,7.207,7.203,7.212,7.209,7.215,-54.876,2713.000
2.674,2.675,2.672,2.671,2.677,7.209,7.209,7.210,7.212,7.213,-54.876,2714.000
2.678,2.675,2.677,2.676,2.681,7.210,7.209,7.215,7.215,7.213,-55.695,2715.000
2.679,2.673,2.675,2.673,2.679,7.217,7.215,7.215,7.218,7.222,-55.695,2716.000
2.678,2.675,2.677,2.683,2.678,7.222,7.222,7.224,7.222,7.225,-55.059,2717.000
2.675,2.680,2.683,2.688,2.678,7.223,7.231,7.225,7.231,7.229,-55.059,2718.000
2.681,2.680,2.679,2.678,2.676,7.234,7.230,7.233,7.231,7.232,-56.062,2719.000
2.684,2.676,2.685,2.681,2.681,7.240,7.240,7.236,7.235,7.232,-56.062,2720.000
2.684,2.691,2.674,2.680,2.689,7.235,7.242,7.240,7.238,7.238,-54.672,2721.000
2.680,2.680,2.684,2.687,2.684,7.233,7.235,7.234,7.236,7.238,-54.672,2722.000
2.681,2.681,2.690,2.686,2.683,7.236,7.235,7.238,7.236,7.236,-54.074,2723.000
2.680,2.682,2.679,2.679,2.680,7.235,7.229,7.233,7.235,7.236,-54.074,2724.000
2.683,2.676,2.685,2.683,2.676,7.233,7.231,7.232,7.231,7.228,-54.432,2725.000
2.672,2.681,2.674,2.678,2.677,7.224,7.224,7.227,7.229,7.224,-54.432,2726.000
2.671,2.674,2.674,2.672,2.676,7.223,7.221,7.222,7.221,7.222,-55.619,2727.000
2.673,2.680,2.677,2.677,2.679,7.220,7.221,7.217,7.218,7.221,-55.619,2728.000
2.672,2.674,2.677,2.679,2.673,7.218,7.215,7.216,7.215,7.217,-56.201,2729.000
2.678,2.674,2.672,2.672,2.671,7.222,7.216,7.213,7.217,7.211,-56.201,2730.000
2.674,2.673,2.673,2.669,2.673,7.213,7.218,7.217,7.214,7.211,-55.881,2731.000
2.680,2.669,2.677,2.675,2.673,7.218,7.220,7.219,7.217,7.214,-55.881,2732.000
2.674,2.674,2.677,2.677,2.671,7.219,7.226,7.225,7.225,7.219,-55.758,2733.000
2.681,2.678,2.687,2.686,2.679,7.228,7.227,7.229,7.231,7.236,-55.758,2734.000
2.681,2.685,2.680,2.685,2.686,7.236,7.239,7.238,7.233,7.237,-55.442,2735.000
2.688,2.689,2.685,2.687,2.684,7.236,7.242,7.242,7.242,7.244,-55.442,2736.000
2.687,2.687,2.682,2.684,2.691,7.250,7.252,7.250,7.249,7.248,-55.648,2737.000
2.683,2.688,2.683,2.686,2.685,7.244,7.250,7.254,7.252,7.247,-55.648,2738.000
2.679,2.685,2.686,2.688,2.685,7.249,7.249,7.239,7.245,7.244,-55.876,2739.000
2.682,2.683,2.681,2.683,2.675,7.236,7.241,7.241,7.238,7.237,-55.876,2740.000
2.675,2.681,2.673,2.681,2.676,7.231,7.220,7.225,7.227,7.223,-55.912,2741.000
2.675,2.673,2.673,2.671,2.671,7.218,7.213,7.214,7.210,7.217,-55.912,2742.000
2.669,2.667,2.672,2.677,2.667,7.215,7.205,7.207,7.206,7.203,-55.597,2743.000
2.661,2.665,2.668,2.664,2.669,7.195,7.197,7.192,7.194,7.192,-55.597,2744.000
2.658,2.662,2.664,2.666,2.661,7.191,7.189,7.189,7.194,7.187,-55.072,2745.000
2.656,2.658,2.664,2.665,2.663,7.181,7.180,7.183,7.184,7.184,-55.072,2746.000
2.656,2.656,2.659,2.655,2.655,7.176,7.174,7.177,7.183,7.178,-54.538,2747.000
2.658,2.661,2.655,2.655,2.661,7.173,7.171,7.171,7.171,7.177,-54.538,2748.000
2.661,2.661,2.657,2.655,2.653,7.174,7.172,7.174,7.173,7.175,-55.567,2749.000
2.659,2.661,2.664,2.656,2.658,7.178,7.168,7.174,7.171,7.173,-55.567,2750.000
2.659,2.660,2.658,2.660,2.655,7.177,7.179,7.177,7.173,7.178,-55.757,2751.000
2.656,2.659,2.661,2.661,2.666,7.180,7.178,7.183,7.173,7.176,-55.757,2752.000
2.658,2.656,2.658,2.656,2.659,7.179,7.176,7.179,7.175,7.174,-54.990,2753.000
2.657,2.659,2.660,2.658,2.658,7.175,7.181,7.176,7.171,7.172,-54.990,2754.000
2.662,2.658,2.656,2.657,2.663,7.175,7.173,7.179,7.173,7.173,-54.480,2755.000
2.658,2.659,2.653,2.660,2.658,7.161,7.167,7.164,7.164,7.163,-54.480,2756.000
2.652,2.651,2.653,2.653,2.657,7.162,7.166,7.159,7.165,7.161,-54.960,2757.000
2.657,2.652,2.653,2.657,2.654,7.154,7.159,7.156,7.160,7.158,-54.960,2758.000
2.648,2.652,2.650,2.657,2.655,7.160,7.156,7.156,7.158,7.154,-54.804,2759.000
2.653,2.652,2.651,2.656,2.656,7.153,7.155,7.156,7.157,7.154,-54.804,2760.000
2.657,2.656,2.648,2.649,2.652,7.160,7.156,7.152,7.154,7.152,-54.895,2761.000
2.652,2.650,2.653,2.655,2.656,7.157,7.156,7.159,7.156,7.151,-54.895,2762.000
2.653,2.652,2.654,2.651,2.654,7.157,7.162,7.154,7.159,7.160,-54.379,2763.000
2.659,2.653,2.659,2.653,2.655,7.156,7.158,7.160,7.162,7.159,-54.379,2764.000
2.655,2.652,2.652,2.658,2.652,7.164,7.164,7.158,7.164,7.156,-55.109,2765.000
2.657,2.659,2.653,2.657,2.653,7.166,7.168,7.161,7.167,7.168,-55.109,2766.000
2.665,2.661,2.655,2.658,2.653,7.173,7.170,7.173,7.174,7.171,-54.735,2767.000
2.663,2.666,2.656,2.662,2.657,7.181,7.179,7.182,7.173,7.181,-54.735,2768.000
2.663,2.663,2.657,2.661,2.659,7.176,7.180,7.177,7.183,7.182,-54.382,2769.000
2.665,2.665,2.663,2.662,2.663,7.184,7.186,7.188,7.184,7.185,-54.382,2770.000
2.660,2.669,2.670,2.667,2.666,7.193,7.184,7.191,7.189,7.190,-54.232,2771.000
2.667,2.666,2.661,2.664,2.664,7.193,7.189,7.188,7.190,7.194,-54.232,2772.000
2.663,2.670,2.662,2.662,2.666,7.188,7.184,7.186,7.187,7.187,-54.967,2773.000
2.662,2.661,2.659,2.663,2.660,7.188,7.182,7.183,7.178,7.183,-54.967,2774.000
2.662,2.665,2.667,2.658,2.666,7.182,7.181,7.173,7.169,7.178,-54.452,2775.000
2.651,2.660,2.661,2.653,2.661,7.171,7.171,7.171,7.173,7.172,-54.452,2776.000
2.659,2.660,2.658,2.656,2.652,7.164,7.167,7.167,7.166,7.170,-54.418,2777.000
2.654,2.653,2.656,2.656,2.659,7.163,7.161,7.164,7.162,7.159,-54.418,2778.000
2.651,2.653,2.653,2.651,2.653,7.159,7.156,7.159,7.157,7.158,-54.065,2779.000
2.649,2.650,2.652,2.659,2.648,7.148,7.147,7.155,7.156,7.153,-54.065,2780.000
2.650,2.651,2.651,2.651,2.656,7.149,7.145,7.151,7.150,7.148,-53.944,2781.000
2.652,2.641,2.650,2.648,2.648,7.147,7.146,7.147,7.144,7.146,-53.944,2782.000
2.651,2.653,2.649,2.651,2.651,7.140,7.143,7.147,7.142,7.141,-54.574,2783.000
2.649,2.654,2.648,2.642,2.647,7.139,7.143,7.140,7.143,7.138,-54.574,2784.000
2.648,2.642,2.647,2.648,2.644,7.140,7.139,7.137,7.138,7.141,-54.770,2785.000
2.645,2.645,2.651,2.650,2.644,7.139,7.139,7.137,7.141,7.136,-54.770,2786.000
2.645,2.645,2.640,2.648,2.646,7.137,7.144,7.138,7.139,7.140,-54.314,2787.000
2.646,2.647,2.654,2.648,2.648,7.144,7.142,7.142,7.147,7.146,-54.314,2788.000
2.647,2.644,2.647,2.649,2.650,7.149,7.148,7.144,7.148,7.147,-54.637,2789.000
2.649,2.654,2.653,2.649,2.647,7.152,7.145,7.155,7.148,7.148,-54.637,2790.000
2.653,2.652,2.652,2.659,2.646,7.146,7.148,7.148,7.151,7.151,-53.925,2791.000
2.645,2.648,2.647,2.648,2.648,7.146,7.145,7.142,7.144,7.146,-53.925,2792.000
2.648,2.648,2.649,2.653,2.656,7.144,7.144,7.142,7.143,7.142,-53.444,2793.000
2.645,2.650,2.645,2.641,2.645,7.144,7.140,7.139,7.136,7.135,-53.444,2794.000
2.641,2.642,2.646,2.646,2.641,7.134,7.131,7.137,7.128,7.133,-53.358,2795.000
2.642,2.642,2.641,2.644,2.645,7.133,7.132,7.130,7.128,7.132,-53.358,2796.000
2.643,2.640,2.644,2.642,2.645,7.133,7.127,7.129,7.132,7.130,-52.978,2797.000
2.650,2.639,2.641,2.642,2.645,7.129,7.132,7.132,7.137,7.133,-52.978,2798.000
2.641,2.643,2.640,2.644,2.651,7.132,7.133,7.138,7.130,7.136,-52.385,2799.000
2.640,2.637,2.647,2.644,2.646,7.128,7.129,7.135,7.132,7.128,-52.385,2800.000
2.646,2.643,2.649,2.641,2.645,7.135,7.126,7.137,7.132,7.127,-53.285,2801.000
2.647,2.644,2.644,2.647,2.642,7.126,7.129,7.131,7.126,7.127,-53.285,2802.000
2.642,2.647,2.641,2.644,2.641,7.127,7.123,7.126,7.124,7.131,-53.437,2803.000
2.636,2.643,2.641,2.639,2.645,7.129,7.127,7.129,7.128,7.128,-53.437,2804.000
2.639,2.643,2.643,2.641,2.644,7.125,7.126,7.120,7.131,7.130,-53.537,2805.000
2.638,2.643,2.644,2.643,2.645,7.130,7.129,7.127,7.129,7.133,-53.537,2806.000
2.645,2.642,2.646,2.644,2.643,7.142,7.136,7.142,7.137,7.136,-53.795,2807.000
2.648,2.641,2.646,2.643,2.648,7.145,7.147,7.143,7.147,7.143,-53.795,2808.000
2.646,2.648,2.650,2.649,2.652,7.153,7.150,7.153,7.150,7.154,-54.058,2809.000
2.649,2.652,2.649,2.652,2.655,7.161,7.158,7.158,7.161,7.160,-54.058,2810.000
2.656,2.653,2.648,2.653,2.651,7.161,7.166,7.165,7.161,7.160,-54.322,2811.000
2.659,2.644,2.653,2.657,2.654,7.158,7.160,7.160,7.161,7.157,-54.322,2812.000
2.653,2.653,2.649,2.648,2.649,7.160,7.154,7.157,7.159,7.155,-54.800,2813.000
2.649,2.646,2.645,2.648,2.649,7.144,7.147,7.150,7.145,7.150,-54.800,2814.000
2.642,2.642,2.647,2.642,2.649,7.144,7.143,7.137,7.142,7.138,-54.661,2815.000
2.637,2.644,2.644,2.645,2.647,7.133,7.130,7.129,7.132,7.133,-54.661,2816.000
2.639,2.641,2.642,2.641,2.640,7.127,7.129,7.121,7.129,7.126,-54.974,2817.000
2.641,2.632,2.639,2.635,2.636,7.117,7.117,7.115,7.116,7.113,-54.974,2818.000
2.633,2.633,2.639,2.635,2.632,7.112,7.108,7.111,7.107,7.106,-55.095,2819.000
2.632,2.630,2.632,2.632,2.633,7.108,7.103,7.106,7.103,7.101,-55.095,2820.000
2.624,2.633,2.626,2.627,2.632,7.096,7.102,7.104,7.099,7.102,-54.810,2821.000
2.629,2.626,2.631,2.625,2.630,7.090,7.090,7.091,7.090,7.091,-54.810,2822.000
2.625,2.629,2.627,2.628,2.622,7.091,7.089,7.087,7.085,7.083,-55.254,2823.000
2.628,2.624,2.621,2.616,2.620,7.082,7.079,7.080,7.078,7.083,-55.254,2824.000
2.627,2.619,2.620,2.622,2.616,7.076,7.071,7.079,7.074,7.075,-55.796,2825.000
2.617,2.621,2.619,2.622,2.617,7.073,7.077,7.076,7.071,7.073,-55.796,2826.000
2.619,2.623,2.620,2.621,2.617,7.072,7.074,7.071,7.070,7.074,-55.652,2827.000
2.621,2.621,2.620,2.628,2.619,7.077,7.080,7.080,7.078,7.076,-55.652,2828.000
2.624,2.620,2.621,2.627,2.626,7.081,7.080,7.077,7.078,7.080,-55.992,2829.000
2.625,2.621,2.624,2.622,2.620,7.087,7.086,7.084,7.079,7.088,-55.992,2830.000
2.622,2.629,2.623,2.621,2.628,7.097,7.090,7.090,7.092,7.090,-55.206,2831.000
2.628,2.625,2.632,2.624,2.628,7.096,7.094,7.096,7.096,7.096,-55.206,2832.000
2.629,2.626,2.632,2.629,2.632,7.098,7.100,7.099,7.095,7.098,-55.747,2833.000
2.627,2.629,2.624,2.631,2.622,7.099,7.091,7.096,7.096,7.096,-55.747,2834.000
2.623,2.632,2.634,2.636,2.630,7.093,7.095,7.093,7.103,7.098,-55.540,2835.000
2.628,2.627,2.629,2.634,2.627,7.102,7.101,7.098,7.097,7.097,-55.540,2836.000
2.633,2.633,2.628,2.621,2.626,7.101,7.101,7.101,7.099,7.102,-55.299,2837.000
2.632,2.627,2.631,2.627,2.633,7.101,7.103,7.105,7.105,7.103,-55.299,2838.000
2.633,2.631,2.634,2.634,2.631,7.107,7.102,7.105,7.100,7.106,-55.396,2839.000
2.632,2.632,2.636,2.637,2.636,7.109,7.105,7.111,7.106,7.107,-55.396,2840.000
2.634,2.633,2.631,2.636,2.631,7.115,7.115,7.109,7.112,7.110,-55.569,2841.000
2.637,2.640,2.632,2.639,2.641,7.120,7.122,7.120,7.119,7.117,-55.569,2842.000
2.643,2.638,2.642,2.636,2.641,7.123,7.122,7.128,7.123,7.117,-55.138,2843.000
2.642,2.644,2.641,2.640,2.642,7.130,7.127,7.128,7.131,7.129,-55.138,2844.000
2.641,2.651,2.645,2.653,2.642,7.129,7.132,7.135,7.133,7.134,-54.874,2845.000
2.645,2.642,2.641,2.651,2.646,7.136,7.139,7.139,7.138,7.144,-54.874,2846.000
2.642,2.646,2.650,2.645,2.648,7.139,7.139,7.138,7.147,7.140,-54.910,2847.000
2.654,2.640,2.646,2.650,2.649,7.145,7.143,7.149,7.145,7.147,-54.910,2848.000
2.646,2.649,2.653,2.651,2.646,7.148,7.143,7.149,7.150,7.150,-54.044,2849.000
2.648,2.647,2.648,2.646,2.651,7.148,7.148,7.149,7.148,7.149,-54.044,2850.000
2.650,2.650,2.652,2.654,2.652,7.149,7.143,7.148,7.148,7.152,-52.847,2851.000
2.646,2.645,2.645,2.649,2.651,7.148,7.150,7.148,7.148,7.147,-52.847,2852.000
2.652,2.651,2.645,2.650,2.648,7.149,7.147,7.145,7.149,7.148,-52.168,2853.000
2.649,2.648,2.649,2.644,2.645,7.147,7.148,7.151,7.143,7.147,-52.168,2854.000
2.647,2.649,2.643,2.649,2.647,7.138,7.144,7.142,7.145,7.150,-52.642,2855.000
2.645,2.652,2.649,2.648,2.647,7.145,7.147,7.143,7.143,7.146,-52.642,2856.000
2.653,2.648,2.646,2.648,2.648,7.141,7.141,7.146,7.137,7.139,-52.905,2857.000
2.643,2.645,2.641,2.647,2.646,7.140,7.139,7.136,7.133,7.136,-52.905,2858.000
2.641,2.642,2.647,2.642,2.640,7.134,7.130,7.128,7.134,7.134,-54.146,2859.000
2.643,2.645,2.641,2.645,2.645,7.130,7.131,7.131,7.130,7.134,-54.146,2860.000
2.640,2.640,2.642,2.646,2.638,7.125,7.129,7.120,7.124,7.121,-54.758,2861.000
2.641,2.640,2.646,2.638,2.639,7.120,7.118,7.123,7.123,7.127,-54.758,2862.000
2.638,2.640,2.643,2.643,2.639,7.122,7.119,7.116,7.118,7.121,-54.757,2863.000
2.637,2.638,2.640,2.637,2.638,7.119,7.116,7.118,7.121,7.122,-54.757,2864.000
2.639,2.640,2.641,2.637,2.639,7.122,7.118,7.117,7.112,7.117,-54.979,2865.000
2.635,2.637,2.630,2.643,2.636,7.123,7.123,7.122,7.119,7.120,-54.979,2866.000
2.635,2.641,2.640,2.639,2.644,7.120,7.120,7.120,7.121,7.120,-54.979,2867.000
2.639,2.632,2.638,2.640,2.636,7.122,7.115,7.111,7.122,7.120,-54.882,2868.000
2.643,2.637,2.635,2.633,2.645,7.119,7.119,7.117,7.121,7.120,-54.882,2869.000
2.630,2.634,2.638,2.640,2.641,7.118,7.114,7.121,7.118,7.119,-54.882,2870.000
2.639,2.642,2.633,2.637,2.640,7.119,7.121,7.120,7.116,7.118,-55.800,2871.000
2.630,2.633,2.642,2.634,2.634,7.112,7.113,7.114,7.113,7.118,-55.800,2872.000
2.633,2.635,2.632,2.637,2.636,7.114,7.107,7.114,7.112,7.111,-55.068,2873.000
2.632,2.628,2.629,2.626,2.637,7.099,7.102,7.106,7.101,7.100,-55.068,2874.000
2.626,2.629,2.625,2.627,2.624,7.090,7.094,7.096,7.094,7.096,-55.005,2875.000
2.626,2.622,2.623,2.625,2.626,7.089,7.089,7.092,7.090,7.092,-55.005,2876.000
2.622,2.623,2.621,2.629,2.620,7.091,7.087,7.088,7.089,7.083,-55.432,2877.000
2.625,2.621,2.624,2.620,2.621,7.081,7.081,7.079,7.082,7.077,-55.432,2878.000
2.617,2.621,2.621,2.619,2.623,7.081,7.083,7.078,7.082,7.077,-55.038,2879.000
2.625,2.622,2.620,2.617,2.617,7.082,7.083,7.074,7.082,7.086,-55.038,2880.000
2.625,2.619,2.619,2.620,2.624,7.088,7.079,7.082,7.084,7.084,-55.229,2881.000
2.620,2.633,2.620,2.624,2.623,7.083,7.088,7.090,7.093,7.092,-55.229,2882.000
2.627,2.624,2.620,2.625,2.628,7.091,7.093,7.094,7.097,7.093,-54.729,2883.000
2.620,2.627,2.630,2.627,2.632,7.095,7.096,7.098,7.100,7.106,-54.729,2884.000
2.637,2.626,2.626,2.631,2.631,7.100,7.100,7.097,7.103,7.102,-54.520,2885.000
2.637,2.640,2.631,2.633,2.629,7.109,7.107,7.106,7.108,7.111,-54.520,2886.000
2.628,2.633,2.633,2.635,2.630,7.113,7.108,7.112,7.113,7.113,-54.675,2887.000
2.638,2.635,2.637,2.634,2.636,7.113,7.112,7.113,7.109,7.112,-54.675,2888.000
2.637,2.633,2.641,2.637,2.638,7.113,7.119,7.116,7.112,7.114,-55.335,2889.000
2.636,2.638,2.634,2.634,2.633,7.112,7.105,7.111,7.111,7.115,-55.335,2890.000
2.636,2.636,2.635,2.632,2.628,7.115,7.112,7.113,7.112,7.109,-55.046,2891.000
2.633,2.636,2.631,2.631,2.628,7.109,7.107,7.113,7.110,7.105,-55.046,2892.000
2.636,2.642,2.629,2.632,2.628,7.106,7.110,7.102,7.105,7.103,-55.382,2893.000
2.630,2.631,2.633,2.634,2.630,7.099,7.100,7.104,7.100,7.102,-55.382,2894.000
2.632,2.635,2.632,2.629,2.631,7.100,7.095,7.098,7.102,7.100,-55.838,2895.000
2.627,2.632,2.629,2.632,2.630,7.101,7.090,7.091,7.092,7.092,-55.838,2896.000
2.627,2.628,2.630,2.620,2.629,7.095,7.094,7.091,7.089,7.094,-56.559,2897.000
2.630,2.632,2.635,2.631,2.632,7.091,7.093,7.091,7.087,7.094,-56.559,2898.000
2.627,2.627,2.631,2.628,2.630,7.097,7.090,7.089,7.093,7.092,-56.295,2899.000
2.628,2.624,2.630,2.626,2.627,7.096,7.095,7.095,7.091,7.089,-56.295,2900.000
2.624,2.627,2.624,2.626,2.624,7.096,7.092,7.095,7.092,7.098,-55.738,2901.000
2.630,2.628,2.628,2.623,2.623,7.093,7.098,7.097,7.097,7.098,-55.738,2902.000
2.632,2.629,2.635,2.629,2.626,7.101,7.099,7.098,7.101,7.099,-55.738,2903.000
2.636,2.628,2.632,2.629,2.630,7.100,7.100,7.099,7.097,7.099,-54.761,2904.000
2.638,2.631,2.627,2.631,2.629,7.101,7.102,7.101,7.105,7.105,-54.761,2905.000
2.625,2.629,2.629,2.632,2.627,7.104,7.105,7.105,7.099,7.104,-54.841,2906.000
2.632,2.634,2.636,2.633,2.629,7.104,7.101,7.099,7.106,7.099,-54.841,2907.000
2.638,2.632,2.637,2.637,2.635,7.106,7.102,7.102,7.105,7.111,-55.365,2908.000
2.630,2.631,2.633,2.627,2.630,7.102,7.107,7.106,7.109,7.105,-55.365,2909.000
2.638,2.635,2.634,2.634,2.631,7.110,7.106,7.104,7.102,7.106,-54.970,2910.000
2.632,2.638,2.633,2.635,2.635,7.109,7.106,7.106,7.105,7.109,-54.970,2911.000
2.632,2.630,2.637,2.638,2.635,7.103,7.110,7.107,7.109,7.112,-55.022,2912.000
2.635,2.641,2.638,2.638,2.640,7.112,7.112,7.111,7.115,7.115,-55.022,2913.000
2.640,2.637,2.640,2.637,2.638,7.115,7.116,7.119,7.113,7.115,-54.581,2914.000
2.641,2.645,2.645,2.640,2.641,7.119,7.123,7.120,7.120,7.120,-54.581,2915.000
2.640,2.640,2.641,2.635,2.638,7.126,7.123,7.124,7.119,7.122,-55.494,2916.000
2.641,2.642,2.637,2.640,2.640,7.126,7.128,7.125,7.127,7.126,-55.494,2917.000
2.644,2.638,2.634,2.639,2.647,7.120,7.122,7.127,7.120,7.126,-54.671,2918.000
2.642,2.641,2.636,2.637,2.636,7.121,7.125,7.121,7.123,7.116,-54.671,2919.000
2.640,2.635,2.638,2.629,2.639,7.114,7.117,7.119,7.119,7.118,-54.533,2920.000
2.633,2.635,2.635,2.634,2.635,7.109,7.110,7.114,7.116,7.118,-54.533,2921.000
2.630,2.631,2.635,2.633,2.636,7.111,7.108,7.110,7.109,7.107,-54.241,2922.000
2.630,2.634,2.633,2.629,2.633,7.106,7.105,7.099,7.101,7.104,-54.241,2923.000
2.628,2.632,2.633,2.631,2.631,7.097,7.098,7.090,7.099,7.097,-55.675,2924.000
2.632,2.629,2.622,2.631,2.628,7.094,7.096,7.093,7.091,7.093,-55.675,2925.000
2.629,2.625,2.624,2.630,2.626,7.093,7.092,7.090,7.088,7.088,-54.534,2926.000
2.624,2.626,2.626,2.627,2.634,7.086,7.085,7.095,7.092,7.090,-54.534,2927.000
2.623,2.623,2.617,2.624,2.620,7.084,7.087,7.083,7.088,7.087,-54.596,2928.000
2.621,2.621,2.629,2.624,2.631,7.083,7.082,7.085,7.087,7.083,-54.596,2929.000
2.622,2.624,2.619,2.620,2.622,7.082,7.082,7.082,7.078,7.083,-54.549,2930.000
2.626,2.625,2.620,2.626,2.624,7.086,7.081,7.076,7.078,7.081,-54.549,2931.000
2.624,2.619,2.626,2.623,2.617,7.080,7.077,7.080,7.077,7.078,-55.419,2932.000
2.624,2.620,2.627,2.616,2.621,7.078,7.080,7.081,7.081,7.081,-55.419,2933.000
2.623,2.619,2.621,2.620,2.626,7.077,7.072,7.078,7.081,7.075,-55.295,2934.000
2.618,2.618,2.625,2.622,2.624,7.075,7.076,7.072,7.078,7.081,-55.295,2935.000
2.625,2.622,2.622,2.617,2.624,7.077,7.081,7.082,7.080,7.082,-55.295,2936.000
2.624,2.624,2.624,2.624,2.618,7.076,7.078,7.078,7.083,7.087,-55.047,2937.000
2.621,2.620,2.618,2.623,2.620,7.082,7.081,7.083,7.082,7.079,-55.047,2938.000
2.620,2.625,2.620,2.624,2.625,7.076,7.082,7.080,7.080,7.079,-55.324,2939.000
2.622,2.621,2.617,2.626,2.627,7.078,7.080,7.080,7.084,7.079,-55.324,2940.000
2.627,2.626,2.622,2.620,2.614,7.078,7.080,7.080,7.081,7.077,-55.457,2941.000
2.613,2.618,2.619,2.622,2.617,7.080,7.077,7.076,7.082,7.082,-55.457,2942.000
2.619,2.618,2.615,2.625,2.618,7.075,7.076,7.077,7.080,7.075,-55.385,2943.000
2.621,2.621,2.615,2.618,2.619,7.079,7.078,7.079,7.078,7.074,-55.385,2944.000
2.617,2.623,2.620,2.617,2.611,7.077,7.076,7.079,7.075,7.074,-55.036,2945.000
2.618,2.616,2.614,2.619,2.622,7.075,7.072,7.072,7.071,7.064,-55.036,2946.000
2.617,2.611,2.614,2.615,2.610,7.070,7.075,7.075,7.074,7.073,-55.655,2947.000
2.618,2.622,2.620,2.614,2.618,7.074,7.074,7.074,7.078,7.074,-55.655,2948.000
2.617,2.616,2.618,2.618,2.616,7.082,7.078,7.079,7.078,7.077,-55.962,2949.000
2.623,2.617,2.622,2.622,2.618,7.081,7.079,7.084,7.087,7.088,-55.962,2950.000
2.624,2.622,2.624,2.627,2.627,7.086,7.086,7.085,7.084,7.091,-55.115,2951.000
2.626,2.624,2.622,2.626,2.625,7.087,7.088,7.090,7.091,7.092,-55.115,2952.000
2.623,2.626,2.617,2.623,2.624,7.091,7.091,7.086,7.093,7.092,-54.874,2953.000
2.622,2.618,2.624,2.624,2.624,7.093,7.090,7.095,7.091,7.085,-54.874,2954.000
2.628,2.624,2.627,2.620,2.627,7.093,7.094,7.095,7.090,7.090,-54.556,2955.000
2.620,2.620,2.629,2.629,2.630,7.088,7.098,7.098,7.092,7.098,-54.556,2956.000
2.629,2.628,2.623,2.626,2.625,7.095,7.095,7.091,7.097,7.099,-54.617,2957.000
2.620,2.622,2.626,2.628,2.629,7.097,7.092,7.092,7.095,7.100,-54.617,2958.000
2.631,2.628,2.627,2.629,2.620,7.095,7.101,7.098,7.095,7.101,-55.292,2959.000
2.631,2.628,2.629,2.625,2.628,7.096,7.098,7.101,7.097,7.103,-55.292,2960.000
2.626,2.626,2.630,2.633,2.628,7.097,7.099,7.103,7.108,7.103,-54.746,2961.000
2.631,2.635,2.631,2.633,2.628,7.103,7.102,7.105,7.102,7.107,-54.746,2962.000
2.629,2.629,2.632,2.627,2.630,7.105,7.108,7.106,7.107,7.113,-55.815,2963.000
2.625,2.633,2.625,2.633,2.629,7.113,7.106,7.112,7.110,7.107,-55.815,2964.000
2.632,2.631,2.632,2.632,2.631,7.114,7.112,7.110,7.107,7.108,-55.408,2965.000
2.636,2.625,2.630,2.634,2.632,7.111,7.111,7.117,7.116,7.110,-55.408,2966.000
2.633,2.630,2.633,2.633,2.631,7.118,7.113,7.115,7.119,7.109,-55.272,2967.000
2.632,2.630,2.641,2.634,2.636,7.115,7.115,7.117,7.119,7.119,-55.272,2968.000
2.638,2.628,2.629,2.637,2.632,7.114,7.116,7.117,7.119,7.113,-54.426,2969.000
2.643,2.634,2.630,2.635,2.634,7.114,7.119,7.120,7.117,7.117,-54.426,2970.000
2.633,2.643,2.633,2.634,2.635,7.117,7.119,7.117,7.119,7.118,-55.638,2971.000
2.640,2.635,2.641,2.641,2.634,7.113,7.115,7.116,7.117,7.124,-55.638,2972.000
2.633,2.635,2.637,2.634,2.629,7.118,7.124,7.121,7.117,7.120,-54.606,2973.000
2.638,2.638,2.638,2.641,2.636,7.121,7.122,7.120,7.116,7.125,-54.606,2974.000
2.635,2.634,2.636,2.640,2.637,7.123,7.130,7.127,7.123,7.124,-55.360,2975.000
2.636,2.645,2.644,2.640,2.644,7.133,7.135,7.134,7.135,7.139,-55.360,2976.000
2.646,2.649,2.643,2.646,2.644,7.140,7.142,7.146,7.140,7.141,-55.475,2977.000
2.646,2.643,2.645,2.652,2.646,7.150,7.151,7.154,7.152,7.148,-55.475,2978.000
2.652,2.649,2.651,2.649,2.649,7.159,7.156,7.156,7.160,7.160,-55.047,2979.000
2.658,2.656,2.652,2.653,2.660,7.166,7.169,7.171,7.169,7.167,-55.047,2980.000
2.657,2.653,2.653,2.657,2.655,7.171,7.168,7.168,7.176,7.171,-55.253,2981.000
2.664,2.661,2.659,2.654,2.662,7.181,7.181,7.183,7.182,7.182,-55.253,2982.000
2.658,2.666,2.663,2.664,2.669,7.184,7.186,7.179,7.183,7.190,-54.836,2983.000
2.665,2.666,2.665,2.663,2.664,7.192,7.192,7.189,7.190,7.193,-54.836,2984.000
2.665,2.667,2.656,2.667,2.664,7.190,7.193,7.190,7.192,7.194,-54.239,2985.000
2.667,2.669,2.672,2.670,2.665,7.189,7.194,7.194,7.193,7.197,-54.239,2986.000
2.669,2.664,2.672,2.670,2.671,7.197,7.198,7.195,7.196,7.193,-54.322,2987.000
2.670,2.671,2.671,2.669,2.664,7.194,7.197,7.189,7.199,7.192,-54.322,2988.000
2.670,2.666,2.664,2.665,2.664,7.199,7.195,7.193,7.196,7.195,-54.160,2989.000
2.667,2.663,2.668,2.661,2.666,7.193,7.193,7.195,7.190,7.190,-54.160,2990.000
2.668,2.669,2.665,2.667,2.668,7.190,7.185,7.192,7.187,7.195,-54.412,2991.000
2.661,2.668,2.669,2.675,2.667,7.194,7.195,7.187,7.197,7.198,-54.412,2992.000
2.664,2.662,2.666,2.662,2.662,7.191,7.196,7.193,7.193,7.194,-54.996,2993.000
2.665,2.662,2.667,2.666,2.666,7.194,7.190,7.189,7.193,7.193,-54.996,2994.000
2.666,2.661,2.666,2.661,2.662,7.188,7.188,7.192,7.192,7.192,-54.927,2995.000
2.671,2.668,2.663,2.672,2.657,7.188,7.195,7.193,7.187,7.186,-54.927,2996.000
2.662,2.667,2.667,2.662,2.661,7.184,7.186,7.186,7.191,7.186,-54.261,2997.000
2.659,2.661,2.661,2.663,2.657,7.185,7.181,7.179,7.179,7.182,-54.261,2998.000
2.656,2.661,2.657,2.658,2.655,7.182,7.182,7.173,7.176,7.177,-54.591,2999.000
2.662,2.651,2.655,2.658,2.654,7.182,7.177,7.179,7.173,7.175,-54.591,3000.000
2.658,2.659,2.660,2.656,2.663,7.179,7.184,7.174,7.174,7.183,-54.573,3001.000
2.659,2.658,2.657,2.655,2.657,7.178,7.176,7.178,7.173,7.176,-54.573,3002.000
2.665,2.661,2.665,2.655,2.656,7.175,7.177,7.180,7.179,7.176,-55.426,3003.000
2.657,2.659,2.659,2.660,2.657,7.172,7.180,7.177,7.175,7.179,-55.426,3004.000
2.659,2.653,2.657,2.667,2.657,7.177,7.180,7.182,7.182,7.180,-55.763,3005.000
2.652,2.654,2.658,2.657,2.658,7.176,7.182,7.182,7.182,7.173,-55.763,3006.000
2.660,2.654,2.662,2.655,2.659,7.174,7.174,7.171,7.175,7.177,-55.433,3007.000
2.660,2.658,2.658,2.650,2.658,7.179,7.173,7.172,7.171,7.176,-55.433,3008.000
2.656,2.655,2.653,2.655,2.659,7.173,7.173,7.172,7.165,7.172,-55.238,3009.000
2.655,2.645,2.649,2.654,2.655,7.170,7.167,7.163,7.162,7.159,-55.238,3010.000
2.649,2.651,2.649,2.650,2.654,7.158,7.155,7.156,7.152,7.154,-54.497,3011.000
2.650,2.651,2.646,2.646,2.643,7.142,7.143,7.141,7.146,7.147,-54.497,3012.000
2.646,2.641,2.643,2.639,2.643,7.135,7.136,7.132,7.130,7.128,-55.222,3013.000
2.636,2.637,2.638,2.639,2.640,7.129,7.127,7.124,7.121,7.119,-55.222,3014.000
2.635,2.636,2.636,2.637,2.626,7.116,7.116,7.113,7.118,7.118,-54.772,3015.000
2.638,2.634,2.638,2.635,2.638,7.122,7.118,7.117,7.114,7.112,-54.772,3016.000
2.633,2.636,2.638,2.640,2.633,7.114,7.113,7.112,7.113,7.112,-54.800,3017.000
2.639,2.630,2.637,2.634,2.640,7.118,7.118,7.113,7.113,7.114,-54.800,3018.000
2.638,2.636,2.641,2.641,2.629,7.113,7.112,7.113,7.115,7.115,-54.370,3019.000
2.627,2.632,2.633,2.631,2.626,7.106,7.103,7.106,7.108,7.106,-54.370,3020.000
2.628,2.631,2.630,2.631,2.628,7.099,7.096,7.097,7.095,7.097,-54.243,3021.000
2.626,2.620,2.623,2.626,2.623,7.090,7.090,7.090,7.087,7.080,-54.243,3022.000
2.621,2.617,2.622,2.620,2.616,7.077,7.082,7.078,7.082,7.080,-55.342,3023.000
2.614,2.616,2.616,2.619,2.617,7.068,7.066,7.065,7.072,7.075,-55.342,3024.000
2.615,2.609,2.614,2.615,2.609,7.066,7.068,7.066,7.062,7.060,-54.688,3025.000
2.610,2.608,2.611,2.615,2.611,7.058,7.062,7.059,7.063,7.061,-54.688,3026.000
2.617,2.611,2.614,2.616,2.615,7.058,7.052,7.055,7.050,7.054,-53.770,3027.000
2.613,2.616,2.614,2.619,2.618,7.051,7.052,7.058,7.053,7.053,-53.770,3028.000
2.611,2.614,2.613,2.612,2.613,7.055,7.063,7.057,7.060,7.060,-53.462,3029.000
2.620,2.613,2.618,2.616,2.614,7.066,7.068,7.057,7.067,7.059,-53.462,3030.000
2.618,2.619,2.616,2.618,2.616,7.071,7.065,7.069,7.069,7.068,-54.309,3031.000
2.618,2.619,2.621,2.618,2.616,7.076,7.069,7.076,7.075,7.075,-54.309,3032.000
2.614,2.617,2.619,2.618,2.622,7.080,7.076,7.078,7.074,7.076,-55.206,3033.000
2.614,2.622,2.619,2.618,2.620,7.068,7.076,7.072,7.067,7.070,-55.206,3034.000
2.617,2.617,2.619,2.616,2.618,7.070,7.061,7.074,7.068,7.070,-54.141,3035.000
2.610,2.615,2.615,2.617,2.614,7.060,7.063,7.066,7.063,7.062,-54.141,3036.000
2.616,2.616,2.608,2.614,2.611,7.059,7.062,7.054,7.049,7.051,-54.563,3037.000
2.614,2.617,2.609,2.614,2.609,7.058,7.052,7.054,7.054,7.052,-54.563,3038.000
2.610,2.615,2.603,2.604,2.608,7.049,7.051,7.048,7.052,7.054,-55.028,3039.000
2.612,2.609,2.609,2.612,2.604,7.048,7.047,7.049,7.049,7.049,-55.028,3040.000
2.605,2.614,2.610,2.612,2.609,7.049,7.053,7.049,7.051,7.049,-54.604,3041.000
2.609,2.614,2.612,2.611,2.610,7.053,7.052,7.054,7.053,7.053,-54.604,3042.000
2.613,2.609,2.609,2.614,2.615,7.056,7.055,7.056,7.054,7.057,-54.819,3043.000
2.613,2.611,2.613,2.614,2.613,7.059,7.057,7.058,7.059,7.059,-54.819,3044.000
2.616,2.614,2.618,2.612,2.618,7.061,7.070,7.067,7.067,7.063,-54.521,3045.000
2.613,2.619,2.616,2.618,2.616,7.072,7.073,7.074,7.073,7.071,-54.521,3046.000
2.621,2.619,2.616,2.617,2.622,7.070,7.076,7.079,7.074,7.072,-54.849,3047.000
2.621,2.618,2.621,2.619,2.619,7.076,7.076,7.073,7.074,7.075,-54.849,3048.000
2.618,2.618,2.624,2.619,2.619,7.070,7.077,7.074,7.078,7.078,-55.315,3049.000
2.617,2.620,2.620,2.614,2.621,7.070,7.067,7.071,7.069,7.077,-55.315,3050.000
2.612,2.615,2.617,2.615,2.617,7.068,7.069,7.059,7.069,7.063,-54.955,3051.000
2.615,2.615,2.616,2.617,2.608,7.059,7.056,7.058,7.055,7.059,-54.955,3052.000
2.618,2.615,2.611,2.616,2.616,7.058,7.058,7.053,7.058,7.051,-55.251,3053.000
2.610,2.607,2.609,2.606,2.613,7.051,7.053,7.051,7.050,7.046,-55.251,3054.000
2.603,2.609,2.605,2.607,2.611,7.048,7.050,7.046,7.044,7.042,-54.872,3055.000
2.605,2.607,2.606,2.606,2.606,7.045,7.042,7.047,7.046,7.046,-54.872,3056.000
2.602,2.605,2.604,2.605,2.610,7.039,7.040,7.041,7.041,7.042,-55.656,3057.000
2.604,2.597,2.604,2.602,2.602,7.039,7.037,7.040,7.044,7.041,-55.656,3058.000
2.601,2.604,2.604,2.596,2.605,7.040,7.038,7.037,7.043,7.034,-54.886,3059.000
2.598,2.603,2.600,2.601,2.608,7.031,7.025,7.030,7.031,7.032,-54.886,3060.000
2.601,2.605,2.604,2.608,2.603,7.026,7.023,7.029,7.024,7.028,-54.755,3061.000
2.599,2.596,2.602,2.600,2.599,7.021,7.021,7.022,7.019,7.019,-54.755,3062.000
2.597,2.596,2.600,2.600,2.604,7.012,7.012,7.011,7.016,7.018,-54.736,3063.000
2.591,2.594,2.594,2.600,2.594,7.002,7.003,7.002,7.002,6.997,-54.736,3064.000
2.589,2.590,2.588,2.589,2.596,6.999,6.992,6.993,6.999,6.993,-54.736,3065.000
2.585,2.586,2.585,2.583,2.585,6.980,6.983,6.984,6.987,6.981,-54.660,3066.000
2.585,2.585,2.581,2.581,2.582,6.972,6.969,6.973,6.973,6.964,-54.660,3067.000
2.576,2.574,2.579,2.572,2.569,6.963,6.966,6.963,6.966,6.963,-54.842,3068.000
2.569,2.580,2.577,2.574,2.576,6.956,6.956,6.956,6.957,6.954,-54.842,3069.000
2.570,2.577,2.580,2.576,2.579,6.956,6.950,6.955,6.953,6.951,-55.361,3070.000
2.575,2.574,2.578,2.579,2.573,6.957,6.958,6.956,6.961,6.962,-55.361,3071.000
2.582,2.585,2.584,2.584,2.582,6.973,6.967,6.970,6.974,6.975,-54.863,3072.000
2.591,2.593,2.588,2.582,2.585,6.986,6.987,6.986,6.988,6.990,-54.863,3073.000
2.590,2.591,2.590,2.598,2.582,6.996,6.994,6.993,6.994,6.995,-54.629,3074.000
2.594,2.597,2.591,2.595,2.597,7.002,7.005,7.006,7.009,7.002,-54.629,3075.000
2.600,2.600,2.598,2.593,2.598,7.014,7.015,7.012,7.016,7.012,-55.686,3076.000
2.597,2.598,2.600,2.601,2.601,7.021,7.016,7.018,7.020,7.017,-55.686,3077.000
2.601,2.601,2.605,2.607,2.610,7.018,7.026,7.022,7.026,7.025,-55.751,3078.000
2.601,2.599,2.602,2.608,2.609,7.031,7.030,7.030,7.033,7.035,-55.751,3079.000
2.606,2.605,2.605,2.612,2.608,7.039,7.038,7.037,7.039,7.044,-55.634,3080.000
2.609,2.613,2.616,2.611,2.611,7.048,7.053,7.052,7.056,7.050,-55.634,3081.000
2.614,2.618,2.615,2.618,2.615,7.060,7.060,7.066,7.069,7.066,-55.822,3082.000
2.617,2.618,2.612,2.615,2.617,7.067,7.070,7.069,7.075,7.072,-55.822,3083.000
2.613,2.617,2.611,2.620,2.618,7.073,7.078,7.077,7.073,7.079,-55.675,3084.000
2.624,2.622,2.621,2.617,2.619,7.074,7.069,7.073,7.073,7.076,-55.675,3085.000
2.610,2.618,2.619,2.615,2.622,7.071,7.070,7.069,7.072,7.070,-54.830,3086.000
2.618,2.615,2.617,2.612,2.606,7.064,7.063,7.066,7.062,7.066,-54.830,3087.000
2.608,2.612,2.608,2.607,2.606,7.057,7.054,7.049,7.056,7.054,-54.771,3088.000
2.603,2.604,2.605,2.604,2.594,7.045,7.044,7.046,7.047,7.044,-54.771,3089.000
2.594,2.593,2.594,2.592,2.592,7.031,7.027,7.029,7.028,7.023,-53.496,3090.000
2.585,2.589,2.589,2.588,2.585,7.017,7.011,7.009,7.010,7.010,-53.496,3091.000
2.587,2.583,2.583,2.583,2.579,7.003,7.005,7.003,7.003,7.001,-52.493,3092.000
2.580,2.579,2.569,2.574,2.575,6.989,6.991,6.992,6.985,6.990,-52.493,3093.000
2.575,2.572,2.576,2.576,2.574,6.979,6.985,6.981,6.980,6.984,-52.313,3094.000
2.572,2.576,2.571,2.567,2.569,6.973,6.979,6.974,6.977,6.981,-52.313,3095.000
2.573,2.576,2.566,2.576,2.574,6.974,6.971,6.982,6.981,6.982,-53.027,3096.000
2.576,2.576,2.571,2.575,2.570,6.983,6.979,6.975,6.983,6.983,-53.027,3097.000
2.580,2.580,2.578,2.578,2.580,6.980,6.975,6.983,6.978,6.985,-52.946,3098.000
2.576,2.578,2.580,2.574,2.581,6.982,6.990,6.985,6.984,6.984,-52.946,3099.000
2.587,2.583,2.585,2.584,2.574,6.986,6.990,6.985,6.989,6.986,-53.236,3100.000
2.585,2.585,2.586,2.577,2.583,6.986,6.988,6.991,6.988,6.986,-53.236,3101.000
2.584,2.586,2.579,2.584,2.582,6.991,6.993,6.987,6.992,6.994,-53.827,3102.000
2.584,2.587,2.581,2.580,2.586,6.992,6.992,6.997,6.994,6.999,-53.827,3103.000
2.590,2.585,2.587,2.584,2.583,6.999,7.001,7.000,7.000,6.998,-54.272,3104.000
2.588,2.589,2.587,2.592,2.589,7.005,7.006,7.007,7.009,7.012,-54.272,3105.000
2.594,2.591,2.596,2.589,2.593,7.010,7.016,7.011,7.010,7.011,-54.170,3106.000
2.596,2.596,2.596,2.594,2.593,7.021,7.018,7.022,7.019,7.022,-54.170,3107.000
2.599,2.599,2.599,2.599,2.601,7.035,7.033,7.030,7.033,7.031,-54.241,3108.000
2.602,2.610,2.605,2.606,2.603,7.042,7.045,7.048,7.046,7.046,-54.241,3109.000
2.601,2.606,2.604,2.606,2.606,7.050,7.055,7.049,7.050,7.051,-55.055,3110.000
2.606,2.616,2.610,2.617,2.612,7.065,7.066,7.066,7.065,7.063,-55.055,3111.000
2.613,2.608,2.613,2.608,2.611,7.066,7.069,7.069,7.072,7.069,-54.720,3112.000
2.617,2.619,2.621,2.610,2.614,7.072,7.077,7.077,7.080,7.077,-54.720,3113.000
2.617,2.613,2.625,2.616,2.619,7.083,7.080,7.083,7.085,7.084,-54.389,3114.000
2.618,2.621,2.617,2.618,2.616,7.083,7.084,7.082,7.083,7.086,-54.389,3115.000
2.614,2.617,2.618,2.620,2.621,7.087,7.083,7.082,7.085,7.089,-54.953,3116.000
2.619,2.613,2.617,2.615,2.618,7.089,7.087,7.087,7.087,7.085,-54.953,3117.000
2.616,2.616,2.617,2.620,2.617,7.089,7.085,7.086,7.080,7.084,-54.947,3118.000
2.615,2.619,2.613,2.612,2.614,7.096,7.095,7.089,7.088,7.092,-54.947,3119.000
2.608,2.612,2.622,2.617,2.615,7.093,7.093,7.093,7.092,7.091,-55.171,3120.000
2.619,2.622,2.614,2.611,2.614,7.091,7.093,7.087,7.089,7.085,-55.171,3121.000
2.612,2.618,2.613,2.617,2.612,7.089,7.092,7.087,7.090,7.086,-55.061,3122.000
2.614,2.612,2.612,2.614,2.612,7.089,7.084,7.086,7.083,7.085,-55.061,3123.000
2.606,2.613,2.607,2.608,2.615,7.085,7.078,7.082,7.082,7.077,-54.957,3124.000
2.606,2.612,2.608,2.608,2.607,7.083,7.079,7.085,7.077,7.078,-54.957,3125.000
2.609,2.598,2.607,2.607,2.607,7.074,7.080,7.076,7.073,7.077,-54.512,3126.000
2.604,2.599,2.609,2.603,2.608,7.069,7.070,7.068,7.067,7.073,-54.512,3127.000
2.600,2.613,2.609,2.600,2.602,7.068,7.070,7.068,7.073,7.075,-54.724,3128.000
2.606,2.601,2.601,2.603,2.601,7.066,7.070,7.068,7.065,7.071,-54.724,3129.000
2.604,2.612,2.603,2.605,2.603,7.070,7.070,7.072,7.073,7.071,-54.757,3130.000
2.603,2.599,2.607,2.606,2.606,7.073,7.077,7.075,7.080,7.081,-54.757,3131.000
2.605,2.604,2.611,2.616,2.607,7.077,7.085,7.080,7.081,7.089,-54.913,3132.000
2.609,2.609,2.610,2.611,2.608,7.082,7.078,7.080,7.086,7.090,-54.913,3133.000
2.615,2.612,2.608,2.610,2.611,7.088,7.091,7.085,7.079,7.085,-54.090,3134.000
2.611,2.617,2.605,2.611,2.607,7.085,7.083,7.084,7.084,7.084,-54.090,3135.000
2.615,2.604,2.606,2.604,2.614,7.084,7.088,7.086,7.085,7.085,-54.240,3136.000
2.607,2.617,2.607,2.613,2.614,7.091,7.087,7.086,7.089,7.087,-54.240,3137.000
2.613,2.614,2.612,2.614,2.615,7.092,7.093,7.095,7.096,7.094,-54.403,3138.000
2.621,2.619,2.616,2.618,2.622,7.100,7.105,7.101,7.101,7.098,-54.403,3139.000
2.618,2.619,2.621,2.623,2.626,7.110,7.109,7.105,7.106,7.107,-54.530,3140.000
2.626,2.626,2.624,2.631,2.629,7.119,7.123,7.121,7.123,7.121,-54.530,3141.000
2.627,2.633,2.633,2.632,2.625,7.125,7.126,7.133,7.128,7.130,-54.765,3142.000
2.634,2.635,2.634,2.640,2.637,7.135,7.135,7.140,7.142,7.146,-54.765,3143.000
2.644,2.639,2.643,2.639,2.640,7.150,7.157,7.150,7.153,7.146,-54.502,3144.000
2.640,2.646,2.643,2.640,2.651,7.161,7.164,7.162,7.160,7.163,-54.502,3145.000
2.640,2.644,2.647,2.646,2.646,7.167,7.168,7.164,7.167,7.161,-54.443,3146.000
2.661,2.650,2.649,2.649,2.648,7.169,7.168,7.174,7.175,7.175,-54.443,3147.000
2.653,2.652,2.652,2.652,2.652,7.171,7.171,7.172,7.166,7.170,-53.713,3148.000
2.646,2.644,2.648,2.659,2.656,7.172,7.170,7.169,7.169,7.168,-53.713,3149.000
2.648,2.647,2.648,2.649,2.650,7.162,7.166,7.169,7.163,7.162,-53.571,3150.000
2.651,2.643,2.648,2.642,2.650,7.150,7.150,7.153,7.150,7.152,-53.571,3151.000
2.644,2.643,2.639,2.637,2.635,7.145,7.144,7.148,7.147,7.144,-52.444,3152.000
2.639,2.641,2.639,2.635,2.637,7.137,7.135,7.130,7.133,7.130,-52.444,3153.000
2.637,2.632,2.639,2.638,2.639,7.126,7.128,7.131,7.127,7.123,-52.799,3154.000
2.632,2.641,2.632,2.636,2.637,7.118,7.120,7.119,7.118,7.120,-52.799,3155.000
2.633,2.634,2.630,2.637,2.634,7.117,7.115,7.112,7.113,7.104,-52.965,3156.000
2.629,2.629,2.632,2.628,2.638,7.110,7.110,7.107,7.108,7.110,-52.965,3157.000
2.629,2.628,2.628,2.632,2.629,7.106,7.103,7.109,7.107,7.108,-54.212,3158.000
2.633,2.628,2.630,2.629,2.635,7.106,7.107,7.105,7.106,7.106,-54.212,3159.000
2.626,2.628,2.627,2.631,2.631,7.103,7.099,7.107,7.106,7.101,-54.765,3160.000
2.621,2.628,2.627,2.624,2.627,7.099,7.102,7.099,7.095,7.099,-54.765,3161.000
2.623,2.629,2.629,2.625,2.624,7.098,7.098,7.100,7.098,7.092,-54.816,3162.000
2.625,2.626,2.623,2.620,2.629,7.095,7.092,7.096,7.093,7.092,-54.816,3163.000
2.631,2.622,2.620,2.621,2.623,7.092,7.090,7.096,7.092,7.090,-54.876,3164.000
2.628,2.629,2.627,2.622,2.626,7.092,7.097,7.092,7.093,7.099,-54.876,3165.000
2.619,2.629,2.624,2.624,2.623,7.094,7.098,7.096,7.092,7.095,-54.780,3166.000
2.625,2.628,2.626,2.627,2.624,7.101,7.096,7.099,7.098,7.093,-54.780,3167.000
2.630,2.624,2.634,2.619,2.623,7.097,7.095,7.093,7.094,7.096,-53.886,3168.000
2.626,2.628,2.624,2.623,2.626,7.099,7.098,7.102,7.096,7.095,-53.886,3169.000
2.625,2.629,2.632,2.637,2.627,7.097,7.096,7.098,7.096,7.096,-53.669,3170.000
2.623,2.624,2.623,2.627,2.621,7.094,7.100,7.097,7.098,7.092,-53.669,3171.000
2.624,2.628,2.627,2.619,2.627,7.091,7.100,7.094,7.097,7.103,-53.959,3172.000
2.626,2.627,2.625,2.623,2.621,7.090,7.096,7.096,7.094,7.092,-53.959,3173.000
2.623,2.627,2.619,2.625,2.619,7.094,7.093,7.095,7.093,7.099,-54.269,3174.000
2.621,2.622,2.630,2.623,2.627,7.095,7.094,7.094,7.094,7.091,-54.269,3175.000
2.623,2.631,2.620,2.620,2.626,7.091,7.096,7.094,7.095,7.091,-54.898,3176.000
2.623,2.627,2.621,2.624,2.622,7.093,7.092,7.092,7.097,7.094,-54.898,3177.000
2.626,2.627,2.617,2.627,2.630,7.101,7.111,7.098,7.094,7.100,-54.793,3178.000
2.635,2.632,2.627,2.633,2.627,7.106,7.112,7.107,7.112,7.104,-54.793,3179.000
2.632,2.635,2.636,2.635,2.632,7.118,7.107,7.113,7.111,7.112,-54.586,3180.000
2.632,2.633,2.637,2.631,2.627,7.114,7.116,7.119,7.120,7.116,-54.586,3181.000
2.633,2.634,2.634,2.632,2.632,7.109,7.114,7.112,7.116,7.114,-53.905,3182.000
2.631,2.626,2.625,2.629,2.630,7.099,7.106,7.095,7.097,7.101,-53.905,3183.000
2.618,2.625,2.624,2.624,2.623,7.088,7.083,7.092,7.089,7.086,-54.613,3184.000
2.621,2.615,2.620,2.618,2.624,7.081,7.076,7.077,7.076,7.076,-54.613,3185.000
2.618,2.619,2.614,2.613,2.622,7.074,7.072,7.069,7.071,7.075,-54.613,3186.000
2.616,2.616,2.618,2.616,2.617,7.072,7.067,7.067,7.073,7.068,-54.135,3187.000
2.619,2.620,2.615,2.613,2.617,7.068,7.069,7.065,7.070,7.065,-54.135,3188.000
2.617,2.618,2.620,2.617,2.616,7.061,7.064,7.066,7.067,7.064,-54.348,3189.000
2.617,2.613,2.616,2.617,2.614,7.064,7.066,7.062,7.066,7.071,-54.348,3190.000
2.621,2.619,2.622,2.618,2.616,7.066,7.067,7.066,7.061,7.068,-54.852,3191.000
2.614,2.621,2.614,2.617,2.620,7.067,7.072,7.069,7.069,7.069,-54.852,3192.000
2.612,2.619,2.613,2.619,2.618,7.072,7.077,7.074,7.069,7.071,-54.767,3193.000
2.619,2.619,2.617,2.620,2.616,7.078,7.078,7.078,7.079,7.076,-54.767,3194.000
2.619,2.626,2.622,2.623,2.628,7.082,7.084,7.086,7.082,7.083,-53.968,3195.000
2.628,2.633,2.625,2.632,2.632,7.100,7.097,7.096,7.096,7.094,-53.968,3196.000
2.627,2.630,2.631,2.626,2.627,7.100,7.098,7.100,7.102,7.100,-53.940,3197.000
2.635,2.630,2.632,2.626,2.634,7.109,7.113,7.105,7.108,7.105,-53.940,3198.000
2.632,2.628,2.630,2.633,2.628,7.111,7.114,7.110,7.105,7.111,-54.213,3199.000
2.629,2.630,2.632,2.631,2.636,7.109,7.109,7.114,7.112,7.112,-54.213,3200.000
2.638,2.630,2.634,2.627,2.628,7.104,7.107,7.114,7.108,7.115,-54.597,3201.000
2.629,2.631,2.630,2.629,2.628,7.107,7.109,7.108,7.108,7.102,-54.597,3202.000
2.629,2.624,2.629,2.623,2.636,7.106,7.103,7.106,7.100,7.105,-54.398,3203.000
2.622,2.630,2.627,2.624,2.631,7.102,7.096,7.100,7.104,7.106,-54.398,3204.000
2.624,2.629,2.630,2.625,2.619,7.096,7.095,7.097,7.094,7.094,-55.112,3205.000
2.629,2.627,2.630,2.620,2.624,7.092,7.092,7.094,7.090,7.094,-55.112,3206.000
2.627,2.617,2.623,2.621,2.632,7.095,7.093,7.092,7.096,7.094,-55.102,3207.000
2.624,2.629,2.627,2.627,2.624,7.098,7.098,7.103,7.098,7.100,-55.102,3208.000
2.623,2.624,2.627,2.629,2.627,7.102,7.101,7.100,7.101,7.102,-54.968,3209.000
2.633,2.629,2.637,2.629,2.634,7.110,7.109,7.107,7.110,7.105,-54.968,3210.000
2.640,2.633,2.629,2.635,2.635,7.107,7.112,7.115,7.115,7.108,-55.321,3211.000
2.633,2.632,2.633,2.631,2.628,7.115,7.119,7.122,7.116,7.116,-55.321,3212.000
2.635,2.638,2.640,2.636,2.629,7.115,7.120,7.119,7.118,7.117,-54.765,3213.000
2.633,2.629,2.631,2.636,2.638,7.119,7.116,7.118,7.115,7.114,-54.765,3214.000
2.628,2.633,2.633,2.631,2.633,7.115,7.118,7.118,7.116,7.115,-54.826,3215.000
2.631,2.634,2.633,2.635,2.631,7.107,7.113,7.107,7.111,7.116,-54.826,3216.000
2.629,2.631,2.633,2.631,2.626,7.107,7.105,7.110,7.105,7.106,-54.432,3217.000
2.629,2.631,2.626,2.630,2.635,7.096,7.103,7.097,7.103,7.098,-54.432,3218.000
2.618,2.623,2.626,2.624,2.625,7.096,7.099,7.094,7.100,7.093,-54.301,3219.000
2.625,2.622,2.625,2.629,2.623,7.088,7.088,7.087,7.089,7.086,-54.301,3220.000
2.623,2.618,2.624,2.622,2.623,7.081,7.087,7.086,7.083,7.086,-54.372,3221.000
2.623,2.618,2.617,2.624,2.613,7.081,7.076,7.078,7.074,7.081,-54.372,3222.000
2.618,2.620,2.615,2.618,2.622,7.070,7.072,7.071,7.070,7.074,-54.671,3223.000
2.615,2.618,2.617,2.613,2.617,7.067,7.063,7.065,7.067,7.062,-54.671,3224.000
2.618,2.611,2.618,2.612,2.609,7.055,7.057,7.054,7.060,7.061,-55.243,3225.000
2.612,2.610,2.611,2.610,2.608,7.052,7.053,7.058,7.054,7.054,-55.243,3226.000
2.615,2.611,2.602,2.609,2.612,7.052,7.049,7.050,7.053,7.050,-55.381,3227.000
2.610,2.607,2.609,2.610,2.609,7.046,7.049,7.045,7.046,7.049,-55.381,3228.000
2.607,2.605,2.608,2.621,2.605,7.049,7.053,7.053,7.056,7.047,-55.412,3229.000
2.611,2.609,2.610,2.614,2.612,7.051,7.049,7.048,7.048,7.054,-55.412,3230.000
2.612,2.612,2.614,2.612,2.613,7.049,7.054,7.050,7.047,7.048,-54.691,3231.000
2.615,2.614,2.613,2.611,2.614,7.049,7.046,7.050,7.048,7.051,-54.691,3232.000
2.612,2.612,2.610,2.615,2.609,7.047,7.049,7.051,7.048,7.049,-54.655,3233.000
2.610,2.610,2.614,2.611,2.615,7.052,7.050,7.048,7.053,7.049,-54.655,3234.000
2.611,2.613,2.614,2.606,2.615,7.052,7.049,7.050,7.051,7.050,-54.464,3235.000
2.617,2.611,2.608,2.614,2.607,7.050,7.052,7.048,7.052,7.047,-54.464,3236.000
2.613,2.609,2.613,2.613,2.608,7.048,7.048,7.048,7.049,7.052,-54.790,3237.000
2.610,2.613,2.613,2.614,2.614,7.049,7.053,7.052,7.049,7.053,-54.790,3238.000
2.614,2.614,2.618,2.616,2.610,7.053,7.053,7.051,7.052,7.055,-54.768,3239.000
2.616,2.610,2.615,2.612,2.605,7.050,7.046,7.052,7.052,7.048,-54.768,3240.000
2.614,2.612,2.613,2.613,2.611,7.050,7.049,7.048,7.046,7.047,-55.106,3241.000
2.606,2.611,2.604,2.607,2.605,7.035,7.038,7.033,7.035,7.032,-55.106,3242.000
2.606,2.604,2.609,2.600,2.603,7.035,7.034,7.031,7.032,7.031,-54.997,3243.000
2.600,2.592,2.602,2.605,2.599,7.025,7.022,7.025,7.024,7.022,-54.997,3244.000
2.596,2.610,2.599,2.598,2.595,7.013,7.016,7.021,7.020,7.007,-55.260,3245.000
2.599,2.596,2.593,2.595,2.595,7.011,7.006,7.007,7.008,7.010,-55.260,3246.000
2.590,2.590,2.597,2.591,2.596,7.006,7.002,7.002,6.998,7.002,-55.423,3247.000
2.590,2.592,2.587,2.597,2.596,6.995,6.994,6.996,6.998,6.997,-55.423,3248.000
2.590,2.593,2.590,2.588,2.593,6.993,6.994,6.990,6.994,6.992,-54.403,3249.000
2.587,2.588,2.592,2.592,2.592,6.992,6.990,6.995,6.994,6.990,-54.403,3250.000
2.590,2.585,2.592,2.592,2.589,6.992,6.996,6.995,6.997,6.990,-54.702,3251.000
2.596,2.597,2.598,2.588,2.592,7.005,7.001,6.995,7.001,7.004,-54.702,3252.000
2.598,2.593,2.601,2.595,2.594,7.012,7.008,7.011,7.015,7.008,-54.665,3253.000
2.603,2.602,2.601,2.597,2.603,7.020,7.022,7.024,7.021,7.024,-54.665,3254.000
2.605,2.601,2.605,2.610,2.609,7.027,7.028,7.029,7.030,7.029,-54.186,3255.000
2.611,2.605,2.606,2.610,2.611,7.041,7.039,7.029,7.044,7.038,-54.186,3256.000
2.610,2.608,2.613,2.611,2.611,7.048,7.044,7.047,7.045,7.049,-53.895,3257.000
2.604,2.610,2.613,2.617,2.613,7.052,7.055,7.052,7.055,7.045,-53.895,3258.000
2.614,2.616,2.615,2.618,2.612,7.050,7.058,7.063,7.059,7.058,-54.208,3259.000
2.616,2.616,2.615,2.619,2.617,7.065,7.065,7.064,7.061,7.060,-54.208,3260.000
2.621,2.619,2.619,2.612,2.620,7.073,7.068,7.072,7.069,7.064,-54.143,3261.000
2.619,2.618,2.615,2.614,2.623,7.074,7.071,7.072,7.074,7.077,-54.143,3262.000
2.623,2.626,2.621,2.618,2.618,7.074,7.076,7.078,7.079,7.075,-54.950,3263.000
2.619,2.623,2.623,2.622,2.614,7.076,7.079,7.078,7.073,7.083,-54.950,3264.000
2.617,2.619,2.627,2.624,2.625,7.080,7.073,7.075,7.070,7.076,-54.743,3265.000
2.614,2.618,2.620,2.618,2.616,7.069,7.067,7.068,7.070,7.075,-54.743,3266.000
2.615,2.618,2.620,2.619,2.619,7.067,7.074,7.066,7.063,7.069,-54.610,3267.000
2.616,2.619,2.615,2.614,2.621,7.066,7.066,7.070,7.066,7.064,-54.610,3268.000
2.616,2.621,2.620,2.615,2.617,7.064,7.063,7.064,7.059,7.064,-54.334,3269.000
2.618,2.608,2.617,2.615,2.610,7.068,7.065,7.065,7.067,7.068,-54.334,3270.000
2.622,2.624,2.619,2.616,2.615,7.063,7.065,7.065,7.070,7.063,-55.280,3271.000
2.622,2.618,2.619,2.618,2.618,7.066,7.064,7.065,7.065,7.062,-55.280,3272.000
2.617,2.616,2.618,2.613,2.613,7.057,7.058,7.060,7.058,7.059,-54.952,3273.000
2.613,2.611,2.612,2.613,2.615,7.054,7.054,7.049,7.047,7.053,-54.952,3274.000
2.614,2.610,2.609,2.612,2.604,7.047,7.049,7.051,7.049,7.051,-54.285,3275.000
2.612,2.611,2.608,2.610,2.608,7.046,7.041,7.046,7.043,7.045,-54.285,3276.000
2.607,2.606,2.604,2.606,2.611,7.036,7.040,7.039,7.036,7.038,-54.210,3277.000
2.609,2.607,2.603,2.607,2.603,7.034,7.033,7.033,7.034,7.032,-54.210,3278.000
2.608,2.605,2.604,2.609,2.603,7.034,7.034,7.026,7.030,7.029,-54.239,3279.000
2.605,2.604,2.605,2.608,2.602,7.028,7.028,7.029,7.027,7.026,-54.239,3280.000
2.602,2.599,2.603,2.604,2.601,7.024,7.017,7.019,7.022,7.027,-54.480,3281.000
2.601,2.606,2.599,2.602,2.603,7.021,7.018,7.015,7.019,7.019,-54.480,3282.000
2.599,2.605,2.598,2.599,2.600,7.015,7.018,7.015,7.018,7.021,-55.404,3283.000
2.606,2.598,2.601,2.607,2.604,7.022,7.025,7.025,7.022,7.021,-55.404,3284.000
2.608,2.602,2.605,2.607,2.603,7.033,7.031,7.033,7.034,7.032,-55.126,3285.000
2.610,2.606,2.605,2.610,2.611,7.042,7.042,7.040,7.038,7.044,-55.126,3286.000
2.617,2.617,2.617,2.610,2.614,7.057,7.061,7.060,7.059,7.057,-54.406,3287.000
2.623,2.627,2.626,2.624,2.623,7.078,7.075,7.075,7.080,7.084,-54.406,3288.000
2.633,2.627,2.638,2.628,2.630,7.097,7.093,7.093,7.096,7.094,-54.652,3289.000
2.638,2.637,2.638,2.635,2.630,7.101,7.099,7.101,7.101,7.100,-54.652,3290.000
2.635,2.637,2.635,2.634,2.636,7.101,7.105,7.101,7.099,7.097,-54.091,3291.000
2.634,2.632,2.634,2.632,2.630,7.096,7.098,7.090,7.095,7.091,-54.091,3292.000
2.630,2.633,2.632,2.629,2.625,7.086,7.091,7.093,7.086,7.090,-53.635,3293.000
2.625,2.632,2.625,2.635,2.629,7.083,7.081,7.084,7.082,7.080,-53.635,3294.000
2.631,2.626,2.625,2.638,2.630,7.088,7.085,7.081,7.083,7.081,-54.542,3295.000
2.626,2.627,2.627,2.622,2.620,7.076,7.074,7.074,7.074,7.081,-54.542,3296.000
2.626,2.626,2.624,2.620,2.626,7.077,7.079,7.080,7.072,7.076,-54.632,3297.000
2.626,2.623,2.623,2.627,2.627,7.079,7.072,7.079,7.076,7.077,-54.632,3298.000
2.622,2.630,2.627,2.623,2.628,7.079,7.081,7.078,7.077,7.074,-55.119,3299.000
2.625,2.618,2.622,2.625,2.624,7.079,7.080,7.080,7.081,7.078,-55.119,3300.000
2.625,2.627,2.629,2.627,2.619,7.077,7.079,7.078,7.078,7.079,-55.264,3301.000
2.625,2.621,2.622,2.621,2.625,7.077,7.078,7.078,7.077,7.078,-55.264,3302.000
2.619,2.624,2.625,2.619,2.616,7.068,7.066,7.071,7.076,7.074,-54.693,3303.000
2.615,2.614,2.611,2.615,2.615,7.054,7.060,7.063,7.057,7.055,-54.693,3304.000
2.609,2.608,2.612,2.615,2.617,7.052,7.046,7.048,7.047,7.054,-54.426,3305.000
2.611,2.613,2.605,2.612,2.608,7.048,7.044,7.043,7.049,7.051,-54.426,3306.000
2.611,2.611,2.609,2.607,2.607,7.040,7.044,7.046,7.043,7.043,-54.093,3307.000
2.613,2.613,2.610,2.616,2.609,7.048,7.050,7.050,7.045,7.043,-54.093,3308.000
2.616,2.614,2.606,2.610,2.614,7.053,7.052,7.051,7.050,7.051,-53.895,3309.000
2.611,2.617,2.613,2.610,2.616,7.054,7.058,7.055,7.054,7.057,-53.895,3310.000
2.616,2.608,2.614,2.610,2.617,7.054,7.054,7.062,7.053,7.056,-53.227,3311.000
2.617,2.609,2.616,2.607,2.611,7.049,7.052,7.045,7.043,7.049,-53.227,3312.000
2.607,2.611,2.617,2.609,2.614,7.042,7.045,7.041,7.040,7.036,-53.652,3313.000
2.604,2.605,2.603,2.607,2.608,7.032,7.030,7.029,7.034,7.032,-53.652,3314.000
2.600,2.602,2.601,2.601,2.604,7.024,7.025,7.025,7.024,7.024,-54.509,3315.000
2.598,2.597,2.599,2.600,2.604,7.019,7.020,7.018,7.021,7.017,-54.509,3316.000
2.594,2.594,2.595,2.592,2.595,7.011,7.009,7.010,7.014,7.010,-54.789,3317.000
2.598,2.594,2.593,2.589,2.593,7.005,7.003,7.000,7.001,7.002,-54.789,3318.000
2.597,2.597,2.599,2.593,2.592,7.003,6.998,6.994,6.997,6.997,-54.120,3319.000
2.589,2.588,2.596,2.589,2.591,6.998,6.994,6.998,6.994,6.995,-54.120,3320.000
2.593,2.592,2.590,2.587,2.589,6.997,6.994,6.991,6.994,6.992,-54.485,3321.000
2.592,2.593,2.595,2.592,2.588,6.994,6.992,6.994,6.993,6.997,-54.485,3322.000
2.593,2.590,2.587,2.593,2.593,6.993,6.995,6.988,6.994,6.988,-54.169,3323.000
2.588,2.592,2.589,2.592,2.589,6.997,6.991,6.990,6.997,6.992,-54.169,3324.000
2.587,2.591,2.592,2.588,2.589,6.997,6.993,6.992,6.995,6.994,-53.823,3325.000
2.589,2.589,2.588,2.585,2.592,6.998,6.999,6.995,6.996,6.993,-53.823,3326.000
2.586,2.591,2.596,2.590,2.593,7.004,6.994,6.998,6.999,6.998,-54.189,3327.000
2.592,2.589,2.592,2.593,2.594,7.004,7.001,7.002,7.004,7.003,-54.189,3328.000
2.597,2.596,2.588,2.597,2.591,6.999,7.001,7.004,7.007,7.001,-53.923,3329.000
2.590,2.592,2.593,2.592,2.595,7.003,7.008,7.010,7.006,7.000,-53.923,3330.000
2.594,2.592,2.591,2.597,2.587,7.002,7.010,7.001,7.010,7.001,-54.020,3331.000
2.595,2.595,2.596,2.588,2.595,7.007,7.007,7.003,7.009,7.005,-54.020,3332.000
2.596,2.600,2.593,2.589,2.596,7.003,7.011,7.012,7.011,7.010,-54.532,3333.000
2.595,2.604,2.597,2.597,2.598,7.013,7.013,7.019,7.017,7.019,-54.532,3334.000
2.592,2.593,2.603,2.603,2.599,7.019,7.024,7.019,7.023,7.021,-54.480,3335.000
2.609,2.604,2.598,2.602,2.605,7.026,7.030,7.030,7.029,7.030,-54.480,3336.000
2.602,2.605,2.599,2.604,2.607,7.037,7.038,7.030,7.035,7.035,-54.320,3337.000
2.606,2.608,2.608,2.602,2.602,7.045,7.042,7.035,7.039,7.043,-54.320,3338.000
2.606,2.608,2.603,2.608,2.604,7.041,7.043,7.039,7.042,7.043,-54.848,3339.000
2.608,2.604,2.613,2.607,2.603,7.040,7.045,7.044,7.047,7.046,-54.848,3340.000
2.602,2.606,2.608,2.605,2.609,7.043,7.049,7.047,7.048,7.043,-54.682,3341.000
2.608,2.610,2.604,2.606,2.601,7.037,7.035,7.043,7.039,7.043,-54.682,3342.000
2.605,2.600,2.601,2.604,2.606,7.032,7.035,7.034,7.030,7.036,-54.910,3343.000
2.598,2.597,2.595,2.603,2.599,7.031,7.029,7.031,7.033,7.027,-54.910,3344.000
2.600,2.602,2.598,2.597,2.605,7.025,7.020,7.024,7.028,7.021,-54.969,3345.000
2.596,2.592,2.596,2.597,2.596,7.016,7.014,7.016,7.019,7.014,-54.969,3346.000
2.591,2.594,2.596,2.592,2.597,7.010,7.014,7.006,7.006,7.007,-55.534,3347.000
2.586,2.587,2.584,2.594,2.589,7.000,6.996,6.997,6.995,7.003,-55.534,3348.000
2.592,2.583,2.580,2.588,2.594,6.985,6.988,6.987,6.985,6.984,-55.465,3349.000
2.583,2.584,2.586,2.584,2.582,6.976,6.975,6.972,6.968,6.971,-55.465,3350.000
2.579,2.576,2.579,2.583,2.578,6.967,6.968,6.961,6.963,6.957,-55.545,3351.000
2.576,2.579,2.579,2.580,2.573,6.958,6.959,6.951,6.957,6.956,-55.545,3352.000
2.566,2.574,2.569,2.571,2.575,6.952,6.957,6.951,6.953,6.950,-55.438,3353.000
2.568,2.573,2.578,2.573,2.574,6.952,6.949,6.952,6.953,6.946,-55.438,3354.000
2.568,2.566,2.573,2.575,2.573,6.950,6.947,6.948,6.950,6.952,-55.429,3355.000
2.571,2.572,2.574,2.577,2.574,6.949,6.944,6.946,6.944,6.947,-55.429,3356.000
2.572,2.577,2.574,2.578,2.577,6.948,6.950,6.948,6.946,6.945,-55.061,3357.000
2.574,2.573,2.571,2.574,2.576,6.950,6.954,6.952,6.949,6.943,-55.061,3358.000
2.579,2.572,2.576,2.572,2.575,6.956,6.950,6.953,6.950,6.953,-55.589,3359.000
2.579,2.572,2.580,2.579,2.575,6.957,6.962,6.956,6.956,6.956,-55.589,3360.000
2.575,2.581,2.580,2.580,2.579,6.965,6.960,6.966,6.962,6.959,-55.602,3361.000
2.581,2.581,2.582,2.580,2.579,6.961,6.960,6.964,6.965,6.962,-55.602,3362.000
2.580,2.583,2.575,2.584,2.583,6.970,6.970,6.968,6.966,6.967,-54.901,3363.000
2.583,2.580,2.587,2.586,2.581,6.968,6.971,6.975,6.972,6.972,-54.901,3364.000
2.590,2.592,2.588,2.589,2.577,6.972,6.975,6.977,6.977,6.981,-53.888,3365.000
2.586,2.585,2.581,2.588,2.592,6.981,6.980,6.982,6.980,6.983,-53.888,3366.000
2.584,2.590,2.591,2.584,2.594,6.990,6.981,6.987,6.987,6.988,-53.751,3367.000
2.590,2.590,2.591,2.587,2.591,6.991,6.990,6.987,6.986,6.990,-53.751,3368.000
2.590,2.590,2.591,2.591,2.592,6.989,6.993,6.986,6.991,6.990,-54.266,3369.000
2.588,2.593,2.589,2.591,2.592,6.992,6.989,6.986,6.993,6.992,-54.266,3370.000
2.587,2.588,2.590,2.591,2.586,6.987,6.992,6.992,6.988,6.986,-54.276,3371.000
2.586,2.589,2.586,2.585,2.587,6.979,6.979,6.983,6.983,6.981,-54.276,3372.000
2.588,2.582,2.587,2.584,2.584,6.977,6.983,6.975,6.975,6.978,-53.652,3373.000
2.576,2.588,2.583,2.585,2.580,6.974,6.972,6.973,6.976,6.975,-53.652,3374.000
2.580,2.586,2.582,2.590,2.583,6.973,6.976,6.970,6.970,6.972,-54.316,3375.000
2.581,2.582,2.580,2.578,2.583,6.961,6.962,6.966,6.964,6.962,-54.316,3376.000
2.574,2.580,2.578,2.578,2.582,6.962,6.960,6.956,6.958,6.960,-53.318,3377.000
2.578,2.578,2.578,2.577,2.572,6.953,6.958,6.960,6.959,6.957,-53.318,3378.000
2.577,2.575,2.573,2.579,2.578,6.957,6.959,6.955,6.955,6.956,-54.557,3379.000
2.579,2.583,2.571,2.584,2.578,6.961,6.956,6.959,6.957,6.958,-54.557,3380.000
2.581,2.582,2.580,2.577,2.580,6.959,6.960,6.964,6.959,6.957,-54.859,3381.000
2.582,2.577,2.580,2.584,2.579,6.964,6.968,6.967,6.970,6.966,-54.859,3382.000
2.577,2.583,2.576,2.586,2.574,6.973,6.969,6.967,6.963,6.970,-54.395,3383.000
2.583,2.579,2.582,2.583,2.582,6.973,6.972,6.973,6.970,6.976,-54.395,3384.000
2.581,2.582,2.584,2.580,2.581,6.974,6.975,6.973,6.978,6.974,-54.319,3385.000
2.588,2.582,2.588,2.589,2.591,6.978,6.981,6.978,6.987,6.977,-54.319,3386.000
2.587,2.588,2.588,2.593,2.588,6.984,6.987,6.992,6.994,6.986,-52.877,3387.000
2.590,2.591,2.590,2.595,2.593,6.996,6.995,6.996,6.998,6.998,-52.877,3388.000
2.597,2.587,2.595,2.594,2.591,6.994,7.000,7.003,6.999,7.007,-52.703,3389.000
2.593,2.590,2.592,2.590,2.595,7.012,7.011,7.007,7.004,7.008,-52.703,3390.000
2.592,2.595,2.596,2.593,2.592,7.008,7.010,7.013,7.008,7.020,-52.624,3391.000
2.598,2.597,2.599,2.594,2.593,7.016,7.018,7.012,7.015,7.015,-52.624,3392.000
2.601,2.600,2.590,2.595,2.596,7.014,7.012,7.016,7.018,7.016,-53.565,3393.000
2.603,2.596,2.600,2.600,2.599,7.021,7.019,7.018,7.024,7.018,-53.565,3394.000
2.599,2.601,2.602,2.601,2.604,7.026,7.030,7.032,7.025,7.025,-53.111,3395.000
2.607,2.605,2.605,2.611,2.608,7.036,7.036,7.039,7.038,7.042,-53.111,3396.000
2.609,2.608,2.605,2.619,2.613,7.053,7.055,7.052,7.057,7.057,-54.124,3397.000
2.615,2.617,2.617,2.617,2.614,7.068,7.066,7.067,7.073,7.070,-54.124,3398.000
2.625,2.618,2.623,2.624,2.625,7.083,7.081,7.079,7.078,7.079,-54.760,3399.000
2.628,2.631,2.630,2.629,2.626,7.097,7.096,7.098,7.096,7.096,-54.760,3400.000
2.627,2.630,2.629,2.624,2.631,7.107,7.102,7.102,7.100,7.103,-54.108,3401.000
2.626,2.628,2.635,2.634,2.631,7.108,7.106,7.109,7.102,7.100,-54.108,3402.000
2.627,2.630,2.628,2.623,2.633,7.099,7.103,7.099,7.103,7.105,-53.526,3403.000
2.630,2.631,2.626,2.621,2.625,7.095,7.094,7.094,7.094,7.091,-53.526,3404.000
2.624,2.628,2.620,2.617,2.622,7.087,7.085,7.091,7.088,7.081,-54.090,3405.000
2.617,2.614,2.615,2.620,2.617,7.072,7.077,7.078,7.074,7.080,-54.090,3406.000
2.617,2.617,2.614,2.617,2.613,7.066,7.069,7.073,7.067,7.068,-53.744,3407.000
2.610,2.613,2.610,2.609,2.609,7.061,7.056,7.054,7.057,7.061,-53.744,3408.000
2.611,2.615,2.613,2.611,2.609,7.054,7.047,7.050,7.057,7.054,-53.527,3409.000
2.608,2.605,2.605,2.611,2.605,7.049,7.049,7.046,7.047,7.048,-53.527,3410.000
2.605,2.611,2.608,2.605,2.610,7.046,7.043,7.042,7.047,7.046,-53.839,3411.000
2.600,2.603,2.613,2.606,2.608,7.043,7.044,7.043,7.048,7.046,-53.839,3412.000
2.609,2.599,2.600,2.604,2.607,7.042,7.043,7.040,7.042,7.047,-54.566,3413.000
2.606,2.610,2.612,2.605,2.610,7.049,7.045,7.047,7.045,7.042,-54.566,3414.000
2.608,2.610,2.609,2.602,2.603,7.043,7.045,7.047,7.050,7.046,-54.094,3415.000
2.607,2.613,2.606,2.611,2.603,7.044,7.042,7.045,7.041,7.038,-54.094,3416.000
2.604,2.606,2.601,2.601,2.598,7.036,7.037,7.037,7.034,7.038,-54.003,3417.000
2.597,2.607,2.600,2.596,2.590,7.026,7.030,7.028,7.023,7.023,-54.003,3418.000
2.598,2.600,2.591,2.606,2.597,7.017,7.024,7.017,7.017,7.022,-54.152,3419.000
2.599,2.602,2.603,2.599,2.603,7.013,7.019,7.022,7.017,7.021,-54.152,3420.000
2.598,2.592,2.598,2.600,2.595,7.016,7.017,7.015,7.020,7.012,-54.591,3421.000
2.595,2.595,2.602,2.597,2.600,7.015,7.014,7.021,7.022,7.018,-54.591,3422.000
2.600,2.594,2.595,2.596,2.597,7.018,7.015,7.018,7.020,7.013,-54.810,3423.000
2.595,2.595,2.595,2.600,2.593,7.014,7.011,7.013,7.013,7.008,-54.810,3424.000
2.592,2.594,2.592,2.595,2.595,7.009,7.016,7.016,7.013,7.016,-54.610,3425.000
2.598,2.596,2.602,2.594,2.595,7.009,7.009,7.008,7.005,7.005,-54.610,3426.000
2.593,2.589,2.597,2.592,2.590,7.012,7.012,7.009,7.015,7.012,-54.749,3427.000
2.595,2.592,2.591,2.591,2.590,7.014,7.014,7.008,7.010,7.010,-54.749,3428.000
2.596,2.594,2.592,2.594,2.599,7.010,7.007,7.012,7.007,7.011,-55.089,3429.000
2.590,2.598,2.595,2.590,2.589,7.010,7.007,7.011,7.007,7.005,-55.089,3430.000
2.589,2.594,2.599,2.589,2.592,7.006,7.009,7.014,7.009,7.014,-55.342,3431.000
2.595,2.596,2.597,2.595,2.594,7.012,7.009,7.013,7.009,7.015,-55.342,3432.000
2.590,2.590,2.591,2.597,2.597,7.012,7.017,7.012,7.012,7.017,-55.342,3433.000
2.598,2.604,2.600,2.600,2.596,7.019,7.017,7.016,7.013,7.019,-55.254,3434.000
2.600,2.602,2.599,2.599,2.600,7.022,7.026,7.023,7.024,7.023,-55.254,3435.000
2.605,2.603,2.602,2.601,2.606,7.028,7.024,7.024,7.023,7.024,-55.254,3436.000
2.599,2.603,2.601,2.600,2.608,7.029,7.030,7.026,7.030,7.019,-54.954,3437.000
2.602,2.599,2.599,2.600,2.605,7.022,7.021,7.023,7.022,7.027,-54.954,3438.000
2.598,2.600,2.603,2.599,2.602,7.019,7.021,7.017,7.019,7.024,-54.954,3439.000
2.598,2.599,2.598,2.597,2.601,7.017,7.017,7.024,7.016,7.016,-55.228,3440.000
2.606,2.601,2.600,2.594,2.600,7.021,7.014,7.021,7.018,7.013,-55.228,3441.000
2.598,2.601,2.597,2.598,2.598,7.014,7.013,7.010,7.012,7.014,-54.399,3442.000
2.596,2.597,2.599,2.603,2.599,7.012,7.009,7.007,7.008,7.009,-54.399,3443.000
2.597,2.599,2.598,2.596,2.595,7.009,7.010,7.005,7.005,7.007,-55.132,3444.000
2.591,2.592,2.598,2.595,2.592,7.004,7.007,7.005,7.004,7.000,-55.132,3445.000
2.591,2.595,2.596,2.602,2.591,7.003,7.004,7.001,7.002,7.003,-55.141,3446.000
2.593,2.598,2.594,2.596,2.594,7.005,7.005,7.005,7.009,7.006,-55.141,3447.000
2.594,2.592,2.599,2.601,2.601,7.007,7.011,7.008,7.013,7.011,-54.197,3448.000
2.600,2.605,2.601,2.597,2.597,7.012,7.015,7.014,7.012,7.010,-54.197,3449.000
2.600,2.602,2.593,2.597,2.602,7.016,7.016,7.021,7.014,7.014,-53.680,3450.000
2.596,2.601,2.600,2.602,2.598,7.015,7.015,7.017,7.015,7.018,-53.680,3451.000
2.600,2.594,2.600,2.599,2.594,7.010,7.018,7.016,7.016,7.011,-53.286,3452.000
2.596,2.598,2.596,2.598,2.598,7.013,7.010,7.012,7.010,7.012,-53.286,3453.000
2.596,2.593,2.594,2.599,2.592,7.011,7.006,7.013,7.009,7.004,-52.729,3454.000
2.590,2.592,2.589,2.591,2.591,6.997,7.000,7.000,7.002,6.998,-52.729,3455.000
2.596,2.591,2.588,2.594,2.592,6.994,6.993,6.994,6.996,6.997,-54.026,3456.000
2.584,2.591,2.588,2.592,2.589,6.994,6.985,6.988,6.986,6.990,-54.026,3457.000
2.585,2.588,2.590,2.590,2.584,6.987,6.988,6.986,6.983,6.983,-54.020,3458.000
2.587,2.588,2.585,2.585,2.585,6.982,6.985,6.980,6.981,6.982,-54.020,3459.000
2.586,2.586,2.582,2.587,2.585,6.988,6.984,6.977,6.977,6.981,-54.590,3460.000
2.589,2.581,2.585,2.586,2.589,6.985,6.983,6.977,6.985,6.975,-54.590,3461.000
2.588,2.587,2.583,2.577,2.586,6.978,6.979,6.975,6.982,6.978,-54.649,3462.000
2.585,2.586,2.585,2.589,2.588,6.978,6.978,6.984,6.981,6.984,-54.649,3463.000
2.589,2.590,2.584,2.588,2.586,6.980,6.983,6.984,6.984,6.979,-54.822,3464.000
2.581,2.582,2.586,2.586,2.588,6.974,6.977,6.975,6.979,6.985,-54.822,3465.000
2.583,2.584,2.582,2.585,2.578,6.973,6.971,6.969,6.976,6.975,-54.689,3466.000
2.585,2.585,2.574,2.576,2.578,6.967,6.961,6.961,6.965,6.959,-54.689,3467.000
2.580,2.573,2.577,2.585,2.570,6.955,6.957,6.957,6.965,6.962,-55.228,3468.000
2.575,2.570,2.567,2.573,2.576,6.955,6.951,6.946,6.952,6.952,-55.228,3469.000
2.570,2.574,2.579,2.573,2.576,6.951,6.943,6.948,6.943,6.946,-54.648,3470.000
2.571,2.571,2.570,2.569,2.571,6.945,6.943,6.946,6.941,6.939,-54.648,3471.000
2.573,2.574,2.573,2.571,2.574,6.941,6.945,6.949,6.945,6.943,-54.047,3472.000
2.571,2.567,2.564,2.568,2.572,6.949,6.948,6.950,6.944,6.948,-54.047,3473.000
2.570,2.572,2.572,2.574,2.569,6.948,6.950,6.949,6.948,6.951,-54.238,3474.000
2.574,2.577,2.571,2.570,2.578,6.951,6.953,6.954,6.952,6.953,-54.238,3475.000
2.573,2.574,2.573,2.573,2.573,6.952,6.957,6.946,6.953,6.950,-54.238,3476.000
2.578,2.571,2.568,2.577,2.576,6.952,6.950,6.950,6.950,6.950,-54.238,3477.000
2.578,2.574,2.569,2.570,2.575,6.950,6.949,6.954,6.951,6.950,-54.221,3478.000
2.580,2.579,2.582,2.573,2.574,6.955,6.955,6.959,6.955,6.960,-54.221,3479.000
2.575,2.578,2.576,2.575,2.575,6.957,6.958,6.954,6.962,6.954,-54.484,3480.000
2.578,2.577,2.579,2.577,2.580,6.965,6.965,6.963,6.965,6.963,-54.484,3481.000
2.579,2.583,2.581,2.573,2.578,6.970,6.966,6.969,6.969,6.967,-55.237,3482.000
2.581,2.585,2.582,2.581,2.581,6.973,6.971,6.976,6.974,6.971,-55.237,3483.000
2.583,2.584,2.576,2.577,2.585,6.973,6.970,6.977,6.981,6.976,-54.975,3484.000
2.587,2.586,2.580,2.587,2.587,6.975,6.982,6.981,6.980,6.976,-54.975,3485.000
2.584,2.590,2.591,2.581,2.588,6.979,6.979,6.976,6.979,6.977,-55.166,3486.000
2.590,2.580,2.584,2.582,2.586,6.976,6.977,6.981,6.984,6.976,-55.166,3487.000
2.586,2.593,2.582,2.586,2.590,6.979,6.979,6.979,6.981,6.980,-55.356,3488.000
2.584,2.587,2.584,2.586,2.581,6.977,6.979,6.976,6.979,6.980,-55.356,3489.000
2.582,2.584,2.588,2.588,2.585,6.976,6.978,6.976,6.979,6.983,-54.553,3490.000
2.586,2.583,2.586,2.589,2.585,6.979,6.980,6.980,6.986,6.984,-54.553,3491.000
2.590,2.587,2.582,2.588,2.580,6.986,6.986,6.984,6.984,6.991,-54.596,3492.000
2.592,2.581,2.591,2.587,2.591,6.993,6.995,6.991,6.990,6.993,-54.596,3493.000
2.585,2.588,2.595,2.598,2.593,7.003,7.001,7.000,7.005,7.008,-54.730,3494.000
2.594,2.592,2.599,2.592,2.593,7.012,7.006,7.013,7.009,7.008,-54.730,3495.000
2.597,2.595,2.596,2.600,2.603,7.010,7.010,7.010,7.010,7.014,-54.511,3496.000
2.596,2.597,2.595,2.595,2.598,7.005,7.001,7.003,7.004,7.009,-54.511,3497.000
2.592,2.594,2.590,2.594,2.594,7.004,7.002,7.000,7.001,7.005,-55.168,3498.000
2.591,2.590,2.586,2.591,2.592,6.997,6.999,6.995,6.996,6.994,-55.168,3499.000
2.587,2.583,2.588,2.575,2.579,6.979,6.974,6.982,6.977,6.975,-54.876,3500.000
2.579,2.575,2.574,2.571,2.566,6.957,6.953,6.950,6.950,6.950,-54.876,3501.000
2.576,2.572,2.564,2.567,2.567,6.941,6.938,6.934,6.931,6.937,-55.317,3502.000
2.558,2.558,2.553,2.560,2.561,6.915,6.919,6.919,6.912,6.912,-55.317,3503.000
2.552,2.556,2.552,2.559,2.562,6.909,6.909,6.907,6.912,6.913,-55.200,3504.000
2.551,2.549,2.556,2.552,2.560,6.900,6.900,6.895,6.902,6.899,-55.200,3505.000
2.556,2.545,2.547,2.554,2.550,6.893,6.900,6.895,6.892,6.895,-54.336,3506.000
2.549,2.552,2.550,2.543,2.555,6.893,6.898,6.894,6.890,6.889,-54.336,3507.000
2.545,2.545,2.551,2.553,2.548,6.894,6.893,6.892,6.896,6.891,-54.744,3508.000
2.551,2.549,2.551,2.555,2.549,6.900,6.898,6.892,6.902,6.904,-54.744,3509.000
2.552,2.556,2.557,2.554,2.547,6.898,6.903,6.896,6.902,6.905,-54.488,3510.000
2.552,2.553,2.553,2.554,2.554,6.904,6.904,6.904,6.907,6.906,-54.488,3511.000
2.555,2.553,2.550,2.556,2.551,6.905,6.903,6.907,6.904,6.909,-54.432,3512.000
2.553,2.555,2.554,2.555,2.553,6.910,6.910,6.910,6.907,6.909,-54.432,3513.000
2.553,2.553,2.558,2.556,2.558,6.912,6.912,6.915,6.909,6.909,-54.586,3514.000
2.551,2.552,2.554,2.558,2.556,6.913,6.913,6.918,6.915,6.910,-54.586,3515.000
2.549,2.554,2.551,2.550,2.555,6.908,6.911,6.907,6.912,6.911,-54.483,3516.000
2.559,2.550,2.548,2.549,2.551,6.903,6.903,6.908,6.903,6.905,-54.483,3517.000
2.550,2.556,2.553,2.556,2.556,6.912,6.909,6.911,6.910,6.909,-54.161,3518.000
2.561,2.559,2.559,2.557,2.555,6.914,6.915,6.920,6.916,6.920,-54.161,3519.000
2.558,2.558,2.559,2.564,2.561,6.915,6.922,6.919,6.927,6.925,-54.553,3520.000
2.563,2.567,2.568,2.564,2.563,6.940,6.935,6.936,6.937,6.941,-54.553,3521.000
2.569,2.567,2.567,2.569,2.560,6.940,6.939,6.940,6.938,6.942,-54.970,3522.000
2.561,2.564,2.561,2.569,2.565,6.931,6.934,6.932,6.929,6.937,-54.970,3523.000
2.561,2.567,2.562,2.564,2.560,6.933,6.934,6.938,6.939,6.931,-55.205,3524.000
2.563,2.565,2.556,2.566,2.564,6.934,6.933,6.930,6.929,6.928,-55.205,3525.000
2.561,2.562,2.560,2.559,2.562,6.927,6.924,6.923,6.923,6.926,-54.460,3526.000
2.554,2.557,2.560,2.560,2.558,6.919,6.918,6.923,6.921,6.919,-54.460,3527.000
2.559,2.562,2.556,2.562,2.560,6.922,6.925,6.923,6.917,6.917,-54.435,3528.000
2.554,2.558,2.562,2.564,2.564,6.922,6.922,6.923,6.919,6.920,-54.435,3529.000
2.562,2.556,2.562,2.561,2.560,6.923,6.921,6.920,6.920,6.923,-54.930,3530.000
2.558,2.555,2.557,2.558,2.559,6.919,6.919,6.920,6.918,6.914,-54.930,3531.000
2.558,2.558,2.560,2.556,2.557,6.914,6.915,6.920,6.917,6.920,-54.936,3532.000
2.564,2.564,2.564,2.563,2.558,6.925,6.918,6.921,6.921,6.925,-54.936,3533.000
2.561,2.558,2.570,2.565,2.561,6.926,6.928,6.927,6.925,6.929,-55.510,3534.000
2.566,2.569,2.563,2.562,2.565,6.932,6.929,6.927,6.929,6.930,-55.510,3535.000
2.561,2.566,2.567,2.561,2.561,6.935,6.931,6.936,6.930,6.933,-54.916,3536.000
2.556,2.564,2.567,2.563,2.561,6.927,6.926,6.927,6.924,6.926,-54.916,3537.000
2.560,2.562,2.568,2.558,2.558,6.917,6.923,6.924,6.920,6.918,-54.179,3538.000
2.562,2.559,2.561,2.558,2.555,6.906,6.910,6.906,6.905,6.910,-54.179,3539.000
2.556,2.556,2.554,2.554,2.556,6.903,6.901,6.909,6.906,6.899,-55.280,3540.000
2.559,2.557,2.551,2.557,2.549,6.901,6.906,6.901,6.902,6.908,-55.280,3541.000
2.549,2.556,2.558,2.554,2.553,6.901,6.901,6.903,6.906,6.902,-54.418,3542.000
2.551,2.554,2.554,2.552,2.559,6.894,6.898,6.895,6.894,6.899,-54.418,3543.000
2.548,2.551,2.550,2.548,2.550,6.896,6.888,6.894,6.887,6.891,-55.314,3544.000
2.548,2.544,2.547,2.545,2.544,6.879,6.878,6.878,6.875,6.882,-55.314,3545.000
2.547,2.541,2.542,2.547,2.538,6.870,6.871,6.864,6.868,6.867,-55.301,3546.000
2.536,2.537,2.541,2.535,2.538,6.864,6.861,6.862,6.860,6.862,-55.301,3547.000
2.539,2.536,2.543,2.540,2.535,6.863,6.863,6.864,6.863,6.863,-55.033,3548.000
2.547,2.541,2.542,2.548,2.541,6.870,6.874,6.879,6.877,6.872,-55.033,3549.000
2.548,2.555,2.546,2.550,2.546,6.881,6.884,6.888,6.884,6.886,-55.033,3550.000
2.559,2.546,2.548,2.551,2.548,6.896,6.891,6.890,6.894,6.893,-54.553,3551.000
2.547,2.551,2.554,2.553,2.549,6.896,6.899,6.898,6.896,6.896,-54.553,3552.000
2.551,2.549,2.551,2.548,2.553,6.894,6.895,6.892,6.896,6.895,-55.213,3553.000
2.547,2.545,2.551,2.549,2.554,6.898,6.889,6.895,6.890,6.893,-55.213,3554.000
2.552,2.552,2.553,2.551,2.555,6.892,6.888,6.892,6.895,6.892,-54.733,3555.000
2.550,2.553,2.559,2.555,2.556,6.902,6.900,6.899,6.901,6.901,-54.733,3556.000
2.552,2.561,2.554,2.557,2.557,6.909,6.914,6.914,6.909,6.907,-54.542,3557.000
2.553,2.558,2.560,2.561,2.557,6.920,6.919,6.923,6.917,6.918,-54.542,3558.000
2.554,2.561,2.562,2.565,2.555,6.925,6.921,6.920,6.922,6.918,-54.319,3559.000
2.561,2.559,2.564,2.565,2.566,6.926,6.927,6.930,6.928,6.929,-54.319,3560.000
2.565,2.568,2.571,2.566,2.572,6.933,6.935,6.935,6.935,6.936,-53.947,3561.000
2.577,2.573,2.575,2.574,2.577,6.948,6.945,6.950,6.950,6.946,-53.947,3562.000
2.578,2.573,2.574,2.571,2.582,6.958,6.954,6.960,6.961,6.965,-53.436,3563.000
2.577,2.575,2.582,2.580,2.576,6.968,6.966,6.967,6.970,6.968,-53.436,3564.000
2.584,2.582,2.577,2.580,2.575,6.972,6.968,6.964,6.968,6.967,-54.062,3565.000
2.577,2.578,2.576,2.574,2.576,6.965,6.969,6.966,6.966,6.962,-54.062,3566.000
2.580,2.577,2.582,2.579,2.583,6.964,6.967,6.966,6.964,6.963,-54.748,3567.000
2.585,2.586,2.581,2.579,2.578,6.975,6.978,6.978,6.976,6.971,-54.748,3568.000
2.589,2.591,2.589,2.592,2.590,6.995,6.997,6.996,6.999,6.997,-54.830,3569.000
2.602,2.596,2.597,2.595,2.599,7.020,7.018,7.017,7.014,7.019,-54.830,3570.000
2.602,2.602,2.595,2.599,2.599,7.015,7.019,7.022,7.025,7.024,-54.581,3571.000
2.588,2.592,2.590,2.588,2.598,6.996,6.998,6.994,6.995,6.994,-54.581,3572.000
2.582,2.580,2.582,2.575,2.583,6.973,6.972,6.966,6.970,6.968,-55.095,3573.000
2.576,2.570,2.573,2.578,2.574,6.943,6.946,6.950,6.946,6.945,-55.095,3574.000
2.570,2.566,2.569,2.572,2.566,6.936,6.938,6.938,6.937,6.930,-54.564,3575.000
2.559,2.565,2.564,2.563,2.565,6.926,6.924,6.923,6.927,6.921,-54.564,3576.000
2.561,2.557,2.557,2.559,2.562,6.920,6.913,6.914,6.920,6.915,-54.995,3577.000
2.556,2.561,2.562,2.564,2.560,6.914,6.919,6.920,6.920,6.919,-54.995,3578.000
2.564,2.562,2.563,2.562,2.563,6.915,6.919,6.919,6.921,6.921,-54.638,3579.000
2.564,2.563,2.561,2.565,2.562,6.927,6.915,6.919,6.920,6.917,-54.638,3580.000
2.556,2.563,2.558,2.568,2.559,6.925,6.925,6.920,6.922,6.923,-54.551,3581.000
2.562,2.562,2.565,2.568,2.568,6.927,6.924,6.929,6.926,6.928,-54.551,3582.000
2.565,2.561,2.561,2.566,2.563,6.928,6.925,6.925,6.929,6.930,-54.106,3583.000
2.564,2.572,2.567,2.569,2.568,6.931,6.934,6.929,6.932,6.937,-54.106,3584.000
2.567,2.562,2.567,2.564,2.560,6.930,6.935,6.930,6.926,6.930,-55.044,3585.000
2.570,2.564,2.571,2.568,2.569,6.933,6.934,6.928,6.932,6.929,-55.044,3586.000
2.567,2.566,2.570,2.563,2.566,6.931,6.940,6.933,6.934,6.930,-53.696,3587.000
2.569,2.565,2.568,2.571,2.566,6.936,6.936,6.935,6.938,6.933,-53.696,3588.000
2.567,2.571,2.569,2.571,2.567,6.937,6.935,6.936,6.939,6.942,-54.026,3589.000
2.567,2.568,2.572,2.567,2.569,6.944,6.942,6.945,6.943,6.940,-54.026,3590.000
2.570,2.570,2.570,2.572,2.574,6.938,6.937,6.943,6.945,6.947,-54.257,3591.000
2.566,2.567,2.562,2.572,2.574,6.946,6.944,6.941,6.942,6.948,-54.257,3592.000
2.571,2.570,2.569,2.577,2.573,6.948,6.944,6.946,6.941,6.947,-54.604,3593.000
2.569,2.572,2.569,2.568,2.572,6.950,6.947,6.947,6.951,6.945,-54.604,3594.000
2.567,2.568,2.571,2.567,2.568,6.947,6.952,6.954,6.954,6.947,-54.934,3595.000
2.574,2.576,2.576,2.570,2.574,6.953,6.954,6.957,6.956,6.958,-54.934,3596.000
2.574,2.579,2.582,2.575,2.576,6.961,6.962,6.958,6.961,6.957,-54.332,3597.000
2.575,2.579,2.578,2.576,2.584,6.973,6.969,6.974,6.969,6.968,-54.332,3598.000
2.586,2.586,2.580,2.582,2.583,6.976,6.978,6.978,6.978,6.980,-55.157,3599.000
2.587,2.585,2.580,2.586,2.584,6.982,6.982,6.987,6.982,6.981,-55.157,3600.000
2.582,2.583,2.586,2.584,2.577,6.985,6.992,6.985,6.988,6.982,-55.169,3601.000
2.591,2.586,2.582,2.579,2.582,6.987,6.983,6.986,6.986,6.989,-55.169,3602.000
2.576,2.585,2.585,2.586,2.591,6.987,6.983,6.986,6.990,6.985,-54.452,3603.000
2.578,2.583,2.578,2.587,2.582,6.986,6.985,6.984,6.983,6.984,-54.452,3604.000
2.586,2.582,2.586,2.585,2.581,6.991,6.990,6.991,6.992,6.992,-54.221,3605.000
2.591,2.586,2.587,2.589,2.589,6.995,6.993,6.997,6.993,6.998,-54.221,3606.000
2.585,2.591,2.592,2.583,2.592,7.001,7.002,6.999,6.994,7.000,-54.337,3607.000
2.592,2.595,2.593,2.593,2.588,7.005,6.997,7.010,7.004,7.010,-54.337,3608.000
2.597,2.594,2.591,2.597,2.590,7.013,7.012,7.010,7.010,7.014,-54.756,3609.000
2.594,2.595,2.596,2.597,2.594,7.015,7.013,7.015,7.012,7.016,-54.756,3610.000
2.594,2.595,2.598,2.599,2.599,7.016,7.021,7.019,7.015,7.018,-54.785,3611.000
2.601,2.599,2.596,2.606,2.598,7.032,7.023,7.025,7.026,7.026,-54.785,3612.000
2.611,2.604,2.609,2.606,2.599,7.035,7.037,7.038,7.032,7.034,-54.685,3613.000
2.609,2.602,2.600,2.607,2.600,7.040,7.039,7.038,7.035,7.038,-54.685,3614.000
2.601,2.601,2.600,2.597,2.594,7.030,7.031,7.026,7.027,7.022,-55.226,3615.000
2.588,2.588,2.589,2.584,2.586,6.997,7.000,6.987,6.991,6.994,-55.226,3616.000
2.580,2.579,2.576,2.580,2.577,6.973,6.974,6.976,6.974,6.973,-55.189,3617.000
2.575,2.574,2.574,2.567,2.572,6.958,6.959,6.960,6.960,6.962,-55.189,3618.000
2.573,2.569,2.573,2.567,2.568,6.954,6.954,6.954,6.955,6.953,-55.683,3619.000
2.570,2.564,2.565,2.562,2.572,6.942,6.942,6.943,6.945,6.948,-55.683,3620.000
2.567,2.573,2.572,2.574,2.568,6.946,6.948,6.945,6.944,6.950,-55.432,3621.000
2.570,2.573,2.577,2.575,2.573,6.952,6.952,6.949,6.956,6.953,-55.432,3622.000
2.580,2.577,2.574,2.573,2.579,6.962,6.970,6.965,6.964,6.966,-55.697,3623.000
2.582,2.581,2.577,2.583,2.578,6.970,6.974,6.974,6.978,6.971,-55.697,3624.000
2.572,2.577,2.580,2.583,2.582,6.970,6.973,6.970,6.969,6.968,-55.202,3625.000
2.579,2.570,2.572,2.575,2.576,6.965,6.959,6.965,6.958,6.958,-55.202,3626.000
2.567,2.574,2.578,2.571,2.573,6.958,6.959,6.956,6.953,6.950,-54.698,3627.000
2.567,2.570,2.574,2.566,2.569,6.939,6.947,6.949,6.947,6.947,-54.698,3628.000
2.571,2.569,2.565,2.571,2.567,6.939,6.937,6.944,6.941,6.940,-54.307,3629.000
2.567,2.568,2.570,2.563,2.559,6.930,6.933,6.934,6.933,6.938,-54.307,3630.000
2.566,2.567,2.560,2.568,2.561,6.930,6.922,6.925,6.933,6.921,-54.441,3631.000
2.562,2.567,2.559,2.563,2.564,6.919,6.917,6.919,6.921,6.921,-54.441,3632.000
2.559,2.563,2.560,2.553,2.553,6.919,6.915,6.911,6.913,6.915,-54.581,3633.000
2.557,2.559,2.562,2.556,2.557,6.910,6.913,6.914,6.905,6.908,-54.581,3634.000
2.560,2.556,2.555,2.558,2.556,6.905,6.900,6.900,6.903,6.900,-54.359,3635.000
2.551,2.560,2.554,2.559,2.553,6.903,6.900,6.902,6.896,6.898,-54.359,3636.000
2.554,2.551,2.550,2.549,2.556,6.899,6.899,6.893,6.897,6.898,-55.124,3637.000
2.551,2.550,2.554,2.546,2.552,6.893,6.897,6.889,6.887,6.893,-55.124,3638.000
2.545,2.552,2.548,2.547,2.554,6.891,6.889,6.898,6.890,6.893,-55.189,3639.000
2.543,2.547,2.551,2.548,2.545,6.888,6.889,6.891,6.892,6.888,-55.189,3640.000
2.551,2.548,2.550,2.545,2.552,6.890,6.894,6.893,6.884,6.884,-56.440,3641.000
2.551,2.550,2.550,2.546,2.549,6.882,6.888,6.884,6.889,6.891,-56.440,3642.000
2.549,2.553,2.551,2.550,2.550,6.889,6.884,6.883,6.887,6.890,-55.319,3643.000
2.542,2.551,2.543,2.542,2.545,6.888,6.890,6.887,6.884,6.887,-55.319,3644.000
2.543,2.543,2.541,2.542,2.542,6.884,6.881,6.877,6.881,6.876,-55.582,3645.000
2.542,2.544,2.539,2.536,2.541,6.861,6.865,6.860,6.863,6.869,-55.582,3646.000
2.528,2.537,2.534,2.536,2.531,6.846,6.846,6.851,6.848,6.850,-55.213,3647.000
2.529,2.528,2.534,2.533,2.529,6.847,6.839,6.840,6.846,6.838,-55.213,3648.000
2.526,2.524,2.530,2.525,2.530,6.837,6.843,6.836,6.833,6.832,-55.553,3649.000
2.527,2.526,2.526,2.522,2.530,6.829,6.826,6.824,6.828,6.827,-55.553,3650.000
2.518,2.521,2.522,2.523,2.518,6.830,6.826,6.828,6.828,6.822,-55.108,3651.000
2.527,2.530,2.522,2.529,2.532,6.826,6.829,6.831,6.834,6.831,-55.108,3652.000
2.530,2.521,2.524,2.533,2.527,6.833,6.835,6.834,6.831,6.843,-55.098,3653.000
2.539,2.536,2.535,2.539,2.537,6.844,6.851,6.846,6.848,6.851,-55.098,3654.000
2.538,2.542,2.536,2.535,2.535,6.852,6.851,6.857,6.857,6.862,-55.506,3655.000
2.542,2.539,2.541,2.543,2.539,6.865,6.867,6.865,6.869,6.871,-55.506,3656.000
2.539,2.543,2.542,2.547,2.547,6.875,6.874,6.870,6.871,6.871,-54.574,3657.000
2.546,2.546,2.544,2.546,2.549,6.877,6.882,6.881,6.882,6.880,-54.574,3658.000
2.547,2.554,2.554,2.548,2.545,6.887,6.887,6.887,6.887,6.893,-54.453,3659.000
2.545,2.552,2.545,2.557,2.548,6.902,6.892,6.896,6.898,6.894,-54.453,3660.000
2.557,2.556,2.557,2.550,2.553,6.900,6.899,6.901,6.899,6.904,-54.748,3661.000
2.556,2.558,2.557,2.562,2.561,6.899,6.901,6.905,6.900,6.898,-54.748,3662.000
2.557,2.557,2.550,2.557,2.553,6.900,6.903,6.901,6.904,6.899,-54.020,3663.000
2.557,2.550,2.556,2.555,2.550,6.895,6.893,6.899,6.898,6.899,-54.020,3664.000
2.555,2.553,2.552,2.548,2.555,6.891,6.893,6.890,6.886,6.890,-54.300,3665.000
2.549,2.543,2.542,2.549,2.547,6.883,6.887,6.881,6.882,6.884,-54.300,3666.000
2.546,2.546,2.546,2.551,2.546,6.884,6.879,6.883,6.878,6.882,-54.342,3667.000
2.550,2.546,2.545,2.546,2.538,6.875,6.877,6.878,6.878,6.879,-54.342,3668.000
2.544,2.540,2.548,2.547,2.547,6.875,6.871,6.879,6.872,6.878,-54.344,3669.000
2.546,2.538,2.542,2.541,2.546,6.867,6.869,6.873,6.870,6.872,-54.344,3670.000
2.545,2.537,2.536,2.538,2.539,6.867,6.868,6.864,6.868,6.864,-54.425,3671.000
2.539,2.540,2.540,2.541,2.539,6.865,6.861,6.863,6.862,6.852,-54.425,3672.000
2.539,2.537,2.540,2.542,2.536,6.858,6.854,6.854,6.858,6.857,-54.593,3673.000
2.538,2.537,2.538,2.539,2.539,6.858,6.857,6.854,6.858,6.857,-54.593,3674.000
2.541,2.541,2.542,2.539,2.542,6.858,6.864,6.861,6.856,6.856,-54.945,3675.000
2.538,2.541,2.539,2.538,2.542,6.861,6.861,6.864,6.856,6.863,-54.945,3676.000
2.539,2.547,2.539,2.542,2.544,6.866,6.867,6.870,6.865,6.867,-54.843,3677.000
2.548,2.544,2.539,2.539,2.545,6.873,6.873,6.876,6.873,6.873,-54.843,3678.000
2.545,2.549,2.548,2.551,2.549,6.879,6.878,6.880,6.882,6.879,-54.895,3679.000
2.541,2.544,2.544,2.552,2.549,6.883,6.884,6.877,6.878,6.879,-54.895,3680.000
2.550,2.545,2.550,2.549,2.548,6.883,6.884,6.889,6.883,6.888,-54.457,3681.000
2.545,2.545,2.551,2.545,2.546,6.884,6.891,6.890,6.886,6.884,-54.457,3682.000
2.550,2.550,2.554,2.556,2.548,6.893,6.890,6.890,6.891,6.887,-55.119,3683.000
2.549,2.553,2.549,2.554,2.554,6.891,6.898,6.898,6.894,6.898,-55.119,3684.000
2.558,2.554,2.553,2.558,2.557,6.899,6.896,6.896,6.902,6.900,-55.216,3685.000
2.557,2.553,2.558,2.557,2.554,6.904,6.906,6.901,6.901,6.904,-55.216,3686.000
2.557,2.560,2.557,2.557,2.552,6.902,6.903,6.902,6.903,6.905,-55.115,3687.000
2.552,2.561,2.555,2.556,2.556,6.913,6.915,6.903,6.904,6.905,-55.115,3688.000
2.553,2.551,2.554,2.555,2.554,6.909,6.906,6.904,6.900,6.904,-54.713,3689.000
2.554,2.552,2.558,2.561,2.552,6.901,6.900,6.901,6.900,6.893,-54.713,3690.000
2.555,2.550,2.560,2.557,2.555,6.901,6.905,6.903,6.898,6.898,-54.171,3691.000
2.554,2.556,2.548,2.554,2.555,6.897,6.895,6.894,6.897,6.901,-54.171,3692.000
2.553,2.556,2.554,2.548,2.555,6.897,6.896,6.900,6.899,6.898,-53.536,3693.000
2.550,2.553,2.554,2.551,2.557,6.901,6.903,6.903,6.902,6.900,-53.536,3694.000
2.561,2.551,2.550,2.560,2.556,6.908,6.904,6.908,6.906,6.908,-52.759,3695.000
2.554,2.561,2.569,2.561,2.560,6.915,6.914,6.914,6.917,6.919,-52.759,3696.000
2.562,2.566,2.561,2.563,2.563,6.917,6.921,6.924,6.924,6.921,-51.775,3697.000
2.560,2.560,2.563,2.564,2.563,6.932,6.932,6.929,6.932,6.934,-51.775,3698.000
2.565,2.573,2.573,2.571,2.574,6.936,6.938,6.939,6.944,6.946,-52.885,3699.000
2.567,2.563,2.571,2.570,2.570,6.945,6.941,6.947,6.944,6.946,-52.885,3700.000
2.570,2.573,2.574,2.576,2.568,6.949,6.949,6.946,6.947,6.946,-53.132,3701.000
2.571,2.570,2.570,2.570,2.569,6.941,6.948,6.951,6.944,6.948,-53.132,3702.000
2.568,2.571,2.575,2.571,2.572,6.945,6.943,6.945,6.949,6.945,-53.390,3703.000
2.573,2.565,2.563,2.564,2.571,6.942,6.944,6.942,6.941,6.944,-53.390,3704.000
2.571,2.559,2.569,2.563,2.561,6.942,6.940,6.935,6.945,6.944,-53.567,3705.000
2.563,2.566,2.573,2.566,2.571,6.943,6.947,6.938,6.939,6.937,-53.567,3706.000
2.562,2.564,2.569,2.571,2.568,6.936,6.942,6.940,6.934,6.941,-54.311,3707.000
2.562,2.560,2.562,2.561,2.569,6.937,6.940,6.934,6.932,6.937,-54.311,3708.000
2.559,2.563,2.563,2.569,2.568,6.932,6.926,6.930,6.926,6.927,-54.716,3709.000
2.555,2.560,2.554,2.560,2.559,6.919,6.921,6.916,6.918,6.922,-54.716,3710.000
2.556,2.552,2.555,2.554,2.559,6.913,6.907,6.907,6.903,6.910,-55.283,3711.000
2.549,2.554,2.544,2.556,2.550,6.894,6.898,6.898,6.891,6.898,-55.283,3712.000
2.543,2.542,2.537,2.542,2.536,6.882,6.884,6.880,6.883,6.880,-55.456,3713.000
2.543,2.542,2.536,2.541,2.534,6.875,6.870,6.867,6.865,6.868,-55.456,3714.000
2.529,2.532,2.539,2.533,2.534,6.858,6.858,6.857,6.858,6.855,-55.890,3715.000
2.523,2.533,2.534,2.528,2.530,6.843,6.843,6.842,6.840,6.836,-55.890,3716.000
2.523,2.527,2.526,2.528,2.521,6.829,6.834,6.833,6.831,6.833,-55.027,3717.000
2.514,2.518,2.525,2.526,2.520,6.819,6.815,6.819,6.818,6.823,-55.027,3718.000
2.518,2.523,2.520,2.516,2.515,6.805,6.809,6.814,6.809,6.810,-54.430,3719.000
2.518,2.521,2.509,2.513,2.517,6.798,6.802,6.803,6.800,6.801,-54.430,3720.000
2.513,2.509,2.514,2.515,2.513,6.797,6.797,6.797,6.795,6.796,-54.935,3721.000
2.506,2.507,2.512,2.515,2.508,6.791,6.781,6.789,6.785,6.788,-54.935,3722.000
2.505,2.514,2.505,2.505,2.512,6.784,6.778,6.778,6.777,6.782,-54.923,3723.000
2.513,2.515,2.506,2.503,2.511,6.776,6.780,6.779,6.773,6.776,-54.923,3724.000
2.506,2.502,2.504,2.502,2.503,6.776,6.775,6.776,6.774,6.772,-54.473,3725.000
2.508,2.505,2.505,2.505,2.507,6.775,6.772,6.769,6.767,6.770,-54.473,3726.000
2.510,2.500,2.506,2.504,2.508,6.769,6.770,6.770,6.768,6.771,-55.381,3727.000
2.503,2.508,2.500,2.506,2.503,6.766,6.774,6.771,6.769,6.765,-55.381,3728.000
2.494,2.501,2.499,2.504,2.505,6.767,6.771,6.767,6.772,6.768,-54.749,3729.000
2.502,2.497,2.499,2.504,2.504,6.762,6.764,6.764,6.763,6.773,-54.749,3730.000
2.497,2.507,2.507,2.501,2.503,6.766,6.766,6.770,6.767,6.765,-54.887,3731.000
2.503,2.502,2.501,2.500,2.499,6.766,6.767,6.769,6.770,6.765,-54.887,3732.000
2.507,2.504,2.507,2.510,2.505,6.772,6.769,6.773,6.774,6.773,-55.122,3733.000
2.506,2.504,2.510,2.510,2.504,6.781,6.781,6.777,6.784,6.780,-55.122,3734.000
2.512,2.507,2.509,2.507,2.505,6.785,6.786,6.788,6.787,6.784,-54.411,3735.000
2.512,2.513,2.517,2.515,2.512,6.795,6.793,6.797,6.788,6.797,-54.411,3736.000
2.513,2.511,2.516,2.520,2.513,6.799,6.797,6.801,6.802,6.801,-54.305,3737.000
2.520,2.519,2.524,2.514,2.514,6.813,6.809,6.810,6.814,6.813,-54.305,3738.000
2.523,2.522,2.519,2.519,2.523,6.820,6.816,6.821,6.817,6.816,-54.628,3739.000
2.525,2.529,2.526,2.524,2.531,6.829,6.828,6.827,6.825,6.830,-54.628,3740.000
2.532,2.532,2.526,2.528,2.526,6.831,6.828,6.829,6.834,6.832,-54.467,3741.000
2.528,2.526,2.524,2.531,2.533,6.831,6.838,6.833,6.830,6.838,-54.467,3742.000
2.530,2.535,2.528,2.533,2.532,6.843,6.841,6.839,6.839,6.838,-54.468,3743.000
2.533,2.534,2.532,2.526,2.532,6.841,6.842,6.843,6.846,6.844,-54.468,3744.000
2.537,2.534,2.532,2.537,2.539,6.846,6.849,6.846,6.847,6.844,-54.155,3745.000
2.532,2.532,2.540,2.539,2.533,6.850,6.850,6.847,6.850,6.848,-54.155,3746.000
2.529,2.528,2.536,2.538,2.529,6.847,6.848,6.857,6.854,6.849,-54.600,3747.000
2.535,2.534,2.536,2.537,2.530,6.857,6.853,6.856,6.851,6.851,-54.600,3748.000
2.532,2.531,2.538,2.533,2.533,6.851,6.854,6.853,6.854,6.851,-54.309,3749.000
2.529,2.535,2.539,2.533,2.540,6.857,6.856,6.847,6.855,6.850,-54.309,3750.000
2.534,2.533,2.532,2.536,2.532,6.854,6.856,6.853,6.853,6.852,-53.763,3751.000
2.531,2.543,2.535,2.535,2.532,6.852,6.854,6.860,6.855,6.852,-53.763,3752.000
2.536,2.529,2.535,2.538,2.536,6.861,6.862,6.858,6.858,6.863,-53.447,3753.000
2.540,2.535,2.535,2.534,2.535,6.864,6.871,6.870,6.869,6.866,-53.447,3754.000
2.543,2.547,2.543,2.547,2.542,6.867,6.868,6.871,6.873,6.866,-52.466,3755.000
2.545,2.546,2.543,2.537,2.547,6.879,6.878,6.876,6.882,6.881,-52.466,3756.000
2.542,2.547,2.546,2.545,2.547,6.883,6.880,6.877,6.878,6.881,-51.846,3757.000
2.551,2.552,2.547,2.546,2.542,6.887,6.881,6.888,6.886,6.886,-51.846,3758.000
2.549,2.552,2.550,2.547,2.544,6.883,6.889,6.880,6.880,6.881,-52.273,3759.000
2.542,2.543,2.541,2.543,2.551,6.884,6.882,6.879,6.878,6.876,-52.273,3760.000
2.553,2.542,2.545,2.540,2.540,6.878,6.876,6.877,6.869,6.875,-52.975,3761.000
2.545,2.532,2.538,2.534,2.536,6.869,6.865,6.870,6.873,6.869,-52.975,3762.000
2.539,2.534,2.541,2.538,2.533,6.861,6.864,6.861,6.863,6.859,-53.123,3763.000
2.532,2.535,2.534,2.535,2.536,6.854,6.854,6.856,6.852,6.852,-53.123,3764.000
2.536,2.530,2.529,2.528,2.527,6.851,6.843,6.845,6.848,6.847,-52.926,3765.000
2.529,2.531,2.529,2.532,2.529,6.837,6.840,6.839,6.834,6.837,-52.926,3766.000
2.526,2.519,2.525,2.527,2.528,6.830,6.836,6.833,6.828,6.827,-53.048,3767.000
2.525,2.520,2.527,2.521,2.525,6.817,6.823,6.818,6.821,6.817,-53.048,3768.000
2.522,2.516,2.516,2.519,2.523,6.813,6.812,6.813,6.813,6.817,-53.533,3769.000
2.519,2.518,2.514,2.520,2.514,6.806,6.807,6.807,6.806,6.809,-53.533,3770.000
2.522,2.517,2.520,2.521,2.517,6.795,6.795,6.798,6.799,6.801,-53.800,3771.000
2.508,2.505,2.510,2.506,2.515,6.801,6.794,6.793,6.796,6.796,-53.800,3772.000
2.507,2.507,2.509,2.511,2.513,6.785,6.785,6.792,6.789,6.791,-54.691,3773.000
2.511,2.510,2.509,2.512,2.511,6.791,6.784,6.787,6.784,6.783,-54.691,3774.000
2.510,2.511,2.511,2.513,2.510,6.789,6.784,6.786,6.787,6.785,-54.547,3775.000
2.509,2.512,2.517,2.521,2.516,6.796,6.797,6.793,6.799,6.798,-54.547,3776.000
2.512,2.519,2.513,2.516,2.514,6.804,6.810,6.806,6.803,6.801,-53.990,3777.000
2.515,2.524,2.524,2.521,2.518,6.817,6.819,6.820,6.822,6.814,-53.990,3778.000
2.527,2.530,2.522,2.528,2.523,6.833,6.827,6.827,6.832,6.830,-54.615,3779.000
2.529,2.528,2.532,2.535,2.532,6.845,6.846,6.845,6.848,6.845,-54.615,3780.000
2.531,2.534,2.530,2.542,2.541,6.853,6.851,6.849,6.856,6.855,-54.810,3781.000
2.543,2.542,2.539,2.539,2.537,6.860,6.868,6.862,6.863,6.864,-54.810,3782.000
2.539,2.549,2.541,2.544,2.535,6.869,6.869,6.861,6.871,6.868,-54.902,3783.000
2.540,2.538,2.546,2.540,2.542,6.877,6.874,6.872,6.869,6.870,-54.902,3784.000
2.542,2.541,2.544,2.541,2.539,6.872,6.876,6.870,6.873,6.869,-55.071,3785.000
2.548,2.542,2.540,2.544,2.542,6.876,6.875,6.876,6.877,6.878,-55.071,3786.000
2.543,2.545,2.543,2.546,2.544,6.875,6.878,6.881,6.878,6.878,-54.596,3787.000
2.542,2.543,2.549,2.550,2.540,6.881,6.884,6.884,6.879,6.884,-54.596,3788.000
2.550,2.546,2.543,2.544,2.543,6.893,6.883,6.890,6.887,6.889,-54.903,3789.000
2.547,2.552,2.547,2.542,2.548,6.886,6.883,6.889,6.892,6.888,-54.903,3790.000
2.545,2.547,2.543,2.544,2.543,6.884,6.882,6.887,6.885,6.887,-54.322,3791.000
2.543,2.543,2.543,2.547,2.550,6.889,6.877,6.881,6.877,6.879,-54.322,3792.000
2.542,2.542,2.539,2.534,2.539,6.872,6.873,6.874,6.870,6.872,-54.153,3793.000
2.535,2.541,2.536,2.532,2.533,6.854,6.855,6.852,6.856,6.854,-54.153,3794.000
2.531,2.529,2.535,2.523,2.525,6.847,6.845,6.845,6.846,6.849,-54.396,3795.000
2.524,2.530,2.522,2.527,2.526,6.836,6.834,6.835,6.834,6.829,-54.396,3796.000
2.521,2.521,2.526,2.524,2.520,6.824,6.830,6.829,6.824,6.826,-54.979,3797.000
2.524,2.520,2.525,2.520,2.514,6.829,6.823,6.819,6.824,6.826,-54.979,3798.000
2.523,2.516,2.525,2.519,2.520,6.820,6.820,6.822,6.826,6.818,-54.601,3799.000
2.520,2.517,2.517,2.520,2.519,6.811,6.811,6.813,6.812,6.815,-54.601,3800.000
2.518,2.520,2.515,2.517,2.516,6.807,6.805,6.807,6.810,6.810,-55.225,3801.000
2.521,2.517,2.516,2.512,2.512,6.796,6.795,6.795,6.793,6.797,-55.225,3802.000
2.511,2.507,2.510,2.513,2.512,6.785,6.785,6.783,6.788,6.785,-56.480,3803.000
2.502,2.505,2.506,2.502,2.503,6.776,6.776,6.777,6.779,6.777,-56.480,3804.000
2.504,2.506,2.503,2.506,2.505,6.775,6.775,6.776,6.774,6.776,-55.698,3805.000
2.502,2.501,2.503,2.500,2.512,6.771,6.769,6.772,6.772,6.771,-55.698,3806.000
2.503,2.505,2.510,2.503,2.506,6.775,6.774,6.775,6.776,6.777,-55.588,3807.000
2.507,2.496,2.502,2.513,2.501,6.780,6.774,6.779,6.776,6.778,-55.588,3808.000
2.510,2.507,2.506,2.504,2.509,6.784,6.784,6.781,6.778,6.783,-54.970,3809.000
2.511,2.508,2.514,2.512,2.515,6.786,6.787,6.791,6.789,6.784,-54.970,3810.000
2.506,2.510,2.514,2.515,2.517,6.788,6.795,6.794,6.789,6.786,-55.436,3811.000
2.507,2.513,2.516,2.521,2.511,6.795,6.797,6.800,6.796,6.795,-55.436,3812.000
2.518,2.511,2.518,2.517,2.517,6.800,6.801,6.801,6.801,6.797,-55.211,3813.000
2.515,2.515,2.516,2.511,2.517,6.804,6.805,6.808,6.803,6.805,-55.211,3814.000
2.511,2.518,2.513,2.520,2.511,6.802,6.804,6.800,6.800,6.804,-54.893,3815.000
2.520,2.521,2.517,2.511,2.520,6.797,6.801,6.801,6.802,6.806,-54.893,3816.000
2.518,2.510,2.517,2.521,2.520,6.805,6.800,6.799,6.801,6.801,-55.032,3817.000
2.517,2.517,2.516,2.516,2.512,6.800,6.803,6.803,6.809,6.815,-55.032,3818.000
2.521,2.521,2.517,2.521,2.517,6.804,6.809,6.806,6.811,6.813,-54.457,3819.000
2.518,2.520,2.526,2.523,2.519,6.817,6.817,6.817,6.814,6.815,-54.457,3820.000
2.522,2.521,2.523,2.525,2.520,6.819,6.823,6.824,6.821,6.824,-54.033,3821.000
2.527,2.525,2.527,2.528,2.531,6.829,6.829,6.830,6.835,6.834,-54.033,3822.000
2.532,2.534,2.533,2.533,2.530,6.834,6.837,6.840,6.836,6.836,-54.768,3823.000
2.539,2.527,2.539,2.540,2.531,6.847,6.846,6.841,6.845,6.843,-54.768,3824.000
2.540,2.538,2.533,2.536,2.537,6.847,6.848,6.854,6.854,6.853,-54.850,3825.000
2.542,2.538,2.542,2.540,2.533,6.862,6.854,6.862,6.857,6.865,-54.850,3826.000
2.536,2.535,2.537,2.539,2.540,6.861,6.862,6.857,6.863,6.858,-54.671,3827.000
2.541,2.539,2.532,2.538,2.542,6.857,6.857,6.856,6.861,6.859,-54.671,3828.000
2.539,2.533,2.537,2.535,2.534,6.853,6.855,6.855,6.854,6.854,-55.087,3829.000
2.535,2.533,2.532,2.537,2.531,6.854,6.848,6.846,6.850,6.846,-55.087,3830.000
2.530,2.529,2.538,2.537,2.538,6.855,6.851,6.847,6.847,6.843,-54.218,3831.000
2.534,2.534,2.533,2.536,2.529,6.842,6.847,6.846,6.854,6.846,-54.218,3832.000
2.532,2.531,2.536,2.533,2.530,6.846,6.845,6.847,6.848,6.850,-53.850,3833.000
2.529,2.531,2.530,2.532,2.532,6.840,6.846,6.842,6.847,6.844,-53.850,3834.000
2.524,2.528,2.531,2.531,2.532,6.839,6.842,6.842,6.841,6.841,-53.995,3835.000
2.528,2.529,2.526,2.525,2.529,6.845,6.840,6.846,6.838,6.838,-53.995,3836.000
2.526,2.533,2.530,2.531,2.533,6.841,6.834,6.840,6.840,6.840,-54.590,3837.000
2.527,2.530,2.527,2.530,2.525,6.844,6.841,6.841,6.844,6.843,-54.590,3838.000
2.536,2.535,2.532,2.529,2.531,6.838,6.839,6.836,6.837,6.830,-54.766,3839.000
2.519,2.533,2.531,2.527,2.529,6.830,6.831,6.836,6.829,6.837,-54.766,3840.000
2.528,2.527,2.523,2.523,2.521,6.823,6.826,6.830,6.826,6.830,-55.166,3841.000
2.520,2.517,2.514,2.516,2.520,6.817,6.814,6.815,6.814,6.813,-55.166,3842.000
2.515,2.512,2.525,2.518,2.518,6.809,6.808,6.800,6.807,6.808,-55.447,3843.000
2.515,2.510,2.517,2.516,2.522,6.801,6.799,6.798,6.795,6.795,-55.447,3844.000
2.509,2.511,2.507,2.507,2.513,6.788,6.788,6.795,6.793,6.789,-54.867,3845.000
2.508,2.503,2.508,2.508,2.507,6.775,6.778,6.780,6.782,6.778,-54.867,3846.000
2.511,2.511,2.504,2.509,2.505,6.776,6.775,6.776,6.771,6.776,-55.251,3847.000
2.505,2.502,2.504,2.498,2.505,6.768,6.767,6.765,6.763,6.767,-55.251,3848.000
2.496,2.497,2.500,2.501,2.498,6.766,6.763,6.767,6.768,6.762,-54.168,3849.000
2.500,2.503,2.504,2.502,2.504,6.762,6.760,6.763,6.763,6.764,-54.168,3850.000
2.512,2.502,2.499,2.500,2.503,6.761,6.761,6.767,6.761,6.766,-54.782,3851.000
2.506,2.505,2.509,2.506,2.503,6.761,6.764,6.764,6.766,6.767,-54.782,3852.000
2.510,2.504,2.505,2.506,2.504,6.766,6.767,6.766,6.767,6.770,-54.744,3853.000
2.505,2.507,2.508,2.507,2.508,6.781,6.784,6.781,6.776,6.778,-54.744,3854.000
2.506,2.511,2.509,2.514,2.510,6.784,6.787,6.781,6.781,6.784,-54.445,3855.000
2.516,2.514,2.516,2.511,2.510,6.794,6.792,6.793,6.794,6.790,-54.445,3856.000
2.518,2.514,2.516,2.516,2.515,6.802,6.802,6.799,6.797,6.799,-54.427,3857.000
2.515,2.517,2.517,2.526,2.518,6.804,6.807,6.806,6.803,6.799,-54.427,3858.000
2.518,2.523,2.519,2.523,2.519,6.808,6.812,6.808,6.806,6.808,-53.979,3859.000
2.518,2.524,2.524,2.519,2.525,6.808,6.812,6.813,6.809,6.810,-53.979,3860.000
2.518,2.515,2.523,2.519,2.520,6.815,6.817,6.816,6.812,6.815,-54.177,3861.000
2.519,2.520,2.521,2.519,2.529,6.817,6.818,6.818,6.820,6.820,-54.177,3862.000
2.524,2.522,2.525,2.525,2.524,6.823,6.825,6.827,6.826,6.824,-53.932,3863.000
2.527,2.529,2.525,2.521,2.523,6.826,6.829,6.829,6.830,6.836,-53.932,3864.000
2.523,2.525,2.520,2.529,2.525,6.830,6.832,6.830,6.833,6.837,-53.663,3865.000
2.524,2.525,2.521,2.530,2.528,6.830,6.829,6.829,6.835,6.837,-53.663,3866.000
2.528,2.529,2.530,2.536,2.529,6.832,6.830,6.832,6.834,6.827,-53.858,3867.000
2.520,2.523,2.524,2.520,2.523,6.832,6.827,6.827,6.828,6.830,-53.858,3868.000
2.526,2.530,2.529,2.518,2.521,6.831,6.829,6.826,6.826,6.827,-53.340,3869.000
2.517,2.524,2.518,2.517,2.515,6.822,6.820,6.817,6.823,6.825,-53.340,3870.000
2.525,2.518,2.521,2.518,2.520,6.822,6.821,6.820,6.816,6.821,-53.977,3871.000
2.517,2.518,2.518,2.518,2.520,6.819,6.811,6.810,6.812,6.814,-53.977,3872.000
2.520,2.514,2.524,2.521,2.518,6.815,6.812,6.813,6.814,6.816,-54.845,3873.000
2.518,2.519,2.518,2.526,2.520,6.815,6.815,6.819,6.815,6.812,-54.845,3874.000
2.514,2.520,2.523,2.526,2.525,6.815,6.818,6.820,6.819,6.818,-54.559,3875.000
2.518,2.514,2.525,2.529,2.518,6.826,6.824,6.826,6.823,6.820,-54.559,3876.000
2.526,2.523,2.526,2.522,2.521,6.824,6.826,6.830,6.828,6.828,-53.380,3877.000
2.518,2.518,2.519,2.518,2.516,6.828,6.834,6.825,6.831,6.834,-53.380,3878.000
2.522,2.524,2.525,2.524,2.523,6.834,6.828,6.834,6.832,6.834,-53.758,3879.000
2.529,2.527,2.523,2.523,2.523,6.832,6.838,6.831,6.832,6.836,-53.758,3880.000
2.525,2.526,2.519,2.522,2.524,6.831,6.830,6.828,6.833,6.833,-54.211,3881.000
2.524,2.514,2.523,2.528,2.521,6.833,6.826,6.831,6.824,6.832,-54.211,3882.000
2.518,2.522,2.522,2.519,2.521,6.830,6.826,6.825,6.826,6.825,-54.217,3883.000
2.520,2.518,2.517,2.521,2.521,6.829,6.829,6.826,6.828,6.823,-54.217,3884.000
2.523,2.524,2.519,2.523,2.523,6.822,6.820,6.820,6.821,6.824,-54.176,3885.000
2.519,2.518,2.520,2.520,2.518,6.825,6.821,6.822,6.822,6.823,-54.176,3886.000
2.522,2.518,2.523,2.516,2.514,6.817,6.821,6.826,6.818,6.824,-53.707,3887.000
2.518,2.513,2.520,2.516,2.519,6.812,6.814,6.819,6.820,6.821,-53.707,3888.000
2.517,2.511,2.516,2.518,2.520,6.817,6.819,6.817,6.817,6.817,-53.938,3889.000
2.519,2.518,2.520,2.514,2.522,6.821,6.817,6.820,6.826,6.822,-53.938,3890.000
2.517,2.514,2.516,2.519,2.512,6.828,6.827,6.822,6.822,6.819,-55.180,3891.000
2.520,2.516,2.518,2.517,2.516,6.827,6.827,6.826,6.828,6.822,-55.180,3892.000
2.522,2.521,2.524,2.518,2.518,6.828,6.834,6.830,6.830,6.830,-54.599,3893.000
2.522,2.525,2.526,2.517,2.524,6.837,6.835,6.832,6.832,6.830,-54.599,3894.000
2.522,2.521,2.526,2.527,2.525,6.836,6.838,6.836,6.838,6.839,-54.721,3895.000
2.523,2.520,2.520,2.519,2.523,6.831,6.837,6.831,6.838,6.828,-54.721,3896.000
2.518,2.518,2.518,2.524,2.519,6.828,6.827,6.831,6.829,6.832,-54.160,3897.000
2.520,2.522,2.524,2.525,2.521,6.835,6.840,6.835,6.832,6.832,-54.160,3898.000
2.524,2.524,2.523,2.525,2.526,6.833,6.839,6.839,6.838,6.841,-54.722,3899.000
2.518,2.521,2.521,2.525,2.523,6.835,6.835,6.837,6.834,6.836,-54.722,3900.000
2.522,2.522,2.526,2.527,2.520,6.836,6.838,6.844,6.840,6.839,-55.259,3901.000
2.524,2.529,2.521,2.527,2.526,6.849,6.842,6.843,6.845,6.843,-55.259,3902.000
2.530,2.527,2.525,2.530,2.531,6.848,6.849,6.853,6.850,6.848,-54.673,3903.000
2.534,2.531,2.524,2.532,2.525,6.856,6.854,6.858,6.851,6.856,-54.673,3904.000
2.529,2.523,2.533,2.529,2.537,6.859,6.864,6.858,6.859,6.860,-54.773,3905.000
2.533,2.539,2.533,2.531,2.533,6.862,6.861,6.863,6.865,6.867,-54.773,3906.000
2.534,2.533,2.534,2.534,2.530,6.864,6.870,6.867,6.872,6.871,-54.176,3907.000
2.540,2.538,2.540,2.541,2.536,6.868,6.870,6.871,6.871,6.869,-54.176,3908.000
2.534,2.537,2.541,2.540,2.533,6.870,6.867,6.876,6.868,6.868,-53.909,3909.000
2.537,2.540,2.534,2.537,2.537,6.868,6.869,6.870,6.866,6.871,-53.909,3910.000
2.541,2.540,2.532,2.536,2.539,6.863,6.868,6.865,6.859,6.864,-55.492,3911.000
2.530,2.534,2.523,2.529,2.535,6.858,6.853,6.854,6.855,6.851,-55.492,3912.000
2.526,2.530,2.536,2.533,2.527,6.854,6.853,6.851,6.852,6.844,-54.770,3913.000
2.523,2.518,2.530,2.526,2.530,6.839,6.842,6.844,6.837,6.837,-54.770,3914.000
2.527,2.527,2.527,2.527,2.531,6.841,6.841,6.844,6.842,6.836,-53.667,3915.000
2.528,2.524,2.530,2.525,2.525,6.840,6.839,6.843,6.847,6.833,-53.667,3916.000
2.528,2.524,2.525,2.526,2.529,6.833,6.832,6.837,6.841,6.837,-53.684,3917.000
2.531,2.524,2.531,2.525,2.527,6.837,6.840,6.841,6.838,6.844,-53.684,3918.000
2.524,2.531,2.523,2.524,2.524,6.841,6.842,6.845,6.840,6.841,-53.937,3919.000
2.527,2.526,2.520,2.531,2.533,6.840,6.837,6.837,6.844,6.846,-53.937,3920.000
2.531,2.524,2.523,2.528,2.528,6.844,6.844,6.844,6.842,6.843,-54.073,3921.000
2.529,2.531,2.530,2.533,2.526,6.851,6.843,6.843,6.843,6.846,-54.073,3922.000
2.536,2.530,2.529,2.531,2.534,6.845,6.838,6.839,6.840,6.839,-54.571,3923.000
2.528,2.529,2.534,2.532,2.527,6.838,6.839,6.833,6.842,6.841,-54.571,3924.000
2.530,2.530,2.527,2.519,2.521,6.837,6.839,6.830,6.832,6.828,-55.005,3925.000
2.520,2.518,2.516,2.518,2.523,6.826,6.830,6.826,6.822,6.823,-55.005,3926.000
2.522,2.515,2.520,2.522,2.519,6.814,6.818,6.816,6.816,6.817,-54.529,3927.000
2.521,2.514,2.509,2.520,2.516,6.802,6.809,6.809,6.804,6.811,-54.529,3928.000
2.517,2.517,2.514,2.515,2.517,6.800,6.798,6.801,6.796,6.799,-54.393,3929.000
2.510,2.510,2.516,2.510,2.509,6.793,6.786,6.791,6.792,6.796,-54.393,3930.000
2.503,2.513,2.509,2.505,2.507,6.784,6.791,6.791,6.787,6.788,-54.179,3931.000
2.510,2.500,2.505,2.507,2.506,6.775,6.775,6.775,6.776,6.781,-54.179,3932.000
2.501,2.505,2.504,2.503,2.509,6.772,6.770,6.767,6.771,6.771,-54.411,3933.000
2.502,2.501,2.499,2.501,2.504,6.762,6.765,6.762,6.763,6.766,-54.411,3934.000
2.497,2.496,2.503,2.501,2.503,6.752,6.761,6.760,6.759,6.763,-54.291,3935.000
2.498,2.493,2.503,2.498,2.502,6.756,6.760,6.761,6.768,6.763,-54.291,3936.000
2.502,2.499,2.497,2.502,2.500,6.768,6.766,6.771,6.767,6.769,-54.526,3937.000
2.505,2.508,2.505,2.505,2.504,6.776,6.782,6.775,6.773,6.778,-54.526,3938.000
2.507,2.511,2.508,2.504,2.513,6.783,6.778,6.779,6.779,6.779,-54.392,3939.000
2.504,2.508,2.504,2.510,2.507,6.788,6.785,6.786,6.795,6.784,-54.392,3940.000
2.507,2.506,2.507,2.510,2.506,6.792,6.787,6.783,6.788,6.791,-54.081,3941.000
2.510,2.508,2.511,2.508,2.518,6.789,6.788,6.791,6.791,6.791,-54.081,3942.000
2.506,2.509,2.509,2.513,2.515,6.793,6.787,6.788,6.794,6.791,-54.587,3943.000
2.517,2.516,2.512,2.510,2.516,6.794,6.795,6.797,6.792,6.794,-54.587,3944.000
2.515,2.513,2.505,2.509,2.507,6.793,6.801,6.801,6.797,6.798,-54.254,3945.000
2.513,2.513,2.512,2.516,2.511,6.795,6.794,6.797,6.800,6.796,-54.254,3946.000
2.511,2.517,2.513,2.511,2.510,6.795,6.790,6.791,6.796,6.791,-54.556,3947.000
2.511,2.505,2.513,2.511,2.511,6.789,6.788,6.791,6.791,6.792,-54.556,3948.000
2.512,2.509,2.505,2.511,2.509,6.780,6.783,6.786,6.788,6.788,-54.524,3949.000
2.504,2.502,2.500,2.501,2.502,6.778,6.773,6.776,6.772,6.777,-54.524,3950.000
2.504,2.507,2.503,2.499,2.504,6.772,6.766,6.773,6.766,6.771,-54.435,3951.000
2.501,2.502,2.506,2.495,2.504,6.766,6.769,6.772,6.765,6.766,-54.435,3952.000
2.503,2.508,2.504,2.501,2.499,6.763,6.761,6.768,6.766,6.762,-54.435,3953.000
2.496,2.503,2.504,2.501,2.501,6.764,6.767,6.766,6.763,6.760,-54.727,3954.000
2.504,2.498,2.501,2.503,2.500,6.767,6.769,6.763,6.765,6.758,-54.727,3955.000
2.503,2.498,2.505,2.505,2.500,6.765,6.767,6.762,6.762,6.760,-54.727,3956.000
2.501,2.503,2.505,2.499,2.503,6.759,6.766,6.762,6.760,6.765,-54.868,3957.000
2.498,2.505,2.501,2.502,2.496,6.762,6.760,6.758,6.762,6.759,-54.868,3958.000
2.501,2.493,2.493,2.498,2.500,6.757,6.758,6.760,6.756,6.754,-54.868,3959.000
2.499,2.496,2.500,2.494,2.497,6.757,6.758,6.753,6.751,6.748,-54.570,3960.000
2.492,2.488,2.498,2.494,2.494,6.737,6.747,6.747,6.745,6.742,-54.570,3961.000
2.496,2.491,2.487,2.490,2.491,6.731,6.735,6.734,6.730,6.730,-55.071,3962.000
2.480,2.486,2.481,2.481,2.485,6.717,6.715,6.716,6.715,6.712,-55.071,3963.000
2.482,2.482,2.484,2.484,2.476,6.713,6.707,6.704,6.709,6.705,-54.149,3964.000
2.480,2.478,2.475,2.480,2.478,6.707,6.707,6.705,6.706,6.709,-54.149,3965.000
2.481,2.487,2.481,2.483,2.483,6.714,6.713,6.716,6.710,6.715,-53.774,3966.000
2.487,2.487,2.480,2.484,2.488,6.717,6.719,6.722,6.722,6.722,-53.774,3967.000
2.482,2.488,2.481,2.485,2.494,6.730,6.726,6.726,6.718,6.724,-53.750,3968.000
2.491,2.491,2.490,2.492,2.489,6.725,6.729,6.726,6.730,6.728,-53.750,3969.000
2.490,2.491,2.492,2.493,2.489,6.733,6.725,6.730,6.728,6.735,-54.316,3970.000
2.492,2.495,2.492,2.497,2.492,6.733,6.737,6.734,6.736,6.732,-54.316,3971.000
2.488,2.488,2.491,2.496,2.490,6.734,6.734,6.739,6.737,6.737,-54.680,3972.000
2.495,2.493,2.491,2.494,2.484,6.736,6.740,6.739,6.736,6.740,-54.680,3973.000
2.490,2.486,2.487,2.492,2.491,6.739,6.732,6.733,6.735,6.734,-54.869,3974.000
2.493,2.490,2.488,2.489,2.488,6.733,6.730,6.732,6.727,6.725,-54.869,3975.000
2.488,2.479,2.482,2.484,2.486,6.719,6.727,6.724,6.727,6.719,-55.289,3976.000
2.481,2.483,2.486,2.485,2.484,6.719,6.712,6.717,6.722,6.717,-55.289,3977.000
2.484,2.480,2.485,2.481,2.485,6.714,6.713,6.714,6.716,6.715,-55.120,3978.000
2.484,2.482,2.487,2.488,2.482,6.713,6.702,6.712,6.709,6.710,-55.120,3979.000
2.488,2.487,2.479,2.483,2.481,6.714,6.714,6.713,6.708,6.712,-54.645,3980.000
2.479,2.482,2.484,2.481,2.482,6.718,6.716,6.714,6.719,6.715,-54.645,3981.000
2.479,2.487,2.480,2.486,2.485,6.721,6.721,6.715,6.714,6.720,-55.467,3982.000
2.480,2.486,2.486,2.486,2.489,6.719,6.717,6.717,6.712,6.716,-55.467,3983.000
2.482,2.485,2.483,2.482,2.488,6.717,6.717,6.721,6.719,6.720,-54.252,3984.000
2.481,2.484,2.486,2.482,2.482,6.716,6.721,6.715,6.715,6.714,-54.252,3985.000
2.490,2.485,2.486,2.487,2.478,6.719,6.718,6.715,6.718,6.715,-52.353,3986.000
2.476,2.474,2.485,2.479,2.482,6.709,6.707,6.707,6.706,6.713,-52.353,3987.000
2.477,2.479,2.474,2.482,2.478,6.704,6.708,6.713,6.708,6.709,-52.053,3988.000
2.482,2.481,2.483,2.472,2.474,6.708,6.704,6.704,6.703,6.701,-52.053,3989.000
2.484,2.474,2.475,2.484,2.479,6.711,6.708,6.709,6.708,6.704,-52.794,3990.000
2.479,2.482,2.485,2.482,2.484,6.714,6.712,6.710,6.712,6.712,-52.794,3991.000
2.484,2.483,2.484,2.479,2.481,6.715,6.714,6.715,6.715,6.717,-52.794,3992.000
2.482,2.483,2.482,2.488,2.489,6.717,6.716,6.723,6.725,6.721,-53.345,3993.000
2.490,2.489,2.488,2.492,2.497,6.729,6.729,6.729,6.727,6.730,-53.658,3994.000
2.491,2.494,2.490,2.490,2.496,6.731,6.740,6.730,6.737,6.735,-53.658,3995.000
2.495,2.493,2.499,2.492,2.498,6.745,6.740,6.744,6.737,6.737,-53.596,3996.000
2.495,2.497,2.500,2.494,2.493,6.747,6.751,6.745,6.744,6.747,-53.596,3997.000
2.503,2.493,2.498,2.499,2.500,6.752,6.753,6.751,6.749,6.748,-54.428,3998.000
2.497,2.508,2.506,2.502,2.497,6.752,6.751,6.759,6.756,6.754,-54.428,3999.000
2.496,2.501,2.499,2.499,2.502,6.757,6.761,6.755,6.758,6.755,-54.482,4000.000
2.503,2.504,2.500,2.500,2.500,6.751,6.762,6.761,6.762,6.765,-54.482,4001.000
2.505,2.502,2.503,2.504,2.500,6.763,6.762,6.770,6.763,6.758,-54.253,4002.000
2.498,2.503,2.503,2.503,2.500,6.761,6.758,6.766,6.764,6.759,-54.253,4003.000
2.497,2.495,2.497,2.498,2.499,6.761,6.761,6.760,6.757,6.757,-54.062,4004.000
2.495,2.495,2.499,2.493,2.495,6.753,6.759,6.756,6.755,6.755,-54.062,4005.000
2.497,2.498,2.492,2.489,2.493,6.752,6.755,6.755,6.754,6.760,-54.014,4006.000
2.499,2.493,2.499,2.497,2.500,6.756,6.756,6.761,6.756,6.757,-54.014,4007.000
2.490,2.495,2.497,2.500,2.503,6.757,6.754,6.756,6.755,6.760,-54.123,4008.000
2.497,2.492,2.499,2.497,2.502,6.763,6.763,6.761,6.763,6.761,-54.123,4009.000
2.495,2.493,2.497,2.494,2.496,6.755,6.756,6.755,6.760,6.755,-54.857,4010.000
2.497,2.493,2.499,2.492,2.495,6.752,6.750,6.748,6.745,6.750,-54.857,4011.000
2.490,2.485,2.488,2.487,2.493,6.746,6.742,6.743,6.744,6.741,-54.833,4012.000
2.485,2.480,2.486,2.488,2.488,6.729,6.734,6.738,6.734,6.737,-54.833,4013.000
2.486,2.482,2.486,2.486,2.489,6.732,6.730,6.733,6.727,6.732,-54.841,4014.000
