1.330441113675292053e+00
1.350214603918891143e+00
1.355956802176614628e+00
1.359874884872014134e+00
1.352288260136256026e+00
1.354395496415061517e+00
1.341916585802936046e+00
1.352353852155661063e+00
1.345349944899421724e+00
1.339686164795871548e+00
1.345637272908159821e+00
1.351328896845468863e+00
1.353672857677194807e+00
1.348125938597961815e+00
1.358380806743879621e+00
1.340616601607214742e+00
1.349723500847168633e+00
1.345136560178588070e+00
1.351145898848026938e+00
1.337659008001635286e+00
1.330512295528654132e+00
1.345780465652987701e+00
1.347078238595152966e+00
1.346442590604702172e+00
1.344625008030208457e+00
1.335418165230269016e+00
1.334154727331899659e+00
1.345218071139807847e+00
1.350908858849476424e+00
1.344356841210597064e+00
1.353705093696562223e+00
1.350074008685844040e+00
1.338005353810215903e+00
1.352775125488963281e+00
1.348911644192047454e+00
1.352577465880248297e+00
1.344187157173083458e+00
1.342900001922132658e+00
1.353982398890788419e+00
1.346077863339194769e+00
1.333195494004908888e+00
1.344078935645315553e+00
1.342890270625744398e+00
1.339683358159732718e+00
1.358196609688320233e+00
1.341937852431361877e+00
1.357031304618314893e+00
1.346244690326737770e+00
1.351360991101367759e+00
1.339473253808435294e+00
1.345785659572575677e+00
1.339381177443064841e+00
1.365194246539384482e+00
1.343379904388988244e+00
1.348139049318058724e+00
1.339024241610749399e+00
1.368321255871872699e+00
1.358207173360560738e+00
1.343412544866174674e+00
1.345981673836703640e+00
1.345391522582936039e+00
1.349453809690694950e+00
1.339820571126537851e+00
1.337140695363796095e+00
1.364216037844979912e+00
1.346212663573694179e+00
1.349877514516275800e+00
1.352423213333352248e+00
1.334043382109340481e+00
1.366927707004506054e+00
1.354631431337695702e+00
1.346943845602716960e+00
1.353135334594462336e+00
1.351912108828673409e+00
1.347534582417266646e+00
1.348056764176359223e+00
1.356016732740020769e+00
1.357608408576375769e+00
1.371965978483887794e+00
1.346011543977835512e+00
1.337742961412683007e+00
1.354345102186879979e+00
1.354109427147995648e+00
1.340135319814881321e+00
1.341175162446955671e+00
1.358354442618826097e+00
1.359563089946580261e+00
1.357457753198501038e+00
1.349931953095750981e+00
1.352983436854838128e+00
1.343662579982811245e+00
1.339486292806921997e+00
1.362232004380637740e+00
1.329295476040448065e+00
1.333946052781143088e+00
1.361661812284679529e+00
1.348852479709482299e+00
1.358726793451142223e+00
1.344236178220945765e+00
1.352619139352089883e+00
1.351138387975446387e+00
1.345536239208772855e+00
1.353319655954021705e+00
1.351148134827153013e+00
1.338715672669289480e+00
1.333827350874609241e+00
1.375791472541634253e+00
1.346311519233401199e+00
1.338704300336332365e+00
1.340333926612121473e+00
1.362097096242357974e+00
1.342985586637245321e+00
1.351241616622102182e+00
1.363141499218979869e+00
1.349371330324744545e+00
1.359775243855209759e+00
1.365794848773692394e+00
1.328643057744117728e+00
1.352333413777255355e+00
1.346792354852299534e+00
1.340227839205656801e+00
1.349424371389721378e+00
1.354805824985463092e+00
1.346466145873107978e+00
1.340350880303026626e+00
1.355329382687651796e+00
1.360687589828493804e+00
1.356936837022832743e+00
1.343886645066833641e+00
1.341831700664099181e+00
1.333832080666235598e+00
1.362360415363090604e+00
1.355972716756788987e+00
1.341413708448095488e+00
1.354681701348817047e+00
1.355878872473403440e+00
1.338513946895255158e+00
1.363298320807481145e+00
1.352780711045656004e+00
1.344501016204725286e+00
1.359739766415769324e+00
1.332982587757095549e+00
1.339713539597749969e+00
1.351555527255084765e+00
1.354699814271134617e+00
1.353177707390283979e+00
1.352268010811950694e+00
1.356050763244673441e+00
1.365621296595397993e+00
1.350367972373174519e+00
1.345216432791390915e+00
1.350048141143655123e+00
1.347770035304987069e+00
1.357121473309920612e+00
1.341075277113702002e+00
1.371166446215523749e+00
1.343973861547230086e+00
1.351454802307934466e+00
1.346623582633598604e+00
1.371626864367273990e+00
1.357283218884425047e+00
1.352400181122539680e+00
1.358644898852582550e+00
1.356530228627926160e+00
1.350099383369363970e+00
1.350161506018232593e+00
1.351323726614746201e+00
1.344587151606475128e+00
1.351854790081504110e+00
1.347559505250531364e+00
1.353975653590786754e+00
1.348500397947535845e+00
1.349727334859635253e+00
1.364098018383681499e+00
1.354395496415061073e+00
1.350180100422312623e+00
1.354147112972222011e+00
1.343877450777172466e+00
1.336817862364572340e+00
1.341497938848752014e+00
1.348479418934555030e+00
1.343366789572626452e+00
1.338100414019375961e+00
1.335642926058942859e+00
1.356971401104955843e+00
1.329357384609040071e+00
1.344370130738236968e+00
1.360341620858020795e+00
1.351341175693300034e+00
1.350002886221904230e+00
1.351217828613314742e+00
1.346367545724024728e+00
1.348068673512597293e+00
1.342388202863038948e+00
1.340532159562007442e+00
1.341884138148545125e+00
1.343555393455969860e+00
1.348850645283042660e+00
1.363137021219283040e+00
1.352202271875466932e+00
1.358412171075591868e+00
1.358771217644348717e+00
1.343920903759737717e+00
1.336709836818753105e+00
1.350125893776425556e+00
1.343973861547229642e+00
1.354425654256375067e+00
1.345492492395943263e+00
1.352706094145539994e+00
1.353793627837119207e+00
1.361839716588485683e+00
1.339467342473399158e+00
1.341554162692878194e+00
1.352206865409558034e+00
1.372763611378735815e+00
1.358195351430057984e+00
1.358550182049735655e+00
1.341628128698549638e+00
1.342223477360444894e+00
1.361555094721508041e+00
1.344905530511542491e+00
1.358620608791353268e+00
1.329920938156871735e+00
1.337255431932420802e+00
1.362702439678719735e+00
1.334152975712688427e+00
1.330427279639996296e+00
1.352706094145539772e+00
1.353503241479530717e+00
1.359334141280142960e+00
1.355972716756788987e+00
1.344192375477347046e+00
1.333422003990745175e+00
1.344738066515098529e+00
1.358669693819216873e+00
1.349173430291170650e+00
1.346664320885454735e+00
1.347632909687531022e+00
1.353909502508289009e+00
1.349381099171230947e+00
1.356799427318248430e+00
1.348691399499166943e+00
1.344081667339951602e+00
1.352570971587360171e+00
1.341443566800868625e+00
1.358807484409788824e+00
1.338736916521813258e+00
1.356289816429832484e+00
1.351286024236105110e+00
1.341946334876106040e+00
1.339089243215706437e+00
1.362977465742489791e+00
1.358680908520200292e+00
1.358633341463329591e+00
1.335032855195111612e+00
1.338078438783335544e+00
1.333603367478324753e+00
1.350454788959799535e+00
1.340701547023676277e+00
1.357273364651335523e+00
1.364698717021779695e+00
1.361999239030234232e+00
1.338838929009063872e+00
1.344806014548508122e+00
1.369086512581930704e+00
1.341232535590110020e+00
1.362808384284278862e+00
1.360390941912137830e+00
1.324569054024480774e+00
1.357121473309920390e+00
1.346927404845855714e+00
1.355047793144359858e+00
1.357767460356043898e+00
1.345131039775371962e+00
1.353731239547290688e+00
1.352068714000438598e+00
1.338959141636041350e+00
1.353974399752883473e+00
1.347545742592616724e+00
1.353398714858982999e+00
1.369240790349595338e+00
1.346743863995402579e+00
1.345980774314527340e+00
1.343157706113188521e+00
1.345656442855691415e+00
1.358923246167145438e+00
1.353548819170893536e+00
1.355355350156527416e+00
1.355993598527086785e+00
1.348269303368394567e+00
1.340029130707208305e+00
1.333832080666235376e+00
1.343551998780130097e+00
1.340620420788706912e+00
1.348688791969682610e+00
1.365417150823876602e+00
1.349859527258259639e+00
1.324248872698969182e+00
1.342147861466323588e+00
1.348925372282947510e+00
1.352772899057186340e+00
1.350707801418210563e+00
1.352900143576625247e+00
1.348477492727674809e+00
1.354864130783992815e+00
1.344657628896875901e+00
1.358230284602808924e+00
1.362475710530168138e+00
1.343114903708002794e+00
1.342134237697681032e+00
1.336075469475496824e+00
1.358806979440742690e+00
1.351079305174101020e+00
1.358726653242712024e+00
1.362088817981953248e+00
1.359967012300149936e+00
1.347307011760765283e+00
1.345409590490699081e+00
1.332023126086793408e+00
1.335008393336307053e+00
1.361847438678533972e+00
1.339729478842535793e+00
1.341237830860249280e+00
1.340878911649973082e+00
1.343149038897644143e+00
1.351667924645629792e+00
1.349530067621717233e+00
1.334555847487375768e+00
1.352706094145539994e+00
1.359344899128488438e+00
1.354082330222643904e+00
1.355950541234920648e+00
1.354024479195694575e+00
1.357375978607587630e+00
1.350384494617140385e+00
1.347980429535235114e+00
1.364535852270163607e+00
1.334913221678794892e+00
1.355465818063177785e+00
1.354695050829612724e+00
1.352637845048839882e+00
1.352557698886045046e+00
1.338833220358254694e+00
1.344409780471027105e+00
1.355954257819972808e+00
1.347907112437033872e+00
1.331384999678771219e+00
1.355059135314980345e+00
1.340873470888082952e+00
1.357603062567099172e+00
1.343519380077902392e+00
1.337677085604255467e+00
1.351673661645061975e+00
1.358715536105925326e+00
1.348666690486544528e+00
1.356642147926893083e+00
1.352572067749922446e+00
1.349045548618307500e+00
1.340910623646036859e+00
1.355589287648678809e+00
1.353620784482048922e+00
1.362076125549722683e+00
1.365089188822572686e+00
1.337151301045298890e+00
1.348383943878329827e+00
1.350261455530624710e+00
1.338319763936024476e+00
1.351509223813097016e+00
1.355599113318558091e+00
1.358899313111090468e+00
1.358565839949836374e+00
1.329122958471858906e+00
1.343556214404777682e+00
1.330205682092462816e+00
1.359961845469902064e+00
1.349007402996202920e+00
1.352452531936073399e+00
1.347582467808893680e+00
1.354727470356829722e+00
1.325784715861384022e+00
1.338337294312767378e+00
1.368051340441695185e+00
1.335127971037814998e+00
1.362222336027162362e+00
1.332241241284414901e+00
1.356423998272922704e+00
1.352225331499365746e+00
1.331483976227074706e+00
1.335561367646876274e+00
1.345586755711597693e+00
1.366043786828779583e+00
1.362881794025337046e+00
1.352714284016694135e+00
1.371213537189667653e+00
1.349467895313902988e+00
1.349200745207638663e+00
1.348343892737543515e+00
1.335869153228709028e+00
1.336075806096435947e+00
1.341826831778675233e+00
1.354190123006037805e+00
1.341586829052214602e+00
1.350951820168682760e+00
1.357816782077400308e+00
1.339967693522176928e+00
1.354704905159809458e+00
1.355016920850997009e+00
1.343898640527768862e+00
1.343864267062419460e+00
1.343901578370907846e+00
1.340270912376992474e+00
1.361871848691668330e+00
1.338321277981419533e+00
1.344031219995024395e+00
1.345731010267906980e+00
1.367876829636762048e+00
1.345038752971353890e+00
1.349581007153415335e+00
1.352749505013774112e+00
1.330935057287771395e+00
1.335131454601786727e+00
1.357442974569667893e+00
1.349737881015001140e+00
1.354241111315960033e+00
1.358507511602817797e+00
1.339394022573888954e+00
1.376730121711829291e+00
1.335016570762400434e+00
1.349767776597175617e+00
1.347906017368731169e+00
1.345404420920834898e+00
1.357256549279131752e+00
1.354342976873680993e+00
1.332214351271804986e+00
1.357933671411576171e+00
1.347719918181144561e+00
1.347419588551528991e+00
1.357968282721958131e+00
1.342814416581237458e+00
1.341976581297879889e+00
1.356596437911945952e+00
1.337991085117590906e+00
1.345249290630146755e+00
1.351468047030314201e+00
1.348614203021766045e+00
1.350587951407553167e+00
1.351449512895485983e+00
1.356785111246986641e+00
1.350762421765710153e+00
1.348934463771394920e+00
1.347719167702652987e+00
1.340920408168216893e+00
1.341561030002399679e+00
1.351256032876091862e+00
1.348022021137372795e+00
1.357829818794168419e+00
1.335977262259598008e+00
1.349145773360653555e+00
1.354464512146805744e+00
1.346917328558903781e+00
1.343836975811731671e+00
1.355839698973632323e+00
1.351787534220308062e+00
1.348723016927917406e+00
1.357710412040460612e+00
1.357008223139662739e+00
1.353879642477823886e+00
1.355267014721745156e+00
1.345565031763265917e+00
1.350239488591350012e+00
1.361112411740513117e+00
1.356130402823365388e+00
1.375593770464685894e+00
1.347270096299993725e+00
1.341971558184053448e+00
1.347095446547620146e+00
1.330632306729571557e+00
1.346936889670287130e+00
1.344390679031522096e+00
1.329100218940817646e+00
1.347668326703778341e+00
1.339760793009275197e+00
1.336831700500194398e+00
1.349103724713986097e+00
1.344936333316643973e+00
1.333399160215565704e+00
1.355907260401482350e+00
1.337029075248595378e+00
1.371237106473543799e+00
1.353439881700810865e+00
1.326877201886000890e+00
1.368323241536601786e+00
1.342251811534144412e+00
1.348577274453669927e+00
1.349863599663614799e+00
1.343982324708538956e+00
1.363050538301771919e+00
1.350872615454266290e+00
1.348570279017193840e+00
1.334151303792170395e+00
1.345541304447979813e+00
1.348706334082196756e+00
1.344108855642436540e+00
1.341213950395919285e+00
1.333957297460128810e+00
1.334482258605261595e+00
1.345512635962563763e+00
1.357071652484937552e+00
1.345723556325118198e+00
1.358309270910832200e+00
1.352007109514558492e+00
1.357090049400546450e+00
1.332665957402964008e+00
1.360131699254997661e+00
1.350554302850149435e+00
1.326818807050038851e+00
1.339011541419836249e+00
1.340860545536890491e+00
1.349641283696980887e+00
1.345419831881406347e+00
1.364035969485864142e+00
1.344621608827372139e+00
1.352563925186821780e+00
1.353151260281926893e+00
1.351009828275192559e+00
1.352311086594121914e+00
1.369093272243080639e+00
1.348235293925835299e+00
1.342123694338395401e+00
1.346617294826474964e+00
1.354390594819014249e+00
1.341905816120342099e+00
1.350637802923848385e+00
1.347769239500952621e+00
1.340123856177432016e+00
1.346402615858476537e+00
1.351846610462409615e+00
1.340586799019588993e+00
1.355719149054884554e+00
1.362093913442699922e+00
1.329090440828806008e+00
1.357989174327720372e+00
1.336428227873533769e+00
1.349651150862105409e+00
1.344966922659544206e+00
1.341700572161318661e+00
1.348717665338815541e+00
1.361583510644815531e+00
1.345987827917852542e+00
1.344203867312862455e+00
1.355573192439639474e+00
1.327758723722807233e+00
1.336189872227158792e+00
1.351937931636316925e+00
1.353250120091050279e+00
1.343860886206401206e+00
1.339034666114787386e+00
1.353519095472516032e+00
1.336405278567808663e+00
1.358016139628985597e+00
1.328247746348437452e+00
1.358297642543318862e+00
1.339224028690207069e+00
1.335031222276130691e+00
1.346457290531850370e+00
1.352428480772494446e+00
1.351953504260990258e+00
1.352261229172782686e+00
1.350986568509483510e+00
1.360178086440234857e+00
1.356487194250253436e+00
1.334483375850082254e+00
1.360482514440221502e+00
1.348170906889841536e+00
1.351673661645062419e+00
1.357237008149641211e+00
1.354271962103558602e+00
1.343901578370907846e+00
1.337378314573454796e+00
1.354411271907908665e+00
1.344297049197810567e+00
1.358610440742730185e+00
1.364340756952399980e+00
1.350109617109048088e+00
1.333520772323322889e+00
1.334483375850081588e+00
1.334900156099875224e+00
1.337287479730875361e+00
1.356762951515705806e+00
1.348540991959722879e+00
1.343943191202151555e+00
1.343657765078977384e+00
1.355119515471250535e+00
1.346494953907136694e+00
1.349612927962694497e+00
1.348498578227840028e+00
1.349055587299792691e+00
1.348298398775156670e+00
1.351534832889811133e+00
1.354774875400304834e+00
1.355581544321654786e+00
1.345901177147733607e+00
1.348602097069014460e+00
1.345765765251004442e+00
1.368274064650314203e+00
1.350338725705652054e+00
1.361217836667847569e+00
1.330958175772122276e+00
1.341140709491553284e+00
1.354254656835188531e+00
1.351810754588994357e+00
1.339442376788325673e+00
1.347093134630404254e+00
1.349723138562447744e+00
1.340854679457358589e+00
1.351249604768234081e+00
1.333500639275438715e+00
1.325549960366396718e+00
1.337720187935782734e+00
1.362518199208132108e+00
1.359113154206454732e+00
1.339740037852725774e+00
1.351120285057700210e+00
1.337257110070413590e+00
1.354116347451891134e+00
1.347145963193475682e+00
1.346212895771207174e+00
1.348158528048411631e+00
1.332858935011384860e+00
1.361100546638538855e+00
1.347970307096666875e+00
1.348687550748915331e+00
1.350070988695342367e+00
1.334031879000810772e+00
1.348630251334604679e+00
1.353508918665970340e+00
1.353239799831394086e+00
1.334255659517851855e+00
1.341478911623199988e+00
1.355592001121988410e+00
1.340425980705384656e+00
1.357713954245662658e+00
1.327331950034051911e+00
1.347307721828657323e+00
1.345448264519072623e+00
1.342265835665785056e+00
1.346838842029226324e+00
1.340039156511943386e+00
1.349511673146364554e+00
1.362005284253711590e+00
1.350908403984064643e+00
1.352486495183789827e+00
1.339712601196834552e+00
1.359291244837387502e+00
1.344835613124793605e+00
1.362516892471501206e+00
1.352051512391986288e+00
1.330081257713471077e+00
1.351023224076293383e+00
1.335990725075988816e+00
1.341856127919702102e+00
1.358061195228452700e+00
1.334172338733913721e+00
1.353278027669407635e+00
1.337175982294955379e+00
1.339860176704487538e+00
1.334702938123422333e+00
1.337940857649299486e+00
1.333499136528050633e+00
1.342621923701399433e+00
1.353052273829663088e+00
1.333307819997815225e+00
1.349417705098465259e+00
1.336422220445184550e+00
1.348700884390031662e+00
1.347073192793895924e+00
1.340573707381214508e+00
1.341940748485349166e+00
1.349558244200566026e+00
1.331042647825076086e+00
1.343059081670917809e+00
1.331021687701111400e+00
1.351825356355801144e+00
1.330801601400635414e+00
1.332339630678144760e+00
1.355953331772194570e+00
1.338157179549168241e+00
1.349701008623689802e+00
1.335982946385635639e+00
1.342043847423468161e+00
1.379520286568860721e+00
1.347435213076413563e+00
1.352125106359934881e+00
1.338583377041566713e+00
1.341488740383452560e+00
1.355876528427016003e+00
1.355369855604827034e+00
1.350406510437845542e+00
1.368505612075035183e+00
1.346217142164046754e+00
1.340860132638901137e+00
1.350152700520822480e+00
1.336098416094987362e+00
1.361363497524242794e+00
1.347282914044682256e+00
1.339166687740037220e+00
1.342934737787670585e+00
1.348932426393760764e+00
1.349666292948759061e+00
1.357062936109508788e+00
1.331468477443359610e+00
1.356969120417837571e+00
1.343325013669937285e+00
1.346074987040000170e+00
1.356710256604148679e+00
1.354026509383196242e+00
1.360687427693105134e+00
1.345380844758298666e+00
1.356188397422783076e+00
1.346549671359764444e+00
1.347649747876836557e+00
1.350982668296999423e+00
1.351344498608310296e+00
1.341287212060917167e+00
1.334164869595352521e+00
1.337630478492766617e+00
1.351027196832386146e+00
1.352957294260766830e+00
1.340094206249093922e+00
1.340104041670145518e+00
1.355025799778305950e+00
1.347657915590303013e+00
1.335995175720063655e+00
1.362418866095746139e+00
1.338300409909031652e+00
1.351127783298555984e+00
1.343359114137693711e+00
1.366387513695114242e+00
1.340104036785103592e+00
1.349667106497759672e+00
1.332773879792004124e+00
1.337042144779205133e+00
1.345269118798311458e+00
1.345454555766281812e+00
1.351267220464047014e+00
1.339769316104792329e+00
1.352964159240125586e+00
1.343359040602842169e+00
1.331689889199830557e+00
1.341861047506513360e+00
1.350032117240112628e+00
1.347306491833804021e+00
1.338664803643817569e+00
1.354789221736635074e+00
1.359784702160422354e+00
1.356098843688908095e+00
1.354925889585751442e+00
1.354916456628920018e+00
1.345242892903875331e+00
1.362419152805368183e+00
1.335901143025236548e+00
1.355263492142575910e+00
1.352674753963517551e+00
1.335682228660594273e+00
1.358661328435494697e+00
1.347023060805194294e+00
1.362273297935820304e+00
1.349464433534331764e+00
1.329525541110830211e+00
1.353887736578388123e+00
1.338292032377979890e+00
1.354642540202918299e+00
1.369457363013304452e+00
1.348025175253052765e+00
1.345213126139918725e+00
1.343306047532190961e+00
1.356725041971889256e+00
1.354186358097970722e+00
1.347268945671202145e+00
1.355656435112606584e+00
1.348053090934237197e+00
1.336629818311928064e+00
1.338637042565108182e+00
1.330175399425699956e+00
1.346766247353711643e+00
1.351981527713429276e+00
1.366017881440413362e+00
1.362201134099930933e+00
1.344881689105283051e+00
1.340217689386875133e+00
1.352381162150527949e+00
1.338067263335711576e+00
1.337840834480524599e+00
1.347622706139144144e+00
1.336238895656076675e+00
1.352788135805297332e+00
1.343113858208911271e+00
1.356565931952012471e+00
1.352505774149094231e+00
1.348187614561584091e+00
1.351245417266516480e+00
1.333631224858753850e+00
1.337748212841387785e+00
1.332872635566108022e+00
1.342284158351509049e+00
1.346193938993699435e+00
1.345747509233690575e+00
1.342563068907257406e+00
1.352418741479042730e+00
1.349199726370199137e+00
1.340805915007472038e+00
1.347989582427108646e+00
1.362483914719066602e+00
1.346503546323335243e+00
1.349443510121741685e+00
1.339151081922350661e+00
1.361322086565349476e+00
1.340902087723349068e+00
1.354496604226641976e+00
1.356168936783730183e+00
1.342317049349028402e+00
1.359301163481552832e+00
1.358665909375388114e+00
1.331361104195207812e+00
1.346688776537447785e+00
1.350692538662707110e+00
1.327946513420222630e+00
1.335431291225386508e+00
1.344231611497976653e+00
1.349454054025337912e+00
1.345489022861475537e+00
1.350313909384879718e+00
1.353008183816693188e+00
1.341418493623915076e+00
1.346519890117208629e+00
1.352692237628299710e+00
1.338395970357906695e+00
1.350406510437845542e+00
1.341108978088495496e+00
1.359417723113799159e+00
1.357581701042186006e+00
1.344474624163173093e+00
1.349564545524624792e+00
1.342433511145932679e+00
1.347382561149123470e+00
1.346429454401968151e+00
1.340332437797434384e+00
1.351618424969658561e+00
1.341800848512474609e+00
1.340807917665869820e+00
1.344161054815222744e+00
1.349227504210983142e+00
1.369186596743462436e+00
1.341630238641493778e+00
1.344478036416864253e+00
1.359605074655911183e+00
1.339908904947111346e+00
1.345242892903875331e+00
1.339106381060691353e+00
1.350793658982836654e+00
1.366422919898336197e+00
1.354285390250017151e+00
1.345996857869617758e+00
1.348188828454980337e+00
1.348489831554831486e+00
1.336975868308024618e+00
1.337294131989564372e+00
1.340484191470989739e+00
1.341834545906906984e+00
1.331473540207382511e+00
1.339418923869513334e+00
1.366340803710390794e+00
1.336855393690050020e+00
1.341197175726380753e+00
1.352422293527202335e+00
1.332745844956496839e+00
1.327252783440502570e+00
1.351468996298530678e+00
1.348414040688495907e+00
1.330471411894342149e+00
1.346020819694285331e+00
1.337422522372608613e+00
1.330160241995953285e+00
1.351404479385007740e+00
1.347143670115885206e+00
1.362168626306319075e+00
1.355939798794828510e+00
1.348191064756952384e+00
1.358502714001273093e+00
1.353027553789400761e+00
1.359067977895885182e+00
1.359796098987122948e+00
1.332340217228372259e+00
1.342134172618088872e+00
1.345173129982387250e+00
1.337409882046297849e+00
1.338786608572744452e+00
1.353663874412180057e+00
1.347486444831994312e+00
1.329738614720445300e+00
1.358328410180663637e+00
1.337852964706059966e+00
1.329945380329533799e+00
1.342368323740150471e+00
1.349952780469483749e+00
1.338157083650959978e+00
1.350881271977173004e+00
1.346752906857041632e+00
1.357560578243107718e+00
1.349599999475721290e+00
1.352928040077401306e+00
1.328868612219667789e+00
1.336010606835992709e+00
1.337527903586117173e+00
1.338473166785806967e+00
1.343656489296337631e+00
1.345500978537209624e+00
1.360280421239588255e+00
1.343368914100489642e+00
1.348463625056269155e+00
1.348516140465954027e+00
1.352056495108867162e+00
1.363059648326596429e+00
1.326408737205010846e+00
1.342093106983454742e+00
1.362973371266964939e+00
1.349883452473091827e+00
1.368851584912568864e+00
1.348643632297972017e+00
1.352602643516706893e+00
1.352079961869589564e+00
1.345617722452607357e+00
1.349000375013570396e+00
1.345963658699688148e+00
1.320304423596223575e+00
1.344867971113524296e+00
1.342011910500164218e+00
1.368087050200234467e+00
1.349458938969587241e+00
1.341578555935779349e+00
1.353224415271112147e+00
1.342591558339547575e+00
1.341602932545626459e+00
1.331775167461243692e+00
1.346168805309266192e+00
1.334253876154442242e+00
1.358955809661905434e+00
1.354519140447719039e+00
1.358082006495620053e+00
1.355673114532118806e+00
1.347811858798659168e+00
1.337532785458442008e+00
1.357313724493043106e+00
1.346856542801901702e+00
1.349241942727490873e+00
1.363404997029488808e+00
1.342246560773348030e+00
1.339581269159821897e+00
1.346258146403779055e+00
1.346461677071420615e+00
1.355832584430220811e+00
1.349894010177391079e+00
1.352552857648323448e+00
1.363611100843309831e+00
1.343517267257116954e+00
1.333512337106975698e+00
1.345069722917606514e+00
1.332867860813188088e+00
1.335367477751785437e+00
1.334261670889755891e+00
1.338415792739722443e+00
1.363633769537488272e+00
1.336545322951876891e+00
1.341401559394817422e+00
1.349900339759013912e+00
1.345865201910371400e+00
1.361477638505562915e+00
1.324175320961325841e+00
1.361197015681036016e+00
1.343138350639904166e+00
1.333076604432831047e+00
1.361160665693138316e+00
1.363199903745148100e+00
1.347093134630404254e+00
1.350288864329066696e+00
1.337427206275997316e+00
1.343454522554170527e+00
1.339040566449909209e+00
1.328455532280802265e+00
1.340913785315978934e+00
1.344875210305361612e+00
1.332434703372353590e+00
1.344112336776309924e+00
1.341779308891761113e+00
1.343919837838493336e+00
1.339384525997012965e+00
1.357877027020291116e+00
1.351958181012798299e+00
1.338605787487088472e+00
1.336215870609897882e+00
1.338860647030341466e+00
1.351820201150931711e+00
1.338209500345852732e+00
1.326372753191815468e+00
1.326910928693898484e+00
1.343431228580995285e+00
1.325339184818179472e+00
1.344012547370814437e+00
1.356710860737666335e+00
1.359213728012932609e+00
1.349712019653334982e+00
1.341741346878738028e+00
1.342922443346138861e+00
1.344793684964153080e+00
1.355717762476416288e+00
1.329397914929455249e+00
1.334502509716025687e+00
1.354601369856580639e+00
1.346055734837141360e+00
1.348279897560443974e+00
1.354049327104265288e+00
1.359833286972937705e+00
1.360007446280288468e+00
1.338616774151800026e+00
1.345118486663614776e+00
1.350608166864899928e+00
1.347634852554698837e+00
1.354480900349942063e+00
1.353949961555749537e+00
1.365912537028167728e+00
1.345193029662870243e+00
1.346926099635526342e+00
1.333948102877002384e+00
1.338329495368255850e+00
1.336909547152999478e+00
1.355674893651608537e+00
1.365171472124324437e+00
1.340416327243318495e+00
1.346656808430805929e+00
1.341023469631676512e+00
1.339061504630125077e+00
1.343949502110147076e+00
1.341052716824097768e+00
1.354508202291757391e+00
1.342161517821695682e+00
1.337975765341799850e+00
1.349757212319597555e+00
1.339726108270727245e+00
1.337445200001873058e+00
1.359792238472937953e+00
1.342986790126208252e+00
1.347771782741958413e+00
1.349817252846201798e+00
1.363140728425202397e+00
1.347620740230625946e+00
1.349554856338972320e+00
1.345714292991215366e+00
1.341922962335909908e+00
1.328969168855907101e+00
1.347596056770819617e+00
1.347860620394658815e+00
1.337425192745074876e+00
1.345181353742160635e+00
1.358646080618614471e+00
1.341744769966611628e+00
1.344568144258523557e+00
1.343779511538321092e+00
1.349241942727490873e+00
1.353411508498788551e+00
1.342269876399434736e+00
1.341104187838715767e+00
1.360178750754326371e+00
1.328433850191523158e+00
1.346102563565364063e+00
1.339585633610248072e+00
1.358612785152999658e+00
1.338188786151036647e+00
1.357002230312820634e+00
1.362247386656883386e+00
1.337778370944682660e+00
1.350412153773654200e+00
1.355366382206000919e+00
1.346568761552054516e+00
1.345668096044837281e+00
1.353989507014139670e+00
1.351177600818089575e+00
1.341335113316107330e+00
1.337875136929297160e+00
1.357045454151657671e+00
1.348400683737174255e+00
1.347610772847035010e+00
1.336565515169120921e+00
1.333409499456169600e+00
1.352177174742960064e+00
1.359983799202862720e+00
1.342461597909905491e+00
1.343311650739736018e+00
1.355718879069825133e+00
1.349599480153276909e+00
1.357337461097085418e+00
1.336102329757289375e+00
1.342151547158518365e+00
1.345234845419701619e+00
1.348739180458010001e+00
1.356300811912305671e+00
1.354593889927550698e+00
1.350322304683991614e+00
1.334724262161117947e+00
1.348317550515673702e+00
1.368021355862889088e+00
1.344162351132818456e+00
1.343680022651727590e+00
1.341429646537323661e+00
1.327130821159760554e+00
1.348131409154656568e+00
1.334942431821235731e+00
1.349726689751457709e+00
1.338244246633784051e+00
1.340153920043160252e+00
1.339682400337784962e+00
1.351808904436521352e+00
1.347682655414406128e+00
1.327744876418734954e+00
1.347305245680332719e+00
1.354148462400700303e+00
1.352650655484582076e+00
1.350438330191520597e+00
1.359645161901889221e+00
1.343303805637440895e+00
1.347219262599476775e+00
1.358862226594241163e+00
1.356866809944233809e+00
1.332750171176713128e+00
1.360159897422535069e+00
1.342981146906762513e+00
1.344979772156411624e+00
1.337548340272007641e+00
1.338447499529126228e+00
1.350554282394720751e+00
1.350666719810129646e+00
1.336685369687588221e+00
1.343623260158160138e+00
1.331987420139087774e+00
1.334720522134931198e+00
1.339395651911904794e+00
1.334051565300190534e+00
1.338414131327544832e+00
1.361991820828845290e+00
1.332308901340967910e+00
1.353441337202390349e+00
1.344086502232686664e+00
1.336581802792615736e+00
1.328211426364269032e+00
1.354451981552031725e+00
1.349859905836682694e+00
1.336330366491802257e+00
1.348111927825279110e+00
1.355262969237126303e+00
1.340604103453175266e+00
1.363807705307497731e+00
1.345452376263906347e+00
1.346476951832109359e+00
1.350228980846982285e+00
1.338434086695268421e+00
1.357655594907946517e+00
1.339420206754154297e+00
1.328874101937005836e+00
1.343064916850843948e+00
1.344040815682441048e+00
1.354227634195899199e+00
1.353624761929181908e+00
1.342800266159987377e+00
1.357639732430564683e+00
1.340621239785144914e+00
1.337866289443057299e+00
1.360756192360650152e+00
1.356185943166195340e+00
1.336133375702882375e+00
1.362924134138085774e+00
1.353714697794232258e+00
1.347124585785091311e+00
1.339536495695397234e+00
1.342405865855978986e+00
1.349411146551712015e+00
1.358859552305315521e+00
1.335352929154093982e+00
1.352709676657946725e+00
1.338772461063607588e+00
1.367135892404043762e+00
1.326746675143353649e+00
1.352936832319801219e+00
1.332986546475677603e+00
1.347100773504110505e+00
1.346637115040228982e+00
1.327988581719068195e+00
1.351878649742316085e+00
1.337961292961726834e+00
1.340650541400628892e+00
1.369631345151546498e+00
1.333613333132274814e+00
1.343122737817098677e+00
1.361799259383104310e+00
1.351269289339220192e+00
1.355350961054581971e+00
1.357946918766526956e+00
1.333948102877002606e+00
1.365067464640558725e+00
1.361555550012873761e+00
1.335379424981046448e+00
1.352295783190827549e+00
1.350355943445645357e+00
1.339653842723337096e+00
1.352685343548195585e+00
1.340160414849874471e+00
1.344967902923522862e+00
1.360784055252966862e+00
1.340309678774922686e+00
1.353149066628837716e+00
1.340038995657112375e+00
1.352162303782770580e+00
1.365701296643226481e+00
1.345863409701298252e+00
1.342152812152477281e+00
1.356625556238296726e+00
1.331320103466436144e+00
1.354375363537820176e+00
1.366330316298840719e+00
1.345008954454191441e+00
1.362836671214571194e+00
1.322468766816422336e+00
1.334600835595393553e+00
1.340820638246779328e+00
1.361288717139943927e+00
1.345803267524426694e+00
1.355344549068885129e+00
1.356431776957946145e+00
1.336681957229524764e+00
1.353654749375911459e+00
1.336802639255105563e+00
1.334481333956127669e+00
1.350632341959742799e+00
1.347789560886685445e+00
1.348189909182128110e+00
1.341472784847254962e+00
1.324694665338197241e+00
1.321060684173975819e+00
1.338075869784081773e+00
1.362585126868241625e+00
1.332101350431135867e+00
1.325608620473346377e+00
1.333196497256453839e+00
1.336789341074931858e+00
1.339845438486261919e+00
1.334721295141484187e+00
1.355895891149140109e+00
1.339702217969712006e+00
1.347199828003532662e+00
1.362651701662709325e+00
1.349747947567144113e+00
1.341163135121979044e+00
1.341480107942477629e+00
1.335798508823204722e+00
1.346235872297562697e+00
1.349096553189265135e+00
1.357410444910198688e+00
1.352496726112606185e+00
1.339924176024928082e+00
1.343634701783208207e+00
1.359478619444208336e+00
1.350782785434645916e+00
1.343387493085645978e+00
1.341996060065183904e+00
1.353866860657197080e+00
1.345248302446975242e+00
1.334514796642638057e+00
1.359920454085694175e+00
1.352663225853804496e+00
1.336466976485390923e+00
1.352975217949630826e+00
1.340204281298860156e+00
1.343092558148262894e+00
1.354265525447059693e+00
1.370124948633065554e+00
1.348223162572413703e+00
1.346251440149609069e+00
1.327443846042827502e+00
1.346293818219875593e+00
1.338641249072832107e+00
1.363585730211069214e+00
1.348965470439060566e+00
1.345380797358133762e+00
1.331136543184150645e+00
1.336695290069005448e+00
1.321476367496932980e+00
1.351212264193143442e+00
1.350280207999114301e+00
1.357444906633488824e+00
1.346145840624351830e+00
1.381415514016574253e+00
1.349211908207053945e+00
1.357247378839987695e+00
1.347074549538000543e+00
1.343548145459395160e+00
1.354449328769087968e+00
1.331423084859383099e+00
1.364218002159952814e+00
1.331658998262833959e+00
1.354895153536771923e+00
1.363526735877871765e+00
1.332340012736523249e+00
1.358033502961454086e+00
1.357085065861732387e+00
1.347507623047021763e+00
1.362943766116532895e+00
1.343530474300106858e+00
1.356820202768352246e+00
1.342969269403947452e+00
1.349528833696236552e+00
1.358919601012395839e+00
1.356559501848011218e+00
1.358411572363860786e+00
1.340840884148944978e+00
1.339624829169106190e+00
1.341787509369193554e+00
1.338546991372192352e+00
1.353607899568303186e+00
1.354562060850275973e+00
1.359003265229314028e+00
1.344506443608572299e+00
1.341678506578712238e+00
1.344906726026886323e+00
1.342315066433563020e+00
1.352676815237569663e+00
1.347204988931180569e+00
1.356664103227617435e+00
1.336539209092738600e+00
1.358864920473004334e+00
1.347378444364909278e+00
1.347594522034564646e+00
1.345317564548171863e+00
1.347975091612097609e+00
1.339350730105041354e+00
1.343923918059071410e+00
1.345621471749075981e+00
1.341331787974538337e+00
1.343029804983715714e+00
1.327647681665623081e+00
1.353731371339843337e+00
1.356046271290465066e+00
1.349484910833405493e+00
1.333281288206986881e+00
1.355682516716674391e+00
1.344719701468765960e+00
1.350519539407294634e+00
1.344130220512314011e+00
1.334503663425345321e+00
1.339930664737162935e+00
1.334470395215585414e+00
1.350474924577589775e+00
1.341200841406120725e+00
1.341103372714633313e+00
1.339169944274000379e+00
1.327018753422865238e+00
1.351390906476780618e+00
1.363868880331859046e+00
1.350612286039200249e+00
1.336459818736110527e+00
1.343960138451634201e+00
1.340874293148656360e+00
1.336486052664823232e+00
1.343251583528615622e+00
1.359284618752762075e+00
1.350857934388590254e+00
1.353473544627139313e+00
1.330250042483166251e+00
1.342683469695667542e+00
1.324323203613771982e+00
1.334725824181842491e+00
1.340366990485989618e+00
1.337559242810503646e+00
1.342584168698740976e+00
1.361516233609779247e+00
1.338803281936049139e+00
1.341062576527604300e+00
1.334150771876529751e+00
1.336574590570335674e+00
1.336151062170835013e+00
1.352414113772972826e+00
1.343762539198762207e+00
1.354742955726495390e+00
1.335946793326531878e+00
1.346433926713837437e+00
1.323350161187420770e+00
1.317870986801809918e+00
1.354352650633797950e+00
1.332982549606113176e+00
1.331185770809652391e+00
1.342647429030208395e+00
1.339999475957824648e+00
1.332091964911853665e+00
1.343122076163994372e+00
1.356553319229225618e+00
1.355027071312512321e+00
1.345322638311313934e+00
1.343734451774109218e+00
1.334173049751645079e+00
1.336158306086951519e+00
1.338006531652342623e+00
1.341370366333442865e+00
1.352265315950575308e+00
1.348677454415473376e+00
1.352412242317146518e+00
1.339096654125974339e+00
1.337029392751266421e+00
1.339663490465657691e+00
1.341396547166311182e+00
1.344555234922927500e+00
1.352638857761239155e+00
1.343160631003097016e+00
1.341903445121525484e+00
1.343066597071933987e+00
1.345423808029907242e+00
1.353303701710057760e+00
1.349237927027966188e+00
1.345201132956514112e+00
1.362325077197362733e+00
1.344853084670969423e+00
1.351559849192189411e+00
1.344141983754041370e+00
1.346784246233102111e+00
1.350719013017549930e+00
1.348456707243989916e+00
1.341917116414574229e+00
1.351855811021394738e+00
1.342949684631734142e+00
1.328152358427430402e+00
1.334403472414248171e+00
1.349964698692666110e+00
1.353151845318409041e+00
1.346983045220369712e+00
1.364388401883762203e+00
1.357981606301787547e+00
1.344897606767545328e+00
1.357002294011791177e+00
1.348889081046681815e+00
1.336156072710432685e+00
1.345166060591994839e+00
1.335126300846649405e+00
1.345952566907881121e+00
1.337851819351101534e+00
1.348749202174213346e+00
1.346075486350537087e+00
1.348561242955207629e+00
1.334940671923896538e+00
1.340620015823202227e+00
1.340108751385236996e+00
1.317936943202294930e+00
1.351457383761759168e+00
1.352845068215889013e+00
1.352732941054987981e+00
1.341879863190500899e+00
1.341482042583529433e+00
1.353266225319186056e+00
1.351423609562557804e+00
1.339216008283993009e+00
1.354668610252740102e+00
1.345307234530723983e+00
1.350989606613955285e+00
1.350457830344103050e+00
1.350451799863561231e+00
1.340665077553631068e+00
1.353416223677056829e+00
1.342335001088389435e+00
1.332192223827616040e+00
1.333387510866164583e+00
1.350074444965508880e+00
1.331309483350304745e+00
1.333424191369677825e+00
1.333613333132274592e+00
1.332414462967051128e+00
1.348761189432019503e+00
1.338936169502391360e+00
1.341334226858619028e+00
1.352616164401439391e+00
1.346581689548332461e+00
1.349042092479988852e+00
1.341000366945247269e+00
1.340538014455414206e+00
1.348780111947140092e+00
1.344076465823746735e+00
1.339459717711483977e+00
1.337630907441107686e+00
1.346274276081288912e+00
1.343200206897066540e+00
1.347841551039205221e+00
1.337235209799214619e+00
1.349444652259636612e+00
1.331642475176953333e+00
1.341744769966611184e+00
1.335594199765186341e+00
1.352118627466508460e+00
1.327950436708858151e+00
1.339616283618879855e+00
1.347637144911816298e+00
1.341595379238136099e+00
1.336251457503258688e+00
1.367751969026473002e+00
1.342216818288574975e+00
1.350258011383295820e+00
1.326226232340306233e+00
1.341779802465648652e+00
1.348405964790421407e+00
1.336183137569352031e+00
1.324966772774024193e+00
1.342586491474807575e+00
1.337041334717171459e+00
1.328807067064031733e+00
1.341966875015975447e+00
1.333623694543124127e+00
1.341029942384904139e+00
1.342063360455083565e+00
1.345262107754868319e+00
1.335833817424180836e+00
1.343765666350552168e+00
1.363088261683267133e+00
1.338586468633460314e+00
1.355179747791771083e+00
1.359092090881784287e+00
1.334847835084758572e+00
1.355576677993743040e+00
1.349209730911376193e+00
1.353740489192512442e+00
1.354171674253649593e+00
1.341907026740721598e+00
1.350713132389109949e+00
1.368918525259498642e+00
1.358251117899378357e+00
1.350640437949482076e+00
1.336487577301325613e+00
1.337444266640001045e+00
1.345226529438208640e+00
1.333528782626000497e+00
1.345151864065095904e+00
1.346088184734993032e+00
1.345787404475924154e+00
1.342058528440952525e+00
1.314324205253220024e+00
1.338588697816806006e+00
1.348387006246863473e+00
1.336705231183981324e+00
1.338476333442402799e+00
1.322724932065525660e+00
1.326851277555881392e+00
1.339590843175969770e+00
1.329017976669372381e+00
1.355476081088482498e+00
1.323817270320884143e+00
1.354314847451440151e+00
1.342820802415938486e+00
1.332515446644499280e+00
1.335459747327793156e+00
1.348180954479490046e+00
1.342557972939415922e+00
1.347518966332174939e+00
1.349937148303632428e+00
1.361034627181485046e+00
1.343728057634714368e+00
1.341322756648016146e+00
1.338910609225655746e+00
1.355871018706738651e+00
1.336173972030068713e+00
1.335360825537248219e+00
1.345133490642433927e+00
1.346802897645196895e+00
1.330759003782556960e+00
1.349968402166170200e+00
1.334392232331604422e+00
1.362476333256415817e+00
1.344623611534202956e+00
1.364804806504487766e+00
1.360928035761570731e+00
1.360251276454703229e+00
1.336053204693659957e+00
1.345498236168675144e+00
1.361852434990707961e+00
1.354800373461080287e+00
1.336837652966135215e+00
1.334059889065578597e+00
1.334062516463778048e+00
1.341711222303675788e+00
1.352713498680209403e+00
1.348465301728328569e+00
1.353990037771708899e+00
1.327666177142110771e+00
1.331524031878280168e+00
1.347020460288722798e+00
1.337029682511701845e+00
1.329782596954462548e+00
1.341663209003829405e+00
1.353638263307881395e+00
1.356950685259963318e+00
1.333628661930789105e+00
1.333200342668006355e+00
1.348709242929691854e+00
1.342378672442511300e+00
1.345858960465166287e+00
1.346522340069545187e+00
1.332630124865072707e+00
1.332096179203682507e+00
1.331966054982947067e+00
1.333734299189810235e+00
1.348198133517550357e+00
1.345187496889838519e+00
1.345792025758422827e+00
1.337551659494431888e+00
1.340729733877539243e+00
1.345769543320859407e+00
1.338598757548332907e+00
1.339508618103586457e+00
1.348643452129425491e+00
1.344947745005035555e+00
1.352837332063395959e+00
1.329006509635067834e+00
1.335068367763871944e+00
1.339909652691645414e+00
1.342927996992345552e+00
1.340509855481448964e+00
1.343122387051953526e+00
1.349233384726474361e+00
1.334517478602523788e+00
1.354401117930535303e+00
1.320517887470765483e+00
1.342026794740022178e+00
1.346700743781545029e+00
1.327660533201977078e+00
1.342282378139729282e+00
1.324859602575932715e+00
1.343564938813092580e+00
1.327837291581368317e+00
1.347867144604596001e+00
1.328237513761899136e+00
1.344603304958574830e+00
1.341002148818532635e+00
1.349286288928862820e+00
1.346637709431761865e+00
1.347954196044636399e+00
1.334502764996719826e+00
1.338283101533101593e+00
1.351546212256526713e+00
1.343583142542872144e+00
1.345155403711207232e+00
1.356959959329659959e+00
1.350444195585405183e+00
1.329977623883142224e+00
1.334083681751051076e+00
1.346171530972497532e+00
1.357705265575495091e+00
1.362159051916214780e+00
1.338372285361085323e+00
1.331303478697954290e+00
1.352985157825040918e+00
1.342172724167814746e+00
1.339586401754636613e+00
1.333196727067912590e+00
1.336399748188964232e+00
1.347596478376079876e+00
1.346605059397163462e+00
1.353912851018691077e+00
1.335516967115977005e+00
1.334871604935996992e+00
1.329103544598062570e+00
1.355035196090089267e+00
1.347224284861012089e+00
1.353211631045860841e+00
1.335716714684070938e+00
1.335942207149358518e+00
1.349687767372853786e+00
1.353658667531940196e+00
1.345697031191200432e+00
1.348372934562966474e+00
1.332975010766737967e+00
1.348463147181556909e+00
1.346697241019007230e+00
1.347583422616354332e+00
1.340510670093809420e+00
1.349076894742168298e+00
1.355263233152247615e+00
1.349531208107606517e+00
1.341300827680939944e+00
1.331415957849445997e+00
1.327175770574914759e+00
1.345907047835607218e+00
1.331295365498217143e+00
1.341866142593526323e+00
1.360845097518885050e+00
1.340728486009778786e+00
1.338831264325734960e+00
1.338301103978237760e+00
1.345167244052619004e+00
1.337608139675995123e+00
1.336932817531417461e+00
1.345984011215862752e+00
1.344144753799835446e+00
1.329964211892534331e+00
1.341425473344628472e+00
1.333408558121880416e+00
1.347747291588555552e+00
1.361665821698427870e+00
1.359837855872709778e+00
1.347533808266224042e+00
1.334170503592929213e+00
1.350626622096535279e+00
1.353323704149738571e+00
1.349800858041456220e+00
1.336963649215684224e+00
1.347661482318533555e+00
1.342844480371602645e+00
1.335066722842406683e+00
1.346850024136848623e+00
1.338912756476705157e+00
1.362690882108674950e+00
1.349399041310158420e+00
1.347934344291628506e+00
1.336370156811987231e+00
1.351320508216419247e+00
1.336274051313357081e+00
1.336915393104997296e+00
1.339945524967053325e+00
1.349118741891438988e+00
1.345856527251552803e+00
1.338946269264671418e+00
1.356948145065803413e+00
1.347856802330014370e+00
1.342535607924871588e+00
1.345858960465166065e+00
1.341953267320360688e+00
1.332392714626591923e+00
1.346456118679561831e+00
1.361042700073600953e+00
1.339250954469130006e+00
1.341451154740252782e+00
1.329318436488365229e+00
1.347944076044856665e+00
1.338513671828064133e+00
1.352060113543023245e+00
1.337612232076848429e+00
1.338592360591974950e+00
1.344964880850321620e+00
1.348961613684173777e+00
1.346426323823700866e+00
1.349994371138756533e+00
1.345050177157367521e+00
1.340183331907735642e+00
1.361604836765164306e+00
1.323624343890437594e+00
1.342834373770346534e+00
1.354642144664005343e+00
1.347030735344991514e+00
1.367943407814998125e+00
1.344674552607077356e+00
1.359840524246874294e+00
1.334946763401800851e+00
1.345981449105839056e+00
1.339262699829084635e+00
1.345468705183732627e+00
1.342282378139729504e+00
1.353458735952685510e+00
1.345895937889676652e+00
1.337046785698338347e+00
1.344917229651132917e+00
1.349484118692431567e+00
1.343730690088845048e+00
1.332757708355639670e+00
1.333634095029946121e+00
1.347852573737904569e+00
1.335293009211112825e+00
1.350228998918803436e+00
1.351899719532921651e+00
1.348122677680661186e+00
1.335728634211747146e+00
1.356751145686198701e+00
1.330415903419431167e+00
1.341063524090788217e+00
1.329282193023985315e+00
1.340282874661769874e+00
1.361151466960905942e+00
1.344237860931189132e+00
1.346714861220530857e+00
1.336175304952192500e+00
1.358950521317668025e+00
1.343270015755993363e+00
1.353502269747817177e+00
1.329740596103074823e+00
1.327565146935123508e+00
1.341821872350999811e+00
1.346637115040228982e+00
1.348910524296475844e+00
1.337283214968767231e+00
1.342736501993734732e+00
1.322822017690057361e+00
1.334061847174887072e+00
1.342359539529055956e+00
1.352981806312240298e+00
1.356533723331826424e+00
1.348035530829482465e+00
1.336718680015616556e+00
1.340445910644322502e+00
1.342594074551672678e+00
1.345042046435507066e+00
1.365353462873132973e+00
1.337579328706735238e+00
1.353921412619368825e+00
1.338641401385724183e+00
1.342713439440607948e+00
1.338720483504729053e+00
1.348678279127746515e+00
1.341736461969175842e+00
1.333957610898808932e+00
1.351612244479998060e+00
1.341489378623204942e+00
1.345914678758239003e+00
1.345001946891553501e+00
1.352497656345610588e+00
1.343961538910011022e+00
1.347130715231743769e+00
1.346621700537504518e+00
1.360559536576473993e+00
1.341632247897267760e+00
1.343464201271898029e+00
1.344650705766753607e+00
1.355838534145236363e+00
1.341632247897267760e+00
1.335068538879556899e+00
1.347193068194523669e+00
1.356119803919169753e+00
1.346804759420682229e+00
1.339471916358734749e+00
1.332634033195481349e+00
1.334614752507436553e+00
1.330744399421967872e+00
1.341310175425868945e+00
1.347389101158450009e+00
1.335844805190850026e+00
1.325052564839897418e+00
1.349014509834755460e+00
1.343410157626671042e+00
1.351829074858573732e+00
1.343562637465606224e+00
1.341006382584552403e+00
1.330060881954635121e+00
1.334846060569468307e+00
1.345855451067606179e+00
1.347300269252662552e+00
1.357068634222177828e+00
1.330547936504510531e+00
1.342421737182879937e+00
1.330734824366942126e+00
1.354185193586488367e+00
1.357940013468858176e+00
1.343430440927796621e+00
1.347051733096548132e+00
1.329408033910022269e+00
1.344213217496346369e+00
1.332744970397454320e+00
1.342653254195801171e+00
1.346409152360759531e+00
1.328360942895668639e+00
1.352130819210716872e+00
1.344097765155477520e+00
1.336940226449849334e+00
1.352436992122760806e+00
1.347262521763007426e+00
1.334063240750791746e+00
1.342746655697310665e+00
1.340173185004050804e+00
1.330735861921833907e+00
1.342195891066097824e+00
1.319770670425064019e+00
1.352149880233251666e+00
1.348685307095765618e+00
1.349970349446266704e+00
1.365417560233304739e+00
1.342430882190501995e+00
1.354774234631613616e+00
1.339124762678451930e+00
1.350762262097443767e+00
1.331736466066270941e+00
1.350644099117976005e+00
1.353614729549614815e+00
1.348771343238694076e+00
1.343301769248056887e+00
1.361261560622954336e+00
1.348900356965739622e+00
1.348156046372729122e+00
1.328542083203707591e+00
1.327452276990292557e+00
1.357683090869036491e+00
1.325731665067456655e+00
1.340383345952572025e+00
1.338963097018284643e+00
1.338397461968585889e+00
1.362067918706202807e+00
1.342817919143740157e+00
1.343542173667756634e+00
1.322773030188234999e+00
1.354097894413925030e+00
1.345693902089124094e+00
1.338110666223266243e+00
1.338450310621206674e+00
1.341980769256607031e+00
1.347427539930067253e+00
1.321277577126453551e+00
1.339002844565044592e+00
1.350216516037333170e+00
1.340482186138786336e+00
1.338673468491240692e+00
1.357148239100771203e+00
1.347846299071647325e+00
1.333960492674819420e+00
1.349158542322616228e+00
1.334075392843435237e+00
1.348619291282649568e+00
1.354054730580300570e+00
1.358694812462129642e+00
1.344850907602798351e+00
1.362560004807515046e+00
1.361312315507267279e+00
1.351574364949363005e+00
1.355332534784761345e+00
1.342594074551672678e+00
1.346900919867091373e+00
1.342865593504708466e+00
1.341838879920823402e+00
1.354001483866347888e+00
1.324530637058799698e+00
1.345104500820756277e+00
1.345389321272840721e+00
1.355913746739556558e+00
1.362485297383288163e+00
1.344454528912939706e+00
1.345264136175555958e+00
1.356581150749534448e+00
1.335933147260308873e+00
1.337189995320684499e+00
1.346168527442722418e+00
1.351720680063603464e+00
1.334749576750213773e+00
1.322056952316748024e+00
1.341898542284048590e+00
1.341024528064707955e+00
1.329778171252603558e+00
1.355334354405167696e+00
1.343525737783119345e+00
1.373795721863947605e+00
1.340994532820260821e+00
1.354237690501184366e+00
1.340231343117701757e+00
1.342151922599616576e+00
1.350275941315561168e+00
1.347621750664247831e+00
1.343740996830885104e+00
1.329452622659841987e+00
1.340117027323805665e+00
1.342035488476443605e+00
1.335422777653145543e+00
1.348051475699502122e+00
1.347903958553591020e+00
1.343695454358058372e+00
1.342812441710412141e+00
1.339333373311889286e+00
1.335734277988637642e+00
1.341838875667143993e+00
1.321332283848393851e+00
1.339649299353359080e+00
1.326240764626884783e+00
1.338762468860727139e+00
1.341675566241885109e+00
1.349748485194924408e+00
1.335294255872892855e+00
1.353703326421077602e+00
1.333747986064799385e+00
1.340029257325985768e+00
1.338984626698270342e+00
1.341429330218447680e+00
1.340568479027411719e+00
1.346307832377932945e+00
1.337420069375058196e+00
1.327519013246399648e+00
1.337429003308524544e+00
1.330973159695799879e+00
1.351859265705736002e+00
1.350142325917081720e+00
1.349162977727177859e+00
1.319995512084351619e+00
1.350700946264038693e+00
1.333858439267201490e+00
1.329451830341330743e+00
1.348491686177347271e+00
1.340331645242122338e+00
1.345995111363371022e+00
1.353185887944192922e+00
1.353543055469930811e+00
1.332864963540303371e+00
1.344698713389471445e+00
1.331623854983183142e+00
1.344366178461912753e+00
1.347558887186849796e+00
1.345674801214584493e+00
1.344753850488848990e+00
1.345252264508709272e+00
1.348617611764843405e+00
1.356577515842882553e+00
1.346238641410622883e+00
1.354100938592889714e+00
1.342238347636725004e+00
1.351125204185287032e+00
1.341897115274564234e+00
1.343947954782533705e+00
1.341032319267681405e+00
1.354072110341060009e+00
1.340542811100574605e+00
1.331166608608557400e+00
1.321600080797540322e+00
1.329367270683923907e+00
1.327747214324298763e+00
1.342547191050780242e+00
1.356749283890534841e+00
1.335426505163380906e+00
1.343111540051372677e+00
1.344617737344648845e+00
1.348498426058901911e+00
1.338433120798234732e+00
1.357556279777553776e+00
1.362088398301509073e+00
1.343839531609364313e+00
1.351668996909912490e+00
1.348392045015722074e+00
1.337092581800431335e+00
1.365506866918155149e+00
1.345560692296389860e+00
1.347218937951073725e+00
1.334178906392549990e+00
1.348240777780881139e+00
1.363631857237277645e+00
1.332402130038981669e+00
1.356012531824809297e+00
1.346504854877105917e+00
1.333858439267201490e+00
1.340706085181740503e+00
1.353161929843153866e+00
1.326522070526295005e+00
1.337325124590972969e+00
1.351036993857861912e+00
1.336749265134768550e+00
1.347882676307164518e+00
1.337848436558312759e+00
1.338306257141624656e+00
1.345050103345708736e+00
1.323180400612208540e+00
1.328613616737346570e+00
1.331174072755844984e+00
1.337205554578871025e+00
1.362979751476449897e+00
1.338443425267309417e+00
1.327544563416931833e+00
1.357397628511659127e+00
1.333729768418702388e+00
1.351763144472769351e+00
1.346831845330968003e+00
1.345983088621880208e+00
1.330415261908170832e+00
1.356014934282343543e+00
1.353850475367330164e+00
1.324771119460399271e+00
1.346029874908392765e+00
1.367090114871994944e+00
1.355428985817900944e+00
1.327818863695067186e+00
1.346799813154522685e+00
1.343674808591436953e+00
1.321075004281434540e+00
1.342630524879604215e+00
1.342292289634068547e+00
1.341649195002353467e+00
1.343184439810226838e+00
1.335427008066017551e+00
1.355825387432051166e+00
1.336666412459539099e+00
1.327620882251124845e+00
1.327829020802007598e+00
1.343402647143559392e+00
1.340808306840620912e+00
1.350788541207280868e+00
1.340610960529334150e+00
1.340482955279919564e+00
1.339891259634117260e+00
1.336656238270594432e+00
1.338465731694566951e+00
1.327743893119575080e+00
1.345197400675803401e+00
1.351450039509820567e+00
1.347648529639246862e+00
1.341044452353110872e+00
1.356176201796209790e+00
1.333828978665040133e+00
1.337100185300548638e+00
1.342049248394258543e+00
1.350037623019448851e+00
1.341471564409017825e+00
1.340179062934164111e+00
1.336211908974633600e+00
1.342082636951978492e+00
1.355299671887902235e+00
1.341276046408537592e+00
1.349887627454416261e+00
1.358636562789905522e+00
1.338872907988322591e+00
1.342349888323700169e+00
1.339137406920756224e+00
1.337318960783922872e+00
1.324880117799089430e+00
1.335954030632559020e+00
1.340460267734599364e+00
1.346668848720242728e+00
1.352282043389902544e+00
1.344890607761863865e+00
1.346861499420949571e+00
1.353364761676888905e+00
1.330738732873073316e+00
1.350581748898050494e+00
1.351420349049161418e+00
1.344584687699777792e+00
1.330945637893234945e+00
1.326720781833513385e+00
1.351092464722226882e+00
1.355029451742534974e+00
1.336188559799933229e+00
1.350251651997730562e+00
1.340235375513270544e+00
1.354379437271709730e+00
1.334292154636719463e+00
1.342791358255711165e+00
1.352198381922234072e+00
1.322014781483151991e+00
1.339460045518457099e+00
1.371768998142044005e+00
1.360615278806702078e+00
1.351870438839683608e+00
1.349365716011134975e+00
1.345723711964436298e+00
1.354968046918402003e+00
1.349372952095632128e+00
1.332277047363056299e+00
1.346075792912716507e+00
1.353996659813909265e+00
1.326881326672073369e+00
1.345070351525028629e+00
1.348764560655360656e+00
1.349837791016200494e+00
1.342416290396506229e+00
1.330517822994670807e+00
1.366040137966891166e+00
1.327919926442164167e+00
1.350903829080525531e+00
1.330614442951407517e+00
1.355638877794708375e+00
1.370404003146914018e+00
1.357662563809284739e+00
1.346029543457094135e+00
1.333967518106680128e+00
1.348184767569283515e+00
1.346171824456476651e+00
1.342944248692186537e+00
1.338695641272665382e+00
1.326018443874086072e+00
1.323074857300658769e+00
1.346063668504827726e+00
1.338571701933176206e+00
1.351257465445990569e+00
1.342517253544586842e+00
1.337905480995000174e+00
1.351668996909911824e+00
1.342017905565824121e+00
1.349089684601515238e+00
1.336084616222230181e+00
1.356207881540607119e+00
1.334417685437429446e+00
1.331841865594116214e+00
1.331265169770647461e+00
1.349973232142935187e+00
1.337200662994952660e+00
1.339200723443394692e+00
1.321439883166066975e+00
1.335420668851118098e+00
1.334762875983422692e+00
1.328015512103550844e+00
1.339602009485982848e+00
1.334522744542510075e+00
1.331049302647911103e+00
1.350768759407031006e+00
1.342802550262769623e+00
1.351352623388755836e+00
1.345450230743769682e+00
1.329354662427091105e+00
1.331708348882615800e+00
1.320077175340644615e+00
1.317137615745817669e+00
1.320830371477971887e+00
1.355493167029257151e+00
1.340036207036800597e+00
1.350880727902899370e+00
1.359360399368660044e+00
1.346907044869308567e+00
1.329707553047889235e+00
1.360001888606479303e+00
1.336679945349988463e+00
1.345188903131797620e+00
1.345108187002443279e+00
1.362930481086762846e+00
1.351583280193609626e+00
1.363599695760414177e+00
1.350808851252696785e+00
1.332725017731461792e+00
1.358136496541118676e+00
1.342091554038102208e+00
1.357401808880694505e+00
1.347610114992096486e+00
1.352742073295357894e+00
1.337901037859516196e+00
1.348968094537551066e+00
1.338816715014508052e+00
1.350358687762449161e+00
1.353051362390173873e+00
1.338833030727187623e+00
1.356516820223594433e+00
1.348837464026569677e+00
1.354770099852834919e+00
1.335427818750786422e+00
1.351100073066894058e+00
1.356452886853958928e+00
1.357575676698267841e+00
1.344872733474399062e+00
1.343744206720957513e+00
1.350696923007985273e+00
1.355202748316211236e+00
1.351923005750151452e+00
1.334774031198221245e+00
1.348354768178239516e+00
1.330615783852788780e+00
1.354173941503723055e+00
1.358203556731934825e+00
1.338691696564233924e+00
1.333730761223877570e+00
1.351917982318248557e+00
1.337566422310674685e+00
1.351534436574210796e+00
1.335988963778237171e+00
1.351443455319802700e+00
1.335888912235253079e+00
1.336516330552164566e+00
1.337715929174010610e+00
1.339153606004494179e+00
1.320482667558031231e+00
1.345711088268199074e+00
1.343194360274884369e+00
1.346285902887687014e+00
1.344703842343260902e+00
1.328801596919622741e+00
1.338112870855219239e+00
1.326422096563029118e+00
1.329895713133659507e+00
1.341990968640545789e+00
1.342464701075374078e+00
1.342505783085735871e+00
1.328334193717869649e+00
1.336686829274933874e+00
1.337932907423208917e+00
1.324803644010179582e+00
1.356264260843616620e+00
1.335677947319142689e+00
1.352944034917080485e+00
1.351317672588361107e+00
1.333618667397551860e+00
1.352508399963587404e+00
1.336869625285620033e+00
1.319465118992611430e+00
1.339438708111587495e+00
1.331262519835746172e+00
1.347240252924046811e+00
1.345649327487464575e+00
1.339123219445956581e+00
1.325767437971826723e+00
1.364428694003586795e+00
1.341361341484046843e+00
1.354202010964225211e+00
1.344338812655754722e+00
1.350972582435564284e+00
1.350945981797053053e+00
1.343337449071563716e+00
1.336984758633361414e+00
1.330477176213531898e+00
1.342097800184455236e+00
1.339292157725139543e+00
1.339584319033309878e+00
1.320221906098894227e+00
1.340678213139145702e+00
1.342563832910453447e+00
1.359433071152127415e+00
1.359080530533263831e+00
1.339391658449820888e+00
1.318622276239184377e+00
1.344396754009522077e+00
1.339377883834751204e+00
1.353088473896182364e+00
1.340756749232823841e+00
1.322039173113508825e+00
1.336211908974633600e+00
1.346871736934610375e+00
1.352000589706542799e+00
1.332395896743185926e+00
1.330593843412667177e+00
1.342838431915567954e+00
1.341812793324161257e+00
1.340291203449080593e+00
1.345307296933948793e+00
1.344314980628994238e+00
1.345767312121916026e+00
1.345782569789692795e+00
1.350906768395376822e+00
1.335074052751870299e+00
1.334885577603520890e+00
1.361926322614106066e+00
1.345688209525287560e+00
1.367802448495886392e+00
1.334536051271542956e+00
1.353476834350002767e+00
1.326095091192864839e+00
1.345084628112032332e+00
1.351509616076970177e+00
1.335340267182757001e+00
1.345631296983520686e+00
1.328684084557457901e+00
1.332634848284339091e+00
1.353386044200887373e+00
1.342548554868130184e+00
1.355415175297453478e+00
1.348031164732793608e+00
1.323430129305689817e+00
1.360815336547898324e+00
1.333296660354461149e+00
1.335796098890573713e+00
1.348307653985166166e+00
1.339694536498968302e+00
1.345780057891662773e+00
1.347175203446954406e+00
1.347873298224684158e+00
1.332611593756705792e+00
1.353035312612879348e+00
1.327015694880249397e+00
1.347384222271317933e+00
1.349544932678099496e+00
1.335113978099676801e+00
1.343044072418021928e+00
1.347161452295831507e+00
1.342156061288877655e+00
1.348263896304485510e+00
1.337575855572772587e+00
1.347028339624738891e+00
1.347042296698573116e+00
1.320246898322657625e+00
1.343591473287714999e+00
1.373400982750988097e+00
1.323754166782434849e+00
1.354173287789409930e+00
1.348234710797403757e+00
1.343277397579076160e+00
1.348676305840631251e+00
1.324023115940558437e+00
1.353531319569982072e+00
1.356839206542109988e+00
1.335559274566788579e+00
1.348292283323686336e+00
1.348795893959233716e+00
1.338961226013411387e+00
1.351808531955013493e+00
1.325285754282733208e+00
1.312332339015215954e+00
1.344441733815462614e+00
1.343279921870154325e+00
1.330800840412549979e+00
1.332174805361704850e+00
1.333855605541200529e+00
1.331261515084095848e+00
1.324897536093104122e+00
1.348120875933952467e+00
1.334647901707811446e+00
1.343708635512921079e+00
1.347478163123186023e+00
1.352573464826515082e+00
1.333073030993557895e+00
1.341012738779452373e+00
1.332511715069923941e+00
1.334081758156698827e+00
1.342130074332160916e+00
1.339882582432921465e+00
1.342978083739375217e+00
1.340548670872157011e+00
1.357917251891131771e+00
1.336794540232948636e+00
1.348687564645995929e+00
1.358674492172813331e+00
1.349110033506769613e+00
1.351789622600680474e+00
1.354625184991670839e+00
1.349544926854357341e+00
1.346475974679044674e+00
1.361781431223775929e+00
1.346436578068312295e+00
1.344510555702957966e+00
1.348017177293346469e+00
1.360460340493617304e+00
1.342154211847956136e+00
1.332055440620888653e+00
1.351809973769846351e+00
1.373661268324250839e+00
1.347358534119078799e+00
1.342515217680820161e+00
1.353456154014831325e+00
1.353704681544162236e+00
1.346917311785368110e+00
1.349544926854357341e+00
1.351324790929317787e+00
1.354462411486708096e+00
1.343875813423346832e+00
1.342003334003770698e+00
1.349640170640992398e+00
1.345840173479988078e+00
1.343498537647397351e+00
1.327671356116632229e+00
1.337586218093244739e+00
1.342402440471658354e+00
1.346355449150849148e+00
1.348743395620241703e+00
1.363295849196518583e+00
1.347704647404010636e+00
1.327365089356502326e+00
1.336349789697460988e+00
1.338521331091639288e+00
1.350754523604403401e+00
1.348687564645995929e+00
1.334750460205597067e+00
1.342939697222206075e+00
1.349694495789470317e+00
1.353618536286928409e+00
1.337259000858995739e+00
1.360544304610558974e+00
1.353366423942907071e+00
1.338490156100474504e+00
1.330251760416138795e+00
1.326563772041102318e+00
1.355615426159312742e+00
1.341686875517889233e+00
1.359129882447866144e+00
1.346313378389064397e+00
1.344154774025987820e+00
1.336454291934328520e+00
1.363145207319698127e+00
1.347305796321852434e+00
1.341221454445442163e+00
1.351419184886482938e+00
1.356554355362741715e+00
1.334411112543629541e+00
1.350631039877315143e+00
1.371001850850031234e+00
1.338491929546317349e+00
1.346195195930590005e+00
1.350140117553046082e+00
1.340171947934348129e+00
1.339209092668424361e+00
1.347752953994856062e+00
1.352426985141966131e+00
1.343054430066114691e+00
1.320542555431428511e+00
1.348893601305670042e+00
1.339423214826109820e+00
1.327213127256088976e+00
1.333282915586287087e+00
1.334322902971339042e+00
1.349972532810123527e+00
1.365179901845099186e+00
1.348368791562560620e+00
1.327996277664318381e+00
1.340704883628108579e+00
1.343876267510390798e+00
1.343220046217905583e+00
1.341192786967592587e+00
1.352087369728126598e+00
1.330123999524159828e+00
1.353764467563384422e+00
1.330593843412666955e+00
1.316459754881935451e+00
1.338532400022893754e+00
1.346322532006987815e+00
1.339907330584087841e+00
1.330348122818045598e+00
1.315700364717826476e+00
1.334421018927440583e+00
1.316518777885910207e+00
1.348225753400929205e+00
1.353457869428167371e+00
1.345115405469967662e+00
1.348332027364864905e+00
1.340200059169686542e+00
1.340333223368489035e+00
1.342237072184112368e+00
1.356317046073677535e+00
1.343787002053443036e+00
1.331936125007633587e+00
1.323136147265314921e+00
1.331494524403349811e+00
1.339779628006998680e+00
1.334881446994855114e+00
1.359807581161620149e+00
1.347042401922421861e+00
1.326415055183891134e+00
1.327521162225493878e+00
1.348309047748989631e+00
1.333955926660658431e+00
1.349914354371906544e+00
1.336027944990825445e+00
1.347236100784272805e+00
1.344432478838126777e+00
1.320138542884742749e+00
1.340097865931533683e+00
1.344936347490891304e+00
1.329550977192673233e+00
1.344915236845940498e+00
1.332381293997842775e+00
1.342745976303924227e+00
1.333169025541330877e+00
1.336707379095096071e+00
1.355501150264668553e+00
1.332940591456597712e+00
1.342909720121800765e+00
1.339790007132432681e+00
1.327625306092065083e+00
1.329670586716723335e+00
1.337975578051820102e+00
1.329225880952809469e+00
1.349039598941024209e+00
1.323029244578697750e+00
1.352314181997832598e+00
1.335672662244552278e+00
1.323272645084716093e+00
1.335447911368233820e+00
1.349325734481692241e+00
1.335086384181170427e+00
1.330436974772587266e+00
1.348903165820445782e+00
1.341857465325423160e+00
1.326636913627446512e+00
1.357378622077415553e+00
1.331935513290042561e+00
1.354302215800949893e+00
1.324954792811356974e+00
1.347675254033791514e+00
1.349810797450844646e+00
1.318192357967889583e+00
1.340221227183458597e+00
1.338854259811296910e+00
1.333065068919403906e+00
1.324837613651301815e+00
1.348622360281093613e+00
1.354553694651275508e+00
1.332699348507453196e+00
1.341399176493504042e+00
1.335362271885887964e+00
1.328757588375663934e+00
1.321408845424371981e+00
1.344656861980357387e+00
1.336481078109494014e+00
1.345956800729712688e+00
1.327298914348088887e+00
1.322835087362516759e+00
1.353880730834811086e+00
1.352812230900028556e+00
1.342720527272508235e+00
1.330460540316102058e+00
1.331487984896074117e+00
1.342694515895560770e+00
1.320934083226933620e+00
1.333413873915537229e+00
1.325248176840452263e+00
1.350787598688553359e+00
1.352848823535758749e+00
1.342863731165551133e+00
1.333036560695725292e+00
1.324324827993293541e+00
1.336480820848046758e+00
1.323345174663094204e+00
1.348057941285157657e+00
1.344529029946915255e+00
1.336337155717189251e+00
1.358491840778585313e+00
1.351463824081110099e+00
1.335775996456958881e+00
1.341834694842990672e+00
1.337634095159763614e+00
1.334989817618324359e+00
1.343005968391334015e+00
1.333851373040308097e+00
1.331030993974061438e+00
1.341867834133626980e+00
1.331707200590153795e+00
1.331471611953494394e+00
1.335661019327110566e+00
1.320770408573052945e+00
1.333523629731431237e+00
1.348690262226326819e+00
1.331372982503487012e+00
1.353611403926762602e+00
1.334987973902624914e+00
1.325627688812192728e+00
1.332950556786919316e+00
1.326237459578695210e+00
1.343484768533149021e+00
1.331246186228161488e+00
1.341246842866328448e+00
1.339433593843819104e+00
1.344162887620660163e+00
1.341271176045965685e+00
1.347169602918863562e+00
1.330113215514731495e+00
1.353089832400955261e+00
1.334763128878120320e+00
1.343783500818592325e+00
1.324685369435361526e+00
1.333642737802361866e+00
1.332046417745367028e+00
1.339552759617206101e+00
1.337500242154162855e+00
1.345358653208085231e+00
1.326340862564002077e+00
1.337508817089332558e+00
1.338801635488281683e+00
1.336598412269933478e+00
1.347460657834495201e+00
1.339342063039484776e+00
1.329419182380850328e+00
1.320569698819776816e+00
1.331792322584228527e+00
1.326700637922588966e+00
1.325856790320927958e+00
1.331835474754637261e+00
1.359447551666020049e+00
1.335899425069959845e+00
1.334788292489225148e+00
1.336485865268761897e+00
1.340878288985688505e+00
1.318304964409693802e+00
1.345078287572183173e+00
1.335688895904519891e+00
1.336923451084785164e+00
1.325693564888649867e+00
1.326049827577411744e+00
1.329518211856198118e+00
1.341731359678424607e+00
1.340090929054609470e+00
1.325420791088792960e+00
1.329881489227844105e+00
1.345225080554385277e+00
1.334431109109243341e+00
1.323397841409446940e+00
1.327106053438195987e+00
1.323280261855420692e+00
1.339487514255079503e+00
1.325239145363297233e+00
1.332394368619244540e+00
1.334421136342800684e+00
1.324325947893396416e+00
1.347064046274930149e+00
1.316586942332950150e+00
1.334431196505315054e+00
1.317854510273263280e+00
1.337295468181826763e+00
1.324085513668645131e+00
1.341105377774570950e+00
1.328962761589313812e+00
1.342293272752901334e+00
1.347796918628362484e+00
1.327967640915548087e+00
1.316208514104695970e+00
1.334776834410193347e+00
1.331819357352525435e+00
1.317883992783615676e+00
1.327967640915547864e+00
1.337757283851554568e+00
1.338418233192685269e+00
1.334559768048646511e+00
1.332034503876672105e+00
1.336034113670937273e+00
1.346709417691637212e+00
1.346714849150393301e+00
1.321712693566404306e+00
1.308950017521622877e+00
1.320125135916345060e+00
1.335232664218998666e+00
1.341668905111710108e+00
1.315677737640666534e+00
1.327947710473112553e+00
1.336012554883690751e+00
1.321026814581053532e+00
1.333420982211983574e+00
1.341013013460811143e+00
1.327951876947787824e+00
1.334891304742109819e+00
1.349005091324207539e+00
1.316254112212039251e+00
1.325126895075668054e+00
1.341655246611523689e+00
1.331695745134111597e+00
1.334432413080592683e+00
1.312744625099110163e+00
1.326105412581561227e+00
1.333747666012300659e+00
1.313985376125124560e+00
1.334305887292727144e+00
1.320369492782480503e+00
1.346196526481046707e+00
1.323841058068363052e+00
1.336493529552625903e+00
1.338772207270150005e+00
1.317020662213838067e+00
1.328386930640378827e+00
1.332940993771823956e+00
1.333640215747706970e+00
1.337319319764213255e+00
1.327026347300249931e+00
1.323975425158344210e+00
1.330117763596115665e+00
1.309409695556529529e+00
1.329396705716185290e+00
1.310188802877113146e+00
1.329049538118782126e+00
1.317839829738064683e+00
1.333286094479808614e+00
1.341589682739632083e+00
1.329757900112874758e+00
1.334556892341489887e+00
1.336628932091336264e+00
1.333404134093982840e+00
1.339373021202403091e+00
1.318908014923010796e+00
1.328241346206034734e+00
1.330292450015439387e+00
1.326765433300674868e+00
1.328459936165764743e+00
1.315103686801999183e+00
1.323308897538657103e+00
1.309052868681340742e+00
1.333169630862069299e+00
1.305804000349376270e+00
1.324932085436150375e+00
1.319237049109927673e+00
1.319174431230499600e+00
1.335947447407043853e+00
1.308503165571594629e+00
1.318736141050703692e+00
1.327299656245271020e+00
1.331801160373010662e+00
1.323295114542095252e+00
1.334672308366866567e+00
1.327685144190496880e+00
1.315516916347574616e+00
1.325260243574831742e+00
1.317293088230682585e+00
1.309982540564485376e+00
1.332258856487648746e+00
1.310969386660258307e+00
1.308700039385397362e+00
1.301161109154358231e+00
1.311821142579306487e+00
1.304428999624297258e+00
1.311074225774484736e+00
1.328118942942404512e+00
1.333990577250861342e+00
1.305534864174457965e+00
1.300509158444526081e+00
1.315086662423268882e+00
1.328610798700237128e+00
1.307331292069333184e+00
1.298296059819867843e+00
1.302543690226912076e+00
1.308011046047207637e+00
1.307485614743040481e+00
1.325665864616004885e+00
1.304373732156882459e+00
1.301999258281819616e+00
1.328445991016974803e+00
1.314701892394809501e+00
1.314324523472461870e+00
1.313399567011446667e+00
1.317228979346549034e+00
1.299123581225549051e+00
1.308331746655890804e+00
1.305925695824836419e+00
1.309703569459162109e+00
1.299926800550138983e+00
1.318588590678924977e+00
1.310190180879269528e+00
1.293507111907631124e+00
1.321453676964025270e+00
1.316246869808787912e+00
1.324684302208915643e+00
1.293677219324444794e+00
1.305178932024267269e+00
1.301860242027855996e+00
1.306150927339694068e+00
1.304911749487690953e+00
1.304243996741635936e+00
1.293178197845693544e+00
1.311283960156301553e+00
1.291497404872604449e+00
1.298505559526981434e+00
1.307674658124451827e+00
1.315307278530810642e+00
1.313691161204978863e+00
1.306928756603413566e+00
1.305120149203886859e+00
1.300088047021050963e+00
1.301963421553363753e+00
1.300521322906474264e+00
1.287258141534418865e+00
1.311989438731260282e+00
1.303116235844417270e+00
1.313311025078185423e+00
1.314742340702217849e+00
1.302583409814511484e+00
1.307130280822235147e+00
1.313235613908691812e+00
1.304258254599224731e+00
1.316005568049162910e+00
1.280913052558802834e+00
1.312563682830636624e+00
1.306481093972528207e+00
1.281897645257146889e+00
1.284589240695321877e+00
1.275942472110289883e+00
1.291683352363110826e+00
1.297628837369853461e+00
1.276646726652842290e+00
1.289143019678974600e+00
1.284370888459415827e+00
1.288968530525498979e+00
1.282390583439917187e+00
1.292244825655973317e+00
1.304341087459499393e+00
1.294463394070771489e+00
1.298067008934183919e+00
1.273424893928245094e+00
1.287590044555684710e+00
1.282754474131211797e+00
1.298197446756981011e+00
1.283139313987510688e+00
1.286729504824218218e+00
1.274774326318858453e+00
1.277248063258222155e+00
1.305988036168676425e+00
1.279609480631466845e+00
1.293823236125528853e+00
1.278059868754003459e+00
1.292441739583440885e+00
1.287207575348572774e+00
1.283695209476775734e+00
1.283884525560906376e+00
1.269745645450949478e+00
1.256444114043411719e+00
1.275908389684674793e+00
1.276049342564530065e+00
1.275561470063621305e+00
1.267141535647042794e+00
1.270185397554668194e+00
1.276854967915676431e+00
1.276866470868333936e+00
1.265252305999375215e+00
1.285559613286063607e+00
1.276249803933070526e+00
1.269095864539904417e+00
1.263236828511866028e+00
1.275414185294973191e+00
1.265307507035977830e+00
1.275633873822604070e+00
1.270356608180730484e+00
1.274302768118529938e+00
1.257115089964782939e+00
1.286194640391530752e+00
1.265744316428622840e+00
1.285291880670619502e+00
1.260729591516272619e+00
1.272611187259272691e+00
1.254108567964472343e+00
1.260472097536928571e+00
1.273506973368769168e+00
1.242116567823351003e+00
1.251543673676594803e+00
1.255166435070815600e+00
1.267414006612983757e+00
1.256469946897696088e+00
1.250694194742293153e+00
1.263000508979343239e+00
1.271514985665885833e+00
1.265430865861390641e+00
1.274045425973367340e+00
1.262111144949793484e+00
1.265632907148003472e+00
1.236319005537497517e+00
1.261697891018838780e+00
1.257792658741830438e+00
1.246654306540954327e+00
1.241259848131179622e+00
1.247665148073649144e+00
1.241151654480469713e+00
1.233665251822083864e+00
1.246430555160407794e+00
1.252678365762048163e+00
1.243571180200084392e+00
1.251903510317781354e+00
1.238942994763642336e+00
1.221251980012028504e+00
1.231961706010335167e+00
1.244672767488962606e+00
1.216435614086764705e+00
1.243610350561677347e+00
1.240914863086462150e+00
1.219982279186671681e+00
1.229472985236043980e+00
1.226884219245967689e+00
1.235894818461776845e+00
1.242413261976696104e+00
1.230199887165196904e+00
1.215212400834327688e+00
1.237610621817123890e+00
1.226682775108032919e+00
1.246073297056271567e+00
1.241321218999402065e+00
1.242605933420514841e+00
1.240777087608055718e+00
1.196280671738113588e+00
1.218964073406304749e+00
1.229701832573817599e+00
1.221715756378020989e+00
1.226659500813786607e+00
1.227253088055059393e+00
1.215733009305418388e+00
1.219216847676008575e+00
1.197751498889521260e+00
1.213452928121675711e+00
1.212233274970363706e+00
1.229242481342305071e+00
1.215909488887945145e+00
1.221233288428741570e+00
1.213811016251623576e+00
1.203683905178073887e+00
1.195067743385004988e+00
1.204365425640923526e+00
1.210207071132509249e+00
1.208679329072941844e+00
1.200936151723089429e+00
1.196841603950990374e+00
1.188557652425932476e+00
1.184682373303994396e+00
1.204389719655294622e+00
1.196085378730923576e+00
1.191214678861619358e+00
1.174639096454614284e+00
1.183005238153457039e+00
1.186258383915264947e+00
1.183288152256912307e+00
1.160508293254473022e+00
1.187085866583336813e+00
1.171149977075857995e+00
1.198716101790080701e+00
1.189254521726545333e+00
1.184441651732448308e+00
1.189231508731871001e+00
1.179944223792385616e+00
1.174624689060697280e+00
1.164178767312431528e+00
1.184842980292081682e+00
1.157874899606736285e+00
1.180887367864055904e+00
1.168806019219121195e+00
1.159556192326883339e+00
1.155149191694273325e+00
1.150924312917092296e+00
1.157042532528712142e+00
1.154444463445149394e+00
1.166795078419838871e+00
1.171199828334349435e+00
1.148783179875721316e+00
1.162646310485405010e+00
1.157571652874703982e+00
1.147589984110737316e+00
1.146697354769516064e+00
1.164629965351587693e+00
1.137604980770025032e+00
1.149432711689614806e+00
1.149215304026378170e+00
1.144784829539161164e+00
1.144747031880980037e+00
1.150422488473236804e+00
1.147284488996309415e+00
1.133190374676795731e+00
1.139706729934410578e+00
1.144347862840189300e+00
1.143962576267067766e+00
1.130935287045562232e+00
1.142907408445781092e+00
1.126941747404653471e+00
1.140916263379121443e+00
1.136597703437967954e+00
1.131965621944066580e+00
1.123432307244932815e+00
1.132125455286433713e+00
1.142576674898151179e+00
1.131443213023167083e+00
1.122803956474070164e+00
1.102814231865429706e+00
1.110754999498814177e+00
1.114715356530549428e+00
1.134189076875114610e+00
1.114704862826034981e+00
1.113202255761668535e+00
1.098277399436644375e+00
1.120739421536327329e+00
1.083987001074815160e+00
1.101482304576520077e+00
1.129132741444309085e+00
1.118498136755520234e+00
1.106420215697849985e+00
1.110258418085803056e+00
1.100386101732445665e+00
1.089336436486048054e+00
1.082623613991581246e+00
1.098145797102229482e+00
1.084817849271111800e+00
1.096872809354720646e+00
1.080318801022928765e+00
1.095223917834422078e+00
1.072044541586727684e+00
1.097513236666714631e+00
1.107690674338648540e+00
1.065530607507705341e+00
1.078556592464873232e+00
1.079674743943701554e+00
1.070450507657077388e+00
1.065676519473908845e+00
1.080708647784669907e+00
1.070186390633132589e+00
1.059252694430101283e+00
1.085637331287925500e+00
1.077820589979669785e+00
1.072728339754196236e+00
1.049711546866726186e+00
1.063388564731437169e+00
1.068387608130641819e+00
1.041694152833451348e+00
1.043413604870770728e+00
1.056735703445807362e+00
1.040952699823462169e+00
1.043459972281309822e+00
1.037079087219097140e+00
1.032928896633110272e+00
1.034315371426077768e+00
1.042706795875733006e+00
1.037415522287697511e+00
1.034103365176665346e+00
1.026204648552959897e+00
1.048682608539927896e+00
1.039172970392500117e+00
1.014555576110863555e+00
1.024296918711306015e+00
1.015579581652014118e+00
1.031977961022074730e+00
1.003211401747937215e+00
1.031643913777303023e+00
1.022049619536217424e+00
1.022590935748415752e+00
1.002535009049130066e+00
1.015034775843932646e+00
9.980521421871877408e-01
1.004634396852631451e+00
1.009141440077807372e+00
1.004266206575709974e+00
9.864582187351903508e-01
9.935522086514120277e-01
1.003603321130058568e+00
1.003230239769007826e+00
1.020017214883752077e+00
9.801054000061885096e-01
9.735084523084645003e-01
1.014182734354433846e+00
9.856016399925753291e-01
9.878722012138093644e-01
9.879627145951980216e-01
9.748140933649249718e-01
9.779558895082846037e-01
9.804013104739337514e-01
9.712099775811043889e-01
9.736520756546462874e-01
9.833301100261271355e-01
9.676887580066996231e-01
9.567620011483131126e-01
9.927452078690398585e-01
9.637666824300040735e-01
9.694392054249481028e-01
9.802056874479239124e-01
9.593139273301229952e-01
9.632944219899245430e-01
9.573280479038531743e-01
9.637081920758820974e-01
9.508802702206763380e-01
9.435210610817731380e-01
9.515668018554677143e-01
9.319898545277897073e-01
9.422825242356963615e-01
9.242798390099813410e-01
9.288470300471373120e-01
9.259777271907769780e-01
9.410156028874365752e-01
9.317654703458836396e-01
9.090902657091395334e-01
9.358131555374706867e-01
9.447531777069554382e-01
9.236334495874678474e-01
9.147691700011226779e-01
9.028751322726922268e-01
9.120847923108121869e-01
9.254897075362897851e-01
9.011370289024337454e-01
9.062275765899145963e-01
9.019911249936520825e-01
9.133410609014537274e-01
8.907923754728546140e-01
8.918512538112380872e-01
9.115744682416719868e-01
8.991340489512114065e-01
9.087557661975512735e-01
9.054848669797455063e-01
8.830656942205108439e-01
8.949002803486749702e-01
8.962015731790067274e-01
8.778851276539165749e-01
8.908104071407484392e-01
8.889363245256900470e-01
8.817037244276401120e-01
8.852760696443274790e-01
8.817342095862374940e-01
8.760524855591889093e-01
8.685384317169799751e-01
8.888050538126782696e-01
8.830330571674374074e-01
8.572135094332673511e-01
8.540346766962466640e-01
8.630321456889968879e-01
8.627812326607708915e-01
8.491721967089488343e-01
8.480181795034443804e-01
8.426178623253326450e-01
8.438455637810383658e-01
8.493795916026731785e-01
8.585273853369836949e-01
8.445788067124339049e-01
8.564978656605777285e-01
8.360734782117661412e-01
8.316758031773622273e-01
8.419128406108837837e-01
8.205533929349201339e-01
8.489435022877841464e-01
8.390946969564569979e-01
8.287711126581714938e-01
8.329995448578054740e-01
8.391630246142202099e-01
8.289400906318746820e-01
8.245252727502796475e-01
8.239319202077827198e-01
8.174699627789882017e-01
8.181583105950948065e-01
8.148122825718864259e-01
8.031423242718351840e-01
8.139292641093918146e-01
8.092087405765522323e-01
8.042830172861634708e-01
8.051208457779147620e-01
7.997441163707501577e-01
8.037299408531956013e-01
7.890944425317404365e-01
8.016089558790747693e-01
7.880249931782840056e-01
7.954386454761626091e-01
7.950746708053544332e-01
7.886510512503636106e-01
7.852787026688156091e-01
7.938472236630959022e-01
7.811365402999732588e-01
7.813641012054398649e-01
7.735822510663127316e-01
7.595270107465957876e-01
7.785368096605226329e-01
7.763943460114020034e-01
7.658135246853019495e-01
7.717572976960653808e-01
7.630108799494587091e-01
7.660543661428561579e-01
7.781247964908707404e-01
7.646934094748238930e-01
7.798983210546952538e-01
7.663945559674465446e-01
7.720403699304457801e-01
7.393744211987139936e-01
7.496439249615304279e-01
7.765052517587212044e-01
7.581293043052972358e-01
7.353105371102660603e-01
7.553929501039047256e-01
7.485003866762902636e-01
7.379672902366866127e-01
7.533874769974256980e-01
7.227736153644934713e-01
7.283593897581264187e-01
7.321287541272989419e-01
7.353137535635212441e-01
7.236739123472237800e-01
7.275851172941149025e-01
7.216757451170361382e-01
7.360942843909646927e-01
7.251402851100111624e-01
7.044611109006621019e-01
7.214169718815477417e-01
7.168983732005974607e-01
7.155311942695112837e-01
7.123124949308847764e-01
7.245002550732400071e-01
7.090547791527891386e-01
7.133917969752606725e-01
6.936927994854350521e-01
6.995408876126205655e-01
7.045419355245068349e-01
6.992925240971360479e-01
6.921883368900434430e-01
6.979263749562393260e-01
6.860322463274581839e-01
6.919748518694343042e-01
6.867857852899049709e-01
6.994159508470275677e-01
6.973344403196155561e-01
6.904158644113412846e-01
6.907463070824321205e-01
6.966594157538189558e-01
6.572755308352883352e-01
6.747091900580872714e-01
6.704097449648900309e-01
6.688930238025909691e-01
6.852854662008297515e-01
6.708752901953572989e-01
6.741859070170520551e-01
6.668230063054872980e-01
6.696062249551920642e-01
6.640298508770168251e-01
6.521104744040261414e-01
6.582020532759859099e-01
6.660193647175071119e-01
6.495349312593770019e-01
6.608228349002557289e-01
6.573657611876607687e-01
6.571087234989477777e-01
6.473875616718856030e-01
6.681006399117660477e-01
6.564516923512101476e-01
6.493267472179886646e-01
6.567425242852884537e-01
6.499936793544448532e-01
6.475163695968069177e-01
6.498885248835554185e-01
6.442904239389753984e-01
6.575395479450484304e-01
6.336106250263088269e-01
6.359629530153620980e-01
6.414583359789149952e-01
6.504414946186684032e-01
6.342225936403697029e-01
6.391600918949088550e-01
6.391734352674829367e-01
6.358519775712021538e-01
6.238128294936279294e-01
6.327475861333818896e-01
6.282206979657607437e-01
6.284578665181053125e-01
6.253974854790966820e-01
6.394777632102364162e-01
6.288978475527148282e-01
6.124217357157110131e-01
6.174949879490473359e-01
6.119669848004991586e-01
6.137961212981091208e-01
6.267068826150185012e-01
6.072174452160495894e-01
6.061639463080586987e-01
6.068847325899162648e-01
5.782359448595472129e-01
6.180374702348181426e-01
6.283780201181560221e-01
5.944280668114734212e-01
5.955466075104247636e-01
6.087081895638681850e-01
5.868127388667335742e-01
5.871215480632079320e-01
6.016230150544712441e-01
5.872124447731585928e-01
6.053231440491559923e-01
5.875195360204972239e-01
5.860684460305828347e-01
5.982096508106755639e-01
5.836027731688459008e-01
5.806294586582669837e-01
5.860076473150438447e-01
5.836750771266332460e-01
5.839360729091158664e-01
5.889073258404997624e-01
5.775300612902236619e-01
5.597907645000315124e-01
5.794924896728264052e-01
5.677320304027608788e-01
5.646125434206653582e-01
5.687460560588185610e-01
5.850816032934174071e-01
5.544012844444684562e-01
5.689231648846257983e-01
5.636123501123468937e-01
5.762852487163362403e-01
5.608534602790471446e-01
5.735331103227688798e-01
5.574560646244661744e-01
5.554903707282485836e-01
5.689696547922833414e-01
5.578280077761426092e-01
5.662437827113080413e-01
5.538232659360418086e-01
5.533620587270544622e-01
5.644643018291265468e-01
5.534502820553142133e-01
5.531781162481247405e-01
5.439318947675865212e-01
5.451736358844688768e-01
5.373971662986659625e-01
5.411383589842662101e-01
5.461490945997404811e-01
5.364270673405967527e-01
5.467022038631152991e-01
5.390337356402846725e-01
5.488856194159161817e-01
5.338240359786403655e-01
5.373909118530896256e-01
5.458703735410671554e-01
5.443691682612097349e-01
5.430127743639475701e-01
5.378569719061579990e-01
5.364468652523826098e-01
5.302508041048311638e-01
5.366184754105195465e-01
5.353827327237746792e-01
5.416336064069051659e-01
5.185794938140140253e-01
5.294204200219037038e-01
5.271151159058240498e-01
5.213155782858858167e-01
5.280892055202347501e-01
5.357166117676395167e-01
5.256171281878451174e-01
5.208778305984588242e-01
5.373455258475658969e-01
5.255992317907890454e-01
5.253802518612423755e-01
5.347221863046861534e-01
5.255456923171879513e-01
5.211584536626899800e-01
5.216099300462559984e-01
5.193764679059286182e-01
5.219790360564081633e-01
5.291348998239390200e-01
5.096229172540959196e-01
5.132433735942102393e-01
5.135094562538718987e-01
5.194172790162465692e-01
5.156651872785392721e-01
5.213800306255900185e-01
5.220065051287745561e-01
5.163293493349522256e-01
5.323661830041146459e-01
5.131530379802817787e-01
5.276072009887569081e-01
5.189703483105142512e-01
5.259561859855322874e-01
5.167306490898470051e-01
5.095415734985941913e-01
5.150168388521587648e-01
5.298601748936779821e-01
5.070369636003935199e-01
5.201709406486263454e-01
5.302551903630206009e-01
5.120186653073538485e-01
5.168169299230616076e-01
5.053871001773894145e-01
5.166578491266416995e-01
5.014049217758216326e-01
5.142380616334711885e-01
5.086714276450243766e-01
4.993212357834762027e-01
5.069724730207134655e-01
5.029652303045438755e-01
5.120102748021793104e-01
4.926190107516177363e-01
5.056019699543383705e-01
4.868123290903530465e-01
4.974043945816429835e-01
5.146377617113614411e-01
5.014057207574083019e-01
4.989569150025842115e-01
5.090929738821451389e-01
4.835564281910003648e-01
5.080200229920565080e-01
4.970286918936287490e-01
4.813702044687616644e-01
5.096310076276413525e-01
4.907216051962818848e-01
4.977273885296421008e-01
5.066744215762741810e-01
4.967090546239233961e-01
5.054348475844540056e-01
4.820986870801010071e-01
4.888962833090343962e-01
5.180111169869684451e-01
5.000100956518740425e-01
4.919887257359968347e-01
4.924792825144347352e-01
4.987823258169861163e-01
4.972357347355471080e-01
5.096161758149838628e-01
5.022756876145281213e-01
5.052850072160545158e-01
4.975506610016208198e-01
4.959976974303476061e-01
4.930325166735954334e-01
4.930386001959084497e-01
5.082557531978241228e-01
5.029862609507513849e-01
5.160146381645017710e-01
4.963581831138181855e-01
5.158888632525632234e-01
5.074677223975923024e-01
5.000154208790932309e-01
4.845457454838017486e-01
4.896195615704233561e-01
5.015915696896643405e-01
4.949131250964140527e-01
4.987840319086032648e-01
4.970381639768206017e-01
5.006929299778587472e-01
5.036743992691028460e-01
4.862866323716972250e-01
5.113200547166236731e-01
5.059178777793111870e-01
4.979041258411017745e-01
5.008894307194127204e-01
5.033340216486149599e-01
4.982811067507036951e-01
4.938756442569595673e-01
5.036460827541461294e-01
5.017637055242747390e-01
5.012291324677577986e-01
5.035284335699923286e-01
4.860078943139789498e-01
5.120180642112795999e-01
4.991365823238124166e-01
4.994748690888274334e-01
5.073727695068930288e-01
5.149378712420062953e-01
5.031442335998426163e-01
5.120520890325673813e-01
4.965203251459759382e-01
5.113148304048676929e-01
4.958292811473163364e-01
4.972247495547622020e-01
5.090516052162701310e-01
5.089530578683635342e-01
5.098252335194290996e-01
4.919779024813487611e-01
5.092995789243904836e-01
5.119354248470113777e-01
5.017436484881768743e-01
5.095975231113295534e-01
5.239977759667584500e-01
5.051104936968160430e-01
5.181432022086642775e-01
5.070320147634184149e-01
5.222977567060501647e-01
5.157418098360094794e-01
5.274882198244755793e-01
5.197924102813128444e-01
5.158615195729776559e-01
5.022841855134534406e-01
5.154446980167790571e-01
5.085839905732211230e-01
5.187991390389281587e-01
5.122092199417481728e-01
5.088898771046735936e-01
5.188574557876021176e-01
5.179132243239795708e-01
5.085912700738967063e-01
5.068715538283958821e-01
5.294467787700293249e-01
5.196154205690078909e-01
5.129997452302150762e-01
5.093508578628178629e-01
5.113306397255741320e-01
5.239028015649277448e-01
5.117346954484301991e-01
5.246491673964623903e-01
5.254628508537346754e-01
5.212967989711845274e-01
5.358650836074392299e-01
5.227435179146114885e-01
5.288826196172201621e-01
5.340539525220280304e-01
5.099944631596026179e-01
5.400858350451396284e-01
5.441351540925566388e-01
5.254623072707075293e-01
5.291382870424796714e-01
5.215657258008884467e-01
5.296064732611351911e-01
5.247983625181326106e-01
5.432133705175885563e-01
5.397208227650812651e-01
5.217324959042691779e-01
5.267394660700943643e-01
5.414115363661494706e-01
5.294821648800098757e-01
5.443065864828398048e-01
5.310297744987200197e-01
5.419997482301520675e-01
5.419357267237546738e-01
5.375812133516540969e-01
5.611564431424390653e-01
5.550727647065423209e-01
5.451262016602146376e-01
5.484589199957795591e-01
5.417699182519761791e-01
5.542424656154412155e-01
5.373916507867841919e-01
5.372058143897842086e-01
5.608538256472910266e-01
5.499386481094747925e-01
5.384861847292933268e-01
5.560143213282559005e-01
5.475129899698224500e-01
5.406379600793809193e-01
5.390262213111012279e-01
5.530446459066165055e-01
5.605897861102445701e-01
5.544608081818399592e-01
5.588666842443191785e-01
5.601983947443442968e-01
5.683498282552580383e-01
5.586156909784835145e-01
5.697568391070201299e-01
5.708564321129060426e-01
5.560792896144263198e-01
5.530111641700593550e-01
5.682276930621746880e-01
5.743424940602690487e-01
5.704970514497449408e-01
5.626232283459713379e-01
5.697012801024184947e-01
5.772596323078231784e-01
5.814822361188011213e-01
5.754438197452138581e-01
5.863319146293595185e-01
5.763479561520088446e-01
5.896832323066638626e-01
5.772890401876767941e-01
5.844488605923731095e-01
5.801348891932431862e-01
6.017959522489452207e-01
5.816990850292892423e-01
5.832162300370905550e-01
5.862741567237483853e-01
5.879615763115754179e-01
5.944883044683491047e-01
5.976269787604187034e-01
5.996837625658996140e-01
6.008250044880676377e-01
6.140037854606795742e-01
6.073131954072498173e-01
6.047706551913482054e-01
5.943506624318959375e-01
5.876919009662798787e-01
6.118404465825085792e-01
6.241987862388324038e-01
6.017244098998477675e-01
6.023941776650968416e-01
6.064005525398750152e-01
6.217702181878578260e-01
6.112045709314731790e-01
6.203791629296248056e-01
6.207648808332061341e-01
6.245584537729552688e-01
6.419430850520910781e-01
6.270280485243272528e-01
6.242468030798800083e-01
6.262140113702877597e-01
6.425248692389149419e-01
6.427303685860330518e-01
6.149156965787651030e-01
6.393541845804837642e-01
6.369873237918122211e-01
6.400755950465962796e-01
6.243450440437865456e-01
6.563606567815463144e-01
6.358362329045318395e-01
6.491221946230228967e-01
6.518517260882932263e-01
6.419182251731646582e-01
6.531473051415433995e-01
6.467522354646333405e-01
6.546849285342352109e-01
6.441892826414705731e-01
6.629289100622718367e-01
6.699902370742405466e-01
6.666120357806912811e-01
6.503526155630414696e-01
6.616755327909429329e-01
6.576713155464208871e-01
6.672902668111868607e-01
6.608639073577635692e-01
6.772449850413388983e-01
6.784417147487760147e-01
6.716326180021097159e-01
6.769458056207159347e-01
6.910696824171163044e-01
6.765355091709731594e-01
6.808740319567451182e-01
6.784396693232616071e-01
6.821754362671822447e-01
6.908841314689899704e-01
6.926624092698313584e-01
6.779289130216662462e-01
6.981263127343299013e-01
7.010476068601185773e-01
6.967440548651835375e-01
7.027656294328624709e-01
6.859445604230219873e-01
7.097328173381771688e-01
7.129163592903549063e-01
7.208328314908242218e-01
7.117365792177636763e-01
6.982379068593536076e-01
7.268733820714400329e-01
7.136956390672736239e-01
7.187565672776047299e-01
7.058906162408480345e-01
7.107831215728072083e-01
7.054920162569756625e-01
7.336533434188032832e-01
7.313989870420970485e-01
7.249472047225190563e-01
7.269494848267241682e-01
7.304543392942856039e-01
7.257519440826046830e-01
7.331032262319270298e-01
7.343169334902597267e-01
7.385867437016084835e-01
7.384148937274818136e-01
7.286974170735355250e-01
7.288004726459506033e-01
7.565622992891183340e-01
7.410674684526068479e-01
7.237680540420019515e-01
7.560594818962453889e-01
7.439500770101569183e-01
7.549186091106666607e-01
7.439867783087142916e-01
7.595474988043429132e-01
7.527974240533982231e-01
7.575084776464395819e-01
7.630874441873276570e-01
7.663698882981635485e-01
7.710847211611991936e-01
7.830740052536429019e-01
7.635226612012394609e-01
7.545730965616637143e-01
7.728334328614596682e-01
7.769506149167503262e-01
7.938028026221903843e-01
7.773217427672887148e-01
7.719931197990090865e-01
7.966662800291517410e-01
7.951350402051916566e-01
7.965159850379447404e-01
7.895096078651971938e-01
7.859967229667997879e-01
7.855414407626558626e-01
8.063980241514011604e-01
8.033222184343979944e-01
8.061844220365972369e-01
8.106906098801818228e-01
7.979598363748744427e-01
8.125195249845257317e-01
8.039060134569117055e-01
8.054238114111865743e-01
8.057570904769628672e-01
8.247298047358692097e-01
8.181979495565074867e-01
8.139924211476833316e-01
8.230995145724286921e-01
8.264547293013333462e-01
8.308174220405820654e-01
8.204600158337168603e-01
8.415512460413471230e-01
8.471106750040916511e-01
8.445820486358175394e-01
8.434382614967177449e-01
8.470539358192364920e-01
8.367993778170829122e-01
8.271524183022090915e-01
8.487054561282190157e-01
8.550544318782729025e-01
8.399393445263929614e-01
8.647810207088992840e-01
8.574550574360776389e-01
8.629886217495715828e-01
8.584140475931026915e-01
8.608825002295957818e-01
8.690560999951276733e-01
8.509913592705162788e-01
8.556896460977573282e-01
8.634075401711107656e-01
8.621184938800540154e-01
8.641964087079206935e-01
8.833178598625126554e-01
8.822280044439966273e-01
8.790211730756509745e-01
8.794894603616070228e-01
8.920196068093395603e-01
8.721154182553758627e-01
8.845058311245413973e-01
9.024116402131633352e-01
8.966118885583178599e-01
9.018419689388462723e-01
9.035032743562350088e-01
8.973851999941659940e-01
8.927759363669056647e-01
9.126272128635342096e-01
8.998544968336307237e-01
9.028508703957411896e-01
9.073977990539734417e-01
9.044499990019544411e-01
9.082286257388548778e-01
9.264639626852393395e-01
9.135790005404965664e-01
9.282096248861319010e-01
9.308133474127182616e-01
9.170144213473527817e-01
9.229318304390995431e-01
9.163925159879786619e-01
9.271137106333019462e-01
9.408701482164684160e-01
9.449752166874608728e-01
9.365784763607253316e-01
9.286439125938866779e-01
9.493022757314856230e-01
9.558775883911660998e-01
9.605163946986849943e-01
9.348087723636347990e-01
9.438888649962700050e-01
9.593179211672014928e-01
9.514085446586972861e-01
9.429333238703786479e-01
9.563407639709818886e-01
9.743458807271537792e-01
9.588204426445121609e-01
9.634451532898181680e-01
9.682622635208983919e-01
9.620301989803864418e-01
9.681562607056083403e-01
9.725928570953316088e-01
9.718948103177608155e-01
9.611544830473649492e-01
9.822683953038628957e-01
9.866616703240047581e-01
9.781435584241608971e-01
9.784229123830783248e-01
9.842730904467499320e-01
9.692562354454559159e-01
9.941117427722376831e-01
9.972717259107849452e-01
1.003004375991782160e+00
9.944825684162141854e-01
9.787147999806135035e-01
1.009412104468112359e+00
9.923550466580078888e-01
9.948127731118797668e-01
1.006901828882545757e+00
1.015073896979501011e+00
1.004377876177796614e+00
1.005104455774765482e+00
1.012513435966359232e+00
1.012045025545017518e+00
1.022461137158013011e+00
1.025425457332497015e+00
1.010692897373948185e+00
1.013539042290250380e+00
1.022045916095100981e+00
1.017755855852104263e+00
1.005788154675246293e+00
1.022308767871781043e+00
1.017371252692004013e+00
1.038071617090761123e+00
1.032437656192102038e+00
1.045788269911481772e+00
1.036502211712219568e+00
1.036613751884403634e+00
1.054335048400067310e+00
1.058924744160984810e+00
1.049892277563260201e+00
1.046820809299565669e+00
1.066625704372617056e+00
1.054932454569092126e+00
1.061723582142613642e+00
1.057238240731289247e+00
1.064553538471143312e+00
1.071737494810893754e+00
1.052015289769067552e+00
1.069873299430028846e+00
1.043370703149107737e+00
1.065532046014790790e+00
1.090958568272557772e+00
1.086386613662121636e+00
1.066685544690158416e+00
1.059122295848070827e+00
1.081179933290022932e+00
1.075151936754862980e+00
1.080233796297946913e+00
1.075349093790291644e+00
1.082566924214177773e+00
1.092061468287151893e+00
1.068607728771170384e+00
1.078982376838766299e+00
1.086321015672614188e+00
1.098022778947795652e+00
1.081313126516497025e+00
1.106365957756874296e+00
1.067987821719379227e+00
1.093271182194499369e+00
1.109915583904343750e+00
1.091370375218814193e+00
1.095753914865770673e+00
1.089434685836935701e+00
1.108061031840555266e+00
1.108601511504315740e+00
1.114034632663437385e+00
1.107626381425431683e+00
1.102923677237262590e+00
1.113686581563738009e+00
1.123189895363397417e+00
1.112971260185897648e+00
1.107183839026014693e+00
1.098110861895405188e+00
1.102964813932156618e+00
1.126351225130911571e+00
1.140792565429087135e+00
1.131208213944604468e+00
1.120865793774555197e+00
1.118808968773393531e+00
1.122136055223428075e+00
1.140249483640796369e+00
1.129613965412912258e+00
1.135407482590069517e+00
1.130253525012038684e+00
1.136246180128700933e+00
1.135229201028301382e+00
1.122271680337213473e+00
1.131983140120043529e+00
1.136993539868659697e+00
1.130215564919173854e+00
1.143403356648692526e+00
1.147381418686626020e+00
1.158506662115695418e+00
1.160912427807426539e+00
1.161357306704700276e+00
1.154623370318933917e+00
1.130602297118894706e+00
1.148690252069871187e+00
1.158084594023360836e+00
1.144993985684484405e+00
1.171171888999046340e+00
1.160415332655117870e+00
1.172388453631532768e+00
1.166967830765780922e+00
1.149194305407540861e+00
1.156281595807266083e+00
1.160213966659932927e+00
1.150898023483786226e+00
1.165480579825234342e+00
1.162693050141398121e+00
1.182396473170609141e+00
1.174341785003964800e+00
1.160769338251113281e+00
1.191500876997514835e+00
1.175720678075095949e+00
1.189825908751729111e+00
1.167548588404951015e+00
1.198652787078419601e+00
1.176297389254530312e+00
1.201750349789097783e+00
1.198227548822964339e+00
1.174882675409434141e+00
1.187947818162610636e+00
1.172013720948320570e+00
1.191521004063121891e+00
1.204793758350476862e+00
1.184772973287768760e+00
1.200811896341308582e+00
1.212745170412038664e+00
1.192157429037252525e+00
1.184844592959461984e+00
1.194913990211139643e+00
1.207832085272977585e+00
1.189538792077125429e+00
1.194737998614133101e+00
1.201652024849007683e+00
1.210283225428657738e+00
1.208479965128876232e+00
1.184873972747716220e+00
1.196617481543903017e+00
1.191663687674334060e+00
1.230689102418804470e+00
1.224320015434469999e+00
1.215139007795655202e+00
1.205323800626421304e+00
1.215470182158413959e+00
1.205260384631211323e+00
1.220909798160147774e+00
1.217136255537077272e+00
1.231666498063310078e+00
1.219414311690482311e+00
1.218421133369460563e+00
1.201128318978034626e+00
1.227186711625062765e+00
1.232118533200089461e+00
1.208342115953964013e+00
1.213444193271727256e+00
1.216704554579114639e+00
1.210310660912239378e+00
1.238932591939204908e+00
1.235238214833310311e+00
1.230324635745216888e+00
1.234922228689371959e+00
1.237806653523725320e+00
1.221772689126195965e+00
1.232859445011512234e+00
1.225893831056187100e+00
1.247836190627402697e+00
1.245248081578670174e+00
1.244982527957652296e+00
1.222053061233959070e+00
1.234370511950270588e+00
1.234876296319710187e+00
1.210797369868718887e+00
1.252492713123430912e+00
1.241112236490410581e+00
1.229967871589503048e+00
1.249111214379951429e+00
1.242811228225404685e+00
1.253420913251518609e+00
1.242540638062235248e+00
1.253771521664437172e+00
1.240038212792592631e+00
1.251516947843520633e+00
1.238034252492639320e+00
1.233741737578137876e+00
1.261230723765637052e+00
1.256890868965121255e+00
1.229544456490934801e+00
1.262743663691950458e+00
1.248318784239264234e+00
1.248658874960967724e+00
1.255532010110926855e+00
1.253564220179395949e+00
1.247338715934271924e+00
1.247157944820599607e+00
1.251671235695026141e+00
1.247517909814304549e+00
1.256408010319670865e+00
1.243789386748165082e+00
1.257557020576539841e+00
1.261917936530565054e+00
1.261076071849348557e+00
1.261629837453025926e+00
1.273219764657378406e+00
1.264329199823572614e+00
1.262498550207432624e+00
1.259477381845222066e+00
1.271938628063526311e+00
1.267468294021670827e+00
1.274334074231677327e+00
1.265499256780675319e+00
1.276965275213911122e+00
1.266083553898321279e+00
1.272786928464689993e+00
1.272946781228407209e+00
1.295701566090899037e+00
1.275488344160768284e+00
1.265549094455544976e+00
1.257843789123845646e+00
1.279141083198969131e+00
1.274284630229522985e+00
1.286903919099958493e+00
1.274858472745211913e+00
1.284024154452394706e+00
1.270286727422777151e+00
1.294822041641519705e+00
1.269430473304226981e+00
1.270314223035200030e+00
1.287293032228000955e+00
1.275127387954407610e+00
1.281484667978858072e+00
1.284567521008633584e+00
1.281940513907878110e+00
1.275454035242256534e+00
1.276402783602264890e+00
1.277602442860516829e+00
1.277914937067809786e+00
1.284891240740521967e+00
1.291709663518824547e+00
1.285747475624327452e+00
1.303586845341265121e+00
1.284314314894744014e+00
1.273972412010885069e+00
1.305648401586330554e+00
1.284507317127272508e+00
1.294289342528798681e+00
1.293910850348749531e+00
1.286868757745895930e+00
1.278423440891390150e+00
1.300366206491904375e+00
1.294395904225146055e+00
1.284376000177030352e+00
1.296812066465339974e+00
1.300843921890936006e+00
1.273559188999489500e+00
1.288021730610527715e+00
1.311761336956507984e+00
1.295139617469172277e+00
1.281328585989732094e+00
1.313020033409523446e+00
1.297010678417452656e+00
1.267311754790138245e+00
1.306601886514875854e+00
1.278192193154622069e+00
1.304042298701821423e+00
1.307441604917191524e+00
1.298630594815351369e+00
1.299938907835294755e+00
1.290256995119158034e+00
1.299931852860637838e+00
1.293027812586635017e+00
1.307025711305683346e+00
1.278459260475814485e+00
1.322062904459339494e+00
1.308238754978525709e+00
1.303681434851784671e+00
1.308123697878153635e+00
1.297304107124034100e+00
1.295955266952273588e+00
1.309992711733204862e+00
1.299846009608000452e+00
1.289314553430004118e+00
1.296535484648165815e+00
1.314238013105723413e+00
1.305343595375142884e+00
1.313472637651627029e+00
1.310951527040824072e+00
1.314938122913752006e+00
1.288556819440639378e+00
1.301529408798269172e+00
1.288864064165236689e+00
1.293129421741639806e+00
1.304687141668909423e+00
1.319519333663160321e+00
1.304852258528883313e+00
1.298977161841610606e+00
1.306910982572136559e+00
1.320443329037510161e+00
1.301884354520373099e+00
1.304238971146816084e+00
1.319220709157642446e+00
1.299792607746065309e+00
1.310620447538847877e+00
1.328692564709152979e+00
1.310644877895653426e+00
1.311814663411024817e+00
1.309043685477043084e+00
1.288487087875843429e+00
1.293195288769005469e+00
1.314281471158981640e+00
1.315382530754163115e+00
1.318712757345376962e+00
1.304023235622739030e+00
1.309967165755083540e+00
1.318223278949431254e+00
1.315558139094426426e+00
1.305434339827524104e+00
1.319634942370706332e+00
1.273567799833029257e+00
1.302675068271731407e+00
1.327751268246093241e+00
1.314922023625213265e+00
1.325247965826169771e+00
1.328809351985704046e+00
1.321944941924556360e+00
1.320310724944752323e+00
1.296696052758056217e+00
1.316707713968114257e+00
1.326427649553310051e+00
1.292320413445947613e+00
1.310596614120951964e+00
1.307570221736133576e+00
1.308212375925071003e+00
1.324286463325670349e+00
1.315712669753673403e+00
1.317646290518142083e+00
1.320661195212410322e+00
1.310644877895653870e+00
1.326671477058275928e+00
1.309057883004212552e+00
1.320169305410979321e+00
1.318639574717990870e+00
1.323523510782427470e+00
1.308945102179566167e+00
1.315637953079112465e+00
1.298463366445233191e+00
1.328375259729384306e+00
1.303175795580029606e+00
1.335560501797650845e+00
1.332112104513091477e+00
1.318141336647741690e+00
1.307393961962479700e+00
1.326717686801190510e+00
1.318282186104805298e+00
1.332813267642293908e+00
1.326388145156675913e+00
1.330234283114428262e+00
1.303418755479774482e+00
1.330879684780037486e+00
1.295020222036389335e+00
1.302151470260757948e+00
1.320624030969386853e+00
1.336671774043619365e+00
1.332455116396259465e+00
1.324143832641062168e+00
1.315838068416855799e+00
1.302099958537569657e+00
1.319623059151743938e+00
1.340615090951729593e+00
1.306783167736497830e+00
1.326559438419919523e+00
1.296875920186464359e+00
1.320155428418836152e+00
1.312906371637295511e+00
1.327001744346923529e+00
1.316885059244352396e+00
1.324682235000946617e+00
1.321596962405597653e+00
1.315727937964808358e+00
1.333899207730947944e+00
1.326632970520810195e+00
1.328118171180443507e+00
1.329752215050793884e+00
1.306161712693366228e+00
1.329713591101944203e+00
1.318933802387151966e+00
1.329277982208567410e+00
1.310430495516416549e+00
1.327781680851019885e+00
1.330662985662622200e+00
1.333184627421576396e+00
1.323533414779801687e+00
1.306673953638278540e+00
1.317084545043996968e+00
1.345094735686698684e+00
1.325760570856110432e+00
1.308904607186552438e+00
1.338834583501984365e+00
1.340272427264456390e+00
1.314298518612068145e+00
1.336525221288435317e+00
1.317146835511243674e+00
1.309072805421569452e+00
1.339222563221836859e+00
1.341693146807382497e+00
1.320980915924980570e+00
1.323310576752614542e+00
1.334874939117293824e+00
1.316374072249284710e+00
1.324813416320848480e+00
1.338464846561613797e+00
1.314739355663526732e+00
1.314381065935719128e+00
1.332085308865518680e+00
1.324368670348964550e+00
1.326810660889848670e+00
1.318609399818144734e+00
1.339375746528667310e+00
1.326395085908425697e+00
1.320909203517899977e+00
1.305278508261248138e+00
1.339983316701026661e+00
1.303968762892246058e+00
1.334844767485356742e+00
1.322422354529527055e+00
1.326611334364045769e+00
1.321324153966702886e+00
1.320610316377969884e+00
1.335339713391874295e+00
1.332213508869489527e+00
1.319770296755121697e+00
1.320127052619391561e+00
1.335075225255832443e+00
1.342637080615449063e+00
1.315799300852558362e+00
1.335558086352069740e+00
1.310614238615836369e+00
1.334861945327483923e+00
1.329672650475185458e+00
1.324557541596357302e+00
1.328375059670572567e+00
1.327056897774814503e+00
1.318948344128804573e+00
1.313685605217580266e+00
1.301940982596698770e+00
1.334151447801460888e+00
1.321856748114617952e+00
1.355582687751361037e+00
1.320128768556821486e+00
1.314503131915990553e+00
1.326282401921721865e+00
1.324255673609210149e+00
1.318614871958800450e+00
1.326994936277778647e+00
1.327511296087005244e+00
1.323614804215389240e+00
1.322267972669948000e+00
1.332099525439227605e+00
1.327056897774814503e+00
1.327064614766172657e+00
1.345568971216098975e+00
1.294508339216984938e+00
1.329810875052240604e+00
1.326420027588091299e+00
1.322947447609661875e+00
1.333055209063368496e+00
1.338237861053102051e+00
1.325391336823911193e+00
1.311683819279494623e+00
1.333918232339224463e+00
1.335846450495973059e+00
1.313201984186989302e+00
1.324241368449212697e+00
1.320352545785600462e+00
1.325574327571169775e+00
1.327658382207533849e+00
1.326870831006466078e+00
1.305336255104007748e+00
1.331117458589981206e+00
1.338940445878236352e+00
1.315168310087366565e+00
1.335811841408462763e+00
1.328630265043393210e+00
1.313674759610709675e+00
1.330779085185481714e+00
1.308466639950318422e+00
1.323916382870287789e+00
1.335586110610192279e+00
1.321629525253489978e+00
1.326071327250646803e+00
1.308234480550368284e+00
1.327277575783091912e+00
1.332697257621764164e+00
1.314645081884971756e+00
1.317808243286842096e+00
1.324281349241295036e+00
1.326297658564147053e+00
1.323360700172284687e+00
1.346007280692711916e+00
1.332802261121430965e+00
1.321557538736361170e+00
1.342109146268030573e+00
1.334647105369027420e+00
1.344925729942301196e+00
1.310002422411773226e+00
1.339925209541763529e+00
1.313347214262790663e+00
1.315690259005499518e+00
1.299820773742885516e+00
1.316437977943282212e+00
1.333434252468823411e+00
1.323838675375694773e+00
1.319293787660316797e+00
1.308169926474243905e+00
1.327642466092622930e+00
1.324085247085428518e+00
1.334886706549511803e+00
1.316220443769277271e+00
1.334146533500013998e+00
1.334485754568990767e+00
1.338113699498203468e+00
1.318441780078366765e+00
1.337878869221200251e+00
1.337742896680339078e+00
1.335923474919112452e+00
1.325132569498830737e+00
1.315861254574004713e+00
1.323361116965807716e+00
1.311785928367275700e+00
1.331132115046824715e+00
1.327573752191057999e+00
1.315196272248413845e+00
1.319586836799086615e+00
1.337549727344686579e+00
1.337375101673970779e+00
1.315777559354213144e+00
1.351602405738334456e+00
1.319470680407915264e+00
1.309453760989466975e+00
1.322292341415807870e+00
1.313664350201959374e+00
1.296858052856648236e+00
1.331851038292062528e+00
1.316010166057296038e+00
1.299594271633228271e+00
1.326782584345974847e+00
1.323274313397018620e+00
1.297688304367574208e+00
1.319147394024796416e+00
1.328817900568910915e+00
1.298653713312535540e+00
1.310805922142407542e+00
1.303623326037406160e+00
1.325393717867471732e+00
1.313078368451771505e+00
1.321816072145307830e+00
1.324576566484459095e+00
1.318537124895648560e+00
1.318623746996050672e+00
1.321862958036459812e+00
1.307095420233575389e+00
1.313710202693375795e+00
1.320804449569288108e+00
1.293352193953819285e+00
1.309708763416525867e+00
1.302166679523497406e+00
1.315640655104673318e+00
1.308228630527411118e+00
1.303910102453206044e+00
1.320423106193882701e+00
1.297757592428537166e+00
1.333546112966241148e+00
1.319586836799086615e+00
1.294541111666151156e+00
1.327010057409050203e+00
1.305755398918086119e+00
1.324387833087815380e+00
1.312803662782872305e+00
1.304021754734060456e+00
1.319751949150032466e+00
1.304392227283675432e+00
1.295098564220989124e+00
1.316094416788752497e+00
1.331495466209206890e+00
1.317118495875735595e+00
1.316966290372414861e+00
1.313603925026566976e+00
1.305772665084603990e+00
1.307342135523574145e+00
1.309387903753242322e+00
1.308063941509894024e+00
1.313458608706761677e+00
1.308627032708975957e+00
1.311613556920629753e+00
1.319154839330635820e+00
1.312136479041574377e+00
1.306495950921623850e+00
1.308554895659547634e+00
1.286815643281079335e+00
1.313585866297766858e+00
1.300805840724349460e+00
1.298195772071069731e+00
1.302375345431575626e+00
1.293662216941402487e+00
1.315351083849991776e+00
1.300647358068236503e+00
1.285912830169241738e+00
1.294773923690132555e+00
1.308061610200162983e+00
1.291157743311624140e+00
1.295698337175766879e+00
1.294405131970905565e+00
1.309056817775881454e+00
1.303000058438285258e+00
1.301601671731464682e+00
1.305255363928293111e+00
1.284704944588769271e+00
1.299459022568592248e+00
1.322287946589502106e+00
1.309250856349751357e+00
1.301117218209982385e+00
1.290944059710256608e+00
1.290837856915235005e+00
1.300091615729276340e+00
1.276766100452543018e+00
1.280595431481776680e+00
1.303054935021501493e+00
1.302762098040536998e+00
1.315193956640787531e+00
1.295682703394629431e+00
1.294305951350786854e+00
1.299419324926256225e+00
1.310852242058630157e+00
1.281514736498249096e+00
1.294579118204691959e+00
1.288955778402559371e+00
1.301462139577298949e+00
1.287150938411353529e+00
1.292951262059003570e+00
1.298821999245639569e+00
1.308365275761405933e+00
1.285241168424151148e+00
1.290881716097483256e+00
1.291245456992409668e+00
1.296849123506171209e+00
1.290107966692630947e+00
1.289974956265656170e+00
1.299780510267471767e+00
1.284189177469684084e+00
1.283518517570706230e+00
1.282681785291223120e+00
1.292929751743218114e+00
1.282886283578736242e+00
1.272324423410027938e+00
1.285078788329140798e+00
1.287394629498505916e+00
1.273034519057277603e+00
1.266207520002404996e+00
1.265520265106071296e+00
1.276023442715407574e+00
1.271867407127028837e+00
1.280430540276583873e+00
1.285611462639287828e+00
1.288187216775922517e+00
1.265205820251102065e+00
1.281328266802706839e+00
1.280135178409784302e+00
1.286467285290814777e+00
1.289576512956636334e+00
1.275717651797475982e+00
1.283275547754495927e+00
1.274170524482550970e+00
1.278343011744993207e+00
1.273303675845692817e+00
1.274309159096233435e+00
1.267161433064187159e+00
1.251516389496541537e+00
1.278425667953967393e+00
1.260886162486816620e+00
1.245846589184510966e+00
1.283094276697717584e+00
1.267183386092141317e+00
1.259090890631536785e+00
1.258634744021968732e+00
1.254933915982524573e+00
1.246432825614463669e+00
1.265071282375292538e+00
1.249017630121781242e+00
1.259874244501674845e+00
1.263568765369448066e+00
1.262374969593332397e+00
1.261166032992361519e+00
1.257193644108201891e+00
1.252433402759357328e+00
1.246755989962358591e+00
1.249096288250331144e+00
1.250358721723862532e+00
1.239396271260314819e+00
1.250358721723862532e+00
1.241493853695954996e+00
1.230126245098311033e+00
1.239629782923615808e+00
1.242584421435881881e+00
1.248716560618305937e+00
1.233661541910946458e+00
1.244319398910080476e+00
1.222025707547553575e+00
1.237947922462115935e+00
1.251549480110509815e+00
1.220127859253248070e+00
1.221487784035078850e+00
1.227918222785232771e+00
1.236805190656738773e+00
1.216791945555035115e+00
1.231647055139487579e+00
1.217955248175722094e+00
1.222041150677534160e+00
1.227617819351147110e+00
1.235035846433396367e+00
1.214725847940349768e+00
1.233302331705679933e+00
1.192951325078851710e+00
1.232141128695186216e+00
1.233306198609231297e+00
1.233024462842330804e+00
1.222220972105377168e+00
1.223981337788625057e+00
1.216270714217346782e+00
1.222525675375965237e+00
1.206812438599928372e+00
1.206727842441231324e+00
1.209184485430844003e+00
1.207196063460206581e+00
1.211830220125584168e+00
1.193380590150995957e+00
1.205767086397797616e+00
1.191541536500742238e+00
1.198034759268127303e+00
1.205547904899052281e+00
1.194531991212931077e+00
1.211432958224730294e+00
1.197320435702790897e+00
1.177157607147048202e+00
1.193754680102625088e+00
1.181126155571773806e+00
1.177798598043627853e+00
1.189734539281627201e+00
1.198115265074799263e+00
1.180192594947341078e+00
1.185802634085945106e+00
1.176603399293915109e+00
1.186735950576829568e+00
1.185857286618670292e+00
1.175415376164916426e+00
1.179280228080837212e+00
1.175894275239265818e+00
1.172735090862460972e+00
1.163743198192961126e+00
1.164836950982739650e+00
1.172272072148205169e+00
1.180551304867291762e+00
1.164642078293861571e+00
1.166392641724844914e+00
1.167665231901136469e+00
1.164868697323754754e+00
1.152218446005945252e+00
1.159751919068309878e+00
1.143221222196189046e+00
1.155343723330414241e+00
1.135207275314869646e+00
1.147153689570671986e+00
1.134785066107167673e+00
1.141513792982185915e+00
1.149577412126201681e+00
1.144523129186109545e+00
1.136981604321096295e+00
1.140072462692135469e+00
1.117507907497454989e+00
1.146314295718976251e+00
1.147314268234393531e+00
1.136644863463060151e+00
1.118301651940965868e+00
1.130615585970039527e+00
1.125360317029581392e+00
1.117046619430750898e+00
1.133899982945373308e+00
1.114583654762776987e+00
1.106232529588196956e+00
1.089041069975975384e+00
1.089798303901696297e+00
1.112478448134097020e+00
1.106936813004380626e+00
1.110741418010375847e+00
1.108078735369430357e+00
1.107849075586275323e+00
1.105196268357500511e+00
1.101291323010788137e+00
1.104519774011299971e+00
1.099301575061577996e+00
1.087263728837653654e+00
1.095214393524946095e+00
1.069710802973738994e+00
1.065529610901228885e+00
1.072009548183476824e+00
1.090898874119814455e+00
1.079501496105329972e+00
1.079698738523714230e+00
1.055237995211897095e+00
1.065355834913967126e+00
1.052303036086860821e+00
1.063633384307890006e+00
1.057205540665877352e+00
1.053543910708692133e+00
1.064809016101704087e+00
1.057061751065428767e+00
1.059541552365884876e+00
1.064488925593193747e+00
1.047371267535249117e+00
1.043262538890476820e+00
1.032556919588475619e+00
1.034577478557036301e+00
1.034941210284614721e+00
1.011651597290457394e+00
1.034655399067211823e+00
1.031050744104897054e+00
1.045710056315842351e+00
1.018981469411137653e+00
9.968812656991116183e-01
1.019082589277128248e+00
1.019412820997378510e+00
1.017473072009468682e+00
1.012471697632969958e+00
1.008817515644493623e+00
9.997668655952864913e-01
1.016163774811011944e+00
1.004851042711979892e+00
1.012483119803879728e+00
9.917931868916786131e-01
1.003417596799243139e+00
9.972213541747622090e-01
9.622881913553091859e-01
9.917152794995498510e-01
9.765619386930445289e-01
9.895504731861203274e-01
9.608872248845072850e-01
9.725637375554725406e-01
9.764188800748542230e-01
9.676207173892393820e-01
9.618791005985447562e-01
9.324922010624243640e-01
9.473976514962962892e-01
9.337548324633365704e-01
9.497166381449060335e-01
9.608362890120802913e-01
9.321202677269092574e-01
9.439565176622942699e-01
9.407928542817801665e-01
9.205515406804373191e-01
9.299230114255315760e-01
9.366312271651058285e-01
9.351234163257567955e-01
9.156229570134215567e-01
9.131743997603452012e-01
9.166429986322183199e-01
9.015129293382064812e-01
9.135655066795644874e-01
9.124994057606399256e-01
9.053307606445792910e-01
9.141066864947327009e-01
8.951382414899828888e-01
8.866435857933668840e-01
9.028492997913449836e-01
8.874363275279296692e-01
8.715527567374722340e-01
8.766999198202541921e-01
8.733420982227756424e-01
8.947805485901226819e-01
8.648819284752128356e-01
8.760499302192303883e-01
8.748793660018615581e-01
8.585863097254990972e-01
8.636484710409872978e-01
8.508514725385530886e-01
8.428285801517448883e-01
8.530826108847744393e-01
8.428091433144748734e-01
8.591396758145239954e-01
8.374298681951498624e-01
8.578198167704528254e-01
8.362501577079470838e-01
8.386920861674461714e-01
8.405200730169276602e-01
8.359247301635274185e-01
8.123865506666760883e-01
8.113971871989754669e-01
8.302583277591363276e-01
8.136478106390209186e-01
8.146781208315705403e-01
7.943671969427550383e-01
8.177505508943085921e-01
8.092502715999562168e-01
8.122853574415287436e-01
7.945053174991160150e-01
7.893919406038862885e-01
7.976043013130814652e-01
7.831051490149559813e-01
7.778534791930825643e-01
7.793668926039032385e-01
7.811492907256116780e-01
7.661573750222195889e-01
7.600030958198907838e-01
7.844773235985527116e-01
7.671809049155940974e-01
7.413727477104752328e-01
7.469709085496148981e-01
7.383509216273256293e-01
7.518062928937265799e-01
7.370833812738241120e-01
7.426570426123103585e-01
7.366387574000388128e-01
7.208682069146310489e-01
7.176546564863333089e-01
7.205462829796840385e-01
7.265600170465227325e-01
7.247715555011017274e-01
7.166963718677769046e-01
7.075506385232148698e-01
7.121853612848177972e-01
6.939811322452016373e-01
6.969621724376211525e-01
6.936828748167326308e-01
7.032810345006381691e-01
6.801050778220462112e-01
6.793516640351987546e-01
6.735409127762564951e-01
6.947480283812389468e-01
6.816827483878971083e-01
6.616592768044466943e-01
6.701324318705613736e-01
6.517956532408176740e-01
6.664736381006362009e-01
6.570687272136429558e-01
6.579490313304251492e-01
6.487324863956409615e-01
6.527224409990920462e-01
6.541922969812649091e-01
6.600198276099474848e-01
6.307999541161014578e-01
6.223818942750560801e-01
6.454473407403118479e-01
6.327374837552965925e-01
6.167143974488465963e-01
6.223328580573156410e-01
6.144800533293998113e-01
6.103645895735085869e-01
6.052788311468932925e-01
5.904897875978751820e-01
6.045568494406754478e-01
5.924374480276848320e-01
6.064661962820728780e-01
5.890090220594563775e-01
5.914539131756730850e-01
5.887928470687840976e-01
5.861926636164789262e-01
5.887531254344566811e-01
5.681082502282100988e-01
5.745115079906490951e-01
5.786970730871110469e-01
5.789118766598706500e-01
5.712583995392676028e-01
5.770374960809538933e-01
5.409364765789865803e-01
5.450144191139375538e-01
5.594316765180659123e-01
5.431752298046906846e-01
5.459893043206979213e-01
5.413067863666829460e-01
5.321111030109165752e-01
5.455827507556891831e-01
5.365318195984171146e-01
5.387174202920413935e-01
5.099657679008559041e-01
5.435553002874701223e-01
5.280202553371529106e-01
5.102308017845692545e-01
5.194441827046574200e-01
5.146650943973376524e-01
5.161820053830379340e-01
5.087915447430509941e-01
5.124120500559731228e-01
4.750445689105269320e-01
5.102455741548511670e-01
4.872394510243961974e-01
4.875070773671007496e-01
4.959617504918386044e-01
4.909947531716993829e-01
4.834311510017857416e-01
4.789074370638908840e-01
4.709175657202296361e-01
4.658438894739301839e-01
4.586929145106817263e-01
4.547155747712028351e-01
4.625656217747352583e-01
4.506587979758255869e-01
4.513983282251074480e-01
4.644753299470333885e-01
4.563314733916009058e-01
4.473952931104939745e-01
4.391486171330288291e-01
4.424239494756596058e-01
4.434781489784150876e-01
4.334758752308900953e-01
4.444013550341255336e-01
4.435025154286305615e-01
4.368383417371694555e-01
4.339624207117849242e-01
4.180172926087215024e-01
4.210185599349603458e-01
3.995601559112100798e-01
4.073572998839956050e-01
4.156913767030774309e-01
3.998300422653930375e-01
4.129857799790376816e-01
3.883696800090592482e-01
3.892749155122482985e-01
4.084476172497594204e-01
3.861632292116780052e-01
3.874566595186602069e-01
3.985264843505950672e-01
3.948558551786516824e-01
3.759796545156994241e-01
3.856777299726449892e-01
3.776724351583418127e-01
3.878909222608542540e-01
3.803082419285793159e-01
3.608754737671625024e-01
3.626879036122085398e-01
3.682535925597283932e-01
3.671872007669126359e-01
3.558340475212474763e-01
3.578475553474542714e-01
3.477718480116810396e-01
3.586106418681507813e-01
3.421141426389042728e-01
3.473105495363574269e-01
3.431881787467691014e-01
3.426446434670135099e-01
3.394324728018061066e-01
3.437965345138026541e-01
3.307364380001559523e-01
3.240819852379567267e-01
3.306159664206930193e-01
3.318392053781222262e-01
3.223513427983655255e-01
3.261852076041388826e-01
3.153601955343404706e-01
3.128030607898290572e-01
3.185589188227232471e-01
3.060799625298861182e-01
3.016998204643325798e-01
3.154884255731038589e-01
3.022145424596657248e-01
2.989610688199470512e-01
3.012154164087752495e-01
3.030887952830916277e-01
3.037680221661960833e-01
2.953536169289416868e-01
2.851067672129906083e-01
2.819967902142520577e-01
2.802524961725896269e-01
2.781059143337723527e-01
2.742872980047068032e-01
2.867238217494961772e-01
2.682695583273072559e-01
2.778095832036610036e-01
2.727232197863556640e-01
2.819284402292722702e-01
2.712879592336842616e-01
2.712685563514020126e-01
2.603752750148491946e-01
2.449193347033015167e-01
2.567011756500636732e-01
2.563915918428419372e-01
2.621898080638203621e-01
2.577682015922336811e-01
2.491419296443097009e-01
2.430131813889821746e-01
2.326354125750991486e-01
2.523296953438959878e-01
2.433781445677884736e-01
2.398417059401050933e-01
2.409237831146253950e-01
2.445226182567917517e-01
2.310309319765202485e-01
2.389841441838340685e-01
2.262903424691055654e-01
2.330725097641612453e-01
2.331223593590034393e-01
2.217646607498001965e-01
2.229859426721790550e-01
2.281829096506207133e-01
2.179728025681146597e-01
2.325216038173963107e-01
2.227413821450406894e-01
2.143589291796919594e-01
2.177437242084065694e-01
2.123351618695406284e-01
2.250383725686401215e-01
2.074392760709284911e-01
2.087522449987710138e-01
2.113548118784907281e-01
2.118150312763034671e-01
1.945442041229994701e-01
2.050279368971376637e-01
1.856167316655165656e-01
1.828592995085297490e-01
1.957073267464285171e-01
1.889169487176447226e-01
2.022273856038516726e-01
1.764327857265786670e-01
1.914558482292738895e-01
1.947181025840781787e-01
1.824544017973616372e-01
1.872604846855768779e-01
1.920225710617405324e-01
1.794162387175127493e-01
1.849963230570803308e-01
1.746046061586810083e-01
1.662352005491670726e-01
1.771878889485972719e-01
1.730619224561996683e-01
1.713360152302496886e-01
1.678832608968142126e-01
1.787401304305847594e-01
1.676589103825366911e-01
1.781692322245700399e-01
1.743330630456442487e-01
1.754739894551190782e-01
1.595354678682780469e-01
1.721493129436065805e-01
1.574551712127288949e-01
1.513063179153127935e-01
1.632045056354486656e-01
1.603178151387182893e-01
1.546195383137263235e-01
1.568048761864616614e-01
1.597033222189622459e-01
1.423604554754061002e-01
1.566338735478849387e-01
1.611730025297285207e-01
1.317563444016647267e-01
1.458319728297705897e-01
1.441621975688373025e-01
1.529456171119094876e-01
1.555183396664951978e-01
1.518323048999135338e-01
1.529432752773406956e-01
1.520559023538516352e-01
1.425858930038464145e-01
1.500221832705159464e-01
1.409507013318906932e-01
1.365687625795480864e-01
1.483730152616427878e-01
1.403576688219729529e-01
1.379102684700263259e-01
1.256369386064636606e-01
1.494118412794351314e-01
1.287243307610808074e-01
1.261769657753170903e-01
1.260241018811869562e-01
1.344896886212167963e-01
1.139387021883839501e-01
1.375990935797698211e-01
1.326017242077977831e-01
1.190760031012634418e-01
1.227031677476915494e-01
1.350256230235339083e-01
1.209737606412489702e-01
1.182403775380145017e-01
1.309967876268574583e-01
1.165723397002879635e-01
1.215006772794947204e-01
1.165041046066009889e-01
1.126043395256562663e-01
1.271456511809787859e-01
1.134213735163499548e-01
1.121303578391953243e-01
1.238278470978908113e-01
1.168956261961878046e-01
1.005858219022383593e-01
1.140834962323929447e-01
1.126881714415698815e-01
1.084647021199417333e-01
1.229635063701246950e-01
9.646429045964424742e-02
1.086055890019547998e-01
1.090613076836220163e-01
1.102223161494821774e-01
1.045015526711703807e-01
1.106335823509295158e-01
1.085158220393408202e-01
1.005117066977668366e-01
1.110665515563745986e-01
1.056071402944420284e-01
1.035847002025911401e-01
9.331083935213446701e-02
9.136656257440403661e-02
1.028617897173798312e-01
1.019712216780034181e-01
9.511289262285520241e-02
9.260423176966151027e-02
9.213948260123948353e-02
8.596637036842115498e-02
9.793772845630270563e-02
1.053638659017310936e-01
8.749958326909730577e-02
9.811168454771994341e-02
9.980982798733986638e-02
8.916516187783346536e-02
9.114438036840248614e-02
8.835468782455564718e-02
9.147998071754094573e-02
9.559317999060630566e-02
8.511322487846127716e-02
8.750153341970870469e-02
7.848564668065577399e-02
8.079202991461720273e-02
9.062231655694918953e-02
9.510870147004010788e-02
8.262781842001555577e-02
8.846277252634411614e-02
8.634713020329071176e-02
8.490619574431604311e-02
8.719605998581846096e-02
9.496857497177652041e-02
9.050374839200361898e-02
9.706303648161200559e-02
9.142463866333949696e-02
9.053374334758410025e-02
7.964784229539643989e-02
9.123523916057865724e-02
9.159252322023148096e-02
8.727665484064744961e-02
9.870429345173105384e-02
7.641796627718289159e-02
6.756531994957103160e-02
8.406954419306508774e-02
8.086691177320554091e-02
6.455034336398125794e-02
8.538425639787336485e-02
7.597824673877379142e-02
9.261442181997429912e-02
8.575457356052020030e-02
8.198616495657455594e-02
8.473512094784524384e-02
7.624122775394770457e-02
8.122092617891826793e-02
8.612510082117696975e-02
8.141917603608701814e-02
6.534202827236534894e-02
7.552078985943248834e-02
8.284896122203830315e-02
8.749692424075600217e-02
7.613488714951961722e-02
7.376087393702902839e-02
6.180395311125862906e-02
7.676365614115787661e-02
8.288499198128208845e-02
8.218225157072545084e-02
7.908371362694188722e-02
7.418426525752314094e-02
7.123177701337518597e-02
7.716945316138257294e-02
8.041807651342987306e-02
7.365307638087631448e-02
6.474395926811195301e-02
6.426837920093586565e-02
8.098248707436665750e-02
7.845501078455882626e-02
7.521458981590113668e-02
7.583321590098821008e-02
7.802424638670352186e-02
7.033568808147964979e-02
6.775304251461516936e-02
7.719781952397759828e-02
6.729967932972749645e-02
6.556854839756429132e-02
7.332823150425470116e-02
7.490542431492867859e-02
7.283073526371922068e-02
5.809534145304302843e-02
7.597327498059572304e-02
7.524246389237536359e-02
5.806312651572765465e-02
7.046753935203804720e-02
6.719703986049686828e-02
8.044340810024683264e-02
7.125718258240186509e-02
6.199563727017802506e-02
5.263853444713720992e-02
7.256524158013141768e-02
7.804729184526332242e-02
6.968157402083038909e-02
7.737999826265530567e-02
5.535807669626597455e-02
6.674126189812853993e-02
8.173785697841938480e-02
6.494492025181240746e-02
6.355293029120556714e-02
8.260322501352175550e-02
6.750432630665949285e-02
6.446920637110371832e-02
6.144708788199570310e-02
7.179487413402756146e-02
6.583515556647387412e-02
6.467180851314716095e-02
7.659677216444667203e-02
7.077034647691918257e-02
7.171866650905271701e-02
5.329071220945198056e-02
6.761074248652058916e-02
5.977864460338868507e-02
5.899247804604092899e-02
5.555543643541790977e-02
6.518544879289078775e-02
6.055338685567765444e-02
5.899314054617839365e-02
5.940643625375954112e-02
6.390615613053728106e-02
7.535615868377185111e-02
6.965563538572917823e-02
7.744863336396738684e-02
5.575100603032661500e-02
7.429276596651546161e-02
8.155032388629052109e-02
7.381019933139373879e-02
4.989746127884549937e-02
6.637304547897988904e-02
7.718075001391141998e-02
7.445715774618655303e-02
7.576382528650171810e-02
6.457494217543684190e-02
6.744444843240343657e-02
6.486365387112807968e-02
7.303095009844140506e-02
7.641088075278713865e-02
6.802600040164653861e-02
6.756456453376460947e-02
5.377367157416918647e-02
6.046891750016993722e-02
6.082290755216104849e-02
7.542924827507835328e-02
7.223540191679581057e-02
6.581018368007002239e-02
6.897831330863468668e-02
7.344552113216444578e-02
7.473422886860846270e-02
6.758950217758753765e-02
7.278817362153743031e-02
7.330012950276455774e-02
7.053106578831133677e-02
6.680200486541393312e-02
5.417774662925173984e-02
6.649558001491200077e-02
7.572531128986631499e-02
7.969632613053052872e-02
6.682678884267481689e-02
6.792932939149647076e-02
7.147977978264399845e-02
7.048092025175117792e-02
7.804640455332118032e-02
7.592558500853002768e-02
5.575100603032661500e-02
6.043887689162304178e-02
7.646366310496348351e-02
7.717987812421005234e-02
7.383688166537681619e-02
7.506720912697745218e-02
7.228894193136230217e-02
8.494583002285033269e-02
7.437502098260836969e-02
7.803140465205388177e-02
6.601130399901881940e-02
6.745012474265392466e-02
7.113566511910916768e-02
6.570769387305709641e-02
7.407160975026115535e-02
8.884649169817084025e-02
6.587090262970370091e-02
7.538954658744592696e-02
7.918251672178754086e-02
7.720866088930390669e-02
7.303848268053643455e-02
8.266501997352389275e-02
7.316488063413879861e-02
8.523540201615044387e-02
7.819075661656908760e-02
9.309638439792654319e-02
8.843115723686235941e-02
9.038382399756896002e-02
7.477671439321446900e-02
7.933960938940112784e-02
8.654369548716135674e-02
8.352588512494023287e-02
8.205594744216722358e-02
8.519790841465223197e-02
8.835219751606344929e-02
8.805642861475761196e-02
8.055803077331541440e-02
8.564606039531919013e-02
9.471413538162609669e-02
8.674651482794765167e-02
7.519795818811494947e-02
8.662577809132512852e-02
9.180989764362569583e-02
9.143816685516684140e-02
8.767997983401093487e-02
9.525031652033420781e-02
7.671632893387703156e-02
7.371056395368268122e-02
1.015181358468233153e-01
8.929134591985593561e-02
9.649182291843304282e-02
9.052599155197242620e-02
8.018261981086137469e-02
8.527801885236316326e-02
8.694809752229436250e-02
8.877199116230612141e-02
9.314252884991530701e-02
9.619838321432644390e-02
9.745703062477981127e-02
1.016304419823840927e-01
9.895536782578608082e-02
9.955329778622107328e-02
9.858924363176793659e-02
1.103399986069580618e-01
1.083731322577508177e-01
1.052539409667716808e-01
9.985520089422579570e-02
1.135004285131551022e-01
1.119046924462481080e-01
9.109831875291871106e-02
1.027277325125113133e-01
1.005151561403205551e-01
1.044650000839005555e-01
1.109604017183060398e-01
9.940973790428821177e-02
9.126794134353594101e-02
1.078735976340326752e-01
1.072650209726057069e-01
9.415675323854258427e-02
1.155110059010574369e-01
9.768911767580668037e-02
1.011386952222795010e-01
1.244782860132739311e-01
1.234108996744754244e-01
1.112339603923041681e-01
1.135947528018671077e-01
1.123590224424469292e-01
1.112426851691605406e-01
1.107184177891068905e-01
1.158855750995899936e-01
1.134264067325895520e-01
1.012728102723776669e-01
1.147299734185941722e-01
1.206173697083357116e-01
1.182718828663536087e-01
1.161176914829550877e-01
1.215094203634181635e-01
1.199495776824634763e-01
1.141084544510072712e-01
1.275093447368751964e-01
1.268273992119651472e-01
1.390703593551158301e-01
1.237656083539783874e-01
1.273076476871924101e-01
1.255323805101526136e-01
1.324000452866539168e-01
1.201622006277383026e-01
1.252992471277873388e-01
1.247924883570652871e-01
1.363686403951418769e-01
1.384108365282802899e-01
1.374684732650047758e-01
1.397980768281815167e-01
1.348878270148206049e-01
1.427982353990678022e-01
1.375601308916185039e-01
1.408208343934105877e-01
1.343662899249805365e-01
1.454046273689632574e-01
1.390474561280251597e-01
1.398233555670571338e-01
1.431126977409160894e-01
1.462193173330210150e-01
1.439507883899653062e-01
1.584652600339339357e-01
1.598652262979284866e-01
1.547192213322176046e-01
1.502641448558595938e-01
1.715951476579890278e-01
1.681866940045846359e-01
1.672803392377220366e-01
1.572268169091351753e-01
1.630551816768883722e-01
1.671073048526529325e-01
1.534715875906224047e-01
1.761036720313600701e-01
1.735750361698346622e-01
1.698408856473112849e-01
1.714601323088527918e-01
1.760093006054620490e-01
1.786688814213447662e-01
1.833839485870975561e-01
1.735273839908492155e-01
1.831130597518090264e-01
1.757047652831444373e-01
1.799149955385711819e-01
1.790290968271498195e-01
1.806879249311006408e-01
1.773516945558153979e-01
1.828336973553151834e-01
1.787569000410330344e-01
1.852197154613133834e-01
1.807732772396977716e-01
1.833925236999214003e-01
1.904197783339416916e-01
1.939970941083054567e-01
2.048316559637214374e-01
1.970920578790142652e-01
1.985965147405280573e-01
1.957803128900798828e-01
2.110858855415275737e-01
2.064193480477490295e-01
2.156794772246554692e-01
2.033187438962531790e-01
2.080556212975753771e-01
2.090401634043077550e-01
2.210863160305909514e-01
2.100797584071734114e-01
2.204793751622240172e-01
2.203884712930717915e-01
2.251962200074467679e-01
2.156764511098316628e-01
2.166117494306978863e-01
2.214687319914222519e-01
2.374821980686133149e-01
2.229545160570435003e-01
2.304751145905550580e-01
2.259718936363154795e-01
2.321448953765120060e-01
2.331033991373820391e-01
2.365339929303374999e-01
2.471411073575330852e-01
2.404199074827406690e-01
2.448236071135065361e-01
2.554942083931951435e-01
2.328041583510336576e-01
2.546468066295676791e-01
2.607886241527253013e-01
2.533960085679860530e-01
2.575856298712264070e-01
2.542549581633231637e-01
2.558891139909655332e-01
2.598685080632129885e-01
2.604699431861396408e-01
2.690283017006017685e-01
2.672605339087075205e-01
2.673811560653599484e-01
2.537717064932200617e-01
2.793071907519377173e-01
2.668608824095773380e-01
2.908348363734754582e-01
2.781772755341974657e-01
2.854004895997164781e-01
2.830011654715553493e-01
2.816157109216612664e-01
2.964737073831388292e-01
2.883465240545318720e-01
2.962206627216444343e-01
2.915258169472348393e-01
3.084180329514792929e-01
2.956259255179730649e-01
2.980125979805978154e-01
3.141809408908342593e-01
3.143450537232881370e-01
3.254688729345359688e-01
3.093034684981626481e-01
3.190565937566366417e-01
3.276400983104382214e-01
3.216819970291314168e-01
3.372814323095315592e-01
3.268353905457836994e-01
3.369434867938430611e-01
3.378500295504631157e-01
3.418370707385646190e-01
3.400154735051084676e-01
3.478139213010353337e-01
3.433030708903086481e-01
3.460376332716932901e-01
3.448445225623487098e-01
3.462070971511372885e-01
3.501212288957574748e-01
3.493961170623094414e-01
3.493631212042938583e-01
3.780334355692460679e-01
3.576969360069027770e-01
3.720522603272855000e-01
3.715960778398410547e-01
3.832346164779178443e-01
3.929371428334046401e-01
3.728148225736830357e-01
3.875167437926801406e-01
3.806625115891080768e-01
3.833169503683622192e-01
3.747020199947189156e-01
3.933684326388554031e-01
3.981967620051496404e-01
3.999105291943339524e-01
4.009737755968212358e-01
4.102230808262641859e-01
4.168140222647579995e-01
4.057802142870041706e-01
4.028978591451183866e-01
4.248710679211946117e-01
4.218343467093916277e-01
4.113976199802795719e-01
4.249096651936170033e-01
4.254744696321228203e-01
4.296179512327698014e-01
4.480486833489594201e-01
4.409394014423377861e-01
4.511262675984885617e-01
4.395672956799356879e-01
4.405340444340484773e-01
4.592784860945147707e-01
4.588823605192143829e-01
4.641365765455359171e-01
4.813970070150722647e-01
4.595380057608666746e-01
4.663076899326620284e-01
4.655962845731818067e-01
4.623214444204597484e-01
4.799079634075119061e-01
4.716900495124838888e-01
4.915922294466886777e-01
4.889420988538558666e-01
4.947198455327158073e-01
4.853303973891820444e-01
4.939971593936921535e-01
5.004042896846603306e-01
5.035418231830880442e-01
5.107145753760556905e-01
5.059729914307433685e-01
5.143072865433114815e-01
5.158566657536417521e-01
5.160195777905444148e-01
5.312704769042966291e-01
5.314402521349161912e-01
5.333363639246274657e-01
5.423459374572583425e-01
5.372644145006271188e-01
5.489664514479170032e-01
5.314566307841288584e-01
5.507767584237610592e-01
5.455532064117691871e-01
5.589997886044890674e-01
5.571147902175719313e-01
5.615809301319397706e-01
5.609011446143467028e-01
5.686776978940841776e-01
5.630813647422351353e-01
5.719321332540753255e-01
5.937344890418988497e-01
5.775077041044820447e-01
5.923870495894768551e-01
5.769883140760481144e-01
6.012484151311588976e-01
5.937863017100062368e-01
5.849953403912453442e-01
6.147190343459778550e-01
5.971081041010530832e-01
6.031439593098490981e-01
6.162804877704531892e-01
6.277296313961423513e-01
6.118343361794736923e-01
6.181101188348154807e-01
6.317738232187325442e-01
6.274945973774089802e-01
6.402873067183799671e-01
6.476567490994440401e-01
6.215091781967685414e-01
6.651906022760655235e-01
6.526237390565429175e-01
6.426981570033257762e-01
6.593230456694004760e-01
6.489606873245227225e-01
6.531133109130164982e-01
6.662095969321396582e-01
6.751105991885043567e-01
6.652324193215001236e-01
6.608826514031405086e-01
6.800687881823295200e-01
6.705543834441399786e-01
6.828888818865035404e-01
6.852458005168396982e-01
6.956114884612725202e-01
6.923239824410396537e-01
7.046300521704181863e-01
7.005859223041747130e-01
7.114504521103359735e-01
7.089026281018470099e-01
7.166351580548556699e-01
7.162854838437304750e-01
7.127436789635033243e-01
7.111677286330662096e-01
7.325749172077196114e-01
7.347874734261747864e-01
7.454257055196504833e-01
7.410708456961772050e-01
7.469541015895762026e-01
7.515674772743115017e-01
7.569035130023025193e-01
7.472670213149225082e-01
7.636370799457623537e-01
7.535496969875269402e-01
7.656257765916274494e-01
7.555503954753256535e-01
7.562525848473344858e-01
7.671013785230109683e-01
7.736949764316163325e-01
7.756187811135967225e-01
7.663260475689405160e-01
7.897597948704447868e-01
8.034294828529687793e-01
7.841011154295364216e-01
7.949182377485539686e-01
7.975926619778492821e-01
8.011990438148011151e-01
8.154946338817802287e-01
8.002995051134296212e-01
8.073932096715323858e-01
8.020275161976821998e-01
8.220635193451338862e-01
8.186279088187130570e-01
8.305429428121733348e-01
8.311895890564841016e-01
8.250496347260455332e-01
8.328670299620467565e-01
8.371461166153559841e-01
8.500921609697070780e-01
8.366622892872311867e-01
8.690492695320617411e-01
8.328148033723765664e-01
8.519676697495530693e-01
8.617364420372398692e-01
8.535488089835708836e-01
8.610253178659987849e-01
8.677181873252632904e-01
8.743368144197822822e-01
8.657572483485894699e-01
8.773053870409873722e-01
8.700209301892060099e-01
8.835658407139019843e-01
9.020580707907773776e-01
9.016972373731269030e-01
8.998549345842240532e-01
8.951497431883562728e-01
9.042546804785773773e-01
9.014205074756362901e-01
8.896513541350680176e-01
9.127536790219887841e-01
9.202711444836964017e-01
9.305548665923063512e-01
9.084623987434341519e-01
9.066953966500622686e-01
9.255311031432014168e-01
9.208316068325328452e-01
9.350577747127433170e-01
9.302540268640127064e-01
9.451968047077848878e-01
9.605187736098000917e-01
9.335682028956104883e-01
9.525650687467620559e-01
9.493389451333807960e-01
9.401672700864981413e-01
9.558528108385275779e-01
9.382462905376728335e-01
9.609168892160442343e-01
9.652179831747242922e-01
9.751930994924210561e-01
9.487425364859521926e-01
9.705326987835515284e-01
9.770430192343746434e-01
9.816294207832405583e-01
9.881098736691780182e-01
9.706094035594968750e-01
9.925449622326202315e-01
9.910562197974429610e-01
9.813633234309433462e-01
9.989854523818293419e-01
9.811352869236340535e-01
1.002775226201412018e+00
1.006197665195659452e+00
1.019398691568811799e+00
1.010318481346742292e+00
9.884985666374785929e-01
1.023702832577799260e+00
1.026835530967176613e+00
1.016032977032261808e+00
1.033525133167128240e+00
1.026094157057580336e+00
1.026403828924412398e+00
1.012941404666229950e+00
1.035035630019872865e+00
1.048962291769611310e+00
1.045300003017497481e+00
1.035034232951053346e+00
1.027216999017557031e+00
1.035324526872061890e+00
1.035782284245335028e+00
1.035933008895344010e+00
1.055462537689490610e+00
1.047745954181640959e+00
1.057839239736642512e+00
1.051113404644216986e+00
1.060237307869734247e+00
1.063835433066764091e+00
1.058973598836191021e+00
1.061331627140651435e+00
1.070696256106703492e+00
1.052522840014971761e+00
1.074570100119888849e+00
1.093479827779152869e+00
1.060899668500586701e+00
1.082679650081386891e+00
1.072585535261906697e+00
1.070985229806080907e+00
1.069859914286452440e+00
1.066302139362579782e+00
1.074749904807732692e+00
1.106720044178174156e+00
1.094265535112590060e+00
1.087778280004938480e+00
1.101905923151851319e+00
1.105310521812540747e+00
1.109124605264259822e+00
1.089195128347301145e+00
1.110138275767902361e+00
1.096222236900197711e+00
1.091405141460100703e+00
1.097069722091851718e+00
1.113129283125161795e+00
1.099697295600887026e+00
1.099513818852269731e+00
1.128644398731858622e+00
1.118818925048711277e+00
1.104143559967971644e+00
1.129107748777927744e+00
1.133003445924199326e+00
1.140052591464211895e+00
1.149542808541710759e+00
1.146768105650493030e+00
1.118908203352007913e+00
1.130995645594785604e+00
1.131209266938465241e+00
1.146784751064459762e+00
1.128894146037294099e+00
1.142803950019381620e+00
1.143789827396655134e+00
1.153015371869642758e+00
1.137898952637919736e+00
1.144108607308262249e+00
1.167417687752253519e+00
1.158960600714732392e+00
1.152849154456005776e+00
1.154261953089496640e+00
1.163449218820179265e+00
1.167139105807251553e+00
1.163406034832621616e+00
1.173468694533537748e+00
1.170620464243149028e+00
1.165897133254266471e+00
1.170826229190026657e+00
1.163183736796342904e+00
1.178075736116973360e+00
1.157017871457538316e+00
1.192810391172982154e+00
1.196841352812402892e+00
1.182272334041477135e+00
1.187405342354894477e+00
1.195188552140989957e+00
1.181052191004396734e+00
1.176448870914572176e+00
1.181873503391173141e+00
1.179857603081582385e+00
1.194859824383728064e+00
1.191568687763607581e+00
1.196342642342447471e+00
1.194861083410924119e+00
1.189901760801681974e+00
1.208088820470043068e+00
1.190355425213477147e+00
1.194611598445098011e+00
1.215384877159826127e+00
1.216637380714489014e+00
1.201095180096875215e+00
1.203032877376030818e+00
1.208685456697716099e+00
1.219359370495175954e+00
1.217436272005174347e+00
1.200326383410942555e+00
1.193061999532227135e+00
1.188824450620729944e+00
1.205398909684594289e+00
1.230352940770806924e+00
1.213269650324870996e+00
1.217133242637962409e+00
1.229434696283201900e+00
1.209827277317653049e+00
1.218375036314545357e+00
1.218933495740410988e+00
1.219819207577193643e+00
1.223037865722522266e+00
1.211765794662293727e+00
1.221362421205407278e+00
1.210405226147587943e+00
1.233353805117272772e+00
1.233646766642699788e+00
1.247811043651405827e+00
1.224885248680516847e+00
1.252690601629043998e+00
1.229880207385813051e+00
1.247229240660500560e+00
1.237539000076098406e+00
1.237847169138136305e+00
1.239515563169379053e+00
1.231059255248534656e+00
1.242748641303707435e+00
1.245070787509618082e+00
1.234534612016873201e+00
1.244128210503427923e+00
1.229691014858697917e+00
1.249623836779666597e+00
1.248960704507323216e+00
1.233072533633951862e+00
1.252851293474616323e+00
1.247284263203812582e+00
1.238778155006394099e+00
1.242280049252041163e+00
1.239066436286376138e+00
1.250368639725550679e+00
1.266837665480630148e+00
1.253493074951513631e+00
1.241343599037808332e+00
1.241777502903181007e+00
1.253320555459603192e+00
1.258438010286606401e+00
1.251139225826287227e+00
1.248785806538556198e+00
1.261273599510684296e+00
1.251605221908951959e+00
1.258614224986655428e+00
1.249421119534398494e+00
1.272226670079682487e+00
1.265539304338194837e+00
1.275284389158463982e+00
1.234255478171219611e+00
1.267706231720036048e+00
1.252533536858764007e+00
1.265796041656645388e+00
1.266645573215332554e+00
1.277911839371557834e+00
1.281574550837998094e+00
1.285591832362832365e+00
1.266260169512657630e+00
1.249344156803748440e+00
1.252805772137487450e+00
1.267175411672573082e+00
1.280399781572169493e+00
1.270443325057319051e+00
1.281395117259372718e+00
1.259615351859499466e+00
1.264467142448006065e+00
1.258716846255482968e+00
1.280582528361980277e+00
1.283620574949162929e+00
1.297658804502559660e+00
1.291089602020092153e+00
1.259534669043419042e+00
1.277696391133078535e+00
1.276900413460853700e+00
1.272297210975624981e+00
1.263474268458612437e+00
1.282790025244625598e+00
1.316921114263447379e+00
1.284284767438960584e+00
1.278427704689126809e+00
1.295871993706899650e+00
1.285001447285038179e+00
1.315388288581306853e+00
1.279360604775428900e+00
1.289712634815080694e+00
1.278653959309885568e+00
1.303070971108179155e+00
1.290792191095931019e+00
1.299345445478692129e+00
1.270309787399539037e+00
1.294752985704651582e+00
1.289004092207294283e+00
1.285483043955551352e+00
1.300723246392060828e+00
1.275038504179345944e+00
1.288399216579926954e+00
1.311869867282813740e+00
1.276787397980653216e+00
1.293104839074499912e+00
1.284784673311731407e+00
1.290644356376957402e+00
1.291347118854228038e+00
1.307608693682313250e+00
1.275184933306557911e+00
1.308588749275142016e+00
1.299205271981876075e+00
1.287421162300387278e+00
1.294372552563465728e+00
1.293980591145274195e+00
1.283314223393904996e+00
1.305419483438305051e+00
1.318703381319658918e+00
1.284039578597546027e+00
1.310107008466043332e+00
1.292163076202214933e+00
1.308646435060469626e+00
1.290412027752981361e+00
1.305620926067578846e+00
1.309234316267542164e+00
1.289410571478827761e+00
1.292800592706356611e+00
1.292705603273301973e+00
1.274433912136179625e+00
1.299798061893633561e+00
1.297447059406873437e+00
1.288123337756524212e+00
1.305735909082768043e+00
1.300082102117591010e+00
1.292624670911673990e+00
1.287962512033900886e+00
1.291814387645540130e+00
1.311539577588042738e+00
1.318238245765744887e+00
1.288137893568175540e+00
1.330371477728586438e+00
1.299745125286727365e+00
1.297753313685529930e+00
1.318402825588994576e+00
1.304637973548107954e+00
1.305788746311149495e+00
1.308928278850643112e+00
1.299843612427867834e+00
1.328779662520441107e+00
1.298659408776530189e+00
1.301978370868621671e+00
1.289631965062416397e+00
1.313967416877187100e+00
1.310195426246366646e+00
1.340969198558314091e+00
1.300864447847483785e+00
1.307509539244832819e+00
1.302926848960498152e+00
1.291972878664036761e+00
1.313202276752148068e+00
1.315202879644200129e+00
1.298723675964799096e+00
1.302340074094727962e+00
1.320736866836675460e+00
1.325100744132634345e+00
1.301185764273794288e+00
1.312766730310349850e+00
1.312789895482402880e+00
1.306253103398790527e+00
1.324080142051430986e+00
1.323930695873855701e+00
1.319294993494518398e+00
1.288864008993086729e+00
1.299923156609469554e+00
1.305485520940656397e+00
1.319517889673260891e+00
1.303508752489201061e+00
1.325432270664859136e+00
1.287136746762387984e+00
1.322773458679802783e+00
1.303974799800374784e+00
1.320502452993609799e+00
1.307590934522643300e+00
1.321965229651029805e+00
1.317700483106438947e+00
1.299086015702609176e+00
1.299631823763115701e+00
1.305206029700162862e+00
1.341742500383171333e+00
1.308621163063549808e+00
1.305594224950631377e+00
1.315017797988673465e+00
1.317943306323320130e+00
1.315212043537894893e+00
1.311985849830374695e+00
1.317818259549785154e+00
1.322686953530548326e+00
1.312664384331950984e+00
1.308346072624694045e+00
1.328320026911778085e+00
1.302225112320602340e+00
1.324011195478658420e+00
1.325844381896565727e+00
1.323031815398569400e+00
1.322992106473428908e+00
1.338172122720312718e+00
1.340184283321896430e+00
1.328848629967659623e+00
1.321396019877711936e+00
1.303829801640417729e+00
1.326043708787595365e+00
1.312117874422768171e+00
1.317278641521853810e+00
1.299613365560738476e+00
1.298347187914373979e+00
1.307425729581198626e+00
1.310805959338788851e+00
1.324757037307588758e+00
1.328988132613547535e+00
1.316820259458765019e+00
1.301171130739286808e+00
1.306382224988704266e+00
1.319379815881938756e+00
1.309928109821812514e+00
1.321809461529235730e+00
1.313641765376284409e+00
1.328870251077522102e+00
1.325838730224085271e+00
1.311095074367482960e+00
1.320831909613753741e+00
1.321639293640654023e+00
1.323867285298423901e+00
1.316127593676560403e+00
1.320598061032105530e+00
1.314027713844446943e+00
1.320736100534954716e+00
1.317557749949002543e+00
1.321886586032942956e+00
1.319398888917532764e+00
1.305191028578892132e+00
1.318198534350492945e+00
1.313981542968073235e+00
1.325651471804819126e+00
1.317371306113523932e+00
1.318055153932307322e+00
1.308062916510560392e+00
1.311408087378893139e+00
1.330095080114219730e+00
1.325885699060942668e+00
1.318759759817995869e+00
1.333921279661257842e+00
1.324184420162009435e+00
1.318103230279147553e+00
1.324721855916219271e+00
1.307296382907920940e+00
1.332637058967812926e+00
1.326942038148083647e+00
1.333929917351735384e+00
1.318424199219595527e+00
1.321230706458248694e+00
1.341205845946350506e+00
1.328194132543705219e+00
1.326470260413267432e+00
1.354015540599900813e+00
1.332262737130033070e+00
1.333775875716274761e+00
1.336460541689610704e+00
1.302052886065212078e+00
1.320074664013379806e+00
1.321981168725081091e+00
1.317436528200702783e+00
1.304830069188960051e+00
1.318338682538448881e+00
1.319162247325383230e+00
1.319102952663586903e+00
1.330866947720358962e+00
1.322527499790078886e+00
1.327187867058240656e+00
1.315427967829581934e+00
1.321046805682109859e+00
1.319329147435788441e+00
1.302854007192282282e+00
1.324792058109600212e+00
1.319114675203409082e+00
1.325514428279798151e+00
1.295708908121249170e+00
1.325040593974212477e+00
1.311207826066159043e+00
1.325436925851439796e+00
1.343463751902984171e+00
1.338037550990199387e+00
1.330210998958075042e+00
1.313586074229068368e+00
1.329869071252602009e+00
1.337653789622917033e+00
1.309688566655659026e+00
1.323697354159497408e+00
1.346864728612235274e+00
1.329083708051137069e+00
1.338791562767278176e+00
1.318813556889665506e+00
1.318861994941432636e+00
1.333030766318503257e+00
1.317794236604276747e+00
1.319864443073523796e+00
1.314183576481550375e+00
1.307521063004968731e+00
1.328843482321955038e+00
1.316793995701898590e+00
1.305442966053126597e+00
1.318287029159959323e+00
1.331888901526283808e+00
1.332875819341957202e+00
1.332500899652122595e+00
1.336355911010648434e+00
1.322254373739842004e+00
1.315020126521592836e+00
1.327421972011977536e+00
1.306181842793209036e+00
1.307943077107661223e+00
1.326764770725025411e+00
1.314081201321162018e+00
1.333152582443591028e+00
1.330742254623306531e+00
1.317095655476645977e+00
1.328830590568422121e+00
1.331000614640556190e+00
1.329998959870504649e+00
1.310602962219550305e+00
1.319293255643960050e+00
1.309018020212730837e+00
1.334445547260406428e+00
1.321166526431241994e+00
1.338295546144554260e+00
1.325958773174293004e+00
1.328463485564392421e+00
1.316862628767381471e+00
1.332510679801639064e+00
1.312150165341909869e+00
1.321162785683235974e+00
1.333032228759070348e+00
1.343182023351352505e+00
1.325132985054830792e+00
1.321335913986320110e+00
1.319905944136430920e+00
1.303197277658174391e+00
1.327536129804707477e+00
1.315424302085300479e+00
1.323845454625088847e+00
1.313717177013473680e+00
1.327210274576596571e+00
1.327403501199997615e+00
1.319170999460800742e+00
1.338631246126959162e+00
1.326798211364849767e+00
1.325276481375488702e+00
1.317469934857346647e+00
1.298526638907896658e+00
1.336106078411379849e+00
1.337021979136330474e+00
1.324998558499831836e+00
1.319283520186487646e+00
1.312252633539880975e+00
1.345117933431262180e+00
1.336482719574043632e+00
1.333549655373265530e+00
1.314696740921798002e+00
1.320081809827332364e+00
1.320997204682897497e+00
1.328188217878401245e+00
1.337534244763980418e+00
1.300545911167452662e+00
1.306277790067078559e+00
1.311183811619507367e+00
1.313141071654935210e+00
1.326638407686689947e+00
1.308959978648763789e+00
1.319101562805986338e+00
1.340598478032979823e+00
1.334956551138210878e+00
1.336494105463249538e+00
1.325889491903454065e+00
1.310355144643714054e+00
1.324140518969514346e+00
1.329306811708097280e+00
1.339596640191799137e+00
1.324736961650621714e+00
1.319589914563444433e+00
1.323449439152954987e+00
1.308514246553291516e+00
1.331747204237702542e+00
1.320713575496934800e+00
1.330711084608934724e+00
1.340648602135466216e+00
1.325596148069560387e+00
1.305901661291527072e+00
1.348925289347051359e+00
1.308860039414457610e+00
1.300772233118561161e+00
1.340026782908132930e+00
1.321303896544106182e+00
1.332158009558133793e+00
1.330861251030597714e+00
1.311298520953988467e+00
1.299205271981876075e+00
1.331369903440720703e+00
1.325542453441452162e+00
1.326901758149772848e+00
1.309878131027088166e+00
1.333660296843994786e+00
1.322729034325171860e+00
1.310412373224038474e+00
1.315381579766575326e+00
1.329948749657788643e+00
1.314125630030152703e+00
1.326005659952092630e+00
1.323449689799185203e+00
1.331109646685927128e+00
1.328308383873102683e+00
1.303104279424264211e+00
1.332635327633949096e+00
1.320782158472994405e+00
1.334438884318035923e+00
1.338812324913644769e+00
1.319787183385095819e+00
1.323274334768234750e+00
1.311287790190976965e+00
1.334712552179400991e+00
1.320330353263464040e+00
1.320136472758893786e+00
1.323754151278819569e+00
1.316050041735837395e+00
1.327789151419374480e+00
1.304251051751492696e+00
1.334440238873013218e+00
1.319581302526978916e+00
1.329423704774630677e+00
1.344199695368107017e+00
1.304447708335137568e+00
1.323344555318737514e+00
1.326771777942316266e+00
1.348179965699123128e+00
1.315209741645408270e+00
1.320233574505438545e+00
1.330222054216811500e+00
1.318510136095849772e+00
1.324583334336023821e+00
1.315255315242311429e+00
1.324929058642401181e+00
1.303744011885868970e+00
1.308427495721785627e+00
1.315885968137830542e+00
1.341362559390486098e+00
1.316888901845096660e+00
1.315044574515461306e+00
1.316108330033975315e+00
1.330191824530739142e+00
1.331525579770408418e+00
1.333803536804423651e+00
1.333672722138364408e+00
1.309973700100907079e+00
1.311379582551441159e+00
1.332924437383368410e+00
1.340712456556645282e+00
1.328815113175938700e+00
1.321008413909504409e+00
1.322785524290035708e+00
1.339825610203636996e+00
1.321288518639285314e+00
1.309912669967057575e+00
1.317764772480145563e+00
1.312594645597043197e+00
1.313503593382745915e+00
1.334710950153200848e+00
1.331086425633508652e+00
1.289765819066693409e+00
1.335854005039416315e+00
1.327893242172068167e+00
1.319640702112137909e+00
1.307781746327513872e+00
1.305968707672130469e+00
1.327269172073481718e+00
1.301270479184714501e+00
1.317156246262813246e+00
1.353216856588200789e+00
1.329397769941289331e+00
1.337653151421797748e+00
1.334970211520962069e+00
1.325605441829253106e+00
1.312542092399395344e+00
1.306657007708375673e+00
1.322348717672911178e+00
1.341154088624169738e+00
1.341366030978650814e+00
1.322262177106303005e+00
1.333017276664771655e+00
1.298875727384908085e+00
1.333034767365287587e+00
1.330459163665247857e+00
1.320845913635410929e+00
1.298534260562498766e+00
1.314223466966455645e+00
1.316550423906812650e+00
1.302223528502832073e+00
1.321367086024733517e+00
1.339063355671300748e+00
1.327881289204703608e+00
1.325718671327133835e+00
1.314440237715522208e+00
1.341567708820908367e+00
1.334829690868665208e+00
1.306654126166391094e+00
1.313907883978262747e+00
1.309813468835694383e+00
1.306402645235870574e+00
1.339662634487026827e+00
1.306873549671897949e+00
1.322371839115792147e+00
1.329598521744014050e+00
1.319254247160471127e+00
1.332238503630817750e+00
1.333573987806992545e+00
1.314828941270833162e+00
1.340070173337713166e+00
1.308252233219544980e+00
1.331374784993414329e+00
1.323112215238225975e+00
1.338841756364111735e+00
1.334453219064223761e+00
1.327723497211546366e+00
1.325171285209382432e+00
1.314655566168805079e+00
1.321611075015006964e+00
1.320360830692227649e+00
1.308497170463805537e+00
1.312269216755912016e+00
1.333267256669017575e+00
1.315127577092140232e+00
1.326359170528349285e+00
1.319716817077071003e+00
1.316236431391288431e+00
1.331356903157796534e+00
1.323434959066554395e+00
1.342257706632079328e+00
1.336867526772915538e+00
1.329162955952580827e+00
1.339225723736186868e+00
1.327226140718029024e+00
1.321166513315505053e+00
1.330957869448464503e+00
1.326302689432766080e+00
1.318974296976892058e+00
1.326699107616234885e+00
1.326611350351752483e+00
1.328777071516662689e+00
1.319589435263397226e+00
1.309682447608947253e+00
1.310066368394926517e+00
1.317030692949566761e+00
1.350023430389521772e+00
1.330038088901606352e+00
1.308383554178037311e+00
1.320274687187154239e+00
1.319521775719291634e+00
1.337930104315367075e+00
1.323533049480588586e+00
1.319215425358509552e+00
1.324869904991024638e+00
1.318066569230856189e+00
1.312025777625055234e+00
1.339757651019930496e+00
1.321210692310374579e+00
1.329286501147690425e+00
1.318562294889312980e+00
1.318659281169779485e+00
1.310352438396304997e+00
1.324703664913785328e+00
1.332019563605948864e+00
1.303251883558031121e+00
1.308210686356068297e+00
1.321350806067229655e+00
1.320978690553962220e+00
1.337206061356175146e+00
1.317009647460327226e+00
1.312176940483703591e+00
1.313437629615794577e+00
1.348055878545779906e+00
1.319126794715711704e+00
1.325606144065797354e+00
1.316248123573808604e+00
1.342592778004342735e+00
1.336217779019065910e+00
1.311721727989658692e+00
1.315622411086200261e+00
1.303453336549781572e+00
1.305967649831624389e+00
1.318388039515250965e+00
1.334976182109345988e+00
1.344607553673324851e+00
1.324559101753036261e+00
1.332268468691484298e+00
1.334195374999284978e+00
1.318866986534982688e+00
1.316275920192065296e+00
1.308826334446303141e+00
1.326104098625662253e+00
1.338337822558786083e+00
1.318627026156670379e+00
1.320326987664625085e+00
1.323244082228647311e+00
1.320909597621096720e+00
1.308942698252361758e+00
1.345023236148324086e+00
1.305625991612427317e+00
1.336148474236264816e+00
1.329436893652690355e+00
1.312862294271487817e+00
1.329042351983018566e+00
1.340119850311316085e+00
1.318288450566768466e+00
1.310814226601928478e+00
1.319746267166378217e+00
1.351417507638865700e+00
1.311548244507479311e+00
1.326073295926733175e+00
1.327479419599052912e+00
1.335349171603528617e+00
1.315412068391891731e+00
1.322689637045197708e+00
1.328002510412507275e+00
1.319816762563338797e+00
1.320117497661154271e+00
1.323235886333412603e+00
1.321073877683978326e+00
1.326031639750365310e+00
1.331210244628520112e+00
1.330076588609574895e+00
1.336662243659421989e+00
1.301081207303843579e+00
1.334193526447470024e+00
1.336263336174861704e+00
1.325135031465762836e+00
1.337705275910818337e+00
1.350595104679734648e+00
1.323658220199821711e+00
1.324465245631563093e+00
1.300249729018574163e+00
1.316467413540335141e+00
1.339112389585186191e+00
1.329139738638083212e+00
1.318130446030286951e+00
1.336917470393331753e+00
1.325699990321987043e+00
1.317010285295923566e+00
1.330065379556929717e+00
1.320067804244557275e+00
1.315185139609063247e+00
1.318862869390623249e+00
1.322606138597086645e+00
1.325565390445564207e+00
1.332002222188217511e+00
1.321564517104498293e+00
1.319553812000004989e+00
1.322908270082629345e+00
1.330853955836709401e+00
1.316610581231922650e+00
1.342369255357060531e+00
1.321023822612944265e+00
1.334738289126097266e+00
1.331863167916137902e+00
1.324887946981232911e+00
1.325688221078909601e+00
1.349496851285741927e+00
1.332929272993613967e+00
1.322078333263978278e+00
1.329042351983018566e+00
1.324989085908328867e+00
1.340977775513184866e+00
1.334202416220002352e+00
1.342278714586375932e+00
1.315164361210461097e+00
1.316797667715121856e+00
1.327539380456634444e+00
1.324212883897921467e+00
1.323877786504543685e+00
1.319362544585248154e+00
1.329913212286755853e+00
1.314683167427959543e+00
1.336761502640663846e+00
1.329793180439097888e+00
1.342145995821673043e+00
1.323456976733059731e+00
1.338252244878213260e+00
1.346471679325832449e+00
1.341231535247523254e+00
1.311204331845627014e+00
1.312461168130536926e+00
1.322702057751717675e+00
1.311950712051323853e+00
1.363262756206206516e+00
1.311550425924459251e+00
1.304394355734150412e+00
1.319286916227650375e+00
1.337721831069575540e+00
1.337309760423851746e+00
1.322102871789126555e+00
1.328786133494437971e+00
1.322703998264232572e+00
1.336257035034291274e+00
1.312757452505476152e+00
1.302727814347498514e+00
1.350258638755113871e+00
1.304976108851065630e+00
1.312742179933568121e+00
1.323130805955821776e+00
1.318175694551926069e+00
1.324199753968456461e+00
1.317906832579988530e+00
1.315059985934887488e+00
1.328788827062706179e+00
1.335643449624139834e+00
1.322427644047553974e+00
1.324893922016956660e+00
1.306820499778226008e+00
1.326221200728997740e+00
1.326413286895674615e+00
1.314905100403214844e+00
1.317721872603445199e+00
1.316798183445291759e+00
1.330813807988344477e+00
1.329697408298068595e+00
1.344227556855013050e+00
1.309436159697617841e+00
1.334206236780222099e+00
1.337030899246877569e+00
1.328033010459710672e+00
1.317070272478788162e+00
1.327723570019184951e+00
1.293661636780650825e+00
1.311550051974761821e+00
1.343863518282363723e+00
1.324498659380467291e+00
1.313657168036267420e+00
1.337213494993542140e+00
1.317838669042374011e+00
1.316767211463506726e+00
1.328726144930651998e+00
1.325796345086028172e+00
1.327292429333372770e+00
1.335371298096291071e+00
1.320647211266904986e+00
1.308435782933696334e+00
1.348430133483256466e+00
1.307383259120732832e+00
1.300015842316274650e+00
1.328358258486298071e+00
1.315353311286792115e+00
1.307092423836656137e+00
1.328136056791579422e+00
1.327337650686699844e+00
1.304312573837778988e+00
1.331092955405561051e+00
1.325148420594617793e+00
1.335628717421708522e+00
1.345804278110532159e+00
1.290620422242969356e+00
1.307080699989265460e+00
1.312590942381156811e+00
1.324016793534056324e+00
1.317000902405538687e+00
1.344704023419702077e+00
1.343709111666487654e+00
1.320231796569482308e+00
1.309254695047764816e+00
1.314215858086493993e+00
1.321737244507140474e+00
1.329144647589390216e+00
1.335095067940989866e+00
1.311405685217766459e+00
1.304807513134637720e+00
1.323491663445967470e+00
1.331473184700782131e+00
1.317657043458744681e+00
1.305585839148976302e+00
1.328342851147017001e+00
1.320212718352623105e+00
1.330573206361625793e+00
1.313355158845240567e+00
1.328632544038727659e+00
1.331585300079697554e+00
1.328590710220314719e+00
1.311348668327450007e+00
1.312475010463228564e+00
1.310719883154494836e+00
1.324623406653013813e+00
1.327326188716120514e+00
1.338632402130288668e+00
1.313451509562179265e+00
1.335133045395156204e+00
1.328465319442957648e+00
1.325353983957557436e+00
1.310044119824846254e+00
1.322452110319452645e+00
1.330547021812825470e+00
1.310711956869139438e+00
1.325261601008997259e+00
1.330557875243228105e+00
1.296245593179144340e+00
1.342078988960037966e+00
1.319979189054229618e+00
1.311616973171707334e+00
1.318199210498306684e+00
1.339826414074948735e+00
1.318159769894327704e+00
1.327352330216840848e+00
1.309877988808367810e+00
1.315577649980068875e+00
1.329268367877547652e+00
1.320110967765270926e+00
1.323857954659056091e+00
1.334192520697215389e+00
1.321130546048072452e+00
1.327880356031137410e+00
1.339987670024586519e+00
1.319216745187049566e+00
1.329515662730568870e+00
1.313040172454292831e+00
1.323051450165687370e+00
1.335988885037949103e+00
1.302841168953069229e+00
1.328999376550983103e+00
1.311408040779158179e+00
1.311955405566469723e+00
1.313547229411734518e+00
1.329909311415216067e+00
1.331221895982768855e+00
1.346010760560503616e+00
1.304964421178141265e+00
1.331059999730361376e+00
1.333673557938304777e+00
1.330680374541128197e+00
1.328091170601305215e+00
1.327346299881230873e+00
1.319376985645952738e+00
1.333576246996684755e+00
1.315761847666871320e+00
1.297657977041167587e+00
1.334361182966511183e+00
1.334987499149769885e+00
1.327454159223828034e+00
1.325738366773860921e+00
1.329779321458712360e+00
1.304050396725354721e+00
1.340949316202600494e+00
1.320287917506321129e+00
1.321160324108901385e+00
1.325847490222534786e+00
1.295433173366680180e+00
1.326408899717251844e+00
1.322344591218502785e+00
1.309166587039345186e+00
1.324120131535370781e+00
1.331587082129002120e+00
1.321787130555838186e+00
1.329366027877602052e+00
1.305225222614307068e+00
1.319300670856943025e+00
1.341521151362606634e+00
1.327191119794175034e+00
1.319228542727258091e+00
1.334739945987965193e+00
1.365229412203245785e+00
1.322328026241028187e+00
1.332133797612469861e+00
1.319465912409534702e+00
1.329373272736380951e+00
1.323137733438710217e+00
1.338929531315874666e+00
1.327592847888338978e+00
1.319955914474390646e+00
1.311352310078047534e+00
1.314902922755537995e+00
1.320565952779022556e+00
1.341655508756374182e+00
1.311254826249167671e+00
1.314035080535640443e+00
1.338737330318519270e+00
1.310963809212642550e+00
1.317579765241395195e+00
1.335666607915743764e+00
1.326556392665072082e+00
1.336946525776497863e+00
1.314064862431677305e+00
1.314499097109421699e+00
1.309862542557157505e+00
1.354953835107800542e+00
1.319924680499681591e+00
1.342910992230990530e+00
1.336658033766200404e+00
1.325326914274392864e+00
1.323153630780595114e+00
1.315381876899711866e+00
1.330407390964251313e+00
1.312821357988070536e+00
1.317948767193006132e+00
1.302404579470364032e+00
1.311761694423924984e+00
1.313126299233586813e+00
1.342402273065917528e+00
1.328762567827977747e+00
1.343431938516672863e+00
1.342325901873291816e+00
1.329913296009300749e+00
1.315323134977415487e+00
1.360137181160514963e+00
1.330144839938532941e+00
1.310820869919194775e+00
1.327172785488799578e+00
1.337994700374869339e+00
1.316924730813278321e+00
1.337079135642614824e+00
1.320199789510577926e+00
1.306584317703637144e+00
1.330954214942885239e+00
1.313331763325297663e+00
1.333810614315734000e+00
1.332234768270206926e+00
1.313374517366995731e+00
1.349947903555630102e+00
1.319550359721098465e+00
1.318209627905540859e+00
1.320617579966771427e+00
1.315179501284402974e+00
1.302295048392964727e+00
1.317924450377167656e+00
1.323395032457061360e+00
1.332496180764288995e+00
1.318314945404914118e+00
1.322028497066340291e+00
1.317787936379775759e+00
1.328425166426416393e+00
1.331439618053842588e+00
1.315067518093742116e+00
1.331181117948778914e+00
1.331725177125253845e+00
1.326772433269171936e+00
1.343283769951485462e+00
1.316705723564331354e+00
1.336045021870587934e+00
1.329006140562845939e+00
1.330901585948389032e+00
1.313523284438981031e+00
1.313607259495537249e+00
1.340801758260135701e+00
1.347603019754727072e+00
1.317082009811634924e+00
1.321004265501792396e+00
1.315753150262675586e+00
1.317693665406138637e+00
1.323948231897589034e+00
1.307263506805760978e+00
1.326676284284821206e+00
1.324567726421056024e+00
1.329223454368506196e+00
1.307104586260041668e+00
1.325984193766914565e+00
1.315544140067582690e+00
1.314852248737707230e+00
1.321192647618429028e+00
1.317151787211477521e+00
1.347696773110389268e+00
1.314160308606094674e+00
1.326894188378452633e+00
1.325987437767727206e+00
1.331570830513894910e+00
1.325280441182580260e+00
1.317481020639627909e+00
1.323011154502376385e+00
1.334446433287944878e+00
1.345831283640827936e+00
1.308745756530035109e+00
1.306540525293420130e+00
1.324318817643626023e+00
1.322241916083273461e+00
1.343938539956865741e+00
1.333417669374966641e+00
1.332883339704093562e+00
1.325274113908551543e+00
1.318164261219720190e+00
1.328434174064251572e+00
1.348129690895023103e+00
1.313312522257955361e+00
1.312471714175677429e+00
1.320315395645600409e+00
1.306286364841881209e+00
1.330802026202169142e+00
1.317364611624331827e+00
1.329616961842624567e+00
1.318610402586714248e+00
1.319928240202822289e+00
1.327687980865028372e+00
1.317679051582629990e+00
1.315787792383772858e+00
1.337606791829428987e+00
1.326776878182100994e+00
1.337101244519134591e+00
1.319230891150442231e+00
1.316954210694845528e+00
1.333290268687640667e+00
1.332642057114922673e+00
1.322466680470256950e+00
1.332100346038348704e+00
1.316479850809328722e+00
1.340764093216194608e+00
1.332079223375102206e+00
1.332121664804262640e+00
1.328235647742675551e+00
1.323348123526449038e+00
1.323717967040408672e+00
1.329999163209880653e+00
1.322071264478989150e+00
1.330541850865838649e+00
1.309047632232551939e+00
1.321489851572453800e+00
1.310238575406582617e+00
1.331729111749868411e+00
1.316359009546272718e+00
1.316224110826901939e+00
1.322576580382245792e+00
1.333664402623379042e+00
1.322868978058313605e+00
1.327323940290566329e+00
1.303346750460220083e+00
1.312562889526473375e+00
1.313767938903007471e+00
1.307149274942661199e+00
1.315240575555632230e+00
1.328720707406587209e+00
1.330303406671572430e+00
1.318610402586714248e+00
1.334099705015100223e+00
1.333158165101188342e+00
1.308764421842720349e+00
1.319716370864979504e+00
1.326078792029225184e+00
1.313388440068899099e+00
1.335775981001051882e+00
1.312197289660438138e+00
1.313483813119332266e+00
1.316592458840772473e+00
1.323082030643704554e+00
1.315613072950344797e+00
1.327287751914421277e+00
1.332406948449114559e+00
1.336980544377542435e+00
1.323602536426325749e+00
1.309019335957941621e+00
1.327529727087249256e+00
1.353339650157521667e+00
1.319975599146049561e+00
1.303983393695486326e+00
1.303563286109679309e+00
1.311851819010321440e+00
1.331318843120903539e+00
1.314575134831343250e+00
1.331057232526928313e+00
1.330960077556528454e+00
1.324684368679172275e+00
1.330420895346237975e+00
1.341435154358986193e+00
1.313515020698654778e+00
1.327172785488799134e+00
1.316667486330291181e+00
1.310944251583802123e+00
1.343889568175658189e+00
1.320762107136255858e+00
1.326238016268053377e+00
1.321962118282058007e+00
1.320762107136255858e+00
1.314685544412896423e+00
1.317890619353640602e+00
1.332232551221063765e+00
1.333695655960730697e+00
1.325400212486181450e+00
1.340718907737892929e+00
1.331620905776632391e+00
1.328030082541409529e+00
1.348391120944363530e+00
1.344727208229727689e+00
1.333797612276914846e+00
1.333286264009455602e+00
1.355717122103009320e+00
1.310408522554677546e+00
1.329860444693461652e+00
1.343616406274788622e+00
1.322518145275692891e+00
1.307008957055969978e+00
1.302530404843544432e+00
1.319587137601739624e+00
1.323221053745412989e+00
1.313953325819849027e+00
1.317918198110957562e+00
1.334739914043437281e+00
1.334479826083710519e+00
1.311688632370036300e+00
1.309485883403071815e+00
1.312638636419616978e+00
1.296822190971828270e+00
1.309227367959642008e+00
1.341300980555490074e+00
1.344052507876182245e+00
1.321599734625102274e+00
1.315942647062299464e+00
1.321568290300838333e+00
1.326980648954604325e+00
1.328419675228414087e+00
1.340429164183078337e+00
1.319315478972825861e+00
1.323181134928634206e+00
1.306231893592430859e+00
1.317491220484565906e+00
1.299445484854437227e+00
1.345175322141361152e+00
1.321173534157007667e+00
1.321617878859008499e+00
1.319287013598498648e+00
1.333254874810235302e+00
1.321743139853369664e+00
1.319476864071467137e+00
1.333528113388016800e+00
1.318899104386107357e+00
1.325413496262624502e+00
1.317210904392597470e+00
1.319497521736691770e+00
1.305217258668451619e+00
1.322139862141629596e+00
1.336572494936194788e+00
1.324868650967708561e+00
1.322842960252308631e+00
1.333286207951782876e+00
1.324077872768107733e+00
1.332375173467267970e+00
1.337534883319598356e+00
1.335275230020019022e+00
1.322292204717429698e+00
1.315698891947153726e+00
1.302146346604396321e+00
1.313175256710138683e+00
1.326589519213719148e+00
1.322760295680400100e+00
1.309599447972752184e+00
1.312813490174614017e+00
1.330628135703664450e+00
1.319435851071535826e+00
1.303466028626945494e+00
1.311496210408997776e+00
1.317306004900497207e+00
1.313965237923097495e+00
1.352478977995026366e+00
1.317844000616150923e+00
1.308198140136602960e+00
1.311826436008468155e+00
1.331690357914451228e+00
1.318798807475761725e+00
1.326988170050192650e+00
1.340797653611000451e+00
1.316519430697607795e+00
1.351587599872731360e+00
1.308085987006293083e+00
1.320867246115302818e+00
1.313806201189105627e+00
1.297948851891143729e+00
1.321202124645434406e+00
1.308834287185397738e+00
1.309706035253438206e+00
1.336205424291920352e+00
1.324201327642530401e+00
1.324981412845886553e+00
1.312597886235049360e+00
1.332093121469882124e+00
1.333671164655089836e+00
1.314975341011329402e+00
1.343386710281009533e+00
1.299344765465757501e+00
1.317327980960533385e+00
1.305403327533346314e+00
1.334079292744681400e+00
1.347926592574432814e+00
1.316465639527549358e+00
1.315008794271133485e+00
1.332370023676299420e+00
1.328216136541999770e+00
1.329463773039839092e+00
1.321144580046904826e+00
1.299159275290763915e+00
1.342562846680013022e+00
1.326247572162460031e+00
1.318174507732990497e+00
1.348688736988344683e+00
1.334760085800868357e+00
1.302708173724705043e+00
1.319782083792576888e+00
1.299464641016309763e+00
1.311050624442000823e+00
1.362016652272430406e+00
1.327882620348487475e+00
1.340901875796741027e+00
1.339748809487223191e+00
1.328689988597708593e+00
1.318162493664551516e+00
1.344355770881531686e+00
1.318616304289907504e+00
1.340467121894570068e+00
1.325331860402334527e+00
1.331195701049424862e+00
1.322603659435009238e+00
1.334214083796230188e+00
1.322287396644597379e+00
1.318575911883474117e+00
1.311753015612075801e+00
1.322855785664035277e+00
1.313337037144403974e+00
1.320303184962159815e+00
1.307806478923387195e+00
1.322190922137222779e+00
1.318993372976854150e+00
1.314707505927208198e+00
1.303570021656218492e+00
1.322548409057561214e+00
1.355018417346416815e+00
1.326718338097621075e+00
1.324418454510365883e+00
1.306952488872932916e+00
1.309304718841482584e+00
1.334596988933246076e+00
1.323809170519944622e+00
1.336450070857088335e+00
1.323858089107638802e+00
1.321204869177385888e+00
1.322043277560718932e+00
1.336338850415679236e+00
1.335641490138380405e+00
1.318883344148819692e+00
1.321239760691868437e+00
1.308411303037292583e+00
1.349413090535695137e+00
1.317457921622375849e+00
1.349172265615391719e+00
1.309264978768746035e+00
1.321425167319574046e+00
1.319169515950470384e+00
1.343499709176022572e+00
1.337034577491427845e+00
1.327421244418569568e+00
1.323424895161427139e+00
1.334874154352924780e+00
1.344787526479326312e+00
1.334653086805952737e+00
1.334640029790749693e+00
1.321884003361189830e+00
1.332231235024528226e+00
1.328372721053266980e+00
1.315163294452077247e+00
1.341090082622456547e+00
1.316786650383056312e+00
1.322294425543181662e+00
1.305405621604197375e+00
1.336473009932892309e+00
1.308911417511523734e+00
1.314054044247136011e+00
1.329827483324042658e+00
1.322856562478012865e+00
1.306127073985779097e+00
1.298682009455651265e+00
1.339253096679989596e+00
1.327092931481248961e+00
1.311766542504310795e+00
1.308973553214989316e+00
1.328432026329175564e+00
1.317748092266078697e+00
1.293739902019665378e+00
1.316629323598325518e+00
1.319582540958171180e+00
1.337775122855628052e+00
1.314123286078451525e+00
1.319102412619586051e+00
1.329955296236203566e+00
1.336351386798560581e+00
1.323401724875560292e+00
1.317719153918774477e+00
1.315998391298004888e+00
1.326549487896978130e+00
1.310656750877486232e+00
1.319351473575643308e+00
1.314922407880852795e+00
1.338326355239639609e+00
1.314313477165180322e+00
1.323810544540335421e+00
1.333297773275519571e+00
1.332353963717434864e+00
1.314139653421070308e+00
1.343386710281009089e+00
1.325754577552831659e+00
1.317006208009976476e+00
1.331172377565527754e+00
1.326836469945245067e+00
1.325597495304795981e+00
1.311930818060978776e+00
1.331170121910535187e+00
1.336503241045647661e+00
1.331328439784192685e+00
1.338463519569441873e+00
1.309734119009125619e+00
1.321199383961770391e+00
1.324201327642531067e+00
1.307120158707550273e+00
1.319892047324334072e+00
1.326353659420007158e+00
1.330768811376176641e+00
1.324666674518740317e+00
1.313179039108715918e+00
1.339899565967986206e+00
1.335669383479780148e+00
1.321447005128744800e+00
1.324951723419545369e+00
1.329999280334521528e+00
1.327109893055646417e+00
1.305072808068488577e+00
1.334864628987520341e+00
1.316786750044868004e+00
1.336496169104631537e+00
1.316167247904940885e+00
1.303935478267344017e+00
1.323047175577594325e+00
1.312839277119866699e+00
1.333690170785720719e+00
1.311428606837544253e+00
1.306192287091697546e+00
1.335025229718605155e+00
1.316259662198476788e+00
1.342506988198324480e+00
1.326155960978649961e+00
1.332646777356062406e+00
1.310449648068643391e+00
1.323217221946569655e+00
1.317659459303217373e+00
1.315023136564874573e+00
1.347031763778481661e+00
1.323189066560835014e+00
1.320743092569812260e+00
1.316417778939357186e+00
1.320599704412002140e+00
1.305728567655733308e+00
1.334227261871943959e+00
1.309936177916808608e+00
1.329963324809181113e+00
1.318138567688954543e+00
1.314524911374254312e+00
1.327293302792322160e+00
1.327989833113518481e+00
1.324143929576198309e+00
1.328184451550721734e+00
1.326141821273191690e+00
1.310860457041270521e+00
1.335171592297012211e+00
1.326370396794797735e+00
1.314269652261300658e+00
1.317937570859276875e+00
1.321048835903513519e+00
1.325537030633096469e+00
1.316992848927339921e+00
1.325493143961072651e+00
1.310050821936799448e+00
1.294522557004664121e+00
1.325373085301597031e+00
1.344751716524043239e+00
1.325483732640844625e+00
1.320090926747572890e+00
1.328229296526713510e+00
1.328017961423562099e+00
1.315465260509089962e+00
1.338727918695859387e+00
1.315325917940960432e+00
1.302610803335781942e+00
1.308423305397055314e+00
1.330075513329246339e+00
1.319776266439966816e+00
1.319312206453884029e+00
1.322429442519557075e+00
1.338916729087642921e+00
1.313248316653852221e+00
1.325338055794297976e+00
1.327541627945336700e+00
1.325666777009084196e+00
1.292115412261935603e+00
1.339436191009954591e+00
1.332103237395722894e+00
1.331314140748721897e+00
1.319480732371125509e+00
1.330865122677638235e+00
1.319604588145142809e+00
1.297484258690604353e+00
1.313206340689521134e+00
1.304428482168854764e+00
1.328498215929702075e+00
1.331559719970800915e+00
1.327835905156949048e+00
1.324907518178810584e+00
1.325055335939545387e+00
1.324526801590314884e+00
1.298366900268315360e+00
1.324505674680239276e+00
1.330623264426106456e+00
1.314309724223619025e+00
1.327853093122128403e+00
1.321059770808330258e+00
1.356046495650132355e+00
1.336338381147168741e+00
1.318971793587260022e+00
1.321736760514077957e+00
1.332896585670376721e+00
1.321957335437240033e+00
1.311672928696440144e+00
1.335543872766359330e+00
1.317557255435785279e+00
1.311552726373026445e+00
1.314776992922747079e+00
1.327288526451646522e+00
1.307294990332360518e+00
1.322117448980482779e+00
1.343401890209115601e+00
1.322901234530682091e+00
1.312171398554189850e+00
1.301305949967912934e+00
1.333293662840482119e+00
1.308342528265395988e+00
1.320978230571176359e+00
1.329818433868159344e+00
1.328196436865886065e+00
1.323306261073683210e+00
1.333032744807919778e+00
1.325532459931959339e+00
1.332357352660767269e+00
1.308282788734803637e+00
1.335414498262915473e+00
1.328509801501628340e+00
1.316362185729058165e+00
1.335315858912857534e+00
1.322314752803281479e+00
1.306846863550759519e+00
1.308572057582710668e+00
1.319216546295606252e+00
1.326273293585010560e+00
1.351826470690772775e+00
1.331010631905889197e+00
1.320155964337162091e+00
1.337287589237956098e+00
1.315944874674191523e+00
1.307627182095731699e+00
1.338496306462913621e+00
1.325428613057680671e+00
1.320593411316865362e+00
1.327292397184159034e+00
1.322231909398805305e+00
1.324482007825281249e+00
1.334097801905703040e+00
1.334626910043712922e+00
1.325434160639813896e+00
1.334092713907086836e+00
1.330602140418069457e+00
1.333558800415291623e+00
1.329160179586517332e+00
1.330482081558856944e+00
1.291972720429869881e+00
1.328104181565736841e+00
1.321586422435482522e+00
1.307372586040659312e+00
1.308698569987232663e+00
1.329574842246820321e+00
1.306736713807137296e+00
1.339319209241021991e+00
1.328350821848192975e+00
1.330211776264077272e+00
1.307179339622259517e+00
1.318045280396705321e+00
1.314936053478700018e+00
1.324769068835639718e+00
1.314243171096905582e+00
1.318804760658357056e+00
1.326087100709027577e+00
1.321523893608910871e+00
1.304297313912957224e+00
1.329035409338744422e+00
1.309829142548237124e+00
1.321152608309095866e+00
1.313221540055094394e+00
1.323250023149479260e+00
1.327744517072216413e+00
1.326286156605661848e+00
1.319525702493470121e+00
1.319160684315830334e+00
1.312894009267471018e+00
1.311127137717664981e+00
1.309478648378579635e+00
1.316762815901356465e+00
1.316711177202819494e+00
1.309338967497074790e+00
1.318208983722754857e+00
1.334356210300893908e+00
1.309557121251157197e+00
1.327800925518183073e+00
1.317878364257279999e+00
1.321945180520108565e+00
1.324622756208271301e+00
1.296225910408963067e+00
1.328887748712971995e+00
1.325563606866177802e+00
1.326639533752496991e+00
1.332486170328496033e+00
1.326026378547561224e+00
1.318645823329132938e+00
1.330363971863441686e+00
1.336494856978636792e+00
1.335703522739543736e+00
1.329943199493613060e+00
1.325210854850860320e+00
1.317875792584804806e+00
1.329656250072666523e+00
1.323250023149479038e+00
1.330184816710187734e+00
1.331259435858082707e+00
1.325035469042336267e+00
1.295882623465412165e+00
1.308650460846026986e+00
1.328104181565736841e+00
1.326257294579120005e+00
1.340273165937943434e+00
1.328885304005251733e+00
1.324343711317466310e+00
1.309109636710246605e+00
1.329691401774491633e+00
1.362727719947144145e+00
1.321215390732727979e+00
1.312898772895866095e+00
1.343103602453641132e+00
1.310642377852249130e+00
1.316953600476092889e+00
1.326623434389509137e+00
1.324316666639750117e+00
1.327016314797388130e+00
1.296552455450721730e+00
1.332884709616645624e+00
1.339177641189804202e+00
1.300880100621668145e+00
1.327411191271242075e+00
1.303487971448184402e+00
1.323459462423214550e+00
1.315388887778955240e+00
1.329426722513791459e+00
1.338041825661669071e+00
1.328613647603285264e+00
1.311634025744297327e+00
1.336982426959763659e+00
1.307586099655764000e+00
1.311719713282084143e+00
1.310603090463570375e+00
1.329001981888900286e+00
1.302781852030364229e+00
1.341461224413196929e+00
1.325289507224233443e+00
1.323859729015816278e+00
1.311590448237330619e+00
1.333805268760113405e+00
1.335413854594700300e+00
1.306768741873195916e+00
1.301120988419767199e+00
1.345369490736200158e+00
1.327234491737044664e+00
1.325593561315972391e+00
1.314317630341633958e+00
1.335545287862414998e+00
1.337253994978079064e+00
1.337454017705375309e+00
1.307231354603265894e+00
1.318671927661686505e+00
1.324588889313781603e+00
1.331798287107016643e+00
1.330600974458570951e+00
1.317435107234635305e+00
1.331799028033073151e+00
1.316321286253465228e+00
1.337687544732468314e+00
1.313649127562406704e+00
1.334090067481506159e+00
1.310723420621558777e+00
1.309438063995878920e+00
1.331129340843995479e+00
1.344165627276881603e+00
1.315065521157596562e+00
1.320738843227891701e+00
1.308790192621110293e+00
1.300918812123329715e+00
1.304151772797565334e+00
1.309524876763798140e+00
1.322762918272155419e+00
1.310923629556970171e+00
1.307206243671062085e+00
1.330595336848786614e+00
1.310890395024521204e+00
1.315917595847334143e+00
1.322413245453020414e+00
1.312869088335901546e+00
1.312396097515752702e+00
1.308521746636615468e+00
1.306509038289262570e+00
1.328883853461010123e+00
1.318029998822718873e+00
1.339642032039402908e+00
1.313497463492760975e+00
1.316527247776383192e+00
1.308284859429583502e+00
1.330876587705434932e+00
1.322935705308682541e+00
1.325277318082602962e+00
1.337317830813547381e+00
1.318726986860353501e+00
1.298430117769785674e+00
1.322690079698684018e+00
1.310932910715881583e+00
1.329128880158885861e+00
1.320882708631425206e+00
1.327364019587109478e+00
1.304231286624782271e+00
1.321221755238371598e+00
1.315985836173263035e+00
1.330600407569977106e+00
1.321736733831083255e+00
1.314890047105062409e+00
1.324255098322467683e+00
1.303814912120047298e+00
1.285855045169338018e+00
1.316174554971730970e+00
1.320972401560637222e+00
1.296296054554018085e+00
1.329285952957232064e+00
1.324815766150835072e+00
1.330302260604522058e+00
1.317233568095242058e+00
1.309613911408109788e+00
1.353261814549467257e+00
1.312787597057467615e+00
1.316625254169761838e+00
1.312831843099807605e+00
1.326242788463501521e+00
1.316123328484234634e+00
1.341878793164016592e+00
1.309066848754860901e+00
1.324176077031603338e+00
1.329374549323967480e+00
1.307720165154292014e+00
1.301160272225944770e+00
1.318858917940884501e+00
1.326401363434382974e+00
1.315501769383854214e+00
1.313598002624145611e+00
1.320207572814587227e+00
1.330071880915904670e+00
1.316020543456419167e+00
1.327360003601214089e+00
1.312684138248275456e+00
1.319761993045775350e+00
1.338814593255398533e+00
1.321088366022704408e+00
1.333162323223123336e+00
1.322600409160567425e+00
1.337229216608096793e+00
1.314479558377617208e+00
1.325936106229820943e+00
1.329233634053034185e+00
1.341630634879582118e+00
1.304549755593705118e+00
1.338020721537749536e+00
1.326156610900978805e+00
1.295171475475231926e+00
1.337219105790244944e+00
1.313585862168505258e+00
1.309467668672216201e+00
1.338417396834313156e+00
1.323271147477006471e+00
1.337798983079747206e+00
1.320796514371517461e+00
1.336255398416638984e+00
1.335543237216698653e+00
1.323744397708968679e+00
1.327483533472532340e+00
1.307361021881259910e+00
1.332619355225198809e+00
1.317086241034644889e+00
1.315108403651353397e+00
1.328019303549932362e+00
1.323745019629489539e+00
1.321203157603249689e+00
1.311356872460697431e+00
1.311910644888895083e+00
1.323340313501556009e+00
1.313924844985748130e+00
1.320004310914388856e+00
1.309571474880659059e+00
1.331670811514326758e+00
1.313443149917850050e+00
1.327804129181739512e+00
1.333420432272953260e+00
1.316010654286595027e+00
1.317597543231729063e+00
1.304320626719421616e+00
1.316902696218740898e+00
1.316686373412544020e+00
1.335848097769292808e+00
1.321734919623408944e+00
1.319253693193224164e+00
1.328017507986402279e+00
1.336525631956240634e+00
1.308136843445000030e+00
1.312737354889478514e+00
1.344750684604052227e+00
1.306451384520157522e+00
1.302284571347608333e+00
1.302902055683492710e+00
1.312136080484980205e+00
1.321722666708252891e+00
1.324228932111169987e+00
1.333318014757053138e+00
1.327253570642319858e+00
1.332324756393677090e+00
1.351506284464182750e+00
1.321149919762182989e+00
1.318650710214827049e+00
1.324467378042671006e+00
1.304914776274431754e+00
1.344952922669442774e+00
1.321429911708176252e+00
1.327508875186894644e+00
1.311567263017119789e+00
1.312664933485576224e+00
1.314680709041925688e+00
1.309362035527972701e+00
1.299153682207051519e+00
1.332895758544071052e+00
1.325458033418260406e+00
1.318079653503957172e+00
1.308800797982050179e+00
1.315219954392381929e+00
1.316309102161298039e+00
1.336954481444870169e+00
1.311012158342258926e+00
1.339417638713537029e+00
1.324813846149798024e+00
1.309430750471030080e+00
1.326251445362127246e+00
1.331125438156981922e+00
1.318048536570121776e+00
1.309079329673934255e+00
1.345583067577282410e+00
1.324480706975185385e+00
1.341606746366763359e+00
1.318865489083542952e+00
1.356220670509518333e+00
1.316404654493770643e+00
1.308942186864967105e+00
1.305944232697117569e+00
1.327798590055951244e+00
1.316727220328631098e+00
1.321752909535586884e+00
1.324597797176138680e+00
1.314051118640845228e+00
1.292157148717655080e+00
1.311620923699545305e+00
1.309514149880861567e+00
1.303093055073472950e+00
1.318847875146669235e+00
1.329637595703209607e+00
1.322415526669512120e+00
1.317655232618874628e+00
1.319988134297697790e+00
1.314855601988463185e+00
1.311591647150199602e+00
1.334651789088596496e+00
1.324900350066389842e+00
1.317401304932850126e+00
1.309956664731280140e+00
1.296847511587612578e+00
1.311508569847373185e+00
1.299416881340214047e+00
1.318353253678977266e+00
1.319871110401938719e+00
1.321477072744410064e+00
1.334505157813011156e+00
1.327455982344288632e+00
1.344054608071077350e+00
1.320065329286333800e+00
1.299860407654815031e+00
1.310838269374913434e+00
1.309804370655599071e+00
1.320632191777349140e+00
1.299804058211629032e+00
1.320227474675671697e+00
1.328128088212702007e+00
1.321674407264746165e+00
1.309944442432947609e+00
1.304318401731637822e+00
1.320821451896196264e+00
1.320231125577873144e+00
1.320530996091224818e+00
1.322910026603617117e+00
1.328962675509282265e+00
1.302244028807383325e+00
1.329221443448981965e+00
1.309798338394732697e+00
1.304959118956264597e+00
1.332481070824199865e+00
1.339384427362282359e+00
1.301958312005210061e+00
1.306565525415050999e+00
1.318790840356201866e+00
1.307022144636388994e+00
1.323197029477529485e+00
1.322673405800799618e+00
1.298250145530515098e+00
1.330476452598336579e+00
1.309852067907319562e+00
1.322064442051393618e+00
1.296938857038927306e+00
1.301406019834371763e+00
1.328280108207218646e+00
1.320894954175274139e+00
1.309948615624159096e+00
1.300798373279002718e+00
1.317761103081640961e+00
1.307253030687542728e+00
1.341656780543539984e+00
1.317545371517237385e+00
1.317444913692223274e+00
1.310337167153774907e+00
1.324190276017352286e+00
1.336306959667385330e+00
1.311514413463579887e+00
1.326938095128892048e+00
1.307246859063960542e+00
1.310568056132925596e+00
1.318035497075340290e+00
1.330715320384132427e+00
1.314895652754375810e+00
1.331523081200596037e+00
1.323550659137282093e+00
1.306487660720163646e+00
1.328547219166979820e+00
1.315463852092668473e+00
1.338184283576171696e+00
1.321503367477259605e+00
1.310808447222615136e+00
1.323631517228512244e+00
1.330619041617844944e+00
1.321292719564045148e+00
1.293222758201782119e+00
1.318441736316958490e+00
1.334381053899134528e+00
1.340467968713158875e+00
1.319316345105079114e+00
1.318282516305732344e+00
1.321820920527926768e+00
1.320259601578561259e+00
1.318073395602282982e+00
1.299505854297702934e+00
1.326924510859260442e+00
1.309843601872772600e+00
1.322352087978259094e+00
1.322779586404629004e+00
1.297148432641981319e+00
1.303272903892277679e+00
1.339194431734505031e+00
1.325256302362985306e+00
1.288878129313085319e+00
1.325799648725748403e+00
1.320515308356739581e+00
1.317103081723706381e+00
1.302491083994778531e+00
1.334925168936096584e+00
1.331292125967074691e+00
1.328012812970237544e+00
1.319931476690144212e+00
1.312731189333495418e+00
1.315338467394173927e+00
1.321771217184361635e+00
1.324545616420090610e+00
1.340888806462612326e+00
1.331652384734185679e+00
1.322892931708422593e+00
1.328967065223221944e+00
1.314895652754375810e+00
1.313608552074617020e+00
1.313256053650623256e+00
1.334239255174890282e+00
1.344617441499635913e+00
1.324401669081687993e+00
1.323230125324498685e+00
1.306775843940508386e+00
1.313732145824864084e+00
1.316670402414940932e+00
1.336662611876515250e+00
1.314915793033343272e+00
1.304544197120290683e+00
1.315891251966551545e+00
1.291977321061805295e+00
1.303325148402325162e+00
1.307345080054451936e+00
1.324281138007851411e+00
1.309753433116202626e+00
1.320126836574642137e+00
1.308187885917314830e+00
1.316408649363905559e+00
1.314735718234578687e+00
1.335204289798448629e+00
1.325004358232342971e+00
1.315251837029292270e+00
1.343268150868476951e+00
1.306398355425844482e+00
1.310989790663332100e+00
1.336598036232160114e+00
1.349625110025993724e+00
1.312183904623800412e+00
1.328894599025913337e+00
1.324863298912486664e+00
1.324170142267779848e+00
1.315985617919652295e+00
1.323114425696852337e+00
1.338320266874541975e+00
1.307581591480385441e+00
1.289039423425733411e+00
1.329476676903915466e+00
1.305662800761747455e+00
1.324153691974772951e+00
1.327015657162501361e+00
1.293553639625315332e+00
1.293345982249578752e+00
1.318074541674472355e+00
1.322395126228809170e+00
1.320436340356985427e+00
1.303886062965564863e+00
1.298114299350721312e+00
1.302491083994778531e+00
1.341927251550215194e+00
1.297574571672273525e+00
1.299521732285802811e+00
1.310286729422302621e+00
1.330171113073447042e+00
1.326131052489377682e+00
1.323748991316220369e+00
1.318189961315218817e+00
1.321492279943203396e+00
1.338085092043620694e+00
1.325832143834490218e+00
1.319822199232201454e+00
1.322893345405695920e+00
1.304744284553736700e+00
1.308875868599245873e+00
1.316545583495268401e+00
1.282077374143386406e+00
1.320041326271340409e+00
1.322988289639149384e+00
1.322779035435121653e+00
1.318934215822915146e+00
1.303455397684627037e+00
1.316077646837920501e+00
1.341194878503518817e+00
1.301254662638433812e+00
1.340658798873314961e+00
1.311061941931801256e+00
1.348604766792824705e+00
1.331691450592122239e+00
1.321215873303451138e+00
1.334760155533701420e+00
1.309127992069702096e+00
1.326115206806352198e+00
1.314355774378165309e+00
1.318537965316050942e+00
1.327840668975988514e+00
1.329731740819166674e+00
1.316482484121315411e+00
1.334501482336647671e+00
1.336986789324702496e+00
1.318565655337916587e+00
1.317201764319368085e+00
1.318662953379043490e+00
1.320873994589075062e+00
1.339993842199009411e+00
1.312763555206532429e+00
1.334242788489840903e+00
1.326142175397788447e+00
1.311707056786730830e+00
1.304352860142564907e+00
1.327987737342179786e+00
1.321002851618648277e+00
1.325527853277645773e+00
1.310594667985565343e+00
1.326462220600306940e+00
1.320639923642164648e+00
1.323072295899103912e+00
1.321016560076962554e+00
1.327824152770617383e+00
1.330869847709947207e+00
1.318064259236339630e+00
1.318101833254894828e+00
1.318010259927484329e+00
1.327578831217913757e+00
1.316633559499286843e+00
1.312823957064317870e+00
1.305359389848790519e+00
1.334790873583181270e+00
1.321147169565959789e+00
1.319414994377629657e+00
1.329723711162433819e+00
1.316167486375444007e+00
1.315440014055951234e+00
1.319841211453777197e+00
1.331910503879855545e+00
1.315616832040116035e+00
1.316305397976383018e+00
1.310385276386023534e+00
1.313804800631150016e+00
1.345348110125799579e+00
1.323230119926927850e+00
1.326609252656016702e+00
1.333842481863649621e+00
1.335460453556163163e+00
1.331770302783970017e+00
1.307262653097726490e+00
1.299203229327985376e+00
1.323350207735230155e+00
1.332447827152919428e+00
1.306995217880768223e+00
1.306976422681843442e+00
1.303629754112770378e+00
1.317984898164528795e+00
1.318099354296249137e+00
1.326869049809920709e+00
1.314614376131397755e+00
1.323362470916852107e+00
1.309956717445358576e+00
1.326784086226079129e+00
1.323615551301012383e+00
1.328784022931143172e+00
1.329334936048935489e+00
1.298246507234649627e+00
1.322236314046207228e+00
1.320955286573405774e+00
1.332724543283192009e+00
1.322162893292015085e+00
1.296979137476989008e+00
1.329035584342262988e+00
1.330416541444764400e+00
1.332215320970324246e+00
1.325835321854741844e+00
1.346931738564813408e+00
1.297636965324571401e+00
1.320476455512020975e+00
1.334121489030855923e+00
1.326483617803938753e+00
1.319812255047651650e+00
1.318157248738409448e+00
1.312838593058765158e+00
1.337418484325064716e+00
1.317836267816995033e+00
1.305217989993318284e+00
1.329039022662781067e+00
1.316119250719307576e+00
1.330816700350842652e+00
1.328066388270313425e+00
1.308514051690440994e+00
1.300213708480143060e+00
1.300182658528597379e+00
1.331658615196347428e+00
1.313635956628699253e+00
1.324070430591753222e+00
1.322807377369240145e+00
1.334789714378855185e+00
1.317042808417295818e+00
1.295146093735206838e+00
1.311875222492756121e+00
1.309454441883739717e+00
1.299770482824879725e+00
1.302805137559892135e+00
1.283770084301969927e+00
1.309614565299806133e+00
1.314732132370739937e+00
1.328152104829503521e+00
1.306138888115359720e+00
1.323414993851638188e+00
1.324740268620174355e+00
1.318387973196967211e+00
1.303425624855637066e+00
1.335476630293702893e+00
1.322851504385801569e+00
1.319465794620344301e+00
1.323338044538386216e+00
1.305614372781237709e+00
1.316742497812691370e+00
1.337546024521406141e+00
1.297515699800090516e+00
1.300463323361352286e+00
1.315727537382872958e+00
1.287359576094974090e+00
1.327049017925174823e+00
1.311441356818767723e+00
1.324614611737693126e+00
1.316019749931231386e+00
1.309191232704368657e+00
1.315379535495545760e+00
1.320285426044441657e+00
1.317079190748361217e+00
1.308117995813526058e+00
1.303822759799968978e+00
1.309998070011439752e+00
1.286666258435882115e+00
1.314070664024906687e+00
1.331243256114619467e+00
1.326991341986887729e+00
1.327265305373149573e+00
1.308269425506540351e+00
1.316114214311596031e+00
1.315641617573558575e+00
1.320441311436352905e+00
1.324153691974772951e+00
1.315398704508941030e+00
1.318760957346003959e+00
1.321398682922117152e+00
1.300541578869678139e+00
1.316839799582841364e+00
1.327470368876038753e+00
1.309818080779457272e+00
1.326155310212684402e+00
1.334120520470901461e+00
1.287357317983737426e+00
1.306436960252942425e+00
1.336556794758065880e+00
1.298287357686145116e+00
1.324181398249203001e+00
1.334105261544044740e+00
1.303427757141895738e+00
1.325252722042899123e+00
1.335098678687265839e+00
1.324249075835604250e+00
1.323692848116285070e+00
1.314520278857111757e+00
1.326751480025954555e+00
1.316936707194431788e+00
1.322120305936405060e+00
1.319541923860262811e+00
1.340711131827426961e+00
1.322352516501650976e+00
1.309410012462510764e+00
1.324694967915684085e+00
1.327546318847859785e+00
1.322235985673685832e+00
1.339372500644451680e+00
1.319651694695798794e+00
1.323843736004841842e+00
1.319482260726073442e+00
1.304412825397921027e+00
1.311312764931701125e+00
1.309998070011440863e+00
1.334932355347885347e+00
1.315926910016033791e+00
1.318813313963153266e+00
1.308297132666770946e+00
1.302332356981036110e+00
1.305341453649847994e+00
1.301830367556001233e+00
1.314832971100000192e+00
1.315559896315193766e+00
1.303694948674282150e+00
1.316175226897690731e+00
1.315117004496915598e+00
1.318954943184678763e+00
1.322409507125906103e+00
1.305545253284464913e+00
1.327080852571876246e+00
1.296143578449338696e+00
1.344284476097396652e+00
1.331207924543881038e+00
1.320634481048837516e+00
1.310857943366880329e+00
1.284071030238402411e+00
1.326572038004116383e+00
1.328475789441984967e+00
1.306971673105730813e+00
1.322730702377662437e+00
1.322987986777727665e+00
1.305769686129686136e+00
1.311734205116855900e+00
1.316615956119090436e+00
1.338739506185557149e+00
1.312396515714899792e+00
1.326621608888379988e+00
1.311934712233592037e+00
1.316945515262266220e+00
1.313724384567507730e+00
1.295990780887581240e+00
1.312294398632362302e+00
1.337434135461685436e+00
1.319411029456119433e+00
1.331099705877815342e+00
1.330136154756473843e+00
1.323676302417185813e+00
1.310793241691501354e+00
1.306554499080176956e+00
1.310210388642856882e+00
1.313588213229255564e+00
1.321163616221137094e+00
1.319017771124106453e+00
1.340809659760602290e+00
1.334683783050515160e+00
1.317546912054387453e+00
1.312161660671131269e+00
1.295025813951000471e+00
1.333421502438591588e+00
1.314370731007582283e+00
1.306823287831040181e+00
1.341510827419313490e+00
1.330425446471024342e+00
1.323032521094461123e+00
1.337720989018355455e+00
1.323146846892358175e+00
1.316238586419127499e+00
1.295707076161209947e+00
1.309780228454576090e+00
1.314670221493111857e+00
1.330812585859629804e+00
1.308082347840929360e+00
1.309229548506718466e+00
1.312579836721945226e+00
1.329446331311294305e+00
1.323665410557683053e+00
1.310087728499611082e+00
1.324310290753710095e+00
1.320190276495855741e+00
1.293533348811377603e+00
1.306948709738268155e+00
1.320385371106435279e+00
1.329824994302705399e+00
1.330785364789641934e+00
1.329340965346535564e+00
1.328143222062855511e+00
1.306432530167032535e+00
1.317687709649598693e+00
1.346263535860479976e+00
1.309688803568825444e+00
1.328313941148877797e+00
1.321198855102727832e+00
1.315136990920179105e+00
1.312331445411848208e+00
1.314695739135297359e+00
1.319083122718923029e+00
1.309621428462381498e+00
1.325648000224251666e+00
1.310827329875998037e+00
1.319779134453847869e+00
1.331368540444781479e+00
1.334099997915038749e+00
1.300581437116270500e+00
1.315191506087371343e+00
1.314864287306799939e+00
1.320980866822803135e+00
1.312374685868433311e+00
1.342270020391693297e+00
1.303236626842730228e+00
1.330406799563495834e+00
1.317923867701955132e+00
1.319483077219600897e+00
1.345707356467329197e+00
1.300366055763065631e+00
1.334386389451383437e+00
1.330715320384132427e+00
1.314985105902721774e+00
1.310159234380726900e+00
1.323849905269155247e+00
1.313068245793626021e+00
1.330268533162558109e+00
1.308788769975810506e+00
1.307785900083307640e+00
1.327149941417846257e+00
1.317194329127370223e+00
1.326038874754072339e+00
1.309131751075258032e+00
1.315525944743610953e+00
1.305615104450826403e+00
1.314868205321068295e+00
1.302674887252805336e+00
1.327394988534237097e+00
1.314226951613822747e+00
1.317529081177102546e+00
1.313393655945704674e+00
1.304405878615050973e+00
1.288505520554686257e+00
1.334100378850435975e+00
1.299133734358014491e+00
1.323001382619050093e+00
1.304890044375417668e+00
1.295356821739931164e+00
1.331652452143623266e+00
1.301095449568561158e+00
1.334638621116953860e+00
