0.37437,0.37964,0.38128,0.37832,0.37108,0.30498,0.29906,0.30563,0.30826,0.30728,0.07080,0.07146,0.07146,0.06981,0.07211,-48.65409,-4014.00000
0.37865,0.37108,0.37405,0.37240,0.37668,0.30695,0.30399,0.30826,0.30300,0.30432,0.07211,0.07244,0.07113,0.07113,0.07178,-48.65409,-4013.00000
0.37766,0.37536,0.37832,0.38227,0.37931,0.30202,0.30728,0.30037,0.30794,0.30892,0.07409,0.07277,0.07343,0.07540,0.07178,-48.24335,-4012.00000
0.37635,0.38260,0.37306,0.37503,0.37668,0.30662,0.30465,0.30662,0.30629,0.30695,0.07047,0.06685,0.07014,0.07014,0.07178,-48.24335,-4011.00000
0.37701,0.37536,0.38095,0.37865,0.37470,0.30761,0.30761,0.30300,0.30267,0.30530,0.06981,0.07178,0.07244,0.06751,0.07080,-48.40735,-4010.00000
0.37273,0.36878,0.37865,0.37306,0.37339,0.30432,0.30728,0.30958,0.30728,0.30300,0.07277,0.07047,0.07474,0.07146,0.07211,-48.40735,-4009.00000
0.37405,0.37701,0.37437,0.37733,0.37437,0.30728,0.30662,0.30366,0.30399,0.30563,0.07244,0.07113,0.07178,0.06948,0.06882,-48.45158,-4008.00000
0.37931,0.37470,0.37174,0.37503,0.37668,0.30432,0.30070,0.30662,0.30629,0.30728,0.06948,0.06915,0.07211,0.06948,0.06850,-48.45158,-4007.00000
0.37076,0.37701,0.36878,0.37240,0.37536,0.30300,0.30333,0.30596,0.30892,0.30662,0.06850,0.07047,0.06948,0.07178,0.06981,-48.55105,-4006.00000
0.37931,0.37108,0.37635,0.37931,0.37503,0.30728,0.30366,0.30465,0.30794,0.30498,0.07442,0.07211,0.07211,0.06882,0.06981,-48.55105,-4005.00000
0.37602,0.37997,0.37536,0.37635,0.37635,0.30169,0.30563,0.30465,0.30662,0.30629,0.07442,0.07178,0.07310,0.07310,0.07047,-49.24562,-4004.00000
0.37405,0.37799,0.37076,0.38095,0.37898,0.30465,0.30629,0.30662,0.30563,0.30498,0.07277,0.07047,0.07211,0.07146,0.07113,-49.24562,-4003.00000
0.37865,0.37405,0.37174,0.37470,0.37470,0.30563,0.30202,0.30234,0.30399,0.30530,0.07211,0.07014,0.07047,0.06817,0.07178,-49.24480,-4002.00000
0.38161,0.37339,0.38062,0.37602,0.37799,0.30794,0.30794,0.30530,0.30662,0.30629,0.07178,0.07277,0.07672,0.06784,0.06882,-49.24480,-4001.00000
0.37339,0.37076,0.37964,0.37273,0.37536,0.30530,0.30728,0.31057,0.30695,0.30399,0.07047,0.07211,0.06948,0.06981,0.07014,-49.36470,-4000.00000
0.37372,0.37569,0.36681,0.37799,0.37799,0.30662,0.31122,0.30826,0.30596,0.30563,0.07014,0.07244,0.07047,0.07113,0.06915,-49.36470,-3999.00000
0.38161,0.37668,0.37503,0.37733,0.37470,0.30432,0.30991,0.30596,0.30169,0.30629,0.07277,0.06784,0.07244,0.07211,0.07080,-49.49671,-3998.00000
0.37405,0.37141,0.37240,0.37668,0.37174,0.30563,0.30267,0.30991,0.30826,0.30004,0.06948,0.07409,0.06882,0.06915,0.07277,-49.49671,-3997.00000
0.37339,0.37405,0.37865,0.37405,0.37569,0.30794,0.30530,0.30892,0.30826,0.30761,0.07244,0.07178,0.07211,0.06850,0.07409,-49.05250,-3996.00000
0.37306,0.37306,0.37240,0.38128,0.37405,0.30563,0.30530,0.30958,0.30366,0.30267,0.07376,0.07277,0.06981,0.07244,0.06948,-49.05250,-3995.00000
0.37339,0.37602,0.37405,0.37898,0.37207,0.30234,0.30629,0.30498,0.30596,0.30202,0.07409,0.07244,0.07080,0.07047,0.06817,-49.07536,-3994.00000
0.37766,0.37536,0.37635,0.37569,0.37635,0.30530,0.30728,0.30498,0.30826,0.30695,0.07113,0.07080,0.06817,0.07376,0.07146,-49.07536,-3993.00000
0.37701,0.37832,0.37010,0.37964,0.37174,0.30432,0.30629,0.30629,0.30794,0.30432,0.07277,0.07310,0.06882,0.07409,0.07014,-49.08084,-3992.00000
0.37470,0.37306,0.37405,0.37668,0.37931,0.30662,0.30399,0.30366,0.30892,0.30892,0.06784,0.07080,0.07211,0.07047,0.07178,-49.08084,-3991.00000
0.37043,0.37372,0.37470,0.37470,0.37898,0.30366,0.30892,0.30728,0.30728,0.30563,0.07310,0.06981,0.07146,0.06817,0.07211,-48.66783,-3990.00000
0.37207,0.37536,0.37766,0.36911,0.37273,0.30629,0.30465,0.30958,0.30859,0.30563,0.07080,0.06981,0.06948,0.07409,0.06981,-48.66783,-3989.00000
0.37405,0.37569,0.37437,0.37733,0.37635,0.30826,0.30366,0.30662,0.30202,0.30465,0.07146,0.07343,0.07244,0.07146,0.07507,-48.76683,-3988.00000
0.37174,0.37733,0.37635,0.37405,0.38161,0.30563,0.30958,0.30596,0.30563,0.30826,0.07014,0.07178,0.06981,0.06915,0.07047,-48.76683,-3987.00000
0.37799,0.37503,0.37602,0.37240,0.37569,0.30432,0.30202,0.30662,0.30629,0.30629,0.07211,0.06981,0.07080,0.07474,0.06981,-48.45360,-3986.00000
0.38029,0.37207,0.37865,0.38095,0.37602,0.30498,0.30892,0.30728,0.30629,0.30399,0.06850,0.07080,0.07113,0.06718,0.07376,-48.45360,-3985.00000
0.37766,0.38029,0.37701,0.37865,0.37405,0.30465,0.30465,0.30826,0.30925,0.30267,0.06488,0.07047,0.07277,0.07606,0.07376,-48.16178,-3984.00000
0.37766,0.37602,0.38029,0.37405,0.37372,0.31155,0.30530,0.30465,0.30728,0.30662,0.07409,0.06751,0.07277,0.07244,0.07211,-48.16178,-3983.00000
0.37503,0.37766,0.37701,0.37470,0.37372,0.30563,0.30037,0.30234,0.30958,0.30925,0.07146,0.07310,0.07113,0.07080,0.06817,-47.99652,-3982.00000
0.37207,0.37470,0.37470,0.37766,0.37964,0.30925,0.30596,0.30695,0.30991,0.30761,0.07113,0.07047,0.07409,0.07178,0.06915,-47.99652,-3981.00000
0.37997,0.37569,0.37339,0.37733,0.37799,0.30465,0.30399,0.30202,0.30695,0.30498,0.07211,0.06948,0.07178,0.06981,0.07211,-47.95471,-3980.00000
0.37964,0.37503,0.37273,0.38358,0.37470,0.31024,0.30761,0.30695,0.30300,0.30958,0.06915,0.07409,0.07310,0.07014,0.06948,-47.95471,-3979.00000
0.37273,0.37240,0.37536,0.37437,0.38062,0.30662,0.30267,0.30826,0.30629,0.30333,0.07178,0.06948,0.06948,0.06981,0.07310,-48.48023,-3978.00000
0.37766,0.37437,0.37799,0.38161,0.36747,0.30794,0.30859,0.31254,0.30892,0.30859,0.07277,0.07244,0.07080,0.07442,0.07113,-48.48023,-3977.00000
0.37964,0.37569,0.37635,0.37405,0.38161,0.30432,0.30925,0.30794,0.31024,0.31024,0.07146,0.06817,0.07376,0.07080,0.07080,-48.15511,-3976.00000
0.37470,0.37799,0.37668,0.37437,0.37766,0.30826,0.30070,0.30794,0.30366,0.30826,0.06981,0.06981,0.07244,0.06948,0.07310,-48.15511,-3975.00000
0.37602,0.38062,0.37898,0.37437,0.37240,0.30563,0.30925,0.30563,0.30202,0.30991,0.07409,0.07146,0.07244,0.07047,0.07047,-48.38596,-3974.00000
0.37372,0.37470,0.37668,0.37240,0.37635,0.31320,0.30826,0.30563,0.30629,0.30530,0.07244,0.07014,0.07113,0.07080,0.07310,-48.38596,-3973.00000
0.37405,0.37668,0.37536,0.37733,0.37668,0.30794,0.30794,0.30662,0.30530,0.30563,0.07277,0.07409,0.07113,0.07211,0.07310,-48.94839,-3972.00000
0.37569,0.38128,0.37405,0.37240,0.37635,0.30728,0.30465,0.30563,0.30530,0.30958,0.06915,0.06652,0.07014,0.07277,0.07047,-48.94839,-3971.00000
0.37964,0.37043,0.37372,0.37668,0.37437,0.30826,0.31320,0.30892,0.31024,0.30728,0.07047,0.07310,0.07409,0.07080,0.06948,-48.63323,-3970.00000
0.37569,0.36878,0.37701,0.37865,0.38029,0.31024,0.30958,0.30892,0.30530,0.30826,0.07178,0.07310,0.07178,0.06882,0.07507,-48.63323,-3969.00000
0.38029,0.37306,0.37306,0.37470,0.37174,0.30596,0.30958,0.30563,0.30761,0.30563,0.06817,0.07146,0.07014,0.07113,0.07409,-49.56083,-3968.00000
0.38654,0.37503,0.37273,0.37997,0.37898,0.30662,0.30662,0.30465,0.30267,0.30234,0.07343,0.07113,0.07343,0.07244,0.07376,-49.56083,-3967.00000
0.37240,0.38029,0.38029,0.38161,0.37733,0.30530,0.30826,0.31155,0.30695,0.30563,0.07047,0.07014,0.07211,0.06784,0.06784,-49.34264,-3966.00000
0.37372,0.37372,0.37470,0.37668,0.37207,0.30794,0.30629,0.30859,0.30728,0.30892,0.07113,0.07014,0.07343,0.07277,0.07178,-49.34264,-3965.00000
0.37701,0.37766,0.37964,0.38062,0.37240,0.30892,0.30530,0.30202,0.30925,0.30662,0.07047,0.07409,0.07113,0.07211,0.07080,-49.27367,-3964.00000
0.37701,0.37207,0.37339,0.37503,0.36747,0.30859,0.30859,0.30662,0.31155,0.30432,0.07047,0.07113,0.06948,0.07113,0.07014,-49.27367,-3963.00000
0.37701,0.37437,0.37701,0.37766,0.37405,0.30629,0.30465,0.30498,0.30596,0.30958,0.07014,0.06718,0.06915,0.06389,0.07507,-49.44254,-3962.00000
0.37635,0.37865,0.37701,0.36845,0.37701,0.30826,0.30399,0.30596,0.30498,0.31024,0.07047,0.06915,0.06915,0.07113,0.07080,-49.44254,-3961.00000
0.37635,0.37536,0.37865,0.37076,0.37569,0.30596,0.30728,0.30761,0.30596,0.30629,0.07047,0.07080,0.07080,0.07310,0.07080,-49.20518,-3960.00000
0.38062,0.37240,0.38194,0.37635,0.38029,0.30300,0.30761,0.30432,0.30596,0.30234,0.07080,0.06850,0.07277,0.07080,0.07178,-49.20518,-3959.00000
0.37569,0.37799,0.37141,0.37372,0.37832,0.30695,0.30103,0.30465,0.30991,0.30530,0.07211,0.07507,0.07244,0.07047,0.07474,-49.42943,-3958.00000
0.37964,0.37602,0.37766,0.37437,0.37010,0.30728,0.30530,0.30925,0.30662,0.31057,0.07310,0.07211,0.07178,0.07376,0.07474,-49.42943,-3957.00000
0.37437,0.37799,0.37733,0.37470,0.37536,0.30859,0.31057,0.30859,0.31057,0.30925,0.07113,0.06981,0.06981,0.07211,0.07014,-49.05647,-3956.00000
0.37437,0.37306,0.37964,0.37865,0.37536,0.30794,0.30728,0.30366,0.30563,0.30991,0.07211,0.07113,0.07113,0.07310,0.07310,-49.05647,-3955.00000
0.37766,0.37766,0.37536,0.37240,0.37602,0.30530,0.30399,0.30563,0.30563,0.30826,0.07310,0.06915,0.07080,0.06817,0.06751,-49.45073,-3954.00000
0.37273,0.37701,0.37733,0.38062,0.37405,0.30662,0.30826,0.30596,0.30465,0.30629,0.06981,0.07409,0.07047,0.06915,0.07474,-49.45073,-3953.00000
0.37174,0.38029,0.37405,0.37898,0.37569,0.30958,0.30958,0.30202,0.30629,0.30596,0.06948,0.07080,0.07442,0.06915,0.06981,-49.21064,-3952.00000
0.37306,0.37997,0.37339,0.37997,0.38194,0.30892,0.30596,0.30596,0.30826,0.31057,0.07639,0.07442,0.07211,0.07705,0.07507,-49.21064,-3951.00000
0.37470,0.37470,0.38062,0.37635,0.37339,0.30991,0.30958,0.31024,0.30892,0.30563,0.07178,0.07080,0.07014,0.07178,0.07244,-49.03919,-3950.00000
0.37437,0.37602,0.36944,0.37997,0.38095,0.30530,0.30432,0.30761,0.30070,0.31090,0.07146,0.07244,0.06784,0.07047,0.07409,-49.03919,-3949.00000
0.38095,0.37240,0.37569,0.37174,0.37141,0.30925,0.30563,0.30629,0.30958,0.30958,0.07178,0.07244,0.07277,0.06948,0.07442,-48.60751,-3948.00000
0.37372,0.37602,0.37602,0.37898,0.37569,0.30728,0.30629,0.30958,0.30333,0.30892,0.07113,0.07244,0.06652,0.07047,0.07211,-48.60751,-3947.00000
0.38227,0.36878,0.37799,0.37733,0.37437,0.30629,0.30202,0.30530,0.30530,0.30695,0.07146,0.06850,0.06817,0.07080,0.07113,-48.62408,-3946.00000
0.37437,0.37536,0.37766,0.37668,0.37339,0.30465,0.30498,0.30695,0.30629,0.30596,0.07080,0.07244,0.06882,0.07014,0.06948,-48.62408,-3945.00000
0.38227,0.37865,0.36977,0.37536,0.37108,0.30563,0.30596,0.30366,0.30826,0.30563,0.06751,0.06981,0.07277,0.07343,0.07277,-48.16150,-3944.00000
0.36845,0.37569,0.38095,0.37536,0.37931,0.30202,0.30925,0.30563,0.30333,0.30629,0.06586,0.06850,0.06882,0.07113,0.07113,-48.16150,-3943.00000
0.37372,0.37141,0.37569,0.37931,0.37865,0.30563,0.30925,0.30794,0.30629,0.30234,0.07639,0.07146,0.06948,0.06784,0.07080,-48.30395,-3942.00000
0.37273,0.37536,0.37832,0.38095,0.37701,0.30629,0.30892,0.30925,0.30728,0.30596,0.07376,0.07310,0.07014,0.07244,0.07146,-48.30395,-3941.00000
0.37470,0.37733,0.37437,0.37569,0.37766,0.30563,0.30761,0.30366,0.30695,0.30629,0.07113,0.07113,0.07080,0.07014,0.07113,-47.82113,-3940.00000
0.37668,0.37635,0.37635,0.37733,0.38029,0.30366,0.31122,0.30366,0.30530,0.30728,0.07277,0.07080,0.07211,0.07343,0.07244,-47.82113,-3939.00000
0.37372,0.38095,0.37799,0.37799,0.37733,0.30662,0.31188,0.30728,0.30399,0.30530,0.06882,0.07113,0.07310,0.06882,0.07244,-47.93707,-3938.00000
0.37108,0.37668,0.37865,0.37799,0.37635,0.31188,0.30826,0.30399,0.30761,0.30629,0.07113,0.07080,0.07047,0.07277,0.07639,-47.93707,-3937.00000
0.37997,0.37668,0.38260,0.37766,0.37635,0.30563,0.30596,0.30399,0.30794,0.30432,0.07178,0.07113,0.07244,0.07047,0.06948,-47.79138,-3936.00000
0.37536,0.38095,0.37602,0.37766,0.37207,0.30498,0.30991,0.30728,0.30333,0.30662,0.07146,0.07146,0.07211,0.07047,0.06948,-47.79138,-3935.00000
0.37470,0.37240,0.38029,0.37174,0.38260,0.30728,0.30366,0.30695,0.30596,0.30662,0.06948,0.07146,0.07146,0.07409,0.07047,-47.97094,-3934.00000
0.37372,0.37536,0.37141,0.37569,0.37503,0.30859,0.30399,0.30794,0.30267,0.30859,0.07277,0.07080,0.07244,0.07540,0.06751,-47.97094,-3933.00000
0.37635,0.38194,0.36911,0.37536,0.37569,0.30859,0.30563,0.31221,0.30432,0.30761,0.07277,0.07244,0.07474,0.07211,0.07343,-48.18994,-3932.00000
0.37174,0.37766,0.37536,0.37799,0.37997,0.30761,0.30761,0.30333,0.30300,0.30563,0.06948,0.07047,0.06751,0.06981,0.07047,-48.18994,-3931.00000
0.37733,0.37799,0.37240,0.38161,0.37076,0.30925,0.30563,0.30892,0.30202,0.30859,0.07146,0.07442,0.07310,0.07047,0.06850,-48.08528,-3930.00000
0.37701,0.37865,0.37602,0.37339,0.37733,0.30728,0.30530,0.30662,0.30432,0.30991,0.06817,0.06882,0.07080,0.07080,0.07113,-48.08528,-3929.00000
0.37865,0.37405,0.37668,0.37931,0.36549,0.30498,0.30859,0.30695,0.30432,0.30892,0.07113,0.06948,0.06981,0.06850,0.06685,-48.35080,-3928.00000
0.37799,0.37503,0.37010,0.37701,0.37470,0.30761,0.30399,0.30826,0.30399,0.30399,0.07014,0.07178,0.07211,0.06981,0.07080,-48.35080,-3927.00000
0.37372,0.37240,0.37733,0.37602,0.37635,0.30498,0.30695,0.30563,0.30859,0.30169,0.07146,0.06850,0.07409,0.07639,0.07146,-48.84682,-3926.00000
0.37273,0.37766,0.37799,0.37503,0.37240,0.30728,0.30794,0.30169,0.30794,0.30596,0.07343,0.07277,0.06981,0.07113,0.06652,-48.84682,-3925.00000
0.37339,0.37273,0.37733,0.37470,0.37964,0.30794,0.30958,0.30892,0.30728,0.31024,0.07277,0.07211,0.07211,0.07178,0.07080,-49.45094,-3924.00000
0.37964,0.37865,0.37766,0.37240,0.37931,0.30498,0.30695,0.30629,0.30629,0.30794,0.06817,0.07277,0.06685,0.07442,0.07244,-49.45094,-3923.00000
0.37470,0.37405,0.37832,0.37668,0.37536,0.30563,0.30596,0.30991,0.30794,0.30530,0.07277,0.07178,0.07211,0.06981,0.07047,-49.77394,-3922.00000
0.37668,0.37865,0.37668,0.37635,0.37635,0.30892,0.30169,0.30794,0.30596,0.30794,0.07113,0.07507,0.06981,0.07277,0.07113,-49.77394,-3921.00000
0.37865,0.37470,0.37010,0.37898,0.37766,0.30530,0.31122,0.30794,0.30629,0.30761,0.07080,0.07080,0.07277,0.07014,0.06718,-49.38380,-3920.00000
0.37701,0.38128,0.37273,0.37405,0.37865,0.30629,0.30794,0.30761,0.31122,0.30596,0.07442,0.07080,0.06948,0.07442,0.07080,-49.38380,-3919.00000
0.37733,0.37405,0.37569,0.38391,0.37372,0.30596,0.30432,0.30399,0.30563,0.30794,0.06817,0.07113,0.06915,0.06784,0.07113,-49.88868,-3918.00000
0.37405,0.37141,0.37964,0.37536,0.37437,0.30432,0.30761,0.30826,0.30629,0.30761,0.07178,0.07113,0.07343,0.06981,0.07244,-49.88868,-3917.00000
0.37569,0.38589,0.37536,0.37536,0.37470,0.31024,0.30761,0.30728,0.30596,0.30695,0.07178,0.06915,0.07211,0.06882,0.07343,-50.10482,-3916.00000
0.37733,0.36845,0.37898,0.37503,0.37733,0.30629,0.30629,0.30563,0.30695,0.30563,0.06882,0.06981,0.07178,0.06948,0.07047,-50.10482,-3915.00000
0.37503,0.37931,0.38095,0.38095,0.37240,0.30662,0.30695,0.30859,0.30498,0.30366,0.07277,0.07080,0.06981,0.07211,0.07376,-49.95269,-3914.00000
0.37043,0.37733,0.37701,0.37635,0.37733,0.30728,0.30859,0.30465,0.30596,0.30629,0.07442,0.07080,0.07211,0.06850,0.07343,-49.95269,-3913.00000
0.37536,0.37503,0.37733,0.37405,0.37997,0.30662,0.30892,0.30859,0.30563,0.30695,0.06718,0.07442,0.07146,0.07409,0.07540,-49.79105,-3912.00000
0.37701,0.37832,0.37964,0.37503,0.38095,0.30728,0.30169,0.30761,0.30530,0.30859,0.06882,0.06850,0.06981,0.07343,0.07211,-49.79105,-3911.00000
0.38128,0.37997,0.37766,0.37997,0.38260,0.30596,0.30629,0.30892,0.30859,0.30695,0.06882,0.07080,0.07277,0.07146,0.07244,-49.66539,-3910.00000
0.37174,0.37832,0.37470,0.37964,0.37437,0.31057,0.30432,0.30300,0.30728,0.30267,0.07442,0.07211,0.07080,0.07376,0.07080,-49.66539,-3909.00000
0.37273,0.38523,0.37569,0.37569,0.37701,0.30794,0.30366,0.30300,0.30103,0.30596,0.07409,0.07080,0.07146,0.06915,0.07277,-48.80362,-3908.00000
0.37569,0.37405,0.37701,0.37405,0.37602,0.30530,0.30695,0.30662,0.30728,0.30366,0.07014,0.07244,0.06817,0.07474,0.06817,-48.80362,-3907.00000
0.37108,0.37799,0.37931,0.37635,0.38490,0.30826,0.30432,0.30826,0.30925,0.31287,0.07244,0.07211,0.07409,0.07507,0.06915,-48.77435,-3906.00000
0.37931,0.37635,0.37898,0.37141,0.37602,0.30563,0.30695,0.30629,0.30563,0.30530,0.06652,0.06718,0.07146,0.07146,0.06850,-48.77435,-3905.00000
0.37470,0.37832,0.37766,0.37108,0.37339,0.31155,0.30267,0.30498,0.30267,0.30333,0.06718,0.07146,0.07244,0.07343,0.07014,-48.52372,-3904.00000
0.37273,0.36878,0.38358,0.37964,0.37635,0.30958,0.30991,0.30892,0.31254,0.30695,0.07277,0.06981,0.06981,0.07244,0.07014,-48.52372,-3903.00000
0.37503,0.37898,0.37865,0.37174,0.37799,0.30794,0.30695,0.30629,0.31188,0.30563,0.06981,0.07047,0.07080,0.07146,0.06882,-48.65774,-3902.00000
0.37898,0.37569,0.37733,0.38424,0.37602,0.31254,0.30925,0.31090,0.30629,0.31090,0.06948,0.06850,0.07244,0.07080,0.06915,-48.65774,-3901.00000
0.37174,0.38457,0.37701,0.37799,0.37964,0.30826,0.30892,0.30563,0.30465,0.31122,0.07080,0.06948,0.07146,0.07211,0.07146,-48.51109,-3900.00000
0.37733,0.36944,0.37964,0.38194,0.37306,0.31024,0.30498,0.30826,0.30761,0.30662,0.07113,0.06981,0.07014,0.07376,0.07014,-48.51109,-3899.00000
0.37273,0.38194,0.37602,0.37635,0.38227,0.31122,0.30728,0.30169,0.30892,0.30300,0.07244,0.07442,0.07047,0.07113,0.07211,-47.34561,-3898.00000
0.37503,0.37470,0.37240,0.37503,0.37405,0.30925,0.30202,0.30859,0.30596,0.30826,0.07047,0.06915,0.06850,0.07047,0.07343,-47.34561,-3897.00000
0.37405,0.37733,0.37076,0.37372,0.37701,0.30794,0.30826,0.30432,0.30662,0.30925,0.07047,0.07211,0.07113,0.07376,0.07442,-47.70143,-3896.00000
0.38062,0.37766,0.37635,0.37997,0.37635,0.31254,0.30859,0.30432,0.30037,0.30498,0.07178,0.07080,0.07540,0.07178,0.07343,-47.70143,-3895.00000
0.37602,0.37733,0.37701,0.37437,0.37174,0.30859,0.30629,0.30826,0.30465,0.30498,0.07277,0.07047,0.07080,0.07244,0.06850,-47.20460,-3894.00000
0.37701,0.37865,0.37569,0.37437,0.37437,0.30794,0.30399,0.30300,0.30629,0.31057,0.07113,0.07310,0.07277,0.06981,0.06915,-47.20460,-3893.00000
0.37832,0.38194,0.37997,0.36780,0.37240,0.31024,0.30728,0.30728,0.30465,0.31221,0.07047,0.07277,0.07178,0.07047,0.07080,-47.33887,-3892.00000
0.38227,0.37405,0.37569,0.38227,0.37898,0.31188,0.30925,0.30629,0.30366,0.30333,0.07178,0.07310,0.06948,0.07310,0.06751,-47.33887,-3891.00000
0.37997,0.38260,0.37898,0.37997,0.38029,0.30432,0.30728,0.30662,0.30662,0.30826,0.07047,0.07474,0.07507,0.07178,0.07014,-47.83692,-3890.00000
0.37865,0.38161,0.37931,0.38128,0.37306,0.30794,0.30892,0.30596,0.30794,0.31090,0.07113,0.07014,0.07178,0.06882,0.07244,-47.83692,-3889.00000
0.37832,0.37372,0.37602,0.37832,0.38391,0.30826,0.30596,0.30761,0.30826,0.30925,0.06981,0.06948,0.07277,0.06784,0.06981,-48.17546,-3888.00000
0.37931,0.38161,0.37470,0.38095,0.37372,0.30432,0.30202,0.30859,0.31188,0.30892,0.07146,0.07014,0.06882,0.07310,0.07113,-48.17546,-3887.00000
0.36878,0.38589,0.37766,0.37668,0.38095,0.30498,0.30629,0.30498,0.30498,0.31024,0.07014,0.06981,0.07113,0.06915,0.07211,-48.37186,-3886.00000
0.37043,0.37339,0.38358,0.37964,0.37240,0.30794,0.30761,0.30563,0.30465,0.31188,0.07211,0.07113,0.06981,0.06981,0.07705,-48.37186,-3885.00000
0.37997,0.37766,0.37569,0.38029,0.37668,0.30859,0.30530,0.30662,0.31155,0.30892,0.07376,0.07211,0.07014,0.06817,0.07343,-48.74204,-3884.00000
0.37701,0.37964,0.37865,0.37832,0.37372,0.30465,0.30563,0.31188,0.30498,0.30366,0.07409,0.06915,0.07178,0.07014,0.07474,-48.74204,-3883.00000
0.38358,0.37503,0.37569,0.37865,0.37997,0.30563,0.30728,0.30892,0.30234,0.31254,0.07277,0.07343,0.07277,0.07211,0.07047,-48.57543,-3882.00000
0.37273,0.37602,0.38391,0.37668,0.37306,0.30399,0.30629,0.30530,0.30826,0.31188,0.07080,0.07146,0.07178,0.07047,0.06981,-48.57543,-3881.00000
0.38029,0.37470,0.37931,0.38227,0.37898,0.31024,0.30498,0.30366,0.30662,0.30761,0.07047,0.07178,0.07047,0.07047,0.06718,-48.24136,-3880.00000
0.38062,0.37437,0.38227,0.37503,0.38161,0.30892,0.31090,0.30761,0.30662,0.30728,0.07442,0.06784,0.07146,0.07146,0.07343,-48.24136,-3879.00000
0.38194,0.37964,0.37372,0.38260,0.37898,0.30761,0.31155,0.30859,0.30826,0.30761,0.07211,0.07244,0.07178,0.07211,0.07080,-48.09841,-3878.00000
0.37799,0.37273,0.37733,0.37701,0.38062,0.30826,0.30563,0.30958,0.30465,0.30662,0.07310,0.06882,0.07442,0.07343,0.06554,-48.09841,-3877.00000
0.37865,0.38062,0.37372,0.37898,0.37635,0.30629,0.30958,0.30629,0.30826,0.30432,0.07014,0.07047,0.07442,0.07540,0.06915,-47.13559,-3876.00000
0.37865,0.37832,0.37339,0.38161,0.37733,0.30794,0.30300,0.30465,0.30826,0.31057,0.07211,0.07277,0.06882,0.07474,0.06619,-47.13559,-3875.00000
0.38260,0.37602,0.38062,0.37799,0.37701,0.30761,0.30629,0.30826,0.31057,0.31024,0.07113,0.06882,0.07277,0.07507,0.07178,-44.93610,-3874.00000
0.37503,0.37602,0.38161,0.37339,0.37174,0.30794,0.30629,0.30563,0.30596,0.30991,0.07080,0.07376,0.07244,0.07178,0.07409,-44.93610,-3873.00000
0.37964,0.37668,0.38490,0.37931,0.38260,0.30530,0.30991,0.30530,0.30925,0.30859,0.07409,0.07442,0.06784,0.07113,0.07113,-42.72433,-3872.00000
0.38161,0.37602,0.38161,0.37668,0.38095,0.30563,0.30794,0.30563,0.30794,0.30695,0.07244,0.07146,0.06981,0.06882,0.07310,-42.72433,-3871.00000
0.37602,0.37273,0.38128,0.37405,0.37733,0.30859,0.30892,0.30629,0.30695,0.31254,0.07047,0.07310,0.07310,0.07014,0.07146,-41.63555,-3870.00000
0.37964,0.37635,0.37405,0.37701,0.37405,0.30892,0.30728,0.30498,0.30629,0.30333,0.07146,0.07507,0.07113,0.07211,0.07014,-41.63555,-3869.00000
0.38062,0.37076,0.38293,0.37799,0.37766,0.30300,0.30695,0.30530,0.30892,0.30892,0.07113,0.07146,0.06751,0.07277,0.06850,-43.22416,-3868.00000
0.37240,0.37997,0.37273,0.37437,0.37010,0.30991,0.30234,0.31090,0.30695,0.30761,0.07343,0.07146,0.07507,0.06915,0.07080,-43.22416,-3867.00000
0.37569,0.37437,0.37569,0.37799,0.37865,0.30695,0.30728,0.30761,0.30366,0.30826,0.07047,0.07277,0.06817,0.07277,0.07277,-44.59410,-3866.00000
0.37799,0.37701,0.37372,0.38128,0.37470,0.31221,0.31287,0.30300,0.30728,0.30662,0.07113,0.06948,0.06718,0.06882,0.07343,-44.59410,-3865.00000
0.37339,0.37701,0.37339,0.38161,0.37799,0.30826,0.30892,0.30234,0.30629,0.30859,0.07178,0.07113,0.06915,0.07047,0.07343,-45.69294,-3864.00000
0.38029,0.37701,0.37964,0.37174,0.37503,0.30859,0.31188,0.30826,0.31057,0.30728,0.06817,0.07474,0.06915,0.07047,0.06981,-45.69294,-3863.00000
0.37733,0.37240,0.37964,0.37931,0.37602,0.30432,0.30399,0.30432,0.30728,0.30761,0.07047,0.06751,0.06948,0.07507,0.07080,-46.53781,-3862.00000
0.37701,0.37437,0.37766,0.37569,0.37306,0.31188,0.30794,0.30761,0.31221,0.31221,0.06981,0.06948,0.07113,0.07178,0.07211,-46.53781,-3861.00000
0.37207,0.38260,0.38062,0.37865,0.37602,0.30761,0.30859,0.30662,0.31155,0.31353,0.07244,0.07376,0.06817,0.07540,0.07047,-46.64858,-3860.00000
0.37043,0.37832,0.37865,0.37536,0.37536,0.30991,0.30498,0.30892,0.31024,0.31254,0.07376,0.07277,0.07211,0.06915,0.06619,-46.64858,-3859.00000
0.37898,0.37569,0.37569,0.37108,0.38227,0.30629,0.30399,0.30826,0.30596,0.30498,0.07178,0.07277,0.06784,0.07014,0.07080,-46.91774,-3858.00000
0.37766,0.37536,0.37569,0.37668,0.37766,0.30728,0.30432,0.30530,0.30267,0.30629,0.07277,0.07244,0.06850,0.06981,0.06850,-46.91774,-3857.00000
0.37372,0.37865,0.37898,0.38128,0.37437,0.30465,0.30596,0.30859,0.30563,0.30530,0.07178,0.07014,0.07047,0.07014,0.07277,-47.09067,-3856.00000
0.38128,0.37405,0.37799,0.38095,0.37931,0.31057,0.30958,0.30563,0.30300,0.30465,0.07146,0.06882,0.07146,0.07146,0.06850,-47.09067,-3855.00000
0.37865,0.37470,0.37240,0.37602,0.37470,0.31155,0.30761,0.30794,0.30530,0.30629,0.07540,0.07211,0.06850,0.06981,0.07474,-47.93186,-3854.00000
0.37799,0.37207,0.37766,0.37503,0.37339,0.30629,0.30794,0.31057,0.30530,0.30169,0.07244,0.07047,0.06784,0.06751,0.07080,-47.93186,-3853.00000
0.37733,0.37569,0.37141,0.37569,0.38523,0.30432,0.30761,0.31583,0.30695,0.30300,0.07244,0.07277,0.07211,0.06981,0.07146,-47.87905,-3852.00000
0.38128,0.37635,0.37997,0.38062,0.37602,0.30925,0.30761,0.31221,0.30366,0.30794,0.06981,0.07113,0.07047,0.07146,0.07146,-47.87905,-3851.00000
0.37701,0.38062,0.37536,0.37503,0.38095,0.30991,0.30399,0.30761,0.31122,0.30728,0.06850,0.06882,0.06915,0.07146,0.07047,-48.23936,-3850.00000
0.37701,0.37569,0.37602,0.37799,0.37931,0.30596,0.30761,0.30333,0.30695,0.30366,0.07080,0.06685,0.06586,0.06882,0.07178,-48.23936,-3849.00000
0.37668,0.37799,0.37503,0.37931,0.37865,0.30465,0.30728,0.30761,0.31057,0.30728,0.07113,0.07211,0.07080,0.07277,0.07047,-48.95970,-3848.00000
0.37733,0.37503,0.37108,0.37997,0.38194,0.30629,0.30070,0.30695,0.30498,0.30925,0.07146,0.06948,0.06981,0.07014,0.07244,-48.95970,-3847.00000
0.37701,0.37635,0.37602,0.38194,0.38161,0.30399,0.30662,0.30728,0.30662,0.30432,0.07178,0.07014,0.06981,0.07244,0.07277,-48.89794,-3846.00000
0.37668,0.37865,0.37931,0.37602,0.37108,0.30728,0.30563,0.30498,0.30530,0.30267,0.06850,0.07014,0.06915,0.07113,0.06981,-48.89794,-3845.00000
0.37306,0.37569,0.37733,0.38062,0.37799,0.30596,0.30629,0.30794,0.30629,0.30399,0.07573,0.07277,0.06915,0.06751,0.07080,-49.41340,-3844.00000
0.37108,0.37701,0.38029,0.37437,0.38029,0.30333,0.30761,0.31024,0.30465,0.30366,0.07014,0.07014,0.06817,0.06915,0.07146,-49.41340,-3843.00000
0.37437,0.37898,0.37997,0.37076,0.37372,0.30958,0.30432,0.30859,0.30465,0.31024,0.07409,0.06817,0.06915,0.06981,0.07442,-49.41688,-3842.00000
0.38062,0.37668,0.37470,0.38194,0.37437,0.30465,0.30826,0.30267,0.30826,0.31024,0.07113,0.07080,0.07211,0.07146,0.07014,-49.41688,-3841.00000
0.38293,0.37997,0.37668,0.37569,0.37240,0.30991,0.30103,0.30300,0.30530,0.31188,0.07211,0.07343,0.07211,0.07277,0.07146,-50.02629,-3840.00000
0.37602,0.37668,0.37273,0.37931,0.37832,0.30728,0.30892,0.30432,0.30859,0.30629,0.07047,0.07343,0.07343,0.07277,0.06817,-50.02629,-3839.00000
0.37405,0.38095,0.37010,0.37635,0.38095,0.30925,0.30925,0.30596,0.30794,0.30826,0.06784,0.07277,0.07409,0.06948,0.07146,-50.13797,-3838.00000
0.37635,0.37832,0.37701,0.37668,0.37733,0.30465,0.30234,0.30498,0.30366,0.30596,0.07409,0.07146,0.07211,0.07080,0.06751,-50.13797,-3837.00000
0.37437,0.37733,0.37635,0.37701,0.37766,0.30629,0.30530,0.30498,0.30333,0.30563,0.07146,0.07113,0.07047,0.07113,0.07014,-49.43280,-3836.00000
0.38062,0.36780,0.37503,0.37536,0.37207,0.31188,0.30366,0.30958,0.30629,0.30892,0.07014,0.07178,0.07211,0.07014,0.07409,-49.43280,-3835.00000
0.37964,0.37766,0.37635,0.37372,0.38194,0.30399,0.30826,0.30859,0.30333,0.30300,0.07277,0.06981,0.06981,0.07113,0.07146,-49.29797,-3834.00000
0.37470,0.37306,0.37733,0.38029,0.37405,0.31024,0.31024,0.30465,0.31188,0.30498,0.07310,0.06850,0.06751,0.07507,0.07080,-49.29797,-3833.00000
0.37865,0.37569,0.37503,0.37306,0.37668,0.30563,0.30958,0.31024,0.30794,0.30728,0.07047,0.07442,0.06948,0.07277,0.06751,-49.21948,-3832.00000
0.37931,0.37503,0.38194,0.37766,0.37569,0.30498,0.30794,0.30300,0.31221,0.30530,0.07244,0.07343,0.07211,0.07113,0.07442,-49.21948,-3831.00000
0.37733,0.38227,0.37372,0.37799,0.37766,0.30859,0.30366,0.30333,0.31090,0.30728,0.07047,0.07178,0.07113,0.07113,0.07343,-49.23877,-3830.00000
0.38194,0.38523,0.37470,0.37997,0.37602,0.30728,0.30530,0.30300,0.30498,0.30629,0.07639,0.07113,0.07409,0.07277,0.07080,-49.23877,-3829.00000
0.37470,0.37865,0.37701,0.37668,0.37207,0.30892,0.30366,0.30432,0.30761,0.30761,0.06685,0.07409,0.06981,0.07047,0.07540,-48.65430,-3828.00000
0.37832,0.37108,0.37766,0.38194,0.38161,0.30859,0.30794,0.30596,0.30530,0.30563,0.06948,0.07080,0.07211,0.07376,0.07080,-48.65430,-3827.00000
0.37668,0.37931,0.37372,0.37964,0.37733,0.30399,0.30629,0.30892,0.30596,0.30432,0.07211,0.07047,0.07113,0.07113,0.06981,-48.12467,-3826.00000
0.37602,0.37799,0.37865,0.37569,0.37503,0.30563,0.30234,0.30366,0.30826,0.30892,0.06882,0.07080,0.07113,0.06784,0.06652,-48.12467,-3825.00000
0.37931,0.37832,0.37799,0.37470,0.38424,0.30761,0.30234,0.30300,0.30465,0.30432,0.06915,0.07146,0.07178,0.07178,0.06817,-48.79373,-3824.00000
0.37964,0.37635,0.37799,0.37273,0.37240,0.30267,0.30596,0.30563,0.30563,0.30399,0.07014,0.07211,0.07113,0.07244,0.07047,-48.79373,-3823.00000
0.37240,0.37898,0.37240,0.37273,0.37372,0.30794,0.30695,0.30728,0.30366,0.30465,0.07113,0.07211,0.06981,0.07047,0.07409,-48.53501,-3822.00000
0.37832,0.37503,0.37964,0.37339,0.38128,0.31090,0.30925,0.31024,0.30859,0.30629,0.06981,0.07080,0.07343,0.07113,0.07047,-48.53501,-3821.00000
0.38095,0.37964,0.37701,0.37701,0.37174,0.30761,0.30958,0.30859,0.30300,0.30563,0.07080,0.07310,0.07113,0.07146,0.07014,-48.35765,-3820.00000
0.37372,0.38589,0.37701,0.38062,0.37240,0.30761,0.30629,0.30530,0.31024,0.30169,0.07047,0.07178,0.06948,0.06948,0.06981,-48.35765,-3819.00000
0.37503,0.37931,0.37733,0.37569,0.38260,0.30629,0.30136,0.30234,0.30826,0.30859,0.07113,0.07047,0.06850,0.07014,0.06981,-48.21174,-3818.00000
0.37240,0.37964,0.37536,0.37733,0.37536,0.31155,0.30169,0.30169,0.30991,0.30399,0.07376,0.07277,0.06652,0.07277,0.07080,-48.21174,-3817.00000
0.37898,0.37174,0.37503,0.37733,0.37503,0.30530,0.30991,0.30859,0.30366,0.30925,0.07014,0.07211,0.07146,0.07211,0.06685,-48.08680,-3816.00000
0.38062,0.37339,0.38062,0.37898,0.37536,0.30563,0.30333,0.30596,0.30991,0.29971,0.06685,0.06850,0.07014,0.06652,0.07178,-48.08680,-3815.00000
0.37733,0.37306,0.37898,0.37372,0.37635,0.30596,0.30530,0.30662,0.30333,0.30662,0.06915,0.07409,0.06882,0.06915,0.06652,-48.08977,-3814.00000
0.37964,0.38128,0.37372,0.37766,0.37635,0.30761,0.30892,0.30399,0.30662,0.30530,0.07014,0.07146,0.07146,0.07113,0.07080,-48.08977,-3813.00000
0.37043,0.37536,0.37898,0.37701,0.37405,0.30629,0.30366,0.30859,0.29971,0.30399,0.07211,0.07343,0.06948,0.07310,0.07080,-47.94852,-3812.00000
0.37372,0.37076,0.37372,0.38161,0.37602,0.31221,0.30695,0.30300,0.30498,0.30333,0.07146,0.07014,0.07047,0.07211,0.07244,-47.94852,-3811.00000
0.37437,0.37931,0.37470,0.37076,0.38424,0.31090,0.31024,0.30958,0.30826,0.31221,0.06784,0.06981,0.06784,0.07211,0.06817,-47.99921,-3810.00000
0.37701,0.37339,0.37470,0.37865,0.37701,0.31090,0.30498,0.30761,0.30826,0.30498,0.07277,0.07376,0.06981,0.06981,0.06619,-47.99921,-3809.00000
0.37865,0.37766,0.37306,0.37306,0.37174,0.30892,0.30892,0.30465,0.30629,0.30498,0.06850,0.07047,0.06915,0.06948,0.06817,-48.55058,-3808.00000
0.37799,0.37470,0.37931,0.37766,0.37668,0.30267,0.30958,0.31188,0.30563,0.30695,0.07146,0.07277,0.07211,0.06718,0.07244,-48.55058,-3807.00000
0.37536,0.37470,0.37799,0.37306,0.38128,0.30794,0.30563,0.30794,0.30498,0.30300,0.07310,0.06784,0.06948,0.07113,0.07211,-48.90025,-3806.00000
0.37733,0.37799,0.37405,0.37536,0.37372,0.30563,0.30761,0.30794,0.30728,0.31024,0.07310,0.07244,0.06915,0.07343,0.07244,-48.90025,-3805.00000
0.37405,0.37668,0.37536,0.37701,0.38161,0.30859,0.30333,0.30629,0.30958,0.31024,0.07146,0.07178,0.06784,0.07080,0.07409,-48.83064,-3804.00000
0.37997,0.37668,0.37799,0.37799,0.37010,0.31122,0.30859,0.30761,0.30300,0.30958,0.07080,0.06817,0.07211,0.06882,0.06915,-48.83064,-3803.00000
0.37536,0.38062,0.37799,0.37503,0.38095,0.30136,0.30794,0.31024,0.30794,0.30234,0.06981,0.07310,0.06817,0.07080,0.07080,-48.98768,-3802.00000
0.37339,0.38062,0.37536,0.37569,0.37668,0.31024,0.30826,0.30596,0.30366,0.30432,0.07146,0.07080,0.07080,0.07113,0.06948,-48.98768,-3801.00000
0.37141,0.37207,0.37733,0.37470,0.37799,0.30695,0.30859,0.30596,0.30728,0.30399,0.07178,0.07047,0.06948,0.06948,0.06685,-49.30233,-3800.00000
0.37174,0.37503,0.37339,0.37372,0.37668,0.30925,0.30958,0.30991,0.30530,0.30399,0.07310,0.07474,0.07080,0.07014,0.07113,-49.30233,-3799.00000
0.38029,0.37273,0.37339,0.37470,0.37668,0.30498,0.29938,0.30629,0.30695,0.30202,0.06850,0.06948,0.07178,0.07211,0.06981,-49.40794,-3798.00000
0.37733,0.37865,0.37339,0.37701,0.37437,0.30794,0.30530,0.30761,0.30695,0.31386,0.07606,0.06948,0.06817,0.06948,0.07146,-49.40794,-3797.00000
0.37931,0.37766,0.37339,0.37339,0.37865,0.30399,0.30662,0.30563,0.31057,0.30794,0.07277,0.06718,0.06981,0.07178,0.07211,-49.31558,-3796.00000
0.37339,0.37273,0.38128,0.37931,0.37536,0.30695,0.30629,0.30629,0.30958,0.30728,0.06850,0.07113,0.07178,0.06685,0.07080,-49.31558,-3795.00000
0.38227,0.37799,0.37339,0.37602,0.37898,0.30498,0.30728,0.30629,0.30563,0.30794,0.06948,0.06948,0.07244,0.07014,0.07211,-49.23285,-3794.00000
0.37832,0.37240,0.38391,0.37108,0.38128,0.30859,0.30234,0.30662,0.31024,0.30267,0.07507,0.07113,0.07014,0.06981,0.06850,-49.23285,-3793.00000
0.38391,0.37240,0.37503,0.37569,0.37997,0.30432,0.30695,0.30070,0.30728,0.30991,0.07409,0.07014,0.07178,0.07409,0.07343,-48.63733,-3792.00000
0.38457,0.36944,0.37865,0.37668,0.37602,0.30695,0.30399,0.30465,0.30103,0.30958,0.07080,0.07113,0.06948,0.06817,0.06915,-48.63733,-3791.00000
0.38358,0.36812,0.37733,0.37536,0.37766,0.30826,0.30728,0.30465,0.30629,0.30794,0.07146,0.07014,0.06850,0.06751,0.07310,-47.98966,-3790.00000
0.37865,0.37832,0.37108,0.37931,0.37865,0.30892,0.30892,0.30465,0.30728,0.30629,0.07442,0.06948,0.07343,0.06981,0.06915,-47.98966,-3789.00000
0.37733,0.37405,0.38293,0.38227,0.37701,0.31155,0.30925,0.30925,0.30794,0.30103,0.07146,0.07014,0.06981,0.07146,0.06850,-46.03119,-3788.00000
0.37635,0.38161,0.37799,0.37799,0.37865,0.30826,0.31188,0.30892,0.30498,0.30465,0.06784,0.07244,0.06915,0.06718,0.07178,-46.03119,-3787.00000
0.37372,0.38161,0.37503,0.37602,0.38128,0.30892,0.30794,0.30695,0.30826,0.30498,0.07211,0.06784,0.06784,0.06915,0.06784,-44.03870,-3786.00000
0.37503,0.37437,0.37569,0.37668,0.37931,0.30563,0.30103,0.30958,0.31320,0.30925,0.07178,0.06948,0.07178,0.07113,0.07244,-44.03870,-3785.00000
0.37964,0.37964,0.37273,0.37306,0.38424,0.31024,0.30530,0.30728,0.31057,0.30596,0.07080,0.06981,0.07211,0.07047,0.06586,-42.79175,-3784.00000
0.37766,0.37635,0.37898,0.36944,0.37701,0.30925,0.30465,0.30530,0.30662,0.30136,0.06948,0.07277,0.07047,0.07146,0.06817,-42.79175,-3783.00000
0.37503,0.37306,0.38457,0.37668,0.37470,0.31057,0.30892,0.30826,0.30300,0.30498,0.07277,0.07474,0.07080,0.06882,0.06817,-43.43832,-3782.00000
0.37733,0.37832,0.38457,0.37240,0.38589,0.30761,0.30563,0.30761,0.30629,0.30563,0.07277,0.07244,0.07409,0.07376,0.07244,-43.43832,-3781.00000
0.37635,0.37569,0.37799,0.37865,0.37964,0.30629,0.30925,0.30399,0.30234,0.30563,0.07343,0.06784,0.07113,0.07113,0.06948,-44.31532,-3780.00000
0.38128,0.37701,0.37997,0.38029,0.37043,0.30761,0.30498,0.30958,0.30991,0.30794,0.06882,0.07080,0.07014,0.07211,0.06882,-44.31532,-3779.00000
0.37668,0.37766,0.38260,0.37174,0.37602,0.30859,0.30925,0.30333,0.30596,0.30563,0.07310,0.07113,0.07080,0.07343,0.07113,-45.14902,-3778.00000
0.37437,0.37043,0.38161,0.37470,0.37701,0.31221,0.30563,0.30728,0.31122,0.30596,0.06882,0.07178,0.06882,0.06915,0.07277,-45.14902,-3777.00000
0.37372,0.38062,0.37931,0.37372,0.37766,0.30859,0.30465,0.31353,0.30399,0.30958,0.06817,0.07277,0.07014,0.07376,0.06915,-45.94407,-3776.00000
0.37437,0.38621,0.37602,0.37273,0.37799,0.31024,0.30925,0.30794,0.31254,0.30629,0.07277,0.06850,0.07507,0.07178,0.07146,-45.94407,-3775.00000
0.37668,0.37470,0.37701,0.37635,0.37569,0.30530,0.30695,0.30333,0.31122,0.30761,0.07376,0.07409,0.07442,0.06915,0.06817,-46.91356,-3774.00000
0.38260,0.37602,0.38194,0.38029,0.37503,0.30728,0.30596,0.30794,0.30695,0.30695,0.06619,0.06915,0.07211,0.07507,0.06850,-46.91356,-3773.00000
0.37997,0.37174,0.38194,0.37668,0.37997,0.30333,0.30498,0.30530,0.31221,0.30761,0.07146,0.06817,0.07146,0.07113,0.07310,-47.39713,-3772.00000
0.37437,0.37536,0.37602,0.37733,0.37766,0.30859,0.30794,0.30465,0.30530,0.30399,0.06981,0.07113,0.07047,0.07080,0.06652,-47.39713,-3771.00000
0.37470,0.37372,0.38029,0.37405,0.38227,0.30925,0.30629,0.30498,0.30629,0.30794,0.07014,0.06817,0.07277,0.07113,0.07343,-47.90342,-3770.00000
0.37832,0.37733,0.37470,0.37174,0.37569,0.30596,0.30892,0.30794,0.30366,0.30465,0.07211,0.07014,0.06948,0.07146,0.07014,-47.90342,-3769.00000
0.37931,0.37536,0.37931,0.38260,0.37799,0.30695,0.30629,0.31024,0.30695,0.30629,0.07540,0.07277,0.07014,0.07146,0.06784,-48.47533,-3768.00000
0.36911,0.37602,0.37799,0.37799,0.37207,0.30892,0.31221,0.30761,0.30596,0.30596,0.07211,0.07310,0.07080,0.07376,0.07310,-48.47533,-3767.00000
0.37799,0.37405,0.37832,0.37668,0.38095,0.30761,0.30596,0.30794,0.30892,0.30695,0.07244,0.06981,0.07343,0.07014,0.06948,-49.26025,-3766.00000
0.37733,0.37273,0.38095,0.37602,0.37503,0.30366,0.30925,0.30728,0.30596,0.30925,0.07080,0.07014,0.07277,0.07178,0.07178,-49.26025,-3765.00000
0.37108,0.38556,0.37602,0.37569,0.37931,0.30695,0.30596,0.30794,0.30300,0.30530,0.07211,0.07014,0.07047,0.07113,0.07113,-49.47591,-3764.00000
0.37997,0.37569,0.37207,0.37832,0.37898,0.30530,0.30991,0.31353,0.30333,0.30728,0.06948,0.07507,0.07014,0.06948,0.07178,-49.47591,-3763.00000
0.38095,0.37668,0.37766,0.37701,0.38128,0.30892,0.31254,0.30991,0.30859,0.30728,0.07146,0.07442,0.07014,0.06981,0.07244,-49.33159,-3762.00000
0.37240,0.38128,0.37964,0.37437,0.38029,0.31254,0.30662,0.30925,0.30728,0.30925,0.07178,0.06981,0.06586,0.07244,0.06915,-49.33159,-3761.00000
0.37273,0.37437,0.38358,0.37668,0.37898,0.30103,0.30925,0.31057,0.30761,0.31090,0.07014,0.07080,0.06948,0.07080,0.07146,-49.27770,-3760.00000
0.37766,0.37832,0.37733,0.37569,0.37832,0.30662,0.30794,0.30794,0.30563,0.31024,0.06850,0.07047,0.07277,0.07376,0.07211,-49.27770,-3759.00000
0.37799,0.37766,0.38194,0.37766,0.38391,0.30202,0.30991,0.30925,0.31090,0.30761,0.06751,0.06981,0.06817,0.07014,0.07014,-49.54939,-3758.00000
0.37964,0.37668,0.37470,0.37898,0.37470,0.30859,0.30465,0.30629,0.30300,0.30695,0.07014,0.06685,0.07343,0.06685,0.07113,-49.54939,-3757.00000
0.37701,0.37997,0.38161,0.37799,0.37832,0.30794,0.30925,0.30596,0.30958,0.30530,0.07343,0.06685,0.07474,0.06981,0.07047,-50.08859,-3756.00000
0.38161,0.37668,0.38325,0.37141,0.37569,0.30695,0.30267,0.30991,0.30366,0.30826,0.06948,0.06817,0.07244,0.07080,0.07244,-50.08859,-3755.00000
0.37569,0.38194,0.37339,0.37668,0.37832,0.31122,0.30859,0.30234,0.30333,0.30596,0.07113,0.07047,0.07178,0.07146,0.07047,-49.46661,-3754.00000
0.38095,0.37470,0.37207,0.37668,0.38029,0.30596,0.30826,0.31353,0.30366,0.30695,0.07047,0.07146,0.07244,0.07113,0.07047,-49.46661,-3753.00000
0.37372,0.37799,0.38391,0.38194,0.37405,0.30662,0.30728,0.30991,0.30465,0.30991,0.07409,0.06817,0.07113,0.07047,0.07113,-48.98523,-3752.00000
0.37997,0.38128,0.37799,0.37536,0.38128,0.31122,0.31057,0.30925,0.31155,0.30925,0.07080,0.06817,0.07409,0.07113,0.07113,-48.98523,-3751.00000
0.37273,0.37569,0.37997,0.38621,0.37536,0.30333,0.30333,0.31090,0.30432,0.30958,0.07244,0.06948,0.07113,0.06521,0.07442,-49.07935,-3750.00000
0.37701,0.38293,0.37931,0.38490,0.37306,0.30596,0.30761,0.30826,0.30892,0.30892,0.07113,0.06850,0.06817,0.06948,0.07310,-49.07935,-3749.00000
0.37931,0.38227,0.37931,0.37240,0.38095,0.31122,0.31155,0.30728,0.30892,0.30892,0.06981,0.07014,0.07080,0.07310,0.07080,-49.07373,-3748.00000
0.38095,0.37470,0.38062,0.37273,0.37931,0.30629,0.30728,0.30991,0.31122,0.30794,0.07113,0.07047,0.06981,0.07113,0.07310,-49.07373,-3747.00000
0.38194,0.37668,0.37668,0.38161,0.38194,0.30629,0.30366,0.31353,0.30859,0.30695,0.07474,0.07211,0.07244,0.06915,0.07244,-48.56055,-3746.00000
0.37766,0.37832,0.36845,0.37832,0.38062,0.30695,0.30925,0.30498,0.30794,0.30629,0.07047,0.07770,0.07113,0.07047,0.07376,-48.56055,-3745.00000
0.38095,0.37701,0.37898,0.37503,0.37273,0.31155,0.30794,0.30695,0.30267,0.30761,0.07047,0.07047,0.07047,0.07178,0.07113,-48.34538,-3744.00000
0.37503,0.37668,0.37964,0.37503,0.37832,0.30826,0.30958,0.31090,0.31057,0.30629,0.06948,0.07277,0.07014,0.07244,0.06948,-48.34538,-3743.00000
0.37503,0.37832,0.37865,0.37536,0.37964,0.30662,0.30826,0.30530,0.30925,0.30794,0.06915,0.07047,0.07343,0.07442,0.07047,-48.34028,-3742.00000
0.37997,0.37766,0.37503,0.37865,0.37536,0.30695,0.30826,0.30925,0.31386,0.30596,0.07146,0.06981,0.07343,0.07014,0.07113,-48.34028,-3741.00000
0.37832,0.37437,0.37536,0.37964,0.37405,0.30695,0.30596,0.30991,0.30794,0.30695,0.07211,0.07047,0.06817,0.07244,0.07080,-48.52568,-3740.00000
0.38161,0.37536,0.37207,0.38194,0.37108,0.31254,0.30695,0.30728,0.30498,0.30958,0.06915,0.06817,0.07343,0.07080,0.07014,-48.52568,-3739.00000
0.37569,0.38325,0.37898,0.38029,0.38062,0.30629,0.31122,0.31024,0.31451,0.30794,0.07540,0.07310,0.07047,0.07014,0.06882,-48.97155,-3738.00000
0.38062,0.38062,0.37898,0.38227,0.37043,0.31057,0.31090,0.30432,0.30794,0.30826,0.07113,0.07113,0.06948,0.07244,0.06981,-48.97155,-3737.00000
0.37964,0.37273,0.38260,0.37503,0.37898,0.30892,0.30498,0.30958,0.30695,0.30794,0.07178,0.07540,0.06751,0.07047,0.06915,-48.80004,-3736.00000
0.36977,0.38128,0.37306,0.37898,0.37273,0.31024,0.30629,0.30761,0.30563,0.31155,0.07540,0.07178,0.07146,0.06882,0.07178,-48.80004,-3735.00000
0.37240,0.37536,0.37569,0.37898,0.37701,0.30629,0.30530,0.30761,0.30761,0.30136,0.06915,0.07146,0.07244,0.06948,0.07047,-49.10074,-3734.00000
0.37536,0.37931,0.37668,0.37174,0.37701,0.30958,0.31122,0.31057,0.30958,0.30498,0.07310,0.06784,0.07047,0.06981,0.07047,-49.10074,-3733.00000
0.37997,0.37733,0.37931,0.37503,0.37964,0.31090,0.30761,0.30794,0.30267,0.30366,0.07343,0.07178,0.07211,0.06948,0.07376,-49.27517,-3732.00000
0.37668,0.37339,0.37865,0.38095,0.37470,0.30892,0.30366,0.30794,0.30465,0.30925,0.07244,0.07146,0.06817,0.07409,0.07014,-49.27517,-3731.00000
0.37997,0.38062,0.37405,0.37964,0.37503,0.30695,0.30991,0.30596,0.30234,0.30596,0.07146,0.07244,0.07014,0.06850,0.07474,-49.31984,-3730.00000
0.37339,0.37569,0.37503,0.38325,0.37076,0.30432,0.30662,0.30826,0.31024,0.30596,0.07014,0.06850,0.07113,0.07277,0.07113,-49.31984,-3729.00000
0.37964,0.37273,0.38490,0.37108,0.38029,0.30958,0.30892,0.30859,0.30498,0.30465,0.07080,0.07277,0.06850,0.07244,0.07178,-49.61004,-3728.00000
0.37174,0.38819,0.37207,0.38128,0.37799,0.31254,0.30958,0.30662,0.30826,0.30728,0.07277,0.06751,0.06619,0.06652,0.06850,-49.61004,-3727.00000
0.37405,0.37108,0.37766,0.37602,0.37832,0.31090,0.30728,0.30925,0.30925,0.30794,0.07211,0.06521,0.07146,0.07080,0.07409,-49.69120,-3726.00000
0.37306,0.37898,0.37799,0.37668,0.37174,0.30794,0.30728,0.31024,0.30794,0.30399,0.07080,0.07047,0.06915,0.07146,0.06882,-49.69120,-3725.00000
0.37405,0.37043,0.37931,0.37799,0.38029,0.31057,0.30892,0.30662,0.31024,0.30596,0.07244,0.07310,0.06882,0.07244,0.07014,-49.79901,-3724.00000
0.37405,0.37832,0.37865,0.37372,0.37799,0.31155,0.30826,0.31057,0.30925,0.30563,0.07277,0.06915,0.07146,0.06817,0.06915,-49.79901,-3723.00000
0.37668,0.37766,0.38227,0.37931,0.38424,0.30958,0.31090,0.30925,0.30596,0.30629,0.07047,0.06817,0.07146,0.06981,0.07211,-49.71627,-3722.00000
0.37635,0.38194,0.37470,0.37108,0.38260,0.30925,0.30333,0.30859,0.31057,0.31320,0.06948,0.07080,0.06981,0.07376,0.07113,-49.71627,-3721.00000
0.37865,0.37503,0.38161,0.37733,0.37865,0.30498,0.30761,0.30794,0.30432,0.30629,0.07113,0.07146,0.07146,0.06718,0.07376,-49.69529,-3720.00000
0.38062,0.37043,0.37701,0.37668,0.37668,0.30826,0.30794,0.30794,0.30728,0.30794,0.07474,0.07080,0.06948,0.06981,0.06751,-49.69529,-3719.00000
0.37569,0.37766,0.38161,0.37668,0.37437,0.30662,0.30366,0.30958,0.30563,0.30826,0.06981,0.06981,0.06619,0.06751,0.07178,-49.67804,-3718.00000
0.36780,0.37569,0.37108,0.37865,0.37536,0.30596,0.30596,0.30432,0.30596,0.30728,0.07080,0.07146,0.06948,0.06751,0.07146,-49.67804,-3717.00000
0.37503,0.37470,0.37470,0.37405,0.38161,0.30958,0.30925,0.30662,0.30498,0.31155,0.07014,0.06586,0.07310,0.06850,0.07277,-49.46310,-3716.00000
0.37339,0.37240,0.37372,0.38062,0.37898,0.30794,0.31024,0.31090,0.30892,0.31090,0.07113,0.07343,0.06915,0.07244,0.07211,-49.46310,-3715.00000
0.37668,0.37635,0.37635,0.37898,0.37108,0.30761,0.30629,0.30826,0.30563,0.31024,0.07146,0.07146,0.07244,0.07442,0.07211,-49.14890,-3714.00000
0.37701,0.38293,0.37668,0.38029,0.37964,0.30366,0.31057,0.31155,0.31353,0.30761,0.07244,0.06850,0.07244,0.07244,0.07343,-49.14890,-3713.00000
0.37898,0.37437,0.37536,0.37602,0.38358,0.31090,0.30991,0.30432,0.30695,0.30563,0.07014,0.07244,0.07014,0.06915,0.06784,-49.15591,-3712.00000
0.38391,0.37470,0.38424,0.37372,0.38029,0.30728,0.30333,0.30958,0.30925,0.30366,0.07113,0.07178,0.07080,0.06817,0.06685,-49.15591,-3711.00000
0.37997,0.37668,0.37668,0.37964,0.37635,0.30794,0.30662,0.30728,0.30794,0.30794,0.07310,0.06915,0.06981,0.07277,0.06882,-49.38844,-3710.00000
0.37602,0.38095,0.37536,0.37997,0.37503,0.30629,0.30498,0.30629,0.30826,0.30498,0.07211,0.06882,0.07376,0.07146,0.07113,-49.38844,-3709.00000
0.37865,0.38227,0.37503,0.37635,0.38358,0.30136,0.30596,0.30498,0.30925,0.30695,0.07047,0.06981,0.07211,0.07277,0.06817,-49.08774,-3708.00000
0.37503,0.37569,0.37733,0.37503,0.37470,0.30465,0.31122,0.31090,0.30794,0.30991,0.07409,0.07244,0.07178,0.06981,0.07080,-49.08774,-3707.00000
0.37569,0.38293,0.37733,0.37635,0.37799,0.30826,0.30563,0.30728,0.30695,0.30596,0.06817,0.07113,0.06948,0.06652,0.07146,-48.49502,-3706.00000
0.38029,0.37733,0.37174,0.37997,0.37701,0.30465,0.30563,0.30629,0.30234,0.30958,0.07146,0.07014,0.06751,0.07113,0.06882,-48.49502,-3705.00000
0.37964,0.38391,0.37635,0.38589,0.37405,0.31188,0.30333,0.30399,0.30662,0.30761,0.07113,0.06981,0.07244,0.07244,0.07277,-48.04290,-3704.00000
0.37602,0.38523,0.36845,0.38161,0.37799,0.30958,0.30366,0.30498,0.30794,0.30629,0.06685,0.06981,0.06948,0.06882,0.07080,-48.04290,-3703.00000
0.37635,0.38227,0.37240,0.37405,0.38062,0.30629,0.30465,0.30498,0.30498,0.30728,0.07047,0.06817,0.07146,0.07080,0.07442,-47.77079,-3702.00000
0.37766,0.37799,0.37766,0.37437,0.37602,0.30761,0.30530,0.30859,0.30563,0.30728,0.07343,0.07178,0.07047,0.07146,0.06948,-47.77079,-3701.00000
0.37536,0.38358,0.37997,0.37536,0.37766,0.30530,0.30761,0.30859,0.30498,0.30925,0.06915,0.07211,0.07244,0.07146,0.06850,-47.84980,-3700.00000
0.37207,0.37766,0.38062,0.37372,0.38095,0.30629,0.30826,0.30925,0.30826,0.30794,0.07113,0.06784,0.07244,0.07343,0.07211,-47.84980,-3699.00000
0.38161,0.37536,0.38260,0.37964,0.37931,0.30826,0.30498,0.30991,0.30761,0.30892,0.07376,0.07080,0.06915,0.07244,0.07080,-47.62089,-3698.00000
0.37141,0.37339,0.37997,0.37898,0.37240,0.30530,0.30432,0.31155,0.31057,0.30794,0.06718,0.07178,0.07014,0.06882,0.07376,-47.62089,-3697.00000
0.37437,0.38358,0.37832,0.38293,0.37339,0.30794,0.31155,0.30958,0.30728,0.30629,0.07310,0.07507,0.07178,0.07047,0.06915,-48.06237,-3696.00000
0.38029,0.37799,0.37602,0.37799,0.38227,0.30892,0.30826,0.30662,0.30925,0.30958,0.07080,0.06718,0.07343,0.07113,0.07047,-48.06237,-3695.00000
0.37799,0.37503,0.38325,0.37306,0.37898,0.30498,0.30728,0.30892,0.30333,0.30662,0.07047,0.07113,0.06817,0.06981,0.07146,-48.42016,-3694.00000
0.38227,0.37898,0.37832,0.37273,0.37635,0.30925,0.30399,0.30530,0.30563,0.30794,0.07080,0.07474,0.07014,0.06751,0.07211,-48.42016,-3693.00000
0.38062,0.36714,0.38260,0.37733,0.38128,0.30892,0.30629,0.30333,0.30366,0.30399,0.07014,0.06981,0.07474,0.07376,0.07080,-49.03466,-3692.00000
0.37799,0.37536,0.37997,0.37470,0.38194,0.31024,0.30563,0.30695,0.30662,0.31024,0.06948,0.07014,0.06981,0.07146,0.06817,-49.03466,-3691.00000
0.37799,0.37701,0.37668,0.37832,0.38095,0.30925,0.30826,0.30333,0.30728,0.30794,0.07113,0.06850,0.06554,0.06784,0.06850,-49.58756,-3690.00000
0.37733,0.38293,0.37997,0.37733,0.38128,0.30826,0.30498,0.30662,0.30399,0.31221,0.07080,0.07014,0.07113,0.06488,0.07113,-49.58756,-3689.00000
0.37437,0.37470,0.37569,0.37898,0.37799,0.30794,0.30826,0.30399,0.30300,0.30662,0.07310,0.06882,0.07047,0.07507,0.07178,-49.84060,-3688.00000
0.37569,0.37470,0.37832,0.37339,0.38062,0.30991,0.30662,0.31122,0.30563,0.30892,0.06882,0.07540,0.06784,0.06981,0.06882,-49.84060,-3687.00000
0.38095,0.37898,0.37766,0.38128,0.37503,0.31057,0.30498,0.30859,0.30794,0.30465,0.07113,0.07277,0.07178,0.07113,0.06915,-49.82537,-3686.00000
0.37865,0.37569,0.38029,0.37635,0.37668,0.30794,0.30728,0.31090,0.31090,0.31057,0.07146,0.06981,0.06850,0.07146,0.06915,-49.82537,-3685.00000
0.38227,0.37635,0.38358,0.37997,0.37141,0.30596,0.30826,0.30892,0.30728,0.31254,0.06981,0.07146,0.07277,0.06718,0.07113,-49.93729,-3684.00000
0.37569,0.37997,0.37931,0.38095,0.37405,0.30892,0.30662,0.30465,0.30629,0.30958,0.07376,0.07474,0.06981,0.06882,0.07113,-49.93729,-3683.00000
0.38062,0.37865,0.37306,0.37832,0.37635,0.31024,0.30728,0.30695,0.30695,0.30826,0.06882,0.07343,0.06817,0.07376,0.07146,-50.01353,-3682.00000
0.36944,0.37733,0.37997,0.37174,0.37964,0.31057,0.30300,0.30925,0.30563,0.30695,0.07211,0.06882,0.07244,0.06784,0.07244,-50.01353,-3681.00000
0.37668,0.37536,0.38260,0.37766,0.38029,0.30695,0.30695,0.30629,0.30826,0.31155,0.07211,0.07080,0.07343,0.07113,0.07113,-49.71117,-3680.00000
0.37273,0.37799,0.37898,0.38358,0.37668,0.30563,0.30859,0.30728,0.30925,0.30695,0.06882,0.06948,0.07047,0.06981,0.07343,-49.71117,-3679.00000
0.37503,0.37701,0.37997,0.37832,0.37668,0.30695,0.30366,0.30958,0.30498,0.30629,0.07310,0.06915,0.07409,0.07507,0.07080,-49.79605,-3678.00000
0.37306,0.37470,0.38128,0.37635,0.37931,0.31057,0.30794,0.31155,0.30399,0.30662,0.06850,0.06751,0.07047,0.06981,0.07409,-49.79605,-3677.00000
0.37405,0.37668,0.38029,0.37503,0.37240,0.30728,0.30761,0.30695,0.31090,0.30991,0.06850,0.07244,0.07376,0.07244,0.07507,-49.62966,-3676.00000
0.37898,0.37602,0.37372,0.37799,0.37865,0.30859,0.30596,0.30432,0.31155,0.30925,0.07080,0.07080,0.07014,0.06718,0.07178,-49.62966,-3675.00000
0.37733,0.37701,0.37997,0.36944,0.38391,0.30695,0.30530,0.30629,0.30563,0.30826,0.06751,0.07047,0.07080,0.07080,0.06817,-49.66522,-3674.00000
0.38095,0.38095,0.37372,0.38095,0.38095,0.30399,0.30958,0.30596,0.30432,0.30892,0.07672,0.07014,0.07211,0.07277,0.06685,-49.66522,-3673.00000
0.37997,0.37569,0.38391,0.38194,0.37503,0.31353,0.30794,0.30728,0.30761,0.30728,0.07014,0.06751,0.07178,0.06882,0.06882,-49.53267,-3672.00000
0.37733,0.37964,0.37898,0.37865,0.37174,0.30728,0.29906,0.31090,0.30662,0.30794,0.07146,0.07310,0.06915,0.06915,0.06948,-49.53267,-3671.00000
0.37602,0.37766,0.37865,0.38260,0.37602,0.30794,0.30596,0.30761,0.30826,0.30629,0.07178,0.06948,0.06948,0.06718,0.07047,-49.27178,-3670.00000
0.37898,0.38260,0.37701,0.37536,0.37569,0.30761,0.30498,0.30892,0.30596,0.31155,0.07080,0.06948,0.07573,0.07277,0.07310,-49.27178,-3669.00000
0.37306,0.38194,0.37339,0.37832,0.37569,0.30991,0.31221,0.30925,0.30498,0.30991,0.06948,0.07178,0.06784,0.07146,0.07014,-48.85371,-3668.00000
0.37503,0.38358,0.37668,0.37799,0.38029,0.31188,0.30991,0.30761,0.30596,0.30563,0.06948,0.07178,0.07211,0.07014,0.06554,-48.85371,-3667.00000
0.37602,0.37339,0.38457,0.37536,0.37437,0.30761,0.31122,0.30859,0.30465,0.30662,0.07047,0.07113,0.06915,0.06817,0.06751,-48.81426,-3666.00000
0.37865,0.37536,0.37931,0.38095,0.38260,0.30761,0.30925,0.30794,0.31122,0.30596,0.07080,0.06915,0.07540,0.07507,0.07211,-48.81426,-3665.00000
0.38128,0.38227,0.38325,0.37405,0.36812,0.30004,0.30826,0.30958,0.30794,0.30530,0.07409,0.07310,0.06915,0.07080,0.07244,-48.11250,-3664.00000
0.37766,0.37964,0.37733,0.37766,0.37207,0.30596,0.30859,0.30465,0.31090,0.30892,0.07211,0.07014,0.07178,0.06915,0.07047,-48.11250,-3663.00000
0.37799,0.37503,0.38029,0.37470,0.37569,0.30761,0.31057,0.30728,0.30695,0.30794,0.06784,0.06915,0.07376,0.07146,0.07047,-48.13457,-3662.00000
0.37503,0.37964,0.37437,0.38556,0.37503,0.30859,0.30859,0.30794,0.30826,0.31188,0.07277,0.07178,0.07376,0.07113,0.07047,-48.13457,-3661.00000
0.37832,0.37569,0.37701,0.37766,0.37602,0.30892,0.31024,0.30761,0.30991,0.30826,0.06718,0.06882,0.07540,0.06784,0.06981,-47.58613,-3660.00000
0.37931,0.37141,0.38095,0.37273,0.37931,0.30695,0.30826,0.30991,0.31287,0.31057,0.07376,0.06915,0.06981,0.07178,0.07080,-47.58613,-3659.00000
0.37766,0.37766,0.37931,0.37799,0.37405,0.30366,0.30991,0.30695,0.30958,0.31057,0.07178,0.06751,0.07211,0.06981,0.07014,-47.65345,-3658.00000
0.37668,0.37701,0.37668,0.37668,0.37569,0.30826,0.30662,0.30399,0.30563,0.30794,0.06948,0.06981,0.07080,0.07113,0.07080,-47.65345,-3657.00000
0.37701,0.37569,0.37503,0.37898,0.37470,0.30629,0.30300,0.30826,0.30465,0.30399,0.07047,0.07113,0.07146,0.07080,0.06915,-47.98642,-3656.00000
0.37733,0.37668,0.37668,0.37733,0.37635,0.30465,0.30169,0.30498,0.31057,0.30399,0.06915,0.06784,0.07113,0.07178,0.06751,-47.98642,-3655.00000
0.38293,0.37898,0.37470,0.37931,0.37668,0.30432,0.30432,0.31024,0.30695,0.30498,0.07080,0.06850,0.06915,0.06850,0.07014,-48.42975,-3654.00000
0.38161,0.37536,0.37997,0.37931,0.37602,0.30991,0.31090,0.30498,0.30728,0.30070,0.06850,0.07146,0.07244,0.06850,0.06850,-48.42975,-3653.00000
0.37964,0.37701,0.38095,0.37898,0.37799,0.30662,0.30925,0.31090,0.30892,0.30794,0.07474,0.07178,0.07080,0.07080,0.06652,-49.14848,-3652.00000
0.38128,0.37602,0.37931,0.37207,0.38358,0.30859,0.30925,0.31024,0.30432,0.30859,0.07211,0.07178,0.06882,0.07310,0.07310,-49.14848,-3651.00000
0.37964,0.37503,0.37898,0.37964,0.37076,0.31024,0.30958,0.30826,0.30728,0.30530,0.06850,0.07376,0.07014,0.06784,0.07146,-49.17841,-3650.00000
0.37536,0.37240,0.37602,0.38161,0.37437,0.30366,0.30596,0.30234,0.31024,0.30596,0.07343,0.07080,0.06850,0.07113,0.07244,-49.17841,-3649.00000
0.37470,0.37766,0.38062,0.37470,0.37668,0.30794,0.30892,0.30794,0.30629,0.30991,0.06817,0.06817,0.06915,0.07047,0.07113,-49.33020,-3648.00000
0.37306,0.37766,0.38194,0.37701,0.37997,0.30596,0.30267,0.30465,0.30563,0.30794,0.07343,0.07277,0.07343,0.07014,0.06850,-49.33020,-3647.00000
0.37503,0.37503,0.38062,0.37536,0.37931,0.30859,0.30761,0.30596,0.31155,0.30761,0.07178,0.06850,0.06554,0.06981,0.06981,-49.01962,-3646.00000
0.37766,0.37832,0.37865,0.37273,0.37865,0.30695,0.30892,0.30136,0.30794,0.30432,0.07310,0.06817,0.07047,0.07178,0.07343,-49.01962,-3645.00000
0.37898,0.37536,0.38391,0.37339,0.37668,0.30530,0.30991,0.30399,0.30465,0.30794,0.06751,0.06751,0.06455,0.06948,0.07376,-49.27968,-3644.00000
0.38260,0.37273,0.38325,0.37503,0.37799,0.30761,0.30892,0.31090,0.30761,0.30728,0.07310,0.07080,0.06948,0.06850,0.07047,-49.27968,-3643.00000
0.38062,0.37569,0.37997,0.37503,0.38062,0.30794,0.31057,0.30234,0.30695,0.31057,0.07146,0.07080,0.06915,0.07376,0.06718,-49.50025,-3642.00000
0.37339,0.37701,0.37273,0.38358,0.37865,0.30826,0.30859,0.30958,0.30925,0.30892,0.07113,0.07211,0.07343,0.07376,0.06685,-49.50025,-3641.00000
0.37898,0.37668,0.37668,0.38095,0.37701,0.30695,0.30498,0.30859,0.31155,0.30892,0.06685,0.07310,0.07244,0.07277,0.07146,-49.46990,-3640.00000
0.37997,0.37766,0.37536,0.37701,0.37733,0.30169,0.30761,0.30925,0.30695,0.30794,0.07343,0.06817,0.07113,0.07014,0.07244,-49.46990,-3639.00000
0.37569,0.37766,0.37339,0.37437,0.38523,0.30563,0.30563,0.31287,0.30662,0.31090,0.06784,0.07211,0.07211,0.07211,0.06948,-49.25434,-3638.00000
0.37668,0.37865,0.37372,0.37997,0.36780,0.30892,0.30826,0.30563,0.30563,0.31057,0.07146,0.07113,0.06981,0.07047,0.06882,-49.25434,-3637.00000
0.38095,0.37405,0.37569,0.37898,0.38194,0.30958,0.30958,0.31221,0.30563,0.30826,0.07113,0.06981,0.07113,0.07113,0.07277,-49.16598,-3636.00000
0.37207,0.37832,0.37569,0.38161,0.37733,0.30925,0.30826,0.30794,0.30925,0.30465,0.07277,0.07014,0.07376,0.07047,0.06948,-49.16598,-3635.00000
0.37306,0.37569,0.37635,0.37635,0.37766,0.30859,0.30596,0.30892,0.30563,0.31024,0.06915,0.07310,0.07113,0.06948,0.07277,-48.74249,-3634.00000
0.37832,0.37010,0.38161,0.37898,0.37108,0.31090,0.30563,0.30794,0.30794,0.30530,0.07014,0.06981,0.06948,0.06751,0.07277,-48.74249,-3633.00000
0.37832,0.37701,0.38128,0.37569,0.37799,0.31188,0.30859,0.30563,0.30629,0.30596,0.07146,0.07540,0.07113,0.07047,0.07080,-47.95886,-3632.00000
0.38325,0.37865,0.37668,0.38325,0.37766,0.30728,0.30761,0.30925,0.31155,0.31024,0.07113,0.07211,0.07146,0.06850,0.07146,-47.95886,-3631.00000
0.37865,0.37766,0.37733,0.37733,0.37865,0.30826,0.30892,0.30859,0.30761,0.30761,0.06784,0.07277,0.07277,0.06981,0.07343,-47.90845,-3630.00000
0.38128,0.38358,0.37273,0.38029,0.37240,0.30530,0.30761,0.30859,0.30596,0.30958,0.06817,0.06882,0.06915,0.06817,0.07277,-47.90845,-3629.00000
0.37865,0.37306,0.38424,0.38029,0.37569,0.31188,0.30728,0.31254,0.30761,0.30958,0.06882,0.06948,0.07211,0.06554,0.07014,-47.51025,-3628.00000
0.37865,0.37240,0.38029,0.37964,0.37437,0.30333,0.30958,0.30530,0.30794,0.31024,0.07047,0.06948,0.07178,0.07376,0.07113,-47.51025,-3627.00000
0.37865,0.37964,0.37931,0.38029,0.37931,0.30465,0.30859,0.30761,0.30563,0.31024,0.07277,0.06882,0.07277,0.07047,0.07146,-47.83398,-3626.00000
0.37437,0.37898,0.37997,0.37701,0.37602,0.30991,0.30859,0.30859,0.30366,0.30826,0.06784,0.06915,0.07211,0.07442,0.07080,-47.83398,-3625.00000
0.37602,0.37832,0.37898,0.37832,0.37931,0.31418,0.30925,0.30596,0.30432,0.30695,0.06850,0.06981,0.06948,0.07409,0.07178,-47.64779,-3624.00000
0.37733,0.37964,0.37766,0.38687,0.38161,0.30925,0.30892,0.30629,0.30859,0.30761,0.07146,0.07146,0.07211,0.07343,0.06981,-47.64779,-3623.00000
0.38128,0.37766,0.37701,0.38095,0.37865,0.30761,0.31550,0.30794,0.31024,0.30300,0.07178,0.07113,0.06915,0.07014,0.07047,-47.95171,-3622.00000
0.38029,0.37701,0.37635,0.38490,0.37931,0.31024,0.31057,0.30695,0.30892,0.30530,0.07080,0.06882,0.07244,0.07474,0.07178,-47.95171,-3621.00000
0.37701,0.37799,0.38161,0.38095,0.37898,0.30728,0.31024,0.30826,0.30596,0.30761,0.07244,0.07146,0.07244,0.07113,0.06685,-48.08923,-3620.00000
0.37569,0.37865,0.37701,0.38227,0.38457,0.30498,0.31122,0.30859,0.30662,0.30498,0.07178,0.06915,0.07080,0.06981,0.07047,-48.08923,-3619.00000
0.37536,0.38095,0.37536,0.38095,0.37536,0.30498,0.30498,0.30530,0.31057,0.30728,0.07113,0.06817,0.06948,0.07244,0.07211,-48.24926,-3618.00000
0.38062,0.37832,0.37108,0.38720,0.37898,0.30728,0.30794,0.30761,0.30859,0.30826,0.06948,0.06981,0.06817,0.07047,0.07474,-48.24926,-3617.00000
0.38029,0.37865,0.37701,0.37569,0.37997,0.30563,0.30859,0.30794,0.31122,0.30826,0.07146,0.07211,0.07244,0.07113,0.07047,-48.24853,-3616.00000
0.37865,0.37832,0.37865,0.37602,0.38128,0.30563,0.30498,0.30695,0.30728,0.30794,0.06915,0.06948,0.06718,0.06751,0.07014,-48.24853,-3615.00000
0.38161,0.37240,0.38161,0.38621,0.37931,0.31024,0.30629,0.30794,0.30794,0.30991,0.07080,0.06915,0.06850,0.06817,0.07178,-48.30176,-3614.00000
0.37931,0.37964,0.37964,0.37931,0.38095,0.30366,0.30498,0.30859,0.30728,0.30892,0.07310,0.07310,0.06882,0.07047,0.07211,-48.30176,-3613.00000
0.37174,0.38424,0.37635,0.38128,0.37701,0.30530,0.30366,0.31024,0.31418,0.30530,0.07376,0.07014,0.06850,0.06948,0.07047,-48.48372,-3612.00000
0.38128,0.37964,0.38358,0.37207,0.38325,0.30794,0.30662,0.30826,0.30333,0.30465,0.06817,0.06784,0.06915,0.06718,0.07244,-48.48372,-3611.00000
0.37964,0.38457,0.37668,0.37668,0.38194,0.30629,0.30794,0.30399,0.30465,0.30530,0.07113,0.06948,0.06915,0.07244,0.07409,-49.34071,-3610.00000
0.38161,0.37306,0.37865,0.37174,0.37569,0.30563,0.30596,0.30991,0.31090,0.30629,0.07376,0.06915,0.07310,0.06751,0.06981,-49.34071,-3609.00000
0.37635,0.38161,0.37273,0.37898,0.37569,0.30629,0.30794,0.30728,0.30563,0.30991,0.06948,0.06817,0.07178,0.07113,0.07113,-49.46282,-3608.00000
0.38720,0.37273,0.38029,0.38029,0.37701,0.31320,0.30892,0.30563,0.30498,0.30596,0.06718,0.07113,0.07146,0.06882,0.07310,-49.46282,-3607.00000
0.37832,0.37635,0.38260,0.37470,0.37076,0.30465,0.30596,0.30629,0.31188,0.30826,0.07080,0.07014,0.07014,0.07047,0.06784,-49.26916,-3606.00000
0.38260,0.37799,0.37503,0.37503,0.38260,0.30530,0.30695,0.30892,0.30826,0.30432,0.06915,0.07014,0.07080,0.07178,0.07277,-49.26916,-3605.00000
0.37668,0.37569,0.37733,0.37898,0.37832,0.30432,0.30892,0.30629,0.30859,0.31057,0.07211,0.07014,0.06948,0.07409,0.07146,-48.95288,-3604.00000
0.38358,0.37569,0.38062,0.37470,0.37733,0.30629,0.30596,0.30563,0.30695,0.30530,0.07014,0.06850,0.07474,0.07376,0.06850,-48.95288,-3603.00000
0.37306,0.37536,0.37931,0.37832,0.37602,0.30399,0.30399,0.30761,0.30596,0.30563,0.06882,0.07277,0.07244,0.07409,0.07310,-48.95361,-3602.00000
0.37569,0.38358,0.37405,0.37372,0.38062,0.30498,0.31254,0.30728,0.30826,0.30498,0.07277,0.06850,0.07146,0.06619,0.06817,-48.95361,-3601.00000
0.37766,0.37733,0.37733,0.38260,0.37635,0.30991,0.30794,0.30662,0.30366,0.30925,0.07047,0.07113,0.07014,0.07080,0.06948,-48.89551,-3600.00000
0.37372,0.37931,0.38293,0.37733,0.38293,0.30925,0.30826,0.30794,0.30695,0.30925,0.07014,0.07146,0.07507,0.07080,0.06981,-48.89551,-3599.00000
0.37076,0.38391,0.38227,0.37733,0.37964,0.30859,0.31353,0.30563,0.30991,0.30958,0.06948,0.07014,0.07211,0.07178,0.07178,-48.83724,-3598.00000
0.37964,0.37964,0.37898,0.37470,0.37701,0.31221,0.30958,0.30498,0.30563,0.30530,0.07080,0.07277,0.06981,0.06915,0.07244,-48.83724,-3597.00000
0.37207,0.37931,0.37766,0.37339,0.38029,0.30037,0.30958,0.30498,0.30859,0.30761,0.07080,0.06981,0.07474,0.06915,0.07113,-48.34917,-3596.00000
0.37931,0.37108,0.38062,0.38062,0.37898,0.31122,0.30432,0.30629,0.30859,0.30925,0.06784,0.06948,0.07211,0.06817,0.07409,-48.34917,-3595.00000
0.37503,0.37668,0.37931,0.37569,0.38161,0.30530,0.30826,0.31090,0.31353,0.31057,0.07639,0.06817,0.06784,0.06850,0.06850,-48.34932,-3594.00000
0.37569,0.38128,0.37799,0.38029,0.37931,0.30399,0.30859,0.30498,0.31188,0.30794,0.07277,0.06422,0.06850,0.06915,0.06915,-48.34932,-3593.00000
0.37733,0.37997,0.37635,0.37964,0.37766,0.31320,0.31122,0.30563,0.30695,0.30728,0.07376,0.07573,0.07442,0.06882,0.07113,-48.40964,-3592.00000
0.37372,0.38260,0.38260,0.37733,0.37602,0.30366,0.30662,0.30761,0.30629,0.30695,0.06817,0.07310,0.07474,0.07178,0.07343,-48.40964,-3591.00000
0.37470,0.38490,0.37306,0.37701,0.37898,0.30300,0.30826,0.30892,0.30892,0.30596,0.06817,0.07146,0.07376,0.07146,0.06685,-47.97622,-3590.00000
0.37964,0.38029,0.37503,0.37668,0.37240,0.30530,0.30498,0.30958,0.30695,0.31057,0.07672,0.07047,0.06981,0.07178,0.07178,-47.97622,-3589.00000
0.37602,0.37931,0.38062,0.38062,0.37437,0.30892,0.31024,0.30432,0.30465,0.31024,0.06882,0.07146,0.07376,0.06981,0.07113,-47.99000,-3588.00000
0.38161,0.37766,0.37437,0.37569,0.38194,0.30925,0.30563,0.30826,0.30728,0.30794,0.06817,0.07244,0.07178,0.07080,0.07014,-47.99000,-3587.00000
0.37701,0.37766,0.37997,0.37733,0.37668,0.31024,0.30958,0.30826,0.30925,0.30563,0.07310,0.07014,0.06948,0.07310,0.07244,-48.74952,-3586.00000
0.38029,0.37240,0.38589,0.36944,0.37898,0.30563,0.31254,0.31090,0.30728,0.31024,0.07047,0.06850,0.07113,0.07047,0.07244,-48.74952,-3585.00000
0.37207,0.38194,0.37569,0.37799,0.37569,0.30596,0.30859,0.31090,0.30596,0.31024,0.07211,0.07573,0.06882,0.07146,0.06915,-48.79037,-3584.00000
0.37701,0.37931,0.37306,0.37701,0.38325,0.31057,0.30958,0.30596,0.30761,0.30498,0.06817,0.07080,0.07146,0.07211,0.07146,-48.79037,-3583.00000
0.37898,0.38029,0.37865,0.37733,0.37273,0.30826,0.31090,0.31484,0.30826,0.30925,0.06882,0.07442,0.07080,0.06915,0.06882,-48.41233,-3582.00000
0.37635,0.37174,0.37240,0.38391,0.38062,0.31057,0.30432,0.30662,0.30925,0.30892,0.07080,0.07310,0.07573,0.07277,0.06948,-48.41233,-3581.00000
0.37240,0.37766,0.37635,0.38128,0.37701,0.31221,0.30761,0.30761,0.30629,0.30794,0.07211,0.07047,0.06784,0.07409,0.06850,-48.62905,-3580.00000
0.37108,0.37898,0.37997,0.37668,0.37602,0.30629,0.30662,0.30794,0.30563,0.30465,0.07047,0.06850,0.07014,0.06981,0.07080,-48.62905,-3579.00000
0.38128,0.37108,0.37668,0.37635,0.37437,0.30662,0.31024,0.30826,0.30794,0.30892,0.07014,0.07113,0.06981,0.07244,0.07178,-48.81260,-3578.00000
0.37898,0.38194,0.37273,0.37898,0.38556,0.30366,0.30465,0.30366,0.30859,0.30596,0.07080,0.06915,0.07211,0.07277,0.07277,-48.81260,-3577.00000
0.38325,0.37701,0.37701,0.37898,0.37339,0.31090,0.30530,0.31057,0.30629,0.30892,0.07277,0.07014,0.06784,0.07080,0.07113,-49.02936,-3576.00000
0.38227,0.38029,0.37306,0.37799,0.37372,0.31024,0.31090,0.30859,0.30596,0.30892,0.07277,0.06850,0.06784,0.06882,0.07080,-49.02936,-3575.00000
0.37536,0.38095,0.37668,0.37602,0.37865,0.30662,0.30826,0.30826,0.30366,0.30991,0.06817,0.06981,0.07014,0.07178,0.07376,-49.11365,-3574.00000
0.38161,0.37997,0.37602,0.38194,0.37174,0.31221,0.31287,0.30530,0.31057,0.30761,0.07080,0.07310,0.06850,0.06981,0.07343,-49.11365,-3573.00000
0.37832,0.37602,0.37635,0.37470,0.38391,0.30662,0.30728,0.31287,0.30826,0.30794,0.06751,0.06948,0.06882,0.07343,0.07113,-49.06893,-3572.00000
0.38424,0.38029,0.37799,0.37635,0.37503,0.30563,0.31320,0.30465,0.31122,0.30629,0.06619,0.06882,0.06882,0.07409,0.07211,-49.06893,-3571.00000
0.37701,0.37306,0.38589,0.37536,0.37865,0.30761,0.31188,0.30399,0.30629,0.30596,0.07014,0.07146,0.07178,0.07047,0.07014,-48.99192,-3570.00000
0.38095,0.37602,0.37799,0.37964,0.38260,0.30958,0.30826,0.30234,0.31057,0.31287,0.06718,0.07244,0.06784,0.06882,0.07277,-48.99192,-3569.00000
0.38621,0.37997,0.37701,0.37799,0.37733,0.30794,0.30958,0.30563,0.30498,0.31188,0.07047,0.07211,0.07310,0.06850,0.06784,-49.03986,-3568.00000
0.37997,0.37207,0.37865,0.37405,0.37865,0.30761,0.30794,0.30366,0.30596,0.30596,0.07310,0.07409,0.07343,0.07310,0.07113,-49.03986,-3567.00000
0.37931,0.37997,0.37503,0.37602,0.38062,0.31090,0.31024,0.31024,0.30859,0.30892,0.07080,0.06882,0.07507,0.06948,0.06915,-49.75541,-3566.00000
0.38325,0.37964,0.37569,0.37865,0.37997,0.31057,0.30695,0.30629,0.30695,0.30958,0.07014,0.07146,0.07507,0.07310,0.06817,-49.75541,-3565.00000
0.37635,0.38260,0.37339,0.37733,0.38358,0.30859,0.30432,0.30432,0.30958,0.31122,0.06718,0.07080,0.07146,0.07113,0.06882,-49.42028,-3564.00000
0.38194,0.37273,0.37635,0.38194,0.37503,0.30563,0.30958,0.30859,0.30892,0.31122,0.06882,0.07244,0.06652,0.07376,0.07244,-49.42028,-3563.00000
0.38128,0.37964,0.37174,0.37766,0.37898,0.30892,0.30333,0.31287,0.30925,0.31221,0.07014,0.07343,0.06718,0.06718,0.06981,-49.11873,-3562.00000
0.37832,0.37832,0.37865,0.37503,0.37536,0.30958,0.30498,0.30728,0.30958,0.30432,0.07211,0.07047,0.06718,0.07080,0.07113,-49.11873,-3561.00000
0.37503,0.37701,0.37931,0.37865,0.38029,0.30761,0.30432,0.30530,0.30432,0.30563,0.06850,0.06850,0.07310,0.06915,0.07014,-48.38058,-3560.00000
0.37865,0.37635,0.38095,0.37733,0.37536,0.30892,0.30826,0.30826,0.30826,0.30563,0.07178,0.07146,0.07244,0.06751,0.07146,-48.38058,-3559.00000
0.37931,0.37865,0.37536,0.37799,0.37865,0.31550,0.31155,0.30859,0.30794,0.30892,0.06981,0.07080,0.06784,0.07014,0.07376,-48.19285,-3558.00000
0.38556,0.37503,0.37701,0.37010,0.38260,0.30465,0.30465,0.30794,0.30761,0.30794,0.07540,0.07474,0.07047,0.07113,0.06981,-48.19285,-3557.00000
0.38260,0.37832,0.37865,0.37602,0.38095,0.30794,0.30498,0.30794,0.30530,0.31221,0.06784,0.07178,0.06915,0.07178,0.07113,-48.03026,-3556.00000
0.37701,0.37668,0.38523,0.38194,0.37470,0.30925,0.30991,0.31155,0.30958,0.31057,0.07244,0.06948,0.07244,0.07113,0.06751,-48.03026,-3555.00000
0.38424,0.37339,0.37832,0.37799,0.37569,0.30859,0.30563,0.30366,0.30859,0.30728,0.06850,0.07146,0.06948,0.07211,0.06915,-48.14647,-3554.00000
0.37569,0.37602,0.37799,0.37799,0.37405,0.30826,0.31057,0.31090,0.30892,0.30695,0.06981,0.07178,0.07113,0.07211,0.07080,-48.14647,-3553.00000
0.37997,0.37635,0.37470,0.37701,0.37536,0.31090,0.30958,0.30662,0.31122,0.30530,0.07277,0.06948,0.07178,0.07146,0.07211,-47.90820,-3552.00000
0.37865,0.37997,0.37964,0.37865,0.38260,0.30596,0.31155,0.30859,0.31024,0.30794,0.07113,0.07080,0.07014,0.07080,0.06915,-47.90820,-3551.00000
0.37536,0.37635,0.37569,0.37931,0.37701,0.31122,0.30695,0.30958,0.30366,0.30629,0.06915,0.07244,0.07178,0.07310,0.07376,-47.61425,-3550.00000
0.37306,0.37306,0.37635,0.37602,0.37306,0.30728,0.30465,0.30563,0.30563,0.31386,0.07080,0.07310,0.07080,0.06948,0.07178,-47.61425,-3549.00000
0.37832,0.37964,0.38260,0.38391,0.37306,0.30991,0.30958,0.31353,0.30300,0.30432,0.07146,0.07146,0.06981,0.06817,0.06586,-47.67708,-3548.00000
0.37635,0.37997,0.38260,0.38358,0.38062,0.30826,0.30629,0.30728,0.31024,0.30761,0.06882,0.07047,0.06784,0.07014,0.07277,-47.67708,-3547.00000
0.37536,0.38128,0.37405,0.37733,0.37766,0.31090,0.30432,0.30695,0.30498,0.30596,0.07244,0.07178,0.06718,0.06915,0.06915,-48.05425,-3546.00000
0.38457,0.38062,0.37536,0.37602,0.37470,0.30498,0.30530,0.30695,0.30794,0.30366,0.07047,0.06718,0.06751,0.07178,0.07244,-48.05425,-3545.00000
0.37240,0.38490,0.37898,0.37766,0.37898,0.30498,0.30695,0.30892,0.30267,0.30563,0.06915,0.07047,0.07014,0.07014,0.06948,-48.85095,-3544.00000
0.37668,0.37766,0.38029,0.37733,0.37536,0.30300,0.30432,0.30794,0.30958,0.30958,0.07244,0.06882,0.06784,0.06948,0.06915,-48.85095,-3543.00000
0.37108,0.37635,0.37602,0.37635,0.38391,0.30695,0.30958,0.30958,0.30465,0.30498,0.07047,0.06948,0.06586,0.07113,0.06817,-48.57153,-3542.00000
0.38654,0.37865,0.37273,0.38227,0.37536,0.30991,0.30859,0.30596,0.29971,0.30563,0.07080,0.06751,0.07211,0.07113,0.06915,-48.57153,-3541.00000
0.37766,0.37832,0.37405,0.38194,0.37339,0.31122,0.31155,0.30859,0.30695,0.30761,0.07376,0.07080,0.07047,0.07244,0.06817,-48.45849,-3540.00000
0.37832,0.37766,0.37240,0.38062,0.37503,0.30794,0.30761,0.31517,0.30892,0.30333,0.06948,0.07211,0.06850,0.07080,0.07310,-48.45849,-3539.00000
0.37240,0.37898,0.37799,0.37010,0.37964,0.31320,0.30958,0.31155,0.30761,0.31254,0.07080,0.07310,0.07442,0.07047,0.07211,-48.35058,-3538.00000
0.38128,0.37931,0.37668,0.37503,0.37503,0.30563,0.30958,0.31090,0.30465,0.30728,0.06685,0.06817,0.07080,0.06817,0.07080,-48.35058,-3537.00000
0.38490,0.38161,0.37569,0.37635,0.37405,0.30728,0.30465,0.30991,0.30695,0.30859,0.06586,0.07014,0.06882,0.07047,0.07178,-48.86947,-3536.00000
0.37635,0.37141,0.38062,0.37799,0.37766,0.30563,0.30925,0.31090,0.30662,0.31057,0.07244,0.07047,0.07146,0.07047,0.06718,-48.86947,-3535.00000
0.38589,0.37273,0.37964,0.37832,0.37766,0.30826,0.30465,0.30794,0.30563,0.30629,0.06619,0.06981,0.07014,0.07146,0.06948,-48.83941,-3534.00000
0.37240,0.37273,0.37799,0.37701,0.37207,0.30202,0.30563,0.30892,0.30991,0.30300,0.07080,0.07244,0.06850,0.07409,0.07113,-48.83941,-3533.00000
0.38161,0.38062,0.37470,0.37766,0.37536,0.31122,0.30662,0.30530,0.30596,0.30958,0.07146,0.06981,0.07047,0.07178,0.07146,-49.45739,-3532.00000
0.37832,0.37799,0.37733,0.36911,0.37931,0.30596,0.30826,0.30761,0.30761,0.30563,0.06751,0.07310,0.06882,0.07442,0.06619,-49.45739,-3531.00000
0.38161,0.37668,0.38029,0.37273,0.37964,0.30892,0.30761,0.30859,0.30070,0.30728,0.07244,0.07113,0.07277,0.07047,0.07146,-50.06795,-3530.00000
0.37174,0.38161,0.37503,0.37832,0.37635,0.30596,0.30859,0.30892,0.30563,0.30300,0.07014,0.06850,0.07014,0.06882,0.07244,-50.06795,-3529.00000
0.38293,0.37273,0.38260,0.37207,0.37635,0.30465,0.30761,0.30629,0.30662,0.30333,0.07113,0.06915,0.07442,0.07178,0.07014,-49.46424,-3528.00000
0.38095,0.37799,0.37701,0.37997,0.37569,0.30892,0.30333,0.30366,0.30432,0.30925,0.07146,0.07113,0.06850,0.06850,0.07047,-49.46424,-3527.00000
0.37964,0.37635,0.37701,0.37931,0.37964,0.30432,0.31221,0.30399,0.31024,0.30991,0.07146,0.06850,0.07244,0.07211,0.06850,-48.98202,-3526.00000
0.37832,0.37898,0.37306,0.38062,0.37832,0.30563,0.31320,0.30991,0.30859,0.30399,0.06619,0.06817,0.06915,0.06718,0.06751,-48.98202,-3525.00000
0.37174,0.37701,0.37602,0.37997,0.37569,0.31024,0.31090,0.30991,0.30366,0.31024,0.06817,0.06784,0.07014,0.06915,0.07080,-48.94537,-3524.00000
0.37668,0.38029,0.38161,0.38062,0.37503,0.30826,0.30728,0.30826,0.30662,0.30563,0.07047,0.06882,0.06981,0.06817,0.07080,-48.94537,-3523.00000
0.37964,0.37372,0.37141,0.37832,0.37766,0.30432,0.30761,0.30958,0.30958,0.30530,0.06586,0.07244,0.07211,0.07047,0.06817,-48.47009,-3522.00000
0.37964,0.37503,0.37766,0.37240,0.37569,0.30596,0.29971,0.30794,0.30859,0.30498,0.07014,0.06619,0.06915,0.06882,0.06915,-48.47009,-3521.00000
0.37898,0.37635,0.37503,0.37470,0.37832,0.30728,0.30432,0.30629,0.30859,0.30728,0.06981,0.06784,0.06817,0.06915,0.07178,-47.81632,-3520.00000
0.37733,0.38062,0.37372,0.37898,0.37405,0.30958,0.30761,0.30169,0.30695,0.30991,0.06882,0.06817,0.06685,0.06718,0.07244,-47.81632,-3519.00000
0.37701,0.37668,0.38194,0.37536,0.37898,0.30169,0.30333,0.30761,0.31122,0.31155,0.06521,0.07409,0.07047,0.07146,0.06981,-48.16336,-3518.00000
0.37898,0.37569,0.37569,0.37766,0.37931,0.30629,0.30826,0.30563,0.31024,0.30991,0.07146,0.06948,0.07113,0.06981,0.07014,-48.16336,-3517.00000
0.37602,0.37898,0.37766,0.37865,0.37668,0.30826,0.30991,0.30991,0.31057,0.30892,0.07047,0.06850,0.07146,0.06882,0.06850,-47.71600,-3516.00000
0.37635,0.38227,0.38095,0.37569,0.37668,0.30892,0.30563,0.30563,0.30465,0.30794,0.06784,0.07113,0.07244,0.06981,0.06981,-47.71600,-3515.00000
0.37273,0.37569,0.37931,0.37799,0.37306,0.30728,0.30399,0.30596,0.30859,0.30366,0.06915,0.07573,0.06882,0.06850,0.06981,-47.80025,-3514.00000
0.37240,0.37701,0.37733,0.37766,0.37964,0.30728,0.30465,0.31155,0.30563,0.30794,0.06948,0.07409,0.07047,0.07014,0.07080,-47.80025,-3513.00000
0.37339,0.38062,0.37405,0.37372,0.36944,0.30596,0.30563,0.30958,0.30662,0.30695,0.06948,0.06784,0.06981,0.07047,0.07014,-47.53741,-3512.00000
0.37832,0.37569,0.37108,0.37569,0.37799,0.30991,0.30629,0.30991,0.30563,0.30563,0.06751,0.06784,0.06948,0.07146,0.07113,-47.53741,-3511.00000
0.38029,0.37174,0.37240,0.37503,0.37536,0.30728,0.30826,0.30695,0.30761,0.30892,0.07343,0.06817,0.07146,0.07211,0.07113,-47.54610,-3510.00000
0.38194,0.38293,0.37437,0.38293,0.37536,0.30432,0.30498,0.30662,0.30794,0.31024,0.07113,0.07113,0.06882,0.07310,0.07178,-47.54610,-3509.00000
0.37799,0.37931,0.37668,0.37733,0.37865,0.30859,0.30629,0.31287,0.31188,0.30925,0.07277,0.06850,0.06850,0.07047,0.06915,-47.96205,-3508.00000
0.37733,0.37701,0.37141,0.37865,0.37832,0.30728,0.30892,0.30728,0.30629,0.30958,0.07277,0.07080,0.06915,0.06981,0.07343,-47.96205,-3507.00000
0.38029,0.37865,0.38161,0.36911,0.38095,0.30563,0.30695,0.30695,0.30958,0.30563,0.06948,0.07146,0.07014,0.07507,0.07178,-48.26050,-3506.00000
0.37536,0.38227,0.37503,0.37733,0.37668,0.30498,0.30991,0.30728,0.30728,0.30728,0.07047,0.06882,0.06981,0.07047,0.07080,-48.26050,-3505.00000
0.37240,0.37865,0.37668,0.37339,0.38128,0.30465,0.30991,0.30498,0.30662,0.30530,0.07080,0.07113,0.07178,0.06948,0.07146,-48.78500,-3504.00000
0.37898,0.37174,0.37931,0.37931,0.38128,0.30958,0.30925,0.30333,0.30465,0.30530,0.06751,0.07080,0.07146,0.06488,0.07014,-48.78500,-3503.00000
0.37668,0.37339,0.37470,0.37997,0.37766,0.30958,0.30859,0.30662,0.30662,0.30695,0.07113,0.06652,0.07178,0.07146,0.06718,-48.76845,-3502.00000
0.37898,0.37635,0.38227,0.37799,0.38029,0.30826,0.30366,0.30629,0.30662,0.30794,0.06948,0.07310,0.07244,0.07080,0.07146,-48.76845,-3501.00000
0.37799,0.38194,0.38062,0.37701,0.37898,0.31057,0.30498,0.31221,0.31188,0.30563,0.06981,0.07047,0.07113,0.07014,0.06882,-49.45403,-3500.00000
0.37898,0.37701,0.38194,0.37964,0.38293,0.30761,0.30892,0.30826,0.30826,0.30794,0.07047,0.06850,0.07014,0.07277,0.07080,-49.45403,-3499.00000
0.37799,0.37503,0.37536,0.37240,0.38490,0.30826,0.30892,0.31188,0.30728,0.31024,0.06948,0.07211,0.07146,0.07047,0.07343,-49.62788,-3498.00000
0.37733,0.37766,0.37306,0.38490,0.37240,0.31188,0.30892,0.30925,0.30958,0.31057,0.06586,0.06981,0.06685,0.07014,0.07507,-49.62788,-3497.00000
0.37701,0.37602,0.37832,0.37799,0.38161,0.30366,0.30366,0.30794,0.30563,0.30465,0.06751,0.06948,0.07310,0.07080,0.07080,-49.17087,-3496.00000
0.37569,0.38128,0.37635,0.37766,0.37405,0.30859,0.30498,0.30629,0.30794,0.30761,0.07047,0.07113,0.07146,0.06850,0.07047,-49.17087,-3495.00000
0.37898,0.37799,0.37306,0.37865,0.38490,0.31188,0.30958,0.30761,0.30596,0.30826,0.07178,0.07014,0.07014,0.07376,0.07409,-48.73761,-3494.00000
0.37832,0.38029,0.38029,0.37832,0.37536,0.30958,0.30958,0.30530,0.30892,0.30925,0.07178,0.06850,0.07310,0.06850,0.06718,-48.73761,-3493.00000
0.37668,0.37635,0.37372,0.37372,0.38325,0.30596,0.30695,0.30695,0.30794,0.30728,0.07047,0.07014,0.07014,0.07146,0.06915,-48.63269,-3492.00000
0.38062,0.37339,0.38424,0.37372,0.37372,0.30629,0.30826,0.30530,0.30958,0.30761,0.07080,0.07047,0.07178,0.07178,0.07211,-48.63269,-3491.00000
0.38161,0.38062,0.37470,0.36977,0.37668,0.31090,0.30465,0.30498,0.30728,0.30794,0.06586,0.06718,0.07343,0.07211,0.07376,-48.35116,-3490.00000
0.38128,0.37701,0.37569,0.37701,0.37964,0.31057,0.30826,0.30662,0.30563,0.30794,0.06948,0.06915,0.07080,0.07047,0.07178,-48.35116,-3489.00000
0.38194,0.37733,0.37141,0.38029,0.37569,0.30859,0.30629,0.30794,0.30432,0.31155,0.06850,0.07277,0.06981,0.07113,0.06718,-48.07720,-3488.00000
0.37733,0.37865,0.37898,0.38128,0.37141,0.30892,0.30728,0.30925,0.31188,0.30629,0.06784,0.06948,0.06882,0.06850,0.06488,-48.07720,-3487.00000
0.37701,0.37733,0.38260,0.38194,0.37832,0.30695,0.30958,0.30826,0.31024,0.30958,0.06948,0.06882,0.06718,0.06981,0.07146,-47.71553,-3486.00000
0.37832,0.37602,0.37898,0.37733,0.37701,0.30892,0.31024,0.30761,0.31122,0.30892,0.07277,0.07080,0.07014,0.07211,0.06784,-47.71553,-3485.00000
0.38029,0.38029,0.38556,0.37470,0.37635,0.31090,0.31122,0.30892,0.30728,0.30958,0.07047,0.06652,0.06652,0.07146,0.06751,-47.02031,-3484.00000
0.37635,0.37898,0.38161,0.37602,0.37470,0.31287,0.31122,0.31090,0.30465,0.30991,0.06784,0.06718,0.06850,0.06784,0.07146,-47.02031,-3483.00000
0.37701,0.37503,0.37635,0.37701,0.38325,0.30629,0.30728,0.30695,0.31057,0.30728,0.06817,0.07080,0.06850,0.07474,0.07014,-46.99304,-3482.00000
0.37733,0.38062,0.37536,0.37799,0.37701,0.30596,0.30695,0.30432,0.30563,0.30563,0.06488,0.07047,0.06981,0.07244,0.06948,-46.99304,-3481.00000
0.37668,0.37964,0.38161,0.37997,0.37865,0.30399,0.30958,0.31287,0.30596,0.30892,0.07047,0.07080,0.07244,0.06652,0.07178,-46.89021,-3480.00000
0.37076,0.37865,0.37832,0.37668,0.37799,0.30662,0.30892,0.30432,0.30859,0.30662,0.06619,0.07277,0.06817,0.06850,0.07047,-46.89021,-3479.00000
0.38424,0.37602,0.36878,0.38358,0.37536,0.30892,0.30794,0.30498,0.30826,0.30859,0.07211,0.07277,0.07211,0.06915,0.07080,-47.26926,-3478.00000
0.37733,0.37701,0.37108,0.37931,0.38621,0.30728,0.30991,0.30728,0.30761,0.30925,0.07178,0.07146,0.07047,0.07113,0.07014,-47.26926,-3477.00000
0.37108,0.38029,0.37733,0.37733,0.37701,0.31155,0.30629,0.30958,0.30399,0.31221,0.07409,0.07146,0.06981,0.07310,0.06850,-47.22573,-3476.00000
0.37997,0.37437,0.37964,0.37602,0.37635,0.30366,0.30399,0.30728,0.30794,0.30761,0.07080,0.06948,0.06850,0.06850,0.07244,-47.22573,-3475.00000
0.37043,0.38293,0.37602,0.37076,0.38227,0.31221,0.30596,0.30958,0.31090,0.30761,0.07211,0.06850,0.06915,0.06817,0.06981,-47.27483,-3474.00000
0.37503,0.37569,0.37898,0.38260,0.37766,0.30563,0.30794,0.30563,0.30563,0.30596,0.07047,0.07507,0.06948,0.07442,0.06882,-47.27483,-3473.00000
0.37898,0.37832,0.38029,0.37931,0.38358,0.30432,0.30695,0.30826,0.31057,0.30695,0.07080,0.06850,0.07244,0.06882,0.06784,-47.20503,-3472.00000
0.37569,0.37372,0.37766,0.37733,0.37668,0.30596,0.30498,0.30662,0.30991,0.30991,0.07211,0.06817,0.06718,0.06882,0.06948,-47.20503,-3471.00000
0.37602,0.37635,0.37569,0.37503,0.38062,0.30859,0.30465,0.31057,0.31254,0.30728,0.06948,0.06784,0.07014,0.06718,0.07113,-47.45961,-3470.00000
0.37306,0.37635,0.37701,0.37701,0.37372,0.30366,0.30695,0.30695,0.30596,0.30596,0.07244,0.06751,0.06948,0.07047,0.06685,-47.45961,-3469.00000
0.37635,0.37931,0.37733,0.38095,0.38260,0.30925,0.30859,0.30728,0.30563,0.31024,0.07113,0.07310,0.06882,0.06718,0.07080,-47.36402,-3468.00000
0.37931,0.37405,0.37997,0.37832,0.37668,0.30629,0.30794,0.30892,0.30399,0.30859,0.06981,0.07080,0.06751,0.07211,0.06751,-47.36402,-3467.00000
0.37898,0.37701,0.38029,0.37799,0.37602,0.30629,0.30761,0.30695,0.30563,0.31024,0.06652,0.06948,0.06751,0.07343,0.06915,-47.90088,-3466.00000
0.37108,0.38161,0.37339,0.37733,0.37733,0.30596,0.30728,0.31155,0.30596,0.31122,0.07113,0.06850,0.07014,0.07047,0.07080,-47.90088,-3465.00000
0.37799,0.37405,0.37372,0.37635,0.37701,0.31155,0.30662,0.31155,0.30826,0.30333,0.07014,0.06948,0.07080,0.06817,0.06784,-48.28972,-3464.00000
0.37898,0.37898,0.37832,0.36714,0.38325,0.30596,0.31155,0.30794,0.30695,0.30761,0.06850,0.07244,0.06554,0.06948,0.06882,-48.28972,-3463.00000
0.37832,0.37931,0.37372,0.37602,0.37174,0.30892,0.30498,0.30925,0.30728,0.30596,0.06981,0.06784,0.06948,0.06586,0.06948,-47.92068,-3462.00000
0.37503,0.37799,0.37273,0.37898,0.38029,0.30465,0.30563,0.30859,0.30234,0.30958,0.06915,0.06652,0.06784,0.07113,0.06784,-47.92068,-3461.00000
0.37635,0.37799,0.38194,0.37141,0.37832,0.30826,0.30991,0.30234,0.31122,0.30596,0.06915,0.07146,0.07310,0.07146,0.06817,-46.60533,-3460.00000
0.37635,0.38293,0.37668,0.37898,0.38161,0.31057,0.30892,0.30662,0.30498,0.30859,0.06981,0.06850,0.06850,0.07146,0.06652,-46.60533,-3459.00000
0.37405,0.37964,0.38194,0.37306,0.37668,0.30629,0.30498,0.30563,0.31320,0.31057,0.06652,0.06784,0.06882,0.06948,0.07080,-43.97061,-3458.00000
0.37701,0.37569,0.37602,0.38161,0.37405,0.30728,0.30695,0.30629,0.30432,0.31090,0.07211,0.06751,0.06652,0.06817,0.07310,-43.97061,-3457.00000
0.37964,0.37437,0.37733,0.37635,0.37273,0.30925,0.30366,0.30300,0.30761,0.30530,0.06882,0.06685,0.07540,0.06915,0.06948,-43.55690,-3456.00000
0.37766,0.37569,0.37306,0.37931,0.37668,0.30399,0.30399,0.31057,0.30892,0.30465,0.07244,0.06817,0.06850,0.06882,0.06882,-43.55690,-3455.00000
0.37635,0.37569,0.37043,0.37733,0.38095,0.30596,0.30530,0.30695,0.30925,0.30728,0.06850,0.07211,0.06619,0.06915,0.07146,-43.78566,-3454.00000
0.37766,0.37701,0.37931,0.38128,0.37635,0.31024,0.30826,0.30859,0.30695,0.30859,0.07244,0.06948,0.07244,0.07080,0.07047,-43.78566,-3453.00000
0.38161,0.37701,0.37372,0.37668,0.37569,0.30826,0.31024,0.30892,0.30794,0.30070,0.07146,0.06784,0.06784,0.07146,0.07146,-44.99773,-3452.00000
0.37569,0.37405,0.37733,0.37668,0.37470,0.30596,0.30596,0.30662,0.30859,0.30826,0.07113,0.06948,0.07178,0.06554,0.06915,-44.99773,-3451.00000
0.37701,0.38128,0.37536,0.37635,0.37733,0.30958,0.30563,0.30794,0.31122,0.30728,0.07113,0.06718,0.06981,0.07113,0.06850,-45.99784,-3450.00000
0.37701,0.37832,0.37964,0.37437,0.37832,0.31155,0.30761,0.31024,0.30892,0.30892,0.06948,0.06915,0.06915,0.06784,0.07146,-45.99784,-3449.00000
0.37865,0.37733,0.38260,0.37405,0.37931,0.30234,0.30629,0.30958,0.30991,0.30925,0.06817,0.07113,0.06685,0.07080,0.06948,-46.05097,-3448.00000
0.37997,0.37141,0.37174,0.37273,0.37602,0.30629,0.30958,0.30202,0.30432,0.30859,0.07409,0.07080,0.07014,0.06850,0.07014,-46.05097,-3447.00000
0.37865,0.38161,0.37273,0.37602,0.37668,0.30333,0.30826,0.30465,0.31188,0.30991,0.07014,0.06586,0.07113,0.06685,0.07047,-46.27682,-3446.00000
0.37898,0.37733,0.37635,0.37832,0.37569,0.30596,0.30892,0.30432,0.30728,0.30498,0.06619,0.06850,0.07014,0.06850,0.07080,-46.27682,-3445.00000
0.37832,0.37898,0.38358,0.38095,0.37602,0.31024,0.30530,0.30498,0.30498,0.31188,0.06981,0.06619,0.06718,0.06455,0.06915,-46.39971,-3444.00000
0.37437,0.37503,0.37470,0.38260,0.37733,0.31024,0.30366,0.30925,0.30300,0.30366,0.06948,0.07507,0.06882,0.06751,0.06882,-46.39971,-3443.00000
0.38260,0.37339,0.37668,0.38227,0.37766,0.31024,0.30629,0.30596,0.30662,0.30859,0.06554,0.06488,0.06948,0.06882,0.07014,-46.55000,-3442.00000
0.37733,0.37635,0.38029,0.37339,0.38260,0.31057,0.30695,0.30892,0.30530,0.30202,0.07113,0.07178,0.06981,0.06586,0.07080,-46.55000,-3441.00000
0.37733,0.37733,0.37635,0.37569,0.37503,0.30826,0.31221,0.30826,0.30761,0.30629,0.06948,0.07080,0.06948,0.07409,0.06981,-47.17266,-3440.00000
0.37668,0.37174,0.37503,0.37799,0.37832,0.30794,0.30629,0.31024,0.30794,0.31122,0.06850,0.07047,0.06751,0.06685,0.07343,-47.17266,-3439.00000
0.38161,0.37931,0.37437,0.37701,0.37766,0.30991,0.30596,0.30662,0.30695,0.30498,0.07080,0.07310,0.06981,0.06718,0.06882,-47.54707,-3438.00000
0.37832,0.37701,0.37602,0.38260,0.37503,0.30695,0.31024,0.30991,0.30530,0.30596,0.07113,0.06652,0.06817,0.07047,0.06948,-47.54707,-3437.00000
0.37273,0.37964,0.37701,0.37964,0.37668,0.30498,0.30859,0.30892,0.31057,0.30728,0.06784,0.07014,0.06718,0.07211,0.07310,-47.91875,-3436.00000
0.37602,0.37240,0.37733,0.37536,0.38062,0.30629,0.31024,0.31122,0.30991,0.30794,0.06915,0.07080,0.07244,0.06751,0.07047,-47.91875,-3435.00000
0.37964,0.37339,0.37437,0.37799,0.37964,0.30662,0.30563,0.30498,0.30958,0.31024,0.07113,0.06915,0.06948,0.06948,0.07047,-48.30488,-3434.00000
0.37832,0.37865,0.37766,0.37174,0.37832,0.30794,0.30333,0.30892,0.30629,0.30070,0.07178,0.06718,0.06751,0.07047,0.06915,-48.30488,-3433.00000
0.37668,0.38128,0.37240,0.37701,0.37536,0.31090,0.30596,0.30432,0.30892,0.30563,0.07146,0.06948,0.06948,0.07047,0.07047,-48.50371,-3432.00000
0.38687,0.37470,0.37733,0.37701,0.37635,0.30925,0.30728,0.31090,0.30300,0.30333,0.07244,0.07211,0.07014,0.07113,0.07113,-48.50371,-3431.00000
0.38095,0.37668,0.37372,0.37569,0.37865,0.30859,0.30728,0.30465,0.30366,0.30530,0.06817,0.06685,0.06915,0.07146,0.06784,-48.26191,-3430.00000
0.38095,0.37240,0.37602,0.38128,0.37602,0.30925,0.30958,0.30530,0.30826,0.30300,0.06948,0.06817,0.06718,0.06882,0.07178,-48.26191,-3429.00000
0.37733,0.37405,0.37405,0.38062,0.36878,0.30432,0.30202,0.30892,0.30596,0.30728,0.06981,0.06948,0.06981,0.07178,0.06356,-48.44089,-3428.00000
0.37733,0.37799,0.37766,0.37240,0.37503,0.30432,0.30662,0.30859,0.30169,0.30629,0.06915,0.06915,0.07178,0.06981,0.07080,-48.44089,-3427.00000
0.37799,0.37997,0.37865,0.37898,0.37306,0.30925,0.30465,0.30563,0.30498,0.30728,0.07113,0.06948,0.06882,0.07047,0.06981,-48.65135,-3426.00000
0.37174,0.37832,0.37306,0.37766,0.37635,0.30234,0.30826,0.30925,0.30563,0.30826,0.06850,0.06981,0.07244,0.07014,0.07047,-48.65135,-3425.00000
0.37733,0.37503,0.37898,0.37635,0.38095,0.30794,0.30596,0.30892,0.30794,0.30530,0.06948,0.07178,0.06882,0.07442,0.06718,-48.61587,-3424.00000
0.37832,0.37503,0.37635,0.37503,0.37997,0.30465,0.30925,0.30695,0.30892,0.30366,0.07178,0.07113,0.06586,0.07310,0.07178,-48.61587,-3423.00000
0.37240,0.37108,0.37832,0.37306,0.37536,0.31188,0.30695,0.30629,0.30563,0.30695,0.06751,0.06784,0.06290,0.07277,0.06784,-48.93076,-3422.00000
0.37997,0.37832,0.37108,0.37832,0.37240,0.30794,0.30991,0.30794,0.31024,0.30826,0.07080,0.06915,0.06882,0.07244,0.07146,-48.93076,-3421.00000
0.37602,0.37997,0.37997,0.38062,0.36714,0.30465,0.30728,0.30925,0.30859,0.31122,0.07211,0.06817,0.06751,0.06882,0.06850,-49.15046,-3420.00000
0.37635,0.37273,0.37470,0.37405,0.37832,0.30859,0.30267,0.30333,0.30563,0.30629,0.06981,0.07211,0.06948,0.07080,0.07310,-49.15046,-3419.00000
0.37865,0.37733,0.37207,0.37733,0.37240,0.30892,0.30695,0.30892,0.30629,0.30629,0.06784,0.06817,0.06718,0.07047,0.06850,-48.93559,-3418.00000
0.37536,0.37273,0.37602,0.37668,0.37536,0.30596,0.30695,0.30563,0.30892,0.30991,0.06850,0.06915,0.06718,0.07146,0.06521,-48.93559,-3417.00000
0.37339,0.37931,0.37602,0.37701,0.37668,0.30662,0.30333,0.31287,0.30300,0.30925,0.06850,0.07409,0.06685,0.06981,0.07047,-48.78909,-3416.00000
0.37569,0.37372,0.37733,0.37931,0.37372,0.30728,0.30826,0.30761,0.30399,0.30234,0.06850,0.06850,0.06718,0.07113,0.07178,-48.78909,-3415.00000
0.37964,0.37372,0.37536,0.38227,0.37865,0.31122,0.30234,0.30267,0.30596,0.30596,0.06882,0.06915,0.07146,0.06915,0.06554,-47.91506,-3414.00000
0.37898,0.37931,0.37865,0.37273,0.38358,0.31221,0.30728,0.30859,0.30794,0.30432,0.07113,0.06619,0.06751,0.06948,0.06882,-47.91506,-3413.00000
0.37405,0.38194,0.37668,0.37174,0.37997,0.31057,0.30629,0.30530,0.30629,0.30925,0.06981,0.07113,0.06619,0.07146,0.07211,-48.31219,-3412.00000
0.37898,0.36944,0.37832,0.37437,0.38029,0.30794,0.30794,0.30826,0.30498,0.30794,0.06981,0.07014,0.07244,0.06784,0.06817,-48.31219,-3411.00000
0.37997,0.37602,0.37865,0.37602,0.37503,0.30498,0.30563,0.30728,0.30563,0.30399,0.06784,0.07244,0.06915,0.07014,0.06389,-47.97961,-3410.00000
0.37010,0.37898,0.37766,0.38490,0.37602,0.30958,0.30991,0.30761,0.30070,0.30695,0.07014,0.06817,0.07146,0.06882,0.07376,-47.97961,-3409.00000
0.37503,0.37536,0.38260,0.37141,0.37207,0.30629,0.30728,0.30432,0.30596,0.30300,0.06784,0.07113,0.06948,0.06948,0.06817,-47.71720,-3408.00000
0.37733,0.37207,0.37766,0.37931,0.37569,0.30530,0.30925,0.30958,0.30530,0.30563,0.06915,0.07343,0.06948,0.06981,0.06817,-47.71720,-3407.00000
0.37799,0.38095,0.37668,0.37635,0.38194,0.30563,0.30892,0.31057,0.30958,0.30761,0.07376,0.06718,0.06981,0.06981,0.07178,-47.72781,-3406.00000
0.37832,0.37503,0.37240,0.37470,0.37569,0.30596,0.31188,0.30958,0.30761,0.30925,0.06882,0.07244,0.06751,0.07047,0.07113,-47.72781,-3405.00000
0.38227,0.37043,0.38260,0.37043,0.37437,0.30530,0.30498,0.30991,0.30629,0.30859,0.06948,0.07178,0.06652,0.06619,0.06948,-47.52817,-3404.00000
0.37470,0.38556,0.36582,0.37997,0.37569,0.30892,0.30530,0.30794,0.30794,0.30662,0.06784,0.06948,0.06882,0.07113,0.06850,-47.52817,-3403.00000
0.37832,0.37569,0.38128,0.37964,0.37635,0.30202,0.30629,0.30892,0.30629,0.31122,0.06850,0.06817,0.06948,0.07080,0.06948,-47.87035,-3402.00000
0.37964,0.37470,0.37799,0.37536,0.37668,0.30761,0.30596,0.30892,0.30695,0.30563,0.07146,0.06784,0.06981,0.06784,0.07442,-47.87035,-3401.00000
0.37701,0.38161,0.37536,0.37569,0.37503,0.31188,0.30859,0.30498,0.30991,0.31057,0.06751,0.06882,0.07277,0.06915,0.06685,-47.64110,-3400.00000
0.37865,0.37832,0.38095,0.37569,0.37503,0.30794,0.30826,0.30300,0.30728,0.30695,0.06850,0.07146,0.07672,0.07014,0.06685,-47.64110,-3399.00000
0.37240,0.37997,0.37306,0.37701,0.37240,0.30826,0.31057,0.30629,0.30498,0.30728,0.07146,0.06981,0.06751,0.06915,0.06915,-47.67382,-3398.00000
0.36977,0.38029,0.37339,0.37701,0.37733,0.30629,0.30728,0.30728,0.30629,0.30596,0.06915,0.07014,0.07146,0.06751,0.06981,-47.67382,-3397.00000
0.37766,0.38062,0.37536,0.37701,0.37470,0.30629,0.30629,0.31188,0.30859,0.30300,0.06850,0.07080,0.07113,0.07277,0.06882,-48.05696,-3396.00000
0.37470,0.38391,0.37733,0.37865,0.37405,0.30629,0.30728,0.30596,0.30596,0.30465,0.06981,0.06685,0.07113,0.07113,0.07178,-48.05696,-3395.00000
0.37043,0.37766,0.38194,0.37766,0.37668,0.30366,0.30662,0.30826,0.30432,0.31090,0.06586,0.07244,0.07014,0.07080,0.06882,-48.12521,-3394.00000
0.37668,0.37602,0.37240,0.38227,0.37668,0.30530,0.31122,0.30826,0.30794,0.30530,0.06751,0.07211,0.06817,0.06685,0.06751,-48.12521,-3393.00000
0.37865,0.38095,0.37635,0.37602,0.37405,0.30761,0.30728,0.30859,0.30629,0.30794,0.07211,0.06586,0.06915,0.06882,0.07014,-48.37742,-3392.00000
0.37799,0.38358,0.37602,0.37832,0.37339,0.30892,0.30695,0.30629,0.30958,0.30399,0.07014,0.07014,0.06981,0.06981,0.06784,-48.37742,-3391.00000
0.37997,0.37865,0.37503,0.37931,0.36911,0.30892,0.30991,0.30958,0.31024,0.30826,0.06784,0.07146,0.06850,0.07146,0.07014,-48.71971,-3390.00000
0.37635,0.37799,0.37174,0.37635,0.37964,0.30563,0.30826,0.30761,0.30563,0.30629,0.07047,0.07310,0.06981,0.07047,0.06948,-48.71971,-3389.00000
0.37733,0.36812,0.37701,0.37701,0.37931,0.30103,0.30925,0.30794,0.31122,0.30794,0.06619,0.06981,0.06586,0.07080,0.07014,-48.97069,-3388.00000
0.37339,0.37536,0.37865,0.37766,0.37635,0.30892,0.31188,0.30563,0.30794,0.30728,0.06521,0.07146,0.07014,0.06850,0.06817,-48.97069,-3387.00000
0.37766,0.37668,0.37602,0.38260,0.37405,0.30662,0.30958,0.30728,0.30563,0.30498,0.06521,0.06882,0.06554,0.06981,0.07047,-48.23469,-3386.00000
0.37536,0.37766,0.37108,0.37701,0.37701,0.30695,0.30728,0.30761,0.30859,0.30794,0.06586,0.06948,0.06850,0.06751,0.06915,-48.23469,-3385.00000
0.37766,0.37733,0.37832,0.36812,0.37931,0.30826,0.30958,0.30892,0.30300,0.31090,0.06882,0.07277,0.06981,0.06685,0.06850,-47.51779,-3384.00000
0.37931,0.37733,0.37931,0.36944,0.37997,0.30794,0.30991,0.30925,0.30366,0.30498,0.06915,0.07014,0.06981,0.06751,0.06882,-47.51779,-3383.00000
0.37931,0.38260,0.37668,0.37569,0.37405,0.30498,0.30695,0.30596,0.30958,0.31188,0.06981,0.07146,0.07080,0.06882,0.07080,-46.65574,-3382.00000
0.37174,0.38227,0.38194,0.37964,0.37964,0.30892,0.30629,0.30859,0.30662,0.30662,0.06455,0.06915,0.07146,0.07014,0.07442,-46.65574,-3381.00000
0.37273,0.38029,0.37437,0.37997,0.37339,0.31057,0.30103,0.30465,0.30695,0.31451,0.06784,0.07014,0.07442,0.06882,0.06751,-43.91144,-3380.00000
0.37865,0.37405,0.37865,0.37964,0.37668,0.30432,0.30530,0.30596,0.30892,0.30794,0.06915,0.06751,0.07146,0.07146,0.07014,-43.91144,-3379.00000
0.37799,0.37470,0.37865,0.38260,0.37174,0.30596,0.30465,0.30629,0.30826,0.31024,0.06882,0.07014,0.06981,0.07014,0.06751,-42.89409,-3378.00000
0.37964,0.38062,0.37503,0.37898,0.37898,0.30728,0.30728,0.31122,0.30761,0.30991,0.06882,0.06850,0.07178,0.06948,0.06784,-42.89409,-3377.00000
0.37602,0.37931,0.37503,0.37635,0.37997,0.30925,0.30925,0.30794,0.30761,0.30596,0.06784,0.06915,0.07047,0.06718,0.07080,-42.48115,-3376.00000
0.37964,0.37832,0.37898,0.37602,0.37997,0.30728,0.30596,0.30859,0.30958,0.30267,0.07080,0.06882,0.06751,0.06882,0.06784,-42.48115,-3375.00000
0.37668,0.37733,0.37470,0.37668,0.37766,0.30563,0.30662,0.30563,0.30794,0.30991,0.07178,0.07211,0.06915,0.07343,0.07113,-43.76510,-3374.00000
0.37339,0.38391,0.37832,0.37339,0.37635,0.30563,0.31024,0.30991,0.30794,0.30925,0.06915,0.06915,0.06915,0.07146,0.06685,-43.76510,-3373.00000
0.37865,0.37635,0.37569,0.38029,0.38095,0.30695,0.31122,0.30366,0.30695,0.30629,0.06685,0.06718,0.06784,0.06784,0.07244,-44.86684,-3372.00000
0.37733,0.37470,0.38062,0.38095,0.37470,0.30761,0.30925,0.30892,0.30695,0.30761,0.07343,0.06554,0.06981,0.06586,0.07080,-44.86684,-3371.00000
0.37405,0.37569,0.37372,0.37536,0.38194,0.31122,0.30366,0.30498,0.30629,0.30958,0.06981,0.06981,0.06685,0.06882,0.06948,-45.84222,-3370.00000
0.38358,0.37569,0.38161,0.37207,0.37701,0.30826,0.30300,0.31188,0.31122,0.30991,0.07113,0.06619,0.06817,0.07047,0.07047,-45.84222,-3369.00000
0.37701,0.37010,0.37832,0.37898,0.37832,0.30695,0.30530,0.30629,0.30991,0.30498,0.07178,0.07113,0.06817,0.06948,0.06751,-46.60152,-3368.00000
0.38128,0.37108,0.38556,0.37076,0.37766,0.30925,0.30695,0.31155,0.30925,0.30826,0.06915,0.07047,0.06685,0.06685,0.06685,-46.60152,-3367.00000
0.37701,0.37668,0.37569,0.37076,0.37733,0.30629,0.30695,0.30859,0.30662,0.30728,0.06850,0.07146,0.06882,0.06751,0.06817,-46.93031,-3366.00000
0.37602,0.37701,0.37635,0.37766,0.37602,0.30728,0.30958,0.31057,0.30728,0.30826,0.07178,0.06882,0.06915,0.07080,0.06981,-46.93031,-3365.00000
0.37569,0.37964,0.37799,0.37536,0.37799,0.30465,0.30333,0.31122,0.30761,0.30695,0.06586,0.06685,0.06948,0.06981,0.06784,-47.15276,-3364.00000
0.38029,0.37931,0.37602,0.38161,0.38062,0.31616,0.30728,0.30826,0.30596,0.30530,0.07178,0.06882,0.06981,0.07211,0.07080,-47.15276,-3363.00000
0.37799,0.37372,0.37832,0.38358,0.37668,0.30728,0.30563,0.30826,0.30465,0.30432,0.06817,0.07211,0.06685,0.06784,0.06817,-47.49800,-3362.00000
0.38062,0.37569,0.37964,0.37207,0.37832,0.31353,0.30629,0.30761,0.30498,0.30826,0.07014,0.06554,0.07113,0.06850,0.06981,-47.49800,-3361.00000
0.37437,0.37799,0.38029,0.37635,0.37470,0.30958,0.31155,0.31320,0.30366,0.30563,0.07244,0.07014,0.07244,0.07178,0.07113,-47.64840,-3360.00000
0.37832,0.37372,0.38062,0.37733,0.38293,0.30563,0.30366,0.30794,0.30695,0.30925,0.06784,0.07047,0.06817,0.07244,0.06882,-47.64840,-3359.00000
0.37372,0.38029,0.38490,0.37569,0.37470,0.30563,0.30728,0.31418,0.30958,0.30399,0.06915,0.06751,0.06817,0.07244,0.06784,-47.44269,-3358.00000
0.37372,0.37766,0.37536,0.37865,0.37799,0.30629,0.30826,0.30794,0.30859,0.31320,0.06948,0.07113,0.07343,0.06817,0.07310,-47.44269,-3357.00000
0.37997,0.37997,0.36911,0.37931,0.37602,0.31090,0.31057,0.30662,0.30629,0.30530,0.07080,0.06554,0.06817,0.06586,0.07080,-47.97774,-3356.00000
0.37701,0.37503,0.38095,0.36812,0.37569,0.30826,0.30991,0.30596,0.30662,0.30596,0.07211,0.06422,0.06751,0.06488,0.06850,-47.97774,-3355.00000
0.38095,0.37635,0.37503,0.37766,0.37602,0.30991,0.30958,0.30794,0.31090,0.31484,0.06915,0.06981,0.06850,0.06981,0.06685,-48.38165,-3354.00000
0.37701,0.37339,0.37799,0.38128,0.37733,0.30761,0.30629,0.30826,0.30530,0.31320,0.06882,0.06488,0.06915,0.07014,0.06718,-48.38165,-3353.00000
0.37766,0.38161,0.37405,0.37536,0.37372,0.30432,0.30300,0.30925,0.30399,0.30826,0.06882,0.07080,0.07014,0.06981,0.07211,-48.67858,-3352.00000
0.37733,0.38260,0.37931,0.37372,0.37931,0.30794,0.30826,0.30794,0.30465,0.30761,0.07014,0.07014,0.07080,0.07146,0.06652,-48.67858,-3351.00000
0.37207,0.37733,0.37503,0.38029,0.38490,0.30596,0.30695,0.31057,0.30958,0.30366,0.07277,0.06882,0.07014,0.06915,0.06652,-48.88143,-3350.00000
0.37766,0.37668,0.37339,0.37931,0.37733,0.30826,0.30333,0.30596,0.31122,0.30596,0.06882,0.06751,0.06882,0.07014,0.06981,-48.88143,-3349.00000
0.38358,0.37372,0.37931,0.38095,0.37964,0.30826,0.30432,0.31122,0.30794,0.30761,0.07014,0.06652,0.07146,0.06817,0.07047,-48.77740,-3348.00000
0.38029,0.37898,0.37931,0.37997,0.37503,0.30859,0.30925,0.31090,0.30629,0.30366,0.06981,0.07146,0.06685,0.06981,0.07047,-48.77740,-3347.00000
0.37437,0.37569,0.37010,0.38358,0.37668,0.30958,0.30794,0.30596,0.30695,0.30695,0.06882,0.06981,0.06718,0.06817,0.06981,-49.09216,-3346.00000
0.37733,0.37569,0.37997,0.37733,0.38227,0.30366,0.30728,0.30563,0.30695,0.30596,0.07244,0.07080,0.06948,0.06981,0.06882,-49.09216,-3345.00000
0.38424,0.37470,0.37997,0.37372,0.37832,0.30761,0.30826,0.30859,0.30465,0.30826,0.06850,0.06422,0.07080,0.06915,0.06981,-48.83325,-3344.00000
0.38260,0.37733,0.37733,0.38227,0.37832,0.30728,0.30892,0.30991,0.30662,0.30826,0.06817,0.06817,0.07014,0.06981,0.07113,-48.83325,-3343.00000
0.37799,0.37701,0.37635,0.37701,0.37766,0.30991,0.30695,0.30202,0.30991,0.30892,0.07014,0.06882,0.07277,0.07376,0.07146,-48.27978,-3342.00000
0.37076,0.37733,0.37799,0.37668,0.37799,0.30925,0.31188,0.30662,0.30465,0.30794,0.07113,0.06850,0.06915,0.06850,0.06619,-48.27978,-3341.00000
0.37405,0.37766,0.37372,0.37339,0.37799,0.30794,0.31155,0.30530,0.30465,0.30629,0.06981,0.06784,0.06718,0.06915,0.07310,-48.28027,-3340.00000
0.38391,0.37602,0.37865,0.37799,0.37372,0.30859,0.30925,0.30859,0.30991,0.30662,0.07146,0.06619,0.06817,0.07047,0.06882,-48.28027,-3339.00000
0.37405,0.38029,0.37799,0.37602,0.37799,0.30103,0.30333,0.30761,0.30794,0.30761,0.06554,0.06948,0.07146,0.06718,0.07178,-48.14713,-3338.00000
0.38227,0.37503,0.37898,0.37536,0.38062,0.30596,0.30695,0.30728,0.30794,0.31024,0.07244,0.07014,0.06882,0.06619,0.06850,-48.14713,-3337.00000
0.38227,0.37372,0.37832,0.38293,0.38095,0.30399,0.30892,0.30596,0.30629,0.30958,0.06751,0.07080,0.07047,0.06981,0.07080,-48.21788,-3336.00000
0.38424,0.37273,0.37701,0.37931,0.37668,0.31057,0.30925,0.30629,0.30826,0.30596,0.07211,0.06981,0.07178,0.06948,0.06356,-48.21788,-3335.00000
0.37799,0.37865,0.37799,0.38293,0.37569,0.30267,0.30794,0.30761,0.31090,0.30563,0.07113,0.07014,0.07277,0.06751,0.06784,-47.92976,-3334.00000
0.37602,0.37766,0.37832,0.38029,0.37635,0.30728,0.31090,0.30596,0.30892,0.30794,0.06948,0.07014,0.07047,0.06948,0.06948,-47.92976,-3333.00000
0.37437,0.37964,0.37240,0.37931,0.37898,0.31451,0.30728,0.30300,0.30761,0.30925,0.06784,0.07146,0.06718,0.07146,0.07047,-48.25851,-3332.00000
0.37569,0.37865,0.37174,0.37799,0.37997,0.30465,0.30892,0.30925,0.30202,0.30662,0.06915,0.06619,0.07113,0.07014,0.06652,-48.25851,-3331.00000
0.37339,0.38621,0.37405,0.37832,0.37964,0.30794,0.30991,0.30629,0.30925,0.30892,0.07146,0.06948,0.06850,0.06685,0.06554,-48.33608,-3330.00000
0.38358,0.37602,0.37635,0.37569,0.37602,0.31155,0.31155,0.30629,0.30596,0.30037,0.06784,0.07113,0.07080,0.06751,0.06850,-48.33608,-3329.00000
0.37865,0.37569,0.37437,0.37898,0.37733,0.30794,0.30794,0.30991,0.30498,0.30563,0.06915,0.06718,0.06751,0.06784,0.06882,-48.22177,-3328.00000
0.37470,0.37635,0.37043,0.37997,0.37898,0.30728,0.30629,0.30892,0.30498,0.30826,0.07277,0.06784,0.06915,0.06751,0.06652,-48.22177,-3327.00000
0.38194,0.37010,0.38490,0.37240,0.37405,0.30892,0.30596,0.31386,0.30695,0.30728,0.06981,0.07113,0.07080,0.06586,0.06817,-48.59153,-3326.00000
0.37273,0.37898,0.37536,0.37799,0.37602,0.30728,0.30629,0.31122,0.30629,0.30432,0.07080,0.06784,0.06850,0.06718,0.07113,-48.59153,-3325.00000
0.37372,0.37931,0.37273,0.37339,0.37733,0.30629,0.30629,0.30333,0.30596,0.31221,0.06882,0.07014,0.06850,0.06488,0.06586,-48.58576,-3324.00000
0.37437,0.38194,0.38128,0.37931,0.37964,0.30728,0.30794,0.30826,0.30629,0.30728,0.06784,0.06882,0.07047,0.07014,0.06948,-48.58576,-3323.00000
0.37701,0.37865,0.37997,0.37602,0.37602,0.30859,0.31484,0.30991,0.30563,0.30596,0.07014,0.07277,0.06685,0.06882,0.06817,-48.60958,-3322.00000
0.38062,0.37766,0.37832,0.37997,0.37536,0.30695,0.30794,0.30563,0.30234,0.30300,0.06718,0.06586,0.06455,0.06981,0.07343,-48.60958,-3321.00000
0.38260,0.37240,0.37536,0.37898,0.37174,0.30695,0.30794,0.30958,0.30465,0.30563,0.06948,0.06718,0.07047,0.06586,0.06521,-48.84356,-3320.00000
0.38293,0.37306,0.38128,0.37306,0.37931,0.30399,0.30563,0.30530,0.30728,0.30991,0.06850,0.07146,0.06817,0.06915,0.07146,-48.84356,-3319.00000
0.37240,0.37470,0.37372,0.38128,0.37207,0.30300,0.30794,0.30596,0.30465,0.30794,0.06718,0.06817,0.07178,0.06850,0.07211,-48.99955,-3318.00000
0.38062,0.38325,0.36944,0.38062,0.37766,0.30563,0.30629,0.30761,0.30761,0.31155,0.06948,0.06784,0.06356,0.06586,0.06784,-48.99955,-3317.00000
0.38029,0.38095,0.38325,0.37668,0.37733,0.30399,0.30958,0.30596,0.30794,0.30267,0.07146,0.06751,0.06652,0.07047,0.06784,-48.94892,-3316.00000
0.37470,0.37799,0.38293,0.37964,0.37898,0.30563,0.31254,0.31122,0.31155,0.30432,0.06718,0.06586,0.06915,0.06685,0.07146,-48.94892,-3315.00000
0.37898,0.38128,0.37470,0.37701,0.37865,0.30892,0.30991,0.31155,0.30366,0.30465,0.06389,0.06882,0.06619,0.06948,0.07047,-48.68567,-3314.00000
0.37503,0.37701,0.38128,0.37799,0.37701,0.30465,0.30826,0.31155,0.30859,0.30925,0.07047,0.07211,0.07080,0.06850,0.07113,-48.68567,-3313.00000
0.37832,0.37832,0.37635,0.37766,0.37832,0.30530,0.30662,0.30498,0.30826,0.30892,0.07080,0.06915,0.06850,0.07014,0.06718,-48.44182,-3312.00000
0.38293,0.37503,0.37799,0.37536,0.38260,0.30925,0.30925,0.31155,0.31090,0.30794,0.07178,0.06882,0.06718,0.06718,0.06817,-48.44182,-3311.00000
0.37240,0.37569,0.37898,0.37733,0.37668,0.30530,0.30465,0.31254,0.31155,0.30728,0.06915,0.06784,0.07211,0.06981,0.06488,-48.82449,-3310.00000
0.37174,0.37437,0.37799,0.37372,0.37701,0.30991,0.30859,0.30695,0.30596,0.30662,0.07047,0.06784,0.06718,0.06981,0.06981,-48.82449,-3309.00000
0.37733,0.37569,0.37273,0.38523,0.37602,0.30662,0.30892,0.30695,0.30662,0.30958,0.07080,0.06817,0.06850,0.06652,0.06784,-48.29999,-3308.00000
0.37931,0.37141,0.37733,0.37997,0.38621,0.30695,0.30728,0.30925,0.30530,0.30728,0.06586,0.06685,0.06882,0.06652,0.07113,-48.29999,-3307.00000
0.38260,0.37503,0.38062,0.37799,0.38556,0.30958,0.30728,0.30991,0.30892,0.31024,0.06915,0.07277,0.07146,0.06915,0.06554,-48.29211,-3306.00000
0.37898,0.37766,0.37865,0.37766,0.37174,0.30958,0.30826,0.30859,0.30761,0.30366,0.07277,0.06554,0.06784,0.07211,0.06619,-48.29211,-3305.00000
0.37339,0.37339,0.38654,0.37668,0.37964,0.30761,0.30859,0.30563,0.30892,0.30761,0.06455,0.06850,0.06817,0.07113,0.06817,-48.06063,-3304.00000
0.37174,0.38029,0.38227,0.37437,0.37668,0.31057,0.30794,0.31122,0.30761,0.30728,0.06751,0.06981,0.07047,0.07113,0.07014,-48.06063,-3303.00000
0.37799,0.38161,0.37569,0.37569,0.37766,0.30859,0.30728,0.30728,0.30432,0.31122,0.07080,0.06882,0.06948,0.07146,0.06685,-47.48313,-3302.00000
0.37536,0.37997,0.37470,0.38589,0.37405,0.30695,0.31057,0.30530,0.30794,0.30465,0.06981,0.06817,0.07080,0.06718,0.06652,-47.48313,-3301.00000
0.38095,0.37701,0.38753,0.37043,0.37832,0.31320,0.30662,0.30728,0.30399,0.30794,0.07113,0.06882,0.06915,0.06882,0.07080,-47.74103,-3300.00000
0.37997,0.37273,0.37733,0.37733,0.37964,0.31024,0.31254,0.31353,0.31320,0.30695,0.06718,0.07178,0.07113,0.06784,0.06948,-47.74103,-3299.00000
0.37799,0.37207,0.38457,0.38095,0.37372,0.30530,0.31418,0.30958,0.30530,0.31122,0.07310,0.06981,0.06882,0.06981,0.07113,-47.31238,-3298.00000
0.37931,0.37569,0.38391,0.37437,0.38029,0.30761,0.30761,0.30563,0.30629,0.30465,0.07178,0.07014,0.07211,0.06751,0.06981,-47.31238,-3297.00000
0.37635,0.37799,0.37372,0.37898,0.37865,0.31122,0.30728,0.30498,0.30794,0.30695,0.06948,0.07146,0.06981,0.07211,0.06685,-46.97778,-3296.00000
0.37997,0.38325,0.37701,0.37799,0.37306,0.30366,0.30991,0.30596,0.30563,0.30662,0.06817,0.06817,0.06817,0.07113,0.07080,-46.97778,-3295.00000
0.37964,0.38128,0.37372,0.37701,0.37306,0.30596,0.30695,0.30629,0.30728,0.30530,0.06554,0.06817,0.06850,0.06882,0.06981,-46.75472,-3294.00000
0.37964,0.37766,0.37865,0.37635,0.37766,0.31122,0.30234,0.30530,0.30728,0.30794,0.06981,0.06981,0.06915,0.06948,0.06685,-46.75472,-3293.00000
0.38260,0.38062,0.37602,0.37405,0.37898,0.30892,0.30695,0.30498,0.30267,0.31090,0.07113,0.07014,0.06586,0.06981,0.07146,-46.74599,-3292.00000
0.37766,0.37240,0.37536,0.37701,0.37964,0.30333,0.30958,0.30925,0.30794,0.31122,0.07080,0.07146,0.06455,0.06751,0.06718,-46.74599,-3291.00000
0.37602,0.37602,0.37898,0.37931,0.38095,0.30794,0.30629,0.30629,0.30629,0.30925,0.06882,0.06915,0.06784,0.06784,0.06784,-47.19426,-3290.00000
0.37668,0.37766,0.38621,0.37470,0.38227,0.30958,0.30629,0.30991,0.30925,0.30530,0.07113,0.07178,0.06455,0.06850,0.07047,-47.19426,-3289.00000
0.37372,0.37898,0.37865,0.38095,0.38029,0.30629,0.30761,0.30991,0.30859,0.30695,0.06685,0.07080,0.06882,0.07244,0.06685,-47.97489,-3288.00000
0.38161,0.37503,0.37240,0.37668,0.38029,0.30629,0.31090,0.30761,0.31155,0.30267,0.06882,0.06488,0.07178,0.06882,0.07113,-47.97489,-3287.00000
0.37470,0.37898,0.37470,0.37470,0.37865,0.31254,0.30465,0.30498,0.31057,0.30530,0.06948,0.06652,0.06652,0.07014,0.06652,-48.41555,-3286.00000
0.37207,0.37898,0.37733,0.37865,0.38062,0.30629,0.30596,0.30498,0.30826,0.30761,0.06784,0.06784,0.07014,0.06718,0.06554,-48.41555,-3285.00000
0.37437,0.38621,0.37207,0.37865,0.37141,0.30530,0.30596,0.30695,0.30826,0.30695,0.06619,0.06751,0.07178,0.07080,0.06652,-48.72072,-3284.00000
0.37339,0.37569,0.37108,0.37898,0.37799,0.30859,0.30333,0.31090,0.30925,0.30399,0.06850,0.06619,0.06948,0.06817,0.06915,-48.72072,-3283.00000
0.37701,0.37668,0.37799,0.37503,0.37733,0.30859,0.30958,0.30859,0.30629,0.30202,0.06488,0.06882,0.06817,0.07244,0.06488,-48.88998,-3282.00000
0.37141,0.37668,0.37174,0.37898,0.37832,0.30366,0.31057,0.30563,0.30695,0.30794,0.07080,0.06652,0.07244,0.06981,0.06685,-48.88998,-3281.00000
0.37668,0.37602,0.37701,0.37503,0.37602,0.30563,0.30695,0.30465,0.30826,0.30530,0.06948,0.06850,0.06619,0.06948,0.06718,-48.99957,-3280.00000
0.38260,0.38260,0.37273,0.38128,0.37339,0.30629,0.31320,0.30169,0.30859,0.30596,0.07113,0.06685,0.06915,0.07014,0.07244,-48.99957,-3279.00000
0.37240,0.37865,0.37569,0.38885,0.37437,0.30761,0.30761,0.30958,0.30892,0.30498,0.06817,0.06981,0.06784,0.06718,0.07310,-48.94405,-3278.00000
0.37668,0.37766,0.37997,0.37470,0.37898,0.31057,0.31221,0.30695,0.31221,0.30892,0.06455,0.06652,0.06586,0.06817,0.06784,-48.94405,-3277.00000
0.38062,0.37569,0.38391,0.37602,0.37668,0.30432,0.30925,0.30530,0.30794,0.30859,0.07014,0.06915,0.07146,0.06915,0.06685,-48.85170,-3276.00000
0.38194,0.37799,0.38260,0.37997,0.37668,0.30465,0.30498,0.30892,0.30728,0.30794,0.06718,0.06850,0.07178,0.07047,0.06850,-48.85170,-3275.00000
0.37766,0.37799,0.37437,0.38095,0.37865,0.30202,0.30925,0.30958,0.30892,0.30596,0.06685,0.07080,0.07014,0.07080,0.06586,-48.43857,-3274.00000
0.38589,0.38062,0.37437,0.37339,0.37701,0.31221,0.30366,0.30399,0.30728,0.30761,0.07047,0.07113,0.07442,0.07080,0.07146,-48.43857,-3273.00000
0.37569,0.37635,0.38029,0.37668,0.37898,0.30761,0.30530,0.30925,0.30826,0.30859,0.06981,0.06850,0.06619,0.06882,0.06915,-48.00690,-3272.00000
0.37108,0.37997,0.37405,0.37701,0.37898,0.30695,0.30925,0.30761,0.30794,0.30498,0.06882,0.06652,0.06981,0.07047,0.06652,-48.00690,-3271.00000
0.37701,0.37832,0.38095,0.37536,0.37240,0.30695,0.30498,0.30761,0.30465,0.30925,0.06882,0.07080,0.06652,0.06915,0.06882,-48.18787,-3270.00000
0.38128,0.37668,0.37503,0.37701,0.37701,0.30366,0.30004,0.30794,0.30826,0.30563,0.07047,0.06619,0.06948,0.06422,0.06981,-48.18787,-3269.00000
0.37602,0.37733,0.37733,0.37372,0.38194,0.30826,0.30958,0.30629,0.30728,0.30761,0.06718,0.06323,0.06554,0.07080,0.06981,-47.94556,-3268.00000
0.37602,0.37470,0.37733,0.37207,0.37964,0.30366,0.30267,0.30432,0.30958,0.30530,0.06817,0.06915,0.06948,0.07047,0.07211,-47.94556,-3267.00000
0.37668,0.37898,0.37733,0.37405,0.37569,0.30234,0.30498,0.30761,0.30728,0.30892,0.06915,0.06981,0.06948,0.07277,0.06751,-47.32340,-3266.00000
0.38161,0.37997,0.37108,0.37766,0.37273,0.30530,0.30761,0.30662,0.30629,0.30695,0.06817,0.06685,0.07080,0.06981,0.06619,-47.32340,-3265.00000
0.37733,0.37668,0.37865,0.37865,0.37569,0.30563,0.31090,0.30399,0.31024,0.30991,0.06948,0.06948,0.07211,0.06948,0.06915,-47.63292,-3264.00000
0.38128,0.37339,0.37503,0.38095,0.37306,0.30761,0.30761,0.30991,0.30826,0.30530,0.06948,0.06948,0.06981,0.06784,0.07178,-47.63292,-3263.00000
0.38128,0.37733,0.38358,0.37569,0.37536,0.30267,0.30629,0.30498,0.30958,0.30925,0.07146,0.06718,0.07146,0.07080,0.07014,-47.47305,-3262.00000
0.37602,0.38194,0.37635,0.37536,0.37832,0.30892,0.30399,0.30695,0.30958,0.30629,0.06948,0.06751,0.06948,0.06850,0.06817,-47.47305,-3261.00000
0.37964,0.37405,0.38029,0.37569,0.37339,0.30925,0.30728,0.30498,0.30695,0.30826,0.07047,0.06850,0.07178,0.07178,0.06718,-47.31439,-3260.00000
0.37635,0.37701,0.37536,0.37602,0.37766,0.30267,0.30563,0.30728,0.30991,0.30991,0.06751,0.06850,0.06850,0.07244,0.07047,-47.31439,-3259.00000
0.37799,0.37372,0.37832,0.37536,0.36812,0.30958,0.31024,0.30629,0.31221,0.30794,0.06619,0.07080,0.06422,0.06817,0.06784,-47.43323,-3258.00000
0.37964,0.37931,0.37997,0.37503,0.37865,0.30563,0.30234,0.30498,0.30596,0.30826,0.06619,0.06455,0.07014,0.06915,0.06981,-47.43323,-3257.00000
0.37569,0.37437,0.37766,0.37865,0.38095,0.30892,0.30596,0.30563,0.30958,0.30728,0.06948,0.06882,0.06652,0.06948,0.06784,-47.75822,-3256.00000
0.37635,0.37635,0.37832,0.37865,0.37898,0.30892,0.30728,0.30826,0.30826,0.30530,0.06948,0.07047,0.06652,0.06619,0.07277,-47.75822,-3255.00000
0.37437,0.37076,0.38095,0.37635,0.37339,0.30761,0.30991,0.30728,0.30826,0.30563,0.06915,0.07080,0.06948,0.06817,0.06718,-47.93907,-3254.00000
0.37832,0.37174,0.38029,0.37898,0.37405,0.30794,0.30695,0.30728,0.30432,0.30629,0.06685,0.06882,0.06751,0.07113,0.07014,-47.93907,-3253.00000
0.37569,0.37602,0.36812,0.37701,0.37470,0.30695,0.30991,0.30662,0.31024,0.30563,0.07080,0.06751,0.07047,0.06817,0.07178,-48.12963,-3252.00000
0.37766,0.37043,0.37536,0.37931,0.37503,0.30366,0.30629,0.30826,0.30596,0.31122,0.06685,0.06751,0.06685,0.06882,0.07211,-48.12963,-3251.00000
0.37339,0.37964,0.37405,0.37339,0.37437,0.30333,0.30991,0.30596,0.30859,0.31057,0.06751,0.06915,0.06817,0.07113,0.07014,-48.66845,-3250.00000
0.37635,0.37865,0.37536,0.37997,0.37470,0.30958,0.30859,0.30892,0.30629,0.30465,0.07113,0.06586,0.06882,0.07146,0.07014,-48.66845,-3249.00000
0.38424,0.37503,0.37964,0.38194,0.37865,0.30432,0.31057,0.30563,0.30465,0.30563,0.06751,0.06586,0.06784,0.06817,0.06948,-48.79329,-3248.00000
0.37733,0.37668,0.38161,0.37602,0.37405,0.30399,0.30530,0.30958,0.30563,0.30925,0.06948,0.06882,0.06554,0.06455,0.06981,-48.79329,-3247.00000
0.37701,0.37372,0.37931,0.37832,0.37997,0.30794,0.30300,0.30728,0.30892,0.30892,0.06554,0.06455,0.06521,0.07047,0.06915,-49.38596,-3246.00000
0.37536,0.37273,0.37766,0.38194,0.37701,0.30859,0.30695,0.30761,0.30728,0.30925,0.06619,0.07277,0.07146,0.06389,0.06554,-49.38596,-3245.00000
0.37503,0.37668,0.37536,0.38293,0.37635,0.30465,0.30892,0.30530,0.31024,0.30432,0.06685,0.06784,0.06981,0.06652,0.06981,-48.94773,-3244.00000
0.37536,0.37898,0.37701,0.37865,0.38325,0.30530,0.30465,0.30958,0.30695,0.30695,0.07146,0.07014,0.06915,0.06850,0.06850,-48.94773,-3243.00000
0.38391,0.37701,0.37470,0.37701,0.38161,0.30662,0.30202,0.31484,0.30958,0.30761,0.06817,0.07014,0.06652,0.07113,0.06850,-49.13247,-3242.00000
0.37437,0.37536,0.38128,0.37733,0.37733,0.30892,0.30991,0.30761,0.30826,0.31550,0.06718,0.06981,0.07277,0.06915,0.06784,-49.13247,-3241.00000
0.37766,0.38062,0.37799,0.37536,0.37668,0.30958,0.30563,0.30695,0.30761,0.30399,0.07014,0.06586,0.06521,0.07343,0.06981,-48.98057,-3240.00000
0.37931,0.38029,0.37832,0.37766,0.37733,0.30794,0.30563,0.30662,0.30629,0.30892,0.06751,0.06882,0.06948,0.06817,0.06981,-48.98057,-3239.00000
0.37635,0.37470,0.37832,0.37602,0.37766,0.30761,0.31057,0.31090,0.30498,0.30892,0.07014,0.06915,0.06948,0.06915,0.06784,-48.98184,-3238.00000
0.37766,0.37701,0.38128,0.37141,0.37569,0.30991,0.30794,0.30530,0.30958,0.30465,0.06751,0.06882,0.07080,0.06882,0.07146,-48.98184,-3237.00000
0.37733,0.37569,0.37964,0.38358,0.37865,0.30794,0.30958,0.30794,0.30366,0.30728,0.06817,0.06817,0.07014,0.06948,0.06915,-48.66205,-3236.00000
0.37569,0.37569,0.38194,0.37174,0.37898,0.30826,0.31287,0.31090,0.30991,0.30498,0.06685,0.07211,0.06850,0.06882,0.06850,-48.66205,-3235.00000
0.38062,0.37207,0.37898,0.37141,0.37536,0.30728,0.30563,0.30728,0.30925,0.30596,0.06619,0.06521,0.06948,0.06817,0.06882,-48.49768,-3234.00000
0.37668,0.37701,0.37832,0.37964,0.37766,0.30695,0.30826,0.30596,0.31188,0.30859,0.07080,0.06981,0.07014,0.06751,0.06718,-48.49768,-3233.00000
0.37701,0.37141,0.38062,0.37405,0.38062,0.30432,0.30728,0.30925,0.30366,0.30958,0.07178,0.06915,0.06685,0.06915,0.06784,-48.70548,-3232.00000
0.37668,0.38194,0.37766,0.37405,0.38194,0.30530,0.30728,0.30629,0.31155,0.30432,0.07047,0.06882,0.07080,0.06882,0.06981,-48.70548,-3231.00000
0.38128,0.37668,0.37997,0.37240,0.37799,0.31057,0.30498,0.30991,0.30794,0.30563,0.07080,0.06915,0.06981,0.06685,0.07113,-48.41759,-3230.00000
0.37207,0.37733,0.37832,0.38095,0.37536,0.31122,0.30629,0.30563,0.30826,0.30826,0.06784,0.07211,0.07540,0.07277,0.06850,-48.41759,-3229.00000
0.37569,0.37668,0.38161,0.37865,0.37569,0.30892,0.30596,0.30629,0.31090,0.29906,0.06915,0.06850,0.06751,0.06751,0.07178,-48.27449,-3228.00000
0.37437,0.37832,0.37964,0.38029,0.37602,0.30300,0.30761,0.30859,0.30596,0.30794,0.06751,0.06652,0.06718,0.06882,0.06915,-48.27449,-3227.00000
0.37931,0.38029,0.37997,0.37799,0.38161,0.30794,0.30826,0.30826,0.30794,0.30596,0.06850,0.07343,0.06718,0.06751,0.07178,-48.16281,-3226.00000
0.38424,0.37437,0.37635,0.37701,0.37602,0.30728,0.30432,0.30432,0.30695,0.31155,0.06915,0.06784,0.07244,0.07146,0.06488,-48.16281,-3225.00000
0.37668,0.37372,0.37405,0.37865,0.37010,0.30728,0.30826,0.30399,0.30234,0.30761,0.06850,0.06751,0.06948,0.07211,0.06586,-47.94024,-3224.00000
0.37766,0.38293,0.37470,0.37898,0.37273,0.30991,0.30498,0.30498,0.30629,0.30958,0.06850,0.07474,0.07080,0.06882,0.06817,-47.94024,-3223.00000
0.37733,0.37437,0.37141,0.37997,0.37306,0.30530,0.30629,0.30728,0.30465,0.30399,0.06718,0.06521,0.07047,0.06882,0.07047,-48.32084,-3222.00000
0.37339,0.37437,0.38523,0.37108,0.38062,0.30925,0.30366,0.30925,0.30629,0.30432,0.06488,0.07080,0.06882,0.06784,0.06850,-48.32084,-3221.00000
0.36615,0.37898,0.37964,0.37437,0.38062,0.30629,0.30695,0.30991,0.30267,0.30366,0.06652,0.06850,0.07178,0.07080,0.07080,-48.65758,-3220.00000
0.37865,0.37405,0.37240,0.37635,0.37536,0.30629,0.30859,0.31024,0.30596,0.30859,0.06751,0.06422,0.06882,0.06981,0.06718,-48.65758,-3219.00000
0.37306,0.37766,0.37832,0.37339,0.37668,0.30826,0.30794,0.30794,0.30596,0.30761,0.06850,0.06817,0.06751,0.07146,0.06948,-48.86742,-3218.00000
0.38227,0.37141,0.38029,0.37832,0.37470,0.30794,0.31122,0.30991,0.30728,0.30530,0.06817,0.07113,0.06882,0.06718,0.06850,-48.86742,-3217.00000
0.37865,0.36944,0.38227,0.37832,0.37207,0.31418,0.30761,0.30728,0.30267,0.30728,0.06981,0.06882,0.07014,0.06948,0.07113,-48.90641,-3216.00000
0.37372,0.37602,0.38194,0.38260,0.37470,0.30958,0.30728,0.31353,0.30498,0.30432,0.07211,0.06554,0.06652,0.06685,0.07113,-48.90641,-3215.00000
0.37536,0.38161,0.37635,0.37569,0.37602,0.30629,0.30925,0.30761,0.30859,0.30596,0.07178,0.07277,0.07014,0.06751,0.06948,-49.12934,-3214.00000
0.37240,0.37602,0.37470,0.37273,0.37964,0.30596,0.30465,0.31090,0.31090,0.30859,0.06586,0.06586,0.07277,0.06751,0.06718,-49.12934,-3213.00000
0.37602,0.37273,0.37799,0.37766,0.38062,0.30695,0.30596,0.30826,0.30925,0.30728,0.06488,0.06882,0.06817,0.06751,0.07014,-49.18193,-3212.00000
0.37306,0.37799,0.37964,0.38194,0.37207,0.30761,0.31320,0.30728,0.31024,0.30892,0.07113,0.06948,0.06619,0.06981,0.06915,-49.18193,-3211.00000
0.37043,0.37602,0.37043,0.37931,0.37503,0.30695,0.30728,0.30859,0.30826,0.30958,0.06882,0.06915,0.06389,0.06850,0.06619,-49.19583,-3210.00000
0.37766,0.37405,0.37701,0.37832,0.37997,0.30169,0.30333,0.30563,0.31155,0.30596,0.06948,0.06948,0.06652,0.06586,0.06521,-49.19583,-3209.00000
0.37635,0.38293,0.37437,0.37437,0.37273,0.30859,0.30530,0.30530,0.30761,0.30530,0.06882,0.06915,0.07277,0.06882,0.06817,-49.11232,-3208.00000
0.37766,0.37931,0.37372,0.38457,0.37766,0.30498,0.30958,0.30432,0.30925,0.30958,0.07014,0.06554,0.06751,0.06817,0.06751,-49.11232,-3207.00000
0.38589,0.38128,0.37898,0.37766,0.37865,0.30761,0.31188,0.30432,0.30202,0.30892,0.06521,0.06521,0.06619,0.06981,0.06685,-48.69533,-3206.00000
0.37799,0.37865,0.38194,0.37832,0.37141,0.30761,0.30333,0.30563,0.30300,0.30465,0.07080,0.06652,0.06751,0.06685,0.06915,-48.69533,-3205.00000
0.37964,0.37701,0.37405,0.38095,0.37635,0.30728,0.31090,0.30695,0.30530,0.30859,0.06784,0.06619,0.06784,0.07211,0.06619,-48.30339,-3204.00000
0.37635,0.37733,0.37076,0.37635,0.37503,0.30399,0.30234,0.30991,0.30498,0.30892,0.06915,0.06817,0.07014,0.06882,0.06586,-48.30339,-3203.00000
0.37635,0.37240,0.37668,0.37470,0.37240,0.30366,0.30103,0.30761,0.30695,0.30432,0.06784,0.06817,0.06652,0.06455,0.06751,-47.60754,-3202.00000
0.38128,0.37766,0.37766,0.37997,0.37668,0.30596,0.30267,0.30695,0.30794,0.30432,0.06652,0.06850,0.06882,0.06915,0.07047,-47.60754,-3201.00000
0.37602,0.37536,0.37997,0.37964,0.37405,0.30662,0.31122,0.30859,0.30300,0.30662,0.06981,0.06882,0.06784,0.06784,0.06751,-47.35359,-3200.00000
0.37043,0.37635,0.37701,0.37273,0.38128,0.30662,0.30596,0.30761,0.30366,0.30826,0.06619,0.06882,0.06817,0.06981,0.06718,-47.35359,-3199.00000
0.37372,0.37997,0.37108,0.37372,0.37306,0.30761,0.31024,0.30728,0.30498,0.31254,0.06652,0.06554,0.06850,0.06619,0.06784,-47.94601,-3198.00000
0.37437,0.37207,0.37799,0.37405,0.37964,0.30695,0.30432,0.30859,0.30629,0.30695,0.07178,0.06685,0.06488,0.06882,0.06915,-47.94601,-3197.00000
0.38293,0.36878,0.37931,0.37964,0.37470,0.30728,0.30925,0.31320,0.30794,0.30629,0.06488,0.06751,0.06422,0.06817,0.06751,-48.70880,-3196.00000
0.37733,0.37766,0.37602,0.37240,0.37470,0.30366,0.30169,0.30498,0.30761,0.30662,0.06981,0.07277,0.06817,0.06751,0.06521,-48.70880,-3195.00000
0.37733,0.37372,0.38095,0.37372,0.37964,0.30432,0.30826,0.30695,0.30662,0.30530,0.06521,0.06948,0.06915,0.06521,0.06882,-48.48979,-3194.00000
0.37701,0.37701,0.37569,0.38095,0.37470,0.30498,0.30794,0.30728,0.30794,0.30366,0.06784,0.06718,0.06751,0.07014,0.06915,-48.48979,-3193.00000
0.37766,0.37931,0.37733,0.37602,0.37766,0.30761,0.31024,0.30563,0.30925,0.30662,0.06389,0.06751,0.07014,0.06850,0.06784,-48.22333,-3192.00000
0.37635,0.37405,0.37635,0.37503,0.37043,0.30728,0.30728,0.30234,0.30333,0.30103,0.06948,0.06718,0.06323,0.06455,0.06751,-48.22333,-3191.00000
0.37964,0.37240,0.37668,0.37701,0.37372,0.30695,0.30399,0.30728,0.29873,0.30530,0.07211,0.06981,0.06751,0.06751,0.06915,-48.01152,-3190.00000
0.37997,0.37701,0.37898,0.37701,0.37865,0.30728,0.30234,0.30728,0.30004,0.30399,0.06981,0.06784,0.06586,0.07113,0.07047,-48.01152,-3189.00000
0.37569,0.37931,0.37536,0.37602,0.37602,0.30333,0.30695,0.30958,0.30530,0.30892,0.06685,0.06652,0.07178,0.06915,0.06554,-48.39765,-3188.00000
0.37635,0.37733,0.37964,0.37306,0.37569,0.30662,0.30892,0.30234,0.30596,0.30991,0.07244,0.06882,0.06652,0.06652,0.06882,-48.39765,-3187.00000
0.37273,0.37273,0.37602,0.37076,0.37931,0.30629,0.30794,0.30859,0.31550,0.30498,0.06981,0.06586,0.06652,0.07047,0.06817,-48.91224,-3186.00000
0.37108,0.38358,0.38029,0.37602,0.37306,0.30892,0.30794,0.30662,0.30794,0.31057,0.06882,0.07113,0.06850,0.06685,0.06586,-48.91224,-3185.00000
0.38424,0.37832,0.37898,0.37799,0.37865,0.30892,0.30958,0.30432,0.30958,0.30991,0.06915,0.07277,0.06488,0.07244,0.06981,-49.38225,-3184.00000
0.37470,0.38062,0.37010,0.37799,0.37602,0.30267,0.30530,0.30366,0.30530,0.30761,0.07014,0.06718,0.06652,0.06751,0.06850,-49.38225,-3183.00000
0.37865,0.38029,0.38128,0.38325,0.37635,0.30925,0.30761,0.30037,0.30826,0.30958,0.07014,0.06882,0.06652,0.06685,0.07080,-49.33100,-3182.00000
0.37635,0.36878,0.37602,0.37405,0.37733,0.30925,0.30695,0.31090,0.30629,0.31057,0.07047,0.06751,0.07080,0.06586,0.06521,-49.33100,-3181.00000
0.37503,0.37536,0.37832,0.37964,0.37668,0.30991,0.31155,0.30629,0.30333,0.30761,0.06751,0.06685,0.06948,0.06619,0.06619,-49.23336,-3180.00000
0.37569,0.37832,0.37273,0.37536,0.38490,0.31024,0.30662,0.30432,0.30465,0.30596,0.07146,0.06619,0.07080,0.06850,0.06521,-49.23336,-3179.00000
0.37602,0.37997,0.38029,0.37043,0.37931,0.30596,0.30432,0.30629,0.30794,0.30596,0.06882,0.06718,0.06850,0.06915,0.06751,-49.02179,-3178.00000
0.38029,0.37536,0.37701,0.37141,0.37964,0.30761,0.30662,0.30465,0.30399,0.30629,0.06948,0.06882,0.06915,0.06948,0.06422,-49.02179,-3177.00000
0.37865,0.38260,0.37405,0.37668,0.37733,0.30925,0.30563,0.30432,0.30432,0.30530,0.06981,0.06882,0.06685,0.07014,0.06850,-48.80912,-3176.00000
0.37470,0.36845,0.37536,0.37306,0.37701,0.30432,0.30859,0.30761,0.30169,0.30629,0.06882,0.06521,0.06652,0.06751,0.06652,-48.80912,-3175.00000
0.37470,0.38260,0.37832,0.38227,0.37536,0.30695,0.30859,0.30794,0.30563,0.30925,0.06685,0.07343,0.06882,0.07146,0.07146,-48.91311,-3174.00000
0.37766,0.37108,0.38227,0.37635,0.37668,0.30728,0.30991,0.30596,0.30432,0.30530,0.06948,0.06290,0.06586,0.06817,0.07211,-48.91311,-3173.00000
0.37898,0.37832,0.37240,0.37536,0.37832,0.30596,0.30859,0.31122,0.30432,0.30728,0.06784,0.06685,0.06948,0.06850,0.06586,-49.04754,-3172.00000
0.37898,0.37240,0.37997,0.37273,0.37174,0.30925,0.30662,0.30530,0.30728,0.30826,0.07244,0.06915,0.06817,0.06850,0.07474,-49.04754,-3171.00000
0.37766,0.38325,0.37372,0.37470,0.37898,0.30169,0.30300,0.30234,0.30695,0.31024,0.06718,0.07146,0.06784,0.06948,0.06586,-48.69934,-3170.00000
0.37865,0.37503,0.37898,0.37141,0.37799,0.30662,0.30958,0.30728,0.30596,0.31057,0.06948,0.06751,0.06554,0.07113,0.06554,-48.69934,-3169.00000
0.38062,0.37536,0.37569,0.37635,0.37470,0.30826,0.30366,0.30728,0.30958,0.30530,0.06784,0.06685,0.06586,0.06817,0.06915,-48.42326,-3168.00000
0.37372,0.37602,0.37569,0.37569,0.37668,0.30530,0.30695,0.30695,0.31024,0.30695,0.06389,0.06554,0.06817,0.06323,0.06981,-48.42326,-3167.00000
0.37799,0.37503,0.38391,0.37339,0.37405,0.30662,0.31024,0.30826,0.30925,0.30761,0.06948,0.07014,0.06981,0.06850,0.06718,-47.83718,-3166.00000
0.37339,0.38391,0.37766,0.37470,0.37470,0.30498,0.30958,0.30432,0.30465,0.30826,0.06652,0.06784,0.06718,0.06850,0.06685,-47.83718,-3165.00000
0.38457,0.37240,0.38457,0.37964,0.37701,0.30530,0.30530,0.30234,0.29938,0.30794,0.06521,0.06948,0.07047,0.06718,0.06652,-47.40090,-3164.00000
0.37733,0.38095,0.37668,0.37799,0.37536,0.30991,0.30530,0.30859,0.30530,0.30399,0.06323,0.06751,0.06850,0.06619,0.06850,-47.40090,-3163.00000
0.37898,0.37733,0.37569,0.38227,0.37503,0.30794,0.30892,0.31188,0.31122,0.30070,0.06784,0.07014,0.06981,0.06915,0.06554,-47.32814,-3162.00000
0.37701,0.37602,0.37339,0.37733,0.37701,0.30563,0.30202,0.31122,0.30498,0.30761,0.07113,0.06882,0.06882,0.06586,0.06784,-47.32814,-3161.00000
0.37405,0.37668,0.37602,0.37898,0.37141,0.30432,0.30826,0.31090,0.30596,0.30530,0.07014,0.06882,0.06619,0.07047,0.06718,-47.19499,-3160.00000
0.37635,0.37799,0.37766,0.37602,0.37635,0.31221,0.30826,0.30892,0.31287,0.30892,0.06948,0.06422,0.06619,0.06850,0.06817,-47.19499,-3159.00000
0.37306,0.37701,0.37635,0.37240,0.37701,0.30629,0.30432,0.30333,0.30498,0.30761,0.06718,0.06389,0.06948,0.06948,0.07244,-47.43664,-3158.00000
0.37964,0.37635,0.37766,0.38424,0.37339,0.30465,0.30629,0.30695,0.30991,0.30859,0.07113,0.07047,0.06290,0.06718,0.06882,-47.43664,-3157.00000
0.37503,0.37306,0.37668,0.38062,0.37536,0.30728,0.30070,0.30794,0.30629,0.30695,0.06915,0.07080,0.07211,0.06817,0.07014,-46.99226,-3156.00000
0.38227,0.37405,0.37635,0.37931,0.37569,0.30925,0.30695,0.30563,0.30794,0.30925,0.06652,0.06981,0.06685,0.07113,0.06850,-46.99226,-3155.00000
0.37470,0.38029,0.37931,0.37733,0.37503,0.30695,0.30300,0.30662,0.30498,0.31090,0.06882,0.06685,0.06915,0.06882,0.06521,-47.26242,-3154.00000
0.38227,0.38227,0.37733,0.37964,0.37339,0.30234,0.30761,0.30859,0.30596,0.31024,0.06915,0.07014,0.06554,0.06915,0.06521,-47.26242,-3153.00000
0.38095,0.37701,0.37931,0.37865,0.37865,0.30728,0.30530,0.30136,0.30794,0.31254,0.07178,0.06850,0.06488,0.07014,0.06751,-47.82176,-3152.00000
0.37832,0.37372,0.38062,0.37405,0.37635,0.30596,0.30629,0.31155,0.30761,0.30794,0.07211,0.07080,0.06784,0.07014,0.06784,-47.82176,-3151.00000
0.37865,0.37964,0.37405,0.37799,0.37701,0.31484,0.30267,0.30925,0.31122,0.30267,0.06751,0.06915,0.06685,0.06948,0.06915,-47.95539,-3150.00000
0.37799,0.37865,0.38128,0.38194,0.38194,0.30892,0.31090,0.30991,0.30826,0.30596,0.06915,0.06850,0.07047,0.06652,0.06554,-47.95539,-3149.00000
0.37602,0.37437,0.38128,0.37635,0.37569,0.30728,0.30366,0.30596,0.30563,0.30826,0.06389,0.07047,0.06981,0.06948,0.06948,-48.44487,-3148.00000
0.38128,0.37701,0.37635,0.37964,0.37733,0.30761,0.30596,0.30596,0.31386,0.30596,0.06718,0.06784,0.07080,0.06882,0.07047,-48.44487,-3147.00000
0.38358,0.37701,0.37701,0.37503,0.38029,0.31057,0.30826,0.30728,0.30925,0.30892,0.06784,0.06882,0.06817,0.07178,0.06718,-48.37405,-3146.00000
0.37799,0.37898,0.38029,0.37766,0.37536,0.30563,0.30925,0.30761,0.30826,0.30695,0.06751,0.06817,0.06652,0.06915,0.06290,-48.37405,-3145.00000
0.37503,0.38062,0.37799,0.38358,0.37635,0.31057,0.31057,0.30728,0.30596,0.30695,0.06751,0.07277,0.06784,0.06554,0.06718,-49.23505,-3144.00000
0.37602,0.38260,0.37470,0.37569,0.37898,0.30728,0.30695,0.30859,0.30662,0.30892,0.07277,0.06356,0.06784,0.07080,0.07211,-49.23505,-3143.00000
0.37733,0.37602,0.38095,0.38161,0.38128,0.30629,0.30629,0.30794,0.30991,0.30563,0.06784,0.06554,0.06850,0.06817,0.06586,-49.73905,-3142.00000
0.37273,0.38391,0.37668,0.37898,0.37536,0.30530,0.30761,0.30958,0.30991,0.30761,0.06817,0.07047,0.06652,0.06981,0.07146,-49.73905,-3141.00000
0.37799,0.37470,0.37503,0.38095,0.38128,0.30662,0.30399,0.30662,0.30991,0.30498,0.06784,0.06948,0.07211,0.06882,0.07080,-49.82766,-3140.00000
0.37273,0.38029,0.37635,0.37503,0.37635,0.30892,0.30629,0.30892,0.30629,0.30399,0.07014,0.06685,0.06915,0.06850,0.07080,-49.82766,-3139.00000
0.37964,0.37536,0.37635,0.37503,0.38062,0.30596,0.30629,0.30300,0.30925,0.30629,0.06981,0.07080,0.06948,0.06784,0.06718,-49.89162,-3138.00000
0.37799,0.37964,0.37964,0.37964,0.38227,0.30958,0.30596,0.31122,0.30761,0.30563,0.06751,0.06915,0.06554,0.06915,0.07014,-49.89162,-3137.00000
0.37372,0.37602,0.37635,0.37635,0.37569,0.30761,0.30958,0.30892,0.30498,0.30530,0.06850,0.06915,0.06915,0.07014,0.06619,-49.45249,-3136.00000
0.37372,0.38128,0.38556,0.37503,0.37898,0.31320,0.30826,0.31221,0.30958,0.30794,0.06850,0.06817,0.06882,0.06981,0.06981,-49.45249,-3135.00000
0.38194,0.38227,0.37273,0.37635,0.37569,0.31024,0.30728,0.30728,0.30662,0.31024,0.06784,0.06882,0.06850,0.06718,0.06981,-49.38597,-3134.00000
0.37470,0.37405,0.37503,0.38293,0.37799,0.30761,0.30958,0.30925,0.30004,0.30662,0.06784,0.06784,0.06586,0.06784,0.06586,-49.38597,-3133.00000
0.37536,0.38095,0.37668,0.37405,0.37536,0.30596,0.30892,0.30563,0.31024,0.30596,0.06817,0.06554,0.06850,0.06948,0.06685,-48.67105,-3132.00000
0.37701,0.38161,0.37964,0.37668,0.37898,0.30432,0.30695,0.30498,0.30892,0.30465,0.07047,0.06817,0.06586,0.06488,0.06619,-48.67105,-3131.00000
0.37865,0.37766,0.38128,0.37997,0.37569,0.30794,0.30859,0.30958,0.30530,0.30169,0.07146,0.06554,0.06981,0.06850,0.07146,-48.31976,-3130.00000
0.37865,0.37602,0.37306,0.37668,0.36878,0.31090,0.30695,0.31090,0.31254,0.30761,0.06915,0.06685,0.06718,0.07047,0.07047,-48.31976,-3129.00000
0.37635,0.37635,0.37273,0.37799,0.37701,0.30695,0.30695,0.30662,0.30498,0.30695,0.06751,0.07146,0.06850,0.06554,0.06948,-48.50386,-3128.00000
0.37372,0.37635,0.37701,0.37766,0.37141,0.30432,0.30991,0.30761,0.30695,0.30761,0.07211,0.06882,0.06751,0.06652,0.06882,-48.50386,-3127.00000
0.37865,0.37668,0.37470,0.37108,0.37273,0.30070,0.30892,0.31155,0.30629,0.30596,0.07014,0.06652,0.06586,0.06718,0.06850,-48.72588,-3126.00000
0.38391,0.37602,0.38095,0.38819,0.37141,0.30728,0.30958,0.30991,0.31090,0.30892,0.06915,0.06784,0.07080,0.06817,0.06751,-48.72588,-3125.00000
0.38062,0.37865,0.38095,0.37997,0.38161,0.30563,0.30728,0.30530,0.30794,0.31287,0.06652,0.07080,0.06685,0.06882,0.06948,-48.59558,-3124.00000
0.37339,0.37733,0.37898,0.37043,0.37536,0.30728,0.30826,0.30695,0.31024,0.30794,0.06751,0.06488,0.06784,0.06521,0.06981,-48.59558,-3123.00000
0.37141,0.37931,0.37076,0.37964,0.37536,0.30465,0.30859,0.30267,0.31057,0.30530,0.07080,0.06488,0.06685,0.06685,0.06488,-48.16528,-3122.00000
0.37898,0.38095,0.37832,0.37766,0.37733,0.30892,0.31024,0.31122,0.30859,0.30498,0.07080,0.06784,0.06455,0.07244,0.06915,-48.16528,-3121.00000
0.37766,0.37240,0.37701,0.37964,0.37569,0.30267,0.30958,0.30695,0.30563,0.30333,0.06488,0.06850,0.06586,0.06652,0.06685,-48.25276,-3120.00000
0.37273,0.38358,0.37240,0.38128,0.38095,0.30991,0.30629,0.30465,0.30300,0.30892,0.06817,0.06850,0.06586,0.06586,0.06817,-48.25276,-3119.00000
0.38260,0.37865,0.37207,0.37865,0.37076,0.30629,0.30563,0.30794,0.30892,0.30761,0.06652,0.06751,0.06718,0.06850,0.06882,-48.18576,-3118.00000
0.37339,0.38062,0.37273,0.38128,0.37701,0.30794,0.30728,0.30300,0.30958,0.30794,0.06784,0.06915,0.06652,0.06685,0.06685,-48.18576,-3117.00000
0.37470,0.38062,0.37733,0.38227,0.37207,0.30761,0.30498,0.30728,0.30169,0.30728,0.06915,0.06751,0.06685,0.06718,0.06882,-48.26316,-3116.00000
0.37470,0.38095,0.37470,0.37964,0.37865,0.30432,0.30925,0.30563,0.30629,0.30498,0.06850,0.06652,0.06981,0.06586,0.06948,-48.26316,-3115.00000
0.37733,0.37569,0.37766,0.37372,0.38095,0.30794,0.30958,0.30465,0.30563,0.30794,0.06981,0.06685,0.07014,0.06586,0.06817,-48.28221,-3114.00000
0.37207,0.37997,0.37536,0.37766,0.37437,0.31024,0.30761,0.30629,0.31155,0.30794,0.06422,0.06817,0.06751,0.06685,0.06751,-48.28221,-3113.00000
0.38391,0.37503,0.37997,0.37832,0.37569,0.30563,0.30695,0.30728,0.30728,0.30563,0.06685,0.06586,0.06948,0.07047,0.07244,-48.00032,-3112.00000
0.37372,0.37043,0.37898,0.37964,0.37470,0.31386,0.30399,0.31024,0.30103,0.30596,0.06784,0.06718,0.06652,0.06685,0.06093,-48.00032,-3111.00000
0.37865,0.37865,0.37273,0.37799,0.37997,0.30761,0.30695,0.31122,0.30530,0.30432,0.07146,0.06751,0.06817,0.06817,0.07080,-47.80262,-3110.00000
0.37339,0.38293,0.37898,0.37141,0.37997,0.30563,0.30761,0.30662,0.30662,0.30892,0.07047,0.06685,0.06718,0.06718,0.06784,-47.80262,-3109.00000
0.37668,0.38523,0.37602,0.37766,0.37766,0.30498,0.30563,0.30728,0.30761,0.30563,0.07211,0.06718,0.06784,0.06981,0.06850,-47.73593,-3108.00000
0.38819,0.37635,0.38161,0.37141,0.37799,0.30728,0.30695,0.30892,0.30728,0.30629,0.06948,0.06619,0.07080,0.06652,0.07146,-47.73593,-3107.00000
0.37964,0.37766,0.37372,0.37503,0.37799,0.30761,0.30498,0.30563,0.30300,0.30169,0.06619,0.06619,0.06554,0.07047,0.06422,-47.80377,-3106.00000
0.37733,0.37832,0.37997,0.37701,0.37503,0.30991,0.30991,0.30596,0.30498,0.30498,0.06784,0.06586,0.06685,0.07014,0.06817,-47.80377,-3105.00000
0.37569,0.37668,0.37733,0.37799,0.37733,0.30728,0.30925,0.30596,0.30629,0.31024,0.06554,0.06784,0.06652,0.06915,0.06882,-47.76762,-3104.00000
0.37964,0.36780,0.37668,0.38095,0.37799,0.30563,0.31057,0.30465,0.31024,0.30761,0.06817,0.06915,0.06850,0.07178,0.06882,-47.76762,-3103.00000
0.37372,0.38325,0.37372,0.37997,0.37372,0.30366,0.30596,0.30958,0.30892,0.30761,0.07080,0.06981,0.06817,0.06784,0.06981,-47.51077,-3102.00000
0.38062,0.37437,0.37997,0.37635,0.37964,0.30432,0.30432,0.30826,0.30465,0.30859,0.06521,0.07113,0.06981,0.06586,0.07146,-47.51077,-3101.00000
0.37108,0.38786,0.38029,0.38029,0.37964,0.31057,0.30958,0.30596,0.30958,0.30761,0.06882,0.06488,0.06784,0.06948,0.06422,-47.70249,-3100.00000
0.37306,0.37898,0.38227,0.37405,0.37865,0.31221,0.30136,0.30366,0.30958,0.30695,0.06817,0.06521,0.06586,0.06784,0.06751,-47.70249,-3099.00000
0.37832,0.37372,0.37898,0.37898,0.37733,0.30695,0.30859,0.30596,0.31122,0.30728,0.06652,0.06554,0.06751,0.06488,0.06981,-47.97028,-3098.00000
0.37701,0.36878,0.37997,0.37766,0.38095,0.30563,0.30728,0.30892,0.30234,0.31090,0.06751,0.06718,0.06784,0.06718,0.06619,-47.97028,-3097.00000
0.37964,0.37602,0.37898,0.37799,0.38194,0.31024,0.30234,0.31090,0.30662,0.31024,0.06850,0.06817,0.06652,0.06619,0.07047,-47.86235,-3096.00000
0.37898,0.37569,0.37701,0.38424,0.37931,0.30662,0.30563,0.30761,0.30629,0.30234,0.06915,0.06586,0.06718,0.06389,0.07080,-47.86235,-3095.00000
0.37832,0.37503,0.37701,0.37766,0.37569,0.30629,0.30399,0.30695,0.30761,0.30662,0.06817,0.06882,0.06619,0.06554,0.06685,-48.20706,-3094.00000
0.37898,0.37339,0.37668,0.37766,0.37207,0.30662,0.30498,0.30300,0.30859,0.30892,0.06718,0.06389,0.06850,0.06981,0.06817,-48.20706,-3093.00000
0.37470,0.37701,0.37964,0.37668,0.37832,0.31386,0.30892,0.30958,0.30465,0.30465,0.06718,0.06356,0.06948,0.06915,0.06784,-48.26434,-3092.00000
0.38095,0.37503,0.37766,0.37701,0.37931,0.30761,0.30465,0.30925,0.30465,0.30596,0.06882,0.06718,0.06192,0.06915,0.06685,-48.26434,-3091.00000
0.37997,0.38194,0.38128,0.37799,0.37503,0.30596,0.30695,0.30432,0.30761,0.30761,0.06784,0.07310,0.06915,0.06290,0.06389,-48.92428,-3090.00000
0.37799,0.38293,0.38227,0.37997,0.37437,0.30826,0.30399,0.30958,0.30432,0.30465,0.06817,0.07080,0.06915,0.06718,0.07178,-48.92428,-3089.00000
0.37701,0.37569,0.38095,0.37701,0.37207,0.30333,0.30399,0.30498,0.30859,0.31122,0.06290,0.06948,0.06455,0.07047,0.06850,-49.35284,-3088.00000
0.37503,0.38654,0.37339,0.38260,0.37306,0.30892,0.31155,0.30925,0.30662,0.30596,0.07080,0.06981,0.06784,0.06817,0.06915,-49.35284,-3087.00000
0.37733,0.37898,0.37865,0.37766,0.37733,0.30761,0.30892,0.30432,0.31122,0.30925,0.06850,0.06817,0.06521,0.06718,0.06915,-48.67338,-3086.00000
0.37832,0.38819,0.37701,0.37898,0.37701,0.30728,0.30859,0.30794,0.31221,0.30695,0.06652,0.06586,0.07178,0.06718,0.06850,-48.67338,-3085.00000
0.37931,0.37733,0.37964,0.37733,0.37832,0.30826,0.30498,0.30498,0.30859,0.30366,0.06882,0.06850,0.06850,0.07014,0.06685,-48.29364,-3084.00000
0.38325,0.36845,0.37997,0.37470,0.37372,0.30991,0.30859,0.30826,0.30399,0.30826,0.06817,0.06093,0.06422,0.06554,0.06784,-48.29364,-3083.00000
0.38325,0.38029,0.37733,0.37997,0.37635,0.30794,0.30925,0.30498,0.30826,0.31024,0.06751,0.06619,0.06554,0.06258,0.06586,-48.48157,-3082.00000
0.37766,0.37536,0.37733,0.37536,0.37865,0.31057,0.30530,0.30892,0.30728,0.30892,0.06619,0.06882,0.07014,0.06850,0.06850,-48.48157,-3081.00000
0.38325,0.37108,0.37964,0.37701,0.38029,0.31122,0.30794,0.30892,0.30761,0.30925,0.07080,0.06850,0.06685,0.06554,0.06422,-48.05510,-3080.00000
0.37405,0.37799,0.37372,0.37964,0.37273,0.30563,0.31122,0.30991,0.30202,0.30859,0.06850,0.06981,0.06521,0.06685,0.06652,-48.05510,-3079.00000
0.37602,0.38194,0.37964,0.38029,0.37339,0.30925,0.30826,0.30794,0.31254,0.30662,0.06882,0.06652,0.06817,0.07014,0.06882,-47.61290,-3078.00000
0.38062,0.37997,0.37207,0.37503,0.37733,0.30695,0.30728,0.30892,0.31057,0.31057,0.06915,0.06619,0.06817,0.06981,0.06948,-47.61290,-3077.00000
0.37372,0.38589,0.37832,0.37898,0.38029,0.30958,0.30366,0.30859,0.30596,0.30991,0.06850,0.06784,0.06784,0.06685,0.07080,-47.45808,-3076.00000
0.37668,0.38260,0.37997,0.37437,0.38260,0.30498,0.30892,0.31221,0.30826,0.31057,0.07080,0.06784,0.07047,0.07113,0.06751,-47.45808,-3075.00000
0.37273,0.37997,0.37372,0.38161,0.37997,0.30925,0.30761,0.30925,0.30596,0.30925,0.06817,0.06751,0.06521,0.06323,0.06817,-47.61203,-3074.00000
0.37832,0.37701,0.38260,0.38227,0.37701,0.30563,0.30267,0.30925,0.30826,0.30925,0.06915,0.06652,0.06817,0.07080,0.06455,-47.61203,-3073.00000
0.37898,0.38161,0.37766,0.37536,0.37832,0.30596,0.31122,0.30826,0.30826,0.30629,0.06685,0.06817,0.06554,0.06981,0.06586,-46.60301,-3072.00000
0.37602,0.38589,0.37437,0.38161,0.38095,0.30728,0.30629,0.30958,0.30728,0.30794,0.06981,0.06652,0.06915,0.06981,0.06850,-46.60301,-3071.00000
0.38029,0.37503,0.38128,0.38062,0.37898,0.30629,0.30826,0.30432,0.31024,0.31155,0.06521,0.06751,0.06948,0.06619,0.07146,-46.34699,-3070.00000
0.37668,0.38062,0.37799,0.37799,0.36944,0.30465,0.30991,0.31057,0.30728,0.30892,0.06981,0.06652,0.06422,0.06981,0.07113,-46.34699,-3069.00000
0.37865,0.37701,0.37503,0.38523,0.37964,0.30465,0.30859,0.30958,0.30925,0.30761,0.06817,0.06751,0.06882,0.06784,0.06751,-44.14832,-3068.00000
0.37470,0.37470,0.38194,0.38325,0.37832,0.31287,0.30826,0.30991,0.30794,0.30695,0.06882,0.06685,0.07014,0.06652,0.06258,-44.14832,-3067.00000
0.38358,0.37832,0.37405,0.37997,0.37470,0.30366,0.30300,0.30826,0.30826,0.30300,0.06521,0.06915,0.06882,0.06817,0.06488,-43.12362,-3066.00000
0.37964,0.37635,0.37569,0.38062,0.38029,0.31122,0.30958,0.30596,0.30892,0.30991,0.06521,0.06554,0.06882,0.06586,0.06784,-43.12362,-3065.00000
0.37076,0.37372,0.38029,0.37635,0.37832,0.31188,0.30761,0.30662,0.30695,0.31090,0.06619,0.07146,0.06915,0.06521,0.06850,-42.70904,-3064.00000
0.37503,0.37832,0.37733,0.38194,0.37339,0.31057,0.30465,0.30826,0.30695,0.31057,0.06488,0.06521,0.06784,0.06586,0.06948,-42.70904,-3063.00000
0.37635,0.37207,0.38161,0.37898,0.38029,0.30695,0.30728,0.30859,0.30958,0.31320,0.06652,0.06586,0.06948,0.07047,0.06488,-42.87862,-3062.00000
0.37766,0.37898,0.38227,0.38095,0.37470,0.30991,0.30629,0.30958,0.30366,0.30991,0.06586,0.06652,0.06915,0.06751,0.06981,-42.87862,-3061.00000
0.38194,0.37832,0.37865,0.37832,0.38194,0.30695,0.30859,0.30728,0.30629,0.31287,0.06718,0.06422,0.06586,0.06521,0.06948,-44.29864,-3060.00000
0.37799,0.38293,0.37569,0.38325,0.37108,0.31024,0.30859,0.30859,0.31090,0.30530,0.06850,0.06882,0.06850,0.07014,0.06915,-44.29864,-3059.00000
0.38194,0.38029,0.38161,0.38523,0.37635,0.30794,0.30892,0.30892,0.30563,0.30958,0.07047,0.06356,0.06817,0.06652,0.06915,-45.57735,-3058.00000
0.37964,0.37635,0.37733,0.37668,0.38260,0.30563,0.31122,0.31057,0.30761,0.30892,0.06652,0.06817,0.06784,0.07080,0.06422,-45.57735,-3057.00000
0.37701,0.37569,0.37898,0.37635,0.37536,0.30925,0.31254,0.30794,0.30925,0.30563,0.06850,0.06882,0.06948,0.06488,0.06882,-46.59746,-3056.00000
0.37865,0.37865,0.37635,0.37799,0.37470,0.30794,0.30728,0.30826,0.30826,0.30991,0.06817,0.06685,0.06882,0.06586,0.06718,-46.59746,-3055.00000
0.38128,0.37569,0.37602,0.38293,0.37766,0.30596,0.30728,0.31155,0.30070,0.30596,0.06751,0.06455,0.06455,0.06784,0.06455,-47.24173,-3054.00000
0.37207,0.37635,0.37832,0.37602,0.37832,0.30366,0.30563,0.30530,0.30958,0.30925,0.06850,0.06323,0.06751,0.06258,0.07178,-47.24173,-3053.00000
0.37602,0.37766,0.37668,0.37733,0.37339,0.30432,0.30695,0.30465,0.30498,0.30892,0.06882,0.07047,0.06718,0.06784,0.06718,-47.38153,-3052.00000
0.37766,0.38062,0.36878,0.37766,0.37832,0.30267,0.30530,0.30925,0.30859,0.30859,0.06554,0.06586,0.07113,0.07211,0.06948,-47.38153,-3051.00000
0.37273,0.37964,0.37931,0.37964,0.38194,0.31024,0.30826,0.30465,0.30498,0.30826,0.07080,0.06652,0.06751,0.06652,0.07014,-47.98255,-3050.00000
0.37339,0.37898,0.37306,0.37503,0.38260,0.31024,0.30728,0.30794,0.30695,0.30794,0.06685,0.06915,0.06850,0.06619,0.06981,-47.98255,-3049.00000
0.37898,0.37832,0.37898,0.37536,0.37503,0.31122,0.30662,0.30432,0.30530,0.30530,0.06619,0.06915,0.06981,0.07310,0.06554,-48.18140,-3048.00000
0.37306,0.37799,0.37701,0.38260,0.37141,0.30498,0.30761,0.30794,0.30596,0.30629,0.06685,0.06751,0.06718,0.06784,0.06685,-48.18140,-3047.00000
0.38194,0.37832,0.37964,0.37536,0.38523,0.31024,0.30794,0.31057,0.31155,0.31155,0.07211,0.06455,0.06882,0.06981,0.07080,-48.13330,-3046.00000
0.37602,0.37405,0.37997,0.38358,0.37569,0.31090,0.30794,0.30596,0.30794,0.30859,0.06488,0.06915,0.06652,0.06455,0.06751,-48.13330,-3045.00000
0.38227,0.37964,0.37799,0.37964,0.37733,0.30596,0.30794,0.30333,0.30432,0.31386,0.06817,0.06850,0.06718,0.06685,0.06817,-48.41862,-3044.00000
0.37832,0.37865,0.37799,0.38062,0.37043,0.30629,0.30465,0.31122,0.30826,0.30859,0.06751,0.06718,0.06619,0.06718,0.06882,-48.41862,-3043.00000
0.37503,0.37931,0.37668,0.37602,0.37898,0.30366,0.30958,0.30859,0.31188,0.31320,0.06948,0.06882,0.06915,0.06422,0.06554,-48.27029,-3042.00000
0.37931,0.38260,0.37503,0.37602,0.37701,0.31221,0.30662,0.30794,0.30662,0.30662,0.06850,0.06455,0.06817,0.06422,0.06882,-48.27029,-3041.00000
0.37306,0.37207,0.38161,0.38260,0.37832,0.30465,0.31024,0.30629,0.31090,0.30925,0.06784,0.06817,0.06817,0.06619,0.06915,-47.96958,-3040.00000
0.38194,0.37799,0.37470,0.38062,0.37536,0.30629,0.30859,0.30925,0.31024,0.30728,0.06586,0.06521,0.06948,0.06817,0.06685,-47.96958,-3039.00000
0.37569,0.37766,0.37569,0.37503,0.38457,0.31155,0.31024,0.31090,0.31024,0.30794,0.06652,0.07080,0.06619,0.06817,0.06685,-47.96768,-3038.00000
0.37997,0.37865,0.38029,0.38161,0.37602,0.31386,0.30695,0.30925,0.30925,0.30794,0.06948,0.06850,0.06488,0.06784,0.06817,-47.96768,-3037.00000
0.37141,0.37668,0.37372,0.38556,0.37898,0.30892,0.30925,0.30662,0.31057,0.30629,0.06882,0.07014,0.06882,0.06521,0.06850,-48.08522,-3036.00000
0.37799,0.37635,0.37635,0.38227,0.37174,0.31090,0.31024,0.31155,0.30695,0.30530,0.06751,0.06882,0.07277,0.06948,0.06850,-48.08522,-3035.00000
0.38095,0.37668,0.37898,0.38062,0.37306,0.30596,0.31353,0.30695,0.30892,0.30366,0.06521,0.06751,0.06817,0.06718,0.06554,-47.84946,-3034.00000
0.37964,0.38293,0.37306,0.38029,0.37766,0.30432,0.31386,0.30925,0.30662,0.31418,0.06586,0.06817,0.06850,0.06751,0.06817,-47.84946,-3033.00000
0.36977,0.38161,0.37536,0.37569,0.37503,0.30629,0.30892,0.30892,0.30728,0.30991,0.06882,0.06586,0.07277,0.06718,0.06784,-47.48395,-3032.00000
0.37832,0.38358,0.37701,0.37766,0.38391,0.30761,0.30794,0.30596,0.31057,0.30629,0.06718,0.06356,0.06455,0.06784,0.06685,-47.48395,-3031.00000
0.37766,0.37701,0.37964,0.38095,0.37799,0.30465,0.30596,0.30958,0.30530,0.30629,0.06652,0.07146,0.07014,0.07178,0.06981,-47.01404,-3030.00000
0.37766,0.37931,0.38293,0.37997,0.37898,0.30958,0.30202,0.30498,0.30826,0.30925,0.06652,0.07014,0.06784,0.06356,0.06751,-47.01404,-3029.00000
0.37799,0.37832,0.36845,0.38194,0.37602,0.31188,0.30596,0.30728,0.30826,0.31155,0.06784,0.06619,0.06718,0.06817,0.07014,-47.67245,-3028.00000
0.37240,0.37898,0.38029,0.37602,0.37766,0.30794,0.30925,0.31090,0.30662,0.30662,0.06652,0.06751,0.06915,0.06389,0.06850,-47.67245,-3027.00000
0.37898,0.37766,0.37405,0.38161,0.37898,0.30859,0.30399,0.30859,0.31122,0.30826,0.06389,0.06619,0.06718,0.06882,0.06751,-48.05604,-3026.00000
0.38161,0.37865,0.37668,0.38621,0.38062,0.30761,0.30826,0.31057,0.30794,0.30991,0.06521,0.06718,0.06882,0.06751,0.06948,-48.05604,-3025.00000
0.38391,0.37602,0.38062,0.37898,0.37964,0.30761,0.30958,0.30465,0.31024,0.30728,0.06652,0.06915,0.06751,0.06784,0.06850,-48.04810,-3024.00000
0.37865,0.37569,0.38227,0.37766,0.38391,0.30530,0.30958,0.30169,0.30629,0.30300,0.06948,0.06915,0.06685,0.06389,0.06751,-48.04810,-3023.00000
0.37437,0.37766,0.37799,0.37470,0.37701,0.30695,0.30925,0.30925,0.31122,0.30695,0.07047,0.06290,0.06586,0.06258,0.06586,-48.09001,-3022.00000
0.38424,0.37569,0.38194,0.37733,0.37766,0.30563,0.30728,0.30892,0.30563,0.30892,0.06948,0.06784,0.06751,0.06882,0.06619,-48.09001,-3021.00000
0.38194,0.37931,0.37569,0.38062,0.37997,0.30892,0.30991,0.30662,0.30695,0.30629,0.06817,0.07047,0.06258,0.06915,0.07080,-48.72668,-3020.00000
0.37898,0.37668,0.37997,0.37602,0.37470,0.30794,0.30826,0.30991,0.30728,0.30662,0.06981,0.06948,0.06850,0.06915,0.06817,-48.72668,-3019.00000
0.37997,0.38293,0.37536,0.37635,0.37569,0.31024,0.30728,0.31221,0.30925,0.30925,0.06718,0.06981,0.07014,0.06718,0.06850,-49.16088,-3018.00000
0.37536,0.37832,0.37964,0.38161,0.37635,0.30826,0.31122,0.30892,0.31122,0.31320,0.06586,0.06685,0.06652,0.06718,0.06915,-49.16088,-3017.00000
0.38161,0.37635,0.37964,0.37766,0.37470,0.30991,0.30695,0.30859,0.30794,0.30826,0.06817,0.06948,0.06718,0.06882,0.06915,-49.55615,-3016.00000
0.37536,0.38260,0.38227,0.37997,0.38325,0.30596,0.30728,0.31024,0.30695,0.31254,0.06718,0.06652,0.06915,0.06652,0.06915,-49.55615,-3015.00000
0.38391,0.37569,0.37701,0.38128,0.37799,0.30859,0.30629,0.31057,0.30728,0.30596,0.07146,0.06323,0.06718,0.06981,0.06915,-49.16862,-3014.00000
0.37766,0.38161,0.37372,0.38325,0.37207,0.30695,0.31024,0.30629,0.30761,0.30925,0.06718,0.06356,0.06586,0.06915,0.06718,-49.16862,-3013.00000
0.38029,0.38062,0.38293,0.38293,0.37964,0.30794,0.31090,0.30892,0.30794,0.30629,0.07113,0.06751,0.06619,0.06850,0.06685,-49.19835,-3012.00000
0.37602,0.38490,0.37964,0.37668,0.37339,0.30958,0.30892,0.30761,0.31090,0.31024,0.06718,0.06850,0.06882,0.07113,0.06882,-49.19835,-3011.00000
0.37964,0.37503,0.38260,0.37865,0.37733,0.30794,0.30728,0.30695,0.30892,0.30728,0.06915,0.06915,0.06915,0.06521,0.06817,-49.18562,-3010.00000
0.37898,0.37733,0.38194,0.37602,0.37569,0.30958,0.30991,0.30563,0.30662,0.31057,0.06718,0.07014,0.06981,0.07113,0.06948,-49.18562,-3009.00000
0.37997,0.37832,0.37076,0.37832,0.37174,0.30761,0.30859,0.30794,0.30859,0.30826,0.06586,0.06586,0.06389,0.06554,0.06915,-48.57492,-3008.00000
0.37437,0.37865,0.38128,0.37437,0.38424,0.30794,0.30826,0.30859,0.30399,0.31024,0.06817,0.06619,0.06225,0.06948,0.06948,-48.57492,-3007.00000
0.37964,0.37766,0.37470,0.38556,0.37766,0.31155,0.31057,0.31090,0.30859,0.30596,0.07113,0.06882,0.06586,0.06817,0.06422,-48.42006,-3006.00000
0.37832,0.38029,0.37898,0.38128,0.38325,0.30366,0.31024,0.30925,0.31057,0.31024,0.07014,0.06718,0.06784,0.06882,0.06455,-48.42006,-3005.00000
0.37931,0.38621,0.37043,0.37503,0.37799,0.30958,0.30892,0.30563,0.31353,0.30728,0.06784,0.06619,0.07080,0.06718,0.06784,-48.26474,-3004.00000
0.37470,0.37635,0.38293,0.37437,0.38161,0.30662,0.30728,0.30958,0.30925,0.30728,0.06554,0.06619,0.06751,0.06586,0.06850,-48.26474,-3003.00000
0.37108,0.38325,0.37240,0.37306,0.38161,0.30300,0.30662,0.30695,0.31155,0.30695,0.07014,0.06521,0.06685,0.06455,0.06850,-47.75267,-3002.00000
0.38062,0.37898,0.38325,0.38358,0.37701,0.30958,0.30925,0.30498,0.30958,0.30794,0.07178,0.06652,0.06422,0.06455,0.07178,-47.75267,-3001.00000
0.38194,0.37701,0.37931,0.37766,0.37865,0.30892,0.30892,0.30563,0.30399,0.30366,0.06817,0.06948,0.06850,0.06948,0.07113,-47.91096,-3000.00000
0.37701,0.37536,0.37832,0.38358,0.37405,0.30794,0.30333,0.30234,0.30563,0.31122,0.06850,0.06784,0.06586,0.06850,0.06652,-47.91096,-2999.00000
0.37635,0.37733,0.37635,0.37503,0.38095,0.30629,0.30596,0.30432,0.30563,0.30629,0.06652,0.06554,0.06915,0.06718,0.06389,-48.09298,-2998.00000
0.37733,0.37437,0.37635,0.37766,0.38128,0.30958,0.30465,0.30892,0.30695,0.31057,0.06882,0.06488,0.07146,0.06685,0.06882,-48.09298,-2997.00000
0.38161,0.38358,0.37536,0.37503,0.37997,0.30563,0.30826,0.31024,0.30794,0.30892,0.06915,0.06619,0.06290,0.06619,0.06882,-48.33966,-2996.00000
0.37668,0.37306,0.37306,0.38062,0.37733,0.31057,0.31188,0.31024,0.31155,0.30234,0.06751,0.06586,0.06882,0.06422,0.06521,-48.33966,-2995.00000
0.37997,0.37108,0.37964,0.37174,0.38293,0.30629,0.30892,0.30925,0.31057,0.30794,0.06356,0.06784,0.06882,0.06225,0.06685,-48.62455,-2994.00000
0.37832,0.37569,0.37865,0.37766,0.37898,0.30465,0.30859,0.30925,0.30399,0.31057,0.06850,0.06718,0.06685,0.06948,0.06554,-48.62455,-2993.00000
0.38227,0.37832,0.37668,0.37437,0.37865,0.31254,0.30267,0.30728,0.30892,0.30366,0.06751,0.06685,0.06817,0.06488,0.06521,-48.02346,-2992.00000
0.37043,0.38490,0.37733,0.37602,0.38161,0.30991,0.31320,0.30530,0.30826,0.30958,0.06619,0.06817,0.06784,0.06554,0.06882,-48.02346,-2991.00000
0.37898,0.37668,0.36944,0.37799,0.37503,0.30859,0.30596,0.30629,0.30465,0.30826,0.06817,0.06718,0.06422,0.06422,0.06488,-45.63218,-2990.00000
0.37865,0.37470,0.37931,0.38227,0.37273,0.30892,0.31418,0.30596,0.30432,0.30892,0.06751,0.06948,0.06685,0.06586,0.06652,-45.63218,-2989.00000
0.37898,0.37668,0.38062,0.37405,0.38293,0.31188,0.31057,0.30629,0.30530,0.30761,0.06850,0.06882,0.06817,0.06850,0.06652,-44.96084,-2988.00000
0.37635,0.38128,0.37372,0.37964,0.37701,0.30892,0.30530,0.31024,0.30991,0.30826,0.06751,0.06356,0.06784,0.06915,0.06652,-44.96084,-2987.00000
0.37503,0.37437,0.37701,0.37437,0.38062,0.30958,0.30530,0.31024,0.30991,0.30958,0.06817,0.06718,0.06586,0.06554,0.06685,-43.19492,-2986.00000
0.37865,0.37437,0.37405,0.37865,0.38062,0.30563,0.30366,0.31024,0.30925,0.30728,0.06817,0.06817,0.06619,0.06586,0.06554,-43.19492,-2985.00000
0.38424,0.37766,0.37865,0.37832,0.38062,0.30728,0.31024,0.30498,0.30629,0.30859,0.06850,0.06718,0.06981,0.06586,0.06389,-43.31159,-2984.00000
0.37997,0.37766,0.37997,0.37503,0.37931,0.30728,0.30695,0.30859,0.30695,0.31254,0.06784,0.06455,0.06915,0.06850,0.07047,-43.31159,-2983.00000
0.37470,0.37766,0.37635,0.37536,0.37799,0.30761,0.30826,0.30761,0.31057,0.30695,0.06356,0.06290,0.06718,0.06718,0.06422,-44.74842,-2982.00000
0.37668,0.37733,0.37273,0.38523,0.37701,0.30366,0.30826,0.30498,0.30728,0.30596,0.06718,0.07014,0.06488,0.06554,0.06915,-44.74842,-2981.00000
0.37405,0.37799,0.37668,0.38424,0.37372,0.30826,0.30826,0.30629,0.31155,0.30366,0.06554,0.06619,0.06389,0.06784,0.06093,-45.94881,-2980.00000
0.37964,0.37931,0.37733,0.37733,0.37536,0.30662,0.30826,0.30925,0.30267,0.30892,0.06554,0.06356,0.06521,0.06619,0.06817,-45.94881,-2979.00000
0.37339,0.37865,0.37865,0.37470,0.37931,0.30629,0.30991,0.30859,0.30728,0.31254,0.06751,0.06488,0.06685,0.06488,0.06554,-47.46522,-2978.00000
0.37372,0.38523,0.38062,0.37865,0.38227,0.30333,0.30662,0.30695,0.30103,0.30498,0.06356,0.06850,0.06422,0.06685,0.06554,-47.46522,-2977.00000
0.38227,0.37635,0.38029,0.38325,0.38029,0.30794,0.30695,0.30695,0.31188,0.31221,0.06882,0.07211,0.06586,0.06586,0.06784,-47.27174,-2976.00000
0.37898,0.37569,0.37306,0.37372,0.37043,0.30826,0.30859,0.30892,0.30728,0.30794,0.06751,0.06718,0.06685,0.06554,0.07014,-47.27174,-2975.00000
0.37668,0.38029,0.37437,0.37635,0.38062,0.30399,0.30563,0.30695,0.31155,0.30662,0.06619,0.06126,0.07014,0.06981,0.06882,-47.10043,-2974.00000
0.37437,0.38095,0.37503,0.37635,0.37470,0.30662,0.31024,0.30859,0.30563,0.31122,0.06586,0.06488,0.06817,0.06554,0.06784,-47.10043,-2973.00000
0.37865,0.37602,0.38260,0.37964,0.37701,0.30530,0.30695,0.30892,0.30629,0.30728,0.06751,0.06389,0.06225,0.06915,0.06751,-47.64378,-2972.00000
0.38293,0.37997,0.38556,0.37668,0.38161,0.30859,0.30136,0.31090,0.30826,0.30859,0.06356,0.06751,0.06817,0.06586,0.06455,-47.64378,-2971.00000
0.38293,0.37635,0.38128,0.37207,0.37174,0.30629,0.30892,0.31155,0.30728,0.30695,0.06652,0.06817,0.06915,0.06554,0.06948,-48.13459,-2970.00000
0.37865,0.37635,0.38424,0.37733,0.37997,0.30925,0.30662,0.30465,0.31254,0.30826,0.06554,0.06554,0.06488,0.06488,0.06652,-48.13459,-2969.00000
0.38260,0.37437,0.37766,0.37108,0.38687,0.31254,0.30629,0.30234,0.30432,0.30498,0.06652,0.06488,0.06784,0.06751,0.06586,-48.00118,-2968.00000
0.37701,0.37503,0.38029,0.37964,0.37405,0.30958,0.30399,0.30728,0.30366,0.30892,0.06981,0.06915,0.06817,0.06488,0.06817,-48.00118,-2967.00000
0.37372,0.37799,0.37635,0.37405,0.37668,0.30991,0.31057,0.31320,0.30925,0.31024,0.06619,0.06685,0.07014,0.06521,0.06981,-48.22475,-2966.00000
0.37865,0.38062,0.37372,0.37668,0.38194,0.30695,0.30695,0.30892,0.30892,0.30728,0.06521,0.06685,0.06554,0.06554,0.06586,-48.22475,-2965.00000
0.37339,0.37733,0.37997,0.37931,0.37635,0.30596,0.30563,0.30629,0.31188,0.30530,0.06192,0.06389,0.06981,0.06882,0.06455,-48.51051,-2964.00000
0.37799,0.37997,0.37240,0.37701,0.37437,0.31155,0.30596,0.30728,0.30794,0.30794,0.06784,0.06784,0.06619,0.06751,0.06685,-48.51051,-2963.00000
0.38095,0.38062,0.37799,0.37832,0.37602,0.30826,0.30892,0.30826,0.30958,0.30563,0.06718,0.06817,0.06751,0.06455,0.06521,-48.62615,-2962.00000
0.37470,0.37701,0.38391,0.37372,0.37635,0.30695,0.30629,0.30991,0.31155,0.31221,0.06652,0.06422,0.06586,0.07343,0.06882,-48.62615,-2961.00000
0.37108,0.38062,0.37602,0.37076,0.37865,0.30794,0.30662,0.30498,0.30892,0.30859,0.06225,0.06784,0.06619,0.06685,0.06619,-48.73579,-2960.00000
0.37898,0.37832,0.37437,0.38654,0.37931,0.30925,0.31090,0.31090,0.30728,0.30794,0.06685,0.06356,0.06356,0.06850,0.06685,-48.73579,-2959.00000
0.37668,0.37536,0.38095,0.37997,0.37437,0.30892,0.30892,0.30366,0.30530,0.30728,0.06882,0.06488,0.06521,0.06652,0.06586,-49.18161,-2958.00000
0.37898,0.37010,0.37536,0.37865,0.37832,0.31057,0.30629,0.30366,0.30859,0.31155,0.06948,0.06356,0.06652,0.06521,0.06784,-49.18161,-2957.00000
0.38095,0.37733,0.37668,0.38293,0.38029,0.30695,0.30826,0.30662,0.30958,0.31122,0.06685,0.06455,0.06850,0.06619,0.06915,-49.25258,-2956.00000
0.37931,0.37437,0.37865,0.37701,0.37997,0.30728,0.30596,0.30761,0.30761,0.31221,0.06521,0.06718,0.06817,0.07080,0.06258,-49.25258,-2955.00000
0.38391,0.38194,0.37602,0.37766,0.37865,0.30892,0.31024,0.30596,0.30695,0.30563,0.06817,0.06488,0.06521,0.06554,0.06718,-49.17295,-2954.00000
0.37865,0.37832,0.37372,0.38424,0.37339,0.30958,0.30958,0.31122,0.30596,0.30530,0.06586,0.06882,0.06488,0.07080,0.06652,-49.17295,-2953.00000
0.37865,0.37437,0.38062,0.37405,0.37503,0.30399,0.31057,0.30892,0.30794,0.30563,0.06455,0.06850,0.06488,0.06323,0.06685,-48.81875,-2952.00000
0.37372,0.38227,0.37437,0.38227,0.37405,0.31057,0.30136,0.31024,0.31155,0.31057,0.06652,0.06817,0.06718,0.06619,0.06586,-48.81875,-2951.00000
0.37799,0.37306,0.37964,0.37865,0.37766,0.30498,0.31024,0.30695,0.30728,0.30794,0.06685,0.06554,0.06586,0.06488,0.06488,-48.77793,-2950.00000
0.37569,0.38095,0.37503,0.38194,0.37766,0.30695,0.30563,0.30629,0.30629,0.30892,0.06586,0.06817,0.06586,0.06554,0.06948,-48.77793,-2949.00000
0.37898,0.37174,0.37898,0.37602,0.37799,0.30596,0.30629,0.31221,0.30629,0.30958,0.06422,0.06751,0.06685,0.06850,0.06619,-48.59772,-2948.00000
0.37766,0.37701,0.37372,0.37865,0.37799,0.30629,0.30465,0.30399,0.30859,0.30859,0.06356,0.06554,0.06554,0.06718,0.06586,-48.59772,-2947.00000
0.37635,0.37733,0.37799,0.37865,0.38029,0.30695,0.30761,0.30169,0.30465,0.30596,0.06751,0.06619,0.06652,0.06356,0.06882,-48.37830,-2946.00000
0.38260,0.37799,0.37635,0.38161,0.37964,0.30958,0.30728,0.30892,0.30958,0.30300,0.06718,0.06521,0.06784,0.06554,0.06718,-48.37830,-2945.00000
0.38325,0.37668,0.37733,0.37931,0.37865,0.31386,0.30465,0.30728,0.30366,0.30892,0.06718,0.06685,0.06915,0.06488,0.06586,-48.10344,-2944.00000
0.37701,0.37898,0.37733,0.38227,0.38029,0.30728,0.31122,0.30728,0.30629,0.30202,0.06455,0.06586,0.06586,0.06554,0.06521,-48.10344,-2943.00000
0.37997,0.38391,0.37701,0.38128,0.38260,0.30432,0.30432,0.30629,0.31122,0.30596,0.06521,0.06751,0.06455,0.06981,0.06652,-47.88276,-2942.00000
0.37701,0.37832,0.37701,0.37865,0.37733,0.30728,0.30991,0.30859,0.30596,0.30892,0.06652,0.06882,0.06718,0.06685,0.06586,-47.88276,-2941.00000
0.37832,0.37569,0.37964,0.37997,0.37898,0.30728,0.30530,0.31090,0.30892,0.30826,0.07014,0.06488,0.06652,0.06685,0.06652,-47.56800,-2940.00000
0.37931,0.38227,0.37701,0.37339,0.37536,0.30892,0.30794,0.30234,0.30991,0.30399,0.06915,0.06521,0.06258,0.06718,0.06685,-47.56800,-2939.00000
0.37536,0.38095,0.38062,0.37306,0.38029,0.30761,0.30695,0.31320,0.30662,0.30728,0.06751,0.06718,0.06850,0.06685,0.06981,-47.53231,-2938.00000
0.37372,0.37931,0.37997,0.37931,0.37635,0.30892,0.30695,0.30563,0.30826,0.30991,0.06784,0.06554,0.06784,0.06356,0.06356,-47.53231,-2937.00000
0.37602,0.37733,0.37437,0.38194,0.37997,0.30629,0.31221,0.30991,0.31386,0.30530,0.06685,0.06915,0.06882,0.07014,0.06554,-47.34901,-2936.00000
0.37306,0.37964,0.38161,0.37503,0.38424,0.30563,0.31122,0.31353,0.30794,0.31221,0.06455,0.06784,0.06718,0.06685,0.06784,-47.34901,-2935.00000
0.37437,0.37635,0.37964,0.38227,0.38128,0.30563,0.30925,0.30991,0.30563,0.30629,0.06258,0.06751,0.06915,0.06882,0.06422,-48.01946,-2934.00000
0.37832,0.37569,0.37470,0.38260,0.37701,0.30563,0.30991,0.30728,0.31122,0.30892,0.06685,0.06718,0.06751,0.06981,0.06817,-48.01946,-2933.00000
0.37470,0.38424,0.37306,0.37799,0.37898,0.30925,0.30695,0.30892,0.30399,0.30925,0.07310,0.06488,0.06422,0.06619,0.06554,-47.97814,-2932.00000
0.37766,0.38161,0.38161,0.37470,0.38457,0.30925,0.30530,0.30826,0.30662,0.30695,0.06850,0.06652,0.06159,0.06389,0.06685,-47.97814,-2931.00000
0.37733,0.37668,0.37865,0.37635,0.37569,0.30728,0.30761,0.30958,0.30202,0.30465,0.06652,0.07014,0.06915,0.06323,0.06488,-47.91479,-2930.00000
0.37733,0.37503,0.37865,0.37865,0.38062,0.30892,0.30826,0.30629,0.30530,0.30728,0.06981,0.06948,0.06258,0.06652,0.06915,-47.91479,-2929.00000
0.38029,0.38293,0.37964,0.37668,0.38227,0.30826,0.30859,0.30399,0.31155,0.30629,0.06652,0.06685,0.06455,0.06586,0.06389,-48.26969,-2928.00000
0.37503,0.37701,0.37701,0.37997,0.38062,0.30826,0.30530,0.30300,0.30267,0.30925,0.06488,0.06751,0.06356,0.06751,0.06586,-48.26969,-2927.00000
0.37931,0.37701,0.37865,0.38293,0.37668,0.30892,0.30695,0.30826,0.31090,0.30761,0.06718,0.06586,0.06685,0.06685,0.06882,-48.62348,-2926.00000
0.37339,0.37898,0.37964,0.37635,0.37799,0.30728,0.30728,0.30662,0.31221,0.31221,0.06751,0.06948,0.06751,0.06718,0.06718,-48.62348,-2925.00000
0.37865,0.38161,0.37701,0.37668,0.37964,0.31057,0.30662,0.30596,0.30629,0.30662,0.06652,0.06948,0.06915,0.06981,0.06850,-48.44430,-2924.00000
0.38062,0.37602,0.37701,0.37766,0.38095,0.30399,0.30563,0.30794,0.31155,0.31221,0.06882,0.06784,0.06389,0.06619,0.06850,-48.44430,-2923.00000
0.37997,0.37766,0.37766,0.37799,0.37799,0.30629,0.31024,0.30136,0.30695,0.30761,0.06554,0.06521,0.06488,0.07014,0.06948,-48.84893,-2922.00000
0.37799,0.37832,0.37405,0.38062,0.37470,0.30399,0.30958,0.30859,0.31221,0.30432,0.06718,0.06554,0.06915,0.06850,0.06948,-48.84893,-2921.00000
0.37898,0.36977,0.38852,0.37668,0.37898,0.30563,0.30432,0.31188,0.30925,0.30859,0.06554,0.06882,0.06784,0.06817,0.06455,-48.97221,-2920.00000
0.37733,0.38391,0.37635,0.38128,0.37799,0.30925,0.30958,0.31122,0.30728,0.30333,0.06554,0.07080,0.06981,0.06784,0.06685,-48.97221,-2919.00000
0.38358,0.37766,0.37602,0.37832,0.38293,0.30958,0.30366,0.31254,0.30892,0.30991,0.06521,0.06586,0.06652,0.06718,0.06422,-48.13479,-2918.00000
0.37832,0.37306,0.37174,0.37997,0.37997,0.30958,0.30465,0.30794,0.30958,0.31057,0.06521,0.06258,0.06389,0.06685,0.06915,-48.13479,-2917.00000
0.37503,0.37207,0.38128,0.37832,0.38062,0.30925,0.30991,0.30728,0.30826,0.30761,0.06554,0.06652,0.06882,0.06455,0.06685,-47.69370,-2916.00000
0.38029,0.37569,0.37701,0.37437,0.37997,0.30530,0.31155,0.31024,0.30761,0.30728,0.06718,0.06751,0.06850,0.06586,0.06586,-47.69370,-2915.00000
0.37799,0.38457,0.37174,0.38556,0.37931,0.31057,0.30794,0.31024,0.30794,0.30629,0.06784,0.06586,0.06258,0.06718,0.06455,-47.16527,-2914.00000
0.37898,0.37766,0.37766,0.37339,0.37964,0.30267,0.30761,0.30596,0.30596,0.30563,0.06685,0.06817,0.06619,0.06751,0.06751,-47.16527,-2913.00000
0.37799,0.37997,0.38062,0.37602,0.38062,0.30629,0.30859,0.30892,0.30563,0.30596,0.06586,0.06586,0.06850,0.06488,0.06652,-46.67789,-2912.00000
0.38457,0.38391,0.37306,0.37273,0.38391,0.31090,0.30563,0.30662,0.30728,0.30465,0.06521,0.06948,0.06356,0.06784,0.06784,-46.67789,-2911.00000
0.37306,0.38556,0.37635,0.38128,0.37306,0.30596,0.31287,0.30563,0.30859,0.30498,0.07113,0.06258,0.06784,0.06455,0.06488,-46.82823,-2910.00000
0.37832,0.37964,0.37832,0.38128,0.38293,0.30695,0.31287,0.31320,0.30563,0.30728,0.06521,0.06619,0.06521,0.06751,0.06422,-46.82823,-2909.00000
0.37668,0.37668,0.38095,0.37701,0.38293,0.31090,0.30728,0.30892,0.30761,0.30498,0.06586,0.06981,0.06751,0.06521,0.06718,-47.18887,-2908.00000
0.37635,0.37701,0.38128,0.38227,0.37766,0.30267,0.30728,0.30761,0.31057,0.30629,0.06685,0.06817,0.06554,0.06948,0.06323,-47.18887,-2907.00000
0.37964,0.37240,0.38293,0.37503,0.37372,0.30794,0.30498,0.30498,0.29971,0.31024,0.06850,0.06652,0.06685,0.06554,0.06685,-47.61485,-2906.00000
0.37470,0.37569,0.37569,0.37766,0.37569,0.30925,0.31122,0.31057,0.31057,0.31221,0.06850,0.06718,0.06521,0.06718,0.06586,-47.61485,-2905.00000
0.37635,0.37898,0.38523,0.37536,0.38358,0.31024,0.30991,0.30728,0.30037,0.31024,0.06784,0.06060,0.06554,0.06817,0.06619,-47.74095,-2904.00000
0.37931,0.37503,0.37766,0.37602,0.37437,0.31188,0.30399,0.30826,0.31057,0.30991,0.06521,0.06850,0.06586,0.06521,0.06718,-47.74095,-2903.00000
0.37569,0.37503,0.37832,0.37701,0.38227,0.30728,0.31024,0.30465,0.30728,0.30234,0.06488,0.06586,0.06521,0.06685,0.06652,-47.93244,-2902.00000
0.37339,0.38654,0.38161,0.37076,0.37306,0.30859,0.30399,0.30958,0.30563,0.30629,0.06619,0.06488,0.06619,0.06882,0.06290,-47.93244,-2901.00000
0.37832,0.37372,0.38358,0.37536,0.37569,0.30629,0.30826,0.30826,0.30695,0.30530,0.06521,0.06685,0.06389,0.06586,0.06718,-48.21473,-2900.00000
0.37701,0.37865,0.37437,0.38029,0.37437,0.30892,0.30761,0.30859,0.30202,0.31024,0.06356,0.06159,0.06093,0.06356,0.06652,-48.21473,-2899.00000
0.38852,0.37898,0.37733,0.37997,0.37405,0.30695,0.30399,0.30991,0.30728,0.30826,0.06915,0.06455,0.06586,0.06751,0.06784,-48.40617,-2898.00000
0.37997,0.38293,0.38062,0.38062,0.38029,0.30530,0.30761,0.30728,0.30761,0.30859,0.06554,0.06718,0.06521,0.06586,0.06817,-48.40617,-2897.00000
0.37799,0.37964,0.37733,0.37701,0.37372,0.30958,0.30662,0.30695,0.30761,0.30826,0.06586,0.06784,0.06718,0.06817,0.06652,-48.17247,-2896.00000
0.37668,0.37635,0.37997,0.38161,0.37964,0.30925,0.30925,0.31090,0.30859,0.30892,0.06685,0.06718,0.06422,0.06718,0.06554,-48.17247,-2895.00000
0.37799,0.37569,0.37339,0.38029,0.38194,0.30366,0.31254,0.30794,0.30761,0.31090,0.06718,0.06784,0.06488,0.06718,0.06521,-48.60261,-2894.00000
0.37668,0.37964,0.37668,0.37832,0.37701,0.30530,0.30958,0.30761,0.31287,0.31024,0.06060,0.06422,0.06554,0.06718,0.06718,-48.60261,-2893.00000
0.37865,0.37964,0.37470,0.37108,0.38062,0.31287,0.30563,0.30596,0.30925,0.30728,0.06488,0.06323,0.06915,0.06882,0.06685,-48.34413,-2892.00000
0.37372,0.38161,0.37997,0.38589,0.37964,0.30202,0.30859,0.30794,0.30432,0.31221,0.06389,0.06981,0.06685,0.06817,0.06817,-48.34413,-2891.00000
0.37997,0.37306,0.37766,0.37898,0.38095,0.31090,0.31090,0.30629,0.31057,0.30892,0.06751,0.06652,0.06685,0.06389,0.07047,-48.50546,-2890.00000
0.37174,0.37569,0.37602,0.37832,0.37405,0.31024,0.30991,0.30432,0.31155,0.30432,0.07047,0.06652,0.06488,0.06521,0.06751,-48.50546,-2889.00000
0.38293,0.38095,0.37931,0.37602,0.37799,0.31057,0.31254,0.30859,0.30958,0.30728,0.06554,0.06685,0.06718,0.06751,0.06488,-48.18984,-2888.00000
0.37832,0.38128,0.37240,0.38260,0.38358,0.30892,0.30465,0.30596,0.30662,0.30432,0.06685,0.06652,0.06521,0.06882,0.06554,-48.18984,-2887.00000
0.37339,0.37701,0.38128,0.37799,0.38391,0.30695,0.31024,0.30826,0.31024,0.31024,0.06488,0.06586,0.06323,0.06685,0.06554,-47.66692,-2886.00000
0.37701,0.38260,0.38029,0.37865,0.38128,0.30892,0.30596,0.31287,0.31287,0.30629,0.06784,0.06554,0.06554,0.06389,0.06290,-47.66692,-2885.00000
0.37668,0.38161,0.37668,0.38095,0.37569,0.30432,0.31024,0.30794,0.30662,0.30662,0.06488,0.06718,0.06718,0.06850,0.06521,-47.93192,-2884.00000
0.37602,0.38029,0.37832,0.38523,0.38062,0.30465,0.30530,0.31386,0.31057,0.31057,0.06784,0.06718,0.06685,0.06718,0.06356,-47.93192,-2883.00000
0.38687,0.37701,0.37273,0.38029,0.37339,0.30991,0.30892,0.30859,0.30925,0.30399,0.06521,0.06586,0.06850,0.06521,0.06751,-47.75865,-2882.00000
0.38161,0.38260,0.37701,0.38128,0.37766,0.30530,0.31221,0.30267,0.31090,0.30991,0.06422,0.06323,0.06586,0.06882,0.06258,-47.75865,-2881.00000
0.38194,0.38029,0.38260,0.38095,0.38358,0.30859,0.30596,0.30761,0.30761,0.31583,0.06652,0.06850,0.06948,0.06817,0.06389,-47.61547,-2880.00000
0.37832,0.37865,0.38095,0.37635,0.38424,0.31057,0.31221,0.30991,0.30826,0.30892,0.06981,0.06586,0.06126,0.06685,0.06488,-47.61547,-2879.00000
0.38029,0.37733,0.37766,0.37766,0.38325,0.30465,0.30991,0.30662,0.30892,0.31155,0.06323,0.06751,0.06586,0.06554,0.06521,-47.42887,-2878.00000
0.38358,0.37865,0.37470,0.38029,0.37701,0.31024,0.30629,0.30366,0.30498,0.30498,0.06356,0.06685,0.06554,0.06422,0.06751,-47.42887,-2877.00000
0.37898,0.37832,0.37931,0.37437,0.38029,0.30892,0.30629,0.30892,0.30563,0.30958,0.06586,0.06619,0.06915,0.06521,0.06882,-48.04503,-2876.00000
0.38029,0.38293,0.37306,0.37799,0.37405,0.31155,0.30629,0.30530,0.31024,0.31024,0.06521,0.06882,0.06948,0.06619,0.06685,-48.04503,-2875.00000
0.37832,0.37635,0.37602,0.37733,0.37766,0.30761,0.30629,0.30958,0.30333,0.30859,0.06718,0.06356,0.06586,0.07047,0.06685,-48.27351,-2874.00000
0.38260,0.37898,0.37569,0.37799,0.37733,0.30563,0.31057,0.31287,0.31090,0.30366,0.06718,0.06685,0.06455,0.06685,0.06915,-48.27351,-2873.00000
0.37832,0.37437,0.38194,0.37931,0.37668,0.30991,0.30925,0.30728,0.30794,0.30958,0.06521,0.06586,0.06652,0.06619,0.07146,-48.42257,-2872.00000
0.38095,0.37766,0.37964,0.37931,0.37766,0.30432,0.30662,0.30826,0.30695,0.30859,0.06586,0.06323,0.06685,0.06652,0.06718,-48.42257,-2871.00000
0.37931,0.38194,0.38095,0.37898,0.38227,0.30662,0.30530,0.30432,0.31221,0.31024,0.06817,0.06389,0.06389,0.06652,0.06718,-48.64239,-2870.00000
0.37799,0.37964,0.37931,0.37931,0.37832,0.30859,0.30530,0.31122,0.31254,0.30892,0.06521,0.06784,0.06225,0.06685,0.06685,-48.64239,-2869.00000
0.37799,0.37240,0.37997,0.37569,0.37010,0.31155,0.31024,0.30695,0.30826,0.31024,0.06751,0.07080,0.06488,0.06422,0.06356,-49.44649,-2868.00000
0.38161,0.37964,0.37931,0.37339,0.38161,0.30826,0.31090,0.30958,0.30761,0.31024,0.05962,0.06027,0.06554,0.06718,0.06258,-49.44649,-2867.00000
0.37997,0.37635,0.37076,0.37766,0.37569,0.31057,0.31254,0.30859,0.30695,0.30761,0.06554,0.06685,0.06554,0.06586,0.06751,-49.63750,-2866.00000
0.37503,0.37931,0.38161,0.37832,0.37898,0.30794,0.30596,0.31024,0.30892,0.31057,0.06586,0.06586,0.06619,0.06488,0.06882,-49.63750,-2865.00000
0.38358,0.37964,0.37668,0.38194,0.38128,0.30925,0.29971,0.30761,0.30794,0.31254,0.06225,0.06850,0.06751,0.06751,0.06817,-49.65091,-2864.00000
0.37997,0.37997,0.37503,0.38293,0.37405,0.30629,0.30958,0.30498,0.30728,0.31221,0.06751,0.06455,0.06652,0.06718,0.06685,-49.65091,-2863.00000
0.37733,0.38391,0.38095,0.37437,0.38358,0.31287,0.31583,0.30530,0.31451,0.30859,0.06521,0.06685,0.06718,0.06389,0.06751,-49.80308,-2862.00000
0.37832,0.38194,0.37799,0.37799,0.38490,0.30794,0.30925,0.30794,0.30958,0.30695,0.06619,0.06586,0.06718,0.06751,0.06521,-49.80308,-2861.00000
0.37207,0.37799,0.38128,0.37405,0.38293,0.31090,0.30794,0.31122,0.30498,0.31090,0.06784,0.06751,0.06915,0.06521,0.06554,-49.92081,-2860.00000
0.37668,0.37931,0.37635,0.37997,0.38128,0.31122,0.30695,0.31287,0.31320,0.30530,0.06586,0.06455,0.06619,0.06422,0.06126,-49.92081,-2859.00000
0.37668,0.38095,0.37733,0.37964,0.37076,0.30530,0.31155,0.30925,0.30794,0.30794,0.06915,0.06586,0.06882,0.06554,0.06915,-49.55495,-2858.00000
0.38227,0.37865,0.37635,0.37964,0.37536,0.30892,0.30892,0.31155,0.31254,0.31155,0.06455,0.06586,0.06619,0.06586,0.06455,-49.55495,-2857.00000
0.37799,0.38391,0.37635,0.37865,0.37602,0.31188,0.30925,0.30498,0.30826,0.31188,0.06554,0.06356,0.06784,0.06586,0.06389,-48.87322,-2856.00000
0.37010,0.38095,0.38194,0.37701,0.38161,0.31155,0.30695,0.30826,0.30728,0.30399,0.06554,0.06915,0.06422,0.06915,0.06455,-48.87322,-2855.00000
0.37865,0.37733,0.37997,0.38457,0.37701,0.30958,0.30530,0.31287,0.30563,0.30794,0.06290,0.06586,0.06586,0.06850,0.06619,-48.96236,-2854.00000
0.37766,0.37832,0.38293,0.37668,0.37240,0.30761,0.30958,0.30399,0.30695,0.30892,0.06521,0.06718,0.06060,0.06521,0.06225,-48.96236,-2853.00000
0.37668,0.37635,0.37766,0.37832,0.37701,0.30662,0.30728,0.30991,0.30728,0.30925,0.06619,0.06521,0.06882,0.06619,0.06521,-48.25518,-2852.00000
0.37799,0.38457,0.37766,0.37964,0.38062,0.30826,0.30728,0.30761,0.30498,0.30761,0.06718,0.06488,0.06586,0.06784,0.06652,-48.25518,-2851.00000
0.37668,0.37766,0.37733,0.37306,0.37470,0.30925,0.30958,0.31155,0.30794,0.30432,0.06751,0.06488,0.06882,0.06455,0.06488,-47.93021,-2850.00000
0.37931,0.37865,0.37733,0.37701,0.37964,0.30563,0.30333,0.31122,0.30826,0.30925,0.06586,0.06356,0.06882,0.06652,0.06948,-47.93021,-2849.00000
0.37569,0.37766,0.38391,0.38095,0.37207,0.30925,0.30826,0.30794,0.31155,0.30892,0.06619,0.06586,0.06554,0.06817,0.06817,-47.83889,-2848.00000
0.37898,0.37832,0.37405,0.37470,0.37635,0.30991,0.31221,0.30596,0.31024,0.31122,0.06422,0.06586,0.06718,0.06455,0.06554,-47.83889,-2847.00000
0.38128,0.37635,0.38161,0.37997,0.37733,0.30991,0.30465,0.31024,0.30202,0.30794,0.06652,0.06718,0.06422,0.06422,0.06389,-47.89031,-2846.00000
0.38358,0.37437,0.38029,0.37898,0.37865,0.30596,0.30629,0.30695,0.30991,0.30925,0.06455,0.06586,0.06290,0.06850,0.06422,-47.89031,-2845.00000
0.37273,0.37536,0.37470,0.37503,0.38128,0.30761,0.30991,0.30629,0.30465,0.30925,0.06389,0.06521,0.06619,0.06652,0.06685,-47.90832,-2844.00000
0.37997,0.37964,0.38358,0.37701,0.37898,0.30728,0.30761,0.30826,0.31287,0.30826,0.06784,0.06619,0.06554,0.06455,0.06521,-47.90832,-2843.00000
0.37701,0.37240,0.38161,0.37733,0.37964,0.31090,0.30761,0.30826,0.30958,0.30826,0.06258,0.06751,0.06586,0.06718,0.06652,-48.09122,-2842.00000
0.37503,0.38293,0.38786,0.37701,0.37602,0.30695,0.30826,0.30826,0.30859,0.30662,0.06488,0.06521,0.06225,0.06554,0.06817,-48.09122,-2841.00000
0.38490,0.37997,0.37964,0.38589,0.37799,0.30728,0.30794,0.30432,0.30465,0.30662,0.06751,0.06455,0.06290,0.06488,0.06488,-48.17898,-2840.00000
0.38325,0.37865,0.37470,0.37569,0.38358,0.30958,0.30695,0.30465,0.30563,0.30859,0.06422,0.06422,0.06290,0.06422,0.06619,-48.17898,-2839.00000
0.37766,0.37240,0.38687,0.37668,0.37733,0.30037,0.30662,0.30662,0.30892,0.30892,0.06225,0.06915,0.06817,0.06323,0.06751,-48.55975,-2838.00000
0.37766,0.38062,0.38062,0.37437,0.37964,0.31024,0.30859,0.30563,0.30958,0.30432,0.06619,0.06619,0.06850,0.06356,0.06981,-48.55975,-2837.00000
0.37799,0.37602,0.38556,0.38161,0.38095,0.31517,0.31320,0.30991,0.30826,0.31057,0.06225,0.06554,0.06521,0.06521,0.06586,-48.81848,-2836.00000
0.37503,0.38227,0.37602,0.37832,0.37865,0.31024,0.30563,0.30925,0.30530,0.31287,0.06685,0.06948,0.06652,0.06586,0.06784,-48.81848,-2835.00000
0.37964,0.37602,0.38293,0.37931,0.37865,0.30794,0.31024,0.31188,0.30794,0.31254,0.06685,0.06817,0.06751,0.06718,0.06850,-48.98771,-2834.00000
0.37405,0.38095,0.37635,0.37372,0.37701,0.30925,0.30925,0.30991,0.30892,0.30662,0.06817,0.06455,0.06389,0.06784,0.06455,-48.98771,-2833.00000
0.37931,0.38062,0.37010,0.38128,0.37701,0.30859,0.30826,0.30794,0.30662,0.30530,0.06455,0.06356,0.06817,0.06586,0.07014,-48.85965,-2832.00000
0.37174,0.38325,0.37898,0.37503,0.37470,0.30826,0.30794,0.30794,0.30498,0.30892,0.06290,0.06422,0.06784,0.06751,0.06455,-48.85965,-2831.00000
0.37470,0.37997,0.38161,0.37503,0.38062,0.30859,0.30629,0.30037,0.31188,0.31090,0.06784,0.06751,0.06488,0.06652,0.06586,-48.46502,-2830.00000
0.38490,0.37964,0.37832,0.37832,0.38260,0.30794,0.30629,0.30826,0.30794,0.30859,0.06619,0.06455,0.06521,0.06619,0.06586,-48.46502,-2829.00000
0.38325,0.37339,0.38161,0.38095,0.37766,0.30728,0.30826,0.30563,0.30958,0.30596,0.06521,0.06455,0.06356,0.06619,0.06290,-48.33052,-2828.00000
0.37569,0.37668,0.38029,0.37174,0.37470,0.30530,0.30695,0.30695,0.30794,0.30925,0.06619,0.06422,0.06488,0.06554,0.06422,-48.33052,-2827.00000
0.37964,0.37536,0.37339,0.37964,0.37931,0.30958,0.30662,0.30892,0.30563,0.31057,0.06718,0.06685,0.06554,0.06685,0.06981,-47.79164,-2826.00000
0.37536,0.37832,0.37766,0.38062,0.38194,0.30991,0.31287,0.31057,0.30925,0.30761,0.06521,0.06619,0.06455,0.06784,0.06389,-47.79164,-2825.00000
0.37997,0.37635,0.37306,0.37602,0.37865,0.30629,0.30695,0.30728,0.30662,0.30695,0.06554,0.06685,0.06685,0.06882,0.06290,-47.84254,-2824.00000
0.37569,0.37536,0.37339,0.37635,0.37668,0.30465,0.30761,0.30695,0.30826,0.30695,0.06915,0.06718,0.06784,0.06850,0.06422,-47.84254,-2823.00000
0.37569,0.37536,0.38062,0.38358,0.37405,0.30169,0.30267,0.31287,0.30596,0.31122,0.06356,0.06258,0.06422,0.06356,0.06290,-47.49887,-2822.00000
0.37931,0.36878,0.37898,0.37733,0.37964,0.31550,0.30267,0.30728,0.31451,0.30826,0.06455,0.06159,0.06389,0.06784,0.06323,-47.49887,-2821.00000
0.37602,0.37668,0.37174,0.37536,0.37668,0.30366,0.30629,0.30826,0.31122,0.31090,0.06619,0.06915,0.06554,0.06586,0.06521,-47.47157,-2820.00000
0.37733,0.37964,0.37602,0.37635,0.38227,0.30662,0.30991,0.30563,0.30662,0.30925,0.06554,0.06455,0.06586,0.06619,0.06356,-47.47157,-2819.00000
0.37437,0.37898,0.37964,0.38062,0.36944,0.31024,0.30892,0.30300,0.30596,0.30728,0.06192,0.06586,0.06258,0.06554,0.06586,-47.44199,-2818.00000
0.37832,0.37602,0.37635,0.37701,0.38095,0.30267,0.31024,0.30596,0.30563,0.31057,0.06619,0.07014,0.06554,0.06323,0.06948,-47.44199,-2817.00000
0.37733,0.37470,0.37602,0.37174,0.37832,0.30991,0.30695,0.30958,0.30399,0.30892,0.06356,0.06356,0.06356,0.06389,0.06619,-47.69896,-2816.00000
0.37997,0.38029,0.38128,0.37306,0.37733,0.30498,0.30892,0.30662,0.30629,0.30662,0.06718,0.06521,0.06389,0.06751,0.06389,-47.69896,-2815.00000
0.37306,0.37832,0.37832,0.37405,0.38621,0.30958,0.30596,0.31188,0.30859,0.30662,0.06619,0.06225,0.06784,0.06422,0.06554,-48.32925,-2814.00000
0.37635,0.37635,0.38161,0.37733,0.37536,0.30925,0.30991,0.31155,0.30826,0.30629,0.06455,0.06619,0.06718,0.06356,0.06389,-48.32925,-2813.00000
0.37931,0.38556,0.37306,0.38621,0.37569,0.30958,0.30925,0.30761,0.30465,0.31057,0.06784,0.06554,0.06554,0.06652,0.06323,-48.33766,-2812.00000
0.38095,0.37701,0.37536,0.38029,0.37668,0.30892,0.30662,0.30826,0.30991,0.30037,0.06718,0.06488,0.06784,0.06455,0.06619,-48.33766,-2811.00000
0.37799,0.37306,0.37701,0.37273,0.37635,0.30333,0.30629,0.30695,0.31221,0.30728,0.06882,0.06817,0.06915,0.06389,0.06981,-48.70623,-2810.00000
0.38490,0.37536,0.37569,0.37931,0.38194,0.30662,0.30892,0.30761,0.30761,0.31254,0.06290,0.06685,0.06554,0.06455,0.06981,-48.70623,-2809.00000
0.37108,0.38358,0.37964,0.37635,0.37931,0.30498,0.31221,0.30859,0.30958,0.30991,0.06192,0.06586,0.06652,0.06981,0.07014,-48.29113,-2808.00000
0.38095,0.37832,0.38128,0.37273,0.37931,0.30958,0.30563,0.30432,0.30728,0.31353,0.06225,0.06685,0.06850,0.06356,0.06652,-48.29113,-2807.00000
0.37766,0.38358,0.37372,0.37733,0.38029,0.30662,0.30662,0.31024,0.30826,0.30662,0.06586,0.06915,0.06290,0.06422,0.06586,-48.71753,-2806.00000
0.37766,0.37339,0.37141,0.37997,0.37799,0.31155,0.30498,0.30596,0.30728,0.30695,0.06619,0.06488,0.06586,0.06455,0.06554,-48.71753,-2805.00000
0.38227,0.37701,0.37898,0.37832,0.37964,0.30530,0.30432,0.30991,0.31254,0.30794,0.06586,0.06850,0.06323,0.06455,0.06356,-49.33545,-2804.00000
0.38029,0.37273,0.37898,0.37964,0.37799,0.30892,0.30530,0.30728,0.30892,0.30662,0.06652,0.06488,0.05929,0.06093,0.06521,-49.33545,-2803.00000
0.37569,0.37964,0.37865,0.37536,0.37470,0.30826,0.30794,0.30629,0.30629,0.31090,0.06718,0.06093,0.06751,0.06751,0.06850,-49.07519,-2802.00000
0.38227,0.37865,0.37076,0.37372,0.37701,0.30530,0.30530,0.30695,0.30991,0.30892,0.06422,0.06290,0.07047,0.06882,0.06422,-49.07519,-2801.00000
0.37602,0.37997,0.37898,0.37207,0.37799,0.30892,0.30662,0.30465,0.30465,0.30596,0.06586,0.06751,0.06850,0.06685,0.06685,-49.32975,-2800.00000
0.37635,0.37766,0.37701,0.37569,0.37832,0.30761,0.30991,0.30728,0.30728,0.30761,0.06685,0.06586,0.06882,0.06356,0.06356,-49.32975,-2799.00000
0.37668,0.37832,0.38095,0.37503,0.37898,0.31024,0.30498,0.30991,0.30596,0.30695,0.06422,0.06290,0.06290,0.06422,0.06290,-49.54503,-2798.00000
0.37701,0.38062,0.37766,0.38358,0.37799,0.30695,0.30563,0.30596,0.30991,0.31057,0.06586,0.06521,0.06455,0.06488,0.06488,-49.54503,-2797.00000
0.37766,0.37635,0.38062,0.38161,0.37569,0.31090,0.30958,0.30629,0.30761,0.30826,0.06290,0.06323,0.06225,0.06389,0.06718,-49.30118,-2796.00000
0.38293,0.37668,0.38062,0.37766,0.37898,0.30366,0.30761,0.30629,0.31090,0.31057,0.06784,0.06258,0.06455,0.06422,0.06323,-49.30118,-2795.00000
0.37635,0.37405,0.37964,0.38062,0.37931,0.30761,0.31090,0.31155,0.30892,0.30695,0.06751,0.06258,0.06521,0.06521,0.06258,-49.11745,-2794.00000
0.37832,0.37635,0.38128,0.37898,0.37405,0.30958,0.30826,0.31122,0.30530,0.30662,0.06685,0.06455,0.06652,0.06554,0.06290,-49.11745,-2793.00000
0.37931,0.38161,0.37405,0.38095,0.37865,0.30826,0.30728,0.30794,0.31188,0.31155,0.06422,0.06356,0.06652,0.06356,0.06554,-48.90545,-2792.00000
0.37832,0.37405,0.38029,0.38095,0.37799,0.30958,0.30794,0.30662,0.30925,0.30991,0.06488,0.06225,0.06652,0.06685,0.06455,-48.90545,-2791.00000
0.37635,0.38358,0.37405,0.37832,0.37832,0.30498,0.30794,0.30662,0.30892,0.31024,0.06948,0.06521,0.06850,0.06323,0.06718,-48.93013,-2790.00000
0.37536,0.37733,0.37339,0.37733,0.37569,0.30596,0.30794,0.30761,0.31090,0.30958,0.06619,0.06389,0.06554,0.06554,0.06488,-48.93013,-2789.00000
0.37832,0.38062,0.37701,0.37503,0.37832,0.30662,0.31024,0.31122,0.30991,0.30925,0.06586,0.06652,0.06126,0.06521,0.06422,-48.84567,-2788.00000
0.38095,0.37964,0.37766,0.37701,0.37470,0.30530,0.31287,0.30563,0.30892,0.31320,0.06455,0.06718,0.06258,0.06422,0.06389,-48.84567,-2787.00000
0.38490,0.37372,0.37865,0.38194,0.37372,0.30728,0.30234,0.30399,0.30826,0.30530,0.06619,0.06422,0.05994,0.06521,0.06521,-48.00812,-2786.00000
0.37997,0.37503,0.37372,0.38095,0.37701,0.30596,0.30629,0.31155,0.30695,0.31188,0.06554,0.06323,0.06652,0.06488,0.06586,-48.00812,-2785.00000
0.37898,0.37766,0.37240,0.38128,0.37503,0.31155,0.30695,0.30958,0.31122,0.31024,0.06521,0.06225,0.06455,0.06159,0.06422,-47.98686,-2784.00000
0.38325,0.37832,0.38029,0.38095,0.37997,0.30695,0.30794,0.30794,0.30728,0.31024,0.06356,0.06356,0.06389,0.06718,0.06323,-47.98686,-2783.00000
0.37766,0.37405,0.37240,0.38819,0.37898,0.30958,0.30991,0.30695,0.30925,0.30530,0.06521,0.06488,0.06126,0.06619,0.06751,-48.01826,-2782.00000
0.37997,0.37668,0.38391,0.37503,0.37964,0.30662,0.30991,0.30794,0.30399,0.30498,0.06323,0.06488,0.06554,0.06850,0.06521,-48.01826,-2781.00000
0.37997,0.38293,0.37470,0.38062,0.37701,0.31122,0.30925,0.30794,0.31155,0.30695,0.06422,0.06455,0.06718,0.06258,0.06290,-48.33867,-2780.00000
0.37997,0.37503,0.38260,0.37701,0.37668,0.30728,0.30728,0.30859,0.30925,0.31254,0.06389,0.06521,0.06554,0.06258,0.06126,-48.33867,-2779.00000
0.37536,0.38128,0.38128,0.37010,0.37997,0.30991,0.30794,0.30892,0.30563,0.30991,0.06751,0.06619,0.06586,0.06554,0.06356,-48.30000,-2778.00000
0.38325,0.37733,0.37799,0.38161,0.37964,0.30892,0.30563,0.30695,0.30991,0.30794,0.06356,0.06751,0.06455,0.06488,0.06389,-48.30000,-2777.00000
0.38128,0.37733,0.38062,0.37470,0.38062,0.30530,0.30761,0.30465,0.31057,0.30596,0.06521,0.06948,0.06521,0.06258,0.06554,-47.61341,-2776.00000
0.37536,0.37832,0.37569,0.37964,0.37964,0.31287,0.30859,0.31221,0.30563,0.30596,0.06455,0.06586,0.06521,0.06422,0.06586,-47.61341,-2775.00000
0.37207,0.38128,0.37405,0.38457,0.37306,0.30695,0.30958,0.31188,0.30695,0.30958,0.06554,0.06192,0.07047,0.06389,0.06554,-47.67977,-2774.00000
0.37470,0.38424,0.37898,0.38194,0.38062,0.31024,0.30761,0.30991,0.30530,0.30498,0.06751,0.06751,0.06258,0.06356,0.06422,-47.67977,-2773.00000
0.37240,0.37931,0.37997,0.38062,0.37964,0.30465,0.30859,0.31024,0.30859,0.30662,0.06652,0.06586,0.06422,0.06554,0.06586,-47.81842,-2772.00000
0.37766,0.38293,0.37865,0.37701,0.37865,0.31353,0.30991,0.30794,0.30892,0.30794,0.06751,0.06455,0.06389,0.06521,0.06258,-47.81842,-2771.00000
0.37865,0.38358,0.37602,0.38260,0.37635,0.30859,0.30991,0.30695,0.30728,0.30761,0.06422,0.06521,0.06192,0.06389,0.06159,-48.19242,-2770.00000
0.37668,0.38029,0.37997,0.37536,0.38194,0.31188,0.30794,0.30695,0.31090,0.30859,0.06290,0.06586,0.06586,0.06784,0.06258,-48.19242,-2769.00000
0.38227,0.38293,0.37799,0.37701,0.37174,0.31057,0.30826,0.30892,0.31221,0.30958,0.06784,0.06718,0.06422,0.06619,0.06323,-48.54430,-2768.00000
0.38062,0.38391,0.37503,0.38161,0.38062,0.30925,0.30563,0.30563,0.30563,0.31353,0.06554,0.06586,0.06751,0.06323,0.06685,-48.54430,-2767.00000
0.38029,0.37372,0.38293,0.38654,0.38095,0.30728,0.30728,0.30629,0.30629,0.31287,0.06619,0.06422,0.06389,0.06356,0.06126,-48.56729,-2766.00000
0.37635,0.37668,0.37931,0.37898,0.37931,0.30629,0.30728,0.30728,0.30761,0.30596,0.06455,0.06554,0.06718,0.06554,0.06488,-48.56729,-2765.00000
0.37832,0.37668,0.38128,0.37503,0.37898,0.30761,0.30498,0.30695,0.30794,0.31090,0.06554,0.06323,0.06389,0.06554,0.06027,-48.42312,-2764.00000
0.37733,0.38062,0.37799,0.38128,0.37240,0.30728,0.30629,0.31155,0.31024,0.30859,0.06455,0.06126,0.06290,0.06521,0.06586,-48.42312,-2763.00000
0.37372,0.38095,0.37437,0.38424,0.37832,0.31386,0.30859,0.30859,0.30859,0.30728,0.06685,0.06882,0.06422,0.06422,0.06586,-48.74041,-2762.00000
0.37898,0.38325,0.38095,0.37405,0.37766,0.31024,0.31155,0.31122,0.30761,0.30826,0.06225,0.06356,0.06488,0.06422,0.06422,-48.74041,-2761.00000
0.37733,0.37405,0.37470,0.37832,0.38358,0.31024,0.30991,0.31057,0.31090,0.30399,0.06554,0.06586,0.06751,0.06192,0.06882,-49.07564,-2760.00000
0.37799,0.37898,0.38029,0.37733,0.37997,0.30794,0.30498,0.30695,0.30991,0.31122,0.06619,0.06718,0.06981,0.06784,0.06554,-49.07564,-2759.00000
0.37701,0.37569,0.37799,0.38194,0.37536,0.30892,0.30695,0.30563,0.30794,0.31024,0.06488,0.06422,0.06192,0.06751,0.06586,-48.82549,-2758.00000
0.37898,0.37635,0.37668,0.37898,0.38029,0.31254,0.30958,0.30465,0.31024,0.30728,0.06323,0.06488,0.06586,0.06356,0.06422,-48.82549,-2757.00000
0.37931,0.37898,0.37832,0.37997,0.37733,0.30662,0.30925,0.30925,0.30662,0.30826,0.06192,0.06323,0.05994,0.06192,0.06422,-49.08353,-2756.00000
0.36944,0.37898,0.38227,0.37635,0.37865,0.30333,0.30925,0.31122,0.31024,0.31155,0.06323,0.06652,0.06488,0.06817,0.06389,-49.08353,-2755.00000
0.37997,0.38621,0.37306,0.38260,0.37437,0.30991,0.30761,0.31057,0.30629,0.30892,0.06323,0.06159,0.06751,0.06323,0.06619,-48.98537,-2754.00000
0.37733,0.37964,0.37832,0.37865,0.37503,0.30366,0.30596,0.30794,0.31418,0.31155,0.06784,0.06488,0.06258,0.06290,0.06389,-48.98537,-2753.00000
0.37043,0.38161,0.38260,0.37898,0.37799,0.30826,0.30432,0.30333,0.30826,0.30826,0.06159,0.06521,0.05994,0.06455,0.06027,-48.50978,-2752.00000
0.37635,0.38424,0.37273,0.38194,0.37668,0.30629,0.30432,0.30465,0.30991,0.30859,0.06619,0.06521,0.06389,0.06356,0.06586,-48.50978,-2751.00000
0.37635,0.37339,0.38128,0.37372,0.38029,0.30892,0.30991,0.30465,0.30465,0.31320,0.06751,0.06192,0.06455,0.06455,0.06422,-48.11622,-2750.00000
0.38227,0.37766,0.38062,0.37306,0.37668,0.30859,0.30892,0.30695,0.30859,0.30498,0.06356,0.06751,0.06554,0.06488,0.06159,-48.11622,-2749.00000
0.37635,0.37569,0.37832,0.37569,0.37832,0.30662,0.31287,0.30596,0.30596,0.30695,0.06422,0.06554,0.06784,0.06258,0.06389,-47.89617,-2748.00000
0.37865,0.37766,0.37865,0.37997,0.37997,0.30695,0.30267,0.30662,0.30794,0.30958,0.06521,0.06521,0.06258,0.06290,0.06422,-47.89617,-2747.00000
0.37898,0.37569,0.37964,0.37372,0.37536,0.31122,0.30563,0.31188,0.30563,0.30267,0.06751,0.06389,0.06422,0.06554,0.06290,-47.71691,-2746.00000
0.37865,0.37964,0.37372,0.37931,0.37635,0.30695,0.30794,0.30629,0.30695,0.30366,0.06619,0.06521,0.06389,0.06882,0.06619,-47.71691,-2745.00000
0.37997,0.37701,0.37799,0.37635,0.37832,0.31254,0.30563,0.31057,0.31024,0.30498,0.06521,0.06915,0.06554,0.06586,0.06652,-48.04174,-2744.00000
0.37766,0.37701,0.37306,0.37832,0.37668,0.30826,0.30498,0.30629,0.30629,0.30333,0.06554,0.06586,0.06422,0.06619,0.06422,-48.04174,-2743.00000
0.37766,0.37569,0.37635,0.37799,0.37898,0.31057,0.30530,0.30859,0.30991,0.31221,0.06619,0.06751,0.06488,0.06455,0.06455,-48.40478,-2742.00000
0.38424,0.38095,0.37372,0.38457,0.38161,0.30991,0.31155,0.30859,0.30826,0.30826,0.06356,0.06356,0.06258,0.06455,0.06652,-48.40478,-2741.00000
0.37701,0.37799,0.38128,0.37635,0.37503,0.30826,0.31057,0.30859,0.30859,0.30629,0.06619,0.06290,0.06258,0.06356,0.06356,-48.42545,-2740.00000
0.37799,0.37733,0.37536,0.37898,0.37668,0.30958,0.31155,0.30761,0.30958,0.31122,0.06817,0.06290,0.06685,0.06258,0.06455,-48.42545,-2739.00000
0.37602,0.37569,0.37931,0.37799,0.38457,0.30859,0.30991,0.30826,0.30925,0.31057,0.06389,0.06586,0.06455,0.06290,0.06290,-48.57595,-2738.00000
0.38062,0.37898,0.37405,0.38325,0.37799,0.30563,0.30826,0.31155,0.30662,0.30399,0.06323,0.05994,0.06817,0.05929,0.06323,-48.57595,-2737.00000
0.38062,0.37799,0.37668,0.37602,0.37701,0.30826,0.31090,0.30695,0.30958,0.30465,0.06554,0.06225,0.06422,0.06455,0.06554,-48.83416,-2736.00000
0.37569,0.37174,0.38358,0.37964,0.37437,0.31024,0.30794,0.30202,0.30662,0.30826,0.06619,0.06455,0.06817,0.06323,0.06455,-48.83416,-2735.00000
0.37536,0.38029,0.38293,0.37997,0.37470,0.30991,0.30991,0.30662,0.30629,0.30728,0.06422,0.06258,0.06455,0.06389,0.06521,-49.02909,-2734.00000
0.37569,0.37997,0.38062,0.37701,0.37733,0.30761,0.30530,0.30498,0.31221,0.30530,0.06586,0.07014,0.06258,0.05994,0.06554,-49.02909,-2733.00000
0.37931,0.38062,0.37799,0.37733,0.37536,0.30662,0.30662,0.31155,0.30892,0.30563,0.06323,0.06455,0.06192,0.06225,0.06981,-48.87584,-2732.00000
0.37997,0.37141,0.37997,0.37799,0.37207,0.31090,0.30826,0.31221,0.31090,0.30728,0.06455,0.06521,0.06718,0.05929,0.06290,-48.87584,-2731.00000
0.37701,0.37405,0.37569,0.37997,0.36977,0.31320,0.30530,0.30859,0.30794,0.30432,0.06652,0.06323,0.06455,0.06521,0.06685,-49.16267,-2730.00000
0.37799,0.37997,0.37931,0.37668,0.37997,0.30662,0.30794,0.31155,0.30991,0.30761,0.06455,0.06554,0.06455,0.06586,0.06685,-49.16267,-2729.00000
0.38358,0.37931,0.37668,0.37701,0.37602,0.30826,0.31090,0.31320,0.30695,0.30794,0.06093,0.06685,0.06455,0.06619,0.06356,-49.24158,-2728.00000
0.38325,0.38325,0.37569,0.38260,0.37964,0.30794,0.30629,0.31418,0.30794,0.30563,0.06422,0.06422,0.06521,0.06554,0.06027,-49.24158,-2727.00000
0.37668,0.37536,0.38194,0.37668,0.38029,0.31122,0.31353,0.31221,0.30859,0.30958,0.06389,0.06554,0.06192,0.06652,0.06258,-49.10865,-2726.00000
0.38029,0.37832,0.37372,0.38358,0.37470,0.30761,0.30629,0.31024,0.30761,0.30958,0.06488,0.06258,0.06488,0.06455,0.06784,-49.10865,-2725.00000
0.38227,0.37799,0.37997,0.37207,0.37766,0.31057,0.31090,0.30859,0.30695,0.30991,0.06389,0.06356,0.06718,0.06554,0.06422,-49.17302,-2724.00000
0.38029,0.37865,0.37668,0.38589,0.37076,0.30892,0.30794,0.31155,0.30465,0.30991,0.06455,0.06554,0.06422,0.06389,0.06488,-49.17302,-2723.00000
0.38325,0.37832,0.37536,0.37602,0.37964,0.31221,0.30629,0.30629,0.30925,0.30366,0.06290,0.06817,0.06751,0.06488,0.06455,-49.46658,-2722.00000
0.37635,0.37766,0.38095,0.37997,0.37668,0.30892,0.30892,0.30925,0.30333,0.30728,0.06422,0.06422,0.06554,0.06521,0.06619,-49.46658,-2721.00000
0.37635,0.37635,0.37997,0.37766,0.37668,0.30695,0.30629,0.31090,0.30629,0.30728,0.06356,0.06521,0.06586,0.06652,0.06422,-49.35956,-2720.00000
0.37207,0.38095,0.37536,0.37964,0.37207,0.30662,0.30794,0.30728,0.30859,0.31024,0.06455,0.06554,0.06685,0.06356,0.06225,-49.35956,-2719.00000
0.37733,0.37997,0.38523,0.37865,0.37635,0.30761,0.31386,0.30728,0.30629,0.30826,0.06225,0.06356,0.06126,0.06455,0.06422,-48.76086,-2718.00000
0.37405,0.38161,0.37635,0.37207,0.37503,0.30892,0.31057,0.30826,0.31155,0.30629,0.06652,0.06652,0.06389,0.06192,0.06554,-48.76086,-2717.00000
0.38095,0.37733,0.37569,0.37931,0.37339,0.31254,0.30794,0.30596,0.30958,0.30794,0.06027,0.06356,0.06685,0.06455,0.06389,-48.33407,-2716.00000
0.37668,0.37536,0.37668,0.37701,0.37931,0.30596,0.30563,0.30432,0.31122,0.30596,0.06258,0.06685,0.05994,0.06554,0.06258,-48.33407,-2715.00000
0.38490,0.37733,0.37536,0.37766,0.37503,0.30366,0.30892,0.31320,0.30859,0.31090,0.06323,0.06258,0.06521,0.06389,0.06323,-48.67128,-2714.00000
0.37931,0.37470,0.37898,0.37635,0.37635,0.30366,0.30695,0.30662,0.30662,0.30399,0.06488,0.06159,0.06521,0.06389,0.06455,-48.67128,-2713.00000
0.37536,0.38128,0.37470,0.37372,0.37766,0.31090,0.30596,0.30563,0.30892,0.30465,0.06323,0.06718,0.06159,0.06455,0.06521,-48.31503,-2712.00000
0.37964,0.37635,0.37964,0.37733,0.37733,0.30465,0.30794,0.30629,0.30662,0.31122,0.06586,0.06323,0.06389,0.06685,0.06554,-48.31503,-2711.00000
0.37405,0.37569,0.37569,0.37635,0.37701,0.30366,0.30728,0.30629,0.31155,0.31254,0.06521,0.06290,0.06323,0.06619,0.06093,-48.17194,-2710.00000
0.37437,0.37898,0.37766,0.38293,0.38062,0.30267,0.30596,0.30892,0.30596,0.30925,0.06356,0.06323,0.06192,0.06488,0.06586,-48.17194,-2709.00000
0.37470,0.37733,0.37766,0.37372,0.38556,0.30794,0.30629,0.30859,0.31024,0.30958,0.06784,0.06225,0.06652,0.06488,0.06488,-48.00167,-2708.00000
0.37405,0.38260,0.37569,0.37207,0.38424,0.30300,0.30958,0.30794,0.30399,0.30859,0.06652,0.06586,0.06060,0.06455,0.06356,-48.00167,-2707.00000
0.37964,0.37635,0.37668,0.38095,0.37635,0.30826,0.30826,0.30596,0.30826,0.31024,0.06784,0.06521,0.06422,0.06225,0.06258,-48.05580,-2706.00000
0.38128,0.37799,0.37010,0.38424,0.37865,0.30794,0.30794,0.30892,0.30794,0.31024,0.06323,0.06356,0.06488,0.06356,0.06586,-48.05580,-2705.00000
0.37832,0.37997,0.37931,0.38260,0.37569,0.30794,0.31122,0.30958,0.30530,0.30925,0.06258,0.06258,0.06718,0.05896,0.06422,-47.54013,-2704.00000
0.37437,0.37405,0.38391,0.37372,0.37799,0.31057,0.30629,0.30892,0.31024,0.30465,0.06619,0.06554,0.06290,0.06389,0.06027,-47.54013,-2703.00000
0.37405,0.37799,0.37372,0.38227,0.37536,0.30333,0.30761,0.30859,0.30662,0.30695,0.06554,0.06422,0.06488,0.06093,0.06356,-47.52187,-2702.00000
0.37964,0.37931,0.37635,0.38161,0.37865,0.31090,0.30695,0.30267,0.30596,0.30596,0.06521,0.06685,0.06323,0.06389,0.06027,-47.52187,-2701.00000
0.37766,0.37898,0.37635,0.38325,0.38095,0.30629,0.30563,0.31024,0.30629,0.31221,0.06586,0.06554,0.06356,0.06290,0.06258,-47.58945,-2700.00000
0.37997,0.37865,0.38029,0.37701,0.37635,0.30991,0.30662,0.30794,0.31221,0.30892,0.06323,0.06521,0.06422,0.06126,0.06356,-47.58945,-2699.00000
0.37733,0.37733,0.38391,0.38062,0.38260,0.31057,0.30596,0.30563,0.30794,0.31122,0.06488,0.06422,0.06455,0.06192,0.06817,-47.81679,-2698.00000
0.37931,0.38260,0.37898,0.37865,0.37602,0.30794,0.30596,0.30826,0.30892,0.31090,0.06356,0.06290,0.06258,0.06225,0.06619,-47.81679,-2697.00000
0.37799,0.38161,0.37635,0.37865,0.38227,0.30794,0.30892,0.30596,0.30629,0.30892,0.05863,0.06159,0.06455,0.06422,0.06258,-48.23040,-2696.00000
0.38029,0.38029,0.37865,0.38457,0.38029,0.30728,0.31287,0.30695,0.30629,0.30563,0.06323,0.06455,0.06126,0.06159,0.06159,-48.23040,-2695.00000
0.38128,0.37997,0.37832,0.37799,0.37865,0.31254,0.30695,0.30958,0.31221,0.30859,0.06356,0.06389,0.06685,0.06554,0.06422,-48.35152,-2694.00000
0.37733,0.37898,0.38029,0.38227,0.37503,0.30892,0.31024,0.30629,0.30859,0.30991,0.06586,0.06817,0.06455,0.06356,0.06455,-48.35152,-2693.00000
0.37701,0.37898,0.37470,0.38029,0.37602,0.30925,0.30826,0.31221,0.30662,0.30596,0.06225,0.06225,0.06554,0.06422,0.06488,-48.43552,-2692.00000
0.37997,0.37273,0.37865,0.37931,0.37339,0.31122,0.30794,0.31353,0.30892,0.30958,0.06093,0.06126,0.06323,0.06521,0.06192,-48.43552,-2691.00000
0.37865,0.38293,0.37668,0.37766,0.37701,0.31188,0.30563,0.31057,0.31122,0.30794,0.06586,0.06323,0.06915,0.06455,0.06060,-48.16762,-2690.00000
0.37799,0.38720,0.37503,0.38490,0.37701,0.30662,0.30662,0.31155,0.30892,0.30892,0.06422,0.06718,0.06455,0.06652,0.06290,-48.16762,-2689.00000
0.37766,0.37865,0.38161,0.37766,0.37701,0.30958,0.30794,0.30563,0.30465,0.31155,0.06225,0.06356,0.06619,0.06389,0.06619,-48.37965,-2688.00000
0.37997,0.38161,0.37766,0.37898,0.38095,0.31188,0.30498,0.30794,0.30925,0.30728,0.06389,0.06521,0.06488,0.06356,0.06225,-48.37965,-2687.00000
0.37668,0.37766,0.37339,0.38161,0.37174,0.30728,0.30826,0.30991,0.30399,0.30629,0.06389,0.06488,0.06290,0.06652,0.06060,-48.90512,-2686.00000
0.37668,0.37273,0.38325,0.38161,0.37668,0.30991,0.31188,0.30629,0.31024,0.30498,0.06586,0.06718,0.06192,0.06389,0.06389,-48.90512,-2685.00000
0.37701,0.37799,0.38161,0.37766,0.37701,0.30563,0.30892,0.31353,0.31024,0.31155,0.05896,0.06356,0.06488,0.06192,0.06258,-48.86481,-2684.00000
0.37437,0.38062,0.37799,0.37470,0.37602,0.30629,0.31353,0.30761,0.30925,0.30662,0.06850,0.06586,0.06323,0.06619,0.06225,-48.86481,-2683.00000
0.38260,0.38062,0.37898,0.37964,0.37733,0.31024,0.30761,0.30662,0.30761,0.30826,0.06685,0.06521,0.06488,0.06488,0.05830,-48.89490,-2682.00000
0.38293,0.37701,0.37733,0.37701,0.37766,0.30991,0.30826,0.30925,0.30695,0.30432,0.06455,0.06323,0.06488,0.06192,0.06521,-48.89490,-2681.00000
0.37207,0.38029,0.37997,0.37668,0.37898,0.30761,0.30826,0.30761,0.30859,0.30958,0.06323,0.06290,0.06554,0.06258,0.06159,-49.92895,-2680.00000
0.37766,0.37372,0.38095,0.37372,0.37668,0.30662,0.30794,0.30662,0.31090,0.30695,0.06159,0.06652,0.06619,0.06619,0.06488,-49.92895,-2679.00000
0.37931,0.38062,0.38260,0.38885,0.37405,0.31221,0.31155,0.30695,0.30991,0.30662,0.06521,0.06126,0.06093,0.06290,0.06521,-49.24463,-2678.00000
0.37602,0.37668,0.37635,0.37766,0.37569,0.30761,0.30761,0.30991,0.30300,0.30695,0.06554,0.06422,0.06126,0.06652,0.06389,-49.24463,-2677.00000
0.38095,0.37437,0.37701,0.37437,0.38029,0.30761,0.31122,0.30333,0.30991,0.30794,0.06225,0.06093,0.06554,0.06323,0.06652,-48.39128,-2676.00000
0.38325,0.37832,0.37207,0.37931,0.38161,0.30794,0.30826,0.30695,0.30958,0.30728,0.06488,0.06225,0.06389,0.06488,0.06225,-48.39128,-2675.00000
0.37470,0.37799,0.37108,0.37273,0.37832,0.30498,0.30794,0.30794,0.30366,0.30267,0.06784,0.06619,0.06159,0.06323,0.06060,-48.44412,-2674.00000
0.38128,0.37733,0.37569,0.37997,0.37437,0.31386,0.31090,0.30761,0.30728,0.30761,0.06258,0.06455,0.06389,0.06126,0.06389,-48.44412,-2673.00000
0.37865,0.37931,0.37931,0.37503,0.37141,0.31155,0.30563,0.30596,0.30892,0.30794,0.06554,0.06290,0.06619,0.06422,0.06323,-47.57277,-2672.00000
0.37733,0.37799,0.37602,0.37898,0.37602,0.30596,0.31320,0.31155,0.31024,0.31122,0.06027,0.06619,0.06192,0.06389,0.06718,-47.57277,-2671.00000
0.36911,0.38029,0.37766,0.38029,0.37733,0.30991,0.30333,0.30498,0.30629,0.30530,0.06455,0.06126,0.06192,0.06258,0.06093,-47.23764,-2670.00000
0.37701,0.37405,0.38523,0.37997,0.38095,0.30432,0.30662,0.30695,0.30892,0.30695,0.06619,0.06619,0.06389,0.06455,0.06323,-47.23764,-2669.00000
0.37635,0.37536,0.37733,0.37339,0.37339,0.31122,0.30629,0.30826,0.30629,0.31090,0.06060,0.06258,0.06422,0.06192,0.06323,-44.36123,-2668.00000
0.37931,0.37405,0.37799,0.37931,0.37668,0.30958,0.30925,0.30991,0.30267,0.30826,0.06718,0.06422,0.06521,0.06356,0.05994,-44.36123,-2667.00000
0.37832,0.37964,0.37799,0.37997,0.37306,0.30794,0.30826,0.30596,0.31090,0.30728,0.06422,0.06356,0.06258,0.06225,0.06225,-43.29648,-2666.00000
0.38325,0.38293,0.37865,0.38062,0.37470,0.30563,0.30563,0.30958,0.30465,0.30794,0.06521,0.06422,0.06521,0.05929,0.06521,-43.29648,-2665.00000
0.37832,0.37635,0.38029,0.38161,0.37339,0.30596,0.30366,0.30563,0.30794,0.30333,0.06554,0.05962,0.06323,0.06455,0.06488,-44.49420,-2664.00000
0.37536,0.37602,0.38029,0.37240,0.38260,0.30794,0.30892,0.30596,0.30366,0.30530,0.06422,0.06093,0.06554,0.06258,0.06389,-44.49420,-2663.00000
0.37635,0.37997,0.37405,0.37964,0.37766,0.31287,0.30728,0.30958,0.31155,0.30859,0.06126,0.06521,0.06356,0.06225,0.06554,-45.30571,-2662.00000
0.37470,0.37043,0.38391,0.37766,0.37405,0.31451,0.30826,0.30859,0.30498,0.30366,0.06389,0.06521,0.06225,0.06093,0.06027,-45.30571,-2661.00000
0.37503,0.37931,0.37602,0.37536,0.37931,0.30596,0.30596,0.30300,0.30629,0.30202,0.05994,0.06521,0.06159,0.06488,0.06455,-46.27477,-2660.00000
0.37569,0.38654,0.37602,0.38128,0.37306,0.30728,0.30925,0.30662,0.30826,0.30826,0.06290,0.06554,0.06258,0.06685,0.06290,-46.27477,-2659.00000
0.37701,0.37470,0.37733,0.37898,0.38128,0.30859,0.30728,0.31057,0.30958,0.30826,0.06718,0.06060,0.06356,0.05896,0.06422,-47.05590,-2658.00000
0.37701,0.37701,0.37931,0.37569,0.37470,0.30629,0.30958,0.30794,0.30826,0.30662,0.05994,0.06225,0.06126,0.06521,0.06225,-47.05590,-2657.00000
0.37701,0.38325,0.37668,0.38095,0.37766,0.31221,0.30629,0.30333,0.31090,0.31057,0.06060,0.06225,0.06356,0.06126,0.06521,-47.61083,-2656.00000
0.37898,0.37602,0.38128,0.37931,0.37503,0.30695,0.30498,0.31188,0.30958,0.30892,0.06356,0.06521,0.06323,0.06455,0.06619,-47.61083,-2655.00000
0.38128,0.37437,0.37536,0.37997,0.37240,0.30695,0.31254,0.31122,0.31057,0.30859,0.06093,0.06619,0.06027,0.06718,0.06850,-47.88476,-2654.00000
0.37832,0.37701,0.37964,0.37437,0.37635,0.31122,0.30596,0.30465,0.31254,0.30794,0.06356,0.06192,0.06389,0.06422,0.06126,-47.88476,-2653.00000
0.38128,0.37569,0.38391,0.38029,0.37733,0.31024,0.30826,0.30859,0.31155,0.30662,0.06225,0.06455,0.06619,0.06225,0.06159,-48.48893,-2652.00000
0.37470,0.37832,0.37569,0.38227,0.38358,0.31155,0.31155,0.30859,0.30925,0.30991,0.06521,0.06619,0.06027,0.06652,0.06027,-48.48893,-2651.00000
0.38194,0.37437,0.37964,0.37470,0.38128,0.30925,0.30892,0.31090,0.31320,0.30728,0.06323,0.06225,0.06619,0.06488,0.06323,-48.61339,-2650.00000
0.37931,0.37470,0.37799,0.37405,0.37701,0.30925,0.30761,0.30991,0.30761,0.30530,0.06159,0.06389,0.06422,0.05929,0.06488,-48.61339,-2649.00000
0.37964,0.37569,0.37602,0.37733,0.37865,0.30465,0.30728,0.30859,0.30761,0.30629,0.06258,0.06586,0.05994,0.06192,0.06356,-49.16186,-2648.00000
0.37635,0.38490,0.37569,0.38227,0.37240,0.30826,0.30794,0.30826,0.30530,0.31254,0.06225,0.06258,0.06389,0.06356,0.06159,-49.16186,-2647.00000
0.37766,0.38293,0.38490,0.37931,0.37799,0.30892,0.30925,0.30695,0.30925,0.30859,0.06192,0.06389,0.05896,0.06159,0.06060,-49.40380,-2646.00000
0.37799,0.37733,0.38062,0.37997,0.37405,0.30991,0.31090,0.30498,0.30892,0.30925,0.05929,0.06455,0.06389,0.06093,0.06159,-49.40380,-2645.00000
0.37602,0.38062,0.37931,0.37898,0.37240,0.30629,0.30958,0.30728,0.30695,0.30399,0.06159,0.06093,0.05994,0.06093,0.06093,-49.29817,-2644.00000
0.38062,0.37766,0.37536,0.37470,0.37141,0.30859,0.30892,0.31024,0.31057,0.30629,0.06060,0.06422,0.06192,0.06389,0.06126,-49.29817,-2643.00000
0.37964,0.37701,0.38128,0.37372,0.38128,0.30826,0.30432,0.30629,0.30826,0.31254,0.06455,0.06323,0.06192,0.06060,0.06060,-49.14963,-2642.00000
0.37668,0.38062,0.37799,0.38095,0.37174,0.30826,0.30859,0.30859,0.30563,0.30728,0.05994,0.06323,0.06225,0.06685,0.06521,-49.14963,-2641.00000
0.37997,0.37602,0.37372,0.38325,0.37865,0.31122,0.31090,0.30728,0.30662,0.30826,0.05994,0.06323,0.05633,0.06060,0.06422,-49.30776,-2640.00000
0.38029,0.37766,0.38654,0.37405,0.37701,0.30629,0.31122,0.31155,0.30958,0.30859,0.06422,0.06521,0.06455,0.05994,0.06258,-49.30776,-2639.00000
0.36977,0.38095,0.38194,0.37174,0.37865,0.30465,0.30465,0.30662,0.30794,0.30761,0.06159,0.06521,0.06225,0.06192,0.06619,-49.35784,-2638.00000
0.37964,0.37108,0.37470,0.37832,0.37832,0.30465,0.31057,0.30826,0.30761,0.30530,0.06422,0.06126,0.06554,0.05994,0.05994,-49.35784,-2637.00000
0.37503,0.37733,0.37997,0.37536,0.37997,0.30202,0.30761,0.30859,0.30596,0.31221,0.06389,0.06192,0.06192,0.06192,0.06093,-48.83134,-2636.00000
0.38260,0.37339,0.37701,0.38062,0.37668,0.30859,0.30629,0.30794,0.30399,0.30530,0.06323,0.06323,0.05896,0.06323,0.06652,-48.83134,-2635.00000
0.37733,0.38095,0.37898,0.37569,0.37339,0.30958,0.31057,0.30399,0.31090,0.30925,0.05994,0.06389,0.06290,0.06126,0.06323,-48.31431,-2634.00000
0.37405,0.38062,0.37635,0.37668,0.37437,0.30563,0.30892,0.30695,0.30234,0.30991,0.06192,0.06323,0.05929,0.06258,0.06323,-48.31431,-2633.00000
0.38194,0.37602,0.38457,0.37339,0.37569,0.31090,0.31353,0.30596,0.30859,0.30629,0.06258,0.06192,0.06027,0.06356,0.06488,-48.10961,-2632.00000
0.37437,0.37997,0.37339,0.37635,0.38128,0.31386,0.30925,0.30892,0.30794,0.31024,0.06093,0.06126,0.06422,0.06159,0.06225,-48.10961,-2631.00000
0.37964,0.37931,0.37569,0.37832,0.38062,0.30892,0.30859,0.30794,0.30826,0.30695,0.06258,0.06060,0.06422,0.06159,0.05929,-48.06754,-2630.00000
0.38095,0.37174,0.37437,0.37964,0.37997,0.30629,0.30892,0.30859,0.30596,0.30761,0.06225,0.05863,0.06323,0.06159,0.06192,-48.06754,-2629.00000
0.37931,0.37273,0.37865,0.38029,0.37701,0.31057,0.30925,0.30465,0.31155,0.30761,0.05994,0.06027,0.06060,0.06521,0.06389,-48.41221,-2628.00000
0.37569,0.38621,0.37832,0.37569,0.37964,0.30563,0.30794,0.30991,0.30794,0.30267,0.06093,0.05896,0.06258,0.06422,0.06422,-48.41221,-2627.00000
0.37898,0.37569,0.37405,0.37635,0.37865,0.30563,0.30859,0.31122,0.31155,0.30728,0.06093,0.06554,0.05994,0.06389,0.05863,-48.19603,-2626.00000
0.37898,0.37832,0.37799,0.37898,0.38029,0.30530,0.30958,0.30794,0.31320,0.30399,0.06356,0.05896,0.05962,0.06488,0.06258,-48.19603,-2625.00000
0.37997,0.38227,0.37701,0.37964,0.37733,0.30794,0.30103,0.30728,0.30991,0.30695,0.06323,0.06060,0.06718,0.06126,0.06060,-48.50601,-2624.00000
0.37733,0.38293,0.37536,0.38227,0.37997,0.31090,0.30892,0.30432,0.30794,0.30958,0.06356,0.05665,0.06422,0.06323,0.06093,-48.50601,-2623.00000
0.37766,0.38161,0.37405,0.38161,0.38062,0.31221,0.30958,0.30826,0.30662,0.30596,0.05994,0.06290,0.05830,0.06356,0.06586,-48.91286,-2622.00000
0.38358,0.37602,0.38128,0.37668,0.37339,0.30761,0.30728,0.30794,0.31320,0.30432,0.06126,0.06323,0.06290,0.06060,0.06225,-48.91286,-2621.00000
0.38358,0.37766,0.38490,0.37306,0.37997,0.31024,0.30958,0.30596,0.30859,0.30728,0.06192,0.06258,0.06093,0.06356,0.06422,-49.08156,-2620.00000
0.37964,0.38161,0.38161,0.38095,0.37569,0.30925,0.30695,0.30695,0.30563,0.30859,0.06323,0.06323,0.05698,0.06389,0.06258,-49.08156,-2619.00000
0.38194,0.37766,0.38325,0.37207,0.37964,0.31221,0.30925,0.31320,0.30432,0.30958,0.06258,0.06159,0.06225,0.06225,0.06258,-49.20541,-2618.00000
0.37602,0.37470,0.37898,0.37898,0.37832,0.30629,0.30892,0.31221,0.31254,0.30794,0.06027,0.05830,0.06455,0.06389,0.06027,-49.20541,-2617.00000
0.37733,0.37964,0.38029,0.38194,0.38227,0.30563,0.31320,0.30728,0.30761,0.30991,0.05830,0.05863,0.06192,0.06093,0.06258,-49.27008,-2616.00000
0.37701,0.37602,0.37405,0.38029,0.37240,0.30662,0.30925,0.31188,0.30465,0.31320,0.06290,0.06356,0.06225,0.06389,0.06126,-49.27008,-2615.00000
0.37536,0.37733,0.38293,0.37668,0.37931,0.30761,0.31057,0.30958,0.30925,0.30892,0.06060,0.06290,0.06356,0.06159,0.06060,-48.98442,-2614.00000
0.37635,0.38029,0.38029,0.37602,0.37964,0.30202,0.30794,0.30300,0.30366,0.30892,0.06521,0.06422,0.06356,0.06258,0.06159,-48.98442,-2613.00000
0.37766,0.38457,0.37799,0.37898,0.37569,0.30728,0.30530,0.30892,0.30826,0.30629,0.06586,0.06258,0.06225,0.06290,0.06389,-49.22040,-2612.00000
0.38095,0.37931,0.37964,0.38128,0.38293,0.30563,0.30695,0.30892,0.30695,0.30859,0.05896,0.06389,0.06356,0.06192,0.06192,-49.22040,-2611.00000
0.37273,0.38490,0.37733,0.38194,0.37437,0.31188,0.30728,0.30366,0.30728,0.30794,0.06258,0.06455,0.06126,0.06060,0.06455,-49.18242,-2610.00000
0.37964,0.37010,0.38260,0.37174,0.38062,0.30366,0.30498,0.30826,0.30826,0.31188,0.06060,0.06060,0.06488,0.06060,0.06488,-49.18242,-2609.00000
0.37733,0.38293,0.37931,0.37372,0.38490,0.30991,0.31024,0.31057,0.31320,0.31287,0.06093,0.06225,0.06192,0.06258,0.06126,-49.15058,-2608.00000
0.37832,0.37405,0.37799,0.38227,0.37832,0.31122,0.31484,0.30695,0.30925,0.30728,0.06093,0.06159,0.06060,0.06389,0.06290,-49.15058,-2607.00000
0.38391,0.37964,0.38161,0.37437,0.37964,0.30761,0.30859,0.30333,0.31024,0.30432,0.06258,0.06060,0.06126,0.06258,0.06356,-48.68665,-2606.00000
0.37898,0.37635,0.38227,0.38556,0.37602,0.30498,0.30859,0.30761,0.30399,0.30530,0.06159,0.05994,0.06060,0.06751,0.06159,-48.68665,-2605.00000
0.37701,0.37865,0.37865,0.37602,0.38029,0.31090,0.30399,0.31024,0.30399,0.30794,0.06290,0.05994,0.05797,0.06554,0.05994,-49.07072,-2604.00000
0.37668,0.37405,0.38161,0.37470,0.38128,0.31254,0.30826,0.30826,0.30728,0.30530,0.06060,0.06159,0.06093,0.06093,0.05994,-49.07072,-2603.00000
0.38391,0.38095,0.37832,0.37437,0.37964,0.30794,0.30629,0.30728,0.30366,0.30498,0.06060,0.06126,0.05962,0.06258,0.06290,-48.74572,-2602.00000
0.37898,0.37931,0.37668,0.37536,0.37766,0.30794,0.30892,0.30629,0.30826,0.30596,0.06060,0.06060,0.06258,0.06192,0.06159,-48.74572,-2601.00000
0.37799,0.38325,0.37372,0.37470,0.38062,0.30563,0.30859,0.30991,0.30991,0.30695,0.06389,0.06225,0.06356,0.06027,0.06554,-48.48510,-2600.00000
0.37108,0.37733,0.38095,0.38260,0.37635,0.30761,0.30859,0.30761,0.30761,0.31287,0.06225,0.06225,0.06422,0.06389,0.06126,-48.48510,-2599.00000
0.38457,0.37865,0.37701,0.38358,0.37405,0.30037,0.31320,0.31616,0.30728,0.30958,0.06060,0.06356,0.06389,0.06126,0.05962,-48.20882,-2598.00000
0.37733,0.38062,0.37865,0.37668,0.37832,0.30695,0.30794,0.30826,0.30596,0.31024,0.05863,0.06290,0.06060,0.05962,0.05797,-48.20882,-2597.00000
0.38062,0.37701,0.37569,0.38029,0.37964,0.30826,0.30826,0.30498,0.30498,0.30892,0.06521,0.06258,0.06126,0.05962,0.06356,-47.73980,-2596.00000
0.38621,0.37569,0.38457,0.37766,0.38062,0.30662,0.31188,0.30958,0.30826,0.30958,0.06521,0.06126,0.06060,0.06323,0.06093,-47.73980,-2595.00000
0.37997,0.37569,0.37865,0.38029,0.37964,0.30300,0.30859,0.30728,0.30826,0.30892,0.06192,0.05830,0.06323,0.06290,0.06126,-47.58825,-2594.00000
0.38227,0.37701,0.37339,0.38358,0.37207,0.30925,0.30794,0.30859,0.31057,0.31024,0.06192,0.06126,0.06258,0.05994,0.06192,-47.58825,-2593.00000
0.37931,0.37602,0.37865,0.38161,0.38062,0.30761,0.31188,0.31155,0.30267,0.31024,0.06225,0.06027,0.06258,0.05567,0.06488,-46.00773,-2592.00000
0.37339,0.37503,0.38128,0.36977,0.38556,0.30695,0.30859,0.30037,0.31024,0.30530,0.06323,0.06521,0.06060,0.06323,0.06422,-46.00773,-2591.00000
0.37207,0.37372,0.37569,0.37470,0.37306,0.30991,0.30629,0.30925,0.30037,0.30530,0.05962,0.06159,0.06027,0.06225,0.05896,-44.84988,-2590.00000
0.37799,0.38161,0.37602,0.37437,0.38358,0.30563,0.30859,0.30892,0.30859,0.30596,0.06126,0.06455,0.06521,0.06225,0.06159,-44.84988,-2589.00000
0.37964,0.37997,0.38029,0.37832,0.38194,0.30596,0.30794,0.30794,0.30794,0.30629,0.06126,0.06521,0.06093,0.06159,0.06093,-44.34491,-2588.00000
0.37536,0.37701,0.37635,0.38062,0.37733,0.30892,0.31057,0.30892,0.30695,0.30662,0.06323,0.06290,0.06225,0.06323,0.06521,-44.34491,-2587.00000
0.37273,0.37569,0.37569,0.37832,0.37569,0.30728,0.30596,0.30925,0.30432,0.30859,0.06192,0.06554,0.06290,0.06093,0.06323,-44.69022,-2586.00000
0.37766,0.37339,0.38293,0.37339,0.38062,0.30958,0.30563,0.30333,0.30925,0.30892,0.06159,0.06356,0.05994,0.06060,0.06488,-44.69022,-2585.00000
0.37174,0.37405,0.38194,0.37997,0.37931,0.30925,0.30465,0.30498,0.30563,0.30596,0.06060,0.05863,0.06192,0.06521,0.06159,-44.88788,-2584.00000
0.37635,0.37799,0.37733,0.37865,0.37470,0.30629,0.30826,0.30892,0.31057,0.30728,0.06159,0.06258,0.06356,0.06060,0.06323,-44.88788,-2583.00000
0.37635,0.37668,0.38161,0.38095,0.38062,0.30629,0.31024,0.30695,0.30399,0.30826,0.06192,0.06027,0.05994,0.06093,0.06225,-46.63750,-2582.00000
0.37964,0.37503,0.37569,0.37602,0.37931,0.30596,0.31122,0.30662,0.30991,0.30136,0.06586,0.05994,0.05896,0.06060,0.06356,-46.63750,-2581.00000
0.37931,0.37536,0.37405,0.38391,0.37931,0.30728,0.30761,0.30366,0.30761,0.30892,0.05929,0.06159,0.05994,0.06093,0.06060,-48.04479,-2580.00000
0.37799,0.37898,0.37372,0.37865,0.37470,0.30761,0.30596,0.30859,0.30498,0.30530,0.06192,0.06093,0.06290,0.05764,0.06027,-48.04479,-2579.00000
0.37207,0.38062,0.37635,0.37602,0.38260,0.30662,0.30530,0.30465,0.30826,0.30530,0.06356,0.05863,0.05830,0.06290,0.06159,-48.54353,-2578.00000
0.37733,0.37799,0.37832,0.38194,0.37503,0.30826,0.30826,0.30826,0.30958,0.30728,0.06323,0.06225,0.05764,0.05962,0.06290,-48.54353,-2577.00000
0.37076,0.37470,0.37602,0.38062,0.37931,0.30761,0.30892,0.30958,0.30794,0.30826,0.06290,0.06258,0.06554,0.06159,0.06192,-48.55864,-2576.00000
0.38029,0.37339,0.37799,0.38161,0.37799,0.30498,0.31155,0.30925,0.30530,0.31155,0.05896,0.06356,0.06093,0.06521,0.06258,-48.55864,-2575.00000
0.37437,0.37964,0.38358,0.37503,0.37536,0.30629,0.30399,0.30563,0.30728,0.30826,0.06225,0.05896,0.06488,0.06225,0.05962,-48.78682,-2574.00000
0.38227,0.37108,0.38260,0.38029,0.37766,0.30465,0.30629,0.30498,0.31057,0.30728,0.06521,0.06159,0.06159,0.06323,0.06027,-48.78682,-2573.00000
0.37536,0.37141,0.37701,0.38325,0.38424,0.30794,0.31024,0.30761,0.30498,0.31057,0.06225,0.06258,0.06258,0.06290,0.06126,-48.75501,-2572.00000
0.38029,0.37635,0.39181,0.37733,0.38161,0.30202,0.30498,0.30859,0.30826,0.30925,0.06323,0.06192,0.05633,0.06225,0.05764,-48.75501,-2571.00000
0.38062,0.37437,0.37964,0.38029,0.37865,0.31057,0.30629,0.30662,0.30892,0.30826,0.06060,0.05896,0.06093,0.06488,0.05863,-48.65731,-2570.00000
0.37701,0.37635,0.38095,0.38325,0.37635,0.30826,0.30859,0.30958,0.30563,0.30629,0.06027,0.06225,0.06323,0.06159,0.06027,-48.65731,-2569.00000
0.37273,0.37536,0.38029,0.37733,0.37536,0.31090,0.30596,0.31090,0.30991,0.30892,0.06027,0.06159,0.06060,0.06258,0.06093,-48.06321,-2568.00000
0.37437,0.38490,0.37437,0.37931,0.38029,0.30563,0.31090,0.30958,0.31057,0.31090,0.06126,0.06488,0.05994,0.06389,0.06290,-48.06321,-2567.00000
0.37503,0.37766,0.37701,0.37174,0.38227,0.30991,0.30794,0.30530,0.30465,0.31057,0.05764,0.05896,0.06159,0.06027,0.06488,-48.30842,-2566.00000
0.37240,0.37668,0.37569,0.37931,0.37964,0.30761,0.30794,0.30991,0.30925,0.30596,0.06126,0.05929,0.05830,0.05764,0.06192,-48.30842,-2565.00000
0.38128,0.37635,0.37602,0.37766,0.38128,0.30530,0.30399,0.30530,0.30662,0.30794,0.05962,0.06389,0.06225,0.05994,0.06126,-47.66622,-2564.00000
0.37898,0.37766,0.37799,0.37503,0.38029,0.30629,0.30991,0.30695,0.30662,0.30925,0.06027,0.06126,0.06422,0.06093,0.06159,-47.66622,-2563.00000
0.38490,0.37372,0.37437,0.37405,0.38128,0.30826,0.30662,0.31024,0.30761,0.30596,0.06192,0.05896,0.06192,0.06323,0.05698,-47.89239,-2562.00000
0.37437,0.37832,0.37437,0.38358,0.37964,0.31122,0.30695,0.30234,0.30563,0.30991,0.06258,0.05896,0.05896,0.06126,0.05929,-47.89239,-2561.00000
0.37470,0.38161,0.37799,0.37766,0.37668,0.31122,0.30761,0.30596,0.30925,0.30563,0.06225,0.05665,0.06159,0.06126,0.06093,-47.89506,-2560.00000
0.38062,0.37898,0.37733,0.37306,0.37503,0.30234,0.30859,0.31254,0.30695,0.30629,0.06192,0.06225,0.05896,0.06389,0.06126,-47.89506,-2559.00000
0.37108,0.38523,0.37766,0.38128,0.37569,0.30925,0.30794,0.30695,0.30892,0.30596,0.06060,0.06225,0.06323,0.05863,0.05929,-47.71129,-2558.00000
0.37207,0.37701,0.37832,0.38457,0.37470,0.30629,0.30728,0.30958,0.31254,0.30432,0.06258,0.05962,0.06159,0.06159,0.06060,-47.71129,-2557.00000
0.37898,0.37766,0.37931,0.37569,0.37569,0.30859,0.30859,0.30695,0.31221,0.31024,0.05896,0.06192,0.05994,0.06093,0.06192,-48.03799,-2556.00000
0.37405,0.37997,0.37997,0.37733,0.38095,0.30925,0.31287,0.30728,0.30399,0.31122,0.06093,0.06389,0.06093,0.05830,0.05863,-48.03799,-2555.00000
0.38260,0.37733,0.37141,0.38062,0.37997,0.30596,0.30925,0.30432,0.30761,0.30695,0.05830,0.05896,0.06389,0.06290,0.06060,-48.88568,-2554.00000
0.37207,0.37799,0.37701,0.38358,0.37602,0.31320,0.30892,0.30234,0.30925,0.30892,0.05665,0.05962,0.06192,0.05830,0.06455,-48.88568,-2553.00000
0.37437,0.37964,0.37437,0.37766,0.38227,0.31221,0.30925,0.30399,0.30761,0.30695,0.05797,0.05994,0.06093,0.05665,0.06225,-48.95276,-2552.00000
0.37372,0.37076,0.38490,0.37668,0.37470,0.30958,0.30826,0.31090,0.30465,0.30892,0.06159,0.05994,0.06027,0.05633,0.06027,-48.95276,-2551.00000
0.37273,0.37832,0.37602,0.37405,0.37799,0.30958,0.30794,0.30761,0.31155,0.30432,0.06258,0.06027,0.05896,0.05962,0.06060,-49.66317,-2550.00000
0.37569,0.38128,0.37470,0.37701,0.37339,0.30662,0.30563,0.30563,0.30958,0.30498,0.06422,0.06258,0.05962,0.06159,0.05929,-49.66317,-2549.00000
0.37437,0.37766,0.37668,0.37701,0.37865,0.30267,0.31188,0.30662,0.30498,0.30530,0.05830,0.06159,0.06027,0.06192,0.06192,-49.80962,-2548.00000
0.37766,0.38194,0.38128,0.38227,0.37997,0.30695,0.30859,0.30925,0.30498,0.30728,0.05994,0.05863,0.06356,0.05962,0.06093,-49.80962,-2547.00000
0.37799,0.38128,0.37372,0.37536,0.38029,0.30662,0.30333,0.30563,0.30563,0.30826,0.06159,0.06159,0.05962,0.06455,0.06060,-49.84541,-2546.00000
0.37733,0.37602,0.37076,0.37997,0.37733,0.30399,0.30530,0.30892,0.30662,0.30925,0.05863,0.06258,0.06060,0.05994,0.05994,-49.84541,-2545.00000
0.37635,0.37569,0.37799,0.37569,0.37470,0.30267,0.30629,0.30662,0.30761,0.31287,0.06323,0.06159,0.05665,0.06027,0.06159,-49.80417,-2544.00000
0.37865,0.37503,0.37832,0.37898,0.37865,0.31057,0.30103,0.30399,0.30859,0.30465,0.06093,0.06258,0.06225,0.06192,0.06060,-49.80417,-2543.00000
0.37931,0.38029,0.37766,0.37635,0.37207,0.30596,0.30958,0.30629,0.30596,0.30958,0.05929,0.06225,0.05797,0.05402,0.06225,-49.38605,-2542.00000
0.37306,0.37898,0.37339,0.37503,0.37306,0.30267,0.30234,0.30563,0.30432,0.30530,0.05698,0.06159,0.05896,0.05896,0.06093,-49.38605,-2541.00000
0.37437,0.37306,0.37437,0.37569,0.37635,0.30596,0.30629,0.30794,0.30234,0.30958,0.05962,0.06290,0.06192,0.05962,0.06060,-48.41069,-2540.00000
0.37306,0.37832,0.37306,0.37898,0.37076,0.30563,0.30596,0.30596,0.30366,0.30530,0.06192,0.06093,0.05665,0.05929,0.06159,-48.41069,-2539.00000
0.37536,0.37339,0.37668,0.37701,0.37733,0.29971,0.31188,0.30629,0.30563,0.30761,0.06258,0.05994,0.05830,0.05994,0.06192,-48.25524,-2538.00000
0.37503,0.37503,0.37931,0.37766,0.37043,0.30761,0.30826,0.30498,0.30465,0.30563,0.06159,0.06159,0.05929,0.06192,0.05896,-48.25524,-2537.00000
0.37766,0.37799,0.37536,0.38128,0.37635,0.31090,0.30958,0.30629,0.30300,0.30728,0.06159,0.06093,0.06258,0.05863,0.05567,-47.94815,-2536.00000
0.37635,0.37405,0.37799,0.37569,0.37536,0.30958,0.31155,0.31188,0.30563,0.30728,0.05830,0.05863,0.06060,0.05962,0.06389,-47.94815,-2535.00000
0.37141,0.37964,0.37635,0.37832,0.38062,0.30662,0.31057,0.31188,0.30037,0.30695,0.05830,0.06126,0.05863,0.05896,0.06521,-47.71250,-2534.00000
0.38095,0.37701,0.37174,0.37964,0.37635,0.31155,0.30629,0.30563,0.30695,0.30399,0.06027,0.05665,0.05896,0.05600,0.06027,-47.71250,-2533.00000
0.37602,0.38062,0.37470,0.37306,0.37602,0.30498,0.30267,0.30267,0.30333,0.30892,0.05994,0.06356,0.05962,0.05863,0.06290,-47.81094,-2532.00000
0.38194,0.37108,0.37339,0.37799,0.37569,0.30761,0.30761,0.31188,0.30892,0.30728,0.05929,0.05764,0.05962,0.05797,0.06225,-47.81094,-2531.00000
0.37898,0.38029,0.37733,0.37898,0.37141,0.30234,0.31024,0.30070,0.30234,0.30859,0.05863,0.05665,0.05764,0.05962,0.05896,-48.20534,-2530.00000
0.37865,0.37931,0.37701,0.37733,0.38227,0.30596,0.30530,0.30498,0.30465,0.30465,0.05797,0.06159,0.06126,0.05797,0.05863,-48.20534,-2529.00000
0.37174,0.37635,0.37503,0.37602,0.37832,0.30530,0.30629,0.30432,0.30629,0.30662,0.05797,0.05863,0.05896,0.05929,0.05929,-47.95883,-2528.00000
0.37997,0.37997,0.37273,0.37832,0.37306,0.30695,0.30465,0.30563,0.31090,0.30761,0.06060,0.05929,0.05929,0.05600,0.05764,-47.95883,-2527.00000
0.37635,0.37306,0.37997,0.38128,0.37076,0.30366,0.30596,0.30563,0.30563,0.31024,0.05863,0.05929,0.05929,0.05962,0.05929,-48.38694,-2526.00000
0.37799,0.37174,0.37602,0.37536,0.37602,0.30695,0.30761,0.30563,0.30300,0.30563,0.05929,0.06027,0.05600,0.05929,0.06225,-48.38694,-2525.00000
0.37898,0.37766,0.37437,0.37536,0.37701,0.31057,0.30629,0.30530,0.30629,0.30728,0.05567,0.05896,0.05830,0.06060,0.05764,-49.07437,-2524.00000
0.37437,0.37602,0.37964,0.37076,0.37898,0.30695,0.31188,0.30103,0.31155,0.30563,0.06126,0.06060,0.06290,0.05830,0.06258,-49.07437,-2523.00000
0.37141,0.38161,0.37076,0.38095,0.37733,0.30662,0.30991,0.30958,0.30399,0.31090,0.06323,0.05994,0.05962,0.06060,0.06060,-49.48871,-2522.00000
0.37635,0.37470,0.37273,0.37898,0.37569,0.30662,0.30366,0.31254,0.30892,0.30794,0.06093,0.05698,0.05698,0.05962,0.05994,-49.48871,-2521.00000
0.38490,0.37766,0.38260,0.37470,0.37799,0.31090,0.30465,0.30991,0.30826,0.30859,0.06225,0.06225,0.06192,0.05830,0.05665,-49.51916,-2520.00000
0.37668,0.38029,0.37799,0.37372,0.37832,0.30300,0.30563,0.30498,0.30136,0.30202,0.05896,0.05797,0.05830,0.06126,0.05994,-49.51916,-2519.00000
0.37766,0.37569,0.37931,0.37701,0.37733,0.30300,0.30432,0.30366,0.30761,0.30728,0.05698,0.06126,0.06159,0.05797,0.06126,-49.32788,-2518.00000
0.37503,0.37898,0.37405,0.37405,0.37207,0.30399,0.31024,0.30136,0.30202,0.30958,0.05929,0.05633,0.05994,0.06093,0.05863,-49.32788,-2517.00000
0.37832,0.37503,0.37339,0.37931,0.37733,0.30695,0.30267,0.31057,0.30695,0.30761,0.05764,0.05929,0.05962,0.06389,0.06323,-49.04574,-2516.00000
0.37437,0.38029,0.37174,0.37701,0.37799,0.30399,0.30629,0.29971,0.30794,0.30892,0.05830,0.05797,0.06192,0.05896,0.05962,-49.04574,-2515.00000
0.37503,0.37602,0.37536,0.37536,0.37799,0.30498,0.30465,0.31024,0.30004,0.30366,0.05896,0.05764,0.06060,0.06192,0.06422,-49.01714,-2514.00000
0.38325,0.37865,0.37569,0.38095,0.37536,0.30530,0.30333,0.30267,0.30859,0.30629,0.05929,0.05962,0.05698,0.05764,0.06027,-49.01714,-2513.00000
0.36812,0.37701,0.37273,0.36911,0.37766,0.30267,0.30728,0.30596,0.30728,0.30432,0.05994,0.05731,0.06060,0.05994,0.05534,-48.51468,-2512.00000
0.37372,0.37635,0.37470,0.37602,0.37536,0.30728,0.30530,0.30662,0.30794,0.30794,0.05797,0.06192,0.05863,0.05501,0.06093,-48.51468,-2511.00000
0.36977,0.38128,0.37635,0.37964,0.37701,0.30530,0.30761,0.30826,0.30859,0.30333,0.05600,0.05962,0.05633,0.05665,0.05698,-48.21226,-2510.00000
0.38852,0.37306,0.37766,0.36977,0.37997,0.30958,0.31057,0.30300,0.30728,0.30958,0.05896,0.05698,0.06027,0.05600,0.06159,-48.21226,-2509.00000
0.37174,0.37437,0.37964,0.37668,0.37799,0.31024,0.30399,0.30662,0.30728,0.30366,0.05797,0.05929,0.06126,0.05764,0.05600,-47.65095,-2508.00000
0.37668,0.37635,0.37931,0.37898,0.37076,0.30399,0.30892,0.30662,0.30498,0.30728,0.05797,0.05994,0.05896,0.05567,0.06126,-47.65095,-2507.00000
0.37832,0.37964,0.37306,0.37865,0.37174,0.30202,0.30761,0.30563,0.30333,0.30859,0.06159,0.05271,0.05665,0.05567,0.05731,-47.32557,-2506.00000
0.37964,0.37635,0.37701,0.37997,0.37174,0.30267,0.30596,0.30563,0.30662,0.30465,0.05731,0.05962,0.05863,0.05896,0.05764,-47.32557,-2505.00000
0.37964,0.37733,0.37043,0.37569,0.37635,0.30432,0.30695,0.30267,0.30366,0.30136,0.06225,0.05896,0.05994,0.05863,0.05962,-47.91757,-2504.00000
0.37931,0.38062,0.37306,0.37997,0.37141,0.30136,0.30202,0.30530,0.30826,0.31221,0.06027,0.05962,0.05896,0.06027,0.05896,-47.91757,-2503.00000
0.37536,0.37733,0.37470,0.37668,0.37898,0.30596,0.30465,0.30859,0.30563,0.31122,0.05633,0.06225,0.05830,0.06258,0.05962,-48.36920,-2502.00000
0.37339,0.37536,0.37701,0.38128,0.37635,0.30465,0.30498,0.30826,0.31155,0.30267,0.05962,0.05896,0.05994,0.05863,0.05830,-48.36920,-2501.00000
0.37569,0.36845,0.37240,0.37997,0.37405,0.30925,0.30399,0.30892,0.30267,0.30892,0.05929,0.05994,0.05830,0.05797,0.05501,-48.82816,-2500.00000
0.38128,0.37470,0.37668,0.37207,0.37898,0.30136,0.30530,0.30563,0.30958,0.30695,0.05830,0.05962,0.05863,0.05962,0.05929,-48.82816,-2499.00000
0.37832,0.38194,0.37569,0.38128,0.37240,0.30761,0.30728,0.30333,0.30794,0.30761,0.05830,0.05764,0.05863,0.05863,0.05962,-48.49937,-2498.00000
0.37865,0.37733,0.38260,0.37405,0.37766,0.30366,0.30728,0.30761,0.30826,0.30498,0.05534,0.05764,0.05863,0.05731,0.05731,-48.49937,-2497.00000
0.37668,0.37569,0.37733,0.37010,0.37832,0.30202,0.30366,0.30728,0.30366,0.30563,0.05764,0.05863,0.05567,0.05994,0.05665,-49.06957,-2496.00000
0.37503,0.37733,0.38062,0.37733,0.37766,0.30530,0.30169,0.30761,0.30662,0.30826,0.05830,0.06126,0.05830,0.05764,0.06290,-49.06957,-2495.00000
0.37701,0.37536,0.37536,0.37536,0.37997,0.30498,0.30563,0.30399,0.30432,0.30728,0.05830,0.05929,0.06093,0.05929,0.05600,-49.24788,-2494.00000
0.37733,0.38227,0.37503,0.37273,0.37536,0.30859,0.30662,0.30432,0.30728,0.30859,0.05896,0.05896,0.06093,0.05797,0.05830,-49.24788,-2493.00000
0.38325,0.38293,0.37141,0.37799,0.37602,0.30530,0.30826,0.30794,0.30267,0.30629,0.05797,0.05994,0.06060,0.06159,0.05830,-49.26258,-2492.00000
0.37306,0.37733,0.37635,0.37569,0.38161,0.30530,0.30695,0.30761,0.30662,0.30761,0.05830,0.05797,0.05665,0.05764,0.05929,-49.26258,-2491.00000
0.37766,0.38128,0.37437,0.37602,0.37668,0.30530,0.30498,0.30596,0.30662,0.30859,0.05633,0.05896,0.05501,0.05501,0.05830,-48.77271,-2490.00000
0.37799,0.37766,0.38260,0.36780,0.38194,0.30366,0.30333,0.30925,0.30333,0.30925,0.05797,0.05962,0.06159,0.05468,0.05797,-48.77271,-2489.00000
0.38161,0.37931,0.37273,0.38029,0.36516,0.30563,0.30530,0.30859,0.31090,0.31188,0.05994,0.05929,0.05863,0.05896,0.05633,-48.53402,-2488.00000
0.37240,0.37865,0.37931,0.37931,0.38128,0.30892,0.30530,0.30629,0.30300,0.31024,0.06126,0.05830,0.05962,0.05863,0.05698,-48.53402,-2487.00000
0.37964,0.37701,0.37701,0.37174,0.37602,0.30563,0.30728,0.30826,0.30530,0.30366,0.05698,0.05797,0.05501,0.05830,0.05994,-48.34885,-2486.00000
0.37108,0.37865,0.37536,0.37503,0.37503,0.30202,0.30399,0.30563,0.30596,0.30728,0.06060,0.06060,0.06093,0.05534,0.05896,-48.34885,-2485.00000
0.37569,0.37931,0.37733,0.37964,0.37470,0.30366,0.30399,0.30169,0.30366,0.30465,0.05896,0.05797,0.05435,0.05863,0.05698,-47.71597,-2484.00000
0.37898,0.36878,0.38029,0.37602,0.37668,0.30794,0.30498,0.30399,0.30267,0.30892,0.05830,0.05633,0.05600,0.05567,0.05665,-47.71597,-2483.00000
0.37141,0.38260,0.38029,0.37733,0.37997,0.30991,0.30662,0.30662,0.30333,0.29971,0.05369,0.05764,0.05863,0.05665,0.05600,-47.49261,-2482.00000
0.37733,0.37437,0.37799,0.37273,0.37536,0.30662,0.30530,0.30530,0.30300,0.30498,0.05633,0.05896,0.06027,0.05369,0.05731,-47.49261,-2481.00000
0.37437,0.37207,0.38062,0.37405,0.37372,0.30761,0.30432,0.30399,0.30465,0.30925,0.05797,0.05665,0.05600,0.05830,0.05863,-47.58947,-2480.00000
0.37372,0.37339,0.37207,0.37799,0.37701,0.30498,0.30761,0.30991,0.31155,0.30333,0.05962,0.05665,0.05731,0.05534,0.05665,-47.58947,-2479.00000
0.38128,0.37701,0.37668,0.37898,0.37701,0.30695,0.30761,0.30596,0.30761,0.30629,0.05567,0.05600,0.05830,0.06126,0.05600,-47.26343,-2478.00000
0.37602,0.37602,0.36944,0.37766,0.38391,0.30629,0.31122,0.30794,0.30202,0.30465,0.05994,0.06126,0.05567,0.05797,0.05764,-47.26343,-2477.00000
0.37536,0.37635,0.37635,0.37668,0.37503,0.30958,0.30530,0.30530,0.30892,0.30432,0.05863,0.05929,0.05797,0.05962,0.05468,-47.79150,-2476.00000
0.37372,0.37437,0.37273,0.37964,0.37898,0.30892,0.30169,0.30695,0.31155,0.30794,0.05863,0.05764,0.05633,0.05633,0.05929,-47.79150,-2475.00000
0.37865,0.37372,0.38128,0.37832,0.37701,0.30399,0.30695,0.30728,0.30465,0.30991,0.05534,0.05731,0.05665,0.05731,0.05994,-48.07357,-2474.00000
0.37931,0.37536,0.37240,0.37898,0.38260,0.30794,0.31090,0.30596,0.31221,0.30826,0.05797,0.05994,0.05205,0.05369,0.05830,-48.07357,-2473.00000
0.37240,0.37964,0.37503,0.38391,0.37799,0.30530,0.30695,0.31418,0.30333,0.30859,0.05698,0.05567,0.05534,0.05764,0.06060,-48.58550,-2472.00000
0.37701,0.37635,0.37766,0.37602,0.37273,0.30991,0.30859,0.31122,0.30892,0.30333,0.05962,0.05896,0.05764,0.06027,0.05633,-48.58550,-2471.00000
0.38128,0.37372,0.37964,0.37240,0.37931,0.30530,0.30695,0.31254,0.30498,0.30629,0.05764,0.05600,0.05698,0.05830,0.05665,-49.01468,-2470.00000
0.37668,0.37931,0.37470,0.37668,0.38227,0.30826,0.30596,0.30629,0.30662,0.30925,0.05797,0.05896,0.05468,0.06093,0.05468,-49.01468,-2469.00000
0.38029,0.38161,0.37273,0.38457,0.37865,0.30958,0.30826,0.30826,0.30794,0.30695,0.05567,0.05665,0.05534,0.05764,0.06027,-48.91832,-2468.00000
0.38194,0.37602,0.36977,0.37569,0.37931,0.30695,0.31221,0.30300,0.31057,0.30925,0.05764,0.05896,0.05665,0.05863,0.05830,-48.91832,-2467.00000
0.38194,0.37174,0.38161,0.36944,0.37668,0.30892,0.30892,0.30662,0.30662,0.30563,0.05863,0.05698,0.05501,0.06126,0.05698,-49.59301,-2466.00000
0.38293,0.37339,0.37766,0.37503,0.38095,0.30498,0.30662,0.30925,0.30892,0.30794,0.05633,0.05337,0.05633,0.05896,0.05731,-49.59301,-2465.00000
0.37733,0.37635,0.37405,0.37832,0.37437,0.30991,0.31287,0.30300,0.30563,0.30629,0.05764,0.05534,0.05929,0.05929,0.06027,-49.79378,-2464.00000
0.37668,0.38490,0.37569,0.37437,0.37240,0.30892,0.30958,0.30761,0.30761,0.30366,0.05994,0.05731,0.05994,0.05633,0.05896,-49.79378,-2463.00000
0.37931,0.37701,0.37668,0.37931,0.37997,0.30728,0.30662,0.30991,0.30432,0.30399,0.06060,0.05633,0.05896,0.05665,0.05863,-49.73068,-2462.00000
0.38293,0.38457,0.37997,0.38391,0.38095,0.30596,0.30958,0.31024,0.30695,0.30859,0.05863,0.05501,0.05633,0.05468,0.06290,-49.73068,-2461.00000
0.37997,0.37306,0.37997,0.37207,0.38720,0.31024,0.30761,0.30629,0.31155,0.30530,0.05633,0.05863,0.05830,0.05731,0.06290,-49.53400,-2460.00000
0.38062,0.37799,0.37997,0.38424,0.37503,0.30629,0.30991,0.30958,0.31155,0.31583,0.05633,0.05731,0.05797,0.05534,0.05830,-49.53400,-2459.00000
0.37733,0.37569,0.38095,0.37470,0.37602,0.30596,0.30662,0.31188,0.31090,0.30859,0.05896,0.05863,0.05962,0.05534,0.06192,-49.73490,-2458.00000
0.37536,0.38293,0.38753,0.37865,0.38062,0.30794,0.30662,0.30465,0.30859,0.30728,0.05863,0.05534,0.05764,0.05435,0.05665,-49.73490,-2457.00000
0.37339,0.37668,0.37701,0.37865,0.37602,0.30728,0.30695,0.31320,0.30826,0.30662,0.05501,0.05764,0.05435,0.05534,0.05633,-49.65074,-2456.00000
0.37964,0.37602,0.37602,0.37306,0.37931,0.31024,0.31057,0.30202,0.30399,0.31024,0.05830,0.05994,0.06192,0.05731,0.05665,-49.65074,-2455.00000
0.37799,0.38358,0.37174,0.37799,0.37602,0.31221,0.30596,0.31090,0.30925,0.30596,0.05304,0.05797,0.05468,0.05797,0.05830,-49.92992,-2454.00000
0.37635,0.37997,0.37372,0.37733,0.38062,0.30695,0.30826,0.31090,0.31254,0.30530,0.06027,0.05600,0.05698,0.05337,0.05665,-49.92992,-2453.00000
0.37766,0.37931,0.38194,0.37865,0.37470,0.31386,0.31418,0.30826,0.30728,0.30366,0.05633,0.05731,0.05633,0.05830,0.05863,-49.81331,-2452.00000
0.37865,0.37865,0.37635,0.38029,0.38029,0.30958,0.30794,0.30498,0.30925,0.30892,0.05435,0.05764,0.05534,0.05600,0.05665,-49.81331,-2451.00000
0.37306,0.38556,0.37832,0.37865,0.37898,0.30826,0.30761,0.31287,0.30498,0.30629,0.05369,0.05534,0.05797,0.05600,0.05698,-49.63628,-2450.00000
0.38358,0.37339,0.38325,0.37964,0.37832,0.31122,0.31057,0.30991,0.30662,0.30892,0.05830,0.05633,0.05402,0.06192,0.05501,-49.63628,-2449.00000
0.38062,0.37536,0.37503,0.37799,0.37766,0.31155,0.30826,0.30794,0.31188,0.30925,0.05994,0.05764,0.05830,0.05600,0.05896,-49.37015,-2448.00000
0.37898,0.38194,0.37865,0.37799,0.37931,0.30991,0.30629,0.31024,0.30958,0.31254,0.05962,0.05797,0.05830,0.06060,0.05764,-49.37015,-2447.00000
0.37931,0.38062,0.38391,0.37569,0.38029,0.30826,0.30859,0.31320,0.30761,0.30761,0.05863,0.05402,0.05830,0.05731,0.05633,-49.29201,-2446.00000
0.37964,0.38391,0.38227,0.37141,0.37898,0.30859,0.30530,0.30300,0.30399,0.30695,0.05567,0.05830,0.06225,0.05534,0.05633,-49.29201,-2445.00000
0.37799,0.38161,0.37766,0.37536,0.37701,0.30794,0.30695,0.30958,0.31418,0.31386,0.05731,0.05797,0.05698,0.05863,0.05830,-48.96323,-2444.00000
0.37701,0.38260,0.37766,0.37964,0.38260,0.30925,0.30432,0.30728,0.30991,0.30761,0.05698,0.05830,0.05764,0.05797,0.06126,-48.96323,-2443.00000
0.38062,0.38457,0.38325,0.37569,0.38062,0.30925,0.30366,0.30563,0.30761,0.31057,0.05797,0.05567,0.05962,0.05633,0.05271,-48.82217,-2442.00000
0.37405,0.38358,0.37108,0.38391,0.38457,0.31221,0.30761,0.30498,0.30958,0.30859,0.05567,0.05731,0.05830,0.05764,0.05567,-48.82217,-2441.00000
0.38523,0.38095,0.37635,0.37832,0.37799,0.30761,0.30629,0.30695,0.30958,0.31353,0.05863,0.05830,0.05435,0.05501,0.05665,-48.35215,-2440.00000
0.37832,0.38194,0.38457,0.38161,0.38029,0.31254,0.31221,0.31090,0.31122,0.30728,0.05369,0.05896,0.05501,0.05435,0.05731,-48.35215,-2439.00000
0.38095,0.37799,0.38194,0.37898,0.38029,0.31155,0.30958,0.30629,0.31057,0.30366,0.05633,0.05698,0.05764,0.05435,0.05435,-48.13809,-2438.00000
0.38194,0.37997,0.38293,0.37010,0.38983,0.31221,0.30826,0.31221,0.30958,0.30662,0.05731,0.05797,0.05435,0.05600,0.05665,-48.13809,-2437.00000
0.38490,0.37733,0.38589,0.38325,0.38095,0.31024,0.30794,0.30432,0.30728,0.30629,0.05962,0.05633,0.05534,0.06027,0.05863,-47.58197,-2436.00000
0.37997,0.38095,0.38358,0.38029,0.38128,0.31221,0.31188,0.31287,0.30728,0.30892,0.05600,0.05830,0.05863,0.05830,0.05698,-47.58197,-2435.00000
0.38029,0.37536,0.38194,0.37569,0.38490,0.30465,0.30465,0.30892,0.30826,0.30991,0.05402,0.05435,0.05468,0.05764,0.05962,-47.37886,-2434.00000
0.37405,0.38424,0.38325,0.37470,0.38227,0.31024,0.31024,0.30629,0.30761,0.30925,0.05994,0.05764,0.05600,0.05567,0.05929,-47.37886,-2433.00000
0.38062,0.37832,0.38293,0.38260,0.37635,0.31122,0.30826,0.31155,0.30728,0.30859,0.05600,0.05764,0.05369,0.05764,0.05698,-48.34372,-2432.00000
0.38095,0.38128,0.38029,0.38095,0.37964,0.30563,0.30333,0.30465,0.30761,0.30892,0.05764,0.05501,0.05863,0.05501,0.05369,-48.34372,-2431.00000
0.38128,0.37733,0.38260,0.38194,0.38556,0.31287,0.31057,0.30892,0.30794,0.30728,0.05896,0.05797,0.05534,0.05534,0.05369,-48.24152,-2430.00000
0.37832,0.37832,0.38293,0.38095,0.37536,0.31090,0.31254,0.31188,0.30728,0.30826,0.05271,0.05402,0.05764,0.06126,0.05501,-48.24152,-2429.00000
0.37569,0.37733,0.38227,0.38029,0.37898,0.31122,0.30991,0.31287,0.30596,0.31155,0.05764,0.05830,0.05304,0.05600,0.05731,-48.72514,-2428.00000
0.37865,0.37437,0.38457,0.37997,0.37668,0.30728,0.30991,0.30991,0.30662,0.30596,0.05731,0.05896,0.05665,0.05665,0.05501,-48.72514,-2427.00000
0.38950,0.38325,0.37470,0.38293,0.37273,0.31287,0.30958,0.31024,0.30859,0.31287,0.05764,0.05534,0.05304,0.06126,0.05369,-49.60419,-2426.00000
0.38161,0.38095,0.38391,0.38029,0.37569,0.30892,0.30794,0.30826,0.30892,0.30695,0.05271,0.05665,0.05665,0.05731,0.05698,-49.60419,-2425.00000
0.37372,0.38062,0.37766,0.37701,0.37898,0.31057,0.30498,0.30826,0.31057,0.31287,0.05600,0.05304,0.05567,0.05830,0.05073,-50.52552,-2424.00000
0.38786,0.37964,0.37832,0.38161,0.38062,0.31287,0.30662,0.30826,0.30596,0.30958,0.05271,0.05567,0.05567,0.05698,0.05567,-50.52552,-2423.00000
0.37470,0.38029,0.37898,0.37766,0.38062,0.30794,0.30958,0.30958,0.30695,0.30596,0.05600,0.05468,0.05567,0.05468,0.05698,-50.19572,-2422.00000
0.37832,0.38260,0.37799,0.37733,0.38325,0.31254,0.30826,0.30761,0.31024,0.30728,0.05698,0.05665,0.05764,0.05665,0.05929,-50.19572,-2421.00000
0.37668,0.37602,0.37733,0.38161,0.38062,0.30925,0.31122,0.30925,0.30826,0.30728,0.05501,0.05304,0.05633,0.05205,0.05304,-50.26069,-2420.00000
0.37931,0.38325,0.37766,0.36911,0.38457,0.30695,0.31122,0.31024,0.30925,0.30728,0.05468,0.05435,0.05468,0.05567,0.05205,-50.26069,-2419.00000
0.38161,0.38260,0.37898,0.38161,0.38260,0.30892,0.30826,0.30695,0.30728,0.30859,0.05271,0.05205,0.05139,0.05600,0.05600,-50.19332,-2418.00000
0.37733,0.37602,0.38128,0.38161,0.37372,0.30794,0.30892,0.31122,0.30794,0.30794,0.05567,0.05271,0.05468,0.05139,0.05304,-50.19332,-2417.00000
0.38227,0.37898,0.37898,0.37536,0.38128,0.31090,0.30629,0.31122,0.30991,0.30892,0.05665,0.05567,0.05567,0.05172,0.05600,-49.17673,-2416.00000
0.37931,0.37766,0.37405,0.37536,0.37832,0.30530,0.30761,0.30794,0.30596,0.31057,0.05238,0.05402,0.05337,0.05337,0.05402,-49.17673,-2415.00000
0.38029,0.38391,0.37931,0.37964,0.37010,0.30892,0.30662,0.30892,0.31122,0.31221,0.05665,0.05337,0.05764,0.05205,0.04975,-48.59178,-2414.00000
0.38293,0.37405,0.37931,0.38062,0.37668,0.30662,0.30892,0.31024,0.31320,0.31221,0.05501,0.05731,0.05698,0.05402,0.05402,-48.59178,-2413.00000
0.38029,0.37174,0.37931,0.38161,0.38128,0.30563,0.31122,0.30794,0.30761,0.31057,0.05567,0.05501,0.05501,0.05665,0.05501,-49.07909,-2412.00000
0.38490,0.37799,0.38095,0.37832,0.37799,0.30991,0.30563,0.30530,0.30761,0.31287,0.05600,0.05468,0.05501,0.05468,0.05896,-49.07909,-2411.00000
0.37733,0.38358,0.37306,0.37832,0.38128,0.30465,0.30826,0.30333,0.31024,0.30695,0.05435,0.05271,0.05402,0.05567,0.05435,-48.84244,-2410.00000
0.38194,0.37832,0.37832,0.37832,0.37865,0.31418,0.30695,0.31057,0.30991,0.31090,0.05402,0.05271,0.05665,0.05600,0.05534,-48.84244,-2409.00000
0.37766,0.37832,0.37964,0.37832,0.37536,0.30958,0.30695,0.30563,0.31418,0.30892,0.05534,0.05271,0.05863,0.05501,0.05797,-48.63910,-2408.00000
0.37865,0.38029,0.38062,0.38194,0.37536,0.30596,0.30728,0.30859,0.30629,0.31090,0.05205,0.05567,0.05468,0.05534,0.05205,-48.63910,-2407.00000
0.38260,0.37405,0.37898,0.38161,0.38523,0.31024,0.30892,0.31484,0.30695,0.31122,0.05271,0.05501,0.05402,0.05567,0.05896,-48.20732,-2406.00000
0.37503,0.37832,0.37931,0.37964,0.37668,0.30728,0.30761,0.30761,0.31090,0.30465,0.05337,0.05534,0.05567,0.05205,0.05402,-48.20732,-2405.00000
0.38293,0.38983,0.37635,0.37701,0.38062,0.30859,0.31057,0.30826,0.30826,0.31057,0.05304,0.05369,0.05073,0.05369,0.05501,-47.82994,-2404.00000
0.37997,0.37668,0.37997,0.38128,0.38391,0.31221,0.30826,0.31090,0.30991,0.30892,0.05304,0.05271,0.05698,0.05172,0.05567,-47.82994,-2403.00000
0.38029,0.37437,0.37898,0.37701,0.37668,0.31287,0.31254,0.30794,0.31188,0.31155,0.05304,0.05468,0.05172,0.05534,0.05304,-48.04223,-2402.00000
0.38095,0.38095,0.37898,0.37865,0.38095,0.31188,0.31155,0.31188,0.31320,0.31221,0.05468,0.05830,0.05402,0.05468,0.05106,-48.04223,-2401.00000
0.37668,0.37997,0.37470,0.38062,0.37997,0.30958,0.30892,0.30826,0.30958,0.31155,0.05369,0.05304,0.05633,0.05435,0.05435,-48.84781,-2400.00000
0.37766,0.37766,0.37964,0.38358,0.37931,0.30991,0.30826,0.30629,0.31418,0.31122,0.05139,0.05304,0.05468,0.04975,0.05205,-48.84781,-2399.00000
0.37964,0.38161,0.37602,0.38391,0.37931,0.30794,0.30432,0.30958,0.30794,0.30826,0.04942,0.05435,0.05567,0.04975,0.05041,-49.31326,-2398.00000
0.37569,0.38029,0.37733,0.37306,0.37174,0.30432,0.31254,0.30892,0.30629,0.31090,0.04810,0.05337,0.05435,0.05271,0.05337,-49.31326,-2397.00000
0.37536,0.37997,0.37701,0.37997,0.37766,0.30695,0.30859,0.30629,0.30925,0.30794,0.05205,0.05271,0.05567,0.05304,0.05304,-49.56658,-2396.00000
0.37997,0.37898,0.38029,0.37701,0.37997,0.30859,0.31057,0.30596,0.30859,0.30925,0.05369,0.05172,0.05041,0.05139,0.05271,-49.56658,-2395.00000
0.37405,0.37207,0.37701,0.37766,0.38062,0.30695,0.30728,0.30432,0.30629,0.30794,0.05106,0.05172,0.05435,0.05534,0.05073,-49.60038,-2394.00000
0.37964,0.37405,0.38062,0.37964,0.37569,0.30728,0.30530,0.30761,0.31155,0.30958,0.05501,0.05633,0.05238,0.05238,0.05008,-49.60038,-2393.00000
0.37010,0.38786,0.38029,0.37668,0.37503,0.30563,0.30925,0.30761,0.30859,0.30728,0.05304,0.04942,0.05337,0.05534,0.05041,-48.75377,-2392.00000
0.37997,0.37602,0.38194,0.37174,0.37931,0.31254,0.31122,0.30530,0.30826,0.30991,0.05369,0.05337,0.05337,0.05073,0.05468,-48.75377,-2391.00000
0.38194,0.37898,0.37503,0.38391,0.37931,0.30892,0.30662,0.30925,0.30859,0.30563,0.05238,0.05369,0.05205,0.05106,0.05468,-49.06990,-2390.00000
0.38227,0.37437,0.37437,0.37997,0.37569,0.31024,0.30794,0.30333,0.30826,0.30070,0.05073,0.05304,0.04646,0.05369,0.05041,-49.06990,-2389.00000
0.37339,0.38227,0.37701,0.37997,0.37865,0.30761,0.31057,0.31024,0.30794,0.30629,0.05238,0.05205,0.05369,0.05271,0.05337,-48.74842,-2388.00000
0.37569,0.37931,0.38161,0.37964,0.38424,0.30728,0.30530,0.30695,0.30826,0.30169,0.05435,0.05731,0.05172,0.05106,0.04909,-48.74842,-2387.00000
0.37799,0.37635,0.37931,0.38062,0.37602,0.30728,0.30826,0.30432,0.30958,0.30794,0.05271,0.05468,0.05073,0.04843,0.05435,-48.27043,-2386.00000
0.38194,0.37931,0.37766,0.37733,0.38424,0.31221,0.30563,0.30794,0.30892,0.30958,0.05337,0.05106,0.05238,0.05205,0.05402,-48.27043,-2385.00000
0.37306,0.37470,0.37668,0.38161,0.37635,0.31221,0.31024,0.30761,0.30169,0.30695,0.05139,0.05468,0.04745,0.05073,0.05139,-47.99897,-2384.00000
0.37799,0.38325,0.37306,0.38227,0.37799,0.31024,0.30761,0.30432,0.31057,0.30991,0.04909,0.04745,0.05172,0.04810,0.05205,-47.99897,-2383.00000
0.38062,0.37470,0.38391,0.38029,0.38424,0.30761,0.30761,0.30498,0.30498,0.31122,0.05238,0.05238,0.05139,0.04810,0.05435,-48.04586,-2382.00000
0.38720,0.38128,0.38424,0.37766,0.37602,0.30958,0.31188,0.30859,0.30498,0.30892,0.05041,0.05008,0.05435,0.04876,0.05567,-48.04586,-2381.00000
0.37997,0.37701,0.38391,0.37832,0.37766,0.31254,0.31090,0.30662,0.31024,0.30958,0.05106,0.05534,0.05238,0.05534,0.05073,-48.07713,-2380.00000
0.37799,0.38621,0.37701,0.38358,0.37964,0.31155,0.30958,0.31221,0.30563,0.31320,0.05139,0.05139,0.05172,0.05172,0.05041,-48.07713,-2379.00000
0.38128,0.37997,0.38161,0.37931,0.37832,0.30892,0.30794,0.31418,0.30892,0.30826,0.05041,0.04942,0.05369,0.04942,0.05073,-48.20376,-2378.00000
0.38194,0.38095,0.38325,0.37635,0.38194,0.30958,0.31682,0.31024,0.30695,0.30958,0.04975,0.05205,0.05172,0.05567,0.05106,-48.20376,-2377.00000
0.38062,0.38128,0.38194,0.38260,0.37964,0.31254,0.31155,0.30892,0.30498,0.30761,0.04909,0.05238,0.05271,0.04777,0.04942,-48.60882,-2376.00000
0.38621,0.38293,0.38029,0.38391,0.37602,0.31254,0.31320,0.31254,0.30859,0.31188,0.05139,0.05008,0.04975,0.05172,0.04843,-48.60882,-2375.00000
0.38161,0.38424,0.37668,0.38556,0.37865,0.31254,0.30958,0.30925,0.31122,0.30333,0.05797,0.05238,0.05205,0.05139,0.05008,-48.49312,-2374.00000
0.37273,0.37964,0.38161,0.38457,0.38128,0.30563,0.30695,0.31780,0.30991,0.30892,0.05041,0.05238,0.05205,0.05567,0.05106,-48.49312,-2373.00000
0.38457,0.38490,0.38556,0.37832,0.38490,0.31057,0.30728,0.30925,0.30925,0.30629,0.04909,0.05073,0.04745,0.05041,0.04646,-49.00030,-2372.00000
0.37799,0.37865,0.37635,0.38029,0.37668,0.30629,0.31386,0.30859,0.31221,0.30991,0.04679,0.05139,0.04810,0.05106,0.05008,-49.00030,-2371.00000
0.37668,0.37997,0.38029,0.38227,0.37898,0.30794,0.30399,0.30761,0.31024,0.30629,0.05271,0.04975,0.05073,0.05106,0.04646,-49.28796,-2370.00000
0.37799,0.37602,0.37766,0.38095,0.37076,0.31320,0.31122,0.30432,0.31221,0.30596,0.05567,0.04909,0.04777,0.05041,0.04777,-49.28796,-2369.00000
0.38293,0.37898,0.37668,0.37964,0.38161,0.30892,0.30794,0.31353,0.31057,0.30925,0.05106,0.04843,0.04646,0.05304,0.04909,-49.76456,-2368.00000
0.38523,0.37536,0.37832,0.37898,0.38293,0.31386,0.30794,0.30892,0.30859,0.30925,0.04843,0.05205,0.04679,0.05041,0.05139,-49.76456,-2367.00000
0.37865,0.38194,0.37306,0.37931,0.37602,0.31254,0.31122,0.30859,0.30794,0.31550,0.05369,0.05271,0.05041,0.05172,0.04876,-49.45242,-2366.00000
0.38194,0.38885,0.37931,0.38523,0.37602,0.30991,0.30925,0.30892,0.31550,0.30859,0.04942,0.05041,0.05073,0.04843,0.05172,-49.45242,-2365.00000
0.37437,0.38128,0.38556,0.37766,0.37832,0.31122,0.31155,0.30695,0.30629,0.30695,0.05106,0.04942,0.05073,0.04942,0.05073,-49.59100,-2364.00000
0.37372,0.37964,0.37536,0.37964,0.37405,0.31122,0.31024,0.30958,0.31155,0.30596,0.05304,0.05337,0.05041,0.04876,0.05238,-49.59100,-2363.00000
0.38424,0.37898,0.38161,0.37240,0.38227,0.30695,0.31024,0.31188,0.31090,0.31024,0.04876,0.04580,0.04909,0.04876,0.04679,-49.27486,-2362.00000
0.37898,0.37668,0.37931,0.37766,0.37931,0.30234,0.31188,0.30958,0.31386,0.31155,0.05106,0.04810,0.05304,0.05106,0.05008,-49.27486,-2361.00000
0.37668,0.38128,0.37569,0.37997,0.37602,0.30859,0.30662,0.30892,0.30958,0.30925,0.04679,0.04909,0.05041,0.04876,0.04679,-49.15362,-2360.00000
0.37799,0.37733,0.38128,0.38062,0.37733,0.31122,0.30432,0.31155,0.31188,0.30629,0.05205,0.04909,0.04745,0.04843,0.05238,-49.15362,-2359.00000
0.37405,0.38062,0.37668,0.37405,0.37668,0.31320,0.30530,0.30728,0.31057,0.30596,0.04745,0.04580,0.04810,0.05041,0.04975,-48.52754,-2358.00000
0.37799,0.38029,0.38194,0.37372,0.38161,0.30892,0.30728,0.31090,0.31090,0.31122,0.04909,0.05073,0.04449,0.04646,0.04876,-48.52754,-2357.00000
0.38424,0.38128,0.37766,0.37832,0.37799,0.31221,0.30596,0.30695,0.30892,0.30530,0.04876,0.04810,0.04646,0.04613,0.05041,-47.96530,-2356.00000
0.38325,0.37372,0.38062,0.37931,0.37339,0.30826,0.30892,0.31057,0.30859,0.30826,0.04876,0.04679,0.04843,0.04909,0.04613,-47.96530,-2355.00000
0.37701,0.37766,0.37799,0.38260,0.38424,0.31320,0.30859,0.31057,0.30761,0.30530,0.04843,0.04909,0.04876,0.05106,0.04679,-48.37335,-2354.00000
0.37503,0.37701,0.37931,0.37997,0.37865,0.30794,0.30892,0.30826,0.30563,0.31090,0.05073,0.04745,0.04613,0.04942,0.04843,-48.37335,-2353.00000
0.37931,0.37668,0.37437,0.37832,0.37766,0.30794,0.30629,0.31320,0.30629,0.30596,0.04876,0.04942,0.04975,0.04580,0.04745,-48.76908,-2352.00000
0.37635,0.37766,0.38161,0.37898,0.38161,0.30958,0.30761,0.30826,0.30991,0.30432,0.04810,0.05106,0.04547,0.04679,0.04843,-48.76908,-2351.00000
0.38095,0.37569,0.37832,0.37766,0.38523,0.31418,0.31090,0.30794,0.30629,0.30794,0.04843,0.04876,0.04284,0.04777,0.04449,-48.49254,-2350.00000
0.37799,0.37372,0.37668,0.37997,0.37799,0.30530,0.30399,0.30498,0.30761,0.30728,0.04745,0.04843,0.04679,0.04679,0.05008,-48.49254,-2349.00000
0.37733,0.37733,0.37635,0.38062,0.38194,0.30662,0.30465,0.30465,0.31221,0.31122,0.04449,0.04712,0.04975,0.04580,0.04580,-48.62068,-2348.00000
0.37898,0.38325,0.37668,0.37668,0.38128,0.30958,0.30925,0.31122,0.31254,0.31090,0.04613,0.04942,0.04975,0.04909,0.04416,-48.62068,-2347.00000
0.37931,0.38358,0.37503,0.38260,0.38391,0.30498,0.30925,0.30695,0.31057,0.31024,0.04712,0.05106,0.04942,0.04613,0.04942,-48.61984,-2346.00000
0.38029,0.38029,0.37701,0.37602,0.38161,0.30202,0.30695,0.31024,0.31090,0.31320,0.04810,0.04646,0.04712,0.04876,0.04679,-48.61984,-2345.00000
0.38621,0.37766,0.38128,0.37635,0.38293,0.31090,0.31353,0.30991,0.30761,0.31287,0.04810,0.04679,0.04975,0.05008,0.04547,-48.76251,-2344.00000
0.37668,0.37635,0.38062,0.37635,0.37898,0.31090,0.31583,0.30892,0.30728,0.30563,0.04481,0.04679,0.04942,0.04810,0.04350,-48.76251,-2343.00000
0.38128,0.37635,0.38293,0.38062,0.37799,0.30826,0.31287,0.30991,0.30826,0.30991,0.04613,0.04613,0.04646,0.04745,0.04843,-49.04154,-2342.00000
0.37964,0.37437,0.38260,0.38358,0.37602,0.31057,0.31254,0.31386,0.30629,0.31188,0.04909,0.04843,0.04712,0.04810,0.04317,-49.04154,-2341.00000
0.38194,0.37569,0.37306,0.37832,0.38293,0.30366,0.31057,0.31024,0.30662,0.31122,0.04613,0.04481,0.05008,0.04613,0.04416,-48.68395,-2340.00000
0.38062,0.37898,0.37898,0.38029,0.37668,0.30826,0.31024,0.31057,0.30629,0.30662,0.04449,0.04810,0.04777,0.04679,0.04679,-48.68395,-2339.00000
0.37635,0.37865,0.38161,0.37997,0.37865,0.30892,0.30399,0.30662,0.30892,0.30530,0.04383,0.04580,0.04547,0.04514,0.04745,-48.78897,-2338.00000
0.37997,0.37799,0.38128,0.38260,0.37766,0.30432,0.30596,0.31090,0.30366,0.30794,0.04120,0.05008,0.04383,0.04646,0.04449,-48.78897,-2337.00000
0.38424,0.36878,0.38161,0.38391,0.37865,0.30794,0.30530,0.30925,0.31057,0.31024,0.04449,0.04317,0.04745,0.04153,0.04646,-49.09174,-2336.00000
0.37931,0.37339,0.37964,0.37733,0.38358,0.30169,0.30991,0.30530,0.30958,0.31155,0.04449,0.04251,0.04481,0.04087,0.04810,-49.09174,-2335.00000
0.37701,0.38095,0.37668,0.37701,0.38391,0.30794,0.30892,0.30563,0.30234,0.30563,0.04087,0.04580,0.04810,0.04383,0.04646,-48.81995,-2334.00000
0.37898,0.37799,0.37799,0.37240,0.37668,0.31122,0.31418,0.30826,0.30267,0.31188,0.04514,0.04481,0.04383,0.04383,0.04514,-48.81995,-2333.00000
0.38095,0.38029,0.37865,0.38260,0.38062,0.31024,0.30300,0.30136,0.30892,0.30859,0.04317,0.04481,0.03955,0.04087,0.04514,-49.44930,-2332.00000
0.38095,0.37931,0.37898,0.38227,0.37997,0.31616,0.31287,0.30892,0.30958,0.30629,0.04942,0.04251,0.04777,0.04350,0.04416,-49.44930,-2331.00000
0.38457,0.38095,0.37602,0.38062,0.37372,0.31024,0.30333,0.30892,0.31024,0.30728,0.04185,0.04416,0.04284,0.04745,0.04646,-49.44732,-2330.00000
0.37931,0.38358,0.38358,0.37273,0.37569,0.31254,0.31418,0.31254,0.31418,0.30859,0.04481,0.04646,0.04251,0.04514,0.04416,-49.44732,-2329.00000
0.38095,0.37799,0.37668,0.37733,0.38358,0.30958,0.31254,0.31024,0.30958,0.30826,0.04021,0.04284,0.04580,0.04613,0.04547,-48.88610,-2328.00000
0.37503,0.37865,0.37766,0.38095,0.38325,0.30892,0.31057,0.30892,0.30761,0.31057,0.04350,0.04383,0.04383,0.04350,0.04350,-48.88610,-2327.00000
0.37635,0.37766,0.37602,0.38095,0.38029,0.30761,0.30662,0.30695,0.31287,0.31090,0.04679,0.04613,0.04514,0.04350,0.04514,-48.87329,-2326.00000
0.37832,0.38391,0.37931,0.38227,0.38128,0.31024,0.31353,0.30859,0.30958,0.30826,0.04613,0.04350,0.03955,0.04383,0.04350,-48.87329,-2325.00000
0.38095,0.38062,0.37569,0.37964,0.37273,0.31320,0.31418,0.31287,0.30892,0.30859,0.04416,0.04449,0.04481,0.04580,0.04383,-48.67269,-2324.00000
0.38293,0.38095,0.38062,0.38029,0.37602,0.30826,0.30761,0.30563,0.30991,0.30629,0.04185,0.04547,0.04514,0.04613,0.04350,-48.67269,-2323.00000
0.37733,0.37964,0.37240,0.37766,0.37931,0.30695,0.30859,0.30892,0.30958,0.31024,0.04317,0.04416,0.04646,0.04120,0.04021,-48.87587,-2322.00000
0.37931,0.37470,0.37405,0.38062,0.37766,0.31320,0.30629,0.30563,0.31155,0.30925,0.04120,0.04185,0.04251,0.04185,0.04416,-48.87587,-2321.00000
0.37733,0.38194,0.38260,0.37832,0.38194,0.30859,0.30991,0.30925,0.31090,0.30432,0.04021,0.04449,0.04087,0.04185,0.04580,-48.56536,-2320.00000
0.37832,0.37668,0.38227,0.37964,0.38029,0.30695,0.30695,0.30925,0.30498,0.30958,0.04449,0.04317,0.04416,0.04547,0.03922,-48.56536,-2319.00000
0.37865,0.37799,0.37602,0.37602,0.37799,0.30728,0.30629,0.30695,0.30695,0.31221,0.04087,0.04153,0.04251,0.04251,0.04350,-48.53413,-2318.00000
0.37503,0.38424,0.37701,0.37898,0.38128,0.30892,0.30300,0.30925,0.30991,0.31418,0.04120,0.04284,0.04251,0.04646,0.04218,-48.53413,-2317.00000
0.38128,0.37931,0.38194,0.37832,0.37997,0.30662,0.30826,0.30794,0.30498,0.30695,0.04120,0.04153,0.04218,0.04284,0.04350,-48.22360,-2316.00000
0.37701,0.37372,0.37470,0.37766,0.38095,0.30958,0.30958,0.30925,0.30925,0.30596,0.04251,0.04218,0.03692,0.04317,0.04317,-48.22360,-2315.00000
0.37799,0.37569,0.37569,0.38029,0.37569,0.30629,0.30629,0.30728,0.30892,0.30925,0.04218,0.04284,0.04021,0.04087,0.04350,-48.27049,-2314.00000
0.38062,0.38029,0.37964,0.37733,0.37174,0.31155,0.30695,0.30826,0.30399,0.30695,0.03988,0.04054,0.04449,0.03922,0.04317,-48.27049,-2313.00000
0.37898,0.37635,0.37799,0.37766,0.37799,0.31057,0.31057,0.30958,0.30728,0.30892,0.04087,0.04284,0.04547,0.04185,0.04416,-48.42544,-2312.00000
0.37931,0.37503,0.38062,0.37668,0.37997,0.31057,0.30892,0.31024,0.30859,0.31122,0.04054,0.04449,0.04317,0.04120,0.04284,-48.42544,-2311.00000
0.38128,0.37997,0.38095,0.37405,0.37865,0.30662,0.30596,0.31418,0.30892,0.30498,0.04712,0.04054,0.03955,0.03955,0.03725,-48.57595,-2310.00000
0.37931,0.37372,0.38325,0.37931,0.38161,0.30695,0.30596,0.31024,0.30991,0.30958,0.04251,0.04185,0.03791,0.04087,0.04383,-48.57595,-2309.00000
0.37339,0.38062,0.37733,0.37931,0.38227,0.30465,0.31155,0.31320,0.31320,0.31386,0.03988,0.04350,0.03955,0.04153,0.04416,-49.49822,-2308.00000
0.37372,0.37076,0.36911,0.37997,0.37865,0.30465,0.31090,0.30892,0.30662,0.31188,0.04185,0.04185,0.03922,0.03659,0.03955,-49.49822,-2307.00000
0.37733,0.38194,0.37898,0.37536,0.38161,0.30662,0.30465,0.30498,0.30728,0.30794,0.04745,0.04087,0.03824,0.04251,0.03922,-49.93729,-2306.00000
0.37668,0.38128,0.37701,0.37766,0.37997,0.31221,0.30234,0.30859,0.30530,0.30958,0.03857,0.04383,0.04087,0.03659,0.03988,-49.93729,-2305.00000
0.37964,0.37470,0.37536,0.38194,0.37733,0.31057,0.30925,0.30300,0.30892,0.30662,0.03593,0.03988,0.04087,0.03988,0.04054,-50.02818,-2304.00000
0.37964,0.37602,0.37668,0.38194,0.37865,0.30333,0.30761,0.30530,0.30695,0.30991,0.04120,0.03922,0.03889,0.04153,0.04153,-50.02818,-2303.00000
0.37766,0.37865,0.37997,0.38029,0.37405,0.31122,0.30465,0.30925,0.30695,0.30892,0.03988,0.03725,0.03988,0.04087,0.03922,-49.79743,-2302.00000
0.37668,0.37470,0.38062,0.37898,0.37865,0.30498,0.30728,0.30465,0.30662,0.30892,0.03857,0.03791,0.03889,0.04054,0.03889,-49.79743,-2301.00000
0.38029,0.37470,0.37997,0.37668,0.38062,0.30761,0.30695,0.30563,0.30925,0.31057,0.04087,0.03889,0.03988,0.03626,0.04021,-49.81450,-2300.00000
0.37865,0.37405,0.38260,0.38161,0.37931,0.30859,0.30826,0.31024,0.31057,0.30695,0.04120,0.03791,0.03988,0.03857,0.04021,-49.81450,-2299.00000
0.37174,0.37635,0.37733,0.37470,0.37569,0.31057,0.31254,0.30958,0.30530,0.30761,0.04218,0.03593,0.04054,0.04054,0.04120,-49.51663,-2298.00000
0.37799,0.37635,0.37733,0.37766,0.37503,0.30826,0.30695,0.31057,0.30826,0.30892,0.03593,0.04120,0.03791,0.03988,0.03922,-49.51663,-2297.00000
0.37898,0.37076,0.38358,0.37865,0.37997,0.30859,0.30498,0.31451,0.30300,0.30826,0.04054,0.03824,0.03626,0.03791,0.03857,-49.69403,-2296.00000
0.38161,0.37733,0.38161,0.37865,0.37635,0.30695,0.30629,0.30465,0.30267,0.30465,0.03922,0.03857,0.03561,0.03725,0.03955,-49.69403,-2295.00000
0.37306,0.38029,0.37865,0.38029,0.38062,0.30728,0.30300,0.30925,0.30465,0.30728,0.03692,0.03791,0.03824,0.03659,0.03659,-49.57629,-2294.00000
0.37569,0.38194,0.37108,0.37701,0.37569,0.30037,0.30596,0.31155,0.30892,0.30662,0.03758,0.03824,0.03791,0.03758,0.03265,-49.57629,-2293.00000
0.37898,0.37799,0.37668,0.38325,0.37997,0.30794,0.30596,0.30333,0.30958,0.30662,0.03791,0.03561,0.03133,0.03988,0.03889,-49.10392,-2292.00000
0.37569,0.37733,0.37470,0.38227,0.37273,0.30432,0.31320,0.30925,0.30794,0.30662,0.03725,0.03429,0.03692,0.03758,0.03889,-49.10392,-2291.00000
0.38358,0.37339,0.37997,0.38062,0.38260,0.30892,0.30794,0.30695,0.30859,0.30596,0.03791,0.03495,0.03561,0.03528,0.03462,-48.28771,-2290.00000
0.37766,0.37536,0.38293,0.37470,0.37536,0.30465,0.31024,0.30662,0.30826,0.30991,0.03396,0.03429,0.03462,0.03297,0.04218,-48.28771,-2289.00000
0.37240,0.38029,0.37733,0.37964,0.37766,0.30826,0.30695,0.30826,0.31320,0.31155,0.03462,0.03330,0.03297,0.03692,0.03561,-46.36335,-2288.00000
0.37701,0.37635,0.38260,0.37701,0.38589,0.30629,0.30695,0.30695,0.30596,0.31122,0.03429,0.03824,0.03363,0.03528,0.03561,-46.36335,-2287.00000
0.37174,0.37931,0.37799,0.37240,0.37240,0.30761,0.30761,0.30728,0.30169,0.30859,0.03495,0.03593,0.03199,0.03725,0.03758,-44.53195,-2286.00000
0.37997,0.37865,0.37437,0.38424,0.37898,0.30695,0.30892,0.30925,0.30629,0.30563,0.03429,0.03725,0.03692,0.03363,0.04054,-44.53195,-2285.00000
0.37602,0.37043,0.38260,0.37437,0.37799,0.31122,0.30925,0.30563,0.30465,0.30761,0.03758,0.03297,0.03659,0.03626,0.03561,-43.28009,-2284.00000
0.37405,0.37799,0.37470,0.38128,0.38062,0.30826,0.30563,0.31287,0.31122,0.30958,0.03725,0.03692,0.03396,0.03561,0.03363,-43.28009,-2283.00000
0.37766,0.37635,0.37701,0.36977,0.38095,0.30399,0.31122,0.31122,0.30958,0.30300,0.03561,0.03297,0.03199,0.03199,0.03133,-42.07605,-2282.00000
0.37437,0.38095,0.37569,0.38029,0.37635,0.30629,0.30662,0.30662,0.30761,0.30925,0.03429,0.03363,0.03692,0.03528,0.03166,-42.07605,-2281.00000
0.37536,0.37635,0.38227,0.37010,0.37536,0.30826,0.31451,0.30530,0.30300,0.30761,0.03593,0.03626,0.03363,0.03495,0.03791,-43.64640,-2280.00000
0.37766,0.37766,0.37602,0.37799,0.38029,0.30794,0.30892,0.30596,0.30794,0.30695,0.03232,0.03462,0.03166,0.04054,0.03857,-43.64640,-2279.00000
0.38194,0.37569,0.38325,0.37635,0.38095,0.30695,0.31221,0.30728,0.30826,0.30432,0.03363,0.03462,0.03265,0.03462,0.03462,-45.26134,-2278.00000
0.38194,0.36681,0.38062,0.37405,0.37339,0.30596,0.30958,0.30596,0.30662,0.30761,0.03232,0.03495,0.03561,0.03363,0.03232,-45.26134,-2277.00000
0.38227,0.37865,0.37997,0.37536,0.37470,0.30892,0.30629,0.30300,0.30267,0.30498,0.03330,0.03232,0.03396,0.03330,0.03561,-46.29239,-2276.00000
0.37865,0.37931,0.37766,0.37141,0.37766,0.30728,0.30794,0.30826,0.30859,0.30563,0.03330,0.03133,0.03265,0.03593,0.03330,-46.29239,-2275.00000
0.38621,0.37635,0.37240,0.38161,0.37602,0.31057,0.31090,0.31024,0.30761,0.30234,0.02738,0.03100,0.03232,0.03330,0.03692,-46.84304,-2274.00000
0.37207,0.37635,0.37701,0.37766,0.37602,0.30695,0.31418,0.30629,0.30728,0.30859,0.03528,0.03232,0.03232,0.03330,0.03659,-46.84304,-2273.00000
0.37733,0.38325,0.37273,0.37799,0.37701,0.31122,0.30925,0.30695,0.30070,0.30563,0.03297,0.03232,0.03199,0.03462,0.03034,-47.43637,-2272.00000
0.37470,0.37865,0.37832,0.37273,0.37470,0.30662,0.31188,0.30695,0.30333,0.30794,0.03593,0.03297,0.03166,0.03001,0.03593,-47.43637,-2271.00000
0.37470,0.37964,0.37766,0.37405,0.37931,0.30530,0.30991,0.30925,0.30761,0.30432,0.03265,0.03034,0.03067,0.03067,0.03034,-48.25999,-2270.00000
0.37273,0.37635,0.37602,0.37635,0.37997,0.30695,0.30366,0.31090,0.30925,0.30794,0.03528,0.03363,0.03232,0.03199,0.03232,-48.25999,-2269.00000
0.37372,0.37865,0.37931,0.37766,0.37569,0.30925,0.30761,0.30695,0.30958,0.30629,0.02936,0.03100,0.03100,0.03232,0.03199,-48.73095,-2268.00000
0.38260,0.37240,0.38128,0.38029,0.38062,0.31057,0.30728,0.30991,0.30530,0.30728,0.03363,0.02936,0.03166,0.03297,0.03462,-48.73095,-2267.00000
0.37503,0.37701,0.37964,0.37602,0.38457,0.30794,0.30991,0.30629,0.30859,0.30563,0.03265,0.03330,0.03363,0.03297,0.03067,-48.46549,-2266.00000
0.37931,0.37931,0.37635,0.37635,0.37701,0.30991,0.30991,0.30596,0.30826,0.30958,0.02837,0.03100,0.02804,0.02705,0.02804,-48.46549,-2265.00000
0.37997,0.38062,0.37635,0.37766,0.37602,0.31024,0.31353,0.31155,0.30958,0.31254,0.02936,0.02968,0.03001,0.03001,0.03100,-48.52289,-2264.00000
0.37602,0.37668,0.37865,0.37733,0.37997,0.30826,0.30465,0.30728,0.30761,0.31090,0.03199,0.02837,0.03034,0.02968,0.03166,-48.52289,-2263.00000
0.38293,0.37964,0.37076,0.37733,0.37635,0.30432,0.30761,0.30629,0.31090,0.30596,0.03001,0.03199,0.02804,0.02968,0.02903,-48.74345,-2262.00000
0.37405,0.37503,0.37931,0.38227,0.37635,0.30465,0.30498,0.29938,0.30103,0.30958,0.02968,0.02672,0.02870,0.03100,0.03034,-48.74345,-2261.00000
0.37076,0.37536,0.38062,0.37701,0.37799,0.30465,0.30761,0.31188,0.30761,0.30728,0.03232,0.02771,0.02903,0.03067,0.02771,-48.87584,-2260.00000
0.38095,0.37997,0.38260,0.38358,0.37733,0.30695,0.31287,0.30530,0.30300,0.31090,0.03100,0.03166,0.02936,0.02607,0.02705,-48.87584,-2259.00000
0.37799,0.38358,0.37405,0.37964,0.37898,0.30695,0.30498,0.30695,0.30761,0.30794,0.02541,0.02738,0.02705,0.02870,0.02936,-48.77693,-2258.00000
0.37470,0.38523,0.37832,0.38194,0.37733,0.30629,0.31221,0.30629,0.31057,0.30728,0.03297,0.03034,0.03001,0.02903,0.03001,-48.77693,-2257.00000
0.37898,0.37569,0.37536,0.37931,0.37602,0.30794,0.30465,0.30859,0.31155,0.30794,0.03199,0.03001,0.02475,0.03001,0.02870,-48.81353,-2256.00000
0.37635,0.37536,0.38095,0.37470,0.37602,0.30958,0.31418,0.30695,0.30432,0.30826,0.02179,0.02968,0.02574,0.02541,0.03100,-48.81353,-2255.00000
0.38161,0.38029,0.37997,0.37799,0.37141,0.31090,0.31155,0.30892,0.30432,0.30826,0.02574,0.02705,0.03001,0.02968,0.02870,-48.66702,-2254.00000
0.38391,0.37536,0.37470,0.38589,0.37108,0.30794,0.30925,0.30958,0.30794,0.30728,0.02607,0.02771,0.02705,0.02179,0.02870,-48.66702,-2253.00000
0.37832,0.37668,0.37569,0.38227,0.38029,0.30728,0.30695,0.30629,0.30892,0.30498,0.02903,0.03067,0.02771,0.02804,0.02442,-48.07945,-2252.00000
0.37569,0.37799,0.37569,0.37701,0.37733,0.30958,0.30498,0.30662,0.30826,0.30695,0.02903,0.02541,0.02442,0.02968,0.02804,-48.07945,-2251.00000
0.38523,0.37635,0.38720,0.37668,0.37832,0.30366,0.30958,0.30892,0.31517,0.30563,0.02311,0.02344,0.02804,0.02508,0.03001,-48.38435,-2250.00000
0.37733,0.38227,0.37997,0.37372,0.37898,0.30892,0.31320,0.30859,0.30925,0.30300,0.02870,0.02738,0.02771,0.02968,0.02804,-48.38435,-2249.00000
0.37931,0.37931,0.37799,0.38227,0.38161,0.31122,0.30728,0.31024,0.30958,0.31155,0.02936,0.02607,0.02705,0.02508,0.02804,-48.08794,-2248.00000
0.37635,0.38194,0.38062,0.37437,0.37503,0.30728,0.30991,0.30695,0.30826,0.30991,0.02738,0.02672,0.03067,0.02804,0.02903,-48.08794,-2247.00000
0.37766,0.37635,0.37898,0.37766,0.37931,0.31155,0.30761,0.30498,0.30892,0.31090,0.02475,0.02508,0.02574,0.02738,0.02607,-48.23701,-2246.00000
0.37437,0.37536,0.37799,0.37832,0.38687,0.30399,0.31024,0.30498,0.30761,0.30794,0.02311,0.02344,0.02870,0.02475,0.02705,-48.23701,-2245.00000
0.37766,0.37569,0.37602,0.37306,0.38194,0.31024,0.30563,0.30563,0.31353,0.30399,0.02442,0.02475,0.02903,0.02541,0.02508,-48.66191,-2244.00000
0.36977,0.38457,0.38062,0.37766,0.37602,0.30925,0.31287,0.30563,0.30629,0.30794,0.02048,0.02344,0.02771,0.02146,0.02475,-48.66191,-2243.00000
0.37799,0.37832,0.37898,0.37536,0.38687,0.30728,0.30925,0.30662,0.30794,0.30991,0.02607,0.02640,0.02705,0.02245,0.02409,-49.23164,-2242.00000
0.37733,0.37339,0.37865,0.37964,0.37701,0.30530,0.30399,0.30826,0.30662,0.30465,0.02245,0.02311,0.02508,0.02607,0.02541,-49.23164,-2241.00000
0.38062,0.38194,0.37832,0.37898,0.37536,0.31057,0.30958,0.30530,0.30859,0.30761,0.02705,0.02475,0.02475,0.02344,0.02508,-49.14271,-2240.00000
0.38194,0.37766,0.37931,0.38260,0.37668,0.30958,0.30794,0.30991,0.31353,0.30892,0.02508,0.02672,0.02574,0.02574,0.02146,-49.14271,-2239.00000
0.37108,0.37832,0.38325,0.37635,0.37602,0.30596,0.31254,0.30925,0.31024,0.31024,0.02508,0.02015,0.02574,0.02705,0.02508,-48.62932,-2238.00000
0.38128,0.37470,0.37273,0.37931,0.37701,0.30958,0.30925,0.31320,0.30794,0.30925,0.02475,0.02311,0.02705,0.02080,0.02278,-48.62932,-2237.00000
0.37799,0.37733,0.37799,0.37766,0.37832,0.30925,0.31057,0.30892,0.30925,0.30859,0.02113,0.02541,0.02541,0.02113,0.02278,-48.92671,-2236.00000
0.37766,0.38227,0.37668,0.38029,0.38161,0.30925,0.30826,0.30925,0.31024,0.30629,0.02344,0.02475,0.02409,0.02409,0.02376,-48.92671,-2235.00000
0.37602,0.37898,0.37997,0.37470,0.37898,0.31155,0.30991,0.31550,0.31221,0.30958,0.01982,0.02442,0.02212,0.02080,0.02508,-48.60902,-2234.00000
0.38161,0.38029,0.37569,0.38062,0.37569,0.30794,0.31221,0.30925,0.30761,0.30629,0.02376,0.02278,0.02015,0.02376,0.02278,-48.60902,-2233.00000
0.38194,0.37832,0.38654,0.37635,0.38029,0.30563,0.31122,0.30925,0.30728,0.30662,0.02146,0.02179,0.01850,0.02376,0.02344,-48.31259,-2232.00000
0.37799,0.37865,0.37733,0.37701,0.37733,0.30596,0.30892,0.30925,0.30991,0.31090,0.02344,0.01982,0.02146,0.01949,0.02311,-48.31259,-2231.00000
0.38128,0.37306,0.37536,0.38128,0.38161,0.30761,0.30695,0.31188,0.30794,0.31155,0.02113,0.02442,0.02311,0.02442,0.02146,-48.25820,-2230.00000
0.38062,0.37832,0.37569,0.38062,0.37865,0.31090,0.31418,0.30695,0.30761,0.30958,0.02245,0.02574,0.02146,0.02080,0.02080,-48.25820,-2229.00000
0.37043,0.37733,0.37569,0.37799,0.38128,0.30761,0.30991,0.30662,0.30202,0.30300,0.02607,0.02015,0.01817,0.02278,0.01752,-47.77434,-2228.00000
0.38062,0.37141,0.37799,0.38161,0.37470,0.31221,0.30958,0.30761,0.30629,0.30925,0.02245,0.01850,0.02048,0.02311,0.01949,-47.77434,-2227.00000
0.37503,0.37701,0.37569,0.38029,0.36944,0.30991,0.30892,0.30826,0.31090,0.31188,0.02113,0.02278,0.02048,0.02376,0.02376,-48.15002,-2226.00000
0.38194,0.37668,0.37997,0.37964,0.37701,0.30728,0.30728,0.30629,0.31024,0.30662,0.02113,0.01949,0.01883,0.02080,0.01850,-48.15002,-2225.00000
0.38194,0.37503,0.37931,0.37832,0.38293,0.30728,0.30794,0.30629,0.30761,0.30794,0.02048,0.01719,0.02475,0.01916,0.02048,-48.08634,-2224.00000
0.38095,0.37865,0.37832,0.37701,0.37964,0.31155,0.30530,0.30629,0.30629,0.30695,0.02015,0.01916,0.01916,0.01916,0.01916,-48.08634,-2223.00000
0.38062,0.38325,0.38227,0.38293,0.37865,0.31221,0.31155,0.30892,0.30728,0.30958,0.01916,0.01982,0.01982,0.01850,0.01752,-48.21153,-2222.00000
0.37931,0.37536,0.37372,0.37865,0.37668,0.30925,0.31155,0.30991,0.31057,0.31221,0.01982,0.01752,0.02015,0.01982,0.01883,-48.21153,-2221.00000
0.37931,0.38062,0.38161,0.37898,0.37668,0.30629,0.30728,0.30958,0.30925,0.30695,0.01850,0.01949,0.01916,0.01883,0.01719,-48.30476,-2220.00000
0.37799,0.37405,0.37898,0.37701,0.36977,0.31122,0.30892,0.30925,0.30859,0.31188,0.01916,0.01719,0.01554,0.02113,0.02113,-48.30476,-2219.00000
0.38194,0.37076,0.38161,0.38194,0.37437,0.30991,0.30892,0.30892,0.31353,0.30498,0.01719,0.02080,0.01686,0.01784,0.01719,-47.00298,-2218.00000
0.37931,0.37964,0.38293,0.37733,0.38194,0.30728,0.30761,0.30892,0.31320,0.30563,0.01456,0.01686,0.01883,0.02080,0.01686,-47.00298,-2217.00000
0.38194,0.38095,0.37832,0.37931,0.37503,0.30596,0.30596,0.31188,0.30596,0.30859,0.01752,0.01653,0.01620,0.01916,0.01620,-45.87145,-2216.00000
0.38029,0.37207,0.37470,0.37339,0.38293,0.30958,0.30826,0.30465,0.31221,0.31122,0.01949,0.02048,0.01752,0.01752,0.02048,-45.87145,-2215.00000
0.38062,0.38062,0.37273,0.38260,0.37799,0.30465,0.31254,0.31122,0.30629,0.30892,0.01883,0.01653,0.01719,0.02113,0.01686,-44.01033,-2214.00000
0.37602,0.37701,0.37832,0.38029,0.37470,0.31221,0.30596,0.30498,0.30498,0.30794,0.01620,0.01916,0.01488,0.02048,0.01456,-44.01033,-2213.00000
0.38424,0.38227,0.38128,0.37503,0.37437,0.31122,0.30761,0.30991,0.30892,0.31188,0.02113,0.01521,0.01784,0.01784,0.01488,-43.06255,-2212.00000
0.38161,0.37733,0.37701,0.38227,0.37766,0.31122,0.30991,0.30958,0.30662,0.30267,0.01850,0.01883,0.01554,0.01883,0.01620,-43.06255,-2211.00000
0.37536,0.37503,0.38621,0.37174,0.37997,0.30728,0.30826,0.30695,0.30662,0.31155,0.01390,0.01554,0.01949,0.01127,0.01324,-44.54984,-2210.00000
0.37635,0.37733,0.37569,0.37832,0.38260,0.30958,0.30892,0.31057,0.30695,0.31057,0.02080,0.01752,0.01784,0.01752,0.01850,-44.54984,-2209.00000
0.38029,0.36944,0.38095,0.37865,0.37569,0.30761,0.30826,0.30991,0.31057,0.30037,0.01817,0.01324,0.01850,0.01850,0.01554,-45.44859,-2208.00000
0.37503,0.38227,0.37733,0.37635,0.37701,0.30695,0.31254,0.31451,0.31221,0.31320,0.01817,0.01752,0.01686,0.01521,0.01653,-45.44859,-2207.00000
0.37503,0.38095,0.37306,0.38095,0.37997,0.31090,0.31090,0.30892,0.30728,0.31353,0.01225,0.01390,0.01686,0.01488,0.01817,-45.72712,-2206.00000
0.37898,0.37503,0.38128,0.37898,0.38095,0.30826,0.30695,0.31122,0.30695,0.30958,0.01686,0.01488,0.01357,0.01258,0.01521,-45.72712,-2205.00000
0.38391,0.37306,0.37668,0.37997,0.38062,0.31057,0.31320,0.30794,0.30892,0.30859,0.01620,0.01357,0.01719,0.01357,0.01291,-46.55571,-2204.00000
0.37536,0.37733,0.38194,0.37766,0.37635,0.30892,0.30826,0.30991,0.31254,0.31353,0.01554,0.01192,0.01357,0.01456,0.01916,-46.55571,-2203.00000
0.38457,0.37339,0.37997,0.38095,0.37569,0.30991,0.30826,0.30399,0.30695,0.30563,0.01456,0.01587,0.01752,0.01784,0.01752,-46.98929,-2202.00000
0.38589,0.37799,0.37733,0.38424,0.37569,0.30859,0.30925,0.31155,0.31024,0.30662,0.01423,0.01291,0.01488,0.01982,0.01192,-46.98929,-2201.00000
0.37865,0.37569,0.37898,0.38260,0.38128,0.30925,0.31057,0.30728,0.30728,0.31254,0.01390,0.01028,0.01653,0.01225,0.01127,-47.13674,-2200.00000
0.37043,0.38062,0.37437,0.37832,0.37832,0.31188,0.31188,0.30892,0.31320,0.30958,0.01192,0.01784,0.01127,0.01587,0.01752,-47.13674,-2199.00000
0.36714,0.37602,0.38589,0.37832,0.37832,0.30892,0.30728,0.30761,0.30761,0.31057,0.01225,0.01521,0.01225,0.01258,0.01357,-47.37664,-2198.00000
0.37997,0.37602,0.37635,0.38128,0.37569,0.30530,0.31024,0.30794,0.30695,0.31024,0.01456,0.01587,0.01258,0.01488,0.01554,-47.37664,-2197.00000
0.38194,0.37076,0.38358,0.38029,0.37799,0.30662,0.30892,0.30892,0.31155,0.30991,0.01620,0.01587,0.01423,0.01423,0.01324,-47.50728,-2196.00000
0.37832,0.37799,0.37470,0.37865,0.37437,0.31221,0.30530,0.30892,0.30399,0.30596,0.01423,0.01160,0.01061,0.01225,0.01554,-47.50728,-2195.00000
0.37602,0.37766,0.38227,0.37141,0.37964,0.30794,0.31024,0.30859,0.30826,0.30498,0.01587,0.01324,0.01061,0.01357,0.01423,-48.14450,-2194.00000
0.38128,0.37503,0.37339,0.37701,0.37931,0.30596,0.30629,0.30629,0.31287,0.30794,0.01291,0.01127,0.01324,0.00929,0.01324,-48.14450,-2193.00000
0.37240,0.37339,0.37997,0.37569,0.37865,0.30761,0.31090,0.31320,0.30958,0.30925,0.01127,0.01390,0.01587,0.00995,0.01390,-48.51886,-2192.00000
0.38128,0.37437,0.37997,0.37536,0.38029,0.30366,0.30991,0.30859,0.30267,0.31353,0.01225,0.01423,0.01291,0.01291,0.01258,-48.51886,-2191.00000
0.37733,0.37602,0.37733,0.37569,0.37569,0.30662,0.30794,0.31024,0.30695,0.30563,0.01883,0.00995,0.01160,0.01127,0.01324,-48.64473,-2190.00000
0.37240,0.38029,0.37470,0.38029,0.37602,0.30991,0.31057,0.31254,0.30859,0.30366,0.01127,0.01456,0.01160,0.00864,0.01225,-48.64473,-2189.00000
0.37372,0.38457,0.37273,0.37799,0.37701,0.30761,0.30432,0.30662,0.31254,0.30991,0.01324,0.00995,0.01258,0.00831,0.01521,-48.77260,-2188.00000
0.37372,0.37668,0.38358,0.37207,0.38293,0.31155,0.31057,0.30859,0.30728,0.30958,0.01324,0.01291,0.01258,0.01094,0.01390,-48.77260,-2187.00000
0.37174,0.38194,0.37339,0.37931,0.37766,0.30925,0.30826,0.30728,0.30465,0.30432,0.00896,0.01456,0.01291,0.01357,0.01291,-49.19801,-2186.00000
0.37602,0.37536,0.37306,0.37997,0.37207,0.30925,0.30399,0.30958,0.30892,0.30498,0.01028,0.01061,0.01423,0.00995,0.00962,-49.19801,-2185.00000
0.37898,0.37273,0.38062,0.37733,0.37503,0.30826,0.30728,0.30695,0.31024,0.30826,0.00831,0.01127,0.01160,0.01061,0.01094,-49.22283,-2184.00000
0.37733,0.38260,0.38424,0.37174,0.37668,0.30925,0.30991,0.30629,0.30991,0.30892,0.01423,0.01488,0.00896,0.00765,0.00995,-49.22283,-2183.00000
0.37733,0.37668,0.37964,0.37898,0.37668,0.30925,0.30596,0.30728,0.30859,0.30498,0.01094,0.01094,0.01094,0.01028,0.00962,-48.88781,-2182.00000
0.37733,0.37733,0.38358,0.37602,0.37733,0.30925,0.30662,0.30826,0.30432,0.30826,0.01291,0.01061,0.00896,0.01094,0.01225,-48.88781,-2181.00000
0.38095,0.37470,0.38424,0.38062,0.37405,0.30761,0.30991,0.30826,0.31254,0.30958,0.01456,0.01357,0.00962,0.00765,0.01192,-49.07299,-2180.00000
0.37174,0.38128,0.37931,0.37536,0.38062,0.30728,0.31287,0.30892,0.31090,0.30859,0.01160,0.01324,0.00765,0.01160,0.00896,-49.07299,-2179.00000
0.38325,0.37799,0.37339,0.37635,0.37701,0.30826,0.30695,0.30925,0.30892,0.31221,0.00929,0.01324,0.01028,0.01028,0.01554,-48.87581,-2178.00000
0.37635,0.37635,0.37405,0.37865,0.37701,0.30662,0.30892,0.30859,0.30925,0.30695,0.00896,0.00699,0.01258,0.01028,0.00929,-48.87581,-2177.00000
0.37602,0.38062,0.37668,0.37437,0.38128,0.31057,0.30892,0.31254,0.31715,0.30958,0.00896,0.01192,0.00732,0.01357,0.01291,-48.96083,-2176.00000
0.38161,0.37207,0.37931,0.37503,0.38128,0.30629,0.30563,0.30859,0.30826,0.30728,0.00929,0.01258,0.00370,0.01061,0.00995,-48.96083,-2175.00000
0.37273,0.37503,0.37766,0.37536,0.37635,0.30136,0.31024,0.30695,0.30563,0.31188,0.00469,0.01225,0.01225,0.00272,0.00798,-48.20533,-2174.00000
0.37339,0.38358,0.37997,0.37865,0.37865,0.30728,0.30892,0.30366,0.30662,0.30794,0.01324,0.01160,0.01028,0.00995,0.00896,-48.20533,-2173.00000
0.37931,0.38424,0.37635,0.38293,0.37865,0.30432,0.30859,0.30991,0.30958,0.30991,0.00502,0.00469,0.00831,0.00798,0.01127,-47.68376,-2172.00000
0.37799,0.37997,0.37339,0.37832,0.38325,0.30728,0.31057,0.30629,0.31188,0.31057,0.01258,0.00864,0.00666,0.00798,0.00864,-47.68376,-2171.00000
0.37108,0.37766,0.37602,0.37405,0.37799,0.31057,0.30498,0.30465,0.30498,0.30629,0.00633,0.01028,0.00896,0.00732,0.00666,-47.74946,-2170.00000
0.38161,0.38029,0.37141,0.38029,0.37569,0.30892,0.31188,0.30958,0.30530,0.30761,0.00765,0.00535,0.00535,0.00831,0.00765,-47.74946,-2169.00000
0.37635,0.37997,0.37832,0.37635,0.37832,0.30859,0.31024,0.31122,0.30662,0.30728,0.00929,0.00732,0.00436,0.01160,0.00535,-47.79977,-2168.00000
0.37602,0.37701,0.37865,0.37602,0.36944,0.30892,0.30662,0.30859,0.30859,0.30728,0.00798,0.00831,0.01028,0.01192,0.00502,-47.79977,-2167.00000
0.38325,0.37602,0.38029,0.38062,0.38161,0.30794,0.30991,0.30794,0.30859,0.30826,0.00765,0.00666,0.00896,0.00666,0.00995,-47.69822,-2166.00000
0.37799,0.37043,0.38095,0.37470,0.37635,0.30563,0.30991,0.30859,0.30925,0.30925,0.00798,0.00140,0.00666,0.00962,0.00765,-47.69822,-2165.00000
0.37832,0.37898,0.37635,0.38227,0.37405,0.31517,0.30728,0.30695,0.31188,0.30629,0.00568,0.00633,0.00699,0.01094,0.00995,-48.11880,-2164.00000
0.37997,0.37437,0.38095,0.37766,0.37898,0.31024,0.30596,0.31057,0.30794,0.30695,0.00600,0.00929,0.00765,0.00929,0.00995,-48.11880,-2163.00000
0.37898,0.37799,0.37668,0.37273,0.38062,0.30498,0.31254,0.31090,0.31188,0.30925,0.00732,0.00535,0.00403,0.00633,0.00765,-48.61891,-2162.00000
0.37207,0.38260,0.38260,0.37799,0.37602,0.31188,0.30761,0.31353,0.30826,0.30530,0.00600,0.00568,0.00699,0.00666,0.00732,-48.61891,-2161.00000
0.38029,0.37437,0.38293,0.37141,0.38720,0.31221,0.30629,0.30530,0.30794,0.30629,0.01094,0.00732,0.00699,0.00831,0.00666,-49.00278,-2160.00000
0.37306,0.37273,0.37997,0.37997,0.37339,0.30958,0.31155,0.30629,0.30958,0.30958,0.00600,0.00798,0.00765,0.00600,0.00403,-49.00278,-2159.00000
0.37635,0.37536,0.37668,0.37470,0.37997,0.30925,0.30761,0.30826,0.30761,0.30925,0.00370,0.00568,0.00403,0.00765,0.00765,-49.13987,-2158.00000
0.37701,0.37898,0.37602,0.38194,0.38325,0.30794,0.31188,0.30761,0.30399,0.30991,0.00699,0.00239,0.00568,0.00008,0.00502,-49.13987,-2157.00000
0.37799,0.37536,0.37733,0.37766,0.37602,0.30596,0.30596,0.30563,0.30530,0.30498,0.00206,0.00502,0.00568,0.00535,0.00732,-48.81623,-2156.00000
0.37602,0.37865,0.37997,0.37865,0.37405,0.31024,0.30794,0.31155,0.31024,0.30826,0.00239,0.00666,0.00337,0.00403,0.00370,-48.81623,-2155.00000
0.37865,0.38194,0.37898,0.37898,0.37470,0.30925,0.31583,0.30958,0.30892,0.30761,0.00337,0.00337,0.00239,0.00337,0.00370,-48.95691,-2154.00000
0.37010,0.37668,0.37602,0.38194,0.36845,0.30826,0.30728,0.30826,0.30892,0.30530,0.00732,0.00140,0.00304,0.00107,0.00666,-48.95691,-2153.00000
0.38128,0.37339,0.37898,0.37273,0.37602,0.30826,0.31353,0.31057,0.31057,0.30925,0.00239,0.00535,0.00304,0.00568,0.00436,-48.76750,-2152.00000
0.37799,0.37470,0.37569,0.37832,0.37569,0.30629,0.31221,0.30892,0.30958,0.31254,0.00337,0.00370,0.00304,0.00600,0.00633,-48.76750,-2151.00000
0.37569,0.37832,0.37997,0.37865,0.37372,0.31057,0.30695,0.31188,0.30761,0.31024,0.00436,0.00568,0.00074,0.00666,0.00633,-48.46382,-2150.00000
0.37339,0.37635,0.37701,0.36977,0.37766,0.30925,0.31188,0.31418,0.31057,0.30728,0.00140,0.00107,0.00403,0.00436,0.00436,-48.46382,-2149.00000
0.37273,0.37931,0.38227,0.37931,0.37141,0.30892,0.31122,0.31386,0.31057,0.31090,0.00568,0.00304,0.00272,0.00239,0.00239,-48.52991,-2148.00000
0.37865,0.37569,0.38128,0.37273,0.37306,0.30761,0.31122,0.30991,0.31155,0.31057,0.00370,0.00403,0.00403,0.00272,0.00535,-48.52991,-2147.00000
0.37569,0.37405,0.36944,0.37437,0.37240,0.31155,0.30695,0.30925,0.30761,0.31386,0.00272,0.00008,0.00337,0.00140,0.00370,-48.42424,-2146.00000
0.37701,0.37668,0.37437,0.37141,0.37569,0.31155,0.31057,0.31057,0.31155,0.30826,0.00370,0.00272,0.00502,0.00337,0.00469,-48.42424,-2145.00000
0.37141,0.38095,0.37635,0.38029,0.37832,0.31057,0.31155,0.30859,0.30695,0.30662,0.00469,0.00272,0.00239,0.00304,0.00239,-48.03803,-2144.00000
0.38852,0.37635,0.37668,0.37865,0.37701,0.30826,0.30629,0.31057,0.30859,0.30958,0.00272,0.00370,0.00140,0.00239,0.00469,-48.03803,-2143.00000
0.36944,0.38424,0.37733,0.37470,0.37405,0.30596,0.30728,0.31320,0.30991,0.30596,0.00403,0.00337,0.00107,0.00206,0.00765,-48.67737,-2142.00000
0.37207,0.37470,0.37733,0.37536,0.37207,0.31155,0.30300,0.30728,0.31024,0.30728,0.00436,0.00403,0.00732,0.00403,0.00469,-48.67737,-2141.00000
0.37437,0.37997,0.37766,0.38227,0.37569,0.31024,0.31090,0.30465,0.31188,0.30530,0.00304,0.00337,0.00206,0.00272,0.00107,-48.65601,-2140.00000
0.37503,0.38062,0.37964,0.37733,0.37733,0.31188,0.31188,0.30761,0.30859,0.30991,0.00568,0.00140,0.00206,0.00403,0.00436,-48.65601,-2139.00000
0.37602,0.37273,0.37339,0.38358,0.37668,0.31057,0.31418,0.30958,0.30662,0.31188,0.00370,0.00304,0.00304,0.00633,-0.00123,-48.87451,-2138.00000
0.37536,0.38095,0.37733,0.37602,0.37306,0.31320,0.30695,0.30596,0.30662,0.30925,0.00436,0.00041,0.00535,0.00436,0.00206,-48.87451,-2137.00000
0.37898,0.37733,0.37931,0.37339,0.37569,0.31024,0.30958,0.30695,0.30728,0.30991,0.00304,0.00304,0.00666,0.00239,0.00272,-48.69141,-2136.00000
0.37405,0.37405,0.37536,0.37668,0.37536,0.30728,0.31287,0.30761,0.30925,0.30826,0.00272,0.00008,0.00173,0.00666,0.00403,-48.69141,-2135.00000
0.38293,0.37405,0.37701,0.37701,0.37832,0.30991,0.30991,0.30859,0.30596,0.30892,0.00206,0.00173,0.00272,0.00272,0.00239,-48.90788,-2134.00000
0.37043,0.37635,0.37898,0.37635,0.37832,0.30826,0.30563,0.30399,0.31188,0.31057,0.00633,0.00337,0.00337,0.00206,0.00107,-48.90788,-2133.00000
0.38260,0.37964,0.37799,0.37799,0.38720,0.31221,0.30629,0.30629,0.30991,0.30826,0.00041,0.00041,0.00272,0.00699,0.00370,-49.66743,-2132.00000
0.37635,0.37339,0.37569,0.37635,0.37964,0.30761,0.30498,0.30629,0.30991,0.31024,0.00370,0.00370,0.00008,0.00041,0.00370,-49.66743,-2131.00000
0.37997,0.37503,0.37339,0.38358,0.37898,0.31122,0.30728,0.31320,0.30892,0.30826,0.00074,0.00469,0.00436,0.00337,0.00502,-49.83851,-2130.00000
0.37141,0.37569,0.38095,0.38062,0.37470,0.30958,0.30695,0.30794,0.30958,0.31122,0.00864,0.00239,0.00403,0.00008,0.00304,-49.83851,-2129.00000
0.37273,0.38062,0.36615,0.37766,0.37569,0.30991,0.30761,0.30859,0.31155,0.30958,0.00206,0.00173,0.00206,0.00304,0.00206,-49.70516,-2128.00000
0.37865,0.37964,0.37536,0.38062,0.37733,0.30925,0.30695,0.30629,0.31155,0.31090,0.00765,-0.00156,0.00436,0.00403,0.00074,-49.70516,-2127.00000
0.38227,0.36845,0.37832,0.37997,0.37372,0.30826,0.30958,0.30925,0.30728,0.30399,0.00272,0.00502,0.00304,0.00337,0.00272,-49.34771,-2126.00000
0.37701,0.37470,0.38161,0.37470,0.37799,0.31188,0.31780,0.31155,0.30859,0.30695,0.00535,0.00272,0.00304,0.00337,0.00074,-49.34771,-2125.00000
0.37602,0.38062,0.37174,0.37799,0.37437,0.30596,0.31057,0.31451,0.31353,0.31386,0.00074,0.00239,-0.00156,0.00239,0.00107,-49.25752,-2124.00000
0.37470,0.37635,0.37405,0.38589,0.37536,0.31090,0.31155,0.31024,0.30498,0.30761,0.00239,0.00074,0.00041,0.00469,0.00370,-49.25752,-2123.00000
0.38062,0.37306,0.37997,0.37503,0.37964,0.30695,0.31057,0.31451,0.31451,0.31122,0.00239,0.00206,0.00304,0.00272,-0.00057,-49.29506,-2122.00000
0.38260,0.37273,0.37865,0.37964,0.37273,0.30465,0.31353,0.30695,0.31090,0.30695,0.00074,0.00403,0.00337,0.00272,0.00370,-49.29506,-2121.00000
0.37470,0.37766,0.37701,0.37832,0.37273,0.30629,0.30399,0.30761,0.30859,0.31320,0.00041,0.00304,0.00074,0.00074,-0.00123,-48.83668,-2120.00000
0.37174,0.38293,0.38325,0.37701,0.38062,0.30991,0.30728,0.30596,0.30761,0.31057,0.00107,0.00206,0.00337,-0.00057,0.00107,-48.83668,-2119.00000
0.37799,0.38029,0.37898,0.37997,0.37733,0.30958,0.30958,0.31057,0.30794,0.31122,0.00206,0.00140,0.00370,0.00041,0.00140,-48.65479,-2118.00000
0.37569,0.37997,0.37437,0.37372,0.38325,0.31090,0.30892,0.31122,0.30662,0.30728,0.00074,-0.00255,-0.00123,0.00272,-0.00090,-48.65479,-2117.00000
0.37701,0.37372,0.37470,0.37832,0.37668,0.30794,0.30629,0.30596,0.30629,0.30629,-0.00090,0.00008,0.00041,-0.00123,0.00272,-48.03060,-2116.00000
0.37668,0.37306,0.37635,0.37865,0.37733,0.30498,0.30596,0.31024,0.31122,0.31024,0.00502,-0.00189,0.00008,0.00304,0.00173,-48.03060,-2115.00000
0.37733,0.37339,0.37701,0.37931,0.37832,0.30728,0.30859,0.30892,0.30958,0.31024,-0.00090,0.00173,0.00173,0.00304,-0.00090,-47.94976,-2114.00000
0.37536,0.37405,0.37766,0.37569,0.37339,0.31451,0.30794,0.30826,0.30629,0.31057,-0.00090,0.00074,0.00337,0.00370,-0.00025,-47.94976,-2113.00000
0.38227,0.37470,0.37569,0.37602,0.37405,0.30761,0.30892,0.30958,0.30300,0.31188,0.00074,0.00272,-0.00321,0.00140,0.00107,-47.80961,-2112.00000
0.37733,0.37339,0.37569,0.36944,0.37701,0.31122,0.31057,0.30596,0.30859,0.30991,-0.00057,0.00206,-0.00025,-0.00353,0.00239,-47.80961,-2111.00000
0.37832,0.37766,0.37766,0.38128,0.37174,0.31090,0.31254,0.31287,0.30761,0.30761,0.00206,0.00370,0.00469,0.00041,0.00140,-48.08075,-2110.00000
0.37766,0.37635,0.37997,0.37536,0.37799,0.31057,0.30958,0.30629,0.30530,0.31386,-0.00123,0.00337,0.00008,0.00337,-0.00123,-48.08075,-2109.00000
0.37832,0.37997,0.37635,0.38227,0.38095,0.31287,0.31320,0.31320,0.31320,0.31024,-0.00090,-0.00156,0.00008,0.00041,-0.00090,-48.57076,-2108.00000
0.37865,0.37273,0.37964,0.37273,0.38095,0.31550,0.30596,0.31221,0.31188,0.31386,0.00272,-0.00288,0.00304,0.00008,-0.00025,-48.57076,-2107.00000
0.37240,0.37339,0.37832,0.37668,0.37273,0.30991,0.31188,0.30859,0.31254,0.31090,0.00206,0.00008,0.00041,0.00008,0.00272,-48.59470,-2106.00000
0.37174,0.37898,0.37174,0.37799,0.37503,0.30892,0.31122,0.31155,0.31155,0.31090,-0.00057,-0.00222,0.00008,0.00206,0.00074,-48.59470,-2105.00000
0.37470,0.37931,0.37010,0.37733,0.37207,0.31287,0.31418,0.31287,0.31353,0.31155,0.00008,0.00041,0.00272,0.00469,-0.00025,-48.83690,-2104.00000
0.37733,0.38095,0.37273,0.37273,0.38194,0.30925,0.30333,0.30794,0.31320,0.31715,0.00337,0.00107,-0.00025,-0.00123,0.00403,-48.83690,-2103.00000
0.37306,0.37898,0.37931,0.37273,0.37174,0.30958,0.30892,0.30695,0.30530,0.30596,-0.00025,-0.00222,0.00337,-0.00025,-0.00386,-48.52147,-2102.00000
0.37405,0.37997,0.37108,0.37602,0.38062,0.30498,0.30958,0.31024,0.30662,0.31024,0.00173,-0.00222,-0.00189,0.00140,0.00008,-48.52147,-2101.00000
0.37668,0.37207,0.37437,0.37207,0.38029,0.30761,0.30761,0.31287,0.30991,0.31122,-0.00123,0.00370,-0.00156,0.00370,-0.00255,-47.98892,-2100.00000
0.37865,0.37108,0.37602,0.37470,0.37536,0.30465,0.31122,0.30761,0.30892,0.30728,0.00173,-0.00090,-0.00090,0.00239,-0.00156,-47.98892,-2099.00000
0.37437,0.37733,0.37470,0.37964,0.37339,0.30761,0.30629,0.30892,0.30596,0.31024,-0.00222,0.00370,-0.00189,0.00304,-0.00057,-48.44769,-2098.00000
0.37865,0.37668,0.37701,0.37997,0.38029,0.31155,0.30826,0.31122,0.31024,0.30465,-0.00551,0.00337,0.00041,-0.00123,-0.00288,-48.44769,-2097.00000
0.37273,0.37569,0.37898,0.37470,0.37240,0.30596,0.30991,0.30859,0.31484,0.30794,-0.00025,0.00239,-0.00090,0.00140,-0.00156,-48.81214,-2096.00000
0.37569,0.37536,0.37536,0.37339,0.36780,0.30958,0.31155,0.30958,0.30465,0.30366,0.00239,-0.00025,-0.00090,-0.00189,0.00140,-48.81214,-2095.00000
0.37306,0.37141,0.37240,0.37108,0.37733,0.30662,0.30596,0.30530,0.30826,0.30761,0.00272,0.00403,-0.00025,0.00304,0.00206,-48.91349,-2094.00000
0.37437,0.38293,0.37536,0.37832,0.36944,0.31024,0.30761,0.30432,0.31188,0.30728,0.00140,0.00041,0.00272,-0.00288,-0.00288,-48.91349,-2093.00000
0.36714,0.37997,0.37503,0.37339,0.37865,0.30794,0.30794,0.30465,0.30794,0.30991,0.00173,-0.00222,0.00140,-0.00057,0.00074,-48.66694,-2092.00000
0.37174,0.38227,0.37503,0.37766,0.37832,0.30728,0.31221,0.30629,0.30728,0.30465,-0.00123,0.00074,0.00436,-0.00090,0.00304,-48.66694,-2091.00000
0.38260,0.36977,0.37832,0.37602,0.37865,0.30629,0.30530,0.30761,0.31024,0.31024,-0.00255,0.00173,-0.00386,0.00239,0.00140,-48.85739,-2090.00000
0.37503,0.37306,0.37437,0.37569,0.37339,0.30925,0.30761,0.30859,0.30859,0.31188,0.00140,0.00337,-0.00222,0.00239,0.00074,-48.85739,-2089.00000
0.37799,0.37273,0.37405,0.37766,0.37306,0.31090,0.30596,0.30366,0.31155,0.30925,-0.00025,0.00074,0.00337,0.00239,0.00041,-48.41143,-2088.00000
0.37207,0.37339,0.37799,0.37273,0.37898,0.30530,0.31188,0.30892,0.30728,0.30333,-0.00090,0.00107,0.00008,-0.00156,0.00107,-48.41143,-2087.00000
0.37207,0.37306,0.37733,0.37207,0.37141,0.30958,0.30925,0.31188,0.30498,0.30925,0.00206,-0.00321,-0.00386,0.00239,0.00304,-48.85307,-2086.00000
0.37602,0.37569,0.37306,0.37503,0.37207,0.30892,0.30695,0.30498,0.31254,0.30991,-0.00288,-0.00189,-0.00090,-0.00222,0.00074,-48.85307,-2085.00000
0.37405,0.37141,0.37635,0.37602,0.37733,0.31024,0.31057,0.30826,0.30596,0.30629,-0.00123,-0.00255,-0.00156,0.00107,-0.00321,-48.16116,-2084.00000
0.37240,0.37865,0.37635,0.37141,0.37536,0.31188,0.30662,0.31484,0.30530,0.30596,-0.00123,0.00304,0.00008,-0.00353,-0.00123,-48.16116,-2083.00000
0.37306,0.37405,0.38095,0.37339,0.37405,0.30728,0.31024,0.30892,0.30826,0.30629,0.00008,0.00041,0.00239,-0.00255,-0.00156,-48.10516,-2082.00000
0.37405,0.37043,0.37437,0.37799,0.38062,0.30432,0.30892,0.30662,0.30629,0.30728,-0.00321,-0.00288,0.00107,0.00173,0.00568,-48.10516,-2081.00000
0.36747,0.37569,0.37108,0.37569,0.37240,0.31122,0.30300,0.30794,0.30695,0.30596,0.00107,-0.00255,-0.00189,0.00140,-0.00156,-47.91646,-2080.00000
0.37503,0.37668,0.37898,0.37536,0.37503,0.31484,0.31221,0.31024,0.30826,0.31090,-0.00090,-0.00057,0.00206,0.00074,-0.00123,-47.91646,-2079.00000
0.37207,0.37470,0.37043,0.37832,0.37339,0.30761,0.30695,0.30794,0.30629,0.30761,0.00074,0.00140,-0.00222,0.00041,0.00239,-48.06247,-2078.00000
0.36845,0.37799,0.37339,0.36714,0.37997,0.31090,0.30629,0.31057,0.30925,0.31057,-0.00288,0.00107,-0.00189,0.00041,-0.00255,-48.06247,-2077.00000
0.37372,0.37470,0.37076,0.37108,0.37076,0.30761,0.30859,0.30662,0.31254,0.30991,-0.00452,-0.00057,0.00041,-0.00288,0.00173,-48.64321,-2076.00000
0.37174,0.37372,0.37043,0.37273,0.37306,0.30761,0.31090,0.30892,0.30826,0.30925,0.00140,-0.00025,0.00173,0.00008,0.00008,-48.64321,-2075.00000
0.37536,0.37273,0.37799,0.37635,0.37536,0.30629,0.30728,0.30761,0.31024,0.31254,-0.00025,-0.00189,0.00173,-0.00025,-0.00156,-49.54144,-2074.00000
0.37043,0.37372,0.37339,0.37076,0.37602,0.31024,0.30991,0.30958,0.30662,0.30958,-0.00090,0.00041,0.00074,0.00107,0.00206,-49.54144,-2073.00000
0.37668,0.37306,0.37503,0.37306,0.36911,0.31155,0.31090,0.31024,0.30695,0.31418,-0.00386,0.00041,0.00008,-0.00057,0.00173,-49.23531,-2072.00000
0.37470,0.37569,0.36977,0.36911,0.37372,0.31320,0.30925,0.30695,0.30530,0.30695,-0.00123,0.00370,0.00140,-0.00288,0.00008,-49.23531,-2071.00000
0.37076,0.37569,0.37733,0.37174,0.37503,0.30794,0.30892,0.31188,0.31057,0.30596,-0.00189,0.00337,-0.00222,0.00041,0.00008,-49.94593,-2070.00000
0.37437,0.37240,0.37174,0.37141,0.36977,0.30498,0.30991,0.30794,0.31057,0.30859,-0.00353,-0.00321,-0.00057,0.00107,-0.00025,-49.94593,-2069.00000
0.37405,0.37733,0.37108,0.37635,0.37733,0.31155,0.30794,0.30794,0.30958,0.30958,0.00140,-0.00057,-0.00189,-0.00156,-0.00057,-49.64983,-2068.00000
0.38227,0.36714,0.37043,0.37437,0.37470,0.30498,0.30366,0.31155,0.31090,0.30826,-0.00057,0.00074,0.00140,0.00008,0.00074,-49.64983,-2067.00000
0.37043,0.37339,0.37602,0.37799,0.37076,0.30925,0.30629,0.31057,0.30794,0.30728,0.00206,0.00041,-0.00057,-0.00123,0.00206,-50.02209,-2066.00000
0.37174,0.37108,0.37339,0.37766,0.36714,0.30925,0.30432,0.30662,0.30958,0.30695,0.00107,0.00436,0.00140,-0.00288,0.00074,-50.02209,-2065.00000
0.37569,0.37405,0.37108,0.37437,0.37043,0.30794,0.30859,0.30596,0.30563,0.31353,0.00173,-0.00123,-0.00090,0.00173,0.00173,-50.05379,-2064.00000
0.37832,0.36615,0.36944,0.37668,0.37240,0.31254,0.30530,0.31024,0.30563,0.30826,0.00041,-0.00057,0.00008,0.00173,0.00041,-50.05379,-2063.00000
0.37437,0.36878,0.36648,0.37010,0.36944,0.31155,0.31024,0.30366,0.30761,0.30761,-0.00156,-0.00123,0.00304,0.00239,0.00239,-49.46945,-2062.00000
0.37108,0.37898,0.38128,0.36747,0.37405,0.30958,0.30662,0.30991,0.30761,0.31155,-0.00189,-0.00452,-0.00156,-0.00090,0.00370,-49.46945,-2061.00000
0.37536,0.37536,0.37141,0.37470,0.37339,0.31090,0.30662,0.30465,0.30695,0.30596,0.00173,-0.00321,-0.00156,0.00403,-0.00485,-49.31915,-2060.00000
0.37240,0.37635,0.36911,0.36747,0.37108,0.30859,0.30563,0.30366,0.30498,0.30596,0.00008,0.00173,0.00173,-0.00123,0.00107,-49.31915,-2059.00000
0.36812,0.36944,0.36780,0.37207,0.36582,0.30267,0.30300,0.30958,0.31188,0.30695,-0.00518,0.00074,-0.00025,-0.00288,-0.00057,-49.04480,-2058.00000
0.37207,0.37108,0.37043,0.37701,0.37306,0.30662,0.30366,0.30794,0.30498,0.30794,0.00041,-0.00025,0.00239,-0.00123,0.00140,-49.04480,-2057.00000
0.37108,0.37306,0.37701,0.37339,0.36944,0.30794,0.30761,0.31122,0.31024,0.30728,0.00074,-0.00090,-0.00156,0.00206,-0.00156,-48.74797,-2056.00000
0.37141,0.37766,0.36878,0.37076,0.36944,0.30662,0.30596,0.31517,0.31024,0.31386,-0.00025,0.00469,0.00074,-0.00156,0.00074,-48.74797,-2055.00000
0.37207,0.36944,0.37108,0.37701,0.37536,0.30859,0.30958,0.30629,0.30465,0.31122,-0.00288,-0.00090,-0.00321,-0.00222,-0.00353,-48.82026,-2054.00000
0.36253,0.37733,0.37865,0.37010,0.37701,0.30958,0.30826,0.30958,0.30563,0.30859,-0.00189,0.00074,-0.00123,0.00008,-0.00485,-48.82026,-2053.00000
0.37043,0.37174,0.36977,0.37043,0.37832,0.31024,0.30991,0.30892,0.30991,0.30826,-0.00123,-0.00255,-0.00156,-0.00090,0.00041,-48.28252,-2052.00000
0.37339,0.37405,0.36418,0.37076,0.36780,0.31155,0.30991,0.30629,0.30859,0.30366,0.00008,-0.00222,-0.00090,-0.00682,-0.00189,-48.28252,-2051.00000
0.37437,0.37339,0.37503,0.37569,0.37339,0.30794,0.31024,0.31057,0.30695,0.30794,0.00008,0.00304,-0.00090,-0.00189,-0.00090,-48.57344,-2050.00000
0.37470,0.36549,0.37503,0.37339,0.36747,0.31122,0.30234,0.30991,0.30596,0.30859,0.00041,0.00041,-0.00222,-0.00156,-0.00057,-48.57344,-2049.00000
0.37372,0.37536,0.36845,0.37240,0.37240,0.30728,0.30991,0.31353,0.30794,0.30432,0.00107,-0.00025,-0.00189,-0.00025,0.00239,-48.67624,-2048.00000
0.37668,0.36845,0.37207,0.37569,0.36977,0.31122,0.30530,0.30629,0.31057,0.30826,-0.00353,0.00206,0.00107,-0.00123,-0.00222,-48.67624,-2047.00000
0.37043,0.37174,0.37865,0.37339,0.37635,0.31386,0.31418,0.30991,0.30892,0.31024,-0.00222,0.00239,-0.00123,0.00173,-0.00057,-49.02309,-2046.00000
0.37372,0.37372,0.37405,0.37076,0.37306,0.31221,0.31386,0.30859,0.30892,0.31155,0.00041,0.00436,-0.00156,0.00008,-0.00452,-49.02309,-2045.00000
0.37339,0.37273,0.37437,0.37339,0.37108,0.31484,0.31090,0.30794,0.30991,0.31254,-0.00321,-0.00189,0.00206,0.00008,0.00140,-49.31943,-2044.00000
0.36648,0.37766,0.37108,0.37010,0.37010,0.30925,0.30662,0.31287,0.30629,0.31188,0.00107,-0.00189,-0.00090,0.00008,0.00140,-49.31943,-2043.00000
0.37865,0.37372,0.37141,0.37339,0.37141,0.30728,0.30991,0.30991,0.30728,0.30563,0.00140,0.00206,-0.00255,0.00140,-0.00057,-49.23704,-2042.00000
0.37273,0.37635,0.36944,0.37207,0.36977,0.31090,0.31057,0.30662,0.30958,0.30695,-0.00025,-0.00025,-0.00090,0.00140,0.00074,-49.23704,-2041.00000
0.37339,0.37470,0.37602,0.37569,0.37108,0.30333,0.31057,0.30826,0.31090,0.31386,0.00008,-0.00156,-0.00123,-0.00255,-0.00123,-49.03075,-2040.00000
0.36878,0.37108,0.37503,0.37569,0.37437,0.30794,0.31024,0.30991,0.31024,0.31550,-0.00156,0.00173,-0.00386,0.00436,-0.00090,-49.03075,-2039.00000
0.36944,0.36977,0.37898,0.36549,0.36977,0.30794,0.31090,0.30596,0.31090,0.31057,-0.00057,0.00206,0.00107,-0.00025,0.00008,-49.41080,-2038.00000
0.36747,0.36977,0.37339,0.36944,0.37141,0.31188,0.30728,0.30728,0.31155,0.30563,0.00041,-0.00090,-0.00386,0.00008,-0.00156,-49.41080,-2037.00000
0.36944,0.37832,0.37372,0.37437,0.37372,0.30794,0.31024,0.31057,0.31418,0.30826,0.00041,-0.00057,0.00173,-0.00057,0.00206,-49.61696,-2036.00000
0.37470,0.37010,0.36911,0.37602,0.37437,0.31353,0.30826,0.30826,0.30300,0.31451,-0.00255,-0.00288,-0.00189,-0.00123,0.00074,-49.61696,-2035.00000
0.37306,0.37832,0.36911,0.37339,0.37076,0.31090,0.31517,0.30925,0.30794,0.30728,-0.00123,0.00074,-0.00156,-0.00156,-0.00025,-49.56723,-2034.00000
0.37339,0.37043,0.36615,0.36977,0.37405,0.30991,0.30695,0.30662,0.30958,0.30629,0.00107,-0.00189,-0.00452,-0.00123,-0.00123,-49.56723,-2033.00000
0.37108,0.37405,0.37372,0.37602,0.37569,0.31386,0.31188,0.30826,0.30958,0.30925,0.00041,-0.00189,-0.00090,-0.00123,-0.00057,-49.54547,-2032.00000
0.36615,0.37010,0.37602,0.37437,0.37273,0.30859,0.31484,0.30761,0.31484,0.30695,-0.00090,0.00041,-0.00156,0.00041,-0.00255,-49.54547,-2031.00000
0.37043,0.36977,0.37141,0.37405,0.37372,0.31024,0.30925,0.31057,0.31550,0.31517,-0.00090,0.00107,0.00041,0.00173,-0.00057,-49.26241,-2030.00000
0.37141,0.37076,0.37865,0.37273,0.37141,0.30629,0.30662,0.30695,0.30991,0.31090,0.00074,0.00041,0.00337,0.00107,-0.00156,-49.26241,-2029.00000
0.37339,0.37010,0.36878,0.36944,0.37043,0.31024,0.31122,0.31024,0.30794,0.31057,0.00041,0.00074,0.00502,0.00206,0.00272,-49.13393,-2028.00000
0.37470,0.36188,0.37207,0.36780,0.37405,0.30333,0.31024,0.31188,0.31287,0.31155,-0.00353,0.00008,-0.00057,-0.00321,0.00074,-49.13393,-2027.00000
0.37437,0.37240,0.36747,0.36977,0.37174,0.30662,0.31254,0.30728,0.30892,0.30629,0.00041,-0.00255,-0.00255,-0.00222,0.00041,-48.39560,-2026.00000
0.37076,0.37372,0.36911,0.37174,0.37503,0.31122,0.30728,0.30892,0.30892,0.30662,-0.00025,-0.00321,-0.00255,0.00140,-0.00222,-48.39560,-2025.00000
0.37043,0.37108,0.36418,0.37437,0.36747,0.31024,0.30563,0.30563,0.31024,0.30991,-0.00255,-0.00025,-0.00189,-0.00353,-0.00057,-48.39492,-2024.00000
0.36747,0.37141,0.36385,0.37470,0.36484,0.31155,0.31188,0.30432,0.31090,0.31090,-0.00321,0.00140,0.00140,0.00272,0.00008,-48.39492,-2023.00000
0.37766,0.36845,0.37306,0.37207,0.36878,0.30892,0.31122,0.30892,0.31024,0.31418,0.00173,0.00535,-0.00090,-0.00057,-0.00025,-48.23008,-2022.00000
0.37076,0.37174,0.36681,0.37405,0.37339,0.31517,0.30728,0.30728,0.31090,0.30958,0.00041,0.00304,0.00041,0.00041,0.00041,-48.23008,-2021.00000
0.37569,0.36944,0.37207,0.36780,0.37076,0.30826,0.31122,0.30563,0.31057,0.31320,-0.00386,-0.00255,-0.00288,0.00239,-0.00321,-47.78815,-2020.00000
0.36944,0.37207,0.37108,0.36812,0.37207,0.30826,0.30892,0.30596,0.31057,0.30695,0.00239,0.00107,-0.00156,0.00140,-0.00123,-47.78815,-2019.00000
0.36780,0.36681,0.37240,0.37602,0.37010,0.31550,0.31057,0.30695,0.30629,0.30563,-0.00222,0.00272,-0.00057,-0.00518,0.00008,-47.58305,-2018.00000
0.36681,0.37076,0.37010,0.37668,0.36878,0.31155,0.31122,0.30826,0.30596,0.30794,-0.00123,0.00272,0.00041,0.00107,0.00206,-47.58305,-2017.00000
0.37306,0.37635,0.37141,0.37141,0.37240,0.31090,0.30826,0.31057,0.30892,0.31090,-0.00288,0.00008,-0.00123,-0.00123,0.00107,-48.38219,-2016.00000
0.36845,0.37668,0.36878,0.36911,0.37240,0.30958,0.30991,0.30629,0.30991,0.30925,-0.00222,0.00140,-0.00057,-0.00255,0.00107,-48.38219,-2015.00000
0.37306,0.37437,0.37174,0.36681,0.37339,0.31254,0.31155,0.30728,0.30563,0.31155,0.00239,0.00337,-0.00025,-0.00090,0.00008,-48.27205,-2014.00000
0.37273,0.37141,0.37043,0.36911,0.37339,0.31550,0.30794,0.31221,0.30892,0.31090,-0.00386,0.00107,-0.00123,-0.00025,0.00173,-48.27205,-2013.00000
0.37536,0.36977,0.37306,0.37536,0.36944,0.30662,0.30925,0.30892,0.30728,0.30596,0.00074,-0.00025,-0.00057,-0.00255,-0.00156,-48.18560,-2012.00000
0.37108,0.37339,0.36714,0.37141,0.37043,0.31254,0.30826,0.30728,0.31057,0.31024,-0.00025,0.00173,-0.00090,0.00173,0.00041,-48.18560,-2011.00000
0.36681,0.36615,0.36714,0.36977,0.37470,0.30925,0.30596,0.31122,0.30629,0.31188,0.00107,-0.00057,-0.00123,-0.00321,0.00107,-48.22074,-2010.00000
0.37372,0.36681,0.37141,0.37306,0.37207,0.30859,0.30859,0.30892,0.31451,0.30629,0.00074,-0.00321,0.00140,-0.00156,-0.00057,-48.22074,-2009.00000
0.36845,0.36648,0.37207,0.36516,0.37470,0.31024,0.30761,0.31353,0.31320,0.31320,0.00107,-0.00090,0.00008,0.00074,-0.00189,-48.24579,-2008.00000
0.36911,0.37470,0.37207,0.37240,0.36878,0.30892,0.30629,0.30563,0.31386,0.30958,0.00008,0.00173,0.00304,-0.00419,-0.00419,-48.24579,-2007.00000
0.37174,0.36911,0.36516,0.37405,0.36582,0.30596,0.30761,0.31287,0.31418,0.30662,0.00074,-0.00288,-0.00090,-0.00090,-0.00123,-48.26249,-2006.00000
0.37372,0.36911,0.36911,0.36681,0.37076,0.31287,0.30991,0.31024,0.30530,0.30991,-0.00123,0.00272,0.00239,-0.00123,0.00008,-48.26249,-2005.00000
0.36615,0.36648,0.36878,0.36484,0.36648,0.30596,0.30958,0.31024,0.31090,0.30958,0.00206,-0.00255,-0.00222,0.00008,-0.00353,-48.86933,-2004.00000
0.36944,0.36582,0.36812,0.36122,0.36484,0.30695,0.30859,0.30794,0.30794,0.30695,-0.00025,0.00140,0.00008,-0.00189,-0.00156,-48.86933,-2003.00000
0.36714,0.36220,0.37174,0.36845,0.36812,0.30925,0.31122,0.31188,0.30465,0.30530,-0.00452,0.00008,-0.00025,-0.00156,0.00008,-48.71562,-2002.00000
0.36911,0.36484,0.37339,0.36385,0.37240,0.31057,0.31320,0.30465,0.31320,0.30728,0.00074,0.00107,0.00107,0.00239,-0.00123,-48.71562,-2001.00000
0.36319,0.36944,0.36352,0.37108,0.36944,0.31386,0.30695,0.31122,0.31090,0.30761,0.00074,-0.00386,-0.00025,-0.00189,-0.00025,-49.09329,-2000.00000
0.36516,0.36812,0.36615,0.37536,0.36845,0.30859,0.30826,0.30991,0.30728,0.30728,0.00074,0.00074,-0.00321,0.00272,-0.00123,-49.09329,-1999.00000
0.36944,0.37043,0.36582,0.36714,0.36944,0.31057,0.30728,0.30826,0.30761,0.31122,-0.00123,-0.00189,0.00140,-0.00057,-0.00321,-49.46877,-1998.00000
0.36812,0.36845,0.36714,0.36944,0.36549,0.30991,0.30958,0.30826,0.30892,0.30892,-0.00485,-0.00321,0.00074,-0.00123,0.00074,-49.46877,-1997.00000
0.36418,0.37076,0.36615,0.37273,0.36648,0.30892,0.30662,0.30563,0.31221,0.30991,0.00239,0.00008,0.00107,-0.00123,0.00206,-48.83856,-1996.00000
0.36878,0.36516,0.37207,0.36648,0.36451,0.30859,0.30991,0.31221,0.31090,0.30892,0.00173,0.00107,-0.00123,0.00272,0.00140,-48.83856,-1995.00000
0.36286,0.37108,0.36615,0.36220,0.36747,0.31024,0.31221,0.31155,0.30826,0.31090,0.00107,0.00041,-0.00255,0.00140,-0.00090,-48.28007,-1994.00000
0.36812,0.35892,0.36845,0.37240,0.36484,0.30432,0.31188,0.30794,0.30695,0.30530,0.00239,-0.00255,-0.00386,-0.00057,-0.00222,-48.28007,-1993.00000
0.36582,0.36878,0.36648,0.36516,0.36747,0.30761,0.30596,0.30728,0.30695,0.31057,0.00304,0.00337,-0.00189,-0.00321,0.00008,-47.93866,-1992.00000
0.37076,0.36648,0.37141,0.36220,0.36122,0.31024,0.30794,0.30925,0.31155,0.31320,0.00008,0.00041,-0.00288,0.00074,0.00074,-47.93866,-1991.00000
0.36549,0.37043,0.36780,0.36615,0.36977,0.30629,0.31024,0.31155,0.30925,0.30761,-0.00255,-0.00025,0.00173,-0.00025,0.00370,-47.82662,-1990.00000
0.36714,0.36286,0.36122,0.36451,0.36155,0.30826,0.30695,0.31287,0.30629,0.30991,-0.00123,-0.00156,-0.00090,0.00206,0.00008,-47.82662,-1989.00000
0.36582,0.36056,0.36484,0.36451,0.36549,0.30859,0.31287,0.31024,0.31451,0.31320,0.00107,-0.00025,-0.00123,-0.00025,-0.00156,-47.92934,-1988.00000
0.36648,0.36780,0.36582,0.36648,0.36253,0.31418,0.30794,0.30892,0.31254,0.30958,-0.00090,0.00206,-0.00288,-0.00123,-0.00189,-47.92934,-1987.00000
0.35990,0.37141,0.36220,0.37174,0.36648,0.30958,0.31090,0.31254,0.30958,0.30794,-0.00255,-0.00025,-0.00321,0.00041,-0.00222,-48.02874,-1986.00000
0.35924,0.35859,0.36155,0.36385,0.36944,0.30728,0.30728,0.30728,0.30728,0.30925,0.00074,0.00008,-0.00090,0.00173,-0.00189,-48.02874,-1985.00000
0.36516,0.36582,0.36188,0.36418,0.37273,0.30794,0.31188,0.30695,0.30958,0.30728,-0.00090,0.00074,-0.00189,-0.00057,0.00107,-48.32124,-1984.00000
0.36549,0.37635,0.35826,0.37207,0.36451,0.31188,0.31418,0.30794,0.30728,0.30892,-0.00222,0.00107,0.00008,-0.00288,-0.00321,-48.32124,-1983.00000
0.36484,0.36582,0.36582,0.37536,0.36944,0.31484,0.31090,0.30859,0.31057,0.30728,-0.00123,0.00041,-0.00189,0.00239,-0.00025,-48.32256,-1982.00000
0.36484,0.37043,0.36681,0.35957,0.36747,0.30695,0.30498,0.31155,0.31024,0.30563,-0.00057,0.00074,-0.00057,-0.00452,-0.00123,-48.32256,-1981.00000
0.36780,0.36714,0.36977,0.36385,0.35760,0.31024,0.30465,0.30728,0.30958,0.31188,-0.00255,-0.00025,0.00008,0.00074,0.00041,-48.55944,-1980.00000
0.36714,0.35924,0.36747,0.36812,0.36286,0.31254,0.31155,0.30695,0.30991,0.30794,0.00173,-0.00222,-0.00090,-0.00452,-0.00090,-48.55944,-1979.00000
0.36089,0.36845,0.37010,0.36385,0.36451,0.31057,0.31221,0.31122,0.31254,0.30695,-0.00090,0.00469,-0.00025,-0.00255,-0.00057,-49.01196,-1978.00000
0.36615,0.36418,0.36516,0.36286,0.36845,0.31024,0.31057,0.30991,0.30892,0.30958,-0.00255,0.00107,0.00074,0.00041,-0.00090,-49.01196,-1977.00000
0.36812,0.36155,0.35924,0.36188,0.36122,0.30826,0.31254,0.30925,0.31090,0.31090,-0.00057,0.00074,0.00140,-0.00123,-0.00156,-49.18506,-1976.00000
0.36319,0.35859,0.36615,0.36648,0.36319,0.30695,0.30761,0.30958,0.30925,0.30563,0.00206,-0.00025,-0.00123,0.00107,-0.00353,-49.18506,-1975.00000
0.36845,0.36911,0.36155,0.36286,0.36089,0.31451,0.31155,0.31057,0.30530,0.30892,0.00239,-0.00123,0.00041,0.00008,-0.00025,-48.97982,-1974.00000
0.36747,0.36319,0.36681,0.36812,0.36286,0.30629,0.31320,0.30892,0.31386,0.30662,0.00140,0.00304,-0.00090,-0.00353,-0.00189,-48.97982,-1973.00000
0.36155,0.36714,0.36220,0.36023,0.36319,0.30596,0.30859,0.30925,0.30662,0.30925,-0.00255,-0.00156,0.00272,0.00041,-0.00025,-48.66070,-1972.00000
0.36253,0.37141,0.36451,0.36615,0.36484,0.30530,0.30761,0.30892,0.30892,0.30826,0.00140,-0.00090,-0.00419,-0.00123,-0.00123,-48.66070,-1971.00000
0.35826,0.36418,0.36253,0.36681,0.36220,0.31254,0.31024,0.31090,0.30432,0.31155,-0.00156,0.00074,0.00107,0.00206,-0.00222,-48.43656,-1970.00000
0.36188,0.35924,0.36418,0.36812,0.36253,0.30399,0.30563,0.30991,0.30892,0.31057,0.00173,-0.00255,-0.00222,0.00074,-0.00419,-48.43656,-1969.00000
0.36089,0.36352,0.36122,0.36056,0.36253,0.31057,0.30761,0.30892,0.31057,0.31122,-0.00123,0.00370,0.00206,-0.00057,-0.00353,-48.67613,-1968.00000
0.36648,0.36385,0.36615,0.36418,0.36615,0.30761,0.30530,0.30761,0.30563,0.31057,0.00337,0.00107,0.00041,0.00008,0.00140,-48.67613,-1967.00000
0.36352,0.36155,0.36681,0.36319,0.35924,0.30991,0.30333,0.31484,0.31287,0.31221,0.00074,-0.00288,-0.00025,-0.00123,-0.00090,-48.37849,-1966.00000
0.36418,0.36319,0.36352,0.36122,0.36582,0.31090,0.31287,0.30892,0.31451,0.30958,0.00008,0.00173,-0.00222,0.00206,-0.00123,-48.37849,-1965.00000
0.37108,0.35826,0.36549,0.36286,0.36220,0.30629,0.31254,0.30629,0.30892,0.30826,-0.00090,0.00008,0.00074,-0.00090,-0.00321,-47.74223,-1964.00000
0.36582,0.36516,0.36155,0.36122,0.36549,0.31024,0.30859,0.31155,0.30563,0.30662,0.00041,0.00041,0.00041,-0.00025,-0.00288,-47.74223,-1963.00000
0.36516,0.36056,0.36714,0.36911,0.36385,0.30859,0.30892,0.31024,0.30958,0.31221,0.00107,0.00206,0.00074,-0.00321,0.00107,-48.28161,-1962.00000
0.36188,0.36188,0.36615,0.36188,0.36418,0.30859,0.31057,0.30892,0.30695,0.31024,-0.00255,-0.00255,-0.00057,0.00140,-0.00090,-48.28161,-1961.00000
0.36253,0.36286,0.36352,0.36845,0.36319,0.31122,0.30596,0.31484,0.30662,0.30826,-0.00353,0.00173,0.00074,-0.00090,-0.00255,-48.46215,-1960.00000
0.36056,0.36780,0.35826,0.37141,0.35859,0.30399,0.31155,0.30859,0.31090,0.30892,0.00140,-0.00386,0.00272,-0.00057,-0.00025,-48.46215,-1959.00000
0.35990,0.36549,0.35826,0.36418,0.36286,0.31320,0.30892,0.31057,0.30991,0.31188,-0.00485,0.00074,0.00041,0.00041,0.00041,-48.31071,-1958.00000
0.36319,0.36385,0.36615,0.36155,0.36451,0.30794,0.30958,0.30925,0.30794,0.30695,0.00008,0.00041,-0.00255,0.00107,-0.00025,-48.31071,-1957.00000
0.35990,0.36220,0.36549,0.36516,0.36878,0.30892,0.31155,0.31122,0.30300,0.31188,0.00140,-0.00485,-0.00222,0.00041,-0.00189,-48.96495,-1956.00000
0.36418,0.35497,0.36253,0.36681,0.36352,0.30892,0.30761,0.30728,0.30892,0.31155,-0.00222,-0.00321,-0.00057,-0.00025,0.00041,-48.96495,-1955.00000
0.36418,0.35694,0.36977,0.36122,0.36648,0.30958,0.30234,0.31155,0.31122,0.30958,-0.00090,-0.00156,0.00140,-0.00353,-0.00123,-48.96166,-1954.00000
0.36220,0.36451,0.35727,0.36253,0.36747,0.31353,0.31024,0.31221,0.31155,0.31682,-0.00255,0.00008,-0.00090,0.00173,-0.00057,-48.96166,-1953.00000
0.36056,0.36023,0.36155,0.35727,0.35924,0.30826,0.30366,0.30662,0.31155,0.31057,0.00041,0.00074,0.00041,0.00140,-0.00123,-48.89924,-1952.00000
0.35628,0.36681,0.36089,0.35859,0.35892,0.31550,0.31188,0.31090,0.31188,0.30859,0.00041,0.00370,-0.00353,0.00074,-0.00222,-48.89924,-1951.00000
0.36188,0.36253,0.36615,0.36582,0.35793,0.30563,0.30958,0.31386,0.30826,0.30892,-0.00057,-0.00255,0.00008,-0.00156,-0.00353,-49.51030,-1950.00000
0.36582,0.36253,0.35859,0.36023,0.36122,0.30728,0.31155,0.31155,0.31386,0.31221,-0.00057,-0.00156,-0.00156,0.00041,-0.00090,-49.51030,-1949.00000
0.36188,0.36418,0.35892,0.36747,0.36155,0.31221,0.31221,0.31353,0.30991,0.31254,0.00008,-0.00025,0.00008,-0.00123,-0.00123,-48.93623,-1948.00000
0.35859,0.35826,0.35431,0.35563,0.35628,0.30826,0.30991,0.31057,0.30826,0.30629,0.00469,-0.00255,0.00173,-0.00057,-0.00156,-48.93623,-1947.00000
0.35661,0.36155,0.36122,0.36549,0.36418,0.31221,0.31451,0.30892,0.31287,0.31583,-0.00452,-0.00123,0.00304,0.00074,0.00239,-49.19967,-1946.00000
0.36220,0.35661,0.35793,0.35826,0.35464,0.31254,0.30925,0.31386,0.31024,0.31484,0.00206,0.00041,-0.00222,0.00041,-0.00123,-49.19967,-1945.00000
0.36681,0.35694,0.35563,0.36056,0.36319,0.31155,0.31320,0.31024,0.31254,0.31057,0.00502,-0.00057,-0.00090,0.00370,-0.00057,-49.37693,-1944.00000
0.35464,0.35924,0.35892,0.35332,0.36582,0.31155,0.31122,0.31090,0.31122,0.30728,0.00008,-0.00222,-0.00025,-0.00419,0.00107,-49.37693,-1943.00000
0.35957,0.36188,0.35826,0.36352,0.35694,0.30498,0.30892,0.31287,0.31287,0.30761,-0.00025,-0.00288,0.00140,0.00074,0.00239,-49.06379,-1942.00000
0.35892,0.36056,0.35398,0.35760,0.35464,0.30892,0.30465,0.30826,0.31024,0.31353,-0.00123,-0.00321,0.00337,0.00074,-0.00189,-49.06379,-1941.00000
0.35661,0.35793,0.35727,0.35990,0.35859,0.30596,0.30563,0.30826,0.31320,0.31386,0.00206,0.00074,-0.00255,-0.00025,-0.00551,-48.78016,-1940.00000
0.35892,0.35628,0.35300,0.36056,0.35596,0.31057,0.30991,0.31550,0.30925,0.30695,0.00074,0.00206,-0.00123,-0.00386,0.00074,-48.78016,-1939.00000
0.35201,0.35365,0.35596,0.35760,0.36319,0.30991,0.30629,0.30991,0.30958,0.30859,0.00041,0.00041,-0.00189,-0.00156,0.00600,-48.96542,-1938.00000
0.35826,0.35760,0.36056,0.35497,0.35398,0.30761,0.31090,0.31090,0.31024,0.30695,-0.00386,-0.00025,-0.00189,0.00272,-0.00321,-48.96542,-1937.00000
0.35365,0.35596,0.36122,0.35267,0.36352,0.31353,0.30563,0.30728,0.30859,0.31122,0.00140,0.00304,-0.00025,-0.00123,-0.00156,-48.41835,-1936.00000
0.36319,0.35727,0.36023,0.35628,0.36155,0.31254,0.30958,0.31090,0.30958,0.31122,-0.00255,0.00140,-0.00156,-0.00025,-0.00090,-48.41835,-1935.00000
0.35727,0.35957,0.35530,0.35760,0.35300,0.31188,0.30728,0.30629,0.30761,0.30366,-0.00090,-0.00025,0.00206,-0.00353,-0.00288,-48.21966,-1934.00000
0.35036,0.36122,0.36056,0.35859,0.35859,0.30826,0.30794,0.31024,0.30695,0.30498,-0.00255,-0.00025,-0.00189,-0.00255,-0.00255,-48.21966,-1933.00000
0.35859,0.35826,0.36286,0.35628,0.35464,0.30892,0.30991,0.30826,0.31057,0.31024,0.00041,-0.00321,-0.00090,-0.00156,0.00074,-48.02697,-1932.00000
0.36122,0.35826,0.35300,0.35924,0.35431,0.31353,0.31221,0.30267,0.30925,0.31024,0.00304,-0.00255,0.00041,0.00041,-0.00189,-48.02697,-1931.00000
0.35563,0.35628,0.35793,0.35168,0.35957,0.30859,0.30892,0.30695,0.30826,0.30596,0.00008,-0.00025,0.00502,0.00074,0.00008,-48.24357,-1930.00000
0.35694,0.35398,0.36122,0.35924,0.35135,0.30892,0.30662,0.30859,0.30892,0.31024,0.00206,0.00140,-0.00090,-0.00288,0.00206,-48.24357,-1929.00000
0.35530,0.35892,0.35004,0.36220,0.35497,0.31287,0.31287,0.30695,0.31451,0.30761,0.00239,-0.00090,0.00370,0.00107,0.00041,-48.46121,-1928.00000
0.35760,0.35563,0.35826,0.36056,0.36089,0.30563,0.31057,0.30761,0.30695,0.31155,0.00107,0.00008,-0.00123,-0.00057,-0.00090,-48.46121,-1927.00000
0.35563,0.35530,0.35892,0.35990,0.34905,0.31090,0.30826,0.31221,0.31254,0.31090,-0.00222,-0.00123,0.00074,-0.00321,-0.00156,-48.44191,-1926.00000
0.35563,0.34872,0.35267,0.35431,0.34938,0.30859,0.30892,0.30794,0.30991,0.31386,-0.00222,0.00140,0.00206,-0.00419,-0.00057,-48.44191,-1925.00000
0.35563,0.35497,0.35760,0.35431,0.35760,0.31024,0.30892,0.30728,0.30695,0.31221,0.00074,0.00140,-0.00419,-0.00255,-0.00189,-48.39161,-1924.00000
0.35727,0.35694,0.35365,0.35694,0.35661,0.31155,0.30892,0.31155,0.30563,0.30662,-0.00025,-0.00353,0.00337,-0.00222,0.00206,-48.39161,-1923.00000
0.35530,0.35069,0.35957,0.35267,0.35135,0.30728,0.31090,0.31221,0.31155,0.30596,-0.00353,-0.00090,0.00272,-0.00090,-0.00025,-48.78940,-1922.00000
0.35826,0.35300,0.35727,0.35365,0.35990,0.30859,0.31122,0.30991,0.30498,0.30629,0.00107,0.00107,-0.00255,-0.00090,0.00173,-48.78940,-1921.00000
0.34971,0.35826,0.35661,0.35300,0.35332,0.30991,0.31122,0.30662,0.30530,0.30892,-0.00025,-0.00386,-0.00057,0.00107,-0.00156,-48.97646,-1920.00000
0.34872,0.35760,0.34938,0.35892,0.35168,0.30925,0.30826,0.31287,0.31122,0.30761,-0.00288,0.00173,-0.00288,-0.00025,-0.00255,-48.97646,-1919.00000
0.35497,0.35398,0.35300,0.35365,0.34872,0.31353,0.31057,0.31090,0.30859,0.30761,-0.00057,-0.00222,-0.00057,0.00074,0.00206,-48.70566,-1918.00000
0.35234,0.35563,0.35431,0.35563,0.35201,0.31122,0.30826,0.30991,0.30629,0.31517,0.00008,-0.00057,-0.00222,-0.00025,-0.00123,-48.70566,-1917.00000
0.35234,0.35661,0.35267,0.35234,0.35398,0.30826,0.31353,0.30892,0.30794,0.31188,0.00041,0.00337,0.00107,0.00008,-0.00123,-48.35423,-1916.00000
0.34806,0.35464,0.34971,0.34773,0.35661,0.30958,0.30958,0.31090,0.30892,0.30728,0.00272,0.00272,0.00107,-0.00057,-0.00386,-48.35423,-1915.00000
0.35727,0.35760,0.35990,0.35036,0.34905,0.30794,0.31090,0.31386,0.31484,0.31155,-0.00090,-0.00156,-0.00189,-0.00321,0.00008,-47.85790,-1914.00000
0.34938,0.35497,0.35596,0.35431,0.35267,0.31090,0.30563,0.31024,0.31090,0.30925,-0.00222,-0.00156,-0.00255,-0.00189,0.00107,-47.85790,-1913.00000
0.36089,0.35102,0.34675,0.35826,0.35464,0.30892,0.30695,0.30563,0.31057,0.30991,-0.00156,0.00041,-0.00025,-0.00222,0.00370,-44.73241,-1912.00000
0.35168,0.35036,0.35102,0.35431,0.35300,0.30596,0.30728,0.31024,0.31649,0.31122,-0.00452,0.00041,-0.00156,-0.00057,-0.00189,-44.73241,-1911.00000
0.34938,0.35727,0.34740,0.34708,0.35234,0.31024,0.31122,0.30794,0.31254,0.31221,-0.00090,-0.00288,0.00107,-0.00386,-0.00025,-42.39811,-1910.00000
0.35530,0.34872,0.35760,0.34872,0.35267,0.30826,0.31451,0.30991,0.30728,0.31221,0.00173,0.00041,0.00074,0.00074,-0.00321,-42.39811,-1909.00000
0.34839,0.35069,0.35102,0.35300,0.35069,0.31155,0.30826,0.30991,0.30958,0.31386,0.00337,0.00008,-0.00222,0.00041,-0.00353,-41.56944,-1908.00000
0.35135,0.35102,0.34773,0.35332,0.35168,0.30826,0.31024,0.30925,0.31221,0.30728,0.00173,-0.00156,-0.00255,-0.00189,-0.00057,-41.56944,-1907.00000
0.35957,0.35628,0.34938,0.34806,0.35497,0.30399,0.31155,0.30662,0.30794,0.30991,-0.00255,-0.00222,-0.00025,-0.00255,0.00173,-43.05313,-1906.00000
0.35069,0.35464,0.35102,0.35201,0.35300,0.30432,0.31221,0.30826,0.31122,0.31090,-0.00222,0.00140,-0.00156,-0.00090,0.00041,-43.05313,-1905.00000
0.35596,0.35036,0.35464,0.34872,0.34477,0.30761,0.31418,0.31155,0.31418,0.31024,-0.00518,0.00140,-0.00288,-0.00123,-0.00025,-44.34987,-1904.00000
0.35234,0.35135,0.35102,0.34905,0.35234,0.31155,0.31386,0.30530,0.30530,0.30991,0.00568,-0.00222,-0.00288,0.00074,-0.00025,-44.34987,-1903.00000
0.35201,0.35168,0.34642,0.35530,0.35004,0.31024,0.31188,0.30794,0.31090,0.31386,-0.00123,0.00337,0.00304,-0.00353,-0.00255,-45.91749,-1902.00000
0.34905,0.35332,0.35036,0.34609,0.35332,0.30826,0.31155,0.30925,0.30761,0.30892,0.00140,-0.00321,-0.00025,-0.00123,0.00041,-45.91749,-1901.00000
0.35596,0.35332,0.34708,0.35563,0.34806,0.30958,0.30826,0.30859,0.30695,0.30563,0.00008,0.00173,-0.00288,-0.00255,-0.00123,-46.51335,-1900.00000
0.34675,0.34971,0.34971,0.35135,0.34609,0.31649,0.30958,0.30859,0.31155,0.31057,0.00008,0.00140,0.00074,0.00337,0.00008,-46.51335,-1899.00000
0.35300,0.35102,0.34773,0.34773,0.34938,0.31057,0.31353,0.31024,0.31024,0.30728,0.00140,0.00140,-0.00090,-0.00485,0.00041,-46.77225,-1898.00000
0.35234,0.34477,0.34806,0.35135,0.35332,0.30761,0.31287,0.30991,0.30728,0.31090,0.00272,0.00074,0.00206,0.00008,0.00173,-46.77225,-1897.00000
0.34839,0.35332,0.34806,0.35431,0.34543,0.31057,0.30761,0.31122,0.31188,0.31122,-0.00025,0.00140,-0.00090,-0.00222,-0.00321,-47.05552,-1896.00000
0.35135,0.34971,0.35069,0.34806,0.34740,0.31155,0.30794,0.30695,0.31418,0.30465,-0.00025,0.00074,-0.00025,-0.00123,-0.00025,-47.05552,-1895.00000
0.34675,0.34477,0.34938,0.35300,0.34346,0.30991,0.31122,0.30925,0.30991,0.30991,-0.00057,0.00140,0.00008,0.00041,-0.00090,-47.57966,-1894.00000
0.34675,0.34477,0.34872,0.35069,0.34938,0.30859,0.30991,0.30892,0.31057,0.31090,-0.00156,0.00008,-0.00255,0.00206,-0.00452,-47.57966,-1893.00000
0.34872,0.34806,0.34708,0.34708,0.34872,0.31024,0.30695,0.30695,0.31122,0.30991,-0.00156,0.00041,0.00107,0.00272,-0.00057,-48.07557,-1892.00000
0.34247,0.34379,0.34510,0.35201,0.35004,0.30826,0.31090,0.30563,0.31418,0.30794,-0.00090,0.00173,0.00107,-0.00057,-0.00222,-48.07557,-1891.00000
0.34313,0.34839,0.34609,0.34214,0.34839,0.31188,0.30859,0.30267,0.30925,0.31122,-0.00123,0.00239,-0.00321,0.00272,0.00074,-48.18807,-1890.00000
0.34444,0.33819,0.34280,0.34050,0.34938,0.31057,0.31024,0.30465,0.30794,0.30925,-0.00189,0.00107,-0.00123,0.00107,-0.00156,-48.18807,-1889.00000
0.34148,0.34477,0.34115,0.34806,0.34773,0.31517,0.31122,0.31057,0.30892,0.30596,0.00239,-0.00057,0.00041,0.00041,0.00107,-48.62441,-1888.00000
0.34872,0.34642,0.34773,0.34510,0.34412,0.30958,0.31024,0.31418,0.31122,0.31254,-0.00255,-0.00353,-0.00057,0.00140,-0.00353,-48.62441,-1887.00000
0.34543,0.35102,0.34806,0.34839,0.34872,0.30761,0.31090,0.30991,0.31320,0.30958,0.00041,-0.00189,-0.00057,0.00074,-0.00222,-48.96249,-1886.00000
0.35300,0.33918,0.34872,0.34675,0.34444,0.31320,0.31353,0.30761,0.31254,0.31024,-0.00025,-0.00025,-0.00189,0.00074,-0.00123,-48.96249,-1885.00000
0.34115,0.34675,0.34115,0.34543,0.34839,0.30991,0.30728,0.31090,0.31024,0.31122,0.00107,0.00041,0.00239,-0.00518,-0.00189,-48.87864,-1884.00000
0.34148,0.33984,0.34675,0.34379,0.34214,0.30662,0.31353,0.31155,0.31024,0.30859,0.00140,0.00107,-0.00090,-0.00584,-0.00090,-48.87864,-1883.00000
0.34477,0.34148,0.34905,0.34773,0.34773,0.30695,0.31188,0.31353,0.30892,0.31254,0.00173,-0.00156,0.00206,-0.00321,0.00304,-49.31428,-1882.00000
0.33688,0.33589,0.34346,0.33918,0.34642,0.31386,0.31155,0.31024,0.30761,0.30958,0.00074,0.00206,-0.00419,-0.00156,-0.00452,-49.31428,-1881.00000
0.34280,0.33984,0.33918,0.34938,0.34115,0.30892,0.31057,0.30958,0.30366,0.31320,-0.00025,0.00370,-0.00321,-0.00255,0.00239,-49.60307,-1880.00000
0.34510,0.34412,0.34708,0.34280,0.34609,0.30958,0.31188,0.30728,0.30761,0.30662,0.00436,-0.00353,-0.00090,0.00008,-0.00156,-49.60307,-1879.00000
0.34444,0.34740,0.34313,0.33819,0.34280,0.31221,0.30794,0.30958,0.31386,0.31090,0.00239,0.00008,-0.00452,0.00469,-0.00090,-49.15595,-1878.00000
0.34379,0.34247,0.34017,0.33984,0.34839,0.31057,0.31122,0.30695,0.31122,0.31090,-0.00090,0.00041,-0.00189,-0.00057,0.00041,-49.15595,-1877.00000
0.34083,0.34675,0.34708,0.34280,0.33885,0.31090,0.30826,0.31188,0.31057,0.31287,-0.00090,-0.00090,0.00074,0.00008,0.00140,-48.64466,-1876.00000
0.34576,0.34017,0.34444,0.34148,0.33951,0.30925,0.31616,0.30530,0.31024,0.30794,-0.00057,0.00008,-0.00353,-0.00255,-0.00123,-48.64466,-1875.00000
0.34806,0.34181,0.33984,0.34740,0.34872,0.30958,0.31254,0.31122,0.30958,0.31221,-0.00057,-0.00025,-0.00222,0.00074,-0.00353,-47.62509,-1874.00000
0.34280,0.34576,0.33655,0.34346,0.33918,0.30991,0.31386,0.30892,0.31155,0.31320,-0.00353,0.00206,-0.00025,-0.00288,0.00337,-47.62509,-1873.00000
0.34280,0.34017,0.34083,0.34313,0.33688,0.31122,0.31221,0.31090,0.30629,0.31024,-0.00321,0.00206,0.00041,0.00173,-0.00156,-47.71848,-1872.00000
0.34181,0.35102,0.34346,0.33951,0.34313,0.31155,0.31320,0.31386,0.31386,0.30794,0.00206,0.00272,-0.00123,-0.00057,0.00041,-47.71848,-1871.00000
0.34576,0.33885,0.34181,0.34115,0.33819,0.30859,0.30826,0.30826,0.30794,0.31024,0.00008,0.00337,-0.00222,0.00041,-0.00057,-48.16812,-1870.00000
0.34247,0.34346,0.33622,0.33688,0.34938,0.31024,0.30892,0.30991,0.30859,0.30662,-0.00584,0.00370,-0.00551,-0.00255,0.00041,-48.16812,-1869.00000
0.33885,0.33622,0.34379,0.33523,0.34444,0.30958,0.30794,0.31517,0.31287,0.30794,-0.00321,0.00239,0.00206,0.00206,0.00107,-48.02028,-1868.00000
0.33721,0.34280,0.34247,0.34050,0.34642,0.31057,0.31188,0.31057,0.30859,0.31287,-0.00189,-0.00156,-0.00025,0.00140,0.00074,-48.02028,-1867.00000
0.34609,0.33622,0.33556,0.33819,0.33523,0.30826,0.31155,0.31386,0.30629,0.31024,0.00370,0.00337,-0.00025,-0.00386,-0.00222,-47.96730,-1866.00000
0.34313,0.33951,0.34017,0.33556,0.33754,0.30826,0.31353,0.30859,0.30498,0.31386,0.00041,0.00008,0.00173,-0.00255,-0.00025,-47.96730,-1865.00000
0.34148,0.33951,0.34017,0.34214,0.33885,0.30498,0.30432,0.30761,0.31254,0.30695,-0.00156,0.00041,0.00074,-0.00255,-0.00123,-47.94011,-1864.00000
0.33951,0.33885,0.33622,0.33951,0.33885,0.31386,0.30826,0.30991,0.31122,0.30826,-0.00057,-0.00288,-0.00222,-0.00189,-0.00386,-47.94011,-1863.00000
0.34214,0.33556,0.33458,0.34412,0.33754,0.31090,0.30728,0.31188,0.31122,0.31386,0.00074,-0.00255,-0.00353,-0.00353,-0.00025,-48.69510,-1862.00000
0.34510,0.33918,0.33918,0.33918,0.33491,0.31090,0.31254,0.30892,0.30465,0.30596,-0.00288,-0.00156,0.00074,-0.00156,-0.00025,-48.69510,-1861.00000
0.33852,0.33589,0.33556,0.33852,0.33721,0.30925,0.31122,0.30826,0.31057,0.30530,-0.00288,-0.00025,-0.00255,-0.00288,0.00041,-48.47577,-1860.00000
0.33885,0.33721,0.33819,0.33096,0.34050,0.30892,0.31155,0.30794,0.30728,0.30662,0.00173,-0.00321,-0.00057,0.00140,-0.00189,-48.47577,-1859.00000
0.34346,0.33819,0.33852,0.33787,0.33359,0.30761,0.31188,0.31386,0.31024,0.30728,-0.00123,-0.00156,0.00337,0.00107,-0.00123,-48.82271,-1858.00000
0.33326,0.33754,0.34280,0.33326,0.33951,0.31155,0.31057,0.31024,0.30892,0.30465,-0.00419,-0.00288,-0.00090,0.00008,0.00403,-48.82271,-1857.00000
0.33721,0.33523,0.33491,0.34050,0.33556,0.30925,0.31057,0.30530,0.31188,0.31122,-0.00321,-0.00123,-0.00057,-0.00321,0.00074,-48.94171,-1856.00000
0.33425,0.33523,0.33589,0.33260,0.33951,0.30991,0.30399,0.30859,0.31221,0.30761,-0.00156,0.00206,0.00074,-0.00189,-0.00551,-48.94171,-1855.00000
0.33754,0.33622,0.33556,0.33096,0.33129,0.30761,0.31583,0.30596,0.31813,0.30794,0.00008,-0.00090,0.00140,-0.00288,-0.00090,-49.30586,-1854.00000
0.33721,0.33589,0.33655,0.33885,0.33523,0.30958,0.31024,0.31813,0.31484,0.31221,0.00008,-0.00025,-0.00123,0.00008,-0.00057,-49.30586,-1853.00000
0.33984,0.33195,0.33293,0.33721,0.33852,0.31386,0.30892,0.30859,0.30399,0.31155,-0.00255,0.00272,-0.00255,0.00370,0.00041,-49.61537,-1852.00000
0.32734,0.33852,0.33556,0.33162,0.33523,0.30958,0.30695,0.30794,0.31090,0.31353,-0.00025,-0.00057,-0.00057,0.00107,-0.00255,-49.61537,-1851.00000
0.33195,0.33688,0.33359,0.33260,0.33030,0.30794,0.30859,0.30794,0.31188,0.31122,0.00370,-0.00025,-0.00123,-0.00057,0.00107,-49.23577,-1850.00000
0.33688,0.33096,0.33491,0.33326,0.33227,0.30695,0.31122,0.30399,0.30563,0.30958,-0.00156,-0.00025,0.00304,-0.00288,-0.00057,-49.23577,-1849.00000
0.33458,0.32964,0.33030,0.33359,0.33458,0.31090,0.30728,0.31090,0.30892,0.30761,-0.00057,0.00173,-0.00288,0.00272,-0.00255,-48.97456,-1848.00000
0.33260,0.33326,0.32767,0.32997,0.33063,0.30925,0.30563,0.30399,0.30662,0.30333,-0.00057,0.00008,0.00206,0.00107,-0.00123,-48.97456,-1847.00000
0.33293,0.33754,0.33392,0.33227,0.32866,0.30530,0.30826,0.30958,0.31122,0.30761,-0.00255,-0.00419,-0.00189,0.00140,-0.00386,-48.61162,-1846.00000
0.32339,0.33523,0.32734,0.33425,0.32997,0.30958,0.30662,0.30761,0.31254,0.30662,0.00206,0.00206,0.00304,-0.00288,0.00008,-48.61162,-1845.00000
0.32833,0.33392,0.32833,0.33129,0.32537,0.30794,0.30465,0.30695,0.30826,0.31254,-0.00156,-0.00518,-0.00321,0.00370,-0.00156,-48.19876,-1844.00000
0.32964,0.33392,0.33063,0.33721,0.33195,0.30826,0.31155,0.31057,0.31320,0.30728,-0.00057,-0.00057,-0.00189,-0.00090,-0.00419,-48.19876,-1843.00000
0.32635,0.33129,0.32997,0.33162,0.32734,0.30530,0.30794,0.30629,0.30728,0.31024,0.00041,-0.00353,0.00140,0.00140,-0.00255,-47.87144,-1842.00000
0.33491,0.32833,0.33162,0.33458,0.32833,0.30432,0.30596,0.31122,0.30958,0.30794,0.00370,-0.00025,-0.00321,-0.00057,0.00074,-47.87144,-1841.00000
0.32603,0.33458,0.33063,0.33227,0.32537,0.31057,0.31090,0.31353,0.30563,0.30629,-0.00288,-0.00156,0.00008,-0.00321,-0.00255,-47.58324,-1840.00000
0.32438,0.32734,0.32570,0.33162,0.32701,0.30958,0.30958,0.30695,0.30925,0.31155,0.00008,-0.00255,-0.00123,-0.00222,0.00173,-47.58324,-1839.00000
0.33129,0.32603,0.32504,0.33030,0.33293,0.31386,0.31024,0.30925,0.31254,0.31353,-0.00057,0.00074,0.00239,0.00074,0.00140,-47.67919,-1838.00000
0.32537,0.32866,0.33392,0.32339,0.32931,0.31090,0.31090,0.30695,0.30695,0.30925,0.00239,0.00173,-0.00156,-0.00419,0.00074,-47.67919,-1837.00000
0.32372,0.33129,0.32997,0.33260,0.32241,0.31090,0.30596,0.30892,0.30498,0.31090,-0.00057,-0.00419,-0.00189,0.00140,-0.00090,-47.46321,-1836.00000
0.33129,0.32274,0.33359,0.32964,0.32570,0.31254,0.31287,0.31254,0.31090,0.30794,0.00436,-0.00025,0.00041,-0.00090,-0.00025,-47.46321,-1835.00000
0.33622,0.32603,0.33162,0.32405,0.32866,0.30892,0.30859,0.30892,0.31024,0.30826,-0.00156,0.00041,-0.00353,-0.00255,-0.00156,-46.26942,-1834.00000
0.32339,0.32931,0.33556,0.32603,0.32241,0.31090,0.30366,0.30366,0.30794,0.31024,-0.00090,-0.00156,0.00272,0.00272,0.00107,-46.26942,-1833.00000
0.32899,0.32142,0.33326,0.32142,0.33392,0.31090,0.30761,0.30169,0.31057,0.31155,-0.00090,0.00140,-0.00123,0.00107,-0.00353,-44.30657,-1832.00000
0.32734,0.32372,0.32931,0.32635,0.32668,0.30859,0.31057,0.30859,0.30991,0.30892,-0.00189,0.00107,0.00074,0.00008,-0.00123,-44.30657,-1831.00000
0.32471,0.32307,0.32570,0.32635,0.32866,0.30892,0.31353,0.30826,0.30695,0.30892,0.00074,0.00140,-0.00025,0.00107,-0.00090,-42.72456,-1830.00000
0.31813,0.32997,0.32701,0.32471,0.32635,0.30859,0.30859,0.30761,0.30629,0.30859,-0.00123,0.00140,-0.00518,0.00074,-0.00222,-42.72456,-1829.00000
0.31715,0.32241,0.31912,0.32964,0.32833,0.31155,0.31024,0.31386,0.30958,0.30794,-0.00090,0.00337,0.00041,-0.00288,-0.00288,-43.82646,-1828.00000
0.32307,0.32668,0.32734,0.32438,0.32800,0.30991,0.31024,0.30958,0.30859,0.30892,0.00173,-0.00057,-0.00123,0.00370,-0.00189,-43.82646,-1827.00000
0.31879,0.32142,0.32537,0.32142,0.31978,0.30826,0.31057,0.30498,0.30925,0.30958,0.00107,-0.00057,-0.00682,0.00140,-0.00123,-44.57897,-1826.00000
0.32208,0.32405,0.32668,0.32833,0.32405,0.31320,0.30596,0.31188,0.31057,0.31090,-0.00025,-0.00353,0.00041,0.00107,-0.00288,-44.57897,-1825.00000
0.32570,0.32274,0.31912,0.31945,0.32471,0.31221,0.31057,0.31024,0.31090,0.31155,0.00206,-0.00156,-0.00025,0.00041,-0.00353,-45.52661,-1824.00000
0.32076,0.32701,0.32109,0.32800,0.32339,0.30662,0.30761,0.31057,0.31090,0.30892,-0.00222,0.00041,-0.00057,-0.00485,-0.00025,-45.52661,-1823.00000
0.32109,0.32603,0.32504,0.32307,0.32043,0.30728,0.31155,0.30958,0.30662,0.30859,0.00008,0.00337,0.00107,-0.00090,0.00140,-46.45459,-1822.00000
0.31616,0.32307,0.32438,0.32307,0.32800,0.31320,0.30859,0.30629,0.30794,0.30498,0.00206,0.00041,-0.00288,0.00403,-0.00123,-46.45459,-1821.00000
0.32076,0.33063,0.31879,0.32175,0.31747,0.31287,0.30892,0.30794,0.31221,0.31122,-0.00222,-0.00189,0.00173,-0.00025,-0.00057,-47.09277,-1820.00000
0.32208,0.31846,0.31945,0.32076,0.31747,0.31287,0.30826,0.30892,0.30761,0.31155,-0.00057,-0.00353,-0.00386,0.00008,-0.00288,-47.09277,-1819.00000
0.32076,0.31682,0.32274,0.32241,0.31747,0.30728,0.31353,0.30826,0.30958,0.30728,-0.00222,-0.00321,0.00173,0.00304,-0.00189,-47.51172,-1818.00000
0.32504,0.32603,0.31649,0.32274,0.31484,0.30859,0.31155,0.31155,0.31418,0.30892,-0.00156,-0.00222,0.00239,0.00206,0.00140,-47.51172,-1817.00000
0.31649,0.31879,0.32668,0.31616,0.32537,0.31057,0.31057,0.31057,0.30958,0.31024,-0.00123,-0.00090,-0.00353,-0.00156,-0.00222,-47.25716,-1816.00000
0.31418,0.31879,0.32076,0.31583,0.32175,0.31024,0.31287,0.30432,0.30563,0.31188,0.00304,-0.00123,0.00239,0.00206,-0.00288,-47.25716,-1815.00000
0.32767,0.31945,0.31386,0.32570,0.32241,0.30892,0.31747,0.31188,0.31353,0.31024,-0.00288,0.00140,0.00140,0.00074,0.00041,-47.51552,-1814.00000
0.32142,0.31353,0.32076,0.31846,0.31550,0.30563,0.31024,0.31386,0.30892,0.30695,-0.00321,-0.00222,0.00304,-0.00090,-0.00123,-47.51552,-1813.00000
0.31418,0.31978,0.32504,0.31024,0.31386,0.30859,0.31090,0.31090,0.31024,0.30761,-0.00090,0.00304,0.00107,-0.00090,0.00107,-47.84075,-1812.00000
0.31418,0.31879,0.31320,0.32372,0.31484,0.30333,0.30892,0.31386,0.30399,0.30925,0.00140,-0.00255,-0.00025,0.00436,-0.00156,-47.84075,-1811.00000
0.31945,0.31879,0.31846,0.31418,0.31747,0.31320,0.30498,0.31090,0.31057,0.30958,-0.00123,0.00206,-0.00123,0.00403,-0.00156,-47.63602,-1810.00000
0.31813,0.31418,0.31353,0.31846,0.31221,0.30728,0.31057,0.30563,0.30958,0.31517,-0.00123,-0.00189,-0.00353,-0.00025,-0.00255,-47.63602,-1809.00000
0.31583,0.31649,0.31616,0.31484,0.31287,0.30958,0.31254,0.30563,0.30892,0.30925,0.00041,-0.00353,-0.00288,-0.00090,-0.00025,-47.96015,-1808.00000
0.32011,0.31550,0.31550,0.31024,0.31386,0.31254,0.30530,0.30826,0.30728,0.30530,-0.00353,-0.00025,-0.00156,0.00206,0.00239,-47.96015,-1807.00000
0.31353,0.31846,0.31780,0.31320,0.31780,0.31155,0.31287,0.30958,0.30826,0.30596,-0.00222,-0.00057,0.00074,0.00008,0.00008,-48.54570,-1806.00000
0.31320,0.31254,0.31221,0.31616,0.31221,0.31057,0.30794,0.31122,0.31221,0.30925,-0.00353,-0.00189,-0.00485,-0.00025,-0.00353,-48.54570,-1805.00000
0.31418,0.31616,0.31254,0.30892,0.31090,0.31122,0.31057,0.31122,0.31287,0.30530,0.00173,0.00041,-0.00353,0.00107,-0.00057,-48.58938,-1804.00000
0.31090,0.31353,0.31320,0.30859,0.31188,0.30925,0.30826,0.30991,0.30498,0.30728,-0.00288,-0.00090,0.00403,-0.00090,0.00041,-48.58938,-1803.00000
0.31024,0.31747,0.31353,0.30958,0.30925,0.30629,0.31221,0.31057,0.30794,0.31024,0.00074,0.00008,0.00008,-0.00123,0.00140,-48.99937,-1802.00000
0.31418,0.31780,0.31583,0.30826,0.31057,0.30826,0.30859,0.30728,0.31057,0.30991,0.00008,-0.00156,-0.00057,-0.00123,-0.00353,-48.99937,-1801.00000
0.31583,0.31254,0.31221,0.31912,0.30761,0.30465,0.30958,0.31155,0.31320,0.30826,-0.00123,0.00140,-0.00025,-0.00156,-0.00123,-48.92764,-1800.00000
0.31090,0.31155,0.30662,0.30892,0.31155,0.30794,0.31517,0.31221,0.30826,0.30530,0.00173,0.00239,0.00173,-0.00123,0.00173,-48.92764,-1799.00000
0.31254,0.31484,0.31418,0.30366,0.31945,0.31320,0.31451,0.31122,0.31024,0.31024,-0.00288,0.00140,-0.00156,-0.00288,-0.00255,-49.20697,-1798.00000
0.31550,0.31122,0.31320,0.30596,0.30958,0.31024,0.30991,0.31221,0.30859,0.30794,0.00239,0.00502,0.00140,0.00173,-0.00288,-49.20697,-1797.00000
0.31090,0.30991,0.30629,0.30925,0.30826,0.30958,0.30596,0.31287,0.30925,0.30761,-0.00222,0.00008,0.00041,-0.00222,-0.00386,-49.20697,-1796.00000
0.30826,0.31287,0.30859,0.31024,0.30070,0.30826,0.30465,0.31024,0.30728,0.30892,0.00041,-0.00090,0.00107,0.00304,-0.00189,-49.20697,-1795.00000
0.30629,0.31188,0.30662,0.31155,0.31057,0.30761,0.31057,0.30234,0.31024,0.31188,-0.00123,-0.00123,-0.00123,-0.00386,-0.00025,-49.17183,-1794.00000
0.30892,0.30563,0.30728,0.31221,0.30695,0.31122,0.31254,0.30695,0.30826,0.30892,-0.00189,0.00140,-0.00288,-0.00123,-0.00288,-49.17183,-1793.00000
0.30662,0.30892,0.30892,0.30267,0.31155,0.30991,0.30530,0.31287,0.30695,0.31188,0.00041,-0.00156,-0.00156,0.00008,-0.00025,-49.17183,-1792.00000
0.31418,0.29906,0.31155,0.29840,0.30629,0.30958,0.30498,0.31057,0.30761,0.31155,0.00206,0.00041,0.00008,-0.00057,0.00041,-49.17183,-1791.00000
0.30761,0.30366,0.31024,0.30728,0.30333,0.31188,0.31155,0.30892,0.31616,0.30728,-0.00025,0.00140,-0.00321,-0.00189,-0.00156,-49.17183,-1790.00000
0.30004,0.30004,0.30826,0.30530,0.31254,0.30826,0.31057,0.30958,0.30991,0.30925,0.00140,-0.00222,-0.00353,-0.00123,0.00173,-49.23630,-1789.00000
0.30530,0.30333,0.30136,0.30695,0.30300,0.30662,0.31418,0.30991,0.31320,0.31188,-0.00057,0.00337,-0.00025,0.00304,-0.00025,-49.23630,-1788.00000
0.30432,0.30695,0.30432,0.30169,0.30366,0.30267,0.30498,0.31353,0.30859,0.31221,0.00272,-0.00123,-0.00189,-0.00189,0.00239,-48.90167,-1787.00000
0.30728,0.30498,0.30498,0.30037,0.30761,0.30794,0.30794,0.30498,0.30465,0.31353,0.00436,-0.00090,-0.00255,-0.00123,0.00173,-48.90167,-1786.00000
0.30169,0.30432,0.30662,0.30399,0.30202,0.30695,0.31221,0.30728,0.31386,0.31122,0.00041,0.00173,0.00041,0.00337,0.00041,-48.66069,-1785.00000
0.30826,0.30202,0.30399,0.30925,0.30004,0.31188,0.31122,0.30892,0.31616,0.30629,-0.00321,0.00206,0.00239,0.00304,-0.00386,-48.66069,-1784.00000
0.30662,0.30333,0.29741,0.29971,0.30794,0.30958,0.30563,0.31090,0.30728,0.30596,-0.00025,0.00107,-0.00057,-0.00156,-0.00090,-48.63675,-1783.00000
0.30465,0.30991,0.30267,0.30399,0.30596,0.30892,0.30563,0.30892,0.30728,0.30958,-0.00419,-0.00288,-0.00189,0.00436,0.00173,-48.63675,-1782.00000
0.30465,0.29774,0.30498,0.30530,0.29971,0.30629,0.31057,0.31155,0.31090,0.31254,-0.00255,0.00173,0.00041,-0.00353,0.00107,-48.27411,-1781.00000
0.30366,0.29906,0.30202,0.29840,0.30498,0.31090,0.30859,0.30596,0.31024,0.30958,-0.00386,-0.00419,-0.00025,-0.00025,-0.00189,-48.27411,-1780.00000
0.29544,0.30596,0.30136,0.29708,0.29906,0.31090,0.30991,0.30925,0.31188,0.30991,-0.00353,-0.00025,-0.00025,0.00041,-0.00156,-47.88098,-1779.00000
0.29971,0.29675,0.30234,0.30596,0.29511,0.30695,0.31024,0.30958,0.30432,0.31188,-0.00123,0.00272,-0.00419,-0.00025,0.00008,-47.88098,-1778.00000
0.29708,0.29840,0.29544,0.29281,0.30662,0.30958,0.31320,0.31221,0.30958,0.30958,-0.00090,0.00206,-0.00025,-0.00189,-0.00485,-47.84676,-1777.00000
0.29708,0.30037,0.30070,0.29971,0.30202,0.30728,0.31188,0.31090,0.30991,0.30629,-0.00222,0.00074,0.00041,0.00008,-0.00156,-47.84676,-1776.00000
0.30070,0.29873,0.30695,0.29840,0.29938,0.30826,0.31188,0.31682,0.30991,0.31024,0.00074,-0.00288,-0.00090,0.00107,-0.00222,-47.74745,-1775.00000
0.29906,0.30333,0.29379,0.30037,0.29741,0.30662,0.30925,0.31024,0.31188,0.30925,0.00008,-0.00222,-0.00189,-0.00288,-0.00222,-47.74745,-1774.00000
0.29215,0.30399,0.30103,0.29807,0.29445,0.30498,0.30826,0.30991,0.30892,0.30761,0.00041,-0.00123,-0.00123,0.00041,0.00239,-47.86353,-1773.00000
0.29346,0.30333,0.29840,0.29971,0.30037,0.31155,0.30728,0.30991,0.30859,0.31122,-0.00025,-0.00057,-0.00090,0.00239,-0.00025,-47.86353,-1772.00000
0.30169,0.30300,0.29379,0.30136,0.28952,0.30728,0.30695,0.30530,0.30925,0.31188,0.00140,0.00041,-0.00321,0.00008,-0.00222,-47.92465,-1771.00000
0.28853,0.29741,0.30169,0.29675,0.30366,0.30465,0.30859,0.30958,0.30761,0.31221,0.00370,0.00140,-0.00189,-0.00090,-0.00057,-47.92465,-1770.00000
0.29577,0.29938,0.29149,0.29741,0.30103,0.30563,0.31057,0.30958,0.31090,0.31090,-0.00156,0.00041,-0.00189,-0.00156,0.00008,-48.69130,-1769.00000
0.30432,0.29050,0.29577,0.29511,0.29544,0.30859,0.31057,0.30991,0.31418,0.30859,-0.00057,0.00041,0.00140,-0.00025,-0.00321,-48.69130,-1768.00000
0.30070,0.29281,0.29346,0.29708,0.30662,0.31155,0.30859,0.30892,0.30596,0.30629,-0.00222,-0.00386,-0.00353,-0.00288,-0.00057,-48.85247,-1767.00000
0.28787,0.30004,0.29215,0.29741,0.29215,0.30925,0.31090,0.30563,0.31122,0.31122,-0.00386,-0.00123,0.00074,-0.00123,0.00008,-48.85247,-1766.00000
0.28524,0.29807,0.29281,0.29083,0.29149,0.30991,0.30596,0.30728,0.30925,0.31090,0.00272,0.00107,-0.00025,0.00107,-0.00419,-49.15685,-1765.00000
0.29379,0.29610,0.29445,0.29116,0.28754,0.30991,0.30925,0.31287,0.30859,0.31024,-0.00255,-0.00090,0.00140,0.00074,0.00041,-49.15685,-1764.00000
0.29149,0.28985,0.29873,0.29018,0.29511,0.30695,0.31188,0.31090,0.31057,0.30826,-0.00288,-0.00419,-0.00255,0.00107,-0.00156,-49.05704,-1763.00000
0.29248,0.29807,0.29215,0.29281,0.29281,0.31254,0.31353,0.30761,0.31320,0.31188,0.00074,0.00008,0.00008,0.00041,-0.00090,-49.05704,-1762.00000
0.29248,0.29379,0.29116,0.29544,0.29050,0.30794,0.30859,0.30925,0.31353,0.30991,-0.00222,-0.00353,-0.00255,0.00173,-0.00222,-49.64480,-1761.00000
0.30070,0.29215,0.28919,0.29478,0.29281,0.30991,0.31550,0.30892,0.31024,0.31550,0.00074,-0.00222,0.00140,-0.00156,0.00008,-49.64480,-1760.00000
0.28722,0.28853,0.29314,0.28623,0.28985,0.30892,0.31451,0.31353,0.31024,0.31649,-0.00419,-0.00025,0.00206,-0.00057,-0.00255,-49.26027,-1759.00000
0.28820,0.29478,0.28787,0.29708,0.29182,0.30991,0.31024,0.30432,0.31287,0.31024,-0.00189,-0.00057,-0.00057,0.00041,-0.00123,-49.26027,-1758.00000
0.29116,0.29379,0.28722,0.29050,0.28524,0.30892,0.31616,0.31155,0.31122,0.31024,-0.00123,-0.00090,-0.00189,0.00107,0.00041,-49.26922,-1757.00000
0.29149,0.29083,0.28261,0.29314,0.28985,0.30991,0.30498,0.31057,0.30794,0.31221,-0.00057,0.00074,-0.00057,0.00074,0.00107,-49.26922,-1756.00000
0.28425,0.28853,0.29215,0.28985,0.28425,0.31155,0.30596,0.30859,0.30629,0.30267,-0.00189,0.00074,-0.00189,-0.00025,0.00041,-49.41515,-1755.00000
0.28754,0.28886,0.28557,0.28689,0.29281,0.30826,0.30892,0.30761,0.30728,0.30432,0.00239,0.00107,-0.00189,-0.00025,0.00041,-49.41515,-1754.00000
0.28294,0.28689,0.28294,0.28919,0.28689,0.31155,0.30333,0.30695,0.30596,0.30695,0.00107,-0.00419,-0.00419,-0.00156,-0.00123,-49.15926,-1753.00000
0.28491,0.28590,0.28689,0.28886,0.28393,0.31122,0.30794,0.30859,0.30859,0.31254,0.00008,-0.00090,-0.00419,0.00140,0.00008,-49.15926,-1752.00000
0.28985,0.27998,0.28393,0.29445,0.28722,0.30991,0.30925,0.30958,0.30794,0.31122,-0.00123,-0.00123,-0.00452,0.00074,0.00140,-49.50135,-1751.00000
0.28294,0.28425,0.28524,0.28294,0.28754,0.30991,0.31122,0.30761,0.30859,0.30991,-0.00123,-0.00255,0.00107,-0.00123,-0.00189,-49.50135,-1750.00000
0.28162,0.28294,0.28689,0.28327,0.28162,0.31024,0.30629,0.31024,0.31320,0.31155,-0.00189,0.00239,-0.00123,0.00074,0.00107,-48.80982,-1749.00000
0.29018,0.28754,0.27998,0.28393,0.28689,0.30826,0.31484,0.30991,0.30958,0.30629,-0.00025,-0.00189,-0.00156,-0.00189,0.00206,-48.80982,-1748.00000
0.28360,0.28294,0.29018,0.27833,0.28294,0.30958,0.30629,0.31155,0.31418,0.31024,0.00140,0.00041,-0.00025,0.00008,0.00140,-48.55551,-1747.00000
0.28919,0.28261,0.28557,0.28129,0.28097,0.31090,0.30892,0.31090,0.31188,0.31188,-0.00321,0.00074,-0.00255,-0.00123,-0.00189,-48.55551,-1746.00000
0.28491,0.28656,0.28064,0.28031,0.27669,0.30991,0.31221,0.31386,0.30695,0.31484,0.00008,-0.00090,0.00239,-0.00156,0.00535,-48.22646,-1745.00000
0.28064,0.28031,0.28458,0.27899,0.28524,0.30794,0.30925,0.30859,0.31451,0.31090,-0.00156,0.00173,0.00074,0.00074,-0.00025,-48.22646,-1744.00000
0.28195,0.28557,0.27735,0.28228,0.27274,0.30925,0.30761,0.31122,0.31221,0.30662,0.00304,0.00041,-0.00025,-0.00255,-0.00156,-48.43190,-1743.00000
0.27998,0.28064,0.28031,0.27833,0.27735,0.30991,0.30695,0.30958,0.30530,0.31188,-0.00025,-0.00518,0.00074,0.00206,0.00206,-48.43190,-1742.00000
0.28228,0.27899,0.28195,0.28195,0.27636,0.31254,0.31024,0.30958,0.30629,0.30794,0.00272,-0.00551,-0.00222,0.00436,-0.00025,-48.07406,-1741.00000
0.28129,0.28458,0.27801,0.27866,0.28097,0.31090,0.31155,0.30563,0.30991,0.31188,0.00074,0.00140,-0.00189,0.00008,-0.00156,-48.07406,-1740.00000
0.27866,0.27603,0.28162,0.27899,0.27768,0.31122,0.31024,0.30925,0.30826,0.30728,0.00206,-0.00353,-0.00288,-0.00189,0.00041,-48.74046,-1739.00000
0.27768,0.27801,0.27768,0.29050,0.27505,0.30991,0.30925,0.30563,0.30728,0.30991,0.00008,-0.00288,-0.00025,0.00107,-0.00057,-48.74046,-1738.00000
0.28228,0.27735,0.27833,0.27866,0.27636,0.31090,0.30991,0.31353,0.30892,0.31188,0.00140,-0.00123,-0.00321,-0.00057,-0.00090,-49.44351,-1737.00000
0.27340,0.27472,0.27241,0.27866,0.27768,0.31320,0.31616,0.30761,0.31122,0.31024,-0.00189,0.00074,0.00008,0.00041,0.00140,-49.44351,-1736.00000
0.27866,0.27998,0.27537,0.27241,0.27241,0.30234,0.31418,0.31188,0.30399,0.30794,0.00107,-0.00189,0.00008,0.00206,0.00107,-49.29697,-1735.00000
0.27110,0.26978,0.27801,0.27209,0.27340,0.30333,0.30728,0.31090,0.31287,0.31418,-0.00288,-0.00222,-0.00156,-0.00551,0.00107,-49.29697,-1734.00000
0.27537,0.27406,0.28064,0.27932,0.27340,0.30629,0.30826,0.31024,0.31517,0.31747,-0.00090,-0.00025,-0.00353,0.00304,-0.00057,-49.47109,-1733.00000
0.27505,0.27570,0.27011,0.27636,0.27373,0.31024,0.30925,0.30695,0.31155,0.31320,-0.00057,-0.00057,-0.00090,0.00074,0.00008,-49.47109,-1732.00000
0.27274,0.27801,0.27209,0.28097,0.27537,0.31090,0.30859,0.30629,0.31057,0.31024,-0.00156,0.00074,0.00173,-0.00057,0.00140,-49.50905,-1731.00000
0.27472,0.27669,0.27110,0.27406,0.27307,0.30300,0.31221,0.31122,0.31221,0.31155,0.00206,-0.00057,0.00206,-0.00189,-0.00222,-49.50905,-1730.00000
0.27340,0.27570,0.27505,0.27505,0.27833,0.30629,0.31517,0.30826,0.30596,0.30859,0.00272,-0.00025,-0.00156,0.00041,-0.00156,-49.67270,-1729.00000
0.27373,0.27373,0.27570,0.27241,0.27472,0.30991,0.31024,0.30794,0.31188,0.31155,-0.00057,-0.00057,-0.00255,-0.00222,-0.00057,-49.67270,-1728.00000
0.26814,0.27077,0.27110,0.26880,0.27077,0.30563,0.31122,0.30629,0.31122,0.30859,0.00107,0.00173,-0.00321,-0.00025,-0.00123,-49.63694,-1727.00000
0.27044,0.26913,0.27505,0.27340,0.27209,0.31155,0.31188,0.30695,0.30859,0.30794,0.00041,-0.00419,-0.00057,-0.00222,0.00041,-49.63694,-1726.00000
0.27307,0.27176,0.27373,0.26978,0.26978,0.31386,0.31024,0.31188,0.31386,0.30958,0.00008,-0.00321,-0.00025,-0.00419,-0.00123,-49.53498,-1725.00000
0.26880,0.26781,0.27537,0.27406,0.27505,0.30925,0.30629,0.31188,0.31254,0.31155,-0.00090,-0.00090,-0.00090,-0.00189,0.00008,-49.53498,-1724.00000
0.27307,0.26945,0.26485,0.27011,0.26945,0.30892,0.31122,0.30925,0.31090,0.30925,-0.00090,-0.00452,-0.00057,0.00074,-0.00255,-49.51909,-1723.00000
0.26748,0.26682,0.26978,0.27209,0.26584,0.31024,0.31254,0.30892,0.30859,0.30728,-0.00189,0.00272,-0.00057,-0.00255,0.00436,-49.51909,-1722.00000
0.26913,0.26715,0.26978,0.26419,0.27472,0.31451,0.30859,0.30826,0.31057,0.30530,0.00140,0.00173,-0.00123,-0.00649,-0.00025,-48.54984,-1721.00000
0.27209,0.27209,0.26090,0.26715,0.26715,0.31057,0.30794,0.31057,0.30859,0.30892,-0.00123,-0.00090,0.00304,-0.00123,0.00206,-48.54984,-1720.00000
0.27373,0.26321,0.26584,0.26353,0.26880,0.30695,0.31155,0.31024,0.30728,0.30794,-0.00386,0.00074,-0.00288,-0.00123,0.00173,-48.27313,-1719.00000
0.26518,0.26715,0.26419,0.26913,0.26649,0.30925,0.31155,0.31057,0.30794,0.31386,0.00337,-0.00090,0.00140,-0.00189,-0.00222,-48.27313,-1718.00000
0.26353,0.26452,0.27011,0.26649,0.27209,0.30826,0.31188,0.31024,0.31254,0.31122,-0.00321,-0.00025,-0.00189,-0.00090,-0.00025,-47.78756,-1717.00000
0.25959,0.26847,0.27209,0.26419,0.27110,0.30925,0.30366,0.31024,0.30892,0.31188,0.00008,-0.00123,0.00173,0.00008,0.00272,-47.78756,-1716.00000
0.26847,0.26222,0.26847,0.25893,0.26781,0.30826,0.30826,0.30662,0.31057,0.31484,-0.00353,-0.00025,-0.00156,-0.00090,-0.00222,-47.52569,-1715.00000
0.26518,0.26485,0.26321,0.26781,0.26847,0.30925,0.31188,0.31320,0.31024,0.31353,0.00008,-0.00156,0.00041,-0.00025,-0.00189,-47.52569,-1714.00000
0.26715,0.25860,0.27110,0.26584,0.26485,0.31287,0.31024,0.30958,0.31090,0.30761,-0.00025,-0.00222,0.00304,0.00008,0.00140,-47.89147,-1713.00000
0.25794,0.26222,0.26189,0.26255,0.26386,0.31254,0.31122,0.31386,0.31188,0.30498,0.00008,0.00403,0.00008,0.00008,-0.00025,-47.89147,-1712.00000
0.26584,0.26090,0.26156,0.26353,0.26353,0.30662,0.30925,0.30958,0.30432,0.31320,0.00074,-0.00321,-0.00057,-0.00255,0.00074,-47.82934,-1711.00000
0.26222,0.26353,0.25959,0.26485,0.26255,0.31090,0.31188,0.30728,0.31090,0.30629,0.00173,-0.00222,-0.00156,-0.00156,-0.00386,-47.82934,-1710.00000
0.25926,0.25827,0.26551,0.26090,0.25926,0.31221,0.30958,0.31188,0.30925,0.31221,0.00041,0.00304,-0.00189,-0.00189,0.00008,-47.68864,-1709.00000
0.26715,0.26321,0.25794,0.26288,0.26025,0.31122,0.31221,0.30892,0.31122,0.30826,-0.00090,-0.00090,0.00140,0.00304,0.00173,-47.68864,-1708.00000
0.25630,0.25959,0.26156,0.26189,0.26090,0.31155,0.30958,0.30728,0.30991,0.30794,-0.00090,0.00041,0.00074,-0.00025,-0.00156,-48.19054,-1707.00000
0.26090,0.26255,0.25860,0.25860,0.25761,0.31024,0.31287,0.31320,0.31024,0.30892,-0.00090,0.00239,0.00239,0.00074,0.00107,-48.19054,-1706.00000
0.26288,0.25597,0.25498,0.26057,0.25893,0.30991,0.31188,0.31188,0.31057,0.31287,0.00008,-0.00057,-0.00255,0.00107,0.00074,-47.94734,-1705.00000
0.25465,0.25893,0.25959,0.26025,0.25630,0.31024,0.30958,0.31090,0.31122,0.31353,-0.00189,-0.00090,-0.00288,-0.00222,0.00107,-47.94734,-1704.00000
0.25926,0.26057,0.26386,0.26222,0.25432,0.30991,0.30530,0.31155,0.31649,0.30794,-0.00255,-0.00222,-0.00255,-0.00156,-0.00156,-47.65662,-1703.00000
0.26584,0.24577,0.26222,0.26518,0.24840,0.31320,0.31353,0.30629,0.30925,0.31188,0.00107,0.00140,-0.00090,-0.00452,0.00239,-47.65662,-1702.00000
0.25663,0.25728,0.25564,0.25630,0.25893,0.30761,0.30629,0.31122,0.31254,0.31057,-0.00090,0.00074,0.00041,-0.00057,0.00173,-47.98365,-1701.00000
0.25696,0.25728,0.26090,0.25432,0.25696,0.31517,0.31682,0.31221,0.31254,0.31287,-0.00057,-0.00485,0.00074,0.00337,-0.00222,-47.98365,-1700.00000
0.25663,0.25893,0.25663,0.25761,0.25696,0.31221,0.31057,0.30432,0.31155,0.31122,-0.00123,-0.00123,-0.00156,-0.00189,-0.00288,-48.62647,-1699.00000
0.25531,0.26123,0.25202,0.24972,0.25696,0.31090,0.30958,0.31188,0.30826,0.31188,-0.00123,-0.00419,-0.00222,0.00074,0.00008,-48.62647,-1698.00000
0.25104,0.25136,0.25432,0.25498,0.25334,0.30794,0.30761,0.30892,0.30958,0.30794,-0.00123,-0.00025,-0.00321,0.00074,-0.00090,-48.51791,-1697.00000
0.25498,0.25926,0.25893,0.25696,0.25465,0.30892,0.30596,0.31287,0.31649,0.31320,0.00173,-0.00419,-0.00321,0.00272,0.00041,-48.51791,-1696.00000
0.25564,0.24676,0.25104,0.25465,0.25005,0.31122,0.31287,0.31155,0.31188,0.30892,-0.00222,-0.00255,-0.00090,0.00041,-0.00123,-48.81825,-1695.00000
0.25465,0.25038,0.25334,0.24906,0.25367,0.31550,0.30794,0.30925,0.30859,0.31451,0.00304,0.00173,0.00074,-0.00386,0.00074,-48.81825,-1694.00000
0.24479,0.25334,0.25432,0.25235,0.25696,0.31155,0.31254,0.31090,0.31188,0.31090,-0.00090,-0.00123,0.00008,0.00074,-0.00057,-48.80201,-1693.00000
0.25136,0.24413,0.25663,0.24643,0.25104,0.31122,0.31057,0.30695,0.31024,0.30991,0.00206,-0.00123,0.00304,0.00074,0.00206,-48.80201,-1692.00000
0.25005,0.24742,0.25893,0.24972,0.25301,0.31616,0.31386,0.31451,0.30958,0.31517,-0.00452,-0.00222,-0.00255,-0.00025,0.00008,-48.86117,-1691.00000
0.25104,0.24709,0.25432,0.24742,0.24577,0.30662,0.31287,0.31155,0.31090,0.30958,-0.00057,-0.00057,0.00041,-0.00025,0.00008,-48.86117,-1690.00000
0.24446,0.25104,0.24939,0.24808,0.25334,0.31057,0.30991,0.30892,0.31287,0.30991,-0.00353,0.00008,0.00140,-0.00321,-0.00025,-49.03570,-1689.00000
0.24676,0.24643,0.24873,0.24610,0.25202,0.31024,0.30794,0.31649,0.31616,0.30991,0.00107,-0.00485,-0.00518,0.00008,-0.00255,-49.03570,-1688.00000
0.24939,0.24643,0.24906,0.24906,0.24544,0.31484,0.31090,0.31057,0.30826,0.31583,-0.00255,0.00173,0.00041,-0.00156,0.00206,-48.58402,-1687.00000
0.24512,0.24775,0.24544,0.24643,0.24643,0.31024,0.30892,0.31451,0.31254,0.30991,0.00140,-0.00090,-0.00189,-0.00255,-0.00123,-48.58402,-1686.00000
0.24906,0.24314,0.24643,0.24577,0.24643,0.30991,0.31057,0.31287,0.30991,0.31090,-0.00288,-0.00156,-0.00090,0.00041,-0.00222,-48.37893,-1685.00000
0.24939,0.24577,0.24643,0.25268,0.24479,0.30991,0.31090,0.31254,0.31122,0.30695,-0.00057,-0.00057,0.00107,0.00140,0.00008,-48.37893,-1684.00000
0.24676,0.24413,0.24643,0.24873,0.24840,0.31057,0.30958,0.31090,0.31517,0.31122,-0.00025,0.00206,0.00272,-0.00386,0.00173,-48.23895,-1683.00000
0.24643,0.24281,0.24380,0.25136,0.24018,0.31155,0.31221,0.30498,0.30761,0.31057,-0.00255,0.00140,-0.00189,0.00239,-0.00419,-48.23895,-1682.00000
0.24347,0.25005,0.24314,0.24577,0.24216,0.30662,0.30991,0.30958,0.30498,0.30991,0.00041,0.00074,-0.00090,0.00304,0.00107,-48.46952,-1681.00000
0.24446,0.24808,0.23854,0.24150,0.24216,0.31254,0.30629,0.31090,0.31090,0.31287,-0.00090,0.00041,-0.00353,0.00239,0.00008,-48.46952,-1680.00000
0.24479,0.24183,0.24281,0.23788,0.25038,0.31616,0.30958,0.31057,0.31583,0.30498,0.00304,-0.00156,-0.00353,-0.00090,0.00173,-47.59784,-1679.00000
0.24643,0.24479,0.24808,0.23558,0.24380,0.31188,0.30958,0.31287,0.31024,0.30958,-0.00189,-0.00485,0.00140,0.00403,0.00074,-47.59784,-1678.00000
0.24676,0.24084,0.24314,0.23887,0.24380,0.31550,0.31155,0.31386,0.30892,0.31254,0.00436,-0.00156,-0.00255,-0.00255,-0.00386,-47.89401,-1677.00000
0.24380,0.24150,0.24347,0.24216,0.23492,0.30596,0.30826,0.31155,0.31057,0.30662,-0.00321,0.00304,0.00008,-0.00025,-0.00386,-47.89401,-1676.00000
0.23591,0.24084,0.24314,0.24512,0.24051,0.30826,0.31090,0.30958,0.31090,0.31353,-0.00189,0.00041,-0.00321,-0.00123,0.00140,-48.12074,-1675.00000
0.24216,0.24051,0.23952,0.23985,0.24117,0.31320,0.31386,0.31221,0.31517,0.31418,-0.00123,-0.00123,-0.00189,0.00337,0.00008,-48.12074,-1674.00000
0.23952,0.24051,0.24347,0.23854,0.24183,0.30761,0.31616,0.31254,0.31353,0.31386,0.00041,-0.00123,-0.00090,-0.00156,0.00074,-48.20354,-1673.00000
0.23525,0.23656,0.24018,0.23689,0.23656,0.31320,0.31122,0.31090,0.31221,0.30991,0.00107,-0.00189,0.00074,0.00107,0.00107,-48.20354,-1672.00000
0.23689,0.23821,0.24150,0.23295,0.24248,0.31024,0.30892,0.31155,0.31254,0.31057,0.00107,-0.00156,0.00074,0.00206,-0.00057,-48.64448,-1671.00000
0.23360,0.23558,0.23722,0.23755,0.23854,0.31122,0.31024,0.30925,0.31122,0.30826,-0.00189,-0.00057,-0.00057,0.00107,-0.00156,-48.64448,-1670.00000
0.23525,0.23262,0.23525,0.23755,0.23492,0.31254,0.31122,0.31221,0.30991,0.31386,-0.00551,-0.00025,-0.00189,-0.00551,-0.00156,-48.74964,-1669.00000
0.22933,0.23558,0.23196,0.23689,0.23492,0.31090,0.31090,0.30991,0.30826,0.31287,0.00502,-0.00156,-0.00288,-0.00288,-0.00189,-48.74964,-1668.00000
0.23558,0.23328,0.23064,0.23426,0.22966,0.31484,0.30859,0.30958,0.30498,0.30629,0.00074,-0.00255,-0.00288,-0.00353,0.00173,-48.52190,-1667.00000
0.23624,0.23426,0.23130,0.23689,0.23722,0.30925,0.30662,0.31188,0.30629,0.30958,0.00041,-0.00156,0.00008,0.00469,0.00206,-48.52190,-1666.00000
0.23064,0.23558,0.23393,0.23360,0.23064,0.31122,0.31024,0.30596,0.31122,0.30728,-0.00353,-0.00025,-0.00419,0.00074,0.00008,-48.60770,-1665.00000
0.23624,0.22999,0.23097,0.24018,0.23295,0.30958,0.31221,0.31353,0.30892,0.31024,0.00074,-0.00025,-0.00189,0.00107,0.00074,-48.60770,-1664.00000
0.23229,0.23163,0.23196,0.23130,0.23295,0.31386,0.31386,0.31057,0.30761,0.31287,0.00074,-0.00156,-0.00156,0.00041,0.00206,-49.15481,-1663.00000
0.23887,0.22768,0.22834,0.22933,0.23196,0.31024,0.30892,0.30629,0.30662,0.30596,-0.00255,-0.00353,-0.00090,0.00239,-0.00156,-49.15481,-1662.00000
0.22308,0.23360,0.23196,0.23163,0.23032,0.30892,0.30728,0.31254,0.31122,0.31057,-0.00386,-0.00025,0.00140,-0.00288,0.00272,-49.09149,-1661.00000
0.22933,0.23163,0.23032,0.22176,0.23295,0.31122,0.31024,0.30925,0.30761,0.31057,0.00568,-0.00584,-0.00057,-0.00222,-0.00025,-49.09149,-1660.00000
0.22341,0.22966,0.22735,0.23262,0.22538,0.30728,0.31090,0.30892,0.30958,0.31451,-0.00156,0.00107,0.00140,0.00272,-0.00123,-48.66516,-1659.00000
0.22670,0.22472,0.22966,0.22637,0.22374,0.31188,0.30728,0.31122,0.31418,0.31024,0.00107,-0.00419,-0.00419,0.00272,0.00173,-48.66516,-1658.00000
0.22670,0.22538,0.22900,0.22768,0.22571,0.31057,0.30991,0.31090,0.31024,0.31188,-0.00090,-0.00156,-0.00452,0.00041,-0.00222,-48.85132,-1657.00000
0.22407,0.23295,0.22111,0.23393,0.23393,0.30695,0.31155,0.30794,0.31287,0.31188,-0.00222,0.00008,0.00008,0.00173,0.00041,-48.85132,-1656.00000
0.22143,0.22867,0.22308,0.22242,0.23196,0.31254,0.30629,0.31188,0.31484,0.30826,0.00041,0.00436,0.00107,0.00041,0.00008,-48.29997,-1655.00000
0.22275,0.22637,0.22834,0.22571,0.22933,0.31188,0.31057,0.30859,0.31747,0.30794,0.00436,0.00074,-0.00090,0.00074,-0.00057,-48.29997,-1654.00000
0.22242,0.22341,0.22604,0.22867,0.22242,0.30563,0.30925,0.30892,0.31122,0.30925,0.00272,0.00008,0.00008,0.00074,0.00173,-48.01052,-1653.00000
0.22571,0.22538,0.22439,0.22900,0.22045,0.31090,0.30465,0.31090,0.30596,0.31122,-0.00090,0.00173,0.00239,0.00008,-0.00025,-48.01052,-1652.00000
0.22439,0.22111,0.21815,0.23097,0.22374,0.30728,0.30761,0.31287,0.30794,0.31024,-0.00123,-0.00222,-0.00090,-0.00353,0.00239,-47.58807,-1651.00000
0.22571,0.21716,0.22078,0.22439,0.22472,0.31090,0.31155,0.30826,0.30826,0.31221,0.00272,-0.00025,0.00173,0.00206,-0.00222,-47.58807,-1650.00000
0.22407,0.22242,0.22176,0.22571,0.22604,0.31254,0.31024,0.31418,0.31057,0.31057,0.00239,-0.00057,-0.00222,-0.00353,-0.00321,-47.57987,-1649.00000
0.21913,0.22176,0.22209,0.22341,0.21847,0.31287,0.31155,0.31155,0.31155,0.31057,0.00074,0.00337,0.00304,0.00041,-0.00288,-47.57987,-1648.00000
0.22472,0.21584,0.21913,0.22209,0.21880,0.31418,0.31418,0.30399,0.31188,0.30925,0.00107,-0.00255,0.00206,-0.00156,-0.00189,-47.59394,-1647.00000
0.21683,0.22439,0.22275,0.21913,0.22768,0.30958,0.31090,0.30925,0.31155,0.31024,-0.00090,0.00074,0.00140,-0.00255,-0.00321,-47.59394,-1646.00000
0.22604,0.21913,0.22143,0.21946,0.22143,0.31090,0.30991,0.31090,0.30991,0.31122,-0.00025,-0.00025,-0.00025,-0.00156,0.00041,-48.08997,-1645.00000
0.22670,0.21946,0.22078,0.21519,0.21815,0.30629,0.30761,0.31090,0.30991,0.30991,0.00173,0.00041,-0.00321,0.00008,-0.00189,-48.08997,-1644.00000
0.22078,0.22045,0.21979,0.22538,0.21946,0.31221,0.30925,0.31024,0.30925,0.30761,-0.00321,-0.00090,0.00173,-0.00255,0.00107,-48.14722,-1643.00000
0.22143,0.22176,0.21913,0.21815,0.22143,0.30892,0.30958,0.31188,0.31188,0.31155,-0.00090,-0.00584,0.00008,0.00239,0.00074,-48.14722,-1642.00000
0.21847,0.21979,0.21880,0.21584,0.22275,0.30958,0.30761,0.30958,0.31090,0.31353,0.00173,-0.00123,0.00140,-0.00090,-0.00617,-47.73779,-1641.00000
0.21453,0.21913,0.21782,0.21749,0.21847,0.31254,0.30695,0.31616,0.30925,0.31090,-0.00386,0.00107,0.00008,-0.00090,-0.00057,-47.73779,-1640.00000
0.21354,0.21223,0.21617,0.21650,0.21650,0.31188,0.30629,0.31221,0.31221,0.30958,-0.00255,0.00206,-0.00156,0.00008,0.00008,-47.73014,-1639.00000
0.21979,0.21124,0.21223,0.21617,0.21091,0.30859,0.31024,0.30859,0.30859,0.31287,0.00436,-0.00123,0.00107,0.00074,0.00140,-47.73014,-1638.00000
0.22505,0.21519,0.21255,0.21486,0.21617,0.30892,0.30859,0.30662,0.31287,0.31484,-0.00222,0.00304,0.00173,0.00140,-0.00025,-48.24099,-1637.00000
0.21979,0.21025,0.21354,0.21025,0.21880,0.31320,0.31155,0.30859,0.31254,0.30892,-0.00156,0.00107,-0.00189,-0.00123,0.00140,-48.24099,-1636.00000
0.21387,0.21519,0.21749,0.21486,0.20959,0.31057,0.31254,0.31287,0.31090,0.30958,0.00074,-0.00090,-0.00222,0.00041,0.00008,-48.27394,-1635.00000
0.21223,0.21354,0.21551,0.20598,0.21749,0.31024,0.31024,0.31484,0.31024,0.31122,-0.00321,0.00107,-0.00057,-0.00156,0.00008,-48.27394,-1634.00000
0.21519,0.21584,0.21288,0.21683,0.21255,0.31221,0.31649,0.30728,0.30695,0.31188,0.00008,0.00041,0.00173,0.00107,-0.00288,-48.87697,-1633.00000
0.21486,0.21058,0.21157,0.21321,0.21453,0.30728,0.31155,0.31353,0.31451,0.30925,-0.00255,0.00239,-0.00518,-0.00419,-0.00189,-48.87697,-1632.00000
0.21387,0.20729,0.20762,0.21288,0.20894,0.31386,0.31155,0.31353,0.30925,0.30892,-0.00090,0.00206,-0.00222,0.00008,0.00107,-49.04298,-1631.00000
0.21025,0.21683,0.21058,0.20762,0.20992,0.31287,0.30399,0.31122,0.31353,0.30958,-0.00057,-0.00189,0.00074,-0.00386,-0.00288,-49.04298,-1630.00000
0.21091,0.20762,0.21124,0.21091,0.20499,0.31550,0.30761,0.31188,0.31254,0.31221,0.00008,-0.00123,0.00173,0.00140,0.00008,-49.15528,-1629.00000
0.20927,0.21025,0.20828,0.21058,0.20598,0.31155,0.30629,0.30958,0.31353,0.31320,-0.00288,-0.00353,-0.00090,-0.00255,-0.00025,-49.15528,-1628.00000
0.21190,0.20631,0.20499,0.21190,0.21091,0.30761,0.30892,0.30859,0.31451,0.31057,0.00337,-0.00353,-0.00156,-0.00123,-0.00123,-48.90788,-1627.00000
0.21486,0.21124,0.20499,0.20236,0.21058,0.31287,0.31451,0.30761,0.31122,0.30761,0.00008,0.00041,0.00272,0.00107,0.00107,-48.90788,-1626.00000
0.20335,0.20992,0.20663,0.20598,0.20959,0.30925,0.31583,0.31287,0.31122,0.31122,0.00041,-0.00156,-0.00123,-0.00123,-0.00189,-49.01801,-1625.00000
0.20631,0.20959,0.20696,0.20894,0.21058,0.31122,0.31287,0.31287,0.31090,0.31221,-0.00123,-0.00288,0.00140,-0.00025,0.00074,-49.01801,-1624.00000
0.20302,0.20828,0.20663,0.21223,0.20631,0.30662,0.31353,0.31353,0.30991,0.31418,-0.00090,0.00206,0.00041,-0.00057,-0.00090,-48.58851,-1623.00000
0.20565,0.20499,0.20795,0.20433,0.20433,0.31353,0.30728,0.31122,0.31024,0.31221,-0.00156,-0.00255,-0.00090,-0.00353,-0.00222,-48.58851,-1622.00000
0.20302,0.20236,0.20631,0.20795,0.20335,0.30728,0.30991,0.30925,0.30991,0.30728,0.00206,-0.00518,-0.00025,-0.00222,-0.00321,-48.76604,-1621.00000
0.20170,0.20335,0.20367,0.20236,0.19742,0.30728,0.31386,0.31090,0.30859,0.31155,-0.00025,-0.00090,-0.00090,-0.00288,-0.00090,-48.76604,-1620.00000
0.20038,0.20532,0.20433,0.20499,0.20335,0.31024,0.31287,0.30958,0.30892,0.31024,-0.00123,0.00206,0.00272,-0.00222,-0.00025,-48.55561,-1619.00000
0.19710,0.20433,0.20236,0.20532,0.20400,0.31188,0.31024,0.31057,0.31188,0.31024,0.00272,0.00107,-0.00057,-0.00222,-0.00123,-48.55561,-1618.00000
0.20236,0.19545,0.19841,0.19775,0.20269,0.31090,0.30794,0.30958,0.30892,0.31386,-0.00057,-0.00222,0.00140,-0.00255,0.00074,-48.27373,-1617.00000
0.20335,0.20335,0.20400,0.19973,0.20236,0.30925,0.31122,0.30761,0.30859,0.30958,0.00140,-0.00090,-0.00090,0.00370,-0.00321,-48.27373,-1616.00000
0.19940,0.20269,0.20236,0.19841,0.20532,0.30958,0.30826,0.31418,0.31254,0.30629,0.00107,-0.00025,0.00403,-0.00353,-0.00123,-48.29414,-1615.00000
0.20433,0.19644,0.20006,0.19808,0.19611,0.31484,0.30859,0.31090,0.30925,0.30925,-0.00222,-0.00025,-0.00156,-0.00057,0.00337,-48.29414,-1614.00000
0.19677,0.19644,0.20137,0.19874,0.19742,0.31386,0.30892,0.31024,0.31353,0.31155,-0.00321,-0.00090,-0.00255,0.00370,0.00074,-48.19219,-1613.00000
0.19381,0.19578,0.19973,0.20236,0.20104,0.30662,0.31057,0.31583,0.30465,0.31550,-0.00090,-0.00222,-0.00386,-0.00321,0.00206,-48.19219,-1612.00000
0.19841,0.20038,0.20137,0.20170,0.19414,0.31386,0.31188,0.30859,0.31057,0.30859,-0.00189,-0.00025,-0.00123,0.00206,0.00107,-48.17630,-1611.00000
0.20038,0.19940,0.19611,0.20006,0.20236,0.31287,0.31221,0.30695,0.31353,0.30925,-0.00057,-0.00419,-0.00025,0.00107,-0.00255,-48.17630,-1610.00000
0.19710,0.19644,0.20170,0.20236,0.19479,0.31188,0.30794,0.30728,0.30563,0.31320,0.00107,-0.00189,-0.00222,0.00074,-0.00090,-48.24872,-1609.00000
0.19446,0.19644,0.19479,0.19348,0.19742,0.30596,0.31682,0.31057,0.30826,0.30629,0.00304,0.00206,-0.00123,-0.00222,-0.00123,-48.24872,-1608.00000
0.19775,0.19512,0.19940,0.20006,0.19808,0.30859,0.30859,0.30794,0.31188,0.31254,0.00239,-0.00321,0.00008,0.00008,0.00008,-47.87870,-1607.00000
0.19742,0.19118,0.19808,0.19710,0.19775,0.30728,0.31057,0.31386,0.30925,0.30695,0.00140,-0.00189,-0.00386,-0.00090,-0.00321,-47.87870,-1606.00000
0.19216,0.19874,0.19348,0.19479,0.19479,0.30267,0.31254,0.30728,0.30366,0.31155,-0.00090,0.00239,-0.00156,-0.00123,-0.00156,-47.95429,-1605.00000
0.19677,0.19742,0.19348,0.19282,0.19677,0.31353,0.30728,0.31057,0.30892,0.30695,-0.00025,-0.00288,-0.00090,-0.00123,-0.00123,-47.95429,-1604.00000
0.19512,0.19611,0.19414,0.19085,0.19512,0.30925,0.31057,0.30958,0.31057,0.30728,0.00173,0.00239,-0.00156,0.00008,0.00107,-48.56621,-1603.00000
0.18789,0.18920,0.19446,0.19019,0.19775,0.30859,0.31090,0.30530,0.31517,0.30925,0.00041,-0.00288,-0.00156,-0.00025,0.00107,-48.56621,-1602.00000
0.18854,0.18887,0.18789,0.18723,0.19742,0.30761,0.31024,0.31024,0.30465,0.31287,-0.00025,0.00074,0.00239,0.00041,-0.00189,-49.00508,-1601.00000
0.18789,0.19150,0.18854,0.18854,0.18526,0.30991,0.31122,0.30563,0.30794,0.31221,-0.00353,0.00107,-0.00255,-0.00189,0.00140,-49.00508,-1600.00000
0.19249,0.19348,0.18854,0.18854,0.19019,0.30826,0.31122,0.30728,0.30695,0.30695,-0.00057,-0.00156,-0.00321,0.00074,0.00239,-48.85983,-1599.00000
0.18394,0.18789,0.19249,0.18756,0.19545,0.30794,0.30859,0.31122,0.31517,0.30826,-0.00288,-0.00189,-0.00189,-0.00090,0.00206,-48.85983,-1598.00000
0.18854,0.18723,0.19085,0.19216,0.18789,0.31221,0.31122,0.31090,0.31057,0.30859,-0.00452,-0.00057,-0.00025,-0.00386,0.00074,-49.11456,-1597.00000
0.18822,0.18953,0.18986,0.19085,0.18723,0.31221,0.31320,0.30761,0.31024,0.31254,0.00304,-0.00189,0.00008,0.00206,0.00140,-49.11456,-1596.00000
0.18887,0.19019,0.19545,0.19183,0.19019,0.31386,0.30958,0.31122,0.31090,0.31221,0.00008,-0.00057,0.00239,0.00272,0.00041,-49.14929,-1595.00000
0.18986,0.19118,0.19315,0.18756,0.18690,0.30629,0.30859,0.30629,0.31320,0.31122,-0.00288,-0.00255,0.00206,0.00074,-0.00288,-49.14929,-1594.00000
0.19479,0.18920,0.18756,0.18526,0.18723,0.30925,0.30859,0.30892,0.31155,0.31024,-0.00156,0.00272,-0.00189,-0.00321,0.00173,-49.09269,-1593.00000
0.18493,0.19249,0.18262,0.18328,0.18460,0.31320,0.30859,0.31188,0.30925,0.30859,-0.00025,0.00041,0.00008,-0.00156,-0.00025,-49.09269,-1592.00000
0.17868,0.18460,0.19150,0.18756,0.19479,0.31155,0.30761,0.31024,0.31221,0.30629,-0.00057,-0.00419,0.00107,0.00206,-0.00189,-48.56342,-1591.00000
0.18295,0.18262,0.18756,0.18756,0.18756,0.31057,0.30859,0.30366,0.30958,0.31517,0.00041,-0.00222,-0.00025,0.00074,-0.00123,-48.56342,-1590.00000
0.18624,0.18394,0.18789,0.18460,0.19019,0.30498,0.30662,0.30662,0.31353,0.30892,0.00140,-0.00090,-0.00222,0.00107,-0.00057,-48.63212,-1589.00000
0.18690,0.18131,0.18887,0.18427,0.18131,0.31057,0.30333,0.30892,0.31517,0.30629,0.00008,-0.00255,-0.00419,0.00107,-0.00222,-48.63212,-1588.00000
0.18065,0.18065,0.18690,0.18164,0.18361,0.31353,0.31155,0.31254,0.31155,0.30596,0.00140,-0.00353,0.00074,0.00008,-0.00057,-48.47773,-1587.00000
0.18328,0.18032,0.18657,0.18558,0.18526,0.31188,0.31221,0.30958,0.30728,0.30925,0.00140,-0.00189,-0.00386,-0.00025,0.00041,-48.47773,-1586.00000
0.18131,0.18460,0.18164,0.18295,0.18558,0.30958,0.31320,0.30498,0.30432,0.30563,-0.00485,0.00107,0.00140,0.00107,0.00173,-48.59616,-1585.00000
0.18098,0.17769,0.18526,0.18131,0.17966,0.31221,0.30695,0.30925,0.30465,0.30695,0.00568,-0.00156,0.00107,0.00041,-0.00123,-48.59616,-1584.00000
0.18361,0.17342,0.18065,0.18032,0.18493,0.30432,0.30498,0.30892,0.31221,0.31024,-0.00156,-0.00156,-0.00156,-0.00156,0.00173,-48.48631,-1583.00000
0.17999,0.17934,0.17901,0.18493,0.18065,0.31188,0.31155,0.30991,0.30530,0.30958,0.00140,-0.00386,-0.00057,-0.00288,0.00140,-48.48631,-1582.00000
0.18328,0.18328,0.18328,0.17901,0.18361,0.31155,0.31320,0.31057,0.30794,0.30695,-0.00156,-0.00123,-0.00156,-0.00353,-0.00288,-47.93293,-1581.00000
0.18065,0.17638,0.18065,0.17901,0.17966,0.31254,0.30925,0.30925,0.30925,0.31254,-0.00025,0.00239,-0.00419,0.00041,0.00008,-47.93293,-1580.00000
0.17769,0.17769,0.17539,0.18230,0.17769,0.31122,0.30794,0.30925,0.31188,0.30991,-0.00090,0.00107,-0.00057,0.00370,-0.00090,-48.14018,-1579.00000
0.18657,0.17342,0.18295,0.17539,0.17868,0.31155,0.31188,0.30826,0.30794,0.30892,0.00140,-0.00057,-0.00123,-0.00090,-0.00156,-48.14018,-1578.00000
0.18164,0.17802,0.18394,0.17999,0.17670,0.31353,0.31122,0.30859,0.30991,0.31221,0.00436,-0.00222,0.00206,-0.00386,0.00074,-47.63056,-1577.00000
0.17868,0.17407,0.17309,0.18427,0.17966,0.30728,0.30498,0.31386,0.31188,0.31122,0.00140,-0.00222,-0.00025,-0.00057,-0.00057,-47.63056,-1576.00000
0.17638,0.17572,0.17868,0.17703,0.17473,0.30958,0.31057,0.30498,0.30794,0.31386,0.00272,0.00041,-0.00025,0.00074,0.00272,-48.24785,-1575.00000
0.17736,0.17605,0.17539,0.16881,0.17835,0.31517,0.30662,0.31221,0.30958,0.30826,0.00074,0.00239,-0.00057,0.00272,-0.00025,-48.24785,-1574.00000
0.18098,0.17901,0.17013,0.17539,0.17309,0.31353,0.31221,0.30958,0.31451,0.31353,-0.00123,-0.00090,0.00403,-0.00057,0.00140,-48.58450,-1573.00000
0.17243,0.17276,0.17966,0.18131,0.17276,0.31122,0.30925,0.31221,0.30991,0.31254,0.00107,0.00074,-0.00189,-0.00090,0.00107,-48.58450,-1572.00000
0.18164,0.17572,0.17638,0.17144,0.17572,0.31122,0.30859,0.31090,0.30728,0.30629,-0.00025,-0.00057,0.00041,-0.00222,-0.00649,-48.54852,-1571.00000
0.17670,0.17605,0.17802,0.17440,0.17342,0.31353,0.31320,0.31057,0.31090,0.31221,0.00370,-0.00057,0.00239,-0.00057,0.00304,-48.54852,-1570.00000
0.17769,0.17934,0.16717,0.17342,0.17276,0.31122,0.31057,0.31122,0.30991,0.30859,-0.00321,-0.00156,-0.00025,0.00272,0.00206,-48.70195,-1569.00000
0.17210,0.17013,0.17111,0.17769,0.17769,0.31090,0.30826,0.31188,0.30958,0.30728,0.00074,-0.00452,0.00107,-0.00090,-0.00025,-48.70195,-1568.00000
0.17374,0.17243,0.17013,0.17210,0.17473,0.31550,0.31254,0.30925,0.30794,0.30695,-0.00386,-0.00156,0.00206,-0.00025,-0.00222,-48.89049,-1567.00000
0.17243,0.16684,0.17210,0.17013,0.17144,0.31090,0.31057,0.30761,0.31155,0.30728,-0.00156,-0.00452,-0.00255,0.00041,0.00173,-48.89049,-1566.00000
0.16717,0.17769,0.16947,0.17374,0.17572,0.30925,0.31254,0.31155,0.31254,0.31188,0.00239,-0.00156,-0.00123,-0.00123,-0.00123,-49.17569,-1565.00000
0.17309,0.17243,0.17342,0.16848,0.17013,0.31122,0.30794,0.30530,0.30958,0.31057,-0.00025,-0.00288,0.00272,0.00173,-0.00156,-49.17569,-1564.00000
0.16717,0.16980,0.16980,0.17473,0.17276,0.30695,0.31254,0.30892,0.31386,0.31090,0.00074,-0.00321,-0.00222,0.00041,0.00272,-49.58718,-1563.00000
0.16782,0.17013,0.17210,0.16914,0.17539,0.31122,0.31320,0.30826,0.30859,0.30859,-0.00090,-0.00353,-0.00025,-0.00189,-0.00090,-49.58718,-1562.00000
0.16947,0.16717,0.17078,0.16980,0.16256,0.30859,0.31024,0.30498,0.30761,0.31353,-0.00090,-0.00419,-0.00452,0.00239,0.00008,-49.22023,-1561.00000
0.16914,0.17045,0.17045,0.16980,0.17342,0.31188,0.30432,0.31353,0.30563,0.31057,0.00107,0.00008,-0.00386,0.00107,0.00304,-49.22023,-1560.00000
0.16848,0.17177,0.16881,0.17013,0.16980,0.30991,0.30859,0.31090,0.30662,0.30596,0.00206,-0.00255,-0.00321,-0.00123,-0.00057,-49.46713,-1559.00000
0.17210,0.16421,0.17078,0.16980,0.16914,0.31188,0.31024,0.31386,0.30432,0.30991,-0.00386,-0.00090,-0.00057,-0.00090,-0.00123,-49.46713,-1558.00000
0.17013,0.16519,0.16519,0.17243,0.16815,0.30267,0.31550,0.31254,0.31188,0.31287,0.00107,0.00041,0.00074,0.00173,0.00272,-48.99209,-1557.00000
0.16782,0.16848,0.16486,0.16486,0.17276,0.30925,0.31517,0.30267,0.30892,0.31024,-0.00321,-0.00057,0.00074,-0.00419,-0.00353,-48.99209,-1556.00000
0.16421,0.16749,0.16815,0.16256,0.16782,0.31287,0.30859,0.30728,0.30826,0.31122,-0.00025,-0.00288,-0.00090,-0.00025,-0.00255,-48.80885,-1555.00000
0.16552,0.16223,0.16717,0.17111,0.16749,0.31320,0.31155,0.30859,0.31418,0.30991,0.00041,-0.00057,0.00436,0.00074,-0.00090,-48.80885,-1554.00000
0.15993,0.16947,0.16684,0.16782,0.16421,0.31386,0.30991,0.30596,0.30826,0.30761,0.00173,0.00074,-0.00288,-0.00057,-0.00288,-49.03175,-1553.00000
0.16453,0.16421,0.16421,0.16684,0.16552,0.31254,0.31057,0.31451,0.30695,0.30794,0.00206,-0.00156,0.00041,0.00107,-0.00057,-49.03175,-1552.00000
0.16092,0.16486,0.16618,0.16125,0.16355,0.31386,0.31155,0.30859,0.30761,0.30991,-0.00222,-0.00123,0.00107,-0.00353,0.00140,-48.00359,-1551.00000
0.16914,0.16157,0.16453,0.15894,0.15960,0.30958,0.31386,0.30662,0.30958,0.30794,-0.00189,-0.00156,0.00206,0.00041,-0.00123,-48.00359,-1550.00000
0.16552,0.16651,0.16421,0.15960,0.17078,0.31057,0.31024,0.31122,0.31057,0.31057,-0.00222,-0.00057,0.00173,-0.00222,-0.00189,-47.95128,-1549.00000
0.16223,0.16026,0.15894,0.15796,0.16552,0.30826,0.30991,0.30925,0.31353,0.30892,-0.00156,0.00337,-0.00057,0.00107,-0.00057,-47.95128,-1548.00000
0.15829,0.16157,0.15829,0.16256,0.16552,0.31254,0.30662,0.30761,0.30925,0.30859,-0.00123,-0.00057,-0.00321,-0.00419,0.00107,-47.74063,-1547.00000
0.16519,0.16519,0.16026,0.16618,0.16486,0.30794,0.31221,0.30530,0.31090,0.30596,0.00173,-0.00123,-0.00288,0.00140,-0.00057,-47.74063,-1546.00000
0.15697,0.16421,0.16388,0.16157,0.16486,0.30991,0.30300,0.31090,0.31155,0.31287,-0.00485,0.00140,-0.00222,-0.00156,0.00074,-48.61094,-1545.00000
0.16190,0.15796,0.16355,0.16190,0.16717,0.31221,0.31090,0.31451,0.31057,0.30695,-0.00189,0.00041,0.00370,-0.00025,-0.00321,-48.61094,-1544.00000
0.16947,0.16388,0.15960,0.16453,0.16223,0.31616,0.31320,0.30728,0.30826,0.30596,0.00403,-0.00189,-0.00123,-0.00057,0.00041,-48.13646,-1543.00000
0.16355,0.16157,0.16026,0.15730,0.15829,0.31090,0.31024,0.30826,0.31122,0.31287,0.00239,-0.00321,-0.00189,-0.00057,-0.00090,-48.13646,-1542.00000
0.15598,0.16322,0.16125,0.16059,0.15565,0.30695,0.31517,0.30859,0.31254,0.30794,0.00173,-0.00255,0.00239,0.00140,-0.00123,-48.21077,-1541.00000
0.16190,0.15467,0.16453,0.15664,0.16749,0.31188,0.30695,0.30596,0.30333,0.30761,0.00140,-0.00156,-0.00123,-0.00222,0.00107,-48.21077,-1540.00000
0.15697,0.15598,0.15697,0.15368,0.16157,0.31155,0.31155,0.31320,0.31155,0.30794,-0.00057,-0.00090,0.00272,0.00074,-0.00090,-48.15614,-1539.00000
0.15697,0.16157,0.15598,0.15500,0.15960,0.31353,0.30826,0.31287,0.31320,0.30925,0.00008,0.00008,-0.00353,-0.00189,-0.00156,-48.15614,-1538.00000
0.15401,0.16190,0.16059,0.16421,0.14677,0.30958,0.31188,0.30925,0.31090,0.31057,-0.00090,0.00140,-0.00321,-0.00485,0.00041,-48.56568,-1537.00000
0.15467,0.15763,0.15368,0.15861,0.15598,0.30991,0.30892,0.30859,0.30925,0.31879,-0.00090,-0.00353,0.00041,0.00107,-0.00090,-48.56568,-1536.00000
0.15763,0.16026,0.15171,0.15829,0.15006,0.31353,0.31418,0.30728,0.30859,0.31550,-0.00090,-0.00090,0.00107,0.00008,0.00173,-49.64274,-1535.00000
0.15302,0.15730,0.15171,0.15861,0.15894,0.31057,0.30728,0.30958,0.31122,0.31418,0.00272,-0.00090,-0.00090,0.00107,-0.00255,-49.64274,-1534.00000
0.14973,0.15302,0.15467,0.15138,0.15105,0.31024,0.31287,0.30761,0.30991,0.31418,-0.00255,0.00173,-0.00288,-0.00156,-0.00156,-49.23286,-1533.00000
0.15401,0.15401,0.15138,0.15861,0.14480,0.30695,0.31155,0.30826,0.30794,0.31221,0.00173,0.00107,-0.00288,0.00041,-0.00057,-49.23286,-1532.00000
0.15302,0.15368,0.15533,0.15829,0.15796,0.30991,0.31057,0.30728,0.30958,0.31451,0.00173,-0.00057,-0.00025,-0.00057,0.00107,-46.97881,-1531.00000
0.15401,0.15204,0.15763,0.15269,0.15237,0.30958,0.31057,0.31188,0.31155,0.30925,-0.00551,0.00041,-0.00025,-0.00025,-0.00189,-46.97881,-1530.00000
0.14743,0.15335,0.15204,0.15730,0.15368,0.31090,0.31221,0.30958,0.31024,0.31320,0.00074,-0.00123,-0.00156,0.00008,-0.00090,-45.82441,-1529.00000
0.15730,0.15598,0.14908,0.15039,0.15598,0.31024,0.31221,0.30826,0.31418,0.31517,-0.00288,-0.00321,-0.00090,0.00140,0.00008,-45.82441,-1528.00000
0.15664,0.14941,0.15269,0.15434,0.15500,0.31057,0.31353,0.31155,0.31287,0.30991,0.00173,0.00041,-0.00255,-0.00255,-0.00353,-43.13262,-1527.00000
0.15269,0.14612,0.15598,0.15204,0.15204,0.31155,0.31649,0.31090,0.31320,0.30892,0.00173,-0.00255,-0.00123,-0.00189,0.00008,-43.13262,-1526.00000
0.15467,0.15039,0.14677,0.15302,0.15335,0.31090,0.31254,0.30859,0.31418,0.30892,-0.00189,-0.00353,-0.00222,0.00074,-0.00222,-42.05098,-1525.00000
0.15500,0.15302,0.14677,0.15927,0.15105,0.30859,0.31221,0.31386,0.31057,0.31386,-0.00123,-0.00321,-0.00123,-0.00353,0.00239,-42.05098,-1524.00000
0.15401,0.14612,0.14875,0.15138,0.15072,0.31090,0.30465,0.30859,0.31254,0.31024,0.00008,-0.00090,-0.00057,0.00140,0.00107,-43.21139,-1523.00000
0.15039,0.14743,0.14941,0.15401,0.15204,0.30925,0.30695,0.31287,0.31155,0.31155,0.00041,-0.00321,-0.00090,-0.00090,-0.00057,-43.21139,-1522.00000
0.14809,0.14480,0.15072,0.15269,0.15072,0.30925,0.31418,0.31122,0.31090,0.31122,0.00535,-0.00057,0.00206,-0.00025,0.00074,-44.55955,-1521.00000
0.14348,0.15533,0.15302,0.15401,0.15401,0.30958,0.31221,0.31451,0.30958,0.31386,0.00008,-0.00025,-0.00189,-0.00189,-0.00353,-44.55955,-1520.00000
0.14908,0.14776,0.14513,0.14579,0.15204,0.30761,0.31024,0.30826,0.30826,0.30892,0.00041,-0.00189,-0.00123,-0.00025,-0.00057,-45.67153,-1519.00000
0.15072,0.14184,0.14776,0.14941,0.14579,0.30629,0.31254,0.31649,0.31682,0.31024,0.00272,-0.00222,0.00173,-0.00025,0.00140,-45.67153,-1518.00000
0.15039,0.15204,0.14480,0.15302,0.15171,0.31024,0.31024,0.30761,0.30925,0.31320,0.00008,0.00041,-0.00057,0.00206,0.00436,-45.71950,-1517.00000
0.14414,0.14809,0.14776,0.14908,0.14875,0.31320,0.30892,0.30925,0.31024,0.31451,0.00008,-0.00321,-0.00222,-0.00288,0.00074,-45.71950,-1516.00000
0.15039,0.14677,0.13559,0.15302,0.14283,0.31550,0.31254,0.30892,0.31484,0.31024,-0.00419,-0.00255,0.00337,-0.00222,-0.00090,-46.29021,-1515.00000
0.14447,0.14414,0.15105,0.14546,0.14579,0.30925,0.30728,0.31287,0.31090,0.30991,-0.00682,-0.00025,0.00173,0.00272,0.00173,-46.29021,-1514.00000
0.13987,0.15401,0.14579,0.14941,0.15039,0.30761,0.31221,0.30826,0.31122,0.30892,0.00041,0.00008,-0.00090,-0.00189,0.00140,-46.48840,-1513.00000
0.14645,0.14348,0.15138,0.14414,0.14020,0.30563,0.31254,0.30761,0.31122,0.31057,-0.00255,-0.00222,-0.00386,0.00074,0.00041,-46.48840,-1512.00000
0.14381,0.14283,0.14348,0.14612,0.14743,0.31517,0.31188,0.31418,0.30794,0.30925,0.00173,0.00107,0.00337,0.00370,0.00239,-47.25203,-1511.00000
0.14842,0.14809,0.14513,0.14316,0.14283,0.30958,0.31353,0.31254,0.30925,0.31287,0.00140,-0.00090,-0.00057,0.00041,0.00370,-47.25203,-1510.00000
0.14316,0.14875,0.14579,0.14776,0.14480,0.31353,0.31155,0.31221,0.30596,0.31155,0.00041,-0.00518,0.00370,-0.00123,0.00173,-47.40142,-1509.00000
0.14809,0.14743,0.14480,0.14480,0.14579,0.31122,0.31155,0.31287,0.31057,0.31386,-0.00123,-0.00123,0.00173,-0.00057,0.00008,-47.40142,-1508.00000
0.14776,0.14184,0.13987,0.14414,0.14842,0.30892,0.31221,0.31484,0.31320,0.31287,-0.00025,-0.00288,0.00206,-0.00025,0.00041,-47.67516,-1507.00000
0.14348,0.14414,0.14645,0.13921,0.14546,0.30859,0.30761,0.31024,0.30761,0.30794,-0.00025,-0.00222,-0.00090,-0.00057,-0.00057,-47.67516,-1506.00000
0.14217,0.14776,0.14348,0.14118,0.13756,0.30662,0.31287,0.30826,0.30991,0.31418,0.00239,-0.00025,-0.00222,-0.00123,-0.00255,-48.16528,-1505.00000
0.14447,0.14052,0.13822,0.14579,0.13954,0.30958,0.31057,0.31254,0.31517,0.30794,-0.00386,-0.00090,-0.00288,-0.00090,-0.00057,-48.16528,-1504.00000
0.14283,0.13954,0.14414,0.13954,0.14184,0.30925,0.30958,0.31090,0.30695,0.31024,-0.00090,0.00206,0.00008,-0.00057,-0.00321,-48.31299,-1503.00000
0.14250,0.14348,0.14513,0.14085,0.14348,0.30925,0.31254,0.31320,0.30826,0.31090,-0.00025,-0.00255,-0.00025,0.00074,-0.00288,-48.31299,-1502.00000
0.13822,0.14283,0.13625,0.14447,0.13954,0.30662,0.30859,0.30991,0.31024,0.31254,-0.00123,0.00107,-0.00288,0.00140,-0.00288,-48.72884,-1501.00000
0.13724,0.13592,0.13855,0.14612,0.14513,0.30826,0.30728,0.30892,0.30991,0.30892,0.00041,-0.00123,-0.00222,-0.00189,-0.00057,-48.72884,-1500.00000
0.13756,0.13691,0.13954,0.14085,0.14447,0.30958,0.31024,0.30892,0.31320,0.31188,0.00272,-0.00123,-0.00156,-0.00288,0.00008,-48.70171,-1499.00000
0.14381,0.13987,0.14085,0.13954,0.13691,0.31221,0.31057,0.30728,0.30958,0.30958,0.00008,0.00173,0.00370,0.00074,0.00140,-48.70171,-1498.00000
0.13921,0.13888,0.14085,0.14316,0.14217,0.31254,0.31155,0.31484,0.31057,0.30794,-0.00419,-0.00090,-0.00353,0.00107,-0.00222,-49.29235,-1497.00000
0.14316,0.13691,0.13921,0.13493,0.13724,0.31024,0.31155,0.31583,0.30892,0.31122,-0.00321,-0.00123,-0.00222,-0.00090,-0.00189,-49.29235,-1496.00000
0.13691,0.13460,0.13296,0.13526,0.13592,0.30892,0.31090,0.31122,0.30958,0.31024,0.00008,0.00107,0.00074,0.00107,-0.00156,-48.99438,-1495.00000
0.13493,0.13658,0.14184,0.13724,0.14348,0.30728,0.31090,0.30695,0.30596,0.30794,0.00304,0.00206,0.00206,-0.00189,0.00206,-48.99438,-1494.00000
0.13691,0.13888,0.14316,0.13756,0.13987,0.31090,0.30859,0.31254,0.30530,0.31418,0.00173,-0.00057,0.00008,0.00173,-0.00189,-48.55485,-1493.00000
0.14151,0.13559,0.13164,0.14250,0.13855,0.30958,0.31287,0.30859,0.31221,0.31221,-0.00156,0.00107,-0.00123,0.00041,-0.00156,-48.55485,-1492.00000
0.13658,0.13855,0.13230,0.14151,0.13559,0.30695,0.30563,0.31484,0.31451,0.31353,-0.00189,-0.00255,0.00140,-0.00255,-0.00123,-48.26671,-1491.00000
0.13428,0.13066,0.13954,0.13724,0.13888,0.30826,0.31287,0.31155,0.31221,0.31188,-0.00123,0.00041,0.00140,-0.00057,0.00140,-48.26671,-1490.00000
0.13789,0.13822,0.13559,0.13362,0.12934,0.31024,0.30958,0.30892,0.30958,0.31649,0.00239,-0.00057,0.00337,-0.00321,-0.00189,-48.23087,-1489.00000
0.13164,0.13822,0.13855,0.13724,0.14316,0.30695,0.30530,0.30695,0.30826,0.30925,0.00008,-0.00551,0.00041,-0.00123,0.00008,-48.23087,-1488.00000
0.13592,0.14085,0.13493,0.13658,0.13296,0.31155,0.30958,0.31057,0.30366,0.31155,-0.00386,0.00041,0.00304,-0.00057,-0.00090,-47.86680,-1487.00000
0.14052,0.13230,0.13460,0.13460,0.13658,0.31090,0.30892,0.30826,0.30991,0.31024,-0.00288,0.00107,-0.00222,0.00206,-0.00090,-47.86680,-1486.00000
0.13625,0.13395,0.13329,0.13428,0.13066,0.31221,0.30794,0.31320,0.30958,0.30826,0.00041,0.00041,-0.00123,-0.00288,-0.00255,-47.48737,-1485.00000
0.13724,0.13329,0.13460,0.13033,0.13888,0.31451,0.31386,0.31188,0.31024,0.30958,-0.00090,0.00041,0.00074,0.00008,-0.00288,-47.48737,-1484.00000
0.13526,0.14250,0.13559,0.13592,0.12967,0.31353,0.31024,0.30826,0.30925,0.31221,0.00304,0.00140,-0.00123,-0.00288,-0.00189,-47.22628,-1483.00000
0.13493,0.13526,0.13329,0.14020,0.13493,0.30958,0.31155,0.31188,0.31090,0.31188,-0.00419,-0.00123,-0.00123,-0.00156,-0.00321,-47.22628,-1482.00000
0.13526,0.13888,0.13132,0.13691,0.13164,0.31320,0.31024,0.31320,0.31155,0.30925,-0.00222,-0.00255,-0.00025,0.00107,0.00140,-47.50307,-1481.00000
0.13724,0.13164,0.13099,0.13329,0.12671,0.31057,0.30728,0.31188,0.30596,0.31386,-0.00090,-0.00025,-0.00123,-0.00090,0.00173,-47.50307,-1480.00000
0.13296,0.13526,0.13526,0.13230,0.13099,0.31090,0.31221,0.31188,0.31517,0.30892,0.00140,-0.00156,0.00206,0.00041,0.00041,-47.76897,-1479.00000
0.13428,0.13230,0.13263,0.12967,0.13395,0.31155,0.31024,0.30859,0.31418,0.30859,0.00173,-0.00025,0.00107,-0.00123,0.00140,-47.76897,-1478.00000
0.13197,0.13066,0.13230,0.13362,0.12474,0.30662,0.31320,0.31090,0.31024,0.31155,-0.00321,0.00041,-0.00025,-0.00123,-0.00321,-47.97391,-1477.00000
0.13197,0.13066,0.13592,0.12803,0.13493,0.30925,0.31221,0.30596,0.31616,0.31353,-0.00025,-0.00123,-0.00156,0.00074,0.00008,-47.97391,-1476.00000
0.12803,0.13822,0.13329,0.12605,0.13132,0.30761,0.31090,0.31057,0.31287,0.31122,-0.00255,0.00074,0.00140,-0.00123,-0.00057,-48.29608,-1475.00000
0.13263,0.13789,0.13000,0.13164,0.13329,0.31221,0.30695,0.31221,0.31057,0.31155,-0.00123,-0.00419,0.00206,-0.00057,0.00272,-48.29608,-1474.00000
0.13362,0.13197,0.13658,0.13099,0.12770,0.31550,0.31287,0.30498,0.31155,0.30958,0.00140,-0.00025,0.00370,-0.00386,0.00008,-49.11145,-1473.00000
0.13756,0.13164,0.13658,0.13099,0.13263,0.31353,0.30991,0.30892,0.30498,0.30859,-0.00419,0.00041,-0.00419,-0.00321,-0.00222,-49.11145,-1472.00000
0.13395,0.12540,0.12836,0.13132,0.12967,0.30859,0.30991,0.31320,0.30629,0.31517,-0.00025,-0.00090,-0.00189,-0.00123,-0.00090,-49.07560,-1471.00000
0.12901,0.12309,0.12408,0.13164,0.12671,0.31155,0.30695,0.30432,0.31451,0.30859,0.00074,0.00107,-0.00189,0.00140,-0.00123,-49.07560,-1470.00000
0.12967,0.12737,0.12868,0.12737,0.13526,0.30892,0.31122,0.30728,0.31517,0.30892,-0.00057,0.00107,-0.00222,-0.00189,-0.00156,-49.34630,-1469.00000
0.13066,0.13033,0.13329,0.12408,0.13329,0.31090,0.30958,0.31024,0.30958,0.30695,0.00140,0.00074,-0.00255,-0.00057,-0.00090,-49.34630,-1468.00000
0.12967,0.12803,0.13132,0.12507,0.12638,0.31057,0.31386,0.30695,0.31583,0.31024,-0.00057,0.00337,-0.00123,-0.00025,-0.00353,-48.74552,-1467.00000
0.13230,0.12572,0.13197,0.12540,0.12836,0.30892,0.30892,0.31451,0.31057,0.31057,-0.00353,0.00041,-0.00156,-0.00025,-0.00419,-48.74552,-1466.00000
0.12868,0.12934,0.12638,0.12803,0.13099,0.30958,0.31155,0.31155,0.31155,0.30794,0.00041,-0.00057,-0.00386,-0.00025,-0.00255,-48.47032,-1465.00000
0.13230,0.12474,0.12934,0.12836,0.12967,0.31057,0.30761,0.30662,0.31090,0.31057,0.00206,-0.00189,-0.00057,-0.00057,0.00008,-48.47032,-1464.00000
0.12638,0.12244,0.13164,0.13000,0.12408,0.30465,0.31254,0.30892,0.30728,0.30399,0.00008,-0.00222,0.00107,-0.00025,0.00041,-48.70515,-1463.00000
0.12408,0.12507,0.12737,0.12934,0.12540,0.30991,0.31221,0.31057,0.31155,0.30728,0.00074,-0.00025,-0.00123,-0.00321,-0.00288,-48.70515,-1462.00000
0.13066,0.12737,0.13099,0.12540,0.12770,0.30761,0.30958,0.30958,0.30662,0.30794,0.00107,-0.00156,0.00008,0.00140,-0.00419,-48.08696,-1461.00000
0.12309,0.12638,0.12605,0.12375,0.13000,0.30925,0.31418,0.31090,0.30859,0.31090,0.00173,0.00173,-0.00321,-0.00025,-0.00123,-48.08696,-1460.00000
0.12474,0.12934,0.12540,0.12309,0.12309,0.31484,0.31122,0.31057,0.30859,0.31090,0.00272,-0.00189,-0.00090,0.00074,0.00107,-46.84476,-1459.00000
0.12901,0.13164,0.12868,0.13164,0.13197,0.30728,0.30925,0.31155,0.31287,0.30826,-0.00090,0.00008,-0.00321,-0.00255,0.00173,-46.84476,-1458.00000
0.13197,0.12046,0.12671,0.13066,0.11948,0.31155,0.31090,0.31353,0.31122,0.30925,0.00107,-0.00288,-0.00123,0.00140,-0.00419,-45.22235,-1457.00000
0.12375,0.13099,0.12309,0.12342,0.12507,0.31188,0.30925,0.30991,0.31484,0.30892,-0.00321,0.00041,-0.00090,-0.00255,0.00008,-45.22235,-1456.00000
0.12178,0.13132,0.13000,0.12605,0.13099,0.30728,0.31122,0.31418,0.31221,0.30958,-0.00222,0.00239,-0.00057,0.00074,-0.00057,-42.71985,-1455.00000
0.12408,0.12507,0.12474,0.12638,0.12211,0.30991,0.30925,0.31155,0.30859,0.31057,-0.00156,-0.00255,0.00206,-0.00222,0.00206,-42.71985,-1454.00000
0.12145,0.12178,0.12375,0.12770,0.12276,0.31254,0.30925,0.30958,0.30958,0.30958,-0.00090,0.00403,0.00107,0.00074,0.00041,-41.92554,-1453.00000
0.12013,0.12244,0.12671,0.12605,0.12507,0.31451,0.31320,0.31287,0.30925,0.31090,-0.00090,0.00140,0.00008,-0.00255,0.00206,-41.92554,-1452.00000
0.12342,0.12704,0.12737,0.11816,0.12276,0.31287,0.30925,0.30761,0.30826,0.31221,-0.00025,-0.00123,-0.00353,-0.00156,-0.00025,-43.62907,-1451.00000
0.12441,0.12013,0.12276,0.12441,0.12244,0.31090,0.30432,0.30629,0.30728,0.31320,0.00008,-0.00255,0.00239,0.00140,-0.00189,-43.62907,-1450.00000
0.12638,0.12112,0.12145,0.12803,0.12638,0.31353,0.31254,0.30958,0.30662,0.31057,0.00173,-0.00222,-0.00025,0.00239,-0.00321,-44.34321,-1449.00000
0.12836,0.11948,0.11783,0.12836,0.11849,0.30761,0.30530,0.30958,0.31122,0.31353,-0.00090,0.00173,0.00337,0.00041,-0.00123,-44.34321,-1448.00000
0.11915,0.12868,0.12244,0.11355,0.12342,0.30859,0.30695,0.30892,0.30892,0.31221,0.00304,0.00337,-0.00057,-0.00222,-0.00189,-45.98304,-1447.00000
0.12540,0.11849,0.11816,0.12605,0.12342,0.30794,0.30728,0.30794,0.31320,0.30826,-0.00123,0.00272,-0.00255,0.00041,-0.00090,-45.98304,-1446.00000
0.12671,0.11882,0.12737,0.11980,0.11586,0.30761,0.31122,0.31090,0.30991,0.31386,-0.00025,-0.00222,-0.00321,0.00041,-0.00025,-47.08765,-1445.00000
0.12079,0.12079,0.12244,0.12309,0.12211,0.31353,0.31155,0.30892,0.30892,0.30991,-0.00353,-0.00156,-0.00025,-0.00551,-0.00090,-47.08765,-1444.00000
0.12112,0.11619,0.12408,0.12079,0.11717,0.31287,0.30892,0.31024,0.31320,0.31353,-0.00090,-0.00419,0.00337,0.00140,-0.00222,-48.05192,-1443.00000
0.11948,0.12145,0.12605,0.11750,0.12474,0.30728,0.31155,0.31155,0.31122,0.30728,0.00173,-0.00057,0.00008,0.00041,-0.00090,-48.05192,-1442.00000
0.12342,0.12178,0.11783,0.12178,0.12540,0.30695,0.30662,0.31418,0.31155,0.31188,-0.00156,-0.00288,0.00074,-0.00156,0.00041,-48.86730,-1441.00000
0.11980,0.12408,0.12408,0.11783,0.12737,0.30925,0.30991,0.30925,0.30826,0.30859,-0.00518,-0.00156,-0.00090,0.00074,0.00041,-48.86730,-1440.00000
0.12474,0.11684,0.11652,0.12079,0.12342,0.31057,0.30794,0.31254,0.31057,0.31517,-0.00189,-0.00025,0.00239,-0.00123,-0.00386,-48.22761,-1439.00000
0.11882,0.12211,0.12079,0.12211,0.11915,0.31057,0.30991,0.31517,0.30629,0.31221,-0.00353,-0.00057,-0.00057,-0.00353,-0.00090,-48.22761,-1438.00000
0.11948,0.12309,0.11882,0.11652,0.12375,0.31122,0.30596,0.31221,0.30662,0.31024,-0.00090,-0.00123,-0.00189,0.00239,-0.00025,-48.21131,-1437.00000
0.12375,0.12079,0.11619,0.12276,0.12013,0.31320,0.30958,0.31221,0.31221,0.31287,-0.00255,-0.00156,-0.00156,-0.00123,-0.00156,-48.21131,-1436.00000
0.12342,0.11125,0.12309,0.11487,0.11750,0.30892,0.30892,0.31353,0.30958,0.31221,-0.00090,0.00107,0.00239,0.00074,-0.00025,-48.79452,-1435.00000
0.12013,0.11816,0.11948,0.11980,0.11454,0.31188,0.30859,0.31386,0.31221,0.31057,0.00074,0.00008,0.00107,0.00107,0.00074,-48.79452,-1434.00000
0.11816,0.11882,0.11849,0.11948,0.11849,0.31254,0.31024,0.30991,0.30465,0.30629,-0.00057,-0.00057,-0.00025,-0.00090,0.00074,-48.71946,-1433.00000
0.11717,0.11553,0.12046,0.11849,0.11717,0.30761,0.31254,0.31057,0.31484,0.30826,-0.00025,0.00041,-0.00090,-0.00353,0.00173,-48.71946,-1432.00000
0.12276,0.12309,0.12342,0.11783,0.11257,0.30892,0.30761,0.30826,0.31287,0.30596,-0.00090,-0.00025,-0.00123,0.00403,0.00107,-48.73127,-1431.00000
0.12013,0.12211,0.11980,0.11915,0.11816,0.31057,0.31418,0.30925,0.31024,0.31188,-0.00419,-0.00288,0.00041,-0.00255,-0.00025,-48.73127,-1430.00000
0.11849,0.11717,0.11257,0.11717,0.11717,0.31090,0.30761,0.31122,0.30432,0.31090,-0.00090,0.00403,0.00239,0.00074,-0.00156,-48.57150,-1429.00000
0.12211,0.11158,0.11948,0.12178,0.11750,0.31155,0.30892,0.31320,0.31122,0.31024,-0.00156,0.00140,-0.00386,-0.00123,-0.00123,-48.57150,-1428.00000
0.11750,0.12309,0.12145,0.11619,0.12046,0.31122,0.31090,0.31024,0.30991,0.30892,-0.00123,-0.00255,-0.00222,-0.00222,0.00173,-48.63914,-1427.00000
0.11652,0.12112,0.11980,0.11816,0.12145,0.31057,0.31353,0.31287,0.30432,0.30859,-0.00057,-0.00353,-0.00057,-0.00255,-0.00090,-48.63914,-1426.00000
0.11849,0.11882,0.11915,0.11849,0.12145,0.30925,0.31254,0.31155,0.30892,0.31090,-0.00123,-0.00057,0.00074,-0.00156,-0.00057,-48.60285,-1425.00000
0.11652,0.11783,0.11849,0.11783,0.11586,0.31122,0.30794,0.31122,0.31320,0.30892,-0.00222,-0.00189,0.00173,0.00008,0.00239,-48.60285,-1424.00000
0.12572,0.11980,0.11355,0.11717,0.12013,0.31024,0.31386,0.31353,0.30958,0.30925,-0.00419,-0.00025,-0.00189,-0.00156,0.00272,-48.14409,-1423.00000
0.11520,0.11586,0.11520,0.11717,0.11421,0.31024,0.31254,0.31155,0.31418,0.31024,-0.00025,0.00173,-0.00057,-0.00419,0.00074,-48.14409,-1422.00000
0.11915,0.11915,0.12013,0.11586,0.11421,0.30728,0.30958,0.30958,0.31287,0.30761,-0.00617,-0.00123,-0.00090,0.00041,0.00140,-48.19306,-1421.00000
0.12112,0.11421,0.11717,0.11487,0.11750,0.30728,0.31484,0.31221,0.30991,0.31122,0.00041,-0.00255,0.00206,-0.00057,0.00206,-48.19306,-1420.00000
0.11520,0.11355,0.11487,0.11619,0.11717,0.30958,0.30958,0.31090,0.31386,0.31484,-0.00025,-0.00189,-0.00156,-0.00025,-0.00090,-48.71399,-1419.00000
0.11816,0.11915,0.11619,0.11487,0.11882,0.30794,0.31320,0.31188,0.31418,0.31221,-0.00189,-0.00025,-0.00025,-0.00025,-0.00222,-48.71399,-1418.00000
0.11619,0.12046,0.11816,0.11586,0.11849,0.31418,0.31221,0.30991,0.31090,0.31155,-0.00156,-0.00551,0.00008,0.00008,0.00370,-48.82040,-1417.00000
0.11849,0.11783,0.11948,0.12112,0.11355,0.30826,0.30991,0.31254,0.31057,0.31122,-0.00156,0.00041,-0.00090,0.00074,-0.00255,-48.82040,-1416.00000
0.11388,0.11783,0.11323,0.11586,0.11355,0.30892,0.31451,0.30925,0.30958,0.30629,-0.00452,-0.00452,-0.00057,-0.00189,0.00041,-49.00364,-1415.00000
0.11915,0.11290,0.11388,0.11454,0.12112,0.31024,0.31353,0.31188,0.31090,0.30728,-0.00353,-0.00321,0.00173,0.00206,0.00008,-49.00364,-1414.00000
0.11586,0.11421,0.11684,0.11652,0.11619,0.30826,0.30826,0.31057,0.31353,0.31451,0.00074,-0.00057,0.00206,-0.00090,0.00008,-48.52684,-1413.00000
0.11454,0.11027,0.11849,0.11224,0.11520,0.30925,0.31616,0.30859,0.30892,0.31320,-0.00156,0.00041,-0.00452,0.00403,-0.00123,-48.52684,-1412.00000
0.11553,0.11454,0.11553,0.11487,0.11158,0.30826,0.30629,0.31024,0.31353,0.30991,0.00239,-0.00123,-0.00419,0.00041,-0.00090,-48.57030,-1411.00000
0.11487,0.10731,0.11750,0.11783,0.12046,0.31122,0.31616,0.30761,0.31320,0.30991,-0.00255,-0.00123,0.00008,-0.00222,-0.00222,-48.57030,-1410.00000
0.11191,0.11553,0.11980,0.11816,0.11191,0.30794,0.30991,0.30958,0.31287,0.31682,-0.00123,0.00173,0.00107,-0.00353,-0.00057,-48.51790,-1409.00000
0.11388,0.11454,0.11125,0.11750,0.12046,0.30958,0.30925,0.31484,0.31057,0.31353,-0.00025,0.00304,0.00107,0.00173,0.00074,-48.51790,-1408.00000
0.11290,0.11454,0.11586,0.10599,0.11783,0.30991,0.30695,0.30498,0.31024,0.30892,-0.00025,0.00173,0.00041,-0.00321,-0.00353,-48.49273,-1407.00000
0.11520,0.11553,0.11684,0.11027,0.11684,0.31057,0.30333,0.31122,0.31024,0.30695,-0.00057,0.00041,0.00337,-0.00353,0.00074,-48.49273,-1406.00000
0.11684,0.11454,0.11652,0.11750,0.11224,0.31090,0.31122,0.30695,0.31221,0.30695,-0.00090,0.00074,-0.00025,0.00041,-0.00222,-48.10322,-1405.00000
0.11454,0.11323,0.10763,0.11290,0.11355,0.30859,0.30925,0.30761,0.31090,0.31517,-0.00057,-0.00386,-0.00288,-0.00090,0.00140,-48.10322,-1404.00000
0.11388,0.11586,0.11619,0.10961,0.11355,0.31386,0.31188,0.30925,0.31320,0.31057,-0.00156,-0.00288,-0.00189,0.00041,-0.00189,-48.12513,-1403.00000
0.12046,0.12013,0.11487,0.11750,0.11224,0.30991,0.31122,0.31221,0.31484,0.30892,0.00403,-0.00485,0.00140,-0.00189,-0.00386,-48.12513,-1402.00000
0.11684,0.11224,0.11421,0.11454,0.11158,0.30761,0.31418,0.31090,0.31090,0.30991,-0.00057,0.00206,0.00041,0.00337,0.00041,-47.54078,-1401.00000
0.11586,0.11158,0.10829,0.11882,0.11125,0.30498,0.30991,0.31254,0.31682,0.31550,-0.00057,-0.00090,0.00140,-0.00288,-0.00057,-47.54078,-1400.00000
0.11158,0.11586,0.10961,0.11520,0.11224,0.31155,0.31155,0.31122,0.31188,0.31155,0.00173,-0.00222,0.00107,-0.00189,-0.00255,-47.68995,-1399.00000
0.10731,0.11684,0.11092,0.11355,0.11487,0.31155,0.30826,0.31287,0.31155,0.30728,0.00041,0.00041,-0.00123,-0.00123,-0.00090,-47.68995,-1398.00000
0.11652,0.11257,0.11421,0.11027,0.11684,0.30794,0.31550,0.31221,0.31188,0.31287,-0.00419,0.00041,-0.00057,-0.00057,-0.00321,-47.61035,-1397.00000
0.11520,0.11257,0.11290,0.11257,0.11619,0.31254,0.30958,0.30958,0.30859,0.31484,0.00239,-0.00156,-0.00057,-0.00222,0.00041,-47.61035,-1396.00000
0.10763,0.11092,0.11290,0.11323,0.11092,0.31320,0.31287,0.31188,0.31122,0.31221,0.00469,0.00173,0.00041,0.00337,0.00140,-47.64518,-1395.00000
0.10895,0.11191,0.11717,0.11388,0.11059,0.30892,0.30925,0.31155,0.30859,0.31386,0.00469,-0.00288,-0.00156,-0.00485,-0.00090,-47.64518,-1394.00000
0.10402,0.11158,0.11619,0.11191,0.11059,0.30991,0.31418,0.31090,0.31353,0.31024,0.00041,0.00074,-0.00452,0.00008,-0.00025,-48.15831,-1393.00000
0.11454,0.11388,0.11290,0.11454,0.10763,0.31583,0.31090,0.31024,0.31122,0.31155,0.00206,0.00173,0.00239,0.00107,0.00107,-48.15831,-1392.00000
0.11158,0.11027,0.10961,0.11059,0.11421,0.30695,0.31254,0.31386,0.30991,0.30662,-0.00025,-0.00386,-0.00419,0.00337,0.00206,-48.56388,-1391.00000
0.11158,0.10599,0.11191,0.10961,0.11191,0.30695,0.30794,0.30925,0.31287,0.31254,0.00403,0.00140,-0.00321,0.00107,-0.00419,-48.56388,-1390.00000
0.11027,0.10895,0.11191,0.11092,0.11158,0.30958,0.31188,0.30892,0.31682,0.31386,-0.00321,-0.00255,-0.00255,0.00436,-0.00386,-48.93842,-1389.00000
0.11586,0.10829,0.10731,0.11257,0.10928,0.30892,0.31517,0.30826,0.30662,0.30958,0.00074,-0.00189,-0.00321,0.00074,-0.00419,-48.93842,-1388.00000
0.11323,0.11224,0.11355,0.11388,0.11224,0.31221,0.30695,0.31090,0.31090,0.30991,-0.00156,0.00107,0.00304,-0.00156,0.00140,-48.97327,-1387.00000
0.11027,0.11092,0.10862,0.11586,0.10862,0.30892,0.31057,0.31057,0.30991,0.30728,-0.00386,-0.00025,-0.00090,-0.00386,0.00173,-48.97327,-1386.00000
0.10928,0.11059,0.11421,0.10698,0.11454,0.31320,0.30958,0.31221,0.31451,0.30695,0.00041,-0.00057,-0.00090,-0.00156,0.00074,-49.15112,-1385.00000
0.11027,0.11257,0.11421,0.11158,0.11323,0.30892,0.30991,0.31057,0.30991,0.30958,-0.00057,-0.00025,0.00107,-0.00123,-0.00025,-49.15112,-1384.00000
0.11323,0.11125,0.10994,0.11059,0.11487,0.30432,0.30892,0.31188,0.31254,0.30728,0.00370,0.00107,0.00041,0.00206,-0.00189,-48.92464,-1383.00000
0.11224,0.10698,0.11224,0.11257,0.11158,0.31254,0.31254,0.31122,0.30892,0.31024,-0.00321,-0.00222,0.00041,0.00107,-0.00057,-48.92464,-1382.00000
0.10763,0.11421,0.11092,0.11388,0.11421,0.31484,0.30958,0.30695,0.31616,0.31155,-0.00288,-0.00123,0.00173,-0.00025,-0.00189,-48.56532,-1381.00000
0.11158,0.11520,0.11125,0.11421,0.11915,0.31386,0.31188,0.30892,0.31188,0.31122,-0.00090,-0.00321,0.00008,-0.00353,-0.00189,-48.56532,-1380.00000
0.10895,0.11684,0.10895,0.10994,0.11191,0.31057,0.31024,0.31188,0.31090,0.30925,0.00107,0.00008,0.00436,-0.00288,-0.00156,-48.30787,-1379.00000
0.11388,0.11191,0.11290,0.11059,0.11027,0.30662,0.30728,0.31320,0.30563,0.30498,-0.00288,-0.00255,0.00239,-0.00288,0.00107,-48.30787,-1378.00000
0.10763,0.11092,0.11421,0.11125,0.10796,0.30629,0.31188,0.31188,0.30662,0.30925,-0.00057,-0.00189,0.00041,-0.00222,-0.00123,-48.01091,-1377.00000
0.11586,0.11059,0.11388,0.10533,0.10796,0.30333,0.31057,0.31188,0.30826,0.31188,0.00041,-0.00090,0.00074,0.00140,-0.00156,-48.01091,-1376.00000
0.10994,0.10566,0.11257,0.11619,0.11290,0.31122,0.30629,0.31155,0.30991,0.30662,-0.00057,-0.00156,-0.00255,0.00337,-0.00222,-47.77388,-1375.00000
0.11684,0.10928,0.10796,0.11290,0.10895,0.30958,0.30498,0.31320,0.31090,0.31090,-0.00189,-0.00452,-0.00222,0.00008,0.00272,-47.77388,-1374.00000
0.10599,0.11684,0.11027,0.11059,0.11290,0.31550,0.30563,0.31024,0.31024,0.31090,-0.00025,-0.00222,0.00041,0.00140,0.00074,-47.77861,-1373.00000
0.10961,0.10895,0.11125,0.10731,0.10369,0.30925,0.31155,0.31320,0.30826,0.30629,0.00272,0.00239,-0.00057,-0.00123,-0.00156,-47.77861,-1372.00000
0.10533,0.11158,0.10500,0.11191,0.11059,0.31320,0.30662,0.30826,0.31122,0.30925,0.00140,-0.00057,0.00074,-0.00353,-0.00025,-47.87454,-1371.00000
0.11092,0.10467,0.11059,0.10961,0.10961,0.30826,0.31287,0.30925,0.30629,0.30794,0.00140,-0.00189,0.00008,-0.00090,-0.00025,-47.87454,-1370.00000
0.10862,0.11750,0.11224,0.10862,0.10731,0.31188,0.31188,0.30892,0.30761,0.31320,0.00173,0.00074,-0.00090,-0.00156,-0.00057,-47.19143,-1369.00000
0.11454,0.10665,0.10895,0.10533,0.11158,0.30695,0.30530,0.31353,0.31254,0.31155,-0.00386,-0.00255,-0.00057,-0.00222,0.00074,-47.19143,-1368.00000
0.10961,0.11290,0.10632,0.10994,0.10599,0.30925,0.31386,0.31188,0.30892,0.30991,-0.00156,0.00173,-0.00090,0.00041,-0.00353,-47.00783,-1367.00000
0.10763,0.10731,0.10928,0.11520,0.11027,0.31221,0.31386,0.30925,0.31386,0.31057,-0.00485,-0.00057,0.00140,-0.00025,0.00173,-47.00783,-1366.00000
0.10369,0.10895,0.11027,0.11158,0.11158,0.30629,0.30859,0.30991,0.31353,0.30991,-0.00057,0.00173,0.00008,-0.00255,-0.00156,-47.23862,-1365.00000
0.10862,0.10665,0.11059,0.10632,0.11290,0.31353,0.31024,0.30761,0.30333,0.31122,0.00304,-0.00123,0.00140,0.00008,-0.00288,-47.23862,-1364.00000
0.11257,0.10862,0.11290,0.11323,0.11290,0.30728,0.31057,0.30695,0.30859,0.30695,0.00140,0.00074,0.00107,0.00041,-0.00123,-47.59755,-1363.00000
0.10763,0.10895,0.11125,0.11158,0.11125,0.30892,0.31024,0.31386,0.31122,0.31122,-0.00288,0.00107,-0.00353,0.00008,-0.00189,-47.59755,-1362.00000
0.10632,0.11586,0.11158,0.11125,0.10698,0.31320,0.30728,0.31122,0.30596,0.30826,-0.00288,0.00239,0.00041,0.00041,0.00140,-48.65716,-1361.00000
0.10796,0.11257,0.11027,0.10632,0.11092,0.30925,0.30695,0.31254,0.31386,0.30695,-0.00189,-0.00025,-0.00156,0.00008,-0.00321,-48.65716,-1360.00000
0.10599,0.10763,0.11388,0.11355,0.10862,0.30892,0.31221,0.30695,0.30826,0.31057,-0.00090,0.00140,0.00074,-0.00025,-0.00189,-49.05269,-1359.00000
0.11224,0.10731,0.10731,0.10402,0.11059,0.30662,0.31386,0.30859,0.30958,0.30794,-0.00057,-0.00090,0.00173,-0.00353,-0.00025,-49.05269,-1358.00000
0.10763,0.10829,0.11454,0.11027,0.10632,0.30728,0.30826,0.31122,0.30794,0.31254,0.00074,0.00173,-0.00222,-0.00090,-0.00321,-49.76722,-1357.00000
0.10796,0.10928,0.10862,0.11125,0.10763,0.31155,0.30892,0.30958,0.31090,0.30629,-0.00090,-0.00057,0.00272,0.00140,-0.00222,-49.76722,-1356.00000
0.10994,0.11290,0.10928,0.10895,0.11290,0.31090,0.31254,0.31024,0.30991,0.31024,-0.00321,0.00206,0.00074,-0.00156,0.00008,-49.45745,-1355.00000
0.11125,0.11092,0.11323,0.10961,0.10961,0.31254,0.31353,0.31090,0.31386,0.30991,0.00041,0.00008,-0.00090,-0.00189,0.00173,-49.45745,-1354.00000
0.10731,0.11257,0.11059,0.11158,0.10994,0.30958,0.31353,0.30925,0.31353,0.30826,-0.00090,-0.00057,-0.00123,-0.00321,-0.00189,-49.68550,-1353.00000
0.10336,0.10994,0.10336,0.10665,0.11421,0.30958,0.31616,0.31122,0.31024,0.30925,-0.00123,0.00239,0.00239,0.00074,-0.00090,-49.68550,-1352.00000
0.11421,0.11224,0.11388,0.10632,0.11355,0.31188,0.31122,0.31122,0.30794,0.31320,-0.00222,0.00008,-0.00222,0.00041,-0.00057,-49.37366,-1351.00000
0.10500,0.11092,0.10796,0.10796,0.11355,0.30695,0.31221,0.30859,0.31287,0.30530,-0.00419,0.00140,0.00173,0.00041,-0.00156,-49.37366,-1350.00000
0.10796,0.10763,0.10994,0.10665,0.10895,0.31353,0.30991,0.30925,0.30662,0.30728,-0.00288,-0.00090,-0.00189,-0.00222,-0.00255,-49.23739,-1349.00000
0.11125,0.11257,0.10994,0.10829,0.10435,0.31188,0.30859,0.30892,0.31057,0.30991,-0.00189,-0.00452,-0.00156,0.00107,-0.00321,-49.23739,-1348.00000
0.11027,0.10270,0.11290,0.11059,0.10599,0.31122,0.31122,0.30991,0.31155,0.30826,0.00074,-0.00025,-0.00222,0.00239,-0.00025,-48.99355,-1347.00000
0.10632,0.10599,0.10928,0.11290,0.10665,0.31320,0.30991,0.30794,0.31682,0.31418,0.00074,0.00502,-0.00156,0.00041,0.00173,-48.99355,-1346.00000
0.10566,0.11816,0.10566,0.10961,0.10599,0.30695,0.30991,0.30629,0.30958,0.30794,-0.00025,-0.00057,-0.00189,-0.00123,0.00370,-48.55266,-1345.00000
0.10829,0.10731,0.10862,0.11421,0.10796,0.31221,0.30794,0.31221,0.31122,0.31188,-0.00189,-0.00288,-0.00189,0.00140,0.00272,-48.55266,-1344.00000
0.11027,0.11257,0.10763,0.10731,0.11421,0.31024,0.30826,0.31122,0.30728,0.30695,0.00041,0.00041,0.00008,0.00206,0.00370,-47.96089,-1343.00000
0.10961,0.11454,0.10862,0.11290,0.10895,0.30629,0.31122,0.31057,0.30530,0.30892,-0.00189,-0.00123,-0.00386,-0.00057,-0.00156,-47.96089,-1342.00000
0.10270,0.10895,0.11191,0.11059,0.10829,0.31188,0.30826,0.30991,0.30794,0.30925,0.00337,-0.00682,0.00074,-0.00057,-0.00090,-48.08395,-1341.00000
0.10829,0.11290,0.10928,0.10402,0.10731,0.30794,0.30892,0.31320,0.31188,0.30794,-0.00353,0.00239,-0.00156,-0.00485,0.00008,-48.08395,-1340.00000
0.10763,0.10599,0.10994,0.10665,0.11027,0.31122,0.30662,0.30892,0.31024,0.30563,-0.00288,0.00173,0.00403,-0.00090,-0.00189,-48.12530,-1339.00000
0.11421,0.10599,0.10731,0.11355,0.11454,0.30925,0.31057,0.31090,0.31287,0.30563,0.00239,0.00041,-0.00255,0.00008,0.00041,-48.12530,-1338.00000
0.11553,0.10731,0.11027,0.11421,0.10599,0.30794,0.31287,0.30859,0.30859,0.30958,-0.00057,-0.00222,-0.00057,0.00239,0.00370,-47.82735,-1337.00000
0.10796,0.11158,0.11125,0.10961,0.10829,0.30728,0.31122,0.30991,0.31386,0.30563,0.00304,0.00008,0.00173,-0.00123,0.00041,-47.82735,-1336.00000
0.10171,0.10961,0.10829,0.10961,0.11553,0.31254,0.31188,0.31353,0.31122,0.30859,-0.00419,0.00206,0.00008,0.00272,-0.00025,-47.64499,-1335.00000
0.10994,0.11027,0.10895,0.10829,0.10994,0.31024,0.30958,0.31090,0.30991,0.31024,-0.00057,-0.00353,0.00140,-0.00485,-0.00156,-47.64499,-1334.00000
0.11619,0.10566,0.11158,0.11355,0.11027,0.30892,0.30958,0.31320,0.30728,0.31682,0.00041,-0.00189,-0.00025,0.00074,-0.00485,-47.99542,-1333.00000
0.10862,0.10961,0.11125,0.10632,0.10731,0.31188,0.30761,0.30925,0.31287,0.30826,-0.00025,0.00074,0.00272,-0.00123,0.00239,-47.99542,-1332.00000
0.10994,0.10796,0.10961,0.10467,0.11520,0.31122,0.31550,0.30892,0.31090,0.30662,-0.00156,0.00041,-0.00485,-0.00025,-0.00156,-47.82703,-1331.00000
0.11158,0.10895,0.10862,0.11355,0.10961,0.31057,0.30859,0.31090,0.30958,0.31024,-0.00090,-0.00353,-0.00321,0.00107,-0.00090,-47.82703,-1330.00000
0.10862,0.11520,0.11323,0.10632,0.11750,0.30892,0.31057,0.30596,0.31221,0.31090,-0.00288,-0.00025,-0.00156,0.00074,-0.00057,-48.17212,-1329.00000
0.11027,0.11421,0.10961,0.10665,0.10994,0.30826,0.31780,0.31122,0.31024,0.30892,-0.00189,-0.00090,0.00041,-0.00255,0.00173,-48.17212,-1328.00000
0.11323,0.11158,0.10763,0.11092,0.11092,0.31155,0.30925,0.31682,0.31649,0.31188,-0.00288,-0.00156,-0.00288,0.00173,0.00206,-48.69027,-1327.00000
0.10862,0.10731,0.10533,0.11092,0.10599,0.30794,0.30958,0.31024,0.30465,0.31287,-0.00057,-0.00649,-0.00189,-0.00222,0.00107,-48.69027,-1326.00000
0.10895,0.10698,0.11684,0.10829,0.10599,0.30761,0.31287,0.31090,0.30958,0.31122,-0.00025,-0.00419,-0.00419,-0.00025,-0.00156,-48.95920,-1325.00000
0.10862,0.10599,0.10994,0.11158,0.10665,0.30695,0.31254,0.31320,0.30859,0.30728,-0.00452,0.00107,-0.00090,0.00140,-0.00255,-48.95920,-1324.00000
0.11092,0.10895,0.11092,0.11191,0.11059,0.30728,0.30530,0.30826,0.30892,0.30859,0.00272,-0.00288,-0.00288,0.00206,-0.00025,-49.56167,-1323.00000
0.10895,0.11487,0.11454,0.10533,0.10829,0.30333,0.31418,0.31353,0.31090,0.31221,0.00074,0.00173,-0.00353,0.00173,-0.00057,-49.56167,-1322.00000
0.11652,0.11027,0.10961,0.11158,0.11257,0.31122,0.30563,0.31287,0.30498,0.31221,-0.00156,0.00074,0.00304,-0.00321,-0.00419,-49.42132,-1321.00000
0.11257,0.10928,0.10961,0.10862,0.11355,0.31057,0.30859,0.30695,0.31122,0.30958,-0.00090,-0.00255,-0.00353,-0.00057,-0.00189,-49.42132,-1320.00000
0.10796,0.11355,0.10763,0.11191,0.11092,0.30991,0.30761,0.31024,0.30399,0.30991,-0.00090,0.00074,-0.00025,-0.00123,0.00140,-49.34403,-1319.00000
0.10928,0.10303,0.11454,0.10566,0.11059,0.30432,0.31517,0.31057,0.30794,0.30728,0.00140,-0.00090,-0.00189,-0.00090,-0.00255,-49.34403,-1318.00000
0.11224,0.11290,0.10928,0.10862,0.10961,0.30892,0.31287,0.30892,0.30563,0.30333,-0.00353,-0.00057,-0.00025,0.00041,-0.00090,-49.13300,-1317.00000
0.10599,0.10862,0.11323,0.10928,0.11191,0.31122,0.30925,0.31155,0.30958,0.30563,-0.00452,-0.00123,0.00041,0.00008,-0.00255,-49.13300,-1316.00000
0.11487,0.11454,0.10731,0.10336,0.11191,0.31024,0.31024,0.30761,0.31155,0.30662,-0.00156,-0.00090,0.00074,-0.00255,-0.00485,-48.41940,-1315.00000
0.10566,0.11191,0.10961,0.11191,0.10961,0.30761,0.31188,0.30465,0.30794,0.30991,-0.00189,-0.00255,0.00107,-0.00025,0.00107,-48.41940,-1314.00000
0.11059,0.11059,0.11454,0.10994,0.11027,0.31155,0.31188,0.31090,0.30925,0.30859,0.00107,-0.00321,-0.00156,-0.00090,0.00008,-48.86651,-1313.00000
0.11191,0.10632,0.11257,0.11323,0.11421,0.30958,0.31155,0.31122,0.30794,0.30234,-0.00090,-0.00025,0.00239,-0.00090,-0.00025,-48.86651,-1312.00000
0.11355,0.10665,0.11652,0.11059,0.10928,0.30563,0.30859,0.31057,0.30629,0.31155,-0.00057,-0.00156,0.00041,-0.00222,-0.00123,-48.40775,-1311.00000
0.11158,0.10961,0.10599,0.11092,0.11355,0.30761,0.30794,0.30761,0.30662,0.30958,-0.00156,0.00041,0.00041,0.00239,0.00107,-48.40775,-1310.00000
0.11355,0.10994,0.11059,0.11454,0.11454,0.31090,0.31024,0.30958,0.30596,0.30695,0.00008,-0.00222,-0.00090,-0.00321,0.00206,-48.20771,-1309.00000
0.10994,0.11421,0.11092,0.10829,0.10599,0.30761,0.31451,0.31090,0.31583,0.31188,-0.00189,-0.00025,-0.00386,-0.00090,-0.00156,-48.20771,-1308.00000
0.11388,0.10763,0.11158,0.11750,0.10829,0.31155,0.31254,0.31254,0.31353,0.31254,-0.00123,-0.00189,0.00140,-0.00057,-0.00057,-48.46985,-1307.00000
0.10862,0.10928,0.11355,0.11388,0.11191,0.30826,0.30958,0.30761,0.30498,0.30629,0.00041,0.00173,-0.00222,0.00173,0.00206,-48.46985,-1306.00000
0.11224,0.11027,0.11092,0.10731,0.11027,0.31386,0.30794,0.30728,0.30794,0.31221,0.00140,0.00239,-0.00057,-0.00025,0.00041,-48.32560,-1305.00000
0.10895,0.11290,0.11652,0.10435,0.11323,0.31057,0.30695,0.31122,0.31122,0.30892,-0.00090,-0.00123,0.00074,-0.00123,0.00041,-48.32560,-1304.00000
0.11257,0.11849,0.10796,0.12211,0.11092,0.31024,0.30892,0.31254,0.30826,0.31057,0.00140,0.00173,-0.00288,0.00140,0.00107,-48.96674,-1303.00000
0.11586,0.10895,0.11487,0.10763,0.11323,0.31254,0.30432,0.31122,0.31287,0.30991,0.00304,-0.00222,-0.00321,-0.00025,-0.00123,-48.96674,-1302.00000
0.11323,0.10895,0.11783,0.11454,0.10698,0.30728,0.30892,0.30794,0.31320,0.30794,0.00239,-0.00156,0.00173,-0.00222,0.00074,-48.72034,-1301.00000
0.11520,0.10698,0.10895,0.10763,0.10961,0.30892,0.31254,0.31912,0.31221,0.30958,0.00239,-0.00156,-0.00025,0.00173,-0.00222,-48.72034,-1300.00000
0.11388,0.11388,0.11454,0.11027,0.11619,0.31024,0.31254,0.30794,0.31024,0.30794,0.00041,0.00074,0.00107,0.00370,-0.00222,-49.03296,-1299.00000
0.11257,0.10961,0.11586,0.11915,0.10829,0.30892,0.30925,0.30892,0.30728,0.30465,-0.00123,-0.00123,-0.00255,0.00173,0.00107,-49.03296,-1298.00000
0.11158,0.11355,0.11290,0.11454,0.11059,0.30826,0.30892,0.31254,0.30925,0.31254,0.00436,-0.00057,-0.00452,-0.00025,-0.00452,-49.02165,-1297.00000
0.10731,0.11290,0.11158,0.11783,0.11948,0.30826,0.31287,0.31024,0.30892,0.31057,-0.00090,0.00107,-0.00222,-0.00156,-0.00057,-49.02165,-1296.00000
0.11586,0.10862,0.11684,0.11520,0.11553,0.30794,0.31353,0.30596,0.30629,0.31451,-0.00123,-0.00123,-0.00123,0.00107,0.00107,-48.85623,-1295.00000
0.11684,0.11454,0.11323,0.11355,0.11125,0.30761,0.30728,0.30563,0.31451,0.30958,0.00107,0.00140,-0.00353,-0.00189,0.00041,-48.85623,-1294.00000
0.11224,0.11586,0.11619,0.11027,0.11323,0.30596,0.30925,0.31320,0.31024,0.31188,-0.00321,-0.00189,0.00008,-0.00189,0.00107,-48.94940,-1293.00000
0.11684,0.10994,0.11027,0.11224,0.11520,0.30498,0.30662,0.30629,0.31122,0.30826,0.00008,-0.00518,0.00041,0.00337,-0.00090,-48.94940,-1292.00000
0.11257,0.10994,0.11454,0.11158,0.11059,0.30366,0.30925,0.30761,0.30892,0.31122,-0.00321,0.00206,0.00041,0.00074,0.00041,-48.75110,-1291.00000
0.12079,0.11027,0.10862,0.11355,0.11553,0.30859,0.31155,0.30892,0.30826,0.31122,0.00008,0.00041,-0.00288,-0.00222,0.00074,-48.75110,-1290.00000
0.11290,0.11355,0.11586,0.11323,0.11454,0.30761,0.30991,0.30465,0.30925,0.30826,-0.00189,-0.00419,-0.00123,0.00239,0.00008,-48.80119,-1289.00000
0.11882,0.11816,0.11059,0.11586,0.10895,0.30794,0.30728,0.30859,0.30892,0.30728,0.00008,-0.00321,0.00173,0.00041,-0.00156,-48.80119,-1288.00000
0.11652,0.11027,0.11652,0.11224,0.10533,0.31057,0.31057,0.30662,0.30826,0.30991,0.00239,-0.00452,0.00206,0.00140,-0.00025,-48.65392,-1287.00000
0.11684,0.11355,0.11454,0.12013,0.11290,0.31057,0.30958,0.30728,0.31122,0.30629,0.00041,-0.00090,-0.00057,0.00239,0.00041,-48.65392,-1286.00000
0.11553,0.11619,0.11388,0.11027,0.11684,0.31090,0.31484,0.31616,0.31090,0.30991,0.00436,0.00304,0.00041,-0.00090,-0.00025,-47.97956,-1285.00000
0.11750,0.11257,0.11290,0.11849,0.11191,0.30925,0.30892,0.31254,0.30991,0.31090,-0.00222,-0.00090,-0.00255,0.00074,0.00140,-47.97956,-1284.00000
0.11553,0.11454,0.11323,0.11553,0.11454,0.31221,0.30925,0.31090,0.31024,0.30958,-0.00386,-0.00288,-0.00189,-0.00156,-0.00222,-47.74484,-1283.00000
0.11454,0.11652,0.11684,0.11323,0.11191,0.30629,0.31090,0.30695,0.31122,0.30761,-0.00452,-0.00353,-0.00025,0.00140,-0.00156,-47.74484,-1282.00000
0.10994,0.11717,0.11684,0.11684,0.11684,0.31024,0.30958,0.30761,0.30432,0.31386,-0.00057,0.00140,-0.00057,-0.00156,0.00107,-48.16453,-1281.00000
0.11487,0.11355,0.11948,0.12112,0.11092,0.30859,0.30662,0.30892,0.31221,0.31386,-0.00255,-0.00025,-0.00419,-0.00025,-0.00156,-48.16453,-1280.00000
0.11619,0.11125,0.11290,0.11487,0.11849,0.31122,0.31287,0.30925,0.30958,0.30826,0.00008,0.00239,-0.00025,0.00074,-0.00090,-47.99999,-1279.00000
0.11421,0.11948,0.11520,0.11717,0.11487,0.31090,0.31057,0.30892,0.30728,0.31254,-0.00189,-0.00123,-0.00189,-0.00189,-0.00123,-47.99999,-1278.00000
0.11980,0.11619,0.11816,0.11980,0.11717,0.31122,0.31682,0.31221,0.30596,0.30958,0.00008,-0.00353,0.00008,-0.00156,-0.00353,-47.79101,-1277.00000
0.11059,0.11487,0.11388,0.11487,0.11553,0.30925,0.30761,0.31122,0.30925,0.31057,0.00239,-0.00025,-0.00386,-0.00189,-0.00222,-47.79101,-1276.00000
0.12276,0.11323,0.11750,0.11783,0.11915,0.30892,0.30794,0.30366,0.31287,0.31057,0.00008,-0.00025,0.00041,0.00074,0.00173,-48.53710,-1275.00000
0.11257,0.11520,0.11980,0.11717,0.11355,0.31254,0.31122,0.30794,0.30794,0.31090,-0.00321,-0.00123,0.00239,-0.00123,0.00206,-48.53710,-1274.00000
0.12112,0.11717,0.11487,0.11783,0.11783,0.30761,0.30925,0.31024,0.30958,0.31090,-0.00288,0.00041,-0.00057,0.00140,-0.00452,-48.27604,-1273.00000
0.11388,0.11750,0.11652,0.11520,0.11652,0.30728,0.31155,0.30826,0.30794,0.31254,-0.00353,-0.00189,-0.00123,-0.00222,-0.00649,-48.27604,-1272.00000
0.12112,0.11684,0.11948,0.11684,0.11586,0.31188,0.30925,0.30761,0.31418,0.30530,0.00272,-0.00288,0.00008,0.00337,-0.00090,-48.05642,-1271.00000
0.11652,0.11948,0.11684,0.11783,0.12079,0.31122,0.30761,0.30892,0.30629,0.30892,0.00041,-0.00156,-0.00156,0.00074,0.00140,-48.05642,-1270.00000
0.11750,0.11191,0.11388,0.11520,0.11783,0.31188,0.31090,0.30761,0.31122,0.31090,0.00173,-0.00057,-0.00057,0.00041,-0.00189,-48.22251,-1269.00000
0.11915,0.11487,0.11553,0.11520,0.12244,0.31254,0.30958,0.30892,0.31254,0.31090,-0.00057,-0.00222,0.00041,-0.00057,-0.00222,-48.22251,-1268.00000
0.11816,0.11158,0.11553,0.12046,0.11553,0.30728,0.30563,0.30695,0.30761,0.30728,0.00272,-0.00156,0.00008,-0.00255,0.00107,-48.98428,-1267.00000
0.11586,0.12112,0.11750,0.12112,0.11882,0.30761,0.30695,0.31155,0.30169,0.31221,-0.00025,0.00337,0.00074,0.00107,0.00173,-48.98428,-1266.00000
0.12342,0.12112,0.11750,0.11421,0.12145,0.31155,0.31320,0.30892,0.31155,0.30728,-0.00025,-0.00123,-0.00156,-0.00518,-0.00123,-49.64512,-1265.00000
0.11948,0.11125,0.11750,0.11224,0.11717,0.30859,0.30991,0.31155,0.31221,0.31057,-0.00222,-0.00288,0.00173,-0.00123,0.00074,-49.64512,-1264.00000
0.11257,0.11487,0.11619,0.11915,0.11421,0.31418,0.30826,0.30826,0.31320,0.30794,0.00140,-0.00353,0.00173,0.00140,-0.00321,-49.69505,-1263.00000
0.11355,0.11980,0.12046,0.11421,0.12441,0.30695,0.30991,0.30892,0.31024,0.30761,-0.00189,-0.00025,0.00272,-0.00189,-0.00090,-49.69505,-1262.00000
0.11882,0.11915,0.11586,0.12145,0.11783,0.30958,0.30563,0.31024,0.30859,0.31320,0.00304,0.00173,0.00107,0.00436,0.00272,-49.65998,-1261.00000
0.11388,0.11684,0.11553,0.11980,0.11915,0.30629,0.30859,0.30695,0.30563,0.30695,0.00041,0.00107,-0.00090,-0.00025,0.00107,-49.65998,-1260.00000
0.11487,0.11750,0.12244,0.11915,0.11092,0.31090,0.31254,0.30958,0.30596,0.30629,0.00173,-0.00222,0.00173,-0.00419,0.00074,-48.73003,-1259.00000
0.12178,0.10895,0.12540,0.11948,0.11980,0.30498,0.31155,0.30761,0.31155,0.30925,-0.00288,-0.00090,0.00239,0.00173,-0.00057,-48.73003,-1258.00000
0.12178,0.11454,0.12244,0.11421,0.12540,0.30202,0.31155,0.30695,0.30892,0.30761,-0.00288,-0.00189,-0.00288,0.00337,-0.00419,-48.92223,-1257.00000
0.11586,0.12046,0.12112,0.11684,0.11816,0.31649,0.30991,0.31418,0.31188,0.31287,-0.00025,0.00008,-0.00057,-0.00090,-0.00123,-48.92223,-1256.00000
0.12178,0.12079,0.11684,0.11717,0.11684,0.30629,0.30728,0.31090,0.31616,0.31122,0.00041,-0.00189,-0.00156,-0.00288,-0.00090,-48.08032,-1255.00000
0.11882,0.11915,0.12244,0.12112,0.11980,0.30859,0.30662,0.30794,0.31057,0.31254,-0.00255,-0.00156,0.00337,-0.00255,-0.00123,-48.08032,-1254.00000
0.12507,0.12309,0.12178,0.11882,0.11816,0.30563,0.30958,0.30925,0.31090,0.31320,-0.00090,0.00633,0.00173,0.00008,-0.00156,-48.09684,-1253.00000
0.11783,0.12441,0.11882,0.12211,0.11750,0.30530,0.31057,0.30629,0.31484,0.31254,0.00140,0.00239,-0.00123,0.00074,0.00107,-48.09684,-1252.00000
0.12375,0.11257,0.12474,0.12276,0.12276,0.31188,0.30761,0.30826,0.30958,0.31155,-0.00189,-0.00057,-0.00189,-0.00057,0.00403,-47.65863,-1251.00000
0.12145,0.12211,0.12803,0.11849,0.12309,0.30761,0.30958,0.30958,0.30629,0.31057,0.00041,-0.00057,-0.00189,0.00173,-0.00057,-47.65863,-1250.00000
0.12737,0.11816,0.12079,0.12112,0.11948,0.31090,0.30794,0.30728,0.30925,0.30826,-0.00057,0.00173,0.00304,0.00206,0.00140,-47.32093,-1249.00000
0.12342,0.12079,0.11816,0.11948,0.12178,0.31386,0.31155,0.30794,0.30794,0.30859,0.00272,0.00206,-0.00353,-0.00222,-0.00353,-47.32093,-1248.00000
0.12244,0.12211,0.12309,0.12342,0.12211,0.31386,0.30958,0.31122,0.30563,0.31057,-0.00123,0.00272,0.00107,0.00041,-0.00189,-48.32626,-1247.00000
0.12112,0.12737,0.12013,0.12309,0.12342,0.31221,0.31155,0.30563,0.31122,0.30826,-0.00090,0.00008,0.00107,0.00008,0.00008,-48.32626,-1246.00000
0.12474,0.11092,0.12046,0.12112,0.12540,0.31090,0.31024,0.31254,0.31254,0.30892,-0.00189,0.00008,-0.00123,0.00239,0.00074,-48.52772,-1245.00000
0.12079,0.12046,0.12474,0.12638,0.12704,0.31122,0.31320,0.30958,0.30728,0.31122,-0.00090,-0.00386,0.00041,-0.00156,-0.00156,-48.52772,-1244.00000
0.11882,0.11948,0.12013,0.12605,0.12309,0.30892,0.31188,0.30530,0.30925,0.30826,-0.00156,-0.00288,-0.00452,0.00074,0.00107,-49.08196,-1243.00000
0.12276,0.12408,0.12309,0.12474,0.12276,0.30629,0.30958,0.30991,0.30761,0.30728,0.00008,0.00140,0.00008,-0.00321,-0.00321,-49.08196,-1242.00000
0.12474,0.12572,0.12145,0.11717,0.12704,0.30498,0.31024,0.30925,0.31188,0.30432,0.00074,0.00206,0.00074,0.00107,0.00239,-49.55887,-1241.00000
0.12770,0.12408,0.12342,0.12737,0.12474,0.30596,0.30662,0.30958,0.30826,0.31024,0.00107,0.00107,0.00008,-0.00156,-0.00025,-49.55887,-1240.00000
0.12803,0.12474,0.12375,0.13099,0.12145,0.31221,0.30958,0.30991,0.30958,0.31287,-0.00189,0.00008,-0.00057,0.00041,-0.00057,-49.40644,-1239.00000
0.12572,0.12540,0.12868,0.12375,0.12803,0.31024,0.30498,0.30530,0.31320,0.30826,0.00173,-0.00353,-0.00222,-0.00288,-0.00321,-49.40644,-1238.00000
0.12309,0.12671,0.12112,0.12770,0.12375,0.30991,0.30629,0.31024,0.30958,0.30596,-0.00025,0.00370,-0.00025,-0.00321,-0.00090,-49.10462,-1237.00000
0.12868,0.12112,0.12375,0.12605,0.12934,0.30629,0.30563,0.31122,0.30662,0.31024,-0.00025,0.00272,-0.00090,0.00107,0.00074,-49.10462,-1236.00000
0.12507,0.12540,0.12013,0.12638,0.12737,0.31122,0.30892,0.31090,0.30925,0.30826,-0.00090,-0.00386,0.00239,-0.00189,-0.00452,-49.25334,-1235.00000
0.12408,0.12441,0.12474,0.12408,0.12540,0.31122,0.30958,0.31320,0.31418,0.30530,0.00041,-0.00255,0.00206,-0.00025,-0.00386,-49.25334,-1234.00000
0.12868,0.12737,0.12770,0.12572,0.12803,0.31057,0.30695,0.30728,0.30991,0.31024,-0.00090,0.00074,-0.00123,0.00173,-0.00189,-49.23693,-1233.00000
0.12276,0.12211,0.12441,0.12507,0.12408,0.31353,0.30991,0.30958,0.31188,0.30826,-0.00321,-0.00025,0.00008,-0.00419,-0.00123,-49.23693,-1232.00000
0.13263,0.12671,0.12507,0.12671,0.12145,0.31057,0.30925,0.31122,0.30826,0.30991,-0.00222,-0.00189,-0.00222,0.00304,0.00206,-49.33178,-1231.00000
0.12605,0.12967,0.12507,0.12540,0.13164,0.31024,0.30432,0.31320,0.31057,0.31254,-0.00255,-0.00090,0.00041,-0.00025,0.00041,-49.33178,-1230.00000
0.12211,0.12704,0.12704,0.13033,0.13099,0.31320,0.30925,0.31057,0.31122,0.30892,0.00206,0.00008,0.00041,-0.00288,-0.00222,-48.54378,-1229.00000
0.12605,0.13395,0.13033,0.12572,0.12572,0.31320,0.30991,0.30662,0.31287,0.30925,0.00272,-0.00057,0.00469,-0.00025,0.00074,-48.54378,-1228.00000
0.12474,0.13132,0.12408,0.12770,0.12474,0.31155,0.30892,0.30958,0.31024,0.31155,-0.00255,-0.00025,0.00074,0.00041,-0.00090,-48.40581,-1227.00000
0.13099,0.12934,0.13000,0.12638,0.12836,0.31024,0.30662,0.30991,0.31386,0.30991,0.00041,-0.00057,0.00140,0.00107,0.00173,-48.40581,-1226.00000
0.12901,0.12868,0.12572,0.13296,0.12507,0.30859,0.30958,0.30826,0.30563,0.30728,0.00008,0.00436,-0.00025,0.00008,0.00074,-47.93786,-1225.00000
0.12638,0.13066,0.13460,0.12605,0.13099,0.31155,0.31221,0.31122,0.30958,0.31057,-0.00321,0.00074,-0.00156,-0.00353,0.00173,-47.93786,-1224.00000
0.13164,0.12803,0.12934,0.12868,0.12836,0.30728,0.31090,0.30892,0.30728,0.31386,-0.00386,0.00008,-0.00156,0.00107,-0.00090,-47.54451,-1223.00000
0.13296,0.12868,0.12737,0.13296,0.13428,0.30991,0.30728,0.31287,0.30859,0.31353,-0.00123,0.00206,-0.00123,-0.00025,0.00173,-47.54451,-1222.00000
0.12967,0.13756,0.12901,0.13132,0.13395,0.30300,0.30267,0.31057,0.31254,0.30925,0.00140,0.00107,0.00140,-0.00518,-0.00090,-47.34250,-1221.00000
0.12605,0.13592,0.12671,0.13132,0.12934,0.31188,0.30991,0.30991,0.31057,0.30761,-0.00222,-0.00189,-0.00090,0.00239,-0.00156,-47.34250,-1220.00000
0.13099,0.13132,0.13296,0.13197,0.13263,0.31254,0.30563,0.30859,0.30826,0.31024,0.00041,-0.00057,0.00008,-0.00584,0.00107,-47.43081,-1219.00000
0.13493,0.12868,0.13362,0.13099,0.13362,0.30958,0.31418,0.31418,0.31057,0.30629,-0.00123,0.00140,-0.00025,-0.00222,-0.00156,-47.43081,-1218.00000
0.13296,0.13526,0.12934,0.12704,0.13329,0.31090,0.30794,0.31090,0.31550,0.30859,-0.00189,0.00008,0.00272,0.00370,0.00140,-47.61175,-1217.00000
0.13395,0.13033,0.12868,0.13132,0.12803,0.30859,0.31155,0.31024,0.31090,0.30991,-0.00090,-0.00123,-0.00156,-0.00025,-0.00353,-47.61175,-1216.00000
0.12638,0.13329,0.12868,0.13789,0.12474,0.30662,0.31616,0.30892,0.30399,0.31155,-0.00288,0.00008,-0.00288,-0.00189,-0.00025,-48.39481,-1215.00000
0.12934,0.12836,0.13559,0.13033,0.13493,0.30859,0.30991,0.30958,0.31090,0.31024,-0.00255,0.00173,0.00074,-0.00189,-0.00353,-48.39481,-1214.00000
0.13164,0.12967,0.13362,0.13329,0.12671,0.30728,0.31320,0.31122,0.31024,0.30826,-0.00090,-0.00123,-0.00090,-0.00222,0.00173,-48.58319,-1213.00000
0.13493,0.12934,0.12540,0.13428,0.13132,0.30596,0.30958,0.30826,0.31155,0.31221,-0.00057,0.00140,-0.00123,-0.00189,0.00074,-48.58319,-1212.00000
0.13428,0.12770,0.13756,0.13197,0.13164,0.30892,0.30629,0.31254,0.30761,0.30728,0.00239,-0.00321,-0.00057,-0.00255,-0.00321,-48.84550,-1211.00000
0.13395,0.13033,0.13395,0.13362,0.13099,0.30991,0.31057,0.30859,0.30794,0.31090,0.00008,-0.00025,-0.00288,-0.00025,-0.00090,-48.84550,-1210.00000
0.13921,0.13855,0.13296,0.13033,0.13033,0.30958,0.30432,0.31057,0.30728,0.30958,-0.00452,0.00140,-0.00090,-0.00123,-0.00090,-49.52330,-1209.00000
0.13460,0.13493,0.13263,0.13033,0.13460,0.31024,0.31090,0.30662,0.30695,0.30695,0.00436,0.00206,-0.00189,0.00074,-0.00123,-49.52330,-1208.00000
0.13296,0.13625,0.13197,0.13164,0.13756,0.30859,0.30859,0.30794,0.30826,0.30826,0.00074,0.00074,0.00173,0.00239,-0.00057,-49.59757,-1207.00000
0.13559,0.13197,0.12836,0.13428,0.13526,0.31254,0.30498,0.30958,0.30925,0.30530,0.00107,-0.00025,-0.00189,-0.00057,0.00107,-49.59757,-1206.00000
0.13822,0.13691,0.13132,0.13987,0.13625,0.31024,0.30892,0.31155,0.30629,0.30892,-0.00057,-0.00255,0.00107,-0.00222,0.00272,-49.28575,-1205.00000
0.13756,0.13329,0.13855,0.13197,0.13724,0.30892,0.31122,0.30563,0.30826,0.30958,0.00173,0.00008,0.00074,0.00272,-0.00123,-49.28575,-1204.00000
0.13395,0.13658,0.13888,0.13592,0.13822,0.31320,0.31221,0.30695,0.31221,0.30761,0.00107,-0.00485,0.00107,-0.00288,0.00272,-48.99161,-1203.00000
0.13263,0.13493,0.13526,0.13296,0.13724,0.31024,0.30695,0.30629,0.30991,0.30728,0.00041,0.00140,0.00008,-0.00156,0.00008,-48.99161,-1202.00000
0.14316,0.13460,0.13197,0.13625,0.12934,0.30826,0.30958,0.30728,0.30925,0.31090,-0.00255,0.00304,-0.00321,-0.00057,0.00107,-48.39024,-1201.00000
0.13460,0.13132,0.13460,0.13559,0.13888,0.30728,0.30925,0.30991,0.31090,0.31024,-0.00222,-0.00090,0.00074,-0.00025,0.00370,-48.39024,-1200.00000
0.13428,0.13691,0.14085,0.13625,0.13954,0.30629,0.30958,0.30859,0.31122,0.30826,-0.00255,-0.00255,-0.00452,0.00008,0.00502,-48.02350,-1199.00000
0.13526,0.14020,0.13756,0.13460,0.13822,0.31090,0.31090,0.30662,0.30826,0.31057,-0.00222,-0.00255,0.00173,0.00140,-0.00288,-48.02350,-1198.00000
0.13658,0.13625,0.13691,0.13987,0.14020,0.30794,0.30892,0.30794,0.30629,0.30267,-0.00386,0.00140,0.00239,0.00107,-0.00255,-47.61626,-1197.00000
0.13559,0.13658,0.13592,0.14118,0.13460,0.31057,0.30794,0.30826,0.31254,0.30958,-0.00189,-0.00057,0.00206,0.00008,-0.00123,-47.61626,-1196.00000
0.13724,0.14217,0.13921,0.13395,0.14052,0.30925,0.30267,0.31188,0.30761,0.31057,-0.00090,-0.00025,-0.00189,-0.00123,0.00008,-47.61494,-1195.00000
0.13954,0.13658,0.14020,0.13756,0.13724,0.30662,0.30958,0.30859,0.30596,0.30991,-0.00156,0.00272,-0.00288,-0.00025,-0.00057,-47.61494,-1194.00000
0.14052,0.14020,0.13789,0.13296,0.13822,0.30991,0.31188,0.31320,0.31155,0.30530,0.00337,0.00370,0.00041,-0.00419,-0.00288,-47.59941,-1193.00000
0.13822,0.14579,0.14020,0.12934,0.14381,0.31320,0.30530,0.30662,0.30563,0.30958,-0.00222,0.00173,0.00337,0.00107,0.00041,-47.59941,-1192.00000
0.14316,0.13987,0.14447,0.13493,0.13625,0.31024,0.31254,0.30826,0.31024,0.31122,-0.00090,-0.00156,-0.00222,-0.00057,0.00107,-47.45723,-1191.00000
0.14447,0.13789,0.14316,0.14020,0.14052,0.30925,0.30794,0.30596,0.31254,0.31353,-0.00123,-0.00057,0.00239,-0.00189,0.00272,-47.45723,-1190.00000
0.14020,0.13526,0.14546,0.13460,0.14381,0.31386,0.31155,0.31090,0.30695,0.31090,0.00041,0.00107,0.00008,-0.00156,-0.00353,-47.84909,-1189.00000
0.14283,0.13296,0.14809,0.14052,0.14052,0.30596,0.30826,0.30695,0.31122,0.30662,-0.00321,0.00008,-0.00025,-0.00189,0.00140,-47.84909,-1188.00000
0.14151,0.13921,0.14447,0.14020,0.13888,0.30761,0.31320,0.30859,0.31024,0.30728,-0.00025,-0.00057,-0.00090,0.00107,0.00107,-48.49119,-1187.00000
0.13921,0.14645,0.14184,0.14085,0.13921,0.30498,0.30563,0.30826,0.30991,0.30958,0.00008,-0.00156,0.00041,-0.00090,-0.00090,-48.49119,-1186.00000
0.14743,0.14250,0.13987,0.15072,0.14184,0.31122,0.31057,0.31122,0.31254,0.31221,0.00041,0.00107,0.00074,-0.00321,0.00304,-48.80858,-1185.00000
0.14250,0.14118,0.14184,0.13921,0.14513,0.30629,0.31418,0.30596,0.30596,0.30794,-0.00025,-0.00156,0.00206,0.00633,0.00074,-48.80858,-1184.00000
0.14414,0.14316,0.14381,0.14546,0.14184,0.30925,0.31122,0.31122,0.30925,0.30563,0.00337,-0.00255,-0.00156,0.00074,0.00074,-48.52864,-1183.00000
0.13460,0.13592,0.14085,0.14118,0.15368,0.31155,0.30728,0.30695,0.31320,0.31122,-0.00123,-0.00321,0.00370,-0.00255,0.00206,-48.52864,-1182.00000
0.14546,0.14118,0.14809,0.14776,0.14447,0.31090,0.30892,0.30366,0.30432,0.31057,-0.00123,0.00008,-0.00025,-0.00321,-0.00025,-48.72938,-1181.00000
0.14184,0.14645,0.14645,0.14348,0.14842,0.31254,0.31320,0.31254,0.30596,0.30596,0.00239,-0.00057,-0.00057,-0.00156,0.00041,-48.72938,-1180.00000
0.14480,0.14941,0.14217,0.15171,0.14250,0.31451,0.31254,0.31057,0.30859,0.31155,0.00436,-0.00617,-0.00584,0.00107,0.00272,-48.69556,-1179.00000
0.14875,0.14447,0.14316,0.14316,0.14842,0.31024,0.30826,0.30761,0.30761,0.30629,-0.00090,-0.00255,-0.00025,-0.00255,-0.00090,-48.69556,-1178.00000
0.14052,0.14546,0.15039,0.14710,0.14283,0.30629,0.30826,0.30728,0.31024,0.30794,-0.00123,-0.00090,-0.00057,0.00140,0.00304,-48.82927,-1177.00000
0.14710,0.14842,0.14908,0.14250,0.14776,0.31353,0.30892,0.31155,0.30662,0.30695,0.00173,-0.00090,0.00173,0.00074,-0.00057,-48.82927,-1176.00000
0.14809,0.14217,0.14480,0.14875,0.14579,0.31090,0.30761,0.31024,0.30794,0.30563,-0.00156,0.00008,-0.00189,0.00337,-0.00025,-48.73449,-1175.00000
0.14513,0.14875,0.14316,0.14645,0.15039,0.30761,0.30958,0.30465,0.30925,0.30925,0.00272,-0.00321,-0.00057,-0.00156,-0.00551,-48.73449,-1174.00000
0.14809,0.14480,0.15072,0.14677,0.14875,0.30695,0.31155,0.30794,0.30728,0.30892,0.00008,0.00206,-0.00156,-0.00321,0.00074,-48.15535,-1173.00000
0.14546,0.14250,0.14710,0.14579,0.14513,0.31221,0.30761,0.31386,0.30892,0.30761,0.00107,0.00140,0.00107,0.00304,0.00173,-48.15535,-1172.00000
0.14513,0.14677,0.14776,0.14842,0.14776,0.30958,0.30629,0.30794,0.30925,0.30629,0.00239,0.00239,0.00074,-0.00156,-0.00222,-46.28325,-1171.00000
0.14513,0.15006,0.14776,0.14118,0.14710,0.30892,0.30958,0.31287,0.30794,0.30958,0.00074,-0.00025,0.00008,-0.00321,-0.00321,-46.28325,-1170.00000
0.15171,0.15204,0.15105,0.15006,0.14809,0.31550,0.31287,0.30695,0.31254,0.30958,0.00173,-0.00057,-0.00090,0.00304,-0.00090,-44.42972,-1169.00000
0.14776,0.15138,0.14875,0.15105,0.14941,0.30958,0.31024,0.31090,0.31386,0.30563,-0.00189,-0.00321,0.00337,-0.00452,-0.00025,-44.42972,-1168.00000
0.15631,0.15533,0.14710,0.14809,0.14776,0.30629,0.31418,0.30695,0.31057,0.30761,-0.00288,0.00074,0.00074,-0.00025,-0.00057,-42.65692,-1167.00000
0.14513,0.15105,0.14973,0.14743,0.15269,0.30662,0.30333,0.30563,0.30432,0.31057,0.00173,-0.00057,-0.00518,0.00041,0.00107,-42.65692,-1166.00000
0.15006,0.14875,0.15467,0.14941,0.15138,0.31090,0.30859,0.30794,0.31517,0.30991,0.00140,-0.00123,-0.00123,-0.00222,0.00206,-42.74947,-1165.00000
0.15204,0.15138,0.14941,0.14973,0.14973,0.30925,0.30958,0.30432,0.31057,0.31122,-0.00156,0.00140,-0.00189,0.00008,0.00370,-42.74947,-1164.00000
0.15105,0.15006,0.15302,0.15105,0.15302,0.30761,0.30596,0.31024,0.30629,0.31090,0.00074,-0.00025,0.00337,-0.00156,-0.00025,-43.26527,-1163.00000
0.15598,0.14677,0.15269,0.15368,0.15105,0.30761,0.31320,0.31057,0.31090,0.30794,0.00272,0.00239,0.00173,-0.00123,0.00140,-43.26527,-1162.00000
0.15434,0.15335,0.14677,0.15335,0.15631,0.30794,0.30958,0.30892,0.31024,0.30530,0.00173,-0.00288,0.00173,-0.00321,-0.00025,-44.40016,-1161.00000
0.15565,0.15631,0.14645,0.15434,0.14908,0.30991,0.30794,0.30991,0.31024,0.30826,-0.00123,0.00041,0.00008,-0.00255,0.00140,-44.40016,-1160.00000
0.15730,0.14973,0.15631,0.15269,0.15335,0.30563,0.31122,0.31024,0.30761,0.31057,0.00041,-0.00222,-0.00419,0.00008,0.00370,-45.53435,-1159.00000
0.15664,0.15500,0.15302,0.15237,0.15598,0.30530,0.31155,0.31155,0.30728,0.31287,-0.00222,-0.00255,-0.00156,0.00008,-0.00090,-45.53435,-1158.00000
0.15500,0.15533,0.15006,0.15565,0.15368,0.30695,0.31090,0.31320,0.30662,0.31057,0.00008,-0.00189,0.00041,0.00074,-0.00025,-46.44835,-1157.00000
0.15204,0.15565,0.15763,0.14973,0.15138,0.30826,0.30892,0.31583,0.30761,0.30958,0.00074,-0.00189,0.00041,0.00173,0.00107,-46.44835,-1156.00000
0.15927,0.15171,0.15565,0.15138,0.14809,0.30892,0.30826,0.30662,0.30991,0.31024,-0.00025,0.00239,-0.00189,0.00041,0.00173,-47.21720,-1155.00000
0.16125,0.15730,0.15105,0.15927,0.15763,0.30761,0.30662,0.30859,0.30958,0.30958,0.00173,-0.00025,-0.00057,-0.00123,-0.00057,-47.21720,-1154.00000
0.15993,0.15533,0.15237,0.15927,0.15467,0.31155,0.31057,0.30267,0.31188,0.30432,-0.00123,-0.00518,0.00370,-0.00485,-0.00255,-47.82091,-1153.00000
0.15960,0.15861,0.16322,0.15763,0.15796,0.31155,0.30892,0.30728,0.31024,0.30596,0.00173,0.00041,0.00074,-0.00123,0.00107,-47.82091,-1152.00000
0.15861,0.15401,0.15664,0.15993,0.15796,0.31451,0.31155,0.30728,0.30892,0.31024,-0.00321,-0.00090,-0.00321,0.00041,0.00173,-48.09480,-1151.00000
0.15401,0.15434,0.15927,0.15796,0.15763,0.30662,0.31287,0.31122,0.30925,0.31057,-0.00123,0.00041,-0.00090,0.00041,-0.00090,-48.09480,-1150.00000
0.16289,0.16256,0.16092,0.15960,0.15039,0.30958,0.30629,0.30826,0.30629,0.30794,0.00008,-0.00057,-0.00321,0.00008,-0.00123,-48.29041,-1149.00000
0.15960,0.15894,0.16421,0.15302,0.15533,0.31517,0.31484,0.31287,0.30958,0.30695,0.00074,-0.00255,-0.00156,0.00173,-0.00419,-48.29041,-1148.00000
0.15763,0.16059,0.16355,0.16256,0.15401,0.30925,0.31484,0.31122,0.30662,0.30563,-0.00090,0.00041,0.00206,-0.00156,0.00107,-48.72518,-1147.00000
0.15664,0.15894,0.15664,0.15993,0.16190,0.31188,0.31090,0.30958,0.30892,0.30761,-0.00057,0.00041,-0.00025,0.00008,-0.00189,-48.72518,-1146.00000
0.15664,0.16125,0.15861,0.16388,0.16059,0.30728,0.30629,0.31090,0.30826,0.31353,0.00008,0.00107,-0.00189,-0.00057,-0.00123,-48.80507,-1145.00000
0.15664,0.16519,0.16157,0.16157,0.16125,0.31090,0.30596,0.30826,0.31122,0.30826,-0.00189,0.00041,-0.00090,-0.00090,-0.00090,-48.80507,-1144.00000
0.16421,0.16519,0.15861,0.16026,0.15500,0.30826,0.30859,0.30728,0.30925,0.31057,0.00008,-0.00025,-0.00222,-0.00321,-0.00222,-48.93483,-1143.00000
0.15993,0.15993,0.16355,0.15796,0.16355,0.30991,0.31024,0.30662,0.30958,0.30991,0.00304,-0.00025,0.00074,0.00272,-0.00057,-48.93483,-1142.00000
0.16453,0.16223,0.16519,0.15960,0.16684,0.31221,0.30761,0.30925,0.31221,0.31188,-0.00419,-0.00386,0.00206,0.00173,0.00074,-48.40284,-1141.00000
0.16092,0.16355,0.16552,0.16125,0.16256,0.30695,0.30892,0.30826,0.30859,0.30695,-0.00025,-0.00386,-0.00156,-0.00189,-0.00090,-48.40284,-1140.00000
0.17013,0.16289,0.16881,0.16256,0.16815,0.30662,0.30366,0.31155,0.30530,0.30794,-0.00222,0.00239,-0.00584,0.00041,-0.00025,-48.36394,-1139.00000
0.16552,0.16355,0.16684,0.16749,0.15993,0.30728,0.30794,0.30859,0.31386,0.30530,-0.00057,-0.00156,-0.00189,-0.00222,0.00107,-48.36394,-1138.00000
0.16223,0.16256,0.16059,0.16355,0.16125,0.30826,0.31122,0.30761,0.30991,0.30859,-0.00419,0.00008,0.00239,-0.00156,-0.00090,-48.46984,-1137.00000
0.16486,0.16125,0.17111,0.15993,0.16125,0.31057,0.31122,0.31155,0.30925,0.31155,-0.00057,0.00304,-0.00090,-0.00025,-0.00189,-48.46984,-1136.00000
0.15960,0.16717,0.16947,0.16585,0.15829,0.30728,0.31122,0.31221,0.31287,0.30399,0.00041,0.00074,-0.00057,-0.00156,-0.00090,-48.23282,-1135.00000
0.16519,0.16815,0.16486,0.16749,0.16125,0.30991,0.31090,0.30465,0.30925,0.31057,0.00173,0.00337,-0.00090,-0.00123,0.00206,-48.23282,-1134.00000
0.16684,0.16289,0.16618,0.16585,0.16585,0.30728,0.30399,0.30859,0.30958,0.30826,-0.00485,0.00140,-0.00156,0.00502,0.00041,-48.08783,-1133.00000
0.16815,0.16848,0.16355,0.16782,0.16914,0.31090,0.30892,0.30892,0.30530,0.30859,0.00107,0.00074,-0.00255,-0.00288,0.00173,-48.08783,-1132.00000
0.16618,0.16190,0.16947,0.16355,0.16585,0.30465,0.31057,0.30695,0.30794,0.30794,0.00206,0.00436,-0.00156,-0.00025,-0.00452,-48.26461,-1131.00000
0.16059,0.17111,0.16684,0.17309,0.17177,0.30892,0.31254,0.31451,0.30596,0.30859,-0.00288,-0.00288,0.00008,0.00041,-0.00025,-48.26461,-1130.00000
0.16848,0.16914,0.17374,0.16223,0.16388,0.30892,0.31155,0.31057,0.30695,0.30826,-0.00156,-0.00156,-0.00255,-0.00255,-0.00222,-48.68194,-1129.00000
0.16388,0.16684,0.17013,0.16914,0.16717,0.30958,0.30991,0.31221,0.30399,0.30958,0.00041,0.00041,0.00008,-0.00057,0.00239,-48.68194,-1128.00000
0.17045,0.16782,0.16947,0.17539,0.16782,0.30925,0.31057,0.30761,0.31057,0.30991,0.00140,-0.00485,0.00008,0.00074,-0.00156,-49.20267,-1127.00000
0.17210,0.16749,0.17374,0.17276,0.17177,0.30794,0.30465,0.30530,0.30530,0.30925,0.00107,0.00107,0.00107,-0.00025,-0.00156,-49.20267,-1126.00000
0.16519,0.17111,0.17473,0.16355,0.16848,0.30530,0.30892,0.30859,0.30596,0.31715,-0.00222,0.00041,0.00173,-0.00288,-0.00025,-49.05992,-1125.00000
0.17177,0.17407,0.18131,0.16749,0.16782,0.31122,0.30892,0.30826,0.31221,0.30761,0.00008,-0.00090,0.00107,-0.00025,-0.00025,-49.05992,-1124.00000
0.17013,0.17670,0.17177,0.17407,0.16980,0.30826,0.30794,0.31024,0.31090,0.30958,-0.00189,0.00304,0.00074,-0.00255,0.00337,-49.27562,-1123.00000
0.17638,0.16914,0.17473,0.16881,0.17539,0.31024,0.30826,0.30761,0.31057,0.31188,0.00436,-0.00090,0.00074,-0.00123,0.00008,-49.27562,-1122.00000
0.16881,0.17473,0.16881,0.17374,0.17342,0.30629,0.30826,0.31024,0.30596,0.31057,-0.00123,-0.00222,-0.00584,0.00041,0.00337,-49.26155,-1121.00000
0.17177,0.17473,0.17736,0.17374,0.17638,0.31155,0.30794,0.31188,0.30892,0.30794,0.00239,0.00074,-0.00255,-0.00090,0.00074,-49.26155,-1120.00000
0.17473,0.17374,0.17309,0.16651,0.18164,0.30859,0.31024,0.31090,0.30728,0.30629,0.00304,-0.00189,0.00107,-0.00057,-0.00255,-49.04709,-1119.00000
0.17045,0.17144,0.17769,0.17440,0.17835,0.30695,0.31057,0.31024,0.31451,0.30695,-0.00551,0.00173,-0.00452,-0.00156,-0.00057,-49.04709,-1118.00000
0.17407,0.17506,0.17276,0.17703,0.17407,0.30366,0.30925,0.30465,0.30925,0.31024,0.00272,-0.00189,-0.00025,0.00008,-0.00123,-48.90411,-1117.00000
0.17210,0.17868,0.18065,0.17703,0.17901,0.31024,0.30991,0.31221,0.31254,0.30991,-0.00123,0.00140,-0.00090,-0.00025,0.00074,-48.90411,-1116.00000
0.17572,0.18098,0.17210,0.17605,0.17703,0.30991,0.31057,0.30662,0.31155,0.31320,-0.00189,0.00074,-0.00057,0.00074,-0.00123,-49.00736,-1115.00000
0.18394,0.17144,0.17802,0.17440,0.17868,0.30761,0.30728,0.30794,0.30925,0.30892,0.00140,-0.00090,-0.00419,0.00008,0.00041,-49.00736,-1114.00000
0.17374,0.17703,0.17473,0.17835,0.17374,0.31287,0.31122,0.31287,0.30892,0.31155,-0.00321,-0.00255,-0.00288,-0.00123,0.00239,-48.80276,-1113.00000
0.17243,0.18098,0.18098,0.18032,0.18032,0.31090,0.30826,0.30958,0.30761,0.31221,-0.00386,0.00140,-0.00419,0.00107,-0.00222,-48.80276,-1112.00000
0.17868,0.18164,0.17868,0.17999,0.18098,0.31057,0.31024,0.31122,0.30826,0.31122,0.00140,0.00337,0.00140,-0.00057,0.00074,-48.25946,-1111.00000
0.18032,0.18854,0.17374,0.18328,0.17868,0.30794,0.30892,0.30859,0.31057,0.31254,-0.00025,0.00140,0.00074,0.00074,0.00107,-48.25946,-1110.00000
0.17539,0.17802,0.17802,0.17769,0.18328,0.30794,0.30859,0.31155,0.31024,0.31353,-0.00386,0.00304,-0.00025,0.00469,0.00304,-48.06002,-1109.00000
0.18032,0.18624,0.18328,0.18526,0.17966,0.30761,0.31287,0.31287,0.31024,0.31090,-0.00090,0.00206,0.00074,-0.00057,-0.00057,-48.06002,-1108.00000
0.18197,0.18230,0.18262,0.18065,0.17835,0.30728,0.31418,0.31155,0.31155,0.31320,0.00107,0.00074,-0.00057,0.00502,0.00173,-47.72523,-1107.00000
0.18361,0.18591,0.18098,0.18065,0.18164,0.31057,0.30991,0.30991,0.31188,0.30991,-0.00156,-0.00156,-0.00025,0.00206,-0.00025,-47.72523,-1106.00000
0.18230,0.18493,0.18065,0.17934,0.18230,0.30662,0.31057,0.31155,0.30958,0.30728,0.00173,-0.00419,0.00206,0.00107,-0.00090,-47.58993,-1105.00000
0.18164,0.18394,0.17966,0.18394,0.18262,0.31024,0.30761,0.30892,0.30794,0.31320,0.00008,-0.00057,-0.00025,-0.00057,0.00074,-47.58993,-1104.00000
0.18558,0.18230,0.18822,0.18460,0.18262,0.31550,0.30892,0.30695,0.30991,0.31024,-0.00123,-0.00123,-0.00321,-0.00090,-0.00255,-47.60878,-1103.00000
0.18526,0.18591,0.18558,0.18328,0.18197,0.31451,0.30794,0.30465,0.30695,0.31090,-0.00090,0.00074,0.00074,0.00107,0.00107,-47.60878,-1102.00000
0.18361,0.18986,0.18131,0.18361,0.18920,0.31090,0.30958,0.30761,0.30892,0.31221,0.00008,0.00403,0.00140,0.00107,0.00173,-47.55462,-1101.00000
0.18558,0.18986,0.19019,0.18295,0.18197,0.31386,0.31155,0.31057,0.30826,0.31649,-0.00288,-0.00353,0.00074,-0.00090,-0.00386,-47.55462,-1100.00000
0.18427,0.18295,0.18854,0.18624,0.19019,0.30563,0.30826,0.31090,0.31550,0.30728,0.00107,-0.00090,0.00173,-0.00321,-0.00156,-47.66499,-1099.00000
0.18493,0.18756,0.18591,0.18887,0.19282,0.31616,0.30629,0.30958,0.31254,0.30958,-0.00057,0.00239,-0.00288,0.00107,0.00337,-47.66499,-1098.00000
0.18723,0.19019,0.18624,0.18131,0.18032,0.30695,0.30695,0.31057,0.31287,0.30991,-0.00222,-0.00090,-0.00090,0.00304,-0.00386,-47.24053,-1097.00000
0.18822,0.19085,0.19545,0.18690,0.18526,0.31122,0.30728,0.30629,0.30728,0.30859,0.00008,0.00074,-0.00584,-0.00057,-0.00321,-47.24053,-1096.00000
0.19216,0.18657,0.18854,0.18657,0.18361,0.30728,0.30662,0.30629,0.30958,0.30695,-0.00057,-0.00156,-0.00222,0.00041,0.00074,-45.40156,-1095.00000
0.18756,0.19381,0.18657,0.19183,0.18657,0.31057,0.30892,0.30498,0.30925,0.30892,-0.00057,-0.00057,-0.00288,0.00041,0.00107,-45.40156,-1094.00000
0.18723,0.18690,0.19808,0.18493,0.18493,0.31188,0.31879,0.31122,0.30991,0.31057,0.00008,-0.00025,0.00008,-0.00156,0.00107,-42.85072,-1093.00000
0.18887,0.18953,0.18723,0.19348,0.19249,0.30826,0.31320,0.31024,0.30695,0.30892,0.00173,-0.00222,-0.00353,-0.00288,0.00074,-42.85072,-1092.00000
0.19150,0.19150,0.18887,0.19118,0.19118,0.31057,0.31386,0.31188,0.30991,0.30892,0.00008,-0.00057,-0.00025,-0.00123,-0.00123,-41.79468,-1091.00000
0.18591,0.19414,0.19150,0.18887,0.19183,0.30695,0.31254,0.31024,0.31418,0.30925,0.00140,-0.00189,-0.00156,-0.00057,-0.00123,-41.79468,-1090.00000
0.19644,0.18953,0.18920,0.19249,0.19677,0.30761,0.30761,0.31254,0.31320,0.30826,-0.00123,0.00140,0.00173,0.00008,0.00074,-43.44418,-1089.00000
0.18986,0.19118,0.19611,0.19183,0.19183,0.30794,0.30728,0.31254,0.30859,0.31024,-0.00156,-0.00321,0.00140,-0.00057,0.00008,-43.44418,-1088.00000
0.19085,0.19150,0.19216,0.19052,0.19216,0.31155,0.31024,0.30892,0.31188,0.31320,0.00239,-0.00386,-0.00288,0.00140,-0.00123,-44.98167,-1087.00000
0.19578,0.19381,0.19841,0.19512,0.19545,0.30859,0.30925,0.31221,0.30563,0.30267,0.00041,-0.00288,-0.00123,-0.00025,-0.00025,-44.98167,-1086.00000
0.19282,0.20071,0.19150,0.19611,0.19315,0.30728,0.31221,0.30826,0.31090,0.30859,-0.00189,0.00173,-0.00255,0.00041,-0.00090,-45.87808,-1085.00000
0.19150,0.19414,0.18854,0.19216,0.19611,0.31057,0.30958,0.30991,0.30892,0.30563,-0.00189,0.00074,0.00008,-0.00321,0.00107,-45.87808,-1084.00000
0.19742,0.19512,0.19940,0.19381,0.19479,0.31090,0.31616,0.30662,0.30728,0.30991,-0.00353,-0.00025,-0.00025,-0.00288,0.00041,-46.46104,-1083.00000
0.19874,0.19381,0.19710,0.19479,0.19118,0.30826,0.30925,0.31122,0.31188,0.30399,-0.00156,-0.00090,-0.00255,0.00107,-0.00288,-46.46104,-1082.00000
0.19644,0.19414,0.19578,0.19841,0.20170,0.30761,0.30826,0.31122,0.30925,0.30991,-0.00090,-0.00321,0.00041,0.00008,0.00535,-46.67389,-1081.00000
0.19019,0.20104,0.19381,0.20038,0.20038,0.31090,0.30958,0.31254,0.30629,0.30892,-0.00090,0.00107,-0.00025,0.00173,0.00272,-46.67389,-1080.00000
0.19644,0.19742,0.20006,0.19808,0.20400,0.31090,0.31254,0.31090,0.31287,0.31353,-0.00025,-0.00189,0.00041,0.00173,-0.00123,-46.80441,-1079.00000
0.20302,0.20137,0.20006,0.19578,0.20367,0.30761,0.31517,0.30366,0.30958,0.31122,0.00140,0.00140,-0.00353,-0.00255,0.00370,-46.80441,-1078.00000
0.19841,0.19578,0.19973,0.20104,0.19479,0.30761,0.30728,0.31090,0.30728,0.31451,0.00173,-0.00288,-0.00189,0.00107,0.00272,-47.18438,-1077.00000
0.19282,0.20038,0.20499,0.19775,0.20006,0.31122,0.31024,0.30761,0.31057,0.31583,0.00107,-0.00025,-0.00321,0.00107,-0.00386,-47.18438,-1076.00000
0.19545,0.19940,0.19479,0.20466,0.19907,0.30728,0.30530,0.30859,0.31090,0.30662,0.00074,-0.00419,-0.00321,0.00041,-0.00025,-47.37260,-1075.00000
0.19742,0.19742,0.20203,0.19940,0.20400,0.30859,0.30629,0.30991,0.31057,0.30925,-0.00057,0.00008,-0.00025,-0.00156,0.00074,-47.37260,-1074.00000
0.20038,0.20071,0.20006,0.20071,0.20203,0.31320,0.31188,0.31122,0.31188,0.30991,-0.00288,0.00074,-0.00025,-0.00222,0.00008,-47.36135,-1073.00000
0.20335,0.20170,0.20203,0.19808,0.20762,0.31254,0.30925,0.30728,0.30728,0.30826,0.00074,-0.00222,0.00107,0.00107,0.00107,-47.36135,-1072.00000
0.19874,0.19808,0.20400,0.19874,0.20598,0.31418,0.31451,0.31057,0.30925,0.31155,-0.00551,-0.00057,0.00041,-0.00386,-0.00057,-47.41408,-1071.00000
0.20104,0.20203,0.20335,0.20631,0.20104,0.30629,0.30859,0.30958,0.31090,0.30728,-0.00156,-0.00518,-0.00025,0.00337,-0.00123,-47.41408,-1070.00000
0.20203,0.20532,0.20499,0.21124,0.19874,0.30958,0.30794,0.30925,0.31057,0.30794,-0.00288,-0.00222,0.00206,-0.00222,-0.00123,-47.35646,-1069.00000
0.20236,0.20762,0.20170,0.20631,0.20335,0.31550,0.31221,0.31418,0.31517,0.30991,-0.00090,0.00173,0.00008,-0.00025,0.00074,-47.35646,-1068.00000
0.20894,0.20565,0.20466,0.20367,0.21124,0.30761,0.31221,0.31024,0.30958,0.31188,0.00107,-0.00321,-0.00090,0.00008,-0.00189,-47.92188,-1067.00000
0.21091,0.20071,0.21058,0.19874,0.20335,0.30629,0.31122,0.31057,0.31418,0.30958,-0.00222,-0.00025,-0.00255,-0.00156,-0.00353,-47.92188,-1066.00000
0.20269,0.20499,0.21124,0.20828,0.21157,0.30826,0.30859,0.31386,0.30826,0.31418,-0.00584,0.00140,-0.00222,-0.00189,-0.00156,-48.17351,-1065.00000
0.20959,0.20335,0.20335,0.20729,0.20795,0.31155,0.30892,0.31057,0.31682,0.31090,-0.00123,-0.00156,-0.00222,0.00239,0.00140,-48.17351,-1064.00000
0.20598,0.20565,0.21223,0.20795,0.20696,0.31221,0.30728,0.31320,0.31024,0.31057,-0.00288,-0.00090,-0.00189,0.00074,0.00074,-48.76281,-1063.00000
0.20828,0.20302,0.20894,0.20795,0.21157,0.30761,0.30596,0.31353,0.31090,0.30958,-0.00057,0.00206,-0.00485,0.00502,0.00140,-48.76281,-1062.00000
0.20959,0.20861,0.20894,0.20433,0.20992,0.30761,0.30728,0.30991,0.31221,0.31188,0.00173,0.00041,-0.00025,0.00107,-0.00156,-49.23543,-1061.00000
0.20433,0.21354,0.20367,0.20992,0.21190,0.30662,0.30991,0.30925,0.31155,0.30892,-0.00288,-0.00156,0.00008,-0.00090,-0.00288,-49.23543,-1060.00000
0.20861,0.21091,0.21354,0.21157,0.20927,0.30958,0.30728,0.31057,0.31090,0.31287,0.00304,0.00074,-0.00288,-0.00156,0.00041,-49.27381,-1059.00000
0.21190,0.20663,0.20795,0.21157,0.21354,0.31353,0.30859,0.30958,0.30695,0.30958,0.00041,-0.00090,0.00370,0.00008,-0.00025,-49.27381,-1058.00000
0.20959,0.21058,0.20762,0.20828,0.20992,0.31090,0.31287,0.31320,0.30498,0.30794,-0.00255,-0.00090,0.00008,0.00107,-0.00090,-49.30103,-1057.00000
0.21420,0.21453,0.20762,0.21420,0.22209,0.30761,0.30826,0.30563,0.31320,0.31090,-0.00025,0.00107,0.00140,0.00074,-0.00057,-49.30103,-1056.00000
0.20828,0.21716,0.21255,0.20927,0.21288,0.31024,0.30826,0.31188,0.31122,0.30794,-0.00156,0.00140,0.00074,-0.00255,-0.00353,-49.75538,-1055.00000
0.21091,0.22111,0.22012,0.21519,0.21420,0.31254,0.30563,0.31386,0.31221,0.30991,0.00008,-0.00025,-0.00025,-0.00353,-0.00189,-49.75538,-1054.00000
0.21288,0.21913,0.21551,0.21321,0.20959,0.30892,0.31155,0.31155,0.30991,0.31550,-0.00057,-0.00814,-0.00222,-0.00090,-0.00452,-50.06966,-1053.00000
0.21190,0.21157,0.21584,0.21551,0.21091,0.30695,0.31155,0.30728,0.30761,0.31517,-0.00156,-0.00090,0.00107,-0.00222,-0.00057,-50.06966,-1052.00000
0.21321,0.21749,0.21946,0.21650,0.21617,0.31155,0.31221,0.31221,0.31287,0.31254,-0.00189,0.00107,0.00107,0.00337,-0.00189,-49.73069,-1051.00000
0.21453,0.21223,0.21124,0.21584,0.21584,0.30925,0.30859,0.30662,0.31418,0.31024,0.00074,-0.00123,-0.00156,0.00469,0.00107,-49.73069,-1050.00000
0.21255,0.21486,0.21551,0.21584,0.21091,0.30794,0.31155,0.30794,0.30629,0.31155,-0.00156,0.00140,-0.00123,0.00239,-0.00222,-49.02944,-1049.00000
0.22111,0.21683,0.21913,0.21617,0.21880,0.30991,0.30234,0.31287,0.30925,0.30925,-0.00419,-0.00057,-0.00090,-0.00057,0.00074,-49.02944,-1048.00000
0.22242,0.21519,0.21584,0.22012,0.22374,0.30958,0.30826,0.30991,0.30892,0.30826,0.00337,-0.00123,0.00140,-0.00321,0.00403,-48.58962,-1047.00000
0.22439,0.21716,0.21453,0.21946,0.22275,0.31320,0.31090,0.30892,0.31320,0.30892,-0.00156,0.00074,-0.00386,-0.00025,-0.00057,-48.58962,-1046.00000
0.22242,0.21880,0.21913,0.21749,0.21847,0.31122,0.30267,0.31122,0.30925,0.30662,-0.00156,-0.00123,-0.00419,-0.00057,-0.00090,-48.25571,-1045.00000
0.21584,0.21880,0.22111,0.21847,0.21913,0.31353,0.31057,0.31090,0.31057,0.31122,-0.00057,0.00008,-0.00090,0.00074,-0.00288,-48.25571,-1044.00000
0.22768,0.21847,0.22801,0.21782,0.22308,0.31320,0.31057,0.31188,0.31122,0.31353,-0.00386,-0.00485,0.00107,-0.00222,0.00107,-48.28050,-1043.00000
0.22801,0.22176,0.21847,0.21815,0.21880,0.31517,0.31090,0.31024,0.31122,0.31254,0.00008,-0.00123,-0.00452,0.00008,0.00041,-48.28050,-1042.00000
0.22143,0.21946,0.22472,0.22308,0.22176,0.30892,0.30859,0.30859,0.31057,0.30432,-0.00025,-0.00353,-0.00419,0.00337,-0.00156,-47.88361,-1041.00000
0.22439,0.22571,0.22078,0.22275,0.22472,0.30629,0.30925,0.31090,0.30925,0.31221,0.00074,-0.00222,-0.00025,-0.00123,-0.00156,-47.88361,-1040.00000
0.22143,0.22209,0.22176,0.21946,0.22637,0.30859,0.31616,0.30761,0.31221,0.30629,-0.00255,-0.00123,-0.00156,-0.00057,-0.00156,-48.04383,-1039.00000
0.22703,0.22670,0.21946,0.22571,0.22735,0.31090,0.30662,0.31484,0.30826,0.31155,0.00337,-0.00419,-0.00222,0.00041,0.00074,-48.04383,-1038.00000
0.22735,0.22735,0.22439,0.22439,0.22341,0.30465,0.30925,0.30892,0.30826,0.30925,-0.00189,0.00041,-0.00025,-0.00090,0.00008,-48.23202,-1037.00000
0.22538,0.22275,0.22505,0.23229,0.21551,0.30991,0.30991,0.31188,0.30695,0.31188,-0.00288,0.00239,-0.00123,-0.00189,-0.00057,-48.23202,-1036.00000
0.22735,0.22505,0.22900,0.22242,0.22768,0.31024,0.30826,0.30530,0.30859,0.31221,-0.00288,0.00304,0.00140,0.00107,0.00107,-48.50885,-1035.00000
0.23262,0.22768,0.22407,0.22604,0.23097,0.30761,0.31287,0.30794,0.30958,0.31024,-0.00123,-0.00353,-0.00057,-0.00156,-0.00386,-48.50885,-1034.00000
0.22571,0.22768,0.22407,0.22801,0.22966,0.30991,0.31155,0.31188,0.30794,0.30859,-0.00123,0.00239,-0.00057,0.00272,0.00008,-48.75362,-1033.00000
0.22505,0.23229,0.22966,0.23130,0.22341,0.30761,0.31155,0.30761,0.30826,0.30859,-0.00485,0.00008,-0.00353,-0.00288,-0.00353,-48.75362,-1032.00000
0.22867,0.22505,0.23130,0.22867,0.22703,0.30596,0.30728,0.30728,0.31616,0.31057,-0.00123,-0.00288,-0.00090,-0.00025,0.00041,-48.86634,-1031.00000
0.23163,0.22735,0.23262,0.22670,0.23196,0.31122,0.30826,0.31484,0.30859,0.31254,-0.00156,-0.00156,0.00304,0.00008,-0.00222,-48.86634,-1030.00000
0.23229,0.23624,0.23032,0.23492,0.23130,0.30859,0.30892,0.31057,0.30991,0.31090,0.00239,0.00107,0.00041,-0.00156,-0.00222,-49.10263,-1029.00000
0.23097,0.23196,0.23032,0.23459,0.22900,0.30794,0.31024,0.31122,0.30892,0.30695,0.00008,-0.00156,0.00008,-0.00123,-0.00057,-49.10263,-1028.00000
0.22670,0.23558,0.23229,0.23130,0.23229,0.31122,0.30925,0.30958,0.31057,0.31221,-0.00518,-0.00617,0.00337,-0.00057,-0.00255,-48.94602,-1027.00000
0.23295,0.23328,0.23196,0.23360,0.23360,0.31254,0.30892,0.31155,0.31024,0.30892,0.00206,-0.00452,-0.00156,-0.00189,-0.00057,-48.94602,-1026.00000
0.23393,0.23821,0.22999,0.23229,0.23130,0.30892,0.30728,0.31320,0.30958,0.31155,-0.00255,-0.00123,-0.00123,-0.00090,0.00008,-49.12157,-1025.00000
0.23722,0.23229,0.23591,0.23360,0.23821,0.31057,0.31057,0.31057,0.31090,0.30662,0.00107,0.00140,-0.00255,-0.00353,0.00107,-49.12157,-1024.00000
0.23393,0.22933,0.23492,0.23788,0.23032,0.30958,0.30925,0.31320,0.31287,0.31155,-0.00123,0.00140,0.00173,-0.00189,0.00074,-48.78124,-1023.00000
0.23722,0.23360,0.23624,0.23558,0.23920,0.30333,0.30826,0.30958,0.31057,0.31024,-0.00189,0.00206,0.00041,-0.00288,0.00140,-48.78124,-1022.00000
0.23525,0.23360,0.23492,0.23722,0.23722,0.30794,0.31024,0.31484,0.31221,0.30662,0.00107,0.00107,0.00140,0.00008,-0.00123,-48.67480,-1021.00000
0.23426,0.24084,0.23920,0.23262,0.23328,0.30366,0.30794,0.30826,0.31254,0.30859,-0.00255,-0.00156,0.00304,0.00107,0.00173,-48.67480,-1020.00000
0.23656,0.23360,0.23788,0.23459,0.24018,0.31122,0.30991,0.30695,0.30596,0.31353,0.00239,0.00304,0.00074,-0.00025,-0.00057,-48.29947,-1019.00000
0.24281,0.23229,0.23821,0.23887,0.23985,0.30925,0.30925,0.30991,0.30991,0.31254,0.00008,-0.00255,-0.00222,-0.00321,0.00008,-48.29947,-1018.00000
0.23985,0.24117,0.24117,0.24150,0.23755,0.31155,0.31353,0.30366,0.31024,0.31024,0.00107,-0.00025,0.00008,-0.00057,0.00337,-48.10785,-1017.00000
0.24643,0.24314,0.23887,0.24051,0.23887,0.30925,0.31221,0.30728,0.30629,0.30991,-0.00288,0.00008,0.00008,-0.00255,0.00041,-48.10785,-1016.00000
0.23821,0.23788,0.23656,0.23887,0.23920,0.31221,0.31353,0.31122,0.31221,0.30892,0.00041,0.00041,-0.00288,0.00337,-0.00222,-48.20471,-1015.00000
0.24150,0.23821,0.24051,0.23920,0.24281,0.31386,0.31057,0.30859,0.31221,0.30991,-0.00156,0.00107,0.00008,0.00008,0.00304,-48.20471,-1014.00000
0.24248,0.24512,0.24281,0.23952,0.24084,0.31254,0.30596,0.30530,0.30892,0.30530,0.00008,-0.00090,0.00074,-0.00189,-0.00288,-47.98120,-1013.00000
0.23985,0.24446,0.23887,0.23821,0.24117,0.30530,0.30629,0.30629,0.31122,0.30892,-0.00551,0.00140,-0.00189,0.00337,0.00008,-47.98120,-1012.00000
0.24281,0.24248,0.24413,0.24216,0.23952,0.31353,0.30826,0.31616,0.31583,0.31254,0.00173,-0.00057,0.00107,0.00107,0.00008,-47.88753,-1011.00000
0.24380,0.24117,0.24281,0.24117,0.24314,0.31024,0.31057,0.30892,0.31287,0.31024,-0.00123,-0.00222,0.00173,-0.00123,-0.00025,-47.88753,-1010.00000
0.24380,0.24216,0.24084,0.24512,0.24577,0.31155,0.30991,0.31386,0.30958,0.31287,-0.00189,-0.00090,-0.00025,-0.00025,-0.00189,-48.55588,-1009.00000
0.24512,0.23920,0.24610,0.24314,0.23985,0.31221,0.30991,0.31122,0.31550,0.31287,-0.00189,0.00140,0.00140,-0.00288,-0.00156,-48.55588,-1008.00000
0.24183,0.24709,0.24742,0.24183,0.24051,0.30563,0.31024,0.30958,0.31090,0.31386,-0.00025,0.00008,0.00041,0.00272,0.00140,-49.30093,-1007.00000
0.24709,0.24939,0.24709,0.25038,0.24808,0.31353,0.31024,0.30991,0.30859,0.30826,-0.00025,0.00074,0.00206,-0.00288,-0.00419,-49.30093,-1006.00000
0.24084,0.25136,0.24544,0.24347,0.25465,0.31122,0.31024,0.31024,0.30761,0.31122,0.00074,-0.00090,0.00337,0.00469,-0.00189,-49.23773,-1005.00000
0.24577,0.24873,0.24972,0.24446,0.24972,0.30925,0.30925,0.30826,0.31024,0.30662,-0.00222,-0.00123,0.00074,0.00074,-0.00288,-49.23773,-1004.00000
0.24775,0.24248,0.24775,0.24939,0.24544,0.31057,0.31090,0.31155,0.30629,0.30991,0.00173,-0.00321,-0.00090,0.00140,-0.00452,-49.54227,-1003.00000
0.24873,0.24972,0.24676,0.25038,0.24840,0.30958,0.31057,0.31484,0.30991,0.31320,0.00008,-0.00057,-0.00189,-0.00485,0.00074,-49.54227,-1002.00000
0.25169,0.24808,0.24840,0.24413,0.24808,0.31090,0.31320,0.30892,0.30925,0.31188,-0.00090,-0.00288,0.00140,-0.00090,0.00074,-49.30097,-1001.00000
0.24479,0.24380,0.25071,0.25038,0.24512,0.30826,0.30859,0.31090,0.31090,0.31386,-0.00123,-0.00057,0.00074,0.00337,-0.00189,-49.30097,-1000.00000
0.25400,0.24314,0.25761,0.24709,0.25367,0.31188,0.30794,0.31155,0.31616,0.31320,-0.00222,0.00107,-0.00222,0.00008,-0.00123,-49.56165,-999.00000
0.25104,0.24808,0.25564,0.25400,0.25005,0.31254,0.30826,0.31254,0.31155,0.30826,0.00008,0.00008,0.00337,-0.00123,-0.00057,-49.56165,-998.00000
0.24775,0.24840,0.24906,0.25498,0.25992,0.31090,0.30991,0.30794,0.30662,0.31221,-0.00025,0.00140,0.00107,0.00041,-0.00353,-49.76636,-997.00000
0.24873,0.25597,0.25268,0.25367,0.24643,0.31155,0.31484,0.31024,0.31320,0.30563,-0.00025,0.00008,0.00041,0.00107,-0.00156,-49.76636,-996.00000
0.24808,0.25367,0.25104,0.24906,0.25301,0.31024,0.31024,0.31090,0.31090,0.30991,0.00436,-0.00123,0.00272,0.00206,-0.00386,-49.11670,-995.00000
0.25038,0.24906,0.25136,0.25169,0.25498,0.31418,0.30629,0.30925,0.30991,0.31057,-0.00090,-0.00025,-0.00353,0.00074,-0.00025,-49.11670,-994.00000
0.25301,0.25334,0.24972,0.25465,0.25465,0.31024,0.31090,0.30859,0.31221,0.31287,0.00140,-0.00189,-0.00222,-0.00189,-0.00255,-48.71126,-993.00000
0.25794,0.25696,0.25202,0.25432,0.25005,0.31122,0.31057,0.30695,0.30892,0.31320,0.00140,0.00140,-0.00321,0.00370,-0.00189,-48.71126,-992.00000
0.25005,0.25367,0.24742,0.25400,0.25005,0.30991,0.31155,0.31090,0.31090,0.31122,-0.00156,-0.00025,0.00008,0.00173,-0.00090,-48.69976,-991.00000
0.24742,0.25169,0.25597,0.25531,0.26090,0.31484,0.31287,0.30826,0.31320,0.31122,0.00107,0.00074,0.00008,0.00041,0.00008,-48.69976,-990.00000
0.26584,0.25696,0.25169,0.25005,0.25630,0.30563,0.31550,0.31583,0.30794,0.31024,0.00074,0.00074,0.00107,-0.00156,-0.00386,-49.18851,-989.00000
0.26222,0.25400,0.25531,0.25663,0.25860,0.31484,0.31155,0.30794,0.31057,0.31024,-0.00452,-0.00321,-0.00156,0.00502,-0.00386,-49.18851,-988.00000
0.25202,0.26518,0.25564,0.25959,0.26222,0.30794,0.31451,0.30925,0.31155,0.31024,-0.00025,-0.00156,0.00337,0.00074,-0.00452,-48.36200,-987.00000
0.25531,0.25564,0.26255,0.25761,0.26189,0.31090,0.31287,0.31024,0.31484,0.30991,0.00173,-0.00156,0.00272,-0.00222,-0.00156,-48.36200,-986.00000
0.26321,0.25992,0.25597,0.26090,0.26617,0.31057,0.31155,0.31451,0.31254,0.30695,-0.00090,0.00041,0.00304,-0.00090,0.00173,-47.94772,-985.00000
0.25630,0.26419,0.25926,0.25992,0.26189,0.31188,0.31386,0.30530,0.31386,0.30925,-0.00025,-0.00222,-0.00057,-0.00353,-0.00156,-47.94772,-984.00000
0.26090,0.25794,0.25696,0.25400,0.26090,0.31287,0.30629,0.31386,0.31090,0.31254,0.00140,0.00041,0.00107,-0.00485,0.00469,-48.35186,-983.00000
0.25564,0.26353,0.26649,0.25663,0.25959,0.31024,0.31418,0.31451,0.30925,0.31254,0.00041,-0.00288,0.00140,0.00107,0.00337,-48.35186,-982.00000
0.26353,0.26057,0.26518,0.26057,0.26321,0.31517,0.31254,0.31188,0.31122,0.31221,-0.00189,0.00041,0.00239,-0.00057,0.00107,-48.03210,-981.00000
0.26025,0.26419,0.26353,0.26715,0.26386,0.31386,0.31254,0.30859,0.31254,0.31090,-0.00025,0.00173,0.00008,-0.00123,0.00173,-48.03210,-980.00000
0.26781,0.25367,0.26189,0.25794,0.26584,0.31484,0.31122,0.30794,0.31353,0.31320,0.00140,-0.00057,-0.00156,0.00173,-0.00222,-48.19490,-979.00000
0.26781,0.25860,0.27241,0.25761,0.26847,0.31550,0.31122,0.31320,0.30958,0.30925,-0.00189,-0.00419,0.00041,-0.00222,-0.00321,-48.19490,-978.00000
0.26978,0.26025,0.26518,0.26682,0.26025,0.31155,0.30991,0.31451,0.31122,0.31287,-0.00255,-0.00090,0.00633,0.00436,-0.00025,-48.03651,-977.00000
0.26419,0.26156,0.26452,0.26090,0.26847,0.31517,0.31353,0.30892,0.31122,0.31122,-0.00057,-0.00090,-0.00123,-0.00222,-0.00057,-48.03651,-976.00000
0.26814,0.27044,0.26386,0.26353,0.26419,0.30991,0.31484,0.30991,0.31320,0.31188,0.00074,-0.00518,0.00107,0.00041,0.00107,-48.53801,-975.00000
0.26781,0.26814,0.26814,0.26518,0.26715,0.31122,0.31320,0.31320,0.31386,0.31550,-0.00156,-0.00156,-0.00025,-0.00255,-0.00255,-48.53801,-974.00000
0.26617,0.27274,0.26617,0.25959,0.26156,0.30892,0.30728,0.31221,0.31254,0.31386,-0.00025,0.00206,0.00140,0.00008,0.00206,-48.60542,-973.00000
0.26255,0.26584,0.26255,0.26781,0.26123,0.30892,0.31122,0.31287,0.31254,0.30925,-0.00123,0.00041,-0.00156,-0.00255,-0.00321,-48.60542,-972.00000
0.26978,0.26288,0.26288,0.27176,0.26682,0.30695,0.31188,0.31386,0.30892,0.31122,-0.00255,0.00074,-0.00057,-0.00156,0.00239,-49.07191,-971.00000
0.26748,0.26847,0.27241,0.26551,0.26945,0.31616,0.31254,0.31254,0.31024,0.31090,-0.00255,0.00107,0.00173,-0.00222,0.00008,-49.07191,-970.00000
0.26847,0.26781,0.26090,0.27735,0.26123,0.31320,0.31418,0.31418,0.30991,0.31024,-0.00222,0.00173,-0.00090,0.00304,0.00074,-48.89136,-969.00000
0.27636,0.26649,0.26617,0.27110,0.27472,0.31188,0.31353,0.31353,0.31287,0.31221,-0.00057,0.00173,-0.00189,-0.00353,0.00140,-48.89136,-968.00000
0.27505,0.27472,0.27307,0.26551,0.27241,0.31122,0.31353,0.30761,0.31090,0.31188,-0.00222,-0.00189,-0.00123,0.00074,-0.00123,-49.28370,-967.00000
0.27176,0.27241,0.27077,0.26913,0.27143,0.30629,0.31122,0.30761,0.31254,0.31484,-0.00090,-0.00156,-0.00025,0.00107,0.00173,-49.28370,-966.00000
0.27209,0.27570,0.27768,0.27241,0.27209,0.31287,0.30991,0.31090,0.31090,0.31386,0.00140,0.00272,-0.00156,-0.00222,-0.00156,-49.21973,-965.00000
0.27472,0.27044,0.27439,0.27570,0.26715,0.31090,0.31353,0.31386,0.31287,0.30991,-0.00025,0.00304,-0.00090,-0.00156,0.00140,-49.21973,-964.00000
0.27209,0.27011,0.27439,0.27373,0.26584,0.31122,0.31484,0.31287,0.30629,0.31155,-0.00551,0.00041,-0.00321,-0.00255,-0.00386,-48.74414,-963.00000
0.26880,0.27274,0.26584,0.27044,0.27537,0.31221,0.31221,0.31188,0.31024,0.31090,-0.00156,-0.00189,0.00041,-0.00090,-0.00222,-48.74414,-962.00000
0.27110,0.27735,0.27274,0.27044,0.27176,0.31122,0.30629,0.31320,0.30465,0.30728,0.00107,-0.00222,-0.00057,0.00206,-0.00222,-48.67611,-961.00000
0.27570,0.28294,0.27702,0.27406,0.27702,0.30925,0.31188,0.31418,0.31616,0.31188,-0.00090,-0.00222,-0.00189,-0.00518,0.00173,-48.67611,-960.00000
0.27472,0.27570,0.27768,0.27439,0.27603,0.31155,0.30991,0.31090,0.31155,0.30925,0.00304,-0.00222,0.00041,-0.00057,-0.00090,-48.59983,-959.00000
0.26781,0.27833,0.27702,0.26880,0.27176,0.31155,0.31221,0.31682,0.31287,0.31451,0.00107,-0.00057,0.00074,-0.00090,-0.00123,-48.59983,-958.00000
0.27077,0.27998,0.27110,0.27833,0.26978,0.30892,0.30958,0.31090,0.31386,0.31155,0.00206,-0.00057,-0.00025,-0.00386,-0.00518,-48.59617,-957.00000
0.27768,0.27932,0.27735,0.27636,0.27768,0.31353,0.31287,0.31386,0.30958,0.31122,-0.00025,0.00041,-0.00386,-0.00123,-0.00090,-48.59617,-956.00000
0.27570,0.27866,0.27505,0.27241,0.27505,0.30761,0.31320,0.31090,0.31057,0.30925,-0.00156,-0.00123,0.00370,-0.00156,-0.00025,-48.09406,-955.00000
0.28064,0.27603,0.27241,0.28228,0.27603,0.30563,0.31155,0.30991,0.30728,0.31386,-0.00057,-0.00222,0.00107,0.00140,-0.00123,-48.09406,-954.00000
0.27505,0.27735,0.27932,0.28195,0.27209,0.30925,0.31024,0.30761,0.31122,0.31188,0.00107,-0.00353,0.00008,0.00074,-0.00025,-48.13042,-953.00000
0.27965,0.27932,0.27570,0.28261,0.28656,0.31155,0.31024,0.31287,0.31122,0.30826,0.00140,-0.00255,0.00008,-0.00386,0.00206,-48.13042,-952.00000
0.28064,0.27899,0.28294,0.27669,0.27406,0.30859,0.31057,0.30629,0.30563,0.30925,-0.00123,-0.00123,0.00041,-0.00156,0.00140,-48.16279,-951.00000
0.28129,0.28129,0.27833,0.28064,0.27702,0.30826,0.30991,0.30761,0.31090,0.31122,-0.00222,-0.00090,0.00239,0.00041,0.00173,-48.16279,-950.00000
0.28294,0.27735,0.28689,0.28129,0.28031,0.31517,0.30925,0.30859,0.30629,0.30728,0.00206,-0.00353,-0.00025,-0.00222,0.00272,-47.74492,-949.00000
0.28162,0.27866,0.28031,0.28524,0.28097,0.30695,0.31418,0.31090,0.31090,0.30695,0.00140,0.00008,0.00239,0.00008,-0.00123,-47.74492,-948.00000
0.28425,0.28360,0.28327,0.28360,0.28393,0.30958,0.31254,0.31254,0.31057,0.30991,0.00140,0.00304,-0.00452,-0.00353,-0.00156,-47.80000,-947.00000
0.27965,0.28689,0.27768,0.28360,0.28491,0.30629,0.31024,0.31057,0.30991,0.30958,-0.00156,0.00041,-0.00090,0.00107,-0.00057,-47.80000,-946.00000
0.27899,0.28952,0.28393,0.28689,0.28294,0.30958,0.30958,0.31287,0.30826,0.31090,-0.00025,-0.00255,-0.00057,0.00107,0.00370,-47.56816,-945.00000
0.28327,0.28360,0.28162,0.28458,0.27866,0.30892,0.30662,0.30859,0.30958,0.31221,0.00041,-0.00485,0.00041,0.00107,-0.00321,-47.56816,-944.00000
0.28458,0.28886,0.28327,0.28458,0.28754,0.30958,0.31221,0.30366,0.30826,0.31155,0.00206,-0.00025,-0.00255,0.00206,-0.00156,-47.79284,-943.00000
0.28195,0.28985,0.28261,0.28097,0.28360,0.31024,0.31057,0.31287,0.31550,0.30925,0.00107,0.00008,-0.00090,-0.00057,-0.00255,-47.79284,-942.00000
0.28129,0.28458,0.28689,0.28722,0.28327,0.31188,0.31122,0.31122,0.31550,0.30794,-0.00123,-0.00353,0.00140,-0.00123,0.00140,-48.28442,-941.00000
0.28853,0.28261,0.28097,0.28294,0.28590,0.30662,0.31024,0.30465,0.31353,0.31122,0.00074,-0.00090,0.00502,-0.00452,-0.00090,-48.28442,-940.00000
0.29412,0.28853,0.29116,0.28787,0.29281,0.30892,0.31188,0.31024,0.31484,0.31090,-0.00025,-0.00156,0.00403,0.00041,-0.00255,-48.83186,-939.00000
0.28590,0.28458,0.28985,0.28623,0.28754,0.30991,0.30794,0.31057,0.30958,0.31353,0.00107,0.00140,-0.00025,-0.00025,0.00173,-48.83186,-938.00000
0.28754,0.28919,0.29215,0.28985,0.29445,0.31122,0.31287,0.30892,0.31155,0.30695,0.00074,0.00337,-0.00222,-0.00025,-0.00123,-48.90549,-937.00000
0.29215,0.29018,0.28656,0.28787,0.28985,0.31122,0.31155,0.30925,0.30629,0.31122,0.00008,0.00337,0.00239,0.00074,-0.00452,-48.90549,-936.00000
0.29445,0.28952,0.29149,0.28754,0.29050,0.31287,0.30662,0.30892,0.30794,0.30399,-0.00189,0.00008,0.00041,0.00173,-0.00452,-49.14337,-935.00000
0.28919,0.28952,0.28952,0.28952,0.29346,0.30794,0.31221,0.31090,0.30859,0.31057,0.00239,0.00239,-0.00057,-0.00386,-0.00189,-49.14337,-934.00000
0.29840,0.29149,0.28524,0.28754,0.29248,0.30892,0.31254,0.30991,0.31451,0.30826,-0.00123,-0.00255,-0.00156,0.00173,-0.00222,-49.07247,-933.00000
0.29741,0.29445,0.29281,0.29050,0.29050,0.30826,0.31155,0.30761,0.30958,0.31715,0.00074,0.00008,0.00173,0.00074,-0.00321,-49.07247,-932.00000
0.28985,0.29116,0.29215,0.28787,0.29610,0.31287,0.30925,0.31320,0.31386,0.31188,-0.00025,-0.00353,-0.00057,-0.00321,0.00008,-49.19284,-931.00000
0.29018,0.29215,0.28952,0.28820,0.29050,0.30695,0.31320,0.30925,0.31155,0.31090,-0.00518,-0.00551,-0.00025,0.00107,-0.00255,-49.19284,-930.00000
0.28952,0.29445,0.28985,0.29215,0.29314,0.31550,0.30695,0.30761,0.31287,0.31090,0.00074,0.00239,0.00041,-0.00156,-0.00123,-48.69855,-929.00000
0.29281,0.29511,0.29511,0.29379,0.29248,0.30859,0.30859,0.30892,0.31057,0.31221,0.00041,-0.00156,0.00107,-0.00189,-0.00255,-48.69855,-928.00000
0.29511,0.29248,0.29577,0.29281,0.30070,0.30925,0.30826,0.30662,0.30629,0.30465,-0.00255,-0.00090,0.00008,0.00041,0.00074,-48.99402,-927.00000
0.29215,0.29083,0.29774,0.29314,0.29379,0.30794,0.31254,0.31155,0.30695,0.31057,-0.00288,-0.00288,-0.00057,0.00140,-0.00419,-48.99402,-926.00000
0.29840,0.30333,0.28886,0.29675,0.28919,0.30925,0.30991,0.31090,0.31353,0.31122,0.00140,-0.00321,0.00074,-0.00090,-0.00353,-48.37394,-925.00000
0.29083,0.29774,0.29478,0.29971,0.29215,0.31024,0.30662,0.30826,0.31484,0.31353,-0.00156,-0.00386,0.00337,-0.00222,0.00107,-48.37394,-924.00000
0.29675,0.30070,0.29182,0.29741,0.29281,0.30991,0.30991,0.31484,0.31057,0.30662,0.00272,0.00008,0.00074,0.00173,0.00008,-47.71967,-923.00000
0.29741,0.29840,0.29938,0.29544,0.29971,0.31221,0.30826,0.30728,0.30925,0.30859,-0.00255,0.00304,-0.00222,0.00140,0.00337,-47.71967,-922.00000
0.29083,0.30202,0.29642,0.29412,0.29906,0.30925,0.31057,0.30991,0.30925,0.30794,-0.00090,-0.00156,-0.00090,-0.00222,-0.00353,-47.88571,-921.00000
0.29741,0.29840,0.29642,0.30070,0.29873,0.30892,0.30892,0.31122,0.30794,0.30794,0.00074,-0.00025,0.00008,-0.00353,0.00239,-47.88571,-920.00000
0.29807,0.30037,0.29971,0.29642,0.28623,0.30859,0.30859,0.31517,0.31484,0.30432,-0.00025,-0.00025,0.00041,-0.00025,0.00403,-48.28774,-919.00000
0.29182,0.30465,0.29544,0.29840,0.29807,0.31122,0.31287,0.30991,0.31057,0.30826,-0.00057,0.00206,0.00008,0.00436,0.00107,-48.28774,-918.00000
0.29840,0.28754,0.29642,0.29642,0.29971,0.31287,0.31747,0.30859,0.31090,0.30958,0.00008,0.00206,-0.00485,-0.00189,-0.00057,-48.22698,-917.00000
0.29741,0.29873,0.30037,0.30004,0.29544,0.30925,0.30728,0.31155,0.31122,0.30859,-0.00057,0.00107,-0.00090,0.00370,0.00173,-48.22698,-916.00000
0.29774,0.30070,0.29873,0.30399,0.29938,0.30892,0.30859,0.31221,0.30958,0.30991,-0.00156,-0.00057,0.00337,-0.00025,-0.00518,-48.00419,-915.00000
0.30037,0.30004,0.29840,0.30070,0.30103,0.30761,0.31122,0.30892,0.31122,0.31155,-0.00025,-0.00057,-0.00156,0.00239,0.00107,-48.00419,-914.00000
0.30333,0.29511,0.30267,0.29840,0.30234,0.30629,0.30958,0.30859,0.31682,0.30892,-0.00321,0.00173,-0.00123,-0.00288,-0.00025,-48.21536,-913.00000
0.30498,0.30037,0.30991,0.29906,0.30169,0.30826,0.30826,0.31090,0.30826,0.31484,0.00008,0.00239,-0.00025,0.00041,-0.00551,-48.21536,-912.00000
0.30826,0.29708,0.29873,0.29708,0.30728,0.31090,0.30925,0.31188,0.30794,0.30826,0.00008,-0.00419,0.00041,0.00140,0.00008,-48.64585,-911.00000
0.29774,0.29577,0.30169,0.30728,0.30037,0.31386,0.30530,0.31155,0.31287,0.31879,0.00008,-0.00386,0.00140,-0.00025,-0.00025,-48.64585,-910.00000
0.30530,0.30267,0.30333,0.30596,0.30070,0.31386,0.31024,0.31155,0.31287,0.31418,0.00206,-0.00288,-0.00321,-0.00222,-0.00090,-48.76683,-909.00000
0.30728,0.30695,0.29741,0.29938,0.30563,0.31320,0.31155,0.31024,0.30958,0.30826,0.00140,0.00041,0.00008,-0.00025,-0.00255,-48.76683,-908.00000
0.30169,0.30004,0.30728,0.29840,0.30300,0.31287,0.31057,0.30695,0.30826,0.31090,0.00107,0.00074,-0.00025,-0.00025,-0.00321,-48.75308,-907.00000
0.30629,0.29938,0.30859,0.30070,0.29708,0.31320,0.30794,0.31122,0.30761,0.31057,-0.00189,-0.00123,-0.00057,-0.00090,0.00041,-48.75308,-906.00000
0.30826,0.30530,0.30991,0.30004,0.30695,0.31090,0.31517,0.31221,0.31188,0.31386,-0.00222,0.00337,0.00074,0.00403,0.00074,-49.49261,-905.00000
0.29938,0.30794,0.30596,0.30432,0.31057,0.31353,0.31221,0.31517,0.31188,0.30892,0.00008,-0.00518,0.00074,0.00008,0.00074,-49.49261,-904.00000
0.30794,0.30498,0.30399,0.30530,0.30169,0.30859,0.31550,0.30826,0.31024,0.31057,0.00041,-0.00156,-0.00222,-0.00090,-0.00386,-48.96838,-903.00000
0.30070,0.30300,0.31090,0.30958,0.30366,0.30892,0.31155,0.31090,0.31682,0.31090,0.00173,0.00436,-0.00025,0.00074,-0.00321,-48.96838,-902.00000
0.30530,0.30826,0.31122,0.30728,0.31451,0.31287,0.31155,0.31550,0.31024,0.31386,-0.00057,0.00008,-0.00123,-0.00255,-0.00386,-48.19409,-901.00000
0.30629,0.30761,0.31320,0.30596,0.30925,0.31484,0.31353,0.31090,0.31320,0.31090,-0.00090,-0.00057,-0.00189,-0.00321,-0.00057,-48.19409,-900.00000
0.31747,0.30826,0.31024,0.31451,0.30695,0.31287,0.31418,0.31320,0.31287,0.30695,0.00107,0.00272,-0.00025,0.00008,-0.00321,-48.15804,-899.00000
0.31188,0.31024,0.31517,0.30991,0.30662,0.31188,0.31155,0.31188,0.31024,0.30761,0.00370,-0.00123,0.00041,-0.00189,0.00173,-48.15804,-898.00000
0.31320,0.30728,0.30892,0.30530,0.31320,0.31320,0.30991,0.31386,0.31320,0.31155,0.00239,0.00008,-0.00123,0.00107,-0.00551,-48.00543,-897.00000
0.31287,0.30826,0.31320,0.31057,0.31155,0.31024,0.31188,0.30958,0.31188,0.30958,0.00140,0.00008,-0.00123,0.00239,-0.00123,-48.00543,-896.00000
0.30859,0.31057,0.31386,0.30761,0.31517,0.31155,0.30794,0.30925,0.31188,0.31616,-0.00025,0.00074,-0.00189,-0.00057,0.00107,-48.24873,-895.00000
0.31090,0.31353,0.31682,0.31353,0.31057,0.30399,0.31254,0.30958,0.31221,0.30991,0.00107,-0.00090,-0.00057,-0.00156,-0.00057,-48.24873,-894.00000
0.31451,0.31320,0.30465,0.31024,0.30629,0.30892,0.31057,0.31155,0.30794,0.31155,-0.00156,-0.00189,-0.00452,-0.00123,-0.00057,-48.62090,-893.00000
0.31550,0.30530,0.31221,0.31057,0.31320,0.30859,0.30859,0.31353,0.31484,0.30826,-0.00025,-0.00386,0.00272,0.00041,-0.00025,-48.62090,-892.00000
0.30728,0.31583,0.30826,0.31320,0.31517,0.30958,0.31188,0.31287,0.30958,0.30991,-0.00123,0.00008,-0.00189,-0.00321,0.00140,-48.33190,-891.00000
0.31221,0.31747,0.31583,0.30925,0.31122,0.30892,0.31287,0.31188,0.30826,0.30695,-0.00090,-0.00222,-0.00057,0.00074,-0.00386,-48.33190,-890.00000
0.31780,0.30892,0.31846,0.31024,0.30826,0.31057,0.31057,0.31155,0.30761,0.31221,0.00008,-0.00025,0.00008,0.00041,-0.00057,-48.76586,-889.00000
0.31649,0.31846,0.31090,0.31418,0.31287,0.30991,0.31024,0.30662,0.31057,0.30925,-0.00452,0.00239,-0.00025,-0.00090,0.00272,-48.76586,-888.00000
0.31451,0.31287,0.30728,0.31386,0.31550,0.31122,0.30958,0.31451,0.30892,0.31155,-0.00353,0.00074,0.00041,0.00469,0.00008,-48.76058,-887.00000
0.31484,0.31024,0.31418,0.30958,0.31517,0.31747,0.30728,0.31155,0.31090,0.31057,0.00107,-0.00386,-0.00189,-0.00057,-0.00090,-48.76058,-886.00000
0.31978,0.31550,0.32011,0.30859,0.31846,0.31386,0.30958,0.30761,0.30958,0.31418,-0.00025,-0.00419,-0.00156,-0.00189,0.00436,-48.27691,-885.00000
0.31649,0.31484,0.31451,0.31550,0.32011,0.31221,0.31024,0.30925,0.31188,0.30859,0.00041,0.00008,0.00173,-0.00057,0.00107,-48.27691,-884.00000
0.31649,0.31550,0.32011,0.31780,0.31188,0.30728,0.31024,0.31484,0.31418,0.31090,-0.00288,0.00173,0.00140,-0.00025,-0.00123,-48.65433,-883.00000
0.32339,0.31517,0.31780,0.32372,0.31386,0.30761,0.31221,0.31122,0.31090,0.30695,-0.00025,-0.00123,-0.00090,0.00140,-0.00057,-48.65433,-882.00000
0.31484,0.31846,0.31879,0.31353,0.31879,0.30958,0.31583,0.31057,0.30925,0.30498,-0.00255,-0.00090,-0.00156,-0.00156,0.00041,-48.71552,-881.00000
0.32076,0.32372,0.31978,0.32208,0.31418,0.30596,0.31221,0.30958,0.30925,0.31353,-0.00288,-0.00123,0.00008,0.00337,0.00140,-48.71552,-880.00000
0.31945,0.31583,0.31879,0.32076,0.32175,0.30728,0.30991,0.30794,0.31155,0.31024,-0.00025,-0.00057,0.00469,-0.00321,0.00041,-48.87838,-879.00000
0.32011,0.32339,0.31945,0.32175,0.31813,0.30498,0.31221,0.30892,0.30991,0.30662,0.00173,-0.00255,-0.00090,0.00239,-0.00189,-48.87838,-878.00000
0.32438,0.32142,0.31616,0.31451,0.31780,0.31649,0.31024,0.31221,0.31057,0.30958,0.00041,0.00337,0.00140,-0.00057,0.00074,-49.13181,-877.00000
0.32043,0.32339,0.32109,0.32438,0.31649,0.31057,0.31254,0.31024,0.30958,0.31024,0.00206,0.00041,-0.00321,-0.00123,0.00008,-49.13181,-876.00000
0.32011,0.32471,0.32471,0.30925,0.32142,0.31024,0.31057,0.31418,0.30596,0.30761,0.00041,0.00074,-0.00090,-0.00321,0.00008,-48.93130,-875.00000
0.32274,0.32076,0.32175,0.32011,0.31484,0.31254,0.31715,0.31090,0.31287,0.31188,0.00041,-0.00222,-0.00189,-0.00222,0.00107,-48.93130,-874.00000
0.31879,0.32011,0.32076,0.31780,0.32372,0.30925,0.30925,0.31221,0.31024,0.31221,0.00272,0.00041,0.00008,-0.00386,0.00370,-48.99294,-873.00000
0.31978,0.31747,0.32668,0.32405,0.32175,0.30761,0.30925,0.30991,0.31353,0.31090,-0.00057,-0.00353,-0.00222,-0.00025,0.00206,-48.99294,-872.00000
0.32339,0.32734,0.32142,0.32701,0.32307,0.31155,0.31287,0.31353,0.30958,0.31122,-0.00025,0.00107,-0.00057,-0.00090,-0.00288,-49.25213,-871.00000
0.32603,0.32339,0.32241,0.32701,0.32142,0.31451,0.31451,0.31254,0.31024,0.31221,0.00008,-0.00156,0.00041,-0.00288,-0.00321,-49.25213,-870.00000
0.32372,0.31978,0.32142,0.32438,0.32109,0.30695,0.31188,0.30662,0.31418,0.30958,0.00107,0.00239,-0.00025,-0.00025,-0.00255,-49.06522,-869.00000
0.32076,0.32142,0.32307,0.31879,0.32504,0.30399,0.30925,0.31386,0.31155,0.31254,-0.00485,-0.00189,-0.00386,-0.00090,0.00206,-49.06522,-868.00000
0.31945,0.32372,0.32208,0.32504,0.32142,0.30629,0.31024,0.31484,0.31090,0.31221,0.00337,0.00140,-0.00189,-0.00057,0.00436,-48.69973,-867.00000
0.32274,0.32800,0.32208,0.31846,0.32307,0.30892,0.30794,0.30794,0.31451,0.31386,0.00008,0.00107,-0.00222,0.00008,-0.00090,-48.69973,-866.00000
0.32142,0.32307,0.32537,0.32635,0.32405,0.30958,0.30761,0.30892,0.30991,0.31155,-0.00222,0.00074,0.00008,-0.00452,-0.00386,-47.96779,-865.00000
0.32734,0.32734,0.31747,0.33260,0.32109,0.31287,0.30695,0.30629,0.30794,0.30826,-0.00025,-0.00189,-0.00321,0.00074,0.00074,-47.96779,-864.00000
0.32800,0.32603,0.32142,0.33063,0.32274,0.31320,0.31287,0.30728,0.31122,0.31090,0.00074,0.00041,-0.00123,-0.00189,0.00074,-47.73699,-863.00000
0.32833,0.32011,0.32635,0.32833,0.31780,0.30826,0.31057,0.30761,0.31090,0.31353,0.00008,-0.00057,-0.00057,0.00074,0.00140,-47.73699,-862.00000
0.32307,0.32701,0.32767,0.32635,0.32701,0.30859,0.30826,0.31024,0.30958,0.31418,-0.00123,0.00436,0.00272,-0.00025,0.00107,-47.71984,-861.00000
0.32800,0.32175,0.32767,0.32997,0.32307,0.31254,0.30892,0.31320,0.30892,0.30925,-0.00288,0.00008,-0.00025,-0.00386,-0.00090,-47.71984,-860.00000
0.32866,0.32833,0.32734,0.32570,0.32471,0.30925,0.30892,0.31517,0.30761,0.30958,-0.00057,0.00041,-0.00025,-0.00222,-0.00123,-48.48803,-859.00000
0.33030,0.32570,0.32701,0.32668,0.32537,0.31320,0.31188,0.31320,0.31188,0.31254,0.00107,-0.00452,-0.00222,-0.00123,0.00074,-48.48803,-858.00000
0.32668,0.32899,0.32635,0.33918,0.32866,0.31057,0.30662,0.31057,0.30826,0.31386,0.00304,0.00074,-0.00090,-0.00255,0.00008,-49.12386,-857.00000
0.32701,0.33491,0.32438,0.33227,0.32175,0.30761,0.30761,0.30925,0.31451,0.31254,-0.00189,0.00140,-0.00452,-0.00518,-0.00189,-49.12386,-856.00000
0.32438,0.32570,0.32997,0.32372,0.33227,0.31221,0.31254,0.31057,0.31122,0.30794,-0.00090,-0.00584,-0.00288,-0.00025,0.00008,-49.11154,-855.00000
0.32603,0.33392,0.33129,0.32603,0.33425,0.30859,0.30892,0.31188,0.31090,0.31451,-0.00025,-0.00452,-0.00222,-0.00057,-0.00057,-49.11154,-854.00000
0.32931,0.32833,0.32701,0.32734,0.33195,0.30958,0.31221,0.31122,0.31122,0.30662,-0.00025,0.00107,-0.00518,-0.00156,0.00140,-49.19936,-853.00000
0.33227,0.32767,0.33030,0.33293,0.33260,0.31057,0.31320,0.30991,0.31353,0.31682,-0.00123,-0.00025,-0.00255,-0.00025,-0.00057,-49.19936,-852.00000
0.32899,0.32964,0.32438,0.33096,0.33129,0.31254,0.31517,0.31353,0.31287,0.30826,-0.00057,-0.00518,0.00041,-0.00090,-0.00189,-49.50368,-851.00000
0.32833,0.33293,0.33425,0.33721,0.32537,0.30958,0.30794,0.31287,0.30794,0.30728,-0.00156,-0.00025,-0.00156,-0.00156,0.00140,-49.50368,-850.00000
0.32866,0.33359,0.33260,0.33392,0.33293,0.31155,0.31287,0.30958,0.30794,0.31024,0.00041,0.00239,0.00074,-0.00090,-0.00485,-49.10434,-849.00000
0.33227,0.33162,0.33227,0.33852,0.33260,0.30991,0.30794,0.31122,0.31221,0.30991,-0.00255,-0.00518,-0.00353,0.00206,0.00107,-49.10434,-848.00000
0.33096,0.33030,0.33096,0.33392,0.33326,0.31155,0.31024,0.30794,0.31024,0.30826,-0.00288,0.00008,-0.00353,-0.00090,-0.00189,-49.04807,-847.00000
0.33326,0.33326,0.33458,0.32833,0.33162,0.31188,0.31155,0.30859,0.31221,0.30761,0.00469,-0.00386,0.00239,0.00140,0.00272,-49.04807,-846.00000
0.33096,0.33293,0.32964,0.33227,0.32833,0.31155,0.31221,0.31024,0.30761,0.31057,0.00107,-0.00222,0.00173,0.00041,0.00173,-49.01382,-845.00000
0.33326,0.33129,0.32833,0.33260,0.33392,0.30859,0.31155,0.30826,0.30629,0.30991,0.00140,-0.00189,0.00173,0.00140,0.00107,-49.01382,-844.00000
0.34017,0.33096,0.33852,0.33754,0.33589,0.30958,0.30761,0.31221,0.31155,0.31188,0.00107,0.00239,-0.00222,-0.00189,0.00074,-48.55316,-843.00000
0.33655,0.33162,0.33491,0.33951,0.33655,0.31254,0.31254,0.31024,0.31024,0.30925,-0.00057,-0.00288,0.00436,0.00107,0.00074,-48.55316,-842.00000
0.33721,0.33096,0.33425,0.33984,0.33326,0.30662,0.31090,0.31024,0.30991,0.31386,-0.00288,-0.00321,-0.00057,-0.00222,-0.00189,-48.59599,-841.00000
0.33523,0.33688,0.33491,0.33096,0.33721,0.31122,0.31418,0.31188,0.31221,0.30761,-0.00255,0.00074,-0.00156,-0.00025,-0.00156,-48.59599,-840.00000
0.33787,0.33392,0.34017,0.33458,0.33491,0.31188,0.30925,0.30563,0.30728,0.31090,0.00436,-0.00057,-0.00057,-0.00189,0.00008,-48.43736,-839.00000
0.33523,0.33063,0.33819,0.33754,0.34609,0.30991,0.31155,0.30991,0.31254,0.31090,-0.00123,0.00074,0.00041,0.00008,0.00107,-48.43736,-838.00000
0.34017,0.33918,0.33589,0.33622,0.33491,0.30695,0.31155,0.31057,0.31320,0.31057,0.00272,-0.00386,-0.00452,0.00239,-0.00057,-48.14607,-837.00000
0.34083,0.33787,0.33819,0.34115,0.34050,0.31254,0.31155,0.31221,0.31320,0.31057,-0.00090,-0.00025,-0.00189,0.00370,-0.00321,-48.14607,-836.00000
0.34017,0.34083,0.33918,0.33491,0.33787,0.31122,0.30826,0.30925,0.31057,0.30958,-0.00222,-0.00189,-0.00090,-0.00353,-0.00321,-48.35063,-835.00000
0.34181,0.33227,0.34412,0.33951,0.34083,0.30958,0.30991,0.30958,0.31122,0.31550,-0.00222,0.00008,0.00008,0.00206,0.00173,-48.35063,-834.00000
0.34148,0.33688,0.34050,0.33293,0.33918,0.31024,0.30859,0.31090,0.30991,0.31024,-0.00222,-0.00321,-0.00419,0.00074,-0.00057,-47.85550,-833.00000
0.33655,0.33754,0.33787,0.33787,0.33918,0.31484,0.31484,0.31057,0.31418,0.30925,0.00074,0.00337,-0.00189,-0.00057,0.00041,-47.85550,-832.00000
0.33918,0.33260,0.33918,0.34214,0.34346,0.31155,0.31188,0.31122,0.30859,0.31090,-0.00255,0.00337,0.00140,0.00140,0.00008,-48.50035,-831.00000
0.33852,0.34050,0.33918,0.33984,0.33754,0.31353,0.31155,0.30892,0.30826,0.31024,-0.00288,-0.00090,-0.00156,0.00239,-0.00222,-48.50035,-830.00000
0.34115,0.34247,0.34444,0.34050,0.34017,0.30892,0.30991,0.31057,0.30991,0.30892,-0.00321,-0.00321,0.00107,-0.00321,0.00074,-47.84300,-829.00000
0.34214,0.34181,0.33754,0.34181,0.33984,0.31155,0.31451,0.31221,0.31353,0.30761,-0.00288,0.00173,0.00041,0.00008,-0.00123,-47.84300,-828.00000
0.34148,0.33721,0.33951,0.34214,0.33852,0.31320,0.30991,0.30958,0.31221,0.31122,0.00140,-0.00025,-0.00123,0.00107,-0.00386,-47.92398,-827.00000
0.33787,0.33984,0.34247,0.33589,0.33721,0.31024,0.31583,0.31320,0.31024,0.31122,0.00074,-0.00090,-0.00255,0.00206,0.00206,-47.92398,-826.00000
0.33721,0.33754,0.33984,0.34346,0.34412,0.31254,0.31122,0.30530,0.31024,0.31122,0.00173,0.00008,-0.00025,0.00008,-0.00123,-48.51508,-825.00000
0.33918,0.33885,0.34148,0.34379,0.34181,0.30794,0.31090,0.30761,0.30958,0.31320,-0.00255,-0.00123,-0.00090,0.00272,-0.00189,-48.51508,-824.00000
0.33951,0.34214,0.33951,0.34280,0.33721,0.30958,0.30925,0.31155,0.31287,0.30991,-0.00189,-0.00321,0.00107,-0.00255,-0.00025,-48.71057,-823.00000
0.33951,0.34477,0.33984,0.34346,0.33984,0.31320,0.30826,0.30695,0.30892,0.31090,0.00173,-0.00025,0.00304,-0.00222,-0.00255,-48.71057,-822.00000
0.34083,0.34313,0.34214,0.34773,0.34083,0.30695,0.31188,0.30892,0.30465,0.30991,-0.00025,0.00239,-0.00189,-0.00288,-0.00025,-49.18595,-821.00000
0.34412,0.34280,0.33819,0.34543,0.34247,0.31122,0.30103,0.31254,0.30432,0.31221,-0.00025,0.00107,-0.00090,-0.00090,0.00173,-49.18595,-820.00000
0.34181,0.34346,0.34313,0.34412,0.34247,0.30892,0.30925,0.30892,0.30563,0.31353,-0.00123,-0.00189,-0.00189,0.00041,-0.00025,-49.07970,-819.00000
0.34510,0.34379,0.34313,0.33984,0.34675,0.31057,0.30892,0.31090,0.30958,0.31386,-0.00255,0.00107,-0.00321,0.00008,-0.00025,-49.07970,-818.00000
0.34214,0.34280,0.34115,0.34115,0.34642,0.31287,0.30859,0.30958,0.30958,0.31155,0.00107,0.00140,-0.00288,-0.00222,-0.00288,-49.11791,-817.00000
0.34247,0.34017,0.34148,0.33852,0.35135,0.31418,0.30892,0.30991,0.31122,0.31254,0.00041,0.00008,-0.00288,-0.00353,-0.00057,-49.11791,-816.00000
0.34050,0.34543,0.34806,0.34050,0.34214,0.31090,0.30892,0.30958,0.31386,0.31057,-0.00025,0.00206,0.00008,-0.00057,-0.00156,-48.72346,-815.00000
0.34609,0.33754,0.35069,0.34379,0.34477,0.31418,0.31353,0.30892,0.31320,0.30859,-0.00288,-0.00025,-0.00025,0.00239,-0.00255,-48.72346,-814.00000
0.34642,0.33787,0.34313,0.34971,0.35398,0.31418,0.31221,0.31287,0.31287,0.30958,0.00074,0.00206,0.00107,0.00074,0.00206,-48.68836,-813.00000
0.34280,0.34773,0.34971,0.34247,0.34346,0.31616,0.31155,0.31221,0.31254,0.30958,-0.00123,0.00008,0.00107,-0.00025,-0.00156,-48.68836,-812.00000
0.34280,0.34181,0.34708,0.35596,0.34247,0.31287,0.31616,0.31649,0.30826,0.30662,-0.00222,-0.00025,-0.00353,-0.00090,-0.00419,-48.62102,-811.00000
0.34806,0.34576,0.34872,0.34675,0.35168,0.30662,0.31090,0.31221,0.30859,0.31221,0.00074,-0.00353,-0.00090,-0.00156,0.00239,-48.62102,-810.00000
0.34346,0.34477,0.34905,0.34708,0.34379,0.31024,0.30859,0.30826,0.31287,0.31090,-0.00156,0.00436,-0.00288,-0.00057,-0.00156,-47.80952,-809.00000
0.34050,0.34839,0.34642,0.35036,0.35069,0.31090,0.30892,0.30826,0.30925,0.31155,-0.00419,0.00074,-0.00255,-0.00255,0.00107,-47.80952,-808.00000
0.35267,0.34017,0.34510,0.34609,0.34181,0.30695,0.31418,0.31221,0.30662,0.30761,-0.00057,0.00206,0.00206,-0.00222,0.00140,-47.14482,-807.00000
0.34675,0.34346,0.35398,0.34346,0.34412,0.31254,0.30958,0.30859,0.30859,0.31090,-0.00123,-0.00123,0.00008,-0.00353,0.00074,-47.14482,-806.00000
0.34905,0.34510,0.35102,0.35497,0.34773,0.30925,0.31188,0.31353,0.30925,0.30662,0.00107,-0.00123,0.00304,0.00173,-0.00090,-47.13789,-805.00000
0.33984,0.34773,0.34675,0.34609,0.34773,0.30925,0.30629,0.31122,0.30596,0.31057,-0.00156,-0.00156,-0.00353,-0.00419,-0.00222,-47.13789,-804.00000
0.34905,0.34675,0.34675,0.35431,0.34181,0.31122,0.31616,0.30991,0.31550,0.31386,-0.00025,-0.00025,-0.00123,-0.00057,-0.00189,-46.99818,-803.00000
0.35036,0.35036,0.35168,0.35464,0.34609,0.30728,0.31221,0.31090,0.31188,0.30991,0.00041,-0.00057,-0.00189,-0.00288,0.00074,-46.99818,-802.00000
0.35431,0.34412,0.35332,0.35201,0.34708,0.30892,0.31155,0.31517,0.31090,0.30859,-0.00222,-0.00321,0.00337,0.00008,0.00140,-48.03296,-801.00000
0.33951,0.34938,0.34675,0.35135,0.35036,0.30662,0.30596,0.30629,0.31155,0.31090,0.00008,0.00008,0.00140,-0.00781,-0.00123,-48.03296,-800.00000
0.35004,0.35069,0.34576,0.34444,0.34576,0.30892,0.30794,0.30859,0.31090,0.31155,0.00041,0.00074,-0.00090,-0.00288,-0.00222,-47.44841,-799.00000
0.35300,0.34708,0.34708,0.34083,0.35004,0.30958,0.30859,0.30728,0.30892,0.30695,-0.00386,-0.00025,-0.00025,0.00140,-0.00255,-47.44841,-798.00000
0.34872,0.35332,0.34971,0.35267,0.34740,0.31155,0.31353,0.31188,0.31846,0.31287,-0.00090,0.00008,-0.00222,0.00173,-0.00288,-47.58605,-797.00000
0.34971,0.35300,0.34971,0.35530,0.35168,0.30958,0.31484,0.31320,0.30991,0.31254,-0.00288,-0.00288,-0.00255,-0.00189,-0.00222,-47.58605,-796.00000
0.35036,0.34905,0.35004,0.34280,0.35234,0.30958,0.30826,0.31254,0.31320,0.30925,-0.00090,-0.00353,-0.00189,0.00074,-0.00222,-47.43530,-795.00000
0.35168,0.35300,0.35464,0.35102,0.35234,0.30794,0.31090,0.31254,0.30991,0.30892,-0.00090,0.00107,-0.00057,-0.00123,-0.00090,-47.43530,-794.00000
0.35530,0.35004,0.35497,0.34247,0.34938,0.31155,0.30728,0.31188,0.31353,0.30728,0.00304,0.00107,-0.00123,-0.00288,-0.00255,-45.72998,-793.00000
0.34642,0.35892,0.35234,0.34576,0.34938,0.30761,0.31418,0.30991,0.31057,0.31287,0.00140,0.00140,-0.00353,-0.00222,-0.00156,-45.72998,-792.00000
0.35694,0.34773,0.35530,0.35398,0.34675,0.30728,0.30826,0.31320,0.30991,0.31484,0.00074,-0.00057,-0.00189,0.00107,-0.00255,-44.97558,-791.00000
0.35201,0.35004,0.35201,0.35628,0.35332,0.31090,0.30267,0.30728,0.31254,0.30925,0.00074,0.00008,0.00304,0.00304,0.00041,-44.97558,-790.00000
0.35694,0.34905,0.34708,0.35201,0.35464,0.30892,0.31090,0.30794,0.31024,0.30333,0.00173,0.00008,-0.00057,-0.00025,0.00107,-43.18196,-789.00000
0.35069,0.35661,0.35168,0.35069,0.35069,0.31353,0.30925,0.30761,0.30826,0.30432,-0.00057,-0.00255,0.00173,-0.00222,0.00140,-43.18196,-788.00000
0.35201,0.35234,0.35694,0.35267,0.35530,0.30794,0.31320,0.31155,0.31122,0.30958,-0.00057,0.00041,-0.00353,0.00074,-0.00123,-43.49989,-787.00000
0.35069,0.35332,0.34839,0.35530,0.34806,0.30695,0.31254,0.31353,0.31122,0.31386,0.00074,-0.00617,0.00140,0.00041,-0.00057,-43.49989,-786.00000
0.35924,0.35398,0.35332,0.35267,0.34872,0.30826,0.31188,0.30465,0.31221,0.30794,-0.00353,-0.00551,-0.00090,-0.00353,0.00107,-44.64446,-785.00000
0.35267,0.35530,0.35168,0.34872,0.36385,0.31418,0.31090,0.30563,0.30958,0.31715,-0.00321,0.00173,0.00206,-0.00321,0.00074,-44.64446,-784.00000
0.35036,0.35826,0.35398,0.35892,0.35267,0.31024,0.31057,0.30695,0.31221,0.31188,-0.00156,0.00173,-0.00288,0.00140,-0.00025,-45.98368,-783.00000
0.35727,0.35267,0.35793,0.35365,0.35431,0.31024,0.30629,0.31188,0.31353,0.31090,0.00206,0.00008,-0.00288,-0.00156,-0.00057,-45.98368,-782.00000
0.35957,0.35596,0.35661,0.35168,0.35365,0.31155,0.31418,0.31024,0.30991,0.31583,-0.00123,-0.00518,-0.00057,0.00337,-0.00090,-46.68768,-781.00000
0.35431,0.35201,0.35201,0.35168,0.35596,0.30728,0.31024,0.31090,0.30465,0.31057,-0.00255,-0.00090,0.00140,0.00173,-0.00288,-46.68768,-780.00000
0.35826,0.35628,0.35365,0.35760,0.35234,0.30761,0.30958,0.30859,0.31320,0.31057,-0.00156,0.00074,0.00337,-0.00321,0.00041,-47.16679,-779.00000
0.34740,0.35924,0.35036,0.35497,0.36122,0.31155,0.30991,0.30859,0.31024,0.31057,-0.00189,-0.00321,-0.00025,-0.00025,-0.00090,-47.16679,-778.00000
0.35300,0.35661,0.35892,0.35760,0.35431,0.31320,0.31254,0.31484,0.31320,0.30892,0.00041,0.00206,-0.00123,0.00140,0.00173,-47.92890,-777.00000
0.35727,0.35398,0.35924,0.36056,0.35727,0.30892,0.30958,0.30629,0.31221,0.31353,0.00173,0.00206,0.00041,0.00107,-0.00156,-47.92890,-776.00000
0.35859,0.35102,0.35957,0.35069,0.35135,0.30794,0.30465,0.31122,0.31320,0.31386,-0.00090,0.00008,-0.00090,0.00272,-0.00123,-48.28235,-775.00000
0.35859,0.35530,0.34872,0.35727,0.35694,0.31057,0.30859,0.31254,0.31583,0.30794,-0.00025,0.00008,0.00074,0.00140,-0.00288,-48.28235,-774.00000
0.35168,0.36155,0.36418,0.35957,0.35957,0.31122,0.30859,0.31122,0.31221,0.31090,0.00173,-0.00057,-0.00222,-0.00189,0.00304,-48.14364,-773.00000
0.35628,0.35069,0.35727,0.35628,0.35464,0.30629,0.30794,0.31155,0.30695,0.31221,0.00107,-0.00090,-0.00419,0.00206,0.00041,-48.14364,-772.00000
0.35497,0.35596,0.35300,0.35332,0.36023,0.30794,0.30662,0.31090,0.30826,0.31122,0.00107,-0.00090,0.00173,-0.00057,-0.00057,-48.05442,-771.00000
0.35530,0.36089,0.35990,0.35135,0.35924,0.30629,0.30892,0.31517,0.31715,0.30826,-0.00090,0.00074,-0.00353,-0.00057,0.00041,-48.05442,-770.00000
0.35431,0.35826,0.35859,0.35530,0.35859,0.31090,0.30662,0.30859,0.31287,0.30991,-0.00255,-0.00189,0.00370,-0.00025,-0.00156,-47.60106,-769.00000
0.35892,0.35036,0.36155,0.35694,0.35924,0.31188,0.30399,0.31024,0.30892,0.30859,-0.00189,-0.00090,0.00041,-0.00156,0.00008,-47.60106,-768.00000
0.35826,0.36089,0.35793,0.35201,0.35957,0.30925,0.31024,0.30925,0.30761,0.30826,-0.00419,-0.00288,0.00008,-0.00025,0.00206,-47.86034,-767.00000
0.35793,0.35464,0.35398,0.36451,0.35859,0.31122,0.30892,0.31024,0.30991,0.30761,-0.00452,-0.00090,-0.00386,-0.00353,0.00041,-47.86034,-766.00000
0.36286,0.35694,0.35563,0.35793,0.35957,0.31024,0.31451,0.31155,0.30629,0.31386,-0.00025,-0.00189,0.00107,0.00140,-0.00255,-47.96972,-765.00000
0.35793,0.36089,0.35694,0.35530,0.35464,0.31155,0.30794,0.30728,0.30892,0.31188,0.00074,0.00041,0.00107,0.00074,0.00041,-47.96972,-764.00000
0.35793,0.35793,0.35464,0.35990,0.35990,0.31484,0.30925,0.31550,0.30728,0.30728,0.00206,-0.00025,0.00239,0.00337,0.00206,-48.07356,-763.00000
0.35530,0.36615,0.36155,0.36056,0.36681,0.30695,0.30892,0.31155,0.31122,0.30761,-0.00123,0.00337,-0.00189,-0.00419,0.00272,-48.07356,-762.00000
0.35201,0.36056,0.35628,0.35859,0.35859,0.31320,0.30530,0.30958,0.31188,0.31353,0.00074,-0.00156,-0.00386,0.00041,0.00008,-48.64247,-761.00000
0.35596,0.35234,0.35793,0.35760,0.35892,0.31386,0.31353,0.31386,0.30925,0.30695,-0.00189,0.00206,-0.00222,-0.00386,0.00008,-48.64247,-760.00000
0.35694,0.36253,0.35332,0.36155,0.36122,0.31090,0.30794,0.30925,0.30925,0.31090,-0.00386,-0.00222,-0.00189,-0.00123,-0.00321,-49.23170,-759.00000
0.36155,0.35957,0.35990,0.36418,0.35892,0.30958,0.31287,0.30958,0.31057,0.31057,-0.00189,-0.00123,-0.00123,-0.00057,-0.00156,-49.23170,-758.00000
0.36352,0.35957,0.36023,0.35596,0.36220,0.30794,0.31155,0.30695,0.30991,0.31221,0.00041,-0.00386,0.00107,0.00173,0.00074,-49.05648,-757.00000
0.35892,0.36089,0.35957,0.36220,0.35497,0.31090,0.30925,0.31221,0.31057,0.30794,0.00074,0.00206,0.00107,0.00272,0.00140,-49.05648,-756.00000
0.35694,0.35332,0.35694,0.35727,0.35628,0.31155,0.31155,0.30761,0.31188,0.31090,0.00173,-0.00123,0.00173,-0.00025,-0.00156,-49.56142,-755.00000
0.35892,0.35990,0.36418,0.35892,0.35760,0.31155,0.30826,0.31024,0.31320,0.30794,-0.00189,0.00107,-0.00485,0.00008,-0.00518,-49.56142,-754.00000
0.36155,0.36451,0.36319,0.36122,0.36122,0.31254,0.31090,0.31221,0.31320,0.30859,-0.00353,-0.00025,0.00041,0.00041,-0.00123,-49.71249,-753.00000
0.36155,0.36056,0.36385,0.35859,0.35990,0.31122,0.31682,0.31715,0.31287,0.31583,0.00041,-0.00090,-0.00255,0.00008,0.00173,-49.71249,-752.00000
0.36089,0.35859,0.35628,0.35924,0.36385,0.31616,0.30695,0.31024,0.31024,0.30958,-0.00123,0.00008,-0.00090,-0.00057,-0.00518,-49.64394,-751.00000
0.36484,0.36122,0.36681,0.35628,0.35990,0.31024,0.31155,0.31287,0.31024,0.31320,-0.00189,-0.00123,-0.00057,-0.00123,0.00074,-49.64394,-750.00000
0.36220,0.36582,0.36220,0.36418,0.36418,0.31320,0.31090,0.31188,0.30925,0.30399,-0.00189,-0.00025,-0.00288,-0.00255,-0.00025,-49.09694,-749.00000
0.36549,0.35892,0.36319,0.36681,0.36352,0.31024,0.31221,0.31155,0.31320,0.31221,-0.00288,-0.00057,-0.00518,-0.00123,0.00173,-49.09694,-748.00000
0.36615,0.36220,0.35957,0.36122,0.35892,0.31353,0.31155,0.31254,0.31484,0.31287,0.00206,-0.00189,0.00107,-0.00222,-0.00156,-48.60532,-747.00000
0.35957,0.36484,0.36484,0.36582,0.36385,0.31024,0.31254,0.31057,0.31287,0.30728,-0.00222,0.00107,0.00008,-0.00090,-0.00156,-48.60532,-746.00000
0.36155,0.36582,0.36484,0.35957,0.36253,0.31188,0.31221,0.31320,0.30892,0.30728,-0.00057,0.00041,0.00074,0.00008,-0.00090,-48.93512,-745.00000
0.36812,0.36122,0.36451,0.36451,0.36549,0.31616,0.30695,0.30925,0.30794,0.31155,-0.00123,-0.00255,0.00304,-0.00123,-0.00288,-48.93512,-744.00000
0.36155,0.36780,0.35892,0.36878,0.36845,0.31287,0.30958,0.31155,0.31386,0.30925,0.00206,0.00272,-0.00057,-0.00222,0.00074,-48.52673,-743.00000
0.35924,0.36582,0.36352,0.36220,0.36582,0.30498,0.30794,0.31122,0.31287,0.31254,0.00107,-0.00156,0.00041,0.00107,-0.00057,-48.52673,-742.00000
0.36319,0.36319,0.36516,0.36023,0.36319,0.31024,0.30629,0.31353,0.30728,0.31386,0.00041,-0.00419,-0.00025,-0.00222,0.00008,-48.34725,-741.00000
0.35892,0.36582,0.36648,0.36286,0.36549,0.30958,0.31353,0.31024,0.30826,0.31254,-0.00419,-0.00255,0.00206,-0.00321,-0.00222,-48.34725,-740.00000
0.36089,0.36878,0.36253,0.36286,0.36451,0.31287,0.30892,0.31057,0.30958,0.31090,-0.00025,-0.00123,-0.00057,-0.00485,-0.00057,-47.92323,-739.00000
0.36188,0.36615,0.36253,0.36582,0.36418,0.31221,0.31155,0.30958,0.30563,0.30596,-0.00057,0.00206,-0.00123,0.00239,0.00239,-47.92323,-738.00000
0.35990,0.36615,0.36253,0.36944,0.36352,0.31517,0.31353,0.30991,0.31122,0.31057,-0.00386,-0.00353,0.00107,-0.00222,0.00239,-47.67799,-737.00000
0.36188,0.36023,0.36155,0.36385,0.36878,0.31682,0.31320,0.31090,0.30794,0.31155,-0.00090,-0.00090,0.00107,-0.00452,0.00206,-47.67799,-736.00000
0.36780,0.36385,0.37372,0.36780,0.36451,0.30794,0.31024,0.31057,0.31221,0.30925,-0.00255,-0.00551,0.00206,0.00041,-0.00189,-48.05160,-735.00000
0.36220,0.37076,0.36319,0.36615,0.36845,0.30958,0.31155,0.30629,0.30794,0.30859,0.00107,-0.00222,0.00140,-0.00222,0.00008,-48.05160,-734.00000
0.37043,0.36549,0.36549,0.36451,0.36253,0.31353,0.31616,0.31221,0.31057,0.31254,-0.00189,-0.00189,0.00304,-0.00123,0.00140,-48.18349,-733.00000
0.36286,0.36286,0.36714,0.37240,0.36516,0.31550,0.31188,0.30563,0.31320,0.30958,-0.00025,-0.00123,-0.00025,-0.00090,0.00008,-48.18349,-732.00000
0.36516,0.36747,0.36878,0.36352,0.36484,0.30794,0.31320,0.30662,0.31353,0.30629,0.00074,0.00272,0.00008,-0.00222,-0.00189,-48.96803,-731.00000
0.36944,0.36845,0.36089,0.36911,0.36155,0.31287,0.31386,0.31254,0.30859,0.30925,0.00041,0.00436,0.00074,-0.00156,0.00041,-48.96803,-730.00000
0.37207,0.36714,0.36615,0.36714,0.36516,0.31386,0.30728,0.30958,0.30958,0.31287,-0.00189,-0.00156,0.00041,-0.00025,-0.00123,-48.84652,-729.00000
0.36812,0.36549,0.35892,0.36714,0.36253,0.31353,0.31024,0.30991,0.31386,0.30859,0.00074,-0.00255,-0.00255,0.00173,0.00041,-48.84652,-728.00000
0.36319,0.36681,0.37043,0.36944,0.36780,0.30662,0.30826,0.30925,0.31057,0.31057,-0.00288,0.00535,0.00140,0.00173,0.00206,-48.58486,-727.00000
0.36484,0.36451,0.36549,0.36944,0.36648,0.31057,0.31353,0.31386,0.30892,0.30629,-0.00123,-0.00025,-0.00156,0.00304,-0.00057,-48.58486,-726.00000
0.35859,0.36747,0.37108,0.37043,0.36319,0.30892,0.30761,0.31320,0.31090,0.31254,0.00041,0.00107,-0.00156,-0.00518,-0.00485,-48.85312,-725.00000
0.36977,0.36911,0.36615,0.36845,0.36911,0.31122,0.31155,0.31353,0.31254,0.30892,-0.00419,-0.00321,-0.00452,0.00074,-0.00025,-48.85312,-724.00000
0.36714,0.36615,0.36418,0.37273,0.36155,0.31386,0.31024,0.30826,0.31353,0.31221,0.00469,-0.00452,-0.00189,0.00469,0.00206,-48.88548,-723.00000
0.36385,0.36648,0.36418,0.36484,0.36714,0.31287,0.30826,0.31254,0.31024,0.31221,-0.00386,0.00041,-0.00090,-0.00090,0.00008,-48.88548,-722.00000
0.36648,0.36352,0.37108,0.36385,0.37635,0.30695,0.30859,0.31254,0.30629,0.31418,-0.00025,0.00436,-0.00057,0.00041,-0.00156,-47.71565,-721.00000
0.36549,0.36451,0.36681,0.37141,0.36648,0.30662,0.31090,0.31188,0.31649,0.31024,0.00173,0.00041,0.00173,0.00074,0.00140,-47.71565,-720.00000
0.37240,0.36747,0.37207,0.36056,0.36780,0.31057,0.30794,0.31122,0.30465,0.31386,-0.00057,-0.00222,0.00107,0.00008,-0.00123,-46.36447,-719.00000
0.36615,0.36681,0.36549,0.37141,0.37273,0.31320,0.30925,0.30958,0.31122,0.31122,0.00041,-0.00452,-0.00057,0.00074,0.00173,-46.36447,-718.00000
0.36681,0.36418,0.36747,0.37141,0.36253,0.31353,0.30826,0.30859,0.31057,0.31353,0.00304,-0.00255,0.00107,-0.00255,-0.00025,-43.73191,-717.00000
0.36714,0.36911,0.37010,0.36747,0.36944,0.30695,0.30925,0.31517,0.30925,0.30826,0.00469,0.00074,0.00107,0.00469,-0.00156,-43.73191,-716.00000
0.36352,0.37174,0.35957,0.37207,0.36549,0.31254,0.30958,0.30859,0.30892,0.31386,0.00107,0.00074,0.00008,-0.00057,-0.00255,-42.26008,-715.00000
0.36220,0.36714,0.36747,0.36056,0.37043,0.30794,0.30892,0.30958,0.31155,0.30596,-0.00288,-0.00025,0.00074,-0.00255,-0.00321,-42.26008,-714.00000
0.36714,0.36648,0.36944,0.36977,0.36319,0.31122,0.31024,0.30991,0.30991,0.31122,-0.00090,-0.00288,-0.00288,-0.00222,0.00107,-43.76258,-713.00000
0.36615,0.36582,0.36944,0.36812,0.37010,0.31090,0.30859,0.31353,0.31254,0.30794,0.00107,-0.00025,-0.00518,0.00272,-0.00255,-43.76258,-712.00000
0.36944,0.36286,0.37503,0.37010,0.37273,0.31024,0.30925,0.31122,0.30958,0.31155,0.00107,0.00239,-0.00057,-0.00222,-0.00090,-44.80168,-711.00000
0.36911,0.37010,0.36747,0.37240,0.36582,0.31188,0.30925,0.31353,0.30629,0.30761,-0.00321,0.00008,0.00436,-0.00255,-0.00025,-44.80168,-710.00000
0.36681,0.36286,0.37207,0.36911,0.36385,0.31057,0.31122,0.31616,0.31024,0.31715,0.00206,-0.00222,-0.00222,0.00140,-0.00386,-45.58556,-709.00000
0.36845,0.37108,0.36549,0.36319,0.37536,0.30859,0.31353,0.30794,0.31221,0.31057,0.00173,-0.00057,0.00272,-0.00189,0.00140,-45.58556,-708.00000
0.36352,0.36582,0.37207,0.36615,0.37240,0.31155,0.30892,0.31090,0.31188,0.31254,-0.00057,0.00008,0.00140,-0.00057,0.00008,-46.12931,-707.00000
0.37076,0.36911,0.37339,0.36714,0.37010,0.30465,0.30794,0.31024,0.30991,0.30794,0.00074,-0.00288,0.00074,0.00140,-0.00255,-46.12931,-706.00000
0.36780,0.36944,0.37141,0.36845,0.36648,0.30991,0.31320,0.30662,0.31155,0.31122,-0.00090,-0.00123,0.00272,0.00041,-0.00025,-46.88080,-705.00000
0.36780,0.37174,0.36845,0.37043,0.36780,0.30991,0.30826,0.30794,0.31024,0.31715,0.00337,-0.00189,0.00107,-0.00222,-0.00189,-46.88080,-704.00000
0.36977,0.37010,0.36911,0.37405,0.37076,0.30794,0.30662,0.30958,0.30892,0.30761,-0.00584,-0.00255,-0.00222,-0.00025,0.00008,-47.25810,-703.00000
0.37043,0.36418,0.36714,0.37010,0.36944,0.30662,0.30991,0.30958,0.30991,0.31221,-0.00485,0.00206,0.00107,-0.00057,0.00074,-47.25810,-702.00000
0.35497,0.37898,0.36582,0.36714,0.36878,0.30761,0.31122,0.31188,0.31254,0.30859,-0.00156,-0.00123,-0.00452,-0.00189,0.00074,-47.91979,-701.00000
0.37339,0.37174,0.37733,0.36714,0.36911,0.30892,0.30991,0.30728,0.31386,0.31451,-0.00090,-0.00189,0.00041,-0.00353,-0.00386,-47.91979,-700.00000
0.37306,0.36648,0.36812,0.36286,0.37174,0.31418,0.30826,0.31386,0.31451,0.31024,0.00074,-0.00353,0.00008,-0.00321,0.00008,-48.51391,-699.00000
0.36681,0.36747,0.36845,0.36549,0.37010,0.31057,0.30991,0.31188,0.31188,0.30728,-0.00025,0.00239,0.00107,0.00272,-0.00353,-48.51391,-698.00000
0.36944,0.36780,0.37207,0.37470,0.36944,0.30892,0.30794,0.31155,0.31287,0.30761,0.00008,0.00008,-0.00025,-0.00123,0.00008,-48.70491,-697.00000
0.37076,0.36944,0.37240,0.36944,0.37273,0.31155,0.31122,0.30761,0.30991,0.30794,0.00239,-0.00090,-0.00123,-0.00288,-0.00090,-48.70491,-696.00000
0.37569,0.36812,0.37372,0.37174,0.36714,0.31550,0.30991,0.30958,0.31188,0.30859,-0.00025,-0.00057,-0.00288,-0.00386,-0.00222,-49.06336,-695.00000
0.36516,0.37207,0.37339,0.36714,0.37240,0.31090,0.31188,0.30925,0.31221,0.31517,0.00272,-0.00025,-0.00156,-0.00090,0.00107,-49.06336,-694.00000
0.36747,0.37141,0.36681,0.37339,0.36418,0.31057,0.30958,0.31024,0.31353,0.30892,-0.00057,-0.00156,-0.00156,-0.00057,0.00239,-49.16562,-693.00000
0.37076,0.36845,0.36911,0.37010,0.37372,0.30662,0.30629,0.30991,0.31188,0.31287,-0.00090,0.00008,-0.00057,0.00041,0.00337,-49.16562,-692.00000
0.37174,0.37010,0.36681,0.37437,0.36582,0.31057,0.31287,0.31057,0.31122,0.31517,-0.00090,-0.00288,-0.00288,0.00107,0.00074,-49.07265,-691.00000
0.36845,0.37339,0.37701,0.36780,0.37207,0.30629,0.30662,0.30596,0.31254,0.31353,0.00041,0.00041,-0.00321,0.00074,-0.00090,-49.07265,-690.00000
0.37372,0.36878,0.37339,0.37108,0.36911,0.31649,0.31155,0.31221,0.31155,0.31122,-0.00057,-0.00288,-0.00485,-0.00288,0.00272,-49.34270,-689.00000
0.37405,0.36911,0.37306,0.37273,0.36845,0.31057,0.31353,0.31254,0.30991,0.30826,-0.00255,0.00337,0.00140,-0.00123,-0.00386,-49.34270,-688.00000
0.36714,0.37043,0.37372,0.36747,0.36977,0.31418,0.31221,0.30991,0.31090,0.31155,-0.00025,-0.00419,-0.00321,0.00074,-0.00189,-49.06213,-687.00000
0.37372,0.37536,0.37405,0.37141,0.36681,0.30761,0.30892,0.31090,0.31451,0.31517,-0.00288,-0.00156,0.00239,-0.00222,0.00173,-49.06213,-686.00000
0.37076,0.37372,0.36747,0.37372,0.37306,0.31550,0.30892,0.31254,0.31221,0.31254,-0.00189,0.00074,0.00008,0.00403,-0.00090,-48.63745,-685.00000
0.37043,0.36714,0.36878,0.37536,0.37108,0.31090,0.31386,0.31517,0.31122,0.30958,-0.00156,-0.00321,0.00502,0.00403,-0.00452,-48.63745,-684.00000
0.37931,0.37076,0.37043,0.37306,0.37043,0.31649,0.31353,0.31090,0.31024,0.30958,-0.00025,-0.00321,0.00107,0.00272,0.00304,-48.14437,-683.00000
0.37043,0.37602,0.37174,0.36944,0.37733,0.31221,0.31484,0.31090,0.31155,0.30925,-0.00222,-0.00090,-0.00057,-0.00156,-0.00386,-48.14437,-682.00000
0.36944,0.37240,0.37207,0.36878,0.36780,0.30728,0.31090,0.30958,0.31484,0.31155,-0.00025,-0.00156,-0.00255,0.00140,0.00008,-48.01747,-681.00000
0.37372,0.37240,0.37273,0.37339,0.37372,0.31024,0.31287,0.31057,0.31254,0.31386,-0.00090,0.00041,-0.00551,-0.00321,-0.00090,-48.01747,-680.00000
0.37273,0.37470,0.36944,0.36812,0.37207,0.30892,0.30662,0.31418,0.31057,0.31221,-0.00321,-0.00353,-0.00057,0.00173,-0.00255,-47.99797,-679.00000
0.37470,0.37207,0.37174,0.37668,0.37668,0.31813,0.31715,0.31024,0.31320,0.31057,0.00107,-0.00222,-0.00386,0.00041,-0.00156,-47.99797,-678.00000
0.37832,0.37306,0.36845,0.37470,0.37569,0.31418,0.31122,0.31090,0.31682,0.31451,-0.00090,0.00074,-0.00057,-0.00025,-0.00353,-48.15913,-677.00000
0.37372,0.36944,0.37931,0.36977,0.36977,0.31254,0.31188,0.31090,0.30300,0.31122,-0.00288,0.00469,-0.00222,-0.00386,-0.00255,-48.15913,-676.00000
0.36714,0.37372,0.37437,0.37470,0.37668,0.30892,0.31254,0.31583,0.31353,0.30859,0.00239,-0.00090,0.00074,0.00272,-0.00057,-48.12497,-675.00000
0.37668,0.37602,0.37372,0.36977,0.37207,0.30695,0.31090,0.30596,0.31386,0.31287,0.00206,-0.00255,0.00074,0.00107,-0.00189,-48.12497,-674.00000
0.37339,0.37141,0.37536,0.37339,0.37372,0.31320,0.31418,0.31616,0.31287,0.31484,-0.00288,-0.00090,-0.00255,0.00140,0.00107,-48.27635,-673.00000
0.37602,0.37405,0.37536,0.37569,0.37108,0.30925,0.31221,0.31155,0.30892,0.31024,0.00074,0.00337,-0.00090,-0.00057,-0.00090,-48.27635,-672.00000
0.37865,0.37141,0.37503,0.37174,0.37108,0.31090,0.31024,0.31418,0.30596,0.31057,0.00140,0.00173,-0.00386,0.00140,-0.00090,-48.24217,-671.00000
0.37339,0.37437,0.36812,0.37503,0.36977,0.30859,0.31155,0.31451,0.30925,0.30826,0.00173,0.00008,0.00272,-0.00123,0.00140,-48.24217,-670.00000
0.37405,0.37174,0.37832,0.37766,0.37437,0.30925,0.30826,0.31122,0.31484,0.31320,-0.00025,-0.00189,-0.00156,-0.00485,-0.00090,-48.54328,-669.00000
0.37733,0.37799,0.36549,0.37174,0.37733,0.30991,0.31090,0.31024,0.31451,0.30859,-0.00123,-0.00255,0.00008,-0.00222,-0.00222,-48.54328,-668.00000
0.37273,0.37339,0.36944,0.37306,0.37503,0.30958,0.31122,0.30991,0.31122,0.31057,-0.00123,-0.00288,0.00272,0.00239,-0.00156,-48.72938,-667.00000
0.37635,0.36944,0.37503,0.37240,0.37405,0.31418,0.31320,0.31122,0.30794,0.30991,-0.00090,0.00008,-0.00057,0.00107,0.00074,-48.72938,-666.00000
0.36714,0.36878,0.37108,0.37174,0.38062,0.31090,0.31057,0.31386,0.30859,0.31221,0.00304,-0.00025,-0.00123,0.00173,0.00074,-49.14804,-665.00000
0.37372,0.37273,0.38161,0.37010,0.37437,0.31649,0.31122,0.31550,0.31649,0.31122,-0.00123,-0.00255,-0.00156,0.00074,-0.00452,-49.14804,-664.00000
0.37108,0.37701,0.37536,0.37733,0.37536,0.31517,0.30662,0.30563,0.31353,0.30925,-0.00025,-0.00255,0.00140,-0.00025,0.00074,-49.16672,-663.00000
0.37832,0.36878,0.37372,0.37569,0.37997,0.30761,0.30366,0.30399,0.31221,0.31320,-0.00090,-0.00321,-0.00222,-0.00222,0.00304,-49.16672,-662.00000
0.37602,0.37766,0.37569,0.37043,0.37372,0.31024,0.31221,0.30826,0.31386,0.31287,0.00272,0.00206,0.00140,0.00272,-0.00057,-48.96759,-661.00000
0.37043,0.37668,0.37174,0.37635,0.37437,0.31221,0.30925,0.31155,0.31024,0.31353,-0.00419,-0.00025,-0.00485,0.00272,-0.00189,-48.96759,-660.00000
0.36812,0.37569,0.37701,0.37306,0.37339,0.31353,0.31386,0.30958,0.31320,0.31057,-0.00189,0.00140,0.00140,0.00008,0.00304,-48.85763,-659.00000
0.37076,0.37635,0.37503,0.37240,0.37437,0.31254,0.31024,0.30892,0.31024,0.31386,0.00206,-0.00419,0.00107,-0.00419,-0.00090,-48.85763,-658.00000
0.37569,0.37668,0.37503,0.37207,0.37470,0.31057,0.31484,0.31320,0.31649,0.30728,-0.00090,-0.00156,-0.00288,0.00107,-0.00123,-48.87058,-657.00000
0.37898,0.36977,0.37273,0.37372,0.37273,0.30794,0.31386,0.31122,0.31682,0.31320,-0.00353,-0.00222,-0.00090,0.00239,-0.00452,-48.87058,-656.00000
0.37766,0.36582,0.37733,0.37240,0.37372,0.31451,0.31484,0.31024,0.30629,0.30991,-0.00123,0.00272,-0.00123,-0.00189,-0.00255,-48.10285,-655.00000
0.37536,0.37043,0.37865,0.37635,0.37898,0.31188,0.31386,0.31550,0.31287,0.31320,-0.00090,0.00107,-0.00057,0.00304,-0.00123,-48.10285,-654.00000
0.37503,0.37240,0.37437,0.37602,0.37865,0.31155,0.31254,0.30563,0.31024,0.30958,-0.00057,0.00239,-0.00025,0.00173,0.00041,-47.90353,-653.00000
0.37306,0.37010,0.37339,0.37898,0.37141,0.31353,0.31320,0.31122,0.30629,0.31057,-0.00090,0.00272,0.00074,-0.00057,0.00239,-47.90353,-652.00000
0.37470,0.37437,0.37668,0.37207,0.37964,0.31057,0.31090,0.31254,0.31287,0.31484,0.00239,-0.00156,-0.00025,0.00173,0.00107,-47.85691,-651.00000
0.37898,0.37207,0.37207,0.38194,0.37799,0.31320,0.30991,0.31024,0.31254,0.31024,-0.00057,-0.00156,-0.00090,0.00107,0.00041,-47.85691,-650.00000
0.37141,0.37207,0.37405,0.37766,0.37306,0.31090,0.31386,0.30629,0.31221,0.31090,0.00107,-0.00025,-0.00321,-0.00353,-0.00222,-47.77212,-649.00000
0.37602,0.37602,0.37832,0.37470,0.37701,0.31122,0.31057,0.31188,0.31024,0.30958,0.00140,0.00173,0.00206,0.00239,0.00074,-47.77212,-648.00000
0.36944,0.37240,0.37503,0.37207,0.37635,0.30728,0.31254,0.31254,0.31254,0.31155,-0.00090,-0.00156,0.00206,-0.00123,-0.00123,-47.74489,-647.00000
0.37733,0.37306,0.37174,0.37405,0.37766,0.30991,0.31057,0.31320,0.31221,0.30794,-0.00353,-0.00123,-0.00353,0.00074,-0.00189,-47.74489,-646.00000
0.37865,0.37569,0.37832,0.37733,0.38062,0.31090,0.30892,0.31155,0.30498,0.31122,-0.00123,-0.00025,-0.00123,0.00074,-0.00288,-48.11736,-645.00000
0.37733,0.37306,0.37207,0.37339,0.37503,0.30859,0.31122,0.31024,0.31254,0.30991,-0.00321,0.00074,0.00239,0.00206,-0.00156,-48.11736,-644.00000
0.37635,0.37174,0.38260,0.37174,0.37536,0.30892,0.30991,0.30925,0.30958,0.30925,-0.00288,0.00140,-0.00090,0.00140,0.00041,-48.54308,-643.00000
0.37339,0.37635,0.38293,0.37733,0.37240,0.30794,0.31254,0.30629,0.31418,0.31517,0.00173,-0.00551,0.00041,0.00074,0.00173,-48.54308,-642.00000
0.37339,0.38095,0.37207,0.38128,0.37569,0.31057,0.30991,0.31024,0.31221,0.31122,-0.00156,-0.00025,0.00008,-0.00156,-0.00419,-48.53393,-641.00000
0.37536,0.37635,0.37832,0.37437,0.37569,0.30465,0.30563,0.31090,0.31188,0.31188,-0.00189,-0.00288,0.00206,0.00370,-0.00025,-48.53393,-640.00000
0.37108,0.38095,0.37372,0.37207,0.37569,0.31090,0.31188,0.31287,0.31024,0.31254,0.00304,-0.00321,0.00008,0.00337,-0.00057,-49.13330,-639.00000
0.37701,0.37602,0.37043,0.37701,0.36977,0.31090,0.31320,0.30892,0.30859,0.31320,0.00041,0.00107,0.00140,-0.00321,-0.00057,-49.13330,-638.00000
0.38128,0.37372,0.37405,0.37569,0.38161,0.31484,0.31747,0.30958,0.31024,0.30761,0.00107,0.00107,-0.00057,-0.00090,-0.00288,-49.28874,-637.00000
0.37898,0.37470,0.37701,0.37635,0.37799,0.30991,0.31451,0.30794,0.30859,0.31320,-0.00189,0.00074,-0.00123,0.00140,-0.00189,-49.28874,-636.00000
0.37602,0.38029,0.37240,0.37766,0.37635,0.30925,0.31188,0.31320,0.31090,0.30761,-0.00156,-0.00025,0.00140,0.00008,0.00008,-50.12804,-635.00000
0.38161,0.37372,0.37470,0.37437,0.37701,0.31451,0.31024,0.31122,0.31188,0.30728,-0.00156,-0.00288,0.00206,0.00008,-0.00222,-50.12804,-634.00000
0.37437,0.37733,0.37339,0.38589,0.36747,0.30991,0.30991,0.31122,0.30498,0.31122,0.00107,-0.00156,-0.00123,0.00370,0.00107,-49.66706,-633.00000
0.37503,0.37602,0.37898,0.37306,0.37766,0.31188,0.31254,0.31287,0.31287,0.31057,0.00041,-0.00123,-0.00156,0.00206,0.00140,-49.66706,-632.00000
0.37931,0.37832,0.37733,0.37733,0.37602,0.30498,0.30826,0.31550,0.31155,0.31418,0.00041,-0.00123,0.00206,-0.00090,-0.00321,-49.55018,-631.00000
0.37668,0.37108,0.37339,0.37043,0.37931,0.31057,0.30991,0.31122,0.30958,0.31155,0.00304,0.00008,0.00008,-0.00321,0.00272,-49.55018,-630.00000
0.37931,0.37701,0.37437,0.37964,0.37701,0.31254,0.31254,0.31386,0.30498,0.30958,-0.00617,0.00041,0.00074,-0.00222,0.00074,-49.46412,-629.00000
0.37372,0.37931,0.37997,0.37668,0.38029,0.30695,0.30958,0.31254,0.30991,0.30958,-0.00090,0.00272,0.00436,-0.00156,0.00239,-49.46412,-628.00000
0.37240,0.38293,0.37997,0.37503,0.37043,0.31254,0.31122,0.31057,0.31221,0.30728,0.00041,0.00239,-0.00025,0.00041,-0.00090,-48.86638,-627.00000
0.38062,0.37898,0.37865,0.37437,0.36977,0.30892,0.30892,0.30629,0.31057,0.31024,-0.00090,-0.00452,-0.00123,-0.00551,-0.00419,-48.86638,-626.00000
0.37635,0.37306,0.38062,0.38062,0.37437,0.31221,0.31386,0.31188,0.31221,0.30958,-0.00321,-0.00057,0.00272,-0.00189,0.00140,-48.32628,-625.00000
0.37799,0.37635,0.38029,0.37306,0.37766,0.30925,0.30958,0.30826,0.30728,0.31057,0.00074,0.00206,-0.00255,0.00074,0.00008,-48.32628,-624.00000
0.37635,0.37405,0.37635,0.37602,0.37931,0.31057,0.31517,0.31320,0.31484,0.30958,0.00074,0.00074,-0.00288,-0.00156,-0.00123,-48.32104,-623.00000
0.37964,0.37536,0.37898,0.37405,0.37010,0.31188,0.31616,0.30925,0.30826,0.31122,0.00041,-0.00222,0.00074,-0.00090,0.00173,-48.32104,-622.00000
0.37372,0.37898,0.37635,0.38194,0.37405,0.31155,0.31254,0.30826,0.30958,0.31188,-0.00485,0.00140,-0.00288,-0.00025,-0.00057,-48.10107,-621.00000
0.37701,0.38260,0.37799,0.37766,0.37437,0.31057,0.31090,0.30695,0.31386,0.31287,-0.00222,0.00074,-0.00090,0.00107,0.00304,-48.10107,-620.00000
0.37306,0.37766,0.37668,0.37997,0.37602,0.31254,0.30958,0.31418,0.31024,0.31024,-0.00156,0.00074,-0.00288,0.00107,-0.00090,-47.83235,-619.00000
0.37701,0.38029,0.37010,0.37701,0.37931,0.31188,0.30958,0.30892,0.31682,0.31090,-0.00057,-0.00321,-0.00222,-0.00419,-0.00321,-47.83235,-618.00000
0.38029,0.37503,0.38062,0.37569,0.37997,0.31024,0.30991,0.31155,0.31418,0.31287,0.00272,-0.00353,-0.00288,0.00173,-0.00123,-48.33355,-617.00000
0.37372,0.37339,0.37602,0.37997,0.37437,0.31353,0.31287,0.30761,0.30728,0.30925,-0.00057,-0.00189,0.00140,0.00041,-0.00485,-48.33355,-616.00000
0.37437,0.38227,0.37964,0.37733,0.37898,0.31550,0.31583,0.30859,0.31386,0.31057,0.00304,-0.00255,-0.00321,-0.00090,0.00008,-48.09476,-615.00000
0.38029,0.37898,0.37766,0.37799,0.37569,0.31517,0.30695,0.30826,0.30465,0.30925,-0.00123,0.00074,0.00107,0.00370,0.00403,-48.09476,-614.00000
0.37306,0.37701,0.37503,0.37569,0.37602,0.30596,0.31188,0.30794,0.31386,0.31320,0.00140,-0.00025,-0.00123,0.00041,0.00173,-48.73310,-613.00000
0.38062,0.37832,0.38029,0.37964,0.37240,0.31221,0.31386,0.31122,0.31024,0.30958,0.00140,0.00337,-0.00123,0.00469,-0.00057,-48.73310,-612.00000
0.37635,0.37635,0.37733,0.37865,0.37964,0.31386,0.31484,0.30958,0.31090,0.30892,-0.00386,-0.00222,0.00107,-0.00123,-0.00156,-48.81360,-611.00000
0.37536,0.37372,0.37964,0.37602,0.37503,0.31287,0.30958,0.31024,0.31386,0.31287,0.00304,-0.00386,-0.00156,-0.00551,-0.00025,-48.81360,-610.00000
0.38227,0.37536,0.38029,0.37766,0.37799,0.31024,0.31155,0.31320,0.31254,0.30991,0.00074,-0.00123,-0.00386,-0.00057,0.00041,-49.17000,-609.00000
0.37635,0.37273,0.37668,0.37503,0.38424,0.31386,0.30991,0.31155,0.30991,0.31254,-0.00353,-0.00386,0.00304,0.00304,-0.00090,-49.17000,-608.00000
0.38194,0.37766,0.38029,0.37832,0.37832,0.31090,0.31353,0.31682,0.30761,0.30629,-0.00025,-0.00156,-0.00189,0.00107,-0.00353,-48.71425,-607.00000
0.38062,0.37010,0.38293,0.37470,0.38029,0.30892,0.31221,0.31320,0.31287,0.31254,-0.00025,0.00304,0.00140,0.00206,-0.00123,-48.71425,-606.00000
0.37503,0.37174,0.37141,0.37701,0.37964,0.30991,0.31155,0.31024,0.31188,0.31122,-0.00123,0.00304,-0.00090,-0.00189,-0.00156,-48.55364,-605.00000
0.37832,0.37240,0.37865,0.38325,0.37437,0.31386,0.31221,0.31418,0.31418,0.30695,-0.00090,-0.00123,-0.00123,0.00074,-0.00156,-48.55364,-604.00000
0.37766,0.37997,0.37865,0.37668,0.38260,0.31188,0.31057,0.30530,0.30892,0.30859,-0.00025,0.00140,-0.00090,-0.00057,-0.00123,-48.77534,-603.00000
0.37865,0.38227,0.37339,0.37964,0.37832,0.31024,0.30859,0.31090,0.30991,0.31386,0.00206,0.00074,0.00041,0.00107,0.00008,-48.77534,-602.00000
0.37701,0.37766,0.37701,0.38095,0.37240,0.30794,0.30695,0.30925,0.30695,0.30728,-0.00156,-0.00123,0.00041,-0.00025,0.00074,-49.12497,-601.00000
0.37668,0.38128,0.37668,0.37273,0.37865,0.31188,0.30991,0.31254,0.31747,0.31418,0.00337,-0.00189,-0.00025,-0.00025,0.00041,-49.12497,-600.00000
0.38029,0.37832,0.37898,0.38062,0.37997,0.31024,0.31024,0.30826,0.30991,0.30826,0.00041,-0.00025,-0.00090,0.00239,0.00008,-48.60610,-599.00000
0.37405,0.37799,0.37832,0.37437,0.37372,0.30925,0.30925,0.30399,0.30991,0.30826,-0.00090,0.00469,-0.00025,-0.00419,0.00041,-48.60610,-598.00000
0.37964,0.37339,0.38029,0.37701,0.37766,0.30892,0.31155,0.31024,0.31451,0.30498,0.00008,0.00074,-0.00025,-0.00189,-0.00057,-48.89007,-597.00000
0.37865,0.37405,0.38161,0.37437,0.38194,0.31188,0.30892,0.31616,0.31682,0.31583,-0.00156,0.00074,-0.00222,-0.00222,0.00074,-48.89007,-596.00000
0.37997,0.37536,0.37832,0.38095,0.37668,0.31418,0.30892,0.31320,0.31353,0.31418,0.00173,0.00074,-0.00025,0.00008,0.00140,-47.95959,-595.00000
0.37668,0.37898,0.38128,0.37766,0.37733,0.31254,0.31254,0.31057,0.30662,0.30892,0.00206,0.00469,0.00041,-0.00090,-0.00123,-47.95959,-594.00000
0.37240,0.37898,0.37865,0.38391,0.37898,0.31254,0.30991,0.31188,0.31221,0.30695,0.00239,-0.00156,0.00206,-0.00222,0.00008,-47.38647,-593.00000
0.38457,0.37701,0.37799,0.38029,0.37273,0.31090,0.30826,0.30925,0.31616,0.31221,0.00074,0.00206,0.00107,0.00370,-0.00255,-47.38647,-592.00000
0.37766,0.37964,0.37865,0.37372,0.37733,0.31155,0.31353,0.31484,0.31090,0.31188,0.00272,-0.00057,0.00074,-0.00353,-0.00419,-47.47477,-591.00000
0.37503,0.37174,0.37766,0.37503,0.37536,0.31090,0.31418,0.31517,0.31188,0.31057,0.00107,0.00041,-0.00189,0.00140,-0.00057,-47.47477,-590.00000
0.37405,0.37832,0.37668,0.38325,0.37536,0.31090,0.31057,0.31287,0.31024,0.31320,0.00008,-0.00057,-0.00551,0.00107,-0.00222,-47.27973,-589.00000
0.37536,0.38128,0.37602,0.37964,0.37701,0.30596,0.31188,0.30925,0.31221,0.30892,0.00107,-0.00057,0.00173,0.00436,-0.00090,-47.27973,-588.00000
0.38391,0.37668,0.37832,0.37372,0.37141,0.30826,0.31188,0.31155,0.31254,0.30728,0.00041,0.00074,-0.00255,0.00074,0.00008,-48.04814,-587.00000
0.37701,0.37602,0.38095,0.37668,0.37240,0.30892,0.30563,0.31090,0.30695,0.31024,0.00041,0.00173,0.00008,-0.00189,-0.00255,-48.04814,-586.00000
0.37931,0.37832,0.38227,0.37733,0.37668,0.31155,0.30794,0.30859,0.30991,0.30695,-0.00057,0.00008,-0.00123,0.00272,0.00436,-48.34883,-585.00000
0.38293,0.37306,0.37766,0.38029,0.37306,0.30991,0.30366,0.30728,0.30925,0.30958,0.00008,0.00041,0.00337,-0.00255,-0.00386,-48.34883,-584.00000
0.37635,0.37832,0.37898,0.37668,0.37372,0.31155,0.31287,0.31550,0.30728,0.30794,-0.00156,-0.00156,-0.00090,0.00107,0.00403,-48.52161,-583.00000
0.37931,0.37964,0.38358,0.37503,0.37339,0.31682,0.31221,0.30925,0.30892,0.30596,-0.00025,-0.00452,-0.00090,0.00107,0.00304,-48.52161,-582.00000
0.37470,0.37931,0.37470,0.37635,0.37799,0.31188,0.31188,0.30728,0.31024,0.30991,0.00041,0.00107,-0.00189,-0.00255,0.00074,-48.81910,-581.00000
0.38128,0.37569,0.37701,0.38293,0.38029,0.30761,0.30859,0.31024,0.31057,0.30826,0.00173,0.00008,-0.00123,0.00008,0.00074,-48.81910,-580.00000
0.37470,0.37043,0.37405,0.38621,0.38194,0.30629,0.30629,0.31649,0.30991,0.30892,-0.00090,-0.00057,0.00008,0.00074,-0.00090,-49.00602,-579.00000
0.37799,0.37174,0.37865,0.37602,0.38029,0.30859,0.30761,0.31418,0.31254,0.31090,0.00568,0.00239,-0.00123,0.00173,-0.00156,-49.00602,-578.00000
0.38227,0.37569,0.38161,0.38161,0.38194,0.31287,0.31122,0.30892,0.31386,0.30728,0.00600,-0.00189,-0.00156,0.00239,-0.00255,-49.37967,-577.00000
0.37997,0.37569,0.37240,0.37964,0.37174,0.30695,0.30991,0.30530,0.30859,0.31024,-0.00025,0.00173,0.00173,-0.00189,0.00074,-49.37967,-576.00000
0.38029,0.37339,0.37635,0.37569,0.38029,0.30826,0.30563,0.31484,0.30728,0.31090,0.00173,-0.00090,0.00074,-0.00156,0.00272,-49.19745,-575.00000
0.38227,0.37832,0.37602,0.38227,0.37865,0.30465,0.30530,0.30728,0.31616,0.31287,0.00370,-0.00090,-0.00090,0.00436,-0.00090,-49.19745,-574.00000
0.38062,0.37997,0.37240,0.38029,0.37865,0.30991,0.30695,0.30629,0.30925,0.30958,0.00140,0.00272,0.00173,-0.00485,0.00074,-48.42330,-573.00000
0.37865,0.38358,0.36977,0.38852,0.37569,0.31122,0.31254,0.31188,0.30826,0.31484,0.00008,0.00173,-0.00025,-0.00255,-0.00123,-48.42330,-572.00000
0.37832,0.38424,0.38095,0.37437,0.37931,0.31320,0.30662,0.31188,0.31090,0.30761,0.00304,0.00304,-0.00025,0.00074,0.00041,-48.27992,-571.00000
0.37306,0.37997,0.37470,0.38260,0.36944,0.31057,0.30925,0.30925,0.30794,0.31122,0.00008,-0.00222,0.00107,0.00173,0.00008,-48.27992,-570.00000
0.37470,0.38391,0.37865,0.37405,0.37635,0.31287,0.31386,0.30629,0.30958,0.30892,0.00074,0.00107,0.00008,-0.00255,0.00107,-48.05901,-569.00000
0.38095,0.38325,0.38260,0.37602,0.38128,0.31287,0.30958,0.31287,0.31122,0.31649,0.00140,0.00272,0.00074,0.00206,-0.00156,-48.05901,-568.00000
0.37799,0.37043,0.38227,0.37569,0.38029,0.31090,0.30761,0.31057,0.30465,0.30859,0.00074,0.00107,-0.00025,-0.00255,0.00173,-47.84500,-567.00000
0.38293,0.37766,0.37766,0.38095,0.38029,0.31188,0.31254,0.30925,0.31221,0.31122,0.00206,-0.00123,0.00239,-0.00057,-0.00123,-47.84500,-566.00000
0.37010,0.37799,0.37799,0.37865,0.37898,0.30991,0.31122,0.31188,0.30958,0.30892,-0.00222,-0.00123,0.00206,0.00008,-0.00222,-48.05390,-565.00000
0.37997,0.37964,0.37503,0.37503,0.37668,0.30794,0.31155,0.30958,0.31188,0.31451,-0.00090,0.00008,0.00107,-0.00222,0.00568,-48.05390,-564.00000
0.37668,0.38260,0.37733,0.38029,0.37668,0.31221,0.30859,0.31090,0.31386,0.30892,0.00107,0.00041,-0.00452,0.00272,0.00206,-47.79277,-563.00000
0.37701,0.37668,0.38293,0.37536,0.38095,0.30794,0.31188,0.30958,0.31188,0.31320,-0.00025,0.00633,0.00074,-0.00156,0.00272,-47.79277,-562.00000
0.37010,0.37799,0.37997,0.37372,0.38589,0.31254,0.30596,0.30859,0.30530,0.31221,0.00304,-0.00057,0.00173,-0.00057,-0.00353,-47.85794,-561.00000
0.38227,0.37964,0.37273,0.38227,0.38062,0.30794,0.31649,0.31616,0.30761,0.31353,-0.00057,0.00041,-0.00025,0.00041,0.00272,-47.85794,-560.00000
0.37799,0.37701,0.37898,0.37865,0.37997,0.31254,0.31418,0.30892,0.30761,0.31221,-0.00025,0.00074,-0.00222,0.00304,0.00206,-48.13088,-559.00000
0.37766,0.37733,0.37372,0.38424,0.37536,0.31057,0.31221,0.30859,0.31122,0.31418,0.00239,0.00304,0.00074,0.00173,-0.00090,-48.13088,-558.00000
0.37766,0.38029,0.37733,0.38293,0.37799,0.31221,0.30761,0.31254,0.31122,0.31254,-0.00057,0.00140,0.00173,0.00074,0.00173,-48.12404,-557.00000
0.37964,0.37602,0.37273,0.38424,0.38556,0.31320,0.31451,0.30925,0.31155,0.30991,-0.00123,0.00008,-0.00156,-0.00090,0.00107,-48.12404,-556.00000
0.38029,0.37898,0.37635,0.37997,0.37997,0.31024,0.30991,0.31287,0.31386,0.31254,-0.00090,0.00041,0.00272,-0.00025,0.00337,-48.44662,-555.00000
0.38358,0.38293,0.38260,0.38029,0.37931,0.31057,0.31451,0.31353,0.31122,0.30859,0.00140,-0.00189,0.00140,-0.00057,0.00304,-48.44662,-554.00000
0.38029,0.37536,0.37832,0.38227,0.37010,0.31353,0.30892,0.30596,0.31090,0.30925,-0.00189,0.00337,-0.00156,0.00074,0.00337,-48.66656,-553.00000
0.37766,0.38062,0.37602,0.37832,0.37931,0.31484,0.31024,0.30991,0.31221,0.30267,0.00008,0.00272,0.00173,-0.00123,0.00008,-48.66656,-552.00000
0.38062,0.38194,0.37898,0.38358,0.37602,0.31418,0.31024,0.31024,0.31090,0.31024,0.00074,-0.00090,-0.00189,0.00304,0.00041,-49.39425,-551.00000
0.37569,0.38194,0.38391,0.37832,0.38589,0.31221,0.31090,0.31090,0.31188,0.31155,0.00370,0.00041,-0.00090,0.00173,0.00173,-49.39425,-550.00000
0.38095,0.37898,0.38325,0.37898,0.37602,0.31221,0.31254,0.31090,0.31386,0.31254,-0.00288,0.00304,-0.00090,0.00074,-0.00057,-49.08835,-549.00000
0.38194,0.38490,0.38194,0.37799,0.37832,0.30991,0.30695,0.31188,0.31517,0.31122,0.00140,-0.00123,-0.00123,-0.00025,0.00272,-49.08835,-548.00000
0.38062,0.37865,0.38424,0.38227,0.38260,0.30662,0.31353,0.31221,0.31813,0.31254,0.00107,-0.00156,0.00107,-0.00090,0.00008,-49.02114,-547.00000
0.38095,0.37964,0.38095,0.38128,0.38161,0.30859,0.31155,0.31057,0.30794,0.31517,-0.00222,-0.00222,0.00173,0.00304,0.00074,-49.02114,-546.00000
0.38358,0.38161,0.38029,0.38358,0.37799,0.31057,0.31024,0.30925,0.31550,0.30498,0.00008,0.00337,-0.00189,0.00239,-0.00025,-49.08701,-545.00000
0.38095,0.37931,0.37898,0.37339,0.38260,0.30958,0.30761,0.31386,0.31155,0.31320,-0.00386,-0.00025,0.00173,0.00140,0.00337,-49.08701,-544.00000
0.37832,0.37668,0.38325,0.37997,0.38095,0.31287,0.31320,0.30794,0.30991,0.31090,0.00140,0.00107,0.00074,0.00535,-0.00288,-49.01374,-543.00000
0.38029,0.37733,0.37503,0.38062,0.37701,0.31616,0.31418,0.31090,0.31616,0.31320,0.00535,0.00107,0.00107,0.00107,-0.00090,-49.01374,-542.00000
0.38227,0.37931,0.37668,0.38687,0.37569,0.31715,0.31090,0.31484,0.30761,0.31155,0.00304,-0.00123,0.00041,0.00074,-0.00123,-49.13416,-541.00000
0.37372,0.38358,0.37733,0.38128,0.38095,0.31122,0.30530,0.31090,0.31122,0.30991,0.00173,-0.00057,0.00403,0.00239,-0.00386,-49.13416,-540.00000
0.38029,0.37437,0.37931,0.37668,0.38260,0.31221,0.30925,0.30892,0.31221,0.31353,0.00173,0.00041,0.00370,-0.00123,0.00304,-48.57316,-539.00000
0.37668,0.37470,0.37997,0.37898,0.37405,0.31221,0.31287,0.31254,0.31484,0.30892,0.00304,0.00370,0.00370,-0.00090,0.00008,-48.57316,-538.00000
0.37865,0.37865,0.38358,0.37503,0.38424,0.31155,0.31353,0.31386,0.31057,0.31353,0.00239,0.00173,0.00140,0.00140,-0.00123,-47.93224,-537.00000
0.37832,0.38029,0.38227,0.37635,0.38161,0.31484,0.31122,0.31418,0.31550,0.31386,0.00173,-0.00156,-0.00057,-0.00090,0.00107,-47.93224,-536.00000
0.38161,0.37898,0.37832,0.37898,0.38128,0.31287,0.31188,0.31188,0.30925,0.31221,0.00107,0.00041,0.00107,0.00173,0.00107,-48.09740,-535.00000
0.37898,0.37733,0.38029,0.38029,0.37076,0.30958,0.30826,0.31616,0.31353,0.30958,-0.00025,0.00008,0.00568,0.00337,0.00206,-48.09740,-534.00000
0.37997,0.37997,0.38095,0.38227,0.38095,0.31155,0.31550,0.31287,0.31188,0.30596,0.00469,0.00140,0.00107,-0.00057,0.00041,-47.69807,-533.00000
0.37997,0.38589,0.37931,0.38424,0.37569,0.31780,0.31188,0.30958,0.31024,0.31155,-0.00156,0.00008,-0.00123,0.00370,-0.00057,-47.69807,-532.00000
0.37635,0.38227,0.37701,0.37865,0.37668,0.30958,0.31122,0.31090,0.31418,0.31550,-0.00057,-0.00123,0.00272,0.00272,0.00272,-48.01616,-531.00000
0.37536,0.38260,0.38062,0.38194,0.37964,0.31122,0.31057,0.31090,0.31090,0.31386,0.00008,-0.00025,-0.00025,0.00074,0.00074,-48.01616,-530.00000
0.37832,0.38095,0.38227,0.37635,0.38062,0.31188,0.31287,0.31550,0.30991,0.31221,-0.00090,-0.00057,0.00173,-0.00025,-0.00057,-47.83760,-529.00000
0.38062,0.37602,0.37503,0.37898,0.37602,0.31254,0.30892,0.31254,0.31254,0.31254,-0.00025,0.00337,0.00140,-0.00090,0.00272,-47.83760,-528.00000
0.38194,0.37668,0.38325,0.38128,0.38161,0.31254,0.31682,0.30892,0.30826,0.30925,0.00074,-0.00123,0.00041,0.00272,0.00337,-48.27031,-527.00000
0.38523,0.37668,0.38095,0.37766,0.37964,0.31287,0.31188,0.31484,0.31451,0.31320,0.00272,-0.00189,0.00469,-0.00353,-0.00090,-48.27031,-526.00000
0.37898,0.37898,0.38358,0.37470,0.38260,0.31451,0.31386,0.30892,0.31353,0.31155,0.00173,0.00173,-0.00090,0.00140,-0.00025,-48.75085,-525.00000
0.38325,0.38095,0.37536,0.37602,0.37832,0.31155,0.31221,0.30925,0.30991,0.30991,-0.00222,-0.00090,0.00107,0.00140,0.00403,-48.75085,-524.00000
0.38029,0.37503,0.38095,0.38523,0.37536,0.31418,0.31287,0.31484,0.30892,0.31715,0.00140,0.00436,-0.00025,0.00041,0.00272,-48.38924,-523.00000
0.38194,0.37865,0.37701,0.38391,0.37865,0.31057,0.31320,0.31287,0.31155,0.31090,0.00074,0.00403,-0.00057,-0.00222,0.00041,-48.38924,-522.00000
0.37931,0.38029,0.37635,0.37799,0.38095,0.31024,0.31122,0.30991,0.30794,0.31155,-0.00189,0.00173,-0.00189,-0.00057,-0.00090,-49.20285,-521.00000
0.37931,0.38128,0.37766,0.38062,0.37635,0.31254,0.31155,0.31418,0.31583,0.30859,0.00074,0.00239,-0.00090,0.00041,-0.00156,-49.20285,-520.00000
0.38556,0.37503,0.38029,0.38293,0.37997,0.31451,0.30991,0.30958,0.31583,0.31090,0.00370,-0.00090,0.00337,-0.00123,0.00337,-49.39207,-519.00000
0.38293,0.37931,0.37668,0.38128,0.36944,0.30794,0.31418,0.31320,0.31353,0.30859,-0.00617,0.00304,0.00337,-0.00057,0.00370,-49.39207,-518.00000
0.37174,0.38490,0.37997,0.37701,0.37799,0.31386,0.31188,0.31057,0.31386,0.31057,0.00304,-0.00156,-0.00090,0.00107,-0.00156,-49.39615,-517.00000
0.37701,0.37569,0.37832,0.37964,0.37931,0.31155,0.31057,0.31418,0.30892,0.30826,0.00173,0.00107,0.00173,0.00173,-0.00189,-49.39615,-516.00000
0.38227,0.38095,0.37832,0.37799,0.38062,0.31090,0.30958,0.30925,0.31451,0.31057,0.00272,0.00304,0.00239,0.00436,-0.00321,-48.75270,-515.00000
0.37931,0.37503,0.38424,0.37536,0.37964,0.30991,0.30596,0.31254,0.31616,0.31451,-0.00123,0.00008,-0.00255,0.00107,0.00074,-48.75270,-514.00000
0.38029,0.38095,0.37405,0.38227,0.38095,0.31155,0.30958,0.31254,0.31188,0.31320,0.00239,-0.00682,0.00304,0.00206,0.00008,-48.27003,-513.00000
0.37997,0.38029,0.37997,0.37898,0.37766,0.31320,0.31155,0.31057,0.30826,0.31090,-0.00025,0.00272,0.00008,0.00074,0.00304,-48.27003,-512.00000
0.38161,0.38293,0.38128,0.38095,0.37964,0.31254,0.31320,0.30892,0.31122,0.31090,0.00107,0.00140,-0.00090,0.00041,0.00239,-48.07520,-511.00000
0.38621,0.38325,0.38194,0.37701,0.38161,0.31057,0.31221,0.30728,0.31122,0.31386,0.00173,0.00107,0.00173,0.00041,0.00041,-48.07520,-510.00000
0.37865,0.37931,0.37503,0.38457,0.37536,0.30794,0.31451,0.31221,0.30925,0.31024,0.00074,0.00107,0.00272,-0.00189,-0.00057,-47.80372,-509.00000
0.37964,0.37931,0.37832,0.37437,0.37997,0.31057,0.31320,0.31583,0.31090,0.31517,-0.00419,0.00304,0.00074,-0.00222,0.00074,-47.80372,-508.00000
0.37174,0.38457,0.37701,0.38293,0.37141,0.31386,0.31221,0.31320,0.31090,0.31550,-0.00025,0.00304,0.00239,0.00041,0.00337,-47.72689,-507.00000
0.38457,0.37865,0.38260,0.38358,0.37766,0.31254,0.31715,0.30991,0.31418,0.31484,0.00535,0.00337,-0.00057,-0.00057,-0.00025,-47.72689,-506.00000
0.37931,0.37766,0.38490,0.37964,0.38194,0.30695,0.30958,0.31353,0.31747,0.31188,0.00041,-0.00090,0.00107,0.00008,-0.00090,-47.23948,-505.00000
0.37898,0.37635,0.38523,0.37865,0.37964,0.30695,0.31353,0.31780,0.31583,0.31583,0.00337,0.00304,0.00173,-0.00123,-0.00321,-47.23948,-504.00000
0.37799,0.38161,0.38227,0.38293,0.37964,0.31320,0.31320,0.31320,0.31024,0.31122,-0.00123,-0.00156,0.00140,0.00206,0.00074,-47.29539,-503.00000
0.37865,0.37832,0.37437,0.38062,0.37437,0.31057,0.31221,0.30892,0.31320,0.31451,0.00206,-0.00057,0.00436,0.00140,0.00272,-47.29539,-502.00000
0.37865,0.37931,0.38260,0.37536,0.38095,0.31386,0.31254,0.31287,0.31024,0.31353,0.00041,0.00206,0.00469,-0.00025,-0.00090,-47.62890,-501.00000
0.37701,0.38029,0.37865,0.38062,0.37240,0.31122,0.31386,0.31287,0.30991,0.31254,-0.00057,0.00107,0.00041,-0.00090,0.00272,-47.62890,-500.00000
0.38260,0.37766,0.38029,0.38161,0.37503,0.31122,0.31090,0.31221,0.31221,0.30991,-0.00321,0.00239,-0.00025,-0.00057,0.00074,-47.90820,-499.00000
0.38128,0.37602,0.37766,0.37668,0.37865,0.31287,0.30925,0.31451,0.31221,0.30794,0.00041,0.00239,0.00337,-0.00090,-0.00057,-47.90820,-498.00000
0.37898,0.37602,0.38029,0.37964,0.37799,0.31320,0.31287,0.31057,0.30892,0.31057,0.00008,0.00206,-0.00025,0.00074,-0.00057,-48.03417,-497.00000
0.38029,0.37503,0.37832,0.38128,0.38293,0.31188,0.30629,0.31747,0.30761,0.31386,-0.00123,-0.00189,0.00074,0.00272,-0.00222,-48.03417,-496.00000
0.38358,0.38227,0.38128,0.38358,0.37569,0.31057,0.31418,0.31221,0.30892,0.31254,-0.00025,0.00502,0.00206,0.00140,-0.00090,-48.67643,-495.00000
0.38227,0.37964,0.37799,0.38391,0.37799,0.31287,0.30991,0.31155,0.30662,0.30596,-0.00156,0.00074,0.00206,0.00666,0.00041,-48.67643,-494.00000
0.37931,0.37964,0.38128,0.37174,0.37898,0.31122,0.30958,0.31122,0.31057,0.30629,0.00008,0.00107,-0.00189,0.00140,-0.00057,-49.15505,-493.00000
0.37766,0.37799,0.37668,0.37635,0.38161,0.30859,0.31090,0.31287,0.31418,0.31122,0.00041,0.00107,0.00370,-0.00090,0.00140,-49.15505,-492.00000
0.37997,0.38227,0.37931,0.37766,0.37799,0.31221,0.31155,0.31221,0.30695,0.31484,-0.00123,-0.00551,-0.00222,0.00173,-0.00025,-48.98097,-491.00000
0.37898,0.37108,0.38490,0.37602,0.37668,0.31287,0.31221,0.31451,0.31353,0.31188,-0.00090,-0.00321,0.00469,0.00140,-0.00386,-48.98097,-490.00000
0.37372,0.37931,0.37733,0.37733,0.37306,0.31221,0.30958,0.31155,0.30958,0.31057,0.00337,-0.00189,0.00304,0.00107,0.00206,-49.28321,-489.00000
0.37997,0.37503,0.37766,0.37898,0.37569,0.31254,0.31484,0.31188,0.31287,0.31122,0.00239,-0.00353,-0.00452,0.00074,0.00272,-49.28321,-488.00000
0.38095,0.38095,0.38325,0.37898,0.38621,0.31155,0.31386,0.31057,0.31353,0.30958,-0.00025,0.00370,0.00041,-0.00025,-0.00189,-49.07781,-487.00000
0.37865,0.37306,0.37372,0.38589,0.38161,0.30991,0.31188,0.30925,0.31057,0.31254,-0.00123,0.00041,-0.00025,-0.00288,-0.00419,-49.07781,-486.00000
0.37997,0.38325,0.37733,0.38523,0.38062,0.30991,0.30991,0.30859,0.30958,0.31287,-0.00288,0.00535,0.00140,0.00272,-0.00057,-48.88065,-485.00000
0.37799,0.38062,0.37964,0.37832,0.38227,0.30794,0.30465,0.31254,0.31155,0.31122,0.00041,-0.00123,-0.00090,-0.00321,0.00107,-48.88065,-484.00000
0.37569,0.37635,0.38062,0.37799,0.37405,0.31254,0.30892,0.31287,0.31122,0.31057,-0.00156,-0.00321,-0.00057,-0.00057,0.00074,-48.45624,-483.00000
0.37997,0.37405,0.37569,0.37799,0.37898,0.31813,0.31188,0.30958,0.30629,0.31024,0.00074,0.00074,0.00173,-0.00123,0.00041,-48.45624,-482.00000
0.37372,0.37405,0.37339,0.37964,0.38161,0.31649,0.31090,0.31188,0.30596,0.31254,0.00304,-0.00123,-0.00090,0.00041,0.00239,-48.58997,-481.00000
0.37733,0.38095,0.38128,0.37701,0.37832,0.31320,0.31484,0.30826,0.31320,0.30859,0.00239,-0.00156,0.00074,0.00041,-0.00189,-48.58997,-480.00000
0.38095,0.37668,0.38029,0.38227,0.37701,0.31155,0.30695,0.30859,0.31090,0.30794,-0.00189,0.00304,-0.00288,0.00337,-0.00123,-48.46753,-479.00000
0.38128,0.37076,0.39016,0.37010,0.37865,0.31090,0.31024,0.30958,0.31188,0.30892,-0.00222,0.00008,-0.00255,-0.00123,0.00074,-48.46753,-478.00000
0.37372,0.38325,0.38095,0.37766,0.37569,0.30925,0.31057,0.31188,0.31024,0.31122,0.00041,-0.00090,-0.00222,-0.00025,0.00008,-48.09131,-477.00000
0.38062,0.37997,0.38161,0.37832,0.37536,0.31418,0.30958,0.31517,0.31090,0.30629,0.00140,-0.00123,0.00304,-0.00025,0.00206,-48.09131,-476.00000
0.37865,0.37076,0.37470,0.37437,0.37635,0.31024,0.31221,0.31287,0.30761,0.31221,0.00535,-0.00452,0.00074,-0.00156,0.00107,-48.21484,-475.00000
0.38095,0.38029,0.37766,0.37733,0.37405,0.30695,0.30794,0.30991,0.30859,0.31122,-0.00255,0.00272,0.00107,0.00041,-0.00222,-48.21484,-474.00000
0.37602,0.37306,0.37470,0.37832,0.37865,0.31122,0.30530,0.30991,0.31386,0.31221,-0.00189,0.00304,-0.00222,-0.00518,0.00239,-47.56803,-473.00000
0.37076,0.37733,0.38128,0.37964,0.37898,0.31418,0.31287,0.31418,0.31221,0.31386,0.00107,-0.00057,-0.00123,-0.00189,0.00173,-47.56803,-472.00000
0.37470,0.37569,0.37470,0.38062,0.37536,0.31221,0.31122,0.30596,0.30925,0.30991,0.00074,-0.00025,0.00272,0.00074,-0.00189,-47.59256,-471.00000
0.37799,0.38029,0.36714,0.37997,0.37668,0.31024,0.31451,0.31221,0.30925,0.31353,0.00403,0.00140,0.00206,-0.00090,-0.00025,-47.59256,-470.00000
0.38029,0.37701,0.37799,0.37470,0.37766,0.31353,0.30925,0.30366,0.30498,0.30695,0.00568,-0.00255,0.00140,-0.00090,-0.00025,-47.88560,-469.00000
0.37766,0.37306,0.37470,0.38325,0.37602,0.31024,0.30761,0.31188,0.30695,0.30859,0.00041,-0.00255,-0.00222,0.00206,0.00337,-47.88560,-468.00000
0.37437,0.37602,0.37207,0.37635,0.37701,0.30761,0.30892,0.31155,0.31024,0.30925,-0.00386,-0.00156,0.00173,-0.00222,0.00272,-48.38044,-467.00000
0.37931,0.38194,0.37372,0.37733,0.37405,0.30958,0.31254,0.30859,0.30465,0.30498,-0.00156,0.00107,-0.00452,-0.00123,0.00107,-48.38044,-466.00000
0.37964,0.38227,0.37240,0.38095,0.37240,0.31386,0.31221,0.30991,0.30958,0.30925,0.00041,0.00074,-0.00156,-0.00189,0.00008,-48.77543,-465.00000
0.37668,0.37733,0.37635,0.37799,0.37602,0.30530,0.30596,0.31353,0.31057,0.31254,-0.00288,-0.00288,0.00074,0.00239,-0.00090,-48.77543,-464.00000
0.37470,0.37668,0.37766,0.37372,0.38293,0.31386,0.31451,0.31090,0.31254,0.30530,0.00041,0.00107,-0.00222,-0.00057,-0.00057,-49.16409,-463.00000
0.37799,0.37865,0.37964,0.37733,0.38095,0.31057,0.31090,0.30991,0.31320,0.31024,0.00370,-0.00189,0.00370,0.00337,-0.00025,-49.16409,-462.00000
0.37701,0.37997,0.37207,0.37766,0.37865,0.31287,0.31287,0.30925,0.31451,0.31057,-0.00090,0.00074,-0.00057,0.00074,0.00107,-49.09768,-461.00000
0.37240,0.38128,0.37799,0.37733,0.37240,0.30892,0.31386,0.31155,0.30826,0.30958,0.00370,-0.00123,-0.00090,0.00206,0.00173,-49.09768,-460.00000
0.37503,0.37668,0.38029,0.37437,0.38095,0.31122,0.30958,0.30728,0.30958,0.31122,-0.00288,-0.00156,-0.00222,0.00304,-0.00123,-49.17059,-459.00000
0.37832,0.37339,0.37766,0.37470,0.37832,0.31024,0.31024,0.31155,0.30859,0.31287,0.00173,0.00008,0.00041,-0.00255,0.00140,-49.17059,-458.00000
0.38062,0.38128,0.37931,0.37635,0.37240,0.31057,0.30991,0.30432,0.31024,0.30761,-0.00057,0.00173,-0.00025,0.00008,-0.00123,-49.61307,-457.00000
0.37273,0.37766,0.37766,0.37931,0.38358,0.30958,0.31320,0.31188,0.31090,0.31090,0.00041,0.00107,0.00107,-0.00156,-0.00189,-49.61307,-456.00000
0.37832,0.37668,0.37470,0.37437,0.38029,0.31221,0.30826,0.31057,0.30728,0.30991,0.00074,-0.00321,-0.00025,-0.00419,-0.00057,-49.61347,-455.00000
0.37339,0.38325,0.37240,0.37865,0.38095,0.31254,0.31024,0.30892,0.30728,0.30662,-0.00156,-0.00123,0.00502,-0.00123,-0.00057,-49.61347,-454.00000
0.37602,0.37240,0.37108,0.37865,0.37503,0.30794,0.30794,0.31122,0.31254,0.30925,0.00107,-0.00156,-0.00222,0.00041,-0.00452,-49.14010,-453.00000
0.37372,0.37865,0.37602,0.37701,0.37898,0.31254,0.31320,0.31418,0.31386,0.31155,-0.00551,0.00041,0.00008,-0.00090,-0.00156,-49.14010,-452.00000
0.37437,0.37766,0.37043,0.38161,0.37668,0.31024,0.30958,0.31188,0.31188,0.31254,-0.00123,0.00074,-0.00156,-0.00156,0.00239,-48.54945,-451.00000
0.37997,0.37701,0.37503,0.37832,0.37372,0.31484,0.30728,0.31254,0.31386,0.30991,-0.00025,0.00140,-0.00189,-0.00025,-0.00189,-48.54945,-450.00000
0.37306,0.37766,0.37668,0.37437,0.38029,0.31451,0.31221,0.31024,0.31386,0.30629,-0.00090,0.00239,0.00173,0.00074,0.00008,-48.16220,-449.00000
0.37437,0.38391,0.37174,0.37372,0.37766,0.30826,0.31024,0.31254,0.30991,0.31418,-0.00255,0.00206,0.00206,-0.00321,-0.00156,-48.16220,-448.00000
0.37898,0.37569,0.37602,0.37733,0.37602,0.31122,0.31188,0.30563,0.31024,0.31090,0.00140,0.00239,0.00173,0.00206,-0.00222,-47.92682,-447.00000
0.37536,0.37108,0.37569,0.37536,0.37569,0.31254,0.30695,0.30925,0.31024,0.31122,0.00206,-0.00156,0.00008,0.00337,0.00370,-47.92682,-446.00000
0.37766,0.37569,0.37602,0.37997,0.38062,0.31057,0.30859,0.31024,0.31024,0.31254,0.00173,-0.00156,0.00173,-0.00156,0.00239,-47.55831,-445.00000
0.37701,0.37701,0.37405,0.37470,0.37339,0.31188,0.31386,0.31188,0.31057,0.31122,-0.00386,-0.00090,-0.00090,-0.00189,0.00239,-47.55831,-444.00000
0.38029,0.37635,0.37536,0.37273,0.37766,0.31353,0.31320,0.31155,0.31090,0.30794,0.00206,-0.00025,0.00041,-0.00321,0.00140,-47.49330,-443.00000
0.37964,0.37174,0.37701,0.37339,0.38029,0.31155,0.31090,0.31353,0.30596,0.30925,0.00008,0.00206,-0.00189,-0.00353,0.00502,-47.49330,-442.00000
0.37997,0.37273,0.36878,0.38095,0.37668,0.31188,0.31386,0.30925,0.30925,0.30892,-0.00321,-0.00255,-0.00090,0.00239,0.00008,-48.06357,-441.00000
0.38095,0.37108,0.37668,0.37602,0.37273,0.30892,0.31155,0.31386,0.31287,0.31090,0.00140,-0.00090,0.00206,0.00304,-0.00123,-48.06357,-440.00000
0.37437,0.38589,0.37437,0.37470,0.37931,0.30958,0.31155,0.30761,0.31386,0.31122,-0.00156,-0.00222,-0.00617,-0.00123,-0.00057,-48.60162,-439.00000
0.37174,0.37405,0.37174,0.37569,0.37405,0.31254,0.30925,0.31188,0.30925,0.31484,-0.00025,0.00337,-0.00321,-0.00222,0.00107,-48.60162,-438.00000
0.37635,0.37470,0.37503,0.37997,0.37076,0.30563,0.30991,0.30925,0.30662,0.31747,0.00206,0.00074,-0.00156,0.00173,-0.00255,-48.84314,-437.00000
0.37668,0.37536,0.37766,0.37898,0.37964,0.30925,0.31254,0.31484,0.30465,0.30761,0.00107,-0.00090,0.00074,0.00041,0.00074,-48.84314,-436.00000
0.37470,0.38424,0.37306,0.37405,0.38161,0.31254,0.30826,0.30892,0.31188,0.30892,-0.00123,0.00041,-0.00057,0.00206,-0.00288,-46.91756,-435.00000
0.37701,0.37832,0.37569,0.37766,0.37733,0.30892,0.31254,0.31155,0.31484,0.31024,0.00600,-0.00386,-0.00025,0.00173,-0.00189,-46.91756,-434.00000
0.37503,0.38325,0.37273,0.37898,0.37273,0.31122,0.30859,0.30596,0.31386,0.30826,0.00041,-0.00025,-0.00025,0.00041,-0.00255,-45.75429,-433.00000
0.37931,0.36812,0.37470,0.37997,0.37536,0.30991,0.31287,0.31583,0.30958,0.31024,0.00206,0.00206,0.00008,-0.00090,-0.00288,-45.75429,-432.00000
0.37668,0.37668,0.37766,0.37339,0.38062,0.31024,0.31583,0.31616,0.30991,0.31122,-0.00419,-0.00222,-0.00189,-0.00123,-0.00090,-43.72714,-431.00000
0.37602,0.37602,0.37997,0.37931,0.38062,0.31418,0.31122,0.30958,0.31090,0.30530,-0.00189,-0.00025,-0.00189,-0.00025,-0.00222,-43.72714,-430.00000
0.38523,0.37536,0.37799,0.37635,0.38260,0.31221,0.31254,0.31353,0.31418,0.31188,-0.00057,-0.00682,0.00008,-0.00321,0.00107,-42.27643,-429.00000
0.37931,0.37733,0.37437,0.37898,0.38293,0.31353,0.31386,0.31451,0.31484,0.30794,0.00074,-0.00090,-0.00090,0.00337,-0.00452,-42.27643,-428.00000
0.37339,0.37733,0.38260,0.37668,0.37602,0.31090,0.31517,0.31057,0.31287,0.31353,0.00041,-0.00123,-0.00090,-0.00156,0.00337,-42.45349,-427.00000
0.37799,0.37569,0.37766,0.37174,0.38194,0.31451,0.31386,0.31254,0.31353,0.30958,-0.00222,0.00272,-0.00025,-0.00156,-0.00025,-42.45349,-426.00000
0.37701,0.37668,0.37569,0.37766,0.37832,0.30728,0.31090,0.31122,0.31155,0.31451,-0.00025,-0.00025,-0.00222,0.00008,-0.00123,-43.68481,-425.00000
0.37174,0.37437,0.37635,0.38062,0.37997,0.31057,0.31155,0.30530,0.31682,0.31057,0.00008,-0.00156,0.00272,-0.00419,-0.00353,-43.68481,-424.00000
0.37766,0.37569,0.38358,0.37635,0.37701,0.31287,0.31057,0.31517,0.31122,0.31287,0.00041,0.00206,-0.00321,0.00074,-0.00025,-44.64567,-423.00000
0.37602,0.37536,0.37832,0.37536,0.38029,0.31451,0.31254,0.31287,0.31155,0.31188,-0.00288,0.00107,-0.00057,-0.00189,-0.00222,-44.64567,-422.00000
0.38260,0.37339,0.38194,0.37898,0.37832,0.30826,0.31057,0.31024,0.31122,0.31057,0.00370,-0.00255,0.00173,-0.00090,-0.00090,-45.66059,-421.00000
0.38621,0.37569,0.37635,0.37701,0.38325,0.31320,0.30958,0.31484,0.31254,0.31221,-0.00321,0.00173,-0.00156,-0.00255,0.00107,-45.66059,-420.00000
0.37931,0.37964,0.37273,0.38029,0.37339,0.31484,0.31320,0.31155,0.31484,0.31254,0.00074,0.00206,0.00304,-0.00189,-0.00255,-46.43811,-419.00000
0.37405,0.37898,0.37339,0.37405,0.37997,0.31386,0.30629,0.31188,0.31221,0.31122,-0.00057,-0.00321,-0.00123,0.00074,-0.00222,-46.43811,-418.00000
0.37207,0.38095,0.37964,0.37503,0.36944,0.31517,0.31155,0.31155,0.31583,0.31287,0.00272,-0.00189,0.00107,0.00206,-0.00189,-47.33732,-417.00000
0.37010,0.37437,0.37306,0.37339,0.38194,0.31188,0.30794,0.30629,0.31386,0.30695,-0.00353,-0.00419,-0.00123,-0.00189,-0.00090,-47.33732,-416.00000
0.36944,0.37997,0.37141,0.37108,0.38029,0.31484,0.31221,0.31254,0.31122,0.30958,-0.00222,-0.00255,-0.00288,0.00140,0.00041,-47.63569,-415.00000
0.37437,0.38917,0.37503,0.37240,0.37405,0.31221,0.31484,0.30958,0.31221,0.31616,-0.00386,0.00502,-0.00255,-0.00057,0.00107,-47.63569,-414.00000
0.37832,0.37799,0.37108,0.37470,0.37964,0.31057,0.31155,0.30596,0.31090,0.31353,-0.00288,0.00304,0.00107,0.00107,0.00239,-48.10641,-413.00000
0.37865,0.37207,0.37240,0.37339,0.37865,0.31221,0.31024,0.31353,0.31090,0.31320,0.00008,0.00304,-0.00222,-0.00189,-0.00057,-48.10641,-412.00000
0.37569,0.37405,0.37569,0.37865,0.38194,0.31386,0.31221,0.31155,0.31484,0.31122,0.00041,0.00304,0.00008,-0.00222,0.00206,-47.83103,-411.00000
0.37733,0.37569,0.37668,0.37832,0.37339,0.31550,0.31320,0.31122,0.30958,0.31418,0.00041,0.00107,-0.00321,-0.00222,0.00206,-47.83103,-410.00000
0.37865,0.37339,0.37865,0.37701,0.37372,0.30991,0.30859,0.31287,0.31155,0.31484,0.00239,-0.00353,0.00008,-0.00255,-0.00288,-47.94692,-409.00000
0.37207,0.37273,0.37865,0.37010,0.37503,0.31616,0.31155,0.31221,0.30892,0.31418,-0.00353,-0.00156,0.00140,-0.00057,0.00008,-47.94692,-408.00000
0.38062,0.37339,0.37174,0.38029,0.37865,0.31517,0.30892,0.31386,0.31287,0.30958,0.00304,-0.00025,0.00206,-0.00057,-0.00057,-48.28623,-407.00000
0.37339,0.37405,0.37306,0.37964,0.36878,0.31616,0.30892,0.31090,0.30991,0.31287,-0.00485,-0.00090,-0.00419,0.00337,-0.00222,-48.28623,-406.00000
0.36747,0.37569,0.37766,0.37569,0.37273,0.31122,0.30662,0.31583,0.31517,0.31550,-0.00057,-0.00156,-0.00321,-0.00156,0.00041,-48.59219,-405.00000
0.37503,0.37832,0.37437,0.37043,0.37602,0.31320,0.31122,0.31188,0.31122,0.31057,-0.00222,0.00436,-0.00123,-0.00189,-0.00189,-48.59219,-404.00000
0.37733,0.37602,0.37470,0.37010,0.37733,0.30761,0.31024,0.31320,0.31254,0.30695,-0.00419,0.00041,-0.00025,-0.00222,0.00173,-48.74245,-403.00000
0.36944,0.37569,0.37437,0.37931,0.37536,0.31484,0.31221,0.31418,0.31221,0.31550,-0.00123,-0.00156,-0.00025,-0.00156,-0.00255,-48.74245,-402.00000
0.37799,0.37273,0.37536,0.37240,0.37635,0.30892,0.31517,0.31583,0.31287,0.31155,-0.00057,-0.00057,0.00041,0.00008,0.00337,-49.42205,-401.00000
0.37832,0.37240,0.37174,0.37668,0.37339,0.31155,0.31517,0.31451,0.31287,0.31484,-0.00123,-0.00090,-0.00255,0.00272,-0.00156,-49.42205,-400.00000
0.37339,0.37076,0.37306,0.37832,0.37898,0.30991,0.31386,0.30925,0.30728,0.31353,-0.00321,0.00008,0.00140,-0.00123,-0.00288,-49.10526,-399.00000
0.37437,0.37766,0.36878,0.37141,0.37207,0.31254,0.31155,0.31254,0.31090,0.31517,0.00304,0.00206,-0.00617,-0.00189,-0.00025,-49.10526,-398.00000
0.37372,0.36977,0.37701,0.37174,0.37174,0.31353,0.31024,0.30826,0.31353,0.31353,0.00173,-0.00090,0.00008,-0.00123,0.00272,-48.88105,-397.00000
0.37701,0.37569,0.37668,0.36747,0.37964,0.31024,0.31221,0.31057,0.31451,0.31780,0.00008,0.00140,0.00008,0.00008,-0.00057,-48.88105,-396.00000
0.37536,0.37141,0.37207,0.37668,0.37076,0.31320,0.31386,0.31122,0.31057,0.31090,0.00074,-0.00255,0.00107,-0.00321,0.00173,-48.69902,-395.00000
0.37832,0.37470,0.37043,0.37043,0.37306,0.31320,0.30761,0.30826,0.31550,0.30991,-0.00123,-0.00222,0.00074,-0.00156,-0.00255,-48.69902,-394.00000
0.37536,0.37470,0.37536,0.36878,0.37470,0.30925,0.31090,0.31221,0.31155,0.30925,0.00041,-0.00222,-0.00025,0.00008,-0.00025,-48.38398,-393.00000
0.37569,0.37043,0.37372,0.37339,0.37108,0.31320,0.30859,0.30892,0.31320,0.31254,-0.00255,0.00206,0.00272,-0.00156,-0.00123,-48.38398,-392.00000
0.37503,0.37141,0.37701,0.37141,0.37108,0.30826,0.30826,0.31155,0.31386,0.30958,-0.00090,-0.00156,-0.00057,-0.00255,-0.00189,-48.08281,-391.00000
0.37372,0.37273,0.37207,0.37273,0.36944,0.31287,0.30629,0.31057,0.31254,0.31155,-0.00057,-0.00057,-0.00025,-0.00222,-0.00255,-48.08281,-390.00000
0.37569,0.37470,0.37733,0.37470,0.37273,0.31122,0.30826,0.31057,0.31057,0.30859,-0.00090,-0.00156,-0.00090,0.00206,-0.00057,-47.82018,-389.00000
0.37733,0.37405,0.37635,0.37240,0.37437,0.31484,0.30794,0.31188,0.31122,0.31254,0.00140,-0.00386,0.00107,0.00140,-0.00617,-47.82018,-388.00000
0.36911,0.37372,0.37635,0.37306,0.37010,0.31287,0.31353,0.30761,0.31090,0.30925,-0.00156,0.00074,0.00008,0.00107,0.00041,-47.62556,-387.00000
0.37174,0.37470,0.37470,0.36812,0.37437,0.31024,0.30991,0.31320,0.30662,0.31090,-0.00123,0.00140,0.00074,0.00074,0.00041,-47.62556,-386.00000
0.36911,0.36911,0.37141,0.36747,0.37437,0.31386,0.31090,0.31155,0.30991,0.31353,0.00041,-0.00485,0.00403,0.00173,-0.00353,-47.77251,-385.00000
0.37273,0.36911,0.37240,0.36911,0.36977,0.31188,0.31188,0.31057,0.31122,0.31155,-0.00123,0.00008,0.00370,-0.00156,0.00041,-47.77251,-384.00000
0.37701,0.37405,0.37898,0.37503,0.37141,0.31090,0.31254,0.31287,0.30728,0.30826,-0.00057,0.00008,-0.00025,0.00140,0.00074,-47.75329,-383.00000
0.37076,0.37207,0.37733,0.37273,0.37306,0.31418,0.31024,0.31616,0.31090,0.31024,0.00107,-0.00025,0.00008,-0.00123,-0.00189,-47.75329,-382.00000
0.37273,0.37339,0.37273,0.37898,0.36878,0.31254,0.31122,0.31517,0.31353,0.30695,-0.00156,0.00074,-0.00123,0.00041,0.00206,-48.16040,-381.00000
0.37306,0.37141,0.36780,0.37405,0.36812,0.30859,0.31353,0.31254,0.30794,0.30826,0.00008,0.00074,-0.00386,-0.00156,-0.00255,-48.16040,-380.00000
0.36977,0.37602,0.37240,0.37273,0.36845,0.30563,0.30925,0.30826,0.31221,0.30991,-0.00090,-0.00222,-0.00123,0.00074,0.00239,-48.38623,-379.00000
0.37339,0.37668,0.37207,0.36714,0.37207,0.31287,0.31122,0.31320,0.31057,0.31122,-0.00222,-0.00025,0.00436,-0.00255,0.00041,-48.38623,-378.00000
0.37240,0.37010,0.37076,0.37273,0.36484,0.32011,0.30991,0.30596,0.30794,0.31320,0.00206,-0.00321,-0.00255,-0.00518,-0.00353,-48.43750,-377.00000
0.37306,0.36911,0.37240,0.36648,0.37273,0.31386,0.31484,0.30596,0.31024,0.31057,-0.00386,0.00173,0.00304,-0.00123,0.00502,-48.43750,-376.00000
0.36878,0.37076,0.37240,0.36451,0.37635,0.30958,0.30761,0.30728,0.31122,0.31484,0.00041,0.00107,0.00272,0.00107,-0.00189,-48.64420,-375.00000
0.37306,0.36352,0.37076,0.36845,0.37273,0.30596,0.31024,0.31188,0.30695,0.30662,-0.00255,-0.00189,-0.00452,-0.00485,0.00272,-48.64420,-374.00000
0.36911,0.37108,0.37635,0.36615,0.37339,0.31155,0.30629,0.31386,0.31122,0.31451,-0.00255,0.00041,0.00008,0.00107,-0.00255,-49.16612,-373.00000
0.37635,0.36418,0.37470,0.37339,0.37405,0.31090,0.31386,0.30958,0.31122,0.30794,0.00370,-0.00156,0.00107,0.00140,-0.00057,-49.16612,-372.00000
0.36648,0.37207,0.36681,0.36648,0.37503,0.31353,0.31583,0.31254,0.31353,0.30925,-0.00025,0.00041,-0.00025,0.00041,-0.00584,-48.75886,-371.00000
0.36944,0.37832,0.37273,0.36681,0.37174,0.31155,0.31254,0.30991,0.30958,0.31188,-0.00189,-0.00156,-0.00222,-0.00123,-0.00386,-48.75886,-370.00000
0.37306,0.37076,0.37470,0.36714,0.36681,0.31024,0.30728,0.31353,0.31221,0.31254,-0.00255,0.00041,-0.00090,-0.00386,0.00041,-49.44601,-369.00000
0.37602,0.37207,0.36582,0.37174,0.36977,0.30892,0.31188,0.30662,0.30925,0.30366,-0.00090,-0.00057,0.00074,0.00107,0.00008,-49.44601,-368.00000
0.36878,0.36648,0.36812,0.36549,0.36944,0.30958,0.31155,0.31155,0.30859,0.30925,0.00173,0.00173,0.00272,-0.00123,0.00107,-49.35561,-367.00000
0.36582,0.37076,0.36878,0.36780,0.36549,0.31451,0.30925,0.31024,0.31353,0.31122,0.00041,-0.00222,0.00107,0.00173,-0.00255,-49.35561,-366.00000
0.37174,0.36286,0.37602,0.36549,0.37076,0.31287,0.31122,0.30892,0.31090,0.31057,0.00107,-0.00156,-0.00090,0.00140,-0.00025,-48.11045,-365.00000
0.36944,0.36714,0.37174,0.36944,0.36911,0.30925,0.31188,0.30991,0.30892,0.30596,-0.00353,0.00337,-0.00123,-0.00288,-0.00189,-48.11045,-364.00000
0.37043,0.36944,0.36977,0.37043,0.37108,0.30794,0.31090,0.30695,0.30826,0.30826,0.00107,-0.00025,0.00008,0.00206,0.00140,-46.98411,-363.00000
0.36911,0.36385,0.37372,0.37273,0.36615,0.30498,0.31024,0.31221,0.31550,0.31057,-0.00419,-0.00123,0.00304,0.00041,-0.00090,-46.98411,-362.00000
0.36911,0.36648,0.36878,0.37010,0.36648,0.31418,0.31155,0.31024,0.31024,0.30662,-0.00025,0.00173,-0.00353,0.00107,-0.00222,-44.70165,-361.00000
0.36944,0.36977,0.36812,0.36582,0.36812,0.30695,0.31024,0.30761,0.31090,0.30991,0.00239,-0.00222,0.00140,-0.00419,-0.00025,-44.70165,-360.00000
0.36812,0.36681,0.37141,0.36648,0.36878,0.31254,0.31155,0.31155,0.30761,0.31024,0.00206,-0.00090,-0.00288,-0.00288,-0.00025,-43.71711,-359.00000
0.36484,0.37174,0.36911,0.36582,0.36582,0.31517,0.30925,0.31188,0.31353,0.30958,-0.00452,-0.00025,0.00140,0.00206,-0.00057,-43.71711,-358.00000
0.36286,0.37372,0.36681,0.36714,0.36352,0.31090,0.31451,0.30991,0.30728,0.30826,0.00337,0.00140,-0.00288,0.00140,-0.00025,-44.53048,-357.00000
0.37405,0.36878,0.37010,0.36944,0.36286,0.31090,0.31320,0.30859,0.30629,0.31024,0.00304,-0.00025,-0.00189,-0.00123,-0.00123,-44.53048,-356.00000
0.36780,0.36352,0.36648,0.36911,0.36253,0.31155,0.31221,0.30826,0.31188,0.31221,0.00107,-0.00123,0.00107,0.00041,-0.00025,-45.43894,-355.00000
0.36155,0.36582,0.37010,0.36385,0.36812,0.31221,0.30794,0.31418,0.31287,0.31188,-0.00025,-0.00255,-0.00057,-0.00321,0.00008,-45.43894,-354.00000
0.37339,0.37076,0.36714,0.36549,0.37076,0.30892,0.31090,0.30596,0.31221,0.30530,0.00074,-0.00025,-0.00057,0.00074,0.00074,-45.65558,-353.00000
0.37010,0.36878,0.36516,0.36385,0.37141,0.31221,0.31254,0.30826,0.30826,0.31090,-0.00123,0.00041,0.00304,-0.00057,-0.00452,-45.65558,-352.00000
0.36516,0.37207,0.36319,0.37108,0.36911,0.31057,0.30728,0.31155,0.31188,0.31155,-0.00321,0.00304,-0.00353,-0.00156,-0.00452,-46.41687,-351.00000
0.36418,0.37174,0.36352,0.36385,0.36220,0.30925,0.30794,0.31122,0.30958,0.30892,-0.00288,-0.00584,0.00370,-0.00090,0.00206,-46.41687,-350.00000
0.36516,0.36944,0.37108,0.36714,0.36681,0.30925,0.31813,0.31254,0.30892,0.30695,0.00008,-0.00288,-0.00386,-0.00288,-0.00090,-46.86418,-349.00000
0.37043,0.36681,0.36582,0.37273,0.36747,0.31320,0.31320,0.31090,0.31188,0.31517,0.00041,0.00469,0.00008,0.00107,0.00008,-46.86418,-348.00000
0.37010,0.36812,0.36319,0.36681,0.36977,0.30629,0.31517,0.30794,0.30794,0.30991,-0.00123,-0.00123,-0.00057,0.00206,0.00107,-47.44396,-347.00000
0.37076,0.36747,0.36615,0.36615,0.36582,0.30826,0.30925,0.31418,0.31188,0.31057,0.00272,0.00239,-0.00156,-0.00123,-0.00518,-47.44396,-346.00000
0.37240,0.36385,0.36286,0.36615,0.36286,0.31320,0.31155,0.31155,0.31024,0.31451,-0.00222,0.00239,-0.00123,0.00008,-0.00090,-48.13647,-345.00000
0.36089,0.37437,0.36780,0.36352,0.36812,0.31090,0.31287,0.31024,0.30958,0.31188,0.00107,-0.00189,-0.00090,0.00074,-0.00321,-48.13647,-344.00000
0.36648,0.36122,0.37668,0.36155,0.36714,0.30761,0.30991,0.31320,0.31550,0.31221,0.00107,0.00008,-0.00057,0.00074,0.00041,-48.37353,-343.00000
0.36516,0.36944,0.36286,0.36714,0.36451,0.31024,0.31221,0.31353,0.31155,0.31550,-0.00156,-0.00156,0.00041,0.00173,-0.00090,-48.37353,-342.00000
0.36418,0.35859,0.36319,0.36516,0.36549,0.31418,0.30991,0.31122,0.31418,0.31550,-0.00321,-0.00057,0.00173,-0.00321,-0.00090,-48.86360,-341.00000
0.36714,0.36484,0.36911,0.36484,0.36747,0.30826,0.31057,0.30958,0.31616,0.30991,-0.00090,0.00140,0.00008,-0.00321,0.00206,-48.86360,-340.00000
0.37273,0.36089,0.36944,0.36451,0.36977,0.31188,0.30958,0.31057,0.30958,0.30892,-0.00090,0.00074,-0.00123,0.00140,-0.00123,-49.45562,-339.00000
0.36911,0.36812,0.36747,0.36352,0.36418,0.31024,0.30958,0.30826,0.31057,0.30761,-0.00189,-0.00123,0.00107,-0.00189,-0.00123,-49.45562,-338.00000
0.36188,0.36220,0.36385,0.36714,0.36352,0.31090,0.30958,0.30892,0.31287,0.31024,-0.00419,-0.00025,0.00008,-0.00255,0.00008,-49.43200,-337.00000
0.36418,0.37010,0.36911,0.36286,0.36615,0.31221,0.31155,0.30761,0.31353,0.31254,0.00304,-0.00288,-0.00123,0.00041,-0.00057,-49.43200,-336.00000
0.36878,0.36122,0.36286,0.36253,0.36747,0.31353,0.31418,0.31024,0.30958,0.31254,-0.00123,-0.00288,0.00173,-0.00419,0.00206,-48.91007,-335.00000
0.35990,0.35892,0.36385,0.35957,0.36155,0.31122,0.31353,0.31451,0.30859,0.30629,-0.00090,-0.00156,-0.00189,-0.00123,0.00370,-48.91007,-334.00000
0.36418,0.35924,0.36220,0.36286,0.36615,0.30761,0.30925,0.30794,0.30794,0.30728,-0.00057,0.00008,-0.00288,-0.00156,0.00272,-48.36843,-333.00000
0.36352,0.36582,0.36878,0.35957,0.36089,0.31188,0.31221,0.31451,0.31090,0.30892,-0.00321,0.00041,0.00008,0.00239,0.00074,-48.36843,-332.00000
0.36681,0.36286,0.36056,0.35793,0.36780,0.31188,0.31090,0.30695,0.30958,0.31715,-0.00123,0.00074,-0.00156,-0.00156,-0.00025,-47.91457,-331.00000
0.35661,0.36418,0.36089,0.36220,0.36516,0.30794,0.30695,0.30892,0.30728,0.31320,0.00206,0.00008,0.00107,-0.00090,-0.00090,-47.91457,-330.00000
0.36220,0.36286,0.36681,0.36549,0.35957,0.30728,0.31057,0.31024,0.30991,0.30958,0.00041,0.00337,0.00173,-0.00025,-0.00057,-48.17189,-329.00000
0.36220,0.35332,0.36319,0.36220,0.36122,0.30958,0.31353,0.30991,0.31550,0.31715,0.00041,-0.00123,0.00074,0.00403,-0.00584,-48.17189,-328.00000
0.36451,0.36615,0.36944,0.35596,0.36418,0.30892,0.31122,0.31583,0.31122,0.31517,0.00173,0.00140,-0.00025,-0.00353,-0.00025,-47.74610,-327.00000
0.36089,0.36188,0.35596,0.36648,0.35892,0.30695,0.30596,0.30892,0.31583,0.30925,0.00239,0.00239,-0.00025,0.00074,-0.00518,-47.74610,-326.00000
0.35431,0.37273,0.36451,0.36155,0.36056,0.31386,0.30958,0.31550,0.30991,0.31221,0.00304,-0.00189,-0.00057,0.00206,-0.00025,-47.18230,-325.00000
0.36352,0.36188,0.35398,0.36155,0.35628,0.30991,0.31287,0.31188,0.30563,0.31155,-0.00222,-0.00090,-0.00025,-0.00222,-0.00353,-47.18230,-324.00000
0.36648,0.36089,0.36220,0.36319,0.35990,0.31024,0.31024,0.30695,0.30826,0.31024,0.00272,0.00041,0.00140,0.00206,0.00173,-47.34354,-323.00000
0.35464,0.35859,0.35727,0.35892,0.35990,0.31188,0.30925,0.31090,0.31090,0.31155,-0.00255,-0.00123,0.00008,0.00074,-0.00123,-47.34354,-322.00000
0.36188,0.36155,0.35793,0.36418,0.35760,0.31122,0.30925,0.30991,0.31024,0.31090,0.00008,0.00469,-0.00452,0.00041,0.00304,-47.54543,-321.00000
0.36253,0.36220,0.35563,0.36188,0.36089,0.30859,0.31418,0.30958,0.30925,0.30925,-0.00222,0.00633,0.00074,-0.00255,-0.00123,-47.54543,-320.00000
0.35957,0.36319,0.35596,0.35957,0.35826,0.31024,0.31353,0.31155,0.31287,0.31090,0.00107,-0.00386,0.00239,0.00008,-0.00189,-47.76954,-319.00000
0.35628,0.35924,0.36155,0.36155,0.36089,0.31517,0.31287,0.30859,0.31122,0.30958,0.00074,-0.00321,-0.00025,-0.00189,0.00074,-47.76954,-318.00000
0.35957,0.35990,0.36286,0.36352,0.36056,0.30728,0.31090,0.31287,0.30958,0.30662,-0.00321,-0.00189,-0.00321,-0.00025,-0.00255,-48.38770,-317.00000
0.36648,0.36220,0.35859,0.36385,0.35859,0.31287,0.30925,0.31155,0.30794,0.31221,0.00041,0.00008,0.00239,0.00074,-0.00090,-48.38770,-316.00000
0.35924,0.35826,0.35727,0.36023,0.35596,0.30826,0.31353,0.30859,0.31221,0.31122,0.00140,0.00173,0.00074,0.00140,-0.00189,-48.83399,-315.00000
0.36056,0.36023,0.35793,0.35563,0.36089,0.30794,0.31320,0.30761,0.30892,0.30826,-0.00386,0.00272,0.00107,0.00074,-0.00288,-48.83399,-314.00000
0.36056,0.35694,0.35892,0.36089,0.35957,0.30794,0.30695,0.30794,0.31090,0.30662,-0.00386,-0.00222,-0.00189,-0.00386,0.00272,-48.80925,-313.00000
0.35793,0.35628,0.35793,0.35793,0.35563,0.31024,0.31155,0.30991,0.31550,0.30629,-0.00386,-0.00090,-0.00222,0.00041,-0.00025,-48.80925,-312.00000
0.35924,0.35924,0.36549,0.35793,0.35332,0.31188,0.31057,0.30958,0.30892,0.31155,-0.00189,-0.00189,-0.00321,0.00008,0.00041,-48.76671,-311.00000
0.35990,0.35859,0.35365,0.35661,0.35628,0.30761,0.31254,0.30629,0.31057,0.30695,-0.00057,0.00239,-0.00156,-0.00156,-0.00025,-48.76671,-310.00000
0.35497,0.36122,0.35628,0.35694,0.35826,0.30925,0.30826,0.31090,0.30892,0.30399,-0.00025,-0.00386,-0.00419,-0.00255,0.00173,-48.94832,-309.00000
0.35201,0.36385,0.35464,0.36122,0.36122,0.30892,0.30892,0.30530,0.31057,0.30728,0.00008,0.00140,-0.00288,0.00239,0.00107,-48.94832,-308.00000
0.35694,0.36253,0.35365,0.35563,0.35859,0.31221,0.31090,0.30826,0.31024,0.31057,-0.00222,-0.00090,-0.00057,-0.00222,0.00041,-49.10194,-307.00000
0.35135,0.35826,0.35267,0.35859,0.35530,0.30958,0.31155,0.31221,0.30695,0.31155,-0.00156,-0.00288,-0.00057,-0.00057,-0.00025,-49.10194,-306.00000
0.36056,0.35464,0.35661,0.35990,0.35563,0.30563,0.31122,0.30859,0.31155,0.31221,-0.00321,0.00304,0.00206,-0.00057,0.00436,-48.49472,-305.00000
0.35267,0.35102,0.35596,0.35924,0.35859,0.31057,0.31221,0.31155,0.31090,0.31353,0.00173,0.00107,-0.00222,0.00008,0.00206,-48.49472,-304.00000
0.35234,0.35563,0.35365,0.36418,0.35201,0.31057,0.30859,0.31024,0.31221,0.30728,0.00041,-0.00090,0.00337,-0.00321,0.00206,-48.11269,-303.00000
0.35826,0.35892,0.35990,0.36352,0.34905,0.30530,0.31057,0.31057,0.31287,0.31155,-0.00156,0.00008,-0.00156,-0.00156,-0.00156,-48.11269,-302.00000
0.35004,0.35661,0.35924,0.36319,0.35497,0.30958,0.30728,0.30728,0.30761,0.30958,0.00206,0.00337,-0.00222,0.00107,-0.00123,-47.81731,-301.00000
0.35365,0.35596,0.35497,0.35760,0.35431,0.30892,0.30925,0.31287,0.30859,0.31418,-0.00025,0.00140,0.00502,-0.00288,-0.00057,-47.81731,-300.00000
0.35267,0.35957,0.34938,0.35793,0.35135,0.31550,0.30826,0.30958,0.30925,0.31550,0.00074,-0.00090,0.00041,-0.00090,-0.00090,-47.51623,-299.00000
0.35398,0.35300,0.35957,0.35661,0.35990,0.30991,0.31320,0.30925,0.31254,0.31024,0.00239,-0.00452,0.00206,0.00272,0.00074,-47.51623,-298.00000
0.35431,0.35069,0.35497,0.35760,0.35596,0.31550,0.31122,0.30958,0.31155,0.30794,-0.00090,-0.00419,-0.00288,0.00239,-0.00156,-47.73543,-297.00000
0.35464,0.35859,0.34938,0.35924,0.35135,0.31188,0.31057,0.31517,0.31090,0.30563,0.00140,0.00074,0.00008,-0.00090,-0.00386,-47.73543,-296.00000
0.35628,0.35102,0.35464,0.35628,0.35398,0.31254,0.31221,0.30892,0.31057,0.30826,-0.00090,-0.00156,-0.00123,0.00074,-0.00156,-48.72141,-295.00000
0.34740,0.35332,0.35234,0.35332,0.34839,0.31024,0.31090,0.31122,0.31254,0.31122,-0.00090,0.00008,0.00041,-0.00057,0.00173,-48.72141,-294.00000
0.35760,0.35069,0.35990,0.35957,0.35036,0.30859,0.31517,0.31517,0.31418,0.31616,-0.00025,0.00173,-0.00222,-0.00057,-0.00123,-48.36310,-293.00000
0.35530,0.35004,0.35596,0.35431,0.35135,0.31846,0.31188,0.30596,0.31188,0.31221,-0.00057,-0.00321,-0.00189,0.00041,0.00041,-48.36310,-292.00000
0.34971,0.35398,0.35069,0.35596,0.36023,0.31221,0.31320,0.31057,0.30925,0.30991,0.00140,-0.00452,-0.00090,-0.00025,0.00206,-48.26908,-291.00000
0.35464,0.34806,0.35596,0.35300,0.34675,0.31221,0.31353,0.30761,0.30892,0.30958,0.00041,-0.00123,0.00041,-0.00189,0.00173,-48.26908,-290.00000
0.35464,0.35365,0.34905,0.35398,0.34576,0.30761,0.31418,0.31254,0.31090,0.31386,0.00074,-0.00025,0.00206,0.00239,0.00041,-48.73375,-289.00000
0.34938,0.35234,0.35628,0.35332,0.35497,0.30892,0.30925,0.31155,0.31386,0.30794,0.00337,-0.00156,0.00304,-0.00189,-0.00288,-48.73375,-288.00000
0.34609,0.35201,0.35168,0.35135,0.35036,0.30794,0.30958,0.31517,0.31057,0.30892,0.00304,0.00239,0.00304,-0.00255,-0.00255,-48.99307,-287.00000
0.34510,0.35135,0.34675,0.35431,0.35135,0.30794,0.31188,0.30596,0.30399,0.30892,0.00140,-0.00255,-0.00156,0.00041,0.00140,-48.99307,-286.00000
0.35069,0.35563,0.35267,0.34346,0.35267,0.31221,0.30859,0.31090,0.30629,0.31024,0.00041,-0.00321,-0.00123,-0.00682,-0.00255,-48.86485,-285.00000
0.34872,0.35201,0.35497,0.34839,0.34971,0.31155,0.30826,0.30662,0.31320,0.30991,-0.00123,-0.00288,0.00041,0.00008,-0.00353,-48.86485,-284.00000
0.34708,0.35332,0.35036,0.35168,0.35332,0.31287,0.31024,0.31287,0.31484,0.31090,-0.00189,0.00107,0.00173,0.00140,0.00304,-49.06582,-283.00000
0.35168,0.34905,0.35300,0.34609,0.34839,0.31221,0.31353,0.30695,0.31024,0.30925,-0.00123,0.00173,0.00436,-0.00386,-0.00057,-49.06582,-282.00000
0.35069,0.35497,0.35102,0.34609,0.34872,0.31090,0.30695,0.30432,0.31221,0.30794,-0.00090,-0.00025,0.00041,0.00502,-0.00189,-49.13145,-281.00000
0.35004,0.35332,0.34839,0.34938,0.34477,0.31122,0.30794,0.31024,0.31155,0.30662,-0.00419,-0.00057,0.00041,0.00008,-0.00321,-49.13145,-280.00000
0.34905,0.34708,0.34938,0.34773,0.34477,0.31155,0.31155,0.30892,0.30958,0.30761,0.00041,0.00370,0.00140,0.00008,-0.00452,-48.97175,-279.00000
0.34971,0.35300,0.34839,0.34412,0.35300,0.31353,0.31155,0.31715,0.31155,0.30761,-0.00090,0.00008,-0.00057,-0.00156,-0.00518,-48.97175,-278.00000
0.34576,0.34806,0.34806,0.34708,0.34444,0.30761,0.31353,0.31682,0.31188,0.30991,0.00140,0.00107,-0.00123,-0.00090,0.00173,-48.99223,-277.00000
0.34543,0.34576,0.35300,0.34839,0.34510,0.31320,0.31682,0.30761,0.31155,0.31649,-0.00156,0.00304,-0.00057,-0.00090,0.00140,-48.99223,-276.00000
0.34872,0.34872,0.34872,0.34642,0.34708,0.31155,0.30925,0.31254,0.30958,0.31122,-0.00090,-0.00189,-0.00025,-0.00353,0.00074,-49.10680,-275.00000
0.34675,0.34510,0.35332,0.34740,0.34675,0.31583,0.30892,0.31320,0.31122,0.31649,-0.00321,0.00107,0.00206,-0.00386,-0.00715,-49.10680,-274.00000
0.34543,0.34412,0.34806,0.34412,0.34905,0.30629,0.31090,0.31616,0.31155,0.31583,0.00074,-0.00156,0.00272,0.00008,0.00041,-48.00479,-273.00000
0.34609,0.34576,0.35727,0.33885,0.34609,0.31122,0.31057,0.31122,0.31155,0.31057,0.00370,0.00074,-0.00189,0.00140,0.00206,-48.00479,-272.00000
0.34576,0.34872,0.34346,0.34477,0.34905,0.31386,0.30991,0.31353,0.30826,0.30530,-0.00123,-0.00353,0.00008,0.00107,0.00436,-47.66238,-271.00000
0.34280,0.34905,0.34642,0.34017,0.34510,0.31221,0.31024,0.30826,0.31386,0.31254,-0.00386,-0.00386,0.00107,-0.00090,-0.00255,-47.66238,-270.00000
0.34510,0.33852,0.34017,0.34510,0.34444,0.31221,0.31122,0.30794,0.30563,0.31287,-0.00090,-0.00485,-0.00386,0.00041,0.00173,-47.48292,-269.00000
0.34444,0.34379,0.34050,0.34576,0.34708,0.31386,0.31221,0.30728,0.30662,0.31221,-0.00222,0.00206,0.00337,-0.00025,0.00041,-47.48292,-268.00000
0.34675,0.34115,0.33984,0.34576,0.33819,0.31221,0.30958,0.30859,0.30465,0.30563,-0.00255,0.00041,-0.00156,0.00074,0.00140,-48.11362,-267.00000
0.34444,0.33984,0.34083,0.34806,0.34444,0.31122,0.31287,0.31155,0.31320,0.31353,-0.00353,-0.00288,-0.00123,-0.00156,0.00041,-48.11362,-266.00000
0.34017,0.34576,0.34444,0.34346,0.33819,0.31221,0.31287,0.31386,0.30728,0.31353,-0.00321,-0.00189,-0.00485,-0.00353,-0.00090,-48.31761,-265.00000
0.33951,0.34708,0.34050,0.34181,0.34609,0.30596,0.30958,0.30892,0.30925,0.31155,0.00074,0.00140,-0.00321,-0.00189,0.00173,-48.31761,-264.00000
0.34379,0.34379,0.33754,0.34477,0.33754,0.30991,0.31583,0.31353,0.31353,0.30728,-0.00090,0.00140,0.00107,0.00272,-0.00090,-48.17365,-263.00000
0.34412,0.34017,0.34050,0.34148,0.33721,0.31221,0.31090,0.30925,0.30794,0.31155,0.00107,0.00173,-0.00025,-0.00321,-0.00189,-48.17365,-262.00000
0.34280,0.34708,0.33951,0.34313,0.33951,0.30991,0.30629,0.30399,0.31188,0.30958,-0.00090,-0.00123,-0.00189,-0.00123,-0.00123,-48.03536,-261.00000
0.34083,0.34313,0.34280,0.34477,0.33688,0.30892,0.31122,0.30859,0.31090,0.31221,-0.00090,0.00107,-0.00255,0.00107,-0.00255,-48.03536,-260.00000
0.34280,0.33392,0.34412,0.34083,0.34313,0.31221,0.31353,0.31024,0.31616,0.31287,-0.00386,-0.00353,0.00173,0.00370,-0.00386,-47.64695,-259.00000
0.34280,0.33852,0.34214,0.34379,0.34412,0.31188,0.30958,0.30958,0.30761,0.30958,0.00107,0.00008,-0.00025,0.00239,-0.00090,-47.64695,-258.00000
0.33852,0.34214,0.34346,0.34050,0.33589,0.31188,0.30596,0.31221,0.31517,0.31155,-0.00255,0.00074,-0.00353,-0.00189,-0.00156,-47.77375,-257.00000
0.33655,0.33688,0.34412,0.33721,0.34148,0.31386,0.30892,0.30958,0.30991,0.30662,-0.00321,-0.00222,-0.00123,-0.00156,0.00173,-47.77375,-256.00000
0.33918,0.34050,0.33787,0.33326,0.34148,0.31188,0.31188,0.31155,0.30925,0.31188,-0.00156,-0.00156,-0.00090,0.00173,-0.00025,-47.78015,-255.00000
0.33754,0.34214,0.34379,0.33491,0.34247,0.31550,0.30695,0.31287,0.30925,0.31682,-0.00090,0.00173,-0.00123,-0.00255,-0.00222,-47.78015,-254.00000
0.33293,0.34214,0.33754,0.33951,0.34115,0.31090,0.31221,0.30761,0.30761,0.31122,0.00337,-0.00222,0.00107,0.00206,-0.00156,-47.88208,-253.00000
0.33984,0.33787,0.33655,0.33523,0.34543,0.31057,0.30991,0.31057,0.31155,0.30859,-0.00288,-0.00222,-0.00288,-0.00025,-0.00090,-47.88208,-252.00000
0.33162,0.33852,0.33425,0.33819,0.33688,0.31024,0.31122,0.30925,0.31418,0.30925,-0.00057,0.00206,0.00239,-0.00025,-0.00090,-48.30160,-251.00000
0.33458,0.33787,0.33951,0.33787,0.33787,0.31122,0.30859,0.30662,0.31188,0.31287,0.00041,-0.00025,-0.00288,-0.00123,-0.00452,-48.30160,-250.00000
0.33589,0.33622,0.33030,0.33556,0.33984,0.30892,0.31320,0.31418,0.30399,0.31287,-0.00255,0.00239,0.00173,-0.00452,-0.00485,-48.60243,-249.00000
0.33293,0.33260,0.33721,0.33754,0.33227,0.31287,0.31550,0.31320,0.31024,0.31122,0.00206,-0.00090,-0.00288,-0.00090,-0.00057,-48.60243,-248.00000
0.33392,0.33951,0.33787,0.33523,0.33326,0.31320,0.30596,0.31418,0.30728,0.30958,0.00107,-0.00025,-0.00025,-0.00255,0.00041,-49.31406,-247.00000
0.33754,0.33754,0.33425,0.33655,0.33523,0.30991,0.31057,0.31122,0.30991,0.31386,-0.00123,0.00074,-0.00353,-0.00057,-0.00386,-49.31406,-246.00000
0.33359,0.34050,0.33227,0.33951,0.34083,0.30695,0.31287,0.30728,0.31616,0.30892,0.00140,0.00074,0.00041,-0.00156,-0.00090,-49.34251,-245.00000
0.33293,0.33129,0.33523,0.32931,0.33622,0.31155,0.31090,0.31353,0.30859,0.31254,0.00206,0.00041,0.00107,-0.00255,-0.00189,-49.34251,-244.00000
0.33162,0.33162,0.34017,0.33030,0.33688,0.31386,0.30826,0.31254,0.31090,0.31090,-0.00189,-0.00057,0.00074,-0.00156,0.00140,-49.29475,-243.00000
0.33392,0.33491,0.33227,0.33491,0.33162,0.30958,0.30859,0.31188,0.30761,0.30826,-0.00057,-0.00025,0.00041,-0.00222,-0.00189,-49.29475,-242.00000
0.33655,0.33425,0.32997,0.33326,0.32997,0.31254,0.30892,0.30728,0.30991,0.30432,0.00337,0.00041,0.00041,-0.00386,-0.00090,-48.96993,-241.00000
0.33787,0.32570,0.33293,0.33688,0.33063,0.31090,0.30859,0.31122,0.31090,0.31122,0.00140,0.00041,0.00140,-0.00090,0.00140,-48.96993,-240.00000
0.33523,0.32899,0.33162,0.32997,0.32800,0.30826,0.31386,0.31155,0.31287,0.31287,-0.00057,-0.00518,-0.00123,-0.00419,0.00206,-49.10658,-239.00000
0.33227,0.33458,0.33523,0.32668,0.33129,0.31254,0.31418,0.31484,0.31287,0.31090,-0.00123,0.00173,-0.00321,-0.00321,0.00008,-49.10658,-238.00000
0.33227,0.32964,0.32964,0.33030,0.32866,0.31057,0.31057,0.30991,0.31451,0.30925,0.00041,-0.00419,-0.00222,0.00074,-0.00353,-48.50432,-237.00000
0.33787,0.32372,0.33096,0.33425,0.32504,0.31090,0.31715,0.31024,0.31057,0.31353,-0.00025,-0.00123,-0.00222,-0.00222,0.00008,-48.50432,-236.00000
0.32635,0.32471,0.33063,0.32570,0.33293,0.31517,0.31287,0.31155,0.31846,0.31221,-0.00123,-0.00025,-0.00123,-0.00255,-0.00156,-48.45601,-235.00000
0.32997,0.32405,0.32899,0.33359,0.33063,0.30958,0.31517,0.30892,0.31155,0.31583,-0.00222,0.00206,0.00206,-0.00189,0.00173,-48.45601,-234.00000
0.32800,0.32668,0.32372,0.33129,0.32833,0.31090,0.31320,0.31122,0.31221,0.31122,-0.00321,0.00107,-0.00222,0.00239,-0.00222,-48.09014,-233.00000
0.32603,0.32866,0.33096,0.32372,0.33260,0.30859,0.31221,0.31386,0.31221,0.30761,0.00304,0.00107,-0.00025,-0.00255,-0.00123,-48.09014,-232.00000
0.32504,0.32635,0.32142,0.33063,0.32668,0.30892,0.31024,0.30925,0.31386,0.31122,-0.00057,-0.00057,0.00074,0.00041,-0.00123,-47.63464,-231.00000
0.32603,0.32471,0.33425,0.32241,0.32471,0.31221,0.31583,0.31057,0.30892,0.30958,-0.00090,-0.00156,-0.00288,0.00272,-0.00814,-47.63464,-230.00000
0.32339,0.32438,0.32537,0.32537,0.32372,0.31024,0.31386,0.31122,0.31122,0.31517,0.00173,-0.00189,-0.00386,-0.00123,0.00304,-47.77856,-229.00000
0.32307,0.32570,0.32274,0.32668,0.31682,0.31287,0.31517,0.31484,0.31188,0.31254,0.00206,0.00008,-0.00189,-0.00222,0.00304,-47.77856,-228.00000
0.32537,0.32011,0.32438,0.32701,0.32208,0.31155,0.30826,0.31386,0.30991,0.31057,0.00370,-0.00090,-0.00189,0.00074,-0.00222,-47.64827,-227.00000
0.32570,0.32701,0.32307,0.32866,0.32668,0.31090,0.30892,0.31386,0.30498,0.30991,-0.00025,-0.00156,-0.00090,-0.00123,0.00107,-47.64827,-226.00000
0.32142,0.32142,0.32274,0.32339,0.32635,0.31353,0.30826,0.30958,0.30925,0.31155,-0.00090,0.00206,-0.00090,0.00074,0.00008,-47.85113,-225.00000
0.32734,0.32076,0.32142,0.31879,0.32767,0.31155,0.30925,0.31155,0.31517,0.31188,-0.00255,-0.00222,0.00337,-0.00057,0.00074,-47.85113,-224.00000
0.32635,0.32274,0.32504,0.32471,0.32603,0.30662,0.31122,0.30892,0.31090,0.31287,-0.00057,-0.00386,-0.00025,0.00107,-0.00189,-48.19470,-223.00000
0.31978,0.32175,0.32208,0.32142,0.32701,0.30826,0.30991,0.30695,0.30859,0.31221,0.00206,0.00173,0.00008,-0.00156,-0.00288,-48.19470,-222.00000
0.31747,0.31747,0.32701,0.31484,0.32142,0.30826,0.30761,0.31254,0.31418,0.31287,0.00239,-0.00189,-0.00222,-0.00288,-0.00156,-48.48559,-221.00000
0.31747,0.31879,0.32372,0.32175,0.31715,0.30794,0.30892,0.31353,0.31353,0.30892,-0.00353,0.00107,-0.00090,-0.00353,-0.00288,-48.48559,-220.00000
0.32208,0.32175,0.31879,0.31484,0.32208,0.30958,0.31155,0.31155,0.31221,0.31386,-0.00057,-0.00452,0.00239,-0.00288,-0.00090,-48.81950,-219.00000
0.31813,0.31978,0.31747,0.32372,0.31945,0.30399,0.31122,0.31122,0.31484,0.30432,0.00304,-0.00288,0.00107,-0.00255,-0.00025,-48.81950,-218.00000
0.32175,0.32471,0.31747,0.31780,0.31418,0.31484,0.31254,0.30859,0.30761,0.31188,-0.00057,-0.00057,-0.00189,0.00074,0.00272,-49.18533,-217.00000
0.31846,0.32175,0.31583,0.31682,0.32109,0.30925,0.31254,0.30925,0.31353,0.30629,-0.00090,-0.00090,-0.00025,-0.00123,-0.00222,-49.18533,-216.00000
0.31846,0.31517,0.31484,0.31418,0.32175,0.30826,0.30958,0.30629,0.30794,0.30859,0.00107,-0.00288,0.00239,-0.00090,0.00041,-48.72284,-215.00000
0.31945,0.31813,0.32438,0.31583,0.31912,0.30826,0.31155,0.30826,0.31484,0.30826,-0.00123,-0.00255,0.00337,0.00074,-0.00025,-48.72284,-214.00000
0.32011,0.31682,0.31682,0.31254,0.31386,0.31122,0.31122,0.31484,0.31221,0.31616,0.00074,0.00041,-0.00288,0.00140,-0.00452,-48.94511,-213.00000
0.31682,0.31090,0.31484,0.32339,0.31386,0.31254,0.31353,0.31024,0.31221,0.31024,0.00074,0.00008,0.00239,0.00008,-0.00189,-48.94511,-212.00000
0.31517,0.31484,0.31846,0.31813,0.31747,0.31616,0.30892,0.31484,0.31024,0.30794,0.00008,-0.00189,-0.00321,-0.00123,-0.00090,-49.25279,-211.00000
0.31418,0.31649,0.30892,0.31813,0.31221,0.31550,0.30991,0.31090,0.31057,0.31188,-0.00353,-0.00288,0.00304,0.00107,-0.00189,-49.25279,-210.00000
0.31057,0.31188,0.30958,0.31912,0.30892,0.31057,0.30728,0.31024,0.31122,0.30991,-0.00353,-0.00452,0.00173,-0.00123,-0.00189,-49.23005,-209.00000
0.31254,0.30958,0.31649,0.30826,0.31484,0.30826,0.31649,0.30662,0.31057,0.30761,-0.00222,0.00206,-0.00025,0.00107,0.00074,-49.23005,-208.00000
0.30728,0.31057,0.31879,0.31418,0.31418,0.30794,0.31451,0.30629,0.30859,0.30991,-0.00189,-0.00090,0.00008,0.00436,-0.00485,-49.23117,-207.00000
0.31188,0.31024,0.30958,0.31550,0.31550,0.31254,0.31155,0.30991,0.30958,0.31320,-0.00057,-0.00025,0.00140,0.00206,0.00041,-49.23117,-206.00000
0.31155,0.31254,0.31057,0.31386,0.31550,0.31057,0.31024,0.31221,0.31024,0.31057,-0.00123,0.00140,0.00074,-0.00386,-0.00156,-48.95522,-205.00000
0.31484,0.30794,0.31221,0.31418,0.31057,0.31418,0.31188,0.30761,0.31353,0.31024,-0.00057,-0.00288,0.00074,-0.00353,0.00140,-48.95522,-204.00000
0.31188,0.31418,0.30596,0.31287,0.31353,0.31090,0.30728,0.30991,0.31155,0.31122,-0.00057,0.00568,0.00008,-0.00057,0.00107,-48.61500,-203.00000
0.30465,0.31122,0.31254,0.30662,0.31418,0.31945,0.30761,0.31386,0.31090,0.30826,-0.00419,-0.00057,-0.00255,0.00272,-0.00123,-48.61500,-202.00000
0.31451,0.30530,0.31090,0.30530,0.30826,0.31287,0.31188,0.31221,0.31090,0.31287,0.00008,-0.00123,-0.00419,-0.00090,0.00008,-48.74626,-201.00000
0.30859,0.30498,0.30563,0.30563,0.31090,0.31155,0.31090,0.30892,0.31024,0.31287,0.00074,0.00140,-0.00090,0.00107,0.00206,-48.74626,-200.00000
0.30498,0.30563,0.30695,0.30958,0.31090,0.31715,0.30596,0.30761,0.31188,0.30761,-0.00057,-0.00288,0.00008,-0.00057,-0.00321,-48.90213,-199.00000
0.30629,0.31254,0.30958,0.30892,0.30169,0.30794,0.31221,0.31386,0.31550,0.31188,-0.00485,-0.00057,-0.00025,0.00008,-0.00025,-48.90213,-198.00000
0.30596,0.30498,0.31188,0.30629,0.30530,0.30925,0.31418,0.31155,0.31287,0.31090,-0.00025,0.00140,-0.00156,0.00403,-0.00156,-49.08254,-197.00000
0.30662,0.30563,0.31024,0.30136,0.30070,0.31057,0.30925,0.31353,0.31418,0.31287,-0.00025,-0.00255,-0.00090,0.00041,-0.00090,-49.08254,-196.00000
0.30498,0.30563,0.29577,0.30728,0.30596,0.31517,0.31682,0.30859,0.31682,0.30892,-0.00090,0.00173,-0.00288,0.00074,-0.00255,-48.72104,-195.00000
0.30695,0.30169,0.30333,0.30465,0.30826,0.31090,0.31155,0.30892,0.30925,0.31024,0.00469,0.00107,-0.00321,-0.00156,0.00173,-48.72104,-194.00000
0.29971,0.30662,0.29873,0.30826,0.30596,0.31649,0.31287,0.31221,0.31747,0.31418,0.00272,0.00173,0.00107,-0.00123,0.00008,-48.36286,-193.00000
0.29708,0.30794,0.30333,0.29873,0.30563,0.31353,0.31090,0.31057,0.31155,0.30892,-0.00452,0.00140,-0.00222,-0.00123,-0.00025,-48.36286,-192.00000
0.30563,0.29807,0.30037,0.30530,0.29873,0.31122,0.31122,0.31254,0.31254,0.31386,0.00008,-0.00090,-0.00156,-0.00419,-0.00353,-48.41866,-191.00000
0.29708,0.30629,0.30234,0.30037,0.30300,0.31550,0.30794,0.31188,0.31320,0.31386,0.00107,-0.00353,-0.00057,0.00107,-0.00090,-48.41866,-190.00000
0.29741,0.30037,0.30103,0.29938,0.30300,0.31550,0.31353,0.31320,0.31353,0.31484,0.00239,-0.00189,0.00041,0.00008,0.00008,-48.56166,-189.00000
0.30596,0.29577,0.30399,0.30004,0.30267,0.31320,0.31155,0.31386,0.30991,0.31155,-0.00025,-0.00057,0.00370,0.00074,0.00140,-48.56166,-188.00000
0.30432,0.29675,0.29873,0.29675,0.30432,0.30859,0.31418,0.31057,0.31418,0.31715,-0.00156,0.00206,0.00206,-0.00156,0.00008,-48.34124,-187.00000
0.29741,0.29840,0.30169,0.30267,0.29577,0.31616,0.30991,0.31550,0.31122,0.31024,0.00074,-0.00123,-0.00189,-0.00057,-0.00057,-48.34124,-186.00000
0.29511,0.29938,0.29642,0.30728,0.29774,0.31616,0.31155,0.31254,0.31418,0.30925,0.00074,-0.00156,-0.00321,-0.00057,-0.00222,-47.70438,-185.00000
0.29938,0.29906,0.29807,0.29807,0.29938,0.31155,0.31386,0.31418,0.31616,0.31386,0.00107,-0.00288,-0.00386,0.00272,0.00041,-47.70438,-184.00000
0.29544,0.29807,0.29873,0.30169,0.29675,0.31188,0.31320,0.31517,0.31583,0.31451,0.00107,-0.00025,-0.00156,0.00041,0.00074,-47.58254,-183.00000
0.29445,0.29511,0.29149,0.29610,0.29675,0.30958,0.30925,0.31353,0.31024,0.31616,-0.00353,0.00041,0.00041,-0.00090,0.00107,-47.58254,-182.00000
0.30037,0.29873,0.29774,0.30070,0.29610,0.31715,0.31221,0.30892,0.31122,0.31188,0.00239,-0.00386,-0.00025,0.00008,-0.00222,-47.50946,-181.00000
0.28754,0.29379,0.29511,0.29610,0.28985,0.31155,0.31353,0.31024,0.31090,0.31155,0.00008,0.00041,0.00173,-0.00485,-0.00189,-47.50946,-180.00000
0.29379,0.28787,0.29741,0.28524,0.29708,0.30498,0.31418,0.31057,0.30991,0.31090,-0.00288,-0.00057,-0.00057,0.00469,-0.00025,-47.84322,-179.00000
0.29445,0.29511,0.28656,0.29642,0.29412,0.31188,0.30826,0.31254,0.31484,0.31418,-0.00189,-0.00057,0.00041,0.00107,0.00107,-47.84322,-178.00000
0.29708,0.28656,0.29281,0.29774,0.29182,0.30695,0.31320,0.31287,0.31320,0.31155,0.00008,0.00337,0.00173,-0.00386,0.00173,-47.69951,-177.00000
0.28853,0.28524,0.28952,0.28656,0.29379,0.31320,0.31090,0.31583,0.31616,0.31090,-0.00288,-0.00090,-0.00321,-0.00057,-0.00584,-47.69951,-176.00000
0.29314,0.29215,0.28689,0.29215,0.29182,0.31221,0.31221,0.31024,0.31451,0.31024,0.00173,0.00041,-0.00057,-0.00419,0.00041,-48.07084,-175.00000
0.29050,0.28722,0.29050,0.28985,0.28557,0.31090,0.30892,0.30991,0.30794,0.30826,-0.00057,0.00107,-0.00123,0.00206,-0.00025,-48.07084,-174.00000
0.29018,0.28656,0.28261,0.28853,0.29149,0.30958,0.30958,0.30892,0.31188,0.31386,0.00074,-0.00025,0.00436,0.00107,0.00370,-48.24351,-173.00000
0.28787,0.28590,0.29083,0.28261,0.28919,0.31780,0.31254,0.31122,0.31155,0.31024,-0.00025,0.00041,0.00239,-0.00090,-0.00353,-48.24351,-172.00000
0.29018,0.28985,0.28623,0.28952,0.28722,0.30958,0.31122,0.31682,0.31418,0.30629,-0.00123,0.00008,0.00008,-0.00255,-0.00090,-48.89086,-171.00000
0.28853,0.28360,0.28656,0.29018,0.28853,0.31221,0.31418,0.30925,0.31254,0.31221,0.00008,-0.00090,0.00041,0.00008,-0.00123,-48.89086,-170.00000
0.28327,0.28195,0.28853,0.28623,0.28722,0.31057,0.30925,0.31122,0.31057,0.31649,-0.00255,0.00173,0.00107,0.00074,0.00107,-49.18082,-169.00000
0.28689,0.28360,0.28261,0.28656,0.27899,0.30958,0.31418,0.31813,0.31287,0.31320,-0.00156,-0.00222,-0.00189,-0.00584,0.00173,-49.18082,-168.00000
0.28919,0.28393,0.28360,0.28425,0.28722,0.30859,0.31057,0.30991,0.31451,0.31287,-0.00222,-0.00025,-0.00057,-0.00057,-0.00025,-49.09906,-167.00000
0.27669,0.28261,0.28064,0.28327,0.27932,0.31517,0.31155,0.31320,0.31353,0.31188,-0.00090,-0.00419,0.00370,0.00140,-0.00057,-49.09906,-166.00000
0.28064,0.28425,0.28228,0.28064,0.28524,0.31616,0.31287,0.31024,0.31517,0.31287,0.00140,0.00008,0.00008,-0.00156,0.00272,-49.40100,-165.00000
0.27932,0.28031,0.28129,0.28261,0.28261,0.30794,0.31188,0.31024,0.30728,0.30925,-0.00189,0.00206,-0.00090,-0.00353,0.00008,-49.40100,-164.00000
0.28162,0.28754,0.28294,0.28590,0.28327,0.30794,0.30629,0.31418,0.31057,0.31024,-0.00090,-0.00123,-0.00189,-0.00189,-0.00419,-49.68530,-163.00000
0.27801,0.27899,0.28064,0.28524,0.27866,0.31024,0.31484,0.31418,0.31090,0.30826,0.00140,-0.00057,-0.00090,-0.00288,0.00008,-49.68530,-162.00000
0.27735,0.28754,0.27899,0.27866,0.28261,0.31386,0.30991,0.31254,0.31386,0.31418,-0.00123,0.00074,-0.00090,0.00173,-0.00189,-49.68929,-161.00000
0.27833,0.26880,0.28393,0.28031,0.28294,0.31155,0.30925,0.31090,0.31386,0.31057,-0.00419,-0.00584,-0.00025,0.00107,0.00206,-49.68929,-160.00000
0.27439,0.28162,0.28294,0.27702,0.27636,0.31090,0.31254,0.31484,0.31451,0.30859,-0.00057,0.00403,0.00304,0.00041,-0.00353,-48.81304,-159.00000
0.27472,0.27965,0.26945,0.27472,0.27899,0.30991,0.31747,0.31287,0.31188,0.31451,0.00074,-0.00057,-0.00025,0.00173,-0.00090,-48.81304,-158.00000
0.27570,0.27636,0.27570,0.27636,0.27077,0.31024,0.31254,0.30695,0.31254,0.31155,0.00337,0.00337,-0.00057,-0.00715,-0.00123,-48.75297,-157.00000
0.26748,0.27537,0.27209,0.26814,0.27307,0.30958,0.31155,0.31090,0.31386,0.31287,-0.00288,-0.00090,0.00107,0.00008,0.00008,-48.75297,-156.00000
0.27636,0.27439,0.27143,0.27274,0.27340,0.31024,0.30629,0.31353,0.30859,0.30958,0.00107,0.00008,0.00074,-0.00156,-0.00090,-48.68199,-155.00000
0.27406,0.27274,0.27932,0.27472,0.26781,0.31122,0.31320,0.31353,0.31057,0.31287,-0.00123,0.00107,-0.00156,0.00206,0.00074,-48.68199,-154.00000
0.27669,0.27505,0.27768,0.26945,0.27307,0.31517,0.31155,0.31287,0.30925,0.31451,0.00206,-0.00156,0.00041,-0.00025,-0.00123,-48.20499,-153.00000
0.27176,0.26518,0.26978,0.27077,0.28162,0.31057,0.31287,0.31353,0.31353,0.31386,0.00041,0.00041,-0.00518,-0.00090,-0.00353,-48.20499,-152.00000
0.26715,0.27044,0.26781,0.27340,0.27110,0.31353,0.31254,0.31451,0.31024,0.31484,-0.00288,-0.00255,-0.00353,0.00239,0.00140,-47.61843,-151.00000
0.26880,0.26518,0.27077,0.26748,0.27340,0.30925,0.31221,0.31550,0.31155,0.31090,0.00074,0.00008,-0.00814,0.00107,0.00107,-47.61843,-150.00000
0.26978,0.26814,0.26353,0.26748,0.27143,0.31090,0.31057,0.30794,0.31155,0.31155,-0.00353,-0.00123,0.00008,-0.00255,-0.00222,-48.02817,-149.00000
0.26288,0.26748,0.26880,0.27044,0.26945,0.31024,0.31418,0.31682,0.31122,0.31024,0.00074,-0.00123,0.00272,-0.00123,-0.00057,-48.02817,-148.00000
0.26386,0.26617,0.26880,0.26617,0.26255,0.31090,0.31090,0.31155,0.31320,0.31024,0.00074,-0.00419,-0.00156,-0.00353,0.00173,-47.95628,-147.00000
0.26518,0.26649,0.26880,0.26649,0.27077,0.31320,0.31090,0.31287,0.30826,0.31188,0.00337,-0.00156,0.00173,0.00173,-0.00222,-47.95628,-146.00000
0.26156,0.26485,0.26649,0.27406,0.26090,0.31287,0.31484,0.31386,0.30695,0.30991,-0.00025,-0.00222,-0.00090,-0.00682,-0.00189,-47.75536,-145.00000
0.26386,0.26353,0.26978,0.26485,0.26353,0.31024,0.31188,0.31188,0.30991,0.30958,-0.00518,-0.00189,-0.00090,-0.00255,-0.00189,-47.75536,-144.00000
0.26584,0.26518,0.26353,0.26090,0.26090,0.31320,0.31484,0.31484,0.31155,0.30761,0.00074,-0.00123,0.00239,0.00107,0.00107,-47.51073,-143.00000
0.25992,0.25926,0.26156,0.26156,0.26288,0.30366,0.31090,0.31155,0.31353,0.31451,0.00041,0.00008,-0.00518,0.00272,-0.00123,-47.51073,-142.00000
0.25696,0.26353,0.26255,0.26321,0.25992,0.31221,0.31155,0.31386,0.31057,0.31386,0.00173,0.00107,0.00008,0.00173,-0.00025,-47.68619,-141.00000
0.26025,0.25564,0.26419,0.25893,0.26090,0.30826,0.30761,0.30794,0.31188,0.31254,0.00140,0.00173,0.00206,0.00041,-0.00123,-47.68619,-140.00000
0.25860,0.25992,0.26288,0.25992,0.25761,0.31221,0.30859,0.30892,0.31484,0.30761,-0.00189,-0.00419,-0.00123,-0.00123,0.00008,-47.70714,-139.00000
0.26288,0.25926,0.25564,0.26353,0.25498,0.31254,0.30859,0.31090,0.30892,0.31221,-0.00025,0.00008,-0.00255,0.00337,-0.00156,-47.70714,-138.00000
0.25268,0.25136,0.25860,0.25992,0.26025,0.31616,0.31024,0.31024,0.30728,0.31122,-0.00025,0.00008,0.00008,-0.00057,0.00272,-47.57461,-137.00000
0.25235,0.25400,0.26189,0.25564,0.26057,0.30925,0.31155,0.31122,0.31090,0.31320,0.00107,0.00041,0.00469,0.00008,-0.00090,-47.57461,-136.00000
0.25498,0.25992,0.25169,0.25597,0.25728,0.31353,0.31583,0.31254,0.31254,0.31155,-0.00090,-0.00156,-0.00123,-0.00090,-0.00255,-47.94037,-135.00000
0.25564,0.25432,0.25728,0.26025,0.25169,0.31418,0.31386,0.30958,0.30826,0.31122,-0.00090,-0.00123,-0.00222,0.00304,-0.00255,-47.94037,-134.00000
0.25728,0.25169,0.25893,0.25630,0.24446,0.31188,0.31057,0.30991,0.30761,0.30794,0.00074,-0.00025,-0.00057,-0.00288,0.00107,-48.36161,-133.00000
0.25531,0.25761,0.25071,0.25334,0.25367,0.31550,0.31221,0.30925,0.31188,0.31254,-0.00025,-0.00025,0.00008,-0.00353,0.00074,-48.36161,-132.00000
0.25104,0.25334,0.24709,0.25531,0.25235,0.30991,0.31320,0.31649,0.31057,0.31287,0.00074,-0.00222,-0.00255,-0.00123,0.00074,-48.74824,-131.00000
0.25071,0.25400,0.24446,0.25268,0.24544,0.31057,0.31747,0.31451,0.30794,0.31188,-0.00518,-0.00288,0.00206,-0.00255,-0.00090,-48.74824,-130.00000
0.25005,0.25498,0.25992,0.24840,0.25432,0.31484,0.31287,0.31090,0.31320,0.31155,-0.00485,0.00008,-0.00288,0.00008,-0.00090,-49.30384,-129.00000
0.25005,0.24643,0.24610,0.24972,0.25136,0.31057,0.31155,0.31254,0.31188,0.31747,-0.00386,-0.00057,-0.00025,-0.00255,0.00041,-49.30384,-128.00000
0.25071,0.24775,0.24413,0.24347,0.25432,0.31024,0.31813,0.31057,0.30892,0.31353,0.00008,-0.00288,0.00041,0.00008,-0.00057,-49.04924,-127.00000
0.24676,0.25465,0.24775,0.25531,0.24610,0.31090,0.30958,0.31254,0.31057,0.31517,0.00041,-0.00353,-0.00485,0.00173,-0.00189,-49.04924,-126.00000
0.24840,0.24512,0.24873,0.24512,0.24150,0.30826,0.30794,0.30925,0.31287,0.31616,-0.00321,0.00074,-0.00025,-0.00419,-0.00386,-49.44103,-125.00000
0.24643,0.24939,0.24939,0.24479,0.24808,0.31616,0.31484,0.31090,0.31386,0.31418,0.00239,0.00041,-0.00123,-0.00057,-0.00189,-49.44103,-124.00000
0.24314,0.24281,0.25071,0.24479,0.24775,0.31550,0.31155,0.30892,0.30925,0.31188,-0.00123,-0.00353,-0.00090,-0.00222,-0.00025,-49.84871,-123.00000
0.23952,0.24906,0.24051,0.24380,0.24347,0.31320,0.31320,0.31418,0.31353,0.31715,-0.00123,0.00008,0.00173,0.00008,0.00041,-49.84871,-122.00000
0.24544,0.24512,0.24676,0.24413,0.23985,0.31517,0.31353,0.31221,0.31747,0.31254,-0.00025,-0.00189,0.00074,-0.00386,0.00140,-49.63547,-121.00000
0.23887,0.24380,0.23821,0.24084,0.24084,0.31320,0.31353,0.31155,0.31287,0.31583,-0.00189,-0.00123,0.00206,0.00041,-0.00090,-49.63547,-120.00000
0.23788,0.23985,0.24544,0.24018,0.23920,0.30826,0.31254,0.31287,0.31254,0.31254,0.00304,0.00173,0.00074,-0.00025,0.00206,-49.68862,-119.00000
0.23788,0.23426,0.23985,0.24051,0.23821,0.31155,0.31122,0.31583,0.31254,0.31418,-0.00123,-0.00156,0.00107,0.00239,-0.00090,-49.68862,-118.00000
0.24347,0.23591,0.23985,0.23558,0.24018,0.31386,0.31484,0.31550,0.31155,0.31188,-0.00123,-0.00353,0.00041,0.00370,-0.00353,-49.05673,-117.00000
0.23426,0.23328,0.23788,0.23920,0.23821,0.31024,0.30892,0.31090,0.31583,0.30958,-0.00222,0.00041,-0.00123,-0.00189,-0.00189,-49.05673,-116.00000
0.23229,0.23985,0.23952,0.23360,0.24413,0.31155,0.31484,0.31024,0.31780,0.31254,0.00041,-0.00485,-0.00288,0.00239,0.00008,-48.60781,-115.00000
0.23459,0.23722,0.23262,0.23393,0.22867,0.31353,0.30892,0.30826,0.31386,0.31254,-0.00090,-0.00156,0.00239,0.00041,0.00239,-48.60781,-114.00000
0.23920,0.23097,0.23920,0.24150,0.23196,0.31320,0.31320,0.30892,0.30958,0.31451,-0.00189,-0.00222,0.00304,0.00173,-0.00025,-48.76426,-113.00000
0.22933,0.23854,0.23229,0.23064,0.23262,0.31287,0.31320,0.31254,0.30859,0.31188,-0.00025,-0.00156,0.00074,-0.00321,0.00008,-48.76426,-112.00000
0.23426,0.23426,0.22571,0.24018,0.22900,0.31386,0.31024,0.31550,0.31122,0.31287,-0.00419,-0.00057,-0.00057,-0.00057,-0.00025,-48.67650,-111.00000
0.22999,0.22933,0.23328,0.23328,0.23163,0.30991,0.31090,0.30826,0.31122,0.31386,-0.00419,0.00304,-0.00222,-0.00255,0.00140,-48.67650,-110.00000
0.22933,0.23130,0.23328,0.23788,0.22966,0.31155,0.31090,0.31682,0.31254,0.31484,-0.00123,0.00107,-0.00222,-0.00452,0.00074,-48.14598,-109.00000
0.22407,0.23032,0.22966,0.22834,0.23064,0.30695,0.31287,0.30826,0.31879,0.31188,-0.00288,0.00041,-0.00222,-0.00353,-0.00222,-48.14598,-108.00000
0.22143,0.23360,0.22604,0.22834,0.23130,0.31221,0.30991,0.30991,0.30991,0.31418,0.00272,-0.00189,-0.00419,0.00272,-0.00123,-48.40917,-107.00000
0.23064,0.22933,0.22900,0.23196,0.22768,0.31254,0.30958,0.30629,0.31221,0.30958,-0.00189,-0.00255,0.00206,-0.00057,0.00173,-48.40917,-106.00000
0.23163,0.22308,0.22801,0.22604,0.22341,0.31155,0.31386,0.30991,0.30826,0.31188,-0.00617,0.00107,-0.00649,-0.00156,0.00173,-48.09147,-105.00000
0.22505,0.23328,0.22242,0.22801,0.22472,0.31155,0.30892,0.31090,0.31320,0.31057,-0.00057,-0.00156,-0.00222,-0.00123,-0.00189,-48.09147,-104.00000
0.22867,0.22439,0.22670,0.22670,0.22933,0.31024,0.31155,0.31188,0.30892,0.30432,0.00337,-0.00057,-0.00057,-0.00025,0.00041,-48.69835,-103.00000
0.22374,0.22242,0.22735,0.22735,0.22670,0.31155,0.31353,0.30859,0.31057,0.31024,-0.00156,0.00304,0.00008,0.00041,0.00041,-48.69835,-102.00000
0.22143,0.22439,0.22111,0.22604,0.22012,0.30695,0.31188,0.31386,0.31122,0.31155,-0.00321,0.00041,-0.00419,-0.00090,-0.00090,-48.49584,-101.00000
0.22209,0.22341,0.22472,0.22407,0.22407,0.31418,0.31386,0.30826,0.30794,0.31320,0.00140,0.00008,-0.00025,0.00140,-0.00156,-48.49584,-100.00000
0.21584,0.22571,0.22374,0.22111,0.22439,0.30662,0.30826,0.31122,0.30892,0.31418,-0.00057,-0.00123,0.00008,0.00304,-0.00222,-48.60823,-99.00000
0.21749,0.21847,0.21880,0.22143,0.22012,0.31090,0.30991,0.31287,0.31254,0.31221,-0.00288,0.00173,-0.00222,0.00074,-0.00255,-48.60823,-98.00000
0.22275,0.21683,0.21847,0.21551,0.21847,0.31320,0.31090,0.31254,0.30892,0.31287,-0.00255,0.00107,-0.00288,0.00041,0.00041,-48.94520,-97.00000
0.21288,0.21847,0.21880,0.22176,0.22176,0.31024,0.31353,0.31188,0.31155,0.30958,-0.00189,0.00337,0.00107,-0.00090,0.00239,-48.94520,-96.00000
0.21979,0.21486,0.21453,0.21979,0.21782,0.30958,0.31090,0.30991,0.30892,0.31287,0.00041,0.00403,-0.00222,0.00173,-0.00386,-49.49862,-95.00000
0.21288,0.21157,0.21946,0.21617,0.21387,0.30991,0.30892,0.30892,0.31155,0.31057,0.00107,0.00008,0.00140,-0.00057,-0.00090,-49.49862,-94.00000
0.21584,0.21617,0.21716,0.21584,0.21683,0.31122,0.30761,0.31057,0.31155,0.30991,0.00041,0.00107,0.00206,-0.00255,-0.00189,-48.83079,-93.00000
0.21946,0.21420,0.21683,0.21091,0.21255,0.31451,0.30826,0.30498,0.31287,0.30925,-0.00189,-0.00057,-0.00156,-0.00288,-0.00123,-48.83079,-92.00000
0.20927,0.20894,0.20861,0.21387,0.21058,0.30892,0.31386,0.30728,0.30695,0.30826,0.00008,0.00140,0.00008,-0.00189,0.00272,-49.35236,-91.00000
0.21321,0.20992,0.21387,0.20927,0.21519,0.30925,0.30892,0.31221,0.30761,0.31188,-0.00321,-0.00255,0.00041,-0.00222,-0.00123,-49.35236,-90.00000
0.20927,0.20861,0.21058,0.21124,0.21058,0.31090,0.30958,0.31320,0.30892,0.31024,0.00173,-0.00353,0.00008,0.00074,-0.00321,-49.44617,-89.00000
0.20598,0.21058,0.20631,0.21519,0.21157,0.31254,0.31155,0.30991,0.31122,0.30991,-0.00025,0.00206,0.00107,-0.00156,0.00272,-49.44617,-88.00000
0.20696,0.21124,0.20762,0.20927,0.20565,0.30826,0.31090,0.31221,0.31287,0.31386,-0.00123,0.00239,-0.00419,0.00239,-0.00057,-48.72258,-87.00000
0.21157,0.20762,0.20565,0.21288,0.20861,0.30563,0.30859,0.31221,0.31287,0.31353,-0.00189,0.00140,-0.00189,-0.00057,0.00337,-48.72258,-86.00000
0.21058,0.21157,0.20532,0.21387,0.20236,0.31024,0.31221,0.30925,0.30991,0.31122,-0.00551,-0.00057,0.00041,-0.00123,0.00140,-48.91238,-85.00000
0.21025,0.20269,0.20696,0.20729,0.21124,0.30991,0.31287,0.31122,0.31188,0.30991,0.00074,-0.00025,-0.00123,-0.00123,-0.00025,-48.91238,-84.00000
0.20400,0.20137,0.21190,0.19907,0.20762,0.31057,0.31320,0.30826,0.31122,0.31155,-0.00189,0.00008,0.00304,0.00074,-0.00452,-48.36835,-83.00000
0.20795,0.20499,0.20631,0.20631,0.20367,0.31353,0.31057,0.31155,0.30991,0.31320,0.00008,0.00173,-0.00156,-0.00156,0.00370,-48.36835,-82.00000
0.20565,0.20532,0.20400,0.20203,0.20335,0.30925,0.30892,0.30958,0.31254,0.30761,-0.00189,-0.00090,0.00239,-0.00090,-0.00288,-48.21236,-81.00000
0.19808,0.19841,0.19841,0.20302,0.20828,0.31484,0.31155,0.31451,0.30662,0.31090,-0.00025,-0.00025,0.00173,0.00173,0.00008,-48.21236,-80.00000
0.20269,0.20269,0.19841,0.20236,0.19841,0.31418,0.30859,0.30333,0.30826,0.30530,-0.00090,-0.00156,-0.00255,-0.00255,-0.00189,-48.50388,-79.00000
0.20104,0.19973,0.19677,0.20137,0.20696,0.31057,0.31451,0.31188,0.31254,0.30761,0.00173,-0.00222,0.00008,-0.00025,-0.00057,-48.50388,-78.00000
0.19578,0.20006,0.19907,0.19841,0.20038,0.31057,0.31155,0.31320,0.31090,0.30859,-0.00025,-0.00419,-0.00353,0.00272,0.00041,-48.02277,-77.00000
0.20006,0.19742,0.20006,0.19545,0.20071,0.31353,0.30991,0.31320,0.31353,0.31254,-0.00222,-0.00090,-0.00156,-0.00156,-0.00156,-48.02277,-76.00000
0.19841,0.19907,0.19348,0.19545,0.19578,0.31320,0.30958,0.31484,0.31386,0.30563,-0.00156,-0.00057,-0.00222,-0.00222,0.00107,-47.09168,-75.00000
0.20071,0.19479,0.19644,0.19446,0.19907,0.30629,0.31221,0.30925,0.31287,0.31057,-0.00584,0.00074,0.00173,0.00041,0.00074,-47.09168,-74.00000
0.19512,0.19710,0.19315,0.20038,0.19578,0.30925,0.31320,0.30826,0.31320,0.30859,0.00403,0.00041,0.00239,0.00074,-0.00025,-44.24927,-73.00000
0.19315,0.19118,0.19841,0.18953,0.19710,0.30563,0.30761,0.31155,0.31320,0.31155,-0.00025,0.00074,0.00074,0.00140,-0.00255,-44.24927,-72.00000
0.19052,0.19479,0.19644,0.19940,0.19216,0.31024,0.31057,0.30892,0.31747,0.30958,-0.00485,0.00041,-0.00189,0.00041,0.00074,-43.85661,-71.00000
0.19348,0.18558,0.19150,0.19019,0.19578,0.31287,0.30695,0.31122,0.31155,0.31682,-0.00222,-0.00123,-0.00057,0.00140,-0.00288,-43.85661,-70.00000
0.18591,0.19775,0.19052,0.19183,0.19118,0.31221,0.31320,0.30826,0.30662,0.30761,0.00041,-0.00123,0.00272,-0.00222,0.00140,-45.17361,-69.00000
0.18854,0.18460,0.19118,0.19019,0.19381,0.31188,0.31057,0.31155,0.31024,0.31254,0.00041,-0.00156,0.00140,-0.00090,0.00239,-45.17361,-68.00000
0.19249,0.19381,0.18920,0.18756,0.18822,0.30991,0.31122,0.31386,0.30563,0.30859,0.00107,0.00370,-0.00090,-0.00386,-0.00288,-46.41294,-67.00000
0.18591,0.18394,0.18854,0.18591,0.18164,0.31221,0.31418,0.30892,0.30958,0.31057,0.00206,-0.00255,-0.00090,0.00206,-0.00025,-46.41294,-66.00000
0.18624,0.18756,0.18624,0.18427,0.18526,0.31451,0.31353,0.30761,0.31353,0.31155,-0.00090,0.00304,0.00008,-0.00156,-0.00189,-47.30101,-65.00000
0.18295,0.18526,0.18493,0.18657,0.18197,0.30892,0.31188,0.30695,0.31320,0.30826,-0.00222,0.00041,0.00041,-0.00123,0.00140,-47.30101,-64.00000
0.18328,0.18164,0.18098,0.17999,0.18394,0.31386,0.31024,0.31287,0.30991,0.31451,0.00074,-0.00025,-0.00156,0.00074,-0.00288,-47.58056,-63.00000
0.18361,0.18394,0.17802,0.18690,0.18394,0.30892,0.31024,0.31090,0.30859,0.30761,0.00008,-0.00222,-0.00156,-0.00321,-0.00222,-47.58056,-62.00000
0.18098,0.18197,0.18328,0.18262,0.18591,0.30794,0.30859,0.31484,0.30728,0.31517,0.00600,0.00600,-0.00025,0.00206,0.00008,-47.44628,-61.00000
0.18723,0.18493,0.17835,0.18657,0.18164,0.30925,0.30826,0.31090,0.31550,0.31057,-0.00123,-0.00255,0.00469,-0.00781,-0.00189,-47.44628,-60.00000
0.17901,0.17736,0.18065,0.17835,0.18164,0.31090,0.31155,0.31254,0.31090,0.30826,0.00008,-0.00419,0.00074,-0.00156,0.00173,-47.36002,-59.00000
0.18164,0.17539,0.18493,0.17703,0.17868,0.31221,0.31221,0.31221,0.31254,0.31057,-0.00156,-0.00255,0.00008,0.00074,-0.00353,-47.36002,-58.00000
0.18197,0.17835,0.17703,0.18032,0.17901,0.31320,0.31188,0.31451,0.31221,0.30991,-0.00189,-0.00255,-0.00025,0.00074,0.00074,-47.52550,-57.00000
0.17835,0.17736,0.17703,0.17966,0.17769,0.31090,0.31057,0.30761,0.30629,0.31090,-0.00025,0.00304,0.00074,0.00173,-0.00025,-47.52550,-56.00000
0.17506,0.17309,0.17802,0.17934,0.17736,0.31583,0.30530,0.31484,0.30662,0.31616,0.00140,0.00074,-0.00222,0.00008,0.00008,-47.41609,-55.00000
0.17111,0.17638,0.17736,0.17802,0.18230,0.31188,0.31517,0.31057,0.31254,0.31057,-0.00057,-0.00057,-0.00025,-0.00090,-0.00156,-47.41609,-54.00000
0.17473,0.17769,0.17966,0.17473,0.17078,0.31155,0.30925,0.31188,0.30826,0.30925,-0.00057,0.00173,-0.00386,0.00140,-0.00189,-47.73214,-53.00000
0.17736,0.17111,0.17572,0.17144,0.17144,0.31057,0.31155,0.31024,0.31616,0.31451,0.00304,-0.00057,0.00502,0.00074,-0.00255,-47.73214,-52.00000
0.17177,0.17078,0.17342,0.17901,0.17539,0.30925,0.31386,0.31616,0.31418,0.31090,0.00337,-0.00518,-0.00156,0.00304,-0.00123,-47.68894,-51.00000
0.17210,0.17473,0.16980,0.17276,0.17605,0.31747,0.31451,0.31287,0.31254,0.31155,-0.00419,-0.00025,0.00304,0.00074,0.00140,-47.68894,-50.00000
0.17506,0.16782,0.17506,0.16848,0.16684,0.31616,0.31057,0.30728,0.31287,0.30695,0.00107,-0.00222,-0.00025,0.00008,-0.00321,-47.68130,-49.00000
0.17374,0.16618,0.17243,0.17342,0.16322,0.30958,0.31418,0.31024,0.31550,0.30761,-0.00386,-0.00189,0.00107,0.00173,-0.00057,-47.68130,-48.00000
0.16749,0.17473,0.16881,0.16980,0.17013,0.30596,0.31221,0.31122,0.31221,0.31353,-0.00288,0.00140,0.00074,-0.00057,-0.00090,-47.98708,-47.00000
0.17177,0.16651,0.16421,0.17243,0.16618,0.31188,0.30892,0.31320,0.31090,0.31090,0.00436,-0.00518,-0.00090,0.00074,0.00304,-47.98708,-46.00000
0.16125,0.17177,0.16618,0.16519,0.16782,0.31221,0.31090,0.31287,0.31353,0.30991,0.00272,0.00074,-0.00222,0.00008,-0.00156,-47.56756,-45.00000
0.16256,0.16552,0.16486,0.15960,0.16355,0.31155,0.31846,0.31221,0.30958,0.31386,0.00041,-0.00057,-0.00617,0.00041,0.00074,-47.56756,-44.00000
0.16289,0.16552,0.16453,0.16322,0.16552,0.31747,0.31353,0.30925,0.30892,0.31353,-0.00090,0.00206,0.00107,0.00140,-0.00156,-47.37902,-43.00000
0.15894,0.16815,0.16256,0.16914,0.16388,0.31155,0.31221,0.31024,0.31122,0.31122,0.00239,-0.00189,-0.00189,0.00173,0.00107,-47.37902,-42.00000
0.16421,0.16421,0.16355,0.15697,0.16289,0.31616,0.30925,0.31583,0.31353,0.30695,0.00107,0.00535,-0.00123,-0.00090,0.00008,-47.63745,-41.00000
0.16059,0.16684,0.16059,0.16453,0.15598,0.31583,0.31320,0.30958,0.31682,0.30892,0.00173,0.00239,-0.00025,-0.00090,0.00107,-47.63745,-40.00000
0.15894,0.16125,0.16256,0.16585,0.16519,0.31155,0.31353,0.31024,0.31188,0.31090,-0.00123,-0.00321,-0.00452,0.00173,-0.00123,-47.70068,-39.00000
0.16092,0.15861,0.16289,0.15697,0.15598,0.31517,0.31057,0.31451,0.31320,0.31221,0.00107,0.00173,-0.00189,-0.00189,-0.00156,-47.70068,-38.00000
0.15598,0.16289,0.15335,0.15894,0.15993,0.31418,0.31583,0.31221,0.31122,0.31188,0.00370,0.00074,-0.00288,0.00173,0.00239,-47.90560,-37.00000
0.15796,0.15500,0.15796,0.15237,0.15237,0.31418,0.30925,0.31155,0.31254,0.30991,-0.00255,0.00074,-0.00288,-0.00123,-0.00057,-47.90560,-36.00000
0.15730,0.15434,0.16026,0.16125,0.15434,0.31320,0.31320,0.31254,0.31254,0.30991,-0.00353,0.00173,0.00173,-0.00090,-0.00189,-48.19846,-35.00000
0.14973,0.16190,0.15730,0.15500,0.16190,0.30728,0.31353,0.31254,0.31057,0.31451,0.00173,0.00074,-0.00057,-0.00255,0.00304,-48.19846,-34.00000
0.15631,0.15533,0.15204,0.15204,0.16190,0.31287,0.31057,0.31879,0.31418,0.31353,-0.00090,0.00074,-0.00321,-0.00189,-0.00321,-48.05678,-33.00000
0.15894,0.15598,0.15927,0.15434,0.15598,0.30892,0.31287,0.31320,0.31616,0.30925,0.00041,-0.00222,-0.00222,-0.00156,-0.00584,-48.05678,-32.00000
0.15763,0.15138,0.15434,0.15829,0.15302,0.31024,0.31221,0.31024,0.31517,0.31221,0.00008,-0.00189,0.00041,-0.00090,-0.00057,-48.74359,-31.00000
0.15434,0.15697,0.16157,0.14513,0.15302,0.31155,0.31287,0.31188,0.31287,0.31254,-0.00090,-0.00452,0.00304,-0.00288,-0.00025,-48.74359,-30.00000
0.15960,0.15072,0.15467,0.15171,0.15533,0.31122,0.31353,0.30629,0.30695,0.31254,-0.00189,0.00008,-0.00419,-0.00255,-0.00090,-48.84501,-29.00000
0.14710,0.15269,0.14677,0.14776,0.14842,0.31418,0.31287,0.31386,0.31122,0.31386,-0.00321,-0.00222,-0.00353,-0.00123,-0.00123,-48.84501,-28.00000
0.15138,0.14941,0.14776,0.14710,0.15368,0.31353,0.31057,0.31155,0.31287,0.31122,-0.00189,0.00008,-0.00025,0.00107,0.00107,-48.67825,-27.00000
0.14809,0.14348,0.15237,0.14546,0.14710,0.31188,0.31155,0.30958,0.31583,0.31517,-0.00057,0.00074,-0.00057,0.00074,-0.00255,-48.67825,-26.00000
0.14743,0.14776,0.15105,0.14842,0.14447,0.31353,0.31155,0.31418,0.31550,0.31057,0.00008,0.00206,0.00041,-0.00025,-0.00189,-48.46128,-25.00000
0.14645,0.14842,0.14447,0.14480,0.14546,0.30859,0.31517,0.30826,0.31188,0.30859,-0.00090,-0.00057,0.00272,-0.00057,0.00370,-48.46128,-24.00000
0.13855,0.14710,0.14579,0.14743,0.14677,0.31715,0.31122,0.31484,0.31649,0.31122,-0.00123,-0.00123,0.00107,0.00107,0.00173,-48.24176,-23.00000
0.14151,0.14348,0.14447,0.14118,0.14579,0.31451,0.31090,0.30859,0.31122,0.31386,0.00041,0.00008,0.00107,-0.00025,0.00337,-48.24176,-22.00000
0.15138,0.14250,0.14184,0.14842,0.14151,0.30794,0.30925,0.31386,0.31057,0.31122,-0.00057,0.00140,-0.00189,-0.00057,0.00041,-48.13286,-21.00000
0.14020,0.14776,0.14184,0.14118,0.14513,0.31287,0.31254,0.31057,0.31221,0.31254,-0.00321,-0.00025,0.00206,0.00272,-0.00025,-48.13286,-20.00000
0.14316,0.13395,0.14217,0.14348,0.14546,0.30925,0.31254,0.31155,0.31287,0.31155,-0.00584,-0.00090,0.00074,-0.00321,0.00206,-47.90888,-19.00000
0.14250,0.14381,0.14217,0.14316,0.13592,0.31254,0.31188,0.31122,0.30794,0.31386,-0.00123,-0.00222,-0.00123,-0.00255,0.00337,-47.90888,-18.00000
0.14052,0.14348,0.13921,0.14250,0.14118,0.31057,0.31254,0.31287,0.31320,0.31188,-0.00156,0.00041,0.00107,-0.00057,-0.00025,-47.75143,-17.00000
0.14118,0.14118,0.13987,0.14348,0.14480,0.31287,0.31254,0.31451,0.31221,0.31155,-0.00123,0.00008,0.00074,0.00074,0.00074,-47.75143,-16.00000
0.13822,0.13888,0.14052,0.13724,0.13592,0.30925,0.30991,0.31353,0.31780,0.31188,-0.00485,-0.00123,0.00008,0.00074,0.00107,-47.44301,-15.00000
0.13197,0.14348,0.13559,0.13263,0.14283,0.31155,0.31747,0.31090,0.30794,0.30629,0.00272,0.00107,0.00008,0.00041,0.00140,-47.44301,-14.00000
0.13855,0.14316,0.13395,0.14513,0.13625,0.31254,0.30892,0.31418,0.31451,0.30991,-0.00189,-0.00189,0.00535,-0.00090,0.00008,-47.28785,-13.00000
0.13756,0.13395,0.13658,0.14020,0.13526,0.32109,0.31057,0.31649,0.31287,0.31484,0.00041,0.00206,-0.00057,-0.00222,-0.00057,-47.28785,-12.00000
0.13526,0.13428,0.13691,0.13559,0.13855,0.31155,0.31517,0.30892,0.31122,0.30925,0.00140,0.00041,-0.00156,0.00107,0.00272,-47.58155,-11.00000
0.13526,0.13395,0.13329,0.13460,0.13362,0.31846,0.31221,0.30991,0.31122,0.31484,-0.00452,0.00074,0.00008,0.00140,-0.00025,-47.58155,-10.00000
0.13789,0.13164,0.13000,0.13230,0.13263,0.31353,0.30991,0.31254,0.31188,0.31418,-0.00321,-0.00321,-0.00090,0.00107,-0.00156,-48.14193,-9.00000
0.12967,0.13263,0.13164,0.13066,0.13000,0.31155,0.31386,0.31320,0.31353,0.31813,-0.00189,-0.00189,-0.00419,-0.00057,0.00107,-48.14193,-8.00000
0.12967,0.13526,0.12737,0.13724,0.13033,0.31024,0.30728,0.31386,0.31320,0.31682,0.00140,0.00107,-0.00321,-0.00025,-0.00255,-48.10374,-7.00000
0.13197,0.12770,0.12276,0.13460,0.12572,0.31221,0.31090,0.31188,0.31254,0.31517,0.00173,0.00074,0.00173,0.00074,-0.00156,-48.10374,-6.00000
0.13164,0.12901,0.12868,0.12704,0.12770,0.31090,0.30629,0.31287,0.31418,0.31122,-0.00123,-0.00057,-0.00123,-0.00288,-0.00057,-47.51187,-5.00000
0.12178,0.12704,0.12671,0.13000,0.13066,0.31287,0.31813,0.31155,0.31024,0.31024,-0.00090,0.00041,-0.00321,0.00239,-0.00090,-47.51187,-4.00000
0.12540,0.13197,0.12803,0.12836,0.13066,0.31386,0.31715,0.30958,0.31287,0.31287,-0.00057,0.00206,-0.00090,0.00173,0.00041,-46.06911,-3.00000
0.11980,0.12934,0.12803,0.12342,0.12704,0.31484,0.30761,0.30925,0.31057,0.32043,-0.00189,-0.00386,-0.00025,-0.00156,0.00074,-46.06911,-2.00000
0.11915,0.12441,0.12112,0.12572,0.12638,0.31583,0.31155,0.30958,0.31287,0.30859,-0.00452,-0.00255,-0.00057,-0.00123,0.00041,-45.28631,-1.00000
0.12309,0.12375,0.12145,0.12605,0.12342,0.31715,0.31287,0.31254,0.31451,0.31451,-0.00386,0.00107,0.00239,0.00008,0.00041,-45.28631,0.00000
0.12770,0.12079,0.11783,0.12408,0.12737,0.31155,0.31418,0.31287,0.31090,0.31583,-0.00386,0.00403,0.00107,-0.00090,-0.00090,-42.94478,1.00000
0.12375,0.12309,0.12704,0.11948,0.13164,0.31418,0.30892,0.31517,0.31649,0.31057,0.00140,-0.00057,-0.00025,0.00173,-0.00025,-42.94478,2.00000
0.11750,0.12408,0.11980,0.12375,0.11915,0.31122,0.31155,0.31024,0.30991,0.31418,0.00239,-0.00485,-0.00090,0.00206,-0.00386,-41.87529,3.00000
0.11849,0.12211,0.12375,0.11980,0.12540,0.31451,0.31188,0.30892,0.31122,0.31386,0.00041,-0.00025,0.00140,0.00041,-0.00321,-41.87529,4.00000
0.11948,0.12507,0.11750,0.12572,0.11454,0.31287,0.31583,0.31583,0.30991,0.30958,-0.00288,-0.00057,0.00008,-0.00156,-0.00419,-44.17337,5.00000
0.11915,0.11816,0.11586,0.11816,0.11948,0.31155,0.31155,0.31386,0.31353,0.31418,-0.00025,-0.00025,0.00074,-0.00025,0.00008,-44.17337,6.00000
0.12046,0.11948,0.11487,0.11849,0.11454,0.31221,0.31320,0.31550,0.31320,0.31320,0.00074,0.00107,0.00041,0.00041,0.00140,-45.67450,7.00000
0.11948,0.12112,0.11191,0.11915,0.11487,0.31057,0.31188,0.30892,0.31090,0.31484,-0.00156,0.00041,0.00107,0.00140,0.00008,-45.67450,8.00000
0.11816,0.11224,0.11717,0.11355,0.12013,0.31320,0.31353,0.31418,0.31583,0.31451,0.00008,0.00272,0.00206,-0.00090,-0.00057,-46.20488,9.00000
0.11586,0.11125,0.11652,0.12046,0.11915,0.31155,0.31254,0.30892,0.31353,0.31451,-0.00025,-0.00321,0.00173,0.00206,0.00206,-46.20488,10.00000
0.11980,0.11652,0.11717,0.11125,0.11454,0.31320,0.30892,0.30826,0.31287,0.30925,-0.00189,0.00008,-0.00090,-0.00123,-0.00452,-46.73912,11.00000
0.11520,0.11487,0.11586,0.11125,0.11948,0.31386,0.31353,0.30761,0.31188,0.31090,0.00107,0.00041,-0.00288,-0.00057,-0.00123,-46.73912,12.00000
0.11586,0.11421,0.11619,0.12079,0.11158,0.31155,0.31320,0.30958,0.31254,0.31715,0.00140,-0.00057,-0.00123,-0.00419,0.00272,-47.37524,13.00000
0.11158,0.11257,0.11224,0.11191,0.11224,0.31024,0.31484,0.31122,0.31254,0.31287,0.00337,-0.00156,-0.00255,0.00041,-0.00288,-47.37524,14.00000
0.11454,0.11224,0.11355,0.10961,0.11454,0.31484,0.31024,0.31353,0.30925,0.31418,0.00074,0.00008,0.00008,0.00272,-0.00321,-47.26871,15.00000
0.11388,0.11750,0.11125,0.11750,0.11454,0.30761,0.30892,0.31090,0.30991,0.31353,0.00041,-0.00025,0.00041,-0.00189,-0.00057,-47.26871,16.00000
0.10895,0.11717,0.10599,0.11290,0.11092,0.30892,0.30958,0.31353,0.31418,0.31320,0.00272,-0.00288,-0.00518,0.00041,0.00272,-46.98773,17.00000
0.11257,0.10796,0.10698,0.11750,0.11816,0.31287,0.30958,0.31057,0.31715,0.31254,-0.00518,-0.00090,-0.00156,0.00239,0.00107,-46.98773,18.00000
0.10369,0.10796,0.11158,0.10796,0.10632,0.31024,0.30925,0.31451,0.31418,0.31221,0.00107,-0.00288,-0.00123,-0.00090,-0.00321,-47.36682,19.00000
0.10862,0.11421,0.11191,0.10763,0.11092,0.31517,0.31057,0.31155,0.31451,0.31715,0.00239,-0.00386,-0.00090,0.00074,-0.00156,-47.36682,20.00000
0.09777,0.11191,0.10731,0.11619,0.11027,0.30728,0.31353,0.31057,0.31254,0.30958,0.00107,-0.00025,-0.00057,-0.00057,0.00107,-47.48120,21.00000
0.11454,0.11257,0.10796,0.10369,0.10040,0.31057,0.31024,0.31057,0.31254,0.31122,0.00173,0.00008,-0.00353,-0.00123,0.00008,-47.48120,22.00000
0.10961,0.10533,0.10599,0.10566,0.11125,0.31090,0.31122,0.31320,0.30958,0.30826,-0.00057,-0.00222,-0.00222,-0.00123,0.00041,-47.64535,23.00000
0.10829,0.10467,0.10336,0.10171,0.10632,0.31353,0.30794,0.31386,0.31254,0.31287,0.00107,0.00041,0.00107,-0.00222,-0.00090,-47.64535,24.00000
0.11191,0.11191,0.10336,0.09908,0.10139,0.31090,0.31451,0.30826,0.31550,0.31386,-0.00288,-0.00222,0.00041,0.00074,-0.00090,-47.53993,25.00000
0.10171,0.10698,0.10139,0.10763,0.10336,0.30925,0.30991,0.31320,0.30958,0.31057,-0.00419,0.00008,-0.00025,-0.00025,-0.00025,-47.53993,26.00000
0.10665,0.10336,0.10731,0.10435,0.10500,0.31090,0.31122,0.31715,0.30958,0.31122,0.00272,0.00074,0.00074,-0.00222,-0.00255,-47.83424,27.00000
0.10303,0.10171,0.10040,0.10467,0.09908,0.31090,0.30859,0.31057,0.31122,0.30892,-0.00025,0.00008,-0.00551,-0.00156,0.00140,-47.83424,28.00000
0.09777,0.10139,0.10073,0.10698,0.10698,0.30925,0.30563,0.31188,0.30991,0.31155,0.00140,-0.00386,-0.00025,0.00140,-0.00255,-47.61703,29.00000
0.10533,0.09875,0.10467,0.10369,0.10435,0.31057,0.31418,0.30629,0.31583,0.30728,0.00469,0.00107,0.00173,-0.00222,-0.00123,-47.61703,30.00000
0.10007,0.09579,0.09941,0.09678,0.09908,0.31320,0.30728,0.31287,0.31353,0.30958,-0.00255,0.00008,0.00074,-0.00057,0.00107,-47.57477,31.00000
0.09908,0.09448,0.09974,0.10336,0.10303,0.31221,0.31649,0.31090,0.31122,0.31386,0.00337,0.00074,-0.00255,-0.00189,0.00140,-47.57477,32.00000
0.10336,0.09645,0.09875,0.09974,0.09711,0.31155,0.31221,0.31583,0.31517,0.31320,-0.00321,0.00008,0.00140,-0.00156,-0.00288,-48.42549,33.00000
0.10237,0.09810,0.09711,0.10073,0.09579,0.31945,0.31122,0.31649,0.30958,0.31254,-0.00288,-0.00321,0.00304,0.00173,-0.00353,-48.42549,34.00000
0.09514,0.09908,0.09908,0.09415,0.09514,0.30925,0.31057,0.31155,0.31418,0.31386,0.00173,-0.00123,0.00173,-0.00025,-0.00025,-49.16843,35.00000
0.09711,0.09843,0.09941,0.09547,0.10369,0.30958,0.31287,0.30991,0.31550,0.31484,-0.00222,0.00239,0.00074,-0.00156,-0.00057,-49.16843,36.00000
0.09810,0.09579,0.09119,0.09382,0.09612,0.30859,0.31418,0.30991,0.31254,0.31517,0.00107,0.00173,-0.00057,-0.00025,-0.00189,-49.19985,37.00000
0.09612,0.08922,0.10500,0.09053,0.09744,0.30530,0.31320,0.31221,0.31353,0.31057,-0.00090,0.00041,0.00206,0.00008,0.00502,-49.19985,38.00000
0.09744,0.09908,0.09744,0.09053,0.09711,0.31188,0.31122,0.31550,0.31649,0.31451,-0.00090,-0.00518,0.00403,-0.00189,0.00140,-49.44215,39.00000
0.08987,0.09185,0.08922,0.09678,0.09185,0.31155,0.31122,0.31122,0.31418,0.31320,0.00041,0.00041,-0.00222,0.00272,-0.00321,-49.44215,40.00000
0.09086,0.09579,0.09678,0.09086,0.09514,0.31155,0.31024,0.31386,0.30794,0.30958,-0.00025,-0.00090,-0.00090,0.00107,0.00140,-48.86638,41.00000
0.09579,0.09448,0.09612,0.09349,0.08922,0.31057,0.31254,0.30761,0.31221,0.31155,0.00173,0.00041,-0.00189,-0.00189,0.00041,-48.86638,42.00000
0.09218,0.08823,0.09612,0.09283,0.08724,0.30892,0.31287,0.31320,0.31550,0.30991,-0.00353,-0.00090,-0.00222,0.00173,0.00008,-49.22472,43.00000
0.08987,0.09415,0.09251,0.08560,0.09152,0.31451,0.31057,0.31846,0.31122,0.31386,-0.00123,0.00074,0.00140,-0.00189,0.00041,-49.22472,44.00000
0.09448,0.08461,0.09152,0.08757,0.09349,0.31386,0.31254,0.31386,0.31254,0.31090,-0.00419,0.00041,-0.00025,-0.00222,-0.00123,-48.91349,45.00000
0.09119,0.09382,0.08231,0.09119,0.09119,0.31254,0.31287,0.31517,0.31451,0.31386,-0.00156,-0.00386,0.00206,0.00206,-0.00288,-48.91349,46.00000
0.08395,0.08987,0.09119,0.08626,0.08955,0.31583,0.31616,0.31090,0.31649,0.31386,0.00074,0.00173,0.00107,-0.00090,-0.00090,-49.20079,47.00000
0.08593,0.08889,0.08757,0.08626,0.08560,0.30991,0.31188,0.31353,0.31517,0.30826,0.00041,-0.00189,-0.00123,-0.00123,-0.00189,-49.20079,48.00000
0.08297,0.08198,0.09218,0.08856,0.07968,0.30892,0.31057,0.31221,0.31386,0.30859,-0.00288,-0.00156,-0.00288,-0.00222,0.00008,-48.97728,49.00000
0.08658,0.08790,0.08626,0.08955,0.08034,0.31090,0.30794,0.31616,0.31221,0.31287,0.00140,-0.00025,0.00074,-0.00222,-0.00156,-48.97728,50.00000
0.07935,0.08856,0.08724,0.09251,0.08494,0.31221,0.30925,0.30728,0.31090,0.31813,0.00074,-0.00156,0.00140,0.00008,0.00008,-48.54508,51.00000
0.08560,0.09152,0.08264,0.08527,0.09119,0.30859,0.31090,0.31090,0.31649,0.31155,-0.00222,0.00041,0.00173,-0.00189,0.00041,-48.54508,52.00000
0.08461,0.08297,0.08527,0.08231,0.08066,0.31287,0.31715,0.31188,0.30925,0.30728,0.00239,-0.00057,-0.00255,-0.00156,-0.00156,-48.99262,53.00000
0.08099,0.08757,0.08297,0.08231,0.08198,0.31386,0.31090,0.30892,0.31517,0.30794,-0.00025,-0.00189,-0.00222,-0.00386,0.00370,-48.99262,54.00000
0.08165,0.08593,0.08527,0.08231,0.08231,0.31451,0.30958,0.31221,0.31254,0.31188,-0.00288,-0.00057,-0.00386,-0.00025,0.00074,-48.33557,55.00000
0.08395,0.07803,0.08691,0.08626,0.08231,0.31879,0.31221,0.31221,0.31484,0.31122,0.00074,-0.00419,0.00008,0.00008,0.00008,-48.33557,56.00000
0.08560,0.07738,0.07902,0.08626,0.07507,0.31484,0.31386,0.30859,0.31221,0.30958,0.00140,0.00074,-0.00222,-0.00090,0.00107,-48.33537,57.00000
0.07803,0.08165,0.07836,0.08099,0.08593,0.31945,0.31254,0.30958,0.31122,0.30991,-0.00419,0.00074,-0.00123,-0.00025,-0.00222,-48.33537,58.00000
0.08264,0.07343,0.08494,0.08297,0.08001,0.31353,0.31221,0.30991,0.31353,0.31353,-0.00485,0.00008,-0.00057,0.00173,-0.00255,-48.03250,59.00000
0.07902,0.07409,0.08165,0.08099,0.08428,0.31024,0.31747,0.31155,0.31090,0.30859,0.00272,-0.00123,0.00107,-0.00452,0.00272,-48.03250,60.00000
0.08198,0.08330,0.07770,0.08691,0.08034,0.31155,0.31320,0.31155,0.31320,0.31155,-0.00222,-0.00321,-0.00156,0.00239,-0.00288,-47.78827,61.00000
0.07507,0.08198,0.07935,0.08001,0.07244,0.30695,0.31221,0.31386,0.31090,0.31353,-0.00090,0.00074,-0.00386,0.00337,-0.00156,-47.78827,62.00000
0.07770,0.07540,0.07606,0.07178,0.07935,0.31386,0.31024,0.31517,0.31024,0.30761,0.00074,0.00107,0.00140,0.00173,-0.00025,-47.34713,63.00000
0.07540,0.07738,0.08231,0.07507,0.07836,0.31386,0.31057,0.30794,0.31353,0.31616,-0.00123,-0.00156,-0.00386,0.00173,-0.00222,-47.34713,64.00000
0.07376,0.08231,0.07770,0.08362,0.08198,0.31616,0.31221,0.31813,0.31122,0.31451,-0.00156,0.00041,0.00074,-0.00156,-0.00090,-47.89939,65.00000
0.07080,0.07606,0.07803,0.07540,0.08264,0.31484,0.31353,0.31188,0.31484,0.31550,-0.00156,-0.00386,0.00074,-0.00123,0.00140,-47.89939,66.00000
0.07409,0.07507,0.08001,0.07935,0.07606,0.31418,0.31155,0.31320,0.31320,0.31517,-0.00090,-0.00189,-0.00123,0.00074,-0.00156,-48.29686,67.00000
0.07047,0.07277,0.07442,0.07639,0.07540,0.31353,0.31649,0.30761,0.31649,0.31155,-0.00419,-0.00156,-0.00057,-0.00222,0.00173,-48.29686,68.00000
0.07409,0.06981,0.07343,0.07507,0.07606,0.31188,0.31254,0.31024,0.31320,0.31155,0.00041,0.00239,0.00074,-0.00090,-0.00123,-48.38280,69.00000
0.07803,0.06652,0.07244,0.07376,0.06850,0.31254,0.31484,0.30662,0.31353,0.31188,-0.00485,-0.00123,0.00173,0.00140,-0.00452,-48.38280,70.00000
0.06948,0.07442,0.07080,0.07474,0.07277,0.31254,0.31386,0.31287,0.31057,0.31057,-0.00025,-0.00057,-0.00156,-0.00057,-0.00156,-48.70540,71.00000
0.07146,0.07738,0.07474,0.06948,0.07474,0.31155,0.31451,0.31090,0.30892,0.31122,0.00173,-0.00255,-0.00123,-0.00025,-0.00057,-48.70540,72.00000
0.07639,0.06981,0.06948,0.07244,0.07113,0.30432,0.31188,0.31550,0.31221,0.31320,-0.00288,0.00074,0.00041,-0.00255,-0.00419,-48.96603,73.00000
0.07376,0.07211,0.07146,0.07178,0.07442,0.31616,0.30695,0.30892,0.30892,0.31287,0.00272,0.00206,-0.00222,0.00041,-0.00419,-48.96603,74.00000
0.07409,0.07277,0.07277,0.07211,0.07540,0.30991,0.31484,0.31583,0.31188,0.31451,-0.00189,0.00272,0.00304,0.00239,0.00008,-49.29441,75.00000
0.07277,0.07540,0.07014,0.07409,0.06455,0.31451,0.31517,0.31122,0.31484,0.31254,0.00074,-0.00452,-0.00090,-0.00485,0.00304,-49.29441,76.00000
0.06882,0.07277,0.06718,0.06948,0.07146,0.31353,0.31155,0.31090,0.31386,0.31484,0.00074,-0.00321,-0.00025,0.00337,0.00008,-49.28221,77.00000
0.06981,0.06948,0.07343,0.06948,0.07014,0.31550,0.31122,0.30794,0.31254,0.31386,0.00140,-0.00025,0.00041,-0.00123,-0.00222,-49.28221,78.00000
0.06652,0.06751,0.06948,0.07014,0.06586,0.31353,0.30892,0.31287,0.31418,0.31122,0.00337,-0.00090,0.00107,-0.00321,-0.00353,-49.26757,79.00000
0.06455,0.06652,0.06784,0.06652,0.06619,0.31155,0.30925,0.31057,0.31649,0.30826,-0.00057,-0.00057,0.00041,-0.00090,0.00239,-49.26757,80.00000
0.07047,0.06850,0.07014,0.06455,0.06784,0.30892,0.31188,0.31188,0.30925,0.31386,-0.00057,-0.00090,0.00337,0.00041,0.00041,-49.73632,81.00000
0.06521,0.06356,0.07047,0.06882,0.06258,0.31090,0.31451,0.30695,0.31451,0.31583,-0.00321,0.00008,-0.00025,-0.00452,0.00304,-49.73632,82.00000
0.06356,0.05896,0.06751,0.06389,0.07178,0.31846,0.31024,0.31287,0.31254,0.31813,0.00140,0.00074,-0.00156,-0.00255,0.00074,-49.67773,83.00000
0.06619,0.06356,0.06323,0.06718,0.06882,0.31287,0.31090,0.31616,0.31122,0.31451,0.00206,-0.00288,-0.00123,-0.00321,0.00008,-49.67773,84.00000
0.06455,0.06652,0.06882,0.06290,0.06455,0.31221,0.31418,0.31320,0.31320,0.31254,0.00074,0.00436,-0.00156,-0.00156,-0.00090,-49.20247,85.00000
0.06093,0.06586,0.06389,0.05731,0.06685,0.31320,0.30991,0.31221,0.31188,0.31550,0.00140,-0.00025,-0.00057,-0.00090,-0.00353,-49.20247,86.00000
0.06619,0.06882,0.06455,0.06554,0.06685,0.31747,0.31517,0.31616,0.30892,0.31386,0.00008,-0.00156,0.00074,-0.00156,-0.00222,-48.26389,87.00000
0.06488,0.06422,0.06389,0.06751,0.06258,0.31188,0.31386,0.31418,0.31221,0.31090,0.00008,-0.00288,0.00008,-0.00255,0.00041,-48.26389,88.00000
0.06126,0.06915,0.06356,0.05830,0.06356,0.31484,0.30859,0.31155,0.31188,0.31320,0.00041,-0.00255,-0.00025,0.00041,-0.00025,-47.86766,89.00000
0.06652,0.06554,0.06817,0.06290,0.06455,0.31747,0.30761,0.31517,0.31912,0.31353,-0.00321,-0.00057,-0.00025,-0.00288,0.00206,-47.86766,90.00000
0.07080,0.06027,0.06850,0.06554,0.06422,0.31386,0.31188,0.31057,0.31254,0.31517,-0.00090,-0.00353,-0.00090,0.00041,0.00206,-47.95832,91.00000
0.06356,0.06586,0.06060,0.06290,0.06685,0.31813,0.31517,0.31188,0.31221,0.31418,0.00107,0.00272,-0.00025,0.00206,-0.00321,-47.95832,92.00000
0.06093,0.05896,0.06159,0.06192,0.06027,0.31221,0.31682,0.31320,0.31155,0.31287,0.00008,0.00074,0.00008,-0.00156,-0.00321,-47.95040,93.00000
0.06159,0.06093,0.06192,0.06192,0.05896,0.31451,0.31287,0.30761,0.31155,0.31122,0.00041,0.00140,0.00107,-0.00090,0.00107,-47.95040,94.00000
0.06323,0.06060,0.05830,0.06323,0.06060,0.31254,0.31353,0.31090,0.30761,0.30925,0.00173,0.00206,0.00107,0.00403,-0.00025,-48.14695,95.00000
0.05962,0.06619,0.05863,0.05863,0.05665,0.31221,0.30761,0.31353,0.31090,0.31813,0.00008,-0.00090,-0.00090,-0.00057,-0.00189,-48.14695,96.00000
0.06126,0.06093,0.06126,0.05764,0.05863,0.31254,0.31221,0.30563,0.31221,0.31221,0.00173,-0.00090,-0.00222,-0.00025,0.00107,-48.36587,97.00000
0.06323,0.06323,0.06060,0.05731,0.06422,0.31682,0.30728,0.31287,0.31484,0.31254,-0.00156,0.00008,0.00370,0.00041,-0.00222,-48.36587,98.00000
0.05830,0.05633,0.05600,0.05435,0.05633,0.30892,0.31155,0.31188,0.31649,0.31583,-0.00123,-0.00452,0.00206,-0.00025,0.00041,-48.61273,99.00000
0.05633,0.05567,0.06258,0.05994,0.06060,0.31155,0.31122,0.31287,0.31813,0.31057,-0.00222,0.00041,0.00206,-0.00156,-0.00156,-48.61273,100.00000
0.05567,0.06258,0.05698,0.05435,0.05633,0.31221,0.31155,0.30761,0.31155,0.31550,0.00173,0.00206,-0.00057,-0.00156,-0.00288,-49.25093,101.00000
0.05929,0.05994,0.05633,0.06225,0.05468,0.31418,0.31320,0.31353,0.31155,0.31188,0.00239,-0.00123,0.00140,-0.00057,-0.00025,-49.25093,102.00000
0.05567,0.05929,0.05665,0.05797,0.05863,0.31287,0.31813,0.31122,0.31517,0.31550,-0.00156,0.00008,-0.00025,-0.00485,-0.00386,-49.08721,103.00000
0.05501,0.05567,0.05534,0.06093,0.05633,0.31386,0.31221,0.31715,0.31287,0.31122,-0.00156,-0.00222,-0.00057,-0.00123,-0.00353,-49.08721,104.00000
0.05600,0.05797,0.05929,0.05797,0.05929,0.31057,0.30958,0.30991,0.31451,0.31813,-0.00090,0.00173,-0.00288,-0.00255,0.00041,-48.84623,105.00000
0.05172,0.05304,0.05600,0.05271,0.05567,0.31320,0.31221,0.30991,0.31418,0.31583,-0.00222,0.00239,-0.00123,-0.00485,0.00173,-48.84623,106.00000
0.05304,0.05830,0.05238,0.05600,0.05633,0.31188,0.30728,0.31090,0.31715,0.31122,-0.00123,0.00074,0.00173,-0.00057,0.00239,-48.54560,107.00000
0.05337,0.05205,0.05764,0.05534,0.05041,0.30958,0.31583,0.31057,0.30991,0.31912,-0.00025,0.00041,-0.00025,-0.00288,-0.00222,-48.54560,108.00000
0.05797,0.05369,0.05994,0.04975,0.05896,0.31353,0.31254,0.31418,0.31090,0.31418,-0.00255,0.00107,0.00074,0.00041,-0.00025,-48.45423,109.00000
0.05665,0.05337,0.06126,0.05534,0.06192,0.31122,0.31287,0.31254,0.31024,0.31418,-0.00189,-0.00156,-0.00386,0.00008,-0.00222,-48.45423,110.00000
0.05698,0.05369,0.05106,0.06060,0.04942,0.31583,0.31320,0.31155,0.31221,0.31320,-0.00222,0.00074,0.00502,0.00337,0.00337,-47.89038,111.00000
0.05633,0.05271,0.05468,0.05139,0.04580,0.31188,0.31221,0.31188,0.31484,0.31418,0.00074,-0.00057,0.00041,-0.00321,0.00140,-47.89038,112.00000
0.04810,0.05271,0.05402,0.05238,0.05468,0.30991,0.31386,0.31649,0.30892,0.30892,-0.00255,-0.00255,0.00272,-0.00189,0.00074,-47.40544,113.00000
0.05896,0.05205,0.05665,0.05764,0.05172,0.31451,0.31155,0.31353,0.31386,0.31122,0.00008,0.00239,-0.00222,-0.00057,0.00008,-47.40544,114.00000
0.05337,0.05501,0.05172,0.04810,0.05600,0.31386,0.31254,0.31254,0.31287,0.31386,-0.00189,-0.00156,-0.00419,0.00370,0.00041,-47.52159,115.00000
0.05008,0.05271,0.05337,0.05830,0.05139,0.31024,0.31122,0.30958,0.31418,0.31024,-0.00156,-0.00255,0.00041,-0.00255,-0.00025,-47.52159,116.00000
0.05567,0.04416,0.05238,0.05041,0.05962,0.31649,0.31353,0.31188,0.31155,0.31155,-0.00123,-0.00090,0.00272,0.00206,-0.00419,-48.11498,117.00000
0.04975,0.05600,0.05633,0.05369,0.04547,0.31122,0.31386,0.31386,0.30826,0.31484,-0.00452,0.00074,0.00041,-0.00123,-0.00090,-48.11498,118.00000
0.05797,0.04876,0.05205,0.04580,0.05238,0.30958,0.30991,0.31747,0.30991,0.31583,0.00107,-0.00123,-0.00288,0.00173,-0.00123,-49.07047,119.00000
0.05205,0.05172,0.04712,0.04975,0.05337,0.31320,0.30794,0.31155,0.31484,0.31320,0.00074,0.00140,-0.00222,0.00074,-0.00321,-49.07047,120.00000
0.04942,0.05337,0.05402,0.05600,0.05435,0.31418,0.31747,0.31090,0.31747,0.31090,-0.00090,0.00107,-0.00090,-0.00057,0.00239,-48.59906,121.00000
0.04975,0.04909,0.05205,0.04942,0.05008,0.31418,0.31122,0.31353,0.31616,0.31287,-0.00025,-0.00156,-0.00123,0.00107,-0.00189,-48.59906,122.00000
0.04975,0.05106,0.04975,0.05304,0.04416,0.31287,0.31320,0.30991,0.30991,0.30892,-0.00156,0.00041,-0.00057,-0.00551,-0.00057,-49.03675,123.00000
0.05304,0.04942,0.04810,0.05238,0.04547,0.30859,0.31287,0.31024,0.30826,0.31353,-0.00025,-0.00057,0.00272,-0.00025,-0.00123,-49.03675,124.00000
0.04646,0.04679,0.05600,0.04514,0.05304,0.31320,0.31451,0.31320,0.31090,0.31221,-0.00123,-0.00189,0.00140,0.00074,0.00272,-49.03068,125.00000
0.05304,0.04449,0.04975,0.04942,0.04613,0.31353,0.31122,0.31057,0.31386,0.30695,0.00074,-0.00353,0.00107,-0.00090,-0.00057,-49.03068,126.00000
0.04909,0.04613,0.04383,0.04942,0.04317,0.31451,0.30794,0.31484,0.31254,0.31254,-0.00222,-0.00156,-0.00057,-0.00156,-0.00090,-49.25613,127.00000
0.04481,0.04613,0.05435,0.04876,0.04843,0.31188,0.30761,0.31090,0.31155,0.31188,0.00140,-0.00288,-0.00353,-0.00353,0.00074,-49.25613,128.00000
0.05008,0.04416,0.05139,0.04876,0.05008,0.31057,0.31188,0.31649,0.31418,0.31320,0.00041,0.00239,-0.00025,0.00107,-0.00123,-49.14113,129.00000
0.04810,0.04350,0.05073,0.04580,0.04481,0.31386,0.31386,0.31616,0.30859,0.31024,0.00239,-0.00025,-0.00057,-0.00057,-0.00452,-49.14113,130.00000
0.04481,0.05106,0.03988,0.04646,0.04909,0.30925,0.31057,0.31484,0.31024,0.30991,0.00107,-0.00090,0.00239,-0.00156,-0.00353,-49.21258,131.00000
0.04514,0.04481,0.05139,0.04317,0.04843,0.31320,0.31057,0.30958,0.31418,0.30794,-0.00189,-0.00288,-0.00452,-0.00386,0.00041,-49.21258,132.00000
0.05600,0.04580,0.04810,0.04251,0.04646,0.30859,0.31122,0.30826,0.31155,0.31188,0.00008,-0.00222,-0.00057,0.00008,0.00206,-49.19510,133.00000
0.04547,0.04449,0.05567,0.04185,0.04449,0.30958,0.31090,0.31122,0.31418,0.31254,0.00107,-0.00189,0.00074,-0.00156,-0.00386,-49.19510,134.00000
0.04547,0.04712,0.04218,0.04449,0.04350,0.31155,0.31320,0.31418,0.30859,0.30991,0.00041,0.00008,-0.00123,0.00107,0.00074,-49.10858,135.00000
0.04218,0.04646,0.04481,0.04021,0.04383,0.31188,0.31254,0.30925,0.31155,0.30958,-0.00222,-0.00156,-0.00156,0.00107,0.00074,-49.10858,136.00000
0.04449,0.04185,0.04416,0.04613,0.04449,0.31583,0.31484,0.31451,0.31418,0.30662,-0.00321,0.00107,-0.00057,-0.00189,0.00206,-48.73190,137.00000
0.04284,0.04679,0.04383,0.04185,0.04054,0.31649,0.31221,0.31353,0.30925,0.31188,0.00107,0.00074,-0.00189,0.00074,-0.00288,-48.73190,138.00000
0.04449,0.04481,0.04317,0.04383,0.04745,0.31320,0.31122,0.31682,0.31155,0.31090,0.00008,-0.00090,-0.00090,0.00107,-0.00123,-48.25616,139.00000
0.03955,0.04251,0.03922,0.04481,0.04054,0.31057,0.31090,0.30958,0.31418,0.31221,-0.00090,-0.00222,-0.00123,0.00173,-0.00321,-48.25616,140.00000
0.05106,0.03561,0.05041,0.04021,0.04810,0.31254,0.30958,0.31057,0.30991,0.31649,-0.00288,0.00107,0.00041,-0.00025,-0.00057,-48.16524,141.00000
0.05304,0.04613,0.04745,0.04712,0.03955,0.31517,0.31550,0.30826,0.30859,0.31550,0.00272,0.00107,-0.00353,0.00008,-0.00090,-48.16524,142.00000
0.04810,0.04251,0.04547,0.04120,0.04876,0.30991,0.31155,0.31484,0.31254,0.31386,-0.00025,-0.00255,0.00140,-0.00353,0.00206,-48.40085,143.00000
0.03988,0.04251,0.03725,0.04416,0.04777,0.31221,0.31155,0.31451,0.31353,0.31024,0.00173,0.00272,-0.00156,-0.00189,0.00041,-48.40085,144.00000
0.04481,0.04185,0.04021,0.04449,0.03955,0.30892,0.31418,0.30958,0.31484,0.30892,0.00140,-0.00057,0.00206,-0.00057,0.00074,-48.35936,145.00000
0.04218,0.04153,0.04284,0.04449,0.04087,0.30794,0.30991,0.31155,0.31353,0.31320,-0.00057,0.00008,0.00272,0.00272,0.00173,-48.35936,146.00000
0.04876,0.03824,0.04153,0.04416,0.04383,0.30958,0.30859,0.31221,0.31221,0.31747,-0.00255,-0.00288,0.00074,0.00239,0.00107,-48.56770,147.00000
0.04383,0.03791,0.04909,0.04909,0.03988,0.31320,0.31254,0.30991,0.31550,0.31122,-0.00255,0.00140,-0.00419,-0.00222,0.00173,-48.56770,148.00000
0.04185,0.03889,0.03758,0.03791,0.04153,0.30432,0.31090,0.30465,0.31057,0.31122,0.00008,-0.00156,0.00403,-0.00123,-0.00025,-48.61544,149.00000
0.04613,0.04777,0.04218,0.04120,0.04350,0.31287,0.31418,0.31320,0.31024,0.31155,-0.00057,0.00304,-0.00255,0.00272,-0.00255,-48.61544,150.00000
0.03955,0.04712,0.03889,0.04218,0.03791,0.31484,0.30991,0.31057,0.31122,0.31320,-0.00156,-0.00189,-0.00090,0.00008,0.00008,-48.49591,151.00000
0.04054,0.04383,0.03922,0.04120,0.04185,0.31155,0.31254,0.31649,0.30859,0.30991,-0.00321,-0.00025,-0.00025,-0.00123,0.00107,-48.49591,152.00000
0.04120,0.03955,0.04481,0.04284,0.04120,0.31353,0.31451,0.31353,0.31386,0.31649,0.00074,-0.00419,0.00173,0.00140,0.00337,-48.95495,153.00000
0.03659,0.04054,0.04810,0.04021,0.04350,0.30892,0.31353,0.31254,0.31418,0.31418,0.00008,-0.00090,0.00206,-0.00255,0.00008,-48.95495,154.00000
0.03561,0.04021,0.04054,0.03922,0.04416,0.31715,0.31386,0.30826,0.30991,0.30695,0.00008,0.00140,-0.00321,-0.00189,0.00008,-49.63696,155.00000
0.03791,0.04021,0.04416,0.03561,0.03429,0.31451,0.31550,0.31254,0.31320,0.31254,-0.00255,-0.00057,-0.00189,-0.00123,0.00041,-49.63696,156.00000
0.04317,0.03593,0.04153,0.04120,0.04185,0.31122,0.31221,0.31715,0.31122,0.31090,0.00140,-0.00057,-0.00057,-0.00353,0.00173,-49.47640,157.00000
0.03166,0.04054,0.04416,0.04185,0.04580,0.31188,0.31024,0.31155,0.31649,0.31879,-0.00057,0.00041,0.00041,-0.00386,0.00206,-49.47640,158.00000
0.03363,0.04120,0.03988,0.04481,0.04054,0.31090,0.31418,0.31188,0.31386,0.31484,-0.00288,-0.00123,0.00436,-0.00518,0.00041,-49.92274,159.00000
0.04317,0.04481,0.03692,0.03725,0.03955,0.30991,0.31254,0.30859,0.31155,0.31057,-0.00386,0.00140,0.00008,0.00008,0.00272,-49.92274,160.00000
0.03725,0.03758,0.03692,0.04350,0.03922,0.31221,0.31090,0.30925,0.31188,0.31155,0.00074,-0.00222,-0.00025,0.00041,-0.00156,-49.70435,161.00000
0.03988,0.03857,0.03692,0.03889,0.04021,0.31418,0.31484,0.31155,0.30794,0.30925,0.00206,-0.00189,-0.00090,-0.00189,0.00272,-49.70435,162.00000
0.03922,0.03955,0.03495,0.03857,0.04153,0.31583,0.31254,0.31616,0.31090,0.31057,-0.00419,0.00008,-0.00649,0.00107,0.00107,-49.60271,163.00000
0.02771,0.04021,0.03429,0.03363,0.03429,0.31155,0.30563,0.30826,0.31517,0.30925,-0.00255,0.00041,-0.00057,-0.00419,0.00173,-49.60271,164.00000
0.03495,0.03626,0.03626,0.03725,0.03495,0.30892,0.31254,0.30859,0.31155,0.31221,-0.00353,0.00041,-0.00222,-0.00090,-0.00189,-49.19640,165.00000
0.03659,0.03889,0.03889,0.04087,0.03528,0.31747,0.30794,0.31221,0.31616,0.31287,-0.00288,-0.00123,-0.00025,-0.00255,-0.00321,-49.19640,166.00000
0.03758,0.04185,0.03495,0.03725,0.02968,0.31353,0.31813,0.31451,0.30958,0.30826,-0.00288,0.00008,0.00337,-0.00222,-0.00222,-49.30802,167.00000
0.03659,0.03791,0.03593,0.04153,0.03495,0.31418,0.31353,0.31418,0.30629,0.31287,-0.00353,0.00041,-0.00189,0.00206,0.00107,-49.30802,168.00000
0.03528,0.03396,0.03725,0.03692,0.03396,0.31221,0.30859,0.31221,0.30432,0.31320,0.00074,0.00041,-0.00156,-0.00156,-0.00090,-48.94786,169.00000
0.03922,0.03133,0.03659,0.03396,0.04120,0.31418,0.31090,0.31451,0.31353,0.31122,-0.00057,-0.00025,-0.00123,0.00041,-0.00025,-48.94786,170.00000
0.03528,0.03626,0.03265,0.03626,0.03889,0.31155,0.31320,0.30695,0.31024,0.31221,0.00272,0.00107,-0.00123,-0.00321,0.00173,-48.22435,171.00000
0.03462,0.03166,0.03824,0.03429,0.03462,0.30859,0.30991,0.31813,0.31254,0.31616,0.00074,-0.00156,-0.00057,0.00041,0.00206,-48.22435,172.00000
0.03528,0.03001,0.03988,0.03297,0.03593,0.31353,0.31287,0.31188,0.31188,0.31287,0.00206,-0.00189,-0.00386,-0.00222,0.00140,-48.61441,173.00000
0.03791,0.03593,0.03659,0.03889,0.03626,0.30826,0.31649,0.31287,0.30958,0.31484,0.00173,-0.00353,-0.00386,-0.00485,-0.00288,-48.61441,174.00000
0.03495,0.03692,0.03824,0.03495,0.03922,0.31353,0.30892,0.30892,0.31057,0.30925,-0.00057,-0.00255,0.00173,-0.00288,-0.00288,-48.51312,175.00000
0.04120,0.03922,0.02936,0.03791,0.02903,0.30892,0.31122,0.30859,0.31386,0.31550,-0.00090,-0.00057,-0.00090,-0.00057,-0.00288,-48.51312,176.00000
0.03297,0.03429,0.03889,0.03396,0.03593,0.31517,0.30695,0.31090,0.30958,0.31747,0.00140,-0.00025,0.00041,0.00239,0.00304,-48.31702,177.00000
0.04054,0.03232,0.03297,0.03297,0.03363,0.31353,0.30925,0.31090,0.30991,0.31090,0.00140,-0.00222,-0.00584,-0.00025,-0.00156,-48.31702,178.00000
0.03363,0.03396,0.03133,0.03561,0.04153,0.31254,0.30826,0.31024,0.31155,0.31353,-0.00255,0.00272,0.00337,-0.00288,-0.00123,-48.48250,179.00000
0.03462,0.03955,0.03561,0.03067,0.03429,0.31418,0.31287,0.31024,0.31122,0.30794,-0.00156,-0.00123,-0.00321,-0.00090,-0.00025,-48.48250,180.00000
0.03495,0.03232,0.02870,0.03166,0.03232,0.31155,0.31155,0.30498,0.31386,0.30761,-0.00123,0.00008,-0.00288,-0.00123,0.00206,-48.41379,181.00000
0.03495,0.03725,0.02936,0.03824,0.03297,0.31122,0.31254,0.31057,0.31550,0.31221,0.00041,0.00370,0.00041,-0.00288,-0.00222,-48.41379,182.00000
0.02903,0.03593,0.03561,0.03100,0.03462,0.31353,0.31188,0.31353,0.31221,0.31188,0.00008,0.00074,-0.00353,-0.00288,-0.00321,-48.75698,183.00000
0.02640,0.03067,0.03297,0.03429,0.03429,0.30925,0.30662,0.31221,0.30925,0.31386,-0.00090,0.00206,0.00008,-0.00255,0.00041,-48.75698,184.00000
0.03232,0.03626,0.03265,0.03363,0.03889,0.30662,0.31320,0.31090,0.30892,0.30794,0.00074,-0.00057,0.00008,0.00173,-0.00025,-48.69606,185.00000
0.03857,0.03133,0.03232,0.03462,0.03462,0.31221,0.31287,0.31122,0.31155,0.31155,-0.00189,-0.00255,-0.00189,0.00140,0.00074,-48.69606,186.00000
0.03265,0.03067,0.02903,0.03133,0.03561,0.31287,0.31188,0.31353,0.31616,0.31090,-0.00057,-0.00222,0.00107,0.00008,-0.00156,-49.05095,187.00000
0.02870,0.03692,0.03100,0.03297,0.03462,0.30859,0.31418,0.30826,0.30761,0.30892,-0.00321,-0.00222,-0.00025,0.00107,-0.00057,-49.05095,188.00000
0.03199,0.03001,0.03758,0.03462,0.03330,0.31155,0.31451,0.30958,0.31155,0.31057,0.00173,0.00041,0.00041,-0.00123,-0.00090,-49.51867,189.00000
0.03297,0.03100,0.03133,0.03462,0.03528,0.31418,0.31254,0.31155,0.30859,0.31353,0.00173,0.00173,-0.00353,-0.00222,-0.00123,-49.51867,190.00000
0.03363,0.03166,0.03330,0.02968,0.03265,0.31484,0.31057,0.30859,0.31090,0.30925,-0.00123,-0.00419,0.00173,0.00173,0.00074,-49.44799,191.00000
0.03857,0.03297,0.03133,0.03593,0.02903,0.31057,0.31583,0.31517,0.31155,0.31484,0.00041,0.00140,-0.00452,-0.00025,-0.00123,-49.44799,192.00000
0.03758,0.03528,0.03429,0.02475,0.03166,0.31451,0.30958,0.31024,0.31353,0.30925,0.00272,-0.00189,0.00107,-0.00288,0.00272,-49.37483,193.00000
0.03034,0.03429,0.03265,0.03659,0.03133,0.31254,0.31353,0.30695,0.30728,0.31057,-0.00156,-0.00255,0.00140,0.00206,-0.00255,-49.37483,194.00000
0.04021,0.03396,0.02640,0.03166,0.03330,0.31188,0.31122,0.31122,0.31024,0.31715,-0.00057,-0.00321,0.00140,0.00074,-0.00123,-48.66525,195.00000
0.03791,0.03034,0.02936,0.03199,0.03232,0.31188,0.31155,0.31221,0.31024,0.31221,0.00074,-0.00189,-0.00156,0.00074,0.00140,-48.66525,196.00000
0.02541,0.03232,0.03495,0.03001,0.03363,0.31945,0.31155,0.31386,0.30892,0.30596,0.00140,-0.00057,-0.00222,0.00074,0.00074,-48.93602,197.00000
0.03067,0.03166,0.03265,0.03363,0.03067,0.31188,0.31188,0.31254,0.31616,0.30958,-0.00419,0.00107,-0.00090,0.00304,-0.00222,-48.93602,198.00000
0.03232,0.03396,0.03363,0.03166,0.03297,0.31287,0.31221,0.31451,0.30892,0.30859,-0.00189,-0.00090,0.00107,-0.00321,-0.00189,-48.71125,199.00000
0.03363,0.02936,0.03791,0.02705,0.03396,0.30958,0.31090,0.30892,0.30991,0.31057,-0.00156,-0.00189,-0.00025,-0.00156,0.00173,-48.71125,200.00000
0.02607,0.03265,0.02837,0.02804,0.03265,0.31221,0.31320,0.30991,0.31780,0.31122,-0.00057,-0.00255,0.00107,-0.00156,-0.00255,-48.55490,201.00000
0.02903,0.03067,0.02607,0.03265,0.02837,0.31353,0.31090,0.30794,0.31353,0.31353,-0.00353,-0.00353,0.00008,-0.00025,0.00239,-48.55490,202.00000
0.02278,0.03330,0.03199,0.02936,0.03297,0.30991,0.30859,0.30958,0.31122,0.30892,0.00041,-0.00386,-0.00156,-0.00090,-0.00288,-48.49461,203.00000
0.03495,0.03034,0.03593,0.03593,0.02870,0.30728,0.31090,0.31057,0.31221,0.31155,-0.00090,-0.00189,0.00140,-0.00255,0.00107,-48.49461,204.00000
0.02903,0.02968,0.03100,0.02936,0.02508,0.31517,0.31550,0.30925,0.30958,0.31155,0.00041,-0.00057,-0.00255,-0.00123,0.00008,-48.44465,205.00000
0.02903,0.03100,0.02672,0.03593,0.03001,0.30925,0.31155,0.31090,0.30728,0.31353,0.00074,0.00074,-0.00025,-0.00189,0.00173,-48.44465,206.00000
0.02705,0.03100,0.03166,0.03100,0.03133,0.31353,0.31057,0.30958,0.31353,0.30794,-0.00353,-0.00090,0.00041,-0.00255,-0.00156,-48.76290,207.00000
0.03593,0.02804,0.03297,0.02442,0.03001,0.31583,0.30925,0.31188,0.30794,0.31090,0.00173,-0.00156,-0.00321,0.00008,-0.00156,-48.76290,208.00000
0.03199,0.03067,0.03034,0.02968,0.03462,0.31517,0.30991,0.31353,0.31221,0.31451,-0.00222,-0.00025,-0.00123,-0.00156,0.00008,-48.87253,209.00000
0.03396,0.02903,0.02968,0.03396,0.02936,0.31550,0.31122,0.31122,0.30629,0.31024,-0.00025,-0.00189,0.00074,0.00140,0.00074,-48.87253,210.00000
0.02344,0.03297,0.03396,0.03396,0.02442,0.31254,0.30925,0.31122,0.30925,0.31353,0.00008,-0.00156,-0.00090,-0.00189,0.00107,-48.74054,211.00000
0.02607,0.02804,0.02672,0.02936,0.03067,0.31254,0.31287,0.30958,0.31090,0.30892,-0.00222,0.00041,-0.00156,-0.00025,-0.00025,-48.74054,212.00000
0.02903,0.02409,0.03034,0.03462,0.02903,0.30991,0.31188,0.31550,0.31090,0.31287,-0.00123,-0.00025,0.00272,-0.00057,-0.00057,-49.39799,213.00000
0.03166,0.02903,0.02574,0.02607,0.02903,0.31155,0.31155,0.30859,0.31155,0.31122,0.00008,-0.00025,-0.00189,0.00272,-0.00222,-49.39799,214.00000
0.02541,0.02212,0.02574,0.02672,0.02804,0.31090,0.31122,0.31024,0.31057,0.31418,-0.00288,-0.00025,0.00107,-0.00156,0.00370,-49.76793,215.00000
0.02574,0.03034,0.02640,0.02936,0.02640,0.31320,0.30958,0.30991,0.30695,0.31418,0.00074,-0.00025,-0.00321,-0.00025,0.00008,-49.76793,216.00000
0.03001,0.02771,0.03166,0.02607,0.03133,0.31287,0.30991,0.31155,0.31353,0.30629,-0.00123,0.00041,-0.00222,0.00272,-0.00255,-49.89574,217.00000
0.03363,0.02179,0.03265,0.03265,0.03034,0.31418,0.31024,0.30958,0.31188,0.30991,-0.00090,0.00107,-0.00353,0.00337,-0.00057,-49.89574,218.00000
0.02771,0.02936,0.02705,0.02672,0.02738,0.31057,0.31155,0.31418,0.30596,0.31451,0.00041,0.00008,-0.00025,-0.00485,-0.00353,-49.72379,219.00000
0.02738,0.03166,0.02113,0.03265,0.03001,0.31353,0.31386,0.31122,0.31320,0.31320,-0.00222,0.00403,0.00008,0.00173,0.00008,-49.72379,220.00000
0.02968,0.03067,0.02376,0.03034,0.02837,0.30695,0.31221,0.31188,0.31024,0.30596,-0.00255,0.00008,0.00337,-0.00123,-0.00090,-49.26573,221.00000
0.03067,0.02968,0.02541,0.02541,0.02837,0.31024,0.31386,0.30925,0.31057,0.30958,0.00074,0.00074,-0.00518,-0.00353,-0.00025,-49.26573,222.00000
0.02640,0.02936,0.02804,0.02705,0.03133,0.31287,0.30991,0.30563,0.30728,0.31122,0.00173,0.00239,0.00173,-0.00255,0.00535,-49.43236,223.00000
0.02837,0.03199,0.02771,0.02903,0.02607,0.31517,0.30695,0.30794,0.31122,0.31122,0.00008,-0.00025,0.00008,-0.00025,-0.00222,-49.43236,224.00000
0.02607,0.02278,0.03001,0.02409,0.03067,0.31221,0.31320,0.31846,0.31221,0.31155,-0.00551,0.00140,0.00337,-0.00057,0.00008,-48.93310,225.00000
0.02804,0.03363,0.02738,0.02968,0.02804,0.31122,0.31320,0.31221,0.31057,0.31188,0.00206,-0.00025,-0.00189,0.00206,0.00107,-48.93310,226.00000
0.02968,0.02640,0.02936,0.02607,0.02607,0.31287,0.31320,0.31747,0.31057,0.30892,0.00041,0.00074,0.00272,0.00041,-0.00222,-48.53190,227.00000
0.02640,0.02968,0.02870,0.02936,0.03133,0.31287,0.30958,0.31122,0.31221,0.31122,-0.00057,-0.00057,-0.00156,0.00140,0.00107,-48.53190,228.00000
0.01982,0.02705,0.02837,0.02508,0.03232,0.31188,0.30892,0.31320,0.31287,0.30695,-0.00222,0.00074,-0.00386,0.00008,0.00304,-48.51996,229.00000
0.02409,0.02903,0.03265,0.02870,0.02705,0.31320,0.31353,0.30629,0.31155,0.31386,-0.00090,0.00140,-0.00156,0.00008,0.00337,-48.51996,230.00000
0.03001,0.02738,0.02113,0.03297,0.03001,0.31254,0.31155,0.31155,0.31846,0.31155,0.00337,0.00107,0.00041,0.00107,-0.00025,-48.84566,231.00000
0.02541,0.02311,0.02936,0.02607,0.02936,0.30958,0.31122,0.31057,0.30991,0.30958,0.00173,0.00074,0.00107,-0.00847,-0.00123,-48.84566,232.00000
0.02475,0.02936,0.03034,0.02738,0.03100,0.31649,0.31254,0.31221,0.31024,0.31320,0.00239,-0.00222,-0.00057,0.00239,0.00173,-48.46547,233.00000
0.02738,0.02936,0.03034,0.03034,0.02376,0.31024,0.30958,0.31418,0.31418,0.31188,0.00173,-0.00255,-0.00025,-0.00123,-0.00321,-48.46547,234.00000
0.02705,0.02804,0.02607,0.02640,0.02640,0.31682,0.31122,0.31649,0.31484,0.31583,0.00107,0.00370,-0.00288,-0.00057,-0.00255,-48.76539,235.00000
0.02541,0.02968,0.03034,0.02870,0.02672,0.31221,0.30761,0.31155,0.31254,0.31813,-0.00189,-0.00057,-0.00057,-0.00189,-0.00288,-48.76539,236.00000
0.02771,0.03232,0.02344,0.02607,0.02936,0.30695,0.31287,0.31320,0.30991,0.31122,-0.00123,-0.00156,-0.00255,-0.00123,-0.00025,-49.17855,237.00000
0.03067,0.03100,0.02607,0.03363,0.02278,0.31221,0.31616,0.30629,0.31320,0.31024,-0.00156,0.00041,-0.00255,-0.00189,0.00206,-49.17855,238.00000
0.02607,0.02771,0.02771,0.02311,0.03001,0.31451,0.31057,0.31451,0.31254,0.31287,-0.00123,-0.00485,-0.00288,-0.00025,-0.00057,-49.25380,239.00000
0.02705,0.02179,0.02903,0.02442,0.02771,0.31583,0.31418,0.30761,0.31221,0.30925,-0.00156,0.00272,0.00008,-0.00584,-0.00090,-49.25380,240.00000
0.03133,0.02903,0.02442,0.02738,0.02541,0.31386,0.30728,0.31550,0.31090,0.30892,-0.00189,-0.00156,-0.00189,0.00173,0.00041,-48.98333,241.00000
0.03034,0.01850,0.02442,0.02409,0.03100,0.31155,0.31221,0.31287,0.31221,0.31353,-0.00288,0.00140,0.00074,0.00140,-0.00189,-48.98333,242.00000
0.02508,0.02705,0.02409,0.02409,0.02870,0.31517,0.31583,0.30859,0.31057,0.31287,0.00173,0.00074,-0.00057,0.00074,0.00337,-49.44103,243.00000
0.02640,0.02771,0.02048,0.02409,0.02903,0.31287,0.31550,0.31122,0.31320,0.31090,-0.00156,-0.00057,-0.00156,-0.00025,0.00304,-49.44103,244.00000
0.02442,0.02672,0.02837,0.02409,0.02376,0.31024,0.31287,0.31912,0.31221,0.31583,0.00370,0.00041,0.00173,-0.00222,-0.00025,-49.80802,245.00000
0.02574,0.02804,0.02574,0.02804,0.02607,0.31451,0.31188,0.31221,0.31517,0.31122,0.00140,0.00140,0.00173,0.00173,-0.00090,-49.80802,246.00000
0.02672,0.02245,0.02409,0.02738,0.02771,0.30728,0.31188,0.31155,0.31353,0.31353,-0.00222,-0.00222,-0.00123,0.00370,0.00074,-49.72716,247.00000
0.03626,0.03034,0.02870,0.02344,0.02607,0.31090,0.31353,0.31353,0.31090,0.31682,0.00206,-0.00353,-0.00419,0.00370,-0.00025,-49.72716,248.00000
0.02113,0.02541,0.02672,0.02574,0.03133,0.31287,0.31221,0.31221,0.31122,0.30892,-0.00025,-0.00222,0.00107,0.00074,-0.00222,-49.48119,249.00000
0.02705,0.02508,0.02738,0.02607,0.02278,0.31715,0.31254,0.31353,0.31386,0.31254,-0.00288,0.00502,-0.00255,0.00239,0.00206,-49.48119,250.00000
0.02771,0.03265,0.02771,0.01982,0.02475,0.30794,0.30958,0.30826,0.30859,0.31024,0.00140,0.00074,-0.00057,-0.00288,0.00140,-49.07470,251.00000
0.02475,0.02804,0.02442,0.02475,0.03199,0.31353,0.31155,0.30859,0.31024,0.31155,0.00173,-0.00057,-0.00189,0.00403,0.00107,-49.07470,252.00000
0.02475,0.02146,0.02968,0.02278,0.02672,0.30892,0.31287,0.31715,0.31386,0.31155,-0.00090,0.00107,-0.00353,0.00173,-0.00057,-48.44075,253.00000
0.02705,0.02212,0.03034,0.02771,0.02442,0.31484,0.31188,0.30991,0.31155,0.31320,-0.00025,-0.00057,-0.00288,0.00041,0.00206,-48.44075,254.00000
0.02541,0.03034,0.02903,0.02804,0.02607,0.31418,0.31320,0.31418,0.31122,0.31221,-0.00353,-0.00288,-0.00255,-0.00025,-0.00090,-48.35503,255.00000
0.02113,0.02607,0.02048,0.02968,0.02640,0.31122,0.31221,0.31353,0.31780,0.31386,-0.00025,-0.00156,-0.00123,-0.00255,0.00041,-48.35503,256.00000
0.02508,0.02179,0.02936,0.02508,0.02278,0.31649,0.31451,0.31090,0.31221,0.31813,0.00008,-0.00123,0.00140,-0.00123,0.00041,-47.61266,257.00000
0.02541,0.02311,0.02311,0.02311,0.02738,0.31057,0.31221,0.31353,0.31254,0.30991,-0.00386,-0.00090,0.00304,0.00107,-0.00156,-47.61266,258.00000
0.02080,0.02409,0.02870,0.02080,0.02607,0.31320,0.30892,0.31517,0.30629,0.31583,-0.00025,0.00074,0.00436,-0.00353,0.00140,-47.78182,259.00000
0.02146,0.02278,0.02771,0.02738,0.02738,0.31254,0.31057,0.30925,0.31386,0.31090,-0.00156,-0.00156,-0.00189,-0.00090,-0.00386,-47.78182,260.00000
0.02541,0.02475,0.02245,0.02771,0.02574,0.31057,0.30925,0.31155,0.31188,0.31122,0.00107,-0.00123,-0.00123,0.00008,0.00304,-47.76112,261.00000
0.03133,0.02870,0.02179,0.01817,0.02738,0.31583,0.31287,0.31287,0.31320,0.31287,-0.00321,-0.00057,-0.00189,-0.00255,-0.00156,-47.76112,262.00000
0.02640,0.02442,0.02376,0.02080,0.02278,0.31320,0.31353,0.30991,0.31484,0.30958,0.00272,0.00074,0.00239,0.00304,0.00699,-47.90194,263.00000
0.02146,0.02409,0.02804,0.02245,0.02376,0.31090,0.32043,0.31057,0.31221,0.31320,0.00074,-0.00090,0.00041,-0.00057,-0.00156,-47.90194,264.00000
0.02738,0.02409,0.02771,0.02640,0.02278,0.31517,0.31221,0.31221,0.31353,0.31287,0.00074,0.00239,-0.00255,0.00074,0.00173,-47.84609,265.00000
0.02705,0.02311,0.02771,0.02508,0.02903,0.31155,0.31090,0.30465,0.31451,0.30892,0.00074,0.00173,0.00304,0.00041,-0.00156,-47.84609,266.00000
0.01883,0.03297,0.02146,0.02376,0.02376,0.31188,0.31287,0.31090,0.31780,0.31287,-0.00255,-0.00090,-0.00090,-0.00288,-0.00156,-48.11972,267.00000
0.02903,0.02705,0.02607,0.03034,0.02113,0.31221,0.31221,0.31155,0.31320,0.31057,-0.00057,-0.00419,-0.00353,-0.00255,-0.00123,-48.11972,268.00000
0.02179,0.02968,0.02376,0.02870,0.02640,0.31221,0.32011,0.31353,0.31024,0.31451,0.00107,0.00041,0.00008,0.00107,0.00206,-48.16543,269.00000
0.02311,0.02409,0.02245,0.02672,0.02146,0.31188,0.31254,0.31024,0.31320,0.31320,0.00370,-0.00222,0.00173,0.00107,0.00107,-48.16543,270.00000
0.01949,0.02771,0.02146,0.02409,0.02442,0.31090,0.31155,0.31484,0.31484,0.31451,0.00140,-0.00189,-0.00518,-0.00123,-0.00057,-48.93808,271.00000
0.02705,0.01916,0.01982,0.02541,0.02409,0.31122,0.31057,0.31221,0.31583,0.31024,-0.00353,0.00074,-0.00353,0.00206,0.00041,-48.93808,272.00000
0.02738,0.02574,0.02508,0.02804,0.02705,0.31122,0.31122,0.31155,0.31451,0.31090,0.00041,0.00206,0.00008,0.00041,-0.00123,-49.65338,273.00000
0.02508,0.02212,0.02837,0.02541,0.03001,0.31024,0.31024,0.31122,0.31747,0.31122,-0.00025,-0.00255,0.00041,-0.00025,-0.00025,-49.65338,274.00000
0.02146,0.02541,0.01883,0.02574,0.02113,0.30991,0.31221,0.31122,0.31287,0.31155,0.00008,-0.00057,0.00140,-0.00123,-0.00156,-49.54431,275.00000
0.02409,0.01850,0.02245,0.02705,0.02442,0.31287,0.31649,0.30991,0.31024,0.31254,0.00008,0.00304,-0.00288,-0.00057,0.00206,-49.54431,276.00000
0.02409,0.03166,0.02442,0.01916,0.02607,0.31155,0.31221,0.31254,0.31484,0.30925,0.00206,-0.00386,0.00008,-0.00288,-0.00123,-49.27629,277.00000
0.02508,0.02475,0.02409,0.02475,0.02574,0.30859,0.31155,0.31024,0.30498,0.31451,-0.00419,0.00337,-0.00156,-0.00123,0.00140,-49.27629,278.00000
0.02015,0.02311,0.02541,0.02212,0.01982,0.31155,0.31057,0.31221,0.31320,0.30794,-0.00321,-0.00057,0.00337,-0.00123,0.00173,-49.50939,279.00000
0.02574,0.02607,0.02541,0.02705,0.02672,0.31188,0.30958,0.31024,0.31254,0.31155,-0.00353,-0.00123,0.00239,0.00008,-0.00123,-49.50939,280.00000
0.02245,0.02048,0.02475,0.02245,0.02771,0.31188,0.31418,0.31353,0.31320,0.30596,-0.00189,0.00140,0.00206,0.00469,-0.00255,-49.09350,281.00000
0.02311,0.02936,0.01817,0.02968,0.01949,0.31386,0.30826,0.31287,0.30794,0.31024,-0.00156,-0.00090,-0.00025,0.00107,0.00206,-49.09350,282.00000
0.02442,0.02541,0.02541,0.01817,0.01883,0.31024,0.31386,0.31024,0.31583,0.30958,0.00140,-0.00222,0.00173,-0.00222,-0.00485,-48.74137,283.00000
0.02344,0.02344,0.02574,0.02113,0.02771,0.31353,0.31155,0.31484,0.30991,0.30761,-0.00090,0.00337,-0.00353,-0.00156,-0.00419,-48.74137,284.00000
0.02508,0.02640,0.02048,0.02640,0.01719,0.31155,0.31090,0.31484,0.31386,0.31155,-0.00025,0.00041,-0.00156,-0.00288,-0.00025,-47.31033,285.00000
0.02179,0.02146,0.02442,0.02048,0.02738,0.30859,0.31254,0.31353,0.30925,0.31057,-0.00452,-0.00353,-0.00551,0.00206,0.00140,-47.31033,286.00000
0.02376,0.02278,0.01949,0.02344,0.02508,0.30859,0.31057,0.31155,0.31254,0.31254,0.00107,0.00107,0.00206,0.00074,-0.00551,-45.97056,287.00000
0.01982,0.02080,0.02409,0.02541,0.02344,0.31024,0.31484,0.31155,0.31320,0.31122,-0.00189,-0.00025,-0.00123,-0.00090,0.00008,-45.97056,288.00000
0.02376,0.02048,0.02048,0.02508,0.02344,0.31682,0.30958,0.31188,0.31155,0.31254,0.00502,0.00370,0.00074,0.00173,-0.00090,-44.28473,289.00000
0.02640,0.02311,0.03034,0.02146,0.02672,0.31418,0.31155,0.31254,0.31320,0.31353,0.00173,-0.00123,0.00041,0.00272,-0.00156,-44.28473,290.00000
0.02936,0.02738,0.02179,0.02541,0.02705,0.31090,0.31386,0.31221,0.31287,0.31484,-0.00255,-0.00090,0.00140,0.00041,-0.00353,-43.50102,291.00000
0.02508,0.02541,0.02048,0.02574,0.02738,0.31353,0.31583,0.31320,0.31715,0.30794,0.00008,-0.00584,0.00173,-0.00189,-0.00189,-43.50102,292.00000
0.02311,0.02442,0.02442,0.01949,0.02442,0.31024,0.30794,0.31517,0.30629,0.31090,-0.00090,-0.00452,0.00074,-0.00156,0.00337,-44.58499,293.00000
0.02705,0.02574,0.02179,0.02508,0.02245,0.31024,0.31254,0.31057,0.31221,0.31090,0.00008,0.00041,0.00107,-0.00222,-0.00255,-44.58499,294.00000
0.02607,0.02738,0.02278,0.02146,0.01916,0.31320,0.31254,0.31484,0.31221,0.31221,-0.00156,-0.00288,-0.00321,-0.00090,0.00041,-45.16115,295.00000
0.02179,0.02212,0.02442,0.02344,0.02048,0.31221,0.31320,0.30958,0.30991,0.31057,0.00140,-0.00222,0.00074,-0.00057,-0.00025,-45.16115,296.00000
0.02574,0.02475,0.02278,0.02804,0.02245,0.31386,0.31320,0.30991,0.31254,0.31155,0.00107,-0.00123,-0.00057,-0.00321,-0.00189,-46.30861,297.00000
0.02574,0.02541,0.02344,0.02475,0.02541,0.31287,0.30958,0.31550,0.31451,0.31287,0.00074,-0.00222,0.00008,-0.00123,-0.00288,-46.30861,298.00000
0.02212,0.02080,0.03067,0.02245,0.02837,0.31254,0.31254,0.31517,0.31155,0.31221,0.00041,-0.00419,0.00074,-0.00057,-0.00025,-46.76596,299.00000
0.02376,0.02508,0.02278,0.02705,0.02048,0.30991,0.31353,0.31254,0.31386,0.31122,-0.00090,-0.00025,0.00008,0.00107,0.00041,-46.76596,300.00000
0.02344,0.02508,0.02837,0.02442,0.01949,0.31090,0.31155,0.31221,0.31715,0.31320,0.00140,0.00008,-0.00090,-0.00090,0.00107,-47.00413,301.00000
0.02278,0.02968,0.01653,0.02344,0.02245,0.31155,0.30991,0.30958,0.31090,0.30892,-0.00156,-0.00156,0.00173,-0.00057,-0.00057,-47.00413,302.00000
0.02179,0.02870,0.01784,0.02936,0.01784,0.31254,0.31451,0.31649,0.31188,0.31583,-0.00123,-0.00057,-0.00123,0.00272,-0.00156,-47.56818,303.00000
0.02113,0.02475,0.02442,0.02146,0.02212,0.31451,0.30925,0.31188,0.31221,0.31155,-0.00156,-0.00123,0.00173,0.00173,0.00272,-47.56818,304.00000
0.02311,0.02574,0.02015,0.02738,0.02179,0.31517,0.31517,0.31386,0.31682,0.31649,0.00272,0.00239,-0.00189,-0.00123,-0.00057,-48.29415,305.00000
0.02738,0.02409,0.02245,0.03133,0.02179,0.30958,0.31221,0.30958,0.31418,0.30991,-0.00419,-0.00419,0.00041,-0.00057,0.00107,-48.29415,306.00000
0.01883,0.02870,0.02409,0.02344,0.02771,0.30859,0.30991,0.31813,0.31155,0.31550,-0.00321,-0.00255,-0.00025,0.00304,0.00041,-49.17364,307.00000
0.03429,0.02640,0.02475,0.02278,0.01752,0.31353,0.31320,0.31386,0.30892,0.30958,-0.00090,-0.00156,0.00206,-0.00156,-0.00156,-49.17364,308.00000
0.02475,0.02311,0.02475,0.02607,0.02541,0.31122,0.31090,0.30826,0.30859,0.31418,-0.00025,-0.00288,-0.00189,-0.00353,-0.00222,-48.99499,309.00000
0.02278,0.02771,0.01423,0.02442,0.03133,0.31188,0.31122,0.31649,0.30991,0.30892,0.00008,0.00206,0.00041,0.00337,0.00206,-48.99499,310.00000
0.02212,0.02311,0.02376,0.02344,0.01916,0.31024,0.31649,0.30892,0.30991,0.30399,-0.00156,0.00008,-0.00057,0.00107,0.00140,-48.82869,311.00000
0.02541,0.02409,0.02311,0.01916,0.02475,0.31484,0.30267,0.31057,0.30794,0.31353,0.00304,0.00041,-0.00222,-0.00025,-0.00057,-48.82869,312.00000
0.02508,0.02442,0.02376,0.02574,0.02278,0.31418,0.31484,0.31090,0.30794,0.30695,-0.00025,0.00206,0.00272,-0.00222,0.00008,-47.94309,313.00000
0.02080,0.02672,0.01949,0.02015,0.02508,0.31418,0.31090,0.31682,0.31649,0.30629,0.00272,0.00337,0.00008,0.00272,-0.00057,-47.94309,314.00000
0.02771,0.02278,0.02311,0.02146,0.01982,0.31024,0.30826,0.31188,0.31090,0.31024,0.00041,0.00272,0.00140,-0.00222,-0.00222,-48.05418,315.00000
0.02344,0.02672,0.02442,0.02837,0.02212,0.30859,0.30859,0.31287,0.31024,0.31451,-0.00025,-0.00123,-0.00025,0.00173,0.00008,-48.05418,316.00000
0.02705,0.02409,0.02146,0.02508,0.01883,0.31122,0.31386,0.30991,0.31320,0.31583,0.00041,-0.00321,0.00074,-0.00386,-0.00156,-47.91665,317.00000
0.02409,0.02080,0.02968,0.02080,0.01817,0.30859,0.30794,0.31451,0.31418,0.30991,0.00140,0.00173,-0.00321,-0.00452,-0.00321,-47.91665,318.00000
0.02968,0.02541,0.02245,0.02048,0.02311,0.31353,0.31320,0.31353,0.31057,0.31517,0.00107,0.00074,0.00272,0.00107,-0.00222,-47.67198,319.00000
0.02080,0.02672,0.02212,0.02212,0.02771,0.31418,0.30925,0.30925,0.30695,0.31221,-0.00090,-0.00156,0.00008,0.00239,-0.00025,-47.67198,320.00000
0.02640,0.01916,0.02245,0.02705,0.02245,0.30892,0.31254,0.31517,0.31418,0.30892,0.00173,0.00074,0.00074,-0.00321,0.00008,-47.53164,321.00000
0.02146,0.02672,0.01883,0.02113,0.02278,0.31451,0.31517,0.31090,0.30958,0.31550,-0.00222,-0.00057,0.00239,0.00008,-0.00353,-47.53164,322.00000
0.02376,0.02113,0.02936,0.02245,0.01488,0.31254,0.31221,0.30892,0.30925,0.31649,0.00041,0.00008,-0.00353,-0.00025,0.00008,-47.46576,323.00000
0.02574,0.02409,0.01488,0.02409,0.02771,0.31418,0.31320,0.31122,0.31353,0.31254,-0.00288,-0.00025,0.00403,0.00008,0.00074,-47.46576,324.00000
0.02475,0.02541,0.02376,0.02311,0.01587,0.31024,0.31221,0.30761,0.31254,0.31386,-0.00255,-0.00156,-0.00025,-0.00156,0.00041,-47.56669,325.00000
0.02376,0.02672,0.01949,0.02640,0.02311,0.31024,0.31386,0.31583,0.31057,0.30761,-0.00025,0.00337,-0.00025,-0.00123,0.00206,-47.56669,326.00000
0.02179,0.02672,0.02311,0.01883,0.02080,0.31090,0.30859,0.31583,0.31353,0.31090,-0.00255,-0.00255,-0.00189,-0.00288,-0.00090,-48.52753,327.00000
0.02442,0.02048,0.02080,0.02705,0.02771,0.31024,0.30794,0.31550,0.31254,0.31024,0.00140,-0.00189,0.00535,0.00239,-0.00025,-48.52753,328.00000
0.02179,0.02048,0.02541,0.02574,0.02146,0.31024,0.30958,0.31550,0.31188,0.31188,-0.00189,-0.00025,-0.00123,-0.00288,-0.00090,-48.59192,329.00000
0.02508,0.02015,0.02442,0.02574,0.02672,0.31090,0.31484,0.31780,0.31254,0.31320,-0.00057,-0.00189,-0.00025,-0.00452,-0.00156,-48.59192,330.00000
0.02508,0.01752,0.02245,0.03232,0.02048,0.31386,0.31221,0.31122,0.31418,0.31780,0.00041,0.00074,-0.00025,-0.00090,0.00008,-48.45744,331.00000
0.02080,0.02837,0.01817,0.02311,0.02672,0.30991,0.31451,0.31254,0.31682,0.31024,0.00074,-0.00057,-0.00123,0.00008,-0.00189,-48.45744,332.00000
0.02311,0.02245,0.02278,0.02541,0.02311,0.31287,0.31122,0.30892,0.31320,0.31155,-0.00189,0.00206,0.00074,-0.00255,-0.00123,-48.90490,333.00000
0.02311,0.02015,0.01949,0.02771,0.02804,0.31287,0.30991,0.31616,0.31616,0.31517,-0.00057,-0.00156,0.00074,0.00107,0.00272,-48.90490,334.00000
0.02640,0.02607,0.02113,0.02574,0.02179,0.31484,0.31254,0.31057,0.31353,0.31484,0.00107,0.00008,-0.00189,-0.00222,-0.00156,-48.59773,335.00000
0.02837,0.02015,0.02179,0.02048,0.01488,0.30958,0.31550,0.31616,0.30892,0.30596,0.00140,0.00041,-0.00222,0.00337,0.00074,-48.59773,336.00000
0.02442,0.02015,0.02113,0.02409,0.02541,0.30925,0.31517,0.31451,0.30794,0.31057,0.00239,-0.00025,-0.00255,0.00074,0.00074,-48.80799,337.00000
0.02245,0.02080,0.02113,0.02278,0.02771,0.31155,0.30991,0.31057,0.31747,0.31287,0.00304,-0.00057,-0.00123,0.00041,-0.00057,-48.80799,338.00000
0.02903,0.02146,0.02048,0.02344,0.02179,0.31484,0.31122,0.31320,0.31616,0.31024,-0.00025,0.00008,0.00140,-0.00156,0.00173,-48.60149,339.00000
0.02442,0.02541,0.02311,0.02738,0.02508,0.31418,0.31221,0.31287,0.30859,0.31254,0.00272,-0.00255,0.00107,-0.00386,-0.00255,-48.60149,340.00000
0.02245,0.02640,0.01883,0.02640,0.02508,0.30794,0.31254,0.31418,0.31550,0.30794,-0.00090,-0.00090,-0.00025,-0.00255,0.00107,-48.06017,341.00000
0.01850,0.02574,0.02080,0.02179,0.02048,0.31122,0.31320,0.31715,0.31418,0.31024,0.00107,-0.00156,0.00173,-0.00057,-0.00123,-48.06017,342.00000
0.02541,0.02442,0.01817,0.02311,0.02245,0.31287,0.31353,0.31386,0.30892,0.30596,0.00206,-0.00025,0.00140,-0.00255,-0.00386,-47.20938,343.00000
0.02968,0.02442,0.02442,0.02475,0.02672,0.31287,0.31155,0.31320,0.31320,0.31221,0.00206,-0.00288,-0.00025,-0.00156,0.00140,-47.20938,344.00000
0.02541,0.02212,0.03001,0.01653,0.02409,0.31649,0.31155,0.31254,0.31320,0.31024,-0.00452,-0.00025,0.00403,0.00140,-0.00090,-47.14024,345.00000
0.02080,0.02146,0.02311,0.02442,0.02442,0.31517,0.30991,0.31188,0.31024,0.31090,-0.00288,0.00074,-0.00057,0.00173,0.00239,-47.14024,346.00000
0.01916,0.02409,0.02508,0.02442,0.02278,0.31155,0.31155,0.31353,0.31188,0.31287,-0.00353,-0.00156,-0.00255,-0.00025,-0.00189,-47.46849,347.00000
0.02179,0.02442,0.02179,0.02936,0.02212,0.31090,0.31353,0.31616,0.31353,0.31418,-0.00090,-0.00156,0.00140,-0.00222,-0.00222,-47.46849,348.00000
0.02015,0.01883,0.02672,0.02113,0.01883,0.31682,0.31188,0.30925,0.30761,0.31418,0.00074,-0.00156,-0.00189,-0.00321,-0.00222,-47.68570,349.00000
0.03034,0.02113,0.01916,0.02080,0.02672,0.30794,0.31254,0.31090,0.31254,0.31122,0.00206,-0.00123,0.00008,-0.00057,0.00239,-47.68570,350.00000
0.02245,0.02015,0.02376,0.02409,0.02541,0.31287,0.30794,0.30991,0.31320,0.31484,-0.00321,0.00140,-0.00156,-0.00090,-0.00156,-47.54568,351.00000
0.02705,0.02409,0.02048,0.02146,0.02607,0.31090,0.31155,0.30892,0.31353,0.31418,0.00008,-0.00222,-0.00156,0.00140,0.00140,-47.54568,352.00000
0.02344,0.02080,0.02771,0.02212,0.02146,0.31451,0.31320,0.30925,0.31122,0.31188,-0.00288,0.00272,-0.00255,-0.00025,-0.00156,-47.41326,353.00000
0.02376,0.02344,0.02344,0.01883,0.02146,0.31221,0.31155,0.31057,0.31353,0.31418,0.00074,-0.00090,0.00140,0.00074,0.00239,-47.41326,354.00000
0.02146,0.02245,0.02278,0.02508,0.02672,0.31024,0.31188,0.30859,0.31484,0.31550,0.00239,-0.00288,-0.00288,0.00140,-0.00255,-45.55253,355.00000
0.02245,0.02705,0.02344,0.01850,0.02048,0.31320,0.31386,0.31221,0.31747,0.31254,0.00008,0.00206,-0.00123,-0.00255,-0.00222,-45.55253,356.00000
0.01916,0.02245,0.02048,0.02672,0.01620,0.31254,0.31188,0.30892,0.30267,0.31024,-0.00090,0.00041,-0.00222,-0.00222,0.00107,-44.06790,357.00000
0.02048,0.02870,0.01752,0.01850,0.02048,0.31517,0.31155,0.31550,0.30925,0.31583,-0.00156,-0.00419,-0.00189,0.00107,0.00107,-44.06790,358.00000
0.02936,0.01883,0.02179,0.01982,0.02245,0.31451,0.31583,0.31287,0.30794,0.31122,-0.00255,0.00041,-0.00025,0.00173,-0.00156,-42.78029,359.00000
0.02278,0.02245,0.01817,0.02541,0.01916,0.30991,0.31155,0.31057,0.31649,0.31155,-0.00156,0.00074,-0.00090,0.00140,-0.00090,-42.78029,360.00000
0.02179,0.02837,0.02640,0.02475,0.02146,0.30826,0.30892,0.31550,0.31122,0.31122,0.00173,-0.00025,-0.00090,-0.00090,-0.00123,-42.80893,361.00000
0.01982,0.02607,0.02640,0.02705,0.02376,0.30892,0.31090,0.31057,0.31353,0.30958,0.00074,-0.00353,-0.00090,-0.00156,-0.00057,-42.80893,362.00000
0.02311,0.02015,0.02146,0.02048,0.02574,0.31155,0.31616,0.31353,0.31320,0.31320,-0.00321,-0.00090,-0.00057,0.00173,0.00239,-44.12360,363.00000
0.01982,0.02179,0.02212,0.02837,0.01784,0.30596,0.31418,0.31155,0.31517,0.31254,-0.00025,0.00370,-0.00156,0.00272,0.00008,-44.12360,364.00000
0.02442,0.02344,0.02311,0.02804,0.02344,0.30826,0.31353,0.30695,0.31221,0.31484,0.00239,-0.00386,0.00041,-0.00288,-0.00288,-45.83337,365.00000
0.01949,0.02245,0.02475,0.02475,0.02837,0.31517,0.31386,0.31122,0.31682,0.30563,-0.00321,0.00535,-0.00123,0.00008,0.00041,-45.83337,366.00000
0.02574,0.01488,0.02672,0.02344,0.02541,0.31122,0.30991,0.31649,0.30958,0.31747,0.00173,-0.00255,0.00272,0.00008,-0.00189,-46.63957,367.00000
0.02080,0.02574,0.02311,0.02574,0.02508,0.31188,0.30794,0.31155,0.30761,0.30629,0.00008,0.00206,0.00173,0.00173,-0.00189,-46.63957,368.00000
0.02048,0.01883,0.01982,0.02541,0.02311,0.31583,0.30826,0.30958,0.31188,0.31155,-0.00090,-0.00419,-0.00057,-0.00057,0.00239,-47.38211,369.00000
0.02442,0.03034,0.01554,0.02870,0.02146,0.31320,0.31320,0.31320,0.30761,0.30859,-0.00090,-0.00189,-0.00255,0.00337,-0.00025,-47.38211,370.00000
0.02607,0.02245,0.02804,0.02541,0.02376,0.30958,0.31024,0.31155,0.31517,0.30826,-0.00189,0.00206,-0.00222,0.00173,-0.00025,-48.26776,371.00000
0.02376,0.02442,0.02804,0.02278,0.02344,0.31090,0.31057,0.31024,0.31649,0.31353,-0.00255,-0.00156,-0.00123,0.00074,-0.00090,-48.26776,372.00000
0.02344,0.02080,0.02245,0.02245,0.01620,0.30925,0.31155,0.31353,0.30629,0.30892,-0.00090,-0.00057,-0.00321,-0.00090,-0.00222,-47.46171,373.00000
0.02442,0.02146,0.02179,0.01817,0.02475,0.31122,0.31451,0.31780,0.31090,0.31353,-0.00025,0.00041,0.00107,-0.00156,-0.00288,-47.46171,374.00000
0.02508,0.02344,0.02311,0.01817,0.02804,0.31024,0.31155,0.31221,0.31320,0.31024,-0.00321,-0.00123,0.00107,0.00337,0.00272,-47.69094,375.00000
0.02311,0.02672,0.02607,0.02771,0.01916,0.30826,0.30892,0.31418,0.31451,0.31418,-0.00025,0.00041,0.00337,0.00206,-0.00057,-47.69094,376.00000
0.02640,0.02442,0.02475,0.02508,0.02212,0.31254,0.31682,0.31320,0.30958,0.31122,-0.00090,0.00272,0.00272,0.00041,-0.00222,-47.67938,377.00000
0.02541,0.01916,0.02146,0.02311,0.01883,0.31057,0.31057,0.31221,0.31320,0.31254,-0.00255,0.00206,0.00107,-0.00123,0.00107,-47.67938,378.00000
0.02212,0.02311,0.02804,0.02903,0.02475,0.31616,0.31221,0.31418,0.30892,0.31320,0.00041,-0.00353,0.00041,-0.00090,0.00107,-48.24459,379.00000
0.01916,0.02409,0.02179,0.02804,0.02541,0.31287,0.30991,0.31386,0.30826,0.31090,0.00140,0.00206,0.00337,-0.00156,-0.00222,-48.24459,380.00000
0.02705,0.02080,0.02146,0.02574,0.01784,0.30530,0.31583,0.30563,0.31583,0.31649,0.00041,0.00173,0.00337,-0.00321,-0.00123,-48.52536,381.00000
0.02607,0.02771,0.02212,0.02212,0.01752,0.31122,0.31517,0.31418,0.31090,0.30530,-0.00321,0.00107,-0.00255,-0.00057,0.00140,-48.52536,382.00000
0.01850,0.02278,0.02541,0.01916,0.02212,0.31418,0.31287,0.31320,0.31418,0.30892,-0.00057,-0.00189,-0.00025,0.00140,-0.00156,-48.30565,383.00000
0.02311,0.02574,0.02409,0.03067,0.01982,0.31320,0.31024,0.31287,0.31122,0.31254,-0.00156,-0.00353,0.00008,0.00173,0.00107,-48.30565,384.00000
0.01949,0.02475,0.02968,0.01324,0.02376,0.31188,0.31155,0.31320,0.31155,0.30794,0.00107,-0.00386,0.00272,-0.00682,0.00041,-48.40494,385.00000
0.02278,0.02212,0.02376,0.02738,0.02113,0.31057,0.30761,0.31320,0.31550,0.30728,0.00041,0.00206,-0.00025,0.00107,-0.00123,-48.40494,386.00000
0.02574,0.02376,0.02607,0.02475,0.02574,0.31451,0.31090,0.31484,0.31484,0.31221,0.00008,-0.00123,-0.00090,-0.00321,0.00140,-48.80479,387.00000
0.02607,0.02508,0.02475,0.01784,0.02376,0.30794,0.31024,0.31386,0.31550,0.31090,0.00041,-0.00452,-0.00485,-0.00156,0.00272,-48.80479,388.00000
0.02442,0.02705,0.02607,0.02771,0.02048,0.31188,0.31155,0.31155,0.30794,0.31287,0.00206,0.00008,-0.00123,0.00008,-0.00189,-48.93464,389.00000
0.02048,0.02212,0.02245,0.02475,0.02278,0.31122,0.31188,0.31155,0.31517,0.31353,-0.00123,0.00074,0.00041,-0.00156,0.00206,-48.93464,390.00000
0.02212,0.02344,0.02442,0.01916,0.02179,0.31155,0.31517,0.31155,0.30892,0.31649,-0.00057,-0.00452,-0.00222,0.00008,-0.00222,-48.77544,391.00000
0.02212,0.02080,0.02212,0.02278,0.02409,0.31287,0.31221,0.31188,0.31122,0.31451,-0.00321,-0.00057,0.00140,-0.00255,-0.00222,-48.77544,392.00000
0.02311,0.02409,0.02771,0.02278,0.02344,0.31221,0.31550,0.31320,0.31418,0.31517,0.00107,0.00140,0.00008,0.00173,0.00041,-48.86787,393.00000
0.02179,0.02245,0.02245,0.01949,0.02179,0.30892,0.31287,0.31484,0.31451,0.31484,-0.00057,-0.00255,0.00206,0.00469,-0.00156,-48.86787,394.00000
0.02508,0.02245,0.02278,0.02278,0.02113,0.31353,0.31846,0.31451,0.31122,0.30958,-0.00123,-0.00123,-0.00189,-0.00025,0.00008,-48.22311,395.00000
0.02442,0.02541,0.02442,0.02212,0.02705,0.31024,0.31846,0.31320,0.31879,0.31188,-0.00189,-0.00189,0.00008,-0.00353,-0.00255,-48.22311,396.00000
0.02607,0.01949,0.02607,0.02442,0.02475,0.31813,0.31386,0.31287,0.31122,0.30826,0.00008,-0.00288,0.00272,0.00140,-0.00321,-48.23272,397.00000
0.02146,0.02475,0.02508,0.02640,0.02015,0.31353,0.31418,0.31287,0.30991,0.31682,-0.00025,-0.00025,0.00304,-0.00222,0.00140,-48.23272,398.00000
0.02376,0.03396,0.02245,0.02179,0.01521,0.31254,0.31747,0.31451,0.31715,0.31418,0.00337,-0.00156,0.00107,-0.00189,0.00008,-48.31075,399.00000
0.02607,0.02409,0.02409,0.02640,0.02080,0.30958,0.31517,0.30958,0.31057,0.31320,0.00008,-0.00222,-0.00222,0.00008,0.00272,-48.31075,400.00000
0.02376,0.02936,0.02376,0.02442,0.02113,0.31057,0.31320,0.31155,0.31386,0.31320,0.00008,-0.00123,0.00173,-0.00025,-0.00123,-48.08282,401.00000
0.02672,0.02113,0.02640,0.02475,0.02146,0.30826,0.31550,0.31221,0.31320,0.31616,-0.00025,0.00173,-0.00025,-0.00090,-0.00321,-48.08282,402.00000
0.02146,0.02113,0.01982,0.02344,0.02837,0.31057,0.30859,0.31188,0.31715,0.31254,-0.00156,-0.00321,-0.00288,0.00173,0.00140,-47.96504,403.00000
0.02278,0.02048,0.01883,0.02278,0.02015,0.31418,0.31386,0.31188,0.32109,0.31747,0.00436,-0.00288,0.00173,0.00008,-0.00353,-47.96504,404.00000
0.01686,0.02705,0.02311,0.02705,0.02409,0.31155,0.31090,0.31057,0.30761,0.31254,-0.00057,-0.00057,-0.00189,-0.00025,-0.00255,-48.45781,405.00000
0.02212,0.02574,0.02672,0.02376,0.02048,0.31451,0.31550,0.31451,0.31057,0.31583,0.00206,-0.00090,-0.00255,0.00436,-0.00419,-48.45781,406.00000
0.02738,0.02080,0.02442,0.02541,0.02541,0.31287,0.30991,0.31155,0.31418,0.30991,-0.00255,0.00206,0.00173,0.00041,0.00140,-48.79610,407.00000
0.02080,0.02344,0.02015,0.02903,0.01982,0.31221,0.31188,0.31320,0.31254,0.31057,-0.00123,-0.00123,0.00206,-0.00222,0.00732,-48.79610,408.00000
0.02607,0.02442,0.02541,0.02146,0.02179,0.31583,0.31320,0.31254,0.30826,0.31090,0.00041,-0.00156,-0.00353,-0.00222,0.00206,-48.89466,409.00000
0.02508,0.02409,0.02146,0.02574,0.01949,0.31484,0.31024,0.30596,0.31484,0.30761,0.00173,0.00140,0.00041,0.00107,0.00173,-48.89466,410.00000
0.02146,0.02179,0.02311,0.02179,0.02640,0.31484,0.30826,0.30991,0.30761,0.31418,-0.00288,0.00403,0.00239,-0.00057,0.00304,-49.21265,411.00000
0.02640,0.02179,0.02179,0.01982,0.02376,0.31386,0.31320,0.31090,0.31320,0.31484,-0.00189,-0.00025,0.00041,-0.00321,-0.00255,-49.21265,412.00000
0.02672,0.02344,0.02475,0.02837,0.02837,0.30859,0.31122,0.31386,0.31550,0.31122,-0.00255,-0.00057,-0.00123,0.00107,0.00140,-49.32699,413.00000
0.02903,0.02705,0.02048,0.02574,0.02574,0.30958,0.31353,0.31155,0.30991,0.31320,-0.00288,-0.00090,-0.00025,-0.00255,-0.00222,-49.32699,414.00000
0.02508,0.02541,0.02376,0.02179,0.02212,0.31484,0.31320,0.31024,0.30761,0.31780,-0.00025,-0.00353,-0.00353,0.00140,-0.00189,-49.36415,415.00000
0.02146,0.02541,0.02804,0.02442,0.02508,0.30794,0.31254,0.31517,0.31386,0.30826,-0.00156,-0.00189,0.00239,0.00140,-0.00321,-49.36415,416.00000
0.03001,0.02804,0.02278,0.02574,0.02640,0.31122,0.31155,0.31583,0.31122,0.31484,-0.00156,0.00008,0.00008,-0.00057,-0.00057,-49.32220,417.00000
0.02541,0.02738,0.02311,0.02705,0.02212,0.31386,0.31418,0.30892,0.31682,0.31484,0.00403,-0.00057,-0.00222,-0.00584,0.00008,-49.32220,418.00000
0.02376,0.02015,0.02475,0.02640,0.02376,0.31155,0.30695,0.30859,0.30892,0.31517,-0.00123,0.00337,0.00041,-0.00222,0.00206,-49.79553,419.00000
0.01521,0.02541,0.02640,0.01719,0.02508,0.31155,0.31024,0.30826,0.31221,0.31057,-0.00222,0.00140,-0.00222,-0.00255,0.00008,-49.79553,420.00000
0.02442,0.02936,0.02245,0.02640,0.02903,0.31287,0.31024,0.30662,0.31122,0.31320,-0.00156,-0.00057,0.00272,0.00140,0.00008,-49.29728,421.00000
0.01817,0.01817,0.02409,0.02311,0.02146,0.30662,0.31517,0.31024,0.31057,0.31024,0.00041,0.00008,-0.00025,-0.00255,-0.00386,-49.29728,422.00000
0.02705,0.02804,0.02278,0.02212,0.02409,0.30991,0.30728,0.30596,0.30530,0.30991,-0.00090,-0.00419,-0.00123,0.00239,-0.00123,-48.71446,423.00000
0.02344,0.02672,0.02080,0.02113,0.02738,0.30761,0.31155,0.31122,0.30892,0.31122,-0.00353,-0.00090,-0.00255,-0.00123,0.00337,-48.71446,424.00000
0.02475,0.02146,0.02015,0.02607,0.02080,0.31484,0.31254,0.30925,0.31254,0.31418,-0.00255,-0.00057,-0.00288,-0.00123,0.00206,-48.64818,425.00000
0.02508,0.02508,0.02245,0.02278,0.02179,0.30892,0.31287,0.31221,0.31320,0.31484,0.00074,-0.00123,-0.00353,-0.00156,0.00140,-48.64818,426.00000
0.02936,0.02640,0.02705,0.02015,0.02936,0.31451,0.31122,0.31155,0.31057,0.30859,0.00140,0.00107,0.00272,0.00107,0.00206,-48.39241,427.00000
0.02212,0.02344,0.02738,0.02376,0.02245,0.30892,0.31090,0.31320,0.31155,0.31353,0.00074,0.00008,-0.00288,-0.00255,-0.00584,-48.39241,428.00000
0.02771,0.02278,0.02376,0.01850,0.02771,0.30695,0.31484,0.30826,0.31024,0.31188,0.00008,0.00107,-0.00189,-0.00025,-0.00123,-48.02983,429.00000
0.02409,0.02870,0.02409,0.02705,0.01949,0.31287,0.31353,0.31517,0.31715,0.31418,-0.00123,0.00074,-0.00090,0.00008,-0.00255,-48.02983,430.00000
0.02048,0.02146,0.02409,0.02442,0.02475,0.31353,0.31287,0.31122,0.31287,0.30991,0.00107,-0.00715,0.00074,0.00173,-0.00255,-48.35615,431.00000
0.02409,0.02804,0.02113,0.02048,0.02146,0.30892,0.30991,0.30563,0.30859,0.31024,-0.00123,0.00173,0.00074,-0.00386,0.00337,-48.35615,432.00000
0.03001,0.02080,0.02344,0.02607,0.02179,0.30629,0.31155,0.31353,0.31122,0.31287,-0.00025,0.00107,-0.00255,-0.00090,-0.00123,-48.94805,433.00000
0.02475,0.02311,0.02640,0.02344,0.02672,0.31155,0.30662,0.31155,0.31451,0.31057,-0.00288,0.00239,0.00403,0.00041,-0.00452,-48.94805,434.00000
0.02640,0.02080,0.02344,0.02640,0.02278,0.31386,0.31057,0.31024,0.31287,0.31418,0.00206,0.00008,-0.00288,0.00074,-0.00123,-49.01224,435.00000
0.02705,0.02936,0.02080,0.02245,0.02607,0.31649,0.31287,0.31353,0.30859,0.31155,-0.00025,0.00008,-0.00123,-0.00156,0.00173,-49.01224,436.00000
0.02837,0.02607,0.02344,0.02574,0.02508,0.31122,0.30794,0.31122,0.31254,0.31418,0.00173,-0.00255,-0.00090,0.00041,-0.00189,-49.27802,437.00000
0.02475,0.03034,0.02574,0.02574,0.02245,0.31090,0.31057,0.30958,0.31320,0.31221,-0.00057,0.00107,0.00074,-0.00255,0.00140,-49.27802,438.00000
0.02278,0.03232,0.02080,0.02672,0.02311,0.31715,0.31616,0.31221,0.31682,0.30629,-0.00353,0.00041,-0.00025,-0.00189,-0.00057,-49.30546,439.00000
0.02870,0.02245,0.02870,0.02574,0.02804,0.31221,0.31155,0.30662,0.30563,0.31418,0.00107,0.00008,-0.00189,0.00041,-0.00189,-49.30546,440.00000
0.02409,0.02245,0.02870,0.02903,0.03265,0.31254,0.30563,0.31386,0.31386,0.30695,0.00140,0.00272,0.00107,-0.00353,-0.00189,-49.36933,441.00000
0.02409,0.02475,0.02607,0.02344,0.02475,0.31418,0.31024,0.31583,0.31254,0.31057,-0.00025,-0.00025,-0.00189,-0.00025,0.00173,-49.36933,442.00000
0.02475,0.02968,0.02574,0.02475,0.02212,0.31024,0.31386,0.31221,0.30695,0.31122,0.00041,-0.00090,0.00173,-0.00321,-0.00057,-48.90410,443.00000
0.03034,0.03067,0.02607,0.02048,0.02804,0.30991,0.31353,0.30662,0.31320,0.31254,0.00140,-0.00090,-0.00025,0.00272,-0.00222,-48.90410,444.00000
0.02672,0.02705,0.02015,0.02738,0.02607,0.31188,0.31090,0.31090,0.31122,0.30991,-0.00222,0.00074,-0.00057,-0.00090,0.00206,-48.55651,445.00000
0.02245,0.02738,0.03067,0.02541,0.03166,0.31287,0.30958,0.31550,0.31649,0.31912,0.00337,0.00041,-0.00090,-0.00025,-0.00189,-48.55651,446.00000
0.02475,0.02705,0.02771,0.02541,0.02475,0.30925,0.31813,0.31287,0.31978,0.31287,-0.00189,-0.00025,0.00173,0.00107,-0.00189,-48.74796,447.00000
0.02179,0.02672,0.02640,0.01752,0.02640,0.30991,0.30859,0.30925,0.31320,0.31353,-0.00189,-0.00255,0.00041,0.00107,-0.00288,-48.74796,448.00000
0.02574,0.02738,0.02508,0.02048,0.02771,0.31320,0.31320,0.31155,0.31221,0.31287,-0.00057,0.00074,0.00008,0.00140,-0.00255,-48.34174,449.00000
0.02080,0.03067,0.02672,0.02804,0.02738,0.30465,0.30991,0.31057,0.31451,0.31386,-0.00156,-0.00025,-0.00090,-0.00255,-0.00123,-48.34174,450.00000
0.03199,0.02640,0.03034,0.02245,0.02442,0.30925,0.30958,0.31254,0.31945,0.30859,-0.00288,-0.00057,0.00008,-0.00222,0.00107,-48.02372,451.00000
0.02672,0.02705,0.02278,0.02541,0.02771,0.31320,0.31320,0.30794,0.31024,0.31320,-0.00288,0.00074,-0.00222,-0.00222,-0.00025,-48.02372,452.00000
0.02541,0.03100,0.02607,0.02672,0.02607,0.31484,0.31188,0.30629,0.31649,0.31090,-0.00057,-0.00353,-0.00288,-0.00189,-0.00123,-48.25605,453.00000
0.03199,0.01982,0.02705,0.02508,0.03001,0.31090,0.31320,0.31122,0.31254,0.31155,-0.00222,-0.00123,0.00008,-0.00189,0.00008,-48.25605,454.00000
0.03363,0.02376,0.02113,0.02771,0.02607,0.31090,0.30991,0.31057,0.31221,0.31188,0.00107,-0.00386,0.00206,-0.00518,-0.00057,-48.42070,455.00000
0.02179,0.02640,0.01949,0.02738,0.02936,0.31353,0.30925,0.31287,0.31320,0.30794,0.00074,-0.00189,0.00403,0.00173,-0.00156,-48.42070,456.00000
0.03034,0.02212,0.02968,0.02475,0.02541,0.30826,0.30859,0.31451,0.30629,0.31353,-0.00057,-0.00189,0.00041,0.00008,-0.00057,-48.62975,457.00000
0.02804,0.02574,0.02574,0.02640,0.03034,0.30991,0.31122,0.31221,0.31024,0.31353,0.00272,0.00206,-0.00057,0.00008,0.00107,-48.62975,458.00000
0.03001,0.02804,0.02903,0.03001,0.02146,0.31846,0.31057,0.31353,0.30366,0.31386,-0.00189,0.00239,0.00304,0.00074,-0.00025,-48.92537,459.00000
0.02968,0.01850,0.02574,0.02738,0.02705,0.30925,0.30991,0.31024,0.31090,0.31188,-0.00156,-0.00255,-0.00386,0.00173,0.00074,-48.92537,460.00000
0.03067,0.02672,0.03297,0.02541,0.02968,0.31122,0.31418,0.30794,0.30695,0.31221,-0.00123,-0.00222,0.00008,0.00074,-0.00025,-48.91737,461.00000
0.02179,0.02640,0.02146,0.02475,0.02672,0.31090,0.30859,0.30826,0.31583,0.31188,-0.00156,-0.00255,0.00074,0.00008,-0.00123,-48.91737,462.00000
0.03001,0.02607,0.02508,0.02508,0.02672,0.31747,0.31188,0.31418,0.30925,0.30629,0.00041,0.00436,0.00206,0.00140,0.00041,-48.67440,463.00000
0.02640,0.02837,0.02804,0.03297,0.02409,0.31057,0.30695,0.31320,0.30892,0.31451,-0.00222,-0.00189,0.00140,-0.00288,0.00304,-48.67440,464.00000
0.03166,0.02771,0.03034,0.02968,0.02936,0.31155,0.31057,0.30892,0.30958,0.31090,0.00568,-0.00288,0.00140,0.00140,-0.00025,-48.22434,465.00000
0.03001,0.02804,0.03034,0.02344,0.02705,0.31418,0.31451,0.31484,0.31451,0.31090,0.00008,-0.00321,0.00074,-0.00485,-0.00123,-48.22434,466.00000
0.03396,0.02541,0.02738,0.02574,0.02804,0.30859,0.30826,0.31155,0.31649,0.30794,-0.00025,0.00041,-0.00321,-0.00123,-0.00156,-48.46141,467.00000
0.02771,0.02771,0.02015,0.02837,0.02672,0.31155,0.31188,0.31024,0.31122,0.31353,0.00337,-0.00123,0.00008,-0.00025,-0.00222,-48.46141,468.00000
0.03297,0.02672,0.02672,0.03265,0.02672,0.30925,0.30958,0.31386,0.31550,0.31616,-0.00419,-0.00057,-0.00255,-0.00057,0.00041,-48.54459,469.00000
0.02541,0.03363,0.02113,0.03659,0.02804,0.30826,0.30991,0.31418,0.31386,0.31484,-0.00057,0.00107,-0.00222,0.00074,-0.00321,-48.54459,470.00000
0.02837,0.02574,0.02607,0.02508,0.02738,0.31155,0.30958,0.30925,0.31155,0.31155,-0.00090,-0.00156,0.00304,0.00074,-0.00025,-48.05967,471.00000
0.02475,0.03166,0.02936,0.02245,0.03199,0.31287,0.31616,0.31254,0.31155,0.30991,0.00173,0.00140,-0.00025,0.00304,0.00008,-48.05967,472.00000
0.02771,0.02837,0.02804,0.02738,0.03133,0.31583,0.30563,0.31090,0.31287,0.31155,-0.00123,0.00074,0.00206,-0.00255,-0.00156,-47.55410,473.00000
0.03067,0.02344,0.02705,0.02705,0.02508,0.31287,0.31287,0.31287,0.31057,0.30859,-0.00452,-0.00255,0.00041,-0.00353,-0.00321,-47.55410,474.00000
0.03265,0.03034,0.03100,0.02508,0.03001,0.30728,0.31320,0.31024,0.30629,0.31057,-0.00156,-0.00057,-0.00288,-0.00518,0.00206,-48.10248,475.00000
0.02968,0.02903,0.02738,0.03001,0.03199,0.31353,0.31287,0.30958,0.30761,0.31024,-0.00386,-0.00123,0.00074,-0.00255,-0.00057,-48.10248,476.00000
0.02903,0.02640,0.02738,0.02968,0.02574,0.31418,0.31550,0.31484,0.31057,0.31090,0.00304,0.00403,0.00107,-0.00025,-0.00321,-48.13440,477.00000
0.02278,0.02804,0.02311,0.03199,0.02672,0.31090,0.31057,0.30991,0.31254,0.31484,0.00041,-0.00025,-0.00386,-0.00123,-0.00123,-48.13440,478.00000
0.02607,0.03297,0.02640,0.03330,0.02870,0.31649,0.31682,0.31451,0.31155,0.30859,0.00206,-0.00025,0.00074,0.00074,0.00206,-48.64071,479.00000
0.02607,0.02968,0.02771,0.03133,0.02968,0.31451,0.31386,0.31090,0.31451,0.31287,0.00206,-0.00057,0.00239,-0.00255,-0.00090,-48.64071,480.00000
0.02574,0.02245,0.02936,0.02738,0.03067,0.30958,0.30859,0.31287,0.31287,0.31451,0.00140,0.00107,0.00206,0.00239,-0.00156,-48.45416,481.00000
0.03232,0.02968,0.02968,0.02936,0.03067,0.30958,0.31188,0.31122,0.31484,0.31418,-0.00156,0.00173,0.00074,-0.00057,-0.00255,-48.45416,482.00000
0.02903,0.02870,0.02968,0.03133,0.02936,0.31418,0.31287,0.31090,0.31616,0.31155,-0.00189,0.00008,0.00140,0.00107,-0.00123,-48.99385,483.00000
0.03001,0.02903,0.03528,0.03232,0.03001,0.31550,0.31484,0.31287,0.31320,0.31188,0.00074,-0.00386,-0.00288,-0.00419,-0.00123,-48.99385,484.00000
0.02903,0.02870,0.02837,0.02672,0.03330,0.31353,0.31353,0.31122,0.31221,0.31386,-0.00025,0.00008,0.00568,-0.00255,-0.00353,-48.78561,485.00000
0.02245,0.02936,0.03363,0.02607,0.03396,0.30859,0.31451,0.31155,0.31484,0.31188,-0.00123,-0.00189,0.00239,-0.00090,-0.00025,-48.78561,486.00000
0.03034,0.02738,0.02968,0.03133,0.02508,0.31057,0.31386,0.31550,0.30892,0.31747,-0.00518,-0.00025,-0.00057,0.00074,0.00206,-48.91860,487.00000
0.02607,0.03166,0.03330,0.02738,0.03133,0.31188,0.31418,0.30859,0.31616,0.31517,-0.00025,-0.00419,0.00403,-0.00189,-0.00090,-48.91860,488.00000
0.02705,0.02738,0.03528,0.03561,0.02870,0.31320,0.31517,0.30794,0.31254,0.31122,0.00041,-0.00025,-0.00090,0.00074,0.00107,-49.04144,489.00000
0.03330,0.02903,0.03396,0.02376,0.02870,0.31287,0.31550,0.31122,0.31057,0.30958,-0.00156,0.00041,-0.00321,-0.00057,0.00074,-49.04144,490.00000
0.03001,0.03166,0.03034,0.03297,0.02640,0.31188,0.31024,0.31451,0.31320,0.31057,-0.00518,-0.00025,-0.00090,0.00304,0.00173,-48.68876,491.00000
0.02968,0.02738,0.02870,0.02442,0.03067,0.31254,0.30925,0.31386,0.31188,0.31188,-0.00156,-0.00156,-0.00255,-0.00419,-0.00321,-48.68876,492.00000
0.02837,0.03429,0.02541,0.02837,0.03166,0.30925,0.31122,0.30958,0.31090,0.31221,-0.00255,-0.00057,-0.00057,0.00041,0.00173,-48.23066,493.00000
0.02607,0.03166,0.03692,0.02804,0.03330,0.31188,0.31386,0.30794,0.30958,0.31090,0.00107,-0.00353,0.00008,-0.00057,0.00008,-48.23066,494.00000
0.03067,0.02870,0.02968,0.03001,0.02705,0.30859,0.31386,0.31386,0.30892,0.31155,-0.00189,-0.00025,-0.00288,0.00074,-0.00025,-47.58834,495.00000
0.02936,0.02968,0.03528,0.03001,0.02968,0.31188,0.31221,0.31188,0.31320,0.30859,-0.00090,-0.00123,-0.00090,-0.00189,0.00074,-47.58834,496.00000
0.02968,0.03429,0.03429,0.03297,0.02771,0.31287,0.31090,0.31155,0.30958,0.31418,-0.00255,0.00272,-0.00156,-0.00123,0.00041,-47.55889,497.00000
0.02870,0.03429,0.03495,0.03100,0.03166,0.31155,0.31254,0.31155,0.31287,0.31353,-0.00419,-0.00025,0.00041,0.00074,-0.00156,-47.55889,498.00000
0.03034,0.02508,0.03363,0.03265,0.02376,0.31122,0.30925,0.31090,0.31320,0.31254,-0.00353,-0.00025,0.00008,0.00272,0.00041,-47.65971,499.00000
0.03133,0.03166,0.03330,0.03593,0.03067,0.31353,0.31254,0.30958,0.31090,0.31517,-0.00288,-0.00057,-0.00025,0.00008,-0.00288,-47.65971,500.00000
0.02705,0.02837,0.02870,0.03100,0.03495,0.30728,0.31287,0.31287,0.30991,0.30925,-0.00156,-0.00025,-0.00123,0.00008,-0.00321,-47.48766,501.00000
0.03133,0.02870,0.02936,0.03001,0.02903,0.31353,0.30892,0.30991,0.31320,0.30826,-0.00123,-0.00353,-0.00123,0.00107,-0.00255,-47.48766,502.00000
0.03265,0.02804,0.02870,0.03330,0.03067,0.31320,0.30728,0.30892,0.31155,0.31057,-0.00222,0.00074,0.00206,0.00107,-0.00057,-47.39574,503.00000
0.03001,0.03067,0.03330,0.02903,0.03495,0.30925,0.31155,0.31484,0.31090,0.30761,-0.00156,-0.00025,-0.00551,0.00041,0.00008,-47.39574,504.00000
0.03034,0.02936,0.02936,0.03363,0.03495,0.31254,0.31418,0.30892,0.31024,0.31320,-0.00189,-0.00090,0.00008,-0.00090,0.00107,-47.71207,505.00000
0.03133,0.03363,0.03067,0.03659,0.03429,0.31122,0.31386,0.31254,0.31155,0.31254,-0.00386,-0.00025,0.00008,-0.00551,-0.00321,-47.71207,506.00000
0.03199,0.03396,0.03100,0.03889,0.02738,0.31287,0.31188,0.31353,0.31024,0.31254,-0.00090,-0.00057,0.00041,-0.00222,0.00074,-47.94086,507.00000
0.03034,0.03199,0.03462,0.03034,0.03232,0.31057,0.31649,0.31747,0.31451,0.31484,-0.00452,0.00107,-0.00353,-0.00156,0.00173,-47.94086,508.00000
0.03034,0.03659,0.03297,0.02903,0.02574,0.31057,0.31418,0.31320,0.30859,0.31780,-0.00123,-0.00156,0.00206,0.00140,0.00041,-48.39286,509.00000
0.02771,0.03297,0.03396,0.03199,0.02574,0.31024,0.31221,0.30794,0.31715,0.30925,0.00107,-0.00123,-0.00025,-0.00057,0.00107,-48.39286,510.00000
0.03429,0.03199,0.03199,0.03232,0.03100,0.31451,0.31320,0.30925,0.31320,0.31287,-0.00255,0.00008,0.00140,-0.00057,0.00008,-49.26549,511.00000
0.03561,0.03429,0.03232,0.03396,0.03265,0.31320,0.30991,0.30596,0.31057,0.31057,0.00008,-0.00255,0.00107,-0.00025,0.00436,-49.26549,512.00000
0.03133,0.02738,0.03758,0.03199,0.03133,0.31155,0.31221,0.31090,0.31353,0.30892,0.00239,-0.00090,0.00107,0.00173,0.00041,-48.97810,513.00000
0.03363,0.03133,0.02870,0.03396,0.03363,0.30728,0.31583,0.30629,0.30728,0.31024,0.00107,-0.00123,0.00173,0.00008,-0.00025,-48.97810,514.00000
0.04054,0.03363,0.03495,0.03758,0.03593,0.31287,0.31320,0.31418,0.30794,0.31550,-0.00222,-0.00518,0.00173,-0.00288,-0.00090,-49.35617,515.00000
0.03100,0.03396,0.03626,0.03199,0.03758,0.31188,0.30958,0.31386,0.31254,0.30826,0.00074,-0.00156,-0.00189,-0.00057,0.00008,-49.35617,516.00000
0.02837,0.03528,0.02804,0.03857,0.03429,0.31353,0.31386,0.31484,0.31583,0.30958,0.00008,-0.00123,-0.00090,-0.00057,0.00337,-49.21759,517.00000
0.03396,0.03429,0.03034,0.03330,0.02903,0.31122,0.30728,0.31353,0.31484,0.31221,0.00436,0.00008,0.00239,0.00370,-0.00123,-49.21759,518.00000
0.03626,0.02837,0.04153,0.02804,0.03429,0.30826,0.31353,0.31188,0.31090,0.31386,-0.00321,0.00173,-0.00255,-0.00551,-0.00090,-49.39538,519.00000
0.03758,0.03495,0.03824,0.03330,0.03429,0.31122,0.30991,0.31320,0.31221,0.30596,0.00107,0.00272,-0.00321,-0.00090,0.00272,-49.39538,520.00000
0.04218,0.03034,0.03692,0.03363,0.03791,0.30826,0.31188,0.31155,0.31024,0.30991,-0.00255,0.00107,-0.00288,0.00173,0.00107,-49.24048,521.00000
0.03067,0.03166,0.03495,0.03692,0.03330,0.30991,0.30826,0.30728,0.31353,0.31418,0.00206,-0.00222,-0.00353,-0.00189,-0.00321,-49.24048,522.00000
0.03955,0.03232,0.03429,0.03791,0.03857,0.31221,0.31254,0.31221,0.30958,0.31649,-0.00025,-0.00156,0.00074,0.00140,0.00140,-48.78076,523.00000
0.03725,0.03199,0.03824,0.03166,0.03330,0.30761,0.31517,0.31024,0.30892,0.31122,-0.00123,0.00074,0.00173,-0.00288,-0.00090,-48.78076,524.00000
0.03429,0.04284,0.03758,0.03166,0.03857,0.31057,0.31386,0.31320,0.30958,0.30859,0.00008,-0.00288,-0.00090,-0.00222,0.00074,-48.25456,525.00000
0.03791,0.03561,0.03561,0.03758,0.03725,0.31090,0.31155,0.31155,0.31287,0.31583,0.00074,0.00008,-0.00222,-0.00255,0.00041,-48.25456,526.00000
0.03593,0.03988,0.03626,0.03561,0.03791,0.31188,0.30761,0.31221,0.31484,0.30958,0.00370,-0.00057,-0.00189,0.00008,0.00041,-47.71821,527.00000
0.03626,0.04185,0.03758,0.03265,0.03791,0.30596,0.30958,0.30892,0.30563,0.31090,0.00041,-0.00057,0.00239,-0.00057,-0.00255,-47.71821,528.00000
0.04120,0.03758,0.03528,0.03626,0.04021,0.30925,0.31090,0.30826,0.31254,0.31583,-0.00057,0.00239,-0.00123,-0.00025,0.00206,-47.27275,529.00000
0.03462,0.03988,0.04185,0.03791,0.03199,0.30925,0.31188,0.31484,0.31418,0.30728,0.00206,-0.00222,0.00074,-0.00025,0.00173,-47.27275,530.00000
0.04153,0.03922,0.03232,0.04153,0.03955,0.31320,0.30991,0.31155,0.31320,0.31386,0.00173,-0.00255,-0.00288,-0.00090,-0.00090,-47.34524,531.00000
0.04153,0.04021,0.03429,0.04350,0.03758,0.31090,0.31287,0.30892,0.30859,0.31418,-0.00057,-0.00123,-0.00123,-0.00189,-0.00452,-47.34524,532.00000
0.03166,0.03824,0.03593,0.03593,0.03265,0.31221,0.31057,0.30892,0.30958,0.31320,-0.00189,-0.00255,-0.00189,-0.00123,0.00008,-47.39032,533.00000
0.03626,0.03528,0.03166,0.03429,0.04185,0.31451,0.31155,0.31254,0.30794,0.31122,-0.00057,0.00074,-0.00123,0.00041,0.00008,-47.39032,534.00000
0.03955,0.03988,0.03791,0.03955,0.03528,0.30958,0.31122,0.31320,0.30826,0.31254,-0.00748,-0.00288,-0.00156,0.00008,0.00074,-47.86959,535.00000
0.04251,0.03922,0.03495,0.04284,0.03659,0.31386,0.31386,0.30892,0.31155,0.31188,-0.00189,-0.00057,0.00173,0.00008,-0.00025,-47.86959,536.00000
0.04087,0.03758,0.04317,0.03396,0.04251,0.31155,0.31254,0.30794,0.31353,0.31451,0.00008,0.00107,0.00173,-0.00156,-0.00321,-48.28838,537.00000
0.04251,0.03528,0.03857,0.03988,0.03692,0.30892,0.31550,0.31122,0.31024,0.31484,0.00173,0.00074,-0.00057,-0.00189,-0.00090,-48.28838,538.00000
0.04054,0.03824,0.03889,0.04153,0.03791,0.31024,0.30958,0.31221,0.31188,0.31024,0.00140,-0.00025,-0.00156,-0.00386,-0.00057,-48.60013,539.00000
0.03659,0.04514,0.03889,0.04153,0.04120,0.31254,0.30925,0.31418,0.31057,0.30958,-0.00222,-0.00222,0.00140,0.00041,-0.00090,-48.60013,540.00000
0.04021,0.04284,0.03561,0.04087,0.03659,0.31320,0.30991,0.30794,0.31550,0.31155,0.00107,-0.00156,0.00008,-0.00353,-0.00353,-49.04397,541.00000
0.03528,0.03988,0.03988,0.03791,0.04317,0.31320,0.30859,0.31155,0.31484,0.31320,-0.00090,-0.00156,0.00074,0.00272,-0.00386,-49.04397,542.00000
0.03659,0.04317,0.03889,0.03725,0.03692,0.30728,0.30958,0.31353,0.31583,0.31254,0.00173,-0.00156,-0.00123,0.00107,-0.00057,-49.50750,543.00000
0.03824,0.04317,0.03922,0.03955,0.04514,0.31122,0.31090,0.31418,0.31024,0.31616,-0.00222,-0.00288,-0.00386,-0.00123,0.00008,-49.50750,544.00000
0.04449,0.03429,0.04876,0.03758,0.03824,0.31517,0.31287,0.31122,0.30892,0.31024,-0.00156,-0.00057,-0.00123,0.00041,-0.00156,-49.53658,545.00000
0.04054,0.03824,0.03857,0.04745,0.04251,0.31517,0.30991,0.31254,0.31090,0.30794,-0.00123,0.00074,-0.00255,-0.00123,0.00272,-49.53658,546.00000
0.04481,0.03824,0.04087,0.04317,0.03824,0.30958,0.30794,0.31287,0.30991,0.31550,-0.00288,-0.00452,0.00041,0.00206,0.00239,-49.23532,547.00000
0.04251,0.03824,0.04350,0.04120,0.04218,0.31155,0.31122,0.31122,0.31024,0.30859,-0.00419,0.00041,0.00074,0.00403,0.00008,-49.23532,548.00000
0.04087,0.04481,0.04087,0.03857,0.04021,0.31188,0.31353,0.30794,0.31221,0.31353,0.00173,-0.00222,0.00173,-0.00419,0.00239,-49.20376,549.00000
0.04712,0.04350,0.04317,0.04481,0.04777,0.31517,0.31254,0.31649,0.31122,0.30826,0.00008,-0.00189,-0.00123,0.00140,-0.00156,-49.20376,550.00000
0.03988,0.03988,0.04120,0.04580,0.04185,0.31484,0.30958,0.31024,0.30826,0.31418,-0.00057,-0.00288,-0.00156,-0.00321,0.00436,-48.75465,551.00000
0.04021,0.04777,0.04317,0.04120,0.04021,0.31386,0.31287,0.31090,0.30794,0.31287,-0.00321,0.00173,0.00239,0.00008,0.00008,-48.75465,552.00000
0.04251,0.04054,0.04317,0.04251,0.04185,0.31484,0.31484,0.31287,0.31682,0.30826,-0.00057,-0.00057,0.00206,-0.00156,0.00041,-48.31853,553.00000
0.03758,0.04580,0.04153,0.04383,0.04120,0.31287,0.30728,0.31320,0.31254,0.31451,-0.00057,0.00074,0.00074,-0.00123,0.00206,-48.31853,554.00000
0.03791,0.04580,0.04153,0.03955,0.04284,0.31188,0.31320,0.31188,0.31122,0.31221,-0.00057,-0.00255,0.00206,-0.00156,-0.00222,-48.32075,555.00000
0.04481,0.04251,0.04317,0.03725,0.04054,0.31846,0.31122,0.31517,0.31287,0.31682,0.00140,-0.00222,-0.00090,0.00206,-0.00189,-48.32075,556.00000
0.04383,0.04712,0.04580,0.04679,0.03988,0.30991,0.31649,0.31418,0.31221,0.30530,0.00173,0.00074,-0.00025,-0.00156,0.00008,-48.87562,557.00000
0.04416,0.04383,0.04580,0.03922,0.04087,0.30826,0.31386,0.30826,0.31353,0.31616,-0.00156,-0.00123,-0.00189,0.00173,-0.00156,-48.87562,558.00000
0.04646,0.04218,0.03758,0.04218,0.04087,0.31451,0.31320,0.30826,0.31024,0.31188,0.00107,-0.00321,-0.00353,-0.00025,-0.00222,-48.21851,559.00000
0.04054,0.04054,0.04514,0.04251,0.04613,0.30761,0.30991,0.31912,0.31024,0.31550,-0.00025,0.00041,0.00041,0.00206,-0.00255,-48.21851,560.00000
0.04383,0.04745,0.04021,0.04416,0.04712,0.30629,0.31320,0.31682,0.31254,0.31846,0.00239,-0.00156,-0.00222,0.00008,-0.00847,-48.22803,561.00000
0.05041,0.04317,0.04481,0.04054,0.04975,0.31155,0.31057,0.31122,0.31616,0.31024,-0.00025,0.00173,-0.00057,0.00173,-0.00518,-48.22803,562.00000
0.04745,0.04514,0.04712,0.04843,0.04087,0.31451,0.31221,0.31024,0.31451,0.30958,0.00140,-0.00419,0.00074,-0.00255,0.00041,-47.86328,563.00000
0.04449,0.04745,0.04712,0.04942,0.04481,0.31155,0.31353,0.31287,0.30794,0.31024,-0.00255,-0.00222,0.00107,0.00107,-0.00057,-47.86328,564.00000
0.04646,0.05073,0.04481,0.04745,0.04251,0.31451,0.31221,0.31287,0.30794,0.31484,0.00074,-0.00025,-0.00255,-0.00353,-0.00090,-48.27279,565.00000
0.04547,0.04514,0.04317,0.04185,0.04942,0.31320,0.31122,0.31320,0.31221,0.31451,0.00074,0.00272,-0.00090,-0.00452,0.00173,-48.27279,566.00000
0.04810,0.04975,0.04843,0.04646,0.05106,0.31057,0.31287,0.31090,0.31517,0.31122,-0.00255,0.00008,0.00041,0.00041,-0.00090,-48.06728,567.00000
0.04843,0.05073,0.04021,0.05501,0.04580,0.31024,0.31287,0.31484,0.31057,0.30925,-0.00156,-0.00386,0.00041,0.00041,-0.00123,-48.06728,568.00000
0.04580,0.04679,0.05008,0.05106,0.04712,0.31155,0.31287,0.31287,0.31221,0.31221,-0.00090,0.00107,0.00041,-0.00123,0.00008,-48.35344,569.00000
0.04679,0.04975,0.04218,0.04843,0.04613,0.31188,0.31320,0.31024,0.31484,0.31386,0.00074,-0.00255,-0.00025,-0.00057,0.00074,-48.35344,570.00000
0.04810,0.05304,0.04777,0.05106,0.05172,0.31616,0.31616,0.31090,0.31386,0.30826,0.00239,-0.00090,-0.00090,-0.00353,-0.00057,-48.68745,571.00000
0.04810,0.04679,0.05567,0.04777,0.05139,0.30826,0.30794,0.31780,0.31155,0.31057,-0.00123,-0.00025,0.00140,0.00173,-0.00090,-48.68745,572.00000
0.04777,0.04909,0.04745,0.04843,0.04810,0.31320,0.31122,0.31517,0.31024,0.31484,0.00140,-0.00189,0.00041,0.00469,0.00107,-48.98825,573.00000
0.05304,0.04942,0.04942,0.04810,0.04843,0.31057,0.31024,0.31254,0.31320,0.31320,0.00074,0.00008,0.00272,-0.00321,-0.00090,-48.98825,574.00000
0.05567,0.04876,0.04942,0.05106,0.04613,0.31221,0.30761,0.31287,0.31616,0.31386,-0.00123,-0.00518,-0.00057,-0.00321,0.00008,-49.76658,575.00000
0.04777,0.04975,0.04876,0.05172,0.04712,0.31090,0.30958,0.31649,0.30991,0.31024,-0.00123,-0.00090,0.00074,-0.00090,-0.00057,-49.76658,576.00000
0.05435,0.04942,0.05337,0.05238,0.05600,0.31221,0.30925,0.31221,0.31550,0.30826,0.00239,0.00173,0.00041,-0.00025,0.00107,-49.45376,577.00000
0.05435,0.04942,0.05139,0.04909,0.04975,0.31122,0.31057,0.30892,0.31254,0.31221,0.00074,-0.00090,0.00140,0.00140,0.00403,-49.45376,578.00000
0.05304,0.05139,0.04909,0.05172,0.05205,0.31386,0.31188,0.31287,0.31418,0.30958,0.00107,-0.00288,0.00337,-0.00025,0.00173,-48.60720,579.00000
0.04876,0.05337,0.05764,0.04745,0.04909,0.31188,0.31122,0.31254,0.31386,0.31254,-0.00189,0.00074,0.00239,0.00173,-0.00452,-48.60720,580.00000
0.05139,0.05830,0.05369,0.04580,0.05501,0.31287,0.31386,0.31517,0.31057,0.31188,0.00206,0.00206,0.00008,0.00337,0.00008,-48.63527,581.00000
0.04909,0.05205,0.05172,0.05435,0.05205,0.31287,0.31583,0.30826,0.31057,0.31155,-0.00189,0.00140,0.00370,0.00008,0.00008,-48.63527,582.00000
0.05041,0.05435,0.05139,0.05369,0.05041,0.31747,0.30826,0.31386,0.31155,0.31090,-0.00123,-0.00090,-0.00189,-0.00353,0.00206,-49.51498,583.00000
0.04876,0.05435,0.05468,0.05633,0.05205,0.31057,0.31090,0.31155,0.31024,0.31188,-0.00025,-0.00156,0.00041,-0.00321,0.00074,-49.51498,584.00000
0.04942,0.05797,0.05567,0.05797,0.05633,0.31484,0.31353,0.31221,0.31024,0.31451,0.00074,-0.00189,-0.00189,-0.00156,0.00304,-48.74566,585.00000
0.05534,0.05600,0.05567,0.05534,0.05369,0.31353,0.31715,0.30794,0.31057,0.31057,0.00074,-0.00189,0.00008,-0.00353,-0.00255,-48.74566,586.00000
0.04745,0.05534,0.04876,0.05139,0.05435,0.31122,0.31287,0.31386,0.31320,0.31254,0.00008,-0.00288,0.00008,0.00107,0.00140,-48.30766,587.00000
0.05567,0.05041,0.05994,0.05435,0.05731,0.30925,0.31517,0.31353,0.31484,0.30761,0.00173,-0.00123,-0.00123,-0.00057,-0.00123,-48.30766,588.00000
0.05600,0.06258,0.05863,0.05337,0.05600,0.31418,0.31024,0.31090,0.30991,0.31550,0.00041,-0.00255,-0.00222,-0.00386,-0.00090,-47.86591,589.00000
0.05369,0.05567,0.05896,0.05764,0.05830,0.30695,0.31484,0.31682,0.31418,0.31945,-0.00025,-0.00057,-0.00057,-0.00156,0.00107,-47.86591,590.00000
0.05435,0.05764,0.05534,0.04843,0.05534,0.31024,0.30826,0.31254,0.30794,0.31418,-0.00090,-0.00090,-0.00321,0.00140,0.00140,-48.32174,591.00000
0.05271,0.05896,0.05797,0.05665,0.05929,0.30958,0.31353,0.31221,0.30925,0.30892,-0.00057,-0.00090,-0.00222,0.00337,-0.00057,-48.32174,592.00000
0.05238,0.06192,0.05139,0.05600,0.05633,0.31057,0.30794,0.30991,0.31386,0.31221,-0.00025,-0.00222,-0.00156,-0.00255,-0.00288,-47.66860,593.00000
0.05962,0.05797,0.05534,0.05797,0.05764,0.31320,0.31353,0.30826,0.31879,0.31418,-0.00485,-0.00123,-0.00057,-0.00321,0.00074,-47.66860,594.00000
0.05633,0.05665,0.06060,0.06323,0.05435,0.31155,0.31484,0.31320,0.31090,0.30925,-0.00057,0.00008,0.00074,0.00008,-0.00123,-47.50498,595.00000
0.06554,0.05896,0.06093,0.05665,0.05764,0.31320,0.30859,0.31155,0.31320,0.30826,-0.00222,-0.00057,0.00074,-0.00321,-0.00255,-47.50498,596.00000
0.06126,0.05534,0.05698,0.05863,0.05994,0.31353,0.31682,0.31451,0.30958,0.31024,-0.00057,0.00206,0.00140,-0.00189,0.00008,-47.61725,597.00000
0.05534,0.06290,0.05962,0.05962,0.05896,0.31484,0.31254,0.31418,0.30794,0.31057,-0.00156,-0.00025,-0.00057,0.00206,-0.00057,-47.61725,598.00000
0.06060,0.06554,0.05962,0.05896,0.05567,0.31057,0.31747,0.31320,0.31320,0.31221,-0.00288,-0.00025,0.00206,-0.00156,0.00370,-48.00623,599.00000
0.05962,0.06258,0.05994,0.06159,0.05665,0.31386,0.31122,0.31155,0.31090,0.30892,-0.00090,0.00173,0.00140,-0.00156,0.00173,-48.00623,600.00000
0.06159,0.05797,0.05468,0.06225,0.06060,0.31155,0.31320,0.30991,0.30958,0.31418,-0.00156,0.00107,-0.00321,0.00272,-0.00090,-47.91886,601.00000
0.05929,0.06323,0.06323,0.05896,0.06685,0.31057,0.31583,0.31221,0.31254,0.31418,0.00041,-0.00090,-0.00156,0.00370,-0.00057,-47.91886,602.00000
0.06192,0.05962,0.06159,0.06258,0.05962,0.30958,0.31353,0.31188,0.31418,0.31484,0.00008,-0.00386,-0.00025,0.00074,0.00173,-48.54747,603.00000
0.06882,0.06027,0.06290,0.06389,0.06554,0.31090,0.31221,0.31418,0.31155,0.31451,0.00041,-0.00090,-0.00222,-0.00189,0.00469,-48.54747,604.00000
0.06225,0.06685,0.06685,0.06225,0.06685,0.31221,0.31057,0.31386,0.31451,0.31386,0.00041,0.00107,-0.00321,0.00173,-0.00123,-48.88842,605.00000
0.06323,0.05994,0.06554,0.06225,0.06850,0.31188,0.31386,0.31122,0.31122,0.31122,-0.00025,0.00041,-0.00123,-0.00222,0.00272,-48.88842,606.00000
0.06488,0.06356,0.06356,0.06389,0.06225,0.31155,0.31024,0.31221,0.30662,0.30958,0.00173,-0.00025,0.00206,0.00206,-0.00156,-49.30777,607.00000
0.06290,0.07047,0.06258,0.06126,0.06554,0.31747,0.31090,0.31090,0.30794,0.31386,-0.00025,-0.00255,-0.00025,-0.00222,-0.00255,-49.30777,608.00000
0.06882,0.06652,0.06586,0.06126,0.06554,0.31188,0.30991,0.31155,0.31221,0.31090,0.00041,0.00008,0.00206,0.00206,0.00173,-49.41482,609.00000
0.06455,0.06685,0.06619,0.06619,0.06751,0.31484,0.31649,0.31583,0.31386,0.31221,-0.00222,0.00140,-0.00222,-0.00189,0.00074,-49.41482,610.00000
0.06817,0.06159,0.06619,0.06389,0.06915,0.31550,0.31320,0.31353,0.31550,0.31386,-0.00025,0.00008,-0.00156,-0.00419,-0.00452,-49.75474,611.00000
0.06948,0.06652,0.06652,0.06225,0.06356,0.30794,0.31682,0.31254,0.30794,0.31188,0.00140,-0.00057,0.00206,0.00140,-0.00057,-49.75474,612.00000
0.06882,0.06455,0.06521,0.07080,0.06389,0.31155,0.31484,0.31122,0.31155,0.31451,-0.00255,0.00206,0.00041,-0.00321,0.00107,-49.72419,613.00000
0.06455,0.06521,0.06521,0.06784,0.06948,0.31616,0.31221,0.31287,0.31846,0.31353,0.00008,-0.00156,0.00140,0.00107,0.00206,-49.72419,614.00000
0.06619,0.07047,0.06652,0.06258,0.06718,0.31320,0.31583,0.30596,0.31418,0.31386,-0.00222,-0.00189,0.00041,-0.00057,0.00041,-48.84770,615.00000
0.06784,0.07080,0.07080,0.06718,0.06586,0.31221,0.30662,0.31353,0.31616,0.31122,0.00074,0.00206,-0.00419,-0.00025,0.00140,-48.84770,616.00000
0.07113,0.07080,0.06751,0.07047,0.06652,0.31682,0.31583,0.31287,0.31418,0.31418,-0.00353,0.00206,-0.00123,-0.00057,-0.00025,-48.95836,617.00000
0.06652,0.06619,0.07244,0.06751,0.07014,0.31320,0.31320,0.30991,0.30991,0.31090,-0.00189,-0.00255,0.00074,0.00008,0.00140,-48.95836,618.00000
0.07047,0.07146,0.07310,0.07178,0.06817,0.30925,0.31386,0.31583,0.31550,0.31484,-0.00288,0.00337,0.00107,-0.00057,-0.00386,-48.51944,619.00000
0.07540,0.06784,0.07606,0.07343,0.07080,0.31386,0.31484,0.31451,0.31221,0.30892,-0.00156,-0.00123,0.00140,-0.00288,0.00074,-48.51944,620.00000
0.07343,0.07244,0.07178,0.07047,0.07277,0.31024,0.31616,0.31320,0.31353,0.31254,0.00008,0.00074,0.00008,0.00008,-0.00189,-48.47585,621.00000
0.06817,0.07146,0.06981,0.07474,0.07409,0.31418,0.31254,0.31254,0.31287,0.31353,0.00008,0.00206,0.00107,-0.00123,-0.00419,-48.47585,622.00000
0.06652,0.07343,0.07869,0.06915,0.07211,0.31353,0.31353,0.31155,0.31090,0.31418,-0.00321,0.00206,0.00107,0.00173,0.00403,-47.96990,623.00000
0.07803,0.07639,0.07540,0.07409,0.07244,0.31517,0.31024,0.31188,0.30826,0.30826,-0.00518,-0.00551,-0.00090,0.00304,0.00337,-47.96990,624.00000
0.07442,0.07705,0.07178,0.07178,0.07968,0.31221,0.31353,0.31386,0.31221,0.31221,-0.00419,0.00008,-0.00090,0.00173,0.00206,-48.13228,625.00000
0.07047,0.08001,0.07113,0.07376,0.07836,0.31287,0.31057,0.31122,0.30892,0.31188,-0.00090,0.00041,0.00008,-0.00189,-0.00452,-48.13228,626.00000
0.07672,0.07606,0.08001,0.07442,0.07540,0.31188,0.31353,0.31221,0.31451,0.31024,-0.00288,0.00140,0.00107,-0.00090,-0.00123,-47.93942,627.00000
0.07343,0.07573,0.07376,0.07672,0.08034,0.31090,0.31155,0.30794,0.31451,0.31254,0.00140,-0.00123,0.00173,-0.00123,0.00140,-47.93942,628.00000
0.07639,0.07113,0.07869,0.07277,0.07738,0.31090,0.31616,0.31287,0.30859,0.31024,-0.00255,0.00206,0.00074,-0.00057,-0.00123,-47.65297,629.00000
0.07507,0.07540,0.07244,0.08034,0.07507,0.31320,0.30892,0.31517,0.31386,0.31418,-0.00123,0.00074,-0.00123,-0.00025,0.00239,-47.65297,630.00000
0.08001,0.07507,0.08198,0.08461,0.07770,0.31057,0.31550,0.30925,0.31155,0.31254,-0.00452,0.00074,0.00173,-0.00518,0.00041,-48.00237,631.00000
0.08330,0.07178,0.07606,0.07705,0.07968,0.31155,0.31254,0.31122,0.31386,0.30925,0.00008,0.00140,-0.00057,-0.00090,0.00041,-48.00237,632.00000
0.07968,0.07540,0.08264,0.08198,0.07672,0.31583,0.30728,0.31353,0.30958,0.31682,-0.00353,0.00173,-0.00222,-0.00057,0.00008,-47.65262,633.00000
0.07803,0.08099,0.07639,0.08001,0.07803,0.31090,0.31320,0.31090,0.31122,0.31813,-0.00090,0.00041,0.00140,0.00107,-0.00123,-47.65262,634.00000
0.07770,0.07343,0.07869,0.07869,0.07935,0.31221,0.31188,0.30530,0.31090,0.31484,-0.00189,-0.00156,-0.00156,-0.00123,0.00041,-45.15058,635.00000
0.07409,0.07310,0.07738,0.08165,0.08560,0.31616,0.31188,0.30826,0.31024,0.30892,0.00140,0.00041,-0.00090,-0.00156,-0.00025,-45.15058,636.00000
0.08132,0.08362,0.08034,0.08691,0.07836,0.30958,0.31451,0.31320,0.31418,0.31353,0.00239,-0.00189,0.00173,0.00272,-0.00156,-43.57695,637.00000
0.08527,0.08494,0.08560,0.07968,0.07836,0.30991,0.31221,0.31090,0.31583,0.30958,0.00140,-0.00222,0.00041,0.00008,-0.00025,-43.57695,638.00000
0.08198,0.08034,0.08132,0.08362,0.08626,0.31090,0.31484,0.31155,0.30925,0.31057,-0.00222,-0.00255,-0.00189,0.00107,0.00008,-44.04804,639.00000
0.08527,0.08626,0.08527,0.08264,0.08428,0.30794,0.31024,0.31155,0.31353,0.30892,0.00008,-0.00123,-0.00025,-0.00025,-0.00123,-44.04804,640.00000
0.08428,0.08593,0.08264,0.08395,0.08560,0.31484,0.31353,0.31682,0.31254,0.31418,-0.00090,-0.00353,-0.00518,-0.00255,-0.00025,-45.28659,641.00000
0.08790,0.08001,0.08494,0.08626,0.08264,0.30925,0.31649,0.31484,0.31386,0.31550,-0.00025,-0.00090,-0.00353,-0.00025,0.00041,-45.28659,642.00000
0.08330,0.08658,0.09382,0.08231,0.08297,0.31254,0.31320,0.30991,0.31024,0.30826,-0.00123,0.00041,-0.00025,-0.00123,0.00403,-45.34242,643.00000
0.08494,0.08362,0.08066,0.08856,0.08428,0.31550,0.31517,0.30761,0.31155,0.31090,0.00403,-0.00090,-0.00090,-0.00222,-0.00090,-45.34242,644.00000
0.08362,0.08494,0.09251,0.08330,0.08757,0.31451,0.31386,0.31418,0.31517,0.31254,-0.00288,-0.00255,-0.00419,-0.00156,0.00041,-45.71494,645.00000
0.09316,0.09283,0.09152,0.08428,0.08889,0.30925,0.31221,0.31155,0.31287,0.31320,-0.00057,0.00107,0.00008,0.00107,0.00403,-45.71494,646.00000
0.09119,0.09119,0.08955,0.08889,0.08757,0.31484,0.31188,0.31418,0.31057,0.31517,-0.00321,0.00008,-0.00057,0.00107,-0.00419,-47.01308,647.00000
0.09053,0.08691,0.08922,0.09053,0.08494,0.30925,0.31122,0.31090,0.31550,0.31418,-0.00090,-0.00288,0.00140,-0.00156,0.00041,-47.01308,648.00000
0.08626,0.08626,0.09086,0.09349,0.09678,0.31386,0.31155,0.31155,0.31550,0.31122,-0.00222,0.00008,0.00041,-0.00156,-0.00025,-46.83359,649.00000
0.09382,0.08922,0.09744,0.08626,0.08790,0.31155,0.31386,0.31418,0.31517,0.30991,0.00074,0.00041,-0.00057,0.00436,0.00239,-46.83359,650.00000
0.08757,0.09152,0.09152,0.09777,0.08955,0.30794,0.31583,0.31254,0.31386,0.31386,0.00239,0.00074,-0.00321,0.00140,0.00041,-47.04108,651.00000
0.09744,0.09218,0.09415,0.09514,0.08987,0.30991,0.31122,0.31353,0.31254,0.31122,-0.00288,-0.00057,0.00074,-0.00386,-0.00386,-47.04108,652.00000
0.08527,0.09349,0.09316,0.09415,0.09744,0.31188,0.31254,0.31715,0.30892,0.31254,0.00008,-0.00189,-0.00057,0.00140,-0.00255,-47.40890,653.00000
0.09448,0.09448,0.09875,0.08823,0.08922,0.30563,0.31320,0.31122,0.31320,0.31287,0.00173,0.00173,-0.00189,-0.00090,-0.00090,-47.40890,654.00000
0.09349,0.09678,0.09152,0.09481,0.08955,0.31649,0.31517,0.31386,0.31221,0.31221,-0.00090,0.00173,-0.00255,-0.00025,-0.00288,-47.66550,655.00000
0.09579,0.09579,0.09579,0.09547,0.09875,0.31418,0.31254,0.31287,0.31418,0.31057,-0.00090,-0.00090,0.00370,-0.00452,0.00008,-47.66550,656.00000
0.09415,0.09744,0.09744,0.09481,0.10171,0.31024,0.30925,0.30892,0.30563,0.31221,0.00074,-0.00222,-0.00057,-0.00156,0.00272,-47.89028,657.00000
0.09448,0.09382,0.09349,0.09251,0.09645,0.31682,0.31616,0.31024,0.31550,0.31254,-0.00123,-0.00123,0.00008,0.00041,-0.00025,-47.89028,658.00000
0.09251,0.09974,0.09810,0.09777,0.09612,0.31320,0.31155,0.31649,0.31287,0.31418,-0.00025,-0.00288,0.00008,-0.00189,0.00469,-48.37217,659.00000
0.09711,0.09941,0.09777,0.09579,0.09382,0.31320,0.31122,0.30925,0.31353,0.31386,-0.00123,0.00107,-0.00189,-0.00321,-0.00025,-48.37217,660.00000
0.09711,0.10599,0.09119,0.10435,0.10007,0.31320,0.31386,0.31418,0.31616,0.31418,-0.00156,-0.00123,-0.00025,-0.00386,0.00502,-48.84805,661.00000
0.09547,0.10073,0.09810,0.09810,0.09843,0.31287,0.31155,0.31353,0.31747,0.31254,0.00272,0.00008,-0.00288,0.00008,0.00140,-48.84805,662.00000
0.10073,0.10073,0.10566,0.10500,0.10237,0.30925,0.31254,0.31155,0.31057,0.31353,0.00074,0.00074,-0.00057,-0.00090,-0.00353,-48.70469,663.00000
0.10533,0.09514,0.10171,0.10500,0.10073,0.30925,0.31287,0.31221,0.31188,0.31221,0.00173,-0.00123,-0.00057,-0.00090,0.00041,-48.70469,664.00000
0.10500,0.10270,0.10435,0.10270,0.09744,0.31057,0.31122,0.31254,0.30958,0.31221,0.00173,-0.00189,0.00239,0.00074,-0.00057,-49.56940,665.00000
0.10237,0.10435,0.10303,0.09843,0.09941,0.31682,0.31418,0.31057,0.31254,0.31386,0.00074,0.00272,0.00041,-0.00222,-0.00090,-49.56940,666.00000
0.10895,0.10139,0.10632,0.10467,0.09843,0.30991,0.31287,0.31583,0.31583,0.31418,-0.00123,-0.00321,-0.00222,-0.00057,0.00008,-48.98051,667.00000
0.10336,0.10895,0.10171,0.09843,0.10369,0.31254,0.30892,0.31254,0.31155,0.31188,0.00206,-0.00189,-0.00057,0.00206,0.00140,-48.98051,668.00000
0.10336,0.10829,0.10139,0.10763,0.10237,0.31155,0.31418,0.31517,0.30728,0.31254,0.00008,-0.00057,-0.00189,0.00370,0.00206,-49.01110,669.00000
0.11059,0.11059,0.10698,0.10698,0.10435,0.31188,0.31353,0.30859,0.31879,0.31353,-0.00452,-0.00057,-0.00222,0.00140,-0.00090,-49.01110,670.00000
0.11158,0.10270,0.10500,0.10632,0.10106,0.31517,0.30728,0.30991,0.31024,0.31155,-0.00123,-0.00353,-0.00452,-0.00419,-0.00025,-48.55948,671.00000
0.10369,0.10435,0.11257,0.10435,0.10533,0.30958,0.30991,0.31155,0.31780,0.32208,0.00008,0.00272,-0.00156,0.00272,0.00173,-48.55948,672.00000
0.10994,0.11059,0.10731,0.11421,0.10533,0.31090,0.31386,0.31287,0.31616,0.31780,0.00173,-0.00419,-0.00255,0.00107,0.00206,-48.30072,673.00000
0.10204,0.11257,0.10895,0.10961,0.10928,0.31715,0.31320,0.31451,0.31057,0.31221,-0.00485,0.00140,-0.00222,0.00107,0.00239,-48.30072,674.00000
0.10566,0.11158,0.10829,0.10698,0.10435,0.31057,0.31550,0.31024,0.31517,0.31254,-0.00288,-0.00321,0.00272,-0.00090,0.00041,-48.15263,675.00000
0.11553,0.10698,0.11027,0.11059,0.11027,0.31451,0.30859,0.31320,0.31155,0.31254,-0.00057,0.00140,0.00173,-0.00222,0.00074,-48.15263,676.00000
0.10599,0.10994,0.10040,0.11290,0.11092,0.31780,0.31221,0.31122,0.31122,0.31320,0.00107,0.00239,0.00304,-0.00156,-0.00485,-48.03925,677.00000
0.11652,0.10632,0.11388,0.11257,0.10467,0.31682,0.31484,0.31320,0.31682,0.31320,0.00173,0.00041,-0.00255,-0.00090,-0.00189,-48.03925,678.00000
0.11158,0.11059,0.11553,0.11059,0.11487,0.30991,0.30958,0.31287,0.31649,0.30859,-0.00551,0.00074,-0.00123,0.00304,-0.00189,-48.04179,679.00000
0.11125,0.11553,0.10994,0.11388,0.11027,0.31122,0.31616,0.30892,0.31386,0.31057,-0.00156,-0.00057,0.00140,-0.00189,0.00403,-48.04179,680.00000
0.11158,0.11224,0.11257,0.11454,0.11125,0.31221,0.31287,0.31122,0.31090,0.31451,-0.00156,-0.00025,-0.00156,0.00107,0.00239,-48.42272,681.00000
0.10665,0.10928,0.11323,0.11092,0.11323,0.31254,0.31320,0.31155,0.31122,0.31583,-0.00025,0.00041,-0.00353,-0.00123,-0.00090,-48.42272,682.00000
0.11487,0.11454,0.11125,0.11059,0.10961,0.31254,0.31320,0.31057,0.31287,0.31320,0.00173,0.00535,-0.00452,0.00206,-0.00222,-48.08259,683.00000
0.11454,0.11027,0.11586,0.11421,0.11586,0.31517,0.31024,0.31057,0.31188,0.31320,0.00107,0.00041,-0.00288,0.00041,0.00074,-48.08259,684.00000
0.11027,0.11717,0.11191,0.11323,0.11158,0.31353,0.30958,0.31057,0.31221,0.32076,-0.00156,-0.00288,0.00173,0.00041,-0.00353,-48.16997,685.00000
0.11388,0.12079,0.11257,0.11553,0.11750,0.30826,0.31188,0.30794,0.31353,0.31057,-0.00025,0.00337,-0.00025,0.00173,-0.00485,-48.16997,686.00000
0.11915,0.11915,0.11553,0.11586,0.12408,0.31090,0.30991,0.31287,0.31122,0.31386,-0.00057,-0.00090,0.00107,-0.00090,0.00173,-47.95804,687.00000
0.11849,0.11619,0.11553,0.12408,0.11980,0.31122,0.31583,0.31090,0.31155,0.31287,-0.00057,-0.00025,-0.00156,-0.00189,-0.00189,-47.95804,688.00000
0.12013,0.11487,0.12276,0.11652,0.12244,0.31090,0.30859,0.31386,0.30794,0.31188,0.00008,0.00008,0.00008,-0.00518,0.00173,-48.20250,689.00000
0.11684,0.11980,0.12145,0.12178,0.11980,0.31090,0.31517,0.31386,0.31057,0.31221,0.00107,0.00239,-0.00222,-0.00255,-0.00057,-48.20250,690.00000
0.12145,0.12013,0.11882,0.12013,0.12178,0.30958,0.31386,0.30892,0.31550,0.30826,0.00074,-0.00288,-0.00090,-0.00255,-0.00025,-49.07022,691.00000
0.12408,0.12967,0.11980,0.12737,0.12408,0.31287,0.31386,0.31254,0.31155,0.31024,-0.00288,-0.00156,-0.00288,0.00008,-0.00057,-49.07022,692.00000
0.12211,0.13066,0.11717,0.12375,0.12770,0.31090,0.31353,0.31682,0.31122,0.31221,-0.00353,0.00008,-0.00090,0.00041,0.00041,-48.98138,693.00000
0.12276,0.12572,0.12309,0.12934,0.12803,0.31616,0.31287,0.31451,0.31451,0.31418,-0.00090,0.00304,-0.00057,-0.00057,-0.00123,-48.98138,694.00000
0.12342,0.12211,0.13099,0.12507,0.13132,0.30859,0.31649,0.31287,0.31254,0.31221,-0.00025,-0.00156,0.00008,-0.00156,0.00206,-49.21513,695.00000
0.13263,0.12803,0.12901,0.12441,0.13132,0.30695,0.31155,0.31353,0.31320,0.31287,-0.00090,0.00008,-0.00485,0.00173,0.00403,-49.21513,696.00000
0.12836,0.12836,0.12836,0.12836,0.13329,0.31188,0.31287,0.30794,0.31451,0.31451,0.00041,0.00041,-0.00090,0.00008,-0.00025,-48.94127,697.00000
0.12901,0.13000,0.12704,0.13526,0.13132,0.31122,0.31090,0.31287,0.30991,0.31517,-0.00189,0.00074,0.00140,0.00568,-0.00057,-48.94127,698.00000
0.13526,0.13099,0.13099,0.13033,0.13099,0.31550,0.31320,0.31090,0.31550,0.31484,0.00239,0.00140,-0.00353,-0.00222,0.00173,-48.89216,699.00000
0.13658,0.13460,0.13099,0.13921,0.13460,0.31320,0.31386,0.31287,0.31221,0.31188,0.00074,-0.00090,-0.00123,-0.00321,-0.00090,-48.89216,700.00000
0.13329,0.13724,0.13066,0.13526,0.13493,0.30794,0.30826,0.31451,0.31550,0.31188,-0.00123,-0.00123,0.00140,-0.00386,-0.00025,-48.33533,701.00000
0.12868,0.13658,0.13460,0.13362,0.13888,0.31616,0.31090,0.31024,0.31090,0.31649,0.00074,0.00239,0.00074,-0.00057,0.00568,-48.33533,702.00000
0.13362,0.14283,0.14052,0.13395,0.13033,0.31353,0.31122,0.31484,0.31682,0.31550,-0.00255,0.00074,0.00074,0.00107,0.00008,-46.68482,703.00000
0.14052,0.13559,0.13559,0.13625,0.13954,0.31353,0.31517,0.31353,0.31682,0.30695,-0.00123,0.00140,0.00041,0.00206,0.00074,-46.68482,704.00000
0.14250,0.13724,0.13888,0.13493,0.13526,0.31550,0.30925,0.31287,0.30859,0.31188,0.00140,-0.00090,0.00140,0.00041,-0.00353,-44.88298,705.00000
0.13164,0.13592,0.14348,0.13789,0.13691,0.30958,0.31320,0.31517,0.31122,0.31418,0.00304,0.00074,0.00074,-0.00222,0.00074,-44.88298,706.00000
0.13592,0.14579,0.14316,0.13954,0.14184,0.31353,0.31353,0.30958,0.31287,0.31057,0.00206,-0.00090,0.00107,0.00074,0.00206,-43.14627,707.00000
0.14677,0.14217,0.14118,0.13921,0.14414,0.31451,0.31353,0.31024,0.31353,0.31254,0.00140,-0.00321,0.00008,0.00074,0.00173,-43.14627,708.00000
0.14480,0.13756,0.14710,0.14184,0.13987,0.31188,0.31386,0.31024,0.31353,0.30925,0.00140,-0.00222,-0.00353,-0.00057,0.00041,-43.70559,709.00000
0.13921,0.14842,0.14085,0.14348,0.14283,0.31057,0.30958,0.31451,0.31386,0.31484,-0.00123,-0.00288,0.00173,0.00107,-0.00353,-43.70559,710.00000
0.14710,0.14776,0.14151,0.14151,0.15467,0.31188,0.30925,0.31188,0.30991,0.31090,-0.00057,-0.00123,-0.00255,0.00337,-0.00189,-44.40073,711.00000
0.14283,0.14381,0.14381,0.14743,0.14743,0.31254,0.31320,0.31188,0.31057,0.31287,-0.00123,-0.00156,-0.00057,0.00008,-0.00057,-44.40073,712.00000
0.14414,0.14743,0.14908,0.13428,0.14908,0.31254,0.31090,0.30925,0.31057,0.31122,-0.00222,0.00008,0.00140,-0.00057,0.00304,-45.32803,713.00000
0.14085,0.14085,0.15269,0.13921,0.13987,0.31353,0.31517,0.31024,0.31057,0.30794,0.00074,-0.00123,-0.00189,0.00140,0.00337,-45.32803,714.00000
0.15204,0.14710,0.15171,0.15138,0.14809,0.31715,0.31188,0.31090,0.30925,0.31024,0.00140,0.00272,-0.00025,0.00140,0.00107,-46.60540,715.00000
0.15006,0.14250,0.15138,0.14809,0.15006,0.31090,0.31386,0.30958,0.31550,0.31386,-0.00255,0.00436,0.00304,0.00272,0.00272,-46.60540,716.00000
0.15565,0.15006,0.15072,0.15237,0.14743,0.31254,0.30925,0.31188,0.31221,0.31550,-0.00222,0.00206,-0.00025,0.00304,-0.00057,-47.14937,717.00000
0.15269,0.15204,0.15204,0.14908,0.15302,0.30958,0.31221,0.31682,0.31155,0.31418,-0.00123,0.00140,0.00403,0.00173,-0.00025,-47.14937,718.00000
0.15039,0.15039,0.15138,0.15401,0.15171,0.31550,0.31320,0.31024,0.31090,0.30859,0.00140,-0.00025,-0.00156,-0.00288,-0.00222,-47.83103,719.00000
0.15467,0.15697,0.15401,0.15434,0.15006,0.31451,0.31320,0.31320,0.31155,0.31353,-0.00255,0.00140,0.00008,-0.00255,-0.00255,-47.83103,720.00000
0.15500,0.15467,0.15664,0.15927,0.15500,0.31320,0.30892,0.31682,0.31320,0.31418,-0.00025,-0.00386,-0.00485,0.00272,0.00041,-47.99900,721.00000
0.15796,0.15368,0.15631,0.15730,0.14941,0.31188,0.31221,0.31254,0.31155,0.31320,-0.00123,-0.00156,-0.00353,0.00074,0.00107,-47.99900,722.00000
0.15796,0.15861,0.15664,0.15763,0.15533,0.31155,0.31090,0.31484,0.30728,0.31188,0.00107,-0.00255,-0.00123,0.00107,0.00074,-48.17447,723.00000
0.15434,0.15796,0.16157,0.15763,0.16026,0.31155,0.31024,0.31287,0.30859,0.30991,0.00041,-0.00321,-0.00057,0.00008,0.00239,-48.17447,724.00000
0.15993,0.15993,0.15796,0.16026,0.16223,0.31287,0.31057,0.31386,0.30892,0.31254,-0.00123,0.00173,-0.00057,-0.00123,-0.00255,-48.45095,725.00000
0.16388,0.15171,0.15927,0.15368,0.16421,0.31188,0.31682,0.31090,0.31386,0.31188,-0.00025,-0.00156,-0.00123,0.00041,-0.00386,-48.45095,726.00000
0.15631,0.15927,0.15894,0.15960,0.15796,0.31287,0.31122,0.31122,0.31122,0.31320,0.00008,0.00041,-0.00189,-0.00057,-0.00255,-48.45297,727.00000
0.16848,0.15894,0.15993,0.16026,0.16486,0.31221,0.31254,0.31221,0.31155,0.31122,-0.00025,-0.00222,0.00074,-0.00156,0.00074,-48.45297,728.00000
0.16125,0.16684,0.15796,0.16651,0.16092,0.31024,0.31057,0.31287,0.31517,0.31616,-0.00123,0.00140,-0.00057,-0.00123,-0.00288,-48.51943,729.00000
0.16486,0.16125,0.16717,0.16256,0.16717,0.31320,0.31353,0.30761,0.31221,0.31583,-0.00452,0.00272,-0.00025,-0.00123,0.00239,-48.51943,730.00000
0.16585,0.17111,0.17342,0.16651,0.16717,0.31057,0.31583,0.31517,0.31155,0.31221,-0.00156,-0.00057,-0.00025,-0.00156,-0.00123,-48.87135,731.00000
0.16980,0.16881,0.16322,0.16848,0.16717,0.31418,0.31715,0.31057,0.31057,0.31353,0.00140,-0.00189,0.00008,0.00239,-0.00255,-48.87135,732.00000
0.16519,0.17703,0.16881,0.16256,0.16618,0.31188,0.31353,0.31649,0.31155,0.31287,-0.00025,0.00074,-0.00090,0.00140,-0.00057,-48.83904,733.00000
0.17111,0.15927,0.17210,0.17045,0.17013,0.31287,0.31353,0.30991,0.31057,0.31451,-0.00353,-0.00057,-0.00025,-0.00123,-0.00255,-48.83904,734.00000
0.16782,0.17177,0.16848,0.16552,0.17210,0.31353,0.31583,0.31155,0.31254,0.31616,0.00008,0.00074,-0.00057,-0.00321,-0.00485,-48.48709,735.00000
0.17243,0.16388,0.16848,0.16947,0.17111,0.31649,0.31122,0.31090,0.30826,0.31254,0.00272,0.00041,0.00008,-0.00123,-0.00090,-48.48709,736.00000
0.17703,0.17342,0.17440,0.16421,0.16914,0.31978,0.31418,0.31353,0.31122,0.30695,0.00107,-0.00025,0.00173,0.00272,-0.00452,-48.03436,737.00000
0.17243,0.17045,0.17177,0.17309,0.17407,0.30925,0.31155,0.30925,0.31780,0.31715,-0.00485,0.00206,0.00140,-0.00189,0.00008,-48.03436,738.00000
0.18427,0.17605,0.17374,0.17802,0.17440,0.31221,0.31386,0.31090,0.31715,0.31978,0.00041,0.00140,0.00337,-0.00189,-0.00156,-47.84322,739.00000
0.16980,0.17342,0.17407,0.17572,0.17374,0.31024,0.31090,0.30892,0.31747,0.31649,0.00272,-0.00025,-0.00255,-0.00057,-0.00025,-47.84322,740.00000
0.17670,0.17769,0.17539,0.17407,0.17440,0.31024,0.31451,0.31155,0.31682,0.31320,-0.00025,-0.00025,0.00107,-0.00090,0.00173,-47.69789,741.00000
0.17901,0.17638,0.17572,0.17572,0.17407,0.31024,0.31287,0.31155,0.31221,0.31682,-0.00189,-0.00123,0.00074,-0.00551,-0.00321,-47.69789,742.00000
0.18032,0.17868,0.18230,0.17407,0.18262,0.31451,0.31517,0.31484,0.31155,0.31188,-0.00189,0.00206,0.00337,0.00074,-0.00123,-48.01116,743.00000
0.17638,0.17440,0.17901,0.17999,0.17703,0.31451,0.31287,0.31155,0.31155,0.30859,-0.00057,0.00107,-0.00090,0.00337,0.00008,-48.01116,744.00000
0.17868,0.18197,0.18262,0.18065,0.18328,0.31320,0.31057,0.31287,0.30925,0.31418,-0.00057,-0.00156,-0.00518,-0.00123,-0.00057,-47.98563,745.00000
0.18098,0.17868,0.17934,0.17966,0.18098,0.31155,0.30991,0.31090,0.31057,0.31386,-0.00090,-0.00222,-0.00419,0.00304,-0.00057,-47.98563,746.00000
0.17802,0.18098,0.17638,0.17901,0.18361,0.31320,0.31945,0.31221,0.31254,0.31353,0.00041,-0.00189,-0.00255,-0.00090,-0.00123,-48.54641,747.00000
0.17638,0.18262,0.18098,0.18131,0.18657,0.31287,0.31353,0.31451,0.31155,0.30958,0.00041,-0.00090,0.00008,0.00107,-0.00123,-48.54641,748.00000
0.18164,0.18558,0.18789,0.18098,0.18723,0.31715,0.31254,0.31353,0.31583,0.31386,-0.00025,-0.00222,0.00403,0.00041,-0.00255,-48.20900,749.00000
0.18361,0.18887,0.18361,0.18493,0.18361,0.31320,0.31188,0.31418,0.31024,0.30859,-0.00057,-0.00288,-0.00123,0.00140,-0.00025,-48.20900,750.00000
0.18756,0.18558,0.18591,0.18558,0.18526,0.31550,0.31517,0.31517,0.31550,0.31649,-0.00255,0.00074,-0.00353,0.00140,-0.00057,-48.45769,751.00000
0.18789,0.19216,0.18427,0.18854,0.18887,0.30991,0.31320,0.31221,0.31451,0.31682,-0.00255,0.00272,0.00074,-0.00025,-0.00189,-48.45769,752.00000
0.18789,0.18822,0.18526,0.18558,0.19545,0.31122,0.31122,0.31320,0.31386,0.31583,0.00008,0.00041,-0.00353,-0.00025,0.00008,-48.43143,753.00000
0.17868,0.19216,0.18690,0.19282,0.18789,0.31451,0.31188,0.31188,0.31583,0.31353,0.00107,-0.00025,0.00041,-0.00189,-0.00057,-48.43143,754.00000
0.18986,0.19249,0.18394,0.18822,0.19052,0.31649,0.30925,0.31221,0.31451,0.31320,0.00272,0.00074,0.00173,-0.00222,-0.00189,-48.76548,755.00000
0.19414,0.19052,0.19479,0.19512,0.19216,0.31715,0.31715,0.31386,0.31188,0.31353,-0.00025,-0.00419,0.00107,0.00337,-0.00123,-48.76548,756.00000
0.19216,0.19479,0.19019,0.19414,0.18986,0.31616,0.31682,0.31386,0.31418,0.31254,0.00008,0.00173,-0.00025,-0.00353,-0.00156,-49.34789,757.00000
0.18953,0.19414,0.19545,0.18854,0.19381,0.31353,0.31057,0.31024,0.31451,0.31287,-0.00189,0.00173,-0.00255,-0.00189,0.00206,-49.34789,758.00000
0.19742,0.19085,0.19414,0.19512,0.19446,0.31715,0.30991,0.31386,0.31024,0.31682,-0.00025,-0.00321,-0.00057,-0.00222,0.00337,-49.25927,759.00000
0.19019,0.19742,0.19973,0.19249,0.19118,0.30925,0.31682,0.31320,0.31451,0.31122,-0.00288,-0.00123,-0.00255,-0.00057,-0.00090,-49.25927,760.00000
0.19611,0.19414,0.19216,0.19446,0.19183,0.31451,0.30925,0.31353,0.30728,0.31155,0.00173,-0.00057,-0.00123,0.00140,-0.00156,-49.30598,761.00000
0.19710,0.19512,0.19775,0.19118,0.19446,0.30826,0.31649,0.31254,0.31188,0.31090,0.00206,0.00041,-0.00189,-0.00386,-0.00156,-49.30598,762.00000
0.19150,0.19512,0.19216,0.19644,0.19644,0.31024,0.30859,0.31024,0.31320,0.31386,0.00140,0.00337,-0.00189,-0.00025,0.00008,-49.42339,763.00000
0.19742,0.19611,0.19381,0.20104,0.20236,0.31221,0.30991,0.31320,0.31254,0.31353,-0.00025,0.00074,0.00206,-0.00090,-0.00156,-49.42339,764.00000
0.20269,0.19019,0.20203,0.20170,0.19446,0.31353,0.30695,0.31155,0.31386,0.31221,-0.00649,0.00304,0.00074,0.00074,0.00008,-49.40726,765.00000
0.20762,0.20071,0.20038,0.20269,0.19973,0.31715,0.30794,0.30892,0.31122,0.31320,0.00140,0.00173,-0.00189,0.00337,-0.00386,-49.40726,766.00000
0.20137,0.19644,0.20565,0.20203,0.20565,0.30761,0.31221,0.31386,0.31221,0.31780,-0.00419,0.00074,-0.00025,-0.00288,0.00140,-49.13772,767.00000
0.20236,0.20532,0.20203,0.20236,0.20565,0.31386,0.31418,0.30892,0.31418,0.31024,0.00041,0.00041,0.00074,-0.00123,-0.00321,-49.13772,768.00000
0.20532,0.20959,0.20795,0.20236,0.20071,0.31090,0.31155,0.31221,0.31320,0.31155,-0.00419,-0.00057,-0.00288,0.00041,-0.00288,-49.37306,769.00000
0.20861,0.20532,0.20335,0.20302,0.20466,0.31517,0.31583,0.31550,0.31583,0.31254,0.00107,0.00041,-0.00222,0.00239,0.00206,-49.37306,770.00000
0.20532,0.20631,0.19841,0.20269,0.20104,0.31221,0.31057,0.31780,0.30925,0.30563,0.00008,0.00041,0.00041,0.00337,0.00041,-48.73243,771.00000
0.21025,0.20433,0.20071,0.20598,0.20729,0.31221,0.31254,0.31221,0.30892,0.30794,0.00173,0.00074,-0.00057,0.00272,-0.00255,-48.73243,772.00000
0.20894,0.21190,0.21288,0.21255,0.21025,0.31386,0.31583,0.31418,0.31386,0.31287,-0.00189,-0.00156,0.00008,-0.00518,-0.00321,-48.38184,773.00000
0.20992,0.21650,0.21255,0.21519,0.20762,0.31188,0.31451,0.31057,0.31451,0.31418,0.00041,-0.00057,-0.00156,-0.00025,0.00008,-48.38184,774.00000
0.21321,0.21091,0.21124,0.21354,0.20631,0.30695,0.31451,0.31090,0.31386,0.31254,-0.00288,0.00173,-0.00156,0.00206,0.00008,-47.90398,775.00000
0.21486,0.21387,0.21288,0.21124,0.20894,0.31090,0.31386,0.31583,0.31090,0.31682,-0.00452,0.00206,0.00239,-0.00255,0.00272,-47.90398,776.00000
0.21584,0.20861,0.21453,0.21979,0.21716,0.31254,0.31616,0.31386,0.31155,0.31254,-0.00189,0.00206,0.00272,-0.00057,-0.00057,-48.22179,777.00000
0.21749,0.21321,0.22012,0.21486,0.21453,0.31155,0.31122,0.31780,0.31057,0.31024,-0.00419,-0.00090,0.00173,0.00074,0.00140,-48.22179,778.00000
0.21190,0.21453,0.20894,0.21486,0.21946,0.31254,0.31287,0.31287,0.31254,0.31221,-0.00057,-0.00025,-0.00090,0.00041,-0.00156,-48.63549,779.00000
0.21486,0.21091,0.21716,0.21749,0.22078,0.31715,0.30761,0.30794,0.31287,0.30826,0.00239,-0.00255,0.00041,0.00173,-0.00156,-48.63549,780.00000
0.21749,0.21584,0.21683,0.21880,0.21650,0.31484,0.30958,0.31221,0.31221,0.30925,-0.00222,-0.00123,-0.00189,-0.00189,0.00403,-48.87874,781.00000
0.22209,0.21321,0.21321,0.21288,0.21782,0.31616,0.31155,0.31090,0.31090,0.31386,-0.00025,-0.00222,0.00140,-0.00386,-0.00057,-48.87874,782.00000
0.21551,0.21815,0.21979,0.21979,0.22078,0.31155,0.31320,0.31747,0.31188,0.31386,0.00173,-0.00156,0.00239,-0.00057,-0.00255,-49.18576,783.00000
0.22439,0.21847,0.21946,0.21815,0.22209,0.31451,0.31517,0.30892,0.31155,0.31155,-0.00057,-0.00222,0.00041,0.00173,0.00140,-49.18576,784.00000
0.22275,0.22045,0.22275,0.22374,0.22078,0.31353,0.31221,0.31484,0.30794,0.31090,-0.00485,-0.00321,0.00337,-0.00255,-0.00156,-49.37254,785.00000
0.22407,0.22604,0.22012,0.21815,0.22604,0.31221,0.30826,0.31221,0.31122,0.31550,0.00074,-0.00353,0.00272,-0.00189,-0.00353,-49.37254,786.00000
0.22308,0.22801,0.21946,0.23360,0.22966,0.31386,0.31090,0.30892,0.31649,0.31451,-0.00255,-0.00025,0.00140,0.00008,-0.00123,-49.16991,787.00000
0.22735,0.22637,0.22538,0.22439,0.22735,0.31386,0.30925,0.31517,0.31978,0.31747,-0.00321,-0.00123,-0.00321,0.00239,-0.00123,-49.16991,788.00000
0.22176,0.23492,0.22341,0.22571,0.22604,0.31057,0.31254,0.31418,0.31550,0.31517,-0.00090,-0.00485,-0.00090,-0.00222,-0.00255,-49.03970,789.00000
0.23097,0.22571,0.22275,0.22933,0.22670,0.30958,0.31287,0.31155,0.31155,0.31550,0.00041,0.00041,0.00008,-0.00518,-0.00057,-49.03970,790.00000
0.22768,0.22505,0.23656,0.22703,0.23426,0.31550,0.31057,0.31254,0.31451,0.31024,-0.00025,0.00173,-0.00255,-0.00353,-0.00189,-49.45420,791.00000
0.22768,0.23492,0.22374,0.22966,0.22768,0.31747,0.31155,0.31682,0.31353,0.30465,-0.00057,-0.00025,0.00173,0.00041,0.00173,-49.45420,792.00000
0.23558,0.23229,0.23393,0.23328,0.23295,0.31353,0.31155,0.31090,0.31024,0.31583,0.00206,-0.00090,0.00041,-0.00255,0.00008,-49.54336,793.00000
0.23130,0.22801,0.23032,0.22966,0.22834,0.30892,0.31287,0.31747,0.31583,0.31320,0.00041,-0.00353,0.00436,0.00008,-0.00090,-49.54336,794.00000
0.23097,0.23196,0.22966,0.23459,0.22801,0.31418,0.31484,0.31353,0.31945,0.31418,-0.00123,0.00008,-0.00123,0.00272,0.00239,-49.26752,795.00000
0.22703,0.23262,0.23064,0.23097,0.23426,0.31451,0.31254,0.31320,0.31484,0.31221,0.00206,-0.00189,-0.00057,-0.00057,0.00370,-49.26752,796.00000
0.23163,0.23262,0.23887,0.23295,0.23032,0.31090,0.31122,0.31320,0.31254,0.31320,-0.00222,0.00008,-0.00255,-0.00321,0.00337,-49.05106,797.00000
0.22900,0.23163,0.23492,0.23130,0.23656,0.31320,0.31221,0.30826,0.30826,0.31550,0.00008,0.00107,0.00041,0.00304,0.00140,-49.05106,798.00000
0.23591,0.23328,0.23459,0.23525,0.23196,0.31024,0.31484,0.30662,0.31682,0.31221,-0.00255,-0.00386,0.00304,0.00140,-0.00156,-49.26484,799.00000
0.23393,0.23722,0.23097,0.23821,0.23426,0.31649,0.31122,0.31583,0.30991,0.31188,-0.00156,0.00304,-0.00156,0.00041,0.00008,-49.26484,800.00000
0.23788,0.23393,0.23985,0.23492,0.23295,0.31221,0.32011,0.31287,0.31517,0.31254,0.00436,-0.00025,0.00074,-0.00419,0.00074,-49.44316,801.00000
0.23788,0.23360,0.24150,0.23854,0.23722,0.31090,0.30892,0.31024,0.31386,0.31221,0.00041,-0.00353,-0.00057,-0.00025,0.00041,-49.44316,802.00000
0.23887,0.23624,0.24216,0.23624,0.23656,0.31320,0.31188,0.31484,0.31188,0.31090,-0.00353,0.00041,-0.00090,-0.00057,0.00107,-48.73196,803.00000
0.23920,0.24380,0.23393,0.23985,0.23459,0.31353,0.31451,0.31057,0.31353,0.31155,-0.00288,-0.00189,-0.00057,0.00239,-0.00353,-48.73196,804.00000
0.24216,0.24117,0.24512,0.24051,0.24446,0.31155,0.30991,0.30925,0.31254,0.31122,0.00041,0.00239,-0.00090,-0.00090,-0.00156,-48.46779,805.00000
0.24216,0.24446,0.23887,0.24018,0.24446,0.31287,0.30859,0.30695,0.31155,0.31451,-0.00123,0.00041,0.00140,-0.00156,0.00239,-48.46779,806.00000
0.24216,0.24084,0.24808,0.23624,0.24347,0.31418,0.30859,0.30859,0.31122,0.31221,-0.00025,-0.00419,0.00008,0.00239,-0.00123,-47.83921,807.00000
0.24281,0.24906,0.24446,0.24117,0.24380,0.31418,0.30728,0.30991,0.30925,0.31386,0.00304,-0.00090,0.00140,-0.00025,-0.00288,-47.83921,808.00000
0.24709,0.23985,0.24051,0.24775,0.24380,0.30859,0.30859,0.31386,0.31451,0.31353,-0.00321,0.00173,-0.00255,-0.00189,0.00206,-47.63336,809.00000
0.24873,0.24248,0.24544,0.24676,0.24150,0.30629,0.30859,0.31254,0.30991,0.31122,-0.00090,-0.00156,-0.00485,-0.00255,-0.00057,-47.63336,810.00000
0.24775,0.24676,0.24709,0.25005,0.24314,0.31287,0.31813,0.30958,0.31024,0.31550,0.00173,-0.00156,-0.00255,0.00206,-0.00189,-48.09672,811.00000
0.24972,0.25235,0.25071,0.25136,0.25071,0.31879,0.30958,0.30892,0.31353,0.31188,0.00173,0.00041,0.00008,0.00074,-0.00288,-48.09672,812.00000
0.24775,0.24380,0.25728,0.24216,0.25071,0.31451,0.31418,0.31188,0.31353,0.31155,-0.00090,-0.00090,-0.00025,-0.00123,0.00206,-47.76272,813.00000
0.25235,0.25005,0.25202,0.25400,0.25038,0.31090,0.31188,0.31320,0.31682,0.30859,0.00206,-0.00255,0.00008,0.00074,-0.00090,-47.76272,814.00000
0.24808,0.25202,0.24873,0.25367,0.25235,0.31155,0.31320,0.31024,0.31287,0.31287,-0.00189,-0.00057,-0.00057,-0.00123,-0.00156,-48.16180,815.00000
0.25432,0.24972,0.24972,0.24906,0.25432,0.31517,0.31122,0.31353,0.31155,0.30925,0.00140,0.00008,-0.00321,0.00337,0.00008,-48.16180,816.00000
0.24873,0.25367,0.25235,0.25400,0.25136,0.31386,0.31221,0.31583,0.30925,0.31517,0.00140,0.00337,-0.00156,-0.00353,-0.00025,-48.29114,817.00000
0.25794,0.24610,0.25465,0.25663,0.25005,0.31057,0.31287,0.31616,0.31682,0.31320,-0.00025,0.00074,-0.00189,-0.00090,0.00206,-48.29114,818.00000
0.25334,0.25169,0.25564,0.25301,0.25597,0.31024,0.31353,0.31320,0.31451,0.31122,-0.00123,-0.00353,0.00173,-0.00255,0.00041,-48.18856,819.00000
0.25465,0.25794,0.25860,0.25926,0.25367,0.30925,0.31484,0.30761,0.30892,0.31583,0.00008,-0.00321,0.00074,-0.00123,0.00008,-48.18856,820.00000
0.25761,0.25432,0.26090,0.26057,0.24972,0.31682,0.31353,0.31024,0.31386,0.31254,0.00107,0.00008,-0.00156,-0.00353,-0.00255,-48.94699,821.00000
0.26189,0.25630,0.25531,0.26156,0.25926,0.31254,0.30991,0.31155,0.31320,0.31057,0.00239,-0.00156,-0.00189,0.00239,0.00074,-48.94699,822.00000
0.25827,0.25564,0.25794,0.25597,0.25169,0.31254,0.31057,0.30629,0.31353,0.31484,-0.00123,0.00206,-0.00321,-0.00386,0.00008,-48.93830,823.00000
0.25893,0.26057,0.25926,0.26255,0.25465,0.31517,0.31353,0.31024,0.30892,0.30925,-0.00255,-0.00156,-0.00288,0.00041,0.00140,-48.93830,824.00000
0.25959,0.26485,0.25761,0.26649,0.25696,0.31386,0.31484,0.31122,0.30859,0.30826,0.00337,0.00370,-0.00222,0.00173,0.00337,-49.55912,825.00000
0.26386,0.26189,0.26419,0.26945,0.26255,0.31616,0.30958,0.31155,0.31122,0.31090,0.00107,0.00239,-0.00090,0.00008,0.00008,-49.55912,826.00000
0.25893,0.25992,0.26551,0.26386,0.25761,0.31221,0.31780,0.31846,0.31616,0.31122,-0.00189,-0.00189,0.00107,-0.00321,0.00008,-49.47171,827.00000
0.26748,0.26584,0.26222,0.26386,0.26518,0.31484,0.31517,0.30991,0.31386,0.31616,-0.00057,-0.00353,0.00041,-0.00189,-0.00025,-49.47171,828.00000
0.26452,0.26386,0.27044,0.25992,0.26485,0.31616,0.31484,0.31484,0.31024,0.31616,0.00173,0.00008,0.00074,0.00107,-0.00321,-49.40204,829.00000
0.26518,0.26189,0.26419,0.26222,0.27011,0.31320,0.30859,0.31320,0.31484,0.31451,-0.00025,0.00107,-0.00123,-0.00222,-0.00057,-49.40204,830.00000
0.26353,0.26847,0.27077,0.26748,0.26353,0.31451,0.30991,0.31057,0.31616,0.31254,-0.00255,-0.00123,-0.00551,0.00140,-0.00353,-49.05448,831.00000
0.26386,0.26880,0.26090,0.26748,0.26518,0.30695,0.31254,0.31418,0.31122,0.31780,0.00008,-0.00321,-0.00255,-0.00288,-0.00222,-49.05448,832.00000
0.27636,0.26945,0.27077,0.27702,0.26452,0.31550,0.31090,0.31122,0.31517,0.31090,-0.00189,-0.00025,-0.00090,-0.00386,0.00173,-49.39244,833.00000
0.26715,0.26945,0.26781,0.26649,0.26945,0.31188,0.31155,0.31715,0.31090,0.31188,0.00074,-0.00353,0.00041,0.00173,-0.00419,-49.39244,834.00000
0.27110,0.27209,0.26715,0.27472,0.27373,0.31517,0.31254,0.30991,0.31155,0.31583,-0.00452,-0.00057,-0.00057,-0.00057,-0.00156,-48.55655,835.00000
0.26682,0.26945,0.27472,0.26814,0.26715,0.31418,0.31155,0.30991,0.31649,0.31550,0.00107,-0.00057,0.00074,0.00206,-0.00288,-48.55655,836.00000
0.27077,0.26814,0.27307,0.26945,0.27801,0.31320,0.31221,0.30991,0.31418,0.30794,-0.00156,0.00008,0.00074,-0.00386,0.00074,-48.11159,837.00000
0.27439,0.27439,0.26913,0.26945,0.26978,0.31090,0.31155,0.31122,0.31682,0.31517,-0.00057,0.00107,0.00107,0.00370,-0.00156,-48.11159,838.00000
0.27274,0.27373,0.27669,0.27044,0.27866,0.31254,0.31386,0.31386,0.30892,0.31057,-0.00025,-0.00025,0.00008,-0.00419,-0.00255,-48.07537,839.00000
0.27702,0.27537,0.27603,0.27735,0.27373,0.31386,0.31287,0.31188,0.31090,0.31386,-0.00255,-0.00057,-0.00025,-0.00057,-0.00189,-48.07537,840.00000
0.27373,0.27143,0.27241,0.27570,0.27011,0.30958,0.31155,0.30892,0.31155,0.31813,-0.00090,0.00272,-0.00189,-0.00090,0.00239,-48.66320,841.00000
0.27636,0.27406,0.27044,0.27307,0.27603,0.31122,0.31583,0.31386,0.31353,0.30958,0.00304,0.00337,-0.00057,0.00206,-0.00025,-48.66320,842.00000
0.27702,0.27439,0.27768,0.27570,0.27044,0.31254,0.31090,0.30761,0.31649,0.31122,-0.00189,0.00041,-0.00123,0.00173,-0.00353,-48.79142,843.00000
0.27998,0.27998,0.27833,0.28327,0.28031,0.31057,0.31386,0.31550,0.31254,0.31320,0.00107,0.00272,-0.00156,0.00041,-0.00189,-48.79142,844.00000
0.27603,0.27998,0.27307,0.28097,0.28129,0.31024,0.30728,0.31451,0.31057,0.30925,-0.00090,0.00304,-0.00419,0.00239,-0.00321,-48.79063,845.00000
0.28097,0.27735,0.28425,0.27702,0.27505,0.31451,0.31550,0.31945,0.31287,0.31287,0.00239,-0.00452,-0.00288,0.00239,-0.00222,-48.79063,846.00000
0.27932,0.27011,0.27965,0.27866,0.28557,0.31221,0.31254,0.31254,0.31287,0.31320,-0.00057,-0.00189,0.00140,0.00074,0.00140,-49.15632,847.00000
0.27899,0.28195,0.27702,0.27801,0.28458,0.31386,0.30826,0.31320,0.31221,0.30991,0.00008,-0.00057,0.00008,-0.00057,-0.00123,-49.15632,848.00000
0.28327,0.28129,0.28064,0.27636,0.28425,0.31287,0.31517,0.31451,0.30958,0.31320,-0.00123,-0.00090,0.00008,-0.00090,0.00074,-49.32850,849.00000
0.28294,0.28458,0.28162,0.27998,0.28458,0.31155,0.31550,0.31122,0.31386,0.31090,-0.00090,-0.00156,0.00008,0.00008,-0.00222,-49.32850,850.00000
0.28425,0.28360,0.27899,0.27866,0.28195,0.31451,0.31353,0.31254,0.31550,0.31090,0.00041,0.00107,-0.00090,-0.00551,0.00107,-49.08358,851.00000
0.28261,0.28425,0.27998,0.28458,0.28195,0.31616,0.31846,0.31057,0.31386,0.31451,0.00173,-0.00025,-0.00025,0.00239,0.00304,-49.08358,852.00000
0.28491,0.28623,0.28195,0.28919,0.28294,0.31188,0.31616,0.31484,0.31287,0.31155,0.00041,-0.00255,-0.00057,-0.00485,0.00206,-49.36627,853.00000
0.28590,0.28689,0.28261,0.28985,0.28228,0.31155,0.30892,0.31616,0.31221,0.31649,-0.00025,0.00140,-0.00222,0.00008,-0.00222,-49.36627,854.00000
0.28195,0.28393,0.28458,0.28129,0.28425,0.31221,0.31320,0.30826,0.31682,0.31649,0.00008,0.00008,0.00008,-0.00025,-0.00386,-49.48799,855.00000
0.28656,0.29116,0.27899,0.28623,0.27899,0.31188,0.31418,0.31418,0.31418,0.31057,-0.00255,0.00107,0.00206,-0.00025,0.00337,-49.48799,856.00000
0.28722,0.28689,0.28787,0.28919,0.28656,0.31353,0.31090,0.31254,0.31254,0.31649,-0.00090,-0.00057,0.00206,-0.00057,0.00140,-49.00599,857.00000
0.28952,0.28689,0.28689,0.29083,0.28787,0.31418,0.31418,0.31024,0.31550,0.31122,-0.00057,0.00107,-0.00123,-0.00222,-0.00617,-49.00599,858.00000
0.29215,0.28754,0.29379,0.28787,0.28623,0.31090,0.30991,0.30925,0.31090,0.31353,-0.00057,0.00272,0.00272,0.00304,-0.00025,-49.34221,859.00000
0.29412,0.28952,0.29215,0.29182,0.29018,0.30925,0.31057,0.31090,0.31451,0.30991,-0.00057,-0.00156,-0.00057,0.00074,0.00008,-49.34221,860.00000
0.29577,0.28722,0.29018,0.29215,0.29050,0.30958,0.31386,0.31090,0.31320,0.31320,-0.00025,-0.00156,0.00074,-0.00090,0.00140,-49.43452,861.00000
0.29149,0.28919,0.29215,0.29050,0.29281,0.31188,0.30826,0.31451,0.31517,0.31122,-0.00156,-0.00090,0.00074,0.00074,-0.00057,-49.43452,862.00000
0.28689,0.29314,0.29281,0.28886,0.28985,0.31221,0.31287,0.31287,0.31188,0.31386,-0.00156,0.00107,-0.00123,-0.00090,-0.00321,-49.30075,863.00000
0.29281,0.29346,0.29346,0.29840,0.28590,0.31188,0.31057,0.31090,0.31287,0.30892,-0.00156,0.00074,-0.00025,0.00107,-0.00156,-49.30075,864.00000
0.28853,0.29248,0.29116,0.29412,0.29774,0.31024,0.31254,0.31353,0.30826,0.30991,-0.00156,-0.00057,-0.00255,-0.00321,0.00008,-48.83234,865.00000
0.29544,0.28985,0.29346,0.29774,0.29610,0.32043,0.31155,0.31122,0.31254,0.30892,0.00173,0.00107,-0.00222,-0.00090,-0.00321,-48.83234,866.00000
0.29412,0.29675,0.29774,0.29511,0.29281,0.31057,0.31057,0.30728,0.31287,0.31484,-0.00222,0.00041,-0.00025,0.00436,-0.00025,-48.15222,867.00000
0.29610,0.29610,0.29412,0.29708,0.30037,0.31287,0.31057,0.31353,0.31353,0.31155,-0.00090,-0.00057,-0.00255,0.00041,-0.00288,-48.15222,868.00000
0.29412,0.29445,0.29807,0.30037,0.29675,0.31155,0.31287,0.31320,0.31287,0.31320,0.00041,-0.00321,-0.00090,-0.00025,-0.00386,-48.41658,869.00000
0.29577,0.29511,0.29281,0.29281,0.29971,0.31386,0.31715,0.31287,0.30859,0.31122,0.00008,0.00041,0.00074,-0.00321,-0.00057,-48.41658,870.00000
0.29840,0.29807,0.30662,0.29215,0.29741,0.31353,0.31451,0.31155,0.31221,0.31682,0.00206,-0.00156,-0.00123,0.00206,-0.00123,-48.08501,871.00000
0.29971,0.30300,0.30070,0.30037,0.30267,0.30958,0.31451,0.31517,0.31583,0.31287,0.00074,-0.00025,-0.00156,0.00074,-0.00452,-48.08501,872.00000
0.29741,0.30004,0.30563,0.30070,0.30037,0.30958,0.31057,0.31287,0.30925,0.30892,-0.00222,-0.00025,-0.00353,0.00239,0.00107,-48.58174,873.00000
0.30596,0.30103,0.29642,0.30004,0.30070,0.31090,0.31254,0.31583,0.31616,0.31090,0.00041,0.00008,0.00206,-0.00255,0.00206,-48.58174,874.00000
0.30267,0.29346,0.29807,0.30432,0.30136,0.31221,0.31451,0.31221,0.31649,0.31122,-0.00255,-0.00189,0.00239,0.00008,0.00008,-48.61179,875.00000
0.30169,0.29445,0.30399,0.30267,0.30070,0.31287,0.31254,0.31682,0.31484,0.31649,-0.00090,0.00074,-0.00156,0.00107,0.00008,-48.61179,876.00000
0.30300,0.30366,0.30333,0.29873,0.30432,0.31418,0.31122,0.31221,0.31353,0.31155,0.00041,-0.00321,0.00074,0.00008,-0.00189,-48.77342,877.00000
0.29642,0.30596,0.30267,0.30366,0.30695,0.31320,0.31221,0.31221,0.30925,0.30925,0.00173,0.00206,-0.00386,-0.00090,-0.00090,-48.77342,878.00000
0.29873,0.30202,0.30202,0.30859,0.30596,0.31320,0.31418,0.31024,0.31090,0.31024,-0.00090,-0.00353,0.00239,-0.00057,-0.00189,-49.37922,879.00000
0.30136,0.30530,0.30300,0.30070,0.30333,0.31122,0.31122,0.31353,0.31155,0.31155,-0.00222,-0.00321,0.00107,-0.00255,-0.00025,-49.37922,880.00000
0.30366,0.30004,0.30399,0.30234,0.29938,0.31353,0.31221,0.31386,0.30892,0.31583,-0.00452,0.00008,-0.00156,-0.00025,-0.00090,-49.56499,881.00000
0.30202,0.30530,0.30761,0.30925,0.30136,0.31122,0.31254,0.31682,0.31550,0.31221,-0.00057,0.00206,-0.00156,0.00107,-0.00025,-49.56499,882.00000
0.29938,0.30826,0.30498,0.30991,0.30794,0.31583,0.31484,0.31320,0.31254,0.31484,-0.00189,0.00107,-0.00189,0.00140,-0.00090,-49.30797,883.00000
0.31386,0.30596,0.30202,0.30234,0.30563,0.31616,0.31188,0.31649,0.31484,0.31057,-0.00090,-0.00057,0.00074,0.00041,-0.00156,-49.30797,884.00000
0.30925,0.30695,0.30991,0.30530,0.31057,0.31550,0.31287,0.31353,0.31418,0.30761,0.00107,0.00041,-0.00288,-0.00452,0.00074,-49.47680,885.00000
0.30925,0.30399,0.31122,0.31287,0.30958,0.30958,0.31287,0.31715,0.31583,0.31287,0.00041,0.00403,-0.00288,0.00436,-0.00090,-49.47680,886.00000
0.30859,0.30629,0.30695,0.30794,0.31024,0.31780,0.30991,0.31682,0.31221,0.31747,0.00107,0.00107,-0.00090,-0.00353,0.00140,-49.42822,887.00000
0.31320,0.30859,0.31057,0.31090,0.30530,0.31649,0.31320,0.31320,0.31320,0.31287,-0.00057,-0.00057,-0.00386,-0.00025,0.00041,-49.42822,888.00000
0.31649,0.30761,0.30958,0.30859,0.30958,0.31484,0.31682,0.31386,0.31353,0.30859,-0.00222,-0.00156,-0.00123,-0.00156,-0.00222,-49.42513,889.00000
0.30925,0.30629,0.31122,0.31122,0.30991,0.31287,0.31090,0.30794,0.31451,0.30991,-0.00321,0.00272,-0.00485,0.00074,0.00008,-49.42513,890.00000
0.30826,0.31879,0.31320,0.31616,0.31418,0.30596,0.31254,0.31550,0.30859,0.31386,-0.00025,-0.00057,-0.00189,-0.00090,-0.00090,-49.27170,891.00000
0.31649,0.31122,0.31122,0.31155,0.31155,0.31649,0.30892,0.31320,0.31090,0.30728,-0.00386,0.00206,0.00107,0.00107,-0.00057,-49.27170,892.00000
0.31715,0.31583,0.30465,0.31418,0.31682,0.31451,0.31616,0.31024,0.30958,0.31484,-0.00057,-0.00288,-0.00321,0.00074,0.00239,-48.63719,893.00000
0.30794,0.31451,0.31715,0.31418,0.31945,0.31649,0.31122,0.31122,0.31320,0.31517,-0.00025,-0.00025,0.00206,0.00041,0.00041,-48.63719,894.00000
0.30892,0.31418,0.31451,0.31715,0.31484,0.31254,0.30892,0.31320,0.31813,0.32109,-0.00057,-0.00057,-0.00288,-0.00189,0.00008,-48.39647,895.00000
0.30892,0.31155,0.31550,0.31846,0.31320,0.31616,0.31682,0.31484,0.31517,0.31320,0.00239,0.00140,0.00074,0.00008,0.00074,-48.39647,896.00000
0.31122,0.32043,0.31583,0.30925,0.31353,0.31550,0.31254,0.31451,0.31418,0.31386,0.00041,-0.00189,0.00074,-0.00452,-0.00288,-48.06510,897.00000
0.31386,0.31386,0.31649,0.31747,0.31517,0.31254,0.31254,0.31320,0.31221,0.31024,0.00304,-0.00419,-0.00057,-0.00419,-0.00057,-48.06510,898.00000
0.31550,0.31451,0.31813,0.32142,0.31024,0.31353,0.31353,0.31155,0.31254,0.31418,0.00107,-0.00189,-0.00156,-0.00025,0.00074,-48.26410,899.00000
0.31418,0.31517,0.31583,0.30991,0.31616,0.31386,0.31353,0.31813,0.31386,0.31715,0.00008,-0.00090,-0.00715,-0.00419,0.00041,-48.26410,900.00000
0.32109,0.31846,0.31780,0.32175,0.31715,0.31155,0.31945,0.31583,0.31386,0.31517,-0.00123,0.00140,0.00272,-0.00123,0.00008,-48.07776,901.00000
0.31747,0.32043,0.31715,0.31682,0.31682,0.31517,0.31221,0.31451,0.31451,0.30958,-0.00222,-0.00025,0.00074,0.00008,-0.00485,-48.07776,902.00000
0.31945,0.31813,0.31715,0.31879,0.31616,0.31090,0.31386,0.31386,0.31320,0.31155,-0.00288,-0.00123,-0.00156,-0.00288,0.00041,-48.38485,903.00000
0.32011,0.31583,0.31386,0.32142,0.31649,0.31649,0.31517,0.31320,0.31583,0.31616,0.00140,-0.00025,0.00008,-0.00288,-0.00123,-48.38485,904.00000
0.32241,0.31780,0.31780,0.32372,0.31912,0.31715,0.31320,0.31451,0.31418,0.31418,0.00008,0.00008,-0.00321,-0.00419,0.00272,-48.57655,905.00000
0.31846,0.32405,0.31747,0.31780,0.32043,0.31649,0.31155,0.30826,0.32011,0.32043,-0.00255,0.00206,-0.00222,-0.00057,0.00008,-48.57655,906.00000
0.31550,0.31846,0.32405,0.32109,0.31945,0.31517,0.31846,0.31287,0.30925,0.30991,0.00074,0.00008,-0.00255,0.00041,0.00008,-48.49277,907.00000
0.31879,0.32043,0.32241,0.32175,0.32208,0.31090,0.31221,0.31320,0.31122,0.30728,0.00008,0.00074,-0.00057,-0.00156,0.00107,-48.49277,908.00000
0.32011,0.31682,0.32175,0.32175,0.32734,0.31221,0.31254,0.30892,0.31550,0.31813,0.00206,0.00173,-0.00222,0.00074,0.00337,-48.70058,909.00000
0.32175,0.32208,0.31879,0.32866,0.31813,0.31287,0.31122,0.31484,0.31517,0.31090,-0.00386,-0.00025,-0.00156,-0.00057,-0.00090,-48.70058,910.00000
0.32241,0.32208,0.32504,0.32537,0.32208,0.31320,0.31616,0.30695,0.31353,0.31090,0.00140,-0.00057,0.00107,0.00304,0.00107,-48.69752,911.00000
0.32405,0.31747,0.32438,0.31912,0.32175,0.31090,0.31221,0.30991,0.31287,0.31221,0.00041,-0.00057,0.00272,-0.00189,0.00206,-48.69752,912.00000
0.31747,0.32339,0.32043,0.31386,0.32800,0.31254,0.31353,0.30958,0.31188,0.31254,0.00239,0.00008,-0.00123,-0.00189,0.00272,-48.59132,913.00000
0.32570,0.32405,0.32241,0.32504,0.32274,0.30728,0.31517,0.31418,0.31287,0.31517,0.00239,0.00008,-0.00090,-0.00189,-0.00123,-48.59132,914.00000
0.32603,0.32175,0.32701,0.31912,0.33326,0.31254,0.31451,0.30925,0.31221,0.31484,0.00239,-0.00057,-0.00222,-0.00025,-0.00156,-48.28614,915.00000
0.32208,0.32142,0.33063,0.32537,0.32339,0.31057,0.31484,0.31616,0.31155,0.31024,0.00370,0.00206,0.00469,0.00173,-0.00090,-48.28614,916.00000
0.32866,0.32931,0.32043,0.32767,0.33129,0.30399,0.30925,0.31353,0.31484,0.31155,-0.00025,-0.00189,-0.00123,-0.00222,-0.00057,-48.69629,917.00000
0.32109,0.32668,0.32372,0.32372,0.32800,0.31155,0.31221,0.31188,0.30859,0.31451,0.00074,-0.00025,-0.00057,-0.00551,0.00206,-48.69629,918.00000
0.33260,0.32438,0.32767,0.32701,0.32668,0.30958,0.30794,0.31451,0.31780,0.31517,0.00140,-0.00057,0.00074,0.00337,0.00008,-48.81185,919.00000
0.32471,0.32570,0.33195,0.32964,0.32899,0.31221,0.30958,0.31353,0.31254,0.31484,0.00041,-0.00123,-0.00025,-0.00419,0.00074,-48.81185,920.00000
0.32899,0.32537,0.32964,0.33425,0.32372,0.31090,0.31386,0.31122,0.31287,0.31155,-0.00090,-0.00222,-0.00057,-0.00156,-0.00255,-49.02561,921.00000
0.32767,0.33359,0.32866,0.32931,0.33491,0.31353,0.31484,0.31320,0.31418,0.31715,0.00107,-0.00156,-0.00255,-0.00156,-0.00222,-49.02561,922.00000
0.32668,0.32701,0.33063,0.33589,0.32833,0.31451,0.31155,0.31484,0.30662,0.31155,-0.00255,-0.00419,0.00370,-0.00090,0.00074,-49.13719,923.00000
0.33655,0.33063,0.32964,0.33392,0.32537,0.31287,0.31386,0.31122,0.31386,0.31682,-0.00123,-0.00485,-0.00156,0.00008,0.00239,-49.13719,924.00000
0.33096,0.33392,0.32372,0.33589,0.33359,0.31780,0.31583,0.30991,0.31353,0.31287,-0.00255,0.00206,-0.00353,0.00173,-0.00222,-49.46711,925.00000
0.32964,0.33491,0.33129,0.33425,0.33655,0.31155,0.31813,0.31649,0.31517,0.31649,0.00008,-0.00551,0.00304,-0.00189,-0.00156,-49.46711,926.00000
0.32899,0.33326,0.33063,0.32635,0.33129,0.31090,0.30859,0.31090,0.31057,0.31517,-0.00025,0.00008,-0.00485,0.00041,0.00239,-49.79285,927.00000
0.32931,0.33063,0.33458,0.33556,0.32833,0.30826,0.31155,0.31353,0.31484,0.31287,-0.00189,0.00140,0.00107,-0.00156,0.00206,-49.79285,928.00000
0.33030,0.33293,0.33260,0.33359,0.33458,0.31583,0.31188,0.31287,0.31254,0.31320,-0.00025,0.00041,-0.00025,0.00074,0.00107,-49.46639,929.00000
0.33030,0.34050,0.33392,0.33787,0.33293,0.31418,0.31287,0.31155,0.31155,0.31780,0.00403,-0.00156,-0.00189,-0.00090,-0.00255,-49.46639,930.00000
0.33589,0.33096,0.33293,0.33458,0.33425,0.31912,0.31616,0.31287,0.31484,0.31451,-0.00255,-0.00353,-0.00057,0.00008,0.00272,-49.76633,931.00000
0.33326,0.33721,0.33227,0.33688,0.33392,0.31024,0.31484,0.31418,0.31221,0.31616,0.00041,-0.00156,-0.00288,-0.00025,0.00140,-49.76633,932.00000
0.32997,0.33491,0.33589,0.34083,0.33523,0.31320,0.31682,0.31122,0.31090,0.31682,-0.00123,0.00041,-0.00452,0.00008,-0.00025,-49.23713,933.00000
0.33787,0.33491,0.33721,0.33918,0.33918,0.31122,0.31517,0.30859,0.31386,0.31057,0.00074,-0.00057,0.00140,0.00173,0.00008,-49.23713,934.00000
0.33819,0.33425,0.34083,0.33721,0.33326,0.31451,0.31386,0.31221,0.31517,0.31122,-0.00057,-0.00057,-0.00090,-0.00025,-0.00090,-48.53276,935.00000
0.34050,0.33392,0.34181,0.33852,0.32964,0.31484,0.31484,0.30991,0.31057,0.31155,0.00206,0.00798,-0.00255,-0.00123,0.00173,-48.53276,936.00000
0.33425,0.33885,0.33359,0.33787,0.33326,0.31090,0.31320,0.31484,0.30958,0.31715,-0.00090,0.00008,0.00337,0.00272,-0.00025,-48.26989,937.00000
0.32899,0.33918,0.33425,0.33984,0.33819,0.31583,0.31353,0.31122,0.31155,0.31221,-0.00222,-0.00156,-0.00057,0.00107,-0.00090,-48.26989,938.00000
0.33787,0.33589,0.33655,0.34017,0.33754,0.31747,0.31353,0.30728,0.31320,0.31682,-0.00321,-0.00189,0.00239,0.00107,-0.00189,-48.14998,939.00000
0.34050,0.33326,0.34017,0.33556,0.34050,0.31221,0.31616,0.31550,0.31517,0.31550,0.00469,-0.00025,0.00140,0.00008,-0.00189,-48.14998,940.00000
0.33392,0.33885,0.33392,0.34083,0.34346,0.30958,0.31747,0.31320,0.31649,0.31451,-0.00123,-0.00123,-0.00090,-0.00189,-0.00189,-47.69080,941.00000
0.34477,0.34050,0.34017,0.33721,0.34083,0.31122,0.31024,0.31616,0.31484,0.31122,-0.00025,0.00206,0.00041,-0.00057,0.00140,-47.69080,942.00000
0.34083,0.34675,0.33655,0.33227,0.35004,0.30629,0.31418,0.31287,0.31682,0.31517,-0.00057,0.00041,0.00337,-0.00222,-0.00057,-48.07317,943.00000
0.34346,0.34576,0.34379,0.34148,0.34938,0.31024,0.31682,0.31418,0.31517,0.31649,0.00304,-0.00222,0.00107,-0.00255,0.00436,-48.07317,944.00000
0.34642,0.34346,0.34280,0.34247,0.34181,0.31517,0.31682,0.31616,0.31517,0.31451,-0.00222,0.00074,0.00008,0.00107,0.00140,-48.36063,945.00000
0.33819,0.34017,0.34510,0.34017,0.34675,0.31583,0.31451,0.30859,0.31386,0.31747,0.00206,-0.00288,0.00173,0.00370,0.00041,-48.36063,946.00000
0.34313,0.34576,0.34576,0.34346,0.33458,0.31024,0.31254,0.31616,0.31353,0.31912,-0.00057,0.00140,-0.00255,-0.00386,-0.00288,-48.80780,947.00000
0.33688,0.34872,0.33819,0.34181,0.34346,0.30925,0.31616,0.31945,0.31583,0.31813,0.00107,-0.00025,0.00337,-0.00090,-0.00386,-48.80780,948.00000
0.34379,0.34148,0.33721,0.34148,0.33852,0.31747,0.31188,0.31550,0.31418,0.31320,0.00074,0.00041,0.00074,0.00107,-0.00025,-48.53137,949.00000
0.34280,0.33819,0.34609,0.34148,0.34346,0.31583,0.31122,0.31254,0.31155,0.31155,-0.00189,0.00107,0.00469,-0.00025,-0.00090,-48.53137,950.00000
0.34444,0.34280,0.34576,0.34444,0.34247,0.31057,0.31451,0.31484,0.30826,0.31616,-0.00189,-0.00222,-0.00025,0.00140,0.00008,-48.34058,951.00000
0.34083,0.34675,0.34181,0.34379,0.34510,0.31155,0.31484,0.31550,0.31418,0.31386,-0.00156,0.00041,-0.00090,-0.00255,-0.00156,-48.34058,952.00000
0.34444,0.34905,0.33918,0.34905,0.34510,0.30859,0.31583,0.31320,0.31254,0.31484,-0.00288,-0.00057,-0.00156,-0.00057,-0.00321,-48.63493,953.00000
0.34379,0.34971,0.33852,0.34839,0.34543,0.31451,0.31682,0.31122,0.31418,0.31320,-0.00222,-0.00255,-0.00353,0.00008,0.00041,-48.63493,954.00000
0.34477,0.34412,0.34773,0.34379,0.34872,0.31090,0.30991,0.31747,0.31287,0.31386,0.00239,-0.00156,0.00337,0.00041,-0.00222,-48.68793,955.00000
0.34642,0.33852,0.34181,0.34576,0.34510,0.31418,0.31550,0.31550,0.31550,0.31320,0.00140,-0.00189,0.00107,-0.00255,-0.00057,-48.68793,956.00000
0.34675,0.34214,0.34938,0.34477,0.34543,0.31418,0.31188,0.31090,0.31418,0.31386,-0.00057,-0.00057,-0.00255,0.00272,0.00074,-48.90394,957.00000
0.34642,0.34510,0.33885,0.34148,0.34740,0.31353,0.31287,0.31484,0.31846,0.32011,0.00041,-0.00090,-0.00025,-0.00090,0.00008,-48.90394,958.00000
0.35102,0.34905,0.34214,0.34905,0.35168,0.31418,0.31320,0.31550,0.31616,0.31418,0.00239,-0.00123,0.00173,0.00008,0.00074,-49.02678,959.00000
0.34313,0.34642,0.34412,0.34675,0.34214,0.31649,0.31353,0.32011,0.30859,0.31024,-0.00057,-0.00123,0.00107,0.00107,-0.00189,-49.02678,960.00000
0.35004,0.35004,0.34576,0.34576,0.34477,0.31221,0.31320,0.31715,0.31155,0.31221,0.00008,-0.00156,-0.00189,-0.00353,-0.00255,-48.76199,961.00000
0.34872,0.34839,0.34839,0.34806,0.34609,0.31386,0.31320,0.30695,0.31813,0.31353,-0.00189,0.00008,0.00008,-0.00617,-0.00551,-48.76199,962.00000
0.34839,0.34938,0.34642,0.35135,0.34675,0.31221,0.31583,0.31945,0.30794,0.31155,0.00140,-0.00222,-0.00156,-0.00189,0.00074,-48.88007,963.00000
0.34806,0.35365,0.35365,0.34806,0.34444,0.31254,0.31649,0.31451,0.31057,0.31451,-0.00156,0.00008,0.00206,-0.00255,-0.00025,-48.88007,964.00000
0.34708,0.34543,0.35168,0.34740,0.34609,0.31550,0.31451,0.31649,0.31353,0.31484,-0.00288,0.00041,0.00370,-0.00288,-0.00419,-48.43306,965.00000
0.34872,0.34609,0.34905,0.35069,0.35069,0.31386,0.31057,0.31418,0.31451,0.31122,0.00041,-0.00057,-0.00255,0.00239,0.00041,-48.43306,966.00000
0.35036,0.34971,0.34412,0.35596,0.35036,0.31320,0.31221,0.31616,0.31320,0.31616,0.00206,-0.00025,-0.00255,0.00469,0.00008,-48.42315,967.00000
0.35365,0.35004,0.35069,0.35069,0.35234,0.31090,0.30991,0.31682,0.31517,0.31780,-0.00189,-0.00025,-0.00057,0.00239,0.00074,-48.42315,968.00000
0.35563,0.35596,0.34971,0.34938,0.35135,0.31353,0.30859,0.31353,0.31353,0.31057,-0.00222,-0.00321,0.00173,0.00107,-0.00090,-47.60762,969.00000
0.35102,0.35102,0.35300,0.34872,0.35365,0.30892,0.31451,0.31780,0.31780,0.31188,-0.00255,0.00074,-0.00025,0.00173,0.00206,-47.60762,970.00000
0.35464,0.34379,0.35004,0.35464,0.34675,0.31122,0.31649,0.31747,0.31451,0.31418,-0.00090,-0.00156,-0.00386,-0.00419,0.00041,-47.79636,971.00000
0.34971,0.35365,0.35530,0.35398,0.35300,0.31188,0.31221,0.31386,0.31550,0.31780,-0.00518,-0.00123,-0.00255,-0.00025,0.00074,-47.79636,972.00000
0.34971,0.35464,0.35004,0.35201,0.35332,0.31155,0.31353,0.31188,0.31451,0.31550,0.00239,0.00041,-0.00057,0.00206,0.00008,-47.84731,973.00000
0.34609,0.35365,0.35431,0.35168,0.34642,0.31616,0.31451,0.31057,0.31221,0.31451,-0.00025,0.00008,-0.00123,0.00041,-0.00123,-47.84731,974.00000
0.35661,0.35563,0.35036,0.35892,0.35497,0.31254,0.31353,0.31879,0.31550,0.31353,0.00370,0.00008,-0.00386,-0.00123,-0.00222,-48.06683,975.00000
0.35300,0.35135,0.35168,0.34872,0.35201,0.31451,0.31188,0.31484,0.31649,0.31155,0.00239,-0.00156,-0.00386,-0.00156,0.00370,-48.06683,976.00000
0.35563,0.35036,0.36582,0.35135,0.35234,0.31583,0.31320,0.31550,0.31024,0.31254,0.00370,0.00074,0.00041,0.00107,-0.00025,-48.54195,977.00000
0.35300,0.35332,0.34938,0.35497,0.35431,0.31386,0.31353,0.31353,0.31353,0.31287,0.00206,-0.00156,-0.00353,0.00370,-0.00025,-48.54195,978.00000
0.35530,0.35924,0.35398,0.35892,0.35661,0.30991,0.31254,0.31484,0.31649,0.31682,0.00173,-0.00189,0.00140,0.00206,-0.00123,-48.51039,979.00000
0.35924,0.35267,0.35267,0.35036,0.35497,0.31550,0.31715,0.31451,0.30761,0.31747,-0.00189,-0.00090,-0.00255,-0.00123,0.00074,-48.51039,980.00000
0.35957,0.35694,0.35957,0.35201,0.35859,0.31353,0.31320,0.31320,0.31287,0.31024,0.00107,-0.00189,0.00008,-0.00025,0.00107,-48.72860,981.00000
0.35267,0.36385,0.35628,0.35563,0.35826,0.31188,0.31254,0.31682,0.31024,0.31353,0.00173,-0.00057,-0.00123,-0.00222,-0.00255,-48.72860,982.00000
0.35530,0.35530,0.35661,0.35957,0.35201,0.31254,0.31090,0.31484,0.31155,0.31517,-0.00025,0.00370,-0.00452,-0.00189,0.00206,-48.63808,983.00000
0.35661,0.35859,0.35596,0.35990,0.35892,0.31451,0.31221,0.31188,0.31188,0.31353,-0.00090,-0.00189,0.00206,0.00107,0.00173,-48.63808,984.00000
0.35267,0.35661,0.35530,0.35431,0.35431,0.31221,0.31188,0.30991,0.31879,0.31353,-0.00255,0.00370,-0.00189,-0.00057,-0.00025,-48.78118,985.00000
0.35924,0.35760,0.35892,0.35332,0.35727,0.31320,0.31418,0.31517,0.31155,0.31287,0.00041,-0.00156,-0.00156,0.00041,0.00304,-48.78118,986.00000
0.35365,0.35661,0.35332,0.36582,0.35826,0.31353,0.31090,0.31254,0.31616,0.31386,0.00173,-0.00419,-0.00288,0.00206,0.00074,-48.57059,987.00000
0.35924,0.36056,0.35793,0.35431,0.35694,0.31155,0.30859,0.31616,0.31747,0.31418,-0.00288,-0.00025,0.00239,-0.00090,0.00107,-48.57059,988.00000
0.36253,0.35727,0.35990,0.35760,0.35300,0.31649,0.31024,0.31254,0.31221,0.30728,-0.00255,-0.00321,0.00074,-0.00321,-0.00090,-48.74107,989.00000
0.35859,0.35497,0.35990,0.35596,0.35694,0.31583,0.31747,0.31090,0.31320,0.31386,-0.00288,-0.00090,-0.00419,0.00041,-0.00057,-48.74107,990.00000
0.36220,0.35826,0.35957,0.35859,0.36056,0.31418,0.31813,0.31287,0.31682,0.31386,0.00074,-0.00156,0.00140,-0.00025,0.00074,-48.95401,991.00000
0.35924,0.36253,0.36155,0.35398,0.35760,0.30925,0.31155,0.30892,0.31090,0.31221,0.00008,-0.00156,-0.00485,0.00140,0.00008,-48.95401,992.00000
0.36023,0.35464,0.35826,0.35892,0.36385,0.31451,0.31386,0.31320,0.31155,0.31386,0.00008,0.00107,-0.00090,-0.00189,0.00140,-48.45306,993.00000
0.35957,0.35661,0.35924,0.36155,0.35859,0.31879,0.31122,0.31484,0.31682,0.31418,-0.00419,-0.00156,-0.00123,-0.00090,-0.00156,-48.45306,994.00000
0.35990,0.36319,0.35135,0.36780,0.35793,0.31780,0.31484,0.31484,0.31418,0.31451,0.00008,0.00074,-0.00025,-0.00123,0.00074,-47.41109,995.00000
0.35957,0.36549,0.35530,0.36352,0.36056,0.31254,0.31353,0.31484,0.31122,0.31451,0.00074,0.00074,-0.00156,0.00173,0.00403,-47.41109,996.00000
0.35990,0.35760,0.36220,0.36319,0.35694,0.31583,0.31649,0.31122,0.31254,0.30892,-0.00123,-0.00090,0.00107,-0.00288,0.00074,-46.17282,997.00000
0.35826,0.36582,0.35990,0.36484,0.36220,0.31254,0.31747,0.31155,0.31583,0.31517,-0.00025,-0.00419,-0.00518,-0.00057,-0.00189,-46.17282,998.00000
0.35957,0.36122,0.35859,0.36385,0.36253,0.31254,0.31155,0.31451,0.31451,0.31616,0.00140,0.00074,0.00140,0.00041,-0.00123,-43.67902,999.00000
0.36253,0.36188,0.35596,0.35892,0.36681,0.31353,0.30991,0.31418,0.31155,0.31386,-0.00090,-0.00222,-0.00485,0.00337,-0.00156,-43.67902,1000.00000
0.36516,0.36418,0.36253,0.35859,0.36418,0.31517,0.31813,0.30826,0.31287,0.31122,0.00074,-0.00452,-0.00025,-0.00057,0.00107,-44.51974,1001.00000
0.35990,0.36056,0.36122,0.36516,0.36516,0.31649,0.31188,0.30958,0.31912,0.31451,-0.00189,0.00074,-0.00255,-0.00057,0.00074,-44.51974,1002.00000
0.35694,0.36253,0.36747,0.35793,0.36615,0.31616,0.31287,0.31353,0.31188,0.31353,0.00074,-0.00321,-0.00189,-0.00156,-0.00255,-45.67755,1003.00000
0.36385,0.36056,0.36253,0.36780,0.36812,0.31122,0.31386,0.31221,0.31550,0.31320,-0.00386,-0.00255,0.00272,-0.00025,-0.00123,-45.67755,1004.00000
0.36451,0.36352,0.36253,0.36155,0.36155,0.31386,0.31386,0.31024,0.31155,0.31682,0.00272,-0.00057,0.00436,-0.00123,-0.00288,-46.41687,1005.00000
0.36516,0.36155,0.36319,0.36845,0.36582,0.31780,0.31484,0.30958,0.31879,0.31517,0.00041,-0.00222,-0.00123,0.00074,0.00173,-46.41687,1006.00000
0.36451,0.36648,0.35957,0.36615,0.36418,0.31484,0.31221,0.31550,0.31188,0.31122,-0.00025,-0.00025,-0.00189,-0.00189,0.00107,-46.92114,1007.00000
0.36319,0.36122,0.36615,0.36023,0.36516,0.31517,0.31484,0.31386,0.30826,0.31188,-0.00255,0.00074,-0.00090,-0.00123,0.00173,-46.92114,1008.00000
0.36977,0.35924,0.36944,0.35990,0.36451,0.31418,0.31320,0.31550,0.31287,0.31616,0.00074,-0.00025,-0.00255,0.00041,0.00239,-48.05322,1009.00000
0.36385,0.35694,0.36451,0.36516,0.36418,0.31484,0.31418,0.31386,0.31188,0.31320,-0.00156,-0.00025,-0.00057,0.00370,0.00008,-48.05322,1010.00000
0.36122,0.36089,0.36155,0.37043,0.36253,0.31188,0.31287,0.31155,0.31057,0.31287,0.00008,-0.00025,-0.00189,0.00008,0.00107,-48.49870,1011.00000
0.36615,0.36812,0.36747,0.35957,0.36352,0.31320,0.31386,0.31418,0.31353,0.31616,0.00140,-0.00288,0.00074,0.00140,0.00107,-48.49870,1012.00000
0.36714,0.35990,0.36582,0.36516,0.36319,0.31517,0.31353,0.31221,0.31517,0.31682,0.00008,-0.00321,0.00041,-0.00485,-0.00222,-48.77127,1013.00000
0.36747,0.36516,0.36418,0.36549,0.37273,0.31221,0.31090,0.31221,0.31353,0.31583,-0.00288,-0.00057,-0.00156,-0.00386,0.00107,-48.77127,1014.00000
0.36878,0.36681,0.36812,0.36286,0.36944,0.31386,0.31353,0.31188,0.30892,0.31090,0.00140,-0.00057,-0.00288,-0.00222,-0.00025,-48.51515,1015.00000
0.36977,0.36845,0.36648,0.36648,0.37108,0.31320,0.31517,0.31682,0.31221,0.31517,0.00107,-0.00288,0.00337,-0.00321,-0.00321,-48.51515,1016.00000
0.35826,0.36780,0.36418,0.36780,0.36484,0.31616,0.31780,0.31418,0.31484,0.31616,-0.00189,0.00337,-0.00222,0.00074,0.00173,-48.93198,1017.00000
0.36582,0.36977,0.35990,0.36418,0.36188,0.31320,0.31484,0.31616,0.31122,0.31747,-0.00321,0.00008,0.00239,-0.00057,0.00008,-48.93198,1018.00000
0.36516,0.36582,0.36911,0.36714,0.36845,0.31320,0.31188,0.31155,0.30859,0.30925,-0.00189,-0.00025,-0.00255,0.00107,-0.00090,-49.20661,1019.00000
0.36188,0.36714,0.36418,0.36615,0.36878,0.31386,0.31517,0.31188,0.31616,0.31484,-0.00189,-0.00057,0.00041,-0.00189,0.00206,-49.20661,1020.00000
0.36484,0.36812,0.36681,0.36615,0.36615,0.31747,0.31682,0.31155,0.31451,0.30991,0.00173,-0.00189,-0.00419,0.00173,-0.00123,-49.20577,1021.00000
0.36451,0.37273,0.36878,0.36648,0.36418,0.31616,0.31057,0.31418,0.31715,0.31386,0.00140,-0.00222,0.00173,-0.00156,-0.00123,-49.20577,1022.00000
0.36812,0.37141,0.36812,0.36812,0.36122,0.31254,0.30892,0.31517,0.31188,0.31122,0.00107,-0.00781,-0.00156,-0.00452,-0.00123,-49.45587,1023.00000
0.37010,0.36516,0.37405,0.37108,0.36484,0.31451,0.31024,0.31386,0.31024,0.32011,0.00008,0.00304,-0.00156,0.00140,0.00436,-49.45587,1024.00000
0.36648,0.37043,0.36220,0.36648,0.37306,0.31386,0.31188,0.31550,0.31386,0.31780,0.00041,-0.00090,-0.00222,0.00337,0.00239,-49.21569,1025.00000
0.36549,0.36549,0.37010,0.36714,0.36681,0.31484,0.31188,0.31188,0.31320,0.31912,0.00173,-0.00156,0.00140,-0.00288,-0.00156,-49.21569,1026.00000
0.36484,0.36615,0.37405,0.35990,0.36681,0.31155,0.31517,0.31320,0.31221,0.31418,-0.00057,0.00140,-0.00485,-0.00025,0.00337,-49.00838,1027.00000
0.36451,0.36714,0.36845,0.37043,0.36911,0.31090,0.31484,0.31451,0.31879,0.31188,-0.00255,-0.00025,-0.00025,0.00041,-0.00057,-49.00838,1028.00000
0.36747,0.37043,0.36352,0.36878,0.36878,0.31484,0.31649,0.31024,0.31057,0.31418,-0.00090,0.00304,-0.00156,0.00074,0.00206,-48.61138,1029.00000
0.36812,0.36747,0.37141,0.37076,0.36516,0.31517,0.31155,0.31649,0.31418,0.31649,-0.00353,0.00140,-0.00156,0.00008,0.00074,-48.61138,1030.00000
0.36155,0.37043,0.36977,0.36878,0.36516,0.31813,0.31780,0.31484,0.31682,0.31221,-0.00090,-0.00057,0.00239,0.00008,0.00370,-48.60713,1031.00000
0.36286,0.36615,0.37108,0.36911,0.36451,0.31188,0.31583,0.31386,0.31188,0.31583,0.00008,-0.00123,-0.00189,-0.00222,0.00140,-48.60713,1032.00000
0.36747,0.37405,0.36845,0.36714,0.37372,0.31386,0.31287,0.31320,0.31451,0.31715,-0.00090,0.00041,0.00041,-0.00123,0.00304,-48.12416,1033.00000
0.37174,0.37306,0.36155,0.37536,0.36747,0.31747,0.31550,0.31978,0.31418,0.30958,0.00074,-0.00090,-0.00222,0.00107,0.00140,-48.12416,1034.00000
0.36253,0.36878,0.36977,0.37273,0.36451,0.31287,0.31747,0.31024,0.31188,0.31484,0.00074,-0.00123,0.00173,-0.00090,-0.00222,-48.01213,1035.00000
0.37240,0.37207,0.36714,0.37602,0.37339,0.31188,0.31221,0.31550,0.31583,0.31155,0.00140,-0.00025,-0.00386,-0.00025,0.00173,-48.01213,1036.00000
0.36944,0.36780,0.36418,0.37503,0.37240,0.31780,0.31386,0.31221,0.31682,0.31122,-0.00288,-0.00025,0.00140,0.00206,-0.00123,-47.80399,1037.00000
0.37306,0.37141,0.36878,0.36944,0.37076,0.31320,0.30958,0.31386,0.31451,0.31090,0.00008,-0.00156,0.00074,0.00173,-0.00353,-47.80399,1038.00000
0.37043,0.36944,0.37240,0.37306,0.36484,0.31287,0.31024,0.31320,0.31616,0.31550,-0.00057,-0.00123,0.00008,-0.00057,0.00600,-47.65871,1039.00000
0.37536,0.36582,0.37174,0.36977,0.37043,0.31353,0.31583,0.30991,0.31320,0.31057,0.00304,0.00107,-0.00090,-0.00255,0.00074,-47.65871,1040.00000
0.37635,0.36747,0.37240,0.37602,0.36451,0.31090,0.31122,0.31484,0.31155,0.31188,0.00074,0.00140,-0.00321,-0.00222,0.00107,-47.65952,1041.00000
0.36615,0.37207,0.36648,0.36878,0.37141,0.31090,0.31386,0.31418,0.31517,0.31386,-0.00255,0.00008,-0.00025,-0.00156,-0.00156,-47.65952,1042.00000
0.37043,0.37043,0.37043,0.36484,0.36878,0.31320,0.31550,0.31682,0.31418,0.30991,-0.00025,0.00403,0.00107,-0.00123,0.00304,-47.87327,1043.00000
0.37635,0.37108,0.37043,0.36911,0.37306,0.31320,0.31188,0.30892,0.31122,0.31682,-0.00123,0.00074,0.00304,-0.00222,-0.00189,-47.87327,1044.00000
0.37174,0.37108,0.37306,0.37010,0.37240,0.31188,0.31122,0.31155,0.31517,0.31090,0.00239,-0.00156,-0.00222,0.00239,0.00008,-47.91161,1045.00000
0.37207,0.36714,0.37043,0.36878,0.37174,0.31122,0.31386,0.31155,0.31418,0.31616,-0.00321,-0.00353,-0.00025,-0.00419,-0.00156,-47.91161,1046.00000
0.37043,0.36911,0.37043,0.36812,0.37273,0.31188,0.31386,0.30892,0.31122,0.31550,0.00239,0.00008,-0.00156,0.00370,-0.00123,-48.13248,1047.00000
0.37174,0.36812,0.37240,0.37240,0.36812,0.31550,0.31616,0.31090,0.31090,0.31418,-0.00025,-0.00255,-0.00156,-0.00222,0.00140,-48.13248,1048.00000
0.37701,0.37306,0.37043,0.36944,0.37273,0.30958,0.31353,0.31682,0.31517,0.31254,0.00041,-0.00025,-0.00222,-0.00189,0.00008,-48.60362,1049.00000
0.37043,0.37174,0.37108,0.37043,0.37405,0.30892,0.31517,0.31353,0.31287,0.31451,0.00239,0.00074,0.00008,0.00206,-0.00057,-48.60362,1050.00000
0.36944,0.36747,0.37240,0.37174,0.37602,0.31583,0.30958,0.30794,0.31254,0.31155,-0.00057,-0.00189,0.00041,-0.00156,0.00206,-49.17325,1051.00000
0.38161,0.36944,0.37076,0.36582,0.37405,0.31484,0.31353,0.31386,0.31090,0.31386,-0.00090,0.00008,0.00272,0.00074,-0.00057,-49.17325,1052.00000
0.37602,0.37076,0.37010,0.37240,0.37470,0.31517,0.31418,0.31024,0.31320,0.31682,-0.00452,0.00074,-0.00156,-0.00189,0.00008,-49.26328,1053.00000
0.37043,0.36845,0.37141,0.36780,0.37865,0.30958,0.31517,0.30991,0.31057,0.31287,0.00041,0.00074,0.00008,-0.00025,-0.00288,-49.26328,1054.00000
0.37668,0.37240,0.36780,0.37273,0.37273,0.31221,0.31418,0.31418,0.31057,0.31715,0.00304,0.00041,-0.00189,0.00239,-0.00057,-49.45026,1055.00000
0.37174,0.37602,0.37339,0.37207,0.36911,0.31221,0.31418,0.31188,0.31517,0.31221,0.00173,0.00074,-0.00090,0.00206,-0.00090,-49.45026,1056.00000
0.37240,0.37306,0.37306,0.37832,0.37635,0.31254,0.31057,0.31090,0.31517,0.31024,-0.00156,0.00140,-0.00222,-0.00025,0.00041,-49.45935,1057.00000
0.37635,0.37503,0.36484,0.37437,0.37141,0.31155,0.31550,0.31320,0.31418,0.31221,-0.00353,0.00140,-0.00222,0.00239,0.00107,-49.45935,1058.00000
0.37273,0.37306,0.37108,0.37174,0.37207,0.31715,0.31353,0.31188,0.31057,0.31254,0.00041,0.00041,-0.00189,-0.00123,0.00239,-49.23592,1059.00000
0.37108,0.37635,0.37108,0.37273,0.37240,0.31780,0.31418,0.31451,0.30728,0.31221,0.00074,-0.00386,0.00173,-0.00123,-0.00189,-49.23592,1060.00000
0.37470,0.37372,0.37602,0.37503,0.37602,0.31386,0.31254,0.31221,0.31122,0.31090,-0.00288,-0.00025,0.00008,-0.00025,0.00304,-48.29758,1061.00000
0.36845,0.37174,0.37602,0.37733,0.37569,0.31188,0.30991,0.31287,0.31188,0.31254,-0.00649,-0.00090,-0.00025,0.00074,-0.00156,-48.29758,1062.00000
0.37043,0.37569,0.37832,0.37470,0.37273,0.31517,0.31320,0.31090,0.31649,0.31057,0.00173,-0.00090,0.00272,-0.00156,0.00074,-47.70783,1063.00000
0.37174,0.37470,0.37043,0.37372,0.36780,0.31057,0.31320,0.31451,0.31024,0.31320,0.00206,-0.00123,-0.00222,0.00206,-0.00090,-47.70783,1064.00000
0.37668,0.37108,0.37405,0.37766,0.37174,0.31386,0.31484,0.31353,0.31517,0.31254,-0.00386,0.00140,-0.00255,0.00074,0.00239,-45.64962,1065.00000
0.36911,0.37766,0.37602,0.37043,0.37240,0.31715,0.31418,0.31517,0.31090,0.31155,-0.00090,0.00008,0.00041,-0.00123,-0.00156,-45.64962,1066.00000
0.37536,0.37207,0.37339,0.37536,0.37766,0.31649,0.31451,0.31715,0.31912,0.31418,-0.00288,0.00107,-0.00156,0.00074,0.00403,-43.79897,1067.00000
0.37569,0.37273,0.37339,0.37569,0.37174,0.30991,0.31780,0.31484,0.31386,0.30826,0.00074,0.00140,0.00008,-0.00025,-0.00090,-43.79897,1068.00000
0.37273,0.37668,0.37437,0.38095,0.37701,0.31320,0.31155,0.31451,0.31090,0.31715,0.00074,-0.00090,-0.00156,0.00436,-0.00090,-42.91350,1069.00000
0.37799,0.37569,0.36977,0.37799,0.37339,0.30826,0.31353,0.31221,0.31517,0.31254,-0.00156,0.00272,0.00403,0.00206,-0.00518,-42.91350,1070.00000
0.37536,0.36681,0.37569,0.37832,0.37470,0.30991,0.31188,0.30728,0.30958,0.31287,0.00107,0.00008,0.00206,0.00272,-0.00090,-43.06375,1071.00000
0.37701,0.37668,0.37832,0.37273,0.38062,0.31320,0.31418,0.31715,0.31418,0.31418,-0.00025,0.00008,-0.00353,-0.00649,0.00107,-43.06375,1072.00000
0.37405,0.37635,0.37799,0.37339,0.37733,0.30958,0.31254,0.31221,0.31649,0.31122,0.00469,-0.00123,-0.00025,-0.00156,-0.00321,-44.48716,1073.00000
0.37766,0.37799,0.37306,0.37108,0.38029,0.31188,0.31287,0.31287,0.31386,0.31155,-0.00090,-0.00222,-0.00057,0.00206,-0.00288,-44.48716,1074.00000
0.37635,0.37405,0.37405,0.37733,0.37503,0.31320,0.31188,0.31682,0.31254,0.31254,0.00272,-0.00255,-0.00156,-0.00386,-0.00288,-45.09919,1075.00000
0.37898,0.38325,0.37339,0.37799,0.37569,0.31353,0.31682,0.30892,0.31254,0.31484,0.00107,-0.00255,-0.00222,0.00041,0.00008,-45.09919,1076.00000
0.37437,0.38095,0.37240,0.37931,0.37898,0.31090,0.31221,0.31122,0.30925,0.31517,-0.00156,-0.00156,-0.00353,0.00403,-0.00255,-45.89621,1077.00000
0.37799,0.38029,0.37536,0.37931,0.37865,0.31254,0.31221,0.30794,0.31780,0.31254,0.00272,0.00206,0.00272,-0.00090,-0.00025,-45.89621,1078.00000
0.37043,0.37701,0.37733,0.37701,0.37799,0.31221,0.31386,0.31320,0.32011,0.30728,-0.00288,0.00107,-0.00255,-0.00321,-0.00353,-47.15997,1079.00000
0.37437,0.37273,0.37339,0.38029,0.37799,0.31451,0.31188,0.31583,0.31254,0.31287,0.00074,0.00107,0.00107,-0.00255,0.00239,-47.15997,1080.00000
0.38062,0.37141,0.37635,0.37273,0.38161,0.31649,0.31287,0.31353,0.31221,0.30761,-0.00123,0.00041,0.00074,0.00041,-0.00025,-48.03666,1081.00000
0.37635,0.37536,0.37569,0.37372,0.37832,0.31090,0.31122,0.31221,0.31057,0.31616,-0.00090,-0.00025,-0.00057,0.00272,-0.00485,-48.03666,1082.00000
0.37470,0.37832,0.37733,0.37766,0.37668,0.31451,0.31583,0.31254,0.31024,0.31254,0.00140,0.00074,-0.00222,-0.00090,0.00074,-48.35419,1083.00000
0.38391,0.37898,0.37635,0.36845,0.38293,0.31287,0.31320,0.31221,0.31090,0.31155,-0.00156,-0.00025,0.00041,-0.00123,-0.00255,-48.35419,1084.00000
0.38194,0.37470,0.38194,0.37865,0.38194,0.31418,0.31616,0.31386,0.31583,0.31616,-0.00255,-0.00222,0.00272,0.00140,-0.00189,-48.83118,1085.00000
0.37766,0.37733,0.37470,0.38621,0.37701,0.31682,0.31287,0.31616,0.31846,0.31649,-0.00090,-0.00025,-0.00156,-0.00156,-0.00025,-48.83118,1086.00000
0.37668,0.38161,0.37437,0.37997,0.36714,0.31221,0.31715,0.31221,0.31057,0.31320,0.00041,0.00173,-0.00189,-0.00222,-0.00090,-48.78459,1087.00000
0.37898,0.37437,0.37898,0.37865,0.37240,0.31418,0.31616,0.31682,0.31418,0.31221,-0.00189,-0.00255,-0.00123,-0.00123,0.00239,-48.78459,1088.00000
0.37602,0.38029,0.37569,0.37733,0.38194,0.31386,0.31287,0.31616,0.31813,0.31353,0.00140,-0.00057,-0.00057,-0.00288,0.00140,-49.09207,1089.00000
0.37437,0.38029,0.37701,0.37898,0.37733,0.31254,0.31155,0.31287,0.31451,0.31879,0.00304,0.00140,-0.00189,-0.00090,0.00272,-49.09207,1090.00000
0.37602,0.37470,0.37635,0.37339,0.38260,0.31451,0.31155,0.31254,0.31320,0.31484,-0.00255,-0.00123,-0.00255,-0.00156,-0.00090,-48.74204,1091.00000
0.37536,0.37865,0.38227,0.38128,0.37799,0.31320,0.31221,0.31155,0.31386,0.31616,0.00041,0.00403,-0.00057,-0.00189,-0.00090,-48.74204,1092.00000
0.37733,0.37602,0.37964,0.37635,0.37964,0.30794,0.31155,0.31583,0.31353,0.31320,-0.00025,-0.00222,0.00206,0.00041,-0.00123,-48.51846,1093.00000
0.37635,0.38260,0.37799,0.37931,0.38128,0.31320,0.31353,0.31550,0.31221,0.31254,0.00074,-0.00386,-0.00025,0.00173,0.00074,-48.51846,1094.00000
0.37339,0.38227,0.37766,0.37964,0.38260,0.31517,0.31122,0.31451,0.31649,0.31682,0.00436,-0.00090,-0.00025,-0.00288,-0.00419,-48.09271,1095.00000
0.37536,0.37832,0.37602,0.37339,0.37832,0.30826,0.31846,0.31254,0.31879,0.31846,0.00140,0.00107,0.00074,-0.00057,-0.00419,-48.09271,1096.00000
0.37405,0.37306,0.37997,0.37931,0.38095,0.30892,0.31747,0.31550,0.31254,0.31649,-0.00057,0.00074,-0.00518,-0.00025,-0.00156,-47.78121,1097.00000
0.37602,0.37931,0.38293,0.37733,0.37602,0.31616,0.31287,0.31649,0.31484,0.31221,-0.00123,0.00074,0.00074,-0.00353,-0.00090,-47.78121,1098.00000
0.37898,0.37832,0.37799,0.37964,0.37668,0.31583,0.31649,0.31418,0.31254,0.30761,-0.00025,-0.00025,-0.00057,-0.00156,-0.00353,-47.58330,1099.00000
0.38095,0.38358,0.37799,0.38293,0.37832,0.31122,0.31682,0.31649,0.31386,0.31320,0.00041,0.00074,-0.00123,-0.00025,-0.00057,-47.58330,1100.00000
0.37766,0.38128,0.38128,0.37964,0.38029,0.31188,0.31550,0.31484,0.30991,0.31517,-0.00288,-0.00090,-0.00123,0.00107,-0.00222,-47.43509,1101.00000
0.37602,0.38095,0.37668,0.37470,0.37470,0.31221,0.31057,0.31287,0.31682,0.31386,0.00337,0.00140,-0.00156,0.00074,-0.00288,-47.43509,1102.00000
0.38095,0.37898,0.38062,0.37174,0.38490,0.31616,0.30925,0.31715,0.31715,0.31517,-0.00189,0.00107,0.00304,-0.00255,-0.00090,-47.82457,1103.00000
0.38358,0.37569,0.37405,0.38095,0.38358,0.31287,0.31616,0.31057,0.31155,0.31353,-0.00255,-0.00321,-0.00090,-0.00025,0.00041,-47.82457,1104.00000
0.37931,0.38260,0.37536,0.37799,0.38293,0.31386,0.31155,0.31583,0.31484,0.31418,-0.00288,-0.00649,0.00272,0.00140,0.00502,-47.69196,1105.00000
0.38490,0.37931,0.38029,0.38391,0.37240,0.31221,0.31353,0.31320,0.31188,0.31616,0.00140,-0.00156,-0.00123,0.00469,-0.00090,-47.69196,1106.00000
0.38161,0.37832,0.37898,0.37701,0.38227,0.31386,0.31616,0.30991,0.31682,0.31484,-0.00255,-0.00090,-0.00222,-0.00222,0.00041,-48.06906,1107.00000
0.37865,0.37470,0.37898,0.37898,0.37635,0.31846,0.31418,0.31418,0.31583,0.31451,-0.00452,-0.00123,-0.00090,0.00041,-0.00123,-48.06906,1108.00000
0.38227,0.38095,0.37832,0.37865,0.37931,0.31780,0.31155,0.31188,0.31155,0.30761,0.00107,-0.00189,-0.00025,0.00074,-0.00025,-47.99981,1109.00000
0.37503,0.38457,0.37602,0.37799,0.37997,0.31122,0.31188,0.31418,0.31254,0.31418,-0.00288,-0.00255,0.00173,-0.00090,-0.00222,-47.99981,1110.00000
0.38720,0.37701,0.37569,0.37865,0.38260,0.31517,0.31747,0.31649,0.31287,0.31484,0.00304,-0.00057,-0.00386,0.00370,-0.00222,-48.32800,1111.00000
0.37832,0.38227,0.37898,0.37799,0.37668,0.31780,0.31418,0.31517,0.31846,0.31188,0.00074,-0.00057,0.00041,-0.00288,-0.00090,-48.32800,1112.00000
0.38523,0.38095,0.37964,0.38194,0.37832,0.31517,0.31682,0.31221,0.31846,0.31451,-0.00156,-0.00156,0.00107,0.00008,-0.00090,-48.70141,1113.00000
0.38457,0.38194,0.37898,0.37701,0.38029,0.31484,0.31287,0.31747,0.31715,0.31682,-0.00123,-0.00222,-0.00255,0.00008,-0.00090,-48.70141,1114.00000
0.37733,0.38128,0.38293,0.37799,0.37931,0.31155,0.31978,0.31616,0.31155,0.31715,0.00041,-0.00156,-0.00123,-0.00123,0.00041,-48.70459,1115.00000
0.38556,0.37898,0.38358,0.38128,0.37865,0.31287,0.31517,0.31418,0.31122,0.31517,0.00206,0.00239,-0.00025,-0.00353,-0.00025,-48.70459,1116.00000
0.37931,0.37832,0.38194,0.37964,0.38358,0.31780,0.31550,0.31780,0.31715,0.31517,0.00173,0.00206,-0.00057,-0.00189,-0.00386,-48.80273,1117.00000
0.37701,0.37964,0.38062,0.37997,0.37997,0.31550,0.31451,0.31846,0.31484,0.31320,-0.00156,0.00140,0.00107,-0.00123,0.00140,-48.80273,1118.00000
0.37536,0.37865,0.38227,0.38424,0.37503,0.31188,0.31221,0.31057,0.31155,0.31682,0.00140,-0.00123,0.00107,-0.00156,0.00140,-49.32715,1119.00000
0.37997,0.38062,0.38391,0.38161,0.38260,0.31320,0.31221,0.31747,0.31320,0.31451,0.00008,-0.00156,0.00107,0.00206,-0.00189,-49.32715,1120.00000
0.38325,0.38194,0.37931,0.37997,0.38128,0.31682,0.31747,0.31780,0.31386,0.31221,0.00173,0.00041,0.00008,0.00173,-0.00057,-49.06478,1121.00000
0.38457,0.37964,0.38161,0.38161,0.37701,0.31451,0.31386,0.31353,0.31912,0.31320,0.00173,-0.00156,0.00074,-0.00090,-0.00123,-49.06478,1122.00000
0.37503,0.38589,0.37799,0.38293,0.38391,0.31649,0.31451,0.31386,0.31287,0.31879,-0.00025,0.00107,0.00008,-0.00025,0.00107,-48.59201,1123.00000
0.37931,0.37964,0.38227,0.38161,0.38194,0.31945,0.31451,0.31616,0.31122,0.31517,-0.00123,0.00173,0.00173,-0.00189,0.00107,-48.59201,1124.00000
0.38029,0.38128,0.38062,0.37931,0.38095,0.31484,0.31550,0.31418,0.30991,0.31418,-0.00255,-0.00057,0.00173,0.00008,0.00008,-48.44285,1125.00000
0.38293,0.39016,0.38095,0.38358,0.38095,0.31747,0.31780,0.31122,0.31057,0.31057,0.00008,-0.00551,-0.00057,-0.00485,-0.00156,-48.44285,1126.00000
0.38424,0.37437,0.37799,0.38490,0.37668,0.31386,0.31682,0.31583,0.31122,0.31386,0.00173,-0.00419,0.00041,0.00239,-0.00419,-47.91210,1127.00000
0.38128,0.38227,0.37865,0.38457,0.37799,0.31386,0.31386,0.31517,0.31912,0.31287,0.00206,0.00008,0.00140,-0.00025,0.00206,-47.91210,1128.00000
0.38062,0.37536,0.37832,0.38358,0.38161,0.31517,0.32175,0.32142,0.31090,0.31188,-0.00090,-0.00057,-0.00057,-0.00090,-0.00255,-47.62499,1129.00000
0.37536,0.37733,0.37997,0.37832,0.37931,0.31484,0.31517,0.31846,0.31090,0.31484,-0.00156,0.00008,-0.00353,-0.00123,-0.00123,-47.62499,1130.00000
0.38358,0.37733,0.37997,0.38293,0.38293,0.31912,0.31517,0.31155,0.31287,0.31090,0.00140,0.00304,-0.00255,-0.00025,-0.00156,-47.82747,1131.00000
0.37635,0.38753,0.38095,0.38227,0.38161,0.31451,0.31517,0.32011,0.31649,0.31386,-0.00090,-0.00057,0.00041,-0.00057,0.00041,-47.82747,1132.00000
0.38786,0.37437,0.38885,0.38260,0.37733,0.31616,0.31254,0.31221,0.31846,0.31484,-0.00025,-0.00222,-0.00353,-0.00222,-0.00386,-48.04383,1133.00000
0.38457,0.37964,0.38062,0.38260,0.37997,0.31221,0.31550,0.31386,0.31024,0.31583,-0.00123,-0.00222,0.00370,0.00239,0.00173,-48.04383,1134.00000
0.38062,0.38260,0.38424,0.37898,0.37668,0.31287,0.31155,0.31418,0.31517,0.31550,0.00173,0.00074,-0.00156,0.00008,-0.00090,-48.19133,1135.00000
0.38260,0.38293,0.38062,0.37931,0.38062,0.31122,0.31155,0.31353,0.31057,0.31550,0.00041,-0.00452,-0.00025,0.00107,0.00140,-48.19133,1136.00000
0.38490,0.38293,0.38687,0.38391,0.37701,0.31484,0.31418,0.31747,0.31287,0.31386,0.00041,0.00008,0.00173,-0.00123,0.00304,-48.21805,1137.00000
0.37931,0.38457,0.37733,0.37635,0.38358,0.30991,0.31254,0.31320,0.31583,0.30958,-0.00025,-0.00222,-0.00057,0.00041,0.00041,-48.21805,1138.00000
0.38589,0.37997,0.37405,0.38983,0.37799,0.31090,0.31287,0.31583,0.31945,0.31221,-0.00057,0.00370,-0.00189,-0.00123,0.00041,-48.93085,1139.00000
0.38260,0.37997,0.38391,0.37405,0.38589,0.31682,0.31155,0.31353,0.31550,0.31353,0.00436,0.00008,0.00206,-0.00025,-0.00288,-48.93085,1140.00000
0.38227,0.38358,0.37536,0.38457,0.38293,0.31583,0.31418,0.30859,0.31649,0.31155,0.00041,-0.00288,-0.00156,0.00140,-0.00123,-48.97636,1141.00000
0.37931,0.37964,0.38161,0.38753,0.37931,0.31155,0.31780,0.31484,0.31879,0.31353,-0.00255,0.00074,0.00008,0.00041,-0.00189,-48.97636,1142.00000
0.38161,0.37536,0.38852,0.37799,0.37733,0.31451,0.31418,0.31484,0.32043,0.31320,0.00337,-0.00090,0.00239,0.00304,-0.00090,-49.14016,1143.00000
0.38128,0.38293,0.37997,0.38227,0.38424,0.31484,0.31846,0.31616,0.31221,0.31484,-0.00156,-0.00090,0.00074,0.00041,0.00008,-49.14016,1144.00000
0.38556,0.37898,0.38227,0.37733,0.38654,0.31682,0.31057,0.31221,0.31386,0.31320,-0.00156,-0.00156,0.00469,0.00041,-0.00090,-48.88316,1145.00000
0.38161,0.38293,0.38589,0.38523,0.37898,0.31254,0.31517,0.31583,0.31649,0.31912,0.00107,-0.00025,0.00272,0.00074,-0.00419,-48.88316,1146.00000
0.38062,0.37964,0.37931,0.38293,0.37799,0.31418,0.31188,0.31353,0.31287,0.31517,-0.00090,0.00008,0.00107,-0.00123,-0.00255,-48.86156,1147.00000
0.38029,0.37898,0.38062,0.37964,0.37931,0.31418,0.31747,0.31287,0.31945,0.31517,-0.00189,0.00008,0.00403,0.00239,0.00107,-48.86156,1148.00000
0.38424,0.37766,0.38687,0.38029,0.38654,0.31287,0.31057,0.31221,0.31583,0.31254,-0.00255,-0.00419,-0.00156,0.00074,-0.00189,-49.02131,1149.00000
0.37997,0.38556,0.38029,0.38457,0.38194,0.31418,0.31879,0.31715,0.31090,0.30991,0.00008,0.00107,0.00107,0.00107,-0.00025,-49.02131,1150.00000
0.38325,0.38556,0.38194,0.38062,0.38029,0.31682,0.31451,0.31353,0.31254,0.31057,-0.00025,0.00304,0.00173,-0.00057,-0.00057,-48.30587,1151.00000
0.38457,0.37733,0.38687,0.38457,0.38029,0.31418,0.30958,0.31682,0.31813,0.31649,0.00206,0.00140,-0.00189,0.00008,-0.00255,-48.30587,1152.00000
0.38358,0.38293,0.37602,0.38029,0.38589,0.31616,0.31780,0.31122,0.31386,0.31517,-0.00090,-0.00255,0.00008,0.00041,0.00173,-47.71987,1153.00000
0.38720,0.37733,0.38457,0.38556,0.38325,0.31517,0.31451,0.31155,0.31320,0.31715,0.00239,0.00008,-0.00057,0.00041,0.00041,-47.71987,1154.00000
0.37898,0.37931,0.38293,0.38556,0.38490,0.31320,0.31320,0.31287,0.31550,0.31287,-0.00025,0.00107,-0.00255,-0.00255,0.00107,-47.87770,1155.00000
0.38029,0.38095,0.38260,0.38523,0.37668,0.31484,0.31484,0.30892,0.31057,0.31451,0.00041,0.00173,0.00107,0.00239,-0.00419,-47.87770,1156.00000
0.38194,0.38029,0.38654,0.37898,0.38062,0.31254,0.31418,0.31682,0.31155,0.31813,-0.00156,-0.00057,0.00370,0.00041,-0.00321,-48.02361,1157.00000
0.38260,0.38490,0.38457,0.38391,0.38062,0.31583,0.31221,0.31583,0.31682,0.31353,0.00041,0.00008,0.00469,0.00337,0.00173,-48.02361,1158.00000
0.38391,0.37964,0.37470,0.37997,0.37865,0.31188,0.31682,0.31221,0.31287,0.31386,0.00173,-0.00090,0.00304,0.00074,-0.00025,-48.03787,1159.00000
0.38325,0.37701,0.38589,0.37898,0.37799,0.31386,0.31418,0.31616,0.31484,0.31813,0.00502,0.00008,-0.00057,0.00337,0.00008,-48.03787,1160.00000
0.38819,0.38457,0.38194,0.37668,0.37997,0.30892,0.31418,0.31451,0.31649,0.31320,-0.00025,0.00074,-0.00156,0.00008,0.00272,-48.63495,1161.00000
0.38621,0.37997,0.38029,0.38358,0.37997,0.31418,0.31353,0.31451,0.31221,0.31780,0.00140,0.00568,-0.00057,0.00041,-0.00288,-48.63495,1162.00000
0.37931,0.38095,0.38556,0.38194,0.37602,0.31484,0.31386,0.31682,0.31418,0.31122,-0.00057,0.00107,0.00008,-0.00156,-0.00025,-48.94837,1163.00000
0.38852,0.37799,0.37799,0.38720,0.38194,0.31747,0.31155,0.31353,0.31484,0.31122,-0.00025,0.00403,0.00041,0.00008,-0.00025,-48.94837,1164.00000
0.37832,0.37536,0.38490,0.38029,0.38720,0.31386,0.31879,0.31254,0.30892,0.31649,-0.00090,0.00337,0.00173,0.00206,-0.00321,-48.53719,1165.00000
0.38950,0.37832,0.38391,0.38293,0.38062,0.31221,0.31583,0.31057,0.31155,0.31353,0.00173,-0.00025,-0.00123,0.00206,0.00041,-48.53719,1166.00000
0.38260,0.37865,0.38325,0.38128,0.38062,0.31616,0.30991,0.31550,0.31320,0.31583,0.00370,0.00107,0.00008,0.00600,0.00206,-48.64882,1167.00000
0.38161,0.38457,0.37898,0.38523,0.38161,0.31320,0.31550,0.31550,0.31287,0.31024,0.00239,0.00107,-0.00189,0.00041,0.00041,-48.64882,1168.00000
0.38161,0.38424,0.37569,0.38457,0.38194,0.31221,0.31320,0.31057,0.31616,0.31682,0.00502,-0.00156,0.00140,0.00206,0.00173,-48.96249,1169.00000
0.38621,0.38424,0.38095,0.38424,0.38325,0.31418,0.31386,0.32043,0.31024,0.31287,0.00403,0.00008,0.00041,0.00008,-0.00090,-48.96249,1170.00000
0.38720,0.37997,0.38227,0.37931,0.38194,0.31320,0.31122,0.31287,0.31451,0.31583,-0.00025,0.00272,0.00173,0.00272,0.00337,-49.28554,1171.00000
0.38095,0.38786,0.38621,0.38029,0.38062,0.31386,0.31155,0.31517,0.31418,0.31188,0.00239,0.00206,0.00206,0.00239,0.00304,-49.28554,1172.00000
0.38062,0.37635,0.37602,0.38391,0.37733,0.31024,0.31188,0.31287,0.30859,0.31484,0.00107,0.00370,0.00140,0.00107,-0.00189,-48.75547,1173.00000
0.38128,0.38687,0.37766,0.37733,0.38424,0.30892,0.31090,0.31715,0.31254,0.31254,0.00074,0.00370,0.00140,0.00074,0.00206,-48.75547,1174.00000
0.38358,0.37997,0.37733,0.37898,0.37898,0.30991,0.31353,0.31320,0.30761,0.31188,0.00272,0.00304,0.00304,0.00272,0.00600,-48.27025,1175.00000
0.38293,0.37733,0.38358,0.38128,0.38325,0.31287,0.31386,0.31386,0.31484,0.30859,0.00568,0.00206,0.00239,0.00304,0.00272,-48.27025,1176.00000
0.38293,0.37964,0.37931,0.38293,0.37964,0.31353,0.31254,0.31386,0.31583,0.30794,0.00008,-0.00156,0.00206,0.00469,0.00008,-48.57502,1177.00000
0.38029,0.38161,0.37766,0.38523,0.37997,0.31122,0.31254,0.31188,0.31090,0.31254,0.00304,0.00633,-0.00025,0.00337,0.00107,-48.57502,1178.00000
0.38358,0.37437,0.38161,0.38391,0.37931,0.31155,0.30892,0.31024,0.31254,0.31550,0.00436,0.00337,0.00272,0.00008,0.00173,-48.15320,1179.00000
0.38720,0.38260,0.38227,0.37733,0.38358,0.31024,0.31846,0.30728,0.31616,0.31517,0.00272,0.00107,0.00008,0.00469,-0.00090,-48.15320,1180.00000
0.38457,0.38325,0.38260,0.38293,0.38391,0.31221,0.31122,0.31254,0.31221,0.31386,-0.00090,0.00370,-0.00090,-0.00321,0.00272,-48.07382,1181.00000
0.37964,0.38062,0.37997,0.38457,0.37931,0.31024,0.31649,0.31090,0.31484,0.31221,0.00041,0.00206,0.00008,0.00272,0.00008,-48.07382,1182.00000
0.38589,0.38029,0.37832,0.37668,0.38325,0.31846,0.31221,0.31386,0.31024,0.31024,0.00008,0.00403,0.00206,0.00304,0.00403,-48.03391,1183.00000
0.38260,0.38062,0.38194,0.38260,0.37964,0.31418,0.30892,0.31418,0.31287,0.31879,0.00272,0.00304,0.00041,0.00337,0.00140,-48.03391,1184.00000
0.37898,0.38556,0.38194,0.38687,0.37569,0.31155,0.31155,0.30958,0.31813,0.31616,0.00173,0.00239,0.00239,0.00304,0.00535,-48.65672,1185.00000
0.38786,0.38095,0.38457,0.38391,0.37865,0.31418,0.31024,0.31221,0.31451,0.31418,0.00403,0.00107,-0.00123,0.00304,0.00173,-48.65672,1186.00000
0.38161,0.37832,0.38260,0.38062,0.37733,0.31254,0.31320,0.31484,0.31813,0.30892,0.00173,0.00041,-0.00025,0.00337,0.00041,-48.91080,1187.00000
0.38621,0.37898,0.38753,0.37569,0.38753,0.31649,0.31188,0.31583,0.31451,0.31122,0.00239,0.00370,0.00337,-0.00156,0.00173,-48.91080,1188.00000
0.37701,0.38293,0.38293,0.38194,0.38687,0.31057,0.31320,0.31353,0.31386,0.31057,0.00337,0.00008,0.00239,0.00206,0.00469,-48.78558,1189.00000
0.38424,0.38293,0.38293,0.38556,0.38556,0.31155,0.31254,0.31780,0.30925,0.31353,0.00568,0.00568,0.00041,0.00304,0.00239,-48.78558,1190.00000
0.38358,0.38260,0.38325,0.37569,0.38490,0.31287,0.31353,0.30991,0.31353,0.31221,0.00206,0.00436,0.00370,0.00074,0.00239,-48.45308,1191.00000
0.38293,0.38128,0.39016,0.38095,0.37766,0.31616,0.31550,0.31287,0.30892,0.31517,0.00535,0.00239,0.00436,0.00535,0.00568,-48.45308,1192.00000
0.38260,0.38457,0.38293,0.38753,0.38391,0.31057,0.31122,0.30991,0.31386,0.31155,0.00469,0.00370,0.00600,0.00535,0.00206,-48.75062,1193.00000
0.38029,0.38293,0.37503,0.38687,0.37832,0.31353,0.31254,0.31155,0.31057,0.31090,0.00600,0.00403,0.00107,0.00535,0.00469,-48.75062,1194.00000
0.38687,0.37898,0.38260,0.38556,0.37602,0.30826,0.31155,0.31583,0.31057,0.31254,0.00173,0.00600,0.00502,0.00337,0.00206,-48.36956,1195.00000
0.38621,0.38161,0.38128,0.37931,0.38293,0.30991,0.31451,0.32043,0.30892,0.31484,0.00568,0.00469,0.00272,0.00568,0.00502,-48.36956,1196.00000
0.38227,0.38293,0.39049,0.38194,0.37964,0.31287,0.31090,0.31780,0.30859,0.31386,0.00272,0.00568,0.00502,0.00666,-0.00025,-48.87886,1197.00000
0.38852,0.37602,0.38457,0.38194,0.38095,0.31024,0.31418,0.31057,0.30892,0.31122,0.00173,0.00304,0.00403,0.00272,0.00206,-48.87886,1198.00000
0.38490,0.37668,0.38687,0.38687,0.37701,0.31221,0.31386,0.31451,0.30991,0.31649,0.00502,0.00765,0.00633,0.00502,0.00568,-48.81149,1199.00000
0.38095,0.38194,0.38227,0.38589,0.38029,0.31945,0.30695,0.31353,0.31254,0.31090,0.00535,0.00206,0.00502,0.00535,0.00206,-48.81149,1200.00000
0.38621,0.38227,0.38852,0.37766,0.38523,0.31188,0.31188,0.30563,0.30892,0.30991,0.00502,0.00304,0.00337,0.00206,0.00304,-48.67869,1201.00000
0.38293,0.38457,0.38062,0.38062,0.37997,0.31583,0.31550,0.31517,0.31583,0.31155,0.00337,0.00272,0.00798,0.00206,-0.00057,-48.67869,1202.00000
0.38687,0.38161,0.38325,0.38885,0.37602,0.31649,0.31418,0.31024,0.31057,0.31254,0.00502,0.00699,0.00337,0.00074,0.00337,-48.89940,1203.00000
0.38358,0.38687,0.38358,0.38293,0.37733,0.31287,0.31451,0.31418,0.31386,0.31188,0.00337,0.00568,0.00831,0.00502,0.00633,-48.89940,1204.00000
0.38490,0.38556,0.37832,0.38062,0.38095,0.31155,0.31090,0.31287,0.31418,0.31320,0.00896,0.00239,0.00370,0.00403,0.00469,-48.95865,1205.00000
0.38589,0.38950,0.37635,0.37602,0.38194,0.31155,0.31320,0.30728,0.31353,0.31418,0.00896,0.00403,0.00107,0.00568,0.00535,-48.95865,1206.00000
0.37799,0.38161,0.38325,0.38358,0.37997,0.31386,0.31024,0.30925,0.31221,0.31583,0.00436,0.00239,0.00765,0.00502,0.00304,-48.00694,1207.00000
0.38424,0.38391,0.38358,0.37832,0.38161,0.31320,0.31188,0.31484,0.31451,0.31320,0.00633,0.00600,0.00666,0.00502,0.00436,-48.00694,1208.00000
0.38260,0.38095,0.38950,0.37701,0.38687,0.31254,0.30695,0.31484,0.31155,0.31517,0.00535,0.00633,0.00502,-0.00025,0.00699,-47.82494,1209.00000
0.38457,0.37766,0.38589,0.38194,0.38621,0.31122,0.31221,0.31583,0.31090,0.31155,0.00469,0.00798,0.00140,0.00403,0.00732,-47.82494,1210.00000
0.37701,0.39115,0.38161,0.37832,0.38621,0.31254,0.31418,0.31155,0.31188,0.31287,0.00732,0.00272,0.00699,0.00535,0.00929,-47.61734,1211.00000
0.38029,0.38391,0.37701,0.38523,0.38161,0.31418,0.30892,0.30958,0.31320,0.30695,0.00765,0.00699,0.00107,0.00436,0.00535,-47.61734,1212.00000
0.38161,0.38029,0.38621,0.38260,0.38227,0.31418,0.30892,0.30925,0.31517,0.31418,0.00535,0.00633,0.00633,0.00732,0.00436,-47.81586,1213.00000
0.38029,0.38523,0.38194,0.38621,0.38621,0.31649,0.31353,0.31386,0.31188,0.30826,0.00929,0.00304,0.00896,0.00403,0.00699,-47.81586,1214.00000
0.38325,0.38325,0.38194,0.38753,0.38161,0.31320,0.31386,0.31188,0.31386,0.31221,0.00304,0.00535,0.00633,0.00666,0.00896,-47.43225,1215.00000
0.37931,0.38687,0.38194,0.38293,0.38457,0.31386,0.31550,0.31912,0.31320,0.31945,0.00337,0.00403,0.01192,0.00699,0.00765,-47.43225,1216.00000
0.38424,0.38062,0.38490,0.38325,0.38424,0.31254,0.30991,0.31484,0.31418,0.31353,0.00666,0.00206,0.01061,0.00600,0.00732,-47.56877,1217.00000
0.38950,0.38457,0.38687,0.37766,0.38786,0.31649,0.31484,0.31024,0.32175,0.30991,0.00370,0.00633,0.00929,0.00666,0.00732,-47.56877,1218.00000
0.37766,0.38753,0.38753,0.38260,0.37635,0.31418,0.30958,0.31517,0.31517,0.31287,0.00896,0.00929,0.00864,0.00633,0.00502,-47.72814,1219.00000
0.38523,0.38325,0.38654,0.37931,0.38293,0.31386,0.31418,0.30991,0.31353,0.31057,0.01127,0.00995,0.00798,0.00732,0.00732,-47.72814,1220.00000
0.38391,0.38095,0.38260,0.38029,0.38621,0.31945,0.31254,0.31254,0.31386,0.31188,0.01094,0.00765,0.00896,0.01028,0.00633,-48.42520,1221.00000
0.37799,0.38227,0.38621,0.38227,0.38687,0.31320,0.31550,0.31715,0.31122,0.31451,0.00666,0.00633,0.00962,0.00962,0.00732,-48.42520,1222.00000
0.37964,0.38424,0.38161,0.38194,0.38687,0.31090,0.31386,0.31616,0.31320,0.30859,0.01127,0.00995,0.00896,0.00929,0.00864,-48.23887,1223.00000
0.37997,0.38589,0.37997,0.38786,0.37997,0.31813,0.31616,0.31254,0.30826,0.31912,0.00896,0.00436,0.00896,0.00995,0.00568,-48.23887,1224.00000
0.38424,0.37569,0.38654,0.38260,0.38325,0.31320,0.31122,0.31155,0.31057,0.31188,0.00798,0.00666,0.00864,0.00568,0.00864,-48.37995,1225.00000
0.38325,0.38424,0.38095,0.37865,0.38161,0.31418,0.31715,0.30991,0.31418,0.31057,0.00502,0.00633,0.01094,0.00798,0.01028,-48.37995,1226.00000
0.38260,0.38194,0.38194,0.38062,0.37701,0.31747,0.31287,0.31155,0.31616,0.31747,0.01028,0.00929,0.00765,0.00633,0.01192,-48.64490,1227.00000
0.37997,0.38490,0.38391,0.37733,0.38161,0.30794,0.31287,0.31254,0.31221,0.31682,0.00831,0.01127,0.00765,0.00798,0.00896,-48.64490,1228.00000
0.37964,0.38325,0.37997,0.38424,0.38457,0.31221,0.31024,0.31155,0.30925,0.31550,0.00765,0.00962,0.00600,0.01028,0.00896,-49.28540,1229.00000
0.38325,0.38227,0.39049,0.38095,0.38753,0.31024,0.31517,0.31254,0.31616,0.31484,0.00962,0.01028,0.00995,0.00896,0.00929,-49.28540,1230.00000
0.38293,0.38753,0.37931,0.38523,0.37635,0.31320,0.31715,0.31451,0.31287,0.31188,0.00995,0.00831,0.00995,0.00732,0.00896,-49.45199,1231.00000
0.38260,0.38885,0.38325,0.38457,0.38095,0.31649,0.31747,0.31517,0.31451,0.31287,0.01258,0.00831,0.00732,0.00732,0.01291,-49.45199,1232.00000
0.38029,0.38556,0.38687,0.38194,0.38227,0.31221,0.31616,0.31649,0.31353,0.31057,0.00864,0.01225,0.01258,0.01324,0.01061,-49.36610,1233.00000
0.38194,0.37964,0.38424,0.37931,0.38325,0.31057,0.31550,0.31057,0.31583,0.31320,0.00995,0.01127,0.01061,0.01160,0.00995,-49.36610,1234.00000
0.38720,0.38293,0.38062,0.38424,0.38950,0.31254,0.31188,0.30925,0.31484,0.31122,0.01127,0.01061,0.01094,0.01061,0.00831,-48.88242,1235.00000
0.38095,0.37865,0.38457,0.38490,0.38720,0.31057,0.31846,0.31353,0.31188,0.31649,0.01390,0.00995,0.01028,0.00929,0.00929,-48.88242,1236.00000
0.38490,0.38358,0.38490,0.38589,0.38358,0.31715,0.31122,0.31353,0.31221,0.31550,0.01028,0.01160,0.00831,0.00929,0.01094,-48.37604,1237.00000
0.38621,0.38391,0.38523,0.38358,0.38556,0.31386,0.31188,0.31320,0.31550,0.31353,0.00896,0.01127,0.01127,0.00568,0.01192,-48.37604,1238.00000
0.38556,0.37668,0.39082,0.37931,0.38490,0.30925,0.31320,0.30958,0.31715,0.30958,0.01258,0.01094,0.01127,0.00962,0.01127,-48.37211,1239.00000
0.38358,0.38062,0.37898,0.38720,0.38095,0.31649,0.31287,0.31320,0.31517,0.30662,0.00962,0.01291,0.01258,0.00995,0.00633,-48.37211,1240.00000
0.38424,0.37701,0.38983,0.38128,0.37701,0.30991,0.31122,0.31682,0.31155,0.31122,0.01094,0.01061,0.01028,0.01423,0.01061,-47.56383,1241.00000
0.38325,0.37569,0.38128,0.38589,0.38424,0.31287,0.30563,0.31188,0.31550,0.31451,0.01094,0.00995,0.01225,0.00831,0.01357,-47.56383,1242.00000
0.38325,0.38161,0.38687,0.37997,0.38490,0.31024,0.31550,0.30958,0.31188,0.31024,0.01127,0.01291,0.01291,0.01225,0.00995,-46.98428,1243.00000
0.38260,0.38391,0.38194,0.38950,0.38490,0.31550,0.31287,0.31221,0.31221,0.31386,0.01061,0.01390,0.01028,0.00995,0.00995,-46.98428,1244.00000
0.38029,0.38589,0.38293,0.38621,0.38654,0.31122,0.30892,0.31057,0.31221,0.31353,0.01192,0.01094,0.01291,0.01423,0.00896,-47.34987,1245.00000
0.37964,0.37766,0.38391,0.38029,0.38358,0.31386,0.31353,0.30728,0.31616,0.31320,0.01456,0.01357,0.01192,0.01357,0.01357,-47.34987,1246.00000
0.38457,0.37339,0.38227,0.38128,0.38161,0.31188,0.31517,0.32011,0.31287,0.31254,0.01160,0.01488,0.01357,0.01160,0.00962,-48.10792,1247.00000
0.38128,0.37865,0.37668,0.38062,0.38457,0.30761,0.31320,0.31188,0.30826,0.31155,0.01423,0.01225,0.01390,0.01291,0.01127,-48.10792,1248.00000
0.38161,0.38260,0.38293,0.37964,0.38490,0.31057,0.31221,0.31484,0.31386,0.31221,0.01028,0.01324,0.01061,0.01488,0.01488,-48.20313,1249.00000
0.37339,0.38325,0.38161,0.38128,0.38457,0.31484,0.31155,0.31254,0.31616,0.31715,0.01127,0.01521,0.01192,0.01160,0.01653,-48.20313,1250.00000
0.38490,0.37997,0.37635,0.38325,0.38490,0.31846,0.30859,0.31484,0.30859,0.31320,0.01521,0.01291,0.01620,0.01160,0.01291,-48.37403,1251.00000
0.38293,0.38457,0.37701,0.38885,0.38029,0.30925,0.30925,0.31287,0.31254,0.31221,0.01423,0.01324,0.01521,0.01521,0.01554,-48.37403,1252.00000
0.38457,0.38095,0.38260,0.38523,0.38029,0.31616,0.30958,0.31254,0.30859,0.31550,0.01488,0.01291,0.01094,0.01258,0.01127,-48.78744,1253.00000
0.37997,0.38753,0.38424,0.39016,0.38523,0.31418,0.31122,0.31122,0.31353,0.31155,0.01456,0.01390,0.01587,0.01784,0.01192,-48.78744,1254.00000
0.38556,0.38029,0.38950,0.38095,0.37766,0.31024,0.31254,0.31254,0.31320,0.31451,0.01456,0.01686,0.01521,0.01160,0.01620,-49.14117,1255.00000
0.38457,0.38917,0.38260,0.38194,0.38062,0.31122,0.30958,0.31254,0.31583,0.31090,0.01324,0.01784,0.01587,0.01192,0.01784,-49.14117,1256.00000
0.38885,0.38457,0.38128,0.38819,0.38720,0.31386,0.31024,0.31188,0.31418,0.31188,0.01423,0.01061,0.01521,0.01488,0.01620,-48.74385,1257.00000
0.38161,0.38293,0.38293,0.38786,0.38589,0.31188,0.31386,0.31155,0.31320,0.30826,0.01324,0.01291,0.01225,0.01587,0.01291,-48.74385,1258.00000
0.38325,0.38062,0.38161,0.38161,0.38161,0.31484,0.31320,0.31451,0.31221,0.31287,0.01488,0.01390,0.01620,0.01916,0.01423,-48.83054,1259.00000
0.38720,0.37733,0.37898,0.37931,0.38589,0.31320,0.31484,0.31287,0.30958,0.31320,0.01357,0.01587,0.01324,0.01390,0.01521,-48.83054,1260.00000
0.38786,0.38523,0.38095,0.38227,0.38128,0.31122,0.31320,0.31353,0.31550,0.31188,0.01390,0.01587,0.01390,0.01258,0.01390,-48.54490,1261.00000
0.38490,0.37931,0.37701,0.38391,0.38523,0.31254,0.31451,0.31386,0.31517,0.31747,0.01521,0.01587,0.01456,0.01324,0.01784,-48.54490,1262.00000
0.38260,0.38687,0.38194,0.38424,0.38227,0.31616,0.31024,0.31649,0.31254,0.31484,0.01817,0.01719,0.01752,0.01357,0.01719,-48.49934,1263.00000
0.38654,0.38128,0.38325,0.38260,0.38260,0.31090,0.30925,0.31451,0.30892,0.31418,0.01620,0.02080,0.01620,0.02080,0.01357,-48.49934,1264.00000
0.37997,0.38786,0.38523,0.38293,0.38424,0.31057,0.31418,0.31090,0.31287,0.31155,0.01916,0.01620,0.01752,0.01324,0.01719,-48.11251,1265.00000
0.38621,0.38161,0.38260,0.37997,0.38819,0.31517,0.31715,0.31418,0.30892,0.31484,0.01521,0.01916,0.01784,0.01916,0.01850,-48.11251,1266.00000
0.38358,0.37931,0.38621,0.38194,0.38490,0.30925,0.31353,0.31451,0.31320,0.31221,0.01686,0.01620,0.01554,0.01653,0.02080,-48.03367,1267.00000
0.38227,0.37799,0.38621,0.38556,0.37997,0.31320,0.31287,0.31254,0.31090,0.31747,0.01719,0.01620,0.01653,0.01620,0.01850,-48.03367,1268.00000
0.38260,0.38424,0.37898,0.38293,0.38654,0.31155,0.31583,0.31747,0.31155,0.31155,0.01784,0.02113,0.01752,0.01719,0.02015,-47.54165,1269.00000
0.38687,0.38227,0.37701,0.38227,0.38424,0.31090,0.30958,0.30892,0.31155,0.31517,0.01817,0.01752,0.01752,0.01850,0.01653,-47.54165,1270.00000
0.38490,0.38227,0.38128,0.38556,0.38950,0.31353,0.31386,0.31451,0.30925,0.31155,0.01949,0.01620,0.01817,0.01752,0.02015,-47.83701,1271.00000
0.38325,0.38687,0.38293,0.38589,0.38227,0.31057,0.31649,0.31517,0.31451,0.31715,0.02278,0.01653,0.01982,0.01620,0.02015,-47.83701,1272.00000
0.38819,0.38819,0.38786,0.37701,0.38490,0.31090,0.31188,0.31353,0.31090,0.31484,0.01784,0.02409,0.02245,0.01982,0.01686,-47.80443,1273.00000
0.38227,0.38523,0.38457,0.38589,0.37997,0.31386,0.31846,0.31122,0.31353,0.30892,0.01916,0.02015,0.01719,0.01883,0.02179,-47.80443,1274.00000
0.38161,0.37964,0.38227,0.37964,0.38424,0.31188,0.30826,0.31715,0.31221,0.30991,0.02409,0.02179,0.02344,0.02015,0.02245,-47.50438,1275.00000
0.38589,0.38128,0.38490,0.38293,0.38391,0.31320,0.31122,0.31484,0.31484,0.31057,0.02048,0.01949,0.02015,0.01949,0.02344,-47.50438,1276.00000
0.39148,0.38062,0.38983,0.38325,0.38227,0.30728,0.31386,0.30794,0.31846,0.31122,0.02212,0.02113,0.01916,0.01291,0.01752,-46.92187,1277.00000
0.38128,0.39246,0.37799,0.38128,0.38819,0.31024,0.31517,0.31122,0.31188,0.31353,0.01850,0.02146,0.01817,0.02212,0.01949,-46.92187,1278.00000
0.38523,0.38523,0.38457,0.38128,0.38917,0.30794,0.31451,0.31320,0.31320,0.31517,0.01554,0.02245,0.02278,0.01982,0.02212,-47.38639,1279.00000
0.38062,0.38391,0.38457,0.38556,0.38358,0.31353,0.30991,0.31320,0.31747,0.31649,0.01850,0.02245,0.02048,0.02146,0.01850,-47.38639,1280.00000
0.38819,0.37997,0.38490,0.38194,0.38753,0.31188,0.31418,0.31418,0.31254,0.31451,0.01686,0.02080,0.01850,0.02146,0.01784,-48.37315,1281.00000
0.38885,0.38095,0.38753,0.38260,0.38293,0.30761,0.31254,0.31221,0.31418,0.31682,0.02278,0.02048,0.02146,0.02113,0.02409,-48.37315,1282.00000
0.37668,0.37931,0.38227,0.38391,0.37997,0.31188,0.31616,0.31451,0.31254,0.31320,0.01817,0.02508,0.01817,0.02245,0.02311,-48.63223,1283.00000
0.38424,0.38391,0.37898,0.38457,0.38391,0.31583,0.31682,0.31155,0.31254,0.31813,0.02409,0.02311,0.02212,0.02015,0.01784,-48.63223,1284.00000
0.38556,0.38227,0.38358,0.38556,0.38687,0.31418,0.31188,0.30991,0.31484,0.31320,0.02376,0.02409,0.02541,0.02048,0.02015,-48.28900,1285.00000
0.38753,0.37997,0.38095,0.38391,0.38589,0.31221,0.30892,0.30991,0.31418,0.31320,0.02344,0.02015,0.02771,0.02146,0.02245,-48.28900,1286.00000
0.37766,0.38325,0.39115,0.37898,0.38720,0.30925,0.31451,0.31418,0.31780,0.31188,0.02311,0.01949,0.02311,0.02179,0.02015,-48.51916,1287.00000
0.38786,0.37997,0.38424,0.38293,0.38687,0.31221,0.31221,0.31484,0.31682,0.31090,0.02113,0.02179,0.02442,0.02278,0.02409,-48.51916,1288.00000
0.38325,0.37701,0.38589,0.38293,0.37832,0.31188,0.31122,0.30859,0.31254,0.31221,0.02080,0.02311,0.02146,0.02311,0.02344,-49.51571,1289.00000
0.38358,0.38424,0.38983,0.37931,0.38589,0.31024,0.31780,0.31353,0.31122,0.31517,0.02212,0.02672,0.02278,0.02409,0.02212,-49.51571,1290.00000
0.38589,0.38589,0.38885,0.38358,0.38490,0.31583,0.31155,0.31386,0.31254,0.31484,0.02376,0.02409,0.02376,0.02344,0.02771,-49.51763,1291.00000
0.38523,0.38424,0.38687,0.37964,0.38391,0.30794,0.31386,0.31583,0.30958,0.31122,0.02146,0.02278,0.02574,0.02113,0.02409,-49.51763,1292.00000
0.38128,0.38556,0.38194,0.38852,0.38391,0.31320,0.31649,0.32011,0.30925,0.31484,0.02278,0.02574,0.02048,0.01817,0.02311,-49.21293,1293.00000
0.37964,0.37865,0.38391,0.38621,0.38687,0.31517,0.31517,0.30925,0.31221,0.31254,0.02278,0.02442,0.02179,0.02048,0.02344,-49.21293,1294.00000
0.38490,0.38457,0.37964,0.38457,0.38589,0.31517,0.31057,0.31057,0.31649,0.31418,0.02541,0.02311,0.02508,0.02344,0.02311,-49.05862,1295.00000
0.38227,0.38589,0.38457,0.38490,0.38095,0.31418,0.31484,0.31682,0.31484,0.31353,0.02541,0.02442,0.02574,0.02311,0.02640,-49.05862,1296.00000
0.38260,0.38523,0.38128,0.38917,0.38293,0.30925,0.31254,0.31583,0.31254,0.31978,0.02409,0.02080,0.02771,0.02344,0.02574,-48.61069,1297.00000
0.38260,0.38852,0.38194,0.38490,0.37766,0.31517,0.31254,0.31386,0.31090,0.30958,0.02574,0.02442,0.02409,0.02376,0.02245,-48.61069,1298.00000
0.37997,0.37865,0.38556,0.38391,0.38885,0.31517,0.31715,0.31517,0.31090,0.32043,0.02442,0.02541,0.02179,0.02475,0.02409,-48.33812,1299.00000
0.38523,0.38720,0.38325,0.38095,0.39181,0.31057,0.31386,0.31320,0.31846,0.30925,0.02837,0.02212,0.02344,0.02146,0.02245,-48.33812,1300.00000
0.38293,0.38490,0.38457,0.38128,0.37701,0.31386,0.31386,0.31418,0.31583,0.31090,0.02113,0.02837,0.02738,0.02705,0.02508,-48.05386,1301.00000
0.38490,0.38424,0.38654,0.37997,0.38391,0.31418,0.31386,0.30991,0.31386,0.31320,0.02903,0.02179,0.02738,0.02409,0.02344,-48.05386,1302.00000
0.38161,0.39082,0.37964,0.38589,0.38852,0.31418,0.31616,0.31188,0.31451,0.31715,0.02508,0.02311,0.02607,0.02672,0.02936,-47.85622,1303.00000
0.38556,0.38621,0.37931,0.38194,0.38621,0.31418,0.31451,0.30826,0.30826,0.30892,0.02705,0.02672,0.02640,0.02672,0.02475,-47.85622,1304.00000
0.38424,0.38457,0.38753,0.37931,0.38029,0.31188,0.31320,0.31715,0.31386,0.31484,0.02640,0.02804,0.02409,0.02574,0.02475,-47.73748,1305.00000
0.38950,0.38819,0.38062,0.38720,0.37865,0.31451,0.31320,0.31649,0.31254,0.31221,0.02376,0.02278,0.02771,0.02771,0.02541,-47.73748,1306.00000
0.38062,0.38095,0.38358,0.38654,0.38325,0.31353,0.31451,0.30958,0.31386,0.31451,0.02409,0.02705,0.02672,0.02771,0.02344,-47.39465,1307.00000
0.37865,0.38260,0.38062,0.38293,0.38457,0.31024,0.31649,0.31320,0.31353,0.31155,0.02376,0.02640,0.02968,0.02640,0.02903,-47.39465,1308.00000
0.38194,0.38819,0.37997,0.38062,0.38621,0.31517,0.31320,0.30859,0.30892,0.31353,0.03199,0.02574,0.02541,0.02804,0.02738,-47.13191,1309.00000
0.38227,0.38490,0.38424,0.38490,0.38325,0.31155,0.31386,0.30958,0.31583,0.31221,0.02738,0.02738,0.02640,0.02376,0.02541,-47.13191,1310.00000
0.38687,0.38786,0.38325,0.39115,0.38062,0.31122,0.31320,0.30925,0.31155,0.31090,0.03034,0.02903,0.02344,0.02672,0.02771,-47.53944,1311.00000
0.38589,0.39049,0.38095,0.38556,0.38325,0.31320,0.31155,0.31517,0.31188,0.31155,0.02607,0.02475,0.02376,0.03429,0.02705,-47.53944,1312.00000
0.38325,0.38490,0.37405,0.38358,0.37832,0.31221,0.31090,0.31418,0.31747,0.31649,0.02771,0.02968,0.03133,0.02738,0.02442,-47.70696,1313.00000
0.38062,0.37536,0.38095,0.38786,0.38062,0.31484,0.31418,0.31484,0.31879,0.31353,0.02508,0.02968,0.02936,0.03100,0.02541,-47.70696,1314.00000
0.38457,0.38424,0.38852,0.38161,0.38424,0.31418,0.31451,0.31353,0.31155,0.31287,0.02442,0.02804,0.02738,0.02804,0.02837,-48.47131,1315.00000
0.38687,0.38852,0.38621,0.38983,0.38950,0.31682,0.31484,0.30958,0.31057,0.31451,0.02607,0.02607,0.02640,0.03199,0.02903,-48.47131,1316.00000
0.38358,0.38095,0.38293,0.38194,0.38950,0.31418,0.31254,0.31287,0.31550,0.30958,0.02705,0.02771,0.03100,0.02344,0.02640,-49.22176,1317.00000
0.38589,0.37997,0.38457,0.38654,0.38391,0.31155,0.31353,0.31451,0.31682,0.31155,0.03100,0.02508,0.02804,0.03166,0.03034,-49.22176,1318.00000
0.38523,0.37898,0.38753,0.38556,0.38260,0.31254,0.31484,0.31155,0.31747,0.31155,0.02936,0.02968,0.03001,0.02903,0.02376,-49.50070,1319.00000
0.38062,0.38391,0.38556,0.38358,0.38358,0.31287,0.31353,0.31287,0.31583,0.31320,0.02771,0.03001,0.02903,0.02870,0.02903,-49.50070,1320.00000
0.38128,0.38062,0.38720,0.38194,0.38095,0.31616,0.31945,0.31287,0.30958,0.31451,0.03133,0.02936,0.02574,0.02804,0.02903,-49.23582,1321.00000
0.37997,0.38753,0.38161,0.37668,0.37997,0.31024,0.31353,0.30728,0.30991,0.31813,0.03133,0.03199,0.02968,0.02804,0.02968,-49.23582,1322.00000
0.38589,0.38029,0.38194,0.38029,0.38950,0.31353,0.31715,0.31484,0.31484,0.31879,0.02936,0.03034,0.02771,0.02903,0.02804,-48.64907,1323.00000
0.38457,0.38095,0.38983,0.38325,0.38358,0.31418,0.31090,0.31484,0.31715,0.31780,0.02607,0.02771,0.02804,0.02804,0.02837,-48.64907,1324.00000
0.38325,0.38424,0.38523,0.37997,0.38325,0.31386,0.31715,0.31122,0.31484,0.31353,0.03034,0.03363,0.02936,0.02936,0.02771,-48.55088,1325.00000
0.38621,0.38358,0.39279,0.38358,0.38424,0.31188,0.31682,0.31616,0.30958,0.31254,0.03166,0.03265,0.03067,0.02936,0.02968,-48.55088,1326.00000
0.38358,0.38490,0.38358,0.38325,0.38029,0.31583,0.31155,0.31386,0.31287,0.31254,0.03297,0.03100,0.02705,0.02870,0.02804,-48.54727,1327.00000
0.38260,0.38457,0.38556,0.38194,0.38917,0.31221,0.30991,0.31583,0.30728,0.31122,0.03133,0.03034,0.02738,0.02936,0.03100,-48.54727,1328.00000
0.38852,0.38424,0.38293,0.38358,0.38556,0.31583,0.31353,0.31320,0.31320,0.31320,0.02738,0.03429,0.02409,0.02837,0.02936,-48.52370,1329.00000
0.38523,0.37898,0.38687,0.37931,0.38885,0.31254,0.31418,0.31287,0.31550,0.31583,0.03166,0.03133,0.03001,0.03001,0.03001,-48.52370,1330.00000
0.38720,0.38095,0.38589,0.37997,0.38720,0.30826,0.31451,0.31550,0.31550,0.31024,0.02870,0.03166,0.03034,0.02837,0.03133,-47.94646,1331.00000
0.38062,0.38687,0.38556,0.38161,0.38819,0.31122,0.31155,0.31386,0.31221,0.31057,0.03297,0.03297,0.03067,0.03166,0.03100,-47.94646,1332.00000
0.38457,0.38358,0.38260,0.38523,0.38293,0.31057,0.31287,0.31616,0.31254,0.31254,0.03166,0.03067,0.03100,0.03265,0.03232,-47.64627,1333.00000
0.38885,0.38391,0.38391,0.38424,0.38293,0.31353,0.31090,0.31320,0.31254,0.31287,0.03199,0.03133,0.03396,0.03232,0.03330,-47.64627,1334.00000
0.37898,0.38523,0.38556,0.37997,0.38194,0.31221,0.31024,0.31024,0.31090,0.31517,0.03528,0.03034,0.03166,0.02968,0.03034,-46.72349,1335.00000
0.38029,0.38358,0.38424,0.38819,0.38819,0.31057,0.31550,0.31221,0.31386,0.31945,0.03462,0.03265,0.02771,0.03133,0.03166,-46.72349,1336.00000
0.38391,0.38391,0.38457,0.38917,0.37799,0.31583,0.31451,0.31057,0.31221,0.31715,0.03067,0.03462,0.03166,0.03199,0.03067,-44.92504,1337.00000
0.38885,0.37997,0.38391,0.38358,0.38457,0.31386,0.31188,0.30859,0.30991,0.31254,0.02837,0.03067,0.03396,0.03067,0.03297,-44.92504,1338.00000
0.38358,0.38424,0.38885,0.38325,0.38917,0.31024,0.31122,0.30892,0.31451,0.30761,0.03561,0.03232,0.03429,0.03561,0.03429,-42.94156,1339.00000
0.38523,0.38260,0.38161,0.38654,0.38556,0.31418,0.31484,0.31254,0.31320,0.31188,0.03363,0.03495,0.03100,0.03133,0.03330,-42.94156,1340.00000
0.38161,0.37865,0.37898,0.38293,0.38029,0.31945,0.30925,0.31188,0.30826,0.31320,0.03199,0.03133,0.03330,0.03462,0.03429,-43.09874,1341.00000
0.38687,0.37766,0.38523,0.38293,0.38128,0.31451,0.31550,0.31780,0.30991,0.31386,0.03034,0.03396,0.03100,0.03001,0.03659,-43.09874,1342.00000
0.38293,0.38621,0.38293,0.38062,0.38621,0.31418,0.31418,0.31583,0.31155,0.31221,0.03297,0.03725,0.03330,0.03133,0.03297,-44.74649,1343.00000
0.38128,0.38293,0.38819,0.38062,0.38194,0.31550,0.31188,0.31287,0.31484,0.30892,0.03528,0.03265,0.03429,0.03232,0.03593,-44.74649,1344.00000
0.38227,0.38556,0.37635,0.38589,0.38161,0.31747,0.31418,0.31550,0.30794,0.31122,0.03396,0.03133,0.03692,0.03265,0.03429,-45.73757,1345.00000
0.38062,0.38095,0.38490,0.38260,0.37964,0.31090,0.31550,0.31451,0.31122,0.31451,0.03199,0.03462,0.03363,0.03265,0.03297,-45.73757,1346.00000
0.38720,0.38095,0.38128,0.37997,0.38391,0.31484,0.31451,0.30826,0.31221,0.31221,0.03429,0.03396,0.03462,0.03462,0.03133,-46.74497,1347.00000
0.37898,0.38523,0.37668,0.38556,0.37701,0.30662,0.31418,0.31024,0.31780,0.31320,0.03528,0.03199,0.03462,0.03330,0.03528,-46.74497,1348.00000
0.38325,0.38391,0.37799,0.38194,0.38490,0.31287,0.31122,0.31090,0.31221,0.31024,0.03199,0.03363,0.03265,0.03067,0.03561,-47.80231,1349.00000
0.37701,0.38227,0.38687,0.38720,0.38062,0.31451,0.31353,0.31254,0.31386,0.30859,0.03067,0.03265,0.03528,0.03363,0.03659,-47.80231,1350.00000
0.38391,0.38194,0.38128,0.38260,0.37997,0.31057,0.31517,0.31090,0.31057,0.31122,0.03232,0.03396,0.03528,0.03232,0.03034,-47.82035,1351.00000
0.37964,0.38029,0.38325,0.38358,0.38029,0.31122,0.31221,0.30826,0.31353,0.31320,0.03889,0.03133,0.03429,0.03495,0.03626,-47.82035,1352.00000
0.38194,0.38194,0.38852,0.38095,0.38621,0.31418,0.31386,0.31386,0.30925,0.31418,0.03330,0.03593,0.03692,0.03265,0.03166,-47.92028,1353.00000
0.38490,0.38490,0.37733,0.38786,0.37733,0.30958,0.31353,0.30761,0.31090,0.31287,0.03495,0.03067,0.03166,0.03462,0.03330,-47.92028,1354.00000
0.38260,0.38293,0.38161,0.38523,0.38391,0.31287,0.31451,0.31320,0.31386,0.30958,0.03659,0.03561,0.03561,0.03363,0.03330,-48.71606,1355.00000
0.38786,0.38490,0.38062,0.38556,0.38029,0.31024,0.30991,0.31353,0.31287,0.31451,0.03330,0.03692,0.03363,0.03495,0.03265,-48.71606,1356.00000
0.38885,0.38358,0.38358,0.39016,0.37733,0.31517,0.31517,0.31649,0.31320,0.31122,0.03626,0.03528,0.03429,0.03100,0.03232,-48.81363,1357.00000
0.37898,0.38325,0.37931,0.38227,0.37832,0.31254,0.31287,0.31945,0.31024,0.31715,0.03659,0.03133,0.03791,0.03528,0.03363,-48.81363,1358.00000
0.38687,0.38490,0.38358,0.38424,0.38457,0.31649,0.31583,0.31517,0.31090,0.31122,0.04021,0.03758,0.03758,0.03791,0.03922,-48.17556,1359.00000
0.38950,0.38358,0.38720,0.38095,0.39082,0.31221,0.31090,0.31517,0.31418,0.31090,0.04087,0.03758,0.03429,0.03265,0.03462,-48.17556,1360.00000
0.38490,0.38621,0.38095,0.38720,0.38950,0.31254,0.31418,0.30728,0.31155,0.31484,0.03922,0.03166,0.03528,0.03692,0.03429,-47.81691,1361.00000
0.38293,0.38293,0.38753,0.38490,0.38687,0.31254,0.31418,0.31155,0.31188,0.31386,0.03199,0.03725,0.03528,0.03889,0.03659,-47.81691,1362.00000
0.38358,0.38161,0.38852,0.38260,0.38687,0.31188,0.31616,0.31747,0.31715,0.31353,0.03659,0.03889,0.03659,0.03561,0.03133,-47.39389,1363.00000
0.38720,0.38885,0.38161,0.38095,0.38391,0.31254,0.31155,0.30991,0.31418,0.31221,0.03396,0.03593,0.03725,0.04054,0.03396,-47.39389,1364.00000
0.37997,0.38589,0.38062,0.38950,0.38457,0.31057,0.31024,0.31188,0.31517,0.31517,0.03593,0.03857,0.03528,0.03330,0.03593,-47.41787,1365.00000
0.37997,0.39477,0.38391,0.38161,0.38589,0.31320,0.31747,0.31978,0.31122,0.31155,0.03725,0.03791,0.04218,0.03659,0.03824,-47.41787,1366.00000
0.37733,0.38687,0.38589,0.38325,0.38457,0.31386,0.31024,0.31024,0.31484,0.31550,0.03692,0.03429,0.04021,0.03659,0.03692,-47.99700,1367.00000
0.38194,0.38391,0.38062,0.38687,0.38556,0.31057,0.31682,0.31320,0.31122,0.31320,0.03692,0.03824,0.03462,0.03692,0.03659,-47.99700,1368.00000
0.38358,0.38621,0.38358,0.38819,0.38490,0.31024,0.31057,0.30958,0.31057,0.31155,0.03330,0.03396,0.03692,0.03495,0.03528,-48.09012,1369.00000
0.38424,0.38358,0.38194,0.38753,0.38391,0.31484,0.31484,0.31484,0.31583,0.31057,0.03495,0.03528,0.03725,0.03758,0.03758,-48.09012,1370.00000
0.38490,0.38391,0.38753,0.38325,0.38687,0.31287,0.31418,0.31451,0.31418,0.31090,0.03659,0.03593,0.03955,0.03265,0.03857,-48.57213,1371.00000
0.38161,0.38457,0.38885,0.37799,0.38424,0.30958,0.31418,0.31155,0.32208,0.31682,0.04153,0.03889,0.03659,0.03528,0.03692,-48.57213,1372.00000
0.37898,0.38128,0.38720,0.38424,0.38029,0.31287,0.31188,0.31188,0.31155,0.31386,0.03791,0.03725,0.03659,0.03593,0.04054,-48.91462,1373.00000
0.38819,0.38227,0.37766,0.38786,0.38490,0.31090,0.31254,0.31682,0.31155,0.31517,0.03330,0.03922,0.04185,0.03824,0.03692,-48.91462,1374.00000
0.38621,0.38062,0.38654,0.38161,0.38589,0.31418,0.31813,0.31221,0.31484,0.31287,0.03857,0.03955,0.03791,0.03692,0.03561,-48.76209,1375.00000
0.38885,0.38687,0.38194,0.38424,0.37997,0.31287,0.31024,0.31122,0.31122,0.31221,0.03955,0.03988,0.03363,0.03889,0.03659,-48.76209,1376.00000
0.38917,0.38819,0.38687,0.38621,0.38556,0.31287,0.31122,0.31090,0.31287,0.31550,0.03561,0.04054,0.04153,0.03692,0.03692,-48.58065,1377.00000
0.38753,0.38062,0.38720,0.38227,0.38490,0.31386,0.31484,0.30925,0.31221,0.31353,0.03791,0.04021,0.03462,0.03758,0.03955,-48.58065,1378.00000
0.37865,0.38654,0.38325,0.38358,0.38358,0.31287,0.31484,0.31320,0.31155,0.30826,0.03857,0.03857,0.04317,0.03988,0.03758,-48.23671,1379.00000
0.38391,0.37964,0.38720,0.37931,0.38457,0.31122,0.31353,0.31451,0.31287,0.31155,0.03955,0.03758,0.03725,0.03988,0.04054,-48.23671,1380.00000
0.38852,0.37898,0.38720,0.38095,0.38687,0.31550,0.31550,0.31155,0.31550,0.31616,0.03758,0.03659,0.04218,0.03725,0.03659,-48.24342,1381.00000
0.37997,0.38720,0.38457,0.38325,0.38490,0.31517,0.30794,0.31747,0.30925,0.31254,0.04054,0.04185,0.03791,0.03889,0.03922,-48.24342,1382.00000
0.38260,0.37997,0.38720,0.38490,0.38589,0.31386,0.31353,0.31353,0.31484,0.30958,0.03857,0.04054,0.03988,0.03922,0.04120,-48.20069,1383.00000
0.38523,0.38391,0.37997,0.38852,0.37898,0.31122,0.31122,0.31090,0.31386,0.31682,0.03659,0.04317,0.03626,0.04087,0.03955,-48.20069,1384.00000
0.38424,0.38391,0.37997,0.38358,0.38194,0.31418,0.31517,0.31188,0.31287,0.31386,0.03857,0.04021,0.04185,0.04021,0.04087,-48.11524,1385.00000
0.37832,0.37240,0.38227,0.38029,0.38358,0.31122,0.31583,0.31155,0.31320,0.31517,0.04087,0.04021,0.03857,0.03725,0.03955,-48.11524,1386.00000
0.38457,0.37832,0.38260,0.38227,0.38654,0.31090,0.31484,0.31583,0.31386,0.31616,0.04054,0.04021,0.04021,0.04218,0.03889,-48.34798,1387.00000
0.38654,0.38852,0.38128,0.38029,0.38457,0.31090,0.31649,0.31418,0.31024,0.30958,0.03922,0.04514,0.03955,0.04054,0.04120,-48.34798,1388.00000
0.38753,0.38687,0.38161,0.38490,0.38819,0.31616,0.31254,0.31090,0.31320,0.31188,0.03824,0.04153,0.03857,0.03889,0.03626,-48.14670,1389.00000
0.37964,0.38654,0.38852,0.38852,0.38917,0.31057,0.31320,0.31122,0.31747,0.31287,0.03725,0.03692,0.04284,0.03922,0.04021,-48.14670,1390.00000
0.38720,0.38687,0.38391,0.37997,0.38293,0.31353,0.31682,0.31188,0.31517,0.31024,0.04185,0.03725,0.04120,0.04153,0.03988,-48.15737,1391.00000
0.38260,0.38786,0.37733,0.38687,0.38029,0.31024,0.31484,0.31353,0.31090,0.31320,0.04251,0.03725,0.04021,0.04185,0.04120,-48.15737,1392.00000
0.38128,0.38654,0.38128,0.38885,0.38325,0.31418,0.31353,0.31122,0.31484,0.31122,0.04185,0.04153,0.03791,0.04284,0.03857,-47.92360,1393.00000
0.37997,0.39016,0.38720,0.38062,0.38227,0.31484,0.31024,0.31649,0.30991,0.31484,0.04251,0.04021,0.04120,0.04087,0.04185,-47.92360,1394.00000
0.38621,0.38095,0.38523,0.38819,0.38062,0.31978,0.31550,0.31386,0.31090,0.31254,0.04087,0.03725,0.04021,0.04087,0.03955,-48.03305,1395.00000
0.37997,0.38490,0.38095,0.38753,0.37766,0.31550,0.31747,0.31715,0.31550,0.31155,0.03791,0.04120,0.03955,0.03955,0.03791,-48.03305,1396.00000
0.38589,0.38687,0.38325,0.38687,0.38687,0.30892,0.31155,0.31550,0.31386,0.31122,0.04120,0.03922,0.04350,0.03758,0.04547,-48.10765,1397.00000
0.38589,0.38556,0.38490,0.38621,0.38720,0.31188,0.31188,0.31484,0.31155,0.31090,0.04087,0.04218,0.04087,0.04350,0.04120,-48.10765,1398.00000
0.38654,0.38358,0.38029,0.38227,0.37964,0.31353,0.31024,0.31649,0.31221,0.31715,0.04087,0.03857,0.04021,0.04021,0.04416,-48.11831,1399.00000
0.38523,0.38029,0.38325,0.38358,0.38523,0.31188,0.31221,0.31747,0.31155,0.31386,0.03758,0.04218,0.04251,0.04317,0.03824,-48.11831,1400.00000
0.38589,0.38095,0.38819,0.38687,0.38589,0.31945,0.31583,0.31418,0.31090,0.31221,0.03922,0.04087,0.04317,0.04284,0.03791,-47.48740,1401.00000
0.38293,0.38819,0.37898,0.38654,0.38424,0.31320,0.31090,0.30958,0.31320,0.32142,0.03955,0.03725,0.03955,0.04251,0.04218,-47.48740,1402.00000
0.38490,0.38490,0.37931,0.37799,0.38293,0.31221,0.31320,0.31353,0.31550,0.31517,0.04317,0.04087,0.04153,0.04120,0.03889,-46.19440,1403.00000
0.38852,0.38029,0.38325,0.37865,0.38391,0.30859,0.31320,0.30958,0.31715,0.31024,0.04580,0.04087,0.04120,0.04185,0.04284,-46.19440,1404.00000
0.38161,0.38852,0.38589,0.38523,0.38095,0.31517,0.31320,0.31418,0.31550,0.31254,0.04087,0.03988,0.03922,0.04153,0.04449,-45.85649,1405.00000
0.39181,0.38621,0.38391,0.39082,0.38293,0.31715,0.31912,0.31649,0.30991,0.31287,0.03988,0.04054,0.04317,0.04712,0.04251,-45.85649,1406.00000
0.38556,0.38260,0.38720,0.38950,0.38720,0.31418,0.31254,0.31287,0.30958,0.31254,0.04449,0.04120,0.04547,0.04251,0.04087,-43.39651,1407.00000
0.37964,0.38556,0.38424,0.38358,0.38687,0.31353,0.31188,0.31813,0.31517,0.31320,0.03824,0.03955,0.04251,0.04383,0.04317,-43.39651,1408.00000
0.38556,0.38917,0.38062,0.38786,0.39148,0.31090,0.31122,0.31320,0.31418,0.31418,0.04087,0.04481,0.04120,0.04449,0.04021,-43.86916,1409.00000
0.38490,0.38786,0.38260,0.38490,0.38029,0.31024,0.31024,0.32109,0.31550,0.31451,0.04185,0.04317,0.04185,0.04120,0.04580,-43.86916,1410.00000
0.38062,0.38457,0.38753,0.37997,0.38523,0.31418,0.31682,0.31616,0.31451,0.31715,0.04514,0.04514,0.04350,0.04054,0.03758,-45.51889,1411.00000
0.38589,0.38194,0.39148,0.37766,0.38654,0.31188,0.31090,0.31583,0.31780,0.31418,0.04021,0.04087,0.03988,0.04021,0.04383,-45.51889,1412.00000
0.38753,0.38654,0.38424,0.38720,0.38293,0.31057,0.31155,0.31320,0.31418,0.31155,0.04054,0.03955,0.04350,0.03988,0.04218,-46.28180,1413.00000
0.38325,0.38523,0.38260,0.38391,0.38391,0.31418,0.31550,0.31320,0.31122,0.31649,0.04350,0.04218,0.04383,0.04350,0.04284,-46.28180,1414.00000
0.39378,0.38260,0.38095,0.38885,0.38654,0.31090,0.30958,0.31221,0.31188,0.31583,0.04317,0.04087,0.04021,0.04153,0.04284,-46.55115,1415.00000
0.38950,0.38490,0.38457,0.38654,0.37898,0.30859,0.31649,0.31386,0.31747,0.31517,0.03922,0.04416,0.03988,0.04218,0.04383,-46.55115,1416.00000
0.37766,0.38523,0.38490,0.38687,0.38293,0.31122,0.31813,0.31616,0.30991,0.31418,0.04416,0.04284,0.04481,0.03955,0.04218,-46.91138,1417.00000
0.38523,0.38490,0.38720,0.38161,0.38917,0.31188,0.31122,0.31188,0.31254,0.31451,0.04416,0.04547,0.04383,0.04679,0.03922,-46.91138,1418.00000
0.38194,0.38424,0.38391,0.38325,0.38589,0.31221,0.31418,0.31616,0.31221,0.31155,0.04481,0.04054,0.04185,0.03889,0.04646,-47.45752,1419.00000
0.38621,0.38391,0.38227,0.38885,0.38753,0.30991,0.31057,0.30892,0.31616,0.31353,0.04218,0.04284,0.04416,0.04021,0.04317,-47.45752,1420.00000
0.38293,0.38161,0.38753,0.37701,0.38621,0.30728,0.31945,0.31353,0.31780,0.31188,0.03955,0.04416,0.04317,0.04481,0.04350,-47.12175,1421.00000
0.38490,0.38786,0.37733,0.39181,0.38095,0.31188,0.31583,0.31550,0.31484,0.31550,0.04317,0.04843,0.04317,0.04580,0.04185,-47.12175,1422.00000
0.39016,0.38325,0.38589,0.38358,0.39115,0.31221,0.31813,0.31418,0.31386,0.30925,0.04120,0.04481,0.04284,0.04481,0.04514,-47.57661,1423.00000
0.38720,0.38589,0.38062,0.38885,0.38654,0.31024,0.31451,0.31484,0.31057,0.31353,0.04679,0.04185,0.04317,0.04317,0.04185,-47.57661,1424.00000
0.38161,0.38325,0.38293,0.38621,0.38062,0.30826,0.31386,0.31057,0.31155,0.31517,0.04350,0.04251,0.04679,0.04383,0.04383,-47.36390,1425.00000
0.38325,0.38424,0.38391,0.38950,0.38227,0.31517,0.31451,0.31484,0.31386,0.31451,0.04580,0.04416,0.04613,0.04481,0.04514,-47.36390,1426.00000
0.39115,0.38457,0.38161,0.38490,0.38161,0.31090,0.31846,0.31353,0.31155,0.31122,0.04251,0.04218,0.04679,0.04613,0.04218,-47.12932,1427.00000
0.37733,0.38687,0.38424,0.38457,0.38786,0.31747,0.31780,0.31254,0.31517,0.31616,0.04185,0.04350,0.04120,0.04777,0.04481,-47.12932,1428.00000
0.37931,0.38885,0.38654,0.38391,0.38095,0.31616,0.31386,0.31451,0.30728,0.31287,0.04284,0.04218,0.04547,0.04679,0.04185,-47.41889,1429.00000
0.39115,0.38227,0.38621,0.38983,0.38194,0.31287,0.31418,0.31024,0.31188,0.31287,0.04613,0.04317,0.04317,0.04514,0.04514,-47.41889,1430.00000
0.38358,0.38720,0.37931,0.38062,0.39213,0.31254,0.30892,0.31287,0.31386,0.31451,0.04251,0.04416,0.04284,0.04350,0.04317,-47.72425,1431.00000
0.38391,0.39049,0.38589,0.38885,0.38523,0.31484,0.31682,0.31353,0.30826,0.31386,0.04383,0.04514,0.04613,0.04284,0.04284,-47.72425,1432.00000
0.38358,0.38062,0.38424,0.38885,0.38260,0.30958,0.31780,0.31616,0.31188,0.31517,0.04547,0.04317,0.04317,0.04580,0.04646,-47.86597,1433.00000
0.38687,0.38621,0.38194,0.38556,0.38490,0.31155,0.31287,0.31747,0.31649,0.31550,0.04317,0.04284,0.04712,0.04514,0.04317,-47.86597,1434.00000
0.38358,0.38885,0.38227,0.38194,0.38786,0.31616,0.31484,0.31386,0.31090,0.31386,0.04942,0.04383,0.04416,0.04514,0.04054,-47.77002,1435.00000
0.38523,0.38687,0.38523,0.38260,0.38029,0.31221,0.31353,0.30991,0.31517,0.31122,0.04909,0.04317,0.04449,0.04383,0.04547,-47.77002,1436.00000
0.38786,0.38358,0.38293,0.38786,0.38457,0.31550,0.31484,0.31254,0.31287,0.31090,0.04843,0.04745,0.04547,0.04416,0.04317,-47.97624,1437.00000
0.38490,0.37898,0.38260,0.37701,0.38194,0.31682,0.31780,0.30925,0.31550,0.31057,0.04350,0.04843,0.04383,0.04449,0.04416,-47.97624,1438.00000
0.37799,0.38753,0.38819,0.38227,0.39279,0.30695,0.30925,0.31418,0.31583,0.31386,0.04580,0.05008,0.03955,0.04613,0.04185,-48.58247,1439.00000
0.38194,0.38523,0.38391,0.38062,0.38194,0.30925,0.31353,0.31484,0.31682,0.31747,0.04153,0.04777,0.04679,0.04185,0.04679,-48.58247,1440.00000
0.38720,0.38260,0.38424,0.38062,0.38457,0.31846,0.31418,0.30958,0.31484,0.31649,0.04350,0.04514,0.04416,0.04449,0.04646,-49.06963,1441.00000
0.38424,0.38786,0.38556,0.38062,0.38391,0.31682,0.31484,0.31287,0.31320,0.31287,0.04317,0.04613,0.04777,0.03857,0.04646,-49.06963,1442.00000
0.38687,0.38194,0.38293,0.39279,0.38391,0.31320,0.31616,0.31320,0.31057,0.31221,0.04481,0.04350,0.04449,0.04679,0.04745,-49.20885,1443.00000
0.38391,0.38391,0.38260,0.38424,0.38293,0.31287,0.31418,0.31221,0.30958,0.31616,0.04580,0.04449,0.04712,0.04317,0.04580,-49.20885,1444.00000
0.38457,0.38095,0.38227,0.38029,0.38194,0.30826,0.31616,0.31583,0.30794,0.31550,0.04317,0.04481,0.04350,0.04350,0.04481,-48.92732,1445.00000
0.38194,0.39016,0.37964,0.38227,0.39082,0.30826,0.31122,0.31386,0.31418,0.31386,0.04153,0.04580,0.04547,0.04449,0.04514,-48.92732,1446.00000
0.38260,0.38950,0.38128,0.38556,0.38194,0.31747,0.31386,0.31386,0.31221,0.31879,0.04383,0.04810,0.04350,0.04580,0.04416,-48.64360,1447.00000
0.38457,0.38720,0.38391,0.38358,0.38490,0.31221,0.31221,0.31517,0.30958,0.31057,0.04251,0.04284,0.04613,0.04185,0.04514,-48.64360,1448.00000
0.38095,0.38161,0.38358,0.38062,0.37898,0.31254,0.31287,0.31122,0.31188,0.30892,0.04942,0.04712,0.04712,0.04350,0.04449,-48.45446,1449.00000
0.38358,0.38589,0.37701,0.38161,0.38260,0.31254,0.30991,0.30991,0.31287,0.30958,0.04383,0.04481,0.04712,0.04580,0.04613,-48.45446,1450.00000
0.37766,0.38523,0.38358,0.38424,0.38062,0.30826,0.31517,0.31353,0.31024,0.31418,0.04449,0.04613,0.04350,0.04416,0.05041,-48.68806,1451.00000
0.37931,0.38391,0.38029,0.38161,0.38128,0.31221,0.31287,0.31287,0.31550,0.31715,0.04284,0.04481,0.04514,0.04613,0.04679,-48.68806,1452.00000
0.38523,0.38161,0.38095,0.38490,0.37865,0.31024,0.31188,0.31451,0.31550,0.31024,0.04580,0.04712,0.04745,0.04185,0.04481,-48.62733,1453.00000
0.38457,0.38391,0.38786,0.38161,0.38457,0.31386,0.31418,0.31451,0.31188,0.31320,0.04712,0.04777,0.04054,0.04514,0.04613,-48.62733,1454.00000
0.38194,0.38424,0.38227,0.38358,0.37997,0.31287,0.31122,0.30794,0.31090,0.31221,0.04777,0.04481,0.04679,0.04514,0.04416,-48.12623,1455.00000
0.38128,0.38194,0.38029,0.38556,0.38062,0.31353,0.31418,0.31353,0.31780,0.31320,0.04416,0.04646,0.04942,0.04745,0.04646,-48.12623,1456.00000
0.38819,0.38095,0.37964,0.38654,0.37964,0.31682,0.31320,0.31155,0.30958,0.31484,0.04449,0.04547,0.04810,0.04942,0.04416,-47.97445,1457.00000
0.38589,0.38654,0.38358,0.37569,0.38950,0.31386,0.31254,0.31221,0.31155,0.31090,0.04580,0.04679,0.04514,0.04679,0.04975,-47.97445,1458.00000
0.38227,0.38621,0.38062,0.38950,0.38753,0.31451,0.31287,0.31649,0.31418,0.31090,0.04646,0.04810,0.04514,0.04350,0.04646,-47.81793,1459.00000
0.38556,0.38293,0.37766,0.38523,0.38852,0.31320,0.31090,0.31221,0.31583,0.31057,0.04942,0.04547,0.05008,0.04909,0.04679,-47.81793,1460.00000
0.38490,0.37964,0.37701,0.38293,0.38227,0.31418,0.31583,0.31912,0.31715,0.31221,0.04251,0.04777,0.04810,0.04580,0.04975,-47.48572,1461.00000
0.38391,0.37931,0.39115,0.38621,0.38391,0.31451,0.31155,0.31254,0.31517,0.30958,0.04547,0.04547,0.04745,0.04810,0.04810,-47.48572,1462.00000
0.38687,0.38490,0.38917,0.38128,0.38490,0.30991,0.31254,0.31287,0.31550,0.31090,0.04547,0.04777,0.04481,0.04909,0.04810,-47.52303,1463.00000
0.38391,0.38621,0.38128,0.38621,0.38293,0.31418,0.31386,0.31418,0.31386,0.31517,0.04613,0.04251,0.04909,0.04909,0.04547,-47.52303,1464.00000
0.39049,0.38128,0.37503,0.38490,0.38293,0.31550,0.31221,0.31122,0.31122,0.31155,0.04745,0.04481,0.04876,0.05041,0.04449,-48.39426,1465.00000
0.38457,0.38062,0.38161,0.38227,0.38621,0.31320,0.31550,0.31353,0.31155,0.31287,0.04514,0.04843,0.04218,0.04580,0.04810,-48.39426,1466.00000
0.38786,0.37931,0.38885,0.38720,0.38161,0.30958,0.31451,0.31649,0.31649,0.31287,0.04580,0.04416,0.04481,0.04679,0.04580,-48.56492,1467.00000
0.39016,0.38556,0.38753,0.38128,0.38391,0.31879,0.31550,0.31155,0.31583,0.31353,0.04679,0.04876,0.04646,0.04481,0.04646,-48.56492,1468.00000
0.38293,0.38424,0.38556,0.38523,0.37865,0.31484,0.31320,0.31484,0.31945,0.31747,0.04481,0.04514,0.04646,0.04810,0.05041,-48.76496,1469.00000
0.38786,0.38424,0.38161,0.38424,0.38523,0.31418,0.31090,0.31418,0.31221,0.31418,0.04810,0.04416,0.04218,0.04975,0.04843,-48.76496,1470.00000
0.39016,0.38391,0.38621,0.38194,0.38687,0.31122,0.30991,0.31484,0.31780,0.31682,0.04777,0.05172,0.04679,0.04613,0.04975,-49.77885,1471.00000
0.38424,0.38720,0.38260,0.38391,0.38095,0.31418,0.31386,0.31188,0.31418,0.31287,0.04843,0.04843,0.04481,0.04975,0.04810,-49.77885,1472.00000
0.38391,0.38753,0.38424,0.38029,0.38128,0.31353,0.31287,0.31188,0.31287,0.31780,0.04777,0.04613,0.05304,0.04646,0.05073,-49.47171,1473.00000
0.38786,0.38457,0.38095,0.38720,0.37865,0.31649,0.31682,0.31418,0.31090,0.31122,0.04745,0.04975,0.04613,0.04679,0.04481,-49.47171,1474.00000
0.38457,0.39049,0.38424,0.38457,0.38687,0.31188,0.31155,0.30859,0.30958,0.31649,0.04975,0.04646,0.04843,0.04481,0.04810,-49.53713,1475.00000
0.38325,0.38654,0.38852,0.39279,0.38293,0.31747,0.31978,0.31057,0.31320,0.31517,0.05008,0.04350,0.05041,0.04679,0.04613,-49.53713,1476.00000
0.38490,0.38293,0.37964,0.38490,0.38556,0.31155,0.31747,0.30958,0.31320,0.31451,0.04843,0.04481,0.04679,0.05073,0.04481,-49.43426,1477.00000
0.39082,0.37931,0.38621,0.38391,0.38490,0.31221,0.31418,0.31484,0.31550,0.31715,0.04679,0.04909,0.05008,0.04712,0.05205,-49.43426,1478.00000
0.37898,0.38358,0.38556,0.38424,0.38424,0.31386,0.31254,0.30958,0.31024,0.31155,0.04481,0.04350,0.04876,0.04975,0.04712,-49.29081,1479.00000
0.38753,0.38128,0.39016,0.38621,0.37931,0.31353,0.31484,0.31517,0.31353,0.31846,0.04745,0.04942,0.04449,0.04942,0.04975,-49.29081,1480.00000
0.38556,0.38786,0.38424,0.38095,0.38029,0.31517,0.31813,0.31287,0.31221,0.31122,0.04975,0.05205,0.04843,0.04580,0.04777,-48.99010,1481.00000
0.38457,0.38687,0.38687,0.38161,0.38391,0.31517,0.31616,0.31616,0.31451,0.31320,0.05106,0.04547,0.04876,0.04547,0.04843,-48.99010,1482.00000
0.38687,0.39082,0.37964,0.38786,0.38293,0.31550,0.31353,0.31682,0.31517,0.31813,0.05041,0.04975,0.05073,0.04810,0.04810,-48.65779,1483.00000
0.38556,0.38358,0.38687,0.39148,0.38293,0.31813,0.31386,0.31418,0.31320,0.31320,0.04810,0.04942,0.04843,0.04514,0.04547,-48.65779,1484.00000
0.38523,0.38654,0.38753,0.38589,0.38095,0.31188,0.31649,0.31221,0.31517,0.31418,0.04909,0.04876,0.05041,0.04876,0.04777,-48.77641,1485.00000
0.39082,0.38128,0.38128,0.38556,0.38654,0.31813,0.31517,0.31813,0.31484,0.31188,0.04679,0.05106,0.04613,0.04679,0.04481,-48.77641,1486.00000
0.38457,0.38917,0.37997,0.38161,0.38391,0.31484,0.31616,0.31057,0.31649,0.30925,0.05172,0.04745,0.04909,0.04975,0.04712,-47.93590,1487.00000
0.38161,0.38786,0.38523,0.38654,0.38523,0.31550,0.31715,0.30958,0.31418,0.31386,0.04909,0.05106,0.04481,0.04679,0.04745,-47.93590,1488.00000
0.38029,0.38457,0.38358,0.38293,0.38260,0.31188,0.31320,0.31682,0.31155,0.31517,0.04580,0.04843,0.04777,0.04876,0.04712,-47.63272,1489.00000
0.37799,0.39181,0.38325,0.38983,0.38621,0.31122,0.31254,0.31090,0.31813,0.31254,0.04876,0.05106,0.04745,0.04942,0.05073,-47.63272,1490.00000
0.38391,0.38556,0.38720,0.38556,0.38260,0.31550,0.31353,0.31024,0.31583,0.31188,0.04876,0.04712,0.04810,0.04942,0.04909,-47.68126,1491.00000
0.38687,0.38523,0.38621,0.38194,0.38490,0.31155,0.31287,0.31188,0.31320,0.31353,0.04876,0.05271,0.04909,0.04613,0.05041,-47.68126,1492.00000
0.38227,0.38161,0.38556,0.38457,0.38457,0.31583,0.31747,0.31451,0.31287,0.31484,0.05073,0.04745,0.04777,0.04843,0.05139,-47.35879,1493.00000
0.38227,0.38358,0.38128,0.38852,0.38852,0.31122,0.31386,0.31616,0.31287,0.31155,0.04909,0.04876,0.05271,0.05139,0.04843,-47.35879,1494.00000
0.38753,0.38556,0.38490,0.38391,0.38260,0.31616,0.31649,0.31715,0.31024,0.31221,0.04876,0.05337,0.05106,0.04975,0.04777,-47.58002,1495.00000
0.38325,0.38687,0.38260,0.39115,0.38621,0.31715,0.31386,0.31451,0.31122,0.31583,0.05008,0.04876,0.04942,0.05139,0.05106,-47.58002,1496.00000
0.38490,0.38819,0.38095,0.38523,0.38391,0.31879,0.31517,0.31879,0.31517,0.31353,0.04942,0.04909,0.05041,0.05271,0.05172,-47.56636,1497.00000
0.38391,0.38325,0.38786,0.38128,0.38654,0.31254,0.31320,0.32043,0.31780,0.31155,0.05172,0.04975,0.04876,0.04777,0.05106,-47.56636,1498.00000
0.38457,0.38687,0.38457,0.38621,0.38885,0.31550,0.31517,0.30958,0.31616,0.32011,0.04843,0.05271,0.04810,0.04942,0.05172,-48.09112,1499.00000
0.38424,0.38687,0.38391,0.38523,0.38523,0.31978,0.31451,0.31155,0.31912,0.31353,0.05073,0.04777,0.05139,0.05238,0.04975,-48.09112,1500.00000
0.38523,0.39444,0.38720,0.38523,0.38885,0.31122,0.31451,0.31451,0.31912,0.31649,0.05139,0.04745,0.04646,0.05041,0.05139,-48.16426,1501.00000
0.38029,0.38950,0.38621,0.38654,0.38753,0.31221,0.31682,0.31616,0.31090,0.31451,0.05205,0.05008,0.05008,0.04876,0.04613,-48.16426,1502.00000
0.38852,0.38424,0.39181,0.39016,0.38062,0.31090,0.31747,0.31550,0.31320,0.31287,0.04909,0.05041,0.04876,0.05041,0.04679,-48.10397,1503.00000
0.38556,0.38556,0.39082,0.38523,0.37898,0.31451,0.31682,0.31057,0.31155,0.31320,0.04909,0.04876,0.05073,0.04843,0.04975,-48.10397,1504.00000
0.38983,0.38885,0.39082,0.38293,0.38621,0.31254,0.30892,0.31320,0.31747,0.31254,0.04909,0.05238,0.05402,0.04810,0.04942,-48.40721,1505.00000
0.38523,0.38786,0.38523,0.38720,0.38128,0.31353,0.31221,0.31386,0.31155,0.31451,0.05073,0.04745,0.05073,0.05073,0.04876,-48.40721,1506.00000
0.38523,0.38457,0.38687,0.38753,0.38589,0.31780,0.31287,0.31353,0.31057,0.31484,0.04646,0.05435,0.04810,0.05041,0.05008,-48.73469,1507.00000
0.38424,0.39016,0.38885,0.38424,0.38654,0.31353,0.31550,0.31090,0.31451,0.31682,0.04810,0.04843,0.05205,0.04975,0.04712,-48.73469,1508.00000
0.38227,0.38293,0.38227,0.38687,0.38556,0.31254,0.31287,0.30794,0.31484,0.31418,0.04712,0.05041,0.04975,0.05172,0.05008,-48.60144,1509.00000
0.38391,0.38852,0.39115,0.37964,0.38950,0.31715,0.31221,0.30958,0.31813,0.31418,0.05008,0.05106,0.05304,0.05073,0.05205,-48.60144,1510.00000
0.38457,0.37931,0.38589,0.38424,0.38917,0.31287,0.30892,0.31418,0.31287,0.31550,0.04745,0.04942,0.05139,0.05172,0.04745,-48.84139,1511.00000
0.38161,0.38720,0.38194,0.38523,0.39345,0.31649,0.31024,0.31353,0.31583,0.31418,0.05271,0.04843,0.05271,0.05041,0.04975,-48.84139,1512.00000
0.38753,0.38194,0.38095,0.38523,0.38753,0.31517,0.31550,0.31418,0.31320,0.31813,0.05238,0.05008,0.05172,0.04745,0.05041,-48.60422,1513.00000
0.38490,0.37799,0.39148,0.38917,0.38917,0.31254,0.31353,0.31320,0.31353,0.31682,0.05073,0.05238,0.04975,0.04777,0.05172,-48.60422,1514.00000
0.38029,0.38490,0.38885,0.38490,0.37733,0.31221,0.31353,0.31451,0.31550,0.31583,0.05172,0.04876,0.04876,0.04975,0.05106,-49.11668,1515.00000
0.38523,0.38885,0.37898,0.38424,0.38358,0.31122,0.31682,0.31945,0.31550,0.31813,0.04745,0.04909,0.04909,0.04843,0.04975,-49.11668,1516.00000
0.38161,0.38325,0.38424,0.38786,0.38917,0.31024,0.31221,0.31451,0.31517,0.31155,0.05271,0.04942,0.05172,0.05008,0.05271,-48.83658,1517.00000
0.38950,0.38128,0.38852,0.38293,0.38424,0.31122,0.31780,0.31813,0.31583,0.31353,0.04942,0.04745,0.04777,0.04975,0.05600,-48.83658,1518.00000
0.38029,0.38819,0.38885,0.38424,0.38950,0.31846,0.31122,0.31122,0.31879,0.31024,0.05139,0.05041,0.05041,0.04777,0.05139,-48.71494,1519.00000
0.38095,0.38523,0.38950,0.38227,0.38621,0.31024,0.31353,0.31122,0.31254,0.30958,0.04777,0.05073,0.04843,0.04942,0.05073,-48.71494,1520.00000
0.38358,0.38358,0.38391,0.38720,0.38819,0.31122,0.30794,0.30596,0.31320,0.31353,0.04975,0.04843,0.04942,0.05139,0.05106,-48.25300,1521.00000
0.38391,0.39049,0.38424,0.38095,0.37898,0.31155,0.31221,0.31353,0.30958,0.31616,0.05139,0.04777,0.05008,0.05271,0.05567,-48.25300,1522.00000
0.37997,0.38556,0.38424,0.38556,0.38391,0.31024,0.30761,0.31353,0.31879,0.30991,0.05402,0.05304,0.05205,0.04909,0.05205,-47.63904,1523.00000
0.37931,0.37898,0.38720,0.38062,0.38654,0.31517,0.31846,0.30728,0.31649,0.31418,0.05041,0.05008,0.05008,0.05073,0.04909,-47.63904,1524.00000
0.38589,0.39148,0.37470,0.38687,0.37569,0.31715,0.31616,0.31550,0.31386,0.30892,0.05041,0.05205,0.05172,0.05205,0.04909,-47.56665,1525.00000
0.38950,0.39049,0.38194,0.38029,0.38950,0.31188,0.30958,0.31386,0.31090,0.31057,0.05238,0.05041,0.05337,0.04909,0.04843,-47.56665,1526.00000
0.38457,0.38621,0.38621,0.38490,0.38950,0.30925,0.31649,0.31484,0.31418,0.31484,0.04942,0.05073,0.05008,0.05073,0.05008,-47.60140,1527.00000
0.38917,0.38687,0.38687,0.38885,0.38424,0.31155,0.31122,0.31517,0.31682,0.31122,0.05041,0.05271,0.05402,0.05205,0.05106,-47.60140,1528.00000
0.38457,0.38589,0.38589,0.37832,0.37931,0.31747,0.31517,0.31320,0.31090,0.31386,0.04481,0.04909,0.05435,0.05139,0.05139,-47.56923,1529.00000
0.38621,0.38885,0.38260,0.37964,0.38687,0.31221,0.31780,0.30925,0.31122,0.31155,0.04909,0.04975,0.05435,0.04975,0.04712,-47.56923,1530.00000
0.38556,0.38457,0.37964,0.38260,0.38687,0.31616,0.31418,0.31254,0.31484,0.31090,0.05139,0.04810,0.05041,0.05041,0.05073,-47.83912,1531.00000
0.38325,0.38983,0.38194,0.38852,0.38391,0.31484,0.31155,0.31418,0.31057,0.31122,0.05205,0.04975,0.05304,0.04975,0.05008,-47.83912,1532.00000
0.38753,0.38194,0.38260,0.39246,0.38687,0.31353,0.31122,0.31517,0.31122,0.31682,0.04843,0.05139,0.05106,0.04975,0.05073,-48.28760,1533.00000
0.38161,0.37931,0.38490,0.38687,0.37964,0.31386,0.31484,0.31221,0.31254,0.31451,0.05600,0.05304,0.04876,0.05304,0.05008,-48.28760,1534.00000
0.38095,0.38424,0.38457,0.39115,0.38457,0.31583,0.31583,0.31024,0.31221,0.31780,0.04843,0.05172,0.05238,0.05304,0.05106,-49.41342,1535.00000
0.38654,0.37437,0.38621,0.38424,0.38260,0.31090,0.31155,0.31616,0.31353,0.31254,0.05106,0.05468,0.05501,0.04942,0.05008,-49.41342,1536.00000
0.38457,0.38293,0.38128,0.38753,0.37964,0.31649,0.31550,0.31254,0.31287,0.31155,0.05402,0.04712,0.04876,0.05073,0.05205,-49.48687,1537.00000
0.38457,0.38852,0.38720,0.37997,0.38260,0.31386,0.31451,0.31517,0.31386,0.30958,0.04975,0.04975,0.05600,0.05238,0.04843,-49.48687,1538.00000
0.38128,0.38457,0.38391,0.38358,0.38523,0.31682,0.31418,0.31353,0.31451,0.30826,0.04876,0.04975,0.05073,0.05304,0.05106,-49.48539,1539.00000
0.38556,0.38062,0.38654,0.38852,0.38490,0.31517,0.30794,0.31418,0.31122,0.31517,0.04975,0.05271,0.05172,0.05073,0.05205,-49.48539,1540.00000
0.38687,0.38293,0.38062,0.38325,0.38490,0.31155,0.31353,0.31550,0.31550,0.31550,0.05008,0.05337,0.05238,0.05106,0.04745,-49.55764,1541.00000
0.38753,0.38490,0.38062,0.38654,0.38720,0.31090,0.31484,0.32011,0.31386,0.31484,0.05205,0.04942,0.05008,0.05271,0.05271,-49.55764,1542.00000
0.38194,0.38589,0.38325,0.38128,0.37997,0.30991,0.31090,0.31583,0.31090,0.30958,0.05271,0.04909,0.05041,0.05139,0.05106,-49.26076,1543.00000
0.38852,0.38227,0.38720,0.37898,0.38556,0.31221,0.31879,0.31090,0.31155,0.31155,0.05468,0.05205,0.05402,0.04843,0.05238,-49.26076,1544.00000
0.38293,0.38325,0.38490,0.38227,0.38654,0.31583,0.31386,0.31353,0.31221,0.31221,0.05205,0.05205,0.05106,0.04909,0.05205,-49.40463,1545.00000
0.38325,0.38325,0.38358,0.38457,0.38128,0.31616,0.31649,0.31451,0.31451,0.31287,0.05139,0.05238,0.04810,0.04975,0.04745,-49.40463,1546.00000
0.39082,0.37931,0.38457,0.38358,0.39444,0.31747,0.31583,0.31517,0.31451,0.31418,0.05238,0.04942,0.05304,0.05369,0.05271,-48.42796,1547.00000
0.38293,0.38029,0.38720,0.38819,0.38523,0.30794,0.31353,0.30794,0.31254,0.31386,0.05238,0.05008,0.05238,0.05139,0.05238,-48.42796,1548.00000
0.38260,0.38556,0.38391,0.38325,0.38885,0.31287,0.31057,0.31517,0.30991,0.31188,0.05106,0.04909,0.05304,0.05468,0.05008,-48.26187,1549.00000
0.37898,0.39181,0.37964,0.38687,0.38852,0.31583,0.31484,0.31287,0.31024,0.31616,0.05369,0.04909,0.05304,0.05271,0.05238,-48.26187,1550.00000
0.38293,0.38852,0.38194,0.38325,0.38786,0.31879,0.31353,0.31155,0.30629,0.31583,0.05205,0.05304,0.05172,0.04777,0.05238,-47.92979,1551.00000
0.37931,0.38391,0.38720,0.38490,0.38358,0.30892,0.31155,0.31320,0.30958,0.30991,0.05172,0.05369,0.05238,0.05073,0.05172,-47.92979,1552.00000
0.38621,0.38556,0.38325,0.38293,0.38556,0.31418,0.31122,0.31616,0.31287,0.31320,0.05304,0.04975,0.05304,0.05172,0.05600,-47.94603,1553.00000
0.38424,0.37931,0.38227,0.38325,0.38161,0.31879,0.30892,0.31813,0.31188,0.31155,0.04975,0.05106,0.05172,0.05205,0.04909,-47.94603,1554.00000
0.38128,0.38753,0.38062,0.37964,0.39082,0.31682,0.31418,0.31287,0.31418,0.31484,0.05534,0.05435,0.05304,0.05205,0.05106,-47.78922,1555.00000
0.38194,0.38687,0.38095,0.38885,0.38325,0.31057,0.30991,0.31254,0.31747,0.31451,0.05304,0.05337,0.05369,0.05304,0.05304,-47.78922,1556.00000
0.38786,0.38325,0.38391,0.38523,0.38457,0.31221,0.31057,0.31353,0.31090,0.31715,0.05073,0.04942,0.05106,0.05073,0.05271,-47.98741,1557.00000
0.38786,0.38687,0.38391,0.38654,0.38720,0.31320,0.30761,0.31090,0.31320,0.31254,0.05238,0.05567,0.05468,0.04942,0.05041,-47.98741,1558.00000
0.38161,0.38424,0.38194,0.38490,0.38161,0.31484,0.31418,0.31813,0.31188,0.31155,0.05172,0.05271,0.05139,0.05073,0.05139,-48.63548,1559.00000
0.38424,0.38687,0.38819,0.38325,0.38260,0.31682,0.31024,0.31484,0.31090,0.31155,0.04942,0.05271,0.05008,0.05369,0.05435,-48.63548,1560.00000
0.38325,0.38325,0.38358,0.38950,0.38720,0.31221,0.31386,0.31155,0.31846,0.31649,0.05139,0.05271,0.04909,0.05369,0.05073,-48.74527,1561.00000
0.38029,0.38457,0.38786,0.38720,0.38062,0.31451,0.30925,0.31024,0.31386,0.31484,0.05304,0.05501,0.05304,0.05271,0.05337,-48.74527,1562.00000
0.38161,0.38885,0.37832,0.38621,0.38194,0.31287,0.30991,0.31418,0.31616,0.31221,0.05501,0.05271,0.05271,0.05369,0.05238,-49.53461,1563.00000
0.37964,0.37865,0.38885,0.38227,0.38358,0.31451,0.31122,0.31517,0.31484,0.31682,0.05139,0.05304,0.05172,0.05337,0.05435,-49.53461,1564.00000
0.38260,0.38852,0.38260,0.38852,0.38457,0.31484,0.31517,0.31155,0.31221,0.30892,0.05139,0.05139,0.05435,0.05008,0.05271,-49.56279,1565.00000
0.38819,0.38358,0.38885,0.38358,0.39115,0.31057,0.31418,0.31353,0.31649,0.30892,0.05172,0.05435,0.05073,0.05205,0.04975,-49.56279,1566.00000
0.38227,0.38260,0.38621,0.38687,0.38095,0.31221,0.31221,0.31484,0.31090,0.31451,0.05468,0.05139,0.05041,0.04909,0.05304,-48.96471,1567.00000
0.38490,0.38260,0.38589,0.38983,0.37898,0.32043,0.31057,0.31418,0.31122,0.31616,0.05238,0.05369,0.05501,0.04745,0.05073,-48.96471,1568.00000
0.38654,0.38523,0.38128,0.38687,0.38983,0.30925,0.31484,0.30991,0.31320,0.31583,0.05369,0.05304,0.05041,0.05402,0.05369,-48.43090,1569.00000
0.38852,0.37832,0.38227,0.38391,0.38720,0.31616,0.31451,0.31024,0.31451,0.31254,0.05106,0.05337,0.05468,0.05139,0.05369,-48.43090,1570.00000
0.38358,0.38260,0.38029,0.38556,0.38424,0.31155,0.31484,0.31287,0.31418,0.31583,0.05041,0.05435,0.05304,0.05073,0.05534,-48.02457,1571.00000
0.38391,0.38161,0.38293,0.38917,0.38358,0.31155,0.31418,0.31780,0.31353,0.31583,0.05172,0.05106,0.05534,0.05205,0.05271,-48.02457,1572.00000
0.38819,0.37964,0.38753,0.38227,0.38786,0.31024,0.31057,0.31451,0.31484,0.31320,0.05008,0.05073,0.05271,0.05304,0.05106,-48.23220,1573.00000
0.38786,0.38293,0.37898,0.39049,0.37964,0.31155,0.30991,0.31057,0.31418,0.31484,0.05435,0.05073,0.05468,0.05764,0.05073,-48.23220,1574.00000
0.38358,0.38391,0.38029,0.38457,0.38194,0.31978,0.31484,0.31451,0.31155,0.31221,0.05435,0.05304,0.05041,0.05468,0.05402,-48.16717,1575.00000
0.38029,0.38786,0.38490,0.38194,0.38490,0.31386,0.31122,0.31550,0.31090,0.31320,0.05501,0.05534,0.05106,0.05172,0.05731,-48.16717,1576.00000
0.38589,0.38391,0.38457,0.38490,0.38260,0.31418,0.31155,0.31221,0.31122,0.31090,0.05435,0.05205,0.05369,0.05304,0.05369,-48.05708,1577.00000
0.38720,0.38490,0.38029,0.38128,0.38293,0.30925,0.31451,0.31155,0.31583,0.30991,0.05731,0.04843,0.05172,0.05238,0.04679,-48.05708,1578.00000
0.38457,0.38424,0.37733,0.38325,0.38687,0.31353,0.31353,0.31747,0.31550,0.31649,0.05271,0.05402,0.05600,0.05501,0.05106,-48.36781,1579.00000
0.38687,0.38293,0.38720,0.38424,0.38786,0.31517,0.31682,0.31550,0.31353,0.31353,0.05238,0.05304,0.05172,0.05665,0.05567,-48.36781,1580.00000
0.38654,0.38293,0.38062,0.38325,0.38358,0.30728,0.31353,0.31287,0.30991,0.31024,0.05337,0.05501,0.05830,0.05402,0.05337,-48.85491,1581.00000
0.38424,0.38391,0.38523,0.38589,0.38621,0.31517,0.31451,0.31386,0.31550,0.31517,0.05238,0.05468,0.05337,0.05304,0.05402,-48.85491,1582.00000
0.39016,0.38720,0.38260,0.38095,0.38917,0.31320,0.31320,0.31320,0.30991,0.30925,0.05337,0.05369,0.05369,0.05304,0.05402,-49.36193,1583.00000
0.38885,0.37832,0.38161,0.38687,0.38194,0.31517,0.31320,0.31517,0.31616,0.30958,0.05534,0.05041,0.05665,0.05304,0.05106,-49.36193,1584.00000
0.38227,0.38490,0.38852,0.38325,0.38358,0.31122,0.31221,0.31254,0.30859,0.30958,0.05402,0.05304,0.05238,0.05205,0.05337,-49.27840,1585.00000
0.39016,0.38424,0.38194,0.38983,0.38490,0.31254,0.31254,0.31221,0.31024,0.31353,0.05567,0.05205,0.05369,0.05435,0.05369,-49.27840,1586.00000
0.38621,0.38720,0.38391,0.38194,0.38293,0.31221,0.31550,0.30958,0.31616,0.31682,0.05501,0.05698,0.05304,0.05304,0.05369,-49.02577,1587.00000
0.38523,0.38753,0.38424,0.38161,0.38424,0.31254,0.31090,0.31386,0.31155,0.31451,0.05271,0.05369,0.05369,0.05369,0.05468,-49.02577,1588.00000
0.38260,0.38490,0.38621,0.38325,0.38852,0.31254,0.31057,0.30991,0.31780,0.30925,0.05304,0.05172,0.05337,0.05238,0.04942,-49.32447,1589.00000
0.38293,0.38490,0.38852,0.38227,0.38687,0.31451,0.31649,0.31090,0.30859,0.31254,0.05304,0.05501,0.05698,0.05106,0.05205,-49.32447,1590.00000
0.38885,0.38589,0.38786,0.38029,0.38424,0.31024,0.31254,0.31583,0.31320,0.31583,0.05665,0.05534,0.05534,0.05369,0.05435,-49.32829,1591.00000
0.38062,0.38128,0.38457,0.38062,0.39148,0.31024,0.30892,0.31254,0.31254,0.31254,0.05008,0.05337,0.05205,0.05106,0.05468,-49.32829,1592.00000
0.38589,0.38589,0.38621,0.38194,0.38621,0.31155,0.31057,0.31188,0.31616,0.31747,0.05205,0.05337,0.05041,0.05468,0.05139,-49.31945,1593.00000
0.38029,0.38325,0.38654,0.38917,0.38161,0.31122,0.30859,0.31122,0.30859,0.31188,0.05041,0.05501,0.05271,0.05172,0.05337,-49.31945,1594.00000
0.38457,0.38194,0.38062,0.38194,0.38490,0.31780,0.30925,0.31122,0.31122,0.31188,0.05468,0.05337,0.05468,0.05600,0.05567,-49.23868,1595.00000
0.38424,0.38391,0.38621,0.38095,0.38819,0.31254,0.31386,0.31353,0.30991,0.31550,0.05271,0.05468,0.05534,0.05369,0.05073,-49.23868,1596.00000
0.38358,0.38095,0.38161,0.38457,0.38029,0.31155,0.31254,0.31188,0.31090,0.31287,0.05501,0.05271,0.05435,0.05731,0.05600,-48.92279,1597.00000
0.38293,0.38293,0.38358,0.38095,0.37964,0.31780,0.31353,0.31418,0.31221,0.30826,0.05271,0.05271,0.05271,0.05041,0.05041,-48.92279,1598.00000
0.38654,0.38457,0.38391,0.38885,0.38523,0.31386,0.31386,0.31451,0.31122,0.30892,0.05567,0.05468,0.05106,0.05369,0.05041,-49.01005,1599.00000
0.38260,0.38293,0.38490,0.38556,0.38819,0.30761,0.31090,0.31353,0.31451,0.31517,0.05600,0.05304,0.05369,0.05205,0.05402,-49.01005,1600.00000
0.38095,0.37635,0.38720,0.38687,0.38490,0.31155,0.31682,0.31353,0.31912,0.31386,0.05402,0.05731,0.05698,0.05369,0.05797,-48.59622,1601.00000
0.38819,0.38720,0.38556,0.38621,0.38062,0.31221,0.31550,0.31550,0.31353,0.31386,0.05238,0.05435,0.05369,0.05073,0.05238,-48.59622,1602.00000
0.37997,0.38391,0.38227,0.38786,0.38095,0.30925,0.31024,0.30925,0.31715,0.31155,0.05008,0.05501,0.04942,0.05633,0.05238,-48.07619,1603.00000
0.38556,0.38917,0.38260,0.38260,0.39115,0.30728,0.31418,0.31386,0.31386,0.30826,0.05600,0.05041,0.05731,0.05008,0.05369,-48.07619,1604.00000
0.37668,0.38720,0.38720,0.38325,0.37931,0.31616,0.31912,0.31155,0.31945,0.31221,0.05106,0.05008,0.05534,0.05501,0.05369,-48.09083,1605.00000
0.38194,0.38457,0.37668,0.38161,0.38654,0.31386,0.31616,0.31649,0.31287,0.31024,0.05435,0.05304,0.05402,0.05369,0.05468,-48.09083,1606.00000
0.38556,0.38227,0.38621,0.38457,0.38358,0.30892,0.31254,0.31254,0.31254,0.31550,0.05041,0.05304,0.05238,0.05205,0.05600,-48.28777,1607.00000
0.39312,0.38128,0.38391,0.38885,0.38424,0.30925,0.31517,0.31122,0.31353,0.31353,0.05534,0.05501,0.05435,0.05468,0.05600,-48.28777,1608.00000
0.39049,0.38194,0.38424,0.38654,0.38523,0.31846,0.31418,0.31287,0.31484,0.31353,0.05304,0.05337,0.05205,0.05600,0.05830,-48.53950,1609.00000
0.37865,0.39148,0.39181,0.37503,0.38917,0.31122,0.31418,0.31484,0.31550,0.31418,0.05369,0.05172,0.05304,0.05139,0.05337,-48.53950,1610.00000
0.38227,0.38095,0.38852,0.38589,0.38556,0.31353,0.31912,0.30991,0.31451,0.31649,0.05435,0.05435,0.05567,0.05369,0.05501,-49.00192,1611.00000
0.38358,0.38753,0.38654,0.38260,0.38457,0.31155,0.31550,0.31221,0.30859,0.31188,0.05534,0.05172,0.05600,0.05567,0.05271,-49.00192,1612.00000
0.38621,0.38128,0.38687,0.38621,0.38227,0.31583,0.31254,0.30695,0.31287,0.31320,0.05402,0.05468,0.05139,0.05271,0.05139,-49.03676,1613.00000
0.38687,0.38917,0.38128,0.38654,0.38720,0.31320,0.31583,0.31682,0.31122,0.30958,0.05337,0.05468,0.05501,0.05271,0.05863,-49.03676,1614.00000
0.39082,0.38128,0.38424,0.38424,0.38720,0.31122,0.31353,0.31221,0.31188,0.31155,0.05600,0.05600,0.05501,0.05271,0.05435,-48.50823,1615.00000
0.38325,0.38424,0.38325,0.38687,0.38391,0.31254,0.31386,0.31122,0.31517,0.31024,0.05106,0.05567,0.05567,0.05468,0.05797,-48.50823,1616.00000
0.39148,0.38161,0.38424,0.38589,0.38753,0.31320,0.31353,0.31090,0.31320,0.31320,0.05534,0.05271,0.05139,0.05435,0.05205,-48.25028,1617.00000
0.38490,0.38786,0.38852,0.38556,0.38687,0.31583,0.31912,0.30892,0.31386,0.31583,0.05271,0.05468,0.05764,0.05337,0.05238,-48.25028,1618.00000
0.38293,0.38490,0.38621,0.38621,0.38095,0.31057,0.31155,0.31517,0.31155,0.31090,0.05271,0.05633,0.05501,0.05435,0.05205,-48.37128,1619.00000
0.37733,0.38589,0.38621,0.38885,0.38589,0.31649,0.31221,0.31715,0.31550,0.31583,0.05205,0.05600,0.05534,0.05665,0.05534,-48.37128,1620.00000
0.38194,0.38556,0.38260,0.39378,0.37799,0.31484,0.31155,0.31386,0.31320,0.31353,0.05402,0.05468,0.05567,0.05665,0.05501,-48.58378,1621.00000
0.38325,0.38720,0.38720,0.38424,0.38523,0.31451,0.30695,0.31418,0.31287,0.31221,0.05073,0.05698,0.05534,0.05633,0.05435,-48.58378,1622.00000
0.39115,0.38293,0.38621,0.38687,0.38786,0.31616,0.31254,0.31024,0.31353,0.31320,0.05600,0.05304,0.05337,0.05402,0.05698,-48.18834,1623.00000
0.38260,0.39082,0.38095,0.38654,0.37865,0.31090,0.31583,0.31353,0.31715,0.31221,0.05731,0.05435,0.05139,0.05172,0.05633,-48.18834,1624.00000
0.39082,0.38293,0.38128,0.38490,0.38654,0.31057,0.31287,0.31418,0.31057,0.31583,0.05501,0.05402,0.05830,0.05139,0.05238,-48.20141,1625.00000
0.37635,0.38819,0.38950,0.38621,0.38720,0.31353,0.31155,0.31287,0.31155,0.31122,0.05534,0.05534,0.05402,0.05534,0.05731,-48.20141,1626.00000
0.38325,0.38720,0.38556,0.38457,0.38589,0.31287,0.31254,0.31550,0.31484,0.31353,0.05567,0.05534,0.05435,0.05337,0.05369,-47.62906,1627.00000
0.38687,0.38424,0.38457,0.38391,0.38621,0.31583,0.31945,0.31715,0.31517,0.31090,0.05600,0.05304,0.05304,0.05435,0.05567,-47.62906,1628.00000
0.38062,0.38490,0.38556,0.38589,0.38293,0.31155,0.31254,0.31155,0.31418,0.31287,0.05304,0.05369,0.05830,0.05435,0.05665,-47.55837,1629.00000
0.38556,0.38293,0.38161,0.38293,0.38490,0.31451,0.30563,0.31221,0.31024,0.31221,0.05600,0.05534,0.05435,0.05271,0.05501,-47.55837,1630.00000
0.38457,0.39115,0.37470,0.39016,0.38095,0.31155,0.31846,0.31320,0.31353,0.31418,0.05665,0.05731,0.05205,0.05369,0.05698,-47.78957,1631.00000
0.37766,0.38621,0.38523,0.38885,0.37898,0.31583,0.30892,0.31221,0.31386,0.31221,0.05698,0.05369,0.05238,0.05468,0.05600,-47.78957,1632.00000
0.38194,0.38589,0.38029,0.38917,0.38260,0.31090,0.30859,0.31418,0.31122,0.31221,0.05764,0.05501,0.05271,0.05304,0.05797,-47.88185,1633.00000
0.38885,0.38621,0.37865,0.38589,0.37898,0.30728,0.31155,0.31353,0.30859,0.31188,0.05534,0.05665,0.05205,0.05567,0.05633,-47.88185,1634.00000
0.38950,0.38654,0.38885,0.39115,0.38128,0.30794,0.31418,0.31386,0.31682,0.31353,0.05435,0.05731,0.05962,0.05698,0.05534,-48.16635,1635.00000
0.38358,0.39148,0.38194,0.38885,0.38687,0.31517,0.30826,0.31550,0.31254,0.31517,0.05468,0.05435,0.05764,0.05435,0.05567,-48.16635,1636.00000
0.38293,0.38523,0.38852,0.38358,0.38523,0.31353,0.31682,0.31451,0.31155,0.31287,0.05698,0.05633,0.05698,0.05830,0.05468,-48.03212,1637.00000
0.38424,0.38227,0.38720,0.38194,0.38128,0.31649,0.31484,0.31517,0.31583,0.31320,0.05304,0.05501,0.05271,0.05468,0.05369,-48.03212,1638.00000
0.38062,0.38424,0.38687,0.38621,0.38161,0.31418,0.31188,0.31879,0.31254,0.31188,0.05797,0.04975,0.05205,0.05534,0.05797,-47.93776,1639.00000
0.38260,0.38720,0.38457,0.38523,0.38227,0.31780,0.31649,0.31090,0.31386,0.31353,0.05830,0.05435,0.05238,0.05501,0.05567,-47.93776,1640.00000
0.38293,0.38720,0.38621,0.38424,0.38950,0.30826,0.31254,0.31188,0.31386,0.31221,0.05567,0.05106,0.05172,0.05698,0.05304,-48.50147,1641.00000
0.38095,0.38457,0.38556,0.38589,0.38720,0.31682,0.31090,0.31353,0.30991,0.30991,0.05863,0.05731,0.05600,0.05665,0.05863,-48.50147,1642.00000
0.38293,0.38095,0.38260,0.38589,0.38720,0.30826,0.31057,0.31287,0.31451,0.31484,0.06060,0.05534,0.05994,0.05304,0.05106,-48.41667,1643.00000
0.37766,0.38227,0.39016,0.38556,0.38457,0.30925,0.31583,0.31122,0.31287,0.31517,0.05567,0.05468,0.06027,0.05633,0.05830,-48.41667,1644.00000
0.38490,0.38293,0.38819,0.38358,0.38293,0.30991,0.31583,0.31287,0.31418,0.31254,0.05435,0.05665,0.05238,0.05468,0.05633,-48.70031,1645.00000
0.38621,0.38293,0.38786,0.38523,0.38128,0.31780,0.31813,0.31353,0.31090,0.31715,0.05665,0.05402,0.05402,0.05534,0.05304,-48.70031,1646.00000
0.37931,0.39082,0.38589,0.38391,0.38029,0.31682,0.30925,0.30925,0.31517,0.31682,0.05600,0.05501,0.05304,0.05698,0.05830,-48.59806,1647.00000
0.38720,0.38753,0.38720,0.38391,0.38424,0.31254,0.31418,0.31451,0.31418,0.31057,0.05534,0.05764,0.05468,0.05468,0.05600,-48.59806,1648.00000
0.38095,0.38523,0.38819,0.38523,0.38260,0.31221,0.30728,0.31451,0.31583,0.31583,0.05830,0.05369,0.05567,0.05567,0.05929,-48.88471,1649.00000
0.38194,0.38621,0.38687,0.38654,0.38194,0.31024,0.31320,0.31353,0.30794,0.31418,0.05665,0.05731,0.06060,0.05435,0.05435,-48.88471,1650.00000
0.38654,0.38424,0.38654,0.38523,0.38490,0.31254,0.31287,0.31451,0.31057,0.31386,0.05698,0.05501,0.05698,0.05863,0.06060,-48.51266,1651.00000
0.38621,0.38589,0.38424,0.38325,0.38490,0.31517,0.31418,0.31418,0.31320,0.31090,0.05369,0.05534,0.05633,0.05534,0.05665,-48.51266,1652.00000
0.38325,0.39246,0.37405,0.38556,0.38391,0.31122,0.31418,0.31484,0.31451,0.31583,0.05830,0.05698,0.05633,0.05501,0.05468,-48.28904,1653.00000
0.38161,0.37997,0.38819,0.37931,0.38029,0.31254,0.31517,0.31287,0.31682,0.31418,0.05797,0.05731,0.05830,0.05567,0.05435,-48.28904,1654.00000
0.38260,0.38391,0.37832,0.38950,0.37766,0.31747,0.31550,0.31287,0.31550,0.31287,0.05271,0.05337,0.05665,0.05600,0.05600,-48.80727,1655.00000
0.38523,0.38621,0.38819,0.38260,0.38687,0.30991,0.30991,0.31057,0.31484,0.31451,0.05994,0.05896,0.05731,0.05731,0.05863,-48.80727,1656.00000
0.38358,0.38095,0.38917,0.38457,0.38950,0.31122,0.31155,0.30892,0.31024,0.31320,0.05797,0.05797,0.05764,0.05501,0.05863,-48.76865,1657.00000
0.38391,0.38424,0.38194,0.38128,0.38260,0.31188,0.31386,0.31155,0.31320,0.31254,0.05402,0.05435,0.05534,0.05600,0.05830,-48.76865,1658.00000
0.38424,0.38950,0.38358,0.38819,0.37964,0.31024,0.31287,0.31188,0.31122,0.31287,0.05369,0.05896,0.05665,0.05896,0.05534,-48.32135,1659.00000
0.38062,0.38095,0.39049,0.37964,0.38062,0.31780,0.31846,0.31682,0.31484,0.31122,0.05567,0.05600,0.05830,0.05534,0.05435,-48.32135,1660.00000
0.38490,0.38490,0.38917,0.37898,0.38095,0.31550,0.31090,0.31616,0.31254,0.31484,0.05633,0.05402,0.05468,0.05665,0.05665,-48.12569,1661.00000
0.38029,0.38424,0.38720,0.38753,0.37799,0.31254,0.30991,0.31451,0.31320,0.31090,0.05468,0.05896,0.05665,0.05369,0.05633,-48.12569,1662.00000
0.37964,0.38260,0.37701,0.39016,0.38523,0.31155,0.31386,0.31616,0.31682,0.31517,0.05534,0.05501,0.05567,0.05238,0.05369,-47.99688,1663.00000
0.38753,0.38325,0.37701,0.38391,0.38687,0.31649,0.31221,0.31090,0.31221,0.31747,0.05863,0.05369,0.05534,0.05501,0.05501,-47.99688,1664.00000
0.38391,0.38753,0.38325,0.38786,0.38325,0.31517,0.31353,0.31583,0.31386,0.31386,0.05501,0.05863,0.05731,0.05698,0.05534,-47.96472,1665.00000
0.38786,0.38589,0.38260,0.38786,0.38457,0.31254,0.31024,0.30826,0.31024,0.31484,0.05402,0.05863,0.05962,0.05567,0.05797,-47.96472,1666.00000
0.38062,0.38687,0.37865,0.38852,0.38260,0.31715,0.31418,0.31451,0.31320,0.31024,0.05567,0.05468,0.05764,0.05731,0.05633,-47.87654,1667.00000
0.39213,0.38194,0.38293,0.38457,0.38720,0.31418,0.31550,0.31221,0.31418,0.31057,0.05962,0.05896,0.05468,0.05633,0.05369,-47.87654,1668.00000
0.38621,0.38457,0.38161,0.38260,0.38786,0.30892,0.31221,0.31649,0.31221,0.31122,0.05797,0.05665,0.05238,0.05633,0.05633,-48.03260,1669.00000
0.37865,0.38490,0.38391,0.38556,0.38523,0.31221,0.31287,0.31451,0.31517,0.31386,0.05534,0.05337,0.05830,0.05468,0.05468,-48.03260,1670.00000
0.38391,0.38391,0.38128,0.38720,0.38293,0.31254,0.31418,0.31353,0.31353,0.31024,0.05797,0.05271,0.05435,0.05962,0.05304,-48.14153,1671.00000
0.38325,0.38029,0.38293,0.37766,0.38095,0.31188,0.31287,0.31221,0.31122,0.31188,0.05830,0.05863,0.05534,0.05896,0.05600,-48.14153,1672.00000
0.39115,0.38260,0.38358,0.37964,0.38654,0.31353,0.31188,0.31484,0.31517,0.31155,0.05369,0.05731,0.05172,0.05534,0.06159,-48.78381,1673.00000
0.38260,0.38293,0.38523,0.38621,0.38260,0.31057,0.31090,0.31517,0.31188,0.31024,0.05534,0.05896,0.05698,0.05271,0.06093,-48.78381,1674.00000
0.39181,0.38490,0.38325,0.38457,0.39115,0.31155,0.31484,0.31287,0.31550,0.31550,0.05501,0.05764,0.06060,0.05665,0.05600,-48.88647,1675.00000
0.38852,0.38556,0.38457,0.39246,0.38457,0.31287,0.31484,0.31221,0.31451,0.31155,0.05567,0.05994,0.05534,0.05633,0.05830,-48.88647,1676.00000
0.38819,0.38128,0.38786,0.38720,0.38556,0.31682,0.31484,0.31024,0.31353,0.31649,0.05600,0.05962,0.05567,0.05929,0.05600,-48.35595,1677.00000
0.38325,0.38457,0.38621,0.38687,0.38687,0.31320,0.31550,0.31484,0.31320,0.31484,0.05698,0.05731,0.05797,0.05534,0.05600,-48.35595,1678.00000
0.38128,0.38621,0.38358,0.38589,0.38095,0.31221,0.31353,0.32043,0.31550,0.31320,0.05764,0.05567,0.05172,0.05665,0.05731,-47.31217,1679.00000
0.38293,0.38950,0.37931,0.38227,0.38358,0.31879,0.31090,0.31649,0.31386,0.31616,0.05534,0.05369,0.05633,0.05698,0.05797,-47.31217,1680.00000
0.38293,0.38128,0.38654,0.38523,0.38786,0.31550,0.31287,0.30826,0.31221,0.31418,0.05501,0.05600,0.05698,0.05369,0.05994,-45.45421,1681.00000
0.38589,0.37832,0.38917,0.38786,0.38852,0.31517,0.31090,0.31320,0.31715,0.32076,0.05633,0.05600,0.06060,0.05698,0.06027,-45.45421,1682.00000
0.38852,0.38556,0.38556,0.38457,0.38161,0.31517,0.31155,0.31583,0.31386,0.31386,0.05698,0.05665,0.05863,0.05567,0.05797,-43.61824,1683.00000
0.38194,0.38227,0.38786,0.38687,0.38917,0.31682,0.31353,0.31221,0.31188,0.31550,0.05501,0.05830,0.05830,0.05929,0.05830,-43.61824,1684.00000
0.38852,0.38391,0.38293,0.38293,0.38654,0.31418,0.31682,0.31418,0.31188,0.31386,0.05698,0.05633,0.05337,0.05764,0.05896,-41.68787,1685.00000
0.38885,0.38621,0.38983,0.38029,0.38424,0.31353,0.31254,0.31418,0.31353,0.31451,0.05106,0.05534,0.05863,0.05698,0.05665,-41.68787,1686.00000
0.38161,0.38062,0.38556,0.38358,0.38852,0.31386,0.31747,0.31846,0.31353,0.31155,0.05764,0.05698,0.05633,0.05665,0.05731,-42.38501,1687.00000
0.38819,0.38753,0.38128,0.37964,0.38654,0.31418,0.31122,0.31353,0.31418,0.32011,0.05731,0.05896,0.05468,0.05501,0.06093,-42.38501,1688.00000
0.38161,0.38589,0.38950,0.38786,0.38556,0.31188,0.31320,0.31517,0.31188,0.31780,0.05600,0.05337,0.05567,0.06093,0.05830,-43.78565,1689.00000
0.38523,0.37997,0.38819,0.38391,0.38490,0.31682,0.31583,0.31057,0.31550,0.30892,0.05435,0.05600,0.05962,0.05665,0.05402,-43.78565,1690.00000
0.38161,0.38852,0.38753,0.38391,0.38654,0.31320,0.31122,0.31386,0.31188,0.31682,0.05304,0.05665,0.05534,0.05764,0.05468,-45.14095,1691.00000
0.38589,0.38293,0.38687,0.38194,0.38654,0.31090,0.31353,0.30728,0.31287,0.31122,0.05369,0.05797,0.05863,0.05633,0.05501,-45.14095,1692.00000
0.38029,0.38358,0.39181,0.38621,0.37997,0.31320,0.31353,0.31386,0.31682,0.31386,0.05567,0.05863,0.05830,0.05665,0.05830,-45.97450,1693.00000
0.38950,0.38391,0.38128,0.38391,0.38786,0.31254,0.31287,0.31649,0.31517,0.31583,0.05929,0.05731,0.05863,0.05797,0.05797,-45.97450,1694.00000
0.38819,0.38885,0.38720,0.38720,0.38654,0.30991,0.31484,0.31386,0.31287,0.31287,0.05830,0.05962,0.05731,0.05863,0.05633,-46.26165,1695.00000
0.38457,0.38293,0.38424,0.38227,0.38852,0.31090,0.30794,0.31386,0.31484,0.31155,0.05797,0.05435,0.05962,0.05435,0.05534,-46.26165,1696.00000
0.38490,0.38293,0.38523,0.38556,0.38753,0.31386,0.31221,0.31550,0.31386,0.31057,0.05567,0.05994,0.05863,0.05698,0.05764,-47.08296,1697.00000
0.38227,0.38885,0.38062,0.38325,0.38523,0.31583,0.31122,0.31353,0.31517,0.31287,0.05665,0.05830,0.05534,0.05698,0.05665,-47.08296,1698.00000
0.39181,0.38819,0.38621,0.38325,0.37997,0.31155,0.31715,0.30991,0.31122,0.31583,0.05863,0.05994,0.05929,0.05665,0.05501,-47.81605,1699.00000
0.38095,0.38654,0.38654,0.38358,0.39082,0.31320,0.31353,0.30826,0.31155,0.31320,0.05205,0.05797,0.05665,0.05698,0.05534,-47.81605,1700.00000
0.38325,0.38589,0.37898,0.38523,0.38293,0.31386,0.31155,0.31616,0.31550,0.31484,0.05698,0.05698,0.05698,0.05929,0.05731,-48.54078,1701.00000
0.38720,0.38325,0.37865,0.38753,0.38391,0.31287,0.31287,0.31715,0.32076,0.31715,0.05665,0.05896,0.05468,0.05698,0.05731,-48.54078,1702.00000
0.38062,0.38786,0.37964,0.38819,0.38227,0.31418,0.31320,0.31353,0.31418,0.31484,0.05863,0.05830,0.05600,0.05797,0.05863,-48.33871,1703.00000
0.37898,0.38457,0.38687,0.38227,0.38457,0.31451,0.31517,0.31024,0.31221,0.31254,0.05665,0.05797,0.05797,0.05764,0.05731,-48.33871,1704.00000
0.38161,0.38654,0.38556,0.37832,0.38490,0.31287,0.30892,0.31287,0.31616,0.31780,0.06093,0.05665,0.05665,0.05534,0.05863,-49.10081,1705.00000
0.37799,0.38523,0.38095,0.38753,0.38720,0.31386,0.31616,0.31057,0.31550,0.31221,0.06225,0.05830,0.06027,0.05830,0.05534,-49.10081,1706.00000
0.38654,0.38457,0.38556,0.38490,0.38391,0.31090,0.31418,0.31484,0.31386,0.31024,0.05830,0.06093,0.05896,0.05468,0.05764,-48.73973,1707.00000
0.38720,0.38917,0.38029,0.38029,0.39279,0.31484,0.31024,0.31057,0.31451,0.31122,0.05764,0.05600,0.05501,0.05994,0.05863,-48.73973,1708.00000
0.38095,0.38227,0.38852,0.38391,0.38424,0.31780,0.31221,0.31451,0.30991,0.31879,0.05896,0.05962,0.05830,0.05435,0.05534,-48.73339,1709.00000
0.37701,0.38687,0.38556,0.38161,0.38654,0.31287,0.31682,0.31024,0.30892,0.31353,0.06126,0.05600,0.05896,0.05665,0.05731,-48.73339,1710.00000
0.38424,0.38194,0.38062,0.38490,0.38523,0.31583,0.31057,0.31122,0.31155,0.31517,0.06159,0.05764,0.05633,0.05994,0.05896,-48.63476,1711.00000
0.39115,0.37964,0.38523,0.37668,0.38490,0.31188,0.31155,0.31320,0.31254,0.31353,0.05863,0.05863,0.05698,0.05863,0.05962,-48.63476,1712.00000
0.38325,0.38720,0.38161,0.38161,0.38062,0.31090,0.31254,0.31090,0.31188,0.31254,0.05962,0.05863,0.06126,0.05731,0.05665,-48.67480,1713.00000
0.37865,0.38589,0.38161,0.38095,0.38457,0.31155,0.31484,0.31221,0.31155,0.31320,0.05830,0.06159,0.05896,0.05962,0.05764,-48.67480,1714.00000
0.38720,0.38194,0.38720,0.37799,0.38128,0.31418,0.31550,0.30958,0.31287,0.31254,0.05994,0.05633,0.05337,0.05994,0.05633,-48.43619,1715.00000
0.38260,0.38457,0.38260,0.38358,0.38523,0.31155,0.30991,0.31353,0.31254,0.31517,0.05665,0.05468,0.05830,0.05567,0.05994,-48.43619,1716.00000
0.38786,0.38293,0.38852,0.38391,0.38654,0.31583,0.31353,0.31122,0.31517,0.31846,0.05994,0.06060,0.05633,0.05994,0.05764,-48.61078,1717.00000
0.38293,0.38029,0.38786,0.39115,0.38062,0.31978,0.31254,0.31221,0.31155,0.31517,0.05797,0.05698,0.05797,0.05896,0.05764,-48.61078,1718.00000
0.38621,0.38062,0.38424,0.38424,0.38556,0.31616,0.31090,0.31484,0.31451,0.31747,0.05567,0.05962,0.05929,0.05929,0.05731,-48.74508,1719.00000
0.38654,0.38556,0.37964,0.38852,0.37635,0.31122,0.31155,0.31484,0.31418,0.31418,0.05994,0.05929,0.05896,0.05600,0.05402,-48.74508,1720.00000
0.38358,0.38523,0.38391,0.38260,0.38523,0.31188,0.31155,0.31682,0.31780,0.31583,0.05468,0.05863,0.05764,0.05665,0.06159,-49.46938,1721.00000
0.38917,0.38885,0.38128,0.38556,0.38457,0.30958,0.30892,0.30925,0.31155,0.31418,0.05929,0.05797,0.05731,0.06093,0.05534,-49.46938,1722.00000
0.38720,0.37832,0.38852,0.38358,0.38490,0.31024,0.30859,0.31550,0.30925,0.31353,0.05337,0.05501,0.05731,0.05402,0.05797,-49.31422,1723.00000
0.38062,0.38917,0.38391,0.38062,0.38852,0.31353,0.31945,0.31320,0.31353,0.31747,0.05929,0.05863,0.05797,0.06060,0.05863,-49.31422,1724.00000
0.38720,0.38621,0.38260,0.37865,0.38325,0.31484,0.31254,0.31649,0.31155,0.31418,0.06159,0.05896,0.05731,0.06027,0.05665,-48.90316,1725.00000
0.38325,0.38325,0.38293,0.38095,0.38753,0.31550,0.31583,0.31188,0.31221,0.31682,0.05567,0.05994,0.05567,0.05698,0.05962,-48.90316,1726.00000
0.38983,0.38391,0.37931,0.39115,0.38128,0.31386,0.31451,0.31517,0.31386,0.31287,0.06060,0.05929,0.06027,0.05797,0.05863,-48.88466,1727.00000
0.37997,0.38819,0.38325,0.38424,0.38917,0.31451,0.31418,0.31287,0.31649,0.31090,0.06093,0.05830,0.05994,0.05633,0.05698,-48.88466,1728.00000
0.39213,0.38029,0.38358,0.38424,0.38194,0.31122,0.31813,0.31221,0.31616,0.31353,0.05764,0.05567,0.06159,0.05962,0.05698,-48.55983,1729.00000
0.38062,0.38325,0.39115,0.37898,0.38819,0.31090,0.31418,0.31649,0.31320,0.31780,0.05369,0.06027,0.05271,0.05468,0.05962,-48.55983,1730.00000
0.38424,0.37964,0.38490,0.37832,0.38391,0.31155,0.31320,0.31254,0.31484,0.31418,0.05994,0.06159,0.05369,0.06126,0.05435,-48.84945,1731.00000
0.38457,0.38819,0.37898,0.39312,0.38194,0.31024,0.31451,0.31024,0.31616,0.31221,0.06093,0.05863,0.05962,0.05600,0.05797,-48.84945,1732.00000
0.38917,0.38523,0.38589,0.38819,0.37964,0.31386,0.31188,0.31254,0.31616,0.31583,0.05468,0.06126,0.06027,0.05929,0.05830,-48.89768,1733.00000
0.38720,0.38293,0.38457,0.38358,0.39181,0.31550,0.31353,0.30761,0.31287,0.31155,0.05764,0.05830,0.05731,0.06258,0.05600,-48.89768,1734.00000
0.38621,0.38687,0.38194,0.38654,0.38523,0.31550,0.31945,0.31715,0.31616,0.31879,0.05731,0.05698,0.05567,0.06093,0.05600,-48.59618,1735.00000
0.38852,0.38325,0.38227,0.38687,0.38424,0.31780,0.31747,0.31254,0.31221,0.31024,0.05665,0.05994,0.05962,0.05369,0.05665,-48.59618,1736.00000
0.38424,0.38917,0.37997,0.38589,0.38589,0.31122,0.31353,0.31418,0.31254,0.31550,0.06356,0.05797,0.05698,0.05633,0.05962,-48.54654,1737.00000
0.37701,0.38523,0.39082,0.39016,0.38852,0.31287,0.30892,0.31715,0.30958,0.31090,0.05567,0.05929,0.05797,0.05896,0.06027,-48.54654,1738.00000
0.38753,0.38457,0.38917,0.38095,0.38325,0.31254,0.31780,0.31451,0.31221,0.31583,0.05731,0.05731,0.05633,0.05797,0.05731,-48.69086,1739.00000
0.38556,0.37832,0.38621,0.38358,0.38786,0.31320,0.31287,0.31715,0.31287,0.31221,0.05764,0.05633,0.05994,0.06060,0.05797,-48.69086,1740.00000
0.38654,0.38950,0.38885,0.38753,0.38161,0.31550,0.31353,0.31517,0.31320,0.31188,0.05304,0.06258,0.05896,0.05633,0.06126,-49.10933,1741.00000
0.38325,0.38687,0.38128,0.38885,0.38161,0.31254,0.31254,0.31155,0.31550,0.31649,0.05994,0.05994,0.05665,0.06126,0.05830,-49.10933,1742.00000
0.38227,0.38062,0.38095,0.38260,0.38621,0.31386,0.31715,0.31451,0.31583,0.31353,0.05929,0.05830,0.06027,0.05567,0.05698,-49.31508,1743.00000
0.38523,0.39213,0.37799,0.38062,0.38556,0.31155,0.31484,0.30958,0.30991,0.31616,0.05896,0.05764,0.05863,0.05929,0.05435,-49.31508,1744.00000
0.38523,0.39049,0.38128,0.39049,0.38621,0.31353,0.31550,0.31517,0.31254,0.31024,0.05863,0.06225,0.05994,0.05962,0.06159,-49.34482,1745.00000
0.38457,0.38589,0.38325,0.38589,0.38786,0.31254,0.31583,0.31583,0.31155,0.31287,0.06159,0.05929,0.06060,0.05698,0.05698,-49.34482,1746.00000
0.38325,0.39148,0.38589,0.38391,0.38556,0.31780,0.30958,0.31057,0.31320,0.31682,0.05468,0.05764,0.05731,0.06027,0.05764,-49.52089,1747.00000
0.38358,0.38293,0.38786,0.38621,0.38424,0.31122,0.31024,0.31517,0.31780,0.31155,0.05929,0.05731,0.06060,0.05994,0.05994,-49.52089,1748.00000
0.38194,0.38523,0.38720,0.37832,0.39345,0.31517,0.31451,0.31418,0.31320,0.31353,0.05830,0.05994,0.05731,0.06356,0.05797,-48.95794,1749.00000
0.38260,0.38062,0.38687,0.37964,0.38852,0.31254,0.31418,0.31682,0.30925,0.30991,0.05830,0.05896,0.05633,0.05994,0.05468,-48.95794,1750.00000
0.38227,0.38885,0.38885,0.37997,0.38457,0.31090,0.31188,0.31353,0.31517,0.31451,0.06093,0.05698,0.05929,0.05962,0.05698,-48.36128,1751.00000
0.39016,0.38556,0.38589,0.37997,0.38852,0.31715,0.31090,0.31517,0.31484,0.31221,0.05633,0.06027,0.06060,0.06159,0.05797,-48.36128,1752.00000
0.38556,0.38819,0.38523,0.38391,0.38457,0.31550,0.31649,0.31221,0.31057,0.31155,0.05863,0.05863,0.05830,0.05929,0.05994,-47.28317,1753.00000
0.38687,0.37964,0.39049,0.38523,0.38325,0.31188,0.31418,0.31517,0.31451,0.31813,0.05698,0.05534,0.05929,0.05633,0.05501,-47.28317,1754.00000
0.38391,0.38556,0.38852,0.38293,0.38325,0.31682,0.31254,0.31550,0.31090,0.31682,0.05896,0.05534,0.05962,0.05863,0.05764,-44.39158,1755.00000
0.38424,0.38194,0.38556,0.38556,0.39115,0.31320,0.31846,0.31780,0.31484,0.31418,0.05896,0.05698,0.06093,0.05863,0.06027,-44.39158,1756.00000
0.38194,0.37865,0.38917,0.38095,0.38621,0.31550,0.31649,0.31451,0.31715,0.31747,0.05764,0.05731,0.06093,0.05830,0.06093,-43.70409,1757.00000
0.37997,0.38720,0.38457,0.38424,0.37997,0.31024,0.31418,0.31418,0.31386,0.31451,0.05665,0.06126,0.05797,0.05994,0.06192,-43.70409,1758.00000
0.38852,0.38589,0.38293,0.37964,0.38556,0.31287,0.31057,0.31550,0.31418,0.31254,0.05567,0.05896,0.05896,0.05929,0.06290,-44.73339,1759.00000
0.39115,0.39016,0.38621,0.38161,0.38621,0.31254,0.31386,0.31254,0.31451,0.31583,0.05731,0.05896,0.05468,0.06126,0.06290,-44.73339,1760.00000
0.38293,0.38687,0.39181,0.38391,0.38786,0.30991,0.31418,0.31484,0.31353,0.31386,0.05830,0.05797,0.05731,0.06159,0.05501,-46.07226,1761.00000
0.37964,0.38457,0.38917,0.38194,0.38358,0.31715,0.31057,0.31122,0.30925,0.31287,0.06225,0.05896,0.05797,0.05994,0.05633,-46.07226,1762.00000
0.38654,0.38293,0.38556,0.38161,0.38062,0.31550,0.31155,0.31320,0.31682,0.31353,0.05863,0.05962,0.05962,0.05665,0.05797,-46.86881,1763.00000
0.38424,0.38589,0.38556,0.39805,0.38457,0.31616,0.31090,0.30991,0.30794,0.31386,0.05501,0.05962,0.05698,0.06060,0.05994,-46.86881,1764.00000
0.37372,0.38260,0.39082,0.38490,0.38391,0.31616,0.31188,0.31320,0.31517,0.31221,0.05633,0.05665,0.06159,0.05994,0.05896,-47.63422,1765.00000
0.38062,0.38983,0.37799,0.38424,0.37635,0.31155,0.30991,0.31320,0.31451,0.31484,0.06422,0.06159,0.06290,0.06126,0.06159,-47.63422,1766.00000
0.38556,0.38490,0.37668,0.38720,0.38194,0.31550,0.31221,0.31550,0.31418,0.31353,0.05962,0.06093,0.05731,0.06060,0.06389,-48.15751,1767.00000
0.37997,0.38325,0.38391,0.38621,0.38753,0.31418,0.31122,0.31254,0.31418,0.30958,0.05830,0.06159,0.06060,0.05731,0.06126,-48.15751,1768.00000
0.38523,0.38095,0.38687,0.38885,0.37799,0.31221,0.31320,0.31024,0.31616,0.31517,0.05567,0.05962,0.05797,0.05962,0.05863,-48.31106,1769.00000
0.38885,0.38457,0.38917,0.38523,0.38786,0.31550,0.31484,0.31155,0.31550,0.31320,0.05929,0.06192,0.06060,0.06060,0.05633,-48.31106,1770.00000
0.38358,0.38753,0.37832,0.38457,0.38358,0.31122,0.31254,0.31155,0.31550,0.31616,0.06225,0.06225,0.05797,0.05797,0.05501,-48.72105,1771.00000
0.38819,0.38917,0.39082,0.38654,0.37997,0.31320,0.30925,0.30991,0.30695,0.31649,0.05764,0.06126,0.05929,0.05929,0.06159,-48.72105,1772.00000
0.38391,0.38227,0.38424,0.38424,0.38391,0.31418,0.31188,0.31155,0.31320,0.31418,0.05830,0.06027,0.06060,0.06356,0.05698,-49.15062,1773.00000
0.38194,0.37997,0.39213,0.38720,0.38523,0.31386,0.30892,0.31188,0.31221,0.30925,0.05665,0.05600,0.05962,0.06093,0.05994,-49.15062,1774.00000
0.38358,0.38358,0.37931,0.37832,0.37931,0.31517,0.30629,0.31122,0.31254,0.31122,0.06126,0.05797,0.06060,0.05797,0.05698,-49.23192,1775.00000
0.38917,0.38654,0.38358,0.38358,0.38786,0.31353,0.31517,0.31188,0.31024,0.31386,0.05929,0.05830,0.05567,0.06027,0.06093,-49.23192,1776.00000
0.38523,0.38358,0.38885,0.37799,0.38654,0.31912,0.31484,0.31484,0.31024,0.31122,0.05863,0.05830,0.06225,0.06126,0.05962,-49.34798,1777.00000
0.38095,0.38293,0.38556,0.38786,0.37997,0.31649,0.31583,0.31386,0.31155,0.31155,0.05764,0.06027,0.05731,0.05830,0.05962,-49.34798,1778.00000
0.38490,0.38720,0.38358,0.38424,0.38029,0.31287,0.31418,0.31188,0.30892,0.31715,0.06126,0.05665,0.05896,0.05896,0.05962,-49.16167,1779.00000
0.38687,0.38161,0.38457,0.38325,0.38523,0.31583,0.31846,0.31221,0.31451,0.31221,0.06027,0.06159,0.05929,0.05962,0.06225,-49.16167,1780.00000
0.38358,0.39049,0.37964,0.38556,0.38095,0.31353,0.31451,0.31418,0.31616,0.31155,0.05994,0.05830,0.05698,0.05797,0.05830,-49.04561,1781.00000
0.38786,0.38753,0.38523,0.37832,0.38490,0.31649,0.31386,0.31287,0.31451,0.31188,0.05665,0.06126,0.05962,0.06225,0.05797,-49.04561,1782.00000
0.38687,0.38621,0.38523,0.38523,0.38621,0.31221,0.31254,0.31616,0.31649,0.31353,0.05896,0.06258,0.05863,0.05929,0.05731,-48.71758,1783.00000
0.38095,0.38194,0.38753,0.38325,0.38391,0.31418,0.31418,0.31386,0.31188,0.31451,0.05896,0.05863,0.06258,0.05994,0.06126,-48.71758,1784.00000
0.38556,0.38358,0.37964,0.38523,0.38523,0.31484,0.31122,0.31583,0.31418,0.31418,0.06027,0.06323,0.06225,0.05534,0.06060,-48.12292,1785.00000
0.37832,0.38227,0.38687,0.38490,0.38556,0.31550,0.31353,0.31484,0.31024,0.31254,0.05764,0.06323,0.05731,0.06060,0.05929,-48.12292,1786.00000
0.38227,0.38885,0.37865,0.38786,0.37931,0.31945,0.30761,0.31451,0.31320,0.31320,0.05962,0.05863,0.05962,0.06159,0.05797,-48.06502,1787.00000
0.38490,0.38720,0.38095,0.38983,0.38260,0.31484,0.31715,0.31386,0.31090,0.31221,0.06060,0.05962,0.06159,0.06060,0.06159,-48.06502,1788.00000
0.38457,0.38983,0.38983,0.38029,0.38161,0.31090,0.30991,0.31221,0.31122,0.31287,0.05665,0.05863,0.06060,0.05764,0.06159,-47.91411,1789.00000
0.38424,0.38227,0.38885,0.38950,0.38029,0.31024,0.31320,0.31978,0.31221,0.31320,0.06060,0.05896,0.06389,0.05797,0.05929,-47.91411,1790.00000
0.38621,0.38885,0.37569,0.39246,0.38029,0.31188,0.31320,0.31451,0.30695,0.31188,0.05994,0.05863,0.05567,0.06521,0.05830,-47.34313,1791.00000
0.38950,0.37997,0.38293,0.38556,0.38687,0.31386,0.31353,0.31682,0.31221,0.30826,0.06159,0.06027,0.06060,0.06290,0.05896,-47.34313,1792.00000
0.38621,0.39016,0.37931,0.38325,0.39016,0.31188,0.31386,0.31353,0.31287,0.31221,0.05962,0.05830,0.05929,0.05698,0.05797,-47.62817,1793.00000
0.38260,0.37898,0.38687,0.38950,0.38293,0.31550,0.31057,0.31320,0.31287,0.31320,0.06060,0.06225,0.05567,0.06027,0.06192,-47.62817,1794.00000
0.38950,0.38062,0.38293,0.37635,0.38358,0.31451,0.31254,0.31287,0.31188,0.31188,0.05534,0.05863,0.05764,0.06093,0.06389,-48.22347,1795.00000
0.38490,0.38621,0.38687,0.38161,0.38523,0.31451,0.31287,0.31484,0.31287,0.31616,0.06159,0.06159,0.06422,0.05698,0.06027,-48.22347,1796.00000
0.38128,0.38687,0.38621,0.38687,0.38885,0.31221,0.31155,0.31188,0.31188,0.31451,0.06258,0.06126,0.05797,0.06093,0.06488,-47.82443,1797.00000
0.38029,0.38654,0.38490,0.38095,0.38029,0.31057,0.31780,0.31616,0.31418,0.31813,0.05863,0.05863,0.05929,0.05994,0.05896,-47.82443,1798.00000
0.38391,0.38753,0.38029,0.38654,0.38391,0.31780,0.31583,0.31517,0.31550,0.31320,0.06126,0.05994,0.06290,0.05929,0.06323,-48.08087,1799.00000
0.38062,0.39115,0.37964,0.38161,0.38917,0.31155,0.30925,0.31254,0.30761,0.31353,0.06159,0.06027,0.05896,0.05830,0.06258,-48.08087,1800.00000
0.37898,0.38621,0.38457,0.39115,0.37865,0.31418,0.30958,0.31583,0.31188,0.31155,0.05896,0.05863,0.05929,0.05731,0.06060,-48.62618,1801.00000
0.38621,0.38194,0.38095,0.38621,0.38687,0.31090,0.31616,0.31616,0.31090,0.31024,0.06060,0.05896,0.06422,0.05962,0.05797,-48.62618,1802.00000
0.38062,0.38885,0.38885,0.38556,0.38654,0.31024,0.31386,0.31221,0.31649,0.31188,0.05698,0.05896,0.06159,0.05896,0.06192,-49.29408,1803.00000
0.38128,0.38424,0.38654,0.38621,0.38490,0.31353,0.31550,0.31550,0.31122,0.31320,0.06093,0.06126,0.06060,0.05929,0.06093,-49.29408,1804.00000
0.37898,0.38819,0.37701,0.38819,0.38490,0.31057,0.31747,0.31517,0.31616,0.31846,0.05764,0.06126,0.06225,0.05994,0.05896,-49.21526,1805.00000
0.38227,0.38786,0.38029,0.38687,0.38062,0.30958,0.31451,0.31024,0.31090,0.30596,0.06258,0.06488,0.05665,0.06192,0.06093,-49.21526,1806.00000
0.38457,0.38391,0.38687,0.38095,0.38720,0.31057,0.31188,0.30826,0.31320,0.31287,0.06093,0.06060,0.05797,0.05994,0.05962,-49.18062,1807.00000
0.38161,0.38358,0.38490,0.38523,0.38457,0.31122,0.31188,0.31221,0.31418,0.31254,0.05863,0.05929,0.06126,0.06126,0.06258,-49.18062,1808.00000
0.38556,0.38556,0.38917,0.38391,0.38260,0.31484,0.31221,0.31254,0.31386,0.31649,0.06159,0.05962,0.05994,0.05863,0.05929,-49.23239,1809.00000
0.38293,0.38589,0.38950,0.38293,0.37964,0.31418,0.31155,0.31517,0.31024,0.31682,0.06027,0.05929,0.05863,0.05698,0.06159,-49.23239,1810.00000
0.38852,0.38556,0.37865,0.38983,0.38293,0.31550,0.31353,0.31155,0.30958,0.31780,0.06126,0.05994,0.05929,0.06126,0.05764,-49.71450,1811.00000
0.38589,0.38260,0.38424,0.37668,0.38424,0.31813,0.31122,0.31583,0.31682,0.31386,0.06126,0.05962,0.06093,0.06027,0.05830,-49.71450,1812.00000
0.38621,0.38753,0.38260,0.37997,0.38589,0.31287,0.31879,0.31320,0.31221,0.31484,0.06619,0.05797,0.05994,0.05633,0.05764,-49.18304,1813.00000
0.38654,0.38391,0.38753,0.38917,0.37997,0.30695,0.31550,0.31188,0.31780,0.31254,0.06027,0.06159,0.05731,0.05994,0.05994,-49.18304,1814.00000
0.38621,0.38457,0.38227,0.38885,0.38227,0.31090,0.31287,0.31024,0.31550,0.31715,0.06126,0.06290,0.06323,0.06060,0.06225,-48.91662,1815.00000
0.37931,0.38293,0.38786,0.38293,0.38720,0.31583,0.31090,0.31418,0.31188,0.30892,0.06027,0.06027,0.05731,0.05929,0.06126,-48.91662,1816.00000
0.38852,0.38457,0.38457,0.38687,0.38128,0.31682,0.31616,0.31517,0.31517,0.31418,0.06290,0.06126,0.06192,0.06060,0.06389,-49.00594,1817.00000
0.38194,0.38885,0.38523,0.38654,0.38293,0.30761,0.31221,0.31024,0.31155,0.31583,0.06027,0.06093,0.06290,0.06093,0.06027,-49.00594,1818.00000
0.37832,0.39016,0.38457,0.38490,0.38457,0.31616,0.31780,0.31517,0.31353,0.31418,0.05764,0.05994,0.05698,0.05863,0.06225,-48.19634,1819.00000
0.38194,0.38358,0.39181,0.38194,0.38621,0.31978,0.32076,0.31155,0.31221,0.31386,0.06126,0.05830,0.05764,0.06060,0.05863,-48.19634,1820.00000
0.38391,0.38358,0.38490,0.38194,0.38029,0.31451,0.31550,0.31254,0.31386,0.31813,0.06027,0.06159,0.06060,0.06093,0.06126,-48.23604,1821.00000
0.38753,0.38260,0.38621,0.38983,0.38786,0.31155,0.31550,0.31715,0.31451,0.31682,0.06027,0.06027,0.06323,0.05830,0.06225,-48.23604,1822.00000
0.38260,0.38720,0.38457,0.38687,0.38852,0.31287,0.31287,0.31155,0.31353,0.31451,0.06093,0.06258,0.05764,0.06290,0.05665,-47.76120,1823.00000
0.38753,0.38523,0.38885,0.38556,0.39213,0.31353,0.31122,0.31550,0.30859,0.31386,0.05830,0.05830,0.05896,0.05962,0.06225,-47.76120,1824.00000
0.38062,0.38424,0.38917,0.38621,0.38621,0.31221,0.31122,0.31090,0.31418,0.31024,0.05994,0.05830,0.05830,0.05929,0.05962,-48.01918,1825.00000
0.38720,0.37799,0.39411,0.37733,0.38029,0.31287,0.31057,0.31418,0.31155,0.31155,0.05896,0.05665,0.06060,0.06586,0.06290,-48.01918,1826.00000
0.38589,0.38161,0.38589,0.38293,0.38654,0.31747,0.31090,0.31090,0.31978,0.31254,0.06389,0.05764,0.06060,0.06356,0.06455,-48.20908,1827.00000
0.39148,0.37964,0.38391,0.38457,0.38325,0.31386,0.31583,0.31287,0.31090,0.31122,0.06652,0.05896,0.06290,0.06126,0.06159,-48.20908,1828.00000
0.38523,0.38391,0.38687,0.37898,0.38621,0.31583,0.31616,0.31155,0.31451,0.31353,0.06060,0.06192,0.06159,0.06356,0.06060,-48.05735,1829.00000
0.38293,0.38720,0.37832,0.38753,0.38490,0.31353,0.31353,0.31320,0.31649,0.31583,0.06159,0.06225,0.05830,0.05994,0.05797,-48.05735,1830.00000
0.38194,0.38325,0.38029,0.38062,0.38885,0.31122,0.30859,0.31583,0.31747,0.31912,0.06027,0.05994,0.06685,0.05994,0.05896,-48.30777,1831.00000
0.38358,0.38556,0.38950,0.38424,0.39082,0.31418,0.31649,0.31386,0.31583,0.31287,0.05929,0.06159,0.06126,0.05994,0.06356,-48.30777,1832.00000
0.38654,0.38589,0.38128,0.38128,0.38950,0.31912,0.30958,0.31254,0.31254,0.31320,0.06422,0.06225,0.06290,0.06290,0.05962,-48.36729,1833.00000
0.38720,0.38325,0.39279,0.38424,0.39082,0.30958,0.31945,0.31780,0.31682,0.31715,0.06159,0.06159,0.06258,0.05698,0.06290,-48.36729,1834.00000
0.38325,0.38621,0.38753,0.38391,0.39082,0.31221,0.31353,0.31550,0.31221,0.31254,0.05962,0.06060,0.06290,0.05929,0.06225,-48.14330,1835.00000
0.38556,0.38786,0.38260,0.39016,0.38589,0.30958,0.31024,0.31024,0.31221,0.31254,0.05896,0.06060,0.06159,0.05830,0.05830,-48.14330,1836.00000
0.38852,0.38457,0.38556,0.38325,0.38293,0.30991,0.31353,0.31747,0.31978,0.31386,0.06258,0.06225,0.06356,0.06060,0.06225,-48.42040,1837.00000
0.38687,0.38095,0.38424,0.38983,0.38589,0.31517,0.30991,0.31320,0.31090,0.31550,0.06192,0.06455,0.06060,0.06159,0.06093,-48.42040,1838.00000
0.37997,0.38391,0.38720,0.39016,0.38687,0.31188,0.30826,0.30991,0.31320,0.31188,0.05896,0.05665,0.06192,0.06027,0.06290,-48.56445,1839.00000
0.38029,0.38227,0.38885,0.38687,0.38589,0.31682,0.31550,0.31846,0.31616,0.31287,0.05863,0.05830,0.05994,0.06389,0.06192,-48.56445,1840.00000
0.38786,0.38523,0.38029,0.38786,0.38260,0.31616,0.31484,0.31813,0.31583,0.31320,0.05929,0.06290,0.05896,0.05994,0.05863,-48.54003,1841.00000
0.38128,0.38325,0.38424,0.38556,0.38227,0.31254,0.31517,0.31451,0.31287,0.31550,0.06389,0.06093,0.05567,0.06093,0.06027,-48.54003,1842.00000
0.37931,0.38819,0.38950,0.38161,0.38260,0.31254,0.30695,0.30859,0.31221,0.31780,0.05962,0.05830,0.06455,0.05929,0.06323,-48.60189,1843.00000
0.38556,0.38885,0.37964,0.38227,0.38654,0.31254,0.31320,0.31221,0.31517,0.31484,0.06422,0.06192,0.06323,0.06290,0.05962,-48.60189,1844.00000
0.38852,0.38720,0.38589,0.38523,0.38424,0.31484,0.31747,0.31024,0.31649,0.31451,0.06586,0.06258,0.05994,0.06258,0.06093,-48.91167,1845.00000
0.38654,0.38589,0.38654,0.38128,0.38128,0.31451,0.31122,0.31550,0.31912,0.31780,0.06290,0.06126,0.06027,0.06159,0.06488,-48.91167,1846.00000
0.38885,0.38753,0.38424,0.38852,0.38983,0.31122,0.31484,0.31221,0.31188,0.31649,0.05994,0.06159,0.06126,0.06356,0.06225,-49.40791,1847.00000
0.38556,0.38490,0.38424,0.38720,0.38556,0.31484,0.31320,0.30991,0.31122,0.31451,0.06225,0.05731,0.05896,0.05962,0.06126,-49.40791,1848.00000
0.38720,0.38325,0.38589,0.38391,0.38523,0.31484,0.31484,0.30826,0.31846,0.31616,0.05863,0.06290,0.05929,0.05962,0.05929,-49.67201,1849.00000
0.38029,0.38819,0.38983,0.38260,0.38457,0.31846,0.31155,0.31517,0.30794,0.31386,0.06488,0.06225,0.05929,0.05994,0.05962,-49.67201,1850.00000
0.38852,0.38391,0.38391,0.38753,0.38161,0.31912,0.31320,0.31221,0.31484,0.31024,0.05962,0.06192,0.06225,0.06488,0.06718,-49.00823,1851.00000
0.38852,0.39016,0.38293,0.38556,0.38819,0.31418,0.31254,0.31846,0.31024,0.31090,0.05698,0.06225,0.06258,0.05962,0.06093,-49.00823,1852.00000
0.38523,0.38556,0.38227,0.38161,0.38161,0.31451,0.31418,0.31353,0.31484,0.31386,0.06060,0.05962,0.06422,0.06389,0.06027,-47.88699,1853.00000
0.38325,0.38556,0.37997,0.37997,0.38621,0.31451,0.31353,0.31386,0.31451,0.31945,0.06290,0.05830,0.06060,0.05929,0.06126,-47.88699,1854.00000
0.38325,0.37898,0.38654,0.38556,0.38029,0.31517,0.31320,0.31583,0.31418,0.31616,0.06521,0.06389,0.06225,0.05863,0.05994,-48.07375,1855.00000
0.38128,0.38227,0.38621,0.38391,0.38654,0.31484,0.31386,0.31451,0.31188,0.30892,0.06323,0.05929,0.06225,0.05797,0.06323,-48.07375,1856.00000
0.38654,0.38852,0.38424,0.37569,0.38852,0.31090,0.31386,0.31484,0.31978,0.31320,0.06290,0.05929,0.05863,0.06225,0.06290,-47.97690,1857.00000
0.38161,0.38095,0.38687,0.38687,0.38227,0.31320,0.31254,0.31451,0.31418,0.31320,0.05896,0.05962,0.06126,0.06422,0.05731,-47.97690,1858.00000
0.38293,0.38589,0.38786,0.38128,0.38391,0.31682,0.31188,0.31386,0.31024,0.31090,0.05994,0.06159,0.06554,0.06258,0.06060,-47.73167,1859.00000
0.39082,0.38325,0.38885,0.38720,0.38753,0.31155,0.31616,0.31353,0.31682,0.31484,0.06323,0.06159,0.06159,0.05764,0.06060,-47.73167,1860.00000
0.38095,0.38621,0.38950,0.38260,0.38819,0.31451,0.31188,0.31188,0.31221,0.31780,0.06060,0.06027,0.05863,0.06093,0.06258,-48.01415,1861.00000
0.37898,0.38720,0.38095,0.39213,0.38621,0.31846,0.31386,0.31715,0.31090,0.31616,0.06126,0.06093,0.06060,0.06093,0.06060,-48.01415,1862.00000
0.38753,0.38523,0.38687,0.37898,0.37799,0.31451,0.31747,0.31320,0.31254,0.31090,0.06652,0.06159,0.06422,0.05962,0.05764,-48.24641,1863.00000
0.38490,0.38621,0.38687,0.38852,0.38490,0.31879,0.31616,0.31583,0.31484,0.31418,0.06093,0.05698,0.06060,0.06290,0.05929,-48.24641,1864.00000
0.39246,0.38490,0.38819,0.39181,0.39082,0.31353,0.31418,0.31254,0.31155,0.31057,0.06159,0.06126,0.05962,0.05863,0.06389,-48.80327,1865.00000
0.38917,0.39016,0.38654,0.38720,0.38819,0.31682,0.31517,0.31287,0.31484,0.31353,0.05863,0.06027,0.06290,0.06192,0.06225,-48.80327,1866.00000
0.38852,0.37701,0.38589,0.39115,0.38128,0.31418,0.31583,0.31418,0.31517,0.31418,0.06159,0.05994,0.06126,0.06356,0.06389,-48.61136,1867.00000
0.38457,0.38358,0.38621,0.38227,0.39082,0.31813,0.31254,0.31616,0.31122,0.31287,0.06027,0.06225,0.06192,0.06093,0.06389,-48.61136,1868.00000
0.38654,0.38391,0.38786,0.37536,0.38786,0.31057,0.31517,0.31057,0.30958,0.31090,0.06225,0.06159,0.06093,0.06323,0.06159,-48.37925,1869.00000
0.38589,0.39016,0.38161,0.38358,0.38589,0.31451,0.31616,0.30991,0.31813,0.31517,0.05929,0.06258,0.06060,0.06027,0.06488,-48.37925,1870.00000
0.38589,0.38687,0.38523,0.38260,0.38687,0.31517,0.31550,0.30695,0.31517,0.31780,0.06225,0.06027,0.06422,0.06356,0.06126,-48.06175,1871.00000
0.38457,0.38819,0.38325,0.38917,0.38260,0.31353,0.31188,0.31188,0.31024,0.30925,0.05994,0.06455,0.05665,0.06192,0.06225,-48.06175,1872.00000
0.38358,0.38523,0.38260,0.38819,0.38161,0.31484,0.31451,0.30892,0.31451,0.31090,0.06356,0.06290,0.05994,0.06290,0.05994,-48.31884,1873.00000
0.38720,0.37931,0.38556,0.38654,0.38358,0.31517,0.30761,0.31122,0.31386,0.31517,0.06159,0.06652,0.06422,0.06027,0.05929,-48.31884,1874.00000
0.38589,0.38227,0.38325,0.38852,0.38654,0.31451,0.31517,0.31221,0.31287,0.31715,0.05962,0.06192,0.06126,0.05863,0.06192,-48.23144,1875.00000
0.38457,0.38687,0.38917,0.38161,0.38358,0.30892,0.31780,0.31747,0.31945,0.31221,0.06192,0.06356,0.06356,0.06521,0.06323,-48.23144,1876.00000
0.38490,0.39082,0.37799,0.38260,0.38654,0.31122,0.31386,0.31550,0.31320,0.31649,0.06389,0.06093,0.06159,0.06455,0.06027,-48.39941,1877.00000
0.38523,0.38621,0.38589,0.38391,0.38293,0.31057,0.31418,0.31484,0.31583,0.31715,0.06356,0.05994,0.06258,0.05896,0.06554,-48.39941,1878.00000
0.38194,0.38095,0.38720,0.38786,0.38852,0.31418,0.30958,0.31386,0.31484,0.31682,0.06192,0.06356,0.05698,0.06290,0.06225,-48.31282,1879.00000
0.38424,0.38457,0.38424,0.38753,0.38589,0.30958,0.31287,0.31715,0.31353,0.31090,0.06159,0.05962,0.06126,0.06356,0.06060,-48.31282,1880.00000
0.37964,0.38786,0.38194,0.38687,0.38194,0.31254,0.31090,0.31517,0.31517,0.31287,0.06060,0.06323,0.06159,0.06521,0.05962,-48.11024,1881.00000
0.38128,0.39016,0.38917,0.38062,0.38293,0.31418,0.31451,0.31386,0.31451,0.31320,0.06192,0.06093,0.06290,0.05929,0.06093,-48.11024,1882.00000
0.38556,0.38424,0.38293,0.38424,0.38424,0.31451,0.31451,0.31451,0.31583,0.31221,0.06488,0.06290,0.06356,0.06192,0.06258,-48.14771,1883.00000
0.38260,0.38753,0.38523,0.38654,0.38029,0.31353,0.31418,0.31287,0.31780,0.31682,0.06290,0.06258,0.06290,0.06060,0.05994,-48.14771,1884.00000
0.38062,0.39148,0.38293,0.38260,0.38358,0.31188,0.31320,0.31715,0.31451,0.31649,0.05962,0.06093,0.05962,0.06060,0.06258,-48.40707,1885.00000
0.38293,0.38885,0.38852,0.37733,0.38621,0.31451,0.31287,0.31353,0.31188,0.31550,0.05797,0.06488,0.06323,0.06323,0.06258,-48.40707,1886.00000
0.38128,0.39181,0.38819,0.37799,0.38654,0.31879,0.31024,0.31155,0.31353,0.31287,0.05994,0.06060,0.06093,0.06159,0.06290,-48.53766,1887.00000
0.38062,0.38523,0.37865,0.38753,0.37964,0.30859,0.31484,0.31090,0.31155,0.31517,0.06159,0.06619,0.06455,0.05863,0.06389,-48.53766,1888.00000
0.37635,0.38621,0.38654,0.38062,0.38556,0.31353,0.31353,0.30925,0.31024,0.31583,0.06389,0.05994,0.06225,0.06093,0.06225,-48.61006,1889.00000
0.38589,0.37997,0.38391,0.38621,0.38687,0.31418,0.31418,0.31747,0.31451,0.31188,0.05863,0.06225,0.06159,0.06027,0.06356,-48.61006,1890.00000
0.38029,0.38194,0.38490,0.38424,0.38391,0.31418,0.31287,0.30859,0.31682,0.30925,0.06159,0.06126,0.06290,0.06093,0.05929,-48.71530,1891.00000
0.38589,0.38523,0.38786,0.38128,0.38523,0.31386,0.31418,0.31879,0.31320,0.31188,0.06258,0.06060,0.06323,0.06422,0.05994,-48.71530,1892.00000
0.37931,0.38819,0.37865,0.39082,0.38457,0.31221,0.30892,0.31287,0.31517,0.31188,0.06027,0.06290,0.06290,0.05994,0.06093,-49.11098,1893.00000
0.38917,0.38720,0.38621,0.38293,0.38523,0.31155,0.31517,0.31780,0.31057,0.31353,0.05994,0.06225,0.06356,0.05863,0.05929,-49.11098,1894.00000
0.38161,0.38523,0.38029,0.38424,0.37865,0.31287,0.31320,0.31287,0.31353,0.31353,0.06258,0.06060,0.05698,0.06455,0.06290,-49.48056,1895.00000
0.38885,0.38227,0.38589,0.38490,0.38293,0.31451,0.31353,0.31386,0.31846,0.31517,0.06389,0.06126,0.06192,0.05633,0.06356,-49.48056,1896.00000
0.38194,0.39246,0.38720,0.38457,0.38753,0.31254,0.31188,0.31517,0.31912,0.30991,0.06455,0.06225,0.06093,0.06422,0.06290,-48.86595,1897.00000
0.38260,0.38917,0.38358,0.38786,0.39181,0.31122,0.30859,0.31320,0.30859,0.31287,0.05896,0.06389,0.06027,0.06258,0.06356,-48.86595,1898.00000
0.38786,0.38095,0.38621,0.38687,0.38621,0.31254,0.30892,0.30892,0.31386,0.31320,0.06060,0.06126,0.06192,0.05929,0.06225,-49.14143,1899.00000
0.37865,0.39016,0.37997,0.38293,0.38720,0.31221,0.31221,0.31221,0.31550,0.31353,0.06258,0.06455,0.06521,0.06422,0.06192,-49.14143,1900.00000
0.38095,0.38062,0.38556,0.38786,0.37931,0.30958,0.31221,0.31024,0.31451,0.31155,0.06323,0.06192,0.06323,0.06323,0.06159,-48.61056,1901.00000
0.38720,0.38293,0.37931,0.38391,0.38128,0.31090,0.31057,0.30991,0.31813,0.31353,0.06389,0.06356,0.06488,0.06225,0.06455,-48.61056,1902.00000
0.38523,0.38062,0.38424,0.38720,0.38523,0.31550,0.31057,0.31715,0.31320,0.31188,0.06652,0.06159,0.06225,0.06225,0.06258,-48.22898,1903.00000
0.38457,0.37997,0.38523,0.37964,0.38885,0.31287,0.30925,0.31583,0.31221,0.31122,0.06093,0.06290,0.06290,0.06422,0.06192,-48.22898,1904.00000
0.38325,0.38589,0.38654,0.38819,0.38391,0.31517,0.31024,0.31550,0.31517,0.31254,0.06159,0.06521,0.06652,0.06159,0.05896,-48.53449,1905.00000
0.38293,0.38260,0.38391,0.38325,0.38523,0.31550,0.31451,0.31254,0.31188,0.31221,0.06192,0.06290,0.06225,0.05994,0.06290,-48.53449,1906.00000
0.38917,0.38325,0.38029,0.38128,0.38687,0.31484,0.31386,0.31057,0.31418,0.31090,0.06126,0.06422,0.06159,0.05896,0.06389,-48.14897,1907.00000
0.38589,0.38391,0.38687,0.38589,0.38457,0.31287,0.31386,0.31254,0.31517,0.31747,0.06356,0.06356,0.05797,0.06455,0.06258,-48.14897,1908.00000
0.38786,0.38589,0.38589,0.38819,0.38786,0.30991,0.31550,0.31386,0.31616,0.31155,0.06225,0.06126,0.06093,0.05830,0.06093,-48.45511,1909.00000
0.38457,0.38556,0.38325,0.38687,0.38983,0.31550,0.31682,0.30958,0.31386,0.31517,0.06323,0.06258,0.06159,0.06389,0.05929,-48.45511,1910.00000
0.38556,0.38194,0.38556,0.38523,0.38753,0.31451,0.31484,0.31484,0.31057,0.31254,0.06159,0.06488,0.06060,0.06258,0.06192,-48.39878,1911.00000
0.38819,0.38161,0.37898,0.38227,0.38621,0.31583,0.31912,0.31484,0.31451,0.31090,0.06159,0.05764,0.06554,0.06488,0.06258,-48.39878,1912.00000
0.38161,0.38885,0.38720,0.39575,0.38687,0.31418,0.30958,0.31188,0.31616,0.31616,0.06356,0.06225,0.06258,0.05962,0.06060,-48.24405,1913.00000
0.38128,0.39082,0.38523,0.38885,0.38325,0.31846,0.31747,0.31484,0.31353,0.31090,0.06192,0.06389,0.06225,0.06258,0.06192,-48.24405,1914.00000
0.38589,0.38095,0.38325,0.38391,0.38654,0.31221,0.31484,0.31254,0.31188,0.31188,0.06225,0.06323,0.06027,0.06192,0.05962,-47.81699,1915.00000
0.38358,0.38227,0.38490,0.37832,0.38753,0.31353,0.30728,0.31386,0.31649,0.31484,0.06060,0.06356,0.06126,0.06323,0.06389,-47.81699,1916.00000
0.38556,0.38391,0.38029,0.38556,0.38983,0.31287,0.31221,0.31649,0.31682,0.31155,0.06389,0.06356,0.05994,0.06488,0.06290,-48.57070,1917.00000
0.38490,0.38556,0.38391,0.38621,0.37997,0.31583,0.31517,0.31780,0.31649,0.31287,0.06060,0.06258,0.06159,0.06422,0.06225,-48.57070,1918.00000
0.38786,0.37997,0.38424,0.38490,0.39411,0.31386,0.31517,0.31221,0.31386,0.31484,0.06126,0.06290,0.06586,0.06422,0.06290,-48.84694,1919.00000
0.38194,0.38819,0.38161,0.38391,0.38654,0.31122,0.31418,0.31221,0.31583,0.31451,0.06060,0.06225,0.06225,0.06258,0.06290,-48.84694,1920.00000
0.38029,0.38523,0.38819,0.38293,0.38687,0.31846,0.31616,0.31616,0.31155,0.31287,0.06126,0.06422,0.06521,0.06258,0.06093,-49.41521,1921.00000
0.38589,0.39016,0.38325,0.38391,0.38523,0.31550,0.31484,0.31122,0.31846,0.31188,0.06126,0.06356,0.05994,0.06356,0.06389,-49.41521,1922.00000
0.38621,0.38457,0.38885,0.38556,0.38260,0.31484,0.31287,0.30563,0.31122,0.31024,0.06422,0.06356,0.06225,0.06488,0.06258,-49.70943,1923.00000
0.38556,0.38589,0.38621,0.38885,0.38391,0.31024,0.31517,0.31517,0.31188,0.31057,0.06159,0.06290,0.06258,0.06060,0.06455,-49.70943,1924.00000
0.38687,0.38325,0.37799,0.38687,0.38885,0.31221,0.31155,0.31649,0.31057,0.31254,0.06225,0.06258,0.06488,0.06323,0.06258,-49.98695,1925.00000
0.38523,0.38621,0.38161,0.39049,0.37766,0.31287,0.31517,0.31550,0.31418,0.31451,0.06652,0.06159,0.06258,0.06455,0.06060,-49.98695,1926.00000
0.38654,0.38490,0.38457,0.39049,0.37997,0.31254,0.30662,0.31780,0.30662,0.31550,0.06422,0.06192,0.06323,0.06258,0.06225,-49.62672,1927.00000
0.38062,0.38391,0.38917,0.38589,0.38194,0.31353,0.31418,0.31747,0.31221,0.31155,0.06586,0.06554,0.06192,0.06455,0.06751,-49.62672,1928.00000
0.38654,0.39312,0.38161,0.38457,0.38260,0.31715,0.31287,0.32175,0.31090,0.31386,0.06422,0.06225,0.05994,0.06159,0.06192,-50.00668,1929.00000
0.38293,0.38325,0.38424,0.38391,0.38983,0.30991,0.31057,0.31090,0.31813,0.31550,0.06356,0.06192,0.05962,0.06323,0.06751,-50.00668,1930.00000
0.37799,0.38621,0.38161,0.38950,0.38293,0.31517,0.31451,0.31353,0.30892,0.31386,0.06192,0.06422,0.06093,0.06159,0.06027,-49.63661,1931.00000
0.38556,0.38457,0.38523,0.38358,0.37799,0.31517,0.31747,0.31418,0.30991,0.31287,0.06422,0.05896,0.06323,0.06192,0.06356,-49.63661,1932.00000
0.38424,0.38128,0.38358,0.38194,0.38095,0.31122,0.31550,0.31517,0.31287,0.31320,0.06356,0.05994,0.06060,0.05797,0.06159,-49.15227,1933.00000
0.37931,0.38786,0.38424,0.38589,0.38885,0.31221,0.31682,0.31353,0.31418,0.31780,0.06652,0.06422,0.06126,0.06554,0.06159,-49.15227,1934.00000
0.38260,0.38753,0.38523,0.38819,0.38556,0.31418,0.31780,0.31682,0.31221,0.31287,0.06455,0.06389,0.06488,0.06225,0.06488,-48.93355,1935.00000
0.38556,0.38161,0.38720,0.38391,0.38885,0.31155,0.31155,0.31287,0.31155,0.31418,0.05994,0.06159,0.06126,0.06521,0.06126,-48.93355,1936.00000
0.38457,0.38720,0.38687,0.38424,0.38786,0.31155,0.31024,0.31583,0.31287,0.31320,0.06356,0.06093,0.06652,0.06225,0.06356,-48.65589,1937.00000
0.38917,0.38654,0.38128,0.38819,0.38589,0.31287,0.31254,0.31386,0.31550,0.31057,0.06554,0.06290,0.06323,0.06356,0.06356,-48.65589,1938.00000
0.38523,0.37799,0.38621,0.37799,0.38654,0.31090,0.31254,0.31649,0.31320,0.31320,0.06225,0.06488,0.06225,0.06159,0.06126,-48.46591,1939.00000
0.38654,0.38424,0.38490,0.39115,0.38490,0.31254,0.31682,0.31747,0.31649,0.31484,0.06389,0.06554,0.06356,0.06488,0.06619,-48.46591,1940.00000
0.38786,0.38490,0.38687,0.38687,0.38293,0.31320,0.31287,0.30925,0.31715,0.31550,0.06356,0.06389,0.06093,0.06619,0.06126,-48.12929,1941.00000
0.38852,0.37865,0.39016,0.38687,0.38391,0.30958,0.31254,0.31517,0.31649,0.31517,0.06521,0.06323,0.06488,0.06488,0.06356,-48.12929,1942.00000
0.38260,0.38457,0.38654,0.38391,0.39016,0.31254,0.31221,0.30925,0.31418,0.31484,0.06126,0.06323,0.06389,0.06323,0.06389,-48.17669,1943.00000
0.38227,0.38654,0.38720,0.38950,0.38885,0.31418,0.31188,0.31386,0.31616,0.31649,0.06685,0.06488,0.06323,0.06422,0.06093,-48.17669,1944.00000
0.38128,0.38457,0.38950,0.38457,0.38325,0.30925,0.31484,0.31517,0.31682,0.31090,0.06290,0.06323,0.06225,0.06488,0.06521,-48.05366,1945.00000
0.38621,0.38687,0.38161,0.38358,0.38753,0.30958,0.30991,0.31649,0.31418,0.31122,0.05929,0.06159,0.06455,0.06258,0.06389,-48.05366,1946.00000
0.38391,0.38852,0.38128,0.38720,0.38950,0.31221,0.31221,0.31254,0.31550,0.31846,0.06060,0.06586,0.06554,0.06126,0.06258,-48.08070,1947.00000
0.38687,0.38161,0.38523,0.38293,0.39148,0.31484,0.31287,0.31649,0.31386,0.31386,0.06356,0.06685,0.06027,0.06323,0.06389,-48.08070,1948.00000
0.38358,0.37964,0.38654,0.38194,0.38654,0.31418,0.30925,0.31254,0.31287,0.31320,0.06258,0.06126,0.06356,0.06027,0.06488,-48.30380,1949.00000
0.38128,0.38358,0.38095,0.38293,0.38786,0.30991,0.31715,0.31024,0.31353,0.31649,0.05896,0.06784,0.06060,0.06488,0.06685,-48.30380,1950.00000
0.38885,0.38819,0.38424,0.38950,0.38819,0.31912,0.31517,0.31353,0.31188,0.31254,0.06586,0.06389,0.06521,0.06488,0.06554,-48.34023,1951.00000
0.38128,0.38556,0.38753,0.38819,0.38293,0.31649,0.31583,0.31155,0.31484,0.31418,0.06455,0.06488,0.06652,0.06422,0.06422,-48.34023,1952.00000
0.38293,0.38490,0.38885,0.38457,0.38062,0.31386,0.31353,0.31879,0.31155,0.31353,0.06126,0.06488,0.06258,0.06356,0.06323,-48.59889,1953.00000
0.38720,0.38391,0.38556,0.39049,0.38687,0.31550,0.31024,0.31287,0.30925,0.31649,0.06521,0.06060,0.06258,0.06652,0.06258,-48.59889,1954.00000
0.38293,0.38358,0.38819,0.38523,0.38128,0.31090,0.30892,0.31122,0.31517,0.31550,0.06093,0.06356,0.06258,0.06323,0.06323,-48.78923,1955.00000
0.38227,0.38950,0.38687,0.38325,0.38983,0.31386,0.30958,0.31517,0.30958,0.31221,0.06389,0.06356,0.06258,0.06389,0.06356,-48.78923,1956.00000
0.38424,0.38687,0.38227,0.38391,0.39115,0.31418,0.31090,0.31747,0.31287,0.31386,0.06027,0.06784,0.06159,0.06290,0.06521,-48.96333,1957.00000
0.38753,0.38490,0.38654,0.38654,0.38194,0.31320,0.31353,0.31188,0.31386,0.31090,0.05830,0.06290,0.06455,0.06323,0.06323,-48.96333,1958.00000
0.38523,0.38391,0.38885,0.38457,0.39115,0.31418,0.31484,0.31221,0.31451,0.31057,0.06389,0.06290,0.06685,0.05962,0.06258,-48.77666,1959.00000
0.38687,0.38523,0.38687,0.38556,0.38556,0.31155,0.31353,0.31418,0.31583,0.31090,0.06685,0.06784,0.06619,0.06356,0.06356,-48.77666,1960.00000
0.38095,0.38589,0.38687,0.38424,0.39312,0.30958,0.31320,0.31386,0.31418,0.31583,0.06586,0.06455,0.06225,0.06093,0.06521,-48.46341,1961.00000
0.38490,0.38621,0.38819,0.38095,0.38786,0.31813,0.31221,0.31484,0.31583,0.31418,0.06422,0.06290,0.06685,0.06258,0.06159,-48.46341,1962.00000
0.38358,0.38556,0.38424,0.38523,0.38654,0.31287,0.31386,0.31780,0.31287,0.31024,0.06126,0.06685,0.06554,0.06356,0.06290,-48.85354,1963.00000
0.38161,0.38424,0.38161,0.38260,0.37997,0.31780,0.31386,0.31418,0.31484,0.31484,0.06422,0.06619,0.06093,0.06488,0.06356,-48.85354,1964.00000
0.37668,0.38621,0.38720,0.38391,0.39049,0.31287,0.31682,0.31649,0.31320,0.31418,0.06258,0.06422,0.06258,0.06455,0.06488,-48.39748,1965.00000
0.38391,0.39016,0.38358,0.38227,0.39148,0.31386,0.31353,0.31715,0.31550,0.31418,0.06488,0.06718,0.06258,0.06586,0.06225,-48.39748,1966.00000
0.38490,0.39246,0.37898,0.38753,0.38556,0.31287,0.30958,0.31418,0.31254,0.31780,0.06290,0.06159,0.06389,0.06554,0.06488,-48.14715,1967.00000
0.38720,0.38687,0.38819,0.38391,0.38490,0.31057,0.31090,0.31090,0.31484,0.31122,0.06652,0.06323,0.06192,0.06685,0.06192,-48.14715,1968.00000
0.38786,0.38556,0.38358,0.38819,0.38490,0.31386,0.31287,0.31254,0.31287,0.31682,0.06258,0.06784,0.06192,0.06488,0.06290,-48.11535,1969.00000
0.38490,0.38325,0.38720,0.38885,0.39016,0.31649,0.31715,0.31320,0.31550,0.31682,0.06093,0.06685,0.06619,0.06389,0.06159,-48.11535,1970.00000
0.38358,0.38325,0.38621,0.38457,0.38325,0.31353,0.31649,0.31320,0.31155,0.31188,0.06619,0.06225,0.06290,0.06290,0.06422,-47.98836,1971.00000
0.38589,0.38293,0.38293,0.38983,0.38819,0.31583,0.31287,0.31780,0.31057,0.31024,0.06356,0.06619,0.06060,0.06619,0.06290,-47.98836,1972.00000
0.38029,0.37964,0.39049,0.38062,0.38654,0.31550,0.31386,0.31879,0.31155,0.31484,0.06258,0.06323,0.06389,0.06126,0.06422,-47.90044,1973.00000
0.39181,0.38325,0.38194,0.38325,0.38786,0.31057,0.31057,0.30925,0.31254,0.31320,0.06685,0.06159,0.06093,0.06356,0.06192,-47.90044,1974.00000
0.38424,0.38391,0.38391,0.38852,0.38391,0.31780,0.31090,0.31649,0.31254,0.31451,0.06619,0.06455,0.06290,0.06422,0.06356,-48.24710,1975.00000
0.38621,0.38819,0.38917,0.38490,0.38490,0.31386,0.31254,0.31254,0.31386,0.31353,0.05896,0.06751,0.06225,0.06488,0.06356,-48.24710,1976.00000
0.38852,0.38227,0.38950,0.38260,0.38457,0.31353,0.31287,0.31418,0.31057,0.31320,0.06455,0.06389,0.06915,0.06258,0.06093,-47.97691,1977.00000
0.38194,0.38753,0.38424,0.38391,0.37766,0.30859,0.31057,0.30761,0.31747,0.31353,0.06488,0.06323,0.06718,0.06225,0.06488,-47.97691,1978.00000
0.39016,0.39016,0.37997,0.38424,0.38786,0.31254,0.31386,0.31616,0.31090,0.31649,0.06850,0.06356,0.06455,0.06586,0.06323,-48.46573,1979.00000
0.38950,0.38358,0.38556,0.38424,0.38687,0.31715,0.30695,0.31254,0.31155,0.31616,0.06948,0.06192,0.06586,0.06389,0.06619,-48.46573,1980.00000
0.38194,0.38325,0.38523,0.38457,0.38227,0.31386,0.31024,0.31287,0.31682,0.31682,0.06290,0.06586,0.06554,0.06455,0.06685,-48.36192,1981.00000
0.38753,0.38293,0.38424,0.38589,0.38161,0.31682,0.31418,0.31451,0.31517,0.31155,0.06455,0.06159,0.06554,0.06258,0.06159,-48.36192,1982.00000
0.38391,0.38950,0.38819,0.38621,0.39115,0.31418,0.31451,0.31254,0.31517,0.31122,0.05896,0.06225,0.06554,0.06488,0.06225,-48.96003,1983.00000
0.38358,0.37569,0.38621,0.38161,0.38720,0.31287,0.31747,0.31155,0.31057,0.31747,0.06225,0.06685,0.06389,0.06817,0.06356,-48.96003,1984.00000
0.38095,0.38983,0.38621,0.39082,0.38654,0.30728,0.31188,0.31386,0.31254,0.31386,0.06290,0.06554,0.06422,0.06422,0.06619,-48.82329,1985.00000
0.39213,0.37997,0.38654,0.38490,0.38556,0.31945,0.31780,0.31682,0.31780,0.31682,0.06356,0.06126,0.06290,0.06323,0.06488,-48.82329,1986.00000
0.38358,0.38523,0.39016,0.38325,0.38391,0.30892,0.31287,0.31024,0.31090,0.31517,0.06159,0.06389,0.06554,0.06389,0.06258,-48.68167,1987.00000
0.38687,0.38917,0.38260,0.38325,0.38556,0.31418,0.31517,0.31155,0.31155,0.31353,0.06784,0.06258,0.06389,0.06652,0.06521,-48.68167,1988.00000
0.38753,0.38391,0.39213,0.38687,0.38227,0.31484,0.31484,0.31517,0.31451,0.31353,0.06258,0.06356,0.06389,0.06619,0.06060,-48.78257,1989.00000
0.38161,0.38029,0.38720,0.38424,0.38523,0.31320,0.31287,0.31155,0.31122,0.31780,0.06685,0.06488,0.06915,0.06422,0.06258,-48.78257,1990.00000
0.38556,0.38687,0.38424,0.38490,0.38885,0.31517,0.31484,0.31090,0.31846,0.31912,0.06192,0.06323,0.06554,0.06521,0.06488,-48.14020,1991.00000
0.38293,0.38260,0.38983,0.38424,0.38260,0.31155,0.31386,0.31418,0.31780,0.31287,0.06619,0.06290,0.06652,0.06126,0.06652,-48.14020,1992.00000
0.38260,0.38852,0.39115,0.38194,0.39181,0.31386,0.31353,0.31254,0.31484,0.31484,0.06455,0.06488,0.06323,0.06619,0.06586,-47.90239,1993.00000
0.38621,0.38490,0.38556,0.38424,0.38424,0.30991,0.31024,0.31517,0.31155,0.31517,0.06126,0.06356,0.06554,0.06389,0.06389,-47.90239,1994.00000
0.38589,0.38556,0.38819,0.38950,0.38819,0.30991,0.31616,0.31879,0.31090,0.31386,0.06290,0.06554,0.06258,0.06455,0.06225,-47.73896,1995.00000
0.38589,0.38358,0.38260,0.38621,0.37733,0.31386,0.31715,0.31451,0.31550,0.31912,0.06521,0.06159,0.06290,0.06685,0.06586,-47.73896,1996.00000
0.38852,0.38391,0.38589,0.38227,0.37766,0.31254,0.31517,0.31517,0.31386,0.31484,0.06422,0.06422,0.06323,0.06586,0.06389,-47.81068,1997.00000
0.38983,0.38424,0.38227,0.38490,0.38917,0.31353,0.31221,0.31320,0.30991,0.31155,0.06323,0.06586,0.06422,0.06455,0.06652,-47.81068,1998.00000
0.38523,0.38687,0.38621,0.38161,0.37997,0.31550,0.31320,0.31517,0.31155,0.31649,0.06323,0.06192,0.06225,0.06389,0.06422,-47.48576,1999.00000
0.38786,0.38852,0.38556,0.38194,0.38556,0.31550,0.31188,0.31353,0.30695,0.31451,0.06850,0.06521,0.06488,0.06290,0.06356,-47.48576,2000.00000
0.38227,0.38293,0.38885,0.38095,0.38786,0.31715,0.31451,0.31320,0.31188,0.31320,0.06258,0.05994,0.06981,0.06784,0.06290,-47.28380,2001.00000
0.38786,0.38062,0.38128,0.38556,0.38029,0.31221,0.31188,0.31780,0.31254,0.31353,0.06356,0.06389,0.06422,0.06455,0.06521,-47.28380,2002.00000
0.38358,0.38753,0.38753,0.38161,0.38589,0.31386,0.31287,0.31090,0.31747,0.31155,0.06718,0.06258,0.06225,0.06422,0.06586,-47.24356,2003.00000
0.38983,0.37898,0.38490,0.38260,0.39345,0.30859,0.31418,0.31287,0.31451,0.31747,0.06751,0.06422,0.06521,0.06356,0.06817,-47.24356,2004.00000
0.38029,0.38358,0.38819,0.37898,0.38260,0.31451,0.31057,0.30859,0.30695,0.31780,0.06586,0.06060,0.06455,0.06521,0.06521,-47.55365,2005.00000
0.38358,0.38983,0.39049,0.38260,0.38293,0.31682,0.31484,0.31320,0.31418,0.31418,0.06521,0.06751,0.06323,0.06422,0.06685,-47.55365,2006.00000
0.38293,0.38786,0.38457,0.39016,0.38457,0.31254,0.30794,0.31320,0.31550,0.31188,0.06488,0.06554,0.05929,0.06192,0.06290,-48.16565,2007.00000
0.38983,0.38358,0.38424,0.38852,0.38556,0.31353,0.31090,0.31254,0.30925,0.31386,0.06422,0.06586,0.06521,0.06521,0.06258,-48.16565,2008.00000
0.38227,0.38227,0.39213,0.38589,0.38391,0.31813,0.31057,0.31418,0.31484,0.30826,0.06619,0.06356,0.06455,0.06685,0.06060,-48.33927,2009.00000
0.38720,0.38293,0.38161,0.38457,0.38227,0.31287,0.30925,0.31682,0.31649,0.31550,0.06586,0.06159,0.06258,0.06619,0.06455,-48.33927,2010.00000
0.38358,0.38161,0.38654,0.38556,0.38029,0.31353,0.31386,0.31715,0.31221,0.31090,0.06225,0.06258,0.06323,0.06455,0.06290,-48.95470,2011.00000
0.38029,0.38687,0.37668,0.38523,0.38786,0.30695,0.31386,0.31517,0.31386,0.31386,0.06521,0.06751,0.06488,0.06290,0.06554,-48.95470,2012.00000
0.39246,0.38161,0.38720,0.38358,0.38589,0.31517,0.31254,0.31057,0.31221,0.31353,0.06554,0.06521,0.06685,0.06225,0.06521,-48.74161,2013.00000
0.38556,0.38490,0.38720,0.38161,0.38556,0.31715,0.31418,0.31090,0.31451,0.31418,0.06192,0.06521,0.06455,0.06290,0.06652,-48.74161,2014.00000
0.38523,0.37964,0.38325,0.38786,0.38029,0.31188,0.31024,0.31550,0.31747,0.31484,0.06225,0.05994,0.06258,0.06027,0.06356,-48.80463,2015.00000
0.38720,0.38589,0.38227,0.39016,0.38424,0.31057,0.30958,0.30991,0.31221,0.31386,0.06685,0.06323,0.06521,0.06915,0.06521,-48.80463,2016.00000
0.38194,0.38819,0.38128,0.38621,0.38358,0.30662,0.31122,0.32175,0.31122,0.31254,0.06389,0.06685,0.06290,0.06455,0.06422,-48.58460,2017.00000
0.38852,0.38786,0.38654,0.39345,0.38391,0.31451,0.31550,0.31122,0.30761,0.31188,0.06554,0.06619,0.06619,0.06586,0.06586,-48.58460,2018.00000
0.38358,0.38753,0.38424,0.38720,0.37997,0.31418,0.31517,0.31320,0.31550,0.31418,0.06323,0.06685,0.06126,0.06356,0.06784,-48.77808,2019.00000
0.38490,0.38556,0.39148,0.38556,0.38819,0.31780,0.31090,0.31254,0.31090,0.31188,0.06422,0.06586,0.06718,0.06225,0.06586,-48.77808,2020.00000
0.38720,0.38227,0.38786,0.38983,0.38687,0.31649,0.31320,0.31353,0.31353,0.31418,0.06290,0.06060,0.06422,0.06619,0.06323,-49.20492,2021.00000
0.38161,0.38391,0.38621,0.39016,0.38852,0.31550,0.31254,0.31517,0.31386,0.31221,0.06554,0.06586,0.06389,0.06356,0.06323,-49.20492,2022.00000
0.38358,0.38062,0.38556,0.38325,0.38786,0.31682,0.32142,0.31287,0.31287,0.31813,0.06619,0.06455,0.06619,0.06225,0.06718,-49.05328,2023.00000
0.38621,0.38161,0.38753,0.39246,0.37997,0.30991,0.31780,0.31353,0.31254,0.31682,0.05863,0.06488,0.06422,0.06455,0.06093,-49.05328,2024.00000
0.38062,0.38457,0.38819,0.38490,0.38523,0.30958,0.31254,0.31353,0.31320,0.31057,0.06290,0.06159,0.06192,0.06619,0.06488,-48.58109,2025.00000
0.38852,0.38358,0.38194,0.38325,0.37997,0.31155,0.31484,0.31978,0.31484,0.31418,0.06027,0.06554,0.06455,0.06619,0.06192,-48.58109,2026.00000
0.39115,0.38358,0.37799,0.38128,0.39082,0.31320,0.31418,0.30925,0.31188,0.31024,0.06455,0.06586,0.06784,0.06521,0.06586,-47.90172,2027.00000
0.38885,0.38095,0.39016,0.38128,0.38753,0.31484,0.30958,0.31616,0.31583,0.31353,0.06521,0.06389,0.06455,0.06488,0.06652,-47.90172,2028.00000
0.39016,0.38490,0.39279,0.38293,0.38654,0.31254,0.31550,0.31682,0.31386,0.31879,0.06389,0.06554,0.06159,0.05896,0.06586,-47.77758,2029.00000
0.38687,0.39115,0.38654,0.38293,0.38325,0.30794,0.31484,0.30859,0.31451,0.31320,0.06323,0.06389,0.06225,0.06554,0.06652,-47.77758,2030.00000
0.38260,0.38885,0.38358,0.38753,0.38457,0.31122,0.30826,0.31024,0.30596,0.31057,0.06488,0.06554,0.06422,0.06356,0.06455,-46.30159,2031.00000
0.38391,0.38325,0.38786,0.38885,0.38589,0.31682,0.31090,0.31122,0.31451,0.31155,0.06258,0.06159,0.06488,0.06192,0.06488,-46.30159,2032.00000
0.37799,0.38753,0.38194,0.38917,0.38095,0.31616,0.31287,0.30958,0.31517,0.31320,0.06751,0.06290,0.06521,0.06258,0.06422,-45.63823,2033.00000
0.38523,0.38128,0.38589,0.38687,0.37865,0.30991,0.31320,0.31254,0.31057,0.31418,0.06554,0.06159,0.06488,0.06586,0.06422,-45.63823,2034.00000
0.38621,0.38029,0.38128,0.38128,0.38819,0.31057,0.31682,0.31418,0.31287,0.31254,0.06389,0.06652,0.06619,0.06422,0.06422,-43.94274,2035.00000
0.38490,0.38523,0.38194,0.39213,0.38095,0.30629,0.31287,0.31583,0.31484,0.31221,0.06488,0.06652,0.06027,0.06751,0.06619,-43.94274,2036.00000
0.38062,0.39049,0.38029,0.38621,0.38194,0.31484,0.31550,0.31517,0.31122,0.31353,0.06586,0.06817,0.06488,0.06159,0.06455,-42.78963,2037.00000
0.38819,0.38161,0.38523,0.38523,0.38095,0.31616,0.31320,0.31057,0.31682,0.31254,0.06619,0.06356,0.06290,0.06290,0.06159,-42.78963,2038.00000
0.38325,0.38556,0.38424,0.38589,0.38556,0.31616,0.31254,0.31090,0.31122,0.31747,0.06586,0.06817,0.06915,0.06685,0.06488,-44.31255,2039.00000
0.37997,0.38227,0.38753,0.38424,0.38325,0.31287,0.31715,0.31616,0.31649,0.31550,0.06290,0.06915,0.06258,0.06554,0.06192,-44.31255,2040.00000
0.38556,0.38523,0.38687,0.38260,0.39148,0.31221,0.31550,0.31517,0.31418,0.30892,0.06422,0.06225,0.06685,0.06093,0.06422,-45.82914,2041.00000
0.38950,0.38161,0.38556,0.39411,0.38194,0.31221,0.31682,0.31484,0.31188,0.31353,0.06323,0.06521,0.06586,0.06159,0.06258,-45.82914,2042.00000
0.38687,0.39016,0.37898,0.38917,0.38227,0.31320,0.31122,0.31451,0.31090,0.31616,0.06488,0.05896,0.06784,0.06258,0.06389,-46.84019,2043.00000
0.38391,0.38424,0.38424,0.38424,0.38194,0.31057,0.31649,0.31451,0.31583,0.31320,0.06422,0.06455,0.07047,0.06718,0.06422,-46.84019,2044.00000
0.38293,0.38523,0.38095,0.38621,0.38720,0.31484,0.31122,0.31846,0.31122,0.31649,0.06422,0.06356,0.06652,0.06192,0.06685,-47.86091,2045.00000
0.38161,0.39444,0.38325,0.38983,0.38293,0.31451,0.31024,0.31484,0.31155,0.31254,0.06389,0.06619,0.06159,0.06784,0.06192,-47.86091,2046.00000
0.38621,0.38621,0.38293,0.38128,0.38589,0.31846,0.30958,0.30991,0.31221,0.31320,0.06455,0.06882,0.06258,0.06751,0.06290,-48.02706,2047.00000
0.38095,0.38687,0.38457,0.38523,0.38753,0.31221,0.31122,0.31287,0.31221,0.31682,0.06554,0.06488,0.06554,0.06718,0.06258,-48.02706,2048.00000
0.38556,0.38062,0.38621,0.38852,0.38260,0.30958,0.31747,0.31221,0.31155,0.31353,0.06554,0.06554,0.06356,0.06685,0.06619,-48.28432,2049.00000
0.38654,0.38490,0.38490,0.38654,0.38358,0.31616,0.31155,0.31254,0.31320,0.31122,0.07113,0.06093,0.06258,0.06521,0.06488,-48.28432,2050.00000
0.38325,0.39213,0.38819,0.38983,0.38556,0.31254,0.30892,0.31846,0.31155,0.31386,0.06751,0.06422,0.06554,0.06521,0.06751,-47.93173,2051.00000
0.38621,0.38589,0.38128,0.38983,0.38424,0.31320,0.31353,0.31682,0.31550,0.31221,0.06192,0.06554,0.06718,0.06817,0.06521,-47.93173,2052.00000
0.38260,0.38654,0.38950,0.38128,0.37997,0.31484,0.31780,0.31550,0.31550,0.31254,0.06192,0.06488,0.06619,0.06422,0.06586,-48.14427,2053.00000
0.38391,0.38457,0.38753,0.38325,0.38687,0.31451,0.31188,0.31221,0.31188,0.31287,0.06521,0.06718,0.06389,0.06323,0.06488,-48.14427,2054.00000
0.38687,0.38687,0.38391,0.38852,0.38194,0.31122,0.31057,0.31386,0.30925,0.31287,0.06323,0.06488,0.06488,0.06455,0.06619,-47.42333,2055.00000
0.38325,0.38885,0.38852,0.38885,0.38391,0.31583,0.31484,0.31715,0.31188,0.31418,0.07047,0.06521,0.06685,0.06488,0.06521,-47.42333,2056.00000
0.38293,0.38391,0.38490,0.38720,0.37733,0.31353,0.31090,0.31287,0.31320,0.31418,0.06685,0.06521,0.06093,0.06323,0.06521,-47.46679,2057.00000
0.38786,0.39082,0.38720,0.38917,0.38029,0.31386,0.31484,0.31221,0.31945,0.31090,0.06323,0.06290,0.06356,0.06126,0.06455,-47.46679,2058.00000
0.38095,0.38490,0.38950,0.38720,0.38523,0.31287,0.31254,0.31155,0.31583,0.31451,0.06718,0.06586,0.06488,0.07080,0.06192,-47.88802,2059.00000
0.38194,0.38194,0.38654,0.38654,0.38358,0.31221,0.31451,0.30892,0.31024,0.31517,0.06718,0.06488,0.06882,0.06258,0.06817,-47.88802,2060.00000
0.38589,0.38194,0.39345,0.38424,0.37898,0.31386,0.31254,0.31682,0.31517,0.31418,0.06521,0.06685,0.06488,0.06488,0.06619,-47.96213,2061.00000
0.38457,0.38062,0.38917,0.38391,0.38490,0.31780,0.31386,0.31846,0.31616,0.31682,0.06652,0.06192,0.06455,0.06718,0.06850,-47.96213,2062.00000
0.38095,0.37997,0.38128,0.38654,0.38325,0.31616,0.31682,0.31221,0.31155,0.31254,0.06586,0.06422,0.06751,0.06422,0.06652,-47.98712,2063.00000
0.38687,0.38161,0.39148,0.38523,0.38457,0.31583,0.31418,0.31517,0.31254,0.31451,0.06948,0.06685,0.06455,0.06915,0.06521,-47.98712,2064.00000
0.38589,0.38753,0.38589,0.38128,0.38490,0.31254,0.31353,0.31780,0.31484,0.31122,0.06685,0.06389,0.06652,0.06225,0.06488,-48.33907,2065.00000
0.38523,0.38358,0.38654,0.38194,0.38523,0.31879,0.31747,0.31451,0.31879,0.31813,0.06488,0.06981,0.06554,0.06488,0.06192,-48.33907,2066.00000
0.37865,0.38589,0.39016,0.38621,0.38358,0.31813,0.31550,0.31649,0.31550,0.31353,0.06619,0.06356,0.06882,0.06751,0.06488,-48.74786,2067.00000
0.38852,0.37865,0.39082,0.38523,0.38621,0.31188,0.31418,0.31254,0.30991,0.31418,0.06554,0.06488,0.06882,0.06258,0.06356,-48.74786,2068.00000
0.38325,0.38358,0.38095,0.38687,0.38753,0.31386,0.31517,0.31155,0.31188,0.31912,0.06323,0.06488,0.06192,0.06586,0.06784,-49.14245,2069.00000
0.38950,0.38391,0.38556,0.39115,0.39181,0.30826,0.31254,0.31649,0.31254,0.31780,0.06718,0.06027,0.06652,0.06751,0.06521,-49.14245,2070.00000
0.39312,0.38128,0.38753,0.38753,0.38161,0.30662,0.31550,0.31682,0.31649,0.31287,0.06521,0.06619,0.06685,0.06488,0.06290,-49.37947,2071.00000
0.38424,0.38358,0.37766,0.37766,0.38523,0.31550,0.31484,0.31221,0.31484,0.30991,0.06488,0.06521,0.06455,0.06784,0.06586,-49.37947,2072.00000
0.38720,0.38029,0.38161,0.38490,0.38358,0.31484,0.31057,0.31287,0.31057,0.30958,0.06817,0.06685,0.06455,0.06521,0.06586,-49.06711,2073.00000
0.38654,0.38457,0.38161,0.38654,0.38161,0.31386,0.30794,0.31155,0.31418,0.31846,0.06652,0.06718,0.06422,0.06850,0.06586,-49.06711,2074.00000
0.38621,0.38556,0.39082,0.38621,0.39246,0.31287,0.31057,0.31583,0.31024,0.31188,0.06718,0.06619,0.06554,0.06784,0.06422,-48.87026,2075.00000
0.38457,0.39213,0.38260,0.38556,0.38983,0.31320,0.31090,0.31320,0.31221,0.31649,0.06488,0.06586,0.06751,0.06652,0.06488,-48.87026,2076.00000
0.38325,0.38194,0.38621,0.38293,0.38490,0.31418,0.31287,0.30958,0.31320,0.31386,0.06225,0.06356,0.06488,0.06718,0.06652,-49.11826,2077.00000
0.38457,0.38161,0.38950,0.38424,0.39312,0.31484,0.31057,0.30859,0.31287,0.31221,0.06422,0.06488,0.06751,0.06422,0.06685,-49.11826,2078.00000
0.38819,0.38490,0.39016,0.38457,0.38457,0.31024,0.31024,0.31484,0.31418,0.31188,0.06619,0.06685,0.06817,0.06323,0.06422,-48.66022,2079.00000
0.38720,0.38062,0.39246,0.38293,0.38786,0.31155,0.31287,0.31616,0.30958,0.31813,0.06685,0.05994,0.06258,0.06521,0.06455,-48.66022,2080.00000
0.38753,0.37832,0.37733,0.38523,0.39016,0.30892,0.30761,0.30991,0.31221,0.31780,0.06488,0.06258,0.06784,0.06225,0.06619,-48.63481,2081.00000
0.38621,0.38161,0.38885,0.38293,0.38457,0.31451,0.31484,0.31484,0.31649,0.31320,0.06586,0.06586,0.06455,0.06521,0.06685,-48.63481,2082.00000
0.38293,0.38424,0.38227,0.38457,0.38589,0.31057,0.31155,0.31682,0.30991,0.31188,0.06225,0.06554,0.06586,0.06488,0.06718,-48.45348,2083.00000
0.38654,0.38260,0.38424,0.38654,0.38293,0.30826,0.31090,0.30826,0.31122,0.30958,0.06356,0.06521,0.06751,0.06652,0.06619,-48.45348,2084.00000
0.39016,0.38161,0.39016,0.38753,0.38654,0.31024,0.31353,0.31155,0.31616,0.31221,0.06290,0.06422,0.06389,0.06422,0.06685,-48.28865,2085.00000
0.39181,0.38029,0.38753,0.37766,0.38260,0.31254,0.31517,0.31583,0.31418,0.31451,0.06422,0.06586,0.06981,0.06323,0.06554,-48.28865,2086.00000
0.38490,0.38917,0.38490,0.38556,0.38556,0.31057,0.31057,0.31287,0.31583,0.31715,0.06389,0.06455,0.06389,0.06521,0.06652,-48.30571,2087.00000
0.38753,0.38457,0.38621,0.38687,0.38194,0.31353,0.31155,0.31122,0.31024,0.31517,0.06290,0.06422,0.06455,0.06356,0.06323,-48.30571,2088.00000
0.38983,0.38556,0.38950,0.38358,0.38260,0.31846,0.31616,0.31221,0.31122,0.31122,0.06586,0.06882,0.06389,0.06356,0.06521,-48.04854,2089.00000
0.38194,0.38983,0.38786,0.38523,0.38523,0.31221,0.31682,0.31386,0.31682,0.31287,0.06652,0.06323,0.06389,0.06685,0.06258,-48.04854,2090.00000
0.38753,0.38589,0.38523,0.39279,0.38227,0.30958,0.31747,0.31583,0.31682,0.31451,0.06455,0.06225,0.07047,0.06652,0.06422,-48.02194,2091.00000
0.39115,0.38621,0.37865,0.38621,0.39148,0.31747,0.30794,0.31254,0.30958,0.32043,0.06455,0.06455,0.06718,0.06422,0.06751,-48.02194,2092.00000
0.37997,0.38720,0.38293,0.38391,0.38786,0.31747,0.31550,0.31353,0.31550,0.31353,0.06422,0.06718,0.06521,0.06784,0.06586,-48.86521,2093.00000
0.38260,0.38523,0.38062,0.38358,0.39345,0.31682,0.31386,0.31715,0.31780,0.31386,0.06290,0.06323,0.06652,0.06554,0.06652,-48.86521,2094.00000
0.37931,0.38227,0.38391,0.38950,0.38457,0.31353,0.31386,0.31517,0.30991,0.31353,0.06389,0.06192,0.06685,0.06718,0.06455,-49.07420,2095.00000
0.38720,0.38293,0.38654,0.38260,0.37997,0.31451,0.31188,0.31780,0.31550,0.31517,0.06554,0.06685,0.06356,0.06290,0.06619,-49.07420,2096.00000
0.38687,0.38556,0.38424,0.38819,0.38490,0.31550,0.31090,0.30991,0.31287,0.31517,0.06817,0.06126,0.06685,0.06488,0.06685,-48.66015,2097.00000
0.38325,0.38391,0.38753,0.38654,0.38687,0.31155,0.31386,0.31353,0.31221,0.31418,0.06850,0.06554,0.06521,0.06882,0.06751,-48.66015,2098.00000
0.37964,0.38095,0.39279,0.38687,0.38325,0.31090,0.31616,0.31353,0.31386,0.31320,0.06784,0.06685,0.06850,0.06751,0.06521,-48.37923,2099.00000
0.38753,0.38260,0.38687,0.38391,0.38490,0.31583,0.30925,0.31583,0.31747,0.31353,0.06718,0.06882,0.06784,0.06850,0.06586,-48.37923,2100.00000
0.38457,0.38654,0.38128,0.38687,0.38786,0.31254,0.30728,0.31451,0.31287,0.31451,0.06751,0.06488,0.06685,0.06652,0.06225,-45.56662,2101.00000
0.38523,0.38523,0.38654,0.38687,0.38556,0.31320,0.31418,0.31484,0.31846,0.31287,0.06685,0.06554,0.06915,0.06290,0.06093,-45.56662,2102.00000
0.38556,0.37898,0.38161,0.38950,0.38720,0.31484,0.31320,0.31122,0.31418,0.31846,0.06619,0.06554,0.06389,0.06258,0.06521,-43.10236,2103.00000
0.38128,0.38424,0.38753,0.38325,0.38523,0.30826,0.31090,0.31353,0.31747,0.31813,0.07080,0.06554,0.06784,0.06422,0.06356,-43.10236,2104.00000
0.38950,0.38062,0.39049,0.37865,0.38819,0.31090,0.31155,0.30925,0.31221,0.30859,0.06389,0.06751,0.06455,0.06521,0.06586,-42.59721,2105.00000
0.38424,0.38753,0.38589,0.38490,0.38621,0.30925,0.31254,0.31386,0.31616,0.31057,0.06751,0.06915,0.06323,0.06225,0.06850,-42.59721,2106.00000
0.38523,0.38424,0.38358,0.39049,0.39115,0.31155,0.31188,0.31583,0.31451,0.31550,0.06521,0.06159,0.06718,0.06586,0.06323,-44.12893,2107.00000
0.38391,0.38753,0.38293,0.38523,0.38917,0.31353,0.31418,0.31451,0.31451,0.30991,0.06586,0.07080,0.06751,0.06488,0.06817,-44.12893,2108.00000
0.38819,0.39082,0.38523,0.38161,0.38556,0.31024,0.31517,0.31353,0.31418,0.31353,0.06751,0.06718,0.06718,0.06455,0.06554,-44.87665,2109.00000
0.37931,0.38621,0.38194,0.38819,0.38786,0.31155,0.31287,0.31221,0.31649,0.31254,0.06422,0.06685,0.06554,0.06554,0.06751,-44.87665,2110.00000
0.38786,0.39082,0.38029,0.39213,0.38720,0.31221,0.31221,0.31813,0.31057,0.31451,0.06652,0.06718,0.06488,0.06784,0.06652,-46.09127,2111.00000
0.38095,0.38885,0.38950,0.38687,0.38424,0.30991,0.31616,0.31451,0.31024,0.30991,0.06619,0.06882,0.06521,0.06850,0.06258,-46.09127,2112.00000
0.38391,0.38621,0.38654,0.38983,0.38556,0.31451,0.31320,0.30958,0.31517,0.31649,0.06554,0.06784,0.06619,0.06652,0.06915,-47.01169,2113.00000
0.38885,0.37898,0.38687,0.38687,0.38457,0.31287,0.30958,0.31024,0.31090,0.31188,0.06586,0.06422,0.06521,0.06915,0.06554,-47.01169,2114.00000
0.38589,0.38095,0.39181,0.37997,0.38753,0.31057,0.31616,0.31715,0.31451,0.31517,0.06784,0.06356,0.06422,0.06751,0.06126,-47.49673,2115.00000
0.38654,0.38654,0.38654,0.38095,0.37733,0.31287,0.31221,0.30991,0.31122,0.31386,0.06718,0.06521,0.06652,0.06521,0.06455,-47.49673,2116.00000
0.37799,0.38983,0.38819,0.39312,0.38293,0.31386,0.31353,0.31484,0.31550,0.31418,0.06060,0.06850,0.06784,0.06586,0.06850,-48.38812,2117.00000
0.39082,0.38753,0.38654,0.38917,0.38950,0.30826,0.31583,0.31254,0.31090,0.30991,0.06685,0.06850,0.06488,0.06652,0.06948,-48.38812,2118.00000
0.38523,0.39181,0.38227,0.38095,0.38885,0.31451,0.31649,0.31353,0.30991,0.31418,0.06882,0.06619,0.06521,0.06323,0.06817,-48.77893,2119.00000
0.38753,0.37733,0.38983,0.37635,0.38457,0.31353,0.31418,0.31221,0.30925,0.31057,0.06784,0.06389,0.06225,0.06323,0.06455,-48.77893,2120.00000
0.38753,0.39016,0.38260,0.38391,0.38293,0.30728,0.31254,0.31451,0.31254,0.31188,0.06422,0.06751,0.06586,0.06718,0.06817,-49.06714,2121.00000
0.38654,0.38325,0.38358,0.38556,0.38457,0.31517,0.31550,0.30761,0.31353,0.31550,0.06685,0.06718,0.06258,0.06422,0.06422,-49.06714,2122.00000
0.39016,0.38161,0.38786,0.38720,0.38819,0.31616,0.31090,0.31287,0.31221,0.30958,0.06554,0.06389,0.06751,0.06554,0.06586,-48.69612,2123.00000
0.38819,0.38227,0.39148,0.38589,0.38720,0.31780,0.31386,0.31682,0.31418,0.31451,0.06619,0.06619,0.06882,0.06488,0.06521,-48.69612,2124.00000
0.38819,0.39148,0.38358,0.37964,0.38391,0.31484,0.30761,0.31451,0.31287,0.31386,0.06817,0.06784,0.06751,0.06521,0.06619,-48.06141,2125.00000
0.38391,0.39115,0.38523,0.38227,0.38720,0.31386,0.30761,0.31057,0.31550,0.31057,0.06521,0.06225,0.06652,0.06718,0.06685,-48.06141,2126.00000
0.38687,0.38556,0.38753,0.38654,0.38753,0.31254,0.30892,0.31287,0.31649,0.31682,0.06422,0.06751,0.06619,0.06882,0.06685,-48.34140,2127.00000
0.38786,0.38325,0.38325,0.38621,0.39049,0.31024,0.31320,0.31747,0.31682,0.31320,0.06619,0.06817,0.06685,0.06488,0.06948,-48.34140,2128.00000
0.38720,0.38227,0.38983,0.38556,0.38523,0.31057,0.31221,0.31254,0.31780,0.31287,0.06882,0.06685,0.06488,0.06751,0.06323,-47.84609,2129.00000
0.38621,0.38753,0.38523,0.38786,0.38161,0.31353,0.31484,0.31484,0.31386,0.31550,0.06619,0.06652,0.06718,0.06521,0.07244,-47.84609,2130.00000
0.38358,0.38260,0.38194,0.38885,0.38753,0.31649,0.31484,0.31254,0.31155,0.31649,0.06554,0.06652,0.06586,0.06290,0.06356,-48.12949,2131.00000
0.38753,0.38786,0.38523,0.38786,0.38424,0.31320,0.31320,0.31747,0.31649,0.31024,0.06554,0.06652,0.06290,0.06554,0.06850,-48.12949,2132.00000
0.38260,0.38260,0.38786,0.38523,0.38293,0.31122,0.31188,0.31254,0.31945,0.32043,0.06356,0.06882,0.07113,0.06915,0.06422,-47.95058,2133.00000
0.37668,0.39213,0.38556,0.38621,0.38621,0.31386,0.31682,0.31517,0.31484,0.31682,0.06488,0.06521,0.06817,0.06422,0.06586,-47.70273,2134.00000
0.38950,0.38687,0.38523,0.38621,0.38621,0.31287,0.31418,0.31221,0.31320,0.30794,0.06817,0.06784,0.06619,0.06652,0.06356,-47.70273,2135.00000
0.38095,0.38490,0.38260,0.38490,0.39016,0.31649,0.31418,0.30794,0.31386,0.31682,0.06915,0.06455,0.06159,0.06817,0.06488,-47.83210,2136.00000
0.38950,0.38753,0.38457,0.38753,0.38260,0.31155,0.31122,0.31747,0.31451,0.31221,0.06652,0.06422,0.06784,0.06784,0.06784,-47.83210,2137.00000
0.38589,0.38260,0.39181,0.38556,0.38523,0.31451,0.31517,0.31583,0.31484,0.31484,0.06784,0.06751,0.06323,0.06817,0.06225,-47.39425,2138.00000
0.38687,0.38523,0.38621,0.38391,0.38621,0.31616,0.30958,0.31550,0.31155,0.31090,0.06751,0.06586,0.06488,0.06488,0.06882,-47.39425,2139.00000
0.38720,0.38490,0.38621,0.38424,0.38917,0.31090,0.31747,0.31879,0.31451,0.31090,0.06389,0.06685,0.06652,0.06356,0.06685,-47.47995,2140.00000
0.38523,0.38621,0.38391,0.38720,0.38556,0.31517,0.31221,0.31287,0.31418,0.30761,0.06718,0.06422,0.06455,0.06751,0.06554,-47.47995,2141.00000
0.38523,0.38556,0.38589,0.38490,0.38194,0.31451,0.31320,0.31484,0.31090,0.31550,0.06422,0.06554,0.06784,0.06619,0.06554,-47.77635,2142.00000
0.38490,0.38227,0.38687,0.38950,0.38654,0.31254,0.32076,0.31024,0.31287,0.31386,0.06455,0.06554,0.06817,0.06948,0.06290,-47.77635,2143.00000
0.37997,0.38621,0.39181,0.38358,0.38589,0.31747,0.31320,0.31451,0.31780,0.31057,0.06521,0.06718,0.06751,0.06586,0.06915,-48.02766,2144.00000
0.38457,0.38753,0.38589,0.38358,0.38885,0.31484,0.31287,0.31386,0.31517,0.30925,0.06422,0.06948,0.06652,0.06323,0.06685,-48.02766,2145.00000
0.37865,0.38950,0.38227,0.38589,0.38358,0.31649,0.31418,0.31616,0.30794,0.31221,0.06751,0.06389,0.06685,0.06619,0.06784,-48.54513,2146.00000
0.37964,0.38457,0.38260,0.38786,0.38523,0.31090,0.31188,0.31583,0.31418,0.31715,0.06718,0.06718,0.06718,0.06225,0.06850,-48.54513,2147.00000
0.38589,0.38358,0.38424,0.38490,0.38523,0.30826,0.31451,0.31024,0.31550,0.31517,0.06619,0.06817,0.06389,0.06619,0.06652,-48.94871,2148.00000
0.38391,0.38325,0.39049,0.38457,0.38720,0.30958,0.31682,0.31747,0.31122,0.31320,0.06652,0.06850,0.06455,0.06619,0.06488,-48.94871,2149.00000
0.38128,0.38029,0.38917,0.38391,0.38819,0.31122,0.31090,0.31254,0.31353,0.31451,0.06784,0.07014,0.06784,0.06850,0.06718,-48.88247,2150.00000
0.38391,0.38819,0.38194,0.38260,0.38621,0.31254,0.31418,0.30892,0.31287,0.31155,0.07014,0.06685,0.06948,0.06784,0.06981,-48.88247,2151.00000
0.38917,0.38161,0.38720,0.38753,0.38523,0.31517,0.31155,0.31386,0.31122,0.31418,0.06981,0.06948,0.06521,0.06685,0.06817,-48.80902,2152.00000
0.38293,0.38753,0.38621,0.38128,0.38753,0.31484,0.31846,0.31484,0.31353,0.31287,0.06619,0.06685,0.06554,0.06652,0.06356,-48.80902,2153.00000
0.39049,0.38424,0.38885,0.38654,0.38424,0.31682,0.31320,0.31254,0.31057,0.31682,0.06817,0.06389,0.06521,0.06586,0.06718,-48.51265,2154.00000
0.38029,0.38720,0.38260,0.38753,0.38358,0.31517,0.31320,0.31550,0.31353,0.31846,0.06685,0.06521,0.06685,0.06751,0.06521,-48.51265,2155.00000
0.38260,0.38819,0.38490,0.38194,0.38983,0.31353,0.31715,0.30859,0.31254,0.31616,0.06751,0.06751,0.06850,0.06356,0.06619,-48.45342,2156.00000
0.38983,0.38194,0.38490,0.37602,0.38819,0.31090,0.31550,0.31715,0.31353,0.31122,0.06422,0.06652,0.06817,0.06685,0.06850,-48.45342,2157.00000
0.38095,0.38852,0.38556,0.38490,0.38720,0.31057,0.31682,0.32109,0.31747,0.31024,0.06554,0.07014,0.06652,0.07277,0.06718,-48.95104,2158.00000
0.38227,0.38523,0.38194,0.38753,0.38260,0.31155,0.31879,0.31386,0.31747,0.31649,0.06488,0.06850,0.07014,0.06915,0.06521,-48.95104,2159.00000
0.39082,0.37931,0.38424,0.39016,0.38819,0.31287,0.31221,0.31353,0.31287,0.30991,0.06488,0.06554,0.06652,0.06718,0.06323,-48.93449,2160.00000
0.38161,0.39181,0.38424,0.38556,0.38227,0.31780,0.31188,0.31320,0.31090,0.31287,0.06521,0.06586,0.06784,0.06619,0.06784,-48.93449,2161.00000
0.38819,0.38786,0.38917,0.38424,0.38161,0.31287,0.31320,0.31090,0.31747,0.31418,0.06718,0.06619,0.06652,0.06850,0.06817,-48.61095,2162.00000
0.38687,0.38852,0.39016,0.38523,0.38720,0.30794,0.31221,0.31024,0.31550,0.31517,0.06784,0.06850,0.06652,0.06652,0.07047,-48.61095,2163.00000
0.38260,0.38621,0.37997,0.38852,0.38687,0.31484,0.31254,0.31122,0.31353,0.31024,0.06817,0.06718,0.06586,0.06718,0.06751,-48.07461,2164.00000
0.38490,0.37832,0.38589,0.38062,0.39279,0.31484,0.31353,0.31090,0.31484,0.31254,0.06948,0.06850,0.07047,0.07047,0.06521,-48.07461,2165.00000
0.38687,0.38424,0.38523,0.38227,0.39181,0.31221,0.31353,0.31912,0.31155,0.31418,0.06488,0.06521,0.06784,0.06290,0.06093,-48.40554,2166.00000
0.39049,0.38161,0.38358,0.38391,0.38424,0.31583,0.31188,0.31287,0.31715,0.31090,0.06554,0.06554,0.07146,0.06521,0.06817,-48.40554,2167.00000
0.38917,0.38753,0.39115,0.37602,0.38950,0.31418,0.31353,0.31451,0.31122,0.31747,0.06948,0.06422,0.06718,0.06718,0.06455,-48.36085,2168.00000
0.37733,0.38654,0.38095,0.39082,0.38325,0.31287,0.32109,0.31254,0.31649,0.31517,0.06521,0.06882,0.06784,0.06817,0.06915,-48.36085,2169.00000
0.38852,0.38654,0.38095,0.38490,0.38556,0.31747,0.31550,0.31879,0.31122,0.31353,0.06488,0.06685,0.06586,0.06685,0.06784,-48.94467,2170.00000
0.38556,0.38424,0.38687,0.39181,0.38621,0.31418,0.30958,0.31780,0.31122,0.31649,0.06817,0.06850,0.07113,0.06751,0.06718,-48.94467,2171.00000
0.38227,0.38753,0.38424,0.37602,0.39016,0.31320,0.31386,0.31550,0.31484,0.31747,0.07014,0.07113,0.06685,0.06751,0.06817,-49.70823,2172.00000
0.38753,0.38095,0.38950,0.38556,0.38917,0.31386,0.31221,0.31418,0.30892,0.31353,0.06751,0.06882,0.06751,0.06915,0.06784,-49.70823,2173.00000
0.37964,0.38358,0.39411,0.38786,0.38325,0.31550,0.31418,0.31484,0.31024,0.31320,0.06850,0.06323,0.06751,0.06356,0.06915,-49.65412,2174.00000
0.38358,0.38490,0.38161,0.38621,0.38161,0.31418,0.31122,0.31517,0.31057,0.31287,0.06685,0.06586,0.06817,0.06586,0.06948,-49.65412,2175.00000
0.38227,0.38950,0.38556,0.38293,0.38621,0.31221,0.31418,0.30958,0.31353,0.31254,0.06751,0.06718,0.06981,0.06192,0.06718,-49.92566,2176.00000
0.38589,0.38194,0.38687,0.38786,0.38128,0.31418,0.31320,0.31682,0.31517,0.31386,0.06784,0.06225,0.07047,0.06586,0.06389,-49.92566,2177.00000
0.38490,0.38523,0.38391,0.38260,0.38556,0.31418,0.31550,0.31550,0.31057,0.31616,0.06817,0.06882,0.06784,0.06488,0.06751,-49.12687,2178.00000
0.38589,0.38885,0.38523,0.37503,0.38161,0.31386,0.30892,0.30991,0.31715,0.31353,0.06652,0.06915,0.06817,0.06586,0.06554,-49.12687,2179.00000
0.38523,0.38589,0.37964,0.38556,0.38029,0.31386,0.31090,0.30958,0.31550,0.31386,0.06751,0.06389,0.06619,0.06455,0.06850,-48.79129,2180.00000
0.38556,0.38293,0.38687,0.38194,0.38490,0.31484,0.31682,0.31780,0.31122,0.31418,0.06356,0.06652,0.06882,0.06817,0.06817,-48.79129,2181.00000
0.38391,0.39016,0.38260,0.38194,0.38556,0.30826,0.30728,0.31024,0.31287,0.30991,0.06817,0.06718,0.06685,0.06751,0.06586,-48.94680,2182.00000
0.38424,0.38687,0.38490,0.38358,0.39016,0.31780,0.31287,0.31484,0.31254,0.31254,0.06751,0.07047,0.06290,0.06784,0.07080,-48.94680,2183.00000
0.38523,0.38325,0.38687,0.38852,0.37964,0.31583,0.30892,0.31155,0.31320,0.31813,0.06554,0.07047,0.06586,0.06586,0.06521,-48.28061,2184.00000
0.38654,0.38753,0.38687,0.38128,0.38885,0.31090,0.31122,0.31122,0.31517,0.30991,0.06586,0.06718,0.06554,0.06455,0.06554,-48.28061,2185.00000
0.37701,0.38687,0.38753,0.37964,0.38589,0.31484,0.31451,0.31254,0.31879,0.31221,0.07047,0.06784,0.06981,0.06882,0.06981,-48.47125,2186.00000
0.38391,0.38654,0.38457,0.38819,0.38556,0.31221,0.31155,0.31517,0.31188,0.31122,0.06718,0.06882,0.06784,0.06784,0.06850,-48.47125,2187.00000
0.38029,0.38654,0.38391,0.38293,0.38720,0.31188,0.31122,0.31254,0.31122,0.30925,0.06948,0.06948,0.07014,0.06784,0.06882,-48.50720,2188.00000
0.38852,0.38556,0.38194,0.37997,0.38621,0.31517,0.31550,0.31550,0.31517,0.31550,0.06685,0.06455,0.06850,0.06915,0.06323,-48.50720,2189.00000
0.38457,0.38786,0.38556,0.38358,0.38819,0.31616,0.31188,0.31386,0.31386,0.31188,0.06850,0.06652,0.06619,0.06554,0.07080,-48.23006,2190.00000
0.39016,0.38293,0.38391,0.38325,0.38720,0.30925,0.31451,0.31254,0.31221,0.31649,0.06685,0.06817,0.06685,0.06619,0.06488,-48.23006,2191.00000
0.38161,0.38457,0.38556,0.37931,0.38029,0.31353,0.31254,0.31353,0.30662,0.31386,0.06817,0.07277,0.06652,0.06784,0.06948,-48.33664,2192.00000
0.38260,0.38621,0.38325,0.38786,0.38424,0.31616,0.31188,0.31254,0.31583,0.31155,0.07211,0.07211,0.06784,0.06619,0.06817,-48.33664,2193.00000
0.37799,0.38819,0.38654,0.38391,0.38293,0.31517,0.31221,0.31517,0.31386,0.31747,0.06619,0.06850,0.06652,0.06652,0.06685,-48.17820,2194.00000
0.38227,0.39115,0.38523,0.38621,0.38523,0.31320,0.31320,0.31682,0.31649,0.31747,0.06915,0.06619,0.06718,0.06718,0.06915,-48.17820,2195.00000
0.38029,0.38490,0.38457,0.38523,0.38523,0.31418,0.31484,0.31221,0.31386,0.31583,0.06981,0.06586,0.06685,0.06784,0.06850,-48.51366,2196.00000
0.38325,0.38589,0.38654,0.38424,0.38621,0.31353,0.31451,0.30958,0.31550,0.31583,0.06619,0.07178,0.06751,0.07047,0.06915,-48.51366,2197.00000
0.38325,0.38128,0.38029,0.38523,0.38852,0.31451,0.31287,0.31846,0.31386,0.31353,0.06356,0.06521,0.06685,0.07014,0.06882,-49.22558,2198.00000
0.38556,0.38654,0.38589,0.38029,0.38720,0.31418,0.31386,0.30826,0.31155,0.31386,0.06586,0.06554,0.06685,0.06850,0.06751,-49.22558,2199.00000
0.38589,0.38095,0.38819,0.38852,0.38194,0.31090,0.31188,0.31386,0.31353,0.31155,0.06915,0.06488,0.06685,0.06817,0.07113,-49.22330,2200.00000
0.38457,0.38194,0.38852,0.38457,0.38457,0.31057,0.31451,0.30794,0.31221,0.31747,0.06554,0.06882,0.06718,0.06685,0.06981,-49.22330,2201.00000
0.38654,0.38523,0.38720,0.38161,0.38556,0.31418,0.31188,0.31090,0.31057,0.31978,0.06685,0.06882,0.06652,0.06915,0.06455,-48.77419,2202.00000
0.39115,0.38687,0.38589,0.38589,0.38621,0.31287,0.31353,0.31418,0.30892,0.30991,0.06652,0.07146,0.06422,0.06784,0.06652,-48.77419,2203.00000
0.38490,0.38556,0.38325,0.38194,0.38950,0.31320,0.31484,0.31517,0.31254,0.31057,0.06784,0.06488,0.06521,0.06981,0.06915,-49.18931,2204.00000
0.38161,0.38621,0.38358,0.38128,0.38325,0.31747,0.31386,0.31879,0.31024,0.31287,0.06718,0.06751,0.06784,0.06619,0.06784,-49.09333,2205.00000
0.38161,0.38885,0.38589,0.38523,0.38490,0.31254,0.31386,0.31550,0.31517,0.31254,0.06850,0.07277,0.06685,0.06784,0.06685,-49.09333,2206.00000
0.38457,0.38589,0.39213,0.38654,0.38523,0.31846,0.31484,0.31517,0.31550,0.31583,0.06619,0.06882,0.06948,0.06882,0.06850,-48.93168,2207.00000
0.38325,0.38490,0.38687,0.38687,0.38950,0.31122,0.31320,0.30859,0.31353,0.31155,0.06323,0.06817,0.06652,0.06850,0.06685,-48.93168,2208.00000
0.38885,0.38556,0.38391,0.38885,0.38227,0.31221,0.30958,0.31451,0.31287,0.31155,0.06882,0.07080,0.06882,0.06882,0.06652,-48.83532,2209.00000
0.38687,0.38260,0.37766,0.38358,0.38556,0.31386,0.31254,0.31320,0.31451,0.31320,0.06586,0.06422,0.06586,0.06784,0.06521,-48.83532,2210.00000
0.38523,0.38556,0.38556,0.38786,0.38095,0.31090,0.31188,0.31221,0.31287,0.31221,0.06882,0.07080,0.06685,0.06882,0.07014,-48.74666,2211.00000
0.38753,0.38621,0.38293,0.37766,0.39016,0.31188,0.31090,0.31090,0.31484,0.31155,0.06882,0.06685,0.06685,0.06586,0.06619,-48.74666,2212.00000
0.38358,0.37733,0.38293,0.38490,0.38325,0.30991,0.31320,0.31254,0.31353,0.30761,0.06915,0.06422,0.06455,0.06817,0.06981,-48.48247,2213.00000
0.38457,0.38720,0.38654,0.38490,0.38062,0.30991,0.31353,0.31320,0.31024,0.31517,0.07113,0.06718,0.06586,0.07080,0.06981,-48.48247,2214.00000
0.38029,0.39279,0.38589,0.38293,0.38556,0.31682,0.30925,0.31057,0.31386,0.31353,0.06784,0.06521,0.06685,0.06586,0.06948,-48.39424,2215.00000
0.38194,0.38457,0.38852,0.38687,0.38391,0.32142,0.31320,0.31583,0.31517,0.30958,0.06915,0.06586,0.06817,0.07047,0.06455,-48.39424,2216.00000
0.38457,0.38621,0.38260,0.38424,0.38128,0.31155,0.31550,0.31583,0.31254,0.30662,0.07080,0.06685,0.06521,0.06784,0.06882,-48.69512,2217.00000
0.38260,0.38786,0.38523,0.38523,0.38325,0.31550,0.31221,0.31386,0.31747,0.31155,0.06225,0.06521,0.06948,0.06554,0.06850,-48.69512,2218.00000
0.38687,0.38490,0.38687,0.38194,0.38391,0.31353,0.31945,0.31418,0.31945,0.31320,0.06554,0.06619,0.06652,0.06882,0.06619,-48.39766,2219.00000
0.38621,0.38753,0.38194,0.38819,0.38062,0.31024,0.31320,0.31320,0.31221,0.31418,0.06850,0.07047,0.06850,0.06948,0.06784,-48.39766,2220.00000
0.37964,0.38720,0.38556,0.38523,0.38852,0.31517,0.30991,0.31287,0.31090,0.31747,0.06751,0.06685,0.06586,0.06619,0.06948,-48.14889,2221.00000
0.38786,0.37898,0.39082,0.38556,0.38523,0.31155,0.30728,0.31484,0.31353,0.31846,0.06718,0.06751,0.07146,0.06422,0.06554,-48.14889,2222.00000
0.38654,0.37832,0.38293,0.38194,0.37997,0.31649,0.31386,0.31945,0.31057,0.31451,0.06455,0.06554,0.06817,0.06784,0.06619,-48.67804,2223.00000
0.38260,0.38457,0.38391,0.38194,0.38391,0.31221,0.30991,0.31583,0.31484,0.31484,0.06685,0.06619,0.06981,0.07014,0.06850,-48.67804,2224.00000
0.38325,0.38293,0.39016,0.38589,0.39148,0.31386,0.31221,0.31188,0.31155,0.31057,0.06850,0.06981,0.06718,0.06882,0.06586,-48.67273,2225.00000
0.38391,0.38128,0.38687,0.37997,0.38950,0.31550,0.31418,0.31649,0.31122,0.31484,0.06915,0.07113,0.06784,0.06619,0.06488,-48.67273,2226.00000
0.38786,0.37701,0.38194,0.38128,0.38917,0.31484,0.31188,0.30958,0.31188,0.31122,0.06718,0.07343,0.06784,0.07047,0.06718,-48.73592,2227.00000
0.38260,0.38556,0.38062,0.38325,0.39213,0.31287,0.31616,0.31221,0.31254,0.31254,0.06948,0.06915,0.06817,0.06784,0.06981,-48.73592,2228.00000
0.38358,0.38753,0.38325,0.38720,0.37997,0.31024,0.31353,0.31353,0.31024,0.31287,0.06850,0.06981,0.06718,0.06652,0.06488,-48.77154,2229.00000
0.38621,0.38391,0.38621,0.38819,0.38556,0.31550,0.31550,0.31484,0.31287,0.31386,0.06685,0.06619,0.06817,0.06718,0.06882,-48.77154,2230.00000
0.38621,0.37865,0.38260,0.38490,0.38128,0.31682,0.31747,0.31386,0.31616,0.31517,0.06422,0.06619,0.06817,0.06455,0.06619,-48.83435,2231.00000
0.38325,0.38194,0.38589,0.38950,0.38194,0.31747,0.31353,0.31188,0.31616,0.31780,0.06817,0.07080,0.06751,0.07014,0.06817,-48.83435,2232.00000
0.37964,0.39477,0.38095,0.38983,0.39115,0.31550,0.31484,0.31057,0.31780,0.31813,0.06718,0.06817,0.06718,0.06981,0.06817,-48.78182,2233.00000
0.38095,0.38424,0.38556,0.38523,0.38589,0.31155,0.31155,0.31550,0.31484,0.31517,0.06817,0.06619,0.06488,0.06850,0.07047,-48.78182,2234.00000
0.38753,0.38227,0.38654,0.38819,0.38720,0.31320,0.31221,0.31188,0.31353,0.31155,0.07080,0.06882,0.06981,0.07080,0.07080,-48.54172,2235.00000
0.37799,0.37635,0.39082,0.38424,0.38720,0.31353,0.31353,0.31287,0.31057,0.31155,0.07113,0.06850,0.06586,0.07047,0.06586,-48.54172,2236.00000
0.39213,0.38490,0.38391,0.37898,0.38457,0.31484,0.31418,0.31221,0.31353,0.31386,0.07014,0.07047,0.06685,0.06389,0.06554,-48.23842,2237.00000
0.38293,0.38128,0.38687,0.38424,0.38917,0.31024,0.31550,0.31122,0.31057,0.30958,0.06751,0.06882,0.06817,0.06554,0.07146,-48.23842,2238.00000
0.37964,0.38358,0.38720,0.39148,0.38490,0.31057,0.31287,0.31484,0.31747,0.31188,0.06915,0.06784,0.06619,0.06948,0.06718,-47.98903,2239.00000
0.38819,0.38621,0.38490,0.38391,0.38490,0.31155,0.31090,0.31122,0.31484,0.30761,0.07244,0.06817,0.07080,0.06784,0.06718,-47.98903,2240.00000
0.38161,0.39016,0.38589,0.38161,0.38128,0.31747,0.31484,0.31155,0.30958,0.31418,0.06981,0.07014,0.06850,0.06718,0.06718,-48.41196,2241.00000
0.38293,0.38753,0.38950,0.38753,0.39246,0.31254,0.31484,0.31122,0.31221,0.31517,0.06751,0.06915,0.06389,0.06619,0.06948,-48.41196,2242.00000
0.38556,0.38523,0.39016,0.38786,0.38523,0.31057,0.30925,0.31254,0.31155,0.31451,0.06586,0.06948,0.06817,0.06751,0.06784,-47.92568,2243.00000
0.38490,0.38062,0.38457,0.38917,0.38556,0.31583,0.31484,0.31517,0.31057,0.31451,0.06817,0.07047,0.06882,0.07047,0.06685,-47.92568,2244.00000
0.38589,0.38260,0.39345,0.38391,0.38391,0.31583,0.31550,0.31451,0.31155,0.31517,0.06685,0.06817,0.06685,0.06751,0.07409,-47.81959,2245.00000
0.38753,0.38523,0.38194,0.39049,0.38194,0.31682,0.31024,0.31747,0.31912,0.31024,0.06850,0.06850,0.07244,0.06751,0.06718,-47.81959,2246.00000
0.38128,0.38523,0.39082,0.37766,0.39213,0.30794,0.31550,0.31649,0.31550,0.31418,0.06882,0.06521,0.07014,0.07047,0.06521,-47.54216,2247.00000
0.38885,0.38194,0.38819,0.39049,0.37964,0.31418,0.31747,0.31155,0.31287,0.31287,0.06586,0.06652,0.06948,0.06850,0.06850,-47.54216,2248.00000
0.38687,0.38325,0.38194,0.38523,0.38523,0.31418,0.30925,0.31386,0.31550,0.31221,0.06948,0.07178,0.06817,0.07047,0.06652,-47.76574,2249.00000
0.38260,0.38654,0.38621,0.38589,0.38786,0.31484,0.31550,0.31682,0.31155,0.31517,0.06192,0.06751,0.06948,0.07080,0.06981,-47.76574,2250.00000
0.39082,0.38161,0.37997,0.38621,0.37701,0.31451,0.30958,0.31090,0.31846,0.31747,0.06586,0.06817,0.06521,0.06586,0.06488,-47.83015,2251.00000
0.38885,0.38457,0.38424,0.38983,0.39082,0.31583,0.31155,0.31287,0.31122,0.31846,0.06718,0.06685,0.06619,0.06850,0.06784,-47.83015,2252.00000
0.38687,0.38589,0.38753,0.39213,0.38293,0.30925,0.30958,0.30761,0.30991,0.31484,0.06981,0.06850,0.06455,0.06948,0.06685,-48.12212,2253.00000
0.39279,0.38325,0.38917,0.38424,0.37997,0.31616,0.31254,0.31221,0.31353,0.31353,0.07047,0.06751,0.06784,0.06948,0.07047,-48.12212,2254.00000
0.38095,0.38358,0.38293,0.38490,0.38687,0.31418,0.31386,0.31550,0.31386,0.31353,0.06915,0.07113,0.07178,0.06751,0.06718,-48.63089,2255.00000
0.38293,0.38852,0.38260,0.38786,0.38753,0.31418,0.31386,0.31418,0.31846,0.30958,0.06784,0.06817,0.06817,0.06586,0.06586,-48.63089,2256.00000
0.38917,0.38227,0.38852,0.38227,0.38753,0.31221,0.31320,0.31353,0.31188,0.31418,0.06784,0.06882,0.06521,0.07014,0.06981,-48.55504,2257.00000
0.38391,0.39148,0.38819,0.38194,0.38786,0.31188,0.31813,0.31320,0.31155,0.31386,0.06850,0.06619,0.06652,0.06751,0.06652,-48.55504,2258.00000
0.38424,0.38128,0.38556,0.38556,0.38293,0.31122,0.31386,0.31583,0.31616,0.32011,0.06915,0.06751,0.06652,0.06685,0.07080,-48.77302,2259.00000
0.38391,0.38457,0.38490,0.38325,0.38950,0.31649,0.31418,0.31155,0.30892,0.31287,0.06915,0.07014,0.06718,0.07113,0.06488,-48.77302,2260.00000
0.38720,0.38786,0.38983,0.38260,0.38589,0.31616,0.31320,0.31649,0.31616,0.31517,0.06554,0.06751,0.06685,0.06882,0.07376,-49.17550,2261.00000
0.38819,0.38852,0.38029,0.38424,0.38556,0.31353,0.31287,0.31221,0.31550,0.31418,0.06652,0.06652,0.06948,0.06652,0.07146,-49.17550,2262.00000
0.38654,0.38589,0.38687,0.38687,0.38687,0.31254,0.31451,0.31221,0.31090,0.31254,0.06619,0.07080,0.06981,0.06817,0.06751,-49.03367,2263.00000
0.38358,0.38391,0.38720,0.38687,0.38490,0.31353,0.31122,0.30925,0.31386,0.31320,0.06586,0.06882,0.06586,0.06455,0.06882,-49.03367,2264.00000
0.38457,0.39016,0.38358,0.38424,0.38260,0.31155,0.30826,0.31517,0.31155,0.31122,0.07014,0.06882,0.06586,0.06455,0.06882,-49.37694,2265.00000
0.39181,0.38358,0.38983,0.38621,0.38523,0.31451,0.31221,0.31287,0.30826,0.31221,0.06751,0.06850,0.06784,0.06685,0.06850,-49.37694,2266.00000
0.38358,0.38786,0.38194,0.38786,0.38687,0.31550,0.31715,0.31418,0.31583,0.31287,0.07047,0.07080,0.06915,0.06784,0.06685,-49.62206,2267.00000
0.38161,0.38589,0.38687,0.38720,0.38654,0.31484,0.31945,0.30892,0.31057,0.31418,0.06685,0.06981,0.06915,0.05962,0.06817,-49.62206,2268.00000
0.38293,0.38260,0.38654,0.39082,0.38391,0.31155,0.31517,0.31287,0.31517,0.31057,0.07178,0.06554,0.06882,0.06652,0.06586,-49.04491,2269.00000
0.37997,0.38260,0.38687,0.38786,0.37931,0.31583,0.30826,0.31484,0.31945,0.31813,0.06619,0.06915,0.06718,0.06586,0.07014,-49.04491,2270.00000
0.38095,0.38720,0.39016,0.38654,0.38194,0.31320,0.31451,0.31616,0.31550,0.30761,0.06850,0.06685,0.06850,0.06882,0.06948,-48.55436,2271.00000
0.39049,0.37997,0.38720,0.38325,0.38950,0.31747,0.30728,0.31879,0.31682,0.31616,0.06652,0.06323,0.07014,0.06850,0.06915,-48.55436,2272.00000
0.38753,0.38457,0.38227,0.38720,0.38227,0.31057,0.31287,0.30892,0.31813,0.31978,0.07080,0.06718,0.07014,0.07080,0.06652,-48.26638,2273.00000
0.38654,0.38556,0.38325,0.38556,0.39312,0.31287,0.31583,0.31649,0.31353,0.30991,0.06685,0.06751,0.06784,0.06685,0.06948,-48.26638,2274.00000
0.38293,0.38490,0.38490,0.38358,0.38523,0.31353,0.31090,0.31254,0.31353,0.31813,0.06422,0.07113,0.06488,0.06948,0.06652,-48.32505,2275.00000
0.38917,0.37799,0.38589,0.38786,0.38885,0.31484,0.31616,0.31320,0.31451,0.31353,0.07146,0.07014,0.06356,0.06948,0.06850,-48.32505,2276.00000
0.38457,0.39279,0.38325,0.38457,0.38753,0.31649,0.31090,0.31188,0.31517,0.31155,0.07277,0.06586,0.06850,0.06817,0.06586,-48.15745,2277.00000
0.38589,0.38457,0.38424,0.38523,0.38424,0.31155,0.30991,0.31320,0.31517,0.31747,0.07277,0.07211,0.07014,0.06850,0.06882,-48.15745,2278.00000
0.38490,0.38194,0.38786,0.38786,0.38589,0.31221,0.31715,0.31780,0.31846,0.31155,0.07343,0.07113,0.06850,0.07178,0.06718,-48.58934,2279.00000
0.38325,0.39181,0.38062,0.38852,0.38424,0.31484,0.30794,0.31320,0.30892,0.31221,0.06521,0.06554,0.06619,0.07277,0.06718,-48.58934,2280.00000
0.38885,0.39049,0.38293,0.38720,0.39148,0.30925,0.31287,0.31418,0.31747,0.31287,0.07178,0.06586,0.06915,0.06586,0.06685,-48.35644,2281.00000
0.39345,0.38358,0.38753,0.38029,0.38095,0.31715,0.30991,0.31090,0.31254,0.31418,0.06718,0.06784,0.06652,0.06685,0.06882,-48.35644,2282.00000
0.38654,0.38490,0.39181,0.38654,0.38687,0.31254,0.31386,0.31090,0.31287,0.31287,0.06817,0.06784,0.06619,0.07211,0.07146,-48.52506,2283.00000
0.38556,0.38523,0.38589,0.38523,0.38490,0.31090,0.31451,0.31451,0.31780,0.31386,0.07047,0.06850,0.07047,0.06718,0.06850,-49.29014,2284.00000
0.38654,0.39148,0.38227,0.38556,0.38457,0.31353,0.31484,0.31813,0.31287,0.31353,0.06850,0.06915,0.07080,0.06652,0.06751,-49.29014,2285.00000
0.38457,0.38819,0.37931,0.38720,0.38885,0.30859,0.31747,0.31386,0.31484,0.31813,0.06619,0.07277,0.06817,0.06817,0.06586,-49.09545,2286.00000
0.38654,0.38391,0.38095,0.39181,0.38523,0.31484,0.31451,0.31386,0.31353,0.31517,0.07113,0.06652,0.07376,0.06784,0.06685,-49.09545,2287.00000
0.38358,0.38293,0.39082,0.38293,0.38523,0.30991,0.31287,0.31418,0.31780,0.31418,0.06751,0.07014,0.06488,0.06850,0.06915,-48.62874,2288.00000
0.38161,0.38227,0.39378,0.38720,0.38556,0.31353,0.31287,0.31254,0.31254,0.31583,0.06554,0.06948,0.06521,0.06915,0.06619,-48.62874,2289.00000
0.39049,0.38720,0.38950,0.38523,0.39049,0.31517,0.31155,0.31517,0.31583,0.31155,0.06850,0.06850,0.06619,0.06948,0.06784,-48.18413,2290.00000
0.38523,0.38556,0.38490,0.38260,0.38687,0.31879,0.31090,0.31517,0.31188,0.31090,0.06882,0.07146,0.07014,0.06751,0.07211,-48.18413,2291.00000
0.38556,0.38621,0.38589,0.38095,0.38589,0.31254,0.31386,0.31945,0.31517,0.31287,0.06521,0.07211,0.07047,0.06882,0.06817,-48.52900,2292.00000
0.38325,0.38819,0.38457,0.38885,0.37865,0.31320,0.31649,0.31287,0.31386,0.31353,0.06850,0.06850,0.06521,0.06751,0.06652,-48.52900,2293.00000
0.38490,0.38194,0.38950,0.39082,0.38786,0.31616,0.31517,0.31320,0.31287,0.31287,0.06619,0.06488,0.06882,0.06784,0.06652,-47.69772,2294.00000
0.38424,0.38687,0.38720,0.38523,0.38589,0.31616,0.31517,0.30859,0.31090,0.31386,0.06751,0.07014,0.06817,0.06619,0.07178,-47.69772,2295.00000
0.38523,0.38950,0.38391,0.37733,0.37997,0.31057,0.31254,0.31188,0.31451,0.31221,0.06455,0.07277,0.07146,0.06652,0.06882,-47.63181,2296.00000
0.38523,0.37832,0.37766,0.38687,0.38589,0.30859,0.31451,0.31550,0.31254,0.31287,0.06652,0.06817,0.06882,0.06915,0.06817,-47.63181,2297.00000
0.38589,0.38424,0.38424,0.39115,0.37898,0.31386,0.31353,0.31122,0.31090,0.31155,0.06652,0.06751,0.06882,0.06817,0.06784,-47.31444,2298.00000
0.38753,0.38227,0.38556,0.38621,0.38325,0.31451,0.31353,0.31155,0.31122,0.32011,0.06619,0.06521,0.06554,0.07014,0.06850,-47.31444,2299.00000
0.38358,0.37964,0.38424,0.38194,0.38523,0.31715,0.31254,0.31090,0.31353,0.30925,0.07080,0.06882,0.07211,0.06784,0.06882,-47.15006,2300.00000
0.38556,0.38194,0.38819,0.38819,0.38325,0.31517,0.31320,0.31418,0.30925,0.31221,0.07178,0.06948,0.06784,0.06915,0.06981,-47.15006,2301.00000
0.38194,0.38852,0.37701,0.38358,0.38358,0.31583,0.32011,0.31057,0.31386,0.31386,0.07178,0.07146,0.06751,0.06981,0.06981,-47.52549,2302.00000
0.38621,0.38983,0.38523,0.38490,0.39115,0.31517,0.31616,0.31353,0.31287,0.31879,0.06882,0.07080,0.06882,0.06915,0.06915,-47.52549,2303.00000
0.39049,0.38095,0.38391,0.37931,0.38227,0.31550,0.31649,0.31418,0.31616,0.31188,0.06685,0.06718,0.06784,0.06882,0.06718,-47.76927,2304.00000
0.37997,0.38687,0.38293,0.38523,0.38687,0.31122,0.31583,0.31254,0.31517,0.30728,0.06882,0.06652,0.06751,0.06915,0.06981,-47.76927,2305.00000
0.38424,0.38293,0.38391,0.38293,0.38687,0.31418,0.31386,0.31254,0.31254,0.31912,0.06784,0.07178,0.07113,0.06718,0.06915,-47.97086,2306.00000
0.38556,0.38490,0.38589,0.38687,0.38260,0.31550,0.30958,0.31090,0.31846,0.31320,0.06882,0.06356,0.06981,0.07080,0.06817,-47.97086,2307.00000
0.38260,0.38194,0.38490,0.37898,0.38983,0.31155,0.30991,0.31484,0.31386,0.31287,0.06619,0.06817,0.06850,0.06981,0.06652,-48.60818,2308.00000
0.37997,0.38950,0.38424,0.38391,0.38523,0.31517,0.31057,0.31418,0.31550,0.31188,0.07080,0.06850,0.06817,0.06488,0.07113,-48.60818,2309.00000
0.38654,0.38457,0.39148,0.38029,0.38753,0.31550,0.31418,0.31254,0.31418,0.31155,0.06915,0.06685,0.06751,0.06948,0.07080,-48.96958,2310.00000
0.38161,0.37997,0.38194,0.38227,0.38128,0.31320,0.31320,0.31846,0.31583,0.31550,0.07047,0.07080,0.06652,0.06619,0.06882,-48.96958,2311.00000
0.38293,0.38786,0.38621,0.38687,0.38753,0.31254,0.31320,0.31221,0.31254,0.31780,0.06948,0.06817,0.06981,0.06817,0.06981,-49.38141,2312.00000
0.38917,0.38917,0.38325,0.38260,0.38753,0.31747,0.31484,0.30826,0.31583,0.31418,0.07113,0.06751,0.06586,0.06915,0.06850,-49.38141,2313.00000
0.38720,0.38358,0.38358,0.38621,0.38260,0.31418,0.31649,0.31649,0.31616,0.31484,0.07014,0.06817,0.06521,0.06784,0.07047,-49.84151,2314.00000
0.38457,0.38161,0.38161,0.38654,0.38490,0.31024,0.31090,0.31353,0.31846,0.31682,0.06882,0.06817,0.07047,0.07146,0.06981,-49.84151,2315.00000
0.38621,0.38621,0.38095,0.38095,0.38227,0.31418,0.31649,0.31024,0.31386,0.31451,0.06882,0.06817,0.06948,0.06488,0.06685,-49.64857,2316.00000
0.38720,0.37997,0.38654,0.37898,0.38885,0.31155,0.31715,0.32043,0.31057,0.31386,0.06718,0.06619,0.06488,0.06850,0.06981,-49.64857,2317.00000
0.38885,0.38490,0.38227,0.38786,0.38424,0.31057,0.31221,0.31550,0.31451,0.31386,0.06915,0.07047,0.06718,0.06718,0.06652,-49.11630,2318.00000
0.37898,0.38424,0.38358,0.38720,0.38621,0.31747,0.31221,0.30596,0.31550,0.31287,0.06554,0.06882,0.07146,0.06882,0.06619,-49.11630,2319.00000
0.38556,0.38753,0.38589,0.38885,0.39345,0.31122,0.31122,0.31386,0.31057,0.31155,0.06619,0.06850,0.06817,0.07080,0.06882,-49.49388,2320.00000
0.38523,0.38720,0.38589,0.38325,0.39082,0.31221,0.31353,0.30859,0.31484,0.31682,0.06718,0.06784,0.06718,0.07146,0.06817,-49.49388,2321.00000
0.38293,0.38589,0.38687,0.38786,0.38293,0.31484,0.31057,0.31747,0.30662,0.31188,0.07244,0.06981,0.06685,0.07047,0.06948,-48.74299,2322.00000
0.37964,0.37964,0.38687,0.38325,0.37273,0.31155,0.31682,0.31484,0.31155,0.31451,0.07014,0.06619,0.06817,0.07047,0.06652,-48.74299,2323.00000
0.38490,0.37964,0.38885,0.38885,0.38917,0.31320,0.31649,0.31649,0.31583,0.31484,0.06751,0.06784,0.06586,0.06521,0.06817,-48.57768,2324.00000
0.38490,0.38293,0.38753,0.38819,0.38227,0.31254,0.31682,0.31254,0.31583,0.31188,0.06981,0.06948,0.06817,0.06784,0.06685,-48.57768,2325.00000
0.38095,0.38325,0.38885,0.38523,0.38786,0.31386,0.31649,0.31221,0.30958,0.31550,0.07244,0.06817,0.07113,0.06882,0.07047,-47.56090,2326.00000
0.38424,0.38391,0.38260,0.38687,0.38260,0.31386,0.31484,0.31418,0.31583,0.31188,0.07146,0.06882,0.07047,0.06981,0.06850,-47.56090,2327.00000
0.38161,0.38786,0.37865,0.38720,0.38391,0.31320,0.31353,0.31024,0.31155,0.31451,0.07211,0.06521,0.06751,0.06586,0.06850,-47.60896,2328.00000
0.39016,0.38589,0.38950,0.38128,0.38885,0.31254,0.31418,0.31188,0.31484,0.31287,0.07113,0.07047,0.06488,0.06850,0.06488,-47.60896,2329.00000
0.38556,0.38358,0.38260,0.38819,0.38457,0.31715,0.31616,0.31484,0.30958,0.31353,0.06784,0.06817,0.06554,0.07113,0.07014,-47.99745,2330.00000
0.38621,0.38358,0.38391,0.38917,0.38556,0.31550,0.31254,0.31550,0.31386,0.31221,0.06882,0.06882,0.06882,0.06784,0.07178,-47.99745,2331.00000
0.38227,0.38424,0.38161,0.38654,0.38490,0.31550,0.30991,0.31451,0.31090,0.31188,0.06817,0.06586,0.07211,0.07014,0.07211,-48.18319,2332.00000
0.38293,0.38687,0.37766,0.38325,0.38950,0.31287,0.31550,0.31616,0.31550,0.31715,0.06521,0.06784,0.07047,0.06915,0.06882,-48.18319,2333.00000
0.38457,0.38687,0.38095,0.38687,0.39246,0.31418,0.31287,0.31188,0.30859,0.31386,0.06718,0.06915,0.07178,0.06882,0.07310,-48.01080,2334.00000
0.38194,0.38556,0.39213,0.38556,0.38095,0.31418,0.31616,0.31254,0.31287,0.31715,0.06882,0.07080,0.06784,0.06817,0.07080,-48.01080,2335.00000
0.38950,0.38391,0.38786,0.38523,0.38227,0.30826,0.31254,0.31715,0.31254,0.31155,0.06817,0.06586,0.06948,0.06521,0.06718,-47.93493,2336.00000
0.38490,0.38556,0.39016,0.38128,0.38852,0.30728,0.31287,0.31451,0.31090,0.31682,0.07211,0.06784,0.07047,0.07113,0.06751,-47.93493,2337.00000
0.38720,0.38523,0.38325,0.39049,0.38885,0.31715,0.30859,0.31090,0.31418,0.31353,0.07146,0.06882,0.07178,0.07014,0.06850,-48.31404,2338.00000
0.38654,0.38720,0.38358,0.38358,0.38424,0.31287,0.30859,0.31188,0.31057,0.31616,0.06751,0.06685,0.06784,0.06948,0.07080,-48.31404,2339.00000
0.37997,0.38621,0.38095,0.38358,0.38885,0.31715,0.31550,0.30892,0.30925,0.31386,0.06981,0.06718,0.07113,0.06685,0.06817,-48.41705,2340.00000
0.38260,0.38457,0.38589,0.38556,0.38523,0.31024,0.31353,0.31221,0.30826,0.31418,0.06882,0.06981,0.06817,0.07178,0.07014,-48.41705,2341.00000
0.38424,0.38589,0.38457,0.38687,0.38490,0.31320,0.31122,0.30925,0.30991,0.31287,0.06915,0.06652,0.06850,0.07211,0.06751,-48.26273,2342.00000
0.38095,0.39049,0.38391,0.38621,0.38293,0.31386,0.31090,0.31155,0.31155,0.31418,0.07047,0.06981,0.06718,0.06882,0.07211,-48.26273,2343.00000
0.38424,0.39148,0.38457,0.38293,0.38227,0.31024,0.31386,0.30629,0.31254,0.30826,0.06948,0.06981,0.06652,0.07178,0.06948,-48.62047,2344.00000
0.38819,0.38325,0.38819,0.38161,0.38490,0.31418,0.31221,0.30892,0.31320,0.31353,0.06850,0.07047,0.06850,0.07014,0.07113,-48.62047,2345.00000
0.38062,0.38720,0.38227,0.38457,0.38424,0.31320,0.30826,0.31221,0.31188,0.31155,0.07047,0.07047,0.06915,0.07047,0.07113,-48.79223,2346.00000
0.38227,0.38556,0.38490,0.38325,0.38161,0.31682,0.31418,0.30859,0.31780,0.31353,0.07080,0.06751,0.07178,0.06685,0.06915,-48.79223,2347.00000
0.38490,0.38457,0.38819,0.38786,0.38556,0.31188,0.31188,0.31188,0.31386,0.31616,0.07113,0.06850,0.07014,0.06915,0.06751,-48.41357,2348.00000
0.38621,0.38424,0.38720,0.38260,0.39181,0.32142,0.31353,0.31287,0.31287,0.31451,0.06652,0.07014,0.06652,0.07047,0.06817,-48.41357,2349.00000
0.38062,0.38556,0.38917,0.39181,0.38424,0.31715,0.30958,0.31550,0.31353,0.31320,0.07113,0.06751,0.07047,0.06619,0.06751,-48.29622,2350.00000
0.38490,0.39082,0.37865,0.39378,0.38293,0.31254,0.31254,0.31320,0.31583,0.31353,0.06850,0.06718,0.06751,0.06817,0.07343,-48.29622,2351.00000
0.38654,0.38720,0.38293,0.39115,0.38589,0.31221,0.31287,0.31616,0.30991,0.31418,0.07014,0.06718,0.07277,0.06850,0.06751,-48.45236,2352.00000
0.38720,0.38786,0.38490,0.38753,0.38852,0.31386,0.31616,0.31090,0.31155,0.31122,0.07047,0.07146,0.06915,0.06948,0.06882,-48.45236,2353.00000
0.38983,0.38457,0.38457,0.38819,0.38358,0.31320,0.30991,0.31451,0.31583,0.31780,0.07080,0.06948,0.06915,0.06751,0.07310,-47.73940,2354.00000
0.38391,0.38720,0.38227,0.38917,0.38556,0.31188,0.31320,0.31386,0.31353,0.31747,0.06817,0.06455,0.06586,0.07507,0.06784,-47.73940,2355.00000
0.38358,0.38260,0.38556,0.38950,0.38457,0.31320,0.31517,0.31583,0.31090,0.30892,0.07014,0.06850,0.06685,0.07080,0.06817,-47.22340,2356.00000
0.38062,0.38358,0.38490,0.38293,0.38720,0.31155,0.31451,0.31682,0.30991,0.30859,0.06784,0.06784,0.07014,0.06751,0.06915,-47.22340,2357.00000
0.38621,0.38621,0.38293,0.38293,0.38391,0.31155,0.31320,0.31747,0.30958,0.31682,0.06488,0.06948,0.07113,0.07113,0.06652,-47.46371,2358.00000
0.38457,0.38654,0.38490,0.38457,0.37931,0.31386,0.31386,0.31320,0.31188,0.30958,0.06784,0.06882,0.07014,0.06652,0.06915,-47.46371,2359.00000
0.38062,0.38819,0.38621,0.38786,0.38358,0.31320,0.31616,0.31451,0.31287,0.31024,0.06981,0.07113,0.07047,0.06882,0.06619,-47.69716,2360.00000
0.38490,0.38391,0.38654,0.38556,0.38654,0.31550,0.31386,0.31484,0.31649,0.31418,0.07178,0.06882,0.06718,0.06652,0.07080,-47.69716,2361.00000
0.38556,0.39049,0.38161,0.39148,0.38556,0.30859,0.30859,0.31287,0.31024,0.31517,0.07014,0.06981,0.06784,0.06389,0.06981,-47.48333,2362.00000
0.38490,0.39049,0.38621,0.38424,0.38885,0.31188,0.31254,0.31616,0.31221,0.31254,0.07014,0.06981,0.07080,0.06915,0.06817,-47.48333,2363.00000
0.38457,0.38917,0.38589,0.38227,0.38556,0.31221,0.31747,0.31254,0.31057,0.31517,0.06948,0.07047,0.06981,0.06784,0.06817,-46.94364,2364.00000
0.38621,0.38490,0.37668,0.38260,0.39049,0.31320,0.31320,0.31616,0.31057,0.31682,0.06619,0.06817,0.06718,0.07244,0.07080,-46.94364,2365.00000
0.38885,0.38161,0.38753,0.38457,0.38523,0.31418,0.30859,0.31024,0.31353,0.30991,0.07080,0.06850,0.07113,0.07211,0.06718,-45.65937,2366.00000
0.38457,0.38391,0.38128,0.38260,0.38852,0.31846,0.31320,0.31451,0.31155,0.31682,0.07146,0.07080,0.06981,0.07080,0.06554,-45.65937,2367.00000
0.38654,0.38260,0.38128,0.38325,0.38194,0.30826,0.31122,0.31517,0.31254,0.31649,0.06718,0.07047,0.06652,0.06521,0.07014,-43.46529,2368.00000
0.38523,0.38161,0.38194,0.38720,0.38885,0.31024,0.31386,0.31090,0.31254,0.31221,0.07113,0.06850,0.07014,0.07146,0.06586,-43.46529,2369.00000
0.38391,0.38556,0.38490,0.38917,0.38227,0.31484,0.31122,0.30530,0.31254,0.31780,0.06356,0.06915,0.06915,0.06652,0.06718,-43.09796,2370.00000
0.38720,0.38358,0.38457,0.38029,0.38589,0.31747,0.31353,0.31320,0.30859,0.31484,0.07014,0.06850,0.06817,0.06915,0.07244,-43.09796,2371.00000
0.38358,0.38786,0.38589,0.38260,0.38128,0.31418,0.31188,0.31254,0.31550,0.31155,0.06751,0.06817,0.07113,0.07047,0.06817,-44.65808,2372.00000
0.38260,0.38457,0.38885,0.38654,0.39148,0.31320,0.31386,0.31418,0.31122,0.31155,0.06488,0.06948,0.06817,0.06882,0.06915,-44.65808,2373.00000
0.38128,0.38589,0.38621,0.38654,0.38589,0.31451,0.31188,0.31320,0.31254,0.31254,0.06619,0.06422,0.07277,0.07014,0.07146,-45.73885,2374.00000
0.38786,0.38457,0.38227,0.38523,0.38293,0.30991,0.31254,0.31254,0.31287,0.31320,0.06981,0.06882,0.07113,0.07047,0.06915,-45.73885,2375.00000
0.38589,0.38293,0.38424,0.38227,0.39016,0.30925,0.31024,0.31090,0.31057,0.31649,0.06915,0.07080,0.06882,0.07047,0.06817,-46.90207,2376.00000
0.38293,0.38358,0.38654,0.38720,0.38621,0.30892,0.31451,0.31188,0.31484,0.31122,0.06915,0.07211,0.06685,0.07080,0.07277,-46.90207,2377.00000
0.38720,0.37602,0.38260,0.38358,0.38293,0.31090,0.30991,0.31517,0.31484,0.31846,0.07376,0.07014,0.07244,0.06356,0.06619,-46.88816,2378.00000
0.38358,0.38457,0.39049,0.38654,0.38457,0.31780,0.31616,0.31254,0.31418,0.31254,0.06850,0.07211,0.07014,0.06619,0.07014,-46.88816,2379.00000
0.38325,0.38621,0.39213,0.38983,0.38424,0.31320,0.31386,0.31616,0.31353,0.31353,0.07047,0.06882,0.06948,0.07014,0.07211,-47.52180,2380.00000
0.38819,0.38654,0.38194,0.38720,0.39082,0.31517,0.30925,0.30925,0.31122,0.31221,0.07014,0.06948,0.06850,0.07244,0.06422,-47.52180,2381.00000
0.38950,0.37635,0.38523,0.38917,0.38589,0.31024,0.31715,0.31451,0.31418,0.31682,0.06817,0.07047,0.07080,0.06915,0.06652,-47.68706,2382.00000
0.38556,0.38687,0.38293,0.38523,0.39181,0.31616,0.31386,0.30892,0.31616,0.31155,0.07146,0.07014,0.06521,0.06981,0.06915,-47.68706,2383.00000
0.38917,0.38490,0.38687,0.38687,0.38654,0.31188,0.31418,0.31155,0.31484,0.31254,0.06915,0.06915,0.06751,0.06751,0.07014,-47.75166,2384.00000
0.37865,0.38917,0.38786,0.38128,0.38523,0.31451,0.31155,0.31254,0.31221,0.31682,0.06850,0.07277,0.06948,0.07014,0.06850,-47.75166,2385.00000
0.38753,0.38556,0.39016,0.38358,0.38654,0.31386,0.30826,0.31386,0.31418,0.31583,0.06455,0.07178,0.07178,0.06948,0.06685,-47.81100,2386.00000
0.38358,0.38917,0.39016,0.38621,0.38621,0.31221,0.31122,0.31320,0.30958,0.31221,0.06981,0.06817,0.07211,0.07014,0.07146,-47.81100,2387.00000
0.38424,0.38556,0.38490,0.38490,0.38852,0.31320,0.31386,0.30925,0.31287,0.31484,0.07211,0.06685,0.06948,0.06948,0.07244,-47.47784,2388.00000
0.38687,0.38983,0.38260,0.38523,0.38161,0.31090,0.31221,0.31353,0.31517,0.31254,0.06882,0.06948,0.07277,0.06751,0.07244,-47.47784,2389.00000
0.38260,0.37832,0.38654,0.38819,0.38753,0.31024,0.30761,0.31221,0.31155,0.31715,0.07080,0.07080,0.07047,0.06882,0.06981,-47.84330,2390.00000
0.38490,0.38325,0.38819,0.38556,0.38621,0.31353,0.31418,0.31649,0.31451,0.30892,0.06652,0.07113,0.06948,0.07047,0.07277,-47.84330,2391.00000
0.38490,0.38293,0.39148,0.38161,0.38556,0.31057,0.30826,0.31320,0.31616,0.30826,0.07047,0.06784,0.06981,0.06817,0.07146,-47.88186,2392.00000
0.37865,0.39411,0.38293,0.38687,0.38358,0.31188,0.31221,0.31616,0.31287,0.31353,0.07047,0.07014,0.07113,0.06817,0.06751,-47.88186,2393.00000
0.38260,0.38720,0.38885,0.38753,0.39181,0.31682,0.31221,0.31353,0.31583,0.31024,0.06981,0.06652,0.06685,0.07178,0.06981,-48.15822,2394.00000
0.37997,0.38753,0.38325,0.38621,0.38358,0.31649,0.31155,0.31353,0.31912,0.31287,0.06882,0.06751,0.06685,0.06751,0.06948,-48.15822,2395.00000
0.38885,0.38819,0.38523,0.39148,0.38358,0.31879,0.31122,0.30925,0.31221,0.30629,0.07047,0.06948,0.06817,0.07047,0.07080,-48.37338,2396.00000
0.38621,0.38753,0.38490,0.38424,0.38819,0.31386,0.31090,0.31550,0.31484,0.31517,0.07014,0.07080,0.06915,0.06718,0.06882,-48.37338,2397.00000
0.38917,0.38556,0.38654,0.38457,0.38621,0.31945,0.31024,0.31254,0.30892,0.31155,0.06817,0.06981,0.06718,0.07014,0.07244,-48.64378,2398.00000
0.38523,0.38457,0.39049,0.38457,0.38194,0.31090,0.31682,0.31386,0.31254,0.31451,0.06784,0.06685,0.06882,0.07146,0.07146,-48.64378,2399.00000
0.38950,0.38654,0.38293,0.39148,0.37898,0.31484,0.30925,0.31418,0.31024,0.30892,0.07211,0.06915,0.07113,0.06718,0.06850,-48.87450,2400.00000
0.38029,0.37997,0.38819,0.38194,0.38457,0.31155,0.31715,0.31287,0.31517,0.31418,0.06850,0.06784,0.06981,0.07080,0.07047,-48.87450,2401.00000
0.38325,0.38556,0.39246,0.38358,0.39016,0.31418,0.31879,0.31090,0.31550,0.31517,0.07113,0.06948,0.06882,0.06948,0.06948,-49.28873,2402.00000
0.38983,0.38424,0.38621,0.38194,0.38983,0.31386,0.31024,0.31353,0.31221,0.31945,0.06948,0.07014,0.06948,0.07146,0.07409,-49.28873,2403.00000
0.38227,0.38621,0.38457,0.38523,0.38325,0.31122,0.31386,0.30991,0.31451,0.31254,0.06850,0.06718,0.06619,0.07047,0.07014,-48.97081,2404.00000
0.38621,0.37964,0.38523,0.38852,0.38128,0.31517,0.31287,0.31386,0.30892,0.31747,0.07047,0.07540,0.06981,0.07474,0.06915,-48.97081,2405.00000
0.38852,0.38161,0.38885,0.38720,0.37898,0.31353,0.31517,0.31057,0.31418,0.31418,0.06915,0.06915,0.06850,0.06652,0.06422,-48.94766,2406.00000
0.38720,0.38885,0.38589,0.38819,0.38523,0.30695,0.30794,0.31616,0.31813,0.31188,0.06817,0.06981,0.06850,0.07080,0.07146,-48.94766,2407.00000
0.38786,0.38227,0.38523,0.38325,0.38983,0.31155,0.31649,0.31254,0.31649,0.30629,0.07178,0.06915,0.07310,0.07014,0.06882,-49.39772,2408.00000
0.38852,0.38424,0.37898,0.38556,0.38983,0.31386,0.30892,0.31451,0.31188,0.31122,0.07244,0.07146,0.07146,0.07146,0.07014,-49.39772,2409.00000
0.38095,0.38917,0.38720,0.38852,0.38720,0.31090,0.30794,0.31747,0.31057,0.31780,0.06784,0.06850,0.06981,0.06850,0.06685,-49.14926,2410.00000
0.39115,0.37865,0.38556,0.38950,0.38062,0.31517,0.31155,0.31550,0.31813,0.31287,0.06915,0.06784,0.06915,0.07146,0.06718,-49.14926,2411.00000
0.38325,0.38687,0.38325,0.38523,0.38194,0.31353,0.31353,0.31353,0.31221,0.31550,0.06915,0.06685,0.06586,0.07014,0.07146,-49.11058,2412.00000
0.38556,0.39016,0.38095,0.38556,0.37931,0.31287,0.31320,0.31418,0.31517,0.31451,0.07146,0.07573,0.07014,0.06915,0.07014,-49.11058,2413.00000
0.38917,0.38523,0.38358,0.38852,0.38062,0.31287,0.31353,0.31188,0.31517,0.31320,0.06882,0.07047,0.07178,0.06882,0.07014,-48.71695,2414.00000
0.38621,0.38293,0.38194,0.39246,0.38293,0.30892,0.30859,0.31353,0.32076,0.31649,0.06652,0.06850,0.07014,0.06521,0.07047,-48.71695,2415.00000
0.38654,0.38589,0.38589,0.38161,0.38260,0.31550,0.30958,0.31418,0.31254,0.30925,0.06981,0.07244,0.06915,0.06915,0.06915,-48.91026,2416.00000
0.38753,0.38358,0.38589,0.38325,0.38786,0.30925,0.31057,0.31418,0.31484,0.31484,0.07014,0.06784,0.07047,0.06948,0.06685,-48.91026,2417.00000
0.39345,0.38589,0.38062,0.38786,0.38556,0.30826,0.31090,0.31320,0.31353,0.31747,0.06751,0.06948,0.06850,0.06948,0.07244,-48.83568,2418.00000
0.38786,0.38424,0.38325,0.38457,0.38556,0.30991,0.31024,0.31254,0.31649,0.31386,0.07211,0.07376,0.07474,0.06915,0.07244,-48.83568,2419.00000
0.38819,0.38490,0.38227,0.38753,0.38457,0.31254,0.31418,0.31155,0.31188,0.31418,0.06718,0.06882,0.07080,0.06948,0.07146,-48.46369,2420.00000
0.38490,0.38293,0.38720,0.38720,0.38457,0.31747,0.30991,0.31287,0.31122,0.31715,0.07178,0.07047,0.06981,0.07244,0.07014,-48.46369,2421.00000
0.38556,0.38391,0.38654,0.38687,0.38885,0.31353,0.31155,0.31287,0.31550,0.31057,0.06915,0.06948,0.06850,0.06784,0.06718,-48.84071,2422.00000
0.38950,0.38490,0.38687,0.39213,0.38128,0.31320,0.31780,0.31188,0.31122,0.31353,0.06882,0.07047,0.06784,0.06751,0.07277,-48.84071,2423.00000
0.37997,0.38589,0.38621,0.38457,0.38325,0.31287,0.30991,0.31188,0.31254,0.31188,0.07047,0.06652,0.06850,0.07113,0.07146,-48.54192,2424.00000
0.38523,0.38819,0.38523,0.38654,0.38589,0.31418,0.30958,0.31649,0.31024,0.31517,0.06850,0.06915,0.06981,0.07244,0.06817,-48.54192,2425.00000
0.38293,0.38391,0.38621,0.38687,0.38720,0.31451,0.31517,0.31287,0.31353,0.31254,0.06882,0.06948,0.07113,0.06850,0.06652,-48.40945,2426.00000
0.38457,0.37964,0.38424,0.38161,0.39279,0.31715,0.31320,0.31122,0.31484,0.31418,0.07014,0.06981,0.07113,0.07047,0.07310,-48.40945,2427.00000
0.37898,0.39016,0.38654,0.38227,0.38293,0.31155,0.31386,0.31024,0.31386,0.31484,0.07376,0.07244,0.07047,0.06882,0.06981,-48.18117,2428.00000
0.38490,0.38194,0.39805,0.38128,0.38490,0.31188,0.30958,0.31715,0.31715,0.31451,0.07474,0.07146,0.06915,0.06850,0.06784,-48.18117,2429.00000
0.38194,0.38885,0.38161,0.38194,0.38556,0.30892,0.31583,0.31320,0.31813,0.31418,0.07178,0.07113,0.06652,0.07376,0.07080,-48.00132,2430.00000
0.38687,0.38128,0.38621,0.38424,0.38983,0.31320,0.31320,0.31254,0.31583,0.31353,0.06981,0.06981,0.06981,0.07014,0.06817,-48.00132,2431.00000
0.38753,0.37668,0.38194,0.38687,0.38358,0.31682,0.31320,0.30794,0.30892,0.30892,0.07047,0.07113,0.06948,0.06718,0.06948,-47.73493,2432.00000
0.38720,0.38621,0.39378,0.37997,0.38654,0.31386,0.31090,0.31484,0.31418,0.31484,0.06751,0.07343,0.06882,0.06586,0.07277,-47.73493,2433.00000
0.38260,0.38950,0.37964,0.38621,0.38523,0.31353,0.31254,0.31155,0.31122,0.31287,0.06915,0.06685,0.06882,0.07047,0.07080,-47.49711,2434.00000
0.38819,0.39181,0.38819,0.38523,0.38062,0.31155,0.31287,0.31550,0.30892,0.30958,0.07277,0.07080,0.06784,0.06521,0.07113,-47.49711,2435.00000
0.38687,0.38654,0.38589,0.38819,0.38523,0.31616,0.31418,0.31320,0.31188,0.31221,0.06850,0.06981,0.07146,0.06915,0.06817,-45.00621,2436.00000
0.38983,0.38227,0.38391,0.37799,0.38194,0.31517,0.31550,0.30991,0.31484,0.31418,0.06817,0.06751,0.07343,0.06882,0.07113,-45.00621,2437.00000
0.38852,0.38490,0.38095,0.39082,0.38523,0.31287,0.31484,0.31287,0.31386,0.31353,0.06981,0.06981,0.06817,0.06751,0.06619,-44.44425,2438.00000
0.38358,0.38589,0.38358,0.37964,0.38852,0.31221,0.31451,0.31353,0.30958,0.31484,0.07047,0.06652,0.07014,0.07409,0.06751,-44.44425,2439.00000
0.38917,0.38391,0.38983,0.38260,0.38687,0.30629,0.31090,0.31451,0.31287,0.31517,0.07211,0.07343,0.06981,0.06751,0.07047,-45.42865,2440.00000
0.38885,0.38391,0.38819,0.38556,0.38621,0.31616,0.31353,0.31155,0.31550,0.31616,0.06948,0.07146,0.06882,0.07047,0.06915,-45.42865,2441.00000
0.38391,0.38621,0.38062,0.38852,0.38062,0.31682,0.31122,0.31451,0.31090,0.31386,0.06718,0.07047,0.06652,0.07113,0.06488,-46.60413,2442.00000
0.38885,0.38621,0.38720,0.38194,0.38654,0.31057,0.31155,0.32011,0.31484,0.31320,0.06882,0.07474,0.07047,0.06948,0.07244,-46.60413,2443.00000
0.38621,0.38523,0.38457,0.38589,0.37865,0.31484,0.31715,0.31517,0.31155,0.31320,0.06685,0.06652,0.07113,0.06619,0.06981,-46.46004,2444.00000
0.37898,0.38260,0.39213,0.38029,0.38095,0.31682,0.31616,0.31155,0.31517,0.31386,0.07211,0.07113,0.07211,0.07178,0.06948,-46.46004,2445.00000
0.38819,0.38424,0.38325,0.38819,0.39016,0.31649,0.30826,0.31353,0.31057,0.31451,0.06751,0.06784,0.07211,0.06981,0.06882,-47.16314,2446.00000
0.38589,0.38556,0.38227,0.39246,0.38852,0.31484,0.31320,0.31418,0.31320,0.31418,0.06948,0.06784,0.06948,0.07146,0.07277,-47.16314,2447.00000
0.38523,0.38293,0.38358,0.38589,0.38062,0.31287,0.30761,0.31057,0.31451,0.31484,0.07211,0.06619,0.06817,0.07014,0.06817,-47.11592,2448.00000
0.38227,0.38852,0.38424,0.38556,0.38358,0.31550,0.31616,0.31188,0.31057,0.31386,0.06850,0.06784,0.07014,0.06455,0.06751,-47.11592,2449.00000
0.38556,0.38983,0.38490,0.38523,0.38490,0.31254,0.31320,0.31517,0.30991,0.30859,0.07178,0.06981,0.06948,0.07211,0.07178,-47.25860,2450.00000
0.38325,0.38325,0.39509,0.38391,0.38786,0.31320,0.31122,0.31386,0.31155,0.31320,0.07113,0.07080,0.06981,0.07014,0.07113,-47.25860,2451.00000
0.39213,0.38885,0.37799,0.38852,0.38424,0.31254,0.31254,0.31418,0.31353,0.31155,0.06685,0.07211,0.06915,0.07113,0.06981,-47.49369,2452.00000
0.38457,0.38786,0.38457,0.38457,0.38917,0.31155,0.30530,0.31254,0.31583,0.31155,0.06718,0.07014,0.07080,0.07178,0.07244,-47.49369,2453.00000
0.38260,0.38654,0.37898,0.38786,0.38523,0.31386,0.31221,0.31616,0.31353,0.31122,0.06915,0.06850,0.06981,0.06981,0.06948,-47.27281,2454.00000
0.38720,0.38753,0.38128,0.38523,0.38983,0.31451,0.31320,0.31320,0.31155,0.30859,0.07442,0.06685,0.06817,0.07211,0.07080,-47.27281,2455.00000
0.38227,0.38885,0.38062,0.38457,0.38589,0.31155,0.31451,0.31221,0.31155,0.31353,0.07014,0.07442,0.06882,0.06817,0.06882,-48.06631,2456.00000
0.38917,0.38720,0.38457,0.38391,0.39115,0.31090,0.31287,0.31122,0.31090,0.31353,0.06554,0.06882,0.07113,0.07146,0.06652,-48.06631,2457.00000
0.38358,0.38523,0.38819,0.38128,0.38885,0.31320,0.31616,0.31287,0.31386,0.31057,0.06784,0.07178,0.07178,0.07014,0.06850,-47.99961,2458.00000
0.38654,0.38490,0.38457,0.38687,0.38391,0.31024,0.31353,0.30925,0.31155,0.31320,0.06981,0.06718,0.06948,0.07014,0.07014,-47.99961,2459.00000
0.38490,0.38457,0.38062,0.39246,0.38490,0.31155,0.31287,0.31484,0.31517,0.31649,0.06718,0.07507,0.06882,0.07146,0.06882,-48.01537,2460.00000
0.38556,0.38490,0.38391,0.38621,0.38391,0.31386,0.31649,0.31057,0.31122,0.31254,0.07343,0.06685,0.06685,0.06685,0.07014,-48.01537,2461.00000
0.38523,0.38852,0.38556,0.38391,0.39049,0.31715,0.31090,0.31188,0.31221,0.31024,0.07113,0.07244,0.06915,0.06915,0.06882,-48.89175,2462.00000
0.38621,0.38720,0.38194,0.38095,0.39016,0.31221,0.31320,0.31188,0.31320,0.31221,0.06718,0.07146,0.07178,0.07047,0.06915,-48.89175,2463.00000
0.38523,0.39016,0.38852,0.38457,0.38852,0.31287,0.31287,0.31813,0.31155,0.31155,0.07146,0.06817,0.07014,0.07113,0.07113,-49.39952,2464.00000
0.38128,0.38358,0.38589,0.39082,0.38424,0.31418,0.31484,0.31024,0.31451,0.31418,0.07343,0.07507,0.06817,0.06915,0.07113,-49.39952,2465.00000
0.38556,0.38720,0.38194,0.38687,0.39016,0.31287,0.31254,0.31386,0.30892,0.31550,0.07080,0.06817,0.06685,0.07277,0.06948,-49.70222,2466.00000
0.38621,0.39049,0.38556,0.38753,0.38523,0.31386,0.31057,0.31254,0.31353,0.31254,0.06619,0.06948,0.07178,0.06718,0.06981,-49.70222,2467.00000
0.38983,0.38227,0.38852,0.38227,0.38556,0.31583,0.31155,0.31057,0.31287,0.31418,0.06817,0.06718,0.06882,0.06850,0.06948,-49.44015,2468.00000
0.38753,0.39049,0.38062,0.38621,0.38654,0.31320,0.31090,0.31155,0.31715,0.31155,0.06882,0.07080,0.06685,0.07277,0.07047,-49.44015,2469.00000
0.38687,0.38457,0.38720,0.38523,0.38391,0.31155,0.31024,0.31550,0.31320,0.31747,0.07146,0.06784,0.06850,0.06784,0.07310,-49.46401,2470.00000
0.38490,0.38786,0.38325,0.38983,0.39115,0.31517,0.31747,0.31583,0.31353,0.30892,0.07277,0.07113,0.07113,0.07178,0.06882,-49.46401,2471.00000
0.38029,0.38819,0.38589,0.38457,0.38917,0.31583,0.31649,0.31616,0.31057,0.31287,0.07178,0.06817,0.06751,0.06685,0.07047,-49.37574,2472.00000
0.39246,0.38589,0.38391,0.38128,0.38523,0.31320,0.31550,0.31090,0.31846,0.31649,0.06915,0.06915,0.07047,0.06948,0.06850,-49.37574,2473.00000
0.38095,0.38293,0.38424,0.39345,0.38753,0.31846,0.31090,0.31418,0.31353,0.31221,0.07277,0.07113,0.06915,0.07343,0.07244,-48.72120,2474.00000
0.38523,0.38523,0.38490,0.39082,0.38621,0.31484,0.31122,0.31747,0.31155,0.30991,0.06915,0.06882,0.06981,0.06685,0.07343,-48.72120,2475.00000
0.38457,0.38589,0.38457,0.38358,0.38983,0.31386,0.31484,0.31254,0.31353,0.31221,0.07310,0.07277,0.06915,0.07540,0.07047,-48.12533,2476.00000
0.39082,0.38523,0.38293,0.38589,0.38260,0.31747,0.31616,0.30991,0.31418,0.31320,0.07442,0.06685,0.06915,0.06981,0.07244,-48.12533,2477.00000
0.37931,0.39246,0.38753,0.38457,0.38654,0.31057,0.31287,0.31517,0.31221,0.31090,0.07014,0.06915,0.06915,0.07146,0.07244,-47.71832,2478.00000
0.38424,0.38490,0.38490,0.38325,0.38654,0.31484,0.31254,0.31254,0.31649,0.31188,0.06718,0.07113,0.07047,0.06784,0.06915,-47.71832,2479.00000
0.38589,0.38621,0.37997,0.38490,0.38786,0.31386,0.30991,0.31451,0.31090,0.31550,0.07113,0.07474,0.07113,0.07146,0.07343,-47.66182,2480.00000
0.38457,0.39312,0.38424,0.38621,0.38325,0.31188,0.31024,0.31682,0.31024,0.31550,0.06751,0.07080,0.07047,0.06981,0.07014,-47.66182,2481.00000
0.38589,0.38819,0.39115,0.38260,0.38358,0.31221,0.31353,0.31682,0.31682,0.31090,0.06948,0.07146,0.06948,0.07014,0.07113,-47.91875,2482.00000
0.38556,0.38654,0.38786,0.39016,0.38950,0.31188,0.31484,0.31221,0.31254,0.31386,0.07244,0.06915,0.06784,0.06751,0.06981,-47.91875,2483.00000
0.37997,0.37898,0.38391,0.39049,0.38950,0.31155,0.31090,0.31188,0.31418,0.31155,0.07113,0.07113,0.07146,0.07178,0.06948,-47.88659,2484.00000
0.38950,0.38983,0.38424,0.38523,0.38621,0.31484,0.31386,0.31418,0.31090,0.31649,0.06948,0.06784,0.07343,0.07014,0.07080,-47.88659,2485.00000
0.38852,0.39049,0.38029,0.37372,0.39082,0.31517,0.31155,0.31616,0.31287,0.31747,0.07047,0.06850,0.06882,0.07146,0.06981,-48.78637,2486.00000
0.38523,0.38490,0.38589,0.38293,0.38621,0.31517,0.30859,0.31254,0.31155,0.31451,0.06981,0.07474,0.06850,0.06882,0.06915,-48.78637,2487.00000
0.38621,0.37865,0.38917,0.38621,0.38687,0.31188,0.31221,0.30991,0.31155,0.31188,0.07146,0.06718,0.06948,0.06685,0.07014,-48.81331,2488.00000
0.38621,0.38194,0.38062,0.38786,0.38589,0.31517,0.31583,0.31682,0.30859,0.30695,0.07277,0.07178,0.06488,0.07343,0.07113,-48.81331,2489.00000
0.38621,0.38523,0.38753,0.38720,0.38161,0.31484,0.31221,0.31221,0.31254,0.31287,0.07178,0.07113,0.07409,0.07047,0.07146,-49.31141,2490.00000
0.38786,0.38753,0.38950,0.38621,0.38490,0.31287,0.31188,0.31320,0.31484,0.31353,0.07211,0.07310,0.07343,0.06619,0.07113,-49.31141,2491.00000
0.38654,0.38095,0.38424,0.38720,0.38950,0.31484,0.31747,0.31879,0.30991,0.30761,0.06850,0.06882,0.07211,0.07343,0.06784,-49.11288,2492.00000
0.38424,0.38490,0.37997,0.38687,0.38325,0.30991,0.30892,0.31122,0.31320,0.31188,0.06915,0.07080,0.06948,0.06784,0.06784,-49.11288,2493.00000
0.39082,0.38062,0.38523,0.38523,0.38852,0.32011,0.31287,0.31517,0.31155,0.30859,0.07014,0.07310,0.06948,0.07014,0.07146,-49.20025,2494.00000
0.38490,0.39082,0.38753,0.39049,0.37997,0.31616,0.31715,0.31320,0.31386,0.31221,0.06751,0.06981,0.06981,0.07014,0.07343,-49.20025,2495.00000
0.38062,0.38885,0.38062,0.38325,0.38687,0.31057,0.31320,0.31024,0.31353,0.31353,0.06685,0.07178,0.06882,0.07442,0.07047,-49.24711,2496.00000
0.38819,0.38325,0.38457,0.38819,0.38358,0.31090,0.31254,0.31057,0.31320,0.31451,0.07211,0.07014,0.06751,0.06784,0.07343,-49.24711,2497.00000
0.38457,0.39049,0.38194,0.38424,0.38654,0.30925,0.31057,0.31320,0.31583,0.31616,0.06718,0.07014,0.07244,0.07376,0.06817,-48.86656,2498.00000
0.38260,0.38293,0.38556,0.38490,0.38457,0.31188,0.31353,0.31386,0.31090,0.31682,0.06981,0.07047,0.06521,0.06948,0.07080,-48.86656,2499.00000
0.38753,0.37931,0.38589,0.38753,0.38227,0.31155,0.31320,0.31583,0.31287,0.31155,0.07080,0.07080,0.07244,0.07211,0.06882,-48.57706,2500.00000
0.38556,0.38621,0.38325,0.38391,0.38621,0.31583,0.30761,0.31155,0.31484,0.31451,0.06718,0.07178,0.06948,0.07014,0.07277,-48.57706,2501.00000
0.37898,0.38654,0.39016,0.38621,0.38819,0.31484,0.30859,0.31353,0.30925,0.31254,0.06784,0.07080,0.07146,0.06718,0.07047,-48.51752,2502.00000
0.38391,0.38457,0.38621,0.38687,0.38852,0.30695,0.31254,0.30728,0.31813,0.31024,0.07047,0.07178,0.07376,0.07244,0.06422,-48.51752,2503.00000
0.38819,0.38950,0.38260,0.38293,0.38325,0.31418,0.31583,0.31122,0.31287,0.31188,0.07376,0.07146,0.06850,0.07113,0.07113,-47.96676,2504.00000
0.38556,0.38293,0.38852,0.38358,0.38227,0.31386,0.31287,0.31484,0.31024,0.31057,0.07047,0.07146,0.07376,0.07080,0.07639,-47.96676,2505.00000
0.37964,0.38917,0.38490,0.38621,0.38589,0.31616,0.31090,0.31188,0.31386,0.30958,0.06915,0.06981,0.07376,0.07014,0.07014,-48.00648,2506.00000
0.38852,0.37997,0.37931,0.38819,0.38490,0.31517,0.31221,0.31418,0.31155,0.31221,0.07080,0.07080,0.07080,0.07178,0.07113,-48.00648,2507.00000
0.38358,0.38523,0.38621,0.38753,0.38687,0.31353,0.31583,0.31715,0.31024,0.31254,0.07014,0.07014,0.07146,0.06981,0.07310,-47.78069,2508.00000
0.38194,0.38885,0.38523,0.37997,0.39016,0.31418,0.30794,0.31517,0.31320,0.31188,0.07244,0.06981,0.06817,0.06521,0.07047,-47.78069,2509.00000
0.38161,0.38983,0.38128,0.38260,0.38260,0.31353,0.31484,0.31024,0.31484,0.31386,0.07474,0.06751,0.06915,0.07507,0.06850,-48.01427,2510.00000
0.38457,0.38457,0.38654,0.38687,0.38753,0.31550,0.31550,0.31583,0.31386,0.31715,0.06817,0.07047,0.07343,0.07277,0.06948,-48.01427,2511.00000
0.38227,0.38260,0.38457,0.38457,0.38720,0.30826,0.31550,0.31287,0.31451,0.31122,0.07047,0.07080,0.07573,0.07047,0.07211,-48.30183,2512.00000
0.38852,0.38391,0.39477,0.38029,0.38457,0.31254,0.31122,0.31090,0.31418,0.31550,0.06948,0.07442,0.07343,0.07244,0.07376,-48.30183,2513.00000
0.38852,0.37799,0.38589,0.38753,0.38424,0.31254,0.31057,0.31221,0.31122,0.31747,0.07080,0.06882,0.07244,0.07244,0.06948,-48.87277,2514.00000
0.38358,0.37832,0.39082,0.38523,0.38556,0.31287,0.31353,0.30991,0.31616,0.31813,0.06915,0.07244,0.06455,0.07080,0.06817,-48.87277,2515.00000
0.38424,0.38753,0.38391,0.39148,0.38885,0.31090,0.31583,0.31155,0.31188,0.31451,0.06948,0.06915,0.06751,0.06718,0.06915,-48.98810,2516.00000
0.38786,0.38260,0.38490,0.38523,0.38556,0.31122,0.30958,0.31122,0.31287,0.31418,0.07376,0.06981,0.07178,0.07277,0.06981,-48.98810,2517.00000
0.38687,0.38917,0.38062,0.38983,0.38260,0.31188,0.31517,0.31254,0.31418,0.31221,0.06882,0.07376,0.06784,0.07047,0.06718,-49.31726,2518.00000
0.38687,0.38753,0.38161,0.38358,0.38687,0.31221,0.31353,0.31517,0.31386,0.31090,0.06882,0.06915,0.07211,0.06915,0.07113,-49.31726,2519.00000
0.38654,0.38720,0.38885,0.37898,0.38095,0.31386,0.31386,0.31024,0.30892,0.31254,0.07244,0.07113,0.07113,0.06817,0.06948,-49.75643,2520.00000
0.38260,0.38621,0.38720,0.38325,0.38621,0.31221,0.31353,0.31221,0.31682,0.31221,0.07211,0.06981,0.06981,0.07310,0.06882,-49.75643,2521.00000
0.39016,0.38753,0.38917,0.38621,0.39279,0.31287,0.31353,0.31517,0.31945,0.31188,0.06784,0.07310,0.07343,0.06981,0.06948,-49.16054,2522.00000
0.38621,0.38095,0.38161,0.39115,0.38589,0.31090,0.31287,0.31386,0.31386,0.31418,0.07442,0.07211,0.06882,0.07113,0.06850,-49.16054,2523.00000
0.38424,0.38819,0.38687,0.38885,0.38490,0.31451,0.31747,0.31386,0.31057,0.31418,0.06882,0.07178,0.07080,0.07178,0.07014,-49.31666,2524.00000
0.38983,0.38260,0.38424,0.38391,0.38358,0.31024,0.31813,0.30958,0.31879,0.31616,0.06948,0.07014,0.07080,0.07211,0.07014,-49.31666,2525.00000
0.38917,0.38293,0.38819,0.38391,0.38819,0.31386,0.31122,0.31155,0.31221,0.31715,0.07014,0.07146,0.06948,0.06784,0.07211,-49.17660,2526.00000
0.38523,0.38720,0.38786,0.38852,0.38095,0.30991,0.31682,0.31057,0.31583,0.31682,0.06718,0.07014,0.07244,0.06948,0.06882,-49.17660,2527.00000
0.38556,0.39477,0.37997,0.38753,0.38753,0.31353,0.31320,0.30794,0.31649,0.31221,0.07310,0.06850,0.07343,0.06882,0.07080,-48.88629,2528.00000
0.38950,0.38424,0.38589,0.38424,0.38589,0.31386,0.30925,0.32043,0.31484,0.31616,0.07080,0.07244,0.06948,0.07146,0.06784,-48.88629,2529.00000
0.38358,0.38523,0.38589,0.38983,0.38457,0.31418,0.31550,0.31090,0.31879,0.31353,0.06915,0.07146,0.06981,0.07113,0.07244,-48.82621,2530.00000
0.38062,0.38062,0.38293,0.38654,0.38720,0.31747,0.31320,0.30958,0.31122,0.31583,0.07014,0.07047,0.06718,0.07244,0.06948,-48.82621,2531.00000
0.38819,0.38786,0.38983,0.39049,0.37964,0.31057,0.31550,0.31254,0.31287,0.31254,0.07244,0.07113,0.06882,0.06915,0.06784,-48.60712,2532.00000
0.38589,0.38917,0.38457,0.38885,0.38325,0.31353,0.31682,0.31353,0.31583,0.31320,0.07376,0.07244,0.07540,0.07047,0.07113,-48.60712,2533.00000
0.37964,0.38654,0.38358,0.38293,0.38885,0.31451,0.31287,0.31188,0.31057,0.31320,0.07442,0.06915,0.07113,0.07310,0.07211,-48.45618,2534.00000
0.38490,0.38293,0.38424,0.38720,0.38391,0.31386,0.31682,0.31287,0.31090,0.31386,0.06948,0.06882,0.07146,0.06619,0.07113,-48.45618,2535.00000
0.38852,0.38917,0.39477,0.38358,0.39444,0.31517,0.31221,0.31780,0.31550,0.31122,0.07376,0.07211,0.07113,0.07113,0.07047,-48.47274,2536.00000
0.38490,0.38786,0.38753,0.38852,0.39016,0.31418,0.31090,0.31517,0.31287,0.31221,0.07146,0.06619,0.06882,0.06981,0.07146,-48.47274,2537.00000
0.39279,0.37931,0.39213,0.38325,0.38391,0.31090,0.31287,0.31320,0.31451,0.31287,0.07146,0.07211,0.07113,0.07080,0.06981,-48.57818,2538.00000
0.38654,0.38687,0.38490,0.38852,0.38424,0.31418,0.31550,0.31649,0.31418,0.31418,0.06850,0.07178,0.06850,0.06784,0.06784,-48.57818,2539.00000
0.38654,0.38490,0.38983,0.38885,0.38293,0.31583,0.31649,0.31386,0.31353,0.31550,0.07080,0.07047,0.07146,0.06981,0.07211,-49.01306,2540.00000
0.38819,0.38720,0.38029,0.38621,0.38589,0.30991,0.31583,0.31484,0.31320,0.31583,0.07178,0.07244,0.07343,0.07343,0.06915,-49.01306,2541.00000
0.38983,0.38095,0.38687,0.38293,0.38819,0.31583,0.31353,0.31320,0.31418,0.31057,0.07113,0.07244,0.07047,0.07310,0.06981,-48.94165,2542.00000
0.38589,0.38457,0.38325,0.38786,0.38095,0.31484,0.30958,0.31583,0.31122,0.31616,0.07146,0.07343,0.07113,0.06948,0.06981,-48.94165,2543.00000
0.38589,0.39279,0.37898,0.38260,0.38753,0.31386,0.31879,0.31649,0.31616,0.30958,0.06586,0.06948,0.07047,0.06981,0.06981,-49.09424,2544.00000
0.38424,0.38556,0.38490,0.38950,0.38819,0.31386,0.31616,0.31320,0.31090,0.31550,0.07047,0.07146,0.07343,0.07113,0.07047,-49.09424,2545.00000
0.38819,0.38885,0.38621,0.38852,0.37832,0.31221,0.31418,0.31353,0.31122,0.31616,0.06784,0.07146,0.07014,0.06882,0.07507,-48.92578,2546.00000
0.38654,0.38687,0.38654,0.38029,0.38983,0.31057,0.31188,0.31287,0.31649,0.31287,0.07409,0.06915,0.06948,0.06850,0.07244,-48.92578,2547.00000
0.39016,0.38589,0.38753,0.38687,0.38556,0.31155,0.31090,0.31451,0.31353,0.31057,0.06915,0.06784,0.07014,0.07277,0.07376,-48.96322,2548.00000
0.38293,0.38786,0.38424,0.38786,0.38589,0.31320,0.31254,0.31649,0.31649,0.31747,0.06882,0.07113,0.07211,0.07178,0.06784,-48.96322,2549.00000
0.38457,0.38720,0.38917,0.38753,0.38490,0.31978,0.31057,0.31484,0.31649,0.31451,0.07080,0.07014,0.07113,0.07507,0.07146,-48.21832,2550.00000
0.38128,0.38786,0.38885,0.38621,0.38457,0.31024,0.31254,0.31517,0.31287,0.31813,0.06850,0.07672,0.07178,0.06948,0.06882,-48.21832,2551.00000
0.38687,0.38753,0.38227,0.38621,0.38950,0.31057,0.31682,0.31451,0.31484,0.31747,0.06554,0.07211,0.07113,0.07047,0.06948,-47.97074,2552.00000
0.38523,0.38260,0.38523,0.38654,0.38917,0.31978,0.30892,0.31090,0.31122,0.31451,0.06882,0.07376,0.07113,0.07409,0.06948,-47.97074,2553.00000
0.38523,0.38885,0.38687,0.38325,0.38621,0.31221,0.31418,0.31353,0.31550,0.31122,0.07113,0.07178,0.07014,0.07310,0.06619,-47.73896,2554.00000
0.38457,0.38062,0.38556,0.39016,0.38621,0.31517,0.31484,0.31320,0.31945,0.31484,0.07146,0.07047,0.07277,0.07080,0.07047,-47.73896,2555.00000
0.38424,0.38950,0.38556,0.38885,0.38720,0.30530,0.31386,0.31484,0.31418,0.31945,0.06817,0.07178,0.07178,0.07113,0.06948,-47.96692,2556.00000
0.38687,0.38950,0.38358,0.38753,0.38819,0.31057,0.31320,0.31418,0.31287,0.31550,0.07409,0.07047,0.06882,0.06882,0.07244,-47.96692,2557.00000
0.39148,0.38457,0.38424,0.37898,0.39312,0.31155,0.31320,0.31122,0.31320,0.31583,0.07376,0.06915,0.06981,0.07277,0.07310,-48.25724,2558.00000
0.38983,0.38293,0.38687,0.38753,0.38490,0.31813,0.31583,0.31451,0.31517,0.30859,0.07047,0.07211,0.07080,0.07540,0.06882,-48.25724,2559.00000
0.38786,0.38424,0.38490,0.38161,0.38062,0.31418,0.31418,0.30892,0.31517,0.31287,0.07047,0.06915,0.07113,0.06981,0.07014,-48.10086,2560.00000
0.39115,0.38654,0.39115,0.38391,0.39246,0.31649,0.31386,0.31879,0.31155,0.31550,0.07639,0.06586,0.07606,0.07178,0.07047,-48.10086,2561.00000
0.39246,0.38621,0.38852,0.38687,0.38095,0.31090,0.31418,0.31517,0.31320,0.31682,0.06981,0.06948,0.07178,0.07080,0.06521,-47.63365,2562.00000
0.38062,0.38654,0.39049,0.39444,0.38260,0.31287,0.31254,0.30925,0.31386,0.31747,0.07080,0.06751,0.07244,0.07343,0.07080,-47.63365,2563.00000
0.37799,0.38589,0.38457,0.38983,0.38194,0.31287,0.31583,0.31221,0.31583,0.32109,0.07244,0.07080,0.06850,0.07343,0.07014,-47.79580,2564.00000
0.38358,0.38852,0.38325,0.38424,0.39148,0.31550,0.31254,0.31386,0.31188,0.31517,0.07211,0.07178,0.06882,0.07310,0.07244,-47.79580,2565.00000
0.38917,0.38556,0.38654,0.38621,0.38654,0.31418,0.31188,0.31320,0.31550,0.31287,0.06850,0.06850,0.07343,0.06981,0.07014,-48.37103,2566.00000
0.39312,0.39016,0.38358,0.38753,0.38687,0.31649,0.31287,0.31418,0.31287,0.31583,0.06915,0.07014,0.06817,0.07178,0.06784,-48.37103,2567.00000
0.38457,0.38556,0.38687,0.38786,0.37964,0.31451,0.30794,0.31221,0.31024,0.31353,0.06751,0.06915,0.06882,0.06850,0.07244,-48.46317,2568.00000
0.38753,0.38983,0.38654,0.38589,0.38720,0.31484,0.31583,0.31155,0.31550,0.31386,0.07146,0.06882,0.07442,0.06948,0.07080,-48.46317,2569.00000
0.38556,0.39477,0.38161,0.38852,0.38720,0.31682,0.31550,0.31813,0.31451,0.31517,0.06718,0.06915,0.07080,0.06948,0.07146,-48.68248,2570.00000
0.38589,0.38457,0.38128,0.38819,0.39279,0.31320,0.31024,0.31682,0.31747,0.30892,0.07474,0.07244,0.07211,0.07178,0.07376,-48.68248,2571.00000
0.38424,0.38654,0.38424,0.38819,0.38227,0.31583,0.31287,0.30958,0.31616,0.31616,0.07277,0.07244,0.07080,0.07014,0.06850,-48.70824,2572.00000
0.37931,0.38720,0.38621,0.38720,0.38720,0.31254,0.30794,0.31320,0.31287,0.31221,0.06718,0.06948,0.07343,0.06981,0.07014,-48.70824,2573.00000
0.38523,0.38885,0.38457,0.39378,0.38589,0.31221,0.31122,0.31188,0.31155,0.31649,0.06981,0.06948,0.07113,0.06685,0.06915,-49.01839,2574.00000
0.38621,0.38786,0.38556,0.39181,0.38654,0.30991,0.31254,0.31386,0.31057,0.31386,0.07014,0.06948,0.06981,0.07277,0.07146,-49.01839,2575.00000
0.38293,0.38819,0.38391,0.39279,0.38523,0.31451,0.31682,0.31122,0.30925,0.31353,0.07277,0.07211,0.07343,0.07146,0.07014,-48.52365,2576.00000
0.39049,0.37898,0.38819,0.38885,0.38885,0.31517,0.31254,0.31122,0.31353,0.31221,0.07146,0.07014,0.06784,0.07178,0.07178,-48.52365,2577.00000
0.38556,0.38720,0.38621,0.38358,0.38720,0.30958,0.31188,0.31287,0.32011,0.31616,0.06981,0.06915,0.06817,0.07146,0.06586,-48.32078,2578.00000
0.38654,0.38654,0.38325,0.38260,0.38260,0.31747,0.31484,0.31122,0.31155,0.31715,0.07047,0.07113,0.07178,0.07211,0.07178,-48.32078,2579.00000
0.39213,0.38391,0.39049,0.38654,0.38293,0.31254,0.31846,0.31451,0.31221,0.31517,0.06817,0.07442,0.07343,0.07376,0.07409,-48.16275,2580.00000
0.38424,0.39049,0.37964,0.38852,0.38720,0.31550,0.31024,0.31254,0.31386,0.31188,0.07409,0.07047,0.07146,0.06915,0.07146,-48.16275,2581.00000
0.38523,0.39016,0.38589,0.38621,0.38457,0.31649,0.31287,0.32142,0.31320,0.31517,0.07540,0.06784,0.07014,0.07474,0.06981,-48.33571,2582.00000
0.38852,0.38490,0.38885,0.38753,0.38589,0.31090,0.31484,0.31715,0.31386,0.31418,0.06948,0.07244,0.07146,0.07573,0.06915,-48.33571,2583.00000
0.38589,0.38885,0.38293,0.38852,0.39082,0.31155,0.31024,0.31517,0.31353,0.31451,0.06554,0.06882,0.07113,0.07211,0.07080,-48.05877,2584.00000
0.38687,0.38260,0.38852,0.38424,0.38687,0.31616,0.31057,0.31616,0.31155,0.31221,0.07178,0.07474,0.07376,0.06915,0.07474,-48.05877,2585.00000
0.38358,0.38589,0.38687,0.38358,0.38819,0.31550,0.31353,0.31682,0.31550,0.31945,0.07047,0.07244,0.07146,0.07442,0.07409,-48.49263,2586.00000
0.38786,0.38424,0.37799,0.38556,0.39345,0.31254,0.31583,0.31057,0.31517,0.31517,0.07343,0.06948,0.07178,0.06718,0.07409,-48.49263,2587.00000
0.38786,0.37997,0.38654,0.38424,0.38983,0.31484,0.31188,0.31024,0.31715,0.31188,0.06850,0.07672,0.06981,0.07047,0.06685,-48.21709,2588.00000
0.38621,0.38556,0.38983,0.38786,0.38819,0.31583,0.30958,0.31287,0.31386,0.31583,0.06915,0.07277,0.06948,0.07277,0.07211,-48.21709,2589.00000
0.39181,0.38325,0.38621,0.38621,0.38720,0.31780,0.31287,0.30958,0.31550,0.31353,0.06751,0.07277,0.07211,0.07113,0.06948,-48.43216,2590.00000
0.38885,0.38161,0.39016,0.38029,0.38490,0.31451,0.30859,0.31616,0.31254,0.31418,0.07146,0.07146,0.07047,0.07244,0.06784,-48.43216,2591.00000
0.38457,0.38457,0.38227,0.37964,0.38260,0.31188,0.31353,0.31649,0.31550,0.31353,0.07277,0.07178,0.07211,0.07409,0.06817,-48.74319,2592.00000
0.38852,0.38621,0.38753,0.38950,0.38424,0.30892,0.30958,0.31484,0.31024,0.31484,0.07178,0.06718,0.07244,0.07343,0.07146,-48.74319,2593.00000
0.38589,0.38687,0.38490,0.38885,0.38753,0.31122,0.31386,0.31122,0.31386,0.30958,0.06882,0.06817,0.07474,0.07178,0.06948,-48.61362,2594.00000
0.38819,0.38687,0.38589,0.38391,0.38621,0.31846,0.31846,0.31090,0.30826,0.31386,0.07442,0.07178,0.06948,0.07146,0.06882,-48.61362,2595.00000
0.38720,0.38753,0.39049,0.38589,0.38523,0.31451,0.30958,0.31057,0.31418,0.30859,0.07540,0.07211,0.06882,0.06915,0.07178,-48.55491,2596.00000
0.38490,0.38654,0.38589,0.38029,0.38753,0.31320,0.31221,0.31682,0.31386,0.31418,0.07047,0.07211,0.07047,0.07178,0.06751,-48.55491,2597.00000
0.38687,0.38457,0.38753,0.38095,0.38621,0.30991,0.31188,0.31517,0.31254,0.31550,0.06948,0.07244,0.07113,0.06784,0.07178,-48.78270,2598.00000
0.38819,0.38556,0.39279,0.38227,0.38358,0.30958,0.31320,0.31879,0.31418,0.31254,0.07080,0.07080,0.07211,0.07507,0.07277,-48.78270,2599.00000
0.38720,0.39115,0.38358,0.38589,0.38523,0.31550,0.31418,0.31418,0.31353,0.31155,0.07080,0.06981,0.07080,0.07178,0.07343,-48.94433,2600.00000
0.39378,0.38424,0.38885,0.39049,0.38358,0.31386,0.31221,0.31188,0.31090,0.31320,0.07178,0.07047,0.07113,0.06850,0.06981,-48.94433,2601.00000
0.39246,0.38457,0.38621,0.39181,0.38227,0.31616,0.31386,0.31320,0.31386,0.31287,0.06817,0.07277,0.07343,0.07310,0.07047,-49.50618,2602.00000
0.38917,0.38358,0.38983,0.38523,0.38457,0.31550,0.31616,0.31221,0.31451,0.31451,0.06981,0.07047,0.07277,0.07047,0.07211,-49.50618,2603.00000
0.38950,0.38556,0.38621,0.38457,0.39082,0.31649,0.31353,0.31188,0.31254,0.31451,0.07047,0.06619,0.07474,0.07211,0.07014,-49.10601,2604.00000
0.38293,0.38687,0.38391,0.38786,0.38161,0.31418,0.31517,0.31747,0.31287,0.31451,0.07244,0.07146,0.07178,0.06981,0.07146,-49.10601,2605.00000
0.38128,0.39016,0.38687,0.38424,0.38589,0.31122,0.31024,0.31813,0.31254,0.31320,0.07146,0.07113,0.06817,0.07014,0.07014,-48.83434,2606.00000
0.38786,0.38293,0.38917,0.37799,0.39082,0.31122,0.31024,0.31122,0.31122,0.30794,0.07244,0.07277,0.07146,0.07573,0.07113,-48.83434,2607.00000
0.38852,0.38293,0.38358,0.38424,0.38457,0.31254,0.31254,0.31320,0.31550,0.31550,0.07474,0.06948,0.07376,0.06817,0.06685,-49.30916,2608.00000
0.37997,0.38556,0.38260,0.38885,0.38556,0.30991,0.31320,0.31649,0.31550,0.31583,0.07211,0.07310,0.07409,0.07080,0.06915,-49.30916,2609.00000
0.38852,0.37964,0.37865,0.38950,0.38358,0.31550,0.31583,0.31221,0.31484,0.31254,0.06882,0.07014,0.07310,0.07376,0.07178,-48.65891,2610.00000
0.38457,0.38589,0.38194,0.38523,0.38227,0.31583,0.31353,0.31583,0.31451,0.31418,0.06685,0.07080,0.06981,0.06915,0.07343,-48.65891,2611.00000
0.38424,0.38260,0.38654,0.38457,0.38293,0.31353,0.31024,0.31353,0.31517,0.31254,0.06915,0.07211,0.07146,0.07244,0.07409,-48.46954,2612.00000
0.38128,0.38687,0.38293,0.38128,0.38753,0.31320,0.31090,0.31254,0.30498,0.31682,0.07146,0.07146,0.07080,0.07277,0.07080,-48.46954,2613.00000
0.38457,0.38128,0.39016,0.38325,0.38654,0.31155,0.30859,0.31418,0.31155,0.31978,0.06784,0.07178,0.06915,0.06817,0.07507,-48.87227,2614.00000
0.38621,0.38852,0.38885,0.38621,0.38556,0.31320,0.31155,0.31221,0.31155,0.31550,0.07080,0.07376,0.07310,0.06915,0.07409,-48.87227,2615.00000
0.38194,0.39082,0.38260,0.38917,0.38621,0.31451,0.31057,0.31221,0.31550,0.31122,0.06850,0.07178,0.07146,0.07178,0.07277,-48.28627,2616.00000
0.38654,0.38062,0.38358,0.39213,0.38227,0.31287,0.31353,0.31780,0.31550,0.31418,0.07178,0.06948,0.07178,0.06948,0.07376,-48.28627,2617.00000
0.38424,0.38523,0.39016,0.37668,0.38654,0.30826,0.30826,0.31616,0.31616,0.31780,0.07146,0.07146,0.07146,0.07343,0.07507,-48.21949,2618.00000
0.38523,0.38391,0.38457,0.38523,0.38260,0.31386,0.30859,0.31386,0.31682,0.31517,0.07047,0.07178,0.07178,0.07146,0.07310,-48.21949,2619.00000
0.38819,0.38852,0.38128,0.37898,0.38654,0.31090,0.31188,0.31221,0.31649,0.31057,0.07211,0.07277,0.07146,0.07343,0.07113,-47.56625,2620.00000
0.38260,0.38227,0.38720,0.38358,0.38161,0.31024,0.31320,0.31550,0.31353,0.31320,0.06981,0.06784,0.07376,0.07211,0.07113,-47.56625,2621.00000
0.38095,0.38457,0.38621,0.38753,0.38621,0.31616,0.31353,0.31484,0.31090,0.31024,0.06981,0.07310,0.06850,0.07014,0.07277,-48.33518,2622.00000
0.38260,0.39181,0.38457,0.38852,0.37635,0.31320,0.31418,0.30761,0.31945,0.31057,0.07146,0.07047,0.07113,0.07047,0.07639,-48.33518,2623.00000
0.38885,0.38654,0.39148,0.38523,0.38424,0.31418,0.31418,0.31122,0.31418,0.31024,0.06751,0.07211,0.06915,0.07409,0.07113,-47.96890,2624.00000
0.38194,0.38029,0.38786,0.38358,0.38161,0.30761,0.30892,0.31057,0.31550,0.31353,0.06981,0.06948,0.06948,0.07573,0.07376,-47.96890,2625.00000
0.38556,0.38457,0.38819,0.38457,0.39115,0.31418,0.31484,0.31682,0.31517,0.31287,0.07573,0.06915,0.07146,0.07606,0.06784,-47.86956,2626.00000
0.38260,0.39049,0.37964,0.40069,0.38029,0.31583,0.31320,0.31386,0.31155,0.31517,0.07376,0.07047,0.07211,0.07310,0.06915,-47.86956,2627.00000
0.38161,0.38194,0.38950,0.38457,0.38161,0.31155,0.31386,0.31221,0.31155,0.31188,0.06685,0.06981,0.07310,0.07146,0.07244,-48.09957,2628.00000
0.38885,0.38523,0.38260,0.38260,0.38654,0.31254,0.31517,0.31155,0.31057,0.31122,0.07211,0.07178,0.07146,0.07047,0.07047,-48.09957,2629.00000
0.38325,0.38589,0.38161,0.38523,0.38753,0.31155,0.31451,0.31550,0.31320,0.31320,0.07540,0.07146,0.06948,0.07277,0.07047,-48.54261,2630.00000
0.38391,0.38424,0.37997,0.38523,0.38161,0.31682,0.31451,0.31287,0.31715,0.31188,0.07507,0.06718,0.07277,0.07146,0.07113,-48.54261,2631.00000
0.38293,0.38589,0.38786,0.39049,0.38128,0.31221,0.31386,0.30728,0.31846,0.31517,0.07146,0.07080,0.07178,0.06948,0.06817,-49.30510,2632.00000
0.38556,0.38391,0.38983,0.38128,0.38358,0.31451,0.31386,0.31682,0.31320,0.31188,0.07178,0.06850,0.07211,0.07014,0.07277,-49.30510,2633.00000
0.39181,0.38260,0.38654,0.38062,0.38194,0.31451,0.31649,0.31846,0.31879,0.30892,0.07310,0.06718,0.07178,0.07376,0.07244,-49.09240,2634.00000
0.38194,0.38654,0.38293,0.38720,0.38753,0.30925,0.31451,0.31287,0.31550,0.31024,0.07178,0.07113,0.06619,0.07442,0.07474,-49.09240,2635.00000
0.38490,0.38260,0.38325,0.38490,0.38490,0.31188,0.31386,0.31451,0.31122,0.31155,0.07277,0.07113,0.06882,0.07409,0.06981,-49.18334,2636.00000
0.39049,0.38885,0.38358,0.38095,0.38523,0.31188,0.31287,0.31122,0.31583,0.31221,0.07014,0.06751,0.07211,0.07080,0.07014,-49.18334,2637.00000
0.38062,0.38786,0.39082,0.38194,0.38358,0.30728,0.30826,0.31057,0.30826,0.31484,0.07277,0.07606,0.07310,0.06915,0.07442,-49.04378,2638.00000
0.37964,0.39016,0.38161,0.37766,0.38917,0.31386,0.31616,0.31353,0.31912,0.30826,0.07244,0.07014,0.07047,0.06554,0.07770,-49.04378,2639.00000
0.37931,0.38194,0.38753,0.38589,0.38161,0.30794,0.31188,0.30761,0.31188,0.31320,0.07113,0.07244,0.07178,0.07442,0.07277,-49.17372,2640.00000
0.38621,0.38391,0.38227,0.38424,0.38194,0.31221,0.31221,0.30859,0.31188,0.31122,0.06882,0.07277,0.07014,0.07507,0.06981,-49.17372,2641.00000
0.37865,0.38556,0.38885,0.38260,0.38128,0.31254,0.31418,0.30794,0.31715,0.31024,0.07014,0.07409,0.07277,0.07014,0.07047,-49.01132,2642.00000
0.38227,0.38819,0.38095,0.38556,0.38457,0.31155,0.31090,0.30695,0.31616,0.30991,0.07014,0.07014,0.07343,0.07244,0.06850,-49.01132,2643.00000
0.38293,0.38391,0.38029,0.38227,0.38753,0.31418,0.31320,0.30991,0.31188,0.30859,0.06850,0.07507,0.06850,0.07113,0.07113,-49.45318,2644.00000
0.38293,0.38128,0.38095,0.38358,0.38194,0.31550,0.31155,0.31254,0.31583,0.31320,0.06817,0.06915,0.07573,0.06915,0.06948,-49.45318,2645.00000
0.38786,0.38852,0.38260,0.38128,0.37898,0.31122,0.31188,0.31155,0.31517,0.30991,0.07178,0.06850,0.07376,0.07277,0.07343,-48.64262,2646.00000
0.37997,0.38720,0.38753,0.38589,0.38687,0.31418,0.31451,0.31320,0.30925,0.31353,0.07474,0.06948,0.07211,0.07277,0.07146,-48.64262,2647.00000
0.38753,0.38358,0.38753,0.38786,0.38556,0.31418,0.31418,0.30991,0.31320,0.31320,0.07211,0.07310,0.07146,0.07047,0.07211,-48.46682,2648.00000
0.38424,0.38358,0.38424,0.38950,0.37964,0.31188,0.31188,0.31090,0.31320,0.31353,0.06882,0.07113,0.07178,0.07540,0.07080,-48.46682,2649.00000
0.38523,0.38325,0.38128,0.39049,0.38095,0.31221,0.31090,0.31353,0.31682,0.31386,0.07606,0.07442,0.07442,0.07146,0.07474,-48.12339,2650.00000
0.38819,0.38161,0.38621,0.38687,0.38194,0.31517,0.30991,0.30958,0.31057,0.31188,0.07474,0.07014,0.07080,0.07211,0.07014,-48.12339,2651.00000
0.38062,0.38885,0.38621,0.38095,0.38687,0.30826,0.31451,0.31451,0.31122,0.31517,0.06981,0.07211,0.06948,0.07376,0.07310,-47.89769,2652.00000
0.38687,0.39049,0.37766,0.38687,0.38720,0.31353,0.30958,0.31024,0.31090,0.31353,0.07310,0.06817,0.07310,0.07113,0.06751,-47.89769,2653.00000
0.38260,0.38786,0.38194,0.38523,0.38325,0.31649,0.31418,0.31451,0.30892,0.31122,0.07244,0.06817,0.07014,0.07014,0.07672,-47.51610,2654.00000
0.38424,0.38457,0.37536,0.38654,0.38391,0.31747,0.31287,0.30794,0.31090,0.31517,0.07211,0.07244,0.07080,0.07014,0.07146,-47.51610,2655.00000
0.38194,0.38687,0.38589,0.38424,0.38786,0.31386,0.31451,0.31451,0.31418,0.31155,0.07014,0.07343,0.07507,0.06751,0.07277,-47.96646,2656.00000
0.38523,0.37997,0.38786,0.38161,0.38062,0.31583,0.31682,0.31484,0.31550,0.30958,0.07080,0.07244,0.07014,0.07113,0.07244,-47.96646,2657.00000
0.38391,0.38753,0.38358,0.38161,0.38457,0.31057,0.31353,0.31484,0.31221,0.31090,0.07178,0.07178,0.07244,0.07244,0.07047,-48.06814,2658.00000
0.38589,0.38260,0.38161,0.38457,0.38819,0.31517,0.30991,0.31287,0.31418,0.31945,0.07310,0.07343,0.06850,0.07211,0.07507,-48.06814,2659.00000
0.38556,0.38589,0.38556,0.38194,0.39082,0.31221,0.31912,0.31320,0.31386,0.31057,0.07178,0.06948,0.06981,0.07146,0.06521,-48.32798,2660.00000
0.37964,0.38260,0.38161,0.38194,0.37964,0.30728,0.31386,0.31287,0.31715,0.31912,0.06948,0.06915,0.07211,0.07540,0.07178,-48.32798,2661.00000
0.38457,0.39312,0.39115,0.38029,0.37898,0.31583,0.31451,0.30991,0.31090,0.31287,0.07211,0.07244,0.07113,0.06948,0.06882,-48.12197,2662.00000
0.38490,0.38325,0.38227,0.38523,0.39082,0.31418,0.31254,0.31155,0.31122,0.31517,0.07178,0.07211,0.07047,0.07244,0.06981,-48.12197,2663.00000
0.38325,0.38424,0.38556,0.38424,0.38523,0.31320,0.31517,0.31484,0.31780,0.31747,0.06882,0.06850,0.07540,0.07507,0.07080,-48.26296,2664.00000
0.39049,0.38490,0.38786,0.38227,0.38621,0.31122,0.31945,0.31879,0.31616,0.31057,0.07244,0.07178,0.06948,0.06915,0.07178,-48.26296,2665.00000
0.38161,0.38325,0.38523,0.39312,0.39509,0.31155,0.31320,0.31353,0.31386,0.31583,0.07376,0.06685,0.07310,0.07507,0.06948,-48.53435,2666.00000
0.38654,0.38161,0.39016,0.38819,0.37865,0.31846,0.31287,0.31517,0.31287,0.31090,0.07014,0.07474,0.06784,0.07113,0.06915,-48.53435,2667.00000
0.38621,0.38556,0.38457,0.38852,0.38128,0.31221,0.31813,0.31090,0.31024,0.31287,0.07409,0.07080,0.07113,0.06915,0.07047,-49.07661,2668.00000
0.38687,0.38654,0.38293,0.38556,0.37635,0.31254,0.31221,0.31682,0.31451,0.31221,0.07376,0.07211,0.06882,0.07080,0.06948,-49.07661,2669.00000
0.38621,0.38523,0.38621,0.39213,0.38819,0.31155,0.31583,0.31517,0.31287,0.31649,0.07540,0.07146,0.07277,0.07146,0.07376,-49.43486,2670.00000
0.38260,0.39181,0.38490,0.38358,0.38917,0.30991,0.31320,0.31287,0.31583,0.31188,0.07080,0.07047,0.06915,0.07376,0.06751,-49.43486,2671.00000
0.37997,0.38556,0.38490,0.39641,0.37931,0.31287,0.31353,0.30662,0.32043,0.31418,0.06784,0.06784,0.06948,0.07277,0.07244,-49.29935,2672.00000
0.38358,0.38457,0.38490,0.38852,0.38687,0.31287,0.31155,0.31353,0.31386,0.31254,0.07310,0.07014,0.07146,0.07211,0.07211,-49.29935,2673.00000
0.37931,0.38260,0.38358,0.38523,0.39213,0.31057,0.31155,0.30892,0.30958,0.31451,0.07376,0.07146,0.07211,0.07047,0.07080,-49.46291,2674.00000
0.38720,0.38885,0.38523,0.38293,0.39082,0.31320,0.31583,0.31188,0.31583,0.31254,0.06685,0.07146,0.06882,0.06915,0.07474,-49.46291,2675.00000
0.38687,0.38589,0.38885,0.39246,0.38194,0.31747,0.31780,0.31682,0.30991,0.31254,0.07014,0.06784,0.07211,0.07211,0.07047,-49.45314,2676.00000
0.38720,0.38621,0.38720,0.38786,0.38621,0.31583,0.31353,0.31320,0.31090,0.31090,0.07080,0.07376,0.06784,0.07343,0.07474,-49.45314,2677.00000
0.38062,0.39016,0.37865,0.38786,0.38621,0.31550,0.31517,0.31550,0.30958,0.31484,0.07014,0.07080,0.07178,0.07376,0.07211,-48.94695,2678.00000
0.38424,0.39148,0.38424,0.38786,0.38062,0.31320,0.31188,0.31484,0.31287,0.31517,0.07047,0.06784,0.07113,0.07146,0.06948,-48.94695,2679.00000
0.39049,0.38029,0.37964,0.38753,0.38819,0.31747,0.31846,0.31451,0.31583,0.30925,0.07047,0.07080,0.07014,0.06850,0.07211,-48.35396,2680.00000
0.38095,0.39082,0.38424,0.38720,0.38654,0.31418,0.30958,0.31451,0.31320,0.31320,0.07343,0.07343,0.07376,0.07211,0.07014,-48.35396,2681.00000
0.38983,0.38457,0.38687,0.38227,0.38358,0.31649,0.31451,0.31517,0.31188,0.31550,0.07442,0.06652,0.07211,0.06882,0.07343,-47.87562,2682.00000
0.39115,0.38391,0.38654,0.38556,0.38654,0.31155,0.30958,0.31583,0.31090,0.31386,0.06882,0.07113,0.07540,0.06915,0.07211,-47.87562,2683.00000
0.37701,0.37931,0.38621,0.38720,0.37832,0.30958,0.31221,0.31254,0.31386,0.31188,0.07211,0.07310,0.07047,0.07442,0.07376,-48.00757,2684.00000
0.39279,0.38786,0.39115,0.38786,0.38556,0.31155,0.31353,0.31254,0.31320,0.31155,0.06948,0.07113,0.07277,0.07244,0.07409,-48.00757,2685.00000
0.38424,0.38391,0.38457,0.38325,0.38852,0.31386,0.31155,0.31550,0.31353,0.31188,0.07211,0.06948,0.07310,0.07146,0.07277,-47.78955,2686.00000
0.37832,0.38720,0.38457,0.38687,0.38457,0.31057,0.31583,0.30794,0.31320,0.30991,0.06981,0.07146,0.07211,0.06718,0.06948,-47.78955,2687.00000
0.38589,0.38424,0.38227,0.38852,0.38687,0.31418,0.31254,0.31484,0.30761,0.31287,0.07178,0.06981,0.07409,0.07244,0.06915,-47.75977,2688.00000
0.38589,0.38358,0.38391,0.38654,0.38654,0.31188,0.31320,0.31386,0.31254,0.31386,0.07211,0.07310,0.07146,0.07178,0.06948,-47.75977,2689.00000
0.38227,0.38589,0.38260,0.38720,0.38523,0.31090,0.31715,0.31418,0.31254,0.31550,0.07244,0.07442,0.07146,0.07178,0.07507,-47.59343,2690.00000
0.38128,0.37569,0.38687,0.38424,0.38687,0.31945,0.31517,0.31780,0.31715,0.30991,0.06751,0.07277,0.07507,0.06850,0.07507,-47.59343,2691.00000
0.38062,0.38786,0.38523,0.38786,0.38095,0.31813,0.31090,0.31188,0.31188,0.31747,0.06882,0.07277,0.07178,0.06817,0.07080,-48.11241,2692.00000
0.38852,0.38391,0.38523,0.39016,0.38194,0.31517,0.31418,0.31649,0.30826,0.31188,0.07244,0.07639,0.07343,0.07047,0.07343,-48.11241,2693.00000
0.39049,0.38819,0.38062,0.39148,0.38062,0.31583,0.30859,0.31484,0.31682,0.30925,0.07211,0.07211,0.06915,0.07442,0.07178,-48.37052,2694.00000
0.38358,0.38885,0.39378,0.38128,0.38786,0.31386,0.30728,0.31517,0.31517,0.31221,0.07211,0.06981,0.07146,0.07606,0.07080,-48.37052,2695.00000
0.38983,0.38325,0.38852,0.39115,0.38852,0.31418,0.31221,0.31320,0.31155,0.31583,0.07277,0.07343,0.07343,0.07343,0.07244,-48.86322,2696.00000
0.38523,0.37997,0.38490,0.39016,0.38753,0.31386,0.31090,0.30958,0.30958,0.31386,0.07014,0.07047,0.07080,0.07146,0.07442,-48.86322,2697.00000
0.38917,0.38095,0.38062,0.38424,0.38621,0.31057,0.30991,0.31418,0.31747,0.31353,0.07540,0.07113,0.07047,0.07244,0.07146,-48.81409,2698.00000
0.38983,0.38260,0.38424,0.38687,0.38293,0.31879,0.31780,0.31188,0.31122,0.31649,0.07442,0.07343,0.06948,0.07244,0.07376,-48.81409,2699.00000
0.38589,0.38950,0.38621,0.39082,0.37964,0.31221,0.31550,0.32076,0.31254,0.31517,0.07211,0.07474,0.07310,0.07343,0.07047,-49.65047,2700.00000
0.38687,0.39049,0.38293,0.38457,0.38424,0.31846,0.31090,0.31451,0.31451,0.31122,0.06817,0.07277,0.07146,0.07310,0.07146,-49.65047,2701.00000
0.38687,0.38161,0.38621,0.38358,0.38589,0.31912,0.31057,0.31682,0.31813,0.31780,0.07244,0.07244,0.07376,0.07474,0.07343,-49.57655,2702.00000
0.38720,0.38490,0.39049,0.38621,0.38687,0.31484,0.31912,0.31418,0.31254,0.31254,0.07343,0.07113,0.06948,0.07343,0.07244,-49.57655,2703.00000
0.38852,0.38391,0.38687,0.38589,0.38786,0.32076,0.31287,0.31484,0.31287,0.31090,0.07343,0.07409,0.07211,0.07113,0.07244,-49.47844,2704.00000
0.38293,0.38293,0.38983,0.38523,0.38457,0.31155,0.30958,0.31715,0.31418,0.31616,0.06850,0.07047,0.07573,0.07573,0.07047,-49.47844,2705.00000
0.38391,0.38687,0.37865,0.38917,0.38720,0.31550,0.31221,0.30958,0.31386,0.31484,0.07409,0.07409,0.07178,0.06751,0.07211,-49.03543,2706.00000
0.38391,0.38457,0.38523,0.38293,0.38917,0.31188,0.31155,0.31813,0.31517,0.31649,0.07211,0.07343,0.07277,0.07277,0.07047,-49.03543,2707.00000
0.38556,0.38062,0.38621,0.38227,0.39049,0.31221,0.31583,0.31254,0.31517,0.31550,0.07277,0.07343,0.07606,0.07113,0.07113,-48.78729,2708.00000
0.37964,0.39049,0.38523,0.38917,0.38917,0.31320,0.31024,0.31090,0.31024,0.31418,0.07409,0.06981,0.06850,0.07146,0.06915,-48.78729,2709.00000
0.39049,0.38325,0.38095,0.39082,0.39181,0.31057,0.31386,0.30991,0.31912,0.31155,0.07277,0.07343,0.07080,0.07211,0.07211,-48.62024,2710.00000
0.38621,0.38260,0.38654,0.38391,0.38194,0.31846,0.31583,0.31451,0.31550,0.31616,0.07409,0.07080,0.06981,0.06948,0.07277,-48.62024,2711.00000
0.38917,0.38917,0.39082,0.38161,0.38095,0.31090,0.31057,0.31353,0.31846,0.31386,0.07409,0.07639,0.07244,0.07211,0.07573,-47.60555,2712.00000
0.38095,0.38885,0.38490,0.38852,0.38457,0.31583,0.31418,0.31320,0.31517,0.31418,0.07277,0.07178,0.07244,0.07113,0.06718,-47.60555,2713.00000
0.38917,0.38589,0.38687,0.38753,0.38095,0.31386,0.31353,0.31386,0.31353,0.30695,0.07277,0.07146,0.06882,0.06915,0.07146,-46.52382,2714.00000
0.37733,0.38523,0.38654,0.38950,0.38325,0.30892,0.31353,0.31320,0.31451,0.31386,0.07244,0.07343,0.07047,0.07409,0.07409,-46.52382,2715.00000
0.38260,0.38293,0.38687,0.37701,0.38654,0.30859,0.31353,0.31254,0.31583,0.31550,0.06850,0.06981,0.07080,0.07146,0.07244,-45.83033,2716.00000
0.38819,0.38654,0.38753,0.38457,0.38852,0.30859,0.31188,0.31616,0.31155,0.31386,0.07113,0.06882,0.07113,0.07047,0.07442,-45.83033,2717.00000
0.38391,0.38391,0.38227,0.38687,0.38753,0.31780,0.30991,0.31188,0.31517,0.31484,0.07211,0.07343,0.06882,0.07277,0.07178,-44.13917,2718.00000
0.38556,0.38786,0.38950,0.38753,0.37997,0.31517,0.31879,0.31484,0.31320,0.31057,0.07376,0.07507,0.07014,0.07244,0.07178,-44.13917,2719.00000
0.38589,0.38293,0.38687,0.38687,0.38523,0.31353,0.31451,0.31221,0.31616,0.31057,0.06981,0.07146,0.07277,0.07113,0.07113,-44.42937,2720.00000
0.38654,0.38621,0.38029,0.39542,0.38161,0.31287,0.31353,0.31353,0.31353,0.31057,0.07211,0.07343,0.07244,0.07211,0.07178,-44.42937,2721.00000
0.38424,0.38490,0.38786,0.38424,0.38523,0.31221,0.31353,0.31155,0.31254,0.31254,0.06915,0.07047,0.07277,0.07178,0.07113,-45.32759,2722.00000
0.38523,0.38556,0.38029,0.39378,0.38852,0.31320,0.31550,0.31188,0.31254,0.31353,0.07146,0.06882,0.07376,0.06850,0.06882,-45.32759,2723.00000
0.39213,0.38161,0.38161,0.38720,0.38490,0.31320,0.31221,0.31122,0.31188,0.31616,0.07540,0.06915,0.07014,0.07376,0.07244,-46.00452,2724.00000
0.38720,0.38062,0.38358,0.38556,0.38589,0.31221,0.31682,0.30695,0.31517,0.31254,0.07113,0.07211,0.07343,0.07277,0.07310,-46.00452,2725.00000
0.38819,0.38654,0.38654,0.38260,0.37898,0.31484,0.31682,0.31418,0.31155,0.31287,0.07014,0.07376,0.06948,0.07244,0.06981,-47.10523,2726.00000
0.38983,0.38654,0.38621,0.38720,0.38391,0.31649,0.31550,0.31155,0.31057,0.30991,0.07507,0.07442,0.07047,0.07343,0.07376,-47.10523,2727.00000
0.38293,0.38457,0.38556,0.39049,0.38161,0.31682,0.31747,0.31287,0.31418,0.31254,0.07409,0.07442,0.07211,0.07080,0.07343,-47.93506,2728.00000
0.39049,0.38720,0.38325,0.38457,0.38885,0.31221,0.31057,0.31517,0.30794,0.31418,0.07047,0.07244,0.06981,0.07310,0.07047,-47.93506,2729.00000
0.38227,0.38062,0.38654,0.38490,0.39016,0.31451,0.31583,0.30958,0.31057,0.31254,0.06850,0.07244,0.07014,0.07376,0.07310,-47.95280,2730.00000
0.38852,0.38358,0.38194,0.38260,0.38983,0.31320,0.31254,0.31320,0.31418,0.31320,0.06817,0.06915,0.07178,0.07080,0.07211,-47.95280,2731.00000
0.38917,0.38523,0.39181,0.37733,0.38128,0.31287,0.30826,0.31682,0.31024,0.31517,0.07573,0.07146,0.07343,0.07409,0.07442,-48.51639,2732.00000
0.38786,0.38917,0.38128,0.38293,0.38358,0.30892,0.31287,0.31616,0.31353,0.31221,0.07672,0.07507,0.07113,0.07277,0.07014,-48.51639,2733.00000
0.38786,0.38161,0.38589,0.38523,0.38029,0.31353,0.31583,0.31287,0.31254,0.31057,0.07080,0.07080,0.07343,0.07113,0.07080,-48.29152,2734.00000
0.38457,0.38260,0.37865,0.38095,0.38293,0.31649,0.31320,0.31682,0.31386,0.31320,0.07672,0.07507,0.07409,0.07211,0.07211,-48.29152,2735.00000
0.38885,0.38523,0.38161,0.38523,0.38753,0.31221,0.31221,0.31155,0.31287,0.31780,0.07277,0.07277,0.07277,0.07244,0.07376,-48.39389,2736.00000
0.38424,0.38983,0.38227,0.38293,0.38227,0.31418,0.31517,0.31024,0.31353,0.31616,0.07014,0.07113,0.06981,0.06981,0.07803,-48.39389,2737.00000
0.38391,0.38720,0.38391,0.39082,0.38128,0.30925,0.31747,0.31057,0.31320,0.31583,0.07277,0.07376,0.07310,0.07014,0.07146,-48.05687,2738.00000
0.38293,0.38490,0.37997,0.38457,0.38687,0.31780,0.31386,0.31254,0.31484,0.31550,0.07244,0.07178,0.07376,0.07211,0.06882,-48.05687,2739.00000
0.39016,0.38227,0.38260,0.39148,0.37733,0.31122,0.31221,0.30958,0.30958,0.31320,0.06882,0.06915,0.07442,0.07442,0.07277,-48.18537,2740.00000
0.39312,0.38917,0.38095,0.38260,0.38556,0.31122,0.31188,0.31451,0.31057,0.30859,0.07211,0.07442,0.07244,0.07244,0.07178,-48.18537,2741.00000
0.38161,0.38325,0.38424,0.38161,0.39213,0.31353,0.31550,0.31517,0.31517,0.31221,0.07146,0.07277,0.07080,0.07178,0.07113,-47.74533,2742.00000
0.38260,0.38852,0.38095,0.38654,0.38917,0.31188,0.31221,0.31747,0.31188,0.31386,0.07211,0.07047,0.07310,0.07343,0.07080,-47.74533,2743.00000
0.38227,0.38687,0.38852,0.38227,0.38950,0.31188,0.31879,0.31155,0.31484,0.31188,0.07047,0.07146,0.06948,0.07310,0.07672,-47.34291,2744.00000
0.37701,0.38654,0.38950,0.37799,0.38325,0.31649,0.31583,0.31550,0.31155,0.31188,0.07146,0.07211,0.07146,0.07343,0.07178,-47.34291,2745.00000
0.38786,0.38621,0.38194,0.39016,0.39181,0.31287,0.31418,0.31353,0.31550,0.31616,0.06981,0.07277,0.07113,0.06850,0.07343,-47.09905,2746.00000
0.38753,0.38490,0.39082,0.38490,0.39016,0.30925,0.30991,0.30958,0.31780,0.31155,0.07376,0.07507,0.07113,0.07803,0.07146,-47.09905,2747.00000
0.37470,0.39674,0.37964,0.37997,0.38917,0.31155,0.31254,0.31353,0.31221,0.31715,0.06850,0.07178,0.07113,0.06915,0.07277,-47.30269,2748.00000
0.38786,0.38194,0.38293,0.38523,0.38293,0.31550,0.31221,0.31484,0.31254,0.31254,0.07639,0.07211,0.07014,0.07310,0.06882,-47.30269,2749.00000
0.38556,0.37766,0.38786,0.38621,0.38358,0.31024,0.31879,0.31583,0.31517,0.31155,0.07113,0.07672,0.06685,0.07146,0.07672,-47.66143,2750.00000
0.38654,0.38589,0.38687,0.38523,0.38556,0.31155,0.30991,0.31517,0.31386,0.31254,0.07573,0.07113,0.07113,0.07310,0.07047,-47.66143,2751.00000
0.39148,0.39049,0.38457,0.38819,0.38293,0.31451,0.31550,0.30958,0.31122,0.30892,0.07310,0.07113,0.07376,0.07442,0.06915,-47.98848,2752.00000
0.38819,0.38194,0.38654,0.38950,0.39312,0.31122,0.31386,0.31353,0.31386,0.31451,0.06948,0.06850,0.07409,0.07474,0.07277,-47.98848,2753.00000
0.39148,0.37865,0.38654,0.38589,0.38325,0.31090,0.31846,0.31418,0.31418,0.31287,0.07080,0.07244,0.07376,0.07146,0.07113,-48.39531,2754.00000
0.39049,0.38819,0.38128,0.38720,0.37898,0.31550,0.31287,0.31484,0.31550,0.31451,0.06981,0.07080,0.07113,0.07442,0.07178,-48.39531,2755.00000
0.38358,0.38424,0.38720,0.38062,0.38358,0.31418,0.31090,0.31287,0.30859,0.31090,0.07178,0.06915,0.07146,0.06817,0.07770,-48.73327,2756.00000
0.38786,0.38523,0.37799,0.38457,0.38358,0.31221,0.31254,0.31353,0.31155,0.31386,0.07113,0.07310,0.07146,0.07474,0.07573,-48.73327,2757.00000
0.38325,0.38457,0.38128,0.38556,0.38358,0.30695,0.30925,0.31155,0.31386,0.31188,0.07277,0.07376,0.07178,0.07310,0.07244,-49.51521,2758.00000
0.38391,0.38720,0.38457,0.38654,0.38654,0.31287,0.31254,0.31024,0.31287,0.31550,0.07277,0.07409,0.07047,0.07080,0.07113,-49.51521,2759.00000
0.38457,0.38654,0.38589,0.38293,0.38786,0.31484,0.30958,0.31418,0.31155,0.31353,0.07047,0.07211,0.07178,0.07606,0.07442,-49.70448,2760.00000
0.38885,0.38424,0.38885,0.38457,0.38621,0.31090,0.31254,0.31155,0.31155,0.31550,0.07507,0.07211,0.07310,0.06915,0.07540,-49.70448,2761.00000
0.38457,0.38325,0.39016,0.38424,0.38194,0.31386,0.31484,0.31583,0.31090,0.31353,0.07409,0.07442,0.07146,0.06850,0.06882,-50.01946,2762.00000
0.38095,0.38687,0.38391,0.38687,0.38490,0.31616,0.31221,0.31320,0.31287,0.31090,0.07244,0.07244,0.07409,0.07244,0.07310,-50.01946,2763.00000
0.38358,0.38654,0.38391,0.38062,0.38852,0.31550,0.31155,0.31320,0.31682,0.31287,0.07146,0.07507,0.06948,0.07211,0.06981,-49.77209,2764.00000
0.38128,0.38687,0.38325,0.38523,0.38457,0.31386,0.31353,0.31484,0.31188,0.31090,0.07178,0.07146,0.07310,0.07409,0.06915,-49.77209,2765.00000
0.38589,0.38358,0.38786,0.38391,0.38457,0.31221,0.30826,0.31155,0.30991,0.31155,0.07211,0.07244,0.07244,0.07146,0.07343,-49.29793,2766.00000
0.38161,0.38852,0.38161,0.38293,0.38786,0.31517,0.31254,0.31320,0.31155,0.31122,0.07474,0.07014,0.07244,0.07409,0.07672,-49.29793,2767.00000
0.38556,0.38589,0.38161,0.38589,0.38589,0.31155,0.31024,0.31287,0.31155,0.31057,0.07606,0.07376,0.07606,0.07376,0.07178,-48.96717,2768.00000
0.38556,0.38556,0.38687,0.38293,0.38391,0.31188,0.31386,0.31090,0.31320,0.31353,0.07343,0.07409,0.07376,0.07244,0.07244,-48.96717,2769.00000
0.38325,0.38753,0.38128,0.38293,0.39049,0.31155,0.30826,0.31155,0.31484,0.31287,0.07211,0.07540,0.07606,0.07442,0.07310,-48.59693,2770.00000
0.38457,0.38720,0.38128,0.38161,0.38621,0.30859,0.31353,0.30826,0.31122,0.31912,0.07014,0.07211,0.07146,0.07310,0.07376,-48.59693,2771.00000
0.38194,0.37898,0.38128,0.38720,0.37898,0.31287,0.31122,0.31451,0.31320,0.31682,0.06850,0.07409,0.07277,0.07343,0.07277,-48.15153,2772.00000
0.38490,0.38029,0.38457,0.38457,0.38621,0.31353,0.31484,0.31024,0.31320,0.31320,0.07113,0.07442,0.07672,0.07244,0.07146,-48.15153,2773.00000
0.38917,0.38687,0.38358,0.39444,0.38293,0.31221,0.31221,0.31254,0.31649,0.31024,0.07376,0.07014,0.07343,0.06981,0.07376,-47.87902,2774.00000
0.38095,0.38227,0.38786,0.38062,0.38325,0.31320,0.31024,0.31353,0.31057,0.31583,0.07507,0.07178,0.07376,0.07146,0.07047,-47.87902,2775.00000
0.38720,0.38556,0.39049,0.38260,0.38786,0.30728,0.31418,0.31649,0.30991,0.31353,0.07047,0.07376,0.07146,0.07080,0.07376,-47.81127,2776.00000
0.37898,0.39016,0.38654,0.38885,0.38227,0.31484,0.31583,0.31517,0.31550,0.30794,0.07343,0.06784,0.07113,0.07113,0.06882,-47.81127,2777.00000
0.38786,0.38062,0.38753,0.38161,0.38293,0.31287,0.31320,0.31649,0.31484,0.31747,0.06751,0.07014,0.07343,0.07047,0.07573,-47.77425,2778.00000
0.38260,0.38819,0.38325,0.38556,0.38523,0.31188,0.31287,0.31550,0.31155,0.31353,0.07211,0.07211,0.07080,0.07113,0.07277,-47.77425,2779.00000
0.38457,0.38523,0.38589,0.38161,0.38260,0.31155,0.31221,0.31353,0.30826,0.31221,0.06817,0.07244,0.07080,0.07442,0.07409,-48.17274,2780.00000
0.39378,0.38490,0.38589,0.38786,0.38589,0.31221,0.31254,0.31320,0.31221,0.31090,0.07277,0.07310,0.07277,0.07080,0.07343,-48.17274,2781.00000
0.38523,0.38424,0.38457,0.38621,0.38424,0.31155,0.31188,0.31221,0.31254,0.31418,0.07047,0.07409,0.07178,0.07014,0.07310,-48.38306,2782.00000
0.39181,0.38687,0.38325,0.38490,0.38293,0.31451,0.31418,0.31090,0.30991,0.31517,0.06981,0.07014,0.07178,0.07409,0.07080,-48.38306,2783.00000
0.38490,0.38687,0.38720,0.38490,0.38523,0.31254,0.31386,0.31451,0.31155,0.31090,0.07047,0.07343,0.07113,0.07310,0.07442,-46.39763,2784.00000
0.38720,0.38358,0.38424,0.39049,0.39477,0.31320,0.31550,0.31649,0.31287,0.31451,0.07047,0.07277,0.07474,0.06981,0.07672,-46.39763,2785.00000
0.39181,0.38457,0.38227,0.37997,0.38654,0.31484,0.31517,0.30563,0.31320,0.31780,0.07277,0.07178,0.07113,0.07310,0.07211,-44.09744,2786.00000
0.38260,0.38457,0.37931,0.39049,0.38589,0.31155,0.31418,0.31090,0.30892,0.31715,0.07573,0.06948,0.06817,0.07211,0.07080,-44.09744,2787.00000
0.37931,0.38885,0.38095,0.38589,0.38293,0.31418,0.31484,0.31122,0.31550,0.31484,0.07146,0.07474,0.07310,0.07442,0.07244,-44.24042,2788.00000
0.38325,0.38819,0.38753,0.38753,0.38556,0.31517,0.30761,0.31682,0.31780,0.31221,0.07409,0.07573,0.07376,0.07310,0.06981,-44.24042,2789.00000
0.38325,0.38654,0.37964,0.38983,0.38161,0.31386,0.31418,0.31386,0.31517,0.31484,0.07540,0.07244,0.07343,0.07211,0.07146,-45.32857,2790.00000
0.38589,0.38687,0.38293,0.38325,0.38786,0.30958,0.30991,0.31090,0.31451,0.31451,0.07376,0.07343,0.07376,0.07376,0.07146,-45.32857,2791.00000
0.38720,0.38621,0.38950,0.39148,0.38227,0.31254,0.31418,0.31879,0.30991,0.31221,0.07606,0.07310,0.07310,0.06586,0.07244,-46.29815,2792.00000
0.37733,0.38819,0.38654,0.38293,0.37964,0.31320,0.31550,0.31386,0.31320,0.31682,0.07442,0.07146,0.07639,0.07014,0.07540,-46.29815,2793.00000
0.38325,0.39148,0.38128,0.38391,0.38687,0.31122,0.31715,0.31254,0.31715,0.31616,0.07343,0.07113,0.06981,0.07442,0.06850,-46.69714,2794.00000
0.37799,0.39016,0.38227,0.38852,0.38523,0.31254,0.31682,0.30695,0.31353,0.31517,0.07080,0.07672,0.07178,0.07277,0.07310,-46.69714,2795.00000
0.38786,0.38325,0.38589,0.38424,0.38293,0.31188,0.31451,0.30925,0.31451,0.31122,0.07146,0.07507,0.07080,0.07146,0.07573,-46.54809,2796.00000
0.38589,0.38589,0.37766,0.39148,0.37997,0.31451,0.31846,0.31616,0.31320,0.31616,0.07540,0.07047,0.07277,0.07178,0.07178,-46.54809,2797.00000
0.38885,0.38786,0.38621,0.38490,0.38095,0.31682,0.31287,0.31649,0.31254,0.31583,0.07376,0.07113,0.07277,0.07014,0.07080,-47.23974,2798.00000
0.38358,0.38424,0.38819,0.37964,0.38753,0.31517,0.30728,0.31451,0.31484,0.31780,0.07277,0.06948,0.07113,0.07310,0.07606,-47.23974,2799.00000
0.38424,0.38556,0.38457,0.38358,0.38950,0.31221,0.31583,0.31682,0.31550,0.31386,0.06948,0.07474,0.07244,0.06817,0.07080,-47.61784,2800.00000
0.39213,0.38161,0.38391,0.38885,0.38917,0.31090,0.31386,0.31386,0.31550,0.30826,0.07211,0.07409,0.07080,0.07606,0.07310,-47.61784,2801.00000
0.38621,0.38687,0.38358,0.38490,0.39279,0.31484,0.31517,0.30991,0.31024,0.31879,0.06882,0.07474,0.07277,0.07178,0.07211,-48.28168,2802.00000
0.38391,0.38852,0.38260,0.38424,0.38260,0.31254,0.31846,0.31484,0.31418,0.31057,0.07310,0.07310,0.07178,0.07277,0.07178,-48.28168,2803.00000
0.38950,0.38852,0.38950,0.38391,0.38457,0.31451,0.31287,0.31517,0.31122,0.31386,0.07376,0.07343,0.06981,0.07146,0.07573,-47.96253,2804.00000
0.38819,0.38589,0.38753,0.38457,0.38621,0.31715,0.31155,0.31945,0.31122,0.31188,0.07244,0.07277,0.07277,0.07146,0.07343,-47.96253,2805.00000
0.38325,0.38391,0.39016,0.38457,0.37766,0.31484,0.31287,0.31287,0.31583,0.31386,0.07211,0.07474,0.07014,0.07343,0.07080,-47.89136,2806.00000
0.38325,0.38654,0.38293,0.38424,0.39049,0.31122,0.31484,0.30991,0.31715,0.31616,0.06619,0.07244,0.07738,0.07343,0.07113,-47.89136,2807.00000
0.38621,0.38917,0.38885,0.38654,0.38687,0.31418,0.31155,0.31747,0.31550,0.31188,0.07540,0.07507,0.07376,0.07146,0.07343,-47.84554,2808.00000
0.38687,0.38490,0.39082,0.39082,0.38523,0.31517,0.30728,0.31484,0.31221,0.31780,0.07211,0.07474,0.07244,0.07113,0.07047,-47.84554,2809.00000
0.38424,0.38786,0.38161,0.38950,0.38852,0.31188,0.31912,0.32076,0.31254,0.31682,0.06915,0.07540,0.06948,0.07277,0.07310,-48.08681,2810.00000
0.38621,0.38490,0.39016,0.38358,0.38621,0.31386,0.31122,0.31024,0.31484,0.32274,0.07211,0.07080,0.07178,0.07211,0.07474,-48.08681,2811.00000
0.38523,0.38852,0.38490,0.38227,0.38654,0.30958,0.31484,0.30925,0.31649,0.31649,0.07014,0.07277,0.07113,0.07277,0.07343,-48.48040,2812.00000
0.38819,0.38095,0.38556,0.38720,0.39213,0.31386,0.31057,0.31484,0.31386,0.31122,0.07310,0.06948,0.07211,0.07244,0.07672,-48.48040,2813.00000
0.39345,0.39016,0.38227,0.38885,0.38161,0.31287,0.31451,0.31484,0.31287,0.31353,0.07507,0.07376,0.07343,0.07047,0.06850,-48.78511,2814.00000
0.38621,0.38786,0.38424,0.38457,0.38753,0.31386,0.32208,0.31155,0.31550,0.31155,0.07244,0.07343,0.07738,0.07277,0.07277,-48.78511,2815.00000
0.38720,0.38687,0.38523,0.37733,0.39115,0.31649,0.31747,0.31386,0.31780,0.31386,0.07244,0.07310,0.07540,0.07178,0.06948,-49.34307,2816.00000
0.38819,0.38523,0.38128,0.38556,0.38852,0.31386,0.32011,0.31616,0.31353,0.31287,0.07178,0.07376,0.07211,0.07606,0.07573,-49.34307,2817.00000
0.38457,0.38227,0.38293,0.38194,0.38753,0.31484,0.31188,0.31583,0.31287,0.31057,0.07409,0.07310,0.07113,0.07047,0.07343,-49.20723,2818.00000
0.38358,0.39082,0.38161,0.39345,0.38358,0.31583,0.31122,0.31583,0.31715,0.31122,0.07310,0.07343,0.07770,0.07244,0.07244,-49.20723,2819.00000
0.38260,0.38983,0.38424,0.38391,0.38753,0.31616,0.31813,0.31616,0.31090,0.31517,0.07113,0.07376,0.06948,0.07211,0.07507,-49.31686,2820.00000
0.38227,0.38457,0.38457,0.38358,0.38556,0.31188,0.31418,0.31353,0.31747,0.31945,0.07113,0.07442,0.07573,0.07343,0.06915,-49.31686,2821.00000
0.38687,0.38227,0.38950,0.38358,0.38983,0.31682,0.31484,0.31155,0.31188,0.31616,0.07178,0.07047,0.07573,0.07376,0.07047,-49.27439,2822.00000
0.38621,0.38621,0.37635,0.38523,0.38852,0.31188,0.31813,0.31188,0.31320,0.31320,0.07047,0.07211,0.07047,0.06882,0.07277,-49.27439,2823.00000
0.39312,0.38358,0.38852,0.38950,0.38753,0.31550,0.31451,0.31616,0.31517,0.31649,0.07080,0.07343,0.07310,0.07409,0.07014,-48.91730,2824.00000
0.38654,0.38589,0.38260,0.38852,0.38194,0.31583,0.31517,0.31386,0.31386,0.31122,0.07442,0.07310,0.07244,0.07211,0.07277,-48.91730,2825.00000
0.38589,0.37964,0.38753,0.38293,0.38424,0.31780,0.31583,0.31616,0.31418,0.31155,0.07146,0.07474,0.07442,0.07244,0.07277,-48.10958,2826.00000
0.38424,0.38194,0.38260,0.38457,0.39279,0.31846,0.31320,0.31451,0.31583,0.31451,0.07277,0.07244,0.07376,0.07442,0.07310,-48.10958,2827.00000
0.38885,0.38293,0.38654,0.38819,0.38490,0.31221,0.31583,0.31813,0.31780,0.31715,0.06784,0.07277,0.07080,0.07310,0.07277,-47.95522,2828.00000
0.38523,0.38128,0.38917,0.38062,0.38260,0.31287,0.31715,0.31517,0.31978,0.31846,0.07277,0.06981,0.07540,0.06981,0.07277,-47.95522,2829.00000
0.38293,0.38391,0.38325,0.38753,0.38983,0.31254,0.31090,0.31517,0.31583,0.31188,0.07606,0.07474,0.07178,0.07442,0.07343,-47.86370,2830.00000
0.39082,0.38556,0.38490,0.38490,0.38556,0.31254,0.31122,0.31682,0.31780,0.31386,0.07178,0.07639,0.07277,0.07540,0.07244,-47.86370,2831.00000
0.38654,0.38424,0.38753,0.37997,0.39411,0.31550,0.31386,0.31122,0.31484,0.31353,0.07310,0.07178,0.07244,0.07442,0.07113,-47.94103,2832.00000
0.38490,0.38424,0.38720,0.38819,0.38885,0.31221,0.31418,0.31155,0.31550,0.31090,0.07442,0.07409,0.07277,0.07113,0.07244,-47.94103,2833.00000
0.38753,0.38260,0.38885,0.38950,0.38621,0.31221,0.31090,0.31484,0.31287,0.31517,0.07705,0.07507,0.07211,0.07244,0.07178,-47.46850,2834.00000
0.38293,0.38786,0.38194,0.38852,0.38786,0.31386,0.31418,0.31550,0.31155,0.32076,0.06685,0.07507,0.07376,0.07310,0.07277,-47.46850,2835.00000
0.38325,0.38293,0.38589,0.38095,0.38589,0.31846,0.31287,0.31517,0.31583,0.31517,0.07343,0.07507,0.07442,0.07244,0.07178,-48.10075,2836.00000
0.38523,0.38523,0.38917,0.38457,0.38654,0.31451,0.31155,0.31221,0.31122,0.31451,0.07310,0.07277,0.07211,0.07310,0.07244,-48.10075,2837.00000
0.38424,0.38983,0.38260,0.38589,0.38391,0.31484,0.31386,0.30859,0.31287,0.31287,0.07409,0.06882,0.07409,0.07178,0.07080,-48.70616,2838.00000
0.38589,0.38687,0.38556,0.38556,0.38687,0.31221,0.31451,0.31517,0.31945,0.31386,0.07343,0.07409,0.07211,0.07146,0.07573,-48.70616,2839.00000
0.38391,0.38391,0.38424,0.39148,0.38260,0.31682,0.31287,0.31320,0.31780,0.31550,0.07080,0.07507,0.07277,0.07474,0.06915,-48.80704,2840.00000
0.38786,0.38687,0.38293,0.38457,0.38786,0.31846,0.31353,0.31320,0.31221,0.31517,0.07277,0.07672,0.07113,0.07178,0.07080,-48.80704,2841.00000
0.38852,0.38523,0.38095,0.38917,0.38391,0.31320,0.31122,0.31550,0.31320,0.31353,0.07474,0.07113,0.07277,0.07047,0.07409,-48.62364,2842.00000
0.39049,0.38852,0.38654,0.38556,0.39049,0.31155,0.31945,0.31122,0.31682,0.31484,0.07146,0.07376,0.07343,0.07244,0.07672,-48.62364,2843.00000
0.38983,0.37865,0.38358,0.38556,0.39115,0.31682,0.31287,0.31517,0.30892,0.31320,0.07343,0.07442,0.07343,0.07047,0.07507,-49.10033,2844.00000
0.38490,0.38293,0.38457,0.38523,0.38128,0.31649,0.31879,0.31682,0.31978,0.31254,0.07376,0.07343,0.07343,0.07442,0.07146,-49.10033,2845.00000
0.39049,0.38654,0.39049,0.39049,0.38885,0.31616,0.31155,0.31813,0.31517,0.31747,0.07507,0.07047,0.07474,0.07540,0.07014,-49.23095,2846.00000
0.38227,0.38917,0.39148,0.39181,0.38950,0.31024,0.30958,0.31583,0.31353,0.31846,0.07573,0.07836,0.07244,0.07310,0.07343,-49.23095,2847.00000
0.38391,0.38654,0.38687,0.38523,0.38687,0.31386,0.31682,0.31418,0.31879,0.31583,0.07047,0.07047,0.07080,0.07442,0.07540,-49.24153,2848.00000
0.38621,0.38917,0.38358,0.38786,0.38260,0.31320,0.31155,0.31418,0.31649,0.31550,0.07014,0.07211,0.07146,0.07409,0.07705,-49.24153,2849.00000
0.38589,0.38720,0.38687,0.38424,0.39049,0.31353,0.31517,0.31550,0.31386,0.31451,0.07310,0.07277,0.06685,0.07113,0.07343,-49.11187,2850.00000
0.38325,0.38391,0.38095,0.39608,0.38029,0.31451,0.31090,0.31155,0.31583,0.31320,0.07343,0.07244,0.07573,0.06948,0.07047,-49.11187,2851.00000
0.38720,0.38227,0.39148,0.38654,0.38556,0.31649,0.31221,0.31484,0.31616,0.31879,0.07244,0.07540,0.07310,0.07277,0.07244,-49.03193,2852.00000
0.38720,0.38325,0.38720,0.38654,0.38490,0.31747,0.31320,0.31353,0.31912,0.31320,0.07113,0.07540,0.07310,0.07178,0.07343,-49.03193,2853.00000
0.38556,0.38424,0.38293,0.38589,0.37964,0.31090,0.31945,0.31780,0.31155,0.32011,0.07014,0.07376,0.07146,0.07211,0.07409,-49.13327,2854.00000
0.38523,0.39016,0.37372,0.38358,0.39181,0.31550,0.31320,0.31484,0.31583,0.31616,0.07310,0.07474,0.07343,0.07244,0.07376,-49.13327,2855.00000
0.38227,0.38720,0.38523,0.38194,0.38391,0.31418,0.31715,0.31484,0.31715,0.31418,0.07244,0.07244,0.07277,0.07507,0.06882,-48.61000,2856.00000
0.38358,0.38490,0.38589,0.38424,0.39345,0.31287,0.31945,0.31583,0.31682,0.31484,0.07376,0.07409,0.07573,0.07310,0.07770,-48.61000,2857.00000
0.38885,0.38589,0.38424,0.38654,0.38687,0.31418,0.31451,0.31484,0.31517,0.31484,0.07014,0.07113,0.07540,0.07507,0.07310,-47.85589,2858.00000
0.38819,0.38227,0.38457,0.38523,0.38523,0.31715,0.31583,0.31682,0.31451,0.31386,0.07639,0.07211,0.07409,0.07146,0.07474,-47.85589,2859.00000
0.39115,0.38687,0.38720,0.38490,0.38293,0.31517,0.31386,0.31583,0.31221,0.31780,0.07343,0.07606,0.07047,0.07343,0.07080,-47.89188,2860.00000
0.38556,0.38391,0.38950,0.38194,0.38490,0.31320,0.31780,0.31320,0.31484,0.31879,0.07244,0.07113,0.07113,0.07277,0.07146,-47.89188,2861.00000
0.38391,0.38983,0.38950,0.38457,0.38786,0.31320,0.31221,0.31418,0.31846,0.31747,0.07343,0.07343,0.07409,0.07474,0.07211,-47.66360,2862.00000
0.39082,0.38720,0.38523,0.38457,0.38391,0.31682,0.31846,0.31418,0.31451,0.31418,0.07310,0.07244,0.07474,0.07474,0.07146,-47.66360,2863.00000
0.38062,0.38687,0.39181,0.38950,0.38917,0.31484,0.31418,0.31550,0.31484,0.31813,0.07310,0.07211,0.07244,0.07474,0.07277,-48.26825,2864.00000
0.38391,0.39082,0.37997,0.38523,0.38917,0.31418,0.31320,0.31550,0.31715,0.31484,0.07080,0.07014,0.07146,0.07442,0.07376,-48.26825,2865.00000
0.38523,0.39279,0.38457,0.37964,0.38128,0.31484,0.31221,0.31813,0.31747,0.31879,0.06981,0.07540,0.07113,0.07474,0.07310,-48.45813,2866.00000
0.38260,0.38753,0.38358,0.38391,0.38852,0.31879,0.31550,0.32043,0.31386,0.31616,0.07474,0.07343,0.07244,0.07409,0.07376,-48.45813,2867.00000
0.38523,0.39115,0.38325,0.38621,0.38490,0.31155,0.31583,0.31451,0.31780,0.32011,0.07310,0.07146,0.07343,0.07540,0.07277,-48.52938,2868.00000
0.38687,0.38424,0.38358,0.38523,0.38786,0.31057,0.31320,0.31517,0.31386,0.31353,0.07442,0.07277,0.07409,0.07277,0.07113,-48.52938,2869.00000
0.38325,0.38654,0.38983,0.38358,0.39181,0.31090,0.31616,0.31451,0.31550,0.31649,0.07474,0.07376,0.07113,0.07343,0.07540,-49.25721,2870.00000
0.38621,0.39049,0.38720,0.38621,0.38852,0.31484,0.31780,0.31418,0.31550,0.31386,0.07080,0.07146,0.07573,0.07244,0.07474,-49.25721,2871.00000
0.38227,0.38589,0.38654,0.38424,0.39181,0.31254,0.31386,0.31320,0.31715,0.31484,0.07310,0.07277,0.07474,0.07146,0.07442,-49.79615,2872.00000
0.38260,0.39082,0.38654,0.37766,0.38885,0.31418,0.31353,0.30991,0.31583,0.31155,0.07442,0.07211,0.07277,0.07376,0.07343,-49.79615,2873.00000
0.38917,0.38227,0.39345,0.38621,0.38852,0.31583,0.31550,0.31649,0.31386,0.31320,0.07343,0.07211,0.07376,0.07409,0.07573,-49.36931,2874.00000
0.38654,0.38260,0.38556,0.38654,0.38786,0.31879,0.31221,0.30991,0.31188,0.31451,0.07606,0.07376,0.07113,0.07277,0.07277,-49.36931,2875.00000
0.38325,0.38391,0.38819,0.38852,0.38260,0.31682,0.31780,0.31747,0.31353,0.31221,0.07277,0.07244,0.07113,0.07606,0.07639,-49.29308,2876.00000
0.38983,0.38095,0.38917,0.38589,0.38161,0.31353,0.31320,0.31550,0.30958,0.31550,0.07409,0.07474,0.07146,0.07409,0.07178,-49.29308,2877.00000
0.38753,0.38621,0.39115,0.38424,0.38917,0.31418,0.31386,0.31188,0.31221,0.31583,0.07310,0.07442,0.07277,0.07244,0.07277,-49.43757,2878.00000
0.38720,0.38523,0.38293,0.38852,0.38325,0.31353,0.31254,0.31320,0.30991,0.31320,0.07080,0.07573,0.07507,0.07442,0.06882,-49.43757,2879.00000
0.38589,0.38391,0.38786,0.38687,0.38654,0.31846,0.31353,0.31550,0.32011,0.31780,0.07211,0.07146,0.07014,0.07113,0.07573,-49.23931,2880.00000
0.38556,0.38950,0.38556,0.38062,0.38293,0.31451,0.31484,0.31616,0.31418,0.31583,0.07146,0.07507,0.07146,0.07573,0.07540,-49.23931,2881.00000
0.38194,0.38720,0.38753,0.38358,0.38753,0.31320,0.31583,0.30991,0.31517,0.31484,0.07277,0.07310,0.07113,0.07014,0.06981,-48.75394,2882.00000
0.38753,0.38621,0.39016,0.38687,0.39312,0.31057,0.31024,0.31583,0.31846,0.31287,0.07376,0.07146,0.06981,0.07211,0.07178,-48.75394,2883.00000
0.39378,0.38753,0.38983,0.37865,0.38621,0.30958,0.31484,0.31451,0.31945,0.31418,0.07376,0.07178,0.07178,0.07014,0.07310,-48.28550,2884.00000
0.38589,0.38621,0.38227,0.38490,0.38161,0.31122,0.31583,0.31418,0.31353,0.31287,0.07442,0.07507,0.07146,0.06882,0.07178,-48.28550,2885.00000
0.39181,0.38161,0.38556,0.38654,0.38720,0.31057,0.31188,0.31583,0.31221,0.31451,0.07080,0.07376,0.07343,0.07672,0.07409,-48.67308,2886.00000
0.38589,0.38950,0.39345,0.38852,0.38786,0.31451,0.30826,0.31353,0.31945,0.31122,0.07277,0.07507,0.07211,0.07047,0.07277,-48.67308,2887.00000
0.38457,0.38227,0.38325,0.38358,0.39148,0.31122,0.31780,0.31682,0.31386,0.31451,0.07442,0.07277,0.07606,0.07343,0.07474,-48.42366,2888.00000
0.38786,0.38095,0.38786,0.38687,0.38819,0.31616,0.31451,0.31912,0.31616,0.31583,0.07376,0.07343,0.07244,0.07343,0.07244,-48.42366,2889.00000
0.38654,0.38227,0.38523,0.38095,0.38490,0.31484,0.31747,0.31320,0.31813,0.31122,0.07146,0.07639,0.06850,0.07409,0.07442,-47.67469,2890.00000
0.38687,0.38523,0.38983,0.38095,0.38457,0.31254,0.32043,0.31221,0.31155,0.31287,0.07310,0.07376,0.07409,0.07573,0.07442,-47.67469,2891.00000
0.38424,0.38128,0.38654,0.38358,0.38490,0.31780,0.31254,0.31813,0.31090,0.31320,0.07244,0.07310,0.07211,0.07211,0.07178,-47.30884,2892.00000
0.38654,0.38621,0.38227,0.38687,0.38128,0.31978,0.31386,0.31418,0.31155,0.31583,0.07146,0.07573,0.07146,0.07442,0.07146,-47.30884,2893.00000
0.39542,0.37832,0.38293,0.39279,0.38786,0.31945,0.31484,0.32307,0.31451,0.31320,0.07540,0.07540,0.07474,0.07474,0.07343,-47.78435,2894.00000
0.38687,0.38917,0.38786,0.38983,0.38424,0.31024,0.31747,0.31813,0.31155,0.31386,0.06685,0.07146,0.07376,0.06850,0.07474,-47.78435,2895.00000
0.38457,0.39411,0.38161,0.38786,0.38852,0.31715,0.31418,0.31418,0.31550,0.31649,0.07343,0.07244,0.07507,0.07540,0.07409,-48.20877,2896.00000
0.37668,0.38556,0.38523,0.38819,0.38753,0.31780,0.31122,0.32011,0.31418,0.31386,0.07573,0.06915,0.07146,0.07474,0.06850,-48.20877,2897.00000
0.38128,0.38852,0.38194,0.38753,0.38950,0.31484,0.31517,0.31616,0.31780,0.31682,0.07376,0.07113,0.07310,0.07770,0.07310,-48.18898,2898.00000
0.38424,0.38260,0.38227,0.38391,0.38227,0.31484,0.31320,0.31057,0.31517,0.31550,0.07409,0.07211,0.07540,0.07178,0.07343,-48.18898,2899.00000
0.37964,0.39016,0.38983,0.38457,0.38194,0.31682,0.31418,0.31715,0.31155,0.31550,0.07474,0.07507,0.07507,0.07343,0.07047,-48.74383,2900.00000
0.38161,0.38293,0.38654,0.37931,0.38786,0.31418,0.31484,0.31484,0.31122,0.31418,0.07770,0.07573,0.07442,0.07639,0.07540,-48.74383,2901.00000
0.38654,0.38654,0.39049,0.37701,0.38325,0.31484,0.31649,0.31715,0.30925,0.31418,0.07442,0.07409,0.07113,0.07113,0.07442,-49.30253,2902.00000
0.39115,0.38786,0.38621,0.38358,0.38424,0.31221,0.31649,0.31715,0.31024,0.30958,0.07442,0.07277,0.07047,0.07409,0.07507,-49.30253,2903.00000
0.39181,0.38654,0.39345,0.38687,0.38720,0.31484,0.31616,0.31682,0.31287,0.31517,0.07178,0.07442,0.07376,0.07376,0.06817,-49.43411,2904.00000
0.38556,0.38621,0.38095,0.38753,0.37832,0.31353,0.31484,0.31550,0.31287,0.31747,0.06652,0.07277,0.07573,0.07244,0.07310,-49.43411,2905.00000
0.38095,0.38293,0.38523,0.38260,0.38621,0.31550,0.31682,0.31879,0.31254,0.31386,0.06981,0.07113,0.07178,0.07113,0.07474,-48.96681,2906.00000
0.38194,0.38260,0.38885,0.39016,0.38128,0.31353,0.31320,0.31517,0.31813,0.31616,0.07310,0.07277,0.07211,0.07376,0.07540,-48.96681,2907.00000
0.38523,0.38589,0.38490,0.38786,0.38556,0.31090,0.31517,0.31320,0.31320,0.31484,0.07211,0.07310,0.07146,0.06915,0.07409,-49.27866,2908.00000
0.39082,0.38161,0.38095,0.38885,0.38260,0.31287,0.31682,0.31616,0.31682,0.31649,0.07244,0.07672,0.07343,0.07474,0.07244,-49.27866,2909.00000
0.38128,0.38227,0.38786,0.38753,0.38687,0.31386,0.31484,0.31418,0.31583,0.31550,0.07343,0.07507,0.07376,0.07442,0.07244,-48.87295,2910.00000
0.37898,0.38589,0.38358,0.38687,0.38194,0.30991,0.31682,0.31550,0.31879,0.31780,0.07606,0.07113,0.07310,0.07211,0.07310,-48.87295,2911.00000
0.38983,0.38852,0.38358,0.38589,0.38358,0.32043,0.31090,0.31550,0.31221,0.31386,0.07672,0.07277,0.07277,0.07409,0.07146,-48.81406,2912.00000
0.38589,0.38720,0.38621,0.38885,0.38457,0.31122,0.31418,0.31484,0.31616,0.31682,0.07672,0.06850,0.07803,0.07211,0.07672,-48.81406,2913.00000
0.38523,0.38556,0.39148,0.38128,0.39049,0.31945,0.31155,0.31221,0.31155,0.31451,0.06981,0.07080,0.07244,0.07277,0.07442,-48.73411,2914.00000
0.39148,0.38819,0.38490,0.37832,0.38161,0.31715,0.31353,0.31386,0.31320,0.31846,0.07244,0.07277,0.06948,0.07146,0.07409,-48.73411,2915.00000
0.38589,0.37997,0.38687,0.38490,0.38885,0.31451,0.31320,0.31221,0.31188,0.31451,0.07376,0.07211,0.07409,0.07146,0.07277,-48.67268,2916.00000
0.38161,0.38917,0.38424,0.38621,0.38589,0.31715,0.31418,0.31024,0.31780,0.31353,0.07343,0.07442,0.07343,0.07442,0.07310,-48.67268,2917.00000
0.38325,0.38457,0.38457,0.38950,0.38424,0.31649,0.30991,0.31747,0.31945,0.31846,0.07277,0.07540,0.07310,0.07343,0.07409,-48.86772,2918.00000
0.38325,0.38687,0.38786,0.38523,0.38589,0.31517,0.31484,0.31484,0.31813,0.31517,0.07146,0.07310,0.07409,0.07244,0.07146,-48.86772,2919.00000
0.38161,0.38983,0.37536,0.38983,0.39213,0.31221,0.31912,0.31418,0.31846,0.31287,0.07244,0.07540,0.07409,0.07442,0.07540,-48.56969,2920.00000
0.38621,0.38621,0.38391,0.38753,0.38983,0.31155,0.31616,0.31517,0.31418,0.31912,0.07409,0.07573,0.07507,0.07080,0.07211,-48.56969,2921.00000
0.38720,0.38950,0.38983,0.38227,0.39115,0.31451,0.31418,0.31451,0.31912,0.31386,0.06948,0.07442,0.07343,0.07113,0.07080,-48.47192,2922.00000
0.38161,0.38621,0.38654,0.38852,0.38589,0.31386,0.31254,0.31484,0.31254,0.31287,0.07080,0.07244,0.07244,0.07442,0.07738,-48.47192,2923.00000
0.38325,0.38556,0.38654,0.39082,0.38621,0.31320,0.31517,0.31517,0.31057,0.31715,0.07540,0.07606,0.07146,0.07343,0.07310,-48.31722,2924.00000
0.38852,0.38128,0.38490,0.38062,0.39016,0.31583,0.31517,0.31090,0.31747,0.31583,0.07080,0.07474,0.07507,0.07540,0.07343,-48.31722,2925.00000
0.38194,0.38687,0.38227,0.39049,0.38391,0.31287,0.31254,0.31583,0.31451,0.31649,0.07442,0.07343,0.07277,0.07442,0.07080,-48.65353,2926.00000
0.38424,0.38786,0.38917,0.39082,0.38950,0.31682,0.31188,0.31813,0.31649,0.31780,0.07639,0.07409,0.07211,0.07178,0.07178,-48.65353,2927.00000
0.38227,0.38950,0.38687,0.38852,0.38358,0.31517,0.31846,0.31780,0.31550,0.31649,0.07606,0.07869,0.07606,0.07310,0.06948,-49.08445,2928.00000
0.39312,0.37898,0.38885,0.38457,0.38556,0.32142,0.31715,0.31780,0.31122,0.31353,0.07639,0.07409,0.07639,0.07540,0.07442,-49.08445,2929.00000
0.38095,0.38358,0.38917,0.38391,0.38917,0.31451,0.31616,0.31747,0.31320,0.31879,0.07113,0.07244,0.07343,0.07146,0.07310,-48.96320,2930.00000
0.38490,0.38358,0.38621,0.38950,0.38161,0.31747,0.31682,0.31682,0.31386,0.31649,0.07442,0.07803,0.07376,0.07507,0.07113,-48.96320,2931.00000
0.38819,0.38194,0.38720,0.38720,0.38786,0.31649,0.31616,0.31320,0.31155,0.31517,0.07244,0.07540,0.07211,0.07343,0.07474,-48.97189,2932.00000
0.38885,0.38358,0.38227,0.38654,0.38753,0.31517,0.31715,0.31912,0.31813,0.31846,0.07672,0.07409,0.07376,0.07310,0.07277,-48.97189,2933.00000
0.38490,0.37997,0.38424,0.38128,0.38391,0.31879,0.31484,0.32307,0.31090,0.31649,0.07310,0.07014,0.07277,0.07442,0.07014,-49.02813,2934.00000
0.38720,0.38556,0.39115,0.38950,0.38687,0.31550,0.31517,0.31221,0.30991,0.31978,0.07211,0.07343,0.07310,0.07738,0.07540,-49.02813,2935.00000
0.38589,0.38687,0.38325,0.38950,0.39082,0.31550,0.31024,0.31912,0.31221,0.31287,0.07507,0.07014,0.06981,0.07474,0.07540,-49.38139,2936.00000
0.37997,0.38720,0.37997,0.38753,0.38983,0.31780,0.31912,0.31649,0.31912,0.31188,0.07178,0.07244,0.07146,0.07573,0.07376,-49.38139,2937.00000
0.38358,0.38161,0.38720,0.39246,0.38095,0.31254,0.31616,0.31386,0.31451,0.31090,0.07277,0.07409,0.06915,0.07178,0.07376,-49.36949,2938.00000
0.38852,0.38523,0.39049,0.37997,0.39312,0.31780,0.31747,0.31649,0.31550,0.31517,0.07409,0.07474,0.07343,0.07310,0.07244,-49.36949,2939.00000
0.38457,0.38523,0.38260,0.38490,0.38556,0.31649,0.31353,0.31715,0.31846,0.31550,0.07474,0.07244,0.07178,0.07474,0.07376,-49.00837,2940.00000
0.38753,0.38687,0.38128,0.39213,0.39049,0.31682,0.31780,0.31057,0.31813,0.31583,0.07376,0.07606,0.07442,0.07146,0.07409,-49.00837,2941.00000
0.39049,0.38457,0.39213,0.38753,0.37931,0.32011,0.31912,0.31484,0.31780,0.31188,0.07376,0.07244,0.07113,0.07343,0.07540,-48.81157,2942.00000
0.39115,0.38589,0.39411,0.38654,0.38325,0.31747,0.31550,0.31583,0.32011,0.31451,0.07376,0.07409,0.07376,0.07442,0.06850,-48.81157,2943.00000
0.38950,0.37865,0.38490,0.39082,0.38457,0.31353,0.31616,0.31418,0.31616,0.31583,0.07178,0.07409,0.07442,0.07310,0.07244,-48.69502,2944.00000
0.39148,0.38589,0.38917,0.38293,0.39345,0.31649,0.31024,0.31418,0.31682,0.31747,0.07178,0.07376,0.07014,0.06850,0.07376,-48.69502,2945.00000
0.39575,0.38325,0.38819,0.39082,0.38852,0.30991,0.31682,0.31583,0.31517,0.31879,0.07474,0.07211,0.07277,0.07639,0.07540,-48.50827,2946.00000
0.38095,0.38917,0.38720,0.38819,0.39279,0.31353,0.31616,0.31484,0.31517,0.31813,0.07343,0.07507,0.07277,0.07211,0.07146,-48.50827,2947.00000
0.38983,0.38523,0.39213,0.38687,0.39016,0.31254,0.31287,0.31155,0.31418,0.31682,0.06948,0.07540,0.07146,0.07507,0.07573,-48.76137,2948.00000
0.38753,0.38325,0.38786,0.38523,0.38490,0.31616,0.31484,0.31254,0.31583,0.32043,0.07639,0.07211,0.07507,0.07244,0.07244,-48.76137,2949.00000
0.39477,0.38194,0.38391,0.38885,0.38391,0.31550,0.30761,0.31616,0.31682,0.31649,0.06850,0.07146,0.07376,0.07836,0.07606,-48.66318,2950.00000
0.38556,0.39213,0.38753,0.38917,0.38490,0.31780,0.31320,0.31682,0.31418,0.31945,0.07178,0.07606,0.07211,0.07705,0.07277,-48.66318,2951.00000
0.38852,0.38819,0.38358,0.38852,0.38621,0.31583,0.31583,0.31846,0.31320,0.31550,0.07080,0.07409,0.07277,0.07244,0.07442,-49.01927,2952.00000
0.38819,0.38819,0.39181,0.38128,0.38687,0.31484,0.31879,0.31320,0.31057,0.31583,0.07738,0.07540,0.07244,0.07474,0.07310,-49.01927,2953.00000
0.38457,0.39213,0.38457,0.38161,0.38621,0.31550,0.31484,0.31649,0.31715,0.31846,0.07014,0.07409,0.07343,0.07343,0.07343,-49.51219,2954.00000
0.38786,0.38358,0.39181,0.38325,0.38885,0.31418,0.31287,0.31353,0.31386,0.31418,0.07376,0.07277,0.07211,0.07442,0.07244,-49.51219,2955.00000
0.39477,0.38227,0.38391,0.38950,0.38720,0.31451,0.31386,0.31517,0.31550,0.31221,0.06948,0.07211,0.07409,0.07310,0.07672,-50.15331,2956.00000
0.39049,0.38852,0.39871,0.38062,0.39246,0.31320,0.31418,0.31747,0.32076,0.31747,0.06948,0.07113,0.07343,0.07310,0.07507,-50.15331,2957.00000
0.39148,0.38621,0.38457,0.38490,0.38029,0.31747,0.31451,0.31386,0.31846,0.30958,0.07376,0.07343,0.07869,0.07310,0.07146,-49.84505,2958.00000
0.38819,0.38753,0.39016,0.38687,0.38194,0.31287,0.32011,0.31978,0.31879,0.31780,0.07376,0.07277,0.07310,0.07244,0.07047,-49.84505,2959.00000
0.38621,0.38589,0.38358,0.38720,0.38687,0.31780,0.31780,0.31846,0.31879,0.31583,0.07507,0.07310,0.07178,0.07474,0.07244,-49.78602,2960.00000
0.38325,0.38457,0.39016,0.38424,0.39181,0.31320,0.31517,0.31517,0.31682,0.31550,0.07310,0.07376,0.07442,0.07507,0.07409,-49.78602,2961.00000
0.38556,0.38589,0.38852,0.38490,0.38589,0.31583,0.31353,0.31057,0.31550,0.31846,0.06817,0.07606,0.07244,0.07343,0.07310,-49.61158,2962.00000
0.38950,0.38293,0.39082,0.37766,0.38753,0.31024,0.31221,0.30958,0.31287,0.31550,0.07409,0.07442,0.07705,0.07540,0.07474,-49.61158,2963.00000
0.38917,0.38621,0.39115,0.38753,0.39378,0.31550,0.30958,0.31221,0.31649,0.31451,0.07540,0.07376,0.07474,0.07409,0.07277,-49.07211,2964.00000
0.38424,0.38917,0.38062,0.38753,0.38917,0.32109,0.31386,0.31090,0.31649,0.31122,0.07442,0.07244,0.07244,0.07244,0.07211,-49.07211,2965.00000
0.38720,0.38095,0.38490,0.38720,0.38194,0.31912,0.31649,0.31320,0.31418,0.31221,0.07507,0.07409,0.07113,0.07343,0.07474,-48.47646,2966.00000
0.38391,0.38687,0.38589,0.38490,0.38589,0.31155,0.31254,0.31912,0.31353,0.31353,0.07474,0.07770,0.07507,0.07474,0.07442,-48.47646,2967.00000
0.38786,0.38325,0.38095,0.38391,0.38128,0.31715,0.31616,0.31715,0.31451,0.31418,0.07442,0.07409,0.07277,0.07738,0.07343,-48.18515,2968.00000
0.38490,0.38457,0.38654,0.38490,0.37997,0.31386,0.31616,0.31418,0.31517,0.31188,0.07409,0.07672,0.07409,0.07409,0.07376,-48.18515,2969.00000
0.38293,0.38095,0.38687,0.38161,0.38325,0.31484,0.31155,0.31649,0.31221,0.30958,0.07409,0.07803,0.07343,0.07507,0.07343,-48.20091,2970.00000
0.38852,0.38819,0.37799,0.38819,0.38128,0.31517,0.31484,0.31451,0.31221,0.31780,0.07146,0.07409,0.07244,0.07014,0.07178,-48.20091,2971.00000
0.38161,0.38917,0.38128,0.38589,0.38128,0.30629,0.31122,0.31649,0.31418,0.31682,0.07376,0.07277,0.07442,0.07113,0.07540,-48.13980,2972.00000
0.37766,0.38325,0.38852,0.39345,0.39049,0.31616,0.30925,0.31418,0.31024,0.31715,0.07442,0.07474,0.07409,0.07442,0.07343,-48.13980,2973.00000
0.38687,0.38720,0.38358,0.38457,0.38457,0.31254,0.31221,0.31254,0.31616,0.31780,0.07310,0.07770,0.07047,0.07573,0.07343,-48.15114,2974.00000
0.38457,0.38819,0.37865,0.38260,0.38490,0.31386,0.31090,0.31221,0.31451,0.31451,0.07080,0.07573,0.07442,0.07310,0.07573,-48.15114,2975.00000
0.38950,0.38720,0.38391,0.38325,0.38589,0.31484,0.31451,0.31846,0.31221,0.31254,0.07047,0.07376,0.07409,0.07376,0.07244,-48.63885,2976.00000
0.38325,0.39016,0.38325,0.38720,0.39444,0.31517,0.31320,0.31320,0.30859,0.31122,0.07178,0.07146,0.07376,0.07540,0.07211,-48.63885,2977.00000
0.38523,0.38424,0.38654,0.38950,0.39542,0.31320,0.31517,0.30892,0.31221,0.31254,0.07113,0.07211,0.07540,0.07277,0.07672,-48.64009,2978.00000
0.38589,0.38983,0.38325,0.38687,0.38753,0.31715,0.31517,0.31418,0.31287,0.31418,0.07442,0.07113,0.07573,0.07376,0.07277,-48.64009,2979.00000
0.38621,0.38358,0.38589,0.38128,0.38852,0.31221,0.32142,0.31517,0.31287,0.31386,0.07277,0.07310,0.07277,0.07738,0.06981,-48.36260,2980.00000
0.38523,0.38325,0.38325,0.38654,0.37931,0.31550,0.31517,0.31221,0.31682,0.31616,0.07178,0.07080,0.07244,0.07244,0.07146,-48.36260,2981.00000
0.38227,0.38457,0.38523,0.38687,0.38293,0.31484,0.31386,0.31451,0.31583,0.31353,0.07277,0.07376,0.07376,0.07277,0.07507,-48.89538,2982.00000
0.38687,0.38589,0.38687,0.38358,0.38062,0.31353,0.31550,0.31550,0.31122,0.31090,0.07409,0.07113,0.07277,0.07474,0.07146,-48.89538,2983.00000
0.38589,0.38819,0.38391,0.38917,0.38753,0.31122,0.31715,0.31386,0.31517,0.31386,0.07507,0.07244,0.07573,0.07606,0.07672,-49.36287,2984.00000
0.38753,0.38687,0.38687,0.37964,0.38293,0.31418,0.31517,0.31386,0.31320,0.31254,0.07277,0.07178,0.07343,0.07146,0.07639,-49.36287,2985.00000
0.38194,0.38720,0.38424,0.38589,0.39246,0.31649,0.31846,0.30958,0.31747,0.31978,0.07113,0.07146,0.07507,0.07474,0.07277,-49.43364,2986.00000
0.38819,0.38885,0.38687,0.38260,0.38161,0.31353,0.31122,0.31353,0.31484,0.31353,0.07540,0.07409,0.07277,0.07376,0.07211,-49.43364,2987.00000
0.38819,0.38621,0.38062,0.38621,0.38885,0.31583,0.31287,0.31386,0.31024,0.31386,0.07803,0.07474,0.07178,0.07770,0.07343,-49.06579,2988.00000
0.38490,0.38128,0.38457,0.38786,0.38293,0.31517,0.31353,0.31451,0.31386,0.31386,0.07507,0.07244,0.07277,0.07244,0.07836,-49.06579,2989.00000
0.38621,0.38753,0.39181,0.39016,0.38457,0.31978,0.31221,0.31550,0.31057,0.31024,0.07573,0.07442,0.07244,0.07573,0.07540,-49.05655,2990.00000
0.38819,0.39542,0.38325,0.39477,0.38917,0.31780,0.31188,0.31287,0.31386,0.31418,0.07376,0.07672,0.07277,0.07474,0.07409,-49.05655,2991.00000
0.38523,0.37931,0.38457,0.38293,0.38424,0.31188,0.31484,0.31484,0.31550,0.31517,0.07244,0.07540,0.07310,0.07540,0.07474,-48.66628,2992.00000
0.38983,0.38391,0.38753,0.38260,0.38786,0.31122,0.31517,0.31122,0.31287,0.31879,0.07409,0.07672,0.07178,0.07442,0.07178,-48.66628,2993.00000
0.38424,0.38490,0.38885,0.38621,0.38523,0.31649,0.31386,0.31846,0.31155,0.31254,0.07277,0.07343,0.07376,0.07178,0.07113,-48.34100,2994.00000
0.38654,0.38950,0.39049,0.38589,0.38654,0.31155,0.31353,0.31254,0.31879,0.31616,0.07113,0.07606,0.07507,0.07277,0.07442,-48.34100,2995.00000
0.39049,0.38227,0.39016,0.38852,0.38589,0.31418,0.31682,0.31221,0.31747,0.31616,0.07310,0.07310,0.07178,0.07178,0.07277,-47.95650,2996.00000
0.39016,0.38457,0.38687,0.38161,0.38720,0.30958,0.31616,0.31583,0.31517,0.31287,0.07376,0.07244,0.07540,0.07442,0.07047,-47.95650,2997.00000
0.38753,0.38293,0.38490,0.38391,0.39345,0.31451,0.31682,0.31386,0.31715,0.31649,0.07310,0.07705,0.07639,0.07442,0.07014,-48.11521,2998.00000
0.39213,0.39213,0.38260,0.38589,0.37832,0.31090,0.31188,0.31418,0.31155,0.31813,0.07639,0.07178,0.07376,0.07014,0.07146,-48.11521,2999.00000
0.39016,0.38621,0.38293,0.38391,0.38753,0.31616,0.31451,0.30958,0.31188,0.31583,0.07507,0.07277,0.07113,0.07343,0.07540,-48.07778,3000.00000
0.38325,0.37898,0.38556,0.38687,0.38523,0.31353,0.31649,0.31353,0.31682,0.30859,0.07507,0.06981,0.07442,0.07178,0.07113,-48.07778,3001.00000
0.38490,0.38424,0.37964,0.38589,0.38621,0.31287,0.31583,0.31254,0.31517,0.31912,0.07376,0.07310,0.07540,0.07113,0.07442,-48.02191,3002.00000
0.38852,0.38457,0.38260,0.39246,0.38293,0.31780,0.31090,0.31517,0.31221,0.31583,0.07047,0.07803,0.07738,0.07343,0.07376,-48.02191,3003.00000
0.38095,0.38885,0.38194,0.38687,0.38720,0.31879,0.31682,0.31122,0.31057,0.30958,0.07836,0.07442,0.07080,0.07672,0.07803,-48.26135,3004.00000
0.38852,0.38621,0.38687,0.38589,0.38556,0.31353,0.31221,0.31945,0.31484,0.31451,0.07047,0.07902,0.07474,0.07639,0.07409,-48.26135,3005.00000
0.38391,0.38687,0.38687,0.38095,0.39016,0.31484,0.31221,0.31221,0.31451,0.31287,0.07310,0.07442,0.07442,0.07146,0.07409,-48.08244,3006.00000
0.38293,0.39082,0.37799,0.39016,0.39181,0.31386,0.31386,0.31353,0.31254,0.31418,0.07606,0.07244,0.07573,0.07310,0.07277,-48.08244,3007.00000
0.38490,0.38556,0.38621,0.38556,0.38095,0.30991,0.31188,0.31747,0.31517,0.31254,0.07113,0.07211,0.07277,0.07277,0.07705,-48.21381,3008.00000
0.39115,0.38029,0.39049,0.38556,0.38128,0.31517,0.31550,0.31188,0.31649,0.31550,0.07310,0.07507,0.07178,0.07573,0.07080,-48.21381,3009.00000
0.39049,0.39049,0.38654,0.37668,0.38128,0.31386,0.31188,0.31188,0.31451,0.30958,0.08034,0.07540,0.07803,0.07211,0.07507,-48.57320,3010.00000
0.39049,0.38062,0.39016,0.38490,0.38556,0.31057,0.31353,0.31287,0.31287,0.31484,0.07310,0.07277,0.07376,0.07178,0.07343,-48.57320,3011.00000
0.38260,0.38654,0.39049,0.38293,0.38819,0.31287,0.31386,0.31451,0.31254,0.31484,0.07738,0.07409,0.07540,0.06981,0.07277,-48.89744,3012.00000
0.38062,0.38556,0.39181,0.38523,0.38589,0.31353,0.31418,0.31418,0.31813,0.31287,0.07244,0.07442,0.07442,0.06948,0.07244,-48.89744,3013.00000
0.38885,0.39049,0.38490,0.38589,0.37997,0.31879,0.31715,0.31418,0.31386,0.31188,0.07442,0.07803,0.07244,0.07474,0.07507,-48.77505,3014.00000
0.38490,0.38293,0.38424,0.39181,0.38128,0.31517,0.31616,0.31583,0.31418,0.31386,0.07211,0.07639,0.07277,0.07244,0.07442,-48.77505,3015.00000
0.38654,0.37635,0.38917,0.38358,0.38654,0.31451,0.31155,0.31287,0.31451,0.31386,0.06981,0.07146,0.07409,0.07277,0.07146,-48.98805,3016.00000
0.38260,0.39049,0.38358,0.38687,0.38391,0.31550,0.31451,0.31484,0.31649,0.31353,0.07113,0.07507,0.07146,0.07244,0.07211,-48.98805,3017.00000
0.38950,0.38753,0.38786,0.38523,0.38917,0.31090,0.31747,0.31846,0.31517,0.31846,0.07573,0.07244,0.07080,0.07540,0.07277,-48.56039,3018.00000
0.39016,0.38983,0.38523,0.38852,0.38490,0.31517,0.31649,0.31353,0.31451,0.31254,0.07113,0.07178,0.07376,0.07244,0.07244,-48.56039,3019.00000
0.38358,0.38227,0.38194,0.38621,0.39279,0.31386,0.31682,0.31287,0.31517,0.31254,0.07244,0.07474,0.07409,0.07442,0.07770,-48.17275,3020.00000
0.38819,0.38325,0.38852,0.38852,0.38720,0.31583,0.31517,0.31221,0.31550,0.31616,0.07244,0.07014,0.07639,0.07606,0.07277,-48.17275,3021.00000
0.38621,0.38983,0.38325,0.38654,0.38589,0.31188,0.31353,0.31353,0.31353,0.31122,0.07705,0.07442,0.07376,0.07442,0.07343,-48.13405,3022.00000
0.38358,0.38556,0.38720,0.38786,0.38457,0.31353,0.31451,0.31320,0.31353,0.31386,0.07573,0.07639,0.07442,0.07310,0.07113,-48.13405,3023.00000
0.38194,0.38852,0.38490,0.38293,0.38917,0.31188,0.31583,0.31221,0.31583,0.31484,0.07540,0.07244,0.07310,0.06981,0.07211,-47.69483,3024.00000
0.38917,0.38227,0.38720,0.38654,0.38819,0.31583,0.31813,0.31386,0.32043,0.31616,0.07343,0.07113,0.07573,0.07211,0.07178,-47.69483,3025.00000
0.38095,0.38589,0.38753,0.38424,0.38358,0.31484,0.31484,0.31484,0.31090,0.30728,0.07409,0.07277,0.07178,0.07376,0.07606,-47.77800,3026.00000
0.38950,0.38786,0.38128,0.38917,0.38260,0.31583,0.31747,0.31747,0.31287,0.32109,0.07507,0.07738,0.07738,0.07738,0.07409,-47.77800,3027.00000
0.38424,0.38885,0.38161,0.38194,0.38786,0.31353,0.31188,0.31320,0.31320,0.31550,0.07244,0.07146,0.06850,0.07277,0.07343,-48.24197,3028.00000
0.38786,0.38950,0.39115,0.37931,0.38457,0.31254,0.31090,0.31517,0.31287,0.31254,0.07244,0.07178,0.07639,0.07343,0.07540,-48.24197,3029.00000
0.38095,0.39246,0.37964,0.38358,0.38753,0.31451,0.31517,0.31484,0.31682,0.31320,0.07442,0.07277,0.07014,0.07376,0.07277,-47.77818,3030.00000
0.38194,0.38391,0.38885,0.38194,0.38424,0.31583,0.32142,0.31353,0.31616,0.31188,0.07211,0.07310,0.07211,0.07343,0.07113,-47.77818,3031.00000
0.38720,0.38457,0.38325,0.38753,0.39477,0.31649,0.31484,0.31254,0.31682,0.31550,0.07310,0.07409,0.07047,0.07047,0.07376,-48.15583,3032.00000
0.38819,0.38424,0.39082,0.38654,0.39082,0.31418,0.30761,0.31090,0.31254,0.31550,0.07244,0.07606,0.07639,0.07343,0.07672,-48.15583,3033.00000
0.38720,0.38885,0.38753,0.38983,0.38523,0.31550,0.31057,0.31649,0.31451,0.31155,0.07672,0.07409,0.06948,0.07047,0.07540,-48.91378,3034.00000
0.38589,0.38786,0.38523,0.38457,0.38062,0.31649,0.31155,0.31583,0.31122,0.31353,0.07310,0.07507,0.07310,0.07442,0.07343,-48.91378,3035.00000
0.38950,0.38753,0.38260,0.38457,0.38457,0.31715,0.31583,0.32109,0.31484,0.31024,0.07409,0.07705,0.07573,0.07507,0.07244,-48.80710,3036.00000
0.38161,0.38523,0.38654,0.38556,0.38128,0.31188,0.31418,0.31649,0.31090,0.31550,0.07146,0.07474,0.07409,0.07113,0.07474,-48.80710,3037.00000
0.38325,0.38720,0.38194,0.38523,0.38161,0.31451,0.31517,0.31188,0.31418,0.31451,0.07211,0.07343,0.07803,0.07178,0.07573,-49.02896,3038.00000
0.38621,0.38720,0.38391,0.37733,0.38260,0.31386,0.31287,0.31616,0.31649,0.31122,0.07277,0.07080,0.07573,0.07606,0.07770,-49.02896,3039.00000
0.37799,0.38589,0.38227,0.38523,0.39148,0.31386,0.31418,0.31353,0.31221,0.31682,0.07376,0.07310,0.07474,0.07310,0.07277,-48.91318,3040.00000
0.38424,0.38720,0.37832,0.38687,0.38589,0.31517,0.31583,0.31715,0.31287,0.31024,0.07442,0.07244,0.07277,0.07211,0.07343,-48.91318,3041.00000
0.38029,0.38917,0.38194,0.38687,0.39082,0.30826,0.31353,0.31057,0.31418,0.31616,0.07277,0.07178,0.07244,0.07507,0.07178,-48.41445,3042.00000
0.38556,0.38194,0.38786,0.39345,0.37931,0.31846,0.31353,0.31418,0.31418,0.31386,0.07277,0.07343,0.07310,0.07507,0.07606,-48.41445,3043.00000
0.38556,0.38589,0.38621,0.38260,0.38194,0.31517,0.31353,0.31780,0.30991,0.31353,0.07409,0.07146,0.07310,0.07178,0.07507,-48.07220,3044.00000
0.38589,0.38523,0.38556,0.38950,0.38457,0.31780,0.31484,0.31846,0.31550,0.31682,0.07277,0.07507,0.07080,0.07836,0.07080,-48.07220,3045.00000
0.39049,0.38457,0.38523,0.38589,0.38786,0.31320,0.31747,0.31484,0.31715,0.31418,0.07310,0.06751,0.07277,0.07343,0.07343,-47.24833,3046.00000
0.38227,0.37997,0.38293,0.38654,0.38457,0.31155,0.31320,0.31418,0.31353,0.31550,0.07211,0.07080,0.07343,0.07606,0.07639,-47.24833,3047.00000
0.39082,0.38852,0.38621,0.38293,0.38424,0.31517,0.30892,0.31188,0.32076,0.31780,0.07442,0.07442,0.07178,0.07540,0.07738,-46.21731,3048.00000
0.38194,0.38523,0.37766,0.38457,0.38424,0.31254,0.30991,0.31583,0.31550,0.31550,0.07244,0.07080,0.07639,0.06948,0.07639,-46.21731,3049.00000
0.38786,0.38687,0.38885,0.38819,0.38095,0.31517,0.30859,0.31254,0.31320,0.31155,0.07474,0.07178,0.07343,0.07277,0.07277,-43.85190,3050.00000
0.38589,0.38260,0.38950,0.38227,0.38227,0.31386,0.31254,0.31287,0.31418,0.31386,0.07507,0.07507,0.07178,0.07047,0.07244,-43.85190,3051.00000
0.37997,0.38391,0.38950,0.37997,0.38720,0.31583,0.31715,0.31386,0.31320,0.31484,0.07606,0.07672,0.07146,0.07409,0.06948,-42.37913,3052.00000
0.38128,0.38621,0.38753,0.37997,0.39181,0.31287,0.31649,0.31320,0.31287,0.31912,0.07113,0.07672,0.07343,0.07113,0.06882,-42.37913,3053.00000
0.38621,0.38358,0.38786,0.38983,0.38917,0.31418,0.31353,0.31583,0.31813,0.31747,0.07244,0.07376,0.07310,0.07606,0.07540,-44.44579,3054.00000
0.38490,0.38523,0.38786,0.38391,0.38852,0.32109,0.31616,0.31386,0.31386,0.31813,0.07639,0.07409,0.07639,0.07409,0.07277,-44.44579,3055.00000
0.38786,0.38227,0.38621,0.38194,0.39049,0.31550,0.31780,0.31747,0.31649,0.31649,0.07343,0.07376,0.07376,0.07277,0.07244,-45.93749,3056.00000
0.39049,0.38589,0.38917,0.39049,0.38325,0.31418,0.31090,0.31978,0.31320,0.31484,0.07277,0.07047,0.07474,0.07277,0.07310,-45.93749,3057.00000
0.38819,0.38325,0.37733,0.38950,0.38490,0.31649,0.31254,0.32208,0.31517,0.31254,0.07606,0.07113,0.07376,0.07146,0.07507,-47.20377,3058.00000
0.38852,0.39049,0.38424,0.38687,0.39181,0.31287,0.31912,0.31451,0.31715,0.31649,0.07244,0.07573,0.07409,0.07146,0.07803,-47.20377,3059.00000
0.38523,0.38358,0.38391,0.38556,0.39082,0.31221,0.31616,0.31517,0.31616,0.31780,0.07178,0.07277,0.07442,0.07080,0.07244,-47.77940,3060.00000
0.39378,0.38391,0.39345,0.38358,0.38589,0.31287,0.31353,0.31912,0.31320,0.31287,0.07573,0.07474,0.07442,0.07474,0.07211,-47.77940,3061.00000
0.38852,0.38457,0.38654,0.38885,0.38720,0.31057,0.31550,0.31320,0.31616,0.31583,0.07639,0.07178,0.07113,0.07211,0.07540,-48.49682,3062.00000
0.38621,0.38753,0.38852,0.38786,0.38819,0.31649,0.32109,0.31616,0.31254,0.31715,0.07639,0.07211,0.07409,0.07639,0.07639,-48.49682,3063.00000
0.38589,0.38720,0.38260,0.38786,0.38950,0.31649,0.31715,0.31484,0.31649,0.31484,0.07442,0.07080,0.07507,0.07409,0.07803,-48.22476,3064.00000
0.39115,0.38029,0.38950,0.39016,0.38720,0.31418,0.31221,0.31254,0.31616,0.31747,0.07376,0.07343,0.07343,0.07639,0.07474,-48.22476,3065.00000
0.38687,0.39082,0.37832,0.38523,0.38654,0.31221,0.32109,0.31649,0.31912,0.31386,0.07310,0.07573,0.07113,0.07277,0.07639,-48.74327,3066.00000
0.38654,0.38687,0.38852,0.38556,0.37766,0.32142,0.31451,0.31418,0.31517,0.31155,0.07606,0.07573,0.07244,0.07409,0.07738,-48.74327,3067.00000
0.38523,0.38293,0.38720,0.38917,0.38950,0.31090,0.31813,0.31451,0.31320,0.31682,0.07409,0.07672,0.07244,0.07639,0.07442,-48.22631,3068.00000
0.38589,0.38490,0.39213,0.38720,0.38654,0.31715,0.31418,0.31451,0.31682,0.31550,0.07146,0.07080,0.07409,0.07146,0.07573,-48.22631,3069.00000
0.38424,0.39575,0.38654,0.39016,0.38523,0.31715,0.31583,0.31583,0.31747,0.31912,0.07474,0.07540,0.07343,0.07343,0.07113,-47.95002,3070.00000
0.38852,0.38490,0.38720,0.39213,0.38260,0.31649,0.31649,0.31682,0.31682,0.31517,0.07244,0.06948,0.07343,0.07310,0.07770,-47.95002,3071.00000
0.38720,0.38556,0.38194,0.38819,0.38556,0.31418,0.31287,0.31912,0.31484,0.31517,0.07277,0.07409,0.07244,0.07277,0.07146,-47.58192,3072.00000
0.39444,0.37931,0.38654,0.37865,0.39181,0.31090,0.31451,0.31484,0.31583,0.31616,0.07277,0.07474,0.07146,0.07606,0.07507,-47.58192,3073.00000
0.38654,0.38260,0.38556,0.39049,0.39312,0.31221,0.31550,0.32043,0.31945,0.31682,0.07244,0.07277,0.07573,0.07507,0.07705,-47.25188,3074.00000
0.38490,0.38720,0.38227,0.38523,0.38819,0.31287,0.31386,0.31780,0.31484,0.31945,0.07310,0.07244,0.07507,0.07474,0.07376,-47.25188,3075.00000
0.38621,0.38457,0.38819,0.38227,0.38556,0.31451,0.31583,0.31780,0.31682,0.31090,0.07639,0.07277,0.07244,0.07113,0.07343,-48.01655,3076.00000
0.38983,0.38391,0.38325,0.38194,0.38885,0.31649,0.31583,0.31221,0.31747,0.31122,0.07770,0.07770,0.07113,0.07113,0.07474,-48.01655,3077.00000
0.38819,0.38358,0.38391,0.38885,0.38753,0.30826,0.31155,0.31616,0.31517,0.31287,0.07474,0.07178,0.07573,0.07343,0.07540,-48.37659,3078.00000
0.39213,0.38720,0.38917,0.38589,0.38950,0.31715,0.31780,0.32011,0.31550,0.31517,0.07376,0.07540,0.06981,0.07113,0.07507,-48.37659,3079.00000
0.38490,0.38490,0.38589,0.38589,0.38194,0.31945,0.31451,0.31517,0.31484,0.32076,0.07507,0.07442,0.07770,0.07409,0.07244,-48.62313,3080.00000
0.39181,0.38786,0.38786,0.38523,0.38194,0.31517,0.31682,0.31418,0.31616,0.31484,0.07310,0.07244,0.07113,0.07376,0.07606,-48.62313,3081.00000
0.39213,0.38786,0.38062,0.38293,0.38589,0.31682,0.32011,0.31649,0.31649,0.31780,0.07606,0.07442,0.07442,0.07376,0.07277,-49.25787,3082.00000
0.38391,0.38687,0.38095,0.38391,0.38391,0.31320,0.31715,0.31715,0.30958,0.32011,0.07409,0.07343,0.07474,0.07606,0.07507,-49.25787,3083.00000
0.38457,0.38654,0.38950,0.37964,0.38852,0.31484,0.31024,0.31879,0.31517,0.31715,0.07573,0.07146,0.07738,0.07244,0.07146,-49.49874,3084.00000
0.38917,0.38983,0.38589,0.38753,0.38621,0.31879,0.31484,0.30892,0.31649,0.31616,0.07244,0.07244,0.07869,0.07014,0.07540,-49.49874,3085.00000
0.38589,0.38950,0.38589,0.38260,0.38654,0.31451,0.31682,0.31320,0.31550,0.31090,0.07343,0.07442,0.07343,0.07277,0.07639,-50.42754,3086.00000
0.38819,0.38786,0.38720,0.38424,0.39509,0.31879,0.31090,0.31517,0.31353,0.31616,0.07639,0.07277,0.07474,0.07606,0.07409,-50.42754,3087.00000
0.38490,0.38490,0.38128,0.38819,0.39016,0.31747,0.31122,0.31583,0.31583,0.31879,0.07507,0.07442,0.07409,0.07080,0.07343,-50.37780,3088.00000
0.38391,0.38753,0.38786,0.38983,0.38523,0.31188,0.31386,0.31254,0.31320,0.31188,0.07277,0.07507,0.07211,0.07376,0.07146,-50.37780,3089.00000
0.38523,0.38062,0.38424,0.38950,0.37898,0.31484,0.31254,0.31122,0.31484,0.31912,0.07507,0.07376,0.07573,0.07047,0.07474,-49.61710,3090.00000
0.38523,0.38358,0.38095,0.39509,0.38095,0.31780,0.31451,0.31846,0.31090,0.31122,0.07442,0.07146,0.07310,0.07376,0.07573,-49.61710,3091.00000
0.38589,0.38424,0.39279,0.38983,0.38819,0.31846,0.31649,0.31583,0.31616,0.31682,0.07343,0.07146,0.07178,0.07146,0.07244,-49.02859,3092.00000
0.38358,0.38589,0.39213,0.38490,0.38852,0.31583,0.31583,0.31057,0.31451,0.31320,0.07113,0.07080,0.07310,0.07277,0.07507,-49.02859,3093.00000
0.38720,0.38654,0.38556,0.38325,0.38917,0.31320,0.31386,0.31550,0.31386,0.31287,0.07211,0.07310,0.07277,0.07409,0.07705,-49.07407,3094.00000
0.38490,0.38490,0.38983,0.38885,0.38983,0.31418,0.31813,0.31451,0.31386,0.31583,0.07211,0.07343,0.07474,0.07409,0.07507,-49.07407,3095.00000
0.38260,0.38391,0.38786,0.38457,0.38621,0.31418,0.31254,0.31320,0.31386,0.31517,0.07277,0.07474,0.07409,0.07573,0.07409,-48.30687,3096.00000
0.38358,0.38753,0.38029,0.38621,0.38227,0.31024,0.31846,0.31715,0.31451,0.31846,0.07244,0.07770,0.07277,0.07343,0.07211,-48.30687,3097.00000
0.38621,0.38260,0.38424,0.38589,0.38753,0.31517,0.31747,0.31747,0.31024,0.31221,0.07211,0.07080,0.07507,0.07014,0.07507,-47.70425,3098.00000
0.38457,0.38391,0.38589,0.38852,0.39049,0.31715,0.31550,0.31616,0.31122,0.31254,0.07178,0.07376,0.07113,0.07540,0.07705,-47.70425,3099.00000
0.38720,0.38260,0.38391,0.38950,0.38753,0.31155,0.31583,0.31649,0.30892,0.31386,0.07310,0.07474,0.07442,0.07474,0.07244,-47.70290,3100.00000
0.38983,0.38260,0.38786,0.38325,0.38523,0.31353,0.31386,0.31550,0.31320,0.31484,0.07442,0.07211,0.07738,0.07474,0.07047,-47.70290,3101.00000
0.38391,0.38029,0.38424,0.38753,0.38556,0.31780,0.31616,0.31715,0.31945,0.31649,0.07409,0.07310,0.07474,0.07277,0.07573,-47.41229,3102.00000
0.38556,0.39016,0.38424,0.38654,0.38260,0.31517,0.31517,0.31682,0.31715,0.31616,0.07540,0.07146,0.07573,0.07277,0.07277,-47.41229,3103.00000
0.38852,0.38523,0.38490,0.38720,0.39016,0.31386,0.31122,0.31221,0.31090,0.31418,0.07540,0.07573,0.07606,0.07540,0.07343,-47.31945,3104.00000
0.37964,0.38589,0.38293,0.38950,0.38457,0.31418,0.31813,0.31221,0.31550,0.31221,0.07474,0.07277,0.08001,0.07442,0.07310,-47.31945,3105.00000
0.38227,0.38983,0.38556,0.38917,0.38687,0.31386,0.30958,0.31780,0.31517,0.31517,0.07014,0.07442,0.07211,0.07211,0.07573,-47.75561,3106.00000
0.38654,0.38917,0.38885,0.38391,0.38161,0.31287,0.31221,0.31747,0.31517,0.31320,0.07343,0.08001,0.07672,0.07080,0.07573,-47.75561,3107.00000
0.38819,0.37997,0.38786,0.38852,0.37635,0.31287,0.31090,0.31912,0.31418,0.31616,0.07442,0.07442,0.07705,0.07474,0.07310,-48.21077,3108.00000
0.39115,0.38161,0.38852,0.38194,0.38095,0.31682,0.31583,0.31221,0.31221,0.31484,0.07178,0.07211,0.07047,0.07442,0.07014,-48.21077,3109.00000
0.38391,0.38983,0.38490,0.38293,0.38852,0.31616,0.31418,0.30991,0.31386,0.31451,0.06948,0.06882,0.07244,0.07310,0.07474,-48.50933,3110.00000
0.38753,0.38621,0.38654,0.38983,0.38786,0.31090,0.32076,0.31057,0.31287,0.31682,0.07343,0.07474,0.07540,0.07573,0.07507,-48.50933,3111.00000
0.38983,0.38786,0.37865,0.38325,0.38885,0.30892,0.31155,0.31188,0.31484,0.31221,0.07409,0.07277,0.07310,0.07738,0.07211,-48.01826,3112.00000
0.38161,0.38983,0.39181,0.38358,0.38424,0.31583,0.31550,0.31517,0.31484,0.31057,0.07507,0.07014,0.07343,0.07343,0.07113,-48.01826,3113.00000
0.38523,0.39312,0.38293,0.38621,0.38819,0.31517,0.31682,0.31451,0.31024,0.31188,0.07310,0.07474,0.07639,0.07474,0.07211,-47.79017,3114.00000
0.38753,0.38753,0.38589,0.38983,0.38885,0.31451,0.31583,0.31747,0.31188,0.30859,0.07277,0.07080,0.07639,0.07310,0.07277,-47.79017,3115.00000
0.38523,0.38227,0.38589,0.38358,0.39345,0.31813,0.31682,0.31484,0.31583,0.31517,0.07310,0.07573,0.07409,0.07376,0.07277,-44.83700,3116.00000
0.38490,0.38325,0.38885,0.38424,0.38687,0.31155,0.31090,0.31451,0.31254,0.31879,0.07540,0.07507,0.07113,0.07277,0.07178,-44.83700,3117.00000
0.38227,0.38687,0.38358,0.38523,0.38358,0.31484,0.31616,0.31517,0.31484,0.31616,0.07507,0.07672,0.07409,0.07540,0.07277,-42.71197,3118.00000
0.38556,0.37964,0.38621,0.38589,0.39082,0.31418,0.31978,0.31418,0.31747,0.31517,0.07474,0.07178,0.07803,0.07803,0.07211,-42.71197,3119.00000
0.38194,0.38621,0.38293,0.38424,0.39181,0.31188,0.31583,0.31057,0.31616,0.31320,0.07474,0.07639,0.07738,0.07343,0.07770,-43.86690,3120.00000
0.38983,0.37799,0.38753,0.38523,0.38556,0.31122,0.31517,0.31616,0.31418,0.31353,0.07277,0.07310,0.07080,0.07376,0.07507,-43.86690,3121.00000
0.38621,0.38753,0.37997,0.38885,0.38720,0.31024,0.31254,0.31386,0.31057,0.32011,0.07376,0.07672,0.07343,0.07178,0.07507,-45.23581,3122.00000
0.38424,0.38589,0.38720,0.38950,0.38293,0.31188,0.31287,0.31287,0.31254,0.31057,0.07540,0.07014,0.06981,0.07343,0.07573,-45.23581,3123.00000
0.38819,0.38720,0.38095,0.38293,0.38095,0.31122,0.31353,0.31057,0.31484,0.31155,0.07376,0.06948,0.07442,0.07244,0.07705,-46.00519,3124.00000
0.38917,0.38852,0.38194,0.39115,0.38260,0.31517,0.31550,0.31254,0.31879,0.31418,0.07343,0.07409,0.07540,0.07310,0.07442,-46.00519,3125.00000
0.38490,0.38293,0.38687,0.38556,0.38391,0.31484,0.30826,0.31057,0.31320,0.31254,0.07146,0.07343,0.07310,0.07803,0.07343,-46.50671,3126.00000
0.38358,0.38786,0.38556,0.38194,0.38293,0.31287,0.31320,0.31386,0.31386,0.31715,0.07442,0.07409,0.07014,0.07639,0.07672,-46.50671,3127.00000
0.38358,0.39148,0.38589,0.38852,0.38095,0.31451,0.31254,0.31484,0.31254,0.31418,0.07803,0.07540,0.07639,0.07310,0.07606,-46.82642,3128.00000
0.38490,0.38720,0.39049,0.37898,0.39641,0.32109,0.31386,0.31846,0.31484,0.31912,0.07507,0.07836,0.07376,0.07442,0.07606,-46.82642,3129.00000
0.38786,0.38260,0.38194,0.38358,0.39115,0.31155,0.31846,0.31221,0.31386,0.31122,0.07738,0.07507,0.07474,0.07540,0.07178,-47.13884,3130.00000
0.39148,0.38391,0.38950,0.38161,0.38819,0.31780,0.31155,0.31978,0.31550,0.31484,0.07310,0.07047,0.07507,0.07507,0.07540,-47.13884,3131.00000
0.38391,0.38523,0.38062,0.38490,0.38786,0.31386,0.31517,0.31945,0.31879,0.31747,0.07244,0.07672,0.07738,0.07310,0.07277,-47.59125,3132.00000
0.39115,0.38917,0.38062,0.39049,0.39082,0.31320,0.31451,0.31254,0.31024,0.31616,0.07474,0.07474,0.07244,0.07343,0.07474,-47.59125,3133.00000
0.38358,0.38457,0.38556,0.38621,0.38556,0.31682,0.31188,0.31550,0.31484,0.31155,0.07409,0.07573,0.07244,0.07343,0.07507,-48.23466,3134.00000
0.39181,0.38819,0.38260,0.38029,0.38260,0.31682,0.31649,0.31747,0.31320,0.31912,0.07738,0.07409,0.07705,0.07507,0.07409,-48.23466,3135.00000
0.38260,0.38095,0.38260,0.38950,0.38983,0.31846,0.31057,0.31550,0.31484,0.31386,0.07310,0.07672,0.07409,0.07277,0.07442,-48.46015,3136.00000
0.38589,0.37964,0.38391,0.38687,0.38260,0.31320,0.31024,0.31780,0.31583,0.31550,0.07310,0.07178,0.07409,0.07343,0.07178,-48.46015,3137.00000
0.38589,0.38358,0.38457,0.38490,0.38852,0.31320,0.31517,0.31715,0.31418,0.31715,0.07310,0.07277,0.07343,0.07376,0.07047,-48.29635,3138.00000
0.38950,0.38161,0.38589,0.38260,0.38325,0.31813,0.31155,0.31616,0.31155,0.30991,0.07442,0.07113,0.07343,0.07573,0.07343,-48.29635,3139.00000
0.38424,0.38917,0.38556,0.38029,0.39148,0.31550,0.31155,0.31583,0.31386,0.31616,0.07277,0.07409,0.07376,0.07770,0.07343,-48.26853,3140.00000
0.38523,0.38457,0.38490,0.38457,0.38161,0.31353,0.31682,0.31122,0.31386,0.31682,0.07211,0.07409,0.07672,0.07146,0.07442,-48.26853,3141.00000
0.38490,0.38589,0.38523,0.38490,0.38293,0.31057,0.31090,0.31221,0.30826,0.31912,0.07672,0.07310,0.07803,0.07507,0.07474,-48.67804,3142.00000
0.38128,0.38786,0.38457,0.39049,0.38523,0.31024,0.31254,0.31451,0.31583,0.31155,0.07211,0.07507,0.07540,0.07507,0.07540,-48.67804,3143.00000
0.38917,0.37964,0.37931,0.38490,0.38654,0.31780,0.31386,0.31155,0.31780,0.31484,0.07047,0.07540,0.07606,0.07540,0.07113,-48.69715,3144.00000
0.38556,0.38194,0.38556,0.39016,0.38457,0.31320,0.31122,0.31879,0.31090,0.31418,0.07442,0.07705,0.07540,0.07836,0.07146,-48.69715,3145.00000
0.38457,0.37997,0.38227,0.38293,0.39082,0.31682,0.31484,0.31221,0.31221,0.31353,0.07606,0.07639,0.07244,0.07244,0.07474,-48.36808,3146.00000
0.37964,0.38654,0.38227,0.38786,0.38819,0.31188,0.31386,0.31090,0.30991,0.31649,0.07277,0.07507,0.07244,0.07343,0.07474,-48.36808,3147.00000
0.38654,0.38786,0.39148,0.38325,0.38424,0.31451,0.31747,0.31715,0.31912,0.31682,0.07409,0.07442,0.07738,0.07277,0.07639,-48.86648,3148.00000
0.38424,0.37997,0.38885,0.38128,0.38358,0.31024,0.31813,0.31550,0.31320,0.31912,0.07442,0.07409,0.07409,0.07277,0.07409,-48.86648,3149.00000
0.37931,0.38950,0.38687,0.38457,0.39542,0.31682,0.31386,0.30991,0.31353,0.31780,0.07211,0.07672,0.07146,0.07376,0.07244,-48.80487,3150.00000
0.38457,0.37766,0.38424,0.38424,0.38852,0.31188,0.31287,0.31583,0.31747,0.31353,0.07672,0.07409,0.07507,0.07540,0.07310,-48.80487,3151.00000
0.38589,0.38819,0.38556,0.38424,0.38720,0.31353,0.31024,0.31287,0.31386,0.30991,0.07277,0.07573,0.07376,0.07474,0.07014,-48.53105,3152.00000
0.38260,0.38621,0.39378,0.38029,0.38786,0.31747,0.31287,0.31254,0.32043,0.31254,0.07639,0.07244,0.07277,0.06981,0.07672,-48.53105,3153.00000
0.38194,0.38589,0.39016,0.38424,0.38293,0.31386,0.31813,0.31287,0.31320,0.31484,0.07770,0.07540,0.07442,0.07244,0.07770,-48.13691,3154.00000
0.38358,0.38194,0.38983,0.38194,0.39082,0.31550,0.31024,0.31320,0.31616,0.31418,0.07409,0.07639,0.07409,0.07705,0.07343,-48.13691,3155.00000
0.38227,0.38227,0.38786,0.38260,0.38621,0.31386,0.31451,0.31254,0.31583,0.31287,0.07178,0.07244,0.07474,0.07442,0.07244,-48.39661,3156.00000
0.38391,0.38950,0.39016,0.38589,0.38654,0.30925,0.31484,0.31813,0.31550,0.31550,0.07573,0.07409,0.07376,0.07376,0.07211,-48.39661,3157.00000
0.38325,0.38621,0.38358,0.38589,0.38654,0.31386,0.31057,0.31484,0.30761,0.31188,0.07277,0.07376,0.07442,0.07376,0.07672,-48.20191,3158.00000
0.38589,0.38260,0.38227,0.38523,0.38424,0.31550,0.31353,0.31451,0.31451,0.31353,0.07606,0.07606,0.07540,0.07540,0.07573,-48.20191,3159.00000
0.38753,0.38589,0.38293,0.38095,0.38687,0.31583,0.31320,0.31715,0.31320,0.31550,0.07540,0.07376,0.07409,0.07409,0.07310,-48.24789,3160.00000
0.38260,0.38852,0.39016,0.38227,0.38556,0.31254,0.31418,0.31649,0.31287,0.31254,0.07343,0.07310,0.07178,0.06882,0.07244,-48.24789,3161.00000
0.38260,0.38950,0.38161,0.37964,0.38490,0.31386,0.31978,0.31320,0.31221,0.31747,0.07244,0.07244,0.07211,0.07080,0.07507,-48.56825,3162.00000
0.38819,0.37898,0.38852,0.38523,0.37997,0.31353,0.31550,0.31484,0.31188,0.31616,0.07474,0.07409,0.07277,0.06981,0.07277,-48.56825,3163.00000
0.38260,0.37898,0.38523,0.38293,0.38293,0.31451,0.31912,0.31616,0.30859,0.31550,0.07409,0.07442,0.07310,0.07343,0.07639,-48.83229,3164.00000
0.38490,0.38687,0.38720,0.38819,0.38260,0.31451,0.31254,0.32142,0.31188,0.31550,0.07409,0.07540,0.07540,0.07277,0.07474,-48.83229,3165.00000
0.38654,0.38654,0.38358,0.39181,0.38819,0.31254,0.31649,0.31451,0.31978,0.31155,0.07606,0.07113,0.07442,0.07178,0.07442,-49.65609,3166.00000
0.39213,0.38029,0.38950,0.38687,0.38621,0.31353,0.31320,0.31221,0.31353,0.31813,0.07540,0.07277,0.07277,0.07705,0.07211,-49.65609,3167.00000
0.39213,0.38095,0.38556,0.38621,0.37437,0.31254,0.31254,0.31912,0.30958,0.31747,0.07573,0.07639,0.07211,0.07573,0.07014,-49.73492,3168.00000
0.38293,0.38654,0.38556,0.38391,0.38490,0.31649,0.31418,0.31879,0.31715,0.31484,0.07442,0.07376,0.07540,0.07540,0.07672,-49.73492,3169.00000
0.38720,0.39016,0.38556,0.38424,0.38819,0.31484,0.31747,0.31484,0.30958,0.31616,0.07047,0.07639,0.07343,0.07968,0.07540,-49.28780,3170.00000
0.39016,0.39016,0.38654,0.38654,0.38753,0.31254,0.31221,0.31188,0.31583,0.31616,0.07178,0.07639,0.07376,0.07606,0.07343,-49.28780,3171.00000
0.38293,0.38523,0.38358,0.38786,0.38029,0.31024,0.30991,0.31090,0.31682,0.31057,0.07211,0.07409,0.07211,0.07047,0.07442,-49.18829,3172.00000
0.39542,0.38687,0.38260,0.38621,0.38720,0.31747,0.31715,0.31221,0.31550,0.31451,0.07507,0.07244,0.07442,0.07474,0.07573,-49.18829,3173.00000
0.38293,0.38457,0.38391,0.38490,0.38885,0.31057,0.31418,0.31418,0.31386,0.31846,0.07705,0.07968,0.07606,0.07869,0.07047,-49.40189,3174.00000
0.38687,0.38391,0.39082,0.38227,0.38819,0.31649,0.31813,0.31451,0.31287,0.31386,0.07343,0.07606,0.07869,0.07409,0.07409,-49.40189,3175.00000
0.38885,0.38391,0.38885,0.38293,0.38786,0.31813,0.31254,0.31386,0.31649,0.31287,0.07507,0.07409,0.07474,0.07442,0.07343,-49.11135,3176.00000
0.38490,0.38852,0.38852,0.38293,0.38325,0.31386,0.31682,0.31418,0.31451,0.31254,0.07507,0.07113,0.07540,0.07639,0.07606,-49.11135,3177.00000
0.38786,0.38293,0.39148,0.38523,0.38457,0.31254,0.31517,0.31550,0.31780,0.31122,0.07474,0.07705,0.07178,0.07310,0.07474,-48.48472,3178.00000
0.38325,0.38556,0.38687,0.38095,0.38983,0.31649,0.31649,0.31484,0.31517,0.30761,0.07606,0.07343,0.07606,0.07705,0.07244,-48.48472,3179.00000
0.38589,0.38128,0.39148,0.38161,0.38194,0.31320,0.31649,0.31550,0.31484,0.31386,0.07474,0.07606,0.07376,0.07474,0.07343,-48.48851,3180.00000
0.38194,0.38687,0.38095,0.38358,0.39312,0.31155,0.31090,0.31550,0.31155,0.31616,0.07639,0.07606,0.07606,0.07178,0.07442,-48.48851,3181.00000
0.38095,0.38293,0.37832,0.38424,0.38424,0.31353,0.31287,0.31682,0.31715,0.31583,0.07606,0.07310,0.07474,0.07705,0.07507,-48.42105,3182.00000
0.38523,0.38194,0.39016,0.38753,0.38852,0.31517,0.31254,0.31320,0.31090,0.31715,0.07606,0.07343,0.07343,0.07606,0.07573,-48.42105,3183.00000
0.38819,0.38325,0.38819,0.38391,0.38621,0.31320,0.31188,0.31386,0.31649,0.31418,0.07639,0.07639,0.07211,0.07507,0.07672,-48.42002,3184.00000
0.38293,0.38753,0.38621,0.38720,0.37799,0.31418,0.31155,0.31320,0.31649,0.31550,0.07409,0.07376,0.07310,0.07442,0.07573,-48.42002,3185.00000
0.38457,0.38325,0.38095,0.38293,0.38325,0.31155,0.30794,0.31550,0.31353,0.31747,0.07639,0.07803,0.06981,0.07376,0.07376,-48.38028,3186.00000
0.38753,0.38786,0.37931,0.38424,0.38720,0.31287,0.31747,0.31155,0.31616,0.31517,0.07573,0.07409,0.07639,0.07540,0.07770,-48.38028,3187.00000
0.38227,0.38654,0.38391,0.38720,0.38885,0.31616,0.31484,0.31484,0.31583,0.31386,0.07573,0.07310,0.07409,0.07376,0.07902,-48.47748,3188.00000
0.39246,0.38260,0.39904,0.38885,0.38391,0.31616,0.31747,0.31122,0.31451,0.31254,0.07672,0.07442,0.07244,0.07244,0.07211,-48.47748,3189.00000
0.38424,0.38819,0.38687,0.38885,0.38523,0.31813,0.31550,0.31616,0.31320,0.31254,0.07738,0.07409,0.07507,0.07277,0.07474,-48.77177,3190.00000
0.38161,0.38589,0.38556,0.38786,0.37799,0.31747,0.31945,0.31715,0.31616,0.31682,0.07672,0.07113,0.07606,0.07409,0.07705,-48.77177,3191.00000
0.38358,0.38424,0.38786,0.39148,0.38358,0.31484,0.31813,0.31418,0.31649,0.31747,0.07606,0.07540,0.07540,0.07639,0.07836,-49.13886,3192.00000
0.38885,0.38424,0.38983,0.37865,0.38621,0.31484,0.32175,0.31484,0.31846,0.31649,0.07343,0.07146,0.07474,0.07836,0.07639,-49.13886,3193.00000
0.38720,0.38687,0.37799,0.39049,0.38095,0.31978,0.31353,0.30859,0.31682,0.31813,0.07639,0.07343,0.07540,0.07474,0.07343,-49.19316,3194.00000
0.38654,0.38490,0.38950,0.38523,0.38819,0.31320,0.31550,0.31386,0.31780,0.31715,0.07474,0.07211,0.07178,0.07770,0.07211,-49.19316,3195.00000
0.38457,0.38852,0.38885,0.38687,0.37832,0.31353,0.31386,0.31386,0.31616,0.31912,0.07409,0.07902,0.07277,0.07376,0.07573,-49.65579,3196.00000
0.38917,0.38819,0.38523,0.38260,0.38687,0.31353,0.31155,0.31682,0.31682,0.31517,0.07409,0.07573,0.07672,0.07376,0.07573,-49.65579,3197.00000
0.38950,0.38095,0.39049,0.38621,0.37931,0.31484,0.31780,0.31221,0.30925,0.31616,0.08034,0.07672,0.07540,0.07409,0.07277,-49.33596,3198.00000
0.38523,0.38852,0.38227,0.39016,0.38917,0.31320,0.30991,0.31418,0.31912,0.31418,0.07277,0.07738,0.07573,0.07343,0.07738,-49.33596,3199.00000
0.38490,0.38293,0.38753,0.38325,0.38424,0.31780,0.31386,0.31353,0.31616,0.31418,0.07310,0.07409,0.07409,0.07540,0.07442,-48.80372,3200.00000
0.38391,0.38786,0.38786,0.38391,0.38128,0.31517,0.32142,0.31287,0.31254,0.31090,0.07376,0.07573,0.07376,0.07705,0.07310,-48.80372,3201.00000
0.38786,0.38391,0.38753,0.38621,0.38589,0.31682,0.31813,0.31517,0.31484,0.31747,0.07507,0.07507,0.07573,0.07672,0.07244,-49.01856,3202.00000
0.38325,0.38852,0.38885,0.38687,0.38589,0.32076,0.31649,0.31682,0.31550,0.31780,0.06784,0.07606,0.07540,0.07343,0.07540,-49.01856,3203.00000
0.38917,0.38325,0.38917,0.38720,0.38523,0.31682,0.31813,0.31550,0.31386,0.31747,0.07606,0.07639,0.07540,0.07113,0.07244,-48.18848,3204.00000
0.39279,0.38917,0.38293,0.38687,0.39444,0.31254,0.31353,0.31715,0.31649,0.31616,0.07639,0.07409,0.07178,0.07606,0.07606,-48.18848,3205.00000
0.38852,0.38885,0.38161,0.39082,0.39378,0.31747,0.31945,0.31616,0.31122,0.31550,0.07310,0.07113,0.07211,0.07540,0.07639,-47.58627,3206.00000
0.38687,0.38654,0.38227,0.38621,0.38753,0.31024,0.32043,0.31846,0.31846,0.31747,0.07211,0.07639,0.07672,0.07836,0.07343,-47.58627,3207.00000
0.38095,0.39115,0.38194,0.38556,0.38687,0.31122,0.31846,0.31155,0.31418,0.31320,0.07672,0.07507,0.07573,0.07540,0.07310,-47.95465,3208.00000
0.38687,0.38358,0.39312,0.38227,0.38260,0.31616,0.32011,0.31287,0.31649,0.31451,0.07573,0.07376,0.07573,0.06948,0.07738,-47.95465,3209.00000
0.38457,0.38589,0.38457,0.38457,0.38654,0.31879,0.31583,0.31583,0.31320,0.31418,0.07146,0.07474,0.07639,0.07540,0.07178,-47.91540,3210.00000
0.38621,0.38424,0.38753,0.39082,0.38424,0.31484,0.31649,0.32076,0.31353,0.31287,0.07573,0.07738,0.07803,0.07409,0.07705,-47.91540,3211.00000
0.38095,0.38819,0.38720,0.38917,0.38589,0.31517,0.31550,0.31386,0.31024,0.31550,0.07606,0.07409,0.07442,0.07770,0.07507,-48.15617,3212.00000
0.38589,0.38358,0.38621,0.38490,0.38260,0.32175,0.31550,0.31155,0.31451,0.31221,0.07770,0.07540,0.07474,0.07146,0.07573,-48.15617,3213.00000
0.38687,0.37997,0.38523,0.38523,0.38391,0.31550,0.31747,0.32043,0.31517,0.31451,0.07573,0.07178,0.07803,0.07540,0.07442,-48.12625,3214.00000
0.38523,0.39246,0.38457,0.38523,0.38523,0.31320,0.31715,0.31386,0.31320,0.31813,0.07310,0.07080,0.07507,0.07639,0.07113,-48.12625,3215.00000
0.38687,0.38523,0.38819,0.38490,0.38490,0.31155,0.31517,0.31484,0.31813,0.31682,0.07606,0.07442,0.07376,0.07803,0.07211,-48.53924,3216.00000
0.38983,0.38227,0.38621,0.38293,0.38852,0.31188,0.31978,0.31616,0.31188,0.31912,0.07705,0.08001,0.07277,0.07442,0.07507,-48.53924,3217.00000
0.38885,0.38293,0.38621,0.38523,0.38654,0.31583,0.31386,0.31715,0.31715,0.31813,0.07705,0.07836,0.07606,0.08034,0.07244,-49.10591,3218.00000
0.38128,0.38687,0.38852,0.38589,0.39181,0.31813,0.32109,0.31583,0.31550,0.31780,0.07146,0.07606,0.07442,0.07672,0.07803,-49.10591,3219.00000
0.38786,0.37997,0.39246,0.38457,0.38490,0.31188,0.31254,0.31517,0.31550,0.31517,0.07474,0.07474,0.07442,0.07573,0.07442,-49.47393,3220.00000
0.38786,0.38753,0.38424,0.38720,0.38358,0.31353,0.31583,0.31616,0.32109,0.31682,0.07507,0.07442,0.07376,0.07442,0.07507,-49.47393,3221.00000
0.38621,0.38852,0.38457,0.38786,0.39411,0.31682,0.31616,0.31682,0.31386,0.31418,0.07540,0.07442,0.07244,0.07343,0.07540,-49.36283,3222.00000
0.38523,0.38424,0.38325,0.38490,0.38917,0.32142,0.31682,0.31451,0.31583,0.31517,0.07573,0.07474,0.07409,0.07705,0.07836,-49.36283,3223.00000
0.38358,0.39477,0.38523,0.38720,0.38917,0.31484,0.32043,0.31879,0.31649,0.31747,0.07507,0.07310,0.07540,0.07343,0.07474,-49.18948,3224.00000
0.38720,0.38556,0.38589,0.38457,0.38523,0.31024,0.31517,0.31188,0.31254,0.31484,0.07442,0.07507,0.07606,0.07507,0.07540,-49.18948,3225.00000
0.38885,0.38457,0.38885,0.38687,0.38786,0.31287,0.31517,0.31715,0.31780,0.31517,0.07803,0.07639,0.07376,0.07507,0.07573,-49.18459,3226.00000
0.38457,0.38523,0.38753,0.38654,0.38819,0.31451,0.31287,0.31353,0.31879,0.31780,0.07540,0.07442,0.07705,0.06948,0.07606,-49.18459,3227.00000
0.38358,0.39082,0.38523,0.38293,0.38194,0.31320,0.31353,0.31024,0.31550,0.31320,0.07310,0.07178,0.07869,0.07474,0.07343,-48.89324,3228.00000
0.38358,0.38490,0.38720,0.38786,0.38161,0.31287,0.31583,0.31254,0.31155,0.31155,0.07244,0.07803,0.07738,0.07474,0.07639,-48.89324,3229.00000
0.38885,0.38029,0.37865,0.38786,0.39312,0.31616,0.31484,0.30991,0.31057,0.31287,0.07442,0.07376,0.07474,0.07409,0.07672,-48.49230,3230.00000
0.37964,0.38753,0.38885,0.38457,0.38852,0.31780,0.31484,0.31320,0.31451,0.31418,0.07244,0.07573,0.07606,0.07211,0.07639,-48.49230,3231.00000
0.38852,0.37799,0.38917,0.38654,0.38391,0.31221,0.31616,0.31484,0.31649,0.31451,0.07409,0.07474,0.07869,0.07310,0.07474,-47.95157,3232.00000
0.38589,0.38556,0.38687,0.38786,0.38227,0.31715,0.31287,0.31649,0.31649,0.31418,0.07507,0.07507,0.07442,0.07738,0.07442,-47.95157,3233.00000
0.38227,0.38523,0.38753,0.38753,0.38654,0.31451,0.31320,0.31978,0.31583,0.31287,0.07244,0.07047,0.07211,0.07376,0.07244,-48.12006,3234.00000
0.38523,0.38325,0.38950,0.38621,0.38885,0.31517,0.31715,0.31747,0.31418,0.31649,0.07244,0.07507,0.07705,0.07014,0.07442,-48.12006,3235.00000
0.37766,0.38523,0.38720,0.38358,0.38260,0.31287,0.31320,0.31057,0.31715,0.31583,0.07672,0.07474,0.07474,0.07277,0.07146,-48.75322,3236.00000
0.38358,0.38523,0.38983,0.38161,0.38391,0.31320,0.31057,0.31649,0.31747,0.31254,0.07277,0.07442,0.07442,0.07738,0.07738,-48.75322,3237.00000
0.38654,0.38062,0.38391,0.38227,0.38687,0.31188,0.31320,0.31221,0.32043,0.31517,0.07244,0.07244,0.07507,0.07540,0.07376,-48.82539,3238.00000
0.38260,0.38523,0.38523,0.38424,0.38556,0.31353,0.31320,0.31353,0.31353,0.31715,0.07672,0.07409,0.07770,0.07507,0.07540,-48.82539,3239.00000
0.38424,0.38917,0.39082,0.38621,0.38852,0.31517,0.31550,0.31057,0.31517,0.31517,0.07310,0.07672,0.07146,0.07540,0.07442,-49.40898,3240.00000
0.38325,0.38720,0.38687,0.38589,0.38391,0.31550,0.31550,0.31386,0.31550,0.31386,0.07113,0.07442,0.07146,0.07146,0.07507,-49.40898,3241.00000
0.38589,0.38885,0.38523,0.38753,0.38917,0.31616,0.31550,0.31517,0.31813,0.31287,0.07277,0.06948,0.07277,0.07573,0.07244,-49.75736,3242.00000
0.38490,0.38753,0.38062,0.39148,0.38917,0.31451,0.31451,0.31583,0.31550,0.31122,0.07277,0.07836,0.07211,0.07343,0.07178,-49.75736,3243.00000
0.38523,0.38029,0.38589,0.38589,0.37964,0.31188,0.31320,0.31484,0.31583,0.31715,0.07705,0.07244,0.07310,0.07211,0.07968,-49.24416,3244.00000
0.38556,0.39345,0.38325,0.38852,0.38950,0.31484,0.31945,0.31879,0.31879,0.31747,0.07606,0.07409,0.07146,0.07277,0.07409,-49.24416,3245.00000
0.38325,0.38885,0.38424,0.38621,0.38819,0.31583,0.31451,0.31517,0.31649,0.31616,0.07606,0.07277,0.07277,0.07080,0.07540,-49.48634,3246.00000
0.38786,0.38885,0.38819,0.38424,0.39016,0.31616,0.31484,0.31418,0.31550,0.31188,0.07836,0.07376,0.07672,0.07474,0.07474,-49.48634,3247.00000
0.38753,0.39016,0.38293,0.39115,0.38194,0.31813,0.31517,0.31451,0.31386,0.31846,0.07014,0.07211,0.07606,0.07540,0.06948,-48.93979,3248.00000
0.38753,0.39444,0.38358,0.38753,0.38687,0.31978,0.31188,0.31550,0.31418,0.31813,0.07573,0.07442,0.07310,0.07211,0.07310,-48.93979,3249.00000
0.38852,0.38457,0.38523,0.38424,0.38062,0.31386,0.31846,0.31649,0.31583,0.31451,0.07474,0.07409,0.07573,0.07770,0.07869,-48.91559,3250.00000
0.38490,0.38457,0.38293,0.39049,0.38227,0.31715,0.31287,0.31517,0.31484,0.31517,0.07244,0.07639,0.07705,0.07343,0.07409,-48.91559,3251.00000
0.39082,0.39246,0.38358,0.38753,0.38391,0.32043,0.31682,0.31583,0.31550,0.31155,0.07540,0.07310,0.07836,0.07573,0.07540,-48.74483,3252.00000
0.38687,0.38293,0.38687,0.38852,0.38687,0.31715,0.31418,0.31616,0.31418,0.31715,0.07540,0.07606,0.07376,0.07507,0.07507,-48.74483,3253.00000
0.38556,0.38917,0.38095,0.38654,0.39246,0.31649,0.31583,0.31550,0.31846,0.31813,0.07442,0.07738,0.07705,0.07672,0.07639,-48.61309,3254.00000
0.38589,0.38194,0.38720,0.38325,0.37931,0.30958,0.31682,0.31649,0.31912,0.31649,0.07474,0.07738,0.07672,0.07606,0.07474,-48.61309,3255.00000
0.38161,0.38260,0.38589,0.38062,0.38654,0.31386,0.31484,0.31188,0.31583,0.31715,0.07507,0.07836,0.07869,0.07474,0.07803,-48.46830,3256.00000
0.38753,0.38983,0.38852,0.38391,0.39246,0.31747,0.31616,0.31616,0.31813,0.31353,0.07507,0.07770,0.07639,0.07672,0.07606,-48.46830,3257.00000
0.38819,0.38917,0.38720,0.38687,0.38293,0.31649,0.31320,0.31451,0.31912,0.31550,0.07672,0.07376,0.07442,0.07639,0.07310,-48.13902,3258.00000
0.38621,0.37898,0.39115,0.38654,0.38424,0.31649,0.31451,0.31747,0.31780,0.31550,0.07310,0.07376,0.07178,0.07540,0.07540,-48.13902,3259.00000
0.38391,0.38753,0.38095,0.38917,0.38589,0.31747,0.31451,0.30958,0.31320,0.31813,0.07277,0.07310,0.07606,0.07409,0.06981,-48.04320,3260.00000
0.38358,0.38687,0.38753,0.39246,0.38589,0.31221,0.31386,0.31583,0.31945,0.31550,0.07639,0.07474,0.07211,0.07672,0.07573,-48.04320,3261.00000
0.38490,0.38523,0.38325,0.38885,0.39016,0.31353,0.31188,0.31287,0.31715,0.31583,0.07705,0.07606,0.07705,0.07211,0.07442,-47.90120,3262.00000
0.38819,0.38885,0.38260,0.38819,0.38490,0.31780,0.31386,0.31386,0.31583,0.31484,0.07606,0.07474,0.07507,0.07606,0.07672,-47.90120,3263.00000
0.38589,0.39016,0.38325,0.38687,0.38720,0.31418,0.31747,0.31649,0.32142,0.31155,0.07507,0.07573,0.07244,0.07409,0.07014,-48.18576,3264.00000
0.38753,0.39115,0.37997,0.39016,0.38523,0.31418,0.31649,0.31517,0.31287,0.31320,0.07573,0.07409,0.07244,0.07540,0.07573,-48.18576,3265.00000
0.38062,0.38753,0.39148,0.37997,0.38885,0.31386,0.31879,0.31451,0.31715,0.31386,0.07705,0.07606,0.07343,0.07277,0.07376,-48.47638,3266.00000
0.38490,0.38786,0.39345,0.38227,0.38687,0.31484,0.31320,0.31221,0.31386,0.31418,0.07573,0.07836,0.07409,0.07507,0.07113,-48.47638,3267.00000
0.38852,0.38786,0.38654,0.38753,0.38983,0.31418,0.31715,0.31649,0.31583,0.31945,0.07803,0.07606,0.07310,0.07540,0.07244,-49.20398,3268.00000
0.38753,0.38062,0.38490,0.38917,0.38852,0.31090,0.31024,0.31418,0.31287,0.31353,0.07770,0.07869,0.07836,0.07540,0.07474,-49.20398,3269.00000
0.38621,0.38720,0.37931,0.38029,0.38391,0.31550,0.31287,0.31616,0.31155,0.31715,0.07442,0.07606,0.07211,0.07211,0.07474,-49.26424,3270.00000
0.39148,0.38523,0.38490,0.38852,0.38687,0.31813,0.30958,0.32076,0.31418,0.31254,0.07409,0.07442,0.07507,0.07803,0.07211,-49.26424,3271.00000
0.38589,0.38917,0.38917,0.38589,0.38950,0.31550,0.31418,0.31418,0.31188,0.31813,0.07573,0.07639,0.07606,0.07409,0.07343,-49.24094,3272.00000
0.38852,0.38391,0.38293,0.38917,0.38753,0.31517,0.31155,0.31353,0.31550,0.31484,0.07310,0.07507,0.07738,0.07277,0.07738,-49.24094,3273.00000
0.38391,0.38029,0.38917,0.38687,0.38325,0.31715,0.31353,0.31846,0.31057,0.32076,0.07573,0.07738,0.07770,0.07507,0.07606,-49.26121,3274.00000
0.39181,0.38753,0.38293,0.39115,0.37733,0.31287,0.31550,0.31090,0.31912,0.31155,0.07442,0.07672,0.07376,0.07540,0.07639,-49.26121,3275.00000
0.38325,0.38589,0.38457,0.38391,0.38293,0.31320,0.31155,0.31353,0.31484,0.31649,0.07573,0.07277,0.07047,0.07540,0.07507,-48.95734,3276.00000
0.38260,0.38983,0.38819,0.38457,0.38391,0.31583,0.31682,0.30925,0.31583,0.31155,0.07507,0.07343,0.07705,0.07803,0.07277,-48.95734,3277.00000
0.38983,0.38589,0.38687,0.38687,0.38358,0.31550,0.31188,0.31484,0.30662,0.31747,0.07606,0.07409,0.07770,0.07146,0.06882,-48.77755,3278.00000
0.38753,0.39016,0.38325,0.38029,0.38523,0.31682,0.31320,0.31188,0.31320,0.31715,0.07770,0.07507,0.07803,0.07409,0.07343,-48.77755,3279.00000
0.38589,0.38852,0.38293,0.38095,0.39181,0.31122,0.31583,0.31386,0.31090,0.31287,0.07277,0.07178,0.07376,0.07442,0.07507,-48.25893,3280.00000
0.38556,0.38753,0.38358,0.38293,0.38128,0.31386,0.31320,0.31451,0.31057,0.31451,0.07409,0.07770,0.07442,0.07211,0.07080,-48.25893,3281.00000
0.39115,0.38819,0.38227,0.38983,0.38654,0.31780,0.31517,0.31550,0.31221,0.31550,0.07836,0.07376,0.07211,0.07606,0.07507,-48.52679,3282.00000
0.38589,0.38589,0.39312,0.38457,0.38490,0.31221,0.31353,0.31188,0.30925,0.31583,0.07211,0.07573,0.07573,0.07178,0.07442,-48.52679,3283.00000
0.38556,0.38687,0.38062,0.38885,0.38556,0.31155,0.31254,0.31287,0.31188,0.31517,0.07409,0.07310,0.07211,0.07639,0.07606,-48.64676,3284.00000
0.38325,0.38720,0.38128,0.38687,0.38852,0.31057,0.31616,0.31517,0.32307,0.31155,0.07836,0.07442,0.07474,0.07573,0.07047,-48.64676,3285.00000
0.38523,0.38556,0.39213,0.39115,0.37997,0.31353,0.31517,0.31649,0.31715,0.31353,0.07211,0.07606,0.07540,0.07639,0.07803,-48.18476,3286.00000
0.38523,0.38424,0.38786,0.38687,0.37898,0.31813,0.31583,0.31879,0.31386,0.31715,0.07573,0.07540,0.07178,0.07672,0.07310,-48.18476,3287.00000
0.38621,0.38852,0.37898,0.38687,0.38358,0.31418,0.31780,0.31287,0.31846,0.31386,0.07474,0.07507,0.07442,0.07376,0.07606,-48.21529,3288.00000
0.38293,0.38161,0.38457,0.37931,0.38983,0.31221,0.31715,0.31780,0.31945,0.31517,0.07113,0.07178,0.07376,0.07902,0.07474,-48.21529,3289.00000
0.39213,0.38753,0.38589,0.38161,0.39016,0.31747,0.31715,0.31715,0.31649,0.31978,0.07902,0.07573,0.07442,0.07178,0.07639,-48.31540,3290.00000
0.38293,0.38095,0.38885,0.37898,0.38753,0.31188,0.31780,0.31254,0.31386,0.31649,0.07770,0.07244,0.07540,0.07507,0.07442,-48.31540,3291.00000
0.38621,0.38786,0.39213,0.38227,0.38852,0.31616,0.31616,0.31583,0.31386,0.31715,0.07474,0.07770,0.07507,0.07672,0.07540,-48.39517,3292.00000
0.38621,0.38786,0.38819,0.38589,0.38621,0.31451,0.31682,0.31221,0.31451,0.31517,0.07507,0.07178,0.07869,0.07474,0.07376,-48.39517,3293.00000
0.38621,0.38325,0.38786,0.38424,0.38457,0.30991,0.31945,0.31649,0.31418,0.31616,0.07343,0.07639,0.07376,0.07409,0.07080,-48.56715,3294.00000
0.38556,0.38490,0.38819,0.39016,0.38950,0.31418,0.31221,0.31616,0.31780,0.31747,0.07672,0.07606,0.07376,0.07277,0.07277,-48.56715,3295.00000
0.38029,0.38720,0.38983,0.38391,0.38819,0.31616,0.31649,0.31583,0.31715,0.31780,0.07639,0.07343,0.07409,0.07474,0.07409,-48.45232,3296.00000
0.38556,0.38852,0.38325,0.39049,0.39016,0.31188,0.31616,0.31879,0.31879,0.31221,0.07343,0.07178,0.07606,0.07310,0.07409,-48.45232,3297.00000
0.38720,0.38819,0.38720,0.38687,0.38917,0.31221,0.31550,0.31583,0.31517,0.31550,0.07310,0.07738,0.07211,0.07178,0.07310,-49.10168,3298.00000
0.38424,0.38457,0.38325,0.38424,0.38358,0.31550,0.31484,0.31418,0.32011,0.31418,0.07705,0.07672,0.07442,0.07672,0.07507,-49.10168,3299.00000
0.38457,0.38457,0.38950,0.38589,0.38753,0.31583,0.31090,0.31550,0.31386,0.31254,0.07507,0.07705,0.07639,0.07573,0.07573,-49.52644,3300.00000
0.38260,0.38490,0.38490,0.38720,0.38490,0.31550,0.31418,0.31386,0.31386,0.32076,0.07705,0.07244,0.07442,0.07211,0.07639,-49.52644,3301.00000
0.38424,0.38029,0.38523,0.39378,0.38391,0.31747,0.31747,0.31484,0.32142,0.31813,0.07639,0.07277,0.07442,0.07672,0.07639,-49.84706,3302.00000
0.38556,0.38391,0.38391,0.38062,0.38457,0.31517,0.31682,0.31254,0.32274,0.31846,0.07540,0.07573,0.07409,0.07343,0.07902,-49.84706,3303.00000
0.38885,0.38490,0.38885,0.38325,0.39049,0.31517,0.31945,0.31813,0.31320,0.31517,0.07606,0.07573,0.07310,0.07113,0.07442,-49.19654,3304.00000
0.38490,0.38391,0.38490,0.38917,0.38852,0.31912,0.31517,0.31484,0.31846,0.31715,0.07277,0.07770,0.07376,0.07507,0.07409,-49.19654,3305.00000
0.38523,0.38852,0.38589,0.38885,0.38490,0.31682,0.31254,0.31155,0.31418,0.31254,0.07540,0.07277,0.07178,0.07409,0.07507,-48.90772,3306.00000
0.39148,0.38260,0.38852,0.38293,0.38983,0.31682,0.31912,0.31747,0.31715,0.31254,0.07639,0.07244,0.07573,0.07474,0.07343,-48.90772,3307.00000
0.38490,0.38424,0.38654,0.38128,0.39082,0.31682,0.31484,0.31451,0.31517,0.31386,0.07540,0.07474,0.07639,0.07606,0.07474,-49.10091,3308.00000
0.38687,0.38391,0.37997,0.38950,0.38424,0.31550,0.31715,0.31155,0.31418,0.31353,0.07080,0.07277,0.07639,0.07705,0.07639,-49.10091,3309.00000
0.38358,0.38950,0.38983,0.39181,0.38852,0.31879,0.31583,0.31682,0.30958,0.31846,0.07770,0.07540,0.07409,0.07343,0.07540,-49.24436,3310.00000
0.39213,0.38260,0.38358,0.38720,0.38457,0.31320,0.31254,0.31550,0.31386,0.31221,0.07442,0.07507,0.07442,0.07738,0.07442,-49.24436,3311.00000
0.39049,0.38885,0.38654,0.38720,0.38950,0.31254,0.31418,0.31090,0.31813,0.30892,0.07244,0.07376,0.07507,0.07573,0.07540,-48.71336,3312.00000
0.38786,0.38852,0.38029,0.38424,0.38753,0.31780,0.31517,0.31616,0.31254,0.31320,0.07474,0.07573,0.07211,0.07902,0.07606,-48.71336,3313.00000
0.39444,0.38720,0.38786,0.38819,0.39312,0.31517,0.31320,0.31517,0.31715,0.31254,0.07573,0.07606,0.07540,0.07343,0.07672,-48.50422,3314.00000
0.39213,0.38556,0.38490,0.38490,0.38227,0.31287,0.31320,0.32208,0.31451,0.31517,0.07902,0.07014,0.07474,0.07244,0.07409,-48.50422,3315.00000
0.38720,0.38753,0.38589,0.38358,0.39411,0.31287,0.31221,0.31484,0.31287,0.31484,0.07606,0.07178,0.07409,0.07178,0.07738,-48.56662,3316.00000
0.38391,0.38227,0.38589,0.38523,0.38654,0.31583,0.31583,0.31517,0.31451,0.31879,0.06915,0.07507,0.07343,0.07639,0.07113,-48.56662,3317.00000
0.37997,0.38391,0.38523,0.38391,0.38325,0.31386,0.31583,0.31254,0.31649,0.31057,0.07803,0.07639,0.07474,0.07211,0.07178,-48.27781,3318.00000
0.38424,0.38917,0.38523,0.38556,0.38457,0.31682,0.31353,0.31846,0.31747,0.31616,0.07639,0.07902,0.07343,0.07639,0.07573,-48.27781,3319.00000
0.38128,0.38128,0.38457,0.38885,0.38325,0.31024,0.31780,0.31747,0.31418,0.31386,0.07146,0.07244,0.07672,0.07606,0.07507,-48.45962,3320.00000
0.38391,0.38523,0.38260,0.38556,0.38424,0.31484,0.31616,0.31418,0.32076,0.31320,0.07474,0.07507,0.07376,0.07705,0.06981,-48.45962,3321.00000
0.38523,0.38720,0.39115,0.38950,0.38852,0.31188,0.31715,0.31682,0.31418,0.32241,0.07474,0.07474,0.07310,0.07442,0.07146,-48.13812,3322.00000
0.38095,0.39016,0.38589,0.38523,0.38720,0.31517,0.31254,0.31484,0.31418,0.31451,0.07803,0.07343,0.07442,0.07803,0.07770,-48.13812,3323.00000
0.38852,0.39246,0.38095,0.38161,0.38621,0.31583,0.32109,0.31912,0.31484,0.31320,0.07738,0.07639,0.07573,0.07639,0.07540,-48.10933,3324.00000
0.39246,0.38424,0.39148,0.38885,0.38950,0.31747,0.31386,0.31583,0.31747,0.31649,0.07442,0.07277,0.07672,0.07474,0.07409,-48.10933,3325.00000
0.38720,0.38556,0.38819,0.38786,0.39378,0.31780,0.31451,0.30958,0.31320,0.31550,0.07935,0.07606,0.07178,0.07672,0.07540,-48.04457,3326.00000
0.38227,0.38819,0.38490,0.39049,0.38523,0.31484,0.31550,0.31550,0.31715,0.31386,0.08034,0.07606,0.07935,0.07310,0.07869,-48.04457,3327.00000
0.38358,0.38654,0.38720,0.38885,0.38983,0.31846,0.31188,0.31484,0.31682,0.31517,0.07343,0.07573,0.07573,0.07540,0.07343,-48.75334,3328.00000
0.38786,0.38852,0.38621,0.38950,0.38786,0.31451,0.31386,0.31846,0.31583,0.31353,0.07474,0.07474,0.07540,0.07869,0.07770,-48.75334,3329.00000
0.38589,0.38885,0.38950,0.38687,0.39016,0.32043,0.31484,0.31418,0.31221,0.31090,0.07573,0.07442,0.07244,0.07540,0.07540,-49.01427,3330.00000
0.38293,0.38983,0.38753,0.39345,0.38687,0.31780,0.31682,0.31418,0.31813,0.31320,0.07639,0.07409,0.07146,0.07738,0.07540,-49.01427,3331.00000
0.38885,0.38457,0.38556,0.38720,0.39246,0.31616,0.31715,0.31780,0.31912,0.31912,0.07244,0.07409,0.07211,0.07376,0.07409,-49.47631,3332.00000
0.38786,0.39049,0.39115,0.39082,0.38720,0.31320,0.31583,0.31846,0.31682,0.31780,0.07146,0.07178,0.07507,0.07573,0.07409,-49.47631,3333.00000
0.38194,0.38687,0.37964,0.39181,0.38852,0.31846,0.31715,0.32142,0.31451,0.32043,0.07935,0.07409,0.08001,0.07606,0.07409,-50.03662,3334.00000
0.39411,0.38917,0.38852,0.38819,0.38589,0.31221,0.31221,0.31090,0.31813,0.31649,0.07738,0.07376,0.07935,0.07639,0.07705,-50.03662,3335.00000
0.38819,0.37997,0.38523,0.38819,0.39049,0.31353,0.31386,0.31550,0.31451,0.31583,0.07507,0.07540,0.07606,0.07705,0.07770,-50.17090,3336.00000
0.38621,0.38293,0.39016,0.38490,0.39115,0.31583,0.31484,0.31484,0.31122,0.31484,0.07573,0.07113,0.07507,0.07540,0.07507,-50.17090,3337.00000
0.38720,0.38983,0.38687,0.39115,0.38062,0.31813,0.31846,0.31813,0.31879,0.31386,0.07869,0.07310,0.07376,0.07474,0.07211,-49.72168,3338.00000
0.38885,0.38950,0.38194,0.38457,0.38490,0.31122,0.31320,0.31517,0.31418,0.31484,0.07507,0.07672,0.07507,0.07376,0.07244,-49.72168,3339.00000
0.38885,0.38358,0.39345,0.38950,0.38917,0.31879,0.32109,0.31649,0.31517,0.31649,0.07770,0.07540,0.07507,0.07639,0.07672,-49.17806,3340.00000
0.38260,0.39279,0.38786,0.38654,0.39115,0.31583,0.31550,0.31550,0.31616,0.31583,0.07343,0.07376,0.07409,0.07474,0.07409,-49.17806,3341.00000
0.38457,0.38523,0.38457,0.38852,0.38983,0.31386,0.32011,0.31353,0.31517,0.31188,0.07507,0.07409,0.07672,0.07507,0.07507,-48.43479,3342.00000
0.38293,0.39411,0.38293,0.37997,0.38852,0.31649,0.31024,0.31945,0.31418,0.31550,0.07277,0.07573,0.07672,0.07310,0.07310,-48.43479,3343.00000
0.38885,0.38325,0.38556,0.38227,0.38293,0.31912,0.31517,0.31254,0.31715,0.31517,0.07540,0.07507,0.07442,0.07738,0.07409,-48.10366,3344.00000
0.38950,0.39148,0.38424,0.38161,0.38424,0.31616,0.31912,0.31715,0.31616,0.31386,0.07146,0.07409,0.07540,0.07277,0.07277,-48.10366,3345.00000
0.38885,0.39016,0.38621,0.38062,0.38260,0.31912,0.31550,0.31583,0.31649,0.31451,0.07573,0.07310,0.07277,0.07803,0.07705,-48.21494,3346.00000
0.38786,0.38819,0.38720,0.38391,0.38490,0.32208,0.31188,0.31583,0.31649,0.31550,0.08231,0.07606,0.07672,0.07442,0.07474,-48.21494,3347.00000
0.38523,0.39246,0.38095,0.38917,0.38161,0.31353,0.31484,0.31583,0.31517,0.31517,0.07573,0.07277,0.07442,0.07047,0.07573,-47.90338,3348.00000
0.38490,0.38424,0.38983,0.38457,0.38391,0.31747,0.31912,0.31616,0.31386,0.31517,0.07540,0.07606,0.07540,0.07968,0.07672,-47.90338,3349.00000
0.38917,0.38983,0.38293,0.39509,0.38457,0.31616,0.31715,0.31978,0.31221,0.31418,0.07738,0.07442,0.07639,0.07474,0.07310,-47.62407,3350.00000
0.39246,0.38621,0.38720,0.38950,0.38325,0.31090,0.31616,0.31978,0.31254,0.31583,0.07146,0.08034,0.07705,0.07738,0.07540,-47.62407,3351.00000
0.38720,0.38917,0.38095,0.38260,0.38885,0.31616,0.31451,0.31287,0.31649,0.31386,0.07836,0.07474,0.07343,0.07672,0.07310,-48.13447,3352.00000
0.38621,0.38391,0.39345,0.38852,0.38654,0.31682,0.31517,0.31682,0.31550,0.31122,0.07310,0.07573,0.07573,0.07573,0.07540,-48.13447,3353.00000
0.38194,0.38391,0.38589,0.39115,0.38983,0.31747,0.31846,0.31353,0.31583,0.31813,0.07442,0.07474,0.07409,0.07573,0.07705,-48.17526,3354.00000
0.39016,0.38885,0.38490,0.38786,0.38687,0.31649,0.31747,0.31254,0.31550,0.31418,0.07507,0.07935,0.07211,0.07639,0.07606,-48.17526,3355.00000
0.38621,0.39082,0.38687,0.38786,0.38589,0.31813,0.31715,0.31780,0.31747,0.31682,0.07409,0.07836,0.07474,0.07639,0.07639,-48.03806,3356.00000
0.38950,0.38194,0.39213,0.38325,0.38819,0.31451,0.31583,0.31517,0.31747,0.31715,0.07738,0.07014,0.07080,0.07639,0.07573,-48.03806,3357.00000
0.38720,0.38391,0.38424,0.38293,0.38556,0.31287,0.31780,0.31780,0.31649,0.31682,0.07277,0.07376,0.07606,0.07474,0.07540,-48.71971,3358.00000
0.38293,0.38852,0.38589,0.38424,0.38589,0.31155,0.31320,0.31024,0.31287,0.31517,0.07573,0.07343,0.07507,0.07343,0.07409,-48.71971,3359.00000
0.38062,0.38325,0.38950,0.38029,0.38720,0.32109,0.31682,0.31682,0.30728,0.31418,0.07376,0.07310,0.07869,0.07803,0.07573,-48.65982,3360.00000
0.38260,0.38885,0.38490,0.38950,0.38523,0.31583,0.31254,0.31813,0.31649,0.31386,0.07146,0.07803,0.07639,0.07277,0.07606,-48.65982,3361.00000
0.38062,0.38687,0.38589,0.37766,0.38819,0.30925,0.31254,0.32043,0.31649,0.31616,0.07211,0.07540,0.07639,0.07573,0.07738,-48.96657,3362.00000
0.38029,0.38556,0.38457,0.38523,0.38556,0.31418,0.30925,0.31813,0.31287,0.31024,0.07705,0.07606,0.07803,0.07573,0.07639,-48.96657,3363.00000
0.38523,0.38490,0.39213,0.37964,0.38194,0.31254,0.31616,0.31418,0.31484,0.31649,0.07080,0.07507,0.07376,0.07606,0.07343,-49.86281,3364.00000
0.38391,0.38391,0.38950,0.38490,0.38819,0.31386,0.31221,0.31813,0.31649,0.32307,0.07507,0.07639,0.07507,0.07113,0.07376,-49.86281,3365.00000
0.38523,0.38062,0.38391,0.38490,0.39115,0.31484,0.31122,0.31616,0.31386,0.31451,0.07770,0.07474,0.07409,0.07376,0.07540,-49.80600,3366.00000
0.38687,0.38589,0.38885,0.38457,0.38556,0.31418,0.31550,0.31945,0.31320,0.31846,0.07606,0.07178,0.07474,0.07376,0.07244,-49.80600,3367.00000
0.38589,0.38687,0.38523,0.38786,0.38621,0.31320,0.31517,0.31386,0.31254,0.30859,0.07211,0.07803,0.07178,0.07376,0.07803,-49.77952,3368.00000
0.38852,0.38950,0.38457,0.38523,0.38720,0.31418,0.31682,0.31682,0.31583,0.31550,0.07639,0.07770,0.07442,0.07672,0.07277,-49.77952,3369.00000
0.38523,0.38161,0.38095,0.37997,0.38589,0.31254,0.31451,0.31517,0.31320,0.31254,0.07409,0.07474,0.07672,0.07573,0.07211,-48.95946,3370.00000
0.38062,0.38786,0.38753,0.38589,0.38753,0.31747,0.31418,0.31353,0.31254,0.31550,0.07540,0.07573,0.07507,0.07639,0.07738,-48.95946,3371.00000
0.38917,0.38424,0.38885,0.38424,0.38621,0.31912,0.31122,0.31879,0.31682,0.31386,0.07672,0.07573,0.07540,0.07376,0.07211,-48.83267,3372.00000
0.38819,0.38753,0.38227,0.38260,0.38621,0.32011,0.31846,0.31616,0.31682,0.31780,0.07540,0.07705,0.07409,0.07639,0.07540,-48.83267,3373.00000
0.38391,0.38161,0.38358,0.38457,0.38556,0.31879,0.31122,0.31122,0.31418,0.31517,0.07770,0.07639,0.07672,0.07376,0.07770,-48.60166,3374.00000
0.39213,0.38786,0.38720,0.38819,0.38753,0.31583,0.31418,0.31386,0.31386,0.31517,0.07343,0.07573,0.07639,0.07705,0.07705,-48.60166,3375.00000
0.38457,0.38523,0.38293,0.38589,0.38194,0.31418,0.31155,0.31747,0.31188,0.31616,0.07474,0.07639,0.07507,0.07770,0.07803,-48.24095,3376.00000
0.38293,0.38819,0.38391,0.39246,0.38161,0.31418,0.31747,0.31649,0.31418,0.31353,0.07211,0.07573,0.07376,0.07803,0.07442,-48.24095,3377.00000
0.38885,0.38852,0.38687,0.38589,0.38983,0.31254,0.31649,0.30925,0.31649,0.31649,0.07606,0.07573,0.07113,0.07606,0.07639,-48.46109,3378.00000
0.38950,0.38358,0.38950,0.38490,0.38950,0.31188,0.31353,0.31386,0.31978,0.31386,0.07376,0.07639,0.07474,0.07606,0.07738,-48.46109,3379.00000
0.38983,0.38325,0.38391,0.38260,0.38260,0.31517,0.31353,0.31747,0.31122,0.31484,0.07869,0.07507,0.07770,0.07080,0.07573,-48.14887,3380.00000
0.37964,0.38819,0.38621,0.38095,0.39312,0.31747,0.31418,0.31715,0.31122,0.31484,0.07474,0.07639,0.07836,0.07442,0.07409,-48.14887,3381.00000
0.38720,0.38260,0.38917,0.38720,0.38852,0.31287,0.31747,0.31320,0.31451,0.31418,0.07770,0.07507,0.07738,0.07310,0.07474,-47.49963,3382.00000
0.38457,0.38819,0.38424,0.39378,0.38260,0.31418,0.31879,0.31682,0.31386,0.31221,0.07968,0.07869,0.07573,0.07672,0.07343,-47.49963,3383.00000
0.38457,0.38753,0.39115,0.38325,0.38852,0.31287,0.30958,0.31945,0.31649,0.31747,0.07376,0.07540,0.07442,0.07738,0.07507,-47.52743,3384.00000
0.38523,0.38523,0.38852,0.38523,0.38983,0.31353,0.31254,0.31484,0.31386,0.31517,0.07310,0.07244,0.07869,0.07738,0.07639,-47.52743,3385.00000
0.38786,0.38753,0.38589,0.38391,0.38819,0.31090,0.31616,0.31155,0.31320,0.31682,0.07507,0.07869,0.07244,0.07178,0.07211,-47.46620,3386.00000
0.38687,0.39082,0.38457,0.39213,0.38556,0.31813,0.31649,0.31682,0.31550,0.31254,0.07474,0.07573,0.07310,0.08001,0.07803,-47.46620,3387.00000
0.38424,0.38621,0.38753,0.38654,0.39213,0.31484,0.31353,0.31879,0.31649,0.31353,0.07376,0.07507,0.07343,0.07376,0.07310,-47.24960,3388.00000
0.38391,0.38325,0.38621,0.38556,0.38654,0.31978,0.30925,0.31517,0.31550,0.31122,0.07738,0.07343,0.07211,0.07672,0.07540,-47.24960,3389.00000
0.38819,0.39115,0.38227,0.38621,0.37931,0.32109,0.31649,0.31122,0.31451,0.31353,0.07540,0.07409,0.07672,0.07507,0.07639,-45.04954,3390.00000
0.38490,0.38654,0.38852,0.38589,0.38260,0.31451,0.31583,0.31287,0.31616,0.31484,0.07343,0.07573,0.07770,0.07376,0.07178,-45.04954,3391.00000
0.39213,0.38260,0.38161,0.38490,0.38819,0.31583,0.31057,0.31353,0.31221,0.31418,0.07376,0.07343,0.07606,0.07310,0.07738,-43.73257,3392.00000
0.38293,0.39115,0.38589,0.38325,0.38885,0.31254,0.31517,0.31122,0.31188,0.31057,0.07442,0.07507,0.07409,0.07409,0.07770,-43.73257,3393.00000
0.38391,0.38786,0.38983,0.38687,0.38325,0.31747,0.31418,0.31451,0.31221,0.31550,0.07507,0.07409,0.07409,0.07639,0.07244,-43.49750,3394.00000
0.38687,0.38260,0.38786,0.38161,0.38753,0.31846,0.31090,0.31780,0.31583,0.31682,0.07573,0.07442,0.07836,0.07540,0.07672,-43.49750,3395.00000
0.38490,0.38556,0.38687,0.38819,0.38293,0.31682,0.31780,0.31550,0.31616,0.31122,0.07409,0.07573,0.07639,0.07540,0.07639,-45.23856,3396.00000
0.38260,0.38325,0.38852,0.38391,0.38062,0.31451,0.31747,0.31484,0.31451,0.31682,0.07672,0.07606,0.07540,0.07968,0.07376,-45.23856,3397.00000
0.39082,0.38293,0.39477,0.38523,0.39016,0.31451,0.31386,0.31879,0.31155,0.31221,0.07606,0.07343,0.07639,0.07738,0.07113,-46.09003,3398.00000
0.38786,0.38621,0.38786,0.38556,0.39049,0.31583,0.31682,0.31517,0.31780,0.31353,0.07343,0.07869,0.07672,0.07573,0.07310,-46.09003,3399.00000
0.38260,0.39016,0.38457,0.38687,0.38885,0.31484,0.31550,0.31386,0.31583,0.31747,0.07672,0.07573,0.07211,0.07146,0.07080,-47.57565,3400.00000
0.38654,0.38556,0.38391,0.37832,0.38523,0.31353,0.31550,0.31287,0.31287,0.31155,0.07770,0.07639,0.07770,0.07244,0.07672,-47.57565,3401.00000
0.38194,0.38457,0.38358,0.38687,0.38687,0.31649,0.31550,0.31418,0.31715,0.31254,0.07540,0.07409,0.07409,0.07442,0.07409,-48.34796,3402.00000
0.38490,0.38260,0.38556,0.38227,0.38490,0.31517,0.31254,0.31583,0.31583,0.30892,0.07902,0.07606,0.07507,0.07705,0.07540,-48.34796,3403.00000
0.37799,0.39016,0.38490,0.38885,0.38161,0.31122,0.31188,0.31550,0.31550,0.31912,0.07474,0.07474,0.07507,0.07376,0.07639,-47.81954,3404.00000
0.38325,0.38391,0.38424,0.38852,0.38457,0.31484,0.31682,0.30794,0.31484,0.31484,0.07343,0.07639,0.07343,0.07705,0.07639,-47.81954,3405.00000
0.38720,0.38687,0.38260,0.38490,0.38786,0.31386,0.31418,0.31418,0.31813,0.31517,0.07146,0.07606,0.07178,0.07540,0.07639,-47.86927,3406.00000
0.38917,0.38424,0.38227,0.38490,0.38424,0.31320,0.31616,0.31287,0.31221,0.31583,0.07211,0.07540,0.07738,0.07474,0.07639,-47.86927,3407.00000
0.38852,0.38983,0.38523,0.38227,0.38556,0.31451,0.31418,0.31550,0.31846,0.31090,0.07639,0.07705,0.07474,0.07376,0.07639,-48.54045,3408.00000
0.38819,0.38194,0.38424,0.38227,0.38358,0.31320,0.31287,0.31221,0.31484,0.31649,0.07573,0.07244,0.07244,0.07540,0.07507,-48.54045,3409.00000
0.38490,0.38161,0.38687,0.38786,0.38786,0.31320,0.31155,0.31583,0.31353,0.31616,0.07310,0.07474,0.07738,0.07770,0.07606,-48.12039,3410.00000
0.38621,0.38852,0.37997,0.38720,0.38687,0.31550,0.31221,0.31616,0.31155,0.31649,0.07310,0.07409,0.07902,0.07672,0.07672,-48.12039,3411.00000
0.39148,0.38358,0.38490,0.38293,0.38457,0.31484,0.31484,0.31320,0.31353,0.31090,0.07573,0.07507,0.07442,0.07376,0.07606,-47.75735,3412.00000
0.38490,0.38720,0.38589,0.38556,0.38621,0.31386,0.31484,0.31649,0.31550,0.31616,0.07277,0.07442,0.07409,0.07770,0.07672,-47.75735,3413.00000
0.37964,0.38490,0.38720,0.38687,0.38589,0.31122,0.31188,0.30761,0.31122,0.31155,0.07178,0.07244,0.07738,0.07672,0.07409,-47.14259,3414.00000
0.38753,0.38293,0.39181,0.38687,0.38589,0.31451,0.31484,0.31649,0.31451,0.31616,0.07836,0.07474,0.07409,0.07310,0.07343,-47.14259,3415.00000
0.38819,0.38029,0.38654,0.38556,0.38490,0.31320,0.31715,0.31583,0.31386,0.31320,0.07507,0.07474,0.07672,0.07738,0.07277,-47.39519,3416.00000
0.38293,0.38194,0.38819,0.38885,0.38260,0.31780,0.31517,0.31320,0.31188,0.31024,0.07803,0.07376,0.07310,0.07376,0.07606,-47.39519,3417.00000
0.38621,0.38753,0.38720,0.38687,0.38687,0.30892,0.31945,0.31846,0.31353,0.31057,0.07606,0.07507,0.07277,0.07606,0.07639,-47.12902,3418.00000
0.38490,0.38293,0.38589,0.38029,0.38391,0.31320,0.31122,0.31418,0.31616,0.31649,0.07113,0.07277,0.07474,0.07080,0.07474,-47.12902,3419.00000
0.38227,0.38424,0.39049,0.39115,0.39115,0.31649,0.31221,0.31945,0.31090,0.31517,0.07606,0.07178,0.07540,0.07409,0.07409,-47.37801,3420.00000
0.38358,0.38885,0.38194,0.38753,0.38424,0.31386,0.31254,0.31287,0.31353,0.31550,0.07474,0.07606,0.07244,0.07310,0.07606,-47.37801,3421.00000
0.38621,0.38786,0.38654,0.39411,0.38490,0.31550,0.31517,0.31616,0.31122,0.31649,0.07343,0.07738,0.07770,0.07442,0.07935,-48.12017,3422.00000
0.38753,0.38556,0.38753,0.38523,0.38457,0.31517,0.31747,0.31287,0.30892,0.31386,0.07935,0.07705,0.07672,0.07803,0.07738,-48.12017,3423.00000
0.37997,0.38819,0.38325,0.38293,0.38293,0.31155,0.31813,0.31616,0.31978,0.31649,0.07442,0.07639,0.07803,0.07639,0.07639,-48.62634,3424.00000
0.38983,0.38391,0.38753,0.38819,0.38161,0.31846,0.31484,0.31451,0.31583,0.31747,0.07409,0.07540,0.07606,0.07639,0.07540,-48.62634,3425.00000
0.37865,0.38753,0.38819,0.38589,0.38917,0.31386,0.31188,0.31221,0.31649,0.31090,0.06948,0.07507,0.07672,0.07376,0.07277,-49.02238,3426.00000
0.38194,0.38753,0.38687,0.38950,0.38654,0.31484,0.31484,0.31418,0.31813,0.31978,0.07343,0.07573,0.07474,0.07178,0.07573,-49.02238,3427.00000
0.38885,0.38556,0.38950,0.38260,0.39312,0.31715,0.31386,0.31188,0.31649,0.31221,0.07442,0.07376,0.07836,0.07409,0.07211,-49.53380,3428.00000
0.38786,0.38095,0.38325,0.38819,0.38523,0.31583,0.31846,0.31353,0.31418,0.31550,0.07639,0.07376,0.07442,0.07935,0.07606,-49.53380,3429.00000
0.38852,0.38819,0.38293,0.38852,0.38293,0.31024,0.31747,0.31418,0.31715,0.31155,0.07442,0.07376,0.07639,0.07507,0.07376,-49.84708,3430.00000
0.38589,0.38556,0.39312,0.38753,0.38786,0.31616,0.31221,0.31353,0.31649,0.31221,0.07540,0.07310,0.07573,0.07507,0.07507,-49.84708,3431.00000
0.38227,0.38424,0.38556,0.38983,0.38358,0.31122,0.31747,0.31320,0.31583,0.31616,0.07639,0.07343,0.07902,0.07639,0.07409,-49.65228,3432.00000
0.38589,0.38885,0.38687,0.38391,0.38325,0.31386,0.31353,0.31649,0.31517,0.31616,0.07869,0.07409,0.07738,0.07738,0.07836,-49.65228,3433.00000
0.37701,0.38852,0.38950,0.38720,0.38424,0.31024,0.31616,0.32076,0.31649,0.31287,0.07343,0.07014,0.07573,0.07705,0.07705,-49.80888,3434.00000
0.38556,0.38687,0.38654,0.38095,0.38556,0.31287,0.31287,0.31583,0.31747,0.31155,0.07409,0.07606,0.07474,0.07540,0.07606,-49.80888,3435.00000
0.38556,0.38720,0.38095,0.38161,0.38786,0.31221,0.31550,0.31682,0.31287,0.31386,0.07442,0.07244,0.07310,0.07113,0.07869,-49.73749,3436.00000
0.37931,0.38589,0.38786,0.39016,0.38621,0.31616,0.30991,0.31484,0.31418,0.31550,0.07277,0.07442,0.07639,0.07442,0.07705,-49.73749,3437.00000
0.38293,0.38753,0.38325,0.38260,0.38325,0.31090,0.31550,0.31418,0.31517,0.31386,0.07474,0.07672,0.07639,0.07606,0.07606,-49.38717,3438.00000
0.38885,0.38621,0.38095,0.38753,0.38819,0.31155,0.31221,0.31057,0.31780,0.31747,0.07376,0.07705,0.07738,0.07573,0.07836,-49.38717,3439.00000
0.38589,0.38325,0.38457,0.37964,0.37766,0.31616,0.31057,0.31386,0.31616,0.31155,0.07540,0.07474,0.07376,0.07705,0.07770,-48.42283,3440.00000
0.38917,0.38293,0.38917,0.38687,0.38589,0.31649,0.31484,0.31418,0.31451,0.31320,0.07573,0.07442,0.07474,0.07672,0.07376,-48.42283,3441.00000
0.39279,0.38589,0.38819,0.38095,0.38983,0.31649,0.31583,0.31320,0.31484,0.31057,0.07409,0.07540,0.07474,0.07639,0.07442,-47.72459,3442.00000
0.38753,0.38654,0.38358,0.39312,0.38786,0.31846,0.31715,0.31484,0.31353,0.30991,0.07244,0.07639,0.07343,0.07343,0.07540,-47.72459,3443.00000
0.38786,0.37931,0.39181,0.38852,0.38029,0.31451,0.31550,0.31484,0.31451,0.31517,0.07606,0.07540,0.07409,0.07639,0.07277,-48.37727,3444.00000
0.38917,0.38983,0.38556,0.37964,0.39049,0.31813,0.31813,0.31451,0.31846,0.31550,0.07770,0.07277,0.07573,0.07606,0.07639,-48.37727,3445.00000
0.38687,0.39082,0.38589,0.38194,0.38062,0.32076,0.31024,0.31090,0.31221,0.31254,0.07672,0.07803,0.07409,0.07770,0.06981,-47.97417,3446.00000
0.39016,0.39049,0.38424,0.39411,0.38556,0.31386,0.31649,0.31320,0.31517,0.31517,0.07573,0.07310,0.07935,0.07606,0.07540,-47.97417,3447.00000
0.39115,0.39016,0.38227,0.38786,0.38654,0.31320,0.31747,0.31418,0.31550,0.31451,0.07442,0.07442,0.07540,0.07474,0.07606,-48.55179,3448.00000
0.38490,0.38457,0.38720,0.38654,0.38325,0.31024,0.31418,0.31353,0.30991,0.31517,0.07507,0.07409,0.07376,0.07507,0.07376,-48.55179,3449.00000
0.38325,0.37832,0.38753,0.38424,0.38687,0.31550,0.30991,0.31254,0.31287,0.31386,0.07540,0.07639,0.07639,0.07178,0.07606,-48.81317,3450.00000
0.38523,0.38490,0.38424,0.38424,0.38194,0.31682,0.31353,0.31155,0.31517,0.32011,0.07244,0.07573,0.07540,0.07705,0.07178,-48.81317,3451.00000
0.38457,0.37931,0.38556,0.37865,0.38490,0.31583,0.31517,0.31747,0.31320,0.31155,0.07738,0.07474,0.07113,0.07573,0.07409,-48.67818,3452.00000
0.38424,0.38424,0.38457,0.38687,0.39016,0.31418,0.31254,0.31451,0.31221,0.31221,0.07639,0.07080,0.07409,0.08034,0.07606,-48.67818,3453.00000
0.38687,0.38621,0.39115,0.38720,0.38227,0.31682,0.31583,0.31616,0.31386,0.31353,0.07738,0.07540,0.07409,0.07540,0.07770,-48.56215,3454.00000
0.38720,0.39016,0.38325,0.38786,0.38621,0.31583,0.31616,0.31813,0.31813,0.31418,0.07474,0.07376,0.07540,0.07244,0.07540,-48.56215,3455.00000
0.38293,0.38194,0.38490,0.38753,0.38161,0.31550,0.31846,0.31155,0.31451,0.31747,0.07442,0.07738,0.07672,0.07573,0.07474,-47.89885,3456.00000
0.38621,0.38358,0.39016,0.38128,0.38589,0.31418,0.31484,0.31451,0.31254,0.31386,0.07277,0.07738,0.08001,0.07540,0.07672,-47.89885,3457.00000
0.37865,0.38753,0.38753,0.38917,0.38654,0.31353,0.31715,0.31616,0.31320,0.32011,0.07474,0.07442,0.07507,0.07343,0.07507,-47.88960,3458.00000
0.38753,0.38260,0.38819,0.38556,0.38325,0.32011,0.31583,0.31386,0.31254,0.31155,0.07836,0.07507,0.07803,0.07672,0.07705,-47.88960,3459.00000
0.38457,0.38753,0.38194,0.38687,0.38293,0.31320,0.31451,0.31715,0.31090,0.31320,0.08001,0.07639,0.07178,0.07540,0.07705,-46.26234,3460.00000
0.38687,0.39115,0.38556,0.39082,0.37964,0.31682,0.31484,0.31517,0.31122,0.31583,0.07573,0.07507,0.07606,0.07507,0.07244,-46.26234,3461.00000
0.38358,0.39082,0.38095,0.39115,0.38589,0.31484,0.31451,0.31517,0.31550,0.31517,0.07573,0.07409,0.07409,0.07409,0.07606,-43.90796,3462.00000
0.38457,0.38819,0.38753,0.39016,0.38325,0.31418,0.31287,0.31386,0.30958,0.31155,0.07474,0.07474,0.07442,0.07474,0.07606,-43.90796,3463.00000
0.38029,0.39246,0.38654,0.38819,0.38950,0.31320,0.31780,0.31846,0.31386,0.31945,0.07836,0.07376,0.07738,0.07606,0.07639,-43.72836,3464.00000
0.38490,0.38885,0.38589,0.38819,0.38917,0.31616,0.32011,0.31780,0.31287,0.31649,0.07474,0.07343,0.07803,0.07573,0.07343,-43.72836,3465.00000
0.38885,0.37931,0.39016,0.38852,0.38424,0.31747,0.31122,0.31813,0.31682,0.31386,0.07573,0.07376,0.07573,0.07606,0.07376,-45.12392,3466.00000
0.38424,0.38095,0.38983,0.38753,0.38424,0.31616,0.31418,0.31221,0.31747,0.31090,0.07343,0.07573,0.07672,0.07442,0.07442,-45.12392,3467.00000
0.38556,0.38654,0.38786,0.38687,0.38095,0.31188,0.31649,0.31254,0.31320,0.31517,0.07705,0.07507,0.07442,0.07836,0.07474,-46.10800,3468.00000
0.38687,0.38095,0.39542,0.38720,0.38753,0.31813,0.31780,0.31978,0.31517,0.31254,0.07244,0.07770,0.07573,0.07442,0.07376,-46.10800,3469.00000
0.39115,0.38293,0.38917,0.38293,0.37865,0.31912,0.31715,0.31649,0.31616,0.31813,0.07672,0.07573,0.07310,0.07803,0.07343,-46.63873,3470.00000
0.38523,0.38720,0.38325,0.38983,0.38358,0.31780,0.31418,0.31418,0.31978,0.31550,0.07277,0.08132,0.07770,0.07474,0.07310,-46.63873,3471.00000
0.38687,0.38621,0.38523,0.38391,0.38753,0.31747,0.31550,0.31418,0.31682,0.31747,0.07770,0.07606,0.07507,0.07738,0.07738,-46.63611,3472.00000
0.38293,0.38062,0.38260,0.38917,0.38227,0.31682,0.30958,0.31846,0.31484,0.32142,0.07705,0.07738,0.07902,0.07442,0.07409,-46.63611,3473.00000
0.38095,0.38424,0.38325,0.38786,0.38161,0.31649,0.31484,0.31155,0.31747,0.31320,0.07573,0.07672,0.07540,0.07770,0.07639,-46.42928,3474.00000
0.38227,0.38293,0.38621,0.38523,0.37997,0.31320,0.31451,0.31254,0.31583,0.31682,0.07540,0.07672,0.07376,0.07770,0.07770,-46.42928,3475.00000
0.38819,0.38293,0.38424,0.38589,0.38358,0.31287,0.31386,0.31418,0.31682,0.32076,0.07507,0.07442,0.07540,0.07244,0.07573,-46.94895,3476.00000
0.38885,0.38260,0.38885,0.38852,0.38819,0.31386,0.31320,0.31320,0.31583,0.31353,0.07409,0.07474,0.07376,0.07211,0.07442,-46.94895,3477.00000
0.38490,0.38753,0.38227,0.38029,0.39115,0.32076,0.31254,0.31090,0.31386,0.31715,0.07343,0.07573,0.07442,0.07573,0.07639,-47.12124,3478.00000
0.38720,0.38556,0.38490,0.38687,0.38753,0.31386,0.31155,0.31418,0.30892,0.31386,0.07442,0.07573,0.07902,0.07639,0.07902,-47.12124,3479.00000
0.38029,0.39115,0.37964,0.38424,0.38523,0.31879,0.31024,0.31912,0.31879,0.31386,0.07507,0.07606,0.07540,0.07146,0.07507,-47.30609,3480.00000
0.38589,0.38293,0.38293,0.38358,0.38523,0.31451,0.31517,0.31550,0.31320,0.31682,0.07507,0.07639,0.07540,0.07474,0.07540,-47.30609,3481.00000
0.38687,0.38950,0.38325,0.39641,0.37372,0.31254,0.31287,0.31747,0.31780,0.31616,0.07474,0.07540,0.07474,0.07770,0.07672,-47.22587,3482.00000
0.38062,0.38753,0.38885,0.38654,0.38523,0.31550,0.31978,0.31090,0.31418,0.31879,0.07606,0.07672,0.07244,0.07442,0.07705,-47.22587,3483.00000
0.38062,0.38885,0.38720,0.38358,0.39148,0.31287,0.31550,0.31353,0.31879,0.31188,0.07409,0.07507,0.07540,0.07409,0.07146,-47.03241,3484.00000
0.38819,0.38227,0.38325,0.39016,0.38194,0.31583,0.31320,0.31221,0.31122,0.31353,0.07672,0.07211,0.07606,0.07968,0.07639,-47.03241,3485.00000
0.38654,0.38885,0.38260,0.38589,0.37799,0.31747,0.31254,0.31682,0.31747,0.31418,0.07606,0.07507,0.07474,0.07606,0.07606,-47.37382,3486.00000
0.38621,0.38589,0.38786,0.38556,0.38457,0.31418,0.31747,0.31484,0.31353,0.31155,0.07277,0.07540,0.07639,0.07639,0.07540,-47.37382,3487.00000
0.38786,0.39444,0.38194,0.38720,0.38720,0.31451,0.31550,0.31254,0.31682,0.31418,0.07606,0.07507,0.07376,0.07540,0.07606,-48.01159,3488.00000
0.38490,0.38523,0.38358,0.38490,0.38720,0.31912,0.31616,0.31550,0.31188,0.31386,0.07113,0.07442,0.07113,0.07606,0.07507,-48.01159,3489.00000
0.38260,0.38523,0.38556,0.38490,0.38391,0.31813,0.31418,0.31846,0.30991,0.31649,0.07540,0.07310,0.07573,0.07540,0.07310,-48.25610,3490.00000
0.38523,0.38589,0.38885,0.38852,0.38260,0.31517,0.31386,0.31517,0.31353,0.31649,0.07310,0.07507,0.07343,0.07277,0.07343,-48.25610,3491.00000
0.38687,0.38293,0.38424,0.38161,0.38983,0.31484,0.31254,0.31353,0.31122,0.31912,0.07507,0.07705,0.07639,0.07672,0.07178,-48.40934,3492.00000
0.38687,0.39082,0.38490,0.38621,0.38490,0.31320,0.31583,0.31715,0.31451,0.31386,0.07507,0.07540,0.07672,0.07869,0.07606,-48.40934,3493.00000
0.38062,0.38523,0.38753,0.38161,0.38852,0.31682,0.31715,0.31418,0.31155,0.31945,0.07573,0.07836,0.07474,0.07507,0.07146,-49.05512,3494.00000
0.38786,0.38753,0.38227,0.38457,0.38260,0.31813,0.31517,0.31122,0.32076,0.31386,0.07573,0.07474,0.07672,0.07277,0.07343,-49.05512,3495.00000
0.38885,0.38194,0.38917,0.39115,0.38556,0.31879,0.31583,0.31813,0.31813,0.31846,0.07573,0.07409,0.07540,0.07343,0.07672,-48.72392,3496.00000
0.38753,0.38161,0.38325,0.38293,0.39246,0.31649,0.31813,0.31846,0.31879,0.31616,0.07902,0.07738,0.07540,0.07409,0.07507,-48.72392,3497.00000
0.38819,0.39246,0.38885,0.38293,0.38786,0.31879,0.31484,0.31583,0.31155,0.31221,0.07343,0.07376,0.07540,0.07573,0.07869,-48.91490,3498.00000
0.38720,0.38687,0.38753,0.38490,0.38325,0.31682,0.31418,0.31550,0.31221,0.31550,0.07902,0.07770,0.07573,0.07376,0.07836,-48.91490,3499.00000
0.38095,0.38589,0.38621,0.38852,0.38490,0.31451,0.31649,0.31451,0.31451,0.30991,0.07770,0.07639,0.07409,0.07310,0.07540,-48.70531,3500.00000
0.38293,0.38720,0.38621,0.38589,0.38556,0.31386,0.31418,0.31550,0.31747,0.31155,0.07573,0.07474,0.07540,0.07803,0.07738,-48.70531,3501.00000
0.38095,0.38753,0.38589,0.38950,0.38950,0.31616,0.31287,0.31583,0.31550,0.31616,0.07146,0.07343,0.07507,0.07409,0.07902,-48.25634,3502.00000
0.38786,0.38917,0.38589,0.38589,0.38720,0.31780,0.31353,0.31221,0.31517,0.31813,0.07968,0.07705,0.07540,0.07770,0.07343,-48.25634,3503.00000
0.38786,0.39082,0.38490,0.38490,0.38885,0.31649,0.31649,0.32372,0.31122,0.31517,0.07211,0.07606,0.07606,0.07540,0.07507,-48.25976,3504.00000
0.38325,0.39115,0.38161,0.38457,0.38325,0.31583,0.31945,0.31912,0.31583,0.31287,0.07507,0.07770,0.07474,0.07639,0.07738,-48.25976,3505.00000
0.38556,0.38589,0.38523,0.38194,0.38950,0.31451,0.31386,0.31353,0.31484,0.31287,0.07803,0.07507,0.07277,0.07803,0.07738,-47.68750,3506.00000
0.38786,0.38852,0.38062,0.38687,0.39115,0.31418,0.31813,0.31484,0.31386,0.31122,0.07442,0.07540,0.07113,0.07606,0.07672,-47.68750,3507.00000
0.38720,0.38293,0.38687,0.38293,0.38720,0.31418,0.31813,0.31813,0.31517,0.31517,0.07409,0.07803,0.07738,0.07770,0.07409,-48.09700,3508.00000
0.39148,0.39181,0.38753,0.38391,0.39345,0.31418,0.31583,0.31221,0.31682,0.31780,0.07573,0.07376,0.07113,0.07376,0.07343,-48.09700,3509.00000
0.38654,0.38852,0.39312,0.37964,0.38819,0.31320,0.31682,0.31550,0.32043,0.31287,0.07540,0.07474,0.07573,0.07244,0.07672,-47.36415,3510.00000
0.38786,0.37997,0.38885,0.38523,0.37997,0.31583,0.31550,0.31517,0.31484,0.31780,0.07376,0.07376,0.07507,0.07639,0.07211,-47.36415,3511.00000
0.38753,0.38589,0.38260,0.38654,0.38621,0.31188,0.31254,0.31122,0.31320,0.31550,0.07573,0.07573,0.07376,0.07639,0.07507,-47.13762,3512.00000
0.38621,0.38621,0.38687,0.38654,0.39082,0.31879,0.31451,0.31484,0.31484,0.31780,0.07277,0.07540,0.07606,0.07047,0.07277,-47.13762,3513.00000
0.38523,0.38654,0.38523,0.38687,0.38753,0.31122,0.31418,0.31747,0.31846,0.31583,0.07376,0.07573,0.07540,0.07573,0.07146,-47.44884,3514.00000
0.38654,0.38424,0.38819,0.38621,0.38819,0.30892,0.31517,0.31550,0.31353,0.31747,0.07474,0.07474,0.07310,0.07803,0.07507,-47.44884,3515.00000
0.38260,0.38358,0.38654,0.38523,0.38325,0.31287,0.31517,0.31024,0.31418,0.31682,0.07507,0.07738,0.07409,0.07244,0.07738,-48.34318,3516.00000
0.38391,0.38523,0.38687,0.37799,0.38885,0.31057,0.31649,0.31484,0.31418,0.31649,0.07343,0.07474,0.07507,0.07606,0.07968,-48.34318,3517.00000
0.38621,0.38227,0.38621,0.38062,0.38293,0.31747,0.31254,0.31057,0.31912,0.32011,0.07178,0.07606,0.07113,0.07902,0.07639,-48.82058,3518.00000
0.37997,0.39049,0.38523,0.38062,0.38950,0.31616,0.31550,0.31386,0.31188,0.31616,0.07211,0.07573,0.07803,0.07540,0.07606,-48.82058,3519.00000
0.38523,0.38819,0.38325,0.38194,0.39279,0.31386,0.31484,0.31517,0.31715,0.31451,0.07343,0.07080,0.07573,0.07836,0.07639,-48.72381,3520.00000
0.38293,0.38029,0.38687,0.38424,0.38819,0.31583,0.31484,0.31715,0.31057,0.31616,0.07573,0.07803,0.07573,0.07803,0.07573,-48.72381,3521.00000
0.38786,0.38753,0.38654,0.38391,0.38457,0.31353,0.31978,0.31451,0.31682,0.31682,0.07705,0.07770,0.07343,0.07705,0.07639,-49.18501,3522.00000
0.39049,0.38457,0.38260,0.39279,0.38819,0.31386,0.31649,0.31155,0.31846,0.31780,0.07310,0.07310,0.07211,0.07803,0.07343,-49.18501,3523.00000
0.38293,0.38227,0.38358,0.38325,0.38589,0.31188,0.31747,0.31616,0.31418,0.31353,0.07376,0.07080,0.07442,0.07343,0.07639,-48.95863,3524.00000
0.38556,0.38852,0.38391,0.37964,0.38556,0.31122,0.31254,0.31451,0.31353,0.31353,0.07639,0.07376,0.07738,0.07869,0.07409,-48.95863,3525.00000
0.38523,0.38424,0.38720,0.38589,0.38457,0.31090,0.31780,0.31320,0.31353,0.31550,0.07409,0.07540,0.07474,0.07540,0.07211,-48.78980,3526.00000
0.38161,0.39115,0.37964,0.38227,0.38490,0.31715,0.31353,0.31649,0.31879,0.31090,0.07113,0.07836,0.07507,0.07474,0.07442,-48.78980,3527.00000
0.38885,0.38062,0.39016,0.38161,0.38523,0.31287,0.31057,0.30925,0.31682,0.31583,0.07573,0.07442,0.07178,0.07968,0.07277,-48.76677,3528.00000
0.38786,0.38128,0.39181,0.39016,0.37898,0.31715,0.31221,0.31024,0.31221,0.31418,0.07409,0.07211,0.07244,0.07277,0.07770,-48.76677,3529.00000
0.39049,0.38720,0.38819,0.38490,0.38194,0.31090,0.31188,0.31484,0.31155,0.31451,0.07573,0.07606,0.07705,0.07869,0.07178,-48.27941,3530.00000
0.38325,0.38556,0.38523,0.38589,0.38786,0.31682,0.31353,0.31155,0.31254,0.31451,0.07409,0.07803,0.07705,0.06948,0.07507,-48.27941,3531.00000
0.38391,0.39082,0.38358,0.38424,0.38687,0.31418,0.31583,0.31583,0.31418,0.31517,0.07474,0.07803,0.07573,0.07672,0.07507,-47.80313,3532.00000
0.38687,0.38161,0.38687,0.38523,0.38490,0.31484,0.31386,0.31221,0.31090,0.31386,0.07540,0.07376,0.07639,0.07902,0.07277,-47.80313,3533.00000
0.39148,0.38556,0.38457,0.38161,0.38095,0.31616,0.31090,0.31517,0.31715,0.31353,0.07705,0.07869,0.07573,0.07738,0.07803,-47.49050,3534.00000
0.38621,0.38457,0.38753,0.38523,0.38457,0.31418,0.31353,0.31386,0.31583,0.31912,0.07770,0.07310,0.07507,0.07507,0.07540,-47.49050,3535.00000
0.38720,0.39082,0.38786,0.38260,0.38523,0.31616,0.31682,0.31747,0.31353,0.31287,0.07639,0.07639,0.08165,0.07606,0.07836,-47.62225,3536.00000
0.38523,0.38260,0.38391,0.39082,0.38852,0.31320,0.31418,0.31188,0.32109,0.31583,0.07705,0.07606,0.07343,0.07738,0.07277,-47.62225,3537.00000
0.38490,0.38917,0.38687,0.38753,0.37832,0.31616,0.31353,0.31813,0.31320,0.31945,0.07803,0.08034,0.07540,0.07968,0.07836,-47.89237,3538.00000
0.38457,0.38391,0.38654,0.38227,0.38819,0.31517,0.31747,0.31912,0.31221,0.31386,0.07277,0.07507,0.07540,0.07672,0.07738,-47.89237,3539.00000
0.38227,0.38917,0.38556,0.38194,0.38227,0.31320,0.31747,0.31682,0.31879,0.31517,0.07770,0.07507,0.07639,0.07540,0.07705,-48.21731,3540.00000
0.38490,0.38654,0.38293,0.39246,0.38523,0.31550,0.31287,0.31451,0.31353,0.31353,0.07639,0.07705,0.07474,0.07277,0.07507,-48.21731,3541.00000
0.38786,0.38358,0.39049,0.38917,0.38424,0.31484,0.31517,0.30761,0.31320,0.31122,0.07474,0.07540,0.07343,0.07442,0.07409,-48.25815,3542.00000
0.38391,0.38490,0.38523,0.38424,0.38293,0.31616,0.31517,0.31583,0.31155,0.31747,0.07803,0.07474,0.07672,0.07540,0.07836,-48.25815,3543.00000
0.38523,0.38227,0.39082,0.38950,0.38029,0.30991,0.31682,0.31451,0.31287,0.31155,0.07310,0.07409,0.07507,0.07606,0.07540,-48.65322,3544.00000
0.38095,0.38983,0.38589,0.38424,0.38621,0.31320,0.30728,0.31287,0.31287,0.31418,0.07376,0.07474,0.07442,0.07738,0.07540,-48.65322,3545.00000
0.37799,0.38457,0.38391,0.38358,0.38819,0.31287,0.30925,0.31715,0.31353,0.31287,0.07869,0.07310,0.08099,0.07146,0.07672,-48.98984,3546.00000
0.38490,0.38194,0.37931,0.39049,0.38621,0.31583,0.31583,0.31451,0.31221,0.31813,0.07606,0.07507,0.07705,0.07178,0.07540,-48.98984,3547.00000
0.38786,0.38654,0.38457,0.38852,0.38325,0.31386,0.31747,0.31287,0.31780,0.31320,0.07409,0.07639,0.07968,0.07442,0.07639,-49.50397,3548.00000
0.38589,0.38523,0.38786,0.38621,0.38720,0.31320,0.31418,0.31057,0.31155,0.31879,0.07474,0.07442,0.07705,0.07376,0.07178,-49.50397,3549.00000
0.38293,0.38029,0.39115,0.38523,0.38227,0.31747,0.31320,0.31386,0.31221,0.31451,0.07507,0.07080,0.07178,0.07803,0.07770,-48.82459,3550.00000
0.38293,0.38786,0.38227,0.38917,0.38621,0.31155,0.31155,0.31747,0.31484,0.31484,0.07770,0.07705,0.07803,0.07540,0.07902,-48.82459,3551.00000
0.38621,0.38950,0.38424,0.37931,0.38917,0.31583,0.31418,0.31747,0.31221,0.31649,0.07507,0.07540,0.07836,0.07902,0.07507,-48.99341,3552.00000
0.39082,0.38490,0.39016,0.38424,0.38885,0.31682,0.31550,0.31418,0.31682,0.31682,0.07770,0.07738,0.07277,0.07573,0.07409,-48.99341,3553.00000
0.37405,0.38983,0.38556,0.38753,0.38391,0.31945,0.31353,0.31715,0.31780,0.31386,0.07376,0.07639,0.07474,0.07540,0.07540,-48.85042,3554.00000
0.38490,0.38260,0.38720,0.38786,0.38687,0.31155,0.31386,0.31550,0.31616,0.31287,0.07507,0.07474,0.07672,0.07803,0.07705,-48.85042,3555.00000
0.38589,0.38885,0.38556,0.38556,0.38490,0.31583,0.31287,0.31090,0.31682,0.31715,0.07540,0.07507,0.07474,0.07738,0.07376,-48.86089,3556.00000
0.38194,0.38654,0.38490,0.37997,0.38885,0.31451,0.31254,0.31188,0.31517,0.31649,0.07442,0.07803,0.07540,0.07573,0.07507,-48.86089,3557.00000
0.38194,0.38687,0.38424,0.38424,0.38819,0.31155,0.31353,0.31418,0.31320,0.31517,0.07902,0.07540,0.07770,0.07540,0.07803,-48.68070,3558.00000
0.38325,0.38917,0.38523,0.38786,0.38654,0.31616,0.31550,0.31517,0.31747,0.31418,0.07507,0.07343,0.07474,0.07803,0.07474,-48.68070,3559.00000
0.38358,0.38293,0.38687,0.37931,0.38885,0.31616,0.31616,0.31254,0.31747,0.31780,0.07836,0.07705,0.08066,0.07902,0.07738,-48.10159,3560.00000
0.38293,0.39016,0.38523,0.38983,0.38095,0.31649,0.31090,0.31912,0.30925,0.32011,0.07409,0.07639,0.07902,0.07639,0.07935,-48.10159,3561.00000
0.37865,0.38457,0.38852,0.38589,0.38523,0.31583,0.31616,0.31550,0.32011,0.31287,0.07442,0.07573,0.07770,0.07244,0.07507,-47.77899,3562.00000
0.38293,0.38062,0.39049,0.38687,0.38687,0.30958,0.31418,0.31550,0.31386,0.31978,0.07277,0.07705,0.07047,0.07442,0.07211,-47.77899,3563.00000
0.38293,0.38457,0.38885,0.38589,0.38753,0.31583,0.31451,0.31221,0.31616,0.31846,0.07705,0.07540,0.07277,0.07442,0.07442,-48.22961,3564.00000
0.39181,0.38391,0.39049,0.39148,0.38687,0.31386,0.31221,0.31649,0.31780,0.31353,0.07869,0.07540,0.07639,0.07376,0.07803,-48.22961,3565.00000
0.38654,0.38227,0.38654,0.38621,0.38621,0.31682,0.31057,0.31451,0.31353,0.31583,0.07738,0.07409,0.07211,0.07606,0.07606,-47.87410,3566.00000
0.39082,0.38293,0.38227,0.38720,0.38819,0.31451,0.30958,0.31649,0.31912,0.31583,0.07540,0.07573,0.07474,0.07738,0.07902,-47.87410,3567.00000
0.38786,0.38720,0.37701,0.39049,0.38589,0.31418,0.31287,0.31715,0.31451,0.31188,0.07869,0.07672,0.07211,0.07836,0.07738,-47.87636,3568.00000
0.39082,0.38556,0.38786,0.38589,0.38621,0.31484,0.31418,0.30925,0.31484,0.31155,0.07507,0.08066,0.07770,0.07639,0.07310,-47.87636,3569.00000
0.39049,0.38457,0.38885,0.38457,0.38720,0.31386,0.31682,0.31813,0.31254,0.31287,0.07310,0.07442,0.07409,0.07474,0.07474,-47.57187,3570.00000
0.39049,0.38391,0.38753,0.38523,0.38687,0.31616,0.31550,0.31090,0.31122,0.32011,0.07770,0.07343,0.08001,0.07803,0.07310,-47.57187,3571.00000
0.38950,0.38293,0.38293,0.38589,0.38917,0.32043,0.31320,0.31550,0.31451,0.31221,0.07770,0.07705,0.07014,0.07409,0.07310,-47.90436,3572.00000
0.38523,0.39115,0.38457,0.38720,0.37931,0.31616,0.31616,0.31715,0.31386,0.31090,0.07836,0.07935,0.07211,0.07540,0.07573,-47.90436,3573.00000
0.38325,0.38523,0.38786,0.37997,0.38852,0.31846,0.31517,0.31386,0.31649,0.31715,0.07770,0.07113,0.07803,0.07409,0.08034,-48.41085,3574.00000
0.39279,0.38819,0.38885,0.38457,0.38687,0.31616,0.31682,0.31484,0.31715,0.31320,0.07935,0.07902,0.07376,0.07705,0.07507,-48.41085,3575.00000
0.38753,0.38950,0.38753,0.38753,0.38391,0.31682,0.31846,0.31649,0.31320,0.31090,0.07507,0.07343,0.07442,0.07705,0.07606,-48.51739,3576.00000
0.38950,0.38786,0.38325,0.38917,0.38621,0.31846,0.31517,0.31155,0.31517,0.31583,0.07573,0.07540,0.07507,0.07705,0.07902,-48.51739,3577.00000
0.39181,0.38391,0.38983,0.38424,0.38523,0.31353,0.31550,0.31320,0.31780,0.31090,0.07113,0.07935,0.07474,0.07507,0.07705,-48.80977,3578.00000
0.38621,0.38293,0.38753,0.38325,0.38621,0.31353,0.31451,0.31320,0.31221,0.31747,0.07409,0.07310,0.07639,0.08165,0.07606,-48.80977,3579.00000
0.38621,0.38128,0.38062,0.39016,0.38424,0.31122,0.31386,0.31780,0.31024,0.31978,0.07474,0.07573,0.07442,0.07770,0.07606,-48.63034,3580.00000
0.39542,0.38523,0.38490,0.39181,0.38556,0.31747,0.31320,0.31122,0.31353,0.31649,0.07277,0.07672,0.07639,0.07902,0.07606,-48.63034,3581.00000
0.39049,0.38391,0.38556,0.38917,0.38457,0.31945,0.31484,0.31386,0.31254,0.31386,0.07573,0.07770,0.07277,0.07770,0.07376,-48.81834,3582.00000
0.38457,0.38654,0.38720,0.38556,0.38589,0.31616,0.31616,0.31386,0.31188,0.31945,0.07639,0.07442,0.07606,0.07409,0.07474,-48.81834,3583.00000
0.39049,0.38621,0.38424,0.38490,0.38358,0.31353,0.31682,0.31057,0.31418,0.31353,0.07935,0.07442,0.07442,0.07639,0.07606,-48.80044,3584.00000
0.37964,0.38358,0.38457,0.39049,0.38885,0.30695,0.31024,0.31616,0.31484,0.31517,0.07573,0.07573,0.07705,0.07409,0.07573,-48.80044,3585.00000
0.38490,0.38490,0.38687,0.38194,0.38983,0.31649,0.31616,0.31090,0.31386,0.31122,0.07639,0.07738,0.07705,0.07211,0.07836,-48.71690,3586.00000
0.38654,0.38095,0.38260,0.38589,0.38720,0.31484,0.31550,0.31682,0.31418,0.31254,0.07507,0.07442,0.07376,0.07080,0.07672,-48.71690,3587.00000
0.38523,0.38490,0.38786,0.38753,0.38621,0.31583,0.31912,0.31418,0.32175,0.31682,0.07507,0.07705,0.07705,0.07803,0.07902,-48.18431,3588.00000
0.39115,0.38885,0.38424,0.38819,0.38687,0.31484,0.31879,0.31715,0.31386,0.31550,0.07869,0.07442,0.07343,0.07770,0.07409,-48.18431,3589.00000
0.37701,0.38885,0.37668,0.38720,0.38391,0.31254,0.31221,0.31846,0.31550,0.31616,0.07869,0.07442,0.07277,0.07705,0.07573,-47.98388,3590.00000
0.38358,0.38720,0.38852,0.38753,0.38293,0.31122,0.31451,0.31386,0.31550,0.31320,0.07573,0.07507,0.07705,0.07672,0.07540,-47.98388,3591.00000
0.38753,0.38852,0.38589,0.38490,0.38654,0.31715,0.31649,0.31353,0.31221,0.31780,0.07409,0.07540,0.07277,0.07639,0.07738,-48.12206,3592.00000
0.38720,0.38227,0.38161,0.38029,0.39115,0.31616,0.31353,0.31254,0.31550,0.31090,0.07244,0.07310,0.07672,0.07705,0.07474,-48.12206,3593.00000
0.38457,0.38260,0.38950,0.38358,0.39477,0.31287,0.31122,0.31484,0.31418,0.31122,0.07211,0.07376,0.07277,0.07968,0.07442,-48.07747,3594.00000
0.38457,0.38358,0.38819,0.38424,0.38819,0.31287,0.31057,0.31287,0.31221,0.31221,0.07409,0.07705,0.07672,0.07869,0.07474,-48.07747,3595.00000
0.38621,0.39049,0.38062,0.38819,0.38852,0.31846,0.31813,0.31583,0.31188,0.31386,0.07770,0.07540,0.07343,0.07869,0.07409,-47.60666,3596.00000
0.38885,0.38424,0.39016,0.38589,0.38325,0.31747,0.31846,0.31550,0.31583,0.31550,0.07540,0.07836,0.07770,0.07573,0.07507,-47.60666,3597.00000
0.39213,0.38950,0.38260,0.38621,0.38490,0.31550,0.31879,0.31386,0.31583,0.31484,0.07770,0.07211,0.07672,0.07968,0.07968,-47.86245,3598.00000
0.38391,0.39345,0.39148,0.38194,0.39049,0.31912,0.30859,0.31353,0.31221,0.30958,0.07705,0.07639,0.07540,0.07573,0.07606,-47.86245,3599.00000
0.38523,0.38852,0.38621,0.38786,0.38556,0.31846,0.31418,0.31649,0.31649,0.31517,0.07474,0.07672,0.07573,0.08066,0.07705,-47.59352,3600.00000
0.38260,0.38260,0.38687,0.39148,0.38391,0.31780,0.31386,0.31616,0.32011,0.31353,0.07211,0.07474,0.07770,0.07738,0.07474,-47.59352,3601.00000
0.38786,0.38819,0.38161,0.38786,0.38720,0.31287,0.31550,0.31155,0.31649,0.31320,0.07211,0.07507,0.07672,0.07705,0.07540,-48.18572,3602.00000
0.38786,0.38293,0.38753,0.39279,0.38621,0.30958,0.31287,0.31715,0.30991,0.31451,0.07442,0.07705,0.07540,0.07606,0.07803,-48.18572,3603.00000
0.39115,0.38161,0.38457,0.38852,0.38885,0.31747,0.31451,0.31517,0.31583,0.31550,0.07573,0.07705,0.07738,0.07442,0.07146,-48.55610,3604.00000
0.37997,0.38786,0.39082,0.38161,0.38062,0.31846,0.31649,0.31846,0.31451,0.31386,0.07672,0.07935,0.07672,0.07573,0.07803,-48.55610,3605.00000
0.38194,0.38654,0.39049,0.38983,0.38621,0.31780,0.31386,0.31649,0.31484,0.31353,0.07507,0.07639,0.07507,0.07573,0.07540,-48.81605,3606.00000
0.38523,0.38654,0.38095,0.38917,0.38720,0.31320,0.31254,0.31320,0.31287,0.31418,0.07047,0.07836,0.07442,0.07738,0.07639,-48.81605,3607.00000
0.38589,0.38490,0.39082,0.38490,0.38128,0.31945,0.31616,0.31353,0.31517,0.31254,0.07672,0.07442,0.07803,0.07540,0.07474,-48.92424,3608.00000
0.38720,0.37832,0.38950,0.38424,0.38227,0.31320,0.31320,0.31945,0.31320,0.31550,0.07540,0.07442,0.07343,0.07869,0.07442,-48.92424,3609.00000
0.38786,0.38490,0.38457,0.38720,0.38424,0.31057,0.31386,0.31057,0.31155,0.31813,0.07770,0.07639,0.07705,0.07573,0.07310,-49.22912,3610.00000
0.38227,0.38621,0.38589,0.38161,0.38917,0.31715,0.31616,0.31583,0.31517,0.31583,0.07573,0.07507,0.07836,0.07738,0.07507,-49.22912,3611.00000
0.38523,0.37964,0.38852,0.39115,0.38720,0.31057,0.31386,0.31649,0.31747,0.31484,0.07672,0.07672,0.07310,0.07869,0.07507,-49.18009,3612.00000
0.38852,0.37964,0.38556,0.38720,0.38852,0.31287,0.31221,0.31122,0.31616,0.31386,0.07869,0.07738,0.07211,0.07409,0.07705,-49.18009,3613.00000
0.38358,0.38490,0.38325,0.38654,0.38687,0.31353,0.31221,0.31616,0.31320,0.31484,0.07376,0.07540,0.07606,0.07606,0.07540,-48.24896,3614.00000
0.38490,0.38819,0.38194,0.38260,0.38621,0.31254,0.31418,0.31221,0.31616,0.31155,0.07902,0.07540,0.07442,0.07409,0.07409,-48.24896,3615.00000
0.38358,0.38720,0.38260,0.38523,0.38391,0.31846,0.31715,0.31616,0.31451,0.31517,0.07705,0.07770,0.07474,0.07507,0.07770,-48.05953,3616.00000
0.38720,0.39016,0.38720,0.38753,0.38852,0.31221,0.31418,0.31188,0.31090,0.31418,0.07573,0.07376,0.07409,0.07803,0.07606,-48.05953,3617.00000
0.37898,0.38457,0.39148,0.38194,0.38654,0.30958,0.31057,0.31780,0.31320,0.31945,0.07836,0.07738,0.07507,0.07540,0.07738,-47.62563,3618.00000
0.37997,0.38819,0.38917,0.38293,0.38457,0.31616,0.31715,0.31912,0.31188,0.31715,0.07902,0.07474,0.07211,0.07770,0.07540,-47.62563,3619.00000
0.38490,0.38161,0.38161,0.38885,0.38490,0.31583,0.31616,0.31649,0.31649,0.31386,0.07474,0.07310,0.07672,0.07803,0.07803,-47.89137,3620.00000
0.38720,0.38687,0.38786,0.38917,0.38983,0.31550,0.31517,0.31484,0.31287,0.31682,0.07639,0.07738,0.07639,0.07474,0.07409,-47.89137,3621.00000
0.38556,0.38621,0.38293,0.38852,0.39115,0.31287,0.31451,0.31090,0.31649,0.31780,0.07244,0.07606,0.07507,0.07573,0.07146,-48.02784,3622.00000
0.38983,0.38819,0.38523,0.38589,0.38457,0.31550,0.31484,0.31616,0.31418,0.31024,0.07113,0.07540,0.07639,0.07935,0.07738,-48.02784,3623.00000
0.38391,0.38523,0.38654,0.38654,0.38621,0.31418,0.31090,0.32011,0.31451,0.31978,0.07507,0.07672,0.07606,0.07606,0.07639,-48.20020,3624.00000
0.38786,0.39049,0.38589,0.38095,0.39312,0.31418,0.31418,0.31945,0.31747,0.31616,0.07672,0.07606,0.07606,0.07573,0.07803,-48.20020,3625.00000
0.38523,0.38720,0.38227,0.38687,0.38293,0.31747,0.31418,0.31682,0.31583,0.31978,0.07672,0.07738,0.07573,0.07343,0.07606,-47.91146,3626.00000
0.38095,0.38424,0.38358,0.39181,0.38062,0.31287,0.31583,0.31024,0.31583,0.31484,0.07474,0.07409,0.07080,0.07705,0.07738,-47.91146,3627.00000
0.38720,0.38687,0.38128,0.38556,0.38523,0.31418,0.31550,0.31517,0.31583,0.31616,0.07672,0.07573,0.07803,0.07244,0.07770,-48.33909,3628.00000
0.38457,0.39148,0.38556,0.38720,0.38753,0.31978,0.31550,0.31616,0.31879,0.31320,0.07902,0.07277,0.07409,0.07310,0.07639,-48.33909,3629.00000
0.39082,0.38654,0.38917,0.38490,0.38786,0.31846,0.31649,0.31287,0.31747,0.31057,0.07770,0.07409,0.07672,0.07146,0.07442,-48.49559,3630.00000
0.38490,0.38358,0.38358,0.38885,0.38753,0.31550,0.31550,0.31221,0.31747,0.31846,0.07836,0.08330,0.07178,0.07540,0.07047,-48.49559,3631.00000
0.38062,0.38621,0.37997,0.38325,0.38687,0.31418,0.30826,0.31287,0.31287,0.31254,0.07639,0.07770,0.07310,0.07705,0.07672,-48.86522,3632.00000
0.39049,0.38753,0.39016,0.38293,0.38753,0.31879,0.31353,0.31287,0.31353,0.31583,0.07672,0.07507,0.08066,0.07639,0.07277,-48.86522,3633.00000
0.38391,0.38457,0.38490,0.38687,0.38358,0.31550,0.31188,0.31682,0.31320,0.31287,0.07968,0.07573,0.07705,0.07540,0.07540,-48.66080,3634.00000
0.38720,0.38556,0.38556,0.38819,0.38391,0.31024,0.31550,0.31945,0.31418,0.31616,0.07343,0.07474,0.07705,0.07442,0.07705,-48.66080,3635.00000
0.38753,0.38523,0.38391,0.39246,0.38687,0.31353,0.31616,0.31682,0.31320,0.31254,0.07639,0.07540,0.07672,0.07738,0.07573,-48.04275,3636.00000
0.38621,0.38687,0.39213,0.38325,0.38424,0.31155,0.31747,0.31320,0.31320,0.31188,0.07442,0.07376,0.07606,0.07474,0.07442,-48.04275,3637.00000
0.38556,0.38358,0.38293,0.38852,0.38885,0.31353,0.31221,0.31484,0.31287,0.31155,0.07606,0.07409,0.07738,0.07639,0.07244,-47.40285,3638.00000
0.38786,0.38720,0.39082,0.38424,0.38457,0.31254,0.31353,0.31583,0.31353,0.31550,0.07738,0.07869,0.07935,0.07672,0.07474,-47.40285,3639.00000
0.39115,0.38161,0.38062,0.38391,0.38852,0.31320,0.31024,0.31221,0.31386,0.31682,0.07442,0.07836,0.07639,0.07672,0.07507,-47.24806,3640.00000
0.38687,0.38293,0.38556,0.38293,0.38885,0.31254,0.31846,0.31155,0.31517,0.31846,0.07770,0.07507,0.07869,0.07343,0.07376,-47.24806,3641.00000
0.39016,0.38029,0.38424,0.38654,0.38391,0.31649,0.32076,0.31550,0.31550,0.31484,0.07705,0.07705,0.07738,0.07507,0.07277,-47.59083,3642.00000
0.38720,0.38654,0.38852,0.38885,0.38293,0.31780,0.31747,0.31780,0.31353,0.31649,0.07376,0.07343,0.08001,0.07277,0.07869,-47.59083,3643.00000
0.38490,0.38589,0.38589,0.38260,0.38325,0.31353,0.31418,0.31846,0.31221,0.31484,0.07343,0.07540,0.07573,0.07606,0.07573,-48.26856,3644.00000
0.38161,0.38687,0.39115,0.38325,0.38424,0.31287,0.31122,0.31583,0.31451,0.31583,0.07178,0.07672,0.07310,0.07310,0.07343,-48.26856,3645.00000
0.38720,0.38095,0.38687,0.38720,0.39213,0.31122,0.31353,0.31682,0.31978,0.31517,0.07376,0.08001,0.07409,0.07573,0.07310,-48.02865,3646.00000
0.38194,0.39213,0.38227,0.38325,0.38786,0.31418,0.31451,0.31451,0.31550,0.31320,0.07705,0.07738,0.08034,0.07573,0.07639,-48.02865,3647.00000
0.38950,0.38654,0.37865,0.38917,0.37931,0.31287,0.31616,0.31353,0.32142,0.31813,0.07507,0.07836,0.07474,0.07836,0.07573,-48.88596,3648.00000
0.38391,0.38161,0.38720,0.38687,0.38029,0.31320,0.31221,0.31616,0.31583,0.30991,0.07935,0.07639,0.07639,0.07738,0.07080,-48.88596,3649.00000
0.38819,0.38391,0.39411,0.38227,0.38753,0.31715,0.31978,0.31122,0.31682,0.31155,0.07146,0.07540,0.07507,0.07672,0.07409,-48.69741,3650.00000
0.38358,0.39049,0.38621,0.38523,0.38325,0.31353,0.31616,0.31287,0.31550,0.31715,0.07573,0.07672,0.08034,0.07178,0.07474,-48.69741,3651.00000
0.38062,0.38983,0.38391,0.38687,0.38523,0.31418,0.31353,0.31418,0.31287,0.31320,0.07672,0.07738,0.07705,0.07573,0.07869,-49.01605,3652.00000
0.38852,0.38062,0.38457,0.38325,0.38457,0.31386,0.31846,0.32011,0.31715,0.31254,0.08132,0.07277,0.07474,0.07935,0.07442,-49.01605,3653.00000
0.38720,0.38424,0.38589,0.38687,0.38687,0.31451,0.31616,0.31122,0.31122,0.31550,0.07540,0.07409,0.07376,0.07442,0.07474,-49.30985,3654.00000
0.38950,0.37766,0.38490,0.38194,0.39279,0.31254,0.31747,0.31188,0.31451,0.31451,0.07211,0.07606,0.07310,0.07639,0.07540,-49.30985,3655.00000
0.38424,0.38523,0.38852,0.38885,0.38260,0.31846,0.31221,0.31287,0.31484,0.31747,0.07770,0.07606,0.07211,0.07606,0.07639,-49.26646,3656.00000
0.38950,0.38753,0.38490,0.38589,0.38424,0.31287,0.31188,0.31583,0.32076,0.31254,0.07507,0.07277,0.07507,0.07474,0.07409,-49.26646,3657.00000
0.38819,0.38293,0.38950,0.38391,0.38720,0.31682,0.30925,0.31386,0.31616,0.31945,0.07606,0.07836,0.07442,0.07409,0.07310,-48.63370,3658.00000
0.38128,0.38556,0.38917,0.38654,0.37799,0.31188,0.31188,0.31320,0.31484,0.31846,0.07507,0.07573,0.07540,0.08066,0.07573,-48.63370,3659.00000
0.39213,0.38358,0.38786,0.38654,0.38029,0.31254,0.31024,0.31320,0.31517,0.31122,0.07014,0.07606,0.07770,0.07540,0.07409,-48.29649,3660.00000
0.39411,0.38062,0.38654,0.38260,0.38589,0.31155,0.31616,0.31649,0.31682,0.31451,0.07705,0.07606,0.07442,0.07014,0.07672,-48.29649,3661.00000
0.39049,0.38095,0.38029,0.38720,0.38753,0.31057,0.31386,0.30925,0.32175,0.31682,0.07376,0.07639,0.07770,0.07606,0.07442,-47.42552,3662.00000
0.38391,0.38654,0.38819,0.38786,0.38983,0.31550,0.31254,0.30958,0.31221,0.31254,0.07507,0.07573,0.07639,0.07770,0.07540,-47.42552,3663.00000
0.38621,0.38457,0.38260,0.39049,0.38391,0.31550,0.30991,0.31353,0.31517,0.31287,0.07277,0.07474,0.07770,0.07738,0.07442,-47.58056,3664.00000
0.38194,0.37898,0.38457,0.38654,0.38621,0.31879,0.31386,0.31418,0.31386,0.31747,0.07738,0.07474,0.07935,0.07672,0.08001,-47.58056,3665.00000
0.38720,0.38293,0.38950,0.38852,0.38720,0.31451,0.31386,0.31353,0.31287,0.31188,0.07343,0.07803,0.07442,0.07672,0.07803,-47.11425,3666.00000
0.38687,0.38556,0.38556,0.38523,0.38819,0.31517,0.31418,0.31484,0.31451,0.31879,0.07639,0.07507,0.07409,0.07738,0.07705,-47.11425,3667.00000
0.38786,0.38490,0.38819,0.38062,0.38885,0.31353,0.31550,0.31188,0.31682,0.31649,0.07507,0.07639,0.07639,0.07540,0.07507,-47.14355,3668.00000
0.38325,0.38358,0.38786,0.38720,0.38391,0.31649,0.31188,0.31682,0.31353,0.30794,0.07705,0.07507,0.06981,0.07606,0.07606,-47.14355,3669.00000
0.38556,0.38654,0.38161,0.39115,0.38917,0.31813,0.31879,0.31418,0.31583,0.31978,0.07507,0.07705,0.07836,0.07573,0.07672,-47.17773,3670.00000
0.38095,0.38950,0.38457,0.38556,0.38490,0.31451,0.31649,0.31747,0.31451,0.31715,0.07705,0.07343,0.07376,0.07770,0.07639,-47.17773,3671.00000
0.38687,0.38819,0.38556,0.39082,0.39181,0.31155,0.31451,0.31682,0.31550,0.31846,0.07442,0.07705,0.07573,0.07507,0.07343,-47.36165,3672.00000
0.37997,0.38621,0.38424,0.39312,0.38490,0.31320,0.31583,0.31813,0.31418,0.31484,0.07343,0.08165,0.07376,0.07244,0.07277,-47.36165,3673.00000
0.38556,0.38556,0.39016,0.38720,0.38589,0.31583,0.31517,0.31320,0.31715,0.31451,0.07277,0.07540,0.07409,0.07343,0.07573,-47.40289,3674.00000
0.38128,0.38589,0.38589,0.38358,0.38589,0.31418,0.31320,0.31517,0.31550,0.31418,0.07376,0.07507,0.07738,0.07178,0.07442,-47.40289,3675.00000
0.38753,0.38128,0.38819,0.39049,0.38523,0.31945,0.31649,0.31484,0.31682,0.31418,0.07836,0.07474,0.07474,0.07211,0.07902,-48.20837,3676.00000
0.38358,0.38556,0.39773,0.38391,0.38654,0.31451,0.31155,0.31813,0.31747,0.30991,0.07606,0.07409,0.07705,0.07573,0.07770,-48.20837,3677.00000
0.38720,0.38391,0.38391,0.38621,0.38621,0.31386,0.31550,0.31649,0.31649,0.30991,0.07672,0.07836,0.07803,0.07803,0.07573,-49.05135,3678.00000
0.38457,0.38687,0.38260,0.38687,0.38983,0.31715,0.31550,0.31517,0.31221,0.31682,0.07277,0.07507,0.07803,0.07672,0.07705,-49.05135,3679.00000
0.38424,0.38885,0.38917,0.38293,0.38490,0.31616,0.31682,0.31682,0.31649,0.31550,0.07146,0.07639,0.07869,0.07442,0.07606,-48.51633,3680.00000
0.38424,0.38654,0.38457,0.38523,0.38621,0.32109,0.31682,0.31715,0.31024,0.31221,0.07606,0.07442,0.07442,0.07606,0.07211,-48.51633,3681.00000
0.38457,0.38720,0.38095,0.38983,0.38523,0.31682,0.31583,0.31451,0.31747,0.31813,0.07343,0.08099,0.07507,0.07672,0.07442,-48.84812,3682.00000
0.38687,0.38917,0.37832,0.38293,0.38161,0.31550,0.31188,0.31583,0.31616,0.31715,0.07639,0.07738,0.07474,0.07409,0.07442,-48.84812,3683.00000
0.38457,0.38523,0.38589,0.37964,0.38917,0.31155,0.31221,0.31682,0.31418,0.31353,0.07343,0.07606,0.07803,0.07705,0.07507,-48.89191,3684.00000
0.38325,0.38589,0.38523,0.38819,0.38950,0.31682,0.31484,0.31320,0.31945,0.31715,0.07573,0.07705,0.07442,0.08034,0.07639,-48.89191,3685.00000
0.38490,0.38424,0.38720,0.38786,0.38457,0.31155,0.30958,0.31353,0.31649,0.31320,0.07376,0.07442,0.07803,0.07770,0.07672,-48.69975,3686.00000
0.38358,0.37766,0.38424,0.38720,0.38424,0.31353,0.31912,0.31649,0.31451,0.31517,0.07507,0.07113,0.07507,0.07376,0.07573,-48.69975,3687.00000
0.38753,0.38490,0.38950,0.38819,0.38917,0.31451,0.31353,0.31451,0.31188,0.31418,0.07639,0.07902,0.07738,0.07935,0.07474,-48.26566,3688.00000
0.38720,0.38227,0.38950,0.38293,0.38424,0.31320,0.31188,0.31024,0.31484,0.31682,0.07573,0.07310,0.07639,0.07540,0.07639,-48.26566,3689.00000
0.38621,0.38490,0.38325,0.38786,0.38095,0.30892,0.31254,0.31221,0.30958,0.31517,0.07705,0.07606,0.07573,0.07474,0.07474,-48.09344,3690.00000
0.38917,0.38654,0.38720,0.38358,0.38293,0.31254,0.31451,0.31353,0.31353,0.31024,0.07869,0.07507,0.07573,0.07409,0.07770,-48.09344,3691.00000
0.38325,0.38490,0.38621,0.38128,0.39049,0.31517,0.31649,0.31254,0.30892,0.31813,0.06948,0.07540,0.07540,0.07770,0.07738,-48.11536,3692.00000
0.38095,0.38128,0.39082,0.38391,0.38556,0.31583,0.31517,0.31780,0.31353,0.31780,0.07770,0.07770,0.07211,0.07573,0.07606,-48.11536,3693.00000
0.38753,0.37931,0.38654,0.38490,0.38753,0.30794,0.31846,0.31287,0.30958,0.31254,0.07474,0.07968,0.07540,0.07573,0.07540,-48.00952,3694.00000
0.38852,0.38325,0.37898,0.38786,0.38819,0.31517,0.31418,0.31254,0.31155,0.30892,0.07573,0.07968,0.07409,0.07902,0.07178,-48.00952,3695.00000
0.37997,0.38852,0.38687,0.39082,0.38654,0.31616,0.31484,0.31353,0.31155,0.31188,0.07376,0.07343,0.07770,0.07639,0.07705,-47.73226,3696.00000
0.38293,0.37997,0.38852,0.38753,0.38589,0.31912,0.31550,0.31517,0.31484,0.31451,0.07310,0.07573,0.07803,0.07540,0.07803,-47.73226,3697.00000
0.38556,0.38260,0.38391,0.39477,0.38852,0.31682,0.31912,0.31287,0.31780,0.31583,0.07803,0.07803,0.07869,0.07639,0.07639,-48.04872,3698.00000
0.38457,0.38654,0.38687,0.38293,0.38852,0.31616,0.31715,0.31254,0.31846,0.31682,0.07310,0.07277,0.07869,0.07277,0.07540,-48.04872,3699.00000
0.38654,0.38194,0.38654,0.38621,0.38227,0.31813,0.31780,0.31550,0.31386,0.31451,0.07376,0.07507,0.08034,0.07310,0.07705,-47.47844,3700.00000
0.38687,0.38983,0.38786,0.38260,0.38786,0.31550,0.31353,0.31320,0.31747,0.31418,0.07672,0.07474,0.07606,0.07310,0.07935,-47.47844,3701.00000
0.39115,0.38819,0.38917,0.38885,0.38325,0.31583,0.31320,0.31353,0.31747,0.31287,0.07639,0.07442,0.07507,0.07277,0.07573,-47.42378,3702.00000
0.38293,0.38786,0.38621,0.38720,0.38786,0.31287,0.31715,0.31287,0.30859,0.31616,0.07573,0.07639,0.07836,0.07211,0.07606,-47.42378,3703.00000
0.38885,0.38556,0.38753,0.38161,0.38556,0.30958,0.31846,0.31682,0.31715,0.31715,0.07573,0.07442,0.07343,0.07770,0.07738,-47.61032,3704.00000
0.38786,0.39279,0.38424,0.38457,0.38457,0.31912,0.31418,0.31353,0.31616,0.31715,0.07968,0.07672,0.07606,0.07836,0.07705,-47.61032,3705.00000
0.38490,0.38391,0.38753,0.38917,0.38490,0.31846,0.31484,0.31320,0.31254,0.30892,0.07474,0.07507,0.07902,0.07606,0.07639,-47.95929,3706.00000
0.38753,0.38457,0.38358,0.38457,0.38095,0.31484,0.31780,0.31484,0.31649,0.31024,0.07606,0.07540,0.07474,0.07869,0.07639,-47.95929,3707.00000
0.38391,0.38325,0.38293,0.38917,0.38589,0.31682,0.31715,0.31583,0.31550,0.31353,0.07770,0.07573,0.07770,0.07606,0.07442,-48.21635,3708.00000
0.38950,0.38917,0.38753,0.38358,0.38819,0.31484,0.31780,0.31813,0.31649,0.31254,0.07672,0.07606,0.08066,0.07672,0.07573,-48.21635,3709.00000
0.38062,0.38490,0.38293,0.38556,0.38424,0.31418,0.31386,0.31616,0.31386,0.31418,0.07935,0.07606,0.07474,0.07639,0.07639,-49.13154,3710.00000
0.38161,0.38950,0.38917,0.39312,0.38621,0.31057,0.31484,0.31320,0.31155,0.31616,0.07672,0.07639,0.07573,0.07639,0.07869,-49.13154,3711.00000
0.38917,0.37997,0.38029,0.38786,0.38358,0.31682,0.31386,0.31155,0.31682,0.31320,0.07507,0.07672,0.07836,0.07474,0.07442,-49.40638,3712.00000
0.38490,0.38260,0.38786,0.38161,0.39213,0.31517,0.31418,0.31386,0.31418,0.31616,0.07540,0.07639,0.07935,0.07770,0.07672,-49.40638,3713.00000
0.38786,0.38029,0.38194,0.38424,0.39148,0.30892,0.31221,0.31386,0.31287,0.31517,0.07935,0.07474,0.07606,0.07803,0.07409,-49.37313,3714.00000
0.38819,0.38424,0.38819,0.38885,0.38654,0.31649,0.31221,0.31353,0.31550,0.31353,0.07672,0.07573,0.07869,0.07442,0.07902,-49.37313,3715.00000
0.38950,0.38654,0.38621,0.38786,0.38950,0.31024,0.31649,0.31682,0.31616,0.31747,0.08001,0.07310,0.07442,0.07738,0.08001,-49.20123,3716.00000
0.38457,0.38786,0.38983,0.38062,0.38523,0.31122,0.30794,0.31780,0.31418,0.31418,0.07409,0.07409,0.07507,0.07442,0.07310,-49.20123,3717.00000
0.38720,0.38062,0.38227,0.39016,0.38358,0.32274,0.31287,0.31451,0.31155,0.31320,0.07705,0.07540,0.07672,0.07507,0.07573,-49.21521,3718.00000
0.39444,0.38325,0.38358,0.38358,0.39016,0.31583,0.31484,0.31221,0.31451,0.31451,0.07803,0.07409,0.07836,0.07738,0.07540,-49.21521,3719.00000
0.39016,0.38589,0.38128,0.39049,0.38325,0.31386,0.31287,0.31747,0.31945,0.31517,0.07409,0.07705,0.07803,0.07770,0.07507,-49.29777,3720.00000
0.38424,0.38490,0.39312,0.38260,0.38983,0.31254,0.31386,0.31320,0.31386,0.31320,0.07442,0.07540,0.07606,0.07540,0.07902,-49.29777,3721.00000
0.38720,0.38391,0.39115,0.38917,0.38194,0.31418,0.31155,0.30958,0.31386,0.31155,0.07738,0.07507,0.07606,0.07869,0.07409,-48.32091,3722.00000
0.38819,0.38457,0.38556,0.38983,0.38753,0.31287,0.31484,0.31649,0.31682,0.31879,0.07935,0.07935,0.08099,0.07343,0.07869,-48.32091,3723.00000
0.38194,0.38062,0.38194,0.38786,0.38424,0.31386,0.31320,0.31418,0.31682,0.30991,0.07672,0.07606,0.07705,0.07672,0.07507,-48.34187,3724.00000
0.39016,0.38654,0.38654,0.37964,0.38621,0.31616,0.31550,0.31583,0.31386,0.31780,0.07573,0.07409,0.07376,0.07540,0.07540,-48.34187,3725.00000
0.38621,0.38687,0.39016,0.38589,0.39312,0.31451,0.32043,0.31287,0.31221,0.31386,0.07244,0.07639,0.08001,0.07705,0.07705,-47.74712,3726.00000
0.38424,0.38786,0.38293,0.38556,0.38161,0.31024,0.31846,0.31517,0.32076,0.31616,0.07770,0.07639,0.07738,0.07705,0.07409,-47.74712,3727.00000
0.39049,0.38358,0.38556,0.38358,0.39049,0.31320,0.31254,0.31418,0.31846,0.31912,0.07705,0.07705,0.07409,0.07376,0.07836,-47.39131,3728.00000
0.38358,0.38556,0.38556,0.38293,0.38095,0.31254,0.31583,0.31616,0.32011,0.31353,0.07606,0.07474,0.07573,0.07442,0.07277,-47.39131,3729.00000
0.38029,0.38424,0.38424,0.37997,0.38687,0.31122,0.31682,0.31583,0.31912,0.31879,0.07639,0.07672,0.07869,0.07178,0.07672,-46.60723,3730.00000
0.38885,0.38589,0.38589,0.38852,0.38358,0.31616,0.31616,0.31221,0.31484,0.31353,0.07836,0.07244,0.07376,0.07869,0.07376,-46.60723,3731.00000
0.38720,0.38161,0.38819,0.38621,0.38457,0.31780,0.31747,0.31682,0.31353,0.31188,0.07310,0.07573,0.07770,0.07442,0.07606,-45.09167,3732.00000
0.38621,0.38325,0.38786,0.38983,0.38621,0.30958,0.31353,0.31550,0.31254,0.31320,0.07639,0.07836,0.07606,0.07836,0.07474,-45.09167,3733.00000
0.37997,0.38720,0.38358,0.38457,0.38687,0.31451,0.31451,0.31451,0.31353,0.31221,0.07409,0.07442,0.07902,0.07310,0.07606,-44.89184,3734.00000
0.38062,0.38589,0.38325,0.38457,0.39049,0.31254,0.31155,0.31386,0.31682,0.31155,0.07409,0.07869,0.07672,0.07573,0.07540,-44.89184,3735.00000
0.38819,0.37931,0.38654,0.38917,0.38457,0.31418,0.31583,0.31715,0.31122,0.31320,0.07606,0.07639,0.07310,0.07770,0.07705,-44.79117,3736.00000
0.38917,0.38161,0.38391,0.38490,0.38654,0.31090,0.31879,0.31550,0.31254,0.31254,0.07540,0.07672,0.07705,0.07343,0.07770,-44.79117,3737.00000
0.38227,0.37931,0.39312,0.38523,0.38293,0.31649,0.31090,0.31320,0.31550,0.31484,0.07376,0.07540,0.07474,0.07836,0.07244,-46.05870,3738.00000
0.39509,0.38490,0.38358,0.38523,0.38260,0.30826,0.31057,0.31682,0.31715,0.31583,0.07869,0.07474,0.07540,0.07803,0.07507,-46.05870,3739.00000
0.38227,0.38325,0.38194,0.38621,0.38556,0.31386,0.31682,0.31386,0.31616,0.31682,0.07902,0.07705,0.07869,0.07507,0.07310,-46.71491,3740.00000
0.38556,0.38885,0.38457,0.38424,0.38621,0.31616,0.31221,0.31418,0.31188,0.31649,0.07770,0.07672,0.07606,0.07442,0.07343,-46.71491,3741.00000
0.38654,0.38523,0.38589,0.38523,0.38424,0.31484,0.31484,0.31682,0.31418,0.31386,0.07770,0.07639,0.07738,0.07705,0.07442,-46.66411,3742.00000
0.38424,0.38687,0.38194,0.39016,0.38621,0.31616,0.31945,0.31616,0.31418,0.31386,0.07376,0.07672,0.07244,0.07474,0.07836,-46.66411,3743.00000
0.38852,0.38589,0.38589,0.37898,0.38983,0.31484,0.31682,0.31386,0.31484,0.31122,0.07343,0.07803,0.07935,0.07902,0.07573,-46.94599,3744.00000
0.38950,0.38687,0.38391,0.38556,0.38161,0.30925,0.31484,0.31451,0.31912,0.31320,0.07507,0.07113,0.07836,0.07902,0.07836,-46.94599,3745.00000
0.38589,0.38654,0.38621,0.38819,0.38753,0.31682,0.31780,0.31386,0.31517,0.31221,0.07507,0.07672,0.07639,0.07343,0.06948,-47.44316,3746.00000
0.38161,0.38621,0.38786,0.39049,0.38391,0.31682,0.31682,0.31517,0.31649,0.31747,0.07442,0.07540,0.07409,0.07836,0.07770,-47.44316,3747.00000
0.38095,0.37898,0.38983,0.38753,0.38490,0.31254,0.31945,0.31682,0.31715,0.31451,0.07770,0.07639,0.07047,0.07738,0.07705,-47.36120,3748.00000
0.38983,0.37832,0.39049,0.37766,0.38490,0.31780,0.31945,0.31451,0.31451,0.31353,0.07442,0.07343,0.07968,0.07738,0.07573,-47.36120,3749.00000
0.38490,0.38227,0.39049,0.38029,0.38720,0.31747,0.31024,0.31945,0.31978,0.31715,0.07442,0.07507,0.07836,0.07705,0.07211,-47.16658,3750.00000
0.37931,0.39279,0.38786,0.38917,0.38490,0.31583,0.31813,0.31846,0.31418,0.31912,0.07738,0.08066,0.07902,0.07277,0.07474,-47.16658,3751.00000
0.39213,0.38391,0.38293,0.39115,0.38687,0.31583,0.31418,0.31287,0.31649,0.31451,0.08034,0.07705,0.07968,0.07573,0.07244,-48.11431,3752.00000
0.38753,0.38556,0.38391,0.38391,0.38358,0.31583,0.31682,0.31418,0.31978,0.31583,0.07343,0.07606,0.07606,0.07540,0.07902,-48.11431,3753.00000
0.38490,0.38621,0.38490,0.38523,0.38293,0.31155,0.31484,0.31682,0.31090,0.31057,0.07244,0.07705,0.07540,0.07672,0.07474,-48.39294,3754.00000
0.38128,0.38819,0.38720,0.38819,0.38753,0.31879,0.31583,0.31353,0.31024,0.31682,0.07507,0.07639,0.07705,0.07409,0.07606,-48.39294,3755.00000
0.38983,0.38819,0.38523,0.38917,0.38490,0.31451,0.31221,0.31188,0.31517,0.31418,0.07672,0.07738,0.07836,0.07869,0.07376,-48.37524,3756.00000
0.38424,0.38457,0.38654,0.38720,0.38720,0.31780,0.30925,0.32142,0.31287,0.31353,0.07672,0.07244,0.07803,0.07935,0.07573,-48.37524,3757.00000
0.38556,0.38556,0.38161,0.38983,0.38457,0.31550,0.31155,0.31682,0.31517,0.31682,0.07836,0.07738,0.07639,0.07310,0.07507,-48.59944,3758.00000
0.38753,0.38983,0.38227,0.38983,0.38983,0.31813,0.31418,0.31583,0.31188,0.31780,0.07902,0.07672,0.07738,0.07442,0.07705,-48.59944,3759.00000
0.38720,0.38293,0.38654,0.38194,0.39016,0.31780,0.31320,0.31517,0.31616,0.31682,0.07442,0.07738,0.07507,0.07376,0.07573,-48.90354,3760.00000
0.38490,0.38621,0.38358,0.38589,0.38786,0.31583,0.31649,0.31484,0.31747,0.31287,0.07639,0.07968,0.07836,0.07244,0.07540,-48.90354,3761.00000
0.38621,0.38687,0.38589,0.38950,0.38556,0.31254,0.31155,0.32043,0.31287,0.31846,0.07409,0.07409,0.07277,0.07409,0.07474,-49.03953,3762.00000
0.38523,0.38753,0.38556,0.38358,0.38983,0.31287,0.30925,0.31451,0.31616,0.31912,0.07540,0.07672,0.07836,0.07803,0.07770,-49.03953,3763.00000
0.38194,0.38293,0.39148,0.38391,0.38753,0.31254,0.31517,0.31616,0.31780,0.31912,0.08264,0.07639,0.07738,0.07540,0.07672,-49.03091,3764.00000
0.38194,0.38917,0.38227,0.39213,0.38556,0.31418,0.31682,0.31484,0.31418,0.31616,0.07672,0.07705,0.07672,0.07803,0.07803,-49.03091,3765.00000
0.38852,0.38786,0.38358,0.38556,0.38062,0.31879,0.31287,0.31451,0.31320,0.31945,0.07507,0.07376,0.07507,0.07672,0.07639,-48.29763,3766.00000
0.38687,0.38556,0.38720,0.38786,0.38227,0.31846,0.31188,0.31254,0.31978,0.30761,0.07409,0.07705,0.07705,0.07869,0.07902,-48.29763,3767.00000
0.39312,0.38293,0.38062,0.38589,0.38062,0.31188,0.31715,0.31155,0.31320,0.31418,0.07376,0.07738,0.07376,0.07606,0.07672,-47.89340,3768.00000
0.38490,0.38621,0.38720,0.38095,0.38819,0.31451,0.30794,0.31418,0.31221,0.31320,0.07705,0.07869,0.07540,0.07474,0.07836,-47.89340,3769.00000
0.38819,0.38391,0.38325,0.38753,0.38358,0.31353,0.31715,0.31846,0.31616,0.31517,0.07474,0.07540,0.07968,0.07803,0.07639,-47.39606,3770.00000
0.38391,0.38457,0.38687,0.39148,0.38983,0.31550,0.31978,0.31418,0.31517,0.31386,0.07803,0.07474,0.07277,0.07442,0.07343,-47.39606,3771.00000
0.38621,0.38161,0.38720,0.38457,0.38720,0.31320,0.31879,0.31747,0.31320,0.31418,0.07639,0.07474,0.07803,0.07672,0.07606,-47.99711,3772.00000
0.38424,0.38358,0.38424,0.38885,0.38457,0.31912,0.31221,0.31353,0.31616,0.31221,0.07803,0.07540,0.07507,0.07211,0.07705,-47.99711,3773.00000
0.38556,0.38227,0.38391,0.38293,0.38720,0.31583,0.31287,0.31320,0.31550,0.31682,0.07540,0.07047,0.07442,0.07672,0.07606,-47.19339,3774.00000
0.39049,0.38852,0.38325,0.38621,0.38621,0.31550,0.31386,0.31418,0.31287,0.31353,0.07507,0.07474,0.07540,0.07672,0.07869,-47.19339,3775.00000
0.38786,0.38885,0.38293,0.38753,0.38654,0.31484,0.31550,0.31320,0.31451,0.31155,0.07277,0.07738,0.07606,0.07705,0.07606,-47.03029,3776.00000
0.38654,0.38161,0.38654,0.38720,0.38589,0.31353,0.31320,0.31090,0.31221,0.31747,0.07672,0.07639,0.07507,0.07639,0.07606,-47.03029,3777.00000
0.39148,0.38885,0.38523,0.38786,0.38589,0.31386,0.31649,0.31583,0.32011,0.31550,0.07738,0.07442,0.07803,0.07738,0.07869,-47.83139,3778.00000
0.39279,0.38490,0.39181,0.38325,0.38852,0.31386,0.31353,0.31879,0.32175,0.31122,0.07540,0.07409,0.07672,0.07968,0.07705,-47.83139,3779.00000
0.38753,0.38589,0.38556,0.38424,0.37964,0.31386,0.31188,0.31155,0.31090,0.31320,0.07442,0.07606,0.07409,0.07343,0.07639,-47.71442,3780.00000
0.38293,0.38917,0.38917,0.38325,0.38227,0.31221,0.31287,0.31846,0.31418,0.31418,0.07770,0.07507,0.07474,0.07869,0.07968,-47.71442,3781.00000
0.38128,0.38917,0.39082,0.38950,0.38391,0.31846,0.31451,0.31024,0.31353,0.31057,0.07606,0.07310,0.07902,0.07902,0.07672,-48.27283,3782.00000
0.38654,0.38325,0.38490,0.38424,0.38358,0.31057,0.31122,0.31024,0.31188,0.31715,0.07343,0.07343,0.07442,0.07343,0.07606,-48.27283,3783.00000
0.39049,0.38260,0.38424,0.39049,0.39016,0.31418,0.31517,0.31418,0.31221,0.31353,0.07770,0.07310,0.07738,0.07376,0.07573,-48.26912,3784.00000
0.38687,0.38556,0.39049,0.38227,0.39181,0.31451,0.31386,0.31846,0.31024,0.31583,0.07968,0.07507,0.07507,0.07474,0.07606,-48.26912,3785.00000
0.38490,0.38589,0.38819,0.38753,0.38687,0.31287,0.31583,0.32208,0.31682,0.31517,0.07474,0.07770,0.07803,0.07869,0.07310,-48.57590,3786.00000
0.38983,0.38819,0.38490,0.38523,0.38819,0.31583,0.31649,0.31418,0.31386,0.31583,0.07474,0.07343,0.07442,0.07705,0.07869,-48.57590,3787.00000
0.38556,0.38523,0.38556,0.38490,0.39707,0.31451,0.31846,0.31813,0.31320,0.31122,0.07902,0.07705,0.07606,0.07409,0.07803,-48.61929,3788.00000
0.38490,0.38786,0.38621,0.38687,0.38457,0.31550,0.31517,0.30892,0.31418,0.31320,0.07507,0.07836,0.07606,0.07770,0.07573,-48.61929,3789.00000
0.38358,0.37964,0.38654,0.38227,0.38950,0.31353,0.31287,0.31616,0.31287,0.31353,0.07672,0.07540,0.07573,0.07343,0.07540,-48.81422,3790.00000
0.38128,0.38621,0.38786,0.38391,0.38358,0.31879,0.31451,0.31780,0.31090,0.31386,0.07606,0.07573,0.07573,0.07474,0.08099,-48.81422,3791.00000
0.38457,0.38621,0.38819,0.38621,0.38391,0.31320,0.31649,0.31517,0.31418,0.31616,0.07507,0.07770,0.07639,0.07770,0.07474,-48.60076,3792.00000
0.38885,0.39246,0.38358,0.38293,0.38753,0.31978,0.31517,0.31978,0.31418,0.31616,0.08034,0.07639,0.07573,0.07573,0.07606,-48.60076,3793.00000
0.38095,0.38950,0.38325,0.38852,0.38917,0.31682,0.31517,0.31353,0.32011,0.31780,0.07606,0.07606,0.07474,0.07606,0.07836,-47.68534,3794.00000
0.38325,0.38654,0.38621,0.38490,0.38029,0.31517,0.31024,0.31287,0.31583,0.31418,0.07244,0.07639,0.07409,0.07376,0.07968,-47.68534,3795.00000
0.38786,0.38983,0.38457,0.38490,0.38852,0.31484,0.31550,0.31155,0.31090,0.31090,0.07606,0.07442,0.07606,0.07606,0.07770,-47.32896,3796.00000
0.39082,0.38852,0.38424,0.38556,0.38687,0.31517,0.31386,0.31418,0.31583,0.31090,0.07540,0.07376,0.07770,0.07474,0.07507,-47.32896,3797.00000
0.38786,0.38523,0.38161,0.38654,0.38358,0.31813,0.31517,0.31484,0.31846,0.31517,0.07672,0.07672,0.07770,0.07507,0.07935,-44.38142,3798.00000
0.38556,0.38819,0.39148,0.38358,0.38424,0.31879,0.31780,0.31682,0.31649,0.30991,0.07573,0.07540,0.07573,0.07672,0.07803,-44.38142,3799.00000
0.38753,0.39279,0.38095,0.39115,0.37898,0.31353,0.31715,0.31616,0.31550,0.31682,0.07474,0.07507,0.07672,0.07474,0.07540,-43.18299,3800.00000
0.38786,0.38819,0.38621,0.39082,0.38391,0.31451,0.32076,0.31386,0.31451,0.31254,0.08034,0.07409,0.07836,0.07573,0.07770,-43.18299,3801.00000
0.37931,0.38786,0.38523,0.38786,0.38457,0.31386,0.31353,0.31320,0.31879,0.31583,0.07738,0.07738,0.07376,0.07770,0.07705,-43.37688,3802.00000
0.38523,0.38358,0.38062,0.39181,0.38358,0.31287,0.31155,0.31188,0.31649,0.31484,0.07738,0.07803,0.07672,0.07935,0.07146,-43.37688,3803.00000
0.38457,0.39411,0.38062,0.38589,0.37931,0.31451,0.31221,0.31583,0.31254,0.31616,0.07672,0.07902,0.07705,0.07310,0.07540,-44.81798,3804.00000
0.37997,0.38687,0.39312,0.38424,0.38786,0.31386,0.31353,0.31221,0.31583,0.31682,0.07705,0.07178,0.07474,0.07573,0.08034,-44.81798,3805.00000
0.38654,0.38983,0.38227,0.38852,0.38852,0.31090,0.31517,0.31418,0.31780,0.31155,0.07836,0.07442,0.07836,0.07573,0.07869,-45.69571,3806.00000
0.38917,0.38819,0.38194,0.38687,0.38227,0.31945,0.31649,0.31254,0.31517,0.31682,0.07968,0.07639,0.07343,0.07968,0.07672,-45.69571,3807.00000
0.38589,0.38457,0.38161,0.39016,0.38457,0.31780,0.31813,0.31846,0.31254,0.31353,0.07376,0.07968,0.07705,0.07507,0.07869,-46.68288,3808.00000
0.38424,0.38194,0.38556,0.38753,0.38523,0.32142,0.31616,0.32175,0.32109,0.31945,0.07507,0.07376,0.07705,0.07409,0.07573,-46.68288,3809.00000
0.39148,0.38556,0.38490,0.38753,0.38753,0.31715,0.31517,0.31682,0.31451,0.32043,0.07343,0.07770,0.07705,0.07310,0.07738,-47.21242,3810.00000
0.38852,0.38819,0.39016,0.38885,0.38819,0.31451,0.31484,0.31550,0.31386,0.31418,0.07376,0.07442,0.07803,0.07869,0.07738,-47.21242,3811.00000
0.37766,0.39148,0.38720,0.38062,0.39246,0.31649,0.31879,0.31254,0.31813,0.30958,0.07540,0.07836,0.07277,0.07869,0.07639,-47.77703,3812.00000
0.38457,0.38391,0.38753,0.38753,0.38325,0.31780,0.31090,0.31221,0.31550,0.31386,0.07672,0.07606,0.07639,0.07507,0.07836,-47.77703,3813.00000
0.37931,0.38852,0.39049,0.38819,0.37733,0.31747,0.31386,0.31649,0.31780,0.31418,0.07606,0.07968,0.07606,0.07573,0.07474,-48.24784,3814.00000
0.38621,0.39411,0.38786,0.38260,0.38457,0.31517,0.31846,0.31715,0.31418,0.31813,0.08001,0.07606,0.07507,0.07770,0.07705,-48.24784,3815.00000
0.38589,0.38457,0.38852,0.38227,0.39148,0.31155,0.31780,0.31451,0.31451,0.31517,0.07639,0.07343,0.07474,0.07672,0.07606,-48.00019,3816.00000
0.38654,0.39181,0.38523,0.38523,0.38621,0.31616,0.31846,0.31616,0.31846,0.31386,0.07442,0.07178,0.07639,0.07770,0.07705,-48.00019,3817.00000
0.39411,0.37865,0.38720,0.37997,0.38885,0.31649,0.31418,0.31682,0.31090,0.31418,0.07738,0.07705,0.07507,0.07705,0.07672,-48.24036,3818.00000
0.38621,0.38194,0.38490,0.38128,0.38885,0.31484,0.31484,0.31254,0.31451,0.31155,0.07606,0.07376,0.07376,0.07770,0.07310,-48.24036,3819.00000
0.38917,0.38293,0.38950,0.38654,0.38885,0.31386,0.31682,0.31583,0.31616,0.30892,0.07507,0.07803,0.07639,0.07540,0.07639,-48.30444,3820.00000
0.38490,0.38621,0.38457,0.38358,0.38358,0.31583,0.30662,0.31418,0.31747,0.31517,0.07474,0.07738,0.07474,0.07803,0.07540,-48.30444,3821.00000
0.38490,0.38819,0.38589,0.38589,0.39115,0.31386,0.31616,0.31254,0.31057,0.31583,0.07409,0.07244,0.07277,0.07639,0.07705,-48.28695,3822.00000
0.38983,0.38424,0.38720,0.38424,0.38227,0.31879,0.31221,0.31320,0.31418,0.31353,0.07310,0.07507,0.07803,0.07409,0.07836,-48.28695,3823.00000
0.38852,0.39082,0.38358,0.39016,0.38062,0.31287,0.31188,0.31418,0.31879,0.31715,0.07573,0.07540,0.07968,0.07606,0.07474,-48.61708,3824.00000
0.38391,0.38424,0.38490,0.38161,0.38227,0.30958,0.31682,0.31320,0.31386,0.31287,0.07442,0.07474,0.07705,0.07573,0.07639,-48.61708,3825.00000
0.38523,0.38950,0.38358,0.38687,0.37898,0.32142,0.31254,0.31616,0.31155,0.31649,0.07705,0.07442,0.07573,0.07639,0.07770,-48.29355,3826.00000
0.38358,0.38819,0.38523,0.38786,0.38654,0.31418,0.31287,0.31616,0.31451,0.31616,0.07836,0.07409,0.07705,0.07606,0.07639,-48.29355,3827.00000
0.38983,0.39115,0.38852,0.39082,0.38490,0.31353,0.31418,0.31024,0.31715,0.31583,0.07409,0.07442,0.07376,0.07672,0.07902,-48.68984,3828.00000
0.38391,0.38950,0.37997,0.38424,0.38194,0.31550,0.31451,0.31090,0.31090,0.31583,0.07606,0.07738,0.07836,0.07606,0.07442,-48.68984,3829.00000
0.38621,0.38523,0.38917,0.38062,0.39049,0.31451,0.31484,0.31221,0.31550,0.31386,0.07442,0.07803,0.07770,0.07573,0.07409,-48.56015,3830.00000
0.39115,0.38490,0.38819,0.38358,0.38358,0.31484,0.31353,0.31747,0.31682,0.31649,0.07738,0.07573,0.07836,0.07540,0.07705,-48.56015,3831.00000
0.38556,0.38852,0.38128,0.38687,0.38227,0.31583,0.31747,0.31583,0.31517,0.31747,0.07540,0.07770,0.07935,0.07376,0.07606,-48.21165,3832.00000
0.38128,0.37898,0.38720,0.38556,0.38983,0.31418,0.32043,0.31188,0.31353,0.31813,0.07738,0.08066,0.07211,0.07803,0.07573,-48.21165,3833.00000
0.38687,0.38556,0.38720,0.39115,0.38260,0.31616,0.31583,0.31254,0.31550,0.31122,0.07409,0.07935,0.07310,0.07409,0.07836,-47.69286,3834.00000
0.38786,0.38950,0.38457,0.39049,0.38917,0.31583,0.31945,0.31484,0.31418,0.31418,0.07409,0.07540,0.07803,0.07343,0.07442,-47.69286,3835.00000
0.38227,0.37997,0.38753,0.38391,0.38654,0.31747,0.31353,0.31583,0.31682,0.31583,0.07540,0.07343,0.07474,0.07507,0.07310,-47.09146,3836.00000
0.38556,0.38654,0.38325,0.38589,0.38556,0.31879,0.31583,0.31451,0.31320,0.31386,0.07606,0.07968,0.07540,0.07343,0.07606,-47.09146,3837.00000
0.38819,0.39115,0.38490,0.38391,0.38325,0.31550,0.31418,0.31649,0.31715,0.31254,0.07672,0.07770,0.07409,0.07343,0.07639,-47.36436,3838.00000
0.38654,0.39181,0.37964,0.38654,0.37799,0.31418,0.31254,0.31451,0.31155,0.31320,0.07540,0.07442,0.07606,0.07507,0.07409,-47.36436,3839.00000
0.38161,0.38424,0.39115,0.38556,0.37997,0.31418,0.31550,0.31649,0.31484,0.31813,0.07770,0.07836,0.07836,0.07277,0.07902,-47.60163,3840.00000
0.38720,0.38556,0.39246,0.38720,0.38325,0.31649,0.31386,0.31024,0.31846,0.31682,0.07705,0.07409,0.07474,0.07211,0.07869,-47.60163,3841.00000
0.38687,0.38786,0.38589,0.38885,0.38786,0.31682,0.31386,0.30695,0.30859,0.31320,0.07770,0.07705,0.07474,0.07540,0.07639,-47.60356,3842.00000
0.38260,0.38621,0.39181,0.38589,0.37503,0.31780,0.31418,0.31550,0.31484,0.31451,0.07573,0.07474,0.07770,0.07540,0.07672,-47.60356,3843.00000
0.38490,0.38917,0.38227,0.38227,0.38029,0.31813,0.31418,0.31649,0.31649,0.31682,0.07409,0.07639,0.07376,0.07705,0.07902,-47.97594,3844.00000
0.38194,0.38885,0.38786,0.38457,0.38161,0.31353,0.31484,0.31747,0.31517,0.31846,0.07836,0.07409,0.07409,0.07705,0.07211,-47.97594,3845.00000
0.38490,0.38424,0.38983,0.37931,0.38260,0.31155,0.31353,0.31517,0.32109,0.31287,0.07672,0.07902,0.07836,0.07409,0.07770,-48.24373,3846.00000
0.39148,0.38260,0.38589,0.38917,0.38654,0.31550,0.31846,0.31747,0.31353,0.31649,0.07639,0.07507,0.07409,0.07606,0.07639,-48.24373,3847.00000
0.38556,0.38917,0.38786,0.38852,0.38358,0.31320,0.31649,0.31715,0.31122,0.31353,0.07803,0.07770,0.07935,0.07869,0.07672,-48.19764,3848.00000
0.38194,0.39213,0.39246,0.38161,0.38490,0.31353,0.31484,0.31715,0.31682,0.32043,0.07639,0.07442,0.07409,0.07376,0.07507,-48.19764,3849.00000
0.38621,0.38260,0.38457,0.38786,0.38490,0.31254,0.31451,0.31879,0.31484,0.31287,0.08034,0.07178,0.07442,0.07573,0.07869,-48.31991,3850.00000
0.38490,0.38391,0.38589,0.38917,0.38556,0.31122,0.31616,0.31846,0.31254,0.31780,0.07573,0.07507,0.08066,0.07705,0.07639,-48.31991,3851.00000
0.38457,0.37964,0.38325,0.39049,0.38424,0.31649,0.31451,0.30991,0.31254,0.31221,0.07705,0.07474,0.07606,0.07935,0.07738,-49.46425,3852.00000
0.39115,0.38260,0.38490,0.38917,0.38556,0.31353,0.31682,0.31386,0.31550,0.31747,0.07507,0.07705,0.07902,0.07902,0.07474,-49.46425,3853.00000
0.38556,0.38523,0.38227,0.37964,0.38391,0.31583,0.31945,0.31287,0.31517,0.31780,0.07705,0.07606,0.07573,0.07803,0.07474,-49.33847,3854.00000
0.38325,0.38885,0.38589,0.38654,0.39016,0.31386,0.31616,0.31780,0.31188,0.31353,0.07507,0.07573,0.07672,0.07672,0.07639,-49.33847,3855.00000
0.38457,0.38128,0.38358,0.38325,0.39575,0.31320,0.31451,0.31484,0.31616,0.31682,0.07540,0.07573,0.07869,0.07409,0.07409,-49.12278,3856.00000
0.38589,0.38358,0.38753,0.38523,0.37898,0.31682,0.30991,0.31418,0.31188,0.31353,0.07507,0.08066,0.07540,0.07705,0.07902,-49.12278,3857.00000
0.38556,0.38556,0.37832,0.38885,0.38457,0.31912,0.31484,0.31386,0.31188,0.31715,0.07902,0.07343,0.07442,0.07935,0.07474,-49.05712,3858.00000
0.38885,0.39082,0.38095,0.38227,0.38227,0.31386,0.31550,0.31188,0.31320,0.31287,0.07738,0.07672,0.07869,0.07474,0.07178,-49.05712,3859.00000
0.38621,0.37931,0.38819,0.38161,0.38490,0.31682,0.31682,0.31550,0.31353,0.31155,0.07244,0.07310,0.07409,0.07540,0.07606,-48.72525,3860.00000
0.37997,0.38523,0.37898,0.39115,0.38654,0.31715,0.31484,0.31616,0.31221,0.30958,0.07540,0.07376,0.07442,0.07902,0.07738,-48.72525,3861.00000
0.38950,0.38095,0.38621,0.38852,0.37997,0.31221,0.31682,0.31353,0.31188,0.31320,0.07540,0.07573,0.07639,0.07442,0.07343,-48.20616,3862.00000
0.38128,0.39049,0.38424,0.38260,0.38687,0.31353,0.31254,0.31386,0.31254,0.32043,0.07672,0.07573,0.07573,0.07507,0.07244,-48.20616,3863.00000
0.38523,0.38753,0.38194,0.38885,0.38424,0.31583,0.31287,0.31057,0.31320,0.31221,0.07968,0.07507,0.07606,0.07573,0.07902,-48.19050,3864.00000
0.38621,0.38687,0.38687,0.38194,0.38325,0.31386,0.31583,0.31616,0.31912,0.31484,0.07606,0.07705,0.07935,0.07540,0.07705,-48.19050,3865.00000
0.38293,0.38819,0.38128,0.38523,0.38819,0.31780,0.31583,0.31254,0.31517,0.31221,0.07672,0.07705,0.07869,0.07836,0.07639,-47.93104,3866.00000
0.38654,0.38556,0.38589,0.38621,0.38391,0.31451,0.31320,0.31353,0.31484,0.31451,0.07672,0.07573,0.07507,0.07573,0.07639,-47.93104,3867.00000
0.38852,0.38687,0.38720,0.39213,0.38720,0.31320,0.31747,0.31386,0.31616,0.31715,0.07738,0.07507,0.07639,0.07507,0.07639,-47.72551,3868.00000
0.38687,0.38819,0.38260,0.38654,0.38325,0.31320,0.31583,0.31254,0.31550,0.31254,0.07770,0.07474,0.07705,0.07474,0.07376,-47.72551,3869.00000
0.37766,0.38589,0.38194,0.38556,0.38457,0.31484,0.31353,0.31122,0.31221,0.31287,0.07277,0.07277,0.07705,0.07836,0.07573,-47.19135,3870.00000
0.39016,0.38621,0.38325,0.38523,0.38227,0.31451,0.31616,0.31484,0.31122,0.31583,0.07540,0.07738,0.07113,0.07639,0.07310,-47.19135,3871.00000
0.38786,0.37964,0.38852,0.38917,0.38819,0.31682,0.31550,0.31682,0.31287,0.31122,0.07836,0.07540,0.07606,0.08001,0.07442,-47.05823,3872.00000
0.38424,0.38391,0.38556,0.38556,0.38062,0.32011,0.31813,0.31024,0.31122,0.31122,0.07606,0.07507,0.07836,0.07738,0.07705,-47.05823,3873.00000
0.38490,0.38687,0.38687,0.38227,0.38194,0.31879,0.31682,0.31747,0.31254,0.31484,0.07672,0.07770,0.07705,0.07540,0.07178,-47.09969,3874.00000
0.38687,0.38917,0.38490,0.38950,0.38293,0.31353,0.31517,0.31550,0.31155,0.31715,0.07902,0.07606,0.07606,0.07409,0.07540,-47.09969,3875.00000
0.38227,0.38753,0.38424,0.38654,0.38325,0.31583,0.31945,0.31649,0.31254,0.31583,0.08001,0.07540,0.07113,0.07507,0.07902,-47.84999,3876.00000
0.38852,0.38885,0.38260,0.38786,0.38753,0.31780,0.31846,0.31353,0.31550,0.31517,0.07409,0.07573,0.07573,0.07540,0.07639,-47.84999,3877.00000
0.38753,0.38950,0.38687,0.39016,0.37931,0.31418,0.31418,0.31418,0.31912,0.31221,0.07705,0.07442,0.07507,0.07935,0.07738,-47.80006,3878.00000
0.38753,0.38720,0.39115,0.38621,0.37733,0.31254,0.31418,0.31682,0.31550,0.31649,0.07310,0.07639,0.07639,0.07376,0.07803,-47.80006,3879.00000
0.39148,0.39016,0.38950,0.38293,0.38161,0.31583,0.31715,0.31386,0.31057,0.31682,0.07836,0.07573,0.07639,0.07540,0.07540,-48.23715,3880.00000
0.38687,0.38589,0.38325,0.38885,0.38523,0.31155,0.31418,0.31418,0.31484,0.31945,0.07442,0.07573,0.06882,0.07540,0.07836,-48.23715,3881.00000
0.39049,0.38095,0.38885,0.38095,0.38720,0.31386,0.31451,0.31418,0.31616,0.31254,0.07639,0.07639,0.07902,0.07639,0.07705,-48.69130,3882.00000
0.38786,0.38358,0.38161,0.38786,0.38490,0.31320,0.31813,0.31418,0.31188,0.31418,0.07507,0.07507,0.07442,0.07705,0.07836,-48.69130,3883.00000
0.38687,0.38424,0.38293,0.38556,0.38424,0.31550,0.31879,0.31682,0.31353,0.31682,0.07639,0.07836,0.07705,0.07606,0.07343,-48.80039,3884.00000
0.38786,0.38161,0.38621,0.38983,0.38786,0.31649,0.31616,0.31550,0.31287,0.31682,0.07573,0.07540,0.07409,0.07672,0.07770,-48.80039,3885.00000
0.38194,0.38819,0.38720,0.38062,0.38983,0.31649,0.31616,0.31353,0.31353,0.31813,0.07409,0.07738,0.07606,0.07474,0.07770,-49.26862,3886.00000
0.38424,0.38490,0.38621,0.38523,0.38227,0.31353,0.31188,0.31780,0.31682,0.31583,0.07540,0.07770,0.07573,0.07507,0.07409,-49.26862,3887.00000
0.38260,0.38194,0.38654,0.38753,0.38358,0.31583,0.31155,0.31484,0.31287,0.31320,0.07836,0.07672,0.07770,0.07639,0.07474,-49.09249,3888.00000
0.38523,0.38391,0.39181,0.38391,0.38490,0.31583,0.31583,0.31846,0.31747,0.31155,0.07935,0.07573,0.08001,0.07935,0.07803,-49.09249,3889.00000
0.38687,0.39082,0.38490,0.38490,0.38523,0.31583,0.31484,0.31155,0.32767,0.31484,0.07803,0.07409,0.07474,0.07540,0.07968,-49.02227,3890.00000
0.39509,0.38589,0.38654,0.38917,0.38523,0.31287,0.31386,0.31879,0.31418,0.31122,0.07540,0.07442,0.07902,0.07409,0.07606,-49.02227,3891.00000
0.38556,0.38490,0.38917,0.38358,0.39049,0.31155,0.31550,0.31879,0.31879,0.31813,0.07738,0.07606,0.07507,0.07968,0.07935,-49.17566,3892.00000
0.38523,0.38950,0.38720,0.38786,0.38589,0.31484,0.31616,0.31879,0.31747,0.31978,0.07902,0.07244,0.07507,0.07442,0.07474,-49.17566,3893.00000
0.38687,0.39049,0.39115,0.38950,0.39049,0.31320,0.31353,0.31715,0.31780,0.31978,0.07474,0.07672,0.07573,0.07738,0.07803,-48.79614,3894.00000
0.39213,0.38720,0.38325,0.38786,0.38358,0.30925,0.31484,0.31780,0.31484,0.31254,0.07507,0.07738,0.07770,0.07409,0.07639,-48.79614,3895.00000
0.38457,0.38128,0.38556,0.38819,0.38260,0.31649,0.31484,0.31879,0.31254,0.31747,0.07672,0.07770,0.07639,0.07606,0.07672,-48.52197,3896.00000
0.39016,0.38983,0.38687,0.38654,0.38029,0.31682,0.31715,0.31188,0.31386,0.31353,0.07803,0.07474,0.07869,0.07474,0.07376,-48.52197,3897.00000
0.39641,0.37799,0.38852,0.38885,0.38621,0.31287,0.31649,0.31188,0.31287,0.31682,0.07244,0.07540,0.07672,0.07639,0.07639,-48.39290,3898.00000
0.38753,0.39016,0.38852,0.38457,0.39115,0.32011,0.31583,0.31287,0.31550,0.31583,0.07573,0.07442,0.07606,0.07869,0.07770,-48.39290,3899.00000
0.38720,0.39312,0.38885,0.38556,0.38062,0.31484,0.31254,0.30892,0.31813,0.31188,0.07606,0.07869,0.07606,0.07672,0.07770,-47.61513,3900.00000
0.38819,0.39279,0.38983,0.38457,0.38786,0.31221,0.31451,0.31616,0.31287,0.31682,0.07836,0.07540,0.08066,0.07639,0.07705,-47.61513,3901.00000
0.38950,0.38556,0.38819,0.39148,0.38161,0.31813,0.31550,0.31715,0.31254,0.31320,0.07672,0.07738,0.07409,0.07540,0.07738,-46.79713,3902.00000
0.38786,0.38720,0.38753,0.38753,0.38490,0.31287,0.31287,0.31254,0.31386,0.31517,0.07803,0.07507,0.07343,0.07639,0.07770,-46.79713,3903.00000
0.38917,0.39773,0.38161,0.38983,0.38885,0.31550,0.30991,0.31484,0.32109,0.31221,0.07803,0.07672,0.07672,0.07968,0.07705,-47.02654,3904.00000
0.38687,0.39575,0.38654,0.38391,0.38621,0.31846,0.32011,0.32142,0.31912,0.31254,0.07738,0.07968,0.07507,0.07442,0.07606,-47.02654,3905.00000
0.39016,0.38260,0.38917,0.38490,0.39181,0.31583,0.31813,0.31353,0.31846,0.31813,0.07178,0.07836,0.07474,0.07770,0.07442,-47.11600,3906.00000
0.38029,0.38161,0.38654,0.38917,0.39082,0.31813,0.30991,0.31879,0.31879,0.31386,0.07803,0.07540,0.07803,0.07803,0.07902,-47.11600,3907.00000
0.38358,0.38424,0.39148,0.38095,0.38753,0.31517,0.31649,0.31780,0.31353,0.31616,0.07376,0.07803,0.07573,0.07277,0.07968,-47.69322,3908.00000
0.38983,0.38621,0.38786,0.39213,0.38852,0.31451,0.31550,0.32076,0.32076,0.31649,0.07672,0.07376,0.07573,0.07738,0.07606,-47.69322,3909.00000
0.38457,0.38621,0.38391,0.38621,0.38819,0.31320,0.32142,0.31616,0.31188,0.31353,0.07146,0.07902,0.07573,0.07803,0.07507,-48.31892,3910.00000
0.38589,0.38917,0.38786,0.38260,0.38753,0.31451,0.31484,0.31517,0.31287,0.31353,0.07507,0.07540,0.07606,0.07343,0.07573,-48.31892,3911.00000
0.38950,0.38720,0.38358,0.38950,0.38424,0.31386,0.31715,0.31583,0.31320,0.31484,0.08132,0.07869,0.07738,0.07803,0.07573,-48.43982,3912.00000
0.38358,0.38621,0.38950,0.38556,0.38161,0.31287,0.31353,0.31386,0.31682,0.31780,0.07606,0.07343,0.07935,0.07573,0.07705,-48.43982,3913.00000
0.39049,0.38983,0.38325,0.38293,0.38523,0.31418,0.31912,0.31221,0.31583,0.31418,0.07869,0.07409,0.07770,0.07606,0.07409,-48.52206,3914.00000
0.38490,0.38227,0.38161,0.38161,0.38358,0.31386,0.31715,0.31484,0.31451,0.30958,0.07869,0.07573,0.07442,0.07639,0.07343,-48.52206,3915.00000
0.38852,0.38687,0.38621,0.38753,0.38687,0.31682,0.31616,0.32011,0.31649,0.31517,0.07902,0.07902,0.07770,0.07869,0.07803,-48.65989,3916.00000
0.38983,0.38621,0.38917,0.38589,0.38424,0.31090,0.31254,0.31649,0.31813,0.31517,0.07770,0.07507,0.07507,0.07606,0.07540,-48.65989,3917.00000
0.38983,0.38687,0.38753,0.38358,0.39115,0.31583,0.31813,0.31320,0.31287,0.31912,0.08034,0.07540,0.07343,0.07310,0.07474,-48.46694,3918.00000
0.38095,0.39082,0.39115,0.38654,0.38654,0.31451,0.31517,0.30958,0.32011,0.31386,0.07442,0.07738,0.07639,0.07639,0.07869,-48.46694,3919.00000
0.38062,0.38983,0.38885,0.38917,0.39049,0.31418,0.31649,0.31780,0.31353,0.31386,0.07705,0.07968,0.07409,0.07507,0.07836,-48.33180,3920.00000
0.38556,0.38753,0.38852,0.38589,0.39082,0.31386,0.31616,0.31353,0.31747,0.31780,0.07705,0.07738,0.07968,0.07573,0.08165,-48.33180,3921.00000
0.38786,0.39049,0.38753,0.38654,0.38885,0.31155,0.31813,0.31846,0.31583,0.31254,0.07869,0.07770,0.07639,0.07836,0.07244,-48.08709,3922.00000
0.38260,0.38589,0.38293,0.38654,0.38260,0.31155,0.31155,0.31188,0.31682,0.31747,0.07672,0.08001,0.07672,0.07705,0.07474,-48.08709,3923.00000
0.38687,0.38260,0.38852,0.38885,0.38720,0.31451,0.31550,0.31254,0.31122,0.31550,0.07672,0.07770,0.07310,0.07540,0.07409,-48.29992,3924.00000
0.38457,0.38720,0.38227,0.38885,0.38325,0.31320,0.31418,0.31418,0.31747,0.31517,0.07474,0.07836,0.07770,0.07639,0.07803,-48.29992,3925.00000
0.38523,0.38260,0.39213,0.38819,0.38852,0.31682,0.31353,0.31649,0.31649,0.31583,0.07672,0.07836,0.08001,0.07606,0.07672,-48.10001,3926.00000
0.39049,0.39049,0.38490,0.38753,0.38720,0.31715,0.31386,0.31287,0.31188,0.31353,0.07409,0.07803,0.07869,0.07146,0.07442,-48.10001,3927.00000
0.38621,0.37865,0.38358,0.39148,0.38457,0.31418,0.31418,0.31353,0.31320,0.31583,0.07474,0.07639,0.07310,0.07606,0.07869,-48.05626,3928.00000
0.38687,0.38654,0.38753,0.38260,0.38062,0.31583,0.31484,0.31682,0.30958,0.31517,0.07869,0.07573,0.07705,0.07606,0.07869,-48.05626,3929.00000
0.38621,0.38885,0.38654,0.38852,0.38325,0.31649,0.31484,0.31550,0.31418,0.31386,0.07573,0.07672,0.07836,0.07540,0.07606,-47.37930,3930.00000
0.38786,0.38161,0.38556,0.39477,0.38852,0.31451,0.31879,0.31418,0.31715,0.31682,0.07376,0.07474,0.07869,0.07474,0.07540,-47.37930,3931.00000
0.38885,0.38852,0.37766,0.38293,0.38687,0.31583,0.31780,0.31780,0.31254,0.31287,0.08034,0.07376,0.07442,0.07409,0.07770,-47.27793,3932.00000
0.37997,0.38556,0.38556,0.38391,0.38654,0.31517,0.31550,0.31386,0.31682,0.31616,0.07573,0.07507,0.07836,0.07606,0.07639,-47.27793,3933.00000
0.38490,0.38753,0.38161,0.38852,0.38654,0.31649,0.31780,0.31583,0.31090,0.31155,0.07836,0.07705,0.07902,0.07770,0.07606,-47.80443,3934.00000
0.38720,0.39016,0.38523,0.38786,0.39016,0.31912,0.31353,0.31583,0.31780,0.31484,0.07376,0.07573,0.07540,0.07442,0.07310,-47.80443,3935.00000
0.38325,0.37470,0.38325,0.38523,0.38753,0.31254,0.31320,0.31254,0.31320,0.31715,0.07935,0.07803,0.07639,0.07343,0.07836,-47.52392,3936.00000
0.38523,0.38358,0.39115,0.38983,0.38654,0.31616,0.31254,0.31846,0.31517,0.31945,0.07705,0.07540,0.07639,0.07442,0.07705,-47.52392,3937.00000
0.38194,0.38753,0.38260,0.38457,0.38325,0.31451,0.31287,0.31517,0.31715,0.31715,0.07672,0.07738,0.07474,0.07606,0.07178,-47.82682,3938.00000
0.38720,0.38391,0.38095,0.38556,0.38786,0.31616,0.31221,0.30991,0.31715,0.31155,0.07836,0.07442,0.07573,0.07442,0.07639,-47.82682,3939.00000
0.39148,0.38325,0.38325,0.38457,0.38819,0.31616,0.31583,0.31616,0.31583,0.31451,0.07968,0.07968,0.07869,0.07705,0.07902,-48.36892,3940.00000
0.38424,0.39213,0.38161,0.38950,0.38293,0.31747,0.31320,0.31649,0.31024,0.31616,0.07803,0.07738,0.07738,0.07639,0.07770,-48.36892,3941.00000
0.38128,0.38720,0.38589,0.38950,0.38424,0.31583,0.31780,0.31386,0.31221,0.31747,0.07606,0.07836,0.07409,0.07902,0.07803,-48.32179,3942.00000
0.38983,0.38391,0.38194,0.38654,0.38950,0.30958,0.31846,0.31320,0.31682,0.31649,0.07672,0.07540,0.07803,0.07277,0.07836,-48.32179,3943.00000
0.38194,0.38260,0.38457,0.38358,0.38260,0.32339,0.31517,0.31780,0.31320,0.31846,0.07606,0.07705,0.07639,0.07573,0.07869,-48.58497,3944.00000
0.38490,0.38556,0.38621,0.38424,0.38687,0.31747,0.31813,0.31682,0.31846,0.31813,0.07573,0.07738,0.07935,0.08066,0.07968,-48.58497,3945.00000
0.38786,0.38424,0.38983,0.38490,0.39312,0.31780,0.31682,0.31945,0.31583,0.31879,0.07836,0.07507,0.07606,0.07836,0.07869,-48.56511,3946.00000
0.38885,0.38917,0.38654,0.39148,0.37898,0.31649,0.31583,0.31221,0.31287,0.31780,0.07869,0.08132,0.08099,0.07606,0.07836,-48.56511,3947.00000
0.38687,0.38983,0.38786,0.38457,0.38720,0.31945,0.31616,0.31451,0.31254,0.31484,0.07738,0.08001,0.07573,0.07606,0.07277,-48.61860,3948.00000
0.38095,0.38490,0.39016,0.38556,0.38358,0.31649,0.31846,0.31320,0.31583,0.31451,0.07705,0.07343,0.07573,0.07573,0.07343,-48.61860,3949.00000
0.38753,0.38621,0.38687,0.38556,0.38260,0.31451,0.31451,0.31353,0.31583,0.31320,0.07770,0.07507,0.07639,0.07902,0.07738,-48.75680,3950.00000
0.38556,0.38095,0.38720,0.38786,0.38325,0.31517,0.31517,0.31418,0.31978,0.31320,0.07705,0.07409,0.07672,0.07738,0.07672,-48.75680,3951.00000
0.38654,0.38819,0.38325,0.38490,0.38983,0.31682,0.31451,0.31879,0.31583,0.31320,0.07573,0.07935,0.07738,0.07836,0.07968,-48.79523,3952.00000
0.39181,0.38457,0.38424,0.38852,0.39082,0.30892,0.31616,0.31616,0.31682,0.31386,0.07540,0.07639,0.07738,0.07935,0.07310,-48.79523,3953.00000
0.38654,0.38687,0.38786,0.38589,0.38260,0.31057,0.32043,0.31616,0.31550,0.31418,0.07705,0.07803,0.07672,0.07606,0.07442,-48.38627,3954.00000
0.39082,0.38325,0.38457,0.38621,0.38753,0.31090,0.31715,0.31550,0.31780,0.31682,0.07836,0.07672,0.07639,0.07935,0.07705,-48.38627,3955.00000
0.39115,0.38589,0.38983,0.38687,0.38687,0.31649,0.31090,0.31484,0.31747,0.31484,0.07672,0.07507,0.07836,0.07705,0.07869,-47.92483,3956.00000
0.38556,0.38589,0.39049,0.38654,0.38852,0.31616,0.31879,0.31517,0.31221,0.31945,0.07869,0.07573,0.07277,0.07803,0.07507,-47.92483,3957.00000
0.39115,0.38720,0.38852,0.38260,0.39345,0.31846,0.31550,0.31484,0.31649,0.31320,0.07639,0.07770,0.07244,0.07606,0.07409,-47.28680,3958.00000
0.38621,0.39016,0.38786,0.38852,0.38556,0.31813,0.31912,0.31320,0.31583,0.31484,0.08034,0.07639,0.07738,0.07573,0.07935,-47.28680,3959.00000
0.38720,0.39016,0.39082,0.38621,0.38753,0.31221,0.31715,0.31484,0.31682,0.31846,0.07836,0.07540,0.08099,0.07310,0.07606,-47.49133,3960.00000
0.38424,0.39181,0.38753,0.38621,0.38885,0.31747,0.31747,0.31517,0.31155,0.31451,0.07409,0.07474,0.07738,0.07770,0.07639,-47.49133,3961.00000
0.38983,0.38490,0.38687,0.38621,0.39082,0.31846,0.31451,0.31484,0.30991,0.31583,0.07540,0.07836,0.07902,0.07738,0.07507,-47.19311,3962.00000
0.38753,0.38161,0.38654,0.39181,0.38358,0.31155,0.31747,0.31155,0.31024,0.31813,0.07376,0.08165,0.07738,0.07474,0.07869,-47.19311,3963.00000
0.38358,0.38983,0.38819,0.38917,0.38786,0.31747,0.31682,0.31320,0.31451,0.31945,0.07803,0.07409,0.07376,0.07738,0.07474,-47.43538,3964.00000
0.38260,0.38293,0.38983,0.38786,0.38424,0.31715,0.31418,0.31649,0.31353,0.31484,0.07639,0.07836,0.08001,0.07869,0.07639,-47.43538,3965.00000
0.38654,0.38523,0.38128,0.38358,0.38424,0.31517,0.31780,0.31386,0.31353,0.31155,0.08132,0.07968,0.07409,0.07869,0.07738,-47.23394,3966.00000
0.38950,0.39115,0.38490,0.38720,0.38260,0.31846,0.32307,0.31879,0.31682,0.31451,0.07474,0.07540,0.07507,0.07639,0.07211,-47.23394,3967.00000
0.38194,0.38819,0.39016,0.38621,0.38424,0.31451,0.31517,0.31517,0.31649,0.30991,0.08165,0.07606,0.07705,0.07474,0.07738,-47.68721,3968.00000
0.38621,0.38786,0.38621,0.38391,0.39246,0.31418,0.31846,0.31583,0.31715,0.31484,0.08001,0.07573,0.07672,0.07705,0.07507,-47.68721,3969.00000
0.38621,0.38819,0.38589,0.38260,0.39148,0.31616,0.31879,0.31649,0.31484,0.31353,0.07409,0.07540,0.07442,0.07507,0.07836,-48.01380,3970.00000
0.39509,0.38753,0.38720,0.38457,0.39115,0.31122,0.31451,0.31122,0.31583,0.31353,0.07442,0.07836,0.07902,0.07705,0.07705,-48.01380,3971.00000
0.38128,0.38227,0.38885,0.38687,0.38819,0.31550,0.31451,0.31747,0.31682,0.31583,0.07738,0.07935,0.07606,0.07869,0.07606,-48.42685,3972.00000
0.39148,0.38161,0.38852,0.39148,0.38391,0.31682,0.32043,0.31550,0.31484,0.31484,0.07672,0.07738,0.07705,0.08066,0.07507,-48.42685,3973.00000
0.39016,0.38556,0.38885,0.38720,0.38391,0.31550,0.31715,0.32011,0.31616,0.31912,0.07770,0.07803,0.07705,0.07474,0.07770,-48.44179,3974.00000
0.38391,0.39049,0.38654,0.38621,0.38621,0.31715,0.31550,0.31320,0.32011,0.31682,0.07770,0.07935,0.07507,0.07639,0.07738,-48.44179,3975.00000
0.38621,0.38490,0.38819,0.38556,0.38687,0.31254,0.31682,0.31846,0.31451,0.31978,0.07639,0.08001,0.07902,0.07672,0.07869,-48.72682,3976.00000
0.39016,0.39115,0.38654,0.38852,0.38325,0.31747,0.31090,0.31945,0.31912,0.31583,0.07409,0.07869,0.07606,0.07836,0.07803,-48.72682,3977.00000
0.38325,0.38556,0.38885,0.38819,0.38358,0.31945,0.31254,0.31090,0.32043,0.31945,0.08034,0.07902,0.08034,0.07902,0.07540,-48.45297,3978.00000
0.38753,0.38819,0.38917,0.38490,0.38917,0.31353,0.31484,0.30925,0.32142,0.31616,0.07869,0.07770,0.07705,0.07540,0.07869,-48.45297,3979.00000
0.38654,0.38654,0.38589,0.38293,0.39279,0.31155,0.31616,0.31583,0.31451,0.31879,0.08034,0.07705,0.07672,0.07770,0.07935,-48.61220,3980.00000
0.38029,0.39148,0.38128,0.38950,0.38457,0.31517,0.31747,0.31813,0.31649,0.31484,0.07770,0.07672,0.07935,0.07705,0.07770,-48.61220,3981.00000
0.38983,0.38260,0.38556,0.39049,0.38819,0.31780,0.31813,0.31780,0.31813,0.31846,0.07540,0.07935,0.07836,0.07442,0.07968,-48.56373,3982.00000
0.38917,0.38260,0.38621,0.38391,0.38654,0.31682,0.31353,0.32011,0.31583,0.31583,0.07705,0.07738,0.07442,0.07540,0.07770,-48.56373,3983.00000
0.38556,0.38654,0.39213,0.38950,0.38917,0.31945,0.31912,0.31550,0.31780,0.31517,0.07836,0.07770,0.07639,0.07573,0.07540,-48.54281,3984.00000
0.38523,0.38753,0.38490,0.38621,0.38523,0.31846,0.31550,0.31320,0.31747,0.31583,0.07639,0.08132,0.07738,0.07540,0.07474,-48.54281,3985.00000
0.38819,0.38917,0.38589,0.38852,0.38457,0.31418,0.31122,0.31353,0.31418,0.31780,0.07606,0.07376,0.07869,0.08001,0.07540,-48.40029,3986.00000
0.38654,0.38687,0.39082,0.39049,0.38358,0.31616,0.31122,0.31418,0.31386,0.31418,0.07639,0.07639,0.07639,0.07376,0.07474,-48.40029,3987.00000
0.38556,0.38523,0.38490,0.39378,0.38227,0.31287,0.31353,0.31188,0.31057,0.31484,0.07606,0.07507,0.07738,0.07770,0.07770,-47.72096,3988.00000
0.38490,0.39181,0.38424,0.38621,0.38786,0.31386,0.31550,0.31583,0.31320,0.31550,0.07738,0.07442,0.07803,0.07672,0.07507,-47.72096,3989.00000
0.39049,0.38457,0.38358,0.38917,0.38424,0.31484,0.31550,0.31583,0.31451,0.31517,0.07672,0.07639,0.07540,0.07639,0.07935,-47.47804,3990.00000
0.38523,0.38786,0.38358,0.38424,0.38358,0.31583,0.31846,0.31155,0.31386,0.31353,0.07540,0.07902,0.07738,0.07672,0.07409,-47.47804,3991.00000
0.38490,0.38786,0.38753,0.38227,0.38490,0.31188,0.31747,0.31550,0.31780,0.30991,0.07507,0.07606,0.07343,0.07770,0.08198,-47.53581,3992.00000
0.38786,0.38260,0.37997,0.39345,0.38227,0.31484,0.31451,0.32011,0.31517,0.31583,0.07540,0.07672,0.07376,0.07639,0.07507,-47.53581,3993.00000
0.38589,0.37997,0.38556,0.37964,0.38753,0.31978,0.32076,0.31583,0.31386,0.31353,0.07409,0.08034,0.07869,0.07738,0.07738,-47.00792,3994.00000
0.38457,0.39016,0.38950,0.38589,0.38654,0.31353,0.31616,0.31484,0.31418,0.31649,0.07244,0.07869,0.07343,0.07343,0.07869,-47.00792,3995.00000
0.39016,0.38621,0.38260,0.38589,0.38753,0.31122,0.31451,0.31418,0.31682,0.32175,0.07770,0.07606,0.07409,0.07935,0.07902,-47.71720,3996.00000
0.39444,0.38490,0.37602,0.38654,0.38687,0.31682,0.31780,0.31386,0.31715,0.31846,0.07343,0.07639,0.07376,0.07343,0.07178,-47.71720,3997.00000
0.38753,0.38819,0.38227,0.38885,0.38589,0.31418,0.31747,0.30859,0.31484,0.31846,0.07705,0.07738,0.07507,0.07573,0.07705,-47.77501,3998.00000
0.38293,0.39082,0.38391,0.38556,0.38852,0.31254,0.31024,0.31912,0.31386,0.31287,0.07540,0.07507,0.07738,0.07573,0.07672,-47.77501,3999.00000
0.38720,0.38720,0.38753,0.38589,0.39181,0.31418,0.30859,0.31616,0.30991,0.31320,0.07376,0.08231,0.07442,0.07573,0.07869,-47.88353,4000.00000
0.38687,0.38917,0.37898,0.38523,0.38654,0.31155,0.31155,0.31386,0.31451,0.31517,0.07935,0.08066,0.07540,0.07672,0.07705,-47.88353,4001.00000
0.38161,0.38062,0.38589,0.39181,0.38852,0.31418,0.30662,0.30794,0.31418,0.31747,0.07606,0.07803,0.07474,0.07474,0.07540,-47.54410,4002.00000
0.38161,0.38983,0.38227,0.38983,0.38589,0.31287,0.31682,0.31583,0.31024,0.31616,0.07803,0.07507,0.07639,0.07573,0.07902,-47.54410,4003.00000
0.38720,0.39049,0.38917,0.38720,0.38194,0.31583,0.31484,0.31616,0.31780,0.31682,0.07639,0.07639,0.07606,0.07770,0.07770,-47.94118,4004.00000
0.39082,0.38621,0.38161,0.38753,0.38293,0.31386,0.31616,0.31945,0.31386,0.31517,0.07869,0.07606,0.07672,0.07507,0.07770,-47.94118,4005.00000
0.38852,0.38391,0.38523,0.38589,0.38654,0.31780,0.31320,0.31484,0.31813,0.31682,0.08066,0.07606,0.07639,0.07639,0.07442,-48.41098,4006.00000
0.38293,0.39279,0.38358,0.38325,0.38621,0.31254,0.31320,0.31945,0.31418,0.31550,0.07376,0.07672,0.07672,0.07803,0.07639,-48.41098,4007.00000
0.38589,0.38786,0.37997,0.39049,0.39444,0.31418,0.31780,0.31188,0.31550,0.31320,0.07343,0.07770,0.08001,0.07705,0.07738,-49.09202,4008.00000
0.37832,0.39312,0.37997,0.38227,0.38589,0.31517,0.31616,0.31418,0.31517,0.31254,0.07968,0.08066,0.07672,0.07672,0.07672,-49.09202,4009.00000
0.38852,0.38819,0.38490,0.38523,0.38391,0.31682,0.31451,0.31386,0.31451,0.31583,0.07803,0.07639,0.07442,0.07606,0.07803,-48.88036,4010.00000
0.38786,0.38687,0.38424,0.38424,0.38194,0.31320,0.31517,0.31517,0.31747,0.31747,0.07935,0.07803,0.07836,0.07573,0.07376,-48.88036,4011.00000
0.38128,0.38194,0.38950,0.38457,0.38490,0.31813,0.31616,0.31155,0.31320,0.31254,0.07507,0.07343,0.07507,0.07639,0.07968,-48.86132,4012.00000
0.38654,0.39115,0.38819,0.38687,0.38424,0.31747,0.31353,0.31616,0.31418,0.31320,0.07573,0.07705,0.07573,0.07705,0.07968,-48.86132,4013.00000
0.38293,0.38523,0.39082,0.38457,0.38490,0.31188,0.31550,0.31649,0.31550,0.31517,0.07606,0.07639,0.08034,0.07803,0.07442,-48.61914,4014.00000
