2.611824072073110625e-01
2.650918477502293702e-01
2.616673973541661091e-01
2.606849285485187684e-01
2.670609637408648540e-01
2.675604044281986726e-01
2.609675656972031410e-01
2.617801499738244275e-01
2.641664538110043980e-01
2.527227686281211527e-01
2.517639484791177051e-01
2.625733816625768213e-01
2.595525567580700965e-01
2.572697241607798113e-01
2.615502402851252461e-01
2.625089638653721469e-01
2.608593145174021855e-01
2.592551210362201153e-01
2.677236337178284242e-01
2.595661692025226785e-01
2.584177389423064630e-01
2.604731318394722384e-01
2.578376596729581305e-01
2.524442141708186371e-01
2.604521620606684573e-01
2.543176429842969877e-01
2.645462836722221045e-01
2.590462366280691375e-01
2.605951480714436830e-01
2.639720074132162475e-01
2.611749530413212672e-01
2.631267853038928295e-01
2.616294182137102187e-01
2.641613690672463544e-01
2.600268886548371405e-01
2.486711345520880023e-01
2.503360209357661237e-01
2.630335414740559430e-01
2.545315246436133383e-01
2.543659461307655745e-01
2.557032917505045466e-01
2.651746646759266524e-01
2.650012027879247722e-01
2.593127697236502494e-01
2.542054705618830290e-01
2.691010357287174082e-01
2.605694049549803770e-01
2.678225812250829008e-01
2.527284898540712033e-01
2.602783404141744694e-01
2.711725033840787780e-01
2.571668021061623288e-01
2.622304837322740334e-01
2.581315709450774376e-01
2.598498601508381078e-01
2.579272112983518883e-01
2.642817438822542830e-01
2.558509755172708733e-01
2.545022382456750831e-01
2.605545518837399932e-01
2.595068372473263718e-01
2.590132739602148404e-01
2.542447591147771191e-01
2.592424416065516324e-01
2.685784801506579389e-01
2.614204962900458784e-01
2.576177470372645328e-01
2.701174816216144747e-01
2.557087217399338641e-01
2.758308252490648260e-01
2.616790639536076823e-01
2.580399041460949561e-01
2.598546854346039936e-01
2.610068593824368399e-01
2.625426233891006711e-01
2.626032854382878146e-01
2.572210846988704502e-01
2.609966154559046347e-01
2.688260467968743295e-01
2.605327240525603938e-01
2.606154645200143283e-01
2.491957299014047333e-01
2.597342832573489302e-01
2.600560065532444565e-01
2.603834192769653444e-01
2.617526363145263324e-01
2.707491341732486401e-01
2.631020568894259504e-01
2.603064033896843044e-01
2.598970196443090019e-01
2.626816863090204457e-01
2.701335981240213235e-01
2.708505370399376666e-01
2.611108241078674008e-01
2.714677641594969715e-01
2.589431199427159602e-01
2.574941483537227516e-01
2.652041306730965053e-01
2.659906845774998585e-01
2.651099522909377559e-01
2.579709392912637456e-01
2.587162202026829227e-01
2.543851899040552311e-01
2.538549576155983423e-01
2.499959913171487524e-01
2.645636456930132718e-01
2.619582019275590312e-01
2.624736396140190386e-01
2.640758682416420311e-01
2.528523458276531466e-01
2.672651763328890984e-01
2.602522623703739102e-01
2.624025516349199894e-01
2.619972010353064928e-01
2.664039806859135884e-01
2.624013406710304919e-01
2.661496077952393846e-01
2.555727651650667176e-01
2.621852300139189684e-01
2.557629793629269122e-01
2.573709046875191087e-01
2.578456291816414447e-01
2.635602039749784242e-01
2.575046702559354306e-01
2.536531997790876791e-01
2.579398029427988348e-01
2.520996864246206615e-01
2.629646345822655995e-01
2.477679700586302713e-01
2.605802417932892023e-01
2.546393815171297259e-01
2.600893366216958102e-01
2.629754530851600158e-01
2.650158407736429300e-01
2.583978013663019713e-01
2.591204032089542419e-01
2.593474672466225539e-01
2.599077845754018679e-01
2.623299717663863384e-01
2.603160580057041762e-01
2.651638902504209194e-01
2.662871264490868084e-01
2.633683680106102543e-01
2.551659268808276759e-01
2.705888751700671335e-01
2.622172368240043294e-01
2.578569168661273836e-01
2.611696432603997087e-01
2.641610156838007373e-01
2.589798006402654340e-01
2.564462370556450099e-01
2.582646854636429512e-01
2.586321754917612070e-01
2.570835493207626610e-01
2.604372992827062028e-01
2.507825678876312581e-01
2.586860363210162772e-01
2.621136466713326341e-01
2.611673616563940925e-01
2.627880361007139398e-01
2.568558665412649655e-01
2.640645808334943778e-01
2.632817030107515999e-01
2.556095819815483727e-01
2.656645137163256010e-01
2.635515631265186731e-01
2.676879481132348748e-01
2.719027784454359220e-01
2.615559703560093596e-01
2.613359147325247656e-01
2.644834242554369719e-01
2.612148946714346609e-01
2.527254844059796945e-01
2.605034813833775331e-01
2.612042151078923791e-01
2.676453504376291037e-01
2.644584866564252956e-01
2.633121585832899347e-01
2.662240672532086849e-01
2.593369131147437168e-01
2.548178632905240826e-01
2.652012757996368153e-01
2.534640586920580141e-01
2.622359768983107409e-01
2.663209511652079864e-01
2.625089638653721469e-01
2.652766605869564809e-01
2.606973095307810739e-01
2.530730263112387357e-01
2.615747584516192048e-01
2.569745544256392678e-01
2.535983912807660001e-01
2.493526081995725285e-01
2.605028434164479711e-01
2.630632462376711334e-01
2.601293543896183724e-01
2.572205824976589450e-01
2.594055469448092177e-01
2.651562701623084717e-01
2.613893173400388403e-01
2.586285859170613377e-01
2.570458189594067577e-01
2.630056578245199006e-01
2.637392794720703759e-01
2.576577004214272160e-01
2.622428861986847992e-01
2.654067886227063910e-01
2.612280033020060177e-01
2.560871762108606897e-01
2.579786008664254338e-01
2.601221824536112393e-01
2.608341491590425720e-01
2.517635393351940754e-01
2.583961861106607305e-01
2.654553282192866903e-01
2.613120492834336561e-01
2.552320284265870987e-01
2.626584250959704825e-01
2.633744012644473331e-01
2.678592336679712638e-01
2.730978967056862383e-01
2.524770587774372577e-01
2.497151754265005963e-01
2.554145314165363057e-01
2.607318468838021874e-01
2.662373442216461328e-01
2.537175594516695165e-01
2.566647166141379222e-01
2.615860051942325293e-01
2.558235993323532687e-01
2.588546385809984973e-01
2.542906618265950991e-01
2.546870444893454821e-01
2.687142840451930970e-01
2.581939714582783818e-01
2.539611176113096835e-01
2.509483210529287467e-01
2.477706401093032196e-01
2.640665725334578884e-01
2.543658961690348219e-01
2.553219437262423952e-01
2.649779200143743130e-01
2.583553840099442334e-01
2.587173947398808682e-01
2.568708113726922426e-01
2.515903829400395475e-01
2.442932069929195094e-01
2.539499198936353008e-01
2.580113177012592351e-01
2.620177110696054190e-01
2.598659511263713973e-01
2.536198982223979992e-01
2.575687970457977705e-01
2.564245047013831713e-01
2.538877388068339069e-01
2.556635105134426600e-01
2.550401689500459979e-01
2.543093745801580097e-01
2.593947373096641140e-01
2.631227636935120628e-01
2.664905252280931891e-01
2.614080398137115235e-01
2.507728334673823833e-01
2.534812324506050540e-01
2.540974487433359519e-01
2.624025865382442202e-01
2.522905849237304099e-01
2.577873938791347963e-01
2.664631204138209197e-01
2.608517082363003836e-01
2.573373241860065219e-01
2.663290682610970350e-01
2.661542324017600047e-01
2.644299158052957899e-01
2.614041615740551050e-01
2.511515745766564889e-01
2.573737328139104608e-01
2.503424394160387312e-01
2.496273308899393806e-01
2.704958315546192593e-01
2.482165790795303473e-01
2.602786718757459927e-01
2.502421107619041685e-01
2.555998240254703791e-01
2.562643212786687719e-01
2.588771119563468837e-01
2.533998660468430586e-01
2.656294320208211213e-01
2.550330045486383646e-01
2.549986105471868103e-01
2.550070959576637430e-01
2.621678351991570954e-01
2.589567157004409315e-01
2.707627950418009521e-01
2.624661930015719791e-01
2.679776372445175636e-01
2.683226963648812080e-01
2.540893444747089891e-01
2.530894751884534832e-01
2.531581998117115595e-01
2.572561609755033007e-01
2.549059289372603843e-01
2.648540388029564374e-01
2.552143331954400129e-01
2.604778705374298786e-01
2.627950936541870730e-01
2.606644019670636969e-01
2.566263096779065056e-01
2.669463669803652239e-01
2.627644724095395401e-01
2.509604872994892211e-01
2.574538074793380482e-01
2.555156206652477446e-01
2.640185036364349758e-01
2.520165479435170774e-01
2.610262248150851949e-01
2.612357091348129212e-01
2.573288987122520632e-01
2.506263624254814748e-01
2.594403212346694243e-01
2.552896291365583381e-01
2.560023503545699186e-01
2.515701837517920203e-01
2.533734399300895945e-01
2.577763282190125294e-01
2.514891877032302547e-01
2.572849205626838720e-01
2.522754632065518643e-01
2.542878970232590463e-01
2.461730642425751792e-01
2.614704432635556186e-01
2.462946473081829846e-01
2.620570995226836897e-01
2.553019486582316366e-01
2.590822919505100796e-01
2.544515107984831048e-01
2.559858587964452536e-01
2.602152674430726620e-01
2.654335047784928125e-01
2.584161495890432980e-01
2.483118555983580833e-01
2.491018565415193953e-01
2.543453965259676042e-01
2.548301329027604645e-01
2.518374302222395889e-01
2.555700110363559596e-01
2.570216587355443894e-01
2.601483528770606179e-01
2.561419394110870384e-01
2.619762817944632505e-01
2.494565752808508841e-01
2.516569223394285459e-01
2.571925528636536673e-01
2.653391270168665161e-01
2.714450577216402927e-01
2.571925528636536118e-01
2.581235846965872494e-01
2.574288704977241715e-01
2.546210889479321171e-01
2.556156711856155117e-01
2.543216086654355723e-01
2.601570429006087593e-01
2.585600286769929590e-01
2.630491859271071875e-01
2.616732332746334322e-01
2.556743212972084067e-01
2.652362583352506076e-01
2.622929804513711716e-01
2.566848662344613508e-01
2.475065839564093984e-01
2.502476950827556834e-01
2.641436445903503349e-01
2.625534534913788742e-01
2.647099512890748740e-01
2.575987320788597490e-01
2.570558166567077363e-01
2.581197740879564995e-01
2.632333636596754234e-01
2.578511669110627458e-01
2.633154552681147287e-01
2.582610956673712654e-01
2.585651186819896141e-01
2.596949721703064040e-01
2.613716043417538271e-01
2.563969616400617046e-01
2.509496902600318324e-01
2.697049455296711695e-01
2.536115439827774098e-01
2.596616464138707392e-01
2.492827975867339119e-01
2.575745698323665955e-01
2.585895380612557304e-01
2.553629809880164081e-01
2.557464888736050157e-01
2.546632383327762650e-01
2.537521195648106964e-01
2.599610601666484944e-01
2.570630755005884893e-01
2.596094863770355698e-01
2.550931331114887901e-01
2.622585384308540601e-01
2.700537657367104716e-01
2.565940990029216828e-01
2.631737434461457470e-01
2.591632825512719118e-01
2.565600808687563128e-01
2.624415909155654036e-01
2.645013149121958063e-01
2.587117863678027874e-01
2.652639230149163030e-01
2.534320019651785660e-01
2.535322161115832751e-01
2.625478890292983758e-01
2.618661441837704107e-01
2.519569189956457622e-01
2.524207190105305920e-01
2.584961036945477852e-01
2.515844876413174669e-01
2.552278619627688094e-01
2.648240140236369777e-01
2.498010647428108300e-01
2.485635883027394744e-01
2.506117730125519971e-01
2.457026684246202963e-01
2.559916006984256365e-01
2.504264510838365987e-01
2.571538269991029968e-01
2.506049564660149942e-01
2.519405801328298833e-01
2.571042407782599959e-01
2.518507484479738934e-01
2.460908231566887594e-01
2.520967196303418034e-01
2.550689695363567711e-01
2.561989557222862368e-01
2.543835055084806562e-01
2.529035371271575183e-01
2.511214261500672174e-01
2.544660368679697027e-01
2.680781460058319632e-01
2.510374813548725270e-01
2.544643344280385633e-01
2.591197289268920012e-01
2.583890969239043822e-01
2.595115784503077005e-01
2.549161733476719705e-01
2.548395282931966710e-01
2.555620991085630345e-01
2.531951378055704582e-01
2.654721130703679988e-01
2.578400197196120680e-01
2.635294620218525119e-01
2.452298525963421683e-01
2.541793567279800325e-01
2.591083804860723205e-01
2.501642418664303813e-01
2.496325731733054776e-01
2.575096979971585043e-01
2.482977648217403743e-01
2.545132546082842229e-01
2.460739509688741333e-01
2.594296315463842650e-01
2.509591434195226900e-01
2.525019431757913879e-01
2.592235118070981281e-01
2.492783338594476705e-01
2.488254593075940602e-01
2.593155741287371807e-01
2.601149302826719079e-01
2.568557904470999409e-01
2.513035968940710019e-01
2.522098504453438861e-01
2.535392680279972000e-01
2.506056990697051456e-01
2.444491409086924361e-01
2.530310874650015807e-01
2.602150830004004156e-01
2.468051780024851372e-01
2.542313899907899244e-01
2.646539386535572413e-01
2.597370812669557716e-01
2.494531054556961280e-01
2.548035245335796284e-01
2.530159187792170861e-01
2.616692164168996082e-01
2.544315883674265755e-01
2.465234914378369446e-01
2.512417524857755713e-01
2.600373507344796442e-01
2.434689232077751619e-01
2.571599652832907701e-01
2.665159868356173356e-01
2.559453011129859679e-01
2.516497847199505311e-01
2.536615784096019066e-01
2.594845229894263694e-01
2.655382222474840237e-01
2.506038548104749242e-01
2.439477214032725327e-01
2.564592980306943382e-01
2.575232590898035578e-01
2.566340991399983507e-01
2.490860936479468157e-01
2.528136949851969573e-01
2.453424060414273189e-01
2.544243354341693686e-01
2.460713993326137106e-01
2.582322239629075145e-01
2.546640054355679972e-01
2.486545855306604436e-01
2.488329580252938156e-01
2.507812848616847168e-01
2.553127441532804798e-01
2.632116565780579509e-01
2.525882586034264854e-01
2.577960218923419089e-01
2.632906082009625615e-01
2.489195338097386079e-01
2.571856235584886741e-01
2.554635320996710424e-01
2.664113812351331378e-01
2.475823345016430199e-01
2.553247118869531596e-01
2.556179898740695844e-01
2.572572734329058863e-01
2.552565058059491632e-01
2.609392475319724514e-01
2.568309621462027126e-01
2.473205891570042225e-01
2.553327854528043561e-01
2.567117242275202549e-01
2.674401986124658737e-01
2.544252688276206764e-01
2.525625795604852786e-01
2.598462557961780384e-01
2.595796326330153114e-01
2.648944339368052292e-01
2.560678649018917619e-01
2.513123473213142445e-01
2.546519420839328252e-01
2.603428004959832953e-01
2.567502680162230821e-01
2.521385170611420978e-01
2.518351316942505358e-01
2.502576618042998136e-01
2.491861935451510912e-01
2.595224162993368111e-01
2.513330901810282292e-01
2.542811379762923707e-01
2.545298897829223472e-01
2.547124594419383214e-01
2.497915908960183229e-01
2.617048710679044654e-01
2.692427206318236954e-01
2.603576444853115679e-01
2.500772861530911606e-01
2.579823061439937559e-01
2.650472475041715792e-01
2.642463540009485912e-01
2.559796531046485413e-01
2.557095751740842138e-01
2.544064178891245476e-01
2.628844445691767562e-01
2.666696049446580785e-01
2.571577901208664807e-01
2.636683225115287743e-01
2.507915093611376434e-01
2.616025439288904297e-01
2.616133013790005735e-01
2.562227751628006200e-01
2.515132390268204343e-01
2.572212438311997640e-01
2.533421626114754077e-01
2.591893243473958885e-01
2.593984735343051184e-01
2.640001833755118432e-01
2.558684326760769512e-01
2.483677336637678257e-01
2.615720332426538230e-01
2.550470178745369298e-01
2.505157486287658553e-01
2.620923157859652575e-01
2.614875187341260121e-01
2.585169717879333695e-01
2.540063765961687592e-01
2.494515412447610991e-01
2.538520289626401971e-01
2.474094071766959613e-01
2.521202990563156665e-01
2.571386894865007045e-01
2.562138887761341577e-01
2.542467348628128510e-01
2.526848010233919140e-01
2.544759253430772805e-01
2.549608095686695663e-01
2.581150389130766332e-01
2.531170441230206070e-01
2.498905898324461916e-01
2.489205871102787293e-01
2.563081663778883357e-01
2.535524073642446141e-01
2.555779455051973570e-01
2.631547892938435607e-01
2.469823407954406524e-01
2.578011169015613779e-01
2.572024162476490017e-01
2.439045539345283120e-01
2.535673088006981102e-01
2.487534969341844704e-01
2.495493897073112755e-01
2.472117266768268651e-01
2.539547184790712508e-01
2.564172660446275009e-01
2.554711376633072017e-01
2.482875198117123205e-01
2.485702805448570807e-01
2.498787502301584307e-01
2.553554005781491498e-01
2.576230137638921280e-01
2.576014908376804136e-01
2.560036558364061077e-01
2.563616373009006133e-01
2.559374320527552649e-01
2.529861550068308595e-01
2.533057541983717575e-01
2.548104038180163400e-01
2.545613563456466943e-01
2.550944318067538408e-01
2.508707918739821463e-01
2.501737209309573551e-01
2.535299294413893012e-01
2.572344093255273800e-01
2.581696688559579345e-01
2.596677948280124992e-01
2.536402793163933245e-01
2.466473822129904847e-01
2.514047749456010394e-01
2.589196527950488602e-01
2.405221707684937482e-01
2.459251147893385114e-01
2.541744908892190069e-01
2.583507351243392036e-01
2.520535258632892739e-01
2.543453965259676597e-01
2.539503792676485738e-01
2.546187500186738450e-01
2.485595002953432942e-01
2.515809108067544320e-01
2.532500299901305207e-01
2.491764188699198967e-01
2.491088273590560398e-01
2.533852182064649794e-01
2.509604872994892211e-01
2.490950542434035853e-01
2.582233028951314013e-01
2.595411864305626759e-01
2.526671027873507724e-01
2.590389438746162343e-01
2.446678302208704636e-01
2.535645478996951807e-01
2.612465740669157044e-01
2.442577646349625708e-01
2.536349429988630777e-01
2.573394547948237854e-01
2.568449448402295165e-01
2.605209526353197136e-01
2.572131763953152683e-01
2.598236688842338604e-01
2.597332366841269558e-01
2.497271276414314289e-01
2.558512902181200865e-01
2.520562772320173450e-01
2.564061163824402634e-01
2.480182674109572827e-01
2.536427399040147024e-01
2.579759797339233329e-01
2.489175814436203615e-01
2.532188814167174451e-01
2.567173816998418179e-01
2.587254987139048779e-01
2.542702962497304098e-01
2.489187294517438698e-01
2.500795429165451056e-01
2.459639779305740348e-01
2.533852182064649794e-01
2.506116816078261533e-01
2.540040146891853756e-01
2.537468964218035361e-01
2.468894161406612886e-01
2.466097261539064722e-01
2.409394836174410526e-01
2.537468964218035361e-01
2.458630896770047092e-01
2.494472578033783972e-01
2.517864055157943981e-01
2.493623889164912621e-01
2.563872365350718385e-01
2.515285344746415741e-01
2.411110784959178133e-01
2.620894589832150623e-01
2.416951976150724934e-01
2.534498112479597887e-01
2.509604872994892766e-01
2.506263343092332008e-01
2.565109638397291558e-01
2.495441140535944735e-01
2.523041716378552346e-01
2.547653951459485921e-01
2.540063765961687037e-01
2.576014538389220232e-01
2.487427896503275337e-01
2.523876958099284806e-01
2.550916896509166087e-01
2.644837777180842342e-01
2.530170864515437490e-01
2.535314874702221943e-01
2.499797983865616191e-01
2.472222102712698932e-01
2.485594011646292123e-01
2.532942709456953989e-01
2.501630281796020094e-01
2.478971538560303112e-01
2.501737359690796025e-01
2.649627139600480019e-01
2.534690214605326841e-01
2.519855569320705868e-01
2.535645478996951252e-01
2.628116625515882765e-01
2.556555049792113010e-01
2.593877860390992329e-01
2.504330951085835255e-01
2.641536873739664393e-01
2.544180337149710702e-01
2.496164892809192570e-01
2.527460214329129706e-01
2.571136027334559038e-01
2.576942510892267779e-01
2.613835894734184429e-01
2.511636703762964440e-01
2.487228105469432848e-01
2.514856886775910239e-01
2.544460033827071199e-01
2.466782253519660129e-01
2.524866124174496851e-01
2.548620107265344714e-01
2.475439282224555781e-01
2.534734718833114853e-01
2.515099356669962538e-01
2.544993184873854397e-01
2.458630896770046814e-01
2.482124621532279529e-01
2.437142739047239992e-01
2.540616712007559563e-01
2.578542363782639346e-01
2.485379384460106034e-01
2.510642895810722974e-01
2.539137031121906363e-01
2.535040093646219184e-01
2.555740308737572963e-01
2.491692421075258901e-01
2.496241366704244624e-01
2.494378061429871063e-01
2.574463827777120906e-01
2.489965609234341404e-01
2.511672257849338896e-01
2.471696579588587295e-01
2.574615949483954336e-01
2.444815912608944986e-01
2.574885855660714040e-01
2.428308056934640191e-01
2.452582818584745916e-01
2.536009664782362671e-01
2.485614598930697694e-01
2.488285728729771884e-01
2.557903649698459736e-01
2.545717520184322957e-01
2.532253956920363369e-01
2.660445391463121534e-01
2.539129714899158730e-01
2.526929411301601092e-01
2.471405323786684538e-01
2.490074531929473700e-01
2.446855927206456338e-01
2.405216255441109952e-01
2.481315935843183829e-01
2.478384654016033140e-01
2.470441203145354592e-01
2.484622631441398277e-01
2.473308589792418966e-01
2.493732190187695208e-01
2.674486400334041281e-01
2.558715090391990854e-01
2.579804551451396200e-01
2.560049075190138357e-01
2.478058959943486295e-01
2.524214553666142002e-01
2.451607894154346490e-01
2.499004066727530393e-01
2.552275080879987668e-01
2.530364906285391124e-01
2.627580885095520680e-01
2.568967998285471843e-01
2.619606763219863299e-01
2.549736667120381939e-01
2.464130814080517373e-01
2.526186676451697699e-01
2.500805716734010864e-01
2.529439955346791669e-01
2.568249855514380675e-01
2.537173783391448167e-01
2.577341712095317927e-01
2.577078288505370018e-01
2.525764132789107830e-01
2.474165389338082999e-01
2.556419980730857966e-01
2.628349905121062369e-01
2.454277970773461881e-01
2.577329531678610453e-01
2.524930835041090949e-01
2.614330094216232303e-01
2.598604995005068252e-01
2.615804855514383687e-01
2.659977274141432368e-01
2.517537476892156012e-01
2.666117352128193341e-01
2.628059935220554699e-01
2.632143102963983017e-01
2.571754918989446193e-01
2.547042493778847172e-01
2.571495778422500655e-01
2.468516336480047479e-01
2.508035223745790909e-01
2.518747675921933493e-01
2.652668061544830591e-01
2.576803767409845958e-01
2.478499933034959135e-01
2.580012946859029932e-01
2.491717831342454004e-01
2.638762135037341361e-01
2.513150479136586624e-01
2.671034528545399023e-01
2.513173254056114136e-01
2.562046690176231767e-01
2.516026762492975521e-01
2.572311166754704947e-01
2.563952746558783025e-01
2.547151105338043564e-01
2.534074023830519273e-01
2.523355962410199771e-01
2.518637801843249258e-01
2.597108583267949689e-01
2.524246593965752128e-01
2.537903510496554160e-01
2.493377775795711238e-01
2.547558135966062620e-01
2.597475242147149754e-01
2.535896175007432141e-01
2.613783800899932563e-01
2.584807833221140494e-01
2.507921926954475578e-01
2.435787017038165692e-01
2.620785589965383688e-01
2.616692164168996082e-01
2.516060059285405992e-01
2.477309117697233665e-01
2.611202850004233356e-01
2.469085548228892313e-01
2.566449930334751550e-01
2.458544358983089095e-01
2.473778314131186151e-01
2.611057496908615327e-01
2.655172038208929997e-01
2.521550832178177659e-01
2.596967036870166945e-01
2.553607038847267030e-01
2.427671017003152631e-01
2.576014538389220232e-01
2.527340115409360544e-01
2.495380528877718662e-01
2.475040444830144126e-01
2.491977945745905976e-01
2.537468964218035361e-01
2.515121097237930092e-01
2.581608015633287678e-01
2.638661568115324152e-01
2.515099356669962538e-01
2.556555289021709698e-01
2.567874661092369171e-01
2.478138789116359209e-01
2.568212194195693132e-01
2.504337169098718174e-01
2.533674216536810908e-01
2.591295537006828020e-01
2.546628461116373088e-01
2.539153697087225825e-01
2.515853757276589886e-01
2.449836059917182840e-01
2.474012622772581438e-01
2.603465208361701588e-01
2.536637198967549578e-01
2.493596244646837934e-01
2.513192153531822459e-01
2.558431528770547803e-01
2.529562002182366154e-01
2.531577680445153411e-01
2.657952170677856385e-01
2.538464707363954909e-01
2.564800242756197224e-01
2.457745891645546632e-01
2.474579478805689070e-01
2.495375273382408055e-01
2.443616513323829120e-01
2.587931894230030005e-01
2.536081214926335092e-01
2.446553823803870875e-01
2.459669329163911566e-01
2.417806272503303655e-01
2.522022746853647135e-01
2.370590648947407952e-01
2.461177784141626856e-01
2.426461285297114023e-01
2.463038575466064140e-01
2.489965609234341404e-01
2.373646689190326564e-01
2.507114830279123519e-01
2.524070091963042106e-01
2.450655799699719972e-01
2.569246367028279465e-01
2.470951460826630031e-01
2.510624208984952865e-01
2.531234409742639246e-01
2.435866755172089726e-01
2.406737912460534534e-01
2.533125398930753391e-01
2.471887922695839845e-01
2.541508455509505771e-01
2.487265195069197077e-01
2.523152755626760779e-01
2.520738794009200201e-01
2.531641578384337676e-01
2.494503372824762033e-01
2.568024424003777506e-01
2.506280464633922067e-01
2.490876248255763648e-01
2.530779884119879197e-01
2.507019503938835436e-01
2.579378894138095180e-01
2.653840971850194297e-01
2.596713769246799530e-01
2.568589703793194845e-01
2.512377139742877907e-01
2.469943457453976365e-01
2.591688525307900837e-01
2.512442738550749732e-01
2.549073128538790201e-01
2.478873603228766431e-01
2.560116933272184592e-01
2.571750063427595268e-01
2.547476643664294271e-01
2.511555794179012868e-01
2.462068626485288403e-01
2.460171244469315510e-01
2.548958091990198294e-01
2.506997929094743061e-01
2.438203703512683007e-01
2.467233368457014131e-01
2.513372370742533723e-01
2.560483165680546569e-01
2.506216818268387492e-01
2.437986013632739979e-01
2.488043118253863151e-01
2.503403715189585488e-01
2.502500653169163480e-01
2.489070323245015093e-01
2.611557759941348089e-01
2.505356381412034983e-01
2.562619984287064501e-01
2.531432373881696285e-01
2.435062898725059433e-01
2.462956185602170611e-01
2.500866562473062493e-01
2.435461366166011277e-01
2.592838983885132897e-01
2.608953660608893665e-01
2.492878430886225627e-01
2.560333085587959689e-01
2.518828022099705577e-01
2.515241138039982505e-01
2.614334433940264657e-01
2.548730014004481070e-01
2.404890028215719289e-01
2.463534844887894093e-01
2.589216003574166813e-01
2.511533144581538091e-01
2.457399189209573120e-01
2.504334824669124382e-01
2.470053404069896819e-01
2.500671101686868236e-01
2.509728723398977901e-01
2.447292636919529418e-01
2.489062726403306613e-01
2.580827578259402566e-01
2.463954341050706154e-01
2.500680918259036711e-01
2.599261183888200710e-01
2.520571279563078027e-01
2.611299311670150503e-01
2.487013243978734300e-01
2.522536559570056069e-01
2.603346632938925986e-01
2.502529744605466178e-01
2.467574260258595664e-01
2.566961772022062771e-01
2.451203621922150022e-01
2.478420202715179155e-01
2.463235911932031008e-01
2.450421879506717582e-01
2.430907445855678417e-01
2.572214074611282042e-01
2.447209506973390680e-01
2.522426692678788052e-01
2.501692384913733469e-01
2.564215960642704517e-01
2.433866999331205372e-01
2.583628108264713896e-01
2.453987036758116802e-01
2.544180337149710147e-01
2.470966391969638132e-01
2.507935771828772031e-01
2.475576149011286808e-01
2.571852857728423869e-01
2.498923738918836512e-01
2.549860096349637617e-01
2.518185651724149099e-01
2.557452481090866647e-01
2.564718701450381388e-01
2.507107914406703775e-01
2.583737658610340548e-01
2.528747175222790244e-01
2.510624208984953420e-01
2.496356810092728029e-01
2.424585953350375245e-01
2.501689929654237754e-01
2.495265643681269518e-01
2.527172749379207328e-01
2.479777228111728071e-01
2.543176355442069436e-01
2.453842792920074289e-01
2.488951411994874130e-01
2.497114863293115050e-01
2.611509036845889309e-01
2.483665224435920305e-01
2.540297449029131349e-01
2.465875658032343209e-01
2.508819088545460319e-01
2.474653077250199562e-01
2.512736234238223676e-01
2.627951336649361758e-01
2.470723359391756579e-01
2.571750063427594712e-01
2.555594625516259266e-01
2.536111010327956050e-01
2.569167462641975264e-01
2.423628170851078734e-01
2.404396568221972841e-01
2.477106247968974828e-01
2.479313617537932946e-01
2.565474089708862926e-01
2.472506458516203209e-01
2.496285721119690659e-01
2.514423047912624498e-01
2.628887422696801757e-01
2.516154962106348925e-01
2.551640070171980468e-01
2.505407067077831673e-01
2.550552112631505053e-01
2.429575634269874052e-01
2.421322550394754969e-01
2.466257886259466403e-01
2.503478399111974118e-01
2.533393132173707429e-01
2.536224522492449007e-01
2.629801984511661028e-01
2.453614025539564980e-01
2.424586448509995218e-01
2.556200365660333818e-01
2.442606113319852335e-01
2.574603036346050366e-01
2.574538074793381037e-01
2.564281247093930238e-01
2.527204084740443668e-01
2.516232401270028785e-01
2.518773858610598437e-01
2.537360939956559980e-01
2.436396181264846306e-01
2.565919714331310053e-01
2.419594652651640698e-01
2.505297001869200013e-01
2.497076985903464164e-01
2.490057735943694284e-01
2.517000609067907568e-01
2.556932564915346817e-01
2.486452999873886571e-01
2.565363262241885933e-01
2.464337653196494449e-01
2.485429764499000604e-01
2.539496240551685768e-01
2.387020283025282630e-01
2.384285287040315005e-01
2.568249855514380675e-01
2.517061034484477378e-01
2.532633087163355667e-01
2.507125144772051062e-01
2.407302919509727024e-01
2.477249626688773632e-01
2.411081183279222551e-01
2.443469328550603725e-01
2.436046722927385222e-01
2.430217390824546131e-01
2.533421087093631896e-01
2.509854079033080887e-01
2.478411523984767051e-01
2.451420829829501213e-01
2.374896506882395175e-01
2.498991026718052066e-01
2.491647187758239124e-01
2.484456410755469524e-01
2.537307868837655467e-01
2.413129281813624627e-01
2.564057760681836551e-01
2.429492670016377420e-01
2.414139113540466064e-01
2.507125144772051062e-01
2.545916569054970657e-01
2.590416568354147464e-01
2.351902306244695595e-01
2.525727195859522323e-01
2.464486408325503308e-01
2.428567413336333025e-01
2.538742126409596067e-01
2.429906449348832875e-01
2.425985791163010608e-01
2.486295971679965688e-01
2.506930414964528286e-01
2.532247733389270117e-01
2.406084137338103113e-01
2.523381666390497324e-01
2.404202652040533239e-01
2.425773254675305246e-01
2.475277565934004553e-01
2.589187743604960956e-01
2.446695841684952688e-01
2.560725737648509859e-01
2.521509002262360410e-01
2.529279419087939185e-01
2.475376467024678340e-01
2.456494864449795257e-01
2.549478638226160832e-01
2.381675197625926776e-01
2.436475926517189805e-01
2.517935241775261512e-01
2.530518201669024192e-01
2.506225840707707597e-01
2.484546123311750787e-01
2.423107845680456673e-01
2.495189501954768185e-01
2.447299198952926635e-01
2.423468301536841896e-01
2.457019845690058546e-01
2.438658336115951120e-01
2.414071415237081519e-01
2.544170634550605437e-01
2.478221161586922350e-01
2.408056511923382381e-01
2.435741715468905111e-01
2.373824204771951274e-01
2.537172843050388704e-01
2.431876259824801989e-01
2.451714899519941149e-01
2.571314237332582575e-01
2.419396888610513274e-01
2.421494757960774291e-01
2.499903033950771902e-01
2.551874051884234773e-01
2.375246485592520662e-01
2.360965248783562787e-01
2.379653611143644765e-01
2.363786521065088242e-01
2.524264547308383566e-01
2.455586416945513273e-01
2.484478936402587101e-01
2.527817160634451277e-01
2.473445906968277930e-01
2.525274346047485241e-01
2.565004011864955857e-01
2.451429134150820144e-01
2.438077309637382561e-01
2.453708526628047004e-01
2.480745678805192644e-01
2.543844080405927577e-01
2.520721424540930955e-01
2.450475414176780109e-01
2.452912134040301784e-01
2.425501554951756955e-01
2.416563424014166184e-01
2.469938993128731053e-01
2.402131857228913259e-01
2.470797540293568628e-01
2.490865187928302249e-01
2.458216148981540450e-01
2.439652227636606996e-01
2.369575759853460029e-01
2.474244074737311783e-01
2.493531700275494201e-01
2.446747636771251233e-01
2.426601234452190892e-01
2.486122132625065706e-01
2.398956645403642896e-01
2.547458649242353435e-01
2.399542514066973220e-01
2.487217570710784920e-01
2.515341317388272713e-01
2.428989031326968528e-01
2.343020677196217261e-01
2.388906045400663869e-01
2.500867822841024712e-01
2.410775823319649680e-01
2.490727508446267113e-01
2.479256625141646464e-01
2.400923422345891678e-01
2.420873775806189621e-01
2.420952039974272885e-01
2.462742856300485783e-01
2.372811817316262950e-01
2.407743603669594834e-01
2.530113300137248888e-01
2.324160953228720239e-01
2.448802294141990410e-01
2.538431403793503516e-01
2.516102488126799597e-01
2.486188224833114080e-01
2.505300229209982410e-01
2.459805026477126511e-01
2.444983114153385373e-01
2.367851618094628796e-01
2.475343301465995627e-01
2.447265701038531527e-01
2.417383998243214371e-01
2.512543082286998741e-01
2.466410498438149912e-01
2.400451668049795595e-01
2.354574080917729295e-01
2.469040568485880716e-01
2.481730951026132892e-01
2.467430354898327849e-01
2.422830981005606732e-01
2.409147150791194070e-01
2.395431030261804539e-01
2.447402702128161911e-01
2.474524072927495877e-01
2.424483065440791174e-01
2.336706466323747455e-01
2.501757593701429139e-01
2.456031491365338326e-01
2.430226009594145253e-01
2.493427134357909247e-01
2.419403995298871624e-01
2.402338649452807062e-01
2.376139887519335692e-01
2.525430604953450286e-01
2.496280297269024562e-01
2.576126100089619619e-01
2.417925354239043589e-01
2.454517877200318443e-01
2.443578512469722352e-01
2.424483416457521578e-01
2.450682862511704141e-01
2.426660173194461201e-01
2.469708168895108635e-01
2.475079491259619124e-01
2.411343435325761508e-01
2.414601833448920543e-01
2.464355187620136944e-01
2.422519831241831123e-01
2.419250823227430958e-01
2.417457572296109469e-01
2.446695841684952688e-01
2.400328583908550584e-01
2.443850538025884589e-01
2.418535713527307229e-01
2.447074432384862275e-01
2.459531389585693784e-01
2.388206062414483244e-01
2.524497079342452599e-01
2.450281908695318700e-01
2.425367870891259325e-01
2.413852478402955526e-01
2.464746574763466980e-01
2.474271647453579748e-01
2.387037584704987669e-01
2.385477666016088127e-01
2.431738972552234812e-01
2.527204084740443668e-01
2.483310849220302374e-01
2.365717841610520678e-01
2.512736638592265037e-01
2.465435892009058549e-01
2.415181128058986881e-01
2.411682268017381336e-01
2.340486898921718129e-01
2.400294792833173874e-01
2.393181148229788224e-01
2.453963477604587662e-01
2.470167155258362335e-01
2.434410447526239862e-01
2.425000303739772156e-01
2.395488882801126984e-01
2.485461914431854602e-01
2.334470089817624883e-01
2.424875772396394846e-01
2.394520803064144887e-01
2.445547069923190986e-01
2.495175375657897043e-01
2.375868896567219501e-01
2.472479006729133844e-01
2.404773926938815753e-01
2.336375892781560049e-01
2.437882356846248488e-01
2.507924263031507395e-01
2.518122470518838196e-01
2.440540848082450032e-01
2.407289706308576027e-01
2.474440941674359573e-01
2.428839850944765344e-01
2.431108063841293798e-01
2.379629743189438651e-01
2.386688571522824487e-01
2.425351221854563366e-01
2.384842731924516901e-01
2.503478399111974118e-01
2.420228185210188399e-01
2.517044205673801827e-01
2.373465597804186034e-01
2.497081274067201040e-01
2.440273259386665505e-01
2.423734849938736224e-01
2.362081203197319290e-01
2.483676790275527457e-01
2.442326338285703280e-01
2.426601234452191169e-01
2.497049329639569326e-01
2.419045705209848518e-01
2.382788141116334302e-01
2.387773315974618116e-01
2.303964560904832870e-01
2.493399297302884288e-01
2.445094063486309421e-01
2.419853514875779377e-01
2.542657910046322578e-01
2.411475019378148121e-01
2.415764220257285433e-01
2.395640888534029955e-01
2.403312144545248497e-01
2.447178865397784397e-01
2.507181259486436775e-01
2.403312144545248497e-01
2.425367870891259880e-01
2.473479065565573620e-01
2.394234700246652414e-01
2.414119827531391316e-01
2.318506065933446936e-01
2.396297017242863814e-01
2.408752156754006835e-01
2.456050797726022916e-01
2.399475751872404417e-01
2.432014899773256023e-01
2.392271644875606507e-01
2.552409206338204228e-01
2.355727863590316440e-01
2.428419186746369196e-01
2.397097849387100910e-01
2.324596982535910572e-01
2.453692728842527260e-01
2.337196995200610250e-01
2.467293231476633542e-01
2.449541299551289408e-01
2.406846723065610427e-01
2.409584910354043985e-01
2.469653066308510891e-01
2.476218945762021784e-01
2.427005275937202111e-01
2.368100133003170071e-01
2.548479442325427557e-01
2.432427857798794557e-01
2.515410056820868712e-01
2.483286282055689742e-01
2.401918863562936268e-01
2.380485076715074533e-01
2.316811406057052158e-01
2.400244173344716625e-01
2.463741268330532364e-01
2.556225857768942289e-01
2.426252970860549030e-01
2.469895175434354551e-01
2.299078165374142668e-01
2.354346461441353400e-01
2.448371451439420032e-01
2.438456888428338909e-01
2.368656581613748646e-01
2.404790968370988657e-01
2.479804801341513598e-01
2.439891978901051472e-01
2.529111858304312066e-01
2.417415864245307244e-01
2.377007655864996349e-01
2.416104244635819964e-01
2.528170268810755461e-01
2.477833688145582303e-01
2.429463589021733649e-01
2.486147695085594855e-01
2.393829430692954729e-01
2.502570911841501822e-01
2.420726229375998184e-01
2.512727162465569486e-01
2.452333634076399593e-01
2.410866851435115865e-01
2.354405437792548572e-01
2.459590916684580020e-01
2.369220483505120323e-01
2.433427568616210457e-01
2.477293729818703383e-01
2.492580377977787198e-01
2.386152255206367145e-01
2.469670203249076379e-01
2.453629155432408004e-01
2.363262686788934197e-01
2.438257109118792398e-01
2.493483780966853913e-01
2.469158090438799136e-01
2.455633702299727106e-01
2.377335721184687112e-01
2.476108399947084815e-01
2.402661357424337452e-01
2.422340023941286780e-01
2.389521160284924228e-01
2.419484865369490312e-01
2.420251930596553080e-01
2.380514820338994197e-01
2.454186606844147300e-01
2.481544161613203348e-01
2.454283867246090101e-01
2.442720713865531301e-01
2.411343435325761231e-01
2.521656581458993629e-01
2.415882970705977850e-01
2.491548075507634408e-01
2.386900352330388886e-01
2.469378274473383317e-01
2.334398365588614133e-01
2.374188896562219320e-01
2.329662271749489422e-01
2.284209002952059531e-01
2.472753606964701589e-01
2.442465472309645058e-01
2.436906213533197307e-01
2.492530845895956360e-01
2.356663060091035711e-01
2.363943482598225010e-01
2.418027382677833681e-01
2.427855795399637140e-01
2.458480659825708348e-01
2.411240235361074569e-01
2.452693291018125388e-01
2.367754838893911251e-01
2.489811747408214870e-01
2.456032965068416507e-01
2.349200759738945543e-01
2.361763433836703008e-01
2.424319555844539342e-01
2.328578674587311326e-01
2.410232278579713672e-01
2.409592513680263726e-01
2.377876058261716163e-01
2.437063463688295684e-01
2.360352165451621853e-01
2.430041251686061998e-01
2.390577252395223729e-01
2.444970323821944735e-01
2.403431387101837569e-01
2.306797037187503230e-01
2.369648944413011715e-01
2.513520744144050467e-01
2.310914827030846608e-01
2.435866755172090559e-01
2.411370179228502220e-01
2.400806624815207679e-01
2.387997324065293248e-01
2.373653031868928343e-01
2.435141130583014513e-01
2.340113751218440841e-01
2.322643960660150941e-01
2.442495447615337378e-01
2.390527567788933716e-01
2.377485911107754257e-01
2.458049466486126600e-01
2.431894501536780717e-01
2.363828102795600961e-01
2.371930027792735207e-01
2.404132863867404490e-01
2.373692750307160870e-01
2.398207258159321953e-01
2.411036882222180600e-01
2.499056105921079185e-01
2.405453293154768968e-01
2.360556310340876929e-01
2.478774229026115827e-01
2.365884754784856880e-01
2.421490736817723810e-01
2.359035445599725889e-01
2.417378856592664604e-01
2.311182423820204446e-01
2.358373834080586262e-01
2.330745582431461294e-01
2.372099160197607692e-01
2.383270782192931092e-01
2.361967522727030366e-01
2.444557899843459448e-01
2.403400695865490488e-01
2.304230750779870107e-01
2.288859628608790053e-01
2.402746460879623680e-01
2.432030557110106961e-01
2.406343215415349679e-01
2.407676064284218487e-01
2.402054911105154233e-01
2.440130651062406841e-01
2.436294320385782031e-01
2.400741873247289049e-01
2.360384390096371132e-01
2.370360101743646808e-01
2.437953146617933831e-01
2.415600921146728308e-01
2.405174220412949204e-01
2.379048513303195500e-01
2.454811421397927462e-01
2.355517927395356925e-01
2.447024033903444917e-01
2.457034706460254625e-01
2.388293483888410673e-01
2.388998297777171209e-01
2.405949042385421288e-01
2.456866637570784273e-01
2.392729615393349718e-01
2.363939868067102545e-01
2.322171742421010598e-01
2.361106985016108994e-01
2.460755288860353995e-01
2.296632896643077404e-01
2.442326951501786469e-01
2.382829280455001364e-01
2.319913831632967050e-01
2.330330272547810888e-01
2.463377050844689775e-01
2.290792078432853929e-01
2.445653023611289167e-01
2.494251371471011003e-01
2.398011035654668277e-01
2.317391381290770380e-01
2.354785276848567477e-01
2.395228775688624523e-01
2.328626347310543965e-01
2.392286558251811301e-01
2.414020765298392768e-01
2.359683555759157225e-01
2.373616091538702788e-01
2.363510726542688845e-01
2.334499211013506548e-01
2.392305567276122313e-01
2.384563351911947182e-01
2.411351306694573260e-01
2.395727310132751420e-01
2.409431614656482035e-01
2.431110104881638312e-01
2.441543684832740979e-01
2.419457760291249815e-01
2.353083499529174394e-01
2.349160596771849019e-01
2.387853014928421058e-01
2.295725628931397366e-01
2.352282165850503592e-01
2.322467603047296270e-01
2.355533773325411417e-01
2.491548075507634130e-01
2.398530202309638037e-01
2.359572160257069062e-01
2.395436428316132238e-01
2.309956681131759837e-01
2.431234637824808142e-01
2.324855088513105850e-01
2.266490142957192644e-01
2.385209150018825774e-01
2.387580376980099894e-01
2.488692683045227450e-01
2.390106800754325800e-01
2.310648982757073922e-01
2.434756394187993223e-01
2.372079493873189004e-01
2.435196565182906892e-01
2.422098323474868586e-01
2.409536621919735333e-01
2.348811672787466109e-01
2.421270198014758290e-01
2.309007938727085374e-01
2.475117684166413257e-01
2.307363147991091656e-01
2.345571024693270945e-01
2.405975707236766292e-01
2.399301528150691865e-01
2.281686303662880388e-01
2.310495139298081591e-01
2.466805237778026683e-01
2.461399285923018265e-01
2.397550786492572694e-01
2.385693828656405002e-01
2.340332605776025698e-01
2.313707342366264075e-01
2.377105061903706518e-01
2.425136655605616975e-01
2.407812469647312714e-01
2.376134720788576071e-01
2.358950339638593852e-01
2.384513724915558741e-01
2.355618650320754626e-01
2.397273560694005157e-01
2.396511543568153879e-01
2.367932500798483886e-01
2.409162603377578704e-01
2.490577114914208356e-01
2.509888312511177610e-01
2.353388731898834463e-01
2.348937736866595349e-01
2.287185602220711267e-01
2.423235570331317423e-01
2.334843158563181531e-01
2.342533457616918779e-01
2.401002744007872669e-01
2.339070421512293441e-01
2.324009934610086758e-01
2.401097591300959400e-01
2.364161070280235144e-01
2.292589670309880812e-01
2.386942799271827564e-01
2.312113046591203480e-01
2.358295743124105004e-01
2.276592730272638809e-01
2.337738641847627030e-01
2.359308856892951278e-01
2.305810645907500900e-01
2.330687425031679749e-01
2.322512472929998406e-01
2.275672275587063142e-01
2.303009017052964902e-01
2.182390256596561662e-01
2.304410953703621701e-01
2.299616279882898962e-01
2.293005893233425185e-01
2.314857165470129152e-01
2.384170573722336484e-01
2.340823921551149767e-01
2.321783840231188556e-01
2.398782494331812842e-01
2.382540095502152788e-01
2.315399851752805993e-01
2.325599142284593968e-01
2.354447471866986108e-01
2.370979743058242439e-01
2.339838136579320549e-01
2.375558892461767380e-01
2.364473812180300227e-01
2.382331204282365500e-01
2.271789916672452003e-01
2.304299483368362211e-01
2.289102601923418412e-01
2.309519029240551247e-01
2.356901672767797717e-01
2.286522181715339164e-01
2.358800513254000197e-01
2.260374993447757108e-01
2.401338997192007663e-01
2.301612829197992316e-01
2.415364989850338484e-01
2.331742054060438885e-01
2.376645999477736693e-01
2.337170982954205056e-01
2.312557519444854714e-01
2.306001847302247831e-01
2.292271704068562788e-01
2.478571759723876278e-01
2.334519509841792018e-01
2.253151603995046937e-01
2.379339818728158640e-01
2.336331530159094505e-01
2.289501470337588496e-01
2.316246350610877969e-01
2.336905615369679057e-01
2.411849031663510223e-01
2.303986637080197852e-01
2.269896700009176871e-01
2.310255045891840275e-01
2.475974602302598859e-01
2.394468052432729421e-01
2.379393438118007353e-01
2.300061408898751714e-01
2.335321262961961852e-01
2.346999963203734996e-01
2.274153996381603204e-01
2.412718653835660976e-01
2.454695109174588885e-01
2.350606928783390281e-01
2.346798352415393196e-01
2.384395975040964066e-01
2.433899408343688231e-01
2.374877952811244308e-01
2.398914817690787071e-01
2.357182624406700955e-01
2.296635157905398406e-01
2.300520346068028188e-01
2.291112631504965413e-01
2.318557995805916594e-01
2.367528437104595984e-01
2.331879729314653149e-01
2.312716467086624039e-01
2.331899871630296051e-01
2.257087993843690521e-01
2.288567300219428724e-01
2.267800284065109861e-01
2.322794289234049181e-01
2.287024268893687040e-01
2.255643468632511361e-01
2.273626892641298081e-01
2.378100209238929730e-01
2.268610165452080718e-01
2.215994014695346903e-01
2.293656786640086709e-01
2.218153777818242522e-01
2.332713108719046968e-01
2.298596917926348238e-01
2.327492517685786355e-01
2.322682181833059800e-01
2.252356614659149769e-01
2.313656091763977019e-01
2.318506089208261234e-01
2.433792186540462144e-01
2.426518347089623717e-01
2.367489896440011510e-01
2.405425604157133690e-01
2.325228149849981329e-01
2.326412567253288988e-01
2.306684705155049864e-01
2.271986626411311161e-01
2.413133439137714609e-01
2.388573830658984321e-01
2.324596982535910017e-01
2.269192134934348293e-01
2.321742255755019912e-01
2.351650849334911142e-01
2.403116840714267788e-01
2.320617528205555780e-01
2.330412498456787551e-01
2.274363481469874604e-01
2.304797956466916042e-01
2.407649075798279914e-01
2.393895251189604167e-01
2.281895846428378394e-01
2.284209002952059531e-01
2.385509343664435067e-01
2.344228994318247883e-01
2.281378849140207332e-01
2.299578858849095075e-01
2.341181162922476577e-01
2.210798444099631443e-01
2.342249624850093193e-01
2.268473248521493679e-01
2.371609945180016277e-01
2.269243886957707235e-01
2.415830978683741193e-01
2.356425258225693653e-01
2.306885629674716720e-01
2.328910665439801186e-01
2.307652926356653089e-01
2.332533143214650939e-01
2.377598503140108954e-01
2.382775687193623981e-01
2.302997088080595833e-01
2.258678609468383336e-01
2.219210506257985327e-01
2.355829946586293078e-01
2.360210881869637678e-01
2.269323166866808739e-01
2.260616038061388777e-01
2.260058720691131284e-01
2.359457500971316457e-01
2.203043617386298558e-01
2.274336766491388551e-01
2.327692675784878429e-01
2.349382800081975808e-01
2.268027918267732923e-01
2.308110039511573341e-01
2.279889578434905473e-01
2.265886874441195020e-01
2.299353870613815021e-01
2.185533492598909222e-01
2.296272063163123101e-01
2.218013324159289756e-01
2.476429179678009684e-01
2.290533686279463133e-01
2.368761412015584766e-01
2.254707031942674578e-01
2.312775252454237207e-01
2.318669884880014409e-01
2.353912284003465694e-01
2.205640038459048824e-01
2.320491742285614167e-01
2.250769432063593756e-01
2.339459722251581719e-01
2.260625637695518331e-01
2.257908850191933658e-01
2.310562036173161304e-01
2.427418188880785810e-01
2.266113895852807925e-01
2.285207915853702254e-01
2.246906668368300608e-01
2.250128676566910957e-01
2.240060964486951522e-01
2.308633640796025899e-01
2.358938997711798047e-01
2.257138585352398696e-01
2.299129425025090434e-01
2.342034419115932298e-01
2.264544734693096362e-01
2.272097211931481953e-01
2.321988965175277031e-01
2.242182424540177521e-01
2.209842540779243525e-01
2.321340720472056529e-01
2.309579655576816937e-01
2.219601047363281565e-01
2.245686195364176851e-01
2.356487957244932929e-01
2.271456449459932359e-01
2.314908578642270454e-01
2.254709251686621285e-01
2.257765918157702556e-01
2.225469883597970822e-01
2.133428441711530399e-01
2.358430660123440603e-01
2.252481702842868416e-01
2.291951598000296075e-01
2.281325541563264114e-01
2.208107720635793247e-01
2.311530259021892519e-01
2.230254299566354625e-01
2.282671625143918304e-01
2.372336511212327359e-01
2.264927344763759121e-01
2.222546286381145708e-01
2.343893447476752823e-01
2.298800608106508214e-01
2.215709763767935436e-01
2.349819101567116875e-01
2.263833103325481599e-01
2.337672264848809911e-01
2.326190806780272236e-01
2.331063253885082565e-01
2.282503634485925081e-01
2.273018497468224375e-01
2.190582508941251449e-01
2.313105453566944580e-01
2.276944923626793849e-01
2.319500370476235418e-01
2.265881250356402143e-01
2.361446562780793179e-01
2.288303582924631763e-01
2.290694592211545144e-01
2.168525563418264024e-01
2.272467579332049514e-01
2.241084956479655887e-01
2.278214125795305911e-01
2.230393804135852587e-01
2.319649237341523396e-01
2.301882298267779459e-01
2.294741880103969567e-01
2.252319663940704764e-01
2.213483722960307432e-01
2.330445012975274066e-01
2.289240765198103933e-01
2.208975985340770332e-01
2.339447879021331889e-01
2.279824108212740730e-01
2.139002766219578189e-01
2.331063253885083397e-01
2.230256048462729290e-01
2.252114379265634236e-01
2.249213100194188963e-01
2.246528916902982009e-01
2.180011924513474697e-01
2.263356477547496526e-01
2.296553137041264514e-01
2.231223140845266240e-01
2.202647361318249564e-01
2.314214467546324983e-01
2.130155891376107891e-01
2.173732894604661070e-01
2.153568795091100885e-01
2.245580121471935919e-01
2.281377336174491011e-01
2.285186173952183097e-01
2.271594694373294809e-01
2.270956314951363686e-01
2.235328625029317784e-01
2.184879774788733853e-01
2.142828052720891496e-01
2.296323695976044965e-01
2.256299888761154060e-01
2.237044185923231232e-01
2.302795853194174458e-01
2.250048583184174888e-01
2.213320018947492474e-01
2.312077523441539162e-01
2.219693141968114292e-01
2.270185704273399441e-01
2.218052170512841703e-01
2.198076786367003377e-01
2.285532394353531338e-01
2.220923301468459288e-01
2.212662251814031256e-01
2.226290684791799590e-01
2.294304820026064340e-01
2.172815611682209214e-01
2.244289536831739207e-01
2.295560936826438470e-01
2.269758989289640538e-01
2.237997849242567006e-01
2.290776633580512422e-01
2.249549204622890430e-01
2.242480479864702725e-01
2.304414024968797214e-01
2.332949014876820326e-01
2.234625428705663275e-01
2.308633640796026454e-01
2.215944046992681660e-01
2.317203333569679280e-01
2.188568527138744224e-01
2.183468160547426262e-01
2.240248231509451016e-01
2.161394499602709851e-01
2.142269627146764499e-01
2.149343097051393814e-01
2.181139305818421414e-01
2.183597227429960874e-01
2.248466667455967793e-01
2.250602285650956935e-01
2.291653256607330824e-01
2.192978193496656070e-01
2.259948623986841876e-01
2.192855482795940114e-01
2.217909758088216499e-01
2.122372382120049916e-01
2.102624221173497177e-01
2.270211265043419746e-01
2.103913123762169712e-01
2.167043267064297507e-01
2.231922533844150347e-01
2.143381785287563068e-01
2.091879817283374132e-01
2.158287110439484902e-01
2.170198781861126525e-01
2.230804792035132322e-01
2.117997069134006927e-01
2.221142421596162264e-01
2.216254886559321513e-01
2.196121854724054079e-01
2.215062540104206501e-01
2.221339484285771437e-01
2.282319929851873985e-01
2.202465088467854826e-01
2.245288226204369963e-01
2.231478867744287886e-01
2.197245654706969087e-01
2.081241371470012036e-01
2.188153663140435523e-01
2.189948228103726913e-01
2.249147487104999621e-01
2.184597371750380546e-01
2.135654323770807550e-01
2.198189670726585776e-01
2.180205746652824905e-01
2.206349059691510017e-01
2.227464590809951350e-01
2.131274262188150581e-01
2.335972248279819807e-01
2.202999433076208713e-01
2.199121768379312947e-01
2.315517275734643998e-01
2.212572436493347727e-01
2.174195121029530164e-01
2.161766209657755844e-01
2.221371128944073792e-01
2.175895271317185298e-01
2.195646815850733347e-01
2.234280561209419647e-01
2.149532292539002298e-01
2.248664876017609227e-01
2.144176698919474378e-01
2.104195418200485446e-01
2.166317545119106902e-01
2.186865236911066657e-01
2.136339580869616173e-01
2.248739213569610762e-01
2.193799251058740629e-01
2.154239166323166643e-01
2.140492065796393006e-01
2.246642562007728494e-01
2.235479936607416285e-01
2.247924947172943722e-01
2.211602788180481727e-01
2.124793548758210360e-01
2.149211689552157356e-01
2.268759925707083680e-01
2.199135939492324887e-01
2.166032908689530523e-01
2.204022840364586733e-01
2.274850807776898076e-01
2.191809205759791546e-01
2.234140172943200886e-01
2.280327197882338341e-01
2.161004860136725991e-01
2.203649665106273969e-01
2.107377625488008333e-01
2.106855527633968994e-01
2.125288541597040171e-01
2.161669384837897612e-01
2.154405644519000462e-01
2.074821291452643712e-01
2.202315857307863833e-01
2.144064314406171623e-01
2.102959408774302263e-01
2.139851974627258180e-01
2.110617096335292986e-01
2.122445643976275942e-01
2.175476003216590126e-01
2.154503727322180651e-01
2.261366461315610643e-01
2.262134714507528788e-01
2.179146151449050661e-01
2.132938247589213632e-01
2.065767743526175926e-01
2.177880787615573688e-01
2.113303222570659112e-01
2.258504325026630399e-01
2.079055644635972866e-01
2.219473228079431038e-01
2.114311450302998885e-01
2.078055940719731876e-01
2.212976594554911525e-01
2.144307812100461896e-01
2.079158763436720347e-01
2.147842347762023152e-01
2.179563751395428572e-01
2.169196271150625466e-01
2.124673324589154699e-01
2.113523536900483724e-01
2.099351045227497436e-01
2.099787823596142300e-01
2.124488388617515877e-01
2.211961804641915663e-01
2.168388199796733862e-01
2.079971792634879024e-01
2.084113807679381369e-01
2.130786096479858893e-01
2.145193458241674012e-01
2.132118582076383273e-01
2.080917101429834437e-01
2.114318962342762176e-01
2.060154002228542780e-01
2.173992271807969612e-01
2.078694664149980664e-01
2.137708684788621472e-01
2.111304833063395170e-01
2.232478652073045244e-01
2.163472896379665666e-01
2.137901494191755958e-01
2.195532293351446507e-01
2.116115146442640038e-01
2.195309189149368401e-01
2.154903137446898820e-01
2.096075596235573157e-01
2.058266191416803226e-01
2.227057566111580733e-01
2.182340156626404459e-01
2.085029097400833142e-01
2.065435399760708057e-01
2.142184147954264983e-01
2.044266866593452969e-01
2.045490672411809929e-01
2.089898986250873503e-01
2.048938609557639512e-01
2.146946851346635821e-01
2.020682295919294935e-01
2.094695821557314708e-01
2.110583295517069746e-01
2.071456104856279623e-01
2.076518394556062796e-01
2.087248890025339143e-01
2.122271746325851693e-01
2.110115067111886233e-01
2.030387381810322134e-01
2.032574488303093563e-01
2.052935573813346182e-01
2.007429716766297167e-01
2.033944566142797672e-01
2.118240502711347395e-01
2.074837850289295571e-01
1.996923424056656626e-01
2.154665206283448708e-01
2.251709297639709062e-01
2.070966657683443457e-01
2.130259337260720365e-01
2.136218916060769468e-01
1.966077395325216137e-01
2.064341511394303941e-01
2.041058567521301381e-01
1.970185140972624815e-01
2.126211655430361724e-01
2.098131137682519298e-01
2.064972033916466776e-01
2.050562934491115819e-01
2.022722762084770698e-01
2.140370019540754620e-01
2.119876829477198299e-01
2.093116440302646986e-01
2.104833660520604999e-01
2.093792593969651672e-01
2.063656210394005930e-01
2.113384356818295839e-01
2.035758207567924249e-01
1.989402706928808662e-01
1.970353122111921929e-01
2.050812875040597671e-01
2.000655852526349310e-01
2.117274018602272601e-01
2.026265106972477970e-01
2.012607783572508691e-01
2.037792582362011051e-01
2.014826974892163780e-01
2.015598572046935488e-01
1.965865881080503530e-01
2.041413236807611831e-01
1.898599944513361670e-01
2.036182755372260289e-01
1.930772359790511872e-01
2.070147338891656363e-01
2.087047826757887914e-01
1.970614419767058589e-01
1.968857480848003050e-01
2.016340642054605670e-01
2.175261011091220165e-01
2.051052823654182233e-01
1.902787890874549637e-01
2.032834085669432411e-01
1.949813842043161549e-01
1.894143323005280377e-01
2.009553901162257072e-01
1.941462775293264775e-01
1.975649750580322495e-01
2.041244188445122398e-01
1.987361168458910698e-01
1.967950007332984474e-01
1.958907485478253996e-01
2.058266191416803226e-01
2.009662542126276485e-01
2.052195787786458003e-01
1.928183668632363346e-01
2.052595602511984307e-01
1.984185125598576238e-01
2.002900860005286943e-01
1.950754200993491672e-01
1.967936525442818274e-01
1.954274104698068004e-01
2.015633979800317832e-01
2.028339471126172355e-01
1.997729599350227536e-01
1.868114524053164083e-01
1.875314910256961898e-01
2.019154443341728278e-01
1.930441292994644897e-01
1.800650141507519897e-01
1.967246827267639664e-01
2.044701796627009516e-01
1.924836097859290163e-01
1.995577405738044041e-01
1.895551507019282989e-01
1.959130584995580626e-01
1.940020595758978617e-01
1.912618972767737568e-01
2.014997328520713171e-01
1.900297319564435428e-01
1.985585915584080208e-01
1.970317856840334558e-01
1.907196342791514510e-01
1.979735829367852973e-01
1.907575354713487159e-01
1.858849970060966750e-01
1.935467734099938497e-01
1.936397045657761162e-01
1.926723118894922704e-01
2.005258104919289130e-01
1.932466867310446978e-01
1.921840718736236575e-01
2.036006698973318596e-01
1.888363518433187616e-01
1.883400747749379434e-01
1.954258322865809194e-01
1.826688849645962121e-01
1.939436331191645158e-01
1.783045036387340132e-01
1.886336460047975117e-01
1.887665968268099903e-01
1.886916652913948611e-01
1.949508593994587202e-01
1.881514366873042465e-01
1.906727192698181583e-01
1.828234091630387137e-01
1.859654590943760621e-01
1.847695407155088565e-01
1.819033226754880606e-01
1.853255824431634113e-01
1.839546640230055596e-01
1.812981772774183986e-01
1.945464202466822834e-01
1.773136375208328730e-01
1.908641288396775437e-01
1.846115337824376923e-01
1.853951958219290097e-01
1.822532221847401324e-01
1.859787629889792238e-01
1.830679526942280144e-01
1.929162937328774696e-01
1.783341552004358843e-01
1.797217733483381930e-01
1.897465736798081004e-01
1.864106223698218379e-01
1.757171818306284272e-01
1.759376460265709985e-01
1.835311121531107703e-01
1.738578140002828287e-01
1.797231172410796163e-01
1.769829550327587098e-01
1.783284141779496179e-01
1.825603891686097269e-01
1.700243036370014948e-01
1.786312513844064420e-01
1.798767253533285482e-01
1.753134469016951191e-01
1.770272377184461121e-01
1.799122159381449371e-01
1.751384693183482832e-01
1.834143863678236730e-01
1.727318338686070487e-01
1.859934108254163998e-01
1.819727375450444773e-01
1.852631634372764180e-01
1.795618829069516031e-01
1.762271928941392951e-01
1.682214252641594798e-01
1.686322864493607909e-01
1.772810537371076189e-01
1.719089167747508418e-01
1.799697161877671647e-01
1.696332630243049255e-01
1.710034467465397778e-01
1.781747766130742650e-01
1.686416746818637791e-01
1.682779293544892918e-01
1.625239816790903791e-01
1.661606969903521303e-01
1.677098923634617045e-01
1.724122094667010496e-01
1.691094033075869751e-01
1.665895988554584317e-01
1.723409400078702025e-01
1.677747525435600850e-01
1.783928583248154121e-01
1.710053836016241502e-01
1.623212757891393798e-01
1.692822952730303476e-01
1.650436454009086285e-01
1.633841241259803012e-01
1.584406564008812857e-01
1.699884788371789079e-01
1.584409471319171980e-01
1.685354249941610205e-01
1.590923409127029675e-01
1.655370749063140023e-01
1.503175805979847235e-01
1.476587705623910174e-01
1.546141310903352273e-01
1.610839304890933077e-01
1.647054933526398146e-01
1.574944726392329131e-01
1.656502225741887935e-01
1.589986150515404206e-01
1.657253154244126836e-01
1.595154979311699528e-01
1.612007988414161930e-01
1.530141073198885704e-01
1.516575046501686397e-01
1.554884809415750802e-01
1.606497325050816882e-01
1.518974447906240310e-01
1.540589334612726680e-01
1.490360453154724873e-01
1.611429293573763688e-01
1.538959063336948485e-01
1.470969842771444880e-01
1.504693898925976714e-01
1.518360985598759538e-01
1.604824031920849825e-01
1.561093867913843636e-01
1.463968188450808505e-01
1.545873280331177269e-01
1.421692976180851109e-01
1.518057257055690779e-01
1.422783749183520741e-01
1.439412872059165904e-01
1.493133776943117164e-01
1.341703961790432775e-01
1.360268830459440692e-01
1.489494069794485842e-01
1.473933140129515817e-01
1.331953735685734719e-01
1.431166239847836419e-01
1.413683470056164293e-01
1.395858875184138870e-01
1.498029107667188387e-01
1.334238914787146679e-01
1.420481534238567101e-01
1.401145183615181977e-01
1.364599062239842675e-01
1.354202475475717593e-01
1.332727059292485583e-01
1.336030100791691932e-01
1.280168102930121787e-01
1.314085646427073373e-01
1.299338625189776775e-01
1.277197123235362386e-01
1.386057328607406547e-01
1.208988642468398628e-01
1.223497893382346907e-01
1.309304464612909280e-01
1.246812091734425115e-01
1.246299526617939274e-01
1.284438916123074037e-01
1.323230956954351833e-01
1.208163983358706978e-01
1.328030746457367350e-01
1.245762326608453596e-01
1.272840219023398112e-01
1.219728278302813079e-01
1.203088726068620995e-01
1.132142147973556195e-01
1.226863021484747573e-01
1.276850693879448828e-01
1.146185708360489552e-01
1.197623792585812696e-01
1.280115056349319103e-01
1.170249922514007140e-01
1.192096024626932566e-01
1.261754895421583755e-01
1.145546334511593350e-01
1.116139976496293706e-01
1.087136262111114554e-01
1.008622370289265491e-01
1.099992997590513721e-01
1.148656575658980883e-01
1.258013939249958135e-01
1.028317240939036342e-01
1.078504202947879742e-01
1.112378387925404277e-01
1.207598937178842313e-01
1.065117434077265113e-01
1.122234538938963466e-01
1.028797761484774448e-01
1.048227580087195826e-01
1.082948374918849266e-01
1.035783917008290672e-01
1.107925779994057558e-01
1.064573420106731255e-01
1.042922518347846189e-01
9.716308882033559968e-02
9.732920088023372385e-02
1.027164502962415737e-01
1.013164939161402406e-01
1.012909272275527850e-01
1.041255803064393276e-01
9.408020463508677544e-02
9.590634645855604379e-02
1.014872206680212663e-01
9.617376302134547639e-02
1.006887443119796055e-01
9.695443436225724410e-02
8.698180504133727620e-02
9.601027230472596041e-02
9.448195717150784101e-02
8.504633016678711521e-02
8.487790696483343833e-02
8.663571988787110989e-02
8.718898824824120042e-02
9.002386659135205860e-02
8.999000421931034610e-02
9.316613962777310631e-02
8.101479866379071582e-02
7.127936330833382905e-02
8.527642281617126008e-02
8.575941997926501970e-02
9.237689938888314634e-02
9.408287014634715562e-02
8.283255558595160883e-02
7.685253449636401946e-02
8.506572160439954122e-02
7.998767821360013019e-02
7.505750887603700183e-02
7.452618233740372633e-02
8.010924516241503535e-02
7.187263477874356044e-02
8.373285663191697148e-02
6.997172385163204222e-02
7.606851218139018544e-02
7.032648488404040499e-02
8.343187618988093246e-02
6.600766672893425280e-02
6.081028463784421412e-02
7.449444235434557471e-02
7.716062778395711697e-02
6.947474066482528521e-02
6.582961175070523030e-02
6.511935869708568303e-02
6.682372400086246389e-02
6.610319255715492448e-02
6.580051206624178139e-02
6.717468085056518823e-02
6.192455047396028950e-02
5.760417178529721183e-02
5.579177307115306544e-02
6.034818029083580115e-02
5.778213717530211041e-02
6.021215728720109850e-02
5.447302134019287034e-02
6.193761682232108712e-02
4.799201005786513791e-02
5.730487154476442135e-02
5.832359210747617428e-02
5.475330284766807831e-02
6.289230707896696637e-02
5.692587041788508412e-02
6.041164355386891699e-02
4.815442099449759178e-02
5.652635996263050133e-02
5.090075778610578944e-02
4.931799199844077303e-02
5.430918394702267255e-02
5.395297825115539375e-02
5.217567354620611386e-02
4.413228107511627668e-02
5.049619380976855948e-02
4.391631462778246980e-02
4.038765338800567178e-02
4.176782076324677545e-02
4.795594606626288336e-02
4.876931478655197744e-02
3.932291419492130180e-02
4.958159025201035880e-02
4.291576798443975937e-02
4.858614200944658124e-02
4.095110424044669933e-02
3.960389192384593943e-02
4.265903935929717117e-02
3.164323590431938893e-02
4.252384134645959685e-02
3.918726404547345776e-02
3.039932982457860949e-02
2.947025771317251033e-02
3.490645816160210801e-02
4.195456961825261982e-02
3.243989153039757850e-02
3.762950804054988191e-02
3.834779889712446044e-02
3.045706332541676248e-02
3.685108440023381060e-02
3.949100729017245709e-02
2.909556528200307399e-02
3.539419865524733727e-02
2.939139739606143678e-02
2.974676781707448481e-02
3.832372410827795950e-02
2.760070133881400989e-02
2.220184465776322072e-02
4.128129049908400156e-02
1.706490300953994108e-02
2.971633817378259781e-02
2.250271953257187638e-02
1.808823352811281954e-02
2.848389779393074861e-02
2.515368724041100804e-02
2.201958010292998091e-02
2.444065697008237018e-02
1.327099329301379554e-02
2.163945428212567593e-02
1.967576552723128078e-02
3.000665867168227779e-02
2.103848279513549635e-02
2.202322144044479429e-02
2.157215962385572103e-02
2.374406824281400860e-02
2.070007095352727894e-02
1.775916440588267212e-02
8.313058582341900302e-03
1.898178422366859214e-02
1.782466732204596865e-02
1.168361988692813783e-02
7.997368961471369025e-03
1.624395988019811110e-02
2.590685879996728821e-02
2.269561745371147937e-02
1.808802657420286591e-02
1.545669165733145646e-02
1.842000847170323016e-02
2.002835838475850241e-02
2.728800983121049822e-02
5.902220263835977060e-03
1.161112283401141351e-02
1.158350094440183976e-02
1.613963466893909848e-02
1.509618037239815816e-02
1.691739502646662924e-02
1.627925547394939304e-02
9.006594032924676585e-03
1.056360310667834972e-02
1.047339945812546247e-02
9.098376384555665122e-03
9.473419246218155523e-03
1.428019246555524251e-02
9.477615936698033372e-03
1.874530620445549224e-03
5.706408659804168386e-03
1.176960862261766487e-02
6.132616978132826059e-03
4.160802605178706530e-03
7.883634563802154743e-03
3.984964419085149632e-04
1.712183669286265059e-02
1.723567775045478298e-02
3.371979059549232074e-03
8.360322792694935626e-03
1.006850220254031439e-02
6.764913194941255849e-03
1.441071136215774096e-02
1.385762642050513208e-02
-2.266658897256426230e-03
5.292715564183733505e-03
1.016688624138928181e-02
1.278007699243798034e-02
6.799292596840761024e-03
3.028910273275311777e-03
-7.357728048993814008e-04
6.768788305284856831e-03
4.472806702077166546e-03
4.545466189703288411e-03
4.154627702958650637e-03
6.132755265273241892e-03
1.095372235077177528e-02
1.900661426011042302e-03
7.556330631764393395e-03
8.252978336941906023e-03
-2.228480687523538232e-03
8.397324878712105964e-03
9.491316429861361426e-03
1.083527585420021068e-02
-6.353990656361044841e-03
3.398609321870126824e-03
8.291285506078266768e-03
5.643601659560217032e-03
6.415495113115484219e-03
9.826322072393036192e-03
-7.115288512675266817e-03
7.854528963210662650e-04
-1.101205461880566411e-03
-4.132646126059282173e-03
3.385898044219572481e-03
6.368078549410510249e-03
9.458954554778466542e-03
1.319625985048937522e-02
1.533665556026468169e-03
3.876641600990673249e-04
3.770706085068799632e-03
-3.368291673498164177e-03
2.277793317816847237e-03
-1.843184564245697789e-03
2.222796612253782802e-03
4.129164671350369666e-03
7.658143644799817558e-04
4.498301099917316297e-03
1.143392177559765955e-03
-3.364600124489169116e-03
-3.379823298373562518e-03
-5.626960164959264425e-03
5.633067546581662158e-03
1.910003249612064486e-03
2.221828074563840310e-05
3.804929004267942633e-03
4.610833428134353436e-03
-6.071445875276622849e-03
2.226047938227790273e-05
4.923974143525193699e-03
-2.276682135962374096e-03
4.563810198556009917e-03
-9.785984618651787093e-03
4.538588374722486198e-03
9.939126218822392014e-03
-3.020060809191475303e-03
-6.055261470472104134e-03
-3.566504009162282441e-04
1.141359851271543137e-02
2.666296440485188980e-03
1.072934070195418438e-05
-2.989241701232347049e-03
6.809600088687581439e-03
6.500310943044127626e-03
-3.393909981359344557e-03
1.254942710360990206e-02
9.920371246853156716e-03
-7.447709670753000074e-04
1.147712453040792982e-03
2.291621306604004968e-03
1.538920922235077846e-03
-2.636168778231872106e-03
8.430617451398308981e-03
3.442622636664331281e-03
-3.038404338507947559e-03
1.904257370636308231e-03
-1.120697551927084257e-03
1.892100691646769230e-03
3.430709330796609391e-03
8.344636523093805144e-03
2.302975786081477762e-03
5.624617391335385262e-03
-7.430503135572272570e-04
1.014005216078539898e-02
7.619319514959687137e-03
1.173934342191309751e-02
8.645873831897290737e-03
-7.335655344567143868e-04
3.031206161123946915e-03
9.578373259875058374e-03
4.912837924831684952e-03
3.435931879529082085e-03
-1.431803939196861324e-02
-3.667455547697632493e-04
1.288811486103702900e-02
-1.487588026022298657e-03
-6.073693278346047400e-03
-4.876670946074542108e-03
-4.147738231716221503e-03
1.914366290219761445e-03
5.803027596777005082e-03
6.879841876311100328e-03
3.793467087525308635e-03
3.056457262268027445e-03
-4.173023388393847129e-03
6.079195153806242827e-03
3.783754220998597527e-04
-4.611761548239359104e-03
3.806759161202356856e-04
4.198280038806010035e-03
3.050749387842111894e-03
-3.383621539329353597e-03
9.205336927374097380e-03
9.545637205465305405e-03
-4.177816893136089386e-03
5.384457842490691405e-03
-4.553191469044515736e-03
3.058924428302676937e-03
-2.229031376689014857e-03
4.574170872601024222e-03
-1.118566634714421954e-03
-4.168337378920600883e-03
3.989469762943203017e-04
2.291000861114040384e-03
-4.602165822746449170e-03
-4.113479074440772737e-03
1.139636820228413609e-02
-7.489604879344876395e-04
3.925341646211425567e-04
-3.345681633503530105e-03
4.183283463994036215e-03
-9.793860939343304248e-03
2.299461955898210019e-03
-1.886217330133914492e-03
5.734027195912582212e-03
-2.623221594828614982e-03
3.845511248388490573e-03
4.190282228365658883e-03
5.742066444488169892e-03
2.670749939807252026e-03
-1.109729945871257674e-03
-6.439011323986060763e-03
-3.038439566289821443e-03
-4.152990587638330858e-03
1.099517304792855220e-02
-3.360746720103125092e-03
3.016413745121919367e-03
-1.106214270963492858e-03
5.373440440811098721e-03
6.053993892175981231e-03
6.436576003595717750e-03
1.134410472901503306e-03
3.059974181646147370e-03
6.006637606257169901e-03
-1.112955398293263062e-03
9.060900762693266386e-03
7.555140307989876994e-04
-3.712119400129150351e-04
2.665685145387841192e-03
1.506199417706362287e-02
3.040351401153679016e-03
2.274355855859261973e-03
1.132713201270265898e-03
7.943563544618361533e-03
3.755127533431850372e-03
-1.090529831066383484e-03
-2.227666307422480809e-03
-7.299881132095550028e-04
-1.107464025521214760e-03
-6.071466596401624456e-03
-7.925562808400374998e-03
6.422693941264712159e-03
-2.630179643480846149e-03
5.657681581182188654e-03
2.668329753342552069e-03
1.920948354158278238e-03
3.072829029084952340e-03
1.547123893315878592e-03
1.148569868088289946e-03
-4.132646126059282173e-03
2.255068483249661538e-05
7.266556377211364111e-03
-4.205140351674744453e-03
-2.268354790666383698e-03
-3.401644092924865394e-03
1.540668819803625187e-03
7.285948648158303495e-03
7.482987523637360007e-03
-1.124527676833053528e-03
7.651475538361489533e-03
3.000749695988869439e-03
1.140404204066335905e-03
9.875214334884713924e-03
6.498666285974831654e-03
9.592982389291147827e-03
4.089266946417556233e-04
1.143824050120910343e-03
3.835481290977620864e-03
-3.623917392036611661e-04
4.196678035237954608e-03
-3.050038522246237283e-03
7.879385963861229580e-04
-3.756305158719198088e-03
-2.637174702503166258e-03
5.298652345974425373e-03
9.465404055118835022e-03
4.162325397321258932e-03
1.526849115577413353e-02
-5.307746919212752261e-03
8.382557377136914262e-03
3.028989741836470885e-03
1.532480974751269411e-03
-4.502308899417828414e-03
-3.691053846292148685e-04
-9.125379757035987152e-03
4.154024002057574681e-03
-6.021320662710407529e-03
-6.414019923298862683e-03
3.432053014127968340e-03
-7.940724142384269005e-03
7.633862596983930979e-03
1.542284490105388668e-03
5.715753583176714885e-03
5.329295219919480582e-03
-7.458525981921615769e-04
5.684175957265463590e-03
-3.410607837701569098e-03
-4.546310063266193954e-03
-2.660431613478118993e-03
2.667708756242581549e-03
5.003589693112330677e-03
6.550091719009411111e-03
1.927553444294541514e-03
6.444535765165310820e-03
-2.253446208280398232e-03
-3.561066656460607546e-04
-1.898556706709904384e-03
3.009603382788173138e-03
1.077004999685974257e-05
3.036961136958522996e-03
-7.153667140186279090e-03
-3.599063037220471932e-04
1.173387423358241170e-03
-5.341366166233616451e-03
3.092917982920016795e-03
-1.925721211791987623e-03
2.660639524300712020e-03
1.153368542931741333e-03
4.543744782442184563e-03
4.015055269938144441e-04
1.917871353644597576e-03
4.172573734262524647e-04
-6.779234225115621758e-03
3.419194328604475194e-03
6.116205023081783439e-03
8.714464871422925030e-03
-1.128384071386505068e-03
5.676364009233838236e-03
-4.921112243531388687e-03
2.294001755318421029e-03
3.033493431484137436e-03
-3.784916873610607614e-03
-7.104741001746715107e-03
-5.661969754963378475e-03
1.167094273072649593e-03
3.055383319248811472e-03
-5.328545856747906630e-03
-4.214788191124702564e-03
2.704540252731501161e-03
6.787903233143588282e-03
-1.513184405143442766e-03
8.376164927859103965e-03
6.841749810882253972e-03
-2.231003950832655298e-03
-3.016545624325058482e-03
-1.165245589701615660e-02
1.075789155607401059e-05
-2.614350849749288389e-03
-3.599063037220473016e-04
-4.939883740161004483e-03
-3.383657376661247749e-03
4.504611660595546525e-03
-1.101634815071963905e-03
1.300127440920182363e-02
-4.196598270109396824e-03
-1.097870467529989472e-03
1.909250891957328666e-03
1.099529951611100641e-02
1.160063165643590013e-03
-3.384885727049329832e-03
-2.622226284939343025e-03
-5.676196666424980844e-03
9.198378291200579385e-03
1.924580005801155951e-03
4.557447737942760778e-03
-7.245794713940648850e-04
4.207917803646090034e-03
-3.402982482415565103e-03
6.839228733401791702e-03
1.165784413596981754e-03
-4.905879004405972257e-03
-1.483395272075323408e-03
7.191981508039798666e-03
-2.272008828135137128e-03
6.081610876677348218e-03
-2.642748412582255138e-03
-6.552822781301894522e-03
2.342183343788554768e-03
4.602066287423470584e-03
1.168010345589712588e-03
-6.129708463296861150e-03
4.959849406965389021e-03
4.967678861553383868e-03
-6.793298742623747784e-03
-7.341203156149153858e-04
4.012011927644082866e-04
6.015364982364474096e-03
1.058359060596043670e-02
4.973367883622694351e-03
-7.380104012626911413e-04
7.961291464817600106e-04
-1.622251721177377440e-02
1.158194060146401508e-03
-7.425008562896873729e-04
4.562699691921580716e-03
3.825310134513475180e-03
1.920806367807366107e-03
4.163411655846127948e-03
-7.447342661761431268e-04
5.345576495760094755e-03
4.950461523875311805e-03
2.683647832567575154e-03
-7.241070733347324331e-03
1.886443398382966173e-03
-4.937678287982239650e-03
4.620417484829431737e-03
4.574170872601024222e-03
4.265055225569179022e-03
2.667281902001184327e-03
-5.359276139291203195e-03
2.285746883423247870e-05
1.913714004230558782e-03
9.916468085143015365e-03
-6.472003635580856652e-03
-6.136725953451356054e-03
5.747010617867698290e-03
1.895667298398408815e-03
1.154247764456328706e-03
1.421924541427865840e-02
-7.519653242326646437e-04
-3.008497966270993508e-03
-7.535228124652744875e-04
4.187091629849849783e-03
6.482049319524506824e-03
-2.252617728093923421e-03
4.059566820114522646e-04
-1.142539721642957772e-02
-3.794942302045051664e-03
1.036509203378310935e-02
-7.581410608447446521e-04
-6.505864060884966431e-03
-6.453031561140338754e-03
-2.295330319162095564e-03
7.383800776791677248e-03
5.383751479534491097e-03
-5.306836364917625302e-03
-6.824279967328493283e-03
3.076361458124510229e-03
5.769117021741868544e-03
-5.722482107872537381e-03
1.159982076492626409e-03
1.553428806355889322e-03
1.932694710473131273e-03
7.277132016263159614e-03
6.902016073267054283e-03
4.961742736970755144e-03
1.164009767274295018e-03
-4.981859956084437255e-03
-2.691753050182446594e-03
-3.039567286779291683e-03
4.935423744560325267e-03
-3.707912800594180742e-04
-1.869744145393441000e-03
8.067762081027487694e-03
6.198936767836720797e-03
7.251635921880185236e-03
2.710767379762824697e-03
-7.665019417456979921e-03
1.072175332585897749e-02
4.595800638488979281e-03
-1.105931855589492585e-02
-6.514955907836618605e-03
-3.399088335124012070e-03
3.420533501930758148e-03
5.684110676858780860e-03
7.742744702137603239e-04
-2.692467890349548466e-03
7.298990103025066768e-03
-3.408109580559810173e-03
-3.065407225410052196e-03
-5.300818027945733944e-03
5.701265565382246728e-03
2.296860130845933441e-03
-3.026893533816585671e-03
-5.740721015161082304e-03
8.414568868100099491e-03
-1.143415015244670513e-02
-6.851734578630992896e-03
6.130267022646961571e-03
4.230794062669095135e-03
6.890235083354128050e-03
7.658231265346131938e-04
5.809757736355425882e-03
-3.722029618914047687e-04
7.211007644662413042e-03
-4.179465688771974614e-03
3.929842077965739781e-04
5.766898731209097080e-03
6.920351916640701644e-03
-8.821666444587350150e-03
-9.196470937701328036e-03
-7.174607688157755118e-03
9.950551930357556807e-03
5.312577088798804865e-03
1.068961150836210058e-02
6.083853559321002885e-03
3.055454061081719960e-03
-8.692982847264859106e-03
-1.124983836439131472e-03
1.084836832380154277e-05
4.596843282090020376e-03
2.646193101355741317e-03
-7.243166663928542019e-03
1.399452399733026528e-02
1.521535713380320820e-03
4.575377104539904774e-03
3.903127901679965986e-04
4.973425414966779756e-03
-4.149315550552402053e-03
-7.473512990724048019e-04
3.487493442206334848e-03
7.862435817370545246e-04
-4.962495397654670404e-03
-3.055970039517004553e-03
1.114710696396397326e-02
8.469523493834623870e-03
1.534231972631249028e-03
6.123179219785216364e-03
-7.359607127563942914e-04
1.900661426011042952e-03
1.558798472827650425e-03
-7.635577478902402272e-03
8.740997135133665025e-03
-1.871860505251518722e-03
-3.809462753609629132e-03
9.564536064376957109e-03
4.601766673182797023e-03
1.159968612162595942e-03
2.334037052813850693e-03
6.892958489104238258e-03
-8.368556716583314473e-03
3.870878183677198790e-03
3.441170353014443104e-03
-1.533489592992870465e-02
1.090664845159940837e-05
5.675636972661282642e-03
1.552834459472085061e-03
6.058579291609060384e-03
-4.127388988791593806e-03
-4.574726284472162285e-03
2.284673269702401123e-03
-3.584073555601188766e-04
6.493700948390516113e-03
-4.909827139875694649e-03
-2.654362745659128147e-03
1.529646384734812542e-03
-8.436018874976696988e-03
-1.135791213240665721e-03
1.298470585011246570e-02
6.090732075866040623e-03
-4.160342391748068913e-03
-6.571405257065711381e-03
4.583510727355355474e-03
7.736837846711646857e-04
3.467791112903342941e-03
-6.090107479138556074e-03
2.679884271474264508e-03
1.097546542215937539e-02
1.152929434273202488e-03
7.736748418212773112e-04
-4.190604804075182856e-03
7.282626664749185762e-03
4.571987199928360772e-03
-4.560713120970564388e-03
1.557893843747848797e-03
-6.498274855286732994e-03
6.919423079538213756e-03
-1.510302792774230636e-03
-4.586951573765812341e-03
7.026316354557294447e-03
2.690412937578697938e-03
-2.307667592120891606e-03
-3.413491652246049973e-03
4.575911018733521893e-03
-1.908071215704690120e-03
1.552508321627990703e-03
-1.806026009086776629e-02
3.082431194250015438e-03
2.239608003516903079e-05
1.242059728859724876e-02
4.243719562953552661e-03
7.651413900793126860e-03
-7.427849395179316827e-04
6.916759410726231426e-03
7.310156994930724558e-03
-7.540904594386882778e-04
-3.816709121017544670e-03
5.011306119150344199e-03
-7.726444795126050352e-04
1.930491164719413781e-03
-3.619779306129041548e-04
4.714495884115591472e-03
-4.218742521987584385e-03
3.482514055480621755e-03
-3.805083732288142787e-03
-2.703220398922262079e-03
-4.993010387341035965e-03
1.560289246682458175e-03
7.873358842888290203e-04
3.092641717485864264e-03
-2.688625244034670552e-03
-1.509724282022405261e-03
6.137398249081399242e-03
2.247337769104342518e-05
-2.652786967242479112e-03
-3.468663308920012268e-03
-2.276682135962373663e-03
-7.413838514891085783e-04
-3.449966880201995982e-03
7.861332220377826403e-04
3.088159105748812094e-03
2.692465424244571120e-03
-8.848649003073007224e-03
1.037305689809775271e-02
-2.670041121349838766e-03
-3.726268328582338558e-04
3.905366902408059695e-03
-1.014174261575117794e-02
2.728705928277004415e-03
9.916582840177268210e-03
1.526129741616795085e-03
-1.109139032734199988e-03
9.090438478800330277e-03
1.091493421868667407e-05
3.818411123199291334e-04
2.256805353142347673e-05
-1.069306328357496824e-02
-9.959114837435105450e-03
-3.424938749589905972e-03
5.409300582680022854e-03
-2.272882441142957607e-03
-6.912496381487545291e-03
4.013885737596476757e-04
7.828537877694823717e-04
-5.397795037379644889e-03
2.702491889346517445e-03
5.368001605003093479e-03
1.938404251572417754e-03
9.194742578336370653e-03
8.497587651748855428e-03
9.226491405460066422e-03
1.176986006076806467e-03
-7.666722238149244195e-04
3.057720981553521938e-03
-3.744893962555292423e-04
-4.249424870121610957e-03
2.245589360205761591e-05
4.269959242620392781e-03
1.533754119730435439e-03
-1.874188929566554312e-03
-3.427734263990834390e-03
1.138371851528392070e-03
-4.926404688154167877e-03
-1.890594639012938482e-03
-7.335405802308916055e-03
2.676791368034588028e-03
8.083290721197865236e-03
-7.986002824415023085e-03
2.707865029285006549e-03
-8.808082654431396291e-03
-7.552546219175014551e-04
7.787154070655713826e-04
3.078871399274554777e-03
2.266379604830615733e-05
7.210369954868787665e-03
3.878552968061639052e-03
-1.923624756000614838e-03
1.944342088696422981e-03
-4.622500041549144206e-03
7.330603765622521750e-03
-7.316370126243041186e-03
2.285746883423344093e-05
2.264627972433172696e-05
6.901935866911517933e-03
1.571436356439700295e-03
3.878272434619106212e-03
8.499344279149624246e-03
-8.006779171480840271e-03
2.344916564574004141e-03
4.291509630802117781e-03
4.953957281924947081e-03
-6.232665512472984268e-03
1.944608394532938017e-03
1.940878133771918503e-03
8.063921192534271882e-04
1.161658145872794361e-02
6.158585900752482425e-03
-3.837334375028094054e-03
1.947932982203699976e-03
-1.131870911784900501e-03
2.355787615696956338e-03
4.236651534202059456e-03
6.120956149309171243e-03
4.296245312723181303e-03
-8.134966863794015901e-03
4.177375916178860849e-04
-1.508500176814341889e-03
4.199883265911094968e-03
4.253589920355790172e-03
2.327767585688896804e-03
1.933415325499012903e-03
3.423785898997977722e-05
2.336763421027086840e-03
3.108413194674401574e-03
4.076716336637828159e-04
4.670671269093179534e-03
-7.965366308689518157e-03
1.340439540057567630e-02
4.626795822753521949e-03
1.562122762163242013e-03
2.710547865716378142e-03
8.540375388380084393e-03
9.686161647508221076e-03
4.127337994904641547e-04
1.921069707675318377e-03
9.860101975871666050e-03
-4.966428871372921897e-03
3.862117696590518321e-03
7.346794340393906879e-03
1.907851114256128551e-03
6.568679246707316913e-03
2.360348717326290341e-03
5.052088310449283186e-03
-8.087798353785716210e-03
1.003083983489327924e-02
6.146848745814951359e-03
1.044140592160616374e-02
4.978954628172911102e-03
-7.478156336685540251e-04
-8.403716987973940816e-03
3.497362547295530030e-03
-4.985698498530487070e-03
-6.547671628149345606e-03
-1.753115430616164483e-02
-1.513184405143442766e-03
-2.667651133949900701e-03
3.881319988046743209e-03
9.247743336301478961e-03
-3.653365849164093748e-04
3.125317459992486228e-03
8.769115326886869205e-03
-1.900776041840770720e-03
2.696023213798994216e-03
7.698335388742225636e-03
1.174763568145177715e-03
1.115126806773826355e-02
1.476298280783583383e-02
9.688957935181142372e-03
7.757461468193696053e-04
2.709722258296280977e-03
1.185626974164050379e-03
4.001437632926473434e-04
6.220795050760867181e-03
5.843014369813141588e-03
1.182534324007364617e-03
1.556106666589274039e-03
3.492931392045069919e-03
-7.537169563369201146e-04
-1.515494092673744589e-03
-1.519584125608140464e-03
7.369950142883322473e-03
-5.037866132466000194e-03
1.976923850114742712e-03
1.941124130399345202e-03
7.404331718043317620e-03
-7.802594793356613413e-03
7.735883104193273622e-04
-1.908093542712052410e-03
1.155110329270220108e-02
4.086110106312331120e-04
1.239918841251574748e-02
-7.593089121918499300e-04
7.432814376898982771e-03
-4.581086440552905627e-03
6.201266832998082387e-03
-2.694856438151747337e-03
4.299694218945346834e-03
2.729654136169124348e-03
4.121008485943237045e-04
-3.870531914131757241e-03
-1.131435527248955296e-03
6.142191457692249522e-03
-4.648459742075154548e-03
5.081586511514597955e-03
3.105752523894451510e-03
6.201140139314190343e-03
1.973518406464978923e-03
1.106796563445665856e-05
-1.140167172097095779e-03
5.751552007621742700e-03
4.999973569014428895e-03
5.065875116969194812e-03
3.135380068128934463e-03
1.296280124795508477e-02
3.861934049396455702e-03
1.114080357676297192e-02
-2.303943390817322651e-03
7.958306991208111310e-04
3.112027958450637281e-03
1.083363350146309897e-02
-1.913295235894863291e-03
9.279750996305671448e-03
7.353180274663257375e-03
1.570992495470013330e-03
7.889775770215137459e-04
-2.300555490807040977e-03
3.860402344488489141e-03
-1.120628245943964662e-03
-1.123681503982395602e-03
-7.453515045773929969e-04
2.257674791787471594e-05
-9.651967063484550094e-03
5.847085306339002038e-03
-5.345542457404488419e-03
2.325918589741661057e-03
1.188824870998923811e-03
1.186518975997110075e-03
5.382387457748778747e-03
8.035592002689482573e-04
-8.148364914739504583e-03
1.587943621828376631e-03
1.171609608671540141e-03
1.173866614891758576e-03
1.166151180696276338e-02
7.961384765686865860e-04
6.586341499958177186e-03
8.576902804410336048e-03
1.565120646622031233e-03
1.948375898945298645e-03
6.227570151022057687e-03
-5.753394106336715691e-03
1.009710904778445342e-02
5.038442869624310677e-03
1.956327570533459778e-03
1.151891041172478560e-03
-3.018795295308497606e-03
-4.991213531751676098e-03
1.571436356439700728e-03
-4.626036216160906919e-03
-2.683459791670498706e-03
6.956931026166966563e-03
9.716165929690887340e-03
3.961543886785913351e-04
3.842740801312654556e-03
3.887292495874189457e-03
-1.144412492324209212e-03
9.301358655561369967e-03
6.172771506765022814e-03
5.771337019502970934e-03
2.711781601087496964e-03
3.124101286098272031e-03
-2.249606106866153862e-03
4.254931588276872519e-03
7.970632389198038445e-04
-6.170045334532647981e-03
-2.726669725248699779e-03
3.132199798487167019e-03
-5.795747688928573442e-03
6.620620430074536551e-03
1.947932982203699976e-03
-2.713547036470540744e-03
7.083270664204717286e-03
6.638753044795025170e-03
-4.254331698232929025e-03
4.674248559938283878e-03
-7.660764644145664571e-04
2.318840747246456082e-03
5.790737590913256488e-03
2.336790869983038782e-03
1.191814054929499992e-03
7.715063686023026883e-04
-6.215393346207295951e-03
-1.916931231221486375e-03
1.054308716576278677e-02
9.338377002862796941e-03
-9.700306020860723424e-03
3.872372902073829490e-03
-2.313926850799413130e-03
-4.272555580677945761e-03
6.180010956703190297e-03
-2.667619931246630136e-03
-2.297733317656110337e-03
4.035941305657491968e-04
2.751039289643297456e-03
-7.622354129170489647e-04
8.892677857678176617e-03
-5.024173119864938988e-03
1.542738112006637394e-02
1.085480758293267366e-02
3.908457203306245700e-03
-8.955806467613023139e-03
-7.534155909209922690e-04
1.012048164548184394e-02
1.957454657695016902e-03
-6.527529478089575538e-03
4.291509630802117781e-03
-3.449966880201994681e-03
3.948326937996192269e-03
1.581792307527130981e-03
-1.947029470098329699e-03
-3.429053280811437520e-03
1.337214827185470058e-02
-6.527529478089578140e-03
-3.471640544804233206e-03
5.439930263230862394e-03
-1.154007141186804081e-03
-3.766580355671967956e-04
4.629385368598915897e-03
-7.296349009194306491e-03
3.500976194527253074e-03
8.177346550768016531e-03
7.734126324354308191e-03
-3.661892470704861948e-04
6.191811823200707443e-03
2.702206374762362601e-03
2.325971284579511026e-03
6.993772669501862466e-03
4.093963384645249838e-04
-1.894906605068513760e-03
-3.844795584629950164e-03
-3.074766272674460746e-03
2.754259647970732413e-03
8.502203941233923978e-03
3.139071811378900487e-03
5.444088535273399962e-03
8.446825788659781398e-03
5.032649533233176514e-03
8.611892554620925039e-03
3.110785576947524503e-03
8.564885424628581809e-03
1.196248438590761555e-02
3.863421866988997217e-03
4.644607593080970001e-03
-5.012469921437212421e-03
-6.589361141372562271e-03
2.705820437205286571e-03
-1.545532092717112052e-03
1.560912158831280179e-03
7.932695015350696432e-04
8.184766679306896761e-03
3.486187589384933186e-03
4.702549475218626047e-03
5.809689677102739154e-03
-3.859768725973977081e-03
1.078291650010717966e-02
6.213309087032628693e-03
-2.697998767663729956e-03
3.087007643129321185e-03
-3.065244417395557742e-03
9.246754513188591706e-03
7.335886389546507694e-03
6.577225512086207551e-03
-3.663360643675556486e-04
-3.637921601870073652e-04
1.005422390562417043e-02
-5.390299634361713638e-03
3.497362547295530030e-03
1.172049318346508537e-03
-2.331943816241458921e-03
-3.118044381443320443e-03
9.356471162141992426e-03
3.482153792775435994e-03
-8.797819722261493794e-03
-8.947341479903345510e-03
1.432859492458358162e-02
4.267875297038041700e-03
1.174712093099757786e-03
-1.947820215335270512e-03
-3.855100807448223928e-03
3.869546219569077079e-03
6.947063849071255862e-03
-1.131000477533534478e-03
-6.896580369097161066e-03
5.793046734900021526e-03
-2.684497585773026537e-03
-4.653963350209425372e-03
-1.119065737652199209e-02
9.757079823348601202e-03
5.430221210544701298e-03
3.869088703607712152e-03
2.325918589741661491e-03
-1.283325022225731589e-02
8.451977883872533598e-03
-7.564047973338578097e-04
-1.916050688671199799e-03
-3.467628660259808142e-03
-3.667599031027941837e-04
9.263117925047668205e-03
-8.879659201784120479e-03
-3.646333402722628982e-04
-3.667555732651092324e-04
8.067081215192935988e-04
-3.694861999017647167e-04
4.095547267140238262e-04
-1.195139071787784321e-02
8.118218576373738629e-03
-8.040645231494279385e-03
-1.921403486357460512e-03
8.575117992556054863e-03
-6.568848116108349892e-03
-4.249474882635844233e-03
-5.765972118309415501e-03
-1.527278950649731647e-03
1.571819854688992664e-03
-2.330922451968856900e-03
6.222976616882856284e-03
-1.134914741281473809e-03
5.815418126578319157e-03
3.917885546945538630e-03
6.628827669296434577e-03
-3.668985119088282029e-04
-1.160446438394679806e-03
4.247037629528815743e-03
-3.800418104760874089e-04
-1.513184405143442766e-03
-4.569461268385066263e-03
6.971117866950068791e-03
-8.475229814339405726e-03
1.957864856243441733e-03
-1.535053467375862386e-03
-2.300220315555961959e-03
-5.341428450965512824e-03
-3.088033038600461813e-03
-3.461948288656460128e-03
-3.885141301755273488e-03
-8.554350083325855392e-03
-3.498397094673467728e-03
-6.220555826876782331e-03
9.272679444218641723e-03
2.288424629903599268e-05
-8.410177151809810833e-03
5.857101862895720996e-03
-7.542937676477449137e-04
-5.406997061277096436e-03
-6.537623331974678001e-03
-4.945445559665410939e-03
-2.675186236086223024e-03
6.583944983274106662e-03
-3.480775159063908934e-03
4.289789733476015617e-03
8.096559919417356185e-03
-1.049328747295420056e-02
1.946159296598826702e-03
-4.650393443064233800e-03
1.269597678152359702e-02
-4.642262893550640895e-03
-8.075381722733249515e-03
4.682412626535258950e-03
3.911459933885259865e-03
4.009238237899770125e-04
1.981546766034058497e-03
5.125623753677737565e-03
1.963523334222614866e-03
1.131743562092511930e-02
-1.922259173077628999e-03
-5.766541834692018656e-03
2.743473497091902542e-03
1.572635711639979545e-03
3.118034586772150830e-03
1.522272579447360441e-02
5.848054090407246025e-03
3.100317943740531039e-03
-6.638854537276835457e-03
1.101665386590068799e-05
3.085821096304437825e-03
7.908139427362436899e-04
4.338629030271683694e-03
-5.428030927473389243e-03
3.560172796270323885e-03
-4.259109653695125446e-03
4.012319560438957914e-04
-1.132293422970739307e-03
7.692682491479353908e-03
2.289318606818580801e-05
8.515286831404079645e-03
-3.466014890573900983e-03
6.230173506626046978e-03
7.083355140478924013e-03
3.986067596755578368e-04
1.016807740863986259e-02
3.146063534251091441e-03
-8.131798788768976327e-03
9.761182166730620821e-03
-8.496201789101506460e-03
-7.811685566317973922e-03
-1.132371324274362209e-03
1.571225349662356240e-03
-1.143713853602873259e-03
2.760657597748926873e-03
1.576281888923776724e-03
-1.917652608934738295e-03
1.198388379715880584e-03
1.090526804784029691e-02
7.091643601342390718e-03
-8.879659201784120479e-03
-4.993143797776223788e-03
-1.533248127791818870e-03
2.337669577188790371e-03
-3.545439218327131603e-04
3.109888942414763303e-03
5.789158699045435230e-03
-3.668985119088283655e-04
2.355857738333509178e-03
1.013236507390351780e-02
3.094284303841744396e-03
5.040396690028474402e-03
-3.862544556313839920e-03
-2.682391388165851140e-03
-1.541501836912278003e-03
2.733933537475612217e-03
1.611850713143983928e-03
-1.459867622132318687e-02
4.253335912227962021e-03
2.364032696589127812e-03
1.183777565743127265e-03
-1.934327175708717549e-03
3.914910275379353613e-03
2.281297871305280585e-05
3.538455902107809272e-03
5.101484453328607171e-03
2.752002271892413452e-03
3.144793834371576932e-03
2.753145628787795948e-03
8.071205190684841964e-04
-3.847595441855570890e-03
4.166223958143404067e-04
4.310061260516984301e-03
-8.995728985522213894e-03
-4.290882603272015011e-03
-4.631432489672735950e-03
1.195315163198740725e-03
-5.121465171771840200e-03
-2.716943268750260636e-03
-6.619198007202446721e-03
3.105096067798746549e-03
-4.624240251648276817e-03
-1.536711918852081077e-03
2.309081627910494181e-05
9.629982303110884087e-03
-7.748572541333931252e-03
2.354937429456313916e-03
4.035941305657493052e-04
4.309803790330869397e-03
-9.053258665100278463e-03
-8.547767806740810825e-03
-3.095102213042005661e-03
-1.911805609243507351e-03
-1.537329471742999304e-03
-2.748071258894646974e-03
4.137064762827373835e-04
4.151617829582926467e-04
1.596664722742670425e-03
8.937664395623459018e-03
-1.153088642916280139e-03
-7.657699192581058538e-04
4.291509630802117781e-03
1.186690847995227433e-03
-3.563339485758590473e-04
-6.237552238137774631e-03
1.015237521754775406e-02
1.195301007779782636e-03
3.162134950572469735e-03
4.132171215981567938e-04
-7.747697266872588919e-04
1.182534324007364617e-03
-3.109846524855540417e-03
4.352274927462910885e-03
8.902914546873105447e-03
-3.868223580132648036e-04
-3.546735750345678248e-04
2.742284350440839756e-03
-2.695650279719139300e-03
7.880171501533864836e-03
4.120959872652887987e-04
1.976900438560864458e-03
-7.799613437169660443e-04
1.343535366304043736e-02
-7.757373164105126756e-03
1.960109700141620271e-03
2.272505010436610433e-05
-4.724793518148747568e-03
-7.370288169561135111e-03
1.103409010992250326e-02
2.762820376509098671e-03
1.010890108585210494e-02
7.920398188997387337e-04
4.137064762827381424e-04
-2.684814416051154676e-03
-2.715679585629572103e-03
-7.851979542756515329e-03
9.296923899198866748e-03
5.481123152680377093e-03
4.314773828821140238e-03
1.026425083065604996e-02
5.486543740922694701e-03
1.573028829114989525e-03
-5.428852510655737817e-03
-2.737234657260042680e-03
4.712644096510247918e-03
-7.126640658024958365e-03
5.491809987343902223e-03
2.758515752605253304e-03
5.933200671469679791e-03
9.947380536096527004e-03
4.345408684623073767e-03
-4.279103042329511671e-03
-3.526427942169436166e-03
-2.376494700368735058e-03
1.173147733785556007e-02
-3.914417142051158927e-03
5.180223935996325010e-03
-6.232929036296306138e-03
4.734962013463827821e-03
-7.601829656059375280e-04
2.750957747743528609e-03
-3.877564456596891383e-03
2.310875116556147053e-05
6.648087062485440006e-03
3.137877570109987718e-03
7.429991037471534929e-03
8.199602249123177228e-03
1.983592044331771494e-03
-7.516308298346923746e-03
1.063060780103040372e-02
-9.332716998442562584e-03
1.170692965002188661e-02
-1.139882197136662945e-03
4.333130429617730855e-04
1.581036137463351973e-03
-5.427149141018235319e-03
-1.955048051711370891e-03
-3.837806768605274399e-04
5.870899882118266189e-03
6.254152472486803824e-03
7.032763099054282173e-03
3.899640473505167591e-03
3.498722439003633042e-03
9.089109847011384372e-03
3.537893241004625398e-03
-5.842739939123172896e-03
-1.909673398716954821e-03
1.997121827002128376e-03
-4.751178729072427429e-03
-4.262487769366227544e-03
5.485418946982890259e-03
2.005698228826014329e-03
7.936358627732913520e-03
2.349458387910992405e-03
9.579270987279590518e-03
2.308172152554054219e-05
9.838299892260385371e-03
2.368761593607464876e-03
-7.793447604235009254e-04
-1.057457840097881727e-02
5.877649144073712577e-03
-3.948632161890826796e-03
2.753039915482670668e-03
3.946773020485315475e-03
-2.718884701593634289e-03
2.329531997508034209e-03
-1.058346457282974273e-02
4.166273645229242499e-04
2.345876639407809029e-03
2.290186160816140776e-05
1.215189057268807301e-03
2.319133365629496768e-05
8.689936388520414293e-03
7.830911785438262468e-03
-1.168623227513481289e-03
8.667739830444337254e-03
1.347803985188001166e-02
-2.692467890349548466e-03
-1.542708560219056965e-03
4.032775682107279892e-04
5.105490785602835244e-03
-8.198655718212547600e-03
1.006201556856953054e-02
1.967364559472702199e-03
2.361394732670222835e-03
-2.346573146633522833e-03
-1.570496103072236728e-03
5.946992551835469584e-03
4.335183366953259711e-03
-2.323740183436779141e-03
-5.069365267364917688e-03
9.753962532010124892e-03
-2.336478281949818867e-03
6.336444858797728348e-03
-1.306028233513874086e-02
5.509035294924700780e-03
7.083355140478924013e-03
-1.563478229424982140e-03
2.773690697709127982e-03
6.254530814236520554e-03
1.205529884818658769e-03
4.364279154105259358e-03
1.186148398337487364e-02
5.131502773144117763e-03
1.570992495470014414e-03
-3.546841544707461224e-03
7.097151757539036168e-03
1.579195500770405646e-03
-1.566528799922282467e-03
-2.336450438965894348e-03
-3.126981028453953201e-03
2.006628360685265393e-03
7.995233857381976858e-04
-1.253504132417126125e-02
7.441562686897566260e-03
-7.711427094936053024e-04
2.757400713579620001e-03
3.153403018323222649e-03
-2.335531992624033815e-03
9.884372002409234914e-03
-3.525904281421340502e-03
2.768228345695536614e-03
5.067730524569331006e-03
1.053048221135535582e-02
1.216610740502335752e-02
2.309054057521153436e-05
-4.647642157840421728e-03
7.000863588563614043e-03
1.963899599315480343e-03
3.165343297800196978e-03
1.157646369834314671e-03
6.636156592609021576e-03
-1.960890125455824837e-03
1.201390319349674839e-03
8.185374229932547213e-04
-7.560473547802916590e-04
-2.727587008077069896e-03
5.133463437912696124e-03
9.068910625639390460e-03
1.030882634535508144e-02
8.001350715730163893e-04
8.032943499018867315e-04
1.021178650456329960e-02
4.340264050931565316e-03
-8.370908081819117275e-03
4.219158272434851134e-04
-3.533376966795173831e-03
-3.120813282617607761e-03
4.032727756304600709e-04
3.187127334172842712e-03
-2.752330747596863202e-03
6.320592009000385383e-03
3.533738973239551259e-03
4.124170811895764839e-04
8.415121148232278248e-03
-1.420977007928728858e-02
2.386809424777933467e-03
1.595400010969925996e-03
8.290048165234223387e-03
-4.722976818973177726e-03
1.336302697837244043e-02
-5.480162318638820418e-03
-3.787042867080357288e-04
7.870946915457735851e-03
-2.713547036470540744e-03
-8.569547414747252442e-03
-1.554824763108546629e-03
-2.731979807020436853e-03
-4.701605055512210474e-03
-1.176004551789739576e-03
4.177683284364740375e-04
1.109848154111440490e-05
1.177504292700379783e-03
1.942610211275044548e-03
1.257127335958015991e-02
3.131338538067250047e-03
8.303160578342447251e-03
1.579195500770404995e-03
1.201876710851275789e-03
7.136464198069308700e-03
7.892130472971395361e-03
1.983615756694382271e-03
3.089503205833605323e-03
1.176198829185491797e-03
3.521459363091571787e-03
-1.913242672399832972e-03
6.348052319036225251e-03
6.401060159023856666e-03
1.984656470398661002e-03
4.179382622034124336e-04
-7.047237461558906145e-03
3.206180927139071560e-03
5.139477305021786409e-03
4.289575012368501521e-03
5.111514049548035975e-03
-2.735077584649305785e-03
9.366678708229667430e-03
-1.556397092356990057e-03
7.122343640147320298e-03
-5.884951230492494259e-03
-4.713631593432650486e-03
4.707153413133282303e-03
1.154721047928314141e-02
-2.711385599001437611e-03
4.385050359967268378e-03
3.874044358885058922e-03
-3.114744141157297676e-03
3.143599758569343150e-03
5.838031975840636198e-03
-3.581464082433920499e-04
-7.024273171045998694e-03
-2.349384955102823587e-03
1.283361150540486204e-02
-1.181587351976708848e-03
9.443070089469195530e-03
7.877157015269720466e-03
4.350505989849282572e-03
6.651844862939224924e-03
6.228147781729695583e-03
-3.141807936464048601e-03
-1.187381261126750111e-02
3.175097437194495005e-03
3.563733096874309707e-03
-5.182956223352699898e-03
6.749343938306741862e-03
-3.700627777685895994e-04
3.968213662564624967e-04
3.942558068590952015e-03
1.975534533693867455e-03
-3.831799033596565407e-04
-1.250358083747362542e-02
-5.119393570556836012e-03
1.130303133056676651e-02
3.577056748095231060e-03
4.388434448233794784e-03
4.325068434906867952e-03
-3.131895233350435754e-03
1.186866245795628171e-03
3.540668183506596924e-03
8.089270910666907302e-04
-7.664673311097344168e-04
1.021981537723990439e-02
-3.509844521049054842e-03
4.034357872893164785e-04
5.542642677408600969e-03
3.160119169423789964e-03
1.194635009958585486e-03
-8.304721143162798608e-03
8.007668536506874204e-04
5.129608070902274414e-03
5.932948674599658641e-03
2.755238797343764930e-03
5.089679104367109304e-03
-5.451364480052572556e-03
1.495988259255082511e-02
1.181048794151406608e-03
-6.726830186239535561e-03
5.570285009959823237e-03
-2.767694592385898378e-03
-2.329206038616870016e-03
6.726613835300686468e-03
-1.159438202091904891e-03
3.201699294587381957e-03
-3.545392553692544146e-03
7.116711050796758684e-03
-1.952414558238376721e-03
1.996191547295016189e-03
6.778762734730391787e-03
2.762822063106206739e-03
2.384634123459477943e-03
3.964301623753003177e-03
-1.567793938202141028e-03
5.526368998388877032e-03
1.594073768150139304e-03
8.727809591128140795e-03
1.990659624370322896e-03
4.328412020474739323e-03
-3.511227500740592665e-03
3.583464737346568098e-03
3.600585088813565340e-03
1.828962515981609124e-02
8.438863285529295960e-03
5.487569370224495459e-03
-1.186778016702505142e-03
-1.578429533822702305e-03
4.744991647435535358e-03
-3.505702110889431181e-03
3.158833249489470096e-03
7.128778798906686143e-03
1.218760958883992503e-02
7.891148442017471842e-04
7.951563296941282361e-03
2.020129252856032401e-03
3.992798919837977148e-03
5.994313674756413315e-03
1.209381407211082820e-03
2.389359958055422076e-03
4.340336556454093067e-03
-4.282411093379131541e-03
-7.628623042397601230e-04
-7.664673311097331158e-04
-3.729863055780846559e-04
-4.367813879478491673e-03
-5.146064465831046153e-03
2.310902730450135382e-05
8.064883928007743905e-04
-5.485563252108379903e-03
-3.740191325860508197e-04
-1.154460073914934017e-03
3.598355636317541757e-03
-1.554843349878284311e-03
1.977097489719232323e-03
1.601087764195657662e-03
-4.729601202100326002e-03
-2.325475996945737360e-03
4.835701910086107579e-03
-5.121465171771841067e-03
4.732037734919582357e-03
1.211353455640392035e-03
8.175720298861376438e-04
-1.147703196233696528e-03
2.319105554684015342e-05
5.145628446298552115e-03
1.003900870226660455e-02
5.599115024478975265e-03
3.903846609430790000e-03
6.628905866884897240e-03
3.992750600307785024e-03
1.095719537687892294e-05
-5.877645853771993126e-03
1.611210830009205319e-03
-2.369000247744462110e-03
7.421599153617389720e-03
1.217338194259035868e-02
3.916443835250370091e-03
5.868092507876367797e-03
1.249296550725177528e-02
5.532988416598572448e-03
3.569974765518519298e-03
-5.838660187329401847e-03
-7.433403782947770738e-03
-5.950140738716868521e-03
-3.822708682701482009e-04
1.182086713470471883e-03
1.059311016968516109e-02
7.113983304025828756e-03
4.376349782807395158e-03
9.448454923620784249e-03
5.528617822794418095e-03
-1.562201280373737072e-03
1.993002751769214816e-03
1.951377481232158522e-03
2.794719207881183384e-03
1.994583887163654898e-03
1.977097489719233190e-03
5.528617822794418095e-03
-7.504358571990969382e-03
8.093750393494787351e-04
-7.688865952775169330e-04
1.620196085115981934e-03
6.361014667476169726e-03
5.914161457486715422e-03
6.315963280800831331e-03
-9.354652030312465838e-03
1.994583887163654898e-03
1.577359144819320347e-03
1.602999148123301085e-03
-1.304973909185064632e-02
3.180813632222853279e-03
2.416667574049156247e-03
2.783452711869045110e-03
3.160852247880943655e-03
4.348599671894759207e-04
8.090619736077377501e-04
-4.752959719513318027e-03
1.195357384996263185e-02
2.322782375640649108e-05
8.217951264749703095e-04
1.205079231567655418e-03
4.118028349004613326e-04
6.368611399455500512e-03
2.013706200285438497e-03
2.785818853083672948e-03
8.290359451630043876e-04
8.403759468833904220e-03
-7.762368972473432903e-04
-7.507432897295917770e-03
-4.385368924394863338e-03
2.388681698040514851e-03
2.792391410013388663e-03
1.146134246400086879e-05
-1.182527729258751100e-03
2.387730792375692204e-03
2.763933322768575424e-03
2.777008401784609136e-03
5.965917354805472597e-03
-3.594179760361669324e-04
-7.576355972860948813e-03
8.002866662551361837e-03
4.124635515723599545e-04
-1.588656477854725330e-03
2.361960564544965000e-05
7.626354761467685900e-03
2.318160379251187587e-05
4.109848873470003830e-04
2.025851144033799164e-03
7.497484415532946166e-03
5.172350561812089076e-03
3.990209995064495849e-03
4.362484320440737770e-04
5.572435278039538156e-03
3.570666530713210041e-03
4.719042149106170668e-03
4.784513116094850534e-03
-5.197854077470086785e-03
4.738702233771692994e-03
3.152164892334548968e-03
5.994445887359402259e-03
-1.180662683497229158e-03
-4.360847694731680331e-03
6.685759249906601809e-03
6.363020136456815079e-03
-4.739777627783204467e-03
-3.635641922648967972e-04
-3.500194083607638049e-03
5.178470191643608223e-03
4.309803790330869397e-03
6.741273370364041402e-03
2.403275893926842561e-03
-8.262262976219550761e-03
9.892452274073768384e-03
1.110293311306758367e-02
2.802485780716897773e-03
-2.757831417368339193e-03
3.540591939099408585e-05
1.594093028569055744e-03
-2.763320782391554421e-03
-9.540725277619141118e-03
-6.239998475677582465e-03
2.370799823719403274e-03
1.142904790443386755e-02
-7.516312284898416310e-03
5.968331085230134912e-03
-4.348769996202013835e-03
-1.570477284871647132e-03
5.199057976894190525e-03
-3.117198738713242764e-03
-3.704997074146358670e-04
3.972272301544842697e-03
2.379206588743264239e-03
-4.654073280424752754e-03
-2.731880923227315676e-03
7.824384640054500920e-03
-3.710794552289028753e-04
4.331812339546568802e-03
-4.301108084919540685e-03
1.201376019676873722e-03
1.118153388479659647e-05
-7.845450206282895619e-03
1.204214009525843981e-03
-3.554475265369420531e-03
-4.328173890704271019e-03
6.345875444213768153e-03
-3.122370882452778999e-03
-1.185830870097654213e-03
7.845779709975762850e-03
-1.181131949639145943e-03
-7.610769985683664115e-04
4.751782637584532447e-03
9.477456936360035070e-03
9.392261235250715448e-03
-1.104650689741874803e-02
3.567877759695703595e-03
-3.759563934590183401e-04
4.074173372449117715e-04
-3.565810866713914600e-03
-7.628623042397603398e-04
4.768723195964285483e-03
2.767158875600449815e-03
3.943621856664616433e-03
7.562763658992435398e-03
2.378320363625820166e-03
1.106778259911674230e-02
1.203135116192784486e-03
-6.700178473640090032e-03
1.604915101138587900e-03
7.113166719957172632e-03
3.938974859241876035e-03
-6.617698024832396539e-03
1.589752525393789721e-03
1.615057767764142014e-03
4.352287198031893657e-03
3.577056748095231494e-03
3.193427657512183139e-03
2.323675482631918854e-05
6.295765317997092242e-03
2.001863807652196851e-03
7.532819952892279465e-03
-3.538990008335753633e-03
-5.861932866764310752e-03
5.582343629600665900e-03
2.308172152554150442e-05
-9.010850706789160988e-03
8.681318768205095390e-03
3.132597393954929862e-03
-5.103368605383811277e-03
1.027622871018530823e-02
-3.694818054538221916e-04
-7.802700013686684252e-04
8.294358381983914924e-03
-5.886584355470086787e-03
-2.757851376399457575e-03
-1.172293216358241902e-03
3.174562934370812189e-03
-2.726360216243558371e-03
-7.564324860064699022e-03
-2.712482017372625041e-03
4.692536870177426399e-03
-1.161713943989661378e-03
3.192196370911770491e-03
9.432697692599896142e-03
9.042805571101836942e-03
2.014488504733416997e-03
9.440908165236783917e-03
-4.314482263613796283e-03
1.989871851578831584e-03
-1.299150045383621124e-02
-3.982872124781411047e-03
-7.768581259840999509e-04
1.190890886247564923e-03
7.870388348844726406e-03
-8.994318388219096905e-03
2.758465873227254703e-03
1.287207524348931396e-02
7.100036356738646977e-03
1.591699042967134863e-03
-7.661648477993555180e-04
8.083975123834845778e-04
-4.333278530806928229e-03
-1.403812360974269861e-02
8.020334156492875139e-04
7.583996151106986265e-03
-4.311124498166822409e-03
-1.552670753765626223e-03
3.921576731676278886e-04
2.396007682434172018e-03
8.234287311914911074e-04
-1.164459448406118943e-03
8.224418157434182711e-04
-6.685603838323146177e-03
4.222626203778134281e-04
3.179592051704253040e-03
4.214221217003681175e-04
-7.787183272744589106e-04
-1.553005412822843281e-03
-3.795807566390527578e-04
8.327399565488065314e-03
-9.845885908460295238e-03
3.606937646903919052e-03
4.811189679818329672e-03
4.392105671372084109e-03
-1.145686947940827540e-03
-3.862120314006305035e-04
-6.287065848220484837e-03
4.766771183142897057e-03
-4.333318686929750994e-03
1.031304895242911475e-02
8.412430953250987081e-03
1.639774539601377128e-03
2.044698423276608383e-03
1.011169869052812309e-02
7.611320001949614493e-03
1.218563350427610088e-03
-6.341513662706495594e-03
-1.970714637807071193e-03
2.404580240366121884e-03
-3.843833371804687899e-04
-6.375094464740690796e-03
-1.141656781278242629e-03
6.376856528479274422e-03
-2.751272899232359501e-03
8.020334156492871886e-04
-3.574349267425154172e-03
2.419995672941974152e-03
9.536897432205685213e-03
4.818958214458041525e-03
-8.714055890839419657e-03
3.187088993820585102e-03
-1.961644974173315167e-03
4.359104009908461135e-03
6.383859428774499821e-03
-1.945029170974214199e-03
7.172625075805189564e-03
6.768067232746005635e-03
-3.486203702564517632e-03
8.372282328398173226e-03
-7.661648477993568190e-04
-7.483627610338367160e-03
8.739743825350795858e-03
8.993341044339596413e-03
7.590046390387516183e-03
2.740169325067946717e-03
8.703708370947830716e-03
1.526444382177682274e-02
5.105430016969574394e-03
-7.043525499258213030e-03
-1.170949330345593667e-03
5.497109269399851408e-03
-1.555456962676248162e-03
5.551598873017368069e-03
-4.343628814346257513e-03
1.360319818026271832e-02
-4.299182358037579969e-03
-1.554248793575852211e-03
-3.939215736238674444e-03
2.759566025203264144e-03
7.219217144982748892e-03
-2.355877758106844806e-03
-1.969439599560257256e-03
7.935977102024696292e-03
-5.502988963013460098e-03
-9.472946876652512185e-03
1.199841595507522302e-03
-3.752071799422361477e-04
2.782475441412108220e-03
8.230994963071675517e-04
-3.948168944154238462e-03
-3.157642540525072618e-03
-3.664756755547929909e-04
5.604578595022246569e-03
1.309113618229625943e-02
-4.758656350191323853e-03
2.012875667282622294e-03
3.643237600233250814e-03
2.345943918105388649e-05
-4.348769996202013835e-03
8.002963859939753177e-03
8.036222636012008017e-04
8.016424759142236345e-03
-3.538990008335753633e-03
8.733014898460983444e-03
-1.548367932751833383e-03
1.202657303736215204e-03
2.371585507032193847e-03
3.994394120690496729e-03
8.724343391635863351e-03
-2.752363818466130232e-03
1.197477743632977855e-02
-7.870536300746810293e-03
1.620349943204644691e-03
-3.166885618776307462e-03
2.393418668285863735e-03
8.103255019210593799e-04
5.583481509599825393e-03
4.077355355421565181e-04
9.572369114405020890e-03
-1.572553449397048409e-03
3.221541608706656335e-03
7.583917563948786023e-03
-3.654709924989188886e-03
1.121818488111135485e-02
3.961255464561937861e-03
3.205561874691600834e-03
-5.633941385588300821e-03
4.141196025016634797e-04
1.635829077967152802e-03
5.234588769955856973e-03
5.989311114979324439e-03
1.004292439530254932e-02
2.825659373153761693e-03
-2.393699859459429407e-03
-1.190090535540740428e-03
1.236725508826324281e-02
1.031727554909895803e-02
3.986430837292272850e-03
2.809979299769310712e-03
-3.979683323637100978e-03
4.835701910086107579e-03
-4.402857034881525224e-03
3.213842913790673078e-03
-1.182201570350202959e-03
6.862060779783589817e-03
1.608079647980018706e-03
6.890900826626362129e-03
2.808074447587753132e-03
-7.609853372718185065e-03
2.033962614117749979e-03
-3.592224061894555218e-03
1.215190280487665536e-03
-3.582223499996315015e-03
4.081962439725655804e-03
2.419936796731944877e-03
-1.177388232210011985e-03
-1.184412981429792391e-03
5.143694615914147679e-03
1.612566247048559300e-03
2.332925868887823388e-05
2.783636168203231214e-03
1.414951289892335887e-02
-1.587290380947674329e-03
2.339416783395951562e-05
3.544869864332386749e-05
3.227226405608143132e-03
1.652058524270823975e-02
-3.579325627502310484e-03
8.755532908484487190e-03
-2.343833863955553827e-03
-4.781521917579195299e-03
-1.995638945817963545e-03
-5.968867942249881514e-03
1.623595541910467701e-03
-3.857567090100934314e-04
6.809992939472206581e-03
2.806982226397085941e-03
8.323881205050926530e-04
3.596922032499414845e-03
-2.384123689832381467e-03
-6.031757191482560281e-03
-1.582957914420258985e-03
-2.375748303342484387e-03
4.837710797835534891e-03
1.695182595686364410e-02
6.022979350188192166e-03
-5.513714048949377826e-03
-4.779661340578384224e-03
1.603637290643581889e-03
6.501004021182840535e-03
7.262738189536185711e-03
1.051269047781749726e-02
2.830757897108439770e-03
-5.168495416837643776e-03
5.192889620304030375e-03
7.256455129882407977e-03
-2.816737235185923834e-03
2.004733328377670838e-03
8.850562048073154151e-03
-7.831063988238049205e-04
4.149551619017405497e-04
4.820277442645008736e-03
-1.580942857926397353e-03
9.190505008780141399e-03
-1.583483476503864040e-03
8.263936873173609310e-04
-1.189138096352855339e-03
2.322782375640616582e-05
7.999079202323955418e-03
-9.889118326706514833e-03
5.593337642378478844e-03
4.747244756245121503e-03
1.123453188887069166e-05
1.136053803508222733e-05
1.108650182575367758e-02
4.100066383929185294e-04
-6.328977738550751325e-03
-4.767011584012105854e-03
1.620349943204645992e-03
1.076122027253123906e-02
4.430927724167965480e-03
-7.163584533367687440e-03
1.617097622931842893e-03
1.232265064220957945e-03
-5.900376689088214152e-03
5.244744316950238593e-03
-3.165656777826594132e-03
2.837645027799641246e-03
-7.734629568914133712e-04
-3.986606613546161970e-03
-1.604680143750302932e-03
1.005101016705005693e-02
-1.123741698086677850e-02
-4.804549558199843091e-03
6.801735322875744096e-03
3.641768018266018994e-03
3.630009677676288796e-03
5.617977528089890954e-03
8.283889497751414531e-04
1.199180698429846070e-03
5.722988749778040903e-03
6.796460949714122277e-03
-1.294550666437016898e-02
3.619087965019187822e-03
-7.576446994319174441e-03
-3.967552587992195789e-03
4.402502456137686628e-03
4.867533544166212367e-03
9.663481700429845875e-03
1.626197418647920816e-03
1.230777478898511298e-03
8.788521193585198746e-03
-7.753162974446162073e-04
4.459251006637739850e-03
-1.170031882248070585e-03
-6.772381448974311782e-03
4.015101738807988832e-03
-7.579397382061205460e-03
4.157940998959000749e-04
-8.050422455453483308e-04
3.624225064275960872e-03
1.232250020128870197e-03
-2.001247546744967711e-03
4.847424216500204400e-03
3.657441405506411426e-03
1.640417224320123157e-03
7.587056104425654764e-03
1.137409769685616246e-05
6.008545634575349417e-03
-3.875891554951749283e-04
4.045091103193716384e-03
-1.263720399300556803e-02
5.664548161732814793e-03
-6.764418792514282838e-03
4.430695029312758070e-03
-3.919524880850986412e-04
-8.499792437222696354e-03
6.386407868518380673e-03
3.606357483585749275e-03
4.804301160021525949e-03
-2.795605157950273572e-03
7.523855892201976661e-03
-3.531474614935933495e-03
1.238221158891059234e-03
3.986479003981388373e-03
-3.744654602682584974e-04
-1.122945502603616211e-02
4.008711079192982772e-03
4.404207340192214937e-03
2.856394066240372509e-03
4.164574743771142645e-04
1.632768822672677747e-03
-3.825017507163126166e-04
-5.643152464677091314e-03
-1.596251274171217984e-03
2.355286753142682362e-05
7.399350730049680282e-03
6.066761628550726600e-03
3.263285900980240385e-03
-4.392305718713883540e-03
7.614375484079564244e-03
4.452399023361739740e-03
1.576999895648968641e-02
3.274312672133421545e-03
2.034794396380138273e-03
4.826035366816668407e-03
-1.193187948283607087e-03
5.654069274486467692e-03
2.351563578742159213e-05
-1.000785677472842104e-02
-4.011704848234649672e-03
1.141525065365026236e-05
-8.801258871144112747e-03
-4.773856358726284721e-03
6.462689858743967189e-03
-6.480599055303229092e-03
8.549015545351642403e-03
8.521365918703255327e-03
-1.221028240892613193e-02
3.207461858799038820e-03
8.028608999763466036e-03
1.654618787727015969e-02
5.274756679857711163e-03
4.068014049648405184e-03
-1.188410944308605256e-03
2.443953114060569160e-03
9.239715432340122811e-03
-1.358874729273126455e-02
6.049705838647508049e-03
4.776912639856654985e-03
-7.849104187212453849e-04
1.044121586105366435e-02
-7.201691776775450901e-03
-3.217539455952736233e-03
8.217966571272375701e-04
-6.009774999825532107e-03
1.235235931782370554e-03
6.499298137543516214e-03
3.233178786506520248e-03
3.619325054152877988e-03
2.430640264836894139e-03
-3.181640679087140156e-03
1.163982436353541185e-02
8.444166975121561100e-03
6.429888149337679298e-03
-2.391772640859166858e-03
3.995170906092736685e-04
2.827292238590561717e-03
1.152710411157099012e-02
7.663223689881974721e-03
7.524200385360271456e-03
3.253243436592995978e-03
-7.128855587490734794e-03
-1.187916447145708496e-03
1.523555353707261792e-02
3.265529157649721056e-03
-5.174709947640616578e-03
-1.598226320496831231e-03
2.425779472248100303e-03
6.103721581339557542e-03
2.379162925077162944e-05
1.219074134769392373e-03
-7.943588314480124358e-04
-4.446185973315312095e-03
-4.440742150867897295e-03
2.030735327866458034e-03
-2.812602079894574447e-03
-1.171877677907847250e-03
-2.805558887432988736e-03
2.448752772839009155e-03
-1.287557381264048222e-02
-4.403011810456648918e-03
-1.582212147323676854e-03
3.684645077201747446e-03
4.436041659866941413e-03
3.242239717391025983e-03
-3.569323789943451043e-03
8.463187330524287247e-03
7.285700924642733028e-03
2.840717572708868592e-03
7.277903237563435566e-03
1.215176602587106185e-03
-3.840574964416694427e-04
5.254763783034883430e-03
6.409979940348854016e-03
3.206142126999314643e-03
9.648331848659220597e-03
2.349706402176804937e-05
-5.615883932265246237e-03
5.973075373347074175e-03
2.825938254497773611e-03
1.628807647993657775e-03
-2.419935025703395803e-03
8.153054454568101116e-04
-6.009877436453169020e-03
2.435033807332179050e-03
-4.445906639226024880e-03
8.261379057654010590e-04
2.811277848194403215e-03
-5.599061496032137902e-03
6.804540664682108379e-03
4.166262064377782947e-04
4.453848316709114498e-03
-4.409955361428290199e-03
-1.185044884899300217e-03
-3.607543255135088785e-03
-3.178894757248129036e-03
4.181509702202378630e-04
-9.932423846735014689e-03
-4.059895434738629641e-03
2.450733837358679435e-03
-1.193407074612884075e-03
-2.812379094942984298e-03
1.247154658009787427e-02
2.835275975452435353e-03
3.232612787425041562e-03
-7.665370888102629975e-03
3.257988764883115902e-03
7.791300609870772942e-03
-2.828128941467240604e-03
-2.014990046298533073e-03
-7.183643211246882807e-03
8.398384199921602768e-04
-3.209815333888108978e-03
6.497549331483752806e-03
-4.009085301482707628e-03
8.268012225510216117e-04
-4.043463911244256880e-03
4.038574982014863160e-03
4.511992960487686173e-03
8.394855607972914746e-04
5.328004304845585307e-03
-1.618995010302092322e-03
-3.228002324650303383e-03
6.468063827473564086e-03
1.558519732140908887e-02
4.043509507341743088e-03
1.247929344245370456e-02
-5.631729672109176722e-03
1.219565083645907403e-03
4.436289667743472873e-03
5.757532025975748563e-03
1.250850082345326920e-03
7.357117638306279184e-03
2.835022958796603286e-03
-8.086541296003584532e-04
8.848403075695968067e-03
4.468284676287814262e-03
1.020247558624631096e-02
6.986687234000799746e-03
8.486543271747542042e-03
-1.181868806665318074e-03
9.626007740264948959e-03
4.147877803883570831e-04
-4.388896880667699993e-03
-3.185977623824887573e-03
2.842577192338428382e-03
-2.407218733933231061e-03
-7.294652338778052046e-03
3.607949074052983497e-05
-6.920571896636090389e-03
-8.421373251262482401e-03
-5.199295250243817466e-03
4.090261950298492225e-03
1.635170018936737187e-03
8.300489011899491679e-04
-3.978701705649062906e-03
8.922127969783347559e-03
-7.771596858638738642e-04
5.193168726533333238e-03
1.141985711030106026e-05
5.278550538554822175e-03
-1.984418927118389818e-03
-8.470364543554053521e-03
-2.774350388711664065e-03
-2.391772640859167725e-03
-4.778949412846026680e-03
-4.863221200744561636e-03
6.855194637261128633e-03
-6.061029908851434111e-03
-5.247657975576941469e-03
8.518013905356738857e-03
1.083445594846163020e-02
3.248839718198095073e-03
-1.594333743144709476e-03
-7.975343103334398519e-04
8.208090446893485026e-04
2.441438837245863986e-03
-5.626225972362812119e-03
3.217707196173241919e-03
-2.783197108937309969e-03
-5.640794888300646771e-03
8.090117892228564436e-03
8.131948326301610686e-03
6.965766418525844161e-03
7.199091143042296234e-03
4.252956644995749529e-04
-9.774435396584936486e-03
-1.163280211886644211e-02
2.444408766563177862e-03
3.663846876608652537e-03
-1.197545322680601803e-03
-3.209201994827525113e-03
2.367686303015769910e-05
5.217778226379654778e-03
8.534659683469411270e-03
9.699576706358840894e-03
-5.310477082820225583e-03
-3.642848133508714246e-03
-1.602743701813521150e-03
1.053815863491468392e-02
1.234109207376327209e-03
-3.880003736529264152e-04
3.276644933097957839e-03
7.324628970637177966e-03
1.626399259623610965e-03
8.442996463071798276e-04
1.404868189343383249e-02
-3.826572292135121630e-04
3.276563885432185168e-03
-3.797338690890974459e-04
6.074207222491741047e-03
1.653765438996353991e-03
2.371489827676859498e-05
4.833812715688009555e-03
-3.214934328046790274e-03
4.191685170755032734e-04
2.048054929245303642e-03
-1.995811129029712808e-03
-8.104060779230806352e-03
2.861060274322744547e-03
-2.444738088728824321e-03
5.270608545533018476e-03
-7.956410231015835065e-04
-3.220882009208812097e-03
1.661850281502426493e-03
4.861631424587876948e-03
-2.819451888581180152e-03
7.760226243106012160e-03
-4.800735316680367244e-03
-3.580822881398635065e-03
1.213700756203196264e-03
4.897199993351988856e-03
2.475709049334686059e-03
8.116425523389885280e-03
2.063951026033869138e-03
5.647783776755533128e-03
3.686195081828420525e-03
1.210271016390068732e-03
-4.012380538529904117e-03
-1.184090780091508806e-03
6.066761628550730069e-03
2.855687452009209992e-03
8.837738485524859397e-03
-1.054998733086810921e-02
1.251218780488522545e-02
3.648060726580416770e-03
-7.265103418184454265e-03
8.425933686309058229e-03
-2.829540620502119484e-03
8.138567230168921446e-03
4.226034161300499799e-04
2.035574739725786331e-03
6.895295497135234090e-03
-4.025318567220530913e-03
1.811428544874765095e-02
2.440006406162957640e-03
8.244487167245517561e-04
-1.998843505273113427e-03
1.229921721158071983e-03
7.247673965894464720e-03
4.859143858367946829e-03
9.757663224332848925e-03
-1.587271010337634519e-03
1.675530075330617557e-03
3.638305691195552714e-03
-3.229354763512140916e-03
6.052237970511378101e-03
3.242239717391027284e-03
4.038673554489618719e-03
2.849932722333648524e-03
-7.923460516186054195e-04
1.135901411386111386e-02
-6.053647887140647076e-03
8.313897995349283677e-04
-4.808487509720908888e-03
3.229277276322158313e-03
-3.831244240138598710e-04
8.001468306543093939e-04
-2.390839348475113854e-03
-1.240656989689045871e-02
2.455730713372922952e-03
2.860739824194982392e-03
-3.818810981352128314e-04
-8.057001778107534401e-04
4.193394535514662590e-04
7.744204709408313535e-03
4.188322312720996199e-04
5.287119062827608414e-03
-7.780826823225335791e-04
6.445431371694349508e-03
2.435580213670537116e-03
6.138621087368366369e-03
6.508122366963763061e-03
-1.602722571248493388e-03
-9.648422867964259741e-03
6.074160122812553853e-03
1.638080456890530492e-03
1.621163268932951113e-03
-1.203394956991310624e-03
1.107710208878739250e-02
8.205149704524393808e-03
3.675825811740620220e-03
-5.269363151560373625e-03
4.315156930017494553e-04
7.737896270225673619e-03
-7.336372224662044902e-03
-3.231943465144852031e-03
-4.462597818013892305e-03
1.642086917390932167e-03
1.210264200712438121e-02
3.710388005720484210e-03
-9.338263289289104249e-03
-2.425833345944449371e-03
-5.258697113265589293e-03
1.236749474434638372e-03
3.663891933380384550e-03
4.472204963551761406e-03
-1.991418924065093982e-03
1.242244364204932042e-03
8.956150366421344183e-03
-1.605987850902936779e-03
7.259897375886426550e-03
-5.197498175975955211e-03
3.283263824592167358e-03
4.083833881397578441e-03
8.528287784881891098e-03
-6.123077579420758108e-03
2.067926983821152028e-03
4.168001946556394201e-04
9.018458486117073708e-03
2.447416039680047010e-03
-1.013383736123847634e-02
4.878843114968411422e-03
2.041457222177896300e-03
-3.865712610028572351e-04
2.858742808387960358e-03
-8.104923600744448967e-03
-5.317037953795381369e-03
4.338145455646396655e-04
-8.609642444317734331e-03
-2.433270371873979925e-03
4.470845785528034314e-03
2.433643506359514305e-03
2.475434111093321489e-03
6.209784228544499608e-03
4.246872585858253680e-04
-2.425803332626778799e-03
-6.811995296635842134e-03
-3.842142425224891428e-04
7.251122664808266199e-03
-3.629539321267376620e-03
4.062313086484879709e-03
4.117316605269262866e-03
1.154522402179092868e-05
-2.427845931459711101e-03
7.017267069494657200e-03
-1.620474194118352472e-03
8.108966342387226647e-03
-8.047721301960466048e-03
-1.217316923116064245e-03
-4.078941324835950663e-03
7.757052610879417755e-03
-4.854813049786600547e-03
4.277012821729622456e-04
-1.185536993750720657e-03
6.101313778809624999e-03
1.098843460166032231e-02
3.307831567247884307e-03
1.984737867254915064e-02
-7.652942882436258865e-03
3.219717706088249479e-03
2.886731064104276160e-03
2.857306464856552552e-03
6.545238221363277632e-03
8.305149592674414922e-04
8.218638086901302459e-03
1.240994910094065902e-03
-7.929933432341568916e-04
6.079131333984962721e-03
-5.663690935627020175e-03
8.214638284596094322e-04
-8.522115163287475800e-03
-7.968795873002554233e-04
2.428681751782692765e-03
3.714921939751904267e-03
-2.416028645276400641e-03
8.394959347766815143e-04
3.684306917768454155e-03
-2.421907915026598815e-03
8.894806293056722879e-03
6.184104722614712155e-03
-2.799036180555077372e-03
1.246085886768592225e-03
8.202813222032444285e-03
8.954860934583792551e-03
-4.442286472417916569e-03
9.400470177262060245e-03
4.067270838038937290e-03
5.757532025975747696e-03
1.299415997271010162e-02
1.012424788646576826e-02
8.082027123142760186e-03
-4.053203843840374326e-03
4.907128889757110188e-03
2.034780758644117934e-03
2.813494507750744378e-03
2.413615005731706807e-03
1.099849472540370514e-02
2.069619080045662345e-03
-3.683930508797577720e-04
-1.005633301797924199e-02
-3.642803006996593856e-03
-4.030278774102750636e-03
7.849052736688249057e-03
6.171381533320433911e-03
6.131237158625116833e-03
-4.074867596405757492e-03
4.439817198627504617e-03
-7.345596433355828028e-03
6.121083738555613621e-03
1.228455174948699016e-03
-5.294696072150086898e-03
8.495382556034174540e-03
2.485836067372817777e-03
6.161240614414181110e-03
1.481172588945138362e-02
2.404454529452925595e-05
-1.022548878368126704e-02
4.115262177877813780e-03
7.271048619088571648e-03
8.604963466493295576e-03
1.640749254752002853e-03
3.642679768918106499e-03
-4.825355984433141697e-03
2.446422821869605104e-03
2.031530922161040378e-03
-9.979966244645963047e-03
9.298178627633041718e-03
6.497549331483752806e-03
7.602125977686777399e-03
-2.401088291580996768e-03
-1.012974667262302522e-02
-1.605333731011634709e-03
-1.983400726141110963e-03
4.107219393334829612e-03
8.278135541871893543e-04
2.396617696461252685e-05
-4.871237045941580884e-03
-2.426824202241896575e-03
-3.623590960106995527e-03
4.890715358487764987e-03
6.011058130717206703e-03
-1.231329082932405665e-02
2.400485021076107344e-05
5.629642160955702565e-03
1.649401360107539700e-03
-2.821524453873618977e-03
6.476585440335828545e-03
-2.806959583484466836e-03
5.281251227434789579e-03
-4.861296512001100564e-03
6.184282427774244993e-03
2.454360928605129038e-03
-6.102976713054003403e-03
-5.323548539457600981e-03
4.503335842307876896e-03
-9.746510590575829455e-03
3.683187439605434179e-03
2.078402286470252061e-03
8.225296401973612379e-03
-4.835639991528658740e-03
-1.189080833559576526e-03
1.024859599638327720e-02
-4.422534788076047663e-03
9.409138558328290769e-03
-5.271514597741535670e-03
-2.404325840675408752e-03
6.126218176025812964e-03
1.244549563527658307e-03
1.248807227028307610e-03
1.099630144899271279e-02
-6.075773074263622620e-03
4.531053268946257789e-03
-2.424903278311006573e-03
1.654183588154051546e-03
-3.660715406383443539e-03
-2.836442944792056872e-03
-6.898033848003788313e-03
1.758528746814980170e-02
-5.297469660338831321e-03
-3.818810981352128314e-04
-3.285179705856758510e-03
-5.803256591446796613e-03
1.108647518518937787e-02
8.962167570066075992e-03
2.380129216604933039e-05
1.348267792367170183e-02
-4.833737067916341230e-03
1.241740034357554420e-03
1.658931518151816583e-03
-4.891118846649886338e-03
6.968622154741959535e-03
-7.978521392256101435e-04
9.373846284048295216e-03
6.168989181096263576e-03
1.235945363283306011e-03
-5.344858437532649074e-03
-1.203772206200462176e-03
4.084482475476072967e-03
1.124417257145315756e-02
2.448812758039140870e-03
2.511634893223236263e-03
-1.069759184622018008e-02
2.064551078449160335e-03
8.277311905818601420e-03
5.826743055580172088e-03
9.008272460443295798e-03
-8.204186942275428288e-03
7.920634367964030087e-03
-2.431790650336918946e-03
-6.593224129458947862e-03
2.082706626529770479e-03
8.405034308797898956e-04
2.423285411656181038e-05
-2.034099805424967756e-03
2.504101114460755874e-03
1.539461627334240933e-02
1.646745162372555311e-03
-1.192704123770700663e-03
6.961734095707201517e-03
-1.194270080200360989e-02
9.408171537095805226e-03
-8.106489598610871735e-04
5.419511159070136523e-03
3.348946067585059291e-03
3.335008969787359775e-03
2.495838540989465254e-03
-5.314849196282926506e-03
-4.071468966455931739e-03
2.502231549507302668e-03
-3.249012693588287839e-03
2.460340790571655546e-03
2.069020879510089297e-03
2.926823570441086132e-03
2.861465469196117391e-03
6.566649643542359083e-03
8.366606753677040655e-04
4.074575424722823302e-03
1.161602081590953472e-05
-1.607317553678617311e-03
-3.261020134716845643e-03
6.153466267400966618e-03
1.021513803952240479e-02
6.964591622280485832e-03
2.400544615865758354e-05
-2.017564911324182253e-03
4.497754963251864198e-03
4.091198278801223311e-03
6.084036169506465419e-03
-4.070641044953739358e-03
4.238173807445921567e-04
1.680344788169011935e-02
6.116204821533434248e-03
-9.034573551626954788e-03
-5.262465933998342234e-03
1.065450793608713718e-02
8.401811847658597959e-04
-1.222781240973539124e-03
8.383793265326510607e-04
1.099400588985409259e-02
2.087476412674008248e-03
-6.620408318083042913e-03
9.044301198561942312e-03
5.326569370558395349e-03
8.443162927982093011e-04
1.656203292184122138e-03
7.375565680517706148e-03
-1.217796360025857720e-02
8.569154484029012668e-04
-3.843711166016727581e-04
7.402776623229203289e-03
-4.495194450589179783e-03
4.117316605269264601e-03
-4.458568611996258785e-03
-6.110555486850863596e-03
1.007914010232491449e-02
7.381204733600704206e-03
1.250702045992159537e-03
-5.304492384119381329e-03
-1.229835226332278960e-03
-1.210825616059723643e-03
-4.063224283204114502e-03
-3.848425083991692660e-04
9.858179544887770221e-03
2.055539283190310935e-03
2.483530912175286980e-03
8.942397813381809321e-03
8.654390019900246034e-03
-2.851923317201440593e-03
-3.207861265712443587e-03
-6.153155940594059667e-03
-4.470951250677208944e-03
-6.178767496735759236e-03
-9.289207791616243756e-03
2.433613734919199117e-03
8.226366799943214680e-03
-3.910061727580153076e-04
6.181478685010071035e-03
3.306167486977526493e-03
3.750321196024765900e-03
4.559056732563542512e-03
-1.617149802757662444e-03
1.252899632203737738e-03
8.145196917571553841e-03
-1.185044884899298916e-03
-5.267213460788307440e-03
1.640729003896439437e-03
7.306877041606480230e-03
7.327701487064772895e-03
-2.012562866932237661e-03
4.381070871776104794e-04
-4.921690294365221700e-03
4.140025349035165655e-03
2.494022418366694839e-03
2.886069664481033352e-03
5.401561968407822718e-03
7.393653347061792530e-03
1.027350345539532542e-02
8.950991035743248794e-03
-3.662219861845941813e-03
4.417524288545540364e-04
7.151936101263784047e-03
4.602084210323904336e-03
1.243017023946683952e-03
3.711913502221796547e-03
-7.354932166976162720e-03
6.219775869134930996e-03
-3.245951218148801064e-03
3.690351101538324758e-03
1.287266303744121453e-02
8.442953061494905308e-04
-1.317055621235106201e-02
-1.245654063223582998e-02
-7.878405956171726648e-03
-4.481884268718554568e-03
1.667128577537700315e-03
7.862974244912890320e-03
-1.062822256901070454e-02
-9.924112118446588165e-03
-4.941727082754941713e-03
4.134955923784140383e-03
7.855996220455871079e-03
3.702284977285229679e-05
2.888405886897255862e-03
5.768651357308132374e-03
6.566731323133656248e-03
5.383731279187250682e-03
-2.029138724144704479e-03
-4.160075719159620801e-03
9.091421662161914413e-03
-3.687893630459833892e-03
-1.221353311463709316e-03
4.886791738804513799e-03
8.256775560913644577e-03
1.118040067788605117e-02
4.195237421228638873e-03
9.121507059270925893e-03
3.737946418896985479e-03
3.326675554543648272e-03
4.161773543934379864e-03
8.631346434992276384e-03
-2.020819073729084991e-03
2.427330748399027162e-05
-1.625821743490824629e-03
-7.793422722969395875e-04
-8.606093948938573976e-03
5.319368669816311457e-03
4.477667334654627206e-03
-3.995019405188972154e-04
5.751072159400030803e-03
-2.030781296556748508e-03
3.318243857674603881e-03
4.137712593873797348e-03
1.166841503581624538e-05
-2.826405195849621826e-03
2.894389438943895804e-03
2.087028832036173787e-03
-3.706253331195952672e-03
-9.040604285289894834e-03
-6.950004451436373604e-03
-8.224241746128443942e-03
-2.875746234350902604e-03
5.786656815455495061e-03
4.912682674620807814e-03
1.051269047781749726e-02
4.523542196722326984e-03
3.722317921734664883e-03
2.473115326066058391e-03
-1.061949033113106233e-02
-2.446331104483825177e-03
-8.518638435971566392e-03
-7.400423233142358441e-03
1.357509545577656636e-02
9.096547489584664442e-03
-4.887105208346500737e-03
-2.456497421630000639e-03
-6.564264200350637332e-03
-8.279476772402729690e-04
-4.109553058566636297e-04
2.509201014869662759e-03
-2.044171975667194181e-03
4.298245026346387545e-04
2.926786636691022618e-03
-4.966327628302627355e-03
7.901985251463797960e-03
7.798050646673135126e-03
1.651873718786401593e-03
8.318774536353376993e-04
8.617157431094086065e-03
-8.670308646224745425e-03
-3.294407891477789656e-03
5.031980931925929788e-03
6.255939993452301617e-03
4.285759317351406426e-04
1.695818187204623743e-03
8.517253353530485072e-04
4.539740460782215777e-03
1.657627691228253514e-02
-4.951999619341253961e-03
4.395568742608414736e-04
-6.977610364357451737e-03
-3.282505055482203699e-03
-3.889622468628207335e-04
1.309849187494158997e-02
-1.627815812092671443e-03
4.092140715846843795e-03
5.363736486667343602e-03
-2.463970763040563682e-03
2.887219332270860896e-03
4.992424931460575852e-03
9.699576706358840894e-03
4.096160914279731516e-03
4.104543627189398067e-03
-7.336855524605330296e-03
1.260598398721092528e-03
1.658910815985073983e-03
8.411502456981289786e-04
7.782272414517240645e-03
6.181478685010071035e-03
4.955229376396984124e-03
4.938972636372007848e-03
2.481548182560545761e-03
-1.221806224168801120e-03
7.804457591277661269e-03
-1.202917728416102137e-03
-3.892790539493747233e-04
-3.995069178535521075e-04
6.523885355685029273e-03
-2.412105180962792386e-03
-4.966264880338611652e-03
2.889629418206726957e-03
-2.803543583185930457e-03
9.076396443901048328e-03
7.747267050671738896e-03
-8.145388887155159598e-04
-2.857424742471463552e-03
-1.233067370832649111e-03
-6.670197060212460123e-03
6.633378681441735175e-03
-3.315310492785201665e-03
-5.747649751694332287e-03
-8.099829237945264417e-04
-4.927416924368125013e-03
4.880412680678011990e-03
-1.594940147616474586e-03
4.339870037986968618e-04
1.147510511011323210e-02
6.968622154741957800e-03
-1.216302870081247770e-03
2.464302876961763870e-03
6.956112486720894030e-03
4.032917138008765452e-03
-4.793008079414725307e-03
-7.885037937082036222e-04
8.535115774017786733e-03
-2.418979629854515687e-03
-4.409901500188150372e-03
-4.059895434738629641e-03
2.027416443723460953e-03
8.142602936815098238e-03
-2.404325840675408752e-03
7.675560525162583234e-03
1.191963797144802648e-02
8.619166530790734653e-04
-2.467009057242533238e-03
-8.936114905518320259e-03
1.666606505935705604e-03
-3.308142204140722582e-03
4.973845087027016845e-03
-5.680653938496932863e-03
-7.268056485578410116e-03
8.606546254789302144e-03
-3.231406955550022823e-03
-5.683679729887290873e-03
-5.276442045055498506e-03
1.227319764232222797e-02
2.063925354117186837e-03
-1.649554642257422933e-03
3.281880990684362277e-03
3.731766233053719628e-03
3.355792518499414213e-03
1.152522537363994196e-02
-4.508139132299106983e-03
-1.213793280204772482e-03
6.201850147344040685e-03
-2.881036487100043040e-03
-3.249911162167575234e-03
2.107452205156232824e-03
6.639990287403066752e-03
-1.418884734045016034e-02
-1.210868715136246155e-03
2.100050602872881832e-03
1.496536590621038582e-02
1.263707626914769861e-03
2.929189270884045241e-03
-3.976400133964164575e-04
9.981114586266119984e-03
9.544777296855795970e-03
1.685219623353153336e-03
-4.960123262103109491e-03
-3.748335831488983777e-03
1.094099246067710418e-02
2.509201014869663193e-03
-1.646797769404155379e-03
-8.152125904494774518e-04
3.318466811812281411e-03
4.569781474245379269e-03
9.923236785789133624e-03
-4.508139132299108717e-03
1.280070869787876394e-03
-9.560070187194803434e-03
-6.937550721930349495e-03
-5.728785769071985043e-03
6.703817513439909448e-03
6.660945281605799156e-03
-4.519896146525073134e-03
8.446317649539670158e-04
4.395568742608421784e-04
-5.428476811778091583e-03
-1.651607389269210214e-03
1.258037331971980114e-03
-4.095020196753433421e-03
-7.975343103334400687e-04
1.237951041554798386e-03
8.512460035708846375e-04
4.988438529642463988e-03
8.397469569794268479e-03
6.337730881323142690e-03
5.802735240004676560e-03
-4.082087411168567595e-04
1.077819774820914546e-02
3.364197776104056650e-03
5.442133359058018600e-03
-1.231018780451861513e-03
-3.690948659487113676e-03
-4.138670533649749933e-03
-1.659933273593455121e-03
-4.564603577883130647e-03
3.298059518364175689e-03
1.038455649289978834e-02
5.905580090535714026e-03
-8.166724410134902157e-04
-2.052462479389563759e-03
1.282463748932647675e-02
-4.054832623720204250e-04
8.267030979669772253e-03
-1.638977296356115441e-03
3.728730462952143613e-03
4.129795822473752639e-03
4.305334399496027692e-04
3.731580068508027776e-03
7.940975144922614998e-03
-4.142792180167024704e-03
5.834573108508270961e-03
2.932893343594560141e-03
-8.272529245171903432e-04
1.372196675924265870e-02
-4.089206770169251035e-03
8.824684065890698453e-03
-7.829998539749052217e-03
-2.889977278972661549e-03
1.102900116002938566e-02
-3.910529091777272133e-04
-3.327771655466177630e-03
-8.057695260085702676e-04
2.977733400258821515e-03
-3.948150770834682639e-04
-3.310656995188459347e-03
1.254717866473172537e-02
-8.125038387452390709e-04
-1.118131779027192393e-02
5.439855744932492812e-03
-4.556978019024087584e-03
4.441506556502179638e-04
-5.337328988172845325e-03
5.000413326308181423e-03
-5.809843337036284597e-03
-2.469059481291443342e-03
-1.022533531152078345e-02
-5.024671187296597154e-03
-5.371344679110103340e-03
4.596272047201030615e-03
7.079372179193890204e-03
-4.587517252678613433e-03
6.245905324465513865e-03
8.011194276134281367e-03
-4.558211646085213488e-03
9.517091902149233881e-03
5.853545330521517202e-03
3.340616426680334539e-03
2.446523082945342511e-05
-3.352891337454716285e-03
-3.939938937759335062e-04
8.599874766115590211e-04
-3.746812722015419213e-03
-8.214150081171200761e-04
1.689417346897407633e-03
-3.762397741334784582e-03
5.905177600640999780e-03
-7.094555195965709590e-03
-3.335914639278424621e-03
4.214186932262558791e-03
8.001174561751671008e-03
-2.112451096629421477e-03
-8.321301813923294780e-04
-8.091277796675738635e-04
3.372666910820385118e-03
-3.322203097349350938e-03
3.389711414940227256e-03
3.365554764306706668e-03
-7.467846047610214588e-03
-5.911073323621709487e-03
-3.934998308338053538e-04
-4.962189661000680069e-03
4.597170512995657488e-03
-2.086332129567665828e-03
-4.528721593492979029e-03
4.560934525833799783e-04
7.411829947254171790e-03
1.700808489387051550e-03
6.171381533320436513e-03
7.905278608934831336e-03
-1.235443891991843367e-03
1.284371097748708080e-03
3.750148606253394731e-03
1.370604102816548424e-02
-5.404374524531046185e-03
9.620253323896656508e-03
6.343010412844856012e-03
1.763655371779489570e-02
1.694331193969245272e-03
-5.430690956773474853e-03
-1.655999450332233973e-03
9.486646113007113704e-03
1.177018229512536619e-05
5.878051104361438350e-03
2.891971409630995481e-03
2.426295317675211614e-05
5.809814484871398191e-03
5.313504549101520473e-03
-3.753103540056599088e-03
3.298059518364176122e-03
4.179606925102339991e-03
4.395568742608417989e-04
-1.034828177733086024e-02
8.229757326874578491e-03
3.396795926176035367e-03
1.090511231892947464e-02
8.463395257268782959e-03
7.852650615068575146e-03
-5.381930492492733274e-03
-3.968070491679713411e-04
-4.945768747745413023e-03
8.574426210069745029e-04
-3.956396906495469228e-04
4.191783380175063446e-03
2.076659538298534016e-03
-1.231034392763593341e-03
7.917908183411065393e-03
7.905278608934831336e-03
1.684493569077956431e-03
-2.049284189010659295e-03
-6.977522966407375890e-03
1.378628246044298969e-02
-4.088906312407193330e-04
4.625186681151275021e-03
-1.263746128047053309e-02
-9.611913836903513211e-03
4.463924582802060383e-04
6.688572793735583603e-03
2.476410601577338184e-05
1.700090685595788713e-03
-1.665502219082222544e-03
-7.839752142748774785e-03
1.654996109929821393e-02
6.273893158342933388e-03
4.559198487033981379e-04
-3.813162979910352554e-04
-2.893007568246411254e-03
7.497782644041400650e-03
6.641195158892777319e-03
-3.912154185708361818e-04
1.291933355576068906e-03
-3.327729399245674038e-03
2.927968979220332401e-03
1.191342587218757966e-05
-5.846320303035727924e-03
4.272090603549271413e-03
-3.781557371724072916e-04
-4.607948867366823062e-03
-3.826698356640827886e-03
1.202807299077430191e-02
5.415063958602584805e-03
1.715754182799285148e-03
1.267903155350852320e-03
6.687004735860699496e-03
2.494232885885098468e-05
5.865735380341424547e-03
1.879452542392601525e-02
-2.054506551214784101e-03
7.466993832088128329e-03
1.124105366863467452e-02
2.096574630611598884e-03
8.415137805627307538e-03
-3.931761193673907729e-04
1.267919241974713000e-03
-5.766710816483698772e-03
-9.563945110871024946e-03
6.626239139393856614e-03
8.432665034526597506e-03
3.359893917577814592e-03
6.677511192742413733e-03
1.669200994941341795e-03
-8.186967757406190356e-04
6.189319483463253356e-03
-2.085424950120917491e-03
-1.231534195914074301e-03
5.788265708466060894e-03
-6.603921461014071112e-03
6.150947709051811547e-03
5.820195595561922057e-03
1.660962840074010991e-03
1.685198259882193187e-03
4.176125863425471027e-03
5.858296390136926921e-03
1.049718086170332507e-02
8.338159285448613900e-03
-3.787798333368731806e-04
2.931669964412345585e-03
8.717142046810445050e-03
4.399222065174066172e-04
4.959263708547506470e-03
2.095231752921361459e-03
2.938988344582141917e-03
-2.922616387334125553e-03
-2.906294875108593034e-03
-8.248409014642528242e-04
8.633625787778982262e-04
9.060132757692133249e-03
7.988310222100721697e-03
3.734899564342463515e-05
-6.690983190028484441e-03
-5.378791988882259886e-03
-2.065455392036120042e-03
6.300537545152260291e-03
1.299261788820344453e-03
-4.225483998094768656e-03
-3.751310723696599930e-03
-4.987058143198750543e-03
8.388374004636118403e-03
-4.061612143885329033e-04
-2.481371151058542422e-03
1.214868048995519124e-02
2.113562523216332492e-03
-2.905078547278354319e-03
-1.225393023032588609e-03
-7.888687172028441968e-03
6.599071977094569941e-03
5.053056089459159045e-03
7.111805991221169937e-03
2.437334464367682285e-05
5.890701021289710369e-03
-1.006587302474229277e-02
4.316232007246569046e-04
6.695400570052361007e-03
-4.075239422941908307e-04
7.084445741514650008e-03
2.507257150672188416e-03
2.123893056409893211e-03
-4.956293313775092350e-03
-4.577893486011039986e-03
-4.136439567145191488e-03
-4.148522454651141361e-03
9.944017167501340362e-03
-1.885211778868335977e-02
4.194844550547867368e-03
6.612627655130974905e-03
-8.634455887506534491e-03
1.277531047638850482e-03
8.242246830788387685e-03
-1.161899697533304125e-02
5.000727270607035861e-03
1.126752015569984500e-02
-1.641660868416209684e-03
-1.510468732146150010e-02
2.906941059099030049e-03
2.098297910229887826e-03
1.179962811331349905e-05
3.733081309563553250e-03
6.687004735860697761e-03
-9.127110977395854266e-03
7.964829312691958790e-03
7.523080298670457855e-03
2.961567397855610021e-03
3.737899522357617486e-03
4.123465045032184348e-03
1.272698893145603975e-03
-4.051502533128861923e-04
4.583700521684930945e-03
-3.316695119887390526e-03
-1.119063799913305214e-02
1.080034010618787822e-02
8.608462914961695052e-04
-3.628931820372736927e-03
3.310257119319400324e-03
8.256879023792938060e-03
8.432590760716743078e-04
1.260562238696822301e-03
2.511435320080977578e-03
1.171946328163861982e-02
-3.798805725650214655e-04
1.240013323348774892e-02
-6.316943795963352731e-03
-1.663393536313565813e-03
6.739040616568472454e-03
5.484276553700951143e-03
5.053113841040270116e-03
-4.551868747099882540e-03
1.255336764434894416e-03
1.212372005388320274e-02
1.003083783274453383e-02
-1.650245303333499648e-03
-9.928703058288459657e-03
5.008658532265062788e-03
1.308969620202464837e-02
-3.969693046310122562e-04
2.940255114067945319e-03
-6.306778011157731720e-03
6.729024257774303755e-03
-7.856062259118862245e-03
-4.572912092561712792e-03
-2.480109110930848147e-03
-9.583975146262023112e-03
5.401493947425226212e-03
1.372768581730975622e-02
2.540947188179250825e-03
3.770530047595219668e-03
5.067873839264580224e-03
1.312472993809552999e-02
3.422990327608557357e-03
1.270062406572899233e-03
-9.215053961908931807e-03
7.501007609740597930e-03
4.447104079910261252e-04
-3.830652718794708470e-04
7.921786660045136708e-03
4.975654521657726058e-03
8.337593748288698713e-04
-8.853336935108270175e-03
4.226072950609146401e-04
-1.091907417472508073e-02
-1.662713083316420728e-03
3.805505220139771255e-03
2.499820733106092145e-03
1.696510735690800412e-03
7.011565627760485073e-03
4.226603633574788771e-03
1.715248672668385132e-03
-1.382815923544633736e-02
8.817497313579001836e-03
9.688601007439331947e-03
-7.581441744943254180e-03
-2.907512221894467761e-03
-8.255420811503765303e-04
1.277397819418226192e-03
1.457272903583641324e-02
-3.934998308338045407e-04
-2.024125386361771452e-03
6.225202205016912294e-03
-4.528721593492977295e-03
-3.988089838646278508e-04
-4.184559203873204798e-03
-4.599060574741123050e-03
-9.100652992945096678e-03
3.744100056478271918e-03
6.740278641093145305e-03
1.660083802827300864e-03
4.641618731106266806e-03
-1.251015145127139759e-03
-2.893644007548054099e-03
-5.844467126499728986e-03
4.321674005583452387e-04
1.703685776156767468e-03
3.810247945793797560e-03
-2.097328642270237728e-03
-4.980865020662930687e-03
-5.052373795555286339e-03
8.855035246753760469e-03
1.295318125362736328e-02
1.095101522746027255e-02
5.824809205392664051e-03
-5.799536275667260821e-03
-9.903288128751172592e-03
8.720594393037334798e-04
1.231346250822766379e-02
-8.362299160346539986e-03
1.082284700089744360e-02
-1.048795499146562039e-02
4.223141210133807624e-03
8.448386810679147513e-03
-5.855808455708806301e-03
1.276331722512755260e-03
3.000440405249478557e-03
-3.951364681947724814e-04
-2.489446247715880554e-03
5.055127031856018228e-03
1.718660403585072806e-03
-4.611833397215040452e-03
2.961202173799271434e-03
-3.371395764225567932e-03
-4.667743107423981408e-03
6.316377894206710170e-03
-1.233584503531865318e-03
2.134015857790595889e-03
3.717719720377295114e-05
-8.138662995729303764e-04
-2.529845166949626616e-03
2.129524065762116065e-03
-6.353925842429544377e-03
1.700808489387050466e-03
4.204084396655673878e-03
6.791698562558477759e-03
1.364505918982849772e-02
-9.750811758307343854e-03
1.228750518539135916e-02
-1.137667797953858390e-02
-7.944917654376109847e-03
5.890701021289710369e-03
-1.660611452795499434e-03
-4.104345581666690203e-04
6.415352371845833672e-03
1.008121178055375843e-02
-1.015114115757631379e-02
4.339802521017294547e-04
8.981345075605651901e-03
3.009227339276444781e-03
9.286733904270320222e-03
-9.233400932832883101e-03
-2.917287832751006352e-03
-3.783114076380374863e-03
-2.897246440017359811e-03
1.528260757508178788e-02
6.755975651403993247e-03
-4.999681481993851692e-03
1.043680286585225991e-02
-4.653806886241296410e-03
2.555874629024709136e-03
8.538658065384057078e-04
8.498509288712582932e-03
-5.056749326681675774e-03
-4.606827744209823945e-03
-1.648538583265976489e-03
2.979997362345552289e-03
1.097785477795913331e-02
4.675041251929528026e-03
-6.773485178808602569e-03
5.121580077139877528e-03
-3.354393409098267199e-03
4.675996431308748237e-03
-2.929022884928334479e-03
-3.372849993647009971e-03
-1.399350549943742181e-02
-6.672678202447482852e-03
1.750965209958344967e-02
-8.858786917624253063e-03
-2.439726173175559010e-02
8.843379420793195597e-03
5.927607342834997906e-03
3.376879776569952606e-03
-6.271855108138408609e-03
1.138135935382814101e-02
-2.914065121891834705e-03
6.292687129869752038e-03
2.461846119467765972e-05
1.178365432250398463e-02
-1.097344952321529198e-02
-4.606827744209823945e-03
1.291098234296105592e-03
7.201766283121122103e-03
-5.913268163576111160e-03
1.061329642838133164e-02
9.741845197315740848e-03
8.520267306275353808e-03
8.721569154483768422e-04
9.805064667023292990e-03
7.702600273351959542e-03
-4.639209576974893251e-03
-3.362873096241059991e-03
5.917961199769306360e-03
1.304573956140550259e-03
-5.020499590430429690e-03
1.319720962167676183e-03
8.493332289553583506e-03
-1.663436083118533882e-03
-3.410478738840828569e-03
1.708700595076097185e-03
3.398190140700996578e-03
3.405441035792879448e-03
1.280723678782385655e-03
-1.258223533159832583e-02
9.754715337494966609e-03
-5.817205468824536256e-03
2.127514834218509863e-03
4.319454391086446562e-03
-8.028408607638003180e-03
-1.182129717202266492e-02
3.406995093483270506e-03
-8.438502896186791296e-04
4.631013318632774475e-03
-2.932000066855145262e-03
8.439998609046969746e-03
-1.235138507454211455e-03
-1.018141053080819265e-02
-5.938173188397025126e-03
1.017942996340945143e-02
4.295542507076551171e-03
4.200509142451212125e-03
1.217894469551980168e-05
8.560280110037507507e-04
1.045417141124542829e-02
5.475383875224990038e-03
1.051132267116276428e-02
3.409780113484189770e-03
6.695400570052361007e-03
-5.856239530286302779e-03
8.556559449599507620e-04
1.710173399993769605e-03
-6.253198080931336895e-03
8.673418567784355136e-04
2.961202173799271000e-03
-3.377087076555508865e-03
8.869300394197011939e-03
2.980035651267445591e-03
8.434880513857656581e-03
-6.316862702660267989e-03
9.677411536111908685e-03
-1.255102024459795861e-03
-1.295459958954912200e-02
-4.102717669791709049e-04
2.108475613440996630e-03
2.995198439901202835e-03
8.554989689272561593e-03
4.266171393825798387e-03
4.356293454186359543e-04
8.021136491386421027e-03
-3.381400908744830371e-03
-2.530890163058071868e-03
5.531031433912086438e-03
-9.713681211193335441e-03
5.132650979733381115e-03
9.337932624703513054e-03
-1.681087329592027661e-03
1.154136034613149203e-02
-4.716041132001416551e-03
-5.496400774888805275e-03
-2.945610931312332790e-03
2.598493449523685099e-03
6.018966981962851036e-03
3.839468764309580864e-03
1.285079946614464327e-02
-5.989261774265585737e-03
2.591019363916642008e-03
2.528573693173234493e-05
5.091465280942437596e-03
4.235832735223697167e-03
-6.793680886842554979e-03
5.102225562077647610e-03
-8.433026521052560190e-03
1.301591381682524074e-03
-3.996606658735822170e-04
6.833485820898631442e-03
-2.114796663442293240e-03
-3.994859288813016707e-04
-2.992441647549819953e-03
-4.705748167298592563e-03
6.042361392106274966e-03
6.032086630305081437e-03
7.738932237122799276e-03
3.420018567222545772e-03
-8.207113957783095494e-04
1.395970632596459614e-02
-4.160473762154504583e-04
2.986251474424424322e-03
5.201036200528758556e-03
5.508882503850308365e-03
9.767585477674194105e-03
-1.014696153537970706e-02
7.296489143095493540e-03
-1.234319213595095818e-03
-2.499277573047924920e-03
2.151231156225776216e-03
8.990590788346516232e-03
-2.090745850879838566e-03
6.346298544681595183e-03
4.709884747079533772e-03
5.578179327388797445e-03
1.190863509606726080e-02
3.379722948537059162e-03
1.058691428687470563e-02
8.912742121297351910e-03
2.571397067404854273e-03
9.323192361771032513e-03
-5.075997482972928639e-03
-1.465553194673506650e-02
1.295052615168843131e-02
-3.991522977856651615e-04
-8.107467970927697762e-03
1.116718593233031673e-02
1.420033934539284039e-02
6.424356148359968398e-03
1.286726151325678956e-03
-6.392525319135071264e-03
1.022721006608045581e-02
1.294392652919400949e-03
1.096409001193383685e-02
1.238685833020720939e-02
9.763134082078038511e-03
2.590715467755756816e-03
1.943188758048740306e-02
9.755030616525460496e-03
-4.645880630469717901e-03
1.021850770573537633e-02
4.644391812575874960e-03
3.813531482570998565e-03
6.849680816454507652e-03
6.390963870627076882e-03
3.906905667200465462e-03
6.836400443590005295e-03
1.704986248380074886e-03
1.117556695074156323e-02
7.222458159851786498e-03
-2.958087622019647464e-03
5.560515401634505417e-03
5.538084845904085035e-03
9.862943539819904806e-03
1.453058777081062992e-02
8.507785627497673961e-03
1.017956097578617304e-02
2.096719713648938915e-02
1.884737337463564602e-02
6.426242302789657475e-03
3.837661285566499290e-03
1.107213404243969322e-02
1.418710159150890666e-02
1.403650286922303141e-02
6.770247006486854527e-03
1.192879829280657847e-02
2.180200549560228074e-02
4.282562444559849177e-03
9.808872971084202363e-03
1.357714697072532825e-02
1.599726782159779231e-02
6.868878740303727311e-03
1.575455911353780894e-02
1.490173092570758195e-02
1.065307375282077522e-02
2.549584496042028164e-02
1.148935279312799165e-02
1.485103561235864844e-02
2.068872730253791883e-02
1.779653523598348844e-02
1.102549635386171865e-02
1.944835206178080478e-02
2.222072041630060446e-02
1.186332556609070651e-02
1.661593662936149476e-02
2.414833256356542154e-02
1.996426471229342109e-02
2.604113633503805578e-02
2.572257589369233294e-02
2.086475546012685200e-02
1.996862270175053106e-02
3.251583312980405038e-02
3.137746349357718734e-02
3.088674177938143320e-02
1.580809029188982168e-02
3.696913989589549476e-02
2.562579213770670161e-02
2.182978588969990488e-02
2.903662657188257543e-02
2.197090661799601038e-02
3.657431876203199456e-02
2.454771107241724565e-02
2.620067553316323197e-02
2.060862857647665844e-02
1.892862560413465650e-02
3.884115445111054749e-02
2.535783048497415593e-02
2.310738656564279014e-02
3.210191857590633663e-02
2.731032166718138504e-02
2.808524583789850579e-02
2.405719011214866795e-02
2.830688619055412789e-02
3.120542477302996193e-02
2.199250340792816005e-02
4.078719678420016093e-02
3.410142666897502534e-02
3.185695584607997621e-02
3.169416848594600739e-02
3.268190733677408394e-02
3.575397923327945648e-02
3.371695724690722262e-02
3.006389810325765452e-02
3.370297627716903333e-02
3.700167782751000861e-02
5.294878403184434534e-02
4.316391881196091074e-02
4.582862791321719309e-02
4.340700113404129951e-02
4.931816368271409873e-02
4.548733497180000585e-02
3.993172373007788239e-02
4.691916214693121062e-02
4.580457262614624075e-02
5.014427946874933095e-02
4.260757690117494140e-02
5.936752765924275393e-02
4.191315890184575677e-02
5.215809881852550428e-02
5.309119258971065763e-02
4.448706284955656481e-02
4.798691307088678859e-02
4.749668950744450474e-02
4.505198418859827220e-02
4.594079487657630467e-02
4.728081595155632366e-02
4.874900262289411784e-02
4.905463873584572226e-02
6.631420666978368739e-02
6.095198605086334792e-02
5.167277069303560094e-02
6.193451679204368954e-02
6.299617497794779419e-02
4.930449111346250912e-02
5.750893712507134520e-02
5.697545855537169274e-02
4.889616447860309356e-02
7.041457289109159801e-02
4.982363829716919545e-02
6.593116655027543571e-02
6.970078442450654277e-02
5.336328120727663882e-02
6.946535003260329022e-02
7.088326321775324790e-02
6.681315484184592590e-02
7.214792463835223435e-02
7.404442665599360318e-02
7.632094415472501225e-02
7.208863368719500841e-02
7.308790932128950146e-02
7.656593926099619640e-02
6.007279299469386880e-02
6.195131371325048042e-02
6.858324342078393754e-02
6.905158417346143884e-02
6.957653385890423536e-02
7.152513745460994943e-02
7.211416418036525888e-02
7.680227364758336617e-02
7.666761457384149714e-02
6.473280219957136539e-02
7.659493121636497259e-02
8.339582932655176251e-02
8.376512322004972533e-02
7.725016319477467919e-02
7.570398355173621474e-02
8.262082615986489353e-02
8.143962067800217253e-02
7.825163792002498564e-02
7.852105158044347943e-02
7.657386165209258133e-02
8.724641541738412109e-02
8.016083094425216493e-02
7.685191587597658969e-02
8.007255884312765304e-02
9.418858694256082575e-02
8.506148384361925108e-02
9.420401291947608224e-02
8.910324101452206380e-02
8.226753630991891220e-02
9.287341772826239461e-02
1.009060140644317677e-01
9.479894956196312228e-02
9.386636025924088855e-02
9.182010405719211177e-02
9.420401291947605449e-02
9.607756456267009526e-02
8.721485639001413936e-02
8.893599469817971281e-02
9.845524244961295635e-02
9.677055419358762678e-02
9.423435561070735156e-02
8.710225392094382568e-02
1.105968539613476076e-01
1.053969023290574486e-01
9.069046402988517608e-02
9.386841872566648037e-02
8.347001126434458462e-02
1.029634975785788248e-01
1.044026350129843433e-01
9.170226424603129811e-02
9.742887928787027918e-02
8.582289896247095873e-02
9.970098255990714198e-02
9.772635346000650702e-02
1.009651412962023070e-01
1.108659937929464961e-01
1.118277111517706063e-01
1.007358129220845000e-01
1.008983887373127442e-01
1.114456447464676342e-01
1.018983475989376913e-01
1.087646375860449321e-01
1.092337227341984573e-01
1.030309480263190830e-01
1.127743426957907857e-01
1.063903971756551825e-01
1.215067054083191767e-01
1.084605977290962475e-01
1.152935607065301432e-01
1.054519445200945704e-01
1.069303870818203300e-01
1.148813456035939207e-01
1.196426369323299460e-01
1.099797133583737679e-01
1.147372541872806184e-01
1.150970440511963344e-01
1.163254577554534153e-01
1.299618246114733755e-01
1.145678976025732154e-01
1.238874249865157956e-01
1.101660058101232437e-01
1.246790866078954785e-01
1.204296362576100510e-01
1.062026616622112063e-01
1.287264335792744074e-01
1.170014253395922910e-01
1.228199368223518162e-01
1.277968444331037401e-01
1.210081879657399079e-01
1.151683549376745219e-01
1.348389195446224043e-01
1.163672906691115144e-01
1.234221870275595406e-01
1.190516399999701075e-01
1.185209455165234377e-01
1.082381507514603852e-01
1.223343083142026805e-01
1.306434710446451042e-01
1.284641584392036129e-01
1.300980740014953119e-01
1.263958480243135285e-01
1.200166764816977955e-01
1.369206072267692142e-01
1.342684982299669483e-01
1.261131942349773272e-01
1.413650497032836184e-01
1.378191457707809153e-01
1.372978855519005614e-01
1.298537032750286535e-01
1.311170327849900952e-01
1.260060303856988806e-01
1.275705576804379848e-01
1.302522164045299691e-01
1.213062003653397614e-01
1.315243608270762476e-01
1.342450891354787790e-01
1.389548577335159574e-01
1.230211738263627536e-01
1.482736041000992377e-01
1.226601952447675392e-01
1.442759283818189353e-01
1.369923374099312197e-01
1.376193515769335851e-01
1.236768508768676805e-01
1.281010415508994638e-01
1.482894524607739073e-01
1.383276680545321435e-01
1.371944004711298237e-01
1.375763472930922604e-01
1.424747562222838937e-01
1.315618008132764527e-01
1.393047330391626593e-01
1.466721740518701356e-01
1.426592155652353644e-01
1.349523450667869107e-01
1.398973275144787254e-01
1.404733876405600823e-01
1.415021326098779009e-01
1.542224463961180680e-01
1.362305327499375995e-01
1.398055288230796167e-01
1.584550399293240819e-01
1.483754076109420894e-01
1.538014995726037504e-01
1.474461179023624224e-01
1.430399789628577500e-01
1.487047570561790821e-01
1.508523300399680633e-01
1.515803118840840513e-01
1.611237603669031793e-01
1.626534142952876238e-01
1.464013818679572310e-01
1.457838391151030366e-01
1.458515927688539826e-01
1.451238912850640328e-01
1.461846620867382207e-01
1.459846713782736172e-01
1.487522504487279185e-01
1.561397676985922245e-01
1.414634608316536757e-01
1.475592878253505214e-01
1.450909656567953843e-01
1.501440960394525570e-01
1.513230040351944972e-01
1.622306585440439486e-01
1.536915313547781714e-01
1.429670675983698014e-01
1.552436803084315531e-01
1.504450611806307236e-01
1.504659095045410289e-01
1.508562833366813849e-01
1.558972259391016302e-01
1.674397631951396737e-01
1.533546408627995961e-01
1.531436044563447563e-01
1.599105950206755056e-01
1.619160278804229747e-01
1.455403181191273765e-01
1.522212963975786149e-01
1.440229927637709517e-01
1.483099599269959157e-01
1.551139719409582451e-01
1.595058238748048862e-01
1.542338710774727173e-01
1.456031394832350001e-01
1.567616041045735986e-01
1.544011815237744667e-01
1.628664984691850226e-01
1.567616041045735986e-01
1.497281744295139161e-01
1.594378321379204821e-01
1.577616701058056625e-01
1.519819745742653494e-01
1.616291983493159667e-01
1.546164173650110274e-01
1.547688576237257474e-01
1.637259758229458184e-01
1.562947994109884775e-01
1.530777252757434814e-01
1.537772909172720193e-01
1.561763158522128381e-01
1.597347020804218698e-01
1.541062075877028814e-01
1.625981614323936675e-01
1.488499322535087599e-01
1.556467765111212986e-01
1.618765566745987150e-01
1.493783934960813131e-01
1.622168272346783402e-01
1.607035494366439443e-01
1.619617255676114587e-01
1.556282803521105429e-01
1.616076323710670670e-01
1.530629798801032282e-01
1.657969407302503917e-01
1.679593490771081332e-01
1.665304823254722122e-01
1.602120952731062309e-01
1.633287799121909412e-01
1.630043168888145044e-01
1.774078457984108181e-01
1.613501536609444620e-01
1.786415304032135665e-01
1.582606435978104464e-01
1.705816642517033466e-01
1.601270984501531047e-01
1.719664992490988753e-01
1.660956452645278025e-01
1.732025501867104356e-01
1.707316018953249914e-01
1.639784000374174266e-01
1.683078587314893459e-01
1.631985752220610764e-01
1.615835357300793862e-01
1.696434585665971828e-01
1.605332307666551828e-01
1.659520073947567398e-01
1.624195222787336301e-01
1.673070980404723074e-01
1.625365169658918585e-01
1.586361467269277736e-01
1.749683158112806947e-01
1.711419364710243252e-01
1.732140658133374533e-01
1.675296122702370216e-01
1.669494326271874496e-01
1.664555524835782119e-01
1.612915007536996626e-01
1.629866801298151813e-01
1.667909932132964901e-01
1.704504978359975553e-01
1.784264812040664283e-01
1.634828732826678344e-01
1.744024784593164179e-01
1.704462392992061037e-01
1.698424322438756018e-01
1.603358907350602436e-01
1.674340159843414055e-01
1.639704571207094563e-01
1.644490939897377546e-01
1.611524349796855382e-01
1.688695655357702607e-01
1.801435045357818177e-01
1.702296094040981200e-01
1.687558878173192056e-01
1.636476181274264530e-01
1.635849326485100119e-01
1.700219876570098487e-01
1.598853277278972362e-01
1.716395114844113667e-01
1.680130508739001161e-01
1.597283842464929660e-01
1.720897886660572862e-01
1.688976625767004691e-01
1.611990741772417191e-01
1.769248971812055482e-01
1.683628872009368116e-01
1.551436121868575435e-01
1.734898912840713847e-01
1.670341782549200071e-01
1.646482445549481144e-01
1.648430652809149966e-01
1.723036549990416000e-01
1.688024918067887459e-01
1.738129514399983921e-01
1.696698823278139923e-01
1.869049832095657782e-01
1.617795046756499988e-01
1.801198319849529883e-01
1.750657845344024133e-01
1.833404343341319409e-01
1.883015135645763893e-01
1.820100330966027136e-01
1.695079784438054959e-01
1.737147894988431973e-01
1.788709264341914462e-01
1.764347156528435490e-01
1.831778126480960167e-01
1.814922712021914408e-01
1.799119094724613843e-01
1.798710097806787978e-01
1.799442644453599083e-01
1.714430464662924092e-01
1.711892245268441803e-01
1.748975623688633629e-01
1.747633830585352543e-01
1.755213540786972337e-01
1.776166644554813545e-01
1.818892465204161313e-01
1.851627540862157417e-01
1.789619342570950289e-01
1.613809837062699371e-01
1.720779379474733084e-01
1.715818228927085132e-01
1.816866410922396424e-01
1.769615561890798827e-01
1.801359394895525046e-01
1.738544669647505148e-01
1.796116389005019964e-01
1.667456550723317721e-01
1.709198042188382061e-01
1.772801849701584886e-01
1.807042321109511573e-01
1.721635480412212760e-01
1.735786402766152925e-01
1.780127866529737368e-01
1.768722812433053126e-01
1.760923566290418241e-01
1.833477843542932473e-01
1.855038998257379501e-01
1.848176075240407779e-01
1.746017818647447317e-01
1.775154084490271622e-01
1.875101483961206517e-01
1.751546628631380498e-01
1.758348055024105683e-01
1.798913097081538126e-01
1.877072928169351562e-01
1.774689451991377787e-01
1.781086470003249433e-01
1.827755327965379095e-01
1.898391086386405913e-01
1.866329282283490654e-01
1.834334076418757675e-01
1.730635389069670460e-01
1.871921690578073061e-01
1.902659604597003173e-01
1.778311217694340529e-01
1.837927601677827594e-01
1.767509473423138078e-01
1.791140324121578142e-01
1.783311466999254469e-01
1.849082507716493795e-01
1.780900852408306700e-01
1.760504239397559512e-01
1.788297215319692990e-01
1.858710914058361308e-01
1.758226363550151328e-01
1.840335875101590801e-01
1.853283759845952561e-01
1.820100330966027136e-01
1.960842016965727297e-01
1.941180423388233489e-01
1.818607287662794281e-01
1.772040768631552576e-01
1.911395319127273396e-01
1.904654383105195969e-01
1.805981825124159390e-01
1.885345929168248946e-01
1.909265428481343452e-01
1.885050918439455658e-01
1.885998273575128503e-01
1.887940546557916877e-01
1.857274851752565847e-01
1.928746581658456194e-01
1.896143341991275433e-01
1.877339041674803977e-01
1.738432258316245371e-01
1.956697731998782164e-01
1.785467286968550060e-01
1.932164146171156949e-01
1.805561449018459885e-01
1.867796720046912273e-01
1.942046359702662983e-01
1.867369588749353548e-01
1.844124461515042890e-01
1.853025143024735200e-01
1.874062370432182656e-01
1.935013879012705829e-01
1.896641039078920676e-01
1.970583991382810207e-01
1.865674937049843496e-01
1.896548606106416568e-01
1.806479547330994140e-01
1.966263572314020380e-01
1.960120822881174507e-01
1.789478869235863467e-01
2.017108611269949059e-01
1.793207092563873783e-01
2.020911724914867258e-01
1.853035512218065839e-01
1.868431660822794382e-01
1.994877239272955516e-01
1.838807234135999835e-01
1.957103295119039521e-01
1.832349939616300383e-01
1.971084220128765385e-01
1.984163609033605669e-01
1.949372056430424272e-01
1.855225470249711739e-01
1.856026987014479934e-01
1.791955732744646979e-01
1.932221792099559632e-01
1.926990225534703505e-01
1.861127007753099472e-01
1.980224832940255530e-01
1.877759505650661020e-01
1.891102198450272664e-01
1.932535442061497910e-01
1.834425387165264099e-01
2.043759983788508983e-01
1.850455022496276525e-01
1.998298520560142788e-01
1.923704360643042344e-01
2.027724106550962413e-01
1.930703873367105861e-01
1.789325448755839931e-01
1.942040630050449745e-01
1.907445991670581042e-01
2.004197243056520250e-01
1.907647561850332185e-01
1.989552703210487605e-01
1.940187606955898203e-01
1.898637273617316268e-01
1.955081225407501733e-01
1.952991483346711299e-01
1.889004672074696412e-01
1.945403027674034169e-01
1.899205322547209973e-01
1.875210671267203144e-01
1.972387966362319500e-01
2.011053807815943728e-01
1.979051818584306177e-01
1.924966812256509174e-01
1.885091790204620199e-01
1.864692039276150959e-01
1.862951388483494453e-01
1.911350085137043797e-01
1.853939617103798343e-01
1.952502029129828953e-01
1.953584605247386530e-01
1.933152699290492105e-01
1.856385823767282839e-01
1.855692209801464154e-01
2.062992892631422270e-01
1.945637803276789313e-01
1.898410012843968209e-01
1.909214490248679341e-01
1.876817741546840113e-01
1.862434953386403469e-01
1.979860275139404269e-01
1.962323586076061832e-01
1.819199528382263731e-01
1.980856223028678031e-01
2.038086312072403261e-01
1.989443648383845131e-01
1.892813540203046319e-01
2.023145237857827683e-01
1.961778988856567318e-01
1.861319712230846690e-01
1.987793364536673546e-01
2.008421633415137797e-01
1.999931531847906063e-01
1.880560383155256976e-01
1.909290729421866950e-01
1.963510976252143825e-01
2.059475071975157279e-01
1.882737661172015353e-01
1.833635964326375822e-01
1.793021960469517451e-01
1.957446706868205544e-01
1.964913304646071224e-01
1.990266769306019423e-01
1.904834977672789365e-01
1.908049320575570806e-01
2.039573531828621222e-01
1.928204316501340443e-01
1.982406557021779148e-01
1.966149481485559847e-01
2.089896995287877646e-01
2.075136801067602177e-01
1.900544632364940811e-01
2.077796775036936106e-01
2.007840271466219961e-01
2.030424247568530516e-01
1.960842016965727297e-01
1.818094972786596375e-01
2.042380613865216465e-01
2.044090130082063805e-01
1.949621319177436696e-01
1.966636334997348690e-01
1.999009666375232697e-01
1.919873924990105063e-01
2.018179642537698271e-01
2.001556246560428631e-01
1.947767283685368500e-01
1.868550963814927801e-01
2.061506324912475707e-01
1.939239295804316976e-01
2.031247427584374210e-01
1.877363672776930781e-01
2.021708338428250540e-01
1.965092309157688288e-01
1.796113852920041554e-01
1.957329109685745083e-01
2.028016764963349594e-01
1.969103446610852293e-01
2.012034668419079297e-01
1.868146221110396910e-01
2.001712291726900073e-01
1.998130286198160355e-01
1.886437988343622474e-01
1.880051001740421779e-01
1.841805935237822989e-01
1.902069211753218969e-01
2.018999369336089422e-01
1.905519137665553642e-01
1.951525047258056145e-01
2.068771945369593801e-01
2.006871703318997835e-01
2.000644885655471494e-01
1.948515649555960516e-01
2.056160688070255704e-01
2.061577523387640443e-01
1.954064250960322602e-01
1.976552539543368625e-01
2.001599011337390766e-01
1.966880287452627274e-01
1.958726148235217512e-01
1.960466189986635188e-01
2.000643484749553280e-01
1.974711366537846569e-01
1.908456152285028240e-01
2.005857709895232099e-01
1.907667760848989202e-01
1.967631905614571075e-01
1.983466108892642521e-01
1.901753084149911122e-01
1.988654443929022408e-01
1.998035812818986512e-01
1.925207955116568781e-01
2.016392626366383389e-01
2.024126709477471198e-01
2.029578949131448651e-01
1.980156071724191169e-01
2.007849727473149659e-01
1.974973543918829288e-01
2.013706752538678701e-01
1.991937075338769680e-01
1.887925231507351642e-01
2.043499568133200495e-01
2.102748849494198990e-01
2.097970991906036309e-01
2.009473295710295371e-01
2.012113194354398227e-01
2.030054323486164547e-01
1.993764921597220019e-01
2.018047415034268099e-01
1.952987649086949662e-01
2.006096709027822000e-01
2.019132522945064068e-01
2.022379244390243858e-01
2.084817124638688179e-01
1.999825400759133454e-01
2.015395277967158005e-01
2.059453461582445022e-01
1.962900034188743148e-01
2.013772405374306684e-01
2.006822358218793845e-01
2.065528752302283333e-01
2.073763319153836271e-01
1.971173409313886071e-01
1.976140896281494419e-01
2.055740978906626382e-01
2.018311870041127887e-01
2.046114719108218238e-01
2.071752688015507660e-01
2.017463145972517580e-01
1.964969323089299225e-01
1.981115166125139715e-01
1.947906032432869805e-01
2.014776555578153827e-01
2.097787425034336184e-01
1.946553656309350511e-01
1.986932438503997977e-01
1.927966587052810932e-01
1.936932379633380108e-01
1.972166626617415375e-01
1.956876490903500243e-01
2.063483296180679827e-01
1.975431570449541485e-01
2.009432048902720092e-01
1.900629391988434558e-01
1.979085930872350185e-01
2.043431564776189702e-01
2.060783266818775605e-01
2.029035236135220688e-01
2.085407506226045204e-01
1.988002111474040101e-01
2.086339549851398412e-01
1.988755270764481498e-01
2.070500613610166962e-01
1.992810439072051909e-01
2.007876311920773760e-01
2.023967195769270921e-01
1.989586644233161394e-01
2.045954950447026743e-01
2.134321151632463665e-01
2.026434223025122550e-01
2.043728094007399299e-01
2.023118705929926597e-01
2.006825587692246116e-01
1.953085744735275631e-01
1.936623242043095661e-01
2.006837191341387383e-01
2.099099543421920899e-01
1.974539588365207821e-01
1.893143877926719287e-01
2.065786255329298549e-01
2.067765047302964621e-01
2.052850392764590526e-01
2.080769830683535104e-01
2.014516172560931462e-01
2.016243617297681645e-01
2.096822722022447516e-01
1.950438257690764177e-01
2.106260964424087612e-01
2.024979504233976879e-01
2.071181040312884136e-01
2.066972943933367834e-01
2.103107125700280078e-01
2.141107688142445953e-01
1.909132913615311788e-01
1.975134796828571515e-01
1.929181327983888194e-01
2.122114002061228355e-01
2.041775103559499427e-01
1.949814264208667436e-01
2.007756187993943175e-01
1.941054840635230427e-01
2.159167284723058078e-01
2.072864680572097107e-01
1.973407089122046210e-01
2.138396938980509920e-01
2.002484021988845952e-01
2.155611915615756879e-01
2.012139351194761894e-01
1.937942092913427228e-01
1.939345037688572082e-01
2.064621324440100991e-01
2.122164504071591684e-01
2.099671526202073202e-01
1.963974047123526467e-01
2.141581242586710898e-01
2.161187346625692285e-01
2.086154427192339067e-01
2.115374499311024614e-01
2.110711402960271654e-01
2.127661222819733078e-01
2.106049115599552823e-01
2.044500799948898995e-01
2.058360976545040855e-01
2.259442124991463130e-01
2.171370263066788875e-01
2.203387794854326509e-01
2.076620222594811882e-01
2.186191967174840323e-01
2.087364710326886086e-01
2.007721926567689330e-01
2.108420169657272969e-01
2.106260964424087057e-01
2.135524634435589653e-01
2.101296725574170743e-01
2.044609902638294119e-01
2.190147464521049192e-01
2.069401657082043655e-01
2.144151565165263174e-01
2.078893679952961704e-01
2.112286010003024406e-01
1.982432758802054606e-01
2.160073890329589075e-01
2.235818777886453279e-01
2.119929804938767703e-01
2.086907559966042214e-01
2.147883185463329292e-01
2.182704849273727210e-01
2.080560176564449359e-01
2.041130046809069010e-01
2.268795539772268666e-01
2.113928290838730795e-01
2.049894768628290898e-01
2.065172166588183644e-01
2.094347898656485352e-01
2.040977164628176854e-01
2.164943976755530908e-01
2.019694039229140980e-01
2.086553936224040673e-01
2.114830591712546226e-01
2.026938629518113544e-01
2.061156132842315858e-01
2.016368199648603532e-01
2.063734332260439286e-01
1.992752184667427318e-01
2.098280599576175520e-01
1.979612260331318208e-01
2.015567810242184510e-01
2.082193340511327706e-01
2.079322925938797140e-01
2.015616658061539779e-01
2.117167102222229924e-01
1.983437539718098108e-01
2.054060499876306234e-01
2.068365644196689945e-01
2.063881621993188809e-01
2.140895354514567861e-01
2.258487436404626736e-01
2.158178461483759858e-01
2.208996725152522211e-01
2.025581493585723591e-01
2.225367182608123107e-01
2.132441399747806721e-01
2.185400120838414950e-01
2.231379251394897401e-01
2.104756066564651973e-01
2.196426075552608825e-01
2.238967422512882777e-01
2.154328445567226524e-01
2.087320308917432199e-01
2.181704421484951528e-01
2.218789358133447520e-01
2.175686369002313991e-01
2.294468008601482367e-01
2.243363444712961063e-01
2.207868420135512544e-01
2.018432882395527761e-01
2.041759315222167748e-01
2.216037972333686490e-01
2.179858526353323223e-01
2.103505227847148329e-01
2.150450615419966793e-01
2.211827280495717030e-01
2.115177697208100449e-01
2.129682097645803351e-01
2.125283596945824194e-01
2.149493894216862044e-01
2.253838231688723992e-01
2.183780373100771555e-01
2.125400144384639589e-01
2.216727268732630318e-01
2.065646607901164000e-01
2.103617039887084594e-01
2.067094360353315674e-01
2.129275374265150456e-01
2.138312517009320346e-01
2.156739386695093741e-01
2.189265787835002197e-01
2.178308973024964956e-01
2.215389059281028528e-01
2.147779402796380355e-01
2.214312864232002298e-01
2.166841581782897874e-01
2.216443317830609494e-01
2.193965736377130604e-01
2.178739357864181159e-01
2.104792749161803755e-01
2.246920511624318495e-01
2.183077332388548564e-01
2.236558902453431585e-01
2.126249074652432902e-01
2.185603636264396576e-01
2.334360561572253467e-01
2.161327523011628005e-01
2.101814807285863618e-01
2.227035835612785064e-01
2.117604709359687254e-01
2.148052159909003278e-01
2.102550840069458138e-01
2.208607323701078651e-01
2.184996146900392289e-01
2.087827784137378517e-01
2.293933708707022179e-01
2.248462278885701715e-01
2.148157448859397967e-01
2.087690240678142517e-01
2.158020384576835593e-01
2.073199585575739579e-01
2.179729738640213965e-01
2.208943866754733976e-01
2.114830591712546226e-01
2.348290404788189734e-01
2.104134971394517328e-01
2.035579070258999312e-01
2.111161650058422656e-01
2.147781082419514265e-01
2.203102273647268294e-01
2.060056059475896539e-01
2.251468074462575908e-01
2.172650903401384948e-01
2.280913331823796741e-01
2.102606956553004502e-01
2.137324170010703739e-01
2.114949980821872189e-01
2.130905275339541605e-01
2.131008173597729594e-01
2.100351415030156099e-01
2.050171468030566324e-01
2.072243346007604792e-01
2.172608530928467618e-01
2.201221263597576416e-01
2.082897797086186442e-01
2.179858526353322667e-01
2.260322167851207542e-01
2.226070461883453144e-01
2.213761866511250731e-01
2.218451812725953376e-01
2.076607045737109691e-01
2.057570191521974068e-01
2.198415756463482917e-01
2.114591591270249538e-01
2.193150865708003439e-01
2.132114918174842777e-01
2.126867719446191574e-01
2.105023289424780564e-01
2.190118530381368056e-01
2.223628711975055294e-01
2.114151228224934453e-01
2.135453016843441576e-01
2.239470793258650783e-01
2.196699034742552736e-01
2.186287852859598868e-01
2.272393670203090299e-01
2.188099853007788309e-01
2.084239101371153646e-01
2.265671836453185817e-01
2.096458324568253873e-01
2.222702800212937313e-01
2.174025896168864103e-01
2.123404321254098726e-01
2.234674161483640453e-01
2.148165610997526676e-01
2.226437857574448398e-01
2.170082923139008413e-01
2.150878687348696527e-01
2.147725308723544280e-01
2.220226574222302629e-01
2.248717401589108988e-01
2.225436742083813091e-01
2.182675411831385415e-01
2.223530209585154460e-01
2.247259607236252732e-01
2.152475421135610079e-01
2.103841117070592015e-01
2.173480522843350971e-01
2.090665911024196244e-01
2.190549568812208692e-01
2.225516680534103675e-01
2.125533649973282979e-01
2.187576841418006068e-01
2.219246707694031151e-01
2.282564243276379579e-01
2.205831237152156010e-01
2.313512420277508141e-01
2.172297990503554432e-01
2.267507956790222601e-01
2.118851089167647084e-01
2.190777722759146007e-01
2.263674371730041990e-01
2.172223911241232541e-01
2.413280071470494670e-01
2.170626677230727275e-01
2.214192764458737250e-01
2.078126249093665279e-01
2.207001523734815063e-01
2.216705489909027160e-01
2.140474672312491222e-01
2.215755345860639935e-01
2.168844446605892040e-01
2.291281588944192316e-01
2.129507960634056674e-01
2.193939487077721795e-01
2.228038201471885527e-01
2.161330822763530557e-01
2.137048144723083243e-01
2.317820826756062658e-01
2.232375415073910574e-01
2.207163335437778706e-01
2.221637184986509361e-01
2.195620022644479419e-01
2.223145122913750549e-01
2.254339682712607762e-01
2.181924591269625846e-01
2.227517560707247546e-01
2.207487532973762823e-01
2.069553341167109928e-01
2.137141157648740075e-01
2.214233372713227954e-01
2.129397677714185699e-01
2.195593378347902302e-01
2.173803520271646306e-01
2.203945335201021316e-01
2.194512415553648566e-01
2.371818616234485089e-01
2.111474597627004124e-01
2.239800318071677454e-01
2.159642418489021720e-01
2.196567408640192343e-01
2.200594140679165145e-01
2.225584093293072330e-01
2.162222350288685035e-01
2.212941614733969498e-01
2.256716716068356832e-01
2.343160081356737701e-01
2.203464971667777050e-01
2.172452869452932145e-01
2.320596513074040523e-01
2.082548348606011179e-01
2.207189524579928619e-01
2.235297245353768947e-01
2.215748802899471237e-01
2.167767356456078709e-01
2.082661371775165193e-01
2.239266927278302510e-01
2.377022708033491860e-01
2.225145911124141729e-01
2.311570100624568136e-01
2.207457095467646735e-01
2.269075476683107273e-01
2.196888304533624603e-01
2.376988760846017734e-01
2.264393762198399496e-01
2.232468907967229410e-01
2.144207669944347416e-01
2.165265206800768005e-01
2.174217419530408701e-01
2.198359723774283014e-01
2.317470254226610682e-01
2.233005563325270171e-01
2.235453991304608978e-01
2.178429600413250844e-01
2.278973246109691764e-01
2.257279028742811278e-01
2.138304233870182147e-01
2.179794389221424988e-01
2.196464417969470340e-01
2.098193447949928403e-01
2.290674111977090144e-01
2.201153612319502462e-01
2.224197577187987940e-01
2.216360788174565055e-01
2.221597228224695408e-01
2.216549035103154985e-01
2.228516878338324958e-01
2.320614538042928277e-01
2.227057258451196342e-01
2.260534896566471219e-01
2.258065954324738889e-01
2.330747795758998098e-01
2.264183081782522866e-01
2.150878687348695972e-01
2.365735873502811948e-01
2.121929315052889786e-01
2.264295385349291145e-01
2.313647307153000598e-01
2.217307317992580074e-01
2.282639066782235215e-01
2.193853793276183128e-01
2.283802075665078146e-01
2.227055272199228442e-01
2.287969404848671784e-01
2.215198715007391794e-01
2.301692991788502618e-01
2.213788272230617638e-01
2.270984148973508310e-01
2.178018372652012202e-01
2.208779574233356302e-01
2.194081669618397346e-01
2.398405982705906492e-01
2.327798187377538297e-01
2.165857695645519998e-01
2.276881722228653593e-01
2.346558427326826402e-01
2.215887195811690469e-01
2.276955433771526982e-01
2.277722421206654357e-01
2.227552963912488304e-01
2.191910788705178637e-01
2.422536966435218098e-01
2.291882202845720862e-01
2.148659505760129040e-01
2.239393362017414180e-01
2.239440482720790604e-01
2.255550404665847553e-01
2.254753718349896685e-01
2.297099046681926882e-01
2.320646144041379755e-01
2.204300502677851714e-01
2.297386720714521546e-01
2.250467127472853546e-01
2.351907147684557386e-01
2.257279028742811278e-01
2.209931837603171245e-01
2.181062443617604596e-01
2.265676514614776704e-01
2.297445874344153371e-01
2.179191323499082011e-01
2.219605611880737517e-01
2.233009535132267631e-01
2.084104294566016813e-01
2.229541196904193667e-01
2.166001074299868934e-01
2.187126016307738008e-01
2.182704849273727210e-01
2.191757766574781996e-01
2.180558357786061552e-01
2.102138304927059775e-01
2.292415635777336480e-01
2.190180765954388986e-01
2.220655558016717823e-01
2.281413060096864898e-01
2.272364259526062358e-01
2.303780701397999953e-01
2.242615064377100342e-01
2.203419794737316029e-01
2.310038373478243423e-01
2.210952579989601263e-01
2.200441933258414917e-01
2.255953197656911102e-01
2.221106491680375217e-01
2.414417443067341240e-01
2.170513750569811884e-01
2.281588380143179384e-01
2.285799787530253258e-01
2.175422133564970384e-01
2.264917876306268285e-01
2.293391320413070145e-01
2.248028129542104792e-01
2.284550732595508338e-01
2.246328310204138978e-01
2.313729446788409527e-01
2.366778889940139019e-01
2.237804848798433388e-01
2.278387079486968170e-01
2.321965430883163317e-01
2.283088503898227650e-01
2.304627737734144532e-01
2.374701434664164001e-01
2.197189312519720050e-01
2.164381187776102111e-01
2.253199406163254870e-01
2.238233529017672752e-01
2.226952842683494471e-01
2.234995130374782257e-01
2.202941407831263410e-01
2.247673872726357602e-01
2.115702340613152821e-01
2.191046168454565402e-01
2.300600177886297504e-01
2.349454355310171549e-01
2.236780288145748252e-01
2.381006750569989450e-01
2.146250231734013469e-01
2.285682807667205607e-01
2.294068337652957201e-01
2.235499959809539861e-01
2.201114761069906112e-01
2.412377852221589403e-01
2.182053933244821886e-01
2.370782579815588209e-01
2.220655558016717268e-01
2.285429511937286939e-01
2.263050480649099749e-01
2.274423861632373089e-01
2.334758287450405534e-01
2.379839328205827498e-01
2.338197019723985415e-01
2.306609842393053111e-01
2.262031536834320233e-01
2.260627673235141855e-01
2.219183717973650660e-01
2.317936212495595449e-01
2.300122997065362218e-01
2.179929078006290488e-01
2.336955693301814019e-01
2.320782340716582570e-01
2.330246131350477146e-01
2.219672469208758825e-01
2.409651584922081202e-01
2.294468008601482922e-01
2.282988954517653213e-01
2.159740575061721291e-01
2.217142741160711972e-01
2.267714546624655103e-01
2.261510050125850324e-01
2.378738424968090959e-01
2.238003103084132972e-01
2.427942708685710826e-01
2.288768242350882887e-01
2.238042483317058406e-01
2.227574450311483878e-01
2.435722745129534905e-01
2.228197071502824034e-01
2.208725633086690565e-01
2.349156694928078715e-01
2.335145725485037460e-01
2.328384589747501676e-01
2.335248779257405594e-01
2.337327909988858865e-01
2.353587691079967459e-01
2.405129076292224777e-01
2.390115742226216478e-01
2.382277266473392663e-01
2.202303279100930322e-01
2.397825128072251788e-01
2.345213433477969789e-01
2.451471707580867576e-01
2.374443830746478801e-01
2.239935425397700242e-01
2.189791841134651751e-01
2.395839474431505634e-01
2.421781107114727716e-01
2.297536347203606721e-01
2.221604763648156733e-01
2.168148567774744184e-01
2.351328421563327054e-01
2.303789177760350304e-01
2.373409079712260061e-01
2.393357655795965433e-01
2.216066710618362912e-01
2.363903047110181010e-01
2.385098665015627784e-01
2.305226706066005049e-01
2.224629601391748257e-01
2.354610694969977158e-01
2.310222958246908043e-01
2.348058137658337596e-01
2.406829206961223766e-01
2.265989221772105600e-01
2.218261910668148373e-01
2.386505201079098248e-01
2.434365191210433876e-01
2.353292814114807396e-01
2.423232161308089549e-01
2.411027280574721543e-01
2.236972299391649377e-01
2.361741114734984270e-01
2.417273829507330662e-01
2.310325340974836994e-01
2.341905924188672494e-01
2.349995169922574345e-01
2.253270085393239142e-01
2.318665561268271613e-01
2.312460404610275078e-01
2.208911745540124427e-01
2.307717844743614466e-01
2.372456050753315171e-01
2.281749827735244929e-01
2.319207362724336474e-01
2.357493334432391729e-01
2.344721224891287703e-01
2.434233123401698951e-01
2.224670685995824293e-01
2.290867992144243470e-01
2.432460032253445092e-01
2.316493238827729007e-01
2.360433438149908136e-01
2.323152936555311632e-01
2.358957808425080349e-01
2.414604522949821974e-01
2.275693689277246134e-01
2.267531921182498467e-01
2.317385307642936543e-01
2.472777830242888775e-01
2.430415115634529388e-01
2.315130721684911519e-01
2.382143412453333886e-01
2.420347362185386042e-01
2.478531001175953707e-01
2.235953110238013408e-01
2.341185104361962754e-01
2.304574227160760547e-01
2.395209336996764471e-01
2.277364289572353373e-01
2.388289931735380067e-01
2.389555662269112757e-01
2.269408269025017522e-01
2.281572142946310389e-01
2.337112826777746066e-01
2.558002109781580269e-01
2.296975137438999337e-01
2.416178291818900370e-01
2.305380366337063391e-01
2.196594396708500541e-01
2.410238379908345441e-01
2.284376512776168933e-01
2.301027783950303496e-01
2.337624823746035918e-01
2.277926724074458009e-01
2.376769476755105082e-01
2.212366549530209447e-01
2.413692182185079027e-01
2.346364515762431324e-01
2.352466181719962135e-01
2.347202189747029655e-01
2.376770253059343474e-01
2.380909892426457120e-01
2.349422270436891669e-01
2.425734783759039004e-01
2.286774245728725730e-01
2.413833279685894950e-01
2.357389199229119048e-01
2.337605308141250393e-01
2.290887080560184141e-01
2.300663917246363044e-01
2.183412224783869426e-01
2.411890694180733319e-01
2.368979463332377133e-01
2.230998346302232593e-01
2.328279963824211041e-01
2.371739378067662385e-01
2.313764548227062734e-01
2.347884230178477472e-01
2.360025689964305728e-01
2.300696732251329146e-01
2.312429886323847661e-01
2.387453930927239953e-01
2.401660872984558992e-01
2.350211398590270062e-01
2.315460420643818962e-01
2.462853991494704242e-01
2.347815542801789945e-01
2.325974702659179549e-01
2.383339009181940915e-01
2.447458263849952020e-01
2.411481222205937580e-01
2.285460226264915129e-01
2.246500981372291095e-01
2.443174325726566454e-01
2.270631729075199001e-01
2.438554916978728504e-01
2.259822470775237346e-01
2.320320982110373187e-01
2.391210867797365913e-01
2.354760387896865925e-01
2.317176949784349183e-01
2.388128423876229034e-01
2.418250080464647844e-01
2.422937471743890070e-01
2.147427608677609512e-01
2.358511131805338390e-01
2.335634159253389686e-01
2.360297788336291891e-01
2.247880652453789208e-01
2.307828719138609319e-01
2.309904011582157857e-01
2.367922072425883151e-01
2.252012515732862707e-01
2.270141839824056651e-01
2.431048200166828488e-01
2.307508733247395916e-01
2.365728463464637499e-01
2.375598992377637442e-01
2.275113978968010264e-01
2.247572598386000098e-01
2.347918475174668451e-01
2.427600998676252009e-01
2.371068981720512447e-01
2.394763633779144196e-01
2.389939416812891515e-01
2.404225933840064278e-01
2.419362250171542550e-01
2.340114553572973100e-01
2.246100441149894988e-01
2.568943194700927246e-01
2.402248659217069704e-01
2.388631923745937191e-01
2.418018374632223688e-01
2.316493238827729007e-01
2.336502919471645234e-01
2.265377628685423528e-01
2.403402255838157919e-01
2.286167737149806534e-01
2.361490546132956336e-01
2.439030861721578902e-01
2.314768456368319349e-01
2.319142466067163622e-01
2.337063986405465699e-01
2.365423906790216912e-01
2.271648135057262041e-01
2.318918802413279245e-01
2.345028464862803086e-01
2.236260469630208247e-01
2.358117360513098393e-01
2.282050808971354261e-01
2.364635424996092972e-01
2.349908063384024970e-01
2.193961133577166656e-01
2.415947183998269909e-01
2.317987101271120620e-01
2.250944536722845613e-01
2.229858401273576707e-01
2.438070407119031779e-01
2.254090744018769632e-01
2.273495257601753083e-01
2.263659473582978199e-01
2.353321917235148275e-01
2.374701434664164557e-01
2.374411492051401174e-01
2.468305576413365454e-01
2.364941962392877184e-01
2.412632701883999919e-01
2.361885644653182736e-01
2.309396278880866960e-01
2.446733265491395914e-01
2.320953769332596561e-01
2.331196379951752107e-01
2.263371808586643885e-01
2.476270045876838022e-01
2.230665628142165235e-01
2.320516174709542634e-01
2.355162062784843802e-01
2.435768597579566763e-01
2.325526832832395530e-01
2.296964239876790048e-01
2.299909429277299799e-01
2.355236636151154805e-01
2.443162885179491206e-01
2.349199526041017283e-01
2.376577936216661691e-01
2.266967163277441855e-01
2.392511422954133049e-01
2.303158260903175880e-01
2.326245638437771934e-01
2.269883368387778655e-01
2.314914668597486125e-01
2.407933552833554092e-01
2.251582770656651022e-01
2.348971464561261102e-01
2.275437571096640688e-01
2.454618647355902850e-01
2.298309889308122467e-01
2.385234371975609724e-01
2.450068863827407906e-01
2.377022708033492415e-01
2.388196424495593051e-01
2.247715248359458129e-01
2.403836258390248393e-01
2.532450446892765550e-01
2.365348971763165942e-01
2.311039061458715349e-01
2.293927069597927471e-01
2.483952767969514197e-01
2.315668999656616267e-01
2.575501417257555770e-01
2.353697264933125866e-01
2.422955475896209077e-01
2.369171939738175803e-01
2.292380611997742179e-01
2.327956319338504998e-01
2.510990877315526504e-01
2.324307295945499952e-01
2.525634342063650117e-01
2.525805475449005577e-01
2.310647057645983937e-01
2.387089927005168200e-01
2.320396243731029651e-01
2.425004797062614015e-01
2.319467464968175963e-01
2.383146063706545748e-01
2.342559439527726051e-01
2.367975504262567754e-01
2.440635264168478924e-01
2.293535923333239190e-01
2.414963705849763609e-01
2.347139756415536349e-01
2.326231110858396345e-01
2.347816750947488706e-01
2.495436872492859948e-01
2.370982684332209323e-01
2.475724507181148448e-01
2.332224566382767317e-01
2.347107917940376431e-01
2.395052511565328168e-01
2.431176295993511260e-01
2.321572332909210279e-01
2.330552498099335013e-01
2.463705272040072614e-01
2.293679202351228408e-01
2.335115520666539435e-01
2.409728629184192117e-01
2.316706060115967525e-01
2.360015382284736396e-01
2.434095950221492333e-01
2.470413321506554349e-01
2.478323512715049082e-01
2.422056201929536912e-01
2.504239262214731920e-01
2.466278175688426388e-01
2.339265910502308365e-01
2.455127788053524940e-01
2.439973265944110070e-01
2.419726557217732055e-01
2.395660280516377361e-01
2.430373687122986126e-01
2.428591930138452315e-01
2.315272769660821905e-01
2.435372461477327555e-01
2.437666186668115964e-01
2.386277193810882047e-01
2.463567595908494057e-01
2.421041537550363831e-01
2.360547488870579358e-01
2.298383979764299367e-01
2.336004591820344534e-01
2.338333461694030169e-01
2.413709694885424750e-01
2.345348721760528721e-01
2.434233501365508368e-01
2.476193141911471052e-01
2.458461799481650445e-01
2.329328291670985096e-01
2.488237080549477453e-01
2.323429852441985244e-01
2.453162410488771705e-01
2.258576758812876339e-01
2.349231181620389797e-01
2.408984403573664612e-01
2.351971379338019530e-01
2.247933551941013464e-01
2.277544540334538181e-01
2.389566995313861797e-01
2.286081071394087394e-01
2.384544864789298335e-01
2.458886607434830618e-01
2.417527912070946139e-01
2.323810322808120277e-01
2.378551389433899710e-01
2.490755791369656247e-01
2.495353895339370576e-01
2.448513005278674382e-01
2.494160821760374458e-01
2.396291669462823071e-01
2.339799588856653900e-01
2.469385690851279291e-01
2.349819611212574377e-01
2.404102380695789798e-01
2.293028037134685060e-01
2.385338361563519860e-01
2.488716616251188674e-01
2.280711927105200654e-01
2.340728181180626588e-01
2.290973270428540154e-01
2.481770889917361000e-01
2.465463298474503684e-01
2.379127766630357022e-01
2.426759545109877791e-01
2.452303651302918108e-01
2.325872950728128385e-01
2.418312486186257604e-01
2.320658691312492417e-01
2.504216531808574064e-01
2.362283743975514549e-01
2.418852294256816915e-01
2.345726745553992354e-01
2.326285335077937222e-01
2.336746546415785497e-01
2.447531601853621674e-01
2.418928090363866024e-01
2.417173950994771781e-01
2.425459172178991984e-01
2.402072844757247305e-01
2.413381435471931291e-01
2.530314150668567796e-01
2.491861405519701089e-01
2.511104428835658764e-01
2.399082813722658858e-01
2.393047602558441567e-01
2.308543323928129165e-01
2.315460420643819239e-01
2.486149243980643186e-01
2.307516117892176588e-01
2.330922938733162308e-01
2.413897987231198861e-01
2.494198445531278230e-01
2.419191100181574683e-01
2.330826065378100442e-01
2.437281355602419208e-01
2.490535213415265292e-01
2.480189414436169970e-01
2.392007524776774141e-01
2.402629786689346458e-01
2.431935567593596914e-01
2.378040447506076516e-01
2.384018818946366525e-01
2.360957297235252716e-01
2.332447079681871094e-01
2.454453100322744330e-01
2.434248816379405711e-01
2.434233501365508368e-01
2.575284979964690968e-01
2.388864777869192657e-01
2.336229647175462054e-01
2.406948205817730779e-01
2.333081013892120970e-01
2.427704562716853365e-01
2.403591854195216981e-01
2.518013208408655945e-01
2.343770257595076123e-01
2.350259315966096996e-01
2.438543960946596700e-01
2.359581053655298855e-01
2.374646142563900109e-01
2.335706694219717439e-01
2.420019675884723109e-01
2.467981856681538966e-01
2.452112553162790476e-01
2.353591450478071945e-01
2.362911103400214541e-01
2.451115204218568266e-01
2.367731078537267664e-01
2.410073006601750889e-01
2.419696680297059865e-01
2.429542590592825291e-01
2.327274753274265195e-01
2.374351082873031316e-01
2.231176594275070812e-01
2.440488906941540859e-01
2.412208347276310338e-01
2.342798962379823713e-01
2.416564465941240247e-01
2.366108648297804984e-01
2.455515746380596553e-01
2.460457420412378859e-01
2.402452669994824264e-01
2.426095547825371512e-01
2.349453057587717053e-01
2.254377051054081427e-01
2.429694313612972001e-01
2.312870843212267991e-01
2.390918797463687517e-01
2.390758291506302202e-01
2.187815929176897822e-01
2.413517816035468944e-01
2.319096494132363018e-01
2.291092779133615531e-01
2.375854195464316421e-01
2.332476512981528360e-01
2.315135029053023430e-01
2.396645038903148783e-01
2.293842325545442651e-01
2.411178221912475272e-01
2.351422033456737615e-01
2.409755161810398505e-01
2.213577629300900462e-01
2.333358452966065866e-01
2.457531364384073769e-01
2.414687343704209621e-01
2.277244043482122282e-01
2.377645350593841911e-01
2.395577063326843059e-01
2.277980170540903904e-01
2.255401284962058328e-01
2.268703484851971042e-01
2.480401689613998262e-01
2.367149075922204415e-01
2.405906089591956232e-01
2.378288451826943706e-01
2.185836349813338464e-01
2.288147140198017737e-01
2.358212046858304267e-01
2.470385693509017377e-01
2.297059369596105294e-01
2.373111903772615328e-01
2.285467934892601860e-01
2.326544913727965347e-01
2.304524487054716020e-01
2.443037295705202117e-01
2.284461611278118254e-01
2.454419185560584582e-01
2.286541195084336175e-01
2.389939416812891515e-01
2.368765739838183948e-01
2.366874178370424742e-01
2.446740443197779613e-01
2.471668940324029673e-01
2.400311698750133560e-01
2.329346946500199522e-01
2.458828821859090075e-01
2.332476512981526973e-01
2.447969797574428286e-01
2.441745040736247319e-01
2.341027535241058666e-01
2.409262807437138887e-01
2.402241743778283922e-01
2.338333461694030169e-01
2.353285283928649996e-01
2.392407510027744766e-01
2.422068933688475978e-01
2.438110221009401613e-01
2.366215213223925029e-01
2.381383847768441531e-01
2.312125532370560288e-01
2.236216405408437968e-01
2.341160203675692886e-01
2.328647523345402093e-01
2.401580795801362966e-01
2.530638576298241404e-01
2.441691557688206449e-01
2.459738896663475893e-01
2.359059668925389541e-01
2.465403552645163976e-01
2.437898857613552683e-01
2.392040531992090657e-01
2.208470575737182251e-01
2.441218374825072923e-01
2.342513144086417753e-01
2.353545546027362712e-01
2.263490697988106981e-01
2.536450530256459945e-01
2.379871755400600197e-01
2.404175023635501673e-01
2.406377786221359227e-01
2.380616575320751993e-01
2.465724970030211682e-01
2.424192381429183529e-01
2.290717644207187764e-01
2.515548086374012060e-01
2.373391994588806564e-01
2.345415350577040869e-01
2.448869816810594902e-01
2.415051660914817322e-01
2.446276822173523158e-01
2.399839486924568721e-01
2.435655985607738383e-01
2.363084531994176507e-01
2.431474679476307299e-01
2.373102311486744165e-01
2.529785717419849034e-01
2.372972905289995604e-01
2.378517551535409558e-01
2.417270227220519319e-01
2.284821784337743855e-01
2.454306214598659941e-01
2.383651107476496556e-01
2.328565317603585039e-01
2.411433180998083237e-01
2.280536752710520532e-01
2.352030699570825667e-01
2.385512927220604651e-01
2.443946899842585063e-01
2.459923407028611619e-01
2.205872232673396494e-01
2.462001190840931164e-01
2.370217822140883446e-01
2.420778850968643703e-01
2.371931714504924571e-01
2.465413699310278206e-01
2.317679311386049157e-01
2.442018162678579463e-01
2.458017665945476660e-01
2.312114178692550870e-01
2.306140957580810613e-01
2.584392734669276326e-01
2.322551060336540130e-01
2.416179242136979599e-01
2.485189273633530704e-01
2.365897667554341388e-01
2.412176023831639760e-01
2.470603558835225422e-01
2.385176630609714132e-01
2.481637335368086783e-01
2.299408344321723918e-01
2.376069348228277145e-01
2.369139188426820086e-01
2.397476099983456010e-01
2.526177612480579593e-01
2.491627614716065142e-01
2.361845376743699765e-01
2.446323590032133122e-01
2.396291669462823071e-01
2.489558709548281568e-01
2.435761079175061405e-01
2.444116910824570554e-01
2.384440438168455023e-01
2.402486311372476757e-01
2.455225879733293481e-01
2.362032215201020358e-01
2.426764161355380034e-01
2.536581551650470834e-01
2.399439501869091995e-01
2.398477009104425794e-01
2.515641581500747681e-01
2.434807448500625748e-01
2.359759476815376233e-01
2.393518362736690996e-01
2.381848606540466484e-01
2.369746751430934772e-01
2.371399233321829225e-01
2.324580608858246855e-01
2.491826346976244166e-01
2.479221253351621135e-01
2.354764104066901509e-01
2.403889854134536042e-01
2.474275928771167976e-01
2.342831610126325792e-01
2.257985470876195111e-01
2.372301297847351775e-01
2.506714954841685605e-01
2.503464101745252468e-01
2.376121330814732757e-01
2.487064237274941580e-01
2.375753189839574231e-01
2.480507399867801221e-01
2.424574586477051263e-01
2.449329578402318630e-01
2.251838026242856117e-01
2.345972920541697648e-01
2.561482194703088577e-01
2.371240780975560347e-01
2.443257139302975334e-01
2.372385966875214525e-01
2.516979888662154718e-01
2.316097008209216657e-01
2.402988471047257379e-01
2.437907723966658280e-01
2.483762571844062295e-01
2.435089320224039511e-01
2.398811963011962256e-01
2.414116456145233292e-01
2.301141089191258426e-01
2.457463207945418393e-01
2.393800733374209788e-01
2.422971685516191187e-01
2.398074291392261470e-01
2.399360679370026728e-01
2.353624405990406288e-01
2.476392329550098081e-01
2.476260048147603532e-01
2.402526265150451978e-01
2.452733814588199390e-01
2.410305963853157096e-01
2.457592386283807273e-01
2.385429358649199527e-01
2.388935830519739179e-01
2.298223262178454296e-01
2.599577424951039495e-01
2.432434195654724907e-01
2.385176630609714132e-01
2.356141553006434186e-01
2.434113873566240704e-01
2.548969559343689517e-01
2.409323200066631199e-01
2.557925518801307807e-01
2.442933830331829315e-01
2.208347676744865928e-01
2.438623624450662608e-01
2.391718052094095048e-01
2.383315112462732199e-01
2.477847562424634886e-01
2.401296322717968723e-01
2.419779712338181732e-01
2.415722008615222571e-01
2.487205613387052094e-01
2.451238068889197153e-01
2.536147399131924995e-01
2.454826105240161260e-01
2.402346931229377980e-01
2.534248281904870059e-01
2.355579617015956806e-01
2.352234279778275816e-01
2.445478988854346558e-01
2.438308644225618826e-01
2.345891772358445759e-01
2.330314219649241292e-01
2.443413420843352779e-01
2.533882048424989653e-01
2.508011819987763791e-01
2.349298112012752626e-01
2.527164171030324424e-01
2.474615353116134953e-01
2.503346220936294442e-01
2.510992418058154430e-01
2.472201074365120155e-01
2.478194756632612628e-01
2.454015881015126077e-01
2.398929961931820787e-01
2.400061152284755084e-01
2.464294908370708304e-01
2.454362612860216675e-01
2.513774447521717192e-01
2.325250809839154442e-01
2.509031831036766524e-01
2.428991472149966413e-01
2.543344854349661732e-01
2.407990578944635418e-01
2.312119888952638702e-01
2.351649328130765992e-01
2.345134464535612862e-01
2.404907080190385460e-01
2.397558913563743732e-01
2.409529506218804629e-01
2.408285839080946678e-01
2.514914719685735767e-01
2.411440251219507114e-01
2.439003908864278980e-01
2.387248561223985210e-01
2.294458422004756193e-01
2.393447210473744480e-01
2.325503056768460364e-01
2.398583398164914338e-01
2.435524594571516488e-01
2.382992064626075213e-01
2.385052925334691931e-01
2.435460963919497956e-01
2.542338773602963453e-01
2.607731344922554206e-01
2.369950343089365918e-01
2.436668739667723349e-01
2.297071068381129066e-01
2.485951707951448153e-01
2.518248642904571399e-01
2.401911438224526296e-01
2.350618991470025954e-01
2.403663251258003342e-01
2.542318509555135941e-01
2.410656946390448419e-01
2.415017795523638211e-01
2.506696457881428253e-01
2.423776189512085733e-01
2.438771348673348383e-01
2.449503134406774696e-01
2.485688701419247471e-01
2.389550248514972497e-01
2.327732770666110229e-01
2.467736223510053339e-01
2.559277693522443164e-01
2.444591840858056087e-01
2.415190721250799755e-01
2.350724927965023581e-01
2.394742932659748025e-01
2.435392716257540335e-01
2.533272927048998424e-01
2.346068864725760761e-01
2.440405144410688343e-01
2.550437350022752847e-01
2.470347397245188648e-01
2.545727642689540882e-01
2.487459867322136253e-01
2.400583601196107086e-01
2.415991004142720999e-01
2.482552631942008536e-01
2.489432292032391081e-01
2.484620946634080729e-01
2.426533440909350581e-01
2.415534401257198038e-01
2.484790173449919759e-01
2.381506502449427243e-01
2.497465754754397971e-01
2.509024815174043521e-01
2.527752974635680272e-01
2.491637360784781097e-01
2.407085856094726417e-01
2.488277204247573704e-01
2.290551755546961776e-01
2.630797387470054094e-01
2.535410547072763920e-01
2.300149435105312001e-01
2.278779727390435328e-01
2.284003531686766841e-01
2.482277071255117318e-01
2.402635034855795382e-01
2.395016968845795624e-01
2.298254747176896873e-01
2.356135366636438744e-01
2.389281611253298854e-01
2.505684985146079402e-01
2.351344320671496235e-01
2.457480316228111694e-01
2.532476565980654737e-01
2.360717279333130469e-01
2.605954221343892985e-01
2.333970515611733798e-01
2.495276619329535872e-01
2.418359412179451884e-01
2.486234123477555347e-01
2.389001178051212704e-01
2.458514139718901703e-01
2.447299186908266921e-01
2.419139128369620917e-01
2.358934387439803326e-01
2.439865593263766119e-01
2.326924849689136765e-01
