0.423,0.419,0.421,0.419,0.417,-2.125,-2.125,-2.126,-2.127,-2.124,-64.922,-4014.000
0.422,0.420,0.420,0.416,0.423,-2.127,-2.127,-2.126,-2.126,-2.125,-64.409,-4004.000
0.421,0.415,0.424,0.418,0.419,-2.124,-2.127,-2.125,-2.127,-2.126,-64.409,-3994.000
0.415,0.424,0.417,0.421,0.418,-2.126,-2.125,-2.129,-2.127,-2.125,-64.409,-3984.000
0.425,0.415,0.425,0.418,0.415,-2.126,-2.126,-2.126,-2.126,-2.126,-65.889,-3974.000
0.420,0.422,0.420,0.419,0.426,-2.126,-2.127,-2.126,-2.125,-2.123,-65.889,-3964.000
0.418,0.423,0.416,0.420,0.423,-2.126,-2.126,-2.122,-2.123,-2.127,-65.889,-3954.000
0.422,0.423,0.419,0.421,0.422,-2.126,-2.124,-2.126,-2.126,-2.125,-65.889,-3944.000
0.418,0.426,0.423,0.420,0.419,-2.126,-2.124,-2.125,-2.125,-2.126,-64.580,-3934.000
0.416,0.422,0.415,0.426,0.422,-2.125,-2.126,-2.126,-2.126,-2.128,-64.580,-3924.000
0.427,0.414,0.422,0.422,0.418,-2.123,-2.123,-2.125,-2.125,-2.125,-64.580,-3914.000
0.419,0.421,0.419,0.423,0.425,-2.124,-2.122,-2.124,-2.125,-2.124,-64.580,-3904.000
0.425,0.419,0.420,0.423,0.425,-2.123,-2.127,-2.126,-2.125,-2.124,-64.834,-3894.000
0.418,0.425,0.421,0.420,0.424,-2.126,-2.125,-2.124,-2.124,-2.127,-64.834,-3884.000
0.423,0.426,0.421,0.419,0.422,-2.126,-2.125,-2.125,-2.125,-2.125,-64.834,-3874.000
0.421,0.412,0.419,0.422,0.420,-2.124,-2.125,-2.125,-2.125,-2.125,-64.834,-3864.000
0.417,0.426,0.420,0.424,0.419,-2.125,-2.124,-2.126,-2.123,-2.126,-65.161,-3854.000
0.415,0.423,0.427,0.419,0.418,-2.124,-2.124,-2.124,-2.127,-2.125,-65.161,-3844.000
0.423,0.422,0.418,0.422,0.422,-2.125,-2.125,-2.125,-2.125,-2.125,-65.161,-3834.000
0.416,0.410,0.425,0.418,0.418,-2.124,-2.126,-2.122,-2.124,-2.123,-65.161,-3824.000
0.423,0.420,0.419,0.420,0.419,-2.126,-2.126,-2.124,-2.124,-2.123,-65.586,-3814.000
0.417,0.422,0.420,0.418,0.416,-2.123,-2.123,-2.124,-2.125,-2.122,-65.586,-3804.000
0.415,0.422,0.421,0.419,0.423,-2.122,-2.125,-2.123,-2.125,-2.125,-65.586,-3794.000
0.420,0.423,0.425,0.420,0.420,-2.122,-2.124,-2.124,-2.125,-2.123,-65.586,-3784.000
0.421,0.421,0.420,0.418,0.421,-2.124,-2.126,-2.125,-2.126,-2.126,-64.941,-3774.000
0.417,0.423,0.421,0.419,0.422,-2.125,-2.124,-2.124,-2.124,-2.122,-64.941,-3764.000
0.421,0.424,0.418,0.421,0.416,-2.125,-2.126,-2.123,-2.125,-2.126,-64.941,-3754.000
0.419,0.418,0.424,0.422,0.420,-2.126,-2.126,-2.125,-2.124,-2.125,-64.941,-3744.000
0.418,0.416,0.419,0.418,0.422,-2.124,-2.124,-2.126,-2.123,-2.123,-65.654,-3734.000
0.420,0.429,0.417,0.426,0.411,-2.124,-2.124,-2.125,-2.124,-2.123,-65.654,-3724.000
0.424,0.417,0.416,0.424,0.421,-2.123,-2.124,-2.125,-2.124,-2.124,-65.654,-3714.000
0.416,0.420,0.423,0.420,0.420,-2.125,-2.125,-2.124,-2.124,-2.123,-65.654,-3704.000
0.419,0.415,0.420,0.421,0.417,-2.123,-2.124,-2.124,-2.124,-2.126,-63.223,-3694.000
0.423,0.421,0.422,0.417,0.423,-2.124,-2.124,-2.124,-2.125,-2.125,-63.223,-3684.000
0.425,0.415,0.420,0.420,0.417,-2.124,-2.123,-2.123,-2.123,-2.124,-63.223,-3674.000
0.425,0.421,0.421,0.419,0.422,-2.125,-2.124,-2.124,-2.123,-2.123,-63.223,-3664.000
0.430,0.417,0.426,0.416,0.426,-2.123,-2.124,-2.124,-2.123,-2.124,-65.386,-3654.000
0.419,0.419,0.419,0.416,0.420,-2.124,-2.124,-2.124,-2.122,-2.123,-65.386,-3644.000
0.424,0.422,0.420,0.422,0.420,-2.123,-2.123,-2.122,-2.123,-2.122,-65.386,-3634.000
0.421,0.420,0.422,0.414,0.419,-2.122,-2.125,-2.123,-2.123,-2.124,-65.386,-3624.000
0.427,0.422,0.420,0.423,0.417,-2.122,-2.124,-2.123,-2.124,-2.125,-67.646,-3614.000
0.428,0.416,0.417,0.422,0.419,-2.124,-2.123,-2.124,-2.123,-2.124,-67.646,-3604.000
0.420,0.419,0.421,0.415,0.417,-2.123,-2.123,-2.122,-2.124,-2.124,-67.646,-3594.000
0.419,0.420,0.420,0.420,0.422,-2.123,-2.123,-2.123,-2.124,-2.121,-67.646,-3584.000
0.423,0.422,0.419,0.427,0.419,-2.123,-2.122,-2.122,-2.123,-2.123,-65.762,-3574.000
0.419,0.426,0.421,0.427,0.421,-2.125,-2.124,-2.122,-2.123,-2.124,-65.762,-3564.000
0.422,0.422,0.419,0.419,0.420,-2.123,-2.122,-2.123,-2.123,-2.123,-65.762,-3554.000
0.418,0.423,0.420,0.424,0.423,-2.124,-2.122,-2.125,-2.125,-2.124,-65.762,-3544.000
0.421,0.419,0.418,0.424,0.424,-2.121,-2.123,-2.122,-2.122,-2.122,-64.849,-3534.000
0.423,0.422,0.424,0.424,0.422,-2.122,-2.123,-2.122,-2.122,-2.123,-64.849,-3524.000
0.426,0.417,0.422,0.423,0.420,-2.123,-2.124,-2.123,-2.123,-2.122,-64.849,-3514.000
0.422,0.417,0.421,0.423,0.424,-2.122,-2.122,-2.123,-2.123,-2.123,-64.849,-3504.000
0.424,0.421,0.416,0.423,0.421,-2.123,-2.122,-2.124,-2.124,-2.124,-66.323,-3494.000
0.422,0.420,0.420,0.418,0.423,-2.124,-2.124,-2.122,-2.121,-2.122,-66.323,-3484.000
0.418,0.422,0.418,0.420,0.421,-2.123,-2.122,-2.121,-2.121,-2.123,-66.323,-3474.000
0.420,0.423,0.420,0.420,0.421,-2.123,-2.123,-2.123,-2.122,-2.123,-66.323,-3464.000
0.421,0.416,0.420,0.417,0.419,-2.122,-2.123,-2.122,-2.124,-2.123,-64.648,-3454.000
0.419,0.422,0.416,0.418,0.420,-2.120,-2.125,-2.124,-2.123,-2.122,-64.648,-3444.000
0.425,0.415,0.425,0.414,0.420,-2.121,-2.122,-2.123,-2.123,-2.122,-64.648,-3434.000
0.420,0.419,0.423,0.421,0.416,-2.120,-2.120,-2.121,-2.122,-2.122,-64.648,-3424.000
0.422,0.423,0.417,0.421,0.428,-2.121,-2.120,-2.122,-2.122,-2.121,-65.000,-3414.000
0.419,0.423,0.422,0.420,0.421,-2.121,-2.121,-2.121,-2.123,-2.123,-65.000,-3404.000
0.422,0.419,0.418,0.422,0.418,-2.123,-2.122,-2.123,-2.122,-2.123,-65.000,-3394.000
0.418,0.416,0.426,0.417,0.419,-2.122,-2.120,-2.122,-2.122,-2.121,-65.000,-3384.000
0.422,0.429,0.423,0.420,0.422,-2.122,-2.123,-2.123,-2.122,-2.122,-65.967,-3374.000
0.425,0.422,0.420,0.422,0.420,-2.123,-2.123,-2.121,-2.123,-2.122,-65.967,-3364.000
0.421,0.423,0.419,0.423,0.423,-2.120,-2.123,-2.122,-2.121,-2.122,-65.967,-3354.000
0.420,0.422,0.425,0.414,0.422,-2.121,-2.123,-2.123,-2.123,-2.123,-65.967,-3344.000
0.415,0.425,0.417,0.425,0.424,-2.122,-2.121,-2.121,-2.121,-2.122,-65.298,-3334.000
0.423,0.426,0.423,0.423,0.423,-2.121,-2.122,-2.121,-2.121,-2.123,-65.298,-3324.000
0.420,0.419,0.423,0.421,0.421,-2.121,-2.123,-2.123,-2.122,-2.121,-65.298,-3314.000
0.420,0.417,0.421,0.423,0.417,-2.122,-2.122,-2.121,-2.122,-2.121,-65.298,-3304.000
0.423,0.427,0.422,0.424,0.422,-2.119,-2.121,-2.120,-2.120,-2.122,-65.112,-3294.000
0.426,0.417,0.425,0.419,0.416,-2.121,-2.122,-2.121,-2.122,-2.122,-65.112,-3284.000
0.418,0.420,0.424,0.418,0.425,-2.122,-2.122,-2.122,-2.121,-2.122,-65.112,-3274.000
0.426,0.419,0.415,0.420,0.424,-2.123,-2.122,-2.122,-2.122,-2.122,-65.112,-3264.000
0.415,0.424,0.424,0.423,0.424,-2.122,-2.123,-2.122,-2.123,-2.120,-63.740,-3254.000
0.422,0.423,0.419,0.423,0.424,-2.123,-2.121,-2.121,-2.120,-2.117,-63.740,-3244.000
0.419,0.417,0.421,0.417,0.426,-2.120,-2.121,-2.121,-2.123,-2.122,-63.740,-3234.000
0.424,0.422,0.422,0.417,0.418,-2.123,-2.121,-2.121,-2.121,-2.122,-63.740,-3224.000
0.420,0.417,0.421,0.419,0.419,-2.122,-2.120,-2.121,-2.122,-2.120,-63.237,-3214.000
0.427,0.420,0.415,0.422,0.424,-2.122,-2.120,-2.121,-2.119,-2.121,-63.237,-3204.000
0.421,0.425,0.417,0.421,0.421,-2.121,-2.119,-2.122,-2.121,-2.121,-63.237,-3194.000
0.412,0.420,0.426,0.422,0.421,-2.121,-2.123,-2.121,-2.119,-2.121,-63.237,-3184.000
0.421,0.420,0.420,0.417,0.424,-2.121,-2.122,-2.122,-2.122,-2.123,-64.971,-3174.000
0.422,0.425,0.421,0.422,0.423,-2.121,-2.121,-2.121,-2.122,-2.122,-64.971,-3164.000
0.424,0.422,0.426,0.422,0.420,-2.122,-2.121,-2.120,-2.121,-2.121,-64.971,-3154.000
0.423,0.425,0.431,0.421,0.421,-2.120,-2.122,-2.121,-2.121,-2.122,-64.971,-3144.000
0.421,0.417,0.420,0.419,0.420,-2.123,-2.120,-2.122,-2.122,-2.120,-65.303,-3134.000
0.420,0.425,0.421,0.419,0.423,-2.120,-2.121,-2.121,-2.122,-2.120,-65.303,-3124.000
0.426,0.420,0.417,0.422,0.419,-2.121,-2.120,-2.121,-2.120,-2.120,-65.303,-3114.000
0.422,0.420,0.422,0.417,0.426,-2.122,-2.119,-2.121,-2.120,-2.122,-65.303,-3104.000
0.422,0.425,0.418,0.422,0.421,-2.120,-2.121,-2.120,-2.119,-2.119,-64.775,-3094.000
0.417,0.418,0.421,0.418,0.425,-2.120,-2.122,-2.122,-2.123,-2.122,-64.775,-3084.000
0.431,0.419,0.422,0.422,0.420,-2.122,-2.121,-2.121,-2.122,-2.119,-64.775,-3074.000
0.418,0.421,0.418,0.422,0.423,-2.121,-2.121,-2.121,-2.121,-2.122,-64.775,-3064.000
0.420,0.419,0.418,0.419,0.422,-2.121,-2.121,-2.120,-2.121,-2.120,-66.226,-3054.000
0.418,0.420,0.419,0.421,0.421,-2.120,-2.121,-2.121,-2.120,-2.121,-66.226,-3044.000
0.419,0.420,0.426,0.420,0.420,-2.121,-2.121,-2.121,-2.121,-2.120,-66.226,-3034.000
0.421,0.421,0.423,0.419,0.417,-2.121,-2.121,-2.120,-2.122,-2.119,-66.226,-3024.000
0.417,0.421,0.420,0.422,0.419,-2.120,-2.120,-2.121,-2.120,-2.117,-64.746,-3014.000
0.424,0.417,0.421,0.427,0.421,-2.120,-2.122,-2.119,-2.119,-2.118,-64.746,-3004.000
0.426,0.418,0.425,0.419,0.429,-2.119,-2.120,-2.121,-2.120,-2.121,-64.746,-2994.000
0.420,0.419,0.416,0.425,0.424,-2.120,-2.120,-2.119,-2.120,-2.120,-64.746,-2984.000
0.423,0.420,0.417,0.422,0.423,-2.120,-2.121,-2.121,-2.121,-2.120,-64.956,-2974.000
0.419,0.423,0.420,0.425,0.416,-2.120,-2.119,-2.119,-2.121,-2.120,-64.956,-2964.000
0.419,0.417,0.427,0.419,0.423,-2.120,-2.120,-2.122,-2.120,-2.119,-64.956,-2954.000
0.426,0.420,0.419,0.423,0.416,-2.119,-2.121,-2.120,-2.118,-2.120,-64.956,-2944.000
0.422,0.423,0.428,0.418,0.422,-2.120,-2.119,-2.120,-2.120,-2.119,-65.435,-2934.000
0.414,0.421,0.423,0.421,0.427,-2.119,-2.119,-2.121,-2.118,-2.119,-65.435,-2924.000
0.419,0.416,0.418,0.425,0.417,-2.121,-2.121,-2.119,-2.121,-2.119,-65.435,-2914.000
0.422,0.420,0.423,0.415,0.417,-2.119,-2.119,-2.119,-2.120,-2.121,-65.435,-2904.000
0.416,0.426,0.420,0.424,0.425,-2.121,-2.120,-2.121,-2.121,-2.120,-65.420,-2894.000
0.421,0.421,0.422,0.420,0.423,-2.120,-2.120,-2.120,-2.121,-2.119,-65.420,-2884.000
0.422,0.424,0.419,0.424,0.424,-2.118,-2.119,-2.119,-2.119,-2.122,-65.420,-2874.000
0.416,0.417,0.423,0.419,0.431,-2.119,-2.120,-2.118,-2.120,-2.119,-65.420,-2864.000
0.419,0.420,0.420,0.420,0.420,-2.120,-2.119,-2.118,-2.118,-2.116,-65.410,-2854.000
0.415,0.431,0.421,0.424,0.420,-2.120,-2.121,-2.120,-2.120,-2.118,-65.410,-2844.000
0.421,0.427,0.425,0.424,0.421,-2.120,-2.119,-2.119,-2.118,-2.118,-65.410,-2834.000
0.421,0.423,0.416,0.418,0.426,-2.120,-2.118,-2.119,-2.118,-2.119,-65.410,-2824.000
0.426,0.426,0.421,0.422,0.417,-2.119,-2.120,-2.118,-2.119,-2.120,-64.653,-2814.000
0.420,0.417,0.427,0.418,0.424,-2.120,-2.120,-2.118,-2.119,-2.119,-64.653,-2804.000
0.417,0.423,0.420,0.424,0.422,-2.119,-2.119,-2.117,-2.118,-2.121,-64.653,-2794.000
0.422,0.422,0.419,0.423,0.420,-2.119,-2.119,-2.118,-2.117,-2.117,-64.653,-2784.000
0.419,0.424,0.423,0.425,0.420,-2.118,-2.119,-2.119,-2.120,-2.120,-65.547,-2774.000
0.423,0.416,0.421,0.420,0.425,-2.119,-2.118,-2.118,-2.120,-2.119,-65.547,-2764.000
0.429,0.415,0.421,0.420,0.418,-2.120,-2.116,-2.118,-2.119,-2.118,-65.547,-2754.000
0.423,0.416,0.416,0.418,0.418,-2.117,-2.118,-2.118,-2.120,-2.120,-65.547,-2744.000
0.427,0.422,0.419,0.426,0.424,-2.120,-2.120,-2.119,-2.119,-2.120,-64.556,-2734.000
0.419,0.428,0.420,0.416,0.427,-2.118,-2.118,-2.119,-2.120,-2.118,-64.556,-2724.000
0.423,0.423,0.423,0.424,0.421,-2.118,-2.119,-2.119,-2.118,-2.119,-64.556,-2714.000
0.418,0.419,0.425,0.418,0.425,-2.118,-2.117,-2.121,-2.117,-2.118,-64.556,-2704.000
0.422,0.422,0.422,0.420,0.423,-2.119,-2.119,-2.118,-2.117,-2.117,-66.035,-2694.000
0.420,0.421,0.427,0.420,0.421,-2.119,-2.118,-2.118,-2.118,-2.117,-66.035,-2684.000
0.420,0.416,0.419,0.422,0.420,-2.118,-2.120,-2.118,-2.117,-2.118,-66.035,-2674.000
0.420,0.428,0.417,0.420,0.429,-2.119,-2.118,-2.119,-2.119,-2.117,-66.035,-2664.000
0.412,0.428,0.422,0.423,0.425,-2.119,-2.117,-2.118,-2.118,-2.119,-65.649,-2654.000
0.427,0.420,0.421,0.422,0.420,-2.117,-2.116,-2.119,-2.119,-2.119,-65.649,-2644.000
0.421,0.422,0.426,0.428,0.423,-2.118,-2.119,-2.118,-2.120,-2.118,-65.649,-2634.000
0.422,0.429,0.418,0.420,0.426,-2.119,-2.117,-2.119,-2.117,-2.118,-65.649,-2624.000
0.418,0.420,0.422,0.420,0.421,-2.119,-2.117,-2.117,-2.118,-2.118,-65.811,-2614.000
0.419,0.422,0.419,0.425,0.425,-2.118,-2.117,-2.116,-2.117,-2.118,-65.811,-2604.000
0.425,0.426,0.424,0.420,0.420,-2.117,-2.118,-2.117,-2.117,-2.118,-65.811,-2594.000
0.422,0.424,0.416,0.421,0.424,-2.117,-2.117,-2.119,-2.117,-2.117,-65.811,-2584.000
0.421,0.421,0.423,0.421,0.419,-2.117,-2.119,-2.116,-2.119,-2.119,-64.697,-2574.000
0.421,0.422,0.419,0.424,0.426,-2.117,-2.118,-2.118,-2.117,-2.118,-64.697,-2564.000
0.421,0.421,0.416,0.423,0.425,-2.116,-2.117,-2.115,-2.118,-2.118,-64.697,-2554.000
0.421,0.426,0.419,0.426,0.425,-2.117,-2.119,-2.117,-2.117,-2.116,-64.697,-2544.000
0.425,0.422,0.420,0.428,0.421,-2.117,-2.118,-2.118,-2.117,-2.118,-66.274,-2534.000
0.419,0.422,0.422,0.424,0.422,-2.116,-2.119,-2.116,-2.116,-2.117,-66.274,-2524.000
0.425,0.423,0.416,0.422,0.419,-2.116,-2.117,-2.118,-2.118,-2.118,-66.274,-2514.000
0.422,0.419,0.418,0.422,0.422,-2.117,-2.118,-2.118,-2.117,-2.117,-66.274,-2504.000
0.416,0.425,0.421,0.421,0.417,-2.117,-2.115,-2.117,-2.117,-2.118,-64.590,-2494.000
0.419,0.419,0.422,0.423,0.423,-2.119,-2.116,-2.118,-2.118,-2.120,-64.590,-2484.000
0.421,0.428,0.419,0.415,0.427,-2.116,-2.118,-2.117,-2.117,-2.116,-64.590,-2474.000
0.416,0.426,0.417,0.425,0.418,-2.116,-2.117,-2.118,-2.118,-2.118,-64.590,-2464.000
0.415,0.423,0.421,0.423,0.425,-2.116,-2.117,-2.119,-2.116,-2.117,-66.353,-2454.000
0.425,0.425,0.422,0.420,0.425,-2.117,-2.116,-2.116,-2.117,-2.116,-66.353,-2444.000
0.422,0.419,0.421,0.421,0.425,-2.115,-2.115,-2.116,-2.116,-2.117,-66.353,-2434.000
0.426,0.420,0.421,0.421,0.421,-2.118,-2.116,-2.117,-2.117,-2.117,-66.353,-2424.000
0.427,0.428,0.417,0.422,0.427,-2.117,-2.117,-2.117,-2.116,-2.116,-64.702,-2414.000
0.428,0.421,0.426,0.423,0.417,-2.115,-2.115,-2.117,-2.118,-2.117,-64.702,-2404.000
0.425,0.426,0.416,0.419,0.419,-2.116,-2.115,-2.117,-2.116,-2.116,-64.702,-2394.000
0.425,0.421,0.423,0.421,0.419,-2.116,-2.119,-2.117,-2.118,-2.117,-64.702,-2384.000
0.427,0.421,0.423,0.421,0.415,-2.117,-2.116,-2.115,-2.115,-2.118,-63.936,-2374.000
0.420,0.426,0.426,0.423,0.421,-2.115,-2.116,-2.118,-2.116,-2.116,-63.936,-2364.000
0.420,0.424,0.426,0.423,0.419,-2.116,-2.116,-2.116,-2.116,-2.115,-63.936,-2354.000
0.422,0.423,0.419,0.424,0.424,-2.116,-2.116,-2.116,-2.117,-2.116,-63.936,-2344.000
0.421,0.420,0.416,0.426,0.421,-2.117,-2.118,-2.119,-2.118,-2.117,-65.796,-2334.000
0.425,0.418,0.429,0.424,0.425,-2.115,-2.116,-2.116,-2.116,-2.117,-65.796,-2324.000
0.420,0.422,0.425,0.415,0.420,-2.118,-2.116,-2.117,-2.117,-2.116,-65.796,-2314.000
0.426,0.421,0.421,0.422,0.423,-2.117,-2.117,-2.117,-2.115,-2.117,-65.796,-2304.000
0.430,0.418,0.427,0.429,0.420,-2.117,-2.117,-2.115,-2.117,-2.116,-66.548,-2294.000
0.421,0.423,0.422,0.419,0.427,-2.116,-2.116,-2.117,-2.116,-2.115,-66.548,-2284.000
0.423,0.416,0.430,0.423,0.425,-2.116,-2.116,-2.116,-2.115,-2.115,-66.548,-2274.000
0.426,0.427,0.419,0.416,0.421,-2.116,-2.117,-2.116,-2.116,-2.115,-66.548,-2264.000
0.421,0.422,0.428,0.422,0.426,-2.117,-2.116,-2.116,-2.117,-2.115,-64.395,-2254.000
0.423,0.424,0.420,0.414,0.425,-2.117,-2.117,-2.117,-2.115,-2.117,-64.395,-2244.000
0.427,0.413,0.424,0.419,0.423,-2.115,-2.114,-2.115,-2.114,-2.116,-64.395,-2234.000
0.426,0.419,0.420,0.422,0.424,-2.115,-2.115,-2.115,-2.115,-2.115,-64.395,-2224.000
0.429,0.417,0.420,0.420,0.423,-2.116,-2.115,-2.117,-2.114,-2.117,-64.907,-2214.000
0.423,0.425,0.423,0.425,0.422,-2.114,-2.115,-2.116,-2.116,-2.117,-64.907,-2204.000
0.427,0.421,0.419,0.421,0.421,-2.116,-2.114,-2.114,-2.114,-2.114,-64.907,-2194.000
0.425,0.424,0.420,0.425,0.426,-2.115,-2.114,-2.116,-2.116,-2.115,-64.907,-2184.000
0.427,0.421,0.425,0.425,0.422,-2.116,-2.116,-2.116,-2.115,-2.116,-65.620,-2174.000
0.423,0.418,0.424,0.418,0.426,-2.116,-2.116,-2.115,-2.117,-2.115,-65.620,-2164.000
0.422,0.422,0.423,0.424,0.416,-2.114,-2.116,-2.114,-2.115,-2.115,-65.620,-2154.000
0.424,0.424,0.416,0.425,0.423,-2.115,-2.114,-2.113,-2.114,-2.114,-65.620,-2144.000
0.418,0.420,0.422,0.423,0.416,-2.115,-2.116,-2.115,-2.115,-2.115,-65.317,-2134.000
0.424,0.416,0.419,0.423,0.427,-2.114,-2.118,-2.116,-2.114,-2.116,-65.317,-2124.000
0.423,0.423,0.418,0.425,0.424,-2.116,-2.116,-2.115,-2.115,-2.114,-65.317,-2114.000
0.426,0.417,0.421,0.418,0.424,-2.114,-2.115,-2.115,-2.116,-2.116,-65.317,-2104.000
0.421,0.427,0.423,0.423,0.420,-2.116,-2.116,-2.116,-2.117,-2.117,-63.994,-2094.000
0.423,0.416,0.425,0.425,0.428,-2.115,-2.116,-2.115,-2.117,-2.116,-63.994,-2084.000
0.422,0.423,0.423,0.422,0.429,-2.114,-2.115,-2.114,-2.116,-2.115,-63.994,-2074.000
0.419,0.423,0.424,0.425,0.418,-2.116,-2.116,-2.114,-2.113,-2.115,-63.994,-2064.000
0.421,0.417,0.427,0.414,0.424,-2.115,-2.114,-2.115,-2.113,-2.116,-65.425,-2054.000
0.422,0.426,0.420,0.419,0.431,-2.115,-2.114,-2.115,-2.116,-2.114,-65.425,-2044.000
0.425,0.421,0.420,0.420,0.423,-2.115,-2.114,-2.115,-2.115,-2.115,-65.425,-2034.000
0.421,0.425,0.421,0.421,0.426,-2.112,-2.114,-2.116,-2.115,-2.116,-65.425,-2024.000
0.425,0.426,0.419,0.425,0.419,-2.114,-2.114,-2.114,-2.114,-2.114,-67.661,-2014.000
0.418,0.427,0.425,0.418,0.419,-2.113,-2.113,-2.115,-2.114,-2.114,-67.661,-2004.000
0.415,0.429,0.419,0.422,0.422,-2.116,-2.113,-2.115,-2.114,-2.115,-67.661,-1994.000
0.425,0.423,0.421,0.423,0.423,-2.114,-2.113,-2.114,-2.114,-2.114,-67.661,-1984.000
0.423,0.422,0.423,0.424,0.422,-2.115,-2.114,-2.113,-2.115,-2.116,-64.810,-1974.000
0.422,0.421,0.426,0.424,0.422,-2.115,-2.115,-2.115,-2.114,-2.114,-64.810,-1964.000
0.423,0.425,0.420,0.420,0.423,-2.113,-2.114,-2.113,-2.113,-2.116,-64.810,-1954.000
0.421,0.430,0.423,0.416,0.426,-2.114,-2.114,-2.115,-2.114,-2.115,-64.810,-1944.000
0.424,0.419,0.421,0.424,0.424,-2.115,-2.115,-2.113,-2.113,-2.113,-65.610,-1934.000
0.428,0.417,0.421,0.417,0.421,-2.114,-2.114,-2.114,-2.114,-2.113,-65.610,-1924.000
0.422,0.418,0.423,0.426,0.418,-2.115,-2.115,-2.114,-2.114,-2.114,-65.610,-1914.000
0.421,0.425,0.419,0.425,0.415,-2.114,-2.113,-2.116,-2.114,-2.114,-65.610,-1904.000
0.426,0.427,0.424,0.423,0.425,-2.112,-2.114,-2.114,-2.113,-2.115,-64.536,-1894.000
0.416,0.422,0.423,0.422,0.422,-2.112,-2.113,-2.114,-2.115,-2.115,-64.536,-1884.000
0.418,0.426,0.417,0.428,0.426,-2.109,-2.109,-2.109,-2.109,-2.111,-64.536,-1874.000
0.428,0.421,0.423,0.420,0.421,-2.112,-2.113,-2.112,-2.112,-2.113,-64.536,-1864.000
0.423,0.424,0.422,0.429,0.421,-2.113,-2.113,-2.114,-2.114,-2.114,-66.377,-1854.000
0.418,0.423,0.421,0.420,0.421,-2.114,-2.113,-2.115,-2.113,-2.114,-66.377,-1844.000
0.419,0.424,0.418,0.416,0.430,-2.111,-2.114,-2.113,-2.113,-2.114,-66.377,-1834.000
0.421,0.425,0.419,0.429,0.417,-2.115,-2.113,-2.114,-2.112,-2.112,-66.377,-1824.000
0.425,0.419,0.420,0.427,0.417,-2.112,-2.113,-2.113,-2.113,-2.114,-65.967,-1814.000
0.423,0.425,0.420,0.432,0.420,-2.113,-2.111,-2.112,-2.114,-2.114,-65.967,-1804.000
0.420,0.424,0.419,0.416,0.421,-2.112,-2.113,-2.113,-2.114,-2.113,-65.967,-1794.000
0.425,0.425,0.425,0.428,0.425,-2.112,-2.111,-2.112,-2.112,-2.112,-65.967,-1784.000
0.423,0.419,0.427,0.423,0.423,-2.112,-2.113,-2.112,-2.113,-2.112,-65.000,-1774.000
0.429,0.428,0.415,0.420,0.428,-2.114,-2.112,-2.113,-2.114,-2.113,-65.000,-1764.000
0.423,0.421,0.425,0.426,0.419,-2.111,-2.112,-2.112,-2.112,-2.112,-65.000,-1754.000
0.420,0.425,0.418,0.426,0.422,-2.112,-2.113,-2.111,-2.113,-2.113,-65.000,-1744.000
0.421,0.423,0.424,0.418,0.417,-2.111,-2.112,-2.114,-2.112,-2.114,-65.439,-1734.000
0.424,0.423,0.419,0.424,0.426,-2.111,-2.110,-2.111,-2.114,-2.111,-65.439,-1724.000
0.419,0.421,0.426,0.422,0.422,-2.114,-2.114,-2.113,-2.113,-2.114,-65.439,-1714.000
0.422,0.424,0.425,0.422,0.423,-2.111,-2.113,-2.112,-2.111,-2.112,-65.439,-1704.000
0.423,0.421,0.428,0.426,0.423,-2.112,-2.113,-2.110,-2.115,-2.113,-64.668,-1694.000
0.422,0.420,0.425,0.425,0.422,-2.113,-2.110,-2.112,-2.113,-2.112,-64.668,-1684.000
0.420,0.419,0.420,0.419,0.420,-2.111,-2.113,-2.111,-2.112,-2.111,-64.668,-1674.000
0.424,0.420,0.427,0.424,0.423,-2.113,-2.112,-2.109,-2.111,-2.113,-64.668,-1664.000
0.426,0.423,0.421,0.424,0.427,-2.112,-2.112,-2.112,-2.114,-2.113,-65.977,-1654.000
0.426,0.420,0.426,0.424,0.424,-2.112,-2.112,-2.111,-2.111,-2.111,-65.977,-1644.000
0.425,0.421,0.420,0.419,0.417,-2.112,-2.113,-2.111,-2.112,-2.112,-65.977,-1634.000
0.424,0.424,0.417,0.430,0.420,-2.112,-2.113,-2.114,-2.111,-2.112,-65.977,-1624.000
0.426,0.425,0.419,0.418,0.420,-2.111,-2.111,-2.110,-2.112,-2.110,-65.728,-1614.000
0.421,0.432,0.422,0.420,0.424,-2.112,-2.111,-2.114,-2.112,-2.111,-65.728,-1604.000
0.424,0.421,0.420,0.425,0.419,-2.110,-2.113,-2.110,-2.112,-2.111,-65.728,-1594.000
0.423,0.422,0.419,0.417,0.416,-2.113,-2.111,-2.112,-2.113,-2.111,-65.728,-1584.000
0.421,0.425,0.422,0.426,0.424,-2.111,-2.112,-2.112,-2.111,-2.114,-65.293,-1574.000
0.420,0.420,0.418,0.418,0.428,-2.112,-2.112,-2.111,-2.111,-2.112,-65.293,-1564.000
0.423,0.420,0.420,0.425,0.418,-2.111,-2.111,-2.111,-2.111,-2.111,-65.293,-1554.000
0.423,0.421,0.422,0.424,0.415,-2.110,-2.111,-2.110,-2.111,-2.111,-65.293,-1544.000
0.419,0.424,0.424,0.425,0.422,-2.111,-2.111,-2.110,-2.112,-2.111,-66.182,-1534.000
0.423,0.419,0.424,0.417,0.428,-2.110,-2.111,-2.111,-2.111,-2.113,-66.182,-1524.000
0.425,0.425,0.424,0.427,0.421,-2.113,-2.112,-2.111,-2.110,-2.111,-66.182,-1514.000
0.422,0.423,0.420,0.422,0.424,-2.110,-2.112,-2.113,-2.112,-2.111,-66.182,-1504.000
0.416,0.423,0.417,0.421,0.422,-2.111,-2.111,-2.112,-2.110,-2.110,-64.810,-1494.000
0.421,0.421,0.429,0.417,0.423,-2.111,-2.111,-2.110,-2.112,-2.111,-64.810,-1484.000
0.418,0.424,0.416,0.422,0.422,-2.111,-2.111,-2.111,-2.112,-2.110,-64.810,-1474.000
0.422,0.425,0.425,0.417,0.423,-2.110,-2.112,-2.110,-2.110,-2.110,-64.810,-1464.000
0.427,0.417,0.423,0.420,0.424,-2.111,-2.111,-2.110,-2.111,-2.112,-65.249,-1454.000
0.423,0.420,0.418,0.425,0.422,-2.112,-2.110,-2.110,-2.111,-2.111,-65.249,-1444.000
0.424,0.424,0.416,0.426,0.421,-2.111,-2.111,-2.111,-2.112,-2.111,-65.249,-1434.000
0.420,0.421,0.424,0.425,0.421,-2.109,-2.112,-2.111,-2.111,-2.111,-65.249,-1424.000
0.421,0.429,0.422,0.422,0.421,-2.110,-2.110,-2.110,-2.112,-2.109,-65.366,-1414.000
0.420,0.424,0.425,0.421,0.420,-2.110,-2.110,-2.109,-2.110,-2.111,-65.366,-1404.000
0.419,0.421,0.418,0.424,0.415,-2.112,-2.112,-2.110,-2.109,-2.111,-65.366,-1394.000
0.423,0.424,0.422,0.422,0.421,-2.111,-2.110,-2.111,-2.110,-2.110,-65.366,-1384.000
0.422,0.420,0.422,0.425,0.426,-2.111,-2.110,-2.110,-2.111,-2.112,-64.609,-1374.000
0.423,0.426,0.420,0.428,0.427,-2.113,-2.111,-2.110,-2.110,-2.111,-64.609,-1364.000
0.425,0.421,0.421,0.426,0.416,-2.110,-2.111,-2.110,-2.110,-2.110,-64.609,-1354.000
0.424,0.421,0.418,0.423,0.421,-2.111,-2.110,-2.109,-2.108,-2.111,-64.609,-1344.000
0.418,0.420,0.423,0.419,0.422,-2.109,-2.110,-2.113,-2.111,-2.111,-65.049,-1334.000
0.426,0.422,0.424,0.421,0.425,-2.110,-2.108,-2.111,-2.110,-2.110,-65.049,-1324.000
0.423,0.421,0.421,0.424,0.426,-2.109,-2.109,-2.110,-2.108,-2.111,-65.049,-1314.000
0.420,0.424,0.419,0.428,0.419,-2.110,-2.111,-2.111,-2.109,-2.109,-65.049,-1304.000
0.420,0.423,0.425,0.421,0.420,-2.110,-2.109,-2.112,-2.110,-2.110,-65.449,-1294.000
0.419,0.425,0.423,0.420,0.429,-2.110,-2.107,-2.111,-2.110,-2.109,-65.449,-1284.000
0.429,0.423,0.419,0.421,0.421,-2.109,-2.109,-2.108,-2.109,-2.111,-65.449,-1274.000
0.421,0.427,0.417,0.426,0.418,-2.112,-2.111,-2.110,-2.112,-2.109,-65.449,-1264.000
0.423,0.426,0.424,0.426,0.422,-2.109,-2.108,-2.110,-2.109,-2.109,-66.655,-1254.000
0.421,0.423,0.424,0.425,0.422,-2.109,-2.111,-2.110,-2.110,-2.110,-66.655,-1244.000
0.419,0.424,0.425,0.417,0.425,-2.111,-2.109,-2.110,-2.110,-2.110,-66.655,-1234.000
0.421,0.425,0.421,0.421,0.428,-2.109,-2.109,-2.110,-2.109,-2.109,-66.655,-1224.000
0.423,0.424,0.422,0.419,0.416,-2.109,-2.110,-2.109,-2.109,-2.110,-68.008,-1214.000
0.426,0.422,0.429,0.419,0.430,-2.109,-2.110,-2.110,-2.110,-2.108,-68.008,-1204.000
0.415,0.425,0.420,0.421,0.426,-2.111,-2.110,-2.110,-2.111,-2.110,-68.008,-1194.000
0.419,0.427,0.421,0.418,0.421,-2.111,-2.109,-2.109,-2.110,-2.109,-68.008,-1184.000
0.422,0.420,0.419,0.432,0.421,-2.110,-2.110,-2.109,-2.109,-2.109,-65.781,-1174.000
0.422,0.419,0.422,0.421,0.424,-2.109,-2.110,-2.110,-2.108,-2.109,-65.781,-1164.000
0.426,0.423,0.422,0.425,0.428,-2.109,-2.109,-2.109,-2.108,-2.108,-65.781,-1154.000
0.419,0.417,0.424,0.426,0.422,-2.111,-2.110,-2.110,-2.111,-2.110,-65.781,-1144.000
0.423,0.423,0.420,0.425,0.421,-2.109,-2.109,-2.109,-2.110,-2.110,-67.095,-1134.000
0.417,0.420,0.421,0.427,0.422,-2.109,-2.108,-2.109,-2.109,-2.109,-67.095,-1124.000
0.424,0.426,0.421,0.424,0.422,-2.109,-2.109,-2.108,-2.108,-2.109,-67.095,-1114.000
0.427,0.420,0.428,0.426,0.426,-2.110,-2.109,-2.109,-2.110,-2.110,-67.095,-1104.000
0.424,0.421,0.424,0.421,0.422,-2.108,-2.109,-2.109,-2.109,-2.109,-65.708,-1094.000
0.418,0.424,0.423,0.423,0.420,-2.109,-2.108,-2.109,-2.108,-2.109,-65.708,-1084.000
0.430,0.423,0.420,0.422,0.421,-2.108,-2.111,-2.110,-2.109,-2.109,-65.708,-1074.000
0.421,0.422,0.421,0.426,0.424,-2.108,-2.109,-2.108,-2.109,-2.108,-65.708,-1064.000
0.418,0.423,0.420,0.420,0.420,-2.106,-2.107,-2.109,-2.108,-2.108,-67.344,-1054.000
0.426,0.421,0.420,0.426,0.422,-2.106,-2.109,-2.108,-2.109,-2.108,-67.344,-1044.000
0.422,0.420,0.419,0.418,0.427,-2.108,-2.109,-2.109,-2.109,-2.109,-67.344,-1034.000
0.419,0.426,0.419,0.421,0.423,-2.109,-2.109,-2.110,-2.108,-2.109,-67.344,-1024.000
0.425,0.425,0.415,0.419,0.419,-2.109,-2.108,-2.108,-2.109,-2.107,-67.017,-1014.000
0.427,0.424,0.420,0.421,0.425,-2.109,-2.107,-2.106,-2.108,-2.108,-67.017,-1004.000
0.422,0.426,0.430,0.418,0.428,-2.109,-2.109,-2.108,-2.108,-2.108,-67.017,-994.000
0.418,0.421,0.425,0.422,0.417,-2.109,-2.108,-2.107,-2.107,-2.110,-67.017,-984.000
0.424,0.424,0.422,0.421,0.419,-2.108,-2.109,-2.109,-2.109,-2.107,-64.624,-974.000
0.421,0.420,0.421,0.424,0.415,-2.108,-2.107,-2.106,-2.107,-2.107,-64.624,-964.000
0.423,0.425,0.421,0.420,0.426,-2.108,-2.108,-2.109,-2.109,-2.109,-64.624,-954.000
0.421,0.418,0.418,0.427,0.416,-2.106,-2.108,-2.106,-2.108,-2.109,-64.624,-944.000
0.424,0.423,0.416,0.417,0.426,-2.108,-2.109,-2.109,-2.109,-2.109,-64.604,-934.000
0.415,0.424,0.422,0.421,0.421,-2.109,-2.107,-2.107,-2.108,-2.108,-64.604,-924.000
0.424,0.417,0.420,0.421,0.420,-2.107,-2.106,-2.107,-2.107,-2.109,-64.604,-914.000
0.420,0.417,0.421,0.417,0.418,-2.108,-2.105,-2.106,-2.105,-2.106,-64.604,-904.000
0.424,0.415,0.426,0.418,0.423,-2.107,-2.108,-2.107,-2.108,-2.108,-64.639,-894.000
0.421,0.419,0.422,0.420,0.417,-2.108,-2.108,-2.108,-2.109,-2.109,-64.639,-884.000
0.418,0.418,0.423,0.413,0.424,-2.109,-2.107,-2.107,-2.106,-2.107,-64.639,-874.000
0.422,0.417,0.419,0.420,0.414,-2.107,-2.107,-2.108,-2.107,-2.108,-64.639,-864.000
0.416,0.419,0.417,0.418,0.421,-2.107,-2.107,-2.107,-2.106,-2.106,-65.986,-854.000
0.419,0.419,0.415,0.426,0.418,-2.108,-2.107,-2.108,-2.107,-2.107,-65.986,-844.000
0.422,0.418,0.416,0.415,0.423,-2.107,-2.107,-2.108,-2.109,-2.108,-65.986,-834.000
0.417,0.416,0.413,0.417,0.422,-2.105,-2.108,-2.109,-2.109,-2.107,-65.986,-824.000
0.421,0.420,0.418,0.414,0.420,-2.108,-2.108,-2.107,-2.108,-2.108,-64.146,-814.000
0.417,0.419,0.412,0.415,0.418,-2.108,-2.108,-2.106,-2.106,-2.106,-64.146,-804.000
0.425,0.411,0.412,0.415,0.411,-2.109,-2.108,-2.109,-2.107,-2.107,-64.146,-794.000
0.421,0.413,0.415,0.410,0.419,-2.108,-2.107,-2.107,-2.108,-2.107,-64.146,-784.000
0.412,0.414,0.406,0.417,0.409,-2.108,-2.107,-2.107,-2.108,-2.107,-65.269,-774.000
0.417,0.415,0.407,0.413,0.414,-2.107,-2.107,-2.107,-2.107,-2.107,-65.269,-764.000
0.406,0.408,0.409,0.409,0.415,-2.107,-2.108,-2.110,-2.108,-2.108,-65.269,-754.000
0.417,0.404,0.413,0.415,0.408,-2.107,-2.106,-2.105,-2.105,-2.106,-65.269,-744.000
0.409,0.406,0.408,0.412,0.405,-2.106,-2.109,-2.106,-2.107,-2.106,-63.740,-734.000
0.405,0.412,0.406,0.406,0.409,-2.105,-2.106,-2.107,-2.107,-2.106,-63.740,-724.000
0.401,0.403,0.406,0.405,0.399,-2.105,-2.106,-2.107,-2.107,-2.107,-63.740,-714.000
0.398,0.403,0.403,0.401,0.394,-2.106,-2.105,-2.107,-2.106,-2.105,-63.740,-704.000
0.393,0.398,0.396,0.398,0.395,-2.106,-2.106,-2.107,-2.105,-2.107,-64.189,-694.000
0.397,0.388,0.396,0.391,0.395,-2.108,-2.106,-2.106,-2.107,-2.106,-64.189,-684.000
0.389,0.391,0.386,0.389,0.393,-2.107,-2.106,-2.105,-2.107,-2.107,-64.189,-674.000
0.383,0.382,0.390,0.388,0.386,-2.105,-2.105,-2.107,-2.105,-2.106,-64.189,-664.000
0.386,0.386,0.385,0.382,0.388,-2.107,-2.106,-2.107,-2.107,-2.106,-65.264,-654.000
0.377,0.376,0.376,0.379,0.381,-2.108,-2.107,-2.106,-2.105,-2.106,-65.264,-644.000
0.370,0.372,0.373,0.371,0.374,-2.106,-2.106,-2.105,-2.105,-2.106,-65.264,-634.000
0.366,0.371,0.367,0.373,0.367,-2.105,-2.107,-2.105,-2.107,-2.105,-65.264,-624.000
0.367,0.365,0.362,0.363,0.361,-2.104,-2.105,-2.107,-2.105,-2.106,-65.664,-614.000
0.359,0.360,0.350,0.360,0.356,-2.105,-2.105,-2.107,-2.105,-2.104,-65.664,-604.000
0.348,0.345,0.345,0.344,0.346,-2.103,-2.099,-2.101,-2.100,-2.099,-65.664,-594.000
0.340,0.340,0.341,0.337,0.347,-2.103,-2.102,-2.101,-2.101,-2.102,-65.664,-584.000
0.332,0.328,0.339,0.332,0.336,-2.104,-2.106,-2.106,-2.105,-2.103,-65.596,-574.000
0.324,0.328,0.318,0.322,0.325,-2.104,-2.106,-2.107,-2.107,-2.106,-65.596,-564.000
0.312,0.320,0.313,0.321,0.317,-2.106,-2.106,-2.105,-2.106,-2.106,-65.596,-554.000
0.308,0.304,0.311,0.301,0.304,-2.105,-2.105,-2.107,-2.104,-2.105,-65.596,-544.000
0.295,0.297,0.297,0.293,0.300,-2.107,-2.106,-2.105,-2.106,-2.106,-65.869,-534.000
0.283,0.280,0.284,0.289,0.292,-2.106,-2.105,-2.105,-2.107,-2.105,-65.869,-524.000
0.276,0.279,0.271,0.273,0.275,-2.106,-2.105,-2.106,-2.104,-2.106,-65.869,-514.000
0.267,0.268,0.261,0.265,0.258,-2.104,-2.105,-2.103,-2.105,-2.103,-65.869,-504.000
0.250,0.250,0.250,0.249,0.248,-2.104,-2.105,-2.104,-2.104,-2.104,-65.249,-494.000
0.238,0.238,0.238,0.238,0.237,-2.104,-2.105,-2.105,-2.105,-2.103,-65.249,-484.000
0.226,0.225,0.222,0.222,0.221,-2.104,-2.103,-2.103,-2.106,-2.105,-65.249,-474.000
0.209,0.210,0.212,0.208,0.208,-2.107,-2.105,-2.104,-2.102,-2.104,-65.249,-464.000
0.196,0.202,0.196,0.197,0.192,-2.102,-2.105,-2.105,-2.108,-2.105,-64.380,-454.000
0.178,0.180,0.188,0.184,0.183,-2.104,-2.103,-2.103,-2.104,-2.107,-64.380,-444.000
0.172,0.171,0.174,0.171,0.180,-2.104,-2.104,-2.105,-2.102,-2.106,-64.380,-434.000
0.165,0.153,0.159,0.160,0.155,-2.105,-2.104,-2.105,-2.105,-2.103,-64.380,-424.000
0.144,0.146,0.143,0.150,0.144,-2.107,-2.105,-2.105,-2.105,-2.103,-65.068,-414.000
0.132,0.140,0.133,0.140,0.133,-2.104,-2.105,-2.104,-2.105,-2.105,-65.068,-404.000
0.125,0.122,0.124,0.124,0.122,-2.104,-2.105,-2.107,-2.104,-2.105,-65.068,-394.000
0.115,0.115,0.113,0.111,0.108,-2.103,-2.105,-2.105,-2.105,-2.107,-65.068,-384.000
0.097,0.102,0.101,0.100,0.108,-2.105,-2.105,-2.104,-2.104,-2.105,-65.024,-374.000
0.095,0.094,0.095,0.087,0.094,-2.105,-2.104,-2.105,-2.105,-2.106,-65.024,-364.000
0.082,0.082,0.077,0.088,0.081,-2.105,-2.106,-2.105,-2.104,-2.104,-65.024,-354.000
0.072,0.074,0.079,0.081,0.070,-2.103,-2.104,-2.106,-2.105,-2.104,-65.024,-344.000
0.069,0.065,0.073,0.065,0.065,-2.105,-2.105,-2.102,-2.103,-2.105,-64.917,-334.000
0.059,0.054,0.064,0.057,0.059,-2.104,-2.104,-2.104,-2.105,-2.105,-64.917,-324.000
0.054,0.058,0.056,0.058,0.053,-2.104,-2.102,-2.105,-2.104,-2.102,-64.917,-314.000
0.048,0.046,0.046,0.053,0.047,-2.102,-2.103,-2.103,-2.104,-2.104,-64.917,-304.000
0.046,0.042,0.045,0.040,0.043,-2.104,-2.104,-2.103,-2.104,-2.104,-64.175,-294.000
0.039,0.034,0.046,0.036,0.042,-2.105,-2.104,-2.103,-2.104,-2.103,-64.175,-284.000
0.038,0.032,0.041,0.036,0.032,-2.103,-2.103,-2.104,-2.105,-2.104,-64.175,-274.000
0.034,0.028,0.032,0.034,0.033,-2.102,-2.103,-2.103,-2.102,-2.104,-64.175,-264.000
0.027,0.026,0.030,0.028,0.028,-2.103,-2.103,-2.104,-2.104,-2.104,-64.492,-254.000
0.021,0.030,0.026,0.026,0.024,-2.103,-2.103,-2.104,-2.103,-2.103,-64.492,-244.000
0.022,0.022,0.025,0.024,0.028,-2.103,-2.103,-2.103,-2.102,-2.102,-64.492,-234.000
0.027,0.020,0.019,0.025,0.019,-2.101,-2.104,-2.104,-2.101,-2.104,-64.492,-224.000
0.024,0.020,0.023,0.023,0.024,-2.104,-2.105,-2.104,-2.102,-2.104,-64.414,-214.000
0.018,0.025,0.015,0.024,0.016,-2.103,-2.105,-2.103,-2.104,-2.105,-64.414,-204.000
0.019,0.021,0.021,0.021,0.016,-2.104,-2.106,-2.104,-2.102,-2.102,-64.414,-194.000
0.014,0.023,0.013,0.019,0.021,-2.104,-2.104,-2.102,-2.103,-2.103,-64.414,-184.000
0.019,0.016,0.016,0.012,0.020,-2.101,-2.104,-2.103,-2.102,-2.104,-64.687,-174.000
0.022,0.021,0.016,0.018,0.018,-2.103,-2.105,-2.102,-2.103,-2.102,-64.687,-164.000
0.017,0.015,0.020,0.017,0.017,-2.104,-2.103,-2.103,-2.105,-2.103,-64.687,-154.000
0.013,0.012,0.012,0.013,0.023,-2.103,-2.102,-2.102,-2.102,-2.104,-64.687,-144.000
0.018,0.014,0.014,0.017,0.018,-2.103,-2.104,-2.104,-2.104,-2.102,-66.846,-134.000
0.016,0.016,0.019,0.010,0.016,-2.102,-2.104,-2.102,-2.103,-2.101,-66.846,-124.000
0.011,0.017,0.009,0.016,0.012,-2.104,-2.100,-2.102,-2.103,-2.104,-66.846,-114.000
0.010,0.011,0.013,0.015,0.019,-2.105,-2.102,-2.102,-2.102,-2.102,-66.846,-104.000
0.015,0.014,0.017,0.018,0.016,-2.104,-2.104,-2.106,-2.104,-2.103,-65.903,-94.000
0.011,0.013,0.017,0.018,0.017,-2.103,-2.101,-2.102,-2.102,-2.102,-65.903,-84.000
0.019,0.017,0.015,0.017,0.014,-2.103,-2.103,-2.103,-2.103,-2.102,-65.903,-74.000
0.019,0.017,0.016,0.015,0.014,-2.104,-2.101,-2.102,-2.103,-2.102,-65.903,-64.000
0.017,0.017,0.012,0.011,0.016,-2.104,-2.103,-2.102,-2.104,-2.103,-65.303,-54.000
0.013,0.019,0.015,0.014,0.013,-2.103,-2.101,-2.101,-2.101,-2.103,-65.303,-44.000
0.010,0.018,0.015,0.016,0.018,-2.102,-2.102,-2.103,-2.101,-2.104,-65.303,-34.000
0.014,0.014,0.012,0.013,0.014,-2.103,-2.102,-2.103,-2.103,-2.102,-65.303,-24.000
0.011,0.018,0.014,0.009,0.014,-2.101,-2.103,-2.103,-2.102,-2.102,-64.658,-14.000
0.016,0.017,0.019,0.012,0.016,-2.102,-2.104,-2.101,-2.102,-2.101,-64.658,-4.000
0.018,0.010,0.014,0.017,0.019,-2.103,-2.100,-2.103,-2.102,-2.102,-64.658,6.000
0.015,0.012,0.017,0.018,0.011,-2.104,-2.103,-2.102,-2.104,-2.100,-64.658,16.000
0.016,0.020,0.016,0.014,0.013,-2.101,-2.101,-2.102,-2.104,-2.101,-64.258,26.000
0.010,0.020,0.018,0.017,0.013,-2.101,-2.103,-2.103,-2.103,-2.102,-64.258,36.000
0.017,0.015,0.020,0.014,0.017,-2.102,-2.101,-2.101,-2.100,-2.101,-64.258,46.000
0.015,0.014,0.010,0.014,0.014,-2.101,-2.102,-2.101,-2.102,-2.101,-64.258,56.000
0.019,0.018,0.014,0.014,0.012,-2.103,-2.101,-2.103,-2.102,-2.103,-66.128,66.000
0.011,0.012,0.015,0.012,0.018,-2.102,-2.102,-2.102,-2.100,-2.102,-66.128,76.000
0.017,0.013,0.016,0.015,0.018,-2.101,-2.099,-2.102,-2.102,-2.102,-66.128,86.000
0.013,0.011,0.017,0.014,0.018,-2.101,-2.102,-2.102,-2.102,-2.102,-66.128,96.000
0.016,0.019,0.010,0.012,0.017,-2.102,-2.102,-2.101,-2.101,-2.099,-64.829,106.000
0.013,0.016,0.015,0.017,0.018,-2.101,-2.102,-2.100,-2.103,-2.100,-64.829,116.000
0.015,0.011,0.017,0.013,0.012,-2.100,-2.101,-2.101,-2.101,-2.102,-64.829,126.000
0.013,0.012,0.018,0.017,0.018,-2.101,-2.101,-2.102,-2.101,-2.101,-64.829,136.000
0.014,0.017,0.011,0.021,0.014,-2.102,-2.101,-2.101,-2.102,-2.101,-64.492,146.000
0.014,0.016,0.016,0.018,0.013,-2.102,-2.101,-2.102,-2.103,-2.102,-64.492,156.000
0.012,0.017,0.010,0.017,0.019,-2.101,-2.101,-2.102,-2.101,-2.101,-64.492,166.000
0.018,0.014,0.011,0.021,0.010,-2.100,-2.102,-2.099,-2.102,-2.101,-64.492,176.000
0.014,0.019,0.015,0.017,0.016,-2.100,-2.101,-2.101,-2.102,-2.101,-65.518,186.000
0.019,0.017,0.018,0.015,0.017,-2.099,-2.100,-2.100,-2.103,-2.102,-65.518,196.000
0.021,0.016,0.016,0.017,0.015,-2.100,-2.101,-2.101,-2.101,-2.101,-65.518,206.000
0.014,0.017,0.010,0.014,0.013,-2.103,-2.101,-2.102,-2.101,-2.102,-65.518,216.000
0.013,0.017,0.013,0.012,0.012,-2.100,-2.102,-2.099,-2.102,-2.099,-64.238,226.000
0.020,0.014,0.018,0.019,0.016,-2.100,-2.100,-2.101,-2.100,-2.100,-64.238,236.000
0.013,0.015,0.018,0.014,0.015,-2.102,-2.099,-2.100,-2.102,-2.100,-64.238,246.000
0.013,0.015,0.023,0.018,0.016,-2.099,-2.101,-2.102,-2.100,-2.099,-64.238,256.000
0.012,0.016,0.023,0.016,0.019,-2.101,-2.101,-2.101,-2.101,-2.099,-65.933,266.000
0.013,0.020,0.021,0.022,0.016,-2.100,-2.101,-2.102,-2.099,-2.101,-65.933,276.000
0.022,0.018,0.025,0.023,0.018,-2.101,-2.101,-2.100,-2.099,-2.100,-65.933,286.000
0.017,0.018,0.024,0.021,0.024,-2.101,-2.100,-2.101,-2.101,-2.101,-65.933,296.000
0.023,0.019,0.024,0.022,0.027,-2.100,-2.101,-2.101,-2.102,-2.100,-65.786,306.000
0.033,0.024,0.029,0.027,0.027,-2.100,-2.100,-2.101,-2.100,-2.099,-65.786,316.000
0.030,0.022,0.027,0.027,0.028,-2.099,-2.102,-2.100,-2.100,-2.100,-65.786,326.000
0.025,0.026,0.034,0.025,0.028,-2.099,-2.101,-2.099,-2.100,-2.101,-65.786,336.000
0.028,0.034,0.031,0.033,0.031,-2.102,-2.101,-2.102,-2.099,-2.099,-65.181,346.000
0.035,0.037,0.034,0.031,0.029,-2.100,-2.101,-2.100,-2.100,-2.100,-65.181,356.000
0.042,0.038,0.037,0.038,0.039,-2.100,-2.099,-2.101,-2.098,-2.099,-65.181,366.000
0.042,0.046,0.040,0.038,0.045,-2.100,-2.100,-2.100,-2.100,-2.098,-65.181,376.000
0.047,0.045,0.050,0.048,0.048,-2.100,-2.100,-2.098,-2.101,-2.099,-64.175,386.000
0.055,0.047,0.051,0.056,0.052,-2.100,-2.103,-2.099,-2.100,-2.100,-64.175,396.000
0.056,0.061,0.066,0.060,0.059,-2.098,-2.102,-2.099,-2.099,-2.098,-64.175,406.000
0.070,0.065,0.070,0.069,0.066,-2.101,-2.099,-2.101,-2.101,-2.100,-64.175,416.000
0.072,0.078,0.074,0.073,0.075,-2.099,-2.099,-2.100,-2.100,-2.100,-65.654,426.000
0.081,0.087,0.086,0.084,0.086,-2.097,-2.099,-2.100,-2.098,-2.099,-65.654,436.000
0.091,0.092,0.094,0.091,0.096,-2.100,-2.099,-2.099,-2.102,-2.102,-65.654,446.000
0.103,0.104,0.103,0.097,0.105,-2.099,-2.099,-2.099,-2.100,-2.099,-65.654,456.000
0.108,0.108,0.118,0.108,0.117,-2.100,-2.099,-2.100,-2.098,-2.099,-63.779,466.000
0.128,0.129,0.119,0.127,0.123,-2.098,-2.100,-2.100,-2.099,-2.100,-63.779,476.000
0.138,0.133,0.137,0.132,0.142,-2.098,-2.100,-2.100,-2.099,-2.102,-63.779,486.000
0.146,0.146,0.148,0.147,0.149,-2.098,-2.098,-2.100,-2.099,-2.099,-63.779,496.000
0.164,0.162,0.162,0.161,0.159,-2.098,-2.100,-2.099,-2.099,-2.099,-65.024,506.000
0.173,0.177,0.182,0.180,0.173,-2.098,-2.100,-2.099,-2.099,-2.100,-65.024,516.000
0.182,0.188,0.182,0.179,0.182,-2.098,-2.099,-2.099,-2.097,-2.100,-65.024,526.000
0.200,0.198,0.200,0.199,0.200,-2.099,-2.099,-2.097,-2.099,-2.100,-65.024,536.000
0.215,0.217,0.217,0.208,0.215,-2.099,-2.100,-2.098,-2.101,-2.099,-64.678,546.000
0.225,0.229,0.227,0.230,0.228,-2.098,-2.099,-2.098,-2.100,-2.099,-64.678,556.000
0.238,0.239,0.234,0.234,0.236,-2.100,-2.100,-2.099,-2.100,-2.101,-64.678,566.000
0.247,0.245,0.253,0.254,0.250,-2.099,-2.100,-2.099,-2.100,-2.099,-64.678,576.000
0.259,0.264,0.265,0.261,0.259,-2.098,-2.098,-2.099,-2.100,-2.099,-66.318,586.000
0.272,0.271,0.277,0.277,0.278,-2.098,-2.097,-2.097,-2.097,-2.100,-66.318,596.000
0.285,0.285,0.288,0.286,0.283,-2.100,-2.100,-2.099,-2.100,-2.099,-66.318,606.000
0.292,0.294,0.297,0.296,0.297,-2.098,-2.099,-2.098,-2.099,-2.099,-66.318,616.000
0.305,0.306,0.310,0.299,0.306,-2.099,-2.098,-2.099,-2.098,-2.098,-65.474,626.000
0.316,0.315,0.308,0.316,0.314,-2.099,-2.099,-2.097,-2.099,-2.098,-65.474,636.000
0.325,0.326,0.319,0.325,0.318,-2.099,-2.098,-2.098,-2.099,-2.099,-65.474,646.000
0.325,0.338,0.332,0.331,0.330,-2.099,-2.098,-2.098,-2.100,-2.099,-65.474,656.000
0.339,0.342,0.344,0.339,0.340,-2.098,-2.098,-2.099,-2.097,-2.099,-64.907,666.000
0.351,0.350,0.349,0.350,0.349,-2.099,-2.099,-2.098,-2.099,-2.098,-64.907,676.000
0.355,0.356,0.355,0.354,0.353,-2.098,-2.100,-2.098,-2.096,-2.098,-64.907,686.000
0.356,0.362,0.362,0.361,0.362,-2.099,-2.099,-2.099,-2.099,-2.098,-64.907,696.000
0.367,0.367,0.365,0.367,0.368,-2.100,-2.097,-2.098,-2.097,-2.099,-64.209,706.000
0.371,0.378,0.368,0.374,0.370,-2.099,-2.098,-2.097,-2.099,-2.097,-64.209,716.000
0.374,0.373,0.381,0.380,0.382,-2.098,-2.098,-2.100,-2.098,-2.097,-64.209,726.000
0.381,0.385,0.377,0.377,0.382,-2.097,-2.097,-2.098,-2.099,-2.098,-64.209,736.000
0.385,0.380,0.382,0.386,0.382,-2.100,-2.099,-2.099,-2.098,-2.100,-65.078,746.000
0.382,0.388,0.393,0.384,0.388,-2.099,-2.096,-2.096,-2.096,-2.098,-65.078,756.000
0.391,0.397,0.397,0.396,0.388,-2.098,-2.099,-2.097,-2.098,-2.097,-65.078,766.000
0.394,0.394,0.395,0.398,0.390,-2.098,-2.098,-2.097,-2.097,-2.098,-65.078,776.000
0.393,0.399,0.400,0.393,0.400,-2.098,-2.099,-2.097,-2.100,-2.099,-64.434,786.000
0.398,0.399,0.404,0.398,0.400,-2.099,-2.098,-2.098,-2.099,-2.098,-64.434,796.000
0.400,0.400,0.407,0.403,0.402,-2.098,-2.098,-2.097,-2.096,-2.096,-64.434,806.000
0.399,0.399,0.406,0.405,0.403,-2.098,-2.100,-2.098,-2.097,-2.099,-64.434,816.000
0.399,0.400,0.405,0.405,0.409,-2.099,-2.097,-2.098,-2.097,-2.098,-64.990,826.000
0.408,0.403,0.407,0.408,0.409,-2.098,-2.098,-2.097,-2.098,-2.097,-64.990,836.000
0.408,0.402,0.402,0.401,0.406,-2.097,-2.096,-2.096,-2.099,-2.098,-64.990,846.000
0.405,0.403,0.406,0.410,0.406,-2.097,-2.098,-2.097,-2.097,-2.095,-64.990,856.000
0.407,0.411,0.407,0.406,0.406,-2.097,-2.096,-2.098,-2.097,-2.097,-64.746,866.000
0.409,0.404,0.405,0.414,0.406,-2.096,-2.097,-2.097,-2.097,-2.096,-64.746,876.000
0.405,0.407,0.408,0.409,0.402,-2.096,-2.097,-2.097,-2.096,-2.098,-64.746,886.000
0.408,0.408,0.408,0.403,0.405,-2.098,-2.097,-2.099,-2.099,-2.095,-64.746,896.000
0.406,0.403,0.409,0.405,0.409,-2.097,-2.096,-2.097,-2.096,-2.097,-65.176,906.000
0.401,0.404,0.402,0.404,0.407,-2.097,-2.096,-2.096,-2.099,-2.095,-65.176,916.000
0.407,0.400,0.405,0.399,0.403,-2.096,-2.096,-2.096,-2.097,-2.095,-65.176,926.000
0.407,0.400,0.397,0.405,0.400,-2.097,-2.099,-2.098,-2.096,-2.097,-65.176,936.000
0.400,0.401,0.396,0.402,0.401,-2.098,-2.095,-2.098,-2.098,-2.098,-65.737,946.000
0.397,0.396,0.395,0.401,0.398,-2.096,-2.096,-2.098,-2.096,-2.099,-65.737,956.000
0.395,0.395,0.395,0.393,0.397,-2.097,-2.097,-2.096,-2.096,-2.098,-65.737,966.000
0.390,0.398,0.394,0.390,0.396,-2.096,-2.098,-2.098,-2.097,-2.096,-65.737,976.000
0.390,0.392,0.392,0.395,0.390,-2.095,-2.095,-2.097,-2.098,-2.097,-63.574,986.000
0.388,0.386,0.389,0.383,0.387,-2.097,-2.097,-2.097,-2.098,-2.099,-63.574,996.000
0.379,0.385,0.380,0.383,0.381,-2.096,-2.096,-2.096,-2.096,-2.098,-63.574,1006.000
0.379,0.375,0.377,0.377,0.374,-2.099,-2.095,-2.097,-2.096,-2.097,-63.574,1016.000
0.371,0.370,0.376,0.366,0.368,-2.096,-2.095,-2.098,-2.096,-2.096,-65.254,1026.000
0.368,0.363,0.365,0.365,0.362,-2.097,-2.097,-2.095,-2.097,-2.096,-65.254,1036.000
0.361,0.364,0.365,0.358,0.359,-2.096,-2.095,-2.097,-2.096,-2.097,-65.254,1046.000
0.349,0.358,0.345,0.349,0.347,-2.095,-2.095,-2.094,-2.098,-2.096,-65.254,1056.000
0.340,0.343,0.336,0.338,0.349,-2.098,-2.097,-2.095,-2.098,-2.097,-64.785,1066.000
0.330,0.332,0.338,0.336,0.333,-2.094,-2.095,-2.095,-2.094,-2.096,-64.785,1076.000
0.326,0.327,0.321,0.325,0.323,-2.097,-2.095,-2.096,-2.097,-2.098,-64.785,1086.000
0.315,0.311,0.312,0.310,0.314,-2.094,-2.094,-2.097,-2.096,-2.095,-64.785,1096.000
0.303,0.300,0.296,0.306,0.302,-2.099,-2.097,-2.097,-2.097,-2.095,-64.570,1106.000
0.289,0.290,0.286,0.286,0.283,-2.095,-2.094,-2.097,-2.095,-2.095,-64.570,1116.000
0.280,0.276,0.276,0.273,0.271,-2.096,-2.096,-2.096,-2.097,-2.096,-64.570,1126.000
0.258,0.260,0.259,0.264,0.266,-2.096,-2.097,-2.096,-2.095,-2.097,-64.570,1136.000
0.248,0.246,0.243,0.249,0.243,-2.095,-2.096,-2.096,-2.092,-2.094,-66.206,1146.000
0.237,0.235,0.236,0.227,0.231,-2.095,-2.097,-2.096,-2.096,-2.097,-66.206,1156.000
0.214,0.212,0.217,0.214,0.217,-2.095,-2.096,-2.095,-2.096,-2.096,-66.206,1166.000
0.203,0.198,0.201,0.194,0.205,-2.096,-2.096,-2.095,-2.094,-2.093,-66.206,1176.000
0.186,0.189,0.178,0.183,0.183,-2.095,-2.095,-2.095,-2.096,-2.096,-65.747,1186.000
0.164,0.164,0.164,0.160,0.167,-2.095,-2.095,-2.097,-2.095,-2.096,-65.747,1196.000
0.151,0.148,0.152,0.155,0.150,-2.095,-2.095,-2.094,-2.097,-2.095,-65.747,1206.000
0.142,0.133,0.142,0.137,0.133,-2.094,-2.096,-2.095,-2.094,-2.097,-65.747,1216.000
0.125,0.131,0.122,0.127,0.122,-2.096,-2.096,-2.096,-2.095,-2.095,-65.811,1226.000
0.111,0.106,0.112,0.108,0.104,-2.094,-2.097,-2.094,-2.096,-2.096,-65.811,1236.000
0.100,0.090,0.099,0.096,0.092,-2.096,-2.097,-2.094,-2.094,-2.096,-65.811,1246.000
0.080,0.081,0.083,0.081,0.080,-2.095,-2.096,-2.095,-2.096,-2.097,-65.811,1256.000
0.073,0.071,0.069,0.068,0.071,-2.096,-2.095,-2.094,-2.094,-2.095,-64.868,1266.000
0.065,0.056,0.058,0.056,0.057,-2.096,-2.097,-2.095,-2.096,-2.095,-64.868,1276.000
0.050,0.052,0.054,0.052,0.055,-2.097,-2.095,-2.095,-2.095,-2.096,-64.868,1286.000
0.043,0.046,0.043,0.043,0.046,-2.094,-2.096,-2.095,-2.095,-2.095,-64.868,1296.000
0.041,0.037,0.035,0.037,0.034,-2.095,-2.095,-2.096,-2.094,-2.095,-64.194,1306.000
0.028,0.027,0.030,0.032,0.032,-2.094,-2.095,-2.095,-2.094,-2.094,-64.194,1316.000
0.030,0.031,0.023,0.028,0.029,-2.094,-2.095,-2.095,-2.094,-2.096,-64.194,1326.000
0.027,0.024,0.024,0.023,0.027,-2.095,-2.095,-2.096,-2.095,-2.096,-64.194,1336.000
0.019,0.023,0.028,0.019,0.018,-2.096,-2.096,-2.097,-2.093,-2.093,-64.712,1346.000
0.019,0.020,0.022,0.019,0.019,-2.094,-2.094,-2.093,-2.096,-2.096,-64.712,1356.000
0.017,0.021,0.016,0.015,0.021,-2.093,-2.094,-2.095,-2.096,-2.095,-64.712,1366.000
0.024,0.019,0.016,0.019,0.017,-2.093,-2.094,-2.095,-2.096,-2.095,-64.712,1376.000
0.020,0.013,0.018,0.014,0.013,-2.095,-2.097,-2.095,-2.094,-2.095,-64.214,1386.000
0.018,0.013,0.016,0.020,0.016,-2.094,-2.095,-2.095,-2.094,-2.094,-64.214,1396.000
0.016,0.013,0.015,0.017,0.015,-2.096,-2.095,-2.094,-2.094,-2.092,-64.214,1406.000
0.012,0.014,0.019,0.009,0.017,-2.092,-2.094,-2.095,-2.096,-2.094,-64.214,1416.000
0.011,0.018,0.012,0.011,0.014,-2.092,-2.095,-2.093,-2.095,-2.093,-66.079,1426.000
0.018,0.017,0.017,0.015,0.015,-2.095,-2.093,-2.093,-2.094,-2.094,-66.079,1436.000
0.011,0.006,0.018,0.019,0.008,-2.095,-2.094,-2.095,-2.094,-2.095,-66.079,1446.000
0.012,0.015,0.012,0.008,0.021,-2.094,-2.094,-2.093,-2.093,-2.093,-66.079,1456.000
0.013,0.013,0.016,0.014,0.013,-2.096,-2.095,-2.096,-2.095,-2.092,-66.602,1466.000
0.018,0.011,0.016,0.012,0.015,-2.094,-2.094,-2.095,-2.095,-2.094,-66.602,1476.000
0.017,0.017,0.008,0.014,0.018,-2.094,-2.094,-2.094,-2.094,-2.094,-66.602,1486.000
0.012,0.010,0.009,0.020,0.014,-2.095,-2.093,-2.093,-2.094,-2.095,-66.602,1496.000
0.019,0.017,0.012,0.016,0.012,-2.094,-2.094,-2.094,-2.095,-2.094,-64.204,1506.000
0.013,0.009,0.011,0.019,0.015,-2.094,-2.094,-2.094,-2.094,-2.093,-64.204,1516.000
0.015,0.012,0.017,0.013,0.015,-2.094,-2.093,-2.094,-2.094,-2.094,-64.204,1526.000
0.015,0.014,0.015,0.017,0.016,-2.094,-2.095,-2.096,-2.096,-2.092,-64.204,1536.000
0.021,0.016,0.015,0.018,0.014,-2.094,-2.094,-2.095,-2.093,-2.095,-64.995,1546.000
0.017,0.015,0.013,0.015,0.018,-2.094,-2.094,-2.093,-2.093,-2.093,-64.995,1556.000
0.012,0.014,0.019,0.014,0.015,-2.094,-2.094,-2.095,-2.095,-2.093,-64.995,1566.000
0.018,0.009,0.018,0.016,0.014,-2.091,-2.093,-2.091,-2.092,-2.091,-64.995,1576.000
0.014,0.019,0.012,0.018,0.007,-2.092,-2.093,-2.095,-2.091,-2.094,-64.434,1586.000
0.014,0.015,0.012,0.017,0.017,-2.092,-2.092,-2.092,-2.095,-2.092,-64.434,1596.000
0.013,0.015,0.015,0.017,0.016,-2.093,-2.093,-2.094,-2.094,-2.094,-64.434,1606.000
0.014,0.008,0.014,0.018,0.013,-2.094,-2.093,-2.093,-2.093,-2.095,-64.434,1616.000
0.015,0.013,0.014,0.011,0.014,-2.095,-2.094,-2.094,-2.092,-2.093,-66.494,1626.000
0.020,0.005,0.020,0.010,0.017,-2.091,-2.093,-2.094,-2.093,-2.092,-66.494,1636.000
0.017,0.016,0.008,0.016,0.017,-2.095,-2.094,-2.096,-2.093,-2.093,-66.494,1646.000
0.012,0.019,0.014,0.012,0.009,-2.093,-2.092,-2.093,-2.091,-2.094,-66.494,1656.000
0.011,0.016,0.011,0.014,0.014,-2.095,-2.094,-2.092,-2.094,-2.094,-65.288,1666.000
0.016,0.016,0.014,0.013,0.018,-2.090,-2.093,-2.093,-2.092,-2.094,-65.288,1676.000
0.014,0.019,0.013,0.019,0.019,-2.093,-2.093,-2.092,-2.092,-2.092,-65.288,1686.000
0.014,0.015,0.018,0.017,0.009,-2.090,-2.092,-2.092,-2.090,-2.092,-65.288,1696.000
0.015,0.008,0.019,0.018,0.016,-2.089,-2.090,-2.089,-2.087,-2.088,-64.727,1706.000
0.015,0.012,0.012,0.012,0.016,-2.091,-2.092,-2.094,-2.094,-2.093,-64.727,1716.000
0.019,0.017,0.014,0.014,0.017,-2.093,-2.094,-2.091,-2.092,-2.091,-64.727,1726.000
0.011,0.016,0.014,0.014,0.015,-2.094,-2.093,-2.096,-2.092,-2.092,-64.727,1736.000
0.014,0.020,0.018,0.017,0.017,-2.093,-2.092,-2.092,-2.093,-2.094,-66.538,1746.000
0.019,0.018,0.016,0.011,0.017,-2.093,-2.093,-2.093,-2.093,-2.093,-66.538,1756.000
0.015,0.017,0.014,0.013,0.014,-2.094,-2.092,-2.092,-2.093,-2.091,-66.538,1766.000
0.015,0.012,0.013,0.013,0.013,-2.092,-2.091,-2.093,-2.091,-2.094,-66.538,1776.000
0.015,0.011,0.015,0.014,0.008,-2.092,-2.091,-2.092,-2.093,-2.092,-66.030,1786.000
0.018,0.014,0.008,0.014,0.019,-2.093,-2.091,-2.093,-2.091,-2.094,-66.030,1796.000
0.019,0.013,0.008,0.016,0.020,-2.091,-2.093,-2.093,-2.090,-2.093,-66.030,1806.000
0.016,0.019,0.010,0.020,0.016,-2.093,-2.094,-2.091,-2.092,-2.091,-66.030,1816.000
0.016,0.013,0.012,0.016,0.014,-2.092,-2.092,-2.094,-2.094,-2.093,-64.546,1826.000
0.016,0.007,0.014,0.015,0.019,-2.092,-2.091,-2.092,-2.093,-2.093,-64.546,1836.000
0.010,0.018,0.013,0.011,0.017,-2.092,-2.092,-2.092,-2.093,-2.091,-64.546,1846.000
0.019,0.019,0.007,0.023,0.019,-2.091,-2.091,-2.092,-2.092,-2.091,-64.546,1856.000
0.014,0.017,0.012,0.015,0.014,-2.093,-2.091,-2.093,-2.089,-2.091,-66.680,1866.000
0.018,0.014,0.019,0.019,0.014,-2.091,-2.093,-2.092,-2.091,-2.091,-66.680,1876.000
0.014,0.017,0.016,0.007,0.010,-2.092,-2.092,-2.090,-2.091,-2.088,-66.680,1886.000
0.016,0.011,0.012,0.011,0.009,-2.090,-2.091,-2.089,-2.092,-2.093,-66.680,1896.000
0.017,0.011,0.013,0.018,0.010,-2.092,-2.092,-2.090,-2.092,-2.091,-66.738,1906.000
0.015,0.015,0.017,0.012,0.016,-2.091,-2.092,-2.091,-2.091,-2.091,-66.738,1916.000
0.013,0.012,0.015,0.014,0.016,-2.091,-2.092,-2.091,-2.093,-2.092,-66.738,1926.000
0.015,0.009,0.015,0.018,0.016,-2.091,-2.090,-2.091,-2.092,-2.091,-66.738,1936.000
0.019,0.014,0.015,0.017,0.016,-2.094,-2.091,-2.092,-2.091,-2.092,-63.462,1946.000
0.014,0.020,0.010,0.019,0.010,-2.089,-2.093,-2.091,-2.092,-2.090,-63.462,1956.000
0.014,0.016,0.013,0.017,0.013,-2.092,-2.091,-2.091,-2.092,-2.091,-63.462,1966.000
0.011,0.008,0.015,0.013,0.014,-2.090,-2.092,-2.093,-2.093,-2.093,-63.462,1976.000
0.017,0.016,0.014,0.011,0.018,-2.091,-2.092,-2.091,-2.090,-2.091,-66.533,1986.000
0.014,0.017,0.016,0.012,0.012,-2.091,-2.091,-2.091,-2.090,-2.092,-66.533,1996.000
0.012,0.016,0.015,0.011,0.014,-2.092,-2.090,-2.092,-2.092,-2.090,-66.533,2006.000
0.012,0.019,0.014,0.021,0.012,-2.091,-2.092,-2.091,-2.091,-2.090,-66.533,2016.000
0.011,0.013,0.011,0.011,0.017,-2.090,-2.091,-2.091,-2.091,-2.092,-64.990,2026.000
0.012,0.010,0.016,0.015,0.023,-2.091,-2.090,-2.092,-2.093,-2.089,-64.990,2036.000
0.017,0.012,0.012,0.013,0.014,-2.087,-2.087,-2.086,-2.086,-2.085,-64.990,2046.000
0.012,0.016,0.011,0.011,0.008,-2.087,-2.087,-2.085,-2.087,-2.088,-64.990,2056.000
0.019,0.013,0.009,0.014,0.012,-2.086,-2.085,-2.087,-2.086,-2.087,-65.488,2066.000
0.012,0.014,0.017,0.016,0.014,-2.084,-2.084,-2.085,-2.085,-2.085,-65.488,2076.000
0.016,0.010,0.017,0.015,0.022,-2.086,-2.084,-2.086,-2.086,-2.085,-65.488,2086.000
0.014,0.017,0.011,0.017,0.015,-2.089,-2.087,-2.090,-2.088,-2.088,-65.488,2096.000
0.017,0.012,0.016,0.017,0.014,-2.089,-2.087,-2.088,-2.087,-2.087,-64.033,2106.000
0.013,0.017,0.012,0.013,0.012,-2.088,-2.089,-2.089,-2.088,-2.090,-64.033,2116.000
0.017,0.010,0.013,0.016,0.015,-2.091,-2.090,-2.091,-2.090,-2.091,-64.033,2126.000
0.015,0.015,0.011,0.014,0.021,-2.090,-2.090,-2.092,-2.091,-2.091,-64.033,2136.000
0.012,0.019,0.013,0.019,0.016,-2.090,-2.091,-2.091,-2.092,-2.091,-63.921,2146.000
0.012,0.024,0.014,0.015,0.018,-2.089,-2.091,-2.090,-2.089,-2.089,-63.921,2156.000
0.018,0.014,0.023,0.018,0.019,-2.093,-2.092,-2.091,-2.091,-2.091,-63.921,2166.000
0.023,0.022,0.022,0.022,0.021,-2.091,-2.090,-2.091,-2.090,-2.089,-63.921,2176.000
0.027,0.020,0.024,0.022,0.026,-2.088,-2.089,-2.092,-2.092,-2.091,-64.824,2186.000
0.023,0.030,0.020,0.034,0.023,-2.090,-2.088,-2.088,-2.090,-2.090,-64.824,2196.000
0.029,0.033,0.029,0.030,0.031,-2.089,-2.091,-2.089,-2.091,-2.090,-64.824,2206.000
0.040,0.033,0.036,0.036,0.032,-2.090,-2.091,-2.091,-2.090,-2.090,-64.824,2216.000
0.042,0.038,0.047,0.042,0.032,-2.090,-2.089,-2.087,-2.089,-2.090,-65.356,2226.000
0.045,0.054,0.049,0.054,0.044,-2.090,-2.088,-2.089,-2.089,-2.090,-65.356,2236.000
0.061,0.058,0.055,0.060,0.063,-2.091,-2.091,-2.090,-2.090,-2.090,-65.356,2246.000
0.071,0.066,0.068,0.072,0.066,-2.090,-2.091,-2.090,-2.091,-2.090,-65.356,2256.000
0.078,0.082,0.078,0.079,0.084,-2.090,-2.091,-2.090,-2.090,-2.089,-65.732,2266.000
0.091,0.090,0.095,0.090,0.098,-2.091,-2.089,-2.089,-2.089,-2.089,-65.732,2276.000
0.099,0.106,0.106,0.109,0.103,-2.090,-2.089,-2.088,-2.089,-2.089,-65.732,2286.000
0.113,0.121,0.118,0.116,0.121,-2.090,-2.091,-2.089,-2.089,-2.090,-65.732,2296.000
0.133,0.136,0.132,0.131,0.142,-2.089,-2.090,-2.090,-2.089,-2.089,-64.624,2306.000
0.155,0.147,0.147,0.158,0.151,-2.089,-2.090,-2.089,-2.090,-2.088,-64.624,2316.000
0.167,0.169,0.164,0.164,0.169,-2.092,-2.087,-2.090,-2.090,-2.090,-64.624,2326.000
0.184,0.178,0.180,0.180,0.177,-2.088,-2.088,-2.089,-2.088,-2.089,-64.624,2336.000
0.203,0.200,0.197,0.204,0.199,-2.090,-2.088,-2.088,-2.089,-2.090,-64.575,2346.000
0.217,0.214,0.223,0.217,0.218,-2.090,-2.089,-2.088,-2.088,-2.089,-64.575,2356.000
0.237,0.231,0.230,0.231,0.231,-2.088,-2.089,-2.088,-2.089,-2.089,-64.575,2366.000
0.248,0.249,0.243,0.245,0.243,-2.088,-2.088,-2.088,-2.089,-2.087,-64.575,2376.000
0.259,0.265,0.265,0.260,0.265,-2.088,-2.088,-2.089,-2.088,-2.088,-65.884,2386.000
0.278,0.281,0.270,0.275,0.274,-2.090,-2.090,-2.089,-2.089,-2.087,-65.884,2396.000
0.291,0.292,0.291,0.287,0.290,-2.089,-2.088,-2.089,-2.089,-2.088,-65.884,2406.000
0.296,0.304,0.304,0.301,0.308,-2.088,-2.088,-2.089,-2.089,-2.087,-65.884,2416.000
0.308,0.317,0.312,0.318,0.308,-2.090,-2.089,-2.088,-2.087,-2.090,-64.160,2426.000
0.328,0.328,0.318,0.329,0.323,-2.089,-2.088,-2.088,-2.088,-2.085,-64.160,2436.000
0.336,0.332,0.341,0.333,0.338,-2.088,-2.087,-2.089,-2.087,-2.089,-64.160,2446.000
0.344,0.349,0.338,0.346,0.349,-2.089,-2.087,-2.088,-2.089,-2.089,-64.160,2456.000
0.355,0.353,0.353,0.351,0.350,-2.088,-2.089,-2.089,-2.088,-2.090,-65.933,2466.000
0.361,0.361,0.359,0.358,0.364,-2.087,-2.089,-2.089,-2.088,-2.089,-65.933,2476.000
0.365,0.367,0.366,0.359,0.373,-2.087,-2.088,-2.087,-2.089,-2.091,-65.933,2486.000
0.377,0.377,0.373,0.376,0.371,-2.089,-2.088,-2.087,-2.089,-2.088,-65.933,2496.000
0.378,0.379,0.380,0.374,0.385,-2.086,-2.086,-2.089,-2.088,-2.089,-64.355,2506.000
0.384,0.383,0.388,0.387,0.384,-2.087,-2.087,-2.088,-2.089,-2.088,-64.355,2516.000
0.395,0.391,0.388,0.391,0.389,-2.088,-2.087,-2.089,-2.088,-2.087,-64.355,2526.000
0.395,0.395,0.393,0.403,0.396,-2.087,-2.090,-2.087,-2.088,-2.087,-64.355,2536.000
0.398,0.402,0.395,0.399,0.397,-2.086,-2.087,-2.089,-2.091,-2.089,-64.980,2546.000
0.400,0.399,0.394,0.400,0.403,-2.088,-2.090,-2.088,-2.090,-2.090,-64.980,2556.000
0.400,0.405,0.406,0.404,0.405,-2.088,-2.088,-2.087,-2.088,-2.088,-64.980,2566.000
0.407,0.411,0.405,0.407,0.410,-2.086,-2.087,-2.088,-2.087,-2.087,-64.980,2576.000
0.405,0.407,0.408,0.412,0.404,-2.086,-2.088,-2.087,-2.088,-2.088,-66.646,2586.000
0.411,0.410,0.415,0.408,0.412,-2.088,-2.088,-2.089,-2.088,-2.089,-66.646,2596.000
0.412,0.417,0.413,0.418,0.416,-2.089,-2.085,-2.089,-2.087,-2.088,-66.646,2606.000
0.415,0.417,0.411,0.413,0.417,-2.087,-2.087,-2.087,-2.089,-2.087,-66.646,2616.000
0.420,0.412,0.413,0.418,0.414,-2.088,-2.089,-2.088,-2.088,-2.087,-65.874,2626.000
0.414,0.419,0.414,0.416,0.414,-2.086,-2.088,-2.088,-2.088,-2.087,-65.874,2636.000
0.420,0.419,0.423,0.414,0.422,-2.086,-2.087,-2.086,-2.086,-2.086,-65.874,2646.000
0.422,0.416,0.418,0.419,0.423,-2.087,-2.089,-2.088,-2.086,-2.087,-65.874,2656.000
0.411,0.420,0.414,0.421,0.419,-2.087,-2.088,-2.088,-2.086,-2.087,-65.376,2666.000
0.422,0.417,0.421,0.418,0.416,-2.087,-2.086,-2.087,-2.089,-2.087,-65.376,2676.000
0.419,0.421,0.421,0.419,0.419,-2.088,-2.087,-2.088,-2.087,-2.087,-65.376,2686.000
0.418,0.424,0.419,0.424,0.420,-2.086,-2.087,-2.086,-2.087,-2.087,-65.376,2696.000
0.417,0.419,0.425,0.422,0.421,-2.087,-2.087,-2.086,-2.086,-2.086,-65.439,2706.000
0.421,0.422,0.431,0.421,0.417,-2.086,-2.086,-2.087,-2.087,-2.087,-65.439,2716.000
0.423,0.420,0.425,0.420,0.421,-2.086,-2.086,-2.085,-2.088,-2.087,-65.439,2726.000
0.422,0.418,0.427,0.424,0.415,-2.088,-2.086,-2.087,-2.086,-2.088,-65.439,2736.000
0.424,0.423,0.420,0.428,0.419,-2.086,-2.087,-2.084,-2.087,-2.086,-65.103,2746.000
0.419,0.422,0.424,0.428,0.423,-2.087,-2.088,-2.087,-2.087,-2.086,-65.103,2756.000
0.425,0.423,0.427,0.422,0.429,-2.088,-2.088,-2.086,-2.086,-2.088,-65.103,2766.000
0.423,0.427,0.425,0.419,0.418,-2.088,-2.087,-2.086,-2.086,-2.087,-65.103,2776.000
0.429,0.426,0.435,0.427,0.423,-2.087,-2.088,-2.086,-2.086,-2.086,-65.811,2786.000
0.420,0.422,0.421,0.430,0.428,-2.087,-2.086,-2.086,-2.086,-2.085,-65.811,2796.000
0.426,0.432,0.423,0.426,0.424,-2.087,-2.086,-2.085,-2.087,-2.087,-65.811,2806.000
0.424,0.423,0.431,0.429,0.426,-2.083,-2.086,-2.084,-2.086,-2.085,-65.811,2816.000
0.423,0.420,0.428,0.421,0.432,-2.084,-2.086,-2.087,-2.087,-2.086,-65.767,2826.000
0.435,0.422,0.422,0.432,0.425,-2.086,-2.087,-2.086,-2.086,-2.086,-65.767,2836.000
0.426,0.422,0.428,0.423,0.427,-2.085,-2.085,-2.085,-2.086,-2.085,-65.767,2846.000
0.425,0.429,0.426,0.422,0.427,-2.086,-2.084,-2.088,-2.087,-2.085,-65.767,2856.000
0.427,0.422,0.427,0.425,0.426,-2.085,-2.085,-2.086,-2.086,-2.086,-64.106,2866.000
0.427,0.424,0.431,0.421,0.425,-2.086,-2.085,-2.084,-2.086,-2.085,-64.106,2876.000
0.424,0.420,0.425,0.427,0.429,-2.085,-2.086,-2.083,-2.087,-2.087,-64.106,2886.000
0.421,0.425,0.421,0.422,0.429,-2.087,-2.087,-2.086,-2.086,-2.087,-64.106,2896.000
0.425,0.425,0.427,0.429,0.421,-2.086,-2.086,-2.086,-2.086,-2.086,-65.806,2906.000
0.427,0.426,0.429,0.426,0.430,-2.085,-2.087,-2.085,-2.086,-2.085,-65.806,2916.000
0.423,0.428,0.420,0.430,0.430,-2.084,-2.086,-2.084,-2.084,-2.085,-65.806,2926.000
0.422,0.424,0.426,0.428,0.428,-2.087,-2.086,-2.086,-2.085,-2.086,-65.806,2936.000
0.426,0.426,0.430,0.429,0.431,-2.085,-2.087,-2.087,-2.086,-2.085,-65.293,2946.000
0.424,0.424,0.427,0.427,0.430,-2.085,-2.085,-2.087,-2.086,-2.086,-65.293,2956.000
0.427,0.424,0.420,0.427,0.427,-2.084,-2.085,-2.085,-2.085,-2.085,-65.293,2966.000
0.424,0.425,0.424,0.422,0.425,-2.085,-2.084,-2.084,-2.085,-2.084,-65.293,2976.000
0.424,0.428,0.424,0.431,0.429,-2.084,-2.084,-2.085,-2.086,-2.087,-66.133,2986.000
0.428,0.425,0.427,0.423,0.423,-2.085,-2.084,-2.085,-2.086,-2.084,-66.133,2996.000
0.423,0.435,0.425,0.435,0.428,-2.086,-2.085,-2.086,-2.085,-2.086,-66.133,3006.000
0.433,0.424,0.429,0.428,0.429,-2.085,-2.085,-2.085,-2.086,-2.086,-66.133,3016.000
0.420,0.427,0.435,0.429,0.429,-2.086,-2.087,-2.085,-2.085,-2.084,-63.882,3026.000
0.428,0.427,0.422,0.433,0.425,-2.083,-2.084,-2.086,-2.086,-2.086,-63.882,3036.000
0.425,0.428,0.425,0.426,0.427,-2.084,-2.084,-2.084,-2.085,-2.082,-63.882,3046.000
0.430,0.423,0.429,0.425,0.429,-2.084,-2.085,-2.083,-2.086,-2.084,-63.882,3056.000
0.435,0.426,0.433,0.436,0.426,-2.084,-2.084,-2.084,-2.086,-2.084,-64.683,3066.000
0.431,0.430,0.425,0.434,0.428,-2.084,-2.085,-2.084,-2.085,-2.084,-64.683,3076.000
0.428,0.425,0.430,0.428,0.425,-2.083,-2.084,-2.082,-2.083,-2.085,-64.683,3086.000
0.423,0.425,0.430,0.424,0.429,-2.081,-2.081,-2.080,-2.078,-2.080,-64.683,3096.000
0.433,0.429,0.426,0.433,0.429,-2.084,-2.085,-2.085,-2.084,-2.084,-65.435,3106.000
0.428,0.425,0.433,0.425,0.429,-2.085,-2.083,-2.084,-2.085,-2.084,-65.435,3116.000
0.426,0.426,0.432,0.429,0.420,-2.085,-2.085,-2.084,-2.084,-2.083,-65.435,3126.000
0.428,0.428,0.428,0.426,0.428,-2.085,-2.084,-2.083,-2.083,-2.085,-65.435,3136.000
0.424,0.433,0.424,0.431,0.432,-2.084,-2.084,-2.085,-2.083,-2.083,-63.564,3146.000
0.427,0.432,0.433,0.424,0.434,-2.085,-2.084,-2.083,-2.085,-2.084,-63.564,3156.000
0.432,0.424,0.439,0.426,0.428,-2.085,-2.085,-2.085,-2.085,-2.083,-63.564,3166.000
0.424,0.433,0.427,0.428,0.427,-2.083,-2.083,-2.085,-2.083,-2.084,-63.564,3176.000
0.436,0.428,0.434,0.429,0.433,-2.085,-2.084,-2.085,-2.082,-2.084,-63.774,3186.000
0.426,0.436,0.433,0.431,0.430,-2.086,-2.085,-2.083,-2.085,-2.086,-63.774,3196.000
0.433,0.426,0.436,0.431,0.424,-2.085,-2.085,-2.084,-2.083,-2.083,-63.774,3206.000
0.424,0.432,0.429,0.429,0.430,-2.084,-2.083,-2.085,-2.084,-2.084,-63.774,3216.000
0.428,0.425,0.430,0.433,0.430,-2.085,-2.083,-2.084,-2.084,-2.085,-67.510,3226.000
0.432,0.427,0.427,0.429,0.426,-2.085,-2.084,-2.085,-2.084,-2.084,-67.510,3236.000
0.432,0.433,0.429,0.425,0.425,-2.083,-2.082,-2.085,-2.085,-2.085,-67.510,3246.000
0.426,0.428,0.436,0.428,0.429,-2.084,-2.085,-2.084,-2.084,-2.084,-67.510,3256.000
0.426,0.427,0.429,0.430,0.426,-2.084,-2.085,-2.083,-2.084,-2.084,-65.630,3266.000
0.429,0.431,0.432,0.427,0.427,-2.084,-2.084,-2.084,-2.084,-2.084,-65.630,3276.000
0.433,0.423,0.436,0.424,0.430,-2.083,-2.084,-2.085,-2.084,-2.084,-65.630,3286.000
0.427,0.432,0.430,0.432,0.423,-2.082,-2.082,-2.085,-2.083,-2.083,-65.630,3296.000
0.430,0.430,0.429,0.431,0.431,-2.085,-2.082,-2.085,-2.083,-2.083,-65.659,3306.000
0.429,0.428,0.435,0.433,0.427,-2.083,-2.081,-2.084,-2.083,-2.084,-65.659,3316.000
0.428,0.423,0.426,0.432,0.424,-2.084,-2.083,-2.084,-2.083,-2.082,-65.659,3326.000
0.426,0.430,0.430,0.427,0.430,-2.083,-2.082,-2.084,-2.083,-2.084,-65.659,3336.000
0.433,0.424,0.430,0.428,0.434,-2.084,-2.084,-2.085,-2.083,-2.084,-66.265,3346.000
0.436,0.426,0.434,0.434,0.436,-2.083,-2.083,-2.084,-2.084,-2.085,-66.265,3356.000
0.429,0.430,0.428,0.436,0.425,-2.083,-2.084,-2.081,-2.085,-2.084,-66.265,3366.000
0.428,0.431,0.424,0.431,0.432,-2.083,-2.084,-2.083,-2.083,-2.082,-66.265,3376.000
0.429,0.428,0.425,0.434,0.430,-2.084,-2.081,-2.083,-2.082,-2.083,-66.650,3386.000
0.430,0.433,0.427,0.428,0.430,-2.083,-2.081,-2.082,-2.084,-2.083,-66.650,3396.000
0.432,0.424,0.431,0.426,0.431,-2.083,-2.083,-2.084,-2.083,-2.084,-66.650,3406.000
0.432,0.431,0.433,0.430,0.431,-2.084,-2.081,-2.084,-2.083,-2.083,-66.650,3416.000
0.431,0.436,0.426,0.432,0.432,-2.084,-2.082,-2.082,-2.083,-2.083,-65.039,3426.000
0.428,0.434,0.431,0.429,0.428,-2.082,-2.081,-2.082,-2.083,-2.083,-65.039,3436.000
0.427,0.436,0.434,0.429,0.434,-2.081,-2.084,-2.084,-2.084,-2.084,-65.039,3446.000
0.428,0.433,0.426,0.428,0.431,-2.082,-2.083,-2.083,-2.081,-2.080,-65.039,3456.000
0.432,0.425,0.426,0.437,0.429,-2.082,-2.083,-2.082,-2.083,-2.081,-65.488,3466.000
0.429,0.427,0.429,0.433,0.431,-2.081,-2.083,-2.083,-2.084,-2.082,-65.488,3476.000
0.431,0.431,0.426,0.432,0.427,-2.081,-2.082,-2.082,-2.082,-2.083,-65.488,3486.000
0.425,0.424,0.430,0.431,0.430,-2.082,-2.083,-2.083,-2.083,-2.084,-65.488,3496.000
0.433,0.429,0.429,0.433,0.426,-2.086,-2.085,-2.084,-2.085,-2.083,-63.276,3506.000
0.431,0.430,0.436,0.430,0.433,-2.082,-2.083,-2.082,-2.082,-2.081,-63.276,3516.000
0.432,0.431,0.430,0.430,0.437,-2.082,-2.082,-2.082,-2.082,-2.082,-63.276,3526.000
0.428,0.430,0.430,0.429,0.428,-2.081,-2.082,-2.084,-2.083,-2.083,-63.276,3536.000
0.434,0.428,0.434,0.421,0.439,-2.082,-2.082,-2.081,-2.081,-2.082,-65.132,3546.000
0.436,0.431,0.431,0.432,0.430,-2.082,-2.082,-2.085,-2.081,-2.083,-65.132,3556.000
0.433,0.431,0.432,0.430,0.424,-2.084,-2.082,-2.082,-2.084,-2.081,-65.132,3566.000
0.428,0.425,0.434,0.431,0.425,-2.082,-2.083,-2.082,-2.082,-2.083,-65.132,3576.000
0.435,0.432,0.434,0.433,0.430,-2.082,-2.082,-2.084,-2.083,-2.084,-66.030,3586.000
0.431,0.427,0.435,0.433,0.427,-2.082,-2.082,-2.080,-2.083,-2.085,-66.030,3596.000
0.434,0.432,0.426,0.435,0.429,-2.082,-2.082,-2.084,-2.081,-2.081,-66.030,3606.000
0.430,0.430,0.428,0.434,0.423,-2.081,-2.083,-2.083,-2.083,-2.081,-66.030,3616.000
0.425,0.433,0.426,0.432,0.429,-2.082,-2.081,-2.083,-2.082,-2.081,-66.118,3626.000
0.428,0.433,0.426,0.432,0.434,-2.082,-2.083,-2.081,-2.083,-2.084,-66.118,3636.000
0.427,0.434,0.430,0.431,0.433,-2.082,-2.083,-2.082,-2.081,-2.082,-66.118,3646.000
0.425,0.432,0.433,0.426,0.438,-2.083,-2.081,-2.081,-2.082,-2.083,-66.118,3656.000
0.433,0.429,0.427,0.431,0.430,-2.082,-2.083,-2.081,-2.080,-2.081,-63.721,3666.000
0.430,0.432,0.427,0.427,0.435,-2.081,-2.081,-2.081,-2.081,-2.081,-63.721,3676.000
0.433,0.426,0.428,0.428,0.431,-2.082,-2.082,-2.082,-2.085,-2.082,-63.721,3686.000
0.436,0.429,0.435,0.434,0.433,-2.080,-2.080,-2.083,-2.080,-2.083,-63.721,3696.000
0.427,0.436,0.427,0.435,0.431,-2.082,-2.080,-2.082,-2.082,-2.081,-64.121,3706.000
0.435,0.435,0.432,0.432,0.429,-2.082,-2.081,-2.084,-2.081,-2.080,-64.121,3716.000
0.433,0.434,0.429,0.431,0.433,-2.081,-2.080,-2.084,-2.081,-2.081,-64.121,3726.000
0.435,0.432,0.431,0.431,0.433,-2.081,-2.082,-2.081,-2.082,-2.082,-64.121,3736.000
0.427,0.436,0.429,0.435,0.434,-2.085,-2.083,-2.082,-2.081,-2.082,-63.716,3746.000
0.430,0.431,0.436,0.432,0.429,-2.083,-2.082,-2.081,-2.083,-2.081,-63.716,3756.000
0.433,0.432,0.430,0.431,0.429,-2.082,-2.081,-2.082,-2.084,-2.079,-63.716,3766.000
0.431,0.434,0.429,0.431,0.436,-2.081,-2.081,-2.083,-2.081,-2.082,-63.716,3776.000
0.431,0.433,0.428,0.430,0.429,-2.080,-2.079,-2.082,-2.082,-2.081,-64.980,3786.000
0.428,0.429,0.436,0.427,0.436,-2.081,-2.083,-2.081,-2.081,-2.082,-64.980,3796.000
0.429,0.430,0.429,0.435,0.429,-2.081,-2.080,-2.080,-2.082,-2.082,-64.980,3806.000
0.429,0.431,0.429,0.429,0.430,-2.083,-2.080,-2.080,-2.080,-2.082,-64.980,3816.000
0.433,0.426,0.429,0.437,0.427,-2.082,-2.083,-2.080,-2.080,-2.080,-63.745,3826.000
0.436,0.429,0.424,0.429,0.435,-2.083,-2.082,-2.081,-2.080,-2.081,-63.745,3836.000
0.431,0.433,0.432,0.436,0.426,-2.080,-2.080,-2.080,-2.082,-2.081,-63.745,3846.000
0.432,0.435,0.431,0.429,0.435,-2.081,-2.081,-2.080,-2.082,-2.080,-63.745,3856.000
0.437,0.427,0.429,0.442,0.430,-2.081,-2.081,-2.081,-2.079,-2.079,-64.922,3866.000
0.431,0.434,0.431,0.437,0.435,-2.081,-2.081,-2.081,-2.080,-2.082,-64.922,3876.000
0.439,0.435,0.425,0.431,0.430,-2.082,-2.081,-2.082,-2.081,-2.082,-64.922,3886.000
0.433,0.429,0.435,0.432,0.431,-2.081,-2.081,-2.081,-2.082,-2.080,-64.922,3896.000
0.427,0.439,0.434,0.430,0.433,-2.081,-2.079,-2.081,-2.082,-2.079,-65.239,3906.000
0.426,0.429,0.435,0.433,0.440,-2.082,-2.079,-2.081,-2.081,-2.080,-65.239,3916.000
0.434,0.431,0.430,0.437,0.428,-2.082,-2.079,-2.079,-2.080,-2.080,-65.239,3926.000
0.429,0.433,0.427,0.435,0.432,-2.082,-2.079,-2.080,-2.079,-2.079,-65.239,3936.000
0.434,0.435,0.429,0.427,0.435,-2.079,-2.078,-2.078,-2.078,-2.080,-65.327,3946.000
0.429,0.428,0.436,0.431,0.424,-2.080,-2.081,-2.078,-2.080,-2.079,-65.327,3956.000
0.434,0.428,0.434,0.434,0.428,-2.081,-2.080,-2.079,-2.080,-2.082,-65.327,3966.000
0.433,0.432,0.431,0.431,0.432,-2.080,-2.079,-2.078,-2.079,-2.079,-65.327,3976.000
0.430,0.427,0.435,0.429,0.431,-2.081,-2.081,-2.080,-2.082,-2.081,-65.410,3986.000
0.429,0.438,0.425,0.436,0.432,-2.080,-2.080,-2.079,-2.079,-2.080,-65.410,3996.000
0.432,0.426,0.437,0.430,0.433,-2.080,-2.080,-2.081,-2.079,-2.078,-65.410,4006.000
