127
217
481
840
1149
1208
1511
1596
1868
1925
2186
2260
2533
2601
2830
2911
3258
3518
3582
3844
3901
4169
4235
4461
4545
4807
4858
5101
5158
5446
5514
5729
5791
6037
6094
6357
6416
6636
6698
6963
7022
7230
7282
7552
7612
7820
7886
