3.107,3.104,3.104,3.106,3.098,3.103,3.106,3.494,3.501,3.494,3.489,3.489,3.508,3.496,-61.141,-4014.000
3.103,3.109,3.113,3.113,3.104,3.112,3.113,3.498,3.495,3.505,3.505,3.502,3.507,3.503,-61.053,-4013.000
3.119,3.118,3.121,3.111,3.116,3.113,3.121,3.505,3.511,3.508,3.505,3.503,3.509,3.505,-61.004,-4012.000
3.118,3.122,3.125,3.124,3.124,3.124,3.117,3.518,3.512,3.512,3.509,3.513,3.514,3.511,-60.796,-4011.000
3.127,3.119,3.122,3.126,3.128,3.129,3.124,3.523,3.516,3.527,3.516,3.524,3.523,3.523,-60.739,-4010.000
3.135,3.127,3.135,3.137,3.134,3.135,3.134,3.531,3.529,3.530,3.531,3.540,3.530,3.531,-60.824,-4009.000
3.142,3.140,3.142,3.136,3.141,3.140,3.144,3.535,3.532,3.535,3.539,3.537,3.538,3.536,-60.707,-4008.000
3.150,3.144,3.147,3.148,3.151,3.148,3.150,3.549,3.546,3.543,3.545,3.549,3.552,3.551,-60.554,-4007.000
3.165,3.155,3.156,3.158,3.159,3.159,3.159,3.557,3.556,3.558,3.560,3.555,3.554,3.553,-60.620,-4006.000
3.172,3.172,3.167,3.168,3.172,3.169,3.173,3.568,3.571,3.569,3.570,3.568,3.572,3.571,-60.561,-4005.000
3.196,3.198,3.189,3.193,3.198,3.193,3.190,3.593,3.593,3.597,3.596,3.603,3.593,3.594,-60.541,-4004.000
3.242,3.241,3.240,3.249,3.245,3.244,3.242,3.645,3.648,3.651,3.652,3.652,3.645,3.646,-60.156,-4003.000
3.279,3.278,3.277,3.274,3.280,3.285,3.273,3.676,3.683,3.692,3.684,3.687,3.691,3.686,-60.180,-4002.000
3.294,3.295,3.293,3.294,3.293,3.297,3.294,3.704,3.704,3.704,3.702,3.704,3.705,3.706,-60.347,-4001.000
3.305,3.303,3.305,3.303,3.311,3.312,3.309,3.723,3.726,3.724,3.726,3.725,3.722,3.710,-60.227,-4000.000
3.318,3.317,3.317,3.316,3.318,3.318,3.315,3.723,3.724,3.729,3.725,3.727,3.728,3.725,-60.155,-3999.000
3.321,3.316,3.318,3.319,3.320,3.313,3.314,3.725,3.724,3.727,3.731,3.728,3.731,3.731,-60.204,-3998.000
3.318,3.319,3.316,3.315,3.318,3.311,3.314,3.730,3.729,3.734,3.729,3.731,3.730,3.727,-60.235,-3997.000
3.321,3.316,3.316,3.318,3.325,3.317,3.315,3.727,3.729,3.728,3.724,3.731,3.726,3.727,-60.110,-3996.000
3.118,3.125,3.115,3.126,3.125,3.125,3.121,3.466,3.467,3.462,3.467,3.464,3.468,3.468,-60.015,-3995.000
3.114,3.111,3.119,3.125,3.110,3.115,3.115,3.459,3.462,3.468,3.466,3.461,3.466,3.468,-60.230,-3994.000
3.114,3.114,3.115,3.117,3.117,3.118,3.111,3.462,3.465,3.460,3.465,3.460,3.463,3.464,-60.318,-3993.000
3.112,3.111,3.120,3.114,3.114,3.115,3.116,3.464,3.461,3.467,3.456,3.453,3.457,3.462,-60.365,-3992.000
3.112,3.110,3.112,3.112,3.116,3.111,3.111,3.455,3.458,3.455,3.456,3.459,3.457,3.462,-60.412,-3991.000
3.106,3.109,3.111,3.115,3.113,3.106,3.106,3.457,3.455,3.457,3.458,3.460,3.459,3.458,-60.328,-3990.000
3.110,3.109,3.108,3.103,3.105,3.105,3.108,3.457,3.450,3.454,3.454,3.451,3.450,3.448,-60.362,-3989.000
3.107,3.108,3.108,3.105,3.102,3.098,3.105,3.456,3.454,3.454,3.451,3.454,3.455,3.453,-60.325,-3988.000
3.107,3.107,3.109,3.106,3.107,3.105,3.111,3.451,3.452,3.455,3.448,3.443,3.442,3.451,-60.488,-3987.000
3.098,3.097,3.102,3.102,3.104,3.102,3.107,3.444,3.448,3.449,3.448,3.448,3.446,3.452,-60.642,-3986.000
3.101,3.103,3.101,3.099,3.096,3.099,3.108,3.447,3.450,3.447,3.441,3.452,3.446,3.448,-60.741,-3985.000
3.097,3.099,3.098,3.102,3.099,3.104,3.098,3.441,3.435,3.444,3.445,3.444,3.447,3.441,-60.722,-3984.000
3.102,3.097,3.098,3.094,3.099,3.100,3.098,3.443,3.438,3.441,3.440,3.450,3.444,3.443,-60.640,-3983.000
3.100,3.100,3.102,3.088,3.104,3.099,3.105,3.441,3.443,3.446,3.442,3.445,3.439,3.440,-60.506,-3982.000
3.099,3.094,3.098,3.103,3.099,3.104,3.100,3.439,3.447,3.444,3.446,3.448,3.445,3.449,-60.628,-3981.000
3.104,3.100,3.098,3.101,3.100,3.105,3.101,3.449,3.451,3.450,3.450,3.446,3.449,3.450,-60.706,-3980.000
3.110,3.107,3.105,3.106,3.111,3.106,3.101,3.456,3.455,3.450,3.450,3.457,3.455,3.454,-60.657,-3979.000
3.106,3.109,3.105,3.106,3.109,3.106,3.110,3.458,3.456,3.460,3.455,3.455,3.459,3.457,-60.633,-3978.000
3.108,3.117,3.114,3.110,3.110,3.108,3.110,3.458,3.459,3.456,3.458,3.465,3.460,3.460,-60.678,-3977.000
3.108,3.108,3.108,3.109,3.113,3.113,3.111,3.464,3.460,3.465,3.457,3.463,3.468,3.466,-60.723,-3976.000
3.111,3.108,3.122,3.113,3.116,3.112,3.111,3.467,3.466,3.466,3.468,3.470,3.466,3.468,-60.764,-3975.000
3.115,3.122,3.115,3.120,3.115,3.118,3.120,3.471,3.473,3.465,3.472,3.478,3.475,3.468,-60.764,-3974.000
3.116,3.121,3.118,3.116,3.107,3.118,3.119,3.464,3.468,3.469,3.465,3.470,3.473,3.473,-60.895,-3973.000
3.123,3.119,3.116,3.118,3.117,3.119,3.114,3.473,3.469,3.476,3.474,3.474,3.479,3.475,-60.790,-3972.000
3.117,3.124,3.122,3.128,3.125,3.127,3.123,3.476,3.483,3.479,3.476,3.477,3.478,3.481,-60.645,-3971.000
3.121,3.133,3.132,3.127,3.123,3.126,3.125,3.484,3.484,3.480,3.483,3.481,3.480,3.479,-60.590,-3970.000
3.130,3.125,3.126,3.138,3.140,3.135,3.131,3.491,3.487,3.484,3.488,3.484,3.493,3.480,-60.563,-3969.000
3.133,3.140,3.137,3.139,3.133,3.130,3.131,3.494,3.493,3.492,3.487,3.488,3.491,3.487,-60.587,-3968.000
3.132,3.136,3.136,3.140,3.134,3.140,3.130,3.493,3.489,3.492,3.490,3.485,3.495,3.495,-60.561,-3967.000
3.135,3.138,3.136,3.144,3.142,3.141,3.136,3.499,3.499,3.500,3.496,3.496,3.495,3.497,-60.482,-3966.000
3.143,3.139,3.140,3.135,3.129,3.140,3.140,3.495,3.497,3.492,3.497,3.501,3.494,3.492,-60.457,-3965.000
3.148,3.140,3.144,3.141,3.145,3.141,3.144,3.499,3.496,3.501,3.492,3.498,3.495,3.498,-60.457,-3964.000
3.149,3.142,3.139,3.141,3.143,3.151,3.143,3.503,3.502,3.501,3.501,3.501,3.503,3.502,-60.601,-3963.000
3.148,3.145,3.144,3.147,3.143,3.146,3.146,3.500,3.502,3.509,3.500,3.499,3.499,3.499,-60.647,-3962.000
3.154,3.151,3.147,3.147,3.149,3.145,3.148,3.503,3.506,3.507,3.511,3.507,3.507,3.506,-60.732,-3961.000
3.147,3.147,3.145,3.153,3.145,3.154,3.150,3.505,3.505,3.508,3.510,3.505,3.509,3.509,-60.802,-3960.000
3.148,3.144,3.150,3.151,3.147,3.151,3.154,3.502,3.509,3.509,3.510,3.511,3.512,3.506,-60.679,-3959.000
3.153,3.147,3.151,3.149,3.146,3.145,3.151,3.505,3.507,3.509,3.507,3.509,3.513,3.509,-60.740,-3958.000
3.158,3.150,3.147,3.144,3.147,3.149,3.149,3.511,3.508,3.509,3.512,3.509,3.512,3.514,-60.669,-3957.000
3.155,3.151,3.150,3.157,3.154,3.152,3.154,3.516,3.514,3.508,3.512,3.510,3.518,3.514,-60.910,-3956.000
3.147,3.152,3.156,3.150,3.153,3.153,3.155,3.513,3.509,3.514,3.512,3.518,3.516,3.517,-60.930,-3955.000
3.149,3.154,3.154,3.153,3.150,3.158,3.161,3.525,3.515,3.518,3.516,3.517,3.517,3.511,-60.823,-3954.000
3.155,3.156,3.153,3.156,3.155,3.153,3.153,3.525,3.524,3.520,3.520,3.530,3.517,3.514,-60.787,-3953.000
3.157,3.164,3.159,3.154,3.157,3.154,3.161,3.513,3.520,3.522,3.520,3.524,3.521,3.527,-60.733,-3952.000
3.157,3.153,3.161,3.156,3.164,3.153,3.159,3.522,3.521,3.515,3.522,3.524,3.519,3.523,-60.879,-3951.000
3.155,3.158,3.156,3.157,3.157,3.158,3.165,3.530,3.527,3.524,3.523,3.520,3.523,3.518,-60.879,-3950.000
3.159,3.153,3.159,3.157,3.161,3.153,3.162,3.523,3.527,3.525,3.520,3.525,3.520,3.518,-60.945,-3949.000
3.164,3.157,3.160,3.159,3.168,3.160,3.161,3.527,3.529,3.526,3.524,3.528,3.525,3.526,-61.105,-3948.000
3.162,3.163,3.165,3.162,3.160,3.161,3.161,3.537,3.537,3.522,3.529,3.535,3.527,3.528,-61.105,-3947.000
3.161,3.167,3.166,3.165,3.160,3.166,3.164,3.533,3.536,3.533,3.536,3.534,3.530,3.530,-61.000,-3946.000
3.164,3.170,3.166,3.168,3.164,3.171,3.162,3.531,3.533,3.532,3.527,3.534,3.533,3.533,-60.948,-3945.000
3.165,3.172,3.171,3.170,3.165,3.168,3.163,3.537,3.525,3.531,3.536,3.535,3.538,3.532,-60.778,-3944.000
3.171,3.164,3.170,3.180,3.173,3.168,3.172,3.535,3.540,3.537,3.541,3.537,3.533,3.532,-60.743,-3943.000
3.171,3.171,3.168,3.170,3.170,3.172,3.165,3.534,3.540,3.540,3.530,3.536,3.532,3.535,-60.728,-3942.000
3.172,3.172,3.170,3.173,3.166,3.171,3.169,3.542,3.540,3.537,3.539,3.539,3.538,3.535,-60.698,-3941.000
3.169,3.171,3.174,3.179,3.176,3.175,3.172,3.537,3.543,3.544,3.540,3.543,3.542,3.547,-60.803,-3940.000
3.174,3.177,3.171,3.171,3.176,3.181,3.174,3.546,3.538,3.541,3.541,3.537,3.546,3.544,-60.683,-3939.000
3.178,3.175,3.177,3.180,3.176,3.178,3.177,3.544,3.546,3.544,3.547,3.544,3.545,3.551,-60.595,-3938.000
3.180,3.185,3.179,3.178,3.181,3.178,3.181,3.549,3.549,3.552,3.543,3.548,3.551,3.547,-60.657,-3937.000
3.173,3.185,3.179,3.175,3.182,3.177,3.181,3.550,3.550,3.548,3.551,3.549,3.552,3.556,-60.587,-3936.000
3.179,3.178,3.179,3.179,3.188,3.182,3.182,3.547,3.554,3.554,3.553,3.552,3.549,3.548,-60.539,-3935.000
3.181,3.189,3.186,3.182,3.188,3.182,3.183,3.549,3.560,3.552,3.558,3.552,3.545,3.543,-60.634,-3934.000
3.186,3.180,3.186,3.182,3.184,3.187,3.181,3.553,3.554,3.555,3.552,3.550,3.553,3.553,-60.616,-3933.000
3.186,3.185,3.184,3.186,3.185,3.180,3.183,3.552,3.554,3.559,3.555,3.554,3.555,3.557,-60.616,-3932.000
3.182,3.189,3.187,3.186,3.193,3.183,3.183,3.557,3.553,3.556,3.555,3.555,3.552,3.558,-60.443,-3931.000
3.185,3.181,3.189,3.190,3.192,3.188,3.185,3.561,3.560,3.561,3.552,3.555,3.557,3.556,-60.495,-3930.000
3.188,3.190,3.185,3.191,3.180,3.187,3.189,3.556,3.558,3.558,3.556,3.551,3.555,3.566,-60.495,-3929.000
3.187,3.188,3.187,3.194,3.185,3.187,3.189,3.562,3.559,3.558,3.560,3.556,3.558,3.558,-60.436,-3928.000
3.192,3.193,3.195,3.195,3.191,3.190,3.191,3.564,3.562,3.558,3.560,3.563,3.562,3.560,-60.390,-3927.000
3.193,3.192,3.191,3.190,3.184,3.188,3.192,3.557,3.561,3.560,3.564,3.571,3.567,3.567,-60.438,-3926.000
3.192,3.192,3.197,3.194,3.195,3.193,3.199,3.568,3.565,3.562,3.568,3.564,3.562,3.559,-60.567,-3925.000
3.195,3.196,3.197,3.199,3.196,3.197,3.198,3.565,3.566,3.562,3.566,3.564,3.563,3.562,-60.573,-3924.000
3.195,3.197,3.193,3.198,3.195,3.199,3.197,3.571,3.566,3.573,3.570,3.577,3.566,3.562,-60.669,-3923.000
3.198,3.197,3.201,3.194,3.197,3.198,3.202,3.568,3.574,3.572,3.567,3.567,3.571,3.572,-60.669,-3922.000
3.201,3.202,3.201,3.201,3.202,3.196,3.194,3.566,3.572,3.576,3.568,3.572,3.573,3.574,-60.646,-3921.000
3.203,3.199,3.199,3.201,3.199,3.205,3.199,3.572,3.572,3.571,3.563,3.565,3.571,3.565,-60.510,-3920.000
3.196,3.201,3.206,3.204,3.203,3.203,3.204,3.573,3.567,3.569,3.566,3.569,3.570,3.576,-60.510,-3919.000
3.195,3.198,3.205,3.200,3.204,3.204,3.201,3.574,3.577,3.576,3.574,3.569,3.580,3.575,-60.361,-3918.000
3.207,3.205,3.205,3.201,3.205,3.204,3.203,3.578,3.579,3.571,3.573,3.575,3.569,3.573,-60.607,-3917.000
3.209,3.207,3.206,3.200,3.200,3.202,3.200,3.574,3.573,3.572,3.568,3.579,3.569,3.577,-60.690,-3916.000
3.204,3.203,3.203,3.205,3.205,3.209,3.210,3.574,3.571,3.571,3.578,3.578,3.577,3.575,-60.705,-3915.000
3.204,3.203,3.205,3.208,3.210,3.204,3.205,3.574,3.574,3.578,3.579,3.576,3.578,3.574,-60.714,-3914.000
3.202,3.206,3.201,3.208,3.207,3.207,3.209,3.578,3.576,3.576,3.578,3.575,3.571,3.574,-60.818,-3913.000
3.205,3.208,3.208,3.213,3.205,3.206,3.211,3.582,3.581,3.572,3.580,3.575,3.581,3.583,-60.677,-3912.000
3.211,3.205,3.209,3.209,3.206,3.211,3.206,3.576,3.578,3.574,3.582,3.579,3.580,3.582,-60.665,-3911.000
3.213,3.210,3.211,3.212,3.214,3.208,3.212,3.575,3.577,3.583,3.580,3.576,3.586,3.589,-60.740,-3910.000
3.211,3.212,3.213,3.210,3.214,3.214,3.217,3.577,3.587,3.580,3.581,3.577,3.585,3.582,-60.558,-3909.000
3.210,3.208,3.212,3.215,3.213,3.216,3.215,3.584,3.582,3.586,3.586,3.583,3.584,3.583,-60.558,-3908.000
3.211,3.214,3.212,3.211,3.211,3.212,3.210,3.588,3.579,3.586,3.586,3.584,3.582,3.588,-60.563,-3907.000
3.214,3.215,3.215,3.212,3.214,3.212,3.217,3.587,3.581,3.584,3.588,3.581,3.588,3.587,-60.505,-3906.000
3.211,3.213,3.211,3.216,3.210,3.212,3.222,3.583,3.588,3.586,3.589,3.587,3.589,3.590,-60.536,-3905.000
3.219,3.213,3.218,3.215,3.214,3.218,3.213,3.594,3.585,3.592,3.590,3.587,3.592,3.585,-60.666,-3904.000
3.219,3.220,3.215,3.216,3.219,3.219,3.217,3.596,3.589,3.586,3.591,3.588,3.596,3.592,-60.473,-3903.000
3.221,3.215,3.216,3.218,3.214,3.226,3.220,3.591,3.592,3.592,3.595,3.590,3.589,3.589,-60.423,-3902.000
3.222,3.217,3.220,3.224,3.215,3.221,3.223,3.594,3.598,3.597,3.600,3.588,3.591,3.602,-60.423,-3901.000
3.218,3.221,3.222,3.224,3.217,3.221,3.221,3.593,3.595,3.592,3.594,3.596,3.598,3.595,-60.510,-3900.000
3.224,3.218,3.221,3.218,3.215,3.215,3.222,3.592,3.593,3.593,3.595,3.592,3.595,3.594,-60.593,-3899.000
3.219,3.224,3.220,3.223,3.226,3.215,3.224,3.594,3.596,3.593,3.595,3.600,3.591,3.590,-60.477,-3898.000
3.217,3.224,3.213,3.216,3.213,3.221,3.217,3.596,3.596,3.598,3.593,3.594,3.595,3.595,-60.485,-3897.000
3.221,3.218,3.222,3.221,3.222,3.219,3.224,3.599,3.592,3.593,3.605,3.595,3.593,3.597,-60.503,-3896.000
3.223,3.222,3.225,3.228,3.218,3.229,3.219,3.594,3.592,3.603,3.595,3.601,3.595,3.603,-60.637,-3895.000
3.222,3.226,3.218,3.225,3.222,3.216,3.218,3.593,3.599,3.595,3.593,3.596,3.601,3.595,-60.681,-3894.000
3.225,3.220,3.220,3.218,3.226,3.226,3.219,3.599,3.594,3.592,3.601,3.596,3.599,3.594,-60.464,-3893.000
3.226,3.223,3.228,3.223,3.225,3.233,3.225,3.600,3.599,3.597,3.597,3.602,3.602,3.598,-60.640,-3892.000
3.223,3.214,3.228,3.228,3.221,3.221,3.222,3.600,3.600,3.602,3.599,3.597,3.595,3.600,-60.655,-3891.000
3.219,3.226,3.227,3.224,3.224,3.228,3.226,3.599,3.596,3.599,3.602,3.605,3.597,3.596,-60.653,-3890.000
3.223,3.226,3.228,3.223,3.228,3.227,3.229,3.601,3.599,3.596,3.605,3.601,3.603,3.598,-60.660,-3889.000
3.225,3.223,3.230,3.226,3.230,3.226,3.222,3.603,3.602,3.603,3.598,3.602,3.598,3.594,-60.625,-3888.000
3.230,3.226,3.230,3.228,3.229,3.226,3.222,3.603,3.607,3.600,3.601,3.601,3.606,3.601,-60.598,-3887.000
3.226,3.229,3.227,3.224,3.226,3.222,3.227,3.604,3.607,3.603,3.599,3.604,3.605,3.602,-60.707,-3886.000
3.222,3.223,3.228,3.227,3.220,3.227,3.226,3.599,3.599,3.607,3.599,3.601,3.607,3.609,-60.681,-3885.000
3.226,3.228,3.233,3.234,3.230,3.222,3.232,3.606,3.604,3.602,3.605,3.606,3.609,3.607,-60.688,-3884.000
3.225,3.224,3.231,3.224,3.222,3.233,3.228,3.607,3.601,3.602,3.612,3.601,3.602,3.600,-60.688,-3883.000
3.234,3.230,3.231,3.228,3.227,3.228,3.228,3.604,3.603,3.610,3.608,3.606,3.604,3.602,-60.531,-3882.000
3.228,3.226,3.230,3.225,3.228,3.229,3.226,3.606,3.602,3.600,3.605,3.602,3.609,3.603,-60.692,-3881.000
3.225,3.230,3.221,3.229,3.232,3.225,3.224,3.608,3.609,3.607,3.605,3.607,3.604,3.604,-60.676,-3880.000
3.232,3.231,3.230,3.226,3.230,3.231,3.230,3.609,3.609,3.608,3.608,3.609,3.609,3.602,-60.753,-3879.000
3.229,3.231,3.225,3.231,3.229,3.226,3.232,3.611,3.607,3.603,3.607,3.608,3.614,3.609,-60.751,-3878.000
3.229,3.228,3.235,3.225,3.227,3.230,3.227,3.603,3.604,3.609,3.609,3.609,3.612,3.606,-60.618,-3877.000
3.230,3.225,3.225,3.228,3.230,3.231,3.233,3.608,3.605,3.605,3.604,3.598,3.612,3.602,-60.508,-3876.000
3.224,3.229,3.227,3.230,3.226,3.228,3.228,3.610,3.613,3.613,3.618,3.611,3.613,3.610,-60.394,-3875.000
3.235,3.234,3.229,3.229,3.232,3.234,3.235,3.611,3.607,3.609,3.608,3.611,3.609,3.612,-60.422,-3874.000
3.223,3.230,3.227,3.238,3.233,3.237,3.233,3.608,3.607,3.606,3.605,3.611,3.611,3.614,-60.513,-3873.000
3.226,3.226,3.233,3.231,3.228,3.229,3.233,3.609,3.616,3.604,3.605,3.611,3.609,3.610,-60.595,-3872.000
3.228,3.231,3.230,3.228,3.224,3.228,3.225,3.609,3.609,3.613,3.612,3.616,3.611,3.613,-60.595,-3871.000
3.229,3.230,3.230,3.229,3.224,3.229,3.228,3.610,3.613,3.610,3.607,3.607,3.603,3.610,-60.443,-3870.000
3.228,3.236,3.227,3.231,3.231,3.236,3.233,3.606,3.607,3.605,3.610,3.609,3.611,3.607,-60.504,-3869.000
3.229,3.230,3.226,3.233,3.233,3.231,3.229,3.608,3.611,3.607,3.610,3.610,3.613,3.614,-60.504,-3868.000
3.230,3.223,3.235,3.228,3.232,3.234,3.237,3.618,3.615,3.613,3.610,3.614,3.611,3.612,-60.485,-3867.000
3.230,3.234,3.229,3.235,3.227,3.231,3.234,3.615,3.615,3.611,3.611,3.610,3.607,3.617,-60.454,-3866.000
3.235,3.238,3.231,3.233,3.233,3.235,3.229,3.618,3.613,3.616,3.611,3.607,3.612,3.614,-60.557,-3865.000
3.232,3.237,3.236,3.239,3.237,3.232,3.238,3.613,3.612,3.616,3.608,3.616,3.615,3.617,-60.544,-3864.000
3.239,3.239,3.238,3.234,3.232,3.233,3.234,3.613,3.612,3.611,3.614,3.617,3.611,3.617,-60.515,-3863.000
3.239,3.234,3.234,3.236,3.231,3.233,3.237,3.612,3.620,3.614,3.609,3.613,3.613,3.618,-60.754,-3862.000
3.229,3.233,3.234,3.232,3.236,3.233,3.232,3.615,3.614,3.614,3.616,3.618,3.617,3.616,-60.754,-3861.000
3.234,3.238,3.239,3.240,3.234,3.236,3.236,3.619,3.615,3.614,3.614,3.607,3.616,3.613,-60.746,-3860.000
3.230,3.237,3.235,3.238,3.232,3.242,3.232,3.610,3.612,3.615,3.609,3.612,3.616,3.616,-60.882,-3859.000
3.234,3.240,3.233,3.235,3.231,3.240,3.234,3.613,3.618,3.620,3.616,3.615,3.616,3.617,-60.853,-3858.000
3.241,3.240,3.232,3.238,3.233,3.237,3.234,3.616,3.617,3.618,3.614,3.614,3.618,3.620,-60.853,-3857.000
3.239,3.239,3.231,3.235,3.229,3.238,3.241,3.617,3.614,3.616,3.616,3.620,3.621,3.623,-60.717,-3856.000
3.236,3.239,3.230,3.234,3.236,3.234,3.233,3.621,3.616,3.616,3.619,3.611,3.615,3.619,-60.661,-3855.000
3.232,3.226,3.235,3.237,3.242,3.238,3.236,3.615,3.621,3.620,3.615,3.614,3.617,3.615,-60.661,-3854.000
3.235,3.237,3.243,3.237,3.239,3.231,3.235,3.608,3.618,3.618,3.621,3.619,3.620,3.619,-60.562,-3853.000
3.232,3.232,3.238,3.241,3.239,3.237,3.239,3.626,3.621,3.621,3.625,3.615,3.616,3.617,-60.638,-3852.000
3.234,3.238,3.231,3.242,3.233,3.242,3.237,3.620,3.615,3.614,3.611,3.619,3.616,3.614,-60.593,-3851.000
3.239,3.243,3.235,3.240,3.236,3.237,3.240,3.616,3.618,3.619,3.619,3.623,3.622,3.613,-60.543,-3850.000
3.237,3.238,3.237,3.240,3.232,3.238,3.235,3.614,3.624,3.620,3.612,3.619,3.620,3.621,-60.551,-3849.000
3.233,3.234,3.237,3.234,3.239,3.238,3.232,3.616,3.617,3.621,3.616,3.618,3.624,3.620,-60.596,-3848.000
3.241,3.240,3.240,3.236,3.240,3.239,3.240,3.620,3.618,3.614,3.617,3.617,3.614,3.627,-60.596,-3847.000
3.244,3.242,3.244,3.237,3.242,3.242,3.242,3.616,3.618,3.620,3.621,3.618,3.612,3.623,-60.526,-3846.000
3.244,3.240,3.244,3.245,3.236,3.241,3.236,3.613,3.619,3.613,3.619,3.616,3.614,3.624,-60.496,-3845.000
3.238,3.237,3.242,3.238,3.242,3.235,3.241,3.621,3.620,3.619,3.614,3.622,3.616,3.627,-60.496,-3844.000
3.240,3.237,3.241,3.244,3.240,3.238,3.236,3.618,3.625,3.620,3.621,3.621,3.626,3.622,-60.609,-3843.000
3.245,3.239,3.239,3.246,3.235,3.246,3.236,3.624,3.622,3.626,3.622,3.623,3.615,3.617,-60.630,-3842.000
3.241,3.239,3.248,3.242,3.243,3.239,3.242,3.624,3.621,3.625,3.622,3.625,3.629,3.622,-60.655,-3841.000
3.234,3.238,3.238,3.240,3.242,3.236,3.242,3.622,3.622,3.623,3.620,3.622,3.622,3.620,-60.549,-3840.000
3.236,3.242,3.240,3.244,3.234,3.241,3.238,3.621,3.626,3.618,3.622,3.623,3.618,3.622,-60.689,-3839.000
3.238,3.237,3.241,3.240,3.235,3.243,3.236,3.627,3.619,3.627,3.622,3.620,3.612,3.619,-60.594,-3838.000
3.245,3.241,3.242,3.237,3.237,3.237,3.242,3.622,3.614,3.617,3.614,3.621,3.623,3.621,-60.525,-3837.000
3.244,3.242,3.242,3.241,3.242,3.243,3.247,3.617,3.619,3.615,3.625,3.622,3.618,3.622,-60.776,-3836.000
3.240,3.244,3.244,3.237,3.239,3.240,3.239,3.620,3.619,3.623,3.623,3.627,3.629,3.622,-60.888,-3835.000
3.245,3.240,3.243,3.238,3.243,3.236,3.242,3.627,3.623,3.624,3.624,3.622,3.618,3.628,-60.900,-3834.000
3.242,3.245,3.244,3.244,3.242,3.236,3.245,3.616,3.623,3.624,3.618,3.620,3.625,3.620,-60.809,-3833.000
3.243,3.239,3.242,3.244,3.240,3.243,3.236,3.627,3.632,3.624,3.619,3.624,3.626,3.628,-60.716,-3832.000
3.240,3.241,3.242,3.242,3.240,3.238,3.243,3.618,3.622,3.622,3.624,3.621,3.622,3.618,-60.685,-3831.000
3.243,3.244,3.238,3.244,3.240,3.241,3.235,3.626,3.625,3.625,3.626,3.625,3.623,3.617,-60.678,-3830.000
3.237,3.241,3.243,3.237,3.246,3.245,3.246,3.631,3.627,3.632,3.630,3.630,3.625,3.627,-60.570,-3829.000
3.242,3.237,3.244,3.245,3.245,3.247,3.241,3.625,3.626,3.623,3.621,3.630,3.628,3.624,-60.451,-3828.000
3.248,3.239,3.250,3.246,3.249,3.249,3.249,3.628,3.624,3.628,3.630,3.629,3.626,3.633,-60.511,-3827.000
3.244,3.246,3.244,3.245,3.249,3.248,3.248,3.629,3.625,3.632,3.628,3.630,3.626,3.629,-60.475,-3826.000
3.243,3.245,3.242,3.246,3.246,3.247,3.247,3.629,3.634,3.631,3.632,3.639,3.628,3.631,-60.425,-3825.000
3.246,3.252,3.248,3.252,3.251,3.246,3.248,3.629,3.631,3.634,3.632,3.627,3.632,3.632,-60.445,-3824.000
3.249,3.255,3.246,3.250,3.246,3.244,3.245,3.630,3.633,3.627,3.631,3.631,3.631,3.631,-60.441,-3823.000
3.252,3.253,3.252,3.251,3.248,3.247,3.247,3.631,3.630,3.633,3.632,3.633,3.629,3.634,-60.425,-3822.000
3.250,3.249,3.248,3.257,3.253,3.249,3.249,3.631,3.633,3.636,3.628,3.631,3.633,3.631,-60.392,-3821.000
3.253,3.250,3.251,3.249,3.249,3.250,3.253,3.635,3.634,3.632,3.629,3.628,3.628,3.628,-60.392,-3820.000
3.246,3.252,3.251,3.248,3.246,3.248,3.256,3.639,3.633,3.629,3.629,3.626,3.638,3.624,-60.382,-3819.000
3.248,3.248,3.243,3.250,3.249,3.252,3.248,3.627,3.627,3.631,3.625,3.637,3.633,3.630,-60.302,-3818.000
3.254,3.253,3.249,3.252,3.250,3.249,3.252,3.630,3.634,3.635,3.631,3.629,3.633,3.630,-60.397,-3817.000
3.246,3.251,3.255,3.256,3.250,3.253,3.250,3.631,3.633,3.637,3.631,3.632,3.631,3.631,-60.355,-3816.000
3.255,3.254,3.253,3.247,3.251,3.244,3.254,3.635,3.638,3.641,3.632,3.627,3.631,3.635,-60.400,-3815.000
3.250,3.248,3.253,3.249,3.256,3.253,3.248,3.628,3.636,3.634,3.629,3.630,3.627,3.631,-60.465,-3814.000
3.256,3.253,3.253,3.248,3.248,3.249,3.251,3.630,3.628,3.635,3.637,3.632,3.633,3.635,-60.465,-3813.000
3.254,3.249,3.251,3.247,3.248,3.252,3.255,3.632,3.625,3.630,3.634,3.636,3.635,3.636,-60.740,-3812.000
3.251,3.254,3.255,3.254,3.249,3.252,3.251,3.630,3.638,3.631,3.633,3.630,3.630,3.630,-60.780,-3811.000
3.253,3.253,3.250,3.256,3.251,3.247,3.248,3.632,3.634,3.630,3.637,3.641,3.635,3.632,-60.780,-3810.000
3.252,3.258,3.251,3.253,3.250,3.255,3.255,3.633,3.630,3.632,3.632,3.632,3.639,3.634,-60.672,-3809.000
3.250,3.251,3.252,3.252,3.258,3.248,3.251,3.637,3.634,3.630,3.634,3.631,3.631,3.630,-60.551,-3808.000
3.252,3.249,3.255,3.250,3.251,3.250,3.251,3.631,3.631,3.632,3.634,3.635,3.633,3.635,-60.551,-3807.000
3.251,3.246,3.254,3.254,3.255,3.253,3.247,3.627,3.634,3.625,3.634,3.640,3.634,3.632,-60.516,-3806.000
3.251,3.245,3.258,3.253,3.258,3.250,3.251,3.630,3.633,3.635,3.634,3.640,3.632,3.635,-60.376,-3805.000
3.253,3.252,3.254,3.255,3.252,3.254,3.253,3.632,3.629,3.632,3.632,3.632,3.632,3.634,-60.423,-3804.000
3.246,3.249,3.256,3.248,3.253,3.249,3.255,3.635,3.629,3.634,3.632,3.637,3.631,3.634,-60.423,-3803.000
3.245,3.253,3.254,3.247,3.252,3.252,3.252,3.637,3.634,3.634,3.633,3.633,3.639,3.628,-60.372,-3802.000
3.247,3.243,3.256,3.258,3.252,3.252,3.255,3.629,3.629,3.635,3.625,3.635,3.632,3.632,-60.363,-3801.000
3.257,3.254,3.259,3.251,3.252,3.250,3.248,3.632,3.636,3.637,3.637,3.636,3.632,3.630,-60.587,-3800.000
3.258,3.251,3.249,3.253,3.250,3.252,3.250,3.629,3.626,3.632,3.631,3.639,3.633,3.632,-60.739,-3799.000
3.256,3.252,3.255,3.251,3.256,3.250,3.252,3.635,3.632,3.630,3.635,3.629,3.640,3.632,-60.850,-3798.000
3.254,3.247,3.257,3.256,3.259,3.256,3.253,3.639,3.642,3.633,3.639,3.638,3.643,3.641,-60.866,-3797.000
3.248,3.255,3.256,3.253,3.258,3.254,3.252,3.639,3.632,3.635,3.634,3.635,3.638,3.635,-60.715,-3796.000
3.256,3.259,3.262,3.258,3.260,3.259,3.253,3.633,3.636,3.635,3.634,3.639,3.642,3.635,-60.640,-3795.000
3.260,3.259,3.261,3.257,3.252,3.260,3.254,3.639,3.633,3.636,3.638,3.636,3.638,3.641,-60.502,-3794.000
3.253,3.250,3.257,3.259,3.256,3.259,3.260,3.633,3.637,3.636,3.634,3.639,3.635,3.640,-60.449,-3793.000
3.258,3.257,3.263,3.257,3.257,3.260,3.253,3.636,3.634,3.630,3.632,3.632,3.638,3.636,-60.514,-3792.000
3.261,3.254,3.259,3.257,3.258,3.256,3.262,3.637,3.630,3.637,3.636,3.633,3.640,3.641,-60.495,-3791.000
3.257,3.258,3.257,3.255,3.256,3.256,3.252,3.638,3.638,3.638,3.637,3.636,3.638,3.634,-60.589,-3790.000
3.254,3.257,3.259,3.254,3.258,3.254,3.255,3.636,3.630,3.634,3.638,3.637,3.635,3.635,-60.509,-3789.000
3.257,3.257,3.257,3.258,3.262,3.256,3.252,3.635,3.641,3.642,3.643,3.639,3.638,3.633,-60.610,-3788.000
3.256,3.263,3.256,3.257,3.259,3.260,3.260,3.637,3.633,3.636,3.641,3.631,3.638,3.636,-60.552,-3787.000
3.257,3.255,3.258,3.256,3.262,3.262,3.258,3.630,3.636,3.636,3.637,3.633,3.636,3.640,-60.633,-3786.000
3.256,3.255,3.259,3.255,3.259,3.262,3.260,3.636,3.638,3.635,3.635,3.636,3.634,3.631,-60.671,-3785.000
3.262,3.259,3.257,3.257,3.262,3.259,3.259,3.643,3.643,3.641,3.642,3.639,3.632,3.632,-60.696,-3784.000
3.266,3.269,3.264,3.269,3.262,3.271,3.260,3.641,3.635,3.640,3.644,3.640,3.639,3.640,-60.688,-3783.000
3.262,3.260,3.258,3.260,3.265,3.259,3.261,3.642,3.644,3.645,3.643,3.643,3.632,3.642,-60.720,-3782.000
3.263,3.259,3.264,3.256,3.265,3.257,3.260,3.641,3.641,3.643,3.641,3.642,3.635,3.649,-60.643,-3781.000
3.264,3.261,3.265,3.265,3.263,3.267,3.257,3.641,3.645,3.642,3.645,3.644,3.641,3.645,-60.528,-3780.000
3.261,3.268,3.265,3.265,3.267,3.268,3.262,3.645,3.643,3.641,3.643,3.645,3.647,3.644,-60.294,-3779.000
3.261,3.271,3.266,3.271,3.269,3.266,3.266,3.641,3.643,3.647,3.649,3.646,3.646,3.649,-60.381,-3778.000
3.269,3.262,3.268,3.265,3.259,3.262,3.264,3.646,3.653,3.650,3.642,3.645,3.642,3.644,-60.372,-3777.000
3.266,3.269,3.265,3.267,3.271,3.266,3.265,3.652,3.645,3.637,3.645,3.646,3.649,3.654,-60.526,-3776.000
3.264,3.271,3.268,3.267,3.268,3.262,3.263,3.644,3.640,3.639,3.639,3.640,3.649,3.648,-60.374,-3775.000
3.265,3.268,3.264,3.267,3.265,3.267,3.268,3.641,3.647,3.646,3.650,3.648,3.646,3.658,-60.319,-3774.000
3.268,3.273,3.263,3.275,3.269,3.263,3.271,3.649,3.649,3.652,3.649,3.646,3.642,3.643,-60.482,-3773.000
3.266,3.262,3.265,3.268,3.266,3.266,3.268,3.643,3.647,3.647,3.649,3.644,3.650,3.654,-60.330,-3772.000
3.268,3.271,3.264,3.264,3.267,3.264,3.268,3.649,3.650,3.647,3.646,3.644,3.655,3.644,-60.538,-3771.000
3.267,3.274,3.271,3.269,3.268,3.265,3.264,3.649,3.651,3.652,3.646,3.646,3.648,3.644,-60.571,-3770.000
3.270,3.269,3.263,3.265,3.264,3.272,3.268,3.650,3.650,3.644,3.651,3.641,3.644,3.648,-60.603,-3769.000
3.270,3.271,3.269,3.270,3.267,3.269,3.274,3.646,3.641,3.649,3.653,3.650,3.646,3.649,-60.739,-3768.000
3.266,3.276,3.269,3.270,3.272,3.276,3.268,3.648,3.649,3.649,3.645,3.646,3.645,3.646,-60.881,-3767.000
3.273,3.266,3.277,3.268,3.272,3.278,3.271,3.649,3.650,3.653,3.659,3.653,3.652,3.651,-60.791,-3766.000
3.271,3.274,3.272,3.269,3.273,3.269,3.273,3.646,3.651,3.650,3.647,3.646,3.648,3.646,-60.909,-3765.000
3.269,3.267,3.270,3.270,3.266,3.271,3.269,3.645,3.651,3.644,3.652,3.650,3.654,3.648,-60.689,-3764.000
3.269,3.268,3.268,3.263,3.270,3.272,3.269,3.651,3.646,3.649,3.647,3.646,3.651,3.652,-60.708,-3763.000
3.261,3.268,3.268,3.269,3.272,3.263,3.270,3.650,3.644,3.650,3.654,3.653,3.651,3.651,-60.620,-3762.000
3.267,3.270,3.270,3.272,3.269,3.269,3.269,3.647,3.648,3.650,3.652,3.648,3.645,3.649,-60.518,-3761.000
3.270,3.262,3.273,3.267,3.275,3.271,3.275,3.656,3.646,3.649,3.650,3.649,3.651,3.646,-60.611,-3760.000
3.269,3.268,3.275,3.273,3.271,3.264,3.264,3.649,3.652,3.647,3.645,3.646,3.647,3.644,-60.942,-3759.000
3.267,3.267,3.267,3.269,3.265,3.274,3.274,3.641,3.638,3.644,3.650,3.645,3.646,3.645,-60.890,-3758.000
3.272,3.268,3.270,3.264,3.268,3.263,3.267,3.642,3.653,3.644,3.650,3.645,3.648,3.652,-61.002,-3757.000
3.264,3.271,3.266,3.267,3.265,3.264,3.268,3.642,3.646,3.644,3.647,3.656,3.644,3.644,-60.905,-3756.000
3.268,3.265,3.272,3.260,3.267,3.266,3.265,3.642,3.643,3.641,3.650,3.645,3.649,3.649,-60.944,-3755.000
3.268,3.272,3.267,3.265,3.268,3.265,3.258,3.646,3.646,3.656,3.645,3.643,3.656,3.653,-60.818,-3754.000
3.274,3.269,3.268,3.266,3.270,3.274,3.275,3.649,3.646,3.647,3.653,3.647,3.656,3.647,-60.806,-3753.000
3.267,3.268,3.269,3.275,3.270,3.267,3.271,3.650,3.641,3.647,3.649,3.646,3.648,3.651,-60.848,-3752.000
3.276,3.263,3.270,3.269,3.274,3.270,3.278,3.641,3.649,3.647,3.652,3.647,3.646,3.652,-60.848,-3751.000
3.269,3.271,3.272,3.267,3.273,3.276,3.269,3.651,3.647,3.651,3.652,3.651,3.654,3.655,-60.915,-3750.000
3.273,3.271,3.271,3.275,3.270,3.270,3.271,3.651,3.651,3.649,3.652,3.655,3.653,3.651,-60.919,-3749.000
3.270,3.273,3.273,3.271,3.270,3.273,3.277,3.651,3.652,3.650,3.650,3.655,3.655,3.650,-60.919,-3748.000
3.273,3.271,3.268,3.274,3.272,3.271,3.273,3.650,3.655,3.645,3.653,3.650,3.651,3.656,-60.818,-3747.000
3.271,3.281,3.269,3.277,3.271,3.275,3.271,3.651,3.649,3.652,3.653,3.656,3.654,3.653,-60.818,-3746.000
3.277,3.276,3.275,3.267,3.279,3.277,3.275,3.654,3.654,3.652,3.652,3.656,3.649,3.653,-60.784,-3745.000
3.277,3.271,3.276,3.282,3.270,3.269,3.276,3.660,3.653,3.656,3.654,3.651,3.653,3.644,-60.845,-3744.000
3.279,3.278,3.276,3.277,3.279,3.272,3.276,3.660,3.653,3.653,3.653,3.656,3.658,3.655,-60.646,-3743.000
3.278,3.275,3.271,3.273,3.270,3.276,3.274,3.657,3.655,3.648,3.650,3.665,3.657,3.661,-60.685,-3742.000
3.277,3.272,3.276,3.277,3.274,3.280,3.275,3.649,3.658,3.652,3.651,3.654,3.655,3.657,-60.691,-3741.000
3.272,3.278,3.275,3.271,3.274,3.276,3.273,3.653,3.661,3.656,3.654,3.656,3.655,3.657,-60.598,-3740.000
3.277,3.277,3.274,3.274,3.282,3.278,3.275,3.660,3.654,3.654,3.651,3.654,3.654,3.653,-60.447,-3739.000
3.278,3.279,3.278,3.276,3.277,3.275,3.282,3.656,3.659,3.655,3.656,3.653,3.650,3.652,-60.447,-3738.000
3.282,3.282,3.279,3.280,3.280,3.278,3.275,3.654,3.658,3.651,3.655,3.655,3.653,3.655,-60.430,-3737.000
3.274,3.283,3.277,3.276,3.278,3.276,3.275,3.661,3.659,3.656,3.661,3.657,3.656,3.652,-60.575,-3736.000
3.278,3.273,3.269,3.280,3.277,3.272,3.281,3.655,3.658,3.660,3.652,3.658,3.657,3.651,-60.609,-3735.000
3.275,3.280,3.282,3.274,3.279,3.276,3.281,3.652,3.656,3.658,3.657,3.661,3.653,3.658,-60.541,-3734.000
3.277,3.277,3.278,3.281,3.275,3.281,3.279,3.653,3.650,3.656,3.664,3.657,3.656,3.652,-60.524,-3733.000
3.276,3.276,3.279,3.276,3.279,3.278,3.283,3.655,3.654,3.652,3.657,3.656,3.661,3.660,-60.555,-3732.000
3.280,3.277,3.284,3.281,3.275,3.274,3.279,3.664,3.657,3.660,3.660,3.654,3.661,3.662,-60.556,-3731.000
3.279,3.278,3.285,3.278,3.282,3.281,3.280,3.663,3.653,3.657,3.657,3.655,3.656,3.658,-60.542,-3730.000
3.278,3.279,3.280,3.283,3.279,3.284,3.280,3.658,3.656,3.652,3.659,3.654,3.657,3.659,-60.588,-3729.000
3.282,3.281,3.282,3.279,3.279,3.283,3.279,3.660,3.656,3.663,3.662,3.660,3.661,3.655,-60.588,-3728.000
3.288,3.280,3.282,3.285,3.285,3.282,3.273,3.656,3.659,3.647,3.656,3.661,3.659,3.655,-60.666,-3727.000
3.278,3.280,3.280,3.283,3.278,3.279,3.281,3.657,3.661,3.663,3.661,3.661,3.659,3.661,-60.733,-3726.000
3.279,3.282,3.281,3.276,3.281,3.277,3.283,3.651,3.655,3.652,3.649,3.651,3.654,3.658,-60.606,-3725.000
3.280,3.283,3.280,3.276,3.277,3.275,3.278,3.657,3.655,3.655,3.660,3.656,3.655,3.653,-60.839,-3724.000
3.273,3.276,3.280,3.276,3.275,3.272,3.275,3.654,3.652,3.655,3.656,3.655,3.651,3.648,-60.891,-3723.000
3.272,3.283,3.272,3.277,3.273,3.280,3.268,3.653,3.647,3.649,3.646,3.646,3.655,3.659,-60.938,-3722.000
3.272,3.276,3.275,3.278,3.276,3.277,3.280,3.652,3.652,3.653,3.653,3.651,3.656,3.654,-60.908,-3721.000
3.276,3.277,3.283,3.273,3.273,3.281,3.274,3.655,3.654,3.655,3.654,3.657,3.654,3.653,-60.767,-3720.000
3.277,3.277,3.282,3.275,3.284,3.274,3.276,3.655,3.652,3.656,3.660,3.656,3.653,3.654,-60.620,-3719.000
3.278,3.276,3.277,3.280,3.279,3.278,3.281,3.657,3.660,3.656,3.657,3.654,3.658,3.655,-60.688,-3718.000
3.279,3.282,3.278,3.286,3.282,3.284,3.282,3.654,3.658,3.660,3.659,3.656,3.659,3.662,-60.633,-3717.000
3.285,3.281,3.283,3.279,3.282,3.287,3.287,3.665,3.658,3.662,3.663,3.659,3.659,3.667,-60.608,-3716.000
3.285,3.289,3.288,3.282,3.287,3.288,3.285,3.663,3.664,3.658,3.660,3.666,3.664,3.663,-60.571,-3715.000
3.290,3.288,3.286,3.283,3.289,3.283,3.284,3.668,3.667,3.660,3.672,3.664,3.664,3.667,-60.648,-3714.000
3.290,3.289,3.298,3.288,3.289,3.293,3.292,3.660,3.667,3.665,3.667,3.670,3.673,3.667,-60.421,-3713.000
3.286,3.291,3.290,3.288,3.289,3.285,3.288,3.667,3.665,3.674,3.675,3.668,3.666,3.672,-60.400,-3712.000
3.290,3.284,3.289,3.287,3.292,3.292,3.287,3.663,3.671,3.670,3.672,3.660,3.664,3.662,-60.302,-3711.000
3.293,3.294,3.292,3.288,3.292,3.287,3.295,3.660,3.669,3.672,3.669,3.673,3.674,3.670,-60.551,-3710.000
3.291,3.295,3.296,3.291,3.289,3.293,3.296,3.674,3.672,3.674,3.666,3.673,3.669,3.670,-60.639,-3709.000
3.296,3.291,3.297,3.292,3.290,3.297,3.291,3.677,3.665,3.669,3.671,3.667,3.670,3.671,-60.540,-3708.000
3.294,3.291,3.292,3.292,3.286,3.285,3.292,3.681,3.668,3.677,3.683,3.670,3.672,3.673,-60.457,-3707.000
3.298,3.286,3.293,3.293,3.285,3.296,3.292,3.670,3.669,3.676,3.676,3.669,3.669,3.672,-60.457,-3706.000
3.288,3.289,3.284,3.293,3.291,3.294,3.294,3.670,3.671,3.675,3.669,3.669,3.671,3.667,-60.375,-3705.000
3.294,3.292,3.294,3.294,3.303,3.294,3.296,3.667,3.672,3.672,3.674,3.668,3.668,3.672,-60.509,-3704.000
3.296,3.295,3.292,3.292,3.291,3.290,3.289,3.670,3.665,3.669,3.672,3.672,3.668,3.676,-60.514,-3703.000
3.303,3.294,3.293,3.289,3.291,3.293,3.295,3.675,3.670,3.677,3.670,3.673,3.683,3.670,-60.493,-3702.000
3.299,3.295,3.291,3.298,3.289,3.292,3.294,3.672,3.673,3.675,3.675,3.673,3.676,3.674,-60.333,-3701.000
3.287,3.296,3.297,3.289,3.294,3.297,3.295,3.675,3.673,3.668,3.676,3.675,3.680,3.672,-60.441,-3700.000
3.298,3.296,3.296,3.296,3.296,3.297,3.300,3.680,3.676,3.679,3.681,3.669,3.678,3.677,-60.428,-3699.000
3.301,3.292,3.301,3.292,3.296,3.295,3.310,3.675,3.681,3.674,3.683,3.680,3.670,3.675,-60.500,-3698.000
3.300,3.292,3.295,3.296,3.297,3.296,3.301,3.676,3.674,3.679,3.676,3.670,3.676,3.674,-60.653,-3697.000
3.298,3.300,3.299,3.296,3.299,3.301,3.301,3.677,3.679,3.674,3.679,3.683,3.677,3.675,-60.608,-3696.000
3.303,3.297,3.299,3.299,3.293,3.296,3.303,3.677,3.676,3.682,3.677,3.675,3.672,3.683,-60.697,-3695.000
3.294,3.298,3.301,3.300,3.303,3.302,3.300,3.680,3.682,3.680,3.677,3.679,3.676,3.682,-60.697,-3694.000
3.301,3.305,3.303,3.303,3.298,3.295,3.301,3.678,3.677,3.680,3.680,3.672,3.685,3.681,-60.489,-3693.000
3.303,3.297,3.298,3.298,3.306,3.298,3.298,3.677,3.673,3.682,3.683,3.678,3.681,3.682,-60.464,-3692.000
3.302,3.297,3.295,3.299,3.303,3.296,3.304,3.676,3.674,3.680,3.675,3.682,3.683,3.680,-60.625,-3691.000
3.297,3.303,3.307,3.306,3.301,3.304,3.300,3.685,3.681,3.688,3.680,3.681,3.682,3.683,-60.640,-3690.000
3.310,3.307,3.307,3.306,3.303,3.298,3.308,3.687,3.681,3.690,3.678,3.681,3.684,3.680,-60.535,-3689.000
3.303,3.302,3.304,3.306,3.305,3.310,3.307,3.681,3.685,3.685,3.691,3.684,3.686,3.686,-60.742,-3688.000
3.307,3.309,3.302,3.311,3.307,3.308,3.311,3.685,3.689,3.686,3.688,3.689,3.690,3.685,-60.842,-3687.000
3.316,3.308,3.319,3.309,3.313,3.314,3.312,3.690,3.693,3.695,3.698,3.690,3.690,3.694,-60.478,-3686.000
3.309,3.311,3.312,3.308,3.311,3.309,3.310,3.693,3.689,3.688,3.693,3.689,3.687,3.689,-60.753,-3685.000
3.307,3.311,3.314,3.306,3.317,3.315,3.308,3.688,3.696,3.696,3.688,3.697,3.693,3.684,-60.601,-3684.000
3.313,3.321,3.318,3.314,3.316,3.313,3.316,3.695,3.688,3.696,3.694,3.692,3.690,3.692,-60.552,-3683.000
3.311,3.314,3.316,3.315,3.314,3.307,3.315,3.690,3.693,3.692,3.688,3.689,3.693,3.687,-60.438,-3682.000
3.317,3.317,3.318,3.316,3.318,3.311,3.313,3.700,3.699,3.702,3.695,3.693,3.702,3.695,-60.460,-3681.000
3.317,3.315,3.312,3.316,3.322,3.314,3.316,3.694,3.691,3.690,3.696,3.694,3.695,3.694,-60.428,-3680.000
3.320,3.318,3.316,3.319,3.324,3.323,3.315,3.696,3.688,3.694,3.694,3.695,3.701,3.700,-60.369,-3679.000
3.310,3.310,3.313,3.314,3.318,3.320,3.317,3.690,3.698,3.696,3.693,3.695,3.691,3.693,-60.721,-3678.000
3.322,3.318,3.314,3.314,3.319,3.320,3.315,3.701,3.699,3.689,3.691,3.699,3.690,3.687,-60.493,-3677.000
3.310,3.318,3.320,3.318,3.319,3.315,3.316,3.697,3.695,3.701,3.699,3.697,3.694,3.691,-60.594,-3676.000
3.318,3.318,3.312,3.319,3.318,3.314,3.312,3.698,3.694,3.700,3.698,3.696,3.693,3.695,-60.537,-3675.000
3.310,3.314,3.322,3.320,3.318,3.316,3.319,3.703,3.692,3.703,3.699,3.699,3.700,3.701,-60.679,-3674.000
3.317,3.320,3.324,3.317,3.319,3.324,3.316,3.697,3.699,3.699,3.694,3.693,3.695,3.697,-60.549,-3673.000
3.321,3.319,3.320,3.319,3.320,3.317,3.321,3.698,3.699,3.709,3.700,3.702,3.708,3.701,-60.573,-3672.000
3.319,3.320,3.320,3.320,3.318,3.323,3.323,3.698,3.698,3.698,3.701,3.699,3.698,3.700,-60.698,-3671.000
3.326,3.320,3.323,3.323,3.319,3.320,3.326,3.702,3.706,3.705,3.701,3.710,3.705,3.708,-60.852,-3670.000
3.324,3.323,3.325,3.320,3.328,3.317,3.322,3.701,3.696,3.692,3.696,3.700,3.700,3.702,-60.902,-3669.000
3.323,3.325,3.324,3.327,3.329,3.323,3.323,3.709,3.706,3.711,3.707,3.708,3.704,3.697,-60.757,-3668.000
3.329,3.328,3.319,3.322,3.322,3.327,3.321,3.706,3.706,3.703,3.702,3.702,3.700,3.702,-60.648,-3667.000
3.324,3.328,3.331,3.325,3.327,3.324,3.326,3.702,3.705,3.703,3.703,3.706,3.708,3.707,-60.747,-3666.000
3.326,3.334,3.334,3.329,3.325,3.326,3.329,3.715,3.714,3.713,3.710,3.703,3.708,3.714,-60.743,-3665.000
3.334,3.329,3.333,3.335,3.330,3.326,3.330,3.714,3.712,3.708,3.712,3.712,3.711,3.708,-60.589,-3664.000
3.335,3.334,3.335,3.334,3.338,3.334,3.336,3.709,3.706,3.709,3.714,3.708,3.707,3.709,-60.544,-3663.000
3.332,3.330,3.332,3.338,3.337,3.341,3.335,3.712,3.718,3.714,3.712,3.710,3.711,3.717,-60.542,-3662.000
3.333,3.334,3.342,3.339,3.338,3.340,3.340,3.722,3.716,3.716,3.710,3.718,3.713,3.718,-60.504,-3661.000
3.340,3.336,3.339,3.341,3.345,3.345,3.343,3.723,3.725,3.725,3.721,3.721,3.718,3.721,-60.545,-3660.000
3.336,3.336,3.336,3.338,3.334,3.333,3.335,3.714,3.711,3.713,3.713,3.714,3.720,3.714,-60.434,-3659.000
3.339,3.337,3.335,3.344,3.336,3.341,3.345,3.714,3.727,3.722,3.722,3.718,3.716,3.726,-60.428,-3658.000
3.343,3.344,3.349,3.348,3.344,3.345,3.348,3.721,3.726,3.722,3.724,3.722,3.728,3.730,-60.309,-3657.000
3.350,3.352,3.345,3.345,3.343,3.345,3.346,3.730,3.729,3.729,3.731,3.724,3.732,3.726,-60.303,-3656.000
3.341,3.342,3.344,3.346,3.348,3.350,3.345,3.729,3.725,3.721,3.723,3.722,3.721,3.719,-60.406,-3655.000
3.350,3.353,3.348,3.349,3.349,3.349,3.347,3.731,3.727,3.731,3.731,3.729,3.734,3.730,-60.379,-3654.000
3.349,3.349,3.350,3.349,3.354,3.353,3.348,3.725,3.729,3.735,3.733,3.740,3.742,3.742,-60.325,-3653.000
3.344,3.352,3.352,3.354,3.349,3.358,3.349,3.730,3.728,3.737,3.735,3.735,3.736,3.736,-60.246,-3652.000
3.352,3.354,3.357,3.359,3.352,3.350,3.351,3.739,3.744,3.738,3.743,3.739,3.739,3.738,-60.376,-3651.000
3.349,3.348,3.346,3.350,3.350,3.346,3.352,3.731,3.729,3.730,3.730,3.730,3.728,3.736,-60.498,-3650.000
3.352,3.352,3.354,3.351,3.357,3.348,3.351,3.735,3.745,3.739,3.740,3.741,3.734,3.732,-60.514,-3649.000
3.359,3.353,3.352,3.356,3.357,3.360,3.350,3.732,3.741,3.740,3.741,3.734,3.735,3.730,-60.496,-3648.000
3.354,3.352,3.352,3.350,3.359,3.356,3.356,3.736,3.734,3.740,3.735,3.738,3.740,3.745,-60.476,-3647.000
3.358,3.349,3.351,3.352,3.355,3.349,3.359,3.734,3.732,3.733,3.729,3.739,3.736,3.737,-60.387,-3646.000
3.363,3.356,3.359,3.359,3.356,3.364,3.361,3.745,3.740,3.743,3.736,3.736,3.742,3.740,-60.326,-3645.000
3.351,3.352,3.358,3.356,3.352,3.352,3.354,3.739,3.741,3.738,3.731,3.731,3.734,3.737,-60.131,-3644.000
3.362,3.361,3.355,3.358,3.360,3.357,3.364,3.737,3.739,3.739,3.737,3.744,3.735,3.743,-60.231,-3643.000
3.368,3.363,3.367,3.368,3.363,3.366,3.366,3.745,3.747,3.750,3.748,3.748,3.740,3.747,-60.270,-3642.000
3.366,3.358,3.365,3.363,3.368,3.367,3.367,3.745,3.741,3.747,3.745,3.745,3.748,3.749,-60.395,-3641.000
3.371,3.370,3.367,3.371,3.367,3.363,3.371,3.749,3.750,3.743,3.747,3.744,3.744,3.750,-60.361,-3640.000
3.374,3.370,3.373,3.375,3.367,3.370,3.367,3.743,3.748,3.751,3.748,3.747,3.749,3.742,-60.523,-3639.000
3.371,3.368,3.366,3.371,3.372,3.367,3.364,3.751,3.747,3.745,3.742,3.744,3.750,3.744,-60.491,-3638.000
3.360,3.366,3.365,3.369,3.374,3.362,3.367,3.741,3.749,3.746,3.744,3.749,3.745,3.743,-60.459,-3637.000
3.361,3.364,3.361,3.368,3.368,3.366,3.359,3.742,3.744,3.748,3.747,3.749,3.738,3.743,-60.367,-3636.000
3.368,3.364,3.367,3.370,3.367,3.375,3.370,3.749,3.755,3.742,3.751,3.747,3.737,3.746,-60.300,-3635.000
3.364,3.371,3.372,3.370,3.373,3.366,3.371,3.749,3.742,3.747,3.746,3.752,3.758,3.747,-60.186,-3634.000
3.371,3.364,3.373,3.367,3.370,3.371,3.373,3.753,3.747,3.750,3.747,3.739,3.754,3.743,-60.357,-3633.000
3.369,3.369,3.367,3.365,3.366,3.376,3.371,3.751,3.751,3.757,3.751,3.752,3.748,3.749,-60.177,-3632.000
3.359,3.365,3.365,3.359,3.362,3.369,3.363,3.744,3.742,3.743,3.741,3.746,3.747,3.750,-60.378,-3631.000
3.367,3.369,3.370,3.372,3.375,3.376,3.367,3.751,3.755,3.751,3.753,3.755,3.753,3.750,-60.547,-3630.000
3.375,3.368,3.377,3.373,3.377,3.370,3.373,3.749,3.752,3.757,3.758,3.756,3.755,3.753,-60.615,-3629.000
3.370,3.371,3.370,3.372,3.377,3.375,3.371,3.754,3.758,3.751,3.750,3.752,3.756,3.757,-60.417,-3628.000
3.363,3.378,3.370,3.374,3.367,3.373,3.369,3.756,3.754,3.750,3.749,3.746,3.750,3.750,-60.523,-3627.000
3.368,3.374,3.370,3.371,3.379,3.371,3.372,3.754,3.756,3.754,3.758,3.755,3.755,3.758,-60.465,-3626.000
3.376,3.375,3.366,3.370,3.367,3.374,3.371,3.755,3.751,3.752,3.746,3.748,3.749,3.760,-60.593,-3625.000
3.378,3.375,3.377,3.378,3.375,3.380,3.379,3.755,3.756,3.755,3.759,3.764,3.755,3.760,-60.505,-3624.000
3.380,3.380,3.377,3.385,3.383,3.380,3.374,3.757,3.760,3.756,3.762,3.751,3.753,3.754,-60.650,-3623.000
3.384,3.378,3.377,3.377,3.380,3.379,3.375,3.751,3.763,3.765,3.760,3.767,3.762,3.755,-60.599,-3622.000
3.377,3.374,3.376,3.381,3.381,3.381,3.376,3.757,3.758,3.758,3.758,3.758,3.753,3.761,-60.659,-3621.000
3.379,3.377,3.379,3.379,3.376,3.380,3.376,3.755,3.766,3.760,3.757,3.757,3.756,3.755,-60.445,-3620.000
3.375,3.381,3.379,3.381,3.377,3.382,3.372,3.754,3.748,3.751,3.757,3.756,3.760,3.757,-60.394,-3619.000
3.375,3.381,3.378,3.371,3.377,3.378,3.387,3.756,3.753,3.755,3.758,3.758,3.760,3.757,-60.476,-3618.000
3.376,3.369,3.376,3.372,3.375,3.377,3.373,3.753,3.759,3.757,3.761,3.756,3.760,3.755,-60.687,-3617.000
3.372,3.378,3.372,3.375,3.380,3.382,3.377,3.758,3.757,3.755,3.757,3.758,3.768,3.758,-60.777,-3616.000
3.376,3.377,3.384,3.372,3.377,3.378,3.382,3.757,3.756,3.763,3.756,3.761,3.759,3.752,-60.714,-3615.000
3.379,3.377,3.384,3.381,3.376,3.382,3.383,3.755,3.758,3.762,3.760,3.762,3.761,3.756,-60.584,-3614.000
3.384,3.379,3.380,3.379,3.379,3.377,3.381,3.757,3.762,3.763,3.757,3.762,3.757,3.761,-60.731,-3613.000
3.383,3.381,3.379,3.378,3.387,3.381,3.379,3.762,3.762,3.765,3.763,3.768,3.763,3.765,-60.807,-3612.000
3.387,3.386,3.380,3.380,3.385,3.382,3.389,3.760,3.758,3.760,3.759,3.761,3.756,3.765,-60.723,-3611.000
3.381,3.382,3.380,3.382,3.383,3.380,3.380,3.762,3.765,3.761,3.765,3.759,3.764,3.762,-60.609,-3610.000
3.379,3.381,3.379,3.381,3.375,3.391,3.381,3.761,3.764,3.763,3.766,3.763,3.764,3.764,-60.638,-3609.000
3.380,3.384,3.381,3.379,3.377,3.378,3.382,3.766,3.769,3.764,3.765,3.758,3.765,3.762,-60.512,-3608.000
3.376,3.382,3.381,3.378,3.387,3.385,3.384,3.762,3.754,3.774,3.766,3.757,3.762,3.766,-60.509,-3607.000
3.380,3.378,3.379,3.380,3.380,3.382,3.377,3.761,3.765,3.760,3.757,3.764,3.761,3.764,-60.478,-3606.000
3.384,3.382,3.389,3.383,3.383,3.376,3.381,3.765,3.764,3.768,3.767,3.759,3.760,3.757,-60.472,-3605.000
3.379,3.383,3.378,3.375,3.380,3.379,3.379,3.766,3.767,3.761,3.765,3.758,3.755,3.754,-60.541,-3604.000
3.378,3.379,3.376,3.380,3.380,3.378,3.384,3.761,3.764,3.766,3.760,3.766,3.766,3.758,-60.630,-3603.000
3.380,3.385,3.382,3.380,3.382,3.383,3.380,3.757,3.756,3.761,3.764,3.757,3.757,3.759,-60.500,-3602.000
3.380,3.385,3.381,3.380,3.382,3.391,3.377,3.758,3.766,3.763,3.764,3.767,3.762,3.759,-60.586,-3601.000
3.389,3.381,3.386,3.382,3.386,3.382,3.388,3.764,3.763,3.760,3.763,3.766,3.763,3.764,-60.586,-3600.000
3.387,3.386,3.381,3.379,3.382,3.378,3.386,3.761,3.769,3.761,3.765,3.761,3.766,3.763,-60.562,-3599.000
3.390,3.385,3.384,3.381,3.383,3.383,3.381,3.766,3.767,3.770,3.763,3.760,3.766,3.760,-60.500,-3598.000
3.389,3.386,3.386,3.386,3.386,3.390,3.390,3.769,3.759,3.768,3.766,3.765,3.765,3.769,-60.524,-3597.000
3.386,3.387,3.392,3.385,3.389,3.390,3.384,3.765,3.766,3.767,3.768,3.771,3.770,3.759,-60.754,-3596.000
3.387,3.384,3.385,3.383,3.383,3.388,3.385,3.768,3.764,3.764,3.765,3.763,3.764,3.766,-60.656,-3595.000
3.388,3.382,3.386,3.387,3.386,3.393,3.385,3.768,3.766,3.768,3.769,3.770,3.763,3.771,-60.656,-3594.000
3.389,3.385,3.391,3.383,3.389,3.384,3.390,3.765,3.773,3.767,3.770,3.773,3.770,3.769,-60.605,-3593.000
3.389,3.386,3.387,3.392,3.392,3.390,3.390,3.769,3.771,3.762,3.766,3.769,3.774,3.775,-60.628,-3592.000
3.387,3.387,3.390,3.388,3.390,3.386,3.386,3.768,3.767,3.763,3.766,3.767,3.768,3.767,-60.738,-3591.000
3.384,3.382,3.385,3.386,3.390,3.392,3.395,3.764,3.761,3.762,3.766,3.765,3.770,3.765,-60.779,-3590.000
3.388,3.390,3.390,3.389,3.389,3.390,3.384,3.765,3.771,3.769,3.768,3.770,3.772,3.765,-60.784,-3589.000
3.387,3.393,3.389,3.393,3.389,3.389,3.385,3.770,3.773,3.770,3.774,3.769,3.771,3.771,-60.710,-3588.000
3.394,3.391,3.396,3.392,3.389,3.396,3.395,3.769,3.768,3.769,3.779,3.767,3.766,3.767,-60.490,-3587.000
3.393,3.397,3.391,3.394,3.394,3.392,3.394,3.773,3.773,3.774,3.774,3.771,3.773,3.775,-60.498,-3586.000
3.389,3.392,3.398,3.397,3.396,3.394,3.395,3.770,3.774,3.764,3.772,3.774,3.773,3.771,-60.494,-3585.000
3.393,3.394,3.395,3.399,3.396,3.399,3.399,3.782,3.784,3.783,3.780,3.776,3.781,3.775,-60.655,-3584.000
3.397,3.393,3.397,3.398,3.404,3.401,3.402,3.779,3.774,3.780,3.785,3.778,3.778,3.780,-60.594,-3583.000
3.402,3.394,3.396,3.399,3.402,3.398,3.402,3.776,3.776,3.774,3.777,3.779,3.776,3.778,-60.427,-3582.000
3.397,3.402,3.402,3.396,3.396,3.402,3.397,3.779,3.780,3.773,3.772,3.781,3.775,3.779,-60.532,-3581.000
3.400,3.399,3.403,3.400,3.396,3.398,3.400,3.777,3.779,3.780,3.778,3.779,3.774,3.781,-60.681,-3580.000
3.402,3.402,3.396,3.397,3.399,3.401,3.398,3.775,3.774,3.778,3.778,3.782,3.778,3.774,-60.681,-3579.000
3.404,3.402,3.400,3.399,3.398,3.399,3.397,3.773,3.776,3.775,3.778,3.778,3.781,3.774,-60.739,-3578.000
3.400,3.402,3.397,3.401,3.402,3.402,3.393,3.777,3.780,3.777,3.780,3.782,3.781,3.779,-60.658,-3577.000
3.401,3.400,3.400,3.405,3.398,3.399,3.398,3.780,3.782,3.779,3.774,3.778,3.777,3.785,-60.615,-3576.000
3.402,3.405,3.405,3.399,3.395,3.397,3.400,3.788,3.782,3.775,3.780,3.776,3.780,3.780,-60.664,-3575.000
3.399,3.394,3.401,3.405,3.400,3.394,3.392,3.778,3.777,3.777,3.782,3.778,3.776,3.779,-60.636,-3574.000
3.394,3.408,3.394,3.400,3.399,3.398,3.397,3.783,3.778,3.773,3.781,3.779,3.773,3.780,-60.430,-3573.000
3.404,3.397,3.395,3.406,3.402,3.397,3.402,3.779,3.776,3.778,3.780,3.785,3.771,3.774,-60.406,-3572.000
3.399,3.395,3.399,3.397,3.397,3.396,3.399,3.778,3.782,3.777,3.775,3.773,3.780,3.778,-60.299,-3571.000
3.394,3.402,3.397,3.397,3.395,3.396,3.396,3.779,3.778,3.777,3.778,3.780,3.778,3.784,-60.176,-3570.000
3.391,3.390,3.395,3.395,3.396,3.395,3.399,3.779,3.779,3.781,3.774,3.772,3.779,3.781,-60.448,-3569.000
3.387,3.400,3.394,3.396,3.399,3.393,3.393,3.773,3.777,3.774,3.775,3.775,3.779,3.780,-60.539,-3568.000
3.396,3.400,3.400,3.395,3.396,3.403,3.396,3.775,3.772,3.777,3.774,3.778,3.778,3.777,-60.587,-3567.000
3.391,3.394,3.396,3.392,3.401,3.397,3.393,3.767,3.775,3.772,3.775,3.776,3.771,3.772,-60.457,-3566.000
3.392,3.391,3.390,3.386,3.394,3.396,3.392,3.771,3.776,3.774,3.772,3.773,3.778,3.783,-60.539,-3565.000
3.395,3.396,3.399,3.397,3.404,3.397,3.394,3.773,3.775,3.780,3.776,3.781,3.774,3.770,-60.422,-3564.000
3.393,3.393,3.387,3.393,3.390,3.386,3.394,3.772,3.775,3.769,3.770,3.767,3.770,3.770,-60.428,-3563.000
3.389,3.398,3.390,3.393,3.392,3.393,3.397,3.775,3.775,3.762,3.774,3.769,3.772,3.768,-60.445,-3562.000
3.389,3.391,3.392,3.393,3.387,3.390,3.389,3.771,3.772,3.779,3.770,3.770,3.766,3.765,-60.460,-3561.000
3.396,3.388,3.394,3.389,3.394,3.387,3.395,3.770,3.772,3.769,3.770,3.771,3.779,3.776,-60.460,-3560.000
3.391,3.389,3.390,3.389,3.392,3.385,3.395,3.768,3.770,3.771,3.771,3.775,3.770,3.776,-60.579,-3559.000
3.398,3.395,3.397,3.386,3.399,3.393,3.393,3.771,3.774,3.777,3.775,3.771,3.763,3.774,-60.539,-3558.000
3.391,3.389,3.391,3.398,3.392,3.388,3.389,3.779,3.775,3.776,3.781,3.777,3.774,3.773,-60.554,-3557.000
3.398,3.398,3.397,3.393,3.393,3.396,3.396,3.778,3.772,3.777,3.773,3.771,3.768,3.772,-60.435,-3556.000
3.397,3.392,3.394,3.391,3.395,3.393,3.399,3.771,3.778,3.775,3.775,3.775,3.780,3.778,-60.422,-3555.000
3.397,3.398,3.395,3.395,3.396,3.393,3.397,3.781,3.776,3.778,3.782,3.776,3.775,3.778,-60.535,-3554.000
3.394,3.395,3.394,3.389,3.397,3.391,3.395,3.776,3.778,3.774,3.773,3.768,3.777,3.779,-60.412,-3553.000
3.395,3.396,3.391,3.391,3.399,3.396,3.391,3.778,3.776,3.775,3.776,3.781,3.781,3.774,-60.592,-3552.000
3.398,3.401,3.398,3.400,3.397,3.398,3.397,3.775,3.772,3.778,3.775,3.767,3.776,3.777,-60.768,-3551.000
3.396,3.395,3.402,3.400,3.398,3.396,3.391,3.778,3.777,3.776,3.777,3.777,3.781,3.779,-60.762,-3550.000
3.395,3.397,3.398,3.399,3.395,3.391,3.400,3.781,3.775,3.776,3.770,3.777,3.779,3.779,-60.574,-3549.000
3.403,3.395,3.392,3.396,3.402,3.398,3.398,3.777,3.774,3.774,3.774,3.780,3.775,3.781,-60.507,-3548.000
3.398,3.402,3.400,3.399,3.397,3.402,3.398,3.768,3.772,3.776,3.778,3.777,3.781,3.778,-60.643,-3547.000
3.399,3.403,3.406,3.402,3.402,3.394,3.394,3.787,3.772,3.777,3.784,3.780,3.779,3.776,-60.708,-3546.000
3.397,3.395,3.401,3.393,3.397,3.398,3.398,3.779,3.773,3.781,3.768,3.780,3.772,3.774,-60.789,-3545.000
3.397,3.395,3.398,3.398,3.396,3.395,3.395,3.777,3.773,3.773,3.772,3.769,3.767,3.770,-60.889,-3544.000
3.393,3.401,3.394,3.396,3.402,3.396,3.396,3.769,3.765,3.770,3.774,3.770,3.774,3.771,-60.875,-3543.000
3.395,3.399,3.393,3.397,3.397,3.395,3.394,3.774,3.774,3.782,3.776,3.778,3.777,3.772,-60.638,-3542.000
3.394,3.396,3.398,3.396,3.391,3.391,3.391,3.775,3.770,3.771,3.770,3.770,3.775,3.773,-60.556,-3541.000
3.395,3.392,3.391,3.391,3.389,3.395,3.394,3.771,3.777,3.774,3.772,3.771,3.770,3.772,-60.673,-3540.000
3.394,3.390,3.389,3.391,3.389,3.387,3.394,3.765,3.768,3.768,3.770,3.768,3.763,3.769,-60.695,-3539.000
3.395,3.396,3.391,3.395,3.394,3.391,3.389,3.768,3.766,3.776,3.775,3.765,3.774,3.771,-60.798,-3538.000
3.396,3.395,3.393,3.396,3.395,3.388,3.392,3.772,3.770,3.772,3.767,3.771,3.765,3.775,-60.701,-3537.000
3.388,3.391,3.393,3.390,3.388,3.390,3.389,3.771,3.770,3.773,3.774,3.772,3.766,3.769,-60.591,-3536.000
3.392,3.390,3.386,3.390,3.394,3.384,3.386,3.767,3.771,3.769,3.770,3.764,3.768,3.765,-60.591,-3535.000
3.394,3.399,3.386,3.399,3.401,3.393,3.390,3.770,3.769,3.767,3.773,3.772,3.772,3.769,-60.497,-3534.000
3.393,3.391,3.395,3.392,3.392,3.392,3.401,3.768,3.770,3.769,3.766,3.773,3.775,3.778,-60.583,-3533.000
3.390,3.400,3.391,3.397,3.393,3.392,3.392,3.774,3.769,3.773,3.767,3.773,3.770,3.776,-60.645,-3532.000
3.398,3.400,3.398,3.398,3.392,3.391,3.397,3.771,3.770,3.773,3.775,3.769,3.765,3.768,-60.568,-3531.000
3.396,3.398,3.393,3.388,3.396,3.396,3.398,3.772,3.770,3.771,3.770,3.776,3.770,3.777,-60.559,-3530.000
3.398,3.392,3.401,3.396,3.396,3.396,3.392,3.780,3.767,3.773,3.768,3.773,3.773,3.771,-60.559,-3529.000
3.396,3.396,3.396,3.394,3.397,3.401,3.397,3.770,3.775,3.772,3.777,3.771,3.770,3.768,-60.750,-3528.000
3.399,3.399,3.399,3.402,3.395,3.392,3.397,3.775,3.776,3.775,3.771,3.781,3.773,3.769,-60.774,-3527.000
3.395,3.399,3.396,3.402,3.398,3.396,3.403,3.776,3.775,3.776,3.775,3.774,3.775,3.779,-60.791,-3526.000
3.396,3.407,3.398,3.399,3.401,3.396,3.403,3.779,3.777,3.768,3.777,3.776,3.780,3.779,-60.743,-3525.000
3.399,3.395,3.395,3.401,3.394,3.401,3.405,3.778,3.777,3.776,3.777,3.783,3.774,3.776,-60.733,-3524.000
3.401,3.400,3.406,3.405,3.406,3.400,3.397,3.782,3.780,3.787,3.779,3.782,3.778,3.781,-60.733,-3523.000
3.398,3.404,3.395,3.398,3.406,3.399,3.395,3.782,3.775,3.780,3.779,3.778,3.781,3.779,-60.774,-3522.000
3.401,3.399,3.396,3.398,3.396,3.397,3.404,3.781,3.779,3.777,3.772,3.778,3.768,3.775,-60.719,-3521.000
3.404,3.397,3.395,3.394,3.399,3.391,3.395,3.780,3.774,3.777,3.780,3.770,3.771,3.768,-60.519,-3520.000
3.398,3.396,3.403,3.402,3.404,3.398,3.399,3.777,3.778,3.774,3.770,3.775,3.774,3.773,-60.549,-3519.000
3.397,3.401,3.403,3.399,3.396,3.397,3.400,3.770,3.773,3.775,3.777,3.775,3.777,3.777,-60.512,-3518.000
3.395,3.392,3.393,3.399,3.395,3.400,3.396,3.780,3.774,3.777,3.773,3.773,3.773,3.775,-60.642,-3517.000
3.393,3.394,3.398,3.396,3.397,3.390,3.401,3.775,3.773,3.773,3.772,3.769,3.767,3.768,-60.683,-3516.000
3.397,3.394,3.403,3.396,3.399,3.398,3.396,3.773,3.773,3.776,3.777,3.774,3.775,3.776,-60.779,-3515.000
3.397,3.398,3.401,3.398,3.392,3.398,3.396,3.780,3.774,3.772,3.773,3.772,3.777,3.774,-60.697,-3514.000
3.396,3.400,3.404,3.399,3.406,3.400,3.405,3.779,3.778,3.782,3.772,3.779,3.778,3.777,-60.770,-3513.000
3.400,3.402,3.402,3.399,3.398,3.403,3.400,3.782,3.779,3.777,3.778,3.775,3.776,3.774,-60.927,-3512.000
3.398,3.399,3.405,3.403,3.397,3.396,3.400,3.779,3.778,3.778,3.771,3.779,3.781,3.775,-61.054,-3511.000
3.400,3.408,3.402,3.403,3.397,3.405,3.402,3.778,3.780,3.773,3.780,3.780,3.776,3.783,-60.896,-3510.000
3.401,3.402,3.401,3.399,3.403,3.398,3.403,3.776,3.777,3.779,3.784,3.776,3.779,3.781,-60.895,-3509.000
3.403,3.399,3.393,3.401,3.397,3.397,3.394,3.779,3.778,3.780,3.780,3.776,3.781,3.775,-60.933,-3508.000
3.407,3.403,3.400,3.396,3.404,3.405,3.403,3.782,3.778,3.780,3.782,3.780,3.780,3.782,-60.896,-3507.000
3.404,3.402,3.399,3.408,3.404,3.401,3.402,3.779,3.779,3.775,3.775,3.783,3.783,3.780,-60.949,-3506.000
3.409,3.412,3.408,3.409,3.411,3.406,3.403,3.782,3.778,3.781,3.784,3.781,3.780,3.780,-60.992,-3505.000
3.401,3.399,3.400,3.405,3.401,3.406,3.402,3.774,3.778,3.776,3.777,3.778,3.779,3.778,-60.934,-3504.000
3.406,3.405,3.408,3.400,3.408,3.408,3.406,3.778,3.778,3.782,3.782,3.779,3.781,3.783,-60.886,-3503.000
3.407,3.407,3.405,3.409,3.405,3.408,3.403,3.779,3.778,3.779,3.778,3.785,3.781,3.777,-60.995,-3502.000
3.409,3.404,3.401,3.400,3.409,3.400,3.402,3.780,3.779,3.779,3.774,3.780,3.776,3.782,-61.026,-3501.000
3.400,3.402,3.397,3.406,3.404,3.404,3.406,3.779,3.781,3.780,3.783,3.778,3.781,3.774,-60.906,-3500.000
3.400,3.402,3.403,3.403,3.404,3.399,3.401,3.780,3.778,3.776,3.776,3.778,3.777,3.776,-60.827,-3499.000
3.400,3.403,3.394,3.398,3.395,3.401,3.403,3.773,3.780,3.777,3.776,3.783,3.775,3.773,-60.749,-3498.000
3.395,3.394,3.400,3.399,3.395,3.395,3.403,3.770,3.774,3.771,3.770,3.774,3.780,3.775,-60.528,-3497.000
3.397,3.392,3.397,3.396,3.398,3.398,3.393,3.768,3.775,3.771,3.772,3.772,3.774,3.771,-60.559,-3496.000
3.400,3.397,3.397,3.401,3.397,3.390,3.396,3.776,3.772,3.764,3.777,3.774,3.773,3.766,-60.590,-3495.000
3.396,3.396,3.402,3.400,3.404,3.400,3.401,3.776,3.774,3.775,3.775,3.774,3.776,3.776,-60.437,-3494.000
3.399,3.399,3.397,3.399,3.396,3.395,3.397,3.780,3.774,3.771,3.771,3.772,3.769,3.770,-60.437,-3493.000
3.404,3.396,3.396,3.397,3.395,3.397,3.399,3.775,3.776,3.775,3.772,3.772,3.769,3.777,-60.455,-3492.000
3.399,3.401,3.401,3.399,3.405,3.396,3.395,3.770,3.769,3.773,3.772,3.778,3.772,3.780,-60.496,-3491.000
3.397,3.400,3.403,3.391,3.400,3.403,3.402,3.775,3.779,3.778,3.773,3.774,3.778,3.784,-60.491,-3490.000
3.397,3.397,3.396,3.401,3.401,3.400,3.401,3.775,3.775,3.772,3.771,3.776,3.774,3.778,-60.616,-3489.000
3.391,3.393,3.399,3.395,3.395,3.392,3.392,3.774,3.782,3.778,3.782,3.774,3.771,3.777,-60.728,-3488.000
3.393,3.395,3.404,3.400,3.397,3.400,3.402,3.779,3.779,3.777,3.779,3.776,3.774,3.774,-60.728,-3487.000
3.403,3.402,3.399,3.400,3.397,3.394,3.399,3.778,3.776,3.774,3.776,3.773,3.776,3.775,-60.663,-3486.000
3.407,3.400,3.403,3.407,3.402,3.404,3.398,3.774,3.777,3.780,3.780,3.778,3.773,3.785,-60.700,-3485.000
3.398,3.402,3.401,3.405,3.401,3.403,3.402,3.775,3.775,3.781,3.781,3.780,3.782,3.777,-60.671,-3484.000
3.402,3.403,3.407,3.402,3.394,3.401,3.409,3.784,3.784,3.791,3.779,3.780,3.779,3.781,-60.697,-3483.000
3.407,3.409,3.407,3.410,3.407,3.404,3.407,3.787,3.786,3.772,3.796,3.787,3.779,3.788,-60.675,-3482.000
3.408,3.411,3.409,3.412,3.403,3.412,3.405,3.790,3.791,3.789,3.793,3.784,3.783,3.784,-60.675,-3481.000
3.406,3.412,3.411,3.409,3.404,3.407,3.411,3.790,3.787,3.785,3.790,3.790,3.786,3.787,-60.851,-3480.000
3.414,3.405,3.406,3.404,3.411,3.404,3.411,3.788,3.789,3.787,3.785,3.784,3.785,3.789,-60.846,-3479.000
3.402,3.413,3.407,3.409,3.410,3.413,3.407,3.779,3.780,3.787,3.779,3.781,3.791,3.787,-60.846,-3478.000
3.407,3.409,3.403,3.408,3.408,3.408,3.408,3.787,3.788,3.785,3.782,3.782,3.783,3.784,-60.647,-3477.000
3.408,3.403,3.402,3.413,3.406,3.407,3.410,3.782,3.787,3.786,3.784,3.786,3.789,3.781,-60.425,-3476.000
3.413,3.410,3.415,3.407,3.411,3.407,3.406,3.790,3.790,3.787,3.785,3.783,3.783,3.783,-60.547,-3475.000
3.409,3.410,3.410,3.408,3.411,3.409,3.410,3.783,3.788,3.783,3.785,3.781,3.785,3.791,-60.461,-3474.000
3.407,3.404,3.410,3.412,3.409,3.408,3.409,3.779,3.780,3.782,3.788,3.791,3.791,3.791,-60.512,-3473.000
3.405,3.417,3.407,3.410,3.410,3.407,3.407,3.790,3.782,3.787,3.789,3.787,3.785,3.779,-60.624,-3472.000
3.402,3.407,3.412,3.408,3.407,3.409,3.406,3.784,3.784,3.785,3.784,3.785,3.784,3.785,-60.570,-3471.000
3.402,3.405,3.405,3.406,3.410,3.410,3.402,3.782,3.787,3.782,3.788,3.786,3.780,3.783,-60.568,-3470.000
3.397,3.409,3.406,3.406,3.402,3.407,3.408,3.781,3.789,3.780,3.780,3.786,3.784,3.786,-60.545,-3469.000
3.403,3.412,3.400,3.405,3.401,3.404,3.408,3.781,3.782,3.780,3.783,3.781,3.784,3.782,-60.712,-3468.000
3.409,3.405,3.399,3.403,3.404,3.404,3.400,3.783,3.783,3.785,3.783,3.782,3.789,3.785,-60.513,-3467.000
3.405,3.404,3.404,3.400,3.409,3.408,3.408,3.780,3.777,3.782,3.778,3.790,3.781,3.781,-60.750,-3466.000
3.404,3.408,3.403,3.402,3.404,3.395,3.404,3.780,3.787,3.782,3.787,3.779,3.782,3.784,-60.911,-3465.000
3.407,3.406,3.406,3.402,3.410,3.400,3.408,3.785,3.782,3.781,3.788,3.782,3.786,3.781,-60.981,-3464.000
3.411,3.399,3.408,3.404,3.402,3.407,3.405,3.790,3.782,3.785,3.786,3.790,3.784,3.779,-61.004,-3463.000
3.410,3.408,3.401,3.411,3.405,3.405,3.407,3.787,3.784,3.788,3.785,3.782,3.787,3.784,-60.879,-3462.000
3.405,3.406,3.409,3.414,3.411,3.410,3.410,3.789,3.789,3.783,3.788,3.785,3.792,3.784,-60.985,-3461.000
3.409,3.408,3.402,3.408,3.408,3.408,3.406,3.791,3.793,3.776,3.787,3.787,3.783,3.785,-60.985,-3460.000
3.403,3.403,3.403,3.409,3.406,3.411,3.409,3.782,3.781,3.785,3.785,3.779,3.789,3.788,-60.774,-3459.000
3.408,3.406,3.408,3.411,3.412,3.406,3.404,3.785,3.787,3.789,3.786,3.782,3.786,3.786,-60.803,-3458.000
3.404,3.409,3.405,3.409,3.412,3.407,3.408,3.788,3.783,3.783,3.785,3.782,3.787,3.785,-60.803,-3457.000
3.413,3.410,3.411,3.408,3.409,3.414,3.408,3.781,3.787,3.785,3.780,3.786,3.787,3.788,-60.954,-3456.000
3.411,3.411,3.411,3.404,3.406,3.406,3.402,3.786,3.787,3.784,3.789,3.783,3.789,3.781,-60.921,-3455.000
3.404,3.407,3.407,3.409,3.402,3.406,3.405,3.786,3.775,3.780,3.780,3.786,3.784,3.782,-60.921,-3454.000
3.402,3.406,3.408,3.407,3.407,3.405,3.410,3.784,3.792,3.779,3.780,3.784,3.784,3.779,-60.953,-3453.000
3.400,3.405,3.406,3.407,3.405,3.403,3.407,3.788,3.782,3.777,3.784,3.789,3.784,3.779,-60.940,-3452.000
3.405,3.401,3.404,3.405,3.407,3.403,3.404,3.785,3.784,3.785,3.784,3.779,3.787,3.795,-60.943,-3451.000
3.406,3.404,3.402,3.406,3.402,3.402,3.403,3.781,3.785,3.782,3.780,3.785,3.784,3.783,-60.943,-3450.000
3.405,3.406,3.404,3.411,3.405,3.406,3.407,3.787,3.783,3.786,3.786,3.784,3.787,3.780,-60.820,-3449.000
3.399,3.406,3.403,3.408,3.407,3.404,3.401,3.782,3.787,3.785,3.785,3.780,3.787,3.783,-60.797,-3448.000
3.400,3.407,3.403,3.408,3.401,3.405,3.403,3.784,3.785,3.791,3.789,3.784,3.784,3.787,-60.776,-3447.000
3.407,3.402,3.407,3.399,3.403,3.403,3.405,3.780,3.785,3.785,3.790,3.787,3.784,3.785,-60.819,-3446.000
3.403,3.403,3.404,3.404,3.410,3.404,3.410,3.779,3.786,3.789,3.791,3.788,3.785,3.790,-60.857,-3445.000
3.405,3.405,3.411,3.408,3.408,3.403,3.408,3.787,3.787,3.787,3.792,3.791,3.790,3.787,-60.857,-3444.000
3.411,3.401,3.405,3.409,3.412,3.413,3.411,3.783,3.785,3.785,3.782,3.783,3.781,3.790,-60.830,-3443.000
3.408,3.411,3.408,3.407,3.409,3.407,3.408,3.791,3.787,3.780,3.793,3.794,3.785,3.792,-60.645,-3442.000
3.407,3.408,3.409,3.412,3.403,3.408,3.410,3.790,3.788,3.778,3.782,3.785,3.786,3.791,-60.720,-3441.000
3.407,3.406,3.406,3.402,3.409,3.406,3.404,3.790,3.790,3.783,3.787,3.786,3.786,3.783,-60.638,-3440.000
3.405,3.405,3.406,3.407,3.401,3.407,3.413,3.783,3.785,3.776,3.785,3.784,3.781,3.782,-60.711,-3439.000
3.408,3.409,3.411,3.407,3.406,3.411,3.410,3.791,3.785,3.783,3.793,3.788,3.786,3.784,-60.810,-3438.000
3.411,3.407,3.406,3.417,3.410,3.415,3.405,3.790,3.787,3.786,3.788,3.790,3.788,3.788,-60.892,-3437.000
3.408,3.412,3.415,3.412,3.404,3.405,3.414,3.786,3.789,3.788,3.787,3.790,3.786,3.788,-60.813,-3436.000
3.409,3.410,3.415,3.414,3.406,3.407,3.417,3.791,3.790,3.791,3.798,3.795,3.791,3.791,-60.728,-3435.000
3.415,3.410,3.411,3.414,3.413,3.411,3.416,3.789,3.791,3.790,3.789,3.791,3.784,3.792,-60.617,-3434.000
3.413,3.414,3.410,3.410,3.411,3.411,3.413,3.790,3.788,3.794,3.788,3.790,3.793,3.789,-60.611,-3433.000
3.409,3.406,3.410,3.406,3.410,3.418,3.412,3.799,3.792,3.784,3.789,3.791,3.792,3.785,-60.719,-3432.000
3.408,3.409,3.410,3.410,3.419,3.415,3.414,3.784,3.788,3.788,3.786,3.794,3.796,3.794,-60.750,-3431.000
3.410,3.412,3.408,3.412,3.415,3.409,3.415,3.787,3.783,3.792,3.788,3.790,3.789,3.789,-60.793,-3430.000
3.410,3.410,3.406,3.412,3.413,3.411,3.408,3.787,3.794,3.791,3.788,3.786,3.788,3.790,-60.877,-3429.000
3.411,3.413,3.412,3.414,3.409,3.418,3.415,3.792,3.788,3.791,3.784,3.784,3.783,3.787,-60.877,-3428.000
3.411,3.411,3.413,3.408,3.407,3.414,3.418,3.787,3.788,3.788,3.782,3.786,3.792,3.790,-60.785,-3427.000
3.411,3.413,3.412,3.411,3.413,3.414,3.412,3.788,3.793,3.791,3.787,3.787,3.795,3.785,-60.893,-3426.000
3.411,3.409,3.415,3.411,3.412,3.412,3.409,3.788,3.793,3.792,3.786,3.792,3.792,3.790,-60.798,-3425.000
3.411,3.420,3.409,3.413,3.410,3.412,3.406,3.787,3.788,3.786,3.795,3.795,3.793,3.784,-60.898,-3424.000
3.409,3.410,3.411,3.411,3.407,3.414,3.413,3.791,3.788,3.789,3.785,3.781,3.788,3.795,-60.803,-3423.000
3.410,3.410,3.420,3.416,3.413,3.412,3.414,3.788,3.794,3.797,3.792,3.794,3.794,3.793,-60.691,-3422.000
3.414,3.416,3.412,3.414,3.410,3.413,3.414,3.790,3.791,3.792,3.785,3.788,3.791,3.791,-60.691,-3421.000
3.415,3.419,3.411,3.408,3.420,3.408,3.419,3.795,3.792,3.796,3.786,3.787,3.784,3.791,-60.625,-3420.000
3.410,3.413,3.411,3.409,3.413,3.409,3.409,3.786,3.791,3.789,3.790,3.789,3.795,3.790,-60.759,-3419.000
3.414,3.413,3.409,3.407,3.410,3.415,3.409,3.792,3.792,3.794,3.792,3.793,3.789,3.786,-60.592,-3418.000
3.409,3.409,3.410,3.410,3.411,3.407,3.415,3.793,3.789,3.790,3.789,3.786,3.786,3.788,-60.456,-3417.000
3.411,3.407,3.414,3.416,3.412,3.408,3.413,3.794,3.792,3.791,3.797,3.792,3.789,3.790,-60.456,-3416.000
3.406,3.414,3.414,3.412,3.415,3.409,3.409,3.787,3.790,3.792,3.796,3.795,3.789,3.789,-60.471,-3415.000
3.416,3.411,3.413,3.414,3.413,3.404,3.412,3.788,3.791,3.790,3.790,3.789,3.788,3.785,-60.615,-3414.000
3.410,3.407,3.408,3.413,3.413,3.410,3.403,3.787,3.790,3.792,3.794,3.783,3.781,3.794,-60.668,-3413.000
3.407,3.412,3.411,3.410,3.408,3.403,3.411,3.786,3.788,3.781,3.788,3.787,3.789,3.790,-60.608,-3412.000
3.409,3.405,3.413,3.410,3.403,3.409,3.411,3.786,3.786,3.793,3.793,3.787,3.789,3.789,-60.580,-3411.000
3.410,3.406,3.411,3.409,3.409,3.412,3.409,3.792,3.790,3.790,3.788,3.788,3.789,3.787,-60.714,-3410.000
3.412,3.409,3.407,3.410,3.404,3.409,3.405,3.784,3.789,3.781,3.786,3.788,3.788,3.788,-60.669,-3409.000
3.406,3.412,3.406,3.416,3.411,3.413,3.403,3.787,3.791,3.784,3.784,3.787,3.784,3.792,-60.704,-3408.000
3.407,3.408,3.406,3.411,3.411,3.411,3.415,3.781,3.785,3.779,3.782,3.791,3.784,3.784,-60.686,-3407.000
3.413,3.407,3.407,3.403,3.414,3.407,3.413,3.792,3.782,3.788,3.787,3.789,3.785,3.789,-60.903,-3406.000
3.411,3.409,3.409,3.410,3.409,3.408,3.411,3.788,3.787,3.788,3.791,3.788,3.791,3.784,-60.972,-3405.000
3.407,3.415,3.406,3.410,3.405,3.409,3.415,3.790,3.782,3.785,3.789,3.793,3.794,3.793,-60.983,-3404.000
3.409,3.408,3.414,3.414,3.410,3.410,3.411,3.788,3.789,3.786,3.796,3.795,3.794,3.787,-60.870,-3403.000
3.418,3.410,3.411,3.403,3.408,3.411,3.416,3.792,3.791,3.789,3.794,3.794,3.795,3.792,-60.878,-3402.000
3.413,3.420,3.414,3.414,3.415,3.409,3.410,3.791,3.794,3.786,3.785,3.791,3.792,3.793,-61.023,-3401.000
3.408,3.406,3.406,3.407,3.409,3.410,3.406,3.796,3.789,3.799,3.787,3.787,3.786,3.788,-61.049,-3400.000
3.412,3.413,3.407,3.409,3.414,3.410,3.410,3.794,3.791,3.789,3.792,3.785,3.786,3.787,-60.999,-3399.000
3.408,3.409,3.406,3.400,3.408,3.410,3.409,3.788,3.793,3.781,3.782,3.780,3.785,3.784,-60.879,-3398.000
3.404,3.412,3.405,3.409,3.408,3.406,3.406,3.795,3.794,3.791,3.787,3.793,3.793,3.790,-60.806,-3397.000
3.405,3.408,3.410,3.406,3.408,3.411,3.409,3.783,3.784,3.790,3.784,3.781,3.787,3.786,-60.928,-3396.000
3.406,3.412,3.408,3.407,3.406,3.408,3.410,3.786,3.792,3.788,3.788,3.791,3.795,3.783,-60.880,-3395.000
3.404,3.410,3.405,3.416,3.408,3.409,3.407,3.786,3.783,3.788,3.781,3.783,3.785,3.787,-60.880,-3394.000
3.405,3.407,3.408,3.410,3.405,3.408,3.408,3.787,3.782,3.783,3.786,3.787,3.784,3.785,-61.021,-3393.000
3.403,3.410,3.412,3.408,3.403,3.409,3.407,3.782,3.787,3.790,3.787,3.789,3.785,3.787,-61.158,-3392.000
3.411,3.406,3.406,3.409,3.407,3.410,3.411,3.789,3.787,3.786,3.791,3.788,3.792,3.788,-61.239,-3391.000
3.406,3.402,3.402,3.411,3.404,3.405,3.400,3.788,3.785,3.783,3.787,3.787,3.785,3.793,-61.239,-3390.000
3.406,3.401,3.402,3.404,3.404,3.409,3.405,3.788,3.785,3.786,3.786,3.786,3.790,3.785,-61.075,-3389.000
3.408,3.410,3.406,3.409,3.408,3.407,3.406,3.786,3.787,3.789,3.789,3.788,3.786,3.783,-61.013,-3388.000
3.408,3.405,3.412,3.406,3.411,3.411,3.410,3.787,3.788,3.784,3.789,3.787,3.789,3.788,-60.951,-3387.000
3.403,3.412,3.410,3.406,3.409,3.412,3.413,3.788,3.785,3.791,3.790,3.787,3.789,3.786,-60.922,-3386.000
3.409,3.416,3.407,3.410,3.407,3.405,3.406,3.787,3.792,3.788,3.787,3.786,3.790,3.782,-60.823,-3385.000
3.413,3.413,3.409,3.414,3.412,3.416,3.407,3.791,3.793,3.789,3.788,3.788,3.793,3.793,-60.725,-3384.000
3.410,3.411,3.407,3.412,3.408,3.409,3.413,3.785,3.788,3.794,3.793,3.785,3.780,3.787,-60.490,-3383.000
3.406,3.412,3.408,3.409,3.410,3.414,3.404,3.795,3.795,3.790,3.788,3.789,3.785,3.792,-60.503,-3382.000
3.409,3.414,3.406,3.410,3.407,3.410,3.409,3.792,3.789,3.791,3.789,3.791,3.792,3.784,-60.520,-3381.000
3.407,3.408,3.409,3.408,3.406,3.405,3.406,3.786,3.788,3.789,3.788,3.789,3.784,3.787,-60.725,-3380.000
3.410,3.402,3.404,3.406,3.409,3.411,3.409,3.788,3.790,3.788,3.787,3.785,3.785,3.787,-60.725,-3379.000
3.409,3.402,3.402,3.410,3.403,3.401,3.404,3.781,3.789,3.782,3.785,3.788,3.787,3.782,-60.554,-3378.000
3.405,3.399,3.399,3.401,3.402,3.404,3.404,3.782,3.782,3.786,3.785,3.786,3.788,3.782,-60.516,-3377.000
3.400,3.406,3.406,3.400,3.403,3.399,3.406,3.780,3.779,3.782,3.787,3.789,3.782,3.785,-60.540,-3376.000
3.399,3.403,3.402,3.403,3.402,3.399,3.404,3.780,3.783,3.782,3.781,3.788,3.778,3.783,-60.653,-3375.000
3.400,3.399,3.403,3.401,3.402,3.399,3.399,3.782,3.785,3.785,3.779,3.780,3.781,3.778,-60.722,-3374.000
3.405,3.404,3.400,3.406,3.399,3.400,3.403,3.782,3.777,3.782,3.785,3.783,3.783,3.784,-60.597,-3373.000
3.398,3.403,3.401,3.400,3.397,3.405,3.407,3.781,3.791,3.783,3.790,3.785,3.784,3.787,-60.597,-3372.000
3.406,3.399,3.406,3.400,3.399,3.404,3.401,3.781,3.778,3.780,3.779,3.781,3.784,3.783,-60.552,-3371.000
3.399,3.398,3.404,3.404,3.396,3.405,3.408,3.785,3.783,3.785,3.788,3.785,3.787,3.785,-60.621,-3370.000
3.400,3.403,3.395,3.398,3.398,3.396,3.399,3.786,3.782,3.786,3.784,3.783,3.782,3.788,-60.589,-3369.000
3.405,3.398,3.401,3.396,3.403,3.405,3.402,3.786,3.782,3.782,3.777,3.782,3.782,3.784,-60.637,-3368.000
3.393,3.401,3.399,3.395,3.402,3.398,3.398,3.780,3.779,3.781,3.776,3.777,3.777,3.773,-60.452,-3367.000
3.398,3.396,3.388,3.396,3.391,3.399,3.398,3.771,3.774,3.782,3.782,3.779,3.779,3.785,-60.342,-3366.000
3.398,3.397,3.397,3.396,3.399,3.396,3.397,3.777,3.774,3.779,3.782,3.782,3.779,3.780,-60.342,-3365.000
3.398,3.390,3.394,3.397,3.392,3.396,3.396,3.780,3.777,3.778,3.779,3.775,3.776,3.774,-60.195,-3364.000
3.395,3.398,3.391,3.399,3.396,3.399,3.398,3.780,3.774,3.782,3.781,3.779,3.789,3.782,-60.409,-3363.000
3.390,3.394,3.387,3.393,3.395,3.397,3.393,3.782,3.774,3.780,3.778,3.779,3.782,3.780,-60.522,-3362.000
3.404,3.397,3.398,3.396,3.395,3.394,3.399,3.774,3.781,3.781,3.766,3.773,3.775,3.777,-60.477,-3361.000
3.395,3.391,3.397,3.396,3.391,3.394,3.393,3.774,3.779,3.776,3.780,3.779,3.776,3.779,-60.572,-3360.000
3.398,3.400,3.398,3.402,3.398,3.395,3.398,3.779,3.780,3.783,3.780,3.780,3.778,3.781,-60.686,-3359.000
3.393,3.403,3.387,3.393,3.397,3.398,3.399,3.777,3.778,3.784,3.780,3.775,3.783,3.775,-60.686,-3358.000
3.398,3.397,3.400,3.394,3.401,3.399,3.397,3.786,3.782,3.781,3.782,3.779,3.780,3.783,-60.748,-3357.000
3.395,3.393,3.399,3.393,3.397,3.400,3.401,3.781,3.778,3.779,3.778,3.780,3.778,3.777,-60.719,-3356.000
3.404,3.401,3.405,3.400,3.402,3.401,3.403,3.794,3.782,3.780,3.782,3.781,3.781,3.780,-60.799,-3355.000
3.402,3.399,3.402,3.398,3.406,3.406,3.403,3.785,3.785,3.787,3.779,3.789,3.784,3.789,-60.929,-3354.000
3.395,3.400,3.402,3.399,3.403,3.407,3.399,3.790,3.788,3.779,3.786,3.785,3.785,3.789,-61.026,-3353.000
3.402,3.403,3.405,3.403,3.403,3.399,3.405,3.789,3.788,3.782,3.785,3.787,3.782,3.782,-60.762,-3352.000
3.407,3.400,3.407,3.405,3.406,3.403,3.407,3.787,3.797,3.792,3.788,3.790,3.790,3.786,-60.823,-3351.000
3.405,3.406,3.404,3.407,3.407,3.404,3.409,3.786,3.792,3.792,3.791,3.789,3.793,3.791,-60.766,-3350.000
3.413,3.410,3.407,3.402,3.408,3.413,3.405,3.794,3.788,3.790,3.792,3.790,3.796,3.791,-60.690,-3349.000
3.409,3.409,3.405,3.407,3.407,3.401,3.408,3.787,3.789,3.788,3.789,3.797,3.789,3.789,-60.673,-3348.000
3.408,3.408,3.410,3.410,3.407,3.405,3.408,3.790,3.792,3.793,3.793,3.796,3.786,3.789,-60.683,-3347.000
3.410,3.407,3.409,3.412,3.405,3.408,3.403,3.793,3.792,3.789,3.788,3.793,3.786,3.792,-60.695,-3346.000
3.408,3.401,3.406,3.409,3.407,3.405,3.402,3.793,3.791,3.788,3.788,3.790,3.790,3.785,-60.744,-3345.000
3.411,3.407,3.406,3.404,3.405,3.405,3.409,3.783,3.783,3.783,3.791,3.790,3.789,3.788,-60.643,-3344.000
3.403,3.406,3.410,3.405,3.405,3.412,3.406,3.789,3.790,3.795,3.795,3.791,3.794,3.791,-60.675,-3343.000
3.401,3.398,3.405,3.402,3.404,3.401,3.407,3.792,3.785,3.790,3.790,3.789,3.791,3.789,-60.670,-3342.000
3.406,3.406,3.401,3.401,3.405,3.403,3.401,3.785,3.787,3.790,3.790,3.785,3.789,3.787,-60.592,-3341.000
3.404,3.402,3.403,3.406,3.406,3.400,3.400,3.787,3.788,3.786,3.785,3.784,3.790,3.788,-60.602,-3340.000
3.400,3.403,3.402,3.408,3.405,3.402,3.403,3.788,3.786,3.785,3.786,3.786,3.787,3.786,-60.602,-3339.000
3.405,3.404,3.400,3.402,3.401,3.408,3.404,3.787,3.786,3.790,3.786,3.786,3.788,3.787,-60.579,-3338.000
3.403,3.404,3.406,3.403,3.405,3.404,3.402,3.781,3.789,3.784,3.793,3.794,3.786,3.786,-60.706,-3337.000
3.407,3.404,3.403,3.399,3.407,3.401,3.404,3.790,3.788,3.787,3.787,3.781,3.787,3.789,-60.734,-3336.000
3.406,3.404,3.401,3.404,3.403,3.401,3.399,3.785,3.784,3.787,3.790,3.787,3.787,3.784,-60.759,-3335.000
3.402,3.396,3.403,3.408,3.397,3.406,3.398,3.786,3.787,3.788,3.788,3.784,3.785,3.791,-60.517,-3334.000
3.406,3.405,3.403,3.399,3.403,3.405,3.402,3.787,3.786,3.783,3.781,3.792,3.787,3.787,-60.650,-3333.000
3.402,3.402,3.403,3.400,3.405,3.402,3.403,3.784,3.786,3.787,3.784,3.782,3.784,3.789,-60.680,-3332.000
3.403,3.400,3.401,3.403,3.399,3.395,3.398,3.788,3.783,3.788,3.783,3.786,3.786,3.793,-60.858,-3331.000
3.402,3.405,3.402,3.396,3.404,3.404,3.402,3.784,3.780,3.788,3.786,3.783,3.785,3.783,-61.028,-3330.000
3.400,3.403,3.405,3.399,3.398,3.404,3.402,3.787,3.783,3.788,3.791,3.782,3.783,3.785,-60.982,-3329.000
3.403,3.400,3.397,3.405,3.399,3.401,3.405,3.793,3.785,3.785,3.786,3.789,3.786,3.788,-60.838,-3328.000
3.403,3.402,3.405,3.400,3.402,3.404,3.403,3.791,3.785,3.790,3.785,3.792,3.787,3.787,-60.807,-3327.000
3.405,3.404,3.397,3.406,3.401,3.404,3.402,3.790,3.787,3.783,3.786,3.780,3.782,3.781,-60.803,-3326.000
3.406,3.400,3.408,3.400,3.402,3.399,3.407,3.789,3.783,3.786,3.786,3.785,3.788,3.786,-60.830,-3325.000
3.396,3.401,3.403,3.404,3.406,3.399,3.403,3.782,3.785,3.785,3.780,3.783,3.794,3.787,-60.708,-3324.000
3.401,3.401,3.398,3.398,3.398,3.402,3.398,3.781,3.787,3.787,3.787,3.794,3.783,3.792,-60.725,-3323.000
3.396,3.404,3.399,3.399,3.403,3.401,3.403,3.784,3.784,3.782,3.787,3.784,3.785,3.783,-60.725,-3322.000
3.405,3.404,3.401,3.405,3.405,3.410,3.406,3.785,3.790,3.782,3.789,3.780,3.789,3.786,-60.789,-3321.000
3.401,3.406,3.396,3.400,3.403,3.404,3.397,3.785,3.789,3.787,3.789,3.789,3.786,3.793,-60.664,-3320.000
3.398,3.405,3.403,3.401,3.402,3.397,3.400,3.785,3.785,3.779,3.792,3.791,3.787,3.789,-60.664,-3319.000
3.398,3.399,3.405,3.402,3.401,3.399,3.403,3.778,3.784,3.783,3.780,3.782,3.780,3.786,-60.613,-3318.000
3.405,3.408,3.406,3.401,3.401,3.406,3.405,3.785,3.788,3.790,3.789,3.783,3.794,3.788,-60.875,-3317.000
3.403,3.405,3.403,3.404,3.403,3.407,3.406,3.781,3.782,3.785,3.788,3.792,3.796,3.791,-60.875,-3316.000
3.402,3.400,3.403,3.395,3.410,3.400,3.403,3.792,3.789,3.789,3.791,3.786,3.790,3.792,-60.907,-3315.000
3.408,3.409,3.408,3.408,3.412,3.407,3.405,3.790,3.790,3.787,3.794,3.787,3.788,3.790,-60.914,-3314.000
3.407,3.410,3.407,3.407,3.401,3.409,3.405,3.788,3.783,3.785,3.788,3.784,3.795,3.796,-60.869,-3313.000
3.406,3.403,3.402,3.411,3.411,3.410,3.408,3.793,3.795,3.793,3.794,3.794,3.787,3.791,-61.084,-3312.000
3.404,3.403,3.400,3.404,3.404,3.407,3.404,3.789,3.788,3.786,3.798,3.791,3.793,3.792,-60.943,-3311.000
3.408,3.406,3.407,3.405,3.403,3.409,3.408,3.785,3.788,3.792,3.791,3.795,3.798,3.793,-60.897,-3310.000
3.406,3.412,3.409,3.407,3.408,3.408,3.406,3.790,3.790,3.788,3.791,3.793,3.796,3.793,-60.942,-3309.000
3.409,3.409,3.406,3.408,3.404,3.408,3.406,3.794,3.789,3.788,3.794,3.789,3.794,3.789,-60.942,-3308.000
3.408,3.411,3.407,3.408,3.406,3.408,3.410,3.794,3.792,3.800,3.789,3.799,3.797,3.789,-60.821,-3307.000
3.407,3.405,3.414,3.409,3.414,3.405,3.411,3.790,3.792,3.798,3.786,3.798,3.793,3.795,-60.915,-3306.000
3.406,3.407,3.409,3.410,3.411,3.406,3.401,3.793,3.791,3.793,3.787,3.791,3.783,3.787,-60.915,-3305.000
3.407,3.402,3.410,3.409,3.407,3.400,3.409,3.792,3.787,3.796,3.794,3.796,3.793,3.794,-60.949,-3304.000
3.402,3.405,3.410,3.406,3.403,3.403,3.412,3.789,3.790,3.791,3.787,3.790,3.791,3.793,-61.020,-3303.000
3.413,3.408,3.406,3.410,3.408,3.399,3.408,3.798,3.792,3.794,3.797,3.792,3.793,3.797,-61.020,-3302.000
3.403,3.403,3.400,3.407,3.401,3.407,3.403,3.796,3.794,3.790,3.790,3.793,3.792,3.786,-60.768,-3301.000
3.410,3.407,3.405,3.407,3.408,3.406,3.403,3.795,3.792,3.793,3.790,3.787,3.788,3.790,-60.770,-3300.000
3.408,3.409,3.409,3.409,3.404,3.412,3.401,3.790,3.793,3.793,3.794,3.791,3.786,3.790,-60.778,-3299.000
3.409,3.401,3.403,3.409,3.405,3.405,3.405,3.792,3.791,3.793,3.794,3.790,3.787,3.789,-60.778,-3298.000
3.410,3.402,3.406,3.406,3.399,3.404,3.408,3.795,3.791,3.793,3.792,3.801,3.787,3.797,-60.837,-3297.000
3.409,3.411,3.401,3.408,3.408,3.408,3.408,3.787,3.794,3.792,3.792,3.791,3.789,3.791,-60.697,-3296.000
3.407,3.406,3.408,3.406,3.408,3.402,3.407,3.792,3.788,3.793,3.793,3.790,3.790,3.796,-60.697,-3295.000
3.409,3.402,3.410,3.405,3.412,3.398,3.409,3.789,3.788,3.792,3.789,3.793,3.797,3.788,-60.810,-3294.000
3.406,3.407,3.412,3.407,3.409,3.403,3.403,3.797,3.792,3.795,3.791,3.794,3.785,3.786,-60.845,-3293.000
3.403,3.402,3.405,3.404,3.402,3.404,3.403,3.796,3.783,3.786,3.785,3.790,3.789,3.790,-60.740,-3292.000
3.405,3.407,3.404,3.405,3.407,3.399,3.409,3.795,3.794,3.794,3.790,3.791,3.792,3.792,-60.740,-3291.000
3.405,3.406,3.405,3.408,3.401,3.400,3.404,3.793,3.790,3.792,3.793,3.789,3.794,3.797,-60.754,-3290.000
3.410,3.409,3.409,3.409,3.405,3.409,3.406,3.790,3.802,3.794,3.797,3.794,3.792,3.792,-60.890,-3289.000
3.406,3.404,3.404,3.407,3.403,3.411,3.409,3.790,3.792,3.790,3.793,3.790,3.794,3.794,-60.864,-3288.000
3.406,3.408,3.403,3.407,3.408,3.411,3.414,3.792,3.794,3.794,3.792,3.793,3.790,3.794,-61.005,-3287.000
3.401,3.408,3.409,3.408,3.406,3.405,3.404,3.798,3.797,3.793,3.791,3.795,3.790,3.791,-60.962,-3286.000
3.403,3.401,3.404,3.403,3.408,3.403,3.407,3.794,3.793,3.795,3.792,3.791,3.794,3.798,-61.072,-3285.000
3.408,3.407,3.402,3.400,3.397,3.405,3.403,3.789,3.792,3.787,3.793,3.796,3.790,3.791,-61.072,-3284.000
3.410,3.404,3.408,3.404,3.405,3.409,3.402,3.801,3.794,3.797,3.789,3.796,3.790,3.795,-60.958,-3283.000
3.403,3.407,3.405,3.406,3.401,3.401,3.405,3.791,3.788,3.789,3.786,3.783,3.785,3.790,-61.023,-3282.000
3.398,3.409,3.404,3.404,3.405,3.401,3.403,3.791,3.786,3.784,3.786,3.788,3.791,3.787,-60.953,-3281.000
3.408,3.404,3.405,3.407,3.400,3.405,3.401,3.791,3.780,3.788,3.787,3.792,3.795,3.793,-60.840,-3280.000
3.409,3.399,3.406,3.401,3.401,3.403,3.407,3.789,3.781,3.778,3.790,3.795,3.791,3.789,-60.728,-3279.000
3.398,3.397,3.403,3.400,3.402,3.401,3.403,3.787,3.796,3.783,3.791,3.782,3.786,3.781,-60.656,-3278.000
3.399,3.393,3.405,3.396,3.402,3.402,3.405,3.791,3.796,3.794,3.790,3.791,3.787,3.786,-60.737,-3277.000
3.410,3.397,3.398,3.404,3.403,3.404,3.404,3.791,3.791,3.788,3.794,3.783,3.785,3.794,-60.694,-3276.000
3.401,3.396,3.398,3.400,3.404,3.400,3.401,3.790,3.788,3.790,3.787,3.789,3.785,3.789,-60.738,-3275.000
3.401,3.402,3.393,3.401,3.399,3.406,3.399,3.790,3.788,3.787,3.784,3.786,3.788,3.787,-60.729,-3274.000
3.403,3.401,3.398,3.399,3.398,3.398,3.401,3.787,3.788,3.793,3.784,3.788,3.791,3.787,-60.726,-3273.000
3.400,3.401,3.396,3.400,3.401,3.401,3.398,3.785,3.784,3.790,3.791,3.791,3.789,3.788,-60.697,-3272.000
3.397,3.395,3.402,3.399,3.404,3.397,3.402,3.792,3.788,3.785,3.789,3.788,3.786,3.790,-60.601,-3271.000
3.396,3.394,3.401,3.403,3.401,3.397,3.403,3.795,3.787,3.788,3.789,3.790,3.785,3.790,-60.581,-3270.000
3.402,3.398,3.397,3.402,3.400,3.399,3.403,3.784,3.793,3.793,3.794,3.787,3.786,3.789,-60.653,-3269.000
3.396,3.404,3.394,3.403,3.396,3.400,3.407,3.786,3.790,3.791,3.789,3.792,3.782,3.785,-60.624,-3268.000
3.402,3.403,3.403,3.400,3.399,3.395,3.403,3.790,3.787,3.794,3.793,3.785,3.784,3.785,-60.605,-3267.000
3.392,3.398,3.398,3.402,3.402,3.401,3.395,3.791,3.790,3.784,3.790,3.788,3.786,3.789,-60.671,-3266.000
3.397,3.400,3.398,3.399,3.402,3.401,3.398,3.792,3.787,3.793,3.788,3.790,3.787,3.786,-60.710,-3265.000
3.403,3.402,3.396,3.402,3.397,3.398,3.403,3.792,3.786,3.790,3.784,3.786,3.787,3.790,-60.672,-3264.000
3.402,3.397,3.395,3.395,3.395,3.393,3.403,3.787,3.780,3.785,3.785,3.784,3.793,3.788,-60.683,-3263.000
3.401,3.402,3.392,3.396,3.402,3.392,3.403,3.786,3.787,3.782,3.784,3.790,3.784,3.781,-60.747,-3262.000
3.396,3.396,3.396,3.400,3.392,3.398,3.400,3.781,3.782,3.789,3.788,3.783,3.781,3.786,-60.785,-3261.000
3.392,3.400,3.403,3.396,3.400,3.401,3.394,3.786,3.792,3.781,3.786,3.789,3.791,3.789,-60.738,-3260.000
3.394,3.398,3.403,3.404,3.395,3.396,3.400,3.789,3.790,3.790,3.787,3.791,3.798,3.792,-60.786,-3259.000
3.396,3.396,3.400,3.400,3.399,3.397,3.398,3.781,3.784,3.784,3.794,3.792,3.787,3.790,-60.599,-3258.000
3.394,3.396,3.393,3.394,3.399,3.401,3.397,3.787,3.788,3.786,3.784,3.786,3.786,3.788,-60.720,-3257.000
3.397,3.398,3.394,3.393,3.392,3.399,3.397,3.787,3.785,3.789,3.777,3.790,3.790,3.781,-60.707,-3256.000
3.393,3.395,3.399,3.393,3.396,3.399,3.392,3.787,3.790,3.790,3.787,3.784,3.789,3.785,-60.709,-3255.000
3.393,3.394,3.391,3.394,3.393,3.397,3.392,3.783,3.786,3.785,3.793,3.786,3.783,3.790,-60.662,-3254.000
3.398,3.394,3.398,3.391,3.395,3.391,3.393,3.784,3.792,3.787,3.779,3.782,3.783,3.783,-60.612,-3253.000
3.394,3.393,3.393,3.391,3.392,3.396,3.390,3.781,3.780,3.781,3.778,3.789,3.782,3.786,-60.595,-3252.000
3.397,3.392,3.397,3.394,3.397,3.389,3.395,3.784,3.781,3.789,3.789,3.787,3.787,3.786,-60.528,-3251.000
3.397,3.392,3.393,3.396,3.398,3.399,3.397,3.784,3.788,3.779,3.781,3.784,3.786,3.782,-60.578,-3250.000
3.397,3.391,3.398,3.393,3.395,3.400,3.394,3.787,3.785,3.788,3.787,3.781,3.787,3.787,-60.517,-3249.000
3.394,3.395,3.396,3.398,3.398,3.397,3.395,3.783,3.782,3.789,3.788,3.784,3.788,3.789,-60.517,-3248.000
3.402,3.399,3.397,3.399,3.401,3.405,3.402,3.785,3.781,3.787,3.788,3.784,3.789,3.783,-60.605,-3247.000
3.398,3.397,3.389,3.399,3.406,3.401,3.397,3.783,3.784,3.780,3.785,3.786,3.784,3.789,-60.575,-3246.000
3.401,3.403,3.404,3.398,3.401,3.401,3.401,3.789,3.786,3.800,3.788,3.784,3.790,3.786,-60.577,-3245.000
3.401,3.408,3.405,3.401,3.401,3.405,3.396,3.787,3.785,3.792,3.789,3.787,3.792,3.789,-60.580,-3244.000
3.403,3.403,3.401,3.402,3.403,3.398,3.400,3.782,3.789,3.787,3.784,3.786,3.790,3.787,-60.556,-3243.000
3.404,3.399,3.407,3.403,3.406,3.404,3.398,3.792,3.789,3.787,3.789,3.790,3.791,3.783,-60.623,-3242.000
3.398,3.406,3.399,3.405,3.403,3.399,3.403,3.790,3.792,3.784,3.784,3.783,3.785,3.783,-60.550,-3241.000
3.401,3.405,3.402,3.399,3.401,3.408,3.398,3.792,3.785,3.798,3.792,3.786,3.793,3.790,-60.563,-3240.000
3.407,3.406,3.401,3.406,3.400,3.402,3.406,3.792,3.796,3.793,3.793,3.792,3.794,3.798,-60.489,-3239.000
3.404,3.403,3.411,3.404,3.406,3.404,3.408,3.792,3.791,3.803,3.786,3.789,3.790,3.789,-60.805,-3238.000
3.403,3.405,3.405,3.405,3.404,3.410,3.404,3.795,3.784,3.793,3.792,3.793,3.793,3.789,-60.798,-3237.000
3.406,3.403,3.405,3.401,3.401,3.396,3.409,3.792,3.789,3.790,3.791,3.788,3.788,3.789,-60.856,-3236.000
3.401,3.403,3.405,3.405,3.405,3.407,3.397,3.791,3.787,3.788,3.789,3.787,3.789,3.785,-60.822,-3235.000
3.397,3.404,3.399,3.409,3.406,3.406,3.407,3.787,3.794,3.784,3.787,3.791,3.791,3.791,-60.859,-3234.000
3.403,3.401,3.407,3.407,3.401,3.401,3.398,3.783,3.786,3.789,3.788,3.790,3.786,3.786,-60.823,-3233.000
3.402,3.407,3.405,3.397,3.407,3.400,3.400,3.788,3.788,3.793,3.786,3.783,3.788,3.791,-60.879,-3232.000
3.396,3.398,3.400,3.400,3.400,3.396,3.400,3.787,3.786,3.785,3.785,3.789,3.786,3.785,-60.983,-3231.000
3.400,3.407,3.397,3.402,3.396,3.402,3.407,3.788,3.792,3.788,3.780,3.792,3.780,3.791,-60.956,-3230.000
3.403,3.398,3.396,3.404,3.401,3.402,3.403,3.788,3.787,3.789,3.790,3.789,3.786,3.776,-60.848,-3229.000
3.400,3.400,3.401,3.399,3.405,3.401,3.404,3.789,3.786,3.788,3.791,3.788,3.791,3.788,-60.824,-3228.000
3.401,3.396,3.398,3.399,3.404,3.398,3.403,3.784,3.781,3.786,3.783,3.784,3.785,3.782,-60.896,-3227.000
3.403,3.398,3.402,3.397,3.395,3.401,3.397,3.786,3.779,3.783,3.780,3.780,3.780,3.783,-60.739,-3226.000
3.406,3.399,3.404,3.399,3.400,3.394,3.397,3.783,3.785,3.784,3.787,3.785,3.782,3.782,-60.741,-3225.000
3.395,3.406,3.401,3.402,3.397,3.398,3.399,3.785,3.784,3.785,3.787,3.784,3.785,3.782,-60.618,-3224.000
3.400,3.394,3.401,3.395,3.392,3.399,3.398,3.789,3.793,3.779,3.783,3.788,3.784,3.786,-60.685,-3223.000
3.398,3.396,3.401,3.392,3.395,3.396,3.394,3.785,3.784,3.788,3.787,3.788,3.784,3.786,-60.650,-3222.000
3.396,3.394,3.400,3.392,3.399,3.401,3.399,3.785,3.785,3.785,3.783,3.782,3.784,3.784,-60.852,-3221.000
3.396,3.400,3.399,3.394,3.397,3.395,3.397,3.782,3.788,3.778,3.787,3.780,3.781,3.781,-60.942,-3220.000
3.392,3.396,3.401,3.396,3.395,3.395,3.398,3.777,3.788,3.788,3.785,3.786,3.783,3.788,-60.875,-3219.000
3.401,3.400,3.393,3.401,3.402,3.398,3.399,3.784,3.784,3.785,3.786,3.782,3.781,3.780,-60.677,-3218.000
3.399,3.401,3.396,3.397,3.398,3.402,3.397,3.787,3.784,3.782,3.783,3.778,3.784,3.781,-60.637,-3217.000
3.398,3.398,3.396,3.396,3.397,3.400,3.399,3.782,3.779,3.780,3.784,3.785,3.784,3.780,-60.637,-3216.000
3.402,3.398,3.395,3.399,3.399,3.389,3.399,3.776,3.780,3.785,3.783,3.784,3.787,3.783,-60.599,-3215.000
3.396,3.394,3.394,3.399,3.402,3.400,3.398,3.787,3.788,3.785,3.787,3.791,3.788,3.780,-60.711,-3214.000
3.397,3.401,3.403,3.399,3.398,3.400,3.395,3.784,3.785,3.787,3.790,3.786,3.784,3.789,-60.694,-3213.000
3.399,3.401,3.401,3.400,3.401,3.394,3.396,3.782,3.784,3.785,3.798,3.788,3.791,3.783,-60.852,-3212.000
3.399,3.398,3.404,3.401,3.397,3.400,3.402,3.791,3.787,3.783,3.786,3.785,3.787,3.786,-60.885,-3211.000
3.397,3.397,3.398,3.395,3.401,3.399,3.401,3.782,3.788,3.788,3.794,3.790,3.787,3.787,-60.676,-3210.000
3.401,3.401,3.408,3.400,3.398,3.397,3.398,3.788,3.791,3.787,3.791,3.792,3.794,3.789,-60.733,-3209.000
3.398,3.402,3.397,3.395,3.400,3.407,3.404,3.786,3.796,3.795,3.798,3.789,3.783,3.784,-60.703,-3208.000
3.404,3.397,3.400,3.399,3.399,3.401,3.398,3.790,3.792,3.794,3.787,3.789,3.790,3.790,-60.634,-3207.000
3.400,3.405,3.399,3.400,3.399,3.402,3.398,3.787,3.791,3.794,3.794,3.790,3.784,3.792,-60.612,-3206.000
3.401,3.404,3.400,3.395,3.400,3.401,3.401,3.793,3.796,3.795,3.795,3.788,3.797,3.790,-60.587,-3205.000
3.395,3.400,3.395,3.400,3.398,3.405,3.397,3.788,3.792,3.792,3.788,3.789,3.789,3.791,-60.561,-3204.000
3.405,3.400,3.398,3.400,3.406,3.400,3.396,3.792,3.793,3.790,3.793,3.793,3.789,3.795,-60.481,-3203.000
3.403,3.401,3.399,3.402,3.396,3.398,3.390,3.788,3.793,3.789,3.789,3.787,3.789,3.785,-60.627,-3202.000
3.401,3.397,3.400,3.392,3.402,3.393,3.399,3.785,3.783,3.781,3.780,3.784,3.785,3.788,-60.585,-3201.000
3.392,3.397,3.400,3.404,3.399,3.406,3.398,3.789,3.787,3.787,3.789,3.790,3.788,3.785,-60.516,-3200.000
3.397,3.400,3.400,3.396,3.401,3.403,3.402,3.785,3.785,3.786,3.782,3.790,3.782,3.790,-60.516,-3199.000
3.392,3.396,3.396,3.393,3.398,3.392,3.397,3.790,3.788,3.786,3.789,3.784,3.799,3.792,-60.722,-3198.000
3.399,3.401,3.398,3.399,3.407,3.394,3.405,3.787,3.792,3.790,3.795,3.791,3.785,3.790,-60.619,-3197.000
3.396,3.396,3.396,3.390,3.391,3.401,3.400,3.784,3.787,3.785,3.788,3.791,3.788,3.794,-60.516,-3196.000
3.402,3.395,3.400,3.399,3.401,3.400,3.392,3.790,3.786,3.790,3.790,3.789,3.790,3.785,-60.556,-3195.000
3.395,3.396,3.399,3.397,3.396,3.397,3.400,3.791,3.790,3.787,3.786,3.784,3.782,3.788,-60.568,-3194.000
3.401,3.404,3.402,3.399,3.397,3.403,3.401,3.791,3.790,3.786,3.787,3.784,3.784,3.790,-60.720,-3193.000
3.400,3.392,3.401,3.402,3.394,3.394,3.400,3.784,3.792,3.780,3.791,3.788,3.786,3.794,-60.820,-3192.000
3.403,3.397,3.394,3.402,3.398,3.401,3.397,3.787,3.791,3.786,3.785,3.786,3.794,3.790,-60.766,-3191.000
3.401,3.395,3.399,3.397,3.397,3.396,3.398,3.789,3.787,3.784,3.780,3.785,3.789,3.785,-60.657,-3190.000
3.390,3.396,3.398,3.392,3.396,3.394,3.396,3.789,3.786,3.786,3.787,3.787,3.790,3.786,-60.665,-3189.000
3.403,3.394,3.394,3.395,3.400,3.395,3.395,3.786,3.797,3.792,3.788,3.794,3.785,3.783,-60.762,-3188.000
3.399,3.398,3.400,3.397,3.403,3.396,3.396,3.787,3.786,3.782,3.794,3.786,3.790,3.789,-60.809,-3187.000
3.400,3.396,3.400,3.398,3.400,3.395,3.398,3.785,3.792,3.784,3.785,3.789,3.789,3.786,-60.871,-3186.000
3.406,3.400,3.395,3.399,3.408,3.397,3.400,3.788,3.789,3.788,3.782,3.788,3.791,3.781,-60.935,-3185.000
3.401,3.397,3.406,3.400,3.398,3.400,3.402,3.789,3.792,3.782,3.789,3.790,3.788,3.787,-60.841,-3184.000
3.400,3.397,3.396,3.397,3.398,3.394,3.398,3.787,3.789,3.789,3.789,3.793,3.787,3.786,-60.886,-3183.000
3.399,3.402,3.395,3.398,3.403,3.401,3.399,3.788,3.784,3.787,3.780,3.792,3.786,3.790,-60.826,-3182.000
3.397,3.398,3.402,3.398,3.401,3.398,3.399,3.790,3.791,3.790,3.792,3.785,3.790,3.785,-60.775,-3181.000
3.398,3.400,3.393,3.406,3.400,3.398,3.402,3.786,3.786,3.793,3.793,3.790,3.782,3.791,-60.615,-3180.000
3.399,3.398,3.399,3.400,3.398,3.398,3.396,3.788,3.786,3.786,3.787,3.789,3.782,3.786,-60.732,-3179.000
3.396,3.401,3.406,3.399,3.399,3.398,3.396,3.789,3.791,3.799,3.791,3.787,3.786,3.784,-60.779,-3178.000
3.400,3.398,3.398,3.400,3.398,3.401,3.400,3.783,3.792,3.786,3.784,3.784,3.786,3.787,-60.749,-3177.000
3.402,3.396,3.398,3.402,3.402,3.400,3.406,3.785,3.787,3.786,3.788,3.787,3.788,3.787,-60.724,-3176.000
3.402,3.402,3.400,3.399,3.404,3.406,3.397,3.790,3.786,3.788,3.789,3.792,3.785,3.787,-60.811,-3175.000
3.402,3.404,3.405,3.395,3.408,3.401,3.400,3.789,3.792,3.790,3.800,3.789,3.792,3.791,-61.004,-3174.000
3.395,3.400,3.396,3.399,3.403,3.403,3.406,3.780,3.788,3.782,3.788,3.784,3.787,3.784,-60.934,-3173.000
3.402,3.402,3.406,3.404,3.400,3.404,3.403,3.795,3.790,3.782,3.785,3.787,3.787,3.787,-61.014,-3172.000
3.409,3.398,3.402,3.402,3.402,3.405,3.408,3.787,3.786,3.782,3.790,3.786,3.788,3.791,-60.885,-3171.000
3.400,3.407,3.399,3.402,3.403,3.406,3.404,3.789,3.783,3.789,3.786,3.782,3.779,3.783,-60.971,-3170.000
3.405,3.401,3.401,3.404,3.399,3.397,3.403,3.779,3.783,3.782,3.791,3.788,3.792,3.790,-61.020,-3169.000
3.400,3.405,3.399,3.406,3.401,3.403,3.403,3.786,3.788,3.779,3.780,3.784,3.783,3.786,-60.772,-3168.000
3.402,3.402,3.403,3.404,3.399,3.406,3.407,3.788,3.788,3.791,3.786,3.787,3.784,3.793,-60.820,-3167.000
3.406,3.401,3.406,3.401,3.407,3.411,3.397,3.785,3.785,3.788,3.789,3.788,3.791,3.785,-60.987,-3166.000
3.402,3.401,3.402,3.401,3.405,3.400,3.403,3.788,3.793,3.788,3.789,3.787,3.793,3.787,-60.879,-3165.000
3.409,3.406,3.406,3.399,3.401,3.399,3.401,3.782,3.777,3.785,3.783,3.785,3.785,3.787,-60.741,-3164.000
3.402,3.401,3.399,3.405,3.405,3.407,3.402,3.788,3.787,3.789,3.790,3.788,3.782,3.786,-60.815,-3163.000
3.404,3.400,3.403,3.398,3.401,3.401,3.404,3.784,3.786,3.785,3.788,3.783,3.789,3.784,-60.749,-3162.000
3.405,3.404,3.403,3.402,3.396,3.397,3.400,3.788,3.787,3.786,3.784,3.794,3.784,3.778,-60.495,-3161.000
3.398,3.405,3.399,3.406,3.403,3.406,3.398,3.791,3.788,3.789,3.792,3.793,3.788,3.781,-60.588,-3160.000
3.403,3.402,3.406,3.406,3.402,3.409,3.401,3.787,3.787,3.783,3.794,3.789,3.789,3.796,-60.596,-3159.000
3.404,3.413,3.409,3.405,3.405,3.399,3.403,3.787,3.787,3.789,3.791,3.791,3.791,3.787,-60.698,-3158.000
3.402,3.401,3.399,3.401,3.407,3.401,3.398,3.787,3.792,3.782,3.790,3.789,3.785,3.782,-60.720,-3157.000
3.400,3.412,3.401,3.401,3.405,3.402,3.404,3.789,3.791,3.789,3.788,3.786,3.793,3.791,-60.720,-3156.000
3.406,3.407,3.403,3.408,3.405,3.404,3.406,3.792,3.788,3.791,3.791,3.788,3.788,3.790,-60.745,-3155.000
3.405,3.412,3.403,3.400,3.405,3.404,3.403,3.782,3.790,3.787,3.791,3.787,3.792,3.791,-60.771,-3154.000
3.408,3.399,3.404,3.401,3.410,3.399,3.404,3.789,3.782,3.785,3.789,3.788,3.789,3.788,-60.771,-3153.000
3.403,3.404,3.396,3.406,3.404,3.406,3.403,3.793,3.789,3.784,3.789,3.791,3.790,3.788,-60.786,-3152.000
3.401,3.401,3.405,3.405,3.403,3.400,3.408,3.794,3.779,3.783,3.789,3.783,3.790,3.784,-60.670,-3151.000
3.404,3.403,3.403,3.407,3.402,3.403,3.403,3.786,3.783,3.789,3.784,3.785,3.783,3.792,-60.659,-3150.000
3.407,3.399,3.405,3.403,3.409,3.402,3.405,3.790,3.789,3.789,3.792,3.793,3.783,3.786,-60.694,-3149.000
3.402,3.407,3.405,3.404,3.404,3.409,3.401,3.786,3.796,3.786,3.797,3.790,3.785,3.781,-60.759,-3148.000
3.404,3.403,3.400,3.400,3.402,3.409,3.402,3.786,3.789,3.794,3.787,3.787,3.786,3.790,-60.678,-3147.000
3.406,3.401,3.404,3.409,3.407,3.404,3.407,3.792,3.797,3.786,3.795,3.784,3.792,3.789,-60.786,-3146.000
3.406,3.402,3.406,3.401,3.408,3.403,3.404,3.789,3.787,3.787,3.788,3.795,3.789,3.787,-60.687,-3145.000
3.407,3.400,3.403,3.392,3.407,3.399,3.402,3.795,3.792,3.788,3.790,3.789,3.791,3.794,-60.713,-3144.000
3.408,3.406,3.397,3.403,3.404,3.406,3.400,3.783,3.786,3.795,3.792,3.797,3.786,3.791,-60.583,-3143.000
3.406,3.401,3.400,3.403,3.407,3.404,3.401,3.791,3.793,3.793,3.779,3.786,3.783,3.783,-60.435,-3142.000
3.411,3.403,3.409,3.405,3.404,3.403,3.409,3.797,3.788,3.793,3.786,3.786,3.787,3.792,-60.439,-3141.000
3.405,3.403,3.402,3.406,3.405,3.403,3.404,3.790,3.787,3.787,3.781,3.784,3.784,3.787,-60.632,-3140.000
3.403,3.403,3.396,3.404,3.402,3.398,3.402,3.790,3.787,3.787,3.785,3.787,3.790,3.789,-60.650,-3139.000
3.399,3.404,3.399,3.399,3.399,3.400,3.406,3.789,3.791,3.789,3.793,3.788,3.796,3.788,-60.766,-3138.000
3.396,3.397,3.403,3.395,3.401,3.397,3.402,3.788,3.788,3.787,3.786,3.792,3.786,3.786,-60.782,-3137.000
3.400,3.398,3.398,3.395,3.400,3.397,3.402,3.786,3.789,3.788,3.785,3.789,3.789,3.784,-60.672,-3136.000
3.395,3.396,3.403,3.398,3.398,3.399,3.399,3.792,3.788,3.785,3.791,3.784,3.784,3.787,-60.771,-3135.000
3.402,3.405,3.399,3.397,3.395,3.400,3.397,3.788,3.781,3.788,3.786,3.791,3.792,3.786,-60.793,-3134.000
3.388,3.399,3.400,3.393,3.398,3.395,3.394,3.787,3.786,3.785,3.783,3.792,3.789,3.788,-60.727,-3133.000
3.397,3.394,3.396,3.398,3.395,3.398,3.394,3.787,3.787,3.783,3.786,3.783,3.781,3.783,-60.727,-3132.000
3.393,3.399,3.396,3.395,3.395,3.398,3.393,3.783,3.786,3.786,3.786,3.783,3.784,3.785,-60.880,-3131.000
3.391,3.402,3.396,3.388,3.391,3.396,3.395,3.783,3.772,3.783,3.786,3.783,3.786,3.787,-60.965,-3130.000
3.396,3.390,3.393,3.392,3.397,3.393,3.393,3.778,3.788,3.778,3.783,3.780,3.786,3.784,-60.860,-3129.000
3.395,3.399,3.391,3.386,3.394,3.386,3.396,3.780,3.780,3.778,3.779,3.783,3.783,3.786,-60.859,-3128.000
3.398,3.389,3.392,3.384,3.396,3.391,3.389,3.783,3.782,3.782,3.785,3.778,3.780,3.786,-60.973,-3127.000
3.395,3.390,3.393,3.392,3.389,3.394,3.388,3.782,3.779,3.786,3.778,3.781,3.783,3.780,-60.905,-3126.000
3.392,3.392,3.395,3.391,3.390,3.391,3.394,3.781,3.782,3.781,3.783,3.784,3.779,3.780,-60.840,-3125.000
3.392,3.388,3.382,3.396,3.390,3.391,3.402,3.778,3.777,3.779,3.778,3.783,3.782,3.780,-60.888,-3124.000
3.393,3.404,3.390,3.395,3.394,3.393,3.391,3.783,3.783,3.779,3.780,3.777,3.779,3.782,-60.739,-3123.000
3.387,3.390,3.385,3.388,3.394,3.392,3.389,3.779,3.777,3.781,3.777,3.778,3.774,3.781,-60.731,-3122.000
3.391,3.393,3.387,3.389,3.391,3.391,3.393,3.780,3.782,3.779,3.776,3.774,3.774,3.778,-60.622,-3121.000
3.390,3.388,3.394,3.390,3.394,3.387,3.385,3.780,3.780,3.785,3.782,3.778,3.780,3.776,-60.638,-3120.000
3.394,3.390,3.395,3.386,3.391,3.385,3.388,3.779,3.778,3.775,3.773,3.777,3.778,3.780,-60.594,-3119.000
3.389,3.386,3.391,3.386,3.384,3.390,3.388,3.777,3.773,3.777,3.780,3.775,3.782,3.784,-60.866,-3118.000
3.385,3.382,3.389,3.393,3.382,3.389,3.380,3.778,3.779,3.778,3.776,3.770,3.770,3.768,-60.653,-3117.000
3.385,3.386,3.385,3.384,3.385,3.384,3.387,3.773,3.771,3.776,3.772,3.773,3.776,3.773,-60.686,-3116.000
3.381,3.390,3.386,3.384,3.381,3.384,3.384,3.773,3.771,3.773,3.778,3.776,3.770,3.774,-60.408,-3115.000
3.385,3.382,3.386,3.385,3.383,3.384,3.386,3.768,3.776,3.773,3.770,3.775,3.772,3.779,-60.405,-3114.000
3.383,3.384,3.384,3.381,3.384,3.387,3.388,3.779,3.778,3.776,3.777,3.772,3.770,3.772,-60.425,-3113.000
3.388,3.387,3.387,3.385,3.383,3.383,3.386,3.770,3.763,3.776,3.770,3.777,3.780,3.779,-60.500,-3112.000
3.385,3.383,3.391,3.385,3.386,3.385,3.390,3.774,3.773,3.776,3.776,3.772,3.774,3.774,-60.463,-3111.000
3.387,3.387,3.381,3.387,3.389,3.384,3.390,3.774,3.777,3.770,3.777,3.771,3.774,3.771,-60.463,-3110.000
3.387,3.390,3.389,3.391,3.391,3.390,3.382,3.773,3.775,3.779,3.770,3.782,3.780,3.774,-60.498,-3109.000
3.388,3.388,3.389,3.390,3.387,3.396,3.388,3.775,3.778,3.779,3.781,3.782,3.779,3.776,-60.666,-3108.000
3.394,3.389,3.398,3.393,3.389,3.396,3.395,3.778,3.778,3.780,3.778,3.775,3.777,3.780,-60.621,-3107.000
3.392,3.394,3.393,3.399,3.395,3.400,3.396,3.779,3.776,3.781,3.782,3.773,3.772,3.772,-60.631,-3106.000
3.394,3.400,3.392,3.397,3.391,3.398,3.400,3.781,3.783,3.783,3.779,3.777,3.778,3.781,-60.568,-3105.000
3.393,3.395,3.392,3.396,3.394,3.401,3.398,3.776,3.780,3.776,3.787,3.777,3.779,3.784,-60.651,-3104.000
3.398,3.393,3.393,3.397,3.405,3.399,3.400,3.784,3.781,3.781,3.780,3.786,3.785,3.781,-60.558,-3103.000
3.396,3.397,3.397,3.396,3.396,3.397,3.392,3.781,3.775,3.786,3.777,3.782,3.774,3.783,-60.438,-3102.000
3.398,3.394,3.397,3.401,3.401,3.400,3.397,3.783,3.783,3.781,3.780,3.782,3.774,3.777,-60.296,-3101.000
3.395,3.394,3.395,3.394,3.397,3.395,3.399,3.782,3.780,3.782,3.785,3.778,3.782,3.782,-60.312,-3100.000
3.400,3.400,3.400,3.395,3.394,3.397,3.395,3.783,3.783,3.785,3.779,3.782,3.776,3.780,-60.407,-3099.000
3.399,3.398,3.397,3.399,3.394,3.398,3.398,3.783,3.787,3.778,3.785,3.781,3.777,3.780,-60.408,-3098.000
3.394,3.397,3.394,3.393,3.396,3.397,3.393,3.779,3.776,3.773,3.777,3.784,3.785,3.779,-60.249,-3097.000
3.396,3.396,3.401,3.393,3.398,3.398,3.399,3.780,3.784,3.784,3.785,3.787,3.779,3.778,-60.234,-3096.000
3.397,3.396,3.394,3.396,3.393,3.398,3.397,3.774,3.780,3.780,3.782,3.790,3.781,3.780,-60.329,-3095.000
3.398,3.389,3.392,3.389,3.395,3.393,3.398,3.784,3.776,3.781,3.780,3.782,3.781,3.783,-60.610,-3094.000
3.400,3.391,3.396,3.390,3.399,3.391,3.397,3.783,3.790,3.785,3.784,3.784,3.777,3.780,-60.563,-3093.000
3.394,3.396,3.398,3.394,3.395,3.385,3.395,3.783,3.781,3.778,3.780,3.777,3.775,3.775,-60.596,-3092.000
3.395,3.400,3.394,3.392,3.394,3.393,3.394,3.784,3.779,3.777,3.780,3.783,3.780,3.784,-60.652,-3091.000
3.387,3.391,3.394,3.392,3.395,3.391,3.395,3.781,3.779,3.778,3.775,3.782,3.785,3.782,-60.634,-3090.000
3.390,3.389,3.390,3.389,3.389,3.390,3.387,3.780,3.783,3.786,3.779,3.779,3.781,3.783,-60.597,-3089.000
3.388,3.389,3.387,3.394,3.397,3.387,3.391,3.777,3.776,3.778,3.781,3.780,3.775,3.777,-60.366,-3088.000
3.389,3.385,3.389,3.390,3.387,3.397,3.390,3.780,3.785,3.778,3.786,3.781,3.781,3.787,-60.530,-3087.000
3.396,3.394,3.395,3.391,3.391,3.389,3.392,3.776,3.776,3.778,3.784,3.776,3.783,3.778,-60.411,-3086.000
3.392,3.391,3.385,3.396,3.389,3.392,3.393,3.782,3.772,3.779,3.778,3.776,3.782,3.776,-60.377,-3085.000
3.393,3.391,3.385,3.390,3.391,3.390,3.394,3.780,3.770,3.783,3.774,3.781,3.781,3.779,-60.599,-3084.000
3.391,3.389,3.395,3.398,3.397,3.393,3.392,3.781,3.778,3.787,3.780,3.783,3.776,3.781,-60.448,-3083.000
3.387,3.389,3.388,3.394,3.394,3.394,3.393,3.785,3.782,3.786,3.782,3.780,3.775,3.780,-60.623,-3082.000
3.390,3.392,3.387,3.391,3.393,3.395,3.392,3.774,3.778,3.780,3.771,3.773,3.780,3.780,-60.519,-3081.000
3.392,3.395,3.396,3.396,3.392,3.393,3.394,3.780,3.778,3.777,3.776,3.778,3.778,3.782,-60.511,-3080.000
3.392,3.390,3.396,3.388,3.394,3.394,3.400,3.784,3.776,3.774,3.781,3.781,3.779,3.780,-60.482,-3079.000
3.393,3.393,3.392,3.390,3.389,3.388,3.393,3.775,3.777,3.778,3.777,3.780,3.776,3.775,-60.558,-3078.000
3.390,3.388,3.394,3.397,3.391,3.393,3.386,3.781,3.780,3.780,3.781,3.778,3.779,3.777,-60.474,-3077.000
3.388,3.396,3.395,3.392,3.391,3.394,3.394,3.780,3.779,3.780,3.782,3.781,3.779,3.776,-60.553,-3076.000
3.395,3.396,3.394,3.391,3.387,3.395,3.396,3.782,3.777,3.778,3.780,3.776,3.778,3.776,-60.535,-3075.000
3.396,3.392,3.395,3.396,3.391,3.393,3.393,3.783,3.786,3.778,3.784,3.788,3.783,3.771,-60.586,-3074.000
3.394,3.396,3.393,3.386,3.389,3.393,3.390,3.784,3.786,3.780,3.778,3.778,3.782,3.782,-60.462,-3073.000
3.392,3.394,3.398,3.393,3.391,3.392,3.389,3.779,3.781,3.782,3.775,3.780,3.780,3.784,-60.483,-3072.000
3.390,3.391,3.392,3.396,3.390,3.388,3.392,3.783,3.780,3.781,3.780,3.781,3.778,3.781,-60.382,-3071.000
3.391,3.386,3.395,3.393,3.388,3.383,3.388,3.777,3.785,3.781,3.778,3.777,3.778,3.776,-60.420,-3070.000
3.390,3.394,3.391,3.392,3.389,3.392,3.394,3.776,3.774,3.775,3.777,3.780,3.778,3.782,-60.459,-3069.000
3.396,3.390,3.392,3.392,3.392,3.390,3.387,3.780,3.776,3.775,3.779,3.783,3.783,3.780,-60.444,-3068.000
3.391,3.390,3.387,3.391,3.394,3.389,3.390,3.778,3.776,3.775,3.778,3.781,3.772,3.775,-60.528,-3067.000
3.392,3.391,3.389,3.392,3.392,3.394,3.390,3.773,3.779,3.777,3.775,3.784,3.777,3.773,-60.579,-3066.000
3.391,3.393,3.395,3.393,3.395,3.395,3.393,3.779,3.775,3.780,3.777,3.780,3.778,3.779,-60.452,-3065.000
3.390,3.394,3.391,3.392,3.395,3.397,3.392,3.781,3.778,3.777,3.781,3.775,3.777,3.777,-60.493,-3064.000
3.395,3.392,3.391,3.397,3.393,3.392,3.389,3.791,3.777,3.778,3.779,3.778,3.778,3.778,-60.435,-3063.000
3.399,3.391,3.397,3.390,3.400,3.390,3.391,3.784,3.784,3.777,3.774,3.775,3.775,3.774,-60.649,-3062.000
3.397,3.391,3.397,3.393,3.396,3.391,3.386,3.780,3.786,3.780,3.780,3.772,3.775,3.779,-60.841,-3061.000
3.394,3.395,3.389,3.393,3.389,3.395,3.392,3.777,3.775,3.776,3.779,3.777,3.775,3.775,-60.723,-3060.000
3.399,3.394,3.394,3.394,3.393,3.392,3.396,3.780,3.778,3.777,3.776,3.785,3.779,3.786,-60.693,-3059.000
3.394,3.398,3.398,3.401,3.391,3.392,3.391,3.774,3.772,3.775,3.773,3.778,3.774,3.776,-60.615,-3058.000
3.396,3.390,3.396,3.389,3.390,3.393,3.388,3.777,3.775,3.776,3.778,3.783,3.780,3.777,-60.612,-3057.000
3.393,3.398,3.393,3.394,3.392,3.393,3.399,3.782,3.777,3.779,3.781,3.777,3.781,3.775,-60.616,-3056.000
3.394,3.393,3.397,3.392,3.395,3.392,3.395,3.780,3.776,3.780,3.776,3.776,3.780,3.774,-60.611,-3055.000
3.394,3.390,3.391,3.389,3.384,3.390,3.395,3.783,3.779,3.777,3.780,3.782,3.778,3.776,-60.486,-3054.000
3.393,3.398,3.391,3.391,3.397,3.388,3.390,3.782,3.779,3.779,3.781,3.781,3.780,3.776,-60.283,-3053.000
3.396,3.397,3.392,3.391,3.398,3.397,3.393,3.776,3.776,3.781,3.779,3.775,3.786,3.785,-60.180,-3052.000
3.396,3.391,3.395,3.394,3.395,3.392,3.394,3.774,3.780,3.781,3.776,3.780,3.775,3.779,-60.289,-3051.000
3.391,3.393,3.392,3.394,3.392,3.397,3.393,3.785,3.779,3.778,3.779,3.777,3.776,3.780,-60.357,-3050.000
3.401,3.393,3.390,3.391,3.395,3.386,3.397,3.778,3.772,3.773,3.770,3.782,3.778,3.784,-60.280,-3049.000
3.397,3.389,3.395,3.389,3.390,3.390,3.388,3.777,3.774,3.776,3.773,3.778,3.773,3.779,-60.261,-3048.000
3.395,3.390,3.386,3.392,3.391,3.395,3.393,3.774,3.775,3.780,3.777,3.779,3.771,3.782,-60.231,-3047.000
3.390,3.392,3.396,3.386,3.391,3.388,3.391,3.770,3.773,3.775,3.771,3.776,3.772,3.776,-60.324,-3046.000
3.391,3.396,3.389,3.395,3.392,3.384,3.385,3.769,3.776,3.771,3.776,3.775,3.775,3.772,-60.322,-3045.000
3.392,3.387,3.387,3.390,3.384,3.389,3.393,3.775,3.773,3.776,3.779,3.780,3.776,3.778,-60.351,-3044.000
3.390,3.394,3.389,3.389,3.390,3.401,3.392,3.776,3.779,3.779,3.773,3.774,3.779,3.775,-60.402,-3043.000
3.389,3.397,3.387,3.388,3.389,3.396,3.390,3.778,3.777,3.778,3.777,3.776,3.778,3.777,-60.480,-3042.000
3.390,3.390,3.389,3.384,3.387,3.389,3.394,3.786,3.780,3.766,3.768,3.782,3.780,3.771,-60.383,-3041.000
3.399,3.388,3.395,3.392,3.394,3.392,3.394,3.772,3.778,3.780,3.782,3.778,3.782,3.775,-60.433,-3040.000
3.395,3.392,3.391,3.386,3.391,3.394,3.390,3.774,3.771,3.777,3.779,3.777,3.781,3.776,-60.548,-3039.000
3.391,3.393,3.390,3.387,3.394,3.391,3.394,3.777,3.775,3.768,3.774,3.782,3.770,3.784,-60.594,-3038.000
3.389,3.392,3.391,3.391,3.392,3.393,3.391,3.777,3.773,3.776,3.777,3.779,3.778,3.780,-60.660,-3037.000
3.394,3.388,3.392,3.391,3.387,3.386,3.390,3.779,3.780,3.772,3.778,3.774,3.773,3.778,-60.859,-3036.000
3.394,3.391,3.389,3.389,3.391,3.390,3.386,3.773,3.770,3.776,3.776,3.776,3.777,3.777,-60.562,-3035.000
3.395,3.393,3.392,3.387,3.396,3.394,3.388,3.780,3.776,3.778,3.776,3.778,3.775,3.777,-60.572,-3034.000
3.392,3.394,3.393,3.385,3.393,3.393,3.388,3.781,3.774,3.779,3.775,3.784,3.778,3.787,-60.686,-3033.000
3.396,3.394,3.393,3.394,3.394,3.394,3.393,3.774,3.774,3.775,3.773,3.772,3.780,3.778,-60.781,-3032.000
3.400,3.393,3.392,3.394,3.392,3.393,3.392,3.777,3.776,3.779,3.781,3.775,3.779,3.772,-60.629,-3031.000
3.392,3.391,3.386,3.389,3.387,3.398,3.393,3.778,3.777,3.777,3.778,3.779,3.776,3.774,-60.720,-3030.000
3.393,3.391,3.388,3.394,3.393,3.394,3.388,3.778,3.777,3.773,3.779,3.778,3.778,3.770,-60.720,-3029.000
3.387,3.388,3.392,3.390,3.392,3.389,3.388,3.766,3.780,3.770,3.771,3.773,3.771,3.774,-60.602,-3028.000
3.393,3.392,3.385,3.394,3.391,3.385,3.394,3.772,3.776,3.782,3.773,3.774,3.773,3.777,-60.505,-3027.000
3.386,3.389,3.393,3.393,3.392,3.395,3.390,3.774,3.779,3.778,3.777,3.776,3.775,3.779,-60.505,-3026.000
3.393,3.394,3.391,3.392,3.387,3.387,3.388,3.772,3.777,3.780,3.776,3.768,3.774,3.772,-60.457,-3025.000
3.391,3.392,3.390,3.397,3.392,3.394,3.393,3.774,3.779,3.780,3.778,3.780,3.772,3.773,-60.552,-3024.000
3.389,3.393,3.395,3.391,3.392,3.390,3.392,3.772,3.779,3.781,3.774,3.773,3.772,3.780,-60.514,-3023.000
3.389,3.390,3.391,3.390,3.393,3.386,3.390,3.775,3.775,3.780,3.776,3.773,3.777,3.777,-60.469,-3022.000
3.394,3.387,3.384,3.389,3.387,3.382,3.387,3.776,3.778,3.773,3.778,3.778,3.773,3.772,-60.561,-3021.000
3.391,3.385,3.388,3.387,3.391,3.388,3.390,3.775,3.771,3.773,3.771,3.770,3.776,3.778,-60.486,-3020.000
3.391,3.389,3.391,3.388,3.386,3.386,3.392,3.773,3.772,3.779,3.772,3.774,3.775,3.771,-60.228,-3019.000
3.390,3.386,3.389,3.390,3.392,3.395,3.387,3.772,3.775,3.775,3.777,3.783,3.774,3.778,-60.077,-3018.000
3.391,3.392,3.391,3.388,3.385,3.384,3.383,3.772,3.778,3.769,3.770,3.778,3.775,3.774,-60.132,-3017.000
3.388,3.391,3.391,3.383,3.389,3.381,3.391,3.776,3.780,3.775,3.772,3.776,3.776,3.774,-60.210,-3016.000
3.391,3.387,3.384,3.391,3.390,3.386,3.389,3.776,3.776,3.774,3.770,3.772,3.775,3.770,-60.294,-3015.000
3.387,3.386,3.386,3.390,3.390,3.387,3.389,3.778,3.776,3.777,3.780,3.773,3.780,3.776,-60.253,-3014.000
3.391,3.387,3.387,3.388,3.384,3.390,3.386,3.772,3.777,3.780,3.773,3.773,3.774,3.770,-60.112,-3013.000
3.393,3.392,3.397,3.390,3.390,3.388,3.388,3.775,3.774,3.774,3.769,3.776,3.776,3.777,-60.231,-3012.000
3.390,3.384,3.387,3.390,3.387,3.389,3.390,3.780,3.774,3.772,3.779,3.772,3.776,3.772,-60.228,-3011.000
3.392,3.391,3.388,3.390,3.384,3.387,3.391,3.778,3.774,3.784,3.773,3.772,3.778,3.776,-60.194,-3010.000
3.383,3.391,3.387,3.391,3.390,3.388,3.396,3.776,3.770,3.765,3.771,3.774,3.776,3.778,-60.352,-3009.000
3.392,3.395,3.392,3.392,3.393,3.389,3.389,3.777,3.773,3.770,3.776,3.770,3.775,3.775,-60.346,-3008.000
3.388,3.390,3.391,3.389,3.392,3.390,3.384,3.777,3.777,3.776,3.777,3.773,3.774,3.773,-60.339,-3007.000
3.388,3.388,3.386,3.388,3.388,3.387,3.393,3.777,3.770,3.775,3.773,3.773,3.771,3.774,-60.407,-3006.000
3.385,3.391,3.384,3.389,3.391,3.385,3.384,3.768,3.769,3.764,3.773,3.766,3.767,3.767,-60.515,-3005.000
3.384,3.386,3.388,3.394,3.385,3.384,3.390,3.768,3.774,3.773,3.774,3.771,3.770,3.776,-60.555,-3004.000
3.385,3.388,3.387,3.387,3.388,3.385,3.388,3.767,3.772,3.777,3.773,3.772,3.769,3.772,-60.548,-3003.000
3.386,3.383,3.385,3.388,3.383,3.388,3.386,3.774,3.775,3.773,3.772,3.777,3.768,3.775,-60.578,-3002.000
3.387,3.391,3.388,3.385,3.387,3.389,3.387,3.778,3.775,3.771,3.772,3.779,3.773,3.769,-60.501,-3001.000
3.389,3.388,3.388,3.384,3.386,3.386,3.389,3.769,3.773,3.775,3.767,3.779,3.777,3.766,-60.505,-3000.000
3.385,3.389,3.394,3.380,3.383,3.387,3.384,3.772,3.773,3.769,3.773,3.775,3.771,3.777,-60.505,-2999.000
3.387,3.389,3.388,3.387,3.392,3.393,3.386,3.778,3.771,3.775,3.774,3.778,3.775,3.771,-60.597,-2998.000
3.388,3.388,3.384,3.390,3.384,3.395,3.384,3.781,3.778,3.775,3.771,3.773,3.772,3.767,-60.420,-2997.000
3.387,3.387,3.387,3.380,3.384,3.387,3.389,3.780,3.773,3.777,3.770,3.772,3.776,3.775,-60.497,-2996.000
3.384,3.386,3.386,3.388,3.389,3.395,3.390,3.766,3.767,3.774,3.774,3.772,3.776,3.770,-60.648,-2995.000
3.384,3.381,3.391,3.386,3.384,3.386,3.388,3.772,3.772,3.782,3.774,3.770,3.767,3.769,-60.820,-2994.000
3.384,3.388,3.391,3.394,3.389,3.391,3.388,3.770,3.767,3.780,3.773,3.777,3.778,3.777,-60.739,-2993.000
3.389,3.384,3.389,3.390,3.382,3.385,3.384,3.772,3.780,3.776,3.775,3.774,3.771,3.772,-60.748,-2992.000
3.381,3.393,3.387,3.388,3.383,3.392,3.391,3.776,3.772,3.778,3.771,3.774,3.768,3.772,-60.748,-2991.000
3.381,3.385,3.385,3.391,3.385,3.387,3.381,3.776,3.776,3.773,3.771,3.774,3.773,3.766,-60.654,-2990.000
3.390,3.388,3.388,3.385,3.384,3.386,3.388,3.773,3.771,3.771,3.771,3.776,3.774,3.768,-60.583,-2989.000
3.384,3.386,3.388,3.384,3.383,3.381,3.378,3.772,3.768,3.773,3.775,3.770,3.775,3.776,-60.528,-2988.000
3.386,3.391,3.388,3.387,3.384,3.390,3.393,3.773,3.771,3.775,3.773,3.770,3.772,3.772,-60.614,-2987.000
3.390,3.391,3.386,3.389,3.384,3.386,3.379,3.771,3.772,3.776,3.770,3.770,3.768,3.774,-60.615,-2986.000
3.381,3.384,3.383,3.380,3.389,3.387,3.385,3.775,3.778,3.768,3.766,3.769,3.771,3.777,-60.615,-2985.000
3.385,3.383,3.388,3.387,3.387,3.383,3.386,3.768,3.770,3.769,3.772,3.769,3.769,3.769,-60.626,-2984.000
3.386,3.384,3.381,3.388,3.392,3.387,3.382,3.777,3.773,3.768,3.774,3.770,3.765,3.769,-60.682,-2983.000
3.390,3.382,3.386,3.380,3.393,3.387,3.385,3.771,3.767,3.772,3.776,3.770,3.773,3.771,-60.608,-2982.000
3.381,3.389,3.379,3.384,3.382,3.384,3.378,3.772,3.763,3.765,3.764,3.767,3.759,3.772,-60.497,-2981.000
3.381,3.383,3.386,3.386,3.378,3.380,3.381,3.772,3.770,3.772,3.771,3.768,3.770,3.769,-60.503,-2980.000
3.382,3.378,3.384,3.385,3.381,3.380,3.386,3.768,3.765,3.775,3.775,3.772,3.774,3.773,-60.461,-2979.000
3.384,3.380,3.384,3.384,3.379,3.388,3.384,3.771,3.770,3.769,3.767,3.770,3.770,3.764,-60.414,-2978.000
3.381,3.384,3.383,3.377,3.384,3.383,3.382,3.765,3.771,3.765,3.770,3.765,3.774,3.769,-60.460,-2977.000
3.384,3.382,3.384,3.387,3.383,3.381,3.376,3.767,3.775,3.767,3.766,3.773,3.771,3.770,-60.656,-2976.000
3.379,3.382,3.389,3.374,3.384,3.382,3.384,3.766,3.772,3.765,3.771,3.770,3.770,3.771,-60.616,-2975.000
3.381,3.381,3.377,3.380,3.383,3.382,3.379,3.764,3.770,3.766,3.767,3.765,3.770,3.772,-60.664,-2974.000
3.385,3.384,3.373,3.376,3.385,3.385,3.382,3.770,3.768,3.770,3.765,3.767,3.765,3.763,-60.459,-2973.000
3.379,3.382,3.378,3.384,3.384,3.381,3.384,3.767,3.775,3.771,3.768,3.769,3.774,3.771,-60.623,-2972.000
3.378,3.379,3.386,3.382,3.382,3.380,3.385,3.768,3.766,3.761,3.760,3.762,3.763,3.766,-60.623,-2971.000
3.376,3.379,3.378,3.376,3.380,3.384,3.384,3.772,3.762,3.762,3.762,3.773,3.774,3.769,-60.513,-2970.000
3.378,3.385,3.382,3.379,3.382,3.380,3.378,3.762,3.767,3.766,3.766,3.767,3.767,3.769,-60.437,-2969.000
3.381,3.374,3.377,3.380,3.375,3.380,3.384,3.766,3.764,3.765,3.767,3.767,3.767,3.763,-60.437,-2968.000
3.383,3.376,3.381,3.377,3.377,3.377,3.378,3.764,3.767,3.773,3.763,3.771,3.767,3.770,-60.555,-2967.000
3.379,3.374,3.376,3.378,3.372,3.378,3.378,3.766,3.759,3.767,3.763,3.765,3.762,3.763,-60.506,-2966.000
3.375,3.380,3.381,3.375,3.380,3.373,3.378,3.765,3.772,3.767,3.766,3.764,3.766,3.770,-60.334,-2965.000
3.384,3.383,3.377,3.379,3.376,3.378,3.374,3.769,3.770,3.769,3.770,3.766,3.765,3.766,-60.336,-2964.000
3.381,3.377,3.376,3.377,3.385,3.376,3.377,3.767,3.768,3.768,3.759,3.767,3.767,3.766,-60.306,-2963.000
3.384,3.380,3.376,3.375,3.380,3.378,3.376,3.770,3.766,3.769,3.760,3.766,3.763,3.762,-60.340,-2962.000
3.382,3.384,3.378,3.378,3.381,3.380,3.384,3.770,3.764,3.766,3.767,3.771,3.766,3.770,-60.375,-2961.000
3.376,3.372,3.378,3.379,3.379,3.385,3.375,3.765,3.765,3.762,3.771,3.772,3.768,3.769,-60.375,-2960.000
3.380,3.379,3.378,3.379,3.376,3.381,3.383,3.763,3.768,3.765,3.773,3.767,3.766,3.763,-60.326,-2959.000
3.381,3.379,3.383,3.380,3.377,3.375,3.379,3.759,3.768,3.765,3.759,3.764,3.763,3.760,-60.456,-2958.000
3.377,3.380,3.372,3.383,3.376,3.378,3.373,3.766,3.766,3.770,3.761,3.765,3.766,3.769,-60.456,-2957.000
3.377,3.378,3.379,3.383,3.380,3.380,3.374,3.763,3.765,3.766,3.769,3.771,3.771,3.769,-60.343,-2956.000
3.377,3.381,3.378,3.381,3.385,3.380,3.373,3.771,3.761,3.767,3.765,3.760,3.764,3.764,-60.388,-2955.000
3.372,3.375,3.372,3.379,3.379,3.376,3.371,3.763,3.760,3.757,3.763,3.764,3.763,3.766,-60.526,-2954.000
3.377,3.372,3.376,3.369,3.376,3.369,3.370,3.764,3.764,3.759,3.761,3.761,3.760,3.760,-60.343,-2953.000
3.376,3.371,3.370,3.374,3.378,3.375,3.375,3.766,3.764,3.766,3.759,3.759,3.766,3.763,-60.403,-2952.000
3.371,3.374,3.374,3.373,3.370,3.372,3.364,3.760,3.757,3.758,3.762,3.759,3.764,3.764,-60.554,-2951.000
3.372,3.369,3.374,3.372,3.369,3.374,3.367,3.754,3.761,3.755,3.760,3.761,3.760,3.761,-60.579,-2950.000
3.374,3.371,3.370,3.373,3.372,3.365,3.373,3.757,3.761,3.755,3.758,3.758,3.754,3.755,-60.579,-2949.000
3.366,3.376,3.370,3.370,3.371,3.373,3.368,3.756,3.758,3.759,3.760,3.760,3.758,3.765,-60.701,-2948.000
3.366,3.373,3.364,3.373,3.367,3.373,3.370,3.759,3.751,3.754,3.756,3.757,3.759,3.756,-60.602,-2947.000
3.370,3.369,3.371,3.369,3.369,3.373,3.375,3.760,3.758,3.759,3.749,3.755,3.762,3.757,-60.602,-2946.000
3.370,3.368,3.369,3.372,3.376,3.368,3.368,3.756,3.761,3.759,3.760,3.757,3.760,3.757,-60.510,-2945.000
3.368,3.362,3.370,3.368,3.364,3.368,3.370,3.753,3.748,3.755,3.755,3.755,3.759,3.751,-60.460,-2944.000
3.371,3.373,3.378,3.377,3.371,3.370,3.378,3.759,3.759,3.762,3.764,3.755,3.760,3.758,-60.460,-2943.000
3.369,3.371,3.367,3.372,3.371,3.365,3.370,3.763,3.761,3.759,3.760,3.758,3.757,3.760,-60.369,-2942.000
3.371,3.370,3.374,3.374,3.373,3.374,3.371,3.761,3.761,3.767,3.765,3.763,3.755,3.755,-60.289,-2941.000
3.374,3.367,3.370,3.370,3.374,3.364,3.374,3.754,3.763,3.755,3.753,3.756,3.756,3.757,-60.416,-2940.000
3.369,3.372,3.369,3.378,3.372,3.369,3.372,3.753,3.757,3.762,3.753,3.757,3.759,3.760,-60.473,-2939.000
3.370,3.372,3.370,3.370,3.363,3.371,3.365,3.751,3.755,3.759,3.756,3.756,3.753,3.754,-60.382,-2938.000
3.366,3.375,3.367,3.370,3.368,3.373,3.370,3.756,3.755,3.756,3.760,3.761,3.753,3.754,-60.354,-2937.000
3.377,3.370,3.371,3.366,3.370,3.364,3.372,3.762,3.764,3.758,3.763,3.760,3.757,3.762,-60.251,-2936.000
3.374,3.370,3.377,3.371,3.370,3.370,3.366,3.760,3.759,3.753,3.757,3.759,3.757,3.753,-60.251,-2935.000
3.368,3.374,3.366,3.372,3.377,3.374,3.374,3.758,3.758,3.761,3.763,3.758,3.755,3.758,-60.350,-2934.000
3.372,3.369,3.368,3.376,3.370,3.378,3.376,3.764,3.759,3.761,3.764,3.760,3.762,3.766,-60.273,-2933.000
3.377,3.369,3.373,3.373,3.374,3.371,3.372,3.756,3.763,3.759,3.760,3.759,3.758,3.758,-60.273,-2932.000
3.364,3.375,3.369,3.374,3.373,3.369,3.373,3.757,3.758,3.759,3.760,3.759,3.756,3.760,-60.341,-2931.000
3.372,3.371,3.370,3.371,3.372,3.375,3.371,3.759,3.760,3.764,3.761,3.753,3.758,3.760,-60.348,-2930.000
3.372,3.372,3.363,3.366,3.368,3.375,3.371,3.757,3.764,3.766,3.759,3.765,3.759,3.754,-60.348,-2929.000
3.374,3.372,3.375,3.370,3.379,3.363,3.375,3.754,3.758,3.761,3.759,3.761,3.763,3.757,-60.450,-2928.000
3.374,3.383,3.370,3.370,3.375,3.371,3.367,3.760,3.755,3.762,3.759,3.756,3.754,3.756,-60.442,-2927.000
3.369,3.373,3.372,3.370,3.373,3.371,3.371,3.761,3.765,3.763,3.755,3.761,3.768,3.759,-60.438,-2926.000
3.375,3.376,3.375,3.372,3.376,3.376,3.380,3.765,3.755,3.761,3.767,3.765,3.760,3.759,-60.306,-2925.000
3.371,3.376,3.380,3.379,3.374,3.371,3.373,3.763,3.759,3.765,3.766,3.764,3.763,3.764,-60.307,-2924.000
3.376,3.371,3.377,3.375,3.374,3.382,3.378,3.762,3.762,3.764,3.763,3.761,3.758,3.760,-60.485,-2923.000
3.380,3.374,3.376,3.376,3.373,3.379,3.377,3.767,3.761,3.765,3.763,3.761,3.761,3.757,-60.392,-2922.000
3.373,3.370,3.377,3.378,3.380,3.375,3.375,3.761,3.767,3.763,3.758,3.762,3.761,3.764,-60.460,-2921.000
3.379,3.366,3.369,3.379,3.372,3.377,3.371,3.759,3.767,3.764,3.763,3.764,3.757,3.760,-60.326,-2920.000
3.374,3.374,3.375,3.373,3.377,3.371,3.370,3.764,3.762,3.760,3.759,3.767,3.755,3.760,-60.333,-2919.000
3.375,3.375,3.378,3.374,3.376,3.374,3.377,3.760,3.757,3.759,3.760,3.761,3.759,3.757,-60.333,-2918.000
3.374,3.368,3.373,3.373,3.377,3.371,3.373,3.758,3.758,3.754,3.761,3.760,3.765,3.761,-60.635,-2917.000
3.372,3.369,3.375,3.371,3.374,3.368,3.376,3.761,3.766,3.767,3.769,3.760,3.753,3.755,-60.590,-2916.000
3.372,3.369,3.373,3.371,3.376,3.366,3.371,3.762,3.763,3.761,3.760,3.761,3.760,3.759,-60.590,-2915.000
3.372,3.373,3.372,3.376,3.370,3.370,3.372,3.759,3.762,3.754,3.761,3.762,3.761,3.764,-60.724,-2914.000
3.376,3.365,3.367,3.368,3.373,3.374,3.370,3.765,3.760,3.755,3.759,3.759,3.751,3.761,-60.439,-2913.000
3.371,3.370,3.372,3.373,3.371,3.370,3.373,3.755,3.762,3.758,3.761,3.760,3.766,3.764,-60.439,-2912.000
3.373,3.372,3.369,3.374,3.370,3.372,3.372,3.760,3.771,3.762,3.765,3.763,3.754,3.757,-60.421,-2911.000
3.371,3.365,3.364,3.375,3.377,3.372,3.377,3.763,3.758,3.757,3.761,3.761,3.762,3.761,-60.526,-2910.000
3.374,3.372,3.376,3.368,3.368,3.371,3.370,3.761,3.759,3.759,3.754,3.764,3.758,3.758,-60.530,-2909.000
3.371,3.371,3.370,3.372,3.375,3.364,3.366,3.757,3.757,3.761,3.757,3.756,3.762,3.757,-60.425,-2908.000
3.368,3.370,3.363,3.369,3.362,3.368,3.374,3.747,3.757,3.754,3.755,3.752,3.761,3.767,-60.342,-2907.000
3.369,3.368,3.369,3.369,3.369,3.370,3.365,3.755,3.760,3.755,3.757,3.762,3.752,3.755,-60.335,-2906.000
3.366,3.369,3.370,3.371,3.365,3.366,3.372,3.753,3.753,3.756,3.755,3.748,3.754,3.755,-60.349,-2905.000
3.371,3.371,3.366,3.369,3.372,3.365,3.369,3.755,3.753,3.755,3.752,3.753,3.763,3.752,-60.361,-2904.000
3.366,3.360,3.367,3.369,3.366,3.368,3.367,3.752,3.758,3.759,3.759,3.759,3.764,3.756,-60.520,-2903.000
3.368,3.366,3.373,3.364,3.369,3.368,3.373,3.755,3.753,3.753,3.755,3.755,3.754,3.754,-60.464,-2902.000
3.373,3.369,3.367,3.366,3.370,3.369,3.366,3.757,3.755,3.759,3.756,3.756,3.757,3.759,-60.355,-2901.000
3.368,3.370,3.370,3.370,3.367,3.369,3.364,3.758,3.752,3.753,3.757,3.756,3.756,3.754,-60.477,-2900.000
3.365,3.366,3.367,3.364,3.366,3.363,3.367,3.751,3.754,3.746,3.742,3.745,3.752,3.750,-60.342,-2899.000
3.367,3.370,3.367,3.364,3.367,3.368,3.362,3.755,3.755,3.755,3.754,3.757,3.759,3.757,-60.220,-2898.000
3.365,3.367,3.368,3.365,3.365,3.366,3.367,3.759,3.755,3.754,3.756,3.755,3.756,3.752,-60.068,-2897.000
3.362,3.365,3.366,3.367,3.364,3.361,3.365,3.747,3.754,3.751,3.758,3.763,3.755,3.755,-60.104,-2896.000
3.364,3.363,3.369,3.359,3.359,3.365,3.366,3.753,3.759,3.754,3.749,3.752,3.749,3.754,-60.075,-2895.000
3.364,3.366,3.365,3.363,3.366,3.371,3.362,3.758,3.757,3.752,3.760,3.751,3.756,3.755,-60.074,-2894.000
3.362,3.366,3.368,3.364,3.369,3.365,3.366,3.746,3.762,3.750,3.750,3.753,3.748,3.757,-60.074,-2893.000
3.363,3.361,3.369,3.368,3.361,3.363,3.365,3.760,3.755,3.752,3.759,3.753,3.747,3.757,-59.948,-2892.000
3.364,3.364,3.363,3.358,3.369,3.366,3.363,3.752,3.749,3.755,3.758,3.754,3.745,3.753,-60.103,-2891.000
3.358,3.362,3.361,3.363,3.366,3.365,3.360,3.746,3.751,3.751,3.747,3.748,3.750,3.747,-60.410,-2890.000
3.364,3.369,3.359,3.365,3.365,3.363,3.365,3.751,3.747,3.755,3.749,3.754,3.752,3.750,-60.502,-2889.000
3.364,3.361,3.362,3.359,3.362,3.360,3.359,3.751,3.745,3.745,3.758,3.754,3.750,3.751,-60.395,-2888.000
3.367,3.360,3.366,3.367,3.359,3.359,3.364,3.752,3.754,3.751,3.750,3.754,3.750,3.753,-60.454,-2887.000
3.361,3.358,3.360,3.357,3.362,3.359,3.361,3.748,3.751,3.755,3.756,3.749,3.752,3.749,-60.405,-2886.000
3.365,3.360,3.363,3.366,3.364,3.358,3.362,3.755,3.753,3.751,3.750,3.748,3.754,3.751,-60.175,-2885.000
3.351,3.359,3.348,3.357,3.360,3.360,3.358,3.749,3.746,3.754,3.750,3.746,3.746,3.747,-60.248,-2884.000
3.359,3.357,3.363,3.359,3.358,3.362,3.361,3.751,3.749,3.749,3.744,3.745,3.747,3.750,-60.248,-2883.000
3.355,3.362,3.360,3.360,3.360,3.357,3.357,3.751,3.749,3.746,3.748,3.755,3.748,3.747,-60.256,-2882.000
3.356,3.357,3.363,3.363,3.361,3.354,3.357,3.744,3.751,3.749,3.745,3.748,3.743,3.746,-60.104,-2881.000
3.362,3.355,3.360,3.351,3.356,3.350,3.353,3.747,3.747,3.736,3.744,3.744,3.742,3.742,-60.104,-2880.000
3.353,3.355,3.359,3.355,3.360,3.358,3.355,3.746,3.743,3.745,3.744,3.745,3.748,3.750,-60.097,-2879.000
3.348,3.352,3.357,3.358,3.354,3.357,3.349,3.744,3.748,3.743,3.745,3.741,3.748,3.745,-60.213,-2878.000
3.352,3.356,3.361,3.353,3.352,3.353,3.353,3.743,3.747,3.738,3.747,3.748,3.741,3.752,-60.213,-2877.000
3.359,3.352,3.348,3.347,3.353,3.354,3.356,3.745,3.744,3.741,3.743,3.737,3.742,3.748,-60.260,-2876.000
3.353,3.358,3.353,3.347,3.359,3.353,3.355,3.740,3.743,3.741,3.744,3.746,3.744,3.742,-60.234,-2875.000
3.354,3.356,3.357,3.354,3.353,3.355,3.353,3.743,3.746,3.743,3.747,3.742,3.738,3.743,-60.199,-2874.000
3.350,3.351,3.348,3.361,3.355,3.364,3.352,3.738,3.746,3.746,3.748,3.739,3.747,3.739,-60.268,-2873.000
3.353,3.351,3.349,3.350,3.353,3.351,3.361,3.741,3.741,3.740,3.744,3.743,3.742,3.736,-60.262,-2872.000
3.350,3.353,3.354,3.348,3.355,3.353,3.357,3.740,3.740,3.740,3.744,3.741,3.744,3.746,-60.324,-2871.000
3.344,3.349,3.357,3.350,3.348,3.355,3.351,3.738,3.739,3.731,3.736,3.742,3.743,3.745,-60.134,-2870.000
3.349,3.346,3.352,3.353,3.357,3.351,3.353,3.743,3.742,3.744,3.742,3.742,3.745,3.741,-60.143,-2869.000
3.352,3.351,3.349,3.349,3.348,3.355,3.359,3.747,3.746,3.746,3.747,3.745,3.740,3.738,-60.107,-2868.000
3.350,3.352,3.354,3.352,3.353,3.349,3.350,3.743,3.743,3.749,3.755,3.744,3.746,3.740,-60.184,-2867.000
3.350,3.352,3.356,3.356,3.350,3.351,3.354,3.744,3.741,3.745,3.736,3.740,3.741,3.744,-60.121,-2866.000
3.355,3.355,3.346,3.350,3.350,3.350,3.351,3.744,3.746,3.738,3.740,3.735,3.741,3.736,-60.188,-2865.000
3.348,3.350,3.346,3.356,3.350,3.350,3.355,3.743,3.736,3.735,3.734,3.735,3.739,3.740,-60.358,-2864.000
3.351,3.346,3.351,3.349,3.351,3.349,3.352,3.737,3.738,3.738,3.736,3.739,3.742,3.741,-60.093,-2863.000
3.358,3.354,3.356,3.351,3.348,3.355,3.355,3.749,3.736,3.739,3.748,3.742,3.744,3.739,-60.175,-2862.000
3.348,3.355,3.356,3.352,3.358,3.355,3.356,3.743,3.741,3.743,3.746,3.743,3.743,3.743,-60.086,-2861.000
3.352,3.350,3.350,3.354,3.356,3.358,3.352,3.738,3.745,3.744,3.744,3.742,3.742,3.739,-60.006,-2860.000
3.357,3.362,3.355,3.357,3.355,3.358,3.355,3.747,3.744,3.748,3.745,3.744,3.742,3.745,-60.091,-2859.000
3.358,3.353,3.359,3.361,3.357,3.354,3.356,3.752,3.736,3.743,3.743,3.745,3.745,3.751,-60.175,-2858.000
3.356,3.355,3.357,3.353,3.356,3.358,3.354,3.748,3.748,3.740,3.745,3.741,3.745,3.751,-60.067,-2857.000
3.358,3.356,3.355,3.357,3.356,3.358,3.356,3.739,3.741,3.746,3.743,3.749,3.751,3.747,-60.119,-2856.000
3.356,3.360,3.360,3.360,3.356,3.359,3.362,3.745,3.748,3.742,3.748,3.755,3.740,3.735,-60.221,-2855.000
3.366,3.355,3.362,3.364,3.362,3.363,3.360,3.752,3.753,3.745,3.752,3.749,3.742,3.752,-60.166,-2854.000
3.358,3.358,3.359,3.364,3.357,3.363,3.356,3.761,3.754,3.752,3.752,3.753,3.751,3.746,-60.268,-2853.000
3.352,3.362,3.360,3.359,3.363,3.354,3.361,3.744,3.748,3.747,3.749,3.744,3.745,3.745,-60.263,-2852.000
3.356,3.359,3.357,3.359,3.353,3.358,3.358,3.743,3.746,3.743,3.745,3.747,3.747,3.751,-60.151,-2851.000
3.355,3.352,3.350,3.357,3.356,3.357,3.359,3.741,3.742,3.747,3.748,3.746,3.749,3.748,-60.339,-2850.000
3.357,3.349,3.351,3.348,3.347,3.358,3.357,3.744,3.746,3.740,3.743,3.747,3.745,3.745,-60.282,-2849.000
3.358,3.359,3.349,3.357,3.356,3.350,3.360,3.751,3.749,3.745,3.746,3.744,3.743,3.747,-60.303,-2848.000
3.356,3.356,3.358,3.356,3.360,3.356,3.360,3.742,3.745,3.739,3.749,3.741,3.743,3.741,-60.124,-2847.000
3.355,3.354,3.360,3.364,3.358,3.357,3.359,3.742,3.742,3.743,3.746,3.746,3.742,3.747,-60.124,-2846.000
3.353,3.352,3.359,3.359,3.361,3.359,3.361,3.744,3.749,3.748,3.743,3.739,3.745,3.738,-60.059,-2845.000
3.351,3.358,3.358,3.352,3.355,3.356,3.354,3.749,3.743,3.743,3.751,3.743,3.745,3.736,-59.973,-2844.000
3.349,3.349,3.351,3.352,3.354,3.354,3.351,3.742,3.739,3.736,3.742,3.742,3.742,3.741,-60.009,-2843.000
3.351,3.350,3.350,3.355,3.354,3.349,3.351,3.740,3.736,3.744,3.745,3.747,3.742,3.741,-59.960,-2842.000
3.350,3.347,3.348,3.349,3.355,3.350,3.353,3.735,3.741,3.740,3.754,3.744,3.738,3.742,-60.206,-2841.000
3.354,3.353,3.356,3.351,3.349,3.353,3.351,3.743,3.739,3.742,3.736,3.734,3.743,3.740,-60.001,-2840.000
3.354,3.354,3.352,3.352,3.348,3.355,3.355,3.742,3.738,3.737,3.741,3.743,3.736,3.741,-59.967,-2839.000
3.348,3.351,3.349,3.354,3.348,3.351,3.344,3.734,3.733,3.738,3.737,3.740,3.733,3.738,-60.138,-2838.000
3.348,3.347,3.352,3.354,3.353,3.349,3.350,3.743,3.743,3.742,3.737,3.742,3.741,3.734,-60.202,-2837.000
3.347,3.353,3.347,3.353,3.349,3.348,3.352,3.737,3.737,3.734,3.736,3.736,3.734,3.733,-60.159,-2836.000
3.346,3.352,3.347,3.351,3.350,3.357,3.348,3.740,3.733,3.732,3.739,3.746,3.740,3.741,-60.193,-2835.000
3.350,3.350,3.354,3.350,3.348,3.355,3.347,3.734,3.732,3.737,3.738,3.738,3.733,3.736,-60.285,-2834.000
3.340,3.342,3.347,3.343,3.355,3.349,3.353,3.731,3.732,3.734,3.733,3.737,3.736,3.740,-60.157,-2833.000
3.346,3.342,3.341,3.348,3.349,3.349,3.343,3.734,3.735,3.733,3.730,3.739,3.739,3.732,-60.060,-2832.000
3.348,3.346,3.346,3.349,3.352,3.349,3.344,3.734,3.729,3.732,3.734,3.730,3.737,3.732,-59.983,-2831.000
3.343,3.347,3.346,3.352,3.349,3.350,3.348,3.731,3.730,3.730,3.734,3.732,3.733,3.734,-60.089,-2830.000
3.349,3.345,3.350,3.349,3.345,3.342,3.350,3.729,3.731,3.729,3.733,3.726,3.728,3.740,-60.103,-2829.000
3.347,3.345,3.349,3.347,3.343,3.346,3.344,3.732,3.731,3.742,3.733,3.734,3.732,3.730,-60.248,-2828.000
3.345,3.348,3.340,3.346,3.344,3.343,3.347,3.731,3.733,3.729,3.738,3.725,3.728,3.728,-60.256,-2827.000
3.347,3.341,3.344,3.342,3.348,3.345,3.342,3.724,3.735,3.730,3.731,3.726,3.735,3.732,-60.224,-2826.000
3.345,3.336,3.339,3.345,3.338,3.340,3.337,3.728,3.727,3.727,3.727,3.726,3.730,3.734,-60.098,-2825.000
3.345,3.347,3.344,3.341,3.340,3.343,3.341,3.729,3.732,3.734,3.728,3.729,3.731,3.729,-60.061,-2824.000
3.340,3.339,3.349,3.339,3.344,3.343,3.340,3.731,3.725,3.729,3.729,3.735,3.731,3.736,-60.061,-2823.000
3.348,3.341,3.343,3.343,3.340,3.337,3.334,3.727,3.732,3.732,3.731,3.730,3.724,3.729,-60.086,-2822.000
3.342,3.345,3.347,3.346,3.345,3.344,3.339,3.723,3.729,3.726,3.729,3.727,3.722,3.728,-59.784,-2821.000
3.341,3.342,3.347,3.337,3.343,3.343,3.344,3.728,3.734,3.732,3.731,3.726,3.726,3.733,-59.731,-2820.000
3.343,3.346,3.345,3.346,3.345,3.343,3.336,3.734,3.736,3.726,3.723,3.730,3.727,3.732,-59.834,-2819.000
3.349,3.346,3.348,3.346,3.345,3.351,3.344,3.738,3.732,3.734,3.729,3.736,3.730,3.729,-59.968,-2818.000
3.349,3.351,3.349,3.350,3.351,3.349,3.345,3.734,3.730,3.734,3.730,3.731,3.739,3.740,-59.968,-2817.000
3.347,3.344,3.344,3.348,3.344,3.350,3.349,3.729,3.730,3.737,3.730,3.729,3.734,3.731,-60.072,-2816.000
3.345,3.348,3.347,3.345,3.345,3.350,3.348,3.732,3.736,3.731,3.731,3.732,3.736,3.734,-60.215,-2815.000
3.342,3.347,3.343,3.343,3.347,3.345,3.351,3.727,3.732,3.735,3.732,3.734,3.731,3.732,-60.177,-2814.000
3.353,3.354,3.352,3.345,3.345,3.355,3.348,3.737,3.737,3.739,3.742,3.741,3.743,3.730,-60.121,-2813.000
3.347,3.346,3.348,3.352,3.343,3.341,3.349,3.737,3.734,3.730,3.733,3.735,3.730,3.737,-60.236,-2812.000
3.348,3.349,3.349,3.350,3.350,3.349,3.344,3.733,3.735,3.735,3.739,3.738,3.733,3.730,-60.304,-2811.000
3.345,3.349,3.346,3.349,3.343,3.350,3.348,3.733,3.741,3.736,3.733,3.730,3.734,3.735,-60.318,-2810.000
3.344,3.337,3.343,3.346,3.340,3.341,3.343,3.733,3.733,3.730,3.728,3.734,3.731,3.731,-60.294,-2809.000
3.346,3.344,3.346,3.339,3.348,3.348,3.347,3.730,3.728,3.736,3.732,3.735,3.725,3.731,-60.548,-2808.000
3.339,3.345,3.338,3.343,3.350,3.339,3.344,3.734,3.732,3.736,3.730,3.733,3.729,3.733,-60.239,-2807.000
3.343,3.352,3.342,3.340,3.349,3.347,3.349,3.732,3.732,3.729,3.725,3.728,3.732,3.732,-60.239,-2806.000
3.343,3.343,3.346,3.340,3.342,3.347,3.339,3.731,3.729,3.734,3.733,3.727,3.724,3.735,-60.356,-2805.000
3.344,3.341,3.340,3.348,3.343,3.337,3.344,3.730,3.725,3.728,3.730,3.733,3.731,3.732,-60.300,-2804.000
3.343,3.340,3.341,3.345,3.342,3.343,3.345,3.727,3.727,3.732,3.729,3.728,3.724,3.728,-60.236,-2803.000
3.344,3.349,3.343,3.343,3.339,3.343,3.344,3.725,3.729,3.730,3.724,3.728,3.724,3.724,-60.236,-2802.000
3.348,3.343,3.343,3.343,3.338,3.341,3.347,3.732,3.726,3.731,3.726,3.723,3.729,3.723,-60.218,-2801.000
3.338,3.342,3.341,3.347,3.337,3.334,3.338,3.721,3.723,3.729,3.725,3.730,3.723,3.731,-60.373,-2800.000
3.342,3.345,3.342,3.340,3.340,3.340,3.334,3.733,3.732,3.727,3.730,3.725,3.726,3.728,-60.338,-2799.000
3.338,3.339,3.337,3.342,3.339,3.343,3.337,3.727,3.725,3.719,3.726,3.727,3.726,3.728,-60.281,-2798.000
3.337,3.337,3.340,3.336,3.333,3.336,3.343,3.733,3.730,3.727,3.719,3.728,3.725,3.722,-60.101,-2797.000
3.340,3.346,3.345,3.336,3.340,3.337,3.335,3.726,3.721,3.729,3.730,3.725,3.728,3.728,-60.081,-2796.000
3.341,3.336,3.335,3.343,3.339,3.338,3.332,3.725,3.727,3.729,3.731,3.729,3.724,3.725,-60.198,-2795.000
3.335,3.338,3.334,3.337,3.335,3.341,3.332,3.727,3.726,3.723,3.721,3.722,3.721,3.725,-60.230,-2794.000
3.337,3.337,3.334,3.335,3.338,3.339,3.337,3.725,3.722,3.724,3.722,3.723,3.729,3.726,-60.145,-2793.000
3.331,3.334,3.335,3.341,3.337,3.334,3.333,3.726,3.722,3.727,3.723,3.730,3.730,3.721,-60.183,-2792.000
3.338,3.335,3.331,3.336,3.337,3.331,3.330,3.726,3.721,3.723,3.727,3.714,3.715,3.720,-60.271,-2791.000
3.335,3.332,3.334,3.333,3.332,3.331,3.335,3.716,3.717,3.722,3.717,3.719,3.723,3.717,-60.271,-2790.000
3.337,3.333,3.334,3.335,3.331,3.330,3.336,3.724,3.725,3.714,3.717,3.715,3.720,3.716,-60.333,-2789.000
3.331,3.332,3.343,3.334,3.333,3.336,3.333,3.720,3.722,3.720,3.724,3.720,3.720,3.722,-60.303,-2788.000
3.338,3.339,3.335,3.336,3.333,3.340,3.340,3.718,3.723,3.722,3.722,3.718,3.721,3.720,-60.149,-2787.000
3.337,3.335,3.333,3.334,3.344,3.338,3.337,3.724,3.719,3.719,3.725,3.720,3.722,3.718,-60.306,-2786.000
3.329,3.334,3.334,3.336,3.336,3.334,3.335,3.718,3.718,3.711,3.715,3.722,3.718,3.722,-60.096,-2785.000
3.340,3.345,3.342,3.342,3.338,3.344,3.342,3.722,3.725,3.722,3.725,3.726,3.727,3.727,-60.140,-2784.000
3.340,3.344,3.344,3.342,3.338,3.338,3.342,3.728,3.728,3.720,3.726,3.719,3.722,3.730,-60.123,-2783.000
3.338,3.339,3.337,3.340,3.335,3.340,3.342,3.732,3.731,3.725,3.723,3.728,3.725,3.729,-60.123,-2782.000
3.342,3.331,3.345,3.339,3.338,3.341,3.342,3.723,3.724,3.723,3.722,3.727,3.726,3.723,-60.217,-2781.000
3.345,3.338,3.342,3.344,3.333,3.341,3.343,3.733,3.731,3.726,3.725,3.723,3.724,3.724,-60.116,-2780.000
3.335,3.338,3.337,3.342,3.337,3.342,3.337,3.722,3.727,3.729,3.729,3.720,3.725,3.724,-60.167,-2779.000
3.339,3.337,3.336,3.338,3.340,3.338,3.343,3.724,3.723,3.724,3.723,3.722,3.727,3.724,-60.231,-2778.000
3.333,3.334,3.338,3.339,3.334,3.338,3.340,3.717,3.719,3.718,3.720,3.725,3.722,3.719,-60.336,-2777.000
3.337,3.342,3.337,3.340,3.338,3.339,3.341,3.729,3.732,3.724,3.723,3.727,3.724,3.723,-60.425,-2776.000
3.343,3.337,3.340,3.339,3.341,3.347,3.341,3.726,3.730,3.728,3.728,3.729,3.725,3.723,-60.423,-2775.000
3.342,3.338,3.342,3.342,3.337,3.339,3.339,3.730,3.734,3.727,3.729,3.725,3.722,3.717,-60.264,-2774.000
3.334,3.337,3.335,3.337,3.341,3.341,3.330,3.722,3.723,3.724,3.727,3.725,3.721,3.722,-60.264,-2773.000
3.339,3.341,3.342,3.342,3.339,3.336,3.333,3.722,3.722,3.724,3.727,3.724,3.727,3.725,-60.376,-2772.000
3.334,3.336,3.337,3.334,3.336,3.337,3.332,3.721,3.726,3.722,3.720,3.718,3.722,3.717,-60.465,-2771.000
3.342,3.341,3.337,3.336,3.343,3.336,3.337,3.726,3.730,3.731,3.723,3.720,3.725,3.721,-60.310,-2770.000
3.330,3.336,3.333,3.337,3.332,3.334,3.335,3.719,3.722,3.717,3.721,3.720,3.727,3.719,-60.268,-2769.000
3.336,3.340,3.332,3.336,3.340,3.337,3.335,3.725,3.721,3.716,3.717,3.724,3.725,3.724,-60.316,-2768.000
3.335,3.332,3.336,3.336,3.337,3.336,3.339,3.720,3.722,3.722,3.726,3.719,3.717,3.716,-60.399,-2767.000
3.331,3.335,3.331,3.330,3.334,3.339,3.338,3.716,3.719,3.720,3.721,3.723,3.717,3.721,-60.535,-2766.000
3.330,3.338,3.333,3.333,3.332,3.333,3.333,3.722,3.715,3.717,3.720,3.720,3.717,3.717,-60.426,-2765.000
3.329,3.327,3.339,3.338,3.334,3.327,3.330,3.717,3.722,3.717,3.715,3.724,3.716,3.715,-60.400,-2764.000
3.332,3.330,3.330,3.330,3.333,3.332,3.331,3.716,3.714,3.716,3.717,3.713,3.715,3.716,-60.352,-2763.000
3.340,3.329,3.338,3.334,3.337,3.331,3.338,3.719,3.720,3.723,3.719,3.715,3.719,3.718,-60.389,-2762.000
3.333,3.334,3.336,3.333,3.332,3.332,3.331,3.723,3.720,3.720,3.724,3.720,3.717,3.716,-60.337,-2761.000
3.338,3.336,3.337,3.333,3.335,3.337,3.334,3.726,3.726,3.721,3.724,3.715,3.721,3.716,-60.281,-2760.000
3.332,3.335,3.328,3.333,3.335,3.332,3.329,3.719,3.718,3.719,3.713,3.713,3.717,3.718,-60.313,-2759.000
3.330,3.334,3.331,3.331,3.331,3.340,3.331,3.723,3.723,3.724,3.720,3.720,3.726,3.716,-60.334,-2758.000
3.336,3.332,3.336,3.331,3.337,3.330,3.334,3.719,3.713,3.715,3.715,3.717,3.717,3.715,-60.361,-2757.000
3.335,3.331,3.332,3.332,3.336,3.337,3.331,3.725,3.722,3.719,3.728,3.723,3.722,3.723,-60.268,-2756.000
3.327,3.326,3.325,3.329,3.328,3.332,3.332,3.722,3.717,3.714,3.718,3.713,3.713,3.720,-60.105,-2755.000
3.329,3.329,3.321,3.326,3.325,3.335,3.323,3.714,3.712,3.712,3.710,3.710,3.709,3.710,-60.073,-2754.000
3.325,3.330,3.331,3.317,3.327,3.325,3.329,3.711,3.713,3.711,3.708,3.714,3.709,3.716,-60.277,-2753.000
3.326,3.318,3.331,3.329,3.326,3.322,3.323,3.709,3.710,3.711,3.713,3.715,3.715,3.708,-60.400,-2752.000
3.322,3.323,3.322,3.320,3.322,3.325,3.329,3.708,3.709,3.708,3.712,3.713,3.709,3.709,-60.397,-2751.000
3.320,3.326,3.319,3.326,3.328,3.327,3.322,3.701,3.703,3.706,3.712,3.708,3.715,3.705,-60.262,-2750.000
3.327,3.324,3.329,3.328,3.327,3.327,3.326,3.714,3.711,3.715,3.714,3.710,3.707,3.716,-60.324,-2749.000
3.324,3.322,3.323,3.326,3.330,3.322,3.328,3.709,3.710,3.706,3.708,3.711,3.715,3.711,-60.183,-2748.000
3.321,3.328,3.323,3.327,3.325,3.324,3.320,3.701,3.706,3.711,3.707,3.708,3.712,3.708,-60.269,-2747.000
3.332,3.324,3.329,3.325,3.324,3.328,3.323,3.705,3.707,3.712,3.711,3.712,3.709,3.711,-60.278,-2746.000
3.324,3.334,3.326,3.326,3.335,3.325,3.329,3.713,3.714,3.706,3.707,3.707,3.713,3.715,-60.242,-2745.000
3.333,3.326,3.326,3.325,3.328,3.328,3.325,3.714,3.717,3.714,3.710,3.717,3.708,3.714,-60.188,-2744.000
3.323,3.329,3.324,3.325,3.325,3.327,3.321,3.709,3.709,3.706,3.708,3.711,3.709,3.710,-60.050,-2743.000
3.326,3.330,3.329,3.330,3.325,3.327,3.329,3.712,3.711,3.713,3.710,3.704,3.708,3.710,-60.193,-2742.000
3.326,3.323,3.329,3.327,3.326,3.325,3.327,3.711,3.710,3.709,3.714,3.713,3.714,3.710,-60.309,-2741.000
3.335,3.326,3.330,3.330,3.324,3.334,3.339,3.713,3.710,3.720,3.723,3.714,3.718,3.718,-60.391,-2740.000
3.331,3.329,3.324,3.331,3.327,3.325,3.333,3.711,3.712,3.712,3.707,3.708,3.708,3.710,-60.301,-2739.000
3.324,3.327,3.325,3.323,3.325,3.328,3.329,3.711,3.716,3.707,3.712,3.711,3.713,3.710,-60.331,-2738.000
3.328,3.329,3.333,3.338,3.335,3.327,3.329,3.714,3.719,3.719,3.717,3.721,3.712,3.718,-60.331,-2737.000
3.331,3.330,3.333,3.330,3.332,3.331,3.329,3.714,3.718,3.716,3.718,3.719,3.711,3.714,-60.150,-2736.000
3.331,3.331,3.328,3.336,3.329,3.332,3.326,3.711,3.712,3.714,3.721,3.720,3.708,3.719,-60.055,-2735.000
3.330,3.330,3.329,3.330,3.336,3.334,3.331,3.718,3.717,3.710,3.711,3.717,3.721,3.721,-59.966,-2734.000
3.325,3.323,3.326,3.329,3.328,3.329,3.331,3.710,3.710,3.714,3.709,3.715,3.714,3.715,-60.294,-2733.000
3.326,3.330,3.334,3.330,3.328,3.330,3.328,3.720,3.716,3.714,3.712,3.715,3.713,3.719,-60.350,-2732.000
3.325,3.326,3.325,3.329,3.324,3.328,3.328,3.711,3.708,3.707,3.711,3.710,3.706,3.714,-60.273,-2731.000
3.330,3.324,3.326,3.331,3.319,3.324,3.330,3.713,3.716,3.712,3.708,3.707,3.713,3.709,-60.273,-2730.000
3.330,3.319,3.327,3.326,3.329,3.324,3.324,3.710,3.707,3.711,3.716,3.705,3.708,3.713,-60.419,-2729.000
3.326,3.330,3.332,3.327,3.328,3.331,3.329,3.714,3.711,3.709,3.713,3.712,3.707,3.713,-60.163,-2728.000
3.327,3.327,3.326,3.327,3.326,3.330,3.324,3.711,3.711,3.713,3.709,3.710,3.708,3.709,-60.134,-2727.000
3.330,3.326,3.327,3.328,3.326,3.330,3.328,3.700,3.713,3.715,3.710,3.712,3.714,3.708,-60.134,-2726.000
3.329,3.322,3.326,3.321,3.327,3.327,3.332,3.707,3.701,3.707,3.701,3.706,3.714,3.701,-59.895,-2725.000
3.323,3.323,3.318,3.334,3.321,3.326,3.319,3.715,3.707,3.702,3.708,3.708,3.706,3.704,-60.003,-2724.000
3.325,3.321,3.322,3.322,3.336,3.328,3.321,3.704,3.699,3.711,3.708,3.712,3.703,3.706,-60.083,-2723.000
3.322,3.331,3.314,3.326,3.327,3.328,3.328,3.706,3.710,3.705,3.720,3.703,3.713,3.704,-59.995,-2722.000
3.334,3.328,3.328,3.324,3.330,3.326,3.328,3.708,3.698,3.708,3.710,3.707,3.715,3.707,-59.998,-2721.000
3.328,3.329,3.321,3.324,3.324,3.328,3.330,3.701,3.710,3.701,3.707,3.711,3.709,3.707,-59.967,-2720.000
3.328,3.329,3.322,3.329,3.328,3.326,3.325,3.706,3.708,3.703,3.707,3.712,3.712,3.715,-59.984,-2719.000
3.331,3.331,3.336,3.325,3.339,3.325,3.325,3.715,3.714,3.704,3.714,3.706,3.710,3.713,-60.031,-2718.000
3.331,3.329,3.336,3.324,3.327,3.330,3.330,3.708,3.712,3.708,3.714,3.718,3.711,3.713,-60.112,-2717.000
3.328,3.325,3.332,3.334,3.327,3.332,3.330,3.710,3.709,3.717,3.720,3.710,3.711,3.708,-60.151,-2716.000
3.331,3.332,3.326,3.329,3.330,3.327,3.327,3.719,3.715,3.712,3.708,3.710,3.706,3.709,-60.211,-2715.000
3.323,3.326,3.328,3.325,3.322,3.323,3.323,3.708,3.709,3.710,3.698,3.711,3.706,3.712,-60.090,-2714.000
3.327,3.325,3.324,3.323,3.331,3.322,3.323,3.707,3.712,3.712,3.713,3.712,3.708,3.706,-60.134,-2713.000
3.325,3.326,3.318,3.317,3.319,3.322,3.325,3.710,3.708,3.707,3.714,3.711,3.706,3.707,-60.155,-2712.000
3.317,3.323,3.326,3.325,3.317,3.325,3.321,3.707,3.704,3.709,3.702,3.708,3.705,3.702,-59.978,-2711.000
3.316,3.321,3.314,3.316,3.316,3.316,3.312,3.700,3.702,3.699,3.703,3.706,3.696,3.704,-59.923,-2710.000
3.314,3.321,3.319,3.322,3.320,3.321,3.321,3.704,3.703,3.705,3.706,3.713,3.705,3.713,-59.973,-2709.000
3.328,3.321,3.315,3.322,3.325,3.321,3.324,3.706,3.706,3.707,3.711,3.703,3.707,3.707,-60.113,-2708.000
3.326,3.322,3.322,3.320,3.317,3.316,3.323,3.701,3.708,3.709,3.705,3.704,3.706,3.709,-60.154,-2707.000
3.318,3.330,3.322,3.326,3.329,3.325,3.323,3.708,3.710,3.706,3.707,3.703,3.710,3.707,-60.153,-2706.000
3.322,3.325,3.329,3.323,3.330,3.326,3.324,3.711,3.706,3.706,3.708,3.708,3.703,3.708,-60.338,-2705.000
3.330,3.322,3.327,3.329,3.328,3.326,3.327,3.705,3.712,3.721,3.708,3.713,3.710,3.711,-60.339,-2704.000
3.328,3.326,3.328,3.332,3.325,3.326,3.330,3.709,3.710,3.709,3.708,3.710,3.717,3.712,-60.460,-2703.000
3.322,3.321,3.326,3.317,3.323,3.321,3.328,3.698,3.693,3.709,3.710,3.711,3.713,3.712,-60.400,-2702.000
3.318,3.332,3.322,3.329,3.323,3.327,3.324,3.709,3.710,3.711,3.715,3.706,3.704,3.706,-60.219,-2701.000
3.317,3.316,3.310,3.317,3.314,3.317,3.323,3.701,3.699,3.702,3.700,3.704,3.702,3.705,-60.115,-2700.000
3.316,3.319,3.326,3.325,3.321,3.319,3.323,3.703,3.703,3.710,3.710,3.709,3.709,3.711,-60.226,-2699.000
3.323,3.324,3.321,3.314,3.315,3.318,3.315,3.693,3.706,3.707,3.710,3.707,3.703,3.704,-60.235,-2698.000
3.321,3.323,3.323,3.321,3.320,3.319,3.322,3.711,3.704,3.709,3.705,3.705,3.704,3.701,-60.331,-2697.000
3.323,3.319,3.322,3.318,3.321,3.316,3.321,3.703,3.707,3.708,3.708,3.707,3.706,3.705,-60.329,-2696.000
3.316,3.321,3.315,3.325,3.318,3.320,3.319,3.706,3.705,3.701,3.710,3.703,3.705,3.705,-60.206,-2695.000
3.325,3.322,3.326,3.323,3.324,3.322,3.316,3.706,3.705,3.705,3.698,3.700,3.706,3.700,-60.500,-2694.000
3.313,3.319,3.310,3.316,3.315,3.321,3.317,3.702,3.708,3.701,3.702,3.706,3.704,3.704,-60.391,-2693.000
3.322,3.319,3.316,3.318,3.318,3.315,3.319,3.703,3.703,3.702,3.703,3.699,3.704,3.703,-60.492,-2692.000
3.319,3.315,3.316,3.315,3.318,3.314,3.318,3.703,3.703,3.706,3.706,3.699,3.702,3.703,-60.490,-2691.000
3.319,3.320,3.322,3.322,3.320,3.314,3.318,3.705,3.702,3.711,3.706,3.703,3.701,3.708,-60.343,-2690.000
3.315,3.322,3.324,3.325,3.317,3.317,3.320,3.706,3.710,3.710,3.715,3.705,3.708,3.712,-60.390,-2689.000
3.323,3.320,3.319,3.322,3.325,3.320,3.323,3.708,3.706,3.703,3.703,3.706,3.705,3.707,-60.301,-2688.000
3.327,3.332,3.328,3.331,3.325,3.327,3.324,3.713,3.705,3.712,3.708,3.712,3.709,3.714,-60.318,-2687.000
3.327,3.332,3.320,3.320,3.327,3.331,3.330,3.711,3.707,3.707,3.705,3.707,3.711,3.712,-60.306,-2686.000
3.327,3.331,3.332,3.324,3.327,3.326,3.329,3.709,3.710,3.713,3.711,3.711,3.718,3.718,-60.296,-2685.000
3.327,3.332,3.320,3.329,3.328,3.331,3.327,3.707,3.707,3.711,3.716,3.715,3.713,3.706,-60.329,-2684.000
3.318,3.324,3.321,3.325,3.327,3.331,3.324,3.709,3.706,3.706,3.704,3.710,3.707,3.709,-60.243,-2683.000
3.326,3.330,3.324,3.324,3.321,3.326,3.323,3.708,3.707,3.709,3.714,3.709,3.710,3.707,-60.216,-2682.000
3.323,3.326,3.323,3.327,3.323,3.323,3.322,3.708,3.716,3.706,3.707,3.706,3.706,3.703,-60.279,-2681.000
3.319,3.325,3.315,3.319,3.323,3.322,3.318,3.704,3.704,3.699,3.704,3.701,3.701,3.704,-60.265,-2680.000
3.319,3.314,3.320,3.326,3.319,3.314,3.317,3.705,3.697,3.704,3.704,3.703,3.705,3.704,-60.265,-2679.000
3.315,3.310,3.324,3.313,3.315,3.311,3.314,3.694,3.702,3.694,3.698,3.695,3.699,3.700,-60.282,-2678.000
3.316,3.322,3.318,3.320,3.318,3.319,3.315,3.707,3.698,3.704,3.703,3.697,3.701,3.701,-60.285,-2677.000
3.311,3.310,3.315,3.317,3.322,3.315,3.312,3.698,3.701,3.697,3.702,3.698,3.705,3.703,-60.291,-2676.000
3.320,3.318,3.319,3.312,3.315,3.312,3.316,3.701,3.706,3.703,3.704,3.704,3.704,3.701,-60.277,-2675.000
3.312,3.316,3.318,3.317,3.313,3.318,3.315,3.695,3.702,3.698,3.701,3.696,3.697,3.698,-60.335,-2674.000
3.316,3.316,3.320,3.308,3.323,3.319,3.321,3.697,3.707,3.696,3.701,3.702,3.698,3.701,-60.087,-2673.000
3.311,3.313,3.308,3.316,3.312,3.319,3.315,3.696,3.695,3.694,3.691,3.694,3.691,3.704,-60.112,-2672.000
3.315,3.317,3.308,3.318,3.317,3.317,3.316,3.700,3.697,3.690,3.699,3.704,3.699,3.704,-60.207,-2671.000
3.306,3.308,3.315,3.311,3.314,3.315,3.320,3.696,3.695,3.698,3.701,3.693,3.699,3.694,-60.207,-2670.000
3.313,3.315,3.312,3.310,3.308,3.313,3.312,3.693,3.700,3.697,3.696,3.697,3.698,3.701,-60.197,-2669.000
3.310,3.311,3.315,3.318,3.318,3.313,3.310,3.696,3.699,3.691,3.695,3.692,3.694,3.697,-60.067,-2668.000
3.307,3.310,3.309,3.311,3.308,3.310,3.305,3.694,3.689,3.695,3.694,3.692,3.702,3.690,-60.383,-2667.000
3.303,3.303,3.306,3.309,3.309,3.303,3.299,3.692,3.686,3.687,3.689,3.693,3.689,3.691,-60.402,-2666.000
3.311,3.314,3.305,3.310,3.308,3.316,3.304,3.694,3.694,3.692,3.693,3.692,3.694,3.691,-60.368,-2665.000
3.311,3.307,3.306,3.307,3.310,3.313,3.313,3.687,3.696,3.692,3.695,3.692,3.698,3.693,-60.234,-2664.000
3.309,3.306,3.307,3.306,3.314,3.312,3.308,3.688,3.686,3.695,3.691,3.693,3.688,3.694,-60.244,-2663.000
3.310,3.310,3.310,3.315,3.307,3.312,3.310,3.687,3.689,3.686,3.692,3.685,3.683,3.684,-60.457,-2662.000
3.310,3.309,3.316,3.317,3.313,3.310,3.317,3.698,3.697,3.693,3.696,3.691,3.695,3.692,-60.213,-2661.000
3.314,3.314,3.313,3.312,3.311,3.305,3.311,3.688,3.687,3.694,3.686,3.689,3.690,3.688,-60.130,-2660.000
3.314,3.313,3.319,3.310,3.313,3.319,3.310,3.695,3.696,3.698,3.691,3.693,3.693,3.691,-60.162,-2659.000
3.308,3.314,3.311,3.315,3.311,3.315,3.311,3.696,3.700,3.691,3.695,3.696,3.693,3.693,-60.249,-2658.000
3.302,3.306,3.309,3.310,3.307,3.310,3.311,3.692,3.692,3.693,3.689,3.685,3.695,3.686,-60.249,-2657.000
3.309,3.310,3.306,3.313,3.306,3.303,3.304,3.693,3.689,3.699,3.698,3.693,3.693,3.694,-60.141,-2656.000
3.308,3.304,3.305,3.307,3.308,3.307,3.308,3.695,3.692,3.695,3.697,3.692,3.694,3.686,-60.247,-2655.000
3.303,3.302,3.303,3.304,3.309,3.308,3.302,3.688,3.694,3.686,3.690,3.687,3.682,3.688,-60.171,-2654.000
3.304,3.303,3.300,3.307,3.302,3.301,3.307,3.686,3.682,3.691,3.685,3.681,3.683,3.688,-60.077,-2653.000
3.293,3.302,3.302,3.305,3.300,3.301,3.295,3.683,3.685,3.682,3.692,3.687,3.682,3.681,-60.043,-2652.000
3.304,3.301,3.305,3.304,3.302,3.300,3.300,3.681,3.682,3.683,3.682,3.690,3.684,3.688,-60.113,-2651.000
3.296,3.303,3.303,3.306,3.300,3.299,3.297,3.691,3.684,3.688,3.689,3.683,3.685,3.688,-60.154,-2650.000
3.309,3.300,3.302,3.304,3.301,3.294,3.299,3.688,3.684,3.682,3.687,3.686,3.682,3.684,-60.132,-2649.000
3.300,3.303,3.298,3.304,3.307,3.303,3.295,3.682,3.683,3.686,3.683,3.684,3.679,3.678,-60.218,-2648.000
3.307,3.309,3.303,3.308,3.302,3.307,3.307,3.687,3.687,3.695,3.689,3.687,3.686,3.684,-60.188,-2647.000
3.299,3.293,3.297,3.298,3.301,3.296,3.297,3.680,3.681,3.683,3.682,3.688,3.683,3.683,-60.424,-2646.000
3.296,3.299,3.299,3.297,3.289,3.293,3.296,3.691,3.683,3.688,3.680,3.676,3.682,3.679,-60.426,-2645.000
3.295,3.290,3.294,3.294,3.290,3.295,3.289,3.678,3.677,3.678,3.679,3.672,3.668,3.667,-60.150,-2644.000
3.287,3.297,3.296,3.288,3.294,3.290,3.294,3.679,3.680,3.678,3.675,3.681,3.681,3.680,-60.047,-2643.000
3.294,3.293,3.292,3.298,3.287,3.291,3.297,3.678,3.674,3.673,3.677,3.681,3.680,3.676,-60.034,-2642.000
3.300,3.301,3.297,3.289,3.301,3.294,3.297,3.676,3.678,3.687,3.681,3.682,3.680,3.678,-59.979,-2641.000
3.297,3.297,3.298,3.290,3.295,3.289,3.297,3.680,3.680,3.678,3.683,3.680,3.677,3.679,-60.024,-2640.000
3.299,3.299,3.299,3.302,3.302,3.300,3.304,3.684,3.686,3.682,3.687,3.688,3.684,3.685,-60.048,-2639.000
3.305,3.304,3.299,3.307,3.297,3.301,3.300,3.687,3.687,3.687,3.691,3.680,3.684,3.681,-60.089,-2638.000
3.298,3.294,3.296,3.297,3.302,3.301,3.300,3.683,3.686,3.680,3.682,3.685,3.682,3.682,-60.063,-2637.000
3.297,3.299,3.295,3.300,3.298,3.300,3.297,3.681,3.683,3.683,3.674,3.680,3.686,3.689,-60.149,-2636.000
3.292,3.295,3.296,3.305,3.296,3.297,3.301,3.685,3.688,3.689,3.691,3.681,3.681,3.681,-60.081,-2635.000
3.304,3.304,3.305,3.298,3.306,3.301,3.299,3.685,3.686,3.689,3.691,3.692,3.696,3.694,-60.278,-2634.000
3.305,3.311,3.301,3.306,3.307,3.303,3.307,3.694,3.691,3.696,3.694,3.694,3.695,3.698,-60.262,-2633.000
3.308,3.311,3.306,3.304,3.306,3.307,3.304,3.692,3.698,3.691,3.688,3.695,3.690,3.691,-60.086,-2632.000
3.309,3.308,3.305,3.306,3.311,3.308,3.315,3.693,3.695,3.686,3.692,3.692,3.694,3.698,-60.176,-2631.000
3.304,3.308,3.302,3.306,3.306,3.308,3.311,3.682,3.687,3.693,3.692,3.692,3.694,3.693,-60.236,-2630.000
3.303,3.304,3.304,3.305,3.304,3.303,3.299,3.690,3.688,3.687,3.697,3.686,3.690,3.681,-60.274,-2629.000
3.305,3.310,3.308,3.308,3.310,3.304,3.304,3.687,3.691,3.693,3.694,3.686,3.692,3.691,-60.166,-2628.000
3.316,3.311,3.307,3.310,3.304,3.312,3.308,3.694,3.689,3.690,3.693,3.687,3.692,3.687,-60.107,-2627.000
3.313,3.310,3.309,3.304,3.309,3.310,3.315,3.692,3.688,3.694,3.700,3.699,3.692,3.701,-60.145,-2626.000
3.305,3.309,3.302,3.308,3.298,3.306,3.303,3.691,3.692,3.690,3.692,3.687,3.687,3.692,-60.126,-2625.000
3.307,3.305,3.304,3.309,3.306,3.312,3.304,3.690,3.692,3.684,3.692,3.693,3.690,3.693,-60.118,-2624.000
3.303,3.307,3.307,3.310,3.306,3.306,3.305,3.698,3.695,3.696,3.694,3.686,3.690,3.692,-60.184,-2623.000
3.304,3.305,3.303,3.302,3.300,3.301,3.307,3.695,3.686,3.690,3.687,3.685,3.682,3.690,-60.081,-2622.000
3.317,3.303,3.302,3.299,3.316,3.307,3.308,3.694,3.696,3.690,3.692,3.697,3.695,3.697,-60.190,-2621.000
3.305,3.305,3.303,3.309,3.309,3.310,3.307,3.692,3.689,3.695,3.690,3.694,3.702,3.695,-60.238,-2620.000
3.305,3.305,3.299,3.303,3.307,3.303,3.304,3.692,3.689,3.688,3.689,3.695,3.687,3.686,-60.174,-2619.000
3.308,3.305,3.312,3.309,3.310,3.309,3.312,3.696,3.694,3.695,3.695,3.691,3.697,3.692,-60.260,-2618.000
3.309,3.303,3.305,3.308,3.303,3.304,3.310,3.691,3.690,3.686,3.690,3.694,3.689,3.689,-60.205,-2617.000
3.310,3.301,3.306,3.313,3.307,3.312,3.307,3.688,3.689,3.689,3.692,3.691,3.697,3.696,-60.314,-2616.000
3.309,3.315,3.306,3.309,3.312,3.313,3.310,3.697,3.699,3.693,3.702,3.696,3.692,3.700,-60.231,-2615.000
3.307,3.309,3.302,3.309,3.309,3.310,3.310,3.694,3.695,3.695,3.697,3.698,3.694,3.697,-60.256,-2614.000
3.312,3.312,3.315,3.312,3.306,3.307,3.303,3.694,3.698,3.699,3.691,3.698,3.691,3.703,-60.175,-2613.000
3.310,3.312,3.310,3.311,3.307,3.307,3.308,3.699,3.693,3.691,3.697,3.689,3.688,3.691,-60.188,-2612.000
3.310,3.304,3.308,3.308,3.303,3.308,3.305,3.690,3.691,3.690,3.690,3.692,3.689,3.696,-60.199,-2611.000
3.315,3.315,3.313,3.317,3.314,3.316,3.314,3.696,3.697,3.696,3.696,3.695,3.696,3.694,-60.273,-2610.000
3.311,3.318,3.307,3.309,3.312,3.316,3.313,3.697,3.697,3.692,3.689,3.690,3.690,3.702,-60.202,-2609.000
3.311,3.310,3.310,3.312,3.308,3.307,3.309,3.697,3.692,3.691,3.689,3.695,3.693,3.696,-60.229,-2608.000
3.312,3.318,3.309,3.310,3.310,3.317,3.319,3.701,3.691,3.697,3.691,3.694,3.694,3.697,-60.082,-2607.000
3.310,3.312,3.311,3.308,3.307,3.314,3.313,3.697,3.693,3.697,3.695,3.697,3.691,3.695,-59.955,-2606.000
3.305,3.309,3.307,3.309,3.306,3.312,3.311,3.699,3.696,3.700,3.695,3.699,3.693,3.699,-59.952,-2605.000
3.308,3.313,3.313,3.308,3.316,3.316,3.308,3.694,3.700,3.694,3.702,3.699,3.699,3.699,-59.915,-2604.000
3.313,3.312,3.312,3.310,3.317,3.308,3.305,3.695,3.698,3.699,3.697,3.696,3.696,3.697,-59.890,-2603.000
3.313,3.309,3.304,3.307,3.310,3.316,3.312,3.702,3.696,3.695,3.695,3.696,3.695,3.704,-60.072,-2602.000
3.309,3.314,3.312,3.305,3.311,3.315,3.312,3.686,3.699,3.699,3.700,3.698,3.696,3.696,-60.072,-2601.000
3.314,3.305,3.315,3.314,3.311,3.313,3.316,3.700,3.691,3.699,3.698,3.698,3.693,3.696,-60.031,-2600.000
3.311,3.315,3.309,3.310,3.309,3.310,3.308,3.691,3.691,3.690,3.693,3.695,3.699,3.702,-60.250,-2599.000
3.319,3.312,3.315,3.308,3.316,3.313,3.315,3.695,3.697,3.697,3.702,3.706,3.704,3.697,-60.195,-2598.000
3.305,3.311,3.316,3.313,3.307,3.312,3.307,3.693,3.698,3.692,3.695,3.693,3.696,3.692,-60.184,-2597.000
3.307,3.311,3.308,3.304,3.308,3.307,3.306,3.695,3.695,3.695,3.699,3.702,3.686,3.698,-60.146,-2596.000
3.310,3.305,3.310,3.305,3.306,3.305,3.307,3.683,3.687,3.695,3.690,3.695,3.702,3.697,-60.087,-2595.000
3.307,3.310,3.307,3.310,3.306,3.305,3.311,3.694,3.694,3.698,3.698,3.698,3.693,3.704,-60.102,-2594.000
3.307,3.314,3.313,3.312,3.316,3.310,3.308,3.698,3.696,3.698,3.699,3.699,3.698,3.696,-60.193,-2593.000
3.316,3.306,3.315,3.316,3.316,3.310,3.316,3.699,3.700,3.698,3.701,3.695,3.704,3.702,-60.229,-2592.000
3.314,3.311,3.316,3.306,3.317,3.309,3.312,3.700,3.700,3.695,3.695,3.699,3.698,3.690,-60.234,-2591.000
3.311,3.316,3.314,3.318,3.310,3.313,3.312,3.703,3.701,3.701,3.706,3.695,3.698,3.704,-60.129,-2590.000
3.313,3.316,3.305,3.315,3.316,3.311,3.305,3.700,3.699,3.698,3.700,3.699,3.699,3.696,-60.143,-2589.000
3.318,3.313,3.309,3.322,3.311,3.315,3.316,3.697,3.695,3.697,3.704,3.697,3.701,3.697,-60.127,-2588.000
3.323,3.324,3.320,3.318,3.316,3.312,3.323,3.702,3.709,3.704,3.707,3.701,3.703,3.707,-60.308,-2587.000
3.316,3.319,3.321,3.320,3.319,3.317,3.322,3.708,3.708,3.706,3.706,3.705,3.699,3.705,-60.191,-2586.000
3.322,3.318,3.318,3.320,3.319,3.319,3.327,3.710,3.707,3.707,3.703,3.699,3.703,3.698,-60.286,-2585.000
3.317,3.317,3.314,3.314,3.309,3.312,3.310,3.698,3.708,3.702,3.698,3.698,3.694,3.697,-60.340,-2584.000
3.318,3.319,3.324,3.317,3.324,3.317,3.324,3.705,3.706,3.707,3.705,3.705,3.703,3.699,-60.385,-2583.000
3.324,3.324,3.328,3.324,3.322,3.322,3.318,3.711,3.708,3.703,3.709,3.706,3.704,3.710,-60.259,-2582.000
3.323,3.322,3.324,3.322,3.319,3.320,3.319,3.706,3.706,3.706,3.705,3.702,3.705,3.703,-60.303,-2581.000
3.322,3.318,3.323,3.316,3.321,3.314,3.314,3.706,3.704,3.705,3.705,3.707,3.705,3.711,-60.382,-2580.000
3.321,3.324,3.321,3.321,3.319,3.314,3.322,3.706,3.710,3.704,3.706,3.708,3.709,3.706,-60.220,-2579.000
3.318,3.324,3.319,3.327,3.323,3.322,3.325,3.710,3.711,3.708,3.711,3.716,3.707,3.711,-60.307,-2578.000
3.315,3.321,3.319,3.319,3.317,3.315,3.320,3.706,3.706,3.708,3.712,3.709,3.705,3.704,-60.290,-2577.000
3.315,3.318,3.313,3.313,3.312,3.313,3.316,3.709,3.706,3.706,3.706,3.708,3.704,3.706,-60.260,-2576.000
3.314,3.327,3.318,3.320,3.321,3.319,3.318,3.710,3.706,3.706,3.704,3.707,3.707,3.705,-60.260,-2575.000
3.310,3.316,3.310,3.314,3.316,3.318,3.319,3.701,3.706,3.706,3.702,3.703,3.704,3.695,-60.175,-2574.000
3.310,3.315,3.317,3.314,3.316,3.315,3.318,3.703,3.703,3.704,3.707,3.707,3.710,3.708,-60.357,-2573.000
3.309,3.318,3.319,3.326,3.318,3.319,3.321,3.704,3.705,3.705,3.707,3.711,3.707,3.705,-60.365,-2572.000
3.314,3.310,3.313,3.314,3.317,3.319,3.316,3.715,3.709,3.713,3.701,3.704,3.709,3.708,-60.558,-2571.000
3.316,3.314,3.315,3.319,3.313,3.322,3.316,3.704,3.701,3.706,3.704,3.705,3.703,3.704,-60.605,-2570.000
3.321,3.319,3.318,3.313,3.317,3.318,3.321,3.708,3.707,3.705,3.706,3.703,3.706,3.704,-60.605,-2569.000
3.310,3.311,3.311,3.312,3.317,3.315,3.316,3.703,3.706,3.705,3.711,3.708,3.713,3.709,-60.601,-2568.000
3.314,3.320,3.318,3.318,3.314,3.319,3.316,3.719,3.713,3.710,3.711,3.711,3.707,3.708,-60.681,-2567.000
3.316,3.320,3.315,3.312,3.318,3.324,3.316,3.705,3.702,3.706,3.705,3.711,3.708,3.701,-60.425,-2566.000
3.310,3.313,3.314,3.319,3.310,3.316,3.315,3.701,3.704,3.700,3.697,3.702,3.703,3.708,-60.434,-2565.000
3.313,3.314,3.322,3.317,3.318,3.320,3.324,3.707,3.707,3.706,3.708,3.705,3.706,3.706,-60.400,-2564.000
3.317,3.318,3.314,3.311,3.316,3.319,3.316,3.710,3.712,3.708,3.704,3.708,3.705,3.714,-60.493,-2563.000
3.315,3.323,3.315,3.316,3.316,3.324,3.321,3.705,3.711,3.713,3.708,3.710,3.702,3.706,-60.308,-2562.000
3.316,3.321,3.320,3.324,3.323,3.323,3.325,3.709,3.708,3.716,3.712,3.714,3.713,3.715,-60.576,-2561.000
3.319,3.328,3.327,3.323,3.323,3.320,3.322,3.716,3.716,3.711,3.712,3.713,3.711,3.713,-60.380,-2560.000
3.316,3.318,3.319,3.322,3.329,3.329,3.327,3.714,3.716,3.713,3.713,3.708,3.718,3.710,-60.171,-2559.000
3.323,3.324,3.325,3.330,3.330,3.333,3.331,3.709,3.709,3.718,3.719,3.720,3.721,3.718,-60.171,-2558.000
3.329,3.326,3.328,3.326,3.325,3.325,3.329,3.719,3.715,3.707,3.715,3.717,3.718,3.721,-60.179,-2557.000
3.325,3.320,3.322,3.328,3.325,3.322,3.326,3.713,3.725,3.716,3.715,3.718,3.714,3.715,-60.293,-2556.000
3.327,3.329,3.327,3.330,3.328,3.325,3.329,3.715,3.716,3.721,3.715,3.715,3.716,3.712,-60.293,-2555.000
3.333,3.328,3.323,3.324,3.327,3.332,3.327,3.719,3.723,3.721,3.718,3.725,3.717,3.715,-60.151,-2554.000
3.329,3.330,3.330,3.331,3.326,3.331,3.331,3.720,3.719,3.723,3.718,3.714,3.718,3.727,-60.190,-2553.000
3.331,3.333,3.334,3.334,3.330,3.331,3.332,3.732,3.729,3.727,3.719,3.724,3.717,3.718,-60.270,-2552.000
3.330,3.334,3.330,3.329,3.334,3.325,3.332,3.719,3.725,3.723,3.721,3.722,3.725,3.724,-60.370,-2551.000
3.335,3.330,3.331,3.332,3.333,3.329,3.332,3.720,3.718,3.720,3.720,3.718,3.718,3.723,-60.442,-2550.000
3.332,3.336,3.338,3.330,3.333,3.341,3.336,3.730,3.726,3.724,3.720,3.723,3.727,3.721,-60.442,-2549.000
3.330,3.335,3.328,3.331,3.337,3.326,3.330,3.728,3.725,3.723,3.728,3.725,3.725,3.729,-60.453,-2548.000
3.324,3.333,3.331,3.329,3.331,3.331,3.326,3.718,3.717,3.722,3.720,3.720,3.720,3.727,-60.605,-2547.000
3.326,3.329,3.334,3.334,3.333,3.329,3.333,3.721,3.716,3.724,3.723,3.723,3.723,3.723,-60.678,-2546.000
3.332,3.334,3.328,3.326,3.327,3.334,3.331,3.722,3.724,3.719,3.720,3.723,3.727,3.723,-60.496,-2545.000
3.334,3.328,3.330,3.333,3.332,3.328,3.329,3.722,3.724,3.721,3.725,3.723,3.719,3.725,-60.490,-2544.000
3.329,3.330,3.330,3.331,3.337,3.328,3.331,3.724,3.723,3.719,3.718,3.725,3.726,3.722,-60.363,-2543.000
3.327,3.329,3.327,3.329,3.333,3.331,3.325,3.719,3.728,3.717,3.725,3.724,3.718,3.720,-60.313,-2542.000
3.327,3.324,3.333,3.326,3.330,3.328,3.334,3.723,3.727,3.732,3.722,3.721,3.725,3.727,-60.486,-2541.000
3.332,3.327,3.332,3.326,3.333,3.324,3.329,3.724,3.721,3.725,3.722,3.724,3.720,3.728,-60.415,-2540.000
3.331,3.330,3.324,3.329,3.335,3.332,3.331,3.721,3.722,3.721,3.721,3.725,3.720,3.720,-60.391,-2539.000
3.332,3.328,3.334,3.331,3.328,3.329,3.328,3.720,3.718,3.716,3.720,3.714,3.721,3.721,-60.459,-2538.000
3.326,3.326,3.327,3.325,3.328,3.331,3.327,3.722,3.727,3.722,3.723,3.717,3.723,3.715,-60.502,-2537.000
3.325,3.325,3.327,3.322,3.328,3.325,3.325,3.728,3.722,3.718,3.722,3.719,3.725,3.722,-60.461,-2536.000
3.326,3.332,3.327,3.327,3.323,3.323,3.323,3.718,3.711,3.718,3.715,3.715,3.714,3.715,-60.317,-2535.000
3.326,3.328,3.325,3.329,3.330,3.330,3.326,3.719,3.720,3.718,3.723,3.714,3.726,3.716,-60.317,-2534.000
3.325,3.323,3.330,3.322,3.320,3.320,3.327,3.721,3.718,3.721,3.722,3.718,3.714,3.710,-60.309,-2533.000
3.333,3.329,3.326,3.328,3.325,3.336,3.328,3.713,3.717,3.717,3.721,3.721,3.721,3.723,-60.315,-2532.000
3.325,3.320,3.326,3.328,3.332,3.324,3.329,3.720,3.719,3.721,3.720,3.715,3.722,3.715,-60.297,-2531.000
3.328,3.324,3.332,3.325,3.327,3.326,3.328,3.714,3.717,3.719,3.717,3.718,3.719,3.714,-60.270,-2530.000
3.324,3.322,3.327,3.325,3.319,3.317,3.323,3.714,3.716,3.714,3.715,3.709,3.713,3.715,-60.124,-2529.000
3.331,3.328,3.326,3.325,3.330,3.326,3.332,3.719,3.717,3.717,3.720,3.719,3.720,3.718,-60.275,-2528.000
3.324,3.324,3.327,3.323,3.329,3.318,3.327,3.718,3.718,3.713,3.718,3.722,3.716,3.721,-60.004,-2527.000
3.328,3.325,3.329,3.330,3.328,3.326,3.325,3.720,3.720,3.713,3.716,3.722,3.719,3.719,-60.090,-2526.000
3.323,3.333,3.327,3.323,3.334,3.332,3.333,3.712,3.719,3.713,3.719,3.718,3.722,3.721,-60.155,-2525.000
3.329,3.325,3.329,3.334,3.329,3.331,3.329,3.725,3.721,3.718,3.721,3.722,3.718,3.719,-60.043,-2524.000
3.324,3.329,3.325,3.329,3.325,3.330,3.326,3.714,3.714,3.718,3.717,3.715,3.719,3.712,-60.040,-2523.000
3.327,3.332,3.330,3.336,3.334,3.328,3.332,3.724,3.715,3.718,3.720,3.722,3.722,3.717,-60.110,-2522.000
3.326,3.332,3.326,3.331,3.330,3.334,3.330,3.718,3.724,3.728,3.721,3.723,3.716,3.722,-60.051,-2521.000
3.332,3.335,3.329,3.328,3.329,3.324,3.336,3.723,3.729,3.720,3.720,3.728,3.723,3.723,-60.227,-2520.000
3.331,3.334,3.333,3.332,3.329,3.334,3.327,3.720,3.723,3.726,3.721,3.728,3.722,3.723,-60.285,-2519.000
3.327,3.326,3.328,3.327,3.332,3.327,3.330,3.727,3.723,3.726,3.718,3.715,3.730,3.728,-60.285,-2518.000
3.335,3.335,3.333,3.333,3.329,3.331,3.326,3.722,3.728,3.731,3.724,3.722,3.719,3.723,-60.276,-2517.000
3.329,3.337,3.325,3.335,3.334,3.334,3.331,3.722,3.723,3.718,3.724,3.723,3.717,3.726,-60.354,-2516.000
3.331,3.329,3.328,3.326,3.328,3.324,3.338,3.725,3.723,3.720,3.719,3.720,3.719,3.717,-60.469,-2515.000
3.336,3.331,3.332,3.334,3.326,3.332,3.333,3.725,3.720,3.722,3.719,3.723,3.718,3.721,-60.456,-2514.000
3.337,3.337,3.339,3.328,3.325,3.333,3.330,3.729,3.730,3.723,3.722,3.724,3.726,3.722,-60.402,-2513.000
3.334,3.333,3.334,3.331,3.338,3.329,3.332,3.722,3.722,3.719,3.723,3.721,3.727,3.722,-60.549,-2512.000
3.340,3.331,3.333,3.333,3.336,3.336,3.336,3.734,3.727,3.728,3.728,3.726,3.731,3.723,-60.549,-2511.000
3.333,3.337,3.337,3.334,3.337,3.331,3.329,3.733,3.725,3.728,3.724,3.724,3.726,3.722,-60.392,-2510.000
3.337,3.339,3.338,3.341,3.348,3.338,3.340,3.730,3.733,3.731,3.730,3.734,3.732,3.734,-60.328,-2509.000
3.340,3.334,3.338,3.339,3.339,3.333,3.337,3.726,3.730,3.735,3.730,3.729,3.733,3.739,-60.175,-2508.000
3.338,3.335,3.339,3.338,3.329,3.333,3.339,3.728,3.723,3.730,3.728,3.729,3.726,3.728,-60.116,-2507.000
3.337,3.337,3.335,3.334,3.340,3.340,3.331,3.737,3.734,3.734,3.732,3.732,3.734,3.729,-60.012,-2506.000
3.336,3.336,3.344,3.338,3.335,3.335,3.336,3.734,3.737,3.738,3.732,3.735,3.734,3.728,-60.061,-2505.000
3.339,3.337,3.342,3.340,3.336,3.333,3.338,3.729,3.733,3.730,3.732,3.731,3.728,3.726,-60.218,-2504.000
3.332,3.336,3.339,3.330,3.333,3.335,3.334,3.730,3.729,3.723,3.727,3.730,3.731,3.730,-60.204,-2503.000
3.334,3.339,3.338,3.340,3.335,3.336,3.335,3.725,3.726,3.733,3.738,3.727,3.730,3.732,-60.225,-2502.000
3.332,3.335,3.340,3.339,3.333,3.340,3.333,3.734,3.734,3.729,3.727,3.728,3.727,3.724,-60.356,-2501.000
3.339,3.340,3.338,3.331,3.337,3.336,3.338,3.727,3.722,3.730,3.733,3.726,3.729,3.731,-60.418,-2500.000
3.325,3.339,3.332,3.332,3.334,3.336,3.339,3.732,3.724,3.726,3.726,3.732,3.730,3.727,-60.484,-2499.000
3.332,3.337,3.334,3.344,3.338,3.337,3.344,3.726,3.731,3.727,3.733,3.732,3.729,3.730,-60.408,-2498.000
3.335,3.330,3.334,3.330,3.334,3.328,3.325,3.729,3.725,3.730,3.728,3.727,3.728,3.729,-60.391,-2497.000
3.341,3.339,3.340,3.332,3.336,3.333,3.330,3.733,3.725,3.730,3.729,3.731,3.726,3.726,-60.332,-2496.000
3.328,3.331,3.334,3.334,3.337,3.331,3.332,3.725,3.723,3.727,3.724,3.728,3.724,3.729,-60.192,-2495.000
3.334,3.332,3.334,3.331,3.334,3.334,3.333,3.728,3.724,3.719,3.722,3.724,3.723,3.727,-60.192,-2494.000
3.334,3.333,3.334,3.336,3.328,3.331,3.328,3.726,3.724,3.728,3.724,3.721,3.718,3.722,-60.125,-2493.000
3.331,3.326,3.329,3.325,3.327,3.330,3.327,3.722,3.721,3.725,3.725,3.719,3.722,3.719,-60.089,-2492.000
3.334,3.334,3.330,3.329,3.330,3.331,3.331,3.726,3.722,3.733,3.726,3.728,3.722,3.736,-60.115,-2491.000
3.338,3.332,3.336,3.329,3.329,3.327,3.331,3.725,3.723,3.725,3.726,3.727,3.724,3.723,-60.252,-2490.000
3.336,3.330,3.326,3.332,3.325,3.327,3.330,3.721,3.725,3.727,3.728,3.722,3.721,3.729,-60.227,-2489.000
3.332,3.332,3.333,3.323,3.329,3.332,3.332,3.725,3.719,3.726,3.728,3.723,3.725,3.727,-60.254,-2488.000
3.337,3.334,3.334,3.334,3.332,3.332,3.334,3.727,3.725,3.724,3.725,3.724,3.725,3.723,-60.108,-2487.000
3.339,3.331,3.332,3.333,3.331,3.330,3.332,3.727,3.720,3.722,3.721,3.718,3.722,3.719,-60.109,-2486.000
3.338,3.335,3.329,3.334,3.328,3.332,3.335,3.721,3.724,3.720,3.721,3.717,3.715,3.720,-60.201,-2485.000
3.327,3.331,3.334,3.333,3.331,3.334,3.330,3.725,3.722,3.719,3.723,3.722,3.729,3.722,-60.092,-2484.000
3.339,3.334,3.322,3.331,3.335,3.336,3.331,3.725,3.729,3.727,3.722,3.721,3.721,3.723,-60.159,-2483.000
3.337,3.327,3.334,3.331,3.328,3.332,3.332,3.733,3.722,3.723,3.720,3.719,3.720,3.719,-60.159,-2482.000
3.334,3.337,3.328,3.335,3.329,3.332,3.336,3.724,3.721,3.720,3.712,3.717,3.717,3.723,-60.177,-2481.000
3.329,3.337,3.336,3.333,3.325,3.330,3.328,3.725,3.721,3.728,3.728,3.727,3.721,3.723,-60.298,-2480.000
3.333,3.328,3.332,3.329,3.330,3.334,3.333,3.719,3.716,3.714,3.714,3.719,3.723,3.721,-60.298,-2479.000
3.329,3.331,3.337,3.331,3.329,3.332,3.328,3.720,3.731,3.721,3.723,3.722,3.721,3.720,-60.482,-2478.000
3.331,3.328,3.336,3.335,3.331,3.327,3.330,3.717,3.719,3.719,3.724,3.725,3.723,3.715,-60.327,-2477.000
3.333,3.331,3.332,3.331,3.329,3.326,3.332,3.721,3.717,3.716,3.720,3.715,3.719,3.720,-60.249,-2476.000
3.331,3.333,3.334,3.330,3.335,3.331,3.332,3.721,3.723,3.726,3.721,3.725,3.723,3.720,-60.271,-2475.000
3.329,3.334,3.337,3.327,3.329,3.330,3.332,3.721,3.723,3.725,3.723,3.714,3.714,3.718,-60.204,-2474.000
3.335,3.339,3.328,3.331,3.330,3.330,3.327,3.723,3.731,3.728,3.725,3.718,3.723,3.719,-60.263,-2473.000
3.335,3.342,3.336,3.338,3.340,3.336,3.334,3.723,3.723,3.727,3.730,3.729,3.732,3.722,-60.263,-2472.000
3.337,3.337,3.336,3.337,3.332,3.337,3.334,3.717,3.718,3.724,3.726,3.726,3.720,3.727,-60.152,-2471.000
3.338,3.328,3.332,3.337,3.330,3.327,3.336,3.718,3.723,3.722,3.721,3.718,3.717,3.722,-59.964,-2470.000
3.332,3.330,3.332,3.336,3.333,3.334,3.327,3.725,3.724,3.721,3.723,3.723,3.727,3.723,-59.964,-2469.000
3.331,3.336,3.336,3.335,3.326,3.335,3.334,3.727,3.723,3.725,3.724,3.717,3.722,3.723,-60.040,-2468.000
3.338,3.340,3.338,3.335,3.337,3.329,3.337,3.718,3.723,3.724,3.726,3.727,3.720,3.723,-60.273,-2467.000
3.333,3.339,3.338,3.340,3.337,3.330,3.333,3.728,3.723,3.721,3.718,3.721,3.727,3.726,-60.268,-2466.000
3.329,3.335,3.326,3.330,3.334,3.329,3.329,3.720,3.718,3.717,3.717,3.715,3.723,3.715,-60.464,-2465.000
3.330,3.335,3.335,3.329,3.329,3.329,3.326,3.718,3.720,3.722,3.723,3.723,3.726,3.715,-60.371,-2464.000
3.326,3.325,3.328,3.327,3.326,3.324,3.323,3.710,3.710,3.709,3.713,3.711,3.716,3.715,-60.447,-2463.000
3.329,3.331,3.324,3.325,3.331,3.326,3.331,3.710,3.719,3.724,3.721,3.717,3.712,3.716,-60.447,-2462.000
3.329,3.334,3.331,3.333,3.341,3.335,3.329,3.718,3.727,3.721,3.718,3.719,3.717,3.717,-60.303,-2461.000
3.333,3.340,3.334,3.336,3.338,3.331,3.334,3.723,3.722,3.723,3.721,3.725,3.727,3.725,-60.366,-2460.000
3.334,3.335,3.327,3.336,3.334,3.333,3.338,3.724,3.722,3.717,3.720,3.730,3.730,3.722,-60.366,-2459.000
3.340,3.336,3.343,3.337,3.335,3.338,3.340,3.732,3.732,3.733,3.727,3.729,3.728,3.729,-60.233,-2458.000
3.343,3.339,3.345,3.338,3.335,3.339,3.341,3.730,3.734,3.731,3.728,3.731,3.730,3.727,-60.304,-2457.000
3.328,3.336,3.333,3.333,3.331,3.335,3.335,3.721,3.721,3.729,3.720,3.734,3.727,3.725,-60.304,-2456.000
3.334,3.335,3.340,3.337,3.334,3.333,3.342,3.725,3.729,3.728,3.727,3.726,3.730,3.723,-60.281,-2455.000
3.337,3.340,3.337,3.332,3.331,3.328,3.334,3.730,3.723,3.734,3.721,3.725,3.719,3.729,-60.126,-2454.000
3.330,3.334,3.332,3.334,3.335,3.333,3.331,3.728,3.720,3.721,3.722,3.724,3.723,3.725,-60.091,-2453.000
3.330,3.330,3.333,3.327,3.331,3.332,3.332,3.718,3.718,3.721,3.721,3.719,3.710,3.724,-60.460,-2452.000
3.332,3.334,3.329,3.322,3.328,3.336,3.335,3.727,3.718,3.719,3.717,3.721,3.720,3.716,-60.402,-2451.000
3.335,3.333,3.334,3.338,3.333,3.328,3.333,3.725,3.726,3.722,3.722,3.727,3.727,3.728,-60.406,-2450.000
3.333,3.327,3.327,3.331,3.331,3.336,3.330,3.720,3.719,3.719,3.717,3.716,3.717,3.715,-60.353,-2449.000
3.335,3.331,3.332,3.334,3.325,3.328,3.338,3.725,3.725,3.724,3.717,3.722,3.717,3.721,-60.303,-2448.000
3.333,3.332,3.331,3.333,3.333,3.331,3.331,3.727,3.727,3.725,3.720,3.716,3.727,3.725,-60.484,-2447.000
3.338,3.332,3.330,3.336,3.336,3.334,3.328,3.725,3.718,3.717,3.719,3.723,3.725,3.721,-60.400,-2446.000
3.335,3.329,3.337,3.330,3.333,3.334,3.331,3.722,3.723,3.714,3.719,3.721,3.727,3.724,-60.323,-2445.000
3.329,3.336,3.331,3.331,3.333,3.330,3.324,3.723,3.723,3.720,3.723,3.720,3.720,3.726,-60.282,-2444.000
3.331,3.330,3.333,3.326,3.337,3.331,3.332,3.718,3.720,3.721,3.730,3.720,3.729,3.720,-60.379,-2443.000
3.334,3.334,3.333,3.331,3.329,3.334,3.331,3.728,3.726,3.721,3.726,3.719,3.720,3.721,-60.345,-2442.000
3.338,3.333,3.336,3.330,3.337,3.330,3.332,3.720,3.726,3.727,3.724,3.731,3.723,3.724,-60.358,-2441.000
3.335,3.328,3.338,3.336,3.333,3.333,3.337,3.728,3.729,3.726,3.720,3.724,3.722,3.727,-60.495,-2440.000
3.335,3.338,3.331,3.334,3.334,3.328,3.337,3.722,3.722,3.720,3.724,3.724,3.725,3.723,-60.446,-2439.000
3.333,3.335,3.332,3.337,3.341,3.334,3.336,3.723,3.728,3.727,3.729,3.724,3.728,3.730,-60.299,-2438.000
3.332,3.335,3.328,3.331,3.331,3.338,3.333,3.723,3.721,3.723,3.726,3.722,3.723,3.723,-60.395,-2437.000
3.328,3.328,3.327,3.327,3.327,3.328,3.326,3.718,3.714,3.724,3.715,3.718,3.718,3.713,-60.395,-2436.000
3.331,3.328,3.325,3.326,3.326,3.326,3.330,3.720,3.713,3.712,3.714,3.710,3.717,3.712,-60.467,-2435.000
3.319,3.329,3.328,3.329,3.325,3.324,3.327,3.720,3.720,3.714,3.717,3.717,3.718,3.718,-60.324,-2434.000
3.330,3.327,3.319,3.330,3.328,3.330,3.321,3.722,3.714,3.714,3.717,3.715,3.713,3.720,-60.317,-2433.000
3.326,3.332,3.329,3.330,3.328,3.333,3.329,3.719,3.715,3.712,3.717,3.719,3.715,3.717,-60.336,-2432.000
3.329,3.321,3.322,3.324,3.323,3.324,3.326,3.716,3.716,3.711,3.711,3.710,3.716,3.713,-60.355,-2431.000
3.323,3.326,3.330,3.325,3.321,3.325,3.321,3.722,3.716,3.713,3.716,3.714,3.712,3.718,-60.248,-2430.000
3.329,3.322,3.320,3.317,3.322,3.325,3.325,3.712,3.714,3.716,3.711,3.713,3.716,3.714,-60.188,-2429.000
3.322,3.319,3.318,3.322,3.321,3.321,3.318,3.709,3.713,3.709,3.707,3.712,3.714,3.707,-60.211,-2428.000
3.321,3.326,3.331,3.326,3.319,3.327,3.323,3.707,3.719,3.713,3.721,3.711,3.717,3.714,-60.221,-2427.000
3.321,3.321,3.322,3.323,3.319,3.321,3.321,3.717,3.708,3.718,3.714,3.712,3.707,3.711,-60.263,-2426.000
3.322,3.323,3.323,3.321,3.331,3.325,3.325,3.711,3.714,3.715,3.706,3.717,3.711,3.711,-60.241,-2425.000
3.328,3.332,3.324,3.328,3.325,3.325,3.328,3.716,3.717,3.720,3.714,3.715,3.716,3.718,-60.223,-2424.000
3.333,3.321,3.326,3.328,3.331,3.331,3.328,3.722,3.723,3.712,3.718,3.717,3.719,3.720,-60.158,-2423.000
3.324,3.329,3.327,3.329,3.330,3.327,3.322,3.721,3.719,3.717,3.720,3.716,3.718,3.713,-60.158,-2422.000
3.332,3.332,3.334,3.334,3.329,3.325,3.330,3.719,3.712,3.720,3.717,3.718,3.721,3.715,-60.224,-2421.000
3.327,3.329,3.327,3.334,3.327,3.334,3.334,3.722,3.726,3.726,3.723,3.720,3.719,3.720,-60.335,-2420.000
3.330,3.331,3.334,3.322,3.328,3.334,3.330,3.724,3.720,3.725,3.720,3.721,3.721,3.714,-60.335,-2419.000
3.331,3.331,3.328,3.335,3.332,3.337,3.332,3.721,3.722,3.724,3.724,3.720,3.718,3.718,-60.458,-2418.000
3.334,3.335,3.324,3.338,3.331,3.336,3.330,3.721,3.714,3.719,3.722,3.722,3.730,3.725,-60.562,-2417.000
3.334,3.338,3.335,3.328,3.336,3.333,3.335,3.728,3.723,3.721,3.721,3.726,3.726,3.724,-60.562,-2416.000
3.339,3.333,3.331,3.334,3.334,3.332,3.333,3.727,3.723,3.726,3.727,3.731,3.727,3.725,-60.448,-2415.000
3.336,3.330,3.335,3.333,3.335,3.328,3.336,3.720,3.722,3.719,3.726,3.722,3.725,3.727,-60.524,-2414.000
3.340,3.341,3.334,3.336,3.339,3.337,3.336,3.727,3.725,3.724,3.739,3.722,3.728,3.731,-60.646,-2413.000
3.334,3.328,3.334,3.327,3.334,3.337,3.337,3.725,3.726,3.723,3.717,3.718,3.720,3.721,-60.459,-2412.000
3.335,3.331,3.334,3.338,3.331,3.338,3.333,3.728,3.726,3.728,3.727,3.720,3.730,3.722,-60.524,-2411.000
3.335,3.331,3.330,3.329,3.329,3.328,3.331,3.725,3.718,3.724,3.720,3.715,3.722,3.719,-60.543,-2410.000
3.324,3.328,3.327,3.333,3.334,3.334,3.324,3.719,3.726,3.720,3.714,3.716,3.716,3.719,-60.631,-2409.000
3.332,3.328,3.335,3.328,3.330,3.327,3.326,3.721,3.717,3.720,3.719,3.718,3.720,3.721,-60.360,-2408.000
3.327,3.326,3.325,3.323,3.325,3.324,3.325,3.723,3.722,3.725,3.724,3.719,3.726,3.718,-60.378,-2407.000
3.323,3.324,3.322,3.324,3.330,3.323,3.320,3.716,3.711,3.715,3.713,3.712,3.711,3.719,-60.286,-2406.000
3.325,3.321,3.318,3.318,3.320,3.316,3.322,3.714,3.712,3.710,3.711,3.705,3.704,3.704,-60.112,-2405.000
3.325,3.329,3.336,3.325,3.329,3.322,3.324,3.717,3.713,3.715,3.716,3.713,3.711,3.718,-60.161,-2404.000
3.332,3.322,3.330,3.322,3.324,3.325,3.327,3.715,3.714,3.711,3.714,3.715,3.717,3.717,-60.024,-2403.000
3.321,3.320,3.320,3.314,3.314,3.313,3.316,3.710,3.710,3.706,3.699,3.706,3.704,3.701,-60.039,-2402.000
3.314,3.309,3.312,3.312,3.307,3.319,3.312,3.707,3.712,3.705,3.710,3.702,3.710,3.703,-60.264,-2401.000
3.310,3.312,3.313,3.313,3.312,3.318,3.314,3.713,3.706,3.706,3.705,3.701,3.706,3.709,-60.365,-2400.000
3.315,3.318,3.319,3.316,3.314,3.318,3.315,3.707,3.705,3.707,3.703,3.702,3.706,3.703,-60.348,-2399.000
3.316,3.319,3.314,3.313,3.316,3.319,3.314,3.698,3.703,3.702,3.708,3.713,3.714,3.706,-60.274,-2398.000
3.316,3.312,3.322,3.316,3.317,3.319,3.314,3.711,3.698,3.702,3.709,3.710,3.710,3.710,-60.269,-2397.000
3.309,3.314,3.310,3.312,3.314,3.307,3.316,3.703,3.702,3.700,3.702,3.699,3.700,3.705,-60.255,-2396.000
3.305,3.310,3.307,3.315,3.313,3.309,3.310,3.698,3.701,3.704,3.703,3.707,3.701,3.707,-60.178,-2395.000
3.309,3.311,3.305,3.307,3.310,3.318,3.307,3.700,3.708,3.704,3.706,3.702,3.706,3.706,-60.375,-2394.000
3.313,3.301,3.306,3.308,3.310,3.311,3.313,3.699,3.697,3.698,3.702,3.705,3.702,3.703,-60.211,-2393.000
3.308,3.310,3.304,3.307,3.309,3.313,3.312,3.702,3.702,3.704,3.701,3.700,3.704,3.706,-60.072,-2392.000
3.304,3.309,3.310,3.306,3.302,3.302,3.303,3.703,3.704,3.697,3.704,3.702,3.704,3.701,-60.072,-2391.000
3.308,3.313,3.308,3.307,3.306,3.305,3.312,3.701,3.699,3.701,3.704,3.700,3.706,3.705,-59.923,-2390.000
3.309,3.306,3.305,3.312,3.310,3.312,3.314,3.706,3.704,3.703,3.702,3.700,3.698,3.707,-60.003,-2389.000
3.314,3.313,3.310,3.310,3.309,3.318,3.314,3.705,3.701,3.697,3.697,3.702,3.702,3.700,-60.000,-2388.000
3.316,3.318,3.314,3.316,3.316,3.321,3.318,3.705,3.709,3.706,3.707,3.715,3.711,3.713,-60.009,-2387.000
3.318,3.313,3.321,3.313,3.312,3.314,3.312,3.706,3.706,3.705,3.707,3.707,3.703,3.701,-60.143,-2386.000
3.310,3.307,3.312,3.312,3.308,3.309,3.312,3.704,3.700,3.702,3.701,3.702,3.706,3.697,-60.181,-2385.000
3.310,3.310,3.314,3.313,3.309,3.316,3.315,3.702,3.700,3.703,3.706,3.701,3.702,3.707,-60.193,-2384.000
3.312,3.310,3.312,3.315,3.312,3.317,3.310,3.702,3.701,3.704,3.702,3.699,3.703,3.700,-60.127,-2383.000
3.309,3.309,3.313,3.314,3.307,3.313,3.311,3.705,3.705,3.700,3.702,3.701,3.700,3.703,-60.154,-2382.000
3.317,3.312,3.316,3.311,3.317,3.310,3.313,3.700,3.703,3.703,3.702,3.697,3.699,3.704,-60.024,-2381.000
3.312,3.313,3.311,3.312,3.313,3.316,3.315,3.702,3.698,3.697,3.702,3.701,3.699,3.695,-60.093,-2380.000
3.309,3.308,3.317,3.313,3.315,3.315,3.321,3.700,3.701,3.703,3.704,3.708,3.707,3.706,-60.189,-2379.000
3.309,3.313,3.312,3.313,3.309,3.312,3.304,3.700,3.699,3.699,3.701,3.698,3.692,3.703,-59.978,-2378.000
3.312,3.314,3.316,3.318,3.312,3.311,3.318,3.707,3.706,3.711,3.703,3.704,3.700,3.702,-60.065,-2377.000
3.311,3.314,3.317,3.315,3.314,3.306,3.313,3.704,3.701,3.698,3.702,3.698,3.697,3.700,-60.090,-2376.000
3.311,3.313,3.310,3.316,3.311,3.307,3.310,3.697,3.702,3.707,3.707,3.701,3.697,3.695,-60.245,-2375.000
3.312,3.311,3.311,3.308,3.312,3.308,3.306,3.702,3.698,3.697,3.706,3.695,3.698,3.696,-60.346,-2374.000
3.305,3.304,3.309,3.308,3.310,3.305,3.306,3.699,3.694,3.699,3.704,3.687,3.694,3.692,-60.393,-2373.000
3.300,3.299,3.301,3.303,3.303,3.301,3.302,3.684,3.685,3.687,3.689,3.690,3.691,3.687,-60.338,-2372.000
3.300,3.301,3.299,3.305,3.298,3.293,3.293,3.680,3.680,3.678,3.689,3.684,3.690,3.687,-60.338,-2371.000
3.300,3.306,3.309,3.310,3.303,3.309,3.303,3.690,3.697,3.687,3.687,3.689,3.697,3.692,-60.312,-2370.000
3.308,3.303,3.305,3.299,3.305,3.304,3.304,3.694,3.697,3.691,3.699,3.696,3.694,3.693,-60.437,-2369.000
3.308,3.304,3.302,3.301,3.308,3.304,3.308,3.698,3.696,3.687,3.687,3.692,3.694,3.691,-60.336,-2368.000
3.304,3.308,3.310,3.308,3.303,3.305,3.299,3.700,3.692,3.701,3.696,3.700,3.696,3.690,-60.386,-2367.000
3.306,3.303,3.302,3.304,3.310,3.308,3.303,3.694,3.686,3.693,3.693,3.694,3.694,3.700,-60.293,-2366.000
3.316,3.303,3.306,3.304,3.308,3.305,3.302,3.700,3.698,3.699,3.696,3.696,3.694,3.696,-60.029,-2365.000
3.304,3.299,3.304,3.299,3.305,3.306,3.302,3.691,3.687,3.690,3.694,3.693,3.695,3.689,-60.074,-2364.000
3.307,3.306,3.307,3.305,3.302,3.301,3.303,3.689,3.684,3.685,3.687,3.688,3.687,3.689,-60.141,-2363.000
3.297,3.301,3.299,3.299,3.301,3.297,3.298,3.682,3.681,3.681,3.685,3.683,3.684,3.683,-60.142,-2362.000
3.302,3.297,3.303,3.302,3.297,3.300,3.300,3.692,3.693,3.689,3.695,3.690,3.687,3.688,-60.125,-2361.000
3.294,3.303,3.300,3.296,3.298,3.293,3.301,3.684,3.683,3.687,3.684,3.684,3.689,3.695,-60.128,-2360.000
3.297,3.301,3.292,3.303,3.300,3.303,3.299,3.689,3.684,3.689,3.686,3.686,3.690,3.687,-60.223,-2359.000
3.303,3.305,3.296,3.296,3.299,3.298,3.295,3.687,3.691,3.691,3.689,3.685,3.685,3.688,-60.091,-2358.000
3.300,3.305,3.299,3.301,3.300,3.298,3.294,3.684,3.688,3.690,3.684,3.687,3.693,3.688,-60.341,-2357.000
3.305,3.296,3.306,3.299,3.299,3.295,3.295,3.683,3.686,3.687,3.689,3.683,3.681,3.687,-60.216,-2356.000
3.299,3.300,3.299,3.303,3.302,3.301,3.301,3.694,3.688,3.693,3.688,3.688,3.684,3.683,-60.216,-2355.000
3.298,3.295,3.294,3.295,3.296,3.294,3.292,3.680,3.684,3.686,3.686,3.691,3.690,3.685,-60.112,-2354.000
3.292,3.300,3.292,3.301,3.301,3.297,3.301,3.691,3.684,3.683,3.692,3.692,3.674,3.681,-60.074,-2353.000
3.296,3.302,3.290,3.299,3.295,3.303,3.300,3.686,3.687,3.684,3.683,3.687,3.681,3.685,-59.899,-2352.000
3.288,3.289,3.294,3.298,3.298,3.299,3.295,3.681,3.688,3.681,3.693,3.682,3.684,3.685,-59.802,-2351.000
3.294,3.298,3.293,3.298,3.300,3.296,3.299,3.685,3.684,3.677,3.686,3.684,3.683,3.684,-60.011,-2350.000
3.299,3.290,3.294,3.297,3.297,3.299,3.302,3.683,3.688,3.685,3.684,3.690,3.688,3.682,-60.213,-2349.000
3.296,3.290,3.297,3.292,3.293,3.291,3.301,3.682,3.680,3.676,3.675,3.679,3.675,3.678,-60.239,-2348.000
3.289,3.292,3.286,3.290,3.286,3.293,3.298,3.684,3.678,3.678,3.678,3.684,3.680,3.683,-60.239,-2347.000
3.294,3.294,3.290,3.290,3.294,3.289,3.293,3.680,3.680,3.682,3.681,3.682,3.681,3.683,-60.247,-2346.000
3.291,3.291,3.296,3.294,3.294,3.291,3.293,3.679,3.684,3.678,3.681,3.676,3.676,3.676,-60.113,-2345.000
3.288,3.295,3.291,3.289,3.289,3.289,3.288,3.688,3.683,3.677,3.675,3.673,3.671,3.674,-60.307,-2344.000
3.292,3.293,3.287,3.289,3.290,3.289,3.286,3.677,3.684,3.677,3.675,3.675,3.672,3.675,-60.381,-2343.000
3.291,3.291,3.290,3.283,3.289,3.290,3.295,3.681,3.683,3.681,3.673,3.675,3.674,3.678,-60.332,-2342.000
3.283,3.283,3.287,3.290,3.289,3.296,3.296,3.678,3.680,3.678,3.681,3.672,3.679,3.674,-60.576,-2341.000
3.288,3.290,3.290,3.296,3.290,3.291,3.292,3.675,3.681,3.675,3.679,3.675,3.670,3.673,-60.576,-2340.000
3.289,3.285,3.285,3.284,3.287,3.294,3.293,3.681,3.672,3.678,3.682,3.675,3.673,3.677,-60.465,-2339.000
3.279,3.286,3.284,3.285,3.283,3.283,3.283,3.670,3.667,3.676,3.675,3.673,3.669,3.670,-60.501,-2338.000
3.287,3.289,3.288,3.282,3.284,3.284,3.285,3.683,3.676,3.673,3.674,3.669,3.671,3.675,-60.549,-2337.000
3.285,3.282,3.286,3.281,3.286,3.286,3.287,3.672,3.674,3.662,3.673,3.671,3.669,3.674,-60.494,-2336.000
3.281,3.280,3.287,3.278,3.285,3.282,3.279,3.668,3.673,3.663,3.664,3.663,3.658,3.664,-60.420,-2335.000
3.279,3.278,3.285,3.277,3.278,3.284,3.276,3.666,3.665,3.668,3.667,3.665,3.671,3.674,-60.486,-2334.000
3.280,3.282,3.282,3.282,3.282,3.277,3.286,3.668,3.672,3.668,3.667,3.669,3.666,3.669,-60.563,-2333.000
3.278,3.277,3.279,3.281,3.278,3.275,3.284,3.668,3.663,3.666,3.660,3.660,3.665,3.659,-60.600,-2332.000
3.276,3.280,3.287,3.279,3.284,3.282,3.280,3.669,3.669,3.667,3.670,3.671,3.674,3.667,-60.568,-2331.000
3.279,3.281,3.284,3.280,3.282,3.284,3.285,3.668,3.661,3.666,3.670,3.668,3.672,3.665,-60.468,-2330.000
3.275,3.280,3.277,3.282,3.278,3.280,3.275,3.668,3.666,3.664,3.670,3.672,3.668,3.668,-60.507,-2329.000
3.277,3.281,3.284,3.277,3.281,3.281,3.282,3.659,3.670,3.664,3.658,3.669,3.666,3.666,-60.385,-2328.000
3.276,3.278,3.275,3.272,3.276,3.277,3.280,3.666,3.669,3.665,3.662,3.661,3.668,3.664,-60.560,-2327.000
3.276,3.277,3.281,3.281,3.276,3.274,3.281,3.664,3.667,3.664,3.665,3.665,3.671,3.663,-60.635,-2326.000
3.273,3.273,3.277,3.274,3.272,3.272,3.281,3.659,3.663,3.662,3.664,3.661,3.662,3.666,-60.602,-2325.000
3.275,3.281,3.278,3.281,3.281,3.281,3.285,3.668,3.672,3.674,3.667,3.666,3.670,3.665,-60.577,-2324.000
3.283,3.282,3.286,3.278,3.284,3.282,3.280,3.670,3.667,3.673,3.667,3.672,3.666,3.663,-60.453,-2323.000
3.283,3.284,3.286,3.287,3.278,3.284,3.276,3.669,3.669,3.663,3.669,3.668,3.672,3.672,-60.561,-2322.000
3.283,3.291,3.283,3.284,3.287,3.285,3.287,3.668,3.675,3.669,3.675,3.671,3.669,3.666,-60.506,-2321.000
3.280,3.288,3.278,3.287,3.276,3.274,3.282,3.673,3.671,3.670,3.669,3.663,3.668,3.663,-60.506,-2320.000
3.282,3.282,3.279,3.284,3.275,3.280,3.278,3.666,3.662,3.669,3.669,3.663,3.660,3.660,-60.557,-2319.000
3.280,3.277,3.273,3.279,3.274,3.284,3.281,3.669,3.670,3.665,3.667,3.664,3.665,3.671,-60.393,-2318.000
3.285,3.280,3.280,3.282,3.276,3.281,3.279,3.674,3.671,3.671,3.664,3.661,3.670,3.666,-60.477,-2317.000
3.281,3.282,3.282,3.280,3.280,3.273,3.282,3.662,3.672,3.669,3.669,3.674,3.670,3.667,-60.570,-2316.000
3.277,3.286,3.272,3.279,3.283,3.287,3.280,3.665,3.679,3.671,3.675,3.677,3.675,3.671,-60.459,-2315.000
3.277,3.283,3.278,3.283,3.278,3.285,3.284,3.664,3.665,3.666,3.674,3.667,3.668,3.667,-60.500,-2314.000
3.283,3.276,3.282,3.281,3.284,3.280,3.281,3.669,3.665,3.663,3.666,3.673,3.666,3.675,-60.543,-2313.000
3.279,3.281,3.282,3.285,3.285,3.283,3.290,3.671,3.664,3.670,3.670,3.671,3.671,3.669,-60.535,-2312.000
3.280,3.276,3.276,3.285,3.276,3.278,3.272,3.667,3.667,3.669,3.665,3.660,3.666,3.663,-60.508,-2311.000
3.280,3.279,3.279,3.276,3.283,3.282,3.278,3.662,3.662,3.661,3.663,3.660,3.666,3.665,-60.604,-2310.000
3.286,3.282,3.273,3.277,3.280,3.284,3.278,3.666,3.666,3.663,3.665,3.666,3.672,3.668,-60.578,-2309.000
3.285,3.285,3.277,3.286,3.276,3.275,3.279,3.667,3.662,3.663,3.671,3.669,3.664,3.662,-60.413,-2308.000
3.278,3.276,3.279,3.284,3.279,3.277,3.274,3.660,3.656,3.671,3.670,3.671,3.669,3.663,-60.629,-2307.000
3.279,3.279,3.280,3.279,3.284,3.278,3.275,3.661,3.660,3.663,3.659,3.664,3.662,3.663,-60.464,-2306.000
3.277,3.281,3.287,3.282,3.281,3.278,3.278,3.655,3.666,3.669,3.669,3.667,3.669,3.663,-60.518,-2305.000
3.276,3.281,3.276,3.278,3.280,3.282,3.278,3.663,3.663,3.662,3.662,3.665,3.664,3.656,-60.538,-2304.000
3.284,3.284,3.281,3.278,3.278,3.279,3.276,3.661,3.668,3.663,3.666,3.661,3.661,3.664,-60.566,-2303.000
3.279,3.281,3.278,3.280,3.277,3.277,3.280,3.663,3.660,3.662,3.659,3.665,3.660,3.662,-60.521,-2302.000
3.270,3.282,3.276,3.285,3.280,3.278,3.283,3.668,3.658,3.662,3.657,3.664,3.660,3.665,-60.371,-2301.000
3.283,3.280,3.277,3.279,3.282,3.277,3.284,3.666,3.666,3.666,3.665,3.663,3.660,3.659,-60.358,-2300.000
3.282,3.278,3.284,3.277,3.277,3.282,3.282,3.666,3.665,3.667,3.661,3.669,3.660,3.665,-60.312,-2299.000
3.285,3.281,3.280,3.282,3.275,3.278,3.277,3.669,3.661,3.663,3.659,3.659,3.661,3.666,-60.385,-2298.000
3.281,3.283,3.286,3.280,3.287,3.278,3.281,3.665,3.663,3.663,3.662,3.660,3.667,3.664,-60.366,-2297.000
3.287,3.284,3.284,3.286,3.284,3.282,3.284,3.664,3.666,3.657,3.661,3.661,3.663,3.668,-60.371,-2296.000
3.285,3.282,3.283,3.284,3.282,3.281,3.280,3.658,3.666,3.668,3.664,3.662,3.666,3.666,-60.316,-2295.000
3.285,3.279,3.282,3.286,3.289,3.281,3.286,3.672,3.669,3.670,3.673,3.660,3.667,3.662,-60.306,-2294.000
3.274,3.284,3.284,3.278,3.277,3.283,3.288,3.658,3.667,3.664,3.664,3.664,3.669,3.668,-60.363,-2293.000
3.284,3.281,3.274,3.280,3.277,3.282,3.286,3.661,3.663,3.662,3.660,3.663,3.662,3.663,-60.441,-2292.000
3.282,3.290,3.282,3.281,3.282,3.283,3.279,3.667,3.666,3.667,3.666,3.666,3.660,3.663,-60.363,-2291.000
3.282,3.280,3.281,3.278,3.278,3.277,3.286,3.664,3.665,3.658,3.662,3.661,3.662,3.656,-60.470,-2290.000
3.283,3.281,3.283,3.283,3.283,3.278,3.278,3.669,3.658,3.660,3.667,3.668,3.665,3.662,-60.650,-2289.000
3.282,3.289,3.282,3.278,3.286,3.282,3.287,3.658,3.663,3.661,3.661,3.663,3.660,3.667,-60.402,-2288.000
3.279,3.277,3.281,3.285,3.278,3.277,3.277,3.663,3.658,3.666,3.665,3.661,3.656,3.657,-60.377,-2287.000
3.290,3.282,3.290,3.285,3.283,3.280,3.287,3.670,3.663,3.669,3.666,3.660,3.662,3.665,-60.382,-2286.000
3.285,3.285,3.283,3.286,3.285,3.289,3.284,3.660,3.664,3.655,3.664,3.661,3.672,3.664,-60.405,-2285.000
3.277,3.284,3.276,3.287,3.283,3.279,3.281,3.661,3.656,3.656,3.664,3.667,3.661,3.665,-60.405,-2284.000
3.284,3.281,3.284,3.280,3.281,3.280,3.287,3.660,3.659,3.666,3.668,3.667,3.663,3.662,-60.552,-2283.000
3.290,3.284,3.278,3.281,3.283,3.281,3.283,3.666,3.666,3.666,3.667,3.665,3.665,3.661,-60.530,-2282.000
3.282,3.285,3.293,3.282,3.284,3.287,3.284,3.667,3.661,3.669,3.667,3.665,3.661,3.663,-60.317,-2281.000
3.282,3.283,3.285,3.284,3.279,3.284,3.286,3.666,3.665,3.661,3.664,3.662,3.667,3.662,-60.364,-2280.000
3.280,3.287,3.278,3.282,3.283,3.281,3.286,3.662,3.669,3.664,3.664,3.667,3.663,3.668,-60.349,-2279.000
3.285,3.284,3.284,3.282,3.280,3.279,3.286,3.666,3.659,3.656,3.670,3.670,3.662,3.662,-60.402,-2278.000
3.282,3.289,3.278,3.282,3.284,3.283,3.276,3.661,3.656,3.664,3.661,3.665,3.666,3.660,-60.454,-2277.000
3.285,3.284,3.285,3.279,3.281,3.282,3.286,3.667,3.665,3.665,3.664,3.666,3.665,3.667,-60.458,-2276.000
3.278,3.281,3.279,3.282,3.280,3.278,3.278,3.659,3.658,3.654,3.664,3.661,3.661,3.668,-60.536,-2275.000
3.276,3.274,3.277,3.280,3.278,3.283,3.274,3.661,3.659,3.661,3.657,3.659,3.663,3.660,-60.456,-2274.000
3.281,3.277,3.276,3.275,3.280,3.277,3.274,3.659,3.661,3.663,3.656,3.662,3.660,3.658,-60.477,-2273.000
3.278,3.277,3.275,3.275,3.279,3.273,3.275,3.660,3.657,3.657,3.658,3.658,3.657,3.658,-60.567,-2272.000
3.273,3.280,3.274,3.275,3.281,3.282,3.274,3.655,3.660,3.663,3.662,3.665,3.667,3.662,-60.568,-2271.000
3.273,3.277,3.271,3.279,3.277,3.273,3.274,3.663,3.664,3.660,3.665,3.662,3.660,3.659,-60.601,-2270.000
3.276,3.276,3.279,3.276,3.269,3.280,3.272,3.662,3.658,3.665,3.662,3.659,3.663,3.657,-60.476,-2269.000
3.277,3.278,3.274,3.277,3.283,3.277,3.279,3.657,3.659,3.669,3.656,3.666,3.661,3.658,-60.499,-2268.000
3.274,3.277,3.273,3.272,3.272,3.273,3.273,3.658,3.651,3.647,3.661,3.659,3.660,3.658,-60.524,-2267.000
3.275,3.268,3.275,3.272,3.272,3.273,3.274,3.654,3.653,3.654,3.653,3.660,3.662,3.653,-60.512,-2266.000
3.272,3.269,3.270,3.273,3.274,3.270,3.270,3.656,3.656,3.663,3.660,3.653,3.657,3.658,-60.535,-2265.000
3.276,3.275,3.270,3.274,3.270,3.271,3.273,3.658,3.646,3.653,3.650,3.656,3.655,3.657,-60.565,-2264.000
3.269,3.266,3.274,3.270,3.272,3.275,3.273,3.656,3.652,3.653,3.654,3.656,3.652,3.657,-60.678,-2263.000
3.267,3.270,3.269,3.276,3.271,3.267,3.272,3.647,3.652,3.653,3.659,3.651,3.658,3.655,-60.708,-2262.000
3.265,3.272,3.275,3.269,3.264,3.266,3.271,3.657,3.657,3.658,3.647,3.650,3.647,3.646,-60.558,-2261.000
3.270,3.270,3.270,3.266,3.264,3.269,3.269,3.653,3.650,3.653,3.652,3.651,3.653,3.648,-60.460,-2260.000
3.269,3.269,3.271,3.275,3.270,3.266,3.267,3.649,3.650,3.645,3.651,3.650,3.646,3.650,-60.438,-2259.000
3.269,3.265,3.267,3.261,3.269,3.263,3.271,3.652,3.644,3.653,3.651,3.642,3.645,3.652,-60.423,-2258.000
3.273,3.268,3.263,3.266,3.270,3.267,3.266,3.648,3.652,3.649,3.650,3.645,3.647,3.651,-60.482,-2257.000
3.266,3.262,3.260,3.267,3.267,3.267,3.264,3.652,3.651,3.650,3.650,3.652,3.645,3.650,-60.513,-2256.000
3.269,3.265,3.263,3.263,3.266,3.271,3.262,3.652,3.647,3.645,3.645,3.648,3.652,3.651,-60.251,-2255.000
3.261,3.269,3.263,3.270,3.260,3.265,3.263,3.649,3.647,3.642,3.648,3.646,3.641,3.646,-60.258,-2254.000
3.264,3.262,3.262,3.255,3.265,3.265,3.265,3.653,3.654,3.649,3.649,3.646,3.647,3.643,-60.194,-2253.000
3.265,3.267,3.264,3.267,3.260,3.266,3.264,3.642,3.649,3.650,3.646,3.650,3.647,3.646,-60.154,-2252.000
3.261,3.261,3.267,3.265,3.269,3.265,3.266,3.645,3.649,3.650,3.649,3.650,3.647,3.649,-60.139,-2251.000
3.268,3.263,3.266,3.272,3.267,3.260,3.257,3.648,3.641,3.643,3.641,3.643,3.649,3.641,-60.413,-2250.000
3.260,3.262,3.263,3.262,3.266,3.263,3.261,3.644,3.645,3.643,3.647,3.645,3.646,3.643,-60.423,-2249.000
3.261,3.259,3.259,3.262,3.258,3.265,3.264,3.645,3.647,3.648,3.649,3.645,3.650,3.647,-60.501,-2248.000
3.266,3.266,3.260,3.264,3.263,3.264,3.261,3.649,3.648,3.648,3.646,3.644,3.642,3.645,-60.502,-2247.000
3.261,3.262,3.262,3.260,3.263,3.261,3.261,3.645,3.645,3.648,3.648,3.645,3.645,3.643,-60.502,-2246.000
3.260,3.269,3.262,3.263,3.262,3.261,3.265,3.649,3.647,3.648,3.647,3.644,3.647,3.645,-60.539,-2245.000
3.265,3.265,3.268,3.268,3.268,3.266,3.264,3.651,3.646,3.643,3.647,3.650,3.651,3.652,-60.608,-2244.000
3.267,3.264,3.262,3.263,3.262,3.268,3.262,3.652,3.648,3.650,3.645,3.643,3.651,3.648,-60.608,-2243.000
3.256,3.263,3.260,3.261,3.261,3.264,3.265,3.649,3.650,3.651,3.647,3.651,3.655,3.649,-60.586,-2242.000
3.261,3.263,3.268,3.266,3.270,3.266,3.266,3.646,3.641,3.645,3.647,3.648,3.650,3.652,-60.605,-2241.000
3.266,3.258,3.259,3.263,3.268,3.260,3.260,3.641,3.643,3.649,3.649,3.648,3.647,3.649,-60.858,-2240.000
3.264,3.258,3.263,3.259,3.261,3.261,3.261,3.643,3.655,3.651,3.645,3.646,3.651,3.651,-60.813,-2239.000
3.262,3.260,3.267,3.263,3.258,3.265,3.260,3.648,3.646,3.644,3.648,3.635,3.649,3.642,-60.704,-2238.000
3.264,3.270,3.260,3.264,3.263,3.265,3.260,3.648,3.647,3.641,3.645,3.644,3.648,3.642,-60.656,-2237.000
3.268,3.267,3.259,3.257,3.260,3.262,3.264,3.646,3.644,3.644,3.645,3.640,3.646,3.644,-60.618,-2236.000
3.258,3.262,3.259,3.261,3.266,3.259,3.261,3.647,3.646,3.650,3.642,3.646,3.649,3.649,-60.563,-2235.000
3.259,3.265,3.263,3.263,3.260,3.258,3.257,3.640,3.644,3.644,3.642,3.645,3.644,3.642,-60.716,-2234.000
3.266,3.263,3.258,3.267,3.265,3.265,3.259,3.647,3.647,3.649,3.648,3.643,3.648,3.647,-60.687,-2233.000
3.262,3.262,3.260,3.260,3.261,3.272,3.264,3.652,3.650,3.648,3.651,3.644,3.640,3.650,-60.746,-2232.000
3.270,3.262,3.267,3.259,3.262,3.261,3.264,3.646,3.645,3.645,3.645,3.646,3.642,3.640,-60.527,-2231.000
3.262,3.269,3.266,3.266,3.265,3.260,3.261,3.652,3.649,3.647,3.650,3.651,3.651,3.652,-60.637,-2230.000
3.266,3.263,3.263,3.265,3.264,3.266,3.269,3.655,3.647,3.650,3.649,3.648,3.649,3.647,-60.584,-2229.000
3.272,3.267,3.268,3.267,3.263,3.271,3.270,3.647,3.646,3.650,3.651,3.655,3.646,3.652,-60.610,-2228.000
3.264,3.266,3.265,3.262,3.264,3.264,3.262,3.643,3.644,3.644,3.651,3.648,3.652,3.653,-60.513,-2227.000
3.268,3.268,3.270,3.263,3.265,3.262,3.263,3.651,3.656,3.646,3.643,3.648,3.642,3.647,-60.517,-2226.000
3.265,3.271,3.264,3.269,3.266,3.269,3.271,3.647,3.650,3.646,3.649,3.653,3.654,3.655,-60.596,-2225.000
3.267,3.271,3.264,3.264,3.265,3.274,3.268,3.656,3.649,3.643,3.647,3.648,3.647,3.650,-60.496,-2224.000
3.272,3.268,3.268,3.267,3.266,3.266,3.264,3.655,3.651,3.648,3.648,3.650,3.653,3.649,-60.390,-2223.000
3.265,3.272,3.265,3.268,3.268,3.260,3.263,3.655,3.652,3.649,3.649,3.651,3.657,3.657,-60.313,-2222.000
3.262,3.271,3.267,3.262,3.263,3.267,3.271,3.652,3.649,3.649,3.648,3.641,3.650,3.648,-60.364,-2221.000
3.266,3.273,3.270,3.266,3.268,3.268,3.269,3.654,3.649,3.654,3.650,3.657,3.649,3.651,-60.317,-2220.000
3.266,3.269,3.267,3.267,3.268,3.267,3.272,3.651,3.657,3.656,3.649,3.653,3.658,3.657,-60.226,-2219.000
3.272,3.267,3.274,3.270,3.273,3.270,3.269,3.653,3.655,3.657,3.660,3.652,3.650,3.653,-60.270,-2218.000
3.264,3.274,3.267,3.276,3.268,3.268,3.269,3.652,3.659,3.660,3.658,3.656,3.652,3.657,-60.218,-2217.000
3.272,3.273,3.267,3.267,3.270,3.273,3.267,3.658,3.657,3.659,3.653,3.653,3.655,3.657,-60.168,-2216.000
3.277,3.273,3.273,3.276,3.270,3.268,3.273,3.651,3.660,3.653,3.655,3.656,3.656,3.653,-60.234,-2215.000
3.268,3.274,3.272,3.264,3.263,3.271,3.266,3.655,3.652,3.657,3.657,3.653,3.652,3.655,-60.203,-2214.000
3.270,3.264,3.277,3.269,3.269,3.268,3.272,3.655,3.657,3.659,3.657,3.653,3.656,3.651,-60.227,-2213.000
3.263,3.266,3.268,3.278,3.266,3.270,3.265,3.658,3.654,3.656,3.657,3.654,3.654,3.655,-60.229,-2212.000
3.270,3.266,3.265,3.267,3.270,3.269,3.270,3.657,3.657,3.650,3.654,3.654,3.657,3.657,-60.099,-2211.000
3.267,3.260,3.264,3.260,3.268,3.262,3.265,3.652,3.655,3.658,3.660,3.656,3.655,3.653,-60.154,-2210.000
3.261,3.269,3.268,3.265,3.268,3.267,3.261,3.650,3.652,3.655,3.653,3.646,3.658,3.655,-60.136,-2209.000
3.271,3.268,3.265,3.263,3.264,3.267,3.256,3.647,3.652,3.652,3.649,3.651,3.657,3.655,-60.244,-2208.000
3.261,3.259,3.257,3.269,3.269,3.266,3.264,3.651,3.652,3.647,3.650,3.650,3.644,3.644,-60.201,-2207.000
3.260,3.262,3.266,3.267,3.264,3.262,3.267,3.655,3.647,3.655,3.646,3.648,3.647,3.650,-60.319,-2206.000
3.264,3.259,3.254,3.266,3.266,3.265,3.263,3.649,3.648,3.649,3.651,3.653,3.649,3.647,-60.378,-2205.000
3.261,3.262,3.256,3.264,3.259,3.265,3.265,3.651,3.647,3.654,3.653,3.647,3.655,3.646,-60.254,-2204.000
3.262,3.265,3.263,3.262,3.263,3.267,3.265,3.649,3.649,3.650,3.650,3.646,3.649,3.649,-60.431,-2203.000
3.260,3.266,3.264,3.258,3.260,3.265,3.268,3.647,3.652,3.655,3.648,3.644,3.647,3.650,-60.357,-2202.000
3.260,3.269,3.265,3.262,3.269,3.259,3.265,3.648,3.658,3.654,3.651,3.641,3.649,3.645,-60.281,-2201.000
3.263,3.264,3.263,3.261,3.256,3.267,3.266,3.647,3.648,3.642,3.649,3.649,3.646,3.648,-60.244,-2200.000
3.263,3.261,3.261,3.262,3.262,3.259,3.260,3.654,3.649,3.651,3.649,3.650,3.651,3.642,-60.244,-2199.000
3.260,3.256,3.270,3.260,3.259,3.263,3.257,3.649,3.654,3.653,3.648,3.653,3.649,3.644,-60.113,-2198.000
3.257,3.254,3.259,3.257,3.260,3.262,3.266,3.645,3.643,3.649,3.650,3.653,3.652,3.653,-60.137,-2197.000
3.254,3.264,3.266,3.261,3.257,3.261,3.268,3.653,3.648,3.650,3.650,3.648,3.646,3.652,-60.117,-2196.000
3.267,3.259,3.262,3.256,3.265,3.256,3.259,3.646,3.648,3.648,3.646,3.646,3.648,3.648,-60.242,-2195.000
3.258,3.258,3.256,3.257,3.262,3.260,3.253,3.649,3.648,3.649,3.649,3.650,3.641,3.641,-60.475,-2194.000
3.252,3.259,3.257,3.256,3.257,3.254,3.258,3.638,3.646,3.646,3.646,3.652,3.647,3.647,-60.334,-2193.000
3.258,3.259,3.261,3.261,3.263,3.258,3.259,3.645,3.647,3.652,3.648,3.650,3.640,3.652,-60.324,-2192.000
3.255,3.256,3.255,3.259,3.255,3.260,3.260,3.649,3.644,3.645,3.644,3.647,3.647,3.647,-60.250,-2191.000
3.260,3.254,3.262,3.266,3.261,3.261,3.256,3.645,3.649,3.648,3.645,3.648,3.647,3.646,-60.296,-2190.000
3.260,3.258,3.263,3.262,3.260,3.255,3.259,3.647,3.645,3.652,3.648,3.643,3.641,3.643,-60.507,-2189.000
3.257,3.265,3.264,3.260,3.258,3.264,3.259,3.651,3.649,3.647,3.643,3.645,3.651,3.644,-60.318,-2188.000
3.258,3.263,3.259,3.262,3.255,3.258,3.263,3.640,3.643,3.647,3.647,3.646,3.644,3.646,-60.413,-2187.000
3.260,3.265,3.258,3.261,3.260,3.265,3.260,3.640,3.645,3.644,3.643,3.651,3.647,3.650,-60.384,-2186.000
3.258,3.252,3.250,3.261,3.264,3.261,3.267,3.649,3.648,3.643,3.644,3.643,3.643,3.646,-60.358,-2185.000
3.260,3.256,3.262,3.260,3.258,3.266,3.264,3.644,3.645,3.650,3.646,3.643,3.643,3.642,-60.322,-2184.000
3.258,3.259,3.261,3.260,3.262,3.261,3.256,3.642,3.642,3.645,3.646,3.643,3.642,3.646,-60.277,-2183.000
3.262,3.266,3.261,3.266,3.260,3.266,3.267,3.645,3.637,3.636,3.641,3.656,3.644,3.644,-60.430,-2182.000
3.262,3.261,3.261,3.266,3.268,3.262,3.268,3.642,3.644,3.645,3.647,3.651,3.654,3.649,-60.387,-2181.000
3.262,3.268,3.262,3.268,3.264,3.264,3.257,3.644,3.646,3.653,3.653,3.651,3.641,3.648,-60.346,-2180.000
3.260,3.261,3.267,3.266,3.269,3.270,3.267,3.639,3.644,3.646,3.651,3.644,3.648,3.646,-60.163,-2179.000
3.266,3.263,3.266,3.260,3.266,3.264,3.268,3.651,3.650,3.650,3.645,3.655,3.654,3.652,-60.251,-2178.000
3.264,3.264,3.261,3.266,3.258,3.264,3.262,3.659,3.658,3.651,3.649,3.641,3.646,3.654,-60.262,-2177.000
3.265,3.267,3.269,3.263,3.263,3.258,3.266,3.645,3.652,3.653,3.651,3.650,3.648,3.653,-60.346,-2176.000
3.269,3.261,3.261,3.259,3.271,3.267,3.266,3.645,3.645,3.655,3.645,3.648,3.646,3.653,-60.500,-2175.000
3.265,3.268,3.266,3.267,3.268,3.264,3.261,3.656,3.649,3.647,3.650,3.653,3.653,3.656,-60.427,-2174.000
3.260,3.263,3.264,3.262,3.264,3.265,3.264,3.642,3.655,3.652,3.647,3.650,3.654,3.657,-60.308,-2173.000
3.272,3.265,3.270,3.266,3.262,3.266,3.268,3.651,3.656,3.654,3.650,3.656,3.648,3.654,-60.271,-2172.000
3.267,3.262,3.263,3.261,3.261,3.262,3.260,3.644,3.651,3.652,3.650,3.652,3.649,3.645,-60.262,-2171.000
3.269,3.262,3.263,3.264,3.264,3.263,3.262,3.654,3.656,3.656,3.649,3.651,3.649,3.647,-60.375,-2170.000
3.261,3.266,3.266,3.266,3.263,3.270,3.266,3.652,3.653,3.656,3.654,3.644,3.652,3.657,-60.309,-2169.000
3.261,3.264,3.260,3.260,3.268,3.261,3.264,3.649,3.649,3.646,3.647,3.649,3.649,3.649,-60.430,-2168.000
3.267,3.272,3.266,3.262,3.260,3.259,3.266,3.655,3.653,3.652,3.651,3.657,3.652,3.655,-60.445,-2167.000
3.261,3.265,3.265,3.275,3.269,3.272,3.263,3.649,3.652,3.647,3.648,3.654,3.649,3.652,-60.451,-2166.000
3.262,3.261,3.264,3.261,3.266,3.264,3.263,3.652,3.648,3.653,3.654,3.658,3.654,3.654,-60.369,-2165.000
3.258,3.264,3.260,3.259,3.269,3.264,3.261,3.651,3.653,3.654,3.654,3.649,3.647,3.654,-60.317,-2164.000
3.269,3.263,3.267,3.264,3.262,3.263,3.262,3.652,3.647,3.648,3.648,3.655,3.653,3.654,-60.323,-2163.000
3.262,3.265,3.262,3.265,3.264,3.267,3.262,3.653,3.651,3.649,3.652,3.653,3.645,3.653,-60.365,-2162.000
3.269,3.265,3.264,3.265,3.276,3.272,3.267,3.660,3.654,3.655,3.645,3.657,3.654,3.650,-60.397,-2161.000
3.264,3.262,3.268,3.259,3.266,3.267,3.268,3.653,3.649,3.651,3.654,3.646,3.650,3.652,-60.400,-2160.000
3.264,3.264,3.265,3.268,3.260,3.265,3.272,3.651,3.655,3.658,3.649,3.655,3.646,3.651,-60.374,-2159.000
3.265,3.270,3.265,3.271,3.261,3.269,3.274,3.652,3.655,3.651,3.654,3.658,3.654,3.648,-60.469,-2158.000
3.267,3.268,3.266,3.273,3.266,3.264,3.265,3.653,3.653,3.653,3.651,3.656,3.657,3.656,-60.282,-2157.000
3.267,3.267,3.276,3.267,3.267,3.268,3.264,3.649,3.653,3.650,3.654,3.652,3.659,3.654,-60.282,-2156.000
3.268,3.270,3.264,3.266,3.259,3.267,3.271,3.650,3.652,3.653,3.644,3.646,3.651,3.654,-60.294,-2155.000
3.271,3.266,3.275,3.272,3.269,3.267,3.267,3.651,3.652,3.653,3.657,3.655,3.652,3.652,-60.318,-2154.000
3.268,3.263,3.268,3.272,3.269,3.266,3.269,3.657,3.654,3.653,3.652,3.647,3.658,3.649,-60.277,-2153.000
3.265,3.268,3.266,3.273,3.269,3.264,3.264,3.651,3.645,3.653,3.657,3.660,3.656,3.654,-60.273,-2152.000
3.271,3.269,3.264,3.265,3.275,3.266,3.265,3.651,3.649,3.654,3.653,3.648,3.653,3.655,-60.245,-2151.000
3.270,3.270,3.265,3.265,3.267,3.263,3.264,3.647,3.651,3.651,3.651,3.650,3.653,3.655,-60.210,-2150.000
3.269,3.264,3.270,3.268,3.266,3.264,3.269,3.643,3.653,3.651,3.645,3.652,3.651,3.653,-60.051,-2149.000
3.263,3.263,3.265,3.269,3.268,3.271,3.272,3.653,3.654,3.648,3.653,3.650,3.648,3.653,-60.051,-2148.000
3.261,3.270,3.269,3.269,3.266,3.271,3.268,3.650,3.649,3.653,3.657,3.656,3.664,3.652,-60.261,-2147.000
3.264,3.268,3.274,3.272,3.268,3.268,3.266,3.650,3.654,3.648,3.649,3.653,3.651,3.656,-60.334,-2146.000
3.269,3.270,3.272,3.264,3.263,3.261,3.264,3.647,3.646,3.650,3.653,3.654,3.651,3.652,-60.334,-2145.000
3.266,3.267,3.262,3.267,3.268,3.267,3.267,3.648,3.647,3.654,3.657,3.645,3.658,3.651,-60.459,-2144.000
3.271,3.272,3.266,3.262,3.272,3.265,3.272,3.655,3.652,3.652,3.650,3.657,3.652,3.654,-60.512,-2143.000
3.271,3.263,3.267,3.265,3.269,3.271,3.266,3.653,3.652,3.646,3.655,3.653,3.651,3.648,-60.374,-2142.000
3.263,3.264,3.276,3.266,3.263,3.262,3.267,3.652,3.648,3.650,3.645,3.649,3.654,3.654,-60.634,-2141.000
3.265,3.266,3.264,3.258,3.268,3.263,3.263,3.636,3.643,3.645,3.651,3.650,3.654,3.650,-60.560,-2140.000
3.261,3.261,3.259,3.264,3.254,3.268,3.265,3.653,3.652,3.653,3.651,3.650,3.649,3.651,-60.572,-2139.000
3.270,3.264,3.267,3.269,3.265,3.267,3.272,3.645,3.645,3.656,3.647,3.651,3.652,3.659,-60.783,-2138.000
3.260,3.262,3.266,3.265,3.262,3.264,3.264,3.645,3.641,3.652,3.646,3.649,3.647,3.650,-60.714,-2137.000
3.264,3.268,3.259,3.259,3.262,3.267,3.268,3.648,3.648,3.651,3.649,3.654,3.650,3.655,-60.597,-2136.000
3.263,3.268,3.259,3.269,3.266,3.265,3.261,3.647,3.649,3.651,3.649,3.654,3.650,3.649,-60.682,-2135.000
3.266,3.264,3.260,3.271,3.256,3.263,3.266,3.652,3.653,3.654,3.651,3.651,3.651,3.650,-60.673,-2134.000
3.264,3.269,3.269,3.271,3.266,3.271,3.271,3.646,3.648,3.645,3.656,3.647,3.654,3.656,-60.835,-2133.000
3.263,3.257,3.270,3.270,3.262,3.264,3.265,3.650,3.655,3.652,3.656,3.655,3.651,3.656,-60.718,-2132.000
3.265,3.262,3.261,3.267,3.267,3.263,3.267,3.652,3.654,3.652,3.655,3.654,3.648,3.649,-60.795,-2131.000
3.271,3.263,3.269,3.267,3.267,3.267,3.263,3.656,3.651,3.655,3.656,3.654,3.656,3.657,-60.799,-2130.000
3.266,3.272,3.273,3.268,3.268,3.270,3.264,3.650,3.649,3.657,3.658,3.651,3.653,3.657,-60.711,-2129.000
3.268,3.266,3.265,3.269,3.266,3.264,3.265,3.657,3.656,3.654,3.660,3.659,3.650,3.650,-60.499,-2128.000
3.265,3.270,3.264,3.270,3.272,3.264,3.265,3.653,3.652,3.656,3.651,3.654,3.656,3.661,-60.320,-2127.000
3.269,3.261,3.268,3.263,3.265,3.272,3.272,3.656,3.658,3.656,3.656,3.657,3.657,3.659,-60.270,-2126.000
3.270,3.269,3.268,3.265,3.272,3.270,3.273,3.648,3.654,3.655,3.656,3.655,3.654,3.653,-60.084,-2125.000
3.269,3.268,3.268,3.270,3.267,3.271,3.264,3.657,3.657,3.656,3.660,3.662,3.657,3.655,-60.212,-2124.000
3.263,3.266,3.268,3.262,3.265,3.269,3.273,3.653,3.654,3.655,3.656,3.651,3.651,3.652,-60.301,-2123.000
3.267,3.268,3.267,3.268,3.262,3.265,3.267,3.655,3.655,3.649,3.654,3.652,3.651,3.652,-60.393,-2122.000
3.263,3.264,3.266,3.262,3.263,3.268,3.259,3.651,3.655,3.650,3.647,3.651,3.653,3.648,-60.196,-2121.000
3.263,3.266,3.262,3.261,3.260,3.260,3.265,3.653,3.655,3.650,3.656,3.648,3.652,3.644,-60.210,-2120.000
3.266,3.266,3.266,3.264,3.263,3.263,3.264,3.644,3.652,3.651,3.654,3.644,3.648,3.644,-60.333,-2119.000
3.269,3.261,3.265,3.263,3.263,3.264,3.267,3.654,3.647,3.650,3.654,3.653,3.655,3.649,-60.439,-2118.000
3.266,3.267,3.265,3.261,3.263,3.264,3.265,3.653,3.652,3.652,3.643,3.649,3.647,3.646,-60.479,-2117.000
3.260,3.262,3.261,3.267,3.262,3.262,3.262,3.650,3.652,3.646,3.648,3.647,3.652,3.648,-60.352,-2116.000
3.266,3.266,3.266,3.258,3.262,3.261,3.263,3.651,3.648,3.647,3.646,3.649,3.648,3.649,-60.290,-2115.000
3.261,3.264,3.265,3.262,3.266,3.263,3.262,3.643,3.651,3.654,3.650,3.652,3.653,3.655,-60.385,-2114.000
3.260,3.266,3.258,3.262,3.263,3.263,3.261,3.656,3.651,3.647,3.646,3.655,3.655,3.656,-60.267,-2113.000
3.266,3.260,3.260,3.255,3.263,3.266,3.264,3.653,3.651,3.651,3.649,3.651,3.650,3.650,-60.312,-2112.000
3.263,3.262,3.257,3.261,3.261,3.260,3.258,3.645,3.644,3.646,3.644,3.650,3.645,3.655,-60.323,-2111.000
3.262,3.255,3.261,3.265,3.263,3.262,3.261,3.650,3.648,3.646,3.650,3.648,3.647,3.646,-60.291,-2110.000
3.254,3.262,3.260,3.256,3.253,3.261,3.254,3.645,3.647,3.647,3.652,3.649,3.651,3.643,-60.206,-2109.000
3.261,3.258,3.263,3.264,3.264,3.257,3.266,3.644,3.641,3.652,3.647,3.649,3.650,3.647,-60.226,-2108.000
3.257,3.259,3.261,3.256,3.261,3.260,3.254,3.650,3.648,3.648,3.646,3.646,3.651,3.645,-60.195,-2107.000
3.256,3.258,3.269,3.261,3.256,3.258,3.265,3.651,3.643,3.644,3.650,3.652,3.644,3.647,-60.171,-2106.000
3.262,3.259,3.265,3.263,3.265,3.262,3.257,3.644,3.644,3.650,3.652,3.649,3.656,3.652,-60.338,-2105.000
3.259,3.257,3.257,3.259,3.260,3.258,3.261,3.646,3.651,3.645,3.646,3.648,3.646,3.648,-60.415,-2104.000
3.261,3.261,3.271,3.266,3.261,3.264,3.260,3.650,3.647,3.651,3.643,3.650,3.643,3.650,-60.415,-2103.000
3.262,3.258,3.261,3.263,3.267,3.258,3.261,3.648,3.648,3.647,3.649,3.649,3.647,3.647,-60.213,-2102.000
3.257,3.260,3.255,3.256,3.258,3.266,3.258,3.652,3.648,3.652,3.651,3.655,3.649,3.652,-60.279,-2101.000
3.260,3.256,3.260,3.257,3.261,3.264,3.259,3.651,3.649,3.645,3.649,3.646,3.646,3.644,-60.236,-2100.000
3.255,3.265,3.256,3.258,3.257,3.260,3.258,3.651,3.650,3.646,3.648,3.648,3.647,3.646,-60.300,-2099.000
3.260,3.263,3.261,3.261,3.258,3.264,3.259,3.650,3.654,3.648,3.652,3.649,3.647,3.649,-60.495,-2098.000
3.262,3.269,3.264,3.260,3.261,3.263,3.263,3.649,3.654,3.650,3.647,3.647,3.648,3.652,-60.608,-2097.000
3.257,3.262,3.261,3.258,3.257,3.258,3.250,3.647,3.644,3.643,3.646,3.654,3.643,3.647,-60.651,-2096.000
3.264,3.264,3.257,3.263,3.265,3.261,3.258,3.650,3.648,3.654,3.654,3.650,3.648,3.650,-60.707,-2095.000
3.259,3.263,3.264,3.260,3.263,3.261,3.255,3.651,3.651,3.652,3.649,3.641,3.646,3.643,-60.585,-2094.000
3.256,3.261,3.260,3.257,3.260,3.260,3.260,3.644,3.649,3.646,3.650,3.648,3.651,3.646,-60.459,-2093.000
3.260,3.255,3.257,3.258,3.265,3.262,3.263,3.649,3.644,3.651,3.643,3.653,3.653,3.651,-60.541,-2092.000
3.255,3.254,3.257,3.257,3.262,3.258,3.257,3.649,3.644,3.650,3.644,3.643,3.646,3.648,-60.529,-2091.000
3.264,3.255,3.254,3.258,3.258,3.255,3.255,3.641,3.651,3.645,3.646,3.642,3.642,3.645,-60.412,-2090.000
3.258,3.253,3.256,3.255,3.252,3.255,3.257,3.644,3.644,3.648,3.646,3.642,3.639,3.643,-60.381,-2089.000
3.255,3.245,3.250,3.255,3.261,3.258,3.260,3.642,3.650,3.648,3.645,3.649,3.638,3.648,-60.578,-2088.000
3.256,3.259,3.260,3.260,3.255,3.260,3.256,3.651,3.645,3.646,3.643,3.641,3.647,3.646,-60.382,-2087.000
3.260,3.256,3.262,3.257,3.260,3.256,3.262,3.646,3.650,3.645,3.647,3.645,3.648,3.650,-60.397,-2086.000
3.260,3.253,3.258,3.257,3.258,3.259,3.258,3.650,3.645,3.645,3.640,3.653,3.649,3.652,-60.291,-2085.000
3.260,3.262,3.258,3.258,3.256,3.267,3.258,3.654,3.644,3.650,3.644,3.646,3.654,3.650,-60.272,-2084.000
3.260,3.260,3.257,3.265,3.265,3.259,3.268,3.657,3.654,3.649,3.648,3.651,3.650,3.650,-60.638,-2083.000
3.255,3.267,3.264,3.268,3.262,3.268,3.265,3.657,3.655,3.652,3.653,3.645,3.655,3.653,-60.610,-2082.000
3.270,3.260,3.269,3.264,3.261,3.267,3.265,3.655,3.650,3.648,3.651,3.653,3.658,3.657,-60.416,-2081.000
3.260,3.264,3.265,3.269,3.268,3.267,3.268,3.653,3.655,3.657,3.656,3.656,3.655,3.658,-60.475,-2080.000
3.267,3.269,3.268,3.271,3.268,3.265,3.268,3.660,3.657,3.651,3.658,3.656,3.655,3.656,-60.475,-2079.000
3.272,3.268,3.266,3.270,3.268,3.268,3.267,3.660,3.654,3.657,3.654,3.658,3.661,3.655,-60.446,-2078.000
3.272,3.267,3.267,3.265,3.271,3.267,3.267,3.656,3.666,3.658,3.655,3.656,3.659,3.658,-60.389,-2077.000
3.273,3.263,3.264,3.264,3.268,3.262,3.270,3.659,3.655,3.654,3.657,3.658,3.652,3.654,-60.289,-2076.000
3.261,3.264,3.264,3.267,3.271,3.262,3.266,3.656,3.652,3.651,3.651,3.656,3.657,3.656,-60.289,-2075.000
3.265,3.267,3.261,3.270,3.267,3.268,3.264,3.652,3.653,3.657,3.659,3.651,3.658,3.653,-60.402,-2074.000
3.266,3.259,3.266,3.263,3.263,3.262,3.264,3.658,3.652,3.656,3.659,3.653,3.656,3.658,-60.274,-2073.000
3.262,3.265,3.269,3.259,3.263,3.261,3.263,3.653,3.657,3.654,3.658,3.658,3.657,3.652,-60.274,-2072.000
3.260,3.264,3.265,3.259,3.264,3.262,3.268,3.652,3.656,3.651,3.656,3.652,3.656,3.647,-60.226,-2071.000
3.263,3.256,3.262,3.260,3.266,3.261,3.268,3.651,3.648,3.651,3.649,3.649,3.651,3.656,-60.211,-2070.000
3.261,3.265,3.261,3.260,3.266,3.261,3.263,3.653,3.651,3.654,3.654,3.656,3.648,3.652,-60.145,-2069.000
3.260,3.253,3.263,3.255,3.262,3.256,3.259,3.647,3.650,3.649,3.651,3.651,3.656,3.649,-60.233,-2068.000
3.265,3.257,3.261,3.259,3.262,3.263,3.260,3.643,3.645,3.649,3.652,3.654,3.651,3.653,-60.383,-2067.000
3.265,3.264,3.261,3.262,3.262,3.266,3.260,3.654,3.652,3.648,3.650,3.643,3.649,3.651,-60.315,-2066.000
3.267,3.262,3.268,3.261,3.264,3.266,3.265,3.646,3.652,3.648,3.652,3.656,3.652,3.652,-60.179,-2065.000
3.263,3.267,3.262,3.262,3.265,3.269,3.265,3.655,3.652,3.647,3.655,3.654,3.653,3.655,-60.150,-2064.000
3.267,3.261,3.264,3.266,3.260,3.269,3.264,3.661,3.654,3.657,3.651,3.654,3.654,3.655,-60.215,-2063.000
3.265,3.267,3.267,3.265,3.261,3.269,3.259,3.654,3.651,3.651,3.658,3.653,3.656,3.651,-60.316,-2062.000
3.265,3.266,3.268,3.268,3.267,3.265,3.272,3.650,3.651,3.649,3.656,3.657,3.655,3.657,-60.437,-2061.000
3.264,3.269,3.262,3.262,3.266,3.268,3.268,3.652,3.654,3.655,3.653,3.656,3.656,3.655,-60.515,-2060.000
3.272,3.268,3.274,3.272,3.263,3.265,3.271,3.656,3.658,3.651,3.649,3.649,3.656,3.649,-60.420,-2059.000
3.269,3.278,3.268,3.274,3.271,3.268,3.272,3.661,3.656,3.666,3.655,3.657,3.658,3.655,-60.510,-2058.000
3.269,3.271,3.267,3.271,3.260,3.267,3.272,3.652,3.660,3.654,3.656,3.656,3.653,3.654,-60.474,-2057.000
3.266,3.265,3.269,3.270,3.269,3.270,3.264,3.656,3.654,3.654,3.653,3.658,3.654,3.658,-60.396,-2056.000
3.268,3.272,3.263,3.269,3.269,3.264,3.269,3.653,3.658,3.658,3.656,3.654,3.657,3.659,-60.396,-2055.000
3.271,3.265,3.267,3.262,3.269,3.267,3.263,3.660,3.659,3.660,3.656,3.660,3.657,3.654,-60.445,-2054.000
3.269,3.268,3.268,3.269,3.272,3.274,3.268,3.657,3.661,3.658,3.656,3.663,3.658,3.652,-60.326,-2053.000
3.266,3.266,3.269,3.268,3.269,3.271,3.268,3.656,3.662,3.665,3.662,3.658,3.662,3.658,-60.326,-2052.000
3.267,3.266,3.265,3.275,3.265,3.267,3.266,3.661,3.663,3.660,3.661,3.661,3.660,3.652,-60.438,-2051.000
3.264,3.272,3.262,3.264,3.266,3.266,3.269,3.655,3.653,3.654,3.653,3.658,3.660,3.660,-60.401,-2050.000
3.268,3.263,3.270,3.271,3.273,3.264,3.267,3.661,3.658,3.656,3.657,3.663,3.661,3.662,-60.440,-2049.000
3.267,3.265,3.269,3.264,3.270,3.269,3.268,3.660,3.661,3.660,3.660,3.660,3.657,3.659,-60.474,-2048.000
3.271,3.264,3.272,3.269,3.269,3.269,3.272,3.656,3.660,3.661,3.659,3.664,3.665,3.668,-60.546,-2047.000
3.268,3.270,3.271,3.267,3.274,3.266,3.271,3.662,3.657,3.657,3.659,3.662,3.665,3.663,-60.650,-2046.000
3.270,3.271,3.270,3.269,3.274,3.277,3.266,3.672,3.662,3.664,3.661,3.661,3.662,3.665,-60.463,-2045.000
3.269,3.270,3.272,3.273,3.271,3.277,3.271,3.659,3.663,3.663,3.662,3.659,3.665,3.663,-60.376,-2044.000
3.274,3.269,3.270,3.273,3.278,3.271,3.277,3.662,3.656,3.663,3.667,3.662,3.661,3.667,-60.392,-2043.000
3.269,3.275,3.273,3.276,3.272,3.280,3.271,3.657,3.662,3.661,3.663,3.668,3.662,3.666,-60.445,-2042.000
3.276,3.273,3.275,3.278,3.273,3.276,3.275,3.673,3.676,3.668,3.666,3.670,3.665,3.664,-60.357,-2041.000
3.280,3.273,3.275,3.275,3.276,3.274,3.278,3.670,3.665,3.663,3.671,3.669,3.666,3.668,-60.406,-2040.000
3.280,3.278,3.280,3.276,3.276,3.284,3.282,3.668,3.665,3.678,3.671,3.664,3.667,3.670,-60.326,-2039.000
3.282,3.284,3.283,3.278,3.276,3.280,3.282,3.666,3.665,3.664,3.668,3.670,3.671,3.674,-60.395,-2038.000
3.279,3.280,3.282,3.282,3.284,3.275,3.273,3.671,3.670,3.663,3.665,3.668,3.663,3.667,-60.246,-2037.000
3.280,3.279,3.276,3.277,3.284,3.276,3.281,3.667,3.665,3.666,3.668,3.669,3.667,3.667,-60.300,-2036.000
3.279,3.286,3.280,3.280,3.274,3.277,3.279,3.662,3.671,3.667,3.671,3.672,3.668,3.665,-60.241,-2035.000
3.282,3.285,3.283,3.283,3.279,3.278,3.273,3.678,3.675,3.673,3.672,3.671,3.667,3.668,-60.287,-2034.000
3.280,3.281,3.280,3.284,3.282,3.281,3.280,3.666,3.673,3.669,3.668,3.672,3.672,3.677,-60.497,-2033.000
3.285,3.282,3.280,3.286,3.283,3.284,3.279,3.668,3.670,3.669,3.672,3.678,3.675,3.678,-60.568,-2032.000
3.279,3.286,3.285,3.286,3.285,3.283,3.288,3.670,3.667,3.673,3.673,3.672,3.672,3.673,-60.520,-2031.000
3.281,3.287,3.291,3.293,3.285,3.289,3.285,3.681,3.675,3.673,3.681,3.674,3.678,3.680,-60.523,-2030.000
3.289,3.282,3.291,3.284,3.281,3.286,3.286,3.677,3.671,3.675,3.676,3.677,3.678,3.673,-60.535,-2029.000
3.285,3.290,3.286,3.283,3.290,3.294,3.290,3.675,3.669,3.671,3.675,3.673,3.674,3.667,-60.541,-2028.000
3.286,3.288,3.282,3.286,3.290,3.291,3.290,3.682,3.681,3.676,3.678,3.678,3.679,3.681,-60.525,-2027.000
3.289,3.292,3.293,3.290,3.294,3.287,3.291,3.677,3.684,3.675,3.685,3.681,3.676,3.681,-60.517,-2026.000
3.291,3.292,3.288,3.289,3.295,3.295,3.295,3.680,3.679,3.680,3.678,3.681,3.679,3.679,-60.517,-2025.000
3.284,3.290,3.288,3.295,3.287,3.288,3.296,3.678,3.682,3.681,3.678,3.674,3.676,3.681,-60.523,-2024.000
3.289,3.294,3.293,3.284,3.285,3.290,3.287,3.680,3.685,3.681,3.675,3.672,3.678,3.681,-60.598,-2023.000
3.289,3.293,3.286,3.294,3.292,3.294,3.286,3.675,3.678,3.676,3.676,3.681,3.673,3.685,-60.593,-2022.000
3.286,3.287,3.285,3.285,3.285,3.282,3.286,3.675,3.681,3.677,3.672,3.673,3.671,3.673,-60.359,-2021.000
3.283,3.282,3.286,3.285,3.282,3.283,3.287,3.670,3.677,3.675,3.674,3.673,3.671,3.676,-60.290,-2020.000
3.287,3.285,3.287,3.286,3.281,3.292,3.281,3.676,3.677,3.675,3.671,3.675,3.672,3.662,-60.292,-2019.000
3.283,3.284,3.286,3.285,3.279,3.286,3.283,3.675,3.678,3.672,3.674,3.672,3.675,3.683,-60.415,-2018.000
3.279,3.285,3.287,3.283,3.293,3.288,3.287,3.670,3.676,3.683,3.684,3.682,3.678,3.679,-60.415,-2017.000
3.286,3.286,3.291,3.288,3.288,3.285,3.284,3.681,3.674,3.675,3.676,3.670,3.673,3.672,-60.296,-2016.000
3.285,3.290,3.283,3.289,3.285,3.289,3.283,3.673,3.673,3.679,3.676,3.678,3.681,3.677,-60.335,-2015.000
3.288,3.287,3.291,3.288,3.292,3.287,3.279,3.673,3.679,3.680,3.674,3.678,3.677,3.675,-60.332,-2014.000
3.290,3.288,3.284,3.286,3.290,3.288,3.282,3.680,3.678,3.678,3.677,3.673,3.678,3.675,-60.285,-2013.000
3.292,3.285,3.290,3.291,3.287,3.289,3.285,3.677,3.680,3.678,3.673,3.668,3.677,3.670,-60.190,-2012.000
3.287,3.285,3.292,3.282,3.287,3.285,3.287,3.681,3.677,3.673,3.677,3.673,3.672,3.677,-60.228,-2011.000
3.286,3.284,3.291,3.287,3.284,3.286,3.283,3.679,3.679,3.679,3.674,3.673,3.675,3.667,-60.148,-2010.000
3.289,3.280,3.291,3.290,3.284,3.281,3.285,3.679,3.673,3.671,3.676,3.674,3.673,3.673,-60.211,-2009.000
3.290,3.295,3.289,3.287,3.283,3.287,3.286,3.669,3.673,3.678,3.674,3.670,3.672,3.676,-60.188,-2008.000
3.285,3.286,3.284,3.292,3.288,3.285,3.293,3.673,3.678,3.676,3.674,3.671,3.677,3.671,-60.336,-2007.000
3.289,3.286,3.286,3.285,3.285,3.287,3.288,3.676,3.675,3.675,3.674,3.678,3.678,3.676,-60.436,-2006.000
3.288,3.289,3.290,3.285,3.288,3.292,3.295,3.673,3.675,3.688,3.679,3.679,3.669,3.676,-60.415,-2005.000
3.290,3.286,3.295,3.289,3.294,3.293,3.289,3.681,3.683,3.678,3.683,3.682,3.675,3.675,-60.354,-2004.000
3.297,3.290,3.295,3.291,3.304,3.294,3.291,3.679,3.681,3.686,3.691,3.689,3.672,3.676,-60.360,-2003.000
3.299,3.294,3.299,3.297,3.293,3.295,3.290,3.678,3.681,3.680,3.680,3.685,3.679,3.677,-60.171,-2002.000
3.292,3.298,3.293,3.292,3.301,3.294,3.295,3.684,3.684,3.679,3.674,3.678,3.681,3.679,-60.313,-2001.000
3.297,3.293,3.292,3.300,3.289,3.296,3.298,3.686,3.674,3.679,3.680,3.675,3.679,3.678,-60.383,-2000.000
3.301,3.299,3.299,3.301,3.295,3.298,3.293,3.678,3.680,3.682,3.684,3.677,3.676,3.675,-60.450,-1999.000
3.296,3.298,3.294,3.295,3.298,3.302,3.299,3.680,3.680,3.679,3.684,3.682,3.684,3.679,-60.487,-1998.000
3.297,3.300,3.291,3.300,3.294,3.299,3.299,3.681,3.678,3.683,3.677,3.681,3.679,3.680,-60.590,-1997.000
3.292,3.299,3.300,3.301,3.299,3.300,3.296,3.679,3.682,3.681,3.675,3.672,3.681,3.684,-60.590,-1996.000
3.297,3.296,3.306,3.299,3.304,3.299,3.297,3.683,3.682,3.680,3.679,3.680,3.678,3.676,-60.673,-1995.000
3.299,3.301,3.298,3.291,3.303,3.296,3.299,3.679,3.681,3.685,3.685,3.684,3.687,3.684,-60.647,-1994.000
3.300,3.294,3.300,3.297,3.299,3.301,3.294,3.681,3.683,3.684,3.680,3.681,3.687,3.679,-60.614,-1993.000
3.293,3.292,3.297,3.294,3.290,3.295,3.300,3.675,3.679,3.678,3.678,3.682,3.683,3.684,-60.343,-1992.000
3.297,3.298,3.299,3.295,3.301,3.297,3.293,3.674,3.678,3.681,3.681,3.690,3.686,3.683,-60.348,-1991.000
3.299,3.298,3.302,3.295,3.295,3.293,3.298,3.687,3.683,3.677,3.682,3.683,3.678,3.687,-60.445,-1990.000
3.288,3.295,3.291,3.295,3.295,3.292,3.294,3.683,3.677,3.680,3.681,3.682,3.680,3.675,-60.568,-1989.000
3.295,3.299,3.292,3.291,3.293,3.293,3.299,3.673,3.672,3.681,3.679,3.682,3.679,3.678,-60.505,-1988.000
3.296,3.294,3.292,3.287,3.298,3.298,3.295,3.668,3.674,3.675,3.674,3.676,3.679,3.673,-60.538,-1987.000
3.293,3.289,3.290,3.284,3.293,3.289,3.291,3.676,3.679,3.676,3.668,3.672,3.677,3.674,-60.416,-1986.000
3.292,3.286,3.285,3.283,3.295,3.279,3.290,3.676,3.674,3.675,3.682,3.683,3.672,3.675,-60.287,-1985.000
3.289,3.292,3.288,3.287,3.289,3.295,3.290,3.673,3.677,3.677,3.681,3.679,3.673,3.680,-60.440,-1984.000
3.295,3.287,3.289,3.293,3.291,3.294,3.300,3.679,3.678,3.679,3.677,3.679,3.680,3.681,-60.454,-1983.000
3.299,3.284,3.293,3.285,3.291,3.286,3.295,3.684,3.682,3.684,3.678,3.683,3.686,3.682,-60.493,-1982.000
3.287,3.288,3.289,3.291,3.286,3.288,3.293,3.674,3.680,3.679,3.681,3.681,3.678,3.681,-60.481,-1981.000
3.298,3.295,3.295,3.292,3.290,3.286,3.286,3.677,3.674,3.668,3.677,3.676,3.678,3.679,-60.374,-1980.000
3.287,3.288,3.293,3.287,3.286,3.291,3.297,3.683,3.675,3.675,3.676,3.678,3.681,3.677,-60.329,-1979.000
3.291,3.295,3.292,3.290,3.297,3.298,3.295,3.685,3.680,3.679,3.675,3.685,3.682,3.681,-60.403,-1978.000
3.293,3.295,3.296,3.296,3.292,3.298,3.294,3.682,3.683,3.686,3.680,3.682,3.692,3.685,-60.455,-1977.000
3.297,3.295,3.292,3.298,3.299,3.294,3.297,3.684,3.693,3.683,3.686,3.679,3.682,3.684,-60.665,-1976.000
3.293,3.296,3.293,3.298,3.294,3.298,3.296,3.689,3.677,3.687,3.680,3.688,3.686,3.681,-60.588,-1975.000
3.295,3.300,3.297,3.297,3.299,3.303,3.299,3.691,3.687,3.685,3.687,3.688,3.689,3.687,-60.588,-1974.000
3.296,3.299,3.299,3.299,3.296,3.295,3.300,3.693,3.690,3.686,3.679,3.683,3.688,3.688,-60.599,-1973.000
3.304,3.302,3.299,3.305,3.298,3.302,3.304,3.687,3.688,3.689,3.686,3.685,3.689,3.689,-60.560,-1972.000
3.296,3.296,3.301,3.299,3.297,3.298,3.300,3.695,3.693,3.687,3.692,3.686,3.691,3.683,-60.474,-1971.000
3.299,3.297,3.297,3.305,3.300,3.291,3.294,3.687,3.692,3.688,3.687,3.688,3.687,3.689,-60.409,-1970.000
3.308,3.298,3.295,3.305,3.298,3.301,3.303,3.688,3.689,3.689,3.692,3.693,3.698,3.694,-60.351,-1969.000
3.300,3.298,3.299,3.299,3.295,3.296,3.298,3.688,3.691,3.686,3.682,3.687,3.683,3.686,-60.135,-1968.000
3.301,3.306,3.299,3.300,3.302,3.298,3.305,3.690,3.690,3.694,3.695,3.699,3.690,3.692,-60.172,-1967.000
3.298,3.301,3.299,3.300,3.300,3.298,3.297,3.695,3.698,3.700,3.691,3.692,3.687,3.690,-60.118,-1966.000
3.305,3.300,3.300,3.301,3.304,3.304,3.299,3.692,3.692,3.695,3.703,3.699,3.696,3.694,-60.132,-1965.000
3.298,3.307,3.295,3.311,3.302,3.304,3.300,3.695,3.705,3.695,3.699,3.702,3.699,3.699,-60.326,-1964.000
3.299,3.301,3.309,3.308,3.310,3.308,3.306,3.696,3.698,3.695,3.697,3.701,3.702,3.691,-60.326,-1963.000
3.303,3.299,3.310,3.310,3.303,3.302,3.303,3.691,3.696,3.695,3.706,3.706,3.701,3.699,-60.269,-1962.000
3.304,3.302,3.304,3.310,3.311,3.303,3.303,3.698,3.695,3.703,3.702,3.700,3.706,3.702,-60.175,-1961.000
3.307,3.313,3.312,3.316,3.310,3.312,3.312,3.701,3.702,3.699,3.700,3.701,3.704,3.705,-60.175,-1960.000
3.309,3.314,3.310,3.311,3.310,3.310,3.308,3.706,3.703,3.702,3.704,3.705,3.701,3.703,-60.321,-1959.000
3.319,3.312,3.313,3.316,3.310,3.315,3.307,3.704,3.701,3.707,3.701,3.701,3.704,3.701,-60.308,-1958.000
3.311,3.312,3.313,3.308,3.314,3.308,3.307,3.706,3.702,3.704,3.700,3.702,3.704,3.708,-60.260,-1957.000
3.314,3.314,3.315,3.315,3.318,3.314,3.311,3.697,3.707,3.712,3.699,3.702,3.698,3.704,-60.239,-1956.000
3.316,3.316,3.312,3.307,3.319,3.309,3.312,3.709,3.707,3.706,3.703,3.701,3.705,3.709,-60.197,-1955.000
3.312,3.309,3.309,3.312,3.306,3.309,3.304,3.703,3.699,3.702,3.705,3.712,3.710,3.708,-60.221,-1954.000
3.313,3.315,3.315,3.311,3.311,3.311,3.305,3.709,3.705,3.705,3.714,3.713,3.712,3.705,-60.273,-1953.000
3.311,3.315,3.309,3.311,3.312,3.318,3.309,3.703,3.704,3.708,3.706,3.699,3.700,3.702,-60.273,-1952.000
3.310,3.311,3.306,3.311,3.310,3.313,3.312,3.703,3.701,3.696,3.701,3.702,3.702,3.703,-60.163,-1951.000
3.313,3.308,3.310,3.310,3.316,3.312,3.310,3.703,3.702,3.702,3.709,3.704,3.696,3.703,-60.258,-1950.000
3.311,3.311,3.310,3.310,3.310,3.308,3.308,3.701,3.698,3.702,3.705,3.700,3.699,3.700,-60.274,-1949.000
3.304,3.299,3.305,3.302,3.305,3.307,3.304,3.696,3.691,3.699,3.693,3.693,3.694,3.692,-60.274,-1948.000
3.305,3.302,3.300,3.306,3.302,3.302,3.300,3.696,3.695,3.695,3.704,3.692,3.688,3.692,-60.554,-1947.000
3.299,3.304,3.307,3.298,3.301,3.306,3.310,3.700,3.697,3.693,3.695,3.688,3.692,3.692,-60.469,-1946.000
3.300,3.304,3.308,3.304,3.305,3.302,3.298,3.700,3.695,3.697,3.692,3.699,3.696,3.696,-60.139,-1945.000
3.305,3.298,3.300,3.302,3.297,3.297,3.300,3.692,3.688,3.687,3.696,3.691,3.694,3.692,-60.238,-1944.000
3.299,3.301,3.302,3.297,3.297,3.306,3.294,3.689,3.702,3.690,3.686,3.688,3.685,3.684,-60.131,-1943.000
3.300,3.305,3.299,3.301,3.300,3.293,3.302,3.692,3.693,3.695,3.696,3.696,3.693,3.689,-60.159,-1942.000
3.296,3.294,3.293,3.295,3.292,3.293,3.300,3.695,3.687,3.689,3.687,3.686,3.685,3.686,-60.058,-1941.000
3.291,3.292,3.296,3.291,3.295,3.295,3.295,3.688,3.691,3.681,3.680,3.686,3.682,3.684,-60.058,-1940.000
3.291,3.292,3.297,3.289,3.296,3.292,3.299,3.693,3.684,3.688,3.679,3.684,3.681,3.684,-60.201,-1939.000
3.295,3.291,3.296,3.298,3.300,3.292,3.293,3.690,3.685,3.684,3.683,3.693,3.685,3.680,-60.144,-1938.000
3.295,3.300,3.289,3.292,3.288,3.296,3.295,3.689,3.685,3.684,3.683,3.685,3.681,3.686,-60.144,-1937.000
3.292,3.300,3.290,3.296,3.291,3.292,3.287,3.684,3.687,3.683,3.685,3.681,3.684,3.684,-59.989,-1936.000
3.297,3.291,3.295,3.287,3.289,3.285,3.287,3.681,3.682,3.685,3.681,3.678,3.684,3.686,-60.073,-1935.000
3.297,3.294,3.292,3.289,3.288,3.287,3.283,3.681,3.674,3.685,3.683,3.682,3.684,3.680,-60.128,-1934.000
3.292,3.294,3.291,3.300,3.295,3.290,3.286,3.682,3.683,3.681,3.688,3.691,3.692,3.687,-60.182,-1933.000
3.299,3.295,3.293,3.286,3.296,3.286,3.293,3.687,3.683,3.683,3.680,3.679,3.682,3.679,-60.216,-1932.000
3.291,3.290,3.287,3.297,3.287,3.296,3.294,3.685,3.686,3.683,3.683,3.686,3.684,3.683,-60.285,-1931.000
3.289,3.297,3.294,3.299,3.295,3.295,3.290,3.680,3.682,3.688,3.688,3.691,3.687,3.690,-60.199,-1930.000
3.298,3.295,3.301,3.295,3.291,3.301,3.297,3.684,3.684,3.683,3.686,3.687,3.685,3.691,-60.097,-1929.000
3.303,3.302,3.300,3.297,3.295,3.299,3.297,3.696,3.699,3.689,3.693,3.686,3.690,3.690,-60.055,-1928.000
3.300,3.300,3.297,3.294,3.300,3.301,3.295,3.686,3.687,3.694,3.689,3.692,3.689,3.693,-60.078,-1927.000
3.300,3.300,3.303,3.303,3.304,3.298,3.303,3.694,3.694,3.691,3.690,3.698,3.696,3.691,-60.078,-1926.000
3.301,3.303,3.302,3.303,3.306,3.292,3.298,3.692,3.698,3.692,3.688,3.692,3.693,3.693,-60.224,-1925.000
3.298,3.310,3.304,3.303,3.297,3.300,3.301,3.698,3.700,3.692,3.692,3.690,3.695,3.694,-60.239,-1924.000
3.304,3.301,3.305,3.302,3.302,3.303,3.310,3.695,3.695,3.701,3.699,3.702,3.695,3.697,-60.239,-1923.000
3.310,3.300,3.312,3.303,3.301,3.305,3.302,3.698,3.699,3.695,3.695,3.701,3.700,3.696,-60.229,-1922.000
3.309,3.306,3.303,3.311,3.308,3.307,3.307,3.696,3.703,3.693,3.700,3.697,3.702,3.695,-60.353,-1921.000
3.310,3.302,3.308,3.304,3.309,3.300,3.304,3.700,3.701,3.696,3.694,3.690,3.696,3.699,-60.314,-1920.000
3.301,3.307,3.307,3.304,3.308,3.306,3.302,3.698,3.693,3.689,3.694,3.694,3.702,3.694,-60.250,-1919.000
3.306,3.306,3.309,3.309,3.304,3.305,3.307,3.694,3.695,3.703,3.702,3.694,3.699,3.703,-60.183,-1918.000
3.305,3.312,3.307,3.308,3.304,3.311,3.306,3.700,3.694,3.695,3.706,3.703,3.699,3.697,-60.165,-1917.000
3.303,3.311,3.307,3.310,3.307,3.309,3.309,3.706,3.702,3.703,3.703,3.697,3.697,3.694,-60.165,-1916.000
3.313,3.311,3.310,3.312,3.315,3.315,3.310,3.699,3.709,3.694,3.701,3.706,3.700,3.704,-60.072,-1915.000
3.307,3.314,3.308,3.316,3.312,3.313,3.310,3.697,3.696,3.698,3.702,3.699,3.701,3.701,-60.263,-1914.000
3.306,3.318,3.314,3.307,3.313,3.309,3.316,3.704,3.703,3.709,3.700,3.693,3.700,3.702,-60.304,-1913.000
3.312,3.310,3.304,3.308,3.309,3.310,3.319,3.700,3.704,3.696,3.700,3.693,3.700,3.704,-60.325,-1912.000
3.304,3.315,3.311,3.311,3.306,3.315,3.304,3.702,3.706,3.698,3.704,3.702,3.702,3.701,-60.252,-1911.000
3.311,3.309,3.311,3.306,3.312,3.313,3.308,3.706,3.696,3.703,3.705,3.703,3.701,3.700,-60.345,-1910.000
3.315,3.308,3.309,3.309,3.307,3.304,3.314,3.704,3.700,3.695,3.701,3.699,3.701,3.696,-60.351,-1909.000
3.314,3.306,3.308,3.310,3.302,3.305,3.303,3.694,3.695,3.696,3.699,3.699,3.695,3.696,-60.318,-1908.000
3.299,3.305,3.300,3.299,3.297,3.297,3.301,3.699,3.690,3.697,3.698,3.696,3.696,3.701,-60.363,-1907.000
3.302,3.301,3.307,3.296,3.302,3.302,3.300,3.689,3.690,3.688,3.691,3.692,3.690,3.688,-60.430,-1906.000
3.299,3.297,3.298,3.303,3.295,3.294,3.288,3.690,3.695,3.691,3.695,3.687,3.689,3.691,-60.517,-1905.000
3.295,3.299,3.291,3.290,3.297,3.289,3.294,3.684,3.689,3.686,3.688,3.692,3.683,3.684,-60.572,-1904.000
3.294,3.287,3.293,3.295,3.294,3.295,3.286,3.690,3.687,3.683,3.685,3.689,3.691,3.690,-60.472,-1903.000
3.297,3.295,3.300,3.295,3.293,3.297,3.293,3.689,3.688,3.684,3.684,3.683,3.686,3.689,-60.411,-1902.000
3.300,3.298,3.298,3.298,3.306,3.303,3.297,3.690,3.696,3.694,3.698,3.696,3.687,3.686,-60.540,-1901.000
3.303,3.305,3.313,3.310,3.310,3.308,3.310,3.698,3.693,3.701,3.699,3.695,3.697,3.697,-60.624,-1900.000
3.311,3.311,3.316,3.314,3.323,3.311,3.314,3.704,3.700,3.702,3.703,3.701,3.704,3.700,-60.385,-1899.000
3.324,3.321,3.320,3.322,3.323,3.319,3.325,3.713,3.710,3.712,3.715,3.704,3.708,3.711,-60.271,-1898.000
3.321,3.329,3.320,3.329,3.334,3.322,3.328,3.719,3.711,3.709,3.714,3.712,3.721,3.720,-60.271,-1897.000
3.327,3.323,3.327,3.322,3.323,3.329,3.327,3.717,3.718,3.723,3.716,3.712,3.719,3.716,-60.116,-1896.000
3.324,3.329,3.326,3.330,3.328,3.329,3.329,3.710,3.716,3.718,3.719,3.718,3.719,3.710,-60.123,-1895.000
3.326,3.334,3.329,3.330,3.327,3.330,3.328,3.708,3.710,3.720,3.727,3.719,3.712,3.719,-60.180,-1894.000
3.333,3.333,3.331,3.327,3.327,3.330,3.328,3.714,3.726,3.720,3.727,3.712,3.717,3.717,-60.074,-1893.000
3.328,3.332,3.329,3.327,3.320,3.335,3.323,3.715,3.714,3.716,3.708,3.717,3.710,3.715,-60.166,-1892.000
3.330,3.327,3.334,3.330,3.329,3.325,3.322,3.718,3.720,3.716,3.716,3.719,3.714,3.716,-60.166,-1891.000
3.332,3.328,3.340,3.332,3.329,3.328,3.330,3.718,3.716,3.718,3.718,3.717,3.716,3.724,-60.195,-1890.000
3.329,3.331,3.327,3.332,3.326,3.329,3.331,3.712,3.720,3.715,3.719,3.718,3.721,3.715,-60.201,-1889.000
3.327,3.329,3.325,3.325,3.328,3.324,3.334,3.712,3.720,3.719,3.714,3.717,3.713,3.719,-60.158,-1888.000
3.328,3.328,3.329,3.332,3.329,3.325,3.328,3.715,3.713,3.717,3.716,3.709,3.714,3.714,-60.151,-1887.000
3.329,3.328,3.325,3.329,3.324,3.325,3.327,3.714,3.718,3.718,3.718,3.724,3.719,3.715,-60.186,-1886.000
3.331,3.329,3.335,3.324,3.329,3.328,3.328,3.719,3.716,3.717,3.712,3.718,3.718,3.719,-60.046,-1885.000
3.327,3.331,3.326,3.332,3.331,3.333,3.328,3.714,3.711,3.715,3.714,3.715,3.716,3.722,-60.046,-1884.000
3.335,3.332,3.327,3.325,3.329,3.323,3.327,3.717,3.719,3.721,3.713,3.711,3.720,3.715,-60.019,-1883.000
3.329,3.327,3.325,3.323,3.329,3.328,3.322,3.712,3.709,3.712,3.718,3.723,3.720,3.716,-60.348,-1882.000
3.325,3.333,3.330,3.328,3.331,3.330,3.330,3.709,3.709,3.720,3.709,3.714,3.713,3.711,-60.422,-1881.000
3.327,3.330,3.336,3.329,3.333,3.330,3.327,3.713,3.714,3.716,3.713,3.721,3.711,3.710,-60.293,-1880.000
3.327,3.328,3.326,3.326,3.326,3.323,3.323,3.722,3.719,3.714,3.716,3.718,3.715,3.711,-60.400,-1879.000
3.324,3.323,3.324,3.319,3.324,3.321,3.325,3.707,3.703,3.710,3.715,3.715,3.710,3.710,-60.357,-1878.000
3.317,3.316,3.319,3.319,3.323,3.319,3.319,3.706,3.706,3.709,3.703,3.707,3.704,3.701,-60.524,-1877.000
3.318,3.319,3.317,3.316,3.321,3.322,3.316,3.705,3.712,3.706,3.704,3.708,3.710,3.709,-60.306,-1876.000
3.314,3.310,3.315,3.318,3.314,3.313,3.320,3.700,3.702,3.697,3.700,3.697,3.700,3.704,-60.172,-1875.000
3.311,3.314,3.310,3.314,3.319,3.308,3.314,3.700,3.705,3.698,3.707,3.702,3.696,3.699,-60.274,-1874.000
3.307,3.315,3.313,3.317,3.311,3.309,3.317,3.700,3.708,3.701,3.700,3.699,3.706,3.697,-60.370,-1873.000
3.316,3.310,3.312,3.310,3.318,3.314,3.312,3.693,3.694,3.702,3.701,3.702,3.704,3.702,-60.198,-1872.000
3.316,3.310,3.313,3.311,3.314,3.315,3.315,3.699,3.700,3.701,3.703,3.700,3.703,3.701,-60.155,-1871.000
3.309,3.314,3.310,3.312,3.308,3.311,3.313,3.702,3.706,3.698,3.700,3.696,3.705,3.701,-60.248,-1870.000
3.315,3.311,3.319,3.309,3.315,3.319,3.315,3.696,3.703,3.701,3.700,3.708,3.698,3.697,-60.070,-1869.000
3.317,3.312,3.310,3.304,3.316,3.309,3.315,3.708,3.699,3.698,3.697,3.705,3.701,3.698,-59.982,-1868.000
3.314,3.314,3.318,3.317,3.318,3.322,3.313,3.705,3.705,3.700,3.703,3.701,3.704,3.705,-60.077,-1867.000
3.314,3.315,3.316,3.315,3.316,3.319,3.314,3.694,3.698,3.703,3.700,3.699,3.705,3.699,-60.089,-1866.000
3.314,3.321,3.319,3.317,3.324,3.316,3.312,3.705,3.706,3.706,3.711,3.705,3.708,3.702,-60.089,-1865.000
3.318,3.325,3.313,3.317,3.318,3.319,3.313,3.697,3.701,3.702,3.701,3.711,3.713,3.716,-60.209,-1864.000
3.324,3.325,3.314,3.315,3.316,3.315,3.314,3.707,3.705,3.706,3.702,3.711,3.716,3.718,-60.288,-1863.000
3.314,3.324,3.321,3.323,3.321,3.319,3.320,3.707,3.710,3.708,3.706,3.708,3.711,3.710,-60.257,-1862.000
3.331,3.318,3.327,3.319,3.321,3.319,3.323,3.710,3.713,3.706,3.707,3.709,3.708,3.707,-60.257,-1861.000
3.329,3.323,3.323,3.326,3.326,3.320,3.326,3.714,3.712,3.711,3.710,3.717,3.722,3.712,-60.401,-1860.000
3.324,3.318,3.317,3.317,3.320,3.322,3.320,3.714,3.709,3.713,3.715,3.709,3.710,3.704,-60.425,-1859.000
3.318,3.324,3.324,3.315,3.316,3.318,3.313,3.708,3.707,3.714,3.711,3.711,3.710,3.702,-60.368,-1858.000
3.314,3.317,3.321,3.316,3.316,3.321,3.319,3.712,3.709,3.714,3.711,3.714,3.701,3.705,-60.405,-1857.000
3.320,3.317,3.321,3.319,3.320,3.316,3.317,3.713,3.716,3.708,3.711,3.712,3.698,3.708,-60.337,-1856.000
3.318,3.314,3.322,3.320,3.319,3.321,3.315,3.712,3.708,3.706,3.708,3.710,3.703,3.714,-60.261,-1855.000
3.321,3.320,3.315,3.316,3.322,3.317,3.317,3.705,3.707,3.710,3.707,3.704,3.705,3.701,-60.267,-1854.000
3.321,3.324,3.323,3.324,3.319,3.321,3.316,3.711,3.713,3.707,3.710,3.711,3.702,3.705,-60.192,-1853.000
3.321,3.320,3.319,3.322,3.325,3.321,3.323,3.707,3.705,3.710,3.713,3.713,3.714,3.713,-60.053,-1852.000
3.318,3.317,3.317,3.320,3.320,3.323,3.319,3.706,3.708,3.707,3.714,3.711,3.711,3.709,-60.054,-1851.000
3.321,3.323,3.323,3.321,3.323,3.324,3.326,3.714,3.716,3.712,3.714,3.720,3.714,3.718,-59.991,-1850.000
3.330,3.324,3.324,3.324,3.323,3.321,3.327,3.715,3.710,3.713,3.709,3.714,3.714,3.715,-60.126,-1849.000
3.320,3.321,3.318,3.324,3.324,3.325,3.323,3.710,3.710,3.712,3.709,3.706,3.708,3.708,-60.164,-1848.000
3.326,3.328,3.328,3.322,3.322,3.326,3.327,3.714,3.714,3.711,3.713,3.710,3.712,3.714,-60.189,-1847.000
3.321,3.322,3.323,3.318,3.315,3.316,3.318,3.705,3.713,3.718,3.709,3.713,3.712,3.708,-60.177,-1846.000
3.319,3.315,3.323,3.326,3.325,3.324,3.321,3.709,3.709,3.703,3.715,3.707,3.709,3.714,-60.241,-1845.000
3.317,3.315,3.312,3.318,3.317,3.320,3.314,3.710,3.705,3.709,3.701,3.705,3.706,3.703,-60.160,-1844.000
3.317,3.312,3.316,3.315,3.324,3.318,3.319,3.710,3.713,3.707,3.705,3.704,3.710,3.706,-60.118,-1843.000
3.312,3.317,3.312,3.316,3.312,3.314,3.316,3.710,3.711,3.705,3.703,3.702,3.700,3.703,-60.199,-1842.000
3.310,3.312,3.313,3.309,3.314,3.315,3.311,3.699,3.701,3.707,3.705,3.705,3.703,3.703,-60.223,-1841.000
3.310,3.312,3.312,3.312,3.311,3.309,3.321,3.697,3.702,3.703,3.703,3.701,3.706,3.703,-60.223,-1840.000
3.314,3.313,3.310,3.313,3.320,3.313,3.315,3.701,3.697,3.701,3.697,3.700,3.702,3.696,-60.272,-1839.000
3.310,3.309,3.308,3.306,3.317,3.312,3.313,3.701,3.698,3.704,3.694,3.692,3.699,3.695,-60.340,-1838.000
3.308,3.306,3.305,3.307,3.310,3.309,3.305,3.701,3.698,3.705,3.697,3.701,3.697,3.700,-60.348,-1837.000
3.307,3.310,3.311,3.315,3.310,3.311,3.312,3.695,3.696,3.697,3.700,3.703,3.698,3.700,-60.167,-1836.000
3.312,3.310,3.311,3.313,3.305,3.311,3.315,3.704,3.697,3.703,3.696,3.698,3.698,3.698,-60.264,-1835.000
3.310,3.309,3.312,3.305,3.311,3.310,3.311,3.704,3.703,3.704,3.702,3.701,3.698,3.695,-60.326,-1834.000
3.304,3.308,3.309,3.311,3.309,3.312,3.303,3.695,3.697,3.698,3.703,3.700,3.700,3.703,-60.545,-1833.000
3.309,3.309,3.312,3.306,3.309,3.315,3.306,3.700,3.704,3.701,3.696,3.700,3.701,3.707,-60.466,-1832.000
3.306,3.312,3.308,3.310,3.311,3.306,3.302,3.702,3.700,3.703,3.699,3.707,3.707,3.700,-60.375,-1831.000
3.308,3.308,3.312,3.305,3.310,3.316,3.310,3.706,3.697,3.700,3.705,3.709,3.697,3.699,-60.402,-1830.000
3.308,3.309,3.310,3.311,3.312,3.308,3.305,3.702,3.703,3.699,3.705,3.703,3.702,3.701,-60.363,-1829.000
3.316,3.313,3.314,3.313,3.312,3.306,3.309,3.700,3.704,3.707,3.712,3.707,3.700,3.706,-60.271,-1828.000
3.316,3.309,3.308,3.313,3.315,3.317,3.312,3.704,3.702,3.701,3.700,3.701,3.699,3.702,-60.278,-1827.000
3.315,3.311,3.312,3.310,3.313,3.314,3.307,3.706,3.704,3.698,3.698,3.703,3.701,3.704,-60.517,-1826.000
3.317,3.315,3.314,3.316,3.309,3.310,3.312,3.705,3.700,3.701,3.702,3.706,3.701,3.702,-60.534,-1825.000
3.313,3.311,3.309,3.313,3.304,3.305,3.313,3.709,3.701,3.702,3.701,3.701,3.705,3.700,-60.567,-1824.000
3.311,3.310,3.314,3.311,3.318,3.315,3.309,3.702,3.702,3.699,3.697,3.702,3.699,3.701,-60.621,-1823.000
3.307,3.311,3.315,3.310,3.309,3.305,3.310,3.706,3.702,3.702,3.704,3.707,3.703,3.697,-60.617,-1822.000
3.310,3.309,3.313,3.315,3.309,3.309,3.312,3.703,3.696,3.699,3.705,3.703,3.703,3.699,-60.522,-1821.000
3.307,3.312,3.314,3.307,3.310,3.316,3.315,3.696,3.702,3.701,3.698,3.703,3.704,3.708,-60.500,-1820.000
3.314,3.311,3.309,3.310,3.314,3.309,3.306,3.708,3.704,3.697,3.702,3.703,3.701,3.700,-60.416,-1819.000
3.301,3.311,3.308,3.311,3.309,3.309,3.305,3.702,3.700,3.698,3.702,3.701,3.702,3.696,-60.447,-1818.000
3.305,3.307,3.311,3.315,3.313,3.303,3.304,3.697,3.699,3.696,3.695,3.702,3.698,3.700,-60.430,-1817.000
3.309,3.310,3.309,3.306,3.310,3.308,3.311,3.697,3.702,3.706,3.703,3.706,3.699,3.699,-60.462,-1816.000
3.304,3.303,3.306,3.311,3.312,3.306,3.300,3.699,3.695,3.693,3.696,3.692,3.698,3.699,-60.394,-1815.000
3.312,3.310,3.305,3.302,3.306,3.304,3.302,3.702,3.697,3.695,3.695,3.696,3.697,3.700,-60.400,-1814.000
3.307,3.308,3.304,3.305,3.304,3.311,3.306,3.692,3.691,3.701,3.707,3.701,3.702,3.698,-60.411,-1813.000
3.306,3.307,3.305,3.298,3.300,3.304,3.310,3.690,3.693,3.689,3.696,3.700,3.696,3.701,-60.517,-1812.000
3.306,3.304,3.301,3.310,3.309,3.308,3.303,3.702,3.692,3.698,3.691,3.697,3.692,3.697,-60.439,-1811.000
3.305,3.302,3.303,3.301,3.303,3.307,3.306,3.691,3.691,3.694,3.695,3.692,3.702,3.696,-60.388,-1810.000
3.304,3.303,3.305,3.304,3.296,3.296,3.304,3.692,3.697,3.698,3.695,3.697,3.692,3.691,-60.251,-1809.000
3.308,3.302,3.307,3.304,3.300,3.304,3.304,3.697,3.701,3.694,3.692,3.694,3.690,3.695,-60.251,-1808.000
3.298,3.302,3.302,3.306,3.308,3.307,3.309,3.690,3.699,3.695,3.695,3.697,3.702,3.703,-60.291,-1807.000
3.305,3.312,3.307,3.309,3.296,3.306,3.308,3.694,3.693,3.703,3.706,3.700,3.697,3.701,-60.294,-1806.000
3.301,3.308,3.306,3.311,3.308,3.308,3.313,3.697,3.699,3.707,3.704,3.705,3.703,3.702,-60.304,-1805.000
3.307,3.312,3.313,3.300,3.305,3.297,3.304,3.704,3.700,3.701,3.698,3.691,3.698,3.699,-60.369,-1804.000
3.308,3.311,3.306,3.312,3.308,3.306,3.302,3.706,3.706,3.702,3.704,3.702,3.708,3.699,-60.368,-1803.000
3.306,3.305,3.308,3.303,3.313,3.310,3.310,3.705,3.698,3.700,3.699,3.701,3.700,3.699,-60.267,-1802.000
3.306,3.310,3.311,3.306,3.306,3.314,3.306,3.691,3.700,3.693,3.694,3.699,3.706,3.701,-60.326,-1801.000
3.305,3.306,3.310,3.309,3.307,3.305,3.309,3.692,3.691,3.695,3.690,3.701,3.694,3.700,-60.305,-1800.000
3.301,3.299,3.305,3.304,3.308,3.309,3.305,3.697,3.687,3.692,3.701,3.695,3.696,3.694,-60.357,-1799.000
3.305,3.300,3.300,3.302,3.306,3.305,3.301,3.695,3.699,3.695,3.702,3.693,3.694,3.698,-60.371,-1798.000
3.308,3.306,3.302,3.301,3.300,3.302,3.305,3.694,3.692,3.693,3.696,3.695,3.693,3.694,-60.560,-1797.000
3.305,3.308,3.308,3.308,3.307,3.307,3.303,3.699,3.701,3.700,3.699,3.693,3.690,3.700,-60.600,-1796.000
3.302,3.308,3.303,3.303,3.306,3.309,3.306,3.691,3.694,3.689,3.696,3.697,3.696,3.691,-60.762,-1795.000
3.308,3.302,3.305,3.302,3.310,3.303,3.311,3.693,3.691,3.697,3.695,3.693,3.690,3.695,-60.564,-1794.000
3.305,3.301,3.305,3.301,3.312,3.307,3.304,3.698,3.698,3.696,3.697,3.691,3.689,3.693,-60.523,-1793.000
3.308,3.307,3.298,3.310,3.302,3.309,3.304,3.695,3.690,3.691,3.697,3.694,3.694,3.698,-60.375,-1792.000
3.309,3.306,3.306,3.301,3.308,3.307,3.307,3.692,3.686,3.698,3.693,3.694,3.699,3.699,-60.351,-1791.000
3.308,3.306,3.306,3.304,3.310,3.303,3.303,3.702,3.700,3.699,3.699,3.697,3.700,3.691,-60.395,-1790.000
3.301,3.309,3.307,3.307,3.305,3.311,3.306,3.694,3.696,3.699,3.694,3.694,3.694,3.695,-60.534,-1789.000
3.308,3.308,3.308,3.312,3.309,3.310,3.309,3.698,3.696,3.693,3.698,3.692,3.697,3.691,-60.570,-1788.000
3.308,3.305,3.296,3.298,3.300,3.302,3.306,3.697,3.698,3.691,3.693,3.697,3.701,3.693,-60.625,-1787.000
3.313,3.299,3.303,3.308,3.309,3.308,3.304,3.697,3.701,3.698,3.697,3.695,3.693,3.695,-60.454,-1786.000
3.302,3.307,3.314,3.316,3.307,3.304,3.310,3.696,3.696,3.697,3.693,3.697,3.696,3.692,-60.466,-1785.000
3.310,3.308,3.307,3.304,3.307,3.308,3.309,3.700,3.704,3.697,3.697,3.701,3.692,3.698,-60.319,-1784.000
3.303,3.306,3.306,3.309,3.308,3.301,3.307,3.704,3.701,3.694,3.697,3.688,3.695,3.697,-60.291,-1783.000
3.301,3.303,3.308,3.306,3.308,3.308,3.303,3.700,3.693,3.696,3.697,3.689,3.695,3.699,-60.205,-1782.000
3.305,3.307,3.306,3.311,3.303,3.318,3.312,3.695,3.689,3.695,3.697,3.696,3.699,3.702,-60.272,-1781.000
3.304,3.307,3.303,3.304,3.304,3.311,3.304,3.689,3.689,3.695,3.696,3.695,3.695,3.700,-60.652,-1780.000
3.310,3.305,3.310,3.308,3.318,3.310,3.307,3.700,3.694,3.698,3.702,3.693,3.699,3.696,-60.658,-1779.000
3.306,3.309,3.308,3.310,3.310,3.310,3.310,3.691,3.695,3.695,3.700,3.699,3.693,3.693,-60.804,-1778.000
3.304,3.310,3.306,3.307,3.306,3.307,3.301,3.694,3.694,3.696,3.696,3.695,3.699,3.693,-60.678,-1777.000
3.313,3.305,3.313,3.307,3.307,3.309,3.303,3.694,3.690,3.691,3.692,3.692,3.686,3.690,-60.557,-1776.000
3.295,3.302,3.309,3.302,3.304,3.307,3.308,3.686,3.693,3.693,3.694,3.702,3.697,3.692,-60.420,-1775.000
3.307,3.310,3.307,3.310,3.306,3.307,3.301,3.693,3.701,3.691,3.699,3.693,3.696,3.691,-60.418,-1774.000
3.305,3.302,3.309,3.306,3.308,3.305,3.304,3.695,3.701,3.691,3.691,3.694,3.697,3.695,-60.392,-1773.000
3.307,3.312,3.308,3.305,3.309,3.307,3.300,3.703,3.697,3.695,3.694,3.698,3.697,3.692,-60.593,-1772.000
3.309,3.304,3.310,3.313,3.307,3.312,3.305,3.693,3.694,3.696,3.695,3.701,3.699,3.695,-60.593,-1771.000
3.307,3.309,3.307,3.307,3.312,3.307,3.315,3.701,3.695,3.698,3.699,3.696,3.694,3.691,-60.505,-1770.000
3.305,3.308,3.309,3.307,3.308,3.304,3.306,3.695,3.695,3.690,3.700,3.693,3.696,3.693,-60.477,-1769.000
3.311,3.303,3.312,3.300,3.307,3.309,3.312,3.697,3.692,3.704,3.694,3.698,3.698,3.696,-60.477,-1768.000
3.310,3.310,3.301,3.311,3.307,3.314,3.308,3.698,3.700,3.695,3.694,3.698,3.696,3.699,-60.482,-1767.000
3.311,3.314,3.308,3.310,3.308,3.308,3.311,3.699,3.700,3.703,3.697,3.696,3.698,3.695,-60.297,-1766.000
3.310,3.308,3.310,3.306,3.308,3.313,3.316,3.696,3.693,3.698,3.695,3.704,3.700,3.697,-60.198,-1765.000
3.309,3.311,3.316,3.307,3.310,3.308,3.312,3.692,3.695,3.696,3.701,3.702,3.697,3.698,-60.273,-1764.000
3.314,3.313,3.311,3.311,3.315,3.312,3.305,3.703,3.698,3.701,3.703,3.698,3.694,3.691,-60.275,-1763.000
3.314,3.313,3.309,3.310,3.311,3.308,3.313,3.691,3.692,3.700,3.696,3.697,3.699,3.693,-60.234,-1762.000
3.313,3.313,3.309,3.311,3.308,3.310,3.310,3.699,3.698,3.699,3.697,3.700,3.700,3.702,-60.415,-1761.000
3.311,3.310,3.309,3.302,3.310,3.313,3.305,3.696,3.699,3.697,3.696,3.701,3.702,3.703,-60.380,-1760.000
3.304,3.309,3.306,3.313,3.306,3.309,3.312,3.696,3.700,3.693,3.698,3.700,3.691,3.693,-60.230,-1759.000
3.310,3.308,3.314,3.310,3.304,3.303,3.312,3.697,3.692,3.696,3.693,3.694,3.695,3.690,-60.418,-1758.000
3.308,3.307,3.310,3.306,3.311,3.312,3.310,3.699,3.694,3.691,3.694,3.689,3.695,3.695,-60.391,-1757.000
3.307,3.311,3.310,3.309,3.305,3.315,3.312,3.692,3.694,3.687,3.691,3.687,3.701,3.699,-60.396,-1756.000
3.313,3.315,3.316,3.314,3.313,3.310,3.309,3.697,3.695,3.700,3.694,3.692,3.694,3.697,-60.341,-1755.000
3.306,3.306,3.306,3.313,3.312,3.306,3.310,3.696,3.693,3.694,3.692,3.705,3.696,3.695,-60.403,-1754.000
3.307,3.309,3.310,3.308,3.312,3.309,3.314,3.702,3.700,3.700,3.700,3.696,3.695,3.694,-60.517,-1753.000
3.316,3.311,3.307,3.311,3.312,3.312,3.310,3.694,3.698,3.694,3.687,3.696,3.698,3.699,-60.478,-1752.000
3.310,3.314,3.313,3.310,3.308,3.310,3.308,3.694,3.692,3.694,3.694,3.695,3.698,3.699,-60.518,-1751.000
3.308,3.316,3.312,3.308,3.309,3.309,3.311,3.696,3.694,3.693,3.690,3.699,3.699,3.702,-60.450,-1750.000
3.310,3.311,3.309,3.310,3.310,3.307,3.312,3.702,3.695,3.699,3.696,3.693,3.693,3.698,-60.644,-1749.000
3.314,3.310,3.306,3.310,3.316,3.312,3.313,3.692,3.702,3.696,3.698,3.701,3.694,3.697,-60.644,-1748.000
3.312,3.310,3.316,3.314,3.317,3.308,3.312,3.698,3.699,3.701,3.694,3.693,3.695,3.695,-60.639,-1747.000
3.308,3.310,3.316,3.311,3.310,3.311,3.313,3.698,3.694,3.702,3.696,3.699,3.702,3.703,-60.590,-1746.000
3.311,3.314,3.310,3.312,3.310,3.310,3.311,3.700,3.697,3.704,3.697,3.704,3.694,3.699,-60.481,-1745.000
3.309,3.310,3.310,3.309,3.307,3.310,3.307,3.694,3.696,3.699,3.697,3.700,3.696,3.697,-60.472,-1744.000
3.312,3.306,3.308,3.304,3.306,3.312,3.311,3.694,3.698,3.693,3.696,3.699,3.694,3.697,-60.571,-1743.000
3.312,3.307,3.312,3.310,3.305,3.313,3.309,3.692,3.700,3.694,3.692,3.695,3.695,3.696,-60.560,-1742.000
3.313,3.313,3.314,3.311,3.308,3.306,3.309,3.693,3.692,3.695,3.694,3.694,3.691,3.688,-60.555,-1741.000
3.306,3.307,3.307,3.306,3.307,3.300,3.309,3.690,3.694,3.693,3.696,3.694,3.698,3.693,-60.455,-1740.000
3.307,3.301,3.300,3.307,3.303,3.310,3.306,3.690,3.696,3.696,3.692,3.695,3.690,3.688,-60.432,-1739.000
3.307,3.309,3.305,3.305,3.304,3.301,3.305,3.689,3.693,3.693,3.691,3.696,3.689,3.691,-60.388,-1738.000
3.311,3.300,3.308,3.301,3.304,3.304,3.307,3.690,3.697,3.690,3.696,3.697,3.703,3.694,-60.321,-1737.000
3.306,3.303,3.299,3.306,3.308,3.307,3.305,3.693,3.692,3.693,3.691,3.697,3.695,3.690,-60.311,-1736.000
3.311,3.309,3.305,3.305,3.310,3.311,3.301,3.695,3.702,3.695,3.694,3.696,3.692,3.691,-60.290,-1735.000
3.311,3.307,3.312,3.308,3.311,3.309,3.309,3.694,3.693,3.693,3.699,3.698,3.690,3.695,-60.448,-1734.000
3.312,3.310,3.309,3.308,3.309,3.313,3.306,3.699,3.704,3.699,3.704,3.701,3.697,3.696,-60.339,-1733.000
3.313,3.319,3.316,3.314,3.311,3.315,3.318,3.699,3.704,3.702,3.698,3.706,3.702,3.702,-60.329,-1732.000
3.312,3.312,3.312,3.309,3.309,3.307,3.309,3.706,3.702,3.702,3.702,3.701,3.702,3.704,-60.253,-1731.000
3.307,3.313,3.311,3.310,3.313,3.313,3.308,3.700,3.697,3.692,3.698,3.700,3.695,3.695,-60.356,-1730.000
3.300,3.313,3.310,3.308,3.307,3.312,3.313,3.696,3.701,3.701,3.695,3.693,3.694,3.690,-60.504,-1729.000
3.311,3.311,3.312,3.312,3.307,3.312,3.308,3.696,3.702,3.703,3.695,3.691,3.697,3.696,-60.533,-1728.000
3.308,3.311,3.310,3.312,3.308,3.311,3.312,3.693,3.692,3.695,3.702,3.697,3.704,3.700,-60.565,-1727.000
3.310,3.308,3.310,3.311,3.313,3.306,3.310,3.697,3.699,3.699,3.698,3.697,3.693,3.693,-60.583,-1726.000
3.315,3.312,3.310,3.311,3.310,3.312,3.316,3.698,3.698,3.696,3.697,3.694,3.692,3.695,-60.201,-1725.000
3.313,3.313,3.303,3.314,3.307,3.309,3.313,3.699,3.698,3.697,3.698,3.698,3.700,3.696,-60.263,-1724.000
3.310,3.309,3.308,3.311,3.309,3.305,3.310,3.692,3.692,3.688,3.695,3.701,3.692,3.697,-60.312,-1723.000
3.310,3.309,3.316,3.302,3.314,3.311,3.308,3.688,3.693,3.694,3.690,3.693,3.693,3.692,-60.429,-1722.000
3.307,3.310,3.307,3.310,3.310,3.308,3.307,3.694,3.692,3.693,3.693,3.696,3.697,3.694,-60.344,-1721.000
3.311,3.310,3.302,3.307,3.312,3.308,3.308,3.694,3.694,3.693,3.692,3.692,3.693,3.689,-60.302,-1720.000
3.304,3.307,3.312,3.308,3.303,3.308,3.316,3.695,3.699,3.693,3.696,3.692,3.693,3.692,-60.363,-1719.000
3.306,3.304,3.309,3.309,3.312,3.310,3.308,3.684,3.695,3.696,3.697,3.701,3.698,3.695,-60.429,-1718.000
3.310,3.304,3.309,3.307,3.307,3.310,3.314,3.688,3.694,3.694,3.699,3.696,3.704,3.703,-60.130,-1717.000
3.313,3.307,3.312,3.311,3.310,3.307,3.306,3.700,3.701,3.696,3.693,3.696,3.694,3.700,-60.163,-1716.000
3.311,3.311,3.311,3.310,3.313,3.312,3.311,3.699,3.700,3.697,3.693,3.699,3.698,3.701,-60.377,-1715.000
3.312,3.314,3.315,3.314,3.315,3.311,3.320,3.699,3.706,3.706,3.701,3.698,3.700,3.699,-60.360,-1714.000
3.317,3.311,3.310,3.307,3.309,3.310,3.312,3.697,3.698,3.696,3.702,3.705,3.706,3.702,-60.486,-1713.000
3.314,3.322,3.316,3.309,3.313,3.315,3.311,3.695,3.700,3.699,3.697,3.696,3.698,3.696,-60.558,-1712.000
3.313,3.311,3.314,3.312,3.312,3.310,3.310,3.700,3.699,3.705,3.700,3.699,3.698,3.698,-60.498,-1711.000
3.314,3.310,3.309,3.316,3.313,3.309,3.307,3.699,3.695,3.691,3.704,3.699,3.698,3.704,-60.417,-1710.000
3.310,3.317,3.315,3.307,3.311,3.311,3.307,3.700,3.700,3.695,3.696,3.696,3.705,3.696,-60.397,-1709.000
3.310,3.306,3.305,3.309,3.312,3.306,3.311,3.694,3.698,3.696,3.698,3.694,3.693,3.701,-60.386,-1708.000
3.310,3.308,3.310,3.311,3.316,3.310,3.311,3.695,3.703,3.702,3.702,3.704,3.704,3.696,-60.412,-1707.000
3.308,3.309,3.305,3.309,3.306,3.313,3.310,3.690,3.701,3.695,3.695,3.697,3.696,3.698,-60.308,-1706.000
3.310,3.312,3.316,3.311,3.307,3.312,3.306,3.698,3.692,3.698,3.699,3.694,3.702,3.687,-60.367,-1705.000
3.312,3.314,3.305,3.307,3.310,3.307,3.310,3.693,3.698,3.697,3.691,3.692,3.692,3.693,-60.307,-1704.000
3.309,3.310,3.305,3.310,3.307,3.310,3.310,3.698,3.699,3.694,3.697,3.697,3.691,3.693,-60.330,-1703.000
3.307,3.316,3.312,3.305,3.311,3.309,3.307,3.696,3.702,3.703,3.690,3.701,3.694,3.694,-60.360,-1702.000
3.313,3.305,3.312,3.308,3.307,3.305,3.310,3.696,3.692,3.696,3.697,3.693,3.692,3.692,-60.384,-1701.000
3.303,3.312,3.311,3.310,3.310,3.309,3.310,3.696,3.694,3.693,3.698,3.688,3.693,3.696,-60.430,-1700.000
3.311,3.318,3.317,3.316,3.313,3.314,3.313,3.699,3.698,3.695,3.691,3.701,3.697,3.699,-60.385,-1699.000
3.313,3.310,3.310,3.312,3.312,3.311,3.312,3.694,3.691,3.691,3.692,3.695,3.695,3.695,-60.456,-1698.000
3.309,3.312,3.312,3.310,3.314,3.309,3.315,3.696,3.700,3.695,3.698,3.699,3.704,3.710,-60.543,-1697.000
3.311,3.312,3.313,3.320,3.317,3.310,3.311,3.700,3.693,3.701,3.698,3.700,3.699,3.701,-60.467,-1696.000
3.313,3.317,3.309,3.315,3.316,3.311,3.310,3.704,3.703,3.704,3.703,3.698,3.696,3.702,-60.370,-1695.000
3.314,3.315,3.319,3.314,3.318,3.313,3.317,3.701,3.706,3.702,3.700,3.703,3.698,3.698,-60.217,-1694.000
3.309,3.320,3.315,3.315,3.318,3.314,3.312,3.700,3.697,3.707,3.705,3.709,3.705,3.696,-60.472,-1693.000
3.322,3.316,3.309,3.310,3.316,3.307,3.312,3.701,3.699,3.699,3.706,3.702,3.704,3.702,-60.527,-1692.000
3.318,3.317,3.314,3.315,3.313,3.309,3.319,3.702,3.700,3.707,3.702,3.701,3.702,3.705,-60.349,-1691.000
3.315,3.315,3.317,3.319,3.312,3.318,3.315,3.700,3.695,3.700,3.705,3.700,3.705,3.697,-60.307,-1690.000
3.311,3.311,3.313,3.316,3.314,3.308,3.313,3.700,3.704,3.701,3.702,3.695,3.704,3.698,-60.414,-1689.000
3.319,3.310,3.311,3.308,3.312,3.312,3.307,3.701,3.701,3.703,3.701,3.702,3.700,3.703,-60.444,-1688.000
3.308,3.312,3.302,3.302,3.306,3.308,3.304,3.699,3.695,3.692,3.697,3.694,3.693,3.698,-60.486,-1687.000
3.306,3.304,3.307,3.308,3.304,3.303,3.305,3.697,3.699,3.691,3.693,3.685,3.687,3.691,-60.639,-1686.000
3.299,3.303,3.299,3.299,3.297,3.303,3.305,3.687,3.689,3.695,3.693,3.689,3.688,3.681,-60.712,-1685.000
3.290,3.289,3.295,3.298,3.291,3.297,3.290,3.682,3.684,3.675,3.682,3.674,3.672,3.687,-60.521,-1684.000
3.295,3.296,3.296,3.299,3.294,3.290,3.290,3.685,3.685,3.684,3.681,3.678,3.674,3.681,-60.525,-1683.000
3.294,3.301,3.296,3.300,3.294,3.299,3.297,3.685,3.686,3.684,3.689,3.685,3.687,3.690,-60.475,-1682.000
3.307,3.314,3.309,3.312,3.310,3.307,3.311,3.692,3.696,3.695,3.698,3.697,3.696,3.697,-60.552,-1681.000
3.315,3.311,3.317,3.315,3.311,3.305,3.315,3.698,3.695,3.703,3.703,3.706,3.700,3.699,-60.496,-1680.000
3.313,3.309,3.311,3.315,3.318,3.318,3.314,3.695,3.704,3.698,3.702,3.702,3.701,3.703,-60.339,-1679.000
3.312,3.310,3.311,3.308,3.309,3.310,3.308,3.701,3.700,3.694,3.700,3.698,3.697,3.700,-60.405,-1678.000
3.309,3.302,3.304,3.309,3.315,3.302,3.309,3.701,3.699,3.695,3.699,3.692,3.697,3.696,-60.649,-1677.000
3.309,3.309,3.304,3.308,3.308,3.311,3.307,3.700,3.694,3.699,3.701,3.705,3.705,3.692,-60.524,-1676.000
3.310,3.308,3.306,3.301,3.306,3.311,3.302,3.685,3.686,3.691,3.694,3.695,3.695,3.690,-60.467,-1675.000
3.307,3.304,3.305,3.304,3.306,3.304,3.303,3.696,3.701,3.693,3.702,3.694,3.693,3.696,-60.463,-1674.000
3.305,3.311,3.314,3.307,3.306,3.312,3.307,3.686,3.692,3.692,3.690,3.694,3.694,3.688,-60.494,-1673.000
3.302,3.302,3.309,3.306,3.303,3.302,3.304,3.690,3.688,3.691,3.692,3.693,3.688,3.685,-60.461,-1672.000
3.304,3.310,3.312,3.295,3.305,3.302,3.310,3.693,3.693,3.694,3.691,3.695,3.695,3.695,-60.387,-1671.000
3.306,3.305,3.301,3.305,3.306,3.309,3.306,3.690,3.696,3.696,3.693,3.691,3.691,3.695,-60.241,-1670.000
3.303,3.302,3.300,3.303,3.305,3.307,3.303,3.690,3.685,3.684,3.696,3.696,3.690,3.690,-60.310,-1669.000
3.305,3.300,3.309,3.305,3.307,3.305,3.300,3.690,3.687,3.688,3.690,3.690,3.691,3.690,-60.343,-1668.000
3.303,3.304,3.308,3.301,3.306,3.299,3.297,3.689,3.691,3.692,3.685,3.691,3.683,3.690,-60.472,-1667.000
3.308,3.301,3.301,3.298,3.306,3.298,3.298,3.687,3.691,3.686,3.689,3.686,3.692,3.689,-60.472,-1666.000
3.305,3.305,3.303,3.300,3.295,3.296,3.299,3.683,3.693,3.679,3.688,3.686,3.691,3.690,-60.386,-1665.000
3.306,3.305,3.302,3.297,3.304,3.300,3.300,3.688,3.686,3.692,3.682,3.688,3.689,3.687,-60.601,-1664.000
3.295,3.303,3.301,3.299,3.302,3.301,3.295,3.692,3.698,3.686,3.691,3.691,3.690,3.685,-60.459,-1663.000
3.303,3.297,3.297,3.299,3.299,3.297,3.296,3.682,3.687,3.689,3.686,3.691,3.684,3.681,-60.374,-1662.000
3.298,3.294,3.299,3.293,3.293,3.295,3.300,3.688,3.693,3.682,3.685,3.682,3.680,3.682,-60.265,-1661.000
3.303,3.299,3.305,3.302,3.298,3.298,3.297,3.690,3.686,3.676,3.674,3.681,3.681,3.678,-60.320,-1660.000
3.299,3.298,3.295,3.296,3.298,3.299,3.300,3.685,3.682,3.685,3.686,3.689,3.686,3.681,-60.397,-1659.000
3.297,3.298,3.298,3.294,3.292,3.289,3.298,3.677,3.678,3.688,3.687,3.688,3.680,3.686,-60.269,-1658.000
3.296,3.296,3.297,3.292,3.296,3.296,3.296,3.686,3.678,3.682,3.680,3.681,3.683,3.691,-60.259,-1657.000
3.293,3.296,3.295,3.297,3.292,3.294,3.295,3.685,3.679,3.681,3.679,3.676,3.683,3.680,-60.409,-1656.000
3.293,3.290,3.293,3.292,3.292,3.293,3.301,3.685,3.684,3.688,3.685,3.688,3.685,3.680,-60.372,-1655.000
3.290,3.285,3.291,3.293,3.288,3.295,3.290,3.681,3.676,3.680,3.680,3.680,3.682,3.683,-60.413,-1654.000
3.290,3.293,3.298,3.294,3.294,3.291,3.288,3.681,3.674,3.679,3.675,3.678,3.680,3.686,-60.296,-1653.000
3.289,3.288,3.295,3.293,3.297,3.290,3.289,3.678,3.683,3.678,3.679,3.684,3.675,3.674,-60.395,-1652.000
3.292,3.295,3.289,3.295,3.292,3.297,3.296,3.684,3.679,3.689,3.680,3.684,3.685,3.684,-60.674,-1651.000
3.298,3.299,3.292,3.286,3.293,3.290,3.294,3.684,3.681,3.685,3.683,3.681,3.685,3.686,-60.527,-1650.000
3.294,3.295,3.295,3.292,3.298,3.295,3.297,3.683,3.688,3.680,3.677,3.681,3.680,3.681,-60.578,-1649.000
3.294,3.298,3.292,3.294,3.292,3.298,3.290,3.683,3.688,3.685,3.684,3.687,3.682,3.685,-60.346,-1648.000
3.291,3.292,3.295,3.294,3.294,3.287,3.291,3.683,3.676,3.680,3.676,3.676,3.681,3.674,-60.413,-1647.000
3.290,3.290,3.290,3.296,3.292,3.289,3.288,3.681,3.680,3.686,3.682,3.684,3.677,3.678,-60.308,-1646.000
3.289,3.290,3.288,3.289,3.291,3.286,3.283,3.679,3.678,3.680,3.678,3.677,3.682,3.674,-60.318,-1645.000
3.290,3.284,3.285,3.287,3.284,3.289,3.288,3.676,3.672,3.675,3.679,3.681,3.679,3.676,-60.355,-1644.000
3.287,3.288,3.282,3.290,3.284,3.286,3.287,3.671,3.673,3.674,3.675,3.685,3.677,3.681,-60.592,-1643.000
3.284,3.282,3.285,3.284,3.281,3.289,3.289,3.677,3.677,3.678,3.674,3.678,3.673,3.669,-60.499,-1642.000
3.287,3.285,3.289,3.286,3.288,3.284,3.287,3.673,3.677,3.671,3.674,3.668,3.674,3.674,-60.652,-1641.000
3.286,3.287,3.280,3.283,3.281,3.281,3.290,3.675,3.674,3.672,3.671,3.670,3.669,3.673,-60.645,-1640.000
3.284,3.286,3.285,3.281,3.289,3.281,3.286,3.676,3.666,3.671,3.670,3.673,3.673,3.679,-60.583,-1639.000
3.296,3.294,3.293,3.292,3.292,3.296,3.295,3.681,3.673,3.678,3.675,3.673,3.671,3.681,-60.459,-1638.000
3.290,3.293,3.295,3.294,3.289,3.293,3.296,3.684,3.676,3.679,3.680,3.681,3.677,3.678,-60.462,-1637.000
3.283,3.293,3.297,3.295,3.290,3.291,3.294,3.682,3.685,3.679,3.680,3.676,3.681,3.680,-60.503,-1636.000
3.290,3.291,3.299,3.299,3.296,3.302,3.294,3.678,3.687,3.689,3.688,3.681,3.678,3.677,-60.366,-1635.000
3.297,3.290,3.292,3.295,3.299,3.297,3.294,3.686,3.679,3.682,3.692,3.684,3.678,3.681,-60.329,-1634.000
3.295,3.292,3.293,3.297,3.292,3.294,3.291,3.683,3.685,3.684,3.689,3.680,3.681,3.677,-60.690,-1633.000
3.291,3.305,3.294,3.297,3.298,3.296,3.295,3.683,3.685,3.681,3.685,3.687,3.685,3.685,-60.726,-1632.000
3.295,3.300,3.298,3.293,3.296,3.293,3.303,3.679,3.685,3.685,3.686,3.688,3.685,3.685,-60.673,-1631.000
3.297,3.299,3.291,3.298,3.292,3.296,3.292,3.684,3.677,3.677,3.681,3.686,3.682,3.682,-60.473,-1630.000
3.295,3.298,3.303,3.295,3.299,3.296,3.296,3.679,3.683,3.691,3.679,3.679,3.682,3.685,-60.308,-1629.000
3.292,3.295,3.299,3.300,3.297,3.293,3.299,3.678,3.681,3.687,3.687,3.681,3.682,3.677,-60.423,-1628.000
3.296,3.291,3.298,3.300,3.293,3.295,3.295,3.680,3.681,3.680,3.683,3.682,3.678,3.682,-60.436,-1627.000
3.295,3.296,3.297,3.298,3.294,3.291,3.289,3.680,3.680,3.682,3.678,3.679,3.678,3.673,-60.505,-1626.000
3.298,3.300,3.296,3.297,3.292,3.294,3.290,3.680,3.683,3.687,3.676,3.674,3.674,3.676,-60.551,-1625.000
3.301,3.299,3.289,3.289,3.294,3.294,3.299,3.683,3.683,3.681,3.681,3.682,3.679,3.675,-60.551,-1624.000
3.297,3.293,3.295,3.290,3.296,3.295,3.296,3.681,3.679,3.683,3.686,3.685,3.686,3.679,-60.571,-1623.000
3.297,3.294,3.296,3.294,3.301,3.303,3.298,3.686,3.681,3.690,3.681,3.683,3.681,3.682,-60.498,-1622.000
3.294,3.290,3.295,3.293,3.295,3.295,3.295,3.680,3.679,3.684,3.681,3.684,3.682,3.681,-60.454,-1621.000
3.297,3.294,3.301,3.301,3.293,3.296,3.291,3.683,3.682,3.682,3.681,3.680,3.681,3.677,-60.483,-1620.000
3.299,3.300,3.299,3.294,3.290,3.296,3.297,3.680,3.682,3.680,3.674,3.686,3.679,3.678,-60.421,-1619.000
3.293,3.295,3.292,3.299,3.287,3.290,3.293,3.680,3.681,3.681,3.687,3.682,3.679,3.675,-60.553,-1618.000
3.286,3.290,3.295,3.294,3.295,3.288,3.291,3.673,3.675,3.677,3.680,3.680,3.682,3.678,-60.537,-1617.000
3.293,3.290,3.289,3.291,3.290,3.294,3.289,3.672,3.674,3.672,3.677,3.679,3.675,3.678,-60.539,-1616.000
3.292,3.297,3.292,3.290,3.292,3.290,3.291,3.678,3.682,3.678,3.682,3.677,3.675,3.683,-60.480,-1615.000
3.293,3.293,3.292,3.295,3.298,3.292,3.294,3.673,3.674,3.681,3.683,3.683,3.680,3.677,-60.433,-1614.000
3.292,3.296,3.290,3.289,3.293,3.295,3.291,3.681,3.683,3.679,3.676,3.677,3.682,3.679,-60.533,-1613.000
3.300,3.290,3.294,3.287,3.294,3.289,3.295,3.679,3.677,3.680,3.678,3.683,3.683,3.682,-60.457,-1612.000
3.295,3.296,3.292,3.295,3.293,3.297,3.294,3.679,3.680,3.685,3.683,3.683,3.680,3.680,-60.536,-1611.000
3.297,3.291,3.294,3.298,3.297,3.292,3.293,3.680,3.682,3.680,3.678,3.677,3.679,3.679,-60.527,-1610.000
3.293,3.289,3.292,3.299,3.294,3.295,3.293,3.682,3.678,3.681,3.682,3.679,3.678,3.682,-60.462,-1609.000
3.298,3.297,3.296,3.287,3.292,3.294,3.293,3.676,3.681,3.677,3.681,3.678,3.682,3.684,-60.494,-1608.000
3.296,3.291,3.295,3.287,3.297,3.295,3.291,3.677,3.681,3.680,3.684,3.681,3.686,3.682,-60.528,-1607.000
3.294,3.293,3.290,3.292,3.293,3.289,3.295,3.679,3.678,3.680,3.679,3.684,3.683,3.676,-60.516,-1606.000
3.285,3.281,3.287,3.290,3.290,3.293,3.290,3.673,3.672,3.675,3.678,3.676,3.675,3.674,-60.524,-1605.000
3.289,3.288,3.285,3.289,3.288,3.288,3.287,3.679,3.681,3.675,3.676,3.682,3.679,3.678,-60.404,-1604.000
3.288,3.289,3.292,3.286,3.292,3.284,3.286,3.677,3.680,3.678,3.676,3.674,3.680,3.676,-60.221,-1603.000
3.292,3.286,3.287,3.287,3.288,3.285,3.287,3.675,3.676,3.677,3.674,3.672,3.686,3.686,-60.078,-1602.000
3.286,3.293,3.286,3.287,3.293,3.294,3.289,3.674,3.673,3.677,3.677,3.672,3.678,3.682,-60.078,-1601.000
3.294,3.287,3.287,3.289,3.291,3.293,3.291,3.678,3.672,3.677,3.680,3.676,3.674,3.681,-60.181,-1600.000
3.285,3.287,3.292,3.291,3.293,3.285,3.289,3.676,3.672,3.671,3.674,3.670,3.676,3.684,-60.198,-1599.000
3.289,3.298,3.292,3.287,3.290,3.292,3.285,3.675,3.676,3.674,3.680,3.677,3.679,3.671,-60.339,-1598.000
3.285,3.292,3.288,3.286,3.285,3.286,3.287,3.678,3.676,3.675,3.678,3.674,3.665,3.670,-60.339,-1597.000
3.291,3.288,3.287,3.283,3.291,3.296,3.290,3.677,3.674,3.679,3.679,3.672,3.678,3.676,-60.427,-1596.000
3.292,3.289,3.288,3.284,3.281,3.287,3.288,3.675,3.676,3.671,3.678,3.675,3.676,3.675,-60.284,-1595.000
3.290,3.291,3.285,3.285,3.287,3.287,3.290,3.679,3.676,3.669,3.676,3.676,3.671,3.672,-60.238,-1594.000
3.282,3.282,3.284,3.283,3.285,3.287,3.290,3.668,3.676,3.674,3.671,3.675,3.675,3.679,-60.371,-1593.000
3.283,3.287,3.290,3.287,3.291,3.288,3.280,3.674,3.676,3.671,3.672,3.674,3.674,3.669,-60.352,-1592.000
3.290,3.286,3.289,3.287,3.282,3.285,3.288,3.674,3.670,3.681,3.677,3.674,3.676,3.674,-60.431,-1591.000
3.288,3.276,3.286,3.285,3.288,3.285,3.285,3.680,3.679,3.672,3.680,3.669,3.674,3.679,-60.581,-1590.000
3.287,3.283,3.284,3.288,3.291,3.285,3.284,3.673,3.679,3.675,3.673,3.674,3.675,3.675,-60.406,-1589.000
3.288,3.289,3.281,3.284,3.291,3.287,3.286,3.674,3.675,3.677,3.674,3.678,3.679,3.674,-60.285,-1588.000
3.289,3.296,3.289,3.284,3.287,3.290,3.286,3.675,3.675,3.678,3.680,3.678,3.677,3.677,-60.281,-1587.000
3.298,3.289,3.291,3.293,3.290,3.288,3.293,3.677,3.678,3.677,3.679,3.675,3.679,3.680,-60.354,-1586.000
3.290,3.293,3.292,3.295,3.292,3.299,3.293,3.678,3.682,3.690,3.681,3.681,3.687,3.687,-60.372,-1585.000
3.294,3.294,3.291,3.297,3.299,3.304,3.300,3.684,3.683,3.685,3.682,3.681,3.681,3.681,-60.211,-1584.000
3.300,3.300,3.299,3.300,3.296,3.302,3.297,3.683,3.679,3.676,3.690,3.690,3.684,3.683,-60.249,-1583.000
3.302,3.306,3.303,3.299,3.300,3.302,3.304,3.679,3.682,3.683,3.683,3.683,3.687,3.688,-60.249,-1582.000
3.307,3.299,3.301,3.303,3.303,3.302,3.310,3.682,3.677,3.680,3.683,3.679,3.681,3.687,-60.210,-1581.000
3.303,3.302,3.298,3.306,3.301,3.306,3.304,3.684,3.685,3.685,3.680,3.677,3.685,3.690,-60.347,-1580.000
3.300,3.298,3.297,3.304,3.305,3.300,3.297,3.684,3.683,3.680,3.679,3.681,3.680,3.681,-60.347,-1579.000
3.308,3.302,3.302,3.302,3.303,3.299,3.302,3.682,3.679,3.683,3.682,3.680,3.685,3.682,-60.486,-1578.000
3.298,3.300,3.297,3.297,3.303,3.299,3.295,3.684,3.687,3.688,3.685,3.687,3.682,3.679,-60.597,-1577.000
3.299,3.298,3.304,3.301,3.295,3.296,3.298,3.679,3.684,3.680,3.683,3.685,3.678,3.681,-60.597,-1576.000
3.300,3.290,3.296,3.299,3.298,3.299,3.296,3.683,3.684,3.681,3.676,3.681,3.679,3.677,-60.640,-1575.000
3.299,3.300,3.301,3.296,3.296,3.295,3.300,3.681,3.682,3.681,3.679,3.679,3.677,3.679,-60.664,-1574.000
3.292,3.296,3.295,3.293,3.301,3.298,3.301,3.674,3.679,3.677,3.680,3.681,3.680,3.674,-60.683,-1573.000
3.295,3.295,3.292,3.295,3.297,3.290,3.293,3.687,3.678,3.679,3.677,3.673,3.675,3.677,-60.616,-1572.000
3.296,3.292,3.293,3.295,3.299,3.293,3.296,3.674,3.680,3.682,3.670,3.678,3.669,3.679,-60.609,-1571.000
3.296,3.289,3.292,3.300,3.288,3.296,3.293,3.675,3.672,3.678,3.674,3.674,3.679,3.679,-60.609,-1570.000
3.289,3.292,3.289,3.294,3.284,3.292,3.290,3.672,3.675,3.673,3.677,3.672,3.680,3.678,-60.604,-1569.000
3.289,3.293,3.289,3.289,3.288,3.291,3.288,3.673,3.672,3.669,3.673,3.672,3.671,3.672,-60.522,-1568.000
3.293,3.288,3.287,3.293,3.293,3.294,3.288,3.673,3.670,3.679,3.678,3.677,3.672,3.677,-60.438,-1567.000
3.296,3.289,3.294,3.291,3.288,3.293,3.289,3.667,3.671,3.670,3.670,3.674,3.670,3.674,-60.302,-1566.000
3.289,3.295,3.293,3.286,3.285,3.295,3.295,3.669,3.672,3.671,3.678,3.675,3.672,3.669,-60.360,-1565.000
3.291,3.291,3.293,3.296,3.292,3.297,3.293,3.670,3.666,3.672,3.671,3.675,3.677,3.671,-60.200,-1564.000
3.288,3.295,3.292,3.292,3.287,3.292,3.291,3.672,3.672,3.672,3.669,3.670,3.675,3.674,-60.304,-1563.000
3.288,3.287,3.294,3.295,3.291,3.288,3.289,3.681,3.677,3.669,3.679,3.676,3.682,3.674,-60.442,-1562.000
3.293,3.290,3.290,3.287,3.292,3.286,3.287,3.678,3.675,3.670,3.670,3.679,3.672,3.672,-60.403,-1561.000
3.288,3.291,3.292,3.287,3.290,3.289,3.297,3.669,3.672,3.673,3.670,3.678,3.671,3.675,-60.403,-1560.000
3.294,3.285,3.294,3.287,3.290,3.290,3.290,3.681,3.671,3.677,3.671,3.674,3.677,3.673,-60.422,-1559.000
3.286,3.293,3.289,3.294,3.287,3.285,3.286,3.672,3.674,3.673,3.679,3.677,3.674,3.674,-60.442,-1558.000
3.287,3.289,3.290,3.290,3.291,3.287,3.296,3.681,3.677,3.681,3.674,3.674,3.672,3.677,-60.425,-1557.000
3.290,3.294,3.292,3.295,3.286,3.291,3.285,3.678,3.677,3.681,3.675,3.670,3.674,3.674,-60.456,-1556.000
3.296,3.291,3.296,3.293,3.294,3.300,3.292,3.679,3.678,3.676,3.675,3.677,3.679,3.681,-60.486,-1555.000
3.301,3.298,3.301,3.290,3.292,3.290,3.298,3.680,3.678,3.688,3.684,3.684,3.680,3.682,-60.516,-1554.000
3.295,3.296,3.293,3.295,3.292,3.292,3.296,3.675,3.675,3.676,3.676,3.683,3.671,3.674,-60.447,-1553.000
3.294,3.303,3.299,3.294,3.299,3.297,3.302,3.676,3.682,3.678,3.678,3.685,3.681,3.681,-60.456,-1552.000
3.300,3.298,3.298,3.295,3.298,3.295,3.294,3.684,3.679,3.676,3.675,3.680,3.684,3.682,-60.643,-1551.000
3.297,3.301,3.299,3.300,3.300,3.306,3.300,3.683,3.679,3.684,3.681,3.681,3.685,3.683,-60.610,-1550.000
3.294,3.299,3.295,3.296,3.298,3.300,3.297,3.679,3.680,3.691,3.680,3.681,3.684,3.687,-60.610,-1549.000
3.299,3.299,3.300,3.297,3.301,3.305,3.302,3.686,3.680,3.683,3.686,3.683,3.683,3.678,-60.813,-1548.000
3.307,3.308,3.306,3.302,3.308,3.304,3.306,3.686,3.685,3.678,3.687,3.682,3.689,3.688,-60.594,-1547.000
3.306,3.305,3.303,3.303,3.298,3.307,3.300,3.684,3.685,3.682,3.687,3.687,3.681,3.687,-60.594,-1546.000
3.307,3.301,3.301,3.300,3.303,3.308,3.302,3.684,3.687,3.685,3.683,3.686,3.685,3.689,-60.546,-1545.000
3.303,3.307,3.298,3.300,3.298,3.302,3.302,3.686,3.688,3.691,3.686,3.687,3.688,3.683,-60.524,-1544.000
3.301,3.301,3.299,3.297,3.301,3.302,3.296,3.682,3.688,3.692,3.689,3.691,3.683,3.686,-60.524,-1543.000
3.304,3.300,3.302,3.305,3.304,3.302,3.303,3.682,3.689,3.689,3.690,3.689,3.689,3.686,-60.465,-1542.000
3.302,3.298,3.303,3.308,3.306,3.299,3.309,3.680,3.689,3.689,3.685,3.688,3.681,3.692,-60.269,-1541.000
3.303,3.304,3.306,3.300,3.302,3.300,3.301,3.697,3.695,3.690,3.683,3.686,3.688,3.689,-60.248,-1540.000
3.299,3.297,3.302,3.305,3.296,3.301,3.303,3.688,3.683,3.691,3.687,3.691,3.686,3.688,-60.303,-1539.000
3.286,3.300,3.298,3.296,3.305,3.299,3.297,3.680,3.682,3.684,3.687,3.677,3.681,3.684,-60.292,-1538.000
3.292,3.293,3.292,3.287,3.290,3.291,3.294,3.679,3.677,3.673,3.673,3.682,3.681,3.681,-60.292,-1537.000
3.293,3.293,3.299,3.293,3.294,3.296,3.291,3.678,3.680,3.682,3.678,3.676,3.680,3.680,-60.392,-1536.000
3.287,3.297,3.293,3.295,3.295,3.292,3.293,3.677,3.677,3.676,3.681,3.679,3.673,3.678,-60.449,-1535.000
3.293,3.294,3.293,3.295,3.297,3.292,3.292,3.683,3.676,3.681,3.682,3.681,3.673,3.678,-60.449,-1534.000
3.296,3.297,3.293,3.293,3.290,3.296,3.299,3.677,3.677,3.683,3.677,3.676,3.685,3.681,-60.567,-1533.000
3.289,3.302,3.295,3.299,3.296,3.295,3.295,3.681,3.686,3.682,3.678,3.681,3.679,3.687,-60.679,-1532.000
3.305,3.305,3.299,3.304,3.294,3.304,3.301,3.689,3.687,3.686,3.680,3.681,3.686,3.686,-60.679,-1531.000
3.298,3.299,3.303,3.303,3.302,3.304,3.303,3.687,3.682,3.684,3.682,3.680,3.680,3.683,-60.367,-1530.000
3.300,3.298,3.303,3.303,3.304,3.298,3.305,3.681,3.687,3.687,3.684,3.688,3.689,3.689,-60.512,-1529.000
3.302,3.299,3.302,3.301,3.310,3.306,3.302,3.685,3.686,3.687,3.680,3.687,3.686,3.687,-60.444,-1528.000
3.297,3.303,3.299,3.304,3.303,3.305,3.301,3.683,3.687,3.684,3.684,3.681,3.686,3.684,-60.445,-1527.000
3.304,3.307,3.305,3.305,3.304,3.306,3.306,3.694,3.691,3.684,3.689,3.683,3.683,3.684,-60.289,-1526.000
3.304,3.300,3.305,3.300,3.301,3.301,3.303,3.681,3.685,3.687,3.694,3.693,3.695,3.689,-60.299,-1525.000
3.304,3.305,3.304,3.308,3.307,3.302,3.310,3.682,3.684,3.686,3.689,3.692,3.686,3.684,-60.455,-1524.000
3.299,3.301,3.298,3.302,3.301,3.299,3.302,3.683,3.683,3.681,3.686,3.689,3.683,3.685,-60.469,-1523.000
3.302,3.301,3.299,3.301,3.300,3.299,3.301,3.682,3.683,3.694,3.683,3.685,3.683,3.685,-60.495,-1522.000
3.300,3.300,3.298,3.297,3.300,3.296,3.302,3.683,3.682,3.690,3.684,3.684,3.681,3.680,-60.501,-1521.000
3.297,3.292,3.299,3.297,3.298,3.294,3.293,3.683,3.684,3.683,3.668,3.679,3.684,3.684,-60.478,-1520.000
3.296,3.301,3.301,3.302,3.299,3.299,3.295,3.681,3.689,3.687,3.686,3.679,3.681,3.682,-60.350,-1519.000
3.302,3.295,3.303,3.300,3.301,3.301,3.303,3.685,3.680,3.679,3.685,3.681,3.686,3.683,-60.377,-1518.000
3.304,3.297,3.301,3.298,3.299,3.303,3.304,3.684,3.678,3.680,3.683,3.683,3.682,3.689,-60.405,-1517.000
3.296,3.299,3.302,3.307,3.302,3.297,3.302,3.681,3.681,3.688,3.685,3.679,3.684,3.682,-60.373,-1516.000
3.302,3.303,3.302,3.303,3.302,3.306,3.303,3.687,3.688,3.686,3.683,3.690,3.687,3.679,-60.433,-1515.000
3.303,3.298,3.303,3.311,3.309,3.304,3.303,3.681,3.672,3.680,3.681,3.683,3.685,3.686,-60.433,-1514.000
3.305,3.305,3.308,3.298,3.305,3.302,3.304,3.685,3.686,3.684,3.686,3.687,3.690,3.687,-60.515,-1513.000
3.306,3.310,3.318,3.306,3.308,3.308,3.310,3.691,3.687,3.693,3.688,3.685,3.688,3.687,-60.552,-1512.000
3.310,3.309,3.314,3.313,3.309,3.310,3.308,3.692,3.691,3.697,3.695,3.692,3.696,3.685,-60.484,-1511.000
3.310,3.309,3.308,3.306,3.308,3.303,3.307,3.685,3.685,3.691,3.686,3.690,3.691,3.688,-60.484,-1510.000
3.309,3.314,3.300,3.303,3.309,3.307,3.303,3.684,3.696,3.687,3.697,3.691,3.696,3.695,-60.526,-1509.000
3.310,3.312,3.312,3.306,3.307,3.304,3.309,3.693,3.694,3.694,3.687,3.689,3.694,3.686,-60.703,-1508.000
3.311,3.312,3.307,3.307,3.309,3.308,3.310,3.689,3.689,3.693,3.693,3.689,3.692,3.685,-60.703,-1507.000
3.306,3.303,3.308,3.307,3.304,3.308,3.312,3.689,3.687,3.694,3.691,3.685,3.683,3.696,-60.549,-1506.000
3.308,3.310,3.305,3.311,3.310,3.311,3.308,3.692,3.691,3.686,3.691,3.695,3.692,3.699,-60.560,-1505.000
3.307,3.304,3.310,3.308,3.302,3.310,3.306,3.691,3.689,3.688,3.694,3.692,3.688,3.687,-60.560,-1504.000
3.307,3.308,3.304,3.308,3.313,3.307,3.307,3.696,3.700,3.695,3.687,3.692,3.695,3.693,-60.558,-1503.000
3.313,3.308,3.307,3.313,3.310,3.309,3.307,3.695,3.695,3.687,3.694,3.695,3.695,3.696,-60.612,-1502.000
3.304,3.302,3.310,3.308,3.310,3.312,3.308,3.692,3.697,3.702,3.699,3.700,3.687,3.693,-60.605,-1501.000
3.308,3.309,3.310,3.308,3.309,3.310,3.309,3.693,3.692,3.695,3.690,3.692,3.693,3.696,-60.693,-1500.000
3.310,3.308,3.313,3.310,3.304,3.310,3.307,3.692,3.690,3.691,3.690,3.689,3.692,3.695,-60.545,-1499.000
3.307,3.312,3.309,3.312,3.312,3.312,3.305,3.698,3.696,3.699,3.696,3.686,3.691,3.694,-60.577,-1498.000
3.312,3.314,3.313,3.312,3.310,3.313,3.312,3.692,3.695,3.697,3.696,3.689,3.695,3.688,-60.538,-1497.000
3.308,3.312,3.312,3.311,3.312,3.313,3.314,3.701,3.699,3.692,3.696,3.695,3.696,3.699,-60.650,-1496.000
3.310,3.316,3.308,3.310,3.312,3.309,3.310,3.690,3.694,3.696,3.691,3.689,3.693,3.693,-60.626,-1495.000
3.305,3.314,3.316,3.312,3.307,3.308,3.314,3.690,3.690,3.697,3.697,3.692,3.692,3.693,-60.498,-1494.000
3.312,3.312,3.315,3.311,3.315,3.313,3.315,3.695,3.699,3.696,3.703,3.697,3.697,3.696,-60.600,-1493.000
3.307,3.316,3.313,3.314,3.311,3.320,3.310,3.693,3.697,3.692,3.700,3.698,3.696,3.699,-60.625,-1492.000
3.317,3.314,3.313,3.319,3.312,3.311,3.316,3.701,3.699,3.704,3.702,3.702,3.698,3.700,-60.594,-1491.000
3.315,3.318,3.317,3.312,3.312,3.316,3.316,3.702,3.703,3.703,3.707,3.700,3.701,3.697,-60.594,-1490.000
3.318,3.312,3.315,3.311,3.315,3.317,3.313,3.699,3.702,3.703,3.698,3.701,3.696,3.699,-60.409,-1489.000
3.317,3.312,3.316,3.312,3.316,3.309,3.311,3.700,3.703,3.700,3.699,3.695,3.698,3.698,-60.446,-1488.000
3.315,3.315,3.311,3.314,3.312,3.315,3.317,3.702,3.703,3.698,3.703,3.700,3.701,3.703,-60.564,-1487.000
3.309,3.309,3.303,3.309,3.314,3.318,3.321,3.700,3.699,3.700,3.698,3.695,3.701,3.699,-60.455,-1486.000
3.312,3.315,3.313,3.316,3.306,3.310,3.313,3.707,3.699,3.703,3.707,3.706,3.702,3.696,-60.485,-1485.000
3.319,3.317,3.315,3.325,3.321,3.316,3.310,3.699,3.701,3.705,3.707,3.701,3.702,3.698,-60.492,-1484.000
3.322,3.314,3.316,3.311,3.312,3.315,3.313,3.698,3.704,3.696,3.698,3.702,3.700,3.701,-60.531,-1483.000
3.318,3.317,3.314,3.322,3.320,3.313,3.313,3.710,3.698,3.705,3.697,3.706,3.711,3.705,-60.508,-1482.000
3.317,3.315,3.322,3.317,3.320,3.315,3.315,3.703,3.706,3.706,3.701,3.699,3.708,3.702,-60.596,-1481.000
3.319,3.312,3.316,3.316,3.317,3.315,3.315,3.703,3.696,3.703,3.699,3.702,3.702,3.702,-60.330,-1480.000
3.312,3.317,3.316,3.319,3.318,3.308,3.316,3.703,3.695,3.694,3.690,3.703,3.702,3.703,-60.268,-1479.000
3.318,3.316,3.318,3.318,3.318,3.321,3.316,3.699,3.705,3.697,3.698,3.707,3.704,3.704,-60.184,-1478.000
3.308,3.319,3.315,3.317,3.312,3.317,3.313,3.699,3.697,3.706,3.702,3.703,3.704,3.704,-60.411,-1477.000
3.321,3.322,3.319,3.322,3.321,3.315,3.321,3.705,3.703,3.706,3.705,3.702,3.709,3.695,-60.328,-1476.000
3.320,3.320,3.326,3.323,3.324,3.322,3.323,3.705,3.707,3.708,3.705,3.704,3.710,3.706,-60.303,-1475.000
3.322,3.321,3.319,3.321,3.314,3.323,3.316,3.702,3.699,3.701,3.704,3.705,3.707,3.712,-60.491,-1474.000
3.321,3.313,3.312,3.316,3.319,3.321,3.323,3.702,3.701,3.709,3.703,3.706,3.708,3.701,-60.491,-1473.000
3.321,3.325,3.326,3.327,3.321,3.325,3.322,3.711,3.705,3.707,3.709,3.706,3.702,3.698,-60.541,-1472.000
3.324,3.325,3.321,3.319,3.318,3.318,3.322,3.707,3.702,3.701,3.703,3.705,3.703,3.706,-60.411,-1471.000
3.319,3.326,3.324,3.321,3.325,3.323,3.320,3.706,3.704,3.705,3.704,3.705,3.706,3.702,-60.411,-1470.000
3.319,3.321,3.324,3.326,3.326,3.318,3.324,3.696,3.705,3.707,3.709,3.708,3.706,3.705,-60.484,-1469.000
3.318,3.334,3.322,3.326,3.324,3.324,3.321,3.711,3.710,3.706,3.709,3.709,3.706,3.700,-60.536,-1468.000
3.324,3.322,3.325,3.325,3.329,3.321,3.322,3.705,3.705,3.711,3.704,3.706,3.706,3.709,-60.536,-1467.000
3.326,3.329,3.328,3.328,3.322,3.325,3.325,3.706,3.709,3.706,3.707,3.710,3.706,3.709,-60.753,-1466.000
3.329,3.327,3.326,3.328,3.322,3.327,3.329,3.712,3.706,3.712,3.712,3.711,3.711,3.706,-60.716,-1465.000
3.330,3.325,3.325,3.329,3.333,3.329,3.325,3.715,3.707,3.706,3.710,3.706,3.712,3.710,-60.621,-1464.000
3.331,3.336,3.330,3.332,3.331,3.329,3.328,3.715,3.714,3.708,3.713,3.715,3.711,3.711,-60.517,-1463.000
3.333,3.333,3.332,3.334,3.333,3.334,3.329,3.711,3.711,3.717,3.712,3.712,3.712,3.718,-60.426,-1462.000
3.334,3.330,3.332,3.334,3.337,3.330,3.337,3.709,3.713,3.712,3.713,3.711,3.713,3.717,-60.426,-1461.000
3.331,3.329,3.328,3.334,3.331,3.328,3.332,3.714,3.711,3.712,3.718,3.714,3.713,3.715,-60.530,-1460.000
3.328,3.333,3.329,3.340,3.336,3.331,3.333,3.713,3.714,3.711,3.715,3.712,3.709,3.712,-60.571,-1459.000
3.341,3.331,3.330,3.335,3.329,3.338,3.337,3.716,3.717,3.719,3.714,3.713,3.718,3.716,-60.604,-1458.000
3.327,3.330,3.332,3.337,3.332,3.335,3.333,3.714,3.716,3.717,3.710,3.717,3.718,3.716,-60.440,-1457.000
3.334,3.334,3.330,3.329,3.330,3.332,3.333,3.716,3.718,3.719,3.715,3.713,3.708,3.719,-60.231,-1456.000
3.332,3.334,3.335,3.334,3.336,3.338,3.339,3.719,3.716,3.712,3.713,3.717,3.717,3.714,-60.350,-1455.000
3.333,3.333,3.336,3.331,3.334,3.330,3.336,3.718,3.725,3.714,3.709,3.712,3.717,3.720,-60.263,-1454.000
3.332,3.332,3.334,3.334,3.335,3.334,3.332,3.717,3.714,3.716,3.715,3.713,3.716,3.714,-60.231,-1453.000
3.323,3.331,3.331,3.332,3.332,3.332,3.335,3.713,3.722,3.712,3.720,3.713,3.718,3.719,-60.407,-1452.000
3.330,3.330,3.325,3.332,3.337,3.335,3.329,3.720,3.719,3.712,3.709,3.715,3.715,3.715,-60.257,-1451.000
3.328,3.327,3.328,3.332,3.333,3.331,3.334,3.714,3.717,3.719,3.723,3.714,3.715,3.718,-60.257,-1450.000
3.332,3.339,3.332,3.332,3.325,3.334,3.331,3.719,3.719,3.716,3.717,3.716,3.715,3.715,-60.296,-1449.000
3.334,3.326,3.331,3.330,3.330,3.329,3.330,3.719,3.714,3.713,3.718,3.719,3.720,3.715,-60.215,-1448.000
3.333,3.331,3.332,3.334,3.329,3.331,3.330,3.723,3.717,3.715,3.713,3.717,3.719,3.720,-60.218,-1447.000
3.332,3.330,3.327,3.332,3.327,3.332,3.330,3.714,3.721,3.717,3.719,3.724,3.722,3.717,-60.398,-1446.000
3.331,3.329,3.333,3.331,3.328,3.329,3.325,3.717,3.717,3.719,3.714,3.722,3.715,3.717,-60.494,-1445.000
3.335,3.326,3.330,3.330,3.335,3.327,3.337,3.721,3.720,3.721,3.709,3.719,3.716,3.716,-60.620,-1444.000
3.335,3.329,3.328,3.334,3.332,3.333,3.332,3.715,3.717,3.714,3.712,3.718,3.717,3.713,-60.537,-1443.000
3.338,3.330,3.330,3.331,3.329,3.333,3.334,3.718,3.716,3.711,3.714,3.714,3.715,3.710,-60.260,-1442.000
3.334,3.332,3.332,3.336,3.331,3.336,3.332,3.717,3.718,3.718,3.709,3.719,3.717,3.717,-60.445,-1441.000
3.333,3.336,3.335,3.328,3.325,3.326,3.326,3.723,3.716,3.720,3.716,3.711,3.712,3.718,-60.518,-1440.000
3.335,3.331,3.334,3.333,3.338,3.335,3.341,3.717,3.719,3.716,3.713,3.719,3.727,3.718,-60.351,-1439.000
3.337,3.331,3.334,3.335,3.329,3.329,3.334,3.720,3.718,3.717,3.717,3.716,3.717,3.712,-60.425,-1438.000
3.335,3.336,3.332,3.335,3.334,3.332,3.333,3.718,3.711,3.715,3.725,3.719,3.719,3.713,-60.165,-1437.000
3.330,3.334,3.336,3.336,3.333,3.339,3.336,3.717,3.721,3.726,3.713,3.717,3.716,3.719,-60.153,-1436.000
3.341,3.340,3.332,3.340,3.338,3.341,3.334,3.719,3.721,3.716,3.723,3.722,3.714,3.718,-60.141,-1435.000
3.336,3.343,3.338,3.338,3.340,3.338,3.347,3.721,3.721,3.718,3.718,3.720,3.723,3.718,-60.424,-1434.000
3.343,3.339,3.347,3.340,3.342,3.342,3.341,3.712,3.714,3.716,3.724,3.720,3.720,3.722,-60.206,-1433.000
3.343,3.337,3.341,3.341,3.338,3.341,3.341,3.726,3.721,3.721,3.722,3.719,3.719,3.720,-60.371,-1432.000
3.332,3.338,3.336,3.342,3.337,3.339,3.339,3.721,3.725,3.723,3.722,3.727,3.724,3.723,-60.407,-1431.000
3.335,3.339,3.335,3.332,3.338,3.339,3.338,3.727,3.725,3.727,3.726,3.720,3.719,3.720,-60.341,-1430.000
3.341,3.336,3.341,3.340,3.347,3.338,3.345,3.723,3.727,3.724,3.726,3.727,3.723,3.727,-60.413,-1429.000
3.339,3.344,3.344,3.338,3.342,3.341,3.341,3.714,3.717,3.720,3.723,3.722,3.724,3.723,-60.378,-1428.000
3.341,3.341,3.339,3.339,3.338,3.349,3.345,3.719,3.724,3.724,3.724,3.727,3.727,3.725,-60.286,-1427.000
3.338,3.338,3.342,3.339,3.332,3.335,3.341,3.721,3.717,3.723,3.722,3.725,3.729,3.730,-60.331,-1426.000
3.331,3.338,3.337,3.337,3.337,3.337,3.333,3.725,3.728,3.726,3.728,3.724,3.729,3.726,-60.373,-1425.000
3.334,3.329,3.322,3.336,3.333,3.335,3.332,3.721,3.721,3.722,3.723,3.722,3.723,3.723,-60.394,-1424.000
3.334,3.335,3.338,3.328,3.334,3.332,3.334,3.721,3.727,3.725,3.723,3.730,3.724,3.723,-60.302,-1423.000
3.340,3.333,3.335,3.338,3.333,3.341,3.344,3.723,3.724,3.722,3.719,3.720,3.726,3.721,-60.308,-1422.000
3.346,3.342,3.340,3.336,3.339,3.337,3.338,3.730,3.729,3.726,3.730,3.728,3.719,3.726,-60.246,-1421.000
3.335,3.340,3.340,3.342,3.340,3.342,3.337,3.726,3.724,3.721,3.727,3.726,3.722,3.724,-60.308,-1420.000
3.341,3.343,3.337,3.336,3.340,3.339,3.339,3.724,3.725,3.725,3.723,3.720,3.722,3.725,-60.214,-1419.000
3.341,3.343,3.336,3.337,3.335,3.338,3.345,3.724,3.720,3.728,3.722,3.729,3.730,3.722,-60.346,-1418.000
3.335,3.339,3.341,3.337,3.344,3.338,3.337,3.719,3.730,3.721,3.723,3.727,3.731,3.726,-60.286,-1417.000
3.338,3.336,3.344,3.334,3.338,3.340,3.341,3.728,3.726,3.721,3.724,3.723,3.722,3.721,-60.488,-1416.000
3.335,3.335,3.335,3.341,3.337,3.331,3.339,3.725,3.722,3.715,3.723,3.726,3.725,3.723,-60.521,-1415.000
3.336,3.339,3.338,3.334,3.339,3.337,3.338,3.730,3.721,3.730,3.728,3.726,3.720,3.725,-60.432,-1414.000
3.341,3.337,3.337,3.330,3.340,3.339,3.341,3.730,3.720,3.726,3.719,3.723,3.724,3.722,-60.399,-1413.000
3.337,3.337,3.341,3.339,3.338,3.336,3.333,3.722,3.724,3.724,3.730,3.731,3.730,3.725,-60.403,-1412.000
3.344,3.340,3.334,3.337,3.337,3.334,3.338,3.720,3.726,3.726,3.723,3.725,3.722,3.719,-60.403,-1411.000
3.345,3.337,3.341,3.335,3.336,3.340,3.339,3.731,3.731,3.725,3.724,3.725,3.718,3.723,-60.423,-1410.000
3.340,3.344,3.337,3.340,3.340,3.337,3.339,3.724,3.731,3.723,3.725,3.725,3.727,3.725,-60.321,-1409.000
3.341,3.341,3.345,3.344,3.339,3.341,3.341,3.730,3.724,3.724,3.729,3.725,3.723,3.724,-60.213,-1408.000
3.339,3.342,3.342,3.341,3.334,3.340,3.341,3.723,3.726,3.727,3.728,3.727,3.726,3.732,-60.224,-1407.000
3.338,3.339,3.338,3.339,3.338,3.339,3.340,3.730,3.720,3.726,3.725,3.724,3.721,3.724,-60.301,-1406.000
3.341,3.337,3.340,3.344,3.341,3.342,3.345,3.728,3.727,3.728,3.724,3.731,3.733,3.726,-60.301,-1405.000
3.343,3.343,3.340,3.343,3.340,3.342,3.344,3.725,3.728,3.736,3.728,3.729,3.730,3.731,-60.481,-1404.000
3.343,3.345,3.349,3.348,3.345,3.341,3.341,3.725,3.736,3.732,3.726,3.729,3.732,3.732,-60.586,-1403.000
3.345,3.347,3.350,3.342,3.347,3.350,3.345,3.739,3.732,3.733,3.733,3.730,3.730,3.731,-60.586,-1402.000
3.345,3.350,3.350,3.348,3.351,3.346,3.346,3.728,3.732,3.735,3.730,3.735,3.734,3.738,-60.401,-1401.000
3.344,3.349,3.340,3.345,3.349,3.351,3.340,3.734,3.730,3.729,3.732,3.730,3.731,3.732,-60.411,-1400.000
3.355,3.353,3.352,3.343,3.345,3.345,3.348,3.738,3.733,3.736,3.736,3.726,3.731,3.735,-60.411,-1399.000
3.349,3.353,3.347,3.350,3.351,3.355,3.347,3.731,3.742,3.739,3.732,3.736,3.737,3.737,-60.380,-1398.000
3.353,3.350,3.351,3.354,3.354,3.345,3.352,3.735,3.739,3.734,3.736,3.739,3.732,3.737,-60.479,-1397.000
3.353,3.346,3.349,3.346,3.354,3.353,3.350,3.733,3.740,3.734,3.730,3.733,3.738,3.730,-60.556,-1396.000
3.355,3.349,3.347,3.353,3.351,3.350,3.350,3.733,3.739,3.726,3.737,3.736,3.734,3.735,-60.425,-1395.000
3.357,3.351,3.355,3.355,3.356,3.352,3.353,3.736,3.740,3.735,3.736,3.736,3.735,3.741,-60.344,-1394.000
3.352,3.350,3.354,3.354,3.354,3.349,3.353,3.731,3.733,3.735,3.734,3.739,3.736,3.739,-60.345,-1393.000
3.354,3.357,3.357,3.349,3.356,3.356,3.355,3.732,3.738,3.736,3.738,3.738,3.739,3.746,-60.561,-1392.000
3.351,3.352,3.350,3.354,3.354,3.352,3.346,3.741,3.738,3.735,3.735,3.736,3.735,3.734,-60.543,-1391.000
3.349,3.351,3.350,3.353,3.347,3.351,3.352,3.734,3.732,3.730,3.728,3.731,3.736,3.738,-60.564,-1390.000
3.357,3.349,3.347,3.348,3.352,3.347,3.350,3.735,3.737,3.733,3.732,3.738,3.738,3.737,-60.568,-1389.000
3.358,3.356,3.356,3.352,3.357,3.356,3.354,3.729,3.736,3.739,3.734,3.728,3.737,3.741,-60.448,-1388.000
3.352,3.353,3.357,3.359,3.350,3.354,3.356,3.741,3.735,3.736,3.741,3.737,3.740,3.733,-60.485,-1387.000
3.357,3.353,3.355,3.353,3.350,3.351,3.353,3.739,3.739,3.741,3.739,3.738,3.736,3.738,-60.399,-1386.000
3.361,3.355,3.351,3.356,3.352,3.351,3.349,3.740,3.734,3.740,3.739,3.736,3.737,3.739,-60.242,-1385.000
3.358,3.351,3.350,3.355,3.354,3.353,3.359,3.728,3.734,3.730,3.734,3.734,3.737,3.735,-60.139,-1384.000
3.356,3.350,3.352,3.348,3.357,3.351,3.352,3.729,3.733,3.737,3.739,3.737,3.739,3.734,-60.147,-1383.000
3.356,3.355,3.353,3.349,3.350,3.353,3.352,3.742,3.737,3.736,3.733,3.741,3.734,3.736,-60.216,-1382.000
3.353,3.355,3.353,3.358,3.349,3.351,3.351,3.740,3.740,3.741,3.738,3.738,3.736,3.738,-60.216,-1381.000
3.357,3.357,3.349,3.357,3.357,3.356,3.362,3.734,3.734,3.736,3.743,3.740,3.736,3.743,-60.232,-1380.000
3.359,3.355,3.352,3.356,3.351,3.355,3.346,3.739,3.739,3.734,3.735,3.738,3.739,3.735,-60.173,-1379.000
3.350,3.347,3.346,3.358,3.356,3.357,3.350,3.729,3.736,3.733,3.731,3.733,3.732,3.738,-60.183,-1378.000
3.362,3.354,3.359,3.355,3.359,3.356,3.357,3.733,3.737,3.736,3.742,3.740,3.740,3.738,-60.138,-1377.000
3.353,3.361,3.351,3.358,3.353,3.357,3.359,3.740,3.734,3.741,3.736,3.731,3.736,3.737,-59.991,-1376.000
3.359,3.354,3.363,3.360,3.368,3.361,3.354,3.738,3.743,3.743,3.742,3.736,3.733,3.738,-59.991,-1375.000
3.357,3.360,3.360,3.359,3.357,3.359,3.363,3.729,3.736,3.737,3.737,3.745,3.741,3.745,-60.134,-1374.000
3.362,3.362,3.359,3.360,3.353,3.355,3.364,3.734,3.739,3.739,3.743,3.739,3.742,3.741,-60.168,-1373.000
3.356,3.358,3.361,3.359,3.358,3.361,3.357,3.740,3.738,3.742,3.738,3.735,3.735,3.737,-60.203,-1372.000
3.359,3.361,3.362,3.363,3.361,3.363,3.359,3.744,3.745,3.745,3.740,3.738,3.745,3.741,-60.173,-1371.000
3.365,3.363,3.362,3.365,3.362,3.362,3.365,3.741,3.741,3.746,3.745,3.748,3.744,3.741,-60.227,-1370.000
3.363,3.365,3.365,3.365,3.363,3.364,3.366,3.745,3.745,3.745,3.740,3.745,3.747,3.745,-60.252,-1369.000
3.357,3.363,3.361,3.366,3.365,3.361,3.363,3.743,3.748,3.738,3.738,3.738,3.736,3.746,-60.126,-1368.000
3.364,3.369,3.360,3.364,3.363,3.359,3.361,3.741,3.746,3.751,3.738,3.741,3.748,3.742,-60.037,-1367.000
3.360,3.362,3.362,3.359,3.362,3.358,3.362,3.749,3.735,3.740,3.740,3.743,3.738,3.737,-60.275,-1366.000
3.359,3.361,3.361,3.360,3.363,3.363,3.365,3.740,3.741,3.740,3.750,3.743,3.752,3.749,-60.373,-1365.000
3.361,3.356,3.360,3.359,3.367,3.361,3.363,3.739,3.746,3.744,3.741,3.742,3.747,3.748,-60.480,-1364.000
3.368,3.366,3.364,3.357,3.362,3.364,3.360,3.743,3.734,3.746,3.744,3.739,3.744,3.748,-60.486,-1363.000
3.356,3.369,3.359,3.368,3.362,3.362,3.367,3.746,3.746,3.744,3.743,3.743,3.740,3.743,-60.441,-1362.000
3.358,3.360,3.365,3.359,3.364,3.365,3.362,3.742,3.745,3.743,3.744,3.741,3.751,3.741,-60.269,-1361.000
3.365,3.368,3.359,3.371,3.361,3.362,3.362,3.740,3.746,3.739,3.745,3.740,3.741,3.740,-60.245,-1360.000
3.365,3.363,3.363,3.364,3.361,3.361,3.361,3.744,3.741,3.740,3.742,3.743,3.742,3.741,-60.303,-1359.000
3.365,3.365,3.361,3.362,3.364,3.360,3.364,3.744,3.747,3.747,3.749,3.746,3.751,3.746,-60.432,-1358.000
3.363,3.368,3.365,3.362,3.365,3.360,3.366,3.740,3.741,3.741,3.742,3.742,3.739,3.739,-60.268,-1357.000
3.356,3.362,3.363,3.361,3.362,3.367,3.365,3.748,3.745,3.742,3.742,3.743,3.747,3.744,-60.357,-1356.000
3.362,3.363,3.364,3.367,3.369,3.364,3.359,3.743,3.738,3.741,3.744,3.745,3.741,3.744,-60.408,-1355.000
3.361,3.367,3.358,3.364,3.356,3.356,3.362,3.743,3.745,3.743,3.742,3.740,3.743,3.741,-60.336,-1354.000
3.357,3.368,3.354,3.361,3.357,3.361,3.361,3.741,3.737,3.742,3.740,3.739,3.745,3.742,-60.311,-1353.000
3.364,3.365,3.362,3.366,3.363,3.360,3.362,3.738,3.739,3.740,3.741,3.741,3.743,3.746,-60.488,-1352.000
3.359,3.362,3.362,3.361,3.360,3.365,3.364,3.744,3.744,3.741,3.737,3.741,3.736,3.738,-60.438,-1351.000
3.363,3.359,3.357,3.357,3.362,3.359,3.359,3.736,3.738,3.739,3.735,3.741,3.745,3.741,-60.406,-1350.000
3.359,3.358,3.356,3.360,3.363,3.368,3.357,3.740,3.742,3.738,3.744,3.739,3.743,3.739,-60.464,-1349.000
3.359,3.360,3.363,3.362,3.358,3.362,3.358,3.742,3.739,3.740,3.735,3.737,3.743,3.739,-60.366,-1348.000
3.359,3.359,3.358,3.359,3.361,3.361,3.367,3.737,3.740,3.734,3.739,3.738,3.744,3.736,-60.370,-1347.000
3.363,3.370,3.364,3.357,3.361,3.364,3.361,3.745,3.743,3.741,3.736,3.737,3.728,3.733,-60.416,-1346.000
3.360,3.363,3.365,3.363,3.360,3.362,3.359,3.739,3.733,3.736,3.741,3.738,3.743,3.736,-60.408,-1345.000
3.356,3.358,3.356,3.351,3.355,3.367,3.357,3.743,3.738,3.746,3.731,3.739,3.739,3.741,-60.272,-1344.000
3.363,3.365,3.366,3.359,3.363,3.364,3.359,3.739,3.735,3.738,3.743,3.744,3.744,3.746,-60.218,-1343.000
3.354,3.357,3.359,3.358,3.357,3.360,3.360,3.736,3.737,3.742,3.736,3.740,3.736,3.743,-60.218,-1342.000
3.355,3.359,3.358,3.354,3.362,3.363,3.358,3.742,3.739,3.745,3.732,3.741,3.743,3.746,-60.185,-1341.000
3.361,3.359,3.366,3.357,3.362,3.359,3.364,3.737,3.742,3.740,3.742,3.742,3.735,3.737,-60.169,-1340.000
3.361,3.357,3.360,3.361,3.360,3.366,3.359,3.742,3.742,3.740,3.747,3.740,3.743,3.742,-60.169,-1339.000
3.356,3.357,3.355,3.360,3.357,3.365,3.360,3.742,3.740,3.744,3.742,3.742,3.742,3.735,-60.242,-1338.000
3.362,3.359,3.356,3.360,3.357,3.360,3.359,3.735,3.741,3.736,3.744,3.739,3.739,3.735,-60.344,-1337.000
3.358,3.360,3.357,3.363,3.361,3.360,3.362,3.741,3.737,3.742,3.728,3.736,3.733,3.739,-60.219,-1336.000
3.357,3.361,3.363,3.361,3.362,3.361,3.355,3.741,3.737,3.738,3.739,3.744,3.740,3.736,-60.160,-1335.000
3.362,3.362,3.359,3.356,3.363,3.358,3.359,3.739,3.737,3.739,3.738,3.738,3.738,3.738,-60.089,-1334.000
3.357,3.358,3.360,3.364,3.363,3.360,3.362,3.741,3.742,3.741,3.730,3.734,3.737,3.743,-60.103,-1333.000
3.361,3.353,3.358,3.363,3.359,3.358,3.359,3.742,3.745,3.735,3.739,3.737,3.738,3.739,-60.150,-1332.000
3.349,3.358,3.358,3.357,3.364,3.356,3.359,3.741,3.744,3.743,3.744,3.743,3.737,3.736,-60.426,-1331.000
3.357,3.365,3.359,3.363,3.355,3.361,3.359,3.748,3.743,3.740,3.738,3.740,3.737,3.740,-60.376,-1330.000
3.359,3.358,3.363,3.360,3.357,3.358,3.364,3.745,3.735,3.737,3.743,3.740,3.739,3.736,-60.347,-1329.000
3.355,3.358,3.359,3.363,3.353,3.365,3.361,3.738,3.734,3.742,3.737,3.738,3.734,3.742,-60.380,-1328.000
3.358,3.357,3.355,3.358,3.355,3.360,3.359,3.739,3.741,3.741,3.743,3.738,3.737,3.736,-60.307,-1327.000
3.354,3.360,3.357,3.363,3.352,3.355,3.358,3.742,3.740,3.740,3.739,3.740,3.731,3.741,-60.345,-1326.000
3.362,3.359,3.363,3.362,3.353,3.360,3.358,3.743,3.740,3.743,3.735,3.733,3.735,3.733,-60.361,-1325.000
3.357,3.355,3.359,3.357,3.359,3.359,3.359,3.736,3.738,3.737,3.735,3.734,3.741,3.735,-60.590,-1324.000
3.362,3.356,3.360,3.353,3.360,3.357,3.355,3.736,3.743,3.742,3.741,3.742,3.736,3.739,-60.488,-1323.000
3.359,3.355,3.354,3.361,3.357,3.356,3.359,3.738,3.734,3.733,3.739,3.735,3.733,3.734,-60.463,-1322.000
3.361,3.360,3.357,3.357,3.356,3.355,3.360,3.737,3.740,3.739,3.745,3.742,3.742,3.734,-60.442,-1321.000
3.357,3.355,3.357,3.352,3.359,3.359,3.361,3.742,3.735,3.733,3.732,3.740,3.736,3.736,-60.426,-1320.000
3.353,3.359,3.359,3.360,3.360,3.358,3.359,3.740,3.742,3.737,3.742,3.745,3.742,3.742,-60.353,-1319.000
3.362,3.359,3.353,3.354,3.362,3.359,3.361,3.744,3.742,3.740,3.743,3.742,3.740,3.743,-60.281,-1318.000
3.357,3.361,3.362,3.362,3.360,3.360,3.358,3.739,3.745,3.742,3.745,3.744,3.739,3.740,-60.314,-1317.000
3.363,3.365,3.366,3.364,3.366,3.368,3.360,3.742,3.733,3.740,3.738,3.740,3.738,3.733,-60.192,-1316.000
3.361,3.370,3.368,3.362,3.365,3.366,3.368,3.744,3.744,3.748,3.744,3.739,3.739,3.749,-60.094,-1315.000
3.361,3.362,3.359,3.361,3.360,3.366,3.368,3.750,3.740,3.748,3.742,3.741,3.750,3.753,-60.081,-1314.000
3.361,3.367,3.363,3.361,3.364,3.366,3.364,3.745,3.743,3.737,3.743,3.738,3.745,3.750,-60.214,-1313.000
3.366,3.367,3.365,3.360,3.362,3.362,3.364,3.746,3.745,3.746,3.748,3.753,3.746,3.748,-60.327,-1312.000
3.364,3.364,3.366,3.363,3.361,3.367,3.361,3.746,3.748,3.746,3.740,3.746,3.740,3.749,-60.402,-1311.000
3.359,3.361,3.366,3.362,3.364,3.362,3.362,3.742,3.754,3.744,3.744,3.749,3.754,3.749,-60.410,-1310.000
3.363,3.367,3.367,3.362,3.364,3.362,3.357,3.745,3.742,3.745,3.743,3.741,3.748,3.749,-60.439,-1309.000
3.363,3.366,3.360,3.359,3.363,3.362,3.364,3.747,3.745,3.752,3.748,3.745,3.744,3.747,-60.445,-1308.000
3.367,3.367,3.371,3.365,3.365,3.358,3.362,3.741,3.747,3.749,3.752,3.752,3.742,3.752,-60.333,-1307.000
3.358,3.363,3.369,3.364,3.361,3.359,3.367,3.743,3.744,3.754,3.745,3.746,3.746,3.746,-60.307,-1306.000
3.359,3.364,3.363,3.365,3.364,3.363,3.368,3.744,3.751,3.747,3.747,3.749,3.738,3.745,-60.274,-1305.000
3.364,3.362,3.365,3.364,3.364,3.359,3.361,3.750,3.744,3.747,3.748,3.753,3.746,3.744,-60.204,-1304.000
3.366,3.366,3.363,3.362,3.360,3.361,3.360,3.751,3.750,3.744,3.748,3.744,3.744,3.740,-60.329,-1303.000
3.361,3.364,3.364,3.363,3.363,3.361,3.364,3.740,3.751,3.750,3.754,3.751,3.745,3.743,-60.315,-1302.000
3.368,3.365,3.363,3.365,3.368,3.362,3.362,3.750,3.749,3.746,3.743,3.744,3.746,3.748,-60.179,-1301.000
3.361,3.362,3.363,3.359,3.365,3.365,3.364,3.755,3.751,3.747,3.750,3.754,3.744,3.745,-60.355,-1300.000
3.360,3.360,3.364,3.360,3.359,3.363,3.364,3.747,3.751,3.747,3.744,3.745,3.751,3.744,-60.355,-1299.000
3.360,3.365,3.364,3.372,3.365,3.362,3.363,3.741,3.747,3.747,3.746,3.742,3.747,3.743,-60.423,-1298.000
3.363,3.364,3.361,3.366,3.364,3.369,3.372,3.748,3.745,3.748,3.750,3.752,3.749,3.747,-60.361,-1297.000
3.361,3.366,3.368,3.366,3.365,3.355,3.362,3.751,3.750,3.747,3.748,3.749,3.749,3.747,-60.278,-1296.000
3.364,3.364,3.364,3.360,3.364,3.362,3.368,3.741,3.736,3.745,3.743,3.746,3.747,3.747,-60.322,-1295.000
3.357,3.357,3.360,3.365,3.363,3.359,3.359,3.743,3.746,3.744,3.744,3.742,3.743,3.750,-60.385,-1294.000
3.362,3.362,3.364,3.366,3.364,3.361,3.366,3.741,3.739,3.739,3.740,3.742,3.749,3.744,-60.356,-1293.000
3.364,3.365,3.362,3.367,3.356,3.355,3.359,3.751,3.751,3.742,3.751,3.741,3.749,3.746,-60.425,-1292.000
3.363,3.366,3.364,3.360,3.362,3.356,3.364,3.749,3.743,3.745,3.746,3.745,3.744,3.745,-60.431,-1291.000
3.363,3.359,3.359,3.368,3.359,3.363,3.362,3.745,3.745,3.745,3.742,3.746,3.738,3.739,-60.459,-1290.000
3.368,3.365,3.361,3.363,3.365,3.362,3.360,3.749,3.744,3.745,3.748,3.743,3.749,3.743,-60.304,-1289.000
3.363,3.362,3.366,3.368,3.368,3.372,3.357,3.747,3.744,3.746,3.749,3.747,3.747,3.744,-60.296,-1288.000
3.363,3.367,3.362,3.363,3.359,3.369,3.363,3.745,3.739,3.743,3.746,3.750,3.750,3.748,-60.367,-1287.000
3.356,3.362,3.358,3.360,3.358,3.359,3.362,3.741,3.748,3.743,3.751,3.744,3.742,3.743,-60.408,-1286.000
3.356,3.364,3.358,3.357,3.360,3.354,3.360,3.746,3.742,3.745,3.745,3.736,3.739,3.748,-60.529,-1285.000
3.361,3.361,3.359,3.357,3.358,3.357,3.359,3.741,3.746,3.753,3.744,3.740,3.741,3.745,-60.423,-1284.000
3.357,3.361,3.362,3.365,3.356,3.359,3.358,3.745,3.743,3.747,3.747,3.739,3.743,3.743,-60.308,-1283.000
3.365,3.371,3.360,3.361,3.361,3.364,3.359,3.739,3.744,3.741,3.744,3.744,3.747,3.748,-60.435,-1282.000
3.362,3.364,3.358,3.367,3.359,3.359,3.359,3.744,3.748,3.744,3.746,3.749,3.747,3.751,-60.295,-1281.000
3.359,3.360,3.365,3.367,3.362,3.362,3.361,3.748,3.741,3.739,3.743,3.743,3.748,3.746,-60.230,-1280.000
3.363,3.362,3.366,3.361,3.357,3.363,3.360,3.748,3.744,3.742,3.742,3.745,3.742,3.735,-60.366,-1279.000
3.363,3.353,3.367,3.361,3.365,3.358,3.358,3.744,3.744,3.750,3.742,3.746,3.745,3.742,-60.410,-1278.000
3.358,3.362,3.366,3.361,3.363,3.361,3.359,3.736,3.741,3.737,3.743,3.744,3.745,3.745,-60.368,-1277.000
3.365,3.360,3.363,3.365,3.367,3.369,3.361,3.747,3.741,3.740,3.744,3.744,3.743,3.742,-60.341,-1276.000
3.361,3.366,3.363,3.360,3.361,3.362,3.362,3.745,3.741,3.751,3.737,3.738,3.748,3.755,-60.353,-1275.000
3.360,3.361,3.364,3.366,3.367,3.362,3.357,3.747,3.748,3.743,3.743,3.749,3.745,3.743,-60.516,-1274.000
3.370,3.367,3.368,3.361,3.365,3.365,3.363,3.745,3.743,3.749,3.751,3.743,3.749,3.749,-60.438,-1273.000
3.364,3.361,3.362,3.368,3.365,3.370,3.364,3.751,3.746,3.746,3.748,3.746,3.747,3.746,-60.336,-1272.000
3.358,3.361,3.362,3.363,3.360,3.363,3.365,3.746,3.743,3.745,3.746,3.746,3.747,3.746,-60.457,-1271.000
3.364,3.364,3.357,3.361,3.364,3.362,3.361,3.741,3.752,3.752,3.750,3.748,3.743,3.747,-60.372,-1270.000
3.360,3.361,3.367,3.365,3.360,3.358,3.361,3.745,3.749,3.746,3.746,3.750,3.747,3.748,-60.308,-1269.000
3.363,3.361,3.365,3.358,3.361,3.359,3.359,3.742,3.750,3.752,3.746,3.749,3.746,3.743,-60.267,-1268.000
3.356,3.365,3.359,3.361,3.357,3.357,3.358,3.750,3.742,3.748,3.741,3.740,3.744,3.746,-60.367,-1267.000
3.360,3.359,3.366,3.363,3.361,3.356,3.361,3.740,3.746,3.745,3.746,3.743,3.745,3.753,-60.352,-1266.000
3.363,3.355,3.358,3.361,3.366,3.362,3.368,3.745,3.748,3.746,3.748,3.750,3.750,3.746,-60.289,-1265.000
3.364,3.362,3.360,3.364,3.364,3.361,3.362,3.748,3.750,3.747,3.744,3.744,3.744,3.744,-60.330,-1264.000
3.356,3.354,3.354,3.360,3.360,3.358,3.359,3.746,3.741,3.746,3.747,3.746,3.755,3.757,-60.444,-1263.000
3.361,3.361,3.363,3.360,3.360,3.363,3.364,3.748,3.746,3.747,3.749,3.741,3.749,3.747,-60.356,-1262.000
3.361,3.360,3.354,3.359,3.363,3.360,3.362,3.750,3.750,3.748,3.749,3.739,3.754,3.746,-60.484,-1261.000
3.364,3.365,3.358,3.367,3.358,3.362,3.354,3.742,3.744,3.739,3.752,3.745,3.743,3.747,-60.499,-1260.000
3.375,3.367,3.360,3.361,3.360,3.360,3.364,3.750,3.750,3.749,3.745,3.746,3.751,3.746,-60.444,-1259.000
3.364,3.363,3.365,3.361,3.359,3.369,3.366,3.742,3.747,3.745,3.741,3.745,3.750,3.748,-60.400,-1258.000
3.361,3.365,3.359,3.363,3.358,3.357,3.364,3.745,3.744,3.745,3.743,3.746,3.741,3.744,-60.412,-1257.000
3.362,3.365,3.361,3.357,3.366,3.363,3.361,3.746,3.742,3.743,3.742,3.736,3.740,3.745,-60.368,-1256.000
3.356,3.364,3.354,3.365,3.364,3.366,3.362,3.738,3.745,3.748,3.745,3.744,3.744,3.749,-60.215,-1255.000
3.360,3.356,3.359,3.359,3.359,3.359,3.359,3.743,3.748,3.744,3.745,3.741,3.744,3.741,-60.252,-1254.000
3.356,3.359,3.360,3.363,3.362,3.359,3.364,3.739,3.747,3.743,3.744,3.742,3.741,3.741,-60.254,-1253.000
3.363,3.362,3.359,3.359,3.358,3.360,3.362,3.740,3.736,3.739,3.742,3.742,3.743,3.744,-60.328,-1252.000
3.357,3.353,3.359,3.357,3.357,3.357,3.358,3.743,3.746,3.741,3.746,3.742,3.743,3.743,-60.311,-1251.000
3.363,3.360,3.359,3.359,3.359,3.356,3.358,3.748,3.748,3.735,3.742,3.740,3.744,3.748,-60.313,-1250.000
3.360,3.356,3.357,3.352,3.358,3.356,3.353,3.738,3.739,3.739,3.740,3.742,3.741,3.739,-60.229,-1249.000
3.354,3.360,3.359,3.357,3.363,3.359,3.357,3.746,3.745,3.743,3.742,3.745,3.746,3.746,-60.453,-1248.000
3.357,3.357,3.356,3.362,3.358,3.362,3.358,3.741,3.740,3.748,3.752,3.742,3.742,3.748,-60.315,-1247.000
3.359,3.359,3.359,3.358,3.357,3.356,3.356,3.741,3.740,3.737,3.744,3.739,3.745,3.741,-60.383,-1246.000
3.353,3.348,3.352,3.355,3.359,3.362,3.359,3.740,3.741,3.741,3.742,3.744,3.742,3.739,-60.376,-1245.000
3.359,3.360,3.356,3.357,3.359,3.355,3.353,3.740,3.741,3.744,3.743,3.742,3.746,3.739,-60.330,-1244.000
3.359,3.354,3.351,3.352,3.363,3.355,3.359,3.734,3.742,3.743,3.738,3.740,3.744,3.744,-60.387,-1243.000
3.356,3.361,3.359,3.355,3.357,3.358,3.357,3.740,3.739,3.739,3.742,3.740,3.742,3.749,-60.248,-1242.000
3.352,3.356,3.361,3.365,3.357,3.355,3.359,3.735,3.737,3.737,3.736,3.743,3.743,3.744,-60.248,-1241.000
3.359,3.362,3.360,3.362,3.358,3.363,3.358,3.741,3.738,3.747,3.744,3.744,3.747,3.752,-60.160,-1240.000
3.356,3.355,3.357,3.362,3.359,3.361,3.358,3.742,3.739,3.749,3.743,3.748,3.743,3.746,-60.294,-1239.000
3.360,3.357,3.358,3.360,3.356,3.357,3.364,3.743,3.746,3.741,3.746,3.739,3.741,3.742,-60.496,-1238.000
3.362,3.356,3.358,3.362,3.362,3.356,3.362,3.745,3.743,3.750,3.742,3.744,3.745,3.743,-60.570,-1237.000
3.358,3.361,3.356,3.358,3.362,3.359,3.362,3.745,3.746,3.743,3.745,3.745,3.746,3.743,-60.421,-1236.000
3.358,3.360,3.365,3.359,3.364,3.358,3.359,3.750,3.745,3.743,3.744,3.742,3.740,3.746,-60.350,-1235.000
3.356,3.355,3.368,3.364,3.361,3.364,3.361,3.745,3.751,3.748,3.747,3.745,3.740,3.752,-60.344,-1234.000
3.362,3.358,3.364,3.356,3.360,3.357,3.360,3.744,3.741,3.745,3.747,3.743,3.748,3.752,-60.322,-1233.000
3.361,3.367,3.354,3.362,3.364,3.361,3.363,3.747,3.745,3.745,3.744,3.741,3.735,3.745,-60.335,-1232.000
3.356,3.359,3.360,3.360,3.355,3.363,3.358,3.745,3.746,3.742,3.745,3.742,3.746,3.744,-60.313,-1231.000
3.358,3.358,3.355,3.363,3.362,3.355,3.359,3.744,3.743,3.749,3.741,3.743,3.744,3.744,-60.246,-1230.000
3.360,3.355,3.358,3.354,3.357,3.351,3.361,3.746,3.745,3.744,3.748,3.740,3.743,3.744,-60.307,-1229.000
3.360,3.355,3.357,3.356,3.358,3.358,3.358,3.749,3.745,3.746,3.738,3.751,3.741,3.741,-60.322,-1228.000
3.352,3.357,3.356,3.357,3.357,3.358,3.356,3.735,3.739,3.742,3.744,3.738,3.743,3.746,-60.266,-1227.000
3.356,3.360,3.356,3.356,3.355,3.354,3.361,3.740,3.745,3.749,3.743,3.743,3.744,3.743,-60.227,-1226.000
3.359,3.351,3.353,3.348,3.362,3.356,3.361,3.734,3.737,3.737,3.741,3.747,3.741,3.744,-60.157,-1225.000
3.361,3.352,3.355,3.358,3.358,3.353,3.362,3.729,3.747,3.743,3.742,3.742,3.745,3.742,-60.230,-1224.000
3.352,3.357,3.356,3.351,3.354,3.360,3.359,3.735,3.734,3.737,3.741,3.745,3.742,3.737,-60.318,-1223.000
3.356,3.352,3.355,3.350,3.353,3.354,3.353,3.740,3.742,3.740,3.740,3.736,3.737,3.737,-60.292,-1222.000
3.351,3.354,3.357,3.350,3.353,3.359,3.353,3.742,3.741,3.743,3.745,3.738,3.743,3.746,-60.371,-1221.000
3.353,3.351,3.360,3.351,3.350,3.353,3.347,3.742,3.741,3.737,3.740,3.736,3.749,3.734,-60.371,-1220.000
3.353,3.358,3.351,3.354,3.357,3.350,3.352,3.740,3.733,3.735,3.734,3.737,3.737,3.739,-60.333,-1219.000
3.351,3.347,3.358,3.354,3.353,3.355,3.353,3.745,3.741,3.744,3.743,3.744,3.745,3.742,-60.307,-1218.000
3.351,3.353,3.349,3.354,3.355,3.353,3.357,3.734,3.750,3.743,3.738,3.743,3.741,3.736,-60.321,-1217.000
3.351,3.356,3.357,3.356,3.344,3.354,3.354,3.740,3.738,3.734,3.737,3.740,3.743,3.737,-60.470,-1216.000
3.347,3.356,3.354,3.354,3.356,3.348,3.356,3.742,3.738,3.740,3.742,3.737,3.740,3.738,-60.333,-1215.000
3.355,3.354,3.357,3.351,3.352,3.349,3.351,3.739,3.741,3.737,3.732,3.741,3.740,3.738,-60.179,-1214.000
3.349,3.358,3.356,3.354,3.354,3.358,3.353,3.734,3.739,3.743,3.738,3.736,3.751,3.741,-60.245,-1213.000
3.355,3.346,3.357,3.356,3.354,3.353,3.354,3.741,3.741,3.738,3.737,3.738,3.742,3.739,-60.276,-1212.000
3.359,3.356,3.356,3.353,3.355,3.357,3.346,3.743,3.741,3.741,3.739,3.740,3.738,3.744,-60.402,-1211.000
3.357,3.352,3.360,3.357,3.351,3.354,3.356,3.745,3.741,3.748,3.746,3.748,3.737,3.735,-60.291,-1210.000
3.354,3.359,3.359,3.352,3.353,3.356,3.356,3.745,3.741,3.743,3.740,3.741,3.743,3.743,-60.334,-1209.000
3.361,3.362,3.353,3.352,3.356,3.359,3.357,3.746,3.746,3.742,3.744,3.745,3.739,3.741,-60.225,-1208.000
3.355,3.363,3.361,3.361,3.358,3.361,3.354,3.749,3.746,3.739,3.744,3.744,3.744,3.739,-60.261,-1207.000
3.360,3.357,3.358,3.355,3.355,3.358,3.354,3.744,3.744,3.744,3.737,3.743,3.738,3.741,-60.262,-1206.000
3.362,3.356,3.359,3.358,3.358,3.356,3.359,3.747,3.745,3.743,3.737,3.748,3.742,3.748,-60.204,-1205.000
3.362,3.360,3.356,3.354,3.360,3.359,3.361,3.752,3.747,3.751,3.739,3.750,3.743,3.744,-60.296,-1204.000
3.357,3.360,3.363,3.359,3.361,3.360,3.355,3.750,3.743,3.741,3.744,3.747,3.748,3.738,-60.387,-1203.000
3.358,3.352,3.357,3.355,3.361,3.358,3.367,3.742,3.736,3.740,3.744,3.743,3.748,3.744,-60.347,-1202.000
3.359,3.354,3.358,3.356,3.362,3.361,3.359,3.750,3.743,3.743,3.749,3.747,3.746,3.747,-60.184,-1201.000
3.355,3.356,3.353,3.354,3.359,3.357,3.357,3.744,3.748,3.748,3.749,3.742,3.744,3.750,-60.139,-1200.000
3.361,3.356,3.358,3.360,3.360,3.356,3.364,3.744,3.742,3.744,3.746,3.746,3.740,3.741,-60.076,-1199.000
3.357,3.357,3.358,3.356,3.357,3.359,3.360,3.748,3.751,3.753,3.750,3.746,3.746,3.746,-60.246,-1198.000
3.359,3.359,3.355,3.357,3.357,3.355,3.360,3.742,3.739,3.744,3.747,3.739,3.747,3.742,-60.299,-1197.000
3.358,3.354,3.355,3.357,3.359,3.361,3.365,3.746,3.743,3.746,3.739,3.742,3.738,3.743,-60.313,-1196.000
3.361,3.359,3.359,3.362,3.357,3.357,3.347,3.744,3.745,3.739,3.740,3.747,3.741,3.747,-60.451,-1195.000
3.358,3.359,3.358,3.355,3.352,3.356,3.355,3.744,3.744,3.740,3.739,3.737,3.744,3.743,-60.369,-1194.000
3.355,3.359,3.351,3.355,3.353,3.359,3.358,3.745,3.739,3.739,3.739,3.744,3.740,3.738,-60.306,-1193.000
3.355,3.353,3.363,3.358,3.357,3.359,3.354,3.741,3.745,3.744,3.743,3.745,3.744,3.740,-60.409,-1192.000
3.364,3.356,3.359,3.359,3.357,3.361,3.357,3.739,3.743,3.741,3.739,3.743,3.743,3.741,-60.440,-1191.000
3.359,3.357,3.361,3.359,3.357,3.356,3.360,3.743,3.739,3.743,3.741,3.746,3.739,3.742,-60.455,-1190.000
3.360,3.358,3.364,3.360,3.361,3.358,3.358,3.741,3.741,3.742,3.745,3.743,3.739,3.744,-60.443,-1189.000
3.358,3.353,3.359,3.359,3.352,3.359,3.357,3.749,3.742,3.745,3.742,3.746,3.743,3.743,-60.627,-1188.000
3.355,3.359,3.353,3.364,3.354,3.360,3.353,3.740,3.740,3.737,3.739,3.732,3.737,3.744,-60.622,-1187.000
3.356,3.357,3.352,3.358,3.357,3.359,3.360,3.739,3.739,3.748,3.741,3.742,3.741,3.738,-60.533,-1186.000
3.355,3.355,3.355,3.356,3.355,3.356,3.356,3.745,3.742,3.740,3.737,3.733,3.745,3.746,-60.458,-1185.000
3.359,3.356,3.363,3.354,3.360,3.354,3.359,3.741,3.740,3.743,3.745,3.738,3.752,3.744,-60.267,-1184.000
3.358,3.357,3.360,3.353,3.356,3.354,3.364,3.739,3.738,3.743,3.738,3.739,3.743,3.742,-60.252,-1183.000
3.353,3.349,3.352,3.354,3.355,3.354,3.352,3.740,3.742,3.738,3.742,3.744,3.743,3.745,-60.102,-1182.000
3.357,3.356,3.355,3.352,3.348,3.354,3.359,3.746,3.738,3.743,3.736,3.738,3.741,3.741,-60.329,-1181.000
3.354,3.361,3.361,3.359,3.359,3.357,3.355,3.742,3.737,3.744,3.739,3.742,3.743,3.752,-60.260,-1180.000
3.357,3.357,3.359,3.349,3.350,3.356,3.355,3.742,3.742,3.740,3.731,3.735,3.738,3.737,-60.450,-1179.000
3.359,3.348,3.354,3.352,3.357,3.356,3.355,3.736,3.741,3.742,3.738,3.739,3.740,3.743,-60.417,-1178.000
3.357,3.359,3.353,3.358,3.356,3.363,3.359,3.736,3.743,3.741,3.746,3.742,3.741,3.739,-60.434,-1177.000
3.355,3.358,3.358,3.353,3.348,3.353,3.356,3.740,3.747,3.745,3.742,3.740,3.741,3.738,-60.716,-1176.000
3.353,3.356,3.353,3.355,3.358,3.356,3.356,3.740,3.735,3.737,3.740,3.731,3.736,3.736,-60.716,-1175.000
3.358,3.353,3.351,3.354,3.354,3.359,3.356,3.743,3.743,3.744,3.741,3.735,3.741,3.736,-60.611,-1174.000
3.355,3.355,3.350,3.351,3.354,3.358,3.356,3.738,3.737,3.741,3.742,3.743,3.742,3.732,-60.545,-1173.000
3.354,3.355,3.355,3.356,3.361,3.354,3.353,3.742,3.737,3.742,3.737,3.741,3.739,3.743,-60.492,-1172.000
3.359,3.354,3.361,3.355,3.359,3.359,3.358,3.735,3.744,3.745,3.738,3.743,3.739,3.741,-60.519,-1171.000
3.359,3.352,3.360,3.366,3.358,3.361,3.362,3.742,3.741,3.741,3.742,3.738,3.743,3.742,-60.485,-1170.000
3.357,3.358,3.360,3.362,3.358,3.356,3.359,3.740,3.743,3.744,3.743,3.740,3.747,3.739,-60.577,-1169.000
3.359,3.356,3.360,3.355,3.356,3.357,3.359,3.743,3.744,3.747,3.745,3.747,3.739,3.742,-60.603,-1168.000
3.359,3.355,3.359,3.359,3.357,3.355,3.359,3.743,3.736,3.743,3.746,3.744,3.742,3.744,-60.513,-1167.000
3.357,3.353,3.359,3.359,3.356,3.353,3.348,3.738,3.745,3.741,3.743,3.739,3.742,3.744,-60.498,-1166.000
3.359,3.359,3.362,3.358,3.356,3.361,3.356,3.743,3.740,3.738,3.744,3.740,3.741,3.733,-60.428,-1165.000
3.358,3.355,3.363,3.359,3.359,3.359,3.357,3.741,3.742,3.749,3.752,3.748,3.748,3.749,-60.476,-1164.000
3.359,3.363,3.354,3.361,3.356,3.361,3.357,3.741,3.743,3.742,3.747,3.741,3.742,3.745,-60.569,-1163.000
3.358,3.357,3.357,3.367,3.355,3.360,3.364,3.742,3.740,3.745,3.739,3.739,3.744,3.746,-60.569,-1162.000
3.356,3.358,3.357,3.361,3.358,3.350,3.360,3.747,3.744,3.743,3.747,3.745,3.746,3.740,-60.570,-1161.000
3.361,3.360,3.350,3.357,3.358,3.362,3.354,3.748,3.733,3.738,3.744,3.747,3.743,3.737,-60.587,-1160.000
3.360,3.357,3.351,3.356,3.362,3.359,3.363,3.754,3.741,3.748,3.743,3.744,3.742,3.738,-60.583,-1159.000
3.365,3.362,3.361,3.358,3.362,3.359,3.362,3.743,3.742,3.742,3.745,3.740,3.745,3.741,-60.474,-1158.000
3.353,3.360,3.363,3.362,3.356,3.355,3.359,3.745,3.736,3.740,3.739,3.739,3.739,3.738,-60.503,-1157.000
3.360,3.354,3.357,3.353,3.358,3.360,3.366,3.747,3.736,3.744,3.742,3.740,3.739,3.747,-60.355,-1156.000
3.353,3.361,3.352,3.359,3.351,3.356,3.350,3.734,3.737,3.740,3.739,3.743,3.740,3.740,-60.237,-1155.000
3.354,3.357,3.354,3.354,3.357,3.355,3.357,3.742,3.737,3.735,3.741,3.735,3.736,3.741,-60.259,-1154.000
3.358,3.355,3.352,3.360,3.357,3.355,3.357,3.746,3.739,3.737,3.734,3.738,3.737,3.740,-60.191,-1153.000
3.350,3.357,3.351,3.352,3.348,3.355,3.352,3.736,3.741,3.739,3.738,3.739,3.736,3.740,-60.343,-1152.000
3.350,3.350,3.351,3.352,3.357,3.354,3.344,3.740,3.742,3.744,3.739,3.738,3.736,3.738,-60.566,-1151.000
3.353,3.347,3.358,3.350,3.360,3.355,3.360,3.738,3.739,3.737,3.739,3.738,3.739,3.736,-60.652,-1150.000
3.353,3.352,3.352,3.358,3.351,3.357,3.350,3.734,3.738,3.731,3.740,3.744,3.739,3.733,-60.676,-1149.000
3.347,3.353,3.352,3.356,3.349,3.356,3.356,3.732,3.738,3.738,3.741,3.738,3.735,3.736,-60.649,-1148.000
3.356,3.350,3.351,3.353,3.356,3.353,3.351,3.731,3.743,3.742,3.743,3.740,3.742,3.737,-60.661,-1147.000
3.351,3.354,3.352,3.351,3.349,3.356,3.348,3.734,3.733,3.733,3.731,3.735,3.738,3.733,-60.577,-1146.000
3.350,3.356,3.350,3.352,3.349,3.356,3.354,3.734,3.739,3.736,3.739,3.732,3.736,3.741,-60.522,-1145.000
3.353,3.352,3.358,3.350,3.347,3.350,3.351,3.735,3.733,3.740,3.730,3.735,3.733,3.737,-60.428,-1144.000
3.352,3.350,3.350,3.353,3.348,3.356,3.350,3.735,3.734,3.733,3.734,3.735,3.735,3.736,-60.404,-1143.000
3.345,3.350,3.357,3.355,3.360,3.354,3.353,3.740,3.738,3.739,3.735,3.740,3.738,3.738,-60.591,-1142.000
3.352,3.351,3.351,3.352,3.353,3.355,3.352,3.727,3.734,3.734,3.734,3.733,3.742,3.737,-60.592,-1141.000
3.351,3.349,3.353,3.354,3.355,3.354,3.349,3.737,3.734,3.735,3.736,3.741,3.742,3.737,-60.723,-1140.000
3.358,3.358,3.354,3.356,3.351,3.355,3.352,3.736,3.734,3.735,3.737,3.739,3.742,3.733,-60.482,-1139.000
3.352,3.353,3.351,3.355,3.353,3.351,3.351,3.733,3.735,3.730,3.737,3.734,3.736,3.737,-60.471,-1138.000
3.356,3.353,3.352,3.357,3.353,3.350,3.355,3.744,3.736,3.738,3.737,3.736,3.732,3.736,-60.384,-1137.000
3.351,3.352,3.351,3.357,3.357,3.356,3.355,3.737,3.732,3.736,3.739,3.736,3.738,3.733,-60.384,-1136.000
3.349,3.351,3.345,3.349,3.354,3.353,3.352,3.736,3.734,3.733,3.734,3.738,3.739,3.735,-60.402,-1135.000
3.352,3.341,3.344,3.349,3.346,3.352,3.349,3.730,3.735,3.735,3.733,3.735,3.730,3.736,-60.399,-1134.000
3.343,3.344,3.348,3.352,3.346,3.347,3.346,3.732,3.735,3.739,3.738,3.730,3.732,3.733,-60.447,-1133.000
3.353,3.350,3.343,3.353,3.349,3.348,3.347,3.732,3.731,3.726,3.728,3.736,3.732,3.729,-60.434,-1132.000
3.350,3.352,3.352,3.349,3.343,3.345,3.348,3.736,3.734,3.733,3.740,3.735,3.731,3.735,-60.554,-1131.000
3.350,3.350,3.349,3.344,3.346,3.346,3.348,3.735,3.729,3.731,3.731,3.730,3.728,3.734,-60.680,-1130.000
3.348,3.339,3.347,3.347,3.349,3.347,3.348,3.736,3.733,3.737,3.731,3.730,3.728,3.728,-60.599,-1129.000
3.347,3.351,3.349,3.347,3.343,3.342,3.345,3.738,3.733,3.738,3.737,3.736,3.729,3.740,-60.687,-1128.000
3.347,3.350,3.349,3.344,3.349,3.347,3.347,3.730,3.730,3.733,3.730,3.737,3.736,3.733,-60.558,-1127.000
3.342,3.347,3.352,3.345,3.350,3.347,3.349,3.734,3.736,3.729,3.734,3.733,3.732,3.726,-60.558,-1126.000
3.349,3.352,3.350,3.347,3.349,3.343,3.352,3.734,3.739,3.741,3.734,3.735,3.729,3.728,-60.796,-1125.000
3.347,3.351,3.343,3.346,3.351,3.348,3.347,3.731,3.729,3.731,3.729,3.732,3.731,3.733,-60.751,-1124.000
3.348,3.344,3.351,3.349,3.353,3.351,3.350,3.729,3.731,3.735,3.731,3.727,3.728,3.731,-60.751,-1123.000
3.346,3.346,3.350,3.355,3.347,3.348,3.350,3.730,3.731,3.742,3.736,3.737,3.733,3.736,-60.582,-1122.000
3.354,3.352,3.352,3.351,3.348,3.350,3.353,3.733,3.735,3.734,3.733,3.729,3.730,3.730,-60.572,-1121.000
3.353,3.351,3.349,3.352,3.353,3.346,3.350,3.732,3.730,3.734,3.731,3.736,3.734,3.739,-60.610,-1120.000
3.351,3.351,3.351,3.348,3.351,3.347,3.345,3.736,3.731,3.738,3.735,3.729,3.731,3.734,-60.546,-1119.000
3.350,3.350,3.351,3.353,3.355,3.349,3.352,3.734,3.724,3.736,3.735,3.729,3.735,3.738,-60.494,-1118.000
3.350,3.359,3.348,3.348,3.346,3.347,3.352,3.731,3.732,3.732,3.727,3.740,3.739,3.732,-60.362,-1117.000
3.349,3.353,3.349,3.350,3.347,3.353,3.350,3.738,3.743,3.735,3.741,3.738,3.738,3.730,-60.368,-1116.000
3.354,3.354,3.353,3.348,3.351,3.356,3.351,3.734,3.735,3.738,3.738,3.738,3.737,3.733,-60.285,-1115.000
3.359,3.353,3.352,3.355,3.351,3.353,3.350,3.733,3.734,3.737,3.737,3.740,3.736,3.734,-60.352,-1114.000
3.355,3.345,3.353,3.351,3.353,3.356,3.357,3.736,3.737,3.735,3.739,3.738,3.735,3.733,-60.451,-1113.000
3.355,3.356,3.344,3.356,3.359,3.353,3.357,3.741,3.739,3.736,3.735,3.739,3.735,3.737,-60.633,-1112.000
3.359,3.352,3.359,3.351,3.355,3.356,3.356,3.739,3.739,3.741,3.740,3.737,3.733,3.731,-60.582,-1111.000
3.355,3.355,3.348,3.353,3.355,3.361,3.359,3.739,3.737,3.735,3.741,3.737,3.734,3.746,-60.286,-1110.000
3.356,3.355,3.355,3.357,3.353,3.356,3.358,3.742,3.741,3.736,3.736,3.736,3.736,3.736,-60.298,-1109.000
3.353,3.356,3.360,3.352,3.349,3.355,3.349,3.739,3.735,3.743,3.738,3.743,3.740,3.740,-60.315,-1108.000
3.359,3.353,3.357,3.346,3.358,3.358,3.353,3.740,3.739,3.743,3.743,3.740,3.742,3.738,-60.315,-1107.000
3.351,3.353,3.359,3.352,3.356,3.356,3.356,3.743,3.740,3.736,3.737,3.738,3.735,3.736,-60.442,-1106.000
3.354,3.359,3.350,3.357,3.350,3.355,3.354,3.735,3.741,3.738,3.733,3.744,3.742,3.743,-60.310,-1105.000
3.353,3.352,3.354,3.355,3.354,3.357,3.351,3.737,3.741,3.739,3.736,3.735,3.738,3.742,-60.310,-1104.000
3.351,3.350,3.352,3.355,3.351,3.356,3.356,3.740,3.740,3.738,3.739,3.744,3.739,3.739,-60.364,-1103.000
3.351,3.356,3.348,3.354,3.357,3.357,3.359,3.736,3.734,3.740,3.743,3.741,3.743,3.738,-60.363,-1102.000
3.356,3.353,3.352,3.347,3.348,3.353,3.348,3.739,3.737,3.731,3.740,3.736,3.742,3.737,-60.363,-1101.000
3.358,3.353,3.355,3.347,3.358,3.357,3.353,3.736,3.740,3.743,3.738,3.731,3.730,3.737,-60.373,-1100.000
3.352,3.354,3.355,3.347,3.356,3.356,3.354,3.733,3.736,3.724,3.732,3.734,3.739,3.736,-60.575,-1099.000
3.354,3.354,3.359,3.358,3.350,3.352,3.351,3.740,3.740,3.736,3.732,3.734,3.739,3.732,-60.511,-1098.000
3.354,3.353,3.353,3.348,3.354,3.345,3.353,3.736,3.735,3.734,3.742,3.741,3.732,3.737,-60.463,-1097.000
3.348,3.355,3.347,3.355,3.360,3.351,3.354,3.731,3.738,3.737,3.734,3.735,3.739,3.736,-60.404,-1096.000
3.351,3.348,3.354,3.358,3.354,3.349,3.353,3.735,3.730,3.739,3.728,3.736,3.732,3.731,-60.432,-1095.000
3.353,3.351,3.354,3.351,3.351,3.354,3.350,3.739,3.736,3.735,3.738,3.737,3.740,3.734,-60.486,-1094.000
3.350,3.352,3.350,3.348,3.350,3.354,3.353,3.731,3.728,3.731,3.737,3.733,3.729,3.733,-60.441,-1093.000
3.355,3.353,3.352,3.352,3.352,3.352,3.351,3.736,3.733,3.729,3.737,3.736,3.739,3.741,-60.482,-1092.000
3.351,3.356,3.349,3.349,3.347,3.353,3.351,3.737,3.737,3.738,3.735,3.737,3.737,3.730,-60.421,-1091.000
3.359,3.350,3.352,3.349,3.355,3.346,3.353,3.737,3.747,3.739,3.732,3.729,3.737,3.731,-60.416,-1090.000
3.352,3.356,3.349,3.351,3.355,3.354,3.348,3.738,3.740,3.746,3.737,3.730,3.730,3.735,-60.416,-1089.000
3.351,3.359,3.347,3.354,3.351,3.352,3.351,3.732,3.734,3.734,3.739,3.739,3.727,3.733,-60.385,-1088.000
3.353,3.351,3.355,3.353,3.355,3.353,3.347,3.737,3.735,3.738,3.736,3.733,3.739,3.737,-60.361,-1087.000
3.349,3.351,3.345,3.347,3.350,3.352,3.351,3.731,3.735,3.735,3.741,3.734,3.741,3.732,-60.424,-1086.000
3.354,3.353,3.352,3.357,3.351,3.354,3.347,3.730,3.735,3.734,3.736,3.734,3.736,3.730,-60.298,-1085.000
3.353,3.360,3.349,3.351,3.353,3.354,3.349,3.738,3.732,3.734,3.738,3.736,3.730,3.740,-60.367,-1084.000
3.351,3.350,3.351,3.349,3.356,3.348,3.350,3.734,3.737,3.738,3.738,3.742,3.739,3.742,-60.319,-1083.000
3.350,3.352,3.348,3.353,3.351,3.351,3.349,3.730,3.739,3.732,3.739,3.730,3.736,3.738,-60.256,-1082.000
3.352,3.351,3.349,3.351,3.354,3.340,3.349,3.733,3.727,3.735,3.734,3.736,3.733,3.736,-60.256,-1081.000
3.350,3.348,3.357,3.353,3.352,3.349,3.356,3.738,3.738,3.735,3.735,3.736,3.740,3.731,-60.313,-1080.000
3.355,3.358,3.360,3.357,3.354,3.351,3.352,3.740,3.737,3.739,3.734,3.738,3.738,3.739,-60.191,-1079.000
3.352,3.352,3.356,3.354,3.359,3.351,3.352,3.733,3.737,3.732,3.737,3.735,3.736,3.736,-60.286,-1078.000
3.355,3.352,3.355,3.349,3.345,3.348,3.355,3.735,3.734,3.737,3.737,3.736,3.735,3.734,-60.308,-1077.000
3.350,3.352,3.352,3.357,3.351,3.354,3.348,3.736,3.737,3.736,3.738,3.735,3.736,3.734,-60.444,-1076.000
3.358,3.357,3.359,3.352,3.355,3.353,3.358,3.734,3.735,3.735,3.737,3.730,3.737,3.734,-60.549,-1075.000
3.352,3.356,3.356,3.353,3.351,3.359,3.350,3.737,3.735,3.736,3.737,3.741,3.737,3.738,-60.578,-1074.000
3.356,3.349,3.356,3.355,3.359,3.350,3.358,3.738,3.738,3.741,3.742,3.737,3.740,3.744,-60.381,-1073.000
3.350,3.351,3.353,3.354,3.357,3.354,3.351,3.734,3.737,3.736,3.739,3.742,3.740,3.741,-60.480,-1072.000
3.357,3.344,3.353,3.352,3.355,3.353,3.352,3.738,3.736,3.744,3.739,3.734,3.738,3.741,-60.494,-1071.000
3.349,3.358,3.350,3.350,3.346,3.358,3.353,3.737,3.740,3.739,3.738,3.736,3.739,3.739,-60.440,-1070.000
3.357,3.354,3.356,3.353,3.350,3.355,3.357,3.737,3.739,3.734,3.736,3.737,3.737,3.737,-60.686,-1069.000
3.349,3.352,3.352,3.351,3.352,3.355,3.349,3.740,3.740,3.741,3.740,3.736,3.743,3.741,-60.759,-1068.000
3.348,3.352,3.353,3.348,3.350,3.350,3.351,3.737,3.740,3.739,3.738,3.738,3.735,3.735,-60.715,-1067.000
3.347,3.350,3.349,3.350,3.346,3.353,3.351,3.734,3.730,3.732,3.735,3.737,3.737,3.739,-60.674,-1066.000
3.345,3.354,3.352,3.352,3.352,3.351,3.355,3.738,3.737,3.737,3.739,3.734,3.738,3.738,-60.517,-1065.000
3.352,3.352,3.355,3.355,3.347,3.346,3.347,3.741,3.735,3.737,3.736,3.734,3.743,3.735,-60.507,-1064.000
3.347,3.356,3.348,3.347,3.350,3.349,3.352,3.744,3.737,3.741,3.740,3.741,3.731,3.737,-60.631,-1063.000
3.351,3.350,3.348,3.351,3.349,3.352,3.346,3.734,3.730,3.728,3.728,3.733,3.738,3.730,-60.616,-1062.000
3.347,3.350,3.351,3.352,3.346,3.349,3.351,3.740,3.739,3.739,3.734,3.731,3.741,3.739,-60.651,-1061.000
3.352,3.350,3.351,3.346,3.349,3.350,3.351,3.738,3.736,3.738,3.736,3.739,3.732,3.739,-60.472,-1060.000
3.343,3.351,3.343,3.346,3.343,3.354,3.349,3.737,3.737,3.733,3.730,3.736,3.737,3.734,-60.442,-1059.000
3.347,3.346,3.343,3.350,3.350,3.343,3.348,3.734,3.733,3.731,3.730,3.735,3.736,3.733,-60.477,-1058.000
3.344,3.347,3.355,3.344,3.345,3.350,3.344,3.733,3.730,3.734,3.736,3.731,3.735,3.730,-60.397,-1057.000
3.350,3.349,3.347,3.347,3.348,3.341,3.346,3.732,3.728,3.734,3.736,3.726,3.734,3.730,-60.491,-1056.000
3.349,3.341,3.345,3.348,3.351,3.351,3.346,3.731,3.730,3.737,3.727,3.729,3.736,3.734,-60.578,-1055.000
3.348,3.346,3.351,3.348,3.342,3.346,3.342,3.732,3.727,3.731,3.730,3.732,3.730,3.728,-60.628,-1054.000
3.343,3.339,3.348,3.344,3.341,3.344,3.351,3.726,3.735,3.730,3.732,3.729,3.731,3.725,-60.529,-1053.000
3.341,3.345,3.346,3.343,3.345,3.347,3.340,3.729,3.728,3.733,3.725,3.732,3.730,3.732,-60.368,-1052.000
3.337,3.344,3.345,3.345,3.341,3.343,3.340,3.728,3.740,3.728,3.726,3.724,3.731,3.729,-60.247,-1051.000
3.346,3.343,3.345,3.342,3.342,3.341,3.347,3.723,3.725,3.727,3.727,3.728,3.728,3.727,-60.358,-1050.000
3.345,3.347,3.345,3.343,3.343,3.347,3.339,3.726,3.733,3.731,3.722,3.727,3.728,3.728,-60.274,-1049.000
3.339,3.344,3.342,3.345,3.348,3.344,3.342,3.728,3.724,3.730,3.729,3.725,3.724,3.725,-60.404,-1048.000
3.349,3.347,3.343,3.339,3.344,3.343,3.345,3.731,3.730,3.726,3.732,3.723,3.720,3.715,-60.357,-1047.000
3.342,3.344,3.342,3.340,3.339,3.342,3.340,3.729,3.723,3.727,3.719,3.725,3.727,3.720,-60.373,-1046.000
3.339,3.346,3.340,3.343,3.338,3.341,3.341,3.724,3.715,3.723,3.719,3.728,3.721,3.726,-60.253,-1045.000
3.342,3.343,3.339,3.342,3.340,3.338,3.342,3.726,3.728,3.722,3.723,3.722,3.726,3.722,-60.189,-1044.000
3.341,3.337,3.337,3.339,3.341,3.336,3.336,3.724,3.725,3.726,3.726,3.724,3.722,3.724,-60.136,-1043.000
3.342,3.342,3.343,3.335,3.342,3.339,3.337,3.734,3.731,3.724,3.721,3.732,3.725,3.723,-60.126,-1042.000
3.339,3.341,3.346,3.337,3.344,3.338,3.346,3.722,3.723,3.719,3.721,3.729,3.722,3.727,-60.304,-1041.000
3.338,3.342,3.345,3.344,3.338,3.343,3.342,3.722,3.721,3.721,3.726,3.725,3.726,3.724,-60.334,-1040.000
3.342,3.342,3.346,3.340,3.347,3.345,3.339,3.723,3.720,3.721,3.726,3.720,3.721,3.722,-60.237,-1039.000
3.339,3.343,3.343,3.346,3.346,3.343,3.342,3.725,3.723,3.725,3.719,3.723,3.721,3.723,-60.364,-1038.000
3.341,3.340,3.343,3.341,3.342,3.340,3.343,3.722,3.727,3.728,3.723,3.725,3.728,3.725,-60.384,-1037.000
3.341,3.339,3.344,3.348,3.346,3.340,3.340,3.725,3.722,3.727,3.727,3.725,3.726,3.723,-60.390,-1036.000
3.340,3.344,3.346,3.337,3.342,3.344,3.344,3.728,3.734,3.730,3.727,3.721,3.721,3.721,-60.357,-1035.000
3.338,3.336,3.342,3.345,3.337,3.344,3.338,3.722,3.720,3.727,3.725,3.722,3.724,3.718,-60.267,-1034.000
3.339,3.343,3.340,3.340,3.341,3.340,3.339,3.725,3.715,3.721,3.731,3.724,3.730,3.723,-60.403,-1033.000
3.344,3.341,3.337,3.343,3.345,3.342,3.343,3.727,3.727,3.727,3.725,3.724,3.725,3.727,-60.491,-1032.000
3.342,3.342,3.342,3.350,3.339,3.343,3.340,3.724,3.732,3.724,3.723,3.727,3.722,3.723,-60.427,-1031.000
3.344,3.337,3.345,3.340,3.345,3.341,3.344,3.724,3.724,3.724,3.721,3.721,3.718,3.723,-60.515,-1030.000
3.342,3.342,3.344,3.342,3.344,3.342,3.344,3.724,3.724,3.723,3.727,3.717,3.721,3.725,-60.493,-1029.000
3.343,3.346,3.338,3.340,3.343,3.339,3.344,3.726,3.730,3.725,3.724,3.720,3.723,3.726,-60.493,-1028.000
3.351,3.340,3.339,3.340,3.343,3.346,3.349,3.724,3.724,3.727,3.722,3.721,3.724,3.729,-60.333,-1027.000
3.343,3.344,3.341,3.345,3.340,3.345,3.343,3.725,3.722,3.726,3.733,3.728,3.726,3.724,-60.389,-1026.000
3.342,3.341,3.341,3.340,3.337,3.338,3.339,3.724,3.720,3.725,3.728,3.730,3.729,3.730,-60.389,-1025.000
3.341,3.344,3.340,3.339,3.340,3.345,3.345,3.724,3.731,3.727,3.730,3.725,3.732,3.727,-60.439,-1024.000
3.341,3.340,3.344,3.342,3.345,3.351,3.342,3.727,3.724,3.724,3.730,3.720,3.727,3.724,-60.458,-1023.000
3.344,3.342,3.344,3.347,3.343,3.341,3.347,3.728,3.723,3.724,3.727,3.727,3.725,3.726,-60.458,-1022.000
3.344,3.349,3.341,3.342,3.345,3.343,3.345,3.722,3.733,3.730,3.727,3.724,3.727,3.723,-60.421,-1021.000
3.341,3.344,3.343,3.351,3.347,3.342,3.348,3.727,3.724,3.722,3.726,3.730,3.723,3.730,-60.548,-1020.000
3.347,3.347,3.344,3.345,3.348,3.352,3.342,3.727,3.729,3.729,3.729,3.726,3.727,3.724,-60.461,-1019.000
3.347,3.342,3.348,3.343,3.348,3.346,3.343,3.727,3.727,3.730,3.728,3.728,3.728,3.730,-60.414,-1018.000
3.345,3.346,3.347,3.349,3.347,3.345,3.352,3.730,3.726,3.727,3.728,3.725,3.722,3.725,-60.323,-1017.000
3.341,3.341,3.340,3.343,3.342,3.345,3.343,3.723,3.725,3.728,3.728,3.723,3.726,3.724,-60.248,-1016.000
3.340,3.340,3.337,3.344,3.338,3.339,3.343,3.726,3.726,3.720,3.726,3.732,3.727,3.726,-60.228,-1015.000
3.341,3.339,3.334,3.336,3.340,3.346,3.343,3.732,3.729,3.722,3.728,3.726,3.726,3.725,-60.377,-1014.000
3.340,3.340,3.341,3.345,3.341,3.342,3.342,3.726,3.726,3.725,3.726,3.731,3.723,3.725,-60.235,-1013.000
3.334,3.339,3.337,3.340,3.331,3.338,3.338,3.729,3.722,3.724,3.721,3.726,3.722,3.722,-60.526,-1012.000
3.335,3.341,3.340,3.341,3.341,3.336,3.339,3.720,3.723,3.730,3.728,3.726,3.719,3.726,-60.620,-1011.000
3.335,3.333,3.337,3.337,3.342,3.341,3.339,3.723,3.723,3.724,3.719,3.723,3.724,3.722,-60.744,-1010.000
3.340,3.339,3.338,3.334,3.332,3.338,3.336,3.714,3.720,3.716,3.726,3.725,3.722,3.727,-60.712,-1009.000
3.337,3.339,3.334,3.338,3.331,3.341,3.330,3.719,3.722,3.715,3.719,3.725,3.720,3.721,-60.745,-1008.000
3.330,3.334,3.331,3.339,3.336,3.335,3.334,3.722,3.723,3.715,3.720,3.718,3.718,3.723,-60.617,-1007.000
3.334,3.340,3.333,3.338,3.334,3.332,3.339,3.721,3.719,3.714,3.724,3.717,3.719,3.721,-60.593,-1006.000
3.334,3.337,3.335,3.335,3.337,3.337,3.332,3.719,3.718,3.720,3.718,3.720,3.719,3.716,-60.550,-1005.000
3.333,3.339,3.336,3.337,3.341,3.340,3.334,3.721,3.723,3.717,3.722,3.716,3.712,3.723,-60.761,-1004.000
3.332,3.328,3.330,3.338,3.339,3.340,3.334,3.717,3.720,3.716,3.720,3.723,3.721,3.723,-60.690,-1003.000
3.337,3.338,3.340,3.339,3.343,3.335,3.336,3.719,3.719,3.721,3.728,3.722,3.725,3.724,-60.650,-1002.000
3.334,3.341,3.334,3.337,3.333,3.338,3.335,3.723,3.721,3.726,3.718,3.722,3.724,3.719,-60.533,-1001.000
3.336,3.337,3.342,3.334,3.336,3.336,3.340,3.722,3.724,3.723,3.720,3.719,3.717,3.717,-60.663,-1000.000
3.340,3.338,3.334,3.337,3.335,3.340,3.331,3.718,3.726,3.724,3.721,3.724,3.716,3.727,-60.567,-999.000
3.333,3.336,3.324,3.331,3.333,3.334,3.334,3.723,3.721,3.714,3.719,3.718,3.715,3.720,-60.429,-998.000
3.330,3.335,3.338,3.327,3.329,3.328,3.339,3.723,3.716,3.719,3.726,3.721,3.718,3.721,-60.429,-997.000
3.333,3.337,3.335,3.336,3.333,3.337,3.334,3.723,3.722,3.719,3.720,3.716,3.714,3.717,-60.231,-996.000
3.333,3.335,3.328,3.334,3.333,3.329,3.332,3.720,3.722,3.722,3.716,3.718,3.715,3.721,-60.314,-995.000
3.331,3.330,3.334,3.334,3.334,3.330,3.325,3.718,3.718,3.714,3.717,3.717,3.719,3.723,-60.431,-994.000
3.329,3.330,3.326,3.335,3.328,3.325,3.336,3.715,3.714,3.716,3.713,3.717,3.719,3.716,-60.431,-993.000
3.329,3.334,3.328,3.332,3.329,3.328,3.334,3.717,3.721,3.714,3.714,3.715,3.716,3.714,-60.433,-992.000
3.331,3.334,3.328,3.329,3.330,3.330,3.330,3.714,3.715,3.717,3.714,3.710,3.717,3.718,-60.289,-991.000
3.328,3.335,3.335,3.327,3.329,3.331,3.331,3.712,3.715,3.713,3.719,3.719,3.721,3.716,-60.509,-990.000
3.329,3.333,3.330,3.334,3.327,3.332,3.330,3.710,3.712,3.715,3.716,3.713,3.716,3.717,-60.509,-989.000
3.337,3.325,3.332,3.332,3.328,3.330,3.330,3.727,3.713,3.715,3.715,3.719,3.715,3.720,-60.340,-988.000
3.333,3.332,3.335,3.330,3.332,3.323,3.332,3.721,3.715,3.717,3.711,3.721,3.718,3.718,-60.226,-987.000
3.335,3.322,3.331,3.322,3.332,3.326,3.329,3.715,3.717,3.717,3.720,3.722,3.717,3.714,-60.261,-986.000
3.331,3.330,3.332,3.328,3.328,3.329,3.332,3.716,3.713,3.709,3.719,3.718,3.714,3.720,-60.236,-985.000
3.328,3.328,3.330,3.330,3.331,3.325,3.328,3.717,3.713,3.722,3.716,3.720,3.724,3.716,-60.286,-984.000
3.330,3.329,3.334,3.333,3.331,3.331,3.325,3.719,3.713,3.721,3.721,3.714,3.715,3.718,-60.286,-983.000
3.335,3.330,3.335,3.333,3.330,3.334,3.334,3.723,3.718,3.718,3.720,3.718,3.709,3.713,-60.343,-982.000
3.326,3.328,3.330,3.338,3.331,3.325,3.326,3.719,3.718,3.718,3.717,3.719,3.712,3.719,-60.424,-981.000
3.328,3.333,3.331,3.330,3.332,3.337,3.330,3.717,3.715,3.720,3.724,3.720,3.727,3.716,-60.429,-980.000
3.330,3.328,3.332,3.323,3.330,3.325,3.334,3.711,3.714,3.723,3.715,3.715,3.719,3.717,-60.429,-979.000
3.332,3.326,3.333,3.330,3.334,3.328,3.335,3.718,3.715,3.718,3.721,3.716,3.716,3.723,-60.572,-978.000
3.335,3.323,3.336,3.330,3.331,3.332,3.334,3.719,3.721,3.720,3.725,3.720,3.722,3.726,-60.533,-977.000
3.332,3.335,3.332,3.327,3.332,3.332,3.332,3.720,3.720,3.718,3.717,3.716,3.714,3.720,-60.533,-976.000
3.338,3.327,3.337,3.333,3.331,3.327,3.328,3.718,3.717,3.723,3.716,3.722,3.725,3.725,-60.414,-975.000
3.330,3.327,3.327,3.330,3.331,3.327,3.328,3.718,3.718,3.713,3.724,3.719,3.719,3.719,-60.455,-974.000
3.335,3.329,3.331,3.334,3.328,3.328,3.328,3.721,3.721,3.718,3.721,3.714,3.718,3.716,-60.537,-973.000
3.332,3.333,3.333,3.331,3.323,3.324,3.328,3.716,3.718,3.718,3.718,3.719,3.720,3.718,-60.533,-972.000
3.332,3.331,3.327,3.327,3.331,3.333,3.331,3.719,3.713,3.714,3.718,3.720,3.720,3.719,-60.538,-971.000
3.328,3.334,3.329,3.329,3.335,3.336,3.331,3.714,3.722,3.726,3.719,3.723,3.721,3.721,-60.539,-970.000
3.341,3.338,3.328,3.328,3.328,3.330,3.329,3.719,3.715,3.717,3.714,3.716,3.716,3.721,-60.534,-969.000
3.332,3.333,3.327,3.325,3.332,3.331,3.327,3.715,3.719,3.716,3.720,3.714,3.718,3.719,-60.454,-968.000
3.328,3.332,3.327,3.330,3.331,3.327,3.336,3.718,3.721,3.716,3.715,3.719,3.721,3.717,-60.520,-967.000
3.325,3.337,3.333,3.330,3.328,3.329,3.334,3.710,3.718,3.721,3.717,3.715,3.716,3.709,-60.624,-966.000
3.325,3.324,3.323,3.327,3.333,3.326,3.332,3.715,3.716,3.724,3.717,3.717,3.721,3.719,-60.590,-965.000
3.333,3.326,3.330,3.330,3.324,3.327,3.321,3.721,3.717,3.711,3.715,3.712,3.718,3.718,-60.477,-964.000
3.326,3.328,3.335,3.320,3.324,3.331,3.331,3.718,3.719,3.723,3.720,3.718,3.722,3.711,-60.391,-963.000
3.324,3.327,3.330,3.328,3.328,3.335,3.330,3.718,3.720,3.719,3.713,3.717,3.713,3.723,-60.258,-962.000
3.326,3.331,3.325,3.326,3.323,3.331,3.329,3.725,3.712,3.713,3.719,3.715,3.719,3.713,-60.397,-961.000
3.326,3.331,3.324,3.328,3.329,3.333,3.325,3.715,3.716,3.720,3.722,3.722,3.719,3.715,-60.269,-960.000
3.324,3.329,3.331,3.326,3.329,3.334,3.333,3.719,3.720,3.711,3.707,3.718,3.718,3.720,-60.284,-959.000
3.331,3.327,3.331,3.327,3.332,3.321,3.330,3.713,3.717,3.706,3.716,3.719,3.719,3.719,-60.260,-958.000
3.321,3.323,3.321,3.331,3.325,3.323,3.323,3.714,3.718,3.715,3.716,3.715,3.715,3.715,-60.393,-957.000
3.326,3.325,3.323,3.324,3.320,3.326,3.330,3.715,3.715,3.712,3.719,3.715,3.716,3.719,-60.399,-956.000
3.326,3.322,3.325,3.330,3.319,3.320,3.325,3.714,3.713,3.718,3.715,3.715,3.718,3.720,-60.399,-955.000
3.329,3.325,3.326,3.319,3.319,3.323,3.319,3.716,3.716,3.714,3.705,3.715,3.717,3.712,-60.285,-954.000
3.323,3.325,3.320,3.326,3.321,3.329,3.322,3.711,3.714,3.713,3.706,3.712,3.713,3.718,-60.196,-953.000
3.324,3.324,3.324,3.321,3.321,3.327,3.327,3.716,3.715,3.717,3.710,3.720,3.712,3.711,-60.196,-952.000
3.320,3.324,3.323,3.320,3.326,3.319,3.317,3.708,3.710,3.705,3.713,3.716,3.709,3.708,-60.543,-951.000
3.322,3.319,3.316,3.322,3.324,3.319,3.320,3.716,3.717,3.715,3.710,3.714,3.710,3.707,-60.527,-950.000
3.321,3.323,3.316,3.316,3.321,3.318,3.319,3.706,3.715,3.712,3.714,3.717,3.706,3.714,-60.501,-949.000
3.322,3.317,3.318,3.318,3.317,3.314,3.317,3.712,3.708,3.711,3.711,3.711,3.711,3.706,-60.633,-948.000
3.314,3.322,3.322,3.322,3.319,3.319,3.320,3.710,3.714,3.705,3.711,3.707,3.713,3.711,-60.677,-947.000
3.321,3.318,3.322,3.317,3.322,3.317,3.318,3.715,3.708,3.708,3.708,3.704,3.709,3.704,-60.518,-946.000
3.317,3.317,3.316,3.318,3.325,3.324,3.321,3.708,3.710,3.704,3.714,3.707,3.715,3.706,-60.354,-945.000
3.318,3.317,3.314,3.316,3.314,3.317,3.318,3.707,3.709,3.705,3.706,3.709,3.712,3.711,-60.392,-944.000
3.316,3.318,3.317,3.313,3.319,3.320,3.317,3.709,3.711,3.706,3.705,3.706,3.707,3.708,-60.527,-943.000
3.316,3.318,3.317,3.316,3.318,3.315,3.320,3.710,3.711,3.706,3.713,3.709,3.706,3.708,-60.370,-942.000
3.320,3.321,3.315,3.310,3.316,3.317,3.316,3.710,3.713,3.710,3.709,3.717,3.706,3.706,-60.428,-941.000
3.320,3.312,3.312,3.316,3.314,3.315,3.319,3.710,3.705,3.710,3.714,3.712,3.708,3.706,-60.501,-940.000
3.315,3.321,3.319,3.314,3.312,3.318,3.318,3.711,3.707,3.708,3.709,3.711,3.712,3.714,-60.546,-939.000
3.316,3.317,3.316,3.310,3.316,3.316,3.321,3.714,3.712,3.710,3.711,3.711,3.712,3.713,-60.572,-938.000
3.314,3.323,3.319,3.314,3.314,3.314,3.319,3.708,3.712,3.713,3.708,3.708,3.713,3.716,-60.421,-937.000
3.322,3.325,3.318,3.317,3.319,3.314,3.319,3.714,3.715,3.708,3.711,3.711,3.714,3.711,-60.341,-936.000
3.322,3.319,3.317,3.326,3.321,3.320,3.321,3.713,3.710,3.719,3.718,3.707,3.713,3.713,-60.347,-935.000
3.319,3.320,3.321,3.315,3.318,3.320,3.325,3.717,3.712,3.714,3.714,3.723,3.716,3.708,-60.380,-934.000
3.322,3.323,3.321,3.327,3.321,3.320,3.322,3.724,3.717,3.717,3.717,3.716,3.710,3.713,-60.213,-933.000
3.319,3.317,3.324,3.317,3.321,3.324,3.323,3.708,3.713,3.715,3.714,3.720,3.711,3.715,-60.268,-932.000
3.331,3.325,3.325,3.325,3.326,3.320,3.319,3.712,3.713,3.718,3.714,3.723,3.716,3.712,-60.268,-931.000
3.323,3.325,3.328,3.326,3.323,3.325,3.324,3.717,3.719,3.722,3.719,3.722,3.719,3.720,-60.180,-930.000
3.331,3.319,3.327,3.327,3.323,3.334,3.324,3.715,3.718,3.721,3.719,3.720,3.718,3.720,-60.351,-929.000
3.329,3.329,3.327,3.324,3.325,3.334,3.329,3.724,3.717,3.715,3.721,3.723,3.718,3.718,-60.356,-928.000
3.325,3.327,3.324,3.330,3.332,3.326,3.329,3.722,3.717,3.714,3.722,3.720,3.721,3.718,-60.485,-927.000
3.325,3.326,3.326,3.329,3.331,3.329,3.327,3.722,3.723,3.722,3.721,3.714,3.719,3.721,-60.535,-926.000
3.326,3.335,3.330,3.329,3.330,3.330,3.331,3.719,3.722,3.715,3.732,3.729,3.731,3.728,-60.439,-925.000
3.332,3.331,3.324,3.328,3.335,3.330,3.334,3.719,3.720,3.728,3.717,3.726,3.729,3.722,-60.439,-924.000
3.325,3.330,3.331,3.327,3.335,3.326,3.331,3.726,3.724,3.721,3.721,3.723,3.723,3.722,-60.397,-923.000
3.330,3.323,3.331,3.335,3.328,3.334,3.336,3.718,3.727,3.723,3.723,3.726,3.723,3.726,-60.368,-922.000
3.333,3.332,3.330,3.331,3.331,3.326,3.332,3.726,3.724,3.728,3.720,3.730,3.721,3.727,-60.368,-921.000
3.329,3.330,3.324,3.327,3.328,3.330,3.325,3.726,3.720,3.722,3.722,3.721,3.723,3.721,-60.294,-920.000
3.330,3.331,3.328,3.330,3.331,3.325,3.327,3.721,3.720,3.720,3.725,3.725,3.725,3.723,-60.406,-919.000
3.333,3.327,3.327,3.327,3.326,3.323,3.326,3.719,3.720,3.719,3.717,3.723,3.710,3.715,-60.377,-918.000
3.324,3.326,3.323,3.325,3.328,3.322,3.327,3.718,3.719,3.721,3.717,3.721,3.723,3.715,-60.426,-917.000
3.321,3.324,3.327,3.324,3.327,3.323,3.328,3.715,3.720,3.723,3.718,3.720,3.720,3.720,-60.532,-916.000
3.324,3.324,3.323,3.325,3.321,3.322,3.324,3.720,3.724,3.719,3.714,3.716,3.714,3.715,-60.499,-915.000
3.321,3.322,3.321,3.323,3.321,3.324,3.323,3.715,3.716,3.718,3.712,3.716,3.719,3.721,-60.610,-914.000
3.320,3.321,3.318,3.322,3.322,3.318,3.317,3.718,3.720,3.718,3.717,3.713,3.717,3.719,-60.593,-913.000
3.323,3.318,3.318,3.320,3.322,3.324,3.324,3.721,3.718,3.720,3.722,3.722,3.718,3.712,-60.728,-912.000
3.327,3.324,3.322,3.317,3.319,3.326,3.326,3.722,3.716,3.715,3.718,3.717,3.713,3.716,-60.619,-911.000
3.322,3.326,3.324,3.324,3.323,3.324,3.323,3.716,3.719,3.716,3.721,3.717,3.712,3.710,-60.514,-910.000
3.327,3.323,3.322,3.328,3.325,3.320,3.319,3.712,3.707,3.715,3.711,3.717,3.718,3.715,-60.513,-909.000
3.321,3.324,3.318,3.323,3.326,3.317,3.322,3.722,3.711,3.722,3.716,3.721,3.719,3.719,-60.597,-908.000
3.321,3.320,3.322,3.319,3.324,3.317,3.325,3.718,3.720,3.722,3.719,3.716,3.712,3.719,-60.525,-907.000
3.325,3.320,3.328,3.322,3.326,3.330,3.328,3.722,3.716,3.711,3.717,3.718,3.720,3.718,-60.566,-906.000
3.326,3.323,3.316,3.325,3.322,3.325,3.315,3.721,3.721,3.727,3.722,3.721,3.725,3.721,-60.385,-905.000
3.330,3.322,3.326,3.320,3.324,3.324,3.324,3.717,3.720,3.716,3.715,3.725,3.721,3.720,-60.431,-904.000
3.328,3.325,3.323,3.324,3.326,3.321,3.327,3.718,3.723,3.717,3.718,3.721,3.715,3.722,-60.418,-903.000
3.324,3.326,3.329,3.322,3.322,3.319,3.323,3.717,3.716,3.719,3.721,3.725,3.717,3.724,-60.361,-902.000
3.325,3.326,3.325,3.323,3.324,3.326,3.324,3.724,3.718,3.721,3.719,3.721,3.715,3.723,-60.361,-901.000
3.321,3.324,3.323,3.323,3.321,3.329,3.318,3.716,3.719,3.719,3.726,3.724,3.720,3.724,-60.261,-900.000
3.322,3.322,3.320,3.322,3.325,3.319,3.322,3.714,3.719,3.717,3.716,3.719,3.721,3.719,-60.421,-899.000
3.328,3.321,3.332,3.327,3.326,3.327,3.326,3.719,3.720,3.724,3.720,3.717,3.718,3.721,-60.525,-898.000
3.322,3.324,3.316,3.328,3.325,3.320,3.326,3.717,3.719,3.720,3.725,3.719,3.722,3.725,-60.562,-897.000
3.322,3.322,3.323,3.325,3.319,3.324,3.321,3.718,3.718,3.727,3.721,3.722,3.721,3.726,-60.508,-896.000
3.327,3.329,3.324,3.330,3.332,3.325,3.322,3.718,3.718,3.718,3.720,3.721,3.720,3.712,-60.386,-895.000
3.326,3.320,3.324,3.321,3.323,3.322,3.325,3.718,3.721,3.714,3.720,3.719,3.715,3.715,-60.444,-894.000
3.328,3.324,3.327,3.324,3.332,3.329,3.323,3.726,3.721,3.716,3.719,3.721,3.720,3.716,-60.533,-893.000
3.326,3.330,3.324,3.321,3.325,3.321,3.326,3.720,3.724,3.722,3.719,3.717,3.721,3.719,-60.598,-892.000
3.326,3.326,3.327,3.324,3.330,3.323,3.323,3.718,3.717,3.718,3.719,3.714,3.724,3.725,-60.555,-891.000
3.320,3.323,3.318,3.325,3.331,3.322,3.322,3.719,3.720,3.715,3.724,3.724,3.720,3.728,-60.629,-890.000
3.322,3.323,3.326,3.324,3.319,3.322,3.320,3.723,3.721,3.721,3.719,3.718,3.718,3.716,-60.470,-889.000
3.326,3.324,3.322,3.328,3.321,3.325,3.321,3.719,3.720,3.718,3.719,3.721,3.717,3.717,-60.416,-888.000
3.327,3.323,3.321,3.327,3.323,3.320,3.326,3.719,3.718,3.721,3.720,3.720,3.720,3.722,-60.312,-887.000
3.325,3.315,3.327,3.322,3.320,3.322,3.323,3.717,3.713,3.720,3.724,3.720,3.725,3.717,-60.178,-886.000
3.318,3.330,3.324,3.325,3.322,3.325,3.325,3.727,3.730,3.728,3.729,3.720,3.720,3.720,-60.239,-885.000
3.325,3.329,3.324,3.325,3.326,3.325,3.327,3.721,3.722,3.726,3.717,3.724,3.718,3.718,-60.339,-884.000
3.320,3.322,3.325,3.325,3.320,3.328,3.325,3.721,3.723,3.721,3.723,3.724,3.719,3.719,-60.380,-883.000
3.324,3.324,3.323,3.321,3.324,3.323,3.325,3.721,3.718,3.727,3.716,3.720,3.726,3.721,-60.475,-882.000
3.324,3.324,3.318,3.320,3.326,3.326,3.322,3.720,3.717,3.722,3.718,3.717,3.717,3.727,-60.558,-881.000
3.323,3.326,3.332,3.327,3.324,3.322,3.326,3.727,3.721,3.724,3.723,3.719,3.728,3.728,-60.619,-880.000
3.323,3.321,3.329,3.325,3.319,3.324,3.324,3.716,3.717,3.722,3.731,3.726,3.731,3.721,-60.553,-879.000
3.322,3.324,3.327,3.328,3.325,3.330,3.327,3.719,3.719,3.721,3.721,3.720,3.722,3.719,-60.523,-878.000
3.316,3.318,3.323,3.326,3.315,3.325,3.319,3.726,3.720,3.719,3.725,3.725,3.722,3.722,-60.450,-877.000
3.326,3.330,3.322,3.325,3.324,3.323,3.323,3.725,3.725,3.722,3.723,3.719,3.721,3.727,-60.382,-876.000
3.327,3.331,3.323,3.327,3.326,3.331,3.326,3.722,3.723,3.722,3.726,3.719,3.723,3.718,-60.401,-875.000
3.324,3.320,3.322,3.323,3.320,3.325,3.329,3.716,3.719,3.721,3.727,3.724,3.714,3.727,-60.576,-874.000
3.331,3.322,3.326,3.317,3.325,3.321,3.322,3.720,3.718,3.720,3.721,3.719,3.723,3.732,-60.690,-873.000
3.319,3.331,3.326,3.323,3.319,3.324,3.323,3.725,3.727,3.721,3.725,3.727,3.723,3.728,-60.690,-872.000
3.325,3.321,3.331,3.327,3.319,3.324,3.330,3.719,3.720,3.724,3.731,3.728,3.722,3.722,-60.678,-871.000
3.329,3.321,3.326,3.325,3.324,3.324,3.324,3.719,3.724,3.725,3.724,3.722,3.727,3.720,-60.724,-870.000
3.328,3.326,3.330,3.326,3.327,3.324,3.334,3.722,3.721,3.718,3.726,3.726,3.723,3.725,-60.575,-869.000
3.327,3.329,3.323,3.327,3.323,3.326,3.327,3.726,3.728,3.727,3.723,3.721,3.726,3.720,-60.585,-868.000
3.324,3.316,3.326,3.323,3.322,3.324,3.326,3.721,3.717,3.728,3.723,3.722,3.725,3.725,-60.647,-867.000
3.325,3.327,3.322,3.325,3.330,3.324,3.329,3.732,3.721,3.719,3.722,3.724,3.722,3.724,-60.647,-866.000
3.328,3.328,3.323,3.324,3.323,3.328,3.326,3.725,3.725,3.722,3.722,3.722,3.724,3.716,-60.605,-865.000
3.328,3.326,3.330,3.323,3.329,3.322,3.324,3.727,3.724,3.727,3.728,3.726,3.727,3.728,-60.559,-864.000
3.328,3.333,3.325,3.327,3.331,3.329,3.328,3.720,3.722,3.722,3.721,3.725,3.726,3.724,-60.482,-863.000
3.328,3.325,3.329,3.328,3.326,3.323,3.322,3.727,3.729,3.729,3.725,3.722,3.725,3.730,-60.604,-862.000
3.327,3.327,3.324,3.327,3.329,3.334,3.328,3.724,3.728,3.730,3.722,3.726,3.727,3.723,-60.588,-861.000
3.321,3.327,3.326,3.334,3.324,3.333,3.329,3.730,3.726,3.726,3.723,3.720,3.724,3.729,-60.695,-860.000
3.333,3.333,3.330,3.330,3.331,3.323,3.325,3.733,3.726,3.728,3.726,3.733,3.728,3.729,-60.639,-859.000
3.332,3.331,3.335,3.329,3.335,3.338,3.329,3.727,3.727,3.725,3.725,3.730,3.726,3.729,-60.639,-858.000
3.327,3.329,3.334,3.329,3.332,3.335,3.334,3.730,3.728,3.729,3.728,3.729,3.729,3.729,-60.686,-857.000
3.327,3.332,3.332,3.331,3.336,3.336,3.327,3.730,3.728,3.733,3.727,3.725,3.723,3.729,-60.622,-856.000
3.327,3.338,3.335,3.334,3.329,3.332,3.332,3.730,3.728,3.731,3.738,3.725,3.730,3.726,-60.579,-855.000
3.334,3.326,3.330,3.332,3.334,3.325,3.334,3.723,3.726,3.728,3.724,3.732,3.730,3.728,-60.473,-854.000
3.330,3.330,3.324,3.334,3.327,3.331,3.331,3.728,3.730,3.728,3.728,3.724,3.732,3.733,-60.372,-853.000
3.331,3.334,3.330,3.331,3.333,3.328,3.330,3.726,3.729,3.733,3.734,3.736,3.729,3.731,-60.287,-852.000
3.334,3.329,3.327,3.330,3.333,3.334,3.333,3.726,3.721,3.725,3.725,3.733,3.728,3.721,-60.610,-851.000
3.329,3.330,3.332,3.331,3.333,3.331,3.332,3.730,3.732,3.728,3.730,3.736,3.737,3.727,-60.610,-850.000
3.325,3.329,3.331,3.333,3.332,3.323,3.332,3.727,3.726,3.724,3.729,3.725,3.726,3.729,-60.635,-849.000
3.333,3.330,3.325,3.335,3.334,3.328,3.333,3.724,3.728,3.726,3.729,3.733,3.732,3.725,-60.736,-848.000
3.329,3.326,3.327,3.324,3.334,3.326,3.326,3.727,3.725,3.725,3.726,3.728,3.729,3.730,-60.736,-847.000
3.332,3.331,3.328,3.322,3.333,3.334,3.331,3.732,3.723,3.724,3.724,3.723,3.726,3.722,-60.660,-846.000
3.334,3.332,3.328,3.326,3.331,3.328,3.332,3.722,3.720,3.729,3.726,3.729,3.725,3.727,-60.613,-845.000
3.329,3.324,3.326,3.334,3.333,3.328,3.325,3.724,3.726,3.723,3.724,3.725,3.728,3.724,-60.594,-844.000
3.328,3.331,3.335,3.328,3.327,3.330,3.330,3.727,3.722,3.725,3.727,3.726,3.726,3.727,-60.576,-843.000
3.332,3.325,3.327,3.326,3.330,3.330,3.329,3.716,3.722,3.723,3.724,3.726,3.726,3.729,-60.532,-842.000
3.328,3.327,3.335,3.331,3.331,3.326,3.323,3.735,3.730,3.727,3.728,3.725,3.722,3.721,-60.399,-841.000
3.327,3.328,3.328,3.321,3.330,3.331,3.332,3.729,3.726,3.727,3.723,3.728,3.725,3.726,-60.378,-840.000
3.326,3.329,3.324,3.326,3.330,3.323,3.327,3.723,3.727,3.727,3.728,3.721,3.724,3.724,-60.303,-839.000
3.330,3.334,3.330,3.336,3.332,3.333,3.327,3.728,3.727,3.728,3.730,3.726,3.724,3.727,-60.364,-838.000
3.325,3.328,3.327,3.331,3.327,3.333,3.330,3.722,3.729,3.730,3.726,3.724,3.726,3.728,-60.303,-837.000
3.334,3.322,3.327,3.332,3.326,3.328,3.322,3.727,3.724,3.725,3.730,3.733,3.729,3.732,-60.368,-836.000
3.328,3.328,3.327,3.330,3.326,3.325,3.330,3.723,3.724,3.726,3.727,3.731,3.725,3.726,-60.440,-835.000
3.329,3.327,3.326,3.330,3.324,3.328,3.325,3.728,3.726,3.726,3.721,3.724,3.726,3.727,-60.502,-834.000
3.323,3.328,3.329,3.326,3.329,3.329,3.330,3.727,3.729,3.724,3.732,3.735,3.724,3.722,-60.439,-833.000
3.334,3.323,3.325,3.329,3.330,3.328,3.326,3.727,3.730,3.723,3.721,3.726,3.721,3.727,-60.458,-832.000
3.325,3.322,3.328,3.324,3.328,3.323,3.324,3.728,3.726,3.726,3.720,3.726,3.722,3.726,-60.285,-831.000
3.330,3.328,3.326,3.329,3.328,3.325,3.329,3.720,3.729,3.724,3.727,3.724,3.721,3.730,-60.708,-830.000
3.330,3.329,3.326,3.326,3.322,3.323,3.323,3.722,3.723,3.723,3.723,3.723,3.723,3.723,-60.772,-829.000
3.322,3.324,3.329,3.326,3.324,3.327,3.324,3.723,3.721,3.714,3.722,3.721,3.726,3.729,-60.499,-828.000
3.324,3.330,3.325,3.325,3.322,3.325,3.319,3.723,3.723,3.725,3.717,3.723,3.724,3.725,-60.250,-827.000
3.319,3.321,3.322,3.316,3.322,3.317,3.316,3.722,3.725,3.723,3.725,3.718,3.717,3.721,-60.365,-826.000
3.322,3.319,3.318,3.322,3.317,3.327,3.314,3.725,3.730,3.723,3.722,3.726,3.726,3.720,-60.333,-825.000
3.321,3.321,3.323,3.315,3.321,3.317,3.321,3.716,3.716,3.727,3.722,3.720,3.717,3.721,-60.304,-824.000
3.315,3.316,3.322,3.318,3.312,3.315,3.316,3.725,3.722,3.722,3.722,3.719,3.719,3.725,-60.266,-823.000
3.316,3.314,3.318,3.318,3.314,3.316,3.314,3.711,3.715,3.719,3.720,3.714,3.714,3.722,-60.294,-822.000
3.316,3.314,3.316,3.315,3.316,3.320,3.317,3.714,3.711,3.714,3.720,3.718,3.724,3.716,-60.294,-821.000
3.318,3.318,3.315,3.311,3.319,3.312,3.314,3.717,3.718,3.713,3.721,3.718,3.713,3.714,-60.242,-820.000
3.311,3.313,3.313,3.314,3.306,3.311,3.315,3.714,3.714,3.706,3.715,3.720,3.723,3.722,-60.297,-819.000
3.311,3.314,3.312,3.315,3.305,3.312,3.311,3.715,3.709,3.714,3.720,3.715,3.718,3.716,-60.356,-818.000
3.314,3.313,3.308,3.312,3.309,3.316,3.311,3.714,3.710,3.717,3.723,3.716,3.716,3.714,-60.264,-817.000
3.315,3.313,3.314,3.309,3.308,3.316,3.314,3.709,3.712,3.716,3.712,3.711,3.712,3.714,-60.406,-816.000
3.309,3.308,3.302,3.309,3.312,3.313,3.311,3.709,3.714,3.706,3.708,3.712,3.720,3.708,-60.469,-815.000
3.310,3.311,3.311,3.309,3.311,3.310,3.306,3.712,3.711,3.712,3.719,3.712,3.712,3.714,-60.387,-814.000
3.309,3.308,3.315,3.310,3.308,3.312,3.315,3.707,3.709,3.719,3.711,3.712,3.714,3.718,-60.358,-813.000
3.312,3.309,3.311,3.311,3.313,3.311,3.313,3.717,3.715,3.710,3.713,3.716,3.713,3.712,-60.426,-812.000
3.306,3.312,3.307,3.307,3.307,3.309,3.306,3.716,3.714,3.717,3.718,3.714,3.719,3.715,-60.341,-811.000
3.316,3.308,3.311,3.310,3.312,3.310,3.310,3.708,3.711,3.707,3.714,3.709,3.713,3.710,-60.318,-810.000
3.315,3.308,3.311,3.317,3.314,3.312,3.310,3.707,3.714,3.719,3.717,3.715,3.721,3.720,-60.173,-809.000
3.306,3.312,3.311,3.310,3.313,3.309,3.314,3.720,3.710,3.715,3.711,3.713,3.713,3.713,-60.436,-808.000
3.313,3.306,3.311,3.311,3.308,3.313,3.311,3.716,3.712,3.709,3.711,3.715,3.715,3.716,-60.215,-807.000
3.311,3.311,3.310,3.310,3.315,3.313,3.316,3.715,3.714,3.716,3.715,3.714,3.712,3.713,-60.215,-806.000
3.313,3.311,3.317,3.313,3.314,3.312,3.312,3.714,3.721,3.721,3.721,3.723,3.720,3.720,-60.343,-805.000
3.314,3.309,3.313,3.308,3.310,3.310,3.311,3.716,3.722,3.714,3.714,3.715,3.710,3.715,-60.432,-804.000
3.311,3.312,3.311,3.309,3.317,3.310,3.307,3.713,3.717,3.719,3.711,3.718,3.716,3.713,-60.408,-803.000
3.314,3.311,3.308,3.311,3.308,3.312,3.317,3.711,3.719,3.718,3.715,3.713,3.714,3.711,-60.552,-802.000
3.314,3.315,3.313,3.313,3.311,3.311,3.315,3.710,3.714,3.709,3.714,3.720,3.715,3.719,-60.552,-801.000
3.314,3.307,3.314,3.312,3.312,3.312,3.316,3.720,3.712,3.706,3.708,3.715,3.714,3.712,-60.436,-800.000
3.312,3.316,3.307,3.308,3.308,3.311,3.311,3.714,3.717,3.715,3.711,3.710,3.709,3.720,-60.471,-799.000
3.305,3.309,3.311,3.311,3.311,3.314,3.310,3.712,3.715,3.712,3.714,3.712,3.714,3.715,-60.569,-798.000
3.304,3.310,3.315,3.310,3.310,3.310,3.309,3.712,3.715,3.707,3.712,3.708,3.716,3.715,-60.494,-797.000
3.309,3.309,3.304,3.309,3.310,3.311,3.305,3.709,3.716,3.707,3.711,3.707,3.709,3.707,-60.501,-796.000
3.308,3.304,3.306,3.308,3.312,3.303,3.308,3.723,3.705,3.707,3.706,3.709,3.707,3.708,-60.649,-795.000
3.306,3.304,3.298,3.304,3.305,3.309,3.314,3.712,3.714,3.714,3.708,3.707,3.714,3.707,-60.703,-794.000
3.307,3.309,3.303,3.303,3.306,3.301,3.307,3.710,3.712,3.711,3.710,3.711,3.710,3.706,-60.522,-793.000
3.305,3.301,3.306,3.306,3.309,3.302,3.306,3.705,3.708,3.707,3.716,3.712,3.714,3.707,-60.382,-792.000
3.305,3.309,3.308,3.306,3.302,3.311,3.305,3.704,3.708,3.710,3.705,3.708,3.710,3.706,-60.410,-791.000
3.305,3.309,3.307,3.307,3.308,3.306,3.308,3.712,3.711,3.712,3.707,3.706,3.709,3.710,-60.439,-790.000
3.309,3.302,3.303,3.310,3.307,3.304,3.308,3.716,3.709,3.708,3.710,3.716,3.714,3.713,-60.458,-789.000
3.311,3.309,3.308,3.316,3.305,3.306,3.307,3.712,3.716,3.712,3.710,3.711,3.713,3.708,-60.487,-788.000
3.310,3.305,3.312,3.308,3.310,3.314,3.311,3.710,3.714,3.717,3.715,3.710,3.709,3.708,-60.487,-787.000
3.308,3.309,3.307,3.311,3.307,3.307,3.311,3.709,3.710,3.709,3.711,3.708,3.711,3.718,-60.412,-786.000
3.318,3.308,3.312,3.313,3.313,3.308,3.308,3.714,3.717,3.711,3.720,3.718,3.719,3.719,-60.352,-785.000
3.310,3.310,3.310,3.308,3.306,3.306,3.310,3.713,3.710,3.723,3.722,3.721,3.720,3.713,-60.462,-784.000
3.312,3.307,3.314,3.313,3.313,3.309,3.308,3.719,3.716,3.716,3.714,3.715,3.719,3.723,-60.434,-783.000
3.316,3.314,3.306,3.314,3.308,3.311,3.309,3.717,3.722,3.723,3.717,3.708,3.717,3.714,-60.412,-782.000
3.311,3.308,3.304,3.310,3.311,3.308,3.306,3.716,3.714,3.721,3.718,3.720,3.721,3.718,-60.392,-781.000
3.314,3.312,3.311,3.312,3.316,3.319,3.313,3.721,3.717,3.718,3.718,3.716,3.715,3.715,-60.219,-780.000
3.312,3.308,3.311,3.312,3.312,3.310,3.315,3.721,3.721,3.718,3.715,3.718,3.718,3.719,-60.228,-779.000
3.311,3.320,3.310,3.310,3.320,3.314,3.316,3.712,3.715,3.712,3.715,3.716,3.721,3.721,-60.211,-778.000
3.317,3.316,3.312,3.312,3.313,3.310,3.308,3.721,3.718,3.719,3.717,3.721,3.716,3.720,-60.378,-777.000
3.316,3.313,3.313,3.311,3.315,3.316,3.316,3.722,3.720,3.718,3.719,3.720,3.720,3.727,-60.326,-776.000
3.314,3.314,3.313,3.313,3.312,3.316,3.320,3.715,3.718,3.723,3.720,3.720,3.716,3.717,-60.208,-775.000
3.314,3.311,3.310,3.316,3.313,3.311,3.315,3.724,3.718,3.723,3.722,3.720,3.717,3.715,-60.359,-774.000
3.320,3.316,3.313,3.315,3.317,3.320,3.315,3.721,3.727,3.723,3.726,3.726,3.717,3.729,-60.382,-773.000
3.315,3.318,3.312,3.314,3.321,3.320,3.319,3.719,3.722,3.722,3.716,3.717,3.720,3.729,-60.320,-772.000
3.314,3.318,3.320,3.318,3.316,3.315,3.314,3.717,3.721,3.718,3.728,3.725,3.725,3.726,-60.397,-771.000
3.312,3.320,3.320,3.315,3.313,3.312,3.312,3.725,3.727,3.729,3.723,3.727,3.722,3.719,-60.531,-770.000
3.318,3.312,3.316,3.316,3.321,3.319,3.314,3.726,3.726,3.726,3.724,3.723,3.727,3.725,-60.685,-769.000
3.319,3.312,3.316,3.317,3.315,3.315,3.321,3.715,3.720,3.721,3.722,3.721,3.726,3.727,-60.501,-768.000
3.315,3.316,3.317,3.317,3.319,3.316,3.314,3.720,3.727,3.729,3.728,3.722,3.720,3.719,-60.516,-767.000
3.315,3.315,3.314,3.320,3.307,3.313,3.318,3.724,3.722,3.727,3.717,3.722,3.729,3.723,-60.433,-766.000
3.315,3.313,3.317,3.312,3.317,3.316,3.318,3.722,3.723,3.724,3.727,3.724,3.727,3.721,-60.401,-765.000
3.322,3.310,3.308,3.315,3.310,3.314,3.317,3.719,3.719,3.725,3.717,3.723,3.724,3.722,-60.450,-764.000
3.319,3.314,3.313,3.316,3.318,3.316,3.316,3.723,3.725,3.726,3.715,3.721,3.726,3.723,-60.427,-763.000
3.313,3.317,3.315,3.314,3.318,3.309,3.319,3.719,3.726,3.725,3.726,3.717,3.722,3.719,-60.447,-762.000
3.310,3.311,3.314,3.317,3.315,3.311,3.310,3.717,3.726,3.725,3.719,3.721,3.721,3.716,-60.588,-761.000
3.322,3.312,3.311,3.319,3.315,3.312,3.314,3.722,3.725,3.719,3.720,3.723,3.724,3.723,-60.636,-760.000
3.308,3.311,3.311,3.307,3.307,3.310,3.319,3.719,3.721,3.723,3.721,3.720,3.717,3.721,-60.623,-759.000
3.313,3.313,3.314,3.308,3.314,3.313,3.315,3.719,3.717,3.722,3.719,3.717,3.726,3.722,-60.665,-758.000
3.311,3.313,3.307,3.310,3.318,3.310,3.312,3.725,3.719,3.716,3.719,3.715,3.718,3.722,-60.733,-757.000
3.307,3.315,3.311,3.311,3.307,3.306,3.310,3.716,3.713,3.723,3.721,3.724,3.722,3.719,-60.760,-756.000
3.314,3.316,3.309,3.316,3.308,3.316,3.311,3.725,3.722,3.724,3.728,3.721,3.725,3.719,-60.644,-755.000
3.310,3.309,3.307,3.311,3.309,3.315,3.310,3.717,3.728,3.729,3.721,3.735,3.721,3.724,-60.546,-754.000
3.313,3.311,3.312,3.314,3.313,3.317,3.310,3.727,3.724,3.724,3.719,3.723,3.722,3.723,-60.687,-753.000
3.311,3.312,3.306,3.311,3.314,3.307,3.309,3.723,3.723,3.722,3.722,3.729,3.724,3.719,-60.545,-752.000
3.315,3.309,3.310,3.314,3.318,3.311,3.315,3.725,3.724,3.722,3.719,3.726,3.723,3.723,-60.649,-751.000
3.311,3.314,3.313,3.310,3.314,3.308,3.309,3.720,3.722,3.724,3.723,3.728,3.721,3.725,-60.701,-750.000
3.313,3.310,3.314,3.309,3.313,3.314,3.311,3.718,3.728,3.722,3.726,3.729,3.721,3.716,-60.604,-749.000
3.313,3.308,3.311,3.315,3.314,3.314,3.310,3.718,3.724,3.723,3.724,3.726,3.725,3.724,-60.507,-748.000
3.313,3.309,3.310,3.309,3.313,3.313,3.316,3.728,3.730,3.723,3.725,3.724,3.724,3.719,-60.494,-747.000
3.311,3.315,3.317,3.316,3.309,3.310,3.309,3.722,3.723,3.723,3.733,3.730,3.728,3.731,-60.389,-746.000
3.317,3.311,3.314,3.312,3.315,3.310,3.313,3.723,3.724,3.729,3.721,3.730,3.724,3.730,-60.531,-745.000
3.309,3.311,3.310,3.317,3.309,3.313,3.309,3.727,3.722,3.717,3.721,3.719,3.722,3.721,-60.549,-744.000
3.310,3.311,3.310,3.308,3.313,3.312,3.318,3.725,3.720,3.721,3.720,3.726,3.724,3.721,-60.664,-743.000
3.315,3.309,3.308,3.310,3.313,3.310,3.311,3.724,3.722,3.722,3.730,3.723,3.720,3.721,-60.453,-742.000
3.312,3.310,3.309,3.308,3.308,3.312,3.313,3.724,3.719,3.721,3.724,3.730,3.724,3.727,-60.421,-741.000
3.307,3.311,3.313,3.309,3.309,3.313,3.311,3.725,3.721,3.727,3.723,3.716,3.726,3.717,-60.443,-740.000
3.312,3.311,3.313,3.317,3.315,3.310,3.319,3.726,3.727,3.725,3.717,3.717,3.723,3.720,-60.442,-739.000
3.313,3.308,3.312,3.311,3.308,3.311,3.309,3.718,3.724,3.723,3.728,3.720,3.720,3.725,-60.402,-738.000
3.312,3.307,3.312,3.313,3.314,3.311,3.310,3.723,3.716,3.726,3.723,3.723,3.722,3.721,-60.502,-737.000
3.310,3.310,3.310,3.309,3.309,3.311,3.304,3.720,3.716,3.716,3.720,3.717,3.725,3.724,-60.392,-736.000
3.310,3.314,3.313,3.316,3.312,3.313,3.312,3.721,3.718,3.720,3.723,3.719,3.725,3.724,-60.364,-735.000
3.308,3.310,3.311,3.311,3.308,3.312,3.307,3.721,3.715,3.709,3.715,3.714,3.723,3.718,-60.359,-734.000
3.308,3.301,3.312,3.308,3.310,3.308,3.312,3.722,3.723,3.715,3.725,3.721,3.715,3.718,-60.401,-733.000
3.310,3.314,3.309,3.312,3.308,3.312,3.310,3.724,3.723,3.724,3.722,3.727,3.712,3.720,-60.525,-732.000
3.307,3.310,3.310,3.310,3.310,3.311,3.312,3.725,3.724,3.726,3.721,3.721,3.721,3.722,-60.579,-731.000
3.303,3.311,3.311,3.309,3.309,3.308,3.310,3.728,3.722,3.726,3.719,3.722,3.724,3.728,-60.618,-730.000
3.310,3.310,3.309,3.305,3.314,3.308,3.311,3.725,3.722,3.721,3.723,3.724,3.719,3.714,-60.426,-729.000
3.311,3.316,3.305,3.308,3.308,3.312,3.313,3.720,3.722,3.721,3.713,3.714,3.720,3.726,-60.481,-728.000
3.310,3.303,3.312,3.305,3.311,3.305,3.308,3.718,3.715,3.726,3.724,3.717,3.724,3.724,-60.559,-727.000
3.308,3.304,3.308,3.309,3.316,3.307,3.307,3.722,3.721,3.721,3.721,3.722,3.716,3.718,-60.485,-726.000
3.303,3.305,3.309,3.306,3.302,3.306,3.307,3.717,3.721,3.724,3.727,3.718,3.715,3.723,-60.157,-725.000
3.308,3.310,3.301,3.307,3.307,3.307,3.312,3.719,3.721,3.719,3.718,3.720,3.714,3.724,-60.157,-724.000
3.301,3.303,3.303,3.311,3.308,3.311,3.310,3.722,3.721,3.716,3.717,3.720,3.723,3.715,-60.401,-723.000
3.310,3.309,3.308,3.310,3.301,3.304,3.306,3.720,3.721,3.714,3.716,3.721,3.723,3.715,-60.592,-722.000
3.311,3.311,3.306,3.303,3.309,3.305,3.304,3.716,3.716,3.718,3.720,3.723,3.722,3.720,-60.592,-721.000
3.305,3.309,3.310,3.307,3.311,3.300,3.309,3.718,3.719,3.715,3.722,3.716,3.721,3.717,-60.497,-720.000
3.307,3.304,3.310,3.305,3.305,3.307,3.307,3.720,3.718,3.721,3.719,3.725,3.720,3.723,-60.430,-719.000
3.309,3.305,3.314,3.306,3.313,3.305,3.309,3.720,3.723,3.719,3.723,3.723,3.721,3.720,-60.396,-718.000
3.308,3.304,3.308,3.304,3.304,3.310,3.307,3.713,3.715,3.722,3.724,3.725,3.722,3.724,-60.620,-717.000
3.301,3.310,3.306,3.313,3.303,3.307,3.306,3.722,3.722,3.724,3.723,3.727,3.723,3.723,-60.535,-716.000
3.311,3.303,3.306,3.308,3.310,3.306,3.308,3.716,3.723,3.720,3.718,3.719,3.720,3.723,-60.574,-715.000
3.310,3.308,3.306,3.310,3.309,3.306,3.309,3.717,3.722,3.719,3.723,3.722,3.719,3.716,-60.410,-714.000
3.310,3.306,3.307,3.304,3.305,3.307,3.304,3.719,3.719,3.715,3.714,3.720,3.718,3.719,-60.418,-713.000
3.306,3.306,3.309,3.309,3.305,3.307,3.307,3.718,3.718,3.716,3.711,3.717,3.722,3.718,-60.422,-712.000
3.304,3.305,3.304,3.311,3.304,3.305,3.308,3.717,3.715,3.716,3.722,3.715,3.717,3.716,-60.396,-711.000
3.310,3.309,3.305,3.305,3.309,3.305,3.306,3.716,3.721,3.715,3.722,3.719,3.720,3.714,-60.398,-710.000
3.309,3.304,3.310,3.304,3.309,3.310,3.306,3.720,3.719,3.721,3.717,3.720,3.720,3.715,-60.389,-709.000
3.307,3.308,3.310,3.305,3.310,3.309,3.301,3.714,3.717,3.714,3.720,3.712,3.716,3.719,-60.362,-708.000
3.304,3.305,3.308,3.304,3.304,3.312,3.304,3.712,3.715,3.712,3.721,3.723,3.717,3.717,-60.257,-707.000
3.303,3.306,3.304,3.309,3.305,3.299,3.303,3.720,3.716,3.719,3.722,3.721,3.726,3.721,-60.310,-706.000
3.300,3.301,3.301,3.300,3.303,3.302,3.302,3.714,3.718,3.711,3.719,3.718,3.726,3.714,-60.313,-705.000
3.306,3.306,3.300,3.298,3.309,3.300,3.300,3.724,3.718,3.714,3.721,3.723,3.721,3.717,-60.176,-704.000
3.297,3.300,3.308,3.304,3.304,3.300,3.298,3.711,3.712,3.716,3.709,3.714,3.717,3.709,-60.176,-703.000
3.305,3.299,3.309,3.302,3.304,3.305,3.311,3.715,3.714,3.722,3.714,3.716,3.718,3.716,-60.201,-702.000
3.305,3.302,3.297,3.301,3.309,3.302,3.306,3.712,3.711,3.713,3.712,3.721,3.716,3.711,-60.179,-701.000
3.310,3.301,3.303,3.303,3.307,3.303,3.307,3.713,3.718,3.711,3.715,3.715,3.720,3.719,-60.297,-700.000
3.301,3.305,3.307,3.303,3.298,3.303,3.306,3.716,3.716,3.714,3.715,3.721,3.718,3.715,-60.412,-699.000
3.301,3.305,3.302,3.297,3.301,3.298,3.303,3.719,3.714,3.715,3.717,3.708,3.722,3.709,-60.488,-698.000
3.307,3.308,3.304,3.309,3.310,3.300,3.301,3.712,3.716,3.717,3.713,3.719,3.717,3.719,-60.517,-697.000
3.306,3.310,3.297,3.304,3.301,3.299,3.299,3.717,3.723,3.717,3.718,3.713,3.715,3.720,-60.317,-696.000
3.300,3.305,3.303,3.302,3.304,3.305,3.303,3.717,3.716,3.720,3.719,3.715,3.716,3.714,-60.381,-695.000
3.304,3.306,3.303,3.303,3.298,3.304,3.296,3.713,3.721,3.720,3.714,3.719,3.712,3.713,-60.425,-694.000
3.309,3.306,3.300,3.304,3.300,3.304,3.302,3.714,3.716,3.717,3.715,3.720,3.718,3.711,-60.637,-693.000
3.297,3.306,3.300,3.303,3.297,3.297,3.298,3.719,3.717,3.716,3.716,3.721,3.723,3.716,-60.718,-692.000
3.300,3.300,3.301,3.298,3.303,3.302,3.301,3.717,3.710,3.707,3.724,3.718,3.712,3.719,-60.717,-691.000
3.296,3.302,3.304,3.297,3.298,3.300,3.302,3.715,3.714,3.712,3.711,3.715,3.714,3.717,-60.960,-690.000
3.298,3.297,3.299,3.299,3.300,3.300,3.298,3.718,3.712,3.719,3.716,3.712,3.714,3.718,-60.959,-689.000
3.296,3.304,3.304,3.301,3.302,3.303,3.299,3.716,3.714,3.717,3.716,3.716,3.720,3.711,-60.829,-688.000
3.303,3.301,3.304,3.308,3.304,3.304,3.306,3.714,3.714,3.719,3.713,3.715,3.717,3.722,-60.913,-687.000
3.297,3.305,3.308,3.305,3.304,3.304,3.302,3.715,3.715,3.717,3.719,3.717,3.717,3.717,-60.666,-686.000
3.302,3.300,3.297,3.301,3.306,3.307,3.301,3.722,3.715,3.725,3.726,3.707,3.711,3.722,-60.789,-685.000
3.301,3.301,3.302,3.302,3.302,3.303,3.304,3.716,3.719,3.721,3.715,3.718,3.720,3.717,-60.646,-684.000
3.301,3.298,3.306,3.309,3.303,3.299,3.298,3.720,3.714,3.722,3.711,3.721,3.722,3.719,-60.640,-683.000
3.302,3.300,3.307,3.305,3.306,3.306,3.304,3.716,3.718,3.720,3.722,3.714,3.717,3.717,-60.718,-682.000
3.304,3.299,3.303,3.297,3.301,3.306,3.308,3.717,3.716,3.715,3.723,3.720,3.722,3.717,-60.565,-681.000
3.303,3.302,3.299,3.297,3.296,3.301,3.300,3.718,3.718,3.720,3.719,3.716,3.716,3.714,-60.450,-680.000
3.299,3.297,3.298,3.301,3.306,3.303,3.298,3.718,3.718,3.719,3.713,3.710,3.713,3.713,-60.375,-679.000
3.300,3.299,3.297,3.297,3.299,3.303,3.295,3.715,3.710,3.713,3.718,3.716,3.720,3.718,-60.476,-678.000
3.295,3.298,3.305,3.299,3.302,3.299,3.300,3.712,3.716,3.716,3.716,3.715,3.721,3.718,-60.520,-677.000
3.293,3.298,3.297,3.297,3.296,3.303,3.302,3.715,3.719,3.725,3.722,3.713,3.716,3.719,-60.520,-676.000
3.298,3.296,3.297,3.298,3.306,3.296,3.296,3.712,3.715,3.711,3.719,3.719,3.716,3.716,-60.396,-675.000
3.291,3.298,3.296,3.294,3.292,3.296,3.295,3.711,3.709,3.718,3.715,3.717,3.717,3.719,-60.348,-674.000
3.296,3.299,3.296,3.298,3.300,3.297,3.299,3.716,3.711,3.708,3.711,3.719,3.719,3.713,-60.370,-673.000
3.303,3.300,3.297,3.295,3.294,3.293,3.299,3.717,3.710,3.717,3.711,3.715,3.718,3.715,-60.429,-672.000
3.294,3.293,3.295,3.287,3.289,3.295,3.294,3.712,3.714,3.708,3.705,3.715,3.711,3.714,-60.585,-671.000
3.291,3.297,3.296,3.298,3.293,3.301,3.292,3.719,3.710,3.712,3.713,3.710,3.711,3.715,-60.440,-670.000
3.298,3.300,3.298,3.293,3.298,3.299,3.303,3.719,3.715,3.717,3.715,3.720,3.720,3.716,-60.396,-669.000
3.294,3.293,3.295,3.303,3.295,3.302,3.298,3.712,3.722,3.720,3.714,3.716,3.715,3.710,-60.468,-668.000
3.301,3.296,3.293,3.297,3.296,3.296,3.297,3.717,3.720,3.724,3.717,3.714,3.719,3.711,-60.472,-667.000
3.292,3.306,3.299,3.298,3.293,3.299,3.294,3.712,3.716,3.711,3.714,3.716,3.714,3.715,-60.416,-666.000
3.291,3.291,3.295,3.287,3.293,3.288,3.292,3.713,3.711,3.712,3.711,3.713,3.720,3.720,-60.490,-665.000
3.289,3.292,3.294,3.288,3.287,3.293,3.294,3.710,3.706,3.717,3.716,3.718,3.712,3.715,-60.476,-664.000
3.285,3.288,3.286,3.290,3.287,3.286,3.286,3.713,3.717,3.712,3.713,3.706,3.715,3.707,-60.280,-663.000
3.281,3.287,3.290,3.289,3.285,3.290,3.287,3.714,3.717,3.718,3.715,3.712,3.711,3.715,-60.376,-662.000
3.295,3.286,3.292,3.281,3.289,3.287,3.285,3.707,3.710,3.713,3.709,3.709,3.710,3.713,-60.540,-661.000
3.285,3.287,3.291,3.285,3.286,3.286,3.290,3.711,3.704,3.713,3.713,3.710,3.708,3.717,-60.503,-660.000
3.290,3.289,3.287,3.287,3.289,3.289,3.286,3.712,3.715,3.710,3.711,3.711,3.714,3.708,-60.585,-659.000
3.296,3.281,3.295,3.285,3.293,3.288,3.296,3.708,3.713,3.715,3.715,3.710,3.710,3.710,-60.478,-658.000
3.290,3.295,3.295,3.291,3.296,3.292,3.296,3.717,3.715,3.716,3.719,3.717,3.715,3.715,-60.374,-657.000
3.289,3.290,3.287,3.292,3.296,3.296,3.292,3.719,3.719,3.721,3.726,3.719,3.716,3.715,-60.374,-656.000
3.294,3.301,3.297,3.295,3.294,3.294,3.299,3.722,3.721,3.721,3.723,3.724,3.723,3.717,-60.351,-655.000
3.289,3.291,3.295,3.297,3.293,3.294,3.298,3.723,3.721,3.724,3.719,3.721,3.723,3.721,-60.353,-654.000
3.295,3.292,3.291,3.290,3.300,3.291,3.295,3.718,3.719,3.723,3.716,3.716,3.722,3.722,-60.258,-653.000
3.292,3.288,3.291,3.290,3.296,3.298,3.298,3.717,3.718,3.715,3.714,3.719,3.722,3.719,-60.258,-652.000
3.291,3.291,3.290,3.288,3.287,3.286,3.287,3.715,3.717,3.713,3.717,3.714,3.718,3.717,-60.248,-651.000
3.284,3.289,3.289,3.286,3.287,3.291,3.286,3.716,3.719,3.715,3.714,3.716,3.717,3.715,-60.390,-650.000
3.284,3.288,3.288,3.283,3.293,3.289,3.286,3.714,3.718,3.712,3.709,3.711,3.714,3.709,-60.390,-649.000
3.289,3.289,3.291,3.289,3.291,3.288,3.286,3.717,3.721,3.706,3.716,3.710,3.713,3.709,-60.482,-648.000
3.288,3.287,3.289,3.289,3.287,3.283,3.291,3.708,3.723,3.711,3.717,3.716,3.717,3.719,-60.410,-647.000
3.282,3.288,3.286,3.287,3.283,3.287,3.287,3.714,3.712,3.703,3.721,3.716,3.718,3.718,-60.409,-646.000
3.287,3.289,3.286,3.284,3.286,3.291,3.285,3.709,3.712,3.712,3.708,3.712,3.717,3.716,-60.438,-645.000
3.285,3.282,3.285,3.285,3.287,3.287,3.285,3.713,3.711,3.715,3.708,3.715,3.709,3.714,-60.614,-644.000
3.280,3.283,3.293,3.282,3.288,3.284,3.285,3.712,3.716,3.714,3.720,3.711,3.709,3.713,-60.727,-643.000
3.281,3.286,3.285,3.284,3.279,3.283,3.288,3.713,3.711,3.715,3.714,3.712,3.719,3.716,-60.663,-642.000
3.280,3.283,3.285,3.282,3.283,3.279,3.290,3.710,3.715,3.713,3.715,3.708,3.716,3.709,-60.626,-641.000
3.283,3.282,3.282,3.286,3.286,3.290,3.286,3.719,3.716,3.715,3.712,3.712,3.712,3.710,-60.526,-640.000
3.284,3.281,3.284,3.280,3.284,3.284,3.276,3.713,3.711,3.705,3.712,3.713,3.718,3.708,-60.474,-639.000
3.279,3.286,3.281,3.279,3.282,3.279,3.275,3.714,3.709,3.714,3.710,3.712,3.712,3.712,-60.455,-638.000
3.273,3.276,3.274,3.278,3.278,3.279,3.279,3.706,3.705,3.704,3.706,3.707,3.710,3.707,-60.360,-637.000
3.272,3.278,3.274,3.275,3.285,3.286,3.273,3.706,3.708,3.711,3.712,3.713,3.711,3.713,-60.373,-636.000
3.282,3.284,3.278,3.274,3.280,3.280,3.280,3.709,3.712,3.708,3.712,3.704,3.710,3.708,-60.374,-635.000
3.271,3.276,3.275,3.274,3.275,3.274,3.274,3.707,3.704,3.706,3.704,3.708,3.704,3.706,-60.383,-634.000
3.280,3.278,3.276,3.277,3.271,3.275,3.274,3.711,3.710,3.705,3.712,3.704,3.702,3.707,-60.370,-633.000
3.275,3.268,3.279,3.276,3.282,3.281,3.275,3.708,3.702,3.717,3.705,3.706,3.710,3.710,-60.564,-632.000
3.270,3.272,3.273,3.272,3.273,3.281,3.273,3.701,3.706,3.702,3.709,3.704,3.704,3.706,-60.537,-631.000
3.269,3.274,3.273,3.271,3.265,3.268,3.269,3.704,3.703,3.702,3.702,3.706,3.703,3.703,-60.378,-630.000
3.270,3.272,3.264,3.266,3.267,3.269,3.263,3.712,3.708,3.706,3.709,3.707,3.705,3.698,-60.502,-629.000
3.262,3.266,3.268,3.271,3.266,3.265,3.270,3.701,3.703,3.705,3.698,3.704,3.703,3.698,-60.550,-628.000
3.266,3.266,3.261,3.271,3.270,3.271,3.265,3.704,3.699,3.703,3.698,3.705,3.702,3.702,-60.484,-627.000
3.268,3.269,3.267,3.268,3.266,3.264,3.273,3.705,3.701,3.702,3.699,3.703,3.701,3.701,-60.430,-626.000
3.270,3.270,3.274,3.271,3.270,3.277,3.264,3.706,3.705,3.694,3.699,3.704,3.708,3.706,-60.422,-625.000
3.269,3.271,3.264,3.269,3.264,3.269,3.266,3.699,3.705,3.707,3.705,3.700,3.704,3.698,-60.312,-624.000
3.271,3.273,3.266,3.272,3.268,3.268,3.271,3.703,3.706,3.712,3.703,3.702,3.702,3.708,-60.412,-623.000
3.277,3.273,3.271,3.271,3.270,3.266,3.271,3.709,3.708,3.707,3.703,3.710,3.709,3.708,-60.362,-622.000
3.270,3.271,3.271,3.272,3.271,3.273,3.278,3.711,3.706,3.710,3.706,3.707,3.707,3.709,-60.402,-621.000
3.270,3.276,3.270,3.268,3.267,3.266,3.275,3.709,3.703,3.701,3.704,3.711,3.723,3.710,-60.402,-620.000
3.275,3.272,3.272,3.270,3.278,3.273,3.276,3.699,3.715,3.707,3.710,3.712,3.712,3.713,-60.414,-619.000
3.271,3.278,3.272,3.270,3.279,3.273,3.274,3.715,3.711,3.712,3.706,3.708,3.708,3.707,-60.533,-618.000
3.273,3.276,3.269,3.274,3.272,3.271,3.268,3.712,3.710,3.715,3.710,3.710,3.708,3.706,-60.478,-617.000
3.269,3.273,3.269,3.274,3.268,3.270,3.270,3.711,3.716,3.711,3.715,3.709,3.707,3.717,-60.478,-616.000
3.269,3.278,3.271,3.270,3.277,3.273,3.273,3.710,3.708,3.708,3.714,3.710,3.711,3.720,-60.439,-615.000
3.271,3.271,3.275,3.274,3.271,3.276,3.272,3.716,3.714,3.713,3.716,3.712,3.714,3.707,-60.297,-614.000
3.274,3.269,3.277,3.269,3.277,3.271,3.282,3.713,3.710,3.705,3.710,3.713,3.719,3.714,-60.297,-613.000
3.272,3.273,3.273,3.269,3.267,3.271,3.273,3.715,3.713,3.715,3.710,3.715,3.720,3.710,-60.460,-612.000
3.274,3.272,3.274,3.274,3.273,3.270,3.276,3.712,3.713,3.714,3.706,3.712,3.709,3.714,-60.561,-611.000
3.274,3.270,3.276,3.271,3.271,3.273,3.274,3.708,3.715,3.717,3.710,3.713,3.714,3.710,-60.512,-610.000
3.271,3.275,3.276,3.275,3.274,3.278,3.269,3.712,3.712,3.709,3.707,3.711,3.706,3.707,-60.506,-609.000
3.277,3.280,3.272,3.267,3.276,3.267,3.274,3.714,3.718,3.713,3.705,3.710,3.713,3.714,-60.530,-608.000
3.276,3.273,3.271,3.273,3.277,3.275,3.276,3.713,3.714,3.716,3.718,3.715,3.715,3.713,-60.397,-607.000
3.271,3.268,3.274,3.270,3.277,3.270,3.281,3.720,3.713,3.709,3.707,3.714,3.716,3.714,-60.609,-606.000
3.271,3.277,3.272,3.279,3.275,3.271,3.279,3.716,3.716,3.719,3.716,3.713,3.714,3.713,-60.545,-605.000
3.269,3.277,3.274,3.276,3.271,3.274,3.274,3.716,3.714,3.715,3.716,3.715,3.712,3.711,-60.569,-604.000
3.264,3.271,3.273,3.271,3.272,3.280,3.271,3.712,3.716,3.711,3.713,3.711,3.716,3.716,-60.322,-603.000
3.269,3.274,3.269,3.269,3.272,3.273,3.272,3.714,3.717,3.713,3.711,3.712,3.718,3.715,-60.441,-602.000
3.267,3.273,3.271,3.272,3.272,3.271,3.266,3.711,3.719,3.717,3.716,3.713,3.719,3.717,-60.292,-601.000
3.268,3.272,3.270,3.278,3.273,3.264,3.269,3.717,3.713,3.710,3.717,3.711,3.707,3.711,-60.430,-600.000
3.272,3.269,3.269,3.270,3.269,3.270,3.270,3.714,3.711,3.711,3.712,3.716,3.713,3.714,-60.383,-599.000
3.270,3.263,3.270,3.262,3.270,3.272,3.265,3.719,3.716,3.718,3.712,3.710,3.711,3.710,-60.383,-598.000
3.264,3.265,3.273,3.265,3.263,3.269,3.264,3.710,3.712,3.713,3.711,3.710,3.709,3.712,-60.342,-597.000
3.264,3.261,3.272,3.268,3.269,3.268,3.270,3.712,3.710,3.713,3.710,3.708,3.712,3.711,-60.256,-596.000
3.269,3.270,3.267,3.269,3.271,3.264,3.261,3.715,3.716,3.709,3.713,3.715,3.707,3.705,-60.143,-595.000
3.264,3.267,3.263,3.267,3.262,3.267,3.268,3.710,3.717,3.705,3.705,3.707,3.710,3.709,-60.166,-594.000
3.267,3.268,3.261,3.270,3.263,3.271,3.267,3.714,3.714,3.707,3.710,3.712,3.708,3.713,-60.147,-593.000
3.261,3.265,3.265,3.262,3.267,3.267,3.264,3.708,3.707,3.707,3.708,3.712,3.712,3.708,-60.252,-592.000
3.269,3.260,3.264,3.265,3.268,3.272,3.273,3.705,3.708,3.705,3.707,3.714,3.710,3.709,-60.455,-591.000
3.265,3.268,3.262,3.264,3.263,3.264,3.266,3.711,3.711,3.710,3.714,3.715,3.708,3.711,-60.597,-590.000
3.267,3.268,3.264,3.270,3.266,3.268,3.262,3.710,3.709,3.713,3.709,3.712,3.708,3.708,-60.570,-589.000
3.269,3.269,3.268,3.264,3.269,3.267,3.267,3.712,3.715,3.707,3.710,3.712,3.708,3.715,-60.642,-588.000
3.268,3.269,3.270,3.267,3.268,3.269,3.268,3.714,3.715,3.709,3.713,3.703,3.714,3.712,-60.708,-587.000
3.271,3.269,3.270,3.269,3.272,3.261,3.268,3.718,3.713,3.708,3.717,3.712,3.715,3.716,-60.652,-586.000
3.268,3.271,3.274,3.268,3.269,3.272,3.272,3.718,3.714,3.721,3.717,3.719,3.720,3.723,-60.667,-585.000
3.273,3.272,3.264,3.265,3.274,3.269,3.266,3.713,3.718,3.720,3.717,3.718,3.717,3.717,-60.612,-584.000
3.268,3.267,3.273,3.270,3.278,3.268,3.270,3.716,3.720,3.717,3.717,3.714,3.718,3.713,-60.574,-583.000
3.271,3.266,3.269,3.271,3.271,3.270,3.271,3.715,3.710,3.718,3.712,3.720,3.714,3.720,-60.512,-582.000
3.270,3.267,3.267,3.269,3.269,3.268,3.268,3.716,3.717,3.716,3.717,3.721,3.719,3.719,-60.616,-581.000
3.268,3.270,3.268,3.269,3.266,3.270,3.271,3.713,3.717,3.710,3.714,3.716,3.719,3.706,-60.382,-580.000
3.272,3.268,3.268,3.268,3.264,3.270,3.265,3.713,3.717,3.713,3.710,3.714,3.713,3.714,-60.502,-579.000
3.267,3.268,3.264,3.268,3.269,3.263,3.272,3.714,3.712,3.711,3.717,3.717,3.714,3.713,-60.605,-578.000
3.267,3.268,3.269,3.270,3.267,3.271,3.266,3.717,3.710,3.715,3.718,3.713,3.714,3.714,-60.575,-577.000
3.265,3.269,3.270,3.266,3.267,3.267,3.262,3.717,3.720,3.711,3.715,3.716,3.719,3.719,-60.518,-576.000
3.263,3.264,3.269,3.261,3.259,3.260,3.261,3.713,3.717,3.709,3.709,3.711,3.712,3.710,-60.644,-575.000
3.264,3.260,3.267,3.256,3.272,3.264,3.264,3.715,3.714,3.715,3.714,3.713,3.714,3.710,-60.615,-574.000
3.259,3.261,3.258,3.271,3.267,3.264,3.264,3.711,3.715,3.712,3.714,3.708,3.713,3.710,-60.497,-573.000
3.265,3.261,3.265,3.265,3.266,3.260,3.265,3.715,3.708,3.709,3.710,3.703,3.708,3.706,-60.589,-572.000
3.261,3.260,3.261,3.261,3.262,3.260,3.258,3.712,3.707,3.709,3.716,3.714,3.715,3.710,-60.709,-571.000
3.262,3.262,3.267,3.265,3.256,3.260,3.264,3.707,3.707,3.716,3.711,3.706,3.713,3.708,-60.664,-570.000
3.258,3.262,3.260,3.259,3.265,3.264,3.262,3.714,3.713,3.711,3.708,3.709,3.707,3.710,-60.583,-569.000
3.258,3.260,3.258,3.258,3.266,3.263,3.267,3.712,3.717,3.710,3.707,3.709,3.707,3.707,-60.453,-568.000
3.257,3.258,3.256,3.254,3.259,3.260,3.252,3.704,3.707,3.703,3.707,3.707,3.705,3.707,-60.633,-567.000
3.260,3.260,3.262,3.261,3.255,3.266,3.257,3.710,3.708,3.711,3.705,3.707,3.711,3.713,-60.633,-566.000
3.260,3.256,3.259,3.260,3.250,3.257,3.253,3.710,3.710,3.708,3.714,3.709,3.716,3.709,-60.747,-565.000
3.256,3.254,3.262,3.260,3.257,3.256,3.260,3.709,3.711,3.713,3.706,3.707,3.710,3.701,-60.629,-564.000
3.253,3.257,3.258,3.251,3.251,3.258,3.261,3.705,3.707,3.709,3.712,3.711,3.715,3.705,-60.651,-563.000
3.253,3.257,3.252,3.252,3.258,3.253,3.252,3.706,3.703,3.711,3.707,3.712,3.707,3.709,-60.651,-562.000
3.256,3.260,3.252,3.255,3.256,3.252,3.252,3.712,3.714,3.711,3.712,3.710,3.707,3.707,-60.657,-561.000
3.257,3.247,3.253,3.259,3.255,3.260,3.255,3.708,3.709,3.715,3.709,3.713,3.706,3.709,-60.728,-560.000
3.255,3.250,3.252,3.247,3.252,3.250,3.250,3.703,3.707,3.716,3.712,3.706,3.709,3.709,-60.655,-559.000
3.247,3.252,3.252,3.254,3.253,3.247,3.248,3.710,3.710,3.714,3.704,3.711,3.712,3.714,-60.430,-558.000
3.253,3.246,3.248,3.246,3.250,3.244,3.245,3.711,3.705,3.706,3.708,3.708,3.711,3.711,-60.500,-557.000
3.251,3.254,3.251,3.249,3.252,3.259,3.254,3.708,3.710,3.713,3.709,3.712,3.710,3.714,-60.519,-556.000
3.253,3.254,3.251,3.250,3.252,3.250,3.251,3.710,3.714,3.706,3.711,3.713,3.710,3.714,-60.485,-555.000
3.255,3.254,3.249,3.254,3.257,3.250,3.253,3.711,3.714,3.706,3.713,3.714,3.713,3.710,-60.444,-554.000
3.251,3.250,3.257,3.251,3.247,3.256,3.254,3.712,3.708,3.713,3.706,3.711,3.706,3.709,-60.516,-553.000
3.257,3.258,3.253,3.246,3.255,3.257,3.249,3.707,3.706,3.708,3.713,3.707,3.711,3.710,-60.491,-552.000
3.253,3.255,3.255,3.247,3.258,3.256,3.252,3.709,3.709,3.712,3.713,3.713,3.709,3.706,-60.426,-551.000
3.254,3.259,3.252,3.257,3.255,3.254,3.255,3.710,3.709,3.707,3.708,3.708,3.707,3.710,-60.417,-550.000
3.253,3.256,3.252,3.256,3.260,3.254,3.254,3.708,3.706,3.712,3.712,3.710,3.708,3.706,-60.427,-549.000
3.257,3.256,3.252,3.252,3.257,3.251,3.254,3.717,3.707,3.718,3.712,3.712,3.711,3.708,-60.428,-548.000
3.259,3.261,3.259,3.254,3.251,3.257,3.259,3.716,3.719,3.708,3.716,3.712,3.719,3.720,-60.490,-547.000
3.251,3.260,3.259,3.260,3.253,3.259,3.255,3.711,3.711,3.712,3.716,3.712,3.713,3.710,-60.464,-546.000
3.260,3.254,3.251,3.257,3.253,3.258,3.251,3.708,3.710,3.705,3.714,3.710,3.715,3.709,-60.322,-545.000
3.253,3.257,3.253,3.259,3.258,3.257,3.254,3.709,3.708,3.709,3.713,3.706,3.712,3.706,-60.165,-544.000
3.253,3.251,3.252,3.250,3.260,3.254,3.255,3.710,3.712,3.707,3.706,3.709,3.708,3.715,-60.379,-543.000
3.257,3.253,3.253,3.255,3.256,3.258,3.260,3.715,3.708,3.707,3.704,3.711,3.699,3.708,-60.235,-542.000
3.253,3.260,3.254,3.254,3.252,3.250,3.256,3.706,3.704,3.706,3.711,3.709,3.709,3.711,-60.312,-541.000
3.252,3.251,3.249,3.248,3.250,3.252,3.251,3.702,3.708,3.709,3.703,3.706,3.703,3.707,-60.265,-540.000
3.251,3.255,3.243,3.250,3.250,3.248,3.253,3.716,3.708,3.708,3.705,3.705,3.700,3.699,-60.306,-539.000
3.252,3.255,3.256,3.250,3.249,3.254,3.247,3.704,3.706,3.709,3.707,3.707,3.702,3.706,-60.164,-538.000
3.241,3.252,3.248,3.244,3.254,3.256,3.252,3.702,3.711,3.706,3.710,3.707,3.710,3.707,-60.005,-537.000
3.242,3.249,3.248,3.247,3.251,3.247,3.252,3.702,3.703,3.710,3.699,3.698,3.699,3.703,-60.202,-536.000
3.248,3.249,3.248,3.249,3.252,3.253,3.246,3.706,3.706,3.704,3.707,3.706,3.707,3.706,-60.172,-535.000
3.256,3.251,3.249,3.253,3.246,3.252,3.248,3.718,3.708,3.711,3.707,3.710,3.712,3.712,-60.172,-534.000
3.249,3.258,3.243,3.249,3.240,3.244,3.246,3.703,3.702,3.706,3.706,3.710,3.705,3.707,-60.201,-533.000
3.247,3.249,3.247,3.245,3.252,3.247,3.251,3.704,3.706,3.713,3.706,3.707,3.709,3.707,-60.290,-532.000
3.252,3.248,3.244,3.247,3.249,3.246,3.243,3.702,3.708,3.709,3.703,3.704,3.704,3.709,-60.285,-531.000
3.247,3.243,3.246,3.251,3.250,3.242,3.243,3.705,3.708,3.716,3.705,3.705,3.707,3.702,-60.288,-530.000
3.245,3.247,3.242,3.249,3.243,3.246,3.246,3.708,3.707,3.705,3.709,3.701,3.708,3.705,-60.297,-529.000
3.241,3.242,3.249,3.243,3.246,3.248,3.246,3.701,3.712,3.708,3.710,3.702,3.700,3.706,-60.318,-528.000
3.242,3.250,3.237,3.247,3.243,3.242,3.242,3.701,3.704,3.704,3.709,3.706,3.700,3.703,-60.305,-527.000
3.240,3.244,3.245,3.242,3.244,3.246,3.245,3.702,3.710,3.711,3.704,3.708,3.706,3.701,-60.305,-526.000
3.243,3.244,3.247,3.249,3.248,3.245,3.244,3.705,3.705,3.706,3.705,3.704,3.704,3.704,-60.272,-525.000
3.244,3.242,3.246,3.245,3.247,3.240,3.246,3.704,3.708,3.703,3.706,3.701,3.704,3.706,-60.166,-524.000
3.243,3.240,3.243,3.238,3.243,3.246,3.249,3.700,3.703,3.702,3.701,3.706,3.704,3.707,-60.166,-523.000
3.241,3.242,3.243,3.245,3.238,3.241,3.243,3.706,3.701,3.705,3.705,3.694,3.699,3.711,-60.190,-522.000
3.244,3.244,3.244,3.242,3.240,3.245,3.237,3.697,3.706,3.700,3.708,3.701,3.697,3.696,-60.312,-521.000
3.243,3.250,3.240,3.235,3.241,3.235,3.236,3.712,3.705,3.701,3.711,3.707,3.705,3.704,-60.275,-520.000
3.238,3.241,3.240,3.244,3.241,3.243,3.240,3.707,3.701,3.703,3.706,3.698,3.702,3.703,-60.310,-519.000
3.236,3.239,3.235,3.243,3.240,3.241,3.241,3.707,3.703,3.704,3.706,3.701,3.700,3.706,-60.316,-518.000
3.236,3.240,3.245,3.242,3.238,3.242,3.238,3.705,3.706,3.701,3.701,3.702,3.698,3.707,-60.316,-517.000
3.244,3.240,3.240,3.239,3.236,3.237,3.235,3.700,3.704,3.701,3.702,3.699,3.701,3.707,-60.332,-516.000
3.236,3.236,3.236,3.239,3.240,3.237,3.237,3.705,3.700,3.706,3.699,3.698,3.700,3.698,-60.261,-515.000
3.235,3.236,3.233,3.236,3.235,3.233,3.236,3.699,3.700,3.704,3.700,3.704,3.704,3.701,-60.277,-514.000
3.234,3.240,3.238,3.234,3.234,3.234,3.232,3.705,3.706,3.701,3.697,3.699,3.696,3.698,-60.286,-513.000
3.235,3.235,3.238,3.237,3.235,3.240,3.235,3.708,3.698,3.694,3.702,3.700,3.693,3.700,-60.103,-512.000
3.235,3.237,3.235,3.231,3.234,3.235,3.235,3.695,3.693,3.697,3.696,3.697,3.702,3.702,-60.286,-511.000
3.231,3.238,3.238,3.236,3.238,3.232,3.235,3.697,3.693,3.699,3.695,3.697,3.697,3.695,-60.286,-510.000
3.235,3.235,3.234,3.232,3.235,3.230,3.235,3.699,3.701,3.701,3.704,3.697,3.699,3.696,-60.380,-509.000
3.232,3.237,3.235,3.230,3.238,3.237,3.232,3.702,3.703,3.704,3.693,3.693,3.706,3.706,-60.205,-508.000
3.233,3.227,3.237,3.231,3.235,3.229,3.233,3.701,3.699,3.698,3.702,3.700,3.701,3.698,-60.205,-507.000
3.232,3.236,3.233,3.231,3.234,3.229,3.231,3.701,3.700,3.699,3.696,3.693,3.702,3.696,-60.446,-506.000
3.228,3.230,3.229,3.227,3.234,3.229,3.231,3.700,3.700,3.703,3.699,3.694,3.699,3.697,-60.475,-505.000
3.231,3.229,3.235,3.229,3.235,3.233,3.235,3.696,3.694,3.701,3.701,3.697,3.698,3.695,-60.604,-504.000
3.235,3.231,3.227,3.227,3.228,3.232,3.227,3.698,3.701,3.701,3.699,3.695,3.698,3.696,-60.666,-503.000
3.232,3.226,3.231,3.228,3.235,3.233,3.234,3.700,3.697,3.699,3.698,3.699,3.698,3.709,-60.554,-502.000
3.228,3.233,3.230,3.228,3.229,3.232,3.227,3.699,3.700,3.697,3.700,3.695,3.700,3.699,-60.447,-501.000
3.224,3.232,3.234,3.235,3.230,3.236,3.223,3.697,3.702,3.695,3.695,3.696,3.699,3.701,-60.495,-500.000
3.229,3.225,3.229,3.232,3.225,3.224,3.231,3.695,3.698,3.701,3.694,3.701,3.700,3.702,-60.495,-499.000
3.230,3.222,3.232,3.228,3.229,3.231,3.227,3.704,3.695,3.696,3.696,3.698,3.692,3.693,-60.601,-498.000
3.230,3.234,3.233,3.229,3.224,3.234,3.226,3.697,3.694,3.700,3.705,3.703,3.698,3.703,-60.599,-497.000
3.229,3.221,3.234,3.225,3.231,3.224,3.226,3.701,3.699,3.698,3.694,3.697,3.692,3.694,-60.657,-496.000
3.225,3.232,3.228,3.232,3.229,3.235,3.230,3.698,3.699,3.703,3.702,3.698,3.699,3.698,-60.760,-495.000
3.229,3.230,3.231,3.234,3.225,3.233,3.228,3.698,3.698,3.694,3.698,3.699,3.705,3.694,-60.827,-494.000
3.226,3.230,3.232,3.225,3.224,3.228,3.230,3.699,3.697,3.698,3.699,3.702,3.696,3.694,-60.892,-493.000
3.232,3.223,3.230,3.230,3.230,3.227,3.224,3.693,3.696,3.699,3.695,3.695,3.701,3.696,-60.663,-492.000
3.224,3.227,3.228,3.231,3.228,3.227,3.228,3.702,3.701,3.700,3.695,3.695,3.696,3.692,-60.765,-491.000
3.225,3.227,3.228,3.230,3.226,3.230,3.235,3.697,3.700,3.702,3.700,3.701,3.704,3.700,-60.771,-490.000
3.229,3.224,3.223,3.225,3.228,3.231,3.228,3.696,3.695,3.702,3.695,3.692,3.697,3.693,-60.719,-489.000
3.219,3.227,3.231,3.230,3.229,3.226,3.224,3.691,3.697,3.693,3.695,3.697,3.707,3.696,-60.663,-488.000
3.222,3.223,3.229,3.226,3.219,3.231,3.230,3.693,3.690,3.688,3.693,3.695,3.694,3.693,-60.522,-487.000
3.228,3.225,3.224,3.225,3.227,3.224,3.227,3.690,3.695,3.698,3.694,3.695,3.691,3.692,-60.522,-486.000
3.228,3.225,3.232,3.227,3.229,3.227,3.223,3.691,3.690,3.691,3.697,3.688,3.695,3.693,-60.542,-485.000
3.223,3.224,3.224,3.220,3.227,3.222,3.233,3.696,3.695,3.698,3.693,3.693,3.689,3.690,-60.415,-484.000
3.227,3.222,3.217,3.221,3.220,3.231,3.224,3.697,3.698,3.689,3.695,3.697,3.691,3.698,-60.471,-483.000
3.229,3.221,3.222,3.224,3.226,3.224,3.226,3.700,3.696,3.691,3.691,3.695,3.691,3.696,-60.667,-482.000
3.221,3.225,3.222,3.231,3.219,3.224,3.221,3.689,3.690,3.693,3.696,3.698,3.694,3.690,-60.654,-481.000
3.222,3.219,3.224,3.229,3.226,3.223,3.228,3.691,3.689,3.692,3.696,3.694,3.690,3.690,-60.608,-480.000
3.223,3.224,3.222,3.227,3.223,3.223,3.227,3.693,3.687,3.697,3.699,3.692,3.690,3.693,-60.755,-479.000
3.223,3.220,3.221,3.226,3.224,3.223,3.225,3.697,3.688,3.696,3.695,3.694,3.696,3.694,-60.741,-478.000
3.222,3.226,3.223,3.225,3.226,3.224,3.225,3.692,3.696,3.696,3.694,3.699,3.692,3.694,-60.724,-477.000
3.223,3.228,3.219,3.218,3.226,3.225,3.224,3.700,3.699,3.690,3.690,3.692,3.687,3.701,-60.440,-476.000
3.228,3.227,3.226,3.225,3.221,3.218,3.227,3.698,3.700,3.695,3.697,3.696,3.695,3.696,-60.478,-475.000
3.223,3.223,3.226,3.225,3.224,3.220,3.220,3.693,3.694,3.694,3.693,3.692,3.698,3.698,-60.408,-474.000
3.225,3.223,3.219,3.227,3.228,3.222,3.227,3.695,3.690,3.689,3.689,3.694,3.691,3.695,-60.436,-473.000
3.227,3.223,3.213,3.222,3.219,3.218,3.221,3.691,3.693,3.693,3.694,3.692,3.694,3.696,-60.444,-472.000
3.219,3.218,3.223,3.222,3.224,3.218,3.219,3.699,3.693,3.695,3.694,3.689,3.691,3.684,-60.369,-471.000
3.222,3.219,3.221,3.222,3.226,3.221,3.222,3.696,3.691,3.699,3.695,3.691,3.696,3.696,-60.369,-470.000
3.219,3.221,3.223,3.219,3.228,3.221,3.223,3.696,3.694,3.701,3.691,3.687,3.696,3.696,-60.509,-469.000
3.226,3.221,3.220,3.223,3.223,3.227,3.218,3.695,3.691,3.693,3.695,3.695,3.687,3.694,-60.614,-468.000
3.221,3.217,3.226,3.219,3.221,3.222,3.224,3.698,3.700,3.693,3.701,3.694,3.694,3.692,-60.682,-467.000
3.223,3.223,3.225,3.226,3.220,3.214,3.218,3.697,3.693,3.697,3.696,3.692,3.697,3.696,-60.695,-466.000
3.219,3.219,3.219,3.219,3.222,3.224,3.222,3.698,3.695,3.694,3.700,3.697,3.695,3.698,-60.586,-465.000
3.222,3.223,3.230,3.220,3.220,3.229,3.222,3.699,3.696,3.695,3.696,3.699,3.698,3.697,-60.409,-464.000
3.223,3.221,3.223,3.218,3.213,3.222,3.225,3.694,3.694,3.695,3.698,3.693,3.700,3.695,-60.169,-463.000
3.221,3.217,3.222,3.224,3.220,3.225,3.213,3.694,3.697,3.695,3.698,3.691,3.696,3.691,-60.295,-462.000
3.216,3.222,3.221,3.219,3.220,3.218,3.218,3.698,3.695,3.691,3.695,3.693,3.688,3.693,-60.456,-461.000
3.220,3.214,3.218,3.219,3.219,3.212,3.218,3.694,3.692,3.696,3.692,3.686,3.688,3.698,-60.419,-460.000
3.218,3.211,3.214,3.217,3.220,3.220,3.219,3.696,3.696,3.694,3.692,3.693,3.691,3.694,-60.570,-459.000
3.216,3.212,3.218,3.217,3.214,3.211,3.219,3.692,3.697,3.692,3.693,3.699,3.690,3.688,-60.553,-458.000
3.220,3.217,3.214,3.217,3.218,3.215,3.211,3.692,3.694,3.689,3.685,3.693,3.690,3.692,-60.462,-457.000
3.214,3.214,3.213,3.216,3.221,3.218,3.212,3.695,3.689,3.698,3.696,3.689,3.694,3.696,-60.462,-456.000
3.220,3.214,3.215,3.216,3.217,3.217,3.214,3.689,3.696,3.695,3.691,3.695,3.693,3.689,-60.407,-455.000
3.212,3.212,3.216,3.212,3.216,3.215,3.217,3.693,3.693,3.696,3.690,3.691,3.693,3.696,-60.448,-454.000
3.213,3.214,3.214,3.212,3.214,3.217,3.212,3.698,3.687,3.703,3.687,3.691,3.690,3.691,-60.687,-453.000
3.210,3.214,3.213,3.208,3.216,3.215,3.211,3.697,3.692,3.689,3.694,3.690,3.692,3.695,-60.633,-452.000
3.211,3.214,3.218,3.204,3.216,3.210,3.208,3.690,3.693,3.690,3.693,3.691,3.696,3.686,-60.528,-451.000
3.208,3.210,3.213,3.213,3.211,3.214,3.210,3.689,3.689,3.690,3.689,3.691,3.689,3.689,-60.523,-450.000
3.213,3.210,3.211,3.215,3.208,3.217,3.212,3.697,3.692,3.694,3.683,3.686,3.689,3.685,-60.574,-449.000
3.217,3.208,3.213,3.211,3.211,3.209,3.209,3.689,3.684,3.694,3.689,3.695,3.688,3.687,-60.712,-448.000
3.211,3.213,3.211,3.209,3.207,3.209,3.198,3.688,3.684,3.689,3.685,3.689,3.691,3.687,-60.542,-447.000
3.214,3.214,3.212,3.209,3.211,3.215,3.211,3.686,3.685,3.694,3.693,3.695,3.698,3.683,-60.655,-446.000
3.207,3.208,3.207,3.212,3.208,3.212,3.210,3.686,3.689,3.688,3.693,3.689,3.684,3.690,-60.606,-445.000
3.208,3.206,3.210,3.208,3.206,3.206,3.207,3.690,3.690,3.688,3.688,3.692,3.683,3.688,-60.746,-444.000
3.209,3.205,3.202,3.208,3.206,3.203,3.210,3.689,3.692,3.690,3.689,3.692,3.691,3.690,-60.673,-443.000
3.211,3.203,3.209,3.206,3.208,3.206,3.205,3.693,3.690,3.688,3.687,3.689,3.689,3.691,-60.673,-442.000
3.210,3.212,3.204,3.212,3.206,3.203,3.205,3.687,3.691,3.695,3.691,3.699,3.688,3.690,-60.758,-441.000
3.207,3.206,3.207,3.207,3.213,3.211,3.209,3.684,3.691,3.691,3.690,3.687,3.694,3.698,-60.770,-440.000
3.209,3.211,3.204,3.203,3.209,3.210,3.208,3.688,3.688,3.695,3.695,3.697,3.690,3.690,-60.694,-439.000
3.210,3.209,3.207,3.210,3.211,3.207,3.204,3.695,3.699,3.691,3.689,3.691,3.692,3.692,-60.716,-438.000
3.209,3.213,3.211,3.207,3.209,3.210,3.213,3.687,3.686,3.697,3.686,3.689,3.692,3.692,-60.742,-437.000
3.207,3.210,3.209,3.208,3.202,3.205,3.205,3.687,3.693,3.694,3.690,3.690,3.698,3.693,-60.624,-436.000
3.210,3.213,3.208,3.211,3.211,3.204,3.212,3.693,3.698,3.699,3.692,3.686,3.689,3.690,-60.475,-435.000
3.208,3.207,3.205,3.206,3.211,3.203,3.203,3.697,3.693,3.690,3.691,3.685,3.693,3.687,-60.400,-434.000
3.209,3.214,3.208,3.206,3.210,3.204,3.206,3.692,3.695,3.690,3.696,3.687,3.686,3.688,-60.407,-433.000
3.210,3.211,3.208,3.209,3.210,3.209,3.209,3.690,3.690,3.691,3.691,3.690,3.691,3.693,-60.609,-432.000
3.209,3.209,3.208,3.207,3.202,3.209,3.204,3.683,3.693,3.700,3.691,3.691,3.690,3.689,-60.715,-431.000
3.209,3.210,3.208,3.211,3.214,3.214,3.211,3.693,3.692,3.697,3.691,3.692,3.692,3.691,-60.778,-430.000
3.210,3.208,3.211,3.207,3.207,3.206,3.211,3.692,3.688,3.689,3.690,3.697,3.695,3.694,-60.704,-429.000
3.209,3.210,3.209,3.211,3.209,3.207,3.208,3.693,3.693,3.694,3.686,3.687,3.688,3.688,-60.731,-428.000
3.209,3.205,3.211,3.198,3.204,3.206,3.209,3.688,3.688,3.691,3.690,3.689,3.693,3.690,-60.840,-427.000
3.202,3.210,3.200,3.204,3.205,3.211,3.209,3.682,3.681,3.688,3.685,3.693,3.692,3.694,-60.759,-426.000
3.203,3.206,3.205,3.210,3.205,3.208,3.202,3.692,3.686,3.684,3.689,3.688,3.693,3.691,-60.781,-425.000
3.206,3.199,3.201,3.203,3.205,3.205,3.201,3.688,3.689,3.686,3.692,3.691,3.686,3.689,-60.839,-424.000
3.209,3.207,3.208,3.205,3.202,3.203,3.208,3.687,3.688,3.686,3.688,3.684,3.693,3.689,-60.827,-423.000
3.204,3.204,3.203,3.205,3.206,3.202,3.203,3.689,3.689,3.690,3.682,3.681,3.682,3.687,-60.775,-422.000
3.206,3.208,3.199,3.208,3.201,3.211,3.201,3.690,3.688,3.691,3.686,3.685,3.689,3.688,-60.795,-421.000
3.203,3.202,3.204,3.203,3.205,3.198,3.198,3.689,3.690,3.688,3.688,3.686,3.683,3.689,-60.831,-420.000
3.203,3.206,3.201,3.200,3.202,3.204,3.203,3.685,3.679,3.685,3.684,3.689,3.686,3.688,-60.830,-419.000
3.201,3.204,3.200,3.202,3.196,3.199,3.195,3.687,3.686,3.688,3.687,3.686,3.686,3.688,-60.756,-418.000
3.196,3.200,3.201,3.198,3.196,3.197,3.199,3.686,3.685,3.685,3.685,3.685,3.687,3.689,-60.730,-417.000
3.197,3.197,3.199,3.203,3.200,3.201,3.202,3.688,3.683,3.681,3.682,3.682,3.682,3.687,-60.622,-416.000
3.203,3.202,3.196,3.200,3.193,3.197,3.196,3.680,3.684,3.685,3.690,3.685,3.684,3.686,-60.613,-415.000
3.196,3.201,3.198,3.196,3.204,3.193,3.199,3.686,3.684,3.689,3.688,3.680,3.686,3.684,-60.642,-414.000
3.201,3.199,3.201,3.198,3.201,3.199,3.196,3.684,3.680,3.687,3.687,3.686,3.687,3.683,-60.861,-413.000
3.198,3.200,3.197,3.201,3.191,3.199,3.205,3.684,3.685,3.680,3.689,3.686,3.685,3.687,-60.762,-412.000
3.197,3.191,3.199,3.196,3.196,3.193,3.196,3.685,3.685,3.683,3.684,3.683,3.682,3.679,-60.696,-411.000
3.188,3.196,3.195,3.196,3.189,3.198,3.192,3.687,3.691,3.686,3.683,3.680,3.683,3.680,-60.818,-410.000
3.195,3.191,3.193,3.191,3.192,3.190,3.195,3.681,3.683,3.679,3.688,3.677,3.681,3.683,-60.814,-409.000
3.199,3.197,3.200,3.192,3.197,3.193,3.191,3.683,3.681,3.685,3.683,3.681,3.684,3.681,-60.790,-408.000
3.196,3.191,3.189,3.193,3.192,3.189,3.196,3.676,3.682,3.684,3.688,3.679,3.681,3.682,-60.633,-407.000
3.186,3.188,3.194,3.191,3.195,3.190,3.194,3.681,3.681,3.676,3.681,3.674,3.684,3.681,-60.657,-406.000
3.188,3.189,3.192,3.196,3.193,3.195,3.200,3.677,3.680,3.681,3.686,3.685,3.681,3.683,-60.646,-405.000
3.191,3.194,3.194,3.193,3.195,3.191,3.194,3.682,3.683,3.682,3.680,3.678,3.678,3.672,-60.479,-404.000
3.189,3.188,3.189,3.189,3.191,3.191,3.195,3.683,3.679,3.680,3.681,3.684,3.683,3.685,-60.472,-403.000
3.198,3.197,3.192,3.188,3.190,3.192,3.196,3.678,3.684,3.683,3.684,3.682,3.680,3.682,-60.478,-402.000
3.188,3.185,3.191,3.191,3.192,3.194,3.191,3.679,3.684,3.679,3.683,3.682,3.683,3.680,-60.502,-401.000
3.188,3.194,3.192,3.194,3.195,3.186,3.197,3.688,3.684,3.686,3.681,3.676,3.679,3.682,-60.424,-400.000
3.188,3.189,3.189,3.190,3.189,3.186,3.192,3.681,3.684,3.679,3.685,3.680,3.686,3.686,-60.372,-399.000
3.189,3.186,3.190,3.187,3.189,3.190,3.197,3.680,3.676,3.688,3.683,3.680,3.681,3.680,-60.484,-398.000
3.188,3.187,3.188,3.184,3.186,3.191,3.189,3.677,3.692,3.679,3.682,3.689,3.686,3.681,-60.481,-397.000
3.185,3.187,3.186,3.191,3.188,3.188,3.188,3.680,3.684,3.682,3.686,3.685,3.684,3.678,-60.614,-396.000
3.182,3.192,3.186,3.190,3.189,3.191,3.185,3.683,3.682,3.684,3.682,3.683,3.680,3.680,-60.623,-395.000
3.185,3.188,3.189,3.189,3.185,3.183,3.186,3.680,3.684,3.683,3.677,3.681,3.686,3.681,-60.758,-394.000
3.189,3.183,3.187,3.188,3.184,3.191,3.187,3.679,3.681,3.683,3.682,3.683,3.681,3.683,-60.690,-393.000
3.188,3.185,3.190,3.189,3.181,3.183,3.198,3.684,3.683,3.686,3.682,3.681,3.684,3.679,-60.800,-392.000
3.184,3.186,3.184,3.190,3.186,3.189,3.190,3.686,3.683,3.681,3.687,3.680,3.679,3.679,-60.929,-391.000
3.186,3.189,3.189,3.189,3.191,3.189,3.192,3.679,3.687,3.685,3.683,3.679,3.679,3.683,-60.859,-390.000
3.186,3.194,3.183,3.186,3.187,3.187,3.185,3.684,3.682,3.682,3.680,3.689,3.689,3.685,-60.819,-389.000
3.183,3.188,3.190,3.193,3.186,3.186,3.183,3.684,3.682,3.681,3.690,3.681,3.680,3.690,-60.898,-388.000
3.188,3.182,3.192,3.178,3.187,3.188,3.187,3.688,3.686,3.684,3.683,3.683,3.685,3.685,-61.047,-387.000
3.188,3.183,3.191,3.194,3.191,3.186,3.184,3.684,3.689,3.685,3.679,3.684,3.685,3.687,-60.989,-386.000
3.183,3.180,3.185,3.187,3.187,3.186,3.185,3.680,3.681,3.685,3.681,3.679,3.679,3.683,-60.989,-385.000
3.186,3.186,3.183,3.181,3.182,3.184,3.185,3.681,3.688,3.687,3.678,3.676,3.682,3.684,-60.921,-384.000
3.181,3.183,3.175,3.179,3.182,3.183,3.182,3.682,3.681,3.684,3.688,3.683,3.682,3.689,-60.735,-383.000
3.182,3.186,3.183,3.185,3.180,3.189,3.178,3.675,3.677,3.681,3.678,3.680,3.682,3.682,-60.754,-382.000
3.188,3.182,3.185,3.180,3.187,3.181,3.183,3.684,3.682,3.681,3.677,3.679,3.682,3.672,-60.638,-381.000
3.191,3.182,3.181,3.188,3.182,3.184,3.188,3.679,3.681,3.678,3.683,3.681,3.678,3.676,-60.572,-380.000
3.185,3.183,3.185,3.175,3.181,3.184,3.179,3.674,3.674,3.681,3.683,3.687,3.684,3.678,-60.668,-379.000
3.183,3.178,3.181,3.178,3.182,3.182,3.182,3.683,3.673,3.681,3.683,3.678,3.683,3.678,-60.467,-378.000
3.182,3.182,3.184,3.183,3.186,3.182,3.185,3.681,3.680,3.677,3.680,3.678,3.679,3.684,-60.528,-377.000
3.179,3.180,3.182,3.179,3.186,3.177,3.182,3.674,3.675,3.681,3.678,3.677,3.674,3.682,-60.616,-376.000
3.176,3.181,3.175,3.180,3.179,3.181,3.178,3.677,3.681,3.677,3.685,3.681,3.682,3.680,-60.625,-375.000
3.174,3.177,3.178,3.177,3.179,3.179,3.176,3.675,3.677,3.679,3.674,3.676,3.674,3.675,-60.631,-374.000
3.172,3.180,3.182,3.174,3.175,3.174,3.182,3.675,3.673,3.673,3.673,3.673,3.679,3.678,-60.794,-373.000
3.173,3.176,3.172,3.176,3.179,3.173,3.171,3.676,3.672,3.677,3.678,3.676,3.671,3.672,-60.862,-372.000
3.173,3.176,3.173,3.173,3.171,3.177,3.173,3.678,3.674,3.677,3.671,3.673,3.680,3.678,-60.758,-371.000
3.175,3.177,3.176,3.169,3.177,3.170,3.173,3.667,3.681,3.673,3.678,3.673,3.675,3.672,-60.704,-370.000
3.174,3.174,3.177,3.176,3.174,3.175,3.169,3.681,3.681,3.675,3.682,3.674,3.676,3.672,-60.789,-369.000
3.179,3.172,3.183,3.169,3.178,3.179,3.179,3.679,3.679,3.681,3.676,3.672,3.670,3.678,-60.638,-368.000
3.173,3.178,3.177,3.175,3.177,3.172,3.173,3.674,3.675,3.671,3.674,3.679,3.670,3.679,-60.714,-367.000
3.179,3.173,3.176,3.170,3.177,3.182,3.175,3.676,3.675,3.680,3.681,3.675,3.679,3.676,-60.658,-366.000
3.172,3.182,3.175,3.176,3.175,3.174,3.179,3.678,3.677,3.675,3.682,3.672,3.671,3.676,-60.610,-365.000
3.178,3.173,3.177,3.179,3.171,3.171,3.174,3.672,3.673,3.676,3.675,3.674,3.678,3.680,-60.732,-364.000
3.172,3.172,3.175,3.175,3.176,3.178,3.177,3.672,3.680,3.679,3.678,3.678,3.679,3.683,-60.780,-363.000
3.176,3.174,3.174,3.179,3.181,3.172,3.172,3.679,3.669,3.678,3.671,3.675,3.672,3.672,-60.688,-362.000
3.170,3.177,3.173,3.178,3.176,3.178,3.174,3.680,3.676,3.678,3.676,3.680,3.680,3.679,-60.632,-361.000
3.174,3.177,3.175,3.176,3.173,3.166,3.176,3.681,3.674,3.676,3.672,3.669,3.673,3.672,-60.522,-360.000
3.169,3.175,3.174,3.176,3.172,3.173,3.174,3.674,3.685,3.678,3.673,3.679,3.676,3.677,-60.473,-359.000
3.173,3.170,3.168,3.174,3.180,3.173,3.176,3.675,3.669,3.674,3.678,3.680,3.681,3.670,-60.598,-358.000
3.176,3.179,3.175,3.180,3.171,3.172,3.172,3.674,3.678,3.672,3.673,3.676,3.680,3.673,-60.579,-357.000
3.172,3.173,3.170,3.176,3.163,3.171,3.176,3.674,3.675,3.679,3.677,3.670,3.675,3.671,-60.594,-356.000
3.171,3.172,3.170,3.168,3.170,3.175,3.168,3.675,3.675,3.680,3.672,3.676,3.676,3.672,-60.478,-355.000
3.174,3.170,3.167,3.167,3.169,3.165,3.168,3.678,3.672,3.667,3.675,3.669,3.678,3.676,-60.429,-354.000
3.166,3.168,3.167,3.172,3.164,3.172,3.167,3.669,3.671,3.664,3.673,3.674,3.668,3.675,-60.452,-353.000
3.162,3.166,3.166,3.159,3.168,3.166,3.168,3.665,3.670,3.676,3.670,3.671,3.674,3.674,-60.420,-352.000
3.167,3.163,3.168,3.167,3.166,3.167,3.164,3.669,3.682,3.673,3.676,3.668,3.673,3.673,-60.391,-351.000
3.161,3.165,3.162,3.159,3.168,3.164,3.164,3.672,3.676,3.670,3.673,3.676,3.670,3.665,-60.485,-350.000
3.163,3.166,3.165,3.162,3.166,3.164,3.161,3.669,3.668,3.671,3.675,3.672,3.668,3.675,-60.562,-349.000
3.161,3.161,3.157,3.160,3.162,3.163,3.159,3.667,3.670,3.669,3.676,3.668,3.672,3.670,-60.562,-348.000
3.162,3.161,3.160,3.164,3.163,3.163,3.155,3.672,3.669,3.668,3.668,3.668,3.666,3.667,-60.592,-347.000
3.162,3.158,3.155,3.160,3.161,3.163,3.159,3.665,3.665,3.671,3.667,3.670,3.677,3.671,-60.401,-346.000
3.162,3.158,3.160,3.159,3.158,3.158,3.160,3.672,3.669,3.671,3.666,3.667,3.667,3.668,-60.232,-345.000
3.157,3.155,3.160,3.155,3.151,3.157,3.154,3.669,3.669,3.666,3.670,3.666,3.664,3.671,-60.293,-344.000
3.151,3.156,3.154,3.151,3.157,3.153,3.157,3.669,3.676,3.674,3.665,3.668,3.674,3.669,-60.276,-343.000
3.158,3.158,3.153,3.157,3.154,3.157,3.152,3.671,3.669,3.666,3.668,3.672,3.674,3.665,-60.363,-342.000
3.153,3.155,3.152,3.158,3.150,3.157,3.155,3.670,3.667,3.668,3.665,3.668,3.670,3.681,-60.363,-341.000
3.154,3.151,3.149,3.153,3.150,3.155,3.158,3.670,3.670,3.672,3.671,3.664,3.670,3.668,-60.302,-340.000
3.154,3.151,3.153,3.154,3.157,3.162,3.157,3.667,3.667,3.671,3.669,3.670,3.669,3.672,-60.386,-339.000
3.155,3.150,3.155,3.148,3.156,3.148,3.158,3.669,3.667,3.666,3.668,3.670,3.669,3.665,-60.386,-338.000
3.154,3.151,3.149,3.149,3.153,3.151,3.150,3.668,3.671,3.669,3.667,3.670,3.668,3.666,-60.354,-337.000
3.143,3.154,3.148,3.156,3.154,3.147,3.145,3.669,3.664,3.669,3.671,3.664,3.667,3.665,-60.415,-336.000
3.150,3.153,3.153,3.152,3.153,3.146,3.154,3.664,3.661,3.665,3.664,3.670,3.662,3.665,-60.482,-335.000
3.145,3.147,3.145,3.143,3.144,3.145,3.150,3.663,3.657,3.665,3.660,3.671,3.663,3.664,-60.628,-334.000
3.150,3.149,3.145,3.144,3.148,3.152,3.149,3.662,3.662,3.663,3.663,3.660,3.662,3.660,-60.814,-333.000
3.150,3.148,3.144,3.152,3.155,3.150,3.144,3.669,3.666,3.660,3.661,3.665,3.663,3.665,-60.758,-332.000
3.150,3.147,3.147,3.149,3.146,3.149,3.144,3.663,3.665,3.661,3.660,3.661,3.660,3.657,-60.813,-331.000
3.142,3.144,3.147,3.147,3.144,3.145,3.152,3.665,3.661,3.662,3.663,3.657,3.659,3.659,-60.777,-330.000
3.143,3.139,3.144,3.143,3.144,3.141,3.150,3.664,3.662,3.660,3.671,3.659,3.655,3.663,-60.827,-329.000
3.143,3.144,3.142,3.147,3.145,3.144,3.141,3.661,3.654,3.657,3.656,3.662,3.654,3.662,-60.706,-328.000
3.146,3.147,3.147,3.153,3.142,3.145,3.145,3.659,3.661,3.660,3.659,3.657,3.653,3.655,-60.706,-327.000
3.147,3.146,3.146,3.146,3.147,3.140,3.147,3.662,3.657,3.658,3.655,3.662,3.659,3.652,-60.781,-326.000
3.145,3.146,3.142,3.144,3.146,3.139,3.143,3.662,3.659,3.654,3.653,3.656,3.653,3.659,-61.062,-325.000
3.135,3.141,3.149,3.149,3.142,3.144,3.148,3.661,3.654,3.664,3.652,3.654,3.660,3.660,-61.004,-324.000
3.142,3.148,3.148,3.146,3.136,3.148,3.142,3.657,3.656,3.655,3.655,3.654,3.659,3.663,-61.001,-323.000
3.151,3.145,3.135,3.144,3.144,3.139,3.144,3.654,3.656,3.654,3.655,3.661,3.652,3.658,-60.888,-322.000
3.150,3.137,3.139,3.136,3.136,3.144,3.148,3.655,3.656,3.656,3.660,3.659,3.658,3.656,-60.830,-321.000
3.147,3.142,3.144,3.142,3.139,3.152,3.145,3.657,3.653,3.657,3.655,3.657,3.654,3.658,-60.817,-320.000
3.140,3.139,3.141,3.139,3.147,3.150,3.143,3.656,3.662,3.660,3.657,3.654,3.654,3.656,-60.800,-319.000
3.139,3.141,3.144,3.146,3.145,3.148,3.146,3.654,3.657,3.658,3.662,3.664,3.658,3.658,-60.797,-318.000
3.141,3.146,3.147,3.144,3.144,3.147,3.149,3.655,3.653,3.661,3.660,3.661,3.665,3.663,-60.797,-317.000
3.146,3.142,3.146,3.146,3.148,3.148,3.143,3.656,3.654,3.660,3.658,3.666,3.656,3.653,-60.599,-316.000
3.147,3.145,3.143,3.140,3.146,3.142,3.143,3.659,3.660,3.658,3.656,3.650,3.659,3.658,-60.706,-315.000
3.144,3.147,3.146,3.148,3.146,3.145,3.144,3.657,3.658,3.649,3.654,3.655,3.654,3.663,-60.706,-314.000
3.147,3.146,3.148,3.144,3.149,3.144,3.142,3.659,3.657,3.660,3.660,3.660,3.663,3.664,-60.632,-313.000
3.147,3.152,3.143,3.148,3.142,3.146,3.145,3.660,3.666,3.664,3.666,3.660,3.654,3.655,-60.578,-312.000
3.146,3.148,3.148,3.149,3.146,3.152,3.153,3.659,3.662,3.659,3.664,3.660,3.657,3.658,-60.580,-311.000
3.145,3.151,3.149,3.150,3.146,3.151,3.147,3.660,3.655,3.656,3.658,3.656,3.667,3.661,-60.659,-310.000
3.146,3.145,3.149,3.148,3.149,3.144,3.148,3.659,3.656,3.661,3.661,3.659,3.661,3.658,-60.652,-309.000
3.144,3.142,3.143,3.141,3.144,3.153,3.140,3.659,3.659,3.662,3.663,3.663,3.660,3.656,-60.678,-308.000
3.144,3.145,3.148,3.148,3.148,3.148,3.149,3.656,3.659,3.660,3.665,3.661,3.663,3.658,-60.727,-307.000
3.138,3.147,3.140,3.148,3.144,3.147,3.144,3.659,3.658,3.663,3.664,3.669,3.659,3.660,-60.655,-306.000
3.148,3.145,3.142,3.146,3.140,3.143,3.143,3.658,3.661,3.665,3.659,3.669,3.662,3.665,-60.806,-305.000
3.152,3.139,3.143,3.144,3.147,3.149,3.153,3.660,3.664,3.658,3.660,3.662,3.658,3.665,-60.586,-304.000
3.144,3.142,3.141,3.141,3.141,3.147,3.141,3.662,3.666,3.661,3.665,3.658,3.660,3.663,-60.586,-303.000
3.143,3.148,3.142,3.142,3.147,3.141,3.144,3.664,3.660,3.661,3.661,3.659,3.655,3.657,-60.477,-302.000
3.148,3.144,3.135,3.146,3.139,3.144,3.144,3.664,3.659,3.659,3.665,3.660,3.671,3.662,-60.555,-301.000
3.143,3.144,3.142,3.141,3.146,3.144,3.143,3.663,3.663,3.669,3.666,3.664,3.668,3.667,-60.538,-300.000
3.143,3.143,3.142,3.138,3.146,3.149,3.145,3.662,3.662,3.667,3.671,3.668,3.665,3.660,-60.444,-299.000
3.147,3.140,3.143,3.142,3.139,3.144,3.152,3.666,3.667,3.663,3.660,3.667,3.669,3.669,-60.655,-298.000
3.142,3.140,3.144,3.142,3.141,3.140,3.142,3.658,3.659,3.661,3.671,3.659,3.662,3.663,-60.655,-297.000
3.140,3.140,3.141,3.145,3.138,3.137,3.140,3.662,3.661,3.664,3.663,3.662,3.667,3.656,-60.616,-296.000
3.136,3.141,3.141,3.137,3.143,3.142,3.136,3.665,3.670,3.667,3.670,3.665,3.668,3.666,-60.525,-295.000
3.134,3.140,3.142,3.134,3.139,3.141,3.141,3.664,3.667,3.666,3.663,3.664,3.660,3.658,-60.502,-294.000
3.139,3.142,3.143,3.140,3.140,3.138,3.139,3.665,3.667,3.667,3.662,3.664,3.669,3.659,-60.545,-293.000
3.141,3.142,3.135,3.141,3.137,3.141,3.139,3.659,3.670,3.668,3.673,3.659,3.662,3.672,-60.586,-292.000
3.135,3.135,3.143,3.134,3.141,3.136,3.141,3.668,3.664,3.663,3.665,3.665,3.660,3.663,-60.586,-291.000
3.138,3.141,3.136,3.137,3.138,3.141,3.138,3.671,3.666,3.666,3.661,3.664,3.659,3.667,-60.602,-290.000
3.140,3.135,3.139,3.136,3.134,3.137,3.139,3.671,3.660,3.659,3.665,3.665,3.667,3.665,-60.616,-289.000
3.131,3.136,3.139,3.136,3.135,3.131,3.136,3.659,3.672,3.667,3.663,3.672,3.665,3.663,-60.616,-288.000
3.138,3.134,3.138,3.141,3.140,3.133,3.137,3.668,3.662,3.663,3.658,3.661,3.666,3.666,-60.773,-287.000
3.136,3.135,3.135,3.132,3.136,3.143,3.136,3.661,3.660,3.664,3.667,3.661,3.662,3.671,-60.695,-286.000
3.138,3.134,3.131,3.135,3.126,3.133,3.133,3.671,3.670,3.666,3.665,3.666,3.665,3.666,-60.688,-285.000
3.140,3.131,3.142,3.132,3.134,3.134,3.132,3.668,3.665,3.666,3.669,3.662,3.668,3.671,-60.573,-284.000
3.137,3.133,3.136,3.135,3.134,3.132,3.136,3.666,3.668,3.666,3.668,3.668,3.665,3.668,-60.843,-283.000
3.139,3.135,3.138,3.135,3.132,3.129,3.134,3.666,3.660,3.666,3.666,3.669,3.668,3.667,-60.774,-282.000
3.130,3.128,3.136,3.131,3.129,3.136,3.133,3.665,3.667,3.665,3.662,3.672,3.667,3.667,-60.889,-281.000
3.140,3.132,3.134,3.129,3.135,3.132,3.131,3.670,3.668,3.662,3.669,3.665,3.663,3.670,-60.659,-280.000
3.133,3.129,3.130,3.130,3.132,3.134,3.135,3.664,3.664,3.669,3.665,3.665,3.662,3.668,-60.661,-279.000
3.129,3.136,3.130,3.133,3.131,3.137,3.130,3.670,3.668,3.667,3.667,3.668,3.664,3.663,-60.619,-278.000
3.138,3.136,3.135,3.137,3.136,3.132,3.138,3.671,3.670,3.674,3.670,3.664,3.666,3.669,-60.532,-277.000
3.137,3.135,3.135,3.130,3.129,3.133,3.126,3.667,3.670,3.671,3.665,3.667,3.669,3.671,-60.577,-276.000
3.133,3.136,3.132,3.136,3.134,3.138,3.133,3.669,3.664,3.666,3.668,3.668,3.661,3.666,-60.637,-275.000
3.135,3.137,3.133,3.138,3.130,3.136,3.133,3.671,3.668,3.670,3.667,3.662,3.668,3.664,-60.637,-274.000
3.129,3.135,3.133,3.130,3.126,3.136,3.134,3.663,3.665,3.663,3.670,3.667,3.672,3.662,-60.504,-273.000
3.133,3.125,3.134,3.127,3.135,3.131,3.136,3.666,3.661,3.664,3.668,3.666,3.668,3.665,-60.483,-272.000
3.130,3.127,3.138,3.133,3.134,3.132,3.137,3.671,3.668,3.677,3.668,3.666,3.668,3.673,-60.483,-271.000
3.125,3.129,3.131,3.126,3.124,3.131,3.132,3.668,3.661,3.676,3.672,3.671,3.671,3.670,-60.307,-270.000
3.135,3.134,3.127,3.131,3.134,3.128,3.126,3.670,3.668,3.666,3.666,3.666,3.665,3.667,-60.247,-269.000
3.125,3.126,3.129,3.128,3.128,3.126,3.129,3.661,3.670,3.661,3.662,3.665,3.663,3.666,-60.247,-268.000
3.127,3.121,3.127,3.130,3.124,3.132,3.128,3.660,3.663,3.666,3.663,3.663,3.668,3.666,-60.250,-267.000
3.121,3.124,3.125,3.122,3.127,3.133,3.124,3.664,3.664,3.661,3.667,3.671,3.667,3.674,-60.415,-266.000
3.129,3.127,3.126,3.126,3.125,3.129,3.124,3.663,3.670,3.666,3.666,3.668,3.673,3.661,-60.164,-265.000
3.129,3.127,3.125,3.125,3.125,3.120,3.125,3.658,3.665,3.666,3.663,3.669,3.662,3.673,-60.164,-264.000
3.121,3.122,3.125,3.125,3.130,3.125,3.125,3.663,3.661,3.661,3.664,3.665,3.665,3.662,-60.363,-263.000
3.126,3.124,3.121,3.121,3.125,3.124,3.126,3.661,3.666,3.664,3.664,3.671,3.669,3.662,-60.570,-262.000
3.118,3.119,3.123,3.121,3.127,3.124,3.120,3.660,3.660,3.661,3.665,3.664,3.664,3.662,-60.558,-261.000
3.124,3.124,3.125,3.126,3.126,3.123,3.125,3.663,3.664,3.662,3.665,3.669,3.669,3.665,-60.557,-260.000
3.118,3.122,3.122,3.124,3.123,3.131,3.123,3.668,3.664,3.660,3.669,3.666,3.665,3.667,-60.609,-259.000
3.121,3.124,3.125,3.121,3.119,3.128,3.126,3.663,3.669,3.670,3.670,3.659,3.664,3.664,-60.725,-258.000
3.125,3.122,3.123,3.119,3.126,3.123,3.124,3.660,3.667,3.666,3.659,3.662,3.666,3.663,-60.620,-257.000
3.121,3.128,3.124,3.124,3.124,3.122,3.123,3.667,3.665,3.657,3.661,3.667,3.659,3.665,-60.755,-256.000
3.119,3.120,3.121,3.122,3.127,3.124,3.121,3.672,3.666,3.664,3.668,3.664,3.663,3.668,-60.733,-255.000
3.121,3.120,3.117,3.128,3.119,3.122,3.118,3.667,3.668,3.665,3.663,3.670,3.672,3.667,-60.890,-254.000
3.123,3.120,3.124,3.122,3.123,3.123,3.123,3.667,3.666,3.667,3.668,3.667,3.667,3.666,-60.865,-253.000
3.112,3.115,3.121,3.121,3.124,3.118,3.121,3.671,3.667,3.664,3.666,3.666,3.666,3.667,-60.893,-252.000
3.116,3.121,3.117,3.116,3.117,3.117,3.116,3.672,3.663,3.664,3.667,3.666,3.668,3.671,-60.596,-251.000
3.120,3.114,3.121,3.120,3.118,3.117,3.120,3.665,3.662,3.668,3.669,3.664,3.670,3.666,-60.593,-250.000
3.117,3.118,3.122,3.116,3.118,3.119,3.125,3.669,3.667,3.669,3.664,3.665,3.668,3.664,-60.650,-249.000
3.114,3.113,3.116,3.118,3.116,3.113,3.118,3.670,3.672,3.671,3.668,3.675,3.673,3.668,-60.803,-248.000
3.118,3.117,3.116,3.115,3.110,3.113,3.122,3.666,3.664,3.666,3.661,3.665,3.658,3.666,-60.618,-247.000
3.112,3.112,3.115,3.116,3.112,3.110,3.119,3.664,3.668,3.663,3.667,3.667,3.665,3.666,-60.693,-246.000
3.114,3.111,3.112,3.113,3.111,3.112,3.113,3.666,3.669,3.665,3.668,3.663,3.667,3.672,-60.670,-245.000
3.112,3.114,3.116,3.117,3.115,3.110,3.113,3.666,3.666,3.670,3.664,3.666,3.666,3.667,-60.710,-244.000
3.111,3.110,3.108,3.109,3.115,3.110,3.109,3.664,3.663,3.663,3.668,3.667,3.666,3.667,-60.623,-243.000
3.109,3.106,3.115,3.114,3.106,3.115,3.110,3.665,3.663,3.670,3.667,3.662,3.664,3.661,-60.707,-242.000
3.108,3.109,3.112,3.107,3.113,3.109,3.110,3.668,3.665,3.670,3.667,3.667,3.670,3.658,-60.774,-241.000
3.107,3.108,3.105,3.104,3.113,3.109,3.104,3.668,3.665,3.665,3.669,3.664,3.666,3.665,-60.600,-240.000
3.105,3.110,3.108,3.107,3.110,3.105,3.105,3.662,3.669,3.669,3.665,3.662,3.666,3.663,-60.610,-239.000
3.110,3.106,3.113,3.105,3.108,3.102,3.105,3.666,3.668,3.663,3.666,3.666,3.663,3.658,-60.699,-238.000
3.106,3.107,3.106,3.110,3.107,3.102,3.107,3.656,3.661,3.667,3.662,3.667,3.661,3.664,-60.628,-237.000
3.107,3.102,3.105,3.108,3.107,3.107,3.111,3.671,3.667,3.666,3.664,3.665,3.667,3.660,-60.556,-236.000
3.107,3.107,3.109,3.105,3.112,3.103,3.101,3.664,3.667,3.670,3.670,3.661,3.663,3.660,-60.554,-235.000
3.105,3.103,3.104,3.108,3.107,3.106,3.108,3.657,3.659,3.665,3.660,3.665,3.666,3.663,-60.481,-234.000
3.101,3.104,3.102,3.103,3.108,3.110,3.106,3.664,3.662,3.663,3.666,3.665,3.661,3.668,-60.447,-233.000
3.106,3.106,3.098,3.101,3.101,3.098,3.100,3.658,3.664,3.665,3.665,3.661,3.664,3.662,-60.456,-232.000
3.101,3.106,3.105,3.108,3.106,3.107,3.103,3.665,3.666,3.662,3.666,3.661,3.663,3.661,-60.679,-231.000
3.103,3.105,3.106,3.102,3.106,3.109,3.101,3.665,3.669,3.661,3.662,3.664,3.668,3.657,-60.769,-230.000
3.105,3.107,3.108,3.100,3.101,3.104,3.106,3.666,3.664,3.666,3.666,3.667,3.668,3.669,-60.835,-229.000
3.098,3.105,3.101,3.110,3.106,3.105,3.101,3.663,3.660,3.665,3.670,3.672,3.666,3.663,-60.846,-228.000
3.100,3.104,3.106,3.103,3.101,3.102,3.102,3.667,3.664,3.661,3.662,3.662,3.666,3.668,-60.710,-227.000
3.103,3.103,3.100,3.101,3.101,3.102,3.097,3.664,3.664,3.663,3.662,3.659,3.668,3.663,-60.769,-226.000
3.104,3.105,3.105,3.105,3.101,3.105,3.107,3.663,3.666,3.666,3.664,3.663,3.664,3.668,-60.702,-225.000
3.102,3.105,3.099,3.104,3.107,3.105,3.106,3.663,3.671,3.666,3.663,3.661,3.665,3.668,-60.595,-224.000
3.103,3.102,3.104,3.107,3.106,3.107,3.102,3.666,3.661,3.658,3.663,3.667,3.669,3.666,-60.583,-223.000
3.100,3.096,3.100,3.101,3.104,3.101,3.103,3.658,3.661,3.662,3.664,3.663,3.661,3.659,-60.533,-222.000
3.104,3.103,3.103,3.104,3.102,3.102,3.104,3.658,3.660,3.664,3.665,3.665,3.666,3.669,-60.521,-221.000
3.104,3.096,3.097,3.103,3.104,3.103,3.107,3.656,3.663,3.660,3.666,3.664,3.664,3.663,-60.524,-220.000
3.097,3.100,3.098,3.103,3.103,3.099,3.102,3.656,3.664,3.668,3.666,3.664,3.664,3.663,-60.652,-219.000
3.100,3.092,3.097,3.095,3.101,3.103,3.094,3.661,3.662,3.658,3.662,3.665,3.667,3.665,-60.544,-218.000
3.098,3.099,3.093,3.099,3.095,3.095,3.099,3.667,3.662,3.663,3.660,3.663,3.655,3.666,-60.600,-217.000
3.095,3.095,3.098,3.096,3.101,3.097,3.097,3.666,3.666,3.667,3.670,3.662,3.666,3.664,-60.579,-216.000
3.095,3.097,3.097,3.101,3.094,3.094,3.091,3.667,3.664,3.663,3.663,3.658,3.659,3.656,-60.489,-215.000
3.092,3.092,3.100,3.094,3.096,3.096,3.101,3.657,3.667,3.668,3.669,3.663,3.665,3.662,-60.502,-214.000
3.094,3.093,3.096,3.096,3.094,3.098,3.097,3.664,3.667,3.659,3.666,3.662,3.669,3.662,-60.439,-213.000
3.091,3.092,3.090,3.095,3.102,3.093,3.100,3.662,3.663,3.664,3.664,3.668,3.662,3.658,-60.474,-212.000
3.088,3.088,3.093,3.093,3.094,3.092,3.095,3.666,3.661,3.662,3.662,3.660,3.657,3.673,-60.498,-211.000
3.095,3.094,3.091,3.087,3.089,3.098,3.094,3.661,3.659,3.666,3.668,3.664,3.665,3.662,-60.548,-210.000
3.090,3.094,3.093,3.095,3.090,3.092,3.092,3.660,3.664,3.660,3.659,3.661,3.661,3.666,-60.467,-209.000
3.093,3.094,3.091,3.089,3.088,3.090,3.093,3.673,3.663,3.661,3.659,3.662,3.659,3.661,-60.412,-208.000
3.087,3.092,3.092,3.093,3.089,3.093,3.095,3.660,3.659,3.659,3.666,3.662,3.661,3.665,-60.461,-207.000
3.085,3.088,3.084,3.086,3.084,3.088,3.086,3.658,3.658,3.658,3.654,3.659,3.658,3.658,-60.545,-206.000
3.086,3.083,3.080,3.086,3.084,3.089,3.094,3.662,3.659,3.666,3.663,3.654,3.659,3.662,-60.562,-205.000
3.085,3.085,3.085,3.088,3.081,3.090,3.084,3.660,3.659,3.658,3.658,3.663,3.664,3.658,-60.592,-204.000
3.085,3.087,3.087,3.086,3.089,3.088,3.086,3.660,3.664,3.668,3.662,3.660,3.660,3.661,-60.649,-203.000
3.087,3.084,3.082,3.084,3.081,3.086,3.089,3.661,3.659,3.659,3.663,3.657,3.662,3.656,-60.621,-202.000
3.083,3.083,3.082,3.083,3.081,3.079,3.077,3.651,3.656,3.654,3.654,3.661,3.662,3.653,-60.621,-201.000
3.084,3.081,3.078,3.079,3.080,3.083,3.083,3.659,3.654,3.654,3.656,3.663,3.666,3.661,-60.559,-200.000
3.086,3.082,3.087,3.081,3.082,3.082,3.085,3.657,3.653,3.665,3.659,3.664,3.660,3.664,-60.481,-199.000
3.080,3.080,3.078,3.081,3.082,3.082,3.081,3.661,3.659,3.659,3.663,3.664,3.669,3.668,-60.495,-198.000
3.079,3.074,3.082,3.079,3.080,3.077,3.080,3.658,3.658,3.658,3.661,3.654,3.656,3.662,-60.546,-197.000
3.080,3.084,3.082,3.077,3.083,3.074,3.087,3.657,3.657,3.654,3.656,3.658,3.654,3.659,-60.646,-196.000
3.075,3.081,3.076,3.075,3.082,3.075,3.079,3.659,3.663,3.663,3.661,3.651,3.655,3.656,-60.731,-195.000
3.081,3.073,3.084,3.078,3.079,3.079,3.080,3.659,3.653,3.657,3.658,3.652,3.658,3.655,-60.622,-194.000
3.076,3.068,3.074,3.078,3.074,3.075,3.077,3.661,3.655,3.654,3.659,3.660,3.656,3.658,-60.658,-193.000
3.080,3.076,3.076,3.076,3.081,3.077,3.074,3.653,3.653,3.658,3.655,3.654,3.659,3.659,-60.683,-192.000
3.076,3.071,3.075,3.073,3.074,3.073,3.079,3.660,3.656,3.656,3.661,3.657,3.660,3.653,-60.540,-191.000
3.072,3.071,3.075,3.077,3.079,3.073,3.074,3.654,3.656,3.662,3.650,3.655,3.657,3.652,-60.395,-190.000
3.069,3.077,3.075,3.076,3.077,3.073,3.076,3.655,3.651,3.650,3.655,3.650,3.658,3.656,-60.400,-189.000
3.073,3.075,3.072,3.071,3.071,3.071,3.070,3.660,3.657,3.657,3.653,3.655,3.654,3.654,-60.597,-188.000
3.068,3.072,3.072,3.069,3.075,3.072,3.070,3.655,3.663,3.654,3.656,3.652,3.656,3.655,-60.596,-187.000
3.074,3.063,3.074,3.066,3.074,3.074,3.069,3.649,3.652,3.655,3.654,3.654,3.661,3.660,-60.630,-186.000
3.069,3.067,3.076,3.069,3.071,3.069,3.071,3.653,3.651,3.656,3.655,3.653,3.656,3.652,-60.604,-185.000
3.068,3.064,3.070,3.068,3.073,3.069,3.076,3.656,3.662,3.656,3.648,3.657,3.658,3.646,-60.507,-184.000
3.076,3.068,3.072,3.069,3.071,3.070,3.070,3.651,3.649,3.652,3.653,3.652,3.656,3.655,-60.507,-183.000
3.070,3.066,3.074,3.067,3.071,3.065,3.067,3.652,3.656,3.648,3.653,3.656,3.655,3.657,-60.553,-182.000
3.065,3.069,3.066,3.077,3.069,3.073,3.064,3.658,3.656,3.651,3.660,3.647,3.657,3.654,-60.421,-181.000
3.064,3.070,3.067,3.066,3.067,3.068,3.069,3.654,3.660,3.662,3.656,3.653,3.653,3.653,-60.421,-180.000
3.068,3.065,3.065,3.069,3.072,3.063,3.071,3.651,3.656,3.653,3.654,3.658,3.655,3.656,-60.522,-179.000
3.069,3.066,3.062,3.067,3.066,3.071,3.068,3.656,3.656,3.655,3.659,3.654,3.656,3.656,-60.460,-178.000
3.066,3.063,3.062,3.068,3.062,3.058,3.065,3.651,3.650,3.661,3.656,3.657,3.652,3.656,-60.460,-177.000
3.065,3.071,3.063,3.062,3.062,3.071,3.066,3.658,3.646,3.657,3.648,3.656,3.655,3.658,-60.538,-176.000
3.065,3.068,3.063,3.064,3.064,3.066,3.068,3.650,3.652,3.655,3.660,3.647,3.656,3.660,-60.430,-175.000
3.065,3.072,3.069,3.064,3.067,3.061,3.065,3.658,3.659,3.658,3.649,3.657,3.653,3.650,-60.430,-174.000
3.065,3.070,3.065,3.067,3.071,3.066,3.070,3.654,3.655,3.655,3.655,3.663,3.656,3.654,-60.389,-173.000
3.068,3.062,3.067,3.062,3.063,3.061,3.065,3.657,3.656,3.660,3.659,3.652,3.652,3.656,-60.413,-172.000
3.066,3.062,3.068,3.063,3.069,3.062,3.063,3.654,3.656,3.653,3.654,3.656,3.655,3.661,-60.341,-171.000
3.067,3.066,3.065,3.064,3.065,3.064,3.071,3.656,3.655,3.652,3.656,3.658,3.658,3.653,-60.351,-170.000
3.060,3.063,3.059,3.061,3.063,3.064,3.063,3.655,3.653,3.656,3.655,3.660,3.657,3.657,-60.168,-169.000
3.066,3.059,3.057,3.066,3.062,3.069,3.064,3.657,3.663,3.652,3.659,3.656,3.655,3.651,-60.168,-168.000
3.065,3.063,3.062,3.059,3.058,3.063,3.061,3.655,3.656,3.658,3.661,3.659,3.660,3.660,-60.283,-167.000
3.063,3.061,3.064,3.070,3.055,3.061,3.072,3.652,3.651,3.656,3.655,3.657,3.656,3.658,-60.352,-166.000
3.059,3.067,3.062,3.058,3.061,3.062,3.062,3.657,3.653,3.649,3.645,3.656,3.658,3.659,-60.352,-165.000
3.062,3.062,3.061,3.061,3.063,3.063,3.061,3.656,3.657,3.654,3.653,3.656,3.650,3.653,-60.369,-164.000
3.063,3.063,3.065,3.061,3.061,3.060,3.060,3.658,3.655,3.660,3.660,3.664,3.660,3.658,-60.410,-163.000
3.068,3.056,3.060,3.064,3.062,3.060,3.064,3.662,3.654,3.657,3.658,3.652,3.652,3.653,-60.410,-162.000
3.057,3.062,3.061,3.059,3.056,3.063,3.061,3.658,3.660,3.654,3.658,3.658,3.661,3.661,-60.380,-161.000
3.059,3.065,3.060,3.060,3.062,3.061,3.056,3.654,3.651,3.655,3.661,3.661,3.653,3.654,-60.480,-160.000
3.055,3.060,3.062,3.061,3.063,3.058,3.057,3.661,3.662,3.656,3.654,3.651,3.658,3.655,-60.480,-159.000
3.052,3.058,3.056,3.053,3.054,3.062,3.056,3.656,3.655,3.650,3.655,3.658,3.655,3.655,-60.298,-158.000
3.055,3.052,3.052,3.053,3.058,3.050,3.052,3.651,3.654,3.656,3.651,3.643,3.647,3.658,-60.347,-157.000
3.053,3.055,3.056,3.055,3.056,3.051,3.056,3.659,3.650,3.652,3.657,3.657,3.658,3.654,-60.347,-156.000
3.048,3.056,3.054,3.054,3.051,3.053,3.055,3.653,3.653,3.652,3.655,3.652,3.654,3.651,-60.363,-155.000
3.058,3.051,3.049,3.049,3.050,3.051,3.048,3.654,3.655,3.656,3.656,3.649,3.649,3.654,-60.514,-154.000
3.052,3.051,3.049,3.049,3.055,3.049,3.049,3.653,3.653,3.656,3.649,3.650,3.652,3.655,-60.353,-153.000
3.054,3.049,3.051,3.047,3.050,3.048,3.048,3.651,3.647,3.654,3.656,3.657,3.654,3.659,-60.410,-152.000
3.055,3.051,3.053,3.054,3.048,3.048,3.050,3.654,3.657,3.648,3.656,3.648,3.653,3.652,-60.329,-151.000
3.046,3.044,3.048,3.049,3.044,3.047,3.047,3.651,3.651,3.651,3.654,3.655,3.648,3.650,-60.443,-150.000
3.047,3.049,3.047,3.055,3.045,3.047,3.050,3.651,3.656,3.654,3.652,3.654,3.649,3.646,-60.535,-149.000
3.049,3.049,3.043,3.041,3.049,3.041,3.045,3.652,3.652,3.649,3.654,3.655,3.651,3.654,-60.451,-148.000
3.043,3.045,3.042,3.042,3.042,3.045,3.045,3.650,3.652,3.652,3.644,3.644,3.650,3.650,-60.649,-147.000
3.048,3.047,3.052,3.049,3.051,3.047,3.049,3.653,3.651,3.646,3.651,3.637,3.649,3.652,-60.554,-146.000
3.037,3.043,3.049,3.048,3.040,3.045,3.042,3.652,3.648,3.649,3.650,3.651,3.651,3.650,-60.599,-145.000
3.040,3.043,3.049,3.041,3.047,3.040,3.042,3.649,3.651,3.652,3.646,3.652,3.649,3.643,-60.497,-144.000
3.050,3.040,3.049,3.047,3.047,3.050,3.051,3.649,3.649,3.646,3.651,3.649,3.656,3.655,-60.503,-143.000
3.048,3.048,3.044,3.047,3.039,3.050,3.047,3.644,3.655,3.645,3.652,3.656,3.652,3.650,-60.497,-142.000
3.043,3.049,3.044,3.047,3.045,3.051,3.053,3.653,3.655,3.655,3.656,3.652,3.654,3.652,-60.328,-141.000
3.042,3.047,3.039,3.045,3.040,3.047,3.040,3.656,3.651,3.655,3.655,3.652,3.652,3.653,-60.401,-140.000
3.047,3.048,3.053,3.044,3.048,3.049,3.046,3.647,3.657,3.653,3.658,3.658,3.654,3.653,-60.537,-139.000
3.045,3.035,3.048,3.045,3.049,3.044,3.050,3.658,3.658,3.649,3.651,3.656,3.656,3.658,-60.748,-138.000
3.042,3.043,3.046,3.048,3.042,3.048,3.049,3.651,3.648,3.656,3.661,3.660,3.660,3.660,-60.740,-137.000
3.050,3.046,3.049,3.054,3.051,3.045,3.049,3.651,3.653,3.651,3.657,3.657,3.654,3.656,-60.778,-136.000
3.043,3.040,3.048,3.047,3.048,3.037,3.042,3.656,3.653,3.655,3.653,3.656,3.656,3.655,-60.677,-135.000
3.045,3.042,3.045,3.044,3.046,3.042,3.043,3.644,3.659,3.653,3.651,3.655,3.652,3.653,-60.671,-134.000
3.047,3.043,3.045,3.047,3.044,3.043,3.038,3.654,3.653,3.652,3.654,3.655,3.652,3.656,-60.835,-133.000
3.043,3.042,3.043,3.043,3.048,3.045,3.044,3.644,3.646,3.661,3.656,3.654,3.654,3.653,-60.741,-132.000
3.040,3.042,3.041,3.047,3.044,3.045,3.040,3.661,3.656,3.657,3.651,3.651,3.653,3.655,-60.688,-131.000
3.036,3.043,3.037,3.034,3.037,3.047,3.038,3.659,3.655,3.655,3.651,3.654,3.654,3.661,-60.640,-130.000
3.043,3.040,3.040,3.042,3.040,3.040,3.040,3.656,3.655,3.653,3.655,3.656,3.652,3.656,-60.675,-129.000
3.041,3.042,3.035,3.036,3.043,3.038,3.032,3.651,3.652,3.654,3.656,3.654,3.654,3.656,-60.665,-128.000
3.034,3.045,3.037,3.036,3.036,3.034,3.037,3.655,3.658,3.657,3.655,3.659,3.654,3.654,-60.478,-127.000
3.038,3.030,3.037,3.037,3.038,3.034,3.036,3.648,3.657,3.654,3.656,3.656,3.655,3.657,-60.537,-126.000
3.037,3.038,3.033,3.039,3.035,3.040,3.035,3.648,3.651,3.660,3.656,3.653,3.651,3.650,-60.581,-125.000
3.035,3.031,3.040,3.034,3.039,3.032,3.037,3.656,3.656,3.649,3.660,3.659,3.658,3.651,-60.668,-124.000
3.033,3.043,3.034,3.041,3.037,3.035,3.031,3.655,3.654,3.655,3.651,3.657,3.657,3.652,-60.566,-123.000
3.032,3.029,3.035,3.033,3.036,3.029,3.033,3.649,3.650,3.650,3.651,3.646,3.652,3.655,-60.570,-122.000
3.034,3.028,3.031,3.036,3.032,3.028,3.032,3.649,3.657,3.655,3.654,3.654,3.650,3.647,-60.618,-121.000
3.031,3.033,3.031,3.037,3.032,3.036,3.036,3.655,3.656,3.655,3.655,3.656,3.649,3.653,-60.593,-120.000
3.033,3.035,3.033,3.030,3.036,3.029,3.030,3.656,3.655,3.651,3.651,3.656,3.653,3.656,-60.593,-119.000
3.028,3.035,3.033,3.027,3.031,3.036,3.034,3.651,3.653,3.654,3.650,3.656,3.653,3.651,-60.561,-118.000
3.028,3.033,3.032,3.032,3.032,3.031,3.029,3.656,3.655,3.655,3.655,3.654,3.648,3.645,-60.663,-117.000
3.031,3.029,3.032,3.039,3.030,3.033,3.030,3.655,3.654,3.655,3.653,3.653,3.655,3.651,-60.540,-116.000
3.029,3.028,3.023,3.031,3.030,3.032,3.028,3.654,3.655,3.651,3.652,3.653,3.658,3.655,-60.531,-115.000
3.030,3.033,3.032,3.032,3.025,3.033,3.028,3.658,3.653,3.652,3.656,3.653,3.653,3.656,-60.406,-114.000
3.031,3.033,3.029,3.029,3.030,3.030,3.026,3.651,3.659,3.648,3.653,3.650,3.661,3.652,-60.406,-113.000
3.022,3.028,3.030,3.031,3.033,3.036,3.033,3.657,3.657,3.654,3.652,3.657,3.652,3.651,-60.267,-112.000
3.035,3.036,3.031,3.028,3.027,3.033,3.027,3.654,3.659,3.652,3.654,3.659,3.656,3.653,-60.372,-111.000
3.035,3.028,3.030,3.026,3.031,3.036,3.025,3.651,3.647,3.652,3.655,3.652,3.655,3.653,-60.300,-110.000
3.024,3.026,3.028,3.020,3.024,3.030,3.036,3.656,3.652,3.650,3.651,3.654,3.651,3.649,-60.464,-109.000
3.028,3.028,3.028,3.025,3.025,3.025,3.030,3.650,3.652,3.648,3.649,3.649,3.648,3.653,-60.387,-108.000
3.025,3.026,3.025,3.030,3.025,3.021,3.023,3.651,3.659,3.655,3.654,3.654,3.653,3.655,-60.432,-107.000
3.019,3.026,3.033,3.030,3.024,3.022,3.023,3.653,3.657,3.656,3.654,3.650,3.656,3.656,-60.491,-106.000
3.022,3.022,3.022,3.028,3.029,3.023,3.027,3.643,3.649,3.653,3.654,3.653,3.644,3.656,-60.571,-105.000
3.022,3.024,3.027,3.023,3.019,3.030,3.018,3.651,3.652,3.653,3.656,3.652,3.649,3.650,-60.482,-104.000
3.021,3.016,3.018,3.024,3.023,3.020,3.021,3.655,3.655,3.652,3.649,3.655,3.654,3.654,-60.613,-103.000
3.018,3.022,3.021,3.022,3.023,3.021,3.023,3.651,3.647,3.654,3.650,3.654,3.655,3.656,-60.613,-102.000
3.019,3.018,3.018,3.019,3.018,3.026,3.022,3.651,3.649,3.651,3.653,3.650,3.644,3.648,-60.541,-101.000
3.024,3.023,3.021,3.018,3.022,3.027,3.024,3.655,3.651,3.653,3.653,3.649,3.653,3.649,-60.350,-100.000
3.012,3.016,3.018,3.018,3.020,3.016,3.016,3.650,3.645,3.647,3.648,3.653,3.651,3.654,-60.334,-99.000
3.015,3.019,3.022,3.016,3.019,3.018,3.020,3.648,3.647,3.649,3.646,3.652,3.653,3.653,-60.395,-98.000
3.013,3.007,3.014,3.016,3.021,3.012,3.015,3.647,3.648,3.648,3.650,3.647,3.648,3.654,-60.353,-97.000
3.016,3.012,3.020,3.010,3.014,3.016,3.016,3.652,3.651,3.655,3.656,3.652,3.652,3.650,-60.669,-96.000
3.013,3.017,3.019,3.019,3.014,3.015,3.026,3.656,3.656,3.647,3.652,3.649,3.654,3.652,-60.539,-95.000
3.015,3.010,3.016,3.015,3.014,3.012,3.012,3.652,3.652,3.653,3.650,3.650,3.650,3.650,-60.602,-94.000
3.013,3.017,3.020,3.013,3.016,3.016,3.014,3.648,3.654,3.649,3.651,3.648,3.649,3.650,-60.508,-93.000
3.019,3.014,3.014,3.013,3.013,3.015,3.016,3.655,3.648,3.650,3.648,3.651,3.645,3.653,-60.579,-92.000
3.018,3.015,3.012,3.015,3.017,3.013,3.016,3.650,3.651,3.649,3.653,3.651,3.652,3.649,-60.531,-91.000
3.007,3.008,3.011,3.013,3.008,3.013,3.015,3.651,3.648,3.654,3.652,3.652,3.649,3.647,-60.451,-90.000
3.010,3.011,3.007,3.013,3.012,3.014,3.011,3.652,3.647,3.653,3.654,3.649,3.653,3.648,-60.470,-89.000
3.016,3.012,3.015,3.013,3.012,3.011,3.014,3.647,3.649,3.653,3.646,3.648,3.652,3.655,-60.562,-88.000
3.011,3.010,3.016,3.008,3.009,3.008,3.015,3.654,3.650,3.650,3.649,3.652,3.650,3.648,-60.499,-87.000
3.010,3.013,3.012,3.009,3.008,3.014,3.012,3.646,3.652,3.655,3.651,3.656,3.651,3.644,-60.486,-86.000
3.011,3.007,3.011,3.013,3.014,3.012,3.004,3.647,3.653,3.656,3.654,3.653,3.657,3.648,-60.464,-85.000
3.005,3.007,3.013,3.011,3.014,3.009,3.009,3.654,3.656,3.648,3.645,3.650,3.651,3.650,-60.394,-84.000
3.013,3.004,3.014,3.011,3.010,3.011,3.008,3.645,3.649,3.651,3.647,3.651,3.643,3.648,-60.394,-83.000
3.005,3.007,3.005,3.010,3.001,3.007,3.004,3.648,3.653,3.650,3.651,3.650,3.649,3.646,-60.364,-82.000
2.999,2.998,3.008,3.007,3.006,3.005,3.003,3.642,3.654,3.647,3.646,3.649,3.644,3.649,-60.414,-81.000
3.005,3.001,3.006,3.005,3.009,3.007,3.010,3.648,3.650,3.649,3.649,3.646,3.655,3.648,-60.446,-80.000
3.005,3.002,3.004,3.003,3.008,3.004,3.008,3.646,3.647,3.644,3.649,3.648,3.645,3.653,-60.383,-79.000
3.007,3.008,3.003,3.004,3.002,3.006,3.000,3.654,3.646,3.647,3.650,3.653,3.645,3.647,-60.555,-78.000
3.008,3.004,3.005,3.005,3.007,3.000,3.003,3.646,3.645,3.647,3.654,3.648,3.647,3.651,-60.567,-77.000
3.000,3.004,2.998,2.995,2.996,3.004,3.002,3.644,3.642,3.646,3.642,3.641,3.641,3.644,-60.608,-76.000
3.002,2.998,3.002,2.997,3.003,3.003,3.000,3.647,3.645,3.653,3.645,3.645,3.645,3.644,-60.560,-75.000
3.003,3.001,2.997,2.997,2.994,2.997,2.999,3.646,3.643,3.649,3.642,3.645,3.650,3.640,-60.678,-74.000
2.998,2.995,3.003,3.004,3.003,2.999,3.002,3.646,3.644,3.647,3.645,3.644,3.647,3.642,-60.724,-73.000
2.992,3.001,2.994,2.998,3.001,2.999,2.998,3.643,3.638,3.640,3.654,3.643,3.644,3.652,-60.756,-72.000
2.995,2.999,3.008,3.002,3.000,3.005,2.994,3.650,3.643,3.638,3.644,3.640,3.643,3.642,-60.616,-71.000
2.998,2.992,3.001,2.995,2.994,2.998,3.003,3.643,3.649,3.647,3.643,3.645,3.642,3.648,-60.739,-70.000
2.997,2.994,2.996,2.996,2.996,2.997,2.991,3.644,3.644,3.644,3.645,3.649,3.642,3.645,-60.905,-69.000
2.999,2.999,2.995,2.996,2.994,2.998,3.000,3.643,3.650,3.645,3.648,3.643,3.650,3.649,-60.757,-68.000
2.995,3.002,2.999,2.996,2.998,2.999,2.994,3.646,3.646,3.647,3.643,3.644,3.642,3.641,-60.821,-67.000
2.998,2.998,3.001,3.001,2.994,2.998,2.994,3.643,3.648,3.646,3.640,3.643,3.644,3.644,-60.645,-66.000
3.002,2.998,2.997,2.997,2.993,2.992,3.000,3.645,3.645,3.650,3.649,3.651,3.642,3.652,-60.497,-65.000
3.000,2.994,2.999,2.999,3.007,2.994,3.000,3.646,3.642,3.651,3.645,3.639,3.646,3.643,-60.799,-64.000
2.998,2.998,2.996,2.992,2.994,2.996,2.995,3.647,3.640,3.645,3.649,3.649,3.643,3.648,-60.793,-63.000
2.997,3.001,2.997,2.997,3.002,2.992,2.998,3.648,3.643,3.638,3.638,3.649,3.649,3.653,-60.694,-62.000
2.995,2.999,2.993,3.000,3.002,2.998,3.000,3.647,3.646,3.646,3.647,3.643,3.651,3.644,-60.681,-61.000
2.996,2.999,2.993,2.996,2.994,2.999,3.000,3.645,3.649,3.649,3.643,3.650,3.641,3.641,-60.710,-60.000
2.999,2.996,2.992,2.997,2.996,2.995,2.997,3.647,3.649,3.649,3.646,3.651,3.646,3.643,-60.731,-59.000
2.997,2.998,2.996,2.997,2.998,2.999,2.997,3.646,3.647,3.644,3.651,3.644,3.647,3.647,-60.698,-58.000
2.995,3.000,2.998,2.991,2.991,3.001,2.997,3.648,3.655,3.653,3.650,3.644,3.648,3.648,-60.698,-57.000
2.991,2.999,3.000,2.995,2.996,2.999,2.999,3.646,3.653,3.646,3.648,3.648,3.656,3.649,-60.828,-56.000
2.995,2.992,2.995,2.998,2.994,2.999,2.995,3.649,3.645,3.647,3.648,3.650,3.643,3.645,-60.655,-55.000
2.998,3.001,2.998,2.995,2.997,2.993,2.992,3.653,3.650,3.639,3.647,3.648,3.649,3.649,-60.655,-54.000
2.995,2.992,2.992,2.994,2.997,2.989,2.991,3.652,3.650,3.646,3.650,3.649,3.649,3.649,-60.767,-53.000
2.999,2.994,2.995,3.002,2.997,2.998,2.993,3.653,3.650,3.650,3.642,3.648,3.647,3.651,-60.769,-52.000
3.000,2.997,3.000,2.998,2.996,3.000,2.999,3.648,3.650,3.644,3.647,3.646,3.644,3.648,-60.634,-51.000
2.990,2.992,2.997,2.996,2.997,2.994,2.997,3.651,3.653,3.654,3.652,3.649,3.648,3.653,-60.787,-50.000
2.999,2.998,2.999,2.994,3.002,2.995,3.001,3.652,3.649,3.650,3.655,3.654,3.646,3.655,-60.840,-49.000
2.996,2.993,2.991,3.000,2.997,2.999,2.999,3.656,3.652,3.649,3.651,3.651,3.657,3.652,-60.557,-48.000
2.994,2.995,3.000,2.995,2.998,2.992,2.995,3.656,3.657,3.652,3.651,3.656,3.650,3.654,-60.520,-47.000
2.994,3.004,2.995,2.994,2.994,2.996,2.996,3.649,3.652,3.649,3.655,3.652,3.649,3.648,-60.499,-46.000
2.995,2.990,2.992,2.998,2.988,2.994,2.998,3.651,3.652,3.651,3.651,3.657,3.658,3.659,-60.546,-45.000
2.995,2.993,2.992,2.992,2.998,2.994,2.998,3.652,3.646,3.642,3.646,3.649,3.648,3.657,-60.674,-44.000
2.995,2.995,3.003,2.995,2.995,2.998,2.996,3.653,3.653,3.652,3.649,3.645,3.651,3.652,-60.669,-43.000
2.996,2.998,2.991,2.998,2.998,2.995,2.994,3.648,3.650,3.647,3.648,3.649,3.653,3.654,-60.649,-42.000
2.990,2.993,2.995,2.998,3.000,3.000,2.988,3.650,3.656,3.650,3.652,3.648,3.653,3.650,-60.493,-41.000
2.995,2.994,2.990,2.992,2.995,2.994,2.993,3.650,3.650,3.649,3.642,3.650,3.645,3.648,-60.702,-40.000
2.996,2.990,2.999,2.995,2.999,2.997,2.991,3.652,3.647,3.649,3.647,3.647,3.650,3.652,-60.716,-39.000
2.994,2.994,2.993,2.992,2.990,2.993,2.998,3.647,3.646,3.646,3.653,3.652,3.650,3.645,-60.581,-38.000
2.988,2.992,2.993,2.993,2.991,3.001,2.984,3.648,3.650,3.652,3.651,3.644,3.645,3.651,-60.540,-37.000
2.992,2.991,2.989,2.991,2.997,2.998,2.994,3.648,3.649,3.652,3.647,3.645,3.644,3.649,-60.659,-36.000
2.995,2.988,2.988,2.987,2.991,2.988,2.995,3.649,3.641,3.645,3.654,3.649,3.653,3.650,-60.591,-35.000
2.985,2.990,2.989,2.988,2.990,2.985,2.990,3.652,3.650,3.649,3.650,3.650,3.647,3.648,-60.681,-34.000
2.992,2.989,2.989,2.989,2.987,2.992,2.994,3.639,3.650,3.646,3.645,3.645,3.644,3.644,-60.741,-33.000
2.985,2.985,2.982,2.988,2.986,2.989,2.991,3.655,3.645,3.647,3.649,3.646,3.647,3.645,-60.691,-32.000
2.988,2.988,2.990,2.990,2.984,2.988,2.988,3.649,3.647,3.649,3.642,3.645,3.648,3.643,-60.764,-31.000
2.988,2.997,2.988,2.990,2.987,2.994,2.989,3.646,3.649,3.640,3.647,3.650,3.647,3.650,-60.652,-30.000
2.983,2.987,2.983,2.990,2.993,2.984,2.983,3.645,3.649,3.647,3.651,3.653,3.653,3.646,-60.670,-29.000
2.982,2.988,2.988,2.989,2.987,2.990,2.991,3.644,3.642,3.648,3.643,3.645,3.642,3.641,-60.584,-28.000
2.988,2.983,2.984,2.980,2.983,2.984,2.988,3.643,3.645,3.645,3.650,3.651,3.644,3.644,-60.540,-27.000
2.981,2.984,2.985,2.987,2.984,2.980,2.984,3.644,3.643,3.646,3.643,3.643,3.645,3.644,-60.503,-26.000
2.984,2.980,2.987,2.982,2.986,2.980,2.981,3.645,3.644,3.649,3.648,3.641,3.646,3.646,-60.432,-25.000
2.984,2.989,2.985,2.981,2.978,2.982,2.985,3.645,3.646,3.642,3.649,3.643,3.641,3.640,-60.586,-24.000
2.990,2.982,2.987,2.982,2.984,2.976,2.982,3.642,3.645,3.646,3.644,3.644,3.639,3.642,-60.624,-23.000
2.978,2.983,2.978,2.981,2.981,2.982,2.981,3.643,3.642,3.645,3.644,3.638,3.645,3.644,-60.624,-22.000
2.982,2.977,2.979,2.982,2.978,2.982,2.978,3.648,3.648,3.645,3.643,3.643,3.642,3.641,-60.516,-21.000
2.979,2.976,2.983,2.980,2.980,2.977,2.981,3.640,3.639,3.647,3.642,3.638,3.644,3.642,-60.524,-20.000
2.979,2.981,2.977,2.983,2.977,2.980,2.980,3.641,3.638,3.640,3.642,3.645,3.637,3.642,-60.626,-19.000
2.975,2.982,2.982,2.985,2.983,2.984,2.976,3.646,3.644,3.647,3.646,3.644,3.644,3.638,-60.497,-18.000
2.983,2.972,2.977,2.979,2.979,2.978,2.974,3.642,3.641,3.646,3.640,3.642,3.641,3.644,-60.606,-17.000
2.980,2.977,2.976,2.977,2.974,2.974,2.982,3.646,3.647,3.645,3.645,3.652,3.646,3.643,-60.671,-16.000
2.977,2.981,2.983,2.977,2.975,2.975,2.979,3.650,3.645,3.645,3.639,3.641,3.641,3.642,-60.743,-15.000
2.979,2.985,2.975,2.973,2.973,2.972,2.976,3.642,3.647,3.642,3.636,3.641,3.638,3.641,-60.767,-14.000
2.978,2.974,2.974,2.968,2.970,2.968,2.976,3.646,3.644,3.647,3.636,3.636,3.636,3.640,-60.811,-13.000
2.970,2.975,2.979,2.973,2.970,2.973,2.970,3.640,3.645,3.639,3.640,3.647,3.641,3.644,-60.602,-12.000
2.976,2.973,2.975,2.974,2.970,2.971,2.971,3.636,3.633,3.637,3.643,3.639,3.639,3.645,-60.602,-11.000
2.969,2.973,2.973,2.976,2.974,2.981,2.975,3.637,3.639,3.638,3.640,3.633,3.639,3.637,-60.694,-10.000
2.971,2.963,2.969,2.976,2.971,2.974,2.974,3.636,3.635,3.640,3.640,3.639,3.640,3.640,-60.636,-9.000
2.973,2.973,2.970,2.968,2.968,2.966,2.970,3.636,3.639,3.638,3.637,3.644,3.642,3.640,-60.546,-8.000
2.974,2.978,2.971,2.966,2.967,2.967,2.969,3.639,3.633,3.634,3.646,3.632,3.637,3.639,-60.601,-7.000
2.971,2.968,2.971,2.963,2.976,2.967,2.970,3.639,3.639,3.641,3.637,3.636,3.639,3.639,-60.665,-6.000
2.965,2.968,2.961,2.967,2.974,2.972,2.965,3.639,3.639,3.637,3.637,3.636,3.636,3.639,-60.634,-5.000
2.964,2.963,2.964,2.962,2.967,2.965,2.973,3.635,3.636,3.635,3.634,3.633,3.631,3.634,-60.594,-4.000
2.963,2.968,2.964,2.958,2.965,2.969,2.966,3.634,3.632,3.632,3.632,3.637,3.634,3.642,-60.622,-3.000
2.968,2.967,2.964,2.966,2.964,2.961,2.965,3.635,3.633,3.634,3.627,3.627,3.632,3.635,-60.465,-2.000
2.960,2.960,2.963,2.966,2.963,2.958,2.961,3.633,3.628,3.628,3.636,3.631,3.638,3.636,-60.482,-1.000
2.965,2.963,2.967,2.958,2.959,2.968,2.963,3.629,3.631,3.633,3.631,3.629,3.631,3.633,-60.450,0.000
2.954,2.968,2.959,2.963,2.960,2.962,2.958,3.634,3.630,3.630,3.628,3.625,3.635,3.624,-60.399,1.000
2.962,2.960,2.957,2.958,2.957,2.956,2.954,3.633,3.627,3.630,3.631,3.634,3.630,3.630,-60.436,2.000
2.958,2.963,2.954,2.961,2.956,2.961,2.961,3.633,3.630,3.631,3.633,3.629,3.630,3.631,-60.404,3.000
2.957,2.958,2.955,2.962,2.958,2.958,2.958,3.627,3.628,3.629,3.629,3.624,3.626,3.633,-60.457,4.000
2.960,2.959,2.958,2.959,2.959,2.960,2.957,3.632,3.629,3.627,3.633,3.631,3.626,3.629,-60.440,5.000
2.951,2.954,2.956,2.957,2.959,2.958,2.956,3.628,3.627,3.624,3.624,3.632,3.629,3.629,-60.320,6.000
2.950,2.959,2.962,2.956,2.953,2.950,2.957,3.627,3.627,3.626,3.622,3.631,3.633,3.626,-60.320,7.000
2.955,2.957,2.955,2.957,2.959,2.959,2.951,3.631,3.627,3.622,3.627,3.629,3.625,3.630,-60.258,8.000
2.954,2.962,2.962,2.959,2.953,2.951,2.956,3.625,3.632,3.629,3.631,3.630,3.628,3.635,-60.543,9.000
2.955,2.959,2.961,2.957,2.957,2.957,2.952,3.629,3.633,3.631,3.627,3.629,3.627,3.631,-60.520,10.000
2.961,2.955,2.956,2.951,2.963,2.955,2.961,3.632,3.632,3.631,3.632,3.633,3.629,3.632,-60.393,11.000
2.961,2.965,2.961,2.962,2.952,2.954,2.949,3.631,3.633,3.636,3.635,3.632,3.632,3.625,-60.418,12.000
2.961,2.959,2.963,2.958,2.953,2.958,2.959,3.638,3.638,3.632,3.638,3.637,3.631,3.639,-60.495,13.000
2.962,2.957,2.960,2.963,2.960,2.959,2.956,3.633,3.634,3.634,3.635,3.637,3.635,3.636,-60.517,14.000
2.964,2.960,2.965,2.960,2.960,2.957,2.963,3.634,3.634,3.637,3.640,3.637,3.635,3.637,-60.645,15.000
2.961,2.960,2.965,2.957,2.958,2.958,2.963,3.642,3.641,3.633,3.644,3.643,3.636,3.637,-60.554,16.000
2.961,2.968,2.964,2.960,2.967,2.964,2.963,3.638,3.639,3.634,3.640,3.636,3.639,3.638,-60.610,17.000
2.958,2.960,2.959,2.965,2.963,2.962,2.961,3.633,3.638,3.637,3.636,3.631,3.633,3.638,-60.714,18.000
2.957,2.958,2.963,2.963,2.960,2.960,2.962,3.637,3.636,3.636,3.639,3.632,3.638,3.640,-60.622,19.000
2.957,2.962,2.965,2.962,2.965,2.965,2.961,3.633,3.634,3.635,3.628,3.635,3.644,3.637,-60.632,20.000
2.965,2.967,2.966,2.968,2.961,2.953,2.966,3.639,3.644,3.643,3.643,3.633,3.632,3.634,-60.706,21.000
2.964,2.963,2.954,2.959,2.963,2.964,2.954,3.637,3.645,3.640,3.640,3.639,3.641,3.636,-60.566,22.000
2.954,2.964,2.959,2.961,2.958,2.961,2.958,3.641,3.636,3.636,3.634,3.628,3.635,3.641,-60.474,23.000
2.963,2.960,2.958,2.957,2.959,2.963,2.953,3.634,3.637,3.638,3.632,3.636,3.639,3.638,-60.510,24.000
2.951,2.956,2.961,2.957,2.949,2.953,2.954,3.635,3.640,3.635,3.636,3.632,3.636,3.636,-60.385,25.000
2.955,2.960,2.954,2.956,2.954,2.959,2.954,3.634,3.636,3.633,3.632,3.636,3.640,3.639,-60.572,26.000
2.956,2.955,2.956,2.959,2.962,2.963,2.955,3.633,3.636,3.631,3.637,3.639,3.645,3.638,-60.668,27.000
2.959,2.955,2.956,2.955,2.952,2.956,2.951,3.636,3.638,3.638,3.639,3.629,3.633,3.635,-60.650,28.000
2.954,2.953,2.957,2.957,2.955,2.954,2.958,3.633,3.637,3.635,3.632,3.630,3.638,3.633,-60.703,29.000
2.961,2.951,2.952,2.960,2.952,2.949,2.959,3.632,3.637,3.638,3.639,3.637,3.629,3.635,-60.780,30.000
2.954,2.958,2.957,2.957,2.956,2.952,2.955,3.628,3.637,3.637,3.640,3.641,3.641,3.633,-60.618,31.000
2.950,2.952,2.953,2.956,2.952,2.954,2.955,3.634,3.628,3.638,3.642,3.631,3.635,3.631,-60.706,32.000
2.959,2.955,2.957,2.954,2.953,2.951,2.953,3.632,3.629,3.630,3.633,3.630,3.631,3.633,-60.743,33.000
2.954,2.958,2.954,2.950,2.949,2.956,2.954,3.631,3.632,3.635,3.630,3.636,3.634,3.633,-60.903,34.000
2.950,2.953,2.953,2.953,2.957,2.953,2.958,3.628,3.633,3.631,3.631,3.628,3.625,3.635,-60.834,35.000
2.951,2.957,2.960,2.957,2.952,2.959,2.947,3.630,3.628,3.628,3.630,3.637,3.635,3.635,-60.734,36.000
2.955,2.948,2.952,2.959,2.953,2.947,2.950,3.627,3.625,3.632,3.628,3.632,3.631,3.632,-60.646,37.000
2.956,2.956,2.953,2.952,2.953,2.953,2.951,3.630,3.629,3.631,3.633,3.630,3.629,3.629,-60.664,38.000
2.955,2.954,2.948,2.952,2.950,2.945,2.958,3.631,3.637,3.629,3.635,3.626,3.623,3.628,-60.683,39.000
2.952,2.955,2.952,2.955,2.956,2.953,2.955,3.636,3.631,3.631,3.633,3.634,3.627,3.632,-60.592,40.000
2.948,2.954,2.951,2.954,2.954,2.952,2.956,3.635,3.633,3.640,3.636,3.631,3.632,3.634,-60.562,41.000
2.963,2.957,2.960,2.957,2.954,2.956,2.954,3.637,3.636,3.641,3.632,3.630,3.631,3.635,-60.663,42.000
2.955,2.958,2.965,2.960,2.956,2.947,2.958,3.631,3.638,3.629,3.641,3.637,3.634,3.635,-60.727,43.000
2.961,2.962,2.960,2.963,2.965,2.957,2.961,3.640,3.644,3.638,3.639,3.643,3.634,3.639,-60.764,44.000
2.958,2.959,2.961,2.955,2.955,2.955,2.956,3.636,3.636,3.640,3.639,3.638,3.639,3.642,-60.665,45.000
2.959,2.958,2.964,2.962,2.959,2.961,2.964,3.642,3.642,3.643,3.637,3.641,3.639,3.636,-60.695,46.000
2.955,2.957,2.954,2.958,2.954,2.959,2.959,3.640,3.637,3.641,3.641,3.638,3.638,3.633,-60.539,47.000
2.956,2.958,2.954,2.953,2.955,2.953,2.955,3.627,3.635,3.643,3.639,3.635,3.636,3.635,-60.579,48.000
2.957,2.954,2.955,2.954,2.950,2.955,2.953,3.637,3.636,3.633,3.638,3.628,3.638,3.632,-60.674,49.000
2.950,2.955,2.952,2.949,2.946,2.952,2.950,3.634,3.635,3.632,3.633,3.630,3.633,3.628,-60.747,50.000
2.952,2.948,2.951,2.943,2.953,2.949,2.951,3.629,3.631,3.635,3.630,3.629,3.629,3.633,-60.697,51.000
2.943,2.946,2.947,2.945,2.944,2.952,2.949,3.626,3.628,3.635,3.627,3.629,3.627,3.634,-60.686,52.000
2.944,2.951,2.951,2.947,2.949,2.947,2.951,3.631,3.627,3.622,3.626,3.630,3.626,3.632,-60.603,53.000
2.948,2.946,2.947,2.951,2.945,2.943,2.949,3.626,3.626,3.627,3.625,3.622,3.627,3.626,-60.547,54.000
2.943,2.947,2.948,2.949,2.938,2.946,2.949,3.623,3.629,3.620,3.623,3.628,3.627,3.631,-60.512,55.000
2.946,2.947,2.952,2.943,2.946,2.951,2.948,3.628,3.627,3.624,3.625,3.625,3.625,3.631,-60.594,56.000
2.950,2.949,2.952,2.950,2.948,2.942,2.949,3.632,3.628,3.625,3.628,3.629,3.627,3.628,-60.615,57.000
2.949,2.946,2.950,2.950,2.941,2.940,2.947,3.629,3.624,3.622,3.630,3.630,3.625,3.624,-60.737,58.000
2.947,2.946,2.947,2.947,2.946,2.945,2.947,3.634,3.632,3.626,3.627,3.621,3.622,3.628,-60.838,59.000
2.945,2.951,2.946,2.950,2.945,2.951,2.943,3.625,3.631,3.624,3.625,3.630,3.628,3.626,-60.652,60.000
2.948,2.951,2.944,2.950,2.950,2.952,2.953,3.630,3.631,3.625,3.631,3.632,3.628,3.627,-60.547,61.000
2.945,2.939,2.953,2.951,2.949,2.946,2.949,3.621,3.626,3.629,3.625,3.626,3.628,3.629,-60.583,62.000
2.957,2.947,2.948,2.946,2.948,2.946,2.944,3.629,3.629,3.630,3.627,3.618,3.629,3.630,-60.620,63.000
2.947,2.951,2.944,2.950,2.949,2.947,2.946,3.633,3.630,3.626,3.628,3.631,3.624,3.627,-60.631,64.000
2.953,2.944,2.945,2.943,2.943,2.947,2.948,3.623,3.625,3.630,3.629,3.626,3.626,3.625,-60.655,65.000
2.952,2.944,2.949,2.940,2.943,2.946,2.943,3.626,3.620,3.623,3.626,3.627,3.633,3.619,-60.576,66.000
2.950,2.951,2.946,2.944,2.949,2.941,2.943,3.624,3.625,3.622,3.627,3.625,3.624,3.624,-60.505,67.000
2.943,2.937,2.943,2.946,2.948,2.942,2.941,3.612,3.621,3.630,3.618,3.628,3.626,3.622,-60.547,68.000
2.944,2.947,2.942,2.945,2.947,2.943,2.945,3.629,3.631,3.628,3.623,3.624,3.630,3.624,-60.725,69.000
2.947,2.946,2.944,2.952,2.947,2.949,2.948,3.626,3.629,3.628,3.625,3.628,3.624,3.630,-60.419,70.000
2.947,2.948,2.948,2.948,2.948,2.957,2.955,3.628,3.625,3.627,3.629,3.631,3.628,3.631,-60.443,71.000
2.946,2.947,2.948,2.945,2.941,2.948,2.947,3.629,3.628,3.631,3.625,3.632,3.633,3.631,-60.460,72.000
2.951,2.946,2.949,2.949,2.950,2.944,2.946,3.630,3.631,3.629,3.626,3.628,3.635,3.638,-60.513,73.000
2.948,2.944,2.948,2.949,2.951,2.949,2.946,3.625,3.629,3.634,3.639,3.637,3.634,3.631,-60.504,74.000
2.946,2.942,2.948,2.946,2.946,2.949,2.952,3.634,3.636,3.631,3.631,3.631,3.631,3.630,-60.358,75.000
2.947,2.948,2.948,2.945,2.953,2.945,2.951,3.636,3.632,3.624,3.634,3.631,3.634,3.636,-60.390,76.000
2.952,2.945,2.948,2.942,2.946,2.950,2.952,3.633,3.633,3.636,3.636,3.633,3.631,3.631,-60.560,77.000
2.949,2.947,2.945,2.950,2.947,2.949,2.954,3.631,3.630,3.632,3.626,3.632,3.628,3.631,-60.573,78.000
2.947,2.954,2.954,2.950,2.950,2.944,2.949,3.629,3.626,3.628,3.630,3.628,3.625,3.634,-60.480,79.000
2.946,2.949,2.952,2.949,2.942,2.942,2.948,3.627,3.631,3.624,3.627,3.621,3.627,3.630,-60.539,80.000
2.945,2.949,2.941,2.946,2.949,2.944,2.945,3.625,3.628,3.626,3.632,3.625,3.632,3.625,-60.387,81.000
2.941,2.945,2.952,2.943,2.952,2.945,2.944,3.627,3.633,3.631,3.618,3.624,3.624,3.619,-60.509,82.000
2.942,2.950,2.943,2.937,2.945,2.938,2.939,3.628,3.623,3.623,3.619,3.621,3.622,3.625,-60.321,83.000
2.945,2.947,2.950,2.948,2.947,2.943,2.942,3.621,3.626,3.624,3.626,3.622,3.625,3.625,-60.328,84.000
2.949,2.941,2.942,2.946,2.948,2.943,2.937,3.623,3.624,3.623,3.623,3.623,3.620,3.622,-60.493,85.000
2.943,2.941,2.938,2.943,2.940,2.940,2.941,3.626,3.625,3.622,3.621,3.624,3.625,3.626,-60.446,86.000
2.947,2.940,2.939,2.936,2.938,2.940,2.942,3.631,3.625,3.623,3.624,3.627,3.617,3.624,-60.571,87.000
2.942,2.942,2.937,2.946,2.943,2.941,2.938,3.620,3.623,3.631,3.622,3.623,3.617,3.619,-60.574,88.000
2.945,2.942,2.947,2.942,2.942,2.942,2.943,3.620,3.620,3.624,3.623,3.624,3.619,3.620,-60.416,89.000
2.936,2.940,2.939,2.944,2.941,2.949,2.940,3.618,3.621,3.621,3.615,3.621,3.625,3.623,-60.321,90.000
2.935,2.934,2.943,2.940,2.942,2.941,2.933,3.619,3.620,3.619,3.620,3.620,3.625,3.620,-60.409,91.000
2.938,2.940,2.938,2.938,2.941,2.947,2.939,3.626,3.620,3.624,3.627,3.618,3.619,3.618,-60.406,92.000
2.938,2.943,2.939,2.939,2.941,2.935,2.938,3.614,3.616,3.618,3.618,3.620,3.623,3.623,-60.412,93.000
2.939,2.943,2.937,2.940,2.936,2.937,2.938,3.620,3.621,3.622,3.615,3.611,3.616,3.618,-60.431,94.000
2.931,2.938,2.939,2.940,2.935,2.936,2.930,3.619,3.611,3.616,3.615,3.614,3.611,3.611,-60.505,95.000
2.940,2.930,2.935,2.935,2.938,2.930,2.937,3.613,3.614,3.618,3.610,3.617,3.611,3.613,-60.679,96.000
2.931,2.929,2.931,2.930,2.932,2.936,2.931,3.610,3.608,3.613,3.613,3.615,3.616,3.611,-60.738,97.000
2.937,2.932,2.937,2.938,2.934,2.936,2.940,3.617,3.607,3.611,3.610,3.617,3.616,3.614,-60.486,98.000
2.937,2.935,2.940,2.941,2.932,2.939,2.942,3.622,3.620,3.615,3.621,3.618,3.618,3.619,-60.598,99.000
2.935,2.934,2.942,2.931,2.938,2.933,2.934,3.615,3.617,3.624,3.624,3.620,3.619,3.613,-60.784,100.000
2.939,2.942,2.938,2.938,2.941,2.940,2.942,3.622,3.622,3.622,3.618,3.621,3.623,3.621,-60.725,101.000
2.939,2.939,2.944,2.935,2.935,2.945,2.936,3.618,3.626,3.617,3.618,3.622,3.621,3.617,-60.663,102.000
2.941,2.937,2.935,2.936,2.937,2.938,2.933,3.620,3.620,3.623,3.625,3.619,3.621,3.616,-60.573,103.000
2.940,2.938,2.934,2.938,2.933,2.938,2.930,3.620,3.617,3.612,3.612,3.626,3.611,3.621,-60.679,104.000
2.937,2.931,2.936,2.936,2.942,2.932,2.936,3.619,3.617,3.619,3.617,3.623,3.611,3.618,-60.609,105.000
2.939,2.936,2.934,2.934,2.939,2.936,2.931,3.611,3.624,3.618,3.626,3.620,3.621,3.620,-60.611,106.000
2.932,2.933,2.932,2.940,2.936,2.931,2.932,3.615,3.621,3.619,3.619,3.619,3.617,3.619,-60.664,107.000
2.934,2.939,2.938,2.934,2.932,2.937,2.935,3.619,3.620,3.616,3.619,3.617,3.613,3.621,-60.811,108.000
2.938,2.938,2.934,2.939,2.938,2.936,2.932,3.620,3.614,3.617,3.617,3.616,3.622,3.615,-60.728,109.000
2.934,2.934,2.933,2.936,2.929,2.937,2.937,3.618,3.622,3.617,3.624,3.617,3.612,3.617,-60.637,110.000
2.935,2.937,2.936,2.934,2.941,2.938,2.934,3.615,3.618,3.622,3.620,3.622,3.619,3.620,-60.635,111.000
2.941,2.940,2.933,2.942,2.936,2.939,2.940,3.621,3.621,3.618,3.622,3.618,3.623,3.622,-60.635,112.000
2.938,2.935,2.943,2.936,2.936,2.939,2.936,3.617,3.620,3.622,3.622,3.621,3.624,3.623,-60.679,113.000
2.936,2.933,2.935,2.932,2.936,2.937,2.934,3.617,3.618,3.620,3.622,3.615,3.619,3.614,-60.613,114.000
2.935,2.939,2.933,2.931,2.933,2.936,2.932,3.620,3.622,3.627,3.618,3.619,3.613,3.617,-60.613,115.000
2.934,2.936,2.927,2.938,2.931,2.933,2.929,3.615,3.617,3.622,3.627,3.614,3.621,3.621,-60.856,116.000
2.932,2.934,2.924,2.939,2.938,2.933,2.931,3.620,3.617,3.620,3.615,3.617,3.619,3.620,-60.944,117.000
2.927,2.927,2.926,2.929,2.934,2.928,2.931,3.616,3.613,3.614,3.615,3.614,3.613,3.619,-60.726,118.000
2.928,2.930,2.926,2.927,2.932,2.932,2.934,3.616,3.610,3.617,3.616,3.610,3.615,3.612,-60.766,119.000
2.926,2.923,2.932,2.928,2.929,2.930,2.932,3.617,3.620,3.617,3.619,3.616,3.615,3.613,-60.832,120.000
2.927,2.929,2.928,2.928,2.929,2.923,2.931,3.616,3.621,3.620,3.617,3.621,3.622,3.612,-60.846,121.000
2.928,2.928,2.927,2.923,2.927,2.921,2.920,3.619,3.611,3.612,3.613,3.618,3.613,3.611,-60.944,122.000
2.926,2.931,2.923,2.928,2.926,2.923,2.929,3.616,3.612,3.613,3.609,3.611,3.614,3.615,-60.790,123.000
2.921,2.925,2.921,2.927,2.922,2.920,2.925,3.608,3.613,3.609,3.612,3.616,3.612,3.609,-60.955,124.000
2.915,2.928,2.922,2.919,2.916,2.919,2.916,3.609,3.610,3.609,3.609,3.609,3.610,3.611,-61.034,125.000
2.921,2.923,2.922,2.927,2.924,2.927,2.923,3.609,3.607,3.607,3.604,3.609,3.610,3.612,-61.050,126.000
2.923,2.920,2.921,2.915,2.917,2.920,2.919,3.611,3.611,3.610,3.608,3.612,3.612,3.606,-61.078,127.000
2.926,2.924,2.924,2.924,2.918,2.920,2.919,3.608,3.614,3.609,3.612,3.613,3.614,3.613,-60.939,128.000
2.922,2.921,2.922,2.924,2.922,2.918,2.919,3.613,3.614,3.612,3.612,3.609,3.610,3.616,-60.787,129.000
2.923,2.921,2.921,2.926,2.925,2.924,2.925,3.610,3.610,3.606,3.610,3.611,3.614,3.610,-60.644,130.000
2.919,2.927,2.923,2.928,2.924,2.916,2.923,3.612,3.624,3.615,3.617,3.618,3.618,3.617,-60.816,131.000
2.930,2.929,2.929,2.925,2.929,2.922,2.934,3.613,3.613,3.617,3.612,3.611,3.614,3.616,-60.674,132.000
2.925,2.927,2.930,2.926,2.928,2.929,2.929,3.619,3.614,3.617,3.623,3.616,3.622,3.619,-60.622,133.000
2.931,2.930,2.929,2.934,2.927,2.927,2.931,3.625,3.619,3.621,3.622,3.620,3.625,3.614,-60.622,134.000
2.926,2.937,2.930,2.932,2.930,2.927,2.929,3.624,3.619,3.622,3.617,3.621,3.616,3.620,-60.664,135.000
2.938,2.938,2.933,2.938,2.934,2.932,2.924,3.621,3.621,3.620,3.622,3.625,3.622,3.626,-60.498,136.000
2.935,2.938,2.938,2.937,2.931,2.940,2.938,3.622,3.621,3.622,3.623,3.630,3.626,3.620,-60.476,137.000
2.931,2.937,2.936,2.936,2.937,2.935,2.933,3.625,3.626,3.624,3.626,3.623,3.624,3.625,-60.415,138.000
2.932,2.935,2.937,2.938,2.933,2.932,2.933,3.623,3.618,3.620,3.623,3.622,3.627,3.626,-60.447,139.000
2.934,2.939,2.932,2.936,2.943,2.941,2.933,3.623,3.624,3.626,3.623,3.633,3.623,3.622,-60.384,140.000
2.933,2.933,2.932,2.931,2.935,2.932,2.933,3.623,3.619,3.624,3.620,3.627,3.623,3.626,-60.543,141.000
2.930,2.934,2.929,2.931,2.933,2.938,2.929,3.623,3.627,3.628,3.628,3.621,3.627,3.627,-60.556,142.000
2.934,2.938,2.933,2.928,2.932,2.932,2.931,3.618,3.618,3.619,3.621,3.623,3.630,3.625,-60.523,143.000
2.928,2.933,2.928,2.926,2.934,2.935,2.934,3.619,3.617,3.620,3.618,3.627,3.620,3.617,-60.648,144.000
2.938,2.930,2.933,2.930,2.933,2.931,2.926,3.618,3.623,3.615,3.615,3.621,3.620,3.624,-60.551,145.000
2.931,2.931,2.925,2.925,2.932,2.937,2.935,3.623,3.620,3.616,3.623,3.611,3.621,3.622,-60.366,146.000
2.925,2.928,2.928,2.928,2.930,2.927,2.926,3.612,3.622,3.617,3.623,3.616,3.624,3.628,-60.310,147.000
2.930,2.934,2.932,2.935,2.932,2.925,2.932,3.617,3.616,3.615,3.622,3.619,3.622,3.617,-60.487,148.000
2.928,2.930,2.927,2.930,2.936,2.931,2.929,3.627,3.625,3.623,3.615,3.617,3.616,3.619,-60.516,149.000
2.930,2.930,2.930,2.931,2.933,2.929,2.928,3.616,3.620,3.616,3.617,3.615,3.618,3.617,-60.653,150.000
2.922,2.933,2.925,2.926,2.928,2.929,2.926,3.617,3.619,3.611,3.618,3.616,3.618,3.620,-60.515,151.000
2.929,2.924,2.922,2.921,2.919,2.923,2.924,3.622,3.614,3.617,3.619,3.621,3.618,3.616,-60.563,152.000
2.927,2.924,2.925,2.923,2.927,2.925,2.930,3.617,3.617,3.612,3.616,3.616,3.615,3.615,-60.631,153.000
2.926,2.926,2.928,2.923,2.916,2.919,2.917,3.614,3.616,3.613,3.617,3.612,3.619,3.612,-60.781,154.000
2.926,2.927,2.927,2.920,2.919,2.918,2.923,3.616,3.615,3.618,3.612,3.611,3.617,3.613,-60.884,155.000
2.920,2.921,2.920,2.924,2.922,2.916,2.923,3.610,3.609,3.614,3.611,3.614,3.614,3.613,-60.734,156.000
2.923,2.917,2.930,2.926,2.923,2.920,2.921,3.613,3.613,3.623,3.613,3.617,3.611,3.610,-60.615,157.000
2.925,2.922,2.926,2.922,2.919,2.919,2.917,3.609,3.614,3.619,3.617,3.613,3.614,3.615,-60.615,158.000
2.920,2.920,2.926,2.927,2.923,2.920,2.921,3.617,3.614,3.615,3.616,3.617,3.612,3.611,-60.428,159.000
2.921,2.924,2.925,2.920,2.923,2.920,2.920,3.608,3.624,3.610,3.614,3.616,3.612,3.618,-60.444,160.000
2.920,2.918,2.919,2.921,2.921,2.920,2.921,3.611,3.612,3.615,3.618,3.616,3.612,3.617,-60.479,161.000
2.917,2.919,2.924,2.919,2.923,2.921,2.922,3.617,3.613,3.616,3.617,3.615,3.619,3.615,-60.506,162.000
2.921,2.920,2.921,2.922,2.925,2.925,2.924,3.618,3.618,3.620,3.616,3.610,3.616,3.615,-60.481,163.000
2.916,2.924,2.922,2.926,2.924,2.925,2.922,3.610,3.616,3.619,3.613,3.616,3.610,3.611,-60.458,164.000
2.920,2.927,2.920,2.912,2.919,2.916,2.923,3.616,3.616,3.620,3.617,3.615,3.616,3.617,-60.530,165.000
2.923,2.918,2.918,2.914,2.915,2.921,2.920,3.616,3.626,3.621,3.618,3.619,3.610,3.616,-60.318,166.000
2.924,2.919,2.919,2.919,2.913,2.916,2.916,3.614,3.617,3.616,3.617,3.615,3.613,3.617,-60.414,167.000
2.913,2.921,2.916,2.924,2.917,2.922,2.919,3.622,3.620,3.619,3.618,3.620,3.614,3.614,-60.607,168.000
2.914,2.922,2.922,2.922,2.915,2.921,2.919,3.615,3.616,3.620,3.620,3.625,3.620,3.615,-60.536,169.000
2.917,2.915,2.915,2.916,2.919,2.917,2.920,3.616,3.620,3.618,3.618,3.626,3.621,3.619,-60.591,170.000
2.925,2.922,2.922,2.926,2.922,2.923,2.923,3.619,3.623,3.627,3.617,3.618,3.618,3.613,-60.522,171.000
2.918,2.917,2.923,2.922,2.919,2.919,2.924,3.622,3.621,3.626,3.622,3.618,3.618,3.622,-60.549,172.000
2.925,2.928,2.927,2.923,2.924,2.924,2.924,3.620,3.621,3.620,3.618,3.624,3.619,3.628,-60.464,173.000
2.923,2.923,2.929,2.925,2.924,2.922,2.927,3.619,3.623,3.627,3.623,3.623,3.619,3.621,-60.631,174.000
2.922,2.925,2.919,2.921,2.918,2.919,2.922,3.621,3.622,3.625,3.623,3.624,3.621,3.621,-60.469,175.000
2.927,2.924,2.921,2.919,2.923,2.915,2.924,3.616,3.623,3.616,3.618,3.612,3.618,3.620,-60.492,176.000
2.917,2.927,2.924,2.919,2.919,2.921,2.921,3.611,3.607,3.616,3.613,3.612,3.623,3.625,-60.548,177.000
2.914,2.918,2.919,2.917,2.917,2.919,2.920,3.612,3.615,3.613,3.614,3.615,3.611,3.617,-60.546,178.000
2.917,2.920,2.922,2.917,2.913,2.915,2.920,3.615,3.618,3.614,3.613,3.614,3.613,3.614,-60.482,179.000
2.916,2.913,2.917,2.915,2.911,2.920,2.921,3.616,3.613,3.612,3.617,3.615,3.612,3.614,-60.501,180.000
2.910,2.912,2.904,2.912,2.913,2.910,2.915,3.606,3.608,3.618,3.616,3.613,3.616,3.617,-60.627,181.000
2.909,2.909,2.909,2.906,2.912,2.907,2.905,3.612,3.616,3.615,3.612,3.618,3.616,3.614,-60.678,182.000
2.906,2.909,2.908,2.908,2.909,2.905,2.906,3.616,3.616,3.617,3.610,3.613,3.611,3.610,-60.587,183.000
2.917,2.911,2.908,2.901,2.907,2.909,2.906,3.610,3.616,3.610,3.613,3.608,3.611,3.610,-60.699,184.000
2.910,2.912,2.907,2.913,2.914,2.912,2.906,3.610,3.609,3.606,3.611,3.611,3.608,3.608,-60.711,185.000
2.913,2.909,2.910,2.911,2.904,2.909,2.911,3.608,3.612,3.612,3.610,3.613,3.610,3.607,-60.740,186.000
2.911,2.912,2.910,2.914,2.909,2.911,2.912,3.609,3.608,3.608,3.613,3.614,3.607,3.609,-60.706,187.000
2.910,2.907,2.909,2.906,2.913,2.908,2.912,3.613,3.606,3.609,3.606,3.609,3.610,3.609,-60.715,188.000
2.913,2.918,2.909,2.911,2.908,2.909,2.910,3.608,3.610,3.613,3.611,3.603,3.611,3.611,-60.580,189.000
2.911,2.914,2.910,2.906,2.911,2.906,2.912,3.605,3.604,3.602,3.609,3.607,3.613,3.603,-60.625,190.000
2.912,2.910,2.909,2.909,2.908,2.911,2.909,3.608,3.606,3.609,3.610,3.610,3.608,3.615,-60.654,191.000
2.906,2.902,2.905,2.908,2.911,2.914,2.903,3.607,3.608,3.613,3.606,3.609,3.611,3.611,-60.555,192.000
2.911,2.913,2.909,2.906,2.912,2.905,2.913,3.606,3.610,3.605,3.607,3.605,3.611,3.606,-60.332,193.000
2.907,2.911,2.910,2.903,2.903,2.909,2.910,3.607,3.609,3.608,3.608,3.606,3.609,3.610,-60.419,194.000
2.912,2.913,2.912,2.903,2.905,2.908,2.909,3.612,3.610,3.598,3.605,3.607,3.608,3.610,-60.521,195.000
2.909,2.914,2.912,2.914,2.913,2.912,2.909,3.609,3.613,3.615,3.607,3.613,3.613,3.596,-60.587,196.000
2.913,2.912,2.914,2.915,2.915,2.908,2.914,3.605,3.606,3.608,3.611,3.607,3.611,3.605,-60.587,197.000
2.914,2.906,2.915,2.910,2.916,2.916,2.910,3.608,3.612,3.611,3.612,3.607,3.608,3.607,-60.600,198.000
2.909,2.912,2.914,2.910,2.916,2.915,2.912,3.612,3.608,3.610,3.610,3.610,3.608,3.600,-60.745,199.000
2.912,2.918,2.916,2.919,2.911,2.910,2.908,3.596,3.607,3.610,3.613,3.608,3.607,3.608,-60.745,200.000
2.911,2.916,2.910,2.914,2.908,2.907,2.907,3.613,3.602,3.604,3.601,3.606,3.603,3.607,-60.716,201.000
2.914,2.912,2.914,2.909,2.913,2.913,2.912,3.610,3.609,3.609,3.608,3.615,3.604,3.601,-60.692,202.000
2.912,2.911,2.917,2.906,2.913,2.911,2.911,3.609,3.614,3.607,3.609,3.611,3.609,3.601,-60.502,203.000
2.911,2.910,2.916,2.911,2.909,2.907,2.912,3.610,3.607,3.607,3.602,3.604,3.613,3.606,-60.488,204.000
2.911,2.914,2.908,2.906,2.914,2.914,2.912,3.610,3.607,3.603,3.610,3.608,3.608,3.613,-60.548,205.000
2.915,2.909,2.911,2.911,2.914,2.911,2.912,3.613,3.608,3.617,3.608,3.615,3.604,3.610,-60.504,206.000
2.915,2.907,2.912,2.912,2.913,2.914,2.917,3.612,3.612,3.604,3.607,3.608,3.606,3.606,-60.255,207.000
2.915,2.911,2.907,2.908,2.914,2.909,2.915,3.614,3.610,3.607,3.608,3.602,3.604,3.610,-60.380,208.000
2.921,2.917,2.907,2.913,2.908,2.911,2.909,3.607,3.607,3.605,3.610,3.611,3.610,3.610,-60.336,209.000
2.914,2.922,2.913,2.919,2.912,2.914,2.914,3.605,3.605,3.605,3.609,3.612,3.609,3.607,-60.413,210.000
2.919,2.915,2.920,2.921,2.916,2.907,2.910,3.601,3.608,3.611,3.610,3.612,3.607,3.611,-60.491,211.000
2.914,2.916,2.911,2.919,2.914,2.914,2.919,3.608,3.612,3.619,3.615,3.610,3.611,3.618,-60.523,212.000
2.912,2.921,2.914,2.916,2.915,2.923,2.914,3.608,3.616,3.612,3.616,3.616,3.617,3.618,-60.545,213.000
2.922,2.914,2.914,2.921,2.914,2.917,2.914,3.618,3.610,3.616,3.609,3.610,3.620,3.609,-60.472,214.000
2.916,2.918,2.914,2.914,2.916,2.920,2.912,3.616,3.611,3.613,3.609,3.607,3.609,3.610,-60.512,215.000
2.916,2.917,2.917,2.917,2.917,2.921,2.918,3.615,3.607,3.613,3.605,3.614,3.615,3.616,-60.427,216.000
2.920,2.911,2.911,2.918,2.912,2.915,2.918,3.613,3.610,3.611,3.608,3.615,3.608,3.610,-60.259,217.000
2.910,2.913,2.915,2.917,2.926,2.921,2.918,3.617,3.611,3.607,3.609,3.615,3.608,3.616,-60.234,218.000
2.913,2.909,2.912,2.914,2.915,2.917,2.915,3.616,3.608,3.608,3.613,3.609,3.609,3.613,-60.522,219.000
2.911,2.912,2.914,2.920,2.915,2.919,2.913,3.615,3.605,3.612,3.603,3.605,3.607,3.612,-60.499,220.000
2.911,2.915,2.915,2.916,2.913,2.913,2.918,3.607,3.602,3.607,3.610,3.614,3.605,3.613,-60.348,221.000
2.914,2.908,2.914,2.914,2.915,2.908,2.912,3.609,3.613,3.607,3.606,3.606,3.610,3.612,-60.453,222.000
2.917,2.913,2.909,2.910,2.908,2.911,2.913,3.606,3.602,3.607,3.606,3.608,3.606,3.606,-60.342,223.000
2.914,2.913,2.920,2.909,2.916,2.912,2.912,3.613,3.617,3.607,3.612,3.607,3.607,3.610,-60.533,224.000
2.914,2.914,2.911,2.914,2.917,2.908,2.908,3.609,3.605,3.608,3.607,3.607,3.609,3.608,-60.589,225.000
2.906,2.912,2.910,2.917,2.914,2.915,2.914,3.607,3.608,3.609,3.604,3.610,3.604,3.607,-60.706,226.000
2.916,2.909,2.909,2.908,2.915,2.918,2.910,3.606,3.605,3.604,3.601,3.602,3.609,3.605,-60.677,227.000
2.914,2.912,2.912,2.917,2.914,2.915,2.912,3.615,3.613,3.612,3.615,3.608,3.607,3.604,-60.702,228.000
2.918,2.911,2.910,2.914,2.912,2.912,2.913,3.605,3.608,3.605,3.606,3.609,3.610,3.610,-60.536,229.000
2.909,2.913,2.912,2.910,2.912,2.915,2.916,3.605,3.604,3.602,3.605,3.603,3.611,3.604,-60.494,230.000
2.914,2.914,2.905,2.916,2.914,2.910,2.910,3.608,3.607,3.609,3.610,3.608,3.607,3.606,-60.564,231.000
2.913,2.913,2.916,2.916,2.912,2.913,2.911,3.610,3.603,3.604,3.601,3.602,3.606,3.605,-60.500,232.000
2.914,2.914,2.916,2.922,2.912,2.921,2.917,3.604,3.605,3.602,3.608,3.607,3.608,3.601,-60.489,233.000
2.918,2.915,2.915,2.919,2.917,2.911,2.908,3.605,3.596,3.607,3.603,3.602,3.606,3.598,-60.600,234.000
2.913,2.916,2.915,2.919,2.918,2.908,2.916,3.607,3.601,3.607,3.607,3.606,3.604,3.607,-60.547,235.000
2.909,2.913,2.918,2.912,2.914,2.914,2.914,3.608,3.606,3.610,3.602,3.609,3.610,3.608,-60.410,236.000
2.912,2.912,2.915,2.911,2.911,2.913,2.914,3.599,3.602,3.601,3.596,3.604,3.603,3.611,-60.381,237.000
2.915,2.917,2.915,2.914,2.917,2.908,2.917,3.610,3.607,3.606,3.607,3.611,3.604,3.610,-60.350,238.000
2.913,2.912,2.904,2.907,2.913,2.912,2.914,3.602,3.609,3.608,3.603,3.603,3.606,3.608,-60.450,239.000
2.916,2.917,2.914,2.915,2.914,2.916,2.913,3.603,3.612,3.608,3.605,3.609,3.600,3.604,-60.387,240.000
2.915,2.910,2.908,2.912,2.917,2.918,2.916,3.604,3.607,3.595,3.604,3.609,3.605,3.606,-60.308,241.000
2.908,2.912,2.916,2.921,2.913,2.911,2.917,3.611,3.607,3.606,3.608,3.604,3.608,3.604,-60.419,242.000
2.911,2.913,2.915,2.916,2.914,2.922,2.912,3.608,3.606,3.604,3.606,3.616,3.615,3.600,-60.464,243.000
2.915,2.918,2.923,2.914,2.910,2.914,2.915,3.604,3.601,3.610,3.609,3.610,3.609,3.605,-60.498,244.000
2.909,2.915,2.912,2.912,2.908,2.909,2.913,3.601,3.601,3.603,3.602,3.606,3.604,3.605,-60.469,245.000
2.914,2.910,2.915,2.914,2.914,2.910,2.915,3.609,3.609,3.610,3.603,3.607,3.605,3.607,-60.420,246.000
2.910,2.914,2.911,2.919,2.914,2.916,2.912,3.606,3.607,3.611,3.607,3.601,3.606,3.608,-60.499,247.000
2.917,2.915,2.916,2.909,2.907,2.915,2.917,3.608,3.607,3.603,3.607,3.603,3.608,3.606,-60.424,248.000
2.919,2.916,2.916,2.911,2.916,2.913,2.911,3.607,3.607,3.605,3.606,3.602,3.607,3.606,-60.504,249.000
2.913,2.917,2.914,2.917,2.912,2.911,2.917,3.608,3.605,3.607,3.611,3.605,3.602,3.607,-60.620,250.000
2.916,2.919,2.911,2.904,2.909,2.912,2.913,3.607,3.608,3.618,3.612,3.606,3.606,3.606,-60.573,251.000
2.911,2.909,2.915,2.915,2.918,2.912,2.917,3.610,3.602,3.598,3.602,3.611,3.608,3.610,-60.476,252.000
2.911,2.913,2.912,2.909,2.910,2.908,2.913,3.603,3.602,3.602,3.602,3.606,3.604,3.608,-60.524,253.000
2.912,2.913,2.917,2.916,2.917,2.914,2.915,3.606,3.607,3.599,3.612,3.605,3.606,3.606,-60.509,254.000
2.914,2.914,2.916,2.921,2.912,2.911,2.914,3.605,3.604,3.601,3.607,3.608,3.611,3.604,-60.570,255.000
2.918,2.916,2.916,2.914,2.911,2.914,2.907,3.605,3.601,3.607,3.610,3.605,3.606,3.608,-60.731,256.000
2.916,2.917,2.920,2.910,2.916,2.915,2.923,3.601,3.608,3.610,3.607,3.607,3.609,3.606,-60.731,257.000
2.913,2.918,2.919,2.917,2.919,2.915,2.913,3.604,3.602,3.608,3.602,3.602,3.608,3.610,-60.617,258.000
2.912,2.914,2.911,2.910,2.916,2.921,2.915,3.607,3.604,3.597,3.604,3.604,3.604,3.611,-60.597,259.000
2.915,2.916,2.918,2.919,2.917,2.918,2.912,3.603,3.603,3.602,3.604,3.606,3.610,3.608,-60.634,260.000
2.915,2.912,2.909,2.915,2.917,2.911,2.922,3.607,3.608,3.603,3.596,3.603,3.597,3.610,-60.625,261.000
2.923,2.917,2.920,2.915,2.915,2.918,2.914,3.603,3.602,3.604,3.604,3.607,3.609,3.603,-60.693,262.000
2.912,2.920,2.918,2.913,2.915,2.915,2.917,3.609,3.607,3.607,3.599,3.608,3.607,3.602,-60.460,263.000
2.920,2.918,2.917,2.919,2.915,2.919,2.921,3.601,3.604,3.605,3.606,3.612,3.616,3.607,-60.416,264.000
2.918,2.920,2.921,2.920,2.919,2.918,2.915,3.605,3.607,3.606,3.612,3.605,3.609,3.608,-60.431,265.000
2.916,2.917,2.919,2.917,2.919,2.918,2.915,3.606,3.603,3.606,3.609,3.602,3.605,3.598,-60.431,266.000
2.920,2.922,2.920,2.915,2.914,2.921,2.924,3.608,3.607,3.608,3.607,3.604,3.606,3.608,-60.477,267.000
2.921,2.920,2.919,2.916,2.927,2.920,2.921,3.605,3.607,3.605,3.607,3.606,3.609,3.607,-60.705,268.000
2.922,2.920,2.917,2.919,2.920,2.914,2.924,3.612,3.614,3.611,3.607,3.605,3.606,3.607,-60.709,269.000
2.921,2.923,2.923,2.920,2.922,2.923,2.925,3.606,3.606,3.604,3.605,3.609,3.607,3.603,-60.709,270.000
2.926,2.925,2.927,2.919,2.916,2.928,2.918,3.615,3.613,3.610,3.605,3.614,3.609,3.604,-60.720,271.000
2.917,2.918,2.921,2.922,2.917,2.919,2.918,3.604,3.607,3.605,3.609,3.610,3.610,3.607,-60.687,272.000
2.921,2.916,2.921,2.921,2.919,2.926,2.920,3.605,3.613,3.607,3.612,3.606,3.609,3.611,-60.687,273.000
2.918,2.916,2.918,2.920,2.924,2.919,2.919,3.610,3.609,3.608,3.609,3.607,3.615,3.609,-60.885,274.000
2.917,2.915,2.922,2.920,2.920,2.917,2.921,3.608,3.604,3.606,3.604,3.611,3.607,3.607,-60.890,275.000
2.921,2.921,2.925,2.920,2.922,2.918,2.922,3.612,3.607,3.607,3.610,3.608,3.615,3.612,-60.890,276.000
2.920,2.927,2.923,2.917,2.920,2.919,2.926,3.610,3.607,3.606,3.611,3.611,3.610,3.607,-60.702,277.000
2.918,2.925,2.917,2.916,2.916,2.917,2.916,3.612,3.612,3.610,3.602,3.609,3.610,3.607,-60.836,278.000
2.928,2.919,2.920,2.917,2.920,2.919,2.919,3.611,3.609,3.612,3.611,3.613,3.615,3.606,-60.647,279.000
2.924,2.921,2.919,2.919,2.916,2.913,2.922,3.612,3.608,3.608,3.605,3.610,3.608,3.606,-60.647,280.000
2.920,2.917,2.918,2.922,2.927,2.918,2.923,3.605,3.608,3.605,3.607,3.604,3.603,3.608,-60.618,281.000
2.915,2.919,2.916,2.923,2.917,2.915,2.917,3.604,3.613,3.606,3.609,3.610,3.608,3.610,-60.729,282.000
2.914,2.916,2.922,2.920,2.913,2.918,2.915,3.610,3.608,3.608,3.605,3.602,3.607,3.603,-60.701,283.000
2.921,2.923,2.924,2.921,2.920,2.917,2.925,3.611,3.607,3.608,3.609,3.608,3.600,3.608,-60.657,284.000
2.922,2.916,2.922,2.922,2.925,2.923,2.918,3.612,3.609,3.607,3.608,3.607,3.609,3.602,-60.709,285.000
2.924,2.921,2.923,2.921,2.918,2.918,2.917,3.609,3.608,3.605,3.609,3.603,3.607,3.610,-60.676,286.000
2.921,2.917,2.920,2.916,2.919,2.921,2.925,3.611,3.612,3.607,3.612,3.610,3.616,3.607,-60.676,287.000
2.920,2.922,2.920,2.915,2.915,2.916,2.922,3.606,3.604,3.607,3.609,3.608,3.609,3.608,-60.573,288.000
2.922,2.918,2.917,2.925,2.927,2.910,2.917,3.604,3.604,3.609,3.610,3.607,3.609,3.607,-60.696,289.000
2.920,2.919,2.914,2.922,2.923,2.920,2.914,3.609,3.603,3.600,3.605,3.605,3.606,3.606,-60.667,290.000
2.918,2.918,2.917,2.916,2.922,2.921,2.918,3.607,3.601,3.598,3.604,3.605,3.603,3.604,-60.667,291.000
2.921,2.923,2.920,2.923,2.923,2.920,2.918,3.598,3.599,3.600,3.604,3.608,3.605,3.607,-60.775,292.000
2.916,2.918,2.916,2.922,2.917,2.913,2.916,3.606,3.614,3.605,3.604,3.608,3.607,3.604,-60.619,293.000
2.923,2.924,2.926,2.924,2.926,2.924,2.917,3.610,3.606,3.609,3.605,3.606,3.607,3.606,-60.619,294.000
2.917,2.920,2.927,2.926,2.924,2.919,2.917,3.612,3.601,3.605,3.606,3.609,3.602,3.607,-60.644,295.000
2.918,2.927,2.921,2.927,2.920,2.924,2.917,3.603,3.603,3.603,3.609,3.601,3.607,3.608,-60.716,296.000
2.917,2.920,2.920,2.917,2.920,2.917,2.918,3.606,3.607,3.604,3.604,3.607,3.608,3.609,-60.716,297.000
2.920,2.925,2.919,2.917,2.921,2.920,2.923,3.615,3.607,3.610,3.613,3.603,3.606,3.609,-60.566,298.000
2.927,2.922,2.917,2.917,2.914,2.921,2.920,3.605,3.607,3.602,3.611,3.604,3.602,3.607,-60.579,299.000
2.928,2.920,2.926,2.920,2.925,2.917,2.920,3.605,3.604,3.611,3.609,3.606,3.610,3.610,-60.497,300.000
2.925,2.922,2.923,2.918,2.918,2.923,2.922,3.611,3.608,3.609,3.612,3.609,3.602,3.607,-60.549,301.000
2.923,2.921,2.923,2.920,2.919,2.918,2.922,3.605,3.608,3.606,3.606,3.607,3.603,3.601,-60.704,302.000
2.917,2.926,2.921,2.925,2.920,2.919,2.922,3.607,3.603,3.604,3.610,3.605,3.601,3.617,-60.704,303.000
2.918,2.922,2.920,2.919,2.925,2.921,2.925,3.607,3.604,3.598,3.599,3.603,3.610,3.605,-60.523,304.000
2.916,2.917,2.921,2.918,2.923,2.921,2.927,3.601,3.604,3.606,3.605,3.608,3.602,3.607,-60.510,305.000
2.922,2.920,2.924,2.924,2.921,2.920,2.917,3.599,3.604,3.604,3.605,3.595,3.607,3.606,-60.464,306.000
2.913,2.919,2.922,2.922,2.922,2.919,2.924,3.604,3.605,3.610,3.607,3.607,3.604,3.600,-60.464,307.000
2.926,2.916,2.926,2.921,2.924,2.925,2.923,3.599,3.606,3.606,3.604,3.601,3.616,3.603,-60.567,308.000
2.927,2.918,2.922,2.923,2.927,2.922,2.921,3.599,3.599,3.603,3.606,3.607,3.608,3.601,-60.652,309.000
2.920,2.920,2.920,2.925,2.924,2.928,2.927,3.606,3.608,3.604,3.610,3.609,3.612,3.608,-60.694,310.000
2.928,2.925,2.926,2.927,2.918,2.928,2.918,3.610,3.609,3.600,3.601,3.604,3.604,3.603,-60.708,311.000
2.917,2.919,2.921,2.919,2.920,2.925,2.921,3.602,3.605,3.607,3.602,3.607,3.604,3.606,-60.902,312.000
2.927,2.919,2.922,2.924,2.928,2.923,2.925,3.606,3.610,3.609,3.601,3.605,3.605,3.606,-60.953,313.000
2.922,2.923,2.927,2.925,2.927,2.925,2.919,3.605,3.602,3.606,3.609,3.600,3.603,3.605,-61.051,314.000
2.922,2.925,2.921,2.919,2.924,2.920,2.922,3.605,3.604,3.600,3.599,3.601,3.599,3.603,-60.822,315.000
2.922,2.920,2.922,2.924,2.926,2.914,2.918,3.604,3.601,3.603,3.603,3.605,3.603,3.601,-60.778,316.000
2.918,2.919,2.923,2.918,2.924,2.924,2.926,3.606,3.598,3.592,3.601,3.602,3.601,3.606,-60.736,317.000
2.923,2.922,2.926,2.925,2.925,2.921,2.920,3.595,3.600,3.598,3.592,3.590,3.596,3.606,-60.723,318.000
2.921,2.922,2.919,2.922,2.920,2.923,2.925,3.601,3.608,3.604,3.606,3.600,3.602,3.606,-60.792,319.000
2.922,2.922,2.922,2.916,2.922,2.913,2.920,3.600,3.607,3.596,3.602,3.604,3.602,3.603,-60.792,320.000
2.923,2.920,2.926,2.922,2.923,2.922,2.919,3.597,3.602,3.602,3.600,3.608,3.603,3.604,-60.615,321.000
2.922,2.919,2.919,2.921,2.923,2.920,2.920,3.599,3.602,3.597,3.603,3.600,3.598,3.602,-60.585,322.000
2.923,2.922,2.922,2.923,2.912,2.920,2.920,3.598,3.602,3.595,3.598,3.599,3.601,3.605,-60.511,323.000
2.920,2.916,2.923,2.928,2.923,2.925,2.919,3.598,3.604,3.601,3.599,3.600,3.600,3.600,-60.448,324.000
2.918,2.923,2.927,2.924,2.920,2.923,2.918,3.602,3.597,3.601,3.599,3.607,3.603,3.605,-60.534,325.000
2.926,2.916,2.922,2.920,2.920,2.921,2.922,3.602,3.601,3.597,3.598,3.595,3.597,3.596,-60.625,326.000
2.922,2.918,2.922,2.924,2.922,2.920,2.924,3.600,3.600,3.597,3.602,3.600,3.599,3.590,-60.694,327.000
2.922,2.928,2.922,2.925,2.927,2.924,2.918,3.603,3.599,3.600,3.606,3.605,3.602,3.599,-60.694,328.000
2.918,2.923,2.925,2.925,2.927,2.925,2.927,3.599,3.603,3.599,3.605,3.601,3.599,3.603,-60.655,329.000
2.925,2.925,2.924,2.925,2.925,2.924,2.926,3.602,3.604,3.600,3.605,3.605,3.606,3.603,-60.636,330.000
2.931,2.928,2.924,2.931,2.928,2.929,2.928,3.605,3.596,3.600,3.598,3.599,3.602,3.603,-60.608,331.000
2.927,2.925,2.925,2.927,2.923,2.930,2.926,3.609,3.597,3.590,3.600,3.599,3.601,3.603,-60.399,332.000
2.930,2.927,2.927,2.927,2.936,2.927,2.925,3.603,3.607,3.608,3.604,3.600,3.597,3.599,-60.271,333.000
2.930,2.924,2.922,2.927,2.929,2.924,2.925,3.607,3.608,3.597,3.595,3.592,3.591,3.599,-60.310,334.000
2.931,2.933,2.929,2.922,2.925,2.928,2.925,3.606,3.604,3.600,3.603,3.604,3.606,3.595,-60.554,335.000
2.925,2.922,2.925,2.931,2.928,2.926,2.928,3.601,3.599,3.609,3.603,3.604,3.608,3.600,-60.654,336.000
2.924,2.925,2.933,2.923,2.930,2.924,2.926,3.607,3.602,3.598,3.602,3.603,3.604,3.603,-60.650,337.000
2.924,2.928,2.923,2.933,2.925,2.921,2.930,3.606,3.602,3.602,3.598,3.600,3.602,3.605,-60.592,338.000
2.927,2.926,2.923,2.924,2.927,2.925,2.925,3.605,3.599,3.601,3.597,3.601,3.601,3.600,-60.497,339.000
2.935,2.924,2.928,2.928,2.926,2.929,2.932,3.604,3.608,3.604,3.602,3.603,3.599,3.605,-60.466,340.000
2.930,2.921,2.919,2.930,2.930,2.930,2.932,3.605,3.595,3.598,3.600,3.606,3.605,3.600,-60.331,341.000
2.934,2.929,2.927,2.924,2.925,2.930,2.930,3.604,3.605,3.601,3.602,3.607,3.604,3.596,-60.359,342.000
2.937,2.940,2.937,2.930,2.933,2.938,2.930,3.603,3.599,3.603,3.603,3.607,3.602,3.598,-60.393,343.000
2.928,2.928,2.929,2.932,2.929,2.927,2.936,3.602,3.607,3.600,3.601,3.608,3.608,3.599,-60.390,344.000
2.928,2.930,2.935,2.939,2.931,2.933,2.930,3.607,3.606,3.604,3.602,3.600,3.609,3.605,-60.534,345.000
2.927,2.931,2.928,2.936,2.939,2.939,2.932,3.597,3.601,3.605,3.603,3.602,3.610,3.602,-60.372,346.000
2.938,2.926,2.929,2.931,2.933,2.930,2.930,3.603,3.600,3.596,3.602,3.595,3.606,3.610,-60.502,347.000
2.932,2.932,2.930,2.936,2.936,2.935,2.927,3.605,3.601,3.600,3.603,3.605,3.605,3.600,-60.709,348.000
2.931,2.932,2.932,2.937,2.933,2.935,2.937,3.604,3.609,3.608,3.609,3.604,3.603,3.603,-60.607,349.000
2.936,2.930,2.930,2.927,2.934,2.932,2.934,3.607,3.605,3.601,3.603,3.603,3.601,3.602,-60.607,350.000
2.936,2.933,2.932,2.932,2.933,2.931,2.934,3.604,3.609,3.606,3.604,3.603,3.604,3.602,-60.619,351.000
2.939,2.933,2.931,2.929,2.932,2.933,2.938,3.602,3.597,3.598,3.600,3.601,3.600,3.599,-60.483,352.000
2.932,2.932,2.933,2.934,2.935,2.930,2.929,3.607,3.602,3.601,3.601,3.604,3.602,3.598,-60.525,353.000
2.938,2.936,2.932,2.932,2.935,2.935,2.933,3.600,3.602,3.600,3.602,3.595,3.603,3.606,-60.392,354.000
2.931,2.937,2.933,2.932,2.929,2.929,2.931,3.602,3.597,3.601,3.598,3.599,3.600,3.601,-60.592,355.000
2.934,2.933,2.929,2.933,2.933,2.920,2.932,3.597,3.604,3.592,3.596,3.594,3.600,3.603,-60.666,356.000
2.932,2.935,2.933,2.939,2.933,2.931,2.932,3.597,3.605,3.602,3.603,3.604,3.602,3.598,-60.640,357.000
2.932,2.928,2.929,2.935,2.934,2.937,2.931,3.596,3.593,3.597,3.604,3.604,3.600,3.604,-60.801,358.000
2.930,2.934,2.931,2.932,2.937,2.928,2.931,3.601,3.598,3.606,3.606,3.606,3.607,3.604,-60.779,359.000
2.932,2.936,2.933,2.932,2.937,2.933,2.936,3.598,3.607,3.607,3.604,3.603,3.601,3.600,-60.657,360.000
2.929,2.935,2.935,2.938,2.934,2.932,2.937,3.604,3.603,3.609,3.603,3.601,3.603,3.604,-60.601,361.000
2.934,2.937,2.932,2.934,2.930,2.931,2.936,3.604,3.601,3.605,3.600,3.594,3.603,3.605,-60.794,362.000
2.934,2.932,2.935,2.933,2.933,2.927,2.936,3.600,3.600,3.607,3.602,3.604,3.603,3.609,-60.756,363.000
2.942,2.936,2.940,2.943,2.940,2.933,2.934,3.604,3.599,3.608,3.606,3.612,3.607,3.608,-60.590,364.000
2.939,2.936,2.933,2.932,2.937,2.940,2.938,3.603,3.606,3.601,3.607,3.609,3.604,3.605,-60.564,365.000
2.938,2.940,2.936,2.939,2.936,2.938,2.941,3.605,3.606,3.603,3.606,3.608,3.602,3.600,-60.658,366.000
2.936,2.934,2.937,2.936,2.938,2.937,2.940,3.602,3.604,3.606,3.602,3.601,3.603,3.596,-60.544,367.000
2.935,2.938,2.935,2.934,2.937,2.934,2.938,3.606,3.608,3.602,3.601,3.597,3.598,3.602,-60.359,368.000
2.938,2.938,2.939,2.935,2.936,2.934,2.935,3.601,3.602,3.606,3.603,3.601,3.599,3.598,-60.359,369.000
2.942,2.939,2.937,2.935,2.936,2.934,2.936,3.602,3.601,3.598,3.600,3.604,3.600,3.600,-60.453,370.000
2.936,2.936,2.937,2.938,2.938,2.936,2.935,3.601,3.600,3.602,3.607,3.602,3.602,3.603,-60.580,371.000
2.933,2.934,2.939,2.938,2.940,2.938,2.934,3.596,3.596,3.598,3.596,3.596,3.598,3.596,-60.553,372.000
2.942,2.936,2.939,2.938,2.933,2.934,2.939,3.603,3.604,3.602,3.597,3.603,3.610,3.599,-60.609,373.000
2.934,2.937,2.943,2.941,2.936,2.935,2.931,3.599,3.602,3.603,3.603,3.603,3.595,3.604,-60.540,374.000
2.934,2.936,2.931,2.938,2.935,2.936,2.933,3.598,3.597,3.597,3.598,3.600,3.605,3.600,-60.422,375.000
2.935,2.936,2.929,2.930,2.940,2.934,2.934,3.607,3.597,3.605,3.596,3.597,3.597,3.605,-60.422,376.000
2.935,2.931,2.941,2.938,2.933,2.938,2.936,3.601,3.601,3.596,3.607,3.607,3.597,3.602,-60.565,377.000
2.937,2.934,2.932,2.935,2.936,2.939,2.936,3.597,3.599,3.598,3.598,3.603,3.598,3.604,-60.425,378.000
2.933,2.936,2.932,2.932,2.932,2.935,2.934,3.602,3.596,3.597,3.593,3.607,3.601,3.606,-60.411,379.000
2.935,2.931,2.935,2.936,2.933,2.930,2.932,3.593,3.590,3.596,3.600,3.602,3.599,3.600,-60.462,380.000
2.933,2.931,2.929,2.929,2.935,2.935,2.934,3.596,3.598,3.597,3.601,3.596,3.599,3.602,-60.560,381.000
2.933,2.931,2.930,2.934,2.934,2.930,2.932,3.597,3.591,3.594,3.600,3.596,3.596,3.591,-60.421,382.000
2.932,2.931,2.931,2.926,2.933,2.937,2.930,3.598,3.593,3.596,3.596,3.603,3.597,3.606,-60.545,383.000
2.932,2.936,2.938,2.930,2.935,2.930,2.929,3.596,3.596,3.597,3.596,3.596,3.595,3.604,-60.372,384.000
2.931,2.934,2.933,2.934,2.935,2.933,2.928,3.598,3.590,3.596,3.593,3.594,3.599,3.595,-60.420,385.000
2.935,2.934,2.932,2.929,2.939,2.933,2.929,3.595,3.597,3.592,3.596,3.598,3.593,3.596,-60.429,386.000
2.932,2.928,2.934,2.933,2.935,2.940,2.933,3.600,3.595,3.599,3.598,3.595,3.594,3.597,-60.569,387.000
2.930,2.933,2.938,2.940,2.941,2.936,2.936,3.594,3.590,3.586,3.596,3.595,3.595,3.592,-60.556,388.000
2.933,2.930,2.937,2.933,2.934,2.935,2.940,3.596,3.588,3.597,3.598,3.597,3.589,3.590,-60.471,389.000
2.936,2.931,2.939,2.935,2.935,2.937,2.928,3.593,3.594,3.600,3.598,3.591,3.593,3.590,-60.639,390.000
2.936,2.939,2.934,2.932,2.936,2.932,2.933,3.595,3.599,3.596,3.600,3.596,3.593,3.599,-60.648,391.000
2.936,2.935,2.936,2.938,2.933,2.930,2.929,3.593,3.595,3.592,3.590,3.598,3.591,3.589,-60.644,392.000
2.938,2.934,2.934,2.937,2.934,2.936,2.935,3.592,3.586,3.593,3.595,3.597,3.593,3.594,-60.551,393.000
2.932,2.934,2.935,2.944,2.938,2.938,2.937,3.593,3.593,3.592,3.595,3.590,3.592,3.588,-60.581,394.000
2.941,2.938,2.944,2.941,2.939,2.940,2.943,3.593,3.589,3.590,3.593,3.594,3.596,3.592,-60.673,395.000
2.934,2.940,2.940,2.939,2.937,2.945,2.932,3.599,3.602,3.587,3.586,3.593,3.595,3.599,-60.665,396.000
2.936,2.935,2.938,2.939,2.938,2.937,2.949,3.595,3.595,3.600,3.590,3.586,3.591,3.590,-60.372,397.000
2.944,2.942,2.940,2.940,2.943,2.940,2.941,3.593,3.593,3.592,3.593,3.594,3.596,3.594,-60.372,398.000
2.939,2.939,2.939,2.946,2.944,2.940,2.942,3.586,3.591,3.591,3.590,3.592,3.598,3.594,-60.453,399.000
2.940,2.940,2.938,2.944,2.939,2.938,2.936,3.591,3.596,3.590,3.593,3.591,3.594,3.592,-60.659,400.000
2.946,2.939,2.943,2.940,2.938,2.948,2.941,3.595,3.593,3.592,3.589,3.590,3.595,3.595,-60.715,401.000
2.938,2.938,2.941,2.942,2.944,2.943,2.940,3.595,3.596,3.596,3.588,3.590,3.589,3.594,-60.591,402.000
2.943,2.944,2.942,2.939,2.945,2.947,2.950,3.594,3.594,3.589,3.601,3.598,3.595,3.593,-60.453,403.000
2.947,2.943,2.943,2.942,2.944,2.944,2.948,3.587,3.590,3.589,3.595,3.591,3.588,3.599,-60.471,404.000
2.935,2.941,2.943,2.952,2.938,2.945,2.942,3.597,3.596,3.593,3.596,3.591,3.595,3.592,-60.634,405.000
2.940,2.944,2.946,2.942,2.947,2.948,2.943,3.594,3.592,3.593,3.588,3.593,3.595,3.592,-60.556,406.000
2.944,2.940,2.943,2.944,2.941,2.947,2.940,3.591,3.591,3.592,3.594,3.591,3.592,3.595,-60.543,407.000
2.940,2.947,2.939,2.943,2.942,2.942,2.945,3.587,3.592,3.591,3.591,3.594,3.590,3.593,-60.617,408.000
2.945,2.941,2.945,2.946,2.948,2.945,2.944,3.584,3.592,3.587,3.588,3.587,3.591,3.597,-60.681,409.000
2.946,2.940,2.942,2.940,2.945,2.946,2.944,3.593,3.591,3.594,3.592,3.591,3.592,3.597,-60.551,410.000
2.939,2.942,2.945,2.942,2.943,2.940,2.940,3.588,3.586,3.590,3.586,3.599,3.595,3.594,-60.680,411.000
2.944,2.943,2.945,2.942,2.946,2.943,2.941,3.592,3.594,3.586,3.588,3.582,3.587,3.591,-60.613,412.000
2.944,2.938,2.937,2.939,2.939,2.939,2.937,3.591,3.594,3.592,3.585,3.593,3.592,3.592,-60.724,413.000
2.934,2.944,2.938,2.942,2.946,2.941,2.938,3.588,3.591,3.592,3.595,3.593,3.591,3.589,-60.537,414.000
2.940,2.943,2.944,2.941,2.941,2.940,2.943,3.593,3.590,3.587,3.592,3.594,3.599,3.596,-60.728,415.000
2.951,2.949,2.942,2.942,2.946,2.945,2.943,3.588,3.588,3.587,3.595,3.591,3.588,3.583,-60.625,416.000
2.941,2.944,2.946,2.939,2.944,2.943,2.946,3.595,3.594,3.591,3.592,3.594,3.595,3.596,-60.652,417.000
2.947,2.944,2.949,2.943,2.941,2.946,2.943,3.599,3.590,3.588,3.595,3.592,3.594,3.593,-60.600,418.000
2.947,2.952,2.950,2.951,2.953,2.947,2.949,3.598,3.593,3.597,3.597,3.589,3.601,3.597,-60.686,419.000
2.945,2.948,2.947,2.948,2.946,2.947,2.946,3.598,3.591,3.593,3.592,3.590,3.596,3.592,-60.653,420.000
2.951,2.949,2.945,2.943,2.951,2.957,2.955,3.594,3.595,3.595,3.590,3.595,3.595,3.595,-60.704,421.000
2.949,2.947,2.944,2.946,2.952,2.947,2.945,3.589,3.596,3.599,3.595,3.591,3.598,3.596,-60.550,422.000
2.948,2.951,2.948,2.942,2.947,2.950,2.948,3.598,3.601,3.591,3.596,3.589,3.596,3.590,-60.502,423.000
2.949,2.944,2.947,2.946,2.948,2.945,2.951,3.592,3.597,3.598,3.599,3.590,3.595,3.593,-60.651,424.000
2.941,2.948,2.948,2.941,2.946,2.943,2.947,3.589,3.587,3.596,3.590,3.590,3.600,3.583,-60.651,425.000
2.944,2.943,2.946,2.946,2.941,2.948,2.949,3.594,3.600,3.590,3.589,3.589,3.595,3.594,-60.436,426.000
2.943,2.948,2.942,2.947,2.945,2.950,2.942,3.589,3.594,3.595,3.589,3.595,3.592,3.593,-60.335,427.000
2.949,2.945,2.946,2.941,2.947,2.945,2.947,3.582,3.585,3.591,3.593,3.594,3.590,3.584,-60.340,428.000
2.945,2.944,2.938,2.947,2.945,2.946,2.947,3.589,3.588,3.591,3.585,3.590,3.589,3.583,-60.442,429.000
2.948,2.942,2.950,2.943,2.949,2.947,2.947,3.596,3.590,3.588,3.594,3.591,3.581,3.585,-60.544,430.000
2.949,2.952,2.951,2.948,2.953,2.942,2.945,3.592,3.593,3.595,3.593,3.585,3.587,3.589,-60.530,431.000
2.948,2.949,2.945,2.948,2.949,2.947,2.944,3.589,3.588,3.587,3.588,3.589,3.588,3.591,-60.614,432.000
2.948,2.945,2.947,2.945,2.946,2.947,2.950,3.591,3.585,3.588,3.589,3.583,3.588,3.587,-60.537,433.000
2.948,2.943,2.948,2.944,2.944,2.945,2.944,3.591,3.586,3.597,3.597,3.587,3.596,3.590,-60.663,434.000
2.950,2.948,2.950,2.952,2.946,2.949,2.950,3.595,3.591,3.594,3.594,3.587,3.598,3.596,-60.584,435.000
2.942,2.950,2.951,2.952,2.950,2.944,2.946,3.588,3.587,3.594,3.592,3.591,3.595,3.585,-60.599,436.000
2.944,2.941,2.949,2.940,2.944,2.942,2.946,3.594,3.594,3.589,3.598,3.585,3.590,3.594,-60.688,437.000
2.949,2.947,2.947,2.943,2.941,2.951,2.947,3.586,3.589,3.587,3.586,3.589,3.588,3.585,-60.488,438.000
2.945,2.946,2.943,2.940,2.938,2.942,2.942,3.585,3.584,3.589,3.586,3.583,3.582,3.585,-60.697,439.000
2.943,2.947,2.943,2.938,2.945,2.943,2.942,3.586,3.593,3.591,3.588,3.588,3.588,3.585,-60.596,440.000
2.944,2.939,2.945,2.944,2.948,2.932,2.941,3.582,3.593,3.587,3.584,3.584,3.588,3.589,-60.667,441.000
2.943,2.938,2.941,2.937,2.940,2.946,2.944,3.592,3.591,3.589,3.584,3.587,3.590,3.589,-60.636,442.000
2.944,2.941,2.938,2.946,2.940,2.944,2.940,3.591,3.593,3.586,3.587,3.583,3.586,3.591,-60.477,443.000
2.945,2.946,2.937,2.942,2.935,2.944,2.937,3.587,3.590,3.593,3.588,3.583,3.587,3.587,-60.632,444.000
2.938,2.941,2.940,2.942,2.945,2.942,2.941,3.595,3.585,3.589,3.593,3.587,3.589,3.586,-60.601,445.000
2.945,2.943,2.943,2.943,2.944,2.946,2.940,3.587,3.585,3.588,3.590,3.593,3.588,3.590,-60.512,446.000
2.944,2.945,2.947,2.945,2.947,2.947,2.948,3.595,3.587,3.597,3.591,3.591,3.587,3.589,-60.585,447.000
2.947,2.943,2.941,2.946,2.948,2.947,2.949,3.598,3.590,3.592,3.590,3.589,3.596,3.595,-60.431,448.000
2.948,2.950,2.952,2.945,2.945,2.950,2.946,3.593,3.588,3.591,3.592,3.591,3.589,3.586,-60.462,449.000
2.948,2.946,2.942,2.946,2.952,2.950,2.947,3.586,3.590,3.600,3.596,3.594,3.585,3.589,-60.486,450.000
2.952,2.951,2.952,2.947,2.951,2.947,2.953,3.594,3.593,3.592,3.598,3.594,3.595,3.598,-60.586,451.000
2.946,2.948,2.947,2.950,2.949,2.950,2.950,3.595,3.596,3.594,3.594,3.594,3.596,3.596,-60.552,452.000
2.945,2.953,2.951,2.954,2.948,2.953,2.945,3.593,3.591,3.596,3.603,3.590,3.591,3.593,-60.527,453.000
2.954,2.954,2.953,2.950,2.951,2.949,2.950,3.589,3.589,3.602,3.595,3.600,3.594,3.596,-60.541,454.000
2.949,2.947,2.948,2.951,2.948,2.950,2.949,3.592,3.589,3.589,3.599,3.592,3.596,3.591,-60.583,455.000
2.951,2.950,2.950,2.951,2.946,2.947,2.952,3.597,3.592,3.588,3.594,3.597,3.589,3.595,-60.571,456.000
2.949,2.952,2.949,2.953,2.949,2.951,2.955,3.598,3.598,3.594,3.596,3.591,3.595,3.588,-60.620,457.000
2.952,2.947,2.954,2.946,2.948,2.947,2.948,3.597,3.583,3.595,3.593,3.589,3.594,3.588,-60.665,458.000
2.950,2.948,2.953,2.950,2.945,2.946,2.943,3.593,3.589,3.591,3.588,3.590,3.589,3.594,-60.438,459.000
2.947,2.951,2.941,2.946,2.945,2.953,2.952,3.591,3.588,3.595,3.587,3.589,3.590,3.592,-60.632,460.000
2.946,2.950,2.952,2.957,2.954,2.947,2.955,3.592,3.586,3.591,3.591,3.590,3.592,3.589,-60.526,461.000
2.945,2.947,2.949,2.947,2.949,2.948,2.942,3.591,3.580,3.592,3.590,3.586,3.594,3.592,-60.363,462.000
2.945,2.947,2.947,2.949,2.940,2.942,2.943,3.586,3.590,3.592,3.586,3.584,3.588,3.588,-60.467,463.000
2.943,2.940,2.945,2.946,2.949,2.940,2.946,3.584,3.591,3.590,3.594,3.587,3.584,3.582,-60.399,464.000
2.947,2.942,2.950,2.940,2.951,2.953,2.950,3.583,3.585,3.585,3.583,3.584,3.588,3.585,-60.428,465.000
2.951,2.947,2.953,2.946,2.948,2.945,2.946,3.585,3.588,3.587,3.584,3.585,3.588,3.589,-60.440,466.000
2.947,2.950,2.949,2.945,2.943,2.947,2.954,3.583,3.585,3.585,3.587,3.586,3.588,3.584,-60.516,467.000
2.946,2.947,2.948,2.952,2.950,2.949,2.944,3.590,3.588,3.587,3.586,3.581,3.584,3.588,-60.470,468.000
2.944,2.945,2.942,2.948,2.948,2.943,2.947,3.585,3.585,3.587,3.585,3.587,3.586,3.587,-60.741,469.000
2.943,2.947,2.947,2.953,2.943,2.947,2.943,3.584,3.587,3.589,3.586,3.588,3.584,3.580,-60.658,470.000
2.941,2.945,2.946,2.942,2.944,2.950,2.948,3.582,3.582,3.579,3.582,3.587,3.587,3.586,-60.678,471.000
2.950,2.949,2.944,2.941,2.944,2.953,2.944,3.578,3.582,3.584,3.585,3.585,3.588,3.585,-60.421,472.000
2.953,2.950,2.953,2.946,2.949,2.945,2.942,3.585,3.590,3.586,3.591,3.582,3.578,3.582,-60.420,473.000
2.949,2.946,2.945,2.945,2.949,2.948,2.947,3.586,3.585,3.585,3.585,3.588,3.596,3.587,-60.416,474.000
2.948,2.951,2.948,2.954,2.950,2.953,2.954,3.582,3.586,3.587,3.582,3.582,3.591,3.592,-60.398,475.000
2.951,2.951,2.951,2.952,2.949,2.948,2.952,3.588,3.583,3.585,3.584,3.584,3.587,3.580,-60.712,476.000
2.957,2.957,2.954,2.956,2.956,2.952,2.957,3.589,3.583,3.589,3.588,3.584,3.586,3.588,-60.461,477.000
2.958,2.952,2.954,2.954,2.957,2.956,2.960,3.582,3.589,3.587,3.586,3.588,3.585,3.586,-60.639,478.000
2.956,2.962,2.956,2.963,2.956,2.957,2.956,3.590,3.584,3.589,3.586,3.588,3.587,3.587,-60.607,479.000
2.955,2.958,2.954,2.954,2.958,2.960,2.949,3.593,3.590,3.588,3.586,3.592,3.584,3.584,-60.616,480.000
2.959,2.956,2.955,2.956,2.959,2.957,2.954,3.589,3.591,3.585,3.589,3.585,3.589,3.585,-60.575,481.000
2.955,2.958,2.963,2.962,2.959,2.963,2.961,3.590,3.598,3.594,3.593,3.588,3.589,3.589,-60.585,482.000
2.965,2.964,2.962,2.960,2.958,2.960,2.962,3.587,3.587,3.582,3.583,3.595,3.589,3.593,-60.502,483.000
2.963,2.963,2.965,2.960,2.959,2.960,2.963,3.593,3.584,3.588,3.590,3.592,3.589,3.593,-60.525,484.000
2.955,2.965,2.963,2.966,2.963,2.964,2.962,3.591,3.593,3.596,3.598,3.587,3.596,3.591,-60.525,485.000
2.963,2.958,2.961,2.964,2.965,2.960,2.960,3.594,3.593,3.591,3.583,3.591,3.588,3.597,-60.388,486.000
2.966,2.957,2.967,2.961,2.967,2.965,2.956,3.590,3.592,3.592,3.592,3.592,3.591,3.587,-60.313,487.000
2.961,2.968,2.968,2.955,2.964,2.969,2.960,3.592,3.598,3.588,3.596,3.588,3.592,3.586,-60.207,488.000
2.965,2.967,2.973,2.964,2.968,2.964,2.964,3.590,3.595,3.588,3.591,3.592,3.595,3.599,-60.337,489.000
2.962,2.969,2.965,2.971,2.963,2.967,2.962,3.593,3.594,3.590,3.592,3.594,3.581,3.591,-60.452,490.000
2.967,2.965,2.966,2.964,2.967,2.967,2.965,3.592,3.595,3.597,3.599,3.595,3.594,3.592,-60.335,491.000
2.972,2.975,2.965,2.967,2.966,2.973,2.968,3.596,3.597,3.592,3.594,3.593,3.592,3.600,-60.359,492.000
2.961,2.969,2.969,2.970,2.963,2.972,2.972,3.594,3.594,3.592,3.596,3.589,3.587,3.595,-60.442,493.000
2.970,2.972,2.973,2.977,2.973,2.967,2.969,3.599,3.594,3.596,3.587,3.595,3.589,3.593,-60.452,494.000
2.973,2.973,2.972,2.973,2.971,2.971,2.969,3.593,3.587,3.590,3.602,3.598,3.599,3.594,-60.431,495.000
2.968,2.970,2.972,2.975,2.972,2.972,2.967,3.596,3.599,3.589,3.596,3.594,3.598,3.580,-60.470,496.000
2.970,2.977,2.975,2.969,2.973,2.973,2.970,3.594,3.594,3.595,3.592,3.594,3.593,3.592,-60.383,497.000
2.968,2.975,2.969,2.976,2.974,2.969,2.974,3.596,3.595,3.592,3.594,3.597,3.597,3.596,-60.330,498.000
2.971,2.970,2.968,2.978,2.975,2.975,2.975,3.596,3.593,3.600,3.598,3.598,3.595,3.593,-60.439,499.000
2.978,2.975,2.976,2.972,2.979,2.978,2.976,3.593,3.598,3.596,3.599,3.599,3.599,3.598,-60.473,500.000
2.977,2.983,2.974,2.979,2.971,2.980,2.974,3.591,3.590,3.600,3.605,3.598,3.598,3.600,-60.584,501.000
2.982,2.981,2.974,2.980,2.975,2.979,2.979,3.596,3.588,3.597,3.589,3.596,3.598,3.599,-60.643,502.000
2.977,2.976,2.976,2.978,2.980,2.973,2.974,3.596,3.598,3.597,3.598,3.598,3.595,3.595,-60.569,503.000
2.977,2.977,2.983,2.984,2.981,2.985,2.979,3.600,3.602,3.601,3.604,3.595,3.601,3.599,-60.380,504.000
2.987,2.975,2.985,2.986,2.980,2.980,2.988,3.592,3.597,3.599,3.601,3.598,3.597,3.603,-60.510,505.000
2.981,2.985,2.982,2.982,2.981,2.984,2.985,3.601,3.601,3.605,3.601,3.600,3.603,3.596,-60.469,506.000
2.980,2.987,2.978,2.981,2.978,2.988,2.990,3.596,3.591,3.596,3.596,3.600,3.597,3.600,-60.541,507.000
2.981,2.986,2.987,2.986,2.981,2.982,2.984,3.601,3.600,3.597,3.596,3.594,3.599,3.603,-60.358,508.000
2.988,2.988,2.980,2.985,2.994,2.988,2.988,3.603,3.605,3.598,3.599,3.602,3.602,3.597,-60.474,509.000
2.989,2.995,2.989,2.988,2.989,2.998,2.994,3.601,3.596,3.597,3.597,3.601,3.598,3.602,-60.618,510.000
2.988,2.997,2.990,2.995,2.997,2.995,2.996,3.605,3.604,3.599,3.605,3.601,3.606,3.606,-60.494,511.000
2.995,2.992,2.994,2.992,2.991,2.997,2.992,3.600,3.601,3.603,3.603,3.602,3.601,3.609,-60.490,512.000
2.997,2.999,2.993,2.997,2.996,2.994,2.991,3.609,3.605,3.610,3.601,3.612,3.597,3.604,-60.366,513.000
2.992,2.998,2.992,2.997,2.996,3.001,2.999,3.600,3.603,3.599,3.601,3.600,3.603,3.605,-60.375,514.000
2.995,2.996,2.998,3.001,2.997,2.994,2.994,3.608,3.605,3.612,3.612,3.607,3.607,3.602,-60.447,515.000
2.996,2.999,2.992,2.996,2.997,2.996,2.994,3.604,3.606,3.602,3.604,3.601,3.602,3.600,-60.367,516.000
3.000,3.006,2.999,2.996,2.997,2.998,2.995,3.600,3.605,3.601,3.606,3.600,3.596,3.603,-60.377,517.000
2.999,3.007,2.999,3.003,2.997,2.993,2.998,3.600,3.605,3.602,3.602,3.604,3.601,3.600,-60.226,518.000
2.997,2.997,3.001,3.003,3.000,3.003,2.994,3.599,3.599,3.598,3.602,3.603,3.602,3.601,-60.275,519.000
3.002,3.004,3.002,2.999,3.003,3.004,3.005,3.602,3.606,3.605,3.604,3.597,3.598,3.596,-60.213,520.000
2.999,3.000,3.002,3.005,3.002,3.004,3.001,3.601,3.595,3.598,3.597,3.602,3.598,3.592,-60.347,521.000
2.999,3.002,2.999,3.001,2.997,3.000,3.002,3.600,3.601,3.601,3.598,3.605,3.603,3.600,-60.349,522.000
2.998,2.995,2.995,3.005,3.001,3.002,2.999,3.599,3.604,3.601,3.599,3.604,3.603,3.594,-60.490,523.000
3.000,3.001,3.001,3.003,3.003,2.998,3.008,3.605,3.603,3.602,3.604,3.602,3.602,3.605,-60.474,524.000
2.998,3.007,3.004,3.005,3.002,3.008,3.001,3.604,3.602,3.603,3.602,3.598,3.602,3.605,-60.552,525.000
3.003,3.003,3.000,3.003,3.002,3.005,3.002,3.601,3.602,3.600,3.605,3.603,3.603,3.603,-60.552,526.000
3.014,3.003,3.005,2.999,3.008,3.008,3.009,3.599,3.603,3.599,3.594,3.598,3.604,3.609,-60.678,527.000
3.010,3.011,3.006,3.003,3.007,3.010,3.007,3.600,3.606,3.604,3.603,3.607,3.602,3.601,-60.547,528.000
3.006,3.014,3.011,3.011,3.007,3.006,3.008,3.605,3.611,3.606,3.608,3.599,3.607,3.612,-60.525,529.000
3.005,3.006,3.009,3.008,3.010,3.011,3.007,3.601,3.601,3.604,3.606,3.607,3.603,3.608,-60.553,530.000
3.016,3.009,3.008,3.007,3.006,3.012,3.013,3.604,3.603,3.602,3.604,3.601,3.606,3.601,-60.589,531.000
3.006,3.009,3.008,3.009,3.008,3.007,3.009,3.604,3.606,3.597,3.605,3.599,3.601,3.603,-60.640,532.000
3.007,3.008,3.006,3.003,3.013,3.006,3.008,3.602,3.603,3.597,3.601,3.608,3.603,3.605,-60.605,533.000
3.007,3.008,3.010,3.013,3.009,3.002,3.005,3.604,3.605,3.604,3.603,3.599,3.601,3.608,-60.403,534.000
3.007,3.005,3.001,3.007,3.009,3.018,3.014,3.601,3.600,3.600,3.605,3.602,3.603,3.605,-60.615,535.000
3.007,3.012,3.012,3.008,3.005,3.014,3.011,3.600,3.603,3.604,3.599,3.607,3.608,3.604,-60.624,536.000
3.002,3.002,3.009,3.005,3.003,3.005,3.015,3.599,3.600,3.603,3.604,3.607,3.604,3.601,-60.670,537.000
3.005,3.006,3.006,3.017,3.010,3.011,3.007,3.604,3.607,3.602,3.607,3.598,3.594,3.601,-60.670,538.000
3.006,3.005,3.007,3.006,3.008,3.006,3.009,3.600,3.596,3.599,3.602,3.598,3.600,3.597,-60.645,539.000
3.000,2.999,3.002,3.010,3.007,3.003,3.010,3.602,3.604,3.600,3.601,3.598,3.603,3.595,-60.643,540.000
3.004,3.013,3.009,3.003,3.010,3.008,3.009,3.602,3.602,3.604,3.598,3.600,3.598,3.601,-60.768,541.000
3.007,3.006,3.005,3.004,3.004,3.004,3.007,3.595,3.598,3.605,3.601,3.598,3.598,3.597,-60.682,542.000
3.012,2.999,3.004,3.001,3.004,3.002,3.002,3.600,3.596,3.592,3.596,3.599,3.595,3.598,-60.738,543.000
3.005,3.008,3.011,3.008,3.005,3.005,3.004,3.594,3.603,3.597,3.595,3.599,3.601,3.597,-60.819,544.000
3.004,3.006,3.004,3.008,3.005,3.002,3.010,3.598,3.599,3.600,3.596,3.600,3.598,3.598,-60.737,545.000
3.008,3.004,3.001,3.012,3.006,3.003,3.003,3.599,3.594,3.597,3.600,3.596,3.600,3.602,-60.749,546.000
3.009,3.008,3.004,3.006,3.003,3.005,3.006,3.593,3.593,3.597,3.595,3.593,3.599,3.600,-60.675,547.000
3.006,3.002,3.008,3.010,3.006,3.008,2.998,3.595,3.597,3.595,3.600,3.602,3.596,3.596,-60.705,548.000
3.003,3.004,3.001,3.005,3.006,3.009,3.005,3.595,3.597,3.595,3.596,3.595,3.592,3.594,-60.520,549.000
3.007,3.005,3.011,3.007,3.001,3.002,3.004,3.597,3.604,3.603,3.593,3.598,3.587,3.592,-60.459,550.000
3.006,3.006,3.008,3.000,3.007,3.005,3.008,3.595,3.593,3.598,3.593,3.593,3.596,3.594,-60.566,551.000
3.007,3.004,3.004,3.009,3.001,3.009,3.005,3.592,3.592,3.591,3.592,3.592,3.595,3.592,-60.562,552.000
3.015,3.009,3.011,3.009,3.007,3.014,3.011,3.595,3.599,3.596,3.594,3.597,3.591,3.593,-60.441,553.000
3.013,3.011,3.011,3.009,3.007,3.006,3.010,3.594,3.591,3.598,3.599,3.589,3.596,3.594,-60.498,554.000
3.009,3.008,3.012,3.012,3.007,3.014,3.013,3.596,3.598,3.593,3.590,3.592,3.591,3.588,-60.554,555.000
3.011,3.008,3.007,3.009,3.007,3.011,3.007,3.589,3.594,3.591,3.591,3.596,3.592,3.596,-60.647,556.000
3.005,3.003,3.009,3.009,3.005,3.009,3.004,3.595,3.595,3.596,3.590,3.595,3.591,3.592,-60.576,557.000
3.008,3.009,3.001,3.001,3.009,3.006,3.003,3.593,3.593,3.591,3.589,3.594,3.597,3.596,-60.527,558.000
3.003,3.003,3.000,3.002,3.001,3.008,3.006,3.588,3.588,3.590,3.591,3.599,3.592,3.594,-60.609,559.000
3.002,3.008,3.008,3.009,3.008,3.007,3.008,3.588,3.589,3.594,3.593,3.597,3.594,3.590,-60.830,560.000
3.007,3.004,3.001,3.004,3.011,3.008,3.008,3.589,3.593,3.593,3.595,3.595,3.591,3.596,-60.897,561.000
3.003,3.009,3.012,3.006,3.010,3.012,3.006,3.588,3.588,3.587,3.590,3.585,3.590,3.592,-60.805,562.000
3.002,3.005,3.011,3.010,3.015,3.008,3.011,3.594,3.592,3.586,3.584,3.587,3.591,3.589,-60.726,563.000
3.017,3.007,3.008,3.012,3.012,3.006,3.008,3.586,3.589,3.591,3.587,3.591,3.592,3.585,-60.630,564.000
3.004,3.009,3.016,3.010,3.006,3.011,3.002,3.593,3.595,3.589,3.589,3.594,3.594,3.590,-60.683,565.000
3.013,3.009,3.017,3.010,3.017,3.008,3.008,3.594,3.586,3.596,3.585,3.585,3.593,3.590,-60.675,566.000
3.013,3.010,3.017,3.009,3.014,3.014,3.012,3.590,3.595,3.593,3.593,3.594,3.592,3.595,-60.585,567.000
3.011,3.013,3.011,3.010,3.010,3.009,3.010,3.589,3.588,3.589,3.593,3.591,3.594,3.595,-60.660,568.000
3.015,3.011,3.014,3.008,3.015,3.012,3.011,3.588,3.588,3.592,3.587,3.587,3.594,3.587,-60.632,569.000
3.013,3.011,3.009,3.016,3.017,3.011,3.015,3.595,3.600,3.594,3.593,3.594,3.589,3.584,-60.602,570.000
3.015,3.013,3.016,3.010,3.012,3.014,3.010,3.588,3.583,3.582,3.593,3.592,3.597,3.593,-60.718,571.000
3.011,3.016,3.017,3.011,3.013,3.015,3.011,3.593,3.589,3.594,3.594,3.593,3.591,3.594,-60.652,572.000
3.010,3.009,3.017,3.011,3.013,3.014,3.013,3.586,3.586,3.587,3.587,3.585,3.594,3.599,-60.685,573.000
3.011,3.014,3.006,3.014,3.011,3.014,3.011,3.585,3.581,3.588,3.588,3.586,3.587,3.592,-60.784,574.000
3.016,3.015,3.015,3.018,3.009,3.012,3.014,3.594,3.594,3.591,3.587,3.585,3.590,3.582,-60.844,575.000
3.019,3.009,3.012,3.009,3.010,3.007,3.013,3.583,3.583,3.583,3.591,3.589,3.586,3.590,-60.792,576.000
3.017,3.016,3.018,3.014,3.009,3.016,3.014,3.580,3.595,3.593,3.590,3.588,3.590,3.589,-60.549,577.000
3.013,3.016,3.014,3.019,3.017,3.020,3.012,3.586,3.580,3.585,3.593,3.592,3.590,3.593,-60.600,578.000
3.019,3.016,3.015,3.009,3.013,3.013,3.013,3.585,3.586,3.584,3.585,3.582,3.586,3.592,-60.776,579.000
3.016,3.016,3.019,3.020,3.015,3.013,3.016,3.589,3.591,3.578,3.589,3.591,3.591,3.586,-60.683,580.000
3.015,3.018,3.011,3.014,3.016,3.015,3.018,3.583,3.586,3.588,3.591,3.590,3.588,3.588,-60.813,581.000
3.019,3.021,3.014,3.014,3.012,3.019,3.014,3.580,3.584,3.586,3.592,3.590,3.582,3.585,-60.828,582.000
3.015,3.014,3.015,3.012,3.013,3.019,3.021,3.588,3.586,3.582,3.583,3.585,3.584,3.587,-60.743,583.000
3.018,3.018,3.017,3.017,3.020,3.013,3.019,3.588,3.587,3.585,3.591,3.586,3.587,3.582,-60.689,584.000
3.020,3.019,3.018,3.017,3.021,3.020,3.020,3.588,3.592,3.587,3.587,3.582,3.586,3.590,-60.640,585.000
3.026,3.019,3.022,3.028,3.025,3.019,3.029,3.586,3.589,3.586,3.586,3.588,3.588,3.584,-60.651,586.000
3.019,3.020,3.026,3.017,3.016,3.022,3.025,3.588,3.585,3.588,3.590,3.584,3.590,3.591,-60.687,587.000
3.022,3.018,3.022,3.024,3.025,3.017,3.026,3.590,3.586,3.589,3.591,3.598,3.594,3.586,-60.653,588.000
3.028,3.026,3.026,3.029,3.023,3.024,3.021,3.587,3.592,3.588,3.592,3.591,3.590,3.585,-60.522,589.000
3.022,3.022,3.026,3.017,3.027,3.026,3.023,3.591,3.597,3.593,3.586,3.584,3.588,3.589,-60.514,590.000
3.024,3.017,3.018,3.024,3.024,3.025,3.029,3.590,3.593,3.589,3.595,3.595,3.587,3.591,-60.820,591.000
3.029,3.023,3.024,3.025,3.027,3.022,3.029,3.590,3.591,3.591,3.590,3.589,3.586,3.591,-60.830,592.000
3.022,3.024,3.021,3.029,3.027,3.027,3.025,3.585,3.588,3.585,3.595,3.587,3.587,3.590,-60.790,593.000
3.027,3.022,3.031,3.027,3.028,3.030,3.034,3.587,3.589,3.594,3.588,3.593,3.590,3.594,-60.634,594.000
3.027,3.025,3.021,3.026,3.027,3.025,3.026,3.591,3.582,3.588,3.589,3.591,3.589,3.592,-60.699,595.000
3.019,3.022,3.024,3.027,3.027,3.023,3.027,3.594,3.589,3.585,3.587,3.583,3.596,3.591,-60.636,596.000
3.027,3.032,3.030,3.029,3.026,3.032,3.034,3.590,3.589,3.593,3.594,3.582,3.591,3.592,-60.902,597.000
3.027,3.024,3.029,3.027,3.027,3.025,3.026,3.590,3.589,3.586,3.592,3.590,3.590,3.588,-60.821,598.000
3.032,3.027,3.023,3.031,3.030,3.030,3.028,3.587,3.590,3.592,3.587,3.591,3.595,3.585,-60.843,599.000
3.030,3.025,3.019,3.031,3.026,3.029,3.030,3.592,3.586,3.591,3.587,3.588,3.589,3.592,-60.893,600.000
3.031,3.023,3.031,3.029,3.034,3.029,3.025,3.591,3.587,3.586,3.581,3.589,3.590,3.591,-60.707,601.000
3.030,3.022,3.027,3.028,3.028,3.032,3.024,3.591,3.585,3.589,3.589,3.589,3.581,3.586,-60.491,602.000
3.028,3.026,3.024,3.029,3.025,3.032,3.025,3.590,3.590,3.582,3.584,3.584,3.585,3.587,-60.362,603.000
3.030,3.031,3.027,3.033,3.034,3.029,3.026,3.584,3.587,3.586,3.584,3.594,3.588,3.583,-60.313,604.000
3.031,3.027,3.030,3.025,3.026,3.031,3.030,3.589,3.591,3.594,3.590,3.580,3.590,3.583,-60.329,605.000
3.031,3.037,3.028,3.031,3.027,3.026,3.029,3.588,3.583,3.587,3.584,3.582,3.587,3.589,-60.390,606.000
3.024,3.030,3.027,3.025,3.024,3.030,3.031,3.591,3.591,3.593,3.586,3.591,3.585,3.590,-60.284,607.000
3.032,3.032,3.032,3.031,3.032,3.031,3.029,3.587,3.591,3.596,3.589,3.591,3.593,3.592,-60.259,608.000
3.029,3.026,3.034,3.030,3.037,3.031,3.038,3.587,3.593,3.590,3.587,3.590,3.588,3.584,-60.410,609.000
3.041,3.034,3.031,3.035,3.034,3.031,3.034,3.592,3.594,3.591,3.587,3.584,3.588,3.586,-60.413,610.000
3.033,3.030,3.029,3.038,3.031,3.033,3.030,3.589,3.591,3.588,3.587,3.589,3.587,3.584,-60.459,611.000
3.032,3.035,3.035,3.039,3.033,3.035,3.034,3.586,3.591,3.585,3.588,3.585,3.593,3.589,-60.443,612.000
3.034,3.038,3.038,3.037,3.032,3.033,3.032,3.592,3.595,3.597,3.589,3.588,3.595,3.596,-60.329,613.000
3.038,3.038,3.036,3.043,3.036,3.033,3.030,3.587,3.591,3.593,3.585,3.591,3.586,3.591,-60.112,614.000
3.035,3.031,3.034,3.035,3.033,3.037,3.037,3.585,3.598,3.593,3.587,3.587,3.585,3.586,-60.297,615.000
3.030,3.034,3.031,3.036,3.037,3.036,3.034,3.589,3.597,3.588,3.587,3.584,3.585,3.585,-60.278,616.000
3.037,3.040,3.037,3.030,3.038,3.035,3.035,3.591,3.592,3.586,3.586,3.591,3.593,3.589,-60.281,617.000
3.043,3.045,3.037,3.032,3.034,3.035,3.032,3.586,3.586,3.586,3.585,3.594,3.591,3.587,-60.166,618.000
3.035,3.035,3.034,3.037,3.035,3.037,3.033,3.590,3.590,3.586,3.596,3.589,3.583,3.590,-60.355,619.000
3.032,3.037,3.037,3.039,3.040,3.037,3.037,3.592,3.591,3.593,3.598,3.592,3.584,3.589,-60.581,620.000
3.033,3.039,3.039,3.034,3.042,3.038,3.043,3.584,3.586,3.587,3.596,3.597,3.594,3.592,-60.675,621.000
3.040,3.037,3.041,3.039,3.043,3.044,3.041,3.592,3.587,3.592,3.587,3.590,3.591,3.591,-60.560,622.000
3.036,3.037,3.037,3.041,3.041,3.035,3.037,3.590,3.594,3.588,3.586,3.591,3.590,3.593,-60.549,623.000
3.045,3.040,3.043,3.048,3.047,3.039,3.045,3.591,3.596,3.590,3.590,3.585,3.589,3.589,-60.679,624.000
3.042,3.039,3.044,3.040,3.037,3.046,3.042,3.592,3.585,3.592,3.603,3.596,3.596,3.585,-60.728,625.000
3.040,3.048,3.042,3.042,3.042,3.037,3.047,3.590,3.590,3.591,3.593,3.587,3.588,3.594,-60.567,626.000
3.040,3.041,3.041,3.037,3.041,3.040,3.044,3.593,3.594,3.592,3.590,3.591,3.593,3.591,-60.611,627.000
3.037,3.039,3.036,3.038,3.034,3.047,3.046,3.587,3.589,3.596,3.597,3.594,3.594,3.590,-60.596,628.000
3.038,3.037,3.038,3.037,3.044,3.038,3.039,3.592,3.586,3.593,3.592,3.589,3.592,3.589,-60.588,629.000
3.037,3.048,3.045,3.042,3.043,3.049,3.037,3.590,3.585,3.588,3.590,3.583,3.594,3.590,-60.689,630.000
3.045,3.050,3.048,3.046,3.040,3.043,3.044,3.588,3.596,3.601,3.593,3.588,3.586,3.591,-60.791,631.000
3.040,3.044,3.046,3.050,3.043,3.046,3.047,3.588,3.589,3.590,3.590,3.589,3.592,3.593,-60.676,632.000
3.046,3.046,3.045,3.049,3.040,3.044,3.048,3.596,3.590,3.595,3.590,3.593,3.594,3.589,-60.660,633.000
3.056,3.042,3.051,3.044,3.046,3.048,3.044,3.594,3.594,3.598,3.595,3.603,3.598,3.594,-60.513,634.000
3.049,3.051,3.051,3.052,3.050,3.048,3.050,3.593,3.598,3.599,3.596,3.594,3.588,3.591,-60.525,635.000
3.053,3.056,3.053,3.053,3.054,3.053,3.048,3.593,3.593,3.600,3.599,3.604,3.598,3.596,-60.470,636.000
3.053,3.053,3.050,3.050,3.052,3.054,3.050,3.596,3.601,3.597,3.596,3.600,3.600,3.599,-60.541,637.000
3.054,3.052,3.050,3.060,3.055,3.049,3.054,3.596,3.597,3.597,3.601,3.597,3.598,3.596,-60.444,638.000
3.050,3.053,3.054,3.054,3.054,3.057,3.050,3.600,3.598,3.596,3.598,3.595,3.595,3.594,-60.393,639.000
3.056,3.056,3.054,3.056,3.055,3.051,3.050,3.593,3.596,3.599,3.599,3.601,3.596,3.603,-60.472,640.000
3.053,3.051,3.053,3.054,3.054,3.057,3.054,3.596,3.603,3.602,3.599,3.593,3.599,3.599,-60.509,641.000
3.055,3.056,3.061,3.051,3.056,3.051,3.052,3.599,3.597,3.594,3.600,3.596,3.597,3.600,-60.485,642.000
3.054,3.048,3.058,3.055,3.053,3.048,3.058,3.592,3.594,3.598,3.598,3.597,3.593,3.593,-60.456,643.000
3.056,3.057,3.055,3.056,3.054,3.055,3.055,3.595,3.593,3.600,3.599,3.598,3.597,3.595,-60.504,644.000
3.053,3.055,3.057,3.053,3.057,3.056,3.054,3.602,3.588,3.595,3.594,3.591,3.594,3.593,-60.471,645.000
3.057,3.055,3.058,3.056,3.054,3.057,3.059,3.598,3.598,3.596,3.594,3.601,3.598,3.599,-60.416,646.000
3.053,3.058,3.056,3.061,3.054,3.054,3.055,3.594,3.601,3.604,3.606,3.612,3.605,3.602,-60.543,647.000
3.050,3.054,3.051,3.052,3.049,3.054,3.056,3.600,3.593,3.592,3.594,3.599,3.594,3.590,-60.537,648.000
3.048,3.052,3.051,3.050,3.052,3.051,3.055,3.593,3.592,3.599,3.595,3.593,3.597,3.593,-60.582,649.000
3.053,3.060,3.051,3.048,3.047,3.046,3.049,3.593,3.588,3.595,3.590,3.598,3.591,3.596,-60.829,650.000
3.046,3.045,3.046,3.048,3.053,3.043,3.053,3.591,3.590,3.589,3.595,3.594,3.586,3.587,-60.721,651.000
3.050,3.050,3.055,3.056,3.045,3.051,3.050,3.597,3.592,3.597,3.593,3.587,3.587,3.590,-60.725,652.000
3.043,3.048,3.050,3.046,3.045,3.052,3.046,3.588,3.589,3.591,3.591,3.594,3.592,3.595,-60.719,653.000
3.043,3.045,3.046,3.047,3.042,3.048,3.049,3.589,3.595,3.587,3.590,3.590,3.595,3.590,-60.767,654.000
3.052,3.055,3.053,3.051,3.050,3.048,3.049,3.590,3.595,3.597,3.599,3.595,3.594,3.599,-60.747,655.000
3.056,3.053,3.049,3.046,3.051,3.047,3.051,3.591,3.597,3.588,3.589,3.597,3.593,3.597,-60.622,656.000
3.043,3.049,3.047,3.054,3.051,3.052,3.048,3.591,3.596,3.599,3.595,3.597,3.596,3.591,-60.622,657.000
3.047,3.045,3.045,3.045,3.056,3.048,3.047,3.590,3.595,3.590,3.598,3.595,3.595,3.598,-60.558,658.000
3.048,3.052,3.055,3.051,3.052,3.051,3.054,3.593,3.594,3.590,3.595,3.594,3.591,3.599,-60.634,659.000
3.052,3.054,3.053,3.049,3.051,3.047,3.053,3.596,3.594,3.598,3.599,3.591,3.595,3.598,-60.634,660.000
3.053,3.049,3.051,3.052,3.051,3.050,3.050,3.597,3.594,3.589,3.590,3.597,3.596,3.593,-60.604,661.000
3.051,3.059,3.054,3.049,3.054,3.052,3.050,3.595,3.600,3.596,3.591,3.593,3.594,3.592,-60.514,662.000
3.053,3.056,3.050,3.055,3.052,3.055,3.053,3.591,3.593,3.596,3.588,3.594,3.592,3.590,-60.483,663.000
3.053,3.054,3.048,3.051,3.053,3.050,3.044,3.592,3.598,3.596,3.594,3.591,3.597,3.593,-60.570,664.000
3.054,3.053,3.056,3.058,3.057,3.057,3.054,3.596,3.594,3.591,3.593,3.595,3.595,3.592,-60.422,665.000
3.051,3.052,3.051,3.054,3.048,3.053,3.046,3.593,3.592,3.589,3.593,3.593,3.594,3.592,-60.447,666.000
3.050,3.045,3.052,3.055,3.053,3.050,3.055,3.591,3.586,3.592,3.590,3.597,3.592,3.588,-60.386,667.000
3.049,3.053,3.053,3.051,3.043,3.053,3.049,3.592,3.590,3.590,3.592,3.593,3.599,3.604,-60.427,668.000
3.049,3.048,3.051,3.053,3.049,3.055,3.056,3.592,3.597,3.595,3.590,3.593,3.591,3.592,-60.589,669.000
3.053,3.048,3.046,3.053,3.051,3.054,3.058,3.590,3.586,3.589,3.595,3.594,3.588,3.590,-60.581,670.000
3.054,3.054,3.051,3.052,3.053,3.052,3.053,3.596,3.593,3.587,3.591,3.589,3.597,3.598,-60.577,671.000
3.053,3.055,3.051,3.055,3.049,3.048,3.048,3.591,3.593,3.591,3.594,3.597,3.595,3.592,-60.667,672.000
3.056,3.054,3.053,3.051,3.052,3.054,3.053,3.592,3.592,3.593,3.592,3.587,3.593,3.594,-60.637,673.000
3.059,3.053,3.049,3.050,3.049,3.055,3.054,3.591,3.587,3.585,3.594,3.592,3.592,3.593,-60.756,674.000
3.060,3.062,3.055,3.057,3.053,3.056,3.055,3.589,3.592,3.594,3.590,3.589,3.589,3.588,-60.696,675.000
3.057,3.051,3.057,3.052,3.057,3.056,3.056,3.595,3.595,3.594,3.594,3.588,3.592,3.598,-60.776,676.000
3.056,3.054,3.059,3.059,3.053,3.056,3.061,3.595,3.595,3.594,3.591,3.593,3.592,3.594,-60.758,677.000
3.055,3.051,3.052,3.056,3.053,3.053,3.060,3.596,3.600,3.596,3.591,3.595,3.595,3.588,-60.816,678.000
3.060,3.053,3.052,3.062,3.059,3.063,3.057,3.590,3.588,3.595,3.593,3.593,3.594,3.592,-60.773,679.000
3.055,3.065,3.064,3.064,3.065,3.057,3.057,3.592,3.587,3.590,3.595,3.604,3.599,3.599,-60.596,680.000
3.060,3.057,3.060,3.059,3.059,3.060,3.060,3.590,3.585,3.598,3.595,3.592,3.592,3.594,-60.544,681.000
3.057,3.062,3.065,3.058,3.070,3.059,3.063,3.595,3.590,3.592,3.591,3.593,3.594,3.589,-60.645,682.000
3.063,3.059,3.056,3.060,3.058,3.061,3.061,3.589,3.597,3.591,3.592,3.587,3.588,3.590,-60.665,683.000
3.063,3.064,3.062,3.065,3.058,3.064,3.064,3.593,3.597,3.595,3.593,3.588,3.589,3.591,-60.728,684.000
3.062,3.063,3.068,3.062,3.063,3.062,3.061,3.593,3.591,3.596,3.596,3.594,3.592,3.596,-60.705,685.000
3.062,3.059,3.057,3.062,3.062,3.064,3.062,3.586,3.590,3.590,3.583,3.588,3.600,3.593,-60.593,686.000
3.062,3.062,3.061,3.065,3.070,3.068,3.064,3.596,3.588,3.588,3.589,3.597,3.588,3.596,-60.460,687.000
3.061,3.059,3.060,3.064,3.068,3.062,3.065,3.593,3.595,3.595,3.597,3.596,3.595,3.588,-60.296,688.000
3.062,3.062,3.063,3.057,3.068,3.064,3.065,3.592,3.593,3.591,3.593,3.590,3.594,3.591,-60.390,689.000
3.061,3.057,3.062,3.060,3.066,3.062,3.062,3.592,3.592,3.585,3.593,3.591,3.598,3.594,-60.402,690.000
3.060,3.062,3.061,3.060,3.054,3.066,3.060,3.588,3.592,3.591,3.589,3.590,3.592,3.592,-60.486,691.000
3.060,3.057,3.056,3.057,3.059,3.064,3.062,3.589,3.589,3.587,3.581,3.592,3.589,3.587,-60.478,692.000
3.063,3.061,3.059,3.061,3.068,3.064,3.066,3.592,3.585,3.583,3.590,3.584,3.585,3.586,-60.457,693.000
3.060,3.061,3.062,3.067,3.059,3.062,3.060,3.590,3.585,3.586,3.588,3.589,3.593,3.583,-60.600,694.000
3.062,3.064,3.065,3.061,3.066,3.060,3.058,3.583,3.591,3.588,3.587,3.590,3.589,3.591,-60.604,695.000
3.064,3.064,3.056,3.062,3.062,3.064,3.065,3.587,3.587,3.587,3.586,3.591,3.592,3.590,-60.604,696.000
3.058,3.061,3.062,3.063,3.061,3.057,3.065,3.591,3.585,3.589,3.588,3.590,3.584,3.589,-60.517,697.000
3.064,3.063,3.057,3.068,3.062,3.058,3.057,3.585,3.589,3.581,3.583,3.586,3.579,3.586,-60.620,698.000
3.059,3.061,3.063,3.062,3.062,3.061,3.066,3.587,3.588,3.585,3.586,3.589,3.586,3.584,-60.654,699.000
3.063,3.065,3.067,3.066,3.063,3.061,3.066,3.594,3.591,3.583,3.589,3.587,3.586,3.583,-60.623,700.000
3.062,3.068,3.062,3.068,3.062,3.060,3.062,3.591,3.592,3.588,3.589,3.587,3.589,3.595,-60.780,701.000
3.071,3.065,3.066,3.059,3.064,3.061,3.067,3.591,3.590,3.587,3.582,3.585,3.584,3.588,-60.780,702.000
3.068,3.069,3.063,3.062,3.064,3.057,3.065,3.592,3.585,3.586,3.590,3.585,3.582,3.588,-60.941,703.000
3.066,3.064,3.061,3.066,3.058,3.062,3.061,3.588,3.585,3.591,3.592,3.588,3.588,3.589,-60.808,704.000
3.062,3.062,3.068,3.070,3.066,3.062,3.067,3.589,3.585,3.588,3.586,3.592,3.584,3.583,-60.617,705.000
3.063,3.061,3.064,3.070,3.064,3.068,3.061,3.590,3.582,3.585,3.583,3.587,3.591,3.582,-60.581,706.000
3.070,3.070,3.066,3.066,3.071,3.062,3.068,3.587,3.582,3.584,3.580,3.584,3.586,3.583,-60.581,707.000
3.064,3.062,3.065,3.063,3.065,3.068,3.067,3.585,3.584,3.586,3.586,3.582,3.582,3.586,-60.529,708.000
3.066,3.065,3.062,3.064,3.066,3.068,3.065,3.588,3.583,3.586,3.585,3.582,3.590,3.590,-60.790,709.000
3.062,3.070,3.063,3.066,3.066,3.066,3.063,3.582,3.583,3.581,3.591,3.587,3.586,3.586,-60.835,710.000
3.067,3.063,3.065,3.062,3.066,3.069,3.071,3.587,3.585,3.588,3.585,3.583,3.589,3.591,-60.902,711.000
3.067,3.067,3.070,3.070,3.070,3.074,3.071,3.585,3.580,3.590,3.583,3.578,3.580,3.583,-60.830,712.000
3.069,3.070,3.075,3.070,3.071,3.073,3.071,3.586,3.584,3.579,3.585,3.583,3.584,3.584,-60.695,713.000
3.071,3.070,3.070,3.065,3.067,3.077,3.073,3.581,3.585,3.586,3.586,3.589,3.586,3.580,-60.496,714.000
3.076,3.071,3.074,3.071,3.070,3.072,3.069,3.588,3.589,3.588,3.587,3.584,3.585,3.582,-60.463,715.000
3.069,3.075,3.072,3.075,3.070,3.076,3.076,3.586,3.587,3.590,3.583,3.589,3.587,3.581,-60.553,716.000
3.078,3.075,3.075,3.075,3.072,3.078,3.071,3.588,3.584,3.588,3.586,3.584,3.590,3.585,-60.551,717.000
3.078,3.076,3.074,3.077,3.078,3.074,3.081,3.591,3.593,3.585,3.590,3.588,3.587,3.587,-60.622,718.000
3.073,3.078,3.078,3.076,3.074,3.076,3.081,3.589,3.588,3.594,3.592,3.593,3.584,3.585,-60.724,719.000
3.080,3.078,3.072,3.077,3.080,3.079,3.074,3.589,3.592,3.594,3.589,3.594,3.589,3.589,-60.726,720.000
3.075,3.074,3.075,3.081,3.077,3.078,3.080,3.592,3.586,3.593,3.590,3.595,3.588,3.589,-60.872,721.000
3.080,3.088,3.082,3.076,3.078,3.079,3.085,3.593,3.597,3.597,3.589,3.597,3.595,3.596,-60.862,722.000
3.084,3.084,3.080,3.083,3.082,3.082,3.089,3.599,3.597,3.593,3.590,3.596,3.606,3.595,-60.771,723.000
3.085,3.079,3.087,3.085,3.084,3.088,3.088,3.597,3.602,3.607,3.601,3.604,3.599,3.605,-60.666,724.000
3.091,3.092,3.087,3.085,3.091,3.089,3.088,3.597,3.599,3.598,3.592,3.597,3.600,3.603,-60.549,725.000
3.092,3.089,3.092,3.086,3.085,3.089,3.091,3.602,3.607,3.602,3.598,3.598,3.598,3.598,-60.549,726.000
3.092,3.089,3.088,3.086,3.088,3.087,3.092,3.599,3.599,3.593,3.599,3.598,3.603,3.603,-60.658,727.000
3.096,3.094,3.092,3.092,3.096,3.092,3.090,3.592,3.596,3.603,3.599,3.597,3.595,3.602,-60.658,728.000
3.088,3.090,3.090,3.097,3.088,3.090,3.086,3.593,3.598,3.601,3.604,3.604,3.600,3.607,-60.664,729.000
3.092,3.096,3.097,3.092,3.088,3.089,3.093,3.599,3.600,3.602,3.596,3.602,3.593,3.597,-60.802,730.000
3.090,3.093,3.091,3.091,3.093,3.091,3.093,3.601,3.601,3.600,3.594,3.603,3.604,3.599,-60.659,731.000
3.098,3.098,3.093,3.089,3.094,3.093,3.096,3.600,3.600,3.594,3.592,3.599,3.604,3.603,-60.676,732.000
3.094,3.091,3.092,3.093,3.087,3.096,3.091,3.593,3.592,3.597,3.598,3.593,3.596,3.594,-60.747,733.000
3.094,3.096,3.091,3.096,3.098,3.093,3.091,3.599,3.600,3.600,3.596,3.605,3.600,3.601,-60.722,734.000
3.098,3.092,3.090,3.093,3.091,3.096,3.094,3.594,3.596,3.597,3.588,3.597,3.599,3.599,-60.363,735.000
3.098,3.092,3.087,3.091,3.087,3.091,3.091,3.594,3.598,3.598,3.597,3.593,3.592,3.595,-60.490,736.000
3.092,3.090,3.088,3.095,3.098,3.095,3.101,3.600,3.592,3.596,3.591,3.595,3.598,3.603,-60.642,737.000
3.094,3.093,3.102,3.103,3.095,3.098,3.097,3.589,3.598,3.599,3.599,3.595,3.596,3.596,-60.583,738.000
3.096,3.091,3.091,3.097,3.099,3.098,3.098,3.595,3.596,3.601,3.603,3.595,3.598,3.596,-60.478,739.000
3.091,3.098,3.093,3.097,3.095,3.096,3.096,3.602,3.603,3.601,3.603,3.598,3.592,3.593,-60.478,740.000
3.097,3.103,3.097,3.096,3.096,3.102,3.089,3.600,3.595,3.599,3.604,3.606,3.603,3.598,-60.444,741.000
3.098,3.103,3.100,3.104,3.102,3.104,3.099,3.599,3.596,3.598,3.597,3.600,3.597,3.597,-60.415,742.000
3.103,3.097,3.097,3.102,3.101,3.101,3.097,3.597,3.599,3.602,3.602,3.593,3.592,3.599,-60.351,743.000
3.102,3.095,3.100,3.102,3.100,3.098,3.103,3.601,3.601,3.601,3.597,3.603,3.604,3.605,-60.255,744.000
3.099,3.097,3.098,3.098,3.098,3.099,3.102,3.602,3.602,3.601,3.598,3.595,3.597,3.599,-60.350,745.000
3.101,3.098,3.097,3.099,3.104,3.094,3.100,3.601,3.596,3.592,3.590,3.598,3.601,3.600,-60.413,746.000
3.101,3.102,3.096,3.097,3.101,3.096,3.097,3.601,3.595,3.600,3.590,3.593,3.593,3.596,-60.451,747.000
3.101,3.104,3.098,3.093,3.092,3.098,3.101,3.600,3.595,3.599,3.598,3.598,3.603,3.603,-60.451,748.000
3.098,3.101,3.094,3.096,3.095,3.095,3.104,3.598,3.602,3.597,3.600,3.598,3.597,3.598,-60.428,749.000
3.093,3.101,3.099,3.093,3.095,3.099,3.097,3.593,3.602,3.591,3.602,3.600,3.595,3.597,-60.444,750.000
3.105,3.111,3.105,3.102,3.097,3.106,3.103,3.601,3.600,3.602,3.600,3.598,3.597,3.595,-60.444,751.000
3.104,3.100,3.096,3.104,3.101,3.101,3.104,3.596,3.598,3.597,3.597,3.596,3.598,3.593,-60.640,752.000
3.105,3.101,3.104,3.103,3.103,3.097,3.102,3.603,3.601,3.606,3.606,3.593,3.601,3.598,-60.667,753.000
3.110,3.106,3.106,3.098,3.101,3.105,3.104,3.598,3.597,3.596,3.605,3.605,3.603,3.594,-60.606,754.000
3.107,3.104,3.105,3.105,3.102,3.108,3.104,3.607,3.609,3.606,3.606,3.598,3.603,3.599,-60.484,755.000
3.108,3.104,3.113,3.105,3.108,3.102,3.107,3.601,3.605,3.602,3.600,3.603,3.605,3.599,-60.417,756.000
3.106,3.107,3.104,3.107,3.099,3.099,3.104,3.602,3.600,3.604,3.601,3.598,3.601,3.603,-60.353,757.000
3.106,3.106,3.104,3.108,3.109,3.101,3.099,3.602,3.602,3.594,3.601,3.600,3.604,3.599,-60.374,758.000
3.105,3.106,3.105,3.103,3.107,3.097,3.105,3.600,3.595,3.608,3.593,3.597,3.603,3.604,-60.289,759.000
3.103,3.105,3.104,3.107,3.104,3.106,3.105,3.605,3.605,3.606,3.601,3.605,3.604,3.604,-60.257,760.000
3.100,3.102,3.099,3.102,3.100,3.097,3.103,3.596,3.597,3.592,3.593,3.596,3.600,3.597,-60.512,761.000
3.096,3.096,3.098,3.100,3.104,3.100,3.095,3.596,3.607,3.598,3.601,3.593,3.597,3.599,-60.550,762.000
3.100,3.098,3.095,3.095,3.098,3.098,3.099,3.600,3.598,3.600,3.596,3.596,3.600,3.598,-60.468,763.000
3.097,3.101,3.098,3.098,3.102,3.099,3.097,3.596,3.596,3.599,3.595,3.600,3.598,3.598,-60.555,764.000
3.095,3.094,3.098,3.098,3.099,3.100,3.100,3.596,3.597,3.590,3.592,3.591,3.593,3.595,-60.536,765.000
3.100,3.103,3.093,3.099,3.096,3.102,3.095,3.589,3.599,3.596,3.597,3.597,3.597,3.598,-60.536,766.000
3.105,3.101,3.103,3.101,3.094,3.099,3.101,3.594,3.597,3.598,3.588,3.597,3.594,3.595,-60.549,767.000
3.102,3.097,3.104,3.099,3.102,3.100,3.099,3.590,3.600,3.598,3.599,3.593,3.595,3.600,-60.432,768.000
3.096,3.101,3.104,3.103,3.100,3.097,3.099,3.600,3.591,3.594,3.596,3.590,3.595,3.596,-60.402,769.000
3.100,3.100,3.095,3.103,3.097,3.099,3.101,3.591,3.596,3.596,3.590,3.595,3.588,3.595,-60.361,770.000
3.098,3.099,3.099,3.104,3.107,3.098,3.100,3.598,3.587,3.596,3.596,3.590,3.592,3.599,-60.236,771.000
3.093,3.100,3.103,3.097,3.100,3.098,3.099,3.598,3.599,3.598,3.590,3.592,3.592,3.596,-60.264,772.000
3.099,3.105,3.105,3.095,3.101,3.099,3.103,3.597,3.595,3.595,3.587,3.591,3.594,3.593,-60.491,773.000
3.105,3.105,3.102,3.108,3.098,3.106,3.100,3.594,3.593,3.594,3.594,3.595,3.598,3.594,-60.561,774.000
3.106,3.105,3.099,3.106,3.104,3.108,3.104,3.601,3.599,3.595,3.595,3.601,3.604,3.598,-60.608,775.000
3.103,3.111,3.106,3.108,3.105,3.104,3.103,3.593,3.599,3.596,3.593,3.597,3.594,3.593,-60.558,776.000
3.109,3.109,3.105,3.108,3.103,3.110,3.103,3.600,3.592,3.599,3.598,3.594,3.594,3.597,-60.533,777.000
3.098,3.102,3.104,3.104,3.111,3.105,3.107,3.596,3.594,3.593,3.599,3.599,3.596,3.596,-60.615,778.000
3.106,3.104,3.106,3.106,3.104,3.109,3.108,3.595,3.599,3.597,3.599,3.593,3.600,3.593,-60.615,779.000
3.101,3.105,3.106,3.106,3.108,3.105,3.100,3.594,3.584,3.600,3.597,3.599,3.595,3.595,-60.363,780.000
3.110,3.109,3.103,3.105,3.104,3.105,3.104,3.599,3.593,3.589,3.596,3.601,3.592,3.596,-60.530,781.000
3.103,3.103,3.104,3.107,3.110,3.108,3.110,3.607,3.602,3.598,3.597,3.599,3.596,3.597,-60.530,782.000
3.106,3.114,3.108,3.113,3.112,3.104,3.108,3.599,3.598,3.599,3.595,3.597,3.597,3.601,-60.496,783.000
3.106,3.109,3.109,3.110,3.109,3.112,3.107,3.598,3.598,3.604,3.603,3.595,3.600,3.594,-60.609,784.000
3.107,3.105,3.108,3.108,3.106,3.105,3.105,3.596,3.595,3.596,3.598,3.592,3.598,3.593,-60.609,785.000
3.109,3.106,3.111,3.109,3.107,3.109,3.108,3.596,3.593,3.601,3.599,3.599,3.592,3.592,-60.721,786.000
3.108,3.110,3.104,3.109,3.110,3.111,3.110,3.598,3.597,3.592,3.598,3.606,3.597,3.597,-60.813,787.000
3.104,3.114,3.109,3.112,3.110,3.110,3.112,3.596,3.600,3.596,3.601,3.600,3.595,3.593,-60.727,788.000
3.107,3.113,3.109,3.117,3.119,3.111,3.114,3.602,3.598,3.598,3.598,3.596,3.598,3.600,-60.746,789.000
3.116,3.113,3.113,3.114,3.115,3.112,3.115,3.603,3.593,3.599,3.602,3.599,3.603,3.598,-60.843,790.000
3.116,3.117,3.115,3.110,3.111,3.110,3.113,3.597,3.595,3.601,3.595,3.597,3.593,3.601,-60.843,791.000
3.116,3.114,3.117,3.110,3.115,3.118,3.112,3.602,3.600,3.599,3.600,3.598,3.592,3.596,-60.909,792.000
3.112,3.109,3.110,3.106,3.109,3.111,3.110,3.592,3.595,3.597,3.594,3.594,3.600,3.602,-60.815,793.000
3.111,3.114,3.113,3.110,3.110,3.117,3.112,3.593,3.595,3.596,3.591,3.602,3.597,3.598,-60.815,794.000
3.107,3.115,3.108,3.118,3.116,3.114,3.112,3.591,3.595,3.591,3.589,3.594,3.599,3.592,-60.601,795.000
3.117,3.118,3.111,3.112,3.113,3.114,3.118,3.602,3.600,3.594,3.597,3.595,3.599,3.593,-60.599,796.000
3.114,3.115,3.117,3.124,3.118,3.114,3.118,3.600,3.596,3.596,3.591,3.595,3.599,3.595,-60.601,797.000
3.113,3.113,3.114,3.113,3.115,3.110,3.112,3.595,3.600,3.599,3.601,3.600,3.605,3.599,-60.620,798.000
3.116,3.117,3.116,3.112,3.119,3.116,3.115,3.598,3.597,3.595,3.597,3.603,3.605,3.595,-60.702,799.000
3.118,3.115,3.114,3.121,3.118,3.117,3.111,3.594,3.595,3.594,3.593,3.597,3.607,3.599,-60.585,800.000
3.121,3.119,3.115,3.115,3.112,3.118,3.115,3.595,3.602,3.596,3.599,3.598,3.601,3.596,-60.479,801.000
3.121,3.114,3.119,3.115,3.120,3.114,3.113,3.602,3.599,3.598,3.595,3.596,3.595,3.599,-60.346,802.000
3.123,3.116,3.120,3.115,3.117,3.118,3.115,3.602,3.602,3.602,3.599,3.602,3.592,3.589,-60.346,803.000
3.123,3.118,3.116,3.115,3.119,3.121,3.118,3.598,3.600,3.599,3.598,3.599,3.599,3.598,-60.522,804.000
3.112,3.117,3.117,3.118,3.122,3.121,3.121,3.594,3.595,3.594,3.597,3.602,3.597,3.601,-60.431,805.000
3.120,3.117,3.122,3.116,3.120,3.116,3.115,3.591,3.599,3.606,3.600,3.595,3.598,3.596,-60.366,806.000
3.126,3.115,3.124,3.114,3.117,3.118,3.122,3.590,3.602,3.596,3.604,3.602,3.605,3.596,-60.366,807.000
3.117,3.121,3.112,3.110,3.113,3.111,3.114,3.597,3.596,3.596,3.602,3.596,3.588,3.600,-60.238,808.000
3.120,3.118,3.116,3.121,3.127,3.121,3.121,3.597,3.595,3.592,3.595,3.603,3.596,3.599,-60.244,809.000
3.121,3.116,3.116,3.114,3.115,3.121,3.115,3.595,3.598,3.590,3.594,3.593,3.591,3.593,-60.275,810.000
3.119,3.119,3.120,3.115,3.124,3.116,3.114,3.593,3.595,3.595,3.595,3.595,3.595,3.593,-60.235,811.000
3.115,3.121,3.115,3.114,3.112,3.119,3.117,3.587,3.596,3.596,3.598,3.592,3.591,3.592,-60.368,812.000
3.122,3.122,3.123,3.120,3.121,3.118,3.120,3.590,3.591,3.598,3.594,3.595,3.597,3.595,-60.432,813.000
3.117,3.122,3.117,3.117,3.119,3.121,3.118,3.598,3.601,3.594,3.594,3.596,3.599,3.589,-60.482,814.000
3.119,3.112,3.120,3.117,3.119,3.110,3.115,3.598,3.593,3.597,3.588,3.589,3.593,3.600,-60.574,815.000
3.120,3.121,3.117,3.123,3.115,3.119,3.116,3.593,3.594,3.604,3.594,3.594,3.601,3.593,-60.541,816.000
3.115,3.118,3.115,3.118,3.120,3.117,3.122,3.592,3.597,3.598,3.596,3.596,3.595,3.596,-60.650,817.000
3.116,3.117,3.118,3.116,3.118,3.115,3.117,3.600,3.599,3.602,3.595,3.597,3.598,3.597,-60.638,818.000
3.114,3.112,3.111,3.119,3.118,3.117,3.112,3.596,3.594,3.598,3.591,3.595,3.592,3.597,-60.695,819.000
3.116,3.117,3.116,3.120,3.116,3.118,3.116,3.595,3.591,3.588,3.592,3.598,3.593,3.590,-60.695,820.000
3.119,3.122,3.116,3.119,3.121,3.122,3.115,3.597,3.595,3.600,3.598,3.596,3.598,3.593,-60.828,821.000
3.119,3.116,3.118,3.118,3.118,3.121,3.117,3.595,3.591,3.601,3.599,3.600,3.589,3.592,-60.865,822.000
3.112,3.123,3.114,3.111,3.116,3.112,3.114,3.599,3.593,3.588,3.598,3.591,3.593,3.596,-60.871,823.000
3.117,3.114,3.120,3.118,3.119,3.120,3.119,3.597,3.598,3.597,3.601,3.589,3.590,3.592,-60.793,824.000
3.116,3.121,3.120,3.116,3.116,3.122,3.114,3.599,3.597,3.600,3.597,3.593,3.596,3.594,-60.816,825.000
3.115,3.121,3.113,3.120,3.116,3.120,3.115,3.596,3.590,3.592,3.597,3.601,3.594,3.591,-60.785,826.000
3.115,3.125,3.120,3.118,3.116,3.115,3.122,3.599,3.598,3.599,3.598,3.597,3.597,3.591,-60.738,827.000
3.123,3.128,3.118,3.120,3.116,3.122,3.122,3.594,3.596,3.595,3.592,3.595,3.596,3.588,-60.690,828.000
3.113,3.122,3.118,3.125,3.118,3.121,3.117,3.603,3.600,3.596,3.597,3.597,3.594,3.591,-60.597,829.000
3.127,3.122,3.118,3.120,3.123,3.122,3.126,3.595,3.593,3.593,3.589,3.594,3.598,3.596,-60.598,830.000
3.121,3.122,3.119,3.117,3.119,3.121,3.124,3.601,3.596,3.594,3.593,3.597,3.596,3.595,-60.593,831.000
3.118,3.124,3.126,3.124,3.128,3.127,3.119,3.602,3.598,3.597,3.597,3.599,3.591,3.594,-60.671,832.000
3.121,3.121,3.129,3.123,3.122,3.126,3.128,3.599,3.600,3.598,3.600,3.595,3.600,3.591,-60.716,833.000
3.127,3.125,3.126,3.122,3.125,3.127,3.124,3.588,3.598,3.592,3.591,3.595,3.597,3.589,-60.725,834.000
3.125,3.126,3.126,3.123,3.129,3.127,3.128,3.594,3.599,3.594,3.600,3.600,3.598,3.597,-60.644,835.000
3.127,3.120,3.124,3.123,3.122,3.124,3.129,3.596,3.594,3.598,3.594,3.593,3.596,3.595,-60.588,836.000
3.127,3.129,3.125,3.125,3.123,3.126,3.128,3.600,3.600,3.600,3.594,3.594,3.598,3.588,-60.644,837.000
3.124,3.122,3.125,3.127,3.124,3.130,3.121,3.594,3.592,3.600,3.592,3.595,3.596,3.598,-60.688,838.000
3.124,3.125,3.126,3.124,3.127,3.126,3.120,3.605,3.603,3.599,3.596,3.595,3.597,3.596,-60.586,839.000
3.125,3.124,3.121,3.127,3.129,3.127,3.130,3.600,3.594,3.595,3.595,3.598,3.600,3.602,-60.664,840.000
3.127,3.119,3.127,3.124,3.122,3.126,3.120,3.597,3.592,3.593,3.601,3.597,3.599,3.601,-60.587,841.000
3.130,3.126,3.125,3.130,3.127,3.124,3.125,3.593,3.597,3.589,3.591,3.592,3.596,3.593,-60.546,842.000
3.124,3.123,3.129,3.121,3.130,3.127,3.129,3.593,3.597,3.593,3.597,3.600,3.596,3.598,-60.666,843.000
3.131,3.124,3.129,3.127,3.123,3.126,3.125,3.593,3.596,3.595,3.597,3.596,3.595,3.598,-60.613,844.000
3.119,3.122,3.127,3.114,3.126,3.123,3.124,3.594,3.594,3.588,3.595,3.596,3.594,3.592,-60.697,845.000
3.124,3.118,3.125,3.122,3.129,3.122,3.125,3.593,3.591,3.590,3.589,3.593,3.592,3.589,-60.634,846.000
3.120,3.126,3.119,3.126,3.124,3.121,3.123,3.596,3.594,3.591,3.598,3.588,3.593,3.587,-60.703,847.000
3.126,3.124,3.126,3.121,3.124,3.125,3.118,3.597,3.596,3.599,3.592,3.594,3.595,3.595,-60.952,848.000
3.118,3.124,3.126,3.125,3.121,3.121,3.130,3.590,3.593,3.593,3.589,3.590,3.594,3.594,-60.842,849.000
3.120,3.127,3.120,3.118,3.122,3.126,3.125,3.589,3.591,3.597,3.591,3.594,3.589,3.596,-60.677,850.000
3.119,3.116,3.123,3.121,3.125,3.121,3.123,3.593,3.591,3.590,3.590,3.592,3.591,3.589,-60.723,851.000
3.120,3.119,3.124,3.117,3.123,3.123,3.120,3.596,3.595,3.589,3.597,3.593,3.591,3.586,-60.833,852.000
3.124,3.126,3.122,3.118,3.122,3.117,3.116,3.590,3.587,3.589,3.586,3.589,3.588,3.591,-60.826,853.000
3.122,3.120,3.126,3.118,3.117,3.121,3.119,3.590,3.592,3.591,3.594,3.586,3.585,3.589,-60.894,854.000
3.120,3.119,3.116,3.124,3.116,3.120,3.115,3.594,3.588,3.591,3.586,3.589,3.592,3.593,-60.846,855.000
3.118,3.118,3.124,3.120,3.120,3.118,3.123,3.590,3.591,3.595,3.590,3.593,3.588,3.587,-60.708,856.000
3.117,3.117,3.117,3.124,3.121,3.117,3.114,3.588,3.590,3.586,3.583,3.584,3.588,3.587,-60.802,857.000
3.121,3.118,3.122,3.120,3.115,3.116,3.124,3.592,3.593,3.588,3.585,3.586,3.586,3.593,-60.678,858.000
3.113,3.118,3.116,3.117,3.120,3.116,3.125,3.591,3.591,3.590,3.592,3.589,3.590,3.589,-60.732,859.000
3.116,3.118,3.124,3.122,3.126,3.115,3.119,3.586,3.594,3.591,3.590,3.593,3.592,3.587,-60.765,860.000
3.123,3.116,3.123,3.123,3.121,3.123,3.119,3.593,3.594,3.594,3.592,3.588,3.587,3.594,-60.832,861.000
3.123,3.127,3.121,3.125,3.121,3.125,3.122,3.592,3.589,3.591,3.597,3.593,3.596,3.586,-60.636,862.000
3.123,3.125,3.125,3.120,3.119,3.117,3.119,3.586,3.594,3.590,3.589,3.593,3.588,3.584,-60.502,863.000
3.124,3.124,3.132,3.124,3.124,3.121,3.122,3.588,3.588,3.594,3.590,3.595,3.590,3.592,-60.614,864.000
3.118,3.121,3.123,3.126,3.121,3.118,3.125,3.594,3.597,3.593,3.586,3.590,3.590,3.591,-60.695,865.000
3.117,3.120,3.124,3.124,3.120,3.129,3.121,3.588,3.590,3.592,3.593,3.590,3.588,3.594,-60.627,866.000
3.129,3.126,3.127,3.127,3.121,3.119,3.126,3.589,3.586,3.589,3.589,3.591,3.591,3.587,-60.646,867.000
3.124,3.122,3.121,3.123,3.119,3.128,3.122,3.587,3.589,3.587,3.589,3.583,3.591,3.584,-60.834,868.000
3.129,3.118,3.122,3.123,3.124,3.123,3.130,3.588,3.589,3.589,3.590,3.587,3.586,3.587,-60.919,869.000
3.126,3.129,3.121,3.121,3.122,3.126,3.121,3.592,3.589,3.588,3.590,3.589,3.595,3.589,-60.946,870.000
3.124,3.122,3.123,3.123,3.122,3.124,3.125,3.589,3.591,3.587,3.586,3.591,3.591,3.590,-60.901,871.000
3.116,3.124,3.118,3.122,3.124,3.119,3.122,3.593,3.594,3.600,3.591,3.595,3.593,3.591,-60.854,872.000
3.121,3.125,3.124,3.123,3.122,3.121,3.120,3.593,3.589,3.589,3.589,3.591,3.589,3.591,-60.903,873.000
3.120,3.119,3.119,3.119,3.127,3.119,3.124,3.592,3.588,3.595,3.587,3.590,3.592,3.591,-60.974,874.000
3.121,3.124,3.125,3.126,3.121,3.127,3.124,3.585,3.592,3.593,3.592,3.592,3.596,3.591,-60.947,875.000
3.124,3.120,3.118,3.120,3.121,3.122,3.126,3.587,3.590,3.592,3.589,3.594,3.589,3.593,-60.850,876.000
3.128,3.120,3.126,3.127,3.124,3.125,3.123,3.586,3.591,3.586,3.586,3.586,3.582,3.589,-60.784,877.000
3.120,3.118,3.120,3.129,3.122,3.124,3.124,3.589,3.594,3.587,3.587,3.590,3.588,3.591,-60.576,878.000
3.121,3.119,3.116,3.118,3.117,3.122,3.125,3.590,3.590,3.591,3.590,3.596,3.593,3.587,-60.588,879.000
3.123,3.125,3.119,3.123,3.120,3.125,3.125,3.587,3.587,3.597,3.593,3.589,3.586,3.591,-60.528,880.000
3.117,3.116,3.119,3.115,3.121,3.116,3.125,3.588,3.584,3.583,3.582,3.583,3.587,3.584,-60.666,881.000
3.118,3.120,3.118,3.117,3.117,3.114,3.111,3.583,3.587,3.581,3.587,3.583,3.579,3.583,-60.717,882.000
3.109,3.114,3.112,3.114,3.110,3.120,3.107,3.578,3.582,3.583,3.582,3.580,3.583,3.576,-60.681,883.000
3.114,3.109,3.115,3.108,3.114,3.112,3.112,3.576,3.582,3.576,3.579,3.582,3.581,3.582,-60.667,884.000
3.107,3.106,3.112,3.108,3.109,3.112,3.113,3.578,3.575,3.584,3.584,3.587,3.577,3.579,-60.706,885.000
3.109,3.113,3.109,3.111,3.112,3.111,3.112,3.577,3.579,3.575,3.575,3.581,3.579,3.583,-60.663,886.000
3.104,3.106,3.112,3.113,3.111,3.104,3.101,3.574,3.577,3.575,3.576,3.570,3.578,3.577,-60.663,887.000
3.104,3.106,3.113,3.105,3.111,3.105,3.111,3.569,3.577,3.568,3.567,3.568,3.569,3.573,-60.726,888.000
3.105,3.105,3.101,3.107,3.101,3.102,3.100,3.574,3.573,3.570,3.573,3.570,3.570,3.566,-61.029,889.000
3.102,3.107,3.104,3.106,3.108,3.116,3.113,3.574,3.574,3.570,3.572,3.579,3.570,3.564,-61.068,890.000
3.107,3.119,3.113,3.108,3.112,3.110,3.109,3.573,3.576,3.575,3.573,3.572,3.576,3.575,-60.847,891.000
3.122,3.118,3.122,3.117,3.121,3.116,3.113,3.578,3.583,3.582,3.572,3.574,3.576,3.577,-60.894,892.000
3.124,3.124,3.127,3.121,3.130,3.123,3.125,3.585,3.579,3.581,3.584,3.584,3.581,3.581,-60.802,893.000
3.123,3.126,3.131,3.125,3.125,3.123,3.125,3.583,3.583,3.585,3.583,3.587,3.581,3.582,-60.960,894.000
3.126,3.127,3.127,3.125,3.126,3.124,3.128,3.582,3.586,3.589,3.584,3.587,3.588,3.582,-60.965,895.000
3.129,3.123,3.129,3.121,3.119,3.121,3.125,3.582,3.586,3.580,3.586,3.588,3.589,3.585,-60.999,896.000
3.127,3.126,3.129,3.126,3.126,3.121,3.128,3.588,3.590,3.590,3.582,3.588,3.588,3.586,-60.800,897.000
3.126,3.123,3.127,3.133,3.132,3.129,3.131,3.583,3.581,3.584,3.582,3.587,3.582,3.581,-60.913,898.000
3.133,3.128,3.129,3.128,3.133,3.131,3.129,3.588,3.588,3.590,3.587,3.595,3.592,3.589,-60.912,899.000
3.133,3.126,3.133,3.125,3.129,3.129,3.128,3.586,3.587,3.583,3.593,3.583,3.586,3.584,-61.149,900.000
3.131,3.132,3.130,3.132,3.126,3.139,3.132,3.587,3.588,3.588,3.585,3.587,3.585,3.598,-61.093,901.000
3.137,3.130,3.134,3.130,3.137,3.127,3.133,3.590,3.581,3.584,3.588,3.589,3.593,3.593,-61.097,902.000
3.126,3.130,3.131,3.134,3.130,3.133,3.130,3.585,3.593,3.587,3.587,3.595,3.596,3.593,-61.018,903.000
3.127,3.134,3.128,3.131,3.130,3.132,3.131,3.586,3.584,3.587,3.585,3.588,3.590,3.586,-60.793,904.000
3.130,3.132,3.133,3.133,3.130,3.135,3.127,3.585,3.593,3.596,3.593,3.593,3.589,3.588,-60.931,905.000
3.133,3.137,3.131,3.133,3.126,3.131,3.126,3.591,3.590,3.583,3.590,3.590,3.587,3.591,-60.931,906.000
3.134,3.132,3.134,3.133,3.128,3.128,3.136,3.585,3.589,3.591,3.582,3.592,3.589,3.592,-60.913,907.000
3.133,3.134,3.138,3.135,3.135,3.137,3.135,3.586,3.590,3.589,3.592,3.585,3.586,3.589,-60.811,908.000
3.133,3.136,3.132,3.128,3.134,3.132,3.133,3.593,3.578,3.586,3.596,3.591,3.589,3.590,-60.763,909.000
3.135,3.134,3.126,3.136,3.136,3.133,3.125,3.585,3.586,3.589,3.583,3.584,3.583,3.590,-60.695,910.000
3.133,3.131,3.132,3.136,3.135,3.134,3.133,3.589,3.590,3.585,3.587,3.582,3.586,3.592,-60.836,911.000
3.131,3.137,3.137,3.135,3.137,3.137,3.136,3.579,3.586,3.581,3.593,3.594,3.584,3.590,-60.784,912.000
3.136,3.133,3.136,3.135,3.136,3.135,3.136,3.594,3.592,3.590,3.592,3.592,3.589,3.586,-60.753,913.000
3.142,3.135,3.136,3.146,3.136,3.138,3.131,3.587,3.587,3.589,3.596,3.589,3.591,3.589,-60.746,914.000
3.135,3.139,3.141,3.136,3.136,3.134,3.137,3.587,3.584,3.585,3.592,3.591,3.586,3.589,-60.749,915.000
3.136,3.133,3.141,3.142,3.137,3.136,3.137,3.587,3.589,3.589,3.588,3.590,3.588,3.587,-60.809,916.000
3.143,3.141,3.140,3.140,3.141,3.138,3.136,3.591,3.594,3.588,3.593,3.592,3.590,3.591,-60.816,917.000
3.136,3.140,3.145,3.138,3.145,3.139,3.147,3.590,3.591,3.586,3.593,3.593,3.591,3.590,-60.726,918.000
3.138,3.135,3.138,3.144,3.137,3.139,3.141,3.587,3.590,3.593,3.590,3.590,3.587,3.594,-60.695,919.000
3.143,3.144,3.142,3.149,3.150,3.145,3.140,3.591,3.589,3.590,3.596,3.590,3.590,3.595,-60.770,920.000
3.156,3.142,3.145,3.138,3.148,3.144,3.140,3.598,3.598,3.594,3.597,3.590,3.591,3.596,-60.812,921.000
3.143,3.145,3.145,3.146,3.143,3.146,3.147,3.596,3.596,3.588,3.597,3.600,3.595,3.591,-60.835,922.000
3.138,3.143,3.144,3.139,3.149,3.134,3.139,3.594,3.594,3.591,3.589,3.594,3.591,3.591,-60.693,923.000
3.144,3.143,3.139,3.140,3.142,3.141,3.146,3.594,3.593,3.590,3.586,3.596,3.587,3.590,-60.793,924.000
3.143,3.140,3.143,3.143,3.141,3.141,3.137,3.592,3.587,3.591,3.591,3.595,3.596,3.595,-60.688,925.000
3.147,3.142,3.145,3.139,3.150,3.146,3.145,3.586,3.589,3.591,3.589,3.595,3.590,3.595,-60.691,926.000
3.142,3.138,3.139,3.142,3.137,3.142,3.144,3.587,3.588,3.595,3.596,3.593,3.586,3.588,-60.712,927.000
3.152,3.143,3.145,3.146,3.146,3.144,3.143,3.590,3.591,3.591,3.599,3.595,3.601,3.593,-60.767,928.000
3.147,3.143,3.144,3.145,3.151,3.149,3.144,3.592,3.586,3.587,3.596,3.595,3.594,3.593,-60.567,929.000
3.151,3.151,3.147,3.147,3.149,3.148,3.150,3.592,3.597,3.598,3.591,3.595,3.588,3.592,-60.546,930.000
3.150,3.147,3.152,3.151,3.152,3.155,3.149,3.589,3.600,3.596,3.596,3.593,3.595,3.594,-60.563,931.000
3.148,3.145,3.153,3.151,3.143,3.144,3.146,3.593,3.588,3.593,3.596,3.594,3.596,3.592,-60.583,932.000
3.150,3.148,3.146,3.156,3.146,3.148,3.155,3.594,3.589,3.593,3.588,3.599,3.583,3.596,-60.583,933.000
3.151,3.146,3.149,3.147,3.152,3.156,3.150,3.596,3.595,3.599,3.593,3.590,3.598,3.596,-60.651,934.000
3.153,3.151,3.150,3.149,3.150,3.148,3.151,3.597,3.596,3.589,3.603,3.597,3.600,3.599,-60.524,935.000
3.154,3.144,3.148,3.147,3.153,3.153,3.156,3.592,3.597,3.593,3.598,3.598,3.597,3.594,-60.458,936.000
3.147,3.150,3.155,3.156,3.149,3.151,3.155,3.593,3.599,3.593,3.595,3.590,3.597,3.589,-60.432,937.000
3.152,3.145,3.151,3.149,3.154,3.145,3.158,3.593,3.594,3.595,3.599,3.596,3.592,3.595,-60.471,938.000
3.151,3.157,3.152,3.159,3.147,3.159,3.154,3.599,3.596,3.590,3.594,3.595,3.592,3.591,-60.616,939.000
3.149,3.157,3.155,3.153,3.150,3.157,3.152,3.594,3.594,3.597,3.595,3.600,3.595,3.601,-60.595,940.000
3.151,3.155,3.158,3.153,3.155,3.156,3.155,3.598,3.593,3.596,3.596,3.597,3.589,3.594,-60.708,941.000
3.159,3.160,3.159,3.158,3.155,3.151,3.145,3.598,3.593,3.597,3.600,3.594,3.595,3.595,-60.763,942.000
3.154,3.161,3.155,3.161,3.156,3.158,3.157,3.598,3.596,3.602,3.601,3.600,3.601,3.597,-60.589,943.000
3.163,3.158,3.161,3.162,3.164,3.154,3.152,3.589,3.604,3.605,3.602,3.599,3.596,3.595,-60.583,944.000
3.163,3.160,3.158,3.158,3.164,3.160,3.157,3.600,3.600,3.599,3.600,3.603,3.603,3.602,-60.699,945.000
3.160,3.163,3.161,3.158,3.158,3.161,3.162,3.601,3.599,3.603,3.600,3.602,3.601,3.599,-60.746,946.000
3.160,3.162,3.163,3.168,3.162,3.159,3.158,3.606,3.599,3.599,3.601,3.602,3.606,3.604,-60.777,947.000
3.164,3.164,3.163,3.164,3.164,3.164,3.161,3.606,3.604,3.603,3.604,3.607,3.605,3.602,-60.863,948.000
3.158,3.165,3.165,3.162,3.163,3.161,3.162,3.599,3.601,3.606,3.602,3.597,3.604,3.607,-60.835,949.000
3.162,3.165,3.162,3.167,3.165,3.167,3.161,3.610,3.606,3.605,3.602,3.608,3.604,3.601,-60.788,950.000
3.167,3.164,3.161,3.164,3.165,3.167,3.165,3.603,3.607,3.596,3.600,3.601,3.602,3.605,-60.816,951.000
3.165,3.163,3.165,3.161,3.168,3.165,3.171,3.601,3.606,3.602,3.604,3.607,3.599,3.601,-60.776,952.000
3.167,3.169,3.165,3.167,3.166,3.165,3.165,3.608,3.607,3.607,3.611,3.597,3.598,3.608,-60.966,953.000
3.161,3.160,3.162,3.165,3.167,3.161,3.164,3.613,3.602,3.602,3.601,3.604,3.600,3.605,-61.028,954.000
3.170,3.163,3.161,3.164,3.169,3.169,3.161,3.600,3.603,3.603,3.600,3.606,3.602,3.601,-60.872,955.000
3.162,3.167,3.161,3.165,3.158,3.165,3.163,3.604,3.606,3.603,3.601,3.603,3.602,3.612,-60.786,956.000
3.165,3.162,3.159,3.166,3.161,3.163,3.169,3.600,3.602,3.601,3.605,3.605,3.601,3.602,-60.696,957.000
3.169,3.164,3.163,3.169,3.160,3.165,3.163,3.604,3.596,3.602,3.600,3.598,3.604,3.597,-60.647,958.000
3.161,3.170,3.159,3.169,3.158,3.159,3.161,3.602,3.608,3.604,3.604,3.600,3.597,3.596,-60.672,959.000
3.163,3.160,3.168,3.164,3.160,3.161,3.164,3.597,3.603,3.603,3.601,3.597,3.598,3.596,-60.636,960.000
3.166,3.157,3.160,3.164,3.162,3.161,3.157,3.599,3.606,3.602,3.596,3.602,3.600,3.603,-60.661,961.000
3.160,3.158,3.155,3.164,3.166,3.161,3.160,3.599,3.599,3.597,3.600,3.601,3.604,3.598,-60.585,962.000
3.156,3.163,3.159,3.156,3.169,3.161,3.160,3.597,3.602,3.597,3.601,3.603,3.599,3.603,-60.767,963.000
3.163,3.166,3.159,3.163,3.159,3.162,3.160,3.595,3.597,3.599,3.604,3.601,3.604,3.603,-60.626,964.000
3.164,3.164,3.156,3.162,3.162,3.159,3.159,3.595,3.600,3.594,3.593,3.596,3.591,3.598,-60.742,965.000
3.166,3.169,3.159,3.158,3.164,3.159,3.157,3.596,3.594,3.593,3.599,3.604,3.595,3.599,-60.593,966.000
3.164,3.166,3.162,3.160,3.161,3.165,3.161,3.596,3.598,3.597,3.599,3.598,3.597,3.600,-60.453,967.000
3.156,3.163,3.164,3.162,3.168,3.163,3.157,3.599,3.594,3.592,3.592,3.594,3.591,3.602,-60.530,968.000
3.162,3.163,3.166,3.157,3.158,3.163,3.157,3.593,3.591,3.598,3.597,3.602,3.593,3.602,-60.734,969.000
3.162,3.161,3.159,3.167,3.162,3.160,3.161,3.598,3.590,3.600,3.598,3.595,3.600,3.604,-60.664,970.000
3.161,3.158,3.168,3.160,3.162,3.158,3.160,3.597,3.603,3.594,3.596,3.596,3.595,3.600,-60.742,971.000
3.156,3.158,3.167,3.162,3.157,3.162,3.163,3.605,3.599,3.593,3.599,3.596,3.590,3.589,-60.740,972.000
3.162,3.161,3.166,3.161,3.160,3.159,3.159,3.600,3.600,3.596,3.595,3.599,3.599,3.598,-60.695,973.000
3.161,3.162,3.166,3.164,3.159,3.163,3.160,3.595,3.603,3.597,3.599,3.602,3.600,3.593,-60.693,974.000
3.168,3.167,3.168,3.166,3.165,3.164,3.154,3.601,3.598,3.602,3.599,3.595,3.597,3.597,-60.757,975.000
3.167,3.165,3.160,3.165,3.159,3.163,3.164,3.600,3.598,3.604,3.597,3.600,3.599,3.604,-60.596,976.000
3.165,3.167,3.165,3.168,3.165,3.172,3.166,3.602,3.604,3.597,3.600,3.604,3.601,3.604,-60.715,977.000
3.165,3.164,3.170,3.165,3.169,3.168,3.165,3.602,3.602,3.596,3.606,3.605,3.602,3.606,-60.628,978.000
3.169,3.169,3.171,3.173,3.168,3.166,3.171,3.605,3.597,3.601,3.605,3.603,3.607,3.607,-60.595,979.000
3.165,3.171,3.170,3.167,3.167,3.175,3.167,3.602,3.604,3.603,3.597,3.606,3.601,3.604,-60.517,980.000
3.167,3.170,3.162,3.166,3.167,3.166,3.165,3.596,3.607,3.606,3.601,3.611,3.598,3.599,-60.563,981.000
3.168,3.174,3.168,3.167,3.171,3.171,3.171,3.598,3.602,3.602,3.604,3.610,3.601,3.595,-60.565,982.000
3.168,3.172,3.172,3.165,3.171,3.169,3.173,3.604,3.603,3.604,3.601,3.606,3.606,3.602,-60.496,983.000
3.168,3.172,3.169,3.170,3.168,3.169,3.167,3.599,3.600,3.596,3.595,3.602,3.601,3.598,-60.561,984.000
3.167,3.173,3.165,3.171,3.171,3.172,3.172,3.605,3.595,3.601,3.607,3.607,3.599,3.598,-60.603,985.000
3.168,3.164,3.170,3.169,3.166,3.165,3.169,3.600,3.597,3.593,3.598,3.599,3.598,3.603,-60.814,986.000
3.170,3.169,3.167,3.172,3.167,3.172,3.172,3.602,3.598,3.607,3.604,3.605,3.601,3.600,-60.727,987.000
3.167,3.167,3.172,3.175,3.165,3.168,3.170,3.605,3.608,3.604,3.603,3.608,3.606,3.601,-60.726,988.000
3.174,3.171,3.168,3.171,3.172,3.164,3.169,3.607,3.603,3.600,3.603,3.609,3.606,3.596,-60.886,989.000
3.174,3.178,3.165,3.170,3.170,3.168,3.172,3.602,3.599,3.598,3.605,3.601,3.605,3.601,-60.885,990.000
3.170,3.174,3.169,3.173,3.177,3.181,3.172,3.600,3.604,3.605,3.610,3.604,3.610,3.604,-60.738,991.000
3.177,3.169,3.172,3.174,3.178,3.177,3.171,3.615,3.611,3.602,3.600,3.599,3.605,3.603,-60.762,992.000
3.174,3.174,3.176,3.178,3.175,3.183,3.177,3.613,3.614,3.608,3.609,3.611,3.609,3.605,-60.809,993.000
3.171,3.177,3.181,3.178,3.181,3.182,3.180,3.611,3.608,3.613,3.610,3.607,3.617,3.610,-60.780,994.000
3.175,3.180,3.182,3.180,3.179,3.180,3.176,3.607,3.607,3.606,3.610,3.603,3.612,3.608,-60.750,995.000
3.180,3.187,3.179,3.181,3.179,3.181,3.179,3.608,3.600,3.610,3.615,3.608,3.614,3.603,-60.615,996.000
3.177,3.177,3.177,3.177,3.173,3.178,3.173,3.613,3.610,3.607,3.607,3.612,3.610,3.605,-60.666,997.000
3.175,3.181,3.174,3.179,3.179,3.180,3.181,3.606,3.611,3.607,3.609,3.609,3.611,3.616,-60.624,998.000
3.176,3.175,3.183,3.177,3.176,3.180,3.174,3.612,3.609,3.610,3.615,3.609,3.606,3.607,-60.783,999.000
3.180,3.182,3.177,3.185,3.176,3.177,3.183,3.610,3.614,3.612,3.607,3.613,3.607,3.609,-60.847,1000.000
3.178,3.177,3.179,3.177,3.178,3.184,3.182,3.606,3.609,3.615,3.615,3.615,3.616,3.607,-61.039,1001.000
3.179,3.183,3.179,3.183,3.185,3.185,3.180,3.609,3.609,3.606,3.607,3.607,3.607,3.609,-60.971,1002.000
3.179,3.176,3.179,3.180,3.182,3.178,3.182,3.608,3.615,3.606,3.608,3.604,3.608,3.614,-60.809,1003.000
3.179,3.177,3.177,3.186,3.177,3.180,3.180,3.606,3.606,3.607,3.607,3.607,3.603,3.608,-60.731,1004.000
3.177,3.175,3.171,3.175,3.180,3.176,3.175,3.602,3.605,3.609,3.609,3.610,3.608,3.609,-60.594,1005.000
3.176,3.176,3.174,3.172,3.173,3.184,3.178,3.607,3.602,3.602,3.604,3.606,3.609,3.605,-60.594,1006.000
3.179,3.168,3.174,3.177,3.176,3.176,3.174,3.604,3.605,3.607,3.608,3.602,3.605,3.602,-60.645,1007.000
3.182,3.180,3.178,3.178,3.176,3.174,3.165,3.608,3.604,3.610,3.608,3.606,3.598,3.599,-60.619,1008.000
3.175,3.172,3.172,3.171,3.171,3.179,3.179,3.610,3.597,3.596,3.605,3.604,3.598,3.605,-60.619,1009.000
3.174,3.177,3.177,3.175,3.177,3.176,3.179,3.606,3.607,3.601,3.597,3.607,3.601,3.603,-60.547,1010.000
3.181,3.178,3.172,3.176,3.172,3.172,3.177,3.610,3.599,3.600,3.600,3.606,3.606,3.602,-60.521,1011.000
3.170,3.172,3.170,3.173,3.179,3.172,3.171,3.602,3.605,3.606,3.599,3.601,3.607,3.604,-60.521,1012.000
3.170,3.173,3.176,3.177,3.176,3.173,3.176,3.603,3.606,3.604,3.607,3.602,3.598,3.601,-60.653,1013.000
3.175,3.180,3.172,3.168,3.173,3.174,3.169,3.605,3.602,3.599,3.604,3.600,3.600,3.598,-60.682,1014.000
3.172,3.178,3.173,3.173,3.174,3.170,3.172,3.601,3.598,3.599,3.601,3.608,3.600,3.606,-60.603,1015.000
3.176,3.174,3.178,3.172,3.179,3.179,3.172,3.602,3.604,3.604,3.604,3.600,3.604,3.604,-60.565,1016.000
3.178,3.173,3.180,3.175,3.175,3.173,3.175,3.608,3.603,3.602,3.598,3.603,3.603,3.597,-60.699,1017.000
3.173,3.178,3.177,3.174,3.179,3.177,3.177,3.598,3.609,3.603,3.603,3.605,3.601,3.606,-60.725,1018.000
3.179,3.174,3.174,3.167,3.169,3.174,3.173,3.606,3.603,3.606,3.603,3.609,3.599,3.600,-60.509,1019.000
3.172,3.173,3.171,3.176,3.178,3.177,3.178,3.600,3.602,3.604,3.603,3.601,3.606,3.599,-60.587,1020.000
3.173,3.176,3.178,3.173,3.177,3.174,3.176,3.602,3.601,3.603,3.607,3.600,3.600,3.610,-60.641,1021.000
3.172,3.172,3.175,3.173,3.169,3.170,3.177,3.600,3.600,3.602,3.598,3.601,3.607,3.600,-60.619,1022.000
3.172,3.174,3.173,3.173,3.173,3.180,3.178,3.606,3.602,3.600,3.599,3.601,3.597,3.602,-60.411,1023.000
3.172,3.181,3.168,3.174,3.171,3.174,3.172,3.597,3.604,3.594,3.597,3.593,3.596,3.600,-60.458,1024.000
3.174,3.173,3.172,3.178,3.175,3.175,3.173,3.597,3.597,3.599,3.604,3.592,3.596,3.597,-60.668,1025.000
3.173,3.178,3.173,3.174,3.171,3.175,3.173,3.600,3.606,3.603,3.597,3.602,3.603,3.596,-60.611,1026.000
3.172,3.171,3.172,3.175,3.178,3.179,3.185,3.601,3.603,3.597,3.599,3.598,3.597,3.600,-60.603,1027.000
3.173,3.177,3.174,3.177,3.177,3.175,3.175,3.603,3.604,3.597,3.599,3.595,3.602,3.600,-60.675,1028.000
3.171,3.177,3.174,3.171,3.170,3.169,3.179,3.597,3.594,3.595,3.594,3.595,3.603,3.598,-60.736,1029.000
3.174,3.176,3.172,3.178,3.174,3.171,3.170,3.594,3.596,3.595,3.606,3.597,3.595,3.599,-60.753,1030.000
3.177,3.178,3.173,3.170,3.177,3.172,3.174,3.600,3.596,3.599,3.598,3.598,3.600,3.596,-60.857,1031.000
3.169,3.177,3.176,3.172,3.174,3.170,3.172,3.596,3.595,3.597,3.602,3.602,3.593,3.595,-60.840,1032.000
3.170,3.172,3.180,3.176,3.177,3.175,3.171,3.589,3.597,3.597,3.593,3.600,3.594,3.599,-60.824,1033.000
3.176,3.177,3.171,3.179,3.174,3.178,3.171,3.595,3.597,3.594,3.589,3.592,3.592,3.592,-60.717,1034.000
3.178,3.175,3.174,3.180,3.176,3.178,3.178,3.605,3.599,3.607,3.600,3.597,3.594,3.598,-60.663,1035.000
3.181,3.173,3.177,3.170,3.177,3.176,3.178,3.596,3.597,3.591,3.594,3.595,3.592,3.601,-60.513,1036.000
3.176,3.182,3.171,3.179,3.175,3.173,3.174,3.605,3.598,3.603,3.600,3.606,3.602,3.605,-60.577,1037.000
3.181,3.181,3.184,3.180,3.181,3.184,3.181,3.602,3.598,3.605,3.601,3.607,3.601,3.596,-60.688,1038.000
3.180,3.181,3.183,3.179,3.184,3.186,3.182,3.609,3.607,3.606,3.607,3.607,3.604,3.604,-60.632,1039.000
3.185,3.188,3.181,3.181,3.183,3.184,3.181,3.605,3.608,3.610,3.603,3.606,3.597,3.599,-60.520,1040.000
3.181,3.183,3.182,3.180,3.180,3.187,3.185,3.608,3.597,3.605,3.603,3.604,3.607,3.604,-60.686,1041.000
3.186,3.188,3.189,3.187,3.187,3.188,3.191,3.605,3.614,3.605,3.604,3.606,3.603,3.607,-60.647,1042.000
3.192,3.188,3.191,3.188,3.187,3.181,3.190,3.611,3.609,3.614,3.610,3.606,3.601,3.601,-60.610,1043.000
3.187,3.189,3.182,3.186,3.182,3.185,3.186,3.606,3.614,3.611,3.610,3.610,3.612,3.604,-60.639,1044.000
3.188,3.188,3.191,3.193,3.193,3.182,3.187,3.610,3.609,3.608,3.607,3.611,3.608,3.607,-60.428,1045.000
3.185,3.186,3.189,3.188,3.191,3.189,3.192,3.614,3.609,3.610,3.611,3.608,3.611,3.611,-60.614,1046.000
3.186,3.190,3.183,3.187,3.185,3.188,3.193,3.609,3.605,3.608,3.609,3.609,3.608,3.610,-60.585,1047.000
3.187,3.190,3.195,3.191,3.195,3.195,3.189,3.611,3.610,3.607,3.608,3.604,3.611,3.611,-60.725,1048.000
3.191,3.185,3.190,3.193,3.187,3.192,3.193,3.609,3.605,3.604,3.609,3.607,3.601,3.614,-60.712,1049.000
3.190,3.186,3.194,3.186,3.187,3.189,3.187,3.612,3.613,3.611,3.613,3.618,3.612,3.611,-60.649,1050.000
3.194,3.190,3.185,3.184,3.189,3.187,3.191,3.612,3.607,3.613,3.612,3.614,3.608,3.609,-60.679,1051.000
3.187,3.184,3.188,3.194,3.186,3.187,3.189,3.611,3.610,3.606,3.615,3.608,3.613,3.611,-60.636,1052.000
3.189,3.194,3.192,3.194,3.187,3.186,3.187,3.607,3.608,3.613,3.616,3.615,3.607,3.610,-60.598,1053.000
3.190,3.187,3.192,3.191,3.193,3.193,3.187,3.614,3.613,3.619,3.612,3.610,3.616,3.618,-60.492,1054.000
3.189,3.192,3.184,3.197,3.190,3.191,3.189,3.613,3.614,3.610,3.609,3.597,3.613,3.607,-60.539,1055.000
3.188,3.193,3.190,3.187,3.193,3.191,3.190,3.609,3.607,3.614,3.614,3.610,3.614,3.608,-60.545,1056.000
3.190,3.191,3.194,3.190,3.192,3.192,3.191,3.612,3.613,3.614,3.608,3.613,3.611,3.609,-60.557,1057.000
3.194,3.194,3.188,3.194,3.193,3.197,3.195,3.609,3.616,3.610,3.611,3.610,3.609,3.615,-60.649,1058.000
3.188,3.196,3.193,3.198,3.193,3.196,3.188,3.612,3.611,3.617,3.618,3.613,3.617,3.612,-60.625,1059.000
3.196,3.194,3.186,3.188,3.191,3.195,3.193,3.612,3.606,3.612,3.617,3.604,3.613,3.607,-60.776,1060.000
3.188,3.194,3.192,3.186,3.191,3.188,3.193,3.614,3.612,3.611,3.606,3.615,3.609,3.610,-60.804,1061.000
3.191,3.188,3.189,3.195,3.193,3.192,3.183,3.613,3.605,3.615,3.618,3.614,3.613,3.612,-60.633,1062.000
3.190,3.193,3.193,3.187,3.190,3.193,3.192,3.612,3.607,3.608,3.607,3.612,3.611,3.615,-60.624,1063.000
3.191,3.193,3.195,3.188,3.195,3.195,3.186,3.613,3.611,3.607,3.613,3.610,3.611,3.613,-60.630,1064.000
3.198,3.196,3.198,3.190,3.192,3.187,3.192,3.608,3.609,3.610,3.613,3.616,3.615,3.616,-60.545,1065.000
3.191,3.191,3.189,3.189,3.190,3.186,3.189,3.615,3.610,3.618,3.607,3.607,3.613,3.613,-60.451,1066.000
3.189,3.192,3.189,3.193,3.194,3.199,3.189,3.615,3.614,3.613,3.615,3.612,3.608,3.609,-60.524,1067.000
3.191,3.184,3.183,3.185,3.193,3.190,3.188,3.612,3.606,3.608,3.614,3.611,3.609,3.617,-60.514,1068.000
3.186,3.190,3.186,3.187,3.193,3.190,3.187,3.611,3.613,3.615,3.613,3.613,3.616,3.610,-60.407,1069.000
3.190,3.198,3.187,3.189,3.191,3.192,3.195,3.614,3.613,3.612,3.621,3.612,3.615,3.608,-60.579,1070.000
3.189,3.183,3.192,3.196,3.193,3.194,3.194,3.618,3.614,3.617,3.621,3.619,3.612,3.616,-60.631,1071.000
3.192,3.187,3.190,3.186,3.187,3.190,3.194,3.611,3.605,3.611,3.610,3.610,3.610,3.613,-60.571,1072.000
3.191,3.190,3.192,3.194,3.193,3.194,3.189,3.611,3.613,3.614,3.615,3.611,3.613,3.617,-60.852,1073.000
3.190,3.193,3.192,3.195,3.194,3.194,3.188,3.613,3.613,3.617,3.617,3.610,3.612,3.609,-60.852,1074.000
3.197,3.191,3.196,3.196,3.193,3.195,3.190,3.607,3.613,3.611,3.616,3.611,3.616,3.613,-60.730,1075.000
3.194,3.195,3.195,3.196,3.191,3.191,3.187,3.615,3.609,3.614,3.608,3.608,3.614,3.609,-60.693,1076.000
3.192,3.189,3.192,3.199,3.196,3.189,3.189,3.614,3.615,3.616,3.614,3.612,3.607,3.610,-60.702,1077.000
3.195,3.195,3.190,3.193,3.193,3.189,3.189,3.613,3.617,3.609,3.608,3.612,3.614,3.612,-60.713,1078.000
3.192,3.197,3.192,3.191,3.193,3.192,3.195,3.615,3.614,3.609,3.614,3.611,3.611,3.610,-60.708,1079.000
3.194,3.188,3.200,3.194,3.201,3.193,3.200,3.615,3.612,3.614,3.610,3.612,3.615,3.617,-60.745,1080.000
3.194,3.190,3.194,3.191,3.196,3.201,3.192,3.614,3.611,3.610,3.613,3.608,3.610,3.612,-60.775,1081.000
3.193,3.197,3.196,3.193,3.196,3.188,3.199,3.609,3.611,3.608,3.607,3.606,3.606,3.611,-60.803,1082.000
3.195,3.194,3.195,3.191,3.193,3.193,3.197,3.612,3.614,3.615,3.613,3.609,3.608,3.610,-60.637,1083.000
3.196,3.193,3.193,3.193,3.197,3.197,3.197,3.612,3.616,3.611,3.610,3.616,3.607,3.612,-60.622,1084.000
3.194,3.193,3.193,3.196,3.193,3.195,3.193,3.611,3.613,3.613,3.613,3.608,3.612,3.611,-60.687,1085.000
3.196,3.194,3.197,3.192,3.194,3.195,3.194,3.615,3.612,3.609,3.616,3.609,3.614,3.610,-60.687,1086.000
3.197,3.193,3.201,3.195,3.195,3.190,3.195,3.618,3.618,3.612,3.612,3.607,3.608,3.610,-60.792,1087.000
3.192,3.193,3.200,3.198,3.203,3.194,3.196,3.610,3.605,3.609,3.610,3.615,3.615,3.616,-60.705,1088.000
3.195,3.193,3.195,3.196,3.196,3.196,3.194,3.615,3.612,3.602,3.614,3.611,3.605,3.608,-60.655,1089.000
3.196,3.196,3.194,3.196,3.193,3.198,3.196,3.617,3.609,3.614,3.614,3.609,3.621,3.613,-60.516,1090.000
3.195,3.200,3.198,3.197,3.194,3.196,3.196,3.617,3.612,3.614,3.609,3.621,3.615,3.609,-60.454,1091.000
3.205,3.192,3.193,3.191,3.199,3.194,3.196,3.617,3.610,3.616,3.608,3.608,3.610,3.612,-60.535,1092.000
3.190,3.197,3.196,3.197,3.193,3.199,3.192,3.609,3.615,3.611,3.611,3.610,3.612,3.607,-60.551,1093.000
3.191,3.196,3.194,3.194,3.189,3.198,3.198,3.611,3.611,3.614,3.615,3.618,3.613,3.612,-60.484,1094.000
3.206,3.198,3.193,3.196,3.190,3.196,3.198,3.614,3.609,3.607,3.607,3.610,3.606,3.610,-60.533,1095.000
3.192,3.201,3.199,3.204,3.200,3.199,3.192,3.614,3.612,3.615,3.613,3.612,3.611,3.605,-60.619,1096.000
3.196,3.200,3.197,3.208,3.199,3.201,3.194,3.613,3.605,3.609,3.613,3.612,3.610,3.612,-60.669,1097.000
3.195,3.199,3.198,3.200,3.205,3.197,3.203,3.611,3.611,3.612,3.614,3.610,3.616,3.613,-60.739,1098.000
3.203,3.202,3.199,3.198,3.202,3.202,3.199,3.612,3.612,3.612,3.614,3.613,3.613,3.615,-60.667,1099.000
3.199,3.193,3.193,3.197,3.202,3.197,3.198,3.610,3.611,3.612,3.608,3.613,3.615,3.615,-60.683,1100.000
3.202,3.205,3.204,3.196,3.202,3.194,3.200,3.618,3.619,3.616,3.613,3.617,3.613,3.613,-60.624,1101.000
3.201,3.201,3.206,3.206,3.208,3.199,3.202,3.618,3.622,3.620,3.617,3.610,3.613,3.613,-60.639,1102.000
3.205,3.201,3.205,3.201,3.205,3.203,3.202,3.622,3.616,3.614,3.616,3.613,3.615,3.612,-60.515,1103.000
3.202,3.200,3.197,3.200,3.203,3.203,3.202,3.614,3.619,3.620,3.614,3.612,3.618,3.621,-60.577,1104.000
3.202,3.206,3.205,3.199,3.207,3.199,3.202,3.620,3.617,3.618,3.620,3.612,3.611,3.613,-60.608,1105.000
3.210,3.212,3.206,3.207,3.206,3.203,3.208,3.623,3.617,3.610,3.616,3.617,3.621,3.621,-60.605,1106.000
3.209,3.205,3.210,3.206,3.202,3.204,3.202,3.614,3.611,3.611,3.613,3.610,3.611,3.621,-60.642,1107.000
3.206,3.208,3.206,3.199,3.204,3.206,3.205,3.619,3.620,3.618,3.614,3.616,3.619,3.615,-60.834,1108.000
3.210,3.210,3.206,3.203,3.197,3.205,3.209,3.615,3.613,3.619,3.617,3.619,3.619,3.619,-61.001,1109.000
3.204,3.202,3.200,3.203,3.210,3.213,3.212,3.617,3.611,3.611,3.609,3.618,3.613,3.614,-60.739,1110.000
3.202,3.197,3.206,3.207,3.204,3.205,3.207,3.617,3.618,3.621,3.619,3.619,3.616,3.613,-60.780,1111.000
3.202,3.199,3.206,3.206,3.204,3.203,3.197,3.615,3.614,3.616,3.612,3.615,3.613,3.619,-60.777,1112.000
3.205,3.200,3.201,3.207,3.199,3.210,3.202,3.614,3.613,3.611,3.617,3.615,3.615,3.615,-60.894,1113.000
3.199,3.199,3.200,3.202,3.203,3.204,3.212,3.618,3.618,3.624,3.617,3.619,3.621,3.621,-60.802,1114.000
3.201,3.199,3.207,3.202,3.203,3.208,3.206,3.619,3.615,3.615,3.619,3.617,3.611,3.613,-60.831,1115.000
3.200,3.209,3.199,3.203,3.208,3.205,3.204,3.611,3.611,3.609,3.619,3.619,3.617,3.618,-60.616,1116.000
3.206,3.199,3.205,3.204,3.202,3.200,3.201,3.615,3.615,3.606,3.610,3.616,3.612,3.621,-60.457,1117.000
3.212,3.203,3.205,3.200,3.202,3.203,3.206,3.618,3.621,3.614,3.615,3.621,3.607,3.612,-60.554,1118.000
3.206,3.204,3.209,3.203,3.205,3.208,3.205,3.616,3.617,3.613,3.610,3.618,3.614,3.613,-60.457,1119.000
3.201,3.209,3.207,3.204,3.206,3.210,3.203,3.614,3.617,3.613,3.617,3.620,3.612,3.615,-60.411,1120.000
3.201,3.205,3.210,3.208,3.205,3.211,3.205,3.615,3.615,3.615,3.621,3.619,3.613,3.614,-60.500,1121.000
3.204,3.205,3.202,3.211,3.204,3.208,3.202,3.624,3.620,3.617,3.621,3.623,3.622,3.619,-60.544,1122.000
3.208,3.208,3.203,3.205,3.202,3.209,3.208,3.621,3.616,3.620,3.614,3.613,3.620,3.612,-60.670,1123.000
3.211,3.205,3.206,3.209,3.208,3.209,3.206,3.614,3.614,3.618,3.612,3.621,3.617,3.624,-60.541,1124.000
3.209,3.213,3.211,3.211,3.213,3.215,3.206,3.620,3.623,3.618,3.623,3.620,3.619,3.618,-60.530,1125.000
3.213,3.213,3.206,3.210,3.208,3.208,3.214,3.619,3.623,3.614,3.621,3.621,3.619,3.626,-60.563,1126.000
3.214,3.216,3.214,3.217,3.208,3.213,3.212,3.618,3.628,3.624,3.623,3.626,3.620,3.623,-60.490,1127.000
3.211,3.208,3.215,3.209,3.211,3.208,3.210,3.621,3.622,3.618,3.618,3.619,3.622,3.616,-60.467,1128.000
3.218,3.211,3.209,3.209,3.213,3.211,3.207,3.624,3.619,3.621,3.623,3.629,3.618,3.618,-60.338,1129.000
3.209,3.210,3.212,3.215,3.209,3.211,3.208,3.624,3.621,3.618,3.629,3.618,3.626,3.619,-60.419,1130.000
3.212,3.211,3.214,3.214,3.212,3.215,3.214,3.625,3.623,3.626,3.619,3.626,3.622,3.620,-60.430,1131.000
3.210,3.213,3.210,3.212,3.211,3.216,3.213,3.620,3.616,3.620,3.626,3.619,3.624,3.615,-60.346,1132.000
3.223,3.211,3.211,3.211,3.209,3.216,3.212,3.623,3.620,3.624,3.619,3.626,3.622,3.624,-60.567,1133.000
3.219,3.214,3.215,3.214,3.221,3.213,3.213,3.618,3.625,3.626,3.626,3.623,3.617,3.626,-60.609,1134.000
3.210,3.213,3.210,3.215,3.212,3.215,3.220,3.624,3.627,3.625,3.627,3.627,3.626,3.618,-60.584,1135.000
3.216,3.217,3.214,3.217,3.214,3.213,3.209,3.624,3.621,3.623,3.620,3.622,3.623,3.619,-60.568,1136.000
3.216,3.211,3.213,3.210,3.208,3.211,3.210,3.621,3.624,3.625,3.622,3.619,3.619,3.618,-60.726,1137.000
3.212,3.214,3.209,3.206,3.209,3.217,3.210,3.622,3.620,3.619,3.619,3.624,3.622,3.621,-60.726,1138.000
3.217,3.213,3.211,3.217,3.212,3.219,3.215,3.617,3.618,3.622,3.619,3.614,3.621,3.623,-60.694,1139.000
3.220,3.217,3.219,3.216,3.217,3.212,3.211,3.616,3.622,3.621,3.611,3.621,3.617,3.624,-60.652,1140.000
3.213,3.215,3.203,3.217,3.214,3.218,3.211,3.618,3.622,3.621,3.623,3.619,3.616,3.618,-60.931,1141.000
3.213,3.211,3.209,3.215,3.213,3.211,3.213,3.622,3.624,3.620,3.626,3.617,3.623,3.624,-60.931,1142.000
3.218,3.209,3.214,3.212,3.218,3.218,3.211,3.623,3.617,3.622,3.618,3.612,3.624,3.621,-60.815,1143.000
3.219,3.217,3.217,3.213,3.208,3.212,3.208,3.622,3.625,3.619,3.627,3.619,3.624,3.622,-60.783,1144.000
3.215,3.214,3.213,3.207,3.217,3.212,3.211,3.624,3.619,3.626,3.620,3.622,3.621,3.622,-60.783,1145.000
3.216,3.217,3.215,3.218,3.218,3.213,3.216,3.618,3.616,3.621,3.619,3.621,3.622,3.624,-60.714,1146.000
3.207,3.216,3.213,3.216,3.213,3.212,3.211,3.615,3.620,3.624,3.622,3.621,3.620,3.619,-60.779,1147.000
3.214,3.213,3.219,3.211,3.212,3.216,3.211,3.626,3.625,3.619,3.621,3.627,3.625,3.616,-60.779,1148.000
3.218,3.217,3.216,3.214,3.213,3.210,3.214,3.621,3.612,3.617,3.620,3.621,3.624,3.620,-60.744,1149.000
3.211,3.211,3.215,3.215,3.210,3.213,3.216,3.617,3.614,3.626,3.620,3.620,3.621,3.618,-60.589,1150.000
3.209,3.213,3.217,3.211,3.212,3.209,3.213,3.620,3.622,3.620,3.620,3.620,3.626,3.619,-60.589,1151.000
3.212,3.211,3.217,3.211,3.210,3.212,3.216,3.624,3.624,3.621,3.626,3.619,3.619,3.621,-60.469,1152.000
3.216,3.211,3.213,3.211,3.211,3.214,3.217,3.620,3.617,3.623,3.625,3.621,3.624,3.619,-60.432,1153.000
3.211,3.221,3.212,3.216,3.212,3.212,3.213,3.622,3.622,3.617,3.618,3.626,3.620,3.624,-60.453,1154.000
3.219,3.212,3.214,3.212,3.219,3.215,3.212,3.620,3.620,3.622,3.622,3.622,3.619,3.621,-60.448,1155.000
3.213,3.211,3.213,3.216,3.211,3.213,3.210,3.618,3.615,3.620,3.617,3.619,3.620,3.622,-60.576,1156.000
3.214,3.211,3.218,3.214,3.213,3.211,3.209,3.620,3.619,3.618,3.612,3.622,3.619,3.620,-60.523,1157.000
3.214,3.220,3.216,3.218,3.217,3.220,3.215,3.623,3.623,3.619,3.621,3.623,3.623,3.617,-60.512,1158.000
3.215,3.222,3.219,3.217,3.218,3.213,3.216,3.620,3.618,3.614,3.624,3.619,3.616,3.625,-60.509,1159.000
3.217,3.220,3.217,3.217,3.219,3.215,3.211,3.621,3.617,3.624,3.626,3.623,3.626,3.622,-60.463,1160.000
3.217,3.215,3.220,3.219,3.221,3.215,3.216,3.624,3.628,3.628,3.628,3.627,3.628,3.622,-60.419,1161.000
3.222,3.217,3.218,3.219,3.212,3.224,3.211,3.623,3.624,3.622,3.628,3.624,3.629,3.627,-60.385,1162.000
3.219,3.218,3.218,3.219,3.217,3.225,3.217,3.628,3.627,3.630,3.630,3.627,3.622,3.629,-60.482,1163.000
3.216,3.218,3.219,3.226,3.220,3.218,3.217,3.623,3.631,3.626,3.626,3.629,3.626,3.625,-60.537,1164.000
3.224,3.225,3.222,3.219,3.226,3.221,3.223,3.625,3.629,3.626,3.627,3.624,3.624,3.626,-60.463,1165.000
3.223,3.227,3.221,3.227,3.218,3.222,3.222,3.622,3.630,3.626,3.624,3.629,3.626,3.624,-60.549,1166.000
3.219,3.222,3.219,3.222,3.221,3.225,3.220,3.617,3.629,3.632,3.630,3.629,3.628,3.623,-60.547,1167.000
3.229,3.221,3.222,3.224,3.222,3.222,3.223,3.626,3.623,3.622,3.628,3.629,3.628,3.626,-60.592,1168.000
3.219,3.220,3.231,3.224,3.227,3.221,3.222,3.625,3.623,3.625,3.627,3.627,3.629,3.630,-60.696,1169.000
3.219,3.226,3.226,3.224,3.220,3.219,3.223,3.623,3.630,3.632,3.626,3.631,3.629,3.637,-60.737,1170.000
3.222,3.222,3.233,3.229,3.218,3.219,3.222,3.622,3.628,3.627,3.633,3.630,3.623,3.629,-60.699,1171.000
3.223,3.220,3.226,3.215,3.223,3.225,3.224,3.628,3.629,3.631,3.633,3.634,3.634,3.635,-60.700,1172.000
3.223,3.229,3.227,3.226,3.219,3.225,3.223,3.628,3.628,3.627,3.625,3.632,3.623,3.630,-60.563,1173.000
3.226,3.230,3.228,3.225,3.224,3.225,3.225,3.634,3.630,3.629,3.625,3.623,3.627,3.631,-60.557,1174.000
3.220,3.222,3.229,3.227,3.221,3.223,3.225,3.631,3.623,3.631,3.631,3.637,3.627,3.625,-60.416,1175.000
3.229,3.222,3.218,3.221,3.226,3.219,3.226,3.626,3.629,3.626,3.632,3.628,3.627,3.621,-60.398,1176.000
3.217,3.225,3.221,3.221,3.226,3.227,3.224,3.624,3.630,3.621,3.623,3.635,3.628,3.630,-60.694,1177.000
3.225,3.224,3.219,3.225,3.225,3.230,3.218,3.623,3.629,3.626,3.625,3.634,3.626,3.625,-60.737,1178.000
3.230,3.217,3.229,3.225,3.220,3.219,3.219,3.630,3.629,3.633,3.625,3.634,3.633,3.626,-60.688,1179.000
3.223,3.224,3.220,3.225,3.222,3.226,3.223,3.629,3.628,3.629,3.628,3.623,3.627,3.617,-60.578,1180.000
3.219,3.224,3.222,3.223,3.227,3.226,3.221,3.629,3.628,3.629,3.627,3.622,3.626,3.631,-60.488,1181.000
3.226,3.226,3.221,3.218,3.226,3.229,3.231,3.627,3.627,3.626,3.626,3.627,3.628,3.624,-60.437,1182.000
3.229,3.223,3.225,3.223,3.226,3.222,3.223,3.629,3.630,3.629,3.626,3.629,3.621,3.629,-60.322,1183.000
3.220,3.230,3.225,3.224,3.222,3.225,3.217,3.624,3.625,3.627,3.631,3.626,3.634,3.633,-60.281,1184.000
3.223,3.223,3.227,3.226,3.224,3.222,3.226,3.628,3.626,3.623,3.631,3.630,3.627,3.629,-60.367,1185.000
3.222,3.227,3.220,3.225,3.216,3.229,3.224,3.628,3.631,3.626,3.626,3.634,3.629,3.631,-60.514,1186.000
3.223,3.224,3.225,3.219,3.224,3.224,3.221,3.631,3.628,3.631,3.620,3.621,3.625,3.624,-60.396,1187.000
3.222,3.223,3.225,3.228,3.224,3.221,3.222,3.626,3.630,3.631,3.633,3.630,3.630,3.633,-60.249,1188.000
3.225,3.224,3.226,3.223,3.224,3.230,3.232,3.623,3.630,3.626,3.628,3.631,3.627,3.625,-60.249,1189.000
3.219,3.227,3.221,3.223,3.221,3.223,3.224,3.625,3.627,3.627,3.628,3.621,3.628,3.632,-60.208,1190.000
3.227,3.227,3.222,3.219,3.223,3.228,3.221,3.634,3.632,3.635,3.632,3.632,3.634,3.631,-60.363,1191.000
3.220,3.225,3.227,3.226,3.227,3.225,3.227,3.626,3.634,3.628,3.631,3.630,3.631,3.633,-60.363,1192.000
3.224,3.223,3.223,3.221,3.222,3.227,3.225,3.638,3.631,3.632,3.629,3.632,3.630,3.636,-60.424,1193.000
3.228,3.230,3.225,3.226,3.222,3.228,3.226,3.632,3.628,3.626,3.633,3.627,3.628,3.633,-60.505,1194.000
3.226,3.229,3.222,3.227,3.225,3.230,3.228,3.629,3.631,3.630,3.629,3.631,3.636,3.631,-60.535,1195.000
3.225,3.226,3.231,3.228,3.231,3.224,3.233,3.634,3.633,3.632,3.632,3.634,3.633,3.632,-60.636,1196.000
3.223,3.222,3.225,3.228,3.230,3.224,3.226,3.634,3.639,3.630,3.636,3.630,3.635,3.633,-60.570,1197.000
3.229,3.227,3.220,3.230,3.229,3.228,3.231,3.630,3.631,3.626,3.636,3.632,3.632,3.630,-60.617,1198.000
3.224,3.229,3.228,3.224,3.230,3.224,3.228,3.634,3.628,3.637,3.625,3.631,3.639,3.633,-60.492,1199.000
3.225,3.229,3.227,3.228,3.230,3.227,3.225,3.634,3.626,3.628,3.626,3.628,3.630,3.628,-60.538,1200.000
3.226,3.222,3.229,3.228,3.229,3.229,3.225,3.633,3.635,3.631,3.635,3.633,3.625,3.628,-60.462,1201.000
3.226,3.230,3.230,3.229,3.220,3.226,3.229,3.630,3.636,3.638,3.627,3.629,3.628,3.635,-60.482,1202.000
3.225,3.230,3.224,3.226,3.222,3.230,3.231,3.627,3.634,3.633,3.633,3.630,3.634,3.632,-60.478,1203.000
3.232,3.230,3.228,3.223,3.228,3.222,3.225,3.633,3.636,3.634,3.631,3.629,3.630,3.636,-60.709,1204.000
3.227,3.231,3.229,3.224,3.230,3.224,3.230,3.635,3.626,3.636,3.631,3.629,3.629,3.636,-60.697,1205.000
3.226,3.222,3.230,3.226,3.229,3.223,3.224,3.627,3.628,3.630,3.630,3.631,3.628,3.635,-60.766,1206.000
3.222,3.227,3.228,3.230,3.232,3.230,3.230,3.628,3.624,3.633,3.636,3.630,3.633,3.634,-60.839,1207.000
3.228,3.231,3.225,3.232,3.225,3.226,3.226,3.625,3.630,3.631,3.630,3.630,3.633,3.625,-60.839,1208.000
3.231,3.230,3.227,3.227,3.226,3.224,3.232,3.629,3.638,3.636,3.634,3.634,3.630,3.632,-60.839,1209.000
3.225,3.224,3.224,3.227,3.229,3.229,3.226,3.635,3.637,3.628,3.633,3.628,3.633,3.627,-60.689,1210.000
3.224,3.228,3.229,3.235,3.226,3.224,3.228,3.631,3.627,3.630,3.629,3.633,3.634,3.632,-60.405,1211.000
3.230,3.231,3.223,3.233,3.229,3.236,3.228,3.629,3.624,3.633,3.629,3.623,3.633,3.632,-60.405,1212.000
3.224,3.232,3.226,3.233,3.230,3.229,3.226,3.635,3.631,3.628,3.629,3.629,3.628,3.636,-60.589,1213.000
3.227,3.232,3.226,3.226,3.230,3.233,3.227,3.629,3.628,3.629,3.630,3.628,3.627,3.629,-60.701,1214.000
3.226,3.227,3.232,3.230,3.225,3.236,3.225,3.632,3.633,3.625,3.629,3.638,3.633,3.635,-60.741,1215.000
3.232,3.230,3.232,3.226,3.226,3.231,3.232,3.633,3.628,3.629,3.631,3.624,3.629,3.632,-60.499,1216.000
3.223,3.231,3.232,3.233,3.232,3.229,3.232,3.629,3.631,3.632,3.640,3.630,3.625,3.629,-60.517,1217.000
3.226,3.232,3.237,3.238,3.228,3.234,3.229,3.627,3.625,3.626,3.631,3.628,3.632,3.632,-60.570,1218.000
3.234,3.232,3.232,3.234,3.230,3.228,3.229,3.631,3.623,3.627,3.633,3.631,3.635,3.634,-60.515,1219.000
3.235,3.233,3.229,3.233,3.227,3.230,3.235,3.633,3.631,3.627,3.632,3.636,3.634,3.632,-60.464,1220.000
3.234,3.235,3.235,3.230,3.235,3.229,3.230,3.633,3.640,3.642,3.631,3.632,3.633,3.635,-60.485,1221.000
3.231,3.228,3.229,3.231,3.231,3.237,3.232,3.631,3.627,3.631,3.627,3.632,3.636,3.631,-60.492,1222.000
3.235,3.230,3.235,3.235,3.239,3.235,3.237,3.634,3.633,3.632,3.631,3.633,3.633,3.643,-60.508,1223.000
3.235,3.237,3.240,3.233,3.236,3.233,3.232,3.628,3.632,3.633,3.638,3.635,3.634,3.633,-60.663,1224.000
3.240,3.235,3.232,3.233,3.233,3.235,3.234,3.634,3.631,3.631,3.640,3.644,3.635,3.634,-60.534,1225.000
3.235,3.235,3.239,3.238,3.237,3.240,3.246,3.634,3.633,3.636,3.636,3.629,3.634,3.640,-60.534,1226.000
3.234,3.237,3.237,3.244,3.236,3.237,3.239,3.633,3.633,3.634,3.639,3.635,3.635,3.626,-60.663,1227.000
3.241,3.236,3.243,3.237,3.241,3.236,3.238,3.636,3.635,3.638,3.636,3.636,3.637,3.637,-60.643,1228.000
3.236,3.237,3.240,3.239,3.239,3.239,3.236,3.643,3.635,3.637,3.637,3.637,3.635,3.640,-60.516,1229.000
3.240,3.242,3.240,3.241,3.240,3.235,3.237,3.642,3.634,3.636,3.636,3.637,3.644,3.640,-60.518,1230.000
3.241,3.238,3.237,3.237,3.237,3.241,3.236,3.635,3.634,3.634,3.641,3.635,3.637,3.637,-60.624,1231.000
3.234,3.233,3.236,3.239,3.241,3.238,3.238,3.640,3.633,3.635,3.635,3.638,3.642,3.639,-60.496,1232.000
3.236,3.235,3.231,3.235,3.235,3.235,3.237,3.633,3.634,3.638,3.636,3.637,3.640,3.632,-60.429,1233.000
3.242,3.238,3.232,3.235,3.239,3.231,3.237,3.636,3.638,3.632,3.643,3.642,3.639,3.631,-60.456,1234.000
3.239,3.239,3.235,3.232,3.238,3.239,3.237,3.636,3.635,3.637,3.633,3.636,3.633,3.633,-60.310,1235.000
3.238,3.230,3.242,3.235,3.238,3.239,3.242,3.636,3.638,3.639,3.638,3.636,3.634,3.631,-60.490,1236.000
3.241,3.233,3.239,3.231,3.240,3.238,3.239,3.636,3.639,3.636,3.641,3.641,3.640,3.638,-60.531,1237.000
3.237,3.244,3.236,3.237,3.241,3.239,3.235,3.631,3.638,3.640,3.637,3.638,3.636,3.640,-60.655,1238.000
3.237,3.246,3.233,3.239,3.235,3.235,3.236,3.635,3.634,3.636,3.639,3.637,3.644,3.634,-60.710,1239.000
3.240,3.239,3.239,3.240,3.238,3.240,3.240,3.636,3.638,3.637,3.638,3.635,3.637,3.640,-60.682,1240.000
3.240,3.245,3.248,3.237,3.239,3.232,3.236,3.638,3.640,3.635,3.637,3.628,3.637,3.636,-60.673,1241.000
3.232,3.235,3.240,3.238,3.240,3.238,3.235,3.627,3.635,3.639,3.632,3.638,3.637,3.635,-60.721,1242.000
3.247,3.236,3.242,3.236,3.243,3.241,3.237,3.642,3.642,3.636,3.646,3.642,3.637,3.637,-60.705,1243.000
3.236,3.241,3.235,3.240,3.242,3.243,3.243,3.634,3.639,3.638,3.640,3.642,3.638,3.637,-60.726,1244.000
3.245,3.233,3.242,3.238,3.238,3.239,3.244,3.639,3.642,3.640,3.643,3.635,3.632,3.635,-60.616,1245.000
3.239,3.242,3.242,3.240,3.239,3.234,3.241,3.637,3.642,3.639,3.635,3.633,3.637,3.642,-60.479,1246.000
3.242,3.240,3.243,3.235,3.246,3.237,3.243,3.634,3.638,3.643,3.638,3.642,3.639,3.638,-60.571,1247.000
3.242,3.240,3.250,3.240,3.242,3.240,3.240,3.639,3.636,3.636,3.642,3.639,3.635,3.637,-60.582,1248.000
3.235,3.245,3.242,3.240,3.238,3.241,3.239,3.640,3.645,3.636,3.640,3.638,3.637,3.642,-60.581,1249.000
3.239,3.239,3.242,3.243,3.240,3.237,3.241,3.641,3.640,3.645,3.643,3.645,3.635,3.636,-60.436,1250.000
3.241,3.241,3.237,3.239,3.243,3.242,3.238,3.647,3.645,3.637,3.632,3.645,3.633,3.639,-60.499,1251.000
3.239,3.239,3.239,3.238,3.240,3.235,3.239,3.633,3.635,3.632,3.637,3.635,3.640,3.646,-60.489,1252.000
3.240,3.235,3.235,3.235,3.241,3.240,3.237,3.641,3.634,3.637,3.640,3.641,3.639,3.642,-60.479,1253.000
3.236,3.245,3.240,3.245,3.243,3.241,3.244,3.628,3.645,3.639,3.641,3.642,3.634,3.636,-60.425,1254.000
3.240,3.233,3.233,3.240,3.235,3.239,3.238,3.629,3.633,3.636,3.640,3.635,3.640,3.636,-60.489,1255.000
3.234,3.237,3.238,3.235,3.235,3.235,3.234,3.638,3.633,3.633,3.631,3.636,3.629,3.637,-60.489,1256.000
3.244,3.235,3.237,3.237,3.234,3.233,3.236,3.639,3.632,3.634,3.639,3.638,3.640,3.637,-60.401,1257.000
3.241,3.238,3.239,3.237,3.238,3.239,3.232,3.635,3.634,3.631,3.629,3.634,3.638,3.630,-60.217,1258.000
3.234,3.235,3.240,3.235,3.239,3.230,3.238,3.633,3.636,3.629,3.631,3.635,3.635,3.630,-60.217,1259.000
3.233,3.236,3.237,3.247,3.238,3.235,3.231,3.638,3.635,3.632,3.635,3.634,3.635,3.632,-60.385,1260.000
3.233,3.234,3.226,3.239,3.231,3.238,3.229,3.636,3.634,3.635,3.633,3.637,3.637,3.630,-60.392,1261.000
3.235,3.231,3.238,3.240,3.235,3.236,3.237,3.629,3.632,3.634,3.629,3.634,3.628,3.633,-60.304,1262.000
3.231,3.239,3.233,3.232,3.234,3.233,3.233,3.631,3.633,3.635,3.629,3.632,3.633,3.630,-60.328,1263.000
3.235,3.234,3.233,3.236,3.235,3.228,3.231,3.628,3.632,3.627,3.626,3.630,3.633,3.627,-60.472,1264.000
3.233,3.234,3.227,3.229,3.231,3.232,3.228,3.632,3.628,3.626,3.628,3.629,3.629,3.630,-60.472,1265.000
3.236,3.229,3.237,3.235,3.236,3.230,3.235,3.631,3.640,3.634,3.631,3.627,3.629,3.631,-60.470,1266.000
3.234,3.239,3.230,3.232,3.231,3.237,3.234,3.618,3.624,3.638,3.628,3.635,3.637,3.631,-60.459,1267.000
3.229,3.234,3.231,3.236,3.236,3.235,3.232,3.633,3.629,3.632,3.629,3.630,3.628,3.628,-60.459,1268.000
3.235,3.242,3.239,3.238,3.234,3.233,3.239,3.638,3.631,3.630,3.633,3.629,3.629,3.629,-60.495,1269.000
3.236,3.242,3.236,3.240,3.237,3.238,3.238,3.633,3.637,3.633,3.637,3.632,3.636,3.631,-60.511,1270.000
3.234,3.232,3.238,3.235,3.236,3.236,3.238,3.634,3.634,3.638,3.630,3.635,3.640,3.638,-60.511,1271.000
3.237,3.242,3.236,3.244,3.237,3.235,3.239,3.630,3.632,3.632,3.641,3.639,3.636,3.635,-60.566,1272.000
3.243,3.239,3.245,3.243,3.244,3.237,3.241,3.636,3.642,3.642,3.635,3.630,3.635,3.649,-60.613,1273.000
3.246,3.245,3.250,3.243,3.244,3.244,3.238,3.648,3.636,3.646,3.638,3.644,3.639,3.637,-60.614,1274.000
3.241,3.244,3.249,3.246,3.241,3.248,3.247,3.644,3.643,3.643,3.644,3.643,3.641,3.641,-60.554,1275.000
3.248,3.251,3.246,3.253,3.251,3.251,3.246,3.646,3.643,3.648,3.648,3.646,3.642,3.640,-60.511,1276.000
3.251,3.244,3.251,3.250,3.246,3.247,3.251,3.651,3.645,3.645,3.648,3.640,3.641,3.644,-60.659,1277.000
3.246,3.243,3.248,3.249,3.247,3.248,3.252,3.647,3.650,3.644,3.642,3.646,3.648,3.643,-60.665,1278.000
3.248,3.246,3.253,3.247,3.250,3.254,3.245,3.644,3.650,3.649,3.645,3.645,3.643,3.650,-60.519,1279.000
3.251,3.251,3.251,3.249,3.251,3.254,3.247,3.646,3.643,3.643,3.645,3.644,3.640,3.645,-60.559,1280.000
3.246,3.253,3.248,3.251,3.253,3.249,3.247,3.646,3.642,3.647,3.644,3.643,3.646,3.641,-60.668,1281.000
3.252,3.246,3.250,3.249,3.250,3.248,3.256,3.647,3.646,3.645,3.644,3.647,3.645,3.644,-60.733,1282.000
3.249,3.250,3.251,3.247,3.244,3.250,3.246,3.648,3.640,3.645,3.642,3.651,3.649,3.651,-60.499,1283.000
3.250,3.246,3.246,3.248,3.246,3.248,3.251,3.644,3.648,3.646,3.645,3.654,3.647,3.648,-60.493,1284.000
3.241,3.239,3.249,3.240,3.249,3.250,3.251,3.642,3.639,3.639,3.642,3.643,3.650,3.649,-60.741,1285.000
3.244,3.239,3.245,3.245,3.244,3.248,3.247,3.649,3.645,3.643,3.644,3.644,3.647,3.645,-60.603,1286.000
3.251,3.243,3.249,3.242,3.243,3.243,3.249,3.647,3.643,3.649,3.652,3.645,3.638,3.636,-60.591,1287.000
3.242,3.247,3.248,3.249,3.246,3.249,3.247,3.641,3.643,3.643,3.646,3.646,3.639,3.648,-60.705,1288.000
3.245,3.245,3.247,3.250,3.245,3.248,3.248,3.642,3.639,3.639,3.640,3.640,3.640,3.643,-60.696,1289.000
3.251,3.254,3.247,3.249,3.248,3.250,3.254,3.647,3.644,3.639,3.640,3.641,3.640,3.642,-60.752,1290.000
3.245,3.244,3.247,3.245,3.250,3.245,3.247,3.645,3.643,3.641,3.640,3.643,3.641,3.637,-60.634,1291.000
3.246,3.240,3.247,3.244,3.245,3.247,3.243,3.647,3.642,3.640,3.644,3.643,3.641,3.649,-60.669,1292.000
3.248,3.255,3.241,3.244,3.243,3.246,3.248,3.641,3.649,3.643,3.637,3.649,3.643,3.638,-60.551,1293.000
3.243,3.245,3.247,3.247,3.251,3.250,3.252,3.640,3.643,3.646,3.642,3.639,3.643,3.637,-60.623,1294.000
3.245,3.255,3.248,3.253,3.244,3.245,3.252,3.641,3.639,3.645,3.645,3.643,3.640,3.645,-60.720,1295.000
3.251,3.247,3.256,3.249,3.245,3.243,3.247,3.641,3.640,3.639,3.646,3.642,3.638,3.644,-60.563,1296.000
3.254,3.249,3.252,3.249,3.246,3.249,3.252,3.643,3.646,3.637,3.640,3.641,3.644,3.646,-60.624,1297.000
3.249,3.248,3.246,3.246,3.249,3.244,3.244,3.638,3.640,3.644,3.648,3.651,3.646,3.643,-60.530,1298.000
3.252,3.246,3.252,3.252,3.255,3.250,3.253,3.642,3.645,3.644,3.640,3.646,3.653,3.644,-60.484,1299.000
3.249,3.250,3.258,3.243,3.248,3.247,3.253,3.645,3.648,3.647,3.650,3.639,3.647,3.645,-60.505,1300.000
3.253,3.245,3.246,3.247,3.249,3.244,3.239,3.640,3.638,3.645,3.647,3.645,3.645,3.648,-60.604,1301.000
3.249,3.250,3.249,3.252,3.247,3.252,3.251,3.638,3.642,3.648,3.647,3.649,3.649,3.645,-60.604,1302.000
3.247,3.246,3.246,3.247,3.251,3.245,3.251,3.645,3.642,3.648,3.654,3.653,3.638,3.644,-60.497,1303.000
3.249,3.246,3.251,3.251,3.254,3.248,3.254,3.648,3.653,3.651,3.645,3.644,3.645,3.644,-60.578,1304.000
3.247,3.243,3.246,3.253,3.248,3.247,3.249,3.643,3.647,3.649,3.648,3.647,3.650,3.650,-60.562,1305.000
3.242,3.244,3.249,3.243,3.244,3.249,3.246,3.643,3.647,3.643,3.646,3.643,3.646,3.642,-60.714,1306.000
3.250,3.249,3.251,3.246,3.251,3.245,3.244,3.645,3.648,3.652,3.649,3.649,3.647,3.641,-60.616,1307.000
3.251,3.246,3.244,3.254,3.244,3.249,3.249,3.641,3.641,3.646,3.641,3.646,3.648,3.640,-60.620,1308.000
3.253,3.252,3.247,3.250,3.247,3.241,3.249,3.640,3.647,3.642,3.648,3.646,3.644,3.643,-60.726,1309.000
3.249,3.251,3.249,3.247,3.249,3.246,3.245,3.648,3.637,3.643,3.650,3.644,3.643,3.646,-60.753,1310.000
3.250,3.247,3.251,3.249,3.247,3.246,3.246,3.646,3.649,3.646,3.644,3.641,3.649,3.645,-60.682,1311.000
3.245,3.241,3.243,3.251,3.246,3.242,3.243,3.647,3.642,3.640,3.643,3.646,3.646,3.648,-60.656,1312.000
3.245,3.247,3.248,3.248,3.242,3.250,3.242,3.647,3.648,3.647,3.649,3.648,3.652,3.648,-60.682,1313.000
3.242,3.244,3.248,3.247,3.248,3.251,3.252,3.643,3.649,3.647,3.646,3.648,3.642,3.648,-60.631,1314.000
3.246,3.247,3.249,3.250,3.243,3.251,3.240,3.646,3.645,3.646,3.650,3.648,3.653,3.650,-60.611,1315.000
3.246,3.250,3.245,3.245,3.250,3.251,3.243,3.642,3.644,3.651,3.645,3.645,3.646,3.649,-60.422,1316.000
3.247,3.250,3.251,3.246,3.247,3.250,3.244,3.645,3.648,3.646,3.644,3.645,3.649,3.645,-60.504,1317.000
3.245,3.244,3.247,3.240,3.252,3.243,3.248,3.647,3.643,3.649,3.647,3.641,3.648,3.643,-60.416,1318.000
3.248,3.251,3.245,3.244,3.246,3.253,3.248,3.652,3.651,3.646,3.636,3.645,3.649,3.640,-60.393,1319.000
3.250,3.244,3.243,3.241,3.245,3.250,3.245,3.648,3.644,3.642,3.645,3.643,3.644,3.647,-60.454,1320.000
3.247,3.242,3.240,3.249,3.250,3.244,3.243,3.647,3.643,3.646,3.649,3.644,3.646,3.647,-60.502,1321.000
3.240,3.238,3.245,3.243,3.244,3.247,3.244,3.640,3.637,3.648,3.643,3.645,3.642,3.653,-60.423,1322.000
3.245,3.245,3.247,3.246,3.246,3.248,3.243,3.644,3.646,3.646,3.650,3.644,3.642,3.641,-60.486,1323.000
3.247,3.249,3.252,3.248,3.247,3.243,3.251,3.640,3.644,3.649,3.644,3.649,3.647,3.646,-60.565,1324.000
3.242,3.243,3.243,3.244,3.239,3.248,3.241,3.644,3.642,3.638,3.644,3.641,3.642,3.647,-60.705,1325.000
3.240,3.245,3.247,3.244,3.240,3.247,3.246,3.643,3.649,3.649,3.637,3.647,3.644,3.647,-60.635,1326.000
3.249,3.244,3.240,3.244,3.245,3.239,3.236,3.643,3.639,3.641,3.647,3.640,3.642,3.645,-60.625,1327.000
3.238,3.243,3.242,3.247,3.239,3.243,3.250,3.641,3.647,3.644,3.642,3.638,3.646,3.644,-60.689,1328.000
3.243,3.247,3.236,3.250,3.238,3.243,3.239,3.643,3.644,3.647,3.640,3.648,3.645,3.637,-60.586,1329.000
3.247,3.244,3.250,3.243,3.245,3.249,3.248,3.642,3.647,3.648,3.643,3.644,3.640,3.654,-60.592,1330.000
3.245,3.246,3.246,3.239,3.252,3.242,3.247,3.641,3.645,3.644,3.645,3.647,3.646,3.644,-60.592,1331.000
3.242,3.240,3.244,3.243,3.246,3.244,3.241,3.644,3.645,3.643,3.649,3.642,3.644,3.639,-60.576,1332.000
3.247,3.244,3.247,3.238,3.247,3.244,3.243,3.646,3.635,3.638,3.641,3.642,3.641,3.642,-60.643,1333.000
3.248,3.245,3.249,3.244,3.245,3.245,3.249,3.643,3.646,3.643,3.642,3.645,3.645,3.637,-60.547,1334.000
3.247,3.248,3.246,3.245,3.248,3.248,3.251,3.642,3.642,3.641,3.637,3.641,3.643,3.646,-60.614,1335.000
3.249,3.241,3.249,3.253,3.254,3.240,3.249,3.646,3.644,3.645,3.640,3.644,3.642,3.643,-60.412,1336.000
3.242,3.249,3.245,3.248,3.242,3.249,3.250,3.641,3.646,3.637,3.649,3.645,3.644,3.638,-60.289,1337.000
3.245,3.249,3.246,3.252,3.252,3.247,3.247,3.645,3.648,3.646,3.646,3.651,3.653,3.647,-60.322,1338.000
3.252,3.248,3.250,3.248,3.244,3.251,3.247,3.638,3.641,3.642,3.638,3.645,3.640,3.650,-60.350,1339.000
3.246,3.249,3.253,3.256,3.251,3.252,3.249,3.636,3.640,3.643,3.642,3.645,3.649,3.647,-60.245,1340.000
3.249,3.248,3.252,3.252,3.242,3.252,3.248,3.644,3.642,3.636,3.648,3.645,3.655,3.647,-60.297,1341.000
3.249,3.251,3.251,3.248,3.246,3.249,3.248,3.646,3.641,3.648,3.641,3.648,3.646,3.647,-60.324,1342.000
3.247,3.249,3.251,3.254,3.254,3.246,3.248,3.647,3.642,3.646,3.648,3.649,3.650,3.643,-60.298,1343.000
3.252,3.253,3.256,3.250,3.253,3.252,3.253,3.647,3.651,3.644,3.647,3.650,3.643,3.640,-60.509,1344.000
3.252,3.256,3.253,3.248,3.250,3.256,3.253,3.638,3.642,3.649,3.646,3.644,3.647,3.648,-60.426,1345.000
3.255,3.251,3.254,3.257,3.252,3.251,3.258,3.649,3.649,3.649,3.652,3.651,3.645,3.646,-60.306,1346.000
3.256,3.256,3.251,3.255,3.248,3.252,3.252,3.649,3.653,3.648,3.649,3.653,3.649,3.651,-60.307,1347.000
3.257,3.252,3.259,3.258,3.256,3.255,3.258,3.653,3.651,3.650,3.643,3.648,3.651,3.646,-60.369,1348.000
3.256,3.256,3.251,3.259,3.254,3.258,3.254,3.655,3.654,3.654,3.644,3.646,3.644,3.658,-60.474,1349.000
3.252,3.258,3.257,3.256,3.256,3.252,3.258,3.649,3.652,3.648,3.647,3.655,3.647,3.651,-60.463,1350.000
3.254,3.253,3.257,3.256,3.254,3.253,3.256,3.650,3.649,3.652,3.653,3.649,3.654,3.655,-60.802,1351.000
3.257,3.260,3.259,3.259,3.254,3.255,3.258,3.648,3.654,3.649,3.654,3.651,3.657,3.655,-60.777,1352.000
3.253,3.258,3.252,3.258,3.256,3.257,3.254,3.644,3.650,3.649,3.653,3.651,3.650,3.648,-60.711,1353.000
3.254,3.255,3.258,3.257,3.254,3.255,3.256,3.658,3.652,3.656,3.664,3.653,3.652,3.651,-60.671,1354.000
3.253,3.256,3.266,3.257,3.258,3.256,3.259,3.643,3.661,3.655,3.651,3.653,3.653,3.650,-60.540,1355.000
3.259,3.253,3.252,3.257,3.260,3.254,3.259,3.654,3.654,3.653,3.651,3.652,3.650,3.656,-60.480,1356.000
3.261,3.256,3.259,3.256,3.260,3.260,3.256,3.651,3.655,3.654,3.652,3.648,3.653,3.654,-60.390,1357.000
3.262,3.257,3.257,3.256,3.253,3.260,3.255,3.649,3.660,3.657,3.648,3.648,3.652,3.655,-60.414,1358.000
3.257,3.259,3.259,3.257,3.255,3.259,3.256,3.653,3.654,3.656,3.654,3.656,3.652,3.650,-60.459,1359.000
3.261,3.256,3.258,3.258,3.264,3.256,3.257,3.654,3.646,3.651,3.649,3.654,3.649,3.648,-60.462,1360.000
3.260,3.252,3.259,3.256,3.255,3.254,3.256,3.648,3.653,3.655,3.656,3.657,3.655,3.652,-60.496,1361.000
3.254,3.257,3.259,3.259,3.258,3.261,3.261,3.650,3.651,3.653,3.652,3.655,3.656,3.656,-60.504,1362.000
3.262,3.256,3.256,3.260,3.262,3.260,3.255,3.649,3.656,3.658,3.660,3.656,3.650,3.653,-60.392,1363.000
3.252,3.256,3.256,3.258,3.254,3.259,3.256,3.649,3.655,3.653,3.652,3.653,3.659,3.658,-60.340,1364.000
3.260,3.258,3.260,3.259,3.252,3.257,3.260,3.654,3.656,3.656,3.656,3.657,3.655,3.654,-60.430,1365.000
3.258,3.256,3.263,3.262,3.260,3.258,3.258,3.650,3.656,3.656,3.658,3.659,3.655,3.655,-60.429,1366.000
3.258,3.258,3.261,3.267,3.264,3.262,3.260,3.657,3.655,3.656,3.659,3.652,3.655,3.653,-60.494,1367.000
3.255,3.258,3.261,3.260,3.260,3.257,3.264,3.657,3.657,3.658,3.654,3.651,3.656,3.654,-60.766,1368.000
3.261,3.256,3.261,3.254,3.265,3.267,3.266,3.655,3.658,3.657,3.655,3.658,3.653,3.656,-60.777,1369.000
3.261,3.263,3.259,3.263,3.265,3.260,3.258,3.656,3.655,3.657,3.655,3.654,3.657,3.656,-60.612,1370.000
3.260,3.261,3.264,3.263,3.260,3.256,3.260,3.662,3.660,3.657,3.662,3.655,3.655,3.659,-60.802,1371.000
3.256,3.259,3.260,3.263,3.265,3.267,3.264,3.657,3.655,3.656,3.657,3.654,3.654,3.659,-60.627,1372.000
3.261,3.263,3.258,3.258,3.251,3.259,3.257,3.649,3.656,3.652,3.654,3.659,3.655,3.661,-60.589,1373.000
3.259,3.260,3.260,3.256,3.256,3.264,3.257,3.653,3.657,3.657,3.662,3.654,3.653,3.660,-60.607,1374.000
3.256,3.260,3.253,3.258,3.253,3.256,3.258,3.650,3.652,3.651,3.655,3.655,3.655,3.658,-60.614,1375.000
3.251,3.254,3.255,3.259,3.257,3.258,3.262,3.657,3.657,3.654,3.651,3.657,3.649,3.655,-60.542,1376.000
3.260,3.261,3.256,3.262,3.258,3.253,3.261,3.652,3.654,3.653,3.653,3.653,3.657,3.653,-60.553,1377.000
3.252,3.256,3.254,3.260,3.259,3.257,3.258,3.649,3.657,3.656,3.657,3.648,3.652,3.647,-60.650,1378.000
3.257,3.259,3.261,3.256,3.255,3.253,3.261,3.649,3.650,3.652,3.653,3.653,3.648,3.653,-60.543,1379.000
3.259,3.261,3.259,3.258,3.257,3.255,3.246,3.654,3.654,3.654,3.652,3.655,3.654,3.653,-60.575,1380.000
3.257,3.256,3.256,3.253,3.261,3.258,3.260,3.649,3.657,3.659,3.650,3.653,3.649,3.643,-60.632,1381.000
3.259,3.257,3.260,3.255,3.258,3.251,3.255,3.648,3.650,3.657,3.653,3.653,3.650,3.653,-60.722,1382.000
3.259,3.266,3.259,3.259,3.252,3.259,3.253,3.652,3.655,3.657,3.651,3.659,3.654,3.656,-60.613,1383.000
3.253,3.251,3.250,3.256,3.254,3.258,3.262,3.651,3.653,3.655,3.650,3.651,3.652,3.648,-60.707,1384.000
3.250,3.256,3.258,3.255,3.249,3.254,3.252,3.654,3.649,3.651,3.646,3.656,3.663,3.658,-60.564,1385.000
3.254,3.254,3.251,3.254,3.260,3.256,3.261,3.655,3.653,3.649,3.659,3.653,3.652,3.654,-60.645,1386.000
3.251,3.254,3.249,3.256,3.250,3.253,3.257,3.651,3.653,3.651,3.651,3.654,3.653,3.651,-60.547,1387.000
3.257,3.255,3.255,3.261,3.255,3.260,3.256,3.649,3.651,3.647,3.643,3.650,3.648,3.654,-60.547,1388.000
3.258,3.262,3.256,3.259,3.260,3.260,3.255,3.649,3.655,3.651,3.648,3.646,3.650,3.650,-60.505,1389.000
3.257,3.261,3.260,3.259,3.259,3.256,3.254,3.651,3.654,3.651,3.658,3.655,3.660,3.650,-60.440,1390.000
3.254,3.255,3.258,3.253,3.255,3.261,3.254,3.649,3.648,3.648,3.647,3.654,3.651,3.654,-60.452,1391.000
3.254,3.260,3.252,3.258,3.259,3.262,3.253,3.651,3.651,3.652,3.655,3.647,3.653,3.646,-60.490,1392.000
3.260,3.258,3.254,3.262,3.254,3.265,3.255,3.648,3.654,3.650,3.654,3.656,3.658,3.655,-60.453,1393.000
3.262,3.259,3.255,3.259,3.263,3.257,3.256,3.656,3.653,3.651,3.652,3.653,3.652,3.653,-60.586,1394.000
3.260,3.255,3.256,3.256,3.251,3.258,3.251,3.651,3.654,3.654,3.652,3.654,3.654,3.659,-60.603,1395.000
3.260,3.262,3.260,3.260,3.262,3.261,3.252,3.650,3.655,3.656,3.658,3.656,3.654,3.654,-60.502,1396.000
3.258,3.260,3.259,3.261,3.258,3.255,3.261,3.652,3.657,3.656,3.656,3.649,3.655,3.653,-60.565,1397.000
3.257,3.257,3.260,3.258,3.260,3.257,3.259,3.654,3.658,3.654,3.656,3.655,3.652,3.658,-60.527,1398.000
3.262,3.256,3.266,3.259,3.261,3.264,3.257,3.654,3.653,3.650,3.653,3.650,3.652,3.653,-60.456,1399.000
3.252,3.256,3.264,3.259,3.258,3.254,3.248,3.653,3.652,3.650,3.652,3.650,3.649,3.648,-60.638,1400.000
3.256,3.257,3.259,3.259,3.256,3.260,3.258,3.651,3.655,3.659,3.652,3.652,3.649,3.651,-60.466,1401.000
3.257,3.252,3.260,3.261,3.252,3.253,3.263,3.651,3.653,3.647,3.648,3.653,3.651,3.653,-60.442,1402.000
3.262,3.257,3.263,3.259,3.260,3.260,3.255,3.652,3.649,3.649,3.650,3.657,3.653,3.657,-60.386,1403.000
3.260,3.259,3.259,3.259,3.264,3.256,3.262,3.649,3.654,3.660,3.654,3.655,3.653,3.658,-60.557,1404.000
3.261,3.258,3.260,3.253,3.257,3.259,3.254,3.656,3.656,3.654,3.659,3.656,3.651,3.657,-60.616,1405.000
3.260,3.259,3.261,3.260,3.262,3.259,3.256,3.651,3.650,3.650,3.649,3.655,3.654,3.655,-60.523,1406.000
3.264,3.256,3.259,3.260,3.260,3.262,3.261,3.648,3.652,3.655,3.651,3.657,3.656,3.652,-60.528,1407.000
3.258,3.254,3.262,3.257,3.264,3.262,3.255,3.655,3.650,3.656,3.654,3.658,3.658,3.655,-60.453,1408.000
3.258,3.267,3.256,3.261,3.256,3.263,3.256,3.652,3.656,3.656,3.652,3.652,3.654,3.654,-60.388,1409.000
3.262,3.256,3.258,3.258,3.262,3.263,3.258,3.656,3.661,3.656,3.654,3.654,3.658,3.655,-60.255,1410.000
3.266,3.260,3.263,3.261,3.260,3.259,3.266,3.658,3.654,3.657,3.655,3.651,3.664,3.651,-60.438,1411.000
3.259,3.260,3.262,3.261,3.256,3.259,3.256,3.654,3.658,3.658,3.653,3.654,3.653,3.658,-60.404,1412.000
3.258,3.260,3.262,3.260,3.258,3.258,3.255,3.651,3.651,3.654,3.656,3.655,3.656,3.657,-60.490,1413.000
3.251,3.261,3.256,3.263,3.259,3.259,3.265,3.661,3.657,3.654,3.659,3.656,3.661,3.658,-60.459,1414.000
3.261,3.258,3.261,3.265,3.257,3.257,3.259,3.659,3.659,3.655,3.648,3.656,3.659,3.657,-60.410,1415.000
3.264,3.262,3.263,3.261,3.262,3.258,3.263,3.653,3.655,3.656,3.651,3.653,3.656,3.657,-60.349,1416.000
3.255,3.257,3.257,3.264,3.263,3.258,3.254,3.659,3.653,3.653,3.652,3.651,3.659,3.653,-60.521,1417.000
3.261,3.263,3.264,3.255,3.261,3.260,3.258,3.657,3.657,3.654,3.656,3.646,3.657,3.652,-60.494,1418.000
3.259,3.261,3.254,3.258,3.259,3.261,3.254,3.656,3.658,3.653,3.652,3.655,3.656,3.656,-60.612,1419.000
3.250,3.256,3.256,3.260,3.253,3.265,3.260,3.653,3.661,3.658,3.651,3.655,3.661,3.657,-60.615,1420.000
3.258,3.259,3.261,3.255,3.255,3.261,3.264,3.660,3.653,3.656,3.654,3.649,3.649,3.656,-60.615,1421.000
3.258,3.265,3.256,3.260,3.264,3.259,3.258,3.658,3.657,3.658,3.654,3.654,3.660,3.658,-60.496,1422.000
3.260,3.261,3.256,3.260,3.265,3.258,3.263,3.662,3.654,3.658,3.656,3.652,3.660,3.660,-60.546,1423.000
3.265,3.267,3.258,3.259,3.269,3.261,3.259,3.652,3.655,3.656,3.654,3.650,3.657,3.655,-60.401,1424.000
3.264,3.261,3.252,3.260,3.264,3.261,3.255,3.660,3.657,3.654,3.655,3.654,3.656,3.658,-60.411,1425.000
3.267,3.261,3.261,3.258,3.260,3.256,3.262,3.649,3.654,3.654,3.654,3.650,3.657,3.654,-60.634,1426.000
3.260,3.264,3.262,3.256,3.260,3.261,3.258,3.660,3.658,3.654,3.656,3.655,3.663,3.652,-60.677,1427.000
3.263,3.262,3.262,3.259,3.259,3.262,3.257,3.647,3.660,3.656,3.653,3.656,3.662,3.655,-60.514,1428.000
3.258,3.255,3.261,3.260,3.265,3.256,3.262,3.656,3.656,3.656,3.654,3.655,3.654,3.651,-60.478,1429.000
3.261,3.256,3.257,3.259,3.258,3.266,3.261,3.647,3.656,3.652,3.658,3.658,3.657,3.654,-60.432,1430.000
3.262,3.255,3.262,3.255,3.261,3.263,3.262,3.656,3.653,3.654,3.654,3.661,3.651,3.653,-60.277,1431.000
3.257,3.258,3.259,3.260,3.261,3.263,3.260,3.652,3.652,3.655,3.656,3.657,3.656,3.653,-60.460,1432.000
3.263,3.259,3.261,3.259,3.263,3.260,3.262,3.657,3.664,3.656,3.659,3.655,3.652,3.655,-60.610,1433.000
3.261,3.261,3.256,3.264,3.264,3.261,3.256,3.653,3.656,3.662,3.652,3.658,3.662,3.657,-60.615,1434.000
3.255,3.258,3.258,3.262,3.257,3.259,3.256,3.655,3.655,3.656,3.649,3.658,3.654,3.652,-60.533,1435.000
3.267,3.265,3.260,3.263,3.268,3.260,3.262,3.658,3.653,3.654,3.654,3.656,3.660,3.656,-60.457,1436.000
3.260,3.260,3.267,3.260,3.260,3.261,3.261,3.651,3.656,3.660,3.654,3.656,3.656,3.660,-60.599,1437.000
3.263,3.264,3.267,3.263,3.263,3.258,3.265,3.662,3.662,3.655,3.658,3.662,3.660,3.658,-60.633,1438.000
3.259,3.261,3.268,3.263,3.258,3.262,3.264,3.661,3.657,3.657,3.655,3.658,3.663,3.660,-60.629,1439.000
3.265,3.263,3.264,3.261,3.262,3.260,3.265,3.663,3.660,3.664,3.659,3.660,3.655,3.655,-60.602,1440.000
3.259,3.266,3.264,3.259,3.263,3.262,3.260,3.661,3.655,3.655,3.653,3.658,3.659,3.664,-60.432,1441.000
3.263,3.266,3.267,3.266,3.262,3.264,3.261,3.664,3.663,3.660,3.658,3.662,3.657,3.658,-60.327,1442.000
3.263,3.264,3.269,3.262,3.264,3.268,3.266,3.664,3.660,3.661,3.664,3.664,3.663,3.661,-60.462,1443.000
3.269,3.265,3.272,3.265,3.266,3.266,3.261,3.663,3.662,3.661,3.658,3.658,3.654,3.662,-60.525,1444.000
3.269,3.270,3.268,3.266,3.263,3.271,3.262,3.665,3.665,3.664,3.664,3.663,3.664,3.660,-60.384,1445.000
3.261,3.268,3.265,3.262,3.266,3.267,3.264,3.660,3.668,3.659,3.662,3.658,3.663,3.663,-60.479,1446.000
3.262,3.265,3.264,3.265,3.262,3.269,3.267,3.667,3.667,3.656,3.656,3.656,3.660,3.657,-60.341,1447.000
3.267,3.264,3.268,3.259,3.268,3.262,3.264,3.666,3.667,3.662,3.659,3.659,3.661,3.669,-60.305,1448.000
3.266,3.261,3.261,3.270,3.265,3.263,3.269,3.661,3.660,3.664,3.662,3.666,3.663,3.662,-60.409,1449.000
3.265,3.266,3.269,3.268,3.268,3.267,3.270,3.660,3.660,3.665,3.659,3.658,3.663,3.663,-60.367,1450.000
3.269,3.269,3.264,3.266,3.259,3.266,3.269,3.668,3.667,3.660,3.664,3.658,3.661,3.673,-60.396,1451.000
3.269,3.258,3.274,3.265,3.264,3.262,3.272,3.661,3.657,3.662,3.663,3.664,3.665,3.671,-60.428,1452.000
3.265,3.271,3.262,3.262,3.269,3.269,3.269,3.668,3.662,3.671,3.663,3.665,3.661,3.665,-60.455,1453.000
3.263,3.271,3.273,3.270,3.261,3.269,3.269,3.661,3.665,3.661,3.658,3.663,3.668,3.661,-60.521,1454.000
3.268,3.267,3.264,3.267,3.267,3.265,3.272,3.667,3.664,3.662,3.668,3.663,3.665,3.666,-60.853,1455.000
3.267,3.268,3.267,3.272,3.264,3.265,3.267,3.662,3.660,3.660,3.664,3.659,3.663,3.666,-60.664,1456.000
3.267,3.269,3.270,3.272,3.267,3.274,3.268,3.668,3.666,3.668,3.665,3.666,3.666,3.662,-60.801,1457.000
3.271,3.267,3.272,3.268,3.267,3.268,3.270,3.662,3.666,3.669,3.663,3.662,3.662,3.660,-60.644,1458.000
3.274,3.270,3.269,3.269,3.263,3.272,3.272,3.662,3.663,3.663,3.667,3.652,3.674,3.662,-60.524,1459.000
3.267,3.262,3.274,3.271,3.270,3.269,3.265,3.668,3.668,3.671,3.665,3.670,3.666,3.665,-60.417,1460.000
3.273,3.269,3.269,3.276,3.265,3.260,3.269,3.668,3.665,3.663,3.664,3.662,3.666,3.668,-60.386,1461.000
3.273,3.266,3.273,3.268,3.270,3.264,3.272,3.666,3.666,3.665,3.665,3.663,3.666,3.665,-60.435,1462.000
3.272,3.266,3.262,3.269,3.275,3.271,3.272,3.661,3.660,3.662,3.662,3.666,3.663,3.662,-60.561,1463.000
3.265,3.267,3.265,3.268,3.271,3.269,3.267,3.661,3.659,3.658,3.668,3.660,3.668,3.665,-60.483,1464.000
3.268,3.274,3.266,3.269,3.270,3.271,3.262,3.661,3.661,3.666,3.666,3.665,3.668,3.659,-60.358,1465.000
3.265,3.264,3.270,3.268,3.265,3.266,3.270,3.664,3.665,3.663,3.667,3.666,3.662,3.664,-60.105,1466.000
3.268,3.268,3.270,3.267,3.270,3.264,3.271,3.664,3.663,3.661,3.664,3.660,3.667,3.667,-60.348,1467.000
3.274,3.271,3.274,3.278,3.270,3.269,3.274,3.663,3.661,3.660,3.666,3.664,3.660,3.660,-60.440,1468.000
3.271,3.266,3.275,3.260,3.263,3.269,3.270,3.664,3.664,3.662,3.660,3.661,3.664,3.667,-60.498,1469.000
3.267,3.271,3.268,3.267,3.271,3.267,3.270,3.664,3.661,3.665,3.662,3.669,3.666,3.663,-60.447,1470.000
3.272,3.272,3.274,3.276,3.268,3.267,3.275,3.675,3.671,3.673,3.669,3.671,3.672,3.664,-60.456,1471.000
3.270,3.272,3.269,3.272,3.276,3.274,3.270,3.668,3.665,3.666,3.667,3.665,3.665,3.665,-60.506,1472.000
3.273,3.272,3.269,3.276,3.274,3.277,3.270,3.667,3.669,3.666,3.668,3.663,3.664,3.668,-60.509,1473.000
3.270,3.273,3.269,3.274,3.268,3.274,3.275,3.669,3.665,3.669,3.668,3.670,3.668,3.668,-60.615,1474.000
3.269,3.273,3.273,3.271,3.274,3.274,3.268,3.669,3.665,3.673,3.669,3.675,3.672,3.674,-60.609,1475.000
3.274,3.270,3.277,3.274,3.273,3.268,3.274,3.671,3.671,3.668,3.671,3.667,3.661,3.669,-60.568,1476.000
3.275,3.269,3.275,3.275,3.278,3.273,3.272,3.673,3.668,3.670,3.663,3.672,3.667,3.673,-60.581,1477.000
3.273,3.277,3.275,3.279,3.279,3.279,3.274,3.669,3.670,3.673,3.673,3.668,3.675,3.667,-60.571,1478.000
3.273,3.271,3.272,3.268,3.280,3.286,3.270,3.667,3.671,3.672,3.668,3.672,3.666,3.671,-60.604,1479.000
3.274,3.272,3.274,3.270,3.274,3.271,3.271,3.664,3.674,3.672,3.668,3.672,3.668,3.670,-60.694,1480.000
3.276,3.274,3.271,3.278,3.280,3.277,3.270,3.668,3.671,3.666,3.664,3.670,3.663,3.673,-60.866,1481.000
3.272,3.273,3.279,3.274,3.271,3.275,3.269,3.674,3.676,3.673,3.674,3.676,3.666,3.666,-60.911,1482.000
3.275,3.274,3.272,3.274,3.280,3.279,3.275,3.671,3.672,3.672,3.670,3.671,3.667,3.665,-60.984,1483.000
3.277,3.278,3.271,3.276,3.275,3.270,3.270,3.669,3.674,3.673,3.670,3.671,3.671,3.677,-60.867,1484.000
3.280,3.273,3.285,3.273,3.281,3.274,3.279,3.674,3.672,3.671,3.672,3.678,3.673,3.668,-60.613,1485.000
3.276,3.278,3.275,3.278,3.274,3.273,3.279,3.673,3.667,3.674,3.669,3.669,3.668,3.674,-60.649,1486.000
3.278,3.281,3.277,3.277,3.274,3.274,3.274,3.666,3.673,3.671,3.668,3.669,3.673,3.668,-60.506,1487.000
3.272,3.282,3.278,3.280,3.270,3.278,3.277,3.674,3.677,3.675,3.673,3.671,3.670,3.674,-60.463,1488.000
3.276,3.277,3.275,3.282,3.274,3.276,3.275,3.674,3.674,3.673,3.676,3.673,3.678,3.669,-60.513,1489.000
3.280,3.277,3.274,3.278,3.279,3.277,3.281,3.672,3.660,3.667,3.673,3.678,3.671,3.666,-60.595,1490.000
3.275,3.278,3.280,3.277,3.278,3.277,3.280,3.677,3.672,3.674,3.677,3.673,3.676,3.670,-60.710,1491.000
3.272,3.283,3.275,3.280,3.273,3.274,3.278,3.673,3.678,3.677,3.668,3.674,3.675,3.675,-60.617,1492.000
3.273,3.274,3.274,3.279,3.277,3.278,3.274,3.672,3.669,3.673,3.670,3.673,3.671,3.673,-60.582,1493.000
3.276,3.275,3.278,3.273,3.277,3.275,3.279,3.681,3.673,3.672,3.670,3.675,3.670,3.672,-60.552,1494.000
3.277,3.276,3.276,3.281,3.275,3.277,3.275,3.671,3.671,3.672,3.675,3.672,3.670,3.670,-60.640,1495.000
3.275,3.279,3.280,3.271,3.275,3.271,3.278,3.674,3.676,3.672,3.668,3.669,3.673,3.673,-60.655,1496.000
3.279,3.278,3.271,3.275,3.279,3.271,3.276,3.674,3.668,3.670,3.673,3.672,3.668,3.671,-60.579,1497.000
3.280,3.284,3.281,3.279,3.277,3.275,3.277,3.672,3.675,3.669,3.671,3.668,3.673,3.668,-60.593,1498.000
3.275,3.276,3.274,3.277,3.277,3.276,3.280,3.673,3.672,3.670,3.677,3.675,3.670,3.675,-60.579,1499.000
3.285,3.274,3.270,3.276,3.280,3.272,3.281,3.673,3.676,3.676,3.670,3.665,3.678,3.675,-60.428,1500.000
3.276,3.276,3.271,3.278,3.281,3.277,3.271,3.661,3.668,3.671,3.681,3.671,3.673,3.672,-60.426,1501.000
3.273,3.273,3.278,3.274,3.274,3.273,3.279,3.679,3.673,3.669,3.670,3.669,3.667,3.679,-60.559,1502.000
3.278,3.275,3.281,3.277,3.278,3.279,3.275,3.674,3.670,3.670,3.677,3.670,3.675,3.670,-60.566,1503.000
3.275,3.275,3.278,3.281,3.276,3.278,3.279,3.674,3.678,3.673,3.678,3.677,3.679,3.676,-60.735,1504.000
3.279,3.278,3.287,3.286,3.274,3.279,3.277,3.678,3.677,3.675,3.672,3.671,3.675,3.677,-60.715,1505.000
3.284,3.287,3.283,3.283,3.284,3.281,3.283,3.677,3.675,3.676,3.676,3.673,3.674,3.678,-60.570,1506.000
3.278,3.287,3.280,3.278,3.281,3.282,3.278,3.676,3.679,3.671,3.674,3.674,3.675,3.673,-60.537,1507.000
3.284,3.279,3.288,3.276,3.277,3.272,3.279,3.675,3.675,3.672,3.677,3.674,3.670,3.676,-60.510,1508.000
3.280,3.283,3.285,3.283,3.281,3.278,3.278,3.677,3.670,3.673,3.673,3.672,3.680,3.673,-60.560,1509.000
3.279,3.277,3.278,3.276,3.282,3.280,3.275,3.676,3.674,3.668,3.671,3.673,3.669,3.675,-60.600,1510.000
3.284,3.274,3.283,3.283,3.284,3.280,3.276,3.675,3.675,3.673,3.673,3.672,3.671,3.678,-60.828,1511.000
3.278,3.279,3.282,3.283,3.279,3.280,3.283,3.668,3.678,3.675,3.677,3.670,3.670,3.676,-60.870,1512.000
3.285,3.281,3.278,3.281,3.277,3.282,3.281,3.676,3.672,3.674,3.673,3.679,3.677,3.671,-60.768,1513.000
3.283,3.279,3.277,3.283,3.282,3.282,3.279,3.675,3.676,3.669,3.670,3.666,3.672,3.677,-60.717,1514.000
3.280,3.280,3.281,3.275,3.279,3.274,3.282,3.679,3.677,3.671,3.680,3.673,3.672,3.670,-60.655,1515.000
3.280,3.279,3.282,3.283,3.280,3.281,3.292,3.667,3.677,3.676,3.676,3.672,3.674,3.675,-60.647,1516.000
3.282,3.284,3.281,3.284,3.276,3.277,3.282,3.669,3.676,3.672,3.669,3.672,3.672,3.672,-60.751,1517.000
3.279,3.277,3.281,3.284,3.287,3.280,3.282,3.673,3.676,3.676,3.671,3.673,3.673,3.684,-60.568,1518.000
3.281,3.284,3.284,3.283,3.280,3.273,3.283,3.666,3.671,3.674,3.677,3.672,3.677,3.676,-60.564,1519.000
3.284,3.280,3.287,3.280,3.282,3.284,3.279,3.675,3.676,3.678,3.681,3.676,3.670,3.671,-60.494,1520.000
3.283,3.286,3.287,3.278,3.283,3.286,3.285,3.675,3.677,3.674,3.672,3.675,3.671,3.674,-60.460,1521.000
3.285,3.277,3.286,3.281,3.282,3.280,3.285,3.672,3.674,3.668,3.676,3.673,3.671,3.666,-60.554,1522.000
3.279,3.282,3.279,3.278,3.278,3.281,3.276,3.677,3.681,3.678,3.670,3.674,3.675,3.676,-60.698,1523.000
3.282,3.283,3.282,3.282,3.282,3.280,3.284,3.676,3.671,3.678,3.678,3.673,3.677,3.673,-60.848,1524.000
3.287,3.283,3.284,3.281,3.281,3.280,3.286,3.680,3.679,3.678,3.675,3.678,3.678,3.680,-60.824,1525.000
3.280,3.281,3.284,3.281,3.285,3.279,3.283,3.671,3.673,3.672,3.681,3.673,3.684,3.680,-60.808,1526.000
3.278,3.285,3.288,3.289,3.282,3.279,3.282,3.671,3.677,3.682,3.681,3.677,3.677,3.676,-60.821,1527.000
3.283,3.284,3.286,3.282,3.284,3.284,3.280,3.677,3.680,3.674,3.680,3.681,3.684,3.678,-60.640,1528.000
3.284,3.281,3.285,3.284,3.282,3.288,3.283,3.679,3.688,3.683,3.682,3.682,3.677,3.674,-60.567,1529.000
3.278,3.279,3.277,3.283,3.285,3.286,3.286,3.681,3.679,3.681,3.681,3.679,3.679,3.676,-60.647,1530.000
3.284,3.283,3.285,3.285,3.289,3.283,3.284,3.689,3.675,3.679,3.667,3.675,3.676,3.671,-60.753,1531.000
3.284,3.284,3.283,3.280,3.287,3.281,3.290,3.679,3.679,3.675,3.674,3.681,3.676,3.680,-60.906,1532.000
3.282,3.283,3.286,3.280,3.290,3.281,3.284,3.677,3.680,3.675,3.683,3.681,3.685,3.681,-60.883,1533.000
3.287,3.286,3.276,3.285,3.285,3.286,3.282,3.683,3.682,3.677,3.678,3.678,3.675,3.675,-60.803,1534.000
3.285,3.277,3.286,3.285,3.288,3.282,3.293,3.675,3.682,3.675,3.676,3.680,3.678,3.674,-60.723,1535.000
3.279,3.286,3.288,3.286,3.282,3.284,3.279,3.681,3.681,3.672,3.684,3.683,3.686,3.681,-60.723,1536.000
3.288,3.288,3.287,3.287,3.285,3.290,3.283,3.678,3.681,3.679,3.683,3.686,3.679,3.683,-60.680,1537.000
3.285,3.285,3.277,3.285,3.284,3.283,3.281,3.675,3.678,3.683,3.679,3.690,3.674,3.681,-60.712,1538.000
3.288,3.287,3.293,3.286,3.290,3.283,3.290,3.682,3.684,3.683,3.683,3.679,3.681,3.678,-60.712,1539.000
3.281,3.286,3.287,3.287,3.286,3.279,3.282,3.674,3.675,3.677,3.680,3.681,3.681,3.678,-60.820,1540.000
3.288,3.291,3.280,3.285,3.285,3.287,3.288,3.681,3.678,3.682,3.680,3.678,3.680,3.684,-60.805,1541.000
3.295,3.285,3.291,3.285,3.285,3.287,3.288,3.686,3.683,3.676,3.681,3.680,3.684,3.677,-60.581,1542.000
3.287,3.286,3.288,3.285,3.285,3.288,3.286,3.687,3.679,3.681,3.675,3.682,3.680,3.682,-60.522,1543.000
3.289,3.289,3.286,3.292,3.283,3.291,3.282,3.683,3.679,3.679,3.689,3.682,3.684,3.682,-60.617,1544.000
3.286,3.285,3.280,3.286,3.290,3.287,3.290,3.680,3.686,3.685,3.688,3.686,3.683,3.683,-60.659,1545.000
3.286,3.288,3.289,3.286,3.289,3.290,3.290,3.688,3.680,3.688,3.680,3.681,3.681,3.682,-60.653,1546.000
3.290,3.289,3.285,3.284,3.281,3.288,3.281,3.676,3.681,3.682,3.683,3.679,3.682,3.683,-60.764,1547.000
3.290,3.284,3.282,3.285,3.285,3.289,3.285,3.678,3.684,3.682,3.680,3.685,3.680,3.688,-60.811,1548.000
3.285,3.288,3.289,3.292,3.285,3.289,3.286,3.685,3.684,3.683,3.687,3.682,3.682,3.683,-60.791,1549.000
3.285,3.284,3.287,3.285,3.289,3.285,3.285,3.684,3.686,3.681,3.681,3.688,3.685,3.687,-60.754,1550.000
3.283,3.285,3.284,3.283,3.289,3.283,3.283,3.682,3.686,3.691,3.681,3.681,3.686,3.680,-60.757,1551.000
3.284,3.286,3.282,3.285,3.287,3.290,3.280,3.688,3.688,3.687,3.680,3.688,3.681,3.687,-60.884,1552.000
3.287,3.283,3.288,3.283,3.283,3.285,3.288,3.684,3.683,3.682,3.686,3.685,3.688,3.684,-60.855,1553.000
3.285,3.287,3.286,3.291,3.290,3.288,3.293,3.681,3.684,3.685,3.684,3.681,3.682,3.687,-60.972,1554.000
3.288,3.287,3.288,3.285,3.288,3.281,3.289,3.685,3.684,3.685,3.688,3.679,3.681,3.692,-60.774,1555.000
3.287,3.283,3.289,3.283,3.285,3.282,3.287,3.686,3.684,3.688,3.687,3.690,3.684,3.686,-60.761,1556.000
3.285,3.290,3.293,3.294,3.285,3.286,3.287,3.684,3.685,3.687,3.685,3.686,3.681,3.685,-60.830,1557.000
3.290,3.287,3.289,3.284,3.282,3.291,3.289,3.684,3.679,3.688,3.683,3.688,3.685,3.684,-60.934,1558.000
3.290,3.284,3.287,3.288,3.295,3.286,3.289,3.687,3.687,3.687,3.684,3.687,3.686,3.685,-60.784,1559.000
3.286,3.286,3.292,3.283,3.289,3.284,3.286,3.681,3.681,3.688,3.685,3.688,3.679,3.692,-60.784,1560.000
3.290,3.293,3.288,3.284,3.284,3.290,3.294,3.686,3.689,3.681,3.679,3.680,3.685,3.685,-60.858,1561.000
3.290,3.288,3.292,3.293,3.291,3.290,3.284,3.684,3.684,3.685,3.685,3.688,3.684,3.686,-60.854,1562.000
3.290,3.297,3.290,3.289,3.294,3.289,3.285,3.683,3.686,3.684,3.684,3.685,3.680,3.685,-60.866,1563.000
3.293,3.289,3.287,3.289,3.287,3.286,3.288,3.687,3.683,3.686,3.687,3.682,3.677,3.688,-60.977,1564.000
3.289,3.294,3.286,3.291,3.285,3.282,3.293,3.686,3.682,3.682,3.684,3.684,3.684,3.688,-60.904,1565.000
3.292,3.288,3.294,3.292,3.287,3.294,3.293,3.686,3.690,3.694,3.694,3.693,3.690,3.689,-60.725,1566.000
3.290,3.299,3.291,3.293,3.285,3.289,3.296,3.685,3.685,3.682,3.684,3.684,3.685,3.687,-60.748,1567.000
3.282,3.290,3.295,3.287,3.291,3.289,3.298,3.690,3.686,3.687,3.686,3.684,3.690,3.681,-60.738,1568.000
3.294,3.293,3.289,3.290,3.291,3.292,3.292,3.690,3.684,3.689,3.689,3.690,3.687,3.684,-60.807,1569.000
3.290,3.297,3.288,3.291,3.295,3.295,3.294,3.686,3.683,3.686,3.677,3.687,3.683,3.690,-60.920,1570.000
3.293,3.285,3.292,3.287,3.288,3.290,3.286,3.683,3.682,3.687,3.684,3.689,3.691,3.688,-60.922,1571.000
3.291,3.295,3.293,3.289,3.291,3.295,3.292,3.689,3.681,3.684,3.685,3.682,3.685,3.686,-60.809,1572.000
3.289,3.288,3.290,3.285,3.289,3.289,3.290,3.686,3.690,3.687,3.687,3.689,3.683,3.690,-60.607,1573.000
3.291,3.286,3.287,3.288,3.292,3.296,3.297,3.685,3.691,3.686,3.685,3.685,3.685,3.686,-60.668,1574.000
3.292,3.289,3.291,3.289,3.291,3.288,3.290,3.683,3.687,3.684,3.682,3.691,3.688,3.685,-60.611,1575.000
3.293,3.290,3.298,3.294,3.293,3.293,3.288,3.682,3.685,3.682,3.682,3.686,3.686,3.689,-60.518,1576.000
3.290,3.295,3.299,3.295,3.290,3.292,3.291,3.678,3.684,3.681,3.683,3.687,3.683,3.684,-60.582,1577.000
3.288,3.295,3.288,3.293,3.288,3.284,3.292,3.687,3.685,3.683,3.684,3.686,3.683,3.693,-60.701,1578.000
3.295,3.296,3.289,3.297,3.300,3.285,3.295,3.689,3.684,3.688,3.690,3.687,3.686,3.687,-60.614,1579.000
3.293,3.295,3.289,3.296,3.297,3.293,3.294,3.682,3.682,3.684,3.685,3.683,3.687,3.690,-60.526,1580.000
3.294,3.290,3.287,3.288,3.291,3.290,3.293,3.686,3.683,3.688,3.686,3.686,3.680,3.686,-60.487,1581.000
3.292,3.291,3.300,3.289,3.292,3.292,3.287,3.683,3.689,3.691,3.681,3.683,3.684,3.689,-60.492,1582.000
3.294,3.291,3.294,3.293,3.286,3.286,3.292,3.682,3.693,3.683,3.686,3.687,3.687,3.683,-60.570,1583.000
3.288,3.292,3.285,3.295,3.294,3.291,3.295,3.690,3.681,3.686,3.684,3.688,3.685,3.690,-60.531,1584.000
3.293,3.295,3.290,3.297,3.287,3.291,3.287,3.687,3.687,3.691,3.680,3.688,3.689,3.687,-60.645,1585.000
3.288,3.293,3.296,3.288,3.295,3.293,3.289,3.686,3.683,3.689,3.688,3.690,3.693,3.686,-60.645,1586.000
3.294,3.294,3.289,3.295,3.294,3.291,3.287,3.688,3.689,3.684,3.687,3.684,3.685,3.684,-60.741,1587.000
3.290,3.290,3.298,3.290,3.296,3.292,3.291,3.693,3.689,3.685,3.684,3.694,3.693,3.689,-60.822,1588.000
3.294,3.290,3.295,3.294,3.292,3.299,3.294,3.688,3.687,3.690,3.688,3.688,3.689,3.690,-60.822,1589.000
3.301,3.295,3.298,3.297,3.299,3.297,3.296,3.689,3.692,3.690,3.692,3.693,3.689,3.690,-60.906,1590.000
3.295,3.295,3.293,3.293,3.294,3.299,3.291,3.690,3.690,3.692,3.693,3.685,3.684,3.687,-60.840,1591.000
3.294,3.297,3.296,3.297,3.299,3.295,3.299,3.687,3.689,3.690,3.691,3.684,3.686,3.686,-60.934,1592.000
3.293,3.295,3.300,3.295,3.300,3.288,3.297,3.687,3.688,3.685,3.693,3.690,3.690,3.691,-60.790,1593.000
3.294,3.299,3.299,3.293,3.293,3.290,3.296,3.698,3.691,3.687,3.686,3.689,3.690,3.688,-60.845,1594.000
3.295,3.295,3.291,3.297,3.299,3.291,3.293,3.692,3.691,3.694,3.689,3.685,3.687,3.694,-60.791,1595.000
3.293,3.296,3.298,3.298,3.296,3.300,3.293,3.686,3.687,3.690,3.687,3.695,3.694,3.692,-60.755,1596.000
3.297,3.296,3.299,3.292,3.295,3.294,3.296,3.689,3.693,3.693,3.690,3.693,3.690,3.688,-60.701,1597.000
3.294,3.301,3.294,3.291,3.294,3.300,3.291,3.691,3.687,3.691,3.697,3.688,3.694,3.688,-60.561,1598.000
3.297,3.293,3.298,3.298,3.297,3.295,3.298,3.690,3.689,3.692,3.689,3.685,3.692,3.694,-60.490,1599.000
3.292,3.290,3.290,3.294,3.292,3.296,3.295,3.689,3.689,3.685,3.687,3.684,3.685,3.688,-60.559,1600.000
3.298,3.294,3.294,3.296,3.295,3.295,3.295,3.692,3.689,3.687,3.681,3.683,3.684,3.689,-60.550,1601.000
3.291,3.292,3.296,3.290,3.290,3.295,3.296,3.685,3.684,3.679,3.684,3.686,3.688,3.696,-60.593,1602.000
3.297,3.296,3.295,3.296,3.289,3.296,3.298,3.687,3.685,3.686,3.689,3.693,3.684,3.685,-60.575,1603.000
3.297,3.298,3.300,3.290,3.297,3.293,3.291,3.685,3.692,3.689,3.682,3.687,3.682,3.689,-60.633,1604.000
3.295,3.298,3.292,3.293,3.299,3.297,3.294,3.688,3.691,3.694,3.687,3.688,3.692,3.684,-60.534,1605.000
3.297,3.298,3.292,3.296,3.299,3.298,3.296,3.686,3.695,3.694,3.692,3.686,3.684,3.691,-60.504,1606.000
3.297,3.291,3.299,3.289,3.301,3.290,3.295,3.682,3.687,3.689,3.687,3.686,3.681,3.691,-60.602,1607.000
3.293,3.293,3.295,3.291,3.296,3.293,3.296,3.692,3.684,3.691,3.688,3.688,3.689,3.684,-60.483,1608.000
3.289,3.294,3.297,3.295,3.297,3.301,3.294,3.687,3.686,3.689,3.687,3.684,3.690,3.685,-60.436,1609.000
3.289,3.295,3.296,3.296,3.295,3.294,3.290,3.691,3.683,3.692,3.701,3.687,3.698,3.691,-60.386,1610.000
3.296,3.301,3.295,3.294,3.296,3.299,3.300,3.685,3.699,3.687,3.692,3.695,3.685,3.691,-60.328,1611.000
3.298,3.294,3.290,3.296,3.299,3.305,3.298,3.690,3.690,3.692,3.696,3.686,3.687,3.682,-60.483,1612.000
3.298,3.289,3.297,3.299,3.293,3.297,3.298,3.692,3.690,3.684,3.692,3.690,3.692,3.691,-60.605,1613.000
3.292,3.297,3.300,3.295,3.301,3.292,3.291,3.689,3.689,3.691,3.691,3.693,3.691,3.688,-60.445,1614.000
3.293,3.295,3.296,3.297,3.298,3.301,3.294,3.684,3.691,3.692,3.687,3.693,3.692,3.689,-60.465,1615.000
3.298,3.296,3.296,3.296,3.293,3.295,3.295,3.687,3.686,3.689,3.692,3.688,3.686,3.688,-60.479,1616.000
3.293,3.291,3.296,3.297,3.298,3.294,3.302,3.684,3.697,3.694,3.689,3.692,3.690,3.694,-60.614,1617.000
3.293,3.296,3.293,3.293,3.293,3.295,3.293,3.695,3.689,3.688,3.687,3.687,3.686,3.686,-60.622,1618.000
3.295,3.292,3.295,3.301,3.300,3.292,3.297,3.690,3.692,3.687,3.690,3.683,3.694,3.688,-60.658,1619.000
3.293,3.291,3.291,3.294,3.295,3.293,3.297,3.685,3.690,3.684,3.696,3.698,3.687,3.689,-60.697,1620.000
3.296,3.290,3.294,3.299,3.293,3.293,3.294,3.690,3.686,3.684,3.689,3.691,3.691,3.678,-60.718,1621.000
3.294,3.294,3.296,3.295,3.294,3.297,3.297,3.684,3.692,3.685,3.689,3.689,3.689,3.681,-60.638,1622.000
3.293,3.294,3.293,3.295,3.295,3.300,3.295,3.694,3.689,3.685,3.693,3.690,3.682,3.682,-60.576,1623.000
3.295,3.298,3.294,3.296,3.298,3.292,3.296,3.695,3.700,3.696,3.694,3.693,3.694,3.698,-60.473,1624.000
3.296,3.298,3.297,3.298,3.296,3.299,3.297,3.691,3.694,3.693,3.689,3.685,3.687,3.694,-60.499,1625.000
3.298,3.303,3.296,3.296,3.299,3.291,3.294,3.684,3.691,3.695,3.692,3.695,3.692,3.692,-60.448,1626.000
3.297,3.295,3.302,3.299,3.298,3.295,3.303,3.698,3.689,3.692,3.691,3.693,3.691,3.689,-60.505,1627.000
3.305,3.296,3.300,3.301,3.297,3.299,3.300,3.692,3.689,3.691,3.693,3.691,3.689,3.693,-60.390,1628.000
3.303,3.299,3.301,3.293,3.303,3.302,3.293,3.694,3.694,3.697,3.698,3.689,3.690,3.693,-60.390,1629.000
3.302,3.296,3.295,3.295,3.296,3.296,3.301,3.693,3.693,3.687,3.696,3.691,3.691,3.700,-60.572,1630.000
3.301,3.301,3.300,3.296,3.293,3.294,3.302,3.690,3.687,3.687,3.691,3.694,3.697,3.698,-60.534,1631.000
3.292,3.297,3.301,3.300,3.303,3.300,3.295,3.695,3.697,3.697,3.695,3.691,3.700,3.692,-60.534,1632.000
3.295,3.296,3.294,3.296,3.302,3.301,3.299,3.695,3.695,3.696,3.689,3.694,3.690,3.696,-60.559,1633.000
3.302,3.297,3.299,3.306,3.301,3.296,3.295,3.695,3.691,3.690,3.692,3.696,3.694,3.695,-60.778,1634.000
3.295,3.299,3.303,3.295,3.296,3.296,3.301,3.689,3.689,3.696,3.685,3.694,3.702,3.694,-60.781,1635.000
3.298,3.299,3.295,3.297,3.295,3.297,3.296,3.697,3.689,3.687,3.683,3.683,3.687,3.691,-60.803,1636.000
3.298,3.299,3.298,3.293,3.302,3.295,3.298,3.692,3.689,3.692,3.689,3.692,3.692,3.696,-60.745,1637.000
3.300,3.293,3.300,3.297,3.298,3.299,3.295,3.692,3.698,3.694,3.692,3.692,3.692,3.694,-60.600,1638.000
3.296,3.292,3.299,3.301,3.292,3.293,3.291,3.690,3.692,3.692,3.686,3.693,3.690,3.692,-60.647,1639.000
3.303,3.299,3.299,3.303,3.299,3.292,3.299,3.690,3.693,3.686,3.690,3.693,3.694,3.691,-60.772,1640.000
3.302,3.300,3.302,3.300,3.292,3.296,3.294,3.694,3.700,3.691,3.687,3.685,3.695,3.686,-60.780,1641.000
3.298,3.297,3.292,3.291,3.297,3.302,3.300,3.695,3.694,3.690,3.690,3.694,3.693,3.697,-60.769,1642.000
3.303,3.301,3.308,3.296,3.299,3.299,3.300,3.698,3.694,3.693,3.692,3.693,3.687,3.686,-60.603,1643.000
3.298,3.294,3.300,3.303,3.293,3.299,3.303,3.689,3.691,3.693,3.693,3.695,3.694,3.693,-60.676,1644.000
3.292,3.301,3.299,3.298,3.297,3.298,3.294,3.695,3.691,3.693,3.689,3.689,3.691,3.693,-60.580,1645.000
3.297,3.296,3.295,3.293,3.299,3.298,3.299,3.694,3.695,3.690,3.689,3.691,3.689,3.686,-60.528,1646.000
3.297,3.295,3.299,3.299,3.288,3.302,3.292,3.691,3.687,3.690,3.695,3.699,3.696,3.697,-60.506,1647.000
3.301,3.297,3.300,3.301,3.295,3.291,3.296,3.693,3.693,3.692,3.694,3.691,3.692,3.695,-60.447,1648.000
3.294,3.295,3.296,3.296,3.294,3.292,3.299,3.686,3.691,3.690,3.694,3.686,3.686,3.687,-60.617,1649.000
3.296,3.301,3.299,3.290,3.294,3.301,3.300,3.688,3.697,3.691,3.693,3.687,3.685,3.687,-60.582,1650.000
3.295,3.295,3.287,3.297,3.295,3.294,3.293,3.687,3.686,3.691,3.689,3.678,3.688,3.687,-60.516,1651.000
3.294,3.298,3.296,3.296,3.301,3.293,3.292,3.692,3.689,3.682,3.694,3.696,3.699,3.693,-60.655,1652.000
3.296,3.292,3.295,3.295,3.294,3.296,3.295,3.691,3.688,3.694,3.696,3.696,3.688,3.679,-60.717,1653.000
3.291,3.296,3.301,3.295,3.298,3.299,3.293,3.692,3.685,3.688,3.681,3.698,3.690,3.688,-60.360,1654.000
3.291,3.292,3.293,3.293,3.288,3.290,3.294,3.689,3.692,3.692,3.691,3.687,3.690,3.693,-60.294,1655.000
3.290,3.289,3.291,3.304,3.294,3.295,3.298,3.689,3.687,3.691,3.691,3.685,3.685,3.690,-60.404,1656.000
3.292,3.296,3.293,3.294,3.300,3.297,3.291,3.688,3.690,3.689,3.691,3.695,3.687,3.689,-60.581,1657.000
3.294,3.296,3.293,3.296,3.295,3.293,3.293,3.692,3.691,3.686,3.691,3.684,3.696,3.693,-60.617,1658.000
3.291,3.293,3.294,3.299,3.295,3.300,3.299,3.695,3.695,3.695,3.693,3.684,3.693,3.689,-60.476,1659.000
3.295,3.296,3.294,3.295,3.298,3.294,3.293,3.695,3.700,3.696,3.693,3.694,3.695,3.695,-60.239,1660.000
3.298,3.293,3.300,3.299,3.297,3.301,3.302,3.693,3.696,3.697,3.700,3.690,3.697,3.692,-60.251,1661.000
3.298,3.301,3.295,3.305,3.304,3.301,3.298,3.700,3.696,3.694,3.696,3.695,3.694,3.698,-60.316,1662.000
3.295,3.302,3.299,3.294,3.299,3.297,3.296,3.694,3.696,3.699,3.696,3.699,3.698,3.697,-60.447,1663.000
3.298,3.297,3.294,3.301,3.303,3.298,3.301,3.695,3.695,3.696,3.696,3.694,3.698,3.699,-60.538,1664.000
3.302,3.301,3.298,3.296,3.298,3.295,3.291,3.695,3.691,3.696,3.700,3.690,3.695,3.696,-60.608,1665.000
3.301,3.307,3.308,3.300,3.301,3.300,3.295,3.701,3.700,3.696,3.700,3.703,3.699,3.692,-60.568,1666.000
3.300,3.301,3.297,3.299,3.305,3.295,3.297,3.695,3.695,3.702,3.688,3.697,3.697,3.695,-60.798,1667.000
3.295,3.297,3.298,3.301,3.298,3.301,3.302,3.694,3.696,3.694,3.695,3.697,3.701,3.693,-60.798,1668.000
3.301,3.299,3.303,3.303,3.301,3.302,3.297,3.695,3.692,3.696,3.695,3.696,3.696,3.700,-60.857,1669.000
3.300,3.300,3.297,3.297,3.295,3.302,3.298,3.697,3.691,3.693,3.695,3.699,3.698,3.697,-60.655,1670.000
3.300,3.297,3.298,3.300,3.295,3.295,3.309,3.700,3.698,3.697,3.693,3.697,3.694,3.696,-60.597,1671.000
3.301,3.301,3.299,3.300,3.305,3.298,3.301,3.696,3.694,3.699,3.698,3.696,3.691,3.693,-60.688,1672.000
3.302,3.297,3.298,3.294,3.299,3.294,3.296,3.692,3.697,3.694,3.698,3.698,3.693,3.689,-60.690,1673.000
3.299,3.303,3.295,3.294,3.297,3.302,3.301,3.693,3.691,3.688,3.690,3.692,3.697,3.693,-60.633,1674.000
3.302,3.296,3.296,3.293,3.292,3.297,3.297,3.684,3.691,3.691,3.695,3.695,3.701,3.690,-60.590,1675.000
3.296,3.298,3.296,3.298,3.295,3.300,3.303,3.695,3.697,3.700,3.693,3.697,3.694,3.694,-60.480,1676.000
3.302,3.300,3.296,3.294,3.294,3.297,3.300,3.693,3.698,3.697,3.691,3.693,3.689,3.687,-60.725,1677.000
3.297,3.298,3.296,3.305,3.299,3.299,3.298,3.689,3.689,3.699,3.694,3.693,3.692,3.691,-60.693,1678.000
3.302,3.299,3.299,3.301,3.293,3.295,3.302,3.690,3.695,3.695,3.690,3.686,3.689,3.694,-60.556,1679.000
3.305,3.299,3.301,3.296,3.293,3.305,3.298,3.693,3.691,3.692,3.693,3.694,3.694,3.686,-60.851,1680.000
3.299,3.294,3.303,3.296,3.296,3.294,3.296,3.689,3.693,3.696,3.695,3.696,3.693,3.692,-60.679,1681.000
3.293,3.294,3.298,3.295,3.292,3.297,3.300,3.690,3.688,3.688,3.695,3.691,3.696,3.689,-60.602,1682.000
3.299,3.289,3.298,3.296,3.294,3.295,3.298,3.687,3.700,3.693,3.690,3.687,3.696,3.695,-60.572,1683.000
3.294,3.298,3.292,3.301,3.295,3.302,3.297,3.682,3.692,3.693,3.690,3.690,3.690,3.688,-60.720,1684.000
3.307,3.294,3.301,3.304,3.301,3.295,3.296,3.687,3.692,3.693,3.696,3.683,3.689,3.690,-60.700,1685.000
3.304,3.297,3.296,3.304,3.301,3.301,3.306,3.691,3.691,3.692,3.698,3.697,3.696,3.691,-60.860,1686.000
3.309,3.297,3.308,3.306,3.303,3.302,3.305,3.694,3.697,3.695,3.695,3.693,3.693,3.697,-60.758,1687.000
3.305,3.297,3.303,3.305,3.298,3.296,3.307,3.690,3.693,3.696,3.693,3.695,3.695,3.696,-60.615,1688.000
3.302,3.302,3.305,3.305,3.308,3.307,3.303,3.696,3.693,3.695,3.691,3.694,3.696,3.698,-60.614,1689.000
3.303,3.305,3.303,3.305,3.302,3.306,3.304,3.695,3.694,3.694,3.696,3.697,3.695,3.694,-60.645,1690.000
3.306,3.299,3.301,3.305,3.308,3.297,3.300,3.698,3.693,3.695,3.692,3.696,3.694,3.696,-60.682,1691.000
3.307,3.304,3.304,3.303,3.305,3.303,3.297,3.696,3.696,3.698,3.695,3.693,3.694,3.695,-60.642,1692.000
3.305,3.299,3.298,3.303,3.302,3.299,3.304,3.695,3.695,3.688,3.692,3.694,3.701,3.697,-60.555,1693.000
3.299,3.303,3.306,3.301,3.303,3.307,3.304,3.690,3.686,3.702,3.693,3.698,3.699,3.695,-60.555,1694.000
3.308,3.308,3.302,3.311,3.310,3.301,3.307,3.693,3.695,3.695,3.697,3.697,3.697,3.692,-60.597,1695.000
3.308,3.301,3.303,3.301,3.308,3.301,3.305,3.696,3.697,3.693,3.697,3.695,3.697,3.695,-60.660,1696.000
3.304,3.296,3.307,3.302,3.304,3.302,3.303,3.699,3.691,3.693,3.690,3.697,3.699,3.690,-60.760,1697.000
3.302,3.304,3.305,3.292,3.304,3.298,3.302,3.692,3.692,3.697,3.697,3.698,3.685,3.693,-60.726,1698.000
3.305,3.302,3.301,3.303,3.304,3.302,3.301,3.687,3.695,3.686,3.695,3.697,3.697,3.696,-60.732,1699.000
3.303,3.298,3.308,3.303,3.301,3.301,3.298,3.691,3.698,3.693,3.694,3.691,3.695,3.695,-60.875,1700.000
3.303,3.302,3.302,3.303,3.300,3.307,3.296,3.691,3.690,3.693,3.691,3.693,3.691,3.689,-60.808,1701.000
3.302,3.309,3.303,3.300,3.291,3.301,3.309,3.691,3.690,3.686,3.694,3.697,3.693,3.691,-60.821,1702.000
3.306,3.298,3.300,3.301,3.302,3.303,3.305,3.693,3.690,3.697,3.692,3.697,3.691,3.696,-60.973,1703.000
3.301,3.298,3.304,3.303,3.304,3.293,3.297,3.695,3.694,3.695,3.696,3.693,3.686,3.699,-60.762,1704.000
3.298,3.299,3.303,3.303,3.307,3.301,3.297,3.693,3.695,3.690,3.692,3.694,3.689,3.692,-60.583,1705.000
3.303,3.299,3.303,3.306,3.302,3.306,3.301,3.696,3.699,3.700,3.693,3.691,3.686,3.692,-60.466,1706.000
3.304,3.307,3.298,3.292,3.297,3.299,3.300,3.697,3.692,3.692,3.690,3.695,3.689,3.693,-60.586,1707.000
3.296,3.298,3.299,3.304,3.305,3.303,3.295,3.697,3.692,3.693,3.694,3.692,3.692,3.692,-60.586,1708.000
3.302,3.296,3.304,3.295,3.308,3.300,3.303,3.690,3.693,3.696,3.695,3.689,3.696,3.688,-60.595,1709.000
3.300,3.297,3.308,3.302,3.299,3.298,3.305,3.689,3.689,3.689,3.686,3.699,3.694,3.697,-60.608,1710.000
3.301,3.300,3.293,3.298,3.300,3.296,3.303,3.695,3.697,3.692,3.693,3.695,3.691,3.691,-60.592,1711.000
3.298,3.300,3.302,3.309,3.298,3.301,3.303,3.700,3.695,3.695,3.693,3.691,3.694,3.685,-60.652,1712.000
3.301,3.297,3.300,3.308,3.301,3.301,3.306,3.689,3.691,3.690,3.688,3.693,3.692,3.695,-60.567,1713.000
3.305,3.308,3.302,3.298,3.299,3.301,3.296,3.696,3.698,3.698,3.693,3.697,3.700,3.691,-60.558,1714.000
3.298,3.298,3.297,3.299,3.303,3.301,3.292,3.699,3.693,3.694,3.692,3.691,3.695,3.700,-60.494,1715.000
3.296,3.298,3.303,3.299,3.299,3.296,3.300,3.697,3.690,3.699,3.693,3.688,3.691,3.696,-60.560,1716.000
3.302,3.303,3.301,3.302,3.300,3.305,3.300,3.700,3.697,3.696,3.691,3.693,3.697,3.692,-60.446,1717.000
3.303,3.303,3.302,3.300,3.301,3.301,3.300,3.688,3.693,3.699,3.690,3.695,3.698,3.693,-60.420,1718.000
3.298,3.303,3.305,3.307,3.302,3.307,3.305,3.696,3.695,3.702,3.700,3.696,3.695,3.693,-60.420,1719.000
3.300,3.303,3.300,3.304,3.305,3.300,3.303,3.696,3.698,3.693,3.694,3.699,3.698,3.701,-60.562,1720.000
3.307,3.302,3.306,3.307,3.300,3.308,3.302,3.694,3.689,3.699,3.700,3.700,3.698,3.699,-60.531,1721.000
3.304,3.302,3.303,3.305,3.304,3.301,3.305,3.702,3.695,3.699,3.699,3.698,3.699,3.701,-60.522,1722.000
3.307,3.305,3.305,3.301,3.311,3.310,3.308,3.707,3.702,3.701,3.698,3.692,3.693,3.698,-60.637,1723.000
3.306,3.307,3.298,3.307,3.303,3.304,3.307,3.696,3.698,3.694,3.695,3.698,3.701,3.698,-60.638,1724.000
3.305,3.312,3.308,3.307,3.305,3.304,3.306,3.690,3.694,3.698,3.701,3.699,3.695,3.699,-60.628,1725.000
3.302,3.307,3.302,3.303,3.303,3.294,3.300,3.695,3.695,3.698,3.698,3.700,3.693,3.694,-60.679,1726.000
3.303,3.303,3.304,3.302,3.301,3.304,3.300,3.691,3.701,3.700,3.702,3.701,3.704,3.696,-60.664,1727.000
3.305,3.300,3.309,3.303,3.304,3.300,3.308,3.692,3.703,3.699,3.694,3.690,3.698,3.693,-60.713,1728.000
3.302,3.298,3.304,3.303,3.303,3.297,3.296,3.694,3.690,3.695,3.693,3.694,3.693,3.695,-60.790,1729.000
3.302,3.297,3.299,3.298,3.297,3.306,3.299,3.701,3.693,3.696,3.697,3.702,3.696,3.690,-60.755,1730.000
3.300,3.302,3.301,3.303,3.298,3.300,3.299,3.699,3.695,3.697,3.691,3.690,3.691,3.696,-60.683,1731.000
3.292,3.301,3.296,3.300,3.297,3.304,3.298,3.697,3.695,3.695,3.688,3.692,3.686,3.692,-60.783,1732.000
3.308,3.295,3.304,3.300,3.302,3.297,3.302,3.694,3.698,3.698,3.691,3.692,3.690,3.690,-60.733,1733.000
3.305,3.298,3.303,3.301,3.301,3.302,3.303,3.693,3.692,3.695,3.698,3.690,3.697,3.697,-60.780,1734.000
3.298,3.303,3.301,3.298,3.304,3.300,3.303,3.695,3.694,3.695,3.693,3.698,3.697,3.693,-60.854,1735.000
3.302,3.302,3.299,3.304,3.301,3.302,3.300,3.698,3.699,3.698,3.700,3.696,3.692,3.694,-60.673,1736.000
3.301,3.300,3.298,3.298,3.300,3.299,3.302,3.699,3.697,3.692,3.697,3.694,3.696,3.694,-60.642,1737.000
3.297,3.302,3.298,3.292,3.297,3.298,3.297,3.689,3.693,3.698,3.691,3.691,3.698,3.689,-60.593,1738.000
3.297,3.296,3.297,3.297,3.292,3.292,3.297,3.688,3.688,3.685,3.689,3.690,3.689,3.691,-60.593,1739.000
3.296,3.299,3.295,3.293,3.296,3.300,3.297,3.689,3.688,3.686,3.691,3.695,3.697,3.691,-60.625,1740.000
3.295,3.297,3.295,3.298,3.298,3.301,3.300,3.687,3.684,3.691,3.697,3.692,3.689,3.696,-60.665,1741.000
3.300,3.295,3.293,3.304,3.300,3.297,3.293,3.693,3.690,3.687,3.693,3.692,3.695,3.695,-60.833,1742.000
3.303,3.302,3.301,3.297,3.302,3.298,3.301,3.690,3.692,3.693,3.693,3.691,3.687,3.689,-60.686,1743.000
3.297,3.302,3.299,3.297,3.296,3.296,3.298,3.693,3.686,3.694,3.690,3.692,3.692,3.690,-60.686,1744.000
3.299,3.299,3.299,3.299,3.301,3.301,3.296,3.697,3.695,3.691,3.689,3.692,3.696,3.692,-60.673,1745.000
3.301,3.302,3.297,3.305,3.300,3.303,3.301,3.696,3.694,3.690,3.694,3.694,3.694,3.694,-60.710,1746.000
3.306,3.300,3.300,3.302,3.306,3.303,3.302,3.687,3.694,3.694,3.703,3.699,3.692,3.700,-60.773,1747.000
3.299,3.302,3.302,3.302,3.297,3.300,3.300,3.694,3.696,3.693,3.694,3.695,3.683,3.694,-60.910,1748.000
3.308,3.299,3.304,3.303,3.308,3.306,3.299,3.698,3.699,3.701,3.698,3.692,3.695,3.696,-60.895,1749.000
3.307,3.309,3.302,3.302,3.304,3.308,3.303,3.700,3.696,3.697,3.700,3.700,3.697,3.697,-60.895,1750.000
3.299,3.307,3.301,3.301,3.305,3.303,3.300,3.694,3.695,3.702,3.705,3.690,3.697,3.699,-60.795,1751.000
3.301,3.312,3.299,3.302,3.308,3.302,3.305,3.695,3.699,3.695,3.700,3.694,3.703,3.698,-60.895,1752.000
3.302,3.308,3.300,3.306,3.299,3.306,3.305,3.702,3.699,3.700,3.704,3.704,3.687,3.695,-60.895,1753.000
3.299,3.301,3.303,3.300,3.298,3.304,3.305,3.704,3.705,3.701,3.697,3.694,3.704,3.693,-60.760,1754.000
3.301,3.299,3.305,3.301,3.304,3.297,3.303,3.700,3.704,3.695,3.699,3.701,3.696,3.696,-60.697,1755.000
3.301,3.309,3.296,3.305,3.302,3.299,3.300,3.694,3.696,3.705,3.699,3.695,3.699,3.698,-60.618,1756.000
3.294,3.303,3.299,3.302,3.295,3.304,3.306,3.700,3.697,3.702,3.694,3.694,3.695,3.692,-60.564,1757.000
3.298,3.301,3.303,3.298,3.305,3.299,3.297,3.705,3.699,3.694,3.692,3.691,3.694,3.698,-60.640,1758.000
3.299,3.298,3.296,3.303,3.300,3.297,3.305,3.694,3.691,3.697,3.696,3.689,3.695,3.691,-60.770,1759.000
3.295,3.295,3.297,3.298,3.297,3.302,3.301,3.694,3.693,3.697,3.691,3.699,3.696,3.687,-60.709,1760.000
3.298,3.298,3.295,3.303,3.302,3.304,3.301,3.691,3.700,3.685,3.692,3.696,3.694,3.690,-60.750,1761.000
3.298,3.297,3.298,3.293,3.299,3.305,3.303,3.699,3.698,3.696,3.696,3.696,3.696,3.696,-60.696,1762.000
3.294,3.298,3.298,3.298,3.300,3.300,3.303,3.692,3.693,3.696,3.693,3.695,3.695,3.694,-60.534,1763.000
3.303,3.301,3.304,3.305,3.303,3.303,3.303,3.694,3.696,3.697,3.700,3.696,3.693,3.694,-60.561,1764.000
3.305,3.307,3.304,3.306,3.298,3.303,3.298,3.698,3.700,3.699,3.699,3.698,3.697,3.701,-60.691,1765.000
3.300,3.299,3.299,3.305,3.310,3.305,3.302,3.701,3.698,3.704,3.698,3.703,3.699,3.705,-60.646,1766.000
3.307,3.303,3.308,3.307,3.311,3.305,3.307,3.698,3.694,3.698,3.697,3.701,3.701,3.703,-60.656,1767.000
3.304,3.304,3.300,3.304,3.303,3.297,3.305,3.697,3.696,3.700,3.695,3.700,3.700,3.704,-60.561,1768.000
3.302,3.304,3.301,3.302,3.303,3.305,3.299,3.700,3.693,3.699,3.696,3.704,3.710,3.702,-60.333,1769.000
3.308,3.303,3.310,3.304,3.308,3.307,3.304,3.701,3.699,3.696,3.698,3.697,3.699,3.699,-60.363,1770.000
3.310,3.310,3.305,3.302,3.304,3.309,3.305,3.696,3.700,3.699,3.694,3.703,3.696,3.697,-60.399,1771.000
3.305,3.310,3.301,3.298,3.299,3.309,3.294,3.699,3.691,3.697,3.701,3.699,3.706,3.693,-60.408,1772.000
3.306,3.303,3.301,3.299,3.306,3.306,3.305,3.700,3.695,3.698,3.697,3.697,3.702,3.698,-60.337,1773.000
3.306,3.302,3.310,3.304,3.300,3.302,3.306,3.696,3.698,3.708,3.703,3.698,3.706,3.704,-60.337,1774.000
3.304,3.302,3.306,3.306,3.306,3.308,3.312,3.700,3.705,3.704,3.707,3.699,3.705,3.704,-60.159,1775.000
3.305,3.303,3.311,3.308,3.309,3.306,3.305,3.702,3.699,3.697,3.699,3.701,3.703,3.700,-60.156,1776.000
3.303,3.307,3.298,3.304,3.302,3.305,3.309,3.697,3.699,3.703,3.700,3.701,3.693,3.697,-60.232,1777.000
3.306,3.309,3.305,3.303,3.310,3.311,3.304,3.700,3.709,3.699,3.706,3.698,3.698,3.695,-60.255,1778.000
3.308,3.300,3.309,3.304,3.312,3.306,3.310,3.698,3.702,3.703,3.707,3.706,3.705,3.703,-60.303,1779.000
3.306,3.312,3.306,3.308,3.306,3.306,3.311,3.706,3.705,3.702,3.713,3.707,3.696,3.702,-60.334,1780.000
3.303,3.310,3.308,3.307,3.307,3.312,3.309,3.703,3.702,3.703,3.702,3.706,3.699,3.700,-60.182,1781.000
3.305,3.309,3.305,3.304,3.307,3.310,3.310,3.702,3.706,3.704,3.704,3.706,3.706,3.706,-60.418,1782.000
3.310,3.308,3.310,3.306,3.312,3.312,3.309,3.705,3.706,3.705,3.702,3.706,3.706,3.706,-60.418,1783.000
3.307,3.307,3.310,3.304,3.309,3.307,3.303,3.706,3.700,3.697,3.711,3.700,3.697,3.698,-60.388,1784.000
3.305,3.305,3.309,3.304,3.305,3.304,3.306,3.698,3.704,3.706,3.707,3.704,3.702,3.703,-60.496,1785.000
3.307,3.303,3.300,3.302,3.310,3.311,3.301,3.699,3.703,3.703,3.701,3.701,3.702,3.698,-60.441,1786.000
3.309,3.305,3.303,3.299,3.306,3.298,3.304,3.702,3.698,3.703,3.700,3.705,3.696,3.699,-60.306,1787.000
3.303,3.308,3.305,3.305,3.307,3.307,3.306,3.701,3.699,3.699,3.697,3.699,3.701,3.699,-60.258,1788.000
3.305,3.306,3.304,3.303,3.302,3.301,3.309,3.699,3.702,3.700,3.693,3.699,3.698,3.702,-60.270,1789.000
3.304,3.302,3.303,3.307,3.305,3.306,3.301,3.700,3.707,3.696,3.693,3.697,3.699,3.698,-60.356,1790.000
3.305,3.305,3.302,3.300,3.301,3.301,3.300,3.697,3.699,3.701,3.698,3.698,3.698,3.705,-60.405,1791.000
3.305,3.298,3.301,3.301,3.306,3.306,3.303,3.706,3.692,3.704,3.698,3.693,3.706,3.700,-60.374,1792.000
3.297,3.306,3.302,3.302,3.305,3.307,3.296,3.696,3.695,3.702,3.703,3.702,3.693,3.695,-60.616,1793.000
3.302,3.299,3.295,3.304,3.302,3.300,3.304,3.701,3.696,3.702,3.697,3.698,3.697,3.696,-60.767,1794.000
3.300,3.298,3.300,3.306,3.301,3.298,3.297,3.693,3.699,3.696,3.704,3.700,3.706,3.699,-60.804,1795.000
3.300,3.299,3.302,3.299,3.301,3.297,3.302,3.699,3.696,3.692,3.692,3.699,3.688,3.697,-60.705,1796.000
3.297,3.298,3.300,3.305,3.300,3.295,3.299,3.697,3.700,3.697,3.702,3.696,3.703,3.693,-60.687,1797.000
3.304,3.305,3.303,3.306,3.302,3.303,3.303,3.703,3.706,3.702,3.704,3.700,3.700,3.694,-60.771,1798.000
3.301,3.304,3.310,3.304,3.307,3.302,3.306,3.704,3.700,3.693,3.703,3.702,3.699,3.698,-60.559,1799.000
3.308,3.297,3.305,3.310,3.310,3.302,3.303,3.705,3.707,3.702,3.705,3.707,3.706,3.704,-60.511,1800.000
3.308,3.304,3.311,3.305,3.310,3.300,3.312,3.706,3.704,3.707,3.699,3.701,3.699,3.701,-60.519,1801.000
3.313,3.306,3.309,3.310,3.304,3.309,3.311,3.705,3.708,3.705,3.703,3.706,3.707,3.701,-60.448,1802.000
3.301,3.305,3.312,3.309,3.310,3.309,3.305,3.699,3.705,3.705,3.708,3.706,3.709,3.706,-60.447,1803.000
3.303,3.303,3.312,3.312,3.305,3.312,3.308,3.709,3.701,3.706,3.705,3.712,3.710,3.709,-60.447,1804.000
3.310,3.309,3.305,3.313,3.310,3.311,3.304,3.704,3.713,3.709,3.708,3.709,3.704,3.708,-60.466,1805.000
3.305,3.306,3.304,3.313,3.306,3.309,3.315,3.705,3.709,3.708,3.708,3.706,3.705,3.711,-60.595,1806.000
3.310,3.310,3.312,3.313,3.311,3.307,3.309,3.706,3.709,3.708,3.704,3.704,3.711,3.715,-60.595,1807.000
3.310,3.310,3.307,3.308,3.318,3.311,3.305,3.714,3.710,3.710,3.707,3.707,3.707,3.712,-60.709,1808.000
3.301,3.306,3.309,3.301,3.301,3.308,3.308,3.707,3.710,3.709,3.705,3.708,3.708,3.704,-60.553,1809.000
3.304,3.304,3.307,3.305,3.303,3.301,3.303,3.706,3.704,3.711,3.699,3.707,3.706,3.700,-60.553,1810.000
3.308,3.303,3.302,3.308,3.305,3.310,3.307,3.705,3.699,3.703,3.702,3.700,3.698,3.709,-60.420,1811.000
3.307,3.307,3.303,3.300,3.308,3.307,3.308,3.705,3.698,3.701,3.702,3.697,3.704,3.702,-60.241,1812.000
3.305,3.299,3.301,3.302,3.303,3.301,3.306,3.696,3.700,3.698,3.697,3.705,3.701,3.699,-60.417,1813.000
3.297,3.304,3.298,3.301,3.299,3.306,3.304,3.700,3.704,3.695,3.701,3.703,3.700,3.698,-60.371,1814.000
3.306,3.300,3.300,3.305,3.299,3.301,3.295,3.693,3.698,3.695,3.699,3.699,3.698,3.701,-60.446,1815.000
3.298,3.302,3.300,3.299,3.306,3.299,3.300,3.697,3.696,3.699,3.700,3.697,3.703,3.698,-60.583,1816.000
3.301,3.295,3.306,3.304,3.302,3.297,3.298,3.696,3.698,3.697,3.687,3.697,3.698,3.699,-60.616,1817.000
3.301,3.305,3.301,3.302,3.295,3.300,3.298,3.697,3.696,3.698,3.698,3.703,3.693,3.700,-60.563,1818.000
3.296,3.295,3.300,3.302,3.297,3.301,3.301,3.694,3.696,3.698,3.696,3.694,3.701,3.698,-60.493,1819.000
3.298,3.294,3.302,3.293,3.304,3.295,3.301,3.694,3.694,3.695,3.693,3.699,3.692,3.699,-60.388,1820.000
3.297,3.300,3.301,3.303,3.299,3.301,3.307,3.694,3.696,3.700,3.697,3.701,3.696,3.690,-60.395,1821.000
3.298,3.295,3.301,3.303,3.299,3.303,3.303,3.699,3.699,3.696,3.700,3.698,3.697,3.702,-60.362,1822.000
3.300,3.300,3.303,3.294,3.300,3.299,3.301,3.695,3.691,3.694,3.693,3.699,3.695,3.697,-60.394,1823.000
3.300,3.296,3.304,3.299,3.300,3.305,3.298,3.700,3.697,3.701,3.692,3.697,3.697,3.702,-60.408,1824.000
3.301,3.297,3.305,3.298,3.300,3.299,3.305,3.698,3.700,3.701,3.703,3.698,3.704,3.696,-60.408,1825.000
3.299,3.309,3.304,3.300,3.294,3.305,3.301,3.700,3.700,3.703,3.701,3.695,3.703,3.706,-60.460,1826.000
3.305,3.308,3.310,3.300,3.307,3.310,3.306,3.698,3.706,3.702,3.706,3.706,3.704,3.707,-60.406,1827.000
3.304,3.314,3.315,3.307,3.303,3.312,3.310,3.704,3.709,3.702,3.705,3.707,3.701,3.709,-60.406,1828.000
3.310,3.313,3.309,3.311,3.308,3.309,3.308,3.714,3.708,3.700,3.703,3.707,3.708,3.706,-60.425,1829.000
3.304,3.309,3.307,3.305,3.308,3.310,3.314,3.710,3.710,3.705,3.707,3.707,3.708,3.714,-60.589,1830.000
3.310,3.307,3.311,3.312,3.308,3.315,3.310,3.719,3.717,3.710,3.712,3.712,3.710,3.706,-60.660,1831.000
3.313,3.306,3.310,3.309,3.310,3.312,3.309,3.712,3.710,3.705,3.702,3.712,3.709,3.717,-60.670,1832.000
3.311,3.313,3.303,3.312,3.310,3.310,3.314,3.712,3.711,3.706,3.710,3.703,3.709,3.714,-60.668,1833.000
3.307,3.305,3.307,3.307,3.310,3.307,3.305,3.708,3.706,3.706,3.714,3.707,3.711,3.711,-60.601,1834.000
3.310,3.306,3.308,3.306,3.308,3.307,3.310,3.711,3.706,3.709,3.706,3.707,3.706,3.709,-60.574,1835.000
3.305,3.305,3.308,3.309,3.308,3.303,3.306,3.706,3.706,3.701,3.707,3.708,3.705,3.703,-60.587,1836.000
3.305,3.310,3.310,3.306,3.309,3.304,3.309,3.705,3.700,3.706,3.703,3.704,3.707,3.711,-60.519,1837.000
3.303,3.304,3.310,3.310,3.310,3.303,3.309,3.706,3.704,3.705,3.709,3.706,3.708,3.700,-60.645,1838.000
3.313,3.308,3.303,3.305,3.303,3.305,3.304,3.704,3.704,3.704,3.698,3.706,3.706,3.705,-60.483,1839.000
3.300,3.304,3.305,3.299,3.305,3.298,3.303,3.705,3.698,3.705,3.702,3.701,3.702,3.700,-60.397,1840.000
3.303,3.302,3.303,3.304,3.308,3.307,3.303,3.704,3.701,3.700,3.700,3.702,3.700,3.699,-60.480,1841.000
3.305,3.303,3.305,3.305,3.296,3.305,3.300,3.699,3.700,3.700,3.702,3.704,3.706,3.702,-60.566,1842.000
3.301,3.299,3.301,3.304,3.304,3.303,3.298,3.700,3.703,3.706,3.700,3.702,3.704,3.703,-60.447,1843.000
3.301,3.305,3.303,3.302,3.305,3.305,3.300,3.705,3.699,3.703,3.704,3.702,3.699,3.701,-60.429,1844.000
3.302,3.300,3.303,3.306,3.301,3.302,3.305,3.708,3.703,3.706,3.708,3.698,3.700,3.698,-60.488,1845.000
3.295,3.301,3.304,3.308,3.305,3.306,3.296,3.702,3.702,3.699,3.699,3.700,3.697,3.697,-60.310,1846.000
3.304,3.307,3.308,3.303,3.308,3.300,3.305,3.702,3.701,3.704,3.702,3.706,3.702,3.704,-60.182,1847.000
3.305,3.305,3.306,3.308,3.307,3.305,3.312,3.706,3.706,3.706,3.707,3.705,3.701,3.699,-60.292,1848.000
3.307,3.313,3.311,3.303,3.305,3.304,3.309,3.702,3.699,3.709,3.701,3.704,3.708,3.708,-60.320,1849.000
3.302,3.307,3.308,3.299,3.306,3.309,3.304,3.703,3.704,3.706,3.705,3.702,3.704,3.702,-60.372,1850.000
3.304,3.304,3.308,3.304,3.307,3.305,3.304,3.698,3.707,3.705,3.699,3.706,3.700,3.701,-60.487,1851.000
3.310,3.307,3.307,3.310,3.307,3.305,3.311,3.699,3.697,3.703,3.700,3.700,3.698,3.710,-60.427,1852.000
3.306,3.303,3.311,3.307,3.305,3.309,3.311,3.708,3.702,3.702,3.702,3.701,3.699,3.706,-60.419,1853.000
3.304,3.304,3.303,3.309,3.305,3.304,3.304,3.703,3.710,3.694,3.706,3.695,3.701,3.697,-60.366,1854.000
3.300,3.308,3.307,3.306,3.306,3.308,3.309,3.704,3.704,3.704,3.704,3.702,3.701,3.704,-60.397,1855.000
3.303,3.310,3.303,3.303,3.306,3.312,3.308,3.697,3.700,3.699,3.696,3.700,3.703,3.700,-60.386,1856.000
3.306,3.297,3.297,3.305,3.304,3.305,3.310,3.704,3.705,3.703,3.704,3.700,3.697,3.696,-60.459,1857.000
3.306,3.304,3.304,3.304,3.305,3.304,3.303,3.705,3.705,3.704,3.703,3.694,3.701,3.703,-60.420,1858.000
3.306,3.307,3.305,3.308,3.305,3.310,3.301,3.703,3.701,3.702,3.707,3.696,3.703,3.704,-60.298,1859.000
3.299,3.303,3.303,3.309,3.306,3.310,3.308,3.705,3.703,3.701,3.706,3.699,3.700,3.699,-60.158,1860.000
3.312,3.313,3.307,3.305,3.306,3.309,3.307,3.702,3.704,3.703,3.707,3.705,3.708,3.708,-59.998,1861.000
3.303,3.311,3.306,3.301,3.304,3.306,3.312,3.704,3.703,3.700,3.707,3.705,3.702,3.703,-60.146,1862.000
3.310,3.312,3.308,3.308,3.305,3.316,3.304,3.698,3.703,3.701,3.699,3.705,3.697,3.700,-60.328,1863.000
3.305,3.305,3.309,3.306,3.310,3.307,3.306,3.701,3.702,3.706,3.700,3.704,3.696,3.705,-60.246,1864.000
3.311,3.312,3.312,3.312,3.306,3.307,3.308,3.700,3.700,3.703,3.700,3.704,3.705,3.704,-60.246,1865.000
3.303,3.309,3.310,3.308,3.303,3.305,3.305,3.703,3.704,3.700,3.700,3.701,3.701,3.706,-60.140,1866.000
3.313,3.309,3.311,3.306,3.309,3.314,3.308,3.699,3.699,3.697,3.703,3.703,3.696,3.697,-60.199,1867.000
3.302,3.309,3.310,3.306,3.307,3.305,3.307,3.696,3.700,3.697,3.700,3.692,3.699,3.704,-60.199,1868.000
3.309,3.308,3.306,3.306,3.307,3.299,3.305,3.708,3.698,3.701,3.699,3.699,3.700,3.703,-60.117,1869.000
3.308,3.309,3.314,3.307,3.307,3.305,3.305,3.704,3.705,3.706,3.694,3.702,3.703,3.697,-60.193,1870.000
3.306,3.312,3.307,3.305,3.305,3.309,3.306,3.703,3.703,3.701,3.703,3.703,3.702,3.695,-60.147,1871.000
3.309,3.310,3.311,3.307,3.313,3.309,3.314,3.702,3.707,3.706,3.703,3.701,3.696,3.701,-60.161,1872.000
3.314,3.312,3.311,3.314,3.310,3.314,3.308,3.705,3.711,3.706,3.712,3.707,3.709,3.705,-60.303,1873.000
3.315,3.312,3.316,3.312,3.311,3.310,3.314,3.716,3.706,3.711,3.705,3.705,3.708,3.707,-60.301,1874.000
3.311,3.309,3.318,3.311,3.311,3.311,3.317,3.708,3.712,3.703,3.707,3.710,3.705,3.702,-60.325,1875.000
3.315,3.311,3.310,3.312,3.315,3.309,3.310,3.710,3.707,3.709,3.711,3.706,3.694,3.714,-60.618,1876.000
3.310,3.314,3.308,3.317,3.311,3.314,3.311,3.706,3.709,3.713,3.712,3.710,3.713,3.707,-60.533,1877.000
3.309,3.313,3.308,3.307,3.310,3.312,3.315,3.705,3.707,3.708,3.705,3.705,3.707,3.708,-60.341,1878.000
3.315,3.313,3.309,3.317,3.313,3.311,3.308,3.701,3.705,3.701,3.705,3.699,3.710,3.704,-60.349,1879.000
3.311,3.308,3.310,3.313,3.310,3.309,3.308,3.706,3.698,3.707,3.706,3.696,3.706,3.706,-60.416,1880.000
3.304,3.307,3.311,3.310,3.314,3.312,3.309,3.702,3.710,3.705,3.706,3.706,3.703,3.708,-60.295,1881.000
3.309,3.308,3.309,3.307,3.311,3.312,3.310,3.707,3.708,3.705,3.704,3.705,3.700,3.698,-60.280,1882.000
3.310,3.312,3.308,3.303,3.313,3.308,3.308,3.703,3.702,3.706,3.707,3.709,3.707,3.709,-60.466,1883.000
3.308,3.317,3.314,3.311,3.304,3.312,3.312,3.701,3.704,3.702,3.704,3.696,3.701,3.696,-60.305,1884.000
3.310,3.313,3.308,3.313,3.307,3.312,3.310,3.704,3.699,3.706,3.703,3.706,3.703,3.708,-60.226,1885.000
3.310,3.304,3.310,3.306,3.304,3.305,3.313,3.703,3.703,3.703,3.701,3.698,3.699,3.702,-60.145,1886.000
3.309,3.308,3.313,3.307,3.316,3.311,3.308,3.701,3.707,3.707,3.702,3.699,3.694,3.707,-60.448,1887.000
3.310,3.308,3.310,3.312,3.305,3.309,3.313,3.704,3.705,3.699,3.698,3.701,3.705,3.705,-60.566,1888.000
3.313,3.314,3.311,3.310,3.313,3.308,3.315,3.705,3.708,3.703,3.710,3.706,3.704,3.707,-60.457,1889.000
3.310,3.315,3.311,3.320,3.310,3.316,3.308,3.704,3.704,3.705,3.706,3.709,3.706,3.709,-60.319,1890.000
3.315,3.315,3.320,3.315,3.317,3.316,3.322,3.706,3.709,3.707,3.706,3.708,3.708,3.711,-60.339,1891.000
3.316,3.314,3.316,3.314,3.311,3.312,3.323,3.707,3.702,3.706,3.704,3.712,3.714,3.713,-60.371,1892.000
3.309,3.315,3.313,3.311,3.316,3.318,3.312,3.708,3.707,3.711,3.711,3.712,3.711,3.704,-60.424,1893.000
3.318,3.319,3.317,3.314,3.315,3.320,3.317,3.709,3.719,3.706,3.714,3.705,3.709,3.708,-60.344,1894.000
3.316,3.310,3.313,3.317,3.323,3.318,3.318,3.711,3.710,3.703,3.705,3.711,3.708,3.708,-60.474,1895.000
3.316,3.312,3.314,3.319,3.313,3.319,3.312,3.708,3.710,3.709,3.709,3.710,3.708,3.709,-60.630,1896.000
3.318,3.323,3.316,3.316,3.313,3.316,3.317,3.711,3.701,3.713,3.709,3.707,3.707,3.711,-60.690,1897.000
3.310,3.320,3.316,3.314,3.309,3.319,3.313,3.709,3.714,3.711,3.719,3.716,3.718,3.709,-60.610,1898.000
3.312,3.310,3.311,3.311,3.316,3.314,3.318,3.712,3.706,3.710,3.709,3.715,3.710,3.714,-60.569,1899.000
3.317,3.320,3.313,3.320,3.317,3.320,3.313,3.712,3.718,3.703,3.715,3.711,3.710,3.706,-60.633,1900.000
3.315,3.318,3.315,3.314,3.315,3.311,3.314,3.708,3.711,3.706,3.715,3.711,3.709,3.711,-60.709,1901.000
3.314,3.319,3.316,3.311,3.321,3.321,3.321,3.714,3.709,3.715,3.714,3.716,3.710,3.706,-60.678,1902.000
3.318,3.314,3.316,3.313,3.312,3.311,3.313,3.716,3.711,3.714,3.706,3.714,3.710,3.713,-60.538,1903.000
3.323,3.315,3.319,3.312,3.317,3.310,3.319,3.707,3.706,3.712,3.715,3.714,3.714,3.715,-60.375,1904.000
3.314,3.317,3.315,3.315,3.316,3.310,3.318,3.712,3.713,3.708,3.715,3.708,3.714,3.710,-60.302,1905.000
3.311,3.315,3.310,3.317,3.306,3.314,3.316,3.706,3.709,3.713,3.714,3.707,3.708,3.709,-60.255,1906.000
3.311,3.308,3.317,3.311,3.314,3.310,3.310,3.712,3.713,3.714,3.712,3.707,3.709,3.703,-60.268,1907.000
3.307,3.311,3.315,3.315,3.317,3.303,3.310,3.708,3.708,3.710,3.712,3.713,3.709,3.709,-60.200,1908.000
3.313,3.312,3.311,3.313,3.320,3.311,3.311,3.711,3.707,3.708,3.714,3.714,3.714,3.711,-60.139,1909.000
3.312,3.314,3.310,3.310,3.312,3.313,3.314,3.710,3.708,3.713,3.713,3.712,3.710,3.709,-60.183,1910.000
3.312,3.310,3.308,3.308,3.312,3.310,3.317,3.714,3.713,3.712,3.709,3.710,3.709,3.708,-60.449,1911.000
3.310,3.307,3.309,3.312,3.317,3.315,3.312,3.710,3.703,3.713,3.706,3.710,3.717,3.715,-60.270,1912.000
3.308,3.317,3.311,3.315,3.312,3.316,3.314,3.710,3.715,3.713,3.721,3.706,3.708,3.712,-60.430,1913.000
3.314,3.312,3.312,3.315,3.315,3.319,3.315,3.713,3.713,3.715,3.713,3.713,3.717,3.708,-60.490,1914.000
3.313,3.319,3.315,3.316,3.313,3.319,3.313,3.718,3.715,3.713,3.713,3.714,3.712,3.710,-60.487,1915.000
3.316,3.318,3.317,3.322,3.312,3.313,3.320,3.714,3.720,3.716,3.717,3.709,3.718,3.718,-60.272,1916.000
3.318,3.311,3.316,3.321,3.319,3.314,3.320,3.717,3.711,3.709,3.713,3.715,3.713,3.716,-60.203,1917.000
3.319,3.319,3.314,3.314,3.319,3.318,3.313,3.717,3.716,3.713,3.718,3.714,3.720,3.713,-60.227,1918.000
3.314,3.314,3.315,3.312,3.320,3.314,3.315,3.717,3.717,3.721,3.716,3.713,3.713,3.716,-60.230,1919.000
3.312,3.311,3.318,3.319,3.312,3.312,3.315,3.712,3.715,3.716,3.718,3.717,3.713,3.716,-60.267,1920.000
3.318,3.316,3.320,3.315,3.317,3.318,3.314,3.720,3.717,3.716,3.704,3.711,3.712,3.715,-60.527,1921.000
3.314,3.311,3.317,3.314,3.313,3.314,3.318,3.711,3.716,3.713,3.715,3.712,3.713,3.713,-60.352,1922.000
3.316,3.317,3.316,3.316,3.313,3.318,3.317,3.715,3.712,3.711,3.712,3.710,3.716,3.709,-60.363,1923.000
3.310,3.310,3.313,3.315,3.315,3.312,3.309,3.709,3.708,3.717,3.709,3.716,3.713,3.711,-60.424,1924.000
3.317,3.313,3.314,3.317,3.311,3.310,3.316,3.710,3.714,3.710,3.710,3.709,3.708,3.710,-60.435,1925.000
3.310,3.313,3.313,3.312,3.316,3.314,3.315,3.706,3.705,3.710,3.707,3.707,3.710,3.712,-60.380,1926.000
3.320,3.318,3.305,3.319,3.310,3.317,3.310,3.705,3.717,3.712,3.715,3.710,3.708,3.713,-60.284,1927.000
3.310,3.313,3.310,3.311,3.314,3.317,3.318,3.711,3.709,3.712,3.706,3.712,3.706,3.707,-60.503,1928.000
3.319,3.316,3.318,3.315,3.313,3.311,3.317,3.716,3.712,3.711,3.712,3.708,3.711,3.705,-60.362,1929.000
3.319,3.310,3.311,3.313,3.313,3.313,3.316,3.713,3.714,3.709,3.706,3.700,3.701,3.702,-60.353,1930.000
3.318,3.312,3.316,3.315,3.314,3.314,3.317,3.710,3.710,3.710,3.707,3.713,3.710,3.716,-60.405,1931.000
3.317,3.315,3.310,3.314,3.317,3.307,3.320,3.717,3.718,3.717,3.714,3.706,3.713,3.706,-60.258,1932.000
3.316,3.317,3.316,3.310,3.311,3.322,3.319,3.716,3.709,3.719,3.718,3.716,3.714,3.716,-60.288,1933.000
3.312,3.318,3.317,3.321,3.319,3.313,3.316,3.717,3.715,3.716,3.708,3.716,3.713,3.713,-60.178,1934.000
3.317,3.319,3.318,3.311,3.314,3.317,3.318,3.707,3.712,3.707,3.711,3.716,3.717,3.718,-60.038,1935.000
3.319,3.319,3.313,3.317,3.314,3.318,3.321,3.716,3.717,3.719,3.715,3.713,3.713,3.714,-60.105,1936.000
3.321,3.317,3.314,3.326,3.318,3.322,3.320,3.717,3.712,3.714,3.716,3.721,3.712,3.716,-60.281,1937.000
3.318,3.319,3.326,3.325,3.319,3.320,3.325,3.713,3.716,3.714,3.716,3.717,3.715,3.712,-60.396,1938.000
3.321,3.318,3.312,3.322,3.322,3.315,3.315,3.715,3.714,3.720,3.722,3.714,3.719,3.717,-60.453,1939.000
3.318,3.318,3.314,3.322,3.316,3.312,3.317,3.711,3.711,3.719,3.718,3.714,3.716,3.711,-60.409,1940.000
3.319,3.314,3.321,3.320,3.322,3.319,3.318,3.716,3.719,3.710,3.712,3.715,3.710,3.714,-60.251,1941.000
3.324,3.316,3.320,3.322,3.317,3.314,3.319,3.712,3.713,3.719,3.717,3.714,3.717,3.709,-60.174,1942.000
3.316,3.315,3.317,3.325,3.320,3.326,3.320,3.717,3.719,3.711,3.708,3.711,3.715,3.717,-60.379,1943.000
3.312,3.315,3.314,3.316,3.314,3.313,3.321,3.713,3.720,3.715,3.710,3.713,3.716,3.715,-60.287,1944.000
3.321,3.315,3.316,3.316,3.315,3.313,3.315,3.714,3.724,3.715,3.715,3.717,3.714,3.716,-60.445,1945.000
3.312,3.317,3.321,3.314,3.314,3.320,3.312,3.716,3.719,3.717,3.714,3.710,3.708,3.712,-60.530,1946.000
3.319,3.315,3.317,3.316,3.316,3.317,3.320,3.707,3.717,3.708,3.713,3.713,3.715,3.716,-60.672,1947.000
3.321,3.311,3.314,3.311,3.324,3.321,3.316,3.713,3.712,3.711,3.709,3.710,3.708,3.712,-60.707,1948.000
3.316,3.315,3.315,3.317,3.315,3.318,3.311,3.714,3.711,3.715,3.716,3.718,3.717,3.714,-60.570,1949.000
3.313,3.315,3.314,3.316,3.315,3.316,3.314,3.719,3.708,3.708,3.714,3.712,3.715,3.712,-60.570,1950.000
3.314,3.316,3.324,3.310,3.314,3.319,3.323,3.718,3.707,3.713,3.715,3.717,3.716,3.716,-60.516,1951.000
3.315,3.314,3.317,3.316,3.313,3.314,3.313,3.716,3.708,3.711,3.714,3.709,3.707,3.714,-60.508,1952.000
3.315,3.321,3.316,3.317,3.311,3.315,3.316,3.712,3.712,3.713,3.711,3.713,3.715,3.710,-60.411,1953.000
3.313,3.312,3.319,3.318,3.312,3.311,3.312,3.708,3.710,3.716,3.716,3.709,3.711,3.715,-60.350,1954.000
3.310,3.314,3.311,3.317,3.307,3.310,3.313,3.706,3.708,3.709,3.707,3.709,3.708,3.708,-60.227,1955.000
3.313,3.312,3.311,3.311,3.303,3.309,3.306,3.708,3.704,3.705,3.710,3.704,3.715,3.711,-60.308,1956.000
3.314,3.311,3.314,3.309,3.312,3.321,3.314,3.716,3.709,3.708,3.711,3.709,3.713,3.707,-60.246,1957.000
3.314,3.322,3.317,3.314,3.317,3.310,3.315,3.711,3.708,3.712,3.712,3.710,3.713,3.716,-60.254,1958.000
3.316,3.315,3.321,3.318,3.313,3.324,3.313,3.710,3.717,3.715,3.714,3.718,3.713,3.715,-60.166,1959.000
3.316,3.320,3.317,3.318,3.315,3.314,3.317,3.714,3.713,3.722,3.720,3.712,3.709,3.714,-60.214,1960.000
3.322,3.321,3.311,3.312,3.317,3.318,3.317,3.717,3.718,3.713,3.715,3.713,3.717,3.716,-60.295,1961.000
3.319,3.318,3.317,3.322,3.317,3.315,3.322,3.715,3.717,3.719,3.716,3.718,3.712,3.718,-60.295,1962.000
3.310,3.312,3.316,3.315,3.311,3.317,3.317,3.720,3.715,3.714,3.710,3.710,3.709,3.712,-60.286,1963.000
3.319,3.315,3.311,3.318,3.317,3.313,3.310,3.715,3.712,3.714,3.708,3.713,3.708,3.711,-60.201,1964.000
3.316,3.316,3.311,3.321,3.311,3.311,3.314,3.705,3.705,3.713,3.712,3.710,3.712,3.714,-60.193,1965.000
3.313,3.313,3.309,3.316,3.309,3.313,3.321,3.712,3.708,3.707,3.712,3.710,3.708,3.713,-60.177,1966.000
3.318,3.312,3.314,3.316,3.313,3.312,3.311,3.712,3.709,3.709,3.708,3.707,3.712,3.711,-60.350,1967.000
3.313,3.312,3.314,3.311,3.312,3.315,3.314,3.714,3.712,3.710,3.707,3.706,3.712,3.708,-60.514,1968.000
3.315,3.317,3.315,3.320,3.315,3.309,3.313,3.710,3.711,3.707,3.713,3.710,3.713,3.708,-60.501,1969.000
3.310,3.313,3.310,3.313,3.311,3.316,3.309,3.704,3.714,3.716,3.703,3.709,3.713,3.711,-60.403,1970.000
3.316,3.317,3.310,3.319,3.315,3.313,3.318,3.711,3.712,3.705,3.709,3.702,3.712,3.713,-60.480,1971.000
3.321,3.315,3.316,3.313,3.316,3.315,3.313,3.713,3.712,3.717,3.710,3.706,3.704,3.712,-60.479,1972.000
3.322,3.319,3.320,3.316,3.314,3.315,3.311,3.711,3.711,3.712,3.711,3.711,3.713,3.707,-60.317,1973.000
3.312,3.314,3.317,3.317,3.316,3.316,3.314,3.713,3.712,3.705,3.709,3.712,3.713,3.710,-60.356,1974.000
3.316,3.319,3.325,3.323,3.312,3.316,3.316,3.712,3.711,3.713,3.711,3.710,3.711,3.716,-60.306,1975.000
3.316,3.311,3.316,3.323,3.315,3.312,3.314,3.714,3.714,3.712,3.715,3.713,3.718,3.708,-60.307,1976.000
3.314,3.318,3.316,3.326,3.319,3.326,3.321,3.714,3.710,3.711,3.713,3.709,3.712,3.714,-60.405,1977.000
3.323,3.320,3.316,3.315,3.316,3.321,3.319,3.715,3.710,3.712,3.711,3.712,3.715,3.713,-60.390,1978.000
3.317,3.319,3.322,3.314,3.318,3.317,3.319,3.712,3.715,3.710,3.707,3.711,3.718,3.715,-60.469,1979.000
3.313,3.317,3.317,3.312,3.320,3.312,3.320,3.716,3.717,3.717,3.715,3.714,3.716,3.706,-60.572,1980.000
3.322,3.316,3.318,3.315,3.319,3.320,3.316,3.716,3.715,3.708,3.710,3.706,3.713,3.706,-60.470,1981.000
3.311,3.324,3.318,3.321,3.315,3.323,3.318,3.710,3.709,3.710,3.701,3.712,3.709,3.712,-60.470,1982.000
3.321,3.320,3.319,3.320,3.321,3.314,3.317,3.720,3.714,3.715,3.702,3.710,3.714,3.711,-60.335,1983.000
3.314,3.316,3.324,3.317,3.315,3.317,3.318,3.714,3.713,3.712,3.710,3.714,3.716,3.719,-60.317,1984.000
3.316,3.315,3.315,3.321,3.317,3.320,3.327,3.709,3.714,3.712,3.709,3.713,3.716,3.719,-60.317,1985.000
3.312,3.324,3.319,3.320,3.315,3.324,3.319,3.709,3.716,3.712,3.720,3.706,3.712,3.712,-60.345,1986.000
3.321,3.319,3.319,3.322,3.321,3.317,3.321,3.711,3.713,3.717,3.713,3.713,3.717,3.712,-60.487,1987.000
3.324,3.326,3.316,3.321,3.320,3.321,3.324,3.713,3.713,3.711,3.714,3.715,3.722,3.711,-60.498,1988.000
3.317,3.321,3.323,3.324,3.323,3.322,3.317,3.713,3.718,3.715,3.718,3.712,3.713,3.714,-60.433,1989.000
3.322,3.321,3.318,3.328,3.323,3.324,3.316,3.712,3.713,3.717,3.715,3.714,3.715,3.713,-60.543,1990.000
3.323,3.319,3.323,3.321,3.324,3.331,3.324,3.712,3.715,3.709,3.714,3.716,3.718,3.718,-60.444,1991.000
3.326,3.327,3.328,3.320,3.326,3.319,3.326,3.718,3.717,3.715,3.716,3.721,3.723,3.719,-60.341,1992.000
3.317,3.328,3.325,3.328,3.322,3.325,3.321,3.719,3.724,3.726,3.716,3.719,3.721,3.712,-60.397,1993.000
3.327,3.323,3.325,3.323,3.323,3.320,3.325,3.717,3.718,3.722,3.718,3.722,3.713,3.714,-60.720,1994.000
3.323,3.327,3.329,3.323,3.320,3.325,3.322,3.718,3.721,3.717,3.708,3.713,3.717,3.714,-60.509,1995.000
3.331,3.326,3.325,3.329,3.326,3.330,3.328,3.725,3.726,3.718,3.714,3.719,3.719,3.716,-60.398,1996.000
3.322,3.328,3.326,3.322,3.327,3.327,3.329,3.722,3.717,3.720,3.717,3.716,3.719,3.724,-60.230,1997.000
3.325,3.327,3.329,3.329,3.331,3.322,3.326,3.719,3.720,3.724,3.718,3.722,3.724,3.721,-60.142,1998.000
3.328,3.328,3.326,3.331,3.327,3.327,3.321,3.729,3.725,3.724,3.721,3.719,3.716,3.723,-60.225,1999.000
3.329,3.328,3.327,3.329,3.326,3.329,3.335,3.725,3.723,3.725,3.720,3.725,3.724,3.722,-60.232,2000.000
3.329,3.322,3.332,3.322,3.327,3.332,3.337,3.723,3.722,3.720,3.719,3.727,3.726,3.730,-60.450,2001.000
3.331,3.330,3.332,3.334,3.331,3.329,3.328,3.717,3.721,3.721,3.717,3.720,3.723,3.723,-60.395,2002.000
3.329,3.334,3.334,3.329,3.333,3.329,3.329,3.729,3.726,3.716,3.716,3.716,3.720,3.727,-60.413,2003.000
3.332,3.329,3.327,3.324,3.329,3.325,3.327,3.720,3.723,3.720,3.724,3.723,3.720,3.723,-60.413,2004.000
3.333,3.327,3.330,3.327,3.326,3.331,3.336,3.725,3.719,3.723,3.721,3.722,3.722,3.722,-60.272,2005.000
3.324,3.326,3.330,3.332,3.333,3.325,3.328,3.730,3.718,3.715,3.718,3.722,3.726,3.722,-60.415,2006.000
3.324,3.330,3.328,3.327,3.325,3.330,3.332,3.721,3.722,3.721,3.719,3.725,3.719,3.721,-60.411,2007.000
3.333,3.333,3.332,3.331,3.327,3.322,3.328,3.718,3.717,3.721,3.719,3.716,3.722,3.727,-60.297,2008.000
3.334,3.332,3.328,3.331,3.330,3.332,3.329,3.720,3.718,3.723,3.719,3.720,3.717,3.719,-60.419,2009.000
3.321,3.332,3.329,3.329,3.329,3.330,3.332,3.719,3.720,3.725,3.721,3.718,3.722,3.722,-60.365,2010.000
3.326,3.330,3.330,3.329,3.326,3.332,3.329,3.720,3.725,3.721,3.720,3.715,3.720,3.716,-60.405,2011.000
3.327,3.331,3.324,3.327,3.331,3.328,3.328,3.720,3.721,3.727,3.725,3.724,3.720,3.723,-60.407,2012.000
3.320,3.322,3.326,3.330,3.327,3.327,3.324,3.722,3.716,3.719,3.711,3.715,3.719,3.718,-60.538,2013.000
3.324,3.326,3.331,3.332,3.332,3.327,3.335,3.723,3.716,3.723,3.727,3.718,3.710,3.717,-60.472,2014.000
3.327,3.332,3.328,3.330,3.321,3.329,3.325,3.718,3.716,3.722,3.723,3.720,3.722,3.716,-60.658,2015.000
3.333,3.328,3.324,3.332,3.324,3.330,3.335,3.725,3.716,3.717,3.719,3.720,3.722,3.717,-60.658,2016.000
3.332,3.332,3.329,3.334,3.330,3.328,3.325,3.721,3.717,3.722,3.726,3.715,3.720,3.728,-60.608,2017.000
3.330,3.332,3.332,3.326,3.324,3.329,3.328,3.725,3.724,3.727,3.717,3.716,3.725,3.730,-60.521,2018.000
3.331,3.336,3.331,3.330,3.334,3.329,3.334,3.719,3.722,3.719,3.728,3.723,3.723,3.729,-60.521,2019.000
3.331,3.329,3.330,3.331,3.328,3.327,3.326,3.724,3.725,3.728,3.714,3.719,3.719,3.719,-60.596,2020.000
3.328,3.333,3.330,3.330,3.326,3.333,3.331,3.725,3.720,3.724,3.725,3.731,3.730,3.730,-60.608,2021.000
3.331,3.330,3.327,3.335,3.328,3.324,3.327,3.725,3.725,3.726,3.728,3.723,3.725,3.725,-60.608,2022.000
3.332,3.328,3.330,3.334,3.334,3.329,3.331,3.727,3.729,3.722,3.722,3.721,3.722,3.725,-60.484,2023.000
3.327,3.332,3.331,3.333,3.329,3.324,3.324,3.719,3.720,3.722,3.722,3.728,3.726,3.720,-60.489,2024.000
3.328,3.336,3.332,3.326,3.335,3.332,3.328,3.719,3.720,3.717,3.725,3.723,3.724,3.717,-60.489,2025.000
3.327,3.325,3.334,3.329,3.327,3.323,3.325,3.714,3.722,3.723,3.722,3.724,3.717,3.724,-60.492,2026.000
3.328,3.328,3.327,3.335,3.324,3.325,3.324,3.718,3.717,3.718,3.717,3.716,3.717,3.715,-60.499,2027.000
3.330,3.322,3.330,3.330,3.329,3.322,3.330,3.724,3.716,3.713,3.714,3.720,3.716,3.718,-60.499,2028.000
3.327,3.328,3.323,3.319,3.324,3.329,3.327,3.719,3.716,3.714,3.720,3.718,3.719,3.717,-60.569,2029.000
3.326,3.322,3.325,3.325,3.321,3.325,3.328,3.714,3.718,3.722,3.721,3.714,3.714,3.713,-60.741,2030.000
3.316,3.325,3.329,3.321,3.321,3.323,3.322,3.717,3.717,3.720,3.714,3.717,3.712,3.716,-60.722,2031.000
3.324,3.323,3.324,3.324,3.324,3.319,3.321,3.713,3.713,3.718,3.719,3.716,3.716,3.715,-60.722,2032.000
3.326,3.321,3.326,3.322,3.324,3.319,3.327,3.718,3.715,3.712,3.715,3.711,3.714,3.717,-60.650,2033.000
3.321,3.325,3.319,3.320,3.316,3.319,3.325,3.712,3.712,3.713,3.717,3.714,3.716,3.720,-60.556,2034.000
3.323,3.319,3.321,3.318,3.321,3.321,3.324,3.719,3.720,3.712,3.712,3.716,3.712,3.710,-60.556,2035.000
3.323,3.318,3.322,3.320,3.326,3.319,3.323,3.713,3.711,3.713,3.704,3.713,3.707,3.712,-60.489,2036.000
3.324,3.323,3.324,3.319,3.322,3.319,3.319,3.712,3.712,3.710,3.713,3.716,3.713,3.713,-60.503,2037.000
3.328,3.322,3.322,3.324,3.322,3.312,3.322,3.714,3.714,3.712,3.715,3.716,3.714,3.715,-60.527,2038.000
3.321,3.324,3.324,3.327,3.323,3.321,3.322,3.721,3.718,3.718,3.718,3.714,3.711,3.711,-60.382,2039.000
3.328,3.324,3.326,3.329,3.318,3.323,3.319,3.719,3.708,3.722,3.722,3.715,3.714,3.713,-60.455,2040.000
3.324,3.326,3.319,3.323,3.320,3.320,3.323,3.719,3.723,3.718,3.719,3.713,3.713,3.715,-60.509,2041.000
3.322,3.324,3.322,3.319,3.325,3.322,3.321,3.716,3.712,3.716,3.711,3.712,3.721,3.720,-60.414,2042.000
3.327,3.322,3.323,3.329,3.328,3.319,3.322,3.712,3.719,3.714,3.715,3.715,3.721,3.719,-60.579,2043.000
3.326,3.328,3.322,3.325,3.326,3.323,3.315,3.716,3.717,3.713,3.714,3.712,3.716,3.717,-60.570,2044.000
3.320,3.322,3.323,3.319,3.319,3.319,3.323,3.716,3.711,3.711,3.711,3.714,3.712,3.720,-60.709,2045.000
3.326,3.323,3.320,3.321,3.325,3.319,3.322,3.720,3.715,3.719,3.714,3.715,3.714,3.719,-60.742,2046.000
3.325,3.327,3.318,3.323,3.327,3.332,3.323,3.715,3.717,3.716,3.715,3.719,3.719,3.721,-60.767,2047.000
3.320,3.321,3.323,3.332,3.329,3.321,3.329,3.718,3.715,3.719,3.721,3.718,3.715,3.714,-60.850,2048.000
3.317,3.330,3.324,3.322,3.324,3.327,3.324,3.714,3.713,3.717,3.718,3.710,3.717,3.714,-60.630,2049.000
3.326,3.322,3.329,3.328,3.327,3.325,3.328,3.717,3.721,3.722,3.724,3.716,3.720,3.712,-60.610,2050.000
3.325,3.329,3.322,3.327,3.321,3.323,3.320,3.720,3.718,3.720,3.717,3.717,3.709,3.716,-60.610,2051.000
3.323,3.322,3.326,3.330,3.320,3.326,3.323,3.720,3.722,3.715,3.714,3.719,3.715,3.715,-60.667,2052.000
3.329,3.326,3.325,3.325,3.323,3.325,3.323,3.719,3.723,3.716,3.716,3.718,3.716,3.718,-60.841,2053.000
3.326,3.328,3.330,3.328,3.329,3.325,3.327,3.719,3.717,3.716,3.712,3.715,3.718,3.715,-60.641,2054.000
3.327,3.330,3.323,3.329,3.322,3.324,3.325,3.720,3.722,3.725,3.730,3.721,3.720,3.717,-60.688,2055.000
3.326,3.326,3.328,3.329,3.323,3.328,3.326,3.720,3.716,3.717,3.717,3.721,3.723,3.721,-60.644,2056.000
3.334,3.326,3.326,3.324,3.328,3.327,3.323,3.715,3.715,3.714,3.716,3.722,3.719,3.721,-60.634,2057.000
3.332,3.331,3.334,3.330,3.330,3.325,3.331,3.721,3.723,3.718,3.721,3.722,3.727,3.722,-60.505,2058.000
3.328,3.326,3.324,3.326,3.331,3.330,3.325,3.723,3.717,3.721,3.721,3.722,3.725,3.719,-60.535,2059.000
3.332,3.328,3.327,3.324,3.327,3.332,3.330,3.715,3.714,3.718,3.715,3.717,3.718,3.717,-60.298,2060.000
3.323,3.331,3.322,3.329,3.327,3.325,3.327,3.719,3.721,3.716,3.723,3.720,3.721,3.718,-60.403,2061.000
3.329,3.331,3.324,3.322,3.330,3.323,3.325,3.715,3.717,3.712,3.711,3.714,3.714,3.712,-60.256,2062.000
3.330,3.328,3.322,3.333,3.326,3.330,3.327,3.717,3.715,3.713,3.720,3.716,3.720,3.713,-60.298,2063.000
3.327,3.325,3.331,3.327,3.331,3.330,3.328,3.718,3.714,3.718,3.713,3.717,3.723,3.711,-60.371,2064.000
3.328,3.332,3.332,3.328,3.331,3.328,3.331,3.724,3.724,3.714,3.716,3.714,3.715,3.715,-60.323,2065.000
3.324,3.331,3.324,3.327,3.328,3.321,3.320,3.710,3.714,3.714,3.713,3.721,3.717,3.713,-60.443,2066.000
3.327,3.321,3.324,3.324,3.330,3.322,3.324,3.712,3.715,3.717,3.721,3.716,3.717,3.713,-60.465,2067.000
3.331,3.319,3.323,3.321,3.319,3.330,3.321,3.716,3.709,3.717,3.716,3.716,3.718,3.715,-60.486,2068.000
3.332,3.325,3.325,3.324,3.329,3.321,3.328,3.717,3.712,3.719,3.716,3.719,3.718,3.716,-60.343,2069.000
3.326,3.325,3.329,3.324,3.330,3.322,3.325,3.714,3.724,3.720,3.723,3.714,3.711,3.711,-60.341,2070.000
3.328,3.321,3.327,3.330,3.327,3.326,3.325,3.710,3.707,3.712,3.718,3.720,3.721,3.713,-60.307,2071.000
3.327,3.326,3.327,3.328,3.331,3.323,3.329,3.716,3.715,3.716,3.715,3.720,3.717,3.722,-60.307,2072.000
3.332,3.331,3.330,3.330,3.324,3.329,3.326,3.713,3.718,3.717,3.720,3.712,3.713,3.712,-60.225,2073.000
3.332,3.328,3.328,3.327,3.329,3.335,3.336,3.725,3.720,3.718,3.716,3.718,3.717,3.719,-60.168,2074.000
3.336,3.324,3.329,3.328,3.335,3.334,3.329,3.719,3.722,3.720,3.719,3.721,3.716,3.719,-60.207,2075.000
3.334,3.330,3.330,3.330,3.329,3.331,3.329,3.715,3.722,3.723,3.721,3.723,3.723,3.717,-60.235,2076.000
3.327,3.330,3.329,3.335,3.331,3.329,3.327,3.716,3.723,3.721,3.723,3.724,3.723,3.724,-60.289,2077.000
3.330,3.331,3.333,3.324,3.329,3.332,3.328,3.723,3.724,3.720,3.726,3.717,3.721,3.724,-60.371,2078.000
3.329,3.324,3.326,3.329,3.324,3.326,3.327,3.718,3.717,3.726,3.725,3.723,3.723,3.721,-60.528,2079.000
3.328,3.331,3.332,3.330,3.324,3.323,3.327,3.724,3.722,3.728,3.720,3.724,3.719,3.723,-60.524,2080.000
3.330,3.324,3.331,3.330,3.329,3.325,3.326,3.722,3.721,3.717,3.719,3.720,3.723,3.725,-60.426,2081.000
3.337,3.326,3.332,3.333,3.328,3.327,3.330,3.713,3.722,3.724,3.721,3.722,3.717,3.723,-60.534,2082.000
3.332,3.331,3.327,3.334,3.329,3.327,3.324,3.719,3.721,3.721,3.713,3.715,3.718,3.721,-60.616,2083.000
3.328,3.323,3.328,3.326,3.326,3.324,3.331,3.719,3.720,3.723,3.715,3.717,3.712,3.718,-60.553,2084.000
3.323,3.327,3.327,3.324,3.325,3.325,3.327,3.720,3.719,3.722,3.717,3.721,3.719,3.725,-60.354,2085.000
3.325,3.332,3.330,3.331,3.334,3.329,3.331,3.720,3.720,3.719,3.719,3.723,3.725,3.719,-60.410,2086.000
3.329,3.327,3.328,3.326,3.335,3.330,3.334,3.719,3.720,3.720,3.714,3.715,3.715,3.718,-60.343,2087.000
3.329,3.330,3.332,3.329,3.327,3.331,3.326,3.718,3.719,3.711,3.721,3.724,3.723,3.723,-60.374,2088.000
3.328,3.328,3.328,3.330,3.329,3.323,3.325,3.722,3.719,3.725,3.720,3.722,3.720,3.722,-60.259,2089.000
3.329,3.326,3.329,3.328,3.330,3.329,3.336,3.723,3.720,3.726,3.725,3.719,3.718,3.718,-60.204,2090.000
3.333,3.327,3.329,3.329,3.330,3.324,3.323,3.719,3.720,3.723,3.721,3.724,3.722,3.722,-60.294,2091.000
3.333,3.330,3.332,3.328,3.325,3.325,3.326,3.713,3.716,3.722,3.722,3.721,3.722,3.724,-60.237,2092.000
3.333,3.325,3.332,3.329,3.329,3.330,3.328,3.717,3.723,3.723,3.719,3.716,3.715,3.713,-60.510,2093.000
3.334,3.334,3.329,3.333,3.335,3.328,3.328,3.719,3.717,3.715,3.718,3.717,3.722,3.717,-60.365,2094.000
3.329,3.334,3.322,3.327,3.329,3.327,3.327,3.721,3.728,3.721,3.718,3.718,3.719,3.725,-60.451,2095.000
3.328,3.332,3.332,3.332,3.334,3.330,3.330,3.719,3.721,3.715,3.720,3.724,3.717,3.719,-60.509,2096.000
3.329,3.327,3.330,3.328,3.327,3.325,3.331,3.727,3.730,3.725,3.719,3.714,3.723,3.715,-60.529,2097.000
3.326,3.329,3.325,3.333,3.327,3.326,3.327,3.719,3.719,3.716,3.718,3.714,3.721,3.715,-60.679,2098.000
3.326,3.328,3.321,3.326,3.324,3.328,3.323,3.712,3.717,3.721,3.716,3.720,3.716,3.720,-60.696,2099.000
3.325,3.324,3.326,3.329,3.330,3.322,3.324,3.725,3.720,3.715,3.716,3.715,3.717,3.717,-60.500,2100.000
3.322,3.319,3.322,3.326,3.322,3.326,3.324,3.719,3.717,3.721,3.714,3.714,3.715,3.726,-60.420,2101.000
3.324,3.324,3.322,3.329,3.325,3.322,3.327,3.718,3.715,3.716,3.718,3.720,3.714,3.716,-60.427,2102.000
3.326,3.329,3.323,3.324,3.326,3.327,3.325,3.713,3.718,3.722,3.713,3.714,3.711,3.718,-60.351,2103.000
3.325,3.328,3.327,3.320,3.324,3.325,3.327,3.718,3.720,3.717,3.717,3.718,3.714,3.718,-60.516,2104.000
3.328,3.323,3.321,3.325,3.323,3.327,3.323,3.715,3.717,3.711,3.714,3.712,3.719,3.711,-60.551,2105.000
3.333,3.329,3.325,3.320,3.327,3.324,3.326,3.718,3.717,3.716,3.720,3.711,3.724,3.723,-60.330,2106.000
3.330,3.322,3.327,3.326,3.328,3.321,3.326,3.719,3.715,3.719,3.720,3.717,3.718,3.715,-60.286,2107.000
3.326,3.322,3.322,3.330,3.328,3.326,3.331,3.714,3.715,3.718,3.719,3.723,3.716,3.712,-60.283,2108.000
3.326,3.324,3.327,3.324,3.329,3.327,3.323,3.718,3.728,3.723,3.716,3.718,3.724,3.718,-60.477,2109.000
3.327,3.327,3.333,3.330,3.333,3.325,3.329,3.719,3.723,3.723,3.723,3.721,3.721,3.713,-60.466,2110.000
3.324,3.331,3.326,3.331,3.326,3.329,3.327,3.719,3.716,3.726,3.718,3.723,3.717,3.722,-60.443,2111.000
3.327,3.332,3.328,3.323,3.326,3.328,3.325,3.722,3.724,3.727,3.726,3.721,3.723,3.717,-60.470,2112.000
3.334,3.325,3.330,3.329,3.326,3.333,3.327,3.722,3.723,3.723,3.726,3.729,3.723,3.723,-60.416,2113.000
3.337,3.331,3.335,3.334,3.333,3.330,3.332,3.726,3.726,3.726,3.720,3.719,3.722,3.717,-60.399,2114.000
3.330,3.336,3.329,3.331,3.336,3.335,3.329,3.729,3.725,3.725,3.723,3.720,3.726,3.731,-60.463,2115.000
3.335,3.331,3.330,3.331,3.332,3.336,3.329,3.727,3.726,3.725,3.724,3.727,3.724,3.726,-60.593,2116.000
3.337,3.334,3.334,3.325,3.329,3.330,3.331,3.724,3.726,3.726,3.725,3.726,3.723,3.724,-60.644,2117.000
3.334,3.330,3.339,3.339,3.333,3.330,3.333,3.726,3.727,3.725,3.728,3.730,3.727,3.727,-60.648,2118.000
3.326,3.333,3.336,3.336,3.330,3.338,3.337,3.727,3.720,3.725,3.722,3.723,3.725,3.725,-60.599,2119.000
3.333,3.336,3.336,3.337,3.335,3.337,3.336,3.726,3.727,3.724,3.728,3.726,3.720,3.728,-60.425,2120.000
3.338,3.333,3.334,3.336,3.335,3.334,3.339,3.729,3.724,3.727,3.727,3.726,3.733,3.735,-60.500,2121.000
3.332,3.338,3.334,3.337,3.337,3.335,3.333,3.727,3.727,3.729,3.730,3.731,3.730,3.724,-60.410,2122.000
3.336,3.336,3.334,3.335,3.337,3.331,3.332,3.726,3.724,3.727,3.730,3.732,3.735,3.727,-60.166,2123.000
3.339,3.330,3.335,3.334,3.336,3.332,3.327,3.727,3.728,3.730,3.726,3.725,3.729,3.724,-60.247,2124.000
3.332,3.326,3.329,3.327,3.335,3.336,3.332,3.720,3.725,3.720,3.726,3.727,3.727,3.722,-60.359,2125.000
3.333,3.332,3.328,3.330,3.326,3.324,3.325,3.729,3.721,3.718,3.729,3.722,3.723,3.724,-60.301,2126.000
3.334,3.335,3.327,3.329,3.326,3.326,3.328,3.720,3.718,3.725,3.720,3.727,3.721,3.725,-60.224,2127.000
3.332,3.333,3.337,3.330,3.328,3.329,3.330,3.720,3.723,3.730,3.717,3.720,3.722,3.731,-60.285,2128.000
3.327,3.328,3.325,3.330,3.327,3.335,3.330,3.725,3.719,3.716,3.723,3.716,3.720,3.723,-60.279,2129.000
3.322,3.327,3.322,3.324,3.328,3.325,3.326,3.718,3.716,3.718,3.721,3.717,3.722,3.720,-60.468,2130.000
3.331,3.332,3.326,3.324,3.323,3.324,3.327,3.719,3.720,3.719,3.724,3.722,3.721,3.717,-60.484,2131.000
3.329,3.319,3.329,3.331,3.318,3.324,3.326,3.727,3.719,3.717,3.715,3.719,3.719,3.720,-60.490,2132.000
3.330,3.324,3.323,3.330,3.329,3.320,3.323,3.729,3.722,3.724,3.724,3.720,3.723,3.725,-60.483,2133.000
3.329,3.327,3.323,3.329,3.327,3.328,3.326,3.720,3.714,3.716,3.720,3.721,3.719,3.716,-60.415,2134.000
3.331,3.339,3.328,3.326,3.327,3.322,3.327,3.720,3.719,3.717,3.720,3.723,3.727,3.723,-60.359,2135.000
3.328,3.334,3.331,3.325,3.325,3.332,3.333,3.726,3.724,3.720,3.727,3.725,3.722,3.724,-60.437,2136.000
3.332,3.335,3.329,3.328,3.333,3.328,3.326,3.726,3.727,3.722,3.723,3.721,3.721,3.721,-60.404,2137.000
3.332,3.330,3.334,3.326,3.329,3.335,3.334,3.731,3.725,3.726,3.720,3.721,3.721,3.721,-60.501,2138.000
3.329,3.333,3.334,3.333,3.333,3.336,3.327,3.724,3.728,3.726,3.724,3.727,3.727,3.729,-60.533,2139.000
3.337,3.325,3.336,3.334,3.332,3.328,3.328,3.728,3.725,3.729,3.727,3.724,3.728,3.725,-60.542,2140.000
3.332,3.335,3.336,3.340,3.337,3.339,3.335,3.724,3.725,3.729,3.727,3.729,3.726,3.721,-60.481,2141.000
3.331,3.340,3.332,3.328,3.330,3.334,3.333,3.730,3.725,3.721,3.725,3.731,3.729,3.728,-60.462,2142.000
3.335,3.335,3.327,3.341,3.331,3.334,3.332,3.728,3.731,3.728,3.727,3.723,3.733,3.725,-60.450,2143.000
3.339,3.339,3.335,3.340,3.336,3.335,3.333,3.724,3.724,3.729,3.723,3.724,3.723,3.725,-60.421,2144.000
3.341,3.328,3.333,3.334,3.338,3.333,3.334,3.730,3.731,3.736,3.727,3.727,3.724,3.729,-60.537,2145.000
3.337,3.348,3.337,3.338,3.338,3.339,3.342,3.731,3.731,3.734,3.725,3.729,3.732,3.729,-60.526,2146.000
3.335,3.342,3.340,3.337,3.336,3.342,3.334,3.729,3.732,3.723,3.727,3.734,3.729,3.733,-60.509,2147.000
3.337,3.338,3.333,3.340,3.341,3.341,3.333,3.734,3.729,3.737,3.730,3.736,3.730,3.729,-60.448,2148.000
3.340,3.346,3.339,3.346,3.342,3.341,3.339,3.731,3.733,3.735,3.731,3.735,3.728,3.730,-60.336,2149.000
3.344,3.341,3.344,3.339,3.338,3.342,3.340,3.730,3.741,3.736,3.734,3.730,3.734,3.733,-60.288,2150.000
3.344,3.338,3.343,3.343,3.344,3.339,3.342,3.727,3.730,3.734,3.729,3.737,3.732,3.729,-60.341,2151.000
3.341,3.339,3.337,3.340,3.334,3.338,3.335,3.734,3.735,3.730,3.738,3.736,3.740,3.730,-60.347,2152.000
3.346,3.344,3.341,3.336,3.344,3.340,3.342,3.736,3.737,3.736,3.738,3.735,3.730,3.733,-60.372,2153.000
3.347,3.343,3.341,3.345,3.344,3.337,3.342,3.734,3.732,3.727,3.733,3.734,3.739,3.733,-60.452,2154.000
3.340,3.340,3.339,3.341,3.344,3.340,3.338,3.735,3.733,3.732,3.732,3.735,3.737,3.731,-60.452,2155.000
3.337,3.342,3.347,3.336,3.343,3.341,3.341,3.734,3.735,3.735,3.730,3.735,3.738,3.736,-60.325,2156.000
3.344,3.343,3.342,3.334,3.343,3.340,3.335,3.737,3.736,3.735,3.728,3.728,3.725,3.732,-60.457,2157.000
3.341,3.337,3.336,3.345,3.336,3.340,3.334,3.725,3.734,3.735,3.728,3.730,3.730,3.731,-60.491,2158.000
3.343,3.338,3.334,3.334,3.334,3.338,3.339,3.731,3.734,3.729,3.736,3.729,3.732,3.736,-60.557,2159.000
3.334,3.338,3.339,3.340,3.334,3.341,3.340,3.728,3.729,3.733,3.734,3.738,3.734,3.729,-60.618,2160.000
3.336,3.336,3.336,3.334,3.337,3.344,3.336,3.728,3.731,3.730,3.734,3.731,3.727,3.730,-60.738,2161.000
3.332,3.331,3.336,3.336,3.335,3.337,3.334,3.732,3.731,3.727,3.726,3.721,3.726,3.725,-60.741,2162.000
3.339,3.338,3.333,3.334,3.332,3.333,3.331,3.725,3.727,3.731,3.725,3.726,3.730,3.724,-60.640,2163.000
3.334,3.327,3.329,3.328,3.335,3.334,3.335,3.729,3.727,3.724,3.721,3.726,3.721,3.723,-60.579,2164.000
3.332,3.329,3.333,3.331,3.334,3.331,3.331,3.724,3.729,3.728,3.722,3.728,3.722,3.723,-60.729,2165.000
3.327,3.325,3.329,3.325,3.329,3.333,3.324,3.724,3.723,3.722,3.722,3.721,3.723,3.725,-60.486,2166.000
3.327,3.321,3.334,3.325,3.327,3.331,3.326,3.717,3.721,3.720,3.723,3.722,3.723,3.724,-60.590,2167.000
3.326,3.328,3.326,3.327,3.321,3.325,3.323,3.719,3.721,3.716,3.721,3.721,3.720,3.719,-60.762,2168.000
3.325,3.329,3.325,3.327,3.321,3.325,3.325,3.721,3.715,3.714,3.723,3.716,3.723,3.720,-60.771,2169.000
3.326,3.322,3.324,3.325,3.326,3.330,3.325,3.719,3.724,3.720,3.719,3.722,3.723,3.722,-60.585,2170.000
3.328,3.324,3.327,3.328,3.323,3.325,3.323,3.722,3.711,3.723,3.721,3.719,3.721,3.717,-60.556,2171.000
3.325,3.325,3.332,3.321,3.325,3.326,3.325,3.716,3.715,3.722,3.717,3.724,3.723,3.717,-60.525,2172.000
3.326,3.329,3.328,3.327,3.330,3.326,3.320,3.723,3.719,3.721,3.718,3.725,3.722,3.718,-60.387,2173.000
3.321,3.324,3.327,3.329,3.327,3.323,3.327,3.717,3.724,3.717,3.717,3.720,3.719,3.718,-60.421,2174.000
3.331,3.327,3.331,3.322,3.327,3.325,3.331,3.722,3.721,3.720,3.723,3.716,3.720,3.726,-60.421,2175.000
3.325,3.329,3.326,3.324,3.328,3.326,3.327,3.722,3.720,3.718,3.715,3.719,3.723,3.717,-60.458,2176.000
3.326,3.324,3.329,3.326,3.326,3.327,3.327,3.717,3.716,3.720,3.723,3.722,3.718,3.723,-60.453,2177.000
3.326,3.320,3.325,3.328,3.332,3.324,3.326,3.722,3.720,3.715,3.723,3.718,3.719,3.719,-60.320,2178.000
3.327,3.323,3.327,3.330,3.320,3.324,3.322,3.718,3.721,3.718,3.723,3.725,3.720,3.720,-60.383,2179.000
3.322,3.318,3.319,3.327,3.325,3.328,3.323,3.715,3.716,3.717,3.728,3.712,3.720,3.721,-60.505,2180.000
3.321,3.324,3.318,3.320,3.325,3.321,3.323,3.712,3.717,3.716,3.720,3.717,3.713,3.716,-60.576,2181.000
3.318,3.321,3.321,3.325,3.321,3.322,3.328,3.725,3.721,3.711,3.719,3.716,3.711,3.717,-60.549,2182.000
3.324,3.319,3.318,3.321,3.324,3.323,3.322,3.717,3.712,3.713,3.715,3.715,3.713,3.714,-60.582,2183.000
3.321,3.320,3.326,3.323,3.322,3.320,3.325,3.716,3.711,3.710,3.712,3.715,3.719,3.712,-60.692,2184.000
3.321,3.323,3.314,3.319,3.319,3.322,3.321,3.712,3.714,3.721,3.709,3.716,3.719,3.715,-60.568,2185.000
3.322,3.321,3.322,3.319,3.322,3.322,3.321,3.718,3.709,3.711,3.707,3.716,3.716,3.707,-60.448,2186.000
3.322,3.319,3.319,3.320,3.322,3.314,3.322,3.722,3.716,3.712,3.719,3.715,3.711,3.713,-60.436,2187.000
3.324,3.318,3.318,3.323,3.319,3.324,3.321,3.713,3.711,3.712,3.712,3.716,3.714,3.709,-60.436,2188.000
3.321,3.321,3.322,3.316,3.328,3.322,3.316,3.716,3.716,3.713,3.724,3.714,3.720,3.714,-60.443,2189.000
3.319,3.319,3.323,3.320,3.324,3.323,3.320,3.715,3.715,3.721,3.721,3.721,3.716,3.716,-60.503,2190.000
3.316,3.322,3.324,3.330,3.321,3.322,3.322,3.715,3.723,3.716,3.709,3.722,3.719,3.717,-60.484,2191.000
3.329,3.323,3.320,3.326,3.324,3.324,3.327,3.720,3.712,3.716,3.719,3.712,3.718,3.715,-60.361,2192.000
3.323,3.323,3.326,3.330,3.324,3.325,3.324,3.719,3.714,3.718,3.720,3.718,3.716,3.716,-60.551,2193.000
3.327,3.321,3.325,3.324,3.323,3.323,3.319,3.716,3.716,3.714,3.715,3.714,3.717,3.724,-60.484,2194.000
3.325,3.322,3.330,3.322,3.328,3.324,3.324,3.721,3.723,3.719,3.726,3.719,3.725,3.722,-60.533,2195.000
3.324,3.328,3.325,3.324,3.325,3.328,3.322,3.721,3.722,3.729,3.719,3.728,3.726,3.726,-60.625,2196.000
3.332,3.324,3.327,3.331,3.321,3.322,3.321,3.716,3.720,3.717,3.718,3.721,3.718,3.722,-60.675,2197.000
3.324,3.324,3.322,3.322,3.325,3.329,3.327,3.719,3.716,3.716,3.718,3.719,3.720,3.721,-60.705,2198.000
3.320,3.327,3.326,3.322,3.320,3.328,3.321,3.722,3.730,3.723,3.720,3.720,3.719,3.718,-60.680,2199.000
3.316,3.321,3.313,3.320,3.319,3.320,3.324,3.713,3.719,3.716,3.719,3.724,3.713,3.714,-60.559,2200.000
3.315,3.322,3.325,3.325,3.321,3.319,3.320,3.716,3.722,3.723,3.719,3.715,3.713,3.724,-60.487,2201.000
3.321,3.322,3.326,3.330,3.321,3.325,3.323,3.716,3.716,3.716,3.717,3.719,3.716,3.715,-60.510,2202.000
3.320,3.322,3.319,3.321,3.321,3.321,3.319,3.715,3.714,3.714,3.714,3.720,3.720,3.715,-60.580,2203.000
3.324,3.317,3.320,3.318,3.319,3.323,3.318,3.709,3.711,3.716,3.719,3.712,3.716,3.721,-60.482,2204.000
3.321,3.320,3.319,3.317,3.317,3.315,3.323,3.714,3.710,3.716,3.718,3.718,3.713,3.713,-60.482,2205.000
3.315,3.310,3.310,3.318,3.323,3.319,3.317,3.712,3.717,3.718,3.716,3.718,3.713,3.709,-60.479,2206.000
3.317,3.319,3.321,3.318,3.316,3.319,3.312,3.717,3.719,3.714,3.711,3.712,3.713,3.713,-60.314,2207.000
3.313,3.313,3.310,3.313,3.314,3.316,3.314,3.705,3.706,3.707,3.708,3.713,3.708,3.705,-60.314,2208.000
3.319,3.320,3.315,3.318,3.316,3.313,3.313,3.704,3.709,3.714,3.720,3.712,3.714,3.709,-60.480,2209.000
3.316,3.315,3.320,3.315,3.322,3.314,3.315,3.715,3.710,3.713,3.714,3.714,3.714,3.714,-60.381,2210.000
3.320,3.322,3.313,3.314,3.321,3.317,3.305,3.711,3.709,3.714,3.710,3.712,3.713,3.708,-60.318,2211.000
3.318,3.315,3.316,3.313,3.309,3.315,3.309,3.710,3.720,3.711,3.703,3.708,3.707,3.711,-60.416,2212.000
3.314,3.311,3.319,3.316,3.315,3.319,3.317,3.711,3.709,3.712,3.709,3.708,3.711,3.709,-60.504,2213.000
3.313,3.315,3.317,3.316,3.321,3.316,3.316,3.712,3.709,3.710,3.708,3.714,3.706,3.711,-60.504,2214.000
3.315,3.317,3.316,3.317,3.316,3.316,3.314,3.709,3.708,3.701,3.712,3.711,3.706,3.709,-60.479,2215.000
3.314,3.316,3.313,3.315,3.310,3.318,3.315,3.719,3.717,3.715,3.716,3.710,3.709,3.715,-60.522,2216.000
3.308,3.313,3.311,3.319,3.323,3.318,3.316,3.710,3.714,3.712,3.711,3.713,3.713,3.710,-60.401,2217.000
3.316,3.312,3.312,3.311,3.316,3.316,3.318,3.709,3.703,3.712,3.718,3.710,3.709,3.717,-60.397,2218.000
3.318,3.310,3.316,3.315,3.310,3.314,3.306,3.711,3.714,3.714,3.716,3.711,3.715,3.715,-60.431,2219.000
3.316,3.317,3.310,3.314,3.314,3.316,3.313,3.710,3.714,3.706,3.707,3.712,3.713,3.706,-60.290,2220.000
3.316,3.311,3.318,3.316,3.317,3.319,3.318,3.712,3.713,3.721,3.715,3.711,3.708,3.713,-60.316,2221.000
3.319,3.320,3.315,3.318,3.316,3.322,3.317,3.707,3.713,3.714,3.714,3.715,3.712,3.714,-60.407,2222.000
3.318,3.317,3.314,3.315,3.321,3.313,3.318,3.711,3.715,3.710,3.711,3.711,3.714,3.711,-60.461,2223.000
3.314,3.320,3.315,3.310,3.316,3.319,3.316,3.717,3.713,3.714,3.714,3.720,3.720,3.705,-60.427,2224.000
3.313,3.316,3.320,3.316,3.320,3.316,3.318,3.708,3.714,3.712,3.719,3.716,3.712,3.710,-60.514,2225.000
3.322,3.315,3.320,3.315,3.316,3.320,3.313,3.716,3.715,3.707,3.704,3.722,3.706,3.720,-60.494,2226.000
3.319,3.316,3.317,3.316,3.321,3.322,3.321,3.714,3.710,3.709,3.713,3.716,3.719,3.716,-60.460,2227.000
3.320,3.324,3.317,3.321,3.318,3.322,3.317,3.716,3.716,3.715,3.712,3.714,3.715,3.714,-60.521,2228.000
3.318,3.321,3.322,3.317,3.323,3.320,3.322,3.721,3.719,3.716,3.719,3.714,3.718,3.717,-60.437,2229.000
3.325,3.325,3.318,3.320,3.315,3.318,3.318,3.720,3.711,3.715,3.717,3.715,3.712,3.715,-60.282,2230.000
3.319,3.322,3.324,3.318,3.321,3.319,3.319,3.714,3.720,3.726,3.724,3.723,3.719,3.717,-60.309,2231.000
3.316,3.323,3.321,3.320,3.317,3.320,3.321,3.717,3.715,3.716,3.725,3.714,3.714,3.715,-60.361,2232.000
3.316,3.315,3.319,3.317,3.324,3.324,3.326,3.719,3.716,3.719,3.720,3.717,3.720,3.713,-60.424,2233.000
3.318,3.324,3.318,3.319,3.325,3.323,3.326,3.714,3.718,3.722,3.717,3.728,3.723,3.725,-60.589,2234.000
3.317,3.324,3.318,3.317,3.326,3.321,3.321,3.721,3.721,3.719,3.716,3.720,3.723,3.717,-60.419,2235.000
3.325,3.320,3.321,3.320,3.329,3.322,3.326,3.719,3.716,3.717,3.717,3.718,3.716,3.713,-60.347,2236.000
3.318,3.320,3.321,3.321,3.327,3.321,3.325,3.720,3.722,3.721,3.721,3.720,3.723,3.715,-60.308,2237.000
3.319,3.324,3.323,3.321,3.320,3.331,3.321,3.720,3.723,3.715,3.726,3.718,3.718,3.723,-60.308,2238.000
3.324,3.326,3.325,3.324,3.321,3.326,3.321,3.724,3.722,3.716,3.716,3.714,3.716,3.723,-60.282,2239.000
3.320,3.323,3.319,3.324,3.317,3.320,3.325,3.719,3.718,3.720,3.722,3.719,3.723,3.722,-60.306,2240.000
3.323,3.327,3.317,3.324,3.317,3.324,3.321,3.717,3.716,3.720,3.720,3.723,3.723,3.726,-60.306,2241.000
3.323,3.323,3.326,3.323,3.320,3.328,3.324,3.721,3.725,3.722,3.727,3.723,3.726,3.723,-60.482,2242.000
3.321,3.323,3.322,3.329,3.328,3.321,3.318,3.718,3.716,3.719,3.718,3.716,3.721,3.720,-60.421,2243.000
3.329,3.326,3.322,3.326,3.322,3.327,3.323,3.729,3.718,3.716,3.717,3.717,3.725,3.725,-60.421,2244.000
3.320,3.324,3.325,3.324,3.321,3.326,3.322,3.721,3.720,3.720,3.723,3.723,3.719,3.722,-60.241,2245.000
3.324,3.323,3.325,3.329,3.329,3.324,3.327,3.720,3.718,3.722,3.719,3.721,3.722,3.721,-60.318,2246.000
3.317,3.326,3.324,3.321,3.316,3.331,3.330,3.718,3.723,3.721,3.721,3.726,3.720,3.722,-60.345,2247.000
3.327,3.325,3.317,3.324,3.325,3.330,3.322,3.721,3.720,3.723,3.718,3.722,3.722,3.713,-60.239,2248.000
3.319,3.323,3.325,3.325,3.317,3.324,3.329,3.723,3.719,3.715,3.717,3.715,3.717,3.718,-60.373,2249.000
3.325,3.323,3.321,3.317,3.325,3.324,3.328,3.718,3.723,3.726,3.725,3.721,3.723,3.723,-60.552,2250.000
3.321,3.327,3.316,3.323,3.323,3.323,3.324,3.716,3.717,3.716,3.717,3.724,3.715,3.719,-60.504,2251.000
3.321,3.318,3.321,3.320,3.321,3.324,3.319,3.716,3.714,3.721,3.719,3.715,3.713,3.719,-60.504,2252.000
3.322,3.312,3.316,3.315,3.324,3.321,3.320,3.717,3.717,3.717,3.718,3.717,3.713,3.717,-60.614,2253.000
3.323,3.320,3.319,3.325,3.318,3.320,3.316,3.715,3.716,3.715,3.723,3.715,3.721,3.722,-60.602,2254.000
3.319,3.319,3.321,3.316,3.324,3.321,3.326,3.718,3.719,3.714,3.715,3.719,3.714,3.717,-60.605,2255.000
3.317,3.327,3.325,3.322,3.323,3.325,3.317,3.714,3.712,3.720,3.719,3.722,3.712,3.711,-60.494,2256.000
3.323,3.324,3.322,3.319,3.319,3.322,3.324,3.719,3.721,3.716,3.719,3.717,3.715,3.723,-60.387,2257.000
3.322,3.320,3.323,3.318,3.317,3.321,3.320,3.720,3.721,3.716,3.716,3.720,3.720,3.720,-60.430,2258.000
3.324,3.313,3.323,3.320,3.322,3.324,3.324,3.719,3.713,3.725,3.721,3.716,3.716,3.718,-60.608,2259.000
3.320,3.317,3.324,3.323,3.326,3.324,3.324,3.717,3.721,3.719,3.717,3.724,3.724,3.718,-60.736,2260.000
3.322,3.325,3.328,3.321,3.327,3.320,3.317,3.720,3.715,3.719,3.713,3.722,3.721,3.717,-60.797,2261.000
3.321,3.321,3.323,3.319,3.323,3.320,3.321,3.722,3.723,3.720,3.722,3.719,3.715,3.714,-60.633,2262.000
3.321,3.324,3.323,3.321,3.325,3.327,3.319,3.717,3.719,3.720,3.721,3.718,3.717,3.718,-60.644,2263.000
3.320,3.331,3.323,3.324,3.319,3.324,3.323,3.718,3.719,3.720,3.722,3.720,3.717,3.715,-60.584,2264.000
3.321,3.318,3.323,3.321,3.320,3.315,3.318,3.716,3.718,3.718,3.715,3.714,3.718,3.720,-60.528,2265.000
3.323,3.321,3.323,3.326,3.320,3.320,3.323,3.711,3.717,3.726,3.726,3.717,3.721,3.718,-60.402,2266.000
3.319,3.323,3.325,3.318,3.321,3.321,3.314,3.716,3.716,3.716,3.723,3.721,3.721,3.716,-60.402,2267.000
3.319,3.317,3.318,3.325,3.322,3.319,3.319,3.715,3.720,3.716,3.717,3.716,3.711,3.722,-60.415,2268.000
3.327,3.320,3.322,3.324,3.319,3.323,3.319,3.717,3.719,3.715,3.719,3.709,3.716,3.717,-60.489,2269.000
3.321,3.322,3.321,3.320,3.322,3.317,3.324,3.719,3.714,3.723,3.719,3.718,3.711,3.717,-60.522,2270.000
3.320,3.314,3.320,3.318,3.323,3.322,3.324,3.718,3.714,3.715,3.714,3.715,3.717,3.721,-60.460,2271.000
3.319,3.316,3.323,3.320,3.317,3.320,3.318,3.715,3.719,3.714,3.720,3.718,3.715,3.710,-60.439,2272.000
3.316,3.326,3.326,3.320,3.320,3.320,3.320,3.716,3.712,3.717,3.719,3.715,3.719,3.718,-60.329,2273.000
3.326,3.318,3.326,3.323,3.321,3.320,3.323,3.711,3.717,3.711,3.709,3.718,3.713,3.713,-60.308,2274.000
3.321,3.323,3.321,3.318,3.315,3.320,3.320,3.722,3.715,3.711,3.718,3.714,3.710,3.719,-60.361,2275.000
3.323,3.317,3.324,3.317,3.322,3.320,3.322,3.709,3.717,3.712,3.716,3.710,3.710,3.710,-60.342,2276.000
3.319,3.325,3.323,3.319,3.326,3.321,3.319,3.723,3.713,3.709,3.709,3.710,3.710,3.712,-60.105,2277.000
3.320,3.324,3.318,3.317,3.320,3.317,3.319,3.713,3.715,3.720,3.717,3.719,3.714,3.714,-60.095,2278.000
3.323,3.322,3.328,3.324,3.321,3.320,3.322,3.716,3.716,3.716,3.710,3.707,3.714,3.714,-60.259,2279.000
3.326,3.323,3.328,3.323,3.318,3.314,3.320,3.717,3.712,3.714,3.717,3.716,3.715,3.719,-60.328,2280.000
3.328,3.316,3.322,3.328,3.312,3.319,3.322,3.713,3.711,3.708,3.710,3.716,3.716,3.716,-60.362,2281.000
3.325,3.320,3.323,3.325,3.322,3.322,3.317,3.717,3.720,3.718,3.715,3.713,3.706,3.715,-60.323,2282.000
3.322,3.316,3.317,3.314,3.319,3.321,3.323,3.714,3.716,3.715,3.716,3.721,3.715,3.706,-60.448,2283.000
3.329,3.317,3.317,3.324,3.323,3.317,3.318,3.720,3.718,3.715,3.722,3.715,3.716,3.713,-60.486,2284.000
3.319,3.322,3.321,3.321,3.322,3.320,3.318,3.716,3.715,3.722,3.718,3.710,3.717,3.725,-60.284,2285.000
3.322,3.316,3.319,3.318,3.319,3.323,3.322,3.715,3.715,3.722,3.720,3.718,3.719,3.718,-60.201,2286.000
3.319,3.328,3.323,3.325,3.325,3.326,3.317,3.723,3.715,3.713,3.717,3.711,3.713,3.715,-60.319,2287.000
3.320,3.323,3.318,3.317,3.323,3.319,3.320,3.715,3.718,3.719,3.714,3.718,3.715,3.718,-60.522,2288.000
3.319,3.322,3.321,3.330,3.320,3.322,3.326,3.718,3.714,3.719,3.722,3.715,3.721,3.717,-60.513,2289.000
3.314,3.320,3.316,3.318,3.322,3.319,3.317,3.714,3.719,3.722,3.715,3.721,3.717,3.720,-60.567,2290.000
3.320,3.322,3.322,3.323,3.325,3.321,3.328,3.722,3.722,3.717,3.716,3.718,3.713,3.713,-60.546,2291.000
3.321,3.325,3.319,3.320,3.320,3.326,3.323,3.720,3.717,3.719,3.720,3.724,3.726,3.724,-60.617,2292.000
3.317,3.322,3.318,3.320,3.324,3.321,3.322,3.714,3.712,3.718,3.716,3.717,3.714,3.719,-60.558,2293.000
3.326,3.322,3.322,3.319,3.321,3.322,3.318,3.718,3.713,3.725,3.717,3.722,3.720,3.716,-60.490,2294.000
3.324,3.322,3.321,3.319,3.324,3.325,3.324,3.715,3.719,3.717,3.717,3.716,3.725,3.723,-60.496,2295.000
3.320,3.326,3.321,3.320,3.322,3.320,3.323,3.718,3.720,3.714,3.720,3.716,3.714,3.724,-60.310,2296.000
3.316,3.326,3.327,3.326,3.318,3.321,3.322,3.713,3.719,3.716,3.717,3.719,3.709,3.720,-60.549,2297.000
3.326,3.320,3.327,3.313,3.322,3.325,3.321,3.712,3.711,3.716,3.715,3.714,3.717,3.718,-60.488,2298.000
3.317,3.324,3.324,3.323,3.326,3.324,3.323,3.716,3.717,3.718,3.717,3.715,3.725,3.719,-60.605,2299.000
3.325,3.318,3.320,3.321,3.318,3.326,3.319,3.712,3.718,3.715,3.715,3.715,3.712,3.719,-60.513,2300.000
3.314,3.329,3.313,3.328,3.319,3.326,3.314,3.721,3.714,3.720,3.719,3.715,3.719,3.715,-60.495,2301.000
3.318,3.318,3.319,3.322,3.320,3.321,3.321,3.712,3.712,3.716,3.724,3.716,3.720,3.711,-60.483,2302.000
3.319,3.323,3.320,3.322,3.324,3.320,3.321,3.718,3.715,3.713,3.716,3.715,3.712,3.718,-60.540,2303.000
3.317,3.318,3.329,3.321,3.321,3.311,3.322,3.714,3.714,3.718,3.716,3.714,3.711,3.717,-60.702,2304.000
3.321,3.314,3.318,3.319,3.317,3.325,3.318,3.711,3.722,3.712,3.714,3.711,3.712,3.720,-60.685,2305.000
3.319,3.321,3.321,3.322,3.322,3.320,3.321,3.713,3.718,3.711,3.715,3.712,3.713,3.709,-60.688,2306.000
3.320,3.321,3.319,3.317,3.321,3.318,3.323,3.708,3.715,3.710,3.714,3.710,3.710,3.715,-60.657,2307.000
3.319,3.322,3.326,3.322,3.318,3.319,3.318,3.719,3.723,3.712,3.710,3.709,3.713,3.718,-60.633,2308.000
3.316,3.323,3.314,3.321,3.324,3.316,3.317,3.716,3.713,3.711,3.718,3.716,3.717,3.716,-60.591,2309.000
3.324,3.322,3.313,3.325,3.317,3.325,3.318,3.715,3.712,3.716,3.714,3.718,3.711,3.715,-60.425,2310.000
3.320,3.322,3.319,3.321,3.324,3.325,3.323,3.718,3.716,3.720,3.720,3.719,3.716,3.718,-60.392,2311.000
3.324,3.325,3.320,3.321,3.322,3.318,3.327,3.719,3.724,3.722,3.722,3.717,3.723,3.718,-60.508,2312.000
3.327,3.322,3.322,3.321,3.327,3.319,3.322,3.718,3.718,3.719,3.717,3.724,3.714,3.724,-60.488,2313.000
3.329,3.322,3.333,3.326,3.326,3.327,3.327,3.723,3.716,3.723,3.716,3.723,3.716,3.721,-60.532,2314.000
3.326,3.323,3.328,3.323,3.329,3.328,3.324,3.722,3.715,3.725,3.721,3.716,3.723,3.717,-60.534,2315.000
3.324,3.327,3.320,3.322,3.325,3.318,3.322,3.717,3.721,3.717,3.726,3.718,3.717,3.719,-60.381,2316.000
3.330,3.322,3.322,3.325,3.327,3.323,3.323,3.722,3.724,3.719,3.719,3.721,3.721,3.720,-60.381,2317.000
3.326,3.328,3.323,3.327,3.326,3.324,3.327,3.719,3.726,3.712,3.722,3.719,3.716,3.718,-60.368,2318.000
3.324,3.323,3.325,3.326,3.323,3.328,3.324,3.715,3.719,3.721,3.715,3.718,3.714,3.712,-60.452,2319.000
3.319,3.324,3.325,3.327,3.324,3.328,3.323,3.724,3.715,3.719,3.720,3.716,3.717,3.713,-60.444,2320.000
3.323,3.323,3.323,3.326,3.324,3.325,3.322,3.712,3.713,3.714,3.716,3.715,3.722,3.719,-60.330,2321.000
3.325,3.323,3.324,3.323,3.324,3.327,3.328,3.715,3.718,3.716,3.716,3.719,3.717,3.718,-60.389,2322.000
3.321,3.326,3.321,3.319,3.317,3.325,3.317,3.719,3.713,3.717,3.717,3.716,3.716,3.717,-60.482,2323.000
3.328,3.323,3.320,3.319,3.326,3.322,3.323,3.726,3.722,3.719,3.716,3.719,3.717,3.712,-60.429,2324.000
3.319,3.320,3.318,3.322,3.322,3.322,3.320,3.717,3.723,3.721,3.720,3.720,3.716,3.715,-60.192,2325.000
3.321,3.316,3.319,3.316,3.318,3.321,3.324,3.713,3.714,3.718,3.708,3.714,3.719,3.718,-60.347,2326.000
3.321,3.320,3.318,3.321,3.319,3.314,3.324,3.713,3.712,3.713,3.711,3.712,3.713,3.716,-60.338,2327.000
3.318,3.322,3.320,3.319,3.319,3.317,3.317,3.716,3.715,3.714,3.714,3.714,3.711,3.708,-60.428,2328.000
3.318,3.322,3.321,3.315,3.318,3.319,3.317,3.709,3.714,3.713,3.711,3.706,3.708,3.710,-60.595,2329.000
3.319,3.317,3.317,3.313,3.320,3.313,3.322,3.710,3.715,3.711,3.715,3.713,3.709,3.714,-60.516,2330.000
3.315,3.324,3.317,3.318,3.318,3.315,3.315,3.711,3.707,3.709,3.713,3.714,3.715,3.717,-60.572,2331.000
3.318,3.316,3.321,3.317,3.313,3.311,3.314,3.714,3.711,3.711,3.709,3.708,3.710,3.713,-60.735,2332.000
3.313,3.313,3.319,3.311,3.318,3.313,3.313,3.708,3.711,3.713,3.712,3.704,3.714,3.710,-60.654,2333.000
3.316,3.317,3.320,3.316,3.318,3.316,3.309,3.710,3.709,3.710,3.716,3.717,3.707,3.705,-60.583,2334.000
3.318,3.311,3.314,3.311,3.320,3.318,3.317,3.706,3.710,3.711,3.711,3.713,3.713,3.712,-60.625,2335.000
3.321,3.322,3.318,3.322,3.317,3.314,3.317,3.707,3.712,3.710,3.708,3.708,3.707,3.711,-60.452,2336.000
3.312,3.314,3.314,3.314,3.313,3.311,3.314,3.709,3.706,3.714,3.710,3.712,3.709,3.711,-60.426,2337.000
3.312,3.310,3.310,3.314,3.310,3.310,3.311,3.712,3.705,3.710,3.713,3.717,3.716,3.705,-60.418,2338.000
3.303,3.306,3.308,3.313,3.314,3.315,3.311,3.714,3.708,3.718,3.717,3.711,3.709,3.711,-60.392,2339.000
3.316,3.314,3.312,3.312,3.310,3.312,3.310,3.717,3.715,3.715,3.707,3.716,3.709,3.708,-60.316,2340.000
3.309,3.315,3.314,3.308,3.305,3.308,3.310,3.705,3.709,3.707,3.710,3.709,3.711,3.714,-60.422,2341.000
3.314,3.309,3.311,3.312,3.310,3.317,3.311,3.710,3.711,3.709,3.708,3.712,3.711,3.710,-60.334,2342.000
3.312,3.318,3.313,3.312,3.305,3.310,3.310,3.711,3.710,3.710,3.712,3.711,3.714,3.711,-60.172,2343.000
3.311,3.309,3.311,3.315,3.304,3.311,3.323,3.714,3.716,3.716,3.708,3.711,3.714,3.709,-60.298,2344.000
3.316,3.310,3.314,3.321,3.312,3.317,3.314,3.711,3.713,3.712,3.716,3.716,3.714,3.713,-60.321,2345.000
3.318,3.314,3.317,3.316,3.317,3.316,3.312,3.710,3.714,3.714,3.709,3.718,3.714,3.719,-60.506,2346.000
3.314,3.312,3.319,3.314,3.312,3.317,3.317,3.716,3.713,3.717,3.715,3.703,3.714,3.710,-60.432,2347.000
3.314,3.310,3.316,3.313,3.323,3.317,3.320,3.712,3.716,3.716,3.716,3.714,3.716,3.713,-60.398,2348.000
3.319,3.315,3.317,3.317,3.313,3.315,3.317,3.717,3.719,3.714,3.713,3.711,3.712,3.707,-60.332,2349.000
3.317,3.309,3.314,3.321,3.319,3.317,3.313,3.715,3.721,3.717,3.714,3.716,3.711,3.713,-60.355,2350.000
3.321,3.317,3.313,3.317,3.314,3.319,3.315,3.717,3.713,3.721,3.715,3.717,3.715,3.710,-60.419,2351.000
3.320,3.317,3.315,3.322,3.323,3.321,3.316,3.720,3.720,3.716,3.713,3.716,3.715,3.714,-60.536,2352.000
3.316,3.320,3.323,3.323,3.313,3.321,3.322,3.715,3.719,3.718,3.722,3.721,3.723,3.716,-60.506,2353.000
3.319,3.325,3.322,3.318,3.326,3.325,3.317,3.718,3.718,3.718,3.718,3.721,3.719,3.719,-60.505,2354.000
3.324,3.321,3.318,3.328,3.329,3.322,3.327,3.720,3.719,3.719,3.719,3.716,3.715,3.720,-60.682,2355.000
3.330,3.323,3.322,3.322,3.322,3.326,3.327,3.721,3.717,3.714,3.714,3.715,3.714,3.722,-60.549,2356.000
3.328,3.324,3.327,3.324,3.325,3.325,3.329,3.717,3.722,3.720,3.717,3.724,3.724,3.724,-60.433,2357.000
3.328,3.323,3.331,3.328,3.328,3.328,3.326,3.723,3.729,3.724,3.727,3.721,3.725,3.726,-60.457,2358.000
3.329,3.323,3.330,3.328,3.332,3.336,3.331,3.727,3.727,3.730,3.726,3.727,3.727,3.727,-60.459,2359.000
3.328,3.331,3.328,3.331,3.328,3.329,3.330,3.726,3.725,3.720,3.726,3.723,3.725,3.725,-60.504,2360.000
3.335,3.330,3.330,3.329,3.335,3.336,3.337,3.729,3.729,3.730,3.728,3.724,3.724,3.726,-60.707,2361.000
3.333,3.337,3.327,3.328,3.338,3.331,3.332,3.727,3.731,3.731,3.731,3.733,3.725,3.727,-60.659,2362.000
3.331,3.331,3.332,3.330,3.333,3.333,3.339,3.722,3.720,3.724,3.725,3.728,3.729,3.731,-60.668,2363.000
3.329,3.330,3.329,3.334,3.335,3.332,3.334,3.718,3.723,3.729,3.729,3.730,3.726,3.728,-60.634,2364.000
3.333,3.323,3.334,3.328,3.335,3.326,3.334,3.726,3.729,3.726,3.733,3.723,3.729,3.731,-60.485,2365.000
3.334,3.331,3.329,3.330,3.329,3.331,3.332,3.718,3.725,3.728,3.723,3.726,3.731,3.726,-60.662,2366.000
3.329,3.333,3.332,3.329,3.329,3.330,3.333,3.724,3.724,3.720,3.726,3.726,3.725,3.720,-60.668,2367.000
3.329,3.331,3.337,3.326,3.331,3.328,3.329,3.719,3.726,3.726,3.725,3.723,3.722,3.718,-60.785,2368.000
3.327,3.325,3.327,3.325,3.323,3.334,3.332,3.721,3.730,3.724,3.730,3.723,3.726,3.719,-60.649,2369.000
3.325,3.321,3.327,3.323,3.328,3.325,3.328,3.723,3.724,3.721,3.719,3.720,3.716,3.718,-60.632,2370.000
3.325,3.325,3.324,3.330,3.326,3.321,3.322,3.719,3.715,3.711,3.720,3.719,3.723,3.720,-60.607,2371.000
3.319,3.325,3.328,3.327,3.329,3.325,3.319,3.712,3.713,3.718,3.718,3.722,3.719,3.719,-60.503,2372.000
3.323,3.333,3.324,3.326,3.324,3.327,3.326,3.721,3.719,3.717,3.712,3.716,3.719,3.715,-60.513,2373.000
3.323,3.326,3.324,3.321,3.320,3.325,3.325,3.717,3.720,3.725,3.719,3.718,3.720,3.716,-60.524,2374.000
3.327,3.327,3.323,3.325,3.323,3.316,3.323,3.712,3.714,3.720,3.718,3.714,3.715,3.722,-60.521,2375.000
3.321,3.320,3.321,3.321,3.320,3.321,3.318,3.719,3.718,3.715,3.711,3.715,3.720,3.719,-60.461,2376.000
3.318,3.324,3.322,3.322,3.326,3.325,3.329,3.713,3.717,3.722,3.714,3.724,3.721,3.715,-60.487,2377.000
3.322,3.331,3.317,3.320,3.326,3.316,3.322,3.717,3.720,3.714,3.717,3.714,3.713,3.715,-60.506,2378.000
3.316,3.323,3.319,3.326,3.326,3.325,3.326,3.718,3.720,3.721,3.719,3.713,3.720,3.716,-60.478,2379.000
3.320,3.326,3.324,3.326,3.324,3.325,3.321,3.719,3.719,3.720,3.718,3.721,3.715,3.721,-60.311,2380.000
3.332,3.322,3.321,3.321,3.323,3.317,3.324,3.716,3.716,3.709,3.713,3.715,3.716,3.714,-60.211,2381.000
3.327,3.323,3.316,3.325,3.322,3.324,3.331,3.719,3.723,3.717,3.720,3.715,3.717,3.714,-60.273,2382.000
3.319,3.316,3.322,3.316,3.323,3.320,3.316,3.711,3.717,3.721,3.716,3.709,3.712,3.713,-60.505,2383.000
3.323,3.325,3.326,3.322,3.324,3.317,3.323,3.714,3.715,3.715,3.714,3.716,3.715,3.710,-60.527,2384.000
3.323,3.321,3.318,3.315,3.320,3.317,3.324,3.711,3.720,3.719,3.717,3.715,3.716,3.718,-60.602,2385.000
3.315,3.326,3.320,3.319,3.316,3.324,3.318,3.712,3.722,3.719,3.715,3.716,3.715,3.714,-60.591,2386.000
3.322,3.318,3.320,3.323,3.316,3.319,3.323,3.714,3.714,3.714,3.716,3.710,3.714,3.714,-60.435,2387.000
3.320,3.317,3.321,3.320,3.319,3.322,3.321,3.713,3.710,3.709,3.715,3.711,3.712,3.718,-60.543,2388.000
3.321,3.316,3.324,3.317,3.317,3.325,3.317,3.719,3.719,3.717,3.712,3.715,3.710,3.717,-60.543,2389.000
3.321,3.316,3.318,3.316,3.321,3.320,3.313,3.714,3.713,3.711,3.713,3.714,3.714,3.711,-60.452,2390.000
3.316,3.314,3.318,3.322,3.319,3.322,3.315,3.718,3.718,3.722,3.715,3.715,3.712,3.713,-60.312,2391.000
3.320,3.322,3.325,3.327,3.323,3.320,3.320,3.715,3.712,3.710,3.715,3.721,3.717,3.719,-60.151,2392.000
3.318,3.318,3.319,3.322,3.317,3.321,3.319,3.714,3.722,3.711,3.710,3.715,3.717,3.715,-60.125,2393.000
3.323,3.315,3.322,3.319,3.324,3.315,3.321,3.718,3.711,3.714,3.717,3.713,3.714,3.712,-60.132,2394.000
3.320,3.325,3.326,3.320,3.315,3.320,3.324,3.714,3.712,3.718,3.719,3.713,3.714,3.711,-60.304,2395.000
3.321,3.324,3.318,3.315,3.323,3.321,3.316,3.725,3.718,3.715,3.708,3.720,3.711,3.714,-60.189,2396.000
3.315,3.321,3.317,3.318,3.322,3.314,3.318,3.709,3.720,3.714,3.714,3.720,3.713,3.711,-60.305,2397.000
3.319,3.319,3.319,3.322,3.317,3.323,3.318,3.724,3.716,3.719,3.718,3.723,3.719,3.715,-60.329,2398.000
3.325,3.320,3.316,3.316,3.316,3.318,3.316,3.714,3.716,3.713,3.711,3.715,3.713,3.717,-60.283,2399.000
3.321,3.320,3.321,3.320,3.316,3.319,3.319,3.712,3.717,3.724,3.720,3.710,3.713,3.713,-60.460,2400.000
3.323,3.322,3.322,3.326,3.321,3.318,3.317,3.713,3.715,3.715,3.712,3.714,3.714,3.717,-60.471,2401.000
3.326,3.325,3.322,3.324,3.325,3.327,3.317,3.714,3.719,3.717,3.717,3.716,3.714,3.713,-60.471,2402.000
3.320,3.325,3.319,3.324,3.325,3.323,3.326,3.718,3.715,3.719,3.721,3.718,3.718,3.716,-60.453,2403.000
3.323,3.319,3.324,3.321,3.326,3.325,3.318,3.721,3.721,3.723,3.713,3.712,3.721,3.719,-60.502,2404.000
3.324,3.328,3.325,3.322,3.323,3.322,3.322,3.719,3.717,3.720,3.720,3.710,3.714,3.719,-60.402,2405.000
3.322,3.318,3.325,3.321,3.322,3.326,3.327,3.718,3.714,3.715,3.712,3.719,3.720,3.717,-60.350,2406.000
3.327,3.326,3.331,3.320,3.324,3.327,3.325,3.717,3.714,3.719,3.720,3.715,3.723,3.723,-60.490,2407.000
3.323,3.319,3.317,3.327,3.324,3.328,3.319,3.713,3.720,3.713,3.720,3.719,3.714,3.716,-60.515,2408.000
3.327,3.321,3.324,3.320,3.319,3.320,3.322,3.719,3.712,3.713,3.721,3.718,3.716,3.728,-60.445,2409.000
3.327,3.322,3.327,3.325,3.325,3.319,3.321,3.723,3.714,3.719,3.715,3.710,3.708,3.711,-60.369,2410.000
3.323,3.321,3.318,3.319,3.327,3.317,3.321,3.709,3.713,3.714,3.712,3.713,3.717,3.721,-60.427,2411.000
3.325,3.320,3.315,3.316,3.327,3.325,3.319,3.713,3.716,3.712,3.716,3.708,3.708,3.710,-60.514,2412.000
3.317,3.316,3.320,3.317,3.320,3.318,3.314,3.711,3.716,3.718,3.713,3.709,3.712,3.710,-60.483,2413.000
3.315,3.318,3.318,3.313,3.316,3.317,3.320,3.710,3.710,3.709,3.708,3.707,3.709,3.712,-60.510,2414.000
3.317,3.316,3.311,3.315,3.319,3.319,3.316,3.709,3.707,3.706,3.708,3.710,3.712,3.712,-60.303,2415.000
3.312,3.317,3.319,3.321,3.319,3.320,3.313,3.707,3.708,3.715,3.704,3.710,3.711,3.706,-60.428,2416.000
3.317,3.315,3.317,3.312,3.315,3.318,3.312,3.705,3.707,3.713,3.708,3.705,3.709,3.709,-60.386,2417.000
3.313,3.316,3.316,3.318,3.317,3.318,3.311,3.714,3.706,3.710,3.710,3.703,3.713,3.705,-60.361,2418.000
3.319,3.320,3.319,3.316,3.312,3.318,3.315,3.707,3.708,3.714,3.707,3.706,3.713,3.703,-60.453,2419.000
3.310,3.316,3.314,3.312,3.318,3.316,3.318,3.711,3.708,3.710,3.706,3.703,3.707,3.712,-60.610,2420.000
3.312,3.318,3.316,3.316,3.319,3.316,3.317,3.708,3.708,3.706,3.712,3.708,3.704,3.703,-60.577,2421.000
3.315,3.313,3.312,3.313,3.315,3.310,3.312,3.702,3.702,3.707,3.709,3.703,3.707,3.707,-60.656,2422.000
3.314,3.314,3.313,3.307,3.315,3.310,3.310,3.702,3.706,3.710,3.707,3.702,3.707,3.711,-60.560,2423.000
3.312,3.312,3.306,3.315,3.316,3.317,3.309,3.711,3.707,3.699,3.709,3.706,3.707,3.708,-60.601,2424.000
3.312,3.310,3.312,3.310,3.317,3.313,3.315,3.713,3.707,3.705,3.707,3.712,3.703,3.698,-60.613,2425.000
3.313,3.312,3.314,3.313,3.314,3.315,3.311,3.706,3.706,3.707,3.702,3.704,3.706,3.709,-60.605,2426.000
3.310,3.317,3.314,3.310,3.318,3.310,3.310,3.709,3.707,3.697,3.701,3.704,3.701,3.705,-60.595,2427.000
3.311,3.313,3.313,3.310,3.308,3.313,3.309,3.705,3.704,3.700,3.704,3.708,3.696,3.702,-60.661,2428.000
3.313,3.313,3.307,3.310,3.310,3.311,3.313,3.704,3.709,3.703,3.709,3.701,3.705,3.701,-60.531,2429.000
3.308,3.309,3.308,3.309,3.311,3.310,3.316,3.702,3.704,3.707,3.706,3.706,3.705,3.710,-60.466,2430.000
3.304,3.305,3.307,3.315,3.310,3.317,3.315,3.708,3.705,3.701,3.710,3.705,3.704,3.711,-60.565,2431.000
3.306,3.309,3.311,3.308,3.311,3.303,3.311,3.707,3.708,3.705,3.706,3.701,3.703,3.702,-60.491,2432.000
3.310,3.312,3.317,3.306,3.311,3.312,3.313,3.705,3.711,3.713,3.711,3.703,3.708,3.707,-60.541,2433.000
3.316,3.308,3.313,3.316,3.311,3.312,3.318,3.702,3.702,3.707,3.712,3.712,3.707,3.712,-60.565,2434.000
3.308,3.316,3.321,3.310,3.314,3.316,3.314,3.705,3.708,3.711,3.705,3.705,3.712,3.704,-60.668,2435.000
3.310,3.306,3.311,3.312,3.306,3.311,3.310,3.705,3.709,3.708,3.709,3.704,3.703,3.706,-60.720,2436.000
3.312,3.309,3.316,3.307,3.310,3.315,3.311,3.711,3.712,3.705,3.708,3.708,3.705,3.706,-60.698,2437.000
3.314,3.318,3.312,3.312,3.320,3.312,3.316,3.707,3.706,3.706,3.709,3.707,3.700,3.713,-60.659,2438.000
3.319,3.308,3.314,3.316,3.315,3.314,3.314,3.706,3.708,3.706,3.708,3.708,3.708,3.710,-60.659,2439.000
3.316,3.314,3.314,3.316,3.315,3.317,3.312,3.707,3.713,3.707,3.706,3.705,3.706,3.707,-60.610,2440.000
3.321,3.314,3.316,3.315,3.310,3.316,3.309,3.709,3.705,3.705,3.710,3.705,3.711,3.703,-60.503,2441.000
3.319,3.315,3.310,3.316,3.315,3.316,3.314,3.715,3.700,3.708,3.710,3.712,3.705,3.710,-60.487,2442.000
3.315,3.312,3.310,3.312,3.316,3.317,3.314,3.708,3.710,3.706,3.705,3.707,3.711,3.705,-60.480,2443.000
3.316,3.317,3.313,3.310,3.323,3.313,3.310,3.707,3.713,3.706,3.699,3.710,3.707,3.710,-60.469,2444.000
3.321,3.321,3.323,3.314,3.317,3.317,3.325,3.713,3.706,3.706,3.706,3.709,3.708,3.713,-60.460,2445.000
3.311,3.318,3.318,3.319,3.320,3.316,3.316,3.705,3.713,3.705,3.711,3.708,3.708,3.709,-60.655,2446.000
3.319,3.317,3.323,3.315,3.316,3.312,3.307,3.708,3.706,3.702,3.709,3.706,3.709,3.704,-60.447,2447.000
3.319,3.311,3.314,3.315,3.313,3.312,3.310,3.706,3.705,3.712,3.711,3.710,3.713,3.709,-60.377,2448.000
3.312,3.320,3.312,3.318,3.320,3.315,3.315,3.706,3.707,3.704,3.700,3.706,3.706,3.708,-60.330,2449.000
3.316,3.311,3.310,3.313,3.310,3.310,3.319,3.713,3.714,3.715,3.713,3.719,3.709,3.707,-60.299,2450.000
3.311,3.310,3.313,3.313,3.316,3.314,3.315,3.708,3.713,3.705,3.706,3.707,3.707,3.707,-60.453,2451.000
3.311,3.315,3.316,3.311,3.311,3.313,3.308,3.707,3.705,3.710,3.713,3.708,3.706,3.703,-60.551,2452.000
3.312,3.311,3.317,3.314,3.310,3.311,3.321,3.705,3.706,3.709,3.706,3.706,3.709,3.712,-60.497,2453.000
3.315,3.312,3.314,3.316,3.320,3.313,3.316,3.707,3.713,3.714,3.714,3.707,3.709,3.701,-60.479,2454.000
3.317,3.318,3.316,3.313,3.316,3.314,3.318,3.706,3.708,3.705,3.709,3.705,3.710,3.707,-60.338,2455.000
3.316,3.314,3.310,3.316,3.313,3.315,3.314,3.709,3.708,3.702,3.707,3.706,3.704,3.710,-60.466,2456.000
3.311,3.312,3.307,3.310,3.313,3.315,3.309,3.706,3.709,3.708,3.713,3.705,3.702,3.709,-60.443,2457.000
3.316,3.316,3.313,3.319,3.314,3.314,3.318,3.705,3.709,3.708,3.703,3.706,3.713,3.704,-60.532,2458.000
3.311,3.312,3.310,3.315,3.311,3.309,3.307,3.704,3.709,3.704,3.712,3.710,3.707,3.705,-60.522,2459.000
3.312,3.315,3.316,3.316,3.313,3.307,3.310,3.702,3.702,3.704,3.710,3.704,3.703,3.709,-60.515,2460.000
3.309,3.314,3.313,3.310,3.312,3.311,3.308,3.709,3.701,3.706,3.704,3.702,3.706,3.711,-60.604,2461.000
3.308,3.314,3.310,3.315,3.313,3.310,3.311,3.707,3.705,3.705,3.701,3.706,3.710,3.708,-60.458,2462.000
3.309,3.313,3.307,3.313,3.314,3.315,3.315,3.704,3.705,3.705,3.716,3.708,3.706,3.703,-60.422,2463.000
3.315,3.310,3.310,3.315,3.316,3.316,3.308,3.695,3.706,3.706,3.707,3.709,3.706,3.709,-60.490,2464.000
3.316,3.309,3.317,3.312,3.309,3.314,3.310,3.709,3.701,3.707,3.707,3.710,3.702,3.712,-60.633,2465.000
3.310,3.314,3.310,3.311,3.316,3.306,3.311,3.706,3.702,3.704,3.707,3.708,3.702,3.701,-60.533,2466.000
3.308,3.313,3.308,3.308,3.311,3.310,3.314,3.705,3.704,3.713,3.706,3.703,3.706,3.706,-60.433,2467.000
3.311,3.313,3.308,3.304,3.310,3.309,3.314,3.699,3.709,3.708,3.708,3.708,3.705,3.708,-60.276,2468.000
3.311,3.315,3.309,3.311,3.314,3.311,3.316,3.704,3.711,3.710,3.704,3.700,3.706,3.712,-60.287,2469.000
3.309,3.316,3.311,3.315,3.308,3.310,3.315,3.703,3.700,3.700,3.701,3.702,3.700,3.702,-60.572,2470.000
3.311,3.306,3.313,3.313,3.308,3.310,3.310,3.709,3.707,3.709,3.705,3.706,3.703,3.703,-60.629,2471.000
3.309,3.308,3.316,3.316,3.311,3.310,3.308,3.710,3.705,3.703,3.703,3.709,3.706,3.706,-60.425,2472.000
3.315,3.312,3.313,3.311,3.312,3.311,3.313,3.696,3.712,3.707,3.708,3.708,3.706,3.706,-60.467,2473.000
3.305,3.308,3.310,3.311,3.311,3.311,3.314,3.706,3.710,3.706,3.707,3.707,3.708,3.706,-60.467,2474.000
3.313,3.309,3.309,3.312,3.313,3.310,3.307,3.705,3.703,3.706,3.709,3.706,3.707,3.711,-60.255,2475.000
3.309,3.309,3.305,3.311,3.310,3.312,3.314,3.704,3.717,3.712,3.709,3.713,3.712,3.713,-60.325,2476.000
3.303,3.306,3.312,3.313,3.308,3.311,3.309,3.709,3.702,3.706,3.700,3.705,3.707,3.710,-60.307,2477.000
3.310,3.310,3.306,3.314,3.308,3.309,3.310,3.703,3.708,3.710,3.708,3.706,3.707,3.707,-60.493,2478.000
3.311,3.303,3.311,3.312,3.308,3.311,3.310,3.705,3.707,3.708,3.705,3.706,3.702,3.706,-60.651,2479.000
3.305,3.306,3.303,3.306,3.310,3.308,3.306,3.710,3.703,3.705,3.714,3.708,3.707,3.706,-60.663,2480.000
3.301,3.310,3.313,3.308,3.310,3.307,3.308,3.706,3.706,3.700,3.703,3.704,3.707,3.709,-60.600,2481.000
3.309,3.308,3.307,3.304,3.305,3.306,3.303,3.709,3.705,3.707,3.709,3.710,3.700,3.710,-60.466,2482.000
3.300,3.301,3.305,3.299,3.302,3.300,3.305,3.704,3.704,3.706,3.708,3.704,3.703,3.706,-60.579,2483.000
3.300,3.302,3.303,3.303,3.307,3.302,3.304,3.704,3.703,3.703,3.706,3.712,3.715,3.706,-60.634,2484.000
3.304,3.306,3.309,3.310,3.305,3.302,3.300,3.715,3.710,3.716,3.709,3.710,3.704,3.704,-60.566,2485.000
3.300,3.307,3.309,3.301,3.310,3.305,3.308,3.706,3.709,3.709,3.711,3.707,3.709,3.711,-60.456,2486.000
3.312,3.314,3.304,3.305,3.304,3.306,3.307,3.709,3.714,3.714,3.709,3.713,3.709,3.710,-60.424,2487.000
3.302,3.307,3.305,3.307,3.307,3.314,3.305,3.709,3.707,3.706,3.705,3.709,3.702,3.711,-60.448,2488.000
3.310,3.310,3.303,3.311,3.301,3.304,3.299,3.709,3.707,3.708,3.709,3.713,3.704,3.706,-60.275,2489.000
3.299,3.304,3.302,3.308,3.305,3.309,3.305,3.706,3.715,3.704,3.710,3.715,3.709,3.702,-60.180,2490.000
3.310,3.302,3.310,3.304,3.302,3.303,3.304,3.706,3.700,3.714,3.708,3.702,3.709,3.707,-60.273,2491.000
3.301,3.305,3.303,3.304,3.307,3.302,3.305,3.704,3.702,3.706,3.710,3.709,3.707,3.710,-60.234,2492.000
3.299,3.303,3.308,3.307,3.304,3.303,3.308,3.701,3.701,3.701,3.696,3.698,3.698,3.703,-60.321,2493.000
3.300,3.305,3.302,3.304,3.305,3.302,3.308,3.705,3.709,3.703,3.714,3.699,3.703,3.699,-60.324,2494.000
3.303,3.306,3.305,3.307,3.305,3.299,3.302,3.700,3.699,3.701,3.703,3.707,3.708,3.703,-60.491,2495.000
3.312,3.303,3.306,3.305,3.308,3.305,3.298,3.700,3.699,3.702,3.695,3.701,3.710,3.704,-60.763,2496.000
3.304,3.305,3.301,3.307,3.304,3.304,3.301,3.700,3.708,3.704,3.700,3.708,3.698,3.697,-60.674,2497.000
3.310,3.301,3.306,3.308,3.308,3.308,3.313,3.704,3.705,3.701,3.701,3.703,3.703,3.706,-60.590,2498.000
3.302,3.303,3.309,3.308,3.308,3.307,3.310,3.700,3.701,3.701,3.701,3.707,3.704,3.704,-60.528,2499.000
3.306,3.308,3.309,3.313,3.308,3.310,3.304,3.699,3.701,3.705,3.705,3.699,3.701,3.702,-60.509,2500.000
3.306,3.304,3.304,3.303,3.309,3.309,3.302,3.707,3.700,3.699,3.706,3.703,3.703,3.710,-60.317,2501.000
3.311,3.312,3.307,3.311,3.309,3.311,3.313,3.704,3.706,3.702,3.698,3.704,3.699,3.699,-60.394,2502.000
3.310,3.308,3.306,3.309,3.310,3.310,3.311,3.698,3.703,3.707,3.710,3.707,3.705,3.704,-60.422,2503.000
3.310,3.307,3.306,3.312,3.313,3.310,3.310,3.705,3.699,3.701,3.704,3.705,3.701,3.700,-60.425,2504.000
3.309,3.306,3.302,3.305,3.304,3.306,3.310,3.706,3.702,3.701,3.704,3.702,3.698,3.698,-60.480,2505.000
3.305,3.314,3.309,3.308,3.315,3.311,3.312,3.705,3.702,3.701,3.705,3.695,3.704,3.709,-60.477,2506.000
3.311,3.311,3.307,3.309,3.314,3.308,3.308,3.698,3.704,3.704,3.707,3.705,3.696,3.703,-60.472,2507.000
3.313,3.307,3.312,3.314,3.308,3.312,3.311,3.708,3.713,3.707,3.704,3.705,3.706,3.710,-60.505,2508.000
3.309,3.310,3.310,3.309,3.311,3.308,3.307,3.701,3.708,3.697,3.704,3.706,3.698,3.705,-60.606,2509.000
3.310,3.313,3.314,3.312,3.304,3.309,3.311,3.709,3.707,3.702,3.705,3.705,3.701,3.701,-60.589,2510.000
3.315,3.307,3.312,3.306,3.310,3.310,3.305,3.705,3.700,3.706,3.698,3.702,3.699,3.702,-60.480,2511.000
3.307,3.311,3.305,3.308,3.305,3.302,3.311,3.701,3.703,3.703,3.701,3.700,3.705,3.697,-60.497,2512.000
3.308,3.302,3.310,3.302,3.304,3.305,3.308,3.701,3.699,3.699,3.701,3.695,3.695,3.692,-60.495,2513.000
3.312,3.309,3.311,3.310,3.312,3.306,3.305,3.700,3.696,3.696,3.709,3.704,3.706,3.701,-60.684,2514.000
3.309,3.309,3.308,3.309,3.306,3.310,3.307,3.697,3.701,3.700,3.702,3.702,3.700,3.700,-60.685,2515.000
3.307,3.302,3.309,3.309,3.312,3.306,3.305,3.699,3.697,3.704,3.694,3.699,3.697,3.692,-60.630,2516.000
3.311,3.309,3.306,3.311,3.305,3.307,3.306,3.700,3.696,3.700,3.697,3.698,3.701,3.707,-60.635,2517.000
3.308,3.312,3.306,3.308,3.315,3.308,3.305,3.699,3.703,3.706,3.701,3.706,3.701,3.704,-60.468,2518.000
3.306,3.305,3.305,3.305,3.310,3.309,3.309,3.704,3.696,3.696,3.694,3.692,3.698,3.702,-60.539,2519.000
3.309,3.309,3.302,3.312,3.305,3.306,3.307,3.697,3.700,3.705,3.700,3.698,3.697,3.703,-60.175,2520.000
3.305,3.307,3.304,3.299,3.305,3.306,3.306,3.698,3.703,3.698,3.694,3.693,3.693,3.695,-60.432,2521.000
3.307,3.309,3.311,3.309,3.304,3.301,3.306,3.701,3.697,3.697,3.696,3.697,3.690,3.690,-60.523,2522.000
3.306,3.310,3.306,3.303,3.312,3.306,3.310,3.694,3.705,3.704,3.701,3.695,3.695,3.691,-60.500,2523.000
3.307,3.309,3.306,3.308,3.303,3.306,3.303,3.701,3.701,3.698,3.703,3.693,3.695,3.705,-60.310,2524.000
3.308,3.307,3.309,3.304,3.310,3.300,3.306,3.707,3.692,3.698,3.700,3.698,3.699,3.695,-60.302,2525.000
3.309,3.308,3.302,3.310,3.304,3.310,3.300,3.704,3.701,3.702,3.702,3.694,3.695,3.694,-60.284,2526.000
3.310,3.299,3.309,3.310,3.305,3.307,3.307,3.698,3.697,3.699,3.693,3.695,3.694,3.696,-60.307,2527.000
3.312,3.308,3.307,3.308,3.310,3.307,3.309,3.697,3.704,3.697,3.692,3.690,3.694,3.697,-60.409,2528.000
3.308,3.311,3.308,3.301,3.305,3.306,3.301,3.699,3.694,3.694,3.704,3.696,3.696,3.700,-60.423,2529.000
3.308,3.308,3.310,3.310,3.310,3.314,3.305,3.695,3.695,3.696,3.698,3.693,3.701,3.691,-60.334,2530.000
3.309,3.303,3.308,3.305,3.309,3.306,3.303,3.701,3.691,3.696,3.691,3.696,3.698,3.706,-60.398,2531.000
3.309,3.304,3.309,3.308,3.302,3.310,3.302,3.700,3.701,3.699,3.699,3.695,3.697,3.704,-60.617,2532.000
3.303,3.308,3.305,3.306,3.308,3.308,3.308,3.694,3.696,3.690,3.695,3.695,3.702,3.699,-60.628,2533.000
3.303,3.305,3.304,3.308,3.301,3.304,3.306,3.697,3.694,3.696,3.701,3.699,3.702,3.700,-60.690,2534.000
3.308,3.305,3.307,3.302,3.311,3.301,3.307,3.699,3.698,3.699,3.697,3.693,3.690,3.695,-60.641,2535.000
3.308,3.306,3.303,3.298,3.308,3.305,3.304,3.702,3.699,3.704,3.697,3.699,3.697,3.696,-60.664,2536.000
3.310,3.299,3.308,3.303,3.307,3.312,3.307,3.696,3.702,3.697,3.701,3.701,3.705,3.696,-60.674,2537.000
3.311,3.304,3.305,3.304,3.307,3.310,3.304,3.694,3.695,3.693,3.700,3.704,3.705,3.699,-60.614,2538.000
3.303,3.310,3.310,3.309,3.307,3.305,3.307,3.703,3.703,3.697,3.702,3.697,3.705,3.704,-60.586,2539.000
3.307,3.303,3.302,3.300,3.313,3.303,3.308,3.701,3.696,3.699,3.701,3.696,3.696,3.699,-60.560,2540.000
3.307,3.304,3.303,3.309,3.306,3.305,3.307,3.700,3.698,3.703,3.705,3.709,3.704,3.702,-60.514,2541.000
3.308,3.306,3.307,3.309,3.309,3.304,3.304,3.703,3.699,3.700,3.697,3.704,3.697,3.698,-60.381,2542.000
3.310,3.308,3.304,3.307,3.300,3.304,3.304,3.693,3.701,3.696,3.693,3.695,3.700,3.700,-60.356,2543.000
3.304,3.308,3.307,3.305,3.301,3.302,3.308,3.698,3.698,3.699,3.699,3.703,3.694,3.700,-60.710,2544.000
3.314,3.305,3.306,3.312,3.307,3.307,3.309,3.697,3.700,3.703,3.700,3.703,3.697,3.701,-60.706,2545.000
3.302,3.303,3.303,3.310,3.306,3.307,3.311,3.702,3.704,3.702,3.707,3.704,3.702,3.700,-60.604,2546.000
3.304,3.311,3.309,3.307,3.310,3.308,3.309,3.704,3.702,3.699,3.701,3.701,3.705,3.703,-60.570,2547.000
3.315,3.304,3.308,3.310,3.306,3.308,3.311,3.701,3.695,3.701,3.704,3.704,3.700,3.701,-60.596,2548.000
3.311,3.310,3.302,3.305,3.308,3.305,3.309,3.705,3.694,3.699,3.706,3.698,3.695,3.700,-60.539,2549.000
3.304,3.302,3.307,3.311,3.303,3.299,3.308,3.705,3.696,3.696,3.691,3.694,3.699,3.697,-60.601,2550.000
3.301,3.302,3.301,3.306,3.311,3.303,3.307,3.698,3.700,3.700,3.701,3.697,3.696,3.696,-60.578,2551.000
3.300,3.306,3.306,3.303,3.303,3.305,3.304,3.696,3.699,3.698,3.692,3.694,3.697,3.694,-60.498,2552.000
3.304,3.305,3.301,3.310,3.299,3.307,3.306,3.699,3.701,3.695,3.700,3.698,3.695,3.693,-60.536,2553.000
3.299,3.299,3.305,3.304,3.303,3.300,3.304,3.693,3.695,3.693,3.701,3.701,3.699,3.694,-60.290,2554.000
3.303,3.300,3.308,3.303,3.300,3.303,3.297,3.703,3.703,3.698,3.697,3.698,3.695,3.696,-60.290,2555.000
3.297,3.306,3.302,3.304,3.295,3.302,3.305,3.697,3.696,3.699,3.694,3.693,3.696,3.698,-60.265,2556.000
3.296,3.302,3.300,3.301,3.303,3.313,3.302,3.698,3.691,3.706,3.696,3.696,3.693,3.698,-60.200,2557.000
3.302,3.302,3.300,3.302,3.315,3.307,3.301,3.696,3.700,3.701,3.702,3.700,3.703,3.701,-60.297,2558.000
3.296,3.302,3.302,3.304,3.298,3.295,3.302,3.694,3.699,3.704,3.699,3.699,3.699,3.698,-60.488,2559.000
3.308,3.298,3.298,3.303,3.300,3.306,3.306,3.700,3.698,3.693,3.694,3.695,3.696,3.697,-60.497,2560.000
3.307,3.306,3.302,3.299,3.302,3.302,3.301,3.701,3.697,3.698,3.695,3.691,3.690,3.696,-60.423,2561.000
3.303,3.302,3.300,3.300,3.302,3.307,3.303,3.694,3.697,3.697,3.699,3.692,3.711,3.695,-60.170,2562.000
3.301,3.300,3.299,3.306,3.307,3.300,3.303,3.698,3.697,3.697,3.693,3.696,3.693,3.697,-60.265,2563.000
3.302,3.297,3.305,3.304,3.301,3.303,3.302,3.692,3.696,3.696,3.700,3.695,3.699,3.695,-60.278,2564.000
3.303,3.307,3.299,3.304,3.301,3.305,3.304,3.696,3.697,3.702,3.706,3.702,3.699,3.699,-60.306,2565.000
3.304,3.301,3.299,3.306,3.306,3.308,3.303,3.708,3.700,3.700,3.702,3.699,3.700,3.701,-60.335,2566.000
3.306,3.305,3.306,3.304,3.301,3.306,3.306,3.695,3.699,3.704,3.697,3.702,3.706,3.704,-60.346,2567.000
3.304,3.301,3.308,3.303,3.312,3.303,3.308,3.697,3.701,3.702,3.704,3.702,3.700,3.702,-60.463,2568.000
3.308,3.306,3.303,3.301,3.305,3.305,3.302,3.700,3.703,3.702,3.703,3.705,3.704,3.702,-60.331,2569.000
3.310,3.303,3.300,3.305,3.307,3.301,3.304,3.699,3.705,3.704,3.703,3.702,3.697,3.702,-60.330,2570.000
3.307,3.300,3.303,3.305,3.306,3.307,3.303,3.698,3.696,3.698,3.702,3.700,3.703,3.701,-60.229,2571.000
3.302,3.302,3.305,3.304,3.305,3.302,3.304,3.699,3.700,3.705,3.697,3.701,3.698,3.697,-60.138,2572.000
3.301,3.298,3.305,3.300,3.300,3.297,3.296,3.694,3.698,3.699,3.693,3.695,3.693,3.696,-60.312,2573.000
3.298,3.302,3.298,3.301,3.302,3.301,3.300,3.701,3.698,3.697,3.691,3.700,3.701,3.701,-60.237,2574.000
3.301,3.300,3.301,3.304,3.303,3.300,3.308,3.699,3.701,3.699,3.700,3.698,3.699,3.695,-60.322,2575.000
3.300,3.305,3.303,3.300,3.298,3.300,3.294,3.692,3.693,3.692,3.701,3.700,3.705,3.696,-60.311,2576.000
3.299,3.301,3.295,3.298,3.298,3.299,3.303,3.704,3.690,3.692,3.697,3.699,3.700,3.702,-60.245,2577.000
3.296,3.297,3.298,3.299,3.296,3.306,3.300,3.695,3.702,3.693,3.693,3.687,3.693,3.694,-60.266,2578.000
3.293,3.302,3.301,3.300,3.299,3.301,3.293,3.695,3.697,3.693,3.692,3.696,3.689,3.693,-60.193,2579.000
3.295,3.298,3.297,3.300,3.298,3.299,3.302,3.692,3.696,3.694,3.689,3.696,3.690,3.697,-60.281,2580.000
3.301,3.297,3.296,3.297,3.300,3.300,3.300,3.695,3.688,3.692,3.697,3.698,3.696,3.690,-60.420,2581.000
3.299,3.296,3.299,3.298,3.297,3.299,3.295,3.696,3.689,3.693,3.700,3.695,3.694,3.694,-60.401,2582.000
3.292,3.301,3.301,3.301,3.298,3.300,3.303,3.699,3.701,3.696,3.695,3.691,3.703,3.693,-60.521,2583.000
3.298,3.301,3.300,3.299,3.299,3.294,3.303,3.699,3.703,3.700,3.705,3.709,3.702,3.701,-60.452,2584.000
3.302,3.301,3.295,3.299,3.294,3.300,3.301,3.697,3.698,3.704,3.695,3.699,3.689,3.694,-60.324,2585.000
3.300,3.299,3.297,3.303,3.298,3.304,3.295,3.695,3.701,3.698,3.700,3.697,3.698,3.701,-60.338,2586.000
3.310,3.302,3.301,3.301,3.301,3.301,3.304,3.701,3.700,3.699,3.698,3.695,3.703,3.694,-60.349,2587.000
3.300,3.302,3.302,3.302,3.296,3.312,3.300,3.704,3.700,3.703,3.697,3.700,3.699,3.700,-60.274,2588.000
3.304,3.302,3.307,3.309,3.302,3.300,3.301,3.696,3.701,3.701,3.704,3.701,3.702,3.705,-60.339,2589.000
3.305,3.305,3.304,3.309,3.311,3.304,3.305,3.705,3.697,3.695,3.696,3.697,3.701,3.699,-60.192,2590.000
3.305,3.306,3.305,3.306,3.310,3.301,3.298,3.706,3.702,3.704,3.698,3.700,3.696,3.703,-60.136,2591.000
3.300,3.304,3.309,3.301,3.302,3.302,3.302,3.693,3.694,3.702,3.699,3.703,3.700,3.693,-60.149,2592.000
3.307,3.300,3.310,3.300,3.307,3.301,3.310,3.700,3.696,3.698,3.697,3.697,3.701,3.709,-60.149,2593.000
3.305,3.307,3.305,3.304,3.304,3.303,3.305,3.701,3.695,3.700,3.699,3.693,3.702,3.703,-60.334,2594.000
3.307,3.302,3.295,3.299,3.305,3.300,3.304,3.699,3.700,3.697,3.698,3.699,3.698,3.695,-60.396,2595.000
3.303,3.307,3.298,3.307,3.302,3.302,3.304,3.692,3.696,3.698,3.697,3.696,3.705,3.704,-60.406,2596.000
3.303,3.300,3.303,3.309,3.308,3.305,3.301,3.700,3.693,3.698,3.698,3.698,3.698,3.693,-60.299,2597.000
3.295,3.303,3.300,3.302,3.301,3.299,3.293,3.697,3.693,3.690,3.694,3.701,3.692,3.697,-60.191,2598.000
3.301,3.301,3.301,3.299,3.305,3.300,3.299,3.694,3.693,3.691,3.691,3.696,3.696,3.690,-60.016,2599.000
3.298,3.299,3.292,3.306,3.301,3.303,3.303,3.698,3.698,3.699,3.693,3.689,3.692,3.690,-59.917,2600.000
3.303,3.303,3.298,3.302,3.303,3.309,3.299,3.691,3.695,3.694,3.697,3.692,3.697,3.693,-60.056,2601.000
3.298,3.303,3.307,3.302,3.302,3.300,3.300,3.695,3.696,3.697,3.695,3.696,3.695,3.695,-59.961,2602.000
3.303,3.302,3.302,3.302,3.301,3.301,3.304,3.697,3.700,3.697,3.706,3.698,3.693,3.690,-60.148,2603.000
3.304,3.306,3.303,3.300,3.300,3.299,3.304,3.697,3.696,3.692,3.700,3.690,3.701,3.693,-60.208,2604.000
3.302,3.302,3.301,3.295,3.301,3.308,3.299,3.693,3.692,3.700,3.695,3.694,3.694,3.695,-60.177,2605.000
3.305,3.302,3.301,3.299,3.304,3.308,3.302,3.688,3.695,3.695,3.692,3.693,3.698,3.699,-60.282,2606.000
3.306,3.305,3.300,3.307,3.305,3.308,3.310,3.701,3.697,3.699,3.694,3.695,3.697,3.696,-60.245,2607.000
3.295,3.306,3.298,3.300,3.306,3.305,3.304,3.698,3.696,3.697,3.701,3.697,3.700,3.694,-60.333,2608.000
3.304,3.301,3.304,3.305,3.303,3.313,3.307,3.698,3.693,3.695,3.693,3.692,3.698,3.697,-60.238,2609.000
3.305,3.307,3.302,3.308,3.306,3.308,3.309,3.694,3.695,3.696,3.693,3.694,3.696,3.695,-60.236,2610.000
3.305,3.306,3.306,3.305,3.307,3.301,3.305,3.700,3.698,3.699,3.699,3.695,3.694,3.698,-60.221,2611.000
3.301,3.303,3.306,3.306,3.303,3.308,3.308,3.701,3.702,3.698,3.700,3.695,3.696,3.691,-60.221,2612.000
3.297,3.301,3.298,3.296,3.302,3.299,3.302,3.692,3.695,3.696,3.698,3.694,3.691,3.697,-60.251,2613.000
3.300,3.300,3.303,3.303,3.303,3.302,3.305,3.696,3.695,3.702,3.695,3.699,3.701,3.698,-60.240,2614.000
3.305,3.307,3.303,3.310,3.305,3.306,3.303,3.697,3.693,3.699,3.696,3.700,3.697,3.700,-60.069,2615.000
3.308,3.309,3.300,3.304,3.296,3.304,3.299,3.694,3.696,3.696,3.696,3.695,3.699,3.702,-60.069,2616.000
3.308,3.306,3.307,3.302,3.302,3.306,3.306,3.693,3.693,3.688,3.706,3.705,3.703,3.698,-60.049,2617.000
3.306,3.303,3.302,3.307,3.304,3.306,3.300,3.696,3.700,3.698,3.694,3.697,3.695,3.691,-60.177,2618.000
3.302,3.301,3.307,3.302,3.308,3.305,3.309,3.701,3.697,3.702,3.696,3.700,3.697,3.698,-60.177,2619.000
3.307,3.308,3.305,3.307,3.301,3.306,3.303,3.699,3.703,3.703,3.701,3.700,3.695,3.695,-60.155,2620.000
3.298,3.307,3.306,3.303,3.308,3.309,3.303,3.701,3.696,3.692,3.694,3.693,3.696,3.695,-60.160,2621.000
3.304,3.310,3.303,3.303,3.307,3.305,3.307,3.695,3.696,3.695,3.695,3.704,3.699,3.693,-60.133,2622.000
3.305,3.306,3.307,3.308,3.303,3.303,3.304,3.699,3.694,3.691,3.693,3.695,3.694,3.693,-60.177,2623.000
3.303,3.304,3.297,3.305,3.306,3.299,3.302,3.694,3.693,3.692,3.697,3.697,3.697,3.693,-60.201,2624.000
3.309,3.303,3.305,3.300,3.303,3.303,3.312,3.696,3.695,3.694,3.697,3.695,3.696,3.702,-60.281,2625.000
3.306,3.302,3.305,3.302,3.308,3.305,3.309,3.694,3.697,3.696,3.695,3.695,3.708,3.697,-60.375,2626.000
3.302,3.299,3.309,3.302,3.299,3.305,3.303,3.699,3.696,3.697,3.692,3.689,3.698,3.700,-60.491,2627.000
3.303,3.309,3.309,3.306,3.305,3.309,3.302,3.703,3.696,3.700,3.691,3.698,3.698,3.692,-60.416,2628.000
3.300,3.305,3.302,3.306,3.304,3.305,3.305,3.702,3.700,3.700,3.693,3.703,3.698,3.699,-60.370,2629.000
3.306,3.307,3.301,3.303,3.303,3.308,3.310,3.698,3.702,3.698,3.698,3.698,3.697,3.696,-60.370,2630.000
3.305,3.308,3.307,3.307,3.305,3.310,3.306,3.703,3.701,3.695,3.702,3.702,3.696,3.698,-60.484,2631.000
3.305,3.307,3.305,3.301,3.306,3.305,3.308,3.693,3.693,3.694,3.695,3.693,3.698,3.700,-60.497,2632.000
3.305,3.306,3.306,3.302,3.307,3.309,3.308,3.695,3.689,3.698,3.699,3.701,3.698,3.704,-60.426,2633.000
3.306,3.309,3.302,3.305,3.309,3.303,3.304,3.701,3.697,3.694,3.702,3.688,3.695,3.689,-60.435,2634.000
3.302,3.310,3.308,3.310,3.305,3.305,3.299,3.702,3.702,3.703,3.699,3.697,3.701,3.697,-60.722,2635.000
3.301,3.302,3.310,3.302,3.305,3.304,3.294,3.697,3.701,3.696,3.692,3.697,3.698,3.697,-60.590,2636.000
3.310,3.309,3.311,3.307,3.304,3.308,3.303,3.702,3.694,3.698,3.704,3.695,3.694,3.696,-60.475,2637.000
3.302,3.305,3.300,3.305,3.301,3.307,3.307,3.698,3.698,3.698,3.699,3.698,3.693,3.701,-60.448,2638.000
3.308,3.304,3.302,3.307,3.309,3.306,3.310,3.699,3.694,3.702,3.698,3.706,3.703,3.696,-60.465,2639.000
3.307,3.298,3.302,3.303,3.310,3.308,3.310,3.700,3.704,3.698,3.704,3.692,3.693,3.694,-60.477,2640.000
3.303,3.300,3.307,3.299,3.304,3.303,3.307,3.692,3.697,3.700,3.698,3.699,3.698,3.696,-60.417,2641.000
3.305,3.310,3.300,3.304,3.303,3.305,3.306,3.694,3.691,3.694,3.697,3.693,3.701,3.694,-60.412,2642.000
3.297,3.309,3.301,3.304,3.303,3.302,3.297,3.693,3.702,3.698,3.693,3.692,3.692,3.694,-60.405,2643.000
3.301,3.300,3.298,3.298,3.306,3.301,3.303,3.697,3.696,3.690,3.687,3.694,3.686,3.691,-60.437,2644.000
3.302,3.298,3.305,3.302,3.296,3.302,3.303,3.693,3.693,3.693,3.693,3.695,3.691,3.690,-60.480,2645.000
3.299,3.299,3.299,3.300,3.299,3.296,3.302,3.690,3.696,3.694,3.697,3.693,3.697,3.694,-60.458,2646.000
3.296,3.295,3.301,3.299,3.299,3.298,3.301,3.689,3.690,3.690,3.691,3.690,3.686,3.689,-60.276,2647.000
3.298,3.297,3.293,3.299,3.304,3.296,3.296,3.688,3.688,3.692,3.695,3.689,3.692,3.691,-60.396,2648.000
3.301,3.295,3.303,3.293,3.297,3.297,3.303,3.690,3.691,3.696,3.696,3.706,3.690,3.694,-60.495,2649.000
3.300,3.302,3.303,3.296,3.293,3.302,3.297,3.692,3.700,3.698,3.687,3.698,3.696,3.693,-60.363,2650.000
3.300,3.299,3.297,3.304,3.304,3.295,3.297,3.697,3.696,3.699,3.698,3.691,3.695,3.694,-60.423,2651.000
3.300,3.302,3.302,3.299,3.301,3.308,3.302,3.695,3.694,3.692,3.695,3.702,3.694,3.695,-60.395,2652.000
3.303,3.300,3.308,3.299,3.304,3.301,3.306,3.696,3.695,3.703,3.704,3.705,3.699,3.698,-60.395,2653.000
3.301,3.300,3.306,3.307,3.302,3.303,3.304,3.700,3.696,3.693,3.700,3.697,3.689,3.699,-60.393,2654.000
3.301,3.303,3.303,3.305,3.299,3.306,3.299,3.699,3.701,3.703,3.699,3.706,3.708,3.699,-60.308,2655.000
3.298,3.298,3.304,3.303,3.303,3.303,3.305,3.698,3.697,3.703,3.696,3.696,3.700,3.695,-60.311,2656.000
3.303,3.299,3.302,3.311,3.293,3.307,3.298,3.700,3.693,3.691,3.702,3.705,3.699,3.696,-60.316,2657.000
3.302,3.306,3.305,3.305,3.299,3.300,3.301,3.695,3.693,3.698,3.694,3.694,3.696,3.697,-60.420,2658.000
3.304,3.303,3.304,3.306,3.304,3.308,3.302,3.696,3.696,3.696,3.700,3.701,3.693,3.698,-60.520,2659.000
3.304,3.311,3.303,3.299,3.303,3.305,3.306,3.698,3.701,3.699,3.699,3.692,3.696,3.700,-60.507,2660.000
3.309,3.305,3.302,3.302,3.304,3.311,3.302,3.695,3.701,3.693,3.698,3.698,3.695,3.701,-60.433,2661.000
3.306,3.302,3.300,3.313,3.300,3.306,3.311,3.697,3.693,3.700,3.696,3.693,3.699,3.700,-60.560,2662.000
3.310,3.303,3.306,3.308,3.303,3.303,3.304,3.696,3.697,3.700,3.699,3.696,3.694,3.692,-60.591,2663.000
3.302,3.305,3.303,3.303,3.304,3.299,3.302,3.697,3.699,3.697,3.697,3.694,3.701,3.701,-60.591,2664.000
3.300,3.300,3.306,3.298,3.306,3.302,3.301,3.693,3.696,3.694,3.694,3.695,3.699,3.697,-60.423,2665.000
3.304,3.298,3.304,3.297,3.301,3.301,3.302,3.702,3.701,3.695,3.693,3.693,3.688,3.689,-60.436,2666.000
3.295,3.303,3.296,3.300,3.301,3.302,3.296,3.690,3.696,3.692,3.701,3.701,3.689,3.693,-60.459,2667.000
3.297,3.298,3.300,3.295,3.296,3.296,3.295,3.694,3.687,3.692,3.696,3.693,3.696,3.687,-60.387,2668.000
3.301,3.304,3.301,3.305,3.299,3.298,3.291,3.695,3.694,3.695,3.697,3.694,3.693,3.689,-60.355,2669.000
3.295,3.297,3.292,3.291,3.302,3.288,3.293,3.689,3.692,3.693,3.693,3.693,3.690,3.692,-60.477,2670.000
3.302,3.297,3.299,3.293,3.298,3.299,3.294,3.695,3.697,3.692,3.690,3.687,3.686,3.688,-60.349,2671.000
3.299,3.300,3.296,3.298,3.299,3.295,3.298,3.690,3.701,3.691,3.687,3.688,3.688,3.689,-60.381,2672.000
3.299,3.301,3.295,3.299,3.295,3.298,3.296,3.696,3.695,3.693,3.694,3.684,3.691,3.691,-60.539,2673.000
3.299,3.303,3.299,3.293,3.296,3.296,3.298,3.694,3.692,3.691,3.687,3.687,3.689,3.687,-60.321,2674.000
3.301,3.299,3.298,3.297,3.297,3.296,3.294,3.690,3.688,3.692,3.688,3.693,3.686,3.695,-60.345,2675.000
3.296,3.298,3.297,3.296,3.299,3.296,3.296,3.690,3.693,3.695,3.688,3.690,3.698,3.690,-60.568,2676.000
3.296,3.299,3.298,3.299,3.297,3.300,3.297,3.698,3.696,3.695,3.686,3.691,3.690,3.698,-60.473,2677.000
3.303,3.306,3.297,3.300,3.299,3.298,3.297,3.692,3.694,3.695,3.697,3.695,3.696,3.697,-60.597,2678.000
3.295,3.297,3.301,3.302,3.292,3.298,3.295,3.694,3.695,3.695,3.697,3.694,3.695,3.695,-60.560,2679.000
3.304,3.300,3.298,3.304,3.296,3.297,3.305,3.696,3.695,3.696,3.692,3.696,3.690,3.694,-60.443,2680.000
3.296,3.294,3.303,3.299,3.298,3.299,3.296,3.695,3.689,3.689,3.698,3.689,3.696,3.692,-60.347,2681.000
3.295,3.298,3.291,3.300,3.294,3.300,3.298,3.694,3.690,3.688,3.684,3.696,3.693,3.696,-60.324,2682.000
3.299,3.293,3.299,3.298,3.294,3.294,3.297,3.687,3.687,3.690,3.693,3.695,3.692,3.691,-60.384,2683.000
3.296,3.292,3.292,3.290,3.297,3.292,3.297,3.691,3.696,3.694,3.694,3.684,3.690,3.687,-60.477,2684.000
3.296,3.297,3.290,3.292,3.294,3.291,3.294,3.690,3.685,3.694,3.692,3.686,3.690,3.690,-60.334,2685.000
3.293,3.293,3.299,3.301,3.297,3.294,3.293,3.702,3.696,3.694,3.687,3.685,3.687,3.687,-60.281,2686.000
3.295,3.298,3.293,3.297,3.295,3.296,3.292,3.690,3.692,3.691,3.693,3.693,3.688,3.691,-60.243,2687.000
3.289,3.296,3.296,3.297,3.297,3.294,3.294,3.683,3.687,3.693,3.687,3.691,3.689,3.686,-60.305,2688.000
3.298,3.297,3.294,3.291,3.300,3.296,3.299,3.690,3.693,3.688,3.684,3.686,3.687,3.691,-60.553,2689.000
3.294,3.299,3.297,3.297,3.296,3.299,3.295,3.688,3.690,3.692,3.691,3.686,3.689,3.687,-60.522,2690.000
3.295,3.293,3.292,3.296,3.287,3.296,3.290,3.691,3.685,3.691,3.693,3.700,3.695,3.689,-60.328,2691.000
3.292,3.299,3.294,3.294,3.293,3.297,3.300,3.683,3.687,3.686,3.693,3.681,3.685,3.685,-60.269,2692.000
3.295,3.293,3.294,3.292,3.293,3.294,3.295,3.683,3.690,3.692,3.690,3.687,3.692,3.683,-60.253,2693.000
3.298,3.297,3.291,3.290,3.298,3.296,3.287,3.687,3.688,3.689,3.688,3.691,3.688,3.690,-60.217,2694.000
3.294,3.291,3.295,3.295,3.296,3.291,3.295,3.685,3.688,3.688,3.686,3.693,3.687,3.687,-60.359,2695.000
3.297,3.297,3.293,3.292,3.296,3.294,3.292,3.682,3.679,3.692,3.686,3.683,3.687,3.687,-60.279,2696.000
3.297,3.293,3.293,3.291,3.296,3.293,3.295,3.686,3.686,3.684,3.681,3.689,3.690,3.691,-60.227,2697.000
3.289,3.291,3.291,3.293,3.286,3.289,3.289,3.688,3.687,3.685,3.686,3.688,3.687,3.687,-60.380,2698.000
3.292,3.293,3.295,3.292,3.289,3.302,3.295,3.688,3.696,3.691,3.688,3.687,3.690,3.689,-60.456,2699.000
3.291,3.295,3.295,3.293,3.293,3.291,3.295,3.686,3.693,3.688,3.686,3.687,3.684,3.689,-60.456,2700.000
3.286,3.289,3.297,3.290,3.288,3.294,3.293,3.688,3.688,3.684,3.689,3.691,3.687,3.690,-60.308,2701.000
3.292,3.286,3.289,3.296,3.294,3.289,3.295,3.686,3.689,3.691,3.682,3.687,3.686,3.687,-60.141,2702.000
3.294,3.295,3.290,3.296,3.298,3.297,3.295,3.682,3.683,3.685,3.694,3.690,3.682,3.683,-60.000,2703.000
3.293,3.285,3.294,3.294,3.290,3.292,3.292,3.683,3.689,3.688,3.687,3.686,3.675,3.693,-60.000,2704.000
3.290,3.296,3.293,3.294,3.290,3.290,3.286,3.684,3.691,3.682,3.687,3.689,3.687,3.684,-60.177,2705.000
3.292,3.295,3.294,3.285,3.294,3.290,3.295,3.684,3.681,3.688,3.683,3.688,3.693,3.686,-60.224,2706.000
3.294,3.289,3.290,3.289,3.292,3.290,3.286,3.680,3.686,3.685,3.689,3.685,3.694,3.688,-60.319,2707.000
3.288,3.294,3.294,3.292,3.291,3.293,3.293,3.681,3.684,3.682,3.683,3.692,3.686,3.686,-60.398,2708.000
3.291,3.291,3.289,3.294,3.292,3.294,3.293,3.691,3.689,3.688,3.687,3.684,3.688,3.689,-60.401,2709.000
3.294,3.290,3.296,3.287,3.291,3.284,3.289,3.684,3.686,3.679,3.683,3.682,3.687,3.685,-60.429,2710.000
3.294,3.298,3.298,3.290,3.300,3.296,3.295,3.688,3.686,3.691,3.687,3.686,3.688,3.686,-60.482,2711.000
3.297,3.292,3.293,3.297,3.298,3.294,3.290,3.687,3.692,3.684,3.682,3.682,3.681,3.694,-60.414,2712.000
3.292,3.293,3.292,3.296,3.292,3.294,3.289,3.692,3.688,3.687,3.689,3.686,3.685,3.688,-60.384,2713.000
3.292,3.292,3.295,3.294,3.285,3.285,3.292,3.685,3.682,3.692,3.693,3.693,3.687,3.687,-60.389,2714.000
3.297,3.289,3.292,3.284,3.289,3.290,3.292,3.686,3.689,3.686,3.682,3.685,3.681,3.681,-60.499,2715.000
3.293,3.288,3.290,3.295,3.291,3.289,3.288,3.685,3.685,3.681,3.682,3.680,3.691,3.687,-60.435,2716.000
3.296,3.287,3.297,3.295,3.299,3.298,3.295,3.683,3.678,3.677,3.689,3.684,3.691,3.691,-60.353,2717.000
3.292,3.289,3.290,3.295,3.294,3.290,3.290,3.684,3.692,3.692,3.689,3.696,3.688,3.691,-60.351,2718.000
3.289,3.296,3.298,3.287,3.293,3.293,3.294,3.689,3.680,3.682,3.687,3.688,3.689,3.690,-60.305,2719.000
3.290,3.298,3.290,3.292,3.296,3.297,3.296,3.682,3.689,3.693,3.689,3.692,3.696,3.687,-60.350,2720.000
3.299,3.290,3.298,3.289,3.289,3.293,3.288,3.683,3.687,3.689,3.691,3.690,3.687,3.688,-60.235,2721.000
3.296,3.297,3.290,3.292,3.291,3.295,3.290,3.693,3.696,3.692,3.697,3.693,3.690,3.689,-60.136,2722.000
3.299,3.289,3.296,3.293,3.296,3.285,3.286,3.690,3.689,3.692,3.687,3.689,3.685,3.691,-60.234,2723.000
3.296,3.291,3.287,3.296,3.286,3.287,3.288,3.689,3.691,3.692,3.686,3.693,3.696,3.691,-60.165,2724.000
3.289,3.291,3.293,3.290,3.297,3.289,3.295,3.690,3.679,3.694,3.694,3.683,3.685,3.693,-60.091,2725.000
3.293,3.291,3.288,3.295,3.289,3.295,3.293,3.685,3.686,3.688,3.690,3.686,3.688,3.686,-60.087,2726.000
3.291,3.299,3.296,3.290,3.296,3.294,3.294,3.694,3.693,3.693,3.679,3.679,3.683,3.681,-60.210,2727.000
3.299,3.300,3.296,3.297,3.294,3.301,3.297,3.682,3.689,3.687,3.690,3.687,3.687,3.688,-60.240,2728.000
3.289,3.296,3.292,3.300,3.293,3.297,3.290,3.691,3.686,3.685,3.689,3.689,3.693,3.692,-59.974,2729.000
3.298,3.299,3.295,3.294,3.297,3.297,3.295,3.691,3.688,3.687,3.686,3.687,3.687,3.690,-60.052,2730.000
3.296,3.294,3.295,3.295,3.292,3.299,3.300,3.685,3.687,3.692,3.687,3.695,3.690,3.681,-60.113,2731.000
3.295,3.300,3.299,3.298,3.297,3.292,3.292,3.687,3.687,3.685,3.689,3.684,3.686,3.683,-60.262,2732.000
3.294,3.294,3.292,3.292,3.294,3.294,3.297,3.684,3.687,3.683,3.691,3.681,3.690,3.687,-60.280,2733.000
3.289,3.294,3.294,3.298,3.296,3.293,3.293,3.689,3.688,3.690,3.690,3.685,3.683,3.684,-60.220,2734.000
3.294,3.292,3.296,3.292,3.289,3.291,3.298,3.682,3.686,3.689,3.681,3.689,3.681,3.685,-60.080,2735.000
3.291,3.294,3.298,3.285,3.292,3.288,3.295,3.685,3.679,3.686,3.685,3.687,3.691,3.685,-60.244,2736.000
3.296,3.285,3.292,3.294,3.293,3.288,3.294,3.684,3.683,3.683,3.680,3.688,3.688,3.683,-60.173,2737.000
3.291,3.290,3.286,3.299,3.285,3.288,3.286,3.691,3.685,3.682,3.684,3.680,3.685,3.679,-60.029,2738.000
3.289,3.287,3.294,3.284,3.291,3.291,3.294,3.684,3.684,3.685,3.683,3.687,3.686,3.681,-59.976,2739.000
3.289,3.291,3.290,3.286,3.286,3.288,3.287,3.681,3.681,3.680,3.678,3.679,3.687,3.684,-60.108,2740.000
3.290,3.288,3.286,3.286,3.284,3.287,3.288,3.686,3.680,3.677,3.680,3.681,3.681,3.676,-60.160,2741.000
3.289,3.289,3.283,3.288,3.287,3.288,3.292,3.684,3.679,3.686,3.683,3.682,3.687,3.678,-60.135,2742.000
3.285,3.285,3.287,3.287,3.287,3.282,3.288,3.673,3.679,3.681,3.677,3.686,3.681,3.678,-60.226,2743.000
3.289,3.281,3.286,3.280,3.287,3.284,3.284,3.680,3.681,3.674,3.677,3.681,3.679,3.679,-60.175,2744.000
3.287,3.281,3.285,3.286,3.286,3.286,3.284,3.683,3.676,3.682,3.679,3.680,3.681,3.683,-60.120,2745.000
3.289,3.286,3.284,3.283,3.286,3.279,3.283,3.680,3.677,3.678,3.680,3.680,3.678,3.679,-60.216,2746.000
3.280,3.283,3.287,3.283,3.281,3.285,3.283,3.679,3.672,3.681,3.681,3.674,3.674,3.678,-60.340,2747.000
3.285,3.290,3.284,3.284,3.289,3.289,3.287,3.680,3.686,3.685,3.677,3.678,3.682,3.685,-60.271,2748.000
3.290,3.285,3.285,3.283,3.289,3.291,3.289,3.681,3.691,3.679,3.683,3.683,3.678,3.682,-60.149,2749.000
3.289,3.283,3.289,3.283,3.282,3.287,3.284,3.676,3.684,3.684,3.679,3.679,3.681,3.679,-59.970,2750.000
3.287,3.289,3.283,3.284,3.281,3.287,3.281,3.687,3.681,3.680,3.681,3.678,3.681,3.682,-59.936,2751.000
3.284,3.288,3.281,3.282,3.281,3.284,3.290,3.683,3.682,3.674,3.672,3.681,3.676,3.677,-60.105,2752.000
3.281,3.289,3.282,3.281,3.275,3.285,3.283,3.675,3.683,3.676,3.674,3.680,3.675,3.681,-60.105,2753.000
3.282,3.286,3.282,3.280,3.283,3.282,3.276,3.672,3.679,3.677,3.681,3.680,3.675,3.677,-60.202,2754.000
3.281,3.284,3.280,3.279,3.278,3.285,3.275,3.676,3.676,3.674,3.678,3.673,3.666,3.670,-60.185,2755.000
3.275,3.280,3.282,3.280,3.273,3.278,3.277,3.675,3.679,3.678,3.670,3.673,3.674,3.670,-60.382,2756.000
3.281,3.280,3.282,3.281,3.279,3.280,3.278,3.675,3.676,3.671,3.674,3.674,3.677,3.677,-60.231,2757.000
3.281,3.283,3.286,3.281,3.286,3.283,3.281,3.673,3.676,3.680,3.677,3.675,3.677,3.676,-60.385,2758.000
3.286,3.285,3.286,3.275,3.283,3.279,3.285,3.672,3.676,3.673,3.674,3.674,3.682,3.676,-60.514,2759.000
3.279,3.289,3.288,3.281,3.281,3.287,3.290,3.674,3.681,3.675,3.684,3.683,3.675,3.678,-60.397,2760.000
3.285,3.292,3.286,3.280,3.280,3.289,3.282,3.682,3.681,3.680,3.682,3.674,3.677,3.677,-60.364,2761.000
3.282,3.285,3.287,3.287,3.286,3.284,3.284,3.678,3.679,3.676,3.677,3.678,3.679,3.679,-60.266,2762.000
3.282,3.284,3.286,3.286,3.287,3.283,3.281,3.682,3.685,3.679,3.684,3.680,3.676,3.682,-60.301,2763.000
3.294,3.288,3.288,3.287,3.279,3.284,3.287,3.676,3.685,3.684,3.680,3.677,3.682,3.682,-60.345,2764.000
3.293,3.283,3.285,3.281,3.284,3.286,3.285,3.678,3.679,3.675,3.685,3.685,3.685,3.685,-60.341,2765.000
3.284,3.289,3.288,3.287,3.290,3.290,3.288,3.684,3.685,3.681,3.681,3.681,3.680,3.685,-60.210,2766.000
3.282,3.286,3.283,3.282,3.290,3.287,3.284,3.680,3.674,3.675,3.675,3.681,3.674,3.676,-60.333,2767.000
3.287,3.285,3.285,3.285,3.286,3.280,3.285,3.683,3.682,3.680,3.678,3.676,3.684,3.680,-60.193,2768.000
3.288,3.286,3.293,3.293,3.288,3.287,3.284,3.682,3.681,3.685,3.680,3.683,3.681,3.688,-60.100,2769.000
3.284,3.285,3.284,3.283,3.285,3.283,3.282,3.680,3.683,3.675,3.681,3.677,3.682,3.679,-60.014,2770.000
3.288,3.288,3.282,3.289,3.288,3.285,3.279,3.683,3.680,3.680,3.679,3.680,3.675,3.674,-60.014,2771.000
3.285,3.282,3.284,3.288,3.288,3.279,3.285,3.678,3.676,3.677,3.674,3.679,3.677,3.679,-60.103,2772.000
3.289,3.285,3.281,3.285,3.285,3.282,3.285,3.680,3.679,3.684,3.684,3.672,3.677,3.679,-60.078,2773.000
3.282,3.289,3.290,3.285,3.283,3.285,3.292,3.682,3.677,3.679,3.682,3.681,3.679,3.687,-60.285,2774.000
3.286,3.289,3.289,3.294,3.293,3.289,3.285,3.687,3.679,3.689,3.686,3.680,3.678,3.678,-60.282,2775.000
3.289,3.286,3.288,3.296,3.290,3.293,3.283,3.689,3.683,3.685,3.692,3.685,3.690,3.679,-60.373,2776.000
3.294,3.288,3.291,3.288,3.294,3.294,3.285,3.681,3.683,3.682,3.688,3.681,3.692,3.684,-60.115,2777.000
3.288,3.297,3.288,3.294,3.289,3.295,3.291,3.680,3.683,3.682,3.688,3.682,3.689,3.683,-59.967,2778.000
3.290,3.299,3.296,3.292,3.294,3.297,3.298,3.688,3.688,3.683,3.682,3.686,3.692,3.695,-59.945,2779.000
3.299,3.293,3.297,3.293,3.294,3.293,3.290,3.688,3.692,3.690,3.688,3.685,3.690,3.687,-59.945,2780.000
3.298,3.294,3.296,3.292,3.295,3.291,3.291,3.686,3.691,3.690,3.692,3.691,3.685,3.681,-59.993,2781.000
3.296,3.298,3.291,3.295,3.292,3.289,3.295,3.685,3.685,3.689,3.688,3.688,3.690,3.690,-59.968,2782.000
3.303,3.296,3.291,3.295,3.295,3.291,3.290,3.689,3.683,3.687,3.687,3.689,3.681,3.684,-60.052,2783.000
3.295,3.299,3.291,3.291,3.295,3.299,3.297,3.683,3.681,3.689,3.693,3.688,3.688,3.684,-60.186,2784.000
3.290,3.292,3.300,3.295,3.292,3.290,3.297,3.693,3.690,3.692,3.687,3.691,3.690,3.689,-60.280,2785.000
3.289,3.291,3.295,3.293,3.290,3.299,3.291,3.687,3.689,3.692,3.692,3.690,3.691,3.685,-60.175,2786.000
3.294,3.302,3.294,3.296,3.292,3.299,3.293,3.689,3.692,3.692,3.685,3.688,3.689,3.689,-60.192,2787.000
3.291,3.297,3.295,3.293,3.291,3.299,3.298,3.689,3.683,3.688,3.689,3.685,3.687,3.686,-60.205,2788.000
3.297,3.295,3.291,3.291,3.290,3.292,3.291,3.687,3.686,3.688,3.684,3.687,3.685,3.682,-60.306,2789.000
3.291,3.287,3.291,3.288,3.288,3.294,3.284,3.681,3.681,3.680,3.677,3.677,3.682,3.680,-60.198,2790.000
3.286,3.284,3.289,3.284,3.288,3.286,3.287,3.678,3.679,3.677,3.680,3.676,3.676,3.682,-60.246,2791.000
3.277,3.284,3.279,3.284,3.284,3.282,3.282,3.681,3.669,3.676,3.672,3.669,3.674,3.671,-60.513,2792.000
3.280,3.279,3.278,3.281,3.278,3.280,3.282,3.672,3.668,3.666,3.673,3.670,3.672,3.667,-60.532,2793.000
3.276,3.272,3.272,3.281,3.280,3.267,3.276,3.668,3.668,3.669,3.665,3.666,3.672,3.670,-60.540,2794.000
3.273,3.272,3.272,3.267,3.273,3.276,3.279,3.673,3.667,3.669,3.665,3.666,3.668,3.672,-60.458,2795.000
3.274,3.266,3.273,3.274,3.277,3.278,3.272,3.680,3.665,3.668,3.666,3.671,3.663,3.660,-60.560,2796.000
3.272,3.276,3.277,3.272,3.271,3.278,3.274,3.673,3.672,3.671,3.663,3.667,3.669,3.669,-60.557,2797.000
3.273,3.269,3.272,3.277,3.273,3.267,3.275,3.671,3.673,3.667,3.667,3.671,3.669,3.673,-60.486,2798.000
3.274,3.265,3.276,3.267,3.277,3.273,3.278,3.672,3.669,3.673,3.671,3.668,3.673,3.673,-60.668,2799.000
3.279,3.274,3.264,3.269,3.275,3.270,3.273,3.668,3.667,3.670,3.669,3.668,3.671,3.670,-60.668,2800.000
3.274,3.270,3.271,3.275,3.274,3.273,3.273,3.671,3.669,3.670,3.673,3.669,3.666,3.667,-60.598,2801.000
3.276,3.277,3.274,3.270,3.278,3.273,3.271,3.671,3.672,3.673,3.669,3.668,3.669,3.674,-60.493,2802.000
3.268,3.274,3.272,3.268,3.271,3.272,3.274,3.678,3.666,3.662,3.667,3.664,3.671,3.670,-60.453,2803.000
3.273,3.272,3.273,3.273,3.270,3.273,3.271,3.664,3.671,3.661,3.669,3.660,3.662,3.666,-60.439,2804.000
3.268,3.268,3.267,3.271,3.265,3.276,3.270,3.669,3.665,3.659,3.659,3.659,3.662,3.663,-60.519,2805.000
3.268,3.266,3.268,3.266,3.265,3.267,3.270,3.665,3.668,3.666,3.662,3.666,3.662,3.659,-60.422,2806.000
3.270,3.267,3.268,3.271,3.275,3.267,3.268,3.665,3.663,3.666,3.662,3.661,3.665,3.663,-60.495,2807.000
3.270,3.269,3.267,3.273,3.268,3.269,3.271,3.669,3.676,3.662,3.666,3.668,3.667,3.657,-60.417,2808.000
3.271,3.266,3.272,3.278,3.275,3.268,3.275,3.664,3.665,3.665,3.668,3.665,3.662,3.665,-60.130,2809.000
3.271,3.271,3.264,3.269,3.272,3.272,3.273,3.661,3.667,3.658,3.661,3.670,3.663,3.662,-60.131,2810.000
3.274,3.274,3.264,3.265,3.271,3.271,3.271,3.666,3.667,3.668,3.662,3.666,3.662,3.669,-60.272,2811.000
3.274,3.276,3.261,3.269,3.266,3.272,3.269,3.667,3.667,3.670,3.664,3.666,3.668,3.670,-60.331,2812.000
3.275,3.275,3.269,3.271,3.272,3.273,3.270,3.659,3.671,3.668,3.665,3.664,3.666,3.668,-60.229,2813.000
3.274,3.275,3.271,3.266,3.274,3.277,3.274,3.669,3.665,3.671,3.664,3.660,3.667,3.668,-60.303,2814.000
3.273,3.274,3.275,3.275,3.270,3.271,3.270,3.672,3.666,3.667,3.668,3.671,3.669,3.673,-60.394,2815.000
3.276,3.276,3.277,3.271,3.274,3.270,3.280,3.668,3.672,3.667,3.666,3.669,3.670,3.666,-60.410,2816.000
3.277,3.271,3.275,3.275,3.280,3.273,3.275,3.669,3.670,3.669,3.665,3.670,3.672,3.672,-60.240,2817.000
3.276,3.277,3.270,3.270,3.276,3.278,3.276,3.671,3.668,3.670,3.674,3.666,3.668,3.665,-60.319,2818.000
3.284,3.284,3.279,3.278,3.275,3.279,3.278,3.674,3.672,3.674,3.672,3.673,3.665,3.676,-60.149,2819.000
3.281,3.279,3.273,3.274,3.274,3.280,3.277,3.668,3.668,3.672,3.675,3.672,3.674,3.673,-60.027,2820.000
3.284,3.274,3.279,3.280,3.287,3.278,3.280,3.673,3.673,3.675,3.677,3.674,3.673,3.667,-60.122,2821.000
3.280,3.278,3.277,3.276,3.277,3.279,3.280,3.673,3.669,3.672,3.671,3.676,3.669,3.674,-60.255,2822.000
3.280,3.277,3.286,3.282,3.282,3.276,3.284,3.669,3.674,3.671,3.677,3.677,3.678,3.671,-60.255,2823.000
3.278,3.282,3.283,3.281,3.279,3.285,3.279,3.670,3.677,3.676,3.669,3.667,3.676,3.675,-60.175,2824.000
3.275,3.284,3.281,3.285,3.281,3.284,3.284,3.677,3.677,3.674,3.672,3.674,3.669,3.672,-60.143,2825.000
3.281,3.280,3.279,3.278,3.279,3.281,3.279,3.682,3.673,3.679,3.670,3.670,3.675,3.671,-60.231,2826.000
3.281,3.277,3.274,3.284,3.279,3.281,3.282,3.675,3.668,3.668,3.674,3.672,3.671,3.674,-60.294,2827.000
3.280,3.280,3.280,3.280,3.286,3.277,3.279,3.672,3.672,3.677,3.675,3.677,3.676,3.677,-60.271,2828.000
3.281,3.281,3.282,3.283,3.284,3.285,3.277,3.671,3.674,3.670,3.673,3.677,3.674,3.675,-60.248,2829.000
3.282,3.283,3.281,3.285,3.283,3.285,3.284,3.675,3.673,3.676,3.677,3.673,3.675,3.673,-60.229,2830.000
3.282,3.282,3.285,3.282,3.278,3.281,3.286,3.677,3.680,3.680,3.674,3.675,3.676,3.680,-60.312,2831.000
3.288,3.279,3.284,3.282,3.284,3.283,3.285,3.673,3.669,3.676,3.670,3.672,3.674,3.671,-60.266,2832.000
3.282,3.285,3.280,3.277,3.284,3.279,3.280,3.676,3.674,3.676,3.678,3.673,3.678,3.667,-60.326,2833.000
3.279,3.278,3.282,3.281,3.281,3.277,3.287,3.674,3.676,3.671,3.679,3.672,3.674,3.673,-60.370,2834.000
3.278,3.279,3.278,3.276,3.285,3.284,3.283,3.671,3.673,3.671,3.678,3.673,3.673,3.670,-60.244,2835.000
3.284,3.276,3.275,3.279,3.280,3.285,3.279,3.665,3.674,3.672,3.672,3.676,3.671,3.670,-60.339,2836.000
3.279,3.280,3.275,3.282,3.277,3.274,3.278,3.669,3.669,3.670,3.669,3.673,3.668,3.673,-60.336,2837.000
3.273,3.275,3.279,3.274,3.282,3.281,3.282,3.664,3.668,3.672,3.667,3.670,3.671,3.663,-60.481,2838.000
3.279,3.275,3.278,3.269,3.279,3.275,3.279,3.660,3.666,3.670,3.672,3.671,3.667,3.669,-60.437,2839.000
3.273,3.276,3.280,3.281,3.276,3.282,3.275,3.663,3.671,3.671,3.668,3.666,3.663,3.664,-60.202,2840.000
3.276,3.273,3.276,3.273,3.269,3.275,3.270,3.664,3.663,3.661,3.664,3.668,3.672,3.668,-60.193,2841.000
3.278,3.278,3.272,3.275,3.280,3.275,3.281,3.669,3.671,3.663,3.669,3.663,3.667,3.659,-60.119,2842.000
3.274,3.273,3.273,3.276,3.274,3.270,3.273,3.665,3.671,3.664,3.664,3.662,3.661,3.663,-60.216,2843.000
3.271,3.272,3.272,3.269,3.271,3.272,3.277,3.663,3.661,3.660,3.665,3.661,3.663,3.664,-60.339,2844.000
3.275,3.274,3.266,3.271,3.276,3.272,3.263,3.658,3.662,3.661,3.663,3.661,3.658,3.660,-60.206,2845.000
3.270,3.273,3.273,3.270,3.275,3.268,3.277,3.662,3.661,3.665,3.667,3.666,3.659,3.657,-60.268,2846.000
3.269,3.276,3.271,3.271,3.276,3.272,3.271,3.658,3.662,3.660,3.659,3.657,3.660,3.663,-60.297,2847.000
3.265,3.266,3.266,3.268,3.268,3.269,3.275,3.662,3.654,3.662,3.665,3.660,3.652,3.661,-60.510,2848.000
3.275,3.271,3.269,3.266,3.266,3.269,3.273,3.657,3.665,3.656,3.665,3.661,3.660,3.661,-60.393,2849.000
3.270,3.269,3.267,3.272,3.270,3.270,3.269,3.669,3.663,3.662,3.659,3.656,3.667,3.666,-60.517,2850.000
3.270,3.271,3.277,3.266,3.270,3.269,3.276,3.668,3.661,3.664,3.663,3.661,3.659,3.661,-60.511,2851.000
3.269,3.276,3.270,3.270,3.265,3.272,3.271,3.665,3.660,3.661,3.669,3.665,3.662,3.667,-60.399,2852.000
3.272,3.272,3.273,3.278,3.269,3.270,3.277,3.662,3.660,3.660,3.663,3.663,3.661,3.664,-60.356,2853.000
3.273,3.271,3.273,3.272,3.273,3.269,3.273,3.668,3.674,3.658,3.660,3.669,3.666,3.660,-60.310,2854.000
3.272,3.275,3.277,3.282,3.276,3.277,3.275,3.653,3.662,3.659,3.666,3.667,3.662,3.662,-60.256,2855.000
3.272,3.273,3.279,3.270,3.275,3.278,3.274,3.660,3.664,3.659,3.666,3.665,3.671,3.667,-60.435,2856.000
3.277,3.278,3.275,3.276,3.280,3.266,3.277,3.666,3.665,3.665,3.671,3.667,3.669,3.662,-60.340,2857.000
3.271,3.273,3.276,3.274,3.273,3.279,3.278,3.665,3.667,3.659,3.665,3.663,3.665,3.668,-60.412,2858.000
3.281,3.273,3.274,3.272,3.272,3.275,3.274,3.668,3.671,3.660,3.661,3.668,3.669,3.668,-60.441,2859.000
3.280,3.276,3.276,3.276,3.280,3.275,3.279,3.668,3.670,3.666,3.670,3.665,3.660,3.664,-60.491,2860.000
3.281,3.276,3.279,3.284,3.285,3.273,3.278,3.665,3.667,3.664,3.669,3.666,3.668,3.666,-60.335,2861.000
3.278,3.280,3.273,3.276,3.280,3.282,3.273,3.670,3.666,3.665,3.668,3.666,3.670,3.670,-60.275,2862.000
3.280,3.281,3.281,3.276,3.280,3.284,3.276,3.668,3.666,3.668,3.665,3.663,3.668,3.664,-60.271,2863.000
3.278,3.284,3.280,3.283,3.277,3.284,3.272,3.670,3.666,3.667,3.671,3.668,3.671,3.665,-60.419,2864.000
3.281,3.279,3.283,3.278,3.276,3.281,3.277,3.670,3.670,3.678,3.674,3.677,3.672,3.675,-60.401,2865.000
3.276,3.280,3.287,3.285,3.282,3.283,3.277,3.676,3.679,3.670,3.672,3.675,3.671,3.668,-60.373,2866.000
3.284,3.280,3.281,3.280,3.286,3.282,3.288,3.670,3.668,3.670,3.671,3.671,3.668,3.668,-60.472,2867.000
3.280,3.279,3.283,3.282,3.281,3.280,3.285,3.673,3.672,3.661,3.665,3.662,3.671,3.666,-60.409,2868.000
3.280,3.280,3.281,3.276,3.278,3.279,3.282,3.676,3.677,3.679,3.668,3.673,3.666,3.670,-60.327,2869.000
3.284,3.287,3.285,3.286,3.285,3.282,3.289,3.674,3.673,3.668,3.674,3.675,3.670,3.671,-60.298,2870.000
3.287,3.284,3.284,3.277,3.278,3.284,3.276,3.674,3.670,3.675,3.669,3.672,3.671,3.673,-60.259,2871.000
3.284,3.281,3.283,3.277,3.288,3.284,3.285,3.669,3.665,3.674,3.667,3.671,3.671,3.671,-60.231,2872.000
3.279,3.288,3.279,3.284,3.277,3.285,3.282,3.671,3.664,3.672,3.672,3.668,3.670,3.671,-59.955,2873.000
3.283,3.283,3.284,3.285,3.282,3.276,3.275,3.670,3.669,3.670,3.669,3.671,3.673,3.673,-60.163,2874.000
3.284,3.279,3.279,3.277,3.281,3.281,3.280,3.670,3.665,3.665,3.671,3.670,3.666,3.663,-60.064,2875.000
3.281,3.276,3.279,3.278,3.281,3.279,3.275,3.675,3.671,3.665,3.672,3.678,3.667,3.671,-60.039,2876.000
3.279,3.278,3.280,3.278,3.278,3.279,3.279,3.668,3.668,3.670,3.668,3.668,3.673,3.677,-59.974,2877.000
3.278,3.282,3.275,3.277,3.281,3.281,3.277,3.673,3.666,3.666,3.671,3.664,3.672,3.672,-60.029,2878.000
3.283,3.277,3.279,3.281,3.282,3.280,3.276,3.672,3.675,3.667,3.667,3.675,3.670,3.675,-59.987,2879.000
3.273,3.280,3.275,3.265,3.274,3.274,3.274,3.673,3.665,3.668,3.672,3.671,3.666,3.672,-60.138,2880.000
3.283,3.279,3.277,3.281,3.280,3.273,3.281,3.674,3.666,3.665,3.664,3.665,3.677,3.666,-60.128,2881.000
3.275,3.276,3.275,3.273,3.280,3.272,3.270,3.669,3.669,3.668,3.666,3.671,3.671,3.672,-60.045,2882.000
3.277,3.276,3.273,3.275,3.278,3.275,3.278,3.668,3.670,3.670,3.672,3.664,3.670,3.667,-60.213,2883.000
3.274,3.278,3.279,3.273,3.274,3.268,3.278,3.674,3.671,3.668,3.674,3.670,3.673,3.676,-60.348,2884.000
3.278,3.275,3.278,3.272,3.277,3.277,3.271,3.682,3.676,3.674,3.669,3.675,3.673,3.666,-60.349,2885.000
3.273,3.275,3.275,3.283,3.273,3.273,3.271,3.671,3.674,3.673,3.671,3.667,3.669,3.662,-60.421,2886.000
3.281,3.275,3.277,3.271,3.277,3.271,3.274,3.658,3.667,3.664,3.672,3.669,3.671,3.671,-60.280,2887.000
3.272,3.276,3.274,3.272,3.275,3.271,3.270,3.667,3.675,3.671,3.671,3.670,3.669,3.673,-60.410,2888.000
3.275,3.274,3.275,3.268,3.271,3.274,3.272,3.665,3.673,3.669,3.667,3.670,3.669,3.672,-60.346,2889.000
3.272,3.272,3.269,3.274,3.268,3.273,3.272,3.671,3.665,3.671,3.662,3.665,3.668,3.666,-60.277,2890.000
3.269,3.269,3.266,3.272,3.265,3.271,3.266,3.667,3.665,3.672,3.665,3.668,3.666,3.664,-60.328,2891.000
3.274,3.270,3.272,3.267,3.271,3.267,3.270,3.670,3.667,3.676,3.664,3.665,3.665,3.670,-60.286,2892.000
3.273,3.272,3.271,3.269,3.269,3.266,3.268,3.666,3.664,3.666,3.669,3.664,3.670,3.667,-60.164,2893.000
3.270,3.273,3.268,3.270,3.274,3.273,3.273,3.674,3.669,3.665,3.668,3.663,3.670,3.668,-60.137,2894.000
3.270,3.271,3.271,3.270,3.277,3.268,3.278,3.665,3.669,3.670,3.668,3.667,3.665,3.666,-60.251,2895.000
3.279,3.272,3.272,3.275,3.276,3.273,3.277,3.671,3.678,3.674,3.671,3.670,3.669,3.670,-60.244,2896.000
3.271,3.276,3.267,3.278,3.273,3.275,3.272,3.671,3.669,3.669,3.674,3.668,3.672,3.671,-60.169,2897.000
3.277,3.276,3.277,3.276,3.273,3.280,3.271,3.670,3.670,3.670,3.669,3.671,3.668,3.668,-60.309,2898.000
3.271,3.274,3.280,3.281,3.283,3.274,3.272,3.667,3.673,3.666,3.668,3.666,3.669,3.669,-60.182,2899.000
3.275,3.277,3.276,3.274,3.277,3.275,3.276,3.665,3.669,3.673,3.668,3.674,3.668,3.665,-60.311,2900.000
3.274,3.277,3.276,3.282,3.276,3.275,3.269,3.671,3.671,3.672,3.664,3.672,3.668,3.670,-60.202,2901.000
3.276,3.278,3.275,3.274,3.275,3.270,3.276,3.671,3.671,3.669,3.672,3.669,3.673,3.671,-60.204,2902.000
3.278,3.279,3.273,3.266,3.268,3.275,3.272,3.668,3.671,3.666,3.664,3.669,3.674,3.667,-60.156,2903.000
3.282,3.280,3.281,3.277,3.277,3.277,3.276,3.662,3.669,3.665,3.671,3.668,3.674,3.668,-60.417,2904.000
3.276,3.273,3.279,3.278,3.276,3.279,3.278,3.665,3.666,3.661,3.664,3.663,3.663,3.665,-60.535,2905.000
3.277,3.279,3.275,3.277,3.272,3.275,3.276,3.664,3.668,3.665,3.667,3.670,3.674,3.668,-60.508,2906.000
3.277,3.279,3.281,3.275,3.271,3.276,3.284,3.667,3.672,3.676,3.671,3.669,3.666,3.672,-60.362,2907.000
3.278,3.280,3.275,3.280,3.273,3.274,3.277,3.674,3.666,3.664,3.667,3.674,3.670,3.674,-60.533,2908.000
3.278,3.281,3.279,3.278,3.283,3.277,3.278,3.672,3.671,3.668,3.666,3.664,3.664,3.669,-60.439,2909.000
3.276,3.276,3.281,3.279,3.282,3.279,3.282,3.669,3.666,3.667,3.667,3.669,3.673,3.671,-60.444,2910.000
3.278,3.274,3.276,3.279,3.282,3.275,3.276,3.675,3.668,3.678,3.670,3.665,3.666,3.671,-60.328,2911.000
3.274,3.279,3.283,3.279,3.281,3.273,3.279,3.666,3.669,3.675,3.668,3.667,3.673,3.669,-60.320,2912.000
3.276,3.283,3.279,3.279,3.281,3.278,3.274,3.671,3.673,3.671,3.665,3.677,3.672,3.663,-60.291,2913.000
3.273,3.277,3.278,3.281,3.279,3.278,3.275,3.666,3.677,3.666,3.665,3.669,3.665,3.665,-60.171,2914.000
3.276,3.280,3.278,3.273,3.278,3.275,3.274,3.668,3.673,3.666,3.672,3.665,3.670,3.671,-60.097,2915.000
3.274,3.279,3.272,3.275,3.273,3.278,3.273,3.665,3.658,3.666,3.671,3.666,3.665,3.666,-60.103,2916.000
3.276,3.283,3.278,3.276,3.274,3.278,3.279,3.666,3.668,3.669,3.670,3.668,3.671,3.670,-60.224,2917.000
3.275,3.277,3.278,3.281,3.277,3.278,3.286,3.665,3.668,3.666,3.671,3.665,3.667,3.675,-60.319,2918.000
3.273,3.272,3.270,3.273,3.278,3.277,3.272,3.661,3.663,3.669,3.675,3.661,3.663,3.675,-60.350,2919.000
3.272,3.273,3.274,3.271,3.272,3.278,3.277,3.665,3.668,3.665,3.668,3.662,3.663,3.664,-60.212,2920.000
3.279,3.276,3.278,3.282,3.279,3.270,3.272,3.669,3.673,3.668,3.662,3.668,3.666,3.675,-60.036,2921.000
3.277,3.273,3.272,3.282,3.279,3.273,3.269,3.668,3.671,3.669,3.669,3.669,3.663,3.666,-59.942,2922.000
3.276,3.273,3.275,3.274,3.274,3.273,3.271,3.667,3.661,3.672,3.665,3.661,3.662,3.669,-60.010,2923.000
3.275,3.268,3.274,3.277,3.271,3.277,3.273,3.666,3.661,3.668,3.658,3.662,3.666,3.667,-60.231,2924.000
3.277,3.272,3.274,3.274,3.275,3.276,3.275,3.664,3.661,3.668,3.669,3.667,3.664,3.668,-60.299,2925.000
3.270,3.272,3.274,3.277,3.273,3.271,3.278,3.670,3.671,3.667,3.667,3.667,3.669,3.671,-60.282,2926.000
3.283,3.281,3.274,3.275,3.278,3.278,3.274,3.666,3.670,3.674,3.677,3.663,3.666,3.665,-60.184,2927.000
3.274,3.271,3.279,3.273,3.274,3.275,3.279,3.671,3.670,3.667,3.670,3.671,3.674,3.664,-60.184,2928.000
3.278,3.276,3.273,3.283,3.280,3.279,3.275,3.670,3.660,3.666,3.674,3.672,3.667,3.665,-60.192,2929.000
3.281,3.274,3.280,3.274,3.277,3.280,3.279,3.669,3.667,3.670,3.668,3.666,3.665,3.669,-60.176,2930.000
3.279,3.268,3.280,3.281,3.281,3.280,3.276,3.673,3.664,3.664,3.666,3.663,3.670,3.669,-60.249,2931.000
3.278,3.280,3.278,3.278,3.276,3.279,3.279,3.668,3.668,3.665,3.663,3.670,3.670,3.675,-60.223,2932.000
3.281,3.284,3.273,3.278,3.281,3.280,3.276,3.672,3.666,3.671,3.669,3.672,3.667,3.668,-60.315,2933.000
3.280,3.280,3.278,3.272,3.282,3.279,3.277,3.662,3.667,3.667,3.667,3.665,3.670,3.665,-60.293,2934.000
3.282,3.277,3.280,3.276,3.275,3.280,3.284,3.667,3.671,3.665,3.664,3.669,3.670,3.672,-60.264,2935.000
3.280,3.280,3.280,3.277,3.277,3.283,3.277,3.667,3.665,3.660,3.663,3.664,3.670,3.666,-60.203,2936.000
3.280,3.278,3.277,3.279,3.279,3.281,3.270,3.664,3.670,3.665,3.663,3.662,3.664,3.670,-60.465,2937.000
3.272,3.280,3.278,3.277,3.277,3.277,3.272,3.663,3.663,3.664,3.663,3.658,3.659,3.660,-60.458,2938.000
3.275,3.282,3.276,3.279,3.273,3.278,3.265,3.659,3.656,3.658,3.668,3.659,3.665,3.671,-60.680,2939.000
3.271,3.278,3.279,3.277,3.276,3.276,3.274,3.665,3.667,3.663,3.661,3.661,3.664,3.663,-60.629,2940.000
3.274,3.271,3.277,3.273,3.270,3.276,3.277,3.661,3.661,3.663,3.662,3.665,3.661,3.659,-60.363,2941.000
3.276,3.275,3.274,3.275,3.276,3.274,3.275,3.662,3.663,3.666,3.666,3.656,3.659,3.658,-60.367,2942.000
3.273,3.275,3.271,3.274,3.269,3.270,3.279,3.656,3.661,3.661,3.660,3.659,3.662,3.663,-60.286,2943.000
3.272,3.271,3.281,3.279,3.275,3.273,3.272,3.658,3.660,3.659,3.661,3.660,3.666,3.665,-60.218,2944.000
3.272,3.278,3.270,3.274,3.274,3.274,3.272,3.662,3.668,3.657,3.667,3.661,3.663,3.658,-60.192,2945.000
3.269,3.276,3.269,3.272,3.274,3.272,3.267,3.659,3.659,3.667,3.665,3.663,3.658,3.661,-60.230,2946.000
3.273,3.272,3.273,3.274,3.279,3.273,3.277,3.663,3.661,3.660,3.664,3.660,3.664,3.656,-60.159,2947.000
3.275,3.275,3.280,3.268,3.269,3.268,3.275,3.659,3.658,3.656,3.656,3.656,3.658,3.658,-60.165,2948.000
3.273,3.279,3.272,3.271,3.280,3.270,3.274,3.662,3.662,3.657,3.661,3.657,3.664,3.666,-60.145,2949.000
3.271,3.274,3.274,3.277,3.267,3.277,3.271,3.661,3.657,3.663,3.661,3.663,3.663,3.662,-60.187,2950.000
3.274,3.271,3.271,3.269,3.269,3.268,3.276,3.660,3.665,3.660,3.666,3.665,3.664,3.667,-60.151,2951.000
3.274,3.279,3.269,3.271,3.274,3.278,3.272,3.661,3.665,3.657,3.664,3.662,3.667,3.659,-60.258,2952.000
3.273,3.278,3.270,3.271,3.277,3.278,3.278,3.664,3.663,3.669,3.669,3.656,3.655,3.660,-60.280,2953.000
3.280,3.273,3.278,3.279,3.275,3.276,3.276,3.659,3.656,3.661,3.658,3.660,3.660,3.665,-60.241,2954.000
3.265,3.269,3.267,3.275,3.270,3.265,3.269,3.661,3.661,3.657,3.660,3.661,3.662,3.665,-60.085,2955.000
3.271,3.276,3.278,3.272,3.267,3.264,3.274,3.662,3.659,3.662,3.665,3.661,3.656,3.659,-60.159,2956.000
3.275,3.274,3.269,3.276,3.270,3.272,3.273,3.665,3.662,3.667,3.668,3.662,3.661,3.656,-60.170,2957.000
3.267,3.269,3.266,3.267,3.265,3.272,3.271,3.658,3.660,3.663,3.664,3.668,3.665,3.661,-60.073,2958.000
3.274,3.269,3.274,3.277,3.269,3.269,3.269,3.659,3.660,3.666,3.662,3.656,3.659,3.663,-60.120,2959.000
3.266,3.274,3.269,3.274,3.271,3.274,3.271,3.660,3.667,3.666,3.658,3.659,3.654,3.657,-60.120,2960.000
3.274,3.269,3.264,3.266,3.268,3.274,3.265,3.658,3.663,3.659,3.664,3.661,3.659,3.659,-60.158,2961.000
3.273,3.268,3.271,3.270,3.264,3.274,3.269,3.657,3.658,3.657,3.662,3.659,3.665,3.662,-60.155,2962.000
3.267,3.272,3.272,3.273,3.272,3.267,3.267,3.662,3.661,3.658,3.663,3.661,3.665,3.665,-60.152,2963.000
3.269,3.277,3.268,3.272,3.265,3.275,3.270,3.660,3.669,3.659,3.661,3.664,3.666,3.661,-60.321,2964.000
3.270,3.270,3.268,3.266,3.269,3.270,3.271,3.666,3.661,3.663,3.667,3.664,3.662,3.663,-60.314,2965.000
3.274,3.263,3.269,3.262,3.270,3.274,3.266,3.665,3.656,3.660,3.661,3.664,3.659,3.659,-60.301,2966.000
3.271,3.270,3.272,3.266,3.270,3.271,3.275,3.666,3.662,3.662,3.663,3.663,3.666,3.664,-60.235,2967.000
3.271,3.265,3.270,3.271,3.273,3.272,3.270,3.659,3.662,3.660,3.661,3.664,3.665,3.661,-60.216,2968.000
3.270,3.270,3.271,3.268,3.266,3.273,3.270,3.662,3.661,3.660,3.661,3.661,3.661,3.666,-60.221,2969.000
3.269,3.260,3.271,3.271,3.270,3.267,3.268,3.661,3.660,3.659,3.659,3.660,3.663,3.657,-60.172,2970.000
3.270,3.268,3.270,3.268,3.264,3.267,3.275,3.662,3.658,3.664,3.655,3.663,3.662,3.671,-60.132,2971.000
3.269,3.268,3.271,3.272,3.267,3.263,3.270,3.659,3.658,3.657,3.665,3.660,3.662,3.658,-60.193,2972.000
3.261,3.268,3.269,3.269,3.269,3.275,3.271,3.658,3.660,3.661,3.657,3.657,3.662,3.661,-60.138,2973.000
3.267,3.264,3.270,3.269,3.266,3.269,3.269,3.663,3.658,3.664,3.658,3.661,3.662,3.659,-60.246,2974.000
3.270,3.265,3.269,3.270,3.270,3.263,3.273,3.662,3.658,3.664,3.663,3.660,3.663,3.662,-60.341,2975.000
3.278,3.273,3.276,3.267,3.271,3.272,3.272,3.663,3.666,3.663,3.659,3.660,3.657,3.661,-60.408,2976.000
3.274,3.272,3.276,3.278,3.276,3.275,3.278,3.667,3.671,3.665,3.663,3.659,3.662,3.669,-60.423,2977.000
3.273,3.274,3.274,3.276,3.283,3.275,3.282,3.667,3.671,3.667,3.667,3.667,3.665,3.672,-60.496,2978.000
3.274,3.277,3.275,3.278,3.280,3.275,3.282,3.673,3.670,3.674,3.672,3.671,3.676,3.666,-60.432,2979.000
3.275,3.281,3.275,3.280,3.272,3.279,3.276,3.666,3.662,3.659,3.671,3.676,3.669,3.666,-60.296,2980.000
3.274,3.276,3.273,3.278,3.272,3.273,3.274,3.666,3.671,3.664,3.668,3.667,3.667,3.664,-60.303,2981.000
3.270,3.277,3.270,3.280,3.268,3.269,3.274,3.659,3.662,3.672,3.666,3.672,3.669,3.663,-60.208,2982.000
3.278,3.273,3.272,3.267,3.276,3.273,3.277,3.663,3.664,3.667,3.665,3.665,3.665,3.673,-60.300,2983.000
3.272,3.273,3.276,3.273,3.274,3.273,3.275,3.664,3.662,3.669,3.663,3.665,3.664,3.670,-60.272,2984.000
3.272,3.272,3.277,3.275,3.274,3.278,3.273,3.668,3.667,3.665,3.667,3.666,3.669,3.664,-60.272,2985.000
3.270,3.267,3.274,3.276,3.275,3.277,3.274,3.665,3.671,3.670,3.673,3.660,3.666,3.664,-60.444,2986.000
3.276,3.275,3.277,3.272,3.278,3.276,3.274,3.667,3.666,3.669,3.662,3.666,3.661,3.669,-60.447,2987.000
3.277,3.274,3.274,3.272,3.277,3.275,3.268,3.671,3.658,3.667,3.660,3.662,3.669,3.667,-60.447,2988.000
3.270,3.274,3.269,3.281,3.276,3.273,3.274,3.665,3.661,3.660,3.662,3.664,3.668,3.668,-60.387,2989.000
3.275,3.273,3.269,3.280,3.284,3.271,3.274,3.672,3.666,3.663,3.660,3.660,3.660,3.666,-60.281,2990.000
3.277,3.276,3.273,3.270,3.265,3.270,3.274,3.665,3.665,3.666,3.665,3.665,3.666,3.661,-60.127,2991.000
3.274,3.275,3.279,3.275,3.273,3.274,3.275,3.670,3.665,3.670,3.660,3.662,3.661,3.666,-60.127,2992.000
3.277,3.273,3.271,3.272,3.269,3.270,3.267,3.661,3.666,3.659,3.660,3.664,3.664,3.663,-60.198,2993.000
3.273,3.273,3.273,3.275,3.276,3.276,3.274,3.662,3.666,3.662,3.661,3.665,3.659,3.664,-60.178,2994.000
3.272,3.267,3.271,3.279,3.276,3.273,3.265,3.657,3.661,3.659,3.671,3.666,3.664,3.660,-60.178,2995.000
3.272,3.271,3.267,3.280,3.270,3.275,3.269,3.661,3.665,3.664,3.662,3.656,3.665,3.665,-60.185,2996.000
3.270,3.269,3.275,3.271,3.257,3.269,3.267,3.662,3.657,3.666,3.666,3.661,3.665,3.665,-60.187,2997.000
3.268,3.275,3.266,3.269,3.271,3.268,3.270,3.659,3.662,3.664,3.664,3.659,3.667,3.663,-60.187,2998.000
3.274,3.269,3.268,3.275,3.271,3.267,3.271,3.663,3.666,3.663,3.663,3.660,3.661,3.660,-60.175,2999.000
3.266,3.263,3.272,3.272,3.272,3.264,3.267,3.655,3.658,3.661,3.669,3.667,3.669,3.671,-59.997,3000.000
3.271,3.267,3.274,3.270,3.271,3.274,3.271,3.659,3.666,3.661,3.667,3.657,3.662,3.663,-59.968,3001.000
3.272,3.269,3.273,3.267,3.278,3.274,3.269,3.665,3.666,3.665,3.661,3.665,3.663,3.667,-59.899,3002.000
3.272,3.274,3.273,3.275,3.276,3.276,3.270,3.668,3.656,3.659,3.662,3.659,3.666,3.658,-60.032,3003.000
3.274,3.274,3.278,3.274,3.275,3.273,3.281,3.668,3.664,3.665,3.668,3.662,3.664,3.666,-60.103,3004.000
3.276,3.278,3.274,3.278,3.285,3.277,3.276,3.672,3.666,3.669,3.661,3.670,3.666,3.665,-60.103,3005.000
3.279,3.273,3.273,3.272,3.278,3.278,3.277,3.673,3.666,3.669,3.664,3.667,3.665,3.669,-60.014,3006.000
3.283,3.282,3.279,3.276,3.279,3.276,3.283,3.666,3.668,3.667,3.670,3.674,3.669,3.670,-60.198,3007.000
3.278,3.273,3.275,3.278,3.284,3.279,3.285,3.666,3.664,3.670,3.678,3.678,3.675,3.674,-60.261,3008.000
3.279,3.281,3.279,3.276,3.283,3.281,3.275,3.668,3.668,3.673,3.672,3.665,3.663,3.672,-60.100,3009.000
3.280,3.278,3.280,3.282,3.283,3.275,3.278,3.671,3.675,3.671,3.670,3.670,3.673,3.670,-60.029,3010.000
3.280,3.282,3.280,3.275,3.276,3.280,3.280,3.668,3.671,3.672,3.668,3.675,3.674,3.673,-59.982,3011.000
3.280,3.278,3.278,3.277,3.281,3.278,3.279,3.668,3.671,3.667,3.665,3.669,3.671,3.673,-59.982,3012.000
3.277,3.283,3.279,3.274,3.283,3.271,3.280,3.669,3.665,3.676,3.664,3.672,3.669,3.670,-60.077,3013.000
3.279,3.274,3.277,3.281,3.271,3.275,3.277,3.667,3.672,3.667,3.666,3.673,3.663,3.668,-60.109,3014.000
3.277,3.279,3.274,3.277,3.277,3.279,3.280,3.672,3.662,3.664,3.665,3.673,3.668,3.668,-60.095,3015.000
3.271,3.273,3.271,3.275,3.273,3.275,3.275,3.667,3.668,3.667,3.665,3.673,3.664,3.660,-60.105,3016.000
3.275,3.275,3.281,3.273,3.273,3.273,3.269,3.664,3.664,3.670,3.665,3.663,3.665,3.665,-60.256,3017.000
3.275,3.275,3.267,3.268,3.269,3.268,3.271,3.666,3.669,3.666,3.670,3.666,3.667,3.668,-60.319,3018.000
3.272,3.272,3.272,3.273,3.272,3.276,3.270,3.671,3.670,3.667,3.667,3.668,3.665,3.670,-60.360,3019.000
3.276,3.269,3.273,3.273,3.271,3.272,3.275,3.657,3.661,3.663,3.668,3.663,3.664,3.661,-60.394,3020.000
3.275,3.270,3.266,3.272,3.274,3.271,3.276,3.660,3.666,3.659,3.671,3.659,3.660,3.663,-60.255,3021.000
3.271,3.265,3.268,3.266,3.270,3.269,3.273,3.663,3.661,3.664,3.665,3.662,3.663,3.663,-60.212,3022.000
3.267,3.271,3.271,3.274,3.271,3.271,3.265,3.660,3.667,3.657,3.663,3.659,3.660,3.660,-60.300,3023.000
3.270,3.270,3.266,3.267,3.268,3.266,3.271,3.666,3.666,3.662,3.655,3.656,3.656,3.660,-60.389,3024.000
3.268,3.265,3.268,3.267,3.270,3.268,3.267,3.654,3.656,3.664,3.662,3.660,3.661,3.658,-60.314,3025.000
3.265,3.268,3.267,3.263,3.265,3.260,3.266,3.665,3.659,3.657,3.650,3.661,3.663,3.659,-60.162,3026.000
3.267,3.263,3.264,3.270,3.259,3.266,3.269,3.657,3.659,3.661,3.655,3.655,3.655,3.650,-60.123,3027.000
3.259,3.264,3.268,3.263,3.263,3.264,3.271,3.659,3.657,3.651,3.651,3.653,3.656,3.657,-60.080,3028.000
3.260,3.255,3.264,3.266,3.266,3.261,3.264,3.651,3.657,3.657,3.653,3.651,3.652,3.655,-60.295,3029.000
3.260,3.268,3.262,3.256,3.255,3.260,3.260,3.655,3.659,3.651,3.659,3.656,3.659,3.651,-60.423,3030.000
3.258,3.263,3.262,3.259,3.259,3.258,3.265,3.656,3.656,3.652,3.654,3.656,3.654,3.649,-60.416,3031.000
3.262,3.269,3.265,3.262,3.262,3.262,3.260,3.661,3.661,3.652,3.651,3.655,3.656,3.658,-60.267,3032.000
3.259,3.260,3.267,3.258,3.262,3.260,3.261,3.655,3.660,3.655,3.655,3.654,3.649,3.650,-60.293,3033.000
3.264,3.256,3.261,3.259,3.264,3.254,3.266,3.656,3.657,3.655,3.655,3.659,3.663,3.663,-60.179,3034.000
3.262,3.264,3.261,3.265,3.264,3.271,3.270,3.653,3.653,3.653,3.652,3.650,3.652,3.652,-60.029,3035.000
3.262,3.272,3.267,3.262,3.256,3.260,3.260,3.655,3.654,3.656,3.658,3.653,3.656,3.658,-60.149,3036.000
3.266,3.263,3.266,3.258,3.259,3.264,3.260,3.658,3.656,3.657,3.655,3.655,3.661,3.654,-60.212,3037.000
3.267,3.263,3.265,3.269,3.259,3.259,3.254,3.660,3.661,3.660,3.657,3.663,3.656,3.658,-60.336,3038.000
3.262,3.260,3.262,3.265,3.264,3.256,3.262,3.656,3.665,3.654,3.654,3.652,3.649,3.661,-60.239,3039.000
3.257,3.260,3.256,3.259,3.258,3.258,3.261,3.652,3.652,3.655,3.654,3.660,3.655,3.660,-60.225,3040.000
3.262,3.259,3.258,3.261,3.258,3.262,3.257,3.657,3.652,3.652,3.659,3.651,3.649,3.654,-60.225,3041.000
3.259,3.255,3.259,3.260,3.255,3.256,3.256,3.654,3.652,3.651,3.654,3.659,3.662,3.654,-60.115,3042.000
3.256,3.256,3.258,3.262,3.257,3.263,3.264,3.655,3.646,3.654,3.655,3.653,3.652,3.657,-60.129,3043.000
3.263,3.258,3.259,3.251,3.257,3.261,3.260,3.652,3.654,3.650,3.651,3.652,3.652,3.651,-60.249,3044.000
3.257,3.252,3.261,3.258,3.258,3.258,3.255,3.653,3.648,3.649,3.651,3.661,3.649,3.656,-60.196,3045.000
3.257,3.255,3.256,3.259,3.262,3.261,3.259,3.655,3.656,3.654,3.650,3.648,3.653,3.649,-60.258,3046.000
3.259,3.259,3.253,3.251,3.251,3.259,3.256,3.644,3.645,3.652,3.648,3.648,3.648,3.651,-60.143,3047.000
3.251,3.257,3.256,3.249,3.258,3.254,3.256,3.648,3.644,3.652,3.650,3.650,3.645,3.649,-60.290,3048.000
3.253,3.255,3.252,3.251,3.252,3.260,3.250,3.642,3.649,3.647,3.653,3.647,3.650,3.644,-60.494,3049.000
3.250,3.255,3.254,3.253,3.252,3.250,3.255,3.652,3.643,3.646,3.651,3.646,3.650,3.647,-60.411,3050.000
3.256,3.250,3.251,3.248,3.255,3.250,3.256,3.647,3.645,3.649,3.650,3.652,3.648,3.641,-60.456,3051.000
3.250,3.253,3.253,3.253,3.249,3.248,3.252,3.644,3.647,3.645,3.642,3.650,3.644,3.645,-60.634,3052.000
3.251,3.254,3.250,3.248,3.251,3.254,3.254,3.642,3.647,3.652,3.645,3.648,3.645,3.641,-60.515,3053.000
3.256,3.252,3.254,3.252,3.251,3.249,3.247,3.650,3.645,3.643,3.648,3.651,3.650,3.650,-60.415,3054.000
3.252,3.252,3.244,3.244,3.250,3.249,3.248,3.644,3.640,3.646,3.650,3.651,3.647,3.647,-60.415,3055.000
3.250,3.254,3.255,3.253,3.253,3.251,3.259,3.646,3.645,3.644,3.640,3.642,3.647,3.642,-60.494,3056.000
3.259,3.255,3.251,3.254,3.254,3.250,3.253,3.646,3.650,3.647,3.646,3.643,3.642,3.641,-60.428,3057.000
3.256,3.252,3.252,3.252,3.255,3.257,3.254,3.642,3.641,3.649,3.645,3.649,3.654,3.647,-60.541,3058.000
3.256,3.250,3.258,3.251,3.256,3.249,3.257,3.656,3.642,3.648,3.647,3.650,3.651,3.649,-60.444,3059.000
3.251,3.250,3.255,3.256,3.256,3.252,3.252,3.645,3.648,3.645,3.645,3.645,3.643,3.651,-60.349,3060.000
3.252,3.254,3.258,3.252,3.259,3.261,3.258,3.656,3.657,3.653,3.651,3.651,3.650,3.652,-60.317,3061.000
3.255,3.260,3.252,3.259,3.250,3.261,3.258,3.644,3.648,3.643,3.648,3.646,3.644,3.646,-60.381,3062.000
3.254,3.254,3.246,3.247,3.256,3.254,3.257,3.652,3.651,3.645,3.649,3.649,3.654,3.650,-60.435,3063.000
3.254,3.252,3.257,3.259,3.259,3.257,3.256,3.644,3.658,3.645,3.645,3.649,3.647,3.648,-60.399,3064.000
3.258,3.257,3.261,3.260,3.254,3.258,3.255,3.649,3.645,3.651,3.647,3.644,3.644,3.644,-60.385,3065.000
3.256,3.255,3.258,3.252,3.252,3.252,3.253,3.646,3.645,3.645,3.648,3.643,3.647,3.645,-60.450,3066.000
3.252,3.255,3.255,3.259,3.254,3.253,3.256,3.646,3.646,3.650,3.644,3.645,3.649,3.650,-60.453,3067.000
3.253,3.253,3.255,3.252,3.256,3.257,3.248,3.645,3.647,3.648,3.649,3.649,3.645,3.646,-60.459,3068.000
3.258,3.257,3.254,3.258,3.254,3.250,3.253,3.647,3.644,3.646,3.651,3.647,3.647,3.649,-60.384,3069.000
3.252,3.253,3.257,3.254,3.260,3.249,3.257,3.651,3.650,3.643,3.647,3.651,3.646,3.651,-60.289,3070.000
3.253,3.257,3.258,3.255,3.248,3.255,3.257,3.650,3.653,3.649,3.649,3.648,3.649,3.644,-60.299,3071.000
3.260,3.250,3.262,3.257,3.255,3.253,3.260,3.647,3.647,3.656,3.653,3.648,3.651,3.651,-60.284,3072.000
3.252,3.253,3.254,3.261,3.255,3.260,3.258,3.649,3.646,3.650,3.647,3.644,3.651,3.650,-60.291,3073.000
3.254,3.254,3.258,3.257,3.253,3.255,3.258,3.656,3.655,3.658,3.651,3.651,3.655,3.657,-60.319,3074.000
3.258,3.260,3.265,3.265,3.262,3.256,3.258,3.649,3.652,3.646,3.652,3.643,3.652,3.644,-60.210,3075.000
3.262,3.260,3.255,3.262,3.259,3.258,3.260,3.649,3.645,3.652,3.652,3.650,3.653,3.646,-60.132,3076.000
3.256,3.261,3.258,3.258,3.260,3.260,3.264,3.650,3.654,3.651,3.654,3.646,3.656,3.651,-60.034,3077.000
3.255,3.256,3.254,3.260,3.260,3.257,3.261,3.657,3.653,3.648,3.643,3.646,3.648,3.648,-60.034,3078.000
3.260,3.257,3.252,3.259,3.262,3.255,3.261,3.644,3.656,3.650,3.651,3.651,3.649,3.646,-60.051,3079.000
3.258,3.259,3.260,3.258,3.259,3.257,3.260,3.649,3.654,3.649,3.650,3.642,3.643,3.647,-60.082,3080.000
3.257,3.252,3.256,3.259,3.254,3.256,3.252,3.644,3.641,3.647,3.650,3.648,3.647,3.648,-60.221,3081.000
3.253,3.247,3.254,3.256,3.245,3.252,3.247,3.649,3.650,3.646,3.647,3.644,3.647,3.637,-60.221,3082.000
3.260,3.256,3.248,3.247,3.255,3.252,3.254,3.645,3.645,3.648,3.644,3.645,3.647,3.644,-60.063,3083.000
3.254,3.253,3.247,3.252,3.254,3.252,3.253,3.642,3.639,3.651,3.650,3.647,3.645,3.649,-60.084,3084.000
3.254,3.252,3.252,3.250,3.248,3.248,3.252,3.642,3.645,3.643,3.638,3.639,3.643,3.648,-60.266,3085.000
3.254,3.251,3.250,3.246,3.250,3.248,3.257,3.640,3.642,3.644,3.642,3.640,3.647,3.649,-60.245,3086.000
3.256,3.257,3.250,3.255,3.254,3.260,3.260,3.637,3.644,3.640,3.641,3.648,3.644,3.645,-60.302,3087.000
3.256,3.255,3.251,3.256,3.250,3.251,3.253,3.642,3.651,3.644,3.645,3.650,3.651,3.648,-60.369,3088.000
3.255,3.255,3.254,3.254,3.245,3.250,3.251,3.646,3.643,3.647,3.648,3.646,3.644,3.644,-60.188,3089.000
3.249,3.251,3.254,3.257,3.249,3.248,3.253,3.639,3.645,3.648,3.642,3.645,3.651,3.646,-60.090,3090.000
3.255,3.250,3.251,3.254,3.248,3.251,3.254,3.648,3.645,3.642,3.637,3.645,3.643,3.650,-60.096,3091.000
3.248,3.256,3.253,3.251,3.247,3.256,3.250,3.653,3.645,3.643,3.648,3.646,3.647,3.651,-60.096,3092.000
3.247,3.246,3.255,3.249,3.248,3.251,3.249,3.651,3.642,3.647,3.643,3.641,3.645,3.635,-60.371,3093.000
3.250,3.257,3.256,3.252,3.253,3.248,3.254,3.643,3.641,3.646,3.647,3.639,3.641,3.651,-60.352,3094.000
3.256,3.255,3.253,3.253,3.251,3.253,3.252,3.641,3.648,3.645,3.642,3.648,3.651,3.653,-60.352,3095.000
3.261,3.256,3.258,3.254,3.255,3.256,3.251,3.648,3.645,3.645,3.645,3.647,3.646,3.646,-60.356,3096.000
3.255,3.257,3.257,3.255,3.255,3.246,3.257,3.642,3.647,3.650,3.647,3.643,3.648,3.646,-60.271,3097.000
3.252,3.253,3.254,3.252,3.252,3.253,3.251,3.643,3.647,3.644,3.646,3.648,3.647,3.647,-60.227,3098.000
3.254,3.253,3.253,3.258,3.257,3.253,3.258,3.648,3.643,3.644,3.645,3.646,3.646,3.644,-60.193,3099.000
3.250,3.251,3.255,3.256,3.254,3.260,3.250,3.647,3.643,3.645,3.640,3.649,3.647,3.655,-60.150,3100.000
3.259,3.251,3.258,3.253,3.253,3.256,3.254,3.642,3.647,3.645,3.644,3.651,3.647,3.644,-60.173,3101.000
3.256,3.251,3.252,3.246,3.248,3.253,3.251,3.646,3.640,3.649,3.645,3.644,3.650,3.646,-60.173,3102.000
3.251,3.259,3.250,3.250,3.255,3.255,3.246,3.640,3.647,3.649,3.643,3.646,3.641,3.644,-59.957,3103.000
3.253,3.251,3.250,3.255,3.255,3.257,3.253,3.643,3.649,3.644,3.647,3.649,3.641,3.638,-60.019,3104.000
3.249,3.251,3.254,3.252,3.249,3.254,3.249,3.644,3.644,3.642,3.648,3.644,3.647,3.645,-60.101,3105.000
3.247,3.253,3.249,3.250,3.249,3.252,3.254,3.644,3.644,3.640,3.649,3.645,3.644,3.650,-60.133,3106.000
3.251,3.246,3.247,3.255,3.255,3.252,3.253,3.647,3.646,3.641,3.645,3.641,3.645,3.642,-60.030,3107.000
3.255,3.250,3.252,3.252,3.251,3.249,3.252,3.644,3.648,3.639,3.642,3.644,3.642,3.647,-60.027,3108.000
3.253,3.251,3.255,3.258,3.254,3.251,3.246,3.646,3.641,3.636,3.636,3.642,3.646,3.643,-59.985,3109.000
3.247,3.257,3.256,3.247,3.255,3.249,3.245,3.644,3.648,3.646,3.647,3.652,3.640,3.639,-60.048,3110.000
3.243,3.250,3.248,3.256,3.246,3.253,3.249,3.641,3.644,3.640,3.636,3.636,3.641,3.639,-60.010,3111.000
3.251,3.251,3.254,3.249,3.248,3.249,3.250,3.639,3.641,3.639,3.643,3.642,3.644,3.640,-60.093,3112.000
3.246,3.246,3.248,3.247,3.249,3.251,3.244,3.639,3.645,3.646,3.642,3.646,3.641,3.639,-60.107,3113.000
3.247,3.251,3.245,3.250,3.248,3.248,3.253,3.638,3.647,3.634,3.641,3.638,3.633,3.640,-60.107,3114.000
3.248,3.249,3.243,3.250,3.243,3.244,3.249,3.641,3.638,3.642,3.643,3.642,3.638,3.636,-60.200,3115.000
3.250,3.247,3.246,3.248,3.250,3.250,3.248,3.640,3.638,3.635,3.640,3.636,3.636,3.635,-60.149,3116.000
3.251,3.246,3.252,3.253,3.244,3.248,3.250,3.641,3.649,3.643,3.637,3.634,3.637,3.636,-60.175,3117.000
3.243,3.248,3.243,3.247,3.245,3.243,3.242,3.640,3.641,3.637,3.640,3.641,3.638,3.642,-60.167,3118.000
3.245,3.247,3.248,3.241,3.246,3.244,3.245,3.640,3.636,3.637,3.633,3.639,3.636,3.638,-60.143,3119.000
3.250,3.246,3.243,3.241,3.249,3.244,3.253,3.635,3.632,3.640,3.640,3.637,3.638,3.637,-60.019,3120.000
3.247,3.252,3.252,3.240,3.245,3.243,3.247,3.645,3.638,3.635,3.637,3.641,3.635,3.636,-60.099,3121.000
3.245,3.246,3.254,3.245,3.245,3.243,3.248,3.641,3.637,3.643,3.639,3.637,3.638,3.642,-60.312,3122.000
3.246,3.252,3.243,3.249,3.245,3.257,3.248,3.641,3.643,3.640,3.637,3.632,3.639,3.637,-60.226,3123.000
3.253,3.247,3.254,3.242,3.246,3.244,3.247,3.637,3.641,3.640,3.641,3.635,3.642,3.641,-60.330,3124.000
3.248,3.248,3.250,3.253,3.251,3.252,3.250,3.640,3.643,3.645,3.639,3.643,3.640,3.641,-60.324,3125.000
3.255,3.247,3.253,3.246,3.255,3.254,3.252,3.646,3.640,3.638,3.638,3.642,3.641,3.645,-60.358,3126.000
3.253,3.254,3.252,3.252,3.243,3.252,3.255,3.643,3.645,3.651,3.642,3.643,3.648,3.648,-60.276,3127.000
3.253,3.254,3.251,3.249,3.253,3.253,3.254,3.647,3.640,3.641,3.645,3.643,3.639,3.640,-60.117,3128.000
3.250,3.250,3.252,3.256,3.250,3.254,3.251,3.646,3.643,3.649,3.649,3.643,3.645,3.643,-60.166,3129.000
3.252,3.253,3.248,3.248,3.248,3.245,3.252,3.646,3.639,3.639,3.647,3.640,3.645,3.644,-60.408,3130.000
3.253,3.247,3.253,3.249,3.253,3.253,3.250,3.639,3.651,3.640,3.645,3.644,3.640,3.646,-60.565,3131.000
3.248,3.251,3.253,3.251,3.247,3.249,3.252,3.642,3.643,3.644,3.638,3.643,3.642,3.643,-60.432,3132.000
3.254,3.251,3.247,3.255,3.250,3.246,3.248,3.635,3.643,3.641,3.642,3.643,3.642,3.641,-60.508,3133.000
3.245,3.252,3.244,3.245,3.244,3.246,3.249,3.640,3.641,3.642,3.640,3.650,3.641,3.640,-60.485,3134.000
3.241,3.251,3.249,3.246,3.250,3.244,3.242,3.645,3.643,3.645,3.642,3.642,3.642,3.649,-60.456,3135.000
3.248,3.245,3.246,3.244,3.247,3.247,3.248,3.643,3.639,3.644,3.643,3.638,3.639,3.638,-60.229,3136.000
3.247,3.239,3.249,3.249,3.249,3.248,3.245,3.638,3.640,3.639,3.639,3.639,3.644,3.631,-60.227,3137.000
3.242,3.240,3.244,3.242,3.244,3.241,3.245,3.638,3.639,3.644,3.634,3.637,3.639,3.643,-60.191,3138.000
3.246,3.241,3.240,3.239,3.239,3.244,3.244,3.636,3.638,3.637,3.632,3.637,3.638,3.640,-60.218,3139.000
3.245,3.248,3.242,3.238,3.247,3.246,3.245,3.637,3.639,3.637,3.635,3.637,3.636,3.635,-60.372,3140.000
3.252,3.240,3.249,3.243,3.243,3.235,3.240,3.637,3.636,3.637,3.636,3.637,3.644,3.635,-60.382,3141.000
3.239,3.243,3.242,3.241,3.241,3.247,3.246,3.635,3.635,3.639,3.634,3.633,3.634,3.637,-60.243,3142.000
3.241,3.240,3.246,3.238,3.239,3.235,3.242,3.636,3.634,3.637,3.638,3.639,3.635,3.643,-60.295,3143.000
3.242,3.241,3.246,3.243,3.237,3.243,3.246,3.640,3.640,3.637,3.640,3.640,3.638,3.637,-60.102,3144.000
3.239,3.244,3.242,3.245,3.243,3.252,3.248,3.637,3.639,3.626,3.638,3.635,3.635,3.637,-60.127,3145.000
3.244,3.244,3.240,3.240,3.240,3.240,3.245,3.639,3.635,3.638,3.646,3.630,3.637,3.637,-60.091,3146.000
3.244,3.239,3.238,3.245,3.244,3.235,3.242,3.635,3.632,3.632,3.635,3.632,3.638,3.634,-60.069,3147.000
3.247,3.248,3.248,3.242,3.248,3.242,3.248,3.634,3.634,3.629,3.638,3.640,3.636,3.639,-60.355,3148.000
3.246,3.245,3.235,3.236,3.244,3.239,3.244,3.640,3.635,3.640,3.631,3.639,3.642,3.633,-60.340,3149.000
3.246,3.244,3.242,3.238,3.242,3.247,3.242,3.640,3.639,3.638,3.637,3.639,3.640,3.634,-60.447,3150.000
3.249,3.250,3.243,3.244,3.243,3.242,3.243,3.638,3.635,3.635,3.636,3.635,3.637,3.638,-60.443,3151.000
3.244,3.241,3.246,3.249,3.246,3.248,3.244,3.642,3.642,3.639,3.637,3.637,3.634,3.639,-60.402,3152.000
3.241,3.247,3.247,3.246,3.250,3.252,3.248,3.640,3.638,3.637,3.642,3.640,3.642,3.639,-60.407,3153.000
3.252,3.250,3.247,3.247,3.249,3.245,3.253,3.634,3.642,3.638,3.642,3.637,3.639,3.642,-60.316,3154.000
3.243,3.241,3.244,3.254,3.243,3.246,3.247,3.646,3.637,3.639,3.638,3.638,3.641,3.643,-60.420,3155.000
3.247,3.244,3.249,3.249,3.248,3.251,3.240,3.647,3.641,3.642,3.641,3.641,3.637,3.640,-60.401,3156.000
3.242,3.243,3.239,3.239,3.247,3.247,3.241,3.632,3.630,3.634,3.636,3.637,3.644,3.646,-60.190,3157.000
3.238,3.243,3.239,3.239,3.243,3.242,3.240,3.646,3.635,3.633,3.635,3.639,3.635,3.634,-60.139,3158.000
3.238,3.240,3.243,3.246,3.245,3.245,3.240,3.636,3.635,3.636,3.643,3.638,3.640,3.636,-60.155,3159.000
3.239,3.250,3.251,3.243,3.245,3.242,3.244,3.631,3.638,3.636,3.637,3.637,3.636,3.634,-60.195,3160.000
3.238,3.240,3.244,3.241,3.244,3.242,3.237,3.639,3.635,3.637,3.634,3.636,3.640,3.637,-60.403,3161.000
3.235,3.247,3.242,3.245,3.241,3.247,3.240,3.634,3.632,3.624,3.619,3.637,3.630,3.638,-60.348,3162.000
3.233,3.236,3.236,3.239,3.235,3.239,3.242,3.631,3.632,3.638,3.635,3.633,3.636,3.640,-60.399,3163.000
3.240,3.235,3.241,3.238,3.238,3.242,3.244,3.630,3.632,3.636,3.626,3.632,3.634,3.638,-60.533,3164.000
3.241,3.236,3.240,3.233,3.240,3.235,3.239,3.634,3.634,3.631,3.633,3.635,3.633,3.626,-60.499,3165.000
3.244,3.238,3.235,3.236,3.236,3.243,3.236,3.640,3.638,3.632,3.643,3.637,3.637,3.634,-60.506,3166.000
3.235,3.240,3.237,3.237,3.237,3.241,3.240,3.634,3.635,3.631,3.631,3.643,3.639,3.637,-60.534,3167.000
3.242,3.237,3.238,3.243,3.242,3.237,3.233,3.640,3.634,3.642,3.642,3.641,3.633,3.640,-60.345,3168.000
3.245,3.235,3.241,3.236,3.246,3.235,3.241,3.637,3.642,3.638,3.636,3.638,3.641,3.637,-60.345,3169.000
3.235,3.238,3.238,3.238,3.237,3.237,3.236,3.632,3.640,3.637,3.640,3.636,3.639,3.639,-60.395,3170.000
3.241,3.239,3.243,3.238,3.240,3.242,3.242,3.638,3.636,3.632,3.642,3.634,3.634,3.628,-60.511,3171.000
3.240,3.243,3.242,3.242,3.239,3.239,3.239,3.632,3.642,3.638,3.643,3.636,3.637,3.637,-60.476,3172.000
3.242,3.246,3.241,3.241,3.241,3.244,3.239,3.641,3.640,3.628,3.637,3.638,3.635,3.636,-60.529,3173.000
3.244,3.242,3.243,3.243,3.242,3.245,3.243,3.633,3.636,3.637,3.637,3.638,3.646,3.635,-60.487,3174.000
3.241,3.246,3.238,3.241,3.243,3.237,3.237,3.639,3.636,3.631,3.634,3.632,3.638,3.643,-60.601,3175.000
3.235,3.242,3.246,3.245,3.241,3.239,3.238,3.636,3.638,3.644,3.642,3.634,3.639,3.636,-60.753,3176.000
3.246,3.246,3.240,3.240,3.241,3.246,3.240,3.633,3.641,3.635,3.640,3.645,3.640,3.646,-60.547,3177.000
3.246,3.237,3.238,3.245,3.246,3.240,3.239,3.641,3.640,3.638,3.637,3.637,3.638,3.634,-60.493,3178.000
3.246,3.244,3.241,3.243,3.240,3.244,3.239,3.640,3.645,3.634,3.637,3.638,3.649,3.640,-60.505,3179.000
3.239,3.243,3.243,3.244,3.238,3.239,3.243,3.639,3.637,3.636,3.645,3.639,3.637,3.640,-60.394,3180.000
3.241,3.243,3.240,3.242,3.243,3.241,3.239,3.636,3.638,3.634,3.637,3.642,3.640,3.642,-60.421,3181.000
3.239,3.238,3.240,3.242,3.244,3.240,3.242,3.635,3.634,3.644,3.628,3.636,3.633,3.643,-60.415,3182.000
3.240,3.239,3.240,3.238,3.241,3.237,3.239,3.642,3.642,3.647,3.634,3.631,3.636,3.635,-60.404,3183.000
3.234,3.236,3.242,3.235,3.237,3.237,3.241,3.638,3.638,3.640,3.638,3.635,3.637,3.633,-60.442,3184.000
3.241,3.233,3.238,3.240,3.239,3.244,3.234,3.638,3.633,3.638,3.640,3.639,3.635,3.633,-60.326,3185.000
3.242,3.241,3.237,3.238,3.236,3.235,3.236,3.635,3.631,3.634,3.635,3.635,3.640,3.637,-60.367,3186.000
3.238,3.236,3.231,3.236,3.238,3.235,3.239,3.641,3.639,3.635,3.633,3.638,3.631,3.636,-60.207,3187.000
3.237,3.242,3.235,3.241,3.242,3.244,3.231,3.639,3.633,3.634,3.632,3.636,3.639,3.631,-60.367,3188.000
3.244,3.238,3.235,3.237,3.239,3.237,3.241,3.633,3.639,3.634,3.636,3.635,3.638,3.636,-60.057,3189.000
3.237,3.246,3.236,3.238,3.241,3.237,3.230,3.636,3.633,3.635,3.633,3.630,3.633,3.634,-60.053,3190.000
3.232,3.235,3.230,3.239,3.234,3.233,3.236,3.634,3.636,3.633,3.638,3.638,3.643,3.639,-59.986,3191.000
3.241,3.238,3.234,3.238,3.237,3.237,3.242,3.636,3.632,3.635,3.633,3.635,3.633,3.636,-59.767,3192.000
3.236,3.236,3.235,3.241,3.230,3.240,3.232,3.635,3.636,3.637,3.634,3.635,3.624,3.634,-59.873,3193.000
3.238,3.233,3.231,3.236,3.233,3.235,3.233,3.634,3.636,3.634,3.631,3.636,3.641,3.637,-60.090,3194.000
3.238,3.236,3.239,3.244,3.240,3.245,3.238,3.633,3.637,3.636,3.641,3.640,3.637,3.638,-60.245,3195.000
3.240,3.239,3.236,3.235,3.232,3.236,3.236,3.639,3.628,3.634,3.639,3.637,3.631,3.632,-60.223,3196.000
3.242,3.241,3.242,3.242,3.236,3.240,3.243,3.635,3.633,3.632,3.635,3.630,3.630,3.633,-60.143,3197.000
3.231,3.236,3.234,3.232,3.239,3.240,3.235,3.637,3.637,3.635,3.634,3.636,3.633,3.638,-60.095,3198.000
3.237,3.244,3.239,3.239,3.242,3.237,3.238,3.632,3.634,3.636,3.641,3.639,3.634,3.631,-60.025,3199.000
3.237,3.238,3.243,3.237,3.233,3.235,3.240,3.631,3.638,3.631,3.635,3.632,3.633,3.635,-59.995,3200.000
3.241,3.247,3.241,3.240,3.238,3.240,3.238,3.639,3.635,3.634,3.639,3.639,3.637,3.637,-60.088,3201.000
3.241,3.239,3.235,3.243,3.240,3.236,3.236,3.634,3.644,3.639,3.634,3.633,3.633,3.636,-60.230,3202.000
3.241,3.238,3.243,3.238,3.241,3.238,3.239,3.640,3.634,3.628,3.640,3.636,3.634,3.637,-60.242,3203.000
3.241,3.235,3.239,3.244,3.238,3.243,3.240,3.631,3.636,3.637,3.633,3.631,3.636,3.637,-60.218,3204.000
3.237,3.236,3.234,3.239,3.239,3.236,3.233,3.637,3.624,3.635,3.640,3.636,3.637,3.634,-60.405,3205.000
3.237,3.240,3.239,3.241,3.234,3.237,3.235,3.627,3.634,3.636,3.637,3.635,3.634,3.633,-60.405,3206.000
3.236,3.240,3.235,3.239,3.235,3.234,3.236,3.640,3.643,3.632,3.637,3.633,3.638,3.636,-60.438,3207.000
3.236,3.236,3.240,3.240,3.237,3.241,3.242,3.640,3.634,3.637,3.635,3.638,3.635,3.639,-60.274,3208.000
3.247,3.237,3.239,3.243,3.241,3.240,3.238,3.631,3.631,3.634,3.633,3.638,3.635,3.633,-60.257,3209.000
3.242,3.241,3.243,3.238,3.236,3.239,3.235,3.638,3.640,3.634,3.632,3.628,3.630,3.627,-60.138,3210.000
3.240,3.243,3.237,3.242,3.237,3.240,3.237,3.634,3.639,3.633,3.632,3.636,3.640,3.632,-60.188,3211.000
3.237,3.240,3.239,3.242,3.233,3.231,3.235,3.633,3.631,3.631,3.631,3.636,3.635,3.635,-60.188,3212.000
3.243,3.240,3.240,3.241,3.243,3.237,3.241,3.642,3.646,3.644,3.641,3.632,3.635,3.634,-60.177,3213.000
3.240,3.238,3.240,3.240,3.242,3.237,3.233,3.632,3.631,3.640,3.631,3.631,3.633,3.638,-60.019,3214.000
3.243,3.238,3.242,3.241,3.240,3.234,3.244,3.634,3.632,3.636,3.640,3.635,3.634,3.633,-60.190,3215.000
3.241,3.235,3.236,3.241,3.235,3.238,3.236,3.633,3.637,3.637,3.636,3.636,3.633,3.637,-60.260,3216.000
3.239,3.237,3.239,3.242,3.243,3.247,3.239,3.631,3.633,3.633,3.630,3.633,3.637,3.638,-60.116,3217.000
3.240,3.239,3.244,3.242,3.230,3.234,3.239,3.631,3.636,3.637,3.629,3.634,3.634,3.634,-60.201,3218.000
3.239,3.246,3.244,3.244,3.242,3.242,3.233,3.633,3.634,3.638,3.632,3.638,3.640,3.636,-60.131,3219.000
3.241,3.238,3.237,3.243,3.240,3.239,3.235,3.636,3.637,3.636,3.635,3.633,3.632,3.637,-60.470,3220.000
3.241,3.239,3.247,3.238,3.240,3.238,3.243,3.642,3.640,3.640,3.637,3.634,3.636,3.632,-60.345,3221.000
3.244,3.239,3.241,3.237,3.233,3.238,3.239,3.630,3.637,3.633,3.638,3.635,3.632,3.636,-60.226,3222.000
3.243,3.241,3.240,3.240,3.234,3.229,3.240,3.629,3.629,3.628,3.636,3.632,3.631,3.640,-60.255,3223.000
3.237,3.243,3.239,3.241,3.239,3.239,3.242,3.630,3.636,3.632,3.629,3.633,3.634,3.634,-60.305,3224.000
3.234,3.240,3.234,3.235,3.242,3.241,3.236,3.634,3.629,3.635,3.629,3.630,3.637,3.633,-60.295,3225.000
3.241,3.242,3.234,3.238,3.240,3.241,3.239,3.640,3.639,3.632,3.637,3.635,3.631,3.634,-60.293,3226.000
3.238,3.244,3.241,3.241,3.241,3.239,3.235,3.639,3.637,3.636,3.639,3.640,3.637,3.632,-60.316,3227.000
3.236,3.236,3.237,3.234,3.239,3.244,3.241,3.637,3.631,3.631,3.634,3.635,3.632,3.634,-60.278,3228.000
3.245,3.248,3.244,3.240,3.242,3.241,3.244,3.630,3.632,3.642,3.633,3.630,3.642,3.631,-60.345,3229.000
3.245,3.245,3.243,3.241,3.241,3.238,3.240,3.634,3.632,3.631,3.638,3.634,3.639,3.637,-60.356,3230.000
3.241,3.241,3.246,3.240,3.240,3.243,3.238,3.631,3.632,3.633,3.635,3.634,3.635,3.637,-60.463,3231.000
3.238,3.237,3.236,3.242,3.238,3.237,3.239,3.633,3.631,3.639,3.635,3.638,3.636,3.635,-60.276,3232.000
3.246,3.236,3.236,3.239,3.233,3.245,3.237,3.635,3.633,3.636,3.634,3.637,3.635,3.631,-60.137,3233.000
3.241,3.239,3.235,3.243,3.237,3.240,3.242,3.637,3.635,3.630,3.640,3.634,3.633,3.635,-59.914,3234.000
3.235,3.241,3.235,3.242,3.243,3.239,3.240,3.636,3.630,3.635,3.642,3.633,3.633,3.633,-59.993,3235.000
3.236,3.229,3.234,3.236,3.239,3.233,3.238,3.633,3.631,3.636,3.636,3.634,3.636,3.638,-60.214,3236.000
3.233,3.243,3.241,3.235,3.239,3.234,3.234,3.622,3.632,3.631,3.629,3.627,3.631,3.634,-60.143,3237.000
3.233,3.236,3.235,3.238,3.234,3.237,3.233,3.627,3.630,3.632,3.628,3.633,3.628,3.631,-60.269,3238.000
3.236,3.239,3.235,3.231,3.239,3.236,3.235,3.626,3.630,3.629,3.626,3.635,3.628,3.632,-60.079,3239.000
3.236,3.232,3.234,3.233,3.232,3.226,3.228,3.638,3.632,3.632,3.628,3.626,3.625,3.625,-60.079,3240.000
3.233,3.229,3.235,3.235,3.233,3.234,3.229,3.628,3.631,3.627,3.629,3.627,3.625,3.627,-60.039,3241.000
3.239,3.230,3.231,3.232,3.234,3.229,3.240,3.631,3.623,3.635,3.631,3.631,3.628,3.627,-60.234,3242.000
3.233,3.236,3.234,3.233,3.237,3.232,3.235,3.630,3.630,3.630,3.628,3.628,3.627,3.637,-60.378,3243.000
3.233,3.242,3.228,3.234,3.231,3.232,3.232,3.632,3.631,3.632,3.633,3.626,3.628,3.636,-60.345,3244.000
3.237,3.228,3.231,3.235,3.229,3.229,3.235,3.623,3.630,3.628,3.629,3.627,3.627,3.631,-60.382,3245.000
3.229,3.228,3.231,3.235,3.227,3.234,3.228,3.628,3.627,3.634,3.633,3.634,3.633,3.630,-60.257,3246.000
3.233,3.230,3.228,3.230,3.232,3.232,3.239,3.631,3.628,3.628,3.629,3.629,3.633,3.629,-60.247,3247.000
3.236,3.235,3.235,3.230,3.227,3.226,3.229,3.630,3.634,3.627,3.629,3.630,3.633,3.629,-60.245,3248.000
3.227,3.228,3.229,3.231,3.233,3.228,3.234,3.631,3.631,3.627,3.635,3.633,3.636,3.630,-60.234,3249.000
3.232,3.226,3.231,3.229,3.236,3.230,3.235,3.624,3.634,3.627,3.632,3.628,3.629,3.624,-60.212,3250.000
3.230,3.228,3.235,3.239,3.228,3.226,3.231,3.630,3.629,3.629,3.630,3.624,3.633,3.626,-60.250,3251.000
3.229,3.229,3.221,3.229,3.228,3.231,3.228,3.624,3.633,3.628,3.630,3.625,3.626,3.626,-60.375,3252.000
3.233,3.226,3.229,3.228,3.225,3.229,3.231,3.631,3.634,3.629,3.627,3.629,3.626,3.629,-60.354,3253.000
3.233,3.234,3.230,3.229,3.232,3.223,3.225,3.625,3.626,3.629,3.628,3.630,3.626,3.622,-60.354,3254.000
3.232,3.227,3.233,3.229,3.228,3.226,3.225,3.622,3.628,3.629,3.624,3.627,3.623,3.624,-60.365,3255.000
3.232,3.229,3.227,3.227,3.227,3.227,3.228,3.622,3.630,3.621,3.622,3.625,3.627,3.636,-60.384,3256.000
3.227,3.234,3.230,3.228,3.223,3.230,3.230,3.629,3.628,3.629,3.630,3.628,3.629,3.629,-60.307,3257.000
3.227,3.221,3.232,3.234,3.230,3.232,3.230,3.630,3.623,3.628,3.627,3.633,3.630,3.631,-60.267,3258.000
3.233,3.236,3.231,3.230,3.227,3.228,3.230,3.630,3.635,3.632,3.635,3.633,3.632,3.623,-60.194,3259.000
3.227,3.224,3.231,3.221,3.227,3.229,3.228,3.631,3.629,3.628,3.623,3.630,3.630,3.631,-60.386,3260.000
3.233,3.228,3.227,3.228,3.227,3.225,3.229,3.632,3.627,3.635,3.628,3.622,3.627,3.632,-60.396,3261.000
3.225,3.228,3.232,3.228,3.228,3.227,3.226,3.634,3.625,3.625,3.631,3.632,3.630,3.627,-60.319,3262.000
3.222,3.229,3.231,3.233,3.231,3.233,3.228,3.631,3.631,3.633,3.636,3.630,3.626,3.628,-60.288,3263.000
3.224,3.227,3.224,3.227,3.225,3.228,3.232,3.633,3.631,3.631,3.631,3.628,3.627,3.626,-60.398,3264.000
3.232,3.224,3.234,3.229,3.226,3.229,3.231,3.627,3.628,3.627,3.624,3.633,3.624,3.629,-60.277,3265.000
3.224,3.222,3.223,3.224,3.230,3.224,3.228,3.620,3.626,3.620,3.627,3.626,3.622,3.621,-60.126,3266.000
3.229,3.223,3.220,3.223,3.224,3.225,3.225,3.625,3.624,3.625,3.624,3.626,3.624,3.624,-60.080,3267.000
3.227,3.221,3.219,3.223,3.223,3.226,3.230,3.618,3.624,3.624,3.624,3.625,3.625,3.629,-60.301,3268.000
3.228,3.222,3.219,3.219,3.220,3.220,3.222,3.624,3.622,3.625,3.626,3.624,3.630,3.622,-60.251,3269.000
3.222,3.222,3.221,3.223,3.221,3.220,3.224,3.624,3.627,3.621,3.623,3.623,3.627,3.624,-60.303,3270.000
3.228,3.220,3.222,3.221,3.225,3.218,3.223,3.624,3.627,3.626,3.620,3.617,3.624,3.622,-60.256,3271.000
3.224,3.219,3.223,3.223,3.222,3.220,3.224,3.622,3.619,3.620,3.627,3.620,3.623,3.622,-60.310,3272.000
3.223,3.221,3.217,3.220,3.216,3.222,3.220,3.617,3.626,3.630,3.622,3.619,3.618,3.625,-60.396,3273.000
3.223,3.222,3.223,3.214,3.224,3.222,3.222,3.621,3.620,3.620,3.624,3.621,3.621,3.626,-60.295,3274.000
3.221,3.221,3.215,3.221,3.212,3.222,3.222,3.628,3.619,3.625,3.623,3.626,3.619,3.615,-60.332,3275.000
3.223,3.222,3.230,3.225,3.221,3.216,3.219,3.621,3.625,3.617,3.625,3.626,3.624,3.624,-60.444,3276.000
3.216,3.225,3.217,3.226,3.221,3.225,3.220,3.622,3.622,3.621,3.620,3.617,3.616,3.623,-60.572,3277.000
3.226,3.226,3.219,3.223,3.219,3.220,3.222,3.621,3.624,3.623,3.621,3.622,3.627,3.619,-60.584,3278.000
3.212,3.220,3.219,3.220,3.220,3.224,3.227,3.617,3.627,3.616,3.622,3.624,3.628,3.625,-60.491,3279.000
3.225,3.219,3.224,3.221,3.219,3.222,3.223,3.616,3.624,3.624,3.625,3.625,3.620,3.619,-60.438,3280.000
3.219,3.227,3.224,3.221,3.219,3.217,3.222,3.627,3.626,3.622,3.629,3.625,3.620,3.617,-60.476,3281.000
3.222,3.227,3.224,3.227,3.225,3.217,3.219,3.630,3.627,3.626,3.624,3.622,3.625,3.621,-60.449,3282.000
3.223,3.221,3.226,3.228,3.224,3.225,3.225,3.628,3.626,3.623,3.622,3.616,3.619,3.621,-60.307,3283.000
3.226,3.216,3.219,3.228,3.232,3.229,3.222,3.625,3.627,3.627,3.623,3.626,3.628,3.627,-60.282,3284.000
3.227,3.223,3.216,3.224,3.220,3.228,3.227,3.622,3.630,3.623,3.624,3.630,3.623,3.627,-60.177,3285.000
3.230,3.233,3.231,3.219,3.229,3.227,3.223,3.626,3.625,3.629,3.626,3.628,3.630,3.631,-60.153,3286.000
3.229,3.229,3.224,3.224,3.224,3.226,3.225,3.631,3.625,3.626,3.629,3.626,3.631,3.628,-60.301,3287.000
3.229,3.228,3.229,3.234,3.228,3.234,3.231,3.624,3.625,3.629,3.629,3.630,3.631,3.626,-60.461,3288.000
3.229,3.226,3.231,3.229,3.227,3.229,3.226,3.633,3.630,3.624,3.631,3.629,3.631,3.625,-60.721,3289.000
3.232,3.226,3.232,3.226,3.228,3.228,3.232,3.632,3.631,3.632,3.638,3.632,3.636,3.639,-60.576,3290.000
3.226,3.230,3.230,3.234,3.230,3.233,3.231,3.635,3.628,3.630,3.631,3.629,3.633,3.630,-60.474,3291.000
3.230,3.232,3.230,3.232,3.231,3.228,3.231,3.629,3.632,3.636,3.640,3.629,3.631,3.630,-60.414,3292.000
3.230,3.229,3.222,3.228,3.231,3.226,3.232,3.632,3.632,3.632,3.630,3.633,3.629,3.629,-60.293,3293.000
3.234,3.229,3.229,3.226,3.233,3.230,3.227,3.622,3.631,3.626,3.629,3.629,3.624,3.626,-60.299,3294.000
3.230,3.228,3.232,3.227,3.231,3.224,3.229,3.626,3.621,3.628,3.627,3.626,3.625,3.625,-60.475,3295.000
3.230,3.230,3.233,3.224,3.227,3.228,3.227,3.627,3.628,3.629,3.623,3.628,3.628,3.622,-60.533,3296.000
3.230,3.229,3.228,3.229,3.230,3.232,3.230,3.627,3.628,3.626,3.628,3.630,3.628,3.633,-60.537,3297.000
3.228,3.229,3.228,3.229,3.231,3.230,3.229,3.630,3.627,3.628,3.632,3.622,3.630,3.627,-60.639,3298.000
3.228,3.222,3.229,3.223,3.226,3.222,3.228,3.625,3.626,3.623,3.625,3.623,3.630,3.631,-60.688,3299.000
3.228,3.225,3.228,3.226,3.228,3.230,3.231,3.637,3.635,3.630,3.624,3.631,3.630,3.630,-60.623,3300.000
3.230,3.225,3.234,3.228,3.222,3.228,3.226,3.627,3.621,3.618,3.625,3.627,3.626,3.627,-60.547,3301.000
3.223,3.226,3.224,3.231,3.230,3.227,3.221,3.626,3.625,3.618,3.628,3.618,3.617,3.621,-60.475,3302.000
3.227,3.225,3.225,3.225,3.230,3.228,3.222,3.617,3.623,3.622,3.627,3.620,3.622,3.622,-60.485,3303.000
3.227,3.223,3.219,3.220,3.223,3.218,3.223,3.611,3.618,3.625,3.616,3.621,3.624,3.632,-60.495,3304.000
3.228,3.218,3.220,3.223,3.226,3.227,3.228,3.629,3.622,3.621,3.620,3.621,3.621,3.615,-60.430,3305.000
3.222,3.225,3.223,3.225,3.222,3.227,3.220,3.621,3.622,3.621,3.621,3.623,3.623,3.624,-60.467,3306.000
3.222,3.225,3.222,3.225,3.224,3.226,3.222,3.624,3.625,3.622,3.619,3.623,3.622,3.618,-60.473,3307.000
3.226,3.228,3.227,3.221,3.222,3.222,3.228,3.622,3.618,3.619,3.620,3.623,3.623,3.626,-60.444,3308.000
3.235,3.224,3.230,3.227,3.222,3.222,3.228,3.640,3.636,3.629,3.628,3.631,3.624,3.630,-60.573,3309.000
3.232,3.221,3.232,3.231,3.224,3.225,3.229,3.628,3.621,3.626,3.631,3.618,3.625,3.621,-60.573,3310.000
3.231,3.224,3.223,3.226,3.231,3.229,3.223,3.627,3.623,3.621,3.622,3.632,3.625,3.627,-60.272,3311.000
3.223,3.226,3.223,3.224,3.227,3.235,3.224,3.622,3.623,3.624,3.621,3.630,3.629,3.621,-60.266,3312.000
3.219,3.224,3.230,3.228,3.230,3.220,3.228,3.626,3.630,3.625,3.620,3.619,3.621,3.624,-60.257,3313.000
3.225,3.222,3.218,3.223,3.228,3.231,3.221,3.621,3.621,3.624,3.625,3.625,3.626,3.617,-60.431,3314.000
3.218,3.218,3.223,3.224,3.217,3.217,3.219,3.620,3.617,3.620,3.615,3.621,3.620,3.620,-60.303,3315.000
3.213,3.220,3.225,3.221,3.221,3.219,3.227,3.615,3.617,3.618,3.615,3.621,3.622,3.618,-60.335,3316.000
3.216,3.221,3.217,3.216,3.225,3.221,3.222,3.617,3.622,3.616,3.617,3.617,3.617,3.611,-60.204,3317.000
3.223,3.220,3.220,3.220,3.219,3.215,3.218,3.619,3.617,3.616,3.620,3.615,3.617,3.616,-60.088,3318.000
3.222,3.220,3.212,3.222,3.217,3.219,3.215,3.622,3.622,3.624,3.620,3.616,3.616,3.612,-59.963,3319.000
3.215,3.221,3.215,3.219,3.216,3.221,3.216,3.615,3.614,3.618,3.614,3.615,3.610,3.610,-60.030,3320.000
3.218,3.221,3.218,3.217,3.216,3.221,3.222,3.618,3.618,3.620,3.612,3.619,3.613,3.614,-60.042,3321.000
3.217,3.218,3.217,3.217,3.221,3.221,3.222,3.617,3.616,3.609,3.618,3.611,3.612,3.618,-60.121,3322.000
3.214,3.217,3.216,3.216,3.220,3.220,3.216,3.618,3.613,3.614,3.620,3.619,3.620,3.614,-60.183,3323.000
3.216,3.212,3.211,3.222,3.214,3.218,3.215,3.614,3.618,3.619,3.618,3.615,3.615,3.617,-60.007,3324.000
3.219,3.221,3.215,3.225,3.218,3.212,3.217,3.618,3.621,3.619,3.619,3.617,3.612,3.617,-60.108,3325.000
3.219,3.218,3.222,3.216,3.224,3.221,3.223,3.622,3.620,3.625,3.617,3.624,3.613,3.612,-60.095,3326.000
3.214,3.220,3.216,3.218,3.212,3.221,3.221,3.618,3.618,3.615,3.614,3.616,3.618,3.609,-60.033,3327.000
3.216,3.211,3.211,3.219,3.210,3.217,3.220,3.617,3.607,3.616,3.614,3.619,3.616,3.609,-60.094,3328.000
3.220,3.213,3.216,3.215,3.219,3.217,3.219,3.613,3.615,3.613,3.609,3.614,3.611,3.614,-60.100,3329.000
3.216,3.211,3.214,3.211,3.213,3.217,3.211,3.616,3.615,3.610,3.611,3.617,3.617,3.612,-60.087,3330.000
3.209,3.207,3.210,3.205,3.208,3.215,3.211,3.614,3.612,3.613,3.612,3.611,3.612,3.612,-60.165,3331.000
3.212,3.210,3.216,3.208,3.220,3.211,3.217,3.607,3.611,3.616,3.615,3.611,3.611,3.609,-60.215,3332.000
3.204,3.212,3.210,3.212,3.215,3.214,3.208,3.618,3.614,3.616,3.607,3.612,3.614,3.614,-60.420,3333.000
3.211,3.212,3.208,3.209,3.207,3.214,3.213,3.610,3.605,3.611,3.610,3.611,3.610,3.613,-60.402,3334.000
3.208,3.211,3.207,3.210,3.210,3.219,3.214,3.608,3.617,3.615,3.616,3.610,3.612,3.606,-60.407,3335.000
3.208,3.216,3.206,3.211,3.212,3.211,3.216,3.608,3.608,3.609,3.606,3.617,3.616,3.618,-60.541,3336.000
3.215,3.216,3.217,3.212,3.211,3.210,3.212,3.614,3.620,3.609,3.605,3.610,3.617,3.611,-60.239,3337.000
3.213,3.212,3.215,3.217,3.214,3.217,3.215,3.613,3.614,3.612,3.610,3.611,3.612,3.613,-60.202,3338.000
3.208,3.212,3.210,3.217,3.214,3.213,3.216,3.613,3.615,3.610,3.612,3.614,3.613,3.608,-60.193,3339.000
3.209,3.212,3.208,3.214,3.212,3.210,3.212,3.615,3.619,3.615,3.610,3.608,3.606,3.617,-60.207,3340.000
3.211,3.214,3.213,3.207,3.213,3.212,3.214,3.615,3.620,3.611,3.616,3.611,3.615,3.617,-60.227,3341.000
3.212,3.213,3.212,3.213,3.213,3.212,3.212,3.615,3.618,3.614,3.616,3.614,3.616,3.616,-60.241,3342.000
3.209,3.215,3.211,3.214,3.211,3.213,3.211,3.615,3.614,3.616,3.613,3.620,3.617,3.614,-60.435,3343.000
3.219,3.211,3.216,3.220,3.214,3.220,3.216,3.616,3.618,3.616,3.613,3.618,3.619,3.624,-60.412,3344.000
3.219,3.217,3.215,3.215,3.213,3.212,3.212,3.614,3.618,3.617,3.610,3.618,3.618,3.612,-60.469,3345.000
3.218,3.217,3.215,3.218,3.220,3.220,3.213,3.618,3.620,3.620,3.615,3.614,3.614,3.615,-60.532,3346.000
3.222,3.218,3.218,3.221,3.220,3.214,3.208,3.614,3.610,3.618,3.617,3.618,3.619,3.619,-60.381,3347.000
3.222,3.214,3.218,3.218,3.217,3.214,3.217,3.622,3.622,3.623,3.620,3.613,3.621,3.618,-60.403,3348.000
3.218,3.217,3.215,3.219,3.218,3.220,3.220,3.619,3.628,3.623,3.624,3.623,3.621,3.619,-60.401,3349.000
3.219,3.218,3.219,3.212,3.219,3.219,3.218,3.623,3.622,3.622,3.616,3.619,3.616,3.612,-60.342,3350.000
3.220,3.220,3.219,3.222,3.222,3.222,3.215,3.617,3.622,3.622,3.625,3.621,3.621,3.619,-60.185,3351.000
3.221,3.216,3.221,3.227,3.215,3.222,3.221,3.628,3.623,3.624,3.623,3.625,3.628,3.626,-60.362,3352.000
3.229,3.220,3.223,3.226,3.223,3.226,3.224,3.623,3.628,3.623,3.628,3.627,3.626,3.628,-60.250,3353.000
3.226,3.226,3.228,3.229,3.234,3.230,3.221,3.623,3.626,3.630,3.624,3.629,3.625,3.627,-60.377,3354.000
3.230,3.232,3.239,3.226,3.230,3.230,3.230,3.631,3.632,3.639,3.631,3.630,3.635,3.635,-60.371,3355.000
3.231,3.230,3.230,3.226,3.232,3.230,3.232,3.634,3.631,3.633,3.638,3.636,3.634,3.635,-60.365,3356.000
3.229,3.230,3.231,3.237,3.233,3.229,3.232,3.625,3.627,3.633,3.633,3.636,3.631,3.640,-60.151,3357.000
3.229,3.236,3.238,3.232,3.234,3.235,3.232,3.640,3.631,3.631,3.631,3.636,3.638,3.638,-60.186,3358.000
3.232,3.236,3.234,3.233,3.229,3.239,3.234,3.638,3.638,3.633,3.630,3.630,3.634,3.638,-60.255,3359.000
3.237,3.230,3.236,3.232,3.238,3.235,3.230,3.642,3.639,3.639,3.638,3.635,3.630,3.638,-60.239,3360.000
3.239,3.230,3.235,3.233,3.233,3.244,3.235,3.638,3.635,3.636,3.639,3.631,3.635,3.641,-60.202,3361.000
3.235,3.237,3.240,3.235,3.237,3.228,3.234,3.631,3.634,3.632,3.632,3.635,3.637,3.636,-60.235,3362.000
3.236,3.235,3.240,3.238,3.235,3.232,3.236,3.629,3.638,3.636,3.641,3.647,3.640,3.636,-60.266,3363.000
3.244,3.232,3.232,3.230,3.234,3.229,3.234,3.634,3.640,3.635,3.638,3.629,3.633,3.630,-60.329,3364.000
3.232,3.235,3.240,3.234,3.236,3.235,3.234,3.631,3.632,3.636,3.637,3.634,3.632,3.635,-60.222,3365.000
3.231,3.230,3.236,3.237,3.233,3.231,3.235,3.631,3.627,3.630,3.630,3.633,3.625,3.640,-60.242,3366.000
3.227,3.229,3.231,3.231,3.228,3.229,3.226,3.636,3.632,3.630,3.628,3.624,3.628,3.628,-60.261,3367.000
3.225,3.226,3.226,3.224,3.225,3.228,3.229,3.630,3.624,3.625,3.624,3.630,3.622,3.625,-60.162,3368.000
3.228,3.221,3.224,3.230,3.230,3.219,3.225,3.627,3.624,3.622,3.622,3.620,3.628,3.626,-60.156,3369.000
3.223,3.221,3.227,3.228,3.224,3.221,3.223,3.623,3.629,3.622,3.627,3.622,3.623,3.622,-60.182,3370.000
3.226,3.222,3.217,3.219,3.226,3.225,3.218,3.616,3.616,3.618,3.621,3.621,3.612,3.616,-60.434,3371.000
3.218,3.219,3.223,3.225,3.214,3.219,3.217,3.624,3.621,3.626,3.617,3.617,3.620,3.619,-60.420,3372.000
3.224,3.219,3.222,3.216,3.220,3.223,3.218,3.619,3.620,3.616,3.620,3.620,3.624,3.619,-60.375,3373.000
3.213,3.223,3.216,3.220,3.219,3.218,3.221,3.616,3.619,3.623,3.620,3.615,3.617,3.623,-60.140,3374.000
3.219,3.222,3.223,3.225,3.222,3.226,3.225,3.618,3.616,3.619,3.621,3.622,3.621,3.615,-60.115,3375.000
3.221,3.219,3.221,3.217,3.220,3.225,3.219,3.619,3.624,3.623,3.614,3.623,3.622,3.620,-60.066,3376.000
3.215,3.215,3.217,3.218,3.218,3.216,3.216,3.616,3.614,3.619,3.613,3.620,3.614,3.620,-59.873,3377.000
3.220,3.217,3.216,3.213,3.218,3.218,3.217,3.613,3.615,3.616,3.614,3.617,3.614,3.612,-59.829,3378.000
3.220,3.215,3.213,3.220,3.214,3.218,3.217,3.615,3.618,3.616,3.619,3.618,3.613,3.614,-59.861,3379.000
3.213,3.212,3.213,3.208,3.210,3.212,3.211,3.616,3.610,3.611,3.611,3.614,3.618,3.612,-59.849,3380.000
3.213,3.211,3.212,3.216,3.220,3.218,3.216,3.619,3.611,3.614,3.612,3.615,3.609,3.611,-59.776,3381.000
3.213,3.214,3.209,3.211,3.207,3.211,3.213,3.613,3.618,3.615,3.616,3.604,3.607,3.609,-59.948,3382.000
3.203,3.215,3.208,3.213,3.210,3.211,3.210,3.612,3.608,3.618,3.612,3.611,3.609,3.611,-59.836,3383.000
3.210,3.209,3.211,3.215,3.216,3.210,3.209,3.612,3.612,3.612,3.613,3.609,3.612,3.615,-59.724,3384.000
3.212,3.214,3.218,3.208,3.210,3.216,3.214,3.620,3.615,3.612,3.614,3.607,3.615,3.614,-59.869,3385.000
3.209,3.212,3.213,3.209,3.209,3.211,3.213,3.609,3.609,3.615,3.607,3.611,3.612,3.611,-60.032,3386.000
3.211,3.208,3.214,3.214,3.214,3.215,3.213,3.602,3.607,3.608,3.611,3.612,3.604,3.612,-60.140,3387.000
3.216,3.218,3.214,3.214,3.210,3.211,3.214,3.610,3.618,3.611,3.604,3.608,3.611,3.610,-60.098,3388.000
3.216,3.218,3.217,3.218,3.212,3.218,3.209,3.615,3.622,3.618,3.618,3.620,3.620,3.616,-60.116,3389.000
3.214,3.222,3.219,3.222,3.217,3.219,3.216,3.613,3.619,3.616,3.621,3.622,3.624,3.624,-60.204,3390.000
3.219,3.220,3.220,3.216,3.222,3.222,3.214,3.619,3.617,3.615,3.619,3.619,3.624,3.615,-60.204,3391.000
3.219,3.219,3.222,3.225,3.216,3.220,3.224,3.615,3.624,3.619,3.624,3.618,3.620,3.621,-60.185,3392.000
3.217,3.223,3.226,3.220,3.222,3.225,3.221,3.615,3.620,3.615,3.623,3.617,3.619,3.615,-60.196,3393.000
3.220,3.224,3.220,3.224,3.223,3.227,3.219,3.620,3.610,3.626,3.620,3.625,3.618,3.616,-60.248,3394.000
3.220,3.220,3.219,3.224,3.220,3.218,3.220,3.617,3.620,3.621,3.616,3.614,3.618,3.619,-60.166,3395.000
3.222,3.219,3.221,3.218,3.220,3.221,3.216,3.620,3.617,3.623,3.618,3.617,3.616,3.617,-60.270,3396.000
3.211,3.214,3.212,3.220,3.216,3.214,3.213,3.612,3.615,3.617,3.613,3.616,3.615,3.616,-60.417,3397.000
3.217,3.217,3.214,3.214,3.216,3.216,3.214,3.615,3.612,3.615,3.616,3.619,3.621,3.617,-60.461,3398.000
3.216,3.219,3.214,3.215,3.211,3.214,3.214,3.618,3.615,3.618,3.616,3.613,3.614,3.614,-60.524,3399.000
3.213,3.216,3.213,3.212,3.218,3.214,3.211,3.615,3.615,3.615,3.615,3.608,3.614,3.611,-60.321,3400.000
3.214,3.210,3.218,3.215,3.212,3.217,3.217,3.618,3.618,3.607,3.612,3.609,3.611,3.607,-60.301,3401.000
3.212,3.214,3.207,3.211,3.205,3.219,3.214,3.607,3.619,3.608,3.613,3.609,3.614,3.615,-60.346,3402.000
3.216,3.213,3.212,3.212,3.214,3.214,3.207,3.609,3.613,3.610,3.610,3.617,3.610,3.610,-60.483,3403.000
3.212,3.214,3.212,3.209,3.211,3.210,3.211,3.609,3.612,3.607,3.610,3.609,3.613,3.615,-60.530,3404.000
3.213,3.214,3.214,3.211,3.213,3.212,3.218,3.615,3.608,3.611,3.610,3.612,3.613,3.618,-60.528,3405.000
3.217,3.215,3.214,3.216,3.212,3.214,3.207,3.611,3.614,3.606,3.612,3.609,3.615,3.613,-60.490,3406.000
3.211,3.208,3.211,3.212,3.215,3.211,3.211,3.613,3.608,3.607,3.607,3.609,3.610,3.612,-60.508,3407.000
3.211,3.213,3.212,3.222,3.214,3.219,3.214,3.609,3.614,3.610,3.612,3.616,3.614,3.612,-60.260,3408.000
3.211,3.210,3.211,3.217,3.211,3.211,3.208,3.607,3.603,3.609,3.611,3.610,3.610,3.610,-60.284,3409.000
3.213,3.210,3.214,3.210,3.207,3.214,3.213,3.609,3.609,3.610,3.614,3.613,3.615,3.608,-60.150,3410.000
3.213,3.213,3.219,3.214,3.216,3.214,3.212,3.613,3.616,3.609,3.611,3.608,3.610,3.611,-60.255,3411.000
3.216,3.214,3.213,3.212,3.209,3.211,3.214,3.616,3.614,3.619,3.615,3.613,3.612,3.616,-60.108,3412.000
3.223,3.218,3.218,3.213,3.219,3.215,3.218,3.616,3.612,3.613,3.613,3.608,3.612,3.618,-60.009,3413.000
3.225,3.216,3.229,3.219,3.222,3.214,3.216,3.617,3.619,3.613,3.615,3.616,3.618,3.620,-59.954,3414.000
3.214,3.224,3.219,3.220,3.218,3.223,3.220,3.621,3.616,3.618,3.615,3.620,3.616,3.621,-59.829,3415.000
3.219,3.218,3.223,3.220,3.219,3.217,3.220,3.620,3.618,3.623,3.617,3.615,3.615,3.618,-60.044,3416.000
3.221,3.223,3.224,3.224,3.222,3.219,3.220,3.617,3.618,3.618,3.616,3.614,3.629,3.623,-60.318,3417.000
3.213,3.219,3.213,3.220,3.217,3.221,3.220,3.618,3.609,3.621,3.619,3.618,3.614,3.621,-60.418,3418.000
3.217,3.224,3.217,3.215,3.218,3.217,3.224,3.614,3.613,3.616,3.616,3.617,3.612,3.616,-60.322,3419.000
3.211,3.215,3.215,3.214,3.219,3.222,3.217,3.620,3.619,3.621,3.622,3.616,3.618,3.611,-60.478,3420.000
3.220,3.216,3.216,3.211,3.215,3.212,3.212,3.614,3.616,3.618,3.618,3.624,3.619,3.620,-60.299,3421.000
3.222,3.216,3.216,3.214,3.212,3.218,3.217,3.620,3.618,3.616,3.618,3.617,3.616,3.620,-60.270,3422.000
3.219,3.217,3.218,3.221,3.219,3.220,3.215,3.620,3.618,3.620,3.618,3.614,3.617,3.616,-60.232,3423.000
3.217,3.218,3.219,3.211,3.217,3.215,3.210,3.617,3.620,3.621,3.619,3.621,3.623,3.619,-60.203,3424.000
3.216,3.215,3.208,3.218,3.215,3.212,3.221,3.618,3.619,3.618,3.618,3.612,3.611,3.618,-60.053,3425.000
3.219,3.218,3.212,3.222,3.214,3.215,3.216,3.618,3.616,3.616,3.616,3.614,3.613,3.613,-60.261,3426.000
3.219,3.211,3.219,3.218,3.219,3.209,3.218,3.614,3.618,3.618,3.616,3.615,3.620,3.617,-60.161,3427.000
3.215,3.220,3.214,3.217,3.213,3.220,3.217,3.612,3.608,3.609,3.618,3.617,3.615,3.618,-60.207,3428.000
3.215,3.214,3.219,3.208,3.217,3.213,3.216,3.615,3.614,3.613,3.616,3.621,3.616,3.617,-60.267,3429.000
3.217,3.215,3.218,3.217,3.220,3.215,3.218,3.621,3.611,3.617,3.611,3.620,3.621,3.618,-60.246,3430.000
3.218,3.217,3.219,3.224,3.218,3.219,3.220,3.622,3.623,3.616,3.617,3.623,3.615,3.622,-60.283,3431.000
3.222,3.212,3.220,3.218,3.223,3.213,3.217,3.614,3.615,3.621,3.618,3.614,3.618,3.615,-60.217,3432.000
3.219,3.221,3.217,3.224,3.220,3.222,3.220,3.626,3.622,3.620,3.617,3.619,3.622,3.619,-60.217,3433.000
3.217,3.222,3.224,3.220,3.223,3.216,3.221,3.618,3.624,3.621,3.625,3.617,3.622,3.619,-60.203,3434.000
3.216,3.223,3.225,3.218,3.215,3.217,3.219,3.619,3.620,3.622,3.621,3.615,3.619,3.618,-60.308,3435.000
3.218,3.220,3.218,3.222,3.223,3.220,3.222,3.611,3.618,3.621,3.622,3.622,3.624,3.626,-60.319,3436.000
3.214,3.213,3.219,3.219,3.215,3.214,3.222,3.617,3.619,3.625,3.623,3.618,3.619,3.622,-60.315,3437.000
3.218,3.218,3.229,3.222,3.220,3.218,3.222,3.621,3.621,3.624,3.618,3.629,3.622,3.625,-60.194,3438.000
3.223,3.218,3.223,3.220,3.224,3.225,3.215,3.625,3.623,3.627,3.628,3.622,3.629,3.628,-60.195,3439.000
3.226,3.226,3.219,3.223,3.217,3.224,3.217,3.627,3.621,3.629,3.625,3.629,3.626,3.621,-60.124,3440.000
3.226,3.221,3.220,3.217,3.227,3.218,3.221,3.624,3.625,3.621,3.623,3.622,3.622,3.620,-60.118,3441.000
3.223,3.226,3.228,3.222,3.224,3.221,3.218,3.621,3.625,3.624,3.626,3.624,3.625,3.622,-60.061,3442.000
3.220,3.223,3.224,3.221,3.221,3.220,3.222,3.616,3.613,3.615,3.629,3.622,3.623,3.620,-60.115,3443.000
3.223,3.224,3.225,3.224,3.226,3.218,3.221,3.621,3.624,3.617,3.629,3.629,3.623,3.630,-60.165,3444.000
3.225,3.221,3.221,3.222,3.219,3.219,3.224,3.620,3.624,3.624,3.620,3.626,3.625,3.627,-60.144,3445.000
3.217,3.220,3.223,3.224,3.221,3.223,3.222,3.623,3.621,3.626,3.629,3.631,3.627,3.626,-60.192,3446.000
3.222,3.220,3.222,3.224,3.223,3.220,3.220,3.618,3.618,3.623,3.629,3.624,3.626,3.622,-60.192,3447.000
3.221,3.219,3.219,3.227,3.227,3.226,3.217,3.624,3.626,3.624,3.621,3.625,3.624,3.623,-60.321,3448.000
3.220,3.222,3.228,3.225,3.223,3.221,3.221,3.622,3.630,3.625,3.627,3.624,3.626,3.620,-60.323,3449.000
3.224,3.221,3.226,3.222,3.222,3.222,3.221,3.616,3.634,3.622,3.628,3.620,3.619,3.625,-60.345,3450.000
3.223,3.219,3.221,3.224,3.220,3.218,3.227,3.628,3.618,3.626,3.621,3.622,3.625,3.623,-60.477,3451.000
3.229,3.220,3.225,3.225,3.226,3.220,3.222,3.623,3.621,3.622,3.620,3.622,3.629,3.621,-60.491,3452.000
3.220,3.214,3.218,3.222,3.218,3.218,3.221,3.625,3.626,3.616,3.626,3.623,3.629,3.627,-60.252,3453.000
3.224,3.218,3.228,3.219,3.215,3.226,3.225,3.621,3.622,3.623,3.634,3.614,3.626,3.623,-60.145,3454.000
3.221,3.223,3.222,3.226,3.223,3.225,3.225,3.624,3.628,3.630,3.630,3.618,3.628,3.632,-60.114,3455.000
3.219,3.222,3.220,3.229,3.221,3.222,3.215,3.628,3.630,3.626,3.623,3.626,3.623,3.628,-60.322,3456.000
3.226,3.222,3.231,3.228,3.222,3.224,3.228,3.625,3.628,3.624,3.630,3.623,3.623,3.623,-60.248,3457.000
3.224,3.223,3.224,3.225,3.227,3.222,3.228,3.619,3.618,3.624,3.625,3.631,3.630,3.628,-60.205,3458.000
3.219,3.225,3.229,3.227,3.227,3.226,3.226,3.624,3.628,3.623,3.626,3.621,3.622,3.625,-60.151,3459.000
3.220,3.216,3.221,3.220,3.222,3.219,3.220,3.622,3.622,3.623,3.630,3.622,3.620,3.623,-60.186,3460.000
3.224,3.227,3.221,3.214,3.222,3.226,3.221,3.619,3.622,3.622,3.628,3.628,3.624,3.630,-60.189,3461.000
3.221,3.225,3.216,3.223,3.217,3.224,3.221,3.626,3.625,3.627,3.627,3.621,3.626,3.625,-60.085,3462.000
3.223,3.227,3.224,3.221,3.219,3.219,3.220,3.620,3.626,3.625,3.626,3.626,3.622,3.627,-60.025,3463.000
3.222,3.220,3.226,3.218,3.218,3.220,3.222,3.621,3.626,3.628,3.626,3.626,3.624,3.618,-59.943,3464.000
3.222,3.222,3.228,3.218,3.219,3.213,3.223,3.621,3.626,3.620,3.622,3.621,3.619,3.618,-60.230,3465.000
3.219,3.217,3.220,3.222,3.222,3.214,3.226,3.625,3.624,3.617,3.618,3.624,3.622,3.622,-60.262,3466.000
3.223,3.220,3.219,3.216,3.217,3.218,3.214,3.621,3.618,3.622,3.625,3.625,3.624,3.620,-60.410,3467.000
3.221,3.223,3.216,3.220,3.219,3.218,3.221,3.619,3.625,3.630,3.626,3.627,3.624,3.622,-60.284,3468.000
3.218,3.226,3.217,3.219,3.219,3.218,3.220,3.627,3.629,3.623,3.621,3.629,3.625,3.624,-60.439,3469.000
3.216,3.220,3.216,3.217,3.217,3.215,3.219,3.623,3.631,3.629,3.623,3.628,3.621,3.616,-60.236,3470.000
3.219,3.213,3.216,3.218,3.221,3.216,3.217,3.624,3.626,3.624,3.626,3.626,3.626,3.628,-60.209,3471.000
3.221,3.221,3.217,3.219,3.218,3.217,3.220,3.622,3.626,3.627,3.625,3.627,3.630,3.629,-60.233,3472.000
3.221,3.219,3.217,3.221,3.221,3.218,3.218,3.627,3.627,3.627,3.623,3.622,3.626,3.630,-60.298,3473.000
3.218,3.215,3.218,3.223,3.218,3.221,3.214,3.625,3.627,3.620,3.624,3.622,3.626,3.623,-60.450,3474.000
3.216,3.220,3.220,3.219,3.215,3.218,3.217,3.622,3.619,3.621,3.627,3.626,3.631,3.624,-60.423,3475.000
3.219,3.217,3.217,3.218,3.220,3.216,3.219,3.627,3.626,3.629,3.631,3.621,3.624,3.629,-60.397,3476.000
3.221,3.216,3.218,3.214,3.214,3.221,3.218,3.622,3.625,3.630,3.631,3.627,3.628,3.624,-60.254,3477.000
3.228,3.216,3.214,3.215,3.218,3.218,3.218,3.622,3.624,3.622,3.632,3.629,3.621,3.624,-60.292,3478.000
3.219,3.223,3.215,3.219,3.218,3.223,3.219,3.623,3.634,3.631,3.622,3.624,3.626,3.624,-60.308,3479.000
3.222,3.221,3.220,3.219,3.216,3.220,3.221,3.627,3.629,3.625,3.632,3.629,3.621,3.628,-60.354,3480.000
3.212,3.226,3.225,3.225,3.221,3.219,3.213,3.621,3.628,3.627,3.631,3.629,3.631,3.631,-60.292,3481.000
3.218,3.219,3.223,3.219,3.217,3.213,3.214,3.627,3.624,3.621,3.626,3.619,3.630,3.626,-60.214,3482.000
3.222,3.227,3.224,3.228,3.224,3.217,3.221,3.631,3.627,3.626,3.628,3.631,3.623,3.623,-60.168,3483.000
3.225,3.219,3.219,3.221,3.218,3.219,3.224,3.634,3.631,3.623,3.630,3.625,3.634,3.624,-60.073,3484.000
3.222,3.217,3.217,3.219,3.226,3.227,3.222,3.627,3.626,3.629,3.633,3.631,3.636,3.629,-60.205,3485.000
3.223,3.222,3.220,3.218,3.225,3.222,3.220,3.629,3.626,3.634,3.629,3.632,3.630,3.625,-60.262,3486.000
3.219,3.220,3.223,3.217,3.222,3.217,3.223,3.627,3.627,3.627,3.634,3.635,3.632,3.632,-60.359,3487.000
3.223,3.227,3.219,3.223,3.222,3.221,3.220,3.626,3.625,3.634,3.629,3.629,3.632,3.631,-60.404,3488.000
3.221,3.222,3.217,3.220,3.220,3.224,3.220,3.631,3.627,3.629,3.630,3.628,3.624,3.623,-60.439,3489.000
3.224,3.220,3.215,3.222,3.220,3.225,3.217,3.627,3.626,3.625,3.628,3.633,3.632,3.621,-60.349,3490.000
3.222,3.217,3.219,3.214,3.219,3.214,3.217,3.631,3.624,3.630,3.627,3.623,3.627,3.629,-60.328,3491.000
3.216,3.218,3.211,3.219,3.216,3.216,3.219,3.629,3.632,3.630,3.630,3.629,3.630,3.620,-60.314,3492.000
3.218,3.219,3.221,3.215,3.222,3.218,3.223,3.623,3.627,3.626,3.624,3.628,3.627,3.627,-60.182,3493.000
3.217,3.217,3.218,3.217,3.217,3.217,3.218,3.625,3.623,3.631,3.627,3.623,3.625,3.629,-60.023,3494.000
3.223,3.219,3.216,3.219,3.217,3.221,3.221,3.626,3.622,3.627,3.631,3.625,3.632,3.629,-59.923,3495.000
3.211,3.217,3.219,3.216,3.223,3.214,3.218,3.625,3.619,3.625,3.628,3.624,3.614,3.626,-59.923,3496.000
3.213,3.215,3.213,3.220,3.220,3.214,3.218,3.621,3.627,3.620,3.630,3.629,3.621,3.628,-59.844,3497.000
3.209,3.212,3.219,3.218,3.222,3.219,3.214,3.621,3.627,3.622,3.626,3.624,3.626,3.621,-59.767,3498.000
3.212,3.215,3.213,3.219,3.215,3.223,3.216,3.616,3.623,3.624,3.618,3.625,3.623,3.623,-59.767,3499.000
3.211,3.215,3.216,3.212,3.212,3.216,3.221,3.628,3.624,3.624,3.623,3.623,3.621,3.623,-59.757,3500.000
3.215,3.215,3.214,3.220,3.217,3.219,3.217,3.624,3.621,3.627,3.624,3.627,3.626,3.628,-60.034,3501.000
3.217,3.218,3.219,3.212,3.223,3.220,3.218,3.624,3.619,3.621,3.622,3.627,3.624,3.628,-60.034,3502.000
3.214,3.209,3.216,3.217,3.215,3.213,3.215,3.626,3.626,3.631,3.620,3.622,3.622,3.623,-60.064,3503.000
3.218,3.216,3.218,3.214,3.216,3.217,3.216,3.624,3.629,3.622,3.624,3.626,3.622,3.626,-60.118,3504.000
3.213,3.218,3.216,3.211,3.211,3.218,3.225,3.626,3.623,3.626,3.630,3.626,3.624,3.623,-59.995,3505.000
3.215,3.217,3.212,3.212,3.213,3.211,3.213,3.623,3.628,3.630,3.624,3.625,3.620,3.623,-60.051,3506.000
3.210,3.215,3.209,3.216,3.214,3.211,3.214,3.632,3.627,3.626,3.617,3.617,3.629,3.625,-59.924,3507.000
3.211,3.213,3.211,3.212,3.212,3.216,3.213,3.622,3.619,3.623,3.622,3.621,3.619,3.628,-59.937,3508.000
3.211,3.210,3.215,3.211,3.213,3.212,3.211,3.622,3.622,3.623,3.626,3.619,3.622,3.620,-60.137,3509.000
3.214,3.204,3.213,3.213,3.216,3.213,3.212,3.620,3.624,3.626,3.620,3.629,3.622,3.624,-60.047,3510.000
3.211,3.212,3.207,3.211,3.218,3.215,3.209,3.622,3.616,3.624,3.623,3.624,3.615,3.618,-60.093,3511.000
3.216,3.214,3.214,3.214,3.211,3.215,3.215,3.619,3.617,3.624,3.620,3.622,3.621,3.622,-60.205,3512.000
3.209,3.214,3.217,3.221,3.219,3.215,3.222,3.622,3.618,3.620,3.622,3.628,3.624,3.624,-60.038,3513.000
3.213,3.215,3.212,3.211,3.217,3.207,3.209,3.617,3.621,3.622,3.623,3.620,3.624,3.618,-59.989,3514.000
3.214,3.216,3.209,3.214,3.212,3.215,3.211,3.620,3.622,3.619,3.612,3.622,3.617,3.628,-60.118,3515.000
3.211,3.209,3.211,3.213,3.212,3.216,3.209,3.618,3.623,3.623,3.628,3.629,3.621,3.623,-60.140,3516.000
3.212,3.211,3.211,3.215,3.214,3.213,3.216,3.616,3.620,3.626,3.622,3.616,3.619,3.626,-60.203,3517.000
3.215,3.215,3.217,3.216,3.214,3.213,3.213,3.624,3.618,3.616,3.623,3.623,3.625,3.620,-60.203,3518.000
3.212,3.211,3.215,3.217,3.214,3.216,3.216,3.628,3.625,3.627,3.622,3.627,3.623,3.630,-60.183,3519.000
3.219,3.216,3.215,3.214,3.217,3.213,3.213,3.623,3.620,3.625,3.625,3.625,3.625,3.622,-60.198,3520.000
3.216,3.213,3.214,3.216,3.216,3.220,3.214,3.626,3.621,3.627,3.627,3.624,3.626,3.622,-60.203,3521.000
3.220,3.218,3.213,3.217,3.212,3.212,3.216,3.623,3.620,3.627,3.628,3.627,3.625,3.627,-60.249,3522.000
3.215,3.213,3.216,3.213,3.214,3.220,3.212,3.627,3.620,3.620,3.630,3.621,3.625,3.630,-60.270,3523.000
3.212,3.215,3.216,3.213,3.214,3.214,3.216,3.623,3.625,3.624,3.621,3.623,3.628,3.628,-60.218,3524.000
3.219,3.218,3.218,3.214,3.220,3.216,3.211,3.623,3.625,3.629,3.626,3.625,3.626,3.627,-60.221,3525.000
3.208,3.215,3.224,3.217,3.218,3.221,3.215,3.626,3.625,3.626,3.625,3.620,3.621,3.621,-60.037,3526.000
3.212,3.211,3.211,3.213,3.211,3.215,3.214,3.627,3.616,3.619,3.621,3.623,3.624,3.626,-60.056,3527.000
3.208,3.210,3.211,3.209,3.215,3.218,3.213,3.622,3.623,3.630,3.624,3.621,3.622,3.624,-60.065,3528.000
3.212,3.211,3.214,3.212,3.211,3.213,3.213,3.622,3.621,3.624,3.623,3.617,3.621,3.624,-60.135,3529.000
3.216,3.214,3.211,3.204,3.215,3.215,3.213,3.623,3.620,3.626,3.617,3.626,3.622,3.623,-60.199,3530.000
3.215,3.212,3.206,3.207,3.207,3.212,3.209,3.618,3.623,3.622,3.616,3.620,3.618,3.616,-60.126,3531.000
3.210,3.210,3.214,3.209,3.214,3.210,3.209,3.628,3.628,3.627,3.626,3.620,3.622,3.621,-59.926,3532.000
3.208,3.211,3.209,3.211,3.209,3.209,3.211,3.623,3.620,3.626,3.623,3.622,3.620,3.617,-59.963,3533.000
3.210,3.212,3.211,3.211,3.211,3.210,3.215,3.629,3.622,3.625,3.623,3.624,3.624,3.626,-59.867,3534.000
3.214,3.210,3.212,3.216,3.208,3.210,3.213,3.622,3.631,3.625,3.621,3.620,3.625,3.616,-59.881,3535.000
3.212,3.213,3.211,3.212,3.207,3.213,3.212,3.621,3.621,3.623,3.622,3.617,3.623,3.622,-59.949,3536.000
3.214,3.212,3.211,3.207,3.209,3.209,3.211,3.621,3.620,3.618,3.625,3.616,3.623,3.616,-60.134,3537.000
3.208,3.209,3.211,3.208,3.213,3.209,3.209,3.623,3.626,3.620,3.614,3.619,3.618,3.622,-60.134,3538.000
3.213,3.214,3.210,3.206,3.203,3.207,3.211,3.629,3.625,3.624,3.621,3.625,3.620,3.621,-60.224,3539.000
3.211,3.215,3.209,3.209,3.206,3.210,3.211,3.623,3.624,3.622,3.623,3.622,3.623,3.626,-60.318,3540.000
3.210,3.207,3.215,3.212,3.215,3.213,3.211,3.625,3.627,3.624,3.626,3.627,3.623,3.614,-60.253,3541.000
3.212,3.208,3.214,3.215,3.211,3.211,3.209,3.626,3.627,3.616,3.617,3.621,3.628,3.630,-60.060,3542.000
3.209,3.212,3.207,3.206,3.212,3.210,3.215,3.623,3.621,3.628,3.618,3.623,3.622,3.623,-59.945,3543.000
3.211,3.216,3.216,3.216,3.211,3.213,3.214,3.625,3.620,3.617,3.623,3.618,3.622,3.629,-60.011,3544.000
3.206,3.211,3.207,3.213,3.213,3.211,3.210,3.632,3.630,3.623,3.631,3.624,3.626,3.623,-60.011,3545.000
3.215,3.207,3.212,3.210,3.209,3.212,3.211,3.626,3.630,3.621,3.628,3.629,3.633,3.625,-59.995,3546.000
3.215,3.209,3.217,3.215,3.214,3.211,3.215,3.624,3.620,3.628,3.623,3.622,3.627,3.629,-60.182,3547.000
3.210,3.216,3.214,3.219,3.210,3.211,3.211,3.621,3.630,3.623,3.629,3.631,3.625,3.624,-60.178,3548.000
3.213,3.214,3.212,3.214,3.212,3.213,3.216,3.627,3.627,3.627,3.625,3.623,3.624,3.624,-60.001,3549.000
3.207,3.214,3.211,3.213,3.211,3.218,3.221,3.623,3.627,3.628,3.620,3.624,3.622,3.625,-60.139,3550.000
3.206,3.217,3.211,3.210,3.213,3.212,3.211,3.632,3.620,3.634,3.623,3.623,3.625,3.623,-60.062,3551.000
3.211,3.214,3.208,3.212,3.211,3.211,3.206,3.622,3.620,3.623,3.622,3.624,3.625,3.622,-60.071,3552.000
3.215,3.209,3.211,3.209,3.209,3.209,3.210,3.630,3.620,3.625,3.624,3.619,3.623,3.623,-60.062,3553.000
3.214,3.207,3.211,3.215,3.206,3.205,3.204,3.620,3.623,3.625,3.630,3.619,3.615,3.620,-60.096,3554.000
3.207,3.211,3.211,3.212,3.201,3.211,3.212,3.623,3.623,3.624,3.624,3.622,3.622,3.615,-60.094,3555.000
3.212,3.209,3.208,3.207,3.206,3.210,3.212,3.619,3.617,3.618,3.618,3.619,3.618,3.624,-59.901,3556.000
3.214,3.215,3.211,3.212,3.215,3.214,3.206,3.625,3.623,3.618,3.618,3.618,3.621,3.621,-59.866,3557.000
3.211,3.208,3.212,3.212,3.212,3.210,3.211,3.622,3.624,3.622,3.628,3.624,3.625,3.619,-60.050,3558.000
3.216,3.215,3.214,3.208,3.217,3.212,3.211,3.622,3.620,3.620,3.618,3.630,3.617,3.624,-60.050,3559.000
3.215,3.214,3.216,3.211,3.211,3.211,3.210,3.628,3.621,3.626,3.622,3.629,3.625,3.619,-60.019,3560.000
3.217,3.216,3.212,3.211,3.206,3.218,3.211,3.626,3.623,3.627,3.625,3.627,3.623,3.623,-60.151,3561.000
3.214,3.216,3.212,3.212,3.214,3.220,3.213,3.621,3.627,3.627,3.623,3.626,3.627,3.627,-60.151,3562.000
3.219,3.220,3.218,3.216,3.213,3.211,3.211,3.628,3.623,3.630,3.633,3.624,3.630,3.625,-60.190,3563.000
3.213,3.218,3.221,3.219,3.217,3.226,3.227,3.628,3.621,3.626,3.626,3.625,3.623,3.629,-60.136,3564.000
3.219,3.220,3.217,3.222,3.220,3.217,3.221,3.638,3.629,3.632,3.629,3.625,3.631,3.626,-60.067,3565.000
3.221,3.220,3.225,3.223,3.217,3.223,3.211,3.628,3.628,3.628,3.630,3.626,3.625,3.637,-60.245,3566.000
3.216,3.219,3.220,3.221,3.219,3.222,3.217,3.630,3.631,3.631,3.635,3.627,3.633,3.628,-60.310,3567.000
3.219,3.215,3.223,3.214,3.215,3.221,3.217,3.628,3.630,3.632,3.633,3.633,3.631,3.628,-60.368,3568.000
3.218,3.226,3.225,3.223,3.217,3.220,3.221,3.629,3.626,3.626,3.628,3.631,3.632,3.627,-60.299,3569.000
3.219,3.228,3.224,3.215,3.220,3.222,3.220,3.630,3.631,3.630,3.627,3.630,3.629,3.640,-60.394,3570.000
3.224,3.219,3.225,3.217,3.226,3.220,3.221,3.622,3.633,3.632,3.621,3.628,3.630,3.625,-60.335,3571.000
3.218,3.217,3.219,3.218,3.214,3.218,3.215,3.629,3.633,3.629,3.628,3.627,3.628,3.630,-60.455,3572.000
3.215,3.221,3.222,3.223,3.217,3.220,3.216,3.620,3.630,3.629,3.624,3.632,3.627,3.625,-60.328,3573.000
3.220,3.222,3.222,3.219,3.219,3.220,3.218,3.626,3.626,3.624,3.624,3.631,3.623,3.624,-60.267,3574.000
3.212,3.216,3.217,3.214,3.211,3.219,3.217,3.624,3.626,3.624,3.629,3.629,3.633,3.626,-60.193,3575.000
3.216,3.217,3.222,3.220,3.219,3.219,3.218,3.628,3.628,3.624,3.633,3.632,3.627,3.624,-60.050,3576.000
3.218,3.218,3.220,3.221,3.207,3.217,3.220,3.626,3.628,3.626,3.633,3.631,3.630,3.635,-60.046,3577.000
3.222,3.216,3.225,3.221,3.217,3.220,3.216,3.634,3.625,3.627,3.627,3.629,3.626,3.626,-60.178,3578.000
3.223,3.224,3.217,3.221,3.214,3.218,3.218,3.631,3.634,3.636,3.629,3.634,3.633,3.628,-60.083,3579.000
3.215,3.219,3.220,3.222,3.214,3.219,3.217,3.631,3.629,3.631,3.631,3.629,3.641,3.638,-59.848,3580.000
3.218,3.224,3.223,3.213,3.219,3.224,3.220,3.628,3.627,3.633,3.630,3.627,3.635,3.632,-59.808,3581.000
3.216,3.223,3.218,3.221,3.220,3.210,3.214,3.628,3.627,3.639,3.630,3.632,3.627,3.627,-59.829,3582.000
3.217,3.216,3.223,3.222,3.217,3.217,3.219,3.629,3.636,3.629,3.636,3.631,3.639,3.629,-59.892,3583.000
3.219,3.218,3.223,3.219,3.221,3.215,3.216,3.628,3.625,3.627,3.632,3.634,3.636,3.627,-60.002,3584.000
3.216,3.223,3.217,3.222,3.216,3.219,3.222,3.633,3.635,3.631,3.636,3.632,3.631,3.630,-59.851,3585.000
3.228,3.221,3.217,3.216,3.223,3.225,3.222,3.642,3.638,3.639,3.633,3.634,3.637,3.640,-59.761,3586.000
3.221,3.215,3.221,3.218,3.216,3.218,3.218,3.635,3.635,3.637,3.627,3.635,3.634,3.634,-59.761,3587.000
3.219,3.220,3.220,3.224,3.216,3.225,3.216,3.634,3.635,3.635,3.634,3.630,3.632,3.634,-59.970,3588.000
3.222,3.214,3.219,3.214,3.217,3.214,3.213,3.632,3.633,3.632,3.633,3.637,3.636,3.639,-60.058,3589.000
3.212,3.216,3.217,3.219,3.217,3.217,3.220,3.629,3.636,3.631,3.638,3.628,3.628,3.633,-60.075,3590.000
3.221,3.218,3.223,3.221,3.216,3.216,3.221,3.634,3.640,3.633,3.635,3.633,3.636,3.632,-60.250,3591.000
3.224,3.230,3.216,3.218,3.214,3.218,3.217,3.631,3.634,3.633,3.633,3.629,3.632,3.633,-60.408,3592.000
3.220,3.222,3.219,3.217,3.219,3.216,3.224,3.633,3.636,3.629,3.636,3.637,3.632,3.633,-60.233,3593.000
3.217,3.221,3.224,3.220,3.219,3.217,3.217,3.633,3.634,3.632,3.637,3.641,3.637,3.639,-60.290,3594.000
3.221,3.218,3.213,3.218,3.220,3.225,3.222,3.633,3.639,3.630,3.632,3.638,3.629,3.630,-60.186,3595.000
3.223,3.213,3.224,3.221,3.216,3.214,3.223,3.642,3.631,3.631,3.633,3.631,3.634,3.635,-60.230,3596.000
3.218,3.212,3.217,3.219,3.222,3.219,3.219,3.631,3.636,3.634,3.636,3.630,3.634,3.633,-60.313,3597.000
3.227,3.220,3.221,3.219,3.220,3.216,3.221,3.633,3.636,3.633,3.635,3.634,3.633,3.637,-60.240,3598.000
3.224,3.215,3.217,3.212,3.215,3.216,3.219,3.639,3.634,3.637,3.631,3.636,3.625,3.630,-60.312,3599.000
3.214,3.223,3.222,3.217,3.218,3.224,3.218,3.637,3.635,3.632,3.632,3.628,3.637,3.630,-60.303,3600.000
3.223,3.222,3.218,3.222,3.222,3.223,3.220,3.634,3.635,3.633,3.639,3.643,3.636,3.635,-60.177,3601.000
3.222,3.224,3.228,3.230,3.219,3.220,3.222,3.636,3.637,3.646,3.641,3.642,3.635,3.638,-59.983,3602.000
3.226,3.222,3.222,3.220,3.226,3.220,3.224,3.644,3.639,3.639,3.637,3.640,3.635,3.634,-59.852,3603.000
3.221,3.222,3.226,3.222,3.223,3.221,3.219,3.636,3.640,3.640,3.631,3.637,3.640,3.638,-59.744,3604.000
3.224,3.227,3.223,3.225,3.215,3.223,3.220,3.637,3.634,3.638,3.632,3.637,3.639,3.638,-59.625,3605.000
3.217,3.214,3.213,3.217,3.216,3.219,3.216,3.632,3.638,3.635,3.635,3.635,3.630,3.636,-59.648,3606.000
3.216,3.217,3.222,3.214,3.220,3.216,3.222,3.633,3.626,3.631,3.635,3.633,3.632,3.631,-59.668,3607.000
3.217,3.214,3.223,3.216,3.215,3.215,3.212,3.626,3.632,3.630,3.631,3.630,3.631,3.626,-59.658,3608.000
3.220,3.217,3.214,3.217,3.214,3.218,3.214,3.627,3.627,3.627,3.626,3.627,3.627,3.630,-59.772,3609.000
3.216,3.221,3.213,3.217,3.214,3.212,3.219,3.628,3.626,3.631,3.630,3.626,3.631,3.624,-60.007,3610.000
3.216,3.213,3.218,3.222,3.215,3.216,3.216,3.631,3.628,3.627,3.624,3.625,3.619,3.622,-60.007,3611.000
3.216,3.214,3.217,3.215,3.214,3.213,3.216,3.633,3.633,3.625,3.627,3.628,3.625,3.629,-60.089,3612.000
3.221,3.215,3.218,3.214,3.215,3.211,3.214,3.632,3.626,3.631,3.634,3.631,3.633,3.626,-59.823,3613.000
3.215,3.219,3.213,3.215,3.218,3.219,3.213,3.633,3.633,3.640,3.630,3.627,3.631,3.634,-59.876,3614.000
3.218,3.218,3.215,3.217,3.214,3.212,3.215,3.629,3.633,3.635,3.632,3.630,3.628,3.630,-59.932,3615.000
3.222,3.218,3.220,3.213,3.215,3.212,3.216,3.628,3.632,3.634,3.633,3.636,3.637,3.632,-59.964,3616.000
3.221,3.217,3.224,3.216,3.219,3.220,3.218,3.636,3.637,3.637,3.637,3.639,3.638,3.634,-59.937,3617.000
3.221,3.214,3.215,3.219,3.219,3.222,3.222,3.641,3.637,3.637,3.630,3.637,3.643,3.635,-59.951,3618.000
3.228,3.224,3.220,3.225,3.220,3.223,3.217,3.638,3.640,3.634,3.635,3.644,3.635,3.632,-60.008,3619.000
3.217,3.215,3.229,3.220,3.224,3.222,3.221,3.637,3.638,3.635,3.640,3.637,3.638,3.645,-59.812,3620.000
3.224,3.228,3.227,3.226,3.221,3.220,3.220,3.637,3.640,3.635,3.645,3.643,3.639,3.635,-59.884,3621.000
3.222,3.223,3.218,3.226,3.213,3.223,3.220,3.631,3.637,3.645,3.634,3.636,3.638,3.640,-59.924,3622.000
3.219,3.224,3.223,3.223,3.228,3.223,3.223,3.650,3.637,3.642,3.636,3.639,3.641,3.639,-60.091,3623.000
3.220,3.222,3.225,3.225,3.225,3.224,3.218,3.642,3.636,3.640,3.637,3.640,3.645,3.639,-60.114,3624.000
3.227,3.222,3.222,3.222,3.220,3.225,3.221,3.639,3.644,3.641,3.634,3.640,3.639,3.641,-60.121,3625.000
3.222,3.223,3.220,3.220,3.227,3.223,3.217,3.635,3.635,3.633,3.633,3.646,3.641,3.641,-59.969,3626.000
3.219,3.222,3.222,3.223,3.219,3.219,3.221,3.643,3.635,3.642,3.635,3.638,3.642,3.643,-59.974,3627.000
3.223,3.222,3.218,3.222,3.220,3.222,3.220,3.637,3.641,3.639,3.639,3.650,3.640,3.640,-59.909,3628.000
3.223,3.225,3.226,3.222,3.230,3.228,3.226,3.641,3.644,3.642,3.644,3.639,3.645,3.634,-59.981,3629.000
3.217,3.221,3.220,3.220,3.223,3.223,3.225,3.639,3.642,3.642,3.638,3.643,3.643,3.641,-59.921,3630.000
3.221,3.223,3.223,3.220,3.218,3.218,3.222,3.642,3.639,3.644,3.637,3.641,3.640,3.639,-59.767,3631.000
3.220,3.227,3.222,3.213,3.218,3.218,3.226,3.646,3.646,3.648,3.648,3.640,3.638,3.633,-59.895,3632.000
3.222,3.218,3.217,3.221,3.212,3.219,3.215,3.642,3.642,3.636,3.638,3.633,3.631,3.635,-59.947,3633.000
3.211,3.213,3.213,3.211,3.210,3.210,3.213,3.638,3.635,3.640,3.633,3.636,3.634,3.634,-59.940,3634.000
3.213,3.208,3.211,3.205,3.213,3.211,3.214,3.631,3.627,3.631,3.630,3.633,3.629,3.629,-60.103,3635.000
3.208,3.213,3.207,3.211,3.211,3.212,3.212,3.632,3.628,3.631,3.629,3.631,3.632,3.630,-60.114,3636.000
3.218,3.215,3.213,3.213,3.217,3.212,3.215,3.632,3.634,3.632,3.637,3.631,3.630,3.639,-59.890,3637.000
3.217,3.216,3.219,3.219,3.221,3.216,3.218,3.637,3.633,3.637,3.639,3.636,3.632,3.641,-59.853,3638.000
3.220,3.219,3.229,3.219,3.220,3.226,3.218,3.643,3.643,3.642,3.643,3.644,3.641,3.644,-59.769,3639.000
3.220,3.223,3.219,3.223,3.221,3.222,3.219,3.640,3.637,3.642,3.637,3.636,3.641,3.641,-59.952,3640.000
3.214,3.214,3.215,3.215,3.215,3.218,3.214,3.635,3.638,3.640,3.634,3.631,3.635,3.630,-59.919,3641.000
3.212,3.210,3.209,3.212,3.211,3.209,3.208,3.629,3.625,3.629,3.628,3.634,3.630,3.629,-59.810,3642.000
3.214,3.214,3.213,3.215,3.212,3.208,3.212,3.637,3.632,3.624,3.623,3.631,3.628,3.629,-60.155,3643.000
3.212,3.215,3.215,3.214,3.214,3.214,3.216,3.631,3.635,3.634,3.631,3.638,3.636,3.634,-60.240,3644.000
3.216,3.212,3.211,3.209,3.213,3.206,3.212,3.629,3.635,3.628,3.636,3.633,3.637,3.635,-60.225,3645.000
3.213,3.211,3.219,3.216,3.220,3.216,3.215,3.638,3.631,3.631,3.629,3.633,3.636,3.635,-60.160,3646.000
3.212,3.214,3.218,3.217,3.214,3.212,3.219,3.631,3.635,3.634,3.633,3.632,3.636,3.635,-60.113,3647.000
3.217,3.215,3.213,3.219,3.215,3.218,3.212,3.632,3.632,3.635,3.636,3.640,3.635,3.633,-60.112,3648.000
3.219,3.217,3.214,3.217,3.211,3.218,3.220,3.636,3.631,3.628,3.637,3.636,3.635,3.632,-60.006,3649.000
3.217,3.216,3.213,3.221,3.214,3.215,3.212,3.632,3.633,3.631,3.633,3.636,3.628,3.632,-60.091,3650.000
3.218,3.216,3.212,3.220,3.217,3.214,3.215,3.645,3.642,3.637,3.633,3.635,3.637,3.637,-60.026,3651.000
3.216,3.221,3.219,3.218,3.214,3.218,3.218,3.639,3.636,3.633,3.637,3.636,3.640,3.637,-60.007,3652.000
3.220,3.218,3.222,3.218,3.221,3.219,3.223,3.645,3.641,3.635,3.634,3.634,3.640,3.635,-60.011,3653.000
3.210,3.214,3.212,3.219,3.213,3.224,3.218,3.641,3.639,3.639,3.635,3.644,3.641,3.636,-60.220,3654.000
3.218,3.218,3.221,3.212,3.221,3.217,3.219,3.642,3.640,3.645,3.645,3.642,3.642,3.644,-60.206,3655.000
3.221,3.220,3.218,3.216,3.219,3.222,3.217,3.644,3.650,3.641,3.640,3.640,3.640,3.638,-60.212,3656.000
3.217,3.221,3.218,3.221,3.215,3.218,3.217,3.636,3.637,3.639,3.634,3.640,3.638,3.641,-60.252,3657.000
3.218,3.210,3.219,3.215,3.216,3.219,3.218,3.636,3.637,3.636,3.644,3.639,3.638,3.639,-60.182,3658.000
3.216,3.220,3.219,3.219,3.215,3.223,3.224,3.637,3.644,3.637,3.639,3.636,3.632,3.640,-59.948,3659.000
3.221,3.227,3.220,3.222,3.220,3.217,3.219,3.643,3.644,3.640,3.639,3.645,3.648,3.651,-59.949,3660.000
3.219,3.222,3.226,3.218,3.223,3.217,3.219,3.640,3.637,3.640,3.639,3.641,3.644,3.639,-60.099,3661.000
3.223,3.220,3.231,3.225,3.221,3.221,3.229,3.644,3.650,3.644,3.646,3.644,3.646,3.638,-60.114,3662.000
3.220,3.224,3.217,3.222,3.221,3.226,3.221,3.637,3.646,3.644,3.642,3.641,3.642,3.642,-60.029,3663.000
3.222,3.224,3.224,3.219,3.223,3.230,3.225,3.642,3.642,3.644,3.646,3.640,3.644,3.645,-60.073,3664.000
3.224,3.222,3.225,3.226,3.228,3.225,3.231,3.647,3.649,3.649,3.645,3.641,3.646,3.650,-60.061,3665.000
3.226,3.228,3.224,3.224,3.228,3.228,3.226,3.644,3.644,3.648,3.649,3.651,3.644,3.647,-59.983,3666.000
3.223,3.228,3.223,3.235,3.223,3.223,3.230,3.652,3.649,3.651,3.651,3.647,3.648,3.645,-59.822,3667.000
3.228,3.231,3.234,3.226,3.223,3.224,3.227,3.650,3.652,3.651,3.643,3.645,3.643,3.646,-59.953,3668.000
3.227,3.225,3.234,3.227,3.228,3.226,3.228,3.651,3.648,3.644,3.649,3.646,3.654,3.649,-60.003,3669.000
3.227,3.227,3.227,3.226,3.224,3.224,3.230,3.649,3.651,3.648,3.648,3.648,3.644,3.651,-59.772,3670.000
3.219,3.219,3.224,3.228,3.230,3.220,3.228,3.647,3.650,3.650,3.649,3.648,3.647,3.647,-59.808,3671.000
3.223,3.229,3.225,3.225,3.227,3.224,3.226,3.650,3.645,3.647,3.644,3.645,3.645,3.645,-59.858,3672.000
3.227,3.221,3.228,3.227,3.224,3.227,3.232,3.644,3.644,3.645,3.649,3.641,3.644,3.651,-60.093,3673.000
3.220,3.228,3.225,3.225,3.220,3.224,3.225,3.648,3.643,3.647,3.644,3.648,3.646,3.641,-60.107,3674.000
3.220,3.222,3.227,3.219,3.224,3.224,3.221,3.648,3.645,3.646,3.644,3.640,3.642,3.641,-60.156,3675.000
3.224,3.219,3.224,3.224,3.225,3.223,3.221,3.645,3.638,3.643,3.640,3.643,3.645,3.637,-60.299,3676.000
3.223,3.220,3.222,3.219,3.222,3.218,3.220,3.640,3.645,3.639,3.645,3.645,3.643,3.645,-60.104,3677.000
3.217,3.218,3.226,3.220,3.220,3.220,3.219,3.639,3.644,3.643,3.643,3.641,3.643,3.645,-60.216,3678.000
3.215,3.221,3.215,3.218,3.218,3.216,3.219,3.643,3.641,3.647,3.640,3.635,3.639,3.645,-60.097,3679.000
3.216,3.224,3.214,3.218,3.223,3.219,3.220,3.649,3.644,3.644,3.645,3.639,3.645,3.643,-59.939,3680.000
3.218,3.224,3.219,3.215,3.220,3.217,3.220,3.644,3.642,3.641,3.638,3.638,3.642,3.634,-60.002,3681.000
3.215,3.216,3.216,3.219,3.215,3.217,3.217,3.645,3.644,3.640,3.644,3.641,3.641,3.639,-60.207,3682.000
3.216,3.214,3.212,3.210,3.220,3.217,3.220,3.640,3.633,3.642,3.637,3.639,3.639,3.641,-60.057,3683.000
3.210,3.216,3.213,3.211,3.210,3.216,3.217,3.638,3.637,3.635,3.642,3.636,3.642,3.635,-60.105,3684.000
3.217,3.217,3.215,3.209,3.216,3.216,3.215,3.639,3.642,3.646,3.640,3.645,3.640,3.638,-60.180,3685.000
3.217,3.214,3.213,3.214,3.221,3.213,3.211,3.637,3.636,3.639,3.638,3.643,3.642,3.641,-60.264,3686.000
3.214,3.215,3.222,3.213,3.213,3.210,3.222,3.633,3.636,3.638,3.636,3.637,3.640,3.639,-60.125,3687.000
3.214,3.211,3.209,3.209,3.216,3.215,3.212,3.642,3.636,3.638,3.633,3.641,3.636,3.632,-59.918,3688.000
3.212,3.207,3.210,3.209,3.214,3.219,3.215,3.637,3.642,3.638,3.635,3.641,3.634,3.641,-60.031,3689.000
3.217,3.211,3.211,3.210,3.207,3.210,3.210,3.641,3.637,3.642,3.637,3.636,3.640,3.638,-60.099,3690.000
3.213,3.216,3.214,3.213,3.209,3.212,3.214,3.644,3.638,3.632,3.632,3.636,3.630,3.639,-60.060,3691.000
3.213,3.209,3.214,3.211,3.215,3.208,3.204,3.632,3.637,3.649,3.647,3.643,3.646,3.636,-59.800,3692.000
3.212,3.211,3.211,3.210,3.210,3.212,3.207,3.637,3.635,3.638,3.641,3.635,3.638,3.645,-59.900,3693.000
3.206,3.210,3.206,3.207,3.207,3.210,3.208,3.642,3.637,3.634,3.637,3.638,3.640,3.638,-59.937,3694.000
3.209,3.209,3.214,3.211,3.207,3.213,3.213,3.635,3.636,3.633,3.637,3.641,3.634,3.635,-60.077,3695.000
3.215,3.214,3.206,3.213,3.214,3.211,3.216,3.641,3.636,3.638,3.635,3.646,3.641,3.637,-60.018,3696.000
3.214,3.213,3.208,3.214,3.214,3.209,3.212,3.640,3.642,3.639,3.643,3.637,3.643,3.643,-59.932,3697.000
3.206,3.210,3.204,3.213,3.212,3.210,3.210,3.637,3.637,3.641,3.632,3.639,3.639,3.642,-60.234,3698.000
3.215,3.213,3.208,3.211,3.214,3.215,3.215,3.640,3.638,3.639,3.638,3.641,3.639,3.642,-60.087,3699.000
3.213,3.211,3.212,3.208,3.216,3.207,3.212,3.641,3.635,3.641,3.643,3.641,3.638,3.643,-60.104,3700.000
3.211,3.209,3.210,3.211,3.211,3.208,3.211,3.642,3.639,3.636,3.636,3.635,3.636,3.640,-60.221,3701.000
3.213,3.210,3.212,3.211,3.206,3.205,3.212,3.640,3.635,3.643,3.640,3.639,3.639,3.639,-60.268,3702.000
3.204,3.211,3.205,3.208,3.209,3.208,3.206,3.638,3.643,3.641,3.646,3.639,3.638,3.645,-60.493,3703.000
3.211,3.210,3.211,3.206,3.212,3.210,3.217,3.643,3.641,3.639,3.641,3.641,3.641,3.637,-60.521,3704.000
3.216,3.212,3.220,3.211,3.222,3.210,3.212,3.640,3.639,3.637,3.645,3.635,3.638,3.641,-60.355,3705.000
3.210,3.215,3.213,3.212,3.205,3.219,3.215,3.650,3.642,3.642,3.644,3.641,3.637,3.642,-60.310,3706.000
3.217,3.214,3.219,3.216,3.220,3.213,3.213,3.642,3.636,3.643,3.641,3.641,3.639,3.643,-60.059,3707.000
3.218,3.214,3.214,3.215,3.210,3.216,3.215,3.642,3.637,3.647,3.648,3.645,3.639,3.643,-60.043,3708.000
3.216,3.214,3.213,3.217,3.216,3.214,3.213,3.638,3.642,3.645,3.642,3.645,3.643,3.643,-59.888,3709.000
3.220,3.219,3.214,3.215,3.216,3.209,3.219,3.645,3.647,3.644,3.649,3.645,3.641,3.645,-59.982,3710.000
3.213,3.212,3.216,3.213,3.211,3.216,3.211,3.652,3.647,3.642,3.643,3.634,3.638,3.632,-60.024,3711.000
3.218,3.214,3.217,3.213,3.214,3.209,3.217,3.647,3.635,3.643,3.639,3.638,3.639,3.640,-60.145,3712.000
3.211,3.210,3.216,3.211,3.214,3.215,3.209,3.636,3.639,3.642,3.634,3.637,3.641,3.639,-59.989,3713.000
3.210,3.215,3.217,3.210,3.209,3.215,3.209,3.640,3.640,3.636,3.641,3.635,3.640,3.635,-59.906,3714.000
3.211,3.214,3.217,3.212,3.211,3.204,3.211,3.636,3.638,3.642,3.640,3.635,3.637,3.639,-59.933,3715.000
3.208,3.208,3.209,3.214,3.212,3.209,3.212,3.633,3.636,3.637,3.639,3.640,3.639,3.642,-60.019,3716.000
3.208,3.206,3.204,3.210,3.212,3.209,3.205,3.634,3.628,3.642,3.635,3.636,3.633,3.630,-59.942,3717.000
3.210,3.205,3.200,3.203,3.207,3.207,3.202,3.635,3.631,3.639,3.639,3.638,3.635,3.636,-59.942,3718.000
3.206,3.206,3.206,3.204,3.211,3.210,3.210,3.632,3.640,3.635,3.636,3.636,3.640,3.640,-60.081,3719.000
3.210,3.209,3.204,3.207,3.210,3.208,3.205,3.635,3.638,3.643,3.639,3.635,3.636,3.638,-59.973,3720.000
3.210,3.211,3.212,3.210,3.210,3.211,3.212,3.635,3.644,3.639,3.636,3.638,3.641,3.641,-59.936,3721.000
3.208,3.214,3.211,3.212,3.213,3.211,3.209,3.639,3.636,3.640,3.642,3.644,3.635,3.646,-59.934,3722.000
3.211,3.211,3.207,3.213,3.207,3.214,3.214,3.643,3.644,3.636,3.628,3.637,3.635,3.634,-60.006,3723.000
3.210,3.209,3.208,3.204,3.211,3.208,3.215,3.643,3.637,3.632,3.631,3.627,3.634,3.636,-59.854,3724.000
3.210,3.209,3.211,3.209,3.210,3.211,3.206,3.636,3.636,3.640,3.636,3.632,3.643,3.641,-60.224,3725.000
3.209,3.206,3.211,3.215,3.211,3.214,3.201,3.630,3.626,3.633,3.633,3.637,3.637,3.645,-60.143,3726.000
3.206,3.210,3.208,3.206,3.207,3.204,3.209,3.639,3.636,3.632,3.634,3.631,3.634,3.638,-60.141,3727.000
3.207,3.207,3.207,3.205,3.209,3.209,3.212,3.626,3.636,3.632,3.637,3.630,3.639,3.634,-60.084,3728.000
3.210,3.211,3.209,3.210,3.211,3.211,3.207,3.631,3.631,3.639,3.639,3.634,3.633,3.633,-59.978,3729.000
3.209,3.208,3.206,3.210,3.209,3.211,3.213,3.632,3.637,3.641,3.633,3.639,3.640,3.643,-60.025,3730.000
3.205,3.209,3.206,3.208,3.207,3.210,3.210,3.643,3.635,3.635,3.629,3.634,3.633,3.637,-60.118,3731.000
3.209,3.205,3.209,3.209,3.210,3.213,3.206,3.633,3.635,3.628,3.629,3.634,3.632,3.636,-60.022,3732.000
3.212,3.210,3.204,3.213,3.206,3.207,3.213,3.635,3.634,3.633,3.637,3.628,3.634,3.631,-60.155,3733.000
3.213,3.205,3.209,3.209,3.217,3.205,3.207,3.639,3.637,3.632,3.637,3.635,3.631,3.636,-60.103,3734.000
3.212,3.211,3.211,3.210,3.206,3.211,3.212,3.637,3.636,3.637,3.639,3.641,3.639,3.635,-60.184,3735.000
3.212,3.211,3.210,3.209,3.213,3.214,3.212,3.635,3.633,3.630,3.636,3.642,3.640,3.635,-59.994,3736.000
3.215,3.213,3.212,3.215,3.212,3.209,3.209,3.644,3.638,3.638,3.631,3.640,3.638,3.635,-60.198,3737.000
3.211,3.210,3.211,3.209,3.217,3.213,3.214,3.638,3.634,3.638,3.634,3.636,3.637,3.634,-60.109,3738.000
3.211,3.214,3.208,3.211,3.213,3.213,3.206,3.641,3.636,3.634,3.638,3.636,3.638,3.632,-59.945,3739.000
3.213,3.212,3.209,3.215,3.214,3.211,3.214,3.637,3.638,3.640,3.636,3.635,3.629,3.637,-59.737,3740.000
3.209,3.221,3.221,3.216,3.215,3.211,3.213,3.638,3.634,3.646,3.646,3.640,3.638,3.637,-59.738,3741.000
3.212,3.216,3.210,3.214,3.206,3.212,3.215,3.639,3.641,3.639,3.635,3.633,3.636,3.639,-59.816,3742.000
3.211,3.208,3.214,3.215,3.212,3.217,3.217,3.635,3.638,3.637,3.637,3.637,3.637,3.636,-59.864,3743.000
3.217,3.211,3.219,3.211,3.220,3.213,3.215,3.638,3.636,3.635,3.638,3.639,3.639,3.642,-59.951,3744.000
3.218,3.213,3.213,3.212,3.208,3.211,3.213,3.641,3.636,3.644,3.641,3.639,3.636,3.641,-59.976,3745.000
3.219,3.219,3.214,3.211,3.217,3.208,3.216,3.637,3.635,3.635,3.637,3.640,3.642,3.642,-59.989,3746.000
3.220,3.218,3.220,3.216,3.214,3.213,3.219,3.643,3.641,3.638,3.646,3.641,3.642,3.640,-60.112,3747.000
3.220,3.216,3.213,3.218,3.217,3.214,3.216,3.643,3.643,3.641,3.638,3.639,3.639,3.637,-60.022,3748.000
3.223,3.220,3.222,3.217,3.219,3.218,3.217,3.642,3.643,3.645,3.640,3.640,3.646,3.639,-60.046,3749.000
3.217,3.222,3.222,3.217,3.221,3.219,3.218,3.647,3.646,3.644,3.636,3.645,3.652,3.639,-60.019,3750.000
3.218,3.217,3.225,3.218,3.225,3.216,3.230,3.643,3.641,3.649,3.643,3.653,3.643,3.646,-60.186,3751.000
3.215,3.221,3.211,3.223,3.211,3.215,3.218,3.648,3.645,3.649,3.647,3.646,3.645,3.646,-60.234,3752.000
3.224,3.218,3.217,3.225,3.223,3.220,3.224,3.648,3.643,3.647,3.648,3.646,3.648,3.646,-60.087,3753.000
3.216,3.219,3.220,3.214,3.213,3.220,3.220,3.643,3.647,3.645,3.645,3.647,3.643,3.647,-59.858,3754.000
3.218,3.222,3.213,3.221,3.217,3.217,3.209,3.641,3.641,3.637,3.641,3.644,3.646,3.644,-59.887,3755.000
3.217,3.217,3.217,3.222,3.216,3.220,3.214,3.645,3.641,3.645,3.643,3.648,3.647,3.644,-59.861,3756.000
3.216,3.216,3.221,3.218,3.214,3.215,3.210,3.648,3.646,3.648,3.644,3.647,3.645,3.643,-59.985,3757.000
3.222,3.215,3.221,3.220,3.216,3.213,3.216,3.650,3.642,3.647,3.637,3.641,3.639,3.642,-60.133,3758.000
3.213,3.218,3.215,3.214,3.216,3.213,3.215,3.642,3.644,3.644,3.647,3.641,3.651,3.637,-60.143,3759.000
3.211,3.214,3.215,3.212,3.215,3.215,3.216,3.634,3.645,3.642,3.650,3.648,3.641,3.642,-60.220,3760.000
3.221,3.222,3.219,3.213,3.222,3.220,3.218,3.643,3.650,3.644,3.650,3.647,3.645,3.647,-60.155,3761.000
3.220,3.215,3.222,3.220,3.211,3.214,3.225,3.652,3.643,3.646,3.645,3.640,3.644,3.644,-60.049,3762.000
3.223,3.220,3.219,3.212,3.220,3.221,3.222,3.643,3.646,3.642,3.648,3.648,3.644,3.647,-59.951,3763.000
3.216,3.211,3.218,3.213,3.218,3.213,3.221,3.646,3.649,3.650,3.648,3.647,3.647,3.647,-59.951,3764.000
3.223,3.217,3.218,3.216,3.216,3.215,3.216,3.648,3.648,3.646,3.649,3.644,3.644,3.648,-59.919,3765.000
3.223,3.222,3.222,3.219,3.221,3.213,3.223,3.649,3.647,3.641,3.652,3.648,3.647,3.645,-59.993,3766.000
3.221,3.218,3.218,3.219,3.215,3.219,3.213,3.649,3.651,3.650,3.646,3.652,3.653,3.646,-59.769,3767.000
3.220,3.220,3.220,3.217,3.215,3.221,3.222,3.649,3.655,3.644,3.639,3.642,3.642,3.651,-59.712,3768.000
3.213,3.220,3.213,3.217,3.220,3.217,3.219,3.645,3.645,3.651,3.646,3.656,3.655,3.644,-59.866,3769.000
3.216,3.217,3.217,3.222,3.222,3.218,3.218,3.645,3.648,3.648,3.648,3.645,3.645,3.649,-59.799,3770.000
3.216,3.215,3.221,3.214,3.214,3.221,3.218,3.653,3.646,3.646,3.646,3.650,3.646,3.647,-59.805,3771.000
3.215,3.219,3.216,3.218,3.217,3.223,3.219,3.653,3.644,3.645,3.652,3.645,3.648,3.654,-59.727,3772.000
3.215,3.217,3.218,3.220,3.217,3.217,3.213,3.652,3.653,3.641,3.650,3.652,3.649,3.653,-59.917,3773.000
3.216,3.213,3.220,3.220,3.221,3.218,3.216,3.648,3.653,3.646,3.651,3.647,3.648,3.647,-59.967,3774.000
3.222,3.226,3.216,3.220,3.220,3.218,3.221,3.643,3.653,3.651,3.655,3.649,3.654,3.645,-59.967,3775.000
3.216,3.213,3.218,3.220,3.217,3.218,3.215,3.646,3.641,3.645,3.652,3.647,3.656,3.654,-60.225,3776.000
3.218,3.211,3.217,3.218,3.220,3.220,3.210,3.646,3.649,3.646,3.649,3.643,3.651,3.649,-60.124,3777.000
3.214,3.217,3.222,3.219,3.218,3.218,3.221,3.647,3.650,3.648,3.646,3.650,3.652,3.649,-60.168,3778.000
3.220,3.213,3.211,3.222,3.222,3.213,3.217,3.644,3.647,3.642,3.643,3.647,3.648,3.645,-60.144,3779.000
3.214,3.211,3.214,3.213,3.216,3.211,3.211,3.648,3.648,3.645,3.642,3.640,3.647,3.643,-60.067,3780.000
3.208,3.210,3.211,3.215,3.212,3.213,3.209,3.642,3.644,3.641,3.645,3.657,3.646,3.645,-60.063,3781.000
3.215,3.210,3.212,3.216,3.213,3.211,3.219,3.646,3.645,3.647,3.648,3.650,3.651,3.646,-60.174,3782.000
3.213,3.217,3.214,3.216,3.216,3.212,3.209,3.650,3.647,3.649,3.649,3.644,3.643,3.643,-60.181,3783.000
3.209,3.218,3.220,3.211,3.214,3.214,3.217,3.647,3.653,3.649,3.650,3.644,3.649,3.649,-60.088,3784.000
3.209,3.217,3.213,3.214,3.217,3.211,3.209,3.649,3.646,3.647,3.647,3.645,3.649,3.648,-60.033,3785.000
3.213,3.209,3.215,3.215,3.210,3.207,3.213,3.642,3.646,3.646,3.649,3.646,3.647,3.647,-60.045,3786.000
3.210,3.212,3.213,3.210,3.211,3.212,3.209,3.648,3.644,3.643,3.645,3.644,3.643,3.651,-60.085,3787.000
3.214,3.216,3.213,3.216,3.214,3.217,3.210,3.655,3.650,3.643,3.644,3.649,3.644,3.652,-60.117,3788.000
3.216,3.212,3.211,3.211,3.215,3.209,3.211,3.643,3.645,3.644,3.646,3.643,3.644,3.637,-60.092,3789.000
3.216,3.208,3.223,3.216,3.214,3.207,3.217,3.643,3.643,3.641,3.643,3.647,3.643,3.646,-60.133,3790.000
3.212,3.217,3.216,3.211,3.212,3.208,3.212,3.649,3.649,3.638,3.648,3.645,3.645,3.645,-60.152,3791.000
3.210,3.211,3.206,3.211,3.208,3.210,3.212,3.645,3.644,3.643,3.642,3.645,3.642,3.645,-60.110,3792.000
3.209,3.216,3.211,3.210,3.211,3.207,3.205,3.650,3.642,3.644,3.643,3.641,3.643,3.642,-60.079,3793.000
3.208,3.209,3.218,3.210,3.214,3.208,3.210,3.639,3.643,3.642,3.641,3.641,3.639,3.645,-60.070,3794.000
3.212,3.211,3.208,3.214,3.213,3.215,3.214,3.640,3.642,3.643,3.645,3.645,3.646,3.647,-60.061,3795.000
3.213,3.210,3.212,3.208,3.212,3.213,3.209,3.644,3.646,3.642,3.640,3.637,3.639,3.645,-60.060,3796.000
3.206,3.212,3.210,3.210,3.205,3.212,3.207,3.638,3.639,3.640,3.647,3.642,3.642,3.640,-60.029,3797.000
3.208,3.208,3.212,3.210,3.213,3.206,3.208,3.642,3.639,3.642,3.638,3.643,3.638,3.642,-59.916,3798.000
3.205,3.208,3.213,3.208,3.208,3.202,3.211,3.636,3.640,3.641,3.636,3.636,3.643,3.639,-59.924,3799.000
3.210,3.207,3.204,3.206,3.202,3.211,3.204,3.636,3.635,3.636,3.642,3.644,3.645,3.640,-59.919,3800.000
3.209,3.213,3.209,3.208,3.215,3.205,3.214,3.642,3.640,3.636,3.637,3.641,3.647,3.642,-59.938,3801.000
3.206,3.205,3.212,3.211,3.210,3.214,3.211,3.641,3.644,3.642,3.640,3.645,3.641,3.639,-59.985,3802.000
3.205,3.211,3.211,3.217,3.212,3.210,3.209,3.638,3.639,3.644,3.640,3.645,3.652,3.646,-59.943,3803.000
3.208,3.211,3.211,3.214,3.215,3.208,3.211,3.645,3.641,3.642,3.636,3.641,3.643,3.649,-60.074,3804.000
3.210,3.214,3.211,3.210,3.210,3.215,3.211,3.642,3.645,3.642,3.644,3.644,3.645,3.641,-59.792,3805.000
3.213,3.213,3.214,3.210,3.210,3.209,3.209,3.643,3.643,3.649,3.653,3.643,3.642,3.649,-59.710,3806.000
3.212,3.214,3.204,3.213,3.211,3.213,3.214,3.636,3.632,3.641,3.636,3.640,3.642,3.643,-59.884,3807.000
3.212,3.213,3.213,3.211,3.211,3.209,3.214,3.643,3.640,3.645,3.647,3.642,3.646,3.641,-59.993,3808.000
3.209,3.206,3.208,3.209,3.207,3.208,3.211,3.639,3.639,3.637,3.645,3.641,3.639,3.646,-59.854,3809.000
3.208,3.212,3.207,3.212,3.211,3.211,3.209,3.637,3.638,3.641,3.644,3.642,3.633,3.640,-59.807,3810.000
3.208,3.211,3.207,3.210,3.210,3.209,3.209,3.640,3.640,3.644,3.644,3.639,3.642,3.638,-60.151,3811.000
3.207,3.215,3.207,3.209,3.210,3.211,3.211,3.642,3.645,3.641,3.640,3.644,3.642,3.638,-60.223,3812.000
3.205,3.204,3.206,3.201,3.208,3.211,3.210,3.635,3.643,3.644,3.637,3.640,3.637,3.647,-60.259,3813.000
3.203,3.211,3.209,3.206,3.204,3.208,3.206,3.639,3.643,3.651,3.648,3.639,3.632,3.636,-60.312,3814.000
3.209,3.203,3.205,3.208,3.211,3.208,3.211,3.639,3.646,3.636,3.641,3.642,3.643,3.645,-60.312,3815.000
3.213,3.208,3.213,3.209,3.205,3.204,3.206,3.639,3.647,3.639,3.643,3.642,3.646,3.643,-60.121,3816.000
3.211,3.205,3.206,3.206,3.203,3.214,3.214,3.642,3.639,3.644,3.642,3.647,3.644,3.650,-60.045,3817.000
3.209,3.208,3.207,3.203,3.209,3.208,3.205,3.644,3.643,3.644,3.640,3.644,3.642,3.638,-60.045,3818.000
3.200,3.213,3.211,3.211,3.204,3.205,3.211,3.639,3.639,3.643,3.639,3.638,3.642,3.643,-60.141,3819.000
3.209,3.206,3.209,3.210,3.208,3.207,3.215,3.637,3.644,3.642,3.641,3.642,3.644,3.648,-60.105,3820.000
3.213,3.210,3.204,3.212,3.214,3.209,3.213,3.644,3.646,3.640,3.639,3.649,3.638,3.646,-60.139,3821.000
3.209,3.211,3.214,3.216,3.211,3.213,3.212,3.643,3.641,3.642,3.644,3.647,3.645,3.643,-60.107,3822.000
3.216,3.211,3.212,3.209,3.213,3.213,3.216,3.645,3.644,3.643,3.647,3.649,3.642,3.645,-60.104,3823.000
3.211,3.218,3.214,3.209,3.216,3.220,3.216,3.651,3.652,3.653,3.654,3.651,3.651,3.656,-60.243,3824.000
3.223,3.218,3.219,3.224,3.217,3.217,3.219,3.653,3.653,3.652,3.655,3.656,3.651,3.651,-60.317,3825.000
3.216,3.221,3.211,3.222,3.219,3.217,3.217,3.646,3.645,3.650,3.652,3.653,3.657,3.648,-60.238,3826.000
3.210,3.211,3.212,3.218,3.210,3.207,3.219,3.651,3.649,3.652,3.643,3.646,3.650,3.646,-60.226,3827.000
3.203,3.213,3.210,3.214,3.211,3.209,3.209,3.647,3.646,3.645,3.645,3.639,3.650,3.638,-60.343,3828.000
3.207,3.208,3.204,3.213,3.211,3.214,3.211,3.641,3.639,3.633,3.645,3.637,3.639,3.637,-60.445,3829.000
3.209,3.212,3.204,3.209,3.216,3.207,3.204,3.642,3.645,3.650,3.647,3.646,3.642,3.644,-60.445,3830.000
3.209,3.212,3.210,3.203,3.205,3.207,3.211,3.643,3.637,3.640,3.641,3.643,3.642,3.640,-60.397,3831.000
3.204,3.208,3.207,3.206,3.207,3.205,3.209,3.640,3.651,3.642,3.643,3.650,3.642,3.647,-60.263,3832.000
3.212,3.207,3.213,3.208,3.216,3.212,3.209,3.642,3.647,3.642,3.640,3.642,3.646,3.650,-60.287,3833.000
3.209,3.206,3.206,3.211,3.211,3.214,3.216,3.644,3.643,3.642,3.645,3.651,3.646,3.645,-60.330,3834.000
3.206,3.211,3.209,3.211,3.211,3.219,3.212,3.651,3.642,3.644,3.646,3.647,3.653,3.645,-60.259,3835.000
3.214,3.214,3.214,3.216,3.215,3.215,3.212,3.651,3.655,3.645,3.645,3.640,3.650,3.652,-60.341,3836.000
3.216,3.210,3.223,3.219,3.214,3.221,3.219,3.648,3.649,3.651,3.651,3.655,3.649,3.652,-60.311,3837.000
3.215,3.218,3.217,3.219,3.212,3.218,3.216,3.649,3.657,3.653,3.651,3.656,3.653,3.647,-60.284,3838.000
3.217,3.219,3.214,3.218,3.212,3.221,3.215,3.656,3.652,3.657,3.645,3.654,3.650,3.649,-60.194,3839.000
3.216,3.216,3.221,3.216,3.217,3.221,3.213,3.648,3.649,3.652,3.649,3.650,3.651,3.649,-60.112,3840.000
3.211,3.216,3.216,3.212,3.211,3.215,3.212,3.648,3.653,3.654,3.656,3.644,3.649,3.650,-60.026,3841.000
3.213,3.209,3.213,3.209,3.214,3.214,3.214,3.650,3.639,3.644,3.645,3.648,3.645,3.652,-60.004,3842.000
3.209,3.211,3.210,3.215,3.211,3.217,3.208,3.651,3.645,3.646,3.648,3.646,3.653,3.649,-60.158,3843.000
3.216,3.209,3.216,3.213,3.213,3.214,3.213,3.652,3.645,3.646,3.656,3.649,3.648,3.650,-60.137,3844.000
3.211,3.211,3.214,3.209,3.216,3.212,3.218,3.648,3.651,3.647,3.647,3.645,3.648,3.644,-60.128,3845.000
3.211,3.217,3.213,3.213,3.215,3.205,3.207,3.649,3.645,3.651,3.647,3.644,3.646,3.646,-60.091,3846.000
3.212,3.211,3.211,3.213,3.216,3.210,3.211,3.643,3.642,3.649,3.648,3.647,3.648,3.648,-60.020,3847.000
3.209,3.214,3.216,3.211,3.213,3.214,3.211,3.645,3.648,3.644,3.647,3.651,3.647,3.648,-60.155,3848.000
3.215,3.216,3.214,3.211,3.215,3.215,3.212,3.649,3.649,3.646,3.641,3.645,3.645,3.652,-60.254,3849.000
3.214,3.214,3.213,3.211,3.218,3.214,3.215,3.646,3.649,3.653,3.649,3.651,3.648,3.645,-60.268,3850.000
3.214,3.216,3.213,3.216,3.219,3.218,3.210,3.650,3.655,3.649,3.653,3.653,3.645,3.653,-60.234,3851.000
3.220,3.207,3.215,3.204,3.216,3.214,3.218,3.654,3.645,3.647,3.647,3.650,3.647,3.648,-60.182,3852.000
3.215,3.211,3.211,3.206,3.214,3.211,3.215,3.645,3.645,3.646,3.650,3.649,3.646,3.646,-60.333,3853.000
3.210,3.214,3.210,3.211,3.212,3.211,3.216,3.653,3.648,3.653,3.641,3.650,3.649,3.643,-60.333,3854.000
3.211,3.211,3.211,3.217,3.215,3.208,3.211,3.648,3.647,3.643,3.643,3.642,3.642,3.645,-60.283,3855.000
3.208,3.215,3.217,3.216,3.212,3.214,3.209,3.652,3.642,3.653,3.653,3.647,3.646,3.646,-60.306,3856.000
3.209,3.211,3.214,3.212,3.213,3.216,3.213,3.652,3.652,3.647,3.647,3.653,3.649,3.649,-60.279,3857.000
3.211,3.214,3.211,3.215,3.214,3.206,3.210,3.644,3.642,3.642,3.650,3.650,3.649,3.656,-60.214,3858.000
3.209,3.213,3.210,3.207,3.209,3.217,3.223,3.645,3.640,3.641,3.646,3.644,3.644,3.651,-60.295,3859.000
3.219,3.217,3.205,3.218,3.215,3.216,3.211,3.649,3.647,3.650,3.644,3.651,3.646,3.651,-60.275,3860.000
3.210,3.212,3.210,3.216,3.211,3.206,3.209,3.644,3.642,3.639,3.654,3.655,3.654,3.647,-60.276,3861.000
3.210,3.214,3.213,3.208,3.209,3.208,3.215,3.645,3.648,3.653,3.643,3.647,3.650,3.649,-60.221,3862.000
3.214,3.219,3.217,3.218,3.221,3.218,3.215,3.651,3.645,3.646,3.645,3.647,3.650,3.647,-60.209,3863.000
3.210,3.209,3.215,3.212,3.214,3.220,3.220,3.648,3.647,3.650,3.652,3.647,3.651,3.646,-60.132,3864.000
3.218,3.216,3.213,3.214,3.212,3.214,3.213,3.649,3.652,3.646,3.651,3.649,3.647,3.646,-60.001,3865.000
3.213,3.214,3.215,3.212,3.222,3.219,3.213,3.649,3.649,3.653,3.654,3.649,3.648,3.648,-60.051,3866.000
3.207,3.208,3.210,3.213,3.217,3.213,3.214,3.653,3.649,3.648,3.646,3.651,3.648,3.649,-59.998,3867.000
3.214,3.211,3.217,3.211,3.212,3.212,3.216,3.646,3.647,3.647,3.649,3.648,3.651,3.651,-60.064,3868.000
3.214,3.210,3.214,3.215,3.213,3.214,3.216,3.651,3.648,3.655,3.649,3.642,3.648,3.647,-60.032,3869.000
3.217,3.217,3.214,3.211,3.215,3.213,3.213,3.650,3.648,3.644,3.652,3.650,3.642,3.648,-60.078,3870.000
3.213,3.212,3.217,3.215,3.214,3.211,3.218,3.651,3.653,3.650,3.649,3.649,3.655,3.648,-60.116,3871.000
3.215,3.209,3.218,3.215,3.216,3.217,3.219,3.644,3.656,3.651,3.650,3.647,3.658,3.653,-60.344,3872.000
3.220,3.221,3.217,3.221,3.214,3.217,3.217,3.653,3.653,3.655,3.653,3.655,3.651,3.650,-60.435,3873.000
3.220,3.215,3.221,3.222,3.219,3.229,3.220,3.657,3.656,3.650,3.655,3.656,3.655,3.657,-60.426,3874.000
3.223,3.224,3.223,3.221,3.221,3.219,3.220,3.654,3.656,3.658,3.659,3.659,3.654,3.651,-60.460,3875.000
3.221,3.222,3.219,3.225,3.222,3.221,3.222,3.658,3.653,3.658,3.662,3.660,3.660,3.652,-60.379,3876.000
3.228,3.229,3.227,3.223,3.225,3.223,3.222,3.657,3.660,3.656,3.658,3.656,3.664,3.660,-60.361,3877.000
3.223,3.220,3.228,3.228,3.218,3.227,3.223,3.657,3.661,3.656,3.656,3.662,3.659,3.657,-60.442,3878.000
3.227,3.221,3.221,3.228,3.224,3.223,3.229,3.659,3.655,3.661,3.657,3.665,3.656,3.658,-60.508,3879.000
3.228,3.223,3.230,3.226,3.225,3.222,3.228,3.656,3.660,3.653,3.658,3.664,3.664,3.659,-60.513,3880.000
3.223,3.231,3.229,3.231,3.226,3.225,3.227,3.664,3.665,3.662,3.661,3.659,3.659,3.664,-60.544,3881.000
3.229,3.232,3.231,3.222,3.225,3.222,3.221,3.667,3.665,3.659,3.655,3.659,3.662,3.661,-60.435,3882.000
3.228,3.229,3.225,3.225,3.224,3.224,3.229,3.656,3.659,3.660,3.656,3.660,3.661,3.661,-60.320,3883.000
3.222,3.223,3.227,3.229,3.221,3.228,3.230,3.658,3.654,3.656,3.659,3.659,3.663,3.666,-60.335,3884.000
3.227,3.227,3.227,3.232,3.231,3.223,3.224,3.662,3.657,3.662,3.661,3.659,3.665,3.661,-60.335,3885.000
3.227,3.228,3.221,3.223,3.229,3.224,3.231,3.656,3.661,3.668,3.669,3.667,3.662,3.663,-60.557,3886.000
3.227,3.228,3.229,3.229,3.229,3.223,3.227,3.660,3.661,3.663,3.659,3.664,3.663,3.659,-60.501,3887.000
3.230,3.221,3.227,3.225,3.229,3.224,3.223,3.656,3.656,3.660,3.656,3.658,3.665,3.664,-60.531,3888.000
3.223,3.229,3.225,3.223,3.230,3.224,3.229,3.661,3.665,3.666,3.658,3.663,3.653,3.654,-60.480,3889.000
3.226,3.222,3.222,3.223,3.223,3.225,3.227,3.656,3.656,3.656,3.654,3.653,3.657,3.666,-60.266,3890.000
3.228,3.219,3.221,3.220,3.220,3.220,3.226,3.662,3.655,3.655,3.661,3.659,3.653,3.657,-60.186,3891.000
3.226,3.228,3.223,3.222,3.221,3.227,3.229,3.659,3.656,3.657,3.664,3.660,3.655,3.653,-60.151,3892.000
3.216,3.221,3.223,3.229,3.217,3.226,3.221,3.661,3.659,3.660,3.663,3.666,3.658,3.651,-60.058,3893.000
3.222,3.222,3.227,3.223,3.226,3.220,3.216,3.655,3.654,3.656,3.660,3.655,3.655,3.658,-60.019,3894.000
3.217,3.221,3.224,3.222,3.218,3.224,3.224,3.655,3.660,3.660,3.653,3.658,3.659,3.659,-60.041,3895.000
3.226,3.227,3.224,3.221,3.220,3.230,3.222,3.660,3.657,3.656,3.654,3.657,3.653,3.654,-60.109,3896.000
3.223,3.222,3.223,3.214,3.215,3.220,3.221,3.656,3.657,3.657,3.653,3.656,3.654,3.655,-60.036,3897.000
3.214,3.217,3.219,3.218,3.221,3.220,3.221,3.652,3.654,3.657,3.658,3.654,3.654,3.655,-60.287,3898.000
3.221,3.221,3.227,3.220,3.226,3.220,3.220,3.653,3.650,3.656,3.656,3.656,3.654,3.651,-60.107,3899.000
3.222,3.222,3.219,3.223,3.222,3.217,3.218,3.654,3.651,3.657,3.657,3.656,3.652,3.663,-60.032,3900.000
3.223,3.224,3.220,3.225,3.214,3.225,3.222,3.665,3.655,3.659,3.658,3.658,3.656,3.655,-60.069,3901.000
3.218,3.226,3.219,3.222,3.218,3.223,3.218,3.655,3.659,3.660,3.659,3.657,3.660,3.657,-60.069,3902.000
3.219,3.221,3.213,3.220,3.225,3.218,3.223,3.656,3.658,3.649,3.647,3.659,3.651,3.653,-59.978,3903.000
3.223,3.221,3.222,3.215,3.229,3.220,3.217,3.656,3.651,3.660,3.656,3.662,3.664,3.661,-60.095,3904.000
3.224,3.219,3.219,3.221,3.220,3.221,3.225,3.655,3.652,3.657,3.655,3.655,3.656,3.656,-60.089,3905.000
3.227,3.226,3.222,3.222,3.225,3.220,3.222,3.653,3.656,3.665,3.656,3.656,3.654,3.659,-60.155,3906.000
3.222,3.218,3.228,3.223,3.221,3.218,3.221,3.652,3.653,3.646,3.652,3.656,3.657,3.656,-60.233,3907.000
3.219,3.218,3.223,3.219,3.220,3.219,3.223,3.655,3.654,3.661,3.659,3.656,3.655,3.649,-60.096,3908.000
3.222,3.216,3.222,3.226,3.222,3.220,3.227,3.654,3.649,3.646,3.654,3.657,3.656,3.653,-60.150,3909.000
3.224,3.222,3.222,3.223,3.221,3.220,3.220,3.655,3.651,3.653,3.657,3.652,3.653,3.661,-60.316,3910.000
3.221,3.222,3.219,3.222,3.220,3.220,3.220,3.650,3.656,3.660,3.657,3.653,3.656,3.656,-60.361,3911.000
3.219,3.221,3.219,3.216,3.219,3.213,3.218,3.660,3.656,3.657,3.658,3.659,3.651,3.653,-60.408,3912.000
3.220,3.217,3.221,3.221,3.217,3.221,3.221,3.654,3.653,3.655,3.652,3.651,3.653,3.648,-60.273,3913.000
3.224,3.222,3.225,3.223,3.216,3.217,3.219,3.662,3.659,3.660,3.653,3.651,3.653,3.653,-60.317,3914.000
3.222,3.222,3.219,3.223,3.218,3.222,3.217,3.652,3.654,3.650,3.648,3.650,3.654,3.662,-60.317,3915.000
3.220,3.215,3.222,3.219,3.221,3.215,3.217,3.652,3.651,3.651,3.649,3.652,3.653,3.654,-60.304,3916.000
3.227,3.219,3.217,3.220,3.219,3.224,3.216,3.654,3.654,3.656,3.650,3.652,3.654,3.655,-60.397,3917.000
3.216,3.223,3.224,3.222,3.213,3.221,3.224,3.652,3.651,3.652,3.653,3.653,3.654,3.655,-60.397,3918.000
3.213,3.219,3.221,3.221,3.224,3.226,3.225,3.651,3.656,3.656,3.652,3.648,3.654,3.650,-60.305,3919.000
3.216,3.218,3.223,3.222,3.218,3.216,3.216,3.656,3.652,3.653,3.652,3.654,3.655,3.654,-60.119,3920.000
3.216,3.221,3.217,3.219,3.217,3.222,3.217,3.656,3.657,3.655,3.655,3.654,3.652,3.650,-60.193,3921.000
3.217,3.217,3.218,3.220,3.214,3.219,3.221,3.649,3.651,3.655,3.651,3.656,3.654,3.658,-60.116,3922.000
3.220,3.221,3.215,3.222,3.221,3.221,3.218,3.648,3.656,3.656,3.654,3.655,3.653,3.656,-60.116,3923.000
3.217,3.223,3.217,3.222,3.223,3.218,3.219,3.651,3.649,3.656,3.652,3.656,3.653,3.657,-60.226,3924.000
3.220,3.216,3.220,3.221,3.224,3.224,3.225,3.651,3.656,3.651,3.654,3.651,3.657,3.656,-60.292,3925.000
3.218,3.221,3.218,3.224,3.222,3.219,3.221,3.657,3.657,3.656,3.655,3.652,3.656,3.659,-60.308,3926.000
3.227,3.223,3.225,3.222,3.227,3.220,3.224,3.658,3.659,3.663,3.647,3.653,3.655,3.655,-60.261,3927.000
3.225,3.222,3.224,3.224,3.222,3.219,3.229,3.661,3.661,3.656,3.654,3.654,3.656,3.658,-60.180,3928.000
3.219,3.222,3.222,3.218,3.217,3.219,3.222,3.658,3.660,3.656,3.662,3.655,3.653,3.655,-60.190,3929.000
3.220,3.222,3.214,3.221,3.214,3.220,3.218,3.653,3.660,3.656,3.656,3.657,3.657,3.657,-60.083,3930.000
3.220,3.219,3.219,3.221,3.218,3.216,3.220,3.656,3.659,3.653,3.657,3.662,3.658,3.661,-60.002,3931.000
3.216,3.216,3.218,3.227,3.222,3.217,3.212,3.652,3.651,3.656,3.654,3.662,3.656,3.654,-60.103,3932.000
3.217,3.220,3.222,3.217,3.219,3.219,3.218,3.654,3.659,3.651,3.655,3.654,3.653,3.653,-60.056,3933.000
3.220,3.219,3.221,3.217,3.223,3.222,3.216,3.656,3.659,3.657,3.649,3.654,3.651,3.653,-60.093,3934.000
3.218,3.214,3.213,3.216,3.215,3.219,3.213,3.647,3.644,3.647,3.648,3.656,3.653,3.645,-60.076,3935.000
3.213,3.214,3.217,3.212,3.216,3.217,3.212,3.656,3.647,3.649,3.648,3.649,3.654,3.649,-60.155,3936.000
3.212,3.217,3.217,3.218,3.214,3.213,3.211,3.650,3.656,3.655,3.653,3.649,3.649,3.648,-60.270,3937.000
3.215,3.215,3.209,3.212,3.208,3.211,3.211,3.648,3.646,3.646,3.653,3.653,3.644,3.645,-60.120,3938.000
3.220,3.213,3.209,3.214,3.213,3.216,3.216,3.648,3.649,3.651,3.650,3.650,3.647,3.647,-59.984,3939.000
3.216,3.214,3.212,3.216,3.212,3.216,3.211,3.655,3.648,3.646,3.644,3.649,3.653,3.650,-60.032,3940.000
3.209,3.211,3.214,3.214,3.217,3.214,3.215,3.649,3.649,3.650,3.653,3.653,3.646,3.648,-60.008,3941.000
3.218,3.220,3.218,3.213,3.215,3.212,3.215,3.647,3.651,3.649,3.652,3.656,3.651,3.652,-60.061,3942.000
3.218,3.218,3.214,3.219,3.218,3.220,3.219,3.656,3.651,3.652,3.656,3.656,3.650,3.653,-60.059,3943.000
3.222,3.218,3.224,3.220,3.217,3.220,3.219,3.646,3.646,3.650,3.657,3.652,3.655,3.651,-59.965,3944.000
3.222,3.224,3.218,3.221,3.225,3.218,3.218,3.664,3.657,3.653,3.652,3.652,3.654,3.652,-60.029,3945.000
3.218,3.221,3.227,3.228,3.219,3.215,3.222,3.652,3.660,3.656,3.656,3.656,3.659,3.654,-59.975,3946.000
3.219,3.219,3.228,3.218,3.222,3.222,3.221,3.660,3.657,3.653,3.656,3.651,3.656,3.658,-60.259,3947.000
3.227,3.228,3.226,3.223,3.219,3.222,3.220,3.655,3.659,3.659,3.657,3.656,3.653,3.656,-60.226,3948.000
3.224,3.220,3.220,3.222,3.225,3.224,3.221,3.653,3.658,3.657,3.653,3.661,3.649,3.654,-60.260,3949.000
3.217,3.222,3.229,3.224,3.225,3.227,3.228,3.654,3.656,3.652,3.652,3.648,3.652,3.658,-60.497,3950.000
3.221,3.223,3.221,3.219,3.225,3.227,3.223,3.655,3.655,3.649,3.656,3.655,3.656,3.656,-60.374,3951.000
3.224,3.221,3.220,3.220,3.220,3.218,3.224,3.648,3.649,3.653,3.652,3.652,3.655,3.656,-60.439,3952.000
3.218,3.221,3.224,3.225,3.215,3.221,3.220,3.654,3.649,3.652,3.661,3.651,3.647,3.653,-60.326,3953.000
3.220,3.214,3.219,3.213,3.219,3.224,3.220,3.666,3.657,3.655,3.647,3.656,3.656,3.651,-60.387,3954.000
3.220,3.224,3.219,3.219,3.218,3.218,3.215,3.644,3.651,3.650,3.656,3.656,3.654,3.649,-60.473,3955.000
3.224,3.220,3.229,3.219,3.219,3.218,3.222,3.657,3.655,3.652,3.656,3.649,3.656,3.649,-60.287,3956.000
3.224,3.226,3.222,3.221,3.219,3.229,3.224,3.653,3.658,3.655,3.652,3.656,3.657,3.656,-60.259,3957.000
3.227,3.222,3.221,3.216,3.222,3.221,3.223,3.657,3.668,3.659,3.659,3.662,3.656,3.659,-60.190,3958.000
3.220,3.219,3.222,3.225,3.223,3.225,3.222,3.657,3.652,3.651,3.652,3.652,3.658,3.657,-60.089,3959.000
3.222,3.220,3.218,3.226,3.226,3.224,3.223,3.653,3.655,3.654,3.656,3.660,3.654,3.657,-60.174,3960.000
3.225,3.227,3.222,3.226,3.221,3.219,3.219,3.662,3.661,3.656,3.664,3.655,3.655,3.659,-60.055,3961.000
3.220,3.215,3.222,3.223,3.227,3.224,3.225,3.659,3.659,3.655,3.659,3.660,3.656,3.653,-59.965,3962.000
3.224,3.220,3.222,3.225,3.225,3.226,3.227,3.656,3.656,3.662,3.659,3.657,3.654,3.657,-60.033,3963.000
3.217,3.222,3.224,3.221,3.217,3.222,3.224,3.661,3.665,3.658,3.653,3.659,3.663,3.659,-59.973,3964.000
3.221,3.227,3.220,3.223,3.224,3.225,3.223,3.659,3.660,3.660,3.662,3.656,3.660,3.665,-60.117,3965.000
3.225,3.222,3.227,3.223,3.228,3.227,3.224,3.669,3.660,3.664,3.662,3.661,3.664,3.667,-60.301,3966.000
3.220,3.227,3.224,3.227,3.229,3.223,3.226,3.662,3.667,3.667,3.660,3.661,3.665,3.664,-60.258,3967.000
3.223,3.221,3.226,3.227,3.229,3.224,3.227,3.661,3.666,3.672,3.661,3.660,3.659,3.658,-60.217,3968.000
3.225,3.225,3.224,3.229,3.231,3.230,3.231,3.662,3.662,3.659,3.666,3.665,3.662,3.671,-60.162,3969.000
3.228,3.227,3.227,3.234,3.227,3.227,3.229,3.665,3.668,3.666,3.664,3.666,3.668,3.665,-60.222,3970.000
3.229,3.226,3.226,3.231,3.231,3.231,3.229,3.663,3.665,3.666,3.660,3.669,3.666,3.664,-60.115,3971.000
3.228,3.231,3.224,3.232,3.231,3.227,3.222,3.666,3.667,3.668,3.662,3.662,3.662,3.665,-60.226,3972.000
3.235,3.228,3.232,3.230,3.236,3.231,3.230,3.667,3.668,3.666,3.665,3.664,3.660,3.666,-60.159,3973.000
3.227,3.231,3.226,3.231,3.228,3.232,3.229,3.663,3.669,3.669,3.667,3.672,3.668,3.671,-60.247,3974.000
3.236,3.229,3.233,3.233,3.229,3.228,3.230,3.669,3.666,3.671,3.671,3.669,3.668,3.670,-60.412,3975.000
3.230,3.229,3.229,3.236,3.229,3.228,3.237,3.670,3.665,3.662,3.670,3.672,3.668,3.670,-60.498,3976.000
3.231,3.230,3.228,3.234,3.231,3.231,3.229,3.670,3.671,3.675,3.667,3.663,3.669,3.673,-60.501,3977.000
3.230,3.226,3.230,3.234,3.231,3.226,3.232,3.665,3.675,3.665,3.663,3.670,3.668,3.674,-60.396,3978.000
3.235,3.233,3.232,3.227,3.229,3.230,3.233,3.667,3.672,3.672,3.672,3.668,3.665,3.667,-60.297,3979.000
3.232,3.232,3.224,3.232,3.235,3.231,3.231,3.671,3.669,3.666,3.666,3.668,3.665,3.670,-60.145,3980.000
3.230,3.226,3.231,3.227,3.223,3.232,3.233,3.664,3.667,3.676,3.666,3.674,3.669,3.673,-59.954,3981.000
3.231,3.232,3.235,3.229,3.235,3.225,3.230,3.664,3.670,3.666,3.665,3.663,3.669,3.667,-60.008,3982.000
3.230,3.230,3.232,3.235,3.228,3.228,3.233,3.669,3.665,3.668,3.667,3.667,3.668,3.662,-60.114,3983.000
3.230,3.226,3.237,3.229,3.226,3.226,3.227,3.666,3.669,3.662,3.664,3.668,3.668,3.669,-60.095,3984.000
3.230,3.232,3.233,3.232,3.228,3.230,3.227,3.665,3.666,3.662,3.669,3.669,3.669,3.671,-60.119,3985.000
3.233,3.227,3.233,3.226,3.230,3.229,3.227,3.664,3.667,3.664,3.663,3.666,3.668,3.669,-60.183,3986.000
3.227,3.230,3.224,3.229,3.228,3.229,3.225,3.668,3.667,3.660,3.667,3.666,3.656,3.671,-60.211,3987.000
3.231,3.231,3.226,3.233,3.225,3.229,3.223,3.671,3.660,3.665,3.666,3.663,3.661,3.664,-60.086,3988.000
3.228,3.232,3.231,3.234,3.237,3.227,3.231,3.670,3.668,3.674,3.667,3.665,3.672,3.674,-59.932,3989.000
3.228,3.232,3.230,3.234,3.227,3.230,3.224,3.665,3.664,3.668,3.674,3.670,3.667,3.659,-60.081,3990.000
3.233,3.231,3.233,3.230,3.234,3.231,3.233,3.667,3.670,3.667,3.674,3.666,3.664,3.668,-60.260,3991.000
3.229,3.232,3.227,3.233,3.231,3.230,3.225,3.660,3.670,3.671,3.671,3.671,3.673,3.661,-60.316,3992.000
3.230,3.226,3.228,3.230,3.231,3.231,3.227,3.664,3.670,3.665,3.665,3.667,3.665,3.668,-60.273,3993.000
3.236,3.232,3.228,3.229,3.230,3.235,3.236,3.665,3.664,3.667,3.669,3.672,3.669,3.672,-60.253,3994.000
3.231,3.233,3.230,3.229,3.232,3.228,3.233,3.669,3.669,3.665,3.666,3.668,3.660,3.665,-60.219,3995.000
3.230,3.234,3.235,3.232,3.230,3.229,3.236,3.665,3.667,3.672,3.669,3.667,3.669,3.672,-60.438,3996.000
3.233,3.232,3.232,3.235,3.232,3.227,3.227,3.667,3.671,3.665,3.664,3.667,3.670,3.671,-60.336,3997.000
3.228,3.234,3.231,3.230,3.228,3.232,3.228,3.674,3.667,3.662,3.666,3.665,3.667,3.672,-60.104,3998.000
3.231,3.228,3.230,3.230,3.225,3.226,3.226,3.664,3.665,3.670,3.666,3.658,3.669,3.664,-60.153,3999.000
3.226,3.227,3.232,3.233,3.235,3.229,3.232,3.659,3.668,3.666,3.661,3.667,3.665,3.665,-60.308,4000.000
3.232,3.225,3.230,3.225,3.235,3.230,3.225,3.666,3.665,3.660,3.663,3.660,3.662,3.656,-60.188,4001.000
3.224,3.231,3.231,3.225,3.225,3.228,3.235,3.665,3.664,3.664,3.661,3.668,3.662,3.664,-60.248,4002.000
3.227,3.228,3.230,3.227,3.224,3.228,3.228,3.666,3.666,3.668,3.665,3.662,3.661,3.661,-60.321,4003.000
3.227,3.226,3.230,3.225,3.232,3.233,3.225,3.658,3.660,3.666,3.662,3.665,3.666,3.663,-60.259,4004.000
3.225,3.232,3.229,3.228,3.226,3.225,3.226,3.656,3.661,3.656,3.661,3.658,3.659,3.656,-60.214,4005.000
3.219,3.230,3.233,3.226,3.226,3.231,3.229,3.658,3.674,3.663,3.662,3.657,3.664,3.659,-60.215,4006.000
3.226,3.228,3.229,3.229,3.230,3.227,3.227,3.665,3.663,3.659,3.662,3.658,3.668,3.660,-60.079,4007.000
3.224,3.226,3.228,3.225,3.233,3.226,3.230,3.665,3.664,3.661,3.664,3.660,3.665,3.663,-60.119,4008.000
3.230,3.227,3.230,3.228,3.227,3.227,3.229,3.657,3.665,3.663,3.657,3.663,3.659,3.664,-60.053,4009.000
3.230,3.232,3.227,3.230,3.229,3.228,3.229,3.666,3.667,3.658,3.663,3.661,3.658,3.657,-59.985,4010.000
3.224,3.227,3.230,3.229,3.234,3.232,3.232,3.658,3.665,3.665,3.664,3.663,3.659,3.669,-60.130,4011.000
3.233,3.228,3.228,3.234,3.232,3.236,3.234,3.663,3.659,3.660,3.667,3.662,3.670,3.667,-60.130,4012.000
3.242,3.236,3.231,3.228,3.230,3.229,3.227,3.662,3.663,3.660,3.663,3.666,3.669,3.665,-60.119,4013.000
3.235,3.233,3.232,3.237,3.233,3.232,3.230,3.663,3.668,3.662,3.670,3.667,3.659,3.669,-59.906,4014.000
