3.468,3.473,3.471,3.470,3.470,3.471,3.467,3.682,3.672,3.676,3.680,3.681,3.675,3.683,-59.190,-4014.000
3.474,3.466,3.470,3.476,3.466,3.469,3.466,3.683,3.678,3.677,3.674,3.677,3.681,3.681,-59.241,-4013.000
3.474,3.478,3.473,3.468,3.476,3.470,3.470,3.686,3.685,3.679,3.682,3.685,3.674,3.688,-59.340,-4012.000
3.480,3.481,3.485,3.482,3.483,3.482,3.481,3.694,3.699,3.693,3.686,3.686,3.692,3.691,-59.527,-4011.000
3.488,3.491,3.489,3.487,3.490,3.493,3.495,3.707,3.703,3.707,3.708,3.704,3.700,3.702,-59.245,-4010.000
3.499,3.498,3.495,3.504,3.502,3.498,3.500,3.706,3.708,3.705,3.711,3.710,3.710,3.711,-59.112,-4009.000
3.506,3.504,3.501,3.506,3.506,3.505,3.508,3.715,3.716,3.711,3.716,3.727,3.718,3.726,-59.288,-4008.000
3.514,3.515,3.517,3.508,3.511,3.519,3.513,3.725,3.729,3.729,3.727,3.721,3.726,3.727,-59.162,-4007.000
3.521,3.517,3.522,3.523,3.519,3.521,3.524,3.737,3.740,3.731,3.735,3.732,3.738,3.739,-59.230,-4006.000
3.533,3.532,3.530,3.528,3.530,3.537,3.526,3.740,3.742,3.752,3.746,3.744,3.742,3.743,-59.279,-4005.000
3.534,3.540,3.537,3.538,3.532,3.532,3.536,3.749,3.748,3.752,3.746,3.749,3.756,3.752,-59.287,-4004.000
3.537,3.546,3.547,3.543,3.540,3.544,3.549,3.757,3.761,3.764,3.759,3.760,3.761,3.763,-59.260,-4003.000
3.549,3.550,3.555,3.544,3.549,3.553,3.558,3.767,3.768,3.763,3.762,3.762,3.760,3.772,-59.027,-4002.000
3.558,3.560,3.559,3.559,3.555,3.550,3.559,3.772,3.776,3.773,3.778,3.774,3.772,3.770,-59.035,-4001.000
3.561,3.562,3.563,3.564,3.566,3.562,3.572,3.774,3.773,3.777,3.775,3.775,3.783,3.776,-59.011,-4000.000
3.570,3.572,3.573,3.567,3.575,3.571,3.568,3.786,3.789,3.789,3.789,3.783,3.789,3.785,-58.893,-3999.000
3.576,3.575,3.573,3.577,3.577,3.579,3.568,3.787,3.790,3.788,3.795,3.789,3.791,3.790,-59.058,-3998.000
3.580,3.583,3.584,3.584,3.582,3.586,3.585,3.798,3.798,3.805,3.805,3.803,3.800,3.805,-59.020,-3997.000
3.591,3.587,3.590,3.587,3.591,3.591,3.589,3.811,3.808,3.809,3.803,3.800,3.802,3.808,-59.020,-3996.000
3.599,3.594,3.596,3.592,3.592,3.597,3.595,3.809,3.812,3.809,3.804,3.802,3.808,3.816,-59.011,-3995.000
3.602,3.604,3.607,3.598,3.600,3.604,3.601,3.823,3.817,3.817,3.809,3.821,3.819,3.818,-58.929,-3994.000
3.607,3.607,3.606,3.607,3.602,3.610,3.603,3.829,3.825,3.819,3.824,3.820,3.818,3.821,-58.890,-3993.000
3.609,3.614,3.609,3.612,3.603,3.609,3.610,3.839,3.827,3.829,3.828,3.829,3.828,3.827,-58.877,-3992.000
3.617,3.612,3.613,3.617,3.613,3.617,3.617,3.828,3.831,3.832,3.835,3.834,3.828,3.835,-58.911,-3991.000
3.614,3.618,3.620,3.619,3.622,3.621,3.619,3.833,3.842,3.842,3.831,3.839,3.842,3.837,-59.076,-3990.000
3.620,3.627,3.618,3.621,3.627,3.624,3.625,3.839,3.841,3.843,3.844,3.850,3.841,3.839,-59.016,-3989.000
3.629,3.629,3.631,3.628,3.629,3.634,3.629,3.847,3.844,3.850,3.846,3.845,3.847,3.850,-58.827,-3988.000
3.633,3.635,3.641,3.637,3.640,3.636,3.636,3.850,3.849,3.853,3.855,3.856,3.855,3.848,-58.736,-3987.000
3.641,3.632,3.637,3.639,3.634,3.637,3.640,3.859,3.854,3.856,3.863,3.856,3.854,3.859,-58.579,-3986.000
3.637,3.640,3.641,3.645,3.641,3.636,3.644,3.866,3.862,3.865,3.861,3.864,3.862,3.860,-58.859,-3985.000
3.645,3.649,3.645,3.649,3.648,3.653,3.648,3.870,3.869,3.864,3.862,3.865,3.862,3.864,-59.034,-3984.000
3.648,3.643,3.649,3.645,3.649,3.648,3.650,3.874,3.870,3.868,3.871,3.872,3.869,3.873,-58.872,-3983.000
3.645,3.649,3.644,3.646,3.650,3.644,3.648,3.865,3.873,3.872,3.873,3.875,3.872,3.874,-59.000,-3982.000
3.651,3.654,3.650,3.654,3.653,3.653,3.650,3.879,3.879,3.878,3.873,3.876,3.875,3.876,-58.952,-3981.000
3.659,3.655,3.652,3.656,3.652,3.655,3.655,3.878,3.879,3.873,3.875,3.879,3.879,3.876,-58.995,-3980.000
3.656,3.659,3.654,3.660,3.659,3.661,3.651,3.878,3.879,3.873,3.875,3.881,3.876,3.879,-58.991,-3979.000
3.661,3.655,3.659,3.656,3.663,3.658,3.664,3.879,3.888,3.882,3.877,3.885,3.886,3.882,-58.822,-3978.000
3.660,3.662,3.667,3.662,3.665,3.666,3.660,3.889,3.889,3.881,3.885,3.882,3.880,3.876,-58.710,-3977.000
3.662,3.666,3.664,3.669,3.658,3.667,3.665,3.892,3.886,3.886,3.889,3.889,3.887,3.885,-58.869,-3976.000
3.669,3.667,3.668,3.665,3.670,3.674,3.668,3.891,3.890,3.895,3.893,3.888,3.892,3.892,-58.959,-3975.000
3.671,3.675,3.678,3.676,3.673,3.675,3.677,3.898,3.888,3.895,3.896,3.888,3.897,3.900,-58.967,-3974.000
3.675,3.671,3.678,3.674,3.673,3.678,3.678,3.900,3.901,3.903,3.903,3.900,3.901,3.899,-59.047,-3973.000
3.686,3.681,3.684,3.679,3.677,3.680,3.680,3.903,3.903,3.899,3.901,3.895,3.900,3.901,-59.076,-3972.000
3.682,3.686,3.680,3.683,3.685,3.682,3.685,3.906,3.897,3.900,3.904,3.906,3.906,3.908,-59.235,-3971.000
3.690,3.687,3.683,3.682,3.687,3.690,3.689,3.906,3.907,3.904,3.908,3.904,3.906,3.903,-59.135,-3970.000
3.692,3.688,3.688,3.688,3.694,3.687,3.693,3.914,3.910,3.913,3.907,3.912,3.917,3.912,-59.103,-3969.000
3.698,3.698,3.695,3.693,3.697,3.687,3.696,3.910,3.908,3.907,3.916,3.919,3.917,3.910,-59.047,-3968.000
3.698,3.698,3.698,3.702,3.690,3.697,3.692,3.917,3.913,3.917,3.916,3.920,3.920,3.915,-59.011,-3967.000
3.699,3.697,3.692,3.697,3.699,3.691,3.699,3.925,3.920,3.921,3.927,3.919,3.921,3.916,-59.265,-3966.000
3.702,3.702,3.704,3.705,3.702,3.699,3.700,3.930,3.923,3.929,3.927,3.926,3.927,3.921,-59.319,-3965.000
3.706,3.708,3.706,3.714,3.707,3.710,3.706,3.927,3.930,3.927,3.928,3.931,3.927,3.926,-59.086,-3964.000
3.713,3.710,3.713,3.712,3.713,3.715,3.712,3.937,3.931,3.931,3.937,3.932,3.935,3.935,-59.311,-3963.000
3.718,3.721,3.717,3.712,3.717,3.714,3.719,3.943,3.938,3.937,3.934,3.944,3.941,3.940,-59.347,-3962.000
3.721,3.721,3.723,3.717,3.721,3.721,3.724,3.946,3.947,3.947,3.937,3.941,3.946,3.945,-59.323,-3961.000
3.723,3.718,3.728,3.725,3.724,3.733,3.719,3.953,3.952,3.945,3.947,3.944,3.948,3.946,-59.403,-3960.000
3.827,3.844,3.840,3.849,3.842,3.849,3.841,4.060,4.069,4.082,4.078,4.074,4.077,4.079,-59.244,-3959.000
3.865,3.861,3.865,3.864,3.869,3.866,3.869,4.098,4.094,4.094,4.099,4.101,4.102,4.101,-59.171,-3958.000
3.872,3.869,3.863,3.868,3.870,3.868,3.869,4.109,4.099,4.105,4.107,4.105,4.105,4.104,-58.803,-3957.000
3.872,3.871,3.870,3.865,3.870,3.877,3.874,4.106,4.101,4.108,4.103,4.106,4.097,4.108,-58.777,-3956.000
3.877,3.874,3.874,3.879,3.875,3.873,3.872,4.110,4.112,4.109,4.106,4.106,4.111,4.112,-58.545,-3955.000
3.873,3.879,3.873,3.875,3.876,3.875,3.872,4.108,4.106,4.105,4.111,4.106,4.108,4.111,-58.201,-3954.000
3.876,3.874,3.874,3.877,3.878,3.880,3.876,4.114,4.111,4.106,4.111,4.111,4.115,4.107,-58.355,-3953.000
3.878,3.873,3.877,3.872,3.880,3.874,3.881,4.111,4.105,4.109,4.101,4.103,4.111,4.107,-58.240,-3952.000
3.880,3.879,3.875,3.876,3.879,3.874,3.880,4.104,4.106,4.108,4.107,4.102,4.107,4.107,-57.973,-3951.000
3.875,3.871,3.880,3.882,3.879,3.873,3.764,4.099,4.099,4.114,4.105,4.105,4.105,4.013,-57.798,-3950.000
3.724,3.719,3.722,3.722,3.720,3.719,3.719,3.903,3.903,3.896,3.897,3.900,3.904,3.902,-57.543,-3949.000
3.722,3.719,3.724,3.720,3.721,3.716,3.722,3.900,3.905,3.903,3.902,3.900,3.901,3.893,-58.012,-3948.000
3.717,3.718,3.716,3.718,3.720,3.720,3.719,3.900,3.900,3.904,3.901,3.899,3.901,3.897,-58.468,-3947.000
3.717,3.723,3.716,3.716,3.715,3.719,3.718,3.895,3.898,3.894,3.904,3.896,3.898,3.898,-58.721,-3946.000
3.710,3.712,3.711,3.711,3.715,3.716,3.712,3.893,3.903,3.892,3.893,3.898,3.900,3.896,-58.883,-3945.000
3.710,3.714,3.713,3.712,3.711,3.710,3.718,3.896,3.892,3.894,3.894,3.899,3.894,3.897,-58.964,-3944.000
3.710,3.711,3.718,3.709,3.709,3.714,3.711,3.891,3.894,3.890,3.892,3.897,3.892,3.901,-58.892,-3943.000
3.715,3.711,3.713,3.707,3.713,3.712,3.704,3.890,3.894,3.895,3.894,3.890,3.893,3.889,-59.003,-3942.000
3.712,3.714,3.711,3.708,3.709,3.709,3.714,3.893,3.893,3.895,3.899,3.892,3.898,3.892,-58.932,-3941.000
3.711,3.712,3.708,3.708,3.709,3.707,3.705,3.893,3.890,3.892,3.888,3.893,3.888,3.897,-59.165,-3940.000
3.709,3.709,3.707,3.706,3.707,3.702,3.706,3.889,3.893,3.887,3.891,3.894,3.891,3.898,-59.000,-3939.000
3.701,3.708,3.707,3.707,3.704,3.708,3.704,3.889,3.887,3.892,3.884,3.888,3.889,3.887,-58.983,-3938.000
3.711,3.702,3.707,3.707,3.703,3.703,3.706,3.889,3.886,3.888,3.891,3.888,3.888,3.886,-59.057,-3937.000
3.708,3.704,3.704,3.705,3.708,3.700,3.702,3.879,3.892,3.888,3.888,3.893,3.886,3.888,-59.078,-3936.000
3.703,3.708,3.703,3.704,3.701,3.706,3.699,3.883,3.883,3.890,3.885,3.887,3.890,3.888,-59.175,-3935.000
3.701,3.706,3.701,3.704,3.705,3.699,3.705,3.882,3.891,3.881,3.887,3.885,3.885,3.886,-59.210,-3934.000
3.703,3.702,3.697,3.701,3.702,3.701,3.695,3.882,3.881,3.888,3.884,3.884,3.890,3.886,-59.132,-3933.000
3.703,3.701,3.701,3.699,3.704,3.704,3.706,3.881,3.880,3.883,3.886,3.895,3.883,3.886,-59.016,-3932.000
3.701,3.701,3.698,3.698,3.705,3.703,3.702,3.888,3.882,3.879,3.888,3.877,3.883,3.881,-58.961,-3931.000
3.698,3.698,3.703,3.702,3.705,3.701,3.704,3.884,3.883,3.887,3.881,3.889,3.876,3.883,-59.080,-3930.000
3.704,3.702,3.708,3.704,3.699,3.703,3.697,3.885,3.884,3.884,3.884,3.883,3.889,3.880,-59.170,-3929.000
3.704,3.702,3.695,3.705,3.699,3.703,3.699,3.875,3.878,3.879,3.886,3.887,3.879,3.883,-59.069,-3928.000
3.698,3.697,3.691,3.697,3.696,3.699,3.700,3.878,3.884,3.886,3.882,3.879,3.881,3.881,-58.898,-3927.000
3.698,3.698,3.695,3.696,3.694,3.698,3.697,3.880,3.877,3.890,3.878,3.879,3.880,3.879,-59.020,-3926.000
3.695,3.706,3.697,3.698,3.702,3.702,3.699,3.881,3.880,3.881,3.879,3.881,3.879,3.883,-58.948,-3925.000
3.694,3.691,3.696,3.693,3.690,3.697,3.694,3.883,3.881,3.879,3.879,3.881,3.882,3.880,-59.167,-3924.000
3.695,3.698,3.696,3.697,3.697,3.692,3.697,3.879,3.876,3.878,3.873,3.878,3.878,3.882,-59.060,-3923.000
3.692,3.695,3.700,3.697,3.700,3.696,3.699,3.877,3.882,3.878,3.879,3.879,3.876,3.879,-58.899,-3922.000
3.697,3.700,3.696,3.700,3.697,3.695,3.696,3.879,3.879,3.879,3.882,3.878,3.876,3.875,-58.921,-3921.000
3.697,3.695,3.700,3.701,3.695,3.699,3.698,3.879,3.881,3.877,3.877,3.881,3.880,3.881,-59.034,-3920.000
3.698,3.692,3.698,3.694,3.697,3.698,3.699,3.875,3.875,3.870,3.880,3.874,3.880,3.876,-59.094,-3919.000
3.694,3.694,3.692,3.698,3.690,3.701,3.692,3.874,3.879,3.879,3.873,3.873,3.875,3.876,-59.309,-3918.000
3.694,3.698,3.695,3.692,3.690,3.693,3.696,3.876,3.873,3.880,3.875,3.878,3.883,3.878,-59.382,-3917.000
3.693,3.692,3.692,3.690,3.695,3.689,3.694,3.871,3.881,3.871,3.876,3.872,3.876,3.868,-59.437,-3916.000
3.698,3.696,3.693,3.694,3.689,3.695,3.697,3.868,3.870,3.861,3.867,3.872,3.870,3.877,-59.456,-3915.000
3.696,3.691,3.690,3.691,3.687,3.690,3.691,3.867,3.872,3.872,3.869,3.869,3.863,3.873,-59.308,-3914.000
3.693,3.693,3.690,3.690,3.689,3.686,3.696,3.868,3.870,3.868,3.874,3.865,3.871,3.869,-59.279,-3913.000
3.693,3.684,3.687,3.690,3.691,3.688,3.692,3.868,3.875,3.867,3.870,3.868,3.875,3.870,-59.307,-3912.000
3.690,3.687,3.690,3.689,3.693,3.690,3.690,3.874,3.875,3.870,3.867,3.865,3.863,3.866,-59.129,-3911.000
3.688,3.693,3.685,3.680,3.685,3.692,3.689,3.863,3.870,3.866,3.865,3.864,3.872,3.865,-59.173,-3910.000
3.689,3.688,3.690,3.687,3.693,3.687,3.686,3.857,3.864,3.869,3.870,3.880,3.870,3.866,-58.725,-3909.000
3.691,3.692,3.692,3.691,3.693,3.679,3.689,3.856,3.861,3.862,3.867,3.870,3.871,3.864,-57.522,-3908.000
3.691,3.689,3.687,3.693,3.698,3.691,3.687,3.867,3.870,3.873,3.868,3.872,3.863,3.866,-57.083,-3907.000
3.684,3.689,3.686,3.689,3.686,3.693,3.682,3.866,3.865,3.863,3.862,3.859,3.865,3.859,-56.968,-3906.000
3.690,3.690,3.687,3.684,3.686,3.692,3.686,3.867,3.867,3.869,3.864,3.871,3.875,3.866,-57.469,-3905.000
3.685,3.692,3.692,3.693,3.690,3.689,3.684,3.868,3.868,3.869,3.872,3.862,3.871,3.863,-57.799,-3904.000
3.685,3.691,3.688,3.696,3.685,3.685,3.696,3.873,3.868,3.870,3.875,3.870,3.876,3.871,-58.144,-3903.000
3.692,3.689,3.687,3.693,3.690,3.693,3.689,3.868,3.869,3.876,3.870,3.872,3.869,3.865,-58.282,-3902.000
3.690,3.692,3.684,3.695,3.685,3.693,3.686,3.869,3.861,3.869,3.863,3.869,3.870,3.870,-58.544,-3901.000
3.696,3.686,3.695,3.683,3.688,3.689,3.690,3.865,3.871,3.866,3.866,3.871,3.867,3.872,-58.892,-3900.000
3.687,3.689,3.688,3.692,3.690,3.690,3.688,3.864,3.865,3.869,3.874,3.868,3.869,3.867,-58.783,-3899.000
3.691,3.687,3.686,3.685,3.689,3.695,3.687,3.872,3.867,3.868,3.871,3.865,3.866,3.858,-58.838,-3898.000
3.689,3.691,3.691,3.686,3.686,3.689,3.691,3.874,3.870,3.864,3.873,3.866,3.863,3.867,-58.916,-3897.000
3.686,3.689,3.688,3.686,3.684,3.687,3.685,3.867,3.865,3.865,3.864,3.871,3.874,3.869,-58.870,-3896.000
3.687,3.688,3.687,3.689,3.690,3.687,3.692,3.870,3.870,3.874,3.864,3.866,3.868,3.867,-59.006,-3895.000
3.689,3.688,3.687,3.691,3.687,3.690,3.687,3.865,3.860,3.867,3.861,3.864,3.863,3.872,-58.998,-3894.000
3.692,3.691,3.691,3.686,3.688,3.688,3.689,3.865,3.861,3.862,3.865,3.864,3.864,3.864,-58.935,-3893.000
3.691,3.688,3.690,3.692,3.692,3.690,3.690,3.866,3.867,3.867,3.864,3.865,3.860,3.867,-58.707,-3892.000
3.689,3.685,3.684,3.688,3.691,3.689,3.688,3.862,3.867,3.861,3.868,3.869,3.864,3.863,-58.729,-3891.000
3.690,3.689,3.686,3.693,3.687,3.696,3.695,3.866,3.864,3.860,3.868,3.868,3.866,3.867,-58.867,-3890.000
3.687,3.689,3.686,3.689,3.691,3.688,3.692,3.866,3.864,3.862,3.866,3.864,3.865,3.868,-58.776,-3889.000
3.693,3.689,3.695,3.693,3.695,3.692,3.686,3.871,3.865,3.864,3.869,3.865,3.863,3.864,-58.766,-3888.000
3.692,3.687,3.692,3.687,3.693,3.689,3.691,3.864,3.865,3.871,3.870,3.865,3.866,3.871,-58.844,-3887.000
3.691,3.694,3.689,3.693,3.697,3.687,3.694,3.868,3.868,3.865,3.869,3.870,3.868,3.870,-58.842,-3886.000
3.694,3.691,3.694,3.692,3.695,3.694,3.692,3.869,3.868,3.871,3.869,3.870,3.869,3.873,-58.878,-3885.000
3.694,3.697,3.697,3.694,3.694,3.700,3.695,3.873,3.874,3.871,3.871,3.881,3.868,3.879,-58.804,-3884.000
3.695,3.698,3.702,3.701,3.701,3.701,3.695,3.874,3.874,3.870,3.873,3.875,3.876,3.878,-58.742,-3883.000
3.701,3.697,3.698,3.701,3.696,3.691,3.700,3.875,3.877,3.872,3.875,3.878,3.868,3.874,-58.536,-3882.000
3.700,3.703,3.701,3.704,3.700,3.705,3.701,3.884,3.883,3.878,3.876,3.875,3.877,3.882,-58.201,-3881.000
3.695,3.701,3.699,3.699,3.696,3.702,3.700,3.884,3.880,3.876,3.878,3.878,3.885,3.890,-57.156,-3880.000
3.700,3.705,3.702,3.702,3.705,3.702,3.708,3.885,3.887,3.886,3.884,3.884,3.883,3.882,-56.587,-3879.000
3.699,3.699,3.701,3.700,3.697,3.700,3.701,3.884,3.882,3.879,3.879,3.885,3.883,3.873,-56.622,-3878.000
3.702,3.707,3.709,3.706,3.705,3.702,3.703,3.882,3.885,3.884,3.890,3.879,3.881,3.882,-57.096,-3877.000
3.701,3.705,3.700,3.710,3.700,3.705,3.702,3.884,3.880,3.879,3.880,3.877,3.889,3.882,-57.728,-3876.000
3.708,3.700,3.702,3.708,3.707,3.708,3.708,3.882,3.879,3.884,3.880,3.882,3.882,3.887,-58.066,-3875.000
3.706,3.700,3.704,3.706,3.710,3.700,3.706,3.880,3.881,3.881,3.876,3.889,3.885,3.887,-58.384,-3874.000
3.706,3.696,3.705,3.704,3.695,3.701,3.703,3.885,3.880,3.877,3.880,3.886,3.887,3.883,-58.433,-3873.000
3.703,3.708,3.707,3.709,3.705,3.703,3.710,3.886,3.882,3.883,3.886,3.885,3.891,3.888,-58.283,-3872.000
3.710,3.705,3.708,3.711,3.705,3.709,3.708,3.880,3.879,3.889,3.883,3.895,3.885,3.884,-58.572,-3871.000
3.709,3.698,3.704,3.698,3.707,3.709,3.710,3.884,3.888,3.883,3.885,3.884,3.885,3.886,-58.623,-3870.000
3.706,3.705,3.704,3.709,3.709,3.706,3.701,3.888,3.883,3.888,3.887,3.883,3.882,3.886,-58.567,-3869.000
3.708,3.704,3.700,3.706,3.698,3.705,3.706,3.883,3.886,3.887,3.883,3.887,3.884,3.875,-58.814,-3868.000
3.710,3.705,3.705,3.712,3.707,3.708,3.708,3.888,3.888,3.886,3.886,3.888,3.883,3.884,-58.824,-3867.000
3.707,3.709,3.710,3.705,3.705,3.706,3.706,3.889,3.887,3.885,3.889,3.889,3.889,3.891,-58.841,-3866.000
3.708,3.711,3.708,3.706,3.712,3.709,3.714,3.885,3.877,3.893,3.899,3.886,3.891,3.889,-58.904,-3865.000
3.709,3.711,3.712,3.715,3.715,3.709,3.710,3.888,3.887,3.890,3.890,3.890,3.893,3.891,-59.174,-3864.000
3.716,3.714,3.716,3.716,3.712,3.713,3.718,3.891,3.892,3.891,3.889,3.892,3.896,3.892,-59.223,-3863.000
3.715,3.711,3.717,3.715,3.713,3.707,3.712,3.894,3.889,3.895,3.886,3.888,3.893,3.888,-58.985,-3862.000
3.715,3.716,3.714,3.712,3.715,3.716,3.714,3.896,3.892,3.890,3.889,3.894,3.885,3.883,-59.037,-3861.000
3.711,3.714,3.714,3.714,3.715,3.714,3.719,3.890,3.890,3.894,3.889,3.894,3.891,3.889,-59.051,-3860.000
3.711,3.711,3.711,3.713,3.716,3.721,3.711,3.898,3.891,3.886,3.896,3.897,3.888,3.893,-59.013,-3859.000
3.714,3.714,3.716,3.716,3.715,3.711,3.712,3.893,3.898,3.894,3.892,3.890,3.891,3.888,-59.223,-3858.000
3.719,3.708,3.714,3.714,3.709,3.709,3.709,3.894,3.897,3.891,3.891,3.893,3.887,3.891,-59.228,-3857.000
3.709,3.713,3.715,3.715,3.718,3.706,3.716,3.889,3.896,3.893,3.895,3.895,3.892,3.897,-59.154,-3856.000
3.713,3.714,3.711,3.712,3.717,3.720,3.715,3.886,3.893,3.890,3.899,3.896,3.893,3.894,-59.034,-3855.000
3.713,3.716,3.713,3.719,3.715,3.726,3.710,3.893,3.898,3.896,3.890,3.896,3.891,3.889,-59.013,-3854.000
3.714,3.720,3.718,3.716,3.723,3.718,3.716,3.894,3.897,3.898,3.894,3.894,3.897,3.899,-58.964,-3853.000
3.722,3.714,3.720,3.714,3.722,3.715,3.716,3.894,3.895,3.895,3.899,3.901,3.888,3.895,-58.910,-3852.000
3.719,3.716,3.716,3.717,3.716,3.719,3.710,3.890,3.898,3.895,3.895,3.901,3.895,3.892,-58.843,-3851.000
3.718,3.720,3.722,3.721,3.718,3.721,3.724,3.894,3.899,3.897,3.895,3.897,3.899,3.894,-58.956,-3850.000
3.718,3.720,3.719,3.718,3.714,3.719,3.720,3.904,3.898,3.902,3.894,3.898,3.898,3.897,-58.990,-3849.000
3.721,3.720,3.718,3.718,3.724,3.720,3.721,3.897,3.900,3.900,3.904,3.898,3.899,3.898,-58.875,-3848.000
3.720,3.718,3.715,3.724,3.725,3.716,3.723,3.898,3.900,3.896,3.899,3.895,3.897,3.898,-59.014,-3847.000
3.725,3.721,3.720,3.722,3.723,3.725,3.722,3.903,3.903,3.905,3.898,3.899,3.896,3.899,-59.005,-3846.000
3.727,3.725,3.725,3.725,3.724,3.722,3.723,3.899,3.899,3.904,3.900,3.901,3.901,3.902,-59.113,-3845.000
3.725,3.727,3.729,3.720,3.727,3.720,3.726,3.905,3.898,3.901,3.900,3.906,3.906,3.904,-58.916,-3844.000
3.725,3.725,3.724,3.725,3.721,3.724,3.726,3.897,3.904,3.906,3.903,3.906,3.905,3.903,-58.756,-3843.000
3.722,3.725,3.725,3.728,3.720,3.724,3.723,3.906,3.904,3.906,3.913,3.904,3.906,3.904,-58.750,-3842.000
3.726,3.722,3.724,3.725,3.728,3.721,3.732,3.907,3.902,3.903,3.904,3.899,3.907,3.903,-58.803,-3841.000
3.730,3.723,3.726,3.722,3.725,3.721,3.726,3.908,3.907,3.904,3.901,3.905,3.905,3.906,-59.039,-3840.000
3.721,3.725,3.728,3.722,3.730,3.724,3.723,3.901,3.904,3.904,3.909,3.906,3.905,3.905,-59.038,-3839.000
3.726,3.733,3.726,3.730,3.726,3.730,3.730,3.907,3.909,3.902,3.905,3.907,3.900,3.902,-59.099,-3838.000
3.730,3.727,3.732,3.728,3.732,3.730,3.728,3.906,3.910,3.909,3.904,3.906,3.901,3.905,-59.343,-3837.000
3.732,3.727,3.725,3.732,3.724,3.727,3.732,3.910,3.908,3.909,3.906,3.905,3.909,3.904,-59.013,-3836.000
3.727,3.727,3.732,3.723,3.725,3.725,3.734,3.908,3.907,3.907,3.907,3.906,3.909,3.905,-59.269,-3835.000
3.729,3.730,3.730,3.730,3.729,3.728,3.727,3.913,3.910,3.908,3.910,3.906,3.909,3.909,-59.351,-3834.000
3.733,3.726,3.728,3.731,3.734,3.727,3.732,3.905,3.902,3.910,3.905,3.911,3.911,3.910,-59.257,-3833.000
3.733,3.733,3.735,3.736,3.734,3.731,3.733,3.908,3.909,3.910,3.910,3.918,3.912,3.914,-59.197,-3832.000
3.731,3.734,3.730,3.730,3.727,3.736,3.730,3.911,3.914,3.906,3.913,3.911,3.917,3.905,-59.067,-3831.000
3.729,3.734,3.739,3.735,3.736,3.727,3.734,3.915,3.914,3.913,3.913,3.916,3.907,3.909,-59.158,-3830.000
3.732,3.740,3.733,3.730,3.733,3.734,3.737,3.919,3.913,3.914,3.909,3.910,3.913,3.911,-59.111,-3829.000
3.728,3.734,3.737,3.729,3.733,3.733,3.742,3.919,3.914,3.914,3.908,3.910,3.915,3.915,-59.146,-3828.000
3.735,3.736,3.739,3.735,3.731,3.732,3.734,3.907,3.910,3.910,3.914,3.916,3.917,3.918,-59.021,-3827.000
3.738,3.740,3.738,3.739,3.736,3.738,3.742,3.919,3.909,3.918,3.918,3.912,3.912,3.911,-59.057,-3826.000
3.739,3.741,3.741,3.734,3.733,3.732,3.737,3.918,3.914,3.913,3.922,3.919,3.920,3.920,-59.113,-3825.000
3.730,3.736,3.734,3.740,3.737,3.741,3.739,3.911,3.917,3.913,3.916,3.917,3.920,3.922,-58.976,-3824.000
3.740,3.737,3.738,3.735,3.734,3.737,3.738,3.920,3.917,3.909,3.919,3.912,3.915,3.914,-58.997,-3823.000
3.743,3.737,3.740,3.739,3.734,3.740,3.739,3.916,3.918,3.921,3.919,3.916,3.914,3.916,-59.092,-3822.000
3.737,3.740,3.739,3.739,3.741,3.737,3.739,3.926,3.916,3.915,3.917,3.919,3.920,3.921,-59.025,-3821.000
3.736,3.739,3.738,3.735,3.732,3.737,3.739,3.913,3.916,3.918,3.913,3.923,3.920,3.912,-58.789,-3820.000
3.735,3.737,3.741,3.741,3.737,3.744,3.738,3.916,3.918,3.920,3.918,3.919,3.927,3.921,-58.918,-3819.000
3.737,3.740,3.744,3.743,3.743,3.740,3.744,3.917,3.921,3.919,3.920,3.927,3.925,3.923,-58.899,-3818.000
3.743,3.737,3.742,3.741,3.743,3.743,3.740,3.918,3.920,3.921,3.921,3.921,3.919,3.919,-59.065,-3817.000
3.737,3.734,3.740,3.744,3.741,3.741,3.736,3.918,3.920,3.919,3.919,3.922,3.917,3.923,-59.081,-3816.000
3.734,3.742,3.738,3.740,3.738,3.743,3.736,3.929,3.936,3.923,3.921,3.921,3.922,3.918,-58.884,-3815.000
3.743,3.737,3.734,3.741,3.743,3.741,3.745,3.917,3.920,3.916,3.917,3.914,3.919,3.915,-59.068,-3814.000
3.742,3.738,3.734,3.736,3.748,3.740,3.736,3.918,3.913,3.922,3.925,3.922,3.920,3.919,-59.251,-3813.000
3.742,3.747,3.740,3.744,3.740,3.737,3.741,3.923,3.916,3.920,3.925,3.924,3.927,3.920,-59.546,-3812.000
3.738,3.740,3.744,3.740,3.740,3.742,3.744,3.920,3.917,3.928,3.928,3.923,3.923,3.922,-59.301,-3811.000
3.739,3.740,3.746,3.747,3.740,3.740,3.743,3.925,3.923,3.928,3.929,3.924,3.921,3.922,-59.516,-3810.000
3.745,3.742,3.744,3.739,3.743,3.744,3.747,3.928,3.924,3.931,3.927,3.926,3.921,3.921,-59.317,-3809.000
3.746,3.741,3.743,3.745,3.744,3.744,3.741,3.919,3.920,3.922,3.926,3.925,3.925,3.923,-59.598,-3808.000
3.739,3.741,3.743,3.744,3.746,3.749,3.744,3.926,3.927,3.922,3.924,3.931,3.926,3.920,-59.417,-3807.000
3.739,3.746,3.742,3.742,3.744,3.740,3.741,3.924,3.923,3.924,3.925,3.925,3.924,3.930,-59.389,-3806.000
3.741,3.746,3.745,3.739,3.740,3.738,3.748,3.923,3.922,3.929,3.923,3.927,3.925,3.926,-59.373,-3805.000
3.740,3.740,3.743,3.742,3.737,3.739,3.746,3.928,3.929,3.927,3.926,3.928,3.922,3.928,-59.078,-3804.000
3.742,3.737,3.741,3.739,3.742,3.740,3.742,3.926,3.927,3.926,3.928,3.928,3.927,3.924,-59.024,-3803.000
3.745,3.740,3.744,3.743,3.740,3.737,3.745,3.919,3.928,3.927,3.920,3.924,3.931,3.923,-59.130,-3802.000
3.745,3.746,3.742,3.738,3.742,3.743,3.740,3.928,3.928,3.928,3.929,3.932,3.924,3.925,-59.119,-3801.000
3.742,3.741,3.743,3.740,3.743,3.743,3.745,3.920,3.925,3.926,3.928,3.930,3.924,3.931,-59.239,-3800.000
3.742,3.736,3.747,3.744,3.740,3.744,3.740,3.926,3.926,3.925,3.929,3.928,3.933,3.928,-59.213,-3799.000
3.745,3.746,3.744,3.745,3.741,3.742,3.746,3.926,3.927,3.931,3.920,3.926,3.927,3.928,-59.033,-3798.000
3.753,3.740,3.745,3.741,3.746,3.748,3.739,3.928,3.931,3.932,3.932,3.929,3.925,3.926,-59.340,-3797.000
3.743,3.748,3.750,3.744,3.751,3.743,3.743,3.928,3.932,3.924,3.924,3.924,3.926,3.931,-59.265,-3796.000
3.749,3.745,3.742,3.748,3.746,3.742,3.746,3.927,3.932,3.934,3.929,3.924,3.926,3.921,-59.229,-3795.000
3.745,3.741,3.748,3.743,3.735,3.745,3.749,3.924,3.923,3.926,3.923,3.926,3.928,3.928,-59.190,-3794.000
3.750,3.745,3.743,3.742,3.746,3.748,3.744,3.932,3.924,3.922,3.921,3.929,3.922,3.924,-59.185,-3793.000
3.752,3.744,3.749,3.747,3.746,3.742,3.751,3.924,3.929,3.931,3.929,3.921,3.928,3.924,-59.233,-3792.000
3.750,3.745,3.746,3.742,3.747,3.744,3.748,3.919,3.924,3.926,3.928,3.927,3.925,3.929,-59.325,-3791.000
3.747,3.749,3.748,3.742,3.748,3.748,3.747,3.926,3.920,3.925,3.924,3.925,3.927,3.933,-59.188,-3790.000
3.752,3.747,3.747,3.747,3.744,3.749,3.745,3.925,3.926,3.929,3.922,3.928,3.925,3.927,-59.414,-3789.000
3.744,3.751,3.744,3.745,3.747,3.746,3.746,3.929,3.931,3.930,3.929,3.927,3.927,3.932,-59.015,-3788.000
3.744,3.752,3.752,3.747,3.746,3.750,3.745,3.925,3.924,3.930,3.929,3.932,3.928,3.931,-59.059,-3787.000
3.748,3.742,3.748,3.748,3.748,3.746,3.751,3.931,3.926,3.923,3.925,3.932,3.924,3.931,-58.872,-3786.000
3.751,3.747,3.749,3.751,3.746,3.751,3.749,3.931,3.930,3.928,3.924,3.933,3.927,3.929,-58.902,-3785.000
3.749,3.745,3.747,3.750,3.748,3.744,3.752,3.931,3.933,3.926,3.930,3.930,3.934,3.935,-59.102,-3784.000
3.751,3.753,3.743,3.747,3.747,3.747,3.750,3.928,3.924,3.931,3.933,3.932,3.936,3.931,-58.939,-3783.000
3.751,3.755,3.748,3.749,3.754,3.748,3.746,3.933,3.935,3.929,3.934,3.935,3.934,3.930,-59.150,-3782.000
3.749,3.753,3.752,3.747,3.751,3.753,3.754,3.935,3.933,3.929,3.937,3.934,3.931,3.930,-59.261,-3781.000
3.751,3.751,3.752,3.751,3.746,3.754,3.753,3.934,3.933,3.927,3.931,3.928,3.929,3.927,-59.679,-3780.000
3.748,3.752,3.752,3.748,3.749,3.752,3.751,3.935,3.935,3.930,3.929,3.928,3.932,3.935,-59.499,-3779.000
3.750,3.754,3.747,3.751,3.751,3.751,3.747,3.936,3.932,3.936,3.928,3.932,3.933,3.936,-59.605,-3778.000
3.748,3.753,3.754,3.752,3.750,3.751,3.755,3.931,3.934,3.931,3.936,3.933,3.938,3.938,-59.333,-3777.000
3.747,3.748,3.752,3.755,3.756,3.755,3.746,3.935,3.936,3.933,3.940,3.941,3.936,3.938,-59.332,-3776.000
3.745,3.751,3.756,3.756,3.750,3.751,3.759,3.938,3.931,3.938,3.929,3.935,3.933,3.932,-59.231,-3775.000
3.753,3.754,3.749,3.753,3.750,3.754,3.752,3.935,3.936,3.937,3.930,3.932,3.929,3.938,-59.335,-3774.000
3.751,3.753,3.752,3.750,3.759,3.755,3.757,3.936,3.941,3.937,3.934,3.937,3.933,3.938,-59.021,-3773.000
3.757,3.755,3.754,3.756,3.759,3.753,3.748,3.942,3.937,3.938,3.939,3.937,3.935,3.939,-59.094,-3772.000
3.754,3.749,3.758,3.755,3.753,3.752,3.757,3.938,3.938,3.940,3.939,3.937,3.936,3.938,-59.018,-3771.000
3.756,3.758,3.758,3.755,3.755,3.755,3.759,3.941,3.942,3.934,3.936,3.936,3.932,3.935,-59.040,-3770.000
3.755,3.756,3.758,3.759,3.755,3.751,3.758,3.937,3.941,3.936,3.942,3.941,3.946,3.941,-58.880,-3769.000
3.760,3.758,3.756,3.755,3.754,3.758,3.757,3.941,3.940,3.941,3.939,3.942,3.937,3.940,-58.764,-3768.000
3.754,3.752,3.755,3.757,3.755,3.755,3.759,3.936,3.941,3.944,3.942,3.940,3.937,3.937,-58.777,-3767.000
3.757,3.759,3.759,3.755,3.755,3.753,3.752,3.940,3.939,3.936,3.938,3.941,3.940,3.934,-59.023,-3766.000
3.758,3.758,3.755,3.762,3.755,3.759,3.755,3.941,3.935,3.939,3.942,3.939,3.940,3.935,-59.031,-3765.000
3.756,3.755,3.755,3.761,3.757,3.758,3.757,3.940,3.938,3.943,3.943,3.948,3.931,3.940,-59.012,-3764.000
3.758,3.754,3.752,3.754,3.756,3.757,3.760,3.939,3.937,3.938,3.942,3.942,3.948,3.941,-58.873,-3763.000
3.760,3.758,3.755,3.761,3.757,3.751,3.764,3.946,3.934,3.940,3.943,3.942,3.941,3.943,-59.241,-3762.000
3.759,3.762,3.753,3.758,3.755,3.757,3.758,3.935,3.937,3.942,3.939,3.938,3.943,3.944,-59.394,-3761.000
3.756,3.761,3.762,3.760,3.756,3.763,3.759,3.946,3.949,3.950,3.943,3.949,3.946,3.945,-59.389,-3760.000
3.755,3.761,3.756,3.762,3.755,3.760,3.756,3.942,3.943,3.945,3.940,3.943,3.939,3.942,-59.461,-3759.000
3.762,3.761,3.755,3.760,3.757,3.760,3.759,3.941,3.943,3.944,3.944,3.945,3.943,3.946,-59.269,-3758.000
3.761,3.762,3.765,3.756,3.757,3.761,3.756,3.943,3.946,3.942,3.946,3.951,3.945,3.946,-59.197,-3757.000
3.757,3.761,3.761,3.762,3.763,3.759,3.764,3.938,3.945,3.950,3.943,3.945,3.944,3.945,-59.388,-3756.000
3.769,3.759,3.760,3.757,3.759,3.759,3.759,3.948,3.936,3.940,3.941,3.945,3.944,3.945,-59.355,-3755.000
3.763,3.753,3.766,3.758,3.765,3.759,3.765,3.945,3.948,3.944,3.949,3.949,3.944,3.945,-59.096,-3754.000
3.764,3.763,3.766,3.761,3.758,3.764,3.764,3.948,3.941,3.949,3.944,3.945,3.948,3.942,-58.992,-3753.000
3.759,3.761,3.766,3.759,3.759,3.766,3.763,3.944,3.943,3.942,3.946,3.944,3.951,3.948,-58.890,-3752.000
3.763,3.763,3.766,3.762,3.759,3.757,3.761,3.948,3.949,3.955,3.946,3.946,3.943,3.943,-58.897,-3751.000
3.765,3.761,3.758,3.760,3.768,3.765,3.765,3.948,3.947,3.948,3.947,3.945,3.945,3.943,-59.029,-3750.000
3.756,3.758,3.761,3.762,3.764,3.761,3.757,3.949,3.945,3.945,3.941,3.946,3.947,3.943,-58.917,-3749.000
3.772,3.761,3.761,3.758,3.767,3.760,3.767,3.949,3.949,3.946,3.946,3.946,3.945,3.946,-58.876,-3748.000
3.762,3.761,3.763,3.766,3.765,3.764,3.764,3.944,3.949,3.943,3.943,3.949,3.948,3.948,-59.144,-3747.000
3.760,3.762,3.764,3.763,3.763,3.766,3.758,3.948,3.947,3.946,3.953,3.945,3.944,3.950,-59.080,-3746.000
3.760,3.766,3.760,3.760,3.765,3.768,3.763,3.947,3.939,3.944,3.947,3.948,3.948,3.948,-59.039,-3745.000
3.762,3.760,3.763,3.756,3.763,3.764,3.768,3.950,3.946,3.944,3.949,3.946,3.949,3.940,-58.870,-3744.000
3.765,3.757,3.765,3.760,3.759,3.763,3.767,3.949,3.949,3.944,3.944,3.945,3.943,3.948,-59.140,-3743.000
3.762,3.760,3.762,3.764,3.767,3.764,3.762,3.949,3.945,3.946,3.945,3.945,3.949,3.949,-59.121,-3742.000
3.768,3.761,3.761,3.763,3.760,3.765,3.762,3.944,3.943,3.950,3.944,3.946,3.944,3.945,-59.102,-3741.000
3.756,3.763,3.761,3.761,3.766,3.762,3.766,3.950,3.947,3.948,3.952,3.951,3.946,3.943,-58.977,-3740.000
3.766,3.761,3.772,3.761,3.768,3.764,3.757,3.943,3.943,3.946,3.946,3.947,3.949,3.946,-58.958,-3739.000
3.765,3.765,3.763,3.766,3.761,3.765,3.766,3.945,3.943,3.955,3.947,3.948,3.943,3.952,-58.871,-3738.000
3.763,3.766,3.766,3.769,3.764,3.761,3.771,3.948,3.947,3.952,3.944,3.952,3.950,3.943,-59.023,-3737.000
3.766,3.770,3.765,3.764,3.762,3.765,3.767,3.947,3.948,3.950,3.947,3.947,3.947,3.952,-59.107,-3736.000
3.768,3.765,3.764,3.773,3.762,3.763,3.765,3.952,3.943,3.950,3.944,3.945,3.947,3.945,-59.109,-3735.000
3.763,3.762,3.766,3.768,3.768,3.765,3.766,3.947,3.947,3.950,3.947,3.951,3.949,3.950,-59.069,-3734.000
3.765,3.760,3.767,3.766,3.763,3.768,3.771,3.942,3.946,3.945,3.946,3.945,3.945,3.946,-59.139,-3733.000
3.764,3.766,3.768,3.772,3.766,3.774,3.769,3.954,3.945,3.946,3.949,3.950,3.951,3.951,-59.101,-3732.000
3.767,3.771,3.770,3.769,3.772,3.769,3.770,3.946,3.950,3.945,3.950,3.954,3.953,3.945,-59.079,-3731.000
3.763,3.765,3.766,3.764,3.771,3.766,3.766,3.954,3.952,3.952,3.951,3.952,3.954,3.948,-59.303,-3730.000
3.768,3.763,3.764,3.767,3.768,3.767,3.772,3.952,3.955,3.948,3.952,3.945,3.950,3.945,-59.161,-3729.000
3.762,3.768,3.765,3.766,3.768,3.768,3.766,3.952,3.947,3.947,3.947,3.953,3.949,3.950,-59.256,-3728.000
3.773,3.761,3.768,3.769,3.766,3.770,3.766,3.951,3.946,3.954,3.951,3.954,3.952,3.953,-58.926,-3727.000
3.767,3.764,3.764,3.768,3.768,3.768,3.773,3.952,3.951,3.954,3.948,3.950,3.950,3.953,-58.788,-3726.000
3.761,3.763,3.764,3.765,3.765,3.770,3.761,3.947,3.950,3.948,3.948,3.950,3.953,3.955,-59.018,-3725.000
3.760,3.764,3.764,3.767,3.764,3.771,3.769,3.949,3.951,3.952,3.947,3.951,3.946,3.953,-58.960,-3724.000
3.764,3.761,3.770,3.769,3.770,3.767,3.771,3.950,3.954,3.949,3.954,3.951,3.948,3.951,-59.057,-3723.000
3.764,3.771,3.765,3.776,3.773,3.766,3.766,3.949,3.951,3.951,3.947,3.955,3.950,3.951,-59.044,-3722.000
3.774,3.772,3.766,3.766,3.770,3.772,3.769,3.950,3.953,3.954,3.951,3.950,3.952,3.955,-59.100,-3721.000
3.774,3.768,3.768,3.766,3.766,3.776,3.765,3.961,3.951,3.957,3.956,3.958,3.953,3.953,-58.970,-3720.000
3.774,3.770,3.768,3.768,3.776,3.775,3.764,3.959,3.950,3.948,3.955,3.951,3.953,3.955,-59.015,-3719.000
3.769,3.771,3.772,3.768,3.776,3.771,3.772,3.954,3.949,3.956,3.950,3.952,3.949,3.952,-58.974,-3718.000
3.774,3.770,3.773,3.765,3.768,3.768,3.763,3.958,3.951,3.953,3.954,3.953,3.953,3.956,-59.205,-3717.000
3.762,3.770,3.770,3.770,3.765,3.768,3.768,3.953,3.951,3.951,3.953,3.951,3.956,3.953,-59.113,-3716.000
3.767,3.767,3.772,3.765,3.772,3.771,3.772,3.954,3.952,3.954,3.952,3.958,3.956,3.954,-59.118,-3715.000
3.777,3.773,3.771,3.768,3.775,3.771,3.766,3.953,3.956,3.955,3.955,3.954,3.957,3.956,-59.022,-3714.000
3.768,3.776,3.772,3.771,3.766,3.773,3.768,3.955,3.954,3.959,3.955,3.957,3.955,3.953,-59.252,-3713.000
3.765,3.778,3.769,3.769,3.780,3.766,3.768,3.958,3.955,3.951,3.958,3.958,3.954,3.954,-59.552,-3712.000
3.769,3.774,3.775,3.773,3.772,3.774,3.776,3.957,3.952,3.956,3.957,3.953,3.959,3.958,-59.530,-3711.000
3.774,3.769,3.771,3.770,3.779,3.773,3.771,3.961,3.959,3.956,3.957,3.953,3.952,3.954,-59.452,-3710.000
3.761,3.774,3.768,3.771,3.768,3.770,3.771,3.956,3.955,3.949,3.952,3.962,3.954,3.953,-59.251,-3709.000
3.773,3.775,3.772,3.764,3.772,3.774,3.773,3.964,3.953,3.953,3.956,3.958,3.956,3.953,-59.508,-3708.000
3.770,3.772,3.764,3.779,3.772,3.778,3.772,3.965,3.960,3.953,3.957,3.953,3.959,3.956,-59.355,-3707.000
3.772,3.768,3.773,3.770,3.770,3.773,3.769,3.959,3.958,3.953,3.953,3.955,3.957,3.956,-59.652,-3706.000
3.772,3.774,3.770,3.770,3.769,3.773,3.770,3.954,3.951,3.952,3.962,3.951,3.955,3.956,-59.499,-3705.000
3.768,3.774,3.774,3.776,3.772,3.773,3.770,3.961,3.961,3.956,3.957,3.957,3.951,3.959,-59.312,-3704.000
3.773,3.769,3.777,3.767,3.773,3.768,3.769,3.959,3.953,3.954,3.956,3.951,3.957,3.962,-59.158,-3703.000
3.771,3.775,3.775,3.767,3.767,3.769,3.777,3.956,3.951,3.958,3.950,3.956,3.955,3.953,-59.151,-3702.000
3.775,3.770,3.772,3.762,3.775,3.775,3.772,3.956,3.954,3.954,3.954,3.957,3.951,3.955,-58.999,-3701.000
3.770,3.774,3.770,3.771,3.767,3.766,3.771,3.956,3.954,3.957,3.960,3.959,3.954,3.954,-59.018,-3700.000
3.772,3.774,3.770,3.771,3.777,3.769,3.770,3.954,3.956,3.958,3.950,3.962,3.954,3.955,-58.911,-3699.000
3.768,3.776,3.772,3.774,3.776,3.772,3.772,3.956,3.954,3.953,3.956,3.953,3.953,3.949,-58.887,-3698.000
3.770,3.773,3.773,3.774,3.771,3.766,3.769,3.953,3.953,3.959,3.958,3.954,3.961,3.962,-58.872,-3697.000
3.768,3.771,3.777,3.772,3.773,3.769,3.769,3.960,3.960,3.960,3.958,3.958,3.959,3.956,-59.009,-3696.000
3.769,3.768,3.772,3.768,3.778,3.773,3.774,3.957,3.958,3.955,3.957,3.951,3.955,3.956,-59.152,-3695.000
3.770,3.771,3.771,3.772,3.772,3.772,3.774,3.954,3.955,3.965,3.954,3.958,3.960,3.953,-59.121,-3694.000
3.771,3.775,3.769,3.771,3.773,3.768,3.773,3.960,3.952,3.951,3.951,3.951,3.949,3.960,-59.249,-3693.000
3.770,3.769,3.766,3.769,3.770,3.767,3.771,3.964,3.961,3.961,3.959,3.959,3.963,3.952,-59.249,-3692.000
3.769,3.770,3.767,3.768,3.771,3.772,3.764,3.956,3.955,3.957,3.954,3.957,3.957,3.953,-59.495,-3691.000
3.771,3.771,3.768,3.775,3.774,3.770,3.771,3.962,3.959,3.956,3.958,3.954,3.956,3.953,-59.426,-3690.000
3.773,3.772,3.771,3.774,3.770,3.770,3.768,3.959,3.956,3.951,3.952,3.956,3.953,3.958,-59.108,-3689.000
3.772,3.772,3.777,3.777,3.768,3.767,3.773,3.966,3.950,3.958,3.957,3.957,3.957,3.958,-58.971,-3688.000
3.770,3.772,3.776,3.768,3.771,3.773,3.773,3.959,3.958,3.961,3.959,3.962,3.957,3.954,-59.070,-3687.000
3.771,3.771,3.774,3.771,3.770,3.771,3.771,3.950,3.952,3.959,3.957,3.960,3.962,3.959,-59.062,-3686.000
3.774,3.767,3.772,3.777,3.771,3.772,3.769,3.960,3.965,3.961,3.961,3.959,3.961,3.962,-58.977,-3685.000
3.771,3.779,3.770,3.777,3.773,3.765,3.774,3.962,3.962,3.959,3.963,3.960,3.957,3.957,-59.097,-3684.000
3.773,3.773,3.774,3.768,3.767,3.766,3.772,3.955,3.950,3.961,3.962,3.959,3.961,3.962,-58.882,-3683.000
3.767,3.772,3.770,3.774,3.764,3.768,3.765,3.963,3.957,3.962,3.962,3.962,3.956,3.965,-58.984,-3682.000
3.769,3.770,3.772,3.770,3.773,3.766,3.774,3.962,3.961,3.962,3.967,3.958,3.963,3.961,-58.824,-3681.000
3.775,3.764,3.774,3.772,3.775,3.767,3.776,3.963,3.961,3.956,3.963,3.959,3.972,3.959,-58.772,-3680.000
3.779,3.774,3.775,3.772,3.770,3.775,3.771,3.961,3.958,3.961,3.963,3.957,3.960,3.962,-58.707,-3679.000
3.777,3.775,3.770,3.774,3.776,3.776,3.778,3.961,3.965,3.959,3.960,3.963,3.960,3.963,-58.803,-3678.000
3.774,3.780,3.776,3.783,3.779,3.780,3.780,3.960,3.958,3.964,3.965,3.965,3.960,3.960,-58.726,-3677.000
3.776,3.777,3.779,3.774,3.778,3.775,3.776,3.962,3.964,3.964,3.966,3.964,3.962,3.958,-58.671,-3676.000
3.776,3.775,3.774,3.778,3.778,3.779,3.774,3.965,3.967,3.962,3.965,3.966,3.962,3.961,-58.512,-3675.000
3.780,3.779,3.777,3.775,3.769,3.774,3.778,3.955,3.965,3.968,3.961,3.961,3.960,3.959,-57.773,-3674.000
3.779,3.774,3.781,3.775,3.781,3.775,3.780,3.966,3.962,3.962,3.964,3.964,3.965,3.965,-57.381,-3673.000
3.777,3.777,3.778,3.779,3.778,3.779,3.776,3.963,3.962,3.962,3.966,3.963,3.965,3.958,-57.794,-3672.000
3.777,3.778,3.776,3.776,3.775,3.781,3.771,3.961,3.963,3.964,3.963,3.959,3.961,3.959,-58.199,-3671.000
3.780,3.776,3.779,3.781,3.777,3.782,3.777,3.967,3.970,3.967,3.967,3.962,3.965,3.964,-58.608,-3670.000
3.780,3.780,3.779,3.780,3.780,3.783,3.782,3.962,3.962,3.967,3.971,3.967,3.965,3.964,-58.810,-3669.000
3.783,3.776,3.778,3.778,3.770,3.780,3.778,3.966,3.964,3.966,3.960,3.968,3.962,3.961,-58.740,-3668.000
3.783,3.782,3.783,3.776,3.782,3.778,3.776,3.961,3.968,3.964,3.975,3.968,3.970,3.960,-58.794,-3667.000
3.780,3.778,3.782,3.780,3.780,3.785,3.781,3.971,3.964,3.967,3.962,3.965,3.963,3.965,-58.898,-3666.000
3.780,3.777,3.780,3.780,3.780,3.782,3.780,3.964,3.965,3.967,3.968,3.969,3.965,3.964,-58.625,-3665.000
3.781,3.778,3.782,3.785,3.781,3.787,3.783,3.972,3.966,3.963,3.970,3.968,3.969,3.969,-58.612,-3664.000
3.780,3.783,3.784,3.783,3.787,3.780,3.792,3.967,3.969,3.964,3.965,3.968,3.968,3.970,-58.770,-3663.000
3.786,3.784,3.784,3.784,3.783,3.783,3.785,3.967,3.966,3.965,3.966,3.969,3.968,3.967,-58.865,-3662.000
3.778,3.784,3.781,3.785,3.787,3.783,3.785,3.977,3.973,3.968,3.972,3.969,3.962,3.964,-58.806,-3661.000
3.788,3.781,3.785,3.786,3.786,3.785,3.783,3.976,3.973,3.969,3.968,3.962,3.968,3.964,-58.765,-3660.000
3.782,3.786,3.781,3.787,3.780,3.784,3.787,3.965,3.972,3.971,3.959,3.976,3.969,3.968,-58.667,-3659.000
3.792,3.782,3.782,3.782,3.787,3.792,3.789,3.973,3.968,3.967,3.965,3.980,3.966,3.958,-58.783,-3658.000
3.785,3.788,3.784,3.786,3.789,3.781,3.787,3.964,3.968,3.964,3.966,3.969,3.970,3.969,-58.804,-3657.000
3.791,3.789,3.791,3.784,3.784,3.781,3.788,3.959,3.965,3.968,3.968,3.968,3.963,3.962,-58.952,-3656.000
3.787,3.785,3.785,3.792,3.784,3.789,3.780,3.973,3.964,3.970,3.972,3.967,3.966,3.968,-59.042,-3655.000
3.791,3.785,3.785,3.788,3.784,3.783,3.786,3.967,3.971,3.965,3.968,3.970,3.966,3.970,-58.963,-3654.000
3.787,3.782,3.789,3.786,3.785,3.790,3.783,3.968,3.967,3.961,3.972,3.969,3.969,3.967,-58.891,-3653.000
3.787,3.782,3.787,3.785,3.789,3.786,3.791,3.969,3.968,3.971,3.971,3.967,3.969,3.967,-58.774,-3652.000
3.784,3.788,3.788,3.792,3.788,3.790,3.789,3.973,3.969,3.961,3.976,3.972,3.970,3.973,-58.762,-3651.000
3.784,3.784,3.790,3.788,3.797,3.784,3.792,3.972,3.970,3.970,3.969,3.974,3.968,3.973,-58.757,-3650.000
3.796,3.789,3.792,3.786,3.794,3.787,3.795,3.958,3.974,3.972,3.972,3.973,3.971,3.973,-58.982,-3649.000
3.787,3.791,3.789,3.783,3.790,3.797,3.787,3.970,3.970,3.974,3.971,3.970,3.971,3.969,-58.957,-3648.000
3.785,3.791,3.795,3.785,3.789,3.791,3.789,3.971,3.974,3.976,3.967,3.967,3.975,3.968,-58.911,-3647.000
3.782,3.788,3.788,3.789,3.779,3.791,3.792,3.971,3.968,3.964,3.971,3.972,3.968,3.964,-59.084,-3646.000
3.786,3.786,3.785,3.788,3.788,3.785,3.783,3.971,3.969,3.976,3.966,3.961,3.965,3.972,-58.783,-3645.000
3.786,3.792,3.780,3.793,3.784,3.789,3.786,3.971,3.974,3.970,3.971,3.973,3.964,3.973,-58.834,-3644.000
3.782,3.790,3.785,3.789,3.784,3.789,3.790,3.968,3.966,3.966,3.971,3.968,3.970,3.971,-58.732,-3643.000
3.791,3.785,3.788,3.787,3.786,3.786,3.787,3.971,3.972,3.970,3.962,3.962,3.968,3.965,-58.747,-3642.000
3.787,3.781,3.788,3.780,3.784,3.791,3.782,3.968,3.974,3.976,3.966,3.969,3.969,3.968,-59.028,-3641.000
3.785,3.786,3.782,3.786,3.787,3.778,3.785,3.966,3.965,3.971,3.969,3.968,3.969,3.966,-59.015,-3640.000
3.785,3.781,3.783,3.781,3.789,3.784,3.792,3.966,3.968,3.964,3.964,3.969,3.965,3.966,-59.100,-3639.000
3.790,3.782,3.790,3.789,3.787,3.785,3.788,3.968,3.971,3.969,3.967,3.965,3.969,3.967,-59.118,-3638.000
3.790,3.795,3.786,3.786,3.791,3.785,3.787,3.967,3.970,3.972,3.967,3.967,3.971,3.969,-59.156,-3637.000
3.786,3.786,3.785,3.787,3.785,3.787,3.785,3.968,3.973,3.962,3.972,3.969,3.973,3.969,-59.108,-3636.000
3.788,3.781,3.785,3.791,3.801,3.784,3.792,3.962,3.973,3.964,3.972,3.969,3.969,3.971,-58.840,-3635.000
3.786,3.784,3.793,3.783,3.786,3.785,3.793,3.976,3.968,3.972,3.969,3.968,3.970,3.963,-58.698,-3634.000
3.789,3.787,3.785,3.791,3.786,3.784,3.790,3.975,3.968,3.972,3.968,3.976,3.965,3.970,-58.969,-3633.000
3.792,3.790,3.786,3.786,3.787,3.790,3.790,3.969,3.964,3.969,3.969,3.973,3.970,3.976,-58.916,-3632.000
3.799,3.792,3.785,3.793,3.785,3.788,3.790,3.969,3.973,3.973,3.969,3.969,3.972,3.966,-58.875,-3631.000
3.787,3.794,3.783,3.787,3.793,3.787,3.791,3.970,3.967,3.972,3.976,3.970,3.971,3.970,-58.934,-3630.000
3.788,3.790,3.785,3.782,3.788,3.786,3.783,3.966,3.971,3.974,3.970,3.970,3.973,3.971,-59.094,-3629.000
3.789,3.793,3.792,3.787,3.794,3.794,3.791,3.976,3.977,3.975,3.983,3.969,3.971,3.971,-58.947,-3628.000
3.790,3.787,3.790,3.785,3.786,3.785,3.789,3.974,3.972,3.968,3.971,3.973,3.974,3.973,-59.303,-3627.000
3.780,3.789,3.785,3.790,3.785,3.794,3.788,3.978,3.976,3.974,3.974,3.973,3.973,3.971,-59.339,-3626.000
3.786,3.791,3.783,3.791,3.785,3.784,3.790,3.970,3.971,3.970,3.966,3.977,3.970,3.977,-59.205,-3625.000
3.789,3.782,3.789,3.794,3.790,3.791,3.783,3.969,3.968,3.977,3.970,3.969,3.970,3.971,-59.066,-3624.000
3.788,3.792,3.786,3.785,3.785,3.785,3.784,3.971,3.977,3.968,3.964,3.972,3.978,3.974,-59.028,-3623.000
3.783,3.781,3.788,3.782,3.785,3.785,3.789,3.970,3.972,3.968,3.967,3.967,3.973,3.973,-58.979,-3622.000
3.791,3.782,3.783,3.782,3.785,3.780,3.786,3.970,3.970,3.970,3.970,3.972,3.965,3.968,-59.025,-3621.000
3.787,3.784,3.781,3.782,3.782,3.787,3.791,3.972,3.976,3.968,3.965,3.969,3.964,3.969,-59.222,-3620.000
3.785,3.788,3.784,3.784,3.790,3.788,3.785,3.973,3.971,3.975,3.967,3.967,3.968,3.972,-59.189,-3619.000
3.792,3.789,3.787,3.785,3.787,3.786,3.784,3.975,3.976,3.972,3.968,3.969,3.971,3.969,-59.093,-3618.000
3.790,3.784,3.788,3.788,3.785,3.790,3.789,3.970,3.970,3.969,3.971,3.973,3.964,3.971,-59.021,-3617.000
3.787,3.783,3.791,3.789,3.783,3.784,3.784,3.965,3.970,3.963,3.969,3.963,3.967,3.973,-59.009,-3616.000
3.786,3.788,3.791,3.789,3.783,3.791,3.785,3.975,3.975,3.978,3.971,3.974,3.967,3.967,-59.056,-3615.000
3.788,3.790,3.789,3.792,3.788,3.790,3.790,3.976,3.978,3.973,3.980,3.976,3.964,3.966,-58.881,-3614.000
3.790,3.787,3.788,3.786,3.787,3.787,3.786,3.978,3.969,3.970,3.975,3.978,3.974,3.975,-59.128,-3613.000
3.792,3.786,3.789,3.790,3.789,3.792,3.789,3.975,3.974,3.969,3.972,3.968,3.972,3.967,-58.844,-3612.000
3.790,3.795,3.792,3.788,3.792,3.790,3.793,3.970,3.973,3.976,3.974,3.972,3.975,3.978,-58.962,-3611.000
3.782,3.791,3.789,3.796,3.790,3.793,3.788,3.969,3.974,3.974,3.969,3.977,3.976,3.981,-58.753,-3610.000
3.795,3.787,3.787,3.791,3.793,3.791,3.793,3.974,3.975,3.974,3.977,3.976,3.975,3.976,-58.900,-3609.000
3.793,3.791,3.790,3.793,3.796,3.794,3.797,3.973,3.973,3.976,3.976,3.976,3.977,3.982,-58.886,-3608.000
3.791,3.792,3.792,3.791,3.793,3.797,3.791,3.983,3.974,3.971,3.978,3.976,3.973,3.970,-58.819,-3607.000
3.795,3.796,3.796,3.797,3.798,3.790,3.798,3.979,3.977,3.973,3.974,3.983,3.976,3.976,-58.868,-3606.000
3.795,3.788,3.792,3.793,3.791,3.795,3.797,3.980,3.975,3.976,3.983,3.976,3.970,3.976,-59.034,-3605.000
3.795,3.794,3.794,3.792,3.800,3.797,3.796,3.974,3.978,3.976,3.975,3.977,3.976,3.974,-59.234,-3604.000
3.789,3.796,3.791,3.793,3.789,3.793,3.793,3.977,3.976,3.979,3.977,3.980,3.979,3.979,-59.105,-3603.000
3.790,3.792,3.790,3.787,3.791,3.797,3.796,3.978,3.972,3.972,3.977,3.974,3.976,3.974,-59.150,-3602.000
3.796,3.793,3.796,3.797,3.801,3.793,3.792,3.971,3.973,3.972,3.976,3.974,3.978,3.973,-59.036,-3601.000
3.791,3.795,3.792,3.792,3.794,3.790,3.788,3.975,3.976,3.974,3.972,3.970,3.975,3.977,-58.855,-3600.000
3.790,3.791,3.794,3.786,3.794,3.793,3.794,3.972,3.972,3.971,3.973,3.977,3.975,3.975,-58.836,-3599.000
3.791,3.790,3.790,3.787,3.790,3.791,3.796,3.976,3.974,3.971,3.970,3.976,3.971,3.971,-58.890,-3598.000
3.788,3.794,3.792,3.792,3.794,3.785,3.792,3.976,3.976,3.984,3.977,3.970,3.980,3.978,-58.235,-3597.000
3.795,3.789,3.796,3.791,3.799,3.792,3.794,3.970,3.976,3.973,3.979,3.981,3.978,3.974,-57.828,-3596.000
3.794,3.797,3.789,3.794,3.797,3.796,3.790,3.974,3.979,3.972,3.977,3.976,3.975,3.975,-58.285,-3595.000
3.795,3.792,3.791,3.789,3.793,3.795,3.793,3.973,3.975,3.976,3.976,3.972,3.974,3.974,-58.901,-3594.000
3.792,3.795,3.794,3.798,3.796,3.797,3.793,3.978,3.976,3.975,3.979,3.969,3.972,3.977,-58.811,-3593.000
3.797,3.793,3.791,3.801,3.793,3.793,3.800,3.976,3.978,3.977,3.970,3.975,3.975,3.971,-58.672,-3592.000
3.790,3.797,3.797,3.791,3.796,3.794,3.796,3.979,3.977,3.985,3.983,3.978,3.977,3.978,-58.823,-3591.000
3.788,3.793,3.801,3.791,3.794,3.799,3.792,3.975,3.973,3.975,3.972,3.975,3.972,3.978,-58.982,-3590.000
3.792,3.794,3.794,3.795,3.799,3.792,3.800,3.977,3.977,3.974,3.975,3.976,3.974,3.975,-58.942,-3589.000
3.797,3.795,3.795,3.797,3.797,3.791,3.795,3.974,3.976,3.976,3.977,3.978,3.979,3.980,-59.094,-3588.000
3.800,3.791,3.802,3.796,3.798,3.794,3.795,3.973,3.970,3.971,3.983,3.985,3.980,3.977,-59.135,-3587.000
3.787,3.796,3.793,3.796,3.796,3.796,3.794,3.971,3.977,3.977,3.987,3.972,3.977,3.972,-59.073,-3586.000
3.789,3.794,3.795,3.792,3.793,3.787,3.786,3.974,3.978,3.978,3.976,3.972,3.973,3.975,-59.121,-3585.000
3.788,3.791,3.789,3.795,3.796,3.800,3.788,3.974,3.972,3.972,3.973,3.982,3.973,3.972,-59.362,-3584.000
3.794,3.793,3.793,3.791,3.792,3.796,3.794,3.977,3.977,3.973,3.978,3.974,3.979,3.976,-59.389,-3583.000
3.800,3.793,3.795,3.797,3.796,3.790,3.794,3.981,3.972,3.973,3.976,3.982,3.975,3.975,-59.424,-3582.000
3.795,3.794,3.795,3.792,3.790,3.792,3.786,3.973,3.971,3.975,3.972,3.972,3.970,3.976,-59.286,-3581.000
3.790,3.796,3.792,3.792,3.793,3.796,3.793,3.973,3.978,3.973,3.970,3.974,3.979,3.978,-59.243,-3580.000
3.793,3.797,3.798,3.792,3.791,3.792,3.796,3.972,3.969,3.973,3.974,3.976,3.974,3.973,-59.118,-3579.000
3.795,3.791,3.796,3.797,3.793,3.795,3.794,3.979,3.968,3.979,3.973,3.975,3.972,3.977,-58.983,-3578.000
3.797,3.799,3.794,3.795,3.794,3.793,3.796,3.974,3.969,3.967,3.971,3.974,3.974,3.978,-58.958,-3577.000
3.798,3.794,3.797,3.794,3.793,3.798,3.799,3.978,3.973,3.979,3.977,3.969,3.971,3.974,-59.101,-3576.000
3.793,3.797,3.792,3.798,3.792,3.797,3.796,3.976,3.987,3.973,3.976,3.975,3.974,3.974,-59.160,-3575.000
3.794,3.799,3.791,3.794,3.797,3.792,3.793,3.976,3.978,3.981,3.975,3.975,3.977,3.970,-58.979,-3574.000
3.799,3.792,3.797,3.797,3.793,3.792,3.798,3.974,3.978,3.976,3.979,3.968,3.977,3.974,-58.954,-3573.000
3.791,3.796,3.796,3.795,3.797,3.793,3.791,3.969,3.978,3.978,3.976,3.970,3.978,3.974,-59.056,-3572.000
3.797,3.794,3.792,3.795,3.794,3.789,3.800,3.977,3.980,3.976,3.976,3.978,3.975,3.986,-58.911,-3571.000
3.796,3.796,3.800,3.795,3.790,3.798,3.793,3.977,3.976,3.977,3.976,3.974,3.980,3.980,-58.983,-3570.000
3.798,3.798,3.793,3.797,3.791,3.793,3.801,3.976,3.977,3.971,3.978,3.978,3.976,3.977,-59.073,-3569.000
3.795,3.794,3.796,3.797,3.792,3.795,3.797,3.977,3.973,3.973,3.978,3.977,3.978,3.972,-59.299,-3568.000
3.798,3.795,3.798,3.796,3.797,3.793,3.795,3.975,3.974,3.974,3.974,3.978,3.979,3.974,-59.381,-3567.000
3.798,3.795,3.791,3.798,3.793,3.794,3.796,3.975,3.978,3.974,3.973,3.975,3.979,3.982,-59.233,-3566.000
3.792,3.790,3.794,3.793,3.799,3.788,3.801,3.977,3.974,3.975,3.972,3.971,3.969,3.975,-59.415,-3565.000
3.797,3.793,3.802,3.796,3.792,3.793,3.795,3.973,3.972,3.978,3.969,3.976,3.973,3.978,-59.284,-3564.000
3.796,3.792,3.795,3.794,3.798,3.795,3.792,3.971,3.970,3.972,3.979,3.976,3.973,3.978,-59.069,-3563.000
3.790,3.795,3.794,3.793,3.792,3.796,3.797,3.975,3.976,3.978,3.975,3.977,3.974,3.975,-58.991,-3562.000
3.790,3.792,3.795,3.792,3.789,3.791,3.794,3.971,3.974,3.975,3.970,3.975,3.977,3.972,-59.023,-3561.000
3.794,3.797,3.795,3.793,3.796,3.792,3.793,3.973,3.981,3.975,3.972,3.971,3.979,3.977,-58.864,-3560.000
3.800,3.789,3.797,3.786,3.800,3.787,3.791,3.975,3.975,3.975,3.976,3.971,3.974,3.973,-58.874,-3559.000
3.795,3.791,3.795,3.792,3.795,3.790,3.800,3.970,3.976,3.971,3.973,3.982,3.983,3.974,-58.626,-3558.000
3.800,3.798,3.796,3.791,3.795,3.796,3.794,3.974,3.978,3.974,3.977,3.976,3.973,3.982,-58.792,-3557.000
3.793,3.794,3.790,3.793,3.796,3.793,3.793,3.978,3.975,3.978,3.978,3.977,3.973,3.974,-58.806,-3556.000
3.797,3.793,3.796,3.793,3.798,3.788,3.796,3.977,3.977,3.973,3.975,3.982,3.974,3.975,-59.134,-3555.000
3.797,3.791,3.795,3.790,3.795,3.798,3.794,3.979,3.978,3.973,3.978,3.976,3.982,3.979,-59.403,-3554.000
3.794,3.796,3.800,3.794,3.796,3.794,3.797,3.979,3.980,3.971,3.974,3.972,3.980,3.978,-59.049,-3553.000
3.794,3.795,3.791,3.795,3.798,3.788,3.799,3.979,3.975,3.978,3.977,3.979,3.975,3.982,-58.954,-3552.000
3.795,3.792,3.789,3.792,3.790,3.791,3.794,3.969,3.972,3.975,3.978,3.977,3.970,3.973,-59.027,-3551.000
3.799,3.790,3.801,3.786,3.798,3.798,3.794,3.978,3.975,3.976,3.978,3.976,3.977,3.973,-58.992,-3550.000
3.795,3.793,3.797,3.796,3.799,3.789,3.794,3.978,3.976,3.979,3.979,3.979,3.975,3.981,-59.434,-3549.000
3.792,3.788,3.797,3.796,3.800,3.798,3.798,3.975,3.976,3.980,3.978,3.974,3.973,3.982,-59.509,-3548.000
3.794,3.791,3.791,3.799,3.793,3.790,3.792,3.973,3.975,3.978,3.965,3.976,3.974,3.977,-59.153,-3547.000
3.792,3.791,3.794,3.794,3.792,3.792,3.795,3.983,3.982,3.983,3.976,3.982,3.979,3.976,-59.242,-3546.000
3.795,3.791,3.795,3.798,3.796,3.794,3.794,3.978,3.979,3.974,3.978,3.977,3.975,3.974,-59.433,-3545.000
3.794,3.798,3.794,3.791,3.793,3.796,3.793,3.979,3.978,3.978,3.985,3.979,3.973,3.976,-59.139,-3544.000
3.791,3.805,3.794,3.796,3.790,3.795,3.796,3.979,3.978,3.976,3.978,3.982,3.977,3.980,-59.102,-3543.000
3.795,3.793,3.795,3.795,3.797,3.797,3.794,3.974,3.978,3.973,3.981,3.981,3.980,3.980,-58.961,-3542.000
3.794,3.792,3.797,3.796,3.791,3.795,3.792,3.975,3.981,3.969,3.975,3.975,3.979,3.979,-58.927,-3541.000
3.801,3.794,3.794,3.792,3.795,3.798,3.794,3.977,3.979,3.978,3.980,3.975,3.982,3.979,-59.074,-3540.000
3.797,3.795,3.802,3.798,3.790,3.794,3.797,3.982,3.977,3.978,3.976,3.984,3.977,3.980,-59.005,-3539.000
3.796,3.793,3.791,3.796,3.796,3.798,3.790,3.981,3.979,3.979,3.976,3.978,3.973,3.978,-58.898,-3538.000
3.795,3.796,3.800,3.796,3.794,3.793,3.796,3.978,3.977,3.979,3.981,3.979,3.978,3.982,-58.948,-3537.000
3.795,3.798,3.788,3.800,3.792,3.793,3.794,3.975,3.978,3.981,3.974,3.983,3.982,3.982,-59.023,-3536.000
3.799,3.799,3.799,3.793,3.792,3.798,3.808,3.978,3.976,3.979,3.979,3.982,3.980,3.983,-59.133,-3535.000
3.795,3.798,3.797,3.793,3.796,3.795,3.793,3.979,3.979,3.984,3.976,3.982,3.981,3.978,-59.034,-3534.000
3.798,3.796,3.801,3.802,3.792,3.800,3.796,3.984,3.977,3.978,3.975,3.980,3.980,3.980,-59.091,-3533.000
3.794,3.800,3.807,3.794,3.799,3.795,3.799,3.983,3.986,3.980,3.981,3.982,3.987,3.981,-59.083,-3532.000
3.795,3.794,3.792,3.794,3.788,3.788,3.794,3.980,3.973,3.971,3.979,3.970,3.974,3.976,-59.195,-3531.000
3.793,3.790,3.788,3.787,3.792,3.786,3.798,3.977,3.984,3.976,3.975,3.979,3.974,3.984,-59.257,-3530.000
3.790,3.791,3.788,3.790,3.791,3.784,3.793,3.980,3.980,3.978,3.978,3.978,3.976,3.982,-59.262,-3529.000
3.787,3.782,3.787,3.791,3.790,3.784,3.794,3.979,3.979,3.978,3.977,3.979,3.980,3.978,-59.117,-3528.000
3.787,3.789,3.787,3.789,3.793,3.794,3.794,3.978,3.983,3.977,3.980,3.977,3.978,3.975,-59.157,-3527.000
3.797,3.793,3.796,3.792,3.789,3.790,3.799,3.982,3.982,3.979,3.977,3.977,3.980,3.979,-59.195,-3526.000
3.789,3.787,3.796,3.789,3.790,3.790,3.791,3.981,3.988,3.980,3.973,3.979,3.986,3.982,-59.305,-3525.000
3.795,3.789,3.793,3.794,3.792,3.793,3.792,3.979,3.973,3.980,3.976,3.978,3.979,3.980,-59.309,-3524.000
3.796,3.791,3.794,3.793,3.794,3.792,3.799,3.981,3.981,3.981,3.977,3.979,3.978,3.977,-59.447,-3523.000
3.791,3.794,3.797,3.799,3.800,3.793,3.799,3.982,3.977,3.978,3.979,3.982,3.980,3.980,-59.449,-3522.000
3.790,3.791,3.799,3.795,3.792,3.792,3.795,3.978,3.976,3.978,3.973,3.978,3.978,3.982,-59.191,-3521.000
3.791,3.790,3.799,3.796,3.791,3.800,3.797,3.974,3.979,3.978,3.976,3.978,3.980,3.982,-59.216,-3520.000
3.794,3.793,3.788,3.796,3.797,3.794,3.800,3.977,3.974,3.976,3.983,3.979,3.977,3.978,-59.186,-3519.000
3.804,3.790,3.799,3.791,3.793,3.794,3.797,3.978,3.978,3.977,3.985,3.983,3.975,3.980,-59.369,-3518.000
3.797,3.793,3.793,3.794,3.795,3.793,3.797,3.980,3.976,3.977,3.979,3.975,3.980,3.985,-59.137,-3517.000
3.794,3.794,3.795,3.793,3.789,3.795,3.790,3.975,3.974,3.979,3.974,3.977,3.978,3.976,-59.164,-3516.000
3.787,3.793,3.793,3.787,3.791,3.797,3.791,3.979,3.975,3.981,3.979,3.983,3.978,3.974,-59.180,-3515.000
3.795,3.796,3.793,3.795,3.791,3.794,3.798,3.973,3.978,3.970,3.978,3.976,3.972,3.977,-59.182,-3514.000
3.791,3.790,3.793,3.793,3.794,3.796,3.792,3.980,3.976,3.974,3.975,3.973,3.976,3.980,-59.118,-3513.000
3.794,3.793,3.793,3.789,3.796,3.791,3.791,3.977,3.978,3.974,3.976,3.974,3.978,3.979,-58.974,-3512.000
3.800,3.790,3.794,3.794,3.794,3.794,3.792,3.979,3.984,3.981,3.978,3.974,3.970,3.974,-59.208,-3511.000
3.794,3.797,3.788,3.794,3.796,3.794,3.790,3.975,3.976,3.976,3.974,3.975,3.972,3.978,-59.065,-3510.000
3.794,3.796,3.795,3.796,3.802,3.791,3.793,3.977,3.977,3.980,3.972,3.977,3.980,3.981,-58.998,-3509.000
3.799,3.791,3.791,3.787,3.795,3.795,3.798,3.982,3.972,3.979,3.977,3.981,3.977,3.983,-59.062,-3508.000
3.792,3.795,3.792,3.795,3.793,3.788,3.790,3.973,3.978,3.976,3.976,3.978,3.977,3.976,-59.237,-3507.000
3.795,3.795,3.788,3.791,3.794,3.796,3.797,3.979,3.967,3.980,3.976,3.977,3.979,3.975,-58.994,-3506.000
3.786,3.795,3.796,3.794,3.795,3.792,3.796,3.976,3.973,3.973,3.979,3.974,3.977,3.970,-58.863,-3505.000
3.793,3.791,3.793,3.793,3.788,3.794,3.794,3.975,3.973,3.978,3.979,3.972,3.977,3.981,-58.802,-3504.000
3.793,3.795,3.792,3.794,3.791,3.793,3.789,3.974,3.970,3.974,3.976,3.971,3.977,3.974,-58.929,-3503.000
3.793,3.794,3.791,3.790,3.787,3.796,3.790,3.977,3.977,3.974,3.971,3.979,3.975,3.974,-58.948,-3502.000
3.789,3.793,3.791,3.793,3.787,3.791,3.794,3.979,3.986,3.980,3.981,3.980,3.974,3.973,-58.943,-3501.000
3.794,3.783,3.793,3.784,3.786,3.792,3.789,3.977,3.976,3.974,3.975,3.976,3.978,3.971,-58.754,-3500.000
3.788,3.794,3.790,3.791,3.793,3.794,3.787,3.977,3.979,3.978,3.975,3.972,3.969,3.971,-58.700,-3499.000
3.794,3.789,3.790,3.792,3.793,3.791,3.790,3.977,3.980,3.974,3.973,3.975,3.978,3.978,-58.701,-3498.000
3.788,3.792,3.795,3.789,3.795,3.789,3.787,3.975,3.977,3.970,3.974,3.970,3.971,3.978,-58.706,-3497.000
3.790,3.789,3.787,3.794,3.788,3.799,3.791,3.969,3.975,3.966,3.971,3.976,3.969,3.974,-59.048,-3496.000
3.797,3.790,3.794,3.792,3.793,3.790,3.790,3.975,3.969,3.973,3.975,3.973,3.972,3.973,-59.001,-3495.000
3.787,3.787,3.797,3.792,3.791,3.788,3.793,3.978,3.976,3.976,3.978,3.972,3.975,3.976,-58.960,-3494.000
3.789,3.798,3.785,3.793,3.789,3.789,3.788,3.976,3.976,3.975,3.974,3.973,3.974,3.974,-58.905,-3493.000
3.795,3.791,3.784,3.791,3.794,3.792,3.788,3.969,3.970,3.971,3.971,3.977,3.974,3.971,-59.222,-3492.000
3.792,3.788,3.792,3.793,3.795,3.788,3.790,3.976,3.979,3.974,3.975,3.973,3.973,3.976,-59.496,-3491.000
3.792,3.792,3.789,3.795,3.790,3.791,3.788,3.976,3.970,3.969,3.972,3.975,3.973,3.969,-59.418,-3490.000
3.798,3.793,3.787,3.790,3.793,3.792,3.789,3.974,3.975,3.977,3.974,3.978,3.971,3.974,-59.497,-3489.000
3.791,3.794,3.796,3.797,3.797,3.790,3.792,3.976,3.977,3.978,3.982,3.981,3.982,3.974,-59.615,-3488.000
3.789,3.798,3.795,3.797,3.790,3.798,3.790,3.970,3.971,3.977,3.977,3.978,3.974,3.972,-59.587,-3487.000
3.795,3.791,3.790,3.788,3.792,3.795,3.789,3.978,3.978,3.979,3.978,3.976,3.978,3.977,-59.358,-3486.000
3.798,3.794,3.787,3.789,3.786,3.789,3.795,3.972,3.975,3.975,3.975,3.977,3.980,3.974,-59.427,-3485.000
3.791,3.785,3.795,3.791,3.791,3.790,3.793,3.979,3.979,3.972,3.972,3.967,3.976,3.977,-59.337,-3484.000
3.797,3.786,3.787,3.789,3.790,3.791,3.789,3.975,3.976,3.972,3.982,3.969,3.974,3.976,-59.117,-3483.000
3.790,3.788,3.793,3.788,3.796,3.788,3.794,3.971,3.968,3.973,3.976,3.979,3.980,3.979,-59.229,-3482.000
3.790,3.790,3.791,3.788,3.798,3.786,3.794,3.974,3.976,3.977,3.976,3.972,3.973,3.975,-59.091,-3481.000
3.790,3.791,3.788,3.792,3.793,3.793,3.791,3.984,3.974,3.975,3.974,3.973,3.971,3.977,-59.117,-3480.000
3.793,3.791,3.789,3.797,3.788,3.789,3.791,3.976,3.976,3.972,3.970,3.974,3.976,3.973,-59.180,-3479.000
3.786,3.793,3.789,3.789,3.788,3.788,3.792,3.979,3.980,3.975,3.977,3.975,3.973,3.977,-59.195,-3478.000
3.792,3.793,3.790,3.787,3.784,3.793,3.790,3.971,3.972,3.970,3.977,3.974,3.973,3.977,-59.172,-3477.000
3.787,3.790,3.789,3.790,3.790,3.784,3.789,3.974,3.975,3.974,3.981,3.975,3.974,3.971,-59.403,-3476.000
3.793,3.785,3.788,3.789,3.794,3.788,3.790,3.969,3.968,3.974,3.973,3.972,3.975,3.976,-59.321,-3475.000
3.794,3.790,3.795,3.787,3.793,3.787,3.788,3.974,3.971,3.973,3.969,3.977,3.974,3.974,-58.985,-3474.000
3.787,3.788,3.789,3.785,3.786,3.789,3.790,3.971,3.962,3.973,3.968,3.971,3.980,3.977,-59.205,-3473.000
3.783,3.788,3.791,3.792,3.794,3.790,3.792,3.972,3.977,3.977,3.976,3.971,3.976,3.970,-59.293,-3472.000
3.789,3.785,3.790,3.785,3.788,3.788,3.788,3.977,3.968,3.970,3.969,3.968,3.971,3.973,-59.266,-3471.000
3.791,3.786,3.786,3.785,3.787,3.791,3.786,3.969,3.968,3.972,3.970,3.975,3.972,3.976,-59.294,-3470.000
3.785,3.789,3.787,3.791,3.791,3.791,3.785,3.968,3.973,3.972,3.970,3.969,3.972,3.965,-59.133,-3469.000
3.786,3.788,3.790,3.784,3.794,3.788,3.786,3.967,3.968,3.977,3.974,3.979,3.976,3.975,-59.159,-3468.000
3.781,3.785,3.790,3.784,3.785,3.788,3.788,3.971,3.973,3.966,3.966,3.972,3.974,3.976,-59.058,-3467.000
3.782,3.782,3.787,3.792,3.791,3.786,3.789,3.974,3.971,3.972,3.970,3.973,3.972,3.977,-58.890,-3466.000
3.793,3.786,3.787,3.785,3.782,3.784,3.789,3.970,3.970,3.972,3.973,3.974,3.968,3.974,-58.871,-3465.000
3.788,3.790,3.789,3.792,3.787,3.787,3.782,3.973,3.972,3.972,3.974,3.968,3.975,3.978,-59.009,-3464.000
3.785,3.785,3.786,3.791,3.787,3.791,3.785,3.973,3.974,3.980,3.976,3.974,3.974,3.973,-59.016,-3463.000
3.790,3.790,3.792,3.792,3.789,3.790,3.788,3.975,3.973,3.976,3.968,3.973,3.971,3.976,-58.787,-3462.000
3.786,3.789,3.789,3.798,3.790,3.790,3.785,3.978,3.982,3.979,3.980,3.972,3.975,3.978,-58.848,-3461.000
3.789,3.785,3.791,3.789,3.784,3.791,3.788,3.971,3.971,3.976,3.973,3.971,3.972,3.973,-58.780,-3460.000
3.792,3.783,3.791,3.784,3.787,3.785,3.788,3.970,3.973,3.973,3.969,3.974,3.969,3.978,-58.884,-3459.000
3.790,3.786,3.786,3.789,3.783,3.788,3.788,3.971,3.975,3.970,3.972,3.973,3.974,3.971,-58.946,-3458.000
3.786,3.785,3.791,3.788,3.784,3.786,3.790,3.967,3.968,3.967,3.965,3.968,3.970,3.969,-59.149,-3457.000
3.794,3.788,3.787,3.784,3.787,3.783,3.785,3.969,3.970,3.973,3.970,3.970,3.969,3.972,-59.172,-3456.000
3.790,3.786,3.780,3.787,3.789,3.780,3.788,3.971,3.963,3.957,3.968,3.966,3.968,3.969,-59.246,-3455.000
3.780,3.789,3.787,3.792,3.787,3.783,3.784,3.969,3.968,3.970,3.969,3.969,3.968,3.971,-59.318,-3454.000
3.786,3.785,3.789,3.792,3.783,3.784,3.785,3.971,3.964,3.968,3.967,3.967,3.966,3.961,-59.517,-3453.000
3.788,3.781,3.786,3.790,3.788,3.785,3.788,3.970,3.965,3.971,3.974,3.963,3.970,3.967,-59.130,-3452.000
3.783,3.784,3.786,3.787,3.785,3.788,3.783,3.964,3.972,3.976,3.964,3.965,3.968,3.971,-59.180,-3451.000
3.781,3.785,3.782,3.788,3.787,3.784,3.787,3.967,3.963,3.964,3.967,3.964,3.958,3.962,-59.457,-3450.000
3.782,3.787,3.784,3.788,3.781,3.781,3.785,3.968,3.971,3.965,3.973,3.968,3.966,3.967,-59.483,-3449.000
3.783,3.777,3.789,3.780,3.781,3.785,3.782,3.963,3.966,3.966,3.975,3.961,3.964,3.968,-59.595,-3448.000
3.784,3.786,3.783,3.784,3.783,3.781,3.789,3.965,3.961,3.965,3.966,3.967,3.967,3.964,-59.237,-3447.000
3.777,3.781,3.782,3.785,3.783,3.785,3.779,3.961,3.962,3.960,3.964,3.962,3.963,3.966,-59.288,-3446.000
3.783,3.787,3.781,3.781,3.789,3.784,3.782,3.972,3.970,3.963,3.960,3.969,3.971,3.971,-59.326,-3445.000
3.781,3.778,3.782,3.783,3.786,3.779,3.777,3.966,3.965,3.963,3.965,3.960,3.964,3.963,-59.485,-3444.000
3.778,3.780,3.780,3.783,3.780,3.786,3.779,3.968,3.961,3.961,3.962,3.963,3.966,3.960,-59.290,-3443.000
3.786,3.783,3.782,3.777,3.777,3.777,3.783,3.962,3.959,3.968,3.965,3.968,3.965,3.966,-59.423,-3442.000
3.778,3.780,3.782,3.784,3.785,3.778,3.786,3.964,3.964,3.964,3.971,3.964,3.966,3.970,-59.394,-3441.000
3.779,3.784,3.785,3.786,3.784,3.784,3.780,3.968,3.964,3.965,3.965,3.966,3.965,3.962,-59.135,-3440.000
3.781,3.779,3.782,3.783,3.784,3.777,3.780,3.965,3.966,3.967,3.967,3.969,3.969,3.969,-59.377,-3439.000
3.779,3.780,3.782,3.785,3.777,3.783,3.783,3.965,3.965,3.962,3.961,3.966,3.966,3.964,-59.099,-3438.000
3.776,3.781,3.783,3.782,3.786,3.780,3.779,3.971,3.966,3.969,3.965,3.968,3.963,3.966,-59.010,-3437.000
3.777,3.783,3.778,3.777,3.783,3.776,3.782,3.962,3.965,3.963,3.965,3.963,3.962,3.966,-58.919,-3436.000
3.781,3.783,3.781,3.782,3.780,3.783,3.776,3.967,3.963,3.968,3.967,3.968,3.969,3.969,-59.064,-3435.000
3.779,3.780,3.780,3.776,3.781,3.781,3.778,3.970,3.964,3.960,3.965,3.968,3.965,3.966,-58.977,-3434.000
3.776,3.778,3.781,3.779,3.780,3.776,3.775,3.965,3.965,3.964,3.963,3.967,3.969,3.965,-58.968,-3433.000
3.779,3.777,3.777,3.775,3.775,3.777,3.774,3.964,3.964,3.963,3.961,3.961,3.964,3.956,-58.972,-3432.000
3.779,3.774,3.779,3.778,3.779,3.785,3.784,3.961,3.960,3.964,3.966,3.962,3.966,3.965,-58.989,-3431.000
3.778,3.777,3.784,3.774,3.779,3.773,3.777,3.964,3.964,3.966,3.969,3.966,3.967,3.967,-59.050,-3430.000
3.784,3.783,3.779,3.781,3.780,3.778,3.778,3.965,3.966,3.958,3.965,3.962,3.969,3.958,-59.124,-3429.000
3.779,3.777,3.773,3.780,3.776,3.777,3.781,3.957,3.967,3.963,3.963,3.960,3.963,3.965,-58.997,-3428.000
3.774,3.777,3.777,3.778,3.777,3.780,3.777,3.969,3.964,3.970,3.967,3.964,3.963,3.964,-58.955,-3427.000
3.782,3.776,3.776,3.778,3.778,3.783,3.780,3.958,3.964,3.963,3.968,3.956,3.959,3.962,-59.294,-3426.000
3.777,3.780,3.779,3.777,3.781,3.777,3.775,3.963,3.973,3.963,3.957,3.960,3.965,3.964,-59.089,-3425.000
3.779,3.780,3.779,3.783,3.780,3.777,3.779,3.961,3.963,3.958,3.961,3.956,3.963,3.964,-59.137,-3424.000
3.771,3.781,3.778,3.779,3.777,3.773,3.778,3.969,3.964,3.966,3.961,3.965,3.964,3.963,-59.244,-3423.000
3.778,3.778,3.780,3.778,3.778,3.778,3.778,3.965,3.959,3.961,3.964,3.965,3.963,3.961,-58.899,-3422.000
3.777,3.783,3.771,3.775,3.776,3.782,3.778,3.962,3.960,3.958,3.963,3.961,3.961,3.966,-58.925,-3421.000
3.779,3.781,3.774,3.780,3.776,3.778,3.777,3.962,3.965,3.966,3.957,3.958,3.964,3.964,-59.069,-3420.000
3.778,3.779,3.780,3.781,3.782,3.776,3.777,3.958,3.965,3.958,3.966,3.965,3.961,3.961,-59.118,-3419.000
3.777,3.777,3.775,3.774,3.775,3.779,3.776,3.963,3.963,3.959,3.966,3.964,3.962,3.957,-59.149,-3418.000
3.774,3.780,3.781,3.778,3.778,3.773,3.780,3.960,3.962,3.961,3.965,3.963,3.956,3.960,-59.162,-3417.000
3.780,3.777,3.778,3.773,3.776,3.772,3.778,3.959,3.963,3.961,3.960,3.958,3.964,3.962,-59.139,-3416.000
3.777,3.775,3.770,3.779,3.782,3.780,3.783,3.968,3.958,3.963,3.958,3.960,3.963,3.967,-59.283,-3415.000
3.777,3.782,3.779,3.774,3.774,3.782,3.780,3.957,3.962,3.967,3.957,3.959,3.957,3.968,-59.335,-3414.000
3.777,3.776,3.775,3.779,3.771,3.777,3.778,3.957,3.962,3.959,3.961,3.957,3.957,3.962,-59.395,-3413.000
3.776,3.778,3.773,3.780,3.778,3.779,3.775,3.962,3.960,3.965,3.965,3.965,3.964,3.964,-59.225,-3412.000
3.774,3.782,3.774,3.781,3.772,3.779,3.776,3.965,3.961,3.962,3.960,3.965,3.965,3.959,-58.815,-3411.000
3.777,3.777,3.780,3.778,3.782,3.785,3.782,3.959,3.965,3.959,3.958,3.961,3.960,3.961,-58.955,-3410.000
3.782,3.778,3.773,3.780,3.780,3.775,3.782,3.971,3.967,3.960,3.960,3.963,3.965,3.958,-58.893,-3409.000
3.777,3.775,3.778,3.779,3.779,3.781,3.784,3.965,3.954,3.964,3.956,3.961,3.961,3.964,-58.947,-3408.000
3.781,3.779,3.775,3.781,3.780,3.778,3.777,3.960,3.963,3.964,3.963,3.964,3.968,3.963,-59.050,-3407.000
3.777,3.775,3.779,3.772,3.778,3.773,3.780,3.966,3.959,3.958,3.962,3.965,3.965,3.960,-59.137,-3406.000
3.773,3.780,3.774,3.778,3.778,3.779,3.780,3.966,3.961,3.962,3.964,3.960,3.960,3.968,-59.048,-3405.000
3.780,3.780,3.774,3.775,3.778,3.772,3.777,3.964,3.968,3.964,3.959,3.958,3.962,3.966,-59.031,-3404.000
3.779,3.776,3.777,3.776,3.776,3.774,3.779,3.962,3.963,3.962,3.962,3.966,3.965,3.964,-59.199,-3403.000
3.776,3.781,3.780,3.781,3.775,3.778,3.775,3.965,3.963,3.967,3.965,3.966,3.970,3.963,-59.253,-3402.000
3.773,3.782,3.773,3.782,3.779,3.773,3.775,3.971,3.968,3.965,3.958,3.957,3.961,3.965,-59.349,-3401.000
3.773,3.778,3.777,3.774,3.776,3.775,3.776,3.967,3.959,3.953,3.960,3.963,3.968,3.962,-59.304,-3400.000
3.767,3.776,3.774,3.776,3.779,3.779,3.778,3.961,3.968,3.962,3.964,3.964,3.966,3.964,-59.081,-3399.000
3.776,3.771,3.782,3.771,3.770,3.773,3.775,3.968,3.962,3.964,3.963,3.967,3.969,3.966,-59.068,-3398.000
3.776,3.769,3.770,3.765,3.770,3.768,3.774,3.966,3.968,3.961,3.974,3.963,3.968,3.960,-59.031,-3397.000
3.774,3.768,3.772,3.768,3.775,3.770,3.774,3.965,3.964,3.964,3.968,3.965,3.959,3.962,-59.046,-3396.000
3.769,3.772,3.769,3.772,3.769,3.773,3.772,3.968,3.963,3.958,3.964,3.961,3.960,3.963,-59.129,-3395.000
3.769,3.768,3.767,3.771,3.774,3.769,3.772,3.964,3.960,3.964,3.958,3.963,3.963,3.961,-59.332,-3394.000
3.763,3.764,3.766,3.762,3.770,3.772,3.765,3.963,3.961,3.958,3.958,3.961,3.963,3.964,-59.266,-3393.000
3.763,3.763,3.759,3.770,3.757,3.767,3.760,3.964,3.961,3.962,3.957,3.959,3.960,3.959,-59.160,-3392.000
3.761,3.762,3.765,3.758,3.764,3.755,3.759,3.959,3.963,3.964,3.958,3.958,3.958,3.964,-59.193,-3391.000
3.764,3.761,3.761,3.762,3.762,3.765,3.768,3.955,3.958,3.960,3.962,3.960,3.961,3.959,-59.278,-3390.000
3.764,3.764,3.758,3.762,3.769,3.766,3.758,3.964,3.959,3.961,3.959,3.964,3.961,3.961,-59.357,-3389.000
3.765,3.758,3.767,3.765,3.758,3.765,3.757,3.962,3.958,3.960,3.965,3.957,3.958,3.963,-59.344,-3388.000
3.762,3.761,3.764,3.766,3.767,3.760,3.765,3.960,3.958,3.956,3.962,3.953,3.958,3.957,-59.055,-3387.000
3.762,3.761,3.766,3.764,3.764,3.762,3.771,3.958,3.965,3.957,3.961,3.960,3.963,3.957,-58.791,-3386.000
3.766,3.766,3.762,3.767,3.763,3.761,3.766,3.954,3.962,3.961,3.952,3.962,3.961,3.963,-58.846,-3385.000
3.763,3.764,3.763,3.761,3.768,3.762,3.764,3.954,3.958,3.958,3.959,3.961,3.961,3.959,-59.139,-3384.000
3.764,3.765,3.763,3.767,3.758,3.767,3.763,3.956,3.957,3.964,3.961,3.966,3.953,3.961,-59.024,-3383.000
3.761,3.765,3.765,3.764,3.767,3.766,3.762,3.957,3.957,3.961,3.961,3.959,3.956,3.963,-58.942,-3382.000
3.760,3.767,3.757,3.768,3.761,3.767,3.765,3.953,3.954,3.957,3.959,3.959,3.954,3.958,-59.315,-3381.000
3.767,3.759,3.772,3.762,3.768,3.757,3.767,3.957,3.956,3.959,3.953,3.959,3.960,3.957,-59.161,-3380.000
3.764,3.763,3.766,3.760,3.757,3.760,3.764,3.957,3.963,3.959,3.959,3.953,3.958,3.951,-59.094,-3379.000
3.761,3.761,3.765,3.761,3.763,3.767,3.763,3.958,3.959,3.954,3.956,3.957,3.956,3.957,-59.060,-3378.000
3.768,3.758,3.765,3.767,3.765,3.763,3.763,3.957,3.952,3.956,3.952,3.954,3.958,3.959,-59.312,-3377.000
3.764,3.768,3.766,3.766,3.769,3.766,3.768,3.953,3.956,3.953,3.953,3.952,3.954,3.949,-59.112,-3376.000
3.769,3.766,3.767,3.768,3.768,3.767,3.766,3.953,3.951,3.959,3.952,3.954,3.956,3.953,-59.171,-3375.000
3.765,3.766,3.768,3.768,3.764,3.762,3.768,3.957,3.955,3.953,3.953,3.953,3.953,3.957,-59.383,-3374.000
3.766,3.770,3.762,3.772,3.765,3.767,3.766,3.954,3.960,3.961,3.955,3.954,3.958,3.955,-59.113,-3373.000
3.769,3.768,3.768,3.766,3.772,3.766,3.771,3.953,3.958,3.954,3.954,3.954,3.957,3.952,-59.205,-3372.000
3.770,3.772,3.772,3.763,3.771,3.768,3.768,3.955,3.955,3.949,3.956,3.952,3.952,3.957,-59.219,-3371.000
3.769,3.770,3.769,3.772,3.765,3.770,3.769,3.960,3.955,3.954,3.958,3.952,3.955,3.955,-59.121,-3370.000
3.770,3.767,3.772,3.763,3.772,3.767,3.765,3.955,3.953,3.959,3.959,3.958,3.955,3.956,-59.034,-3369.000
3.773,3.774,3.774,3.766,3.766,3.771,3.770,3.958,3.956,3.958,3.955,3.958,3.956,3.961,-59.037,-3368.000
3.767,3.766,3.772,3.768,3.767,3.768,3.772,3.948,3.958,3.954,3.952,3.962,3.960,3.959,-58.944,-3367.000
3.769,3.769,3.764,3.768,3.769,3.769,3.768,3.961,3.954,3.948,3.957,3.951,3.959,3.952,-59.172,-3366.000
3.765,3.771,3.764,3.773,3.766,3.777,3.764,3.954,3.956,3.951,3.957,3.954,3.950,3.962,-58.957,-3365.000
3.769,3.767,3.768,3.764,3.772,3.770,3.768,3.953,3.949,3.956,3.956,3.958,3.956,3.958,-58.948,-3364.000
3.769,3.776,3.766,3.768,3.768,3.768,3.764,3.955,3.955,3.951,3.956,3.954,3.945,3.958,-58.775,-3363.000
3.772,3.764,3.769,3.764,3.767,3.769,3.767,3.953,3.957,3.954,3.952,3.955,3.955,3.955,-58.783,-3362.000
3.762,3.764,3.765,3.765,3.766,3.767,3.767,3.949,3.953,3.954,3.958,3.953,3.953,3.959,-58.210,-3361.000
3.767,3.771,3.767,3.763,3.768,3.764,3.764,3.960,3.954,3.960,3.956,3.958,3.955,3.951,-57.469,-3360.000
3.768,3.768,3.770,3.768,3.765,3.767,3.770,3.957,3.961,3.957,3.954,3.956,3.949,3.950,-57.659,-3359.000
3.771,3.765,3.768,3.763,3.767,3.767,3.764,3.949,3.952,3.960,3.954,3.951,3.962,3.958,-58.042,-3358.000
3.768,3.763,3.758,3.765,3.762,3.765,3.771,3.953,3.953,3.952,3.957,3.951,3.949,3.958,-58.554,-3357.000
3.768,3.768,3.764,3.767,3.764,3.765,3.765,3.951,3.952,3.952,3.959,3.954,3.953,3.958,-58.656,-3356.000
3.766,3.766,3.771,3.769,3.764,3.774,3.764,3.957,3.958,3.954,3.956,3.953,3.956,3.951,-58.822,-3355.000
3.762,3.768,3.762,3.765,3.765,3.762,3.766,3.957,3.958,3.955,3.950,3.950,3.951,3.951,-59.049,-3354.000
3.764,3.767,3.764,3.765,3.767,3.765,3.767,3.956,3.955,3.948,3.954,3.957,3.958,3.960,-58.914,-3353.000
3.769,3.765,3.770,3.768,3.772,3.770,3.764,3.956,3.964,3.950,3.957,3.952,3.956,3.953,-59.079,-3352.000
3.763,3.770,3.768,3.767,3.766,3.771,3.770,3.951,3.959,3.961,3.960,3.958,3.958,3.948,-59.029,-3351.000
3.773,3.771,3.766,3.767,3.766,3.770,3.767,3.953,3.957,3.947,3.953,3.957,3.959,3.954,-59.088,-3350.000
3.764,3.766,3.768,3.769,3.774,3.778,3.766,3.953,3.950,3.955,3.956,3.958,3.950,3.962,-59.248,-3349.000
3.764,3.768,3.767,3.770,3.768,3.767,3.772,3.950,3.953,3.955,3.952,3.949,3.943,3.953,-59.024,-3348.000
3.766,3.761,3.770,3.769,3.766,3.766,3.765,3.948,3.950,3.956,3.949,3.955,3.948,3.946,-58.957,-3347.000
3.766,3.765,3.767,3.767,3.772,3.769,3.765,3.952,3.956,3.953,3.951,3.954,3.942,3.947,-58.949,-3346.000
3.761,3.774,3.767,3.771,3.767,3.763,3.770,3.953,3.946,3.947,3.948,3.954,3.947,3.948,-59.134,-3345.000
3.769,3.769,3.768,3.766,3.766,3.764,3.765,3.948,3.950,3.946,3.949,3.950,3.950,3.957,-59.200,-3344.000
3.761,3.767,3.762,3.767,3.764,3.769,3.762,3.949,3.947,3.951,3.948,3.950,3.953,3.950,-58.966,-3343.000
3.764,3.768,3.767,3.771,3.771,3.770,3.763,3.947,3.949,3.949,3.945,3.950,3.959,3.955,-58.993,-3342.000
3.761,3.762,3.768,3.766,3.770,3.767,3.762,3.953,3.955,3.957,3.955,3.957,3.951,3.950,-59.087,-3341.000
3.764,3.766,3.769,3.764,3.768,3.761,3.763,3.948,3.950,3.950,3.955,3.951,3.947,3.947,-59.120,-3340.000
3.762,3.762,3.765,3.765,3.766,3.768,3.766,3.949,3.946,3.949,3.952,3.951,3.947,3.953,-58.924,-3339.000
3.763,3.763,3.766,3.766,3.760,3.767,3.766,3.944,3.952,3.954,3.956,3.953,3.946,3.948,-58.892,-3338.000
3.764,3.764,3.765,3.760,3.765,3.762,3.766,3.951,3.948,3.948,3.953,3.953,3.948,3.950,-59.024,-3337.000
3.764,3.761,3.763,3.762,3.767,3.763,3.763,3.948,3.947,3.948,3.951,3.951,3.949,3.951,-58.842,-3336.000
3.763,3.758,3.767,3.765,3.760,3.769,3.765,3.944,3.950,3.946,3.948,3.944,3.941,3.952,-58.951,-3335.000
3.765,3.771,3.765,3.767,3.763,3.773,3.766,3.944,3.952,3.947,3.948,3.946,3.948,3.946,-58.914,-3334.000
3.767,3.767,3.759,3.770,3.761,3.765,3.769,3.947,3.953,3.947,3.944,3.944,3.944,3.948,-59.015,-3333.000
3.765,3.762,3.767,3.765,3.768,3.762,3.763,3.947,3.950,3.949,3.951,3.950,3.947,3.950,-58.864,-3332.000
3.762,3.765,3.763,3.762,3.765,3.760,3.765,3.950,3.946,3.945,3.944,3.953,3.946,3.950,-58.815,-3331.000
3.763,3.756,3.759,3.763,3.763,3.763,3.765,3.949,3.950,3.948,3.943,3.946,3.949,3.947,-58.965,-3330.000
3.768,3.764,3.768,3.765,3.768,3.767,3.757,3.950,3.951,3.950,3.947,3.949,3.946,3.948,-59.026,-3329.000
3.764,3.766,3.762,3.765,3.763,3.764,3.769,3.941,3.948,3.949,3.944,3.954,3.946,3.948,-59.046,-3328.000
3.759,3.765,3.766,3.764,3.763,3.762,3.772,3.950,3.946,3.945,3.945,3.954,3.957,3.949,-59.064,-3327.000
3.766,3.759,3.766,3.763,3.767,3.759,3.764,3.945,3.952,3.948,3.943,3.946,3.950,3.948,-59.048,-3326.000
3.764,3.766,3.760,3.755,3.759,3.762,3.755,3.947,3.951,3.945,3.947,3.948,3.946,3.950,-59.118,-3325.000
3.766,3.763,3.764,3.760,3.761,3.758,3.759,3.949,3.945,3.954,3.952,3.950,3.945,3.946,-59.318,-3324.000
3.763,3.766,3.766,3.762,3.766,3.764,3.759,3.949,3.953,3.948,3.958,3.953,3.949,3.949,-59.399,-3323.000
3.758,3.765,3.763,3.765,3.760,3.767,3.760,3.943,3.945,3.953,3.948,3.944,3.948,3.946,-59.251,-3322.000
3.767,3.765,3.760,3.761,3.759,3.765,3.762,3.944,3.950,3.938,3.948,3.952,3.944,3.953,-59.011,-3321.000
3.763,3.766,3.765,3.762,3.766,3.768,3.765,3.956,3.944,3.946,3.953,3.943,3.951,3.952,-59.056,-3320.000
3.764,3.766,3.766,3.758,3.760,3.762,3.765,3.953,3.946,3.951,3.951,3.952,3.943,3.949,-59.058,-3319.000
3.769,3.764,3.769,3.762,3.765,3.760,3.766,3.953,3.950,3.952,3.945,3.949,3.947,3.954,-59.195,-3318.000
3.762,3.759,3.757,3.764,3.762,3.771,3.765,3.942,3.949,3.956,3.948,3.945,3.947,3.949,-59.511,-3317.000
3.764,3.768,3.762,3.770,3.757,3.768,3.757,3.941,3.947,3.944,3.944,3.947,3.954,3.949,-59.391,-3316.000
3.764,3.761,3.761,3.766,3.769,3.763,3.763,3.949,3.946,3.953,3.953,3.945,3.950,3.945,-59.391,-3315.000
3.766,3.762,3.762,3.757,3.762,3.764,3.757,3.946,3.943,3.950,3.944,3.952,3.951,3.953,-59.517,-3314.000
3.763,3.760,3.765,3.761,3.766,3.757,3.761,3.947,3.945,3.948,3.946,3.953,3.951,3.947,-59.320,-3313.000
3.761,3.763,3.759,3.763,3.758,3.765,3.760,3.946,3.948,3.950,3.946,3.948,3.945,3.948,-59.216,-3312.000
3.758,3.767,3.761,3.758,3.761,3.760,3.762,3.947,3.949,3.953,3.949,3.949,3.948,3.948,-59.383,-3311.000
3.760,3.753,3.761,3.756,3.760,3.760,3.757,3.944,3.947,3.946,3.951,3.946,3.945,3.942,-59.281,-3310.000
3.764,3.760,3.756,3.762,3.756,3.753,3.758,3.947,3.944,3.950,3.945,3.948,3.952,3.945,-59.262,-3309.000
3.759,3.763,3.760,3.755,3.765,3.761,3.760,3.946,3.944,3.951,3.945,3.940,3.945,3.944,-59.342,-3308.000
3.763,3.758,3.758,3.748,3.760,3.753,3.760,3.941,3.946,3.942,3.945,3.945,3.939,3.950,-59.298,-3307.000
3.756,3.758,3.756,3.753,3.754,3.763,3.756,3.946,3.944,3.939,3.944,3.940,3.945,3.940,-59.368,-3306.000
3.756,3.757,3.761,3.757,3.755,3.755,3.754,3.944,3.947,3.946,3.939,3.948,3.946,3.942,-59.292,-3305.000
3.754,3.759,3.749,3.756,3.748,3.757,3.757,3.941,3.940,3.941,3.943,3.940,3.935,3.937,-59.227,-3304.000
3.756,3.760,3.756,3.753,3.756,3.755,3.759,3.947,3.945,3.943,3.941,3.945,3.942,3.941,-59.214,-3303.000
3.758,3.755,3.755,3.762,3.755,3.759,3.759,3.944,3.941,3.947,3.949,3.944,3.944,3.944,-59.072,-3302.000
3.753,3.756,3.757,3.759,3.759,3.759,3.755,3.942,3.942,3.947,3.943,3.944,3.941,3.943,-59.072,-3301.000
3.755,3.759,3.760,3.753,3.754,3.754,3.756,3.935,3.940,3.944,3.941,3.951,3.944,3.944,-59.085,-3300.000
3.762,3.757,3.754,3.760,3.755,3.756,3.752,3.940,3.944,3.944,3.948,3.946,3.942,3.944,-59.135,-3299.000
3.757,3.756,3.755,3.759,3.760,3.753,3.752,3.945,3.941,3.940,3.946,3.943,3.943,3.945,-59.016,-3298.000
3.756,3.753,3.754,3.759,3.750,3.757,3.752,3.945,3.939,3.940,3.943,3.941,3.942,3.947,-59.184,-3297.000
3.753,3.758,3.750,3.757,3.754,3.756,3.752,3.948,3.942,3.938,3.943,3.940,3.942,3.935,-59.146,-3296.000
3.761,3.759,3.757,3.757,3.754,3.753,3.755,3.950,3.943,3.949,3.942,3.944,3.944,3.942,-59.250,-3295.000
3.755,3.753,3.751,3.758,3.756,3.760,3.754,3.943,3.947,3.944,3.944,3.943,3.940,3.942,-59.086,-3294.000
3.752,3.753,3.758,3.753,3.754,3.753,3.755,3.934,3.945,3.939,3.942,3.943,3.943,3.940,-59.114,-3293.000
3.748,3.751,3.755,3.752,3.755,3.749,3.751,3.937,3.938,3.948,3.941,3.944,3.939,3.939,-59.100,-3292.000
3.750,3.751,3.756,3.755,3.747,3.747,3.748,3.942,3.945,3.943,3.946,3.942,3.935,3.943,-59.268,-3291.000
3.751,3.755,3.751,3.752,3.749,3.755,3.743,3.944,3.943,3.942,3.940,3.942,3.935,3.943,-59.151,-3290.000
3.749,3.754,3.747,3.754,3.746,3.752,3.747,3.947,3.944,3.948,3.939,3.939,3.940,3.944,-58.915,-3289.000
3.753,3.754,3.755,3.752,3.756,3.754,3.753,3.941,3.943,3.940,3.942,3.944,3.937,3.937,-59.077,-3288.000
3.750,3.750,3.745,3.745,3.753,3.748,3.748,3.939,3.933,3.944,3.944,3.942,3.938,3.943,-58.892,-3287.000
3.751,3.749,3.753,3.752,3.753,3.750,3.751,3.938,3.938,3.939,3.939,3.941,3.939,3.941,-59.093,-3286.000
3.751,3.751,3.754,3.749,3.750,3.751,3.751,3.933,3.943,3.941,3.940,3.941,3.942,3.938,-59.123,-3285.000
3.755,3.755,3.749,3.751,3.752,3.753,3.745,3.942,3.948,3.939,3.937,3.947,3.938,3.934,-59.043,-3284.000
3.748,3.753,3.754,3.751,3.753,3.749,3.755,3.941,3.938,3.941,3.943,3.937,3.940,3.944,-58.903,-3283.000
3.750,3.752,3.754,3.750,3.752,3.753,3.750,3.937,3.941,3.938,3.935,3.940,3.938,3.948,-59.037,-3282.000
3.754,3.748,3.755,3.747,3.755,3.749,3.753,3.940,3.944,3.941,3.936,3.941,3.936,3.939,-58.791,-3281.000
3.755,3.753,3.751,3.753,3.754,3.751,3.750,3.947,3.942,3.939,3.939,3.943,3.936,3.942,-58.785,-3280.000
3.751,3.755,3.752,3.753,3.756,3.752,3.750,3.940,3.940,3.940,3.943,3.939,3.944,3.942,-59.041,-3279.000
3.754,3.752,3.755,3.753,3.753,3.755,3.754,3.938,3.936,3.940,3.939,3.934,3.941,3.943,-59.065,-3278.000
3.752,3.757,3.752,3.761,3.752,3.756,3.753,3.945,3.939,3.941,3.937,3.936,3.934,3.941,-59.061,-3277.000
3.750,3.752,3.759,3.754,3.755,3.756,3.754,3.940,3.938,3.940,3.934,3.939,3.942,3.945,-59.118,-3276.000
3.746,3.753,3.755,3.754,3.757,3.752,3.755,3.943,3.943,3.941,3.938,3.935,3.939,3.947,-59.261,-3275.000
3.750,3.762,3.750,3.751,3.748,3.753,3.752,3.936,3.939,3.934,3.939,3.944,3.941,3.938,-59.302,-3274.000
3.752,3.755,3.755,3.754,3.758,3.760,3.757,3.944,3.939,3.939,3.933,3.936,3.940,3.934,-59.157,-3273.000
3.755,3.758,3.752,3.754,3.756,3.762,3.750,3.943,3.943,3.945,3.947,3.948,3.945,3.936,-59.061,-3272.000
3.753,3.757,3.758,3.759,3.752,3.755,3.755,3.942,3.940,3.938,3.937,3.940,3.940,3.942,-58.903,-3271.000
3.754,3.753,3.756,3.756,3.756,3.752,3.758,3.938,3.940,3.939,3.941,3.933,3.937,3.940,-59.036,-3270.000
3.755,3.753,3.755,3.754,3.755,3.752,3.757,3.935,3.942,3.935,3.943,3.943,3.944,3.941,-59.087,-3269.000
3.757,3.758,3.755,3.756,3.756,3.756,3.758,3.940,3.938,3.938,3.938,3.941,3.939,3.939,-59.096,-3268.000
3.757,3.757,3.756,3.753,3.755,3.756,3.758,3.937,3.938,3.936,3.943,3.945,3.937,3.937,-59.182,-3267.000
3.757,3.752,3.752,3.760,3.755,3.748,3.760,3.937,3.936,3.940,3.938,3.941,3.938,3.939,-59.051,-3266.000
3.755,3.755,3.760,3.752,3.754,3.758,3.755,3.937,3.937,3.942,3.942,3.940,3.939,3.940,-59.106,-3265.000
3.759,3.752,3.752,3.758,3.758,3.755,3.752,3.939,3.932,3.939,3.939,3.941,3.941,3.944,-59.173,-3264.000
3.754,3.754,3.759,3.759,3.754,3.757,3.752,3.941,3.940,3.935,3.939,3.942,3.938,3.940,-58.941,-3263.000
3.751,3.759,3.751,3.762,3.750,3.755,3.751,3.941,3.942,3.933,3.939,3.937,3.935,3.939,-59.157,-3262.000
3.757,3.760,3.754,3.755,3.758,3.756,3.753,3.937,3.940,3.947,3.940,3.936,3.938,3.944,-59.162,-3261.000
3.757,3.756,3.751,3.758,3.755,3.759,3.756,3.942,3.941,3.938,3.937,3.938,3.942,3.935,-59.069,-3260.000
3.753,3.754,3.757,3.755,3.752,3.757,3.751,3.935,3.939,3.935,3.939,3.940,3.935,3.935,-59.176,-3259.000
3.751,3.753,3.754,3.757,3.753,3.755,3.754,3.931,3.936,3.939,3.936,3.936,3.940,3.940,-59.331,-3258.000
3.758,3.759,3.758,3.754,3.755,3.758,3.756,3.939,3.935,3.941,3.934,3.938,3.939,3.941,-59.341,-3257.000
3.753,3.755,3.756,3.753,3.755,3.757,3.751,3.940,3.937,3.937,3.931,3.933,3.933,3.934,-59.016,-3256.000
3.759,3.747,3.758,3.749,3.752,3.757,3.755,3.937,3.944,3.938,3.931,3.936,3.940,3.942,-59.109,-3255.000
3.750,3.749,3.757,3.755,3.759,3.756,3.749,3.933,3.938,3.936,3.936,3.936,3.936,3.939,-59.114,-3254.000
3.753,3.748,3.758,3.755,3.750,3.751,3.753,3.945,3.932,3.934,3.933,3.931,3.944,3.935,-58.949,-3253.000
3.754,3.753,3.749,3.753,3.753,3.752,3.755,3.935,3.941,3.931,3.934,3.933,3.934,3.934,-59.028,-3252.000
3.755,3.750,3.750,3.750,3.754,3.752,3.758,3.938,3.941,3.938,3.937,3.938,3.936,3.932,-58.807,-3251.000
3.755,3.752,3.751,3.753,3.755,3.755,3.751,3.932,3.941,3.934,3.934,3.942,3.938,3.932,-58.892,-3250.000
3.750,3.751,3.749,3.753,3.750,3.751,3.753,3.931,3.933,3.934,3.938,3.938,3.938,3.938,-58.884,-3249.000
3.756,3.758,3.755,3.751,3.751,3.748,3.752,3.936,3.936,3.943,3.940,3.940,3.936,3.934,-58.970,-3248.000
3.750,3.752,3.756,3.752,3.749,3.747,3.751,3.936,3.942,3.941,3.940,3.934,3.935,3.938,-58.838,-3247.000
3.759,3.751,3.756,3.758,3.755,3.743,3.757,3.937,3.936,3.936,3.933,3.940,3.937,3.937,-58.782,-3246.000
3.752,3.755,3.752,3.756,3.753,3.753,3.759,3.940,3.939,3.937,3.936,3.937,3.939,3.936,-58.754,-3245.000
3.753,3.758,3.754,3.752,3.754,3.756,3.755,3.939,3.942,3.937,3.937,3.940,3.936,3.939,-58.851,-3244.000
3.756,3.750,3.753,3.755,3.751,3.755,3.753,3.937,3.938,3.940,3.941,3.938,3.946,3.931,-58.717,-3243.000
3.755,3.758,3.752,3.760,3.757,3.751,3.756,3.937,3.934,3.939,3.939,3.938,3.940,3.938,-58.744,-3242.000
3.754,3.755,3.759,3.749,3.752,3.756,3.758,3.946,3.942,3.940,3.937,3.941,3.940,3.938,-58.664,-3241.000
3.754,3.756,3.754,3.759,3.753,3.755,3.758,3.938,3.935,3.939,3.938,3.936,3.937,3.944,-58.800,-3240.000
3.747,3.753,3.752,3.758,3.755,3.756,3.758,3.933,3.941,3.939,3.938,3.942,3.940,3.939,-58.688,-3239.000
3.750,3.754,3.757,3.756,3.754,3.756,3.755,3.937,3.945,3.936,3.934,3.933,3.939,3.942,-58.735,-3238.000
3.759,3.755,3.759,3.757,3.760,3.753,3.752,3.942,3.943,3.940,3.937,3.945,3.935,3.936,-58.746,-3237.000
3.752,3.756,3.753,3.758,3.743,3.757,3.755,3.941,3.933,3.946,3.934,3.941,3.937,3.937,-58.927,-3236.000
3.756,3.755,3.752,3.755,3.753,3.755,3.754,3.937,3.937,3.937,3.936,3.931,3.936,3.936,-58.955,-3235.000
3.753,3.753,3.755,3.755,3.754,3.756,3.753,3.933,3.936,3.938,3.935,3.934,3.932,3.939,-58.830,-3234.000
3.752,3.750,3.750,3.751,3.755,3.755,3.746,3.932,3.935,3.939,3.932,3.934,3.939,3.931,-58.891,-3233.000
3.756,3.754,3.751,3.755,3.748,3.754,3.748,3.934,3.930,3.930,3.938,3.933,3.933,3.936,-58.795,-3232.000
3.751,3.754,3.752,3.749,3.755,3.755,3.755,3.933,3.938,3.934,3.940,3.937,3.937,3.933,-58.069,-3231.000
3.748,3.752,3.753,3.755,3.754,3.752,3.755,3.937,3.936,3.934,3.934,3.940,3.941,3.938,-57.083,-3230.000
3.751,3.748,3.757,3.749,3.753,3.747,3.749,3.933,3.936,3.942,3.937,3.933,3.934,3.937,-57.442,-3229.000
3.758,3.756,3.755,3.751,3.754,3.755,3.746,3.936,3.934,3.937,3.941,3.941,3.937,3.934,-57.793,-3228.000
3.757,3.758,3.755,3.756,3.755,3.750,3.759,3.939,3.939,3.933,3.930,3.934,3.940,3.943,-58.113,-3227.000
3.755,3.754,3.753,3.755,3.753,3.753,3.759,3.935,3.933,3.933,3.940,3.937,3.940,3.941,-58.497,-3226.000
3.754,3.751,3.751,3.755,3.753,3.752,3.751,3.939,3.937,3.935,3.938,3.939,3.933,3.945,-58.465,-3225.000
3.757,3.759,3.753,3.752,3.752,3.754,3.756,3.938,3.935,3.935,3.930,3.929,3.930,3.939,-58.504,-3224.000
3.754,3.750,3.759,3.750,3.753,3.754,3.752,3.938,3.935,3.934,3.941,3.937,3.934,3.935,-58.613,-3223.000
3.758,3.758,3.753,3.753,3.756,3.758,3.755,3.940,3.939,3.938,3.941,3.940,3.939,3.939,-58.778,-3222.000
3.755,3.751,3.756,3.750,3.754,3.749,3.755,3.930,3.939,3.940,3.937,3.940,3.939,3.940,-58.914,-3221.000
3.751,3.755,3.750,3.747,3.752,3.752,3.757,3.938,3.939,3.936,3.934,3.935,3.940,3.936,-58.749,-3220.000
3.752,3.753,3.757,3.754,3.754,3.746,3.751,3.940,3.941,3.934,3.941,3.938,3.938,3.934,-58.776,-3219.000
3.753,3.756,3.754,3.755,3.759,3.748,3.753,3.934,3.936,3.934,3.937,3.939,3.939,3.943,-58.970,-3218.000
3.751,3.753,3.759,3.753,3.753,3.756,3.755,3.935,3.938,3.939,3.943,3.937,3.937,3.935,-58.872,-3217.000
3.751,3.756,3.754,3.754,3.757,3.755,3.753,3.932,3.931,3.936,3.941,3.936,3.939,3.938,-59.063,-3216.000
3.753,3.756,3.749,3.760,3.752,3.753,3.758,3.940,3.937,3.937,3.932,3.941,3.937,3.934,-59.264,-3215.000
3.757,3.755,3.756,3.757,3.750,3.753,3.756,3.931,3.938,3.939,3.940,3.937,3.936,3.933,-59.218,-3214.000
3.750,3.753,3.753,3.758,3.755,3.758,3.756,3.942,3.941,3.936,3.942,3.941,3.941,3.936,-59.207,-3213.000
3.750,3.756,3.750,3.753,3.759,3.751,3.749,3.941,3.937,3.944,3.936,3.941,3.948,3.936,-59.010,-3212.000
3.756,3.749,3.755,3.753,3.746,3.755,3.756,3.935,3.935,3.937,3.931,3.938,3.941,3.935,-58.695,-3211.000
3.761,3.752,3.755,3.749,3.756,3.760,3.753,3.936,3.939,3.938,3.938,3.938,3.942,3.943,-58.799,-3210.000
3.756,3.751,3.755,3.751,3.750,3.749,3.754,3.934,3.935,3.939,3.937,3.940,3.933,3.933,-58.918,-3209.000
3.750,3.754,3.755,3.748,3.755,3.751,3.755,3.935,3.929,3.929,3.935,3.935,3.940,3.937,-58.967,-3208.000
3.750,3.755,3.750,3.747,3.756,3.752,3.755,3.933,3.934,3.936,3.937,3.939,3.936,3.939,-59.089,-3207.000
3.750,3.747,3.754,3.747,3.751,3.752,3.754,3.943,3.936,3.938,3.934,3.932,3.939,3.940,-58.958,-3206.000
3.751,3.751,3.752,3.756,3.746,3.758,3.749,3.931,3.931,3.929,3.933,3.941,3.930,3.934,-59.008,-3205.000
3.750,3.753,3.751,3.750,3.752,3.758,3.756,3.932,3.936,3.933,3.935,3.933,3.938,3.936,-59.193,-3204.000
3.752,3.751,3.749,3.746,3.750,3.751,3.751,3.931,3.936,3.936,3.934,3.934,3.939,3.934,-59.299,-3203.000
3.749,3.752,3.749,3.746,3.748,3.749,3.748,3.937,3.930,3.935,3.936,3.935,3.937,3.939,-59.248,-3202.000
3.753,3.753,3.755,3.755,3.751,3.748,3.752,3.929,3.934,3.933,3.933,3.931,3.929,3.935,-59.251,-3201.000
3.752,3.747,3.747,3.751,3.749,3.744,3.750,3.934,3.931,3.933,3.933,3.936,3.935,3.937,-59.248,-3200.000
3.742,3.751,3.748,3.748,3.750,3.747,3.750,3.928,3.931,3.931,3.934,3.928,3.932,3.934,-59.213,-3199.000
3.748,3.747,3.745,3.740,3.753,3.750,3.755,3.929,3.933,3.930,3.930,3.935,3.942,3.931,-58.985,-3198.000
3.746,3.751,3.749,3.745,3.751,3.752,3.747,3.928,3.925,3.921,3.931,3.931,3.939,3.935,-59.047,-3197.000
3.749,3.744,3.751,3.752,3.747,3.747,3.751,3.934,3.936,3.933,3.933,3.929,3.930,3.930,-58.913,-3196.000
3.750,3.749,3.751,3.749,3.743,3.749,3.750,3.933,3.929,3.927,3.931,3.924,3.932,3.929,-58.938,-3195.000
3.749,3.750,3.746,3.749,3.746,3.752,3.748,3.931,3.929,3.931,3.930,3.929,3.926,3.929,-59.055,-3194.000
3.749,3.749,3.748,3.748,3.752,3.741,3.752,3.936,3.932,3.928,3.926,3.930,3.930,3.922,-59.080,-3193.000
3.749,3.753,3.739,3.746,3.744,3.745,3.744,3.934,3.936,3.932,3.934,3.931,3.929,3.929,-58.917,-3192.000
3.751,3.743,3.753,3.752,3.744,3.748,3.746,3.933,3.933,3.931,3.929,3.933,3.929,3.933,-59.060,-3191.000
3.746,3.748,3.747,3.746,3.752,3.747,3.752,3.927,3.928,3.930,3.930,3.927,3.927,3.930,-59.288,-3190.000
3.746,3.745,3.753,3.748,3.746,3.748,3.748,3.928,3.928,3.931,3.930,3.934,3.934,3.931,-59.153,-3189.000
3.749,3.746,3.743,3.743,3.744,3.748,3.744,3.929,3.934,3.931,3.931,3.927,3.932,3.929,-59.226,-3188.000
3.746,3.744,3.743,3.746,3.741,3.742,3.747,3.928,3.933,3.932,3.932,3.928,3.931,3.934,-59.146,-3187.000
3.743,3.749,3.747,3.749,3.748,3.745,3.744,3.932,3.939,3.931,3.929,3.924,3.929,3.924,-58.964,-3186.000
3.755,3.748,3.745,3.752,3.750,3.745,3.752,3.934,3.930,3.928,3.930,3.932,3.928,3.929,-59.167,-3185.000
3.745,3.746,3.752,3.747,3.744,3.749,3.740,3.935,3.937,3.934,3.932,3.928,3.928,3.931,-58.930,-3184.000
3.749,3.750,3.745,3.745,3.749,3.749,3.749,3.929,3.929,3.931,3.931,3.928,3.930,3.931,-58.938,-3183.000
3.747,3.745,3.744,3.747,3.750,3.741,3.747,3.936,3.928,3.930,3.931,3.923,3.931,3.934,-58.896,-3182.000
3.743,3.748,3.747,3.748,3.743,3.745,3.749,3.932,3.930,3.935,3.934,3.932,3.930,3.927,-58.900,-3181.000
3.747,3.745,3.741,3.742,3.745,3.742,3.750,3.931,3.929,3.930,3.933,3.924,3.926,3.925,-59.099,-3180.000
3.751,3.740,3.745,3.745,3.747,3.743,3.738,3.932,3.927,3.926,3.928,3.933,3.929,3.935,-59.158,-3179.000
3.744,3.742,3.747,3.748,3.746,3.747,3.747,3.929,3.927,3.928,3.931,3.928,3.926,3.924,-58.940,-3178.000
3.742,3.743,3.745,3.742,3.744,3.746,3.744,3.928,3.923,3.930,3.929,3.928,3.931,3.926,-59.031,-3177.000
3.743,3.743,3.747,3.744,3.740,3.744,3.751,3.927,3.933,3.930,3.930,3.928,3.922,3.930,-59.028,-3176.000
3.727,3.732,3.741,3.736,3.741,3.740,3.742,3.918,3.918,3.918,3.927,3.928,3.920,3.926,-59.009,-3175.000
3.743,3.738,3.750,3.744,3.746,3.742,3.746,3.928,3.928,3.930,3.928,3.930,3.926,3.928,-59.119,-3174.000
3.742,3.746,3.744,3.749,3.746,3.744,3.748,3.926,3.928,3.926,3.920,3.926,3.923,3.927,-59.016,-3173.000
3.746,3.747,3.744,3.750,3.746,3.743,3.750,3.928,3.919,3.933,3.929,3.924,3.928,3.925,-59.211,-3172.000
3.745,3.747,3.748,3.748,3.745,3.750,3.746,3.927,3.931,3.936,3.930,3.931,3.931,3.929,-59.321,-3171.000
3.744,3.742,3.747,3.743,3.744,3.741,3.750,3.924,3.918,3.926,3.927,3.922,3.933,3.928,-59.149,-3170.000
3.739,3.741,3.748,3.750,3.745,3.745,3.746,3.926,3.936,3.930,3.932,3.932,3.931,3.927,-59.043,-3169.000
3.746,3.742,3.745,3.746,3.745,3.738,3.745,3.928,3.930,3.928,3.933,3.925,3.927,3.925,-59.146,-3168.000
3.747,3.746,3.748,3.744,3.748,3.749,3.745,3.930,3.928,3.935,3.924,3.925,3.926,3.925,-59.130,-3167.000
3.748,3.746,3.743,3.738,3.755,3.743,3.742,3.922,3.924,3.923,3.924,3.924,3.928,3.928,-59.205,-3166.000
3.747,3.745,3.745,3.743,3.745,3.741,3.744,3.922,3.920,3.922,3.926,3.925,3.924,3.925,-59.326,-3165.000
3.747,3.745,3.742,3.743,3.747,3.738,3.744,3.928,3.918,3.925,3.926,3.927,3.927,3.928,-59.081,-3164.000
3.743,3.746,3.743,3.740,3.743,3.739,3.745,3.942,3.925,3.928,3.924,3.930,3.928,3.925,-58.955,-3163.000
3.741,3.747,3.739,3.741,3.748,3.747,3.745,3.923,3.921,3.928,3.917,3.925,3.925,3.924,-58.951,-3162.000
3.742,3.745,3.741,3.742,3.744,3.742,3.742,3.922,3.934,3.924,3.920,3.926,3.924,3.926,-58.962,-3161.000
3.747,3.738,3.746,3.741,3.740,3.744,3.745,3.925,3.925,3.926,3.927,3.931,3.923,3.925,-59.041,-3160.000
3.742,3.741,3.743,3.739,3.742,3.744,3.741,3.922,3.927,3.924,3.927,3.929,3.918,3.936,-58.968,-3159.000
3.740,3.744,3.738,3.745,3.737,3.737,3.740,3.925,3.921,3.919,3.925,3.926,3.927,3.927,-59.035,-3158.000
3.742,3.745,3.742,3.734,3.741,3.744,3.739,3.926,3.927,3.931,3.928,3.923,3.932,3.926,-59.167,-3157.000
3.747,3.737,3.740,3.735,3.743,3.733,3.738,3.927,3.927,3.921,3.925,3.929,3.922,3.919,-59.006,-3156.000
3.737,3.737,3.736,3.737,3.740,3.742,3.742,3.919,3.923,3.921,3.926,3.923,3.924,3.925,-58.905,-3155.000
3.742,3.743,3.734,3.744,3.738,3.741,3.743,3.925,3.922,3.927,3.925,3.923,3.917,3.922,-59.058,-3154.000
3.739,3.741,3.743,3.741,3.737,3.742,3.741,3.923,3.927,3.924,3.928,3.924,3.921,3.923,-59.141,-3153.000
3.737,3.737,3.743,3.739,3.739,3.740,3.740,3.921,3.919,3.921,3.921,3.926,3.922,3.925,-59.165,-3152.000
3.740,3.740,3.741,3.734,3.737,3.742,3.736,3.922,3.923,3.925,3.926,3.925,3.925,3.927,-59.047,-3151.000
3.738,3.744,3.739,3.741,3.736,3.737,3.741,3.920,3.924,3.927,3.924,3.921,3.926,3.923,-59.323,-3150.000
3.735,3.736,3.738,3.740,3.740,3.739,3.743,3.924,3.926,3.929,3.926,3.928,3.918,3.931,-59.397,-3149.000
3.739,3.738,3.744,3.737,3.740,3.738,3.741,3.922,3.920,3.922,3.928,3.925,3.924,3.926,-59.308,-3148.000
3.737,3.740,3.739,3.742,3.740,3.738,3.739,3.919,3.919,3.922,3.926,3.922,3.930,3.928,-59.307,-3147.000
3.742,3.738,3.739,3.732,3.740,3.739,3.737,3.920,3.916,3.920,3.921,3.928,3.921,3.923,-59.094,-3146.000
3.736,3.740,3.735,3.742,3.740,3.738,3.734,3.922,3.921,3.922,3.927,3.924,3.927,3.928,-59.407,-3145.000
3.736,3.739,3.739,3.733,3.739,3.738,3.745,3.924,3.923,3.928,3.924,3.927,3.921,3.922,-59.577,-3144.000
3.732,3.740,3.732,3.744,3.741,3.739,3.732,3.924,3.921,3.922,3.919,3.922,3.920,3.917,-59.225,-3143.000
3.740,3.738,3.733,3.734,3.737,3.746,3.738,3.923,3.924,3.920,3.920,3.923,3.927,3.923,-59.172,-3142.000
3.731,3.736,3.741,3.737,3.733,3.737,3.736,3.923,3.926,3.919,3.919,3.921,3.924,3.926,-59.376,-3141.000
3.738,3.736,3.740,3.740,3.738,3.733,3.732,3.925,3.929,3.932,3.924,3.920,3.923,3.924,-59.302,-3140.000
3.738,3.737,3.736,3.746,3.735,3.739,3.735,3.919,3.928,3.920,3.921,3.919,3.920,3.927,-59.456,-3139.000
3.732,3.731,3.734,3.736,3.733,3.731,3.734,3.923,3.920,3.923,3.919,3.924,3.918,3.923,-59.264,-3138.000
3.743,3.736,3.744,3.733,3.741,3.740,3.740,3.921,3.915,3.922,3.919,3.929,3.926,3.927,-59.246,-3137.000
3.737,3.738,3.737,3.734,3.738,3.738,3.739,3.924,3.928,3.920,3.929,3.924,3.923,3.923,-59.223,-3136.000
3.739,3.741,3.733,3.736,3.740,3.742,3.735,3.928,3.929,3.927,3.926,3.921,3.926,3.924,-59.021,-3135.000
3.740,3.744,3.740,3.736,3.737,3.739,3.738,3.928,3.922,3.937,3.931,3.929,3.929,3.927,-59.188,-3134.000
3.740,3.736,3.742,3.736,3.733,3.736,3.742,3.924,3.927,3.924,3.921,3.925,3.921,3.923,-59.298,-3133.000
3.738,3.736,3.736,3.734,3.736,3.730,3.735,3.924,3.920,3.922,3.925,3.923,3.923,3.924,-59.425,-3132.000
3.735,3.735,3.732,3.737,3.735,3.734,3.735,3.926,3.925,3.921,3.923,3.922,3.922,3.925,-59.457,-3131.000
3.729,3.739,3.735,3.737,3.736,3.733,3.733,3.922,3.925,3.926,3.922,3.926,3.923,3.921,-59.278,-3130.000
3.740,3.738,3.732,3.738,3.734,3.731,3.736,3.921,3.927,3.923,3.924,3.928,3.920,3.923,-59.224,-3129.000
3.739,3.734,3.738,3.739,3.737,3.743,3.741,3.927,3.922,3.930,3.926,3.925,3.925,3.926,-59.287,-3128.000
3.742,3.736,3.735,3.734,3.739,3.738,3.734,3.926,3.924,3.925,3.925,3.923,3.916,3.917,-59.191,-3127.000
3.744,3.741,3.742,3.738,3.737,3.739,3.740,3.926,3.928,3.925,3.919,3.919,3.920,3.926,-59.151,-3126.000
3.732,3.731,3.738,3.737,3.738,3.732,3.739,3.923,3.923,3.920,3.924,3.928,3.922,3.924,-59.204,-3125.000
3.739,3.735,3.730,3.739,3.735,3.739,3.733,3.924,3.923,3.926,3.923,3.924,3.926,3.925,-59.125,-3124.000
3.735,3.736,3.737,3.734,3.738,3.733,3.735,3.927,3.922,3.923,3.927,3.921,3.920,3.918,-59.091,-3123.000
3.737,3.738,3.734,3.737,3.737,3.735,3.734,3.923,3.920,3.919,3.922,3.921,3.920,3.918,-59.264,-3122.000
3.738,3.733,3.736,3.734,3.740,3.741,3.735,3.925,3.922,3.921,3.923,3.923,3.922,3.921,-59.240,-3121.000
3.735,3.740,3.738,3.737,3.740,3.737,3.738,3.924,3.923,3.924,3.916,3.924,3.919,3.922,-59.300,-3120.000
3.736,3.736,3.736,3.732,3.736,3.737,3.736,3.922,3.920,3.918,3.917,3.916,3.915,3.922,-59.290,-3119.000
3.735,3.735,3.740,3.732,3.732,3.736,3.734,3.917,3.921,3.928,3.918,3.921,3.922,3.924,-59.196,-3118.000
3.734,3.734,3.735,3.735,3.735,3.731,3.734,3.923,3.918,3.916,3.914,3.919,3.917,3.922,-58.929,-3117.000
3.730,3.734,3.737,3.739,3.730,3.735,3.734,3.917,3.924,3.921,3.919,3.917,3.917,3.922,-59.030,-3116.000
3.735,3.731,3.731,3.733,3.735,3.736,3.732,3.920,3.918,3.922,3.919,3.922,3.920,3.920,-58.942,-3115.000
3.729,3.737,3.734,3.734,3.728,3.731,3.730,3.910,3.916,3.918,3.919,3.917,3.915,3.916,-58.847,-3114.000
3.730,3.729,3.732,3.729,3.736,3.731,3.733,3.916,3.918,3.915,3.919,3.912,3.917,3.921,-58.687,-3113.000
3.726,3.730,3.729,3.730,3.733,3.738,3.734,3.917,3.915,3.916,3.915,3.928,3.912,3.920,-58.862,-3112.000
3.729,3.734,3.727,3.732,3.728,3.732,3.732,3.917,3.919,3.916,3.912,3.913,3.917,3.917,-58.846,-3111.000
3.736,3.728,3.737,3.732,3.732,3.735,3.731,3.922,3.917,3.919,3.921,3.922,3.916,3.917,-58.945,-3110.000
3.730,3.727,3.733,3.732,3.729,3.734,3.727,3.914,3.907,3.916,3.917,3.915,3.916,3.910,-59.127,-3109.000
3.733,3.734,3.731,3.735,3.732,3.734,3.726,3.915,3.920,3.917,3.917,3.913,3.913,3.914,-59.030,-3108.000
3.728,3.728,3.731,3.730,3.729,3.732,3.732,3.914,3.914,3.921,3.920,3.917,3.906,3.914,-59.120,-3107.000
3.727,3.734,3.723,3.729,3.731,3.724,3.730,3.918,3.917,3.915,3.913,3.916,3.915,3.909,-59.160,-3106.000
3.727,3.732,3.731,3.730,3.728,3.731,3.729,3.913,3.916,3.916,3.911,3.912,3.915,3.914,-59.170,-3105.000
3.729,3.731,3.728,3.732,3.734,3.728,3.730,3.908,3.916,3.916,3.903,3.920,3.917,3.920,-59.415,-3104.000
3.724,3.730,3.724,3.729,3.728,3.734,3.728,3.914,3.912,3.906,3.905,3.918,3.908,3.914,-59.303,-3103.000
3.728,3.725,3.722,3.727,3.731,3.733,3.729,3.910,3.915,3.912,3.908,3.914,3.915,3.914,-59.222,-3102.000
3.727,3.732,3.725,3.727,3.730,3.730,3.727,3.916,3.917,3.920,3.916,3.917,3.912,3.913,-59.129,-3101.000
3.730,3.727,3.731,3.727,3.731,3.725,3.729,3.913,3.911,3.913,3.914,3.917,3.914,3.914,-59.020,-3100.000
3.727,3.733,3.730,3.737,3.727,3.723,3.726,3.913,3.906,3.916,3.913,3.916,3.906,3.906,-58.866,-3099.000
3.728,3.731,3.721,3.729,3.727,3.731,3.728,3.913,3.908,3.911,3.909,3.913,3.915,3.914,-58.831,-3098.000
3.723,3.730,3.729,3.727,3.724,3.726,3.730,3.913,3.915,3.915,3.907,3.905,3.907,3.912,-58.959,-3097.000
3.724,3.730,3.722,3.730,3.724,3.730,3.721,3.915,3.910,3.913,3.908,3.911,3.910,3.904,-59.003,-3096.000
3.718,3.723,3.725,3.722,3.725,3.722,3.728,3.907,3.911,3.900,3.907,3.909,3.912,3.912,-58.775,-3095.000
3.719,3.722,3.726,3.713,3.727,3.726,3.731,3.907,3.913,3.911,3.919,3.911,3.909,3.911,-58.728,-3094.000
3.719,3.727,3.725,3.725,3.726,3.722,3.726,3.913,3.910,3.908,3.906,3.907,3.908,3.910,-58.875,-3093.000
3.723,3.730,3.726,3.726,3.724,3.725,3.725,3.910,3.907,3.911,3.907,3.908,3.913,3.905,-59.163,-3092.000
3.724,3.730,3.726,3.732,3.724,3.725,3.730,3.911,3.915,3.912,3.910,3.913,3.910,3.911,-59.199,-3091.000
3.725,3.730,3.722,3.723,3.725,3.727,3.728,3.919,3.914,3.915,3.910,3.912,3.916,3.918,-59.206,-3090.000
3.729,3.725,3.721,3.727,3.727,3.724,3.727,3.906,3.918,3.911,3.917,3.917,3.916,3.920,-59.198,-3089.000
3.725,3.725,3.732,3.729,3.729,3.730,3.729,3.910,3.908,3.913,3.917,3.920,3.919,3.909,-59.184,-3088.000
3.727,3.722,3.728,3.729,3.734,3.729,3.730,3.914,3.914,3.908,3.911,3.913,3.918,3.912,-59.142,-3087.000
3.731,3.729,3.724,3.733,3.727,3.737,3.728,3.917,3.920,3.910,3.921,3.919,3.918,3.911,-59.165,-3086.000
3.728,3.725,3.728,3.725,3.734,3.729,3.729,3.916,3.915,3.912,3.912,3.914,3.914,3.912,-59.096,-3085.000
3.726,3.734,3.730,3.730,3.731,3.731,3.730,3.914,3.914,3.918,3.918,3.912,3.911,3.912,-58.925,-3084.000
3.730,3.728,3.729,3.733,3.729,3.729,3.728,3.909,3.914,3.917,3.915,3.916,3.913,3.909,-59.197,-3083.000
3.727,3.721,3.730,3.726,3.725,3.726,3.731,3.906,3.913,3.916,3.916,3.920,3.920,3.921,-59.240,-3082.000
3.735,3.730,3.732,3.725,3.730,3.726,3.726,3.914,3.918,3.915,3.910,3.913,3.916,3.917,-59.169,-3081.000
3.729,3.724,3.725,3.732,3.728,3.733,3.725,3.916,3.911,3.910,3.914,3.919,3.921,3.911,-59.223,-3080.000
3.734,3.729,3.728,3.731,3.730,3.730,3.728,3.906,3.910,3.918,3.916,3.907,3.908,3.917,-59.044,-3079.000
3.724,3.731,3.733,3.731,3.728,3.727,3.730,3.913,3.913,3.917,3.913,3.919,3.917,3.917,-59.136,-3078.000
3.728,3.732,3.728,3.732,3.729,3.726,3.729,3.916,3.917,3.911,3.913,3.915,3.911,3.908,-59.223,-3077.000
3.730,3.722,3.733,3.725,3.728,3.724,3.727,3.916,3.918,3.916,3.912,3.915,3.916,3.910,-59.115,-3076.000
3.727,3.722,3.725,3.728,3.723,3.724,3.728,3.910,3.913,3.916,3.913,3.919,3.914,3.918,-59.161,-3075.000
3.725,3.728,3.728,3.727,3.732,3.729,3.730,3.913,3.916,3.910,3.911,3.912,3.911,3.912,-59.122,-3074.000
3.729,3.729,3.730,3.731,3.724,3.731,3.730,3.913,3.915,3.913,3.906,3.911,3.911,3.909,-59.178,-3073.000
3.728,3.728,3.722,3.725,3.726,3.731,3.724,3.912,3.910,3.907,3.912,3.912,3.915,3.909,-59.218,-3072.000
3.725,3.724,3.729,3.722,3.729,3.730,3.726,3.919,3.903,3.911,3.908,3.910,3.908,3.910,-59.314,-3071.000
3.730,3.724,3.730,3.719,3.723,3.725,3.732,3.912,3.910,3.912,3.905,3.912,3.913,3.916,-59.326,-3070.000
3.720,3.727,3.729,3.722,3.724,3.728,3.728,3.912,3.909,3.911,3.909,3.913,3.912,3.912,-59.210,-3069.000
3.726,3.723,3.729,3.723,3.727,3.721,3.729,3.908,3.915,3.912,3.911,3.911,3.911,3.907,-59.112,-3068.000
3.725,3.722,3.724,3.719,3.726,3.724,3.725,3.909,3.910,3.907,3.915,3.910,3.917,3.912,-59.037,-3067.000
3.721,3.729,3.725,3.729,3.727,3.724,3.720,3.908,3.914,3.915,3.910,3.912,3.909,3.906,-59.112,-3066.000
3.719,3.725,3.724,3.723,3.729,3.723,3.723,3.907,3.902,3.901,3.910,3.913,3.906,3.908,-59.276,-3065.000
3.723,3.724,3.727,3.719,3.724,3.719,3.721,3.915,3.909,3.915,3.913,3.917,3.914,3.918,-58.942,-3064.000
3.728,3.724,3.725,3.724,3.719,3.723,3.723,3.911,3.910,3.910,3.903,3.908,3.904,3.905,-59.198,-3063.000
3.725,3.726,3.721,3.722,3.723,3.721,3.726,3.912,3.906,3.903,3.907,3.907,3.915,3.908,-58.898,-3062.000
3.718,3.727,3.725,3.721,3.720,3.719,3.723,3.907,3.904,3.911,3.905,3.905,3.910,3.905,-59.046,-3061.000
3.726,3.719,3.723,3.720,3.725,3.727,3.723,3.904,3.910,3.910,3.909,3.903,3.910,3.904,-59.007,-3060.000
3.721,3.725,3.724,3.722,3.723,3.720,3.727,3.909,3.906,3.907,3.909,3.911,3.906,3.909,-59.164,-3059.000
3.724,3.725,3.726,3.720,3.724,3.720,3.723,3.905,3.913,3.908,3.904,3.904,3.913,3.905,-59.075,-3058.000
3.724,3.724,3.731,3.718,3.722,3.723,3.727,3.909,3.912,3.907,3.911,3.912,3.912,3.909,-59.219,-3057.000
3.726,3.731,3.723,3.723,3.724,3.725,3.717,3.911,3.915,3.907,3.909,3.905,3.911,3.906,-59.163,-3056.000
3.720,3.723,3.717,3.726,3.725,3.722,3.721,3.910,3.917,3.907,3.906,3.913,3.908,3.916,-59.248,-3055.000
3.726,3.717,3.728,3.725,3.727,3.721,3.724,3.906,3.912,3.911,3.905,3.911,3.908,3.918,-59.253,-3054.000
3.725,3.724,3.727,3.723,3.726,3.723,3.720,3.907,3.911,3.909,3.913,3.911,3.904,3.911,-59.217,-3053.000
3.721,3.721,3.719,3.727,3.726,3.718,3.724,3.908,3.908,3.910,3.910,3.909,3.908,3.909,-59.055,-3052.000
3.722,3.718,3.725,3.726,3.724,3.726,3.724,3.908,3.907,3.913,3.912,3.913,3.914,3.913,-58.797,-3051.000
3.720,3.730,3.720,3.729,3.727,3.722,3.718,3.912,3.909,3.908,3.911,3.911,3.913,3.909,-58.983,-3050.000
3.732,3.718,3.726,3.718,3.725,3.724,3.727,3.909,3.907,3.909,3.904,3.908,3.909,3.908,-59.143,-3049.000
3.728,3.720,3.726,3.719,3.729,3.718,3.725,3.912,3.913,3.909,3.909,3.914,3.908,3.911,-59.055,-3048.000
3.722,3.724,3.726,3.720,3.726,3.724,3.724,3.910,3.916,3.910,3.914,3.914,3.911,3.911,-59.080,-3047.000
3.727,3.725,3.721,3.726,3.722,3.723,3.725,3.908,3.916,3.906,3.913,3.906,3.904,3.907,-59.100,-3046.000
3.725,3.713,3.725,3.726,3.726,3.726,3.722,3.908,3.910,3.910,3.911,3.913,3.906,3.902,-59.102,-3045.000
3.726,3.720,3.728,3.719,3.719,3.725,3.723,3.909,3.909,3.909,3.909,3.907,3.908,3.907,-59.215,-3044.000
3.721,3.729,3.719,3.728,3.723,3.728,3.726,3.911,3.907,3.912,3.904,3.909,3.909,3.910,-59.223,-3043.000
3.725,3.723,3.724,3.719,3.724,3.726,3.726,3.908,3.910,3.902,3.905,3.908,3.909,3.916,-58.989,-3042.000
3.723,3.725,3.722,3.730,3.726,3.724,3.728,3.906,3.907,3.908,3.909,3.911,3.904,3.910,-59.233,-3041.000
3.726,3.726,3.727,3.723,3.729,3.728,3.723,3.906,3.907,3.908,3.909,3.909,3.908,3.913,-58.910,-3040.000
3.724,3.724,3.725,3.725,3.726,3.723,3.726,3.912,3.909,3.914,3.907,3.908,3.911,3.911,-58.999,-3039.000
3.728,3.728,3.722,3.726,3.726,3.723,3.724,3.912,3.918,3.915,3.911,3.909,3.909,3.914,-59.028,-3038.000
3.719,3.724,3.728,3.724,3.726,3.729,3.725,3.909,3.911,3.910,3.908,3.903,3.915,3.907,-59.229,-3037.000
3.727,3.729,3.720,3.725,3.724,3.716,3.727,3.914,3.909,3.909,3.911,3.914,3.906,3.906,-59.022,-3036.000
3.724,3.723,3.721,3.724,3.727,3.722,3.721,3.914,3.919,3.911,3.910,3.905,3.906,3.904,-59.127,-3035.000
3.716,3.729,3.714,3.725,3.722,3.726,3.726,3.918,3.913,3.917,3.909,3.912,3.910,3.906,-59.080,-3034.000
3.726,3.716,3.725,3.721,3.722,3.723,3.726,3.911,3.908,3.910,3.904,3.912,3.908,3.907,-59.183,-3033.000
3.719,3.723,3.728,3.726,3.725,3.727,3.722,3.905,3.907,3.907,3.911,3.908,3.912,3.908,-59.107,-3032.000
3.724,3.721,3.718,3.720,3.718,3.724,3.719,3.906,3.907,3.913,3.906,3.905,3.916,3.910,-58.857,-3031.000
3.721,3.723,3.722,3.726,3.719,3.725,3.717,3.909,3.907,3.902,3.902,3.909,3.906,3.908,-58.920,-3030.000
3.724,3.722,3.726,3.718,3.728,3.722,3.723,3.904,3.907,3.913,3.913,3.903,3.908,3.913,-58.701,-3029.000
3.719,3.720,3.722,3.722,3.723,3.723,3.726,3.911,3.911,3.912,3.912,3.907,3.911,3.904,-58.899,-3028.000
3.723,3.716,3.719,3.721,3.720,3.719,3.722,3.902,3.911,3.900,3.911,3.909,3.908,3.909,-59.226,-3027.000
3.724,3.719,3.722,3.715,3.717,3.725,3.722,3.912,3.908,3.904,3.904,3.911,3.902,3.903,-59.330,-3026.000
3.724,3.720,3.727,3.729,3.721,3.718,3.716,3.908,3.906,3.912,3.907,3.905,3.909,3.904,-59.414,-3025.000
3.718,3.715,3.725,3.721,3.720,3.720,3.721,3.902,3.909,3.903,3.899,3.904,3.906,3.907,-59.110,-3024.000
3.723,3.722,3.724,3.717,3.723,3.722,3.722,3.904,3.903,3.907,3.905,3.902,3.898,3.908,-59.147,-3023.000
3.722,3.721,3.724,3.723,3.723,3.716,3.724,3.909,3.907,3.903,3.904,3.914,3.907,3.906,-59.067,-3022.000
3.719,3.719,3.724,3.716,3.719,3.716,3.723,3.908,3.908,3.905,3.900,3.905,3.901,3.905,-59.364,-3021.000
3.720,3.720,3.722,3.719,3.719,3.721,3.717,3.910,3.906,3.902,3.909,3.904,3.905,3.909,-59.174,-3020.000
3.721,3.715,3.717,3.714,3.719,3.717,3.722,3.904,3.901,3.904,3.913,3.911,3.908,3.904,-59.274,-3019.000
3.718,3.717,3.720,3.719,3.722,3.723,3.720,3.908,3.904,3.904,3.905,3.902,3.904,3.906,-59.210,-3018.000
3.724,3.720,3.721,3.723,3.717,3.722,3.720,3.903,3.904,3.900,3.906,3.897,3.905,3.904,-59.040,-3017.000
3.723,3.723,3.719,3.721,3.719,3.727,3.715,3.902,3.905,3.909,3.912,3.902,3.901,3.906,-58.958,-3016.000
3.715,3.725,3.719,3.720,3.717,3.719,3.719,3.902,3.902,3.904,3.902,3.911,3.910,3.902,-59.002,-3015.000
3.724,3.718,3.719,3.721,3.728,3.718,3.714,3.910,3.902,3.908,3.903,3.904,3.905,3.904,-59.050,-3014.000
3.720,3.721,3.721,3.720,3.720,3.718,3.727,3.906,3.900,3.904,3.908,3.901,3.905,3.909,-59.048,-3013.000
3.713,3.720,3.722,3.720,3.719,3.716,3.720,3.905,3.901,3.899,3.907,3.905,3.906,3.903,-59.003,-3012.000
3.717,3.716,3.719,3.718,3.721,3.719,3.719,3.907,3.906,3.905,3.906,3.906,3.905,3.899,-59.001,-3011.000
3.720,3.719,3.724,3.723,3.716,3.721,3.724,3.903,3.907,3.909,3.908,3.908,3.905,3.909,-58.831,-3010.000
3.724,3.723,3.716,3.721,3.719,3.725,3.717,3.908,3.911,3.906,3.907,3.907,3.905,3.902,-58.824,-3009.000
3.720,3.723,3.722,3.717,3.719,3.722,3.715,3.909,3.907,3.907,3.908,3.902,3.900,3.902,-59.065,-3008.000
3.721,3.726,3.720,3.713,3.723,3.714,3.720,3.905,3.903,3.906,3.904,3.911,3.905,3.901,-59.049,-3007.000
3.718,3.716,3.721,3.722,3.714,3.718,3.714,3.902,3.900,3.904,3.904,3.905,3.912,3.910,-59.144,-3006.000
3.719,3.715,3.721,3.719,3.721,3.715,3.719,3.901,3.898,3.906,3.905,3.909,3.906,3.912,-59.121,-3005.000
3.715,3.720,3.719,3.717,3.721,3.723,3.717,3.905,3.903,3.909,3.905,3.902,3.912,3.904,-58.971,-3004.000
3.718,3.723,3.717,3.717,3.718,3.719,3.726,3.904,3.907,3.904,3.898,3.904,3.899,3.906,-58.902,-3003.000
3.717,3.716,3.723,3.721,3.719,3.715,3.720,3.910,3.904,3.908,3.910,3.899,3.907,3.906,-59.102,-3002.000
3.723,3.715,3.721,3.717,3.723,3.716,3.720,3.906,3.903,3.907,3.906,3.904,3.907,3.905,-59.034,-3001.000
3.721,3.716,3.718,3.719,3.724,3.720,3.713,3.906,3.904,3.904,3.895,3.904,3.906,3.905,-59.126,-3000.000
3.717,3.717,3.720,3.715,3.719,3.715,3.716,3.907,3.904,3.901,3.904,3.905,3.906,3.903,-59.050,-2999.000
3.718,3.719,3.723,3.719,3.716,3.716,3.721,3.905,3.905,3.913,3.909,3.911,3.908,3.910,-58.910,-2998.000
3.721,3.717,3.715,3.720,3.716,3.714,3.714,3.906,3.908,3.910,3.909,3.900,3.903,3.904,-58.907,-2997.000
3.715,3.720,3.712,3.715,3.715,3.716,3.714,3.902,3.899,3.905,3.904,3.903,3.901,3.902,-58.960,-2996.000
3.716,3.724,3.715,3.715,3.719,3.716,3.713,3.903,3.904,3.909,3.904,3.902,3.896,3.904,-58.862,-2995.000
3.723,3.718,3.718,3.712,3.718,3.714,3.715,3.903,3.899,3.900,3.909,3.906,3.900,3.901,-58.481,-2994.000
3.720,3.716,3.718,3.716,3.712,3.710,3.714,3.903,3.901,3.905,3.902,3.902,3.897,3.900,-57.594,-2993.000
3.718,3.710,3.714,3.713,3.713,3.714,3.714,3.902,3.898,3.900,3.900,3.903,3.906,3.907,-56.864,-2992.000
3.712,3.709,3.716,3.710,3.710,3.710,3.708,3.899,3.899,3.897,3.903,3.903,3.897,3.901,-56.093,-2991.000
3.714,3.713,3.715,3.717,3.715,3.712,3.712,3.896,3.899,3.903,3.898,3.901,3.902,3.903,-55.798,-2990.000
3.718,3.715,3.711,3.714,3.716,3.716,3.712,3.902,3.900,3.900,3.898,3.898,3.902,3.897,-56.562,-2989.000
3.716,3.709,3.719,3.712,3.716,3.714,3.714,3.903,3.905,3.899,3.908,3.899,3.899,3.902,-57.401,-2988.000
3.714,3.717,3.712,3.714,3.716,3.716,3.718,3.900,3.894,3.898,3.902,3.897,3.901,3.906,-57.773,-2987.000
3.712,3.713,3.716,3.717,3.715,3.717,3.710,3.898,3.905,3.901,3.897,3.894,3.898,3.906,-58.069,-2986.000
3.717,3.714,3.714,3.717,3.717,3.716,3.715,3.896,3.894,3.901,3.897,3.899,3.902,3.903,-58.313,-2985.000
3.713,3.712,3.712,3.711,3.714,3.714,3.711,3.895,3.900,3.900,3.904,3.897,3.896,3.902,-58.552,-2984.000
3.715,3.714,3.717,3.716,3.721,3.714,3.714,3.903,3.897,3.895,3.900,3.902,3.898,3.901,-58.689,-2983.000
3.713,3.709,3.714,3.714,3.716,3.719,3.717,3.902,3.900,3.899,3.898,3.900,3.902,3.898,-58.514,-2982.000
3.709,3.715,3.707,3.714,3.708,3.711,3.715,3.896,3.893,3.894,3.897,3.893,3.896,3.900,-58.413,-2981.000
3.711,3.715,3.713,3.714,3.703,3.709,3.713,3.898,3.898,3.899,3.886,3.901,3.896,3.897,-58.528,-2980.000
3.710,3.707,3.708,3.713,3.717,3.713,3.712,3.899,3.896,3.897,3.894,3.896,3.897,3.895,-58.717,-2979.000
3.708,3.715,3.707,3.708,3.712,3.713,3.716,3.900,3.897,3.893,3.898,3.899,3.903,3.900,-58.827,-2978.000
3.715,3.713,3.713,3.712,3.713,3.710,3.715,3.896,3.898,3.898,3.896,3.893,3.897,3.898,-59.044,-2977.000
3.712,3.718,3.714,3.707,3.711,3.711,3.720,3.902,3.896,3.899,3.890,3.897,3.903,3.896,-59.186,-2976.000
3.711,3.714,3.711,3.710,3.710,3.712,3.712,3.896,3.899,3.898,3.896,3.898,3.895,3.899,-59.060,-2975.000
3.713,3.713,3.718,3.718,3.708,3.712,3.712,3.898,3.895,3.893,3.904,3.902,3.899,3.897,-58.937,-2974.000
3.711,3.717,3.704,3.712,3.709,3.714,3.711,3.897,3.899,3.898,3.898,3.902,3.900,3.893,-58.798,-2973.000
3.714,3.716,3.715,3.708,3.711,3.713,3.712,3.898,3.896,3.900,3.898,3.900,3.896,3.902,-59.039,-2972.000
3.717,3.716,3.716,3.713,3.711,3.713,3.712,3.903,3.897,3.896,3.901,3.899,3.897,3.901,-59.081,-2971.000
3.711,3.711,3.711,3.714,3.713,3.712,3.718,3.903,3.895,3.900,3.899,3.901,3.901,3.896,-58.823,-2970.000
3.712,3.716,3.713,3.711,3.718,3.709,3.712,3.900,3.897,3.896,3.900,3.900,3.897,3.901,-58.956,-2969.000
3.712,3.710,3.713,3.710,3.712,3.713,3.703,3.898,3.897,3.899,3.903,3.897,3.890,3.893,-58.997,-2968.000
3.719,3.710,3.715,3.711,3.715,3.711,3.713,3.897,3.904,3.895,3.895,3.889,3.896,3.896,-58.936,-2967.000
3.714,3.713,3.710,3.709,3.715,3.713,3.715,3.897,3.893,3.896,3.899,3.897,3.900,3.900,-58.981,-2966.000
3.710,3.710,3.713,3.709,3.706,3.707,3.720,3.899,3.898,3.892,3.891,3.894,3.894,3.898,-59.007,-2965.000
3.710,3.717,3.715,3.715,3.714,3.709,3.711,3.894,3.896,3.894,3.899,3.896,3.901,3.902,-59.048,-2964.000
3.709,3.710,3.708,3.706,3.708,3.711,3.708,3.896,3.897,3.897,3.899,3.899,3.895,3.898,-58.776,-2963.000
3.708,3.709,3.707,3.708,3.707,3.710,3.715,3.894,3.896,3.896,3.900,3.896,3.898,3.893,-58.854,-2962.000
3.706,3.714,3.710,3.711,3.707,3.708,3.708,3.891,3.898,3.897,3.900,3.899,3.899,3.898,-58.989,-2961.000
3.710,3.710,3.708,3.710,3.710,3.712,3.709,3.898,3.894,3.889,3.900,3.895,3.895,3.892,-58.752,-2960.000
3.713,3.710,3.709,3.710,3.710,3.717,3.713,3.899,3.897,3.895,3.901,3.899,3.900,3.900,-58.891,-2959.000
3.708,3.711,3.708,3.706,3.711,3.705,3.709,3.895,3.892,3.892,3.895,3.895,3.898,3.898,-58.865,-2958.000
3.715,3.711,3.707,3.711,3.707,3.710,3.706,3.892,3.893,3.893,3.891,3.895,3.892,3.894,-58.993,-2957.000
3.706,3.710,3.709,3.710,3.707,3.713,3.708,3.891,3.892,3.895,3.893,3.892,3.892,3.898,-59.142,-2956.000
3.706,3.712,3.707,3.710,3.708,3.717,3.710,3.898,3.898,3.897,3.884,3.890,3.895,3.893,-59.169,-2955.000
3.709,3.708,3.708,3.709,3.708,3.708,3.707,3.894,3.891,3.896,3.891,3.885,3.897,3.900,-59.089,-2954.000
3.718,3.699,3.710,3.702,3.719,3.705,3.705,3.893,3.896,3.894,3.893,3.892,3.889,3.891,-59.222,-2953.000
3.708,3.709,3.711,3.706,3.706,3.709,3.709,3.895,3.895,3.893,3.895,3.889,3.891,3.891,-59.308,-2952.000
3.710,3.705,3.709,3.704,3.702,3.710,3.704,3.888,3.889,3.888,3.896,3.892,3.894,3.895,-59.182,-2951.000
3.705,3.711,3.703,3.708,3.704,3.708,3.705,3.889,3.890,3.894,3.889,3.893,3.895,3.890,-58.890,-2950.000
3.701,3.710,3.707,3.709,3.709,3.706,3.708,3.887,3.893,3.886,3.887,3.892,3.892,3.901,-59.145,-2949.000
3.709,3.705,3.707,3.702,3.712,3.706,3.712,3.894,3.891,3.888,3.890,3.886,3.889,3.891,-59.100,-2948.000
3.702,3.711,3.711,3.704,3.706,3.708,3.705,3.895,3.898,3.888,3.891,3.891,3.885,3.896,-58.764,-2947.000
3.708,3.701,3.712,3.705,3.703,3.704,3.709,3.891,3.892,3.899,3.896,3.895,3.894,3.898,-58.947,-2946.000
3.706,3.704,3.708,3.706,3.707,3.705,3.709,3.893,3.896,3.898,3.895,3.887,3.888,3.892,-58.865,-2945.000
3.703,3.712,3.707,3.708,3.706,3.706,3.702,3.892,3.891,3.895,3.894,3.892,3.898,3.897,-58.850,-2944.000
3.704,3.708,3.709,3.707,3.706,3.707,3.710,3.898,3.895,3.894,3.899,3.898,3.886,3.901,-58.990,-2943.000
3.714,3.710,3.710,3.708,3.714,3.709,3.711,3.889,3.897,3.892,3.892,3.893,3.895,3.897,-59.186,-2942.000
3.706,3.715,3.709,3.712,3.705,3.717,3.705,3.889,3.896,3.893,3.894,3.896,3.897,3.895,-59.174,-2941.000
3.703,3.711,3.708,3.706,3.705,3.706,3.707,3.894,3.892,3.894,3.898,3.891,3.891,3.897,-59.211,-2940.000
3.710,3.706,3.707,3.709,3.708,3.706,3.708,3.895,3.898,3.895,3.907,3.892,3.892,3.898,-59.018,-2939.000
3.703,3.707,3.710,3.703,3.706,3.702,3.710,3.893,3.894,3.893,3.893,3.899,3.896,3.904,-59.239,-2938.000
3.707,3.709,3.704,3.708,3.702,3.702,3.705,3.890,3.888,3.890,3.890,3.900,3.896,3.900,-59.166,-2937.000
3.707,3.706,3.701,3.710,3.706,3.712,3.703,3.894,3.899,3.895,3.890,3.896,3.888,3.892,-59.055,-2936.000
3.702,3.709,3.701,3.703,3.708,3.707,3.710,3.893,3.897,3.890,3.891,3.895,3.897,3.897,-58.940,-2935.000
3.706,3.711,3.707,3.711,3.711,3.707,3.709,3.894,3.894,3.890,3.890,3.895,3.893,3.892,-59.080,-2934.000
3.708,3.708,3.707,3.713,3.704,3.710,3.708,3.888,3.893,3.898,3.897,3.898,3.898,3.893,-59.141,-2933.000
3.705,3.708,3.706,3.711,3.710,3.706,3.709,3.892,3.889,3.898,3.893,3.895,3.889,3.892,-58.998,-2932.000
3.706,3.709,3.706,3.707,3.712,3.707,3.706,3.894,3.890,3.898,3.895,3.890,3.896,3.884,-58.980,-2931.000
3.705,3.709,3.701,3.704,3.703,3.708,3.702,3.893,3.887,3.886,3.889,3.888,3.893,3.894,-59.100,-2930.000
3.703,3.702,3.705,3.706,3.702,3.701,3.703,3.891,3.895,3.893,3.886,3.892,3.898,3.894,-59.223,-2929.000
3.704,3.706,3.705,3.703,3.702,3.704,3.707,3.891,3.888,3.896,3.894,3.884,3.895,3.891,-59.082,-2928.000
3.699,3.707,3.708,3.706,3.707,3.707,3.710,3.892,3.891,3.896,3.890,3.891,3.890,3.888,-58.918,-2927.000
3.709,3.704,3.707,3.706,3.705,3.704,3.707,3.886,3.896,3.890,3.896,3.895,3.890,3.891,-58.907,-2926.000
3.702,3.710,3.701,3.703,3.704,3.699,3.707,3.889,3.894,3.896,3.885,3.889,3.890,3.894,-59.104,-2925.000
3.709,3.707,3.699,3.705,3.703,3.700,3.707,3.891,3.882,3.892,3.897,3.897,3.890,3.893,-59.034,-2924.000
3.705,3.705,3.705,3.705,3.703,3.702,3.709,3.889,3.884,3.885,3.893,3.886,3.895,3.896,-59.108,-2923.000
3.703,3.701,3.707,3.707,3.705,3.705,3.705,3.894,3.888,3.891,3.888,3.894,3.889,3.888,-59.205,-2922.000
3.701,3.706,3.705,3.697,3.701,3.706,3.704,3.890,3.892,3.890,3.888,3.894,3.893,3.889,-58.977,-2921.000
3.701,3.707,3.706,3.704,3.703,3.705,3.701,3.894,3.889,3.890,3.891,3.886,3.893,3.886,-58.972,-2920.000
3.703,3.701,3.704,3.705,3.708,3.701,3.706,3.893,3.891,3.889,3.886,3.891,3.894,3.894,-59.133,-2919.000
3.704,3.707,3.700,3.707,3.702,3.702,3.699,3.889,3.889,3.894,3.891,3.889,3.893,3.890,-59.142,-2918.000
3.701,3.704,3.699,3.706,3.705,3.709,3.707,3.889,3.895,3.894,3.890,3.894,3.886,3.885,-59.015,-2917.000
3.700,3.695,3.697,3.704,3.707,3.700,3.702,3.892,3.895,3.895,3.893,3.894,3.891,3.880,-59.062,-2916.000
3.706,3.704,3.699,3.701,3.706,3.704,3.705,3.891,3.897,3.890,3.887,3.891,3.893,3.892,-58.784,-2915.000
3.699,3.697,3.699,3.701,3.697,3.707,3.703,3.887,3.892,3.890,3.890,3.889,3.893,3.889,-58.696,-2914.000
3.703,3.698,3.701,3.702,3.705,3.699,3.710,3.890,3.892,3.890,3.883,3.885,3.898,3.885,-58.881,-2913.000
3.703,3.697,3.703,3.701,3.701,3.699,3.703,3.896,3.890,3.890,3.892,3.889,3.887,3.888,-59.020,-2912.000
3.704,3.708,3.707,3.705,3.698,3.701,3.702,3.890,3.892,3.894,3.891,3.898,3.896,3.894,-58.969,-2911.000
3.701,3.703,3.702,3.704,3.700,3.701,3.703,3.889,3.892,3.885,3.890,3.886,3.890,3.893,-58.820,-2910.000
3.700,3.699,3.700,3.696,3.706,3.699,3.699,3.893,3.888,3.890,3.889,3.894,3.893,3.886,-58.729,-2909.000
3.701,3.699,3.703,3.705,3.706,3.710,3.701,3.892,3.891,3.889,3.894,3.887,3.890,3.893,-58.995,-2908.000
3.705,3.704,3.705,3.704,3.707,3.702,3.703,3.882,3.888,3.887,3.888,3.886,3.891,3.887,-58.967,-2907.000
3.703,3.703,3.700,3.699,3.698,3.703,3.697,3.891,3.886,3.890,3.896,3.877,3.889,3.889,-59.164,-2906.000
3.700,3.706,3.699,3.695,3.700,3.702,3.700,3.890,3.885,3.884,3.894,3.890,3.889,3.899,-59.027,-2905.000
3.703,3.703,3.698,3.698,3.703,3.704,3.697,3.889,3.890,3.892,3.889,3.883,3.883,3.885,-58.752,-2904.000
3.705,3.703,3.701,3.705,3.699,3.706,3.705,3.888,3.882,3.888,3.893,3.890,3.889,3.888,-58.982,-2903.000
3.705,3.701,3.697,3.694,3.703,3.702,3.703,3.890,3.888,3.888,3.883,3.882,3.885,3.886,-58.992,-2902.000
3.702,3.704,3.699,3.698,3.698,3.699,3.700,3.889,3.890,3.885,3.888,3.890,3.887,3.885,-58.936,-2901.000
3.700,3.708,3.704,3.704,3.700,3.706,3.699,3.887,3.889,3.890,3.891,3.883,3.891,3.887,-59.304,-2900.000
3.701,3.702,3.704,3.699,3.699,3.697,3.702,3.887,3.889,3.879,3.883,3.889,3.884,3.880,-59.054,-2899.000
3.703,3.703,3.700,3.701,3.702,3.698,3.701,3.885,3.888,3.887,3.892,3.890,3.890,3.888,-58.813,-2898.000
3.701,3.703,3.704,3.700,3.701,3.695,3.704,3.888,3.885,3.885,3.883,3.887,3.892,3.890,-58.699,-2897.000
3.699,3.699,3.697,3.692,3.703,3.704,3.698,3.885,3.887,3.886,3.883,3.892,3.892,3.893,-58.944,-2896.000
3.695,3.699,3.702,3.696,3.697,3.699,3.701,3.887,3.887,3.887,3.881,3.882,3.890,3.886,-59.204,-2895.000
3.704,3.696,3.708,3.698,3.702,3.703,3.699,3.879,3.886,3.885,3.885,3.887,3.882,3.888,-59.109,-2894.000
3.700,3.694,3.691,3.704,3.695,3.701,3.696,3.882,3.882,3.885,3.883,3.883,3.882,3.879,-59.128,-2893.000
3.693,3.695,3.697,3.698,3.700,3.699,3.696,3.884,3.887,3.879,3.876,3.883,3.878,3.880,-58.996,-2892.000
3.696,3.702,3.701,3.696,3.706,3.699,3.704,3.887,3.886,3.885,3.883,3.886,3.880,3.880,-58.779,-2891.000
3.694,3.697,3.694,3.693,3.701,3.698,3.701,3.883,3.885,3.883,3.880,3.885,3.882,3.890,-59.152,-2890.000
3.703,3.693,3.699,3.692,3.695,3.696,3.698,3.882,3.881,3.879,3.883,3.885,3.886,3.886,-59.042,-2889.000
3.696,3.701,3.701,3.703,3.703,3.702,3.697,3.885,3.888,3.882,3.887,3.887,3.888,3.883,-59.217,-2888.000
3.700,3.695,3.701,3.690,3.699,3.697,3.695,3.879,3.885,3.881,3.883,3.877,3.887,3.884,-59.054,-2887.000
3.705,3.695,3.697,3.698,3.705,3.694,3.702,3.883,3.883,3.881,3.889,3.884,3.889,3.884,-59.151,-2886.000
3.698,3.701,3.696,3.698,3.701,3.696,3.698,3.883,3.881,3.886,3.885,3.889,3.885,3.888,-59.033,-2885.000
3.698,3.695,3.697,3.699,3.703,3.700,3.700,3.881,3.884,3.879,3.886,3.884,3.890,3.889,-59.075,-2884.000
3.692,3.701,3.699,3.696,3.706,3.699,3.697,3.885,3.881,3.886,3.888,3.884,3.884,3.881,-59.096,-2883.000
3.696,3.697,3.695,3.692,3.700,3.696,3.703,3.883,3.881,3.879,3.890,3.889,3.889,3.883,-58.808,-2882.000
3.695,3.700,3.702,3.701,3.694,3.698,3.698,3.881,3.880,3.878,3.889,3.884,3.889,3.883,-58.840,-2881.000
3.703,3.694,3.698,3.691,3.701,3.692,3.702,3.879,3.886,3.885,3.890,3.889,3.889,3.879,-59.064,-2880.000
3.701,3.696,3.699,3.697,3.701,3.700,3.696,3.882,3.882,3.888,3.883,3.883,3.879,3.887,-58.899,-2879.000
3.695,3.701,3.699,3.697,3.697,3.693,3.690,3.881,3.884,3.886,3.879,3.881,3.880,3.885,-58.787,-2878.000
3.695,3.696,3.698,3.696,3.698,3.698,3.694,3.876,3.876,3.883,3.889,3.879,3.878,3.885,-58.736,-2877.000
3.696,3.691,3.698,3.698,3.699,3.695,3.700,3.880,3.879,3.884,3.884,3.882,3.881,3.877,-58.536,-2876.000
3.697,3.698,3.701,3.694,3.698,3.698,3.697,3.874,3.881,3.885,3.875,3.877,3.877,3.881,-57.178,-2875.000
3.699,3.698,3.697,3.702,3.700,3.701,3.696,3.879,3.885,3.875,3.879,3.877,3.883,3.885,-57.327,-2874.000
3.700,3.698,3.702,3.697,3.698,3.700,3.705,3.879,3.879,3.879,3.878,3.882,3.882,3.884,-57.879,-2873.000
3.700,3.696,3.694,3.692,3.691,3.698,3.695,3.881,3.880,3.879,3.872,3.880,3.876,3.881,-58.413,-2872.000
3.695,3.697,3.695,3.700,3.697,3.693,3.695,3.879,3.885,3.883,3.882,3.878,3.881,3.878,-58.511,-2871.000
3.691,3.699,3.698,3.699,3.699,3.700,3.703,3.880,3.883,3.885,3.879,3.878,3.875,3.884,-58.527,-2870.000
3.695,3.694,3.695,3.694,3.702,3.698,3.698,3.879,3.880,3.877,3.879,3.882,3.879,3.881,-58.552,-2869.000
3.696,3.694,3.696,3.700,3.699,3.699,3.701,3.882,3.879,3.879,3.879,3.877,3.885,3.880,-58.555,-2868.000
3.701,3.698,3.701,3.691,3.693,3.694,3.693,3.886,3.873,3.883,3.883,3.879,3.875,3.878,-59.027,-2867.000
3.691,3.697,3.698,3.695,3.699,3.691,3.699,3.882,3.886,3.885,3.881,3.872,3.877,3.872,-58.976,-2866.000
3.698,3.694,3.690,3.696,3.695,3.700,3.699,3.887,3.880,3.879,3.880,3.881,3.880,3.880,-59.240,-2865.000
3.698,3.692,3.695,3.691,3.697,3.692,3.689,3.874,3.879,3.876,3.879,3.882,3.878,3.882,-59.011,-2864.000
3.696,3.699,3.693,3.698,3.694,3.702,3.694,3.875,3.876,3.881,3.877,3.883,3.884,3.878,-58.941,-2863.000
3.692,3.695,3.705,3.696,3.693,3.694,3.690,3.885,3.876,3.885,3.882,3.877,3.882,3.880,-59.057,-2862.000
3.693,3.696,3.695,3.695,3.690,3.696,3.699,3.876,3.880,3.883,3.877,3.876,3.877,3.882,-59.001,-2861.000
3.692,3.692,3.695,3.695,3.697,3.698,3.695,3.876,3.873,3.879,3.882,3.883,3.882,3.881,-59.151,-2860.000
3.699,3.700,3.693,3.699,3.695,3.695,3.688,3.875,3.877,3.878,3.877,3.873,3.874,3.879,-59.198,-2859.000
3.698,3.692,3.694,3.692,3.693,3.692,3.700,3.882,3.881,3.880,3.881,3.888,3.876,3.878,-59.048,-2858.000
3.696,3.694,3.689,3.694,3.688,3.696,3.693,3.880,3.880,3.879,3.875,3.884,3.876,3.875,-59.226,-2857.000
3.693,3.698,3.689,3.691,3.691,3.699,3.693,3.879,3.881,3.881,3.882,3.874,3.881,3.877,-58.988,-2856.000
3.691,3.691,3.694,3.694,3.692,3.690,3.695,3.877,3.876,3.880,3.880,3.869,3.882,3.872,-59.143,-2855.000
3.695,3.692,3.701,3.692,3.690,3.688,3.688,3.879,3.881,3.878,3.875,3.879,3.873,3.873,-59.008,-2854.000
3.693,3.687,3.694,3.695,3.691,3.684,3.695,3.877,3.879,3.881,3.877,3.873,3.873,3.878,-58.944,-2853.000
3.690,3.691,3.689,3.694,3.687,3.697,3.691,3.880,3.874,3.878,3.872,3.882,3.880,3.870,-59.074,-2852.000
3.693,3.691,3.692,3.695,3.686,3.689,3.690,3.878,3.880,3.881,3.880,3.874,3.878,3.879,-59.144,-2851.000
3.692,3.690,3.690,3.697,3.693,3.688,3.688,3.885,3.875,3.880,3.881,3.880,3.875,3.879,-59.079,-2850.000
3.688,3.693,3.694,3.685,3.690,3.688,3.694,3.874,3.879,3.879,3.876,3.881,3.876,3.881,-59.284,-2849.000
3.694,3.690,3.692,3.693,3.689,3.695,3.689,3.879,3.877,3.873,3.873,3.879,3.879,3.880,-59.140,-2848.000
3.692,3.692,3.689,3.693,3.690,3.687,3.694,3.878,3.879,3.875,3.876,3.875,3.881,3.875,-59.237,-2847.000
3.693,3.692,3.693,3.687,3.693,3.691,3.693,3.873,3.873,3.879,3.881,3.876,3.880,3.878,-59.090,-2846.000
3.687,3.689,3.684,3.691,3.693,3.689,3.690,3.877,3.875,3.879,3.878,3.874,3.875,3.877,-59.074,-2845.000
3.688,3.690,3.690,3.693,3.696,3.690,3.695,3.880,3.879,3.872,3.880,3.880,3.875,3.874,-59.280,-2844.000
3.691,3.692,3.688,3.686,3.687,3.690,3.681,3.875,3.871,3.870,3.870,3.873,3.869,3.872,-59.084,-2843.000
3.691,3.691,3.692,3.692,3.692,3.689,3.695,3.870,3.878,3.879,3.876,3.876,3.873,3.876,-59.062,-2842.000
3.690,3.692,3.684,3.694,3.690,3.691,3.692,3.886,3.874,3.880,3.871,3.875,3.881,3.876,-59.159,-2841.000
3.687,3.687,3.692,3.690,3.696,3.686,3.697,3.880,3.878,3.879,3.872,3.877,3.878,3.883,-59.034,-2840.000
3.693,3.693,3.688,3.693,3.690,3.692,3.684,3.876,3.877,3.880,3.879,3.876,3.875,3.876,-59.076,-2839.000
3.688,3.692,3.692,3.691,3.688,3.688,3.693,3.875,3.875,3.879,3.873,3.878,3.881,3.879,-58.954,-2838.000
3.686,3.690,3.693,3.689,3.686,3.691,3.695,3.871,3.882,3.883,3.882,3.881,3.877,3.875,-58.866,-2837.000
3.686,3.690,3.694,3.684,3.692,3.689,3.688,3.880,3.880,3.881,3.876,3.872,3.877,3.874,-59.083,-2836.000
3.686,3.692,3.687,3.692,3.689,3.693,3.690,3.881,3.880,3.883,3.879,3.878,3.873,3.874,-59.097,-2835.000
3.691,3.694,3.691,3.688,3.690,3.693,3.693,3.879,3.878,3.880,3.879,3.879,3.874,3.876,-59.032,-2834.000
3.686,3.693,3.692,3.692,3.689,3.690,3.687,3.874,3.870,3.878,3.875,3.876,3.878,3.877,-58.928,-2833.000
3.692,3.688,3.688,3.689,3.685,3.687,3.689,3.873,3.874,3.876,3.876,3.877,3.876,3.878,-58.859,-2832.000
3.690,3.690,3.688,3.690,3.696,3.688,3.690,3.875,3.875,3.881,3.876,3.879,3.871,3.875,-59.114,-2831.000
3.683,3.692,3.689,3.688,3.687,3.683,3.684,3.873,3.878,3.873,3.883,3.880,3.878,3.880,-59.226,-2830.000
3.690,3.693,3.690,3.691,3.696,3.685,3.688,3.879,3.874,3.878,3.877,3.880,3.884,3.874,-59.164,-2829.000
3.689,3.690,3.689,3.691,3.690,3.693,3.688,3.874,3.885,3.876,3.879,3.876,3.878,3.882,-59.248,-2828.000
3.687,3.689,3.694,3.690,3.690,3.690,3.688,3.876,3.878,3.878,3.871,3.871,3.876,3.870,-58.988,-2827.000
3.689,3.682,3.691,3.689,3.688,3.686,3.688,3.872,3.871,3.878,3.881,3.878,3.876,3.879,-59.321,-2826.000
3.689,3.690,3.683,3.692,3.679,3.688,3.690,3.874,3.876,3.875,3.878,3.877,3.878,3.878,-59.022,-2825.000
3.694,3.688,3.690,3.687,3.690,3.684,3.690,3.881,3.875,3.876,3.873,3.874,3.876,3.873,-58.959,-2824.000
3.685,3.687,3.692,3.690,3.690,3.687,3.690,3.874,3.880,3.873,3.878,3.874,3.877,3.879,-59.113,-2823.000
3.691,3.693,3.685,3.690,3.693,3.690,3.688,3.869,3.871,3.876,3.878,3.875,3.883,3.882,-58.900,-2822.000
3.689,3.689,3.691,3.689,3.683,3.688,3.691,3.881,3.879,3.878,3.882,3.873,3.877,3.879,-59.265,-2821.000
3.688,3.687,3.689,3.685,3.689,3.689,3.685,3.877,3.879,3.882,3.879,3.876,3.879,3.873,-59.146,-2820.000
3.686,3.689,3.693,3.682,3.683,3.691,3.684,3.876,3.875,3.882,3.879,3.876,3.876,3.880,-59.376,-2819.000
3.686,3.687,3.685,3.690,3.685,3.684,3.690,3.876,3.875,3.872,3.875,3.877,3.875,3.871,-59.233,-2818.000
3.689,3.687,3.688,3.685,3.685,3.691,3.696,3.876,3.881,3.874,3.875,3.875,3.876,3.872,-59.318,-2817.000
3.686,3.685,3.691,3.693,3.686,3.681,3.683,3.870,3.873,3.874,3.870,3.877,3.879,3.873,-59.310,-2816.000
3.690,3.685,3.693,3.682,3.688,3.686,3.683,3.874,3.871,3.865,3.865,3.872,3.873,3.880,-59.154,-2815.000
3.690,3.684,3.684,3.690,3.690,3.689,3.684,3.878,3.869,3.872,3.873,3.874,3.872,3.874,-59.180,-2814.000
3.683,3.689,3.679,3.687,3.690,3.684,3.687,3.870,3.866,3.874,3.876,3.876,3.879,3.871,-59.001,-2813.000
3.685,3.691,3.687,3.690,3.687,3.685,3.684,3.874,3.871,3.875,3.870,3.872,3.870,3.871,-59.141,-2812.000
3.685,3.686,3.684,3.689,3.690,3.687,3.693,3.874,3.869,3.870,3.880,3.870,3.875,3.876,-59.488,-2811.000
3.687,3.691,3.685,3.684,3.686,3.680,3.689,3.873,3.872,3.869,3.873,3.877,3.875,3.873,-59.252,-2810.000
3.687,3.687,3.688,3.689,3.680,3.688,3.689,3.875,3.876,3.866,3.874,3.875,3.876,3.876,-59.129,-2809.000
3.685,3.686,3.686,3.690,3.684,3.690,3.690,3.875,3.876,3.876,3.872,3.878,3.878,3.876,-59.284,-2808.000
3.687,3.690,3.688,3.689,3.690,3.687,3.688,3.872,3.872,3.870,3.875,3.877,3.873,3.877,-59.220,-2807.000
3.684,3.691,3.685,3.685,3.689,3.688,3.687,3.871,3.879,3.880,3.881,3.881,3.877,3.880,-59.363,-2806.000
3.685,3.691,3.690,3.689,3.687,3.682,3.683,3.875,3.873,3.871,3.870,3.876,3.879,3.874,-59.201,-2805.000
3.683,3.689,3.688,3.691,3.691,3.688,3.687,3.875,3.876,3.876,3.874,3.876,3.872,3.873,-59.181,-2804.000
3.692,3.689,3.688,3.690,3.685,3.689,3.684,3.872,3.880,3.866,3.874,3.875,3.876,3.878,-59.091,-2803.000
3.688,3.687,3.691,3.679,3.685,3.685,3.689,3.873,3.871,3.873,3.873,3.866,3.874,3.875,-59.173,-2802.000
3.682,3.685,3.683,3.686,3.687,3.688,3.683,3.870,3.872,3.874,3.872,3.874,3.874,3.876,-59.099,-2801.000
3.683,3.685,3.681,3.685,3.689,3.691,3.692,3.869,3.869,3.869,3.873,3.872,3.873,3.868,-59.256,-2800.000
3.687,3.685,3.679,3.681,3.676,3.673,3.675,3.875,3.873,3.867,3.865,3.862,3.864,3.866,-59.005,-2799.000
3.681,3.680,3.676,3.686,3.681,3.686,3.678,3.865,3.867,3.868,3.871,3.870,3.869,3.871,-59.057,-2798.000
3.686,3.688,3.687,3.683,3.681,3.675,3.678,3.874,3.884,3.876,3.877,3.875,3.874,3.877,-59.143,-2797.000
3.680,3.681,3.682,3.682,3.682,3.681,3.689,3.866,3.873,3.870,3.878,3.872,3.873,3.873,-59.250,-2796.000
3.681,3.677,3.684,3.684,3.685,3.681,3.683,3.871,3.871,3.872,3.870,3.872,3.870,3.870,-59.123,-2795.000
3.685,3.680,3.682,3.685,3.686,3.681,3.684,3.872,3.877,3.872,3.873,3.875,3.869,3.872,-59.228,-2794.000
3.685,3.684,3.677,3.685,3.682,3.682,3.684,3.870,3.876,3.870,3.870,3.869,3.872,3.871,-59.520,-2793.000
3.677,3.686,3.687,3.686,3.684,3.679,3.685,3.869,3.864,3.869,3.874,3.873,3.871,3.874,-59.298,-2792.000
3.684,3.681,3.684,3.685,3.681,3.688,3.679,3.863,3.867,3.874,3.871,3.872,3.873,3.869,-59.149,-2791.000
3.687,3.682,3.680,3.677,3.685,3.674,3.680,3.865,3.866,3.871,3.869,3.869,3.866,3.869,-59.033,-2790.000
3.687,3.685,3.684,3.680,3.674,3.683,3.678,3.863,3.868,3.863,3.878,3.870,3.871,3.874,-58.888,-2789.000
3.680,3.682,3.684,3.681,3.677,3.677,3.684,3.865,3.872,3.874,3.873,3.868,3.865,3.865,-59.024,-2788.000
3.674,3.675,3.682,3.680,3.684,3.680,3.677,3.869,3.870,3.868,3.867,3.868,3.871,3.871,-59.263,-2787.000
3.684,3.684,3.680,3.685,3.680,3.680,3.681,3.873,3.870,3.871,3.869,3.866,3.867,3.871,-59.236,-2786.000
3.680,3.678,3.681,3.682,3.682,3.680,3.681,3.874,3.872,3.872,3.871,3.867,3.870,3.873,-59.142,-2785.000
3.677,3.677,3.676,3.676,3.681,3.681,3.675,3.868,3.869,3.866,3.861,3.864,3.867,3.866,-59.291,-2784.000
3.677,3.681,3.680,3.678,3.676,3.675,3.675,3.872,3.867,3.863,3.867,3.864,3.861,3.870,-59.163,-2783.000
3.679,3.674,3.685,3.677,3.681,3.677,3.680,3.869,3.868,3.869,3.867,3.867,3.874,3.869,-59.128,-2782.000
3.678,3.685,3.678,3.679,3.681,3.680,3.681,3.871,3.867,3.870,3.872,3.868,3.869,3.869,-59.088,-2781.000
3.676,3.684,3.679,3.679,3.676,3.677,3.675,3.866,3.862,3.866,3.867,3.866,3.869,3.867,-59.145,-2780.000
3.684,3.676,3.685,3.675,3.681,3.682,3.679,3.867,3.872,3.867,3.869,3.867,3.867,3.874,-59.026,-2779.000
3.675,3.675,3.679,3.675,3.681,3.677,3.682,3.866,3.870,3.867,3.864,3.860,3.869,3.870,-59.132,-2778.000
3.684,3.686,3.680,3.680,3.679,3.678,3.677,3.875,3.878,3.867,3.866,3.865,3.869,3.868,-59.135,-2777.000
3.680,3.680,3.680,3.675,3.672,3.680,3.681,3.870,3.863,3.864,3.865,3.868,3.864,3.872,-58.970,-2776.000
3.681,3.679,3.680,3.680,3.680,3.678,3.676,3.869,3.863,3.866,3.868,3.868,3.867,3.862,-58.967,-2775.000
3.672,3.673,3.675,3.676,3.676,3.673,3.674,3.864,3.863,3.862,3.873,3.867,3.863,3.861,-59.028,-2774.000
3.678,3.676,3.681,3.676,3.679,3.676,3.676,3.860,3.874,3.865,3.868,3.867,3.870,3.867,-59.113,-2773.000
3.677,3.679,3.679,3.678,3.679,3.680,3.680,3.870,3.867,3.871,3.871,3.870,3.860,3.868,-59.099,-2772.000
3.677,3.674,3.679,3.682,3.680,3.679,3.678,3.864,3.863,3.867,3.868,3.867,3.866,3.868,-59.260,-2771.000
3.680,3.675,3.677,3.680,3.673,3.679,3.681,3.866,3.870,3.867,3.873,3.868,3.864,3.866,-59.235,-2770.000
3.678,3.682,3.675,3.681,3.678,3.676,3.676,3.869,3.866,3.867,3.864,3.866,3.861,3.868,-59.065,-2769.000
3.675,3.679,3.676,3.675,3.677,3.675,3.676,3.864,3.859,3.866,3.867,3.867,3.864,3.867,-58.997,-2768.000
3.680,3.679,3.673,3.680,3.669,3.677,3.678,3.868,3.870,3.862,3.861,3.865,3.858,3.862,-58.938,-2767.000
3.678,3.677,3.676,3.670,3.674,3.670,3.680,3.860,3.869,3.864,3.867,3.872,3.868,3.863,-58.853,-2766.000
3.675,3.676,3.666,3.676,3.672,3.677,3.670,3.858,3.863,3.862,3.870,3.863,3.863,3.864,-58.675,-2765.000
3.675,3.671,3.678,3.672,3.678,3.673,3.671,3.861,3.859,3.867,3.865,3.862,3.863,3.868,-58.731,-2764.000
3.676,3.682,3.671,3.677,3.670,3.675,3.672,3.865,3.866,3.866,3.873,3.865,3.865,3.863,-58.895,-2763.000
3.673,3.671,3.672,3.674,3.679,3.678,3.675,3.867,3.862,3.862,3.861,3.861,3.866,3.861,-58.812,-2762.000
3.671,3.672,3.675,3.676,3.678,3.673,3.678,3.866,3.870,3.864,3.861,3.862,3.865,3.867,-58.972,-2761.000
3.678,3.678,3.673,3.679,3.679,3.673,3.677,3.865,3.867,3.862,3.862,3.864,3.859,3.866,-58.856,-2760.000
3.675,3.679,3.674,3.675,3.680,3.673,3.672,3.855,3.875,3.868,3.869,3.873,3.864,3.868,-58.997,-2759.000
3.676,3.679,3.674,3.671,3.675,3.671,3.673,3.860,3.862,3.860,3.866,3.866,3.861,3.868,-59.223,-2758.000
3.669,3.675,3.675,3.676,3.676,3.677,3.666,3.867,3.863,3.864,3.860,3.862,3.857,3.858,-59.209,-2757.000
3.674,3.672,3.666,3.675,3.673,3.676,3.670,3.862,3.863,3.860,3.864,3.865,3.860,3.855,-59.193,-2756.000
3.681,3.673,3.677,3.665,3.674,3.672,3.671,3.863,3.864,3.862,3.862,3.859,3.860,3.863,-59.113,-2755.000
3.671,3.675,3.676,3.677,3.675,3.670,3.668,3.860,3.860,3.864,3.865,3.864,3.861,3.869,-59.057,-2754.000
3.675,3.667,3.676,3.677,3.676,3.671,3.671,3.866,3.861,3.862,3.861,3.864,3.859,3.862,-59.079,-2753.000
3.676,3.675,3.676,3.677,3.681,3.671,3.676,3.859,3.864,3.860,3.862,3.859,3.863,3.858,-58.832,-2752.000
3.671,3.680,3.677,3.674,3.672,3.681,3.679,3.865,3.859,3.855,3.859,3.859,3.867,3.860,-58.900,-2751.000
3.682,3.674,3.672,3.677,3.677,3.678,3.680,3.864,3.860,3.868,3.863,3.861,3.864,3.862,-58.876,-2750.000
3.669,3.678,3.672,3.677,3.679,3.677,3.679,3.861,3.861,3.864,3.864,3.863,3.862,3.866,-59.052,-2749.000
3.675,3.673,3.678,3.669,3.679,3.679,3.676,3.858,3.862,3.866,3.869,3.863,3.861,3.865,-59.007,-2748.000
3.677,3.679,3.677,3.674,3.680,3.681,3.676,3.862,3.862,3.866,3.864,3.868,3.864,3.863,-59.240,-2747.000
3.678,3.672,3.678,3.673,3.674,3.676,3.673,3.864,3.866,3.865,3.861,3.856,3.866,3.867,-59.268,-2746.000
3.666,3.675,3.676,3.675,3.666,3.670,3.673,3.865,3.867,3.863,3.868,3.860,3.867,3.867,-59.475,-2745.000
3.669,3.679,3.667,3.676,3.677,3.675,3.675,3.868,3.862,3.860,3.859,3.862,3.863,3.865,-59.607,-2744.000
3.669,3.673,3.669,3.677,3.673,3.672,3.673,3.858,3.863,3.863,3.865,3.863,3.859,3.863,-59.478,-2743.000
3.675,3.674,3.668,3.673,3.672,3.669,3.674,3.862,3.864,3.867,3.866,3.863,3.861,3.861,-59.478,-2742.000
3.672,3.673,3.672,3.671,3.675,3.672,3.672,3.858,3.859,3.867,3.862,3.861,3.865,3.857,-59.132,-2741.000
3.669,3.678,3.675,3.667,3.676,3.667,3.676,3.860,3.865,3.861,3.863,3.859,3.858,3.865,-59.216,-2740.000
3.673,3.666,3.673,3.671,3.671,3.671,3.671,3.866,3.864,3.864,3.860,3.864,3.855,3.861,-59.132,-2739.000
3.673,3.673,3.670,3.672,3.673,3.671,3.675,3.858,3.859,3.864,3.858,3.868,3.863,3.857,-59.105,-2738.000
3.668,3.672,3.670,3.673,3.673,3.674,3.668,3.863,3.858,3.867,3.860,3.869,3.865,3.861,-59.243,-2737.000
3.672,3.676,3.668,3.675,3.670,3.669,3.673,3.859,3.857,3.862,3.864,3.861,3.862,3.859,-59.138,-2736.000
3.673,3.673,3.678,3.670,3.676,3.670,3.669,3.867,3.861,3.860,3.861,3.858,3.862,3.857,-59.284,-2735.000
3.675,3.668,3.669,3.669,3.666,3.674,3.671,3.858,3.862,3.860,3.858,3.856,3.857,3.859,-59.395,-2734.000
3.667,3.671,3.673,3.670,3.673,3.674,3.664,3.864,3.869,3.865,3.856,3.862,3.858,3.857,-59.462,-2733.000
3.671,3.668,3.676,3.670,3.676,3.668,3.674,3.857,3.860,3.858,3.860,3.859,3.856,3.860,-59.361,-2732.000
3.671,3.670,3.671,3.674,3.670,3.672,3.674,3.857,3.857,3.855,3.860,3.857,3.854,3.855,-59.166,-2731.000
3.663,3.671,3.667,3.671,3.675,3.667,3.667,3.858,3.854,3.853,3.852,3.855,3.863,3.860,-59.163,-2730.000
3.671,3.667,3.675,3.674,3.669,3.671,3.675,3.856,3.852,3.854,3.860,3.860,3.858,3.854,-59.148,-2729.000
3.666,3.675,3.668,3.670,3.673,3.666,3.662,3.855,3.859,3.858,3.861,3.857,3.859,3.854,-59.188,-2728.000
3.670,3.671,3.670,3.670,3.668,3.675,3.674,3.861,3.853,3.857,3.853,3.854,3.854,3.860,-58.950,-2727.000
3.673,3.670,3.672,3.672,3.667,3.673,3.672,3.855,3.856,3.856,3.861,3.855,3.852,3.858,-58.957,-2726.000
3.670,3.667,3.677,3.677,3.673,3.671,3.671,3.860,3.858,3.856,3.857,3.857,3.854,3.860,-59.026,-2725.000
3.667,3.674,3.671,3.672,3.669,3.667,3.670,3.856,3.856,3.856,3.859,3.856,3.856,3.854,-58.989,-2724.000
3.674,3.673,3.672,3.670,3.676,3.676,3.677,3.860,3.858,3.860,3.862,3.856,3.858,3.861,-59.205,-2723.000
3.675,3.671,3.675,3.671,3.674,3.671,3.669,3.855,3.860,3.856,3.857,3.856,3.855,3.859,-59.232,-2722.000
3.674,3.676,3.676,3.680,3.670,3.671,3.672,3.857,3.861,3.863,3.862,3.861,3.854,3.859,-59.188,-2721.000
3.672,3.673,3.670,3.671,3.668,3.667,3.672,3.859,3.863,3.860,3.856,3.858,3.854,3.855,-58.916,-2720.000
3.675,3.670,3.671,3.668,3.680,3.671,3.672,3.856,3.862,3.854,3.856,3.862,3.861,3.857,-58.959,-2719.000
3.672,3.667,3.668,3.671,3.673,3.662,3.673,3.853,3.859,3.862,3.860,3.854,3.861,3.853,-58.858,-2718.000
3.670,3.669,3.673,3.679,3.673,3.667,3.672,3.857,3.854,3.858,3.858,3.857,3.859,3.859,-58.999,-2717.000
3.669,3.676,3.664,3.670,3.668,3.668,3.672,3.858,3.857,3.859,3.855,3.860,3.853,3.856,-58.910,-2716.000
3.675,3.666,3.667,3.672,3.673,3.663,3.671,3.851,3.859,3.858,3.856,3.858,3.857,3.861,-59.119,-2715.000
3.670,3.673,3.671,3.674,3.672,3.672,3.670,3.857,3.857,3.858,3.857,3.856,3.858,3.854,-59.014,-2714.000
3.666,3.672,3.668,3.670,3.674,3.671,3.670,3.855,3.857,3.858,3.857,3.857,3.851,3.856,-59.246,-2713.000
3.675,3.675,3.675,3.671,3.674,3.670,3.669,3.860,3.854,3.862,3.860,3.854,3.854,3.858,-59.348,-2712.000
3.675,3.670,3.672,3.669,3.671,3.666,3.671,3.860,3.852,3.856,3.857,3.852,3.855,3.861,-59.179,-2711.000
3.672,3.665,3.666,3.666,3.668,3.672,3.671,3.860,3.860,3.856,3.863,3.857,3.859,3.856,-59.320,-2710.000
3.668,3.665,3.670,3.663,3.671,3.668,3.668,3.864,3.859,3.860,3.861,3.855,3.848,3.857,-59.379,-2709.000
3.666,3.666,3.670,3.668,3.667,3.666,3.671,3.860,3.860,3.860,3.856,3.858,3.856,3.853,-59.334,-2708.000
3.669,3.666,3.666,3.664,3.670,3.659,3.668,3.858,3.858,3.858,3.858,3.851,3.855,3.858,-59.259,-2707.000
3.667,3.666,3.663,3.672,3.670,3.671,3.669,3.854,3.854,3.853,3.850,3.860,3.864,3.855,-59.457,-2706.000
3.672,3.666,3.664,3.666,3.670,3.669,3.669,3.861,3.864,3.849,3.862,3.855,3.852,3.854,-59.267,-2705.000
3.670,3.666,3.667,3.667,3.670,3.663,3.663,3.857,3.857,3.852,3.854,3.855,3.855,3.851,-59.220,-2704.000
3.668,3.669,3.665,3.667,3.666,3.671,3.662,3.858,3.854,3.860,3.864,3.854,3.858,3.858,-59.124,-2703.000
3.665,3.664,3.664,3.667,3.670,3.666,3.663,3.858,3.860,3.860,3.853,3.860,3.858,3.853,-59.054,-2702.000
3.666,3.668,3.675,3.660,3.667,3.663,3.663,3.858,3.856,3.855,3.859,3.855,3.858,3.855,-59.133,-2701.000
3.670,3.668,3.667,3.665,3.669,3.664,3.667,3.854,3.856,3.855,3.859,3.859,3.857,3.859,-59.322,-2700.000
3.663,3.662,3.668,3.663,3.664,3.665,3.666,3.855,3.855,3.855,3.859,3.853,3.854,3.857,-59.177,-2699.000
3.664,3.670,3.662,3.669,3.660,3.667,3.660,3.858,3.857,3.853,3.860,3.862,3.855,3.855,-59.057,-2698.000
3.663,3.665,3.666,3.667,3.664,3.668,3.664,3.859,3.854,3.857,3.851,3.853,3.857,3.856,-58.686,-2697.000
3.666,3.662,3.669,3.664,3.664,3.663,3.666,3.853,3.852,3.851,3.856,3.845,3.856,3.855,-58.743,-2696.000
3.659,3.666,3.666,3.663,3.664,3.659,3.657,3.852,3.853,3.854,3.853,3.853,3.856,3.858,-58.722,-2695.000
3.666,3.665,3.664,3.659,3.662,3.661,3.665,3.853,3.850,3.855,3.851,3.855,3.850,3.854,-58.804,-2694.000
3.665,3.656,3.663,3.667,3.665,3.660,3.664,3.855,3.848,3.852,3.856,3.856,3.854,3.847,-58.828,-2693.000
3.664,3.668,3.667,3.662,3.661,3.661,3.662,3.855,3.847,3.851,3.849,3.852,3.850,3.850,-58.765,-2692.000
3.666,3.667,3.665,3.665,3.655,3.663,3.659,3.851,3.851,3.851,3.851,3.848,3.849,3.853,-58.806,-2691.000
3.659,3.661,3.667,3.661,3.665,3.667,3.664,3.846,3.854,3.860,3.856,3.854,3.848,3.847,-58.967,-2690.000
3.660,3.667,3.663,3.666,3.665,3.668,3.663,3.844,3.846,3.849,3.848,3.857,3.850,3.854,-59.161,-2689.000
3.666,3.661,3.664,3.660,3.664,3.661,3.669,3.846,3.850,3.845,3.851,3.847,3.846,3.847,-58.931,-2688.000
3.667,3.668,3.666,3.668,3.667,3.661,3.664,3.850,3.854,3.849,3.849,3.849,3.858,3.846,-58.827,-2687.000
3.667,3.665,3.664,3.672,3.667,3.665,3.659,3.855,3.852,3.858,3.852,3.849,3.852,3.854,-59.097,-2686.000
3.667,3.668,3.669,3.665,3.664,3.664,3.664,3.849,3.852,3.850,3.854,3.855,3.854,3.854,-59.130,-2685.000
3.666,3.666,3.660,3.662,3.666,3.662,3.664,3.851,3.851,3.849,3.857,3.848,3.847,3.848,-59.252,-2684.000
3.667,3.669,3.663,3.670,3.665,3.674,3.667,3.853,3.845,3.854,3.850,3.847,3.849,3.851,-59.162,-2683.000
3.664,3.670,3.666,3.668,3.661,3.666,3.668,3.850,3.849,3.842,3.851,3.852,3.851,3.853,-59.233,-2682.000
3.664,3.663,3.664,3.663,3.663,3.666,3.664,3.846,3.848,3.847,3.851,3.857,3.850,3.852,-59.241,-2681.000
3.666,3.663,3.660,3.664,3.671,3.667,3.667,3.854,3.851,3.854,3.850,3.850,3.862,3.849,-59.167,-2680.000
3.664,3.662,3.663,3.658,3.668,3.667,3.668,3.852,3.858,3.852,3.852,3.850,3.853,3.851,-59.234,-2679.000
3.668,3.663,3.666,3.664,3.659,3.664,3.663,3.852,3.853,3.852,3.847,3.844,3.846,3.855,-59.344,-2678.000
3.673,3.667,3.662,3.664,3.668,3.670,3.667,3.857,3.856,3.854,3.850,3.855,3.848,3.855,-59.247,-2677.000
3.668,3.664,3.666,3.660,3.668,3.668,3.665,3.851,3.854,3.847,3.854,3.855,3.855,3.859,-59.233,-2676.000
3.665,3.661,3.662,3.671,3.665,3.664,3.664,3.855,3.855,3.849,3.849,3.841,3.844,3.855,-59.366,-2675.000
3.663,3.666,3.664,3.661,3.666,3.667,3.671,3.855,3.856,3.850,3.846,3.846,3.859,3.851,-59.236,-2674.000
3.664,3.667,3.666,3.669,3.669,3.672,3.662,3.847,3.850,3.850,3.855,3.849,3.846,3.853,-59.199,-2673.000
3.664,3.664,3.662,3.668,3.665,3.663,3.661,3.847,3.852,3.847,3.842,3.853,3.845,3.849,-59.084,-2672.000
3.662,3.664,3.664,3.671,3.662,3.667,3.666,3.848,3.850,3.851,3.848,3.847,3.843,3.848,-59.183,-2671.000
3.661,3.661,3.669,3.660,3.664,3.660,3.663,3.856,3.848,3.847,3.847,3.847,3.846,3.852,-58.811,-2670.000
3.662,3.669,3.654,3.668,3.664,3.662,3.668,3.849,3.844,3.850,3.852,3.848,3.849,3.851,-58.679,-2669.000
3.662,3.661,3.664,3.663,3.660,3.661,3.662,3.845,3.850,3.850,3.848,3.849,3.848,3.849,-58.878,-2668.000
3.662,3.662,3.663,3.665,3.667,3.661,3.664,3.849,3.845,3.850,3.850,3.846,3.850,3.851,-59.128,-2667.000
3.665,3.667,3.663,3.663,3.666,3.665,3.660,3.848,3.840,3.842,3.845,3.842,3.848,3.841,-59.118,-2666.000
3.670,3.661,3.667,3.658,3.660,3.659,3.661,3.853,3.855,3.850,3.851,3.856,3.851,3.850,-59.328,-2665.000
3.668,3.663,3.668,3.663,3.665,3.662,3.664,3.852,3.850,3.849,3.845,3.845,3.849,3.850,-59.029,-2664.000
3.664,3.667,3.663,3.664,3.661,3.655,3.663,3.853,3.848,3.849,3.848,3.848,3.853,3.846,-59.204,-2663.000
3.656,3.668,3.659,3.665,3.665,3.663,3.660,3.848,3.850,3.849,3.854,3.845,3.842,3.847,-59.048,-2662.000
3.661,3.663,3.655,3.658,3.660,3.661,3.667,3.850,3.847,3.849,3.848,3.850,3.846,3.850,-59.120,-2661.000
3.660,3.659,3.655,3.662,3.658,3.668,3.662,3.848,3.849,3.845,3.847,3.845,3.842,3.846,-59.237,-2660.000
3.663,3.660,3.659,3.663,3.655,3.660,3.655,3.846,3.847,3.849,3.841,3.846,3.848,3.850,-59.075,-2659.000
3.662,3.667,3.662,3.658,3.659,3.665,3.664,3.848,3.847,3.850,3.849,3.852,3.851,3.844,-59.039,-2658.000
3.664,3.659,3.661,3.661,3.659,3.658,3.659,3.842,3.845,3.855,3.844,3.847,3.843,3.846,-59.032,-2657.000
3.655,3.662,3.656,3.661,3.661,3.665,3.657,3.853,3.852,3.851,3.855,3.848,3.851,3.849,-58.973,-2656.000
3.660,3.662,3.657,3.657,3.662,3.667,3.661,3.845,3.847,3.844,3.851,3.846,3.845,3.847,-59.017,-2655.000
3.660,3.658,3.657,3.667,3.661,3.665,3.657,3.853,3.856,3.852,3.847,3.851,3.848,3.847,-59.174,-2654.000
3.658,3.664,3.662,3.655,3.657,3.663,3.661,3.849,3.849,3.847,3.848,3.846,3.846,3.846,-59.031,-2653.000
3.664,3.659,3.666,3.665,3.665,3.658,3.666,3.848,3.850,3.851,3.852,3.854,3.846,3.843,-58.844,-2652.000
3.664,3.664,3.663,3.663,3.663,3.661,3.662,3.851,3.845,3.853,3.845,3.850,3.855,3.852,-57.944,-2651.000
3.662,3.661,3.659,3.667,3.662,3.667,3.659,3.850,3.846,3.855,3.852,3.843,3.852,3.845,-57.110,-2650.000
3.663,3.659,3.661,3.658,3.659,3.661,3.667,3.847,3.846,3.848,3.849,3.848,3.851,3.855,-56.606,-2649.000
3.661,3.657,3.667,3.664,3.656,3.659,3.661,3.850,3.846,3.853,3.846,3.847,3.846,3.851,-56.543,-2648.000
3.659,3.658,3.659,3.661,3.658,3.655,3.663,3.849,3.844,3.849,3.843,3.845,3.847,3.841,-56.026,-2647.000
3.661,3.659,3.661,3.662,3.661,3.661,3.660,3.848,3.849,3.854,3.852,3.842,3.845,3.840,-56.780,-2646.000
3.660,3.664,3.658,3.659,3.659,3.660,3.659,3.843,3.849,3.848,3.847,3.840,3.847,3.847,-57.007,-2645.000
3.654,3.656,3.658,3.657,3.661,3.654,3.651,3.845,3.844,3.842,3.842,3.846,3.847,3.841,-57.567,-2644.000
3.661,3.655,3.656,3.653,3.660,3.652,3.653,3.844,3.846,3.847,3.846,3.841,3.842,3.843,-57.670,-2643.000
3.657,3.659,3.657,3.650,3.658,3.656,3.654,3.848,3.844,3.841,3.841,3.841,3.847,3.846,-58.122,-2642.000
3.656,3.661,3.654,3.653,3.657,3.658,3.662,3.842,3.847,3.847,3.841,3.847,3.841,3.845,-58.358,-2641.000
3.663,3.653,3.653,3.661,3.660,3.655,3.655,3.845,3.844,3.849,3.840,3.840,3.845,3.845,-58.499,-2640.000
3.660,3.661,3.658,3.662,3.659,3.658,3.659,3.844,3.845,3.847,3.851,3.849,3.843,3.838,-58.565,-2639.000
3.658,3.657,3.652,3.656,3.654,3.653,3.656,3.839,3.843,3.847,3.851,3.841,3.848,3.843,-58.696,-2638.000
3.658,3.659,3.659,3.659,3.653,3.654,3.660,3.843,3.844,3.845,3.842,3.849,3.845,3.839,-58.855,-2637.000
3.658,3.655,3.660,3.655,3.656,3.658,3.662,3.848,3.846,3.845,3.845,3.840,3.843,3.844,-58.718,-2636.000
3.655,3.662,3.655,3.662,3.655,3.654,3.651,3.844,3.849,3.849,3.842,3.845,3.842,3.838,-58.724,-2635.000
3.662,3.657,3.656,3.656,3.663,3.659,3.661,3.845,3.839,3.836,3.842,3.844,3.846,3.840,-58.753,-2634.000
3.655,3.659,3.659,3.659,3.654,3.663,3.657,3.844,3.840,3.845,3.838,3.848,3.843,3.844,-58.874,-2633.000
3.665,3.658,3.661,3.663,3.663,3.664,3.662,3.844,3.840,3.847,3.846,3.843,3.843,3.843,-58.957,-2632.000
3.664,3.664,3.662,3.659,3.658,3.654,3.661,3.844,3.847,3.851,3.844,3.848,3.848,3.845,-58.873,-2631.000
3.655,3.659,3.656,3.660,3.659,3.657,3.659,3.843,3.849,3.844,3.844,3.845,3.843,3.840,-58.763,-2630.000
3.655,3.660,3.659,3.664,3.656,3.660,3.658,3.837,3.852,3.846,3.838,3.845,3.849,3.844,-58.930,-2629.000
3.659,3.662,3.654,3.659,3.654,3.659,3.656,3.843,3.845,3.846,3.840,3.844,3.851,3.842,-59.080,-2628.000
3.655,3.661,3.655,3.657,3.662,3.660,3.654,3.845,3.853,3.847,3.846,3.848,3.847,3.848,-59.273,-2627.000
3.656,3.653,3.655,3.663,3.660,3.661,3.663,3.847,3.850,3.843,3.842,3.842,3.847,3.845,-59.222,-2626.000
3.654,3.659,3.658,3.665,3.663,3.658,3.658,3.842,3.849,3.845,3.846,3.846,3.848,3.844,-59.200,-2625.000
3.660,3.657,3.660,3.661,3.662,3.664,3.655,3.848,3.850,3.849,3.849,3.842,3.852,3.845,-59.210,-2624.000
3.661,3.661,3.658,3.659,3.665,3.661,3.657,3.850,3.848,3.846,3.847,3.846,3.850,3.842,-59.427,-2623.000
3.661,3.654,3.657,3.654,3.656,3.660,3.660,3.841,3.844,3.838,3.845,3.840,3.845,3.843,-59.224,-2622.000
3.660,3.666,3.655,3.659,3.650,3.655,3.657,3.847,3.845,3.847,3.848,3.843,3.845,3.845,-59.124,-2621.000
3.659,3.652,3.661,3.660,3.660,3.657,3.660,3.840,3.845,3.841,3.849,3.844,3.842,3.845,-58.983,-2620.000
3.663,3.659,3.656,3.654,3.664,3.655,3.657,3.844,3.838,3.841,3.841,3.841,3.842,3.843,-59.247,-2619.000
3.656,3.653,3.654,3.651,3.653,3.660,3.662,3.842,3.843,3.840,3.839,3.840,3.839,3.845,-59.099,-2618.000
3.655,3.656,3.659,3.653,3.658,3.659,3.656,3.839,3.840,3.839,3.842,3.837,3.838,3.840,-59.318,-2617.000
3.657,3.651,3.659,3.657,3.651,3.651,3.654,3.835,3.829,3.837,3.833,3.842,3.838,3.839,-58.925,-2616.000
3.653,3.651,3.646,3.657,3.651,3.652,3.656,3.839,3.843,3.843,3.838,3.845,3.840,3.844,-58.996,-2615.000
3.656,3.655,3.663,3.655,3.659,3.653,3.658,3.836,3.842,3.840,3.845,3.847,3.840,3.839,-59.199,-2614.000
3.658,3.654,3.653,3.652,3.649,3.656,3.652,3.835,3.837,3.839,3.835,3.840,3.842,3.837,-59.124,-2613.000
3.656,3.659,3.661,3.658,3.657,3.660,3.656,3.838,3.841,3.834,3.841,3.837,3.839,3.844,-59.020,-2612.000
3.656,3.659,3.660,3.657,3.658,3.657,3.653,3.839,3.843,3.843,3.843,3.840,3.835,3.833,-58.949,-2611.000
3.656,3.655,3.654,3.655,3.656,3.650,3.655,3.845,3.846,3.834,3.836,3.836,3.841,3.835,-59.052,-2610.000
3.655,3.651,3.652,3.656,3.650,3.652,3.647,3.839,3.841,3.833,3.841,3.840,3.832,3.834,-59.156,-2609.000
3.655,3.656,3.652,3.651,3.655,3.652,3.652,3.835,3.841,3.838,3.839,3.838,3.837,3.839,-59.002,-2608.000
3.651,3.653,3.647,3.657,3.650,3.652,3.658,3.839,3.832,3.837,3.839,3.841,3.840,3.836,-58.862,-2607.000
3.655,3.656,3.653,3.656,3.656,3.654,3.655,3.833,3.836,3.839,3.841,3.837,3.843,3.831,-59.013,-2606.000
3.651,3.649,3.662,3.655,3.657,3.652,3.653,3.836,3.835,3.841,3.836,3.836,3.833,3.843,-59.034,-2605.000
3.655,3.654,3.656,3.655,3.656,3.655,3.650,3.840,3.841,3.840,3.841,3.834,3.843,3.834,-59.031,-2604.000
3.660,3.647,3.655,3.653,3.656,3.657,3.656,3.838,3.837,3.838,3.841,3.842,3.834,3.842,-58.952,-2603.000
3.652,3.653,3.653,3.654,3.650,3.652,3.649,3.837,3.844,3.843,3.838,3.841,3.839,3.844,-59.162,-2602.000
3.652,3.649,3.651,3.649,3.654,3.651,3.656,3.839,3.834,3.834,3.835,3.833,3.835,3.835,-59.189,-2601.000
3.656,3.650,3.656,3.650,3.649,3.655,3.651,3.831,3.836,3.833,3.831,3.836,3.834,3.841,-58.996,-2600.000
3.654,3.653,3.648,3.650,3.646,3.661,3.648,3.836,3.836,3.841,3.838,3.840,3.832,3.836,-58.962,-2599.000
3.656,3.646,3.652,3.653,3.651,3.652,3.651,3.831,3.834,3.838,3.839,3.837,3.842,3.839,-59.053,-2598.000
3.646,3.653,3.650,3.651,3.648,3.654,3.650,3.839,3.836,3.837,3.839,3.836,3.833,3.838,-59.149,-2597.000
3.653,3.647,3.655,3.648,3.651,3.648,3.651,3.830,3.836,3.836,3.839,3.841,3.841,3.848,-58.965,-2596.000
3.650,3.649,3.650,3.646,3.650,3.655,3.649,3.835,3.841,3.835,3.837,3.837,3.827,3.832,-58.985,-2595.000
3.648,3.648,3.646,3.651,3.646,3.644,3.644,3.831,3.830,3.829,3.831,3.833,3.828,3.836,-59.049,-2594.000
3.654,3.647,3.655,3.646,3.650,3.648,3.652,3.836,3.832,3.836,3.835,3.834,3.832,3.839,-59.174,-2593.000
3.647,3.651,3.651,3.646,3.649,3.646,3.652,3.839,3.840,3.827,3.832,3.829,3.838,3.832,-59.168,-2592.000
3.648,3.647,3.647,3.652,3.641,3.645,3.645,3.833,3.835,3.831,3.831,3.831,3.833,3.839,-58.959,-2591.000
3.649,3.651,3.645,3.650,3.644,3.651,3.645,3.836,3.834,3.836,3.834,3.831,3.835,3.835,-58.997,-2590.000
3.649,3.649,3.644,3.649,3.649,3.651,3.651,3.833,3.835,3.835,3.829,3.830,3.835,3.833,-58.899,-2589.000
3.648,3.651,3.641,3.655,3.649,3.646,3.650,3.832,3.829,3.831,3.838,3.831,3.839,3.838,-58.758,-2588.000
3.645,3.646,3.651,3.647,3.647,3.647,3.652,3.832,3.829,3.830,3.826,3.831,3.830,3.834,-58.753,-2587.000
3.652,3.647,3.647,3.651,3.646,3.651,3.643,3.839,3.836,3.842,3.837,3.836,3.839,3.832,-58.913,-2586.000
3.645,3.652,3.649,3.645,3.649,3.640,3.651,3.834,3.833,3.829,3.835,3.833,3.829,3.832,-58.831,-2585.000
3.648,3.648,3.651,3.654,3.650,3.650,3.645,3.825,3.841,3.829,3.834,3.834,3.833,3.835,-58.819,-2584.000
3.646,3.645,3.643,3.646,3.643,3.649,3.649,3.838,3.836,3.835,3.834,3.830,3.834,3.835,-58.992,-2583.000
3.647,3.653,3.649,3.648,3.641,3.648,3.645,3.833,3.836,3.838,3.838,3.835,3.835,3.832,-59.096,-2582.000
3.648,3.646,3.655,3.650,3.648,3.645,3.644,3.836,3.830,3.829,3.832,3.835,3.831,3.838,-58.905,-2581.000
3.652,3.649,3.656,3.648,3.653,3.647,3.654,3.831,3.832,3.832,3.839,3.840,3.832,3.835,-58.824,-2580.000
3.645,3.646,3.645,3.644,3.656,3.649,3.647,3.832,3.832,3.834,3.833,3.829,3.830,3.834,-58.841,-2579.000
3.648,3.646,3.654,3.649,3.644,3.649,3.647,3.835,3.835,3.836,3.837,3.832,3.834,3.832,-58.831,-2578.000
3.649,3.647,3.649,3.651,3.646,3.649,3.649,3.835,3.834,3.832,3.830,3.836,3.834,3.836,-58.926,-2577.000
3.649,3.643,3.646,3.644,3.644,3.648,3.645,3.834,3.829,3.835,3.836,3.840,3.839,3.837,-58.941,-2576.000
3.652,3.648,3.647,3.648,3.649,3.650,3.646,3.832,3.828,3.840,3.834,3.836,3.833,3.834,-58.813,-2575.000
3.650,3.646,3.647,3.649,3.648,3.649,3.646,3.837,3.838,3.829,3.834,3.832,3.834,3.837,-58.980,-2574.000
3.649,3.647,3.645,3.645,3.645,3.649,3.641,3.836,3.833,3.833,3.834,3.829,3.830,3.829,-59.067,-2573.000
3.647,3.644,3.650,3.646,3.651,3.645,3.645,3.833,3.840,3.832,3.836,3.829,3.834,3.836,-59.028,-2572.000
3.647,3.641,3.651,3.639,3.644,3.644,3.644,3.832,3.833,3.836,3.828,3.830,3.829,3.829,-58.927,-2571.000
3.651,3.640,3.645,3.644,3.643,3.644,3.645,3.829,3.827,3.829,3.831,3.826,3.832,3.836,-58.789,-2570.000
3.644,3.642,3.647,3.644,3.644,3.649,3.643,3.833,3.834,3.828,3.827,3.833,3.837,3.830,-58.769,-2569.000
3.646,3.647,3.647,3.643,3.648,3.648,3.642,3.833,3.834,3.825,3.832,3.829,3.833,3.831,-58.973,-2568.000
3.650,3.645,3.643,3.654,3.643,3.645,3.647,3.825,3.830,3.830,3.833,3.831,3.827,3.830,-59.185,-2567.000
3.642,3.644,3.643,3.644,3.645,3.637,3.646,3.830,3.833,3.834,3.827,3.828,3.833,3.828,-59.422,-2566.000
3.645,3.647,3.644,3.644,3.646,3.642,3.646,3.826,3.830,3.833,3.829,3.829,3.835,3.827,-59.367,-2565.000
3.641,3.639,3.645,3.646,3.639,3.648,3.649,3.829,3.830,3.829,3.828,3.828,3.823,3.833,-59.395,-2564.000
3.643,3.641,3.647,3.642,3.647,3.645,3.644,3.835,3.829,3.836,3.825,3.825,3.826,3.824,-59.300,-2563.000
3.647,3.647,3.644,3.643,3.642,3.644,3.644,3.828,3.828,3.830,3.823,3.826,3.828,3.832,-59.180,-2562.000
3.640,3.643,3.642,3.645,3.644,3.639,3.646,3.825,3.825,3.824,3.829,3.835,3.830,3.825,-59.081,-2561.000
3.645,3.641,3.647,3.648,3.644,3.646,3.640,3.832,3.822,3.827,3.827,3.826,3.824,3.832,-59.049,-2560.000
3.644,3.645,3.642,3.645,3.644,3.647,3.644,3.832,3.827,3.827,3.826,3.832,3.832,3.823,-59.074,-2559.000
3.646,3.637,3.642,3.642,3.645,3.644,3.647,3.830,3.834,3.830,3.831,3.828,3.828,3.828,-59.348,-2558.000
3.644,3.648,3.640,3.647,3.647,3.642,3.645,3.828,3.833,3.831,3.832,3.831,3.826,3.827,-59.236,-2557.000
3.644,3.648,3.642,3.649,3.643,3.648,3.643,3.826,3.829,3.830,3.826,3.828,3.828,3.827,-59.045,-2556.000
3.646,3.643,3.643,3.650,3.647,3.639,3.642,3.836,3.829,3.834,3.831,3.835,3.831,3.826,-59.080,-2555.000
3.646,3.644,3.645,3.647,3.649,3.645,3.646,3.825,3.825,3.825,3.828,3.825,3.828,3.829,-59.182,-2554.000
3.639,3.642,3.646,3.644,3.643,3.647,3.647,3.829,3.832,3.829,3.826,3.825,3.827,3.826,-58.930,-2553.000
3.645,3.641,3.640,3.645,3.643,3.642,3.647,3.837,3.828,3.831,3.836,3.831,3.831,3.828,-58.996,-2552.000
3.638,3.648,3.641,3.638,3.639,3.649,3.641,3.829,3.830,3.826,3.829,3.832,3.831,3.829,-59.003,-2551.000
3.640,3.648,3.641,3.640,3.636,3.642,3.647,3.830,3.832,3.828,3.827,3.829,3.829,3.824,-59.302,-2550.000
3.641,3.640,3.640,3.646,3.643,3.643,3.645,3.830,3.829,3.826,3.825,3.827,3.829,3.832,-59.372,-2549.000
3.643,3.640,3.638,3.639,3.641,3.645,3.641,3.826,3.827,3.826,3.820,3.826,3.828,3.830,-59.373,-2548.000
3.651,3.642,3.642,3.642,3.649,3.643,3.642,3.827,3.831,3.830,3.830,3.828,3.832,3.830,-59.496,-2547.000
3.638,3.645,3.642,3.638,3.636,3.644,3.640,3.828,3.828,3.830,3.826,3.825,3.828,3.827,-59.427,-2546.000
3.637,3.646,3.641,3.639,3.647,3.645,3.639,3.830,3.824,3.823,3.825,3.835,3.838,3.830,-59.307,-2545.000
3.640,3.632,3.640,3.640,3.646,3.639,3.643,3.820,3.822,3.829,3.823,3.828,3.827,3.826,-59.517,-2544.000
3.638,3.631,3.641,3.634,3.643,3.635,3.643,3.833,3.828,3.822,3.829,3.824,3.827,3.830,-59.410,-2543.000
3.642,3.642,3.642,3.646,3.641,3.636,3.641,3.833,3.824,3.827,3.823,3.828,3.827,3.828,-59.247,-2542.000
3.634,3.645,3.638,3.638,3.639,3.638,3.641,3.816,3.822,3.826,3.829,3.823,3.827,3.831,-59.471,-2541.000
3.640,3.638,3.637,3.644,3.640,3.640,3.646,3.824,3.815,3.824,3.824,3.825,3.825,3.826,-59.219,-2540.000
3.636,3.644,3.644,3.649,3.631,3.645,3.638,3.823,3.826,3.826,3.824,3.827,3.830,3.825,-59.064,-2539.000
3.638,3.641,3.639,3.637,3.643,3.641,3.642,3.830,3.824,3.820,3.826,3.820,3.829,3.825,-59.012,-2538.000
3.638,3.637,3.640,3.641,3.639,3.641,3.641,3.825,3.819,3.817,3.824,3.819,3.824,3.824,-59.046,-2537.000
3.637,3.638,3.639,3.641,3.641,3.637,3.641,3.821,3.824,3.826,3.824,3.826,3.824,3.831,-59.164,-2536.000
3.635,3.640,3.634,3.638,3.636,3.639,3.636,3.825,3.822,3.821,3.823,3.821,3.823,3.822,-59.021,-2535.000
3.637,3.643,3.644,3.646,3.634,3.641,3.641,3.829,3.819,3.823,3.821,3.827,3.829,3.825,-59.063,-2534.000
3.642,3.641,3.643,3.638,3.639,3.640,3.637,3.824,3.818,3.823,3.820,3.826,3.827,3.824,-59.098,-2533.000
3.635,3.634,3.637,3.643,3.638,3.641,3.640,3.823,3.814,3.825,3.821,3.820,3.821,3.824,-59.153,-2532.000
3.636,3.637,3.639,3.637,3.636,3.639,3.635,3.821,3.827,3.820,3.821,3.818,3.823,3.820,-59.101,-2531.000
3.633,3.640,3.638,3.641,3.640,3.644,3.643,3.827,3.825,3.824,3.826,3.824,3.829,3.827,-59.203,-2530.000
3.639,3.639,3.639,3.635,3.637,3.635,3.635,3.825,3.824,3.830,3.827,3.828,3.827,3.822,-59.165,-2529.000
3.637,3.634,3.635,3.640,3.640,3.631,3.634,3.824,3.826,3.827,3.827,3.824,3.823,3.819,-59.390,-2528.000
3.643,3.635,3.639,3.642,3.638,3.638,3.638,3.824,3.825,3.828,3.826,3.825,3.819,3.822,-59.266,-2527.000
3.631,3.638,3.641,3.645,3.640,3.643,3.639,3.828,3.820,3.824,3.822,3.825,3.829,3.832,-59.169,-2526.000
3.641,3.638,3.639,3.639,3.635,3.634,3.642,3.819,3.824,3.822,3.824,3.827,3.824,3.826,-59.177,-2525.000
3.637,3.636,3.637,3.632,3.643,3.637,3.634,3.826,3.822,3.823,3.824,3.825,3.820,3.824,-58.928,-2524.000
3.638,3.639,3.639,3.631,3.642,3.634,3.636,3.824,3.825,3.822,3.825,3.824,3.823,3.825,-58.970,-2523.000
3.640,3.635,3.645,3.633,3.638,3.637,3.641,3.826,3.825,3.826,3.830,3.826,3.824,3.819,-59.046,-2522.000
3.636,3.634,3.636,3.638,3.634,3.639,3.639,3.824,3.821,3.818,3.823,3.818,3.820,3.819,-59.060,-2521.000
3.633,3.636,3.636,3.633,3.636,3.636,3.635,3.821,3.823,3.824,3.825,3.824,3.825,3.828,-59.013,-2520.000
3.635,3.636,3.638,3.630,3.641,3.640,3.643,3.820,3.831,3.825,3.828,3.827,3.826,3.830,-59.189,-2519.000
3.633,3.636,3.639,3.636,3.634,3.639,3.638,3.829,3.822,3.826,3.828,3.827,3.820,3.823,-59.326,-2518.000
3.637,3.636,3.634,3.638,3.635,3.642,3.635,3.821,3.823,3.821,3.823,3.821,3.827,3.823,-59.192,-2517.000
3.640,3.635,3.630,3.634,3.638,3.634,3.636,3.826,3.819,3.829,3.823,3.825,3.822,3.821,-59.042,-2516.000
3.636,3.640,3.639,3.636,3.635,3.638,3.633,3.821,3.822,3.821,3.823,3.819,3.822,3.825,-59.291,-2515.000
3.636,3.633,3.631,3.634,3.636,3.637,3.633,3.818,3.824,3.823,3.818,3.824,3.827,3.823,-59.171,-2514.000
3.633,3.632,3.637,3.636,3.635,3.631,3.633,3.817,3.820,3.822,3.824,3.818,3.821,3.821,-59.356,-2513.000
3.631,3.640,3.637,3.631,3.632,3.639,3.637,3.823,3.823,3.824,3.828,3.826,3.822,3.816,-59.059,-2512.000
3.634,3.641,3.636,3.633,3.634,3.636,3.630,3.822,3.819,3.824,3.822,3.819,3.820,3.822,-59.204,-2511.000
3.635,3.632,3.627,3.637,3.632,3.631,3.632,3.821,3.815,3.822,3.819,3.817,3.822,3.823,-59.182,-2510.000
3.631,3.628,3.640,3.632,3.636,3.634,3.631,3.820,3.815,3.826,3.824,3.822,3.823,3.821,-59.131,-2509.000
3.639,3.629,3.636,3.632,3.630,3.632,3.638,3.823,3.825,3.816,3.826,3.817,3.826,3.823,-58.943,-2508.000
3.629,3.637,3.635,3.630,3.631,3.634,3.636,3.819,3.818,3.818,3.816,3.817,3.815,3.819,-59.076,-2507.000
3.634,3.635,3.632,3.630,3.632,3.634,3.629,3.820,3.824,3.819,3.821,3.820,3.815,3.811,-59.030,-2506.000
3.629,3.636,3.635,3.629,3.629,3.641,3.634,3.821,3.815,3.815,3.822,3.816,3.809,3.820,-59.232,-2505.000
3.636,3.631,3.631,3.629,3.634,3.632,3.632,3.813,3.819,3.820,3.819,3.818,3.821,3.816,-59.191,-2504.000
3.632,3.630,3.632,3.637,3.638,3.632,3.636,3.815,3.818,3.819,3.816,3.819,3.823,3.821,-59.090,-2503.000
3.628,3.633,3.630,3.633,3.631,3.637,3.634,3.813,3.822,3.823,3.820,3.817,3.813,3.816,-59.030,-2502.000
3.628,3.633,3.631,3.626,3.634,3.634,3.629,3.815,3.810,3.816,3.821,3.820,3.821,3.815,-59.221,-2501.000
3.632,3.633,3.631,3.633,3.638,3.637,3.635,3.824,3.820,3.820,3.821,3.821,3.821,3.827,-59.129,-2500.000
3.633,3.635,3.634,3.630,3.637,3.634,3.631,3.820,3.819,3.817,3.823,3.817,3.821,3.817,-58.908,-2499.000
3.631,3.634,3.632,3.636,3.631,3.635,3.631,3.818,3.824,3.824,3.824,3.817,3.822,3.822,-58.917,-2498.000
3.634,3.633,3.632,3.634,3.631,3.632,3.631,3.826,3.817,3.817,3.817,3.817,3.818,3.821,-58.807,-2497.000
3.630,3.635,3.632,3.631,3.625,3.632,3.634,3.820,3.821,3.824,3.824,3.819,3.815,3.819,-58.813,-2496.000
3.633,3.627,3.636,3.631,3.631,3.634,3.633,3.824,3.817,3.822,3.820,3.821,3.822,3.818,-58.956,-2495.000
3.634,3.632,3.630,3.627,3.631,3.627,3.629,3.820,3.817,3.819,3.816,3.822,3.818,3.815,-58.951,-2494.000
3.627,3.631,3.627,3.632,3.634,3.634,3.631,3.821,3.820,3.818,3.815,3.813,3.816,3.814,-58.982,-2493.000
3.630,3.625,3.634,3.632,3.633,3.635,3.630,3.816,3.818,3.825,3.817,3.817,3.817,3.815,-58.938,-2492.000
3.628,3.630,3.633,3.631,3.626,3.622,3.631,3.821,3.818,3.817,3.819,3.818,3.815,3.811,-58.709,-2491.000
3.631,3.624,3.629,3.629,3.626,3.625,3.631,3.811,3.825,3.820,3.816,3.817,3.815,3.815,-58.771,-2490.000
3.628,3.626,3.628,3.632,3.630,3.629,3.630,3.818,3.817,3.816,3.812,3.816,3.815,3.815,-58.832,-2489.000
3.631,3.625,3.622,3.630,3.624,3.631,3.628,3.817,3.818,3.816,3.817,3.814,3.818,3.810,-58.703,-2488.000
3.635,3.628,3.627,3.629,3.627,3.632,3.629,3.814,3.812,3.813,3.816,3.814,3.822,3.820,-59.040,-2487.000
3.628,3.627,3.628,3.623,3.633,3.630,3.631,3.816,3.812,3.811,3.814,3.817,3.817,3.812,-58.846,-2486.000
3.627,3.620,3.632,3.624,3.629,3.626,3.626,3.807,3.814,3.811,3.817,3.811,3.813,3.818,-58.801,-2485.000
3.624,3.630,3.627,3.629,3.626,3.626,3.628,3.818,3.816,3.807,3.816,3.818,3.818,3.817,-58.865,-2484.000
3.634,3.621,3.625,3.624,3.629,3.626,3.628,3.814,3.812,3.815,3.813,3.820,3.810,3.806,-58.897,-2483.000
3.625,3.629,3.633,3.619,3.628,3.621,3.623,3.811,3.815,3.822,3.811,3.810,3.806,3.816,-59.232,-2482.000
3.627,3.625,3.627,3.625,3.626,3.626,3.631,3.813,3.811,3.807,3.808,3.810,3.822,3.811,-59.093,-2481.000
3.622,3.622,3.629,3.629,3.623,3.627,3.627,3.820,3.817,3.816,3.812,3.817,3.816,3.815,-59.060,-2480.000
3.626,3.628,3.631,3.617,3.626,3.622,3.629,3.813,3.812,3.808,3.811,3.813,3.813,3.809,-59.045,-2479.000
3.626,3.623,3.626,3.624,3.632,3.627,3.631,3.813,3.809,3.806,3.813,3.813,3.815,3.812,-59.026,-2478.000
3.630,3.626,3.626,3.627,3.626,3.618,3.629,3.817,3.815,3.806,3.813,3.809,3.812,3.810,-58.986,-2477.000
3.627,3.625,3.626,3.626,3.622,3.622,3.631,3.815,3.812,3.811,3.809,3.809,3.815,3.813,-59.162,-2476.000
3.628,3.623,3.627,3.619,3.631,3.622,3.624,3.812,3.809,3.805,3.815,3.805,3.811,3.813,-59.146,-2475.000
3.627,3.630,3.625,3.624,3.624,3.632,3.624,3.817,3.809,3.808,3.814,3.808,3.818,3.819,-58.971,-2474.000
3.624,3.628,3.622,3.629,3.629,3.623,3.626,3.811,3.811,3.809,3.815,3.814,3.814,3.813,-58.863,-2473.000
3.625,3.624,3.624,3.623,3.629,3.627,3.629,3.809,3.813,3.817,3.819,3.810,3.808,3.813,-58.845,-2472.000
3.631,3.627,3.624,3.622,3.630,3.621,3.624,3.812,3.815,3.813,3.815,3.810,3.812,3.810,-58.826,-2471.000
3.624,3.631,3.627,3.625,3.628,3.630,3.627,3.815,3.813,3.812,3.810,3.816,3.808,3.812,-58.266,-2470.000
3.623,3.628,3.624,3.628,3.630,3.628,3.626,3.808,3.807,3.809,3.812,3.814,3.812,3.813,-57.125,-2469.000
3.623,3.629,3.621,3.627,3.624,3.629,3.625,3.818,3.815,3.816,3.817,3.812,3.815,3.814,-57.621,-2468.000
3.626,3.624,3.621,3.626,3.627,3.628,3.631,3.811,3.809,3.809,3.807,3.813,3.810,3.813,-58.052,-2467.000
3.626,3.628,3.629,3.624,3.627,3.624,3.628,3.817,3.811,3.812,3.813,3.812,3.812,3.814,-58.248,-2466.000
3.624,3.625,3.627,3.626,3.622,3.626,3.630,3.802,3.810,3.813,3.809,3.809,3.812,3.805,-58.641,-2465.000
3.625,3.632,3.627,3.627,3.623,3.631,3.623,3.813,3.801,3.815,3.807,3.809,3.810,3.809,-58.879,-2464.000
3.626,3.628,3.629,3.632,3.626,3.624,3.623,3.818,3.808,3.810,3.807,3.813,3.802,3.806,-59.070,-2463.000
3.625,3.622,3.626,3.620,3.621,3.631,3.628,3.808,3.812,3.806,3.805,3.809,3.808,3.809,-58.874,-2462.000
3.622,3.625,3.626,3.627,3.624,3.629,3.625,3.808,3.809,3.807,3.807,3.806,3.811,3.810,-58.981,-2461.000
3.622,3.625,3.627,3.628,3.621,3.625,3.623,3.810,3.810,3.808,3.805,3.803,3.805,3.810,-58.968,-2460.000
3.624,3.625,3.623,3.621,3.627,3.622,3.624,3.812,3.807,3.802,3.808,3.804,3.799,3.807,-59.096,-2459.000
3.625,3.626,3.622,3.626,3.623,3.624,3.622,3.806,3.805,3.809,3.805,3.809,3.810,3.812,-59.003,-2458.000
3.628,3.625,3.628,3.625,3.618,3.620,3.617,3.805,3.811,3.808,3.808,3.811,3.810,3.818,-59.029,-2457.000
3.626,3.621,3.625,3.624,3.618,3.624,3.623,3.801,3.811,3.808,3.803,3.805,3.810,3.810,-59.240,-2456.000
3.624,3.626,3.616,3.619,3.625,3.618,3.623,3.811,3.806,3.807,3.808,3.803,3.810,3.811,-59.273,-2455.000
3.621,3.623,3.621,3.618,3.616,3.622,3.629,3.803,3.806,3.810,3.807,3.805,3.805,3.808,-59.225,-2454.000
3.621,3.621,3.624,3.621,3.624,3.624,3.623,3.808,3.808,3.806,3.805,3.805,3.809,3.808,-59.178,-2453.000
3.620,3.620,3.622,3.625,3.618,3.621,3.623,3.804,3.813,3.807,3.802,3.809,3.808,3.809,-59.116,-2452.000
3.622,3.616,3.619,3.620,3.624,3.623,3.623,3.805,3.810,3.804,3.809,3.808,3.809,3.814,-58.959,-2451.000
3.621,3.623,3.615,3.623,3.618,3.624,3.628,3.810,3.812,3.812,3.804,3.802,3.802,3.805,-58.990,-2450.000
3.620,3.619,3.620,3.618,3.621,3.621,3.623,3.801,3.812,3.808,3.808,3.804,3.807,3.809,-58.826,-2449.000
3.622,3.625,3.624,3.619,3.624,3.618,3.627,3.812,3.812,3.812,3.810,3.807,3.805,3.807,-59.005,-2448.000
3.619,3.624,3.621,3.624,3.617,3.623,3.617,3.807,3.807,3.811,3.804,3.803,3.806,3.800,-58.896,-2447.000
3.621,3.623,3.622,3.617,3.623,3.620,3.616,3.812,3.815,3.803,3.809,3.803,3.811,3.803,-59.040,-2446.000
3.621,3.624,3.625,3.620,3.618,3.624,3.621,3.807,3.802,3.812,3.806,3.801,3.806,3.803,-58.891,-2445.000
3.616,3.618,3.621,3.625,3.623,3.622,3.621,3.809,3.810,3.805,3.805,3.804,3.806,3.805,-58.994,-2444.000
3.622,3.617,3.621,3.621,3.624,3.623,3.619,3.807,3.809,3.806,3.809,3.811,3.807,3.807,-58.999,-2443.000
3.621,3.616,3.623,3.616,3.615,3.613,3.619,3.802,3.808,3.807,3.807,3.813,3.815,3.806,-58.836,-2442.000
3.618,3.618,3.624,3.619,3.620,3.624,3.617,3.803,3.805,3.805,3.804,3.811,3.805,3.813,-58.956,-2441.000
3.619,3.609,3.614,3.618,3.618,3.608,3.617,3.805,3.809,3.811,3.809,3.807,3.806,3.806,-58.864,-2440.000
3.621,3.615,3.624,3.613,3.620,3.615,3.618,3.798,3.815,3.809,3.808,3.806,3.807,3.806,-58.866,-2439.000
3.614,3.618,3.618,3.614,3.617,3.610,3.614,3.807,3.803,3.798,3.804,3.805,3.801,3.806,-58.861,-2438.000
3.612,3.614,3.620,3.612,3.618,3.615,3.619,3.808,3.806,3.802,3.799,3.804,3.805,3.801,-59.304,-2437.000
3.615,3.612,3.609,3.616,3.615,3.616,3.620,3.801,3.808,3.808,3.803,3.797,3.801,3.801,-59.248,-2436.000
3.610,3.609,3.608,3.614,3.615,3.614,3.614,3.796,3.800,3.804,3.798,3.801,3.798,3.798,-59.047,-2435.000
3.616,3.620,3.614,3.611,3.614,3.610,3.616,3.798,3.801,3.805,3.796,3.804,3.803,3.802,-59.004,-2434.000
3.617,3.612,3.618,3.615,3.612,3.611,3.612,3.805,3.803,3.800,3.798,3.805,3.801,3.801,-59.014,-2433.000
3.615,3.612,3.615,3.616,3.615,3.610,3.617,3.798,3.798,3.793,3.794,3.797,3.799,3.798,-58.816,-2432.000
3.613,3.609,3.619,3.617,3.617,3.613,3.615,3.801,3.800,3.798,3.795,3.797,3.802,3.805,-59.025,-2431.000
3.615,3.611,3.613,3.606,3.620,3.614,3.615,3.802,3.801,3.795,3.799,3.797,3.796,3.797,-59.227,-2430.000
3.614,3.613,3.608,3.616,3.613,3.618,3.616,3.795,3.798,3.796,3.797,3.799,3.800,3.801,-59.128,-2429.000
3.612,3.613,3.618,3.606,3.618,3.613,3.619,3.802,3.805,3.806,3.798,3.802,3.796,3.796,-59.223,-2428.000
3.612,3.611,3.613,3.615,3.610,3.614,3.617,3.802,3.799,3.794,3.798,3.804,3.802,3.801,-59.154,-2427.000
3.620,3.616,3.614,3.622,3.620,3.624,3.619,3.798,3.806,3.804,3.803,3.798,3.802,3.807,-58.951,-2426.000
3.619,3.615,3.618,3.614,3.622,3.613,3.619,3.802,3.798,3.804,3.801,3.802,3.805,3.805,-59.321,-2425.000
3.622,3.611,3.614,3.612,3.617,3.620,3.617,3.802,3.801,3.802,3.799,3.802,3.802,3.801,-59.199,-2424.000
3.621,3.620,3.618,3.621,3.623,3.619,3.619,3.800,3.803,3.799,3.800,3.807,3.802,3.801,-59.164,-2423.000
3.612,3.623,3.615,3.614,3.622,3.615,3.616,3.805,3.801,3.799,3.803,3.804,3.800,3.802,-59.255,-2422.000
3.617,3.615,3.619,3.621,3.618,3.618,3.614,3.798,3.800,3.803,3.801,3.800,3.804,3.794,-59.097,-2421.000
3.620,3.623,3.620,3.618,3.614,3.619,3.617,3.798,3.811,3.798,3.799,3.798,3.794,3.806,-59.122,-2420.000
3.624,3.621,3.620,3.619,3.621,3.620,3.622,3.814,3.806,3.803,3.805,3.805,3.802,3.798,-58.954,-2419.000
3.621,3.618,3.616,3.625,3.616,3.614,3.620,3.802,3.811,3.801,3.797,3.799,3.797,3.802,-58.906,-2418.000
3.619,3.621,3.614,3.619,3.618,3.626,3.617,3.804,3.807,3.798,3.804,3.801,3.800,3.804,-58.891,-2417.000
3.621,3.622,3.622,3.615,3.614,3.613,3.619,3.796,3.804,3.797,3.798,3.798,3.797,3.807,-58.954,-2416.000
3.618,3.612,3.612,3.617,3.620,3.618,3.618,3.806,3.802,3.797,3.803,3.804,3.799,3.800,-58.785,-2415.000
3.615,3.624,3.621,3.615,3.615,3.615,3.616,3.801,3.802,3.804,3.795,3.798,3.803,3.797,-58.992,-2414.000
3.621,3.616,3.621,3.616,3.623,3.612,3.621,3.803,3.799,3.807,3.803,3.803,3.803,3.800,-58.953,-2413.000
3.614,3.619,3.620,3.619,3.623,3.617,3.623,3.802,3.802,3.800,3.798,3.797,3.793,3.801,-59.194,-2412.000
3.617,3.612,3.614,3.617,3.614,3.624,3.619,3.810,3.807,3.805,3.804,3.801,3.807,3.802,-59.222,-2411.000
3.617,3.617,3.621,3.628,3.615,3.623,3.620,3.800,3.807,3.798,3.802,3.805,3.801,3.807,-59.011,-2410.000
3.615,3.620,3.613,3.620,3.615,3.622,3.619,3.797,3.800,3.803,3.802,3.800,3.797,3.798,-58.859,-2409.000
3.608,3.616,3.618,3.621,3.618,3.619,3.614,3.803,3.799,3.798,3.802,3.801,3.804,3.800,-59.125,-2408.000
3.614,3.615,3.612,3.622,3.617,3.620,3.616,3.796,3.804,3.804,3.797,3.799,3.800,3.794,-59.278,-2407.000
3.619,3.616,3.618,3.617,3.614,3.613,3.622,3.799,3.800,3.796,3.801,3.796,3.800,3.800,-59.089,-2406.000
3.613,3.619,3.616,3.615,3.615,3.611,3.620,3.795,3.804,3.791,3.795,3.793,3.795,3.795,-59.196,-2405.000
3.620,3.615,3.619,3.614,3.615,3.613,3.617,3.798,3.801,3.799,3.801,3.800,3.797,3.799,-59.163,-2404.000
3.619,3.613,3.621,3.616,3.609,3.616,3.616,3.796,3.789,3.793,3.796,3.791,3.803,3.803,-58.928,-2403.000
3.614,3.617,3.612,3.619,3.608,3.619,3.610,3.795,3.794,3.802,3.798,3.799,3.797,3.797,-59.068,-2402.000
3.617,3.612,3.619,3.616,3.620,3.614,3.616,3.797,3.790,3.802,3.799,3.805,3.803,3.801,-59.032,-2401.000
3.612,3.613,3.620,3.616,3.620,3.621,3.618,3.794,3.799,3.799,3.799,3.796,3.792,3.794,-59.024,-2400.000
3.618,3.615,3.619,3.614,3.611,3.621,3.617,3.800,3.797,3.799,3.804,3.796,3.798,3.800,-59.208,-2399.000
3.609,3.616,3.616,3.616,3.613,3.619,3.614,3.799,3.793,3.799,3.796,3.790,3.795,3.803,-59.446,-2398.000
3.619,3.619,3.617,3.616,3.611,3.614,3.609,3.798,3.794,3.795,3.798,3.805,3.799,3.794,-59.210,-2397.000
3.615,3.611,3.607,3.613,3.617,3.609,3.611,3.797,3.793,3.799,3.799,3.802,3.801,3.800,-59.214,-2396.000
3.615,3.613,3.618,3.611,3.616,3.616,3.621,3.802,3.799,3.794,3.798,3.796,3.793,3.797,-59.375,-2395.000
3.621,3.613,3.616,3.615,3.618,3.609,3.615,3.800,3.799,3.798,3.801,3.797,3.799,3.797,-59.428,-2394.000
3.612,3.611,3.611,3.614,3.610,3.613,3.616,3.791,3.797,3.805,3.803,3.796,3.797,3.794,-59.318,-2393.000
3.616,3.614,3.617,3.616,3.617,3.611,3.619,3.795,3.804,3.792,3.799,3.794,3.799,3.798,-59.003,-2392.000
3.615,3.617,3.619,3.620,3.614,3.611,3.614,3.797,3.798,3.800,3.804,3.800,3.796,3.788,-59.165,-2391.000
3.612,3.614,3.617,3.617,3.612,3.617,3.612,3.802,3.796,3.799,3.795,3.795,3.794,3.796,-59.063,-2390.000
3.616,3.610,3.611,3.617,3.613,3.611,3.613,3.804,3.793,3.793,3.793,3.795,3.796,3.793,-59.097,-2389.000
3.616,3.617,3.616,3.612,3.611,3.619,3.616,3.794,3.794,3.794,3.792,3.792,3.791,3.796,-59.078,-2388.000
3.617,3.608,3.612,3.618,3.615,3.610,3.608,3.799,3.796,3.798,3.792,3.796,3.805,3.796,-59.173,-2387.000
3.613,3.612,3.616,3.616,3.614,3.613,3.617,3.797,3.792,3.794,3.787,3.795,3.795,3.794,-59.167,-2386.000
3.609,3.616,3.617,3.618,3.611,3.625,3.613,3.799,3.797,3.794,3.795,3.797,3.799,3.796,-59.291,-2385.000
3.610,3.616,3.617,3.617,3.617,3.609,3.623,3.790,3.797,3.797,3.800,3.801,3.801,3.801,-59.207,-2384.000
3.614,3.610,3.613,3.619,3.614,3.614,3.615,3.795,3.795,3.797,3.792,3.797,3.797,3.798,-59.005,-2383.000
3.612,3.607,3.610,3.614,3.615,3.620,3.615,3.797,3.794,3.798,3.795,3.799,3.797,3.799,-59.032,-2382.000
3.610,3.610,3.614,3.612,3.611,3.610,3.609,3.796,3.809,3.798,3.803,3.795,3.798,3.796,-58.987,-2381.000
3.611,3.609,3.611,3.613,3.610,3.610,3.611,3.792,3.793,3.797,3.792,3.800,3.797,3.796,-59.108,-2380.000
3.616,3.612,3.612,3.606,3.607,3.604,3.613,3.792,3.795,3.794,3.794,3.797,3.799,3.799,-59.285,-2379.000
3.611,3.612,3.614,3.608,3.614,3.611,3.618,3.796,3.792,3.795,3.794,3.789,3.793,3.798,-59.404,-2378.000
3.615,3.610,3.612,3.608,3.615,3.614,3.610,3.792,3.793,3.795,3.797,3.798,3.793,3.795,-59.304,-2377.000
3.613,3.611,3.615,3.608,3.609,3.615,3.612,3.790,3.790,3.792,3.800,3.793,3.798,3.792,-59.362,-2376.000
3.609,3.610,3.609,3.614,3.610,3.611,3.617,3.796,3.797,3.796,3.799,3.797,3.802,3.798,-59.257,-2375.000
3.612,3.612,3.610,3.609,3.619,3.612,3.610,3.797,3.794,3.789,3.794,3.794,3.794,3.795,-59.163,-2374.000
3.616,3.619,3.611,3.612,3.618,3.611,3.615,3.790,3.796,3.794,3.796,3.789,3.797,3.800,-59.237,-2373.000
3.613,3.614,3.611,3.620,3.618,3.611,3.618,3.801,3.800,3.803,3.800,3.800,3.799,3.799,-59.318,-2372.000
3.617,3.618,3.615,3.616,3.615,3.618,3.607,3.796,3.797,3.796,3.799,3.798,3.802,3.797,-59.281,-2371.000
3.615,3.616,3.611,3.616,3.614,3.612,3.613,3.797,3.801,3.796,3.796,3.797,3.803,3.799,-59.292,-2370.000
3.612,3.619,3.616,3.610,3.614,3.619,3.610,3.798,3.799,3.799,3.802,3.801,3.796,3.802,-59.157,-2369.000
3.617,3.614,3.622,3.609,3.612,3.613,3.612,3.794,3.794,3.798,3.800,3.798,3.795,3.799,-59.389,-2368.000
3.610,3.619,3.614,3.614,3.611,3.618,3.615,3.789,3.795,3.797,3.794,3.797,3.799,3.803,-59.258,-2367.000
3.614,3.612,3.611,3.610,3.612,3.616,3.615,3.801,3.799,3.804,3.799,3.799,3.803,3.798,-58.850,-2366.000
3.606,3.620,3.616,3.617,3.617,3.619,3.614,3.799,3.799,3.795,3.799,3.798,3.806,3.797,-58.922,-2365.000
3.616,3.616,3.614,3.617,3.614,3.617,3.611,3.800,3.797,3.799,3.798,3.796,3.796,3.793,-58.936,-2364.000
3.617,3.607,3.614,3.617,3.615,3.617,3.616,3.803,3.803,3.797,3.797,3.802,3.795,3.802,-59.185,-2363.000
3.612,3.613,3.611,3.613,3.613,3.612,3.615,3.795,3.797,3.798,3.797,3.799,3.799,3.798,-59.193,-2362.000
3.610,3.616,3.607,3.610,3.614,3.618,3.611,3.797,3.798,3.796,3.796,3.801,3.798,3.797,-59.264,-2361.000
3.609,3.612,3.611,3.614,3.612,3.620,3.615,3.799,3.797,3.794,3.790,3.802,3.795,3.803,-59.259,-2360.000
3.608,3.610,3.614,3.614,3.611,3.603,3.615,3.792,3.800,3.795,3.798,3.799,3.801,3.798,-59.094,-2359.000
3.612,3.608,3.618,3.613,3.613,3.612,3.613,3.801,3.798,3.797,3.795,3.797,3.794,3.795,-59.353,-2358.000
3.612,3.616,3.615,3.610,3.605,3.618,3.614,3.797,3.798,3.795,3.797,3.791,3.799,3.796,-59.200,-2357.000
3.607,3.610,3.608,3.614,3.610,3.614,3.615,3.792,3.795,3.795,3.801,3.802,3.798,3.802,-59.145,-2356.000
3.612,3.613,3.616,3.615,3.614,3.615,3.613,3.796,3.799,3.794,3.796,3.794,3.797,3.798,-59.274,-2355.000
3.608,3.614,3.610,3.606,3.613,3.614,3.614,3.805,3.805,3.803,3.808,3.803,3.797,3.801,-59.268,-2354.000
3.614,3.608,3.612,3.611,3.609,3.616,3.615,3.798,3.792,3.789,3.798,3.792,3.795,3.796,-59.033,-2353.000
3.611,3.608,3.617,3.610,3.606,3.611,3.611,3.790,3.792,3.796,3.789,3.796,3.791,3.796,-58.910,-2352.000
3.608,3.609,3.607,3.606,3.607,3.600,3.602,3.796,3.792,3.792,3.793,3.783,3.786,3.782,-59.151,-2351.000
3.615,3.611,3.613,3.617,3.614,3.611,3.612,3.800,3.794,3.796,3.799,3.805,3.799,3.796,-58.994,-2350.000
3.611,3.614,3.613,3.605,3.611,3.614,3.608,3.794,3.798,3.797,3.792,3.798,3.799,3.793,-59.159,-2349.000
3.615,3.611,3.602,3.616,3.614,3.615,3.611,3.796,3.799,3.795,3.795,3.794,3.793,3.797,-59.016,-2348.000
3.608,3.612,3.614,3.612,3.609,3.612,3.610,3.796,3.796,3.795,3.793,3.797,3.797,3.794,-58.991,-2347.000
3.607,3.611,3.612,3.613,3.613,3.608,3.612,3.796,3.798,3.800,3.801,3.797,3.798,3.798,-58.823,-2346.000
3.611,3.614,3.609,3.614,3.611,3.615,3.603,3.799,3.800,3.796,3.796,3.796,3.796,3.795,-58.887,-2345.000
3.607,3.607,3.607,3.609,3.609,3.604,3.606,3.802,3.800,3.800,3.801,3.794,3.797,3.796,-58.824,-2344.000
3.614,3.614,3.609,3.609,3.610,3.611,3.607,3.793,3.798,3.799,3.796,3.795,3.795,3.803,-59.130,-2343.000
3.613,3.607,3.608,3.611,3.610,3.608,3.607,3.797,3.796,3.796,3.796,3.792,3.791,3.796,-59.254,-2342.000
3.609,3.603,3.613,3.609,3.609,3.610,3.607,3.804,3.792,3.795,3.796,3.792,3.797,3.793,-59.322,-2341.000
3.610,3.611,3.603,3.608,3.608,3.609,3.610,3.799,3.796,3.801,3.801,3.793,3.791,3.797,-59.176,-2340.000
3.608,3.613,3.608,3.608,3.606,3.611,3.599,3.796,3.793,3.795,3.796,3.793,3.801,3.792,-59.325,-2339.000
3.613,3.609,3.613,3.611,3.606,3.605,3.608,3.797,3.797,3.791,3.798,3.800,3.793,3.796,-59.309,-2338.000
3.609,3.606,3.607,3.614,3.607,3.609,3.609,3.796,3.796,3.791,3.793,3.798,3.798,3.796,-59.432,-2337.000
3.608,3.614,3.612,3.609,3.605,3.605,3.609,3.798,3.801,3.790,3.796,3.792,3.796,3.795,-59.552,-2336.000
3.611,3.609,3.611,3.605,3.610,3.604,3.610,3.798,3.804,3.802,3.802,3.803,3.799,3.803,-59.469,-2335.000
3.609,3.601,3.613,3.612,3.613,3.610,3.612,3.801,3.799,3.805,3.805,3.802,3.798,3.800,-59.405,-2334.000
3.611,3.610,3.609,3.608,3.613,3.613,3.611,3.795,3.798,3.802,3.797,3.795,3.798,3.799,-59.097,-2333.000
3.614,3.608,3.607,3.612,3.607,3.608,3.610,3.806,3.792,3.795,3.798,3.795,3.803,3.796,-59.190,-2332.000
3.614,3.608,3.610,3.616,3.613,3.614,3.613,3.798,3.793,3.796,3.792,3.800,3.799,3.801,-59.177,-2331.000
3.612,3.609,3.605,3.614,3.617,3.613,3.610,3.798,3.802,3.804,3.799,3.800,3.805,3.801,-59.345,-2330.000
3.608,3.609,3.609,3.612,3.610,3.615,3.612,3.804,3.797,3.797,3.799,3.793,3.802,3.797,-59.030,-2329.000
3.612,3.609,3.609,3.610,3.616,3.613,3.612,3.802,3.799,3.800,3.795,3.795,3.794,3.801,-59.100,-2328.000
3.610,3.612,3.613,3.606,3.616,3.608,3.611,3.799,3.802,3.802,3.794,3.801,3.796,3.801,-59.089,-2327.000
3.610,3.613,3.610,3.610,3.611,3.616,3.614,3.798,3.799,3.796,3.799,3.801,3.800,3.800,-59.257,-2326.000
3.611,3.613,3.612,3.611,3.608,3.614,3.612,3.801,3.795,3.793,3.799,3.797,3.800,3.800,-59.092,-2325.000
3.608,3.616,3.615,3.611,3.613,3.614,3.615,3.800,3.799,3.804,3.802,3.800,3.803,3.801,-58.975,-2324.000
3.612,3.608,3.613,3.608,3.605,3.605,3.607,3.802,3.798,3.802,3.797,3.799,3.803,3.804,-58.950,-2323.000
3.614,3.611,3.604,3.612,3.609,3.612,3.609,3.802,3.805,3.806,3.797,3.801,3.798,3.789,-59.190,-2322.000
3.606,3.610,3.611,3.610,3.609,3.618,3.611,3.802,3.789,3.808,3.810,3.798,3.799,3.796,-59.035,-2321.000
3.610,3.607,3.609,3.615,3.610,3.612,3.613,3.795,3.801,3.800,3.803,3.801,3.802,3.801,-59.202,-2320.000
3.608,3.607,3.607,3.610,3.607,3.607,3.605,3.795,3.796,3.797,3.798,3.798,3.803,3.795,-59.156,-2319.000
3.611,3.607,3.611,3.611,3.612,3.607,3.609,3.799,3.803,3.799,3.795,3.799,3.800,3.793,-59.110,-2318.000
3.613,3.612,3.609,3.612,3.607,3.608,3.609,3.805,3.801,3.800,3.797,3.795,3.794,3.795,-59.162,-2317.000
3.607,3.608,3.605,3.610,3.607,3.608,3.607,3.801,3.797,3.798,3.798,3.802,3.793,3.797,-59.065,-2316.000
3.606,3.609,3.613,3.608,3.605,3.607,3.611,3.797,3.797,3.806,3.798,3.792,3.798,3.800,-59.081,-2315.000
3.607,3.609,3.610,3.610,3.610,3.614,3.610,3.802,3.802,3.801,3.797,3.800,3.802,3.798,-59.123,-2314.000
3.606,3.613,3.607,3.612,3.605,3.607,3.609,3.803,3.799,3.798,3.795,3.797,3.800,3.805,-58.866,-2313.000
3.603,3.606,3.604,3.610,3.607,3.609,3.606,3.794,3.795,3.795,3.797,3.795,3.798,3.794,-58.829,-2312.000
3.612,3.611,3.602,3.607,3.606,3.605,3.611,3.793,3.792,3.799,3.803,3.800,3.795,3.796,-58.736,-2311.000
3.612,3.608,3.610,3.608,3.606,3.610,3.610,3.800,3.798,3.798,3.796,3.796,3.800,3.801,-58.847,-2310.000
3.615,3.605,3.607,3.611,3.612,3.612,3.615,3.802,3.794,3.795,3.798,3.800,3.802,3.798,-59.050,-2309.000
3.607,3.602,3.606,3.607,3.606,3.609,3.610,3.792,3.798,3.793,3.794,3.797,3.791,3.792,-59.172,-2308.000
3.606,3.606,3.607,3.608,3.612,3.606,3.607,3.801,3.794,3.792,3.804,3.791,3.801,3.799,-59.220,-2307.000
3.607,3.608,3.604,3.605,3.607,3.607,3.605,3.798,3.793,3.796,3.794,3.794,3.799,3.788,-58.905,-2306.000
3.607,3.605,3.606,3.608,3.604,3.606,3.601,3.796,3.795,3.795,3.795,3.797,3.794,3.799,-58.935,-2305.000
3.606,3.605,3.611,3.604,3.611,3.608,3.607,3.797,3.801,3.793,3.794,3.799,3.799,3.797,-58.920,-2304.000
3.611,3.604,3.601,3.602,3.602,3.604,3.608,3.795,3.791,3.796,3.803,3.799,3.798,3.802,-59.052,-2303.000
3.607,3.609,3.607,3.602,3.607,3.607,3.608,3.798,3.797,3.801,3.798,3.801,3.797,3.796,-58.997,-2302.000
3.606,3.609,3.604,3.607,3.600,3.607,3.610,3.789,3.794,3.799,3.797,3.799,3.803,3.792,-59.091,-2301.000
3.605,3.602,3.610,3.607,3.603,3.605,3.605,3.797,3.797,3.794,3.794,3.793,3.800,3.792,-58.986,-2300.000
3.601,3.608,3.601,3.605,3.600,3.604,3.607,3.794,3.796,3.798,3.799,3.801,3.795,3.799,-59.152,-2299.000
3.610,3.607,3.604,3.608,3.603,3.607,3.611,3.807,3.805,3.802,3.797,3.797,3.801,3.800,-59.117,-2298.000
3.606,3.605,3.602,3.605,3.608,3.604,3.612,3.799,3.799,3.804,3.795,3.804,3.795,3.791,-59.014,-2297.000
3.610,3.613,3.600,3.607,3.604,3.608,3.611,3.796,3.800,3.796,3.793,3.795,3.798,3.800,-59.128,-2296.000
3.610,3.607,3.607,3.602,3.606,3.610,3.603,3.796,3.794,3.793,3.798,3.800,3.797,3.798,-58.999,-2295.000
3.608,3.612,3.604,3.607,3.608,3.606,3.611,3.795,3.796,3.801,3.802,3.798,3.803,3.795,-59.240,-2294.000
3.612,3.601,3.611,3.608,3.609,3.602,3.608,3.798,3.795,3.791,3.798,3.800,3.805,3.798,-59.256,-2293.000
3.603,3.608,3.613,3.602,3.599,3.608,3.612,3.799,3.801,3.797,3.791,3.795,3.800,3.798,-59.105,-2292.000
3.609,3.603,3.611,3.605,3.603,3.610,3.608,3.801,3.798,3.799,3.792,3.798,3.802,3.799,-59.236,-2291.000
3.606,3.605,3.607,3.610,3.605,3.611,3.600,3.797,3.800,3.799,3.801,3.804,3.801,3.796,-58.950,-2290.000
3.609,3.600,3.608,3.603,3.608,3.609,3.605,3.793,3.798,3.794,3.796,3.795,3.804,3.804,-58.756,-2289.000
3.603,3.608,3.609,3.613,3.607,3.608,3.609,3.798,3.800,3.800,3.800,3.797,3.798,3.801,-58.794,-2288.000
3.602,3.612,3.613,3.609,3.607,3.605,3.608,3.800,3.801,3.804,3.802,3.803,3.804,3.803,-58.744,-2287.000
3.607,3.604,3.610,3.606,3.607,3.608,3.609,3.803,3.801,3.801,3.799,3.801,3.798,3.804,-59.228,-2286.000
3.607,3.607,3.607,3.603,3.608,3.607,3.609,3.808,3.802,3.798,3.798,3.799,3.799,3.799,-59.056,-2285.000
3.607,3.607,3.604,3.609,3.607,3.604,3.604,3.800,3.799,3.798,3.800,3.799,3.800,3.797,-59.218,-2284.000
3.607,3.607,3.607,3.604,3.609,3.612,3.602,3.803,3.797,3.802,3.804,3.800,3.802,3.799,-59.462,-2283.000
3.606,3.609,3.610,3.610,3.601,3.616,3.618,3.801,3.800,3.802,3.800,3.801,3.798,3.805,-58.986,-2282.000
3.610,3.608,3.605,3.612,3.616,3.604,3.610,3.802,3.798,3.801,3.802,3.803,3.803,3.803,-58.905,-2281.000
3.609,3.610,3.606,3.606,3.610,3.609,3.607,3.801,3.804,3.803,3.809,3.802,3.805,3.803,-59.078,-2280.000
3.612,3.615,3.609,3.606,3.608,3.612,3.609,3.806,3.802,3.798,3.803,3.803,3.804,3.802,-59.107,-2279.000
3.606,3.607,3.604,3.612,3.604,3.612,3.612,3.803,3.796,3.794,3.802,3.801,3.803,3.800,-59.192,-2278.000
3.607,3.609,3.607,3.607,3.609,3.607,3.610,3.801,3.806,3.798,3.801,3.803,3.802,3.798,-59.015,-2277.000
3.613,3.611,3.611,3.607,3.607,3.614,3.612,3.800,3.803,3.805,3.804,3.800,3.803,3.802,-58.858,-2276.000
3.607,3.610,3.615,3.607,3.611,3.611,3.606,3.802,3.798,3.794,3.796,3.801,3.803,3.809,-59.126,-2275.000
3.610,3.609,3.606,3.608,3.618,3.607,3.617,3.801,3.805,3.805,3.802,3.805,3.801,3.802,-58.933,-2274.000
3.608,3.612,3.607,3.616,3.609,3.609,3.618,3.802,3.802,3.802,3.801,3.799,3.806,3.807,-58.874,-2273.000
3.608,3.612,3.605,3.606,3.604,3.615,3.611,3.803,3.802,3.802,3.801,3.803,3.803,3.799,-59.104,-2272.000
3.610,3.610,3.608,3.611,3.615,3.611,3.609,3.802,3.800,3.802,3.803,3.800,3.805,3.799,-58.985,-2271.000
3.610,3.604,3.610,3.607,3.609,3.608,3.615,3.799,3.801,3.801,3.807,3.796,3.800,3.800,-58.934,-2270.000
3.611,3.606,3.614,3.605,3.608,3.609,3.612,3.804,3.802,3.799,3.796,3.804,3.805,3.800,-58.979,-2269.000
3.615,3.608,3.614,3.607,3.608,3.610,3.613,3.792,3.800,3.800,3.798,3.799,3.801,3.806,-58.982,-2268.000
3.605,3.607,3.608,3.608,3.608,3.609,3.613,3.802,3.804,3.797,3.801,3.794,3.799,3.799,-58.993,-2267.000
3.608,3.602,3.603,3.607,3.605,3.609,3.608,3.800,3.795,3.802,3.799,3.801,3.798,3.798,-58.957,-2266.000
3.605,3.607,3.611,3.604,3.614,3.607,3.614,3.793,3.796,3.791,3.801,3.799,3.794,3.793,-58.912,-2265.000
3.610,3.604,3.605,3.610,3.601,3.609,3.605,3.797,3.799,3.800,3.802,3.796,3.799,3.796,-59.034,-2264.000
3.601,3.609,3.607,3.599,3.610,3.606,3.609,3.796,3.798,3.799,3.802,3.801,3.795,3.796,-58.826,-2263.000
3.602,3.604,3.603,3.606,3.605,3.606,3.601,3.800,3.799,3.801,3.801,3.796,3.797,3.803,-58.740,-2262.000
3.610,3.603,3.606,3.610,3.610,3.612,3.609,3.791,3.799,3.797,3.799,3.805,3.795,3.802,-58.690,-2261.000
3.607,3.600,3.607,3.601,3.606,3.604,3.601,3.798,3.798,3.795,3.798,3.799,3.802,3.790,-58.530,-2260.000
3.610,3.605,3.608,3.608,3.608,3.607,3.612,3.795,3.793,3.801,3.798,3.797,3.799,3.802,-57.603,-2259.000
3.615,3.611,3.607,3.606,3.607,3.610,3.609,3.798,3.800,3.797,3.800,3.800,3.800,3.800,-57.098,-2258.000
3.607,3.608,3.603,3.609,3.608,3.610,3.606,3.797,3.802,3.801,3.798,3.801,3.801,3.797,-57.357,-2257.000
3.609,3.607,3.612,3.602,3.605,3.603,3.607,3.798,3.803,3.802,3.799,3.798,3.803,3.803,-57.971,-2256.000
3.604,3.612,3.605,3.607,3.601,3.607,3.612,3.805,3.795,3.797,3.797,3.797,3.795,3.797,-58.094,-2255.000
3.611,3.609,3.609,3.613,3.606,3.605,3.612,3.804,3.801,3.798,3.801,3.795,3.797,3.796,-58.340,-2254.000
3.608,3.605,3.607,3.609,3.609,3.608,3.608,3.800,3.799,3.803,3.796,3.800,3.801,3.799,-58.676,-2253.000
3.609,3.613,3.608,3.604,3.606,3.609,3.612,3.802,3.802,3.799,3.795,3.794,3.801,3.799,-58.629,-2252.000
3.607,3.611,3.614,3.604,3.609,3.611,3.610,3.804,3.803,3.805,3.802,3.802,3.797,3.798,-58.978,-2251.000
3.610,3.613,3.607,3.611,3.612,3.610,3.603,3.801,3.803,3.801,3.804,3.798,3.800,3.798,-58.918,-2250.000
3.609,3.618,3.611,3.611,3.609,3.611,3.607,3.797,3.802,3.795,3.801,3.803,3.804,3.804,-58.968,-2249.000
3.610,3.615,3.616,3.607,3.610,3.605,3.614,3.798,3.801,3.796,3.797,3.801,3.798,3.802,-59.133,-2248.000
3.608,3.605,3.609,3.612,3.609,3.610,3.611,3.797,3.801,3.799,3.798,3.798,3.799,3.801,-59.063,-2247.000
3.607,3.610,3.611,3.613,3.610,3.614,3.611,3.797,3.799,3.801,3.794,3.796,3.796,3.793,-59.029,-2246.000
3.610,3.611,3.609,3.609,3.609,3.612,3.610,3.800,3.798,3.799,3.799,3.802,3.806,3.800,-58.990,-2245.000
3.609,3.613,3.604,3.608,3.609,3.611,3.609,3.800,3.803,3.797,3.798,3.794,3.795,3.797,-59.137,-2244.000
3.614,3.610,3.604,3.614,3.609,3.606,3.610,3.799,3.804,3.800,3.799,3.796,3.796,3.797,-58.912,-2243.000
3.613,3.609,3.610,3.609,3.613,3.610,3.612,3.800,3.800,3.795,3.795,3.797,3.798,3.805,-58.953,-2242.000
3.605,3.606,3.607,3.613,3.609,3.613,3.612,3.806,3.800,3.799,3.795,3.796,3.790,3.792,-59.008,-2241.000
3.619,3.609,3.609,3.610,3.608,3.610,3.610,3.803,3.801,3.807,3.799,3.803,3.802,3.803,-59.145,-2240.000
3.611,3.610,3.611,3.609,3.613,3.607,3.607,3.805,3.803,3.806,3.798,3.796,3.795,3.796,-59.222,-2239.000
3.620,3.611,3.606,3.609,3.605,3.607,3.608,3.801,3.803,3.802,3.806,3.800,3.797,3.803,-59.024,-2238.000
3.613,3.612,3.611,3.610,3.614,3.604,3.607,3.801,3.800,3.800,3.799,3.798,3.802,3.795,-58.804,-2237.000
3.610,3.610,3.617,3.610,3.610,3.612,3.611,3.800,3.795,3.800,3.800,3.801,3.793,3.801,-59.021,-2236.000
3.610,3.609,3.600,3.609,3.609,3.613,3.610,3.801,3.793,3.795,3.802,3.802,3.799,3.804,-58.912,-2235.000
3.614,3.609,3.611,3.609,3.611,3.613,3.615,3.801,3.799,3.802,3.796,3.801,3.799,3.798,-58.901,-2234.000
3.607,3.610,3.607,3.612,3.609,3.611,3.616,3.800,3.801,3.796,3.807,3.802,3.799,3.805,-58.794,-2233.000
3.613,3.607,3.610,3.616,3.611,3.613,3.614,3.793,3.797,3.800,3.798,3.796,3.797,3.803,-58.616,-2232.000
3.612,3.607,3.611,3.608,3.609,3.612,3.615,3.798,3.801,3.796,3.802,3.798,3.803,3.799,-58.819,-2231.000
3.611,3.609,3.609,3.608,3.604,3.607,3.611,3.793,3.798,3.800,3.793,3.793,3.795,3.796,-59.134,-2230.000
3.610,3.610,3.610,3.612,3.607,3.606,3.601,3.799,3.798,3.793,3.797,3.790,3.798,3.791,-59.035,-2229.000
3.605,3.608,3.608,3.605,3.607,3.604,3.604,3.797,3.796,3.803,3.795,3.797,3.790,3.794,-59.114,-2228.000
3.612,3.606,3.606,3.602,3.611,3.603,3.608,3.804,3.796,3.798,3.792,3.804,3.797,3.796,-59.036,-2227.000
3.608,3.607,3.609,3.610,3.607,3.610,3.608,3.803,3.797,3.804,3.800,3.802,3.788,3.801,-58.964,-2226.000
3.607,3.606,3.609,3.610,3.603,3.607,3.603,3.801,3.799,3.800,3.792,3.796,3.803,3.805,-59.003,-2225.000
3.613,3.607,3.613,3.607,3.608,3.607,3.612,3.800,3.788,3.798,3.801,3.797,3.800,3.797,-59.108,-2224.000
3.606,3.607,3.605,3.607,3.608,3.609,3.607,3.795,3.793,3.799,3.797,3.798,3.802,3.795,-59.073,-2223.000
3.603,3.601,3.611,3.612,3.602,3.606,3.604,3.804,3.795,3.800,3.799,3.798,3.794,3.804,-58.907,-2222.000
3.603,3.611,3.606,3.612,3.608,3.609,3.613,3.796,3.806,3.795,3.799,3.796,3.801,3.803,-59.108,-2221.000
3.610,3.609,3.610,3.606,3.610,3.605,3.610,3.803,3.798,3.794,3.799,3.800,3.794,3.794,-58.985,-2220.000
3.613,3.615,3.607,3.607,3.610,3.613,3.605,3.798,3.801,3.792,3.801,3.797,3.797,3.801,-59.096,-2219.000
3.612,3.610,3.611,3.607,3.610,3.609,3.614,3.798,3.799,3.795,3.801,3.797,3.801,3.797,-58.976,-2218.000
3.610,3.607,3.610,3.606,3.612,3.603,3.609,3.799,3.801,3.803,3.795,3.797,3.797,3.800,-58.987,-2217.000
3.608,3.612,3.607,3.608,3.605,3.609,3.606,3.799,3.795,3.798,3.795,3.796,3.800,3.800,-58.940,-2216.000
3.609,3.614,3.603,3.610,3.606,3.609,3.605,3.792,3.799,3.795,3.796,3.798,3.799,3.797,-59.110,-2215.000
3.614,3.604,3.607,3.608,3.610,3.607,3.611,3.798,3.800,3.798,3.801,3.799,3.801,3.799,-58.861,-2214.000
3.610,3.603,3.611,3.607,3.604,3.604,3.606,3.795,3.797,3.802,3.793,3.800,3.796,3.797,-59.037,-2213.000
3.608,3.609,3.603,3.608,3.604,3.609,3.608,3.804,3.798,3.796,3.796,3.793,3.801,3.799,-59.103,-2212.000
3.615,3.605,3.611,3.605,3.613,3.604,3.613,3.800,3.799,3.800,3.799,3.803,3.795,3.793,-58.783,-2211.000
3.615,3.603,3.600,3.605,3.615,3.607,3.607,3.796,3.798,3.796,3.794,3.797,3.794,3.791,-58.913,-2210.000
3.610,3.609,3.610,3.602,3.610,3.608,3.602,3.795,3.795,3.800,3.795,3.799,3.793,3.797,-58.728,-2209.000
3.609,3.604,3.608,3.603,3.611,3.610,3.608,3.793,3.798,3.795,3.794,3.794,3.795,3.798,-58.800,-2208.000
3.610,3.609,3.614,3.602,3.610,3.611,3.609,3.789,3.800,3.797,3.791,3.800,3.792,3.796,-59.143,-2207.000
3.611,3.615,3.620,3.617,3.616,3.613,3.616,3.803,3.806,3.804,3.803,3.805,3.800,3.801,-59.148,-2206.000
3.607,3.609,3.616,3.607,3.611,3.605,3.613,3.798,3.797,3.797,3.795,3.793,3.796,3.798,-59.199,-2205.000
3.615,3.607,3.608,3.612,3.612,3.609,3.611,3.796,3.797,3.799,3.796,3.800,3.792,3.798,-59.415,-2204.000
3.600,3.608,3.606,3.610,3.613,3.608,3.610,3.795,3.796,3.798,3.797,3.799,3.793,3.796,-59.295,-2203.000
3.607,3.610,3.610,3.610,3.608,3.611,3.612,3.795,3.796,3.796,3.797,3.798,3.799,3.793,-59.053,-2202.000
3.606,3.613,3.610,3.609,3.613,3.610,3.616,3.794,3.795,3.796,3.799,3.800,3.798,3.795,-59.148,-2201.000
3.607,3.610,3.610,3.608,3.617,3.616,3.612,3.796,3.796,3.804,3.801,3.795,3.795,3.799,-58.991,-2200.000
3.616,3.609,3.614,3.614,3.612,3.611,3.609,3.801,3.798,3.800,3.802,3.797,3.798,3.801,-59.180,-2199.000
3.616,3.608,3.607,3.613,3.615,3.614,3.609,3.795,3.792,3.801,3.796,3.800,3.802,3.798,-59.317,-2198.000
3.609,3.610,3.610,3.612,3.612,3.611,3.609,3.795,3.792,3.801,3.803,3.800,3.800,3.795,-59.396,-2197.000
3.611,3.615,3.619,3.612,3.609,3.608,3.613,3.795,3.798,3.799,3.797,3.795,3.802,3.806,-59.236,-2196.000
3.608,3.611,3.603,3.612,3.611,3.609,3.612,3.796,3.802,3.792,3.798,3.798,3.795,3.796,-59.269,-2195.000
3.609,3.609,3.609,3.614,3.615,3.614,3.610,3.803,3.798,3.797,3.797,3.795,3.800,3.799,-59.375,-2194.000
3.612,3.613,3.611,3.614,3.615,3.613,3.612,3.795,3.797,3.798,3.800,3.801,3.796,3.799,-59.314,-2193.000
3.611,3.609,3.615,3.605,3.605,3.607,3.614,3.800,3.795,3.793,3.795,3.801,3.790,3.799,-59.432,-2192.000
3.609,3.611,3.617,3.612,3.611,3.609,3.609,3.792,3.794,3.799,3.799,3.796,3.796,3.797,-59.347,-2191.000
3.610,3.609,3.614,3.609,3.616,3.611,3.615,3.791,3.797,3.795,3.795,3.802,3.796,3.797,-59.088,-2190.000
3.613,3.612,3.608,3.609,3.611,3.615,3.613,3.798,3.795,3.795,3.797,3.799,3.797,3.800,-58.979,-2189.000
3.616,3.610,3.608,3.616,3.619,3.615,3.613,3.796,3.795,3.799,3.796,3.794,3.803,3.794,-59.003,-2188.000
3.607,3.604,3.605,3.607,3.609,3.612,3.607,3.792,3.795,3.799,3.798,3.799,3.795,3.793,-59.073,-2187.000
3.607,3.607,3.611,3.601,3.606,3.607,3.607,3.797,3.797,3.797,3.796,3.789,3.793,3.791,-59.205,-2186.000
3.602,3.603,3.605,3.604,3.606,3.601,3.609,3.797,3.803,3.796,3.795,3.799,3.793,3.790,-59.151,-2185.000
3.605,3.608,3.607,3.602,3.597,3.605,3.598,3.798,3.796,3.794,3.793,3.789,3.786,3.793,-59.117,-2184.000
3.604,3.601,3.602,3.605,3.608,3.603,3.599,3.795,3.796,3.801,3.798,3.800,3.802,3.798,-59.064,-2183.000
3.603,3.601,3.608,3.601,3.602,3.605,3.605,3.792,3.791,3.792,3.803,3.797,3.795,3.802,-58.845,-2182.000
3.604,3.607,3.607,3.606,3.609,3.599,3.605,3.795,3.799,3.799,3.801,3.794,3.793,3.800,-58.777,-2181.000
3.601,3.608,3.603,3.604,3.600,3.607,3.604,3.795,3.794,3.801,3.796,3.792,3.798,3.798,-58.891,-2180.000
3.606,3.607,3.607,3.607,3.611,3.610,3.607,3.797,3.798,3.796,3.794,3.796,3.794,3.799,-58.830,-2179.000
3.605,3.603,3.605,3.610,3.609,3.599,3.603,3.797,3.799,3.794,3.804,3.794,3.798,3.794,-59.004,-2178.000
3.607,3.609,3.601,3.605,3.602,3.604,3.605,3.797,3.795,3.794,3.798,3.797,3.800,3.790,-59.078,-2177.000
3.611,3.608,3.607,3.605,3.605,3.603,3.607,3.798,3.801,3.794,3.798,3.790,3.791,3.793,-59.080,-2176.000
3.603,3.607,3.607,3.608,3.608,3.608,3.607,3.797,3.796,3.799,3.800,3.797,3.795,3.800,-59.090,-2175.000
3.606,3.607,3.603,3.612,3.608,3.610,3.602,3.797,3.799,3.801,3.804,3.802,3.802,3.795,-59.004,-2174.000
3.610,3.607,3.605,3.608,3.611,3.607,3.611,3.793,3.792,3.796,3.794,3.799,3.801,3.795,-59.201,-2173.000
3.608,3.608,3.605,3.609,3.607,3.608,3.607,3.802,3.801,3.800,3.800,3.795,3.804,3.801,-59.224,-2172.000
3.613,3.615,3.610,3.607,3.613,3.615,3.604,3.798,3.796,3.799,3.798,3.798,3.795,3.794,-59.068,-2171.000
3.611,3.605,3.603,3.611,3.607,3.607,3.612,3.802,3.796,3.795,3.799,3.794,3.804,3.797,-59.031,-2170.000
3.608,3.608,3.611,3.607,3.607,3.606,3.606,3.798,3.801,3.795,3.801,3.792,3.801,3.795,-58.949,-2169.000
3.605,3.607,3.608,3.609,3.602,3.603,3.602,3.797,3.791,3.790,3.796,3.805,3.794,3.797,-58.896,-2168.000
3.608,3.602,3.611,3.600,3.613,3.609,3.609,3.801,3.802,3.802,3.791,3.796,3.793,3.796,-59.021,-2167.000
3.606,3.607,3.609,3.614,3.606,3.612,3.607,3.796,3.797,3.795,3.798,3.793,3.796,3.790,-59.192,-2166.000
3.604,3.607,3.608,3.608,3.609,3.609,3.610,3.794,3.797,3.798,3.800,3.799,3.798,3.795,-59.247,-2165.000
3.613,3.609,3.607,3.605,3.605,3.612,3.611,3.802,3.799,3.796,3.792,3.795,3.803,3.800,-59.144,-2164.000
3.605,3.607,3.606,3.610,3.611,3.608,3.609,3.800,3.795,3.794,3.800,3.793,3.794,3.798,-58.995,-2163.000
3.607,3.606,3.604,3.605,3.604,3.604,3.609,3.796,3.794,3.794,3.795,3.797,3.794,3.793,-59.128,-2162.000
3.606,3.611,3.605,3.610,3.604,3.606,3.603,3.800,3.795,3.796,3.798,3.802,3.797,3.797,-59.252,-2161.000
3.608,3.607,3.608,3.609,3.604,3.608,3.605,3.793,3.799,3.795,3.798,3.794,3.796,3.795,-59.216,-2160.000
3.606,3.605,3.614,3.606,3.608,3.610,3.608,3.803,3.803,3.798,3.795,3.799,3.795,3.794,-59.161,-2159.000
3.605,3.602,3.611,3.606,3.609,3.610,3.607,3.804,3.799,3.801,3.800,3.796,3.794,3.790,-59.002,-2158.000
3.607,3.612,3.609,3.600,3.609,3.608,3.604,3.800,3.796,3.794,3.794,3.795,3.796,3.800,-59.033,-2157.000
3.607,3.605,3.610,3.606,3.605,3.604,3.605,3.792,3.798,3.794,3.794,3.793,3.790,3.794,-59.185,-2156.000
3.609,3.602,3.611,3.605,3.612,3.607,3.610,3.799,3.803,3.798,3.792,3.792,3.798,3.796,-58.937,-2155.000
3.606,3.608,3.612,3.607,3.607,3.604,3.608,3.798,3.795,3.790,3.794,3.791,3.793,3.796,-58.976,-2154.000
3.607,3.605,3.605,3.606,3.609,3.608,3.608,3.796,3.796,3.791,3.799,3.795,3.801,3.794,-58.981,-2153.000
3.606,3.609,3.605,3.609,3.607,3.605,3.609,3.791,3.791,3.798,3.794,3.791,3.794,3.801,-59.104,-2152.000
3.607,3.609,3.601,3.605,3.610,3.604,3.608,3.795,3.795,3.798,3.798,3.798,3.794,3.794,-59.133,-2151.000
3.610,3.599,3.606,3.606,3.605,3.604,3.602,3.795,3.788,3.793,3.794,3.797,3.792,3.792,-59.010,-2150.000
3.609,3.605,3.606,3.607,3.605,3.605,3.615,3.803,3.795,3.798,3.799,3.790,3.796,3.795,-58.766,-2149.000
3.609,3.604,3.608,3.600,3.596,3.599,3.609,3.796,3.796,3.791,3.797,3.792,3.797,3.794,-58.967,-2148.000
3.605,3.598,3.602,3.599,3.596,3.604,3.601,3.798,3.795,3.796,3.798,3.793,3.793,3.788,-58.357,-2147.000
3.605,3.606,3.604,3.601,3.600,3.602,3.605,3.793,3.796,3.796,3.796,3.797,3.795,3.796,-57.709,-2146.000
3.606,3.604,3.602,3.605,3.603,3.604,3.603,3.795,3.796,3.787,3.794,3.799,3.798,3.796,-56.887,-2145.000
3.602,3.605,3.602,3.607,3.602,3.604,3.601,3.792,3.794,3.794,3.793,3.793,3.793,3.791,-56.476,-2144.000
3.599,3.599,3.599,3.599,3.602,3.603,3.607,3.792,3.792,3.787,3.792,3.788,3.790,3.795,-55.622,-2143.000
3.599,3.601,3.602,3.605,3.604,3.608,3.604,3.796,3.792,3.794,3.793,3.795,3.788,3.792,-55.629,-2142.000
3.602,3.599,3.605,3.604,3.601,3.600,3.600,3.791,3.796,3.793,3.794,3.796,3.795,3.793,-55.461,-2141.000
3.601,3.606,3.605,3.603,3.609,3.605,3.604,3.798,3.794,3.792,3.794,3.789,3.791,3.791,-55.658,-2140.000
3.602,3.606,3.597,3.601,3.605,3.601,3.599,3.788,3.792,3.791,3.792,3.789,3.791,3.791,-55.959,-2139.000
3.602,3.600,3.602,3.601,3.601,3.605,3.607,3.793,3.794,3.792,3.788,3.791,3.792,3.796,-56.129,-2138.000
3.609,3.594,3.605,3.603,3.602,3.600,3.606,3.793,3.789,3.788,3.791,3.794,3.786,3.791,-56.438,-2137.000
3.599,3.605,3.603,3.605,3.602,3.601,3.606,3.786,3.786,3.789,3.791,3.789,3.796,3.796,-56.727,-2136.000
3.604,3.602,3.600,3.602,3.601,3.602,3.594,3.784,3.792,3.788,3.785,3.785,3.784,3.785,-57.048,-2135.000
3.603,3.607,3.607,3.597,3.604,3.599,3.599,3.797,3.791,3.786,3.790,3.781,3.786,3.784,-57.665,-2134.000
3.608,3.598,3.603,3.602,3.599,3.599,3.599,3.796,3.788,3.792,3.783,3.784,3.796,3.788,-58.072,-2133.000
3.606,3.605,3.600,3.595,3.603,3.598,3.596,3.791,3.785,3.789,3.787,3.789,3.792,3.792,-58.242,-2132.000
3.598,3.597,3.602,3.599,3.602,3.598,3.596,3.788,3.782,3.791,3.789,3.792,3.790,3.786,-58.454,-2131.000
3.602,3.608,3.602,3.603,3.597,3.597,3.605,3.784,3.787,3.787,3.788,3.793,3.790,3.790,-58.618,-2130.000
3.598,3.606,3.601,3.601,3.598,3.601,3.603,3.795,3.787,3.785,3.787,3.791,3.787,3.781,-59.022,-2129.000
3.603,3.599,3.602,3.604,3.599,3.599,3.602,3.786,3.788,3.782,3.786,3.787,3.789,3.789,-58.996,-2128.000
3.603,3.600,3.599,3.603,3.601,3.603,3.604,3.788,3.791,3.790,3.789,3.782,3.785,3.788,-59.045,-2127.000
3.596,3.603,3.600,3.596,3.600,3.596,3.591,3.788,3.780,3.789,3.782,3.785,3.787,3.787,-58.880,-2126.000
3.599,3.600,3.599,3.602,3.602,3.603,3.601,3.781,3.786,3.793,3.789,3.791,3.791,3.788,-58.519,-2125.000
3.596,3.598,3.597,3.600,3.597,3.595,3.604,3.787,3.785,3.784,3.789,3.788,3.788,3.783,-58.526,-2124.000
3.603,3.602,3.596,3.596,3.601,3.596,3.597,3.787,3.783,3.788,3.784,3.789,3.792,3.794,-58.808,-2123.000
3.598,3.599,3.599,3.603,3.600,3.598,3.601,3.784,3.790,3.788,3.784,3.778,3.784,3.785,-58.602,-2122.000
3.598,3.596,3.603,3.595,3.605,3.602,3.594,3.793,3.777,3.785,3.780,3.781,3.782,3.787,-58.669,-2121.000
3.605,3.597,3.597,3.601,3.596,3.601,3.600,3.789,3.784,3.785,3.794,3.789,3.789,3.786,-58.815,-2120.000
3.596,3.595,3.600,3.600,3.599,3.598,3.605,3.787,3.785,3.795,3.786,3.793,3.790,3.791,-58.914,-2119.000
3.605,3.599,3.604,3.598,3.602,3.599,3.598,3.791,3.785,3.785,3.782,3.788,3.793,3.789,-59.081,-2118.000
3.591,3.606,3.596,3.593,3.598,3.595,3.600,3.789,3.787,3.787,3.785,3.785,3.787,3.790,-59.123,-2117.000
3.599,3.600,3.600,3.595,3.601,3.599,3.604,3.792,3.793,3.787,3.783,3.787,3.790,3.787,-59.128,-2116.000
3.598,3.593,3.598,3.599,3.599,3.603,3.596,3.794,3.791,3.786,3.790,3.794,3.788,3.789,-59.138,-2115.000
3.603,3.604,3.600,3.603,3.599,3.602,3.607,3.791,3.788,3.788,3.792,3.794,3.794,3.784,-58.868,-2114.000
3.603,3.605,3.604,3.605,3.604,3.607,3.598,3.791,3.789,3.788,3.791,3.782,3.783,3.791,-58.916,-2113.000
3.601,3.596,3.593,3.600,3.597,3.598,3.601,3.795,3.786,3.791,3.788,3.792,3.789,3.790,-58.933,-2112.000
3.606,3.605,3.602,3.602,3.601,3.602,3.601,3.786,3.785,3.793,3.785,3.787,3.790,3.783,-58.860,-2111.000
3.598,3.601,3.603,3.605,3.605,3.604,3.601,3.790,3.787,3.792,3.788,3.790,3.789,3.790,-59.173,-2110.000
3.600,3.598,3.599,3.599,3.600,3.600,3.599,3.789,3.793,3.788,3.786,3.793,3.786,3.789,-59.128,-2109.000
3.605,3.600,3.602,3.600,3.599,3.602,3.596,3.782,3.788,3.789,3.787,3.785,3.786,3.785,-59.062,-2108.000
3.605,3.601,3.599,3.601,3.600,3.596,3.600,3.786,3.783,3.786,3.796,3.789,3.791,3.789,-59.196,-2107.000
3.597,3.602,3.601,3.599,3.606,3.603,3.602,3.787,3.784,3.785,3.789,3.786,3.789,3.789,-59.074,-2106.000
3.596,3.603,3.608,3.606,3.600,3.603,3.606,3.784,3.789,3.789,3.787,3.787,3.791,3.788,-59.109,-2105.000
3.599,3.600,3.603,3.604,3.597,3.598,3.595,3.783,3.787,3.789,3.792,3.792,3.789,3.792,-59.295,-2104.000
3.600,3.602,3.596,3.601,3.601,3.599,3.594,3.783,3.782,3.788,3.787,3.788,3.793,3.787,-59.172,-2103.000
3.596,3.608,3.600,3.604,3.598,3.600,3.596,3.788,3.791,3.788,3.792,3.795,3.784,3.793,-59.154,-2102.000
3.597,3.600,3.599,3.603,3.601,3.600,3.597,3.787,3.780,3.783,3.781,3.789,3.784,3.789,-59.220,-2101.000
3.593,3.597,3.595,3.602,3.600,3.601,3.599,3.785,3.787,3.790,3.786,3.789,3.787,3.788,-59.181,-2100.000
3.597,3.605,3.595,3.600,3.598,3.599,3.600,3.789,3.789,3.781,3.786,3.784,3.789,3.788,-59.243,-2099.000
3.597,3.598,3.600,3.601,3.594,3.600,3.596,3.792,3.791,3.785,3.787,3.786,3.789,3.788,-59.245,-2098.000
3.595,3.594,3.595,3.600,3.597,3.598,3.594,3.794,3.783,3.783,3.781,3.781,3.784,3.785,-59.241,-2097.000
3.596,3.599,3.598,3.598,3.599,3.597,3.599,3.781,3.789,3.783,3.786,3.781,3.786,3.783,-59.085,-2096.000
3.604,3.597,3.604,3.591,3.598,3.594,3.595,3.787,3.790,3.789,3.794,3.795,3.794,3.790,-59.175,-2095.000
3.598,3.595,3.601,3.597,3.602,3.592,3.603,3.789,3.787,3.785,3.788,3.788,3.790,3.783,-59.019,-2094.000
3.599,3.603,3.602,3.597,3.599,3.596,3.597,3.789,3.785,3.784,3.785,3.780,3.787,3.784,-59.069,-2093.000
3.595,3.603,3.600,3.599,3.595,3.605,3.597,3.784,3.791,3.788,3.784,3.792,3.786,3.788,-59.229,-2092.000
3.602,3.596,3.596,3.598,3.598,3.602,3.597,3.780,3.782,3.782,3.786,3.786,3.785,3.784,-59.282,-2091.000
3.599,3.597,3.600,3.601,3.599,3.595,3.595,3.790,3.787,3.788,3.786,3.785,3.786,3.781,-58.871,-2090.000
3.594,3.596,3.598,3.600,3.598,3.598,3.594,3.782,3.786,3.785,3.783,3.784,3.788,3.784,-59.206,-2089.000
3.602,3.592,3.599,3.600,3.604,3.595,3.599,3.786,3.783,3.785,3.788,3.785,3.787,3.782,-59.130,-2088.000
3.600,3.596,3.591,3.598,3.597,3.601,3.596,3.783,3.783,3.789,3.783,3.780,3.788,3.785,-58.903,-2087.000
3.601,3.594,3.603,3.600,3.601,3.594,3.602,3.787,3.781,3.785,3.785,3.784,3.785,3.785,-58.858,-2086.000
3.599,3.600,3.599,3.598,3.599,3.600,3.594,3.789,3.785,3.786,3.786,3.789,3.791,3.789,-58.766,-2085.000
3.600,3.601,3.589,3.604,3.600,3.599,3.594,3.788,3.788,3.784,3.787,3.782,3.785,3.787,-58.859,-2084.000
3.594,3.599,3.602,3.600,3.593,3.606,3.606,3.787,3.784,3.793,3.792,3.791,3.787,3.788,-58.959,-2083.000
3.598,3.593,3.593,3.589,3.596,3.598,3.594,3.783,3.779,3.786,3.777,3.784,3.783,3.794,-59.230,-2082.000
3.603,3.599,3.603,3.602,3.600,3.597,3.594,3.783,3.789,3.782,3.787,3.788,3.787,3.784,-59.258,-2081.000
3.596,3.597,3.596,3.596,3.594,3.597,3.596,3.785,3.783,3.786,3.783,3.788,3.782,3.787,-59.064,-2080.000
3.599,3.592,3.595,3.596,3.596,3.593,3.599,3.789,3.787,3.788,3.789,3.786,3.787,3.783,-59.115,-2079.000
3.591,3.598,3.597,3.598,3.599,3.597,3.598,3.788,3.786,3.787,3.784,3.774,3.783,3.784,-59.067,-2078.000
3.597,3.591,3.599,3.593,3.595,3.593,3.599,3.788,3.784,3.785,3.783,3.784,3.788,3.783,-59.179,-2077.000
3.596,3.597,3.596,3.595,3.597,3.599,3.595,3.784,3.789,3.780,3.785,3.788,3.786,3.788,-59.120,-2076.000
3.597,3.592,3.597,3.603,3.594,3.596,3.593,3.783,3.787,3.786,3.789,3.786,3.786,3.782,-59.071,-2075.000
3.598,3.602,3.595,3.603,3.601,3.592,3.596,3.787,3.786,3.783,3.788,3.783,3.784,3.783,-58.919,-2074.000
3.594,3.594,3.589,3.596,3.591,3.597,3.595,3.780,3.787,3.779,3.781,3.784,3.782,3.775,-59.065,-2073.000
3.595,3.597,3.599,3.593,3.598,3.595,3.594,3.789,3.784,3.787,3.780,3.781,3.783,3.780,-59.227,-2072.000
3.593,3.591,3.593,3.595,3.590,3.595,3.597,3.788,3.784,3.779,3.783,3.782,3.781,3.789,-59.247,-2071.000
3.594,3.596,3.596,3.595,3.596,3.592,3.591,3.791,3.785,3.782,3.785,3.786,3.787,3.782,-59.213,-2070.000
3.594,3.594,3.593,3.593,3.598,3.592,3.595,3.783,3.782,3.789,3.788,3.783,3.783,3.780,-59.292,-2069.000
3.588,3.592,3.593,3.587,3.599,3.597,3.593,3.782,3.780,3.782,3.780,3.782,3.786,3.785,-59.064,-2068.000
3.594,3.602,3.595,3.596,3.592,3.596,3.590,3.781,3.779,3.780,3.782,3.786,3.781,3.779,-59.393,-2067.000
3.593,3.592,3.590,3.592,3.595,3.590,3.593,3.781,3.784,3.780,3.781,3.780,3.783,3.782,-59.238,-2066.000
3.593,3.591,3.593,3.592,3.588,3.588,3.591,3.777,3.777,3.771,3.778,3.786,3.781,3.776,-59.300,-2065.000
3.589,3.592,3.591,3.590,3.593,3.597,3.594,3.783,3.780,3.776,3.778,3.779,3.778,3.778,-59.084,-2064.000
3.590,3.596,3.594,3.593,3.596,3.589,3.596,3.778,3.780,3.773,3.781,3.785,3.783,3.780,-58.953,-2063.000
3.593,3.596,3.591,3.590,3.588,3.600,3.592,3.781,3.781,3.779,3.779,3.779,3.779,3.782,-59.137,-2062.000
3.591,3.589,3.598,3.593,3.591,3.591,3.594,3.779,3.782,3.785,3.783,3.779,3.781,3.780,-59.328,-2061.000
3.596,3.593,3.591,3.591,3.598,3.595,3.598,3.776,3.778,3.777,3.776,3.783,3.779,3.774,-59.183,-2060.000
3.605,3.598,3.597,3.595,3.598,3.590,3.595,3.781,3.779,3.784,3.780,3.781,3.781,3.786,-58.987,-2059.000
3.593,3.595,3.598,3.595,3.596,3.591,3.594,3.780,3.782,3.782,3.783,3.783,3.783,3.778,-58.996,-2058.000
3.600,3.602,3.595,3.594,3.592,3.597,3.599,3.777,3.789,3.779,3.780,3.780,3.779,3.780,-59.255,-2057.000
3.598,3.601,3.595,3.597,3.596,3.598,3.594,3.782,3.779,3.783,3.780,3.780,3.780,3.784,-59.247,-2056.000
3.595,3.595,3.591,3.592,3.595,3.597,3.602,3.787,3.779,3.786,3.783,3.784,3.782,3.781,-59.093,-2055.000
3.592,3.590,3.595,3.597,3.596,3.597,3.599,3.783,3.782,3.782,3.782,3.784,3.780,3.790,-59.070,-2054.000
3.590,3.596,3.598,3.596,3.594,3.593,3.595,3.778,3.779,3.785,3.781,3.784,3.779,3.783,-58.989,-2053.000
3.597,3.590,3.597,3.595,3.597,3.597,3.598,3.786,3.781,3.780,3.784,3.785,3.784,3.785,-58.958,-2052.000
3.591,3.589,3.596,3.597,3.591,3.597,3.593,3.778,3.780,3.781,3.780,3.782,3.782,3.780,-58.928,-2051.000
3.594,3.592,3.594,3.590,3.588,3.598,3.600,3.782,3.785,3.783,3.784,3.785,3.785,3.778,-58.875,-2050.000
3.593,3.591,3.596,3.599,3.593,3.596,3.593,3.784,3.778,3.782,3.789,3.787,3.785,3.783,-59.003,-2049.000
3.595,3.592,3.591,3.590,3.594,3.591,3.592,3.782,3.795,3.784,3.788,3.775,3.780,3.782,-58.889,-2048.000
3.597,3.592,3.592,3.595,3.592,3.597,3.591,3.782,3.785,3.780,3.787,3.785,3.781,3.774,-59.092,-2047.000
3.594,3.592,3.594,3.592,3.594,3.595,3.590,3.783,3.780,3.782,3.783,3.782,3.785,3.782,-59.261,-2046.000
3.594,3.592,3.593,3.595,3.593,3.597,3.595,3.778,3.783,3.778,3.778,3.780,3.782,3.780,-58.932,-2045.000
3.593,3.595,3.592,3.600,3.587,3.599,3.594,3.777,3.785,3.784,3.783,3.780,3.779,3.780,-59.038,-2044.000
3.598,3.595,3.595,3.596,3.594,3.589,3.590,3.782,3.783,3.787,3.785,3.783,3.780,3.781,-59.145,-2043.000
3.593,3.595,3.597,3.590,3.594,3.597,3.591,3.783,3.782,3.778,3.779,3.785,3.779,3.782,-59.184,-2042.000
3.592,3.599,3.596,3.592,3.599,3.597,3.599,3.782,3.781,3.778,3.781,3.783,3.787,3.782,-58.938,-2041.000
3.595,3.592,3.600,3.595,3.596,3.592,3.600,3.790,3.783,3.782,3.784,3.780,3.780,3.781,-59.227,-2040.000
3.594,3.596,3.591,3.598,3.596,3.599,3.601,3.783,3.789,3.783,3.784,3.783,3.782,3.782,-59.225,-2039.000
3.595,3.592,3.594,3.591,3.593,3.598,3.594,3.780,3.784,3.783,3.784,3.788,3.776,3.786,-59.154,-2038.000
3.596,3.592,3.592,3.597,3.595,3.598,3.593,3.781,3.782,3.783,3.776,3.785,3.780,3.777,-59.222,-2037.000
3.594,3.595,3.596,3.596,3.596,3.596,3.598,3.778,3.783,3.777,3.786,3.783,3.778,3.782,-59.055,-2036.000
3.595,3.597,3.598,3.593,3.596,3.597,3.593,3.782,3.786,3.782,3.782,3.792,3.788,3.783,-59.361,-2035.000
3.595,3.596,3.597,3.599,3.595,3.594,3.598,3.784,3.780,3.781,3.785,3.790,3.779,3.779,-59.453,-2034.000
3.597,3.595,3.594,3.597,3.590,3.593,3.592,3.785,3.782,3.788,3.782,3.784,3.784,3.781,-59.390,-2033.000
3.593,3.591,3.597,3.590,3.593,3.596,3.600,3.782,3.780,3.783,3.785,3.784,3.784,3.787,-59.333,-2032.000
3.593,3.594,3.601,3.595,3.596,3.596,3.598,3.782,3.787,3.784,3.784,3.785,3.782,3.780,-59.171,-2031.000
3.591,3.598,3.596,3.599,3.593,3.594,3.595,3.782,3.787,3.784,3.789,3.791,3.783,3.786,-58.842,-2030.000
3.594,3.593,3.602,3.599,3.597,3.595,3.595,3.788,3.788,3.789,3.784,3.784,3.786,3.784,-59.021,-2029.000
3.598,3.598,3.597,3.597,3.598,3.598,3.598,3.782,3.778,3.778,3.793,3.783,3.786,3.783,-59.125,-2028.000
3.595,3.594,3.597,3.591,3.597,3.595,3.592,3.784,3.780,3.789,3.781,3.784,3.777,3.782,-59.165,-2027.000
3.595,3.594,3.591,3.593,3.597,3.592,3.594,3.778,3.790,3.783,3.781,3.786,3.785,3.784,-58.930,-2026.000
3.592,3.598,3.592,3.591,3.599,3.599,3.598,3.783,3.786,3.785,3.782,3.780,3.788,3.787,-58.882,-2025.000
3.595,3.600,3.597,3.594,3.597,3.599,3.598,3.784,3.783,3.784,3.785,3.785,3.783,3.782,-59.058,-2024.000
3.599,3.593,3.596,3.594,3.600,3.598,3.597,3.786,3.783,3.787,3.790,3.790,3.786,3.786,-59.041,-2023.000
3.598,3.595,3.595,3.593,3.593,3.594,3.598,3.787,3.785,3.791,3.788,3.784,3.785,3.779,-58.864,-2022.000
3.595,3.595,3.600,3.595,3.595,3.597,3.600,3.790,3.784,3.777,3.782,3.786,3.780,3.784,-58.948,-2021.000
3.598,3.596,3.594,3.597,3.590,3.594,3.595,3.789,3.781,3.784,3.788,3.783,3.781,3.781,-58.934,-2020.000
3.603,3.603,3.597,3.602,3.600,3.595,3.595,3.783,3.786,3.787,3.788,3.782,3.790,3.786,-59.095,-2019.000
3.601,3.600,3.600,3.596,3.600,3.601,3.593,3.784,3.785,3.786,3.785,3.782,3.785,3.787,-59.186,-2018.000
3.596,3.595,3.596,3.598,3.595,3.596,3.596,3.791,3.789,3.787,3.788,3.781,3.782,3.786,-59.447,-2017.000
3.597,3.600,3.597,3.598,3.594,3.594,3.602,3.781,3.785,3.784,3.788,3.788,3.785,3.781,-59.170,-2016.000
3.595,3.596,3.600,3.594,3.597,3.596,3.602,3.791,3.788,3.787,3.785,3.784,3.782,3.785,-58.999,-2015.000
3.601,3.597,3.598,3.594,3.601,3.596,3.601,3.785,3.783,3.786,3.792,3.787,3.786,3.787,-59.097,-2014.000
3.596,3.598,3.599,3.596,3.599,3.601,3.603,3.780,3.784,3.786,3.790,3.786,3.785,3.791,-59.131,-2013.000
3.594,3.600,3.598,3.598,3.596,3.602,3.598,3.784,3.787,3.783,3.786,3.795,3.782,3.788,-58.943,-2012.000
3.602,3.599,3.597,3.596,3.597,3.604,3.596,3.790,3.786,3.788,3.790,3.787,3.785,3.785,-58.763,-2011.000
3.601,3.597,3.600,3.597,3.600,3.600,3.602,3.790,3.789,3.783,3.784,3.789,3.787,3.788,-59.012,-2010.000
3.604,3.599,3.596,3.599,3.600,3.594,3.604,3.788,3.782,3.785,3.790,3.786,3.790,3.793,-59.305,-2009.000
3.593,3.604,3.607,3.606,3.603,3.597,3.597,3.789,3.784,3.781,3.785,3.786,3.789,3.785,-59.400,-2008.000
3.600,3.600,3.598,3.603,3.606,3.597,3.597,3.789,3.787,3.779,3.785,3.784,3.789,3.785,-59.336,-2007.000
3.593,3.602,3.599,3.603,3.601,3.606,3.602,3.793,3.792,3.793,3.786,3.786,3.787,3.799,-59.364,-2006.000
3.609,3.603,3.599,3.603,3.596,3.598,3.597,3.793,3.792,3.793,3.792,3.788,3.787,3.789,-59.301,-2005.000
3.600,3.601,3.601,3.599,3.600,3.595,3.601,3.786,3.785,3.789,3.797,3.787,3.787,3.794,-59.222,-2004.000
3.597,3.601,3.598,3.598,3.602,3.601,3.595,3.792,3.786,3.783,3.791,3.791,3.791,3.792,-59.125,-2003.000
3.604,3.597,3.599,3.601,3.600,3.597,3.600,3.783,3.792,3.785,3.788,3.792,3.787,3.787,-59.197,-2002.000
3.599,3.599,3.610,3.597,3.595,3.603,3.603,3.791,3.795,3.782,3.790,3.786,3.785,3.793,-59.297,-2001.000
3.603,3.594,3.602,3.597,3.600,3.596,3.599,3.798,3.799,3.796,3.792,3.796,3.792,3.793,-59.255,-2000.000
3.596,3.601,3.596,3.603,3.602,3.601,3.601,3.792,3.795,3.785,3.785,3.789,3.788,3.790,-59.326,-1999.000
3.594,3.602,3.603,3.595,3.603,3.595,3.598,3.789,3.790,3.794,3.791,3.796,3.793,3.790,-59.239,-1998.000
3.594,3.591,3.598,3.596,3.598,3.598,3.603,3.785,3.796,3.780,3.791,3.795,3.794,3.791,-59.016,-1997.000
3.603,3.594,3.597,3.600,3.601,3.597,3.596,3.787,3.791,3.789,3.786,3.787,3.790,3.781,-59.022,-1996.000
3.592,3.598,3.595,3.598,3.600,3.594,3.593,3.794,3.786,3.782,3.788,3.791,3.789,3.786,-59.127,-1995.000
3.604,3.595,3.604,3.603,3.597,3.594,3.596,3.789,3.794,3.797,3.790,3.790,3.793,3.789,-59.193,-1994.000
3.596,3.597,3.599,3.602,3.594,3.605,3.600,3.791,3.791,3.790,3.789,3.790,3.797,3.791,-59.223,-1993.000
3.599,3.601,3.599,3.599,3.594,3.599,3.605,3.787,3.785,3.791,3.786,3.789,3.785,3.789,-59.022,-1992.000
3.602,3.596,3.600,3.602,3.605,3.597,3.603,3.790,3.787,3.791,3.790,3.790,3.790,3.790,-59.051,-1991.000
3.598,3.602,3.603,3.598,3.598,3.604,3.597,3.787,3.791,3.785,3.786,3.786,3.788,3.786,-58.987,-1990.000
3.599,3.590,3.597,3.597,3.607,3.595,3.598,3.788,3.790,3.796,3.786,3.790,3.793,3.785,-59.150,-1989.000
3.598,3.594,3.595,3.593,3.599,3.594,3.598,3.789,3.793,3.793,3.791,3.788,3.790,3.790,-59.080,-1988.000
3.598,3.597,3.597,3.592,3.595,3.596,3.598,3.795,3.792,3.794,3.783,3.791,3.787,3.790,-59.121,-1987.000
3.593,3.599,3.602,3.594,3.594,3.597,3.595,3.792,3.790,3.796,3.798,3.791,3.787,3.786,-59.134,-1986.000
3.596,3.596,3.596,3.599,3.593,3.598,3.601,3.789,3.790,3.790,3.785,3.794,3.798,3.786,-59.111,-1985.000
3.597,3.595,3.603,3.593,3.597,3.601,3.594,3.789,3.786,3.786,3.793,3.787,3.786,3.787,-58.935,-1984.000
3.601,3.601,3.599,3.599,3.601,3.601,3.595,3.784,3.782,3.783,3.788,3.787,3.791,3.790,-58.937,-1983.000
3.603,3.594,3.596,3.598,3.594,3.601,3.600,3.789,3.790,3.791,3.787,3.789,3.791,3.790,-58.783,-1982.000
3.601,3.591,3.597,3.600,3.596,3.602,3.600,3.787,3.791,3.789,3.790,3.791,3.790,3.786,-59.026,-1981.000
3.594,3.601,3.599,3.601,3.593,3.599,3.599,3.789,3.789,3.788,3.795,3.790,3.792,3.789,-59.253,-1980.000
3.598,3.599,3.600,3.597,3.589,3.596,3.600,3.786,3.788,3.786,3.788,3.791,3.791,3.788,-59.195,-1979.000
3.600,3.601,3.600,3.600,3.600,3.601,3.600,3.793,3.789,3.788,3.793,3.790,3.782,3.791,-59.268,-1978.000
3.593,3.603,3.596,3.599,3.606,3.598,3.600,3.794,3.794,3.789,3.789,3.787,3.789,3.783,-59.348,-1977.000
3.598,3.602,3.601,3.601,3.598,3.601,3.599,3.792,3.789,3.792,3.791,3.788,3.784,3.787,-59.207,-1976.000
3.605,3.602,3.597,3.603,3.602,3.600,3.594,3.788,3.788,3.797,3.789,3.790,3.796,3.788,-59.226,-1975.000
3.596,3.597,3.598,3.600,3.591,3.599,3.601,3.792,3.781,3.785,3.790,3.789,3.788,3.793,-59.261,-1974.000
3.599,3.598,3.599,3.602,3.596,3.597,3.595,3.790,3.794,3.786,3.795,3.782,3.786,3.785,-59.309,-1973.000
3.600,3.600,3.601,3.596,3.604,3.605,3.600,3.790,3.789,3.793,3.790,3.794,3.785,3.788,-58.892,-1972.000
3.601,3.600,3.602,3.596,3.600,3.596,3.595,3.791,3.790,3.793,3.783,3.794,3.794,3.783,-58.904,-1971.000
3.598,3.601,3.594,3.601,3.598,3.600,3.598,3.788,3.791,3.789,3.789,3.794,3.793,3.792,-59.184,-1970.000
3.602,3.600,3.594,3.598,3.593,3.598,3.597,3.790,3.795,3.792,3.790,3.785,3.787,3.787,-59.256,-1969.000
3.604,3.594,3.600,3.592,3.599,3.592,3.605,3.791,3.790,3.793,3.793,3.794,3.789,3.786,-59.110,-1968.000
3.605,3.604,3.603,3.600,3.596,3.598,3.603,3.793,3.795,3.792,3.796,3.791,3.792,3.790,-59.202,-1967.000
3.601,3.609,3.603,3.606,3.598,3.603,3.601,3.791,3.794,3.793,3.794,3.791,3.793,3.790,-59.324,-1966.000
3.600,3.593,3.597,3.601,3.602,3.599,3.603,3.792,3.792,3.795,3.792,3.796,3.795,3.790,-59.437,-1965.000
3.604,3.603,3.604,3.603,3.602,3.598,3.602,3.797,3.793,3.788,3.788,3.793,3.796,3.799,-59.410,-1964.000
3.597,3.601,3.601,3.594,3.599,3.598,3.599,3.789,3.786,3.789,3.788,3.789,3.786,3.794,-59.203,-1963.000
3.603,3.601,3.601,3.602,3.603,3.598,3.602,3.796,3.789,3.792,3.793,3.791,3.789,3.794,-59.119,-1962.000
3.603,3.600,3.602,3.600,3.604,3.598,3.595,3.789,3.799,3.798,3.791,3.790,3.801,3.786,-58.961,-1961.000
3.601,3.598,3.598,3.601,3.604,3.600,3.602,3.792,3.786,3.790,3.794,3.792,3.793,3.794,-59.220,-1960.000
3.597,3.606,3.600,3.600,3.593,3.601,3.601,3.791,3.792,3.791,3.795,3.794,3.794,3.790,-59.188,-1959.000
3.605,3.601,3.604,3.599,3.600,3.596,3.603,3.791,3.794,3.794,3.792,3.795,3.791,3.795,-59.015,-1958.000
3.596,3.596,3.598,3.601,3.599,3.594,3.602,3.797,3.790,3.797,3.791,3.790,3.790,3.788,-58.960,-1957.000
3.600,3.601,3.604,3.605,3.602,3.602,3.599,3.792,3.795,3.791,3.795,3.789,3.797,3.790,-58.832,-1956.000
3.601,3.600,3.605,3.602,3.596,3.599,3.599,3.790,3.793,3.792,3.791,3.791,3.792,3.795,-58.922,-1955.000
3.598,3.599,3.603,3.597,3.596,3.604,3.605,3.795,3.790,3.793,3.786,3.791,3.792,3.792,-58.849,-1954.000
3.598,3.603,3.600,3.603,3.602,3.604,3.594,3.790,3.789,3.789,3.789,3.788,3.797,3.796,-58.714,-1953.000
3.599,3.598,3.600,3.602,3.599,3.597,3.605,3.795,3.793,3.791,3.790,3.790,3.796,3.788,-58.811,-1952.000
3.596,3.595,3.596,3.597,3.594,3.597,3.594,3.787,3.789,3.792,3.794,3.793,3.790,3.788,-58.893,-1951.000
3.598,3.598,3.594,3.597,3.598,3.599,3.600,3.790,3.798,3.795,3.784,3.792,3.789,3.790,-59.066,-1950.000
3.594,3.596,3.607,3.595,3.595,3.594,3.595,3.789,3.786,3.786,3.785,3.783,3.787,3.790,-59.121,-1949.000
3.596,3.596,3.592,3.600,3.596,3.601,3.589,3.784,3.787,3.788,3.785,3.788,3.789,3.791,-59.236,-1948.000
3.597,3.596,3.599,3.594,3.595,3.597,3.600,3.786,3.789,3.784,3.785,3.788,3.786,3.789,-59.013,-1947.000
3.595,3.594,3.587,3.598,3.587,3.594,3.593,3.789,3.788,3.793,3.787,3.784,3.784,3.786,-59.044,-1946.000
3.598,3.602,3.593,3.587,3.597,3.595,3.594,3.788,3.788,3.786,3.785,3.783,3.782,3.784,-59.363,-1945.000
3.596,3.596,3.593,3.595,3.595,3.597,3.589,3.790,3.782,3.786,3.785,3.785,3.788,3.785,-59.072,-1944.000
3.596,3.595,3.598,3.595,3.598,3.596,3.594,3.780,3.783,3.789,3.789,3.786,3.782,3.796,-58.879,-1943.000
3.602,3.598,3.591,3.596,3.599,3.597,3.595,3.787,3.787,3.791,3.784,3.790,3.791,3.784,-58.758,-1942.000
3.593,3.596,3.599,3.596,3.597,3.599,3.593,3.778,3.789,3.783,3.784,3.785,3.788,3.786,-58.799,-1941.000
3.599,3.593,3.595,3.595,3.596,3.592,3.597,3.798,3.789,3.786,3.792,3.791,3.785,3.789,-58.860,-1940.000
3.602,3.594,3.597,3.596,3.598,3.599,3.595,3.784,3.783,3.785,3.786,3.785,3.790,3.779,-59.005,-1939.000
3.591,3.591,3.597,3.590,3.591,3.594,3.593,3.779,3.782,3.781,3.784,3.783,3.781,3.778,-59.176,-1938.000
3.595,3.594,3.591,3.594,3.592,3.594,3.595,3.788,3.787,3.782,3.789,3.787,3.790,3.784,-59.189,-1937.000
3.595,3.583,3.592,3.593,3.593,3.593,3.587,3.783,3.785,3.783,3.786,3.786,3.794,3.786,-59.139,-1936.000
3.593,3.589,3.595,3.596,3.595,3.590,3.591,3.786,3.785,3.782,3.786,3.790,3.786,3.779,-59.030,-1935.000
3.591,3.597,3.590,3.595,3.594,3.595,3.596,3.790,3.785,3.783,3.781,3.776,3.783,3.781,-58.975,-1934.000
3.598,3.593,3.591,3.591,3.591,3.593,3.595,3.786,3.785,3.781,3.784,3.785,3.780,3.783,-58.856,-1933.000
3.596,3.591,3.600,3.599,3.590,3.591,3.593,3.790,3.790,3.789,3.784,3.786,3.788,3.783,-59.013,-1932.000
3.590,3.596,3.593,3.596,3.594,3.592,3.595,3.780,3.781,3.780,3.789,3.783,3.792,3.782,-58.798,-1931.000
3.592,3.594,3.593,3.590,3.590,3.597,3.595,3.789,3.787,3.785,3.785,3.788,3.784,3.790,-58.816,-1930.000
3.589,3.598,3.595,3.597,3.601,3.598,3.602,3.784,3.792,3.788,3.785,3.784,3.785,3.787,-58.135,-1929.000
3.599,3.589,3.595,3.598,3.597,3.598,3.596,3.783,3.790,3.792,3.788,3.795,3.787,3.785,-57.460,-1928.000
3.602,3.591,3.594,3.599,3.599,3.598,3.592,3.788,3.787,3.789,3.790,3.783,3.789,3.794,-58.023,-1927.000
3.600,3.593,3.599,3.597,3.595,3.593,3.595,3.781,3.788,3.787,3.787,3.788,3.790,3.787,-58.187,-1926.000
3.594,3.597,3.596,3.595,3.592,3.598,3.596,3.783,3.788,3.791,3.789,3.787,3.791,3.786,-58.417,-1925.000
3.592,3.598,3.597,3.595,3.596,3.601,3.590,3.786,3.786,3.791,3.787,3.786,3.786,3.790,-58.384,-1924.000
3.601,3.597,3.595,3.592,3.596,3.596,3.596,3.783,3.788,3.785,3.784,3.793,3.792,3.790,-58.747,-1923.000
3.593,3.591,3.592,3.593,3.597,3.594,3.593,3.787,3.785,3.787,3.789,3.789,3.790,3.785,-59.010,-1922.000
3.594,3.596,3.595,3.600,3.596,3.601,3.595,3.783,3.787,3.780,3.790,3.786,3.783,3.776,-59.037,-1921.000
3.597,3.591,3.598,3.592,3.596,3.595,3.591,3.788,3.788,3.781,3.790,3.786,3.789,3.795,-59.149,-1920.000
3.595,3.593,3.593,3.593,3.593,3.597,3.593,3.785,3.781,3.786,3.782,3.789,3.787,3.788,-59.052,-1919.000
3.592,3.588,3.593,3.595,3.599,3.600,3.604,3.784,3.784,3.784,3.783,3.782,3.781,3.790,-59.082,-1918.000
3.595,3.599,3.595,3.595,3.595,3.596,3.600,3.785,3.783,3.781,3.785,3.781,3.782,3.782,-58.861,-1917.000
3.597,3.596,3.592,3.595,3.592,3.595,3.594,3.792,3.788,3.789,3.784,3.784,3.795,3.788,-58.500,-1916.000
3.592,3.597,3.592,3.591,3.598,3.596,3.593,3.788,3.784,3.784,3.785,3.787,3.782,3.790,-58.682,-1915.000
3.595,3.596,3.597,3.592,3.597,3.596,3.587,3.783,3.782,3.788,3.790,3.780,3.785,3.785,-58.834,-1914.000
3.593,3.593,3.596,3.588,3.593,3.597,3.598,3.788,3.781,3.785,3.778,3.788,3.787,3.787,-58.909,-1913.000
3.595,3.594,3.592,3.593,3.596,3.593,3.589,3.786,3.781,3.786,3.782,3.783,3.783,3.783,-58.826,-1912.000
3.598,3.598,3.600,3.597,3.593,3.591,3.598,3.789,3.789,3.783,3.793,3.785,3.783,3.784,-58.796,-1911.000
3.597,3.596,3.594,3.598,3.605,3.592,3.604,3.787,3.785,3.788,3.790,3.790,3.788,3.783,-58.961,-1910.000
3.593,3.594,3.590,3.598,3.599,3.598,3.594,3.792,3.790,3.786,3.785,3.789,3.792,3.776,-58.805,-1909.000
3.589,3.593,3.591,3.596,3.587,3.596,3.598,3.786,3.786,3.789,3.790,3.786,3.785,3.789,-58.864,-1908.000
3.597,3.592,3.594,3.592,3.591,3.594,3.595,3.787,3.786,3.788,3.785,3.787,3.785,3.795,-58.770,-1907.000
3.595,3.594,3.596,3.588,3.591,3.595,3.589,3.787,3.787,3.785,3.786,3.783,3.789,3.785,-58.866,-1906.000
3.595,3.592,3.593,3.593,3.597,3.592,3.593,3.778,3.779,3.781,3.788,3.783,3.785,3.784,-58.929,-1905.000
3.592,3.589,3.593,3.593,3.593,3.593,3.592,3.788,3.790,3.785,3.784,3.783,3.793,3.791,-58.850,-1904.000
3.588,3.597,3.592,3.593,3.589,3.592,3.586,3.783,3.785,3.785,3.784,3.792,3.787,3.789,-58.977,-1903.000
3.592,3.595,3.596,3.598,3.596,3.594,3.596,3.786,3.787,3.789,3.790,3.792,3.789,3.785,-59.053,-1902.000
3.591,3.595,3.588,3.596,3.591,3.594,3.595,3.789,3.785,3.788,3.788,3.784,3.788,3.787,-58.910,-1901.000
3.592,3.596,3.595,3.590,3.596,3.591,3.594,3.786,3.788,3.784,3.791,3.784,3.790,3.784,-58.997,-1900.000
3.589,3.592,3.593,3.593,3.594,3.590,3.589,3.776,3.786,3.788,3.792,3.791,3.785,3.786,-59.158,-1899.000
3.591,3.594,3.590,3.598,3.589,3.592,3.591,3.780,3.784,3.783,3.788,3.784,3.789,3.785,-59.036,-1898.000
3.592,3.590,3.589,3.587,3.592,3.593,3.586,3.784,3.785,3.791,3.789,3.786,3.785,3.781,-59.140,-1897.000
3.592,3.592,3.595,3.591,3.589,3.587,3.591,3.792,3.787,3.781,3.785,3.783,3.784,3.784,-59.177,-1896.000
3.589,3.586,3.595,3.587,3.592,3.592,3.590,3.788,3.785,3.779,3.782,3.783,3.788,3.785,-59.118,-1895.000
3.588,3.583,3.588,3.596,3.592,3.597,3.585,3.786,3.784,3.784,3.789,3.787,3.787,3.794,-59.025,-1894.000
3.587,3.592,3.591,3.592,3.587,3.593,3.586,3.781,3.782,3.779,3.773,3.782,3.777,3.781,-58.928,-1893.000
3.594,3.589,3.592,3.594,3.584,3.594,3.589,3.777,3.788,3.782,3.780,3.777,3.780,3.780,-59.187,-1892.000
3.592,3.592,3.584,3.590,3.594,3.590,3.590,3.779,3.783,3.778,3.779,3.779,3.782,3.780,-59.301,-1891.000
3.589,3.585,3.588,3.591,3.595,3.591,3.590,3.780,3.782,3.780,3.776,3.781,3.771,3.783,-59.230,-1890.000
3.590,3.585,3.588,3.585,3.591,3.587,3.589,3.775,3.778,3.780,3.780,3.784,3.784,3.778,-58.773,-1889.000
3.586,3.587,3.588,3.581,3.587,3.589,3.589,3.780,3.776,3.782,3.784,3.780,3.771,3.774,-58.804,-1888.000
3.584,3.591,3.587,3.584,3.587,3.585,3.593,3.781,3.775,3.777,3.782,3.775,3.781,3.784,-58.934,-1887.000
3.590,3.587,3.587,3.582,3.584,3.589,3.585,3.783,3.783,3.787,3.786,3.781,3.785,3.784,-59.251,-1886.000
3.587,3.588,3.591,3.583,3.591,3.589,3.587,3.781,3.780,3.780,3.785,3.785,3.782,3.784,-59.238,-1885.000
3.586,3.591,3.590,3.591,3.581,3.591,3.591,3.779,3.780,3.779,3.783,3.780,3.781,3.785,-59.035,-1884.000
3.588,3.591,3.588,3.590,3.587,3.587,3.585,3.776,3.782,3.786,3.778,3.779,3.783,3.782,-58.980,-1883.000
3.589,3.591,3.588,3.588,3.587,3.591,3.585,3.783,3.781,3.782,3.780,3.789,3.782,3.785,-59.027,-1882.000
3.590,3.591,3.593,3.586,3.593,3.584,3.590,3.784,3.778,3.780,3.785,3.784,3.783,3.787,-59.047,-1881.000
3.587,3.585,3.589,3.585,3.586,3.586,3.592,3.783,3.779,3.782,3.785,3.784,3.788,3.780,-59.143,-1880.000
3.588,3.593,3.589,3.585,3.589,3.591,3.587,3.782,3.780,3.781,3.782,3.784,3.787,3.788,-58.842,-1879.000
3.589,3.592,3.586,3.593,3.585,3.590,3.583,3.789,3.789,3.790,3.787,3.789,3.785,3.783,-59.171,-1878.000
3.596,3.591,3.590,3.584,3.592,3.591,3.590,3.782,3.783,3.780,3.784,3.788,3.788,3.787,-59.165,-1877.000
3.592,3.586,3.596,3.591,3.596,3.594,3.588,3.790,3.790,3.791,3.781,3.788,3.785,3.789,-59.109,-1876.000
3.586,3.592,3.589,3.594,3.592,3.593,3.587,3.789,3.785,3.788,3.789,3.786,3.790,3.788,-58.870,-1875.000
3.599,3.592,3.589,3.593,3.594,3.589,3.591,3.789,3.792,3.792,3.785,3.782,3.792,3.789,-58.838,-1874.000
3.598,3.589,3.593,3.593,3.595,3.596,3.593,3.789,3.791,3.783,3.792,3.796,3.789,3.786,-58.835,-1873.000
3.592,3.594,3.598,3.591,3.590,3.593,3.590,3.789,3.788,3.790,3.791,3.791,3.788,3.791,-59.183,-1872.000
3.594,3.591,3.594,3.586,3.595,3.589,3.588,3.787,3.785,3.788,3.791,3.790,3.793,3.789,-59.330,-1871.000
3.588,3.593,3.592,3.596,3.593,3.590,3.595,3.791,3.784,3.787,3.796,3.787,3.787,3.789,-59.246,-1870.000
3.591,3.600,3.587,3.595,3.592,3.597,3.592,3.797,3.794,3.788,3.787,3.792,3.785,3.792,-59.075,-1869.000
3.589,3.595,3.588,3.585,3.590,3.589,3.589,3.789,3.786,3.783,3.791,3.788,3.795,3.790,-59.206,-1868.000
3.585,3.585,3.593,3.587,3.592,3.592,3.591,3.782,3.789,3.786,3.789,3.790,3.787,3.791,-59.181,-1867.000
3.585,3.590,3.592,3.590,3.594,3.593,3.595,3.787,3.782,3.788,3.781,3.787,3.787,3.786,-59.031,-1866.000
3.592,3.588,3.595,3.589,3.590,3.589,3.587,3.786,3.787,3.793,3.785,3.788,3.793,3.789,-59.159,-1865.000
3.590,3.583,3.597,3.597,3.591,3.591,3.586,3.783,3.781,3.789,3.788,3.786,3.786,3.784,-59.255,-1864.000
3.589,3.591,3.590,3.591,3.585,3.586,3.592,3.782,3.786,3.783,3.786,3.787,3.782,3.780,-59.086,-1863.000
3.593,3.587,3.590,3.589,3.585,3.593,3.586,3.779,3.776,3.784,3.782,3.785,3.787,3.788,-59.053,-1862.000
3.587,3.591,3.591,3.592,3.590,3.585,3.592,3.792,3.782,3.794,3.783,3.786,3.784,3.787,-59.107,-1861.000
3.585,3.583,3.591,3.589,3.590,3.598,3.583,3.785,3.781,3.782,3.780,3.785,3.783,3.786,-59.341,-1860.000
3.592,3.595,3.585,3.586,3.587,3.583,3.588,3.784,3.785,3.781,3.787,3.787,3.783,3.782,-59.266,-1859.000
3.589,3.588,3.588,3.589,3.585,3.595,3.590,3.788,3.783,3.790,3.782,3.783,3.785,3.787,-59.313,-1858.000
3.589,3.598,3.590,3.590,3.590,3.588,3.587,3.794,3.785,3.784,3.785,3.785,3.786,3.789,-59.094,-1857.000
3.593,3.585,3.590,3.588,3.590,3.593,3.591,3.787,3.788,3.789,3.789,3.793,3.791,3.786,-59.083,-1856.000
3.593,3.588,3.588,3.588,3.586,3.589,3.586,3.782,3.781,3.792,3.787,3.788,3.779,3.782,-59.041,-1855.000
3.590,3.590,3.587,3.587,3.591,3.592,3.595,3.784,3.786,3.792,3.788,3.798,3.785,3.790,-58.900,-1854.000
3.591,3.586,3.590,3.590,3.600,3.591,3.592,3.789,3.787,3.787,3.787,3.783,3.783,3.784,-58.790,-1853.000
3.589,3.587,3.585,3.585,3.586,3.591,3.592,3.788,3.781,3.790,3.784,3.786,3.786,3.782,-58.975,-1852.000
3.582,3.593,3.596,3.585,3.595,3.588,3.584,3.788,3.784,3.787,3.783,3.784,3.784,3.788,-58.970,-1851.000
3.595,3.589,3.586,3.583,3.586,3.591,3.591,3.787,3.790,3.783,3.785,3.779,3.789,3.783,-59.105,-1850.000
3.586,3.582,3.589,3.589,3.587,3.588,3.582,3.785,3.781,3.789,3.792,3.783,3.781,3.789,-59.123,-1849.000
3.586,3.589,3.587,3.592,3.582,3.590,3.582,3.782,3.779,3.784,3.783,3.784,3.787,3.784,-59.013,-1848.000
3.593,3.591,3.588,3.586,3.586,3.583,3.587,3.788,3.784,3.782,3.786,3.785,3.783,3.783,-58.899,-1847.000
3.585,3.591,3.582,3.595,3.584,3.587,3.585,3.786,3.784,3.782,3.788,3.783,3.784,3.789,-58.838,-1846.000
3.583,3.592,3.586,3.587,3.588,3.594,3.582,3.786,3.786,3.786,3.781,3.786,3.784,3.785,-58.944,-1845.000
3.587,3.587,3.583,3.584,3.587,3.592,3.589,3.784,3.783,3.777,3.783,3.784,3.784,3.780,-58.820,-1844.000
3.586,3.589,3.588,3.590,3.590,3.589,3.587,3.787,3.787,3.784,3.783,3.789,3.792,3.791,-58.837,-1843.000
3.586,3.584,3.587,3.582,3.585,3.585,3.590,3.785,3.784,3.786,3.778,3.782,3.779,3.782,-59.200,-1842.000
3.590,3.588,3.591,3.584,3.588,3.593,3.586,3.784,3.784,3.786,3.779,3.789,3.782,3.782,-59.080,-1841.000
3.586,3.587,3.586,3.586,3.588,3.588,3.586,3.778,3.788,3.785,3.782,3.779,3.783,3.790,-58.943,-1840.000
3.588,3.583,3.585,3.585,3.589,3.587,3.582,3.780,3.781,3.783,3.786,3.787,3.783,3.788,-58.967,-1839.000
3.579,3.587,3.584,3.587,3.588,3.594,3.588,3.774,3.778,3.779,3.776,3.783,3.784,3.783,-58.778,-1838.000
3.589,3.591,3.582,3.592,3.585,3.595,3.583,3.786,3.787,3.781,3.785,3.780,3.782,3.787,-59.056,-1837.000
3.587,3.588,3.589,3.591,3.589,3.588,3.587,3.782,3.787,3.787,3.788,3.782,3.787,3.788,-59.035,-1836.000
3.585,3.587,3.590,3.583,3.593,3.595,3.587,3.785,3.790,3.786,3.786,3.783,3.786,3.783,-58.971,-1835.000
3.585,3.585,3.590,3.596,3.593,3.593,3.594,3.787,3.791,3.785,3.788,3.792,3.791,3.785,-58.896,-1834.000
3.587,3.585,3.586,3.590,3.590,3.586,3.591,3.783,3.782,3.785,3.784,3.778,3.783,3.783,-58.926,-1833.000
3.586,3.588,3.587,3.587,3.593,3.585,3.584,3.785,3.782,3.783,3.784,3.779,3.782,3.786,-59.182,-1832.000
3.587,3.585,3.589,3.589,3.592,3.586,3.593,3.795,3.788,3.792,3.786,3.793,3.785,3.780,-59.252,-1831.000
3.586,3.585,3.592,3.592,3.586,3.582,3.585,3.787,3.788,3.784,3.782,3.782,3.783,3.780,-59.159,-1830.000
3.586,3.589,3.586,3.585,3.586,3.592,3.584,3.780,3.780,3.778,3.782,3.782,3.787,3.786,-58.828,-1829.000
3.586,3.585,3.589,3.587,3.587,3.588,3.587,3.778,3.781,3.782,3.780,3.783,3.781,3.783,-59.009,-1828.000
3.590,3.587,3.586,3.583,3.587,3.587,3.588,3.787,3.784,3.783,3.790,3.789,3.790,3.787,-59.053,-1827.000
3.588,3.584,3.589,3.584,3.587,3.588,3.585,3.793,3.788,3.794,3.785,3.786,3.784,3.781,-58.961,-1826.000
3.580,3.591,3.586,3.583,3.585,3.584,3.579,3.782,3.781,3.783,3.787,3.787,3.782,3.786,-59.004,-1825.000
3.582,3.582,3.592,3.594,3.591,3.592,3.588,3.780,3.784,3.790,3.785,3.783,3.790,3.787,-59.193,-1824.000
3.579,3.585,3.583,3.582,3.588,3.585,3.584,3.787,3.784,3.782,3.779,3.780,3.781,3.781,-59.100,-1823.000
3.587,3.590,3.587,3.588,3.585,3.586,3.590,3.787,3.788,3.788,3.799,3.793,3.789,3.786,-58.965,-1822.000
3.587,3.585,3.585,3.586,3.585,3.579,3.590,3.781,3.789,3.784,3.781,3.786,3.782,3.787,-59.107,-1821.000
3.594,3.584,3.589,3.584,3.581,3.589,3.588,3.785,3.782,3.780,3.786,3.783,3.782,3.785,-59.304,-1820.000
3.583,3.585,3.580,3.582,3.582,3.585,3.584,3.786,3.785,3.782,3.790,3.786,3.781,3.777,-59.129,-1819.000
3.581,3.589,3.588,3.586,3.582,3.585,3.584,3.787,3.783,3.783,3.779,3.780,3.782,3.783,-58.994,-1818.000
3.582,3.585,3.591,3.583,3.585,3.581,3.582,3.786,3.788,3.786,3.784,3.780,3.779,3.788,-58.925,-1817.000
3.585,3.583,3.584,3.591,3.580,3.593,3.586,3.780,3.782,3.781,3.781,3.782,3.782,3.782,-58.731,-1816.000
3.584,3.585,3.588,3.591,3.584,3.584,3.582,3.780,3.782,3.788,3.781,3.786,3.785,3.785,-58.814,-1815.000
3.583,3.583,3.585,3.586,3.587,3.579,3.587,3.784,3.788,3.787,3.787,3.785,3.783,3.786,-58.829,-1814.000
3.585,3.592,3.589,3.587,3.581,3.588,3.586,3.779,3.788,3.784,3.787,3.781,3.783,3.781,-58.655,-1813.000
3.587,3.587,3.589,3.586,3.589,3.584,3.587,3.784,3.790,3.788,3.788,3.782,3.783,3.781,-58.813,-1812.000
3.585,3.587,3.586,3.589,3.592,3.590,3.582,3.789,3.783,3.788,3.787,3.786,3.788,3.788,-58.942,-1811.000
3.591,3.586,3.588,3.588,3.591,3.585,3.586,3.787,3.784,3.785,3.791,3.791,3.783,3.790,-58.928,-1810.000
3.587,3.589,3.594,3.585,3.586,3.586,3.592,3.789,3.785,3.788,3.784,3.783,3.783,3.785,-58.985,-1809.000
3.590,3.588,3.592,3.587,3.594,3.589,3.597,3.789,3.786,3.791,3.783,3.790,3.781,3.784,-58.992,-1808.000
3.590,3.591,3.582,3.589,3.582,3.592,3.582,3.787,3.790,3.791,3.785,3.784,3.783,3.781,-58.860,-1807.000
3.584,3.590,3.591,3.593,3.586,3.589,3.588,3.783,3.787,3.784,3.785,3.782,3.781,3.785,-58.974,-1806.000
3.589,3.589,3.593,3.594,3.586,3.589,3.589,3.790,3.788,3.787,3.781,3.786,3.783,3.789,-59.036,-1805.000
3.586,3.584,3.589,3.587,3.588,3.593,3.590,3.781,3.785,3.790,3.784,3.784,3.786,3.787,-58.931,-1804.000
3.594,3.588,3.590,3.589,3.591,3.586,3.591,3.783,3.786,3.784,3.782,3.784,3.783,3.780,-59.034,-1803.000
3.587,3.586,3.592,3.589,3.590,3.588,3.594,3.784,3.779,3.788,3.790,3.783,3.788,3.789,-59.034,-1802.000
3.587,3.592,3.591,3.591,3.581,3.593,3.590,3.787,3.786,3.784,3.787,3.774,3.785,3.789,-59.076,-1801.000
3.592,3.595,3.594,3.592,3.587,3.588,3.584,3.785,3.786,3.785,3.780,3.781,3.781,3.782,-58.842,-1800.000
3.589,3.596,3.593,3.590,3.594,3.592,3.590,3.780,3.788,3.785,3.787,3.778,3.786,3.790,-57.575,-1799.000
3.592,3.592,3.589,3.595,3.588,3.589,3.592,3.785,3.786,3.783,3.778,3.781,3.782,3.781,-56.668,-1798.000
3.591,3.596,3.587,3.593,3.586,3.589,3.595,3.785,3.786,3.784,3.782,3.783,3.784,3.784,-56.525,-1797.000
3.590,3.594,3.586,3.591,3.582,3.588,3.589,3.784,3.783,3.787,3.786,3.785,3.783,3.784,-57.098,-1796.000
3.595,3.585,3.592,3.591,3.590,3.592,3.585,3.784,3.786,3.785,3.785,3.788,3.786,3.782,-57.805,-1795.000
3.593,3.585,3.588,3.593,3.591,3.585,3.584,3.782,3.784,3.782,3.786,3.783,3.784,3.786,-58.193,-1794.000
3.594,3.589,3.592,3.584,3.590,3.586,3.592,3.782,3.785,3.784,3.789,3.784,3.776,3.782,-58.345,-1793.000
3.591,3.588,3.584,3.586,3.592,3.585,3.588,3.786,3.783,3.780,3.787,3.781,3.787,3.783,-58.480,-1792.000
3.595,3.589,3.592,3.586,3.588,3.588,3.586,3.783,3.786,3.785,3.783,3.782,3.783,3.788,-58.633,-1791.000
3.586,3.582,3.586,3.583,3.590,3.586,3.587,3.780,3.784,3.781,3.784,3.780,3.786,3.786,-58.730,-1790.000
3.586,3.590,3.582,3.589,3.582,3.589,3.583,3.783,3.780,3.778,3.784,3.784,3.787,3.784,-58.842,-1789.000
3.585,3.584,3.588,3.582,3.588,3.582,3.584,3.776,3.784,3.780,3.779,3.781,3.785,3.787,-58.795,-1788.000
3.581,3.588,3.582,3.583,3.582,3.581,3.583,3.784,3.779,3.783,3.780,3.778,3.782,3.782,-58.980,-1787.000
3.584,3.581,3.585,3.581,3.584,3.582,3.581,3.784,3.780,3.782,3.784,3.785,3.787,3.783,-59.071,-1786.000
3.587,3.588,3.586,3.589,3.585,3.582,3.582,3.782,3.785,3.777,3.789,3.784,3.787,3.781,-59.182,-1785.000
3.591,3.582,3.577,3.586,3.581,3.584,3.584,3.782,3.785,3.780,3.782,3.778,3.788,3.775,-59.369,-1784.000
3.580,3.589,3.587,3.580,3.582,3.585,3.588,3.790,3.782,3.783,3.785,3.782,3.783,3.785,-59.311,-1783.000
3.584,3.582,3.590,3.583,3.587,3.582,3.587,3.782,3.785,3.788,3.786,3.785,3.790,3.787,-59.272,-1782.000
3.587,3.584,3.591,3.585,3.588,3.583,3.586,3.786,3.784,3.783,3.784,3.781,3.780,3.786,-59.292,-1781.000
3.591,3.584,3.588,3.583,3.585,3.580,3.584,3.782,3.791,3.791,3.779,3.781,3.780,3.787,-59.268,-1780.000
3.586,3.584,3.583,3.581,3.586,3.585,3.585,3.787,3.792,3.784,3.785,3.781,3.781,3.782,-59.301,-1779.000
3.583,3.584,3.583,3.586,3.584,3.586,3.582,3.787,3.786,3.786,3.784,3.784,3.783,3.787,-59.144,-1778.000
3.585,3.583,3.584,3.583,3.584,3.585,3.580,3.782,3.786,3.785,3.787,3.785,3.787,3.783,-59.202,-1777.000
3.587,3.579,3.583,3.583,3.586,3.585,3.589,3.784,3.788,3.783,3.784,3.783,3.785,3.784,-59.118,-1776.000
3.589,3.582,3.582,3.577,3.590,3.580,3.579,3.788,3.784,3.786,3.784,3.791,3.788,3.785,-59.037,-1775.000
3.590,3.584,3.582,3.582,3.586,3.585,3.585,3.786,3.789,3.784,3.786,3.783,3.780,3.783,-58.808,-1774.000
3.583,3.581,3.586,3.580,3.585,3.583,3.584,3.787,3.786,3.780,3.788,3.783,3.782,3.780,-58.984,-1773.000
3.586,3.581,3.586,3.582,3.584,3.582,3.582,3.790,3.783,3.784,3.785,3.788,3.788,3.787,-59.041,-1772.000
3.584,3.587,3.586,3.578,3.582,3.580,3.583,3.777,3.784,3.789,3.786,3.794,3.784,3.788,-59.095,-1771.000
3.587,3.587,3.592,3.581,3.584,3.582,3.582,3.789,3.790,3.787,3.788,3.787,3.791,3.793,-59.063,-1770.000
3.583,3.584,3.582,3.582,3.581,3.584,3.587,3.783,3.785,3.788,3.783,3.786,3.786,3.785,-58.973,-1769.000
3.589,3.582,3.582,3.581,3.582,3.585,3.589,3.798,3.792,3.790,3.792,3.788,3.784,3.786,-59.169,-1768.000
3.581,3.580,3.582,3.582,3.577,3.582,3.583,3.782,3.784,3.785,3.782,3.785,3.785,3.784,-59.120,-1767.000
3.584,3.582,3.586,3.578,3.583,3.581,3.588,3.783,3.782,3.784,3.784,3.782,3.786,3.790,-59.264,-1766.000
3.583,3.580,3.583,3.582,3.582,3.590,3.589,3.789,3.784,3.790,3.787,3.788,3.790,3.785,-59.071,-1765.000
3.589,3.578,3.581,3.578,3.583,3.580,3.585,3.786,3.787,3.782,3.781,3.787,3.787,3.783,-59.203,-1764.000
3.577,3.586,3.580,3.585,3.580,3.583,3.580,3.788,3.780,3.784,3.795,3.789,3.790,3.789,-59.075,-1763.000
3.578,3.580,3.583,3.579,3.574,3.579,3.586,3.785,3.786,3.784,3.790,3.789,3.786,3.788,-58.997,-1762.000
3.580,3.577,3.582,3.580,3.576,3.585,3.586,3.787,3.788,3.788,3.791,3.782,3.786,3.778,-58.859,-1761.000
3.585,3.580,3.579,3.584,3.580,3.580,3.580,3.789,3.787,3.788,3.786,3.792,3.789,3.784,-58.917,-1760.000
3.578,3.587,3.581,3.577,3.584,3.584,3.586,3.785,3.777,3.793,3.790,3.787,3.788,3.786,-58.863,-1759.000
3.584,3.583,3.587,3.585,3.579,3.583,3.581,3.782,3.791,3.781,3.786,3.788,3.786,3.780,-59.052,-1758.000
3.585,3.586,3.580,3.580,3.587,3.585,3.580,3.790,3.782,3.790,3.787,3.781,3.786,3.787,-59.367,-1757.000
3.580,3.582,3.577,3.584,3.580,3.581,3.581,3.780,3.787,3.784,3.780,3.785,3.783,3.786,-59.372,-1756.000
3.582,3.579,3.585,3.581,3.584,3.582,3.579,3.781,3.786,3.784,3.781,3.779,3.783,3.786,-59.282,-1755.000
3.577,3.582,3.580,3.582,3.580,3.575,3.582,3.791,3.786,3.788,3.786,3.784,3.779,3.779,-59.159,-1754.000
3.574,3.578,3.575,3.581,3.580,3.589,3.583,3.786,3.781,3.788,3.787,3.784,3.787,3.790,-59.070,-1753.000
3.582,3.577,3.584,3.582,3.581,3.577,3.584,3.787,3.785,3.779,3.785,3.779,3.785,3.784,-59.247,-1752.000
3.580,3.580,3.583,3.580,3.583,3.585,3.578,3.781,3.788,3.786,3.786,3.784,3.783,3.780,-59.202,-1751.000
3.575,3.582,3.580,3.577,3.579,3.579,3.576,3.784,3.792,3.784,3.787,3.782,3.784,3.781,-59.326,-1750.000
3.582,3.575,3.582,3.582,3.581,3.581,3.578,3.785,3.785,3.783,3.781,3.787,3.784,3.780,-59.067,-1749.000
3.580,3.577,3.575,3.575,3.580,3.577,3.578,3.781,3.772,3.778,3.779,3.784,3.779,3.781,-58.904,-1748.000
3.582,3.581,3.579,3.577,3.574,3.583,3.579,3.785,3.783,3.782,3.788,3.782,3.785,3.785,-58.757,-1747.000
3.582,3.581,3.579,3.583,3.584,3.578,3.581,3.787,3.789,3.789,3.794,3.790,3.789,3.788,-58.798,-1746.000
3.578,3.580,3.584,3.581,3.577,3.578,3.575,3.784,3.782,3.783,3.789,3.782,3.784,3.783,-59.113,-1745.000
3.580,3.582,3.575,3.585,3.582,3.578,3.580,3.786,3.786,3.781,3.781,3.783,3.783,3.784,-58.994,-1744.000
3.580,3.576,3.580,3.582,3.580,3.573,3.582,3.786,3.786,3.787,3.789,3.782,3.785,3.780,-59.053,-1743.000
3.582,3.585,3.579,3.582,3.582,3.582,3.577,3.778,3.783,3.783,3.783,3.780,3.785,3.784,-59.021,-1742.000
3.581,3.583,3.581,3.583,3.577,3.585,3.578,3.791,3.789,3.783,3.785,3.788,3.785,3.784,-59.099,-1741.000
3.578,3.585,3.580,3.584,3.586,3.581,3.578,3.781,3.788,3.780,3.783,3.783,3.780,3.785,-59.216,-1740.000
3.576,3.577,3.579,3.578,3.587,3.584,3.585,3.788,3.784,3.781,3.782,3.787,3.787,3.784,-59.295,-1739.000
3.580,3.589,3.584,3.584,3.582,3.586,3.581,3.778,3.791,3.781,3.784,3.783,3.785,3.787,-59.186,-1738.000
3.581,3.584,3.580,3.583,3.578,3.577,3.581,3.781,3.788,3.787,3.781,3.791,3.788,3.781,-59.174,-1737.000
3.583,3.581,3.579,3.581,3.573,3.580,3.582,3.785,3.783,3.784,3.784,3.778,3.783,3.786,-59.142,-1736.000
3.582,3.582,3.576,3.584,3.582,3.587,3.580,3.778,3.780,3.783,3.782,3.779,3.785,3.784,-58.980,-1735.000
3.582,3.579,3.580,3.584,3.580,3.576,3.576,3.783,3.780,3.781,3.788,3.785,3.780,3.783,-58.761,-1734.000
3.575,3.583,3.585,3.585,3.581,3.579,3.587,3.782,3.780,3.781,3.785,3.778,3.775,3.781,-58.871,-1733.000
3.588,3.579,3.582,3.583,3.577,3.581,3.580,3.789,3.783,3.776,3.780,3.782,3.782,3.779,-59.086,-1732.000
3.577,3.576,3.583,3.578,3.587,3.577,3.579,3.784,3.784,3.782,3.789,3.778,3.781,3.773,-58.996,-1731.000
3.580,3.578,3.582,3.578,3.584,3.581,3.577,3.784,3.782,3.777,3.787,3.775,3.780,3.785,-59.116,-1730.000
3.582,3.578,3.577,3.581,3.583,3.581,3.588,3.783,3.774,3.777,3.785,3.789,3.783,3.785,-59.051,-1729.000
3.580,3.583,3.583,3.582,3.581,3.581,3.582,3.784,3.782,3.778,3.782,3.780,3.781,3.785,-59.263,-1728.000
3.587,3.583,3.578,3.578,3.585,3.577,3.585,3.781,3.781,3.780,3.780,3.781,3.785,3.786,-59.134,-1727.000
3.584,3.582,3.579,3.579,3.581,3.582,3.582,3.776,3.784,3.778,3.776,3.782,3.786,3.787,-58.979,-1726.000
3.577,3.589,3.577,3.582,3.581,3.587,3.582,3.776,3.780,3.783,3.776,3.789,3.782,3.774,-59.117,-1725.000
3.583,3.577,3.583,3.584,3.582,3.584,3.582,3.784,3.780,3.784,3.777,3.782,3.779,3.781,-59.195,-1724.000
3.582,3.581,3.581,3.579,3.581,3.582,3.581,3.786,3.780,3.781,3.776,3.780,3.777,3.778,-59.038,-1723.000
3.580,3.584,3.580,3.578,3.576,3.582,3.575,3.780,3.773,3.775,3.781,3.780,3.786,3.783,-59.170,-1722.000
3.580,3.580,3.580,3.581,3.580,3.579,3.578,3.786,3.779,3.783,3.775,3.772,3.778,3.778,-59.016,-1721.000
3.580,3.579,3.578,3.575,3.578,3.580,3.581,3.778,3.782,3.780,3.778,3.779,3.778,3.773,-59.083,-1720.000
3.588,3.583,3.573,3.575,3.579,3.577,3.575,3.780,3.775,3.779,3.780,3.777,3.775,3.780,-59.151,-1719.000
3.582,3.577,3.585,3.580,3.584,3.574,3.578,3.782,3.777,3.777,3.775,3.776,3.780,3.779,-58.991,-1718.000
3.586,3.580,3.585,3.580,3.578,3.583,3.583,3.789,3.777,3.788,3.779,3.781,3.777,3.781,-58.972,-1717.000
3.582,3.571,3.582,3.574,3.581,3.579,3.578,3.781,3.780,3.786,3.778,3.780,3.780,3.776,-58.842,-1716.000
3.573,3.577,3.579,3.575,3.585,3.583,3.581,3.776,3.778,3.777,3.777,3.775,3.777,3.771,-59.097,-1715.000
3.576,3.577,3.575,3.579,3.576,3.575,3.568,3.777,3.780,3.778,3.778,3.774,3.779,3.781,-59.228,-1714.000
3.575,3.576,3.582,3.572,3.580,3.581,3.576,3.777,3.781,3.774,3.778,3.782,3.777,3.784,-59.402,-1713.000
3.579,3.580,3.575,3.578,3.579,3.577,3.579,3.774,3.773,3.769,3.775,3.772,3.775,3.779,-59.258,-1712.000
3.577,3.579,3.573,3.579,3.581,3.576,3.574,3.785,3.776,3.778,3.769,3.779,3.772,3.781,-59.148,-1711.000
3.575,3.576,3.581,3.573,3.578,3.584,3.581,3.775,3.778,3.776,3.776,3.771,3.781,3.782,-59.115,-1710.000
3.577,3.583,3.575,3.578,3.572,3.579,3.581,3.775,3.775,3.771,3.767,3.777,3.779,3.778,-59.318,-1709.000
3.576,3.575,3.580,3.579,3.580,3.580,3.577,3.775,3.776,3.780,3.775,3.772,3.769,3.778,-59.183,-1708.000
3.577,3.577,3.580,3.576,3.582,3.578,3.579,3.775,3.779,3.775,3.776,3.782,3.778,3.771,-59.229,-1707.000
3.575,3.577,3.576,3.576,3.577,3.578,3.578,3.770,3.777,3.774,3.776,3.777,3.778,3.780,-59.571,-1706.000
3.575,3.576,3.579,3.574,3.579,3.576,3.578,3.778,3.779,3.777,3.775,3.774,3.774,3.774,-59.356,-1705.000
3.580,3.581,3.581,3.578,3.577,3.577,3.573,3.782,3.781,3.777,3.776,3.770,3.771,3.777,-59.383,-1704.000
3.576,3.574,3.575,3.577,3.574,3.574,3.577,3.774,3.774,3.773,3.773,3.781,3.776,3.771,-59.486,-1703.000
3.579,3.577,3.576,3.574,3.575,3.574,3.581,3.779,3.780,3.782,3.776,3.778,3.778,3.775,-59.573,-1702.000
3.575,3.580,3.570,3.575,3.572,3.579,3.572,3.777,3.777,3.775,3.775,3.772,3.780,3.772,-59.112,-1701.000
3.577,3.572,3.576,3.580,3.579,3.582,3.573,3.774,3.775,3.771,3.780,3.777,3.775,3.775,-59.075,-1700.000
3.577,3.576,3.582,3.577,3.576,3.582,3.575,3.773,3.773,3.770,3.776,3.778,3.775,3.769,-58.818,-1699.000
3.577,3.582,3.578,3.580,3.578,3.579,3.581,3.776,3.778,3.778,3.780,3.773,3.774,3.781,-58.824,-1698.000
3.581,3.579,3.577,3.576,3.579,3.576,3.577,3.775,3.776,3.774,3.779,3.779,3.775,3.774,-58.842,-1697.000
3.580,3.583,3.579,3.578,3.580,3.574,3.573,3.776,3.777,3.777,3.781,3.775,3.776,3.779,-58.927,-1696.000
3.579,3.587,3.588,3.578,3.581,3.578,3.575,3.776,3.783,3.772,3.775,3.779,3.780,3.776,-58.947,-1695.000
3.578,3.573,3.582,3.579,3.581,3.575,3.579,3.777,3.778,3.780,3.773,3.778,3.778,3.774,-58.998,-1694.000
3.575,3.578,3.576,3.583,3.585,3.577,3.580,3.770,3.779,3.779,3.779,3.773,3.777,3.782,-59.057,-1693.000
3.577,3.578,3.578,3.580,3.580,3.577,3.578,3.776,3.780,3.774,3.779,3.779,3.780,3.776,-59.265,-1692.000
3.585,3.578,3.581,3.578,3.577,3.578,3.576,3.780,3.778,3.779,3.779,3.779,3.775,3.785,-59.032,-1691.000
3.579,3.578,3.578,3.583,3.577,3.580,3.579,3.777,3.777,3.784,3.775,3.783,3.781,3.780,-59.005,-1690.000
3.581,3.577,3.575,3.578,3.577,3.579,3.580,3.777,3.776,3.776,3.783,3.780,3.782,3.778,-59.172,-1689.000
3.573,3.578,3.579,3.572,3.582,3.576,3.574,3.776,3.777,3.775,3.776,3.778,3.775,3.778,-59.123,-1688.000
3.573,3.574,3.578,3.582,3.579,3.577,3.580,3.776,3.778,3.779,3.772,3.773,3.776,3.778,-58.916,-1687.000
3.574,3.577,3.575,3.571,3.582,3.576,3.579,3.780,3.776,3.777,3.779,3.778,3.777,3.778,-59.037,-1686.000
3.578,3.576,3.574,3.577,3.576,3.576,3.575,3.772,3.771,3.771,3.772,3.774,3.769,3.780,-59.033,-1685.000
3.577,3.578,3.578,3.580,3.577,3.579,3.577,3.774,3.777,3.777,3.783,3.783,3.778,3.781,-59.241,-1684.000
3.576,3.580,3.579,3.581,3.570,3.580,3.577,3.778,3.776,3.775,3.775,3.779,3.777,3.780,-59.382,-1683.000
3.577,3.582,3.573,3.582,3.576,3.578,3.577,3.779,3.778,3.783,3.784,3.780,3.779,3.780,-59.426,-1682.000
3.582,3.574,3.582,3.584,3.576,3.580,3.575,3.775,3.775,3.772,3.775,3.779,3.782,3.775,-58.909,-1681.000
3.578,3.579,3.576,3.581,3.580,3.579,3.582,3.776,3.779,3.779,3.775,3.779,3.776,3.775,-58.953,-1680.000
3.579,3.579,3.582,3.585,3.581,3.579,3.582,3.778,3.770,3.777,3.780,3.774,3.777,3.776,-59.094,-1679.000
3.576,3.584,3.576,3.581,3.579,3.581,3.579,3.774,3.772,3.774,3.785,3.782,3.789,3.775,-58.958,-1678.000
3.585,3.583,3.578,3.581,3.579,3.578,3.582,3.782,3.778,3.779,3.781,3.777,3.779,3.776,-59.091,-1677.000
3.586,3.579,3.577,3.583,3.581,3.581,3.578,3.781,3.776,3.777,3.777,3.781,3.780,3.777,-59.042,-1676.000
3.581,3.589,3.582,3.576,3.586,3.585,3.582,3.777,3.782,3.775,3.781,3.780,3.778,3.782,-59.167,-1675.000
3.579,3.584,3.582,3.582,3.580,3.582,3.582,3.777,3.778,3.785,3.783,3.778,3.780,3.775,-59.160,-1674.000
3.586,3.575,3.588,3.580,3.583,3.579,3.585,3.775,3.783,3.781,3.785,3.783,3.783,3.783,-59.024,-1673.000
3.580,3.577,3.581,3.584,3.587,3.582,3.582,3.786,3.783,3.784,3.784,3.780,3.788,3.785,-59.071,-1672.000
3.581,3.581,3.585,3.577,3.581,3.582,3.581,3.783,3.786,3.783,3.778,3.783,3.781,3.777,-59.026,-1671.000
3.584,3.582,3.578,3.580,3.581,3.576,3.578,3.778,3.782,3.778,3.780,3.781,3.779,3.783,-59.244,-1670.000
3.585,3.582,3.578,3.583,3.582,3.582,3.584,3.780,3.780,3.782,3.782,3.776,3.780,3.780,-59.571,-1669.000
3.582,3.583,3.577,3.583,3.579,3.581,3.573,3.778,3.780,3.780,3.780,3.781,3.783,3.783,-59.493,-1668.000
3.581,3.581,3.578,3.579,3.574,3.581,3.578,3.782,3.780,3.779,3.782,3.781,3.783,3.784,-59.661,-1667.000
3.582,3.582,3.583,3.575,3.582,3.581,3.581,3.783,3.784,3.783,3.780,3.783,3.777,3.781,-59.663,-1666.000
3.585,3.587,3.582,3.578,3.585,3.576,3.579,3.779,3.781,3.778,3.785,3.779,3.781,3.778,-59.530,-1665.000
3.578,3.582,3.587,3.580,3.580,3.578,3.579,3.780,3.778,3.784,3.785,3.779,3.778,3.772,-59.214,-1664.000
3.581,3.578,3.580,3.574,3.584,3.578,3.586,3.783,3.777,3.781,3.781,3.779,3.781,3.783,-59.203,-1663.000
3.580,3.581,3.575,3.576,3.578,3.584,3.579,3.783,3.784,3.781,3.782,3.781,3.785,3.784,-59.259,-1662.000
3.578,3.577,3.579,3.583,3.579,3.582,3.582,3.777,3.782,3.783,3.780,3.782,3.785,3.782,-59.370,-1661.000
3.578,3.584,3.578,3.577,3.582,3.578,3.577,3.778,3.781,3.785,3.783,3.786,3.785,3.781,-59.246,-1660.000
3.577,3.580,3.580,3.577,3.582,3.583,3.581,3.782,3.785,3.776,3.783,3.784,3.784,3.790,-59.257,-1659.000
3.572,3.577,3.578,3.581,3.582,3.585,3.581,3.782,3.781,3.776,3.782,3.787,3.782,3.787,-59.377,-1658.000
3.580,3.579,3.576,3.581,3.580,3.577,3.584,3.779,3.780,3.776,3.779,3.782,3.787,3.788,-59.352,-1657.000
3.578,3.577,3.577,3.580,3.582,3.574,3.585,3.781,3.779,3.781,3.783,3.786,3.782,3.782,-59.191,-1656.000
3.584,3.578,3.582,3.585,3.575,3.579,3.578,3.778,3.777,3.786,3.784,3.780,3.783,3.786,-59.189,-1655.000
3.580,3.581,3.577,3.582,3.578,3.582,3.581,3.783,3.788,3.785,3.780,3.786,3.783,3.784,-59.040,-1654.000
3.581,3.582,3.578,3.581,3.579,3.577,3.579,3.795,3.784,3.778,3.784,3.784,3.780,3.780,-59.202,-1653.000
3.582,3.582,3.582,3.585,3.576,3.584,3.577,3.784,3.785,3.781,3.781,3.790,3.789,3.788,-59.351,-1652.000
3.580,3.580,3.574,3.578,3.580,3.576,3.584,3.785,3.784,3.790,3.783,3.789,3.784,3.783,-59.285,-1651.000
3.582,3.578,3.582,3.580,3.585,3.582,3.583,3.785,3.784,3.784,3.786,3.785,3.785,3.788,-59.340,-1650.000
3.582,3.581,3.582,3.582,3.581,3.579,3.583,3.790,3.791,3.789,3.785,3.789,3.782,3.781,-59.306,-1649.000
3.577,3.579,3.576,3.583,3.581,3.577,3.577,3.789,3.783,3.784,3.780,3.784,3.788,3.782,-59.250,-1648.000
3.577,3.581,3.584,3.580,3.577,3.578,3.586,3.788,3.782,3.786,3.787,3.783,3.784,3.782,-59.206,-1647.000
3.580,3.585,3.584,3.585,3.583,3.585,3.582,3.787,3.779,3.782,3.784,3.785,3.780,3.788,-59.141,-1646.000
3.581,3.584,3.576,3.576,3.583,3.580,3.583,3.791,3.795,3.793,3.785,3.786,3.786,3.785,-59.129,-1645.000
3.583,3.577,3.582,3.577,3.580,3.582,3.579,3.786,3.791,3.786,3.783,3.789,3.786,3.793,-59.165,-1644.000
3.587,3.579,3.587,3.587,3.581,3.579,3.577,3.789,3.783,3.786,3.787,3.780,3.785,3.786,-59.148,-1643.000
3.581,3.579,3.588,3.577,3.577,3.580,3.580,3.774,3.786,3.787,3.786,3.789,3.780,3.787,-59.053,-1642.000
3.579,3.585,3.578,3.584,3.582,3.581,3.582,3.783,3.792,3.789,3.787,3.786,3.785,3.786,-59.017,-1641.000
3.587,3.582,3.579,3.573,3.583,3.581,3.584,3.779,3.788,3.784,3.786,3.787,3.785,3.782,-59.161,-1640.000
3.584,3.582,3.587,3.585,3.586,3.582,3.582,3.787,3.783,3.785,3.788,3.783,3.788,3.785,-59.150,-1639.000
3.582,3.586,3.581,3.579,3.583,3.586,3.580,3.785,3.785,3.782,3.783,3.787,3.784,3.785,-59.095,-1638.000
3.585,3.579,3.579,3.585,3.580,3.587,3.585,3.780,3.786,3.779,3.784,3.785,3.787,3.789,-58.984,-1637.000
3.584,3.583,3.578,3.580,3.585,3.580,3.580,3.785,3.780,3.780,3.779,3.784,3.785,3.785,-58.992,-1636.000
3.584,3.588,3.581,3.582,3.585,3.587,3.589,3.787,3.785,3.783,3.792,3.786,3.790,3.788,-59.141,-1635.000
3.583,3.574,3.582,3.582,3.584,3.583,3.588,3.782,3.786,3.784,3.781,3.781,3.781,3.789,-58.977,-1634.000
3.583,3.584,3.585,3.583,3.582,3.584,3.584,3.792,3.788,3.787,3.789,3.784,3.785,3.783,-59.105,-1633.000
3.580,3.583,3.581,3.587,3.585,3.583,3.582,3.790,3.794,3.786,3.785,3.786,3.786,3.778,-59.140,-1632.000
3.586,3.587,3.582,3.580,3.585,3.577,3.583,3.788,3.784,3.787,3.785,3.789,3.787,3.789,-59.015,-1631.000
3.583,3.583,3.584,3.581,3.584,3.582,3.583,3.785,3.786,3.787,3.788,3.788,3.786,3.786,-59.115,-1630.000
3.585,3.582,3.583,3.582,3.578,3.578,3.586,3.788,3.788,3.787,3.792,3.791,3.783,3.788,-59.079,-1629.000
3.578,3.581,3.585,3.581,3.585,3.580,3.587,3.784,3.788,3.782,3.791,3.786,3.783,3.787,-59.147,-1628.000
3.574,3.575,3.579,3.583,3.578,3.578,3.582,3.782,3.785,3.785,3.783,3.781,3.781,3.785,-58.925,-1627.000
3.581,3.578,3.579,3.579,3.575,3.575,3.580,3.787,3.786,3.794,3.782,3.790,3.784,3.786,-58.909,-1626.000
3.582,3.573,3.579,3.580,3.578,3.583,3.579,3.786,3.784,3.783,3.785,3.792,3.785,3.785,-58.921,-1625.000
3.578,3.580,3.582,3.580,3.573,3.582,3.582,3.789,3.788,3.789,3.785,3.781,3.785,3.787,-58.643,-1624.000
3.581,3.578,3.580,3.577,3.580,3.577,3.581,3.788,3.782,3.777,3.776,3.783,3.781,3.786,-58.894,-1623.000
3.580,3.582,3.575,3.582,3.582,3.585,3.584,3.784,3.788,3.785,3.782,3.781,3.782,3.788,-58.831,-1622.000
3.579,3.578,3.579,3.580,3.573,3.575,3.581,3.783,3.782,3.787,3.783,3.783,3.791,3.785,-58.697,-1621.000
3.580,3.577,3.579,3.576,3.576,3.576,3.574,3.781,3.778,3.778,3.777,3.783,3.785,3.781,-58.790,-1620.000
3.579,3.574,3.574,3.575,3.576,3.577,3.572,3.791,3.793,3.791,3.783,3.789,3.784,3.778,-58.954,-1619.000
3.576,3.577,3.583,3.573,3.574,3.571,3.579,3.785,3.781,3.783,3.781,3.780,3.788,3.782,-59.005,-1618.000
3.578,3.577,3.571,3.577,3.575,3.580,3.574,3.780,3.786,3.785,3.780,3.783,3.783,3.778,-59.000,-1617.000
3.570,3.580,3.573,3.574,3.573,3.578,3.573,3.782,3.782,3.780,3.776,3.779,3.783,3.782,-58.877,-1616.000
3.579,3.575,3.578,3.582,3.578,3.584,3.577,3.785,3.781,3.783,3.786,3.786,3.782,3.789,-58.921,-1615.000
3.574,3.573,3.573,3.577,3.582,3.572,3.575,3.780,3.786,3.778,3.784,3.784,3.780,3.778,-58.995,-1614.000
3.581,3.577,3.570,3.576,3.576,3.580,3.575,3.788,3.786,3.791,3.787,3.778,3.786,3.789,-58.919,-1613.000
3.580,3.581,3.580,3.582,3.573,3.576,3.575,3.785,3.781,3.783,3.787,3.788,3.785,3.784,-58.599,-1612.000
3.578,3.575,3.576,3.581,3.577,3.578,3.577,3.780,3.786,3.783,3.780,3.785,3.786,3.781,-58.725,-1611.000
3.572,3.578,3.581,3.572,3.576,3.573,3.579,3.783,3.782,3.784,3.782,3.782,3.784,3.782,-58.755,-1610.000
3.574,3.582,3.574,3.576,3.571,3.575,3.578,3.789,3.788,3.787,3.785,3.782,3.781,3.791,-59.102,-1609.000
3.574,3.579,3.572,3.581,3.578,3.576,3.577,3.784,3.784,3.785,3.784,3.787,3.781,3.775,-59.133,-1608.000
3.578,3.574,3.579,3.574,3.571,3.577,3.577,3.786,3.787,3.779,3.786,3.786,3.790,3.780,-59.165,-1607.000
3.576,3.577,3.570,3.574,3.578,3.578,3.571,3.787,3.777,3.785,3.780,3.776,3.779,3.783,-59.176,-1606.000
3.587,3.577,3.572,3.570,3.580,3.576,3.579,3.783,3.778,3.785,3.784,3.782,3.782,3.781,-59.191,-1605.000
3.576,3.577,3.580,3.569,3.581,3.576,3.584,3.782,3.781,3.781,3.783,3.782,3.780,3.786,-59.074,-1604.000
3.579,3.577,3.582,3.581,3.579,3.579,3.577,3.782,3.773,3.790,3.788,3.787,3.785,3.785,-59.155,-1603.000
3.578,3.579,3.582,3.585,3.575,3.586,3.575,3.783,3.782,3.787,3.786,3.786,3.782,3.785,-59.257,-1602.000
3.580,3.583,3.578,3.576,3.578,3.575,3.584,3.780,3.789,3.790,3.782,3.782,3.784,3.785,-59.255,-1601.000
3.580,3.582,3.577,3.586,3.578,3.580,3.583,3.785,3.788,3.785,3.790,3.787,3.787,3.789,-59.177,-1600.000
3.577,3.581,3.581,3.573,3.584,3.580,3.581,3.791,3.785,3.792,3.790,3.788,3.792,3.791,-59.281,-1599.000
3.587,3.578,3.581,3.577,3.582,3.581,3.585,3.789,3.788,3.791,3.796,3.789,3.793,3.789,-59.200,-1598.000
3.584,3.586,3.581,3.580,3.581,3.580,3.580,3.787,3.789,3.790,3.794,3.797,3.796,3.793,-59.097,-1597.000
3.578,3.587,3.581,3.589,3.582,3.585,3.585,3.786,3.788,3.794,3.789,3.792,3.790,3.795,-59.173,-1596.000
3.586,3.578,3.584,3.580,3.590,3.583,3.583,3.794,3.790,3.789,3.791,3.792,3.794,3.794,-59.097,-1595.000
3.589,3.587,3.582,3.583,3.594,3.584,3.581,3.789,3.794,3.792,3.797,3.793,3.795,3.793,-58.993,-1594.000
3.581,3.586,3.582,3.588,3.584,3.583,3.583,3.794,3.788,3.789,3.794,3.791,3.788,3.784,-59.100,-1593.000
3.584,3.589,3.586,3.582,3.582,3.587,3.590,3.794,3.790,3.798,3.790,3.790,3.792,3.792,-59.044,-1592.000
3.581,3.582,3.580,3.583,3.585,3.584,3.581,3.789,3.789,3.789,3.789,3.787,3.795,3.793,-59.034,-1591.000
3.585,3.586,3.586,3.584,3.588,3.587,3.584,3.790,3.789,3.794,3.790,3.788,3.790,3.795,-58.902,-1590.000
3.583,3.583,3.584,3.580,3.579,3.585,3.587,3.794,3.791,3.792,3.791,3.793,3.792,3.791,-58.959,-1589.000
3.584,3.583,3.583,3.585,3.581,3.586,3.582,3.793,3.790,3.789,3.793,3.796,3.792,3.798,-58.956,-1588.000
3.587,3.591,3.582,3.587,3.582,3.582,3.581,3.797,3.793,3.793,3.800,3.790,3.791,3.790,-58.906,-1587.000
3.585,3.586,3.583,3.581,3.586,3.580,3.581,3.790,3.790,3.791,3.794,3.792,3.791,3.794,-59.017,-1586.000
3.588,3.581,3.582,3.586,3.578,3.590,3.581,3.791,3.792,3.793,3.795,3.791,3.791,3.798,-59.126,-1585.000
3.579,3.593,3.580,3.591,3.583,3.582,3.586,3.787,3.795,3.795,3.790,3.793,3.794,3.796,-59.254,-1584.000
3.583,3.583,3.583,3.587,3.581,3.581,3.585,3.792,3.793,3.792,3.796,3.794,3.793,3.801,-59.164,-1583.000
3.580,3.579,3.578,3.582,3.581,3.581,3.581,3.794,3.796,3.791,3.793,3.790,3.790,3.796,-59.146,-1582.000
3.584,3.580,3.584,3.584,3.583,3.587,3.582,3.794,3.794,3.793,3.793,3.790,3.793,3.795,-59.196,-1581.000
3.577,3.587,3.581,3.586,3.583,3.582,3.583,3.793,3.792,3.794,3.796,3.793,3.791,3.794,-59.141,-1580.000
3.586,3.586,3.583,3.584,3.580,3.579,3.581,3.797,3.798,3.791,3.793,3.792,3.791,3.791,-58.901,-1579.000
3.585,3.582,3.582,3.581,3.586,3.586,3.582,3.797,3.795,3.790,3.794,3.795,3.790,3.797,-58.966,-1578.000
3.581,3.579,3.588,3.580,3.579,3.580,3.583,3.794,3.790,3.793,3.793,3.789,3.791,3.793,-58.864,-1577.000
3.583,3.580,3.579,3.578,3.588,3.582,3.585,3.795,3.798,3.789,3.791,3.795,3.796,3.799,-58.682,-1576.000
3.581,3.580,3.582,3.585,3.582,3.578,3.579,3.796,3.795,3.795,3.794,3.792,3.797,3.797,-58.679,-1575.000
3.582,3.588,3.582,3.580,3.585,3.576,3.579,3.793,3.798,3.798,3.791,3.794,3.793,3.795,-58.616,-1574.000
3.581,3.581,3.581,3.582,3.580,3.581,3.582,3.790,3.802,3.801,3.795,3.797,3.800,3.795,-58.757,-1573.000
3.582,3.582,3.576,3.583,3.581,3.574,3.587,3.796,3.794,3.798,3.796,3.787,3.794,3.789,-58.824,-1572.000
3.579,3.578,3.582,3.586,3.579,3.578,3.583,3.793,3.796,3.800,3.795,3.797,3.799,3.798,-58.732,-1571.000
3.578,3.583,3.583,3.581,3.582,3.585,3.579,3.799,3.791,3.795,3.789,3.797,3.792,3.795,-58.474,-1570.000
3.578,3.577,3.583,3.583,3.582,3.577,3.585,3.797,3.796,3.796,3.799,3.793,3.795,3.796,-58.135,-1569.000
3.582,3.582,3.575,3.582,3.583,3.577,3.582,3.796,3.798,3.795,3.792,3.799,3.799,3.797,-57.018,-1568.000
3.577,3.586,3.582,3.585,3.580,3.586,3.581,3.793,3.793,3.794,3.798,3.790,3.795,3.790,-57.333,-1567.000
3.582,3.580,3.575,3.579,3.578,3.585,3.582,3.791,3.795,3.796,3.791,3.799,3.795,3.796,-57.906,-1566.000
3.584,3.579,3.582,3.584,3.584,3.582,3.581,3.798,3.796,3.797,3.797,3.791,3.798,3.798,-57.944,-1565.000
3.578,3.575,3.582,3.579,3.581,3.578,3.585,3.793,3.799,3.790,3.789,3.789,3.791,3.797,-58.288,-1564.000
3.574,3.578,3.572,3.579,3.580,3.581,3.582,3.793,3.792,3.792,3.790,3.798,3.793,3.795,-58.705,-1563.000
3.581,3.580,3.578,3.577,3.578,3.582,3.575,3.795,3.793,3.799,3.797,3.791,3.792,3.797,-58.755,-1562.000
3.582,3.577,3.586,3.582,3.575,3.580,3.582,3.792,3.794,3.802,3.802,3.796,3.794,3.797,-58.720,-1561.000
3.582,3.582,3.574,3.585,3.577,3.583,3.579,3.804,3.795,3.794,3.790,3.792,3.796,3.794,-58.607,-1560.000
3.580,3.580,3.580,3.581,3.586,3.577,3.582,3.789,3.793,3.793,3.795,3.797,3.789,3.795,-58.552,-1559.000
3.584,3.582,3.578,3.583,3.581,3.581,3.581,3.793,3.796,3.796,3.796,3.797,3.796,3.793,-58.915,-1558.000
3.582,3.578,3.586,3.583,3.585,3.581,3.582,3.797,3.799,3.797,3.795,3.792,3.792,3.789,-58.905,-1557.000
3.582,3.581,3.577,3.579,3.572,3.578,3.577,3.801,3.798,3.792,3.796,3.792,3.792,3.796,-59.065,-1556.000
3.578,3.582,3.583,3.581,3.589,3.581,3.579,3.792,3.800,3.798,3.793,3.796,3.799,3.805,-59.279,-1555.000
3.575,3.579,3.583,3.583,3.580,3.580,3.579,3.796,3.800,3.803,3.790,3.797,3.797,3.799,-59.148,-1554.000
3.582,3.582,3.585,3.581,3.578,3.580,3.581,3.800,3.796,3.795,3.792,3.794,3.798,3.801,-59.076,-1553.000
3.582,3.580,3.582,3.582,3.584,3.584,3.576,3.799,3.798,3.795,3.796,3.791,3.798,3.793,-58.884,-1552.000
3.582,3.578,3.585,3.583,3.581,3.586,3.582,3.796,3.794,3.801,3.804,3.797,3.794,3.797,-58.847,-1551.000
3.581,3.584,3.579,3.576,3.579,3.583,3.583,3.794,3.799,3.789,3.795,3.798,3.801,3.800,-58.686,-1550.000
3.583,3.584,3.582,3.580,3.579,3.581,3.583,3.797,3.797,3.799,3.798,3.797,3.803,3.794,-58.728,-1549.000
3.581,3.580,3.579,3.580,3.576,3.579,3.580,3.796,3.797,3.797,3.797,3.800,3.790,3.797,-58.844,-1548.000
3.578,3.584,3.578,3.587,3.584,3.580,3.581,3.801,3.800,3.793,3.792,3.801,3.799,3.800,-58.765,-1547.000
3.577,3.575,3.574,3.575,3.577,3.576,3.579,3.797,3.797,3.797,3.792,3.794,3.788,3.801,-58.805,-1546.000
3.582,3.581,3.581,3.580,3.580,3.578,3.580,3.795,3.797,3.798,3.793,3.803,3.795,3.801,-58.903,-1545.000
3.578,3.582,3.574,3.573,3.576,3.576,3.581,3.793,3.788,3.796,3.795,3.795,3.798,3.799,-58.986,-1544.000
3.581,3.578,3.587,3.582,3.576,3.578,3.584,3.791,3.798,3.799,3.797,3.793,3.797,3.799,-59.086,-1543.000
3.574,3.584,3.581,3.584,3.581,3.587,3.579,3.801,3.797,3.795,3.796,3.796,3.792,3.793,-58.850,-1542.000
3.583,3.586,3.585,3.591,3.584,3.585,3.585,3.799,3.795,3.802,3.807,3.800,3.801,3.798,-58.857,-1541.000
3.586,3.586,3.584,3.586,3.581,3.583,3.580,3.801,3.792,3.803,3.800,3.795,3.804,3.800,-58.968,-1540.000
3.583,3.586,3.582,3.586,3.585,3.580,3.581,3.803,3.795,3.800,3.795,3.796,3.794,3.798,-58.974,-1539.000
3.586,3.585,3.584,3.586,3.586,3.587,3.588,3.800,3.802,3.803,3.803,3.795,3.803,3.801,-59.366,-1538.000
3.579,3.587,3.577,3.584,3.581,3.588,3.580,3.794,3.800,3.806,3.798,3.803,3.797,3.803,-59.305,-1537.000
3.584,3.586,3.585,3.583,3.582,3.582,3.580,3.804,3.800,3.804,3.801,3.798,3.799,3.803,-59.301,-1536.000
3.582,3.575,3.579,3.578,3.582,3.583,3.575,3.798,3.796,3.800,3.799,3.795,3.795,3.799,-59.114,-1535.000
3.579,3.576,3.576,3.580,3.584,3.576,3.583,3.796,3.793,3.800,3.797,3.795,3.797,3.797,-58.936,-1534.000
3.580,3.573,3.581,3.579,3.581,3.581,3.585,3.790,3.794,3.793,3.792,3.795,3.800,3.792,-59.029,-1533.000
3.579,3.578,3.579,3.576,3.584,3.578,3.574,3.793,3.797,3.797,3.795,3.792,3.798,3.798,-59.055,-1532.000
3.576,3.575,3.580,3.579,3.571,3.574,3.577,3.795,3.796,3.798,3.802,3.795,3.798,3.798,-58.986,-1531.000
3.580,3.579,3.575,3.577,3.581,3.576,3.577,3.800,3.794,3.799,3.792,3.797,3.802,3.800,-58.928,-1530.000
3.580,3.569,3.578,3.577,3.574,3.579,3.580,3.795,3.797,3.796,3.798,3.791,3.802,3.799,-59.002,-1529.000
3.577,3.575,3.578,3.575,3.575,3.577,3.576,3.798,3.791,3.790,3.792,3.793,3.793,3.802,-59.035,-1528.000
3.577,3.579,3.576,3.578,3.577,3.580,3.574,3.788,3.790,3.796,3.799,3.798,3.798,3.796,-59.063,-1527.000
3.576,3.577,3.578,3.576,3.577,3.581,3.577,3.794,3.793,3.798,3.795,3.801,3.792,3.793,-59.045,-1526.000
3.575,3.582,3.580,3.574,3.578,3.579,3.575,3.797,3.795,3.801,3.792,3.800,3.797,3.799,-59.163,-1525.000
3.583,3.581,3.578,3.577,3.573,3.578,3.577,3.799,3.794,3.793,3.795,3.798,3.795,3.801,-58.978,-1524.000
3.578,3.579,3.584,3.577,3.576,3.576,3.582,3.795,3.796,3.797,3.794,3.793,3.800,3.805,-58.883,-1523.000
3.579,3.573,3.585,3.582,3.580,3.579,3.577,3.801,3.799,3.804,3.798,3.790,3.796,3.801,-59.114,-1522.000
3.583,3.583,3.578,3.579,3.580,3.576,3.575,3.797,3.797,3.799,3.799,3.790,3.797,3.796,-59.078,-1521.000
3.585,3.581,3.579,3.582,3.582,3.581,3.586,3.802,3.797,3.797,3.799,3.805,3.803,3.793,-59.030,-1520.000
3.578,3.580,3.581,3.585,3.583,3.585,3.577,3.801,3.801,3.802,3.797,3.797,3.796,3.803,-59.075,-1519.000
3.578,3.585,3.584,3.584,3.583,3.578,3.584,3.802,3.802,3.802,3.799,3.796,3.796,3.798,-59.054,-1518.000
3.582,3.583,3.581,3.583,3.584,3.585,3.582,3.807,3.809,3.797,3.804,3.804,3.805,3.801,-59.057,-1517.000
3.582,3.588,3.579,3.589,3.587,3.588,3.582,3.808,3.805,3.805,3.807,3.809,3.806,3.809,-59.143,-1516.000
3.583,3.589,3.584,3.589,3.581,3.586,3.582,3.802,3.805,3.810,3.805,3.802,3.800,3.800,-59.036,-1515.000
3.579,3.584,3.587,3.581,3.588,3.584,3.583,3.811,3.802,3.803,3.799,3.805,3.808,3.803,-58.908,-1514.000
3.587,3.583,3.585,3.582,3.586,3.581,3.589,3.805,3.802,3.811,3.805,3.802,3.801,3.799,-58.884,-1513.000
3.584,3.585,3.587,3.582,3.582,3.580,3.585,3.800,3.811,3.805,3.804,3.805,3.804,3.799,-59.120,-1512.000
3.581,3.585,3.583,3.582,3.584,3.579,3.584,3.802,3.805,3.807,3.808,3.815,3.809,3.807,-59.189,-1511.000
3.578,3.584,3.577,3.582,3.582,3.588,3.585,3.805,3.797,3.802,3.799,3.805,3.802,3.804,-59.263,-1510.000
3.581,3.582,3.585,3.585,3.587,3.574,3.584,3.805,3.805,3.805,3.802,3.806,3.802,3.803,-59.451,-1509.000
3.578,3.582,3.580,3.580,3.582,3.585,3.579,3.811,3.811,3.803,3.806,3.802,3.805,3.806,-59.231,-1508.000
3.584,3.581,3.582,3.581,3.585,3.577,3.585,3.810,3.809,3.810,3.803,3.804,3.805,3.809,-59.313,-1507.000
3.574,3.582,3.578,3.582,3.582,3.575,3.578,3.801,3.802,3.796,3.803,3.800,3.808,3.810,-59.298,-1506.000
3.580,3.584,3.582,3.582,3.580,3.588,3.577,3.806,3.802,3.805,3.803,3.807,3.805,3.806,-59.270,-1505.000
3.577,3.583,3.580,3.582,3.576,3.579,3.578,3.796,3.803,3.802,3.804,3.805,3.807,3.805,-59.262,-1504.000
3.577,3.582,3.584,3.583,3.580,3.579,3.581,3.797,3.801,3.803,3.804,3.801,3.801,3.803,-58.996,-1503.000
3.575,3.585,3.579,3.583,3.581,3.584,3.583,3.801,3.802,3.804,3.802,3.802,3.803,3.797,-58.985,-1502.000
3.580,3.581,3.583,3.573,3.584,3.580,3.578,3.803,3.799,3.795,3.793,3.808,3.812,3.807,-59.130,-1501.000
3.574,3.577,3.577,3.581,3.580,3.581,3.585,3.805,3.800,3.797,3.803,3.800,3.799,3.797,-59.067,-1500.000
3.580,3.576,3.578,3.578,3.581,3.579,3.578,3.799,3.805,3.802,3.799,3.805,3.802,3.802,-58.987,-1499.000
3.579,3.585,3.576,3.581,3.584,3.578,3.581,3.805,3.806,3.800,3.802,3.800,3.802,3.800,-59.010,-1498.000
3.579,3.577,3.580,3.578,3.576,3.581,3.580,3.803,3.802,3.803,3.800,3.803,3.809,3.804,-59.213,-1497.000
3.580,3.572,3.582,3.580,3.579,3.578,3.576,3.798,3.814,3.804,3.809,3.803,3.807,3.799,-59.193,-1496.000
3.578,3.580,3.582,3.576,3.581,3.580,3.580,3.802,3.804,3.800,3.812,3.802,3.805,3.806,-59.092,-1495.000
3.583,3.582,3.580,3.581,3.584,3.580,3.586,3.806,3.807,3.805,3.807,3.802,3.809,3.801,-58.955,-1494.000
3.581,3.587,3.584,3.588,3.580,3.582,3.581,3.805,3.807,3.811,3.805,3.804,3.806,3.804,-59.008,-1493.000
3.583,3.588,3.581,3.583,3.586,3.578,3.585,3.805,3.804,3.804,3.801,3.803,3.810,3.804,-58.952,-1492.000
3.587,3.586,3.586,3.585,3.588,3.584,3.580,3.806,3.805,3.806,3.803,3.803,3.807,3.805,-58.993,-1491.000
3.579,3.584,3.581,3.579,3.583,3.583,3.582,3.796,3.804,3.808,3.797,3.799,3.804,3.806,-59.012,-1490.000
3.581,3.583,3.582,3.580,3.582,3.579,3.586,3.804,3.801,3.805,3.803,3.801,3.799,3.804,-59.207,-1489.000
3.583,3.583,3.584,3.580,3.584,3.588,3.582,3.805,3.804,3.810,3.804,3.804,3.804,3.803,-58.881,-1488.000
3.588,3.582,3.580,3.585,3.583,3.583,3.585,3.802,3.800,3.805,3.805,3.804,3.809,3.805,-58.563,-1487.000
3.581,3.582,3.579,3.578,3.579,3.587,3.587,3.808,3.801,3.802,3.806,3.806,3.805,3.805,-58.738,-1486.000
3.585,3.583,3.587,3.581,3.582,3.579,3.583,3.803,3.802,3.801,3.801,3.804,3.803,3.803,-58.972,-1485.000
3.581,3.585,3.581,3.579,3.583,3.583,3.585,3.804,3.802,3.804,3.807,3.805,3.804,3.805,-58.980,-1484.000
3.582,3.579,3.578,3.585,3.579,3.585,3.585,3.805,3.809,3.806,3.802,3.806,3.809,3.807,-59.017,-1483.000
3.586,3.579,3.577,3.583,3.584,3.586,3.580,3.808,3.808,3.802,3.805,3.806,3.807,3.807,-58.964,-1482.000
3.582,3.588,3.583,3.584,3.590,3.588,3.591,3.807,3.813,3.805,3.815,3.810,3.803,3.799,-58.801,-1481.000
3.587,3.584,3.580,3.582,3.578,3.584,3.580,3.806,3.813,3.807,3.805,3.806,3.801,3.808,-58.899,-1480.000
3.583,3.583,3.587,3.581,3.587,3.586,3.585,3.807,3.808,3.810,3.807,3.810,3.810,3.804,-58.722,-1479.000
3.587,3.587,3.585,3.588,3.585,3.587,3.582,3.808,3.811,3.807,3.810,3.805,3.810,3.807,-58.750,-1478.000
3.581,3.588,3.580,3.582,3.580,3.583,3.580,3.804,3.807,3.808,3.810,3.811,3.808,3.808,-58.867,-1477.000
3.588,3.580,3.583,3.585,3.576,3.582,3.582,3.807,3.806,3.806,3.814,3.799,3.818,3.800,-58.952,-1476.000
3.582,3.580,3.587,3.581,3.584,3.574,3.584,3.813,3.812,3.808,3.809,3.805,3.805,3.806,-58.952,-1475.000
3.580,3.584,3.585,3.585,3.587,3.579,3.581,3.807,3.805,3.808,3.807,3.805,3.810,3.805,-58.964,-1474.000
3.578,3.580,3.572,3.582,3.575,3.577,3.578,3.805,3.807,3.808,3.810,3.802,3.816,3.810,-58.818,-1473.000
3.579,3.581,3.579,3.584,3.583,3.584,3.578,3.807,3.811,3.813,3.808,3.809,3.813,3.812,-58.830,-1472.000
3.586,3.585,3.584,3.579,3.581,3.581,3.582,3.804,3.809,3.810,3.810,3.806,3.811,3.806,-58.749,-1471.000
3.588,3.579,3.585,3.583,3.581,3.588,3.586,3.813,3.801,3.807,3.807,3.804,3.809,3.811,-58.732,-1470.000
3.583,3.587,3.583,3.587,3.585,3.587,3.579,3.815,3.812,3.809,3.803,3.808,3.815,3.809,-58.795,-1469.000
3.584,3.578,3.582,3.582,3.584,3.584,3.583,3.814,3.814,3.818,3.808,3.807,3.817,3.805,-58.881,-1468.000
3.586,3.586,3.583,3.582,3.582,3.578,3.582,3.807,3.811,3.805,3.803,3.808,3.809,3.813,-59.090,-1467.000
3.584,3.584,3.582,3.576,3.583,3.577,3.584,3.811,3.809,3.811,3.806,3.805,3.810,3.810,-59.044,-1466.000
3.580,3.580,3.582,3.583,3.581,3.582,3.588,3.815,3.807,3.808,3.808,3.814,3.807,3.806,-58.704,-1465.000
3.580,3.585,3.582,3.577,3.581,3.585,3.581,3.811,3.815,3.811,3.814,3.817,3.814,3.807,-58.818,-1464.000
3.578,3.581,3.584,3.578,3.585,3.581,3.589,3.813,3.813,3.811,3.812,3.812,3.810,3.809,-58.378,-1463.000
3.581,3.574,3.582,3.582,3.581,3.582,3.586,3.804,3.808,3.808,3.807,3.811,3.809,3.805,-57.599,-1462.000
3.581,3.576,3.585,3.583,3.586,3.581,3.583,3.805,3.805,3.806,3.804,3.811,3.806,3.806,-57.194,-1461.000
3.575,3.588,3.584,3.584,3.582,3.582,3.581,3.808,3.808,3.805,3.811,3.805,3.812,3.814,-56.289,-1460.000
3.582,3.575,3.581,3.577,3.582,3.577,3.580,3.810,3.806,3.812,3.805,3.804,3.805,3.806,-56.466,-1459.000
3.579,3.582,3.573,3.576,3.581,3.577,3.575,3.794,3.808,3.812,3.807,3.805,3.810,3.801,-57.282,-1458.000
3.581,3.579,3.576,3.575,3.582,3.579,3.589,3.811,3.806,3.810,3.805,3.805,3.806,3.803,-58.055,-1457.000
3.573,3.575,3.577,3.572,3.574,3.573,3.578,3.803,3.806,3.805,3.804,3.799,3.803,3.804,-58.203,-1456.000
3.577,3.574,3.567,3.575,3.574,3.573,3.578,3.799,3.799,3.804,3.802,3.805,3.800,3.798,-58.501,-1455.000
3.574,3.578,3.576,3.575,3.573,3.575,3.570,3.800,3.806,3.803,3.805,3.805,3.804,3.798,-58.690,-1454.000
3.575,3.572,3.577,3.577,3.575,3.572,3.584,3.799,3.800,3.803,3.807,3.805,3.806,3.809,-58.856,-1453.000
3.584,3.573,3.577,3.572,3.577,3.577,3.580,3.804,3.807,3.801,3.806,3.805,3.810,3.806,-58.876,-1452.000
3.579,3.579,3.573,3.575,3.578,3.580,3.580,3.808,3.807,3.808,3.805,3.807,3.810,3.805,-58.900,-1451.000
3.581,3.577,3.582,3.582,3.581,3.574,3.580,3.804,3.808,3.811,3.811,3.807,3.809,3.802,-58.821,-1450.000
3.582,3.576,3.581,3.580,3.584,3.576,3.582,3.811,3.810,3.808,3.804,3.812,3.814,3.815,-59.080,-1449.000
3.578,3.580,3.577,3.581,3.576,3.580,3.577,3.806,3.808,3.808,3.807,3.808,3.811,3.806,-58.896,-1448.000
3.581,3.578,3.580,3.576,3.581,3.576,3.582,3.807,3.808,3.808,3.809,3.809,3.808,3.810,-58.824,-1447.000
3.579,3.582,3.573,3.585,3.578,3.580,3.580,3.811,3.812,3.805,3.814,3.813,3.811,3.813,-58.888,-1446.000
3.583,3.577,3.578,3.581,3.584,3.578,3.578,3.808,3.811,3.809,3.811,3.802,3.812,3.808,-59.060,-1445.000
3.576,3.576,3.586,3.579,3.579,3.579,3.581,3.808,3.808,3.808,3.813,3.808,3.808,3.807,-59.131,-1444.000
3.584,3.580,3.581,3.576,3.580,3.576,3.583,3.810,3.812,3.816,3.804,3.808,3.815,3.816,-58.987,-1443.000
3.578,3.584,3.587,3.577,3.579,3.579,3.578,3.812,3.814,3.818,3.812,3.809,3.808,3.807,-58.893,-1442.000
3.582,3.578,3.577,3.578,3.583,3.574,3.582,3.808,3.809,3.812,3.811,3.812,3.810,3.811,-59.015,-1441.000
3.580,3.583,3.586,3.584,3.580,3.582,3.581,3.808,3.812,3.814,3.812,3.811,3.812,3.810,-59.005,-1440.000
3.581,3.576,3.583,3.582,3.580,3.576,3.587,3.810,3.814,3.812,3.815,3.814,3.817,3.814,-59.103,-1439.000
3.577,3.578,3.579,3.573,3.576,3.576,3.576,3.807,3.810,3.809,3.811,3.812,3.816,3.809,-59.244,-1438.000
3.581,3.576,3.579,3.580,3.583,3.578,3.577,3.811,3.812,3.803,3.809,3.803,3.811,3.810,-59.056,-1437.000
3.575,3.576,3.580,3.582,3.578,3.580,3.576,3.813,3.807,3.811,3.808,3.814,3.812,3.808,-59.047,-1436.000
3.574,3.582,3.576,3.582,3.578,3.585,3.582,3.811,3.811,3.812,3.818,3.810,3.809,3.808,-58.948,-1435.000
3.575,3.579,3.581,3.579,3.576,3.577,3.577,3.810,3.811,3.814,3.809,3.816,3.816,3.812,-58.864,-1434.000
3.571,3.577,3.581,3.574,3.581,3.583,3.576,3.808,3.820,3.813,3.811,3.815,3.818,3.822,-58.887,-1433.000
3.580,3.581,3.577,3.579,3.575,3.577,3.572,3.814,3.816,3.816,3.813,3.812,3.815,3.812,-58.924,-1432.000
3.575,3.580,3.577,3.576,3.577,3.577,3.582,3.815,3.820,3.817,3.815,3.810,3.814,3.808,-58.982,-1431.000
3.582,3.583,3.579,3.573,3.583,3.578,3.582,3.817,3.817,3.816,3.816,3.821,3.814,3.813,-58.914,-1430.000
3.576,3.578,3.578,3.581,3.572,3.581,3.578,3.812,3.812,3.815,3.811,3.816,3.817,3.811,-59.188,-1429.000
3.579,3.576,3.579,3.581,3.576,3.580,3.580,3.813,3.814,3.813,3.813,3.816,3.812,3.811,-59.066,-1428.000
3.578,3.578,3.583,3.576,3.574,3.577,3.578,3.814,3.812,3.812,3.814,3.817,3.809,3.804,-58.944,-1427.000
3.579,3.582,3.577,3.576,3.580,3.576,3.579,3.813,3.812,3.816,3.813,3.813,3.811,3.815,-58.974,-1426.000
3.577,3.578,3.576,3.576,3.580,3.581,3.569,3.813,3.808,3.817,3.818,3.810,3.812,3.814,-58.949,-1425.000
3.580,3.576,3.576,3.580,3.579,3.581,3.578,3.812,3.819,3.816,3.817,3.818,3.814,3.815,-59.313,-1424.000
3.582,3.577,3.582,3.584,3.583,3.574,3.579,3.817,3.819,3.815,3.819,3.813,3.815,3.812,-59.268,-1423.000
3.577,3.579,3.580,3.579,3.587,3.582,3.580,3.813,3.816,3.819,3.814,3.812,3.812,3.817,-59.393,-1422.000
3.581,3.581,3.577,3.579,3.581,3.581,3.576,3.812,3.819,3.813,3.817,3.812,3.817,3.816,-59.358,-1421.000
3.579,3.581,3.570,3.580,3.577,3.578,3.585,3.813,3.819,3.817,3.814,3.814,3.820,3.817,-59.296,-1420.000
3.576,3.577,3.576,3.582,3.572,3.575,3.579,3.816,3.813,3.817,3.814,3.811,3.811,3.811,-59.033,-1419.000
3.582,3.577,3.583,3.578,3.574,3.580,3.573,3.817,3.813,3.815,3.816,3.809,3.809,3.812,-58.976,-1418.000
3.571,3.577,3.582,3.581,3.577,3.581,3.574,3.809,3.806,3.811,3.806,3.812,3.814,3.809,-58.932,-1417.000
3.581,3.582,3.578,3.574,3.579,3.573,3.580,3.811,3.810,3.815,3.815,3.814,3.812,3.817,-59.021,-1416.000
3.577,3.575,3.584,3.580,3.575,3.571,3.578,3.815,3.814,3.812,3.815,3.810,3.812,3.814,-59.160,-1415.000
3.576,3.576,3.576,3.575,3.577,3.573,3.573,3.816,3.813,3.815,3.812,3.815,3.812,3.809,-59.182,-1414.000
3.576,3.573,3.580,3.579,3.577,3.577,3.581,3.811,3.815,3.809,3.811,3.814,3.814,3.810,-58.976,-1413.000
3.573,3.578,3.577,3.577,3.571,3.575,3.569,3.813,3.814,3.809,3.813,3.813,3.813,3.811,-59.035,-1412.000
3.576,3.580,3.577,3.572,3.574,3.582,3.575,3.810,3.817,3.813,3.817,3.815,3.811,3.810,-58.764,-1411.000
3.572,3.574,3.570,3.576,3.578,3.578,3.581,3.814,3.810,3.812,3.814,3.817,3.817,3.817,-59.180,-1410.000
3.572,3.576,3.572,3.570,3.577,3.573,3.575,3.811,3.813,3.813,3.816,3.812,3.812,3.816,-59.219,-1409.000
3.575,3.575,3.575,3.574,3.571,3.578,3.573,3.819,3.816,3.812,3.811,3.815,3.814,3.817,-59.210,-1408.000
3.579,3.576,3.574,3.574,3.575,3.572,3.573,3.813,3.817,3.810,3.818,3.816,3.813,3.815,-59.270,-1407.000
3.578,3.578,3.579,3.585,3.577,3.576,3.573,3.818,3.813,3.815,3.817,3.817,3.822,3.820,-59.222,-1406.000
3.575,3.573,3.579,3.576,3.573,3.576,3.574,3.813,3.814,3.813,3.815,3.817,3.817,3.815,-59.202,-1405.000
3.579,3.573,3.580,3.582,3.583,3.580,3.579,3.816,3.815,3.819,3.813,3.820,3.810,3.819,-59.027,-1404.000
3.576,3.583,3.578,3.577,3.580,3.576,3.576,3.824,3.814,3.815,3.821,3.819,3.814,3.818,-59.081,-1403.000
3.582,3.575,3.572,3.576,3.574,3.573,3.576,3.817,3.805,3.819,3.815,3.816,3.819,3.821,-58.947,-1402.000
3.576,3.575,3.580,3.574,3.582,3.578,3.579,3.815,3.816,3.814,3.820,3.814,3.814,3.816,-58.870,-1401.000
3.579,3.578,3.578,3.576,3.573,3.579,3.577,3.809,3.822,3.815,3.812,3.818,3.822,3.821,-58.890,-1400.000
3.575,3.575,3.581,3.583,3.574,3.577,3.577,3.820,3.812,3.817,3.817,3.821,3.819,3.824,-59.154,-1399.000
3.580,3.574,3.576,3.578,3.577,3.576,3.571,3.818,3.817,3.813,3.816,3.822,3.808,3.815,-59.176,-1398.000
3.580,3.573,3.571,3.577,3.577,3.576,3.578,3.815,3.822,3.818,3.818,3.814,3.816,3.819,-59.086,-1397.000
3.575,3.573,3.572,3.580,3.577,3.579,3.575,3.819,3.824,3.821,3.814,3.816,3.820,3.815,-59.266,-1396.000
3.570,3.578,3.569,3.576,3.574,3.576,3.572,3.815,3.824,3.824,3.819,3.821,3.816,3.822,-59.181,-1395.000
3.576,3.576,3.578,3.580,3.572,3.572,3.572,3.814,3.818,3.821,3.820,3.817,3.813,3.814,-59.114,-1394.000
3.573,3.583,3.579,3.574,3.584,3.580,3.580,3.820,3.815,3.819,3.820,3.819,3.818,3.819,-59.085,-1393.000
3.579,3.578,3.573,3.577,3.574,3.577,3.581,3.816,3.819,3.821,3.818,3.819,3.824,3.820,-59.245,-1392.000
3.577,3.573,3.572,3.575,3.569,3.575,3.586,3.818,3.819,3.813,3.817,3.817,3.815,3.815,-59.234,-1391.000
3.578,3.577,3.579,3.576,3.573,3.578,3.575,3.828,3.818,3.819,3.824,3.818,3.826,3.820,-59.335,-1390.000
3.576,3.573,3.578,3.578,3.575,3.574,3.573,3.824,3.819,3.817,3.820,3.818,3.816,3.818,-59.240,-1389.000
3.573,3.573,3.571,3.574,3.574,3.580,3.578,3.819,3.827,3.818,3.826,3.822,3.824,3.821,-59.058,-1388.000
3.578,3.570,3.573,3.572,3.580,3.574,3.576,3.821,3.819,3.812,3.815,3.828,3.821,3.814,-59.099,-1387.000
3.578,3.571,3.568,3.577,3.575,3.574,3.578,3.824,3.818,3.824,3.820,3.821,3.826,3.826,-59.216,-1386.000
3.580,3.573,3.576,3.573,3.575,3.575,3.573,3.817,3.824,3.818,3.822,3.827,3.815,3.819,-59.185,-1385.000
3.578,3.575,3.577,3.577,3.578,3.575,3.577,3.820,3.824,3.820,3.824,3.818,3.813,3.815,-59.246,-1384.000
3.574,3.573,3.577,3.581,3.580,3.577,3.570,3.819,3.815,3.825,3.824,3.822,3.819,3.822,-59.284,-1383.000
3.579,3.576,3.569,3.573,3.572,3.571,3.571,3.821,3.821,3.826,3.821,3.825,3.824,3.816,-59.179,-1382.000
3.576,3.568,3.575,3.571,3.570,3.579,3.573,3.820,3.816,3.820,3.823,3.819,3.819,3.819,-59.052,-1381.000
3.578,3.576,3.579,3.582,3.579,3.578,3.580,3.820,3.823,3.822,3.825,3.824,3.825,3.820,-59.122,-1380.000
3.575,3.573,3.577,3.574,3.577,3.574,3.580,3.822,3.822,3.828,3.815,3.824,3.824,3.816,-59.223,-1379.000
3.576,3.578,3.574,3.571,3.573,3.579,3.578,3.820,3.820,3.820,3.821,3.820,3.819,3.822,-59.172,-1378.000
3.572,3.573,3.573,3.574,3.573,3.576,3.574,3.822,3.824,3.817,3.817,3.821,3.820,3.820,-59.027,-1377.000
3.571,3.569,3.569,3.572,3.571,3.577,3.569,3.821,3.818,3.815,3.818,3.821,3.821,3.819,-59.133,-1376.000
3.570,3.581,3.575,3.582,3.581,3.569,3.576,3.823,3.820,3.827,3.819,3.820,3.826,3.822,-58.992,-1375.000
3.571,3.580,3.577,3.576,3.574,3.579,3.573,3.819,3.818,3.816,3.827,3.826,3.818,3.825,-58.926,-1374.000
3.578,3.573,3.580,3.573,3.577,3.580,3.578,3.825,3.825,3.820,3.824,3.827,3.816,3.824,-58.988,-1373.000
3.574,3.576,3.578,3.574,3.577,3.576,3.579,3.818,3.821,3.822,3.822,3.821,3.826,3.824,-58.880,-1372.000
3.575,3.575,3.573,3.571,3.568,3.580,3.578,3.821,3.819,3.817,3.821,3.825,3.826,3.826,-58.926,-1371.000
3.576,3.577,3.577,3.576,3.579,3.574,3.583,3.825,3.823,3.826,3.821,3.830,3.825,3.820,-58.971,-1370.000
3.583,3.572,3.580,3.574,3.573,3.574,3.574,3.827,3.820,3.823,3.823,3.820,3.823,3.822,-58.943,-1369.000
3.579,3.576,3.580,3.582,3.579,3.576,3.578,3.829,3.826,3.818,3.824,3.820,3.822,3.821,-58.857,-1368.000
3.578,3.577,3.585,3.579,3.579,3.573,3.577,3.826,3.831,3.825,3.824,3.825,3.823,3.821,-58.887,-1367.000
3.576,3.579,3.573,3.573,3.579,3.576,3.577,3.821,3.824,3.826,3.827,3.821,3.823,3.826,-59.059,-1366.000
3.579,3.578,3.580,3.580,3.571,3.579,3.576,3.824,3.824,3.822,3.821,3.817,3.820,3.823,-59.051,-1365.000
3.574,3.579,3.572,3.573,3.576,3.574,3.583,3.826,3.824,3.822,3.822,3.818,3.824,3.823,-58.978,-1364.000
3.576,3.574,3.578,3.577,3.577,3.577,3.577,3.819,3.824,3.818,3.824,3.822,3.829,3.827,-59.159,-1363.000
3.578,3.574,3.580,3.582,3.579,3.583,3.579,3.827,3.825,3.826,3.822,3.820,3.823,3.825,-59.126,-1362.000
3.582,3.579,3.586,3.579,3.573,3.582,3.577,3.831,3.822,3.828,3.824,3.818,3.830,3.821,-59.279,-1361.000
3.579,3.577,3.578,3.581,3.579,3.582,3.576,3.828,3.829,3.824,3.827,3.828,3.824,3.828,-59.200,-1360.000
3.581,3.582,3.579,3.581,3.580,3.581,3.578,3.830,3.832,3.825,3.830,3.830,3.828,3.827,-59.353,-1359.000
3.582,3.579,3.579,3.581,3.579,3.580,3.578,3.825,3.823,3.825,3.816,3.825,3.826,3.826,-59.099,-1358.000
3.578,3.582,3.580,3.584,3.586,3.583,3.577,3.825,3.831,3.826,3.824,3.829,3.831,3.831,-59.057,-1357.000
3.580,3.583,3.587,3.577,3.585,3.579,3.585,3.828,3.825,3.827,3.829,3.826,3.832,3.828,-59.140,-1356.000
3.580,3.581,3.580,3.584,3.585,3.586,3.579,3.827,3.830,3.829,3.831,3.830,3.826,3.827,-59.328,-1355.000
3.581,3.589,3.581,3.581,3.577,3.586,3.584,3.827,3.833,3.832,3.829,3.827,3.835,3.827,-59.250,-1354.000
3.580,3.578,3.579,3.582,3.582,3.583,3.582,3.822,3.824,3.829,3.831,3.828,3.831,3.833,-59.321,-1353.000
3.583,3.587,3.585,3.576,3.581,3.586,3.585,3.830,3.829,3.834,3.831,3.833,3.829,3.832,-59.314,-1352.000
3.582,3.587,3.575,3.587,3.585,3.584,3.583,3.828,3.826,3.831,3.833,3.833,3.832,3.828,-59.477,-1351.000
3.589,3.583,3.581,3.574,3.585,3.582,3.578,3.826,3.834,3.832,3.838,3.831,3.832,3.829,-59.358,-1350.000
3.586,3.585,3.587,3.585,3.582,3.581,3.587,3.832,3.835,3.828,3.829,3.832,3.830,3.830,-59.263,-1349.000
3.582,3.578,3.582,3.583,3.583,3.584,3.586,3.829,3.831,3.833,3.831,3.837,3.826,3.836,-59.346,-1348.000
3.580,3.581,3.586,3.581,3.580,3.585,3.581,3.829,3.833,3.829,3.829,3.827,3.836,3.836,-59.322,-1347.000
3.587,3.590,3.587,3.583,3.580,3.582,3.586,3.840,3.837,3.839,3.831,3.832,3.834,3.834,-59.247,-1346.000
3.589,3.584,3.589,3.582,3.585,3.585,3.584,3.829,3.836,3.835,3.828,3.833,3.832,3.835,-59.194,-1345.000
3.587,3.587,3.582,3.592,3.586,3.589,3.587,3.834,3.830,3.841,3.833,3.830,3.828,3.842,-59.018,-1344.000
3.582,3.584,3.576,3.586,3.582,3.583,3.582,3.833,3.829,3.830,3.829,3.828,3.840,3.833,-58.956,-1343.000
3.587,3.584,3.577,3.587,3.584,3.586,3.585,3.834,3.833,3.838,3.837,3.836,3.843,3.825,-58.993,-1342.000
3.585,3.582,3.584,3.588,3.583,3.589,3.581,3.831,3.833,3.835,3.835,3.828,3.830,3.829,-58.850,-1341.000
3.582,3.576,3.580,3.583,3.582,3.580,3.583,3.829,3.831,3.831,3.836,3.841,3.833,3.834,-58.972,-1340.000
3.586,3.581,3.582,3.579,3.581,3.585,3.577,3.832,3.825,3.827,3.827,3.830,3.838,3.832,-58.827,-1339.000
3.580,3.581,3.580,3.582,3.580,3.580,3.581,3.827,3.825,3.828,3.830,3.833,3.833,3.837,-59.006,-1338.000
3.579,3.582,3.583,3.585,3.580,3.572,3.578,3.832,3.834,3.833,3.825,3.830,3.829,3.832,-59.097,-1337.000
3.581,3.579,3.582,3.576,3.577,3.583,3.578,3.831,3.834,3.829,3.830,3.831,3.831,3.834,-58.933,-1336.000
3.581,3.580,3.580,3.582,3.579,3.582,3.575,3.828,3.830,3.835,3.831,3.830,3.830,3.826,-59.014,-1335.000
3.580,3.584,3.579,3.578,3.576,3.577,3.576,3.827,3.828,3.835,3.830,3.833,3.836,3.834,-59.353,-1334.000
3.580,3.576,3.586,3.581,3.584,3.585,3.581,3.827,3.831,3.831,3.833,3.837,3.829,3.832,-59.164,-1333.000
3.580,3.581,3.581,3.581,3.576,3.582,3.580,3.835,3.830,3.825,3.828,3.836,3.834,3.830,-59.247,-1332.000
3.579,3.582,3.586,3.578,3.579,3.584,3.579,3.830,3.828,3.837,3.837,3.827,3.835,3.833,-59.013,-1331.000
3.580,3.583,3.582,3.583,3.574,3.581,3.583,3.829,3.833,3.829,3.833,3.834,3.834,3.833,-59.211,-1330.000
3.591,3.579,3.578,3.578,3.582,3.580,3.588,3.837,3.832,3.831,3.835,3.836,3.833,3.833,-59.263,-1329.000
3.576,3.574,3.577,3.579,3.577,3.575,3.580,3.836,3.831,3.836,3.827,3.837,3.834,3.836,-59.070,-1328.000
3.578,3.575,3.571,3.578,3.584,3.578,3.578,3.833,3.833,3.833,3.831,3.832,3.830,3.828,-59.337,-1327.000
3.584,3.575,3.581,3.579,3.586,3.578,3.579,3.828,3.835,3.836,3.838,3.832,3.832,3.835,-59.339,-1326.000
3.580,3.574,3.582,3.577,3.578,3.578,3.583,3.828,3.832,3.826,3.831,3.831,3.838,3.837,-59.329,-1325.000
3.580,3.576,3.576,3.576,3.573,3.579,3.582,3.836,3.835,3.835,3.829,3.833,3.835,3.833,-59.190,-1324.000
3.575,3.577,3.584,3.577,3.576,3.574,3.578,3.835,3.834,3.830,3.834,3.831,3.833,3.828,-59.143,-1323.000
3.575,3.576,3.575,3.578,3.579,3.582,3.572,3.833,3.838,3.826,3.833,3.836,3.835,3.837,-58.993,-1322.000
3.575,3.579,3.579,3.575,3.578,3.578,3.575,3.829,3.830,3.836,3.829,3.837,3.833,3.833,-58.924,-1321.000
3.579,3.578,3.575,3.577,3.579,3.577,3.575,3.830,3.830,3.837,3.832,3.827,3.831,3.831,-59.175,-1320.000
3.575,3.574,3.573,3.584,3.581,3.576,3.573,3.831,3.838,3.838,3.832,3.831,3.833,3.833,-59.208,-1319.000
3.575,3.577,3.571,3.580,3.576,3.579,3.580,3.831,3.826,3.831,3.829,3.832,3.834,3.833,-59.179,-1318.000
3.573,3.576,3.578,3.579,3.572,3.579,3.573,3.832,3.837,3.831,3.832,3.833,3.829,3.829,-59.015,-1317.000
3.574,3.572,3.572,3.571,3.570,3.571,3.572,3.830,3.834,3.829,3.830,3.833,3.831,3.824,-59.111,-1316.000
3.575,3.577,3.574,3.574,3.571,3.572,3.574,3.828,3.829,3.832,3.829,3.830,3.830,3.830,-59.272,-1315.000
3.573,3.568,3.572,3.571,3.575,3.570,3.572,3.832,3.833,3.829,3.833,3.829,3.834,3.827,-59.162,-1314.000
3.571,3.572,3.576,3.574,3.568,3.575,3.572,3.833,3.829,3.832,3.830,3.830,3.838,3.828,-58.998,-1313.000
3.573,3.574,3.571,3.575,3.576,3.573,3.568,3.829,3.832,3.828,3.832,3.832,3.829,3.830,-58.849,-1312.000
3.574,3.569,3.575,3.571,3.572,3.573,3.577,3.828,3.828,3.827,3.835,3.834,3.839,3.831,-59.089,-1311.000
3.573,3.572,3.570,3.570,3.573,3.571,3.571,3.827,3.831,3.831,3.827,3.828,3.829,3.835,-58.986,-1310.000
3.571,3.580,3.576,3.575,3.576,3.581,3.577,3.831,3.834,3.837,3.836,3.834,3.834,3.831,-59.041,-1309.000
3.570,3.574,3.570,3.569,3.569,3.576,3.569,3.829,3.828,3.830,3.832,3.832,3.829,3.829,-59.107,-1308.000
3.572,3.575,3.573,3.571,3.575,3.575,3.577,3.832,3.834,3.831,3.830,3.832,3.834,3.830,-59.149,-1307.000
3.569,3.567,3.577,3.570,3.577,3.569,3.571,3.827,3.835,3.835,3.831,3.833,3.831,3.831,-59.252,-1306.000
3.567,3.570,3.577,3.568,3.574,3.575,3.572,3.828,3.825,3.837,3.829,3.831,3.828,3.839,-59.117,-1305.000
3.568,3.574,3.570,3.572,3.567,3.567,3.570,3.830,3.821,3.828,3.828,3.828,3.830,3.834,-59.022,-1304.000
3.571,3.575,3.570,3.574,3.573,3.574,3.566,3.832,3.833,3.835,3.829,3.832,3.833,3.834,-59.192,-1303.000
3.573,3.573,3.572,3.569,3.569,3.568,3.572,3.835,3.833,3.833,3.831,3.832,3.829,3.835,-59.443,-1302.000
3.571,3.578,3.568,3.573,3.573,3.574,3.574,3.829,3.827,3.836,3.834,3.837,3.828,3.828,-59.242,-1301.000
3.572,3.571,3.572,3.570,3.569,3.574,3.569,3.836,3.836,3.829,3.839,3.839,3.836,3.834,-59.343,-1300.000
3.571,3.572,3.573,3.570,3.566,3.572,3.575,3.831,3.833,3.831,3.831,3.831,3.835,3.834,-59.406,-1299.000
3.572,3.578,3.575,3.577,3.571,3.574,3.574,3.841,3.831,3.830,3.834,3.837,3.835,3.832,-59.378,-1298.000
3.574,3.570,3.568,3.576,3.574,3.573,3.576,3.837,3.837,3.835,3.833,3.832,3.834,3.839,-59.506,-1297.000
3.566,3.574,3.568,3.571,3.566,3.574,3.575,3.831,3.836,3.832,3.835,3.838,3.830,3.832,-59.167,-1296.000
3.575,3.578,3.566,3.570,3.569,3.569,3.568,3.830,3.835,3.832,3.832,3.843,3.836,3.836,-59.053,-1295.000
3.577,3.575,3.572,3.573,3.571,3.571,3.570,3.832,3.834,3.828,3.834,3.837,3.829,3.840,-59.166,-1294.000
3.564,3.570,3.578,3.578,3.572,3.572,3.576,3.831,3.832,3.839,3.834,3.838,3.836,3.832,-59.311,-1293.000
3.565,3.573,3.577,3.574,3.571,3.572,3.570,3.833,3.834,3.827,3.829,3.830,3.838,3.831,-59.221,-1292.000
3.569,3.571,3.569,3.572,3.574,3.567,3.570,3.837,3.842,3.838,3.833,3.834,3.830,3.832,-59.336,-1291.000
3.573,3.572,3.569,3.577,3.578,3.572,3.570,3.835,3.837,3.834,3.836,3.835,3.839,3.831,-59.437,-1290.000
3.576,3.575,3.576,3.571,3.570,3.572,3.576,3.844,3.831,3.833,3.834,3.836,3.838,3.834,-59.589,-1289.000
3.570,3.571,3.567,3.570,3.566,3.570,3.571,3.830,3.833,3.833,3.833,3.833,3.843,3.835,-59.289,-1288.000
3.574,3.572,3.570,3.572,3.572,3.568,3.571,3.830,3.839,3.832,3.827,3.839,3.833,3.837,-59.174,-1287.000
3.568,3.574,3.576,3.572,3.572,3.578,3.568,3.839,3.834,3.835,3.840,3.836,3.839,3.837,-59.183,-1286.000
3.568,3.569,3.574,3.573,3.571,3.573,3.570,3.840,3.836,3.839,3.834,3.836,3.834,3.836,-59.346,-1285.000
3.577,3.569,3.573,3.569,3.570,3.570,3.573,3.835,3.838,3.832,3.840,3.841,3.838,3.834,-59.299,-1284.000
3.574,3.572,3.569,3.576,3.561,3.573,3.564,3.838,3.837,3.835,3.837,3.840,3.833,3.835,-59.213,-1283.000
3.564,3.568,3.574,3.566,3.570,3.569,3.567,3.833,3.839,3.831,3.833,3.836,3.835,3.833,-59.167,-1282.000
3.565,3.567,3.567,3.571,3.570,3.571,3.570,3.839,3.835,3.834,3.838,3.841,3.831,3.839,-59.224,-1281.000
3.576,3.574,3.570,3.572,3.567,3.569,3.571,3.837,3.826,3.840,3.833,3.838,3.838,3.842,-58.991,-1280.000
3.566,3.567,3.567,3.571,3.561,3.569,3.572,3.838,3.848,3.839,3.837,3.832,3.834,3.835,-59.247,-1279.000
3.571,3.566,3.565,3.568,3.568,3.565,3.559,3.832,3.833,3.835,3.835,3.842,3.835,3.829,-59.154,-1278.000
3.564,3.573,3.565,3.568,3.569,3.567,3.562,3.836,3.839,3.836,3.837,3.836,3.836,3.837,-59.119,-1277.000
3.567,3.567,3.572,3.568,3.568,3.564,3.572,3.834,3.835,3.833,3.839,3.836,3.838,3.838,-59.056,-1276.000
3.572,3.563,3.572,3.575,3.568,3.562,3.573,3.834,3.839,3.836,3.840,3.838,3.832,3.842,-59.346,-1275.000
3.569,3.567,3.567,3.569,3.567,3.565,3.568,3.838,3.839,3.836,3.836,3.836,3.840,3.840,-59.339,-1274.000
3.567,3.569,3.569,3.564,3.567,3.566,3.565,3.831,3.832,3.835,3.834,3.831,3.835,3.829,-59.185,-1273.000
3.564,3.566,3.561,3.570,3.567,3.567,3.575,3.842,3.835,3.841,3.835,3.835,3.835,3.836,-59.164,-1272.000
3.562,3.567,3.569,3.571,3.568,3.571,3.569,3.832,3.835,3.840,3.836,3.837,3.840,3.832,-59.092,-1271.000
3.565,3.569,3.566,3.566,3.570,3.566,3.565,3.832,3.835,3.832,3.828,3.838,3.833,3.839,-59.007,-1270.000
3.569,3.569,3.563,3.569,3.568,3.570,3.568,3.833,3.840,3.835,3.834,3.845,3.834,3.838,-59.141,-1269.000
3.567,3.567,3.567,3.568,3.563,3.571,3.567,3.833,3.833,3.839,3.835,3.840,3.838,3.836,-59.035,-1268.000
3.572,3.567,3.566,3.564,3.573,3.567,3.564,3.837,3.838,3.839,3.842,3.834,3.839,3.836,-59.139,-1267.000
3.571,3.571,3.565,3.570,3.565,3.568,3.568,3.842,3.838,3.833,3.838,3.834,3.837,3.830,-58.736,-1266.000
3.569,3.565,3.570,3.567,3.574,3.565,3.571,3.838,3.839,3.836,3.836,3.839,3.838,3.838,-59.047,-1265.000
3.568,3.572,3.566,3.568,3.566,3.566,3.571,3.839,3.843,3.845,3.842,3.837,3.842,3.839,-58.824,-1264.000
3.565,3.567,3.569,3.566,3.566,3.566,3.568,3.842,3.841,3.843,3.843,3.841,3.840,3.839,-58.911,-1263.000
3.569,3.574,3.570,3.575,3.566,3.571,3.570,3.843,3.841,3.842,3.843,3.841,3.839,3.839,-58.883,-1262.000
3.571,3.573,3.571,3.570,3.577,3.577,3.577,3.846,3.841,3.844,3.846,3.850,3.841,3.847,-58.908,-1261.000
3.567,3.574,3.568,3.570,3.571,3.573,3.567,3.839,3.841,3.842,3.840,3.841,3.836,3.836,-59.129,-1260.000
3.573,3.566,3.565,3.576,3.569,3.567,3.569,3.841,3.841,3.841,3.846,3.838,3.841,3.838,-59.206,-1259.000
3.565,3.570,3.573,3.573,3.571,3.574,3.565,3.846,3.837,3.841,3.843,3.841,3.842,3.841,-59.097,-1258.000
3.567,3.567,3.569,3.568,3.572,3.570,3.571,3.842,3.840,3.843,3.845,3.844,3.839,3.848,-59.137,-1257.000
3.566,3.569,3.573,3.574,3.572,3.567,3.564,3.835,3.846,3.844,3.843,3.838,3.839,3.835,-59.112,-1256.000
3.570,3.568,3.572,3.572,3.576,3.571,3.576,3.845,3.840,3.841,3.842,3.836,3.835,3.846,-59.211,-1255.000
3.565,3.571,3.566,3.566,3.571,3.569,3.569,3.841,3.843,3.842,3.846,3.834,3.840,3.842,-59.049,-1254.000
3.576,3.568,3.571,3.568,3.570,3.568,3.571,3.843,3.840,3.843,3.843,3.840,3.837,3.836,-58.994,-1253.000
3.571,3.566,3.570,3.571,3.571,3.569,3.578,3.842,3.838,3.843,3.841,3.843,3.840,3.839,-59.117,-1252.000
3.574,3.570,3.576,3.567,3.568,3.569,3.571,3.838,3.844,3.840,3.837,3.841,3.836,3.841,-59.090,-1251.000
3.568,3.575,3.574,3.572,3.571,3.573,3.574,3.832,3.844,3.842,3.836,3.836,3.837,3.847,-59.147,-1250.000
3.570,3.566,3.568,3.568,3.567,3.562,3.573,3.835,3.838,3.837,3.841,3.843,3.844,3.833,-59.091,-1249.000
3.568,3.565,3.570,3.568,3.565,3.570,3.564,3.838,3.842,3.840,3.833,3.834,3.833,3.840,-59.248,-1248.000
3.571,3.570,3.564,3.574,3.566,3.568,3.570,3.838,3.843,3.844,3.841,3.837,3.839,3.837,-59.100,-1247.000
3.571,3.565,3.567,3.567,3.567,3.565,3.571,3.838,3.844,3.836,3.841,3.839,3.842,3.837,-59.327,-1246.000
3.564,3.565,3.571,3.568,3.571,3.567,3.573,3.832,3.832,3.834,3.838,3.840,3.843,3.837,-59.213,-1245.000
3.562,3.571,3.559,3.563,3.562,3.567,3.564,3.835,3.841,3.838,3.838,3.838,3.834,3.840,-59.337,-1244.000
3.560,3.564,3.566,3.564,3.567,3.564,3.571,3.839,3.841,3.838,3.840,3.837,3.839,3.840,-59.442,-1243.000
3.566,3.560,3.569,3.561,3.564,3.565,3.567,3.831,3.841,3.838,3.839,3.840,3.839,3.839,-59.281,-1242.000
3.568,3.562,3.566,3.561,3.559,3.563,3.563,3.836,3.837,3.840,3.829,3.837,3.835,3.835,-59.215,-1241.000
3.559,3.566,3.564,3.568,3.562,3.564,3.565,3.837,3.843,3.838,3.837,3.833,3.832,3.836,-59.170,-1240.000
3.567,3.569,3.564,3.560,3.562,3.565,3.561,3.841,3.840,3.839,3.835,3.840,3.836,3.835,-59.036,-1239.000
3.563,3.562,3.567,3.561,3.561,3.559,3.562,3.842,3.845,3.840,3.837,3.835,3.832,3.842,-59.117,-1238.000
3.561,3.567,3.564,3.564,3.565,3.567,3.562,3.840,3.845,3.835,3.841,3.837,3.835,3.837,-58.986,-1237.000
3.562,3.558,3.564,3.562,3.560,3.565,3.563,3.839,3.836,3.836,3.839,3.838,3.842,3.832,-58.964,-1236.000
3.562,3.564,3.567,3.564,3.561,3.565,3.565,3.843,3.839,3.835,3.839,3.836,3.842,3.834,-58.973,-1235.000
3.563,3.561,3.562,3.562,3.566,3.564,3.564,3.849,3.846,3.848,3.843,3.842,3.844,3.842,-59.026,-1234.000
3.563,3.563,3.562,3.562,3.562,3.563,3.558,3.841,3.844,3.836,3.841,3.843,3.835,3.844,-59.267,-1233.000
3.564,3.565,3.560,3.566,3.560,3.564,3.562,3.835,3.836,3.845,3.841,3.843,3.841,3.840,-59.211,-1232.000
3.558,3.559,3.560,3.561,3.565,3.554,3.563,3.838,3.835,3.839,3.842,3.835,3.846,3.844,-59.114,-1231.000
3.562,3.560,3.558,3.557,3.561,3.558,3.554,3.847,3.843,3.842,3.836,3.841,3.845,3.845,-59.020,-1230.000
3.559,3.563,3.562,3.555,3.563,3.560,3.557,3.839,3.843,3.842,3.838,3.837,3.839,3.843,-58.523,-1229.000
3.559,3.561,3.561,3.557,3.557,3.567,3.558,3.841,3.841,3.846,3.844,3.846,3.846,3.844,-57.519,-1228.000
3.566,3.561,3.562,3.562,3.562,3.562,3.566,3.847,3.841,3.843,3.849,3.843,3.844,3.842,-57.298,-1227.000
3.560,3.563,3.558,3.560,3.561,3.564,3.559,3.841,3.850,3.844,3.841,3.843,3.844,3.847,-57.723,-1226.000
3.560,3.559,3.561,3.557,3.566,3.563,3.563,3.846,3.847,3.843,3.843,3.838,3.844,3.846,-57.926,-1225.000
3.563,3.567,3.568,3.561,3.568,3.566,3.557,3.846,3.844,3.849,3.846,3.849,3.847,3.841,-58.307,-1224.000
3.559,3.561,3.559,3.562,3.563,3.559,3.566,3.849,3.843,3.844,3.845,3.850,3.843,3.848,-58.601,-1223.000
3.563,3.564,3.559,3.561,3.561,3.565,3.564,3.844,3.848,3.843,3.843,3.846,3.850,3.846,-58.712,-1222.000
3.562,3.566,3.561,3.561,3.561,3.563,3.565,3.846,3.849,3.848,3.845,3.846,3.851,3.853,-58.726,-1221.000
3.558,3.562,3.567,3.563,3.560,3.559,3.561,3.845,3.847,3.852,3.849,3.844,3.850,3.849,-58.899,-1220.000
3.566,3.565,3.559,3.561,3.563,3.560,3.556,3.848,3.842,3.844,3.846,3.843,3.845,3.846,-58.828,-1219.000
3.556,3.563,3.568,3.567,3.560,3.563,3.557,3.844,3.850,3.852,3.849,3.850,3.847,3.846,-58.932,-1218.000
3.559,3.561,3.560,3.561,3.556,3.566,3.566,3.848,3.850,3.848,3.848,3.851,3.848,3.850,-58.813,-1217.000
3.559,3.559,3.562,3.557,3.564,3.554,3.563,3.847,3.844,3.846,3.849,3.847,3.849,3.850,-58.685,-1216.000
3.563,3.563,3.563,3.557,3.560,3.565,3.561,3.852,3.851,3.844,3.852,3.852,3.846,3.854,-58.921,-1215.000
3.561,3.565,3.564,3.565,3.562,3.562,3.562,3.850,3.847,3.847,3.850,3.856,3.853,3.854,-58.978,-1214.000
3.560,3.561,3.560,3.561,3.560,3.559,3.568,3.852,3.846,3.853,3.851,3.853,3.849,3.849,-58.997,-1213.000
3.564,3.561,3.559,3.564,3.564,3.561,3.564,3.856,3.860,3.860,3.859,3.851,3.852,3.853,-58.990,-1212.000
3.557,3.564,3.561,3.568,3.563,3.563,3.561,3.847,3.851,3.850,3.854,3.850,3.854,3.850,-59.082,-1211.000
3.561,3.564,3.565,3.562,3.566,3.567,3.561,3.851,3.851,3.850,3.849,3.851,3.856,3.852,-58.887,-1210.000
3.565,3.559,3.557,3.564,3.560,3.560,3.561,3.856,3.849,3.857,3.854,3.854,3.855,3.856,-58.838,-1209.000
3.560,3.561,3.560,3.563,3.562,3.565,3.564,3.850,3.848,3.853,3.850,3.853,3.849,3.856,-58.795,-1208.000
3.554,3.563,3.560,3.565,3.559,3.563,3.560,3.855,3.853,3.852,3.850,3.854,3.857,3.852,-59.026,-1207.000
3.559,3.559,3.562,3.559,3.563,3.568,3.564,3.855,3.857,3.855,3.856,3.853,3.849,3.853,-59.250,-1206.000
3.563,3.558,3.560,3.559,3.562,3.566,3.564,3.857,3.847,3.855,3.849,3.852,3.855,3.857,-59.102,-1205.000
3.561,3.556,3.556,3.566,3.563,3.560,3.567,3.869,3.851,3.857,3.855,3.856,3.849,3.849,-58.880,-1204.000
3.557,3.561,3.563,3.566,3.563,3.564,3.561,3.849,3.848,3.855,3.855,3.857,3.854,3.855,-58.930,-1203.000
3.560,3.567,3.562,3.568,3.564,3.565,3.562,3.851,3.849,3.854,3.852,3.860,3.854,3.852,-59.036,-1202.000
3.563,3.561,3.563,3.560,3.558,3.559,3.563,3.855,3.857,3.854,3.852,3.851,3.855,3.854,-59.047,-1201.000
3.561,3.557,3.557,3.558,3.560,3.558,3.561,3.850,3.854,3.858,3.851,3.853,3.853,3.853,-59.000,-1200.000
3.564,3.561,3.562,3.562,3.557,3.562,3.559,3.857,3.848,3.852,3.850,3.853,3.854,3.854,-59.041,-1199.000
3.565,3.558,3.565,3.561,3.558,3.561,3.565,3.854,3.849,3.849,3.852,3.852,3.851,3.852,-59.338,-1198.000
3.558,3.563,3.556,3.558,3.560,3.564,3.558,3.854,3.854,3.854,3.849,3.852,3.848,3.850,-59.040,-1197.000
3.562,3.563,3.564,3.560,3.559,3.560,3.562,3.853,3.851,3.852,3.850,3.852,3.853,3.853,-58.928,-1196.000
3.562,3.562,3.557,3.559,3.560,3.563,3.559,3.856,3.854,3.851,3.853,3.859,3.851,3.850,-59.220,-1195.000
3.558,3.557,3.557,3.558,3.566,3.559,3.562,3.853,3.848,3.858,3.853,3.853,3.853,3.855,-59.060,-1194.000
3.557,3.564,3.555,3.557,3.557,3.561,3.555,3.858,3.855,3.862,3.848,3.848,3.852,3.856,-59.054,-1193.000
3.557,3.564,3.563,3.558,3.557,3.561,3.559,3.849,3.850,3.851,3.853,3.856,3.857,3.853,-59.044,-1192.000
3.560,3.566,3.565,3.560,3.559,3.565,3.555,3.856,3.854,3.853,3.849,3.853,3.858,3.854,-59.011,-1191.000
3.561,3.557,3.561,3.561,3.559,3.561,3.559,3.854,3.856,3.857,3.854,3.860,3.856,3.852,-58.958,-1190.000
3.564,3.556,3.559,3.566,3.558,3.562,3.563,3.858,3.853,3.855,3.857,3.854,3.854,3.855,-58.979,-1189.000
3.563,3.562,3.561,3.554,3.562,3.563,3.564,3.855,3.854,3.854,3.854,3.852,3.855,3.854,-58.944,-1188.000
3.561,3.559,3.555,3.554,3.556,3.561,3.561,3.849,3.854,3.854,3.853,3.857,3.856,3.856,-58.719,-1187.000
3.561,3.557,3.560,3.560,3.557,3.560,3.562,3.859,3.856,3.852,3.850,3.852,3.853,3.852,-58.904,-1186.000
3.560,3.557,3.562,3.558,3.559,3.558,3.556,3.854,3.851,3.854,3.853,3.856,3.851,3.854,-58.951,-1185.000
3.558,3.560,3.557,3.561,3.563,3.558,3.557,3.851,3.849,3.854,3.854,3.861,3.853,3.850,-59.020,-1184.000
3.557,3.563,3.557,3.554,3.557,3.554,3.558,3.856,3.855,3.848,3.853,3.854,3.848,3.857,-59.074,-1183.000
3.556,3.553,3.555,3.555,3.555,3.555,3.554,3.846,3.850,3.854,3.856,3.858,3.855,3.851,-59.255,-1182.000
3.557,3.557,3.557,3.559,3.557,3.557,3.555,3.848,3.851,3.854,3.854,3.858,3.852,3.858,-59.136,-1181.000
3.559,3.561,3.555,3.554,3.554,3.559,3.555,3.854,3.854,3.853,3.854,3.855,3.849,3.854,-59.255,-1180.000
3.557,3.556,3.555,3.561,3.554,3.558,3.558,3.854,3.864,3.857,3.854,3.852,3.854,3.854,-59.317,-1179.000
3.557,3.556,3.553,3.554,3.550,3.553,3.556,3.860,3.855,3.855,3.851,3.851,3.854,3.853,-59.313,-1178.000
3.558,3.558,3.556,3.557,3.554,3.551,3.557,3.854,3.853,3.857,3.847,3.855,3.855,3.851,-59.263,-1177.000
3.558,3.554,3.555,3.556,3.556,3.559,3.549,3.852,3.855,3.851,3.854,3.855,3.859,3.852,-59.016,-1176.000
3.546,3.560,3.553,3.558,3.552,3.558,3.550,3.856,3.857,3.859,3.855,3.855,3.857,3.857,-59.037,-1175.000
3.557,3.565,3.554,3.559,3.554,3.560,3.557,3.860,3.856,3.855,3.853,3.849,3.846,3.853,-59.224,-1174.000
3.553,3.554,3.549,3.560,3.553,3.563,3.553,3.851,3.858,3.854,3.861,3.853,3.855,3.858,-59.330,-1173.000
3.554,3.555,3.552,3.553,3.555,3.557,3.554,3.852,3.854,3.854,3.857,3.857,3.862,3.852,-59.351,-1172.000
3.557,3.556,3.548,3.550,3.550,3.551,3.554,3.852,3.856,3.858,3.855,3.857,3.854,3.855,-59.267,-1171.000
3.554,3.551,3.552,3.556,3.554,3.551,3.554,3.855,3.858,3.854,3.853,3.854,3.849,3.857,-59.382,-1170.000
3.553,3.554,3.551,3.550,3.555,3.544,3.552,3.852,3.851,3.847,3.851,3.848,3.855,3.853,-59.325,-1169.000
3.548,3.553,3.551,3.549,3.546,3.557,3.548,3.852,3.859,3.852,3.860,3.866,3.858,3.854,-59.244,-1168.000
3.552,3.544,3.552,3.550,3.552,3.547,3.547,3.857,3.854,3.853,3.858,3.854,3.857,3.858,-59.284,-1167.000
3.546,3.543,3.545,3.545,3.546,3.554,3.544,3.856,3.853,3.857,3.853,3.855,3.850,3.860,-59.378,-1166.000
3.546,3.548,3.549,3.547,3.550,3.546,3.550,3.858,3.855,3.850,3.850,3.853,3.845,3.856,-59.309,-1165.000
3.546,3.547,3.547,3.546,3.543,3.548,3.544,3.857,3.856,3.858,3.853,3.852,3.858,3.853,-59.145,-1164.000
3.544,3.550,3.545,3.546,3.550,3.546,3.545,3.854,3.854,3.852,3.858,3.854,3.854,3.852,-59.144,-1163.000
3.547,3.545,3.549,3.545,3.548,3.549,3.549,3.855,3.849,3.854,3.857,3.855,3.855,3.853,-59.079,-1162.000
3.552,3.554,3.545,3.545,3.549,3.552,3.550,3.851,3.860,3.853,3.853,3.857,3.861,3.857,-59.058,-1161.000
3.551,3.550,3.550,3.553,3.546,3.546,3.545,3.858,3.856,3.858,3.854,3.854,3.857,3.858,-59.072,-1160.000
3.548,3.550,3.552,3.551,3.547,3.549,3.551,3.856,3.856,3.861,3.858,3.856,3.862,3.858,-59.041,-1159.000
3.551,3.549,3.548,3.545,3.546,3.549,3.549,3.862,3.860,3.863,3.860,3.864,3.862,3.857,-59.161,-1158.000
3.550,3.546,3.543,3.550,3.547,3.553,3.549,3.854,3.855,3.858,3.852,3.859,3.859,3.860,-59.310,-1157.000
3.546,3.547,3.546,3.549,3.547,3.550,3.544,3.859,3.866,3.857,3.858,3.855,3.860,3.854,-59.335,-1156.000
3.550,3.549,3.551,3.544,3.549,3.553,3.550,3.853,3.853,3.856,3.864,3.856,3.859,3.866,-59.229,-1155.000
3.546,3.548,3.551,3.550,3.548,3.546,3.550,3.859,3.861,3.863,3.858,3.866,3.858,3.862,-59.048,-1154.000
3.550,3.540,3.550,3.550,3.546,3.549,3.545,3.860,3.861,3.859,3.856,3.858,3.862,3.855,-59.167,-1153.000
3.551,3.545,3.549,3.550,3.550,3.549,3.551,3.860,3.855,3.862,3.858,3.855,3.857,3.854,-58.793,-1152.000
3.543,3.542,3.542,3.547,3.547,3.543,3.547,3.856,3.855,3.861,3.855,3.863,3.863,3.860,-58.927,-1151.000
3.544,3.548,3.543,3.550,3.546,3.546,3.551,3.860,3.866,3.862,3.861,3.861,3.863,3.856,-58.954,-1150.000
3.551,3.550,3.550,3.548,3.545,3.540,3.544,3.859,3.858,3.864,3.861,3.859,3.858,3.858,-58.892,-1149.000
3.548,3.545,3.547,3.548,3.545,3.548,3.551,3.854,3.851,3.860,3.860,3.854,3.859,3.862,-58.844,-1148.000
3.555,3.552,3.546,3.546,3.543,3.550,3.548,3.860,3.862,3.863,3.866,3.860,3.857,3.862,-58.892,-1147.000
3.553,3.547,3.550,3.546,3.550,3.554,3.548,3.865,3.858,3.863,3.860,3.863,3.861,3.855,-59.031,-1146.000
3.551,3.550,3.544,3.552,3.544,3.556,3.550,3.860,3.861,3.863,3.864,3.865,3.867,3.863,-58.985,-1145.000
3.545,3.550,3.546,3.551,3.548,3.552,3.547,3.863,3.863,3.868,3.862,3.862,3.867,3.861,-58.981,-1144.000
3.544,3.546,3.550,3.546,3.549,3.542,3.547,3.859,3.859,3.860,3.864,3.866,3.861,3.862,-58.844,-1143.000
3.549,3.545,3.550,3.549,3.548,3.541,3.545,3.870,3.863,3.861,3.864,3.861,3.867,3.865,-58.958,-1142.000
3.538,3.545,3.548,3.545,3.548,3.545,3.545,3.864,3.858,3.864,3.861,3.853,3.856,3.859,-58.717,-1141.000
3.552,3.543,3.545,3.547,3.548,3.544,3.542,3.862,3.858,3.861,3.861,3.858,3.858,3.859,-58.926,-1140.000
3.546,3.543,3.543,3.542,3.547,3.544,3.543,3.855,3.858,3.862,3.859,3.862,3.860,3.864,-59.154,-1139.000
3.543,3.540,3.541,3.543,3.545,3.553,3.542,3.863,3.861,3.864,3.859,3.861,3.852,3.863,-58.984,-1138.000
3.549,3.545,3.546,3.543,3.546,3.543,3.546,3.861,3.864,3.858,3.857,3.861,3.861,3.863,-59.121,-1137.000
3.549,3.543,3.543,3.546,3.546,3.543,3.547,3.858,3.867,3.858,3.858,3.865,3.867,3.866,-59.053,-1136.000
3.546,3.548,3.543,3.547,3.538,3.551,3.542,3.863,3.864,3.857,3.866,3.863,3.858,3.865,-59.420,-1135.000
3.551,3.542,3.544,3.546,3.547,3.545,3.538,3.860,3.869,3.863,3.857,3.856,3.859,3.863,-59.311,-1134.000
3.545,3.538,3.539,3.544,3.545,3.540,3.541,3.863,3.863,3.861,3.865,3.859,3.862,3.864,-59.232,-1133.000
3.546,3.540,3.536,3.537,3.543,3.539,3.542,3.860,3.860,3.860,3.861,3.863,3.859,3.862,-59.308,-1132.000
3.538,3.539,3.534,3.538,3.541,3.543,3.540,3.860,3.862,3.856,3.860,3.859,3.861,3.864,-59.175,-1131.000
3.539,3.535,3.542,3.539,3.538,3.539,3.545,3.863,3.862,3.856,3.859,3.858,3.856,3.860,-59.226,-1130.000
3.540,3.538,3.535,3.537,3.538,3.536,3.538,3.862,3.863,3.862,3.862,3.866,3.860,3.867,-58.996,-1129.000
3.539,3.540,3.547,3.536,3.536,3.536,3.542,3.860,3.864,3.855,3.864,3.859,3.858,3.858,-58.863,-1128.000
3.544,3.536,3.542,3.542,3.542,3.547,3.538,3.862,3.858,3.863,3.864,3.862,3.862,3.860,-58.620,-1127.000
3.542,3.538,3.533,3.540,3.537,3.542,3.546,3.857,3.862,3.864,3.860,3.858,3.863,3.862,-57.919,-1126.000
3.542,3.530,3.539,3.537,3.537,3.539,3.538,3.864,3.862,3.857,3.865,3.861,3.860,3.862,-57.766,-1125.000
3.539,3.535,3.536,3.537,3.533,3.537,3.532,3.860,3.859,3.861,3.864,3.858,3.861,3.859,-58.070,-1124.000
3.543,3.535,3.539,3.537,3.537,3.534,3.537,3.864,3.859,3.864,3.856,3.863,3.866,3.861,-58.293,-1123.000
3.539,3.540,3.536,3.534,3.540,3.541,3.539,3.862,3.862,3.868,3.861,3.860,3.857,3.865,-58.587,-1122.000
3.533,3.541,3.537,3.535,3.532,3.540,3.534,3.859,3.859,3.861,3.863,3.861,3.860,3.857,-58.562,-1121.000
3.536,3.533,3.533,3.536,3.539,3.533,3.529,3.859,3.857,3.855,3.856,3.856,3.859,3.856,-58.602,-1120.000
3.540,3.539,3.534,3.540,3.539,3.533,3.534,3.859,3.859,3.855,3.857,3.860,3.863,3.863,-58.871,-1119.000
3.535,3.537,3.537,3.535,3.536,3.529,3.539,3.860,3.864,3.857,3.859,3.861,3.860,3.865,-58.799,-1118.000
3.535,3.538,3.533,3.536,3.532,3.532,3.532,3.858,3.861,3.867,3.860,3.864,3.858,3.859,-58.709,-1117.000
3.537,3.533,3.537,3.534,3.537,3.532,3.532,3.856,3.854,3.869,3.857,3.868,3.854,3.861,-58.993,-1116.000
3.536,3.526,3.529,3.531,3.532,3.536,3.530,3.857,3.861,3.859,3.861,3.857,3.868,3.863,-58.916,-1115.000
3.535,3.537,3.531,3.529,3.529,3.534,3.530,3.858,3.861,3.869,3.862,3.857,3.856,3.858,-58.944,-1114.000
3.529,3.528,3.538,3.530,3.536,3.532,3.527,3.868,3.857,3.862,3.859,3.862,3.854,3.856,-58.989,-1113.000
3.532,3.532,3.537,3.529,3.538,3.539,3.540,3.862,3.865,3.860,3.860,3.861,3.859,3.856,-58.898,-1112.000
3.532,3.531,3.530,3.535,3.532,3.533,3.532,3.861,3.852,3.855,3.856,3.862,3.858,3.860,-58.843,-1111.000
3.525,3.530,3.530,3.533,3.529,3.533,3.526,3.854,3.858,3.859,3.859,3.862,3.858,3.855,-59.002,-1110.000
3.530,3.531,3.535,3.531,3.531,3.528,3.528,3.860,3.856,3.861,3.857,3.856,3.860,3.861,-58.926,-1109.000
3.532,3.529,3.532,3.530,3.530,3.531,3.532,3.859,3.855,3.856,3.859,3.856,3.856,3.860,-59.283,-1108.000
3.528,3.531,3.528,3.524,3.523,3.529,3.530,3.861,3.857,3.863,3.855,3.858,3.860,3.859,-59.029,-1107.000
3.524,3.530,3.524,3.528,3.531,3.527,3.527,3.860,3.855,3.859,3.854,3.854,3.857,3.859,-59.265,-1106.000
3.527,3.528,3.526,3.526,3.532,3.532,3.529,3.856,3.857,3.858,3.859,3.862,3.858,3.858,-59.224,-1105.000
3.530,3.526,3.533,3.525,3.527,3.530,3.525,3.862,3.861,3.862,3.860,3.865,3.869,3.860,-59.020,-1104.000
3.530,3.523,3.530,3.529,3.530,3.529,3.530,3.865,3.860,3.865,3.863,3.859,3.860,3.860,-59.196,-1103.000
3.525,3.526,3.530,3.528,3.526,3.527,3.523,3.870,3.860,3.857,3.858,3.858,3.858,3.863,-59.267,-1102.000
3.525,3.533,3.521,3.530,3.528,3.522,3.528,3.865,3.865,3.856,3.863,3.869,3.864,3.864,-59.131,-1101.000
3.530,3.524,3.520,3.523,3.532,3.529,3.530,3.856,3.856,3.860,3.860,3.858,3.862,3.866,-58.895,-1100.000
3.520,3.525,3.528,3.529,3.526,3.529,3.522,3.862,3.858,3.860,3.858,3.861,3.862,3.856,-58.951,-1099.000
3.531,3.531,3.528,3.531,3.524,3.529,3.532,3.862,3.871,3.862,3.865,3.857,3.858,3.859,-59.063,-1098.000
3.526,3.523,3.524,3.525,3.531,3.527,3.527,3.855,3.858,3.863,3.860,3.863,3.863,3.867,-59.026,-1097.000
3.527,3.524,3.527,3.528,3.525,3.528,3.523,3.864,3.866,3.862,3.864,3.864,3.857,3.864,-59.022,-1096.000
3.529,3.521,3.534,3.522,3.525,3.520,3.530,3.866,3.860,3.865,3.867,3.865,3.865,3.862,-59.115,-1095.000
3.527,3.521,3.522,3.523,3.526,3.527,3.524,3.867,3.861,3.865,3.866,3.859,3.860,3.862,-58.960,-1094.000
3.530,3.525,3.524,3.523,3.527,3.522,3.522,3.861,3.860,3.866,3.862,3.866,3.861,3.859,-58.991,-1093.000
3.521,3.521,3.521,3.525,3.524,3.520,3.520,3.863,3.866,3.864,3.866,3.863,3.862,3.868,-58.945,-1092.000
3.521,3.524,3.522,3.526,3.518,3.525,3.523,3.866,3.859,3.865,3.868,3.863,3.867,3.860,-59.041,-1091.000
3.519,3.521,3.526,3.522,3.524,3.515,3.519,3.862,3.865,3.866,3.864,3.861,3.867,3.862,-59.012,-1090.000
3.523,3.523,3.521,3.520,3.524,3.512,3.519,3.856,3.868,3.863,3.864,3.862,3.864,3.862,-59.042,-1089.000
3.518,3.521,3.517,3.522,3.521,3.525,3.519,3.862,3.864,3.866,3.858,3.861,3.857,3.860,-59.013,-1088.000
3.523,3.518,3.522,3.524,3.512,3.524,3.514,3.862,3.866,3.863,3.866,3.863,3.861,3.862,-59.153,-1087.000
3.521,3.524,3.522,3.525,3.515,3.523,3.522,3.861,3.861,3.859,3.856,3.865,3.861,3.860,-59.093,-1086.000
3.521,3.524,3.520,3.524,3.519,3.520,3.524,3.866,3.864,3.866,3.858,3.862,3.860,3.866,-59.090,-1085.000
3.523,3.521,3.522,3.522,3.519,3.522,3.525,3.863,3.866,3.869,3.863,3.864,3.858,3.861,-59.001,-1084.000
3.522,3.521,3.524,3.517,3.522,3.513,3.521,3.864,3.858,3.863,3.864,3.865,3.862,3.861,-58.810,-1083.000
3.518,3.516,3.519,3.522,3.518,3.520,3.523,3.863,3.867,3.866,3.864,3.867,3.869,3.861,-59.005,-1082.000
3.516,3.518,3.517,3.520,3.515,3.521,3.519,3.870,3.867,3.864,3.861,3.876,3.869,3.864,-59.055,-1081.000
3.528,3.525,3.525,3.519,3.521,3.524,3.521,3.872,3.864,3.862,3.865,3.870,3.865,3.866,-58.952,-1080.000
3.518,3.520,3.522,3.524,3.526,3.520,3.522,3.864,3.869,3.865,3.868,3.862,3.864,3.866,-58.963,-1079.000
3.521,3.526,3.528,3.519,3.525,3.516,3.527,3.865,3.866,3.862,3.870,3.864,3.871,3.877,-58.997,-1078.000
3.520,3.523,3.524,3.524,3.526,3.526,3.525,3.873,3.871,3.858,3.869,3.868,3.876,3.878,-58.736,-1077.000
3.525,3.524,3.522,3.520,3.524,3.523,3.525,3.869,3.866,3.873,3.869,3.867,3.865,3.863,-58.699,-1076.000
3.520,3.525,3.522,3.518,3.523,3.524,3.528,3.861,3.871,3.866,3.866,3.871,3.869,3.866,-59.064,-1075.000
3.520,3.518,3.522,3.519,3.517,3.521,3.523,3.869,3.865,3.860,3.873,3.857,3.873,3.872,-58.991,-1074.000
3.523,3.520,3.516,3.523,3.521,3.525,3.521,3.868,3.878,3.868,3.862,3.866,3.865,3.866,-58.986,-1073.000
3.518,3.519,3.516,3.524,3.522,3.526,3.516,3.865,3.864,3.866,3.872,3.874,3.870,3.869,-59.313,-1072.000
3.520,3.523,3.517,3.516,3.514,3.520,3.516,3.874,3.865,3.869,3.867,3.866,3.866,3.867,-59.510,-1071.000
3.521,3.519,3.521,3.525,3.519,3.521,3.525,3.859,3.865,3.865,3.863,3.871,3.867,3.864,-59.542,-1070.000
3.525,3.519,3.522,3.522,3.524,3.526,3.522,3.873,3.868,3.862,3.865,3.875,3.869,3.870,-59.368,-1069.000
3.521,3.516,3.524,3.520,3.524,3.517,3.523,3.865,3.868,3.867,3.866,3.864,3.863,3.867,-59.310,-1068.000
3.519,3.518,3.517,3.523,3.520,3.519,3.515,3.864,3.866,3.866,3.865,3.867,3.864,3.867,-59.154,-1067.000
3.517,3.521,3.515,3.512,3.518,3.521,3.518,3.870,3.867,3.870,3.866,3.866,3.866,3.868,-59.121,-1066.000
3.516,3.519,3.517,3.515,3.517,3.516,3.512,3.867,3.863,3.871,3.869,3.866,3.864,3.879,-59.229,-1065.000
3.518,3.516,3.515,3.510,3.516,3.514,3.516,3.868,3.863,3.869,3.865,3.867,3.865,3.873,-59.179,-1064.000
3.516,3.518,3.520,3.518,3.512,3.519,3.518,3.870,3.872,3.869,3.870,3.863,3.866,3.870,-58.964,-1063.000
3.516,3.515,3.518,3.513,3.519,3.516,3.517,3.872,3.870,3.873,3.862,3.866,3.866,3.866,-59.032,-1062.000
3.518,3.518,3.516,3.521,3.516,3.513,3.515,3.871,3.867,3.866,3.865,3.868,3.869,3.865,-59.232,-1061.000
3.519,3.515,3.517,3.518,3.517,3.512,3.520,3.863,3.871,3.870,3.866,3.869,3.863,3.872,-59.142,-1060.000
3.522,3.518,3.514,3.514,3.508,3.520,3.516,3.865,3.867,3.868,3.869,3.871,3.868,3.867,-59.164,-1059.000
3.518,3.515,3.509,3.520,3.512,3.516,3.515,3.870,3.871,3.864,3.863,3.872,3.872,3.863,-59.192,-1058.000
3.515,3.520,3.513,3.518,3.507,3.515,3.518,3.868,3.867,3.868,3.865,3.865,3.867,3.869,-59.152,-1057.000
3.515,3.513,3.514,3.515,3.516,3.516,3.515,3.871,3.867,3.869,3.871,3.864,3.865,3.875,-59.077,-1056.000
3.514,3.517,3.515,3.513,3.516,3.512,3.514,3.871,3.873,3.870,3.866,3.863,3.867,3.865,-58.952,-1055.000
3.511,3.512,3.512,3.513,3.512,3.507,3.512,3.862,3.862,3.870,3.868,3.871,3.866,3.871,-58.982,-1054.000
3.511,3.513,3.518,3.510,3.506,3.511,3.510,3.874,3.867,3.867,3.867,3.872,3.866,3.873,-58.939,-1053.000
3.515,3.513,3.517,3.510,3.510,3.516,3.515,3.868,3.867,3.862,3.866,3.866,3.863,3.868,-59.154,-1052.000
3.512,3.508,3.511,3.517,3.507,3.505,3.513,3.869,3.868,3.870,3.866,3.868,3.871,3.868,-59.150,-1051.000
3.511,3.510,3.507,3.509,3.509,3.508,3.510,3.868,3.865,3.873,3.866,3.863,3.865,3.869,-58.938,-1050.000
3.509,3.510,3.511,3.510,3.507,3.509,3.509,3.869,3.869,3.870,3.869,3.870,3.865,3.874,-58.951,-1049.000
3.509,3.516,3.507,3.516,3.505,3.516,3.518,3.866,3.868,3.868,3.867,3.871,3.873,3.871,-58.862,-1048.000
3.507,3.508,3.508,3.510,3.513,3.514,3.512,3.871,3.871,3.875,3.868,3.875,3.872,3.870,-59.019,-1047.000
3.509,3.511,3.508,3.505,3.503,3.511,3.510,3.872,3.872,3.872,3.869,3.875,3.878,3.869,-59.158,-1046.000
3.510,3.509,3.507,3.509,3.508,3.512,3.509,3.873,3.877,3.865,3.869,3.877,3.873,3.873,-58.918,-1045.000
3.506,3.513,3.512,3.514,3.514,3.511,3.510,3.866,3.871,3.874,3.871,3.871,3.876,3.867,-58.998,-1044.000
3.507,3.508,3.508,3.514,3.508,3.514,3.517,3.871,3.869,3.873,3.869,3.868,3.870,3.872,-59.157,-1043.000
3.513,3.508,3.507,3.506,3.509,3.511,3.505,3.873,3.879,3.876,3.876,3.877,3.875,3.875,-59.087,-1042.000
3.512,3.511,3.510,3.509,3.514,3.511,3.513,3.875,3.873,3.876,3.871,3.870,3.873,3.875,-59.106,-1041.000
3.508,3.507,3.508,3.512,3.508,3.509,3.511,3.870,3.872,3.873,3.878,3.874,3.879,3.877,-59.013,-1040.000
3.502,3.505,3.508,3.511,3.509,3.518,3.512,3.868,3.874,3.876,3.877,3.875,3.874,3.870,-58.878,-1039.000
3.513,3.507,3.507,3.508,3.506,3.508,3.507,3.877,3.871,3.871,3.875,3.876,3.877,3.884,-58.839,-1038.000
3.514,3.508,3.514,3.509,3.508,3.512,3.511,3.872,3.876,3.875,3.877,3.873,3.875,3.875,-59.165,-1037.000
3.506,3.508,3.509,3.517,3.504,3.504,3.511,3.870,3.876,3.872,3.869,3.878,3.872,3.872,-59.147,-1036.000
3.517,3.515,3.510,3.508,3.511,3.509,3.513,3.874,3.875,3.875,3.872,3.879,3.874,3.879,-59.024,-1035.000
3.504,3.514,3.506,3.509,3.517,3.508,3.508,3.875,3.874,3.875,3.875,3.883,3.878,3.881,-58.796,-1034.000
3.511,3.507,3.511,3.503,3.512,3.514,3.506,3.875,3.880,3.872,3.875,3.875,3.874,3.878,-59.026,-1033.000
3.512,3.508,3.505,3.505,3.510,3.512,3.509,3.875,3.873,3.877,3.873,3.871,3.879,3.875,-59.022,-1032.000
3.508,3.512,3.510,3.512,3.514,3.505,3.505,3.876,3.882,3.877,3.883,3.878,3.875,3.872,-59.248,-1031.000
3.506,3.504,3.503,3.512,3.507,3.505,3.507,3.868,3.879,3.875,3.877,3.876,3.874,3.884,-59.123,-1030.000
3.505,3.504,3.502,3.510,3.502,3.509,3.508,3.875,3.881,3.877,3.877,3.874,3.876,3.883,-59.069,-1029.000
3.506,3.511,3.500,3.505,3.499,3.502,3.502,3.877,3.878,3.878,3.876,3.879,3.876,3.879,-58.883,-1028.000
3.501,3.504,3.502,3.499,3.502,3.504,3.505,3.879,3.877,3.876,3.878,3.882,3.875,3.876,-59.116,-1027.000
3.506,3.497,3.504,3.501,3.506,3.500,3.507,3.875,3.879,3.876,3.878,3.878,3.875,3.880,-59.308,-1026.000
3.500,3.502,3.504,3.507,3.502,3.501,3.500,3.882,3.880,3.878,3.877,3.877,3.877,3.875,-59.308,-1025.000
3.500,3.502,3.501,3.499,3.502,3.501,3.506,3.879,3.871,3.874,3.879,3.875,3.879,3.876,-59.243,-1024.000
3.499,3.497,3.498,3.504,3.503,3.508,3.501,3.872,3.879,3.877,3.878,3.877,3.875,3.879,-59.245,-1023.000
3.503,3.497,3.501,3.497,3.501,3.497,3.499,3.879,3.882,3.876,3.874,3.881,3.875,3.876,-59.242,-1022.000
3.499,3.502,3.498,3.500,3.499,3.498,3.497,3.870,3.876,3.873,3.879,3.876,3.880,3.874,-59.349,-1021.000
3.500,3.504,3.497,3.502,3.498,3.499,3.497,3.882,3.879,3.878,3.883,3.882,3.880,3.871,-59.506,-1020.000
3.497,3.502,3.498,3.498,3.500,3.499,3.503,3.881,3.882,3.878,3.878,3.883,3.877,3.884,-59.327,-1019.000
3.497,3.497,3.501,3.496,3.503,3.499,3.500,3.879,3.878,3.874,3.876,3.876,3.879,3.880,-59.322,-1018.000
3.495,3.498,3.495,3.498,3.501,3.501,3.494,3.878,3.876,3.879,3.878,3.869,3.874,3.876,-59.207,-1017.000
3.501,3.507,3.500,3.500,3.500,3.494,3.498,3.876,3.879,3.878,3.870,3.880,3.880,3.875,-59.331,-1016.000
3.500,3.504,3.500,3.500,3.500,3.503,3.493,3.879,3.872,3.879,3.872,3.872,3.872,3.871,-59.370,-1015.000
3.498,3.499,3.502,3.502,3.498,3.503,3.499,3.877,3.875,3.873,3.878,3.878,3.878,3.873,-59.414,-1014.000
3.496,3.501,3.501,3.500,3.499,3.501,3.494,3.875,3.874,3.871,3.879,3.883,3.879,3.879,-59.161,-1013.000
3.497,3.498,3.501,3.498,3.501,3.496,3.493,3.879,3.875,3.873,3.875,3.876,3.886,3.875,-59.091,-1012.000
3.497,3.498,3.498,3.492,3.496,3.497,3.494,3.878,3.876,3.880,3.874,3.880,3.878,3.878,-59.145,-1011.000
3.499,3.496,3.496,3.492,3.493,3.499,3.495,3.876,3.874,3.873,3.878,3.877,3.877,3.875,-59.123,-1010.000
3.493,3.494,3.496,3.494,3.497,3.492,3.491,3.876,3.878,3.871,3.875,3.882,3.880,3.874,-59.183,-1009.000
3.497,3.490,3.497,3.494,3.502,3.498,3.496,3.875,3.881,3.880,3.878,3.879,3.884,3.876,-59.184,-1008.000
3.494,3.497,3.495,3.492,3.499,3.499,3.497,3.875,3.877,3.874,3.877,3.871,3.878,3.880,-59.162,-1007.000
3.496,3.494,3.493,3.499,3.497,3.499,3.499,3.870,3.874,3.870,3.869,3.871,3.873,3.876,-59.010,-1006.000
3.495,3.489,3.497,3.494,3.492,3.495,3.485,3.876,3.871,3.873,3.872,3.869,3.870,3.873,-58.937,-1005.000
3.491,3.491,3.492,3.486,3.492,3.492,3.489,3.872,3.867,3.869,3.871,3.868,3.871,3.872,-59.030,-1004.000
3.489,3.489,3.495,3.495,3.495,3.489,3.493,3.868,3.868,3.870,3.869,3.869,3.870,3.867,-59.404,-1003.000
3.489,3.495,3.490,3.485,3.494,3.496,3.490,3.871,3.864,3.866,3.866,3.867,3.867,3.879,-59.337,-1002.000
3.485,3.490,3.487,3.489,3.491,3.492,3.486,3.875,3.876,3.872,3.867,3.871,3.871,3.866,-59.352,-1001.000
3.490,3.492,3.488,3.492,3.493,3.492,3.497,3.872,3.873,3.872,3.869,3.867,3.875,3.869,-59.184,-1000.000
3.492,3.490,3.487,3.485,3.493,3.491,3.489,3.874,3.874,3.873,3.874,3.869,3.871,3.874,-59.140,-999.000
3.492,3.494,3.488,3.488,3.492,3.493,3.487,3.871,3.871,3.872,3.870,3.865,3.870,3.869,-59.165,-998.000
3.490,3.484,3.491,3.483,3.492,3.491,3.486,3.871,3.873,3.869,3.872,3.870,3.876,3.868,-59.133,-997.000
3.490,3.495,3.485,3.493,3.493,3.489,3.489,3.876,3.870,3.866,3.866,3.870,3.873,3.872,-59.039,-996.000
3.489,3.488,3.493,3.489,3.492,3.491,3.491,3.875,3.874,3.872,3.868,3.870,3.865,3.872,-59.008,-995.000
3.487,3.490,3.484,3.490,3.491,3.492,3.491,3.875,3.875,3.872,3.866,3.867,3.869,3.871,-59.183,-994.000
3.491,3.500,3.489,3.491,3.489,3.490,3.485,3.874,3.870,3.870,3.871,3.873,3.871,3.872,-59.044,-993.000
3.495,3.482,3.484,3.493,3.491,3.489,3.491,3.868,3.871,3.862,3.864,3.868,3.862,3.873,-59.251,-992.000
3.484,3.485,3.493,3.487,3.491,3.490,3.494,3.875,3.874,3.879,3.878,3.875,3.872,3.881,-59.195,-991.000
3.490,3.497,3.487,3.490,3.484,3.485,3.480,3.873,3.875,3.873,3.872,3.874,3.874,3.871,-59.125,-990.000
3.486,3.483,3.492,3.489,3.485,3.487,3.484,3.872,3.881,3.871,3.870,3.874,3.872,3.869,-59.186,-989.000
3.488,3.484,3.491,3.484,3.485,3.486,3.488,3.869,3.875,3.873,3.869,3.872,3.872,3.874,-59.110,-988.000
3.484,3.483,3.485,3.486,3.486,3.484,3.483,3.871,3.868,3.870,3.873,3.877,3.870,3.870,-58.978,-987.000
3.485,3.481,3.487,3.489,3.487,3.487,3.488,3.871,3.874,3.874,3.875,3.876,3.875,3.874,-59.005,-986.000
3.489,3.485,3.487,3.488,3.489,3.488,3.487,3.872,3.878,3.874,3.870,3.872,3.873,3.870,-58.971,-985.000
3.484,3.488,3.488,3.487,3.483,3.488,3.487,3.868,3.875,3.870,3.878,3.874,3.876,3.873,-58.972,-984.000
3.483,3.484,3.485,3.483,3.487,3.487,3.483,3.871,3.869,3.873,3.871,3.875,3.875,3.873,-58.987,-983.000
3.489,3.481,3.488,3.490,3.486,3.483,3.486,3.871,3.878,3.869,3.876,3.867,3.872,3.873,-58.983,-982.000
3.491,3.482,3.481,3.485,3.490,3.478,3.486,3.878,3.871,3.874,3.875,3.883,3.871,3.875,-59.063,-981.000
3.487,3.495,3.479,3.481,3.486,3.485,3.488,3.878,3.874,3.864,3.869,3.871,3.877,3.874,-59.008,-980.000
3.479,3.478,3.475,3.477,3.485,3.484,3.483,3.871,3.869,3.875,3.871,3.874,3.870,3.869,-59.003,-979.000
3.486,3.481,3.490,3.486,3.490,3.478,3.486,3.874,3.869,3.876,3.871,3.874,3.875,3.874,-58.818,-978.000
3.483,3.482,3.483,3.487,3.484,3.485,3.480,3.875,3.869,3.872,3.872,3.874,3.874,3.873,-59.035,-977.000
3.484,3.485,3.483,3.478,3.485,3.480,3.489,3.880,3.871,3.870,3.871,3.869,3.867,3.872,-58.945,-976.000
3.491,3.485,3.481,3.482,3.490,3.484,3.488,3.877,3.873,3.873,3.876,3.876,3.876,3.871,-59.236,-975.000
3.489,3.485,3.479,3.484,3.490,3.490,3.483,3.877,3.875,3.863,3.871,3.869,3.879,3.872,-59.013,-974.000
3.485,3.489,3.484,3.483,3.484,3.489,3.483,3.876,3.878,3.872,3.872,3.877,3.873,3.872,-58.950,-973.000
3.481,3.485,3.480,3.484,3.481,3.480,3.483,3.873,3.866,3.869,3.865,3.871,3.871,3.872,-58.966,-972.000
3.486,3.482,3.480,3.481,3.481,3.487,3.486,3.873,3.877,3.873,3.877,3.872,3.876,3.871,-58.701,-971.000
3.483,3.483,3.486,3.486,3.483,3.483,3.477,3.873,3.873,3.877,3.875,3.875,3.872,3.871,-58.825,-970.000
3.483,3.482,3.487,3.487,3.484,3.481,3.478,3.878,3.879,3.873,3.878,3.874,3.876,3.875,-58.916,-969.000
3.483,3.484,3.482,3.484,3.481,3.485,3.480,3.883,3.872,3.874,3.877,3.879,3.871,3.870,-58.981,-968.000
3.479,3.485,3.482,3.483,3.479,3.483,3.486,3.870,3.874,3.872,3.872,3.877,3.873,3.878,-59.027,-967.000
3.487,3.486,3.480,3.487,3.487,3.481,3.481,3.873,3.871,3.870,3.872,3.871,3.872,3.872,-59.102,-966.000
3.489,3.480,3.477,3.482,3.481,3.487,3.478,3.875,3.874,3.874,3.871,3.876,3.864,3.880,-59.042,-965.000
3.479,3.482,3.481,3.490,3.480,3.484,3.480,3.878,3.880,3.877,3.875,3.876,3.875,3.880,-58.975,-964.000
3.483,3.477,3.478,3.479,3.484,3.476,3.483,3.877,3.880,3.874,3.875,3.875,3.873,3.877,-59.029,-963.000
3.476,3.478,3.478,3.484,3.478,3.476,3.477,3.871,3.873,3.875,3.871,3.872,3.878,3.869,-59.267,-962.000
3.481,3.481,3.480,3.475,3.481,3.483,3.486,3.872,3.874,3.872,3.874,3.874,3.868,3.874,-59.143,-961.000
3.477,3.485,3.480,3.478,3.475,3.478,3.475,3.878,3.876,3.880,3.881,3.877,3.879,3.878,-59.090,-960.000
3.478,3.482,3.479,3.477,3.478,3.476,3.479,3.876,3.877,3.882,3.875,3.877,3.877,3.874,-58.868,-959.000
3.479,3.473,3.484,3.477,3.479,3.479,3.478,3.883,3.874,3.877,3.881,3.874,3.879,3.881,-58.973,-958.000
3.475,3.481,3.477,3.477,3.479,3.477,3.474,3.878,3.876,3.879,3.878,3.872,3.877,3.874,-59.090,-957.000
3.479,3.479,3.474,3.476,3.471,3.474,3.475,3.881,3.870,3.874,3.874,3.874,3.875,3.874,-59.225,-956.000
3.471,3.479,3.471,3.476,3.478,3.482,3.478,3.875,3.875,3.879,3.875,3.873,3.877,3.875,-59.192,-955.000
3.478,3.472,3.475,3.478,3.479,3.477,3.475,3.875,3.877,3.876,3.877,3.882,3.877,3.878,-58.934,-954.000
3.473,3.478,3.476,3.477,3.478,3.480,3.473,3.874,3.878,3.872,3.878,3.878,3.876,3.878,-58.615,-953.000
3.477,3.478,3.477,3.473,3.471,3.480,3.475,3.879,3.878,3.873,3.871,3.870,3.872,3.873,-58.233,-952.000
3.469,3.475,3.476,3.472,3.475,3.475,3.475,3.878,3.877,3.875,3.877,3.879,3.877,3.874,-57.620,-951.000
3.475,3.477,3.476,3.476,3.473,3.480,3.475,3.877,3.873,3.872,3.878,3.879,3.879,3.879,-57.327,-950.000
3.472,3.470,3.479,3.472,3.473,3.470,3.474,3.880,3.877,3.876,3.877,3.876,3.873,3.882,-57.712,-949.000
3.475,3.474,3.474,3.475,3.471,3.478,3.472,3.875,3.871,3.872,3.879,3.873,3.875,3.879,-58.004,-948.000
3.473,3.472,3.472,3.470,3.477,3.474,3.475,3.881,3.884,3.881,3.882,3.885,3.878,3.873,-58.137,-947.000
3.470,3.475,3.475,3.474,3.478,3.474,3.470,3.878,3.879,3.875,3.875,3.879,3.875,3.879,-58.356,-946.000
3.468,3.476,3.475,3.473,3.469,3.471,3.475,3.873,3.872,3.878,3.878,3.873,3.869,3.876,-58.348,-945.000
3.470,3.472,3.476,3.472,3.468,3.474,3.472,3.881,3.882,3.875,3.873,3.873,3.872,3.881,-58.503,-944.000
3.471,3.469,3.471,3.471,3.474,3.474,3.475,3.879,3.872,3.883,3.876,3.877,3.878,3.873,-58.492,-943.000
3.471,3.463,3.470,3.467,3.469,3.465,3.464,3.877,3.879,3.874,3.876,3.873,3.878,3.868,-58.598,-942.000
3.470,3.474,3.466,3.470,3.469,3.474,3.470,3.875,3.875,3.879,3.880,3.879,3.881,3.876,-58.813,-941.000
3.472,3.470,3.466,3.470,3.474,3.473,3.469,3.877,3.877,3.875,3.877,3.879,3.879,3.877,-58.535,-940.000
3.476,3.472,3.469,3.473,3.475,3.474,3.468,3.870,3.876,3.876,3.879,3.876,3.876,3.881,-58.644,-939.000
3.466,3.470,3.475,3.473,3.473,3.476,3.468,3.879,3.881,3.882,3.873,3.881,3.885,3.883,-58.629,-938.000
3.476,3.468,3.474,3.471,3.466,3.467,3.473,3.876,3.875,3.880,3.879,3.885,3.882,3.875,-58.770,-937.000
3.469,3.469,3.468,3.461,3.465,3.470,3.472,3.877,3.874,3.880,3.876,3.872,3.875,3.879,-58.749,-936.000
3.472,3.476,3.467,3.466,3.472,3.470,3.467,3.878,3.875,3.873,3.876,3.879,3.877,3.884,-59.130,-935.000
3.470,3.470,3.473,3.468,3.467,3.468,3.467,3.881,3.875,3.878,3.884,3.880,3.879,3.878,-59.012,-934.000
3.469,3.463,3.468,3.470,3.463,3.468,3.466,3.871,3.876,3.874,3.878,3.880,3.879,3.876,-59.153,-933.000
3.464,3.462,3.465,3.467,3.471,3.475,3.462,3.875,3.880,3.876,3.876,3.878,3.876,3.869,-59.173,-932.000
3.470,3.468,3.464,3.469,3.469,3.469,3.468,3.875,3.877,3.876,3.879,3.868,3.872,3.870,-59.192,-931.000
3.466,3.462,3.463,3.460,3.469,3.464,3.467,3.873,3.869,3.870,3.871,3.873,3.879,3.871,-58.946,-930.000
3.465,3.466,3.462,3.461,3.465,3.466,3.468,3.871,3.874,3.879,3.876,3.879,3.877,3.877,-58.854,-929.000
3.466,3.468,3.465,3.466,3.460,3.469,3.464,3.872,3.873,3.877,3.872,3.867,3.874,3.876,-59.043,-928.000
3.462,3.470,3.467,3.468,3.466,3.473,3.462,3.881,3.876,3.876,3.873,3.873,3.883,3.881,-58.819,-927.000
3.466,3.464,3.468,3.465,3.469,3.466,3.463,3.874,3.875,3.874,3.873,3.873,3.872,3.879,-58.628,-926.000
3.467,3.466,3.468,3.467,3.472,3.464,3.463,3.878,3.876,3.873,3.879,3.875,3.873,3.878,-58.858,-925.000
3.469,3.471,3.468,3.471,3.469,3.470,3.465,3.880,3.879,3.882,3.878,3.878,3.884,3.882,-59.020,-924.000
3.465,3.462,3.465,3.473,3.466,3.464,3.464,3.875,3.879,3.881,3.879,3.882,3.880,3.889,-58.970,-923.000
3.466,3.465,3.460,3.468,3.467,3.471,3.468,3.879,3.873,3.883,3.877,3.878,3.879,3.879,-59.021,-922.000
3.465,3.473,3.464,3.465,3.468,3.459,3.469,3.877,3.872,3.874,3.877,3.873,3.873,3.870,-58.815,-921.000
3.465,3.466,3.464,3.462,3.463,3.463,3.463,3.873,3.876,3.877,3.869,3.872,3.873,3.883,-59.148,-920.000
3.465,3.460,3.463,3.469,3.465,3.464,3.465,3.893,3.879,3.882,3.880,3.879,3.878,3.875,-59.281,-919.000
3.468,3.467,3.467,3.469,3.462,3.467,3.460,3.876,3.879,3.880,3.880,3.882,3.881,3.880,-59.120,-918.000
3.469,3.466,3.466,3.472,3.466,3.467,3.460,3.879,3.880,3.878,3.879,3.880,3.883,3.879,-59.133,-917.000
3.469,3.470,3.461,3.464,3.469,3.459,3.466,3.880,3.877,3.877,3.877,3.877,3.879,3.876,-59.147,-916.000
3.465,3.463,3.473,3.461,3.459,3.465,3.464,3.876,3.877,3.875,3.873,3.879,3.878,3.880,-59.033,-915.000
3.467,3.465,3.468,3.466,3.467,3.465,3.467,3.881,3.879,3.878,3.876,3.878,3.880,3.879,-59.024,-914.000
3.466,3.463,3.465,3.460,3.463,3.466,3.466,3.879,3.888,3.878,3.883,3.880,3.881,3.882,-58.886,-913.000
3.462,3.467,3.463,3.462,3.465,3.467,3.465,3.880,3.874,3.877,3.885,3.884,3.881,3.880,-58.668,-912.000
3.465,3.465,3.465,3.468,3.466,3.462,3.469,3.879,3.886,3.883,3.876,3.878,3.872,3.876,-58.721,-911.000
3.460,3.463,3.460,3.463,3.462,3.466,3.463,3.876,3.875,3.877,3.879,3.880,3.882,3.879,-58.839,-910.000
3.460,3.467,3.460,3.472,3.457,3.472,3.464,3.883,3.883,3.882,3.880,3.878,3.881,3.885,-58.896,-909.000
3.459,3.461,3.464,3.463,3.461,3.463,3.463,3.882,3.888,3.876,3.879,3.874,3.877,3.871,-59.065,-908.000
3.469,3.464,3.463,3.459,3.464,3.460,3.461,3.886,3.883,3.880,3.879,3.875,3.881,3.874,-58.933,-907.000
3.464,3.463,3.463,3.467,3.462,3.461,3.465,3.876,3.879,3.881,3.878,3.884,3.883,3.879,-59.031,-906.000
3.460,3.459,3.461,3.462,3.458,3.463,3.460,3.880,3.879,3.881,3.879,3.878,3.879,3.876,-58.983,-905.000
3.463,3.463,3.460,3.465,3.458,3.462,3.460,3.884,3.883,3.887,3.883,3.888,3.882,3.882,-59.023,-904.000
3.458,3.464,3.460,3.459,3.462,3.461,3.462,3.881,3.879,3.876,3.878,3.880,3.885,3.882,-59.063,-903.000
3.456,3.463,3.460,3.458,3.459,3.465,3.460,3.879,3.877,3.879,3.875,3.881,3.879,3.882,-58.874,-902.000
3.463,3.462,3.458,3.460,3.458,3.459,3.461,3.879,3.878,3.878,3.868,3.876,3.880,3.873,-58.862,-901.000
3.460,3.463,3.457,3.461,3.461,3.455,3.462,3.871,3.881,3.881,3.876,3.883,3.879,3.882,-58.928,-900.000
3.465,3.461,3.457,3.459,3.463,3.458,3.463,3.880,3.880,3.880,3.879,3.880,3.882,3.877,-58.862,-899.000
3.462,3.458,3.459,3.459,3.463,3.457,3.461,3.880,3.880,3.874,3.878,3.883,3.879,3.879,-58.896,-898.000
3.459,3.462,3.462,3.462,3.464,3.460,3.457,3.886,3.876,3.888,3.890,3.879,3.879,3.877,-58.909,-897.000
3.470,3.457,3.460,3.461,3.462,3.461,3.457,3.876,3.886,3.880,3.880,3.880,3.877,3.880,-58.849,-896.000
3.463,3.459,3.460,3.465,3.462,3.468,3.459,3.884,3.880,3.874,3.884,3.881,3.884,3.881,-59.101,-895.000
3.461,3.460,3.463,3.457,3.468,3.465,3.464,3.884,3.881,3.891,3.881,3.882,3.879,3.881,-59.175,-894.000
3.467,3.463,3.464,3.460,3.468,3.461,3.465,3.882,3.878,3.887,3.889,3.885,3.888,3.885,-58.794,-893.000
3.465,3.465,3.461,3.466,3.468,3.459,3.464,3.880,3.874,3.883,3.881,3.881,3.884,3.884,-58.949,-892.000
3.467,3.467,3.462,3.467,3.460,3.467,3.467,3.882,3.881,3.891,3.889,3.883,3.887,3.879,-58.869,-891.000
3.460,3.464,3.462,3.463,3.462,3.468,3.469,3.880,3.877,3.879,3.882,3.879,3.880,3.880,-59.021,-890.000
3.464,3.457,3.461,3.463,3.465,3.461,3.467,3.889,3.884,3.883,3.882,3.878,3.882,3.877,-59.114,-889.000
3.464,3.460,3.468,3.463,3.458,3.455,3.465,3.881,3.885,3.882,3.884,3.882,3.883,3.891,-59.031,-888.000
3.464,3.463,3.462,3.460,3.461,3.462,3.463,3.881,3.881,3.885,3.884,3.880,3.880,3.886,-58.949,-887.000
3.465,3.463,3.465,3.465,3.460,3.461,3.458,3.881,3.877,3.879,3.878,3.883,3.885,3.882,-59.206,-886.000
3.458,3.461,3.463,3.465,3.460,3.466,3.461,3.889,3.885,3.884,3.884,3.887,3.880,3.878,-59.090,-885.000
3.463,3.456,3.460,3.463,3.463,3.457,3.466,3.881,3.886,3.886,3.883,3.881,3.883,3.881,-58.816,-884.000
3.457,3.459,3.459,3.458,3.459,3.461,3.456,3.880,3.874,3.886,3.882,3.880,3.885,3.887,-58.890,-883.000
3.464,3.456,3.462,3.457,3.466,3.460,3.467,3.881,3.879,3.883,3.877,3.880,3.884,3.884,-59.008,-882.000
3.459,3.459,3.462,3.461,3.462,3.464,3.462,3.891,3.887,3.889,3.891,3.891,3.887,3.889,-59.117,-881.000
3.456,3.461,3.459,3.467,3.462,3.461,3.459,3.880,3.882,3.883,3.882,3.883,3.886,3.881,-59.097,-880.000
3.461,3.464,3.464,3.462,3.459,3.461,3.460,3.881,3.877,3.884,3.884,3.883,3.882,3.886,-59.140,-879.000
3.459,3.460,3.462,3.461,3.460,3.461,3.462,3.881,3.883,3.884,3.882,3.883,3.881,3.886,-59.248,-878.000
3.458,3.461,3.462,3.462,3.466,3.460,3.459,3.887,3.888,3.878,3.881,3.889,3.882,3.880,-59.123,-877.000
3.465,3.463,3.459,3.460,3.459,3.462,3.460,3.886,3.881,3.887,3.888,3.883,3.887,3.879,-59.298,-876.000
3.464,3.455,3.461,3.456,3.458,3.456,3.459,3.887,3.879,3.880,3.887,3.885,3.885,3.883,-59.396,-875.000
3.459,3.465,3.461,3.461,3.457,3.465,3.468,3.882,3.884,3.886,3.880,3.882,3.889,3.881,-59.217,-874.000
3.458,3.458,3.462,3.457,3.456,3.461,3.461,3.886,3.889,3.884,3.890,3.882,3.881,3.884,-59.032,-873.000
3.459,3.458,3.457,3.461,3.457,3.458,3.458,3.882,3.883,3.890,3.886,3.886,3.882,3.884,-59.109,-872.000
3.465,3.458,3.463,3.465,3.460,3.457,3.460,3.890,3.887,3.889,3.885,3.886,3.885,3.881,-58.973,-871.000
3.454,3.464,3.463,3.462,3.460,3.463,3.463,3.884,3.891,3.886,3.888,3.892,3.891,3.886,-59.073,-870.000
3.460,3.464,3.454,3.463,3.458,3.459,3.455,3.890,3.887,3.882,3.887,3.892,3.892,3.886,-59.055,-869.000
3.458,3.456,3.462,3.456,3.457,3.460,3.461,3.888,3.885,3.884,3.889,3.886,3.890,3.882,-59.133,-868.000
3.460,3.458,3.459,3.457,3.458,3.461,3.459,3.887,3.889,3.890,3.885,3.884,3.884,3.887,-59.343,-867.000
3.455,3.460,3.464,3.460,3.458,3.461,3.456,3.885,3.886,3.886,3.883,3.883,3.889,3.883,-59.170,-866.000
3.460,3.450,3.458,3.455,3.461,3.458,3.468,3.890,3.882,3.885,3.888,3.892,3.889,3.884,-59.097,-865.000
3.457,3.458,3.460,3.454,3.458,3.454,3.452,3.890,3.889,3.889,3.887,3.888,3.885,3.888,-59.099,-864.000
3.456,3.457,3.457,3.456,3.454,3.458,3.458,3.888,3.885,3.893,3.887,3.889,3.890,3.886,-59.130,-863.000
3.456,3.458,3.453,3.450,3.456,3.452,3.453,3.887,3.883,3.889,3.890,3.883,3.884,3.883,-59.101,-862.000
3.458,3.454,3.451,3.451,3.456,3.454,3.455,3.885,3.886,3.887,3.883,3.889,3.879,3.888,-59.203,-861.000
3.449,3.452,3.450,3.459,3.454,3.446,3.454,3.891,3.884,3.880,3.883,3.887,3.877,3.882,-59.067,-860.000
3.454,3.454,3.454,3.451,3.450,3.453,3.456,3.883,3.884,3.886,3.883,3.892,3.881,3.885,-59.183,-859.000
3.458,3.455,3.455,3.459,3.451,3.457,3.452,3.883,3.886,3.887,3.883,3.882,3.884,3.883,-58.851,-858.000
3.452,3.452,3.454,3.454,3.456,3.447,3.457,3.885,3.883,3.879,3.885,3.884,3.881,3.883,-59.013,-857.000
3.451,3.449,3.454,3.452,3.450,3.452,3.450,3.883,3.883,3.881,3.883,3.883,3.882,3.876,-58.956,-856.000
3.453,3.449,3.449,3.450,3.446,3.453,3.452,3.881,3.880,3.882,3.879,3.879,3.885,3.881,-59.158,-855.000
3.450,3.453,3.450,3.454,3.453,3.456,3.444,3.879,3.886,3.884,3.884,3.889,3.887,3.879,-59.102,-854.000
3.461,3.453,3.459,3.452,3.452,3.452,3.451,3.884,3.884,3.882,3.889,3.885,3.882,3.884,-58.923,-853.000
3.455,3.450,3.447,3.454,3.457,3.451,3.454,3.885,3.879,3.883,3.882,3.883,3.886,3.883,-59.088,-852.000
3.453,3.451,3.451,3.452,3.452,3.455,3.455,3.883,3.890,3.884,3.884,3.882,3.888,3.882,-58.903,-851.000
3.452,3.452,3.454,3.458,3.451,3.450,3.456,3.888,3.891,3.892,3.885,3.886,3.888,3.887,-59.020,-850.000
3.456,3.457,3.455,3.452,3.458,3.447,3.455,3.880,3.881,3.887,3.884,3.887,3.886,3.882,-59.015,-849.000
3.454,3.451,3.455,3.458,3.456,3.463,3.452,3.881,3.881,3.883,3.884,3.884,3.890,3.884,-58.696,-848.000
3.451,3.455,3.451,3.447,3.452,3.455,3.454,3.895,3.890,3.881,3.886,3.883,3.883,3.878,-58.861,-847.000
3.452,3.447,3.456,3.446,3.452,3.449,3.449,3.883,3.883,3.884,3.891,3.884,3.884,3.884,-59.215,-846.000
3.451,3.451,3.459,3.457,3.449,3.456,3.450,3.885,3.881,3.887,3.879,3.886,3.885,3.885,-59.159,-845.000
3.450,3.452,3.455,3.452,3.454,3.453,3.450,3.887,3.892,3.889,3.879,3.875,3.882,3.887,-59.019,-844.000
3.450,3.456,3.453,3.453,3.453,3.456,3.456,3.889,3.885,3.885,3.888,3.881,3.883,3.881,-58.935,-843.000
3.448,3.452,3.456,3.456,3.455,3.456,3.448,3.890,3.887,3.886,3.887,3.887,3.886,3.886,-58.980,-842.000
3.455,3.456,3.450,3.457,3.449,3.451,3.445,3.880,3.880,3.883,3.879,3.887,3.883,3.884,-58.781,-841.000
3.453,3.453,3.453,3.453,3.451,3.451,3.449,3.884,3.887,3.886,3.881,3.887,3.884,3.880,-58.802,-840.000
3.457,3.452,3.456,3.449,3.455,3.458,3.452,3.880,3.886,3.888,3.885,3.886,3.886,3.888,-58.978,-839.000
3.455,3.452,3.452,3.455,3.447,3.454,3.453,3.887,3.888,3.885,3.889,3.886,3.886,3.887,-59.053,-838.000
3.458,3.448,3.450,3.453,3.457,3.454,3.457,3.875,3.886,3.885,3.883,3.884,3.883,3.891,-59.095,-837.000
3.452,3.454,3.451,3.453,3.454,3.451,3.455,3.895,3.880,3.894,3.884,3.894,3.887,3.884,-59.206,-836.000
3.453,3.452,3.454,3.444,3.452,3.450,3.454,3.885,3.883,3.888,3.882,3.877,3.879,3.882,-59.128,-835.000
3.453,3.456,3.450,3.453,3.452,3.452,3.453,3.888,3.887,3.888,3.889,3.888,3.886,3.884,-58.904,-834.000
3.457,3.453,3.451,3.455,3.447,3.458,3.455,3.888,3.887,3.886,3.881,3.892,3.883,3.884,-58.902,-833.000
3.452,3.455,3.449,3.454,3.455,3.454,3.452,3.890,3.890,3.885,3.889,3.887,3.888,3.888,-58.684,-832.000
3.456,3.454,3.452,3.455,3.454,3.447,3.455,3.891,3.893,3.893,3.893,3.897,3.889,3.889,-58.692,-831.000
3.447,3.452,3.452,3.451,3.449,3.454,3.459,3.889,3.890,3.889,3.888,3.889,3.889,3.890,-58.793,-830.000
3.450,3.451,3.456,3.443,3.446,3.448,3.453,3.886,3.892,3.885,3.889,3.887,3.889,3.885,-58.804,-829.000
3.457,3.446,3.454,3.447,3.449,3.451,3.458,3.885,3.892,3.888,3.886,3.891,3.892,3.890,-58.656,-828.000
3.456,3.449,3.450,3.454,3.451,3.449,3.450,3.890,3.883,3.893,3.892,3.884,3.881,3.888,-58.642,-827.000
3.454,3.445,3.461,3.450,3.449,3.449,3.450,3.888,3.886,3.890,3.889,3.889,3.884,3.891,-58.732,-826.000
3.450,3.450,3.450,3.460,3.455,3.453,3.453,3.887,3.889,3.886,3.890,3.885,3.887,3.888,-58.091,-825.000
3.448,3.454,3.451,3.451,3.447,3.453,3.453,3.885,3.887,3.885,3.890,3.893,3.889,3.892,-57.472,-824.000
3.450,3.448,3.450,3.449,3.448,3.454,3.453,3.890,3.892,3.887,3.885,3.888,3.888,3.887,-56.608,-823.000
3.452,3.447,3.450,3.453,3.449,3.451,3.455,3.885,3.889,3.889,3.886,3.891,3.886,3.887,-57.617,-822.000
3.452,3.454,3.447,3.444,3.450,3.449,3.451,3.895,3.891,3.889,3.882,3.884,3.898,3.889,-57.891,-821.000
3.452,3.451,3.450,3.449,3.444,3.452,3.448,3.889,3.891,3.884,3.884,3.882,3.882,3.884,-57.994,-820.000
3.456,3.456,3.452,3.445,3.452,3.453,3.453,3.890,3.890,3.888,3.884,3.891,3.886,3.882,-58.254,-819.000
3.448,3.451,3.447,3.442,3.444,3.448,3.446,3.885,3.879,3.888,3.881,3.887,3.881,3.882,-58.478,-818.000
3.454,3.453,3.451,3.444,3.447,3.445,3.451,3.889,3.887,3.884,3.889,3.885,3.886,3.886,-58.645,-817.000
3.451,3.446,3.447,3.442,3.452,3.444,3.447,3.887,3.888,3.888,3.889,3.891,3.883,3.882,-58.650,-816.000
3.448,3.446,3.446,3.451,3.453,3.441,3.448,3.887,3.889,3.888,3.885,3.879,3.886,3.883,-58.927,-815.000
3.444,3.439,3.443,3.444,3.442,3.448,3.447,3.879,3.880,3.882,3.880,3.886,3.882,3.886,-59.064,-814.000
3.444,3.442,3.443,3.446,3.446,3.450,3.452,3.887,3.887,3.886,3.888,3.885,3.889,3.896,-58.682,-813.000
3.451,3.449,3.448,3.442,3.452,3.445,3.452,3.889,3.885,3.884,3.887,3.889,3.888,3.887,-58.788,-812.000
3.443,3.451,3.447,3.448,3.441,3.445,3.447,3.883,3.891,3.888,3.886,3.886,3.890,3.887,-58.854,-811.000
3.447,3.448,3.445,3.444,3.445,3.445,3.448,3.890,3.881,3.890,3.889,3.886,3.888,3.886,-58.934,-810.000
3.447,3.445,3.449,3.452,3.452,3.443,3.445,3.884,3.888,3.887,3.884,3.894,3.889,3.889,-59.040,-809.000
3.449,3.450,3.438,3.449,3.448,3.447,3.448,3.882,3.889,3.889,3.883,3.880,3.889,3.887,-59.148,-808.000
3.448,3.444,3.452,3.445,3.446,3.443,3.450,3.888,3.887,3.885,3.879,3.891,3.887,3.891,-59.086,-807.000
3.449,3.453,3.449,3.453,3.451,3.452,3.448,3.887,3.885,3.889,3.890,3.887,3.886,3.886,-58.799,-806.000
3.454,3.449,3.449,3.445,3.447,3.441,3.442,3.889,3.891,3.888,3.890,3.889,3.886,3.884,-58.944,-805.000
3.449,3.448,3.451,3.445,3.448,3.452,3.450,3.889,3.893,3.888,3.888,3.887,3.886,3.885,-59.097,-804.000
3.447,3.451,3.443,3.447,3.452,3.455,3.448,3.890,3.887,3.882,3.897,3.889,3.892,3.886,-58.893,-803.000
3.451,3.445,3.448,3.442,3.445,3.448,3.450,3.894,3.892,3.893,3.891,3.892,3.884,3.883,-59.003,-802.000
3.446,3.447,3.446,3.456,3.448,3.446,3.445,3.891,3.891,3.895,3.892,3.889,3.884,3.892,-59.041,-801.000
3.445,3.444,3.450,3.448,3.447,3.444,3.445,3.888,3.884,3.889,3.886,3.888,3.886,3.888,-59.090,-800.000
3.446,3.455,3.447,3.450,3.456,3.448,3.444,3.887,3.887,3.891,3.891,3.890,3.898,3.893,-59.113,-799.000
3.445,3.449,3.446,3.450,3.447,3.449,3.449,3.896,3.886,3.898,3.889,3.886,3.888,3.894,-59.053,-798.000
3.448,3.447,3.440,3.447,3.443,3.443,3.443,3.890,3.892,3.887,3.890,3.891,3.886,3.891,-59.056,-797.000
3.445,3.445,3.452,3.443,3.448,3.452,3.444,3.892,3.894,3.890,3.891,3.889,3.886,3.882,-59.165,-796.000
3.447,3.451,3.451,3.447,3.447,3.447,3.453,3.889,3.891,3.890,3.892,3.890,3.889,3.890,-59.112,-795.000
3.443,3.450,3.447,3.447,3.439,3.447,3.444,3.883,3.888,3.890,3.894,3.890,3.891,3.891,-59.087,-794.000
3.448,3.447,3.448,3.449,3.440,3.442,3.445,3.895,3.887,3.893,3.892,3.889,3.888,3.891,-59.110,-793.000
3.441,3.452,3.453,3.448,3.449,3.450,3.447,3.890,3.892,3.884,3.892,3.880,3.889,3.893,-59.125,-792.000
3.447,3.450,3.449,3.445,3.448,3.451,3.440,3.888,3.892,3.888,3.894,3.893,3.888,3.892,-59.058,-791.000
3.444,3.450,3.444,3.449,3.448,3.447,3.452,3.893,3.895,3.898,3.887,3.889,3.895,3.893,-59.273,-790.000
3.448,3.450,3.445,3.449,3.449,3.442,3.445,3.892,3.888,3.891,3.889,3.894,3.893,3.895,-59.048,-789.000
3.446,3.448,3.443,3.445,3.446,3.449,3.442,3.895,3.896,3.893,3.893,3.892,3.890,3.890,-59.143,-788.000
3.446,3.444,3.446,3.450,3.450,3.449,3.446,3.889,3.888,3.889,3.893,3.892,3.891,3.885,-59.078,-787.000
3.446,3.446,3.452,3.452,3.447,3.445,3.450,3.891,3.891,3.902,3.893,3.904,3.895,3.893,-58.948,-786.000
3.450,3.448,3.444,3.450,3.447,3.450,3.445,3.883,3.891,3.893,3.891,3.893,3.892,3.887,-59.002,-785.000
3.446,3.443,3.441,3.444,3.451,3.444,3.447,3.890,3.898,3.889,3.893,3.893,3.890,3.896,-59.081,-784.000
3.443,3.448,3.444,3.442,3.444,3.444,3.444,3.889,3.889,3.888,3.892,3.890,3.889,3.896,-58.933,-783.000
3.442,3.445,3.448,3.443,3.453,3.446,3.447,3.892,3.894,3.895,3.889,3.884,3.899,3.889,-58.786,-782.000
3.449,3.448,3.447,3.449,3.447,3.443,3.453,3.894,3.890,3.891,3.891,3.891,3.892,3.890,-58.965,-781.000
3.449,3.443,3.443,3.443,3.447,3.447,3.445,3.887,3.889,3.887,3.889,3.893,3.891,3.891,-58.901,-780.000
3.444,3.445,3.443,3.445,3.449,3.445,3.441,3.896,3.895,3.897,3.889,3.889,3.890,3.895,-58.996,-779.000
3.443,3.448,3.444,3.443,3.448,3.447,3.441,3.893,3.890,3.891,3.890,3.890,3.888,3.891,-58.958,-778.000
3.444,3.444,3.442,3.448,3.447,3.443,3.443,3.892,3.891,3.887,3.890,3.893,3.895,3.896,-58.949,-777.000
3.442,3.444,3.438,3.442,3.442,3.442,3.448,3.890,3.891,3.891,3.892,3.887,3.896,3.899,-58.887,-776.000
3.438,3.447,3.439,3.440,3.448,3.446,3.443,3.890,3.895,3.891,3.889,3.890,3.891,3.892,-58.980,-775.000
3.446,3.440,3.448,3.442,3.445,3.444,3.446,3.889,3.889,3.890,3.894,3.892,3.891,3.890,-59.089,-774.000
3.444,3.442,3.448,3.442,3.442,3.447,3.446,3.891,3.889,3.891,3.894,3.886,3.894,3.884,-59.097,-773.000
3.446,3.438,3.442,3.441,3.443,3.443,3.439,3.896,3.891,3.883,3.886,3.886,3.888,3.892,-59.125,-772.000
3.445,3.439,3.446,3.440,3.443,3.437,3.450,3.893,3.889,3.888,3.893,3.890,3.890,3.889,-58.982,-771.000
3.445,3.446,3.443,3.446,3.438,3.440,3.447,3.892,3.896,3.888,3.890,3.891,3.891,3.890,-58.941,-770.000
3.442,3.438,3.438,3.443,3.441,3.443,3.439,3.891,3.893,3.889,3.892,3.889,3.894,3.889,-58.994,-769.000
3.441,3.434,3.445,3.445,3.437,3.445,3.438,3.889,3.893,3.895,3.893,3.896,3.896,3.887,-58.882,-768.000
3.448,3.439,3.446,3.442,3.442,3.438,3.440,3.893,3.892,3.894,3.895,3.894,3.892,3.891,-59.136,-767.000
3.450,3.439,3.442,3.442,3.445,3.443,3.452,3.890,3.892,3.893,3.894,3.900,3.892,3.891,-58.972,-766.000
3.444,3.439,3.446,3.447,3.440,3.440,3.440,3.892,3.896,3.900,3.895,3.891,3.884,3.893,-58.925,-765.000
3.445,3.445,3.446,3.441,3.440,3.445,3.440,3.891,3.896,3.892,3.893,3.889,3.902,3.897,-58.902,-764.000
3.439,3.439,3.439,3.443,3.444,3.446,3.451,3.895,3.895,3.899,3.894,3.893,3.894,3.895,-58.749,-763.000
3.442,3.448,3.443,3.439,3.440,3.440,3.439,3.896,3.893,3.899,3.899,3.902,3.893,3.898,-58.952,-762.000
3.442,3.446,3.444,3.443,3.444,3.449,3.449,3.892,3.896,3.893,3.893,3.898,3.894,3.894,-58.823,-761.000
3.444,3.447,3.444,3.441,3.438,3.447,3.441,3.892,3.892,3.894,3.895,3.898,3.894,3.895,-58.816,-760.000
3.446,3.439,3.440,3.439,3.442,3.444,3.446,3.891,3.899,3.893,3.901,3.898,3.898,3.894,-58.983,-759.000
3.446,3.442,3.444,3.441,3.443,3.444,3.446,3.892,3.891,3.904,3.894,3.902,3.899,3.893,-59.008,-758.000
3.441,3.436,3.445,3.449,3.443,3.441,3.444,3.888,3.899,3.895,3.902,3.894,3.894,3.895,-58.884,-757.000
3.444,3.439,3.442,3.446,3.447,3.452,3.446,3.889,3.892,3.896,3.903,3.902,3.899,3.889,-58.934,-756.000
3.446,3.443,3.448,3.446,3.444,3.443,3.444,3.897,3.894,3.892,3.892,3.898,3.895,3.898,-58.944,-755.000
3.444,3.441,3.445,3.435,3.441,3.447,3.445,3.898,3.897,3.898,3.893,3.896,3.901,3.899,-58.825,-754.000
3.451,3.445,3.447,3.443,3.444,3.448,3.447,3.898,3.895,3.900,3.904,3.901,3.899,3.904,-58.965,-753.000
3.441,3.444,3.445,3.444,3.452,3.449,3.443,3.894,3.898,3.897,3.902,3.901,3.894,3.896,-59.185,-752.000
3.439,3.448,3.447,3.443,3.441,3.447,3.443,3.897,3.894,3.897,3.894,3.899,3.894,3.898,-59.151,-751.000
3.445,3.444,3.444,3.445,3.444,3.448,3.446,3.899,3.896,3.897,3.901,3.893,3.897,3.893,-59.105,-750.000
3.444,3.444,3.445,3.442,3.440,3.442,3.445,3.894,3.897,3.896,3.888,3.896,3.891,3.894,-59.070,-749.000
3.443,3.441,3.444,3.445,3.445,3.442,3.440,3.900,3.896,3.897,3.894,3.890,3.887,3.895,-58.846,-748.000
3.438,3.452,3.443,3.444,3.437,3.447,3.444,3.898,3.897,3.895,3.896,3.899,3.897,3.894,-59.019,-747.000
3.447,3.439,3.447,3.444,3.443,3.441,3.448,3.898,3.898,3.893,3.891,3.893,3.896,3.888,-59.181,-746.000
3.446,3.443,3.444,3.441,3.441,3.444,3.447,3.897,3.893,3.889,3.891,3.895,3.898,3.890,-59.354,-745.000
3.438,3.441,3.445,3.445,3.445,3.447,3.442,3.893,3.891,3.895,3.891,3.893,3.890,3.891,-59.269,-744.000
3.443,3.437,3.438,3.444,3.442,3.440,3.448,3.895,3.891,3.896,3.897,3.896,3.896,3.892,-59.200,-743.000
3.446,3.443,3.439,3.437,3.440,3.441,3.438,3.894,3.896,3.896,3.897,3.901,3.897,3.900,-59.011,-742.000
3.439,3.442,3.444,3.444,3.440,3.440,3.447,3.897,3.894,3.893,3.897,3.891,3.895,3.895,-59.123,-741.000
3.446,3.447,3.441,3.440,3.443,3.441,3.439,3.900,3.894,3.899,3.892,3.890,3.897,3.895,-58.989,-740.000
3.442,3.440,3.439,3.440,3.439,3.437,3.442,3.892,3.898,3.892,3.898,3.896,3.893,3.892,-58.901,-739.000
3.437,3.439,3.444,3.443,3.445,3.438,3.443,3.894,3.894,3.886,3.895,3.899,3.893,3.891,-59.004,-738.000
3.437,3.435,3.440,3.441,3.439,3.438,3.439,3.892,3.894,3.891,3.893,3.891,3.891,3.890,-58.862,-737.000
3.437,3.439,3.442,3.438,3.443,3.440,3.442,3.897,3.894,3.890,3.897,3.896,3.899,3.888,-59.017,-736.000
3.440,3.444,3.442,3.438,3.437,3.441,3.442,3.888,3.889,3.890,3.894,3.893,3.894,3.889,-59.075,-735.000
3.440,3.443,3.443,3.448,3.441,3.444,3.450,3.898,3.896,3.900,3.896,3.897,3.896,3.900,-59.042,-734.000
3.439,3.444,3.442,3.446,3.438,3.444,3.449,3.894,3.895,3.898,3.901,3.896,3.900,3.899,-59.089,-733.000
3.445,3.447,3.444,3.442,3.448,3.449,3.441,3.904,3.896,3.901,3.900,3.899,3.895,3.900,-59.032,-732.000
3.451,3.443,3.442,3.449,3.447,3.447,3.450,3.896,3.892,3.898,3.897,3.897,3.891,3.900,-58.926,-731.000
3.439,3.443,3.446,3.446,3.440,3.445,3.444,3.898,3.901,3.898,3.904,3.889,3.894,3.902,-58.969,-730.000
3.440,3.440,3.441,3.447,3.445,3.442,3.446,3.896,3.893,3.897,3.900,3.892,3.897,3.900,-59.238,-729.000
3.439,3.440,3.448,3.443,3.443,3.435,3.444,3.897,3.898,3.897,3.898,3.904,3.898,3.895,-59.136,-728.000
3.442,3.439,3.437,3.441,3.440,3.442,3.445,3.900,3.900,3.895,3.902,3.896,3.900,3.895,-58.940,-727.000
3.448,3.442,3.447,3.448,3.437,3.446,3.449,3.895,3.900,3.898,3.899,3.894,3.897,3.900,-58.887,-726.000
3.447,3.442,3.435,3.446,3.437,3.446,3.443,3.900,3.904,3.902,3.901,3.901,3.896,3.893,-58.838,-725.000
3.439,3.441,3.442,3.444,3.442,3.440,3.441,3.893,3.898,3.898,3.896,3.895,3.897,3.899,-58.989,-724.000
3.442,3.440,3.444,3.443,3.446,3.442,3.441,3.897,3.893,3.894,3.901,3.897,3.895,3.899,-58.949,-723.000
3.440,3.442,3.442,3.446,3.444,3.438,3.439,3.898,3.896,3.896,3.895,3.895,3.899,3.896,-59.037,-722.000
3.443,3.442,3.445,3.442,3.441,3.443,3.441,3.894,3.896,3.904,3.896,3.904,3.902,3.895,-59.050,-721.000
3.453,3.441,3.446,3.447,3.442,3.446,3.443,3.898,3.905,3.901,3.904,3.897,3.895,3.900,-58.816,-720.000
3.445,3.442,3.442,3.444,3.443,3.441,3.441,3.901,3.904,3.902,3.896,3.904,3.897,3.895,-58.864,-719.000
3.449,3.444,3.443,3.445,3.448,3.444,3.443,3.900,3.905,3.904,3.901,3.894,3.895,3.901,-59.206,-718.000
3.443,3.443,3.444,3.442,3.446,3.438,3.445,3.909,3.904,3.905,3.899,3.900,3.895,3.898,-59.391,-717.000
3.444,3.443,3.440,3.440,3.441,3.440,3.445,3.897,3.898,3.899,3.898,3.900,3.900,3.905,-59.341,-716.000
3.448,3.445,3.442,3.447,3.442,3.437,3.445,3.899,3.904,3.897,3.904,3.901,3.896,3.900,-59.108,-715.000
3.448,3.442,3.440,3.439,3.450,3.437,3.439,3.901,3.899,3.900,3.895,3.900,3.901,3.900,-59.093,-714.000
3.445,3.443,3.442,3.436,3.448,3.450,3.446,3.903,3.898,3.893,3.897,3.900,3.899,3.907,-59.108,-713.000
3.443,3.442,3.440,3.439,3.444,3.439,3.444,3.896,3.903,3.903,3.900,3.907,3.901,3.899,-58.998,-712.000
3.442,3.444,3.444,3.440,3.442,3.447,3.438,3.897,3.897,3.903,3.900,3.898,3.904,3.899,-58.887,-711.000
3.439,3.444,3.440,3.439,3.438,3.443,3.443,3.901,3.902,3.898,3.901,3.894,3.904,3.902,-59.219,-710.000
3.439,3.440,3.434,3.439,3.445,3.442,3.436,3.904,3.904,3.897,3.898,3.904,3.898,3.899,-59.142,-709.000
3.438,3.445,3.442,3.441,3.439,3.442,3.440,3.904,3.903,3.899,3.902,3.903,3.903,3.902,-59.183,-708.000
3.439,3.431,3.441,3.438,3.442,3.436,3.442,3.903,3.906,3.898,3.899,3.903,3.900,3.908,-58.936,-707.000
3.438,3.442,3.440,3.439,3.440,3.440,3.443,3.911,3.905,3.902,3.905,3.900,3.895,3.901,-58.964,-706.000
3.435,3.434,3.444,3.441,3.442,3.436,3.441,3.902,3.900,3.900,3.900,3.900,3.903,3.904,-58.907,-705.000
3.439,3.436,3.441,3.440,3.440,3.441,3.441,3.904,3.902,3.904,3.898,3.899,3.900,3.904,-58.990,-704.000
3.437,3.434,3.438,3.436,3.439,3.441,3.445,3.891,3.898,3.899,3.903,3.898,3.896,3.905,-58.823,-703.000
3.435,3.436,3.438,3.436,3.440,3.432,3.438,3.900,3.898,3.898,3.891,3.901,3.899,3.899,-59.043,-702.000
3.445,3.439,3.438,3.439,3.435,3.442,3.436,3.900,3.899,3.903,3.897,3.901,3.900,3.900,-59.182,-701.000
3.437,3.439,3.433,3.434,3.438,3.441,3.439,3.894,3.901,3.893,3.904,3.903,3.900,3.897,-59.222,-700.000
3.438,3.432,3.440,3.437,3.444,3.443,3.442,3.900,3.897,3.905,3.900,3.904,3.896,3.904,-59.203,-699.000
3.441,3.437,3.439,3.436,3.437,3.435,3.443,3.900,3.899,3.902,3.899,3.904,3.902,3.904,-59.214,-698.000
3.438,3.442,3.446,3.440,3.439,3.438,3.431,3.902,3.904,3.904,3.900,3.893,3.900,3.895,-59.328,-697.000
3.440,3.434,3.435,3.435,3.436,3.439,3.436,3.899,3.897,3.894,3.898,3.897,3.903,3.900,-59.356,-696.000
3.440,3.437,3.440,3.437,3.440,3.441,3.431,3.898,3.897,3.901,3.906,3.902,3.903,3.901,-59.168,-695.000
3.436,3.439,3.439,3.433,3.439,3.438,3.444,3.900,3.899,3.896,3.902,3.899,3.900,3.903,-59.011,-694.000
3.440,3.444,3.438,3.443,3.439,3.442,3.433,3.897,3.907,3.898,3.908,3.902,3.896,3.909,-59.035,-693.000
3.435,3.439,3.439,3.444,3.438,3.437,3.440,3.902,3.902,3.904,3.904,3.898,3.898,3.902,-58.834,-692.000
3.438,3.440,3.443,3.441,3.435,3.441,3.439,3.904,3.899,3.902,3.897,3.905,3.899,3.899,-58.879,-691.000
3.437,3.436,3.438,3.439,3.440,3.436,3.443,3.905,3.897,3.899,3.901,3.902,3.901,3.904,-58.953,-690.000
3.435,3.437,3.433,3.441,3.445,3.441,3.437,3.898,3.899,3.901,3.900,3.907,3.898,3.903,-59.035,-689.000
3.440,3.436,3.440,3.442,3.444,3.439,3.442,3.899,3.901,3.900,3.902,3.898,3.902,3.900,-59.414,-688.000
3.441,3.438,3.441,3.435,3.440,3.435,3.441,3.901,3.900,3.908,3.904,3.905,3.897,3.908,-59.399,-687.000
3.433,3.443,3.433,3.439,3.438,3.440,3.439,3.903,3.898,3.905,3.905,3.904,3.904,3.907,-59.324,-686.000
3.437,3.430,3.442,3.436,3.440,3.437,3.441,3.904,3.894,3.903,3.906,3.902,3.899,3.907,-59.415,-685.000
3.443,3.435,3.439,3.439,3.439,3.430,3.436,3.899,3.902,3.904,3.905,3.901,3.903,3.899,-59.253,-684.000
3.440,3.435,3.433,3.436,3.438,3.432,3.439,3.904,3.904,3.898,3.903,3.906,3.899,3.908,-59.046,-683.000
3.440,3.441,3.437,3.445,3.441,3.438,3.438,3.904,3.898,3.905,3.903,3.903,3.900,3.905,-59.161,-682.000
3.437,3.437,3.443,3.438,3.439,3.440,3.439,3.902,3.907,3.902,3.901,3.899,3.902,3.908,-59.079,-681.000
3.438,3.442,3.433,3.436,3.434,3.435,3.431,3.900,3.899,3.908,3.902,3.897,3.901,3.904,-59.138,-680.000
3.440,3.438,3.441,3.433,3.434,3.436,3.436,3.902,3.902,3.901,3.907,3.903,3.903,3.904,-59.060,-679.000
3.439,3.435,3.442,3.441,3.442,3.441,3.439,3.908,3.904,3.901,3.908,3.904,3.907,3.901,-59.124,-678.000
3.438,3.436,3.441,3.436,3.435,3.436,3.434,3.903,3.903,3.907,3.904,3.905,3.905,3.907,-59.150,-677.000
3.441,3.440,3.435,3.445,3.442,3.444,3.441,3.905,3.903,3.903,3.903,3.903,3.905,3.909,-59.127,-676.000
3.438,3.443,3.434,3.439,3.439,3.440,3.435,3.904,3.906,3.905,3.901,3.907,3.906,3.904,-59.129,-675.000
3.445,3.441,3.439,3.437,3.441,3.436,3.445,3.905,3.908,3.904,3.910,3.909,3.913,3.902,-58.957,-674.000
3.438,3.436,3.444,3.434,3.441,3.434,3.441,3.908,3.905,3.906,3.905,3.905,3.909,3.909,-58.933,-673.000
3.438,3.438,3.439,3.436,3.437,3.436,3.440,3.906,3.902,3.904,3.903,3.910,3.907,3.907,-59.061,-672.000
3.436,3.431,3.438,3.433,3.442,3.440,3.434,3.908,3.906,3.902,3.907,3.902,3.900,3.904,-58.956,-671.000
3.436,3.435,3.433,3.439,3.435,3.431,3.437,3.900,3.904,3.904,3.900,3.902,3.909,3.910,-58.930,-670.000
3.434,3.433,3.433,3.437,3.440,3.437,3.438,3.909,3.904,3.897,3.907,3.901,3.902,3.903,-58.932,-669.000
3.433,3.439,3.433,3.430,3.432,3.431,3.433,3.897,3.901,3.901,3.901,3.890,3.897,3.904,-58.976,-668.000
3.433,3.437,3.430,3.433,3.436,3.440,3.436,3.905,3.899,3.900,3.905,3.905,3.901,3.904,-58.860,-667.000
3.431,3.432,3.431,3.433,3.432,3.433,3.441,3.902,3.903,3.903,3.900,3.904,3.900,3.901,-58.891,-666.000
3.432,3.437,3.436,3.434,3.437,3.442,3.433,3.898,3.903,3.901,3.899,3.899,3.897,3.889,-59.085,-665.000
3.435,3.434,3.430,3.439,3.439,3.430,3.432,3.894,3.901,3.903,3.897,3.904,3.901,3.901,-59.115,-664.000
3.433,3.432,3.437,3.432,3.433,3.437,3.435,3.890,3.900,3.903,3.897,3.899,3.903,3.907,-59.174,-663.000
3.435,3.436,3.435,3.433,3.434,3.428,3.432,3.893,3.905,3.895,3.904,3.897,3.903,3.903,-59.122,-662.000
3.437,3.439,3.442,3.436,3.436,3.440,3.441,3.901,3.907,3.898,3.904,3.903,3.903,3.905,-59.109,-661.000
3.440,3.440,3.434,3.437,3.438,3.434,3.439,3.898,3.905,3.901,3.901,3.898,3.895,3.899,-58.816,-660.000
3.435,3.439,3.436,3.431,3.438,3.440,3.442,3.906,3.905,3.908,3.896,3.896,3.903,3.901,-58.971,-659.000
3.440,3.433,3.442,3.436,3.444,3.433,3.436,3.904,3.904,3.906,3.903,3.904,3.902,3.903,-59.059,-658.000
3.434,3.434,3.436,3.440,3.439,3.438,3.435,3.902,3.901,3.901,3.894,3.898,3.899,3.896,-59.229,-657.000
3.438,3.433,3.437,3.441,3.435,3.437,3.435,3.903,3.902,3.904,3.902,3.900,3.896,3.899,-59.157,-656.000
3.438,3.435,3.437,3.436,3.436,3.432,3.436,3.903,3.903,3.902,3.898,3.909,3.904,3.903,-59.196,-655.000
3.436,3.440,3.438,3.434,3.434,3.439,3.445,3.904,3.899,3.899,3.897,3.894,3.893,3.900,-59.179,-654.000
3.439,3.438,3.440,3.439,3.432,3.440,3.438,3.906,3.903,3.901,3.896,3.897,3.901,3.901,-59.297,-653.000
3.436,3.436,3.442,3.437,3.436,3.438,3.444,3.905,3.904,3.903,3.902,3.904,3.898,3.900,-59.255,-652.000
3.445,3.438,3.439,3.438,3.438,3.434,3.441,3.902,3.903,3.900,3.900,3.905,3.898,3.902,-59.488,-651.000
3.436,3.436,3.437,3.442,3.437,3.436,3.439,3.906,3.904,3.911,3.903,3.907,3.901,3.903,-59.283,-650.000
3.441,3.443,3.440,3.433,3.432,3.438,3.438,3.903,3.904,3.900,3.897,3.895,3.904,3.904,-59.033,-649.000
3.442,3.440,3.446,3.441,3.436,3.438,3.444,3.900,3.904,3.906,3.900,3.906,3.900,3.904,-58.975,-648.000
3.436,3.439,3.440,3.430,3.437,3.437,3.434,3.894,3.906,3.907,3.898,3.900,3.901,3.905,-59.014,-647.000
3.434,3.434,3.443,3.441,3.445,3.436,3.438,3.900,3.903,3.903,3.904,3.902,3.898,3.900,-59.078,-646.000
3.436,3.436,3.438,3.440,3.441,3.440,3.440,3.893,3.903,3.904,3.903,3.904,3.899,3.899,-59.032,-645.000
3.447,3.440,3.438,3.432,3.435,3.432,3.436,3.902,3.904,3.903,3.904,3.899,3.908,3.903,-59.319,-644.000
3.430,3.434,3.432,3.439,3.438,3.436,3.434,3.896,3.899,3.906,3.904,3.895,3.902,3.902,-59.240,-643.000
3.438,3.434,3.437,3.428,3.442,3.434,3.440,3.902,3.900,3.903,3.902,3.901,3.904,3.904,-59.097,-642.000
3.432,3.441,3.438,3.439,3.433,3.435,3.439,3.902,3.903,3.909,3.903,3.904,3.897,3.899,-59.121,-641.000
3.436,3.437,3.434,3.437,3.440,3.437,3.435,3.904,3.899,3.905,3.900,3.905,3.905,3.906,-58.965,-640.000
3.435,3.441,3.434,3.438,3.434,3.439,3.433,3.903,3.903,3.905,3.901,3.899,3.898,3.903,-58.952,-639.000
3.441,3.439,3.432,3.437,3.438,3.440,3.438,3.900,3.903,3.905,3.905,3.900,3.898,3.903,-58.982,-638.000
3.433,3.435,3.437,3.436,3.432,3.432,3.437,3.899,3.907,3.905,3.905,3.899,3.900,3.903,-59.125,-637.000
3.436,3.435,3.434,3.431,3.434,3.431,3.437,3.906,3.907,3.900,3.901,3.896,3.904,3.906,-59.096,-636.000
3.435,3.428,3.431,3.435,3.429,3.440,3.432,3.905,3.905,3.908,3.901,3.904,3.902,3.902,-59.277,-635.000
3.432,3.435,3.434,3.432,3.431,3.436,3.434,3.903,3.904,3.903,3.902,3.905,3.899,3.906,-59.158,-634.000
3.426,3.426,3.433,3.434,3.430,3.439,3.436,3.901,3.909,3.907,3.897,3.904,3.903,3.904,-59.154,-633.000
3.434,3.440,3.439,3.435,3.432,3.431,3.428,3.908,3.907,3.904,3.905,3.908,3.905,3.902,-59.062,-632.000
3.436,3.431,3.427,3.432,3.430,3.433,3.433,3.907,3.907,3.904,3.907,3.904,3.908,3.905,-59.114,-631.000
3.437,3.434,3.437,3.435,3.435,3.430,3.431,3.906,3.903,3.908,3.904,3.910,3.908,3.901,-59.109,-630.000
3.429,3.438,3.429,3.432,3.432,3.432,3.428,3.902,3.906,3.903,3.900,3.908,3.904,3.903,-58.997,-629.000
3.429,3.433,3.430,3.437,3.429,3.438,3.431,3.908,3.911,3.906,3.903,3.906,3.903,3.903,-59.009,-628.000
3.433,3.430,3.429,3.428,3.423,3.425,3.435,3.902,3.900,3.904,3.903,3.904,3.903,3.908,-58.971,-627.000
3.430,3.429,3.436,3.438,3.428,3.433,3.432,3.904,3.900,3.898,3.901,3.907,3.904,3.903,-59.224,-626.000
3.434,3.429,3.439,3.429,3.434,3.430,3.436,3.903,3.908,3.898,3.909,3.902,3.908,3.902,-59.156,-625.000
3.433,3.433,3.431,3.424,3.432,3.432,3.427,3.899,3.897,3.900,3.897,3.901,3.901,3.898,-59.080,-624.000
3.433,3.432,3.439,3.428,3.436,3.428,3.430,3.903,3.902,3.907,3.905,3.904,3.903,3.901,-58.977,-623.000
3.434,3.430,3.434,3.434,3.429,3.434,3.429,3.904,3.903,3.899,3.903,3.899,3.899,3.897,-58.995,-622.000
3.432,3.429,3.438,3.433,3.433,3.431,3.432,3.896,3.895,3.901,3.903,3.902,3.898,3.901,-59.137,-621.000
3.435,3.429,3.436,3.435,3.433,3.435,3.437,3.895,3.898,3.901,3.898,3.896,3.898,3.903,-59.252,-620.000
3.433,3.437,3.436,3.434,3.427,3.435,3.441,3.904,3.903,3.901,3.892,3.900,3.898,3.902,-59.035,-619.000
3.433,3.433,3.431,3.433,3.433,3.437,3.434,3.902,3.899,3.906,3.903,3.897,3.902,3.903,-59.109,-618.000
3.438,3.435,3.436,3.432,3.433,3.441,3.435,3.904,3.902,3.901,3.901,3.902,3.902,3.901,-59.017,-617.000
3.434,3.433,3.437,3.438,3.443,3.437,3.437,3.899,3.905,3.904,3.903,3.905,3.895,3.902,-58.873,-616.000
3.437,3.431,3.430,3.443,3.434,3.439,3.437,3.904,3.898,3.899,3.901,3.904,3.904,3.899,-58.911,-615.000
3.437,3.436,3.436,3.441,3.435,3.441,3.437,3.905,3.899,3.896,3.901,3.901,3.899,3.900,-59.111,-614.000
3.435,3.443,3.437,3.445,3.441,3.441,3.440,3.900,3.899,3.902,3.900,3.904,3.902,3.897,-59.093,-613.000
3.434,3.441,3.440,3.441,3.438,3.436,3.440,3.903,3.902,3.903,3.901,3.906,3.908,3.899,-58.908,-612.000
3.445,3.439,3.442,3.440,3.439,3.443,3.439,3.901,3.899,3.907,3.909,3.908,3.904,3.907,-58.044,-611.000
3.439,3.435,3.439,3.443,3.438,3.439,3.444,3.901,3.902,3.896,3.902,3.902,3.906,3.902,-57.409,-610.000
3.438,3.443,3.444,3.441,3.445,3.443,3.440,3.901,3.903,3.901,3.906,3.904,3.908,3.904,-57.004,-609.000
3.446,3.438,3.441,3.442,3.436,3.445,3.448,3.911,3.906,3.903,3.902,3.900,3.902,3.903,-57.185,-608.000
3.441,3.442,3.440,3.440,3.446,3.438,3.441,3.903,3.901,3.904,3.904,3.898,3.897,3.904,-57.883,-607.000
3.443,3.441,3.453,3.441,3.436,3.440,3.445,3.899,3.906,3.906,3.901,3.901,3.902,3.905,-58.250,-606.000
3.445,3.437,3.442,3.447,3.435,3.444,3.444,3.901,3.903,3.904,3.900,3.899,3.907,3.906,-58.590,-605.000
3.438,3.445,3.440,3.444,3.443,3.443,3.442,3.902,3.907,3.906,3.900,3.906,3.905,3.902,-58.829,-604.000
3.438,3.444,3.439,3.444,3.438,3.445,3.439,3.902,3.897,3.904,3.906,3.901,3.901,3.899,-58.673,-603.000
3.435,3.448,3.442,3.438,3.446,3.442,3.448,3.897,3.895,3.902,3.900,3.902,3.901,3.903,-58.712,-602.000
3.443,3.438,3.441,3.435,3.443,3.445,3.437,3.900,3.901,3.901,3.905,3.901,3.903,3.911,-58.752,-601.000
3.440,3.441,3.435,3.436,3.437,3.440,3.437,3.901,3.897,3.897,3.901,3.903,3.897,3.899,-58.642,-600.000
3.436,3.436,3.434,3.435,3.444,3.445,3.443,3.899,3.894,3.901,3.898,3.896,3.894,3.901,-58.670,-599.000
3.440,3.437,3.441,3.442,3.438,3.433,3.436,3.899,3.900,3.895,3.898,3.897,3.895,3.894,-58.676,-598.000
3.439,3.443,3.431,3.435,3.431,3.433,3.436,3.894,3.899,3.892,3.896,3.889,3.892,3.903,-58.811,-597.000
3.430,3.435,3.432,3.436,3.432,3.441,3.434,3.897,3.899,3.897,3.891,3.893,3.893,3.896,-58.817,-596.000
3.436,3.433,3.439,3.434,3.435,3.435,3.439,3.896,3.895,3.895,3.902,3.895,3.899,3.893,-58.969,-595.000
3.438,3.436,3.444,3.437,3.441,3.434,3.440,3.896,3.897,3.899,3.896,3.894,3.895,3.900,-59.144,-594.000
3.440,3.439,3.441,3.442,3.444,3.439,3.436,3.896,3.901,3.894,3.903,3.901,3.900,3.900,-59.124,-593.000
3.444,3.435,3.441,3.436,3.444,3.437,3.439,3.891,3.895,3.895,3.897,3.895,3.893,3.900,-58.888,-592.000
3.436,3.443,3.434,3.438,3.438,3.440,3.443,3.898,3.894,3.901,3.898,3.899,3.899,3.904,-58.929,-591.000
3.443,3.440,3.442,3.438,3.444,3.446,3.444,3.896,3.900,3.898,3.901,3.895,3.904,3.904,-58.884,-590.000
3.440,3.441,3.443,3.442,3.441,3.443,3.440,3.897,3.897,3.896,3.896,3.900,3.900,3.900,-59.220,-589.000
3.437,3.438,3.443,3.437,3.437,3.439,3.439,3.901,3.898,3.898,3.895,3.905,3.898,3.901,-59.052,-588.000
3.435,3.442,3.441,3.436,3.433,3.436,3.442,3.900,3.902,3.899,3.897,3.897,3.899,3.894,-58.942,-587.000
3.437,3.439,3.439,3.442,3.442,3.440,3.445,3.896,3.901,3.898,3.902,3.899,3.900,3.898,-59.010,-586.000
3.441,3.437,3.442,3.437,3.440,3.438,3.441,3.901,3.898,3.902,3.900,3.899,3.901,3.900,-58.943,-585.000
3.435,3.438,3.438,3.441,3.436,3.439,3.441,3.899,3.899,3.902,3.901,3.903,3.906,3.903,-58.751,-584.000
3.436,3.444,3.438,3.446,3.440,3.444,3.441,3.901,3.900,3.898,3.897,3.895,3.900,3.900,-58.905,-583.000
3.440,3.440,3.441,3.436,3.440,3.438,3.448,3.890,3.900,3.899,3.902,3.896,3.903,3.906,-58.804,-582.000
3.437,3.445,3.439,3.438,3.439,3.438,3.437,3.896,3.898,3.894,3.894,3.895,3.899,3.903,-58.858,-581.000
3.438,3.434,3.441,3.443,3.442,3.443,3.440,3.894,3.895,3.895,3.898,3.897,3.898,3.895,-59.178,-580.000
3.444,3.440,3.443,3.445,3.442,3.439,3.440,3.899,3.896,3.897,3.901,3.902,3.900,3.898,-59.046,-579.000
3.436,3.439,3.443,3.445,3.442,3.440,3.440,3.896,3.897,3.897,3.899,3.904,3.898,3.900,-59.224,-578.000
3.440,3.441,3.439,3.438,3.442,3.441,3.439,3.901,3.895,3.891,3.892,3.894,3.889,3.891,-59.342,-577.000
3.433,3.439,3.434,3.434,3.438,3.442,3.441,3.898,3.897,3.900,3.897,3.896,3.894,3.894,-59.243,-576.000
3.438,3.439,3.437,3.441,3.441,3.443,3.438,3.895,3.894,3.898,3.896,3.900,3.900,3.900,-59.305,-575.000
3.436,3.433,3.438,3.435,3.440,3.445,3.438,3.895,3.893,3.897,3.897,3.900,3.896,3.894,-59.145,-574.000
3.437,3.434,3.446,3.440,3.441,3.445,3.440,3.892,3.899,3.895,3.909,3.895,3.896,3.899,-59.386,-573.000
3.441,3.442,3.444,3.442,3.440,3.439,3.438,3.904,3.902,3.895,3.899,3.904,3.899,3.901,-59.309,-572.000
3.437,3.440,3.445,3.440,3.440,3.445,3.445,3.901,3.901,3.902,3.899,3.904,3.899,3.899,-58.946,-571.000
3.439,3.438,3.443,3.442,3.442,3.444,3.441,3.898,3.900,3.903,3.900,3.903,3.899,3.902,-58.934,-570.000
3.443,3.439,3.448,3.452,3.446,3.443,3.442,3.893,3.900,3.898,3.901,3.903,3.903,3.904,-59.122,-569.000
3.443,3.450,3.448,3.449,3.440,3.446,3.443,3.905,3.905,3.901,3.910,3.907,3.903,3.899,-58.986,-568.000
3.439,3.448,3.447,3.446,3.445,3.445,3.442,3.903,3.903,3.905,3.902,3.895,3.901,3.904,-58.999,-567.000
3.444,3.446,3.446,3.444,3.444,3.442,3.449,3.905,3.907,3.903,3.901,3.901,3.907,3.907,-59.087,-566.000
3.452,3.445,3.452,3.454,3.449,3.451,3.448,3.901,3.906,3.899,3.906,3.900,3.904,3.900,-59.024,-565.000
3.444,3.447,3.448,3.449,3.444,3.453,3.445,3.901,3.905,3.905,3.901,3.905,3.904,3.904,-58.921,-564.000
3.438,3.438,3.443,3.446,3.443,3.441,3.442,3.904,3.907,3.902,3.905,3.905,3.900,3.907,-59.120,-563.000
3.451,3.443,3.447,3.442,3.445,3.447,3.446,3.903,3.904,3.901,3.899,3.901,3.903,3.904,-58.930,-562.000
3.449,3.441,3.453,3.440,3.449,3.436,3.442,3.900,3.900,3.904,3.897,3.901,3.908,3.898,-58.891,-561.000
3.447,3.442,3.443,3.442,3.449,3.444,3.447,3.904,3.906,3.901,3.899,3.898,3.908,3.906,-59.027,-560.000
3.442,3.442,3.448,3.445,3.447,3.445,3.450,3.899,3.902,3.893,3.895,3.906,3.899,3.910,-59.110,-559.000
3.442,3.443,3.442,3.446,3.440,3.443,3.443,3.905,3.905,3.902,3.901,3.904,3.902,3.907,-59.025,-558.000
3.445,3.443,3.446,3.445,3.444,3.446,3.446,3.897,3.904,3.903,3.902,3.898,3.902,3.899,-59.065,-557.000
3.444,3.440,3.444,3.442,3.445,3.443,3.442,3.898,3.904,3.901,3.898,3.902,3.901,3.898,-59.098,-556.000
3.445,3.444,3.436,3.439,3.443,3.445,3.443,3.901,3.897,3.899,3.893,3.899,3.899,3.898,-59.101,-555.000
3.440,3.445,3.443,3.441,3.440,3.439,3.443,3.893,3.899,3.895,3.892,3.898,3.894,3.900,-59.082,-554.000
3.444,3.445,3.444,3.436,3.438,3.438,3.438,3.893,3.896,3.895,3.897,3.900,3.895,3.898,-59.080,-553.000
3.441,3.440,3.441,3.442,3.441,3.443,3.443,3.896,3.892,3.896,3.887,3.882,3.896,3.892,-58.829,-552.000
3.447,3.450,3.439,3.449,3.440,3.441,3.434,3.891,3.894,3.895,3.896,3.889,3.897,3.891,-58.946,-551.000
3.444,3.447,3.440,3.441,3.442,3.448,3.440,3.890,3.890,3.891,3.895,3.896,3.895,3.889,-58.979,-550.000
3.444,3.444,3.449,3.445,3.443,3.446,3.447,3.894,3.899,3.894,3.896,3.901,3.904,3.899,-59.102,-549.000
3.452,3.449,3.447,3.445,3.447,3.446,3.444,3.905,3.902,3.904,3.895,3.898,3.899,3.896,-59.281,-548.000
3.452,3.446,3.448,3.438,3.449,3.441,3.449,3.901,3.905,3.900,3.900,3.901,3.902,3.901,-59.153,-547.000
3.449,3.450,3.448,3.451,3.442,3.446,3.449,3.903,3.899,3.902,3.901,3.895,3.899,3.897,-59.274,-546.000
3.447,3.448,3.446,3.441,3.446,3.444,3.443,3.903,3.901,3.897,3.898,3.899,3.891,3.900,-59.058,-545.000
3.449,3.445,3.446,3.449,3.449,3.444,3.445,3.900,3.895,3.897,3.893,3.892,3.897,3.899,-59.088,-544.000
3.444,3.443,3.440,3.447,3.448,3.446,3.445,3.904,3.902,3.897,3.902,3.903,3.905,3.901,-58.978,-543.000
3.447,3.446,3.447,3.447,3.447,3.444,3.448,3.898,3.899,3.892,3.895,3.893,3.893,3.897,-59.355,-542.000
3.445,3.452,3.439,3.444,3.446,3.442,3.440,3.892,3.896,3.896,3.892,3.900,3.904,3.899,-59.071,-541.000
3.445,3.449,3.449,3.454,3.440,3.449,3.443,3.900,3.894,3.892,3.902,3.902,3.896,3.895,-59.127,-540.000
3.450,3.443,3.452,3.446,3.449,3.446,3.453,3.902,3.894,3.898,3.893,3.902,3.902,3.896,-59.109,-539.000
3.443,3.449,3.453,3.448,3.442,3.449,3.447,3.904,3.895,3.901,3.903,3.895,3.898,3.898,-58.850,-538.000
3.454,3.446,3.449,3.446,3.453,3.447,3.446,3.891,3.902,3.897,3.895,3.898,3.900,3.903,-58.762,-537.000
3.449,3.441,3.456,3.444,3.447,3.446,3.445,3.897,3.904,3.905,3.905,3.904,3.903,3.902,-58.710,-536.000
3.450,3.446,3.449,3.447,3.448,3.444,3.452,3.897,3.901,3.902,3.906,3.903,3.893,3.900,-58.824,-535.000
3.444,3.446,3.444,3.451,3.440,3.446,3.446,3.896,3.895,3.901,3.898,3.899,3.893,3.897,-58.776,-534.000
3.445,3.446,3.448,3.445,3.445,3.445,3.449,3.898,3.902,3.899,3.897,3.905,3.898,3.898,-58.713,-533.000
3.442,3.447,3.448,3.447,3.448,3.450,3.449,3.897,3.898,3.896,3.892,3.902,3.903,3.893,-58.810,-532.000
3.449,3.448,3.440,3.447,3.446,3.449,3.452,3.895,3.894,3.899,3.899,3.896,3.897,3.898,-59.028,-531.000
3.452,3.447,3.444,3.451,3.448,3.449,3.444,3.897,3.895,3.898,3.897,3.895,3.899,3.895,-59.068,-530.000
3.447,3.447,3.454,3.450,3.450,3.451,3.457,3.903,3.900,3.897,3.901,3.895,3.898,3.899,-59.072,-529.000
3.458,3.453,3.454,3.454,3.455,3.451,3.451,3.899,3.901,3.899,3.898,3.902,3.901,3.901,-58.865,-528.000
3.457,3.451,3.450,3.448,3.445,3.456,3.453,3.904,3.905,3.896,3.899,3.899,3.900,3.901,-58.808,-527.000
3.442,3.454,3.448,3.450,3.452,3.450,3.448,3.901,3.902,3.903,3.904,3.901,3.903,3.903,-58.921,-526.000
3.448,3.447,3.453,3.455,3.448,3.454,3.452,3.896,3.903,3.905,3.905,3.901,3.901,3.901,-59.023,-525.000
3.450,3.454,3.450,3.453,3.450,3.452,3.457,3.903,3.902,3.897,3.898,3.901,3.899,3.903,-59.161,-524.000
3.451,3.448,3.450,3.454,3.452,3.453,3.451,3.905,3.904,3.903,3.895,3.892,3.898,3.901,-59.182,-523.000
3.453,3.452,3.451,3.450,3.452,3.457,3.455,3.900,3.898,3.898,3.902,3.903,3.903,3.906,-59.324,-522.000
3.447,3.449,3.447,3.455,3.456,3.457,3.453,3.902,3.901,3.898,3.899,3.904,3.903,3.899,-59.017,-521.000
3.456,3.452,3.451,3.451,3.455,3.455,3.456,3.897,3.897,3.899,3.897,3.899,3.898,3.896,-58.939,-520.000
3.449,3.456,3.453,3.455,3.449,3.456,3.452,3.904,3.903,3.903,3.899,3.906,3.903,3.900,-58.787,-519.000
3.454,3.450,3.452,3.452,3.453,3.448,3.452,3.902,3.903,3.903,3.906,3.908,3.900,3.905,-58.973,-518.000
3.454,3.452,3.452,3.452,3.448,3.449,3.451,3.900,3.901,3.904,3.902,3.891,3.896,3.898,-59.101,-517.000
3.449,3.453,3.458,3.452,3.452,3.452,3.449,3.900,3.899,3.903,3.900,3.898,3.898,3.893,-58.784,-516.000
3.455,3.454,3.455,3.452,3.454,3.449,3.450,3.901,3.903,3.905,3.900,3.902,3.902,3.903,-58.693,-515.000
3.455,3.458,3.453,3.458,3.452,3.455,3.448,3.901,3.904,3.899,3.903,3.914,3.901,3.908,-58.612,-514.000
3.456,3.451,3.451,3.450,3.456,3.455,3.456,3.907,3.899,3.901,3.911,3.896,3.897,3.911,-58.711,-513.000
3.459,3.461,3.461,3.459,3.456,3.458,3.460,3.910,3.905,3.904,3.902,3.910,3.904,3.905,-58.726,-512.000
3.465,3.456,3.460,3.453,3.459,3.452,3.457,3.904,3.909,3.902,3.902,3.908,3.896,3.910,-58.794,-511.000
3.456,3.453,3.456,3.456,3.455,3.458,3.457,3.906,3.906,3.902,3.909,3.905,3.907,3.902,-58.833,-510.000
3.459,3.456,3.452,3.459,3.452,3.451,3.459,3.906,3.903,3.906,3.903,3.902,3.905,3.902,-58.811,-509.000
3.451,3.452,3.453,3.452,3.453,3.453,3.457,3.896,3.900,3.911,3.899,3.905,3.901,3.901,-59.207,-508.000
3.451,3.453,3.453,3.453,3.452,3.456,3.456,3.899,3.896,3.909,3.895,3.896,3.897,3.903,-58.645,-507.000
3.453,3.452,3.452,3.455,3.454,3.451,3.454,3.898,3.896,3.894,3.903,3.904,3.897,3.902,-57.519,-506.000
3.456,3.449,3.451,3.448,3.451,3.455,3.453,3.902,3.899,3.903,3.902,3.902,3.898,3.902,-57.346,-505.000
3.449,3.457,3.453,3.453,3.444,3.453,3.451,3.898,3.897,3.899,3.898,3.902,3.899,3.898,-57.686,-504.000
3.460,3.453,3.454,3.448,3.454,3.446,3.454,3.896,3.897,3.900,3.901,3.898,3.895,3.893,-57.949,-503.000
3.453,3.455,3.452,3.447,3.448,3.452,3.453,3.899,3.898,3.903,3.900,3.898,3.894,3.896,-58.169,-502.000
3.452,3.447,3.451,3.448,3.452,3.450,3.454,3.898,3.902,3.897,3.900,3.906,3.903,3.905,-58.278,-501.000
3.456,3.451,3.451,3.452,3.449,3.452,3.450,3.898,3.891,3.900,3.898,3.895,3.896,3.898,-58.671,-500.000
3.451,3.455,3.454,3.453,3.448,3.456,3.452,3.898,3.896,3.895,3.896,3.900,3.897,3.897,-58.761,-499.000
3.456,3.456,3.449,3.454,3.450,3.451,3.451,3.896,3.897,3.898,3.897,3.897,3.899,3.899,-58.617,-498.000
3.451,3.455,3.448,3.450,3.455,3.452,3.452,3.902,3.902,3.904,3.899,3.898,3.898,3.898,-58.533,-497.000
3.454,3.451,3.458,3.454,3.449,3.457,3.452,3.902,3.901,3.901,3.899,3.899,3.902,3.898,-58.681,-496.000
3.458,3.458,3.453,3.452,3.454,3.458,3.459,3.900,3.899,3.905,3.905,3.901,3.904,3.902,-58.737,-495.000
3.457,3.455,3.459,3.455,3.458,3.457,3.452,3.901,3.899,3.903,3.897,3.905,3.907,3.909,-58.665,-494.000
3.455,3.450,3.459,3.455,3.452,3.458,3.459,3.896,3.901,3.900,3.909,3.904,3.903,3.904,-58.972,-493.000
3.461,3.456,3.458,3.456,3.458,3.455,3.457,3.901,3.903,3.904,3.901,3.900,3.898,3.904,-59.005,-492.000
3.454,3.451,3.457,3.454,3.454,3.458,3.457,3.900,3.901,3.901,3.904,3.899,3.897,3.902,-59.068,-491.000
3.453,3.456,3.458,3.452,3.451,3.458,3.456,3.899,3.893,3.901,3.901,3.904,3.902,3.909,-58.996,-490.000
3.454,3.453,3.449,3.450,3.456,3.451,3.454,3.904,3.902,3.901,3.895,3.909,3.897,3.903,-59.155,-489.000
3.455,3.456,3.456,3.457,3.455,3.460,3.457,3.894,3.897,3.896,3.903,3.897,3.896,3.895,-59.298,-488.000
3.458,3.460,3.452,3.455,3.453,3.452,3.452,3.895,3.903,3.899,3.900,3.905,3.900,3.898,-59.232,-487.000
3.456,3.455,3.456,3.459,3.452,3.454,3.458,3.901,3.903,3.899,3.904,3.904,3.898,3.898,-59.262,-486.000
3.454,3.460,3.453,3.454,3.452,3.458,3.455,3.903,3.901,3.903,3.901,3.902,3.902,3.902,-59.194,-485.000
3.455,3.451,3.459,3.458,3.453,3.456,3.456,3.900,3.895,3.898,3.903,3.905,3.904,3.901,-59.041,-484.000
3.455,3.456,3.459,3.457,3.457,3.457,3.452,3.898,3.898,3.904,3.896,3.902,3.895,3.898,-58.763,-483.000
3.457,3.454,3.456,3.461,3.456,3.454,3.451,3.907,3.903,3.906,3.901,3.896,3.893,3.896,-58.849,-482.000
3.452,3.463,3.456,3.454,3.455,3.461,3.454,3.895,3.900,3.895,3.897,3.896,3.896,3.899,-58.994,-481.000
3.457,3.454,3.454,3.451,3.455,3.455,3.460,3.897,3.897,3.897,3.899,3.901,3.898,3.901,-59.011,-480.000
3.453,3.452,3.454,3.452,3.457,3.452,3.455,3.901,3.897,3.896,3.898,3.897,3.900,3.903,-59.176,-479.000
3.453,3.456,3.454,3.457,3.451,3.455,3.459,3.892,3.898,3.895,3.897,3.895,3.902,3.900,-59.136,-478.000
3.459,3.457,3.456,3.458,3.458,3.452,3.455,3.896,3.903,3.901,3.896,3.901,3.898,3.902,-59.080,-477.000
3.454,3.458,3.458,3.454,3.455,3.454,3.450,3.901,3.897,3.900,3.901,3.901,3.899,3.908,-59.355,-476.000
3.463,3.460,3.456,3.464,3.458,3.456,3.461,3.898,3.898,3.903,3.901,3.901,3.899,3.902,-59.246,-475.000
3.460,3.463,3.455,3.456,3.459,3.458,3.458,3.901,3.898,3.902,3.899,3.902,3.897,3.902,-59.241,-474.000
3.458,3.465,3.460,3.465,3.462,3.468,3.462,3.897,3.897,3.898,3.895,3.900,3.906,3.902,-59.392,-473.000
3.464,3.459,3.460,3.458,3.462,3.458,3.460,3.902,3.895,3.895,3.900,3.908,3.900,3.905,-59.200,-472.000
3.467,3.461,3.471,3.464,3.460,3.456,3.463,3.897,3.899,3.900,3.903,3.900,3.908,3.899,-59.241,-471.000
3.461,3.459,3.464,3.468,3.458,3.458,3.456,3.902,3.900,3.901,3.898,3.903,3.904,3.900,-59.158,-470.000
3.464,3.461,3.458,3.464,3.461,3.458,3.458,3.894,3.903,3.900,3.906,3.905,3.898,3.903,-59.008,-469.000
3.464,3.461,3.461,3.459,3.454,3.462,3.463,3.903,3.900,3.909,3.900,3.901,3.897,3.896,-59.109,-468.000
3.459,3.458,3.467,3.466,3.458,3.459,3.463,3.899,3.904,3.904,3.901,3.908,3.904,3.906,-59.089,-467.000
3.460,3.464,3.462,3.460,3.457,3.461,3.463,3.900,3.899,3.898,3.896,3.897,3.903,3.899,-58.980,-466.000
3.462,3.465,3.463,3.461,3.459,3.457,3.466,3.902,3.900,3.901,3.898,3.900,3.897,3.900,-58.828,-465.000
3.460,3.461,3.460,3.463,3.463,3.458,3.466,3.905,3.901,3.903,3.896,3.900,3.902,3.894,-58.994,-464.000
3.459,3.462,3.456,3.460,3.460,3.458,3.460,3.898,3.898,3.894,3.904,3.904,3.903,3.899,-59.028,-463.000
3.462,3.455,3.459,3.458,3.460,3.458,3.456,3.903,3.899,3.899,3.901,3.902,3.901,3.899,-59.061,-462.000
3.462,3.465,3.458,3.458,3.458,3.456,3.460,3.904,3.903,3.901,3.902,3.900,3.897,3.900,-59.040,-461.000
3.456,3.456,3.460,3.457,3.459,3.462,3.459,3.900,3.900,3.894,3.899,3.897,3.897,3.899,-58.992,-460.000
3.463,3.461,3.458,3.466,3.459,3.459,3.457,3.894,3.891,3.898,3.897,3.897,3.898,3.904,-59.071,-459.000
3.460,3.462,3.455,3.461,3.459,3.460,3.463,3.890,3.898,3.898,3.896,3.905,3.902,3.903,-59.095,-458.000
3.458,3.462,3.463,3.462,3.461,3.460,3.461,3.898,3.898,3.899,3.900,3.901,3.901,3.896,-58.883,-457.000
3.459,3.459,3.461,3.464,3.467,3.458,3.458,3.897,3.896,3.903,3.899,3.898,3.901,3.897,-58.665,-456.000
3.463,3.460,3.467,3.461,3.462,3.465,3.467,3.895,3.895,3.895,3.898,3.891,3.898,3.901,-59.205,-455.000
3.461,3.465,3.462,3.459,3.463,3.458,3.461,3.900,3.899,3.901,3.904,3.905,3.902,3.897,-59.262,-454.000
3.463,3.460,3.460,3.463,3.463,3.459,3.462,3.902,3.907,3.899,3.887,3.897,3.897,3.897,-59.316,-453.000
3.462,3.464,3.459,3.465,3.462,3.463,3.462,3.898,3.900,3.898,3.894,3.900,3.896,3.900,-59.188,-452.000
3.463,3.458,3.459,3.467,3.459,3.459,3.467,3.898,3.896,3.898,3.896,3.896,3.894,3.897,-59.053,-451.000
3.466,3.461,3.466,3.460,3.465,3.467,3.469,3.898,3.890,3.899,3.898,3.894,3.895,3.896,-59.101,-450.000
3.457,3.462,3.470,3.473,3.464,3.463,3.470,3.902,3.900,3.901,3.898,3.896,3.899,3.896,-59.178,-449.000
3.466,3.468,3.461,3.463,3.462,3.462,3.464,3.899,3.893,3.899,3.899,3.896,3.892,3.898,-59.468,-448.000
3.462,3.465,3.463,3.461,3.469,3.461,3.468,3.896,3.896,3.895,3.893,3.897,3.899,3.897,-59.432,-447.000
3.460,3.465,3.465,3.461,3.465,3.470,3.466,3.894,3.893,3.897,3.895,3.898,3.895,3.899,-59.398,-446.000
3.465,3.470,3.471,3.465,3.465,3.458,3.470,3.896,3.897,3.896,3.900,3.897,3.896,3.903,-59.271,-445.000
3.471,3.468,3.467,3.469,3.469,3.468,3.470,3.901,3.900,3.897,3.899,3.900,3.900,3.897,-58.864,-444.000
3.469,3.462,3.475,3.468,3.469,3.466,3.467,3.901,3.896,3.899,3.900,3.903,3.894,3.892,-59.068,-443.000
3.465,3.465,3.465,3.464,3.467,3.461,3.465,3.901,3.899,3.895,3.899,3.896,3.894,3.896,-58.967,-442.000
3.465,3.471,3.467,3.465,3.469,3.469,3.470,3.900,3.897,3.896,3.900,3.902,3.901,3.901,-59.131,-441.000
3.472,3.464,3.470,3.466,3.464,3.464,3.470,3.901,3.896,3.900,3.898,3.896,3.900,3.898,-59.151,-440.000
3.467,3.467,3.464,3.463,3.465,3.463,3.463,3.896,3.899,3.902,3.897,3.904,3.900,3.904,-58.982,-439.000
3.469,3.470,3.464,3.469,3.467,3.470,3.471,3.895,3.900,3.896,3.897,3.893,3.897,3.896,-58.884,-438.000
3.466,3.470,3.469,3.474,3.467,3.473,3.462,3.894,3.895,3.897,3.898,3.892,3.895,3.896,-58.807,-437.000
3.466,3.471,3.466,3.469,3.467,3.470,3.468,3.904,3.894,3.900,3.900,3.896,3.900,3.897,-58.840,-436.000
3.467,3.467,3.467,3.470,3.466,3.467,3.471,3.897,3.890,3.898,3.893,3.894,3.901,3.895,-58.881,-435.000
3.468,3.471,3.474,3.472,3.471,3.469,3.464,3.891,3.895,3.896,3.895,3.899,3.895,3.895,-58.916,-434.000
3.467,3.470,3.472,3.467,3.469,3.465,3.472,3.897,3.896,3.894,3.896,3.893,3.891,3.896,-58.989,-433.000
3.468,3.472,3.472,3.474,3.473,3.473,3.474,3.895,3.893,3.893,3.903,3.901,3.902,3.898,-58.880,-432.000
3.475,3.470,3.474,3.472,3.469,3.475,3.469,3.899,3.898,3.898,3.894,3.893,3.895,3.894,-58.903,-431.000
3.469,3.469,3.474,3.467,3.470,3.472,3.471,3.900,3.900,3.893,3.901,3.894,3.899,3.903,-58.877,-430.000
3.468,3.470,3.465,3.468,3.471,3.475,3.473,3.897,3.901,3.896,3.893,3.899,3.901,3.895,-59.278,-429.000
3.480,3.470,3.474,3.475,3.472,3.468,3.473,3.901,3.894,3.894,3.901,3.894,3.901,3.898,-58.967,-428.000
3.469,3.475,3.472,3.469,3.470,3.468,3.472,3.892,3.895,3.897,3.904,3.897,3.895,3.894,-59.153,-427.000
3.475,3.476,3.475,3.469,3.473,3.475,3.478,3.890,3.899,3.899,3.895,3.897,3.901,3.900,-59.413,-426.000
3.473,3.468,3.472,3.472,3.472,3.470,3.479,3.894,3.901,3.900,3.893,3.898,3.895,3.891,-59.130,-425.000
3.472,3.473,3.472,3.472,3.474,3.477,3.470,3.892,3.889,3.891,3.894,3.897,3.893,3.891,-59.253,-424.000
3.470,3.475,3.474,3.470,3.474,3.470,3.465,3.892,3.899,3.893,3.893,3.898,3.897,3.894,-58.975,-423.000
3.472,3.471,3.475,3.474,3.472,3.472,3.471,3.898,3.896,3.894,3.892,3.895,3.888,3.892,-58.876,-422.000
3.471,3.475,3.478,3.479,3.475,3.474,3.470,3.897,3.902,3.901,3.895,3.896,3.897,3.897,-59.009,-421.000
3.474,3.478,3.472,3.481,3.477,3.474,3.472,3.895,3.896,3.901,3.898,3.898,3.898,3.892,-58.880,-420.000
3.477,3.474,3.476,3.473,3.477,3.479,3.474,3.898,3.895,3.897,3.897,3.904,3.899,3.898,-59.152,-419.000
3.473,3.474,3.477,3.478,3.480,3.481,3.480,3.897,3.899,3.897,3.899,3.901,3.897,3.898,-59.172,-418.000
3.479,3.482,3.471,3.478,3.478,3.479,3.481,3.896,3.896,3.899,3.900,3.904,3.907,3.898,-59.033,-417.000
3.474,3.474,3.473,3.479,3.473,3.477,3.481,3.902,3.900,3.898,3.901,3.900,3.892,3.895,-59.022,-416.000
3.477,3.479,3.475,3.480,3.478,3.476,3.483,3.898,3.898,3.895,3.899,3.893,3.898,3.904,-58.816,-415.000
3.478,3.478,3.482,3.482,3.483,3.479,3.475,3.898,3.899,3.904,3.904,3.898,3.900,3.901,-58.969,-414.000
3.479,3.479,3.477,3.482,3.480,3.482,3.480,3.903,3.906,3.901,3.906,3.908,3.903,3.904,-59.052,-413.000
3.482,3.483,3.481,3.487,3.477,3.482,3.478,3.907,3.902,3.902,3.898,3.904,3.904,3.905,-59.111,-412.000
3.479,3.481,3.481,3.481,3.482,3.489,3.482,3.899,3.900,3.901,3.904,3.904,3.902,3.903,-59.258,-411.000
3.484,3.480,3.483,3.480,3.479,3.488,3.478,3.907,3.904,3.901,3.899,3.903,3.904,3.904,-59.112,-410.000
3.481,3.481,3.485,3.477,3.483,3.483,3.481,3.905,3.903,3.903,3.904,3.903,3.899,3.903,-59.043,-409.000
3.483,3.477,3.481,3.480,3.484,3.480,3.483,3.898,3.904,3.901,3.905,3.903,3.903,3.903,-58.950,-408.000
3.483,3.483,3.482,3.481,3.482,3.484,3.477,3.904,3.897,3.902,3.899,3.901,3.900,3.899,-59.049,-407.000
3.485,3.483,3.477,3.483,3.486,3.484,3.482,3.896,3.902,3.903,3.904,3.906,3.903,3.903,-59.319,-406.000
3.482,3.481,3.484,3.483,3.486,3.478,3.481,3.896,3.899,3.901,3.905,3.908,3.904,3.910,-59.175,-405.000
3.480,3.484,3.476,3.478,3.483,3.479,3.484,3.905,3.892,3.903,3.906,3.899,3.897,3.903,-59.356,-404.000
3.476,3.479,3.483,3.481,3.483,3.478,3.483,3.902,3.903,3.900,3.902,3.902,3.900,3.897,-59.188,-403.000
3.479,3.475,3.478,3.481,3.479,3.487,3.479,3.900,3.904,3.896,3.902,3.898,3.901,3.899,-59.115,-402.000
3.486,3.480,3.477,3.477,3.480,3.476,3.482,3.897,3.897,3.897,3.899,3.899,3.898,3.904,-58.935,-401.000
3.483,3.485,3.482,3.485,3.478,3.486,3.486,3.899,3.900,3.893,3.902,3.902,3.895,3.900,-58.885,-400.000
3.483,3.485,3.485,3.487,3.482,3.489,3.483,3.899,3.899,3.899,3.902,3.904,3.903,3.904,-58.892,-399.000
3.489,3.479,3.488,3.490,3.486,3.486,3.482,3.896,3.894,3.900,3.903,3.896,3.897,3.901,-58.984,-398.000
3.485,3.486,3.487,3.488,3.480,3.482,3.483,3.900,3.900,3.899,3.900,3.897,3.891,3.900,-59.275,-397.000
3.488,3.485,3.483,3.488,3.486,3.486,3.489,3.893,3.899,3.899,3.903,3.905,3.897,3.896,-59.134,-396.000
3.484,3.479,3.485,3.482,3.487,3.487,3.489,3.902,3.902,3.897,3.897,3.894,3.892,3.897,-59.150,-395.000
3.489,3.487,3.484,3.486,3.488,3.483,3.491,3.894,3.891,3.890,3.895,3.892,3.895,3.897,-59.139,-394.000
3.483,3.488,3.481,3.491,3.486,3.482,3.482,3.899,3.896,3.893,3.894,3.900,3.896,3.895,-58.812,-393.000
3.484,3.482,3.483,3.487,3.487,3.487,3.482,3.889,3.890,3.896,3.892,3.895,3.898,3.903,-59.189,-392.000
3.487,3.483,3.487,3.480,3.480,3.484,3.477,3.887,3.890,3.890,3.889,3.886,3.885,3.885,-59.116,-391.000
3.483,3.482,3.483,3.478,3.485,3.485,3.488,3.893,3.900,3.887,3.895,3.893,3.885,3.893,-59.277,-390.000
3.482,3.485,3.482,3.484,3.482,3.480,3.483,3.895,3.894,3.892,3.891,3.891,3.886,3.891,-59.318,-389.000
3.481,3.482,3.481,3.485,3.483,3.475,3.485,3.892,3.892,3.891,3.891,3.894,3.890,3.897,-59.195,-388.000
3.489,3.483,3.484,3.482,3.483,3.486,3.481,3.904,3.887,3.889,3.896,3.894,3.898,3.900,-59.245,-387.000
3.487,3.490,3.488,3.488,3.486,3.484,3.481,3.884,3.894,3.892,3.892,3.893,3.894,3.890,-59.294,-386.000
3.479,3.486,3.477,3.485,3.483,3.486,3.481,3.894,3.895,3.894,3.892,3.893,3.895,3.891,-59.132,-385.000
3.479,3.486,3.485,3.487,3.489,3.487,3.484,3.894,3.898,3.897,3.898,3.894,3.900,3.896,-59.160,-384.000
3.475,3.486,3.483,3.484,3.483,3.491,3.486,3.897,3.894,3.898,3.895,3.899,3.901,3.899,-59.166,-383.000
3.489,3.488,3.487,3.485,3.487,3.483,3.489,3.898,3.892,3.900,3.900,3.896,3.899,3.896,-59.081,-382.000
3.485,3.488,3.484,3.492,3.491,3.490,3.488,3.900,3.895,3.894,3.903,3.901,3.898,3.907,-59.252,-381.000
3.488,3.490,3.484,3.489,3.489,3.489,3.491,3.903,3.899,3.892,3.901,3.894,3.892,3.899,-59.292,-380.000
3.487,3.490,3.494,3.487,3.495,3.492,3.493,3.902,3.897,3.899,3.898,3.898,3.895,3.901,-59.362,-379.000
3.493,3.491,3.490,3.494,3.493,3.493,3.487,3.897,3.896,3.895,3.901,3.905,3.894,3.899,-59.281,-378.000
3.486,3.487,3.489,3.492,3.485,3.487,3.489,3.895,3.901,3.889,3.895,3.902,3.899,3.899,-59.235,-377.000
3.493,3.492,3.494,3.490,3.490,3.491,3.489,3.897,3.897,3.898,3.903,3.902,3.899,3.900,-59.441,-376.000
3.490,3.489,3.491,3.487,3.494,3.493,3.493,3.901,3.900,3.900,3.901,3.905,3.898,3.897,-59.262,-375.000
3.489,3.488,3.489,3.487,3.494,3.486,3.487,3.900,3.905,3.905,3.905,3.900,3.894,3.901,-59.242,-374.000
3.489,3.490,3.490,3.495,3.493,3.486,3.493,3.903,3.899,3.900,3.904,3.911,3.906,3.899,-59.315,-373.000
3.495,3.490,3.495,3.494,3.497,3.496,3.493,3.901,3.904,3.905,3.903,3.908,3.895,3.900,-59.177,-372.000
3.494,3.494,3.491,3.488,3.493,3.494,3.486,3.901,3.902,3.902,3.895,3.897,3.895,3.898,-58.806,-371.000
3.493,3.494,3.490,3.497,3.492,3.490,3.491,3.899,3.900,3.903,3.904,3.904,3.905,3.898,-58.903,-370.000
3.498,3.490,3.501,3.494,3.495,3.488,3.493,3.896,3.902,3.911,3.903,3.902,3.911,3.902,-58.984,-369.000
3.497,3.497,3.493,3.495,3.501,3.501,3.498,3.898,3.896,3.901,3.903,3.898,3.902,3.901,-58.885,-368.000
3.498,3.500,3.501,3.502,3.500,3.505,3.499,3.901,3.899,3.906,3.900,3.901,3.897,3.902,-59.153,-367.000
3.494,3.494,3.495,3.495,3.499,3.494,3.493,3.901,3.905,3.904,3.899,3.899,3.906,3.902,-59.404,-366.000
3.506,3.501,3.497,3.497,3.502,3.500,3.500,3.904,3.902,3.908,3.903,3.899,3.904,3.904,-59.193,-365.000
3.494,3.496,3.504,3.499,3.503,3.494,3.499,3.899,3.897,3.901,3.900,3.902,3.900,3.902,-59.121,-364.000
3.505,3.501,3.499,3.502,3.501,3.507,3.495,3.896,3.903,3.902,3.898,3.905,3.902,3.900,-58.947,-363.000
3.506,3.499,3.497,3.498,3.501,3.497,3.502,3.897,3.901,3.902,3.895,3.898,3.901,3.904,-59.123,-362.000
3.499,3.505,3.498,3.507,3.498,3.502,3.505,3.904,3.902,3.901,3.902,3.898,3.895,3.903,-58.866,-361.000
3.501,3.506,3.504,3.506,3.503,3.502,3.499,3.904,3.901,3.902,3.904,3.902,3.904,3.901,-58.931,-360.000
3.502,3.503,3.507,3.501,3.500,3.500,3.504,3.903,3.905,3.902,3.911,3.907,3.903,3.902,-58.986,-359.000
3.503,3.501,3.498,3.500,3.506,3.504,3.493,3.898,3.900,3.905,3.899,3.901,3.902,3.907,-58.920,-358.000
3.507,3.502,3.502,3.504,3.498,3.499,3.504,3.908,3.904,3.902,3.901,3.900,3.896,3.904,-59.096,-357.000
3.501,3.501,3.507,3.502,3.508,3.496,3.505,3.899,3.904,3.903,3.899,3.903,3.903,3.899,-59.053,-356.000
3.503,3.501,3.503,3.510,3.510,3.500,3.500,3.897,3.903,3.907,3.900,3.903,3.898,3.898,-59.121,-355.000
3.502,3.503,3.507,3.508,3.503,3.501,3.500,3.903,3.901,3.901,3.900,3.901,3.904,3.899,-59.106,-354.000
3.505,3.503,3.499,3.508,3.501,3.503,3.502,3.902,3.897,3.898,3.894,3.900,3.893,3.898,-59.045,-353.000
3.497,3.500,3.505,3.499,3.505,3.501,3.507,3.902,3.899,3.899,3.901,3.906,3.904,3.905,-59.045,-352.000
3.502,3.500,3.508,3.500,3.509,3.502,3.503,3.907,3.904,3.902,3.905,3.901,3.900,3.900,-59.304,-351.000
3.503,3.509,3.504,3.506,3.507,3.511,3.506,3.902,3.900,3.901,3.902,3.900,3.898,3.903,-59.147,-350.000
3.505,3.510,3.510,3.505,3.508,3.508,3.501,3.906,3.899,3.901,3.901,3.900,3.903,3.903,-59.272,-349.000
3.511,3.509,3.506,3.505,3.508,3.508,3.509,3.896,3.899,3.901,3.903,3.902,3.904,3.904,-59.309,-348.000
3.515,3.510,3.505,3.503,3.507,3.509,3.513,3.910,3.911,3.905,3.896,3.893,3.898,3.902,-59.429,-347.000
3.508,3.504,3.511,3.509,3.507,3.508,3.510,3.897,3.901,3.895,3.893,3.900,3.904,3.896,-59.436,-346.000
3.505,3.507,3.509,3.502,3.508,3.507,3.510,3.896,3.901,3.898,3.902,3.898,3.902,3.902,-59.278,-345.000
3.509,3.504,3.506,3.495,3.506,3.502,3.503,3.903,3.896,3.900,3.896,3.903,3.897,3.901,-59.150,-344.000
3.509,3.500,3.508,3.505,3.502,3.505,3.504,3.901,3.890,3.895,3.894,3.896,3.889,3.899,-59.124,-343.000
3.507,3.501,3.507,3.501,3.508,3.508,3.519,3.904,3.890,3.900,3.904,3.895,3.902,3.904,-59.010,-342.000
3.501,3.503,3.510,3.510,3.517,3.506,3.509,3.902,3.902,3.901,3.898,3.899,3.900,3.903,-58.847,-341.000
3.508,3.512,3.508,3.512,3.509,3.512,3.512,3.902,3.903,3.900,3.905,3.903,3.901,3.900,-58.892,-340.000
3.512,3.509,3.507,3.512,3.508,3.503,3.506,3.904,3.905,3.900,3.905,3.900,3.898,3.905,-58.956,-339.000
3.508,3.506,3.511,3.505,3.506,3.506,3.508,3.899,3.901,3.900,3.905,3.898,3.908,3.903,-58.998,-338.000
3.515,3.510,3.504,3.513,3.504,3.510,3.506,3.904,3.900,3.904,3.907,3.900,3.900,3.902,-59.218,-337.000
3.508,3.507,3.510,3.511,3.509,3.510,3.513,3.904,3.900,3.902,3.897,3.904,3.908,3.901,-59.049,-336.000
3.505,3.509,3.508,3.506,3.509,3.507,3.513,3.908,3.904,3.901,3.901,3.902,3.900,3.904,-59.075,-335.000
3.514,3.514,3.509,3.511,3.510,3.510,3.510,3.897,3.905,3.903,3.904,3.905,3.906,3.904,-58.939,-334.000
3.513,3.518,3.514,3.506,3.510,3.509,3.515,3.905,3.905,3.901,3.904,3.906,3.904,3.901,-58.932,-333.000
3.509,3.507,3.511,3.508,3.513,3.515,3.515,3.901,3.902,3.903,3.901,3.902,3.900,3.899,-58.900,-332.000
3.511,3.511,3.516,3.510,3.508,3.509,3.508,3.899,3.899,3.903,3.902,3.894,3.906,3.897,-59.054,-331.000
3.513,3.510,3.507,3.512,3.509,3.510,3.511,3.903,3.894,3.902,3.898,3.901,3.904,3.904,-58.930,-330.000
3.511,3.507,3.513,3.508,3.504,3.509,3.511,3.894,3.898,3.898,3.899,3.900,3.902,3.897,-58.816,-329.000
3.507,3.502,3.498,3.507,3.510,3.512,3.513,3.901,3.899,3.896,3.895,3.891,3.899,3.894,-58.744,-328.000
3.510,3.509,3.507,3.512,3.507,3.512,3.509,3.901,3.896,3.896,3.901,3.904,3.898,3.902,-58.861,-327.000
3.511,3.512,3.510,3.510,3.516,3.511,3.511,3.899,3.899,3.902,3.894,3.899,3.896,3.896,-58.945,-326.000
3.505,3.504,3.513,3.507,3.506,3.505,3.508,3.890,3.903,3.900,3.896,3.894,3.898,3.898,-58.953,-325.000
3.511,3.509,3.511,3.514,3.506,3.511,3.509,3.901,3.891,3.891,3.897,3.897,3.900,3.897,-58.942,-324.000
3.509,3.507,3.509,3.512,3.514,3.508,3.510,3.895,3.902,3.895,3.900,3.893,3.897,3.897,-59.055,-323.000
3.509,3.503,3.512,3.508,3.510,3.506,3.512,3.901,3.890,3.891,3.896,3.897,3.885,3.896,-59.106,-322.000
3.510,3.505,3.507,3.510,3.507,3.504,3.504,3.889,3.891,3.894,3.895,3.898,3.892,3.893,-59.053,-321.000
3.506,3.508,3.511,3.504,3.514,3.505,3.516,3.889,3.890,3.893,3.893,3.895,3.892,3.890,-59.041,-320.000
3.507,3.507,3.508,3.502,3.509,3.508,3.507,3.896,3.900,3.894,3.895,3.898,3.894,3.897,-58.990,-319.000
3.508,3.509,3.505,3.506,3.508,3.507,3.508,3.896,3.885,3.896,3.893,3.892,3.896,3.893,-58.923,-318.000
3.512,3.512,3.513,3.512,3.513,3.509,3.507,3.892,3.894,3.891,3.895,3.898,3.899,3.895,-58.854,-317.000
3.514,3.510,3.512,3.511,3.518,3.517,3.519,3.903,3.902,3.895,3.899,3.903,3.897,3.902,-58.871,-316.000
3.512,3.514,3.508,3.513,3.514,3.513,3.513,3.894,3.898,3.900,3.898,3.895,3.900,3.896,-58.935,-315.000
3.508,3.513,3.510,3.514,3.517,3.513,3.514,3.897,3.898,3.900,3.900,3.895,3.903,3.898,-58.953,-314.000
3.513,3.518,3.518,3.511,3.514,3.514,3.511,3.896,3.904,3.897,3.897,3.903,3.910,3.909,-59.067,-313.000
3.519,3.514,3.513,3.508,3.520,3.515,3.518,3.900,3.898,3.906,3.893,3.898,3.896,3.903,-58.931,-312.000
3.517,3.514,3.515,3.517,3.518,3.518,3.510,3.901,3.903,3.908,3.899,3.897,3.900,3.897,-58.877,-311.000
3.517,3.515,3.521,3.524,3.513,3.521,3.512,3.903,3.898,3.899,3.897,3.901,3.902,3.900,-59.156,-310.000
3.517,3.517,3.514,3.513,3.514,3.515,3.514,3.891,3.893,3.892,3.898,3.898,3.896,3.895,-59.086,-309.000
3.515,3.513,3.519,3.519,3.513,3.507,3.515,3.897,3.897,3.902,3.901,3.893,3.897,3.900,-59.081,-308.000
3.515,3.515,3.515,3.521,3.515,3.515,3.513,3.895,3.895,3.891,3.890,3.892,3.894,3.901,-59.007,-307.000
3.514,3.513,3.514,3.509,3.513,3.515,3.514,3.897,3.896,3.893,3.895,3.893,3.899,3.890,-58.694,-306.000
3.519,3.513,3.515,3.510,3.511,3.514,3.517,3.899,3.900,3.902,3.897,3.898,3.891,3.895,-58.349,-305.000
3.515,3.513,3.519,3.506,3.513,3.514,3.514,3.898,3.896,3.897,3.893,3.895,3.895,3.897,-57.574,-304.000
3.511,3.513,3.512,3.512,3.507,3.511,3.508,3.890,3.896,3.893,3.892,3.891,3.897,3.890,-57.302,-303.000
3.517,3.507,3.514,3.515,3.505,3.515,3.510,3.889,3.889,3.889,3.894,3.897,3.890,3.891,-57.532,-302.000
3.512,3.520,3.512,3.518,3.515,3.513,3.513,3.895,3.894,3.893,3.893,3.886,3.889,3.901,-57.977,-301.000
3.515,3.516,3.514,3.516,3.514,3.512,3.513,3.889,3.890,3.892,3.898,3.897,3.893,3.898,-58.051,-300.000
3.519,3.512,3.517,3.513,3.510,3.516,3.518,3.896,3.892,3.894,3.892,3.897,3.888,3.890,-58.330,-299.000
3.519,3.511,3.508,3.519,3.512,3.513,3.516,3.901,3.889,3.896,3.889,3.894,3.893,3.893,-58.538,-298.000
3.514,3.512,3.515,3.515,3.523,3.516,3.515,3.889,3.902,3.893,3.890,3.893,3.893,3.897,-58.629,-297.000
3.513,3.516,3.516,3.519,3.519,3.513,3.516,3.895,3.895,3.896,3.894,3.893,3.897,3.900,-58.698,-296.000
3.514,3.521,3.519,3.512,3.517,3.518,3.517,3.890,3.896,3.885,3.890,3.897,3.892,3.891,-58.694,-295.000
3.523,3.514,3.512,3.516,3.515,3.522,3.517,3.893,3.898,3.896,3.895,3.896,3.892,3.898,-58.603,-294.000
3.519,3.516,3.517,3.513,3.519,3.510,3.515,3.894,3.894,3.889,3.893,3.893,3.887,3.896,-58.659,-293.000
3.516,3.526,3.513,3.520,3.519,3.521,3.518,3.900,3.894,3.892,3.898,3.896,3.896,3.899,-58.675,-292.000
3.522,3.517,3.521,3.523,3.516,3.514,3.520,3.897,3.895,3.897,3.897,3.895,3.895,3.892,-58.482,-291.000
3.521,3.522,3.523,3.519,3.518,3.520,3.530,3.892,3.897,3.902,3.895,3.895,3.895,3.901,-58.757,-290.000
3.516,3.522,3.520,3.519,3.519,3.520,3.517,3.896,3.896,3.897,3.895,3.900,3.897,3.898,-58.787,-289.000
3.521,3.524,3.520,3.521,3.516,3.523,3.519,3.895,3.900,3.893,3.898,3.898,3.892,3.897,-58.748,-288.000
3.518,3.526,3.520,3.520,3.526,3.527,3.521,3.892,3.897,3.893,3.891,3.897,3.892,3.895,-59.010,-287.000
3.528,3.528,3.527,3.524,3.520,3.527,3.525,3.903,3.900,3.902,3.899,3.900,3.898,3.899,-58.911,-286.000
3.525,3.526,3.524,3.523,3.521,3.523,3.523,3.897,3.906,3.895,3.903,3.899,3.891,3.898,-59.018,-285.000
3.524,3.519,3.529,3.528,3.528,3.527,3.524,3.897,3.894,3.899,3.893,3.907,3.907,3.899,-58.915,-284.000
3.522,3.528,3.520,3.525,3.521,3.526,3.521,3.894,3.897,3.901,3.896,3.899,3.896,3.900,-58.893,-283.000
3.527,3.527,3.528,3.525,3.527,3.531,3.530,3.898,3.898,3.900,3.901,3.905,3.900,3.894,-59.106,-282.000
3.530,3.526,3.529,3.525,3.530,3.526,3.522,3.898,3.898,3.901,3.904,3.901,3.899,3.902,-59.086,-281.000
3.539,3.524,3.530,3.530,3.530,3.525,3.523,3.897,3.900,3.895,3.901,3.898,3.890,3.893,-58.983,-280.000
3.535,3.524,3.525,3.527,3.526,3.531,3.527,3.900,3.886,3.896,3.897,3.900,3.900,3.896,-59.056,-279.000
3.522,3.529,3.525,3.536,3.526,3.525,3.523,3.896,3.893,3.892,3.900,3.899,3.899,3.896,-59.085,-278.000
3.533,3.529,3.531,3.532,3.529,3.526,3.526,3.897,3.897,3.895,3.894,3.901,3.895,3.900,-59.097,-277.000
3.526,3.534,3.529,3.527,3.529,3.524,3.527,3.900,3.899,3.891,3.893,3.895,3.890,3.896,-59.183,-276.000
3.523,3.530,3.531,3.532,3.532,3.530,3.525,3.898,3.887,3.899,3.900,3.897,3.897,3.892,-59.189,-275.000
3.536,3.531,3.531,3.532,3.527,3.525,3.530,3.901,3.899,3.894,3.890,3.895,3.898,3.894,-59.399,-274.000
3.519,3.527,3.525,3.528,3.524,3.529,3.526,3.892,3.892,3.892,3.893,3.892,3.892,3.895,-59.316,-273.000
3.529,3.524,3.527,3.535,3.523,3.527,3.527,3.890,3.895,3.894,3.889,3.893,3.895,3.895,-59.343,-272.000
3.524,3.527,3.531,3.530,3.524,3.530,3.526,3.891,3.893,3.894,3.890,3.889,3.893,3.890,-59.249,-271.000
3.522,3.525,3.525,3.526,3.529,3.525,3.524,3.892,3.892,3.884,3.887,3.889,3.892,3.897,-58.926,-270.000
3.524,3.532,3.532,3.520,3.530,3.529,3.525,3.892,3.889,3.889,3.896,3.894,3.891,3.895,-58.972,-269.000
3.526,3.524,3.531,3.524,3.528,3.528,3.526,3.895,3.889,3.891,3.894,3.897,3.895,3.891,-58.978,-268.000
3.528,3.532,3.527,3.523,3.528,3.529,3.528,3.899,3.899,3.899,3.896,3.897,3.893,3.890,-59.018,-267.000
3.532,3.534,3.532,3.531,3.532,3.534,3.530,3.894,3.891,3.894,3.901,3.892,3.895,3.892,-59.137,-266.000
3.530,3.524,3.523,3.529,3.526,3.528,3.526,3.901,3.900,3.902,3.902,3.905,3.896,3.899,-59.141,-265.000
3.526,3.527,3.530,3.532,3.528,3.531,3.533,3.897,3.897,3.894,3.898,3.893,3.901,3.899,-59.229,-264.000
3.533,3.532,3.539,3.528,3.532,3.532,3.527,3.898,3.898,3.903,3.901,3.902,3.903,3.900,-59.220,-263.000
3.534,3.532,3.534,3.535,3.532,3.531,3.538,3.896,3.902,3.897,3.897,3.899,3.900,3.894,-59.177,-262.000
3.536,3.533,3.537,3.538,3.539,3.536,3.533,3.902,3.899,3.892,3.901,3.895,3.906,3.893,-58.975,-261.000
3.529,3.536,3.535,3.532,3.536,3.536,3.536,3.891,3.897,3.896,3.902,3.902,3.909,3.898,-58.773,-260.000
3.536,3.531,3.541,3.532,3.536,3.536,3.533,3.900,3.898,3.902,3.900,3.899,3.901,3.903,-59.086,-259.000
3.534,3.534,3.539,3.537,3.538,3.535,3.532,3.907,3.904,3.907,3.906,3.903,3.902,3.895,-59.210,-258.000
3.533,3.537,3.536,3.534,3.534,3.536,3.529,3.898,3.902,3.905,3.902,3.897,3.901,3.899,-59.148,-257.000
3.536,3.541,3.535,3.533,3.536,3.540,3.538,3.897,3.901,3.906,3.898,3.901,3.904,3.899,-59.065,-256.000
3.533,3.536,3.530,3.535,3.532,3.531,3.533,3.905,3.897,3.902,3.899,3.905,3.899,3.894,-59.308,-255.000
3.533,3.535,3.536,3.538,3.532,3.538,3.533,3.904,3.900,3.904,3.899,3.906,3.897,3.891,-59.153,-254.000
3.533,3.530,3.535,3.534,3.539,3.536,3.535,3.894,3.898,3.898,3.905,3.899,3.904,3.900,-59.026,-253.000
3.533,3.539,3.534,3.534,3.535,3.530,3.534,3.895,3.898,3.893,3.897,3.900,3.903,3.897,-59.011,-252.000
3.534,3.542,3.541,3.533,3.532,3.537,3.534,3.899,3.906,3.899,3.904,3.902,3.897,3.896,-59.024,-251.000
3.537,3.537,3.537,3.540,3.538,3.538,3.537,3.899,3.898,3.895,3.896,3.904,3.895,3.903,-59.119,-250.000
3.536,3.541,3.535,3.539,3.532,3.541,3.541,3.901,3.897,3.901,3.906,3.899,3.893,3.898,-59.117,-249.000
3.538,3.537,3.540,3.532,3.541,3.533,3.538,3.900,3.899,3.906,3.896,3.895,3.900,3.896,-59.406,-248.000
3.533,3.539,3.539,3.539,3.537,3.539,3.532,3.896,3.901,3.895,3.896,3.899,3.890,3.897,-59.279,-247.000
3.533,3.536,3.537,3.540,3.534,3.542,3.540,3.899,3.898,3.893,3.896,3.901,3.898,3.893,-59.100,-246.000
3.539,3.542,3.541,3.542,3.542,3.541,3.543,3.905,3.900,3.896,3.897,3.900,3.900,3.900,-59.170,-245.000
3.540,3.545,3.540,3.545,3.542,3.541,3.546,3.902,3.901,3.897,3.898,3.905,3.901,3.895,-59.160,-244.000
3.543,3.537,3.541,3.549,3.546,3.542,3.545,3.903,3.902,3.900,3.908,3.904,3.900,3.901,-58.968,-243.000
3.541,3.541,3.542,3.538,3.543,3.540,3.540,3.898,3.900,3.901,3.901,3.897,3.898,3.899,-58.810,-242.000
3.544,3.540,3.542,3.541,3.542,3.539,3.540,3.897,3.895,3.898,3.906,3.901,3.907,3.898,-58.698,-241.000
3.549,3.546,3.547,3.541,3.540,3.539,3.543,3.902,3.898,3.897,3.901,3.897,3.899,3.902,-58.779,-240.000
3.539,3.539,3.545,3.543,3.545,3.536,3.544,3.902,3.898,3.900,3.904,3.907,3.903,3.899,-58.906,-239.000
3.538,3.544,3.536,3.543,3.542,3.544,3.544,3.899,3.905,3.899,3.897,3.902,3.896,3.901,-58.944,-238.000
3.540,3.541,3.548,3.546,3.541,3.540,3.548,3.897,3.900,3.897,3.897,3.902,3.900,3.898,-58.871,-237.000
3.542,3.542,3.542,3.545,3.546,3.542,3.539,3.896,3.896,3.901,3.901,3.895,3.896,3.898,-58.852,-236.000
3.544,3.547,3.543,3.544,3.540,3.542,3.542,3.900,3.899,3.901,3.893,3.899,3.897,3.895,-58.933,-235.000
3.537,3.542,3.542,3.543,3.552,3.545,3.546,3.896,3.897,3.897,3.900,3.904,3.894,3.901,-58.932,-234.000
3.549,3.541,3.548,3.548,3.542,3.546,3.546,3.903,3.895,3.906,3.897,3.890,3.899,3.896,-59.028,-233.000
3.540,3.544,3.548,3.549,3.544,3.548,3.543,3.901,3.899,3.900,3.899,3.898,3.902,3.901,-59.231,-232.000
3.544,3.549,3.550,3.547,3.545,3.541,3.548,3.899,3.894,3.894,3.903,3.904,3.900,3.900,-59.284,-231.000
3.540,3.543,3.549,3.547,3.554,3.539,3.541,3.899,3.898,3.898,3.898,3.905,3.900,3.895,-59.362,-230.000
3.549,3.547,3.541,3.549,3.538,3.551,3.540,3.900,3.897,3.897,3.897,3.899,3.892,3.899,-59.210,-229.000
3.543,3.549,3.542,3.546,3.545,3.545,3.546,3.900,3.902,3.901,3.899,3.895,3.904,3.897,-59.344,-228.000
3.545,3.550,3.553,3.547,3.548,3.542,3.541,3.900,3.898,3.900,3.894,3.901,3.904,3.898,-59.110,-227.000
3.551,3.542,3.548,3.540,3.545,3.545,3.547,3.898,3.898,3.891,3.900,3.898,3.905,3.898,-59.074,-226.000
3.549,3.549,3.546,3.545,3.547,3.548,3.551,3.899,3.895,3.898,3.901,3.897,3.896,3.900,-59.029,-225.000
3.544,3.550,3.551,3.546,3.545,3.546,3.545,3.905,3.902,3.894,3.899,3.900,3.905,3.896,-59.075,-224.000
3.544,3.549,3.547,3.548,3.547,3.547,3.552,3.912,3.901,3.897,3.894,3.897,3.896,3.902,-59.070,-223.000
3.548,3.543,3.551,3.551,3.548,3.548,3.554,3.899,3.895,3.896,3.898,3.898,3.904,3.897,-59.057,-222.000
3.547,3.551,3.549,3.552,3.552,3.549,3.552,3.898,3.904,3.903,3.903,3.901,3.898,3.897,-59.027,-221.000
3.548,3.548,3.543,3.551,3.545,3.549,3.550,3.903,3.906,3.904,3.904,3.902,3.904,3.898,-58.985,-220.000
3.555,3.551,3.550,3.544,3.544,3.549,3.545,3.898,3.900,3.894,3.896,3.900,3.890,3.897,-58.872,-219.000
3.547,3.547,3.545,3.551,3.548,3.552,3.551,3.903,3.895,3.893,3.896,3.890,3.899,3.893,-58.878,-218.000
3.547,3.556,3.554,3.555,3.552,3.552,3.551,3.894,3.898,3.897,3.902,3.899,3.900,3.891,-58.522,-217.000
3.551,3.543,3.548,3.550,3.551,3.552,3.546,3.894,3.890,3.892,3.888,3.889,3.892,3.894,-58.708,-216.000
3.548,3.554,3.545,3.547,3.551,3.545,3.553,3.891,3.899,3.894,3.896,3.896,3.896,3.899,-58.616,-215.000
3.552,3.552,3.547,3.551,3.549,3.551,3.548,3.900,3.895,3.892,3.899,3.895,3.901,3.897,-58.707,-214.000
3.555,3.553,3.554,3.553,3.553,3.556,3.554,3.899,3.897,3.897,3.896,3.899,3.902,3.900,-58.708,-213.000
3.551,3.549,3.551,3.555,3.552,3.544,3.549,3.896,3.896,3.904,3.899,3.903,3.898,3.896,-58.793,-212.000
3.557,3.556,3.548,3.548,3.546,3.552,3.555,3.896,3.896,3.893,3.892,3.889,3.895,3.899,-58.857,-211.000
3.549,3.557,3.549,3.549,3.554,3.560,3.556,3.902,3.894,3.893,3.894,3.893,3.897,3.903,-59.069,-210.000
3.549,3.553,3.551,3.549,3.554,3.552,3.556,3.898,3.899,3.894,3.896,3.891,3.900,3.891,-59.036,-209.000
3.551,3.549,3.549,3.557,3.557,3.556,3.554,3.898,3.902,3.898,3.897,3.902,3.898,3.896,-59.184,-208.000
3.547,3.557,3.547,3.556,3.551,3.546,3.554,3.899,3.896,3.900,3.894,3.901,3.900,3.894,-59.088,-207.000
3.553,3.549,3.554,3.548,3.548,3.554,3.550,3.899,3.896,3.898,3.899,3.895,3.889,3.896,-58.815,-206.000
3.553,3.551,3.554,3.547,3.551,3.548,3.551,3.898,3.896,3.897,3.899,3.896,3.900,3.897,-58.847,-205.000
3.553,3.546,3.547,3.551,3.552,3.554,3.549,3.898,3.898,3.896,3.900,3.894,3.900,3.896,-59.107,-204.000
3.546,3.554,3.551,3.550,3.555,3.552,3.550,3.897,3.891,3.898,3.894,3.904,3.899,3.900,-58.924,-203.000
3.556,3.553,3.556,3.553,3.548,3.561,3.546,3.899,3.899,3.900,3.898,3.898,3.897,3.896,-59.036,-202.000
3.555,3.555,3.558,3.553,3.554,3.557,3.558,3.902,3.900,3.900,3.902,3.901,3.909,3.902,-59.043,-201.000
3.557,3.564,3.552,3.555,3.559,3.553,3.559,3.901,3.909,3.900,3.902,3.905,3.903,3.899,-58.995,-200.000
3.554,3.555,3.559,3.561,3.552,3.560,3.552,3.897,3.901,3.903,3.902,3.904,3.899,3.899,-59.233,-199.000
3.555,3.557,3.560,3.562,3.560,3.555,3.559,3.905,3.903,3.902,3.902,3.904,3.901,3.904,-59.318,-198.000
3.557,3.560,3.556,3.555,3.561,3.565,3.555,3.902,3.902,3.901,3.902,3.907,3.900,3.900,-59.077,-197.000
3.558,3.557,3.552,3.558,3.556,3.566,3.559,3.901,3.903,3.899,3.897,3.904,3.902,3.903,-59.012,-196.000
3.555,3.563,3.556,3.563,3.559,3.557,3.560,3.905,3.897,3.900,3.901,3.903,3.907,3.902,-58.837,-195.000
3.555,3.556,3.566,3.560,3.557,3.559,3.563,3.906,3.899,3.903,3.904,3.901,3.899,3.903,-58.800,-194.000
3.566,3.560,3.564,3.560,3.564,3.563,3.556,3.907,3.906,3.905,3.907,3.902,3.905,3.899,-58.911,-193.000
3.560,3.567,3.562,3.561,3.564,3.562,3.566,3.901,3.905,3.904,3.903,3.900,3.902,3.901,-58.985,-192.000
3.571,3.567,3.566,3.564,3.560,3.561,3.562,3.901,3.910,3.902,3.906,3.901,3.904,3.906,-59.149,-191.000
3.557,3.563,3.567,3.562,3.566,3.565,3.569,3.904,3.905,3.907,3.906,3.910,3.903,3.897,-59.156,-190.000
3.567,3.568,3.564,3.562,3.558,3.561,3.561,3.906,3.896,3.904,3.903,3.907,3.900,3.900,-59.066,-189.000
3.560,3.561,3.565,3.562,3.564,3.559,3.560,3.902,3.894,3.901,3.900,3.894,3.896,3.899,-59.339,-188.000
3.559,3.566,3.567,3.562,3.570,3.560,3.558,3.903,3.899,3.901,3.900,3.902,3.895,3.896,-59.212,-187.000
3.567,3.567,3.564,3.568,3.573,3.564,3.563,3.902,3.902,3.902,3.898,3.906,3.903,3.894,-59.021,-186.000
3.560,3.564,3.564,3.564,3.564,3.557,3.564,3.900,3.899,3.900,3.898,3.892,3.899,3.893,-58.518,-185.000
3.566,3.566,3.568,3.564,3.562,3.562,3.565,3.903,3.899,3.894,3.898,3.895,3.898,3.897,-57.888,-184.000
3.564,3.562,3.562,3.562,3.562,3.564,3.559,3.900,3.899,3.896,3.898,3.894,3.895,3.896,-57.205,-183.000
3.571,3.571,3.567,3.565,3.562,3.573,3.565,3.900,3.901,3.902,3.893,3.895,3.902,3.895,-56.790,-182.000
3.564,3.566,3.567,3.563,3.568,3.575,3.568,3.902,3.902,3.900,3.898,3.899,3.901,3.897,-57.452,-181.000
3.566,3.563,3.568,3.561,3.564,3.569,3.569,3.897,3.900,3.899,3.902,3.904,3.898,3.900,-57.747,-180.000
3.573,3.563,3.562,3.564,3.567,3.564,3.570,3.901,3.895,3.900,3.898,3.896,3.901,3.901,-58.031,-179.000
3.567,3.567,3.567,3.566,3.570,3.568,3.572,3.904,3.909,3.901,3.889,3.898,3.904,3.897,-58.265,-178.000
3.569,3.574,3.571,3.568,3.565,3.570,3.566,3.899,3.898,3.898,3.897,3.897,3.900,3.901,-58.491,-177.000
3.568,3.569,3.567,3.570,3.570,3.567,3.572,3.901,3.899,3.894,3.901,3.903,3.901,3.900,-58.567,-176.000
3.569,3.564,3.568,3.564,3.566,3.568,3.569,3.900,3.896,3.908,3.893,3.897,3.896,3.898,-58.579,-175.000
3.564,3.566,3.565,3.565,3.573,3.571,3.560,3.895,3.900,3.898,3.894,3.899,3.905,3.900,-58.876,-174.000
3.571,3.561,3.568,3.564,3.571,3.571,3.563,3.891,3.890,3.893,3.894,3.901,3.897,3.896,-59.147,-173.000
3.560,3.567,3.573,3.567,3.571,3.564,3.564,3.897,3.899,3.896,3.898,3.896,3.896,3.896,-59.333,-172.000
3.560,3.558,3.557,3.559,3.560,3.569,3.569,3.898,3.898,3.896,3.899,3.898,3.900,3.898,-59.231,-171.000
3.565,3.564,3.571,3.567,3.558,3.563,3.570,3.895,3.901,3.901,3.896,3.892,3.897,3.896,-59.055,-170.000
3.564,3.572,3.564,3.568,3.565,3.562,3.569,3.897,3.894,3.893,3.898,3.890,3.899,3.895,-59.069,-169.000
3.561,3.568,3.560,3.566,3.557,3.570,3.566,3.891,3.897,3.899,3.893,3.894,3.894,3.898,-58.956,-168.000
3.569,3.567,3.570,3.563,3.564,3.566,3.565,3.899,3.896,3.894,3.896,3.899,3.896,3.894,-58.965,-167.000
3.567,3.569,3.562,3.565,3.563,3.565,3.562,3.894,3.894,3.894,3.895,3.894,3.896,3.894,-58.977,-166.000
3.565,3.564,3.559,3.564,3.561,3.565,3.560,3.891,3.891,3.894,3.894,3.896,3.890,3.896,-58.928,-165.000
3.562,3.570,3.563,3.567,3.563,3.572,3.565,3.896,3.898,3.896,3.894,3.891,3.898,3.894,-59.079,-164.000
3.562,3.566,3.564,3.564,3.566,3.568,3.568,3.894,3.896,3.890,3.894,3.889,3.888,3.894,-58.966,-163.000
3.568,3.569,3.562,3.569,3.565,3.568,3.563,3.896,3.890,3.889,3.889,3.894,3.899,3.893,-59.000,-162.000
3.569,3.576,3.568,3.563,3.567,3.572,3.562,3.893,3.896,3.893,3.893,3.895,3.897,3.893,-58.957,-161.000
3.563,3.564,3.561,3.571,3.572,3.566,3.564,3.893,3.892,3.886,3.890,3.891,3.888,3.889,-59.053,-160.000
3.567,3.565,3.566,3.565,3.571,3.564,3.567,3.893,3.896,3.894,3.897,3.886,3.884,3.897,-59.060,-159.000
3.567,3.564,3.563,3.564,3.569,3.565,3.569,3.891,3.890,3.889,3.894,3.892,3.889,3.889,-59.203,-158.000
3.568,3.565,3.573,3.566,3.571,3.567,3.568,3.890,3.890,3.885,3.888,3.895,3.893,3.893,-59.156,-157.000
3.567,3.572,3.568,3.573,3.575,3.571,3.569,3.894,3.890,3.894,3.893,3.893,3.895,3.892,-59.248,-156.000
3.572,3.571,3.570,3.575,3.570,3.565,3.573,3.892,3.891,3.894,3.896,3.896,3.894,3.890,-59.316,-155.000
3.570,3.572,3.576,3.575,3.570,3.569,3.568,3.897,3.893,3.894,3.896,3.895,3.899,3.891,-59.105,-154.000
3.572,3.567,3.570,3.566,3.575,3.569,3.574,3.895,3.890,3.889,3.890,3.902,3.897,3.889,-59.130,-153.000
3.577,3.575,3.572,3.578,3.579,3.570,3.574,3.894,3.899,3.891,3.895,3.903,3.898,3.900,-59.341,-152.000
3.572,3.577,3.577,3.578,3.576,3.570,3.573,3.896,3.892,3.892,3.892,3.896,3.895,3.898,-59.434,-151.000
3.576,3.573,3.572,3.567,3.578,3.568,3.580,3.900,3.901,3.888,3.894,3.896,3.899,3.894,-59.204,-150.000
3.578,3.573,3.576,3.578,3.579,3.579,3.580,3.898,3.890,3.900,3.896,3.899,3.890,3.897,-59.101,-149.000
3.577,3.575,3.576,3.575,3.574,3.576,3.575,3.897,3.894,3.890,3.900,3.891,3.890,3.897,-59.132,-148.000
3.572,3.579,3.579,3.567,3.573,3.569,3.573,3.898,3.893,3.893,3.894,3.891,3.891,3.887,-59.300,-147.000
3.582,3.575,3.574,3.574,3.567,3.576,3.572,3.894,3.891,3.890,3.891,3.887,3.892,3.894,-59.304,-146.000
3.581,3.566,3.580,3.578,3.579,3.571,3.572,3.892,3.889,3.899,3.891,3.893,3.894,3.896,-59.068,-145.000
3.569,3.576,3.575,3.574,3.574,3.574,3.569,3.890,3.885,3.890,3.895,3.887,3.887,3.889,-59.099,-144.000
3.573,3.579,3.574,3.573,3.574,3.575,3.572,3.894,3.885,3.892,3.891,3.890,3.889,3.888,-58.870,-143.000
3.577,3.574,3.576,3.574,3.576,3.574,3.577,3.893,3.888,3.892,3.889,3.894,3.891,3.890,-58.928,-142.000
3.570,3.573,3.579,3.571,3.579,3.579,3.580,3.881,3.886,3.887,3.892,3.884,3.891,3.879,-59.072,-141.000
3.570,3.572,3.576,3.578,3.577,3.577,3.573,3.887,3.889,3.891,3.889,3.890,3.885,3.891,-59.068,-140.000
3.571,3.578,3.579,3.570,3.575,3.576,3.577,3.885,3.888,3.885,3.890,3.888,3.887,3.887,-59.161,-139.000
3.576,3.573,3.581,3.573,3.577,3.580,3.582,3.889,3.888,3.892,3.890,3.894,3.900,3.894,-59.316,-138.000
3.579,3.575,3.575,3.577,3.577,3.575,3.576,3.886,3.894,3.892,3.889,3.892,3.886,3.887,-59.281,-137.000
3.580,3.579,3.575,3.576,3.581,3.577,3.579,3.893,3.890,3.892,3.883,3.891,3.888,3.893,-59.409,-136.000
3.578,3.581,3.581,3.578,3.580,3.579,3.577,3.890,3.892,3.895,3.889,3.891,3.889,3.891,-59.449,-135.000
3.581,3.575,3.588,3.575,3.579,3.576,3.580,3.891,3.890,3.885,3.886,3.886,3.886,3.897,-59.256,-134.000
3.577,3.576,3.579,3.578,3.575,3.580,3.582,3.894,3.892,3.893,3.892,3.890,3.889,3.885,-59.241,-133.000
3.582,3.581,3.579,3.579,3.582,3.583,3.575,3.894,3.891,3.883,3.899,3.891,3.894,3.890,-59.399,-132.000
3.581,3.580,3.575,3.580,3.579,3.577,3.579,3.894,3.887,3.893,3.891,3.890,3.890,3.893,-59.405,-131.000
3.586,3.575,3.584,3.577,3.580,3.573,3.583,3.895,3.890,3.887,3.891,3.895,3.890,3.894,-59.217,-130.000
3.584,3.582,3.582,3.588,3.580,3.579,3.576,3.890,3.894,3.894,3.901,3.891,3.895,3.890,-58.993,-129.000
3.584,3.584,3.581,3.581,3.576,3.582,3.581,3.887,3.893,3.891,3.888,3.888,3.894,3.888,-58.968,-128.000
3.578,3.584,3.580,3.582,3.580,3.581,3.586,3.890,3.896,3.892,3.891,3.893,3.889,3.893,-58.940,-127.000
3.585,3.586,3.582,3.584,3.582,3.589,3.577,3.890,3.882,3.889,3.885,3.894,3.890,3.894,-58.833,-126.000
3.584,3.585,3.585,3.583,3.585,3.579,3.585,3.892,3.891,3.897,3.899,3.889,3.895,3.888,-59.034,-125.000
3.586,3.584,3.580,3.582,3.586,3.587,3.585,3.896,3.892,3.894,3.886,3.896,3.889,3.892,-59.223,-124.000
3.582,3.585,3.583,3.583,3.589,3.584,3.584,3.889,3.893,3.897,3.891,3.891,3.892,3.891,-59.358,-123.000
3.585,3.583,3.579,3.586,3.582,3.582,3.579,3.894,3.895,3.896,3.890,3.891,3.894,3.892,-59.289,-122.000
3.588,3.588,3.588,3.580,3.589,3.584,3.588,3.895,3.898,3.893,3.895,3.890,3.891,3.894,-59.377,-121.000
3.585,3.582,3.582,3.592,3.585,3.594,3.587,3.892,3.895,3.893,3.892,3.895,3.895,3.899,-59.169,-120.000
3.593,3.592,3.583,3.585,3.583,3.589,3.585,3.893,3.894,3.894,3.893,3.895,3.895,3.893,-59.095,-119.000
3.599,3.592,3.587,3.588,3.587,3.589,3.586,3.891,3.893,3.894,3.892,3.891,3.904,3.895,-58.991,-118.000
3.587,3.586,3.588,3.595,3.593,3.589,3.586,3.902,3.889,3.898,3.891,3.896,3.890,3.898,-59.140,-117.000
3.587,3.595,3.583,3.589,3.596,3.592,3.594,3.893,3.896,3.898,3.895,3.896,3.893,3.895,-59.293,-116.000
3.591,3.595,3.587,3.585,3.589,3.589,3.591,3.899,3.897,3.895,3.897,3.895,3.894,3.893,-59.262,-115.000
3.592,3.593,3.591,3.593,3.595,3.592,3.592,3.894,3.886,3.895,3.889,3.894,3.897,3.898,-59.177,-114.000
3.591,3.586,3.592,3.595,3.589,3.596,3.593,3.897,3.896,3.897,3.895,3.901,3.898,3.900,-59.188,-113.000
3.594,3.600,3.593,3.598,3.597,3.593,3.594,3.899,3.899,3.900,3.893,3.899,3.895,3.899,-59.288,-112.000
3.596,3.593,3.592,3.590,3.599,3.592,3.595,3.900,3.893,3.895,3.897,3.892,3.892,3.895,-59.199,-111.000
3.592,3.590,3.589,3.595,3.596,3.594,3.593,3.903,3.898,3.895,3.900,3.891,3.894,3.896,-58.946,-110.000
3.587,3.595,3.594,3.591,3.597,3.593,3.595,3.898,3.896,3.892,3.903,3.901,3.897,3.895,-58.853,-109.000
3.593,3.591,3.590,3.592,3.592,3.597,3.590,3.894,3.893,3.900,3.889,3.895,3.888,3.900,-58.857,-108.000
3.590,3.591,3.594,3.593,3.594,3.590,3.596,3.889,3.895,3.892,3.897,3.897,3.894,3.896,-59.055,-107.000
3.600,3.586,3.593,3.592,3.599,3.598,3.598,3.892,3.893,3.892,3.897,3.891,3.891,3.901,-59.087,-106.000
3.592,3.593,3.593,3.596,3.593,3.589,3.594,3.896,3.894,3.899,3.895,3.897,3.897,3.898,-58.971,-105.000
3.598,3.596,3.598,3.597,3.596,3.595,3.598,3.897,3.898,3.894,3.896,3.901,3.895,3.899,-59.149,-104.000
3.594,3.594,3.592,3.595,3.594,3.600,3.600,3.893,3.895,3.896,3.895,3.893,3.895,3.893,-59.076,-103.000
3.595,3.590,3.593,3.595,3.595,3.598,3.596,3.887,3.894,3.891,3.900,3.896,3.898,3.891,-59.301,-102.000
3.593,3.588,3.590,3.593,3.593,3.596,3.602,3.896,3.895,3.892,3.891,3.892,3.892,3.889,-59.201,-101.000
3.600,3.590,3.599,3.593,3.593,3.596,3.597,3.886,3.890,3.897,3.902,3.892,3.895,3.895,-59.077,-100.000
3.598,3.596,3.594,3.593,3.590,3.592,3.588,3.883,3.887,3.887,3.886,3.896,3.894,3.895,-59.276,-99.000
3.597,3.601,3.594,3.597,3.593,3.599,3.590,3.893,3.899,3.892,3.893,3.892,3.895,3.893,-59.189,-98.000
3.597,3.591,3.593,3.591,3.589,3.598,3.597,3.891,3.890,3.893,3.897,3.889,3.893,3.890,-59.037,-97.000
3.589,3.593,3.596,3.591,3.595,3.592,3.600,3.896,3.897,3.896,3.890,3.889,3.890,3.894,-59.161,-96.000
3.594,3.593,3.595,3.595,3.597,3.595,3.598,3.886,3.892,3.894,3.893,3.892,3.889,3.888,-59.131,-95.000
3.591,3.594,3.594,3.598,3.594,3.595,3.594,3.886,3.896,3.893,3.886,3.885,3.895,3.893,-58.894,-94.000
3.590,3.598,3.599,3.597,3.593,3.600,3.595,3.882,3.893,3.889,3.892,3.888,3.893,3.888,-58.953,-93.000
3.595,3.594,3.598,3.597,3.594,3.597,3.600,3.889,3.892,3.890,3.891,3.891,3.886,3.890,-58.975,-92.000
3.598,3.596,3.601,3.590,3.595,3.606,3.602,3.898,3.894,3.895,3.895,3.892,3.889,3.893,-58.990,-91.000
3.599,3.597,3.599,3.597,3.598,3.603,3.597,3.894,3.896,3.891,3.891,3.893,3.888,3.893,-59.082,-90.000
3.602,3.603,3.598,3.601,3.594,3.601,3.600,3.895,3.895,3.890,3.894,3.888,3.889,3.889,-59.233,-89.000
3.597,3.599,3.602,3.595,3.600,3.594,3.599,3.887,3.892,3.894,3.889,3.881,3.890,3.895,-59.087,-88.000
3.600,3.602,3.593,3.598,3.597,3.596,3.595,3.893,3.890,3.889,3.885,3.889,3.891,3.896,-59.092,-87.000
3.601,3.599,3.599,3.594,3.601,3.603,3.597,3.891,3.890,3.887,3.895,3.890,3.890,3.888,-59.241,-86.000
3.599,3.599,3.600,3.598,3.597,3.599,3.599,3.889,3.889,3.887,3.887,3.888,3.898,3.888,-58.998,-85.000
3.600,3.593,3.607,3.604,3.597,3.596,3.596,3.883,3.889,3.892,3.895,3.890,3.889,3.898,-58.791,-84.000
3.600,3.600,3.597,3.600,3.594,3.596,3.600,3.890,3.889,3.889,3.890,3.888,3.886,3.885,-58.845,-83.000
3.591,3.598,3.599,3.599,3.606,3.601,3.599,3.892,3.891,3.889,3.896,3.890,3.888,3.888,-58.913,-82.000
3.605,3.607,3.604,3.602,3.607,3.599,3.604,3.891,3.889,3.890,3.889,3.893,3.891,3.893,-59.133,-81.000
3.605,3.605,3.603,3.602,3.597,3.607,3.606,3.893,3.887,3.890,3.890,3.890,3.893,3.895,-59.084,-80.000
3.604,3.602,3.605,3.595,3.602,3.605,3.599,3.892,3.899,3.895,3.895,3.896,3.894,3.895,-58.971,-79.000
3.604,3.603,3.607,3.604,3.605,3.603,3.601,3.896,3.894,3.894,3.899,3.896,3.893,3.893,-59.023,-78.000
3.605,3.609,3.604,3.606,3.604,3.606,3.605,3.886,3.890,3.894,3.892,3.894,3.896,3.890,-58.884,-77.000
3.604,3.598,3.600,3.606,3.601,3.602,3.599,3.894,3.893,3.888,3.890,3.894,3.894,3.890,-58.665,-76.000
3.601,3.598,3.603,3.604,3.609,3.605,3.605,3.898,3.904,3.893,3.893,3.889,3.897,3.892,-58.646,-75.000
3.604,3.601,3.601,3.603,3.599,3.602,3.603,3.896,3.889,3.895,3.888,3.890,3.896,3.888,-58.792,-74.000
3.607,3.605,3.601,3.607,3.600,3.601,3.603,3.899,3.893,3.893,3.895,3.895,3.896,3.892,-58.962,-73.000
3.599,3.603,3.603,3.607,3.606,3.610,3.594,3.891,3.893,3.892,3.892,3.890,3.891,3.895,-58.826,-72.000
3.603,3.607,3.600,3.601,3.601,3.603,3.601,3.896,3.890,3.890,3.897,3.895,3.893,3.890,-58.890,-71.000
3.602,3.604,3.604,3.602,3.607,3.603,3.612,3.892,3.895,3.896,3.893,3.896,3.892,3.892,-58.746,-70.000
3.606,3.599,3.604,3.600,3.603,3.604,3.607,3.899,3.893,3.896,3.894,3.890,3.895,3.892,-58.671,-69.000
3.598,3.610,3.601,3.604,3.604,3.603,3.603,3.895,3.883,3.896,3.898,3.893,3.895,3.891,-58.641,-68.000
3.605,3.599,3.605,3.603,3.604,3.601,3.599,3.892,3.892,3.892,3.897,3.895,3.892,3.888,-58.792,-67.000
3.609,3.604,3.606,3.605,3.607,3.607,3.607,3.893,3.893,3.899,3.890,3.898,3.896,3.895,-58.733,-66.000
3.605,3.607,3.606,3.608,3.604,3.611,3.598,3.895,3.895,3.890,3.890,3.889,3.892,3.886,-58.925,-65.000
3.608,3.613,3.610,3.610,3.599,3.609,3.604,3.893,3.898,3.894,3.892,3.901,3.895,3.897,-58.657,-64.000
3.611,3.607,3.599,3.608,3.604,3.608,3.601,3.888,3.884,3.891,3.891,3.889,3.892,3.887,-58.813,-63.000
3.602,3.601,3.602,3.607,3.599,3.604,3.607,3.896,3.887,3.888,3.890,3.887,3.891,3.892,-58.900,-62.000
3.603,3.613,3.602,3.611,3.606,3.602,3.606,3.893,3.890,3.891,3.890,3.893,3.892,3.893,-59.288,-61.000
3.602,3.604,3.603,3.608,3.613,3.605,3.605,3.886,3.893,3.886,3.891,3.889,3.894,3.887,-59.221,-60.000
3.605,3.609,3.605,3.609,3.611,3.606,3.611,3.895,3.892,3.891,3.888,3.892,3.888,3.886,-59.183,-59.000
3.605,3.607,3.604,3.615,3.600,3.606,3.610,3.892,3.892,3.890,3.892,3.888,3.895,3.890,-59.305,-58.000
3.603,3.612,3.613,3.612,3.605,3.606,3.607,3.892,3.889,3.890,3.893,3.895,3.890,3.894,-59.253,-57.000
3.602,3.607,3.607,3.606,3.601,3.606,3.604,3.887,3.892,3.889,3.888,3.895,3.889,3.886,-59.074,-56.000
3.606,3.606,3.603,3.608,3.605,3.608,3.613,3.886,3.891,3.897,3.891,3.893,3.891,3.899,-59.154,-55.000
3.610,3.600,3.609,3.604,3.609,3.606,3.611,3.887,3.887,3.894,3.880,3.885,3.887,3.893,-59.188,-54.000
3.610,3.607,3.607,3.606,3.611,3.611,3.604,3.888,3.886,3.886,3.895,3.886,3.889,3.882,-59.079,-53.000
3.603,3.606,3.612,3.607,3.606,3.607,3.605,3.884,3.891,3.889,3.885,3.888,3.889,3.894,-58.959,-52.000
3.606,3.612,3.608,3.610,3.608,3.611,3.610,3.884,3.890,3.895,3.892,3.892,3.891,3.889,-58.943,-51.000
3.606,3.611,3.615,3.610,3.609,3.605,3.609,3.888,3.891,3.888,3.892,3.890,3.892,3.888,-59.041,-50.000
3.606,3.613,3.611,3.609,3.616,3.615,3.613,3.888,3.890,3.897,3.887,3.885,3.890,3.893,-58.954,-49.000
3.608,3.618,3.608,3.611,3.612,3.611,3.614,3.892,3.890,3.891,3.890,3.889,3.891,3.893,-58.799,-48.000
3.609,3.612,3.613,3.613,3.610,3.614,3.615,3.893,3.886,3.892,3.896,3.896,3.893,3.895,-58.945,-47.000
3.614,3.614,3.613,3.612,3.616,3.609,3.617,3.897,3.888,3.887,3.885,3.885,3.893,3.892,-58.930,-46.000
3.616,3.614,3.614,3.610,3.612,3.608,3.612,3.893,3.891,3.888,3.889,3.887,3.891,3.889,-58.882,-45.000
3.616,3.622,3.608,3.616,3.609,3.622,3.614,3.887,3.894,3.888,3.886,3.883,3.888,3.884,-58.806,-44.000
3.616,3.610,3.615,3.616,3.619,3.616,3.615,3.886,3.896,3.890,3.887,3.888,3.884,3.886,-58.914,-43.000
3.612,3.612,3.615,3.611,3.617,3.612,3.617,3.887,3.889,3.893,3.890,3.885,3.885,3.889,-58.928,-42.000
3.611,3.615,3.614,3.614,3.614,3.615,3.610,3.889,3.890,3.896,3.890,3.890,3.886,3.891,-58.705,-41.000
3.615,3.616,3.616,3.615,3.612,3.613,3.611,3.896,3.886,3.894,3.902,3.890,3.894,3.890,-58.626,-40.000
3.608,3.615,3.615,3.616,3.619,3.609,3.615,3.891,3.888,3.886,3.896,3.892,3.891,3.892,-58.694,-39.000
3.613,3.609,3.619,3.614,3.618,3.612,3.614,3.883,3.894,3.888,3.889,3.886,3.887,3.891,-58.859,-38.000
3.614,3.610,3.617,3.620,3.617,3.608,3.611,3.888,3.889,3.892,3.892,3.887,3.894,3.890,-58.847,-37.000
3.620,3.618,3.616,3.619,3.614,3.612,3.613,3.887,3.886,3.887,3.881,3.892,3.889,3.888,-59.296,-36.000
3.611,3.620,3.616,3.609,3.613,3.612,3.618,3.892,3.889,3.883,3.887,3.891,3.890,3.889,-59.387,-35.000
3.613,3.610,3.620,3.614,3.617,3.615,3.613,3.893,3.893,3.888,3.888,3.887,3.895,3.891,-59.271,-34.000
3.618,3.622,3.615,3.617,3.615,3.620,3.613,3.888,3.887,3.891,3.886,3.893,3.888,3.890,-59.168,-33.000
3.618,3.616,3.616,3.615,3.610,3.617,3.620,3.890,3.892,3.887,3.886,3.888,3.888,3.889,-59.047,-32.000
3.618,3.618,3.613,3.617,3.616,3.616,3.618,3.894,3.892,3.887,3.896,3.897,3.891,3.889,-59.020,-31.000
3.616,3.615,3.615,3.613,3.614,3.616,3.618,3.895,3.891,3.896,3.890,3.887,3.892,3.889,-59.197,-30.000
3.618,3.620,3.616,3.616,3.622,3.620,3.620,3.887,3.893,3.890,3.895,3.892,3.893,3.889,-59.105,-29.000
3.621,3.619,3.625,3.620,3.613,3.617,3.621,3.893,3.895,3.894,3.890,3.893,3.897,3.891,-59.169,-28.000
3.617,3.614,3.616,3.617,3.624,3.616,3.618,3.891,3.890,3.898,3.893,3.894,3.895,3.890,-59.007,-27.000
3.621,3.623,3.622,3.620,3.622,3.619,3.614,3.892,3.891,3.891,3.890,3.900,3.900,3.897,-59.000,-26.000
3.615,3.616,3.623,3.619,3.619,3.615,3.621,3.896,3.895,3.893,3.895,3.889,3.896,3.895,-58.928,-25.000
3.621,3.626,3.620,3.620,3.613,3.616,3.625,3.887,3.893,3.889,3.898,3.892,3.892,3.892,-59.148,-24.000
3.617,3.618,3.618,3.617,3.615,3.617,3.615,3.901,3.889,3.892,3.890,3.894,3.892,3.888,-59.192,-23.000
3.618,3.618,3.622,3.618,3.622,3.619,3.620,3.887,3.893,3.888,3.895,3.892,3.894,3.887,-59.029,-22.000
3.617,3.618,3.619,3.619,3.623,3.625,3.617,3.889,3.894,3.893,3.892,3.891,3.894,3.896,-59.067,-21.000
3.620,3.617,3.617,3.620,3.623,3.625,3.622,3.890,3.889,3.888,3.892,3.888,3.893,3.889,-59.216,-20.000
3.623,3.619,3.619,3.615,3.618,3.620,3.623,3.904,3.880,3.887,3.893,3.891,3.890,3.893,-59.065,-19.000
3.628,3.617,3.619,3.623,3.618,3.620,3.623,3.893,3.892,3.890,3.890,3.895,3.890,3.892,-59.230,-18.000
3.618,3.619,3.615,3.616,3.616,3.626,3.619,3.894,3.891,3.893,3.886,3.893,3.891,3.893,-59.084,-17.000
3.616,3.619,3.619,3.618,3.617,3.626,3.620,3.891,3.891,3.887,3.890,3.892,3.889,3.889,-59.118,-16.000
3.622,3.618,3.618,3.620,3.621,3.628,3.621,3.891,3.898,3.890,3.889,3.894,3.893,3.887,-59.312,-15.000
3.620,3.616,3.620,3.623,3.621,3.617,3.619,3.890,3.887,3.891,3.894,3.890,3.886,3.893,-59.005,-14.000
3.620,3.620,3.621,3.617,3.620,3.616,3.626,3.889,3.892,3.889,3.888,3.887,3.887,3.889,-58.863,-13.000
3.617,3.617,3.624,3.621,3.619,3.620,3.621,3.890,3.891,3.886,3.895,3.889,3.883,3.885,-58.945,-12.000
3.625,3.619,3.620,3.613,3.619,3.619,3.616,3.884,3.885,3.890,3.890,3.888,3.891,3.891,-59.037,-11.000
3.618,3.620,3.622,3.624,3.621,3.622,3.624,3.889,3.895,3.892,3.886,3.890,3.889,3.894,-58.864,-10.000
3.625,3.623,3.619,3.621,3.615,3.619,3.621,3.889,3.883,3.887,3.888,3.889,3.884,3.889,-59.105,-9.000
3.614,3.621,3.621,3.614,3.617,3.622,3.619,3.895,3.885,3.882,3.885,3.888,3.889,3.884,-58.932,-8.000
3.622,3.617,3.618,3.625,3.618,3.623,3.624,3.887,3.885,3.886,3.888,3.887,3.892,3.884,-58.901,-7.000
3.618,3.621,3.624,3.619,3.622,3.614,3.621,3.886,3.885,3.894,3.890,3.890,3.895,3.894,-58.825,-6.000
3.615,3.615,3.619,3.615,3.622,3.627,3.614,3.883,3.883,3.888,3.887,3.888,3.890,3.884,-58.959,-5.000
3.620,3.621,3.615,3.621,3.621,3.618,3.626,3.881,3.892,3.888,3.894,3.892,3.887,3.886,-59.069,-4.000
3.623,3.616,3.621,3.624,3.622,3.624,3.614,3.887,3.888,3.883,3.891,3.889,3.887,3.892,-59.130,-3.000
3.622,3.625,3.625,3.617,3.624,3.618,3.624,3.893,3.889,3.884,3.887,3.889,3.887,3.883,-59.168,-2.000
3.620,3.617,3.621,3.625,3.620,3.620,3.621,3.885,3.881,3.892,3.885,3.882,3.884,3.882,-58.962,-1.000
3.626,3.626,3.623,3.625,3.628,3.625,3.620,3.887,3.886,3.887,3.889,3.882,3.882,3.879,-58.995,0.000
3.619,3.625,3.620,3.621,3.619,3.620,3.618,3.885,3.886,3.884,3.886,3.885,3.886,3.887,-59.157,1.000
3.625,3.622,3.624,3.623,3.623,3.623,3.619,3.884,3.882,3.894,3.891,3.886,3.886,3.885,-59.096,2.000
3.617,3.616,3.617,3.619,3.624,3.617,3.625,3.879,3.883,3.885,3.888,3.882,3.886,3.886,-58.918,3.000
3.616,3.619,3.625,3.621,3.623,3.621,3.621,3.881,3.886,3.889,3.883,3.883,3.889,3.890,-59.084,4.000
3.623,3.630,3.620,3.620,3.626,3.622,3.625,3.882,3.890,3.884,3.885,3.890,3.885,3.888,-58.626,5.000
3.624,3.618,3.618,3.620,3.617,3.618,3.623,3.879,3.886,3.882,3.883,3.882,3.891,3.886,-57.878,6.000
3.624,3.619,3.617,3.618,3.624,3.622,3.617,3.887,3.893,3.888,3.882,3.885,3.885,3.884,-57.261,7.000
3.621,3.618,3.614,3.613,3.622,3.621,3.619,3.883,3.886,3.888,3.883,3.886,3.878,3.883,-57.693,8.000
3.625,3.621,3.609,3.624,3.618,3.620,3.623,3.884,3.884,3.886,3.882,3.884,3.884,3.888,-58.179,9.000
3.624,3.625,3.621,3.619,3.618,3.622,3.622,3.885,3.884,3.894,3.881,3.881,3.883,3.881,-58.440,10.000
3.622,3.613,3.621,3.618,3.621,3.619,3.623,3.884,3.879,3.888,3.883,3.889,3.878,3.875,-58.594,11.000
3.621,3.630,3.617,3.620,3.620,3.625,3.623,3.880,3.888,3.877,3.878,3.882,3.883,3.878,-58.855,12.000
3.618,3.623,3.623,3.623,3.622,3.628,3.628,3.881,3.881,3.877,3.878,3.883,3.887,3.888,-58.581,13.000
3.621,3.621,3.614,3.623,3.625,3.624,3.626,3.877,3.882,3.883,3.886,3.880,3.883,3.883,-58.393,14.000
3.620,3.627,3.620,3.624,3.627,3.620,3.618,3.879,3.880,3.881,3.879,3.885,3.879,3.884,-58.686,15.000
3.625,3.620,3.621,3.624,3.619,3.625,3.622,3.881,3.880,3.882,3.884,3.881,3.886,3.887,-58.781,16.000
3.623,3.620,3.625,3.626,3.621,3.625,3.622,3.880,3.881,3.880,3.879,3.879,3.887,3.882,-58.980,17.000
3.626,3.626,3.621,3.622,3.623,3.625,3.625,3.880,3.882,3.881,3.875,3.889,3.883,3.882,-58.732,18.000
3.625,3.628,3.623,3.627,3.624,3.623,3.625,3.888,3.885,3.883,3.877,3.881,3.889,3.879,-58.772,19.000
3.623,3.628,3.625,3.627,3.626,3.626,3.624,3.882,3.888,3.885,3.886,3.883,3.884,3.885,-58.968,20.000
3.623,3.627,3.624,3.629,3.624,3.628,3.624,3.888,3.885,3.888,3.881,3.886,3.882,3.879,-59.050,21.000
3.629,3.631,3.629,3.631,3.632,3.624,3.626,3.888,3.886,3.891,3.886,3.885,3.879,3.883,-58.926,22.000
3.622,3.626,3.627,3.631,3.630,3.628,3.628,3.885,3.885,3.880,3.889,3.886,3.883,3.885,-58.895,23.000
3.629,3.631,3.625,3.625,3.630,3.630,3.629,3.881,3.888,3.882,3.886,3.884,3.892,3.885,-58.884,24.000
3.628,3.628,3.631,3.628,3.632,3.632,3.629,3.886,3.888,3.887,3.885,3.885,3.886,3.887,-59.059,25.000
3.628,3.627,3.629,3.620,3.629,3.631,3.627,3.889,3.885,3.885,3.895,3.892,3.895,3.890,-59.059,26.000
3.621,3.625,3.625,3.624,3.625,3.629,3.623,3.889,3.883,3.884,3.882,3.881,3.886,3.887,-58.993,27.000
3.625,3.625,3.626,3.629,3.626,3.626,3.623,3.886,3.882,3.883,3.887,3.884,3.883,3.886,-58.827,28.000
3.628,3.629,3.626,3.619,3.627,3.627,3.627,3.884,3.890,3.885,3.887,3.889,3.886,3.881,-58.881,29.000
3.621,3.621,3.625,3.634,3.625,3.626,3.632,3.887,3.884,3.885,3.885,3.886,3.888,3.890,-58.735,30.000
3.635,3.625,3.627,3.625,3.624,3.623,3.627,3.889,3.891,3.884,3.883,3.886,3.883,3.882,-58.721,31.000
3.632,3.629,3.631,3.625,3.630,3.627,3.629,3.889,3.892,3.892,3.890,3.888,3.887,3.886,-58.997,32.000
3.630,3.631,3.632,3.627,3.631,3.628,3.633,3.885,3.884,3.888,3.887,3.890,3.887,3.885,-58.928,33.000
3.632,3.630,3.632,3.631,3.632,3.634,3.630,3.884,3.892,3.892,3.897,3.888,3.890,3.890,-58.874,34.000
3.629,3.640,3.633,3.633,3.638,3.627,3.633,3.887,3.881,3.893,3.888,3.886,3.882,3.887,-58.774,35.000
3.628,3.635,3.631,3.631,3.628,3.630,3.626,3.884,3.887,3.888,3.888,3.890,3.886,3.888,-58.727,36.000
3.629,3.629,3.632,3.628,3.626,3.630,3.630,3.883,3.888,3.880,3.885,3.886,3.886,3.886,-58.993,37.000
3.626,3.630,3.626,3.631,3.631,3.632,3.631,3.884,3.890,3.888,3.884,3.882,3.884,3.884,-58.931,38.000
3.638,3.627,3.631,3.630,3.634,3.628,3.630,3.889,3.888,3.887,3.886,3.882,3.887,3.889,-58.978,39.000
3.628,3.632,3.632,3.636,3.631,3.638,3.629,3.882,3.882,3.889,3.884,3.886,3.882,3.887,-59.189,40.000
3.630,3.633,3.634,3.629,3.627,3.632,3.630,3.885,3.890,3.889,3.887,3.886,3.890,3.887,-59.005,41.000
3.628,3.634,3.631,3.632,3.629,3.635,3.628,3.887,3.881,3.884,3.891,3.889,3.885,3.881,-58.838,42.000
3.632,3.631,3.633,3.632,3.626,3.629,3.633,3.888,3.883,3.886,3.888,3.881,3.882,3.882,-58.948,43.000
3.627,3.624,3.629,3.631,3.626,3.629,3.628,3.889,3.889,3.881,3.880,3.879,3.880,3.884,-59.103,44.000
3.627,3.625,3.630,3.628,3.620,3.629,3.627,3.884,3.887,3.885,3.881,3.887,3.878,3.881,-59.020,45.000
3.627,3.629,3.625,3.634,3.628,3.628,3.627,3.884,3.883,3.881,3.880,3.882,3.885,3.882,-59.007,46.000
3.624,3.627,3.628,3.628,3.625,3.620,3.631,3.888,3.878,3.877,3.880,3.883,3.886,3.883,-59.304,47.000
3.629,3.627,3.628,3.626,3.626,3.629,3.632,3.875,3.872,3.874,3.878,3.882,3.876,3.881,-59.195,48.000
3.627,3.630,3.627,3.627,3.624,3.626,3.629,3.881,3.879,3.879,3.875,3.878,3.879,3.878,-59.427,49.000
3.627,3.633,3.628,3.630,3.628,3.627,3.629,3.879,3.876,3.885,3.878,3.878,3.879,3.879,-59.079,50.000
3.631,3.629,3.626,3.633,3.629,3.630,3.630,3.883,3.876,3.884,3.883,3.884,3.875,3.879,-59.183,51.000
3.628,3.637,3.629,3.631,3.633,3.630,3.629,3.879,3.878,3.879,3.877,3.877,3.883,3.873,-59.067,52.000
3.625,3.629,3.628,3.629,3.626,3.631,3.623,3.881,3.879,3.880,3.880,3.879,3.878,3.889,-59.005,53.000
3.624,3.632,3.631,3.628,3.626,3.626,3.627,3.884,3.879,3.880,3.876,3.885,3.879,3.879,-59.222,54.000
3.629,3.628,3.629,3.629,3.629,3.632,3.628,3.884,3.879,3.886,3.885,3.882,3.876,3.878,-59.214,55.000
3.632,3.632,3.632,3.633,3.628,3.629,3.626,3.880,3.883,3.879,3.881,3.875,3.883,3.880,-59.367,56.000
3.632,3.633,3.631,3.638,3.631,3.635,3.625,3.882,3.878,3.879,3.885,3.876,3.886,3.883,-59.108,57.000
3.634,3.629,3.629,3.631,3.632,3.638,3.630,3.879,3.881,3.877,3.882,3.881,3.882,3.881,-58.994,58.000
3.632,3.628,3.628,3.623,3.633,3.628,3.630,3.888,3.880,3.876,3.874,3.878,3.878,3.876,-58.894,59.000
3.624,3.632,3.631,3.631,3.634,3.633,3.632,3.878,3.888,3.883,3.883,3.879,3.881,3.885,-58.991,60.000
3.634,3.633,3.625,3.630,3.635,3.631,3.637,3.876,3.882,3.887,3.881,3.883,3.876,3.884,-59.015,61.000
3.637,3.633,3.634,3.632,3.639,3.634,3.635,3.887,3.881,3.887,3.883,3.885,3.883,3.887,-58.930,62.000
3.636,3.634,3.634,3.637,3.633,3.631,3.631,3.881,3.891,3.887,3.883,3.888,3.884,3.883,-59.026,63.000
3.633,3.632,3.639,3.631,3.637,3.637,3.640,3.883,3.882,3.884,3.888,3.891,3.890,3.890,-58.943,64.000
3.642,3.634,3.640,3.637,3.637,3.631,3.638,3.882,3.886,3.883,3.892,3.885,3.879,3.884,-58.860,65.000
3.638,3.632,3.640,3.636,3.631,3.634,3.633,3.890,3.885,3.886,3.883,3.880,3.882,3.881,-58.817,66.000
3.632,3.631,3.632,3.640,3.633,3.633,3.635,3.882,3.880,3.879,3.882,3.879,3.883,3.882,-58.839,67.000
3.631,3.641,3.639,3.636,3.628,3.636,3.631,3.885,3.882,3.883,3.884,3.883,3.880,3.881,-58.862,68.000
3.632,3.631,3.636,3.634,3.631,3.635,3.631,3.880,3.882,3.879,3.883,3.881,3.883,3.876,-59.013,69.000
3.638,3.626,3.638,3.633,3.640,3.631,3.639,3.879,3.883,3.880,3.877,3.876,3.877,3.875,-59.022,70.000
3.632,3.629,3.632,3.632,3.631,3.638,3.631,3.881,3.882,3.877,3.879,3.882,3.878,3.876,-58.917,71.000
3.631,3.636,3.629,3.632,3.630,3.630,3.633,3.875,3.876,3.875,3.875,3.876,3.880,3.877,-59.000,72.000
3.637,3.636,3.634,3.636,3.627,3.633,3.626,3.879,3.876,3.880,3.877,3.878,3.877,3.875,-59.014,73.000
3.631,3.630,3.630,3.632,3.633,3.628,3.627,3.864,3.871,3.879,3.873,3.874,3.871,3.875,-58.803,74.000
3.636,3.627,3.635,3.623,3.633,3.625,3.632,3.872,3.881,3.872,3.874,3.874,3.869,3.876,-58.834,75.000
3.633,3.624,3.633,3.634,3.634,3.629,3.633,3.875,3.866,3.880,3.874,3.877,3.867,3.872,-58.809,76.000
3.635,3.634,3.636,3.629,3.626,3.629,3.629,3.869,3.873,3.876,3.871,3.874,3.875,3.872,-59.152,77.000
3.630,3.631,3.637,3.631,3.629,3.636,3.626,3.866,3.872,3.876,3.876,3.879,3.876,3.874,-59.062,78.000
3.632,3.632,3.633,3.630,3.633,3.628,3.632,3.866,3.872,3.868,3.878,3.877,3.875,3.876,-58.960,79.000
3.634,3.626,3.632,3.639,3.629,3.628,3.638,3.881,3.876,3.878,3.872,3.874,3.869,3.877,-58.855,80.000
3.629,3.635,3.632,3.632,3.635,3.630,3.636,3.868,3.877,3.874,3.873,3.877,3.875,3.874,-59.039,81.000
3.633,3.636,3.631,3.624,3.630,3.633,3.633,3.874,3.871,3.872,3.868,3.877,3.876,3.878,-59.035,82.000
3.630,3.634,3.630,3.628,3.633,3.634,3.633,3.873,3.875,3.878,3.878,3.868,3.871,3.871,-59.034,83.000
3.631,3.631,3.632,3.633,3.638,3.631,3.632,3.873,3.868,3.872,3.875,3.870,3.881,3.878,-58.808,84.000
3.638,3.640,3.637,3.640,3.637,3.630,3.639,3.880,3.874,3.876,3.877,3.881,3.881,3.886,-58.688,85.000
3.637,3.637,3.642,3.635,3.630,3.640,3.639,3.875,3.875,3.875,3.875,3.873,3.876,3.873,-58.911,86.000
3.637,3.637,3.633,3.632,3.637,3.642,3.637,3.872,3.877,3.878,3.879,3.873,3.878,3.870,-58.781,87.000
3.636,3.640,3.639,3.635,3.637,3.640,3.638,3.872,3.871,3.879,3.872,3.877,3.881,3.874,-58.799,88.000
3.639,3.642,3.646,3.637,3.638,3.640,3.644,3.885,3.882,3.873,3.875,3.876,3.885,3.879,-59.005,89.000
3.635,3.643,3.635,3.644,3.638,3.635,3.641,3.881,3.882,3.883,3.876,3.877,3.876,3.874,-59.033,90.000
3.631,3.637,3.639,3.638,3.636,3.633,3.635,3.876,3.868,3.874,3.881,3.878,3.874,3.879,-59.093,91.000
3.638,3.632,3.631,3.636,3.641,3.636,3.638,3.877,3.879,3.879,3.878,3.878,3.876,3.878,-59.124,92.000
3.636,3.638,3.647,3.633,3.636,3.632,3.646,3.883,3.879,3.884,3.880,3.878,3.878,3.886,-58.883,93.000
3.639,3.638,3.643,3.638,3.639,3.637,3.642,3.870,3.881,3.873,3.883,3.882,3.878,3.881,-58.864,94.000
3.638,3.640,3.642,3.643,3.636,3.642,3.639,3.879,3.878,3.872,3.873,3.877,3.878,3.879,-58.990,95.000
3.637,3.636,3.636,3.639,3.635,3.631,3.645,3.876,3.870,3.869,3.874,3.876,3.874,3.880,-58.985,96.000
3.638,3.640,3.636,3.640,3.637,3.639,3.639,3.869,3.875,3.874,3.874,3.875,3.878,3.875,-58.975,97.000
3.643,3.645,3.640,3.634,3.638,3.639,3.635,3.879,3.875,3.877,3.878,3.873,3.881,3.877,-59.203,98.000
3.638,3.641,3.639,3.640,3.634,3.637,3.641,3.878,3.876,3.873,3.872,3.874,3.876,3.878,-59.002,99.000
3.637,3.642,3.636,3.638,3.633,3.639,3.644,3.876,3.876,3.870,3.872,3.872,3.872,3.870,-58.882,100.000
3.638,3.638,3.637,3.638,3.635,3.639,3.640,3.868,3.871,3.874,3.871,3.871,3.868,3.877,-58.737,101.000
3.637,3.643,3.634,3.640,3.637,3.641,3.644,3.871,3.873,3.870,3.872,3.874,3.880,3.867,-58.160,102.000
3.637,3.634,3.635,3.636,3.635,3.637,3.639,3.873,3.872,3.870,3.874,3.873,3.871,3.866,-57.328,103.000
3.635,3.643,3.637,3.645,3.640,3.641,3.638,3.874,3.873,3.873,3.873,3.879,3.879,3.872,-57.810,104.000
3.637,3.638,3.642,3.640,3.635,3.635,3.640,3.873,3.877,3.877,3.873,3.876,3.874,3.871,-58.147,105.000
3.636,3.639,3.644,3.641,3.641,3.644,3.647,3.869,3.877,3.874,3.876,3.873,3.875,3.870,-58.359,106.000
3.641,3.641,3.640,3.637,3.642,3.639,3.644,3.876,3.872,3.874,3.868,3.871,3.878,3.875,-58.584,107.000
3.636,3.635,3.637,3.633,3.644,3.634,3.637,3.875,3.870,3.873,3.869,3.874,3.873,3.878,-58.907,108.000
3.638,3.639,3.637,3.641,3.638,3.641,3.640,3.875,3.872,3.877,3.874,3.872,3.877,3.872,-59.018,109.000
3.640,3.638,3.636,3.640,3.640,3.640,3.642,3.869,3.874,3.869,3.875,3.868,3.872,3.871,-58.962,110.000
3.637,3.635,3.635,3.639,3.636,3.640,3.636,3.876,3.867,3.872,3.870,3.874,3.875,3.872,-59.023,111.000
3.638,3.642,3.641,3.637,3.642,3.644,3.642,3.875,3.874,3.874,3.873,3.876,3.870,3.871,-58.955,112.000
3.642,3.644,3.639,3.641,3.635,3.640,3.635,3.872,3.873,3.872,3.875,3.876,3.878,3.875,-58.920,113.000
3.636,3.638,3.640,3.636,3.637,3.634,3.636,3.874,3.877,3.867,3.866,3.871,3.870,3.874,-58.823,114.000
3.632,3.642,3.639,3.636,3.640,3.647,3.638,3.872,3.871,3.878,3.869,3.874,3.874,3.874,-58.777,115.000
3.639,3.637,3.639,3.635,3.636,3.640,3.637,3.866,3.876,3.874,3.871,3.873,3.872,3.875,-58.806,116.000
3.637,3.638,3.635,3.642,3.637,3.637,3.636,3.877,3.871,3.870,3.866,3.874,3.877,3.871,-58.970,117.000
3.637,3.637,3.631,3.642,3.641,3.638,3.641,3.871,3.870,3.876,3.870,3.868,3.869,3.870,-59.294,118.000
3.637,3.636,3.640,3.641,3.638,3.637,3.640,3.872,3.873,3.874,3.871,3.867,3.873,3.876,-59.171,119.000
3.631,3.637,3.636,3.637,3.639,3.639,3.634,3.877,3.867,3.860,3.870,3.869,3.873,3.871,-59.090,120.000
3.638,3.640,3.639,3.638,3.640,3.633,3.638,3.863,3.872,3.868,3.862,3.869,3.873,3.871,-59.321,121.000
3.637,3.640,3.638,3.637,3.639,3.636,3.640,3.869,3.872,3.863,3.873,3.867,3.871,3.869,-59.043,122.000
3.634,3.637,3.636,3.633,3.634,3.638,3.634,3.869,3.866,3.868,3.864,3.867,3.860,3.866,-59.227,123.000
3.636,3.637,3.642,3.646,3.643,3.634,3.636,3.879,3.867,3.879,3.867,3.866,3.867,3.868,-59.344,124.000
3.638,3.633,3.639,3.641,3.638,3.632,3.641,3.868,3.871,3.870,3.868,3.866,3.867,3.868,-59.322,125.000
3.636,3.639,3.637,3.634,3.636,3.630,3.637,3.863,3.867,3.870,3.870,3.872,3.868,3.867,-59.164,126.000
3.635,3.635,3.634,3.629,3.639,3.633,3.640,3.867,3.870,3.869,3.869,3.868,3.863,3.867,-59.066,127.000
3.638,3.636,3.646,3.640,3.637,3.635,3.636,3.865,3.868,3.868,3.867,3.860,3.865,3.864,-58.794,128.000
3.641,3.638,3.636,3.635,3.635,3.636,3.631,3.865,3.864,3.870,3.870,3.872,3.872,3.876,-59.057,129.000
3.637,3.633,3.640,3.633,3.634,3.638,3.630,3.866,3.861,3.861,3.862,3.868,3.860,3.863,-59.168,130.000
3.636,3.640,3.631,3.641,3.633,3.638,3.628,3.871,3.868,3.867,3.866,3.861,3.864,3.866,-59.192,131.000
3.633,3.637,3.637,3.636,3.633,3.637,3.631,3.870,3.868,3.866,3.863,3.864,3.865,3.870,-59.180,132.000
3.633,3.635,3.639,3.640,3.641,3.635,3.637,3.873,3.869,3.861,3.871,3.860,3.864,3.867,-59.082,133.000
3.640,3.641,3.633,3.637,3.639,3.634,3.639,3.868,3.867,3.867,3.866,3.865,3.872,3.867,-59.279,134.000
3.632,3.636,3.641,3.635,3.630,3.638,3.637,3.868,3.864,3.868,3.868,3.870,3.868,3.868,-59.062,135.000
3.638,3.641,3.631,3.635,3.632,3.640,3.637,3.863,3.869,3.865,3.865,3.865,3.867,3.865,-58.987,136.000
3.639,3.638,3.642,3.640,3.636,3.635,3.634,3.866,3.869,3.865,3.871,3.868,3.870,3.872,-59.057,137.000
3.635,3.634,3.629,3.633,3.633,3.634,3.629,3.871,3.864,3.860,3.865,3.866,3.868,3.866,-59.384,138.000
3.638,3.632,3.628,3.644,3.634,3.634,3.640,3.860,3.866,3.869,3.866,3.870,3.863,3.867,-59.081,139.000
3.633,3.632,3.632,3.634,3.634,3.634,3.633,3.863,3.868,3.858,3.867,3.864,3.868,3.867,-59.193,140.000
3.632,3.632,3.630,3.635,3.632,3.632,3.630,3.863,3.861,3.856,3.863,3.867,3.867,3.864,-59.018,141.000
3.636,3.638,3.631,3.634,3.627,3.637,3.635,3.864,3.863,3.862,3.864,3.861,3.859,3.867,-59.106,142.000
3.638,3.641,3.634,3.635,3.630,3.633,3.629,3.867,3.863,3.865,3.867,3.863,3.863,3.864,-59.009,143.000
3.632,3.632,3.633,3.643,3.639,3.633,3.633,3.864,3.865,3.862,3.865,3.857,3.864,3.870,-59.045,144.000
3.632,3.634,3.629,3.638,3.639,3.636,3.630,3.865,3.860,3.862,3.863,3.869,3.864,3.864,-59.343,145.000
3.633,3.635,3.627,3.633,3.632,3.635,3.638,3.866,3.856,3.859,3.862,3.872,3.865,3.863,-59.320,146.000
3.639,3.634,3.636,3.640,3.637,3.639,3.635,3.864,3.869,3.868,3.867,3.864,3.868,3.864,-59.192,147.000
3.642,3.637,3.640,3.641,3.636,3.641,3.635,3.871,3.872,3.873,3.868,3.867,3.870,3.869,-59.213,148.000
3.643,3.637,3.641,3.641,3.639,3.635,3.634,3.869,3.878,3.874,3.878,3.873,3.870,3.866,-59.121,149.000
3.637,3.638,3.639,3.643,3.636,3.644,3.642,3.869,3.871,3.869,3.875,3.872,3.872,3.872,-59.210,150.000
3.637,3.638,3.642,3.642,3.640,3.637,3.640,3.870,3.870,3.870,3.873,3.871,3.871,3.870,-59.082,151.000
3.636,3.642,3.640,3.639,3.634,3.641,3.637,3.866,3.861,3.867,3.872,3.869,3.865,3.871,-59.005,152.000
3.641,3.642,3.640,3.635,3.634,3.643,3.642,3.866,3.865,3.863,3.869,3.875,3.871,3.865,-59.069,153.000
3.640,3.638,3.638,3.643,3.637,3.641,3.634,3.866,3.874,3.864,3.870,3.867,3.867,3.867,-59.013,154.000
3.639,3.641,3.640,3.638,3.644,3.638,3.633,3.867,3.865,3.869,3.868,3.867,3.861,3.865,-59.201,155.000
3.644,3.642,3.636,3.642,3.642,3.637,3.634,3.865,3.864,3.860,3.867,3.874,3.870,3.869,-59.009,156.000
3.639,3.639,3.641,3.640,3.635,3.638,3.646,3.870,3.870,3.867,3.863,3.867,3.864,3.862,-58.939,157.000
3.640,3.639,3.635,3.647,3.635,3.639,3.635,3.865,3.858,3.864,3.867,3.864,3.862,3.865,-58.946,158.000
3.638,3.639,3.637,3.639,3.638,3.641,3.637,3.866,3.865,3.864,3.866,3.864,3.863,3.858,-58.990,159.000
3.635,3.640,3.638,3.639,3.636,3.641,3.637,3.859,3.864,3.861,3.859,3.861,3.863,3.864,-58.996,160.000
3.631,3.640,3.632,3.631,3.642,3.636,3.640,3.863,3.864,3.863,3.861,3.860,3.860,3.860,-59.086,161.000
3.636,3.635,3.638,3.630,3.637,3.631,3.641,3.864,3.862,3.862,3.862,3.857,3.864,3.866,-59.242,162.000
3.635,3.635,3.636,3.638,3.635,3.637,3.642,3.862,3.867,3.861,3.863,3.856,3.866,3.865,-59.171,163.000
3.642,3.642,3.635,3.637,3.638,3.635,3.636,3.867,3.870,3.865,3.868,3.859,3.863,3.865,-59.268,164.000
3.641,3.647,3.641,3.636,3.640,3.645,3.640,3.868,3.868,3.866,3.866,3.870,3.867,3.864,-59.518,165.000
3.634,3.644,3.642,3.640,3.641,3.641,3.638,3.864,3.865,3.864,3.866,3.868,3.867,3.868,-59.405,166.000
3.641,3.642,3.633,3.641,3.635,3.641,3.637,3.865,3.862,3.872,3.867,3.864,3.866,3.867,-59.298,167.000
3.635,3.640,3.639,3.641,3.638,3.635,3.638,3.863,3.863,3.860,3.860,3.861,3.868,3.868,-59.292,168.000
3.638,3.633,3.643,3.643,3.640,3.629,3.639,3.861,3.865,3.862,3.865,3.864,3.856,3.864,-59.141,169.000
3.635,3.637,3.635,3.633,3.640,3.638,3.637,3.865,3.861,3.861,3.862,3.865,3.864,3.856,-59.177,170.000
3.638,3.640,3.638,3.634,3.639,3.633,3.637,3.865,3.857,3.863,3.868,3.868,3.869,3.867,-59.258,171.000
3.639,3.636,3.634,3.633,3.634,3.641,3.638,3.865,3.870,3.864,3.867,3.865,3.865,3.864,-59.419,172.000
3.638,3.639,3.642,3.644,3.636,3.638,3.636,3.869,3.868,3.865,3.870,3.865,3.867,3.867,-59.406,173.000
3.634,3.636,3.641,3.631,3.640,3.637,3.642,3.866,3.864,3.870,3.866,3.863,3.861,3.866,-59.234,174.000
3.639,3.639,3.630,3.640,3.635,3.636,3.637,3.868,3.866,3.867,3.868,3.865,3.863,3.868,-59.096,175.000
3.640,3.634,3.639,3.641,3.638,3.645,3.638,3.863,3.862,3.865,3.866,3.864,3.867,3.866,-59.081,176.000
3.640,3.638,3.639,3.642,3.632,3.640,3.646,3.866,3.863,3.869,3.862,3.865,3.867,3.868,-59.222,177.000
3.637,3.637,3.632,3.644,3.638,3.635,3.639,3.865,3.867,3.858,3.864,3.867,3.861,3.861,-58.948,178.000
3.637,3.639,3.640,3.639,3.641,3.642,3.645,3.862,3.867,3.860,3.863,3.864,3.872,3.870,-59.140,179.000
3.644,3.639,3.643,3.640,3.638,3.644,3.650,3.874,3.871,3.869,3.860,3.864,3.864,3.869,-59.125,180.000
3.641,3.640,3.643,3.649,3.645,3.643,3.644,3.864,3.864,3.861,3.866,3.873,3.865,3.871,-59.274,181.000
3.640,3.641,3.644,3.640,3.644,3.639,3.644,3.863,3.870,3.862,3.867,3.868,3.863,3.863,-59.301,182.000
3.641,3.645,3.638,3.644,3.645,3.642,3.639,3.864,3.860,3.864,3.874,3.863,3.857,3.865,-59.224,183.000
3.644,3.638,3.641,3.641,3.646,3.639,3.641,3.866,3.864,3.865,3.866,3.870,3.868,3.859,-59.299,184.000
3.649,3.643,3.644,3.641,3.643,3.644,3.646,3.873,3.857,3.867,3.860,3.861,3.862,3.863,-59.114,185.000
3.640,3.645,3.646,3.646,3.645,3.641,3.640,3.862,3.867,3.863,3.869,3.862,3.862,3.861,-59.354,186.000
3.648,3.643,3.648,3.648,3.645,3.645,3.647,3.862,3.861,3.867,3.865,3.865,3.869,3.863,-59.431,187.000
3.645,3.651,3.646,3.650,3.647,3.644,3.649,3.866,3.866,3.863,3.869,3.864,3.866,3.866,-59.304,188.000
3.641,3.646,3.647,3.644,3.646,3.643,3.649,3.865,3.867,3.870,3.863,3.865,3.869,3.869,-59.526,189.000
3.644,3.651,3.644,3.643,3.651,3.649,3.651,3.872,3.869,3.874,3.866,3.873,3.867,3.869,-59.325,190.000
3.647,3.647,3.647,3.648,3.648,3.645,3.647,3.860,3.869,3.871,3.864,3.867,3.876,3.862,-59.234,191.000
3.646,3.656,3.648,3.649,3.654,3.650,3.645,3.867,3.863,3.869,3.871,3.868,3.862,3.862,-59.084,192.000
3.645,3.643,3.654,3.651,3.651,3.645,3.649,3.866,3.863,3.866,3.865,3.867,3.870,3.866,-59.021,193.000
3.651,3.649,3.646,3.647,3.645,3.651,3.644,3.869,3.866,3.870,3.868,3.871,3.866,3.867,-59.132,194.000
3.645,3.646,3.640,3.645,3.641,3.644,3.642,3.862,3.858,3.866,3.861,3.865,3.867,3.867,-58.899,195.000
3.647,3.639,3.648,3.644,3.642,3.641,3.643,3.859,3.859,3.867,3.864,3.860,3.856,3.865,-58.929,196.000
3.640,3.640,3.646,3.643,3.652,3.642,3.639,3.860,3.866,3.863,3.859,3.864,3.863,3.855,-58.988,197.000
3.644,3.646,3.642,3.652,3.641,3.643,3.646,3.862,3.862,3.863,3.863,3.860,3.860,3.865,-59.076,198.000
3.643,3.649,3.652,3.645,3.646,3.642,3.648,3.863,3.862,3.862,3.864,3.863,3.855,3.858,-58.954,199.000
3.640,3.647,3.644,3.642,3.648,3.644,3.646,3.869,3.865,3.861,3.866,3.863,3.865,3.864,-59.054,200.000
3.653,3.642,3.647,3.647,3.644,3.643,3.645,3.868,3.859,3.860,3.860,3.864,3.858,3.866,-58.943,201.000
3.653,3.644,3.641,3.643,3.648,3.643,3.644,3.865,3.865,3.863,3.863,3.865,3.866,3.864,-58.981,202.000
3.646,3.652,3.656,3.649,3.642,3.645,3.652,3.866,3.861,3.868,3.862,3.868,3.865,3.865,-59.027,203.000
3.648,3.643,3.647,3.643,3.652,3.648,3.650,3.867,3.863,3.870,3.863,3.868,3.859,3.861,-59.185,204.000
3.642,3.652,3.638,3.648,3.647,3.649,3.643,3.865,3.868,3.861,3.862,3.871,3.864,3.862,-59.213,205.000
3.647,3.647,3.648,3.644,3.651,3.647,3.646,3.862,3.861,3.868,3.866,3.862,3.862,3.861,-59.226,206.000
3.646,3.645,3.644,3.643,3.648,3.645,3.643,3.861,3.854,3.863,3.866,3.863,3.867,3.861,-59.329,207.000
3.649,3.651,3.649,3.648,3.649,3.641,3.652,3.871,3.865,3.868,3.862,3.865,3.865,3.870,-59.244,208.000
3.656,3.646,3.654,3.649,3.643,3.651,3.643,3.864,3.866,3.865,3.868,3.871,3.866,3.869,-59.118,209.000
3.653,3.654,3.651,3.650,3.655,3.646,3.649,3.869,3.869,3.865,3.869,3.871,3.873,3.862,-59.092,210.000
3.652,3.650,3.647,3.653,3.651,3.646,3.649,3.866,3.870,3.873,3.867,3.866,3.873,3.867,-59.029,211.000
3.652,3.649,3.650,3.646,3.654,3.648,3.653,3.866,3.867,3.878,3.872,3.869,3.872,3.869,-59.082,212.000
3.653,3.653,3.646,3.652,3.646,3.656,3.648,3.869,3.865,3.874,3.870,3.862,3.865,3.862,-58.981,213.000
3.649,3.645,3.648,3.650,3.646,3.649,3.649,3.869,3.866,3.867,3.857,3.864,3.864,3.873,-58.922,214.000
3.647,3.650,3.652,3.650,3.645,3.645,3.645,3.860,3.868,3.858,3.868,3.866,3.864,3.863,-59.092,215.000
3.649,3.645,3.647,3.649,3.651,3.643,3.651,3.864,3.866,3.863,3.865,3.858,3.867,3.863,-59.102,216.000
3.647,3.653,3.646,3.650,3.644,3.656,3.652,3.860,3.858,3.861,3.870,3.862,3.863,3.860,-59.054,217.000
3.645,3.649,3.647,3.645,3.641,3.647,3.646,3.865,3.860,3.867,3.860,3.866,3.867,3.866,-59.008,218.000
3.649,3.646,3.647,3.650,3.645,3.645,3.653,3.862,3.866,3.868,3.867,3.862,3.861,3.859,-58.957,219.000
3.652,3.650,3.646,3.644,3.645,3.653,3.646,3.866,3.867,3.866,3.865,3.868,3.867,3.867,-59.033,220.000
3.652,3.649,3.650,3.652,3.649,3.650,3.648,3.865,3.859,3.864,3.874,3.864,3.866,3.869,-58.918,221.000
3.650,3.656,3.651,3.648,3.643,3.653,3.650,3.864,3.870,3.862,3.859,3.866,3.867,3.867,-59.152,222.000
3.647,3.654,3.647,3.651,3.649,3.652,3.643,3.868,3.866,3.863,3.867,3.870,3.868,3.871,-59.142,223.000
3.651,3.647,3.649,3.646,3.647,3.654,3.654,3.866,3.866,3.865,3.866,3.865,3.872,3.870,-59.102,224.000
3.649,3.649,3.654,3.645,3.650,3.647,3.646,3.865,3.868,3.870,3.866,3.868,3.868,3.865,-59.172,225.000
3.648,3.646,3.653,3.654,3.654,3.645,3.650,3.861,3.867,3.864,3.866,3.865,3.864,3.867,-59.086,226.000
3.642,3.649,3.646,3.658,3.653,3.650,3.644,3.867,3.868,3.869,3.867,3.873,3.862,3.866,-58.938,227.000
3.649,3.646,3.647,3.646,3.651,3.651,3.652,3.863,3.864,3.862,3.875,3.869,3.865,3.865,-59.008,228.000
3.640,3.639,3.647,3.647,3.648,3.648,3.646,3.865,3.866,3.863,3.861,3.865,3.867,3.864,-59.193,229.000
3.645,3.650,3.651,3.645,3.648,3.646,3.648,3.860,3.861,3.859,3.861,3.860,3.859,3.866,-59.325,230.000
3.643,3.643,3.648,3.655,3.642,3.646,3.644,3.861,3.864,3.864,3.863,3.859,3.860,3.860,-59.153,231.000
3.645,3.645,3.648,3.648,3.644,3.642,3.642,3.864,3.863,3.862,3.862,3.856,3.857,3.860,-59.086,232.000
3.647,3.642,3.646,3.640,3.647,3.644,3.648,3.861,3.857,3.860,3.862,3.869,3.858,3.862,-59.213,233.000
3.646,3.646,3.642,3.649,3.643,3.649,3.645,3.857,3.861,3.865,3.863,3.858,3.858,3.864,-59.023,234.000
3.650,3.647,3.646,3.648,3.649,3.642,3.646,3.863,3.858,3.860,3.869,3.860,3.863,3.861,-58.862,235.000
3.649,3.646,3.651,3.648,3.654,3.641,3.645,3.861,3.864,3.859,3.861,3.867,3.860,3.871,-58.811,236.000
3.647,3.650,3.648,3.646,3.650,3.646,3.649,3.862,3.863,3.863,3.868,3.862,3.863,3.861,-58.972,237.000
3.650,3.648,3.648,3.650,3.651,3.648,3.648,3.862,3.863,3.865,3.866,3.868,3.867,3.867,-59.214,238.000
3.649,3.653,3.649,3.651,3.648,3.656,3.651,3.866,3.868,3.876,3.862,3.861,3.863,3.869,-59.260,239.000
3.655,3.648,3.653,3.650,3.652,3.651,3.646,3.861,3.867,3.867,3.871,3.870,3.865,3.874,-59.068,240.000
3.651,3.649,3.651,3.650,3.650,3.651,3.651,3.866,3.864,3.868,3.868,3.868,3.867,3.866,-58.930,241.000
3.650,3.653,3.652,3.649,3.656,3.647,3.647,3.868,3.872,3.870,3.872,3.879,3.863,3.876,-59.026,242.000
3.648,3.654,3.652,3.655,3.654,3.656,3.657,3.871,3.874,3.870,3.871,3.870,3.870,3.871,-59.026,243.000
3.660,3.656,3.656,3.653,3.662,3.653,3.664,3.867,3.872,3.871,3.871,3.874,3.872,3.862,-58.879,244.000
3.651,3.657,3.655,3.655,3.656,3.657,3.659,3.873,3.871,3.871,3.869,3.871,3.877,3.876,-59.035,245.000
3.653,3.653,3.658,3.660,3.656,3.659,3.656,3.868,3.875,3.874,3.874,3.872,3.873,3.876,-59.080,246.000
3.657,3.652,3.653,3.652,3.656,3.653,3.650,3.866,3.871,3.866,3.874,3.876,3.865,3.873,-59.120,247.000
3.655,3.653,3.654,3.650,3.650,3.654,3.652,3.869,3.873,3.877,3.870,3.868,3.871,3.871,-59.068,248.000
3.651,3.654,3.653,3.651,3.651,3.652,3.656,3.868,3.864,3.866,3.867,3.866,3.868,3.867,-59.119,249.000
3.648,3.648,3.653,3.652,3.655,3.647,3.647,3.862,3.871,3.865,3.863,3.869,3.867,3.861,-59.070,250.000
3.650,3.655,3.654,3.649,3.649,3.648,3.657,3.867,3.865,3.868,3.870,3.865,3.870,3.863,-59.135,251.000
3.654,3.651,3.649,3.652,3.652,3.652,3.654,3.867,3.867,3.866,3.866,3.860,3.868,3.860,-58.997,252.000
3.646,3.646,3.648,3.659,3.652,3.649,3.653,3.864,3.867,3.870,3.862,3.862,3.861,3.862,-59.024,253.000
3.652,3.646,3.650,3.645,3.653,3.651,3.654,3.858,3.860,3.870,3.867,3.859,3.866,3.866,-58.907,254.000
3.647,3.656,3.649,3.656,3.651,3.653,3.657,3.859,3.865,3.860,3.868,3.865,3.860,3.865,-58.936,255.000
3.655,3.648,3.651,3.649,3.655,3.646,3.651,3.867,3.866,3.865,3.870,3.864,3.863,3.861,-59.070,256.000
3.649,3.650,3.651,3.652,3.648,3.651,3.648,3.863,3.866,3.868,3.867,3.865,3.869,3.861,-59.003,257.000
3.644,3.649,3.649,3.644,3.646,3.651,3.647,3.869,3.863,3.864,3.862,3.856,3.863,3.872,-58.814,258.000
3.651,3.654,3.652,3.648,3.641,3.649,3.641,3.863,3.864,3.866,3.867,3.871,3.864,3.861,-59.018,259.000
3.655,3.650,3.651,3.652,3.653,3.654,3.653,3.862,3.860,3.864,3.869,3.866,3.867,3.874,-59.109,260.000
3.653,3.653,3.650,3.653,3.654,3.652,3.655,3.866,3.871,3.859,3.866,3.864,3.867,3.864,-59.231,261.000
3.647,3.653,3.658,3.654,3.656,3.654,3.654,3.872,3.870,3.862,3.861,3.870,3.869,3.865,-59.379,262.000
3.653,3.649,3.654,3.658,3.653,3.657,3.655,3.865,3.868,3.866,3.875,3.870,3.869,3.874,-59.401,263.000
3.654,3.659,3.650,3.652,3.658,3.653,3.650,3.865,3.872,3.876,3.869,3.871,3.873,3.870,-59.380,264.000
3.659,3.654,3.661,3.659,3.661,3.657,3.660,3.877,3.880,3.870,3.878,3.878,3.875,3.873,-59.353,265.000
3.652,3.652,3.655,3.655,3.661,3.658,3.653,3.872,3.873,3.872,3.878,3.870,3.868,3.870,-59.210,266.000
3.660,3.654,3.653,3.659,3.656,3.655,3.656,3.866,3.876,3.872,3.872,3.878,3.877,3.869,-59.050,267.000
3.652,3.664,3.654,3.658,3.654,3.658,3.648,3.874,3.873,3.871,3.870,3.874,3.869,3.866,-59.086,268.000
3.653,3.656,3.649,3.660,3.652,3.651,3.653,3.868,3.866,3.865,3.865,3.871,3.865,3.868,-58.979,269.000
3.651,3.653,3.647,3.651,3.648,3.652,3.654,3.869,3.867,3.866,3.865,3.867,3.872,3.872,-58.866,270.000
3.651,3.658,3.653,3.656,3.652,3.651,3.656,3.867,3.870,3.865,3.860,3.868,3.866,3.863,-59.060,271.000
3.653,3.648,3.655,3.655,3.650,3.651,3.649,3.862,3.872,3.873,3.866,3.869,3.879,3.869,-59.236,272.000
3.650,3.650,3.653,3.646,3.650,3.655,3.656,3.863,3.864,3.868,3.864,3.862,3.868,3.866,-59.419,273.000
3.648,3.649,3.648,3.651,3.652,3.650,3.648,3.865,3.865,3.867,3.869,3.864,3.866,3.871,-59.258,274.000
3.649,3.656,3.652,3.655,3.653,3.645,3.646,3.868,3.867,3.869,3.867,3.867,3.867,3.864,-59.286,275.000
3.649,3.647,3.649,3.652,3.649,3.653,3.647,3.869,3.863,3.869,3.866,3.867,3.866,3.868,-59.101,276.000
3.649,3.647,3.650,3.650,3.651,3.645,3.651,3.863,3.873,3.866,3.870,3.865,3.860,3.868,-59.252,277.000
3.651,3.648,3.653,3.654,3.645,3.655,3.655,3.871,3.874,3.870,3.867,3.865,3.866,3.870,-59.124,278.000
3.653,3.651,3.650,3.651,3.643,3.651,3.650,3.871,3.868,3.867,3.865,3.870,3.865,3.864,-59.228,279.000
3.653,3.649,3.649,3.651,3.655,3.652,3.644,3.866,3.868,3.866,3.867,3.864,3.864,3.863,-59.029,280.000
3.649,3.652,3.644,3.651,3.652,3.646,3.652,3.866,3.866,3.866,3.865,3.857,3.863,3.863,-58.948,281.000
3.648,3.649,3.652,3.650,3.653,3.645,3.653,3.856,3.857,3.859,3.855,3.864,3.860,3.861,-59.135,282.000
3.647,3.653,3.643,3.650,3.645,3.646,3.643,3.869,3.864,3.861,3.862,3.863,3.859,3.860,-59.038,283.000
3.647,3.644,3.644,3.647,3.645,3.643,3.652,3.860,3.854,3.860,3.856,3.856,3.855,3.861,-58.908,284.000
3.642,3.643,3.653,3.647,3.643,3.641,3.643,3.861,3.857,3.860,3.858,3.857,3.861,3.862,-58.940,285.000
3.651,3.645,3.649,3.641,3.646,3.645,3.640,3.860,3.859,3.860,3.868,3.863,3.863,3.853,-58.914,286.000
3.643,3.642,3.640,3.643,3.638,3.635,3.644,3.854,3.854,3.856,3.852,3.861,3.860,3.859,-58.913,287.000
3.648,3.644,3.642,3.639,3.650,3.640,3.635,3.852,3.853,3.851,3.855,3.856,3.858,3.856,-58.958,288.000
3.636,3.641,3.634,3.637,3.636,3.640,3.643,3.864,3.852,3.860,3.868,3.857,3.858,3.852,-59.165,289.000
3.634,3.633,3.641,3.637,3.637,3.644,3.634,3.855,3.856,3.844,3.852,3.859,3.853,3.852,-59.008,290.000
3.640,3.642,3.636,3.642,3.639,3.638,3.638,3.852,3.858,3.855,3.854,3.856,3.854,3.862,-58.860,291.000
3.637,3.640,3.638,3.637,3.641,3.637,3.636,3.856,3.853,3.856,3.853,3.857,3.855,3.855,-58.559,292.000
3.635,3.632,3.637,3.632,3.642,3.641,3.644,3.853,3.860,3.860,3.858,3.855,3.857,3.856,-57.879,293.000
3.638,3.634,3.638,3.637,3.640,3.641,3.636,3.855,3.856,3.850,3.854,3.859,3.862,3.862,-57.778,294.000
3.641,3.644,3.645,3.642,3.642,3.636,3.639,3.851,3.860,3.856,3.858,3.855,3.857,3.854,-57.310,295.000
3.635,3.637,3.643,3.639,3.636,3.637,3.641,3.862,3.856,3.858,3.855,3.861,3.855,3.858,-57.637,296.000
3.644,3.639,3.639,3.635,3.635,3.639,3.635,3.868,3.863,3.860,3.856,3.862,3.860,3.860,-58.135,297.000
3.645,3.649,3.641,3.650,3.646,3.647,3.643,3.865,3.862,3.862,3.863,3.863,3.857,3.864,-58.185,298.000
3.644,3.651,3.649,3.650,3.649,3.653,3.647,3.864,3.862,3.863,3.862,3.868,3.866,3.859,-58.342,299.000
3.643,3.642,3.650,3.649,3.650,3.648,3.645,3.874,3.873,3.877,3.870,3.867,3.861,3.869,-58.635,300.000
3.643,3.658,3.650,3.650,3.650,3.647,3.649,3.869,3.876,3.867,3.869,3.874,3.869,3.866,-58.640,301.000
3.653,3.648,3.649,3.649,3.646,3.654,3.653,3.874,3.871,3.878,3.871,3.875,3.873,3.863,-58.827,302.000
3.651,3.654,3.657,3.654,3.653,3.648,3.650,3.875,3.876,3.869,3.870,3.870,3.872,3.876,-58.992,303.000
3.651,3.655,3.649,3.656,3.653,3.657,3.651,3.879,3.873,3.872,3.871,3.863,3.875,3.871,-58.882,304.000
3.655,3.652,3.654,3.652,3.655,3.647,3.655,3.871,3.870,3.868,3.867,3.870,3.875,3.876,-58.991,305.000
3.651,3.647,3.647,3.653,3.647,3.656,3.645,3.866,3.871,3.868,3.869,3.872,3.866,3.864,-58.938,306.000
3.653,3.649,3.658,3.656,3.648,3.653,3.649,3.870,3.868,3.872,3.870,3.872,3.865,3.871,-58.985,307.000
3.647,3.648,3.656,3.647,3.649,3.647,3.651,3.866,3.862,3.865,3.869,3.865,3.864,3.867,-59.227,308.000
3.647,3.647,3.655,3.647,3.653,3.653,3.646,3.870,3.868,3.865,3.866,3.871,3.863,3.867,-59.137,309.000
3.651,3.648,3.656,3.651,3.647,3.646,3.653,3.869,3.871,3.869,3.866,3.868,3.861,3.866,-59.034,310.000
3.654,3.652,3.652,3.647,3.655,3.649,3.650,3.871,3.869,3.870,3.866,3.868,3.878,3.868,-59.032,311.000
3.655,3.656,3.654,3.650,3.657,3.657,3.647,3.870,3.870,3.874,3.864,3.866,3.866,3.862,-59.115,312.000
3.647,3.653,3.652,3.648,3.650,3.648,3.650,3.868,3.866,3.867,3.869,3.864,3.860,3.870,-58.907,313.000
3.655,3.656,3.655,3.651,3.651,3.657,3.650,3.866,3.866,3.869,3.869,3.866,3.869,3.868,-58.820,314.000
3.656,3.651,3.656,3.650,3.649,3.644,3.652,3.870,3.868,3.864,3.868,3.867,3.866,3.867,-58.956,315.000
3.655,3.650,3.652,3.651,3.654,3.654,3.650,3.870,3.862,3.878,3.868,3.869,3.869,3.867,-58.913,316.000
3.650,3.655,3.654,3.652,3.648,3.652,3.647,3.865,3.871,3.867,3.870,3.870,3.868,3.866,-58.869,317.000
3.648,3.659,3.656,3.657,3.652,3.655,3.653,3.865,3.866,3.868,3.870,3.861,3.868,3.871,-58.902,318.000
3.647,3.653,3.659,3.654,3.645,3.652,3.654,3.860,3.864,3.866,3.861,3.867,3.869,3.872,-58.913,319.000
3.645,3.649,3.644,3.650,3.646,3.652,3.652,3.868,3.858,3.861,3.863,3.865,3.860,3.861,-59.005,320.000
3.643,3.645,3.646,3.649,3.650,3.652,3.648,3.859,3.858,3.858,3.852,3.862,3.860,3.863,-59.150,321.000
3.645,3.651,3.651,3.650,3.655,3.651,3.649,3.863,3.860,3.867,3.866,3.869,3.867,3.869,-59.370,322.000
3.648,3.656,3.648,3.653,3.649,3.650,3.649,3.866,3.862,3.865,3.866,3.872,3.869,3.876,-59.123,323.000
3.657,3.651,3.654,3.653,3.654,3.656,3.655,3.863,3.864,3.863,3.865,3.862,3.864,3.868,-59.205,324.000
3.655,3.644,3.654,3.654,3.657,3.660,3.649,3.861,3.866,3.866,3.857,3.868,3.868,3.866,-59.277,325.000
3.651,3.655,3.648,3.649,3.658,3.651,3.650,3.861,3.862,3.863,3.863,3.859,3.861,3.868,-59.182,326.000
3.651,3.649,3.658,3.649,3.648,3.656,3.653,3.865,3.864,3.868,3.860,3.865,3.860,3.863,-59.021,327.000
3.656,3.656,3.649,3.643,3.654,3.649,3.653,3.860,3.862,3.862,3.864,3.860,3.866,3.868,-58.977,328.000
3.654,3.654,3.648,3.650,3.646,3.648,3.656,3.859,3.859,3.866,3.868,3.866,3.858,3.866,-59.180,329.000
3.652,3.653,3.651,3.653,3.652,3.651,3.655,3.865,3.860,3.863,3.860,3.867,3.864,3.859,-59.013,330.000
3.652,3.646,3.648,3.651,3.652,3.653,3.652,3.864,3.859,3.856,3.861,3.863,3.865,3.868,-59.070,331.000
3.654,3.652,3.645,3.649,3.647,3.651,3.652,3.863,3.864,3.864,3.863,3.862,3.866,3.858,-58.917,332.000
3.648,3.654,3.645,3.651,3.652,3.648,3.644,3.864,3.863,3.860,3.863,3.870,3.867,3.864,-58.848,333.000
3.653,3.646,3.645,3.648,3.651,3.647,3.642,3.864,3.864,3.870,3.874,3.867,3.871,3.865,-58.754,334.000
3.650,3.660,3.645,3.655,3.655,3.658,3.650,3.867,3.862,3.865,3.862,3.865,3.864,3.863,-58.944,335.000
3.651,3.652,3.649,3.651,3.648,3.656,3.649,3.864,3.869,3.863,3.864,3.862,3.862,3.865,-58.841,336.000
3.651,3.652,3.649,3.646,3.648,3.650,3.647,3.860,3.859,3.859,3.859,3.861,3.864,3.861,-58.973,337.000
3.641,3.652,3.647,3.647,3.646,3.646,3.651,3.869,3.859,3.865,3.858,3.855,3.864,3.862,-59.007,338.000
3.649,3.654,3.651,3.654,3.647,3.651,3.645,3.866,3.865,3.861,3.861,3.860,3.862,3.866,-58.913,339.000
3.656,3.651,3.652,3.650,3.652,3.652,3.648,3.860,3.856,3.863,3.866,3.865,3.864,3.857,-58.811,340.000
3.655,3.648,3.650,3.647,3.656,3.650,3.651,3.867,3.865,3.867,3.869,3.858,3.860,3.860,-58.685,341.000
3.651,3.650,3.651,3.655,3.649,3.654,3.650,3.863,3.864,3.866,3.860,3.863,3.864,3.866,-58.849,342.000
3.651,3.647,3.649,3.651,3.645,3.651,3.651,3.865,3.864,3.866,3.862,3.868,3.863,3.862,-58.834,343.000
3.648,3.652,3.653,3.653,3.650,3.653,3.646,3.863,3.864,3.865,3.869,3.867,3.860,3.855,-58.798,344.000
3.651,3.650,3.651,3.651,3.659,3.649,3.649,3.864,3.861,3.864,3.862,3.869,3.860,3.860,-58.792,345.000
3.657,3.653,3.655,3.650,3.650,3.652,3.653,3.869,3.860,3.866,3.861,3.865,3.861,3.859,-59.169,346.000
3.649,3.647,3.651,3.649,3.647,3.649,3.648,3.865,3.863,3.862,3.864,3.866,3.861,3.861,-59.256,347.000
3.649,3.650,3.648,3.652,3.651,3.653,3.648,3.864,3.863,3.864,3.855,3.864,3.856,3.856,-59.190,348.000
3.650,3.645,3.645,3.647,3.650,3.651,3.652,3.858,3.861,3.861,3.860,3.860,3.862,3.861,-58.964,349.000
3.649,3.648,3.652,3.651,3.646,3.654,3.655,3.860,3.861,3.863,3.862,3.857,3.866,3.862,-58.870,350.000
3.645,3.653,3.644,3.652,3.648,3.647,3.649,3.863,3.860,3.867,3.859,3.860,3.858,3.860,-59.181,351.000
3.647,3.650,3.653,3.643,3.649,3.652,3.649,3.862,3.858,3.857,3.862,3.853,3.859,3.871,-59.267,352.000
3.654,3.651,3.643,3.647,3.652,3.648,3.653,3.860,3.862,3.861,3.860,3.863,3.861,3.863,-59.287,353.000
3.652,3.647,3.648,3.643,3.651,3.651,3.650,3.855,3.861,3.869,3.866,3.868,3.865,3.863,-59.174,354.000
3.657,3.654,3.655,3.654,3.656,3.654,3.653,3.865,3.864,3.867,3.860,3.865,3.862,3.865,-59.221,355.000
3.651,3.654,3.652,3.650,3.654,3.648,3.650,3.860,3.866,3.864,3.862,3.863,3.864,3.861,-59.186,356.000
3.654,3.651,3.656,3.655,3.649,3.652,3.649,3.861,3.865,3.864,3.863,3.865,3.861,3.858,-58.944,357.000
3.651,3.653,3.655,3.649,3.652,3.651,3.654,3.858,3.863,3.861,3.863,3.867,3.867,3.855,-59.288,358.000
3.654,3.652,3.655,3.651,3.658,3.655,3.650,3.860,3.868,3.863,3.862,3.861,3.858,3.865,-59.171,359.000
3.651,3.652,3.650,3.649,3.651,3.652,3.652,3.861,3.862,3.865,3.860,3.861,3.860,3.862,-59.142,360.000
3.653,3.646,3.653,3.655,3.652,3.655,3.654,3.860,3.861,3.865,3.866,3.864,3.866,3.865,-59.174,361.000
3.656,3.655,3.654,3.656,3.662,3.658,3.653,3.868,3.864,3.867,3.867,3.859,3.861,3.866,-59.133,362.000
3.651,3.654,3.655,3.655,3.652,3.655,3.655,3.856,3.862,3.865,3.865,3.860,3.869,3.867,-59.084,363.000
3.656,3.652,3.654,3.654,3.657,3.657,3.656,3.869,3.863,3.861,3.865,3.867,3.865,3.864,-59.369,364.000
3.658,3.652,3.654,3.657,3.652,3.656,3.656,3.865,3.863,3.864,3.860,3.865,3.864,3.867,-59.333,365.000
3.651,3.661,3.652,3.654,3.654,3.657,3.656,3.866,3.866,3.866,3.859,3.861,3.861,3.865,-59.097,366.000
3.650,3.657,3.656,3.658,3.657,3.657,3.659,3.871,3.863,3.869,3.864,3.864,3.865,3.867,-59.128,367.000
3.656,3.660,3.652,3.660,3.662,3.653,3.654,3.871,3.858,3.868,3.867,3.861,3.860,3.869,-59.134,368.000
3.652,3.656,3.656,3.657,3.653,3.654,3.652,3.863,3.866,3.863,3.867,3.869,3.865,3.865,-59.005,369.000
3.656,3.660,3.661,3.655,3.656,3.663,3.656,3.868,3.865,3.870,3.865,3.869,3.867,3.868,-58.887,370.000
3.659,3.657,3.654,3.649,3.664,3.660,3.662,3.864,3.868,3.869,3.867,3.873,3.864,3.866,-58.990,371.000
3.660,3.657,3.659,3.659,3.656,3.659,3.661,3.869,3.866,3.873,3.870,3.870,3.871,3.870,-59.003,372.000
3.663,3.658,3.662,3.661,3.656,3.661,3.663,3.868,3.865,3.870,3.868,3.865,3.871,3.861,-58.856,373.000
3.660,3.659,3.652,3.657,3.660,3.658,3.659,3.863,3.858,3.865,3.867,3.870,3.874,3.869,-58.988,374.000
3.656,3.661,3.662,3.656,3.663,3.660,3.662,3.864,3.866,3.869,3.869,3.868,3.868,3.867,-58.965,375.000
3.658,3.660,3.652,3.653,3.661,3.664,3.656,3.867,3.870,3.869,3.865,3.860,3.870,3.867,-58.995,376.000
3.660,3.662,3.655,3.657,3.659,3.658,3.662,3.866,3.871,3.869,3.864,3.871,3.870,3.871,-58.753,377.000
3.657,3.658,3.661,3.662,3.659,3.665,3.662,3.870,3.873,3.867,3.872,3.871,3.866,3.869,-58.704,378.000
3.654,3.660,3.659,3.663,3.658,3.664,3.659,3.870,3.870,3.870,3.872,3.866,3.867,3.869,-59.049,379.000
3.659,3.657,3.654,3.657,3.660,3.660,3.657,3.870,3.873,3.869,3.867,3.866,3.865,3.870,-58.867,380.000
3.655,3.658,3.661,3.660,3.658,3.660,3.660,3.873,3.860,3.868,3.871,3.868,3.868,3.860,-58.720,381.000
3.657,3.665,3.656,3.663,3.656,3.661,3.657,3.862,3.871,3.862,3.869,3.869,3.869,3.869,-58.749,382.000
3.663,3.658,3.661,3.658,3.661,3.657,3.656,3.868,3.869,3.872,3.871,3.868,3.869,3.869,-58.928,383.000
3.658,3.657,3.661,3.659,3.662,3.659,3.660,3.881,3.870,3.872,3.865,3.875,3.866,3.869,-59.052,384.000
3.662,3.661,3.656,3.660,3.653,3.657,3.660,3.865,3.863,3.863,3.868,3.872,3.870,3.882,-59.059,385.000
3.657,3.664,3.655,3.662,3.669,3.662,3.657,3.870,3.870,3.871,3.871,3.875,3.869,3.872,-58.989,386.000
3.657,3.668,3.656,3.663,3.659,3.660,3.652,3.867,3.873,3.868,3.868,3.871,3.871,3.867,-58.905,387.000
3.661,3.660,3.661,3.665,3.659,3.661,3.659,3.872,3.872,3.871,3.875,3.871,3.868,3.869,-59.052,388.000
3.661,3.656,3.658,3.661,3.667,3.658,3.658,3.877,3.874,3.864,3.872,3.870,3.867,3.878,-59.215,389.000
3.665,3.662,3.668,3.662,3.659,3.663,3.660,3.872,3.878,3.869,3.871,3.872,3.872,3.873,-59.111,390.000
3.662,3.663,3.657,3.656,3.657,3.662,3.658,3.877,3.875,3.877,3.875,3.873,3.871,3.876,-58.980,391.000
3.666,3.666,3.663,3.660,3.663,3.668,3.666,3.875,3.875,3.874,3.873,3.875,3.876,3.873,-58.986,392.000
3.664,3.663,3.667,3.664,3.664,3.660,3.659,3.871,3.882,3.879,3.876,3.872,3.873,3.870,-58.672,393.000
3.660,3.660,3.662,3.661,3.657,3.657,3.666,3.871,3.868,3.868,3.873,3.869,3.870,3.876,-58.761,394.000
3.665,3.663,3.660,3.663,3.661,3.669,3.664,3.875,3.867,3.874,3.875,3.869,3.870,3.879,-58.864,395.000
3.659,3.663,3.662,3.661,3.658,3.662,3.663,3.878,3.866,3.869,3.871,3.876,3.869,3.874,-58.758,396.000
3.665,3.658,3.663,3.662,3.665,3.657,3.662,3.872,3.870,3.873,3.871,3.872,3.871,3.873,-58.852,397.000
3.664,3.660,3.656,3.660,3.660,3.664,3.660,3.875,3.874,3.872,3.879,3.877,3.873,3.872,-58.915,398.000
3.663,3.656,3.659,3.660,3.661,3.656,3.658,3.871,3.871,3.874,3.871,3.874,3.868,3.867,-58.750,399.000
3.656,3.661,3.656,3.662,3.662,3.664,3.657,3.872,3.868,3.867,3.872,3.871,3.868,3.871,-58.839,400.000
3.662,3.660,3.663,3.661,3.658,3.659,3.662,3.869,3.868,3.866,3.873,3.878,3.867,3.870,-58.849,401.000
3.663,3.658,3.654,3.657,3.657,3.654,3.660,3.866,3.872,3.874,3.873,3.875,3.870,3.879,-58.797,402.000
3.652,3.659,3.664,3.659,3.663,3.656,3.657,3.870,3.869,3.873,3.871,3.869,3.872,3.871,-58.667,403.000
3.654,3.659,3.662,3.656,3.656,3.660,3.652,3.866,3.870,3.868,3.867,3.870,3.875,3.870,-58.736,404.000
3.660,3.655,3.655,3.656,3.657,3.657,3.660,3.868,3.871,3.875,3.868,3.870,3.864,3.871,-58.681,405.000
3.659,3.658,3.656,3.659,3.661,3.656,3.664,3.866,3.864,3.865,3.859,3.866,3.872,3.874,-58.532,406.000
3.662,3.659,3.654,3.660,3.658,3.656,3.659,3.865,3.867,3.862,3.865,3.869,3.867,3.872,-57.925,407.000
3.660,3.658,3.665,3.661,3.661,3.658,3.662,3.869,3.874,3.872,3.865,3.869,3.866,3.870,-57.522,408.000
3.666,3.654,3.659,3.656,3.659,3.662,3.657,3.871,3.876,3.867,3.878,3.867,3.864,3.869,-57.922,409.000
3.653,3.657,3.659,3.659,3.651,3.657,3.660,3.872,3.863,3.872,3.869,3.875,3.864,3.865,-58.072,410.000
3.658,3.658,3.656,3.659,3.654,3.655,3.661,3.867,3.870,3.867,3.877,3.872,3.876,3.872,-58.504,411.000
3.658,3.657,3.653,3.658,3.656,3.657,3.660,3.866,3.870,3.869,3.866,3.869,3.865,3.868,-58.557,412.000
3.657,3.660,3.658,3.655,3.661,3.660,3.657,3.871,3.869,3.868,3.870,3.868,3.867,3.863,-58.631,413.000
3.653,3.659,3.656,3.657,3.655,3.652,3.651,3.864,3.866,3.871,3.861,3.869,3.862,3.861,-58.975,414.000
3.656,3.666,3.656,3.659,3.658,3.658,3.656,3.861,3.866,3.863,3.866,3.871,3.863,3.865,-58.951,415.000
3.660,3.653,3.658,3.655,3.662,3.659,3.658,3.864,3.876,3.865,3.867,3.866,3.864,3.868,-59.121,416.000
3.664,3.657,3.664,3.656,3.653,3.656,3.663,3.868,3.872,3.868,3.865,3.870,3.869,3.861,-59.140,417.000
3.661,3.657,3.668,3.657,3.657,3.659,3.660,3.868,3.869,3.870,3.871,3.871,3.867,3.868,-59.170,418.000
3.660,3.661,3.660,3.660,3.656,3.660,3.660,3.872,3.867,3.869,3.867,3.868,3.870,3.870,-59.190,419.000
3.664,3.661,3.661,3.653,3.660,3.659,3.665,3.866,3.868,3.869,3.870,3.870,3.867,3.864,-59.525,420.000
3.663,3.655,3.660,3.657,3.650,3.656,3.663,3.870,3.869,3.862,3.867,3.867,3.870,3.867,-59.122,421.000
3.662,3.659,3.657,3.659,3.657,3.662,3.656,3.869,3.871,3.873,3.870,3.868,3.868,3.870,-59.047,422.000
3.653,3.658,3.655,3.657,3.657,3.658,3.656,3.866,3.867,3.876,3.867,3.866,3.871,3.869,-58.824,423.000
3.655,3.650,3.653,3.654,3.648,3.658,3.661,3.868,3.864,3.863,3.866,3.866,3.862,3.861,-58.968,424.000
3.659,3.656,3.657,3.656,3.661,3.658,3.656,3.865,3.870,3.866,3.862,3.865,3.865,3.864,-58.880,425.000
3.659,3.660,3.659,3.656,3.653,3.656,3.656,3.863,3.865,3.866,3.861,3.861,3.863,3.866,-58.892,426.000
3.658,3.659,3.654,3.657,3.652,3.653,3.655,3.868,3.873,3.867,3.871,3.867,3.873,3.865,-58.733,427.000
3.667,3.662,3.658,3.659,3.656,3.658,3.656,3.870,3.866,3.863,3.868,3.867,3.863,3.867,-58.640,428.000
3.663,3.657,3.659,3.659,3.659,3.659,3.659,3.866,3.871,3.868,3.864,3.864,3.869,3.863,-58.735,429.000
3.658,3.653,3.667,3.656,3.659,3.656,3.661,3.866,3.866,3.870,3.861,3.871,3.863,3.868,-58.620,430.000
3.657,3.662,3.655,3.659,3.659,3.652,3.662,3.871,3.865,3.866,3.862,3.856,3.872,3.870,-58.785,431.000
3.658,3.656,3.660,3.657,3.662,3.660,3.656,3.878,3.867,3.866,3.858,3.867,3.866,3.869,-59.017,432.000
3.656,3.656,3.654,3.657,3.660,3.654,3.664,3.866,3.870,3.865,3.868,3.867,3.867,3.871,-59.005,433.000
3.663,3.664,3.663,3.665,3.662,3.664,3.659,3.864,3.869,3.863,3.867,3.862,3.863,3.867,-59.110,434.000
3.657,3.662,3.657,3.659,3.662,3.658,3.657,3.865,3.872,3.864,3.864,3.868,3.864,3.866,-59.187,435.000
3.663,3.665,3.658,3.659,3.660,3.663,3.660,3.866,3.874,3.873,3.870,3.868,3.868,3.871,-59.009,436.000
3.663,3.662,3.673,3.669,3.660,3.666,3.660,3.875,3.879,3.874,3.874,3.869,3.871,3.866,-59.389,437.000
3.662,3.659,3.662,3.665,3.656,3.664,3.662,3.872,3.872,3.870,3.868,3.869,3.875,3.869,-59.182,438.000
3.658,3.666,3.662,3.655,3.660,3.665,3.672,3.876,3.869,3.873,3.876,3.876,3.877,3.875,-59.193,439.000
3.661,3.666,3.658,3.664,3.656,3.665,3.658,3.870,3.870,3.872,3.871,3.871,3.866,3.866,-58.834,440.000
3.658,3.659,3.660,3.658,3.652,3.662,3.657,3.869,3.871,3.873,3.873,3.875,3.872,3.871,-58.915,441.000
3.649,3.664,3.649,3.659,3.660,3.656,3.656,3.867,3.861,3.865,3.865,3.871,3.864,3.859,-58.963,442.000
3.664,3.659,3.661,3.657,3.660,3.656,3.657,3.867,3.866,3.862,3.862,3.863,3.863,3.857,-59.251,443.000
3.659,3.659,3.659,3.657,3.657,3.657,3.655,3.864,3.868,3.869,3.862,3.860,3.861,3.862,-59.301,444.000
3.662,3.661,3.661,3.659,3.658,3.661,3.660,3.863,3.866,3.870,3.867,3.873,3.867,3.872,-59.264,445.000
3.660,3.658,3.660,3.664,3.659,3.658,3.655,3.867,3.865,3.864,3.863,3.868,3.863,3.861,-59.191,446.000
3.657,3.659,3.657,3.657,3.661,3.663,3.659,3.871,3.866,3.874,3.872,3.870,3.859,3.864,-59.160,447.000
3.658,3.657,3.659,3.663,3.660,3.659,3.664,3.867,3.863,3.862,3.869,3.866,3.865,3.865,-59.040,448.000
3.656,3.658,3.653,3.657,3.657,3.659,3.655,3.869,3.866,3.866,3.866,3.866,3.862,3.860,-58.902,449.000
3.654,3.652,3.656,3.656,3.659,3.652,3.660,3.863,3.864,3.862,3.860,3.860,3.862,3.864,-58.801,450.000
3.651,3.650,3.655,3.652,3.653,3.655,3.652,3.863,3.862,3.866,3.861,3.862,3.862,3.858,-58.958,451.000
3.654,3.653,3.651,3.652,3.657,3.656,3.655,3.861,3.857,3.858,3.861,3.857,3.860,3.857,-59.305,452.000
3.652,3.653,3.651,3.657,3.657,3.655,3.649,3.868,3.860,3.863,3.865,3.860,3.865,3.862,-59.096,453.000
3.652,3.649,3.646,3.660,3.656,3.656,3.651,3.868,3.868,3.858,3.862,3.863,3.855,3.859,-58.908,454.000
3.654,3.648,3.655,3.658,3.659,3.651,3.652,3.862,3.860,3.861,3.867,3.863,3.857,3.861,-59.103,455.000
3.652,3.655,3.656,3.651,3.657,3.649,3.656,3.864,3.858,3.861,3.859,3.856,3.855,3.858,-58.875,456.000
3.655,3.653,3.653,3.656,3.653,3.654,3.651,3.858,3.861,3.865,3.863,3.861,3.858,3.863,-59.081,457.000
3.651,3.653,3.657,3.658,3.652,3.654,3.655,3.862,3.860,3.863,3.862,3.858,3.856,3.862,-58.862,458.000
3.651,3.650,3.653,3.650,3.650,3.650,3.656,3.855,3.861,3.859,3.860,3.859,3.856,3.859,-58.984,459.000
3.648,3.650,3.655,3.647,3.655,3.652,3.649,3.862,3.858,3.859,3.857,3.857,3.856,3.866,-59.025,460.000
3.654,3.657,3.652,3.655,3.646,3.652,3.657,3.859,3.856,3.858,3.855,3.861,3.857,3.852,-59.025,461.000
3.653,3.652,3.654,3.654,3.654,3.655,3.657,3.861,3.856,3.857,3.857,3.858,3.864,3.865,-59.222,462.000
3.658,3.653,3.652,3.652,3.657,3.655,3.652,3.858,3.856,3.859,3.860,3.854,3.852,3.857,-59.139,463.000
3.646,3.649,3.656,3.655,3.655,3.650,3.654,3.858,3.858,3.857,3.858,3.863,3.856,3.858,-58.961,464.000
3.656,3.657,3.648,3.647,3.655,3.652,3.656,3.867,3.867,3.864,3.866,3.862,3.859,3.868,-59.205,465.000
3.651,3.655,3.648,3.648,3.656,3.654,3.651,3.862,3.857,3.860,3.863,3.854,3.865,3.864,-59.398,466.000
3.657,3.650,3.655,3.654,3.654,3.660,3.656,3.866,3.865,3.864,3.857,3.862,3.865,3.867,-59.391,467.000
3.657,3.660,3.657,3.656,3.653,3.652,3.661,3.868,3.860,3.861,3.865,3.861,3.864,3.867,-59.046,468.000
3.656,3.657,3.656,3.660,3.654,3.662,3.654,3.863,3.865,3.867,3.862,3.867,3.872,3.862,-58.969,469.000
3.656,3.656,3.659,3.655,3.660,3.661,3.658,3.867,3.872,3.868,3.874,3.869,3.861,3.858,-59.058,470.000
3.658,3.660,3.663,3.660,3.660,3.656,3.658,3.868,3.864,3.873,3.869,3.867,3.869,3.869,-59.327,471.000
3.662,3.662,3.662,3.658,3.657,3.657,3.651,3.877,3.869,3.868,3.871,3.866,3.864,3.868,-59.265,472.000
3.662,3.659,3.659,3.660,3.662,3.660,3.658,3.874,3.873,3.865,3.864,3.865,3.868,3.867,-59.256,473.000
3.662,3.659,3.663,3.656,3.661,3.656,3.658,3.866,3.873,3.868,3.872,3.875,3.875,3.869,-59.166,474.000
3.663,3.659,3.662,3.663,3.656,3.665,3.657,3.873,3.871,3.875,3.864,3.862,3.865,3.868,-59.233,475.000
3.654,3.663,3.662,3.664,3.660,3.660,3.662,3.869,3.867,3.871,3.869,3.872,3.874,3.870,-59.210,476.000
3.659,3.658,3.660,3.660,3.662,3.660,3.661,3.874,3.874,3.864,3.868,3.869,3.871,3.872,-59.062,477.000
3.656,3.654,3.656,3.662,3.667,3.659,3.662,3.871,3.871,3.871,3.865,3.871,3.871,3.870,-59.322,478.000
3.664,3.656,3.661,3.661,3.661,3.659,3.657,3.868,3.869,3.868,3.871,3.868,3.868,3.872,-59.239,479.000
3.656,3.662,3.654,3.658,3.661,3.664,3.659,3.870,3.871,3.874,3.872,3.874,3.872,3.864,-58.984,480.000
3.662,3.656,3.656,3.659,3.655,3.658,3.656,3.873,3.870,3.873,3.871,3.872,3.867,3.870,-58.919,481.000
3.659,3.661,3.659,3.662,3.658,3.663,3.659,3.868,3.871,3.869,3.867,3.866,3.869,3.867,-58.998,482.000
3.659,3.652,3.661,3.657,3.663,3.657,3.659,3.871,3.875,3.873,3.868,3.873,3.872,3.869,-58.985,483.000
3.659,3.656,3.651,3.658,3.661,3.657,3.661,3.875,3.868,3.874,3.866,3.872,3.873,3.869,-58.932,484.000
3.656,3.658,3.665,3.657,3.663,3.657,3.660,3.871,3.871,3.871,3.870,3.878,3.868,3.871,-59.130,485.000
3.662,3.662,3.658,3.658,3.662,3.659,3.659,3.871,3.872,3.871,3.872,3.873,3.875,3.873,-58.981,486.000
3.664,3.664,3.664,3.661,3.659,3.663,3.666,3.871,3.872,3.871,3.871,3.873,3.875,3.875,-58.961,487.000
3.657,3.659,3.660,3.662,3.659,3.658,3.658,3.871,3.866,3.870,3.873,3.870,3.877,3.872,-58.980,488.000
3.658,3.656,3.664,3.663,3.654,3.656,3.667,3.871,3.875,3.872,3.876,3.871,3.875,3.873,-59.058,489.000
3.657,3.656,3.664,3.656,3.657,3.655,3.662,3.868,3.869,3.870,3.869,3.872,3.868,3.865,-59.010,490.000
3.652,3.661,3.657,3.664,3.653,3.659,3.655,3.865,3.860,3.868,3.869,3.862,3.863,3.867,-59.375,491.000
3.654,3.659,3.656,3.656,3.652,3.658,3.651,3.868,3.864,3.861,3.863,3.858,3.857,3.861,-59.278,492.000
3.654,3.653,3.660,3.660,3.655,3.659,3.657,3.871,3.859,3.856,3.861,3.863,3.862,3.871,-59.247,493.000
3.658,3.656,3.653,3.660,3.652,3.653,3.657,3.861,3.863,3.861,3.865,3.869,3.866,3.864,-59.279,494.000
3.656,3.658,3.651,3.654,3.653,3.653,3.651,3.856,3.858,3.866,3.857,3.855,3.863,3.863,-59.305,495.000
3.657,3.656,3.657,3.656,3.656,3.652,3.651,3.863,3.866,3.863,3.863,3.856,3.860,3.860,-59.310,496.000
3.656,3.655,3.655,3.654,3.656,3.652,3.657,3.863,3.858,3.862,3.861,3.859,3.862,3.856,-59.140,497.000
3.656,3.651,3.656,3.647,3.656,3.650,3.649,3.861,3.859,3.856,3.860,3.861,3.859,3.867,-58.914,498.000
3.656,3.657,3.661,3.654,3.654,3.657,3.653,3.862,3.863,3.862,3.856,3.859,3.860,3.858,-58.862,499.000
3.650,3.652,3.654,3.654,3.654,3.653,3.651,3.861,3.858,3.858,3.863,3.862,3.860,3.857,-58.791,500.000
3.653,3.647,3.661,3.655,3.658,3.656,3.655,3.858,3.860,3.852,3.861,3.860,3.862,3.869,-58.839,501.000
3.653,3.656,3.656,3.653,3.655,3.653,3.656,3.857,3.856,3.861,3.861,3.859,3.858,3.863,-58.921,502.000
3.660,3.658,3.654,3.658,3.654,3.656,3.657,3.859,3.867,3.866,3.863,3.858,3.862,3.858,-59.043,503.000
3.657,3.659,3.656,3.659,3.660,3.655,3.652,3.863,3.860,3.866,3.870,3.861,3.869,3.872,-58.960,504.000
3.664,3.660,3.658,3.661,3.657,3.661,3.660,3.865,3.866,3.865,3.866,3.863,3.863,3.861,-58.961,505.000
3.653,3.660,3.661,3.660,3.657,3.662,3.656,3.868,3.872,3.872,3.880,3.875,3.875,3.867,-58.942,506.000
3.656,3.660,3.656,3.653,3.661,3.662,3.659,3.867,3.866,3.863,3.865,3.867,3.868,3.866,-58.880,507.000
3.667,3.668,3.661,3.672,3.664,3.660,3.659,3.874,3.869,3.869,3.871,3.872,3.865,3.862,-59.066,508.000
3.663,3.660,3.658,3.660,3.656,3.667,3.660,3.871,3.869,3.862,3.871,3.868,3.867,3.866,-59.268,509.000
3.659,3.662,3.667,3.666,3.659,3.661,3.662,3.872,3.869,3.868,3.874,3.869,3.866,3.864,-59.219,510.000
3.664,3.662,3.663,3.659,3.664,3.665,3.663,3.869,3.871,3.874,3.870,3.876,3.867,3.870,-59.289,511.000
3.661,3.660,3.665,3.662,3.668,3.665,3.666,3.876,3.874,3.868,3.868,3.870,3.868,3.870,-59.302,512.000
3.663,3.660,3.660,3.663,3.672,3.666,3.667,3.868,3.873,3.870,3.874,3.874,3.868,3.865,-59.130,513.000
3.666,3.664,3.664,3.666,3.671,3.666,3.666,3.872,3.870,3.870,3.867,3.870,3.868,3.870,-59.115,514.000
3.664,3.661,3.663,3.664,3.660,3.664,3.662,3.871,3.872,3.875,3.875,3.874,3.875,3.870,-59.046,515.000
3.665,3.662,3.662,3.667,3.661,3.671,3.660,3.874,3.872,3.866,3.870,3.871,3.869,3.869,-59.267,516.000
3.659,3.662,3.660,3.664,3.663,3.661,3.666,3.867,3.870,3.875,3.870,3.867,3.870,3.870,-59.410,517.000
3.662,3.661,3.664,3.656,3.670,3.660,3.667,3.870,3.871,3.868,3.865,3.867,3.861,3.865,-59.211,518.000
3.661,3.662,3.660,3.662,3.657,3.670,3.660,3.869,3.868,3.868,3.866,3.865,3.868,3.865,-58.932,519.000
3.661,3.662,3.659,3.657,3.659,3.660,3.663,3.867,3.864,3.867,3.866,3.869,3.865,3.865,-58.919,520.000
3.663,3.658,3.660,3.661,3.662,3.663,3.663,3.868,3.865,3.869,3.866,3.865,3.866,3.867,-58.721,521.000
3.660,3.657,3.664,3.660,3.666,3.654,3.665,3.864,3.863,3.866,3.865,3.869,3.861,3.862,-58.774,522.000
3.656,3.663,3.664,3.663,3.659,3.656,3.663,3.864,3.864,3.870,3.869,3.867,3.875,3.865,-58.714,523.000
3.666,3.665,3.663,3.663,3.662,3.664,3.666,3.864,3.873,3.867,3.871,3.872,3.867,3.871,-58.898,524.000
3.659,3.669,3.659,3.665,3.659,3.660,3.661,3.866,3.869,3.864,3.870,3.870,3.875,3.876,-58.999,525.000
3.664,3.659,3.662,3.664,3.661,3.661,3.663,3.877,3.872,3.871,3.870,3.864,3.873,3.868,-59.121,526.000
3.663,3.669,3.663,3.666,3.664,3.664,3.671,3.871,3.874,3.871,3.868,3.869,3.871,3.871,-59.222,527.000
3.663,3.663,3.664,3.659,3.665,3.664,3.665,3.872,3.871,3.866,3.867,3.871,3.874,3.875,-59.215,528.000
3.661,3.667,3.664,3.669,3.670,3.654,3.664,3.868,3.867,3.870,3.870,3.869,3.876,3.867,-59.187,529.000
3.667,3.663,3.664,3.661,3.664,3.664,3.663,3.869,3.871,3.873,3.870,3.868,3.873,3.870,-59.104,530.000
3.663,3.665,3.663,3.661,3.665,3.665,3.658,3.874,3.872,3.875,3.874,3.878,3.874,3.872,-58.987,531.000
3.661,3.662,3.669,3.667,3.663,3.663,3.668,3.867,3.873,3.874,3.876,3.872,3.875,3.870,-59.029,532.000
3.662,3.668,3.661,3.664,3.665,3.662,3.665,3.874,3.870,3.872,3.874,3.874,3.870,3.872,-59.447,533.000
3.660,3.662,3.659,3.662,3.664,3.662,3.658,3.874,3.875,3.873,3.868,3.867,3.863,3.870,-59.441,534.000
3.659,3.662,3.664,3.665,3.662,3.668,3.660,3.874,3.869,3.875,3.872,3.883,3.872,3.872,-59.488,535.000
3.662,3.658,3.661,3.665,3.661,3.663,3.662,3.877,3.866,3.870,3.873,3.871,3.870,3.872,-59.447,536.000
3.665,3.667,3.665,3.667,3.665,3.666,3.667,3.877,3.873,3.879,3.870,3.873,3.874,3.870,-59.235,537.000
3.675,3.664,3.668,3.671,3.669,3.671,3.671,3.877,3.874,3.877,3.872,3.872,3.874,3.873,-59.106,538.000
3.665,3.666,3.668,3.668,3.669,3.666,3.666,3.871,3.871,3.880,3.875,3.877,3.875,3.875,-59.258,539.000
3.664,3.667,3.676,3.668,3.670,3.672,3.667,3.874,3.876,3.875,3.872,3.884,3.883,3.878,-59.328,540.000
3.665,3.666,3.665,3.669,3.668,3.664,3.668,3.878,3.879,3.878,3.881,3.880,3.872,3.880,-59.235,541.000
3.665,3.664,3.664,3.663,3.666,3.667,3.670,3.879,3.884,3.883,3.877,3.879,3.879,3.876,-59.451,542.000
3.672,3.666,3.668,3.665,3.670,3.660,3.672,3.878,3.875,3.876,3.875,3.882,3.877,3.874,-59.585,543.000
3.661,3.666,3.665,3.663,3.664,3.669,3.662,3.873,3.874,3.881,3.875,3.881,3.873,3.873,-59.230,544.000
3.666,3.665,3.668,3.666,3.660,3.665,3.664,3.873,3.872,3.867,3.871,3.874,3.872,3.873,-58.813,545.000
3.667,3.661,3.665,3.658,3.667,3.667,3.664,3.872,3.870,3.871,3.875,3.873,3.882,3.873,-58.866,546.000
3.661,3.667,3.660,3.662,3.657,3.664,3.660,3.873,3.863,3.868,3.875,3.870,3.874,3.873,-59.007,547.000
3.664,3.665,3.664,3.664,3.663,3.667,3.667,3.866,3.867,3.870,3.869,3.877,3.874,3.869,-58.851,548.000
3.665,3.669,3.664,3.663,3.660,3.661,3.663,3.876,3.867,3.868,3.874,3.866,3.864,3.873,-59.027,549.000
3.662,3.667,3.660,3.662,3.669,3.661,3.657,3.875,3.874,3.873,3.874,3.872,3.870,3.869,-59.116,550.000
3.660,3.668,3.665,3.663,3.667,3.668,3.662,3.870,3.871,3.872,3.876,3.881,3.870,3.871,-59.063,551.000
3.664,3.664,3.669,3.669,3.660,3.669,3.659,3.872,3.869,3.866,3.871,3.872,3.868,3.870,-59.391,552.000
3.671,3.665,3.664,3.665,3.663,3.666,3.661,3.874,3.870,3.870,3.871,3.872,3.872,3.874,-59.205,553.000
3.672,3.662,3.661,3.663,3.662,3.672,3.671,3.875,3.871,3.870,3.873,3.874,3.876,3.876,-59.028,554.000
3.663,3.663,3.665,3.660,3.673,3.663,3.667,3.874,3.873,3.875,3.870,3.876,3.869,3.871,-59.372,555.000
3.664,3.669,3.667,3.671,3.669,3.659,3.673,3.874,3.873,3.876,3.871,3.874,3.873,3.873,-59.187,556.000
3.665,3.666,3.671,3.665,3.665,3.661,3.666,3.869,3.878,3.877,3.872,3.869,3.876,3.867,-59.187,557.000
3.668,3.665,3.666,3.663,3.664,3.662,3.658,3.869,3.874,3.871,3.880,3.872,3.873,3.875,-59.234,558.000
3.670,3.672,3.665,3.667,3.667,3.667,3.660,3.876,3.879,3.874,3.874,3.870,3.875,3.869,-59.194,559.000
3.666,3.668,3.666,3.665,3.662,3.666,3.664,3.875,3.874,3.874,3.876,3.871,3.873,3.873,-59.262,560.000
3.664,3.666,3.666,3.668,3.668,3.671,3.669,3.869,3.874,3.874,3.880,3.876,3.877,3.873,-59.298,561.000
3.663,3.663,3.671,3.665,3.660,3.663,3.663,3.878,3.873,3.876,3.875,3.873,3.874,3.874,-59.225,562.000
3.665,3.671,3.659,3.665,3.668,3.669,3.670,3.874,3.876,3.872,3.875,3.874,3.876,3.872,-59.165,563.000
3.669,3.667,3.665,3.670,3.665,3.670,3.665,3.877,3.872,3.872,3.875,3.872,3.872,3.874,-59.116,564.000
3.663,3.666,3.672,3.668,3.665,3.666,3.669,3.870,3.871,3.869,3.871,3.875,3.879,3.876,-59.330,565.000
3.664,3.663,3.665,3.668,3.668,3.672,3.662,3.871,3.873,3.881,3.878,3.876,3.873,3.875,-59.248,566.000
3.670,3.670,3.664,3.663,3.665,3.663,3.664,3.874,3.878,3.878,3.881,3.879,3.874,3.874,-59.248,567.000
3.667,3.665,3.663,3.668,3.672,3.670,3.665,3.874,3.877,3.873,3.870,3.872,3.870,3.872,-59.036,568.000
3.666,3.667,3.663,3.666,3.667,3.670,3.669,3.881,3.879,3.883,3.881,3.882,3.879,3.876,-58.840,569.000
3.664,3.664,3.669,3.671,3.663,3.668,3.670,3.869,3.877,3.874,3.878,3.873,3.879,3.874,-58.870,570.000
3.671,3.669,3.669,3.662,3.669,3.669,3.663,3.875,3.874,3.875,3.873,3.877,3.871,3.873,-58.932,571.000
3.659,3.664,3.669,3.666,3.668,3.658,3.668,3.873,3.870,3.873,3.875,3.874,3.869,3.877,-58.754,572.000
3.661,3.663,3.670,3.665,3.664,3.667,3.665,3.873,3.868,3.871,3.872,3.867,3.872,3.871,-58.747,573.000
3.660,3.667,3.668,3.669,3.663,3.673,3.666,3.871,3.874,3.877,3.870,3.872,3.874,3.877,-58.968,574.000
3.666,3.667,3.666,3.661,3.668,3.665,3.672,3.873,3.875,3.876,3.871,3.874,3.872,3.868,-58.987,575.000
3.659,3.662,3.669,3.662,3.668,3.664,3.666,3.869,3.872,3.865,3.869,3.868,3.875,3.878,-58.956,576.000
3.661,3.662,3.661,3.663,3.662,3.658,3.664,3.866,3.875,3.874,3.874,3.874,3.874,3.870,-58.706,577.000
3.663,3.665,3.661,3.666,3.665,3.659,3.664,3.867,3.868,3.872,3.871,3.872,3.877,3.873,-58.820,578.000
3.665,3.665,3.659,3.658,3.664,3.664,3.663,3.872,3.869,3.868,3.870,3.882,3.873,3.867,-58.951,579.000
3.664,3.665,3.662,3.663,3.663,3.663,3.662,3.872,3.874,3.870,3.875,3.869,3.868,3.864,-59.033,580.000
3.659,3.659,3.660,3.661,3.664,3.664,3.660,3.865,3.866,3.870,3.866,3.865,3.865,3.869,-58.826,581.000
3.660,3.663,3.663,3.663,3.668,3.668,3.667,3.872,3.875,3.871,3.870,3.872,3.874,3.883,-58.810,582.000
3.667,3.662,3.663,3.670,3.668,3.669,3.665,3.872,3.873,3.875,3.874,3.876,3.870,3.868,-59.040,583.000
3.674,3.661,3.664,3.661,3.666,3.664,3.669,3.871,3.869,3.878,3.876,3.880,3.879,3.874,-59.087,584.000
3.666,3.668,3.670,3.665,3.663,3.668,3.664,3.871,3.873,3.872,3.870,3.880,3.873,3.876,-58.999,585.000
3.673,3.664,3.664,3.661,3.665,3.666,3.662,3.869,3.872,3.870,3.872,3.862,3.871,3.872,-59.088,586.000
3.665,3.664,3.661,3.665,3.663,3.658,3.660,3.872,3.871,3.871,3.870,3.874,3.880,3.874,-58.435,587.000
3.663,3.664,3.661,3.663,3.666,3.659,3.666,3.870,3.871,3.870,3.870,3.872,3.871,3.877,-58.065,588.000
3.657,3.662,3.663,3.665,3.664,3.663,3.659,3.868,3.866,3.868,3.868,3.869,3.868,3.873,-57.604,589.000
3.661,3.661,3.660,3.658,3.657,3.658,3.664,3.872,3.875,3.871,3.871,3.871,3.880,3.872,-57.955,590.000
3.662,3.660,3.658,3.661,3.657,3.665,3.661,3.864,3.868,3.867,3.868,3.871,3.869,3.869,-58.462,591.000
3.659,3.658,3.658,3.653,3.660,3.660,3.662,3.864,3.862,3.871,3.863,3.867,3.870,3.869,-58.697,592.000
3.663,3.665,3.661,3.658,3.656,3.660,3.660,3.868,3.860,3.864,3.868,3.873,3.874,3.865,-58.647,593.000
3.660,3.661,3.658,3.658,3.658,3.663,3.659,3.864,3.859,3.865,3.863,3.870,3.868,3.866,-58.812,594.000
3.662,3.659,3.658,3.661,3.656,3.662,3.658,3.862,3.873,3.861,3.866,3.866,3.863,3.869,-58.651,595.000
3.661,3.659,3.659,3.657,3.663,3.657,3.665,3.863,3.867,3.861,3.867,3.865,3.868,3.870,-58.645,596.000
3.671,3.658,3.672,3.659,3.658,3.667,3.655,3.870,3.870,3.873,3.863,3.869,3.867,3.862,-58.788,597.000
3.659,3.662,3.664,3.668,3.658,3.657,3.661,3.869,3.878,3.872,3.870,3.868,3.870,3.865,-59.004,598.000
3.666,3.661,3.661,3.660,3.661,3.664,3.660,3.866,3.868,3.865,3.876,3.875,3.867,3.869,-59.035,599.000
3.665,3.665,3.665,3.663,3.669,3.659,3.664,3.876,3.874,3.868,3.867,3.870,3.866,3.865,-59.158,600.000
3.669,3.658,3.661,3.666,3.659,3.669,3.660,3.868,3.869,3.871,3.869,3.862,3.870,3.870,-59.311,601.000
3.662,3.667,3.662,3.670,3.660,3.667,3.661,3.878,3.871,3.878,3.867,3.869,3.863,3.868,-59.122,602.000
3.665,3.660,3.662,3.660,3.658,3.663,3.664,3.868,3.875,3.870,3.868,3.870,3.867,3.872,-59.052,603.000
3.663,3.661,3.664,3.659,3.662,3.659,3.661,3.869,3.869,3.873,3.870,3.866,3.871,3.871,-58.927,604.000
3.664,3.659,3.662,3.657,3.661,3.661,3.664,3.868,3.871,3.864,3.869,3.871,3.867,3.870,-59.170,605.000
3.664,3.664,3.661,3.655,3.664,3.662,3.663,3.874,3.866,3.862,3.870,3.869,3.865,3.866,-59.074,606.000
3.664,3.662,3.663,3.669,3.665,3.664,3.666,3.866,3.867,3.868,3.869,3.867,3.867,3.867,-59.160,607.000
3.665,3.666,3.661,3.665,3.663,3.665,3.666,3.865,3.872,3.871,3.876,3.870,3.876,3.875,-59.085,608.000
3.659,3.660,3.661,3.662,3.667,3.668,3.658,3.872,3.873,3.865,3.865,3.869,3.875,3.867,-58.967,609.000
3.668,3.673,3.661,3.664,3.668,3.667,3.662,3.871,3.870,3.871,3.872,3.869,3.867,3.870,-59.050,610.000
3.668,3.666,3.667,3.660,3.667,3.664,3.662,3.869,3.869,3.868,3.865,3.865,3.867,3.867,-59.065,611.000
3.666,3.669,3.662,3.662,3.659,3.660,3.659,3.865,3.873,3.868,3.866,3.872,3.867,3.872,-59.036,612.000
3.667,3.667,3.662,3.663,3.665,3.656,3.661,3.868,3.868,3.868,3.872,3.866,3.867,3.869,-58.788,613.000
3.661,3.664,3.661,3.661,3.659,3.664,3.663,3.872,3.869,3.865,3.871,3.872,3.866,3.869,-58.813,614.000
3.666,3.665,3.665,3.667,3.662,3.664,3.667,3.873,3.870,3.866,3.867,3.871,3.871,3.873,-59.037,615.000
3.665,3.660,3.664,3.660,3.662,3.663,3.666,3.862,3.865,3.864,3.869,3.867,3.866,3.868,-58.703,616.000
3.664,3.660,3.662,3.665,3.665,3.665,3.666,3.872,3.873,3.871,3.869,3.870,3.867,3.872,-58.558,617.000
3.662,3.660,3.664,3.668,3.665,3.667,3.667,3.872,3.871,3.871,3.869,3.870,3.870,3.873,-58.715,618.000
3.667,3.669,3.664,3.667,3.666,3.669,3.668,3.864,3.871,3.875,3.874,3.876,3.873,3.873,-59.041,619.000
3.668,3.666,3.664,3.660,3.666,3.665,3.667,3.873,3.870,3.871,3.878,3.872,3.875,3.870,-58.797,620.000
3.670,3.661,3.666,3.668,3.663,3.664,3.668,3.868,3.867,3.873,3.870,3.875,3.865,3.869,-58.989,621.000
3.667,3.664,3.661,3.669,3.663,3.667,3.670,3.872,3.879,3.871,3.873,3.867,3.873,3.871,-59.033,622.000
3.661,3.669,3.664,3.665,3.669,3.666,3.665,3.865,3.870,3.869,3.868,3.868,3.869,3.864,-58.809,623.000
3.662,3.661,3.668,3.666,3.665,3.671,3.660,3.873,3.867,3.869,3.866,3.873,3.873,3.875,-59.015,624.000
3.660,3.663,3.666,3.659,3.665,3.658,3.665,3.875,3.871,3.872,3.863,3.872,3.872,3.870,-58.794,625.000
3.659,3.666,3.665,3.665,3.659,3.662,3.662,3.876,3.874,3.876,3.876,3.874,3.874,3.872,-58.727,626.000
3.670,3.661,3.672,3.663,3.661,3.657,3.664,3.872,3.867,3.868,3.872,3.866,3.869,3.871,-58.620,627.000
3.668,3.666,3.668,3.663,3.673,3.663,3.664,3.873,3.869,3.867,3.868,3.873,3.875,3.869,-58.669,628.000
3.669,3.671,3.666,3.675,3.663,3.668,3.666,3.878,3.872,3.873,3.874,3.875,3.867,3.870,-58.692,629.000
3.663,3.674,3.665,3.665,3.661,3.668,3.666,3.873,3.873,3.871,3.873,3.880,3.877,3.875,-58.786,630.000
3.668,3.666,3.666,3.665,3.667,3.663,3.662,3.880,3.874,3.878,3.876,3.865,3.877,3.865,-58.941,631.000
3.671,3.668,3.667,3.662,3.665,3.666,3.668,3.873,3.875,3.869,3.875,3.865,3.867,3.868,-59.155,632.000
3.666,3.667,3.666,3.661,3.660,3.669,3.671,3.872,3.868,3.874,3.874,3.871,3.879,3.874,-59.297,633.000
3.666,3.661,3.666,3.663,3.662,3.664,3.663,3.875,3.878,3.880,3.878,3.875,3.875,3.876,-59.288,634.000
3.669,3.666,3.668,3.672,3.659,3.675,3.663,3.873,3.878,3.874,3.874,3.879,3.876,3.871,-59.428,635.000
3.663,3.661,3.669,3.671,3.667,3.663,3.671,3.878,3.879,3.882,3.876,3.876,3.876,3.880,-59.397,636.000
3.660,3.667,3.671,3.668,3.676,3.669,3.668,3.877,3.883,3.886,3.881,3.875,3.870,3.877,-59.310,637.000
3.671,3.664,3.666,3.667,3.669,3.671,3.666,3.879,3.883,3.878,3.874,3.874,3.873,3.877,-59.201,638.000
3.662,3.668,3.668,3.667,3.670,3.667,3.666,3.875,3.874,3.867,3.876,3.874,3.870,3.873,-58.924,639.000
3.670,3.660,3.669,3.668,3.667,3.665,3.671,3.867,3.872,3.871,3.873,3.872,3.872,3.871,-59.214,640.000
3.672,3.664,3.670,3.667,3.673,3.672,3.672,3.871,3.873,3.879,3.876,3.874,3.875,3.872,-59.270,641.000
3.671,3.663,3.668,3.669,3.665,3.670,3.667,3.877,3.878,3.877,3.874,3.879,3.875,3.877,-59.337,642.000
3.672,3.669,3.669,3.665,3.668,3.665,3.669,3.880,3.870,3.878,3.871,3.871,3.872,3.881,-59.102,643.000
3.668,3.666,3.667,3.666,3.669,3.672,3.669,3.884,3.877,3.874,3.876,3.873,3.874,3.876,-59.047,644.000
3.669,3.670,3.664,3.667,3.665,3.671,3.666,3.875,3.880,3.879,3.875,3.875,3.877,3.879,-58.831,645.000
3.671,3.662,3.673,3.670,3.667,3.667,3.670,3.869,3.875,3.882,3.878,3.875,3.875,3.878,-59.048,646.000
3.670,3.671,3.665,3.672,3.670,3.666,3.675,3.874,3.879,3.881,3.878,3.874,3.878,3.877,-59.135,647.000
3.661,3.672,3.661,3.673,3.666,3.670,3.672,3.876,3.881,3.879,3.873,3.879,3.874,3.876,-59.148,648.000
3.667,3.665,3.667,3.668,3.668,3.665,3.666,3.874,3.875,3.879,3.873,3.869,3.873,3.871,-58.997,649.000
3.662,3.669,3.663,3.660,3.666,3.663,3.665,3.874,3.876,3.873,3.867,3.876,3.871,3.879,-58.963,650.000
3.669,3.664,3.666,3.663,3.666,3.664,3.665,3.864,3.873,3.875,3.871,3.871,3.879,3.878,-58.809,651.000
3.665,3.666,3.665,3.669,3.665,3.661,3.671,3.875,3.876,3.878,3.875,3.870,3.872,3.871,-58.687,652.000
3.663,3.662,3.666,3.663,3.666,3.658,3.667,3.875,3.874,3.874,3.873,3.873,3.868,3.874,-58.932,653.000
3.665,3.666,3.666,3.660,3.666,3.665,3.670,3.874,3.869,3.877,3.877,3.877,3.866,3.874,-58.861,654.000
3.660,3.666,3.666,3.669,3.663,3.664,3.668,3.868,3.870,3.873,3.871,3.868,3.870,3.873,-58.759,655.000
3.661,3.666,3.661,3.664,3.670,3.666,3.665,3.872,3.871,3.867,3.872,3.870,3.873,3.871,-59.011,656.000
3.670,3.662,3.663,3.663,3.666,3.662,3.667,3.873,3.870,3.869,3.870,3.869,3.873,3.873,-59.328,657.000
3.664,3.668,3.657,3.661,3.659,3.667,3.661,3.866,3.869,3.865,3.870,3.870,3.868,3.871,-59.401,658.000
3.659,3.661,3.664,3.661,3.663,3.663,3.658,3.869,3.859,3.874,3.877,3.870,3.865,3.873,-59.141,659.000
3.663,3.665,3.661,3.665,3.663,3.659,3.660,3.870,3.878,3.868,3.875,3.871,3.862,3.869,-59.146,660.000
3.666,3.667,3.664,3.668,3.664,3.663,3.667,3.877,3.875,3.871,3.872,3.870,3.873,3.866,-58.952,661.000
3.672,3.660,3.662,3.662,3.659,3.663,3.665,3.868,3.869,3.873,3.866,3.874,3.867,3.870,-59.192,662.000
3.663,3.662,3.657,3.671,3.664,3.660,3.669,3.873,3.873,3.870,3.868,3.872,3.870,3.867,-59.140,663.000
3.656,3.664,3.659,3.664,3.667,3.667,3.672,3.866,3.863,3.866,3.865,3.864,3.869,3.874,-59.235,664.000
3.669,3.665,3.667,3.666,3.663,3.663,3.668,3.871,3.867,3.873,3.871,3.870,3.869,3.874,-59.373,665.000
3.670,3.670,3.669,3.670,3.671,3.671,3.669,3.865,3.868,3.871,3.876,3.875,3.874,3.875,-59.073,666.000
3.667,3.670,3.670,3.670,3.665,3.669,3.667,3.873,3.869,3.873,3.876,3.866,3.864,3.867,-58.840,667.000
3.661,3.666,3.662,3.664,3.669,3.665,3.666,3.869,3.869,3.874,3.869,3.869,3.871,3.872,-59.010,668.000
3.669,3.673,3.669,3.661,3.665,3.666,3.663,3.872,3.880,3.877,3.879,3.875,3.867,3.867,-58.879,669.000
3.669,3.664,3.665,3.667,3.669,3.666,3.666,3.869,3.872,3.873,3.870,3.874,3.871,3.870,-58.984,670.000
3.665,3.668,3.670,3.661,3.664,3.661,3.668,3.868,3.876,3.872,3.870,3.878,3.869,3.875,-58.868,671.000
3.666,3.664,3.665,3.670,3.666,3.664,3.660,3.869,3.869,3.871,3.864,3.866,3.867,3.867,-59.325,672.000
3.663,3.660,3.662,3.660,3.662,3.666,3.656,3.867,3.870,3.868,3.873,3.865,3.867,3.868,-59.038,673.000
3.667,3.666,3.670,3.667,3.665,3.667,3.668,3.867,3.870,3.873,3.871,3.870,3.873,3.873,-59.017,674.000
3.664,3.670,3.672,3.663,3.669,3.668,3.676,3.872,3.869,3.869,3.872,3.871,3.872,3.868,-58.977,675.000
3.663,3.669,3.668,3.662,3.665,3.664,3.673,3.875,3.876,3.868,3.867,3.872,3.878,3.870,-58.799,676.000
3.668,3.668,3.667,3.664,3.668,3.667,3.667,3.876,3.876,3.871,3.873,3.876,3.879,3.870,-59.000,677.000
3.672,3.672,3.672,3.668,3.673,3.666,3.671,3.871,3.870,3.877,3.882,3.881,3.881,3.878,-59.157,678.000
3.666,3.667,3.665,3.670,3.675,3.672,3.670,3.876,3.873,3.874,3.875,3.870,3.873,3.882,-59.011,679.000
3.671,3.672,3.667,3.667,3.668,3.668,3.671,3.872,3.878,3.869,3.876,3.877,3.871,3.871,-58.730,680.000
3.667,3.666,3.673,3.673,3.672,3.671,3.669,3.875,3.874,3.874,3.874,3.875,3.874,3.874,-58.921,681.000
3.671,3.677,3.672,3.672,3.673,3.668,3.665,3.872,3.875,3.875,3.867,3.875,3.878,3.877,-58.899,682.000
3.675,3.671,3.665,3.673,3.674,3.678,3.670,3.879,3.874,3.884,3.878,3.874,3.875,3.875,-58.325,683.000
3.671,3.677,3.671,3.674,3.674,3.674,3.672,3.874,3.881,3.876,3.876,3.873,3.873,3.871,-58.221,684.000
3.672,3.668,3.671,3.667,3.675,3.674,3.673,3.880,3.879,3.879,3.876,3.880,3.877,3.881,-58.351,685.000
3.667,3.669,3.674,3.666,3.679,3.669,3.667,3.879,3.875,3.875,3.877,3.875,3.871,3.876,-58.408,686.000
3.673,3.665,3.670,3.673,3.670,3.674,3.670,3.879,3.882,3.879,3.876,3.878,3.874,3.877,-58.539,687.000
3.671,3.669,3.675,3.670,3.672,3.676,3.670,3.875,3.875,3.879,3.878,3.874,3.876,3.875,-58.947,688.000
3.674,3.675,3.675,3.676,3.676,3.675,3.671,3.879,3.881,3.879,3.870,3.880,3.881,3.882,-59.034,689.000
3.677,3.670,3.670,3.671,3.674,3.674,3.669,3.870,3.878,3.877,3.876,3.872,3.874,3.878,-58.879,690.000
3.671,3.676,3.672,3.669,3.668,3.673,3.674,3.877,3.878,3.878,3.878,3.879,3.882,3.878,-58.712,691.000
3.678,3.675,3.672,3.673,3.667,3.681,3.673,3.890,3.885,3.882,3.878,3.886,3.879,3.881,-58.720,692.000
3.672,3.670,3.667,3.671,3.673,3.670,3.674,3.883,3.881,3.880,3.878,3.886,3.880,3.884,-58.976,693.000
3.670,3.671,3.671,3.668,3.675,3.670,3.676,3.881,3.882,3.881,3.877,3.874,3.876,3.883,-58.820,694.000
3.678,3.672,3.667,3.680,3.670,3.676,3.673,3.877,3.877,3.877,3.880,3.880,3.878,3.875,-58.759,695.000
3.669,3.673,3.669,3.675,3.668,3.674,3.679,3.878,3.881,3.876,3.881,3.875,3.882,3.883,-58.946,696.000
3.669,3.670,3.671,3.671,3.670,3.675,3.668,3.877,3.880,3.877,3.878,3.875,3.877,3.879,-58.944,697.000
3.676,3.674,3.673,3.674,3.680,3.672,3.675,3.874,3.877,3.879,3.881,3.883,3.881,3.878,-59.049,698.000
3.670,3.671,3.671,3.681,3.669,3.674,3.669,3.877,3.884,3.879,3.881,3.879,3.881,3.877,-58.907,699.000
3.671,3.673,3.672,3.671,3.674,3.672,3.672,3.882,3.876,3.880,3.879,3.881,3.879,3.884,-58.854,700.000
3.671,3.674,3.674,3.672,3.676,3.673,3.669,3.879,3.877,3.874,3.881,3.879,3.875,3.876,-58.812,701.000
3.675,3.674,3.669,3.671,3.668,3.671,3.667,3.882,3.873,3.883,3.883,3.880,3.877,3.881,-58.869,702.000
3.675,3.671,3.666,3.668,3.676,3.669,3.671,3.879,3.876,3.882,3.883,3.877,3.879,3.879,-58.930,703.000
3.673,3.669,3.673,3.669,3.672,3.672,3.672,3.876,3.881,3.876,3.881,3.885,3.879,3.881,-58.866,704.000
3.673,3.673,3.672,3.669,3.675,3.674,3.677,3.881,3.879,3.879,3.882,3.881,3.878,3.884,-58.885,705.000
3.674,3.674,3.675,3.668,3.672,3.675,3.671,3.884,3.884,3.885,3.879,3.884,3.879,3.882,-58.823,706.000
3.672,3.679,3.671,3.668,3.673,3.674,3.674,3.884,3.879,3.879,3.879,3.884,3.884,3.887,-59.076,707.000
3.667,3.674,3.668,3.673,3.670,3.674,3.665,3.889,3.886,3.886,3.878,3.880,3.875,3.883,-59.235,708.000
3.667,3.672,3.674,3.674,3.678,3.674,3.669,3.883,3.885,3.882,3.884,3.883,3.887,3.886,-59.149,709.000
3.675,3.675,3.666,3.671,3.672,3.675,3.674,3.879,3.884,3.883,3.881,3.885,3.882,3.881,-59.273,710.000
3.672,3.673,3.673,3.678,3.672,3.673,3.678,3.879,3.877,3.884,3.886,3.881,3.879,3.884,-59.360,711.000
3.668,3.665,3.674,3.668,3.672,3.667,3.678,3.882,3.878,3.878,3.881,3.880,3.883,3.881,-59.123,712.000
3.670,3.667,3.674,3.674,3.676,3.675,3.670,3.880,3.880,3.882,3.881,3.882,3.884,3.884,-59.119,713.000
3.675,3.669,3.669,3.668,3.672,3.677,3.678,3.886,3.882,3.881,3.879,3.883,3.882,3.881,-59.274,714.000
3.676,3.670,3.676,3.677,3.673,3.678,3.671,3.878,3.879,3.880,3.883,3.883,3.882,3.878,-59.151,715.000
3.676,3.669,3.673,3.667,3.678,3.668,3.672,3.883,3.882,3.883,3.880,3.882,3.879,3.885,-59.206,716.000
3.677,3.676,3.671,3.670,3.668,3.676,3.674,3.892,3.884,3.887,3.881,3.887,3.879,3.876,-59.203,717.000
3.669,3.669,3.674,3.670,3.668,3.667,3.670,3.884,3.880,3.879,3.884,3.878,3.888,3.882,-59.208,718.000
3.671,3.673,3.674,3.675,3.676,3.669,3.676,3.882,3.881,3.881,3.883,3.889,3.882,3.880,-59.127,719.000
3.671,3.676,3.670,3.675,3.668,3.671,3.669,3.879,3.883,3.883,3.884,3.883,3.880,3.883,-59.099,720.000
3.679,3.671,3.668,3.669,3.671,3.669,3.673,3.888,3.882,3.883,3.875,3.885,3.882,3.884,-58.814,721.000
3.670,3.670,3.671,3.669,3.669,3.675,3.676,3.882,3.882,3.877,3.880,3.881,3.881,3.877,-58.890,722.000
3.671,3.668,3.670,3.671,3.670,3.673,3.674,3.881,3.885,3.886,3.878,3.879,3.880,3.884,-58.837,723.000
3.667,3.673,3.673,3.671,3.672,3.675,3.671,3.880,3.880,3.886,3.882,3.887,3.879,3.888,-58.917,724.000
3.672,3.668,3.674,3.670,3.674,3.679,3.673,3.885,3.886,3.882,3.890,3.882,3.879,3.882,-59.047,725.000
3.671,3.672,3.673,3.673,3.674,3.670,3.670,3.881,3.876,3.880,3.880,3.883,3.885,3.881,-58.853,726.000
3.673,3.671,3.672,3.667,3.670,3.667,3.668,3.880,3.882,3.886,3.880,3.882,3.880,3.881,-58.969,727.000
3.668,3.672,3.674,3.668,3.669,3.668,3.674,3.880,3.882,3.879,3.877,3.886,3.882,3.877,-59.251,728.000
3.674,3.670,3.673,3.668,3.672,3.672,3.669,3.880,3.881,3.879,3.880,3.886,3.874,3.881,-59.293,729.000
3.666,3.667,3.664,3.671,3.673,3.677,3.671,3.879,3.883,3.882,3.883,3.882,3.878,3.885,-59.242,730.000
3.674,3.674,3.667,3.670,3.675,3.674,3.672,3.880,3.877,3.881,3.882,3.883,3.879,3.881,-59.082,731.000
3.669,3.674,3.668,3.672,3.673,3.670,3.675,3.878,3.879,3.883,3.880,3.875,3.878,3.883,-59.097,732.000
3.668,3.671,3.672,3.671,3.667,3.668,3.676,3.879,3.880,3.879,3.885,3.879,3.878,3.879,-59.068,733.000
3.664,3.673,3.671,3.672,3.671,3.675,3.670,3.883,3.884,3.874,3.881,3.881,3.876,3.879,-59.154,734.000
3.666,3.676,3.668,3.674,3.673,3.671,3.675,3.885,3.874,3.878,3.882,3.880,3.887,3.884,-59.196,735.000
3.671,3.671,3.670,3.669,3.673,3.673,3.675,3.884,3.879,3.881,3.879,3.878,3.882,3.878,-59.077,736.000
3.670,3.672,3.667,3.672,3.671,3.675,3.672,3.883,3.882,3.879,3.879,3.876,3.876,3.874,-59.105,737.000
3.677,3.667,3.673,3.670,3.670,3.671,3.672,3.879,3.875,3.883,3.883,3.880,3.883,3.885,-59.399,738.000
3.677,3.669,3.674,3.664,3.669,3.670,3.671,3.876,3.879,3.878,3.880,3.877,3.885,3.881,-59.203,739.000
3.675,3.667,3.677,3.667,3.674,3.671,3.674,3.874,3.886,3.879,3.888,3.875,3.881,3.884,-59.190,740.000
3.677,3.669,3.667,3.679,3.675,3.675,3.676,3.883,3.883,3.883,3.884,3.882,3.883,3.881,-58.897,741.000
3.679,3.679,3.672,3.675,3.678,3.676,3.677,3.886,3.877,3.880,3.885,3.882,3.882,3.885,-58.757,742.000
3.675,3.674,3.670,3.670,3.679,3.678,3.671,3.879,3.881,3.881,3.882,3.882,3.887,3.883,-58.778,743.000
3.674,3.674,3.671,3.670,3.675,3.674,3.679,3.878,3.878,3.879,3.877,3.878,3.882,3.885,-58.890,744.000
3.670,3.675,3.677,3.674,3.672,3.674,3.673,3.880,3.871,3.877,3.878,3.882,3.880,3.878,-59.166,745.000
3.683,3.673,3.681,3.673,3.676,3.669,3.679,3.884,3.881,3.880,3.882,3.886,3.883,3.881,-59.359,746.000
3.671,3.678,3.674,3.674,3.675,3.674,3.673,3.879,3.881,3.881,3.879,3.887,3.883,3.883,-59.049,747.000
3.678,3.676,3.670,3.670,3.675,3.669,3.674,3.880,3.879,3.879,3.878,3.887,3.882,3.882,-59.207,748.000
3.672,3.671,3.677,3.671,3.672,3.674,3.676,3.884,3.882,3.879,3.879,3.880,3.885,3.881,-59.245,749.000
3.677,3.674,3.673,3.679,3.674,3.674,3.676,3.885,3.884,3.877,3.885,3.880,3.887,3.884,-59.028,750.000
3.675,3.677,3.679,3.671,3.679,3.673,3.681,3.888,3.885,3.886,3.881,3.879,3.873,3.876,-59.202,751.000
3.674,3.674,3.672,3.670,3.673,3.678,3.669,3.883,3.883,3.881,3.888,3.883,3.887,3.882,-59.271,752.000
3.675,3.678,3.674,3.672,3.672,3.679,3.672,3.886,3.886,3.880,3.883,3.881,3.882,3.883,-59.128,753.000
3.674,3.673,3.673,3.669,3.680,3.673,3.677,3.883,3.880,3.876,3.877,3.883,3.879,3.879,-59.155,754.000
3.672,3.675,3.672,3.673,3.671,3.673,3.671,3.880,3.886,3.887,3.879,3.880,3.882,3.878,-59.045,755.000
3.669,3.679,3.667,3.672,3.675,3.674,3.673,3.874,3.881,3.881,3.885,3.885,3.878,3.883,-58.989,756.000
3.672,3.671,3.673,3.665,3.672,3.671,3.676,3.870,3.878,3.882,3.875,3.881,3.884,3.880,-58.977,757.000
3.669,3.666,3.662,3.671,3.670,3.667,3.665,3.878,3.875,3.875,3.880,3.878,3.875,3.874,-59.032,758.000
3.673,3.665,3.667,3.658,3.673,3.667,3.669,3.878,3.874,3.874,3.874,3.872,3.870,3.873,-58.967,759.000
3.664,3.668,3.673,3.670,3.668,3.668,3.669,3.874,3.877,3.871,3.874,3.869,3.875,3.873,-58.872,760.000
3.663,3.667,3.668,3.668,3.667,3.664,3.668,3.876,3.877,3.879,3.880,3.873,3.884,3.875,-59.047,761.000
3.668,3.665,3.673,3.672,3.669,3.662,3.671,3.877,3.876,3.876,3.876,3.878,3.882,3.881,-59.032,762.000
3.668,3.669,3.665,3.672,3.671,3.667,3.670,3.882,3.880,3.884,3.874,3.878,3.873,3.875,-59.122,763.000
3.669,3.674,3.673,3.672,3.668,3.675,3.674,3.875,3.877,3.880,3.880,3.882,3.876,3.883,-59.040,764.000
3.673,3.667,3.674,3.671,3.672,3.674,3.671,3.876,3.872,3.885,3.886,3.889,3.887,3.886,-59.012,765.000
3.674,3.672,3.674,3.667,3.678,3.670,3.670,3.880,3.877,3.876,3.882,3.879,3.876,3.882,-58.856,766.000
3.667,3.669,3.674,3.674,3.673,3.667,3.671,3.883,3.888,3.882,3.885,3.880,3.883,3.878,-59.036,767.000
3.675,3.669,3.666,3.674,3.668,3.668,3.669,3.877,3.875,3.886,3.883,3.880,3.883,3.879,-59.250,768.000
3.672,3.667,3.673,3.675,3.672,3.672,3.672,3.884,3.882,3.886,3.883,3.886,3.886,3.884,-59.195,769.000
3.673,3.675,3.673,3.677,3.670,3.671,3.670,3.877,3.879,3.876,3.881,3.876,3.882,3.882,-59.199,770.000
3.668,3.666,3.666,3.665,3.670,3.669,3.670,3.878,3.880,3.878,3.879,3.879,3.887,3.883,-59.088,771.000
3.664,3.671,3.668,3.671,3.671,3.674,3.665,3.880,3.882,3.877,3.879,3.878,3.879,3.879,-58.953,772.000
3.670,3.672,3.673,3.668,3.674,3.674,3.671,3.875,3.881,3.883,3.878,3.877,3.881,3.875,-58.952,773.000
3.675,3.671,3.674,3.673,3.675,3.672,3.675,3.886,3.880,3.875,3.876,3.888,3.877,3.878,-58.983,774.000
3.672,3.675,3.670,3.681,3.667,3.676,3.678,3.885,3.878,3.882,3.879,3.882,3.881,3.886,-59.054,775.000
3.671,3.677,3.678,3.671,3.675,3.672,3.673,3.883,3.888,3.883,3.889,3.886,3.887,3.885,-58.932,776.000
3.680,3.673,3.674,3.677,3.680,3.677,3.677,3.888,3.884,3.890,3.886,3.889,3.885,3.883,-58.875,777.000
3.676,3.675,3.675,3.676,3.680,3.679,3.681,3.887,3.885,3.892,3.888,3.888,3.889,3.882,-58.903,778.000
3.677,3.676,3.680,3.674,3.679,3.676,3.673,3.890,3.884,3.879,3.890,3.888,3.882,3.886,-59.044,779.000
3.674,3.677,3.676,3.675,3.676,3.674,3.674,3.886,3.886,3.885,3.888,3.886,3.881,3.887,-58.999,780.000
3.671,3.675,3.679,3.670,3.676,3.674,3.679,3.882,3.886,3.879,3.885,3.889,3.891,3.887,-58.711,781.000
3.676,3.674,3.677,3.674,3.677,3.675,3.672,3.877,3.877,3.881,3.883,3.887,3.883,3.877,-58.792,782.000
3.672,3.681,3.674,3.676,3.676,3.673,3.672,3.890,3.887,3.885,3.890,3.879,3.877,3.882,-58.963,783.000
3.672,3.678,3.676,3.677,3.675,3.676,3.671,3.883,3.883,3.888,3.889,3.882,3.889,3.883,-58.687,784.000
3.685,3.673,3.677,3.671,3.676,3.675,3.675,3.880,3.883,3.884,3.880,3.881,3.879,3.892,-58.634,785.000
3.672,3.671,3.676,3.673,3.674,3.671,3.679,3.884,3.886,3.886,3.884,3.883,3.884,3.887,-58.910,786.000
3.681,3.681,3.671,3.676,3.677,3.676,3.672,3.889,3.887,3.887,3.882,3.880,3.882,3.890,-59.078,787.000
3.672,3.676,3.673,3.677,3.680,3.683,3.682,3.894,3.886,3.884,3.884,3.884,3.885,3.887,-59.002,788.000
3.682,3.680,3.678,3.677,3.672,3.678,3.676,3.886,3.885,3.882,3.891,3.887,3.889,3.887,-59.019,789.000
3.677,3.680,3.678,3.679,3.678,3.678,3.681,3.889,3.889,3.889,3.882,3.886,3.884,3.885,-58.963,790.000
3.684,3.687,3.681,3.683,3.684,3.682,3.684,3.890,3.884,3.889,3.891,3.889,3.891,3.890,-58.915,791.000
3.683,3.677,3.682,3.678,3.682,3.681,3.683,3.890,3.887,3.886,3.886,3.891,3.888,3.889,-58.952,792.000
3.683,3.682,3.679,3.677,3.685,3.682,3.682,3.890,3.889,3.895,3.888,3.886,3.890,3.891,-59.018,793.000
3.681,3.677,3.678,3.678,3.681,3.681,3.677,3.891,3.890,3.889,3.891,3.893,3.887,3.891,-58.870,794.000
3.681,3.684,3.681,3.685,3.678,3.682,3.681,3.892,3.890,3.896,3.894,3.888,3.897,3.888,-59.005,795.000
3.679,3.682,3.681,3.679,3.684,3.681,3.676,3.887,3.885,3.889,3.890,3.886,3.888,3.885,-59.101,796.000
3.675,3.681,3.678,3.675,3.683,3.678,3.680,3.889,3.886,3.890,3.888,3.887,3.886,3.889,-58.969,797.000
3.678,3.680,3.678,3.681,3.679,3.680,3.687,3.884,3.889,3.884,3.888,3.886,3.885,3.887,-58.975,798.000
3.679,3.672,3.676,3.681,3.680,3.681,3.671,3.888,3.886,3.881,3.887,3.892,3.883,3.885,-58.978,799.000
3.676,3.674,3.677,3.676,3.676,3.677,3.673,3.884,3.889,3.890,3.884,3.883,3.883,3.885,-59.016,800.000
3.673,3.677,3.674,3.681,3.678,3.674,3.676,3.886,3.889,3.884,3.882,3.878,3.887,3.876,-59.028,801.000
3.673,3.673,3.679,3.674,3.675,3.671,3.679,3.889,3.887,3.882,3.879,3.873,3.879,3.878,-58.893,802.000
3.674,3.675,3.677,3.681,3.677,3.677,3.678,3.880,3.879,3.887,3.883,3.880,3.882,3.884,-59.070,803.000
3.676,3.679,3.677,3.678,3.674,3.678,3.671,3.885,3.881,3.883,3.882,3.878,3.883,3.881,-58.990,804.000
3.673,3.680,3.677,3.676,3.676,3.678,3.669,3.885,3.884,3.880,3.883,3.886,3.886,3.883,-59.086,805.000
3.671,3.672,3.677,3.674,3.669,3.679,3.683,3.887,3.887,3.888,3.879,3.886,3.889,3.887,-58.860,806.000
3.681,3.676,3.673,3.675,3.681,3.675,3.681,3.888,3.890,3.884,3.883,3.892,3.888,3.894,-58.768,807.000
3.680,3.683,3.677,3.681,3.680,3.683,3.678,3.890,3.885,3.886,3.890,3.890,3.890,3.886,-59.009,808.000
3.678,3.679,3.679,3.679,3.683,3.680,3.680,3.888,3.889,3.884,3.890,3.885,3.887,3.888,-58.919,809.000
3.678,3.686,3.682,3.683,3.682,3.681,3.678,3.896,3.895,3.897,3.895,3.892,3.892,3.891,-59.047,810.000
3.688,3.678,3.682,3.685,3.679,3.685,3.689,3.888,3.894,3.895,3.894,3.891,3.900,3.898,-59.071,811.000
3.689,3.682,3.682,3.680,3.681,3.681,3.683,3.897,3.895,3.891,3.890,3.889,3.891,3.893,-58.928,812.000
3.684,3.684,3.679,3.682,3.680,3.685,3.681,3.888,3.893,3.890,3.892,3.893,3.893,3.898,-59.086,813.000
3.687,3.683,3.682,3.681,3.685,3.684,3.686,3.897,3.894,3.895,3.888,3.898,3.900,3.895,-58.980,814.000
3.686,3.680,3.681,3.687,3.681,3.684,3.685,3.892,3.896,3.895,3.891,3.891,3.888,3.890,-59.128,815.000
3.688,3.685,3.685,3.682,3.680,3.683,3.681,3.891,3.894,3.891,3.892,3.891,3.894,3.893,-58.977,816.000
3.682,3.687,3.681,3.685,3.683,3.687,3.687,3.895,3.889,3.894,3.894,3.890,3.895,3.891,-58.973,817.000
3.689,3.687,3.687,3.681,3.686,3.685,3.682,3.895,3.889,3.895,3.886,3.893,3.895,3.892,-59.038,818.000
3.683,3.685,3.688,3.683,3.687,3.680,3.681,3.894,3.895,3.892,3.892,3.894,3.897,3.894,-59.120,819.000
3.680,3.683,3.681,3.684,3.685,3.686,3.685,3.891,3.889,3.890,3.893,3.892,3.894,3.894,-59.099,820.000
3.677,3.688,3.687,3.684,3.682,3.683,3.686,3.892,3.891,3.893,3.888,3.899,3.888,3.894,-59.001,821.000
3.693,3.685,3.684,3.685,3.690,3.684,3.683,3.887,3.893,3.890,3.890,3.892,3.888,3.891,-59.085,822.000
3.688,3.681,3.683,3.679,3.691,3.681,3.684,3.890,3.893,3.892,3.889,3.892,3.891,3.885,-59.066,823.000
3.688,3.683,3.684,3.686,3.687,3.682,3.680,3.896,3.885,3.894,3.892,3.893,3.891,3.884,-59.005,824.000
3.685,3.686,3.682,3.686,3.683,3.688,3.685,3.888,3.893,3.894,3.892,3.886,3.891,3.894,-59.007,825.000
3.684,3.691,3.676,3.690,3.683,3.687,3.689,3.891,3.891,3.895,3.890,3.890,3.888,3.891,-59.117,826.000
3.687,3.691,3.688,3.682,3.691,3.683,3.693,3.890,3.885,3.887,3.884,3.885,3.891,3.889,-59.141,827.000
3.684,3.687,3.689,3.681,3.690,3.693,3.687,3.891,3.896,3.886,3.898,3.895,3.890,3.896,-58.940,828.000
3.691,3.690,3.686,3.686,3.682,3.690,3.688,3.889,3.891,3.894,3.893,3.892,3.899,3.894,-58.799,829.000
3.685,3.694,3.681,3.693,3.692,3.690,3.690,3.896,3.898,3.898,3.899,3.890,3.887,3.888,-59.174,830.000
3.687,3.685,3.696,3.683,3.681,3.689,3.692,3.890,3.893,3.893,3.891,3.889,3.892,3.893,-59.172,831.000
3.688,3.690,3.688,3.690,3.692,3.689,3.687,3.890,3.896,3.890,3.894,3.894,3.901,3.897,-59.137,832.000
3.693,3.685,3.688,3.688,3.692,3.685,3.693,3.895,3.892,3.898,3.899,3.896,3.893,3.892,-59.385,833.000
3.682,3.694,3.695,3.688,3.693,3.688,3.684,3.891,3.898,3.898,3.899,3.898,3.898,3.903,-59.118,834.000
3.692,3.688,3.689,3.687,3.690,3.690,3.688,3.896,3.894,3.900,3.895,3.895,3.889,3.895,-59.076,835.000
3.685,3.693,3.687,3.685,3.694,3.692,3.690,3.897,3.897,3.893,3.893,3.899,3.896,3.899,-59.073,836.000
3.689,3.695,3.694,3.692,3.696,3.687,3.696,3.896,3.903,3.897,3.893,3.893,3.900,3.902,-59.244,837.000
3.694,3.696,3.688,3.697,3.692,3.695,3.693,3.894,3.896,3.903,3.895,3.899,3.904,3.902,-59.144,838.000
3.698,3.692,3.696,3.693,3.691,3.689,3.695,3.899,3.907,3.903,3.904,3.903,3.904,3.898,-59.092,839.000
3.694,3.695,3.694,3.697,3.698,3.694,3.691,3.904,3.902,3.910,3.903,3.902,3.898,3.900,-59.093,840.000
3.694,3.694,3.693,3.695,3.690,3.696,3.691,3.897,3.903,3.900,3.895,3.900,3.898,3.900,-58.927,841.000
3.696,3.692,3.688,3.693,3.690,3.698,3.693,3.902,3.898,3.901,3.900,3.896,3.901,3.899,-59.041,842.000
3.696,3.693,3.694,3.690,3.694,3.695,3.692,3.897,3.898,3.895,3.903,3.900,3.904,3.903,-59.005,843.000
3.693,3.695,3.698,3.695,3.696,3.693,3.692,3.902,3.904,3.904,3.904,3.899,3.901,3.904,-59.152,844.000
3.697,3.692,3.692,3.691,3.693,3.690,3.693,3.900,3.906,3.901,3.897,3.898,3.899,3.896,-59.071,845.000
3.698,3.691,3.695,3.693,3.692,3.691,3.690,3.899,3.900,3.904,3.897,3.901,3.905,3.899,-59.102,846.000
3.693,3.693,3.693,3.688,3.689,3.693,3.692,3.902,3.902,3.902,3.901,3.906,3.902,3.903,-59.179,847.000
3.690,3.691,3.698,3.691,3.694,3.689,3.687,3.907,3.903,3.906,3.902,3.903,3.903,3.898,-59.225,848.000
3.691,3.690,3.691,3.692,3.691,3.690,3.687,3.906,3.908,3.904,3.902,3.902,3.903,3.903,-59.201,849.000
3.694,3.692,3.696,3.697,3.692,3.697,3.695,3.904,3.904,3.902,3.900,3.906,3.907,3.904,-59.133,850.000
3.689,3.692,3.690,3.690,3.690,3.686,3.692,3.902,3.904,3.897,3.902,3.904,3.904,3.906,-59.035,851.000
3.686,3.685,3.690,3.693,3.690,3.694,3.696,3.897,3.900,3.897,3.900,3.901,3.900,3.901,-59.123,852.000
3.688,3.685,3.690,3.690,3.696,3.689,3.692,3.902,3.896,3.903,3.902,3.901,3.898,3.900,-59.250,853.000
3.682,3.684,3.685,3.684,3.689,3.682,3.684,3.896,3.896,3.893,3.894,3.888,3.897,3.895,-59.083,854.000
3.692,3.686,3.686,3.690,3.686,3.689,3.689,3.898,3.897,3.891,3.897,3.895,3.904,3.900,-59.231,855.000
3.686,3.685,3.688,3.685,3.692,3.685,3.689,3.902,3.900,3.900,3.899,3.903,3.892,3.904,-59.242,856.000
3.681,3.684,3.689,3.691,3.685,3.689,3.689,3.898,3.900,3.901,3.901,3.891,3.890,3.902,-59.071,857.000
3.686,3.688,3.684,3.686,3.686,3.688,3.688,3.896,3.896,3.892,3.893,3.894,3.885,3.895,-59.057,858.000
3.683,3.682,3.689,3.679,3.683,3.678,3.684,3.890,3.884,3.890,3.890,3.891,3.891,3.895,-58.752,859.000
3.686,3.682,3.683,3.682,3.686,3.684,3.684,3.892,3.895,3.895,3.890,3.891,3.888,3.886,-59.051,860.000
3.686,3.680,3.680,3.679,3.680,3.681,3.681,3.891,3.894,3.891,3.884,3.893,3.884,3.888,-59.057,861.000
3.685,3.684,3.682,3.680,3.683,3.685,3.682,3.894,3.899,3.891,3.892,3.889,3.893,3.894,-59.262,862.000
3.688,3.690,3.691,3.689,3.688,3.690,3.691,3.897,3.897,3.899,3.897,3.893,3.888,3.894,-59.169,863.000
3.683,3.691,3.691,3.698,3.691,3.689,3.686,3.897,3.894,3.887,3.898,3.895,3.897,3.898,-59.406,864.000
3.691,3.693,3.689,3.695,3.689,3.694,3.701,3.895,3.898,3.894,3.894,3.893,3.899,3.897,-59.169,865.000
3.696,3.691,3.692,3.692,3.693,3.693,3.694,3.901,3.903,3.905,3.906,3.902,3.903,3.896,-59.086,866.000
3.694,3.696,3.694,3.694,3.695,3.698,3.696,3.904,3.900,3.906,3.904,3.902,3.904,3.905,-59.050,867.000
3.697,3.694,3.697,3.693,3.693,3.689,3.693,3.897,3.903,3.903,3.903,3.902,3.904,3.903,-59.139,868.000
3.695,3.696,3.698,3.693,3.695,3.691,3.695,3.899,3.901,3.902,3.901,3.906,3.902,3.901,-58.902,869.000
3.702,3.694,3.694,3.698,3.690,3.700,3.691,3.902,3.905,3.905,3.909,3.901,3.898,3.899,-58.951,870.000
3.701,3.698,3.693,3.694,3.697,3.694,3.695,3.902,3.899,3.901,3.900,3.915,3.905,3.909,-59.046,871.000
3.695,3.696,3.703,3.693,3.695,3.702,3.694,3.907,3.912,3.911,3.902,3.904,3.901,3.903,-59.156,872.000
3.699,3.697,3.696,3.703,3.694,3.696,3.700,3.902,3.907,3.903,3.906,3.901,3.904,3.907,-59.274,873.000
3.699,3.700,3.705,3.700,3.692,3.699,3.699,3.904,3.904,3.908,3.901,3.904,3.900,3.895,-59.349,874.000
3.705,3.697,3.697,3.696,3.697,3.700,3.700,3.912,3.908,3.910,3.904,3.912,3.912,3.903,-59.172,875.000
3.702,3.700,3.699,3.698,3.699,3.701,3.696,3.912,3.906,3.909,3.908,3.917,3.909,3.908,-59.118,876.000
3.701,3.705,3.700,3.705,3.696,3.698,3.701,3.904,3.905,3.913,3.910,3.907,3.911,3.905,-59.198,877.000
3.700,3.701,3.699,3.701,3.700,3.701,3.705,3.902,3.915,3.906,3.909,3.911,3.909,3.910,-58.966,878.000
3.701,3.701,3.697,3.701,3.707,3.700,3.706,3.910,3.906,3.910,3.910,3.911,3.909,3.908,-58.814,879.000
3.701,3.702,3.699,3.705,3.697,3.701,3.702,3.911,3.912,3.908,3.909,3.911,3.913,3.916,-58.161,880.000
3.699,3.702,3.705,3.696,3.700,3.702,3.702,3.919,3.905,3.907,3.910,3.911,3.909,3.906,-58.064,881.000
3.698,3.702,3.698,3.697,3.702,3.700,3.701,3.914,3.908,3.912,3.918,3.914,3.913,3.910,-58.080,882.000
3.697,3.704,3.703,3.702,3.701,3.701,3.700,3.909,3.911,3.916,3.911,3.912,3.906,3.905,-58.160,883.000
3.705,3.696,3.708,3.710,3.706,3.705,3.700,3.908,3.921,3.917,3.918,3.917,3.913,3.910,-58.400,884.000
3.701,3.706,3.706,3.706,3.704,3.705,3.704,3.912,3.917,3.909,3.912,3.913,3.913,3.915,-58.497,885.000
3.705,3.700,3.703,3.699,3.698,3.702,3.704,3.918,3.911,3.911,3.913,3.907,3.911,3.917,-58.640,886.000
3.702,3.697,3.704,3.699,3.701,3.701,3.703,3.915,3.920,3.915,3.911,3.909,3.909,3.910,-58.785,887.000
3.700,3.702,3.701,3.700,3.707,3.703,3.703,3.915,3.915,3.914,3.908,3.916,3.916,3.916,-58.618,888.000
3.698,3.703,3.703,3.706,3.701,3.701,3.705,3.905,3.907,3.914,3.913,3.912,3.911,3.914,-58.838,889.000
3.701,3.698,3.697,3.701,3.700,3.703,3.701,3.911,3.902,3.914,3.908,3.914,3.917,3.913,-58.966,890.000
3.700,3.697,3.701,3.695,3.697,3.697,3.695,3.915,3.910,3.910,3.904,3.909,3.909,3.909,-58.938,891.000
3.701,3.694,3.702,3.702,3.699,3.695,3.698,3.913,3.912,3.910,3.915,3.912,3.910,3.910,-58.662,892.000
3.699,3.693,3.697,3.700,3.698,3.700,3.696,3.913,3.913,3.905,3.908,3.909,3.913,3.912,-58.708,893.000
3.702,3.698,3.694,3.692,3.699,3.700,3.700,3.912,3.908,3.905,3.908,3.901,3.905,3.907,-58.952,894.000
3.693,3.698,3.705,3.699,3.703,3.698,3.697,3.906,3.911,3.904,3.903,3.905,3.907,3.906,-59.222,895.000
3.700,3.696,3.698,3.701,3.694,3.701,3.695,3.911,3.912,3.910,3.913,3.913,3.907,3.904,-59.237,896.000
3.695,3.702,3.696,3.696,3.699,3.691,3.699,3.908,3.905,3.908,3.912,3.912,3.906,3.906,-59.075,897.000
3.697,3.702,3.694,3.699,3.696,3.696,3.703,3.907,3.907,3.908,3.908,3.914,3.910,3.912,-58.924,898.000
3.701,3.704,3.701,3.696,3.695,3.700,3.696,3.909,3.909,3.906,3.906,3.909,3.902,3.907,-59.117,899.000
3.700,3.695,3.702,3.703,3.698,3.702,3.696,3.908,3.911,3.905,3.907,3.908,3.915,3.906,-59.242,900.000
3.701,3.703,3.699,3.702,3.694,3.705,3.692,3.907,3.905,3.904,3.906,3.909,3.912,3.915,-59.165,901.000
3.703,3.701,3.705,3.702,3.697,3.699,3.700,3.913,3.910,3.915,3.909,3.907,3.914,3.913,-58.830,902.000
3.704,3.706,3.702,3.703,3.696,3.706,3.707,3.919,3.910,3.914,3.917,3.915,3.914,3.911,-58.957,903.000
3.700,3.704,3.707,3.710,3.703,3.707,3.704,3.913,3.914,3.913,3.920,3.913,3.912,3.917,-58.948,904.000
3.703,3.706,3.706,3.702,3.703,3.703,3.707,3.913,3.912,3.917,3.916,3.915,3.917,3.914,-59.092,905.000
3.699,3.704,3.699,3.705,3.705,3.706,3.702,3.915,3.917,3.919,3.917,3.915,3.920,3.925,-59.076,906.000
3.705,3.711,3.704,3.705,3.704,3.708,3.707,3.919,3.919,3.920,3.915,3.918,3.918,3.921,-59.009,907.000
3.707,3.707,3.711,3.707,3.709,3.703,3.705,3.913,3.916,3.917,3.921,3.915,3.919,3.909,-59.210,908.000
3.704,3.711,3.712,3.707,3.712,3.712,3.709,3.923,3.926,3.919,3.923,3.924,3.915,3.921,-59.168,909.000
3.699,3.705,3.706,3.709,3.710,3.706,3.702,3.918,3.920,3.919,3.917,3.922,3.924,3.924,-58.960,910.000
3.709,3.708,3.711,3.708,3.709,3.713,3.708,3.917,3.926,3.914,3.919,3.917,3.915,3.917,-58.889,911.000
3.709,3.708,3.707,3.704,3.706,3.706,3.709,3.914,3.918,3.917,3.916,3.918,3.916,3.919,-58.761,912.000
3.705,3.707,3.709,3.704,3.708,3.705,3.707,3.920,3.914,3.922,3.917,3.916,3.922,3.918,-58.687,913.000
3.712,3.709,3.709,3.706,3.705,3.707,3.709,3.915,3.918,3.913,3.920,3.918,3.917,3.916,-59.015,914.000
3.702,3.700,3.697,3.705,3.704,3.707,3.704,3.914,3.915,3.911,3.918,3.923,3.919,3.918,-59.187,915.000
3.709,3.703,3.706,3.703,3.708,3.706,3.708,3.922,3.917,3.918,3.917,3.921,3.916,3.914,-59.257,916.000
3.704,3.701,3.702,3.705,3.708,3.705,3.705,3.914,3.921,3.915,3.915,3.916,3.918,3.924,-59.226,917.000
3.707,3.705,3.714,3.706,3.707,3.704,3.712,3.913,3.919,3.923,3.917,3.921,3.921,3.922,-59.313,918.000
3.709,3.704,3.704,3.708,3.705,3.700,3.702,3.918,3.916,3.921,3.923,3.920,3.916,3.921,-59.089,919.000
3.706,3.702,3.708,3.708,3.710,3.702,3.708,3.923,3.922,3.917,3.919,3.912,3.914,3.917,-59.037,920.000
3.706,3.701,3.707,3.703,3.703,3.708,3.706,3.905,3.912,3.915,3.912,3.917,3.918,3.921,-59.138,921.000
3.702,3.709,3.708,3.704,3.698,3.708,3.706,3.915,3.921,3.917,3.914,3.914,3.916,3.911,-58.941,922.000
3.704,3.705,3.706,3.703,3.708,3.705,3.705,3.917,3.914,3.915,3.911,3.911,3.907,3.917,-59.297,923.000
3.700,3.703,3.701,3.698,3.708,3.704,3.701,3.921,3.910,3.914,3.911,3.912,3.915,3.914,-59.219,924.000
3.701,3.703,3.703,3.698,3.703,3.696,3.695,3.915,3.917,3.913,3.910,3.913,3.912,3.904,-59.197,925.000
3.698,3.699,3.697,3.702,3.700,3.702,3.697,3.914,3.907,3.913,3.916,3.915,3.913,3.911,-58.876,926.000
3.701,3.700,3.700,3.704,3.704,3.698,3.695,3.913,3.913,3.908,3.912,3.914,3.913,3.912,-58.894,927.000
3.699,3.700,3.694,3.699,3.702,3.699,3.706,3.914,3.909,3.905,3.913,3.915,3.908,3.911,-58.957,928.000
3.693,3.699,3.699,3.703,3.698,3.698,3.704,3.910,3.913,3.908,3.907,3.907,3.917,3.915,-58.965,929.000
3.700,3.698,3.695,3.696,3.699,3.699,3.704,3.906,3.905,3.911,3.904,3.910,3.909,3.909,-58.959,930.000
3.694,3.702,3.691,3.695,3.695,3.697,3.691,3.910,3.905,3.904,3.915,3.909,3.902,3.906,-58.948,931.000
3.698,3.697,3.698,3.695,3.696,3.693,3.691,3.914,3.911,3.912,3.906,3.908,3.907,3.910,-58.732,932.000
3.695,3.692,3.702,3.701,3.697,3.695,3.695,3.912,3.910,3.906,3.903,3.905,3.916,3.906,-58.908,933.000
3.703,3.696,3.700,3.698,3.702,3.697,3.701,3.911,3.910,3.908,3.907,3.908,3.906,3.913,-58.907,934.000
3.701,3.698,3.701,3.700,3.703,3.703,3.698,3.907,3.912,3.916,3.909,3.906,3.909,3.915,-58.959,935.000
3.701,3.695,3.705,3.705,3.699,3.708,3.698,3.916,3.913,3.912,3.914,3.912,3.913,3.910,-59.233,936.000
3.696,3.705,3.703,3.703,3.702,3.704,3.702,3.914,3.914,3.911,3.915,3.908,3.911,3.908,-59.084,937.000
3.703,3.706,3.701,3.704,3.706,3.701,3.704,3.914,3.915,3.917,3.914,3.914,3.908,3.915,-59.099,938.000
3.701,3.698,3.699,3.703,3.703,3.698,3.700,3.912,3.913,3.916,3.915,3.915,3.911,3.913,-59.134,939.000
3.697,3.704,3.699,3.709,3.701,3.698,3.701,3.912,3.911,3.915,3.913,3.912,3.915,3.913,-59.156,940.000
3.699,3.702,3.699,3.701,3.697,3.702,3.697,3.914,3.908,3.918,3.911,3.913,3.914,3.908,-59.159,941.000
3.698,3.697,3.706,3.705,3.695,3.698,3.696,3.908,3.914,3.911,3.914,3.914,3.915,3.915,-59.326,942.000
3.701,3.702,3.702,3.708,3.698,3.698,3.700,3.908,3.912,3.910,3.913,3.922,3.913,3.910,-59.084,943.000
3.699,3.702,3.698,3.701,3.700,3.697,3.702,3.921,3.916,3.915,3.914,3.917,3.916,3.914,-59.136,944.000
3.704,3.702,3.699,3.702,3.699,3.702,3.697,3.913,3.911,3.912,3.909,3.913,3.919,3.915,-59.113,945.000
3.701,3.703,3.710,3.703,3.706,3.705,3.700,3.914,3.914,3.915,3.911,3.916,3.916,3.913,-58.790,946.000
3.702,3.705,3.702,3.706,3.702,3.710,3.702,3.918,3.918,3.919,3.926,3.917,3.914,3.918,-58.666,947.000
3.705,3.704,3.708,3.698,3.703,3.702,3.704,3.919,3.919,3.917,3.917,3.917,3.913,3.919,-59.025,948.000
3.703,3.704,3.707,3.700,3.703,3.704,3.697,3.920,3.918,3.916,3.916,3.916,3.912,3.910,-58.932,949.000
3.704,3.704,3.708,3.706,3.698,3.702,3.701,3.915,3.916,3.923,3.911,3.911,3.913,3.911,-58.961,950.000
3.706,3.707,3.708,3.698,3.702,3.700,3.703,3.915,3.918,3.917,3.916,3.919,3.914,3.919,-58.772,951.000
3.701,3.706,3.701,3.699,3.706,3.701,3.701,3.916,3.920,3.910,3.914,3.912,3.914,3.914,-58.920,952.000
3.702,3.702,3.697,3.705,3.704,3.700,3.708,3.922,3.917,3.918,3.917,3.919,3.912,3.914,-58.847,953.000
3.700,3.706,3.709,3.706,3.703,3.710,3.708,3.913,3.917,3.914,3.913,3.918,3.916,3.916,-58.944,954.000
3.706,3.700,3.704,3.704,3.703,3.700,3.707,3.921,3.915,3.918,3.917,3.918,3.917,3.917,-59.038,955.000
3.707,3.706,3.704,3.706,3.706,3.709,3.700,3.916,3.916,3.926,3.926,3.926,3.920,3.918,-58.932,956.000
3.702,3.705,3.702,3.705,3.703,3.708,3.704,3.915,3.915,3.917,3.916,3.915,3.916,3.916,-59.090,957.000
3.702,3.707,3.705,3.710,3.701,3.707,3.706,3.923,3.917,3.919,3.920,3.918,3.919,3.916,-59.281,958.000
3.706,3.711,3.709,3.703,3.704,3.710,3.703,3.917,3.914,3.921,3.917,3.911,3.919,3.918,-59.133,959.000
3.706,3.711,3.701,3.707,3.706,3.705,3.705,3.914,3.919,3.924,3.920,3.920,3.924,3.925,-59.210,960.000
3.706,3.707,3.709,3.707,3.708,3.705,3.710,3.917,3.919,3.923,3.928,3.925,3.922,3.927,-59.094,961.000
3.708,3.704,3.708,3.709,3.711,3.709,3.708,3.920,3.927,3.919,3.927,3.920,3.922,3.920,-59.166,962.000
3.707,3.712,3.707,3.714,3.710,3.709,3.707,3.923,3.923,3.915,3.923,3.929,3.921,3.924,-59.135,963.000
3.714,3.710,3.711,3.710,3.705,3.707,3.706,3.920,3.923,3.926,3.923,3.916,3.922,3.917,-59.094,964.000
3.709,3.707,3.713,3.706,3.710,3.705,3.704,3.922,3.925,3.920,3.923,3.924,3.922,3.920,-59.148,965.000
3.706,3.711,3.708,3.708,3.710,3.713,3.714,3.917,3.924,3.930,3.936,3.924,3.927,3.932,-59.175,966.000
3.707,3.707,3.710,3.708,3.710,3.712,3.710,3.920,3.929,3.923,3.928,3.930,3.927,3.928,-59.051,967.000
3.709,3.706,3.704,3.709,3.710,3.714,3.711,3.919,3.921,3.925,3.913,3.917,3.923,3.917,-59.011,968.000
3.704,3.707,3.710,3.709,3.706,3.708,3.710,3.921,3.920,3.917,3.924,3.923,3.920,3.919,-59.000,969.000
3.705,3.711,3.701,3.708,3.715,3.706,3.712,3.924,3.926,3.921,3.917,3.924,3.922,3.926,-59.118,970.000
3.710,3.705,3.712,3.707,3.711,3.703,3.708,3.924,3.923,3.916,3.923,3.924,3.921,3.926,-58.993,971.000
3.711,3.707,3.702,3.702,3.709,3.708,3.712,3.924,3.923,3.923,3.924,3.926,3.926,3.923,-59.173,972.000
3.708,3.707,3.713,3.712,3.703,3.705,3.706,3.925,3.925,3.922,3.918,3.926,3.922,3.921,-59.084,973.000
3.705,3.706,3.708,3.711,3.705,3.708,3.711,3.922,3.924,3.924,3.919,3.918,3.920,3.923,-59.230,974.000
3.703,3.706,3.708,3.708,3.703,3.705,3.707,3.925,3.916,3.924,3.920,3.922,3.918,3.924,-59.089,975.000
3.713,3.711,3.710,3.708,3.708,3.707,3.709,3.923,3.924,3.926,3.920,3.927,3.924,3.921,-59.005,976.000
3.711,3.709,3.709,3.711,3.711,3.714,3.711,3.923,3.924,3.925,3.929,3.927,3.921,3.924,-59.135,977.000
3.716,3.711,3.712,3.711,3.710,3.709,3.713,3.926,3.923,3.926,3.920,3.926,3.923,3.928,-59.333,978.000
3.707,3.709,3.708,3.713,3.711,3.705,3.713,3.925,3.922,3.934,3.930,3.928,3.927,3.924,-59.370,979.000
3.716,3.713,3.713,3.712,3.716,3.711,3.712,3.928,3.927,3.929,3.927,3.923,3.923,3.936,-59.301,980.000
3.717,3.715,3.716,3.711,3.712,3.712,3.709,3.928,3.928,3.930,3.930,3.922,3.928,3.928,-59.117,981.000
3.710,3.721,3.711,3.712,3.718,3.718,3.711,3.928,3.929,3.928,3.929,3.931,3.933,3.929,-59.100,982.000
3.709,3.714,3.710,3.721,3.713,3.706,3.709,3.927,3.932,3.927,3.927,3.921,3.923,3.930,-58.951,983.000
3.714,3.715,3.714,3.720,3.722,3.716,3.718,3.927,3.925,3.923,3.925,3.928,3.931,3.931,-59.042,984.000
3.716,3.714,3.716,3.716,3.718,3.710,3.715,3.928,3.931,3.923,3.925,3.929,3.927,3.926,-58.855,985.000
3.722,3.718,3.713,3.720,3.718,3.718,3.721,3.930,3.934,3.934,3.928,3.924,3.939,3.925,-58.983,986.000
3.707,3.711,3.716,3.712,3.714,3.708,3.718,3.930,3.934,3.933,3.934,3.936,3.931,3.933,-58.870,987.000
3.713,3.711,3.716,3.720,3.715,3.713,3.711,3.928,3.930,3.931,3.930,3.925,3.922,3.925,-59.058,988.000
3.716,3.719,3.719,3.722,3.722,3.720,3.713,3.927,3.926,3.932,3.927,3.929,3.937,3.934,-59.091,989.000
3.721,3.720,3.716,3.716,3.722,3.722,3.719,3.937,3.931,3.931,3.933,3.932,3.930,3.933,-59.141,990.000
3.720,3.715,3.718,3.726,3.718,3.722,3.723,3.932,3.931,3.929,3.934,3.935,3.934,3.939,-58.927,991.000
3.720,3.721,3.723,3.723,3.718,3.721,3.716,3.942,3.935,3.934,3.935,3.929,3.932,3.930,-58.689,992.000
3.723,3.722,3.722,3.723,3.717,3.719,3.723,3.932,3.936,3.932,3.941,3.941,3.941,3.933,-58.571,993.000
3.723,3.724,3.719,3.725,3.728,3.719,3.721,3.934,3.933,3.934,3.939,3.939,3.933,3.932,-57.973,994.000
3.718,3.719,3.723,3.715,3.718,3.719,3.724,3.943,3.932,3.941,3.935,3.934,3.936,3.935,-57.722,995.000
3.724,3.728,3.725,3.719,3.725,3.720,3.722,3.934,3.938,3.935,3.934,3.934,3.939,3.941,-57.677,996.000
3.715,3.726,3.723,3.716,3.724,3.719,3.718,3.932,3.933,3.935,3.935,3.937,3.940,3.940,-58.192,997.000
3.719,3.722,3.718,3.725,3.716,3.720,3.717,3.941,3.935,3.934,3.938,3.935,3.930,3.938,-58.357,998.000
3.723,3.723,3.719,3.721,3.720,3.721,3.719,3.931,3.934,3.931,3.931,3.929,3.934,3.936,-58.420,999.000
3.718,3.720,3.720,3.719,3.721,3.719,3.715,3.930,3.937,3.929,3.932,3.929,3.930,3.936,-58.528,1000.000
3.720,3.719,3.722,3.723,3.720,3.725,3.724,3.925,3.931,3.933,3.930,3.928,3.932,3.934,-58.910,1001.000
3.727,3.721,3.718,3.723,3.724,3.722,3.725,3.933,3.935,3.929,3.933,3.938,3.938,3.931,-58.965,1002.000
3.715,3.715,3.718,3.712,3.719,3.719,3.720,3.930,3.930,3.934,3.933,3.934,3.931,3.928,-58.990,1003.000
3.720,3.717,3.719,3.714,3.717,3.719,3.720,3.935,3.933,3.936,3.930,3.929,3.937,3.935,-58.864,1004.000
3.724,3.718,3.718,3.719,3.722,3.712,3.719,3.935,3.935,3.931,3.931,3.923,3.929,3.931,-58.970,1005.000
3.718,3.727,3.719,3.717,3.719,3.719,3.725,3.934,3.933,3.935,3.937,3.931,3.936,3.935,-59.039,1006.000
3.723,3.720,3.719,3.718,3.722,3.719,3.719,3.932,3.937,3.936,3.937,3.927,3.934,3.935,-58.969,1007.000
3.726,3.715,3.724,3.717,3.720,3.722,3.721,3.934,3.933,3.933,3.928,3.936,3.937,3.933,-58.961,1008.000
3.719,3.721,3.718,3.720,3.719,3.721,3.720,3.935,3.932,3.936,3.939,3.934,3.930,3.932,-59.033,1009.000
3.713,3.718,3.720,3.720,3.718,3.723,3.716,3.933,3.930,3.933,3.937,3.940,3.931,3.932,-59.109,1010.000
3.721,3.719,3.719,3.716,3.723,3.718,3.711,3.941,3.930,3.931,3.931,3.933,3.931,3.937,-58.996,1011.000
3.717,3.717,3.721,3.718,3.719,3.718,3.716,3.939,3.933,3.930,3.929,3.932,3.930,3.935,-58.980,1012.000
3.717,3.721,3.715,3.717,3.713,3.715,3.720,3.941,3.939,3.941,3.934,3.931,3.930,3.939,-59.073,1013.000
3.716,3.720,3.717,3.721,3.720,3.719,3.716,3.942,3.928,3.934,3.933,3.936,3.933,3.931,-58.925,1014.000
3.722,3.721,3.714,3.718,3.716,3.714,3.719,3.934,3.941,3.930,3.931,3.934,3.935,3.933,-58.801,1015.000
3.718,3.723,3.715,3.724,3.719,3.724,3.719,3.931,3.934,3.930,3.937,3.929,3.934,3.935,-58.874,1016.000
3.718,3.725,3.722,3.713,3.718,3.714,3.724,3.931,3.933,3.936,3.936,3.939,3.933,3.933,-58.943,1017.000
3.724,3.724,3.724,3.721,3.719,3.721,3.726,3.934,3.936,3.935,3.941,3.937,3.933,3.929,-58.822,1018.000
3.721,3.720,3.727,3.728,3.722,3.729,3.725,3.931,3.932,3.932,3.947,3.932,3.940,3.943,-58.627,1019.000
3.723,3.728,3.723,3.724,3.725,3.730,3.726,3.937,3.939,3.940,3.941,3.938,3.938,3.932,-58.831,1020.000
3.724,3.717,3.717,3.723,3.722,3.716,3.729,3.937,3.936,3.940,3.939,3.934,3.939,3.937,-58.879,1021.000
3.721,3.722,3.727,3.722,3.716,3.724,3.724,3.933,3.939,3.939,3.934,3.938,3.938,3.937,-58.992,1022.000
3.720,3.722,3.726,3.719,3.722,3.723,3.720,3.937,3.939,3.935,3.937,3.939,3.937,3.928,-59.038,1023.000
3.719,3.720,3.719,3.720,3.716,3.719,3.722,3.932,3.932,3.930,3.932,3.931,3.933,3.937,-59.017,1024.000
3.728,3.718,3.720,3.719,3.720,3.724,3.723,3.940,3.935,3.934,3.931,3.933,3.928,3.937,-59.010,1025.000
3.721,3.720,3.720,3.717,3.722,3.721,3.721,3.932,3.936,3.936,3.932,3.934,3.931,3.930,-59.122,1026.000
3.725,3.723,3.721,3.725,3.721,3.722,3.719,3.933,3.931,3.926,3.931,3.922,3.929,3.935,-59.370,1027.000
3.721,3.720,3.718,3.722,3.710,3.719,3.720,3.931,3.928,3.932,3.930,3.929,3.935,3.931,-59.441,1028.000
3.718,3.720,3.720,3.717,3.719,3.718,3.718,3.935,3.935,3.933,3.927,3.935,3.932,3.938,-59.430,1029.000
3.713,3.720,3.714,3.718,3.718,3.718,3.720,3.931,3.934,3.933,3.933,3.934,3.934,3.930,-59.129,1030.000
3.715,3.715,3.714,3.721,3.717,3.716,3.715,3.932,3.933,3.931,3.928,3.931,3.932,3.935,-58.959,1031.000
3.719,3.714,3.720,3.717,3.715,3.712,3.718,3.927,3.929,3.931,3.929,3.930,3.934,3.936,-58.833,1032.000
3.718,3.717,3.712,3.723,3.715,3.717,3.716,3.931,3.935,3.931,3.938,3.940,3.935,3.937,-59.008,1033.000
3.716,3.719,3.718,3.714,3.716,3.722,3.721,3.935,3.942,3.942,3.941,3.931,3.935,3.933,-59.255,1034.000
3.716,3.715,3.718,3.718,3.719,3.719,3.714,3.933,3.935,3.939,3.936,3.928,3.933,3.928,-58.984,1035.000
3.719,3.717,3.717,3.723,3.718,3.717,3.715,3.926,3.934,3.934,3.931,3.928,3.937,3.935,-59.147,1036.000
3.717,3.717,3.722,3.714,3.716,3.712,3.717,3.932,3.935,3.934,3.935,3.936,3.929,3.928,-59.117,1037.000
3.722,3.720,3.719,3.717,3.719,3.715,3.719,3.931,3.930,3.935,3.937,3.935,3.934,3.942,-59.282,1038.000
3.722,3.716,3.719,3.718,3.723,3.724,3.714,3.939,3.937,3.935,3.939,3.932,3.936,3.934,-59.114,1039.000
3.721,3.721,3.724,3.724,3.720,3.725,3.717,3.928,3.936,3.935,3.941,3.937,3.935,3.940,-59.245,1040.000
3.716,3.718,3.718,3.719,3.721,3.720,3.721,3.936,3.935,3.936,3.937,3.936,3.931,3.936,-59.513,1041.000
3.718,3.723,3.720,3.719,3.723,3.718,3.723,3.928,3.933,3.935,3.933,3.939,3.942,3.934,-59.206,1042.000
3.723,3.718,3.722,3.720,3.715,3.719,3.717,3.937,3.941,3.935,3.930,3.935,3.932,3.937,-59.245,1043.000
3.719,3.721,3.719,3.729,3.719,3.720,3.718,3.934,3.931,3.932,3.938,3.935,3.936,3.937,-59.352,1044.000
3.722,3.725,3.722,3.724,3.723,3.720,3.721,3.938,3.946,3.943,3.938,3.940,3.937,3.943,-59.261,1045.000
3.723,3.731,3.728,3.728,3.721,3.725,3.725,3.943,3.943,3.939,3.942,3.941,3.942,3.940,-58.978,1046.000
3.728,3.719,3.730,3.730,3.730,3.726,3.726,3.945,3.938,3.945,3.942,3.939,3.946,3.946,-59.136,1047.000
3.730,3.725,3.728,3.731,3.726,3.730,3.727,3.938,3.943,3.943,3.942,3.938,3.936,3.938,-59.117,1048.000
3.728,3.721,3.728,3.723,3.728,3.729,3.730,3.943,3.941,3.936,3.942,3.945,3.940,3.938,-59.391,1049.000
3.727,3.726,3.734,3.726,3.730,3.729,3.730,3.942,3.944,3.940,3.939,3.937,3.944,3.939,-59.376,1050.000
3.721,3.726,3.725,3.727,3.726,3.722,3.727,3.937,3.936,3.939,3.944,3.934,3.944,3.947,-59.179,1051.000
3.727,3.723,3.724,3.724,3.725,3.726,3.730,3.945,3.942,3.939,3.943,3.946,3.939,3.943,-59.279,1052.000
3.718,3.724,3.728,3.731,3.729,3.723,3.725,3.941,3.940,3.939,3.942,3.936,3.936,3.937,-59.249,1053.000
3.721,3.723,3.721,3.730,3.724,3.727,3.723,3.941,3.944,3.938,3.942,3.942,3.939,3.938,-59.518,1054.000
3.723,3.729,3.727,3.726,3.722,3.728,3.722,3.939,3.944,3.941,3.939,3.940,3.940,3.941,-59.209,1055.000
3.723,3.726,3.730,3.723,3.725,3.719,3.720,3.939,3.938,3.941,3.940,3.944,3.941,3.931,-59.132,1056.000
3.723,3.715,3.723,3.721,3.722,3.722,3.717,3.932,3.937,3.936,3.933,3.934,3.935,3.936,-59.171,1057.000
3.723,3.715,3.714,3.724,3.722,3.715,3.722,3.938,3.938,3.935,3.936,3.934,3.935,3.939,-59.268,1058.000
3.716,3.723,3.719,3.719,3.712,3.719,3.717,3.932,3.933,3.930,3.930,3.932,3.933,3.929,-59.062,1059.000
3.721,3.726,3.720,3.722,3.721,3.724,3.721,3.933,3.932,3.932,3.935,3.937,3.935,3.931,-58.996,1060.000
3.721,3.729,3.720,3.724,3.729,3.724,3.722,3.931,3.929,3.924,3.936,3.938,3.945,3.940,-58.969,1061.000
3.732,3.726,3.724,3.724,3.726,3.722,3.725,3.937,3.943,3.931,3.945,3.940,3.936,3.936,-59.026,1062.000
3.723,3.727,3.729,3.729,3.732,3.732,3.728,3.936,3.935,3.940,3.942,3.937,3.943,3.946,-59.157,1063.000
3.728,3.724,3.731,3.722,3.725,3.727,3.733,3.940,3.944,3.940,3.944,3.946,3.937,3.945,-59.407,1064.000
3.731,3.732,3.722,3.733,3.729,3.730,3.728,3.941,3.944,3.944,3.942,3.944,3.947,3.942,-59.371,1065.000
3.732,3.730,3.725,3.727,3.729,3.730,3.730,3.941,3.944,3.950,3.942,3.941,3.941,3.943,-59.349,1066.000
3.731,3.736,3.728,3.730,3.727,3.732,3.730,3.941,3.947,3.939,3.938,3.940,3.938,3.941,-59.412,1067.000
3.731,3.730,3.727,3.731,3.726,3.729,3.732,3.943,3.939,3.939,3.940,3.942,3.939,3.949,-59.232,1068.000
3.728,3.728,3.729,3.735,3.728,3.729,3.727,3.944,3.943,3.938,3.933,3.942,3.946,3.945,-59.341,1069.000
3.730,3.733,3.728,3.734,3.729,3.723,3.724,3.940,3.938,3.931,3.946,3.946,3.944,3.943,-58.981,1070.000
3.729,3.726,3.732,3.730,3.727,3.731,3.733,3.939,3.940,3.941,3.943,3.942,3.940,3.940,-59.032,1071.000
3.726,3.724,3.728,3.728,3.728,3.731,3.735,3.943,3.938,3.940,3.941,3.941,3.940,3.939,-59.252,1072.000
3.730,3.729,3.733,3.731,3.729,3.732,3.733,3.942,3.943,3.942,3.943,3.945,3.940,3.941,-59.118,1073.000
3.732,3.732,3.723,3.727,3.731,3.730,3.731,3.941,3.940,3.937,3.937,3.940,3.937,3.943,-59.305,1074.000
3.726,3.728,3.726,3.734,3.728,3.736,3.736,3.941,3.944,3.947,3.945,3.947,3.946,3.948,-59.076,1075.000
3.734,3.738,3.737,3.738,3.737,3.737,3.735,3.945,3.945,3.944,3.943,3.946,3.951,3.950,-59.118,1076.000
3.732,3.734,3.738,3.739,3.735,3.736,3.736,3.950,3.950,3.951,3.949,3.951,3.946,3.945,-58.910,1077.000
3.735,3.733,3.736,3.734,3.730,3.737,3.733,3.944,3.946,3.949,3.947,3.955,3.944,3.951,-58.989,1078.000
3.741,3.733,3.734,3.735,3.733,3.730,3.732,3.948,3.955,3.951,3.944,3.951,3.940,3.952,-58.770,1079.000
3.741,3.734,3.730,3.730,3.735,3.728,3.738,3.943,3.942,3.948,3.944,3.949,3.945,3.956,-58.887,1080.000
3.730,3.735,3.730,3.729,3.729,3.730,3.734,3.947,3.948,3.951,3.951,3.950,3.954,3.953,-58.984,1081.000
3.729,3.731,3.728,3.732,3.732,3.732,3.733,3.946,3.953,3.946,3.943,3.941,3.954,3.943,-59.034,1082.000
3.729,3.732,3.730,3.733,3.735,3.733,3.733,3.948,3.949,3.951,3.946,3.951,3.946,3.955,-59.117,1083.000
3.727,3.730,3.734,3.729,3.729,3.730,3.737,3.951,3.948,3.949,3.949,3.950,3.945,3.951,-59.187,1084.000
3.736,3.728,3.738,3.735,3.729,3.734,3.736,3.952,3.954,3.955,3.952,3.949,3.946,3.941,-59.011,1085.000
3.737,3.731,3.735,3.733,3.732,3.728,3.733,3.949,3.953,3.947,3.948,3.956,3.949,3.945,-58.995,1086.000
3.732,3.728,3.729,3.732,3.734,3.730,3.736,3.952,3.950,3.953,3.957,3.952,3.950,3.949,-58.927,1087.000
3.730,3.733,3.737,3.735,3.726,3.736,3.730,3.946,3.953,3.952,3.953,3.946,3.953,3.942,-59.201,1088.000
3.735,3.732,3.736,3.730,3.734,3.729,3.731,3.952,3.947,3.948,3.953,3.953,3.951,3.951,-59.282,1089.000
3.730,3.727,3.728,3.730,3.731,3.730,3.729,3.944,3.947,3.949,3.952,3.948,3.945,3.952,-58.933,1090.000
3.730,3.728,3.734,3.730,3.733,3.730,3.730,3.949,3.943,3.951,3.954,3.950,3.946,3.947,-59.010,1091.000
3.724,3.730,3.732,3.729,3.733,3.727,3.730,3.938,3.953,3.944,3.942,3.948,3.945,3.951,-58.896,1092.000
3.734,3.729,3.732,3.734,3.731,3.730,3.732,3.949,3.949,3.953,3.945,3.944,3.947,3.946,-58.940,1093.000
3.732,3.727,3.731,3.730,3.734,3.735,3.730,3.948,3.951,3.952,3.950,3.957,3.951,3.952,-59.032,1094.000
3.731,3.733,3.734,3.729,3.733,3.731,3.731,3.952,3.948,3.954,3.948,3.947,3.951,3.946,-59.059,1095.000
3.727,3.733,3.724,3.730,3.730,3.727,3.725,3.945,3.952,3.942,3.949,3.944,3.941,3.945,-58.964,1096.000
3.729,3.729,3.726,3.737,3.735,3.732,3.737,3.948,3.952,3.941,3.948,3.951,3.951,3.953,-59.155,1097.000
3.730,3.730,3.729,3.731,3.731,3.728,3.728,3.949,3.942,3.940,3.946,3.942,3.943,3.947,-59.154,1098.000
3.727,3.732,3.728,3.732,3.722,3.731,3.729,3.945,3.941,3.943,3.953,3.949,3.946,3.951,-58.986,1099.000
3.727,3.728,3.726,3.730,3.730,3.731,3.734,3.953,3.961,3.959,3.953,3.953,3.953,3.957,-58.742,1100.000
3.733,3.733,3.731,3.734,3.730,3.728,3.734,3.948,3.958,3.954,3.952,3.947,3.947,3.949,-58.783,1101.000
3.733,3.729,3.734,3.728,3.738,3.735,3.737,3.952,3.949,3.951,3.946,3.947,3.949,3.953,-58.798,1102.000
3.736,3.737,3.735,3.737,3.737,3.732,3.741,3.959,3.958,3.954,3.961,3.953,3.953,3.952,-59.053,1103.000
3.737,3.740,3.742,3.734,3.736,3.737,3.736,3.957,3.956,3.956,3.949,3.951,3.953,3.950,-58.972,1104.000
3.737,3.736,3.737,3.729,3.738,3.736,3.737,3.955,3.955,3.953,3.954,3.957,3.954,3.961,-58.947,1105.000
3.733,3.732,3.740,3.743,3.737,3.740,3.732,3.957,3.957,3.962,3.962,3.959,3.966,3.964,-59.201,1106.000
3.740,3.737,3.736,3.737,3.736,3.739,3.734,3.951,3.954,3.964,3.956,3.961,3.958,3.960,-59.407,1107.000
3.739,3.739,3.737,3.738,3.737,3.741,3.737,3.958,3.957,3.958,3.958,3.953,3.960,3.954,-59.215,1108.000
3.733,3.737,3.737,3.738,3.736,3.738,3.735,3.962,3.960,3.963,3.960,3.954,3.955,3.956,-59.131,1109.000
3.743,3.738,3.738,3.738,3.732,3.741,3.734,3.956,3.956,3.959,3.953,3.957,3.958,3.956,-59.152,1110.000
3.738,3.735,3.738,3.737,3.734,3.737,3.738,3.958,3.962,3.956,3.956,3.960,3.964,3.962,-59.115,1111.000
3.740,3.737,3.740,3.740,3.744,3.732,3.741,3.954,3.953,3.955,3.956,3.959,3.962,3.957,-59.072,1112.000
3.739,3.741,3.736,3.736,3.737,3.733,3.733,3.950,3.945,3.955,3.956,3.951,3.957,3.960,-59.116,1113.000
3.740,3.734,3.736,3.733,3.738,3.733,3.740,3.953,3.945,3.960,3.952,3.954,3.955,3.946,-59.133,1114.000
3.735,3.736,3.729,3.731,3.733,3.731,3.745,3.954,3.948,3.955,3.951,3.962,3.957,3.946,-59.121,1115.000
3.736,3.744,3.735,3.739,3.736,3.737,3.734,3.956,3.953,3.948,3.949,3.943,3.947,3.947,-59.014,1116.000
3.736,3.737,3.733,3.735,3.734,3.741,3.742,3.955,3.953,3.952,3.955,3.955,3.961,3.955,-59.056,1117.000
3.737,3.737,3.730,3.736,3.734,3.742,3.732,3.953,3.957,3.957,3.954,3.951,3.950,3.944,-59.409,1118.000
3.737,3.737,3.737,3.734,3.732,3.736,3.737,3.955,3.950,3.952,3.949,3.952,3.953,3.953,-59.386,1119.000
3.732,3.736,3.739,3.736,3.733,3.734,3.736,3.951,3.950,3.951,3.948,3.957,3.951,3.950,-59.438,1120.000
3.738,3.735,3.740,3.741,3.739,3.737,3.736,3.956,3.958,3.950,3.946,3.950,3.956,3.951,-59.392,1121.000
3.736,3.736,3.739,3.738,3.732,3.737,3.733,3.953,3.953,3.956,3.956,3.951,3.955,3.953,-59.016,1122.000
3.738,3.733,3.739,3.739,3.738,3.736,3.744,3.953,3.955,3.952,3.955,3.956,3.952,3.951,-59.213,1123.000
3.739,3.735,3.740,3.739,3.738,3.740,3.736,3.955,3.955,3.953,3.953,3.956,3.960,3.955,-59.022,1124.000
3.734,3.738,3.741,3.739,3.742,3.738,3.740,3.951,3.953,3.957,3.954,3.957,3.962,3.957,-59.004,1125.000
3.737,3.738,3.744,3.738,3.737,3.740,3.742,3.963,3.955,3.963,3.957,3.956,3.957,3.956,-59.038,1126.000
3.743,3.739,3.739,3.744,3.740,3.737,3.732,3.956,3.955,3.956,3.958,3.948,3.957,3.953,-59.106,1127.000
3.737,3.735,3.734,3.739,3.740,3.739,3.739,3.961,3.957,3.949,3.958,3.960,3.960,3.962,-58.992,1128.000
3.738,3.741,3.731,3.740,3.739,3.735,3.736,3.951,3.961,3.959,3.950,3.957,3.959,3.958,-59.041,1129.000
3.737,3.737,3.745,3.739,3.736,3.735,3.733,3.954,3.951,3.957,3.956,3.957,3.953,3.957,-59.024,1130.000
3.730,3.734,3.736,3.741,3.740,3.731,3.737,3.956,3.958,3.955,3.956,3.950,3.955,3.950,-58.995,1131.000
3.737,3.738,3.736,3.738,3.734,3.734,3.737,3.959,3.953,3.953,3.955,3.952,3.953,3.954,-58.761,1132.000
3.737,3.733,3.737,3.740,3.736,3.733,3.734,3.954,3.955,3.957,3.955,3.959,3.956,3.956,-58.766,1133.000
3.737,3.740,3.739,3.741,3.741,3.741,3.736,3.953,3.953,3.961,3.966,3.954,3.960,3.960,-59.011,1134.000
3.734,3.740,3.740,3.736,3.733,3.738,3.743,3.959,3.955,3.960,3.956,3.956,3.960,3.958,-59.179,1135.000
3.738,3.744,3.744,3.741,3.738,3.741,3.741,3.956,3.962,3.962,3.961,3.958,3.960,3.955,-59.067,1136.000
3.738,3.743,3.745,3.748,3.732,3.749,3.743,3.961,3.960,3.960,3.960,3.962,3.956,3.957,-59.026,1137.000
3.736,3.740,3.738,3.745,3.740,3.739,3.742,3.960,3.964,3.960,3.961,3.960,3.958,3.961,-59.257,1138.000
3.743,3.747,3.736,3.741,3.740,3.736,3.739,3.959,3.961,3.954,3.962,3.968,3.966,3.965,-59.238,1139.000
3.748,3.738,3.745,3.736,3.742,3.744,3.735,3.961,3.960,3.962,3.964,3.960,3.959,3.955,-59.364,1140.000
3.744,3.743,3.738,3.744,3.740,3.744,3.741,3.962,3.958,3.964,3.961,3.963,3.963,3.959,-59.403,1141.000
3.740,3.743,3.749,3.740,3.739,3.745,3.738,3.956,3.962,3.962,3.958,3.957,3.958,3.960,-59.358,1142.000
3.739,3.746,3.740,3.740,3.744,3.743,3.739,3.968,3.960,3.963,3.960,3.957,3.954,3.963,-59.106,1143.000
3.742,3.737,3.747,3.741,3.748,3.746,3.745,3.959,3.958,3.964,3.961,3.959,3.958,3.963,-59.058,1144.000
3.744,3.741,3.743,3.741,3.747,3.745,3.740,3.962,3.965,3.958,3.959,3.962,3.966,3.965,-58.941,1145.000
3.743,3.745,3.744,3.747,3.748,3.742,3.747,3.965,3.966,3.966,3.963,3.957,3.965,3.961,-58.906,1146.000
3.740,3.744,3.744,3.745,3.740,3.740,3.734,3.962,3.958,3.960,3.963,3.964,3.959,3.960,-58.963,1147.000
3.744,3.743,3.740,3.739,3.747,3.742,3.744,3.964,3.958,3.959,3.963,3.962,3.967,3.955,-58.981,1148.000
3.741,3.742,3.747,3.747,3.749,3.742,3.745,3.964,3.961,3.962,3.964,3.962,3.964,3.961,-59.042,1149.000
3.746,3.743,3.742,3.746,3.744,3.751,3.742,3.969,3.963,3.966,3.957,3.962,3.962,3.966,-58.867,1150.000
3.745,3.744,3.750,3.742,3.746,3.746,3.749,3.963,3.961,3.959,3.959,3.961,3.965,3.969,-58.747,1151.000
3.748,3.744,3.748,3.747,3.747,3.740,3.749,3.963,3.967,3.968,3.969,3.962,3.965,3.968,-58.857,1152.000
3.750,3.746,3.744,3.742,3.749,3.747,3.745,3.964,3.963,3.966,3.968,3.964,3.965,3.965,-58.887,1153.000
3.739,3.749,3.747,3.743,3.746,3.751,3.752,3.965,3.966,3.960,3.967,3.964,3.967,3.966,-59.067,1154.000
3.746,3.741,3.743,3.745,3.747,3.745,3.746,3.964,3.963,3.964,3.961,3.965,3.963,3.963,-59.041,1155.000
3.748,3.753,3.750,3.745,3.743,3.748,3.740,3.964,3.963,3.955,3.962,3.958,3.958,3.963,-58.932,1156.000
3.747,3.746,3.747,3.742,3.746,3.742,3.744,3.962,3.959,3.961,3.957,3.956,3.969,3.954,-58.959,1157.000
3.744,3.746,3.739,3.742,3.741,3.739,3.742,3.957,3.963,3.956,3.960,3.964,3.963,3.961,-58.822,1158.000
3.747,3.741,3.739,3.747,3.739,3.738,3.744,3.953,3.957,3.958,3.957,3.961,3.960,3.960,-58.753,1159.000
3.741,3.745,3.740,3.735,3.741,3.744,3.743,3.952,3.956,3.961,3.958,3.960,3.957,3.958,-58.841,1160.000
3.741,3.743,3.741,3.749,3.748,3.748,3.744,3.962,3.962,3.958,3.958,3.960,3.959,3.958,-58.778,1161.000
3.744,3.740,3.750,3.741,3.747,3.742,3.741,3.955,3.961,3.965,3.961,3.956,3.959,3.966,-59.012,1162.000
3.743,3.742,3.747,3.743,3.740,3.749,3.740,3.961,3.961,3.959,3.957,3.962,3.957,3.958,-58.887,1163.000
3.748,3.744,3.751,3.745,3.746,3.749,3.748,3.964,3.958,3.962,3.966,3.958,3.959,3.958,-58.703,1164.000
3.749,3.751,3.747,3.744,3.748,3.747,3.750,3.966,3.962,3.963,3.963,3.963,3.964,3.959,-58.753,1165.000
3.752,3.747,3.747,3.746,3.749,3.749,3.752,3.960,3.959,3.960,3.965,3.966,3.971,3.957,-58.800,1166.000
3.752,3.752,3.749,3.747,3.752,3.753,3.752,3.967,3.965,3.962,3.964,3.967,3.963,3.959,-58.773,1167.000
3.752,3.750,3.751,3.755,3.752,3.749,3.754,3.957,3.964,3.962,3.959,3.966,3.962,3.967,-59.043,1168.000
3.752,3.752,3.746,3.744,3.752,3.749,3.751,3.960,3.960,3.961,3.958,3.957,3.964,3.962,-59.069,1169.000
3.742,3.745,3.746,3.744,3.750,3.747,3.751,3.962,3.954,3.962,3.954,3.962,3.961,3.957,-59.080,1170.000
3.741,3.747,3.747,3.747,3.747,3.747,3.750,3.956,3.956,3.956,3.959,3.963,3.957,3.957,-59.042,1171.000
3.744,3.740,3.750,3.748,3.741,3.741,3.747,3.958,3.955,3.963,3.963,3.958,3.958,3.960,-59.226,1172.000
3.746,3.752,3.747,3.746,3.745,3.751,3.745,3.960,3.959,3.962,3.955,3.957,3.954,3.959,-59.112,1173.000
3.748,3.743,3.748,3.747,3.746,3.747,3.748,3.965,3.956,3.956,3.963,3.955,3.961,3.954,-58.986,1174.000
3.751,3.744,3.753,3.749,3.757,3.750,3.751,3.958,3.964,3.965,3.960,3.962,3.958,3.954,-58.525,1175.000
3.750,3.752,3.754,3.750,3.753,3.745,3.748,3.960,3.962,3.960,3.961,3.961,3.957,3.956,-58.050,1176.000
3.749,3.751,3.746,3.756,3.753,3.753,3.752,3.966,3.963,3.963,3.959,3.960,3.962,3.968,-58.032,1177.000
3.756,3.755,3.755,3.754,3.753,3.753,3.754,3.961,3.962,3.959,3.966,3.966,3.964,3.958,-58.251,1178.000
3.754,3.754,3.753,3.754,3.751,3.750,3.755,3.962,3.962,3.971,3.961,3.963,3.969,3.970,-58.226,1179.000
3.751,3.753,3.754,3.755,3.753,3.754,3.751,3.961,3.958,3.968,3.965,3.967,3.962,3.959,-58.397,1180.000
3.754,3.755,3.754,3.754,3.752,3.758,3.754,3.969,3.963,3.963,3.967,3.964,3.969,3.965,-58.522,1181.000
3.754,3.749,3.754,3.747,3.752,3.749,3.752,3.963,3.965,3.966,3.966,3.963,3.968,3.966,-58.624,1182.000
3.751,3.756,3.761,3.752,3.758,3.758,3.756,3.967,3.966,3.968,3.966,3.971,3.966,3.963,-58.632,1183.000
3.749,3.755,3.751,3.758,3.758,3.755,3.755,3.968,3.969,3.967,3.968,3.962,3.968,3.964,-58.663,1184.000
3.757,3.753,3.761,3.757,3.758,3.752,3.760,3.965,3.971,3.967,3.978,3.969,3.972,3.964,-58.902,1185.000
3.763,3.762,3.761,3.761,3.762,3.758,3.761,3.973,3.969,3.971,3.972,3.965,3.967,3.963,-58.914,1186.000
3.760,3.762,3.760,3.762,3.756,3.754,3.756,3.978,3.979,3.974,3.977,3.972,3.972,3.968,-59.072,1187.000
3.756,3.759,3.760,3.758,3.755,3.757,3.757,3.973,3.972,3.975,3.974,3.966,3.966,3.970,-59.117,1188.000
3.752,3.759,3.762,3.764,3.764,3.760,3.759,3.969,3.974,3.975,3.969,3.975,3.974,3.976,-59.023,1189.000
3.758,3.753,3.760,3.760,3.755,3.761,3.757,3.971,3.969,3.973,3.971,3.972,3.971,3.974,-58.962,1190.000
3.756,3.758,3.759,3.760,3.767,3.758,3.757,3.977,3.973,3.970,3.976,3.967,3.969,3.971,-59.217,1191.000
3.764,3.755,3.757,3.754,3.762,3.762,3.763,3.975,3.969,3.969,3.972,3.977,3.973,3.975,-59.059,1192.000
3.756,3.757,3.753,3.756,3.764,3.760,3.760,3.973,3.976,3.974,3.973,3.970,3.976,3.972,-58.990,1193.000
3.764,3.758,3.760,3.764,3.761,3.764,3.759,3.976,3.970,3.969,3.975,3.974,3.972,3.975,-59.246,1194.000
3.762,3.764,3.759,3.758,3.759,3.767,3.762,3.974,3.968,3.975,3.980,3.980,3.976,3.976,-59.226,1195.000
3.763,3.768,3.767,3.768,3.762,3.763,3.763,3.977,3.980,3.981,3.979,3.976,3.973,3.971,-59.060,1196.000
3.758,3.762,3.763,3.761,3.763,3.760,3.766,3.974,3.983,3.981,3.983,3.980,3.976,3.975,-59.065,1197.000
3.763,3.767,3.765,3.761,3.764,3.759,3.764,3.981,3.979,3.980,3.978,3.975,3.974,3.974,-58.953,1198.000
3.759,3.760,3.763,3.766,3.761,3.760,3.762,3.979,3.980,3.980,3.979,3.975,3.973,3.973,-58.822,1199.000
3.764,3.760,3.767,3.768,3.764,3.776,3.764,3.974,3.975,3.978,3.977,3.979,3.976,3.981,-59.023,1200.000
3.759,3.758,3.762,3.756,3.758,3.760,3.762,3.976,3.971,3.979,3.976,3.974,3.981,3.974,-59.167,1201.000
3.762,3.757,3.761,3.759,3.764,3.754,3.757,3.971,3.969,3.974,3.971,3.972,3.974,3.979,-58.848,1202.000
3.759,3.756,3.762,3.756,3.757,3.764,3.756,3.971,3.969,3.970,3.971,3.969,3.980,3.966,-58.953,1203.000
3.766,3.761,3.759,3.763,3.759,3.764,3.761,3.968,3.972,3.972,3.973,3.979,3.982,3.972,-58.972,1204.000
3.760,3.762,3.763,3.758,3.757,3.762,3.762,3.971,3.974,3.968,3.978,3.974,3.973,3.973,-59.046,1205.000
3.759,3.762,3.763,3.762,3.761,3.764,3.754,3.968,3.973,3.970,3.975,3.973,3.976,3.973,-58.932,1206.000
3.758,3.762,3.758,3.761,3.766,3.767,3.759,3.978,3.971,3.981,3.974,3.972,3.974,3.968,-59.145,1207.000
3.760,3.766,3.765,3.765,3.763,3.761,3.759,3.977,3.975,3.974,3.975,3.976,3.974,3.973,-59.320,1208.000
3.760,3.757,3.762,3.767,3.763,3.758,3.762,3.976,3.971,3.980,3.978,3.976,3.970,3.970,-59.248,1209.000
3.761,3.760,3.758,3.763,3.759,3.758,3.763,3.968,3.974,3.976,3.971,3.978,3.973,3.976,-59.248,1210.000
3.765,3.767,3.759,3.759,3.762,3.760,3.762,3.974,3.974,3.973,3.974,3.974,3.981,3.973,-59.266,1211.000
3.761,3.760,3.755,3.762,3.758,3.760,3.763,3.978,3.973,3.973,3.973,3.970,3.969,3.973,-59.255,1212.000
3.761,3.761,3.765,3.759,3.763,3.765,3.758,3.973,3.969,3.971,3.976,3.972,3.970,3.971,-59.140,1213.000
3.764,3.765,3.765,3.759,3.760,3.759,3.768,3.978,3.978,3.977,3.972,3.974,3.972,3.971,-59.103,1214.000
3.760,3.758,3.763,3.767,3.768,3.759,3.758,3.971,3.975,3.970,3.976,3.976,3.974,3.974,-58.930,1215.000
3.763,3.761,3.761,3.762,3.764,3.760,3.762,3.972,3.977,3.975,3.972,3.971,3.970,3.968,-58.968,1216.000
3.762,3.764,3.770,3.764,3.764,3.766,3.771,3.976,3.971,3.975,3.974,3.974,3.971,3.979,-59.184,1217.000
3.761,3.767,3.761,3.763,3.765,3.764,3.764,3.975,3.973,3.975,3.968,3.971,3.967,3.970,-59.106,1218.000
3.759,3.759,3.759,3.762,3.763,3.756,3.765,3.975,3.980,3.973,3.972,3.975,3.977,3.970,-58.815,1219.000
3.768,3.764,3.760,3.761,3.766,3.760,3.763,3.977,3.972,3.976,3.969,3.974,3.973,3.975,-58.897,1220.000
3.765,3.766,3.760,3.766,3.758,3.764,3.767,3.971,3.976,3.972,3.978,3.972,3.975,3.973,-58.829,1221.000
3.759,3.759,3.765,3.758,3.760,3.759,3.772,3.971,3.970,3.969,3.977,3.973,3.974,3.976,-59.004,1222.000
3.764,3.761,3.772,3.764,3.762,3.763,3.766,3.978,3.973,3.973,3.970,3.975,3.976,3.977,-59.217,1223.000
3.765,3.765,3.762,3.768,3.761,3.761,3.764,3.976,3.976,3.970,3.975,3.977,3.974,3.971,-59.017,1224.000
3.764,3.764,3.764,3.758,3.761,3.768,3.769,3.976,3.977,3.978,3.979,3.977,3.987,3.975,-58.957,1225.000
3.766,3.768,3.774,3.764,3.771,3.765,3.773,3.980,3.982,3.979,3.979,3.983,3.973,3.979,-58.994,1226.000
3.773,3.763,3.773,3.767,3.768,3.766,3.767,3.977,3.981,3.975,3.984,3.990,3.984,3.988,-58.827,1227.000
3.769,3.773,3.765,3.773,3.765,3.768,3.771,3.981,3.977,3.983,3.981,3.982,3.975,3.976,-58.791,1228.000
3.770,3.768,3.772,3.775,3.770,3.770,3.768,3.982,3.983,3.985,3.990,3.981,3.982,3.987,-58.849,1229.000
3.767,3.769,3.767,3.771,3.770,3.772,3.772,3.985,3.981,3.982,3.990,3.987,3.982,3.979,-58.933,1230.000
3.773,3.769,3.765,3.771,3.773,3.770,3.769,3.981,3.980,3.982,3.983,3.982,3.981,3.983,-59.031,1231.000
3.763,3.773,3.771,3.769,3.771,3.772,3.771,3.978,3.977,3.981,3.987,3.986,3.985,3.985,-58.997,1232.000
3.765,3.774,3.772,3.766,3.771,3.764,3.765,3.985,3.982,3.981,3.982,3.991,3.983,3.982,-58.903,1233.000
3.765,3.767,3.777,3.775,3.772,3.772,3.767,3.985,3.982,3.987,3.992,3.987,3.980,3.983,-59.101,1234.000
3.770,3.774,3.764,3.772,3.765,3.767,3.770,3.982,3.986,3.984,3.982,3.983,3.987,3.982,-58.846,1235.000
3.770,3.769,3.775,3.768,3.783,3.766,3.778,3.984,3.985,3.981,3.981,3.978,3.987,3.983,-58.786,1236.000
3.767,3.770,3.773,3.770,3.772,3.770,3.773,3.984,3.979,3.980,3.984,3.982,3.981,3.983,-58.810,1237.000
3.772,3.764,3.767,3.765,3.766,3.767,3.768,3.983,3.982,3.984,3.981,3.980,3.981,3.984,-58.807,1238.000
3.772,3.770,3.775,3.765,3.769,3.772,3.773,3.987,3.983,3.983,3.985,3.986,3.982,3.979,-58.965,1239.000
3.766,3.769,3.769,3.772,3.774,3.766,3.765,3.980,3.982,3.981,3.983,3.978,3.980,3.983,-58.940,1240.000
3.770,3.771,3.772,3.775,3.763,3.773,3.772,3.985,3.979,3.981,3.977,3.985,3.977,3.982,-58.972,1241.000
3.770,3.770,3.775,3.771,3.771,3.768,3.771,3.981,3.984,3.982,3.983,3.983,3.982,3.980,-59.069,1242.000
3.769,3.772,3.772,3.773,3.771,3.765,3.769,3.982,3.983,3.984,3.992,3.981,3.982,3.990,-59.177,1243.000
3.769,3.773,3.770,3.769,3.768,3.771,3.769,3.978,3.980,3.985,3.978,3.977,3.975,3.979,-58.975,1244.000
3.775,3.768,3.775,3.772,3.777,3.774,3.773,3.989,3.984,3.990,3.989,3.991,3.984,3.981,-58.910,1245.000
3.772,3.768,3.767,3.768,3.768,3.776,3.774,3.982,3.985,3.978,3.985,3.987,3.986,3.986,-58.904,1246.000
3.775,3.772,3.774,3.772,3.772,3.771,3.772,3.979,3.983,3.991,3.984,3.985,3.983,3.986,-58.916,1247.000
3.776,3.777,3.773,3.779,3.773,3.777,3.765,3.984,3.989,3.987,3.989,3.985,3.987,3.990,-58.785,1248.000
3.773,3.776,3.777,3.772,3.775,3.774,3.775,3.991,3.990,3.988,3.995,3.991,3.989,3.985,-59.264,1249.000
3.766,3.775,3.772,3.776,3.774,3.777,3.770,3.992,3.995,3.988,3.989,3.990,3.990,3.990,-59.128,1250.000
3.774,3.775,3.776,3.771,3.776,3.774,3.779,3.991,3.989,3.989,3.991,3.991,3.988,3.983,-59.211,1251.000
3.780,3.777,3.777,3.772,3.777,3.775,3.774,3.993,3.995,3.992,3.995,3.987,3.985,3.987,-59.055,1252.000
3.771,3.775,3.773,3.774,3.773,3.779,3.770,3.979,3.990,3.991,3.985,3.989,3.994,3.993,-59.045,1253.000
3.778,3.776,3.778,3.775,3.773,3.779,3.773,3.995,3.987,3.990,3.990,3.990,3.988,3.983,-58.956,1254.000
3.771,3.774,3.777,3.773,3.774,3.775,3.770,3.986,3.979,3.986,3.986,3.984,3.987,3.986,-59.177,1255.000
3.777,3.772,3.777,3.773,3.778,3.776,3.779,3.987,3.993,3.994,3.987,3.989,3.987,3.988,-59.307,1256.000
3.771,3.773,3.783,3.774,3.775,3.778,3.768,3.987,3.990,3.999,3.997,3.994,3.995,3.993,-59.251,1257.000
3.772,3.770,3.769,3.774,3.777,3.774,3.777,3.984,3.987,3.983,3.992,3.990,3.989,3.991,-59.270,1258.000
3.778,3.777,3.774,3.776,3.772,3.776,3.780,3.984,3.985,3.984,3.993,3.993,3.989,3.986,-59.063,1259.000
3.777,3.768,3.777,3.778,3.775,3.767,3.767,3.995,3.995,3.987,3.987,3.987,3.992,3.986,-59.269,1260.000
3.773,3.770,3.778,3.768,3.778,3.773,3.770,3.987,3.989,3.985,3.991,3.994,3.990,3.996,-58.904,1261.000
3.774,3.773,3.773,3.776,3.773,3.776,3.773,3.990,3.987,3.990,3.988,3.993,3.993,3.988,-58.984,1262.000
3.778,3.782,3.776,3.779,3.771,3.766,3.774,3.992,3.989,3.992,3.995,3.989,3.992,3.992,-58.902,1263.000
3.774,3.773,3.775,3.772,3.777,3.778,3.776,3.986,3.993,3.993,3.994,3.989,3.992,3.992,-58.709,1264.000
3.772,3.776,3.774,3.772,3.770,3.776,3.773,3.991,3.993,3.996,3.986,3.993,3.992,3.991,-58.828,1265.000
3.777,3.778,3.779,3.771,3.779,3.777,3.777,3.993,3.992,3.997,3.995,3.993,3.989,4.001,-59.173,1266.000
3.776,3.779,3.775,3.771,3.778,3.776,3.776,3.996,3.992,3.989,3.992,3.992,3.991,3.992,-59.183,1267.000
3.780,3.773,3.776,3.778,3.779,3.776,3.776,3.998,3.998,3.998,3.989,3.984,3.993,3.994,-59.141,1268.000
3.774,3.779,3.776,3.773,3.779,3.779,3.772,3.995,3.996,3.993,3.995,3.994,3.992,3.996,-59.268,1269.000
3.774,3.774,3.779,3.778,3.776,3.781,3.778,3.995,3.990,3.987,3.991,3.991,3.985,3.996,-59.104,1270.000
3.779,3.776,3.774,3.780,3.781,3.781,3.773,3.991,3.992,3.990,3.992,3.992,3.994,3.992,-58.807,1271.000
3.777,3.776,3.780,3.774,3.779,3.771,3.774,3.993,3.998,3.993,3.999,3.996,3.995,3.992,-58.333,1272.000
3.783,3.776,3.782,3.779,3.778,3.773,3.778,3.998,3.990,3.993,3.996,3.994,3.995,3.993,-58.283,1273.000
3.781,3.782,3.778,3.780,3.785,3.772,3.780,3.995,3.998,3.998,3.997,3.994,3.993,3.991,-58.272,1274.000
3.778,3.783,3.780,3.778,3.780,3.770,3.774,3.992,3.994,3.998,3.997,3.994,3.997,3.996,-58.472,1275.000
3.771,3.784,3.779,3.785,3.779,3.783,3.776,3.997,3.998,4.001,3.998,3.995,3.997,3.991,-58.368,1276.000
3.779,3.779,3.780,3.777,3.784,3.774,3.771,3.987,4.002,4.000,3.995,3.998,3.994,3.987,-58.549,1277.000
3.779,3.781,3.782,3.780,3.781,3.780,3.779,3.992,3.994,3.992,3.996,3.998,3.992,3.991,-58.640,1278.000
3.782,3.793,3.780,3.778,3.781,3.782,3.780,3.999,4.001,3.998,3.996,3.999,4.001,3.995,-58.821,1279.000
3.775,3.776,3.780,3.779,3.776,3.774,3.781,4.000,4.000,3.995,3.993,3.997,3.999,3.998,-58.892,1280.000
3.779,3.779,3.782,3.780,3.784,3.783,3.778,3.994,4.001,3.996,4.002,3.996,3.996,3.998,-58.997,1281.000
3.777,3.784,3.780,3.777,3.779,3.780,3.781,3.996,3.998,4.003,4.002,3.997,3.992,3.994,-59.181,1282.000
3.780,3.783,3.777,3.779,3.780,3.779,3.784,3.993,3.992,4.001,3.994,3.993,3.996,4.007,-59.184,1283.000
3.777,3.774,3.779,3.770,3.778,3.778,3.779,3.997,3.997,4.000,3.990,3.991,3.998,3.991,-59.252,1284.000
3.780,3.779,3.777,3.780,3.779,3.780,3.780,3.993,3.998,3.993,3.987,3.996,3.996,3.998,-59.326,1285.000
3.777,3.782,3.779,3.774,3.779,3.782,3.779,3.999,3.998,3.992,3.997,3.999,3.995,3.996,-59.392,1286.000
3.780,3.776,3.779,3.776,3.772,3.782,3.780,3.996,3.987,3.989,3.991,3.995,3.989,3.994,-59.034,1287.000
3.779,3.776,3.773,3.776,3.779,3.781,3.776,3.995,4.000,3.997,3.995,3.996,3.989,3.991,-59.020,1288.000
3.778,3.780,3.782,3.776,3.775,3.783,3.779,3.992,3.997,3.990,3.996,3.989,3.992,3.991,-59.105,1289.000
3.779,3.778,3.776,3.784,3.778,3.775,3.774,4.002,3.987,3.991,3.993,3.993,3.994,3.999,-59.471,1290.000
3.781,3.775,3.778,3.783,3.775,3.773,3.778,3.991,3.995,3.990,3.993,3.993,3.992,3.985,-59.429,1291.000
3.778,3.782,3.777,3.780,3.780,3.777,3.774,3.993,3.991,3.991,3.986,3.991,3.987,3.992,-59.361,1292.000
3.785,3.775,3.775,3.773,3.772,3.777,3.774,3.999,3.993,3.994,3.989,3.995,3.993,3.990,-59.197,1293.000
3.777,3.778,3.782,3.777,3.783,3.778,3.778,3.984,3.985,3.989,3.987,3.992,3.999,4.001,-59.182,1294.000
3.782,3.777,3.778,3.776,3.780,3.776,3.782,3.995,3.996,3.993,3.989,3.997,3.996,3.995,-59.139,1295.000
3.782,3.780,3.780,3.781,3.782,3.778,3.777,4.000,3.995,3.995,3.986,3.992,3.995,3.994,-59.089,1296.000
3.780,3.777,3.777,3.787,3.779,3.781,3.776,3.990,3.994,3.993,3.998,3.995,3.993,3.991,-59.198,1297.000
3.780,3.776,3.774,3.780,3.777,3.774,3.778,3.995,3.996,3.995,3.995,3.995,3.991,4.003,-59.171,1298.000
3.781,3.781,3.781,3.773,3.783,3.780,3.781,3.993,3.996,3.991,3.996,3.995,3.994,3.992,-59.162,1299.000
3.780,3.783,3.785,3.781,3.774,3.785,3.780,4.000,3.996,3.998,3.997,4.000,4.001,3.998,-59.134,1300.000
3.779,3.784,3.787,3.785,3.782,3.783,3.780,4.002,3.999,3.991,4.002,4.000,3.999,4.004,-59.074,1301.000
3.780,3.780,3.785,3.787,3.786,3.786,3.784,4.007,4.003,4.005,4.003,3.999,3.997,3.993,-59.312,1302.000
3.787,3.781,3.783,3.780,3.782,3.785,3.787,4.000,3.997,3.998,4.003,3.999,4.001,4.003,-59.236,1303.000
3.782,3.778,3.783,3.787,3.784,3.781,3.780,3.998,3.993,3.995,4.001,4.002,4.003,3.999,-59.131,1304.000
3.786,3.780,3.786,3.785,3.784,3.784,3.783,4.001,3.995,4.002,4.003,4.001,4.004,3.999,-58.849,1305.000
3.778,3.781,3.780,3.781,3.782,3.786,3.781,3.999,4.001,3.995,3.997,4.004,4.000,4.001,-58.892,1306.000
3.788,3.789,3.786,3.782,3.778,3.784,3.784,4.005,3.998,3.999,4.003,4.000,4.001,3.998,-58.826,1307.000
3.782,3.786,3.786,3.786,3.781,3.782,3.783,3.995,3.998,3.993,3.998,3.999,4.001,4.001,-58.843,1308.000
3.781,3.783,3.787,3.781,3.781,3.787,3.781,3.995,3.996,4.000,4.001,4.000,4.001,4.000,-58.883,1309.000
3.779,3.786,3.780,3.782,3.784,3.782,3.784,3.994,4.004,4.005,4.001,4.001,3.998,3.999,-59.113,1310.000
3.788,3.783,3.781,3.786,3.779,3.779,3.780,4.003,3.993,3.999,3.999,3.996,3.999,4.000,-58.920,1311.000
3.785,3.780,3.785,3.788,3.780,3.782,3.785,3.997,4.010,4.006,4.004,4.005,4.005,4.002,-59.156,1312.000
3.784,3.783,3.783,3.785,3.781,3.780,3.783,4.002,4.003,4.000,3.997,3.998,3.997,4.000,-59.113,1313.000
3.784,3.782,3.782,3.783,3.781,3.782,3.785,3.997,4.000,4.003,4.003,4.003,3.995,3.998,-59.084,1314.000
3.784,3.783,3.780,3.785,3.782,3.784,3.787,4.002,4.002,4.000,4.000,3.998,3.998,3.995,-59.282,1315.000
3.780,3.785,3.787,3.785,3.782,3.784,3.784,3.995,4.000,3.997,3.998,4.000,3.998,4.002,-59.051,1316.000
3.788,3.791,3.783,3.781,3.786,3.788,3.783,4.006,4.006,4.005,4.002,4.002,4.000,4.003,-58.981,1317.000
3.782,3.785,3.784,3.785,3.783,3.787,3.792,4.004,4.004,4.002,4.002,4.002,3.999,4.003,-58.945,1318.000
3.781,3.783,3.782,3.785,3.783,3.786,3.787,4.003,4.008,3.998,4.000,4.000,3.997,4.000,-59.111,1319.000
3.783,3.784,3.778,3.781,3.780,3.779,3.784,4.002,4.004,4.004,4.001,4.005,4.004,4.004,-59.324,1320.000
3.785,3.783,3.784,3.787,3.780,3.782,3.786,4.009,4.003,4.005,4.008,4.004,4.008,4.009,-59.205,1321.000
3.783,3.783,3.788,3.782,3.784,3.785,3.785,4.014,4.006,4.011,4.004,4.007,4.006,4.002,-59.020,1322.000
3.781,3.777,3.780,3.783,3.783,3.790,3.784,4.003,4.006,4.008,4.004,4.003,4.006,4.005,-59.058,1323.000
3.784,3.788,3.788,3.786,3.785,3.783,3.781,3.999,4.000,4.003,4.003,4.010,4.002,4.005,-58.983,1324.000
3.785,3.789,3.787,3.781,3.781,3.787,3.787,4.004,3.999,4.004,4.007,4.006,4.002,4.008,-58.879,1325.000
3.786,3.782,3.786,3.785,3.787,3.787,3.789,4.003,4.004,4.012,4.007,4.000,3.997,4.004,-59.105,1326.000
3.785,3.785,3.788,3.789,3.787,3.786,3.789,4.007,4.007,4.012,4.009,4.013,4.006,4.013,-59.116,1327.000
3.790,3.792,3.793,3.792,3.788,3.794,3.788,4.004,4.019,4.009,4.016,4.012,4.012,4.003,-58.991,1328.000
3.788,3.791,3.788,3.794,3.795,3.790,3.783,4.011,4.011,4.013,4.012,4.007,4.007,4.006,-59.131,1329.000
3.791,3.796,3.798,3.800,3.790,3.787,3.799,4.014,4.015,4.010,4.009,4.013,4.013,4.010,-59.185,1330.000
3.798,3.797,3.794,3.797,3.799,3.798,3.792,4.013,4.003,4.012,4.004,4.012,4.017,4.009,-59.094,1331.000
3.793,3.795,3.795,3.792,3.789,3.793,3.796,4.014,4.007,4.020,4.013,4.012,4.016,4.012,-59.029,1332.000
3.796,3.791,3.795,3.795,3.795,3.792,3.798,4.010,4.015,4.013,4.015,4.018,4.010,4.010,-59.069,1333.000
3.789,3.789,3.791,3.791,3.798,3.785,3.798,4.008,4.004,4.005,4.013,4.008,4.013,4.008,-58.975,1334.000
3.794,3.798,3.791,3.792,3.788,3.792,3.790,4.005,4.008,4.007,4.007,4.005,4.009,4.004,-59.119,1335.000
3.788,3.797,3.797,3.791,3.787,3.795,3.788,4.007,4.008,4.008,4.008,4.002,4.004,4.000,-59.142,1336.000
3.789,3.789,3.792,3.782,3.794,3.792,3.784,4.008,4.006,4.003,4.002,4.006,4.004,4.004,-59.059,1337.000
3.790,3.787,3.786,3.787,3.787,3.790,3.791,3.999,4.002,4.011,4.001,4.000,3.997,3.999,-59.163,1338.000
3.790,3.787,3.785,3.786,3.788,3.786,3.786,3.994,4.004,4.003,4.004,4.002,4.009,3.999,-59.300,1339.000
3.790,3.795,3.784,3.791,3.790,3.787,3.785,4.001,4.005,4.004,4.005,3.999,4.003,4.005,-59.329,1340.000
3.786,3.792,3.789,3.788,3.792,3.791,3.788,4.007,4.001,4.003,4.001,4.001,3.999,4.004,-59.165,1341.000
3.786,3.784,3.786,3.792,3.788,3.783,3.789,4.005,4.005,4.006,3.994,4.002,4.009,4.007,-58.983,1342.000
3.783,3.787,3.785,3.784,3.782,3.793,3.787,4.003,4.008,4.001,3.995,3.996,4.008,4.004,-59.095,1343.000
3.790,3.791,3.788,3.787,3.792,3.788,3.793,4.004,4.003,3.996,3.999,4.012,4.004,4.004,-59.214,1344.000
3.787,3.789,3.786,3.786,3.785,3.788,3.788,4.011,4.008,4.003,4.000,4.003,4.000,4.005,-59.190,1345.000
3.787,3.791,3.789,3.786,3.783,3.787,3.791,4.004,4.003,4.005,4.007,4.003,4.002,4.005,-58.858,1346.000
3.791,3.792,3.789,3.789,3.786,3.791,3.787,4.006,4.002,4.007,4.006,4.009,4.014,4.012,-58.987,1347.000
3.784,3.794,3.788,3.789,3.791,3.797,3.785,4.006,4.003,4.008,4.007,4.011,4.004,4.003,-59.054,1348.000
3.793,3.790,3.792,3.792,3.788,3.790,3.794,4.009,4.009,4.009,4.012,4.005,4.003,4.007,-58.852,1349.000
3.792,3.795,3.789,3.789,3.793,3.793,3.790,4.011,4.005,4.012,4.009,4.006,4.008,4.007,-59.025,1350.000
3.790,3.790,3.792,3.789,3.793,3.791,3.794,4.005,4.004,4.018,4.009,4.006,4.004,4.009,-58.814,1351.000
3.790,3.792,3.786,3.784,3.790,3.790,3.792,4.007,4.009,4.005,4.010,4.011,4.008,4.007,-59.037,1352.000
3.792,3.792,3.795,3.791,3.788,3.798,3.791,4.009,4.012,4.009,4.012,4.008,4.007,4.002,-59.115,1353.000
3.787,3.791,3.792,3.789,3.787,3.788,3.792,4.003,4.009,4.006,4.007,4.008,4.008,4.004,-59.017,1354.000
3.788,3.800,3.790,3.793,3.791,3.793,3.796,4.005,4.010,4.008,4.009,4.004,4.008,4.012,-59.118,1355.000
3.794,3.793,3.796,3.787,3.796,3.793,3.793,4.009,4.008,4.003,4.010,4.012,4.010,4.009,-59.217,1356.000
3.789,3.791,3.793,3.791,3.797,3.795,3.789,4.008,4.004,4.007,4.005,4.009,4.008,4.007,-59.175,1357.000
3.789,3.795,3.793,3.793,3.792,3.789,3.793,4.006,4.011,4.003,3.999,4.013,4.007,4.009,-59.195,1358.000
3.789,3.792,3.795,3.793,3.793,3.792,3.798,4.008,4.010,4.005,4.008,4.013,4.011,4.009,-59.129,1359.000
3.794,3.797,3.790,3.793,3.798,3.801,3.794,4.010,4.012,4.006,4.011,4.011,4.006,4.004,-59.206,1360.000
3.793,3.795,3.795,3.789,3.793,3.796,3.793,4.013,4.018,4.013,4.009,4.009,4.009,4.011,-59.171,1361.000
3.795,3.797,3.795,3.791,3.797,3.800,3.793,4.008,4.007,4.007,4.012,4.010,4.009,4.013,-59.144,1362.000
3.795,3.798,3.799,3.793,3.793,3.789,3.797,4.006,4.012,4.011,4.006,4.013,4.011,4.014,-59.170,1363.000
3.795,3.795,3.795,3.793,3.798,3.797,3.800,4.009,4.006,4.010,4.006,4.012,4.009,4.008,-59.189,1364.000
3.796,3.792,3.791,3.792,3.792,3.792,3.799,4.007,4.012,4.011,4.012,4.014,4.007,4.008,-59.318,1365.000
3.797,3.793,3.795,3.789,3.796,3.797,3.798,4.008,4.008,4.011,4.013,4.013,4.006,4.019,-59.151,1366.000
3.803,3.799,3.803,3.801,3.803,3.798,3.800,4.014,4.014,4.019,4.020,4.019,4.017,4.019,-58.947,1367.000
3.801,3.797,3.799,3.798,3.794,3.797,3.804,4.021,4.014,4.016,4.008,4.009,4.012,4.011,-58.887,1368.000
3.799,3.792,3.798,3.790,3.803,3.798,3.797,4.015,4.015,4.012,4.011,4.017,4.013,4.016,-59.040,1369.000
3.796,3.796,3.795,3.797,3.800,3.798,3.797,4.013,4.014,4.024,4.013,4.025,4.017,4.022,-59.323,1370.000
3.799,3.798,3.804,3.801,3.794,3.801,3.799,4.017,4.014,4.016,4.019,4.013,4.022,4.014,-59.221,1371.000
3.799,3.797,3.801,3.799,3.794,3.796,3.796,4.009,4.018,4.016,4.019,4.015,4.014,4.013,-59.319,1372.000
3.796,3.797,3.798,3.800,3.802,3.799,3.797,4.015,4.016,4.015,4.013,4.019,4.017,4.015,-59.198,1373.000
3.801,3.795,3.800,3.799,3.798,3.802,3.799,4.028,4.019,4.010,4.015,4.026,4.022,4.019,-59.086,1374.000
3.804,3.804,3.802,3.804,3.798,3.804,3.797,4.015,4.015,4.021,4.017,4.016,4.019,4.019,-58.991,1375.000
3.801,3.799,3.797,3.798,3.804,3.799,3.805,4.017,4.017,4.018,4.018,4.020,4.017,4.020,-59.126,1376.000
3.802,3.799,3.805,3.805,3.800,3.807,3.798,4.019,4.015,4.016,4.020,4.017,4.015,4.017,-59.196,1377.000
3.805,3.800,3.802,3.803,3.801,3.801,3.804,4.022,4.022,4.020,4.021,4.018,4.018,4.020,-59.512,1378.000
3.805,3.799,3.805,3.800,3.806,3.797,3.801,4.020,4.010,4.017,4.019,4.015,4.018,4.022,-59.568,1379.000
3.801,3.803,3.797,3.799,3.799,3.801,3.799,4.024,4.023,4.019,4.017,4.020,4.019,4.024,-59.206,1380.000
3.802,3.797,3.799,3.796,3.804,3.796,3.804,4.023,4.026,4.023,4.028,4.026,4.016,4.017,-59.172,1381.000
3.804,3.801,3.801,3.803,3.804,3.806,3.796,4.011,4.027,4.020,4.026,4.023,4.016,4.024,-59.218,1382.000
3.804,3.799,3.803,3.799,3.803,3.805,3.804,4.013,4.026,4.017,4.014,4.021,4.021,4.021,-59.093,1383.000
3.809,3.804,3.807,3.803,3.806,3.807,3.811,4.025,4.022,4.019,4.022,4.020,4.023,4.026,-59.064,1384.000
3.798,3.802,3.804,3.806,3.799,3.805,3.806,4.014,4.020,4.021,4.022,4.028,4.022,4.024,-58.862,1385.000
3.804,3.809,3.802,3.808,3.811,3.808,3.808,4.020,4.026,4.024,4.023,4.025,4.019,4.018,-58.812,1386.000
3.811,3.806,3.810,3.809,3.808,3.807,3.807,4.025,4.028,4.028,4.026,4.030,4.024,4.027,-58.909,1387.000
3.809,3.812,3.810,3.808,3.806,3.815,3.808,4.026,4.026,4.025,4.022,4.025,4.024,4.022,-58.824,1388.000
3.805,3.808,3.811,3.808,3.812,3.808,3.814,4.019,4.024,4.018,4.026,4.025,4.031,4.027,-58.865,1389.000
3.798,3.808,3.810,3.811,3.811,3.810,3.805,4.028,4.027,4.019,4.022,4.026,4.030,4.032,-58.999,1390.000
3.804,3.807,3.809,3.808,3.811,3.807,3.806,4.026,4.030,4.023,4.023,4.027,4.024,4.021,-59.051,1391.000
3.808,3.805,3.808,3.805,3.808,3.805,3.809,4.023,4.023,4.021,4.019,4.025,4.020,4.030,-58.947,1392.000
3.807,3.805,3.816,3.803,3.814,3.806,3.806,4.028,4.019,4.021,4.025,4.022,4.026,4.022,-58.916,1393.000
3.804,3.807,3.802,3.806,3.807,3.811,3.800,4.018,4.024,4.025,4.025,4.025,4.023,4.027,-58.784,1394.000
3.807,3.812,3.809,3.806,3.805,3.809,3.807,4.026,4.030,4.028,4.027,4.023,4.019,4.024,-58.880,1395.000
3.806,3.809,3.809,3.812,3.807,3.806,3.810,4.023,4.024,4.025,4.028,4.022,4.021,4.022,-58.952,1396.000
3.812,3.810,3.818,3.810,3.809,3.814,3.816,4.021,4.029,4.035,4.027,4.024,4.023,4.026,-58.828,1397.000
3.812,3.804,3.808,3.814,3.811,3.816,3.810,4.024,4.024,4.025,4.027,4.030,4.031,4.025,-58.700,1398.000
3.810,3.811,3.814,3.814,3.812,3.811,3.814,4.028,4.032,4.030,4.026,4.030,4.028,4.030,-58.803,1399.000
3.808,3.820,3.817,3.811,3.811,3.809,3.811,4.025,4.037,4.030,4.024,4.029,4.026,4.023,-58.880,1400.000
3.817,3.811,3.817,3.811,3.814,3.808,3.814,4.028,4.028,4.034,4.027,4.028,4.028,4.031,-59.032,1401.000
3.813,3.811,3.808,3.809,3.814,3.815,3.811,4.031,4.028,4.029,4.032,4.028,4.027,4.027,-58.936,1402.000
3.816,3.809,3.813,3.811,3.817,3.811,3.817,4.028,4.030,4.027,4.027,4.025,4.026,4.035,-58.910,1403.000
3.814,3.815,3.819,3.812,3.814,3.816,3.812,4.027,4.032,4.025,4.025,4.034,4.032,4.029,-59.071,1404.000
3.810,3.815,3.811,3.815,3.811,3.808,3.813,4.031,4.036,4.032,4.028,4.027,4.027,4.031,-59.028,1405.000
3.814,3.812,3.812,3.813,3.812,3.812,3.820,4.031,4.032,4.028,4.033,4.032,4.028,4.029,-59.034,1406.000
3.814,3.817,3.807,3.810,3.811,3.814,3.805,4.032,4.034,4.030,4.030,4.030,4.026,4.027,-59.067,1407.000
3.813,3.815,3.814,3.816,3.816,3.816,3.803,4.031,4.032,4.028,4.034,4.035,4.032,4.032,-59.203,1408.000
3.819,3.810,3.814,3.817,3.817,3.810,3.818,4.033,4.035,4.033,4.031,4.035,4.033,4.026,-59.274,1409.000
3.816,3.814,3.811,3.812,3.811,3.819,3.808,4.033,4.036,4.031,4.030,4.032,4.033,4.026,-59.171,1410.000
3.812,3.810,3.817,3.812,3.813,3.812,3.810,4.029,4.027,4.030,4.029,4.030,4.034,4.028,-59.071,1411.000
3.810,3.811,3.813,3.814,3.810,3.818,3.808,4.031,4.027,4.033,4.033,4.031,4.032,4.029,-58.890,1412.000
3.820,3.811,3.812,3.810,3.812,3.811,3.816,4.026,4.026,4.029,4.030,4.035,4.035,4.033,-58.935,1413.000
3.816,3.808,3.810,3.811,3.813,3.814,3.813,4.031,4.033,4.029,4.035,4.029,4.035,4.033,-58.953,1414.000
3.815,3.812,3.815,3.813,3.813,3.809,3.812,4.029,4.032,4.032,4.028,4.028,4.028,4.032,-59.042,1415.000
3.808,3.816,3.815,3.813,3.807,3.814,3.812,4.032,4.036,4.035,4.030,4.029,4.033,4.028,-59.097,1416.000
3.817,3.813,3.810,3.814,3.816,3.814,3.814,4.035,4.035,4.027,4.038,4.037,4.029,4.034,-59.082,1417.000
3.805,3.814,3.807,3.818,3.810,3.810,3.813,4.028,4.033,4.028,4.031,4.028,4.030,4.036,-59.153,1418.000
3.814,3.812,3.812,3.816,3.815,3.815,3.814,4.036,4.036,4.036,4.040,4.041,4.033,4.023,-59.188,1419.000
3.811,3.810,3.816,3.807,3.817,3.811,3.811,4.038,4.029,4.033,4.033,4.034,4.029,4.034,-59.365,1420.000
3.806,3.815,3.814,3.811,3.814,3.811,3.816,4.025,4.027,4.028,4.035,4.033,4.032,4.034,-59.230,1421.000
3.815,3.810,3.814,3.814,3.818,3.813,3.816,4.031,4.039,4.034,4.041,4.033,4.034,4.035,-59.033,1422.000
3.814,3.810,3.814,3.813,3.813,3.809,3.816,4.037,4.031,4.029,4.034,4.035,4.024,4.034,-58.983,1423.000
3.811,3.817,3.809,3.810,3.816,3.813,3.815,4.040,4.037,4.035,4.035,4.036,4.040,4.035,-58.949,1424.000
3.810,3.812,3.816,3.812,3.810,3.815,3.808,4.032,4.031,4.037,4.038,4.040,4.037,4.038,-59.008,1425.000
3.810,3.810,3.807,3.818,3.813,3.816,3.819,4.036,4.035,4.034,4.032,4.034,4.033,4.032,-59.150,1426.000
3.818,3.816,3.814,3.819,3.812,3.818,3.820,4.032,4.032,4.034,4.036,4.035,4.033,4.036,-59.051,1427.000
3.819,3.809,3.814,3.810,3.813,3.813,3.812,4.038,4.035,4.037,4.043,4.039,4.036,4.038,-59.131,1428.000
3.820,3.810,3.814,3.817,3.815,3.816,3.809,4.037,4.032,4.036,4.028,4.029,4.027,4.033,-59.222,1429.000
3.811,3.817,3.816,3.816,3.810,3.816,3.818,4.032,4.031,4.031,4.034,4.038,4.035,4.033,-59.005,1430.000
3.809,3.815,3.813,3.816,3.810,3.815,3.809,4.040,4.031,4.030,4.029,4.034,4.031,4.029,-58.998,1431.000
3.814,3.816,3.818,3.812,3.809,3.817,3.814,4.034,4.036,4.034,4.031,4.033,4.039,4.030,-58.894,1432.000
3.813,3.815,3.816,3.814,3.809,3.816,3.818,4.033,4.033,4.037,4.031,4.037,4.035,4.035,-58.804,1433.000
3.809,3.810,3.814,3.818,3.814,3.816,3.812,4.037,4.034,4.034,4.034,4.038,4.031,4.037,-58.679,1434.000
3.812,3.819,3.816,3.814,3.815,3.811,3.812,4.033,4.027,4.033,4.032,4.033,4.033,4.032,-58.611,1435.000
3.812,3.813,3.814,3.815,3.817,3.816,3.815,4.038,4.033,4.031,4.036,4.037,4.031,4.035,-58.833,1436.000
3.820,3.818,3.813,3.811,3.810,3.818,3.812,4.037,4.030,4.036,4.030,4.031,4.037,4.041,-58.869,1437.000
3.818,3.818,3.815,3.819,3.818,3.818,3.819,4.042,4.038,4.040,4.034,4.030,4.035,4.038,-59.100,1438.000
3.819,3.809,3.823,3.811,3.821,3.811,3.819,4.039,4.037,4.038,4.038,4.039,4.037,4.034,-58.999,1439.000
3.819,3.820,3.814,3.823,3.820,3.817,3.816,4.035,4.038,4.039,4.039,4.028,4.032,4.033,-59.102,1440.000
3.827,3.819,3.819,3.819,3.821,3.814,3.826,4.038,4.038,4.039,4.037,4.041,4.038,4.041,-59.386,1441.000
3.816,3.820,3.817,3.822,3.824,3.820,3.817,4.038,4.041,4.046,4.040,4.037,4.032,4.042,-59.193,1442.000
3.819,3.817,3.819,3.820,3.822,3.823,3.824,4.045,4.037,4.034,4.043,4.041,4.034,4.038,-59.228,1443.000
3.826,3.818,3.818,3.823,3.823,3.828,3.818,4.041,4.047,4.037,4.045,4.043,4.039,4.037,-59.219,1444.000
3.823,3.819,3.819,3.823,3.819,3.812,3.820,4.041,4.038,4.044,4.039,4.039,4.036,4.033,-59.089,1445.000
3.815,3.828,3.819,3.823,3.817,3.823,3.816,4.040,4.038,4.038,4.037,4.035,4.038,4.046,-59.042,1446.000
3.823,3.819,3.817,3.816,3.815,3.822,3.820,4.044,4.037,4.045,4.045,4.039,4.035,4.040,-58.969,1447.000
3.820,3.813,3.814,3.823,3.820,3.820,3.815,4.040,4.038,4.037,4.035,4.037,4.037,4.049,-58.863,1448.000
3.823,3.823,3.827,3.821,3.827,3.822,3.819,4.036,4.047,4.038,4.038,4.040,4.048,4.040,-58.891,1449.000
3.824,3.821,3.817,3.823,3.827,3.820,3.822,4.046,4.037,4.036,4.039,4.040,4.039,4.039,-59.090,1450.000
3.827,3.815,3.823,3.823,3.823,3.820,3.821,4.039,4.044,4.042,4.039,4.046,4.048,4.048,-58.941,1451.000
3.824,3.829,3.828,3.821,3.820,3.825,3.823,4.035,4.037,4.038,4.041,4.039,4.047,4.047,-58.851,1452.000
3.826,3.824,3.826,3.826,3.825,3.824,3.829,4.050,4.047,4.044,4.043,4.041,4.046,4.046,-58.984,1453.000
3.827,3.832,3.824,3.827,3.825,3.820,3.830,4.050,4.045,4.045,4.042,4.047,4.048,4.049,-58.876,1454.000
3.825,3.827,3.827,3.830,3.829,3.830,3.826,4.049,4.047,4.043,4.049,4.047,4.045,4.047,-58.895,1455.000
3.834,3.827,3.832,3.831,3.825,3.829,3.828,4.048,4.051,4.046,4.048,4.049,4.046,4.044,-58.931,1456.000
3.828,3.831,3.829,3.829,3.829,3.829,3.824,4.048,4.050,4.051,4.046,4.050,4.049,4.043,-58.944,1457.000
3.831,3.830,3.829,3.829,3.829,3.832,3.826,4.043,4.048,4.048,4.049,4.046,4.050,4.050,-58.975,1458.000
3.834,3.829,3.829,3.829,3.832,3.835,3.831,4.049,4.044,4.049,4.050,4.048,4.051,4.045,-58.939,1459.000
3.828,3.836,3.826,3.829,3.829,3.829,3.836,4.049,4.055,4.050,4.055,4.049,4.046,4.047,-59.058,1460.000
3.826,3.830,3.833,3.826,3.832,3.827,3.829,4.050,4.051,4.055,4.049,4.047,4.046,4.049,-58.960,1461.000
3.827,3.838,3.831,3.833,3.826,3.833,3.831,4.052,4.051,4.050,4.056,4.054,4.051,4.047,-58.593,1462.000
3.823,3.825,3.826,3.824,3.831,3.825,3.833,4.043,4.051,4.049,4.050,4.049,4.049,4.049,-57.949,1463.000
3.828,3.827,3.826,3.825,3.820,3.831,3.829,4.043,4.047,4.050,4.054,4.049,4.055,4.053,-57.524,1464.000
3.824,3.825,3.831,3.826,3.820,3.825,3.822,4.046,4.044,4.048,4.049,4.050,4.050,4.044,-57.754,1465.000
3.824,3.822,3.823,3.824,3.829,3.826,3.824,4.048,4.052,4.052,4.049,4.052,4.052,4.052,-58.046,1466.000
3.826,3.828,3.824,3.823,3.827,3.825,3.824,4.050,4.049,4.047,4.049,4.048,4.052,4.054,-58.258,1467.000
3.830,3.828,3.830,3.834,3.827,3.831,3.827,4.056,4.051,4.056,4.048,4.053,4.054,4.056,-58.542,1468.000
3.829,3.828,3.828,3.827,3.825,3.828,3.831,4.055,4.058,4.054,4.056,4.054,4.050,4.051,-58.790,1469.000
3.837,3.826,3.830,3.825,3.834,3.829,3.828,4.048,4.055,4.048,4.052,4.051,4.056,4.054,-58.762,1470.000
3.830,3.830,3.829,3.824,3.833,3.833,3.828,4.044,4.049,4.048,4.055,4.054,4.052,4.049,-58.835,1471.000
3.823,3.828,3.829,3.826,3.828,3.827,3.834,4.050,4.048,4.048,4.043,4.046,4.049,4.051,-58.913,1472.000
3.829,3.834,3.831,3.825,3.831,3.826,3.829,4.052,4.050,4.051,4.048,4.051,4.052,4.051,-58.907,1473.000
3.830,3.828,3.829,3.823,3.827,3.835,3.833,4.056,4.051,4.052,4.047,4.053,4.053,4.052,-59.002,1474.000
3.832,3.826,3.828,3.829,3.827,3.833,3.833,4.049,4.052,4.052,4.051,4.052,4.052,4.043,-59.257,1475.000
3.829,3.826,3.828,3.823,3.825,3.825,3.826,4.049,4.054,4.052,4.053,4.048,4.050,4.046,-59.079,1476.000
3.826,3.825,3.826,3.826,3.823,3.826,3.827,4.049,4.048,4.045,4.050,4.048,4.041,4.050,-59.096,1477.000
3.826,3.824,3.826,3.826,3.833,3.828,3.826,4.049,4.046,4.048,4.046,4.052,4.045,4.047,-59.192,1478.000
3.825,3.823,3.824,3.826,3.828,3.827,3.825,4.050,4.045,4.042,4.047,4.051,4.052,4.043,-58.990,1479.000
3.824,3.824,3.822,3.820,3.829,3.827,3.826,4.040,4.045,4.050,4.048,4.049,4.044,4.046,-58.817,1480.000
3.825,3.828,3.829,3.829,3.825,3.829,3.823,4.041,4.043,4.045,4.049,4.053,4.045,4.047,-59.022,1481.000
3.830,3.827,3.834,3.826,3.831,3.827,3.828,4.051,4.049,4.040,4.052,4.051,4.049,4.049,-58.744,1482.000
3.827,3.828,3.826,3.829,3.830,3.829,3.833,4.052,4.046,4.052,4.048,4.058,4.046,4.049,-58.921,1483.000
3.829,3.825,3.832,3.827,3.831,3.829,3.826,4.054,4.055,4.048,4.050,4.052,4.049,4.051,-59.062,1484.000
3.832,3.828,3.831,3.831,3.828,3.830,3.832,4.049,4.049,4.050,4.047,4.045,4.048,4.055,-58.843,1485.000
3.828,3.829,3.825,3.833,3.830,3.828,3.835,4.045,4.046,4.048,4.056,4.046,4.040,4.044,-58.928,1486.000
3.835,3.831,3.833,3.829,3.834,3.823,3.825,4.050,4.048,4.044,4.052,4.051,4.052,4.051,-58.735,1487.000
3.835,3.832,3.828,3.832,3.825,3.826,3.839,4.051,4.048,4.048,4.055,4.055,4.050,4.051,-58.992,1488.000
3.836,3.836,3.827,3.829,3.830,3.830,3.835,4.051,4.052,4.052,4.053,4.051,4.051,4.045,-59.051,1489.000
3.826,3.828,3.832,3.829,3.823,3.830,3.819,4.046,4.042,4.047,4.045,4.049,4.049,4.051,-58.983,1490.000
3.834,3.825,3.833,3.829,3.834,3.827,3.827,4.050,4.049,4.046,4.049,4.050,4.057,4.059,-59.182,1491.000
3.834,3.826,3.831,3.830,3.827,3.835,3.833,4.052,4.047,4.054,4.055,4.052,4.051,4.048,-59.003,1492.000
3.835,3.830,3.832,3.831,3.832,3.838,3.832,4.055,4.049,4.053,4.057,4.057,4.056,4.051,-59.209,1493.000
3.837,3.834,3.832,3.826,3.832,3.828,3.837,4.052,4.054,4.052,4.049,4.052,4.052,4.050,-59.177,1494.000
3.826,3.829,3.830,3.834,3.831,3.831,3.829,4.051,4.053,4.052,4.050,4.052,4.051,4.056,-59.115,1495.000
3.833,3.834,3.825,3.837,3.827,3.832,3.829,4.052,4.050,4.054,4.052,4.057,4.059,4.050,-59.196,1496.000
3.829,3.833,3.828,3.831,3.829,3.836,3.836,4.054,4.052,4.053,4.051,4.055,4.053,4.053,-59.237,1497.000
3.834,3.830,3.828,3.831,3.830,3.835,3.830,4.059,4.056,4.052,4.052,4.052,4.053,4.056,-59.192,1498.000
3.829,3.831,3.835,3.833,3.831,3.827,3.829,4.052,4.052,4.049,4.050,4.052,4.051,4.051,-59.342,1499.000
3.838,3.835,3.833,3.841,3.833,3.831,3.834,4.054,4.055,4.056,4.058,4.064,4.061,4.057,-59.301,1500.000
3.836,3.838,3.834,3.832,3.831,3.833,3.838,4.055,4.055,4.051,4.051,4.058,4.059,4.059,-59.028,1501.000
3.834,3.836,3.843,3.835,3.831,3.839,3.829,4.059,4.060,4.058,4.055,4.050,4.049,4.052,-59.094,1502.000
3.838,3.835,3.833,3.837,3.834,3.832,3.835,4.059,4.055,4.060,4.057,4.059,4.063,4.059,-59.062,1503.000
3.839,3.836,3.838,3.833,3.841,3.837,3.837,4.057,4.062,4.062,4.056,4.062,4.061,4.054,-59.291,1504.000
3.841,3.833,3.840,3.830,3.830,3.833,3.836,4.060,4.055,4.058,4.059,4.058,4.061,4.060,-59.226,1505.000
3.833,3.836,3.836,3.834,3.830,3.832,3.837,4.068,4.061,4.059,4.060,4.061,4.061,4.056,-59.344,1506.000
3.830,3.838,3.838,3.834,3.837,3.838,3.838,4.056,4.062,4.053,4.050,4.061,4.054,4.057,-59.279,1507.000
3.834,3.838,3.836,3.835,3.831,3.835,3.834,4.054,4.055,4.062,4.060,4.066,4.061,4.064,-59.238,1508.000
3.834,3.831,3.829,3.831,3.835,3.833,3.834,4.056,4.058,4.055,4.056,4.053,4.053,4.055,-59.225,1509.000
3.836,3.838,3.832,3.836,3.834,3.832,3.833,4.062,4.050,4.063,4.058,4.054,4.052,4.051,-59.220,1510.000
3.839,3.833,3.837,3.839,3.842,3.834,3.840,4.065,4.056,4.059,4.053,4.051,4.058,4.055,-58.938,1511.000
3.835,3.835,3.835,3.835,3.835,3.839,3.838,4.055,4.054,4.057,4.053,4.059,4.060,4.058,-58.931,1512.000
3.837,3.835,3.830,3.831,3.837,3.833,3.834,4.054,4.059,4.052,4.052,4.056,4.054,4.053,-59.059,1513.000
3.840,3.840,3.839,3.834,3.839,3.835,3.832,4.056,4.057,4.056,4.057,4.062,4.058,4.060,-58.970,1514.000
3.834,3.839,3.836,3.837,3.836,3.840,3.837,4.057,4.054,4.051,4.059,4.060,4.055,4.059,-59.231,1515.000
3.837,3.841,3.835,3.834,3.834,3.831,3.839,4.063,4.062,4.056,4.056,4.059,4.061,4.052,-59.029,1516.000
3.835,3.841,3.839,3.837,3.837,3.836,3.834,4.061,4.058,4.059,4.054,4.056,4.058,4.059,-58.954,1517.000
3.835,3.836,3.833,3.837,3.837,3.834,3.835,4.060,4.059,4.053,4.056,4.058,4.063,4.055,-58.962,1518.000
3.838,3.836,3.837,3.842,3.837,3.844,3.832,4.062,4.052,4.052,4.058,4.055,4.063,4.057,-59.027,1519.000
3.835,3.842,3.838,3.835,3.833,3.829,3.842,4.055,4.055,4.064,4.063,4.052,4.059,4.057,-59.014,1520.000
3.838,3.836,3.837,3.836,3.840,3.842,3.843,4.057,4.063,4.059,4.057,4.054,4.062,4.057,-58.962,1521.000
3.843,3.838,3.835,3.835,3.837,3.841,3.835,4.052,4.056,4.059,4.053,4.064,4.067,4.057,-59.161,1522.000
3.841,3.836,3.845,3.846,3.838,3.842,3.843,4.055,4.058,4.058,4.056,4.060,4.058,4.061,-59.468,1523.000
3.845,3.840,3.845,3.841,3.838,3.835,3.840,4.070,4.059,4.061,4.054,4.061,4.068,4.060,-59.456,1524.000
3.835,3.843,3.840,3.840,3.841,3.842,3.841,4.064,4.066,4.063,4.055,4.061,4.065,4.060,-59.216,1525.000
3.845,3.844,3.838,3.847,3.839,3.842,3.843,4.067,4.061,4.058,4.064,4.063,4.061,4.061,-59.232,1526.000
3.839,3.841,3.840,3.844,3.847,3.839,3.844,4.059,4.067,4.069,4.063,4.063,4.061,4.065,-59.142,1527.000
3.842,3.840,3.844,3.844,3.845,3.841,3.841,4.067,4.064,4.062,4.062,4.062,4.062,4.063,-59.142,1528.000
3.845,3.851,3.839,3.845,3.850,3.847,3.845,4.068,4.067,4.067,4.065,4.060,4.065,4.071,-59.114,1529.000
3.844,3.842,3.841,3.846,3.847,3.844,3.841,4.068,4.066,4.064,4.065,4.067,4.063,4.060,-59.214,1530.000
3.844,3.850,3.844,3.848,3.839,3.848,3.842,4.063,4.067,4.066,4.068,4.070,4.065,4.070,-59.039,1531.000
3.852,3.840,3.842,3.844,3.842,3.846,3.846,4.064,4.061,4.069,4.068,4.067,4.070,4.067,-59.167,1532.000
3.848,3.850,3.849,3.848,3.846,3.853,3.846,4.072,4.071,4.067,4.063,4.071,4.069,4.070,-59.380,1533.000
3.837,3.843,3.849,3.846,3.847,3.848,3.852,4.064,4.068,4.064,4.066,4.070,4.071,4.067,-59.301,1534.000
3.849,3.849,3.847,3.849,3.853,3.850,3.842,4.068,4.069,4.070,4.069,4.073,4.074,4.069,-59.341,1535.000
3.843,3.856,3.848,3.848,3.850,3.848,3.847,4.066,4.066,4.065,4.070,4.065,4.066,4.066,-59.185,1536.000
3.847,3.853,3.850,3.853,3.844,3.853,3.844,4.069,4.068,4.072,4.068,4.073,4.071,4.072,-58.939,1537.000
3.845,3.849,3.846,3.849,3.846,3.852,3.851,4.071,4.072,4.072,4.069,4.071,4.073,4.070,-59.061,1538.000
3.854,3.853,3.848,3.851,3.849,3.849,3.855,4.071,4.072,4.077,4.078,4.077,4.077,4.073,-58.897,1539.000
3.849,3.845,3.856,3.852,3.850,3.847,3.852,4.072,4.073,4.082,4.073,4.076,4.077,4.076,-58.910,1540.000
3.849,3.851,3.856,3.848,3.851,3.848,3.854,4.069,4.076,4.073,4.077,4.074,4.067,4.067,-59.201,1541.000
3.848,3.855,3.853,3.848,3.849,3.847,3.851,4.083,4.061,4.073,4.080,4.075,4.070,4.069,-59.052,1542.000
3.852,3.854,3.850,3.849,3.850,3.849,3.852,4.071,4.072,4.074,4.067,4.073,4.068,4.073,-59.150,1543.000
3.841,3.852,3.844,3.849,3.850,3.846,3.848,4.072,4.069,4.073,4.076,4.071,4.069,4.073,-59.001,1544.000
3.852,3.842,3.850,3.848,3.843,3.844,3.852,4.070,4.065,4.075,4.066,4.074,4.073,4.065,-59.220,1545.000
3.843,3.849,3.846,3.845,3.843,3.842,3.846,4.073,4.071,4.072,4.070,4.068,4.068,4.076,-59.079,1546.000
3.845,3.847,3.840,3.848,3.848,3.851,3.845,4.073,4.069,4.070,4.066,4.074,4.077,4.068,-59.019,1547.000
3.846,3.843,3.842,3.841,3.854,3.845,3.850,4.066,4.067,4.065,4.071,4.073,4.071,4.074,-59.041,1548.000
3.845,3.836,3.842,3.844,3.846,3.844,3.843,4.070,4.064,4.065,4.072,4.069,4.068,4.072,-59.116,1549.000
3.848,3.847,3.852,3.847,3.843,3.841,3.848,4.069,4.071,4.078,4.072,4.074,4.072,4.071,-59.058,1550.000
3.846,3.850,3.849,3.851,3.850,3.848,3.851,4.072,4.067,4.072,4.067,4.069,4.073,4.071,-59.141,1551.000
3.845,3.846,3.844,3.837,3.847,3.842,3.851,4.068,4.072,4.070,4.069,4.069,4.071,4.068,-59.313,1552.000
3.845,3.846,3.847,3.846,3.844,3.846,3.844,4.071,4.070,4.072,4.075,4.072,4.075,4.068,-59.427,1553.000
3.846,3.845,3.850,3.843,3.849,3.843,3.851,4.066,4.071,4.070,4.070,4.067,4.063,4.067,-59.229,1554.000
3.842,3.841,3.842,3.844,3.843,3.843,3.848,4.067,4.065,4.061,4.064,4.066,4.069,4.065,-59.291,1555.000
3.845,3.849,3.846,3.844,3.844,3.843,3.843,4.065,4.073,4.066,4.066,4.067,4.065,4.064,-59.144,1556.000
3.844,3.846,3.851,3.846,3.845,3.844,3.842,4.068,4.070,4.064,4.063,4.067,4.064,4.069,-59.186,1557.000
3.843,3.847,3.847,3.841,3.846,3.842,3.842,4.065,4.067,4.071,4.067,4.067,4.066,4.064,-59.195,1558.000
3.842,3.844,3.845,3.841,3.852,3.842,3.846,4.065,4.064,4.073,4.067,4.065,4.066,4.068,-59.097,1559.000
3.842,3.842,3.847,3.837,3.837,3.843,3.847,4.068,4.060,4.063,4.068,4.063,4.067,4.063,-59.340,1560.000
3.839,3.841,3.843,3.842,3.840,3.838,3.846,4.065,4.063,4.064,4.062,4.067,4.058,4.061,-59.332,1561.000
3.840,3.848,3.846,3.845,3.842,3.845,3.846,4.057,4.066,4.067,4.062,4.063,4.061,4.064,-59.453,1562.000
3.847,3.848,3.846,3.842,3.842,3.845,3.844,4.072,4.071,4.063,4.075,4.063,4.065,4.070,-59.470,1563.000
3.845,3.848,3.843,3.845,3.845,3.847,3.844,4.068,4.066,4.063,4.063,4.060,4.065,4.061,-59.319,1564.000
3.849,3.856,3.848,3.847,3.848,3.849,3.852,4.068,4.067,4.071,4.068,4.066,4.064,4.065,-59.309,1565.000
3.847,3.847,3.845,3.848,3.848,3.849,3.854,4.070,4.077,4.070,4.069,4.066,4.069,4.067,-59.205,1566.000
3.851,3.851,3.852,3.851,3.851,3.845,3.848,4.065,4.061,4.069,4.064,4.073,4.066,4.072,-58.549,1567.000
3.851,3.852,3.849,3.854,3.850,3.860,3.847,4.069,4.066,4.066,4.068,4.067,4.064,4.069,-58.187,1568.000
3.858,3.847,3.851,3.845,3.850,3.850,3.850,4.069,4.067,4.073,4.066,4.069,4.071,4.073,-58.258,1569.000
3.853,3.854,3.851,3.854,3.853,3.852,3.850,4.074,4.072,4.072,4.077,4.072,4.073,4.075,-58.387,1570.000
3.859,3.853,3.854,3.853,3.856,3.853,3.851,4.073,4.074,4.078,4.077,4.073,4.074,4.072,-58.514,1571.000
3.848,3.855,3.855,3.858,3.853,3.855,3.847,4.074,4.073,4.069,4.067,4.071,4.071,4.078,-58.589,1572.000
3.858,3.852,3.853,3.853,3.856,3.852,3.858,4.073,4.070,4.078,4.069,4.073,4.073,4.071,-59.098,1573.000
3.860,3.859,3.852,3.859,3.857,3.856,3.854,4.071,4.075,4.074,4.073,4.075,4.075,4.068,-59.134,1574.000
3.856,3.857,3.853,3.853,3.850,3.853,3.859,4.073,4.081,4.079,4.077,4.074,4.078,4.083,-58.982,1575.000
3.858,3.856,3.853,3.854,3.858,3.855,3.859,4.075,4.072,4.071,4.080,4.079,4.068,4.078,-58.900,1576.000
3.861,3.857,3.853,3.857,3.852,3.857,3.858,4.077,4.079,4.073,4.079,4.075,4.077,4.075,-59.180,1577.000
3.858,3.851,3.861,3.859,3.855,3.857,3.858,4.077,4.077,4.075,4.078,4.076,4.077,4.078,-59.207,1578.000
3.859,3.860,3.860,3.863,3.857,3.852,3.864,4.077,4.074,4.077,4.076,4.080,4.078,4.082,-59.183,1579.000
3.854,3.860,3.863,3.854,3.851,3.856,3.858,4.074,4.077,4.077,4.067,4.077,4.073,4.075,-59.250,1580.000
3.856,3.857,3.858,3.855,3.862,3.858,3.852,4.076,4.078,4.071,4.076,4.081,4.078,4.081,-59.102,1581.000
3.858,3.858,3.863,3.854,3.864,3.861,3.859,4.075,4.068,4.076,4.077,4.078,4.077,4.079,-59.195,1582.000
3.859,3.853,3.858,3.858,3.860,3.858,3.855,4.073,4.075,4.076,4.078,4.078,4.077,4.079,-59.291,1583.000
3.857,3.862,3.856,3.860,3.856,3.860,3.859,4.075,4.083,4.077,4.080,4.074,4.076,4.080,-59.450,1584.000
3.862,3.861,3.862,3.858,3.862,3.862,3.860,4.082,4.077,4.085,4.080,4.078,4.076,4.082,-59.343,1585.000
3.858,3.860,3.864,3.860,3.863,3.860,3.864,4.083,4.085,4.082,4.075,4.079,4.079,4.083,-59.230,1586.000
3.863,3.865,3.863,3.867,3.866,3.865,3.863,4.082,4.083,4.088,4.082,4.090,4.080,4.073,-59.026,1587.000
3.861,3.862,3.862,3.863,3.861,3.859,3.861,4.081,4.085,4.088,4.081,4.087,4.080,4.081,-59.299,1588.000
3.863,3.865,3.867,3.864,3.863,3.858,3.863,4.079,4.084,4.086,4.086,4.085,4.087,4.084,-58.997,1589.000
3.867,3.863,3.861,3.863,3.862,3.859,3.865,4.091,4.085,4.088,4.084,4.086,4.083,4.077,-58.836,1590.000
3.861,3.862,3.859,3.864,3.854,3.865,3.862,4.077,4.081,4.085,4.083,4.086,4.084,4.087,-58.865,1591.000
3.867,3.866,3.864,3.866,3.863,3.869,3.858,4.087,4.084,4.085,4.088,4.083,4.086,4.082,-58.615,1592.000
3.864,3.865,3.863,3.866,3.862,3.860,3.864,4.084,4.084,4.088,4.087,4.083,4.081,4.088,-58.789,1593.000
3.858,3.861,3.866,3.869,3.857,3.868,3.855,4.085,4.085,4.080,4.084,4.087,4.081,4.087,-58.756,1594.000
3.862,3.856,3.868,3.863,3.860,3.863,3.858,4.081,4.085,4.085,4.084,4.080,4.093,4.086,-58.851,1595.000
3.862,3.862,3.858,3.860,3.862,3.864,3.855,4.084,4.087,4.086,4.090,4.081,4.080,4.085,-58.988,1596.000
3.861,3.862,3.858,3.859,3.856,3.858,3.858,4.083,4.088,4.080,4.083,4.083,4.079,4.079,-58.867,1597.000
3.864,3.859,3.861,3.861,3.866,3.858,3.869,4.083,4.071,4.080,4.078,4.080,4.087,4.085,-58.997,1598.000
3.864,3.862,3.868,3.856,3.859,3.857,3.864,4.084,4.082,4.083,4.082,4.085,4.084,4.082,-59.151,1599.000
3.866,3.863,3.867,3.864,3.865,3.867,3.866,4.086,4.090,4.079,4.083,4.086,4.086,4.088,-59.052,1600.000
3.861,3.869,3.863,3.868,3.868,3.867,3.864,4.083,4.085,4.085,4.093,4.090,4.085,4.082,-58.947,1601.000
3.863,3.865,3.870,3.870,3.867,3.867,3.864,4.086,4.086,4.084,4.081,4.088,4.080,4.085,-59.095,1602.000
3.864,3.867,3.863,3.871,3.861,3.868,3.866,4.087,4.088,4.084,4.087,4.091,4.079,4.087,-59.192,1603.000
3.864,3.866,3.858,3.869,3.868,3.862,3.865,4.084,4.084,4.086,4.088,4.086,4.089,4.090,-59.113,1604.000
3.864,3.868,3.867,3.862,3.865,3.866,3.863,4.086,4.087,4.086,4.084,4.086,4.087,4.080,-59.077,1605.000
3.866,3.866,3.868,3.869,3.867,3.861,3.864,4.090,4.085,4.087,4.087,4.089,4.087,4.085,-59.232,1606.000
3.870,3.865,3.866,3.866,3.865,3.864,3.872,4.088,4.085,4.086,4.094,4.085,4.088,4.090,-59.169,1607.000
3.869,3.866,3.867,3.868,3.867,3.865,3.864,4.085,4.089,4.093,4.090,4.086,4.085,4.091,-59.019,1608.000
3.863,3.867,3.865,3.865,3.866,3.862,3.871,4.084,4.088,4.084,4.088,4.087,4.093,4.088,-59.046,1609.000
3.864,3.869,3.869,3.869,3.867,3.868,3.869,4.090,4.086,4.091,4.084,4.089,4.087,4.097,-59.392,1610.000
3.879,3.867,3.872,3.874,3.868,3.868,3.873,4.093,4.096,4.092,4.101,4.096,4.089,4.095,-58.985,1611.000
3.873,3.875,3.870,3.868,3.872,3.873,3.865,4.092,4.093,4.096,4.084,4.087,4.086,4.086,-59.160,1612.000
3.870,3.868,3.867,3.865,3.867,3.864,3.870,4.092,4.090,4.092,4.087,4.096,4.092,4.090,-59.142,1613.000
3.870,3.868,3.868,3.873,3.870,3.871,3.874,4.090,4.091,4.095,4.086,4.098,4.093,4.092,-59.036,1614.000
3.870,3.873,3.872,3.876,3.872,3.872,3.873,4.097,4.091,4.098,4.096,4.095,4.092,4.092,-58.815,1615.000
3.870,3.870,3.872,3.869,3.870,3.871,3.871,4.095,4.095,4.099,4.092,4.094,4.098,4.099,-59.234,1616.000
3.875,3.864,3.869,3.872,3.870,3.870,3.870,4.096,4.096,4.094,4.094,4.094,4.102,4.100,-59.209,1617.000
3.875,3.874,3.871,3.869,3.877,3.872,3.876,4.096,4.102,4.101,4.096,4.095,4.101,4.098,-59.265,1618.000
3.868,3.879,3.872,3.877,3.872,3.878,3.868,4.102,4.095,4.097,4.099,4.097,4.104,4.102,-59.205,1619.000
3.880,3.876,3.877,3.871,3.871,3.876,3.881,4.094,4.100,4.101,4.099,4.093,4.102,4.097,-59.174,1620.000
3.873,3.879,3.873,3.870,3.871,3.876,3.873,4.097,4.100,4.096,4.102,4.106,4.096,4.099,-59.299,1621.000
3.874,3.874,3.871,3.872,3.877,3.873,3.871,4.093,4.098,4.093,4.097,4.100,4.099,4.095,-59.153,1622.000
3.872,3.876,3.876,3.876,3.875,3.872,3.873,4.096,4.093,4.095,4.099,4.098,4.094,4.095,-59.059,1623.000
3.872,3.870,3.871,3.875,3.874,3.874,3.874,4.096,4.104,4.098,4.092,4.100,4.097,4.090,-58.919,1624.000
3.869,3.869,3.872,3.875,3.876,3.871,3.869,4.094,4.095,4.097,4.100,4.090,4.093,4.094,-59.027,1625.000
3.871,3.876,3.868,3.874,3.872,3.877,3.875,4.095,4.093,4.094,4.098,4.100,4.092,4.098,-59.028,1626.000
3.874,3.868,3.874,3.875,3.873,3.877,3.879,4.097,4.100,4.095,4.095,4.095,4.097,4.097,-59.267,1627.000
3.865,3.871,3.872,3.870,3.872,3.872,3.874,4.087,4.095,4.092,4.086,4.097,4.094,4.098,-59.140,1628.000
3.873,3.871,3.867,3.867,3.871,3.870,3.868,4.097,4.096,4.099,4.097,4.099,4.100,4.096,-59.144,1629.000
3.872,3.871,3.872,3.879,3.872,3.875,3.867,4.090,4.103,4.099,4.101,4.092,4.096,4.097,-58.950,1630.000
3.868,3.869,3.870,3.880,3.874,3.871,3.869,4.098,4.095,4.097,4.095,4.095,4.093,4.096,-58.890,1631.000
3.870,3.874,3.871,3.872,3.872,3.867,3.869,4.097,4.090,4.090,4.093,4.098,4.099,4.099,-59.017,1632.000
3.874,3.873,3.881,3.876,3.878,3.877,3.875,4.111,4.098,4.101,4.095,4.098,4.104,4.100,-58.936,1633.000
3.877,3.874,3.878,3.870,3.867,3.871,3.873,4.097,4.097,4.097,4.098,4.104,4.097,4.097,-58.958,1634.000
3.870,3.877,3.878,3.873,3.870,3.875,3.876,4.098,4.098,4.099,4.101,4.102,4.098,4.097,-58.971,1635.000
3.875,3.875,3.874,3.876,3.877,3.871,3.876,4.096,4.104,4.099,4.096,4.092,4.096,4.100,-59.442,1636.000
3.872,3.874,3.877,3.878,3.873,3.876,3.877,4.095,4.101,4.104,4.098,4.092,4.092,4.099,-59.476,1637.000
3.872,3.873,3.878,3.871,3.875,3.872,3.879,4.092,4.094,4.097,4.100,4.099,4.093,4.094,-59.565,1638.000
3.873,3.871,3.878,3.876,3.875,3.872,3.872,4.091,4.094,4.098,4.093,4.100,4.092,4.093,-59.324,1639.000
3.875,3.874,3.875,3.877,3.875,3.880,3.875,4.095,4.097,4.095,4.101,4.098,4.092,4.096,-59.333,1640.000
3.876,3.877,3.880,3.872,3.871,3.879,3.880,4.094,4.095,4.098,4.097,4.094,4.087,4.096,-59.470,1641.000
3.880,3.877,3.878,3.878,3.875,3.880,3.878,4.098,4.101,4.106,4.096,4.090,4.101,4.092,-59.528,1642.000
3.878,3.874,3.879,3.876,3.884,3.879,3.874,4.093,4.094,4.096,4.097,4.095,4.095,4.098,-59.311,1643.000
3.874,3.873,3.874,3.876,3.871,3.879,3.878,4.101,4.103,4.096,4.098,4.100,4.096,4.090,-59.156,1644.000
3.880,3.876,3.881,3.881,3.878,3.882,3.874,4.103,4.104,4.103,4.095,4.092,4.097,4.095,-59.307,1645.000
3.879,3.880,3.878,3.873,3.882,3.878,3.879,4.104,4.100,4.102,4.094,4.098,4.095,4.099,-59.091,1646.000
3.881,3.881,3.879,3.880,3.882,3.878,3.886,4.101,4.094,4.095,4.090,4.099,4.097,4.103,-58.978,1647.000
3.884,3.881,3.885,3.875,3.886,3.881,3.881,4.101,4.100,4.098,4.100,4.093,4.105,4.107,-58.976,1648.000
3.876,3.884,3.880,3.885,3.880,3.877,3.881,4.104,4.091,4.103,4.095,4.103,4.101,4.096,-58.720,1649.000
3.885,3.883,3.882,3.877,3.887,3.880,3.879,4.104,4.100,4.102,4.099,4.102,4.100,4.102,-58.797,1650.000
3.887,3.876,3.884,3.883,3.884,3.884,3.881,4.103,4.109,4.105,4.101,4.102,4.102,4.099,-58.838,1651.000
3.887,3.884,3.886,3.886,3.885,3.882,3.887,4.100,4.104,4.103,4.102,4.099,4.096,4.101,-59.340,1652.000
3.876,3.882,3.880,3.883,3.885,3.879,3.884,4.102,4.104,4.109,4.103,4.101,4.100,4.102,-59.166,1653.000
3.881,3.883,3.878,3.883,3.888,3.888,3.881,4.100,4.107,4.104,4.103,4.102,4.103,4.103,-59.313,1654.000
3.884,3.880,3.881,3.888,3.891,3.884,3.882,4.108,4.106,4.106,4.105,4.104,4.102,4.103,-59.073,1655.000
3.885,3.885,3.886,3.885,3.884,3.882,3.883,4.102,4.105,4.106,4.103,4.102,4.101,4.106,-59.116,1656.000
3.885,3.885,3.887,3.885,3.884,3.883,3.884,4.109,4.107,4.111,4.109,4.104,4.104,4.107,-59.170,1657.000
3.883,3.886,3.881,3.885,3.889,3.889,3.886,4.099,4.111,4.108,4.110,4.108,4.104,4.100,-59.144,1658.000
3.884,3.896,3.893,3.890,3.885,3.888,3.888,4.108,4.119,4.113,4.112,4.111,4.111,4.113,-58.749,1659.000
3.889,3.890,3.891,3.887,3.888,3.888,3.890,4.109,4.109,4.110,4.115,4.113,4.108,4.114,-59.050,1660.000
3.887,3.886,3.887,3.883,3.888,3.886,3.884,4.111,4.107,4.108,4.106,4.113,4.104,4.114,-58.982,1661.000
3.883,3.882,3.888,3.882,3.883,3.891,3.881,4.111,4.114,4.112,4.100,4.103,4.112,4.101,-59.169,1662.000
3.881,3.890,3.883,3.889,3.881,3.888,3.884,4.105,4.103,4.105,4.104,4.103,4.106,4.112,-59.081,1663.000
3.882,3.878,3.884,3.884,3.886,3.884,3.886,4.107,4.112,4.102,4.101,4.108,4.102,4.107,-58.854,1664.000
3.879,3.884,3.877,3.881,3.879,3.882,3.880,4.106,4.100,4.101,4.106,4.099,4.097,4.102,-58.899,1665.000
3.885,3.880,3.882,3.879,3.886,3.878,3.883,4.107,4.107,4.106,4.099,4.099,4.100,4.093,-59.100,1666.000
3.875,3.882,3.882,3.879,3.886,3.887,3.879,4.102,4.100,4.099,4.096,4.104,4.104,4.103,-59.199,1667.000
3.884,3.881,3.887,3.884,3.883,3.876,3.884,4.103,4.106,4.096,4.103,4.102,4.106,4.106,-59.241,1668.000
3.885,3.884,3.882,3.884,3.884,3.888,3.888,4.099,4.105,4.102,4.105,4.111,4.104,4.105,-59.178,1669.000
3.890,3.886,3.891,3.886,3.883,3.883,3.889,4.099,4.101,4.105,4.104,4.102,4.099,4.098,-59.313,1670.000
3.886,3.888,3.888,3.886,3.887,3.880,3.886,4.110,4.108,4.109,4.104,4.103,4.102,4.108,-59.374,1671.000
3.899,3.887,3.891,3.888,3.888,3.888,3.885,4.109,4.111,4.102,4.104,4.102,4.106,4.100,-59.203,1672.000
3.891,3.884,3.887,3.893,3.892,3.897,3.891,4.107,4.103,4.105,4.114,4.104,4.111,4.113,-59.262,1673.000
3.891,3.894,3.891,3.882,3.898,3.893,3.894,4.109,4.108,4.105,4.113,4.107,4.108,4.113,-59.166,1674.000
3.889,3.888,3.889,3.893,3.892,3.888,3.892,4.109,4.112,4.115,4.110,4.112,4.106,4.109,-59.220,1675.000
3.900,3.890,3.893,3.896,3.890,3.889,3.900,4.112,4.115,4.110,4.109,4.112,4.117,4.114,-59.120,1676.000
3.889,3.892,3.893,3.890,3.881,3.886,3.891,4.108,4.106,4.111,4.106,4.107,4.110,4.112,-59.152,1677.000
3.893,3.889,3.891,3.899,3.893,3.889,3.895,4.115,4.113,4.118,4.117,4.113,4.113,4.114,-59.327,1678.000
3.886,3.893,3.889,3.895,3.889,3.896,3.891,4.109,4.117,4.113,4.114,4.114,4.117,4.113,-59.515,1679.000
3.895,3.893,3.898,3.891,3.891,3.888,3.890,4.112,4.124,4.112,4.114,4.114,4.113,4.114,-59.215,1680.000
3.889,3.894,3.892,3.885,3.893,3.887,3.893,4.113,4.115,4.113,4.110,4.111,4.109,4.107,-59.249,1681.000
3.892,3.890,3.895,3.892,3.891,3.891,3.897,4.114,4.114,4.108,4.111,4.115,4.117,4.118,-59.235,1682.000
3.895,3.892,3.896,3.894,3.893,3.887,3.892,4.118,4.116,4.105,4.121,4.116,4.112,4.114,-59.123,1683.000
3.898,3.892,3.893,3.888,3.897,3.890,3.893,4.112,4.115,4.108,4.112,4.114,4.111,4.107,-59.000,1684.000
3.898,3.883,3.892,3.896,3.892,3.893,3.896,4.113,4.106,4.114,4.115,4.112,4.115,4.115,-59.034,1685.000
3.898,3.891,3.897,3.890,3.898,3.888,3.891,4.112,4.114,4.107,4.112,4.111,4.113,4.111,-59.114,1686.000
3.893,3.891,3.893,3.896,3.893,3.892,3.892,4.106,4.107,4.108,4.112,4.110,4.112,4.110,-59.369,1687.000
3.898,3.887,3.891,3.891,3.891,3.894,3.889,4.112,4.105,4.109,4.107,4.114,4.111,4.116,-59.232,1688.000
3.895,3.889,3.888,3.893,3.888,3.893,3.894,4.115,4.113,4.103,4.114,4.116,4.105,4.113,-59.211,1689.000
3.895,3.891,3.890,3.891,3.894,3.893,3.890,4.113,4.109,4.109,4.108,4.111,4.107,4.103,-59.028,1690.000
3.895,3.894,3.894,3.885,3.896,3.891,3.895,4.116,4.114,4.115,4.107,4.106,4.111,4.113,-59.082,1691.000
3.892,3.893,3.888,3.899,3.895,3.894,3.894,4.114,4.117,4.114,4.116,4.120,4.115,4.118,-59.198,1692.000
3.887,3.889,3.890,3.897,3.897,3.893,3.896,4.108,4.113,4.114,4.113,4.115,4.113,4.109,-59.073,1693.000
3.889,3.893,3.893,3.896,3.895,3.894,3.900,4.114,4.117,4.110,4.115,4.113,4.112,4.118,-59.394,1694.000
3.895,3.890,3.889,3.888,3.894,3.892,3.892,4.117,4.112,4.115,4.110,4.112,4.108,4.118,-59.409,1695.000
3.892,3.893,3.892,3.888,3.893,3.891,3.899,4.112,4.114,4.114,4.114,4.118,4.116,4.111,-59.327,1696.000
3.891,3.888,3.888,3.897,3.888,3.894,3.894,4.115,4.114,4.112,4.113,4.115,4.112,4.112,-59.254,1697.000
3.891,3.895,3.886,3.893,3.892,3.890,3.887,4.105,4.106,4.107,4.111,4.113,4.118,4.120,-59.010,1698.000
3.894,3.890,3.900,3.897,3.895,3.894,3.891,4.115,4.110,4.118,4.121,4.117,4.117,4.109,-58.961,1699.000
3.892,3.894,3.888,3.886,3.899,3.883,3.890,4.116,4.117,4.122,4.112,4.112,4.117,4.124,-58.942,1700.000
3.890,3.901,3.897,3.893,3.897,3.890,3.893,4.114,4.119,4.117,4.115,4.115,4.116,4.116,-58.973,1701.000
3.889,3.897,3.890,3.897,3.893,3.894,3.891,4.122,4.115,4.113,4.118,4.112,4.115,4.114,-58.879,1702.000
3.894,3.889,3.894,3.893,3.888,3.895,3.894,4.117,4.112,4.114,4.115,4.119,4.120,4.110,-58.922,1703.000
3.895,3.891,3.892,3.888,3.893,3.891,3.890,4.112,4.112,4.116,4.117,4.117,4.117,4.120,-58.986,1704.000
3.884,3.889,3.888,3.886,3.892,3.884,3.887,4.112,4.117,4.107,4.115,4.110,4.113,4.111,-59.117,1705.000
3.889,3.885,3.889,3.889,3.888,3.889,3.887,4.118,4.113,4.112,4.108,4.110,4.117,4.106,-58.918,1706.000
3.884,3.891,3.886,3.886,3.888,3.887,3.895,4.106,4.111,4.107,4.101,4.105,4.110,4.102,-58.886,1707.000
3.893,3.879,3.887,3.885,3.881,3.885,3.885,4.108,4.108,4.103,4.102,4.103,4.102,4.105,-58.814,1708.000
3.889,3.885,3.885,3.879,3.880,3.887,3.881,4.104,4.105,4.110,4.099,4.110,4.109,4.105,-58.936,1709.000
3.880,3.886,3.879,3.880,3.881,3.888,3.881,4.100,4.112,4.107,4.105,4.107,4.111,4.106,-59.216,1710.000
3.885,3.888,3.884,3.886,3.883,3.882,3.882,4.108,4.102,4.103,4.107,4.105,4.105,4.105,-59.254,1711.000
3.889,3.890,3.884,3.887,3.884,3.882,3.881,4.110,4.109,4.114,4.116,4.110,4.106,4.108,-59.298,1712.000
3.888,3.890,3.882,3.884,3.893,3.887,3.889,4.117,4.111,4.106,4.108,4.106,4.106,4.107,-59.307,1713.000
3.890,3.891,3.888,3.894,3.883,3.893,3.889,4.111,4.115,4.111,4.110,4.112,4.107,4.104,-59.306,1714.000
3.890,3.891,3.890,3.893,3.885,3.889,3.891,4.108,4.108,4.109,4.109,4.109,4.110,4.111,-59.407,1715.000
3.896,3.893,3.890,3.891,3.885,3.888,3.888,4.108,4.117,4.106,4.108,4.110,4.104,4.108,-59.291,1716.000
3.890,3.891,3.885,3.888,3.888,3.884,3.884,4.111,4.107,4.109,4.111,4.106,4.113,4.113,-59.305,1717.000
3.891,3.890,3.896,3.889,3.889,3.900,3.894,4.111,4.114,4.112,4.110,4.111,4.118,4.117,-59.284,1718.000
3.898,3.893,3.890,3.890,3.892,3.893,3.888,4.110,4.115,4.105,4.114,4.114,4.117,4.113,-59.376,1719.000
3.891,3.891,3.888,3.889,3.894,3.890,3.897,4.105,4.110,4.112,4.106,4.110,4.117,4.116,-59.409,1720.000
3.889,3.894,3.895,3.888,3.895,3.894,3.894,4.113,4.116,4.111,4.106,4.111,4.106,4.120,-59.335,1721.000
3.895,3.895,3.895,3.898,3.893,3.893,3.893,4.111,4.110,4.120,4.116,4.108,4.115,4.113,-59.084,1722.000
3.891,3.896,3.891,3.896,3.896,3.894,3.897,4.116,4.117,4.117,4.114,4.118,4.116,4.119,-59.097,1723.000
3.890,3.891,3.897,3.891,3.889,3.891,3.893,4.113,4.116,4.112,4.113,4.115,4.123,4.115,-58.966,1724.000
3.893,3.893,3.893,3.891,3.892,3.900,3.893,4.123,4.126,4.125,4.120,4.119,4.107,4.113,-59.022,1725.000
3.892,3.888,3.893,3.896,3.894,3.898,3.894,4.113,4.114,4.115,4.113,4.120,4.119,4.119,-59.188,1726.000
3.894,3.893,3.892,3.892,3.894,3.896,3.894,4.116,4.112,4.118,4.114,4.121,4.119,4.111,-59.283,1727.000
3.896,3.895,3.893,3.891,3.898,3.893,3.893,4.115,4.115,4.113,4.115,4.105,4.110,4.118,-59.470,1728.000
3.890,3.893,3.887,3.891,3.889,3.895,3.890,4.113,4.114,4.108,4.113,4.111,4.113,4.109,-59.496,1729.000
3.891,3.885,3.896,3.892,3.888,3.895,3.894,4.105,4.109,4.110,4.105,4.103,4.104,4.105,-59.344,1730.000
3.890,3.885,3.896,3.887,3.890,3.889,3.894,4.112,4.106,4.110,4.113,4.110,4.108,4.108,-59.269,1731.000
3.892,3.888,3.893,3.887,3.891,3.890,3.893,4.111,4.113,4.106,4.103,4.108,4.109,4.113,-59.101,1732.000
3.894,3.892,3.890,3.897,3.892,3.894,3.891,4.113,4.115,4.113,4.111,4.107,4.113,4.107,-58.854,1733.000
3.886,3.889,3.890,3.889,3.889,3.897,3.892,4.115,4.120,4.110,4.109,4.111,4.112,4.114,-58.863,1734.000
3.892,3.893,3.894,3.888,3.893,3.893,3.890,4.115,4.107,4.109,4.108,4.108,4.116,4.114,-58.768,1735.000
3.890,3.896,3.883,3.890,3.895,3.890,3.890,4.116,4.110,4.111,4.108,4.114,4.113,4.109,-58.124,1736.000
3.892,3.891,3.898,3.888,3.891,3.892,3.900,4.109,4.117,4.116,4.111,4.112,4.115,4.112,-57.838,1737.000
3.888,3.896,3.892,3.893,3.896,3.895,3.896,4.110,4.112,4.110,4.116,4.112,4.124,4.121,-57.899,1738.000
3.892,3.896,3.898,3.895,3.893,3.893,3.893,4.120,4.116,4.112,4.116,4.115,4.110,4.115,-58.268,1739.000
3.896,3.897,3.896,3.893,3.899,3.899,3.891,4.121,4.122,4.120,4.118,4.116,4.119,4.114,-58.288,1740.000
3.898,3.900,3.903,3.901,3.898,3.897,3.902,4.116,4.119,4.122,4.116,4.122,4.119,4.116,-58.668,1741.000
3.899,3.901,3.902,3.903,3.900,3.898,3.902,4.129,4.132,4.124,4.120,4.119,4.120,4.120,-58.799,1742.000
3.901,3.901,3.898,3.906,3.901,3.899,3.900,4.126,4.123,4.126,4.125,4.125,4.122,4.123,-59.061,1743.000
3.901,3.904,3.895,3.897,3.904,3.899,3.905,4.122,4.121,4.121,4.121,4.122,4.119,4.131,-59.157,1744.000
3.901,3.903,3.901,3.904,3.900,3.899,3.900,4.121,4.123,4.126,4.126,4.121,4.119,4.120,-59.123,1745.000
3.899,3.902,3.896,3.895,3.903,3.899,3.898,4.127,4.121,4.123,4.120,4.114,4.120,4.121,-59.024,1746.000
3.906,3.905,3.895,3.898,3.893,3.901,3.902,4.121,4.127,4.126,4.125,4.123,4.120,4.117,-58.943,1747.000
3.896,3.901,3.897,3.901,3.895,3.897,3.895,4.118,4.122,4.123,4.122,4.117,4.122,4.119,-58.879,1748.000
3.901,3.899,3.897,3.900,3.895,3.899,3.890,4.123,4.123,4.120,4.120,4.115,4.117,4.112,-58.923,1749.000
3.894,3.899,3.901,3.899,3.900,3.897,3.898,4.116,4.115,4.117,4.122,4.108,4.116,4.119,-59.054,1750.000
3.902,3.897,3.895,3.900,3.888,3.905,3.901,4.124,4.118,4.116,4.125,4.120,4.117,4.119,-58.894,1751.000
3.902,3.899,3.902,3.895,3.897,3.896,3.895,4.124,4.117,4.117,4.118,4.116,4.119,4.115,-59.006,1752.000
3.902,3.899,3.894,3.897,3.904,3.897,3.894,4.119,4.124,4.120,4.119,4.120,4.122,4.126,-59.035,1753.000
3.903,3.900,3.901,3.901,3.901,3.896,3.898,4.122,4.121,4.126,4.120,4.120,4.121,4.123,-59.019,1754.000
3.898,3.901,3.909,3.898,3.897,3.899,3.902,4.115,4.121,4.124,4.126,4.129,4.121,4.126,-58.887,1755.000
3.903,3.901,3.903,3.893,3.902,3.899,3.909,4.119,4.128,4.122,4.126,4.130,4.121,4.116,-59.096,1756.000
3.902,3.903,3.898,3.902,3.894,3.895,3.905,4.126,4.127,4.126,4.125,4.120,4.125,4.120,-59.107,1757.000
3.911,3.905,3.905,3.908,3.901,3.905,3.899,4.120,4.126,4.127,4.125,4.132,4.131,4.129,-59.050,1758.000
3.904,3.903,3.899,3.903,3.901,3.907,3.906,4.119,4.122,4.122,4.122,4.133,4.127,4.122,-58.874,1759.000
3.902,3.903,3.906,3.904,3.904,3.906,3.903,4.121,4.122,4.125,4.122,4.125,4.127,4.125,-59.262,1760.000
3.896,3.902,3.900,3.894,3.899,3.902,3.904,4.122,4.121,4.126,4.127,4.124,4.123,4.128,-59.221,1761.000
3.904,3.900,3.901,3.902,3.899,3.901,3.899,4.125,4.118,4.122,4.129,4.125,4.128,4.120,-59.215,1762.000
3.906,3.902,3.901,3.900,3.899,3.901,3.895,4.123,4.125,4.124,4.125,4.116,4.124,4.122,-59.188,1763.000
3.905,3.902,3.896,3.899,3.896,3.902,3.899,4.125,4.118,4.121,4.124,4.122,4.118,4.123,-59.074,1764.000
3.901,3.900,3.896,3.900,3.903,3.899,3.899,4.126,4.117,4.119,4.124,4.127,4.128,4.123,-59.036,1765.000
3.900,3.900,3.898,3.897,3.904,3.900,3.904,4.123,4.125,4.115,4.117,4.121,4.121,4.122,-58.762,1766.000
3.902,3.904,3.906,3.900,3.896,3.904,3.903,4.124,4.123,4.128,4.123,4.126,4.127,4.125,-58.829,1767.000
3.904,3.896,3.902,3.901,3.905,3.903,3.902,4.125,4.128,4.124,4.125,4.122,4.124,4.125,-58.922,1768.000
3.899,3.899,3.898,3.907,3.901,3.902,3.902,4.127,4.126,4.117,4.125,4.123,4.125,4.122,-58.907,1769.000
3.905,3.901,3.902,3.904,3.906,3.901,3.906,4.129,4.124,4.127,4.124,4.125,4.128,4.124,-58.940,1770.000
3.899,3.901,3.906,3.902,3.905,3.899,3.905,4.124,4.126,4.133,4.128,4.125,4.124,4.126,-58.955,1771.000
3.903,3.907,3.904,3.904,3.904,3.904,3.903,4.126,4.124,4.125,4.123,4.125,4.129,4.123,-58.932,1772.000
3.901,3.901,3.900,3.907,3.897,3.905,3.901,4.115,4.117,4.121,4.125,4.126,4.127,4.122,-59.288,1773.000
3.895,3.898,3.897,3.902,3.895,3.899,3.904,4.120,4.117,4.112,4.128,4.125,4.124,4.125,-59.108,1774.000
3.906,3.898,3.903,3.903,3.897,3.902,3.897,4.123,4.115,4.125,4.123,4.122,4.128,4.124,-59.249,1775.000
3.900,3.900,3.903,3.894,3.901,3.904,3.899,4.125,4.121,4.119,4.120,4.120,4.127,4.124,-59.185,1776.000
3.902,3.899,3.901,3.896,3.902,3.901,3.903,4.126,4.125,4.126,4.120,4.123,4.129,4.126,-59.253,1777.000
3.900,3.899,3.904,3.898,3.905,3.904,3.894,4.126,4.128,4.127,4.130,4.122,4.126,4.123,-59.213,1778.000
3.902,3.900,3.906,3.908,3.909,3.903,3.907,4.127,4.122,4.124,4.123,4.129,4.124,4.131,-59.354,1779.000
3.904,3.906,3.902,3.901,3.901,3.906,3.903,4.129,4.122,4.114,4.128,4.125,4.131,4.131,-59.216,1780.000
3.912,3.900,3.899,3.905,3.905,3.901,3.902,4.122,4.128,4.120,4.129,4.124,4.127,4.125,-58.975,1781.000
3.898,3.900,3.900,3.903,3.907,3.901,3.898,4.121,4.124,4.126,4.121,4.120,4.123,4.122,-58.926,1782.000
3.898,3.903,3.899,3.908,3.901,3.905,3.904,4.125,4.131,4.123,4.125,4.122,4.125,4.125,-58.753,1783.000
3.902,3.902,3.898,3.899,3.898,3.901,3.904,4.127,4.121,4.123,4.122,4.123,4.121,4.121,-58.724,1784.000
3.903,3.908,3.904,3.905,3.893,3.905,3.910,4.125,4.129,4.129,4.129,4.127,4.125,4.130,-58.780,1785.000
3.902,3.906,3.903,3.902,3.904,3.907,3.904,4.126,4.126,4.127,4.121,4.122,4.123,4.125,-58.891,1786.000
3.907,3.902,3.908,3.902,3.901,3.900,3.901,4.132,4.130,4.131,4.119,4.124,4.130,4.118,-59.131,1787.000
3.902,3.905,3.901,3.905,3.902,3.906,3.904,4.128,4.128,4.121,4.121,4.133,4.126,4.131,-59.001,1788.000
3.906,3.904,3.907,3.902,3.909,3.908,3.907,4.123,4.123,4.126,4.129,4.130,4.130,4.132,-58.860,1789.000
3.912,3.905,3.911,3.904,3.913,3.904,3.907,4.138,4.138,4.132,4.127,4.133,4.127,4.130,-59.130,1790.000
3.907,3.905,3.908,3.910,3.909,3.905,3.907,4.132,4.138,4.124,4.125,4.126,4.130,4.130,-59.028,1791.000
3.912,3.906,3.903,3.905,3.912,3.909,3.907,4.138,4.131,4.134,4.140,4.134,4.133,4.134,-59.085,1792.000
3.913,3.909,3.903,3.905,3.910,3.910,3.908,4.136,4.131,4.137,4.130,4.133,4.128,4.139,-59.283,1793.000
3.915,3.914,3.906,3.906,3.907,3.904,3.911,4.131,4.134,4.136,4.136,4.129,4.132,4.134,-59.238,1794.000
3.912,3.918,3.910,3.911,3.912,3.914,3.910,4.133,4.131,4.136,4.133,4.139,4.135,4.133,-58.963,1795.000
3.908,3.912,3.909,3.912,3.913,3.907,3.908,4.131,4.134,4.132,4.135,4.140,4.135,4.134,-59.005,1796.000
3.916,3.914,3.917,3.914,3.915,3.909,3.910,4.139,4.138,4.136,4.138,4.137,4.138,4.132,-59.135,1797.000
3.912,3.910,3.911,3.911,3.907,3.913,3.910,4.134,4.135,4.134,4.137,4.134,4.134,4.138,-59.162,1798.000
3.911,3.911,3.911,3.909,3.914,3.909,3.914,4.136,4.134,4.138,4.141,4.131,4.132,4.131,-59.123,1799.000
3.907,3.907,3.917,3.913,3.912,3.909,3.912,4.132,4.133,4.134,4.143,4.133,4.142,4.130,-58.933,1800.000
3.915,3.913,3.908,3.906,3.907,3.908,3.906,4.130,4.131,4.134,4.138,4.133,4.134,4.133,-58.667,1801.000
3.910,3.911,3.912,3.912,3.909,3.909,3.911,4.133,4.132,4.132,4.132,4.136,4.136,4.129,-58.758,1802.000
3.905,3.913,3.908,3.913,3.910,3.912,3.911,4.130,4.127,4.135,4.141,4.135,4.137,4.133,-59.042,1803.000
3.906,3.913,3.909,3.913,3.909,3.915,3.919,4.137,4.134,4.137,4.139,4.138,4.143,4.141,-58.869,1804.000
3.912,3.913,3.913,3.910,3.912,3.922,3.913,4.138,4.141,4.141,4.138,4.137,4.138,4.130,-58.919,1805.000
3.919,3.915,3.911,3.917,3.910,3.915,3.910,4.138,4.138,4.138,4.137,4.141,4.141,4.138,-59.275,1806.000
3.915,3.921,3.916,3.915,3.909,3.920,3.913,4.136,4.142,4.142,4.141,4.136,4.142,4.140,-59.375,1807.000
3.918,3.917,3.913,3.918,3.923,3.915,3.921,4.141,4.140,4.148,4.143,4.143,4.143,4.144,-59.185,1808.000
3.921,3.920,3.919,3.915,3.917,3.921,3.918,4.144,4.141,4.137,4.145,4.147,4.141,4.137,-59.103,1809.000
3.921,3.916,3.918,3.919,3.920,3.919,3.921,4.139,4.141,4.143,4.140,4.144,4.144,4.147,-59.070,1810.000
3.922,3.918,3.922,3.921,3.920,3.923,3.926,4.149,4.146,4.146,4.149,4.146,4.148,4.147,-59.003,1811.000
3.923,3.923,3.923,3.920,3.923,3.920,3.925,4.143,4.144,4.141,4.151,4.147,4.148,4.147,-58.972,1812.000
3.919,3.918,3.918,3.917,3.918,3.923,3.923,4.144,4.141,4.141,4.141,4.144,4.149,4.149,-58.943,1813.000
3.918,3.920,3.922,3.924,3.924,3.919,3.924,4.143,4.146,4.146,4.145,4.151,4.147,4.141,-59.171,1814.000
3.916,3.918,3.920,3.915,3.925,3.921,3.916,4.147,4.140,4.149,4.144,4.143,4.141,4.147,-59.117,1815.000
3.924,3.922,3.924,3.920,3.920,3.924,3.919,4.144,4.147,4.146,4.141,4.146,4.146,4.147,-58.994,1816.000
3.916,3.921,3.920,3.921,3.916,3.921,3.919,4.148,4.150,4.145,4.151,4.145,4.141,4.146,-59.026,1817.000
3.917,3.921,3.914,3.920,3.924,3.924,3.921,4.150,4.146,4.147,4.148,4.143,4.144,4.155,-59.172,1818.000
3.920,3.923,3.912,3.923,3.924,3.920,3.917,4.151,4.142,4.147,4.151,4.150,4.141,4.143,-59.303,1819.000
3.928,3.918,3.922,3.922,3.920,3.917,3.917,4.143,4.145,4.151,4.147,4.144,4.145,4.145,-59.209,1820.000
3.918,3.922,3.917,3.915,3.921,3.924,3.917,4.146,4.147,4.154,4.145,4.144,4.142,4.139,-59.103,1821.000
3.919,3.922,3.915,3.923,3.922,3.920,3.920,4.144,4.145,4.150,4.145,4.141,4.147,4.151,-59.044,1822.000
3.915,3.924,3.921,3.920,3.922,3.915,3.920,4.146,4.144,4.147,4.145,4.146,4.148,4.147,-58.874,1823.000
3.919,3.921,3.925,3.920,3.917,3.922,3.925,4.151,4.144,4.144,4.145,4.144,4.146,4.142,-58.829,1824.000
3.925,3.919,3.917,3.920,3.924,3.921,3.916,4.150,4.144,4.146,4.147,4.149,4.147,4.151,-58.833,1825.000
3.919,3.928,3.922,3.924,3.917,3.923,3.924,4.144,4.145,4.149,4.148,4.146,4.148,4.149,-58.774,1826.000
3.924,3.919,3.925,3.920,3.914,3.924,3.922,4.147,4.142,4.146,4.148,4.147,4.152,4.148,-58.942,1827.000
3.923,3.921,3.919,3.922,3.922,3.921,3.925,4.150,4.145,4.152,4.150,4.156,4.147,4.151,-59.046,1828.000
3.925,3.923,3.928,3.924,3.925,3.920,3.919,4.147,4.150,4.144,4.152,4.150,4.151,4.148,-58.896,1829.000
3.920,3.925,3.920,3.927,3.922,3.928,3.921,4.148,4.153,4.152,4.150,4.150,4.149,4.148,-58.782,1830.000
3.921,3.921,3.919,3.928,3.918,3.923,3.924,4.148,4.145,4.148,4.151,4.145,4.145,4.147,-58.664,1831.000
3.921,3.923,3.923,3.921,3.924,3.925,3.926,4.148,4.151,4.160,4.143,4.147,4.145,4.145,-58.684,1832.000
3.931,3.923,3.928,3.921,3.926,3.924,3.928,4.148,4.142,4.152,4.143,4.152,4.149,4.149,-58.781,1833.000
3.919,3.923,3.928,3.918,3.923,3.923,3.919,4.148,4.148,4.149,4.150,4.144,4.145,4.144,-58.692,1834.000
3.920,3.920,3.918,3.915,3.922,3.913,3.920,4.145,4.149,4.143,4.145,4.141,4.145,4.142,-58.650,1835.000
3.925,3.926,3.920,3.926,3.926,3.924,3.917,4.146,4.148,4.148,4.145,4.144,4.148,4.143,-58.690,1836.000
3.918,3.919,3.923,3.924,3.920,3.923,3.922,4.141,4.144,4.145,4.145,4.149,4.148,4.150,-58.894,1837.000
3.922,3.927,3.926,3.921,3.920,3.925,3.919,4.143,4.145,4.144,4.140,4.141,4.145,4.147,-58.802,1838.000
3.918,3.923,3.920,3.926,3.923,3.925,3.923,4.148,4.146,4.145,4.149,4.150,4.146,4.146,-58.917,1839.000
3.916,3.917,3.919,3.926,3.923,3.921,3.920,4.149,4.144,4.144,4.138,4.140,4.144,4.139,-58.832,1840.000
3.919,3.921,3.923,3.917,3.920,3.913,3.927,4.145,4.142,4.143,4.142,4.136,4.144,4.138,-58.635,1841.000
3.913,3.918,3.918,3.920,3.920,3.914,3.921,4.139,4.140,4.139,4.141,4.138,4.135,4.139,-58.019,1842.000
3.920,3.920,3.919,3.923,3.915,3.918,3.913,4.142,4.139,4.144,4.138,4.140,4.143,4.136,-57.869,1843.000
3.917,3.918,3.919,3.918,3.919,3.918,3.922,4.143,4.141,4.137,4.144,4.143,4.138,4.136,-58.294,1844.000
3.916,3.920,3.918,3.916,3.923,3.915,3.918,4.139,4.142,4.140,4.140,4.136,4.147,4.137,-58.473,1845.000
3.917,3.919,3.922,3.919,3.925,3.914,3.921,4.144,4.143,4.142,4.140,4.146,4.139,4.141,-58.592,1846.000
3.924,3.927,3.918,3.918,3.918,3.929,3.921,4.143,4.140,4.143,4.133,4.142,4.144,4.140,-58.611,1847.000
3.919,3.922,3.921,3.920,3.928,3.920,3.925,4.143,4.147,4.149,4.145,4.144,4.141,4.144,-58.526,1848.000
3.923,3.918,3.924,3.919,3.919,3.920,3.921,4.143,4.144,4.144,4.145,4.145,4.147,4.137,-59.128,1849.000
3.922,3.925,3.926,3.922,3.926,3.924,3.924,4.145,4.141,4.145,4.149,4.152,4.145,4.145,-59.063,1850.000
3.923,3.923,3.926,3.926,3.924,3.927,3.928,4.142,4.144,4.146,4.142,4.146,4.145,4.147,-59.103,1851.000
3.925,3.926,3.924,3.931,3.926,3.927,3.925,4.152,4.145,4.145,4.148,4.146,4.149,4.142,-59.200,1852.000
3.922,3.922,3.923,3.926,3.921,3.922,3.924,4.145,4.149,4.145,4.146,4.148,4.143,4.146,-59.277,1853.000
3.925,3.927,3.923,3.931,3.921,3.925,3.928,4.141,4.145,4.149,4.150,4.149,4.151,4.147,-58.995,1854.000
3.921,3.918,3.927,3.923,3.923,3.918,3.920,4.147,4.145,4.145,4.141,4.145,4.145,4.146,-58.817,1855.000
3.930,3.925,3.931,3.930,3.920,3.924,3.920,4.147,4.147,4.145,4.146,4.147,4.150,4.148,-58.799,1856.000
3.924,3.930,3.920,3.924,3.927,3.924,3.924,4.146,4.145,4.149,4.150,4.144,4.149,4.144,-58.751,1857.000
3.920,3.919,3.928,3.918,3.921,3.929,3.925,4.152,4.148,4.147,4.150,4.142,4.150,4.147,-59.036,1858.000
3.924,3.927,3.921,3.924,3.927,3.925,3.921,4.148,4.150,4.155,4.147,4.153,4.153,4.149,-59.113,1859.000
3.925,3.921,3.926,3.930,3.929,3.927,3.929,4.152,4.155,4.153,4.149,4.155,4.148,4.153,-59.111,1860.000
3.924,3.932,3.928,3.931,3.925,3.927,3.930,4.153,4.151,4.153,4.151,4.154,4.158,4.154,-59.003,1861.000
3.930,3.930,3.925,3.926,3.930,3.923,3.925,4.158,4.149,4.153,4.153,4.155,4.152,4.146,-58.924,1862.000
3.931,3.931,3.932,3.930,3.929,3.928,3.927,4.149,4.150,4.151,4.150,4.151,4.148,4.152,-59.007,1863.000
3.929,3.924,3.929,3.927,3.928,3.926,3.928,4.149,4.147,4.150,4.150,4.153,4.148,4.147,-58.994,1864.000
3.929,3.932,3.936,3.933,3.933,3.932,3.928,4.138,4.151,4.149,4.153,4.152,4.154,4.153,-58.826,1865.000
3.935,3.935,3.933,3.929,3.928,3.933,3.929,4.161,4.154,4.151,4.152,4.156,4.150,4.151,-58.871,1866.000
3.932,3.928,3.927,3.929,3.929,3.937,3.926,4.150,4.152,4.149,4.147,4.151,4.148,4.156,-58.940,1867.000
3.926,3.935,3.927,3.929,3.935,3.928,3.927,4.158,4.155,4.155,4.157,4.149,4.156,4.152,-59.137,1868.000
3.930,3.932,3.929,3.928,3.930,3.925,3.930,4.150,4.155,4.149,4.151,4.158,4.153,4.151,-59.100,1869.000
3.932,3.926,3.928,3.925,3.927,3.928,3.930,4.152,4.153,4.150,4.155,4.148,4.149,4.149,-59.289,1870.000
3.930,3.927,3.934,3.933,3.938,3.930,3.930,4.155,4.151,4.154,4.151,4.153,4.154,4.160,-59.550,1871.000
3.933,3.930,3.928,3.932,3.931,3.924,3.929,4.153,4.152,4.153,4.156,4.151,4.154,4.153,-59.481,1872.000
3.925,3.935,3.929,3.928,3.929,3.935,3.930,4.160,4.151,4.154,4.155,4.157,4.151,4.151,-59.180,1873.000
3.927,3.927,3.927,3.936,3.929,3.931,3.930,4.157,4.153,4.161,4.153,4.156,4.155,4.150,-59.273,1874.000
3.925,3.927,3.932,3.935,3.933,3.930,3.932,4.150,4.155,4.154,4.151,4.157,4.153,4.152,-59.174,1875.000
3.932,3.929,3.933,3.936,3.931,3.931,3.931,4.155,4.156,4.155,4.152,4.156,4.156,4.153,-59.326,1876.000
3.931,3.935,3.932,3.934,3.932,3.937,3.936,4.150,4.154,4.152,4.155,4.147,4.154,4.158,-59.054,1877.000
3.932,3.926,3.937,3.935,3.932,3.926,3.937,4.157,4.155,4.154,4.154,4.149,4.156,4.157,-58.964,1878.000
3.934,3.924,3.938,3.930,3.937,3.933,3.935,4.148,4.156,4.156,4.153,4.154,4.155,4.156,-59.075,1879.000
3.928,3.933,3.934,3.930,3.932,3.934,3.935,4.152,4.150,4.163,4.151,4.151,4.155,4.149,-58.869,1880.000
3.936,3.931,3.933,3.927,3.934,3.930,3.932,4.155,4.153,4.149,4.151,4.156,4.151,4.155,-59.198,1881.000
3.928,3.930,3.932,3.931,3.928,3.926,3.925,4.156,4.147,4.156,4.155,4.155,4.147,4.153,-59.202,1882.000
3.940,3.930,3.942,3.932,3.936,3.933,3.931,4.155,4.153,4.157,4.158,4.161,4.152,4.153,-59.136,1883.000
3.938,3.934,3.932,3.936,3.927,3.934,3.932,4.151,4.152,4.148,4.153,4.156,4.160,4.158,-59.022,1884.000
3.937,3.934,3.934,3.934,3.937,3.936,3.936,4.159,4.155,4.156,4.156,4.158,4.160,4.160,-58.822,1885.000
3.937,3.934,3.930,3.934,3.935,3.935,3.930,4.157,4.156,4.152,4.151,4.155,4.155,4.152,-58.993,1886.000
3.936,3.939,3.938,3.934,3.939,3.931,3.934,4.154,4.151,4.152,4.151,4.156,4.160,4.158,-59.044,1887.000
3.940,3.935,3.935,3.934,3.937,3.931,3.939,4.159,4.159,4.156,4.166,4.161,4.158,4.158,-58.795,1888.000
3.932,3.943,3.939,3.939,3.941,3.936,3.936,4.154,4.165,4.159,4.161,4.162,4.161,4.154,-58.832,1889.000
3.941,3.941,3.938,3.934,3.941,3.936,3.940,4.164,4.155,4.153,4.151,4.155,4.165,4.162,-58.858,1890.000
3.937,3.937,3.937,3.937,3.940,3.944,3.937,4.160,4.157,4.156,4.163,4.159,4.164,4.159,-59.231,1891.000
3.937,3.939,3.940,3.934,3.942,3.939,3.940,4.161,4.163,4.167,4.168,4.166,4.159,4.168,-59.098,1892.000
3.946,3.940,3.947,3.943,3.941,3.943,3.943,4.158,4.164,4.164,4.166,4.168,4.166,4.171,-59.211,1893.000
3.937,3.937,3.944,3.941,3.942,3.936,3.948,4.166,4.161,4.163,4.161,4.166,4.166,4.162,-58.976,1894.000
3.941,3.938,3.946,3.945,3.941,3.941,3.942,4.168,4.167,4.162,4.168,4.165,4.163,4.168,-58.966,1895.000
3.945,3.942,3.946,3.948,3.947,3.946,3.950,4.173,4.169,4.163,4.165,4.166,4.172,4.163,-59.095,1896.000
3.947,3.947,3.945,3.947,3.947,3.948,3.948,4.167,4.169,4.175,4.167,4.170,4.172,4.162,-59.099,1897.000
3.945,3.946,3.944,3.946,3.951,3.945,3.947,4.172,4.174,4.169,4.176,4.172,4.168,4.173,-58.997,1898.000
3.946,3.948,3.952,3.950,3.946,3.952,3.946,4.176,4.167,4.169,4.168,4.166,4.169,4.164,-58.874,1899.000
3.949,3.944,3.946,3.948,3.944,3.949,3.947,4.171,4.173,4.171,4.171,4.171,4.171,4.171,-58.887,1900.000
3.953,3.945,3.946,3.949,3.943,3.953,3.949,4.171,4.170,4.172,4.172,4.170,4.169,4.177,-58.924,1901.000
3.943,3.953,3.945,3.955,3.948,3.945,3.947,4.170,4.170,4.170,4.166,4.168,4.170,4.166,-58.904,1902.000
3.941,3.947,3.945,3.945,3.947,3.941,3.945,4.173,4.169,4.168,4.172,4.169,4.169,4.174,-59.057,1903.000
3.949,3.945,3.948,3.945,3.946,3.949,3.945,4.171,4.176,4.173,4.174,4.176,4.173,4.176,-59.182,1904.000
3.946,3.943,3.951,3.944,3.947,3.943,3.948,4.174,4.172,4.165,4.174,4.172,4.168,4.170,-59.002,1905.000
3.947,3.947,3.946,3.948,3.945,3.945,3.946,4.172,4.168,4.171,4.170,4.171,4.172,4.169,-59.137,1906.000
3.948,3.941,3.947,3.939,3.944,3.945,3.943,4.170,4.171,4.167,4.178,4.169,4.169,4.170,-59.155,1907.000
3.949,3.948,3.947,3.945,3.950,3.948,3.946,4.172,4.166,4.170,4.167,4.171,4.169,4.169,-59.265,1908.000
3.948,3.945,3.943,3.943,3.947,3.948,3.942,4.170,4.171,4.173,4.171,4.169,4.174,4.167,-59.110,1909.000
3.948,3.948,3.943,3.943,3.951,3.946,3.942,4.165,4.175,4.168,4.168,4.164,4.165,4.171,-58.929,1910.000
3.942,3.942,3.951,3.950,3.949,3.946,3.944,4.167,4.169,4.168,4.168,4.169,4.173,4.172,-58.917,1911.000
3.949,3.944,3.944,3.945,3.944,3.948,3.944,4.171,4.172,4.161,4.168,4.170,4.176,4.171,-58.691,1912.000
3.943,3.945,3.940,3.943,3.949,3.946,3.941,4.169,4.169,4.167,4.170,4.162,4.167,4.168,-58.873,1913.000
3.951,3.950,3.943,3.948,3.951,3.946,3.948,4.168,4.171,4.166,4.166,4.169,4.169,4.170,-58.937,1914.000
3.952,3.945,3.946,3.952,3.946,3.948,3.949,4.174,4.170,4.168,4.168,4.170,4.166,4.169,-59.270,1915.000
3.946,3.949,3.950,3.940,3.949,3.946,3.948,4.167,4.159,4.176,4.171,4.169,4.169,4.167,-59.271,1916.000
3.948,3.955,3.948,3.946,3.942,3.946,3.942,4.173,4.168,4.163,4.167,4.171,4.171,4.172,-59.238,1917.000
3.946,3.943,3.947,3.943,3.945,3.946,3.946,4.176,4.171,4.172,4.167,4.169,4.170,4.172,-59.213,1918.000
3.945,3.947,3.952,3.949,3.950,3.944,3.952,4.174,4.171,4.176,4.173,4.168,4.169,4.167,-59.270,1919.000
3.953,3.947,3.950,3.946,3.947,3.952,3.952,4.176,4.172,4.175,4.175,4.173,4.175,4.175,-59.237,1920.000
3.953,3.949,3.947,3.950,3.946,3.951,3.946,4.176,4.180,4.177,4.179,4.173,4.170,4.172,-59.154,1921.000
3.954,3.947,3.945,3.952,3.952,3.945,3.947,4.174,4.175,4.176,4.179,4.172,4.172,4.172,-59.176,1922.000
3.953,3.949,3.953,3.951,3.949,3.948,3.951,4.180,4.175,4.176,4.176,4.178,4.174,4.172,-58.943,1923.000
3.952,3.952,3.948,3.946,3.953,3.951,3.953,4.170,4.176,4.174,4.176,4.174,4.177,4.179,-59.199,1924.000
3.944,3.949,3.945,3.941,3.945,3.946,3.947,4.176,4.172,4.175,4.168,4.174,4.168,4.166,-59.428,1925.000
3.946,3.944,3.949,3.948,3.948,3.943,3.947,4.163,4.161,4.167,4.172,4.173,4.174,4.175,-59.318,1926.000
3.944,3.953,3.946,3.945,3.948,3.947,3.948,4.169,4.176,4.174,4.173,4.170,4.170,4.171,-59.406,1927.000
3.933,3.945,3.943,3.946,3.943,3.945,3.944,4.166,4.166,4.166,4.169,4.174,4.170,4.166,-59.434,1928.000
3.946,3.944,3.946,3.944,3.947,3.952,3.948,4.165,4.169,4.169,4.169,4.175,4.172,4.171,-59.425,1929.000
3.946,3.939,3.951,3.942,3.945,3.941,3.947,4.164,4.173,4.168,4.171,4.171,4.169,4.172,-59.171,1930.000
3.946,3.948,3.943,3.951,3.947,3.947,3.947,4.172,4.174,4.176,4.172,4.172,4.167,4.172,-58.940,1931.000
3.944,3.944,3.944,3.944,3.943,3.943,3.941,4.168,4.166,4.166,4.169,4.170,4.166,4.169,-59.126,1932.000
3.945,3.949,3.947,3.950,3.940,3.945,3.940,4.168,4.170,4.167,4.170,4.170,4.164,4.168,-59.031,1933.000
3.945,3.942,3.941,3.945,3.946,3.942,3.940,4.161,4.170,4.165,4.169,4.169,4.166,4.168,-59.154,1934.000
3.949,3.938,3.946,3.951,3.949,3.943,3.947,4.173,4.173,4.167,4.168,4.167,4.167,4.162,-59.094,1935.000
3.943,3.947,3.946,3.944,3.945,3.950,3.945,4.164,4.170,4.169,4.165,4.170,4.174,4.167,-58.907,1936.000
3.945,3.942,3.945,3.945,3.948,3.945,3.942,4.160,4.168,4.167,4.164,4.174,4.166,4.171,-59.000,1937.000
3.943,3.944,3.944,3.943,3.944,3.945,3.943,4.169,4.169,4.165,4.164,4.170,4.168,4.172,-58.746,1938.000
3.947,3.947,3.948,3.954,3.948,3.954,3.950,4.174,4.168,4.171,4.174,4.163,4.170,4.166,-58.825,1939.000
3.950,3.954,3.948,3.948,3.942,3.951,3.947,4.171,4.169,4.168,4.173,4.173,4.169,4.176,-58.938,1940.000
3.945,3.944,3.947,3.944,3.949,3.946,3.948,4.171,4.169,4.171,4.161,4.174,4.167,4.175,-58.864,1941.000
3.949,3.947,3.946,3.953,3.948,3.947,3.948,4.174,4.178,4.174,4.169,4.169,4.180,4.176,-59.259,1942.000
3.948,3.955,3.946,3.945,3.949,3.951,3.946,4.168,4.175,4.174,4.174,4.173,4.175,4.178,-59.131,1943.000
3.943,3.950,3.954,3.951,3.952,3.952,3.949,4.180,4.180,4.173,4.177,4.169,4.174,4.172,-58.964,1944.000
3.951,3.952,3.954,3.953,3.953,3.951,3.950,4.174,4.177,4.176,4.173,4.176,4.177,4.176,-58.868,1945.000
3.953,3.946,3.953,3.957,3.949,3.954,3.953,4.179,4.176,4.175,4.168,4.175,4.174,4.178,-59.085,1946.000
3.959,3.955,3.948,3.950,3.953,3.947,3.952,4.174,4.175,4.179,4.177,4.180,4.178,4.177,-59.055,1947.000
3.955,3.950,3.953,3.951,3.951,3.954,3.949,4.183,4.172,4.178,4.180,4.176,4.181,4.176,-59.296,1948.000
3.945,3.958,3.952,3.949,3.951,3.956,3.947,4.170,4.176,4.170,4.178,4.171,4.176,4.175,-59.432,1949.000
3.947,3.950,3.949,3.953,3.952,3.951,3.949,4.172,4.171,4.177,4.169,4.170,4.174,4.177,-59.293,1950.000
3.952,3.951,3.951,3.944,3.951,3.944,3.955,4.171,4.175,4.171,4.174,4.172,4.175,4.178,-59.294,1951.000
3.945,3.947,3.948,3.953,3.947,3.952,3.951,4.173,4.173,4.170,4.174,4.173,4.175,4.174,-59.133,1952.000
3.945,3.949,3.952,3.944,3.946,3.949,3.947,4.165,4.172,4.169,4.162,4.169,4.173,4.175,-59.363,1953.000
3.947,3.940,3.947,3.947,3.949,3.946,3.950,4.174,4.167,4.170,4.171,4.170,4.170,4.170,-59.127,1954.000
3.943,3.947,3.947,3.954,3.948,3.947,3.943,4.170,4.172,4.176,4.168,4.173,4.166,4.170,-59.134,1955.000
3.945,3.946,3.942,3.946,3.944,3.951,3.945,4.170,4.168,4.167,4.168,4.170,4.174,4.173,-59.241,1956.000
3.948,3.949,3.948,3.947,3.947,3.946,3.950,4.170,4.170,4.165,4.165,4.168,4.167,4.171,-59.141,1957.000
3.951,3.947,3.952,3.952,3.949,3.951,3.951,4.170,4.171,4.174,4.169,4.173,4.172,4.174,-59.151,1958.000
3.948,3.949,3.945,3.953,3.950,3.949,3.950,4.175,4.176,4.175,4.173,4.175,4.176,4.174,-58.996,1959.000
3.955,3.946,3.948,3.952,3.956,3.949,3.952,4.165,4.174,4.172,4.176,4.168,4.168,4.173,-58.979,1960.000
3.949,3.952,3.944,3.951,3.954,3.951,3.953,4.175,4.173,4.177,4.176,4.173,4.171,4.169,-58.998,1961.000
3.951,3.946,3.950,3.956,3.951,3.952,3.953,4.175,4.172,4.171,4.174,4.174,4.176,4.173,-59.116,1962.000
3.960,3.954,3.948,3.955,3.948,3.957,3.953,4.173,4.182,4.182,4.178,4.176,4.179,4.178,-59.119,1963.000
3.954,3.948,3.953,3.954,3.950,3.946,3.951,4.176,4.176,4.174,4.174,4.177,4.170,4.172,-59.278,1964.000
3.951,3.948,3.951,3.955,3.942,3.949,3.948,4.176,4.176,4.175,4.172,4.170,4.175,4.176,-59.311,1965.000
3.949,3.957,3.954,3.948,3.960,3.951,3.950,4.179,4.176,4.179,4.168,4.170,4.172,4.172,-59.272,1966.000
3.957,3.952,3.953,3.954,3.958,3.954,3.958,4.172,4.174,4.171,4.184,4.180,4.182,4.177,-59.207,1967.000
3.956,3.956,3.956,3.951,3.951,3.952,3.960,4.179,4.175,4.178,4.171,4.173,4.176,4.176,-59.442,1968.000
3.946,3.958,3.950,3.956,3.952,3.958,3.955,4.182,4.172,4.178,4.181,4.175,4.170,4.174,-59.098,1969.000
3.956,3.957,3.957,3.958,3.957,3.957,3.952,4.183,4.185,4.183,4.177,4.183,4.180,4.182,-59.116,1970.000
3.954,3.960,3.959,3.965,3.957,3.957,3.960,4.185,4.188,4.182,4.185,4.174,4.179,4.183,-59.161,1971.000
3.952,3.955,3.957,3.954,3.953,3.961,3.955,4.180,4.179,4.179,4.185,4.177,4.180,4.180,-59.094,1972.000
3.960,3.954,3.959,3.958,3.959,3.963,3.959,4.182,4.190,4.180,4.181,4.188,4.180,4.180,-58.952,1973.000
3.956,3.953,3.960,3.954,3.959,3.954,3.958,4.180,4.180,4.183,4.186,4.183,4.182,4.181,-59.040,1974.000
3.952,3.958,3.953,3.956,3.960,3.958,3.961,4.184,4.180,4.176,4.176,4.176,4.175,4.181,-59.083,1975.000
3.959,3.961,3.956,3.956,3.957,3.950,3.962,4.177,4.178,4.183,4.182,4.188,4.183,4.182,-59.263,1976.000
3.958,3.955,3.953,3.958,3.958,3.958,3.963,4.182,4.178,4.182,4.186,4.183,4.182,4.185,-59.214,1977.000
3.958,3.961,3.965,3.955,3.957,3.958,3.957,4.183,4.187,4.182,4.182,4.184,4.190,4.182,-59.128,1978.000
3.962,3.962,3.959,3.958,3.959,3.959,3.960,4.183,4.186,4.185,4.182,4.185,4.181,4.182,-59.212,1979.000
3.960,3.956,3.960,3.958,3.961,3.960,3.958,4.184,4.186,4.184,4.187,4.187,4.187,4.191,-59.093,1980.000
3.959,3.960,3.961,3.961,3.956,3.960,3.956,4.180,4.184,4.190,4.186,4.179,4.190,4.187,-59.156,1981.000
3.955,3.966,3.956,3.956,3.955,3.958,3.959,4.185,4.180,4.185,4.179,4.185,4.180,4.178,-59.317,1982.000
3.963,3.956,3.963,3.966,3.962,3.958,3.958,4.181,4.183,4.183,4.185,4.188,4.186,4.187,-59.362,1983.000
3.954,3.958,3.954,3.965,3.962,3.959,3.958,4.184,4.183,4.184,4.183,4.187,4.182,4.183,-59.240,1984.000
3.960,3.961,3.964,3.956,3.959,3.957,3.960,4.186,4.186,4.187,4.188,4.180,4.188,4.183,-59.015,1985.000
3.960,3.964,3.957,3.960,3.961,3.961,3.958,4.183,4.180,4.184,4.182,4.192,4.188,4.189,-58.887,1986.000
3.958,3.959,3.957,3.959,3.959,3.956,3.955,4.185,4.186,4.182,4.183,4.185,4.185,4.181,-58.921,1987.000
3.958,3.958,3.958,3.965,3.966,3.958,3.958,4.182,4.188,4.177,4.182,4.187,4.180,4.185,-58.929,1988.000
3.960,3.953,3.958,3.955,3.957,3.958,3.957,4.180,4.183,4.191,4.183,4.181,4.189,4.179,-58.913,1989.000
3.954,3.964,3.956,3.949,3.958,3.957,3.954,4.185,4.185,4.179,4.187,4.182,4.179,4.183,-58.994,1990.000
3.959,3.959,3.957,3.964,3.955,3.954,3.955,4.185,4.185,4.187,4.188,4.184,4.192,4.180,-59.063,1991.000
3.962,3.957,3.960,3.956,3.954,3.957,3.954,4.183,4.180,4.183,4.183,4.178,4.179,4.182,-59.263,1992.000
3.962,3.953,3.950,3.961,3.953,3.958,3.954,4.179,4.177,4.179,4.187,4.180,4.181,4.188,-59.447,1993.000
3.958,3.957,3.961,3.955,3.959,3.954,3.959,4.180,4.181,4.180,4.183,4.179,4.184,4.178,-59.380,1994.000
3.953,3.953,3.954,3.957,3.957,3.956,3.961,4.177,4.180,4.186,4.187,4.192,4.191,4.189,-59.395,1995.000
3.958,3.953,3.956,3.950,3.956,3.958,3.961,4.187,4.184,4.190,4.190,4.187,4.185,4.187,-59.351,1996.000
3.954,3.956,3.962,3.953,3.959,3.956,3.956,4.178,4.183,4.180,4.179,4.184,4.181,4.182,-59.137,1997.000
3.951,3.959,3.955,3.958,3.955,3.958,3.961,4.185,4.187,4.186,4.182,4.178,4.184,4.186,-59.166,1998.000
3.960,3.958,3.954,3.948,3.950,3.956,3.955,4.183,4.183,4.180,4.182,4.180,4.185,4.180,-59.201,1999.000
3.954,3.957,3.954,3.948,3.963,3.956,3.960,4.182,4.188,4.181,4.179,4.179,4.177,4.178,-58.952,2000.000
3.953,3.955,3.953,3.952,3.951,3.953,3.958,4.181,4.178,4.176,4.175,4.178,4.180,4.186,-58.944,2001.000
3.956,3.955,3.950,3.953,3.955,3.954,3.947,4.179,4.178,4.179,4.179,4.176,4.180,4.182,-59.073,2002.000
3.956,3.950,3.951,3.953,3.955,3.954,3.957,4.181,4.178,4.176,4.179,4.184,4.181,4.183,-59.076,2003.000
3.956,3.958,3.954,3.961,3.952,3.953,3.954,4.182,4.177,4.176,4.180,4.180,4.178,4.181,-59.243,2004.000
3.956,3.956,3.962,3.956,3.962,3.957,3.955,4.191,4.180,4.188,4.184,4.182,4.182,4.180,-59.328,2005.000
3.957,3.953,3.957,3.952,3.957,3.953,3.953,4.185,4.183,4.181,4.186,4.183,4.176,4.188,-59.357,2006.000
3.956,3.951,3.957,3.953,3.953,3.956,3.962,4.187,4.184,4.181,4.181,4.182,4.181,4.183,-59.266,2007.000
3.955,3.953,3.950,3.957,3.956,3.963,3.953,4.181,4.184,4.181,4.177,4.185,4.180,4.185,-59.186,2008.000
3.951,3.951,3.956,3.952,3.954,3.954,3.955,4.184,4.181,4.185,4.188,4.185,4.189,4.180,-59.113,2009.000
3.956,3.957,3.954,3.954,3.958,3.956,3.955,4.182,4.188,4.184,4.182,4.182,4.183,4.189,-59.036,2010.000
3.962,3.954,3.958,3.955,3.957,3.953,3.956,4.185,4.185,4.186,4.185,4.186,4.183,4.183,-59.090,2011.000
3.955,3.956,3.959,3.960,3.962,3.963,3.956,4.183,4.186,4.184,4.187,4.187,4.187,4.182,-59.071,2012.000
3.954,3.960,3.958,3.959,3.960,3.966,3.960,4.188,4.185,4.183,4.192,4.196,4.195,4.195,-58.988,2013.000
3.961,3.962,3.961,3.959,3.964,3.961,3.959,4.190,4.193,4.193,4.191,4.187,4.193,4.193,-58.971,2014.000
3.962,3.966,3.958,3.963,3.961,3.970,3.964,4.187,4.189,4.192,4.190,4.187,4.187,4.187,-58.854,2015.000
3.967,3.969,3.963,3.972,3.958,3.965,3.959,4.196,4.191,4.191,4.188,4.189,4.188,4.191,-58.691,2016.000
3.962,3.967,3.967,3.960,3.962,3.960,3.970,4.192,4.195,4.191,4.193,4.193,4.192,4.189,-58.891,2017.000
3.967,3.967,3.969,3.968,3.969,3.965,3.967,4.191,4.195,4.192,4.197,4.196,4.201,4.198,-59.077,2018.000
3.964,3.966,3.975,3.971,3.970,3.965,3.967,4.198,4.200,4.197,4.200,4.197,4.200,4.195,-59.157,2019.000
3.958,3.969,3.963,3.967,3.964,3.969,3.964,4.194,4.194,4.193,4.190,4.190,4.193,4.190,-58.727,2020.000
3.968,3.970,3.966,3.964,3.971,3.966,3.965,4.189,4.186,4.186,4.192,4.197,4.192,4.189,-58.404,2021.000
3.973,3.975,3.974,3.967,3.966,3.970,3.973,4.195,4.196,4.196,4.194,4.194,4.195,4.190,-58.833,2022.000
3.969,3.969,3.968,3.967,3.969,3.971,3.969,4.198,4.193,4.196,4.197,4.196,4.201,4.196,-58.572,2023.000
3.975,3.970,3.970,3.968,3.969,3.971,3.966,4.196,4.195,4.196,4.199,4.203,4.194,4.189,-58.543,2024.000
3.972,3.975,3.964,3.971,3.973,3.968,3.961,4.195,4.199,4.193,4.199,4.203,4.198,4.197,-58.593,2025.000
3.971,3.974,3.970,3.974,3.977,3.970,3.972,4.198,4.202,4.200,4.199,4.197,4.197,4.197,-58.748,2026.000
3.967,3.974,3.977,3.970,3.966,3.970,3.968,4.194,4.191,4.195,4.195,4.198,4.194,4.194,-58.913,2027.000
3.969,3.968,3.968,3.968,3.969,3.969,3.969,4.202,4.201,4.197,4.199,4.194,4.195,4.196,-58.695,2028.000
3.973,3.975,3.968,3.974,3.972,3.968,3.978,4.207,4.201,4.202,4.194,4.202,4.200,4.198,-58.659,2029.000
3.966,3.963,3.969,3.967,3.968,3.972,3.969,4.199,4.199,4.200,4.193,4.196,4.200,4.193,-58.875,2030.000
3.972,3.966,3.964,3.969,3.974,3.967,3.967,4.195,4.195,4.198,4.193,4.194,4.196,4.195,-58.890,2031.000
3.966,3.964,3.968,3.969,3.969,3.967,3.971,4.194,4.188,4.195,4.196,4.195,4.191,4.193,-58.889,2032.000
3.974,3.967,3.971,3.974,3.971,3.965,3.969,4.200,4.201,4.202,4.200,4.201,4.196,4.189,-58.952,2033.000
3.969,3.968,3.975,3.966,3.966,3.974,3.973,4.196,4.197,4.193,4.189,4.194,4.197,4.197,-58.934,2034.000
3.970,3.974,3.977,3.970,3.970,3.966,3.971,4.203,4.205,4.200,4.201,4.200,4.201,4.197,-59.046,2035.000
3.974,3.972,3.968,3.975,3.974,3.977,3.977,4.196,4.197,4.193,4.199,4.202,4.206,4.202,-59.230,2036.000
3.983,3.978,3.979,3.977,3.981,3.975,3.973,4.205,4.200,4.204,4.205,4.199,4.206,4.202,-59.250,2037.000
3.974,3.972,3.978,3.978,3.974,3.976,3.980,4.197,4.199,4.202,4.207,4.208,4.199,4.205,-58.901,2038.000
3.976,3.980,3.981,3.984,3.976,3.979,3.981,4.201,4.209,4.206,4.204,4.207,4.206,4.204,-58.693,2039.000
3.975,3.976,3.976,3.976,3.978,3.979,3.975,4.203,4.198,4.204,4.202,4.208,4.206,4.204,-59.018,2040.000
3.979,3.978,3.974,3.975,3.974,3.977,3.973,4.204,4.203,4.202,4.203,4.202,4.204,4.206,-59.088,2041.000
3.975,3.972,3.976,3.974,3.986,3.977,3.972,4.198,4.201,4.201,4.207,4.202,4.199,4.201,-59.093,2042.000
3.978,3.980,3.980,3.977,3.985,3.976,3.979,4.201,4.201,4.199,4.206,4.206,4.204,4.201,-58.935,2043.000
3.973,3.975,3.972,3.973,3.979,3.970,3.967,4.205,4.206,4.204,4.202,4.205,4.200,4.197,-58.943,2044.000
3.978,3.977,3.976,3.973,3.978,3.974,3.976,4.199,4.209,4.196,4.197,4.200,4.201,4.202,-58.893,2045.000
3.975,3.978,3.977,3.971,3.976,3.972,3.976,4.198,4.200,4.200,4.199,4.198,4.203,4.201,-58.869,2046.000
3.976,3.973,3.969,3.972,3.975,3.976,3.967,4.202,4.206,4.199,4.201,4.202,4.198,4.198,-58.792,2047.000
3.979,3.973,3.978,3.979,3.975,3.976,3.972,4.205,4.206,4.201,4.192,4.201,4.196,4.201,-58.859,2048.000
3.985,3.973,3.971,3.972,3.975,3.972,3.978,4.206,4.195,4.199,4.198,4.202,4.202,4.192,-58.956,2049.000
3.976,3.977,3.978,3.975,3.969,3.978,3.976,4.207,4.212,4.200,4.195,4.203,4.205,4.196,-58.985,2050.000
3.975,3.976,3.977,3.976,3.973,3.975,3.973,4.201,4.208,4.201,4.204,4.199,4.202,4.202,-59.242,2051.000
3.978,3.984,3.978,3.976,3.985,3.978,3.980,4.202,4.204,4.204,4.204,4.201,4.207,4.206,-59.174,2052.000
3.977,3.974,3.972,3.980,3.974,3.974,3.977,4.201,4.199,4.202,4.207,4.203,4.199,4.201,-59.132,2053.000
3.978,3.975,3.976,3.978,3.982,3.977,3.978,4.206,4.199,4.202,4.203,4.201,4.208,4.210,-59.316,2054.000
3.979,3.972,3.978,3.971,3.977,3.975,3.976,4.202,4.206,4.205,4.210,4.199,4.201,4.197,-59.154,2055.000
3.976,3.969,3.978,3.979,3.976,3.979,3.976,4.202,4.200,4.198,4.199,4.196,4.209,4.204,-59.298,2056.000
3.978,3.974,3.979,3.974,3.978,3.978,3.978,4.200,4.201,4.193,4.200,4.203,4.199,4.198,-59.144,2057.000
3.976,3.977,3.976,3.978,3.978,3.981,3.978,4.213,4.206,4.205,4.204,4.202,4.202,4.199,-59.119,2058.000
3.979,3.982,3.973,3.984,3.976,3.975,3.978,4.209,4.203,4.198,4.204,4.208,4.206,4.207,-59.215,2059.000
3.974,3.982,3.975,3.975,3.979,3.977,3.971,4.203,4.207,4.199,4.201,4.199,4.207,4.202,-59.032,2060.000
3.976,3.979,3.982,3.984,3.974,3.980,3.984,4.209,4.214,4.211,4.205,4.211,4.204,4.210,-59.104,2061.000
3.984,3.982,3.978,3.980,3.982,3.976,3.977,4.205,4.206,4.207,4.209,4.210,4.211,4.210,-59.037,2062.000
3.978,3.981,3.982,3.984,3.981,3.980,3.980,4.206,4.211,4.206,4.213,4.212,4.207,4.209,-58.943,2063.000
3.980,3.978,3.983,3.981,3.989,3.985,3.985,4.203,4.213,4.214,4.209,4.207,4.211,4.211,-58.745,2064.000
3.980,3.980,3.983,3.981,3.985,3.982,3.979,4.212,4.209,4.208,4.209,4.215,4.210,4.209,-58.687,2065.000
3.981,3.980,3.979,3.986,3.983,3.984,3.976,4.206,4.211,4.212,4.212,4.209,4.207,4.209,-58.595,2066.000
3.981,3.989,3.980,3.986,3.978,3.984,3.980,4.210,4.215,4.202,4.210,4.209,4.208,4.212,-58.932,2067.000
3.981,3.981,3.980,3.987,3.981,3.981,3.983,4.211,4.211,4.209,4.207,4.209,4.209,4.209,-58.654,2068.000
3.979,3.981,3.979,3.980,3.978,3.979,3.983,4.207,4.213,4.211,4.215,4.211,4.214,4.208,-58.455,2069.000
3.976,3.983,3.979,3.979,3.987,3.987,3.982,4.201,4.203,4.205,4.213,4.202,4.209,4.208,-58.602,2070.000
3.979,3.977,3.980,3.978,3.979,3.984,3.985,4.198,4.203,4.204,4.203,4.202,4.202,4.205,-58.836,2071.000
3.977,3.980,3.976,3.978,3.977,3.980,3.981,4.204,4.202,4.202,4.204,4.205,4.200,4.208,-58.993,2072.000
3.975,3.979,3.978,3.980,3.977,3.979,3.976,4.214,4.203,4.205,4.204,4.208,4.204,4.209,-58.991,2073.000
3.979,3.982,3.978,3.979,3.983,3.981,3.976,4.202,4.203,4.207,4.206,4.205,4.201,4.206,-59.190,2074.000
3.977,3.979,3.979,3.976,3.979,3.981,3.975,4.201,4.200,4.205,4.198,4.210,4.202,4.201,-59.186,2075.000
3.983,3.984,3.977,3.985,3.981,3.985,3.978,4.214,4.209,4.207,4.203,4.199,4.204,4.204,-59.180,2076.000
3.982,3.979,3.978,3.983,3.970,3.977,3.980,4.203,4.205,4.201,4.208,4.207,4.212,4.202,-59.005,2077.000
3.979,3.979,3.986,3.983,3.983,3.979,3.979,4.203,4.206,4.205,4.202,4.206,4.203,4.200,-58.861,2078.000
3.978,3.982,3.980,3.981,3.977,3.980,3.983,4.199,4.200,4.206,4.204,4.206,4.202,4.201,-58.802,2079.000
3.978,3.977,3.975,3.979,3.982,3.983,3.985,4.199,4.199,4.204,4.201,4.200,4.206,4.207,-58.889,2080.000
3.981,3.978,3.980,3.985,3.981,3.979,3.982,4.205,4.200,4.195,4.199,4.205,4.201,4.204,-58.788,2081.000
3.978,3.980,3.982,3.977,3.976,3.983,3.978,4.201,4.205,4.207,4.203,4.198,4.202,4.202,-58.629,2082.000
3.979,3.976,3.983,3.983,3.982,3.980,3.987,4.206,4.204,4.203,4.204,4.202,4.201,4.196,-58.377,2083.000
3.986,3.981,3.988,3.981,3.985,3.987,3.984,4.209,4.205,4.206,4.208,4.207,4.211,4.202,-58.773,2084.000
3.985,3.987,3.983,3.983,3.987,3.985,3.991,4.204,4.200,4.208,4.206,4.202,4.201,4.212,-58.854,2085.000
3.981,3.984,3.985,3.982,3.986,3.987,3.983,4.210,4.206,4.209,4.205,4.206,4.208,4.210,-59.004,2086.000
3.983,3.982,3.984,3.981,3.981,3.987,3.982,4.209,4.207,4.208,4.208,4.208,4.202,4.208,-59.072,2087.000
3.986,3.987,3.983,3.989,3.991,3.986,3.985,4.214,4.211,4.210,4.213,4.210,4.214,4.211,-58.983,2088.000
3.989,3.984,3.982,3.982,3.983,3.986,3.986,4.218,4.203,4.209,4.206,4.202,4.215,4.209,-59.228,2089.000
3.993,3.988,3.989,3.989,3.984,3.989,3.990,4.210,4.215,4.222,4.212,4.221,4.212,4.209,-59.210,2090.000
3.988,3.985,3.991,3.988,3.987,3.990,3.990,4.210,4.214,4.212,4.214,4.217,4.213,4.213,-59.145,2091.000
3.985,3.983,3.995,3.995,3.986,3.990,3.992,4.214,4.215,4.213,4.221,4.216,4.214,4.225,-59.117,2092.000
3.989,3.991,3.985,3.991,3.993,3.992,3.989,4.212,4.214,4.216,4.210,4.221,4.210,4.216,-58.771,2093.000
3.991,3.989,3.991,3.987,3.987,3.986,3.989,4.212,4.214,4.210,4.210,4.217,4.215,4.210,-58.854,2094.000
3.992,3.994,3.990,3.992,3.996,3.989,3.988,4.212,4.221,4.220,4.219,4.215,4.217,4.219,-58.905,2095.000
3.992,3.993,3.991,3.996,3.987,3.994,3.991,4.216,4.215,4.211,4.215,4.215,4.220,4.221,-58.852,2096.000
3.989,3.985,3.990,3.993,3.989,3.991,3.987,4.220,4.212,4.218,4.217,4.216,4.220,4.221,-58.801,2097.000
3.988,3.992,3.995,3.987,3.993,3.995,3.991,4.222,4.214,4.217,4.223,4.216,4.210,4.221,-58.945,2098.000
3.990,3.988,3.989,3.988,3.987,3.991,3.999,4.218,4.224,4.218,4.215,4.220,4.215,4.217,-59.325,2099.000
3.995,3.992,3.995,3.988,3.991,3.984,3.988,4.220,4.217,4.219,4.218,4.219,4.217,4.215,-59.221,2100.000
3.985,3.989,3.992,3.998,3.987,3.988,3.990,4.216,4.217,4.217,4.213,4.221,4.216,4.225,-59.106,2101.000
3.995,3.987,3.996,3.987,3.995,3.991,3.991,4.217,4.217,4.215,4.219,4.216,4.214,4.212,-58.912,2102.000
3.988,3.992,3.993,3.993,3.995,3.993,3.992,4.220,4.212,4.226,4.218,4.224,4.217,4.218,-58.904,2103.000
3.993,3.989,3.989,3.993,3.992,3.990,3.993,4.220,4.215,4.220,4.218,4.221,4.217,4.218,-58.804,2104.000
3.992,3.990,3.987,3.995,3.993,3.994,3.996,4.218,4.218,4.220,4.220,4.223,4.219,4.225,-58.930,2105.000
3.997,3.991,3.994,3.996,3.994,3.990,3.997,4.224,4.218,4.223,4.225,4.215,4.218,4.216,-58.711,2106.000
3.995,3.987,3.993,3.994,3.993,3.990,3.990,4.219,4.215,4.218,4.215,4.221,4.214,4.217,-58.772,2107.000
3.986,3.984,3.988,3.989,3.988,3.988,3.990,4.219,4.221,4.219,4.212,4.222,4.222,4.218,-58.644,2108.000
3.994,3.987,3.990,3.996,3.996,3.984,3.993,4.211,4.214,4.219,4.217,4.221,4.225,4.216,-58.730,2109.000
3.989,3.995,3.990,3.993,3.991,3.994,3.994,4.221,4.225,4.219,4.219,4.214,4.219,4.218,-58.703,2110.000
3.989,3.992,3.992,3.993,3.994,3.991,3.998,4.226,4.222,4.224,4.217,4.221,4.219,4.222,-58.711,2111.000
3.990,3.993,3.989,3.993,3.992,3.993,3.988,4.219,4.215,4.220,4.221,4.222,4.221,4.219,-58.716,2112.000
3.989,3.992,3.994,3.988,3.986,3.988,3.989,4.215,4.221,4.219,4.217,4.219,4.222,4.224,-58.656,2113.000
3.990,3.988,3.991,3.990,3.989,3.992,3.989,4.215,4.218,4.213,4.219,4.215,4.213,4.217,-58.704,2114.000
3.994,3.994,3.992,3.991,3.990,3.993,3.989,4.217,4.215,4.221,4.217,4.217,4.213,4.215,-58.962,2115.000
3.992,3.993,3.988,3.994,3.988,3.992,3.987,4.220,4.222,4.224,4.219,4.221,4.215,4.218,-59.242,2116.000
3.998,3.994,3.998,3.993,3.991,3.992,3.993,4.222,4.219,4.221,4.224,4.222,4.222,4.216,-59.205,2117.000
3.989,3.986,3.992,3.985,3.997,3.982,3.992,4.217,4.221,4.219,4.214,4.224,4.215,4.213,-59.138,2118.000
3.992,3.996,3.989,3.988,3.990,3.993,3.990,4.216,4.222,4.217,4.215,4.224,4.213,4.214,-58.920,2119.000
3.993,3.992,3.993,3.987,3.985,3.992,3.990,4.223,4.214,4.220,4.219,4.218,4.216,4.218,-58.908,2120.000
3.992,3.986,3.990,3.992,3.993,3.991,3.995,4.221,4.218,4.220,4.220,4.216,4.216,4.221,-59.021,2121.000
3.991,3.988,3.988,3.987,3.989,3.987,3.986,4.215,4.221,4.216,4.215,4.220,4.216,4.219,-58.879,2122.000
3.989,3.990,3.988,3.992,3.991,3.987,3.990,4.219,4.216,4.223,4.213,4.216,4.214,4.220,-58.421,2123.000
3.994,3.988,3.985,3.989,3.993,3.984,3.995,4.222,4.215,4.214,4.219,4.215,4.214,4.217,-58.421,2124.000
3.987,3.992,3.987,3.987,3.986,3.985,3.990,4.216,4.216,4.208,4.212,4.213,4.216,4.217,-58.461,2125.000
3.990,3.985,3.991,3.986,3.993,3.983,3.988,4.219,4.208,4.215,4.209,4.215,4.212,4.211,-58.356,2126.000
3.991,3.998,3.988,3.986,3.990,3.991,3.990,4.217,4.213,4.217,4.215,4.214,4.212,4.216,-58.261,2127.000
3.994,3.986,3.988,3.997,3.994,3.987,3.991,4.211,4.221,4.223,4.216,4.215,4.219,4.215,-58.364,2128.000
3.994,3.990,3.989,3.991,3.989,3.992,3.996,4.210,4.217,4.212,4.219,4.221,4.217,4.219,-58.342,2129.000
3.996,3.990,3.995,3.991,3.990,3.989,3.993,4.220,4.219,4.222,4.221,4.217,4.218,4.217,-58.401,2130.000
3.992,3.992,3.993,3.987,3.991,3.991,3.990,4.221,4.219,4.218,4.216,4.213,4.213,4.216,-58.517,2131.000
3.989,3.990,3.994,3.993,3.993,3.993,3.996,4.218,4.216,4.213,4.213,4.221,4.216,4.220,-58.655,2132.000
3.991,3.992,3.996,3.997,3.998,3.995,3.994,4.222,4.220,4.221,4.222,4.223,4.224,4.217,-58.575,2133.000
3.989,3.989,3.988,3.995,3.993,3.992,3.993,4.219,4.220,4.221,4.216,4.217,4.215,4.210,-58.681,2134.000
3.999,3.998,3.995,3.995,3.990,3.994,3.994,4.224,4.221,4.217,4.219,4.226,4.218,4.216,-58.983,2135.000
3.995,3.999,3.998,3.994,3.987,3.991,3.996,4.222,4.223,4.222,4.220,4.222,4.220,4.221,-59.143,2136.000
3.989,3.991,3.990,3.992,3.995,3.990,3.998,4.222,4.218,4.218,4.220,4.220,4.225,4.216,-59.114,2137.000
3.997,3.995,3.993,3.996,3.997,3.992,3.993,4.219,4.221,4.221,4.225,4.224,4.223,4.221,-59.038,2138.000
3.998,4.001,3.994,4.005,3.994,3.997,3.999,4.220,4.222,4.225,4.226,4.229,4.230,4.221,-59.105,2139.000
3.996,3.995,3.998,3.997,3.994,3.998,3.997,4.224,4.221,4.221,4.228,4.230,4.228,4.226,-58.999,2140.000
3.993,3.998,3.999,3.994,3.998,3.996,4.000,4.216,4.228,4.225,4.229,4.224,4.224,4.225,-59.182,2141.000
4.001,4.001,3.997,4.004,3.998,4.001,4.003,4.226,4.227,4.228,4.228,4.226,4.227,4.226,-59.014,2142.000
4.001,4.001,3.998,4.006,3.999,4.001,4.003,4.226,4.229,4.227,4.231,4.231,4.230,4.227,-58.913,2143.000
3.996,3.998,3.994,4.000,3.995,3.998,4.000,4.225,4.221,4.220,4.222,4.221,4.227,4.229,-58.892,2144.000
3.999,3.995,3.993,3.998,4.003,4.001,4.000,4.224,4.227,4.226,4.224,4.224,4.224,4.221,-58.949,2145.000
4.001,3.996,4.001,3.998,3.998,3.995,4.003,4.230,4.226,4.227,4.232,4.227,4.221,4.227,-58.871,2146.000
3.999,3.998,3.995,3.994,4.001,3.996,3.993,4.223,4.226,4.225,4.228,4.229,4.224,4.226,-58.977,2147.000
4.003,3.999,3.995,3.997,3.997,3.996,4.002,4.224,4.224,4.226,4.229,4.227,4.226,4.226,-58.885,2148.000
3.997,3.995,4.001,3.999,4.002,3.998,3.996,4.231,4.232,4.233,4.231,4.222,4.225,4.230,-58.998,2149.000
3.995,3.998,3.995,4.004,3.997,4.003,3.999,4.230,4.229,4.227,4.228,4.229,4.225,4.227,-58.933,2150.000
3.996,3.991,3.997,3.998,4.001,4.003,3.996,4.229,4.222,4.225,4.226,4.225,4.234,4.224,-59.062,2151.000
4.002,4.000,3.998,3.999,4.001,3.996,3.994,4.234,4.226,4.227,4.224,4.223,4.218,4.231,-58.933,2152.000
4.001,4.004,3.998,3.999,3.999,4.001,3.998,4.233,4.227,4.230,4.228,4.230,4.221,4.227,-59.087,2153.000
3.996,3.995,3.999,3.997,3.998,3.990,4.003,4.230,4.229,4.229,4.228,4.226,4.225,4.226,-58.927,2154.000
3.991,4.001,3.993,4.001,3.996,4.003,4.003,4.227,4.228,4.226,4.227,4.225,4.225,4.227,-59.020,2155.000
4.000,4.006,3.998,4.000,4.004,3.997,4.004,4.230,4.231,4.228,4.231,4.229,4.227,4.228,-59.222,2156.000
4.004,3.994,4.000,3.999,4.003,3.990,4.007,4.228,4.232,4.229,4.226,4.229,4.229,4.223,-59.195,2157.000
4.006,3.997,3.996,3.991,4.002,3.998,4.001,4.228,4.226,4.220,4.230,4.226,4.226,4.230,-59.201,2158.000
3.996,4.005,3.999,4.003,3.994,4.001,4.000,4.226,4.229,4.226,4.224,4.226,4.222,4.226,-59.351,2159.000
4.001,3.993,3.995,4.004,4.000,3.996,4.003,4.229,4.227,4.227,4.225,4.231,4.225,4.227,-59.422,2160.000
3.998,3.998,3.999,4.002,4.002,3.997,3.999,4.240,4.230,4.234,4.236,4.228,4.230,4.230,-59.283,2161.000
4.004,3.998,3.997,3.997,3.999,3.999,3.998,4.228,4.230,4.227,4.231,4.232,4.229,4.228,-59.340,2162.000
3.994,3.994,3.997,3.997,3.996,3.998,4.003,4.227,4.228,4.227,4.230,4.226,4.225,4.224,-59.327,2163.000
3.997,4.001,3.997,3.997,3.996,3.996,4.001,4.228,4.229,4.231,4.229,4.225,4.234,4.228,-59.185,2164.000
4.000,4.000,3.995,4.000,3.995,3.996,4.001,4.224,4.228,4.231,4.231,4.225,4.222,4.227,-59.271,2165.000
3.998,3.997,3.996,3.995,4.001,3.999,4.000,4.232,4.226,4.230,4.230,4.227,4.226,4.234,-59.087,2166.000
3.999,3.999,4.006,4.003,4.000,4.005,4.005,4.229,4.237,4.233,4.231,4.226,4.235,4.231,-59.145,2167.000
4.001,4.002,4.008,4.000,4.001,4.009,4.005,4.231,4.231,4.234,4.233,4.234,4.232,4.233,-59.070,2168.000
4.004,4.001,4.004,4.002,4.001,3.999,3.998,4.229,4.233,4.225,4.228,4.230,4.228,4.232,-58.938,2169.000
3.997,3.999,4.004,4.000,4.001,4.002,3.998,4.231,4.226,4.239,4.228,4.230,4.230,4.229,-59.159,2170.000
3.999,3.998,4.002,4.000,4.005,4.001,4.006,4.228,4.223,4.226,4.226,4.226,4.228,4.229,-58.968,2171.000
4.001,4.007,4.003,3.999,4.001,4.000,4.001,4.235,4.238,4.233,4.228,4.231,4.225,4.226,-59.087,2172.000
3.999,4.002,3.999,4.001,4.007,4.001,4.003,4.229,4.232,4.227,4.229,4.224,4.234,4.234,-59.134,2173.000
4.003,4.004,3.999,4.003,4.004,4.004,4.001,4.232,4.229,4.227,4.228,4.226,4.223,4.227,-59.417,2174.000
4.002,3.996,3.996,4.004,3.996,4.002,4.001,4.227,4.228,4.226,4.227,4.228,4.228,4.231,-59.312,2175.000
3.996,4.004,4.003,3.999,3.996,3.997,3.998,4.237,4.228,4.222,4.222,4.225,4.230,4.226,-59.202,2176.000
4.004,4.003,4.004,3.999,4.005,4.005,4.002,4.230,4.229,4.232,4.236,4.228,4.234,4.230,-59.200,2177.000
4.006,4.001,4.001,3.996,4.007,4.003,4.002,4.230,4.235,4.230,4.232,4.235,4.227,4.230,-59.093,2178.000
4.003,4.007,4.002,4.007,4.001,4.004,4.003,4.226,4.228,4.236,4.226,4.230,4.231,4.233,-58.925,2179.000
4.003,4.008,3.999,4.007,4.003,4.005,4.005,4.230,4.232,4.239,4.231,4.240,4.235,4.241,-58.950,2180.000
4.010,4.009,4.005,4.010,4.009,4.004,4.012,4.238,4.238,4.240,4.234,4.236,4.238,4.240,-59.141,2181.000
4.014,4.013,4.004,4.002,4.011,4.007,4.011,4.240,4.237,4.230,4.236,4.238,4.243,4.242,-59.030,2182.000
4.008,4.005,4.017,4.005,4.007,4.005,4.014,4.233,4.236,4.242,4.234,4.236,4.235,4.239,-58.739,2183.000
4.009,4.012,4.015,4.008,4.011,4.015,4.010,4.241,4.247,4.238,4.235,4.235,4.240,4.240,-59.019,2184.000
4.015,4.010,4.009,4.009,4.013,4.008,4.013,4.238,4.233,4.240,4.238,4.240,4.242,4.241,-58.883,2185.000
4.008,4.011,4.010,4.013,4.010,4.013,4.015,4.246,4.241,4.238,4.240,4.241,4.240,4.237,-58.948,2186.000
4.010,4.009,4.012,4.015,4.007,4.007,4.011,4.242,4.245,4.239,4.236,4.243,4.244,4.241,-58.909,2187.000
4.012,4.009,4.014,4.009,4.014,4.013,4.009,4.234,4.239,4.230,4.237,4.238,4.231,4.235,-59.103,2188.000
4.010,4.007,4.012,4.012,4.013,4.010,4.007,4.235,4.231,4.245,4.233,4.236,4.238,4.242,-59.147,2189.000
4.009,4.009,4.012,4.013,4.011,4.010,4.009,4.240,4.238,4.237,4.240,4.234,4.243,4.236,-59.171,2190.000
4.004,4.012,4.017,4.003,4.009,4.010,4.009,4.234,4.231,4.238,4.236,4.236,4.240,4.234,-59.012,2191.000
4.005,4.010,4.004,4.014,4.007,4.010,4.001,4.234,4.234,4.234,4.233,4.227,4.234,4.230,-58.851,2192.000
4.011,4.008,4.006,4.011,4.005,4.017,4.006,4.233,4.238,4.235,4.240,4.231,4.234,4.231,-59.122,2193.000
4.010,4.010,4.005,4.010,4.010,4.009,4.006,4.234,4.229,4.233,4.240,4.234,4.237,4.240,-58.949,2194.000
4.011,4.006,4.003,4.008,4.010,4.010,4.008,4.234,4.237,4.232,4.235,4.237,4.236,4.236,-58.951,2195.000
4.007,4.011,4.012,4.010,4.016,4.008,4.012,4.244,4.227,4.235,4.235,4.236,4.237,4.234,-58.816,2196.000
4.012,4.009,4.008,4.014,4.011,4.016,4.011,4.238,4.231,4.231,4.238,4.240,4.241,4.237,-59.078,2197.000
4.016,4.013,4.016,4.012,4.011,4.008,4.009,4.235,4.242,4.240,4.238,4.241,4.236,4.238,-59.141,2198.000
4.012,4.015,4.011,4.009,4.009,4.007,4.011,4.233,4.235,4.235,4.235,4.242,4.232,4.234,-59.144,2199.000
4.010,4.013,4.013,4.015,4.013,4.008,4.016,4.229,4.237,4.231,4.232,4.232,4.237,4.235,-59.146,2200.000
4.008,4.013,4.014,4.007,4.016,4.012,4.014,4.239,4.244,4.236,4.231,4.236,4.233,4.235,-59.328,2201.000
4.013,4.010,4.011,4.004,4.017,4.013,4.012,4.245,4.236,4.236,4.234,4.231,4.235,4.233,-59.329,2202.000
4.012,4.014,4.013,4.011,4.013,4.011,4.007,4.236,4.234,4.232,4.236,4.237,4.239,4.235,-59.175,2203.000
4.007,4.011,4.007,4.015,4.009,4.011,4.014,4.237,4.237,4.236,4.241,4.240,4.237,4.242,-58.976,2204.000
4.010,4.010,4.009,4.008,4.009,4.009,4.011,4.237,4.242,4.245,4.237,4.237,4.242,4.236,-59.144,2205.000
4.015,4.012,4.012,4.010,4.020,4.007,4.008,4.236,4.241,4.246,4.240,4.240,4.241,4.232,-58.907,2206.000
4.013,4.013,4.006,4.009,4.012,4.006,4.016,4.241,4.242,4.236,4.236,4.238,4.240,4.240,-58.756,2207.000
4.009,4.010,4.011,4.005,4.015,4.012,4.012,4.241,4.236,4.239,4.238,4.243,4.241,4.244,-58.779,2208.000
4.012,4.007,4.013,4.009,4.005,4.014,4.017,4.238,4.234,4.237,4.235,4.235,4.237,4.242,-58.842,2209.000
4.013,4.013,4.015,4.006,4.004,4.012,4.015,4.238,4.236,4.238,4.235,4.240,4.237,4.236,-59.043,2210.000
4.014,4.009,4.009,4.009,4.017,4.015,4.006,4.237,4.244,4.237,4.237,4.243,4.238,4.240,-59.122,2211.000
4.011,4.006,4.012,4.009,4.012,4.003,4.005,4.234,4.236,4.237,4.236,4.235,4.235,4.236,-59.159,2212.000
4.005,4.008,4.007,4.011,4.010,4.005,4.011,4.232,4.236,4.239,4.232,4.232,4.235,4.229,-59.075,2213.000
4.014,4.003,4.011,4.010,4.011,4.009,4.011,4.237,4.233,4.232,4.234,4.236,4.232,4.240,-59.180,2214.000
4.010,4.006,4.014,4.000,4.007,4.008,4.006,4.232,4.235,4.234,4.240,4.235,4.231,4.238,-59.131,2215.000
4.007,4.009,4.010,4.004,4.007,4.011,4.010,4.240,4.236,4.236,4.232,4.238,4.237,4.234,-59.008,2216.000
4.008,4.010,4.004,4.002,4.011,4.006,4.006,4.235,4.234,4.235,4.230,4.231,4.236,4.233,-58.907,2217.000
4.003,4.002,3.999,4.010,4.006,4.008,4.009,4.234,4.230,4.229,4.229,4.235,4.231,4.237,-58.858,2218.000
4.005,4.009,4.007,4.001,4.003,4.015,4.004,4.231,4.234,4.235,4.236,4.240,4.237,4.237,-59.014,2219.000
4.005,4.006,4.005,4.004,4.010,4.009,4.008,4.230,4.235,4.231,4.233,4.226,4.234,4.231,-59.108,2220.000
4.007,4.004,4.005,4.008,4.004,4.007,3.999,4.236,4.227,4.230,4.229,4.229,4.229,4.231,-59.333,2221.000
4.007,4.004,4.005,4.003,4.005,4.003,4.007,4.228,4.229,4.228,4.230,4.230,4.232,4.236,-59.170,2222.000
4.013,4.013,4.016,4.017,4.019,4.018,4.022,4.311,4.307,4.310,4.305,4.310,4.308,4.307,-59.036,2223.000
4.012,4.010,4.016,4.014,4.020,4.016,4.020,4.304,4.310,4.307,4.306,4.307,4.308,4.306,-59.274,2224.000
4.015,4.017,4.012,4.016,4.017,4.017,4.015,4.311,4.313,4.311,4.308,4.303,4.309,4.313,-59.195,2225.000
4.020,4.016,4.015,4.014,4.021,4.017,4.015,4.310,4.307,4.312,4.308,4.309,4.306,4.311,-59.053,2226.000
4.016,4.017,4.020,4.016,4.015,4.010,4.022,4.309,4.304,4.305,4.314,4.310,4.313,4.307,-58.878,2227.000
4.021,4.015,4.017,4.017,4.021,4.018,4.018,4.308,4.313,4.315,4.311,4.312,4.309,4.312,-58.847,2228.000
4.020,4.019,4.015,4.024,4.015,4.013,4.014,4.315,4.309,4.318,4.306,4.312,4.315,4.306,-58.807,2229.000
4.018,4.024,4.019,4.017,4.017,4.016,4.016,4.316,4.319,4.310,4.314,4.316,4.310,4.311,-59.025,2230.000
4.014,4.021,4.016,4.023,4.018,4.024,4.015,4.310,4.314,4.313,4.312,4.313,4.308,4.313,-59.057,2231.000
4.016,4.015,4.022,4.017,4.025,4.022,4.022,4.310,4.316,4.312,4.315,4.316,4.316,4.313,-59.093,2232.000
4.019,4.019,4.019,4.020,4.019,4.020,4.023,4.311,4.310,4.313,4.318,4.313,4.311,4.311,-59.156,2233.000
4.020,4.019,4.019,4.026,4.019,4.024,4.019,4.314,4.315,4.315,4.314,4.316,4.313,4.310,-59.215,2234.000
4.020,4.022,4.021,4.020,4.021,4.024,4.019,4.316,4.314,4.311,4.311,4.310,4.315,4.318,-58.891,2235.000
4.017,4.019,4.023,4.020,4.018,4.022,4.020,4.313,4.317,4.313,4.304,4.315,4.319,4.318,-59.040,2236.000
4.018,4.015,4.017,4.016,4.020,4.022,4.019,4.312,4.314,4.314,4.314,4.316,4.313,4.318,-59.186,2237.000
4.019,4.020,4.021,4.018,4.016,4.015,4.019,4.316,4.311,4.310,4.311,4.313,4.312,4.311,-59.350,2238.000
4.022,4.020,4.023,4.016,4.017,4.019,4.021,4.306,4.310,4.305,4.309,4.309,4.315,4.314,-59.637,2239.000
4.020,4.013,4.021,4.016,4.017,4.018,4.019,4.307,4.312,4.314,4.315,4.313,4.312,4.319,-59.633,2240.000
4.021,4.017,4.018,4.016,4.022,4.017,4.022,4.309,4.309,4.309,4.314,4.314,4.313,4.315,-59.438,2241.000
4.018,4.018,4.017,4.022,4.023,4.016,4.014,4.316,4.312,4.314,4.312,4.313,4.311,4.313,-59.394,2242.000
4.018,4.024,4.019,4.020,4.016,4.016,4.020,4.312,4.310,4.311,4.318,4.316,4.315,4.317,-59.333,2243.000
4.023,4.021,4.022,4.019,4.018,4.026,4.019,4.316,4.312,4.312,4.316,4.311,4.310,4.309,-58.975,2244.000
4.017,4.016,4.017,4.023,4.015,4.020,4.026,4.312,4.313,4.322,4.318,4.319,4.312,4.312,-59.103,2245.000
4.019,4.024,4.018,4.018,4.022,4.023,4.026,4.313,4.314,4.314,4.315,4.316,4.322,4.322,-59.139,2246.000
4.024,4.027,4.019,4.019,4.015,4.027,4.021,4.317,4.316,4.321,4.317,4.314,4.318,4.316,-59.178,2247.000
4.019,4.017,4.021,4.019,4.023,4.012,4.026,4.317,4.319,4.323,4.315,4.315,4.318,4.315,-59.169,2248.000
4.017,4.025,4.021,4.024,4.020,4.022,4.021,4.312,4.318,4.320,4.320,4.315,4.314,4.314,-59.047,2249.000
4.024,4.020,4.023,4.022,4.020,4.021,4.026,4.317,4.315,4.317,4.316,4.314,4.315,4.318,-59.346,2250.000
4.019,4.020,4.028,4.024,4.024,4.020,4.023,4.317,4.322,4.320,4.315,4.315,4.322,4.310,-59.101,2251.000
4.022,4.022,4.020,4.020,4.021,4.024,4.027,4.313,4.312,4.322,4.319,4.319,4.318,4.316,-59.098,2252.000
4.027,4.025,4.022,4.026,4.028,4.025,4.028,4.321,4.318,4.318,4.322,4.320,4.319,4.316,-58.931,2253.000
4.018,4.025,4.024,4.026,4.022,4.032,4.024,4.319,4.320,4.318,4.314,4.316,4.313,4.319,-58.897,2254.000
4.023,4.023,4.029,4.021,4.034,4.027,4.026,4.319,4.325,4.317,4.320,4.324,4.319,4.322,-59.034,2255.000
4.025,4.027,4.025,4.026,4.024,4.027,4.024,4.320,4.320,4.318,4.322,4.324,4.317,4.320,-58.861,2256.000
4.028,4.024,4.025,4.027,4.022,4.030,4.025,4.321,4.312,4.326,4.317,4.319,4.314,4.315,-58.900,2257.000
4.028,4.028,4.028,4.028,4.030,4.025,4.026,4.328,4.322,4.321,4.325,4.324,4.321,4.325,-58.638,2258.000
4.031,4.024,4.031,4.033,4.029,4.031,4.026,4.325,4.325,4.325,4.323,4.321,4.326,4.327,-58.805,2259.000
4.027,4.026,4.027,4.023,4.026,4.024,4.030,4.324,4.322,4.326,4.324,4.323,4.325,4.325,-59.028,2260.000
4.024,4.026,4.026,4.024,4.022,4.031,4.031,4.318,4.327,4.327,4.326,4.322,4.330,4.322,-59.006,2261.000
4.022,4.024,4.025,4.028,4.026,4.023,4.025,4.317,4.320,4.325,4.324,4.324,4.318,4.319,-58.980,2262.000
4.024,4.028,4.023,4.028,4.019,4.024,4.018,4.325,4.320,4.327,4.320,4.322,4.317,4.319,-58.615,2263.000
4.026,4.017,4.023,4.019,4.019,4.018,4.022,4.316,4.316,4.319,4.319,4.322,4.318,4.321,-58.304,2264.000
4.020,4.022,4.014,4.023,4.017,4.024,4.022,4.315,4.320,4.313,4.317,4.315,4.317,4.319,-58.323,2265.000
4.019,4.015,4.017,4.016,4.015,4.017,4.014,4.326,4.316,4.315,4.309,4.316,4.322,4.318,-58.752,2266.000
4.013,4.018,4.023,4.020,4.018,4.024,4.022,4.314,4.316,4.318,4.324,4.318,4.321,4.319,-58.842,2267.000
4.016,4.017,4.017,4.019,4.018,4.016,4.021,4.319,4.319,4.319,4.317,4.317,4.316,4.316,-59.021,2268.000
4.018,4.018,4.021,4.015,4.014,4.012,4.019,4.321,4.317,4.318,4.319,4.313,4.315,4.324,-58.904,2269.000
4.021,4.014,4.014,4.014,4.014,4.013,4.020,4.325,4.319,4.320,4.317,4.316,4.317,4.319,-58.874,2270.000
4.016,4.016,4.016,4.019,4.015,4.014,4.013,4.319,4.322,4.320,4.314,4.323,4.319,4.323,-58.967,2271.000
4.016,4.019,4.011,4.009,4.016,4.015,4.018,4.319,4.323,4.320,4.321,4.311,4.320,4.320,-58.924,2272.000
4.021,4.015,4.021,4.017,4.020,4.014,4.013,4.317,4.322,4.318,4.316,4.326,4.327,4.322,-58.959,2273.000
4.011,4.017,4.021,4.018,4.021,4.009,4.015,4.321,4.320,4.320,4.317,4.318,4.317,4.319,-58.866,2274.000
4.018,4.014,4.017,4.017,4.016,4.013,4.016,4.319,4.320,4.321,4.321,4.315,4.321,4.318,-59.001,2275.000
4.016,4.022,4.019,4.018,4.012,4.014,4.017,4.320,4.318,4.315,4.313,4.318,4.314,4.322,-59.145,2276.000
4.021,4.012,4.025,4.021,4.018,4.015,4.017,4.318,4.320,4.318,4.317,4.321,4.317,4.324,-59.503,2277.000
4.015,4.023,4.021,4.022,4.023,4.016,4.018,4.317,4.322,4.320,4.320,4.319,4.313,4.320,-59.377,2278.000
4.020,4.020,4.015,4.022,4.023,4.018,4.023,4.320,4.319,4.320,4.317,4.321,4.319,4.316,-59.281,2279.000
4.021,4.019,4.024,4.021,4.015,4.017,4.022,4.318,4.323,4.319,4.324,4.315,4.318,4.321,-59.254,2280.000
4.019,4.021,4.019,4.020,4.016,4.015,4.020,4.321,4.323,4.321,4.315,4.319,4.320,4.313,-59.110,2281.000
4.017,4.017,4.014,4.027,4.015,4.026,4.023,4.318,4.318,4.318,4.312,4.315,4.325,4.319,-58.984,2282.000
4.019,4.021,4.026,4.020,4.022,4.024,4.027,4.321,4.316,4.316,4.321,4.327,4.326,4.330,-59.135,2283.000
4.027,4.024,4.021,4.024,4.023,4.024,4.027,4.313,4.325,4.321,4.324,4.330,4.323,4.318,-59.000,2284.000
4.021,4.023,4.027,4.022,4.021,4.031,4.026,4.320,4.325,4.324,4.321,4.329,4.323,4.325,-58.990,2285.000
4.027,4.022,4.020,4.021,4.026,4.028,4.022,4.325,4.322,4.328,4.327,4.328,4.324,4.321,-58.751,2286.000
4.026,4.027,4.024,4.028,4.030,4.031,4.027,4.320,4.329,4.326,4.328,4.326,4.330,4.338,-59.034,2287.000
4.027,4.034,4.029,4.035,4.029,4.028,4.033,4.328,4.327,4.333,4.327,4.331,4.325,4.329,-59.103,2288.000
4.035,4.034,4.034,4.028,4.027,4.031,4.032,4.334,4.329,4.332,4.334,4.331,4.330,4.330,-59.029,2289.000
4.034,4.034,4.035,4.033,4.038,4.037,4.036,4.329,4.333,4.331,4.324,4.331,4.324,4.329,-59.090,2290.000
4.035,4.031,4.039,4.035,4.031,4.031,4.033,4.332,4.331,4.334,4.327,4.332,4.330,4.330,-59.246,2291.000
4.028,4.038,4.032,4.035,4.028,4.032,4.032,4.332,4.335,4.329,4.332,4.337,4.336,4.334,-59.305,2292.000
4.038,4.033,4.037,4.034,4.032,4.037,4.036,4.335,4.335,4.336,4.336,4.329,4.334,4.338,-59.331,2293.000
4.033,4.036,4.033,4.030,4.032,4.033,4.036,4.337,4.330,4.332,4.328,4.335,4.329,4.332,-59.134,2294.000
4.030,4.035,4.032,4.035,4.038,4.036,4.030,4.337,4.325,4.327,4.325,4.324,4.328,4.328,-59.082,2295.000
4.030,4.030,4.038,4.030,4.030,4.036,4.033,4.332,4.331,4.329,4.328,4.327,4.334,4.331,-59.102,2296.000
4.030,4.036,4.032,4.032,4.032,4.035,4.029,4.334,4.331,4.327,4.327,4.326,4.326,4.324,-59.008,2297.000
4.035,4.033,4.031,4.026,4.035,4.031,4.032,4.334,4.333,4.333,4.331,4.334,4.331,4.332,-59.177,2298.000
4.027,4.034,4.034,4.033,4.030,4.030,4.035,4.331,4.331,4.333,4.332,4.330,4.330,4.331,-59.406,2299.000
4.023,4.031,4.029,4.032,4.034,4.030,4.032,4.324,4.323,4.327,4.328,4.335,4.329,4.328,-59.338,2300.000
4.029,4.032,4.032,4.026,4.027,4.035,4.027,4.333,4.325,4.330,4.325,4.328,4.331,4.325,-59.237,2301.000
4.034,4.028,4.030,4.027,4.029,4.029,4.029,4.330,4.329,4.326,4.330,4.325,4.326,4.324,-59.046,2302.000
4.032,4.030,4.031,4.027,4.026,4.034,4.030,4.330,4.330,4.332,4.333,4.331,4.325,4.329,-59.170,2303.000
4.024,4.030,4.031,4.031,4.027,4.031,4.034,4.335,4.326,4.325,4.323,4.326,4.326,4.327,-59.154,2304.000
4.034,4.032,4.032,4.032,4.029,4.028,4.029,4.329,4.329,4.331,4.326,4.322,4.331,4.327,-58.950,2305.000
4.034,4.029,4.032,4.033,4.029,4.031,4.032,4.322,4.327,4.334,4.332,4.329,4.329,4.323,-59.110,2306.000
4.033,4.032,4.030,4.032,4.032,4.040,4.030,4.326,4.323,4.326,4.335,4.326,4.330,4.329,-59.118,2307.000
4.034,4.029,4.033,4.028,4.033,4.038,4.028,4.335,4.326,4.325,4.329,4.325,4.331,4.328,-58.940,2308.000
4.028,4.033,4.032,4.033,4.035,4.032,4.032,4.327,4.325,4.326,4.330,4.331,4.332,4.327,-58.980,2309.000
4.036,4.029,4.033,4.030,4.033,4.035,4.034,4.334,4.333,4.323,4.329,4.328,4.336,4.325,-59.006,2310.000
4.029,4.033,4.035,4.035,4.032,4.031,4.034,4.328,4.332,4.328,4.326,4.334,4.330,4.332,-58.973,2311.000
4.030,4.026,4.035,4.028,4.031,4.032,4.028,4.332,4.328,4.329,4.329,4.329,4.330,4.325,-58.826,2312.000
4.032,4.033,4.032,4.039,4.032,4.035,4.030,4.327,4.328,4.329,4.325,4.327,4.329,4.334,-58.917,2313.000
4.032,4.038,4.039,4.034,4.035,4.036,4.038,4.327,4.332,4.327,4.333,4.329,4.329,4.337,-58.888,2314.000
4.034,4.038,4.035,4.037,4.036,4.038,4.036,4.331,4.329,4.333,4.330,4.330,4.333,4.328,-58.907,2315.000
4.038,4.035,4.039,4.036,4.037,4.034,4.036,4.332,4.331,4.334,4.329,4.334,4.333,4.335,-58.832,2316.000
4.041,4.039,4.037,4.039,4.036,4.040,4.037,4.334,4.333,4.338,4.337,4.331,4.329,4.331,-58.847,2317.000
4.035,4.034,4.039,4.038,4.037,4.035,4.043,4.330,4.334,4.332,4.341,4.330,4.331,4.334,-58.974,2318.000
4.037,4.029,4.040,4.040,4.037,4.035,4.035,4.335,4.337,4.332,4.334,4.331,4.336,4.329,-58.959,2319.000
4.044,4.032,4.037,4.039,4.034,4.034,4.035,4.332,4.334,4.331,4.334,4.334,4.335,4.332,-58.841,2320.000
4.037,4.045,4.038,4.038,4.038,4.042,4.042,4.332,4.329,4.338,4.328,4.334,4.329,4.337,-58.858,2321.000
4.040,4.042,4.040,4.038,4.039,4.039,4.041,4.338,4.331,4.340,4.333,4.337,4.332,4.332,-59.141,2322.000
4.045,4.038,4.032,4.031,4.041,4.039,4.034,4.339,4.335,4.333,4.335,4.325,4.332,4.328,-59.189,2323.000
4.036,4.033,4.037,4.036,4.037,4.036,4.041,4.331,4.334,4.328,4.335,4.333,4.330,4.335,-59.026,2324.000
4.037,4.038,4.037,4.033,4.041,4.042,4.038,4.332,4.334,4.330,4.333,4.337,4.336,4.332,-58.933,2325.000
4.035,4.039,4.041,4.043,4.036,4.045,4.038,4.330,4.337,4.336,4.331,4.333,4.329,4.333,-58.976,2326.000
4.038,4.032,4.034,4.036,4.035,4.034,4.034,4.332,4.337,4.330,4.332,4.334,4.336,4.332,-59.080,2327.000
4.041,4.033,4.040,4.040,4.033,4.042,4.037,4.332,4.330,4.333,4.336,4.332,4.327,4.333,-59.212,2328.000
4.042,4.035,4.037,4.042,4.036,4.035,4.034,4.326,4.328,4.324,4.331,4.330,4.331,4.333,-59.030,2329.000
4.037,4.032,4.034,4.038,4.037,4.035,4.034,4.329,4.331,4.331,4.327,4.331,4.331,4.331,-58.908,2330.000
4.031,4.034,4.032,4.035,4.042,4.035,4.033,4.329,4.329,4.332,4.331,4.327,4.334,4.332,-58.841,2331.000
4.040,4.039,4.037,4.036,4.040,4.039,4.039,4.332,4.336,4.330,4.330,4.332,4.335,4.334,-59.049,2332.000
4.039,4.036,4.035,4.037,4.036,4.035,4.030,4.327,4.332,4.328,4.331,4.333,4.327,4.334,-59.350,2333.000
4.040,4.034,4.034,4.033,4.035,4.035,4.032,4.333,4.337,4.334,4.331,4.330,4.328,4.329,-59.115,2334.000
4.035,4.036,4.033,4.034,4.035,4.031,4.040,4.327,4.326,4.333,4.329,4.328,4.328,4.331,-59.400,2335.000
4.033,4.032,4.036,4.032,4.032,4.034,4.036,4.334,4.330,4.330,4.333,4.327,4.331,4.330,-59.395,2336.000
4.038,4.026,4.033,4.038,4.035,4.029,4.039,4.330,4.327,4.328,4.333,4.327,4.331,4.333,-59.396,2337.000
4.035,4.039,4.034,4.033,4.031,4.030,4.032,4.332,4.327,4.328,4.326,4.329,4.334,4.331,-59.032,2338.000
4.031,4.034,4.034,4.032,4.028,4.038,4.029,4.328,4.332,4.330,4.333,4.326,4.326,4.330,-59.005,2339.000
4.031,4.034,4.032,4.033,4.039,4.029,4.027,4.328,4.329,4.333,4.325,4.326,4.327,4.325,-58.855,2340.000
4.027,4.024,4.032,4.028,4.030,4.032,4.031,4.325,4.328,4.325,4.328,4.320,4.326,4.333,-58.982,2341.000
4.031,4.027,4.031,4.026,4.035,4.030,4.033,4.331,4.325,4.326,4.327,4.323,4.327,4.328,-59.011,2342.000
4.026,4.031,4.031,4.032,4.030,4.028,4.025,4.325,4.326,4.322,4.326,4.326,4.326,4.323,-59.175,2343.000
4.027,4.030,4.024,4.029,4.025,4.027,4.017,4.321,4.333,4.322,4.325,4.327,4.324,4.327,-58.936,2344.000
4.029,4.029,4.028,4.029,4.027,4.023,4.029,4.325,4.324,4.322,4.322,4.321,4.325,4.326,-59.106,2345.000
4.023,4.024,4.027,4.024,4.023,4.025,4.033,4.325,4.322,4.323,4.321,4.326,4.323,4.322,-59.121,2346.000
4.025,4.023,4.026,4.027,4.029,4.027,4.023,4.322,4.323,4.320,4.320,4.323,4.325,4.323,-59.006,2347.000
4.031,4.032,4.026,4.024,4.028,4.030,4.029,4.330,4.324,4.332,4.332,4.325,4.327,4.323,-59.100,2348.000
4.032,4.026,4.024,4.026,4.030,4.027,4.031,4.322,4.322,4.323,4.320,4.332,4.333,4.328,-59.142,2349.000
4.030,4.030,4.024,4.031,4.028,4.030,4.028,4.327,4.325,4.330,4.325,4.324,4.326,4.333,-59.201,2350.000
4.031,4.025,4.026,4.034,4.028,4.029,4.027,4.328,4.325,4.328,4.329,4.326,4.325,4.325,-58.975,2351.000
4.028,4.033,4.029,4.026,4.029,4.036,4.032,4.334,4.332,4.326,4.328,4.326,4.327,4.332,-58.910,2352.000
4.033,4.033,4.038,4.031,4.036,4.031,4.037,4.331,4.326,4.331,4.333,4.331,4.333,4.327,-58.855,2353.000
4.030,4.040,4.038,4.038,4.032,4.034,4.035,4.335,4.330,4.333,4.329,4.328,4.333,4.333,-59.081,2354.000
4.038,4.039,4.037,4.029,4.031,4.032,4.034,4.326,4.330,4.336,4.333,4.335,4.334,4.340,-59.136,2355.000
4.035,4.040,4.034,4.042,4.035,4.033,4.044,4.331,4.334,4.334,4.332,4.334,4.335,4.335,-59.131,2356.000
4.041,4.041,4.045,4.040,4.039,4.037,4.036,4.336,4.338,4.338,4.335,4.340,4.335,4.339,-58.995,2357.000
4.034,4.038,4.038,4.039,4.042,4.045,4.044,4.340,4.333,4.338,4.333,4.340,4.335,4.339,-59.004,2358.000
4.036,4.038,4.031,4.040,4.040,4.042,4.043,4.335,4.341,4.339,4.343,4.329,4.340,4.337,-58.904,2359.000
4.042,4.043,4.046,4.038,4.043,4.040,4.040,4.345,4.344,4.345,4.341,4.337,4.335,4.338,-58.756,2360.000
4.044,4.049,4.042,4.049,4.041,4.042,4.039,4.341,4.343,4.345,4.335,4.339,4.346,4.346,-58.918,2361.000
4.041,4.043,4.048,4.036,4.037,4.040,4.045,4.338,4.340,4.339,4.344,4.346,4.337,4.341,-59.161,2362.000
4.048,4.039,4.045,4.037,4.046,4.041,4.047,4.336,4.340,4.344,4.340,4.337,4.340,4.338,-59.085,2363.000
4.041,4.040,4.044,4.040,4.042,4.045,4.038,4.341,4.345,4.342,4.338,4.341,4.339,4.342,-58.956,2364.000
4.045,4.046,4.043,4.046,4.049,4.045,4.042,4.340,4.337,4.344,4.340,4.342,4.335,4.343,-58.925,2365.000
4.047,4.048,4.043,4.042,4.047,4.043,4.046,4.338,4.335,4.339,4.340,4.342,4.345,4.339,-59.061,2366.000
4.044,4.043,4.048,4.048,4.047,4.049,4.050,4.338,4.338,4.334,4.338,4.341,4.339,4.340,-59.106,2367.000
4.035,4.047,4.042,4.047,4.041,4.045,4.043,4.339,4.339,4.338,4.334,4.338,4.343,4.340,-59.039,2368.000
4.047,4.042,4.045,4.039,4.051,4.044,4.048,4.339,4.339,4.340,4.336,4.336,4.338,4.338,-59.201,2369.000
4.042,4.042,4.047,4.040,4.044,4.038,4.044,4.339,4.339,4.336,4.338,4.344,4.340,4.340,-58.942,2370.000
4.043,4.042,4.043,4.042,4.037,4.039,4.041,4.341,4.335,4.332,4.332,4.339,4.337,4.336,-58.811,2371.000
4.040,4.040,4.036,4.038,4.039,4.038,4.040,4.346,4.340,4.333,4.339,4.335,4.336,4.332,-58.695,2372.000
4.041,4.033,4.036,4.042,4.040,4.037,4.041,4.346,4.342,4.345,4.342,4.348,4.342,4.336,-58.692,2373.000
4.039,4.029,4.039,4.032,4.036,4.042,4.038,4.339,4.339,4.343,4.344,4.342,4.337,4.340,-58.660,2374.000
4.038,4.041,4.040,4.039,4.036,4.035,4.042,4.337,4.340,4.341,4.334,4.335,4.340,4.342,-58.409,2375.000
4.043,4.040,4.041,4.039,4.041,4.037,4.034,4.339,4.342,4.348,4.342,4.343,4.341,4.339,-58.226,2376.000
4.038,4.044,4.045,4.032,4.043,4.041,4.038,4.340,4.337,4.342,4.340,4.339,4.340,4.340,-58.436,2377.000
4.034,4.040,4.039,4.037,4.043,4.041,4.040,4.341,4.339,4.338,4.341,4.339,4.338,4.340,-58.510,2378.000
4.044,4.044,4.043,4.045,4.042,4.038,4.040,4.335,4.339,4.342,4.347,4.339,4.339,4.338,-58.919,2379.000
4.044,4.046,4.039,4.052,4.043,4.048,4.042,4.341,4.342,4.340,4.344,4.343,4.344,4.347,-59.062,2380.000
4.042,4.046,4.047,4.042,4.043,4.052,4.043,4.347,4.343,4.340,4.341,4.349,4.348,4.342,-59.039,2381.000
4.051,4.044,4.042,4.041,4.046,4.038,4.046,4.351,4.343,4.342,4.341,4.337,4.342,4.343,-59.050,2382.000
4.041,4.044,4.047,4.045,4.044,4.039,4.045,4.345,4.347,4.344,4.350,4.346,4.352,4.352,-59.173,2383.000
4.041,4.042,4.044,4.044,4.043,4.045,4.046,4.349,4.342,4.347,4.340,4.345,4.339,4.336,-59.070,2384.000
4.046,4.046,4.047,4.044,4.040,4.049,4.043,4.341,4.343,4.344,4.349,4.344,4.350,4.348,-59.272,2385.000
4.045,4.043,4.049,4.047,4.047,4.044,4.045,4.344,4.344,4.342,4.340,4.337,4.341,4.338,-59.153,2386.000
4.045,4.046,4.050,4.048,4.050,4.040,4.046,4.343,4.338,4.345,4.348,4.343,4.335,4.341,-59.355,2387.000
4.048,4.046,4.047,4.040,4.049,4.045,4.045,4.345,4.341,4.340,4.342,4.347,4.337,4.345,-59.183,2388.000
4.051,4.045,4.045,4.046,4.045,4.046,4.050,4.336,4.337,4.341,4.342,4.344,4.342,4.341,-59.345,2389.000
4.046,4.049,4.052,4.046,4.048,4.047,4.051,4.338,4.334,4.335,4.344,4.340,4.342,4.342,-59.235,2390.000
4.049,4.045,4.042,4.048,4.043,4.039,4.042,4.343,4.344,4.342,4.339,4.343,4.346,4.346,-59.324,2391.000
4.042,4.046,4.050,4.047,4.045,4.050,4.050,4.345,4.342,4.342,4.344,4.345,4.341,4.345,-59.142,2392.000
4.052,4.048,4.047,4.051,4.042,4.048,4.045,4.345,4.344,4.344,4.343,4.345,4.344,4.335,-59.124,2393.000
4.046,4.047,4.047,4.047,4.042,4.052,4.045,4.347,4.348,4.344,4.339,4.345,4.344,4.340,-59.065,2394.000
4.049,4.044,4.055,4.052,4.053,4.041,4.049,4.345,4.345,4.342,4.347,4.346,4.349,4.339,-58.995,2395.000
4.049,4.050,4.052,4.054,4.051,4.052,4.049,4.341,4.343,4.342,4.347,4.344,4.347,4.340,-58.836,2396.000
4.052,4.054,4.046,4.052,4.054,4.055,4.052,4.343,4.343,4.346,4.340,4.343,4.347,4.340,-58.785,2397.000
4.047,4.047,4.046,4.054,4.047,4.046,4.052,4.350,4.346,4.345,4.343,4.345,4.347,4.348,-58.569,2398.000
4.046,4.048,4.047,4.043,4.051,4.048,4.049,4.345,4.347,4.349,4.341,4.346,4.343,4.348,-58.807,2399.000
4.043,4.055,4.039,4.052,4.046,4.049,4.041,4.347,4.344,4.352,4.346,4.349,4.347,4.345,-59.210,2400.000
4.052,4.040,4.047,4.042,4.047,4.047,4.048,4.354,4.343,4.352,4.356,4.350,4.343,4.344,-58.968,2401.000
4.048,4.043,4.052,4.049,4.048,4.050,4.048,4.343,4.343,4.343,4.349,4.344,4.344,4.345,-58.945,2402.000
4.051,4.050,4.046,4.049,4.051,4.044,4.049,4.340,4.347,4.345,4.343,4.344,4.344,4.344,-58.996,2403.000
4.047,4.043,4.047,4.042,4.050,4.046,4.045,4.343,4.342,4.338,4.344,4.339,4.344,4.342,-58.913,2404.000
4.046,4.047,4.046,4.044,4.050,4.051,4.049,4.343,4.350,4.343,4.345,4.345,4.343,4.345,-59.002,2405.000
4.048,4.050,4.047,4.044,4.049,4.046,4.046,4.337,4.347,4.348,4.347,4.354,4.348,4.344,-59.040,2406.000
4.041,4.044,4.048,4.044,4.050,4.047,4.048,4.344,4.345,4.347,4.348,4.350,4.350,4.349,-58.968,2407.000
4.050,4.045,4.050,4.043,4.049,4.041,4.045,4.348,4.345,4.341,4.342,4.344,4.350,4.345,-59.187,2408.000
4.044,4.048,4.043,4.043,4.045,4.049,4.044,4.348,4.349,4.349,4.343,4.350,4.352,4.340,-59.347,2409.000
4.045,4.038,4.047,4.043,4.052,4.044,4.049,4.347,4.349,4.350,4.352,4.353,4.343,4.351,-59.052,2410.000
4.039,4.047,4.041,4.043,4.043,4.044,4.045,4.343,4.349,4.349,4.344,4.346,4.346,4.346,-59.161,2411.000
4.046,4.042,4.048,4.050,4.047,4.043,4.050,4.342,4.346,4.348,4.346,4.340,4.346,4.350,-59.061,2412.000
4.047,4.039,4.044,4.037,4.043,4.044,4.046,4.343,4.346,4.345,4.345,4.345,4.344,4.345,-59.065,2413.000
4.047,4.052,4.047,4.049,4.047,4.051,4.041,4.346,4.348,4.340,4.346,4.346,4.349,4.344,-59.113,2414.000
4.048,4.051,4.050,4.053,4.044,4.043,4.052,4.340,4.348,4.343,4.343,4.343,4.346,4.342,-58.996,2415.000
4.042,4.052,4.047,4.050,4.046,4.053,4.049,4.344,4.345,4.345,4.343,4.346,4.352,4.344,-59.038,2416.000
4.051,4.050,4.052,4.053,4.051,4.051,4.053,4.345,4.349,4.351,4.352,4.349,4.346,4.347,-59.067,2417.000
4.048,4.057,4.048,4.054,4.046,4.049,4.050,4.349,4.349,4.349,4.348,4.354,4.349,4.347,-58.999,2418.000
4.052,4.059,4.052,4.049,4.052,4.052,4.048,4.347,4.345,4.349,4.348,4.350,4.350,4.357,-58.873,2419.000
4.055,4.049,4.051,4.051,4.054,4.051,4.056,4.352,4.351,4.350,4.354,4.344,4.349,4.347,-58.924,2420.000
4.049,4.056,4.053,4.053,4.052,4.052,4.051,4.357,4.351,4.347,4.357,4.354,4.357,4.349,-59.061,2421.000
4.050,4.050,4.050,4.052,4.052,4.049,4.050,4.348,4.349,4.348,4.350,4.344,4.346,4.350,-58.986,2422.000
4.051,4.051,4.052,4.049,4.046,4.045,4.050,4.348,4.346,4.346,4.345,4.346,4.348,4.346,-59.092,2423.000
4.048,4.045,4.051,4.049,4.047,4.049,4.047,4.350,4.349,4.338,4.340,4.343,4.346,4.345,-59.115,2424.000
4.047,4.048,4.048,4.054,4.047,4.053,4.043,4.342,4.338,4.344,4.343,4.344,4.343,4.345,-59.257,2425.000
4.049,4.046,4.053,4.045,4.048,4.049,4.046,4.343,4.344,4.349,4.346,4.341,4.348,4.346,-59.303,2426.000
4.053,4.051,4.050,4.049,4.055,4.051,4.052,4.353,4.344,4.348,4.356,4.349,4.344,4.344,-59.321,2427.000
4.055,4.052,4.052,4.061,4.052,4.054,4.050,4.351,4.350,4.347,4.350,4.353,4.355,4.354,-59.250,2428.000
4.056,4.061,4.052,4.055,4.055,4.052,4.051,4.355,4.351,4.346,4.356,4.351,4.348,4.357,-59.005,2429.000
4.050,4.055,4.060,4.059,4.048,4.051,4.053,4.358,4.351,4.353,4.347,4.355,4.349,4.347,-59.059,2430.000
4.051,4.055,4.056,4.053,4.056,4.060,4.057,4.345,4.348,4.354,4.352,4.354,4.357,4.352,-59.047,2431.000
4.054,4.056,4.053,4.057,4.059,4.058,4.048,4.350,4.346,4.349,4.353,4.350,4.349,4.354,-59.186,2432.000
4.053,4.054,4.060,4.057,4.052,4.055,4.056,4.352,4.351,4.353,4.358,4.355,4.354,4.358,-59.003,2433.000
4.054,4.054,4.055,4.053,4.057,4.056,4.057,4.356,4.349,4.355,4.350,4.349,4.354,4.348,-59.130,2434.000
4.056,4.052,4.054,4.054,4.058,4.051,4.063,4.354,4.355,4.358,4.349,4.350,4.355,4.349,-59.163,2435.000
4.055,4.056,4.058,4.056,4.060,4.052,4.055,4.352,4.347,4.354,4.347,4.357,4.353,4.352,-59.205,2436.000
4.054,4.054,4.052,4.053,4.059,4.056,4.056,4.350,4.354,4.348,4.351,4.350,4.350,4.350,-59.388,2437.000
4.056,4.055,4.056,4.055,4.051,4.057,4.057,4.353,4.351,4.351,4.358,4.352,4.351,4.356,-59.363,2438.000
4.052,4.059,4.053,4.058,4.053,4.054,4.060,4.352,4.349,4.353,4.350,4.349,4.349,4.350,-59.117,2439.000
4.057,4.056,4.057,4.055,4.054,4.054,4.053,4.352,4.357,4.357,4.354,4.344,4.356,4.354,-58.933,2440.000
4.058,4.055,4.051,4.061,4.059,4.058,4.054,4.350,4.350,4.349,4.355,4.356,4.349,4.355,-59.236,2441.000
4.052,4.053,4.055,4.058,4.052,4.053,4.058,4.346,4.355,4.354,4.348,4.347,4.348,4.350,-59.270,2442.000
4.062,4.055,4.060,4.049,4.054,4.056,4.055,4.358,4.351,4.356,4.351,4.358,4.349,4.350,-59.180,2443.000
4.053,4.053,4.057,4.055,4.058,4.056,4.057,4.356,4.349,4.353,4.349,4.355,4.353,4.358,-59.239,2444.000
4.056,4.051,4.054,4.054,4.052,4.054,4.056,4.352,4.349,4.349,4.343,4.347,4.348,4.347,-59.260,2445.000
4.055,4.052,4.052,4.051,4.055,4.051,4.052,4.351,4.349,4.351,4.347,4.350,4.344,4.346,-59.202,2446.000
4.058,4.048,4.050,4.051,4.055,4.050,4.057,4.347,4.349,4.351,4.354,4.351,4.347,4.347,-59.089,2447.000
4.053,4.052,4.050,4.049,4.049,4.053,4.045,4.347,4.345,4.352,4.355,4.349,4.347,4.350,-59.218,2448.000
4.050,4.051,4.054,4.053,4.052,4.052,4.052,4.346,4.347,4.351,4.351,4.350,4.344,4.346,-59.076,2449.000
4.052,4.051,4.051,4.052,4.051,4.051,4.051,4.352,4.348,4.352,4.349,4.344,4.353,4.344,-59.066,2450.000
4.044,4.051,4.050,4.052,4.052,4.055,4.054,4.349,4.344,4.351,4.345,4.345,4.347,4.350,-59.027,2451.000
4.050,4.049,4.054,4.054,4.043,4.047,4.053,4.345,4.348,4.350,4.350,4.351,4.348,4.348,-58.999,2452.000
4.051,4.053,4.054,4.049,4.059,4.057,4.055,4.346,4.348,4.350,4.347,4.353,4.354,4.350,-59.044,2453.000
4.055,4.058,4.056,4.056,4.056,4.055,4.058,4.349,4.352,4.360,4.356,4.358,4.355,4.354,-58.955,2454.000
4.061,4.057,4.057,4.056,4.061,4.054,4.065,4.352,4.355,4.357,4.355,4.350,4.352,4.355,-59.210,2455.000
4.059,4.058,4.056,4.051,4.060,4.050,4.052,4.357,4.355,4.356,4.350,4.351,4.356,4.355,-59.094,2456.000
4.053,4.059,4.059,4.056,4.057,4.059,4.054,4.349,4.355,4.353,4.355,4.354,4.357,4.357,-59.146,2457.000
4.054,4.054,4.059,4.059,4.057,4.062,4.056,4.354,4.353,4.356,4.351,4.360,4.363,4.356,-59.155,2458.000
4.052,4.057,4.058,4.063,4.052,4.054,4.058,4.357,4.358,4.358,4.352,4.347,4.347,4.348,-58.935,2459.000
4.065,4.057,4.061,4.060,4.057,4.058,4.060,4.348,4.355,4.352,4.356,4.355,4.352,4.353,-58.936,2460.000
4.055,4.062,4.057,4.065,4.053,4.058,4.056,4.359,4.358,4.349,4.353,4.351,4.350,4.355,-58.897,2461.000
4.051,4.064,4.053,4.057,4.061,4.062,4.057,4.353,4.352,4.353,4.354,4.356,4.351,4.349,-58.830,2462.000
4.058,4.056,4.059,4.056,4.060,4.058,4.050,4.353,4.354,4.352,4.356,4.353,4.354,4.355,-58.988,2463.000
4.057,4.068,4.051,4.061,4.058,4.059,4.060,4.350,4.357,4.351,4.353,4.355,4.351,4.350,-58.927,2464.000
4.053,4.056,4.060,4.052,4.055,4.061,4.057,4.352,4.349,4.357,4.348,4.349,4.357,4.360,-59.138,2465.000
4.052,4.055,4.054,4.059,4.058,4.055,4.059,4.358,4.355,4.352,4.353,4.349,4.363,4.354,-59.152,2466.000
4.057,4.058,4.060,4.056,4.060,4.058,4.053,4.357,4.355,4.345,4.351,4.355,4.351,4.356,-59.109,2467.000
4.059,4.058,4.055,4.061,4.065,4.056,4.059,4.360,4.357,4.358,4.352,4.354,4.354,4.359,-59.057,2468.000
4.056,4.059,4.059,4.063,4.056,4.055,4.060,4.353,4.358,4.356,4.360,4.352,4.355,4.359,-59.036,2469.000
4.065,4.060,4.061,4.059,4.061,4.061,4.059,4.362,4.362,4.358,4.361,4.357,4.359,4.361,-58.961,2470.000
4.065,4.057,4.057,4.059,4.060,4.058,4.058,4.363,4.355,4.357,4.364,4.354,4.358,4.351,-59.102,2471.000
4.057,4.061,4.057,4.066,4.058,4.062,4.056,4.357,4.359,4.359,4.358,4.357,4.356,4.354,-58.995,2472.000
4.066,4.064,4.063,4.060,4.066,4.058,4.062,4.360,4.356,4.359,4.351,4.358,4.352,4.354,-59.200,2473.000
4.062,4.060,4.057,4.064,4.063,4.061,4.063,4.364,4.361,4.361,4.355,4.365,4.364,4.360,-59.161,2474.000
4.058,4.063,4.065,4.057,4.067,4.061,4.058,4.360,4.356,4.359,4.358,4.356,4.361,4.365,-58.967,2475.000
4.064,4.058,4.058,4.061,4.059,4.058,4.066,4.368,4.365,4.366,4.362,4.359,4.365,4.367,-58.792,2476.000
4.066,4.063,4.061,4.065,4.062,4.058,4.064,4.365,4.360,4.362,4.362,4.363,4.360,4.361,-58.980,2477.000
4.067,4.060,4.064,4.058,4.063,4.060,4.063,4.366,4.365,4.365,4.364,4.364,4.362,4.360,-58.923,2478.000
4.064,4.064,4.063,4.064,4.057,4.068,4.062,4.360,4.361,4.358,4.357,4.363,4.367,4.362,-58.988,2479.000
4.057,4.062,4.059,4.061,4.060,4.058,4.059,4.362,4.357,4.362,4.361,4.359,4.358,4.354,-58.873,2480.000
4.061,4.059,4.056,4.063,4.063,4.061,4.062,4.362,4.360,4.360,4.358,4.355,4.362,4.364,-59.101,2481.000
4.064,4.063,4.061,4.065,4.060,4.066,4.058,4.364,4.369,4.364,4.360,4.362,4.358,4.363,-59.209,2482.000
4.061,4.066,4.067,4.064,4.066,4.061,4.060,4.363,4.367,4.365,4.365,4.367,4.368,4.361,-59.333,2483.000
4.065,4.063,4.066,4.055,4.065,4.058,4.063,4.365,4.366,4.365,4.362,4.359,4.359,4.357,-59.133,2484.000
4.064,4.057,4.062,4.060,4.065,4.067,4.067,4.364,4.363,4.359,4.366,4.372,4.365,4.364,-58.989,2485.000
4.064,4.057,4.062,4.060,4.061,4.059,4.062,4.361,4.363,4.355,4.366,4.361,4.367,4.362,-58.856,2486.000
4.067,4.064,4.062,4.062,4.056,4.062,4.064,4.367,4.361,4.360,4.359,4.361,4.357,4.362,-58.918,2487.000
4.057,4.060,4.063,4.058,4.062,4.064,4.062,4.366,4.362,4.369,4.367,4.361,4.368,4.365,-58.850,2488.000
4.059,4.063,4.060,4.064,4.061,4.066,4.063,4.363,4.358,4.360,4.362,4.365,4.366,4.364,-59.068,2489.000
4.063,4.060,4.058,4.068,4.063,4.068,4.063,4.359,4.366,4.372,4.368,4.372,4.370,4.367,-59.055,2490.000
4.070,4.063,4.063,4.065,4.062,4.063,4.066,4.366,4.370,4.366,4.369,4.362,4.367,4.361,-59.171,2491.000
4.065,4.065,4.063,4.063,4.067,4.059,4.069,4.370,4.366,4.364,4.365,4.367,4.368,4.371,-58.983,2492.000
4.067,4.071,4.066,4.065,4.067,4.072,4.074,4.368,4.362,4.360,4.368,4.359,4.368,4.367,-58.877,2493.000
4.062,4.064,4.067,4.064,4.063,4.065,4.071,4.364,4.364,4.363,4.369,4.363,4.358,4.359,-58.941,2494.000
4.065,4.064,4.066,4.065,4.065,4.064,4.066,4.356,4.360,4.365,4.368,4.370,4.367,4.362,-59.023,2495.000
4.064,4.065,4.067,4.061,4.068,4.066,4.064,4.364,4.366,4.367,4.364,4.365,4.367,4.363,-59.095,2496.000
4.072,4.074,4.065,4.069,4.072,4.068,4.066,4.360,4.364,4.363,4.360,4.365,4.367,4.362,-59.167,2497.000
4.063,4.064,4.062,4.070,4.064,4.068,4.062,4.368,4.367,4.366,4.369,4.364,4.365,4.368,-59.149,2498.000
4.066,4.067,4.062,4.059,4.074,4.065,4.071,4.370,4.366,4.372,4.367,4.368,4.362,4.365,-59.082,2499.000
4.062,4.065,4.058,4.072,4.060,4.068,4.064,4.371,4.372,4.371,4.369,4.370,4.367,4.370,-59.047,2500.000
4.069,4.067,4.068,4.065,4.071,4.064,4.072,4.370,4.364,4.366,4.371,4.367,4.367,4.365,-59.012,2501.000
4.067,4.071,4.065,4.068,4.070,4.064,4.066,4.375,4.364,4.363,4.362,4.365,4.362,4.371,-59.205,2502.000
4.070,4.066,4.070,4.068,4.066,4.069,4.066,4.369,4.369,4.370,4.368,4.372,4.369,4.371,-59.388,2503.000
4.070,4.066,4.065,4.070,4.073,4.075,4.068,4.374,4.366,4.368,4.371,4.368,4.371,4.374,-59.084,2504.000
4.073,4.070,4.072,4.070,4.068,4.068,4.072,4.375,4.371,4.364,4.373,4.373,4.372,4.369,-59.272,2505.000
4.078,4.072,4.070,4.076,4.073,4.073,4.071,4.376,4.371,4.373,4.373,4.374,4.373,4.374,-59.114,2506.000
4.069,4.075,4.074,4.071,4.074,4.068,4.071,4.374,4.372,4.370,4.368,4.369,4.373,4.373,-59.043,2507.000
4.070,4.068,4.070,4.073,4.082,4.072,4.072,4.377,4.372,4.371,4.371,4.379,4.377,4.375,-59.057,2508.000
4.075,4.068,4.070,4.065,4.077,4.069,4.068,4.374,4.377,4.360,4.372,4.377,4.368,4.375,-58.981,2509.000
4.070,4.069,4.074,4.072,4.072,4.075,4.075,4.371,4.375,4.373,4.378,4.377,4.373,4.372,-59.077,2510.000
4.072,4.066,4.076,4.068,4.068,4.074,4.072,4.365,4.369,4.369,4.374,4.376,4.377,4.367,-58.984,2511.000
4.072,4.072,4.068,4.068,4.068,4.071,4.066,4.368,4.377,4.368,4.374,4.372,4.374,4.371,-59.181,2512.000
4.075,4.067,4.070,4.072,4.072,4.075,4.066,4.370,4.368,4.373,4.370,4.370,4.370,4.369,-59.173,2513.000
4.065,4.072,4.073,4.074,4.068,4.067,4.072,4.363,4.367,4.371,4.371,4.375,4.369,4.371,-58.930,2514.000
4.070,4.073,4.068,4.070,4.069,4.066,4.065,4.367,4.369,4.367,4.367,4.367,4.366,4.368,-59.030,2515.000
4.068,4.067,4.073,4.070,4.069,4.067,4.069,4.365,4.373,4.368,4.374,4.375,4.369,4.368,-59.048,2516.000
4.070,4.065,4.071,4.068,4.067,4.064,4.065,4.368,4.367,4.366,4.367,4.369,4.368,4.368,-59.155,2517.000
4.069,4.073,4.070,4.072,4.071,4.067,4.069,4.370,4.370,4.369,4.371,4.367,4.368,4.371,-59.122,2518.000
4.068,4.070,4.069,4.074,4.072,4.071,4.070,4.366,4.375,4.367,4.366,4.369,4.369,4.368,-59.208,2519.000
4.064,4.071,4.067,4.068,4.071,4.067,4.071,4.366,4.365,4.366,4.365,4.373,4.371,4.368,-59.279,2520.000
4.069,4.067,4.071,4.070,4.072,4.073,4.072,4.370,4.373,4.371,4.370,4.365,4.370,4.368,-59.163,2521.000
4.065,4.076,4.074,4.069,4.073,4.071,4.072,4.369,4.368,4.375,4.377,4.374,4.366,4.374,-59.262,2522.000
4.073,4.075,4.069,4.075,4.071,4.074,4.068,4.371,4.370,4.369,4.371,4.369,4.371,4.373,-59.400,2523.000
4.067,4.071,4.073,4.068,4.071,4.068,4.069,4.371,4.368,4.371,4.366,4.370,4.372,4.369,-59.198,2524.000
4.071,4.069,4.073,4.072,4.068,4.074,4.071,4.380,4.374,4.369,4.369,4.380,4.374,4.371,-59.394,2525.000
4.069,4.071,4.075,4.071,4.074,4.073,4.078,4.375,4.378,4.372,4.374,4.373,4.369,4.367,-59.447,2526.000
4.072,4.069,4.066,4.070,4.071,4.070,4.072,4.373,4.375,4.369,4.369,4.377,4.367,4.374,-59.375,2527.000
4.076,4.081,4.076,4.076,4.072,4.079,4.074,4.374,4.373,4.377,4.377,4.376,4.371,4.374,-59.267,2528.000
4.072,4.073,4.074,4.076,4.080,4.072,4.069,4.373,4.371,4.370,4.371,4.374,4.375,4.380,-58.925,2529.000
4.077,4.076,4.083,4.079,4.075,4.075,4.079,4.374,4.383,4.374,4.378,4.376,4.379,4.372,-58.869,2530.000
4.077,4.082,4.074,4.077,4.081,4.075,4.077,4.380,4.377,4.375,4.381,4.388,4.386,4.379,-58.970,2531.000
4.077,4.077,4.082,4.076,4.077,4.081,4.081,4.382,4.386,4.382,4.381,4.385,4.384,4.376,-59.067,2532.000
4.082,4.077,4.077,4.084,4.081,4.076,4.080,4.379,4.378,4.377,4.381,4.382,4.375,4.380,-59.174,2533.000
4.080,4.084,4.082,4.077,4.080,4.085,4.077,4.378,4.381,4.382,4.382,4.382,4.380,4.380,-59.154,2534.000
4.077,4.079,4.079,4.076,4.077,4.080,4.073,4.377,4.375,4.379,4.377,4.377,4.381,4.383,-59.121,2535.000
4.075,4.080,4.077,4.084,4.079,4.077,4.077,4.375,4.378,4.376,4.372,4.371,4.379,4.380,-59.171,2536.000
4.070,4.083,4.078,4.076,4.079,4.077,4.087,4.381,4.378,4.377,4.375,4.385,4.381,4.377,-59.135,2537.000
4.081,4.079,4.082,4.079,4.080,4.081,4.075,4.385,4.376,4.378,4.379,4.378,4.379,4.378,-59.109,2538.000
4.079,4.079,4.078,4.081,4.072,4.082,4.076,4.378,4.374,4.375,4.378,4.374,4.376,4.378,-59.252,2539.000
4.075,4.081,4.077,4.077,4.075,4.078,4.079,4.383,4.380,4.374,4.382,4.378,4.376,4.376,-59.242,2540.000
4.077,4.073,4.074,4.079,4.083,4.081,4.076,4.376,4.379,4.375,4.380,4.382,4.374,4.378,-58.942,2541.000
4.074,4.076,4.074,4.073,4.080,4.073,4.079,4.372,4.369,4.377,4.382,4.385,4.383,4.375,-58.954,2542.000
4.077,4.073,4.078,4.082,4.074,4.078,4.075,4.372,4.374,4.378,4.377,4.378,4.382,4.374,-58.876,2543.000
4.077,4.079,4.076,4.083,4.078,4.078,4.080,4.372,4.378,4.372,4.376,4.375,4.378,4.374,-58.762,2544.000
4.075,4.080,4.078,4.076,4.075,4.077,4.075,4.373,4.376,4.379,4.375,4.379,4.375,4.376,-59.038,2545.000
4.074,4.074,4.073,4.071,4.072,4.075,4.073,4.374,4.375,4.374,4.375,4.374,4.374,4.375,-59.203,2546.000
4.076,4.077,4.075,4.076,4.074,4.075,4.071,4.378,4.378,4.378,4.377,4.381,4.376,4.376,-59.305,2547.000
4.084,4.076,4.070,4.077,4.072,4.073,4.076,4.374,4.370,4.378,4.377,4.377,4.380,4.379,-59.283,2548.000
4.077,4.074,4.076,4.073,4.077,4.078,4.079,4.374,4.381,4.375,4.377,4.374,4.374,4.377,-59.200,2549.000
4.073,4.073,4.081,4.076,4.067,4.079,4.073,4.376,4.380,4.382,4.373,4.375,4.377,4.376,-59.246,2550.000
4.077,4.080,4.075,4.077,4.074,4.078,4.081,4.372,4.374,4.369,4.382,4.373,4.375,4.375,-59.447,2551.000
4.074,4.076,4.079,4.081,4.078,4.077,4.074,4.369,4.374,4.375,4.374,4.375,4.377,4.376,-59.380,2552.000
4.072,4.079,4.077,4.077,4.073,4.073,4.073,4.372,4.376,4.380,4.376,4.379,4.369,4.377,-59.125,2553.000
4.072,4.082,4.075,4.069,4.072,4.076,4.074,4.369,4.375,4.377,4.378,4.376,4.378,4.374,-59.349,2554.000
4.079,4.074,4.073,4.080,4.077,4.079,4.072,4.384,4.375,4.375,4.379,4.377,4.379,4.373,-59.272,2555.000
4.079,4.076,4.078,4.083,4.078,4.076,4.073,4.380,4.370,4.372,4.371,4.371,4.370,4.374,-59.236,2556.000
4.077,4.079,4.076,4.076,4.078,4.076,4.077,4.378,4.383,4.379,4.379,4.379,4.376,4.376,-59.108,2557.000
4.077,4.075,4.073,4.081,4.080,4.078,4.076,4.371,4.374,4.371,4.374,4.372,4.378,4.372,-59.167,2558.000
4.081,4.082,4.083,4.077,4.080,4.080,4.076,4.381,4.382,4.377,4.375,4.380,4.376,4.376,-59.172,2559.000
4.083,4.082,4.072,4.079,4.075,4.079,4.078,4.381,4.383,4.382,4.380,4.374,4.377,4.378,-59.307,2560.000
4.077,4.083,4.086,4.080,4.082,4.080,4.077,4.381,4.387,4.380,4.382,4.378,4.380,4.379,-59.211,2561.000
4.083,4.082,4.077,4.083,4.078,4.080,4.084,4.385,4.382,4.390,4.380,4.385,4.386,4.388,-59.559,2562.000
4.077,4.081,4.082,4.079,4.075,4.080,4.078,4.378,4.375,4.379,4.382,4.381,4.378,4.382,-59.364,2563.000
4.082,4.082,4.080,4.085,4.080,4.085,4.082,4.377,4.384,4.384,4.385,4.378,4.385,4.375,-59.287,2564.000
4.083,4.074,4.087,4.075,4.086,4.079,4.086,4.384,4.380,4.382,4.380,4.382,4.380,4.379,-59.040,2565.000
4.085,4.077,4.079,4.083,4.083,4.081,4.075,4.383,4.383,4.384,4.377,4.378,4.384,4.381,-58.899,2566.000
4.079,4.082,4.084,4.084,4.081,4.087,4.080,4.381,4.383,4.378,4.381,4.384,4.386,4.384,-58.968,2567.000
4.084,4.078,4.082,4.083,4.084,4.080,4.084,4.382,4.387,4.383,4.386,4.381,4.383,4.390,-59.073,2568.000
4.086,4.080,4.087,4.083,4.084,4.086,4.083,4.382,4.388,4.385,4.385,4.391,4.384,4.389,-59.151,2569.000
4.080,4.083,4.080,4.086,4.089,4.085,4.082,4.380,4.384,4.380,4.379,4.389,4.393,4.379,-59.118,2570.000
4.088,4.086,4.088,4.085,4.087,4.080,4.084,4.382,4.386,4.384,4.381,4.385,4.383,4.387,-59.308,2571.000
4.090,4.086,4.084,4.083,4.083,4.085,4.081,4.380,4.380,4.384,4.385,4.383,4.382,4.383,-59.325,2572.000
4.079,4.085,4.081,4.082,4.083,4.083,4.081,4.380,4.376,4.383,4.375,4.382,4.385,4.384,-59.359,2573.000
4.086,4.077,4.080,4.085,4.080,4.084,4.084,4.380,4.379,4.383,4.381,4.382,4.385,4.381,-59.197,2574.000
4.082,4.086,4.080,4.081,4.080,4.078,4.080,4.378,4.384,4.382,4.377,4.381,4.377,4.386,-59.269,2575.000
4.081,4.083,4.087,4.080,4.081,4.084,4.085,4.381,4.381,4.378,4.382,4.383,4.386,4.385,-59.285,2576.000
4.081,4.082,4.081,4.086,4.084,4.082,4.078,4.377,4.378,4.375,4.381,4.379,4.377,4.377,-59.060,2577.000
4.082,4.081,4.084,4.083,4.081,4.079,4.080,4.381,4.381,4.381,4.379,4.378,4.379,4.382,-58.946,2578.000
4.082,4.079,4.082,4.087,4.077,4.081,4.079,4.377,4.379,4.385,4.381,4.377,4.381,4.386,-59.149,2579.000
4.084,4.081,4.079,4.081,4.085,4.080,4.083,4.380,4.379,4.382,4.383,4.382,4.381,4.383,-59.011,2580.000
4.077,4.083,4.073,4.072,4.083,4.079,4.082,4.374,4.375,4.379,4.379,4.380,4.380,4.382,-58.956,2581.000
4.076,4.081,4.076,4.080,4.082,4.077,4.077,4.377,4.374,4.385,4.384,4.380,4.379,4.379,-58.737,2582.000
4.079,4.080,4.086,4.086,4.077,4.083,4.083,4.374,4.377,4.377,4.380,4.373,4.382,4.387,-58.630,2583.000
4.078,4.085,4.073,4.083,4.077,4.078,4.081,4.373,4.377,4.376,4.373,4.377,4.378,4.377,-58.903,2584.000
4.079,4.074,4.078,4.080,4.079,4.078,4.078,4.378,4.373,4.373,4.374,4.380,4.384,4.380,-58.958,2585.000
4.074,4.077,4.077,4.081,4.073,4.076,4.079,4.372,4.378,4.378,4.381,4.376,4.377,4.376,-58.947,2586.000
4.077,4.077,4.073,4.079,4.072,4.080,4.075,4.374,4.375,4.373,4.375,4.378,4.377,4.376,-58.903,2587.000
4.074,4.078,4.077,4.080,4.074,4.083,4.076,4.369,4.376,4.373,4.378,4.378,4.375,4.380,-58.387,2588.000
4.080,4.073,4.075,4.074,4.081,4.074,4.077,4.382,4.374,4.375,4.381,4.380,4.376,4.384,-58.697,2589.000
4.076,4.079,4.073,4.077,4.077,4.083,4.078,4.385,4.377,4.380,4.379,4.374,4.376,4.377,-58.847,2590.000
4.077,4.073,4.078,4.081,4.073,4.075,4.074,4.382,4.379,4.385,4.376,4.376,4.381,4.381,-58.912,2591.000
4.076,4.079,4.077,4.082,4.079,4.079,4.084,4.375,4.379,4.379,4.371,4.383,4.373,4.380,-59.025,2592.000
4.075,4.079,4.075,4.080,4.077,4.079,4.078,4.376,4.377,4.383,4.377,4.380,4.383,4.386,-59.071,2593.000
4.076,4.081,4.077,4.076,4.079,4.079,4.075,4.384,4.381,4.386,4.384,4.377,4.379,4.379,-59.167,2594.000
4.074,4.079,4.077,4.078,4.074,4.082,4.081,4.386,4.389,4.387,4.390,4.383,4.381,4.383,-59.157,2595.000
4.079,4.077,4.082,4.083,4.078,4.074,4.078,4.387,4.379,4.384,4.384,4.387,4.383,4.380,-58.921,2596.000
4.080,4.078,4.083,4.080,4.083,4.075,4.076,4.388,4.388,4.392,4.388,4.389,4.386,4.385,-59.046,2597.000
4.077,4.077,4.079,4.084,4.079,4.083,4.077,4.386,4.385,4.393,4.388,4.377,4.386,4.387,-59.187,2598.000
4.077,4.079,4.081,4.087,4.080,4.081,4.076,4.385,4.380,4.389,4.392,4.392,4.393,4.386,-59.202,2599.000
4.077,4.080,4.076,4.085,4.081,4.085,4.082,4.386,4.385,4.387,4.387,4.389,4.389,4.390,-59.072,2600.000
4.078,4.082,4.079,4.079,4.077,4.082,4.079,4.387,4.391,4.385,4.383,4.386,4.381,4.390,-59.000,2601.000
4.070,4.083,4.081,4.076,4.077,4.079,4.081,4.390,4.386,4.384,4.385,4.394,4.391,4.390,-59.028,2602.000
4.080,4.080,4.079,4.075,4.082,4.075,4.083,4.394,4.387,4.385,4.388,4.385,4.387,4.387,-59.070,2603.000
4.076,4.082,4.081,4.085,4.077,4.083,4.074,4.389,4.390,4.395,4.400,4.393,4.399,4.389,-59.078,2604.000
4.082,4.085,4.082,4.087,4.079,4.084,4.083,4.391,4.389,4.388,4.395,4.393,4.393,4.391,-59.111,2605.000
4.088,4.088,4.089,4.084,4.084,4.086,4.087,4.392,4.388,4.389,4.393,4.391,4.392,4.398,-58.932,2606.000
4.082,4.083,4.087,4.082,4.081,4.079,4.082,4.389,4.388,4.392,4.393,4.399,4.400,4.390,-59.016,2607.000
4.090,4.082,4.080,4.086,4.085,4.087,4.088,4.387,4.394,4.389,4.394,4.397,4.392,4.393,-58.945,2608.000
4.082,4.087,4.086,4.088,4.087,4.090,4.088,4.392,4.394,4.395,4.393,4.395,4.398,4.396,-58.946,2609.000
4.084,4.082,4.088,4.082,4.087,4.089,4.086,4.394,4.395,4.397,4.395,4.392,4.392,4.395,-58.866,2610.000
4.094,4.086,4.089,4.088,4.092,4.083,4.083,4.388,4.395,4.396,4.396,4.400,4.396,4.394,-58.916,2611.000
4.086,4.090,4.087,4.089,4.092,4.089,4.089,4.400,4.401,4.399,4.399,4.401,4.396,4.387,-59.160,2612.000
4.089,4.088,4.084,4.086,4.090,4.084,4.092,4.396,4.396,4.388,4.391,4.391,4.392,4.395,-59.230,2613.000
4.087,4.084,4.088,4.087,4.091,4.089,4.088,4.400,4.392,4.391,4.398,4.398,4.395,4.388,-59.303,2614.000
4.089,4.087,4.084,4.092,4.090,4.086,4.088,4.395,4.392,4.391,4.390,4.395,4.393,4.391,-59.151,2615.000
4.086,4.089,4.090,4.087,4.083,4.083,4.090,4.388,4.392,4.387,4.391,4.385,4.388,4.384,-59.188,2616.000
4.087,4.082,4.087,4.088,4.081,4.088,4.087,4.395,4.394,4.385,4.393,4.390,4.390,4.396,-59.089,2617.000
4.085,4.082,4.086,4.081,4.083,4.090,4.081,4.388,4.388,4.384,4.390,4.388,4.390,4.388,-59.161,2618.000
4.086,4.088,4.082,4.085,4.084,4.088,4.087,4.382,4.393,4.384,4.390,4.381,4.387,4.390,-58.907,2619.000
4.086,4.088,4.081,4.083,4.083,4.086,4.082,4.387,4.384,4.390,4.385,4.388,4.385,4.389,-58.974,2620.000
4.082,4.086,4.081,4.083,4.083,4.085,4.078,4.388,4.384,4.388,4.381,4.385,4.386,4.385,-58.980,2621.000
4.081,4.081,4.084,4.081,4.079,4.079,4.085,4.386,4.390,4.379,4.387,4.381,4.381,4.383,-59.145,2622.000
4.083,4.088,4.083,4.083,4.088,4.083,4.083,4.384,4.388,4.384,4.387,4.385,4.383,4.386,-59.174,2623.000
4.086,4.081,4.077,4.084,4.083,4.078,4.085,4.387,4.386,4.386,4.388,4.386,4.382,4.389,-59.347,2624.000
4.075,4.082,4.075,4.083,4.081,4.081,4.084,4.379,4.381,4.383,4.386,4.378,4.381,4.386,-59.296,2625.000
4.083,4.089,4.083,4.081,4.079,4.083,4.081,4.388,4.391,4.386,4.384,4.384,4.389,4.388,-59.297,2626.000
4.080,4.086,4.085,4.084,4.086,4.087,4.080,4.391,4.394,4.389,4.386,4.387,4.384,4.387,-59.072,2627.000
4.079,4.085,4.089,4.082,4.086,4.082,4.082,4.382,4.388,4.387,4.379,4.379,4.385,4.389,-59.092,2628.000
4.087,4.085,4.089,4.083,4.087,4.085,4.092,4.390,4.384,4.394,4.382,4.388,4.390,4.387,-59.185,2629.000
4.087,4.084,4.091,4.088,4.087,4.087,4.090,4.394,4.389,4.393,4.394,4.396,4.393,4.392,-58.965,2630.000
4.088,4.092,4.084,4.088,4.088,4.088,4.090,4.390,4.395,4.393,4.398,4.392,4.394,4.398,-59.114,2631.000
4.088,4.092,4.095,4.087,4.089,4.096,4.091,4.387,4.394,4.393,4.393,4.394,4.388,4.397,-59.251,2632.000
4.097,4.089,4.090,4.089,4.089,4.085,4.092,4.400,4.395,4.395,4.395,4.392,4.397,4.402,-59.313,2633.000
4.093,4.093,4.088,4.093,4.093,4.087,4.090,4.398,4.397,4.395,4.394,4.397,4.399,4.399,-59.248,2634.000
4.086,4.095,4.090,4.096,4.092,4.097,4.095,4.392,4.400,4.394,4.397,4.396,4.401,4.397,-59.315,2635.000
4.092,4.089,4.093,4.102,4.095,4.093,4.092,4.400,4.395,4.395,4.399,4.400,4.404,4.396,-59.200,2636.000
4.097,4.089,4.097,4.087,4.093,4.092,4.090,4.403,4.409,4.400,4.403,4.395,4.399,4.403,-59.164,2637.000
4.086,4.086,4.101,4.099,4.093,4.098,4.087,4.399,4.394,4.400,4.403,4.399,4.399,4.401,-59.199,2638.000
4.102,4.094,4.095,4.095,4.101,4.094,4.097,4.403,4.405,4.402,4.404,4.404,4.395,4.400,-59.123,2639.000
4.091,4.092,4.098,4.093,4.098,4.093,4.090,4.398,4.395,4.403,4.400,4.400,4.400,4.402,-59.075,2640.000
4.094,4.094,4.094,4.093,4.097,4.095,4.094,4.399,4.405,4.403,4.398,4.394,4.402,4.407,-59.145,2641.000
4.091,4.098,4.092,4.096,4.094,4.095,4.096,4.395,4.400,4.395,4.400,4.398,4.398,4.403,-59.080,2642.000
4.094,4.096,4.096,4.094,4.091,4.088,4.098,4.397,4.399,4.399,4.397,4.399,4.401,4.401,-59.009,2643.000
4.093,4.097,4.092,4.098,4.094,4.101,4.093,4.398,4.402,4.401,4.393,4.396,4.403,4.394,-59.215,2644.000
4.090,4.095,4.095,4.097,4.093,4.091,4.094,4.398,4.394,4.400,4.400,4.400,4.398,4.399,-59.231,2645.000
4.095,4.088,4.093,4.089,4.092,4.090,4.094,4.396,4.401,4.396,4.395,4.399,4.394,4.393,-59.104,2646.000
4.094,4.087,4.089,4.085,4.089,4.087,4.091,4.389,4.391,4.390,4.392,4.391,4.392,4.388,-59.034,2647.000
4.097,4.084,4.085,4.088,4.085,4.087,4.088,4.394,4.387,4.395,4.400,4.390,4.388,4.391,-59.337,2648.000
4.084,4.089,4.087,4.087,4.085,4.090,4.090,4.383,4.387,4.392,4.385,4.394,4.396,4.388,-59.387,2649.000
4.089,4.085,4.087,4.083,4.089,4.091,4.083,4.392,4.390,4.390,4.390,4.390,4.392,4.387,-59.498,2650.000
4.088,4.091,4.086,4.090,4.087,4.088,4.089,4.388,4.386,4.392,4.385,4.388,4.391,4.390,-59.371,2651.000
4.085,4.082,4.084,4.088,4.089,4.084,4.087,4.386,4.391,4.383,4.385,4.384,4.383,4.382,-59.143,2652.000
4.083,4.083,4.088,4.083,4.086,4.086,4.086,4.389,4.382,4.384,4.383,4.389,4.389,4.384,-59.413,2653.000
4.086,4.090,4.090,4.082,4.086,4.088,4.094,4.385,4.391,4.388,4.386,4.383,4.382,4.385,-59.100,2654.000
4.087,4.094,4.086,4.080,4.089,4.088,4.082,4.388,4.390,4.394,4.393,4.387,4.385,4.384,-58.966,2655.000
4.092,4.089,4.093,4.093,4.089,4.090,4.091,4.392,4.388,4.389,4.390,4.390,4.391,4.391,-58.963,2656.000
4.093,4.093,4.090,4.094,4.094,4.088,4.093,4.392,4.393,4.387,4.392,4.393,4.393,4.391,-58.946,2657.000
4.093,4.088,4.090,4.090,4.085,4.092,4.092,4.392,4.390,4.386,4.387,4.394,4.390,4.390,-59.054,2658.000
4.087,4.090,4.092,4.092,4.088,4.093,4.089,4.391,4.391,4.395,4.396,4.392,4.391,4.392,-59.010,2659.000
4.092,4.090,4.086,4.090,4.093,4.084,4.091,4.391,4.391,4.388,4.389,4.390,4.394,4.393,-59.033,2660.000
4.085,4.090,4.087,4.088,4.088,4.088,4.088,4.396,4.392,4.391,4.392,4.392,4.387,4.393,-58.771,2661.000
4.095,4.092,4.095,4.089,4.092,4.090,4.098,4.394,4.393,4.390,4.390,4.394,4.391,4.391,-58.821,2662.000
4.095,4.095,4.087,4.089,4.089,4.087,4.090,4.389,4.390,4.391,4.390,4.394,4.385,4.396,-58.751,2663.000
4.082,4.084,4.086,4.083,4.089,4.088,4.088,4.394,4.392,4.388,4.385,4.388,4.390,4.387,-58.773,2664.000
4.091,4.093,4.091,4.090,4.089,4.088,4.086,4.393,4.394,4.396,4.391,4.395,4.387,4.389,-58.716,2665.000
4.092,4.088,4.093,4.092,4.090,4.092,4.091,4.391,4.399,4.389,4.397,4.390,4.391,4.392,-58.781,2666.000
4.091,4.095,4.095,4.088,4.097,4.090,4.094,4.401,4.392,4.394,4.394,4.389,4.392,4.393,-58.732,2667.000
4.097,4.093,4.097,4.100,4.091,4.096,4.095,4.392,4.390,4.391,4.397,4.392,4.394,4.389,-58.550,2668.000
4.092,4.089,4.090,4.097,4.098,4.094,4.093,4.392,4.393,4.389,4.395,4.393,4.396,4.393,-58.459,2669.000
4.088,4.093,4.098,4.097,4.098,4.097,4.095,4.394,4.397,4.388,4.391,4.396,4.396,4.396,-58.674,2670.000
4.096,4.097,4.093,4.092,4.096,4.094,4.095,4.391,4.391,4.394,4.389,4.395,4.398,4.399,-58.573,2671.000
4.091,4.088,4.092,4.087,4.096,4.090,4.097,4.393,4.400,4.397,4.393,4.387,4.395,4.391,-58.539,2672.000
4.088,4.088,4.096,4.095,4.091,4.096,4.092,4.398,4.397,4.392,4.395,4.394,4.399,4.393,-58.795,2673.000
4.093,4.091,4.092,4.090,4.092,4.090,4.088,4.396,4.394,4.397,4.391,4.393,4.391,4.394,-59.036,2674.000
4.089,4.096,4.094,4.095,4.095,4.089,4.091,4.397,4.398,4.398,4.397,4.399,4.390,4.397,-59.042,2675.000
4.087,4.091,4.087,4.096,4.094,4.095,4.090,4.402,4.397,4.404,4.395,4.397,4.399,4.393,-59.252,2676.000
4.098,4.091,4.098,4.090,4.090,4.092,4.088,4.393,4.393,4.390,4.396,4.388,4.393,4.396,-59.180,2677.000
4.094,4.088,4.092,4.090,4.094,4.093,4.099,4.392,4.390,4.395,4.391,4.394,4.396,4.389,-59.054,2678.000
4.096,4.095,4.102,4.095,4.093,4.098,4.095,4.401,4.395,4.399,4.399,4.397,4.395,4.395,-59.114,2679.000
4.098,4.094,4.094,4.099,4.096,4.095,4.097,4.402,4.398,4.399,4.394,4.396,4.398,4.394,-59.225,2680.000
4.097,4.093,4.096,4.095,4.093,4.091,4.095,4.403,4.408,4.402,4.397,4.397,4.401,4.400,-59.373,2681.000
4.098,4.099,4.101,4.095,4.101,4.095,4.103,4.405,4.406,4.401,4.401,4.398,4.400,4.403,-59.208,2682.000
4.101,4.102,4.094,4.106,4.101,4.104,4.102,4.401,4.400,4.399,4.402,4.399,4.400,4.403,-59.130,2683.000
4.102,4.097,4.099,4.098,4.101,4.100,4.097,4.394,4.404,4.404,4.399,4.394,4.401,4.403,-59.194,2684.000
4.100,4.104,4.102,4.099,4.104,4.104,4.103,4.400,4.405,4.401,4.400,4.404,4.404,4.404,-59.111,2685.000
4.102,4.101,4.104,4.099,4.103,4.104,4.102,4.395,4.398,4.399,4.405,4.402,4.405,4.404,-59.067,2686.000
4.102,4.101,4.096,4.102,4.100,4.101,4.097,4.406,4.412,4.404,4.409,4.403,4.408,4.407,-59.007,2687.000
4.101,4.105,4.104,4.102,4.101,4.102,4.107,4.401,4.403,4.404,4.405,4.406,4.402,4.409,-59.134,2688.000
4.101,4.105,4.099,4.104,4.103,4.101,4.101,4.398,4.399,4.403,4.405,4.409,4.397,4.401,-59.027,2689.000
4.101,4.096,4.102,4.098,4.099,4.102,4.105,4.403,4.402,4.402,4.408,4.409,4.401,4.406,-59.181,2690.000
4.096,4.102,4.096,4.099,4.102,4.100,4.097,4.402,4.406,4.402,4.406,4.400,4.403,4.397,-59.234,2691.000
4.092,4.101,4.098,4.098,4.100,4.101,4.100,4.401,4.401,4.404,4.399,4.406,4.401,4.406,-59.304,2692.000
4.100,4.099,4.097,4.095,4.103,4.096,4.102,4.401,4.405,4.398,4.399,4.399,4.398,4.400,-59.189,2693.000
4.104,4.106,4.102,4.100,4.101,4.101,4.101,4.403,4.407,4.396,4.402,4.405,4.400,4.406,-59.115,2694.000
4.097,4.097,4.103,4.095,4.098,4.098,4.102,4.397,4.403,4.403,4.400,4.392,4.404,4.401,-59.134,2695.000
4.098,4.102,4.100,4.099,4.098,4.100,4.099,4.399,4.397,4.395,4.405,4.402,4.404,4.400,-59.210,2696.000
4.104,4.105,4.100,4.103,4.101,4.105,4.098,4.404,4.395,4.395,4.401,4.403,4.395,4.398,-59.240,2697.000
4.097,4.098,4.098,4.100,4.102,4.097,4.097,4.399,4.395,4.401,4.403,4.401,4.396,4.403,-59.190,2698.000
4.096,4.107,4.099,4.098,4.094,4.097,4.101,4.398,4.404,4.406,4.404,4.396,4.404,4.400,-59.234,2699.000
4.097,4.094,4.102,4.097,4.100,4.091,4.105,4.400,4.400,4.399,4.399,4.399,4.396,4.403,-59.006,2700.000
4.102,4.099,4.102,4.105,4.093,4.104,4.101,4.400,4.404,4.400,4.403,4.402,4.403,4.404,-58.878,2701.000
4.100,4.099,4.102,4.102,4.104,4.101,4.107,4.403,4.399,4.400,4.403,4.402,4.410,4.406,-59.013,2702.000
4.101,4.095,4.106,4.101,4.097,4.098,4.096,4.404,4.406,4.408,4.411,4.405,4.401,4.400,-59.087,2703.000
4.100,4.105,4.100,4.100,4.098,4.101,4.103,4.406,4.400,4.405,4.401,4.403,4.402,4.404,-59.112,2704.000
4.105,4.102,4.101,4.106,4.105,4.107,4.099,4.401,4.402,4.405,4.404,4.404,4.404,4.397,-58.956,2705.000
4.100,4.104,4.104,4.103,4.103,4.104,4.098,4.404,4.409,4.405,4.398,4.404,4.402,4.399,-59.142,2706.000
4.102,4.100,4.106,4.096,4.102,4.100,4.095,4.408,4.403,4.406,4.405,4.404,4.401,4.402,-59.197,2707.000
4.096,4.100,4.103,4.105,4.097,4.101,4.101,4.408,4.412,4.405,4.405,4.408,4.410,4.409,-59.043,2708.000
4.103,4.102,4.096,4.103,4.100,4.102,4.103,4.400,4.406,4.403,4.401,4.400,4.405,4.401,-58.857,2709.000
4.098,4.098,4.109,4.101,4.101,4.100,4.106,4.403,4.407,4.406,4.405,4.404,4.401,4.402,-58.664,2710.000
4.104,4.100,4.102,4.098,4.104,4.100,4.098,4.404,4.403,4.409,4.410,4.403,4.411,4.405,-58.732,2711.000
4.101,4.104,4.100,4.098,4.102,4.101,4.105,4.402,4.403,4.401,4.404,4.407,4.404,4.396,-59.090,2712.000
4.102,4.103,4.103,4.102,4.102,4.100,4.101,4.398,4.405,4.402,4.406,4.403,4.399,4.404,-59.159,2713.000
4.103,4.101,4.103,4.099,4.097,4.107,4.104,4.405,4.399,4.408,4.404,4.404,4.398,4.399,-58.966,2714.000
4.102,4.100,4.096,4.101,4.105,4.100,4.108,4.401,4.401,4.403,4.405,4.404,4.402,4.404,-59.060,2715.000
4.100,4.103,4.102,4.106,4.104,4.102,4.104,4.401,4.399,4.401,4.404,4.401,4.407,4.402,-58.783,2716.000
4.100,4.105,4.104,4.103,4.098,4.109,4.107,4.400,4.399,4.406,4.410,4.407,4.406,4.414,-59.032,2717.000
4.094,4.104,4.110,4.096,4.100,4.101,4.102,4.401,4.401,4.402,4.401,4.401,4.403,4.404,-59.021,2718.000
4.104,4.100,4.100,4.102,4.099,4.102,4.104,4.406,4.408,4.399,4.405,4.409,4.402,4.403,-59.114,2719.000
4.098,4.103,4.103,4.105,4.099,4.105,4.100,4.408,4.404,4.406,4.404,4.407,4.401,4.404,-58.881,2720.000
4.105,4.103,4.099,4.102,4.100,4.103,4.105,4.408,4.401,4.401,4.402,4.408,4.404,4.406,-59.104,2721.000
4.105,4.099,4.106,4.102,4.104,4.101,4.105,4.403,4.410,4.410,4.405,4.407,4.403,4.412,-58.993,2722.000
4.099,4.108,4.106,4.105,4.098,4.110,4.098,4.408,4.404,4.407,4.404,4.404,4.406,4.406,-59.048,2723.000
4.103,4.104,4.098,4.109,4.099,4.106,4.109,4.407,4.402,4.403,4.410,4.405,4.403,4.408,-59.038,2724.000
4.101,4.103,4.100,4.107,4.107,4.104,4.108,4.407,4.406,4.404,4.405,4.405,4.402,4.405,-58.892,2725.000
4.106,4.103,4.104,4.097,4.109,4.104,4.105,4.409,4.407,4.410,4.402,4.402,4.404,4.405,-59.060,2726.000
4.110,4.103,4.107,4.102,4.109,4.103,4.103,4.405,4.406,4.402,4.409,4.405,4.412,4.406,-59.225,2727.000
4.107,4.104,4.101,4.097,4.109,4.099,4.097,4.411,4.405,4.410,4.404,4.406,4.408,4.406,-59.003,2728.000
4.104,4.107,4.103,4.105,4.106,4.105,4.106,4.405,4.411,4.404,4.406,4.395,4.406,4.406,-58.934,2729.000
4.102,4.100,4.105,4.106,4.101,4.108,4.098,4.406,4.408,4.407,4.403,4.407,4.410,4.411,-59.078,2730.000
4.105,4.101,4.107,4.101,4.109,4.100,4.106,4.410,4.403,4.402,4.400,4.403,4.404,4.409,-59.010,2731.000
4.099,4.107,4.099,4.109,4.099,4.105,4.110,4.410,4.409,4.411,4.406,4.410,4.400,4.405,-59.013,2732.000
4.103,4.111,4.105,4.106,4.104,4.108,4.105,4.405,4.410,4.406,4.406,4.412,4.407,4.406,-59.041,2733.000
4.100,4.108,4.106,4.109,4.104,4.107,4.108,4.407,4.408,4.404,4.413,4.407,4.410,4.410,-58.986,2734.000
4.109,4.109,4.105,4.106,4.107,4.109,4.109,4.410,4.403,4.407,4.408,4.414,4.407,4.409,-58.927,2735.000
4.104,4.111,4.102,4.110,4.105,4.104,4.105,4.403,4.414,4.406,4.408,4.403,4.408,4.414,-59.129,2736.000
4.108,4.111,4.113,4.109,4.105,4.112,4.109,4.411,4.415,4.410,4.415,4.405,4.402,4.411,-59.111,2737.000
4.108,4.110,4.108,4.110,4.106,4.109,4.111,4.410,4.413,4.405,4.399,4.412,4.411,4.410,-59.136,2738.000
4.114,4.110,4.108,4.110,4.112,4.106,4.108,4.402,4.414,4.413,4.409,4.402,4.409,4.410,-58.918,2739.000
4.112,4.106,4.109,4.109,4.104,4.104,4.104,4.408,4.410,4.406,4.412,4.410,4.407,4.407,-59.125,2740.000
4.103,4.107,4.110,4.102,4.107,4.106,4.108,4.409,4.405,4.407,4.410,4.403,4.403,4.409,-59.240,2741.000
4.113,4.109,4.111,4.107,4.105,4.105,4.107,4.408,4.414,4.415,4.415,4.405,4.407,4.403,-59.234,2742.000
4.110,4.107,4.106,4.109,4.112,4.109,4.105,4.406,4.412,4.406,4.413,4.406,4.400,4.407,-59.202,2743.000
4.113,4.110,4.115,4.111,4.111,4.107,4.112,4.414,4.416,4.416,4.412,4.418,4.415,4.409,-59.244,2744.000
4.113,4.110,4.114,4.111,4.112,4.105,4.109,4.410,4.410,4.412,4.414,4.413,4.419,4.413,-59.012,2745.000
4.113,4.111,4.111,4.113,4.118,4.108,4.112,4.418,4.418,4.418,4.418,4.416,4.417,4.415,-58.812,2746.000
4.111,4.110,4.113,4.121,4.112,4.113,4.112,4.414,4.419,4.412,4.411,4.410,4.417,4.414,-58.769,2747.000
4.110,4.110,4.113,4.111,4.110,4.107,4.114,4.408,4.415,4.411,4.417,4.415,4.412,4.417,-58.855,2748.000
4.112,4.111,4.102,4.112,4.111,4.111,4.116,4.413,4.412,4.413,4.411,4.416,4.410,4.411,-58.922,2749.000
4.109,4.108,4.111,4.106,4.111,4.105,4.108,4.413,4.408,4.405,4.413,4.406,4.408,4.414,-58.727,2750.000
4.108,4.109,4.104,4.110,4.112,4.106,4.111,4.406,4.412,4.405,4.407,4.412,4.417,4.415,-58.735,2751.000
4.110,4.104,4.110,4.110,4.107,4.109,4.109,4.414,4.408,4.410,4.410,4.411,4.408,4.410,-59.175,2752.000
4.113,4.104,4.115,4.112,4.111,4.111,4.113,4.408,4.408,4.411,4.412,4.407,4.412,4.415,-59.006,2753.000
4.107,4.112,4.107,4.115,4.110,4.110,4.114,4.410,4.412,4.414,4.414,4.419,4.413,4.415,-59.133,2754.000
4.119,4.110,4.110,4.107,4.116,4.115,4.117,4.412,4.412,4.420,4.419,4.417,4.413,4.410,-59.099,2755.000
4.110,4.114,4.114,4.114,4.114,4.114,4.111,4.416,4.414,4.412,4.419,4.411,4.420,4.425,-59.134,2756.000
4.114,4.115,4.113,4.115,4.116,4.115,4.119,4.419,4.418,4.419,4.415,4.412,4.417,4.420,-59.236,2757.000
4.116,4.111,4.115,4.116,4.119,4.122,4.116,4.420,4.418,4.424,4.419,4.422,4.414,4.417,-59.119,2758.000
4.114,4.121,4.110,4.116,4.114,4.116,4.114,4.414,4.420,4.418,4.420,4.422,4.420,4.423,-59.292,2759.000
4.119,4.112,4.110,4.118,4.109,4.117,4.110,4.414,4.415,4.413,4.416,4.419,4.417,4.414,-59.244,2760.000
4.115,4.118,4.109,4.107,4.113,4.112,4.107,4.412,4.419,4.411,4.411,4.407,4.411,4.411,-59.234,2761.000
4.112,4.106,4.113,4.113,4.116,4.107,4.116,4.412,4.413,4.412,4.415,4.411,4.409,4.405,-58.958,2762.000
4.110,4.106,4.114,4.112,4.112,4.111,4.114,4.411,4.412,4.410,4.412,4.410,4.412,4.407,-58.952,2763.000
4.106,4.109,4.116,4.107,4.113,4.105,4.113,4.411,4.413,4.416,4.411,4.410,4.409,4.408,-58.882,2764.000
4.111,4.115,4.111,4.112,4.112,4.115,4.107,4.411,4.411,4.411,4.416,4.404,4.414,4.414,-58.943,2765.000
4.111,4.113,4.110,4.112,4.114,4.111,4.114,4.409,4.411,4.418,4.411,4.417,4.414,4.418,-58.937,2766.000
4.112,4.110,4.110,4.113,4.109,4.115,4.110,4.407,4.407,4.413,4.412,4.412,4.413,4.411,-59.264,2767.000
4.111,4.115,4.119,4.111,4.115,4.110,4.117,4.418,4.415,4.408,4.412,4.416,4.408,4.409,-59.053,2768.000
4.111,4.110,4.116,4.107,4.112,4.112,4.112,4.416,4.408,4.415,4.411,4.412,4.408,4.410,-59.337,2769.000
4.110,4.112,4.111,4.114,4.107,4.108,4.109,4.407,4.407,4.414,4.411,4.414,4.414,4.414,-59.333,2770.000
4.113,4.115,4.107,4.115,4.110,4.114,4.116,4.413,4.411,4.411,4.409,4.407,4.412,4.411,-59.376,2771.000
4.110,4.111,4.114,4.115,4.114,4.112,4.108,4.409,4.409,4.413,4.409,4.412,4.410,4.412,-59.268,2772.000
4.111,4.113,4.111,4.113,4.113,4.111,4.114,4.418,4.413,4.406,4.413,4.418,4.414,4.407,-59.299,2773.000
4.111,4.103,4.112,4.110,4.112,4.112,4.106,4.408,4.410,4.410,4.412,4.412,4.414,4.416,-59.062,2774.000
4.113,4.113,4.115,4.107,4.114,4.107,4.110,4.413,4.415,4.415,4.413,4.409,4.404,4.415,-58.917,2775.000
4.111,4.112,4.111,4.115,4.110,4.114,4.114,4.412,4.414,4.410,4.411,4.410,4.409,4.407,-58.988,2776.000
4.109,4.113,4.111,4.106,4.108,4.114,4.113,4.411,4.410,4.409,4.411,4.410,4.406,4.410,-59.126,2777.000
4.110,4.113,4.107,4.107,4.117,4.111,4.115,4.412,4.417,4.409,4.412,4.413,4.405,4.408,-59.047,2778.000
4.111,4.106,4.114,4.114,4.105,4.112,4.107,4.409,4.417,4.413,4.416,4.412,4.414,4.411,-59.003,2779.000
4.107,4.113,4.112,4.112,4.113,4.107,4.117,4.413,4.413,4.419,4.417,4.417,4.408,4.410,-58.961,2780.000
4.121,4.114,4.113,4.113,4.116,4.114,4.113,4.406,4.413,4.409,4.415,4.410,4.414,4.412,-58.973,2781.000
4.114,4.114,4.111,4.115,4.109,4.116,4.117,4.409,4.410,4.415,4.412,4.412,4.408,4.407,-58.992,2782.000
4.116,4.116,4.111,4.118,4.113,4.116,4.118,4.413,4.415,4.419,4.413,4.418,4.420,4.415,-59.058,2783.000
4.111,4.116,4.113,4.117,4.116,4.118,4.120,4.420,4.420,4.417,4.412,4.415,4.413,4.413,-59.028,2784.000
4.115,4.119,4.117,4.119,4.118,4.120,4.122,4.418,4.418,4.415,4.420,4.418,4.421,4.424,-59.155,2785.000
4.118,4.120,4.119,4.115,4.116,4.122,4.119,4.426,4.423,4.420,4.424,4.422,4.428,4.422,-59.014,2786.000
4.122,4.123,4.125,4.127,4.122,4.122,4.122,4.423,4.425,4.428,4.427,4.427,4.423,4.416,-59.009,2787.000
4.125,4.125,4.122,4.127,4.128,4.128,4.123,4.423,4.422,4.425,4.425,4.423,4.427,4.422,-58.880,2788.000
4.117,4.126,4.125,4.125,4.124,4.126,4.125,4.426,4.425,4.430,4.425,4.431,4.426,4.424,-58.867,2789.000
4.132,4.129,4.125,4.120,4.123,4.125,4.119,4.424,4.428,4.439,4.432,4.438,4.429,4.429,-59.168,2790.000
4.128,4.130,4.127,4.133,4.130,4.125,4.119,4.425,4.426,4.424,4.425,4.428,4.425,4.426,-59.177,2791.000
4.123,4.126,4.126,4.123,4.122,4.124,4.126,4.427,4.426,4.428,4.431,4.428,4.427,4.422,-59.160,2792.000
4.124,4.126,4.120,4.125,4.126,4.122,4.129,4.425,4.431,4.426,4.423,4.430,4.420,4.424,-59.125,2793.000
4.125,4.120,4.126,4.124,4.127,4.131,4.127,4.423,4.425,4.429,4.425,4.430,4.422,4.425,-59.152,2794.000
4.124,4.127,4.125,4.125,4.130,4.133,4.123,4.429,4.428,4.424,4.430,4.428,4.425,4.428,-59.055,2795.000
4.126,4.126,4.118,4.128,4.124,4.126,4.127,4.434,4.427,4.431,4.423,4.427,4.425,4.421,-59.190,2796.000
4.123,4.123,4.122,4.131,4.128,4.131,4.122,4.427,4.430,4.428,4.428,4.428,4.427,4.425,-59.131,2797.000
4.126,4.123,4.124,4.124,4.122,4.123,4.128,4.429,4.429,4.425,4.428,4.429,4.427,4.424,-59.036,2798.000
4.116,4.126,4.123,4.127,4.126,4.120,4.118,4.424,4.429,4.427,4.432,4.426,4.429,4.422,-59.146,2799.000
4.122,4.121,4.120,4.123,4.117,4.122,4.123,4.421,4.417,4.421,4.421,4.430,4.420,4.419,-59.307,2800.000
4.113,4.121,4.117,4.119,4.118,4.118,4.119,4.420,4.422,4.420,4.417,4.419,4.421,4.419,-59.378,2801.000
4.118,4.122,4.116,4.118,4.114,4.117,4.116,4.417,4.418,4.417,4.415,4.419,4.419,4.418,-59.102,2802.000
4.126,4.118,4.117,4.120,4.122,4.114,4.120,4.414,4.417,4.416,4.414,4.413,4.416,4.416,-59.053,2803.000
4.114,4.116,4.111,4.118,4.114,4.111,4.116,4.418,4.413,4.416,4.413,4.420,4.419,4.405,-59.222,2804.000
4.113,4.115,4.108,4.114,4.117,4.114,4.118,4.410,4.411,4.413,4.417,4.415,4.410,4.420,-59.175,2805.000
4.112,4.113,4.108,4.112,4.114,4.112,4.112,4.415,4.410,4.414,4.417,4.419,4.415,4.408,-59.261,2806.000
4.118,4.117,4.113,4.115,4.118,4.114,4.112,4.420,4.417,4.419,4.416,4.419,4.418,4.419,-59.159,2807.000
4.114,4.116,4.108,4.115,4.117,4.117,4.112,4.419,4.419,4.423,4.419,4.417,4.426,4.420,-59.205,2808.000
4.115,4.111,4.118,4.110,4.112,4.109,4.117,4.409,4.414,4.416,4.415,4.414,4.417,4.413,-59.076,2809.000
4.108,4.108,4.117,4.111,4.111,4.112,4.105,4.411,4.409,4.413,4.406,4.415,4.413,4.418,-59.076,2810.000
4.104,4.111,4.112,4.112,4.108,4.109,4.109,4.411,4.413,4.414,4.419,4.410,4.413,4.415,-59.092,2811.000
4.109,4.114,4.107,4.110,4.111,4.105,4.110,4.413,4.412,4.418,4.414,4.418,4.409,4.412,-58.983,2812.000
4.111,4.111,4.111,4.113,4.112,4.114,4.113,4.417,4.417,4.413,4.414,4.419,4.419,4.415,-59.102,2813.000
4.110,4.115,4.109,4.108,4.108,4.111,4.111,4.410,4.413,4.414,4.414,4.411,4.411,4.411,-59.090,2814.000
4.107,4.114,4.112,4.109,4.111,4.113,4.113,4.423,4.416,4.411,4.414,4.415,4.421,4.418,-59.116,2815.000
4.114,4.109,4.108,4.112,4.110,4.109,4.114,4.416,4.413,4.415,4.411,4.409,4.411,4.417,-59.020,2816.000
4.106,4.110,4.110,4.109,4.112,4.113,4.121,4.415,4.411,4.418,4.417,4.415,4.414,4.417,-58.994,2817.000
4.117,4.109,4.113,4.112,4.111,4.112,4.111,4.414,4.417,4.416,4.414,4.413,4.416,4.417,-59.161,2818.000
4.112,4.110,4.111,4.115,4.119,4.111,4.110,4.411,4.415,4.411,4.411,4.411,4.409,4.412,-59.149,2819.000
4.112,4.102,4.107,4.112,4.109,4.108,4.112,4.413,4.413,4.415,4.416,4.411,4.418,4.418,-59.084,2820.000
4.112,4.113,4.110,4.111,4.106,4.115,4.110,4.422,4.413,4.422,4.420,4.418,4.414,4.410,-59.089,2821.000
4.113,4.118,4.111,4.107,4.111,4.111,4.109,4.411,4.417,4.416,4.418,4.418,4.412,4.409,-59.176,2822.000
4.111,4.110,4.108,4.111,4.113,4.109,4.114,4.413,4.415,4.418,4.420,4.412,4.413,4.416,-59.176,2823.000
4.116,4.107,4.112,4.112,4.111,4.112,4.112,4.409,4.415,4.414,4.415,4.417,4.421,4.419,-59.123,2824.000
4.110,4.114,4.114,4.115,4.108,4.115,4.112,4.412,4.409,4.412,4.416,4.421,4.413,4.411,-59.048,2825.000
4.112,4.113,4.109,4.109,4.110,4.111,4.111,4.416,4.410,4.415,4.412,4.416,4.417,4.407,-59.080,2826.000
4.116,4.106,4.120,4.105,4.120,4.112,4.108,4.405,4.418,4.415,4.419,4.414,4.415,4.422,-59.217,2827.000
4.113,4.114,4.112,4.114,4.111,4.114,4.112,4.413,4.418,4.418,4.416,4.413,4.424,4.420,-59.298,2828.000
4.107,4.114,4.110,4.116,4.106,4.108,4.117,4.418,4.422,4.414,4.408,4.422,4.414,4.417,-59.043,2829.000
4.110,4.114,4.110,4.107,4.111,4.113,4.113,4.413,4.424,4.412,4.415,4.415,4.417,4.420,-59.171,2830.000
4.112,4.109,4.107,4.110,4.111,4.106,4.109,4.409,4.414,4.414,4.408,4.417,4.417,4.417,-59.148,2831.000
4.111,4.115,4.113,4.108,4.108,4.110,4.115,4.420,4.414,4.412,4.417,4.417,4.412,4.416,-59.130,2832.000
4.113,4.113,4.109,4.115,4.108,4.111,4.107,4.416,4.421,4.416,4.413,4.414,4.417,4.412,-59.203,2833.000
4.113,4.113,4.116,4.104,4.114,4.111,4.110,4.421,4.416,4.415,4.415,4.416,4.416,4.417,-58.890,2834.000
4.113,4.112,4.110,4.109,4.110,4.115,4.115,4.419,4.416,4.419,4.417,4.417,4.421,4.421,-58.944,2835.000
4.116,4.110,4.115,4.106,4.110,4.112,4.117,4.421,4.418,4.424,4.418,4.414,4.415,4.416,-58.630,2836.000
4.111,4.107,4.113,4.105,4.109,4.110,4.109,4.414,4.407,4.415,4.417,4.417,4.415,4.414,-58.604,2837.000
4.112,4.110,4.118,4.110,4.111,4.108,4.109,4.414,4.406,4.413,4.411,4.415,4.413,4.420,-58.118,2838.000
4.107,4.106,4.109,4.113,4.108,4.112,4.111,4.417,4.412,4.416,4.412,4.411,4.413,4.408,-58.313,2839.000
4.114,4.112,4.105,4.119,4.109,4.116,4.107,4.415,4.408,4.409,4.409,4.412,4.414,4.411,-58.446,2840.000
4.111,4.110,4.111,4.102,4.108,4.109,4.110,4.423,4.412,4.405,4.408,4.411,4.412,4.413,-58.499,2841.000
4.114,4.110,4.113,4.111,4.110,4.108,4.109,4.416,4.416,4.418,4.411,4.417,4.409,4.414,-58.810,2842.000
4.118,4.113,4.111,4.106,4.112,4.110,4.113,4.411,4.411,4.415,4.413,4.412,4.412,4.415,-59.005,2843.000
4.108,4.109,4.113,4.113,4.108,4.115,4.113,4.417,4.415,4.411,4.415,4.410,4.415,4.414,-58.967,2844.000
4.118,4.107,4.108,4.104,4.117,4.106,4.111,4.415,4.416,4.414,4.417,4.418,4.415,4.418,-59.058,2845.000
4.115,4.112,4.109,4.113,4.120,4.119,4.107,4.413,4.413,4.418,4.412,4.416,4.416,4.417,-59.175,2846.000
4.112,4.106,4.110,4.113,4.112,4.113,4.115,4.414,4.414,4.412,4.414,4.411,4.414,4.426,-59.147,2847.000
4.114,4.116,4.118,4.113,4.111,4.110,4.116,4.417,4.418,4.414,4.419,4.423,4.415,4.415,-59.157,2848.000
4.115,4.115,4.122,4.117,4.114,4.114,4.114,4.415,4.415,4.421,4.419,4.418,4.421,4.422,-58.940,2849.000
4.110,4.118,4.120,4.124,4.116,4.116,4.113,4.416,4.415,4.414,4.419,4.417,4.420,4.419,-59.058,2850.000
4.117,4.118,4.113,4.114,4.118,4.119,4.116,4.419,4.421,4.420,4.424,4.417,4.420,4.416,-59.114,2851.000
4.118,4.119,4.112,4.117,4.116,4.115,4.110,4.424,4.426,4.420,4.420,4.418,4.424,4.415,-59.235,2852.000
4.119,4.110,4.116,4.114,4.114,4.117,4.112,4.419,4.428,4.413,4.421,4.419,4.424,4.423,-59.301,2853.000
4.124,4.115,4.119,4.116,4.111,4.117,4.116,4.424,4.420,4.416,4.417,4.418,4.423,4.421,-59.179,2854.000
4.117,4.120,4.117,4.120,4.118,4.119,4.117,4.420,4.419,4.421,4.423,4.424,4.422,4.423,-59.257,2855.000
4.119,4.116,4.116,4.117,4.123,4.110,4.122,4.422,4.419,4.420,4.418,4.421,4.416,4.422,-59.155,2856.000
4.116,4.122,4.123,4.120,4.115,4.117,4.120,4.421,4.419,4.423,4.424,4.422,4.414,4.419,-58.859,2857.000
4.118,4.119,4.113,4.122,4.116,4.123,4.114,4.413,4.418,4.418,4.419,4.421,4.418,4.420,-58.640,2858.000
4.117,4.117,4.123,4.125,4.122,4.121,4.121,4.420,4.420,4.412,4.415,4.416,4.424,4.415,-58.947,2859.000
4.116,4.116,4.117,4.121,4.119,4.120,4.119,4.418,4.428,4.419,4.412,4.417,4.423,4.417,-58.992,2860.000
4.110,4.118,4.115,4.123,4.121,4.116,4.120,4.419,4.418,4.420,4.411,4.420,4.417,4.421,-59.079,2861.000
4.117,4.116,4.117,4.115,4.116,4.114,4.119,4.414,4.419,4.417,4.411,4.417,4.418,4.415,-59.031,2862.000
4.117,4.118,4.117,4.116,4.114,4.112,4.120,4.419,4.418,4.419,4.419,4.416,4.412,4.420,-59.000,2863.000
4.114,4.117,4.118,4.114,4.123,4.119,4.112,4.417,4.414,4.423,4.418,4.418,4.421,4.421,-58.923,2864.000
4.120,4.116,4.112,4.116,4.112,4.113,4.112,4.418,4.415,4.418,4.419,4.421,4.415,4.416,-58.743,2865.000
4.119,4.110,4.115,4.112,4.118,4.115,4.120,4.413,4.417,4.421,4.421,4.417,4.423,4.424,-58.767,2866.000
4.121,4.116,4.121,4.116,4.118,4.118,4.118,4.419,4.412,4.416,4.420,4.420,4.421,4.415,-58.808,2867.000
4.120,4.119,4.116,4.121,4.121,4.119,4.123,4.416,4.423,4.415,4.423,4.423,4.423,4.428,-58.661,2868.000
4.120,4.119,4.118,4.113,4.115,4.115,4.117,4.415,4.422,4.418,4.414,4.420,4.416,4.414,-58.700,2869.000
4.117,4.121,4.117,4.122,4.112,4.126,4.118,4.419,4.415,4.422,4.416,4.418,4.417,4.420,-58.883,2870.000
4.116,4.119,4.120,4.113,4.114,4.116,4.120,4.417,4.418,4.416,4.415,4.411,4.416,4.422,-59.009,2871.000
4.115,4.112,4.119,4.113,4.116,4.114,4.117,4.416,4.414,4.406,4.417,4.416,4.423,4.412,-58.950,2872.000
4.110,4.114,4.111,4.116,4.116,4.116,4.119,4.417,4.415,4.416,4.413,4.420,4.418,4.413,-59.151,2873.000
4.113,4.119,4.111,4.115,4.115,4.114,4.112,4.418,4.424,4.419,4.417,4.412,4.414,4.411,-59.177,2874.000
4.114,4.118,4.113,4.114,4.116,4.111,4.113,4.409,4.417,4.419,4.414,4.412,4.416,4.406,-59.103,2875.000
4.107,4.116,4.111,4.118,4.116,4.116,4.111,4.411,4.410,4.409,4.412,4.416,4.407,4.417,-59.381,2876.000
4.120,4.113,4.114,4.111,4.112,4.114,4.110,4.414,4.417,4.411,4.412,4.418,4.405,4.412,-59.325,2877.000
4.110,4.109,4.109,4.110,4.111,4.110,4.110,4.414,4.412,4.414,4.418,4.415,4.417,4.416,-59.139,2878.000
4.114,4.118,4.116,4.116,4.116,4.114,4.118,4.419,4.418,4.411,4.414,4.412,4.416,4.414,-59.283,2879.000
4.115,4.114,4.119,4.117,4.114,4.110,4.119,4.417,4.411,4.422,4.420,4.414,4.419,4.416,-59.168,2880.000
4.119,4.115,4.115,4.116,4.119,4.116,4.120,4.419,4.417,4.418,4.420,4.413,4.412,4.410,-59.179,2881.000
4.112,4.115,4.111,4.115,4.118,4.111,4.111,4.419,4.417,4.414,4.419,4.411,4.417,4.415,-59.315,2882.000
4.121,4.113,4.116,4.119,4.118,4.123,4.110,4.416,4.418,4.420,4.413,4.421,4.415,4.416,-59.138,2883.000
4.118,4.121,4.117,4.126,4.118,4.116,4.118,4.415,4.425,4.418,4.421,4.414,4.422,4.419,-59.044,2884.000
4.122,4.119,4.115,4.115,4.117,4.115,4.114,4.419,4.421,4.425,4.421,4.412,4.423,4.418,-59.149,2885.000
4.116,4.120,4.116,4.120,4.119,4.121,4.124,4.423,4.418,4.418,4.416,4.423,4.424,4.420,-58.932,2886.000
4.116,4.121,4.118,4.117,4.112,4.117,4.119,4.420,4.420,4.419,4.420,4.423,4.423,4.416,-59.237,2887.000
4.120,4.115,4.123,4.120,4.122,4.116,4.125,4.421,4.416,4.420,4.423,4.418,4.421,4.425,-59.134,2888.000
4.117,4.120,4.120,4.118,4.117,4.125,4.121,4.421,4.427,4.417,4.416,4.417,4.417,4.425,-59.374,2889.000
4.120,4.119,4.118,4.122,4.123,4.122,4.123,4.423,4.420,4.417,4.423,4.419,4.420,4.427,-59.375,2890.000
4.123,4.120,4.123,4.121,4.125,4.123,4.121,4.425,4.420,4.420,4.421,4.423,4.423,4.428,-59.229,2891.000
4.126,4.122,4.122,4.122,4.128,4.123,4.117,4.428,4.425,4.420,4.418,4.421,4.424,4.421,-59.222,2892.000
4.121,4.121,4.121,4.123,4.119,4.124,4.122,4.420,4.423,4.421,4.422,4.421,4.423,4.421,-59.108,2893.000
4.117,4.118,4.116,4.124,4.116,4.123,4.127,4.420,4.425,4.424,4.418,4.419,4.422,4.426,-58.859,2894.000
4.125,4.123,4.122,4.117,4.121,4.119,4.123,4.427,4.422,4.421,4.422,4.422,4.426,4.423,-59.021,2895.000
4.126,4.121,4.116,4.120,4.120,4.122,4.121,4.423,4.422,4.422,4.422,4.428,4.426,4.426,-59.049,2896.000
4.123,4.123,4.120,4.124,4.118,4.116,4.122,4.430,4.425,4.426,4.422,4.427,4.423,4.427,-59.169,2897.000
4.121,4.122,4.116,4.126,4.118,4.124,4.128,4.431,4.425,4.420,4.426,4.425,4.428,4.423,-59.220,2898.000
4.121,4.116,4.122,4.122,4.124,4.119,4.123,4.426,4.429,4.423,4.429,4.426,4.428,4.431,-59.263,2899.000
4.125,4.119,4.117,4.128,4.124,4.121,4.127,4.425,4.428,4.432,4.421,4.428,4.422,4.433,-59.181,2900.000
4.125,4.124,4.124,4.124,4.124,4.118,4.120,4.428,4.426,4.421,4.425,4.423,4.425,4.422,-59.078,2901.000
4.125,4.124,4.123,4.123,4.120,4.123,4.124,4.432,4.424,4.427,4.429,4.427,4.424,4.429,-59.121,2902.000
4.120,4.127,4.112,4.125,4.122,4.121,4.116,4.428,4.424,4.420,4.426,4.424,4.424,4.431,-59.085,2903.000
4.120,4.123,4.122,4.125,4.124,4.124,4.126,4.429,4.433,4.426,4.428,4.425,4.428,4.424,-59.289,2904.000
4.120,4.126,4.123,4.122,4.123,4.122,4.126,4.429,4.430,4.423,4.423,4.422,4.420,4.425,-59.083,2905.000
4.123,4.123,4.120,4.116,4.119,4.120,4.120,4.425,4.417,4.428,4.431,4.424,4.431,4.425,-59.026,2906.000
4.126,4.118,4.125,4.116,4.126,4.124,4.123,4.432,4.427,4.423,4.426,4.423,4.429,4.427,-59.071,2907.000
4.121,4.126,4.119,4.122,4.122,4.120,4.116,4.432,4.430,4.429,4.426,4.422,4.428,4.424,-59.010,2908.000
4.126,4.120,4.126,4.122,4.123,4.121,4.125,4.427,4.428,4.432,4.435,4.424,4.432,4.428,-58.977,2909.000
4.123,4.126,4.126,4.122,4.120,4.124,4.123,4.428,4.428,4.424,4.423,4.427,4.428,4.426,-58.994,2910.000
4.118,4.121,4.123,4.125,4.126,4.119,4.131,4.424,4.420,4.424,4.434,4.424,4.426,4.423,-59.114,2911.000
4.125,4.121,4.124,4.125,4.125,4.120,4.118,4.420,4.431,4.426,4.427,4.430,4.431,4.428,-59.132,2912.000
4.125,4.120,4.128,4.125,4.119,4.128,4.128,4.427,4.427,4.426,4.426,4.430,4.430,4.433,-59.263,2913.000
4.125,4.125,4.133,4.124,4.118,4.128,4.119,4.428,4.426,4.429,4.428,4.429,4.432,4.428,-59.228,2914.000
4.122,4.119,4.127,4.119,4.126,4.126,4.126,4.432,4.436,4.422,4.427,4.426,4.423,4.433,-59.263,2915.000
4.120,4.122,4.122,4.126,4.124,4.123,4.119,4.428,4.430,4.427,4.428,4.428,4.427,4.422,-59.196,2916.000
4.123,4.120,4.123,4.122,4.120,4.127,4.122,4.423,4.425,4.428,4.427,4.425,4.429,4.429,-59.140,2917.000
4.119,4.122,4.121,4.127,4.123,4.123,4.120,4.426,4.427,4.428,4.432,4.432,4.428,4.424,-58.998,2918.000
4.125,4.123,4.117,4.123,4.117,4.126,4.120,4.429,4.424,4.433,4.430,4.430,4.431,4.430,-59.315,2919.000
4.119,4.126,4.118,4.121,4.121,4.119,4.118,4.425,4.429,4.427,4.429,4.426,4.428,4.430,-59.208,2920.000
4.120,4.119,4.116,4.118,4.125,4.119,4.120,4.428,4.435,4.425,4.438,4.432,4.422,4.426,-59.122,2921.000
4.118,4.120,4.118,4.117,4.118,4.119,4.116,4.431,4.425,4.428,4.430,4.428,4.429,4.428,-59.103,2922.000
4.124,4.124,4.124,4.116,4.124,4.122,4.121,4.433,4.432,4.433,4.432,4.430,4.437,4.429,-59.325,2923.000
4.126,4.122,4.122,4.121,4.119,4.119,4.125,4.436,4.430,4.435,4.427,4.426,4.431,4.428,-59.371,2924.000
4.123,4.120,4.123,4.121,4.121,4.121,4.127,4.425,4.422,4.424,4.429,4.428,4.425,4.432,-59.280,2925.000
4.120,4.124,4.120,4.124,4.118,4.121,4.117,4.434,4.439,4.430,4.431,4.430,4.433,4.431,-59.266,2926.000
4.122,4.126,4.126,4.122,4.123,4.115,4.121,4.429,4.432,4.425,4.436,4.431,4.429,4.428,-59.128,2927.000
4.120,4.127,4.122,4.127,4.123,4.124,4.125,4.445,4.428,4.427,4.429,4.429,4.428,4.430,-59.095,2928.000
4.126,4.121,4.125,4.120,4.126,4.125,4.127,4.426,4.433,4.431,4.432,4.434,4.430,4.427,-59.038,2929.000
4.128,4.122,4.123,4.127,4.130,4.122,4.122,4.433,4.436,4.432,4.432,4.430,4.430,4.433,-59.018,2930.000
4.126,4.124,4.126,4.125,4.124,4.120,4.124,4.429,4.429,4.427,4.433,4.430,4.428,4.435,-59.316,2931.000
4.126,4.127,4.123,4.117,4.126,4.121,4.125,4.433,4.432,4.426,4.422,4.426,4.427,4.427,-59.310,2932.000
4.119,4.120,4.124,4.122,4.125,4.119,4.123,4.427,4.431,4.428,4.426,4.432,4.428,4.430,-59.318,2933.000
4.124,4.119,4.122,4.128,4.122,4.125,4.120,4.426,4.426,4.427,4.432,4.424,4.431,4.425,-59.290,2934.000
4.127,4.125,4.127,4.124,4.126,4.121,4.124,4.425,4.432,4.431,4.434,4.428,4.428,4.429,-59.297,2935.000
4.124,4.121,4.124,4.125,4.122,4.125,4.124,4.430,4.425,4.425,4.429,4.428,4.427,4.424,-59.071,2936.000
4.127,4.130,4.130,4.124,4.124,4.126,4.127,4.432,4.428,4.425,4.428,4.429,4.425,4.429,-59.108,2937.000
4.126,4.125,4.128,4.123,4.125,4.131,4.128,4.434,4.431,4.439,4.430,4.432,4.424,4.436,-58.805,2938.000
4.128,4.119,4.126,4.126,4.131,4.123,4.129,4.432,4.427,4.429,4.430,4.428,4.431,4.435,-58.115,2939.000
4.133,4.127,4.125,4.125,4.125,4.126,4.134,4.427,4.432,4.430,4.431,4.426,4.432,4.431,-58.225,2940.000
4.123,4.124,4.127,4.126,4.128,4.125,4.125,4.428,4.431,4.432,4.429,4.428,4.426,4.423,-58.539,2941.000
4.129,4.123,4.131,4.124,4.123,4.123,4.123,4.429,4.420,4.420,4.427,4.430,4.429,4.427,-58.703,2942.000
4.125,4.125,4.123,4.131,4.121,4.120,4.127,4.430,4.427,4.432,4.432,4.433,4.430,4.431,-58.936,2943.000
4.121,4.122,4.121,4.122,4.122,4.119,4.123,4.429,4.428,4.431,4.436,4.430,4.427,4.436,-59.037,2944.000
4.117,4.125,4.117,4.123,4.117,4.122,4.118,4.423,4.423,4.419,4.425,4.422,4.425,4.421,-59.143,2945.000
4.120,4.121,4.120,4.122,4.123,4.119,4.116,4.426,4.438,4.432,4.423,4.430,4.427,4.427,-59.121,2946.000
4.119,4.126,4.121,4.122,4.123,4.119,4.121,4.423,4.423,4.420,4.424,4.427,4.433,4.426,-59.074,2947.000
4.118,4.120,4.126,4.126,4.119,4.122,4.117,4.424,4.429,4.424,4.428,4.436,4.433,4.431,-59.106,2948.000
4.121,4.121,4.117,4.123,4.123,4.128,4.116,4.429,4.433,4.428,4.431,4.427,4.425,4.426,-59.119,2949.000
4.126,4.122,4.124,4.124,4.122,4.126,4.123,4.427,4.429,4.424,4.430,4.431,4.433,4.426,-59.029,2950.000
4.129,4.125,4.123,4.123,4.122,4.122,4.125,4.428,4.434,4.432,4.429,4.421,4.433,4.426,-59.051,2951.000
4.126,4.122,4.120,4.119,4.118,4.125,4.120,4.432,4.435,4.426,4.430,4.434,4.431,4.434,-59.058,2952.000
4.126,4.125,4.124,4.119,4.121,4.123,4.123,4.428,4.429,4.431,4.429,4.434,4.429,4.433,-58.924,2953.000
4.123,4.126,4.128,4.122,4.121,4.121,4.121,4.428,4.433,4.425,4.425,4.428,4.429,4.431,-59.022,2954.000
4.123,4.125,4.127,4.128,4.123,4.121,4.123,4.428,4.427,4.431,4.432,4.430,4.430,4.430,-59.240,2955.000
4.123,4.125,4.122,4.129,4.126,4.125,4.126,4.430,4.428,4.426,4.425,4.430,4.429,4.432,-59.293,2956.000
4.121,4.121,4.121,4.122,4.127,4.120,4.127,4.423,4.424,4.428,4.426,4.429,4.428,4.430,-59.186,2957.000
4.119,4.126,4.127,4.119,4.127,4.122,4.124,4.426,4.424,4.426,4.428,4.428,4.426,4.422,-59.288,2958.000
4.128,4.119,4.123,4.122,4.114,4.124,4.125,4.429,4.427,4.426,4.423,4.423,4.421,4.422,-59.289,2959.000
4.123,4.121,4.123,4.124,4.119,4.122,4.124,4.427,4.424,4.423,4.421,4.424,4.421,4.426,-59.246,2960.000
4.124,4.122,4.124,4.121,4.120,4.123,4.116,4.421,4.422,4.417,4.424,4.420,4.428,4.432,-59.207,2961.000
4.123,4.125,4.124,4.122,4.125,4.121,4.119,4.427,4.424,4.423,4.424,4.427,4.427,4.421,-59.142,2962.000
4.123,4.120,4.124,4.121,4.116,4.117,4.125,4.422,4.427,4.425,4.422,4.424,4.424,4.426,-59.070,2963.000
4.119,4.121,4.123,4.120,4.123,4.126,4.121,4.426,4.422,4.424,4.428,4.426,4.419,4.422,-59.131,2964.000
4.124,4.118,4.127,4.122,4.125,4.120,4.120,4.423,4.421,4.429,4.424,4.431,4.426,4.421,-58.920,2965.000
4.124,4.130,4.123,4.125,4.120,4.127,4.133,4.424,4.429,4.420,4.425,4.434,4.429,4.427,-58.997,2966.000
4.123,4.127,4.119,4.129,4.122,4.124,4.126,4.431,4.430,4.424,4.422,4.424,4.424,4.427,-59.091,2967.000
4.126,4.129,4.133,4.127,4.131,4.128,4.126,4.433,4.433,4.430,4.432,4.426,4.424,4.430,-59.205,2968.000
4.121,4.127,4.124,4.130,4.132,4.124,4.126,4.434,4.435,4.430,4.429,4.434,4.425,4.433,-59.183,2969.000
4.127,4.129,4.128,4.127,4.126,4.127,4.133,4.429,4.434,4.428,4.434,4.434,4.426,4.430,-59.155,2970.000
4.132,4.138,4.132,4.135,4.134,4.134,4.128,4.439,4.437,4.434,4.435,4.432,4.432,4.438,-58.949,2971.000
4.136,4.130,4.134,4.133,4.138,4.131,4.134,4.439,4.436,4.438,4.435,4.431,4.431,4.431,-59.071,2972.000
4.137,4.129,4.130,4.128,4.135,4.135,4.128,4.432,4.441,4.437,4.431,4.437,4.434,4.435,-59.037,2973.000
4.131,4.135,4.134,4.128,4.132,4.136,4.131,4.436,4.436,4.436,4.434,4.433,4.431,4.435,-59.114,2974.000
4.128,4.132,4.129,4.130,4.131,4.125,4.127,4.435,4.430,4.435,4.430,4.436,4.435,4.438,-59.218,2975.000
4.124,4.133,4.119,4.127,4.128,4.130,4.127,4.432,4.434,4.434,4.440,4.433,4.435,4.435,-59.256,2976.000
4.130,4.123,4.126,4.125,4.130,4.120,4.126,4.433,4.432,4.429,4.428,4.436,4.438,4.434,-59.263,2977.000
4.118,4.121,4.126,4.123,4.128,4.116,4.123,4.431,4.427,4.431,4.430,4.435,4.429,4.430,-59.343,2978.000
4.115,4.120,4.114,4.126,4.121,4.126,4.117,4.427,4.432,4.428,4.427,4.427,4.429,4.428,-59.469,2979.000
4.120,4.124,4.121,4.122,4.124,4.120,4.119,4.423,4.430,4.428,4.424,4.425,4.429,4.431,-59.189,2980.000
4.118,4.121,4.122,4.116,4.122,4.125,4.117,4.428,4.433,4.428,4.431,4.429,4.431,4.428,-59.183,2981.000
4.125,4.122,4.128,4.123,4.130,4.125,4.121,4.437,4.438,4.439,4.432,4.434,4.430,4.435,-58.971,2982.000
4.124,4.129,4.123,4.124,4.129,4.128,4.127,4.450,4.443,4.440,4.431,4.431,4.442,4.436,-59.032,2983.000
4.126,4.134,4.127,4.127,4.128,4.134,4.128,4.449,4.444,4.449,4.445,4.444,4.440,4.444,-58.994,2984.000
4.130,4.129,4.126,4.125,4.136,4.127,4.130,4.447,4.445,4.446,4.441,4.441,4.437,4.445,-59.269,2985.000
4.130,4.128,4.127,4.130,4.135,4.132,4.130,4.442,4.445,4.443,4.442,4.441,4.444,4.442,-59.279,2986.000
4.132,4.130,4.126,4.131,4.128,4.126,4.124,4.438,4.443,4.442,4.443,4.433,4.437,4.435,-59.167,2987.000
4.124,4.119,4.127,4.127,4.125,4.128,4.126,4.438,4.435,4.435,4.432,4.435,4.431,4.434,-59.133,2988.000
4.120,4.128,4.126,4.124,4.129,4.125,4.127,4.429,4.431,4.434,4.433,4.434,4.432,4.436,-58.809,2989.000
4.123,4.126,4.121,4.123,4.124,4.123,4.130,4.427,4.427,4.425,4.430,4.429,4.428,4.426,-58.854,2990.000
4.123,4.129,4.124,4.124,4.125,4.125,4.123,4.429,4.426,4.428,4.431,4.426,4.429,4.432,-59.171,2991.000
4.127,4.125,4.124,4.125,4.125,4.122,4.125,4.425,4.434,4.435,4.436,4.434,4.437,4.431,-59.088,2992.000
4.126,4.123,4.124,4.123,4.124,4.126,4.127,4.431,4.432,4.431,4.439,4.432,4.433,4.427,-59.089,2993.000
4.131,4.123,4.128,4.126,4.131,4.132,4.134,4.432,4.427,4.440,4.428,4.428,4.437,4.429,-59.212,2994.000
4.129,4.127,4.128,4.126,4.128,4.125,4.128,4.434,4.432,4.430,4.436,4.440,4.437,4.433,-59.167,2995.000
4.132,4.131,4.129,4.128,4.128,4.127,4.125,4.434,4.432,4.439,4.447,4.434,4.440,4.438,-59.063,2996.000
4.131,4.134,4.128,4.131,4.131,4.137,4.127,4.444,4.447,4.435,4.436,4.441,4.433,4.440,-58.847,2997.000
4.130,4.130,4.136,4.131,4.136,4.134,4.130,4.437,4.441,4.440,4.446,4.442,4.439,4.437,-58.999,2998.000
4.131,4.131,4.133,4.138,4.128,4.131,4.130,4.447,4.437,4.441,4.442,4.439,4.441,4.442,-59.101,2999.000
4.127,4.125,4.132,4.127,4.129,4.129,4.131,4.439,4.444,4.445,4.442,4.438,4.429,4.443,-59.179,3000.000
4.126,4.125,4.129,4.130,4.127,4.128,4.120,4.433,4.427,4.430,4.436,4.431,4.434,4.440,-59.167,3001.000
4.125,4.125,4.124,4.125,4.126,4.122,4.124,4.439,4.428,4.426,4.434,4.431,4.429,4.433,-59.037,3002.000
4.128,4.128,4.127,4.124,4.127,4.126,4.126,4.427,4.428,4.430,4.430,4.430,4.431,4.429,-59.167,3003.000
4.126,4.125,4.117,4.123,4.120,4.121,4.122,4.428,4.428,4.425,4.422,4.424,4.425,4.427,-59.128,3004.000
4.126,4.127,4.125,4.122,4.128,4.127,4.123,4.429,4.434,4.431,4.426,4.433,4.427,4.430,-58.823,3005.000
4.125,4.122,4.125,4.124,4.126,4.123,4.121,4.431,4.429,4.429,4.431,4.423,4.435,4.433,-59.101,3006.000
4.122,4.123,4.122,4.127,4.122,4.125,4.124,4.420,4.419,4.421,4.424,4.426,4.422,4.431,-58.978,3007.000
4.115,4.127,4.118,4.119,4.119,4.125,4.118,4.422,4.417,4.418,4.425,4.422,4.436,4.427,-58.880,3008.000
4.119,4.125,4.122,4.121,4.123,4.123,4.123,4.428,4.424,4.427,4.427,4.424,4.425,4.431,-58.985,3009.000
4.118,4.125,4.120,4.118,4.124,4.120,4.122,4.426,4.426,4.426,4.426,4.427,4.423,4.427,-58.940,3010.000
4.125,4.129,4.127,4.116,4.121,4.125,4.118,4.430,4.426,4.429,4.428,4.427,4.420,4.422,-59.023,3011.000
4.123,4.119,4.124,4.124,4.129,4.118,4.123,4.425,4.424,4.420,4.421,4.432,4.433,4.434,-59.255,3012.000
4.117,4.126,4.119,4.126,4.124,4.128,4.119,4.427,4.426,4.435,4.428,4.430,4.429,4.432,-59.292,3013.000
4.124,4.126,4.122,4.126,4.126,4.126,4.123,4.424,4.435,4.426,4.432,4.428,4.432,4.437,-59.379,3014.000
4.124,4.126,4.127,4.125,4.124,4.132,4.125,4.432,4.431,4.431,4.430,4.437,4.434,4.435,-59.190,3015.000
4.126,4.126,4.126,4.129,4.127,4.133,4.126,4.431,4.432,4.435,4.437,4.433,4.436,4.439,-59.118,3016.000
4.127,4.128,4.135,4.130,4.131,4.133,4.134,4.436,4.434,4.438,4.436,4.435,4.435,4.434,-59.039,3017.000
4.132,4.130,4.127,4.135,4.132,4.135,4.134,4.438,4.440,4.436,4.443,4.437,4.433,4.435,-59.055,3018.000
4.135,4.131,4.139,4.135,4.136,4.132,4.133,4.442,4.440,4.442,4.442,4.436,4.444,4.432,-58.946,3019.000
4.131,4.135,4.140,4.136,4.135,4.132,4.139,4.440,4.441,4.441,4.441,4.443,4.448,4.444,-59.123,3020.000
4.131,4.135,4.139,4.136,4.136,4.131,4.136,4.444,4.443,4.444,4.444,4.444,4.440,4.440,-59.146,3021.000
4.126,4.129,4.128,4.132,4.133,4.133,4.128,4.440,4.449,4.444,4.442,4.443,4.443,4.444,-59.024,3022.000
4.134,4.126,4.129,4.128,4.131,4.128,4.129,4.439,4.438,4.435,4.440,4.445,4.445,4.446,-58.995,3023.000
4.129,4.127,4.132,4.133,4.129,4.133,4.127,4.442,4.442,4.442,4.442,4.440,4.439,4.440,-59.022,3024.000
4.131,4.132,4.134,4.129,4.129,4.135,4.122,4.433,4.440,4.434,4.439,4.437,4.441,4.440,-59.141,3025.000
4.129,4.126,4.128,4.131,4.132,4.124,4.127,4.437,4.436,4.438,4.440,4.438,4.434,4.436,-59.202,3026.000
4.139,4.128,4.126,4.133,4.133,4.131,4.138,4.438,4.439,4.434,4.434,4.439,4.448,4.442,-59.196,3027.000
4.130,4.131,4.127,4.127,4.123,4.131,4.131,4.441,4.443,4.439,4.447,4.439,4.441,4.443,-59.230,3028.000
4.129,4.134,4.126,4.132,4.132,4.131,4.131,4.433,4.438,4.442,4.445,4.439,4.440,4.436,-59.236,3029.000
4.130,4.130,4.133,4.128,4.128,4.131,4.130,4.435,4.432,4.443,4.432,4.434,4.435,4.434,-59.312,3030.000
4.128,4.129,4.127,4.130,4.135,4.130,4.127,4.433,4.438,4.444,4.435,4.444,4.442,4.442,-59.248,3031.000
4.131,4.132,4.132,4.128,4.128,4.135,4.134,4.436,4.444,4.446,4.439,4.440,4.438,4.439,-59.220,3032.000
4.130,4.130,4.134,4.136,4.131,4.130,4.133,4.434,4.443,4.442,4.442,4.440,4.438,4.439,-59.504,3033.000
4.128,4.129,4.133,4.129,4.133,4.132,4.134,4.438,4.439,4.439,4.443,4.440,4.438,4.439,-59.552,3034.000
4.129,4.133,4.131,4.132,4.131,4.131,4.127,4.435,4.438,4.444,4.441,4.439,4.437,4.437,-59.610,3035.000
4.140,4.130,4.127,4.133,4.132,4.129,4.128,4.441,4.442,4.437,4.437,4.431,4.439,4.435,-59.453,3036.000
4.126,4.136,4.130,4.131,4.131,4.128,4.128,4.427,4.435,4.433,4.435,4.440,4.438,4.434,-59.290,3037.000
4.123,4.128,4.128,4.134,4.129,4.132,4.125,4.437,4.434,4.429,4.428,4.433,4.433,4.434,-59.106,3038.000
4.127,4.135,4.127,4.127,4.131,4.133,4.130,4.439,4.438,4.433,4.432,4.440,4.436,4.436,-59.090,3039.000
4.129,4.129,4.126,4.128,4.126,4.124,4.128,4.436,4.432,4.431,4.432,4.435,4.435,4.439,-59.018,3040.000
4.127,4.126,4.129,4.132,4.128,4.126,4.131,4.430,4.428,4.431,4.432,4.434,4.431,4.431,-59.201,3041.000
4.124,4.125,4.124,4.128,4.125,4.126,4.130,4.433,4.439,4.429,4.436,4.431,4.436,4.431,-59.235,3042.000
4.129,4.127,4.129,4.124,4.135,4.128,4.127,4.427,4.433,4.434,4.438,4.436,4.438,4.436,-59.233,3043.000
4.128,4.130,4.124,4.132,4.131,4.134,4.129,4.433,4.434,4.437,4.447,4.434,4.439,4.434,-59.071,3044.000
4.127,4.137,4.129,4.131,4.125,4.130,4.127,4.436,4.436,4.435,4.430,4.435,4.433,4.436,-59.217,3045.000
4.130,4.130,4.130,4.131,4.132,4.128,4.134,4.441,4.439,4.438,4.443,4.437,4.440,4.435,-59.050,3046.000
4.131,4.132,4.130,4.133,4.134,4.126,4.125,4.441,4.439,4.435,4.437,4.438,4.437,4.440,-59.119,3047.000
4.136,4.129,4.135,4.129,4.128,4.131,4.123,4.440,4.436,4.435,4.435,4.434,4.434,4.436,-59.063,3048.000
4.132,4.127,4.130,4.129,4.131,4.130,4.132,4.437,4.431,4.430,4.429,4.436,4.440,4.441,-59.310,3049.000
4.134,4.134,4.126,4.131,4.131,4.132,4.129,4.435,4.436,4.434,4.429,4.435,4.436,4.432,-59.199,3050.000
4.134,4.130,4.130,4.131,4.134,4.122,4.128,4.432,4.427,4.439,4.430,4.431,4.431,4.428,-59.307,3051.000
4.128,4.130,4.130,4.131,4.130,4.129,4.137,4.432,4.435,4.429,4.430,4.432,4.434,4.436,-58.965,3052.000
4.124,4.134,4.125,4.133,4.130,4.131,4.127,4.436,4.434,4.436,4.430,4.435,4.434,4.424,-58.882,3053.000
4.131,4.130,4.126,4.128,4.121,4.126,4.131,4.434,4.432,4.436,4.431,4.431,4.434,4.432,-58.866,3054.000
4.129,4.133,4.120,4.126,4.123,4.129,4.128,4.429,4.427,4.439,4.429,4.429,4.425,4.426,-58.942,3055.000
4.135,4.128,4.131,4.129,4.130,4.122,4.122,4.432,4.438,4.432,4.436,4.432,4.427,4.437,-59.135,3056.000
4.126,4.124,4.124,4.124,4.131,4.124,4.126,4.430,4.436,4.426,4.430,4.433,4.422,4.433,-59.152,3057.000
4.127,4.129,4.126,4.132,4.125,4.130,4.125,4.427,4.432,4.432,4.430,4.426,4.431,4.427,-58.999,3058.000
4.127,4.129,4.126,4.128,4.123,4.126,4.130,4.426,4.430,4.425,4.424,4.430,4.428,4.433,-58.900,3059.000
4.123,4.124,4.128,4.126,4.126,4.126,4.124,4.435,4.432,4.434,4.424,4.430,4.431,4.424,-59.042,3060.000
4.125,4.126,4.126,4.123,4.133,4.128,4.124,4.429,4.430,4.431,4.428,4.428,4.428,4.429,-58.902,3061.000
4.133,4.125,4.130,4.126,4.130,4.129,4.133,4.434,4.430,4.432,4.433,4.436,4.430,4.429,-58.906,3062.000
4.122,4.125,4.128,4.126,4.131,4.130,4.128,4.431,4.432,4.437,4.431,4.433,4.434,4.428,-58.950,3063.000
4.126,4.129,4.130,4.126,4.127,4.128,4.129,4.428,4.436,4.431,4.427,4.430,4.436,4.430,-59.102,3064.000
4.124,4.128,4.125,4.130,4.134,4.126,4.129,4.432,4.433,4.438,4.433,4.431,4.434,4.434,-59.280,3065.000
4.128,4.130,4.131,4.127,4.130,4.127,4.122,4.433,4.435,4.428,4.432,4.431,4.433,4.431,-59.157,3066.000
4.129,4.130,4.125,4.131,4.131,4.127,4.129,4.434,4.428,4.440,4.430,4.436,4.437,4.434,-58.975,3067.000
4.135,4.126,4.131,4.126,4.126,4.129,4.133,4.433,4.434,4.432,4.435,4.445,4.433,4.433,-59.128,3068.000
4.137,4.132,4.130,4.126,4.130,4.126,4.136,4.438,4.435,4.443,4.432,4.443,4.438,4.436,-59.244,3069.000
4.128,4.127,4.127,4.127,4.131,4.130,4.125,4.434,4.425,4.427,4.438,4.435,4.435,4.437,-59.174,3070.000
4.130,4.128,4.130,4.131,4.130,4.126,4.130,4.435,4.434,4.438,4.439,4.436,4.433,4.436,-59.077,3071.000
4.130,4.133,4.130,4.127,4.128,4.136,4.128,4.431,4.436,4.430,4.440,4.431,4.437,4.440,-59.188,3072.000
4.129,4.134,4.130,4.127,4.132,4.137,4.130,4.434,4.435,4.439,4.438,4.438,4.438,4.426,-59.109,3073.000
4.127,4.128,4.130,4.131,4.129,4.128,4.127,4.435,4.440,4.437,4.436,4.434,4.429,4.438,-59.000,3074.000
4.134,4.135,4.128,4.128,4.128,4.136,4.139,4.432,4.431,4.428,4.432,4.439,4.434,4.434,-59.152,3075.000
4.136,4.126,4.125,4.128,4.129,4.129,4.128,4.434,4.427,4.434,4.427,4.433,4.426,4.438,-59.400,3076.000
4.130,4.124,4.132,4.131,4.135,4.129,4.137,4.440,4.442,4.435,4.434,4.434,4.438,4.429,-59.381,3077.000
4.139,4.136,4.137,4.135,4.132,4.131,4.138,4.433,4.431,4.439,4.435,4.437,4.445,4.435,-59.062,3078.000
4.134,4.128,4.139,4.136,4.132,4.134,4.135,4.442,4.438,4.436,4.439,4.439,4.440,4.443,-59.061,3079.000
4.132,4.132,4.131,4.140,4.136,4.135,4.134,4.448,4.443,4.434,4.439,4.438,4.436,4.439,-58.808,3080.000
4.130,4.137,4.131,4.135,4.137,4.131,4.136,4.443,4.445,4.440,4.445,4.436,4.441,4.434,-58.817,3081.000
4.133,4.134,4.144,4.136,4.141,4.132,4.137,4.445,4.449,4.444,4.452,4.450,4.451,4.450,-59.032,3082.000
4.140,4.142,4.139,4.138,4.137,4.139,4.139,4.446,4.445,4.441,4.444,4.450,4.448,4.441,-59.388,3083.000
4.143,4.140,4.143,4.141,4.139,4.145,4.137,4.448,4.446,4.449,4.450,4.446,4.446,4.448,-59.248,3084.000
4.144,4.143,4.140,4.146,4.143,4.141,4.140,4.449,4.447,4.446,4.451,4.447,4.447,4.445,-59.145,3085.000
4.137,4.143,4.143,4.140,4.140,4.144,4.143,4.443,4.451,4.446,4.449,4.449,4.448,4.450,-59.223,3086.000
4.138,4.141,4.141,4.140,4.144,4.145,4.145,4.450,4.445,4.450,4.448,4.447,4.446,4.449,-59.097,3087.000
4.144,4.143,4.147,4.137,4.146,4.142,4.148,4.448,4.445,4.450,4.448,4.450,4.450,4.450,-59.058,3088.000
4.141,4.146,4.138,4.141,4.144,4.148,4.142,4.458,4.457,4.450,4.454,4.450,4.448,4.447,-59.110,3089.000
4.145,4.143,4.145,4.144,4.144,4.144,4.147,4.447,4.451,4.446,4.453,4.451,4.455,4.450,-58.941,3090.000
4.151,4.144,4.150,4.143,4.145,4.145,4.143,4.448,4.458,4.448,4.452,4.458,4.460,4.452,-59.237,3091.000
4.150,4.143,4.148,4.144,4.151,4.147,4.148,4.453,4.453,4.455,4.452,4.448,4.451,4.447,-59.067,3092.000
4.143,4.144,4.140,4.140,4.145,4.149,4.147,4.455,4.455,4.454,4.453,4.447,4.449,4.451,-59.207,3093.000
4.139,4.139,4.146,4.146,4.136,4.143,4.146,4.448,4.453,4.453,4.450,4.448,4.444,4.443,-59.156,3094.000
4.144,4.141,4.138,4.142,4.137,4.143,4.133,4.445,4.447,4.444,4.448,4.443,4.445,4.448,-59.260,3095.000
4.137,4.138,4.135,4.136,4.135,4.134,4.131,4.442,4.443,4.447,4.446,4.443,4.440,4.443,-59.242,3096.000
4.139,4.138,4.130,4.134,4.135,4.130,4.132,4.447,4.442,4.440,4.438,4.440,4.440,4.443,-59.280,3097.000
4.135,4.136,4.132,4.134,4.135,4.128,4.140,4.439,4.441,4.441,4.440,4.438,4.435,4.437,-59.085,3098.000
4.129,4.135,4.136,4.134,4.133,4.135,4.131,4.444,4.443,4.443,4.437,4.437,4.439,4.442,-59.113,3099.000
4.135,4.135,4.137,4.133,4.135,4.131,4.140,4.437,4.436,4.437,4.437,4.438,4.435,4.440,-58.848,3100.000
4.132,4.129,4.132,4.132,4.135,4.132,4.134,4.433,4.435,4.435,4.440,4.434,4.440,4.439,-59.127,3101.000
4.135,4.136,4.128,4.139,4.130,4.134,4.125,4.443,4.442,4.439,4.440,4.437,4.439,4.434,-59.418,3102.000
4.132,4.126,4.136,4.128,4.136,4.128,4.135,4.435,4.436,4.439,4.433,4.435,4.433,4.439,-59.355,3103.000
4.131,4.123,4.132,4.133,4.136,4.130,4.137,4.435,4.430,4.432,4.439,4.436,4.437,4.435,-59.242,3104.000
4.133,4.131,4.135,4.128,4.135,4.130,4.132,4.427,4.438,4.434,4.433,4.436,4.442,4.441,-58.998,3105.000
4.131,4.129,4.132,4.127,4.137,4.130,4.131,4.435,4.432,4.436,4.437,4.438,4.430,4.431,-59.198,3106.000
4.137,4.129,4.131,4.133,4.140,4.132,4.131,4.441,4.439,4.441,4.443,4.435,4.445,4.436,-59.219,3107.000
4.135,4.135,4.132,4.132,4.133,4.131,4.129,4.447,4.437,4.432,4.432,4.436,4.436,4.438,-59.035,3108.000
4.129,4.132,4.127,4.129,4.138,4.133,4.133,4.434,4.432,4.440,4.432,4.438,4.443,4.445,-59.224,3109.000
4.133,4.130,4.134,4.133,4.128,4.132,4.127,4.438,4.438,4.439,4.433,4.436,4.442,4.436,-59.108,3110.000
4.130,4.134,4.130,4.141,4.130,4.139,4.133,4.434,4.442,4.440,4.434,4.440,4.437,4.439,-59.021,3111.000
4.135,4.135,4.131,4.131,4.134,4.130,4.135,4.437,4.434,4.436,4.438,4.437,4.436,4.441,-59.084,3112.000
4.132,4.125,4.133,4.133,4.133,4.130,4.130,4.440,4.436,4.438,4.442,4.443,4.442,4.439,-59.179,3113.000
4.136,4.130,4.133,4.133,4.136,4.132,4.136,4.441,4.437,4.439,4.442,4.437,4.434,4.440,-59.116,3114.000
4.130,4.135,4.137,4.134,4.134,4.136,4.132,4.438,4.434,4.432,4.443,4.437,4.434,4.438,-58.873,3115.000
4.133,4.134,4.130,4.127,4.134,4.136,4.134,4.431,4.437,4.435,4.435,4.441,4.440,4.437,-59.079,3116.000
4.136,4.133,4.133,4.133,4.140,4.132,4.135,4.442,4.441,4.442,4.436,4.440,4.440,4.435,-59.202,3117.000
4.137,4.141,4.135,4.138,4.131,4.135,4.132,4.444,4.443,4.437,4.443,4.439,4.445,4.439,-59.212,3118.000
4.139,4.140,4.142,4.139,4.137,4.140,4.134,4.446,4.446,4.447,4.443,4.445,4.444,4.440,-59.038,3119.000
4.140,4.144,4.141,4.144,4.140,4.134,4.138,4.446,4.449,4.445,4.449,4.450,4.438,4.452,-59.085,3120.000
4.146,4.141,4.138,4.147,4.140,4.140,4.141,4.451,4.445,4.446,4.446,4.447,4.450,4.443,-58.833,3121.000
4.138,4.139,4.147,4.142,4.137,4.147,4.139,4.446,4.448,4.448,4.450,4.447,4.447,4.447,-58.784,3122.000
4.144,4.141,4.143,4.143,4.140,4.136,4.143,4.455,4.444,4.451,4.448,4.449,4.447,4.449,-58.883,3123.000
4.145,4.144,4.144,4.141,4.148,4.148,4.145,4.447,4.441,4.447,4.449,4.449,4.450,4.450,-58.883,3124.000
4.149,4.143,4.144,4.145,4.139,4.148,4.145,4.449,4.445,4.446,4.450,4.451,4.448,4.446,-58.883,3125.000
4.139,4.145,4.145,4.136,4.141,4.143,4.144,4.445,4.445,4.444,4.445,4.451,4.448,4.448,-58.782,3126.000
4.146,4.148,4.145,4.141,4.143,4.146,4.139,4.450,4.450,4.447,4.447,4.450,4.450,4.449,-58.765,3127.000
4.142,4.144,4.142,4.141,4.139,4.142,4.147,4.446,4.453,4.452,4.448,4.449,4.453,4.455,-58.949,3128.000
4.147,4.149,4.144,4.145,4.145,4.141,4.146,4.445,4.452,4.448,4.449,4.451,4.447,4.453,-58.994,3129.000
4.148,4.143,4.145,4.147,4.141,4.142,4.146,4.454,4.453,4.450,4.455,4.450,4.451,4.458,-59.043,3130.000
4.141,4.151,4.152,4.149,4.147,4.146,4.145,4.447,4.458,4.454,4.452,4.457,4.448,4.450,-58.966,3131.000
4.150,4.147,4.150,4.144,4.144,4.147,4.148,4.449,4.453,4.454,4.449,4.450,4.448,4.453,-58.858,3132.000
4.150,4.148,4.147,4.141,4.148,4.145,4.146,4.452,4.455,4.452,4.461,4.456,4.455,4.455,-58.828,3133.000
4.151,4.147,4.149,4.150,4.155,4.151,4.155,4.453,4.457,4.449,4.455,4.453,4.460,4.458,-58.884,3134.000
4.147,4.149,4.153,4.151,4.151,4.145,4.151,4.449,4.458,4.454,4.457,4.458,4.456,4.457,-58.778,3135.000
4.155,4.151,4.150,4.146,4.153,4.146,4.148,4.451,4.463,4.453,4.458,4.458,4.458,4.455,-58.882,3136.000
4.148,4.147,4.151,4.151,4.153,4.151,4.151,4.461,4.454,4.462,4.463,4.453,4.458,4.455,-58.886,3137.000
4.152,4.151,4.145,4.149,4.154,4.149,4.151,4.455,4.454,4.456,4.455,4.455,4.454,4.459,-58.916,3138.000
4.150,4.151,4.144,4.149,4.149,4.148,4.150,4.454,4.457,4.458,4.461,4.454,4.453,4.463,-59.035,3139.000
4.153,4.151,4.156,4.148,4.150,4.152,4.148,4.456,4.455,4.456,4.459,4.455,4.458,4.456,-59.097,3140.000
4.153,4.149,4.153,4.146,4.152,4.152,4.151,4.451,4.454,4.454,4.457,4.453,4.453,4.458,-59.094,3141.000
4.145,4.151,4.148,4.154,4.151,4.146,4.150,4.449,4.460,4.459,4.456,4.452,4.460,4.460,-59.163,3142.000
4.153,4.155,4.149,4.150,4.144,4.151,4.146,4.454,4.452,4.451,4.454,4.452,4.456,4.449,-59.217,3143.000
4.151,4.149,4.148,4.154,4.151,4.148,4.146,4.452,4.447,4.454,4.455,4.456,4.455,4.451,-59.149,3144.000
4.147,4.150,4.153,4.149,4.151,4.155,4.151,4.455,4.456,4.452,4.451,4.453,4.458,4.455,-59.095,3145.000
4.152,4.154,4.155,4.154,4.146,4.145,4.146,4.450,4.456,4.446,4.455,4.446,4.451,4.450,-59.022,3146.000
4.150,4.147,4.149,4.153,4.146,4.150,4.148,4.455,4.458,4.451,4.452,4.448,4.453,4.451,-58.767,3147.000
4.150,4.155,4.148,4.153,4.153,4.152,4.144,4.451,4.454,4.450,4.456,4.451,4.451,4.450,-59.244,3148.000
4.149,4.153,4.155,4.146,4.151,4.153,4.155,4.453,4.461,4.449,4.454,4.451,4.447,4.459,-59.382,3149.000
4.146,4.149,4.154,4.149,4.157,4.150,4.151,4.453,4.452,4.448,4.450,4.449,4.447,4.452,-59.229,3150.000
4.148,4.148,4.148,4.147,4.150,4.150,4.154,4.449,4.450,4.450,4.455,4.451,4.449,4.454,-59.411,3151.000
4.155,4.146,4.153,4.151,4.154,4.151,4.150,4.456,4.451,4.451,4.455,4.456,4.457,4.455,-59.669,3152.000
4.151,4.148,4.152,4.152,4.154,4.153,4.150,4.452,4.452,4.453,4.456,4.454,4.451,4.458,-59.397,3153.000
4.151,4.157,4.151,4.152,4.153,4.146,4.158,4.450,4.460,4.456,4.466,4.454,4.454,4.454,-59.320,3154.000
4.151,4.151,4.153,4.151,4.149,4.147,4.156,4.457,4.454,4.456,4.457,4.453,4.451,4.454,-59.158,3155.000
4.143,4.147,4.152,4.147,4.149,4.155,4.153,4.453,4.454,4.451,4.455,4.456,4.456,4.451,-59.240,3156.000
4.151,4.149,4.144,4.151,4.147,4.148,4.155,4.453,4.455,4.453,4.455,4.449,4.445,4.452,-59.031,3157.000
4.148,4.149,4.145,4.152,4.148,4.152,4.151,4.451,4.457,4.455,4.459,4.454,4.453,4.450,-59.156,3158.000
4.148,4.146,4.150,4.151,4.146,4.146,4.148,4.453,4.450,4.448,4.449,4.458,4.458,4.449,-59.198,3159.000
4.142,4.148,4.144,4.152,4.148,4.145,4.148,4.451,4.458,4.447,4.456,4.454,4.450,4.454,-59.165,3160.000
4.149,4.147,4.151,4.149,4.148,4.148,4.147,4.455,4.452,4.455,4.450,4.448,4.456,4.453,-58.970,3161.000
4.152,4.149,4.145,4.145,4.148,4.145,4.148,4.451,4.450,4.455,4.450,4.448,4.454,4.449,-58.989,3162.000
4.146,4.146,4.144,4.144,4.140,4.139,4.143,4.451,4.453,4.446,4.445,4.451,4.448,4.455,-59.062,3163.000
4.144,4.146,4.142,4.142,4.143,4.145,4.140,4.450,4.449,4.449,4.455,4.449,4.447,4.446,-58.979,3164.000
4.142,4.140,4.141,4.145,4.145,4.142,4.144,4.454,4.448,4.445,4.444,4.447,4.448,4.448,-59.026,3165.000
4.140,4.139,4.137,4.143,4.143,4.138,4.142,4.448,4.445,4.444,4.446,4.451,4.448,4.448,-59.154,3166.000
4.145,4.142,4.146,4.135,4.141,4.144,4.146,4.450,4.448,4.445,4.441,4.444,4.445,4.448,-59.112,3167.000
4.140,4.146,4.139,4.138,4.140,4.148,4.146,4.450,4.453,4.447,4.448,4.447,4.449,4.451,-59.313,3168.000
4.140,4.140,4.147,4.137,4.147,4.136,4.139,4.448,4.443,4.443,4.440,4.449,4.441,4.450,-59.361,3169.000
4.139,4.139,4.149,4.149,4.139,4.144,4.137,4.446,4.444,4.448,4.451,4.446,4.446,4.440,-59.103,3170.000
4.141,4.147,4.142,4.143,4.144,4.136,4.143,4.442,4.442,4.446,4.442,4.444,4.451,4.446,-59.120,3171.000
4.143,4.142,4.146,4.140,4.140,4.144,4.138,4.440,4.447,4.441,4.445,4.447,4.445,4.445,-59.271,3172.000
4.140,4.143,4.139,4.145,4.138,4.142,4.138,4.444,4.447,4.445,4.447,4.441,4.447,4.439,-59.157,3173.000
4.138,4.143,4.141,4.143,4.142,4.144,4.146,4.444,4.445,4.448,4.445,4.446,4.442,4.445,-59.304,3174.000
4.143,4.140,4.148,4.144,4.138,4.143,4.140,4.455,4.443,4.447,4.447,4.443,4.446,4.443,-59.396,3175.000
4.143,4.146,4.139,4.143,4.146,4.144,4.137,4.446,4.448,4.448,4.449,4.442,4.449,4.445,-59.164,3176.000
4.140,4.134,4.139,4.136,4.146,4.134,4.147,4.444,4.445,4.445,4.447,4.445,4.442,4.441,-59.355,3177.000
4.144,4.145,4.143,4.143,4.146,4.142,4.140,4.449,4.445,4.446,4.440,4.445,4.444,4.443,-59.233,3178.000
4.139,4.138,4.139,4.137,4.142,4.139,4.142,4.449,4.450,4.443,4.446,4.448,4.443,4.447,-58.938,3179.000
4.142,4.136,4.143,4.139,4.142,4.138,4.137,4.441,4.439,4.438,4.445,4.451,4.446,4.442,-58.740,3180.000
4.144,4.138,4.143,4.140,4.140,4.139,4.146,4.441,4.439,4.446,4.446,4.444,4.441,4.449,-58.326,3181.000
4.142,4.141,4.138,4.141,4.144,4.143,4.143,4.439,4.453,4.449,4.440,4.448,4.449,4.448,-58.025,3182.000
4.140,4.137,4.144,4.139,4.141,4.148,4.134,4.451,4.447,4.447,4.441,4.436,4.438,4.444,-57.783,3183.000
4.143,4.136,4.139,4.139,4.138,4.140,4.139,4.448,4.442,4.443,4.446,4.446,4.442,4.445,-57.872,3184.000
4.133,4.142,4.140,4.140,4.142,4.138,4.142,4.442,4.437,4.439,4.445,4.441,4.452,4.441,-58.155,3185.000
4.136,4.142,4.136,4.137,4.135,4.142,4.138,4.436,4.443,4.434,4.437,4.439,4.434,4.441,-58.277,3186.000
4.141,4.137,4.137,4.142,4.143,4.140,4.134,4.445,4.444,4.438,4.436,4.439,4.441,4.449,-58.284,3187.000
4.135,4.142,4.139,4.139,4.140,4.138,4.141,4.441,4.444,4.440,4.436,4.441,4.443,4.441,-58.638,3188.000
4.140,4.142,4.133,4.136,4.140,4.138,4.139,4.442,4.439,4.437,4.448,4.442,4.444,4.442,-58.891,3189.000
4.140,4.142,4.142,4.143,4.145,4.140,4.144,4.449,4.449,4.453,4.445,4.449,4.443,4.448,-58.670,3190.000
4.135,4.136,4.142,4.140,4.135,4.142,4.139,4.443,4.443,4.444,4.443,4.441,4.441,4.444,-58.633,3191.000
4.135,4.136,4.144,4.139,4.133,4.134,4.141,4.449,4.448,4.439,4.443,4.442,4.443,4.446,-58.711,3192.000
4.136,4.140,4.140,4.141,4.139,4.138,4.133,4.443,4.443,4.443,4.445,4.437,4.448,4.448,-58.556,3193.000
4.138,4.137,4.140,4.136,4.138,4.138,4.140,4.451,4.442,4.446,4.438,4.440,4.440,4.442,-58.632,3194.000
4.136,4.134,4.138,4.137,4.133,4.139,4.142,4.437,4.441,4.435,4.442,4.445,4.444,4.443,-58.550,3195.000
4.132,4.141,4.141,4.139,4.132,4.142,4.136,4.442,4.446,4.442,4.442,4.445,4.442,4.438,-58.614,3196.000
4.137,4.134,4.137,4.136,4.134,4.135,4.137,4.445,4.444,4.444,4.444,4.439,4.445,4.441,-58.878,3197.000
4.138,4.132,4.140,4.138,4.138,4.137,4.136,4.448,4.444,4.446,4.443,4.447,4.442,4.445,-59.107,3198.000
4.138,4.134,4.131,4.136,4.133,4.133,4.134,4.440,4.444,4.441,4.441,4.439,4.438,4.442,-59.251,3199.000
4.137,4.139,4.138,4.138,4.138,4.142,4.146,4.445,4.444,4.442,4.442,4.445,4.443,4.445,-59.184,3200.000
4.132,4.134,4.139,4.134,4.139,4.139,4.137,4.444,4.448,4.444,4.444,4.440,4.440,4.441,-59.071,3201.000
4.140,4.136,4.134,4.138,4.141,4.141,4.133,4.444,4.452,4.441,4.443,4.445,4.450,4.441,-58.962,3202.000
4.142,4.143,4.141,4.141,4.138,4.143,4.142,4.446,4.448,4.445,4.449,4.449,4.447,4.451,-58.999,3203.000
4.139,4.140,4.143,4.141,4.144,4.141,4.138,4.452,4.447,4.450,4.450,4.445,4.448,4.448,-59.215,3204.000
4.138,4.140,4.140,4.145,4.139,4.141,4.141,4.446,4.450,4.443,4.448,4.442,4.447,4.449,-59.137,3205.000
4.143,4.144,4.142,4.143,4.143,4.145,4.142,4.451,4.444,4.455,4.448,4.449,4.449,4.446,-59.089,3206.000
4.140,4.143,4.145,4.147,4.141,4.140,4.141,4.448,4.451,4.456,4.450,4.446,4.448,4.448,-59.040,3207.000
4.138,4.142,4.136,4.149,4.134,4.143,4.142,4.447,4.452,4.451,4.449,4.449,4.449,4.445,-59.212,3208.000
4.147,4.140,4.147,4.145,4.143,4.139,4.141,4.451,4.450,4.450,4.446,4.449,4.443,4.450,-59.201,3209.000
4.143,4.141,4.143,4.142,4.147,4.140,4.148,4.449,4.447,4.449,4.452,4.450,4.454,4.455,-59.263,3210.000
4.148,4.144,4.144,4.144,4.148,4.142,4.148,4.447,4.445,4.450,4.450,4.456,4.456,4.452,-59.293,3211.000
4.147,4.148,4.148,4.142,4.146,4.141,4.144,4.448,4.450,4.452,4.457,4.451,4.452,4.453,-59.002,3212.000
4.149,4.151,4.146,4.148,4.143,4.146,4.147,4.449,4.450,4.457,4.454,4.456,4.449,4.455,-58.874,3213.000
4.143,4.148,4.141,4.147,4.146,4.149,4.144,4.458,4.456,4.447,4.451,4.454,4.447,4.452,-59.094,3214.000
4.151,4.147,4.147,4.143,4.150,4.147,4.149,4.458,4.453,4.454,4.458,4.453,4.460,4.452,-59.034,3215.000
4.138,4.151,4.147,4.151,4.145,4.151,4.146,4.450,4.450,4.454,4.454,4.451,4.451,4.451,-58.911,3216.000
4.152,4.145,4.144,4.143,4.151,4.146,4.143,4.453,4.455,4.450,4.458,4.449,4.453,4.453,-58.956,3217.000
4.144,4.147,4.146,4.149,4.143,4.144,4.144,4.450,4.449,4.453,4.453,4.457,4.450,4.453,-59.205,3218.000
4.148,4.143,4.142,4.150,4.146,4.147,4.149,4.445,4.455,4.453,4.457,4.451,4.452,4.446,-59.080,3219.000
4.140,4.143,4.142,4.144,4.145,4.148,4.144,4.449,4.452,4.457,4.459,4.449,4.451,4.455,-59.028,3220.000
4.148,4.146,4.147,4.146,4.145,4.149,4.145,4.453,4.447,4.450,4.454,4.451,4.452,4.447,-59.107,3221.000
4.147,4.148,4.147,4.143,4.150,4.148,4.148,4.450,4.454,4.446,4.449,4.453,4.451,4.452,-59.411,3222.000
4.146,4.141,4.145,4.145,4.145,4.146,4.145,4.448,4.451,4.448,4.447,4.453,4.450,4.455,-59.514,3223.000
4.144,4.140,4.144,4.144,4.144,4.146,4.141,4.450,4.448,4.455,4.448,4.453,4.449,4.447,-59.089,3224.000
4.140,4.146,4.147,4.150,4.147,4.148,4.149,4.452,4.450,4.447,4.446,4.447,4.451,4.453,-59.038,3225.000
4.144,4.145,4.143,4.142,4.144,4.145,4.143,4.451,4.448,4.442,4.448,4.448,4.448,4.450,-59.011,3226.000
4.144,4.145,4.144,4.144,4.150,4.141,4.149,4.451,4.447,4.451,4.454,4.455,4.449,4.452,-59.033,3227.000
4.138,4.145,4.146,4.142,4.145,4.143,4.149,4.452,4.449,4.448,4.451,4.448,4.457,4.458,-59.092,3228.000
4.141,4.154,4.144,4.141,4.148,4.146,4.146,4.454,4.451,4.454,4.453,4.453,4.454,4.453,-59.021,3229.000
4.149,4.151,4.145,4.145,4.149,4.151,4.151,4.448,4.454,4.451,4.452,4.454,4.459,4.447,-58.804,3230.000
4.151,4.147,4.145,4.146,4.145,4.146,4.148,4.452,4.451,4.457,4.452,4.452,4.454,4.449,-58.959,3231.000
4.148,4.148,4.147,4.147,4.145,4.147,4.150,4.449,4.455,4.458,4.449,4.446,4.448,4.447,-59.090,3232.000
4.145,4.149,4.146,4.139,4.146,4.148,4.148,4.448,4.451,4.454,4.459,4.451,4.452,4.455,-59.351,3233.000
4.147,4.147,4.157,4.147,4.149,4.151,4.150,4.451,4.452,4.452,4.456,4.449,4.454,4.451,-59.302,3234.000
4.155,4.145,4.151,4.152,4.146,4.147,4.149,4.445,4.450,4.449,4.462,4.450,4.457,4.451,-59.215,3235.000
4.150,4.151,4.145,4.151,4.153,4.145,4.145,4.454,4.458,4.450,4.460,4.452,4.453,4.453,-58.993,3236.000
4.145,4.147,4.148,4.148,4.148,4.141,4.148,4.451,4.452,4.455,4.448,4.454,4.445,4.452,-59.137,3237.000
4.147,4.144,4.146,4.145,4.141,4.156,4.146,4.450,4.455,4.449,4.452,4.453,4.454,4.456,-58.989,3238.000
4.138,4.144,4.142,4.150,4.148,4.146,4.142,4.451,4.453,4.451,4.452,4.453,4.451,4.454,-59.218,3239.000
4.147,4.150,4.145,4.146,4.146,4.146,4.141,4.450,4.454,4.452,4.452,4.454,4.453,4.452,-59.339,3240.000
4.148,4.141,4.145,4.147,4.148,4.147,4.151,4.452,4.452,4.449,4.449,4.447,4.451,4.455,-59.192,3241.000
4.143,4.150,4.144,4.149,4.144,4.144,4.142,4.452,4.446,4.446,4.448,4.450,4.451,4.446,-59.124,3242.000
4.145,4.142,4.144,4.146,4.148,4.146,4.144,4.449,4.444,4.450,4.451,4.450,4.450,4.447,-59.080,3243.000
4.147,4.148,4.147,4.144,4.149,4.141,4.150,4.452,4.449,4.460,4.450,4.450,4.449,4.443,-59.186,3244.000
4.144,4.147,4.144,4.137,4.148,4.138,4.146,4.439,4.444,4.443,4.442,4.446,4.450,4.452,-59.223,3245.000
4.142,4.140,4.141,4.146,4.143,4.141,4.143,4.443,4.450,4.451,4.445,4.446,4.443,4.444,-59.253,3246.000
4.145,4.143,4.140,4.144,4.138,4.139,4.145,4.445,4.445,4.444,4.450,4.445,4.445,4.448,-59.171,3247.000
4.142,4.139,4.146,4.134,4.139,4.137,4.142,4.444,4.443,4.438,4.442,4.441,4.445,4.447,-59.181,3248.000
4.141,4.137,4.140,4.137,4.141,4.138,4.138,4.440,4.440,4.442,4.448,4.446,4.443,4.450,-59.264,3249.000
4.137,4.144,4.141,4.137,4.136,4.141,4.143,4.444,4.450,4.447,4.447,4.451,4.449,4.451,-59.471,3250.000
4.141,4.139,4.143,4.138,4.140,4.139,4.141,4.450,4.451,4.448,4.448,4.441,4.445,4.446,-59.307,3251.000
4.136,4.142,4.148,4.140,4.146,4.142,4.143,4.450,4.448,4.450,4.450,4.448,4.449,4.450,-59.085,3252.000
4.143,4.145,4.141,4.144,4.147,4.139,4.142,4.449,4.455,4.454,4.450,4.451,4.445,4.450,-59.165,3253.000
4.137,4.140,4.139,4.144,4.138,4.137,4.145,4.456,4.451,4.452,4.452,4.453,4.451,4.448,-59.037,3254.000
4.143,4.134,4.136,4.140,4.145,4.142,4.134,4.446,4.443,4.443,4.449,4.447,4.446,4.445,-59.080,3255.000
4.139,4.141,4.137,4.141,4.131,4.143,4.135,4.453,4.442,4.454,4.443,4.445,4.449,4.444,-59.230,3256.000
4.139,4.135,4.143,4.133,4.136,4.138,4.138,4.447,4.445,4.449,4.451,4.446,4.448,4.446,-59.135,3257.000
4.137,4.142,4.136,4.137,4.134,4.139,4.134,4.445,4.446,4.443,4.445,4.445,4.439,4.446,-59.071,3258.000
4.137,4.136,4.134,4.135,4.138,4.139,4.141,4.446,4.445,4.441,4.450,4.444,4.438,4.443,-59.020,3259.000
4.133,4.131,4.133,4.133,4.136,4.135,4.140,4.440,4.439,4.442,4.440,4.436,4.439,4.440,-59.012,3260.000
4.142,4.137,4.136,4.135,4.132,4.136,4.131,4.439,4.441,4.440,4.443,4.444,4.436,4.439,-59.147,3261.000
4.135,4.136,4.133,4.135,4.128,4.129,4.134,4.442,4.441,4.437,4.439,4.436,4.438,4.439,-59.190,3262.000
4.143,4.138,4.136,4.138,4.138,4.139,4.135,4.436,4.442,4.441,4.439,4.445,4.440,4.443,-59.198,3263.000
4.139,4.139,4.140,4.139,4.140,4.135,4.140,4.444,4.443,4.438,4.440,4.440,4.436,4.438,-59.197,3264.000
4.139,4.136,4.134,4.137,4.137,4.138,4.135,4.447,4.445,4.443,4.441,4.448,4.448,4.441,-59.190,3265.000
4.132,4.135,4.134,4.135,4.139,4.138,4.142,4.448,4.444,4.444,4.443,4.442,4.445,4.455,-59.098,3266.000
4.135,4.135,4.141,4.136,4.139,4.137,4.137,4.449,4.444,4.438,4.446,4.435,4.442,4.437,-58.933,3267.000
4.138,4.137,4.133,4.143,4.137,4.135,4.138,4.441,4.443,4.440,4.445,4.449,4.449,4.450,-58.890,3268.000
4.140,4.144,4.138,4.131,4.136,4.137,4.136,4.439,4.440,4.438,4.448,4.445,4.446,4.445,-58.989,3269.000
4.142,4.131,4.137,4.140,4.139,4.134,4.136,4.444,4.449,4.447,4.454,4.449,4.446,4.447,-58.803,3270.000
4.137,4.138,4.138,4.142,4.138,4.137,4.137,4.444,4.446,4.453,4.453,4.443,4.445,4.447,-58.878,3271.000
4.134,4.129,4.135,4.139,4.144,4.139,4.141,4.446,4.448,4.444,4.452,4.447,4.445,4.442,-59.011,3272.000
4.138,4.133,4.144,4.135,4.135,4.137,4.138,4.443,4.445,4.449,4.446,4.444,4.444,4.445,-59.027,3273.000
4.140,4.137,4.141,4.137,4.141,4.141,4.141,4.443,4.443,4.442,4.445,4.445,4.442,4.448,-59.035,3274.000
4.136,4.141,4.139,4.139,4.133,4.138,4.133,4.449,4.445,4.446,4.454,4.440,4.449,4.443,-59.079,3275.000
4.135,4.139,4.142,4.138,4.135,4.145,4.139,4.440,4.441,4.445,4.442,4.448,4.443,4.445,-59.225,3276.000
4.142,4.139,4.143,4.139,4.135,4.141,4.140,4.442,4.439,4.443,4.438,4.442,4.440,4.442,-59.093,3277.000
4.136,4.133,4.136,4.137,4.139,4.133,4.136,4.440,4.441,4.449,4.441,4.443,4.443,4.446,-59.145,3278.000
4.138,4.142,4.134,4.142,4.135,4.139,4.138,4.440,4.441,4.442,4.439,4.445,4.443,4.437,-59.027,3279.000
4.139,4.136,4.141,4.140,4.142,4.137,4.140,4.448,4.447,4.446,4.446,4.444,4.441,4.435,-59.010,3280.000
4.137,4.138,4.139,4.136,4.144,4.139,4.136,4.443,4.444,4.438,4.440,4.442,4.441,4.444,-59.045,3281.000
4.138,4.139,4.135,4.138,4.135,4.144,4.142,4.443,4.444,4.440,4.445,4.442,4.443,4.446,-58.888,3282.000
4.139,4.140,4.137,4.141,4.146,4.139,4.134,4.444,4.440,4.442,4.441,4.446,4.450,4.444,-58.942,3283.000
4.137,4.141,4.146,4.143,4.143,4.141,4.140,4.442,4.443,4.444,4.451,4.441,4.439,4.444,-59.025,3284.000
4.141,4.140,4.136,4.140,4.145,4.144,4.139,4.439,4.442,4.442,4.445,4.448,4.438,4.441,-58.868,3285.000
4.138,4.144,4.141,4.137,4.135,4.144,4.138,4.442,4.440,4.441,4.441,4.444,4.437,4.439,-58.926,3286.000
4.141,4.140,4.140,4.141,4.147,4.139,4.140,4.439,4.444,4.446,4.447,4.445,4.443,4.442,-58.907,3287.000
4.142,4.139,4.141,4.134,4.142,4.141,4.143,4.443,4.441,4.442,4.451,4.445,4.445,4.444,-58.910,3288.000
4.140,4.138,4.137,4.138,4.143,4.138,4.138,4.441,4.440,4.442,4.438,4.437,4.446,4.440,-59.171,3289.000
4.139,4.138,4.137,4.148,4.139,4.144,4.139,4.444,4.438,4.444,4.438,4.440,4.435,4.443,-59.194,3290.000
4.139,4.138,4.140,4.144,4.133,4.137,4.140,4.436,4.441,4.438,4.438,4.438,4.441,4.440,-59.118,3291.000
4.141,4.132,4.135,4.135,4.139,4.140,4.133,4.439,4.439,4.439,4.440,4.439,4.448,4.440,-58.584,3292.000
4.135,4.134,4.135,4.135,4.127,4.137,4.134,4.435,4.441,4.433,4.446,4.437,4.439,4.440,-58.539,3293.000
4.139,4.138,4.132,4.132,4.135,4.139,4.140,4.441,4.446,4.450,4.441,4.449,4.439,4.439,-58.432,3294.000
4.134,4.145,4.136,4.132,4.135,4.136,4.136,4.444,4.438,4.444,4.436,4.440,4.437,4.439,-58.736,3295.000
4.140,4.140,4.138,4.140,4.143,4.127,4.142,4.438,4.435,4.439,4.441,4.439,4.436,4.440,-58.878,3296.000
4.142,4.137,4.137,4.137,4.134,4.134,4.135,4.440,4.440,4.440,4.440,4.438,4.434,4.439,-59.044,3297.000
4.135,4.136,4.137,4.134,4.134,4.135,4.132,4.436,4.440,4.432,4.440,4.442,4.436,4.437,-59.052,3298.000
4.137,4.134,4.134,4.141,4.136,4.133,4.133,4.439,4.444,4.438,4.435,4.439,4.438,4.442,-59.104,3299.000
4.135,4.130,4.138,4.128,4.142,4.130,4.137,4.437,4.442,4.443,4.434,4.437,4.436,4.443,-59.070,3300.000
4.137,4.132,4.133,4.133,4.140,4.127,4.134,4.442,4.436,4.434,4.434,4.446,4.439,4.437,-58.967,3301.000
4.135,4.134,4.138,4.134,4.131,4.131,4.135,4.439,4.436,4.439,4.435,4.440,4.438,4.443,-58.971,3302.000
4.133,4.136,4.132,4.136,4.132,4.128,4.133,4.435,4.433,4.435,4.439,4.436,4.440,4.442,-59.226,3303.000
4.139,4.135,4.136,4.132,4.134,4.133,4.134,4.440,4.444,4.439,4.439,4.441,4.437,4.435,-59.113,3304.000
4.142,4.132,4.133,4.134,4.134,4.141,4.134,4.439,4.434,4.438,4.437,4.442,4.440,4.439,-59.154,3305.000
4.134,4.135,4.140,4.133,4.134,4.130,4.133,4.439,4.441,4.441,4.439,4.443,4.439,4.439,-59.203,3306.000
4.137,4.134,4.139,4.134,4.136,4.141,4.140,4.445,4.437,4.436,4.439,4.448,4.444,4.442,-59.291,3307.000
4.139,4.135,4.141,4.141,4.141,4.143,4.136,4.437,4.444,4.440,4.440,4.442,4.446,4.441,-59.002,3308.000
4.133,4.139,4.133,4.141,4.134,4.135,4.136,4.441,4.437,4.442,4.440,4.442,4.440,4.439,-58.963,3309.000
4.141,4.135,4.141,4.136,4.140,4.138,4.136,4.444,4.443,4.445,4.436,4.444,4.447,4.438,-59.228,3310.000
4.137,4.138,4.133,4.135,4.135,4.136,4.137,4.443,4.440,4.443,4.444,4.444,4.442,4.444,-59.126,3311.000
4.142,4.135,4.141,4.138,4.139,4.138,4.139,4.443,4.445,4.447,4.447,4.447,4.442,4.440,-59.352,3312.000
4.138,4.135,4.142,4.145,4.140,4.132,4.142,4.447,4.442,4.445,4.438,4.444,4.441,4.444,-59.380,3313.000
4.144,4.139,4.140,4.142,4.142,4.141,4.142,4.442,4.447,4.438,4.441,4.441,4.447,4.443,-59.145,3314.000
4.142,4.140,4.141,4.142,4.137,4.145,4.141,4.448,4.443,4.438,4.444,4.440,4.442,4.442,-59.031,3315.000
4.135,4.139,4.140,4.136,4.134,4.145,4.136,4.440,4.446,4.440,4.442,4.442,4.446,4.439,-59.429,3316.000
4.135,4.140,4.140,4.138,4.136,4.135,4.137,4.446,4.437,4.441,4.440,4.436,4.441,4.438,-59.203,3317.000
4.142,4.141,4.140,4.138,4.141,4.134,4.140,4.445,4.445,4.433,4.442,4.439,4.434,4.436,-59.296,3318.000
4.140,4.137,4.139,4.137,4.137,4.136,4.134,4.429,4.434,4.441,4.440,4.443,4.443,4.439,-59.269,3319.000
4.133,4.142,4.135,4.138,4.138,4.138,4.135,4.433,4.434,4.439,4.436,4.439,4.436,4.441,-59.182,3320.000
4.133,4.134,4.130,4.135,4.134,4.134,4.132,4.436,4.435,4.438,4.439,4.444,4.436,4.440,-59.056,3321.000
4.138,4.139,4.132,4.141,4.134,4.138,4.140,4.437,4.442,4.435,4.438,4.442,4.438,4.440,-58.934,3322.000
4.134,4.132,4.138,4.135,4.141,4.131,4.139,4.441,4.438,4.442,4.437,4.433,4.441,4.436,-59.089,3323.000
4.135,4.134,4.132,4.136,4.136,4.132,4.134,4.437,4.435,4.433,4.435,4.436,4.444,4.441,-58.837,3324.000
4.136,4.141,4.134,4.140,4.132,4.139,4.137,4.438,4.443,4.443,4.447,4.436,4.439,4.440,-59.047,3325.000
4.130,4.134,4.132,4.140,4.135,4.137,4.137,4.437,4.443,4.442,4.435,4.440,4.438,4.435,-59.067,3326.000
4.135,4.133,4.136,4.138,4.132,4.135,4.137,4.444,4.436,4.434,4.439,4.434,4.444,4.443,-58.746,3327.000
4.131,4.136,4.134,4.130,4.136,4.136,4.139,4.435,4.436,4.441,4.442,4.439,4.431,4.440,-59.027,3328.000
4.134,4.139,4.137,4.132,4.137,4.128,4.137,4.432,4.438,4.438,4.438,4.440,4.439,4.442,-59.174,3329.000
4.129,4.133,4.134,4.137,4.135,4.129,4.132,4.441,4.436,4.433,4.440,4.445,4.436,4.435,-59.125,3330.000
4.130,4.134,4.133,4.130,4.134,4.132,4.131,4.437,4.435,4.434,4.434,4.432,4.433,4.435,-59.276,3331.000
4.127,4.135,4.132,4.128,4.130,4.133,4.129,4.434,4.433,4.433,4.434,4.435,4.433,4.436,-59.237,3332.000
4.126,4.133,4.134,4.132,4.133,4.129,4.130,4.431,4.432,4.433,4.440,4.434,4.433,4.432,-59.321,3333.000
4.131,4.126,4.132,4.126,4.124,4.126,4.134,4.434,4.434,4.433,4.436,4.433,4.428,4.427,-59.175,3334.000
4.134,4.130,4.128,4.139,4.130,4.132,4.133,4.438,4.438,4.429,4.432,4.435,4.434,4.435,-59.099,3335.000
4.133,4.130,4.132,4.127,4.134,4.133,4.134,4.432,4.434,4.438,4.432,4.431,4.437,4.428,-59.011,3336.000
4.130,4.132,4.130,4.133,4.134,4.136,4.127,4.431,4.428,4.431,4.436,4.435,4.433,4.432,-59.016,3337.000
4.128,4.132,4.129,4.131,4.136,4.137,4.132,4.434,4.432,4.430,4.430,4.437,4.435,4.436,-59.077,3338.000
4.133,4.130,4.130,4.132,4.132,4.133,4.138,4.435,4.434,4.432,4.440,4.433,4.432,4.433,-59.256,3339.000
4.142,4.136,4.139,4.132,4.131,4.130,4.129,4.434,4.437,4.432,4.437,4.438,4.438,4.434,-59.104,3340.000
4.133,4.140,4.135,4.135,4.140,4.138,4.129,4.442,4.442,4.444,4.433,4.436,4.433,4.437,-59.049,3341.000
4.134,4.135,4.135,4.131,4.137,4.136,4.141,4.439,4.440,4.434,4.439,4.438,4.438,4.436,-59.017,3342.000
4.133,4.132,4.139,4.131,4.135,4.129,4.133,4.427,4.434,4.435,4.439,4.434,4.439,4.439,-59.164,3343.000
4.133,4.136,4.137,4.134,4.136,4.134,4.138,4.433,4.439,4.437,4.440,4.440,4.442,4.439,-59.054,3344.000
4.133,4.135,4.141,4.133,4.136,4.139,4.133,4.437,4.438,4.442,4.435,4.433,4.441,4.437,-59.080,3345.000
4.134,4.127,4.135,4.135,4.128,4.133,4.131,4.439,4.438,4.430,4.428,4.436,4.437,4.434,-59.065,3346.000
4.133,4.133,4.132,4.138,4.132,4.136,4.133,4.436,4.438,4.435,4.441,4.438,4.435,4.433,-59.228,3347.000
4.134,4.130,4.134,4.135,4.139,4.132,4.137,4.439,4.442,4.439,4.438,4.438,4.438,4.437,-59.280,3348.000
4.139,4.130,4.137,4.134,4.135,4.133,4.137,4.440,4.438,4.442,4.441,4.437,4.437,4.441,-59.068,3349.000
4.138,4.135,4.138,4.135,4.135,4.136,4.142,4.439,4.444,4.440,4.442,4.448,4.441,4.441,-59.209,3350.000
4.137,4.146,4.134,4.134,4.138,4.135,4.135,4.448,4.444,4.442,4.443,4.440,4.443,4.440,-59.221,3351.000
4.140,4.137,4.136,4.143,4.136,4.137,4.142,4.441,4.444,4.441,4.441,4.443,4.441,4.443,-59.298,3352.000
4.143,4.138,4.136,4.138,4.139,4.134,4.140,4.443,4.443,4.446,4.446,4.445,4.450,4.448,-59.234,3353.000
4.141,4.138,4.138,4.141,4.138,4.138,4.138,4.443,4.440,4.443,4.445,4.449,4.443,4.443,-59.231,3354.000
4.135,4.138,4.139,4.138,4.138,4.142,4.134,4.448,4.443,4.442,4.444,4.439,4.441,4.444,-59.290,3355.000
4.137,4.140,4.135,4.136,4.133,4.140,4.144,4.446,4.447,4.447,4.446,4.442,4.438,4.450,-59.477,3356.000
4.139,4.142,4.133,4.136,4.141,4.139,4.140,4.446,4.452,4.443,4.438,4.435,4.437,4.441,-59.444,3357.000
4.133,4.135,4.135,4.135,4.137,4.134,4.142,4.439,4.441,4.440,4.442,4.440,4.437,4.441,-59.318,3358.000
4.134,4.140,4.135,4.133,4.138,4.139,4.136,4.440,4.431,4.438,4.448,4.436,4.446,4.448,-59.359,3359.000
4.132,4.138,4.137,4.138,4.142,4.141,4.136,4.442,4.443,4.441,4.445,4.447,4.445,4.444,-59.329,3360.000
4.131,4.133,4.136,4.142,4.132,4.139,4.137,4.441,4.440,4.440,4.447,4.441,4.444,4.438,-59.445,3361.000
4.137,4.134,4.133,4.137,4.131,4.138,4.139,4.441,4.444,4.439,4.443,4.445,4.439,4.440,-59.078,3362.000
4.128,4.140,4.141,4.141,4.134,4.139,4.136,4.441,4.441,4.442,4.434,4.443,4.440,4.438,-59.150,3363.000
4.129,4.134,4.131,4.137,4.136,4.135,4.132,4.441,4.443,4.441,4.442,4.449,4.438,4.443,-59.181,3364.000
4.139,4.139,4.138,4.140,4.135,4.138,4.140,4.440,4.439,4.438,4.441,4.445,4.444,4.448,-59.156,3365.000
4.134,4.134,4.138,4.137,4.139,4.132,4.139,4.450,4.444,4.448,4.451,4.450,4.455,4.446,-59.324,3366.000
4.140,4.144,4.142,4.135,4.138,4.137,4.138,4.444,4.449,4.439,4.446,4.443,4.448,4.439,-59.562,3367.000
4.135,4.139,4.135,4.136,4.139,4.134,4.136,4.445,4.448,4.442,4.445,4.447,4.444,4.435,-59.286,3368.000
4.134,4.136,4.138,4.141,4.141,4.140,4.136,4.445,4.441,4.442,4.450,4.449,4.443,4.441,-59.288,3369.000
4.146,4.135,4.138,4.138,4.137,4.132,4.143,4.446,4.445,4.443,4.442,4.442,4.449,4.444,-59.249,3370.000
4.140,4.141,4.135,4.140,4.140,4.146,4.146,4.449,4.441,4.442,4.444,4.448,4.444,4.448,-59.138,3371.000
4.142,4.140,4.141,4.139,4.142,4.136,4.141,4.449,4.439,4.448,4.444,4.446,4.449,4.443,-59.177,3372.000
4.144,4.143,4.139,4.150,4.140,4.141,4.140,4.453,4.445,4.447,4.445,4.445,4.449,4.445,-58.989,3373.000
4.141,4.144,4.143,4.136,4.143,4.137,4.135,4.448,4.449,4.442,4.445,4.446,4.447,4.448,-59.073,3374.000
4.142,4.136,4.143,4.138,4.138,4.141,4.141,4.445,4.446,4.445,4.446,4.441,4.450,4.448,-58.904,3375.000
4.147,4.141,4.143,4.135,4.143,4.142,4.143,4.448,4.446,4.445,4.448,4.448,4.445,4.444,-59.060,3376.000
4.141,4.138,4.138,4.133,4.139,4.139,4.143,4.450,4.443,4.446,4.445,4.449,4.450,4.444,-58.951,3377.000
4.139,4.138,4.135,4.139,4.139,4.135,4.141,4.444,4.440,4.446,4.446,4.441,4.445,4.445,-58.999,3378.000
4.136,4.138,4.141,4.136,4.143,4.146,4.140,4.450,4.449,4.445,4.445,4.441,4.444,4.452,-59.070,3379.000
4.141,4.142,4.143,4.138,4.143,4.140,4.142,4.447,4.443,4.445,4.446,4.448,4.445,4.451,-58.964,3380.000
4.138,4.134,4.139,4.142,4.136,4.141,4.141,4.448,4.444,4.447,4.444,4.446,4.441,4.446,-59.157,3381.000
4.139,4.144,4.134,4.139,4.134,4.144,4.133,4.459,4.446,4.445,4.447,4.446,4.440,4.452,-59.234,3382.000
4.141,4.138,4.143,4.138,4.138,4.138,4.140,4.446,4.446,4.447,4.446,4.442,4.447,4.444,-59.076,3383.000
4.134,4.143,4.138,4.138,4.140,4.142,4.143,4.448,4.450,4.445,4.446,4.447,4.439,4.439,-59.239,3384.000
4.140,4.133,4.140,4.139,4.138,4.132,4.138,4.445,4.445,4.448,4.440,4.443,4.444,4.443,-59.332,3385.000
4.137,4.143,4.138,4.134,4.135,4.139,4.134,4.441,4.443,4.448,4.441,4.450,4.444,4.444,-59.497,3386.000
4.135,4.137,4.135,4.131,4.134,4.137,4.138,4.440,4.443,4.445,4.439,4.442,4.441,4.445,-59.472,3387.000
4.133,4.138,4.137,4.135,4.134,4.132,4.139,4.439,4.440,4.440,4.442,4.446,4.440,4.438,-59.584,3388.000
4.135,4.141,4.140,4.129,4.135,4.131,4.137,4.441,4.441,4.438,4.445,4.443,4.440,4.441,-59.443,3389.000
4.133,4.131,4.137,4.129,4.142,4.135,4.138,4.438,4.437,4.441,4.444,4.439,4.445,4.433,-59.265,3390.000
4.135,4.134,4.134,4.138,4.132,4.132,4.132,4.441,4.435,4.445,4.443,4.438,4.439,4.437,-59.191,3391.000
4.140,4.144,4.139,4.133,4.134,4.134,4.140,4.444,4.445,4.440,4.439,4.444,4.446,4.442,-59.069,3392.000
4.128,4.139,4.133,4.137,4.131,4.139,4.125,4.432,4.436,4.436,4.434,4.447,4.444,4.443,-59.254,3393.000
4.135,4.126,4.135,4.137,4.134,4.131,4.140,4.435,4.441,4.441,4.436,4.436,4.434,4.437,-59.237,3394.000
4.131,4.137,4.133,4.136,4.137,4.139,4.132,4.447,4.445,4.442,4.440,4.439,4.441,4.444,-59.155,3395.000
4.136,4.138,4.143,4.132,4.133,4.134,4.134,4.443,4.442,4.441,4.442,4.441,4.446,4.440,-59.205,3396.000
4.137,4.135,4.135,4.137,4.135,4.142,4.130,4.444,4.441,4.440,4.442,4.436,4.441,4.435,-59.188,3397.000
4.139,4.139,4.132,4.138,4.139,4.133,4.135,4.444,4.447,4.443,4.444,4.442,4.442,4.443,-59.335,3398.000
4.135,4.132,4.140,4.139,4.136,4.138,4.136,4.446,4.441,4.440,4.442,4.440,4.445,4.439,-59.051,3399.000
4.137,4.140,4.131,4.140,4.134,4.139,4.131,4.440,4.436,4.447,4.441,4.441,4.439,4.440,-58.965,3400.000
4.130,4.133,4.132,4.133,4.131,4.137,4.135,4.437,4.444,4.429,4.437,4.438,4.444,4.443,-59.013,3401.000
4.137,4.131,4.133,4.134,4.131,4.132,4.136,4.441,4.445,4.440,4.446,4.438,4.445,4.435,-59.012,3402.000
4.134,4.132,4.138,4.139,4.136,4.143,4.139,4.440,4.441,4.440,4.433,4.444,4.443,4.441,-59.018,3403.000
4.139,4.131,4.132,4.143,4.139,4.138,4.140,4.436,4.444,4.441,4.440,4.447,4.440,4.443,-59.171,3404.000
4.130,4.136,4.130,4.137,4.136,4.132,4.135,4.443,4.444,4.442,4.444,4.440,4.439,4.437,-59.168,3405.000
4.136,4.137,4.137,4.136,4.131,4.141,4.137,4.442,4.437,4.441,4.444,4.441,4.443,4.441,-59.100,3406.000
4.135,4.134,4.135,4.133,4.138,4.136,4.133,4.440,4.443,4.444,4.447,4.442,4.441,4.443,-58.722,3407.000
4.139,4.136,4.138,4.132,4.136,4.135,4.135,4.446,4.437,4.441,4.442,4.440,4.439,4.438,-58.820,3408.000
4.139,4.145,4.139,4.139,4.131,4.141,4.136,4.445,4.435,4.440,4.441,4.445,4.441,4.444,-58.869,3409.000
4.136,4.137,4.141,4.140,4.141,4.141,4.128,4.444,4.444,4.446,4.440,4.441,4.444,4.447,-59.046,3410.000
4.137,4.138,4.138,4.140,4.138,4.135,4.135,4.444,4.443,4.443,4.444,4.444,4.445,4.444,-59.176,3411.000
4.135,4.135,4.136,4.138,4.131,4.137,4.136,4.442,4.446,4.439,4.439,4.443,4.439,4.443,-59.349,3412.000
4.133,4.136,4.132,4.136,4.134,4.136,4.134,4.446,4.446,4.440,4.435,4.448,4.438,4.445,-59.296,3413.000
4.140,4.134,4.138,4.130,4.132,4.134,4.134,4.438,4.440,4.445,4.442,4.440,4.440,4.439,-59.035,3414.000
4.137,4.141,4.134,4.134,4.136,4.134,4.138,4.444,4.447,4.442,4.443,4.445,4.445,4.441,-59.243,3415.000
4.138,4.132,4.136,4.132,4.137,4.132,4.139,4.441,4.442,4.441,4.442,4.442,4.450,4.444,-59.257,3416.000
4.140,4.137,4.135,4.134,4.134,4.134,4.137,4.444,4.440,4.443,4.439,4.439,4.441,4.439,-59.072,3417.000
4.136,4.134,4.135,4.135,4.135,4.135,4.130,4.434,4.444,4.437,4.437,4.442,4.448,4.438,-59.155,3418.000
4.131,4.134,4.135,4.133,4.131,4.138,4.135,4.441,4.450,4.443,4.446,4.446,4.443,4.443,-59.097,3419.000
4.139,4.131,4.136,4.133,4.136,4.135,4.131,4.440,4.436,4.441,4.442,4.442,4.445,4.442,-59.257,3420.000
4.134,4.130,4.138,4.133,4.137,4.133,4.139,4.446,4.448,4.442,4.442,4.443,4.440,4.442,-59.343,3421.000
4.133,4.135,4.135,4.136,4.137,4.131,4.130,4.439,4.444,4.440,4.439,4.441,4.444,4.444,-59.327,3422.000
4.138,4.136,4.136,4.134,4.138,4.134,4.136,4.438,4.447,4.441,4.435,4.437,4.436,4.440,-59.184,3423.000
4.138,4.137,4.139,4.130,4.135,4.136,4.136,4.443,4.444,4.445,4.439,4.437,4.442,4.437,-59.345,3424.000
4.134,4.134,4.131,4.134,4.133,4.132,4.134,4.442,4.439,4.443,4.439,4.444,4.434,4.443,-59.180,3425.000
4.136,4.137,4.134,4.133,4.137,4.130,4.138,4.441,4.436,4.445,4.437,4.448,4.436,4.436,-59.217,3426.000
4.134,4.133,4.133,4.137,4.131,4.133,4.132,4.443,4.439,4.446,4.435,4.438,4.443,4.446,-59.159,3427.000
4.137,4.135,4.139,4.139,4.130,4.139,4.136,4.446,4.444,4.441,4.435,4.438,4.438,4.443,-59.177,3428.000
4.137,4.137,4.136,4.132,4.134,4.132,4.129,4.448,4.443,4.445,4.444,4.438,4.440,4.436,-59.157,3429.000
4.136,4.134,4.136,4.131,4.142,4.134,4.135,4.441,4.437,4.433,4.440,4.439,4.437,4.438,-58.955,3430.000
4.131,4.130,4.131,4.135,4.138,4.131,4.135,4.437,4.439,4.442,4.442,4.438,4.442,4.439,-58.877,3431.000
4.138,4.142,4.137,4.137,4.136,4.135,4.131,4.439,4.441,4.438,4.440,4.443,4.439,4.445,-58.970,3432.000
4.135,4.130,4.138,4.139,4.131,4.132,4.137,4.446,4.440,4.444,4.444,4.442,4.439,4.438,-59.020,3433.000
4.136,4.130,4.128,4.127,4.134,4.129,4.129,4.440,4.437,4.439,4.439,4.437,4.435,4.443,-58.981,3434.000
4.138,4.135,4.133,4.131,4.132,4.134,4.134,4.438,4.435,4.443,4.440,4.435,4.444,4.444,-59.015,3435.000
4.135,4.122,4.137,4.128,4.137,4.132,4.128,4.437,4.436,4.439,4.439,4.438,4.441,4.444,-59.053,3436.000
4.136,4.125,4.132,4.131,4.132,4.132,4.129,4.435,4.440,4.439,4.438,4.434,4.429,4.434,-58.948,3437.000
4.136,4.131,4.130,4.130,4.133,4.132,4.137,4.434,4.440,4.438,4.441,4.438,4.441,4.438,-58.807,3438.000
4.132,4.132,4.130,4.130,4.131,4.135,4.134,4.436,4.438,4.441,4.437,4.441,4.432,4.439,-59.011,3439.000
4.126,4.134,4.132,4.131,4.129,4.134,4.132,4.435,4.444,4.440,4.441,4.441,4.438,4.437,-59.139,3440.000
4.129,4.135,4.131,4.135,4.131,4.132,4.133,4.438,4.437,4.436,4.435,4.436,4.434,4.441,-59.066,3441.000
4.131,4.133,4.132,4.133,4.133,4.130,4.131,4.435,4.434,4.438,4.440,4.438,4.439,4.435,-59.156,3442.000
4.132,4.128,4.135,4.131,4.130,4.130,4.132,4.435,4.438,4.439,4.439,4.439,4.436,4.436,-59.194,3443.000
4.132,4.133,4.139,4.134,4.128,4.138,4.133,4.439,4.435,4.439,4.439,4.436,4.443,4.441,-59.222,3444.000
4.131,4.130,4.136,4.138,4.130,4.139,4.131,4.443,4.442,4.436,4.441,4.436,4.437,4.436,-58.977,3445.000
4.134,4.124,4.128,4.130,4.132,4.133,4.131,4.439,4.442,4.435,4.434,4.447,4.428,4.435,-58.635,3446.000
4.128,4.135,4.133,4.134,4.137,4.137,4.121,4.435,4.440,4.442,4.439,4.435,4.437,4.438,-58.284,3447.000
4.129,4.129,4.124,4.132,4.134,4.132,4.131,4.438,4.436,4.439,4.436,4.440,4.430,4.436,-57.993,3448.000
4.126,4.131,4.126,4.127,4.126,4.136,4.127,4.437,4.437,4.435,4.431,4.435,4.438,4.432,-57.810,3449.000
4.129,4.131,4.131,4.125,4.132,4.129,4.132,4.436,4.448,4.435,4.438,4.439,4.440,4.439,-57.987,3450.000
4.125,4.136,4.131,4.131,4.133,4.125,4.127,4.434,4.436,4.428,4.436,4.437,4.437,4.434,-58.187,3451.000
4.132,4.129,4.124,4.131,4.126,4.132,4.131,4.442,4.437,4.437,4.432,4.431,4.440,4.435,-58.469,3452.000
4.130,4.124,4.131,4.127,4.130,4.127,4.125,4.433,4.432,4.434,4.436,4.435,4.437,4.442,-58.509,3453.000
4.128,4.136,4.130,4.133,4.129,4.129,4.131,4.436,4.442,4.438,4.438,4.439,4.436,4.437,-58.718,3454.000
4.124,4.130,4.122,4.136,4.131,4.134,4.132,4.432,4.438,4.436,4.433,4.437,4.431,4.441,-58.741,3455.000
4.120,4.126,4.133,4.126,4.127,4.124,4.134,4.428,4.436,4.430,4.436,4.440,4.435,4.442,-58.845,3456.000
4.129,4.124,4.130,4.125,4.127,4.124,4.126,4.431,4.432,4.439,4.436,4.438,4.432,4.430,-59.037,3457.000
4.125,4.123,4.125,4.127,4.126,4.124,4.128,4.435,4.432,4.434,4.440,4.433,4.438,4.441,-58.897,3458.000
4.124,4.121,4.122,4.130,4.122,4.123,4.125,4.428,4.426,4.437,4.436,4.432,4.439,4.433,-58.872,3459.000
4.125,4.126,4.121,4.123,4.135,4.121,4.125,4.430,4.436,4.427,4.438,4.431,4.428,4.435,-58.954,3460.000
4.126,4.123,4.128,4.125,4.119,4.117,4.122,4.429,4.427,4.432,4.432,4.432,4.428,4.430,-59.164,3461.000
4.121,4.127,4.122,4.123,4.127,4.122,4.124,4.438,4.431,4.431,4.432,4.430,4.431,4.433,-58.773,3462.000
4.125,4.124,4.125,4.129,4.131,4.122,4.125,4.431,4.437,4.436,4.430,4.432,4.429,4.438,-58.968,3463.000
4.127,4.126,4.124,4.127,4.121,4.128,4.124,4.432,4.429,4.429,4.434,4.430,4.431,4.431,-58.893,3464.000
4.125,4.127,4.131,4.126,4.127,4.123,4.126,4.429,4.431,4.438,4.427,4.433,4.433,4.430,-59.033,3465.000
4.126,4.122,4.128,4.127,4.132,4.126,4.124,4.433,4.433,4.428,4.434,4.430,4.432,4.435,-58.807,3466.000
4.126,4.125,4.125,4.129,4.129,4.120,4.122,4.437,4.443,4.439,4.435,4.434,4.429,4.431,-58.946,3467.000
4.124,4.126,4.127,4.121,4.123,4.123,4.127,4.439,4.429,4.433,4.432,4.430,4.431,4.426,-58.983,3468.000
4.129,4.123,4.122,4.120,4.128,4.122,4.125,4.431,4.431,4.430,4.431,4.433,4.430,4.430,-58.940,3469.000
4.119,4.124,4.125,4.120,4.126,4.127,4.121,4.429,4.426,4.428,4.431,4.430,4.430,4.436,-59.162,3470.000
4.120,4.121,4.117,4.126,4.117,4.127,4.127,4.426,4.431,4.431,4.431,4.426,4.424,4.438,-59.249,3471.000
4.124,4.118,4.124,4.122,4.123,4.124,4.125,4.436,4.434,4.434,4.434,4.427,4.431,4.434,-58.996,3472.000
4.118,4.122,4.117,4.118,4.119,4.120,4.122,4.431,4.428,4.427,4.428,4.430,4.428,4.427,-58.941,3473.000
4.118,4.121,4.118,4.121,4.121,4.117,4.124,4.429,4.432,4.435,4.430,4.432,4.428,4.426,-58.779,3474.000
4.118,4.119,4.120,4.117,4.124,4.121,4.121,4.424,4.425,4.431,4.431,4.426,4.428,4.424,-58.998,3475.000
4.116,4.123,4.123,4.121,4.119,4.119,4.117,4.425,4.425,4.424,4.427,4.424,4.425,4.421,-58.956,3476.000
4.119,4.118,4.122,4.120,4.127,4.119,4.123,4.426,4.428,4.430,4.425,4.425,4.427,4.425,-58.919,3477.000
4.122,4.119,4.114,4.110,4.113,4.112,4.113,4.420,4.429,4.420,4.420,4.417,4.416,4.417,-58.956,3478.000
4.121,4.121,4.119,4.116,4.118,4.115,4.124,4.425,4.426,4.428,4.428,4.429,4.425,4.430,-59.055,3479.000
4.117,4.123,4.120,4.119,4.118,4.123,4.116,4.425,4.432,4.427,4.427,4.424,4.427,4.426,-58.844,3480.000
4.117,4.126,4.118,4.117,4.116,4.119,4.118,4.422,4.428,4.422,4.420,4.430,4.428,4.432,-59.255,3481.000
4.120,4.123,4.124,4.121,4.124,4.121,4.120,4.428,4.426,4.424,4.429,4.426,4.428,4.430,-58.979,3482.000
4.119,4.122,4.122,4.121,4.120,4.123,4.126,4.429,4.426,4.426,4.422,4.422,4.431,4.424,-59.128,3483.000
4.116,4.118,4.116,4.124,4.126,4.121,4.121,4.427,4.424,4.430,4.427,4.428,4.428,4.429,-58.977,3484.000
4.117,4.126,4.119,4.117,4.126,4.123,4.116,4.430,4.428,4.430,4.433,4.431,4.427,4.429,-59.149,3485.000
4.121,4.118,4.116,4.121,4.123,4.123,4.118,4.434,4.431,4.428,4.427,4.424,4.429,4.429,-59.086,3486.000
4.122,4.126,4.122,4.128,4.120,4.120,4.121,4.431,4.430,4.428,4.426,4.427,4.430,4.429,-59.221,3487.000
4.124,4.116,4.125,4.122,4.127,4.124,4.121,4.431,4.432,4.429,4.426,4.427,4.427,4.428,-59.023,3488.000
4.122,4.130,4.121,4.126,4.121,4.123,4.127,4.433,4.436,4.425,4.436,4.430,4.430,4.432,-59.184,3489.000
4.125,4.123,4.122,4.121,4.124,4.123,4.125,4.426,4.428,4.433,4.423,4.440,4.443,4.432,-58.953,3490.000
4.120,4.122,4.124,4.127,4.123,4.128,4.117,4.436,4.432,4.432,4.429,4.428,4.431,4.431,-58.833,3491.000
4.117,4.123,4.125,4.121,4.121,4.125,4.125,4.427,4.437,4.436,4.429,4.435,4.430,4.429,-58.868,3492.000
4.123,4.123,4.122,4.124,4.117,4.123,4.120,4.429,4.425,4.429,4.429,4.435,4.438,4.435,-58.839,3493.000
4.126,4.120,4.121,4.121,4.127,4.119,4.119,4.441,4.435,4.433,4.426,4.430,4.431,4.427,-58.883,3494.000
4.122,4.120,4.126,4.123,4.126,4.121,4.120,4.431,4.431,4.433,4.433,4.436,4.434,4.435,-58.969,3495.000
4.126,4.120,4.130,4.126,4.125,4.120,4.125,4.435,4.432,4.433,4.431,4.435,4.435,4.437,-58.876,3496.000
4.126,4.122,4.126,4.126,4.117,4.128,4.120,4.435,4.430,4.437,4.433,4.436,4.438,4.434,-59.046,3497.000
4.126,4.123,4.126,4.128,4.122,4.126,4.119,4.428,4.432,4.434,4.436,4.434,4.433,4.431,-59.107,3498.000
4.120,4.122,4.119,4.119,4.124,4.121,4.124,4.434,4.437,4.436,4.435,4.432,4.429,4.433,-59.241,3499.000
4.115,4.127,4.124,4.126,4.121,4.122,4.125,4.431,4.432,4.430,4.430,4.434,4.423,4.431,-59.117,3500.000
4.123,4.125,4.116,4.125,4.121,4.121,4.117,4.432,4.425,4.436,4.427,4.428,4.429,4.424,-59.060,3501.000
4.122,4.121,4.118,4.123,4.117,4.123,4.120,4.423,4.425,4.426,4.424,4.429,4.423,4.427,-59.025,3502.000
4.120,4.117,4.123,4.121,4.120,4.120,4.124,4.428,4.429,4.426,4.425,4.423,4.431,4.433,-59.119,3503.000
4.120,4.114,4.117,4.118,4.120,4.123,4.114,4.424,4.430,4.427,4.422,4.422,4.425,4.423,-59.232,3504.000
4.122,4.116,4.124,4.120,4.119,4.116,4.117,4.424,4.432,4.431,4.428,4.428,4.427,4.430,-59.198,3505.000
4.116,4.119,4.115,4.115,4.117,4.114,4.111,4.425,4.427,4.425,4.429,4.422,4.427,4.425,-59.129,3506.000
4.115,4.118,4.119,4.118,4.121,4.119,4.118,4.423,4.424,4.424,4.424,4.427,4.424,4.421,-59.089,3507.000
4.117,4.115,4.122,4.117,4.116,4.120,4.122,4.427,4.426,4.430,4.426,4.428,4.426,4.424,-58.950,3508.000
4.117,4.117,4.115,4.118,4.115,4.119,4.116,4.426,4.433,4.425,4.423,4.427,4.425,4.424,-58.880,3509.000
4.114,4.122,4.119,4.114,4.117,4.114,4.112,4.426,4.428,4.425,4.425,4.429,4.428,4.431,-58.866,3510.000
4.115,4.111,4.112,4.116,4.116,4.120,4.116,4.418,4.426,4.420,4.423,4.425,4.431,4.426,-58.862,3511.000
4.122,4.116,4.110,4.112,4.117,4.114,4.113,4.418,4.426,4.424,4.422,4.424,4.426,4.420,-58.868,3512.000
4.114,4.119,4.115,4.112,4.110,4.120,4.117,4.420,4.426,4.427,4.425,4.425,4.429,4.416,-58.932,3513.000
4.114,4.117,4.113,4.115,4.109,4.118,4.112,4.421,4.424,4.425,4.424,4.421,4.425,4.424,-58.837,3514.000
4.112,4.117,4.120,4.120,4.115,4.114,4.115,4.419,4.425,4.426,4.425,4.423,4.431,4.426,-58.853,3515.000
4.118,4.115,4.118,4.111,4.114,4.117,4.119,4.428,4.426,4.426,4.422,4.423,4.419,4.424,-58.840,3516.000
4.114,4.118,4.117,4.111,4.116,4.117,4.114,4.424,4.426,4.424,4.425,4.427,4.426,4.425,-58.841,3517.000
4.112,4.112,4.115,4.119,4.118,4.113,4.114,4.424,4.425,4.425,4.423,4.429,4.419,4.425,-58.770,3518.000
4.120,4.117,4.120,4.119,4.121,4.112,4.123,4.424,4.421,4.423,4.422,4.429,4.425,4.420,-59.039,3519.000
4.117,4.114,4.117,4.109,4.117,4.116,4.120,4.425,4.428,4.427,4.425,4.428,4.429,4.430,-58.933,3520.000
4.113,4.115,4.113,4.115,4.118,4.116,4.111,4.423,4.427,4.428,4.425,4.420,4.420,4.425,-59.005,3521.000
4.117,4.108,4.117,4.113,4.113,4.111,4.116,4.428,4.422,4.424,4.422,4.422,4.426,4.419,-58.923,3522.000
4.115,4.111,4.111,4.114,4.115,4.114,4.108,4.425,4.425,4.427,4.424,4.424,4.425,4.418,-58.976,3523.000
4.115,4.111,4.113,4.110,4.107,4.108,4.113,4.422,4.422,4.419,4.420,4.424,4.419,4.420,-58.837,3524.000
4.117,4.117,4.114,4.111,4.117,4.117,4.117,4.424,4.422,4.416,4.423,4.419,4.422,4.423,-58.870,3525.000
4.109,4.117,4.112,4.112,4.112,4.118,4.105,4.425,4.417,4.422,4.418,4.420,4.421,4.422,-58.732,3526.000
4.112,4.120,4.112,4.116,4.116,4.111,4.108,4.417,4.421,4.416,4.421,4.426,4.423,4.422,-58.948,3527.000
4.114,4.112,4.111,4.111,4.118,4.112,4.104,4.424,4.421,4.420,4.418,4.423,4.424,4.423,-58.870,3528.000
4.112,4.116,4.114,4.113,4.109,4.114,4.107,4.432,4.428,4.428,4.429,4.425,4.424,4.424,-58.973,3529.000
4.112,4.110,4.117,4.115,4.115,4.113,4.115,4.422,4.423,4.421,4.420,4.414,4.425,4.424,-58.795,3530.000
4.113,4.112,4.115,4.107,4.113,4.110,4.107,4.424,4.424,4.420,4.423,4.417,4.419,4.424,-58.753,3531.000
4.114,4.113,4.115,4.109,4.110,4.118,4.113,4.418,4.420,4.422,4.421,4.420,4.422,4.427,-58.978,3532.000
4.116,4.113,4.113,4.116,4.119,4.115,4.119,4.425,4.422,4.419,4.423,4.419,4.423,4.425,-59.016,3533.000
4.111,4.118,4.106,4.115,4.109,4.112,4.107,4.418,4.424,4.423,4.420,4.421,4.421,4.423,-59.021,3534.000
4.113,4.118,4.120,4.111,4.115,4.112,4.117,4.430,4.428,4.426,4.426,4.421,4.423,4.423,-58.915,3535.000
4.109,4.114,4.114,4.112,4.110,4.114,4.109,4.419,4.419,4.421,4.422,4.423,4.419,4.418,-58.855,3536.000
4.115,4.111,4.115,4.113,4.114,4.115,4.114,4.424,4.427,4.425,4.417,4.424,4.426,4.428,-58.637,3537.000
4.115,4.109,4.120,4.113,4.118,4.109,4.114,4.421,4.423,4.426,4.423,4.425,4.423,4.416,-58.994,3538.000
4.116,4.111,4.116,4.108,4.114,4.111,4.111,4.420,4.422,4.420,4.421,4.419,4.423,4.430,-58.942,3539.000
4.110,4.113,4.112,4.106,4.119,4.113,4.111,4.421,4.419,4.420,4.426,4.421,4.418,4.420,-58.765,3540.000
4.110,4.111,4.108,4.115,4.111,4.116,4.113,4.423,4.432,4.420,4.418,4.422,4.419,4.419,-59.050,3541.000
4.110,4.105,4.106,4.104,4.111,4.111,4.111,4.422,4.418,4.421,4.423,4.426,4.423,4.419,-58.954,3542.000
4.109,4.110,4.107,4.112,4.110,4.106,4.109,4.419,4.420,4.418,4.408,4.418,4.416,4.408,-59.082,3543.000
4.103,4.103,4.108,4.110,4.115,4.107,4.105,4.415,4.417,4.418,4.416,4.423,4.416,4.418,-59.125,3544.000
4.108,4.109,4.110,4.112,4.113,4.113,4.113,4.417,4.419,4.417,4.424,4.424,4.420,4.419,-58.956,3545.000
4.107,4.110,4.110,4.106,4.108,4.108,4.108,4.416,4.416,4.420,4.416,4.413,4.416,4.415,-59.213,3546.000
4.115,4.110,4.107,4.109,4.110,4.115,4.106,4.415,4.421,4.417,4.418,4.412,4.408,4.417,-59.020,3547.000
4.105,4.111,4.105,4.114,4.110,4.114,4.108,4.415,4.415,4.418,4.419,4.419,4.426,4.416,-59.007,3548.000
4.110,4.105,4.108,4.113,4.109,4.106,4.112,4.424,4.424,4.422,4.421,4.422,4.417,4.423,-58.769,3549.000
4.112,4.114,4.105,4.104,4.112,4.106,4.113,4.418,4.422,4.422,4.424,4.422,4.425,4.421,-58.356,3550.000
4.104,4.117,4.111,4.111,4.112,4.113,4.112,4.423,4.422,4.423,4.432,4.421,4.422,4.430,-58.768,3551.000
4.115,4.114,4.104,4.110,4.116,4.112,4.114,4.423,4.422,4.426,4.424,4.420,4.424,4.431,-58.842,3552.000
4.118,4.113,4.114,4.113,4.113,4.113,4.120,4.430,4.428,4.428,4.428,4.424,4.422,4.421,-58.899,3553.000
4.121,4.117,4.117,4.112,4.111,4.111,4.114,4.425,4.426,4.425,4.423,4.424,4.426,4.427,-59.114,3554.000
4.113,4.119,4.110,4.120,4.119,4.114,4.115,4.431,4.424,4.425,4.427,4.431,4.426,4.430,-59.074,3555.000
4.119,4.114,4.117,4.119,4.123,4.120,4.121,4.431,4.426,4.429,4.427,4.431,4.430,4.423,-59.167,3556.000
4.116,4.119,4.122,4.116,4.124,4.116,4.121,4.423,4.430,4.432,4.431,4.435,4.435,4.426,-59.199,3557.000
4.120,4.110,4.124,4.119,4.117,4.119,4.124,4.430,4.426,4.424,4.430,4.429,4.431,4.432,-59.218,3558.000
4.117,4.117,4.123,4.120,4.117,4.121,4.122,4.428,4.437,4.429,4.426,4.424,4.427,4.432,-58.978,3559.000
4.120,4.116,4.118,4.116,4.118,4.118,4.116,4.428,4.428,4.423,4.428,4.428,4.434,4.428,-58.867,3560.000
4.122,4.118,4.122,4.123,4.117,4.115,4.119,4.434,4.426,4.430,4.420,4.434,4.428,4.426,-59.059,3561.000
4.114,4.117,4.121,4.113,4.120,4.120,4.117,4.427,4.429,4.428,4.427,4.424,4.423,4.433,-58.922,3562.000
4.123,4.122,4.112,4.110,4.112,4.122,4.115,4.424,4.425,4.424,4.426,4.428,4.436,4.428,-58.849,3563.000
4.118,4.116,4.118,4.109,4.114,4.121,4.116,4.422,4.420,4.426,4.422,4.425,4.428,4.430,-58.874,3564.000
4.116,4.115,4.121,4.120,4.122,4.117,4.115,4.427,4.424,4.423,4.422,4.430,4.424,4.425,-58.695,3565.000
4.115,4.115,4.114,4.117,4.116,4.119,4.119,4.426,4.422,4.426,4.425,4.428,4.420,4.428,-58.751,3566.000
4.116,4.113,4.114,4.114,4.116,4.111,4.115,4.424,4.421,4.430,4.429,4.425,4.422,4.425,-59.008,3567.000
4.113,4.114,4.123,4.114,4.113,4.112,4.121,4.419,4.425,4.422,4.427,4.425,4.422,4.419,-58.939,3568.000
4.124,4.114,4.112,4.114,4.109,4.113,4.112,4.426,4.424,4.425,4.422,4.422,4.420,4.425,-59.039,3569.000
4.113,4.115,4.116,4.115,4.115,4.109,4.115,4.422,4.416,4.419,4.416,4.421,4.424,4.420,-58.954,3570.000
4.113,4.108,4.112,4.110,4.107,4.109,4.111,4.418,4.420,4.417,4.419,4.417,4.418,4.426,-59.098,3571.000
4.113,4.108,4.109,4.107,4.109,4.107,4.107,4.425,4.421,4.418,4.419,4.419,4.418,4.419,-59.126,3572.000
4.111,4.105,4.106,4.111,4.115,4.116,4.109,4.422,4.423,4.424,4.420,4.422,4.416,4.425,-59.142,3573.000
4.113,4.109,4.114,4.114,4.109,4.109,4.113,4.419,4.419,4.423,4.418,4.420,4.419,4.424,-59.272,3574.000
4.109,4.111,4.107,4.109,4.113,4.114,4.111,4.418,4.423,4.420,4.427,4.416,4.421,4.417,-59.211,3575.000
4.104,4.115,4.113,4.109,4.117,4.111,4.112,4.416,4.420,4.420,4.416,4.414,4.415,4.415,-59.074,3576.000
4.109,4.115,4.109,4.108,4.108,4.111,4.111,4.420,4.417,4.417,4.418,4.418,4.423,4.420,-59.328,3577.000
4.111,4.116,4.110,4.115,4.106,4.111,4.112,4.419,4.423,4.422,4.417,4.423,4.421,4.424,-59.102,3578.000
4.102,4.110,4.111,4.113,4.113,4.109,4.105,4.421,4.421,4.414,4.424,4.421,4.418,4.420,-59.250,3579.000
4.115,4.106,4.111,4.106,4.115,4.112,4.109,4.421,4.424,4.422,4.422,4.424,4.419,4.425,-59.302,3580.000
4.113,4.111,4.111,4.109,4.107,4.115,4.110,4.418,4.416,4.418,4.420,4.422,4.419,4.419,-59.371,3581.000
4.117,4.104,4.108,4.106,4.110,4.110,4.110,4.420,4.420,4.418,4.419,4.419,4.424,4.417,-59.326,3582.000
4.111,4.109,4.110,4.108,4.112,4.107,4.110,4.422,4.414,4.418,4.421,4.424,4.421,4.421,-59.116,3583.000
4.109,4.110,4.110,4.110,4.104,4.108,4.104,4.416,4.420,4.417,4.417,4.420,4.423,4.422,-59.029,3584.000
4.106,4.108,4.109,4.107,4.105,4.110,4.105,4.421,4.411,4.411,4.412,4.418,4.423,4.419,-59.043,3585.000
4.107,4.107,4.109,4.107,4.105,4.107,4.113,4.414,4.414,4.420,4.414,4.414,4.417,4.425,-59.258,3586.000
4.109,4.112,4.108,4.106,4.107,4.103,4.104,4.416,4.419,4.413,4.419,4.420,4.426,4.415,-59.022,3587.000
4.102,4.107,4.115,4.109,4.110,4.104,4.104,4.419,4.416,4.417,4.410,4.424,4.429,4.417,-59.082,3588.000
4.103,4.107,4.107,4.109,4.110,4.106,4.113,4.420,4.420,4.410,4.419,4.418,4.427,4.422,-59.163,3589.000
4.112,4.113,4.110,4.108,4.109,4.108,4.105,4.411,4.419,4.418,4.414,4.419,4.414,4.412,-59.146,3590.000
4.104,4.111,4.104,4.113,4.106,4.106,4.108,4.420,4.424,4.418,4.417,4.421,4.416,4.416,-58.962,3591.000
4.105,4.110,4.105,4.106,4.105,4.108,4.103,4.415,4.411,4.418,4.415,4.419,4.411,4.428,-59.046,3592.000
4.100,4.103,4.107,4.103,4.110,4.110,4.108,4.414,4.416,4.416,4.410,4.414,4.413,4.409,-59.123,3593.000
4.107,4.106,4.111,4.108,4.106,4.106,4.108,4.417,4.413,4.417,4.416,4.417,4.418,4.409,-59.072,3594.000
4.105,4.108,4.106,4.113,4.107,4.111,4.104,4.419,4.416,4.416,4.415,4.414,4.412,4.415,-59.304,3595.000
4.103,4.109,4.112,4.110,4.110,4.102,4.104,4.418,4.421,4.418,4.414,4.420,4.412,4.417,-59.410,3596.000
4.106,4.111,4.102,4.112,4.108,4.102,4.110,4.418,4.413,4.420,4.419,4.414,4.418,4.417,-59.174,3597.000
4.107,4.106,4.107,4.102,4.107,4.106,4.110,4.408,4.415,4.420,4.417,4.415,4.416,4.411,-59.097,3598.000
4.102,4.106,4.100,4.109,4.104,4.109,4.103,4.411,4.410,4.412,4.405,4.408,4.410,4.409,-59.111,3599.000
4.102,4.107,4.104,4.102,4.105,4.105,4.106,4.412,4.421,4.415,4.409,4.408,4.414,4.411,-59.027,3600.000
4.105,4.105,4.107,4.109,4.102,4.108,4.106,4.414,4.413,4.413,4.413,4.413,4.414,4.411,-58.881,3601.000
4.105,4.104,4.102,4.110,4.109,4.110,4.106,4.416,4.418,4.412,4.417,4.416,4.418,4.417,-58.881,3602.000
4.107,4.107,4.105,4.104,4.108,4.108,4.107,4.413,4.417,4.411,4.411,4.417,4.418,4.417,-58.968,3603.000
4.108,4.102,4.106,4.107,4.106,4.105,4.109,4.412,4.414,4.417,4.409,4.419,4.413,4.419,-58.925,3604.000
4.105,4.106,4.101,4.110,4.108,4.109,4.102,4.412,4.414,4.411,4.414,4.416,4.418,4.413,-59.052,3605.000
4.108,4.113,4.106,4.107,4.103,4.103,4.106,4.413,4.417,4.419,4.419,4.413,4.414,4.413,-59.109,3606.000
4.106,4.104,4.108,4.106,4.104,4.109,4.106,4.413,4.417,4.413,4.420,4.419,4.419,4.410,-59.254,3607.000
4.108,4.107,4.108,4.105,4.110,4.107,4.108,4.414,4.412,4.416,4.416,4.418,4.415,4.416,-59.306,3608.000
4.110,4.105,4.108,4.105,4.108,4.106,4.107,4.416,4.420,4.418,4.417,4.414,4.411,4.413,-59.047,3609.000
4.106,4.106,4.109,4.104,4.109,4.109,4.108,4.413,4.414,4.420,4.416,4.413,4.416,4.410,-59.076,3610.000
4.107,4.103,4.106,4.104,4.107,4.110,4.106,4.418,4.418,4.414,4.420,4.421,4.410,4.420,-58.992,3611.000
4.103,4.107,4.103,4.104,4.105,4.102,4.107,4.417,4.413,4.409,4.414,4.415,4.412,4.413,-59.055,3612.000
4.105,4.105,4.102,4.108,4.103,4.106,4.104,4.413,4.413,4.419,4.417,4.409,4.411,4.417,-59.154,3613.000
4.101,4.104,4.109,4.107,4.109,4.110,4.107,4.423,4.415,4.414,4.414,4.414,4.414,4.422,-59.068,3614.000
4.103,4.107,4.105,4.109,4.105,4.107,4.111,4.414,4.412,4.411,4.416,4.414,4.418,4.418,-59.060,3615.000
4.108,4.104,4.108,4.112,4.111,4.101,4.107,4.418,4.409,4.411,4.413,4.417,4.412,4.420,-59.106,3616.000
4.110,4.104,4.106,4.100,4.110,4.103,4.106,4.419,4.417,4.413,4.409,4.413,4.411,4.416,-59.118,3617.000
4.111,4.109,4.104,4.106,4.105,4.106,4.107,4.420,4.419,4.421,4.421,4.418,4.407,4.412,-59.012,3618.000
4.106,4.105,4.109,4.104,4.105,4.105,4.102,4.417,4.413,4.418,4.416,4.420,4.416,4.411,-59.152,3619.000
4.099,4.106,4.105,4.103,4.104,4.105,4.098,4.418,4.417,4.419,4.414,4.415,4.415,4.410,-59.229,3620.000
4.106,4.104,4.106,4.102,4.104,4.100,4.102,4.413,4.416,4.416,4.409,4.409,4.415,4.415,-58.950,3621.000
4.106,4.103,4.103,4.102,4.105,4.104,4.102,4.412,4.412,4.412,4.416,4.412,4.418,4.413,-58.945,3622.000
4.103,4.104,4.105,4.105,4.106,4.103,4.105,4.413,4.412,4.410,4.409,4.414,4.414,4.413,-58.980,3623.000
4.101,4.107,4.101,4.102,4.103,4.103,4.104,4.415,4.413,4.412,4.412,4.414,4.408,4.415,-58.742,3624.000
4.107,4.106,4.103,4.102,4.103,4.099,4.104,4.412,4.416,4.409,4.412,4.415,4.414,4.420,-59.028,3625.000
4.102,4.098,4.104,4.103,4.100,4.109,4.102,4.410,4.412,4.414,4.409,4.409,4.409,4.408,-59.114,3626.000
4.104,4.105,4.102,4.108,4.101,4.103,4.102,4.411,4.405,4.410,4.411,4.412,4.412,4.413,-59.086,3627.000
4.110,4.100,4.103,4.096,4.106,4.103,4.107,4.419,4.407,4.412,4.411,4.411,4.410,4.414,-59.046,3628.000
4.105,4.106,4.103,4.104,4.113,4.106,4.106,4.414,4.417,4.417,4.412,4.409,4.409,4.409,-58.911,3629.000
4.106,4.105,4.111,4.107,4.105,4.103,4.105,4.415,4.415,4.414,4.414,4.412,4.414,4.415,-58.860,3630.000
4.107,4.104,4.105,4.105,4.102,4.101,4.104,4.417,4.415,4.412,4.416,4.413,4.417,4.411,-59.035,3631.000
4.107,4.102,4.102,4.108,4.101,4.098,4.105,4.411,4.416,4.419,4.410,4.409,4.412,4.414,-59.120,3632.000
4.103,4.101,4.104,4.104,4.102,4.103,4.103,4.409,4.414,4.413,4.411,4.409,4.409,4.413,-59.152,3633.000
4.103,4.096,4.108,4.102,4.108,4.102,4.102,4.410,4.410,4.412,4.414,4.414,4.411,4.410,-58.969,3634.000
4.101,4.102,4.095,4.098,4.100,4.102,4.105,4.411,4.405,4.409,4.410,4.408,4.412,4.412,-58.959,3635.000
4.101,4.107,4.100,4.102,4.099,4.101,4.106,4.410,4.415,4.415,4.415,4.407,4.411,4.413,-58.853,3636.000
4.108,4.098,4.104,4.107,4.107,4.100,4.102,4.412,4.408,4.417,4.409,4.415,4.408,4.416,-59.037,3637.000
4.103,4.100,4.106,4.105,4.101,4.106,4.101,4.413,4.406,4.413,4.405,4.409,4.409,4.413,-59.006,3638.000
4.106,4.104,4.109,4.106,4.106,4.107,4.101,4.418,4.415,4.414,4.412,4.414,4.415,4.415,-58.866,3639.000
4.110,4.102,4.111,4.102,4.108,4.102,4.107,4.408,4.412,4.412,4.415,4.416,4.416,4.415,-58.825,3640.000
4.109,4.099,4.102,4.108,4.105,4.103,4.108,4.421,4.422,4.420,4.419,4.421,4.416,4.414,-58.759,3641.000
4.112,4.114,4.103,4.109,4.105,4.107,4.106,4.415,4.413,4.416,4.423,4.425,4.420,4.421,-59.009,3642.000
4.108,4.112,4.105,4.108,4.107,4.108,4.104,4.420,4.421,4.421,4.421,4.421,4.415,4.419,-59.025,3643.000
4.103,4.106,4.109,4.109,4.106,4.107,4.109,4.421,4.424,4.421,4.425,4.424,4.413,4.421,-59.162,3644.000
4.110,4.110,4.110,4.108,4.111,4.110,4.113,4.422,4.426,4.422,4.421,4.419,4.424,4.420,-59.320,3645.000
4.111,4.108,4.101,4.111,4.116,4.112,4.111,4.414,4.425,4.423,4.418,4.421,4.424,4.421,-59.216,3646.000
4.112,4.108,4.107,4.109,4.110,4.105,4.112,4.425,4.417,4.418,4.417,4.416,4.423,4.419,-59.120,3647.000
4.111,4.107,4.109,4.108,4.107,4.108,4.105,4.422,4.420,4.422,4.424,4.427,4.419,4.422,-59.256,3648.000
4.102,4.109,4.105,4.106,4.108,4.110,4.106,4.422,4.429,4.418,4.422,4.421,4.424,4.421,-59.315,3649.000
4.099,4.103,4.107,4.109,4.109,4.101,4.109,4.414,4.418,4.420,4.420,4.418,4.422,4.420,-59.246,3650.000
4.107,4.100,4.114,4.108,4.106,4.108,4.103,4.417,4.414,4.415,4.418,4.415,4.416,4.418,-59.188,3651.000
4.103,4.100,4.103,4.105,4.107,4.102,4.103,4.417,4.413,4.417,4.418,4.414,4.413,4.415,-59.533,3652.000
4.100,4.108,4.102,4.105,4.097,4.104,4.099,4.414,4.415,4.418,4.420,4.419,4.415,4.419,-59.277,3653.000
4.103,4.106,4.103,4.107,4.106,4.105,4.104,4.416,4.415,4.420,4.417,4.418,4.416,4.414,-59.469,3654.000
4.105,4.105,4.106,4.104,4.108,4.107,4.105,4.412,4.414,4.413,4.422,4.418,4.416,4.419,-59.269,3655.000
4.106,4.104,4.108,4.104,4.102,4.107,4.107,4.417,4.425,4.416,4.422,4.413,4.419,4.412,-59.028,3656.000
4.106,4.105,4.106,4.104,4.111,4.107,4.106,4.419,4.416,4.414,4.419,4.413,4.420,4.414,-59.038,3657.000
4.105,4.104,4.109,4.109,4.109,4.098,4.108,4.420,4.421,4.419,4.418,4.420,4.422,4.417,-59.301,3658.000
4.109,4.101,4.107,4.103,4.103,4.098,4.106,4.418,4.422,4.417,4.423,4.423,4.426,4.428,-59.186,3659.000
4.100,4.103,4.104,4.104,4.104,4.103,4.102,4.415,4.421,4.416,4.422,4.417,4.422,4.424,-59.058,3660.000
4.104,4.109,4.106,4.109,4.097,4.106,4.103,4.419,4.421,4.424,4.421,4.421,4.415,4.419,-58.862,3661.000
4.103,4.104,4.108,4.105,4.108,4.103,4.109,4.422,4.417,4.426,4.419,4.421,4.420,4.418,-58.843,3662.000
4.106,4.109,4.104,4.101,4.107,4.108,4.100,4.424,4.426,4.425,4.425,4.424,4.420,4.430,-58.766,3663.000
4.113,4.104,4.109,4.110,4.102,4.109,4.103,4.422,4.419,4.421,4.416,4.423,4.421,4.419,-58.919,3664.000
4.105,4.107,4.109,4.099,4.107,4.108,4.107,4.422,4.421,4.420,4.430,4.420,4.427,4.421,-58.936,3665.000
4.106,4.110,4.102,4.105,4.106,4.107,4.111,4.420,4.419,4.416,4.418,4.417,4.416,4.425,-58.838,3666.000
4.105,4.111,4.110,4.107,4.103,4.108,4.108,4.423,4.422,4.420,4.417,4.424,4.425,4.420,-58.747,3667.000
4.099,4.105,4.103,4.109,4.108,4.110,4.107,4.422,4.423,4.421,4.418,4.424,4.421,4.427,-58.935,3668.000
4.101,4.103,4.110,4.105,4.111,4.111,4.107,4.419,4.423,4.423,4.420,4.421,4.416,4.420,-59.410,3669.000
4.106,4.106,4.111,4.111,4.107,4.104,4.108,4.416,4.419,4.416,4.417,4.414,4.423,4.426,-59.090,3670.000
4.107,4.103,4.106,4.102,4.107,4.107,4.108,4.427,4.419,4.424,4.424,4.424,4.424,4.416,-58.986,3671.000
4.106,4.102,4.106,4.102,4.105,4.102,4.110,4.423,4.421,4.424,4.422,4.424,4.422,4.412,-58.976,3672.000
4.102,4.105,4.109,4.095,4.101,4.106,4.100,4.423,4.423,4.424,4.420,4.421,4.420,4.418,-59.087,3673.000
4.106,4.099,4.104,4.100,4.105,4.101,4.101,4.420,4.417,4.424,4.420,4.418,4.422,4.419,-59.310,3674.000
4.105,4.099,4.103,4.105,4.104,4.098,4.106,4.420,4.420,4.418,4.424,4.419,4.422,4.422,-59.172,3675.000
4.105,4.107,4.099,4.105,4.101,4.103,4.101,4.422,4.420,4.420,4.418,4.422,4.416,4.423,-59.043,3676.000
4.102,4.110,4.104,4.103,4.107,4.101,4.104,4.417,4.417,4.421,4.415,4.421,4.417,4.420,-58.898,3677.000
4.100,4.101,4.103,4.099,4.105,4.104,4.110,4.413,4.419,4.413,4.417,4.418,4.420,4.421,-58.981,3678.000
4.107,4.099,4.105,4.106,4.102,4.099,4.102,4.420,4.418,4.420,4.421,4.419,4.419,4.422,-59.130,3679.000
4.096,4.107,4.102,4.106,4.095,4.101,4.103,4.413,4.415,4.418,4.415,4.418,4.413,4.414,-59.229,3680.000
4.099,4.099,4.103,4.105,4.099,4.102,4.101,4.414,4.411,4.411,4.415,4.413,4.410,4.416,-59.208,3681.000
4.100,4.098,4.102,4.100,4.097,4.099,4.106,4.415,4.412,4.415,4.413,4.414,4.413,4.414,-59.047,3682.000
4.097,4.102,4.102,4.102,4.103,4.100,4.103,4.416,4.414,4.415,4.412,4.413,4.404,4.415,-59.145,3683.000
4.099,4.099,4.105,4.098,4.105,4.099,4.103,4.414,4.412,4.415,4.413,4.417,4.406,4.413,-59.272,3684.000
4.096,4.098,4.101,4.095,4.096,4.099,4.097,4.412,4.407,4.409,4.412,4.409,4.416,4.414,-59.204,3685.000
4.102,4.101,4.104,4.103,4.098,4.097,4.100,4.412,4.419,4.419,4.413,4.415,4.406,4.412,-59.043,3686.000
4.100,4.103,4.104,4.101,4.102,4.104,4.102,4.413,4.413,4.416,4.409,4.412,4.410,4.411,-59.090,3687.000
4.108,4.101,4.103,4.105,4.105,4.104,4.102,4.410,4.409,4.411,4.412,4.413,4.414,4.409,-59.026,3688.000
4.101,4.101,4.107,4.106,4.103,4.101,4.101,4.421,4.418,4.416,4.410,4.414,4.415,4.413,-59.417,3689.000
4.106,4.103,4.105,4.100,4.112,4.105,4.104,4.415,4.414,4.416,4.420,4.418,4.421,4.422,-59.310,3690.000
4.104,4.106,4.106,4.104,4.103,4.103,4.100,4.419,4.413,4.420,4.419,4.414,4.413,4.414,-59.325,3691.000
4.106,4.110,4.107,4.106,4.109,4.111,4.104,4.421,4.420,4.421,4.411,4.414,4.424,4.407,-59.184,3692.000
4.103,4.103,4.098,4.106,4.102,4.103,4.107,4.410,4.419,4.417,4.413,4.413,4.413,4.422,-59.182,3693.000
4.104,4.106,4.102,4.102,4.109,4.104,4.107,4.414,4.418,4.414,4.415,4.419,4.415,4.412,-59.240,3694.000
4.102,4.103,4.104,4.111,4.104,4.104,4.102,4.415,4.408,4.418,4.416,4.414,4.415,4.416,-59.130,3695.000
4.100,4.101,4.102,4.093,4.104,4.106,4.101,4.414,4.418,4.420,4.416,4.416,4.419,4.416,-59.379,3696.000
4.100,4.101,4.100,4.110,4.102,4.102,4.101,4.419,4.413,4.413,4.415,4.413,4.416,4.415,-59.281,3697.000
4.099,4.102,4.105,4.102,4.102,4.107,4.106,4.417,4.417,4.411,4.418,4.414,4.418,4.422,-59.215,3698.000
4.105,4.102,4.109,4.103,4.106,4.109,4.106,4.416,4.415,4.414,4.414,4.418,4.409,4.413,-59.185,3699.000
4.106,4.096,4.100,4.105,4.100,4.104,4.101,4.415,4.415,4.416,4.414,4.411,4.416,4.415,-59.015,3700.000
4.101,4.103,4.102,4.099,4.104,4.107,4.104,4.414,4.411,4.414,4.419,4.415,4.422,4.420,-59.210,3701.000
4.109,4.109,4.103,4.107,4.104,4.105,4.101,4.427,4.420,4.422,4.422,4.421,4.417,4.420,-59.275,3702.000
4.106,4.109,4.100,4.105,4.106,4.099,4.104,4.421,4.420,4.422,4.416,4.418,4.420,4.416,-59.163,3703.000
4.107,4.106,4.108,4.099,4.105,4.097,4.106,4.417,4.415,4.424,4.419,4.420,4.417,4.420,-59.339,3704.000
4.101,4.102,4.103,4.108,4.106,4.100,4.109,4.417,4.423,4.423,4.416,4.416,4.416,4.428,-59.303,3705.000
4.101,4.103,4.103,4.104,4.101,4.105,4.105,4.411,4.416,4.417,4.418,4.419,4.423,4.420,-59.472,3706.000
4.109,4.101,4.109,4.104,4.105,4.103,4.105,4.422,4.419,4.421,4.425,4.420,4.416,4.412,-59.291,3707.000
4.100,4.104,4.104,4.102,4.102,4.101,4.105,4.413,4.418,4.414,4.414,4.411,4.414,4.417,-59.149,3708.000
4.102,4.102,4.101,4.104,4.103,4.103,4.098,4.412,4.413,4.413,4.412,4.409,4.412,4.415,-59.330,3709.000
4.101,4.099,4.103,4.103,4.113,4.106,4.110,4.416,4.420,4.415,4.413,4.416,4.412,4.414,-59.178,3710.000
4.102,4.106,4.102,4.105,4.097,4.106,4.102,4.420,4.417,4.417,4.416,4.418,4.418,4.421,-59.127,3711.000
4.106,4.104,4.106,4.104,4.099,4.106,4.104,4.413,4.418,4.418,4.415,4.414,4.416,4.418,-59.016,3712.000
4.105,4.110,4.102,4.105,4.106,4.108,4.104,4.413,4.416,4.413,4.415,4.410,4.421,4.418,-59.086,3713.000
4.107,4.102,4.101,4.108,4.111,4.110,4.100,4.415,4.413,4.416,4.423,4.419,4.415,4.418,-59.166,3714.000
4.105,4.100,4.105,4.104,4.098,4.095,4.101,4.415,4.419,4.416,4.416,4.416,4.411,4.414,-59.225,3715.000
4.102,4.098,4.095,4.097,4.098,4.096,4.102,4.414,4.414,4.410,4.412,4.413,4.409,4.411,-59.241,3716.000
4.096,4.101,4.092,4.103,4.093,4.105,4.098,4.408,4.412,4.406,4.410,4.412,4.414,4.413,-59.147,3717.000
4.097,4.099,4.097,4.091,4.102,4.098,4.094,4.407,4.402,4.402,4.406,4.401,4.404,4.407,-59.136,3718.000
4.096,4.096,4.092,4.096,4.101,4.090,4.102,4.404,4.404,4.409,4.407,4.410,4.407,4.410,-59.037,3719.000
4.091,4.096,4.093,4.095,4.090,4.092,4.097,4.405,4.400,4.397,4.397,4.399,4.403,4.400,-59.158,3720.000
4.092,4.092,4.093,4.098,4.092,4.094,4.098,4.407,4.397,4.403,4.406,4.406,4.399,4.402,-58.992,3721.000
4.088,4.091,4.091,4.091,4.086,4.088,4.094,4.401,4.404,4.394,4.408,4.400,4.403,4.401,-58.938,3722.000
4.091,4.095,4.090,4.087,4.094,4.090,4.091,4.397,4.404,4.404,4.398,4.399,4.405,4.407,-59.070,3723.000
4.089,4.094,4.088,4.094,4.085,4.092,4.091,4.403,4.397,4.401,4.402,4.395,4.400,4.400,-58.964,3724.000
4.093,4.095,4.091,4.093,4.097,4.093,4.093,4.408,4.408,4.402,4.402,4.398,4.402,4.399,-58.999,3725.000
4.092,4.095,4.098,4.093,4.093,4.094,4.088,4.400,4.400,4.405,4.397,4.401,4.400,4.405,-59.101,3726.000
4.092,4.093,4.092,4.090,4.094,4.091,4.092,4.398,4.405,4.405,4.407,4.405,4.403,4.400,-59.030,3727.000
4.092,4.094,4.093,4.098,4.100,4.092,4.094,4.402,4.405,4.411,4.406,4.409,4.406,4.407,-59.003,3728.000
4.101,4.098,4.094,4.094,4.096,4.092,4.095,4.409,4.410,4.410,4.404,4.407,4.405,4.406,-58.743,3729.000
4.093,4.096,4.101,4.099,4.094,4.096,4.092,4.405,4.404,4.404,4.410,4.404,4.403,4.405,-59.014,3730.000
4.089,4.095,4.089,4.095,4.090,4.096,4.093,4.404,4.403,4.409,4.412,4.410,4.408,4.400,-59.203,3731.000
4.099,4.087,4.096,4.094,4.090,4.096,4.092,4.411,4.408,4.405,4.407,4.407,4.408,4.410,-59.342,3732.000
4.095,4.088,4.095,4.091,4.094,4.094,4.087,4.403,4.402,4.410,4.402,4.399,4.406,4.404,-59.321,3733.000
4.095,4.090,4.095,4.095,4.095,4.090,4.095,4.398,4.404,4.405,4.403,4.406,4.405,4.403,-59.310,3734.000
4.092,4.093,4.091,4.096,4.090,4.091,4.096,4.405,4.410,4.404,4.402,4.399,4.401,4.401,-59.152,3735.000
4.094,4.098,4.095,4.093,4.096,4.096,4.095,4.403,4.401,4.398,4.405,4.399,4.405,4.404,-59.148,3736.000
4.099,4.096,4.098,4.095,4.100,4.099,4.102,4.404,4.399,4.407,4.408,4.405,4.401,4.405,-59.151,3737.000
4.094,4.100,4.101,4.098,4.096,4.102,4.094,4.404,4.409,4.402,4.407,4.409,4.409,4.410,-59.255,3738.000
4.101,4.100,4.094,4.102,4.094,4.099,4.097,4.404,4.405,4.407,4.410,4.409,4.407,4.405,-59.288,3739.000
4.096,4.105,4.098,4.103,4.097,4.100,4.096,4.403,4.405,4.408,4.409,4.408,4.405,4.412,-59.183,3740.000
4.103,4.102,4.100,4.099,4.099,4.100,4.096,4.413,4.412,4.409,4.411,4.401,4.410,4.408,-59.172,3741.000
4.098,4.099,4.099,4.104,4.108,4.102,4.099,4.403,4.413,4.411,4.405,4.412,4.412,4.409,-59.067,3742.000
4.099,4.102,4.099,4.101,4.104,4.102,4.101,4.410,4.403,4.404,4.409,4.411,4.409,4.412,-59.374,3743.000
4.094,4.102,4.096,4.100,4.103,4.105,4.099,4.417,4.408,4.418,4.404,4.415,4.408,4.411,-59.303,3744.000
4.103,4.100,4.101,4.097,4.103,4.103,4.105,4.414,4.410,4.402,4.413,4.416,4.411,4.414,-59.341,3745.000
4.098,4.097,4.097,4.100,4.103,4.101,4.102,4.408,4.405,4.414,4.416,4.411,4.412,4.414,-59.296,3746.000
4.109,4.100,4.102,4.102,4.102,4.101,4.102,4.418,4.420,4.417,4.417,4.417,4.411,4.413,-59.292,3747.000
4.101,4.106,4.100,4.103,4.103,4.101,4.099,4.412,4.407,4.414,4.411,4.415,4.409,4.406,-59.013,3748.000
4.103,4.100,4.099,4.100,4.101,4.100,4.099,4.413,4.408,4.410,4.408,4.413,4.414,4.411,-58.569,3749.000
4.104,4.095,4.102,4.100,4.105,4.099,4.106,4.409,4.416,4.407,4.415,4.417,4.411,4.411,-58.538,3750.000
4.100,4.098,4.098,4.098,4.105,4.105,4.093,4.411,4.415,4.416,4.407,4.411,4.413,4.410,-58.453,3751.000
4.101,4.104,4.102,4.103,4.098,4.101,4.106,4.411,4.414,4.412,4.412,4.410,4.412,4.410,-58.813,3752.000
4.105,4.105,4.102,4.104,4.100,4.102,4.100,4.416,4.410,4.413,4.411,4.413,4.413,4.411,-58.835,3753.000
4.106,4.103,4.108,4.103,4.097,4.102,4.101,4.410,4.410,4.412,4.410,4.411,4.410,4.414,-59.073,3754.000
4.101,4.106,4.102,4.104,4.102,4.101,4.098,4.410,4.414,4.418,4.407,4.414,4.412,4.420,-58.935,3755.000
4.101,4.106,4.103,4.100,4.105,4.100,4.099,4.410,4.413,4.411,4.410,4.414,4.413,4.411,-59.002,3756.000
4.108,4.105,4.104,4.100,4.105,4.105,4.101,4.414,4.417,4.413,4.412,4.414,4.412,4.412,-58.880,3757.000
4.098,4.106,4.101,4.098,4.102,4.102,4.101,4.407,4.416,4.411,4.412,4.417,4.408,4.414,-58.851,3758.000
4.102,4.099,4.101,4.103,4.099,4.102,4.104,4.414,4.410,4.409,4.414,4.414,4.413,4.418,-58.820,3759.000
4.100,4.100,4.102,4.100,4.093,4.103,4.095,4.415,4.415,4.412,4.409,4.411,4.413,4.409,-58.935,3760.000
4.101,4.109,4.102,4.103,4.095,4.097,4.102,4.416,4.412,4.414,4.410,4.413,4.414,4.410,-58.849,3761.000
4.100,4.101,4.102,4.100,4.099,4.105,4.097,4.407,4.416,4.407,4.408,4.405,4.414,4.412,-58.934,3762.000
4.100,4.104,4.101,4.102,4.093,4.101,4.102,4.414,4.407,4.411,4.410,4.407,4.407,4.413,-59.055,3763.000
4.102,4.101,4.099,4.106,4.107,4.100,4.097,4.409,4.417,4.414,4.406,4.408,4.410,4.411,-59.098,3764.000
4.102,4.099,4.101,4.102,4.100,4.097,4.103,4.413,4.410,4.409,4.406,4.413,4.415,4.413,-59.009,3765.000
4.102,4.099,4.104,4.103,4.100,4.102,4.100,4.406,4.408,4.415,4.411,4.413,4.415,4.415,-59.014,3766.000
4.103,4.099,4.103,4.101,4.098,4.103,4.101,4.407,4.410,4.409,4.415,4.413,4.415,4.407,-59.055,3767.000
4.102,4.102,4.099,4.109,4.102,4.103,4.102,4.418,4.418,4.414,4.420,4.421,4.411,4.417,-58.944,3768.000
4.100,4.102,4.099,4.099,4.101,4.103,4.106,4.414,4.418,4.416,4.415,4.414,4.415,4.417,-58.862,3769.000
4.105,4.105,4.099,4.099,4.105,4.101,4.105,4.414,4.410,4.414,4.417,4.420,4.420,4.413,-59.154,3770.000
4.099,4.102,4.098,4.102,4.105,4.103,4.100,4.413,4.416,4.416,4.414,4.412,4.413,4.411,-59.431,3771.000
4.103,4.103,4.101,4.098,4.102,4.102,4.104,4.417,4.411,4.415,4.415,4.410,4.413,4.413,-59.037,3772.000
4.100,4.098,4.095,4.097,4.101,4.098,4.097,4.402,4.407,4.410,4.410,4.410,4.410,4.403,-58.966,3773.000
4.096,4.101,4.096,4.095,4.097,4.096,4.100,4.412,4.407,4.407,4.401,4.403,4.409,4.410,-58.869,3774.000
4.099,4.099,4.103,4.098,4.100,4.097,4.099,4.407,4.404,4.406,4.408,4.410,4.405,4.406,-58.992,3775.000
4.102,4.105,4.110,4.096,4.099,4.097,4.098,4.411,4.410,4.405,4.407,4.409,4.407,4.408,-58.940,3776.000
4.098,4.095,4.097,4.099,4.094,4.101,4.104,4.410,4.409,4.405,4.414,4.408,4.414,4.407,-58.987,3777.000
4.103,4.101,4.103,4.099,4.105,4.102,4.103,4.412,4.411,4.405,4.406,4.407,4.413,4.413,-59.011,3778.000
4.105,4.101,4.108,4.102,4.108,4.101,4.102,4.408,4.409,4.406,4.406,4.409,4.412,4.418,-59.035,3779.000
4.097,4.100,4.107,4.101,4.104,4.095,4.101,4.414,4.410,4.415,4.405,4.419,4.412,4.406,-58.921,3780.000
4.098,4.103,4.100,4.105,4.095,4.100,4.097,4.409,4.413,4.417,4.410,4.413,4.408,4.407,-58.792,3781.000
4.105,4.100,4.097,4.105,4.105,4.100,4.106,4.410,4.410,4.409,4.411,4.412,4.414,4.410,-58.611,3782.000
4.100,4.093,4.099,4.095,4.101,4.103,4.100,4.409,4.404,4.403,4.411,4.405,4.406,4.411,-58.572,3783.000
4.104,4.103,4.102,4.101,4.104,4.104,4.106,4.406,4.409,4.409,4.411,4.414,4.416,4.409,-58.795,3784.000
4.102,4.098,4.104,4.097,4.097,4.098,4.102,4.410,4.409,4.413,4.413,4.414,4.412,4.413,-58.816,3785.000
4.102,4.103,4.101,4.102,4.097,4.102,4.103,4.417,4.409,4.414,4.410,4.411,4.417,4.412,-58.930,3786.000
4.104,4.104,4.098,4.095,4.103,4.102,4.100,4.412,4.415,4.414,4.415,4.413,4.406,4.412,-58.967,3787.000
4.097,4.101,4.106,4.100,4.107,4.100,4.107,4.413,4.424,4.413,4.414,4.415,4.414,4.412,-59.119,3788.000
4.103,4.102,4.103,4.099,4.102,4.096,4.101,4.417,4.413,4.414,4.407,4.410,4.410,4.415,-59.319,3789.000
4.098,4.101,4.103,4.106,4.104,4.102,4.107,4.414,4.411,4.412,4.412,4.411,4.417,4.416,-59.332,3790.000
4.103,4.103,4.098,4.103,4.105,4.104,4.105,4.410,4.413,4.416,4.414,4.420,4.421,4.415,-59.565,3791.000
4.102,4.103,4.105,4.107,4.105,4.104,4.102,4.413,4.416,4.414,4.415,4.412,4.414,4.415,-59.395,3792.000
4.096,4.104,4.102,4.102,4.105,4.099,4.102,4.410,4.415,4.417,4.416,4.412,4.413,4.413,-59.512,3793.000
4.107,4.099,4.103,4.106,4.104,4.099,4.105,4.416,4.414,4.413,4.411,4.410,4.408,4.411,-59.531,3794.000
4.104,4.104,4.102,4.102,4.100,4.102,4.100,4.418,4.414,4.416,4.415,4.419,4.418,4.412,-59.162,3795.000
4.107,4.101,4.104,4.107,4.102,4.102,4.103,4.413,4.409,4.415,4.413,4.421,4.411,4.411,-59.269,3796.000
4.100,4.101,4.106,4.105,4.110,4.104,4.103,4.412,4.411,4.420,4.417,4.410,4.414,4.416,-59.211,3797.000
4.097,4.099,4.105,4.102,4.101,4.101,4.102,4.413,4.409,4.412,4.413,4.410,4.412,4.418,-58.995,3798.000
4.101,4.102,4.100,4.102,4.096,4.104,4.104,4.415,4.418,4.403,4.412,4.411,4.418,4.419,-59.054,3799.000
4.102,4.100,4.093,4.100,4.101,4.099,4.095,4.414,4.408,4.417,4.417,4.412,4.417,4.410,-59.018,3800.000
4.100,4.101,4.096,4.099,4.096,4.100,4.099,4.412,4.406,4.411,4.414,4.408,4.407,4.411,-59.143,3801.000
4.095,4.096,4.091,4.099,4.096,4.089,4.097,4.403,4.409,4.405,4.407,4.407,4.408,4.406,-58.998,3802.000
4.088,4.097,4.100,4.094,4.095,4.092,4.093,4.404,4.406,4.409,4.409,4.409,4.410,4.404,-59.062,3803.000
4.093,4.098,4.094,4.100,4.095,4.091,4.098,4.405,4.408,4.408,4.408,4.406,4.409,4.405,-59.152,3804.000
4.099,4.097,4.099,4.101,4.101,4.096,4.103,4.405,4.411,4.410,4.409,4.408,4.410,4.407,-59.073,3805.000
4.099,4.094,4.096,4.100,4.092,4.093,4.100,4.411,4.409,4.406,4.407,4.410,4.409,4.405,-59.337,3806.000
4.102,4.094,4.102,4.094,4.095,4.098,4.098,4.410,4.407,4.413,4.409,4.409,4.405,4.411,-59.434,3807.000
4.101,4.099,4.104,4.093,4.098,4.101,4.103,4.402,4.411,4.411,4.414,4.411,4.410,4.412,-59.285,3808.000
4.096,4.103,4.096,4.102,4.101,4.099,4.098,4.416,4.410,4.409,4.409,4.411,4.409,4.404,-59.213,3809.000
4.098,4.102,4.099,4.103,4.105,4.101,4.094,4.413,4.418,4.409,4.414,4.413,4.411,4.411,-59.208,3810.000
4.101,4.096,4.099,4.097,4.095,4.097,4.099,4.409,4.407,4.414,4.409,4.412,4.411,4.408,-59.206,3811.000
4.097,4.102,4.092,4.100,4.097,4.097,4.100,4.412,4.414,4.410,4.405,4.404,4.409,4.404,-59.054,3812.000
4.097,4.097,4.102,4.095,4.097,4.094,4.096,4.409,4.411,4.405,4.405,4.407,4.405,4.406,-59.007,3813.000
4.095,4.092,4.094,4.095,4.090,4.094,4.091,4.406,4.406,4.409,4.407,4.411,4.411,4.410,-59.245,3814.000
4.097,4.090,4.098,4.094,4.097,4.086,4.102,4.407,4.409,4.405,4.407,4.397,4.406,4.410,-59.249,3815.000
4.095,4.091,4.091,4.092,4.100,4.091,4.098,4.404,4.401,4.408,4.400,4.404,4.406,4.406,-59.205,3816.000
4.098,4.092,4.090,4.094,4.101,4.093,4.098,4.407,4.406,4.403,4.408,4.402,4.404,4.406,-59.291,3817.000
4.099,4.097,4.094,4.095,4.095,4.094,4.100,4.408,4.407,4.413,4.403,4.405,4.409,4.410,-59.138,3818.000
4.100,4.105,4.101,4.098,4.095,4.100,4.099,4.408,4.411,4.413,4.406,4.404,4.412,4.410,-59.379,3819.000
4.093,4.094,4.098,4.096,4.099,4.100,4.102,4.413,4.412,4.413,4.410,4.413,4.409,4.410,-59.435,3820.000
4.102,4.103,4.097,4.099,4.096,4.103,4.101,4.409,4.412,4.411,4.416,4.410,4.414,4.410,-59.344,3821.000
4.099,4.095,4.101,4.101,4.100,4.102,4.102,4.416,4.410,4.401,4.406,4.410,4.412,4.412,-59.379,3822.000
4.094,4.096,4.098,4.099,4.100,4.096,4.101,4.407,4.406,4.412,4.409,4.416,4.417,4.412,-59.255,3823.000
4.101,4.102,4.101,4.101,4.099,4.101,4.105,4.412,4.413,4.419,4.408,4.414,4.414,4.415,-59.251,3824.000
4.102,4.092,4.099,4.102,4.102,4.102,4.102,4.413,4.413,4.411,4.408,4.411,4.406,4.410,-59.148,3825.000
4.096,4.100,4.098,4.100,4.101,4.102,4.098,4.415,4.408,4.420,4.413,4.418,4.411,4.414,-58.971,3826.000
4.100,4.096,4.098,4.099,4.098,4.101,4.102,4.409,4.406,4.414,4.411,4.411,4.418,4.416,-59.043,3827.000
4.099,4.095,4.096,4.098,4.097,4.102,4.100,4.418,4.421,4.414,4.413,4.410,4.416,4.412,-59.371,3828.000
4.096,4.101,4.099,4.094,4.095,4.102,4.098,4.414,4.417,4.418,4.413,4.405,4.415,4.409,-59.410,3829.000
4.106,4.097,4.103,4.094,4.096,4.096,4.094,4.417,4.418,4.411,4.413,4.411,4.416,4.418,-59.358,3830.000
4.097,4.098,4.095,4.095,4.096,4.095,4.097,4.411,4.415,4.412,4.407,4.408,4.413,4.409,-59.308,3831.000
4.095,4.100,4.100,4.096,4.097,4.098,4.093,4.410,4.407,4.407,4.407,4.407,4.406,4.404,-59.215,3832.000
4.089,4.102,4.089,4.090,4.096,4.095,4.093,4.409,4.408,4.404,4.411,4.405,4.405,4.406,-58.990,3833.000
4.092,4.092,4.091,4.096,4.092,4.092,4.096,4.404,4.408,4.408,4.406,4.405,4.402,4.403,-58.978,3834.000
4.092,4.089,4.091,4.095,4.090,4.089,4.090,4.409,4.408,4.407,4.408,4.406,4.406,4.403,-58.996,3835.000
4.094,4.092,4.093,4.095,4.092,4.089,4.090,4.406,4.406,4.402,4.405,4.407,4.407,4.405,-59.006,3836.000
4.093,4.085,4.098,4.087,4.091,4.087,4.092,4.404,4.404,4.400,4.399,4.401,4.398,4.399,-59.027,3837.000
4.094,4.095,4.090,4.094,4.087,4.101,4.091,4.411,4.402,4.408,4.407,4.406,4.408,4.406,-58.925,3838.000
4.095,4.093,4.095,4.097,4.096,4.090,4.092,4.408,4.407,4.410,4.407,4.403,4.405,4.405,-59.077,3839.000
4.094,4.095,4.093,4.100,4.094,4.097,4.100,4.405,4.407,4.407,4.405,4.404,4.405,4.402,-58.956,3840.000
4.089,4.096,4.094,4.093,4.092,4.091,4.093,4.406,4.404,4.401,4.409,4.404,4.407,4.405,-58.975,3841.000
4.100,4.101,4.088,4.097,4.090,4.101,4.091,4.413,4.408,4.407,4.413,4.410,4.405,4.404,-59.052,3842.000
4.098,4.089,4.094,4.100,4.099,4.092,4.096,4.404,4.407,4.399,4.404,4.411,4.408,4.409,-59.305,3843.000
4.095,4.095,4.091,4.092,4.096,4.093,4.098,4.404,4.401,4.402,4.405,4.400,4.401,4.400,-59.163,3844.000
4.094,4.096,4.094,4.092,4.097,4.094,4.096,4.401,4.407,4.407,4.407,4.403,4.406,4.406,-59.046,3845.000
4.089,4.095,4.089,4.092,4.090,4.100,4.093,4.409,4.403,4.402,4.408,4.408,4.403,4.403,-59.273,3846.000
4.090,4.087,4.098,4.095,4.093,4.089,4.095,4.410,4.408,4.410,4.406,4.402,4.402,4.406,-58.982,3847.000
4.096,4.101,4.094,4.104,4.092,4.097,4.095,4.409,4.410,4.402,4.410,4.407,4.407,4.408,-58.964,3848.000
4.097,4.095,4.091,4.093,4.089,4.096,4.094,4.408,4.408,4.402,4.404,4.410,4.409,4.408,-59.156,3849.000
4.098,4.100,4.097,4.095,4.096,4.101,4.097,4.416,4.409,4.410,4.402,4.409,4.408,4.403,-59.412,3850.000
4.099,4.094,4.100,4.094,4.095,4.094,4.096,4.406,4.404,4.412,4.410,4.411,4.403,4.415,-59.311,3851.000
4.100,4.096,4.096,4.095,4.100,4.091,4.102,4.415,4.409,4.412,4.412,4.409,4.413,4.411,-59.268,3852.000
4.096,4.094,4.096,4.093,4.097,4.095,4.096,4.411,4.411,4.405,4.407,4.408,4.410,4.408,-59.146,3853.000
4.096,4.100,4.093,4.102,4.101,4.099,4.100,4.409,4.403,4.403,4.411,4.415,4.417,4.412,-59.286,3854.000
4.093,4.095,4.097,4.100,4.096,4.101,4.095,4.414,4.410,4.408,4.406,4.410,4.411,4.415,-58.900,3855.000
4.096,4.098,4.098,4.098,4.103,4.092,4.104,4.413,4.405,4.411,4.411,4.410,4.406,4.404,-59.026,3856.000
4.092,4.098,4.090,4.094,4.094,4.091,4.095,4.413,4.410,4.416,4.413,4.410,4.408,4.414,-58.542,3857.000
4.097,4.103,4.093,4.094,4.094,4.097,4.093,4.406,4.408,4.414,4.414,4.419,4.413,4.415,-58.008,3858.000
4.098,4.097,4.092,4.095,4.097,4.093,4.099,4.410,4.412,4.408,4.410,4.410,4.416,4.414,-57.999,3859.000
4.096,4.095,4.094,4.091,4.093,4.093,4.093,4.406,4.413,4.411,4.408,4.413,4.412,4.407,-58.211,3860.000
4.096,4.093,4.094,4.096,4.095,4.093,4.092,4.407,4.407,4.412,4.413,4.406,4.410,4.407,-58.471,3861.000
4.096,4.093,4.093,4.098,4.096,4.095,4.098,4.413,4.409,4.414,4.415,4.411,4.407,4.409,-58.734,3862.000
4.096,4.094,4.094,4.096,4.096,4.091,4.095,4.408,4.405,4.409,4.407,4.407,4.411,4.412,-58.984,3863.000
4.093,4.092,4.096,4.093,4.095,4.096,4.091,4.406,4.412,4.412,4.416,4.415,4.412,4.408,-59.026,3864.000
4.091,4.093,4.087,4.094,4.096,4.088,4.093,4.408,4.410,4.412,4.415,4.409,4.414,4.405,-59.169,3865.000
4.096,4.092,4.093,4.097,4.097,4.092,4.094,4.408,4.409,4.413,4.411,4.409,4.413,4.410,-58.985,3866.000
4.097,4.085,4.094,4.087,4.091,4.092,4.097,4.414,4.413,4.406,4.410,4.409,4.409,4.411,-59.167,3867.000
4.097,4.088,4.098,4.094,4.096,4.091,4.091,4.409,4.405,4.404,4.412,4.406,4.415,4.408,-58.993,3868.000
4.096,4.088,4.089,4.089,4.088,4.092,4.090,4.410,4.410,4.409,4.408,4.409,4.410,4.410,-59.182,3869.000
4.097,4.090,4.095,4.086,4.091,4.085,4.094,4.416,4.408,4.419,4.406,4.400,4.407,4.404,-59.168,3870.000
4.090,4.088,4.093,4.094,4.088,4.092,4.095,4.406,4.411,4.408,4.405,4.403,4.406,4.405,-59.249,3871.000
4.091,4.088,4.095,4.094,4.095,4.084,4.087,4.402,4.408,4.407,4.408,4.406,4.409,4.404,-59.385,3872.000
4.093,4.092,4.092,4.088,4.091,4.094,4.089,4.411,4.409,4.406,4.409,4.406,4.406,4.410,-59.364,3873.000
4.092,4.092,4.088,4.093,4.092,4.092,4.090,4.411,4.411,4.405,4.410,4.409,4.409,4.407,-59.166,3874.000
4.090,4.091,4.088,4.093,4.090,4.091,4.092,4.407,4.408,4.411,4.406,4.410,4.412,4.408,-59.289,3875.000
4.090,4.089,4.088,4.087,4.086,4.095,4.091,4.410,4.406,4.405,4.405,4.401,4.407,4.405,-59.282,3876.000
4.092,4.090,4.089,4.091,4.092,4.086,4.091,4.402,4.408,4.404,4.405,4.410,4.409,4.407,-59.167,3877.000
4.093,4.091,4.081,4.090,4.088,4.092,4.093,4.403,4.412,4.406,4.411,4.405,4.406,4.408,-59.094,3878.000
4.094,4.089,4.090,4.092,4.089,4.088,4.093,4.409,4.403,4.405,4.408,4.410,4.410,4.408,-59.434,3879.000
4.092,4.087,4.096,4.092,4.092,4.088,4.095,4.407,4.403,4.404,4.407,4.407,4.411,4.414,-59.300,3880.000
4.088,4.094,4.091,4.095,4.097,4.093,4.090,4.409,4.410,4.411,4.416,4.411,4.412,4.412,-59.315,3881.000
4.096,4.090,4.099,4.089,4.097,4.091,4.097,4.405,4.409,4.400,4.411,4.407,4.414,4.408,-59.215,3882.000
4.094,4.096,4.097,4.094,4.096,4.101,4.091,4.412,4.412,4.416,4.410,4.415,4.409,4.411,-58.941,3883.000
4.095,4.097,4.095,4.099,4.095,4.093,4.100,4.410,4.409,4.410,4.409,4.415,4.410,4.414,-58.901,3884.000
4.096,4.091,4.097,4.093,4.090,4.099,4.096,4.421,4.409,4.411,4.407,4.412,4.411,4.413,-58.786,3885.000
4.104,4.092,4.091,4.094,4.090,4.090,4.092,4.412,4.408,4.411,4.414,4.412,4.414,4.415,-58.873,3886.000
4.095,4.098,4.099,4.098,4.094,4.095,4.091,4.415,4.408,4.417,4.411,4.411,4.419,4.409,-59.175,3887.000
4.092,4.099,4.093,4.088,4.097,4.092,4.096,4.408,4.409,4.412,4.414,4.413,4.412,4.412,-59.238,3888.000
4.099,4.092,4.096,4.095,4.093,4.090,4.092,4.415,4.411,4.410,4.409,4.410,4.412,4.411,-58.932,3889.000
4.099,4.096,4.095,4.093,4.093,4.095,4.099,4.413,4.411,4.408,4.410,4.411,4.413,4.406,-58.839,3890.000
4.093,4.085,4.091,4.096,4.092,4.086,4.088,4.412,4.414,4.408,4.410,4.412,4.410,4.411,-58.852,3891.000
4.087,4.092,4.093,4.095,4.103,4.089,4.094,4.413,4.414,4.414,4.409,4.412,4.409,4.409,-58.962,3892.000
4.092,4.096,4.097,4.089,4.096,4.095,4.089,4.409,4.410,4.406,4.410,4.407,4.409,4.409,-59.109,3893.000
4.092,4.091,4.097,4.091,4.091,4.089,4.091,4.409,4.411,4.409,4.413,4.403,4.410,4.412,-59.052,3894.000
4.093,4.095,4.096,4.093,4.090,4.094,4.096,4.410,4.406,4.413,4.410,4.403,4.409,4.405,-58.941,3895.000
4.090,4.093,4.090,4.097,4.092,4.088,4.098,4.405,4.403,4.409,4.410,4.413,4.408,4.401,-58.996,3896.000
4.093,4.098,4.094,4.095,4.084,4.089,4.093,4.405,4.411,4.411,4.408,4.409,4.403,4.405,-59.281,3897.000
4.095,4.093,4.091,4.094,4.088,4.088,4.090,4.406,4.402,4.407,4.405,4.405,4.406,4.406,-59.431,3898.000
4.092,4.095,4.089,4.092,4.098,4.086,4.092,4.405,4.405,4.402,4.403,4.407,4.408,4.403,-59.054,3899.000
4.094,4.094,4.093,4.091,4.092,4.099,4.092,4.408,4.409,4.414,4.404,4.406,4.410,4.403,-59.043,3900.000
4.096,4.092,4.096,4.092,4.097,4.092,4.093,4.408,4.412,4.407,4.411,4.408,4.410,4.411,-58.987,3901.000
4.101,4.098,4.097,4.092,4.091,4.091,4.095,4.415,4.409,4.411,4.402,4.409,4.408,4.406,-58.910,3902.000
4.096,4.094,4.091,4.091,4.094,4.092,4.093,4.406,4.405,4.413,4.410,4.405,4.413,4.407,-59.010,3903.000
4.092,4.097,4.093,4.097,4.093,4.093,4.094,4.407,4.402,4.403,4.405,4.412,4.416,4.419,-58.986,3904.000
4.094,4.094,4.090,4.092,4.094,4.094,4.091,4.410,4.407,4.408,4.406,4.407,4.415,4.404,-59.355,3905.000
4.088,4.090,4.088,4.087,4.090,4.091,4.092,4.404,4.409,4.406,4.400,4.411,4.409,4.404,-59.468,3906.000
4.089,4.088,4.087,4.087,4.092,4.089,4.084,4.404,4.407,4.399,4.403,4.402,4.402,4.404,-59.448,3907.000
4.087,4.093,4.088,4.088,4.087,4.089,4.085,4.402,4.402,4.400,4.404,4.405,4.401,4.408,-59.460,3908.000
4.088,4.085,4.094,4.085,4.092,4.092,4.088,4.395,4.401,4.402,4.405,4.408,4.407,4.401,-59.504,3909.000
4.090,4.084,4.095,4.093,4.089,4.090,4.090,4.400,4.402,4.409,4.406,4.404,4.402,4.401,-59.270,3910.000
4.092,4.089,4.094,4.091,4.093,4.093,4.094,4.412,4.403,4.404,4.400,4.398,4.403,4.403,-59.391,3911.000
4.093,4.089,4.096,4.088,4.086,4.089,4.090,4.403,4.401,4.409,4.411,4.407,4.402,4.399,-59.412,3912.000
4.094,4.085,4.094,4.090,4.099,4.085,4.087,4.405,4.407,4.407,4.404,4.410,4.400,4.401,-59.262,3913.000
4.089,4.092,4.093,4.096,4.092,4.093,4.091,4.404,4.408,4.411,4.406,4.404,4.415,4.401,-58.974,3914.000
4.097,4.095,4.093,4.091,4.089,4.094,4.096,4.405,4.408,4.406,4.410,4.407,4.410,4.405,-59.134,3915.000
4.095,4.093,4.093,4.091,4.094,4.087,4.095,4.406,4.409,4.415,4.405,4.406,4.405,4.402,-59.276,3916.000
4.098,4.094,4.091,4.088,4.090,4.094,4.091,4.405,4.400,4.407,4.403,4.407,4.404,4.407,-59.332,3917.000
4.095,4.089,4.092,4.100,4.094,4.093,4.097,4.398,4.404,4.406,4.400,4.404,4.405,4.402,-59.146,3918.000
4.090,4.094,4.090,4.089,4.089,4.093,4.089,4.406,4.403,4.402,4.405,4.407,4.404,4.410,-59.016,3919.000
4.097,4.095,4.095,4.090,4.097,4.101,4.093,4.403,4.407,4.407,4.418,4.410,4.405,4.407,-59.106,3920.000
4.092,4.089,4.093,4.090,4.090,4.090,4.095,4.400,4.407,4.405,4.407,4.400,4.398,4.403,-59.218,3921.000
4.097,4.093,4.088,4.093,4.091,4.090,4.095,4.402,4.407,4.407,4.412,4.407,4.403,4.400,-59.175,3922.000
4.094,4.088,4.094,4.096,4.094,4.098,4.091,4.409,4.405,4.403,4.412,4.405,4.406,4.408,-59.062,3923.000
4.093,4.091,4.094,4.092,4.090,4.094,4.094,4.406,4.400,4.409,4.406,4.400,4.410,4.414,-59.033,3924.000
4.092,4.097,4.095,4.098,4.093,4.093,4.095,4.409,4.404,4.406,4.405,4.407,4.411,4.405,-59.106,3925.000
4.096,4.098,4.098,4.095,4.094,4.096,4.098,4.403,4.406,4.406,4.402,4.405,4.402,4.409,-59.060,3926.000
4.097,4.090,4.097,4.098,4.097,4.092,4.096,4.408,4.408,4.413,4.409,4.408,4.410,4.403,-58.985,3927.000
4.093,4.095,4.097,4.091,4.100,4.097,4.096,4.414,4.413,4.412,4.415,4.404,4.406,4.407,-59.158,3928.000
4.090,4.102,4.097,4.098,4.098,4.091,4.102,4.413,4.415,4.413,4.411,4.411,4.410,4.413,-59.041,3929.000
4.094,4.092,4.093,4.099,4.093,4.090,4.092,4.414,4.408,4.403,4.408,4.403,4.408,4.403,-58.837,3930.000
4.100,4.097,4.096,4.092,4.095,4.097,4.096,4.411,4.411,4.404,4.414,4.408,4.412,4.418,-59.135,3931.000
4.093,4.099,4.097,4.095,4.089,4.090,4.094,4.416,4.413,4.412,4.409,4.409,4.410,4.411,-59.173,3932.000
4.093,4.101,4.089,4.090,4.096,4.091,4.101,4.420,4.415,4.406,4.410,4.409,4.419,4.419,-58.943,3933.000
4.093,4.096,4.097,4.091,4.096,4.093,4.093,4.411,4.410,4.410,4.404,4.412,4.410,4.408,-59.122,3934.000
4.092,4.095,4.096,4.094,4.095,4.091,4.090,4.413,4.411,4.411,4.404,4.409,4.409,4.409,-59.180,3935.000
4.094,4.094,4.096,4.094,4.096,4.096,4.097,4.411,4.421,4.416,4.417,4.407,4.414,4.407,-59.026,3936.000
4.098,4.100,4.101,4.096,4.097,4.095,4.098,4.408,4.411,4.411,4.415,4.410,4.414,4.406,-59.232,3937.000
4.097,4.094,4.100,4.097,4.098,4.092,4.096,4.412,4.409,4.412,4.411,4.419,4.409,4.414,-59.186,3938.000
4.098,4.101,4.099,4.099,4.099,4.098,4.099,4.404,4.410,4.409,4.413,4.415,4.410,4.413,-59.288,3939.000
4.093,4.095,4.098,4.098,4.094,4.098,4.094,4.414,4.414,4.415,4.413,4.411,4.410,4.413,-59.087,3940.000
4.101,4.093,4.092,4.100,4.099,4.096,4.097,4.410,4.414,4.408,4.411,4.414,4.414,4.409,-59.214,3941.000
4.094,4.095,4.098,4.104,4.098,4.099,4.098,4.411,4.413,4.416,4.416,4.412,4.414,4.414,-59.014,3942.000
4.103,4.098,4.103,4.104,4.096,4.097,4.098,4.418,4.417,4.418,4.419,4.420,4.421,4.418,-59.021,3943.000
4.096,4.094,4.097,4.101,4.104,4.098,4.100,4.419,4.417,4.416,4.415,4.417,4.411,4.420,-59.022,3944.000
4.099,4.098,4.101,4.097,4.094,4.096,4.100,4.414,4.414,4.411,4.414,4.415,4.418,4.410,-59.009,3945.000
4.097,4.098,4.096,4.099,4.090,4.095,4.095,4.417,4.418,4.419,4.413,4.415,4.417,4.411,-59.141,3946.000
4.095,4.096,4.097,4.098,4.091,4.098,4.090,4.415,4.412,4.413,4.413,4.412,4.410,4.417,-59.116,3947.000
4.094,4.094,4.096,4.096,4.094,4.098,4.095,4.414,4.414,4.414,4.410,4.414,4.412,4.410,-59.021,3948.000
4.099,4.096,4.091,4.095,4.090,4.093,4.094,4.410,4.410,4.410,4.412,4.411,4.413,4.413,-58.877,3949.000
4.098,4.096,4.097,4.090,4.091,4.090,4.092,4.413,4.411,4.409,4.404,4.415,4.411,4.414,-59.113,3950.000
4.096,4.092,4.095,4.098,4.093,4.093,4.102,4.416,4.414,4.413,4.409,4.416,4.412,4.411,-59.114,3951.000
4.093,4.088,4.100,4.095,4.094,4.097,4.090,4.406,4.413,4.411,4.413,4.412,4.411,4.409,-59.039,3952.000
4.089,4.090,4.094,4.089,4.091,4.093,4.093,4.414,4.415,4.412,4.410,4.407,4.409,4.409,-59.179,3953.000
4.091,4.088,4.088,4.089,4.091,4.087,4.089,4.411,4.407,4.407,4.405,4.409,4.408,4.405,-59.006,3954.000
4.086,4.089,4.088,4.095,4.092,4.093,4.092,4.404,4.403,4.406,4.406,4.409,4.405,4.415,-58.899,3955.000
4.092,4.087,4.092,4.089,4.093,4.091,4.090,4.402,4.400,4.410,4.410,4.401,4.412,4.402,-58.748,3956.000
4.089,4.087,4.088,4.089,4.094,4.096,4.090,4.404,4.403,4.403,4.401,4.405,4.402,4.404,-58.892,3957.000
4.091,4.090,4.092,4.091,4.094,4.091,4.095,4.408,4.407,4.410,4.406,4.408,4.404,4.405,-58.891,3958.000
4.092,4.095,4.096,4.090,4.094,4.088,4.090,4.405,4.409,4.402,4.404,4.407,4.407,4.409,-58.741,3959.000
4.089,4.096,4.089,4.094,4.089,4.093,4.092,4.413,4.408,4.402,4.408,4.406,4.405,4.411,-58.964,3960.000
4.092,4.094,4.090,4.092,4.093,4.091,4.092,4.412,4.412,4.411,4.410,4.407,4.404,4.413,-59.076,3961.000
4.095,4.097,4.095,4.089,4.093,4.095,4.098,4.413,4.409,4.403,4.411,4.407,4.406,4.408,-58.998,3962.000
4.089,4.097,4.096,4.097,4.088,4.099,4.098,4.415,4.406,4.405,4.407,4.413,4.415,4.407,-58.869,3963.000
4.092,4.098,4.087,4.087,4.089,4.094,4.094,4.407,4.404,4.406,4.409,4.412,4.407,4.411,-58.822,3964.000
4.092,4.092,4.093,4.096,4.093,4.095,4.093,4.408,4.412,4.409,4.403,4.408,4.411,4.410,-58.994,3965.000
4.093,4.089,4.095,4.091,4.089,4.089,4.096,4.407,4.406,4.401,4.407,4.406,4.412,4.413,-59.167,3966.000
4.090,4.102,4.093,4.094,4.091,4.092,4.096,4.416,4.412,4.410,4.407,4.411,4.404,4.404,-59.002,3967.000
4.089,4.095,4.094,4.094,4.090,4.095,4.089,4.404,4.404,4.405,4.413,4.408,4.413,4.409,-58.849,3968.000
4.096,4.089,4.095,4.090,4.093,4.085,4.092,4.406,4.408,4.407,4.404,4.399,4.409,4.408,-58.912,3969.000
4.089,4.085,4.091,4.093,4.090,4.087,4.091,4.407,4.403,4.410,4.409,4.405,4.409,4.412,-58.986,3970.000
4.097,4.090,4.088,4.093,4.094,4.089,4.094,4.411,4.401,4.406,4.407,4.409,4.405,4.403,-59.131,3971.000
4.093,4.089,4.081,4.096,4.089,4.084,4.092,4.400,4.400,4.408,4.404,4.398,4.402,4.405,-59.300,3972.000
4.088,4.091,4.089,4.092,4.091,4.093,4.092,4.408,4.404,4.409,4.412,4.407,4.407,4.403,-59.132,3973.000
4.090,4.088,4.098,4.087,4.089,4.092,4.097,4.411,4.407,4.408,4.405,4.405,4.404,4.409,-59.135,3974.000
4.089,4.091,4.097,4.097,4.093,4.091,4.091,4.408,4.410,4.411,4.402,4.405,4.405,4.407,-59.107,3975.000
4.093,4.092,4.094,4.091,4.097,4.096,4.092,4.414,4.412,4.400,4.409,4.410,4.413,4.410,-59.383,3976.000
4.096,4.100,4.096,4.093,4.092,4.101,4.096,4.411,4.400,4.401,4.407,4.411,4.408,4.409,-59.498,3977.000
4.093,4.097,4.092,4.093,4.097,4.094,4.099,4.411,4.410,4.408,4.404,4.413,4.414,4.409,-59.341,3978.000
4.097,4.095,4.099,4.098,4.097,4.102,4.101,4.415,4.416,4.417,4.415,4.411,4.412,4.415,-59.678,3979.000
4.103,4.098,4.094,4.095,4.096,4.098,4.096,4.412,4.413,4.411,4.413,4.412,4.416,4.416,-59.548,3980.000
4.102,4.097,4.099,4.098,4.100,4.101,4.093,4.417,4.406,4.417,4.411,4.409,4.412,4.408,-59.451,3981.000
4.096,4.094,4.093,4.092,4.101,4.095,4.098,4.414,4.406,4.412,4.413,4.414,4.405,4.411,-59.352,3982.000
4.099,4.101,4.099,4.098,4.099,4.093,4.100,4.409,4.410,4.407,4.414,4.417,4.412,4.415,-59.176,3983.000
4.095,4.093,4.094,4.095,4.094,4.098,4.101,4.408,4.408,4.411,4.414,4.415,4.405,4.406,-59.342,3984.000
4.097,4.100,4.103,4.102,4.101,4.096,4.106,4.406,4.409,4.414,4.412,4.417,4.408,4.410,-59.285,3985.000
4.095,4.098,4.096,4.097,4.095,4.103,4.095,4.410,4.410,4.411,4.415,4.409,4.409,4.410,-59.100,3986.000
4.093,4.098,4.089,4.096,4.098,4.095,4.099,4.409,4.405,4.406,4.411,4.411,4.409,4.408,-59.068,3987.000
4.098,4.101,4.098,4.095,4.102,4.095,4.097,4.410,4.411,4.403,4.402,4.405,4.409,4.408,-59.128,3988.000
4.101,4.098,4.095,4.094,4.092,4.097,4.100,4.407,4.406,4.412,4.403,4.403,4.407,4.410,-59.085,3989.000
4.092,4.096,4.095,4.095,4.092,4.091,4.100,4.409,4.405,4.404,4.402,4.411,4.406,4.407,-59.273,3990.000
4.096,4.096,4.095,4.095,4.095,4.092,4.097,4.411,4.410,4.406,4.405,4.414,4.407,4.407,-59.558,3991.000
4.093,4.093,4.090,4.096,4.089,4.096,4.092,4.408,4.402,4.406,4.401,4.406,4.406,4.401,-59.480,3992.000
4.093,4.094,4.091,4.094,4.091,4.095,4.094,4.407,4.405,4.401,4.406,4.409,4.407,4.399,-59.529,3993.000
4.095,4.092,4.095,4.092,4.095,4.096,4.093,4.409,4.402,4.400,4.405,4.405,4.409,4.405,-59.733,3994.000
4.097,4.089,4.100,4.094,4.093,4.091,4.098,4.409,4.408,4.403,4.409,4.411,4.411,4.404,-59.423,3995.000
4.094,4.099,4.096,4.094,4.100,4.086,4.097,4.404,4.412,4.404,4.410,4.414,4.410,4.403,-59.350,3996.000
4.091,4.097,4.096,4.088,4.092,4.096,4.093,4.409,4.406,4.408,4.408,4.405,4.404,4.406,-59.398,3997.000
4.087,4.097,4.092,4.089,4.092,4.092,4.094,4.408,4.410,4.406,4.408,4.412,4.410,4.405,-59.380,3998.000
4.089,4.094,4.088,4.101,4.096,4.094,4.094,4.406,4.406,4.407,4.404,4.407,4.410,4.405,-59.127,3999.000
4.092,4.090,4.092,4.091,4.098,4.094,4.099,4.404,4.401,4.401,4.406,4.404,4.405,4.407,-58.995,4000.000
4.093,4.097,4.095,4.097,4.091,4.101,4.095,4.412,4.410,4.405,4.405,4.405,4.407,4.408,-58.941,4001.000
4.092,4.090,4.092,4.090,4.098,4.091,4.093,4.408,4.411,4.404,4.404,4.404,4.404,4.407,-58.974,4002.000
4.092,4.094,4.093,4.090,4.095,4.086,4.088,4.408,4.402,4.404,4.404,4.405,4.405,4.407,-58.954,4003.000
4.094,4.089,4.092,4.090,4.094,4.091,4.093,4.407,4.410,4.411,4.411,4.411,4.406,4.415,-59.102,4004.000
4.093,4.087,4.091,4.087,4.086,4.088,4.089,4.407,4.403,4.406,4.411,4.407,4.398,4.405,-58.968,4005.000
4.089,4.090,4.093,4.089,4.092,4.099,4.092,4.409,4.406,4.400,4.407,4.409,4.414,4.407,-58.950,4006.000
4.093,4.089,4.091,4.094,4.087,4.090,4.093,4.407,4.407,4.404,4.404,4.406,4.407,4.404,-59.004,4007.000
4.090,4.096,4.093,4.099,4.090,4.093,4.097,4.406,4.405,4.406,4.406,4.400,4.404,4.402,-59.306,4008.000
4.093,4.090,4.096,4.088,4.090,4.085,4.097,4.403,4.405,4.401,4.399,4.401,4.405,4.406,-58.970,4009.000
4.084,4.090,4.087,4.088,4.088,4.087,4.094,4.403,4.406,4.404,4.399,4.398,4.396,4.399,-58.921,4010.000
4.087,4.091,4.089,4.087,4.093,4.088,4.093,4.401,4.400,4.401,4.408,4.403,4.407,4.402,-58.966,4011.000
4.092,4.092,4.089,4.086,4.087,4.096,4.090,4.400,4.403,4.396,4.400,4.405,4.404,4.403,-58.894,4012.000
4.089,4.092,4.091,4.087,4.087,4.089,4.087,4.396,4.411,4.399,4.400,4.402,4.410,4.401,-58.965,4013.000
4.090,4.094,4.091,4.090,4.097,4.092,4.097,4.407,4.406,4.405,4.407,4.407,4.408,4.405,-58.775,4014.000
